order_id,customer_id,order_status,order_purchase_timestamp,order_approved_at,order_delivered_carrier_date,order_delivered_customer_date,order_estimated_delivery_date,customer_unique_id,order_purchase_date
e481f51cbdc54678b7cc49136f2d6af7,9ef432eb6251297304e76186b10a928d,delivered,2017-10-02 10:56:33,2017-10-02 11:07:15,2017-10-04 19:55:00,2017-10-10 21:25:13,2017-10-18,7c396fd4830fd04220f754e42b4e5bff,2017-10-02
53cdb2fc8bc7dce0b6741e2150273451,b0830fb4747a6c6d20dea0b8c802d7ef,delivered,2018-07-24 20:41:37,2018-07-26 03:24:27,2018-07-26 14:31:00,2018-08-07 15:27:45,2018-08-13,af07308b275d755c9edb36a90c618231,2018-07-24
47770eb9100c2d0c44946d9cf07ec65d,41ce2a54c0b03bf3443c3d931a367089,delivered,2018-08-08 08:38:49,2018-08-08 08:55:23,2018-08-08 13:50:00,2018-08-17 18:06:29,2018-09-04,3a653a41f6f9fc3d2a113cf8398680e8,2018-08-08
949d5b44dbf5de918fe9c16f97b45f8a,f88197465ea7920adcdbec7375364d82,delivered,2017-11-18 19:28:06,2017-11-18 19:45:59,2017-11-22 13:39:59,2017-12-02 00:28:42,2017-12-15,7c142cf63193a1473d2e66489a9ae977,2017-11-18
ad21c59c0840e6cb83a9ceb5573f8159,8ab97904e6daea8866dbdbc4fb7aad2c,delivered,2018-02-13 21:18:39,2018-02-13 22:20:29,2018-02-14 19:46:34,2018-02-16 18:17:02,2018-02-26,72632f0f9dd73dfee390c9b22eb56dd6,2018-02-13
a4591c265e18cb1dcee52889e2d8acc3,503740e9ca751ccdda7ba28e9ab8f608,delivered,2017-07-09 21:57:05,2017-07-09 22:10:13,2017-07-11 14:58:04,2017-07-26 10:57:55,2017-08-01,80bb27c7c16e8f973207a5086ab329e2,2017-07-09
136cce7faa42fdb2cefd53fdc79a6098,ed0271e0b7da060a393796590e7b737a,invoiced,2017-04-11 12:22:08,2017-04-13 13:25:17,,,2017-05-09,36edbb3fb164b1f16485364b6fb04c73,2017-04-11
6514b8ad8028c9f2cc2374ded245783f,9bdf08b4b3b52b5526ff42d37d47f222,delivered,2017-05-16 13:10:30,2017-05-16 13:22:11,2017-05-22 10:07:46,2017-05-26 12:55:51,2017-06-07,932afa1e708222e5821dac9cd5db4cae,2017-05-16
76c6e866289321a7c93b82b54852dc33,f54a9f0e6b351c431402b8461ea51999,delivered,2017-01-23 18:29:09,2017-01-25 02:50:47,2017-01-26 14:16:31,2017-02-02 14:08:10,2017-03-06,39382392765b6dc74812866ee5ee92a7,2017-01-23
e69bfb5eb88e0ed6a785585b27e16dbf,31ad1d1b63eb9962463f764d4e6e0c9d,delivered,2017-07-29 11:55:02,2017-07-29 12:05:32,2017-08-10 19:45:24,2017-08-16 17:14:30,2017-08-23,299905e3934e9e181bfb2e164dd4b4f8,2017-07-29
e6ce16cb79ec1d90b1da9085a6118aeb,494dded5b201313c64ed7f100595b95c,delivered,2017-05-16 19:41:10,2017-05-16 19:50:18,2017-05-18 11:40:40,2017-05-29 11:18:31,2017-06-07,f2a85dec752b8517b5e58a06ff3cd937,2017-05-16
34513ce0c4fab462a55830c0989c7edb,7711cf624183d843aafe81855097bc37,delivered,2017-07-13 19:58:11,2017-07-13 20:10:08,2017-07-14 18:43:29,2017-07-19 14:04:48,2017-08-08,782987b81c92239d922aa49d6bd4200b,2017-07-13
82566a660a982b15fb86e904c8d32918,d3e3b74c766bc6214e0c830b17ee2341,delivered,2018-06-07 10:06:19,2018-06-09 03:13:12,2018-06-11 13:29:00,2018-06-19 12:05:52,2018-07-18,e97109680b052ee858d93a539597bba7,2018-06-07
5ff96c15d0b717ac6ad1f3d77225a350,19402a48fe860416adf93348aba37740,delivered,2018-07-25 17:44:10,2018-07-25 17:55:14,2018-07-26 13:16:00,2018-07-30 15:52:25,2018-08-08,e2dfa3127fedbbca9707b36304996dab,2018-07-25
432aaf21d85167c2c86ec9448c4e42cc,3df704f53d3f1d4818840b34ec672a9f,delivered,2018-03-01 14:14:28,2018-03-01 15:10:47,2018-03-02 21:09:20,2018-03-12 23:36:26,2018-03-21,04cf8185c71090d28baa4407b2e6d600,2018-03-01
dcb36b511fcac050b97cd5c05de84dc3,3b6828a50ffe546942b7a473d70ac0fc,delivered,2018-06-07 19:03:12,2018-06-12 23:31:02,2018-06-11 14:54:00,2018-06-21 15:34:32,2018-07-04,ccafc1c3f270410521c3c6f3b249870f,2018-06-07
403b97836b0c04a622354cf531062e5f,738b086814c6fcc74b8cc583f8516ee3,delivered,2018-01-02 19:00:43,2018-01-02 19:09:04,2018-01-03 18:19:09,2018-01-20 01:38:59,2018-02-06,6e26bbeaa107ec34112c64e1ee31c0f5,2018-01-02
116f0b09343b49556bbad5f35bee0cdf,3187789bec990987628d7a9beb4dd6ac,delivered,2017-12-26 23:41:31,2017-12-26 23:50:22,2017-12-28 18:33:05,2018-01-08 22:36:36,2018-01-29,6087cfc70fd833cf2db637a5e6e9d76b,2017-12-26
85ce859fd6dc634de8d2f1e290444043,059f7fc5719c7da6cbafe370971a8d70,delivered,2017-11-21 00:03:41,2017-11-21 00:14:22,2017-11-23 21:32:26,2017-11-27 18:28:00,2017-12-11,d0ff1a7468fcc46b8fc658ab35d2a12c,2017-11-21
83018ec114eee8641c97e08f7b4e926f,7f8c8b9c2ae27bf3300f670c3d478be8,delivered,2017-10-26 15:54:26,2017-10-26 16:08:14,2017-10-26 21:46:53,2017-11-08 22:22:00,2017-11-23,634f09f6075fe9032e6c19609ffe995a,2017-10-26
203096f03d82e0dffbc41ebc2e2bcfb7,d2b091571da224a1b36412c18bc3bbfe,delivered,2017-09-18 14:31:30,2017-09-19 04:04:09,2017-10-06 17:50:03,2017-10-09 22:23:46,2017-09-28,d699688533772c15a061e8ce81cb56df,2017-09-18
f848643eec1d69395095eb3840d2051e,4fa1cd166fa598be6de80fa84eaade43,delivered,2018-03-15 08:52:40,2018-03-15 09:09:31,2018-03-15 19:52:48,2018-03-19 18:08:32,2018-03-29,68954feaafe4dd638f3bd3e2afa174ec,2018-03-15
2807d0e504d6d4894d41672727bc139f,72ae281627a6102d9b3718528b420f8a,delivered,2018-02-03 20:37:35,2018-02-03 20:50:22,2018-02-05 22:37:28,2018-02-08 16:13:46,2018-02-21,b8df986511d928829c3192c2ed081eba,2018-02-03
95266dbfb7e20354baba07964dac78d5,a166da34890074091a942054b36e4265,delivered,2018-01-08 07:55:29,2018-01-08 08:07:31,2018-01-24 23:16:37,2018-01-26 17:32:38,2018-02-21,451e48381edab7f1f6dbfa6d728616ff,2018-01-08
f3e7c359154d965827355f39d6b1fdac,62b423aab58096ca514ba6aa06be2f98,delivered,2018-08-09 11:44:40,2018-08-10 03:24:51,2018-08-10 12:29:00,2018-08-13 18:24:27,2018-08-17,9c9242ad7f1b52d926ea76778e1c0c57,2018-08-09
fbf9ac61453ac646ce8ad9783d7d0af6,3a874b4d4c4b6543206ff5d89287f0c3,delivered,2018-02-20 23:46:53,2018-02-22 02:30:46,2018-02-26 22:25:22,2018-03-21 22:03:54,2018-03-12,a25d5f94840d3c6a1a49f271ed83f4ec,2018-02-20
acce194856392f074dbf9dada14d8d82,7e20bf5ca92da68200643bda76c504c6,delivered,2018-06-04 00:00:13,2018-06-05 00:35:10,2018-06-05 13:24:00,2018-06-16 15:20:55,2018-07-18,576ea0cab426cd8a00fad9a9c90a4494,2018-06-04
dd78f560c270f1909639c11b925620ea,8b212b9525f9e74e85e37ed6df37693e,delivered,2018-03-12 01:50:26,2018-03-12 03:28:34,2018-03-12 21:06:37,2018-03-21 14:41:50,2018-03-28,f4a7ef6bd931f83d75d83b71c94e90df,2018-03-12
91b2a010e1e45e6ba3d133fa997597be,cce89a605105b148387c52e286ac8335,delivered,2018-05-02 11:45:38,2018-05-03 12:55:01,2018-05-10 16:16:00,2018-05-16 20:56:24,2018-05-23,bd13608b9c6033892ce62269b50a0afc,2018-05-02
ecab90c9933c58908d3d6add7c6f5ae3,761df82feda9778854c6dafdaeb567e4,delivered,2018-02-25 13:50:30,2018-02-25 14:47:35,2018-02-26 22:28:50,2018-03-27 23:29:14,2018-04-13,1428917cd397d4f9ac0fde76dd6f2266,2018-02-25
f70a0aff17df5a6cdd9a7196128bd354,456dc10730fbdba34615447ea195d643,delivered,2017-08-10 11:58:33,2017-08-12 02:45:24,2017-08-17 15:35:07,2017-08-18 14:28:02,2017-08-23,1974875b4a1d2e2ee6d586e3ba4d7602,2017-08-10
1790eea0b567cf50911c057cf20f90f9,52142aa69d8d0e1247ab0cada0f76023,delivered,2018-04-16 21:15:39,2018-04-16 22:10:26,2018-04-18 13:05:09,2018-05-05 12:28:34,2018-05-15,a6fefcd9f434474cf6fcd8ed1102fd63,2018-04-16
989225ba6d0ebd5873335f7e01de2ae7,816f8653d5361cbf94e58c33f2502a5c,delivered,2017-12-12 13:56:04,2017-12-14 13:54:13,2017-12-16 00:18:57,2018-01-03 18:03:36,2018-01-08,37363700139c1aef873bbcd916e57dfd,2017-12-12
d887b52c6516beb39e8cd44a5f8b60f7,d9ef95f98d8da3b492bb8c0447910498,delivered,2018-02-03 12:38:58,2018-02-03 12:50:30,2018-02-05 21:26:53,2018-02-22 00:07:55,2018-03-07,a2649503b92028291f011a976619b322,2018-02-03
b276e4f8c0fb86bd82fce576f21713e0,cf8ffeddf027932e51e4eae73b384059,delivered,2018-07-29 23:34:51,2018-07-29 23:45:15,2018-07-30 14:43:00,2018-07-31 22:48:50,2018-08-06,6cbe8a392b76916e84c2faf69d0d0da0,2018-07-29
8563039e855156e48fccee4d611a3196,5f16605299d698660e0606f7eae2d2f9,delivered,2018-02-17 15:59:46,2018-02-17 16:15:34,2018-02-20 23:03:56,2018-03-20 00:59:25,2018-03-20,92fd8aa5948e20c43a014c44c025c5e1,2018-02-17
60550084e6b4c0cb89a87df1f3e5ebd9,f5458ddc3545711efa883dd7ae7c4497,delivered,2018-02-21 18:15:12,2018-02-23 02:10:52,2018-02-27 18:52:09,2018-03-13 23:58:43,2018-03-29,661a5e18a28b34880ccc60112f2b8e8e,2018-02-21
5acce57f8d9dfd55fa48e212a641a69d,295ae9b35379e077273387ff64354b6f,delivered,2017-07-31 21:37:10,2017-08-02 02:56:02,2017-08-03 18:32:48,2017-08-08 21:24:41,2017-08-22,f1f4f45c8602d0db1329eed1c8e935d4,2017-07-31
434d158e96bdd6972ad6e6d73ddcfd22,2a1dfb647f32f4390e7b857c67458536,delivered,2018-06-01 12:23:13,2018-06-05 03:35:15,2018-06-08 11:49:00,2018-06-18 21:32:52,2018-07-17,5f7d7732b351ce851a158528581af05f,2018-06-01
7206b86ea789983f7a273ea7fa0bc2a8,3391c4bc11a817e7973e498b0b023158,delivered,2018-03-26 17:12:18,2018-03-26 17:28:27,2018-03-28 17:22:53,2018-04-05 22:11:18,2018-04-12,1b542f810484d8c042aed33a7c61a218,2018-03-26
1e7aff52cdbb2451ace09d0f848c3699,ddaff536587109b89777e0353215e150,delivered,2017-05-19 18:53:40,2017-05-19 19:05:17,2017-05-22 10:16:07,2017-05-31 13:58:46,2017-06-12,c796780c7daeab9e94cc052b1f103b21,2017-05-19
6ea2f835b4556291ffdc53fa0b3b95e8,c7340080e394356141681bd4c9b8fe31,delivered,2017-11-24 21:27:48,2017-11-25 00:21:09,2017-12-13 21:14:05,2017-12-28 18:59:23,2017-12-21,3e4fd73f1e86b135b9b121d6abbe9597,2017-11-24
948097deef559c742e7ce321e5e58919,8644be24d48806bc3a88fd59fb47ceb1,delivered,2017-08-04 17:10:39,2017-08-04 17:25:11,2017-08-07 17:52:01,2017-08-12 14:08:40,2017-09-01,4ca5f90433afb5493247f0bafb583483,2017-08-04
d22e9fa5731b9e30e8b27afcdc2f8563,756fb9391752dad934e0fe3733378e57,delivered,2018-08-04 23:25:30,2018-08-04 23:35:13,2018-08-06 15:03:00,2018-08-13 23:34:42,2018-09-13,394b2ce444baae9ae609f5d32000de0f,2018-08-04
ee64d42b8cf066f35eac1cf57de1aa85,caded193e8e47b8362864762a83db3c5,shipped,2018-06-04 16:44:48,2018-06-05 04:31:18,2018-06-05 14:32:00,,2018-06-28,08fb46d35bb3ab4037202c23592d1259,2018-06-04
6ebaec694d7025e2ad4a05dba887c032,4f28355e5c17a4a42d3ce2439a1d4501,delivered,2017-05-18 13:55:47,2017-05-18 14:05:17,2017-05-19 12:01:38,2017-05-29 12:47:20,2017-06-09,4acce2834231e13b1514915adda5ec2b,2017-05-18
d17dc4a904426827ca80f2ccb3a6be56,569cf68214806a39acc0f39344aea67f,delivered,2017-05-14 20:28:25,2017-05-14 20:42:45,2017-05-16 08:17:46,2017-05-25 09:14:31,2017-06-12,c2551ea089b7ebbc67a2ea8757152514,2017-05-14
25f4376934e13d3508486352e11a5db0,12fd2740039676063a874b9567dfa651,delivered,2018-05-17 16:59:11,2018-05-18 01:17:39,2018-05-18 13:02:00,2018-05-21 15:22:11,2018-05-25,372e0fc66eacb8698e4f9997d366d961,2018-05-17
5820a1100976432c7968a52da59e9364,2b56e94c2f66f2d97cfa63356f69cee8,delivered,2018-07-29 11:24:17,2018-07-29 11:44:19,2018-07-30 13:47:00,2018-08-02 22:09:11,2018-08-13,cc1a30280651daf2d918ed7868575771,2018-07-29
2ce1ad82022c1ba30c2079502ac725aa,7f2178c5d771e17f507d3c1637339298,delivered,2017-08-09 20:19:05,2017-08-11 04:15:29,2017-08-11 17:52:32,2017-08-16 17:16:44,2017-08-31,12e7a2c201751ddc979e7a45cef500f3,2017-08-09
138849fd84dff2fb4ca70a0a34c4aa1c,9b18f3fc296990b97854e351334a32f6,delivered,2018-02-01 14:02:19,2018-02-03 02:53:07,2018-02-06 19:13:26,2018-02-14 13:41:59,2018-02-23,b2cac0b16835dabf811b204127f58afa,2018-02-01
47aa4816b27ba60ec948cd019cc1afc1,148348ff65384b4249b762579532e248,delivered,2018-06-26 13:42:52,2018-06-27 08:35:32,2018-06-27 13:20:00,2018-07-03 18:37:46,2018-07-20,db979bdfe0bbba29ecd3df3f6c50bea2,2018-06-26
9faeb9b2746b9d7526aef5acb08e2aa0,79183cd650e2bb0d475b0067d45946ac,delivered,2018-07-26 14:39:59,2018-07-26 14:55:10,2018-07-27 12:04:00,2018-07-31 22:26:55,2018-08-16,c77154776ead8e798c2d684205938f71,2018-07-26
641fb0752bf5b5940c376b3a8bb9dc52,f5afca14dfa9dc64251cf2b45c54c363,delivered,2017-12-15 00:06:10,2017-12-15 00:14:55,2017-12-19 01:58:00,2018-01-03 15:09:32,2018-01-16,38cad70d154a4dcc42b598d5c01f7ef1,2017-12-15
e425680f760cbc130be3e53a9773c584,f178c1827f67a8467b0385b7378d951a,delivered,2017-08-31 08:15:24,2017-08-31 08:30:17,2017-08-31 20:06:14,2017-09-04 20:59:55,2017-09-20,9d9ab3b77f0416765b3fbedf94a942a4,2017-08-31
40c5e18f7d112b59b3e5113a59a905b3,67407057a7d5ee17d1cd09523f484d13,delivered,2018-06-11 10:25:52,2018-06-11 10:58:32,2018-06-14 13:03:00,2018-06-19 00:31:13,2018-07-16,7cfba6e55439cae3fd2479d62fafe67f,2018-06-11
734e7d1bbaeb2ff82521ca0fe6fb6f79,2932d241d1f31e6df6c701d52370ae02,delivered,2018-06-11 08:18:19,2018-06-11 08:31:50,2018-06-11 14:54:00,2018-06-14 21:32:21,2018-07-05,f7603d34c795584792a484186233e6e5,2018-06-11
66e4624ae69e7dc89bd50222b59f581f,684fa6da5134b9e4dab731e00011712d,delivered,2018-03-09 14:50:15,2018-03-09 15:40:39,2018-03-15 00:31:19,2018-04-03 13:28:46,2018-04-02,ddf60e20e6e262e2136801ce5cd628b0,2018-03-09
a685d016c8a26f71a0bb67821070e398,911e4c37f5cafe1604fe6767034bf1ae,delivered,2017-03-13 18:14:36,2017-03-13 18:14:36,2017-03-22 14:03:09,2017-04-06 13:37:16,2017-03-30,51838d41add414a0b1b989b7d251d9ee,2017-03-13
2edfd6d1f0b4cd0db4bf37b1b224d855,241e78de29b3090cfa1b5d73a8130c72,delivered,2017-06-13 21:11:26,2017-06-15 03:05:45,2017-06-16 14:55:37,2017-06-19 18:51:28,2017-07-06,c63e44efa43f3947087aee96b388d949,2017-06-13
68873cf91053cd11e6b49a766db5af1a,4632eb5a8f175f6fe020520ae0c678f3,delivered,2017-11-30 22:02:15,2017-12-02 02:51:18,2017-12-04 22:07:01,2017-12-05 20:28:40,2017-12-18,6da92ae920ab16fc4eceb8fcd7bd43ce,2017-11-30
f346ad4ee8f630e5e4ddaf862a34e6dd,dd5095632e3953fc0947b8ab5176b0be,delivered,2018-08-05 13:09:48,2018-08-05 13:24:34,2018-08-06 13:41:00,2018-08-10 18:35:40,2018-08-15,da45a9a1df408c39f013b9b0b505042c,2018-08-05
8f06cc6465925031568537b815f1198d,9916715c2ab6ee1710c9c32f0a534ad2,delivered,2017-11-15 11:31:41,2017-11-15 11:46:42,2017-11-16 22:03:00,2017-11-22 22:41:07,2017-12-05,bf0303939d54b8df5da4762bbaab1955,2017-11-15
ccbabeb0b02433bd0fcbac46e70339f2,c77ee2d8ba1614a4d489a44166894938,delivered,2018-02-19 20:31:09,2018-02-21 06:15:25,2018-02-22 21:04:23,2018-03-09 22:22:25,2018-03-13,9c9cef121cb812cb301babddc2d8331e,2018-02-19
688052146432ef8253587b930b01a06d,81e08b08e5ed4472008030d70327c71f,delivered,2018-04-22 08:48:13,2018-04-24 18:25:22,2018-04-23 19:19:14,2018-04-24 19:31:58,2018-05-15,0e764fc1a13e47e900c3d59a989753e8,2018-04-22
f271576bed568e896f99eb710cd3a6f8,5dda11942d4f77bee3a46d71e442aec4,delivered,2018-01-07 21:44:54,2018-01-07 21:51:28,2018-01-10 21:56:09,2018-01-17 20:26:31,2018-02-14,6a0e43f0d7e1b5539e4c58a26ebe35da,2018-01-07
686541986ecfb7d9296eb67719973bf0,74805bc388861fa350ed2fade8444e0b,delivered,2018-02-10 13:26:59,2018-02-10 13:35:31,2018-02-14 20:47:38,2018-02-20 22:13:08,2018-03-12,5d710d9a48ebb7fe5ffc2940ff29f346,2018-02-10
68e48e68da1f50f7c5838ea75e3a20dd,4afc1dcca5fe8926fc97d60a4497f8ab,delivered,2018-06-18 16:02:23,2018-06-18 17:00:57,2018-06-19 15:55:00,2018-06-22 21:18:51,2018-07-13,a464f750556546a0989d9326ec003ccf,2018-06-18
b52cc4919de82b4d696a4380d10804a3,be8c14c16a4d47194ccdfe10f1fc5b1a,delivered,2018-06-13 13:47:39,2018-06-15 02:37:29,2018-06-15 14:22:00,2018-06-18 22:32:44,2018-06-26,c86a25b8f5f6c203bb3471553bdc3200,2018-06-13
fdf128b3630c21adc9ca4fb8a51b68ec,a9d37ddc8ba4d9f6dbac7d8ec378cc95,delivered,2018-07-15 08:33:19,2018-07-16 14:31:10,2018-07-17 15:33:00,2018-07-24 16:41:18,2018-08-02,3c0402bcc3ec3b33fc4430eb6c08720a,2018-07-15
a6aeb116d2cb5013eb8a94585b71ffef,bb2f5e670f7155dc622c57e4b31d0a69,delivered,2017-09-13 14:27:11,2017-09-13 14:44:39,2017-09-15 18:42:29,2017-09-16 15:40:08,2017-09-25,31b8fa2573bde01af4737e8ed29c348b,2017-09-13
fa516182d28f96f5f5c651026b0749ee,55e6b290205c84ddd23ddf5eb134efd4,delivered,2018-04-13 08:44:17,2018-04-13 13:30:02,2018-04-13 22:19:21,2018-04-19 20:41:45,2018-05-08,7f2eb9cf900070f2e7a7f0e95719f85b,2018-04-13
6abaad69b8b349c3a529b4b91ce18e46,f5618502bee8eafdee72fb6955e2ebdf,delivered,2018-02-15 10:33:30,2018-02-15 10:47:59,2018-02-20 14:15:09,2018-02-24 19:15:56,2018-03-07,fa0ee7ceb94193fb02aa78ce3a55695a,2018-02-15
974c1993ab8024d3ed16229183c2308d,a90391a47de936d56c66a5366cba1462,delivered,2017-02-20 11:45:39,2017-02-22 03:10:20,2017-02-23 06:47:35,2017-03-09 14:27:58,2017-03-21,32de2a7a93dbfc527b3f584744b9c6ce,2017-02-20
82bce245b1c9148f8d19a55b9ff70644,388025bec8128ff20ec1a316ed4dcf02,delivered,2017-04-20 17:15:46,2017-04-21 05:15:56,2017-04-24 09:34:13,2017-05-10 09:17:55,2017-05-12,f9effeed3df9ae063a58c0759b96f8b2,2017-04-20
a910f58086d58b3ae6f37aa712d377b9,afb19a4b667cb708caab312757ec3d3f,delivered,2017-09-15 09:19:48,2017-09-15 09:35:18,2017-09-18 18:20:00,2017-09-25 20:14:48,2017-10-11,a7e7b19ff34ab885f7b7331de2417cf3,2017-09-15
bd4bd0194d6d29f83b8557d4b89b572a,636e15840ab051faa13d3f781b6e4233,delivered,2018-07-28 16:52:55,2018-07-31 03:50:24,2018-08-01 16:01:00,2018-08-06 18:44:46,2018-08-08,65e5aaf9f721945f29cdba45c206cb83,2018-07-28
634e8f4c0f6744a626f77f39770ac6aa,05e996469a2bf9559c7122b87e156724,delivered,2017-08-09 18:32:47,2017-08-09 18:45:18,2017-08-10 20:21:53,2017-08-16 18:17:54,2017-08-31,5229b8e4d7d2b9b676c2083c17b1ecd0,2017-08-09
6d25592267349b322799e2beb687871e,5bb39c890c91b1d26801aa19a9336eac,delivered,2018-08-26 22:04:34,2018-08-28 04:10:18,2018-08-28 12:56:00,2018-08-29 12:40:53,2018-08-30,a71cac9f356cfeb9db35061020806212,2018-08-26
b8801cccd8068de30112e4f49903d74a,f26a435864aebedff7f7c84f82ee229f,delivered,2017-07-30 03:06:35,2017-07-30 03:25:08,2017-07-31 16:42:54,2017-08-01 14:27:31,2017-08-16,bb4d84a2b45b22ed710ac8c0dec63d1a,2017-07-30
2711a938db643b3f0b62ee2c8a2784aa,29cb486c739f9774c8eb542e07b56cd2,delivered,2017-12-22 00:17:37,2017-12-23 02:15:31,2017-12-27 19:54:46,2018-01-09 19:52:32,2018-01-19,2ae3c67452283d5a0d30b32e0d33296e,2017-12-22
3bc77ce8be27211bac313c2daa402d1a,bf141bf67fbe428d558bcf0e018eab60,delivered,2017-04-06 22:39:29,2017-04-06 22:50:24,2017-04-07 14:54:18,2017-04-11 12:31:36,2017-04-27,c756e1910755edd88c00ac3f46baba4b,2017-04-06
10c320f977c6a18f91b2d14be13128c6,b673f0597cb0c4d12778f731045f361a,delivered,2017-05-09 20:48:59,2017-05-09 21:02:45,2017-05-10 11:22:15,2017-05-18 13:22:35,2017-06-01,04e495a3f45df8b41be2e934bbc16961,2017-05-09
0a4a2fccb27bd83a892fa503987a595b,6772a0a230a2667d16c3620f000e1348,delivered,2017-04-20 20:42:44,2017-04-20 20:55:09,2017-04-25 08:23:08,2017-05-11 13:07:46,2017-05-25,c7a9a76a4b24a7e7b2caff982409b7ee,2017-04-20
e4de6d53ecff736bc68804b0b6e9f635,9f6618c17568ac301465fe7ad056c674,delivered,2017-10-16 14:56:50,2017-10-17 03:49:34,2017-10-27 22:14:21,2017-11-08 21:25:24,2017-11-21,e3bcfea9bab07b492391664fc1ffc28a,2017-10-16
6b860b35691d486e45dc98e3514ec5f6,fee181bf648906d1c57f84f216976286,delivered,2017-12-08 09:42:43,2017-12-09 02:49:54,2017-12-11 15:19:04,2017-12-19 18:43:35,2018-01-03,4754e3b66497719a91b36268ed9c5718,2017-12-08
ec341c54a5ebf8ee0a67a8632aa7579b,df9b032b2ad0fd6bf37dfb48e5f83845,delivered,2017-08-26 16:53:30,2017-08-27 17:04:12,2017-08-30 13:26:32,2017-09-08 20:39:56,2017-09-21,410979f3cfd34e467d4fad78bd0f0219,2017-08-26
cadbb3657dac2dbbd5b84b12e7b78aad,93ada7a24817edda9f4ab998fa823d16,delivered,2018-02-27 12:55:42,2018-03-01 02:48:54,2018-03-03 02:27:03,2018-03-16 14:59:01,2018-03-29,cd148470c375939669971e8a032b16b4,2018-02-27
9defaf92cff22420e4e8ef7784815a55,64fb950e760ec8b0db79154a1fa9c1bf,delivered,2018-05-11 13:10:51,2018-05-11 13:36:50,2018-05-16 14:43:00,2018-05-21 16:09:55,2018-06-05,b11b7871c2b8be2d11fab954f58542f2,2018-05-11
20e0101b20700188cadb288126949685,48558a50a7ba1aab61891936d2ca7681,delivered,2018-01-22 19:22:22,2018-01-22 19:36:35,2018-01-24 23:32:21,2018-02-15 20:08:15,2018-02-19,42f80af2e6c585667e4eb416859ae153,2018-01-22
0e782c3705510e717d28907746cbda82,3a897024068ed42a183de61d5727d866,delivered,2018-05-01 08:12:37,2018-05-01 08:52:58,2018-05-02 19:01:00,2018-05-04 14:02:26,2018-05-16,adeefbe14d26d3bf90facfeaae35d605,2018-05-01
d3d6788577c9592da441752e8a1dd5e3,8628fac2267e8c8804525da99c10ed0e,delivered,2017-09-19 22:17:15,2017-09-20 07:55:14,2017-09-22 17:23:09,2017-10-10 18:43:53,2017-10-13,7973a6ba9c81ecaeb3d628c33c7c7c48,2017-09-19
86f21bf63784876b9fd6d35f46581d72,332df68ccac2f2f7d9e11299188f8bce,delivered,2018-04-11 22:32:31,2018-04-11 22:49:32,2018-04-14 00:02:39,2018-04-27 23:14:42,2018-05-21,bb7ef994cc22b1fc694ac59fb377b824,2018-04-11
8447ff843b2616c50c0ced28ab1dae03,e28dd4261bed9c7ba89ecaf411b88f7c,delivered,2017-12-20 23:45:07,2017-12-22 02:37:45,2017-12-23 13:10:45,2018-01-09 18:14:02,2018-01-22,b6aa1d5781553afaa244c3e42246d93c,2017-12-20
f169bd689fb8b32ccd62df9050aebc0b,82f0b75bb50fcb30711e5277e36b3983,delivered,2018-04-22 23:23:18,2018-04-24 19:24:14,2018-04-27 13:46:00,2018-04-30 17:57:25,2018-05-07,4a8c8f751984985cd49f74249da95aae,2018-04-22
77e9941864fc840be8e4b1ba5347c0f7,3135962ee745ef39b85576df7ddbaa99,delivered,2018-08-03 08:59:39,2018-08-03 09:31:36,2018-08-03 10:10:00,2018-08-17 00:49:41,2018-08-27,00b2ca23369b68c4d4105ecea9c0cb93,2018-08-03
41bb5cee06dbf170878a9ef93ac7e7f5,1833a0540067becaf59368fe4cd4303a,delivered,2018-05-14 08:35:33,2018-05-14 08:52:24,2018-05-16 14:46:00,2018-05-18 14:48:38,2018-06-08,ca73adc05ad5d0d880de79b5ea3253b3,2018-05-14
6a0a8bfbbe700284feb0845d95e0867f,68451b39b1314302c08c65a29f1140fc,delivered,2017-11-22 11:32:22,2017-11-22 11:46:50,2017-11-27 13:39:35,2017-12-28 19:43:00,2017-12-11,781ae350edb16842380e81d7c7feb431,2017-11-22
f7959f8385f34c4f645327465a1c9fc4,0bf19317b1830a69e55b40710576aa7a,delivered,2017-03-30 07:50:33,2017-03-30 08:05:08,2017-03-30 10:55:54,2017-04-10 02:59:52,2017-04-26,5ddb4fdd9cef2450d17ae20639815885,2017-03-30
23f553848a03aaab35bb3f9f87725125,c622b892a190735ef81c0087973fa16d,delivered,2018-06-05 09:10:34,2018-06-05 09:32:22,2018-06-06 15:37:00,2018-06-18 12:36:54,2018-07-23,439ced9aafa171a1ac88efa951c7db0a,2018-06-05
e3447938231fb6ba2fee0231b51eca59,2c3642e1392097fb4af76a76fec16a46,delivered,2018-08-26 11:04:26,2018-08-26 11:15:29,2018-08-27 15:52:00,2018-08-28 21:06:31,2018-08-30,08de4d9507128e2ad419e26cc4f22b65,2018-08-26
e346cd9299371b18c0b28e8e29a5e376,fb9590a1e30e0ba8304ea73a31325797,delivered,2017-05-17 08:36:11,2017-05-17 08:45:09,2017-05-17 10:13:52,2017-05-23 13:32:30,2017-06-06,4f262a3ca91e56d568fd13240c3c3652,2017-05-17
a5474c0071dd5d1074e12d417078bbd0,ef15b3240b2083e0487762ee2978d2b8,delivered,2018-07-30 22:41:44,2018-08-01 02:50:15,2018-08-02 10:35:00,2018-08-03 19:28:47,2018-08-02,0c8761c28faa9b9930e4a9bb545905da,2018-07-30
0760a852e4e9d89eb77bf631eaaf1c84,d2a79636084590b7465af8ab374a8cf5,invoiced,2018-08-03 17:44:42,2018-08-07 06:15:14,,,2018-08-21,c7f8d7b1fffc946d7069574f74c39f4e,2018-08-03
bb7c5cf4dff9994daeab7c8ee9d287aa,9a4900710ff76d73cb3a0d152e73adf0,delivered,2018-03-01 22:14:26,2018-03-02 22:08:51,2018-03-05 17:32:31,2018-03-09 14:48:21,2018-03-26,97f104e8e54ef4147d17fc1536a1482c,2018-03-01
66d03fb3c4b0f80b5db04ef9c260336d,c39bde0d4030d5e31e654f0c20db9786,delivered,2018-02-06 21:09:10,2018-02-06 21:29:40,2018-02-07 17:13:05,2018-02-16 20:24:42,2018-03-07,8e4404700874036dbb2c606039875e1a,2018-02-06
a6cd683d4bd3b9b1f0aa37b27f8116d3,48f239e15744ed5e7ffbafc6bb6e882b,delivered,2017-01-28 23:45:53,2017-01-29 01:31:48,2017-02-01 14:25:06,2017-02-10 17:30:19,2017-03-10,169381f51e4c3e926ef199364aeced22,2017-01-28
bfe42c22ecbf90bc9f35cf591270b6a7,803ac05904124294f8767894d6da532b,delivered,2018-01-27 22:04:34,2018-01-27 22:16:18,2018-02-03 03:56:00,2018-02-09 20:16:40,2018-02-26,34c58672601f2c6d29db7efd1f6bf958,2018-01-27
e1da8361c76cab67aa3588a1fbf1af54,dd854e24b40e3bc2b306946dee252015,delivered,2017-07-01 15:42:32,2017-07-04 04:10:19,2017-07-04 14:52:46,2017-07-12 20:17:57,2017-07-25,a8ee33e35637322a81a8c26592f6ce36,2017-07-01
af5b0604e113e1526593d505a26ef39d,b896b244963dc7543d400ad82d6710e0,delivered,2017-09-27 12:07:22,2017-09-27 12:26:02,2017-09-29 22:25:42,2017-09-30 17:13:01,2017-10-16,3d8614b1f25530eca12661dc8b10a2fb,2017-09-27
9d531c565e28c3e0d756192f84d8731f,d4faa220408c20e53595d2950f361f3b,delivered,2017-11-28 21:00:44,2017-12-01 09:31:15,2017-12-14 20:37:43,2018-01-23 21:38:52,2017-12-22,efc37ae565ee0943cca2b89fc65c4d6f,2017-11-28
4da3bd761ca73d692ae0f5c252495546,65ee4aa816cda8ad41e05c75e1cb691e,delivered,2018-02-01 12:31:21,2018-02-01 12:54:33,2018-02-02 00:39:31,2018-02-02 16:12:53,2018-02-19,e3c0567a8b991a9d812ee91f2650db40,2018-02-01
80d817467dc3d0a4bb5ab8986c962b1f,a4a2abd07b1cdd4902cf245cdfa1451d,delivered,2018-08-22 16:10:29,2018-08-22 16:25:19,2018-08-23 14:33:00,2018-08-28 14:52:43,2018-09-05,337bf0efbf9e5ba67461d2e5b4e5c2b1,2018-08-22
c75acba615d2db29345327974641467d,2b47ff70d422cc3ada976dea40f48782,delivered,2018-07-06 23:36:15,2018-07-07 10:10:09,2018-07-10 14:25:00,2018-07-13 17:18:42,2018-08-10,8279be4e9b2fbb615ace365178b785a0,2018-07-06
210e60465099814a1d2c7635e4065153,fc849c5fbc7e2b0c7cfebc138886c693,delivered,2018-05-09 18:27:00,2018-05-09 18:54:13,2018-05-10 16:07:00,2018-05-22 00:08:26,2018-05-29,5bbc03d010ac4dbcfdfa2018349c8f6e,2018-05-09
8fc207e94fa91a7649c5a5dab690272a,c69f8b33e62ecb30ff78ae46d7fb9241,delivered,2017-11-26 17:49:46,2017-11-26 17:58:34,2017-11-28 23:17:09,2018-01-20 13:42:22,2017-12-19,7d185d821a11c769636247766f1fd45e,2017-11-26
4b3a605942f29d490cb74bd6ace6b9f0,e8a332c3433fbd37920ec89fc295d075,delivered,2017-09-29 09:32:17,2017-09-29 09:44:12,2017-09-29 21:58:48,2017-09-30 16:55:39,2017-10-17,0a5df23b922b9998bb7378f1ac03c98a,2017-09-29
1c35ac660d7ef6691b25d20df3d6eccb,68c85132eb3b96fbe6cbddc09a568d24,delivered,2017-06-27 23:11:57,2017-06-27 23:35:09,2017-06-28 14:28:00,2017-06-29 10:16:35,2017-07-10,2df79c0c80c225d537833abb01a1a8ca,2017-06-27
01a75ac3dd000b7628a684be97c29234,57ee2ef64f17a5f9a4bf30489b06326c,delivered,2018-01-23 10:32:39,2018-01-23 10:59:10,2018-01-26 19:12:26,2018-02-07 14:59:03,2018-02-21,91a7366b39d3620ce44f85fa5d116896,2018-01-23
0c6b011f8a4f87010c23995f5807d152,a78b75a2ad06180de06b82857ca442b3,delivered,2018-08-20 18:24:30,2018-08-20 18:35:26,2018-08-21 11:53:00,2018-08-28 13:43:41,2018-09-13,198fa73f9282fb46d9b5b5c25394b7e1,2018-08-20
ee0c5c649e17808bc4a363d3a80ebf85,cc3590e4afbb4b3e056b50a80a6a7d0c,delivered,2018-01-30 07:51:17,2018-01-30 08:13:43,2018-01-31 15:06:03,2018-02-20 15:25:04,2018-02-21,2ed58d0567a2839599b85957ee02bca9,2018-01-30
f2fa3795760c35b8c05fa8e2f09d5143,fac60d7c4df3896a5af5db6c91e03797,delivered,2018-03-31 14:20:46,2018-04-03 05:10:21,2018-04-05 00:44:42,2018-04-07 00:06:33,2018-05-04,c53e944da3d3ad66ccb7527165b78681,2018-03-31
3923e3ade70348985bd2ca389905cf19,6454e6cba392b35aa21527063026fc92,delivered,2018-03-07 23:00:33,2018-03-09 03:00:35,2018-03-14 02:08:26,2018-03-19 18:46:32,2018-03-29,3ed766ba830792bcc9ad889d2607eab7,2018-03-07
e37797aedc7cd4ef82278fbc169eecaf,4c9c7c2b6de6ee2568681b5599bb7495,delivered,2018-05-08 22:12:34,2018-05-08 22:31:43,2018-05-10 13:35:00,2018-05-14 18:55:59,2018-05-23,f9c75a729bd4f0b6c346b18ad9fbc1cb,2018-05-08
35660aec0cc42b6257e24281ee0e6255,b53cc3c992caaa45ec73cfdde4d839b5,delivered,2017-03-30 14:46:00,2017-03-30 14:55:17,2017-04-10 18:53:49,2017-04-27 11:08:55,2017-05-12,e0b0f9beb31782e3174a67b875697ca0,2017-03-30
b01875821b8dcb6abc61776f0f971bce,818596f5b68adfe2c11498ebb6d39e02,delivered,2017-11-24 21:55:22,2017-11-25 01:31:43,2017-11-28 22:37:15,2017-12-01 21:11:40,2017-12-15,8731e1c5aa27eced509f47d8012ff81e,2017-11-24
5164933efe0cd14f31424b9badf81f19,d0e71d7a6dbca8ac513ac63d08a81fa0,delivered,2018-04-25 22:18:10,2018-04-25 22:31:56,2018-04-26 12:35:00,2018-04-27 16:50:03,2018-05-14,5fa1f56316f4154109ceb42651385b7c,2018-04-25
06a6627d9cc91a04e9d146bf65fee0a2,61449fa1b8b8998c9c3f3a7f0ae954ef,delivered,2017-07-16 10:27:45,2017-07-16 10:35:14,2017-07-18 12:34:04,2017-07-21 19:59:36,2017-08-04,d2f122bc3109d7fb2385daec2d6ef7f7,2017-07-16
15bed8e2fec7fdbadb186b57c46c92f2,f3f0e613e0bdb9c7cee75504f0f90679,processing,2017-09-03 14:22:03,2017-09-03 14:30:09,,,2017-10-03,9f269af9c49244f6ba4a46985a3cfc2e,2017-09-03
5447160f15621601fa9ba2b94f4906b3,9c338ea8093192e203bc16add78c123c,delivered,2017-11-21 12:08:32,2017-11-21 12:40:55,2017-11-22 20:17:08,2017-11-28 20:33:38,2017-12-14,5179541696b879141c1f0bb532f988c9,2017-11-21
01855f880aae9a984c7c33b26fcf2e02,2e068340b3037f667ce3224bd59260af,delivered,2017-10-19 15:08:48,2017-10-19 15:35:35,2017-10-23 13:14:16,2017-10-24 15:57:46,2017-10-31,48d4bf53229ec530405b4e461ae6adb0,2017-10-19
65312c6e4ce03c0fb633a4ac541949d8,228da462edabbbc68e6d265087499705,delivered,2018-07-22 15:19:05,2018-07-23 12:32:22,2018-07-25 10:06:00,2018-08-02 21:08:57,2018-08-13,be5be2dbad1352c6b4966664a5bb4fe9,2018-07-22
741fd1b80f015f170a7f458cf86769b8,df5c9e02596851fcbfc98804e4108bbd,delivered,2017-12-02 14:28:03,2017-12-02 14:38:30,2017-12-04 21:54:27,2017-12-11 16:17:04,2018-01-04,377bdfb2197d3b83c9e3f9502deabcfb,2017-12-02
b16cec67cb3f5a4bb31abe8988b43d19,62ffae18a7ca4b2e681c6296180ae346,delivered,2018-03-26 09:14:26,2018-03-26 09:28:24,2018-03-27 17:21:48,2018-03-29 20:08:43,2018-04-20,81cfe11d1b667c768e77b6a9db5fe9b3,2018-03-26
e6190dea235662449d160357e46eaec8,b80feb27fb4955a21bca55fdb039af17,delivered,2018-01-09 06:37:43,2018-01-09 07:27:15,2018-01-09 18:35:02,2018-01-15 14:56:58,2018-02-06,fe65c76fc3eb742328d1401c521c95b4,2018-01-09
8eeda294fab8a5ed70259afb59a10ff8,6feea03756fd7ef4fb37d8f7e44aaeb9,delivered,2018-02-06 18:25:39,2018-02-07 02:35:40,2018-02-07 22:15:04,2018-02-14 19:07:41,2018-03-08,2ad3e60daba1700dc116ea525e842f28,2018-02-06
89165e6d4c28047da0adf13ac8b3e1b3,4924a47e8cd5630b3564e26fac55c5ec,delivered,2018-07-18 13:39:54,2018-07-18 13:50:14,2018-07-24 14:14:00,2018-07-26 18:26:37,2018-07-30,38eb5d4dcd39b971746632c47a4eb123,2018-07-18
f376081d7c5f1767fbc7fae2d19ca32e,d68901955dc622165460ba6cb4ac49f3,delivered,2017-03-28 16:03:34,2017-03-28 16:15:15,2017-03-29 13:23:55,2017-03-31 10:07:25,2017-04-17,daf7dfe5576b8c581e8353aa8608a008,2017-03-28
4b87488fb6269f8321508923b95da4d6,e42998ccffc48dc87bf70b37e2d61f33,delivered,2018-06-08 12:19:58,2018-06-08 12:37:01,2018-06-11 08:23:00,2018-06-15 20:58:47,2018-07-05,b2d3863477633ff42a3dad9a7dd61cda,2018-06-08
e9ce52cd563d0124dced659e69eab10a,9a80c8377644236e27f59e83862f1ae2,delivered,2017-07-10 12:23:05,2017-07-12 02:10:59,2017-07-13 18:35:37,2017-07-17 17:03:47,2017-07-28,0a11a4d0e9f9e864f03a7451f0f255b6,2017-07-10
9344ccd01ff5fa7ec2aef0ee7e1c49c3,4fd75fb5ef1f01c7585bf746092a1544,delivered,2018-05-16 16:10:21,2018-05-18 04:54:31,2018-05-21 07:09:00,2018-05-24 19:04:00,2018-06-04,cc9cbe91f775a595bcb05af59019b396,2018-05-16
f4471dae8c482f51aa1826cd9f5d4433,167b9485947ed0a354a3f8dad04eb199,delivered,2018-07-05 18:40:47,2018-07-05 18:55:15,2018-07-10 15:10:00,2018-07-11 21:16:47,2018-07-19,548a09978548d2e347d494793e34c797,2018-07-05
aeb4c9d05ab11d7c6c9ca24f8c43bd70,fa5c31ea5a141cb29a683b6420f2693a,delivered,2017-09-20 17:12:34,2017-09-21 14:44:35,2017-09-22 17:54:05,2017-09-28 19:47:42,2017-10-18,e63b7e65ecb65d0d1624a564fa2c8cff,2017-09-20
33a3edb84b9df4cb49546859b990ac6d,35ec6c1ca9e5844c5ca94214cce16dca,delivered,2018-02-21 17:15:49,2018-02-22 16:10:41,2018-02-23 22:42:43,2018-03-22 00:03:53,2018-03-16,b854c56e1163bced9c3ebf1e4a6576f3,2018-02-21
9885fff91f7c807525f8320e5292a3db,83257fb6f3a1edd3a75464178aa3f382,delivered,2018-01-10 14:18:40,2018-01-11 02:48:39,2018-01-12 14:15:26,2018-01-24 23:16:49,2018-01-31,82ab8d779ce526b08d6b92769be44c49,2018-01-10
e7a65190baa4e6fd192246157c0b81fb,7d986867cfcd083f25ad4f692bd2df06,delivered,2017-04-26 16:14:11,2017-04-27 17:22:58,2017-04-28 12:43:07,2017-05-12 14:04:02,2017-05-29,ed9fce60567d03fff71f9c06084c998e,2017-04-26
62a12e4d2a742b2491d7c00d2d79bf52,b60550c21000f91484c7d2aa2b8c522e,delivered,2017-11-27 19:24:52,2017-11-27 19:39:02,2017-11-28 22:58:14,2017-12-08 15:41:46,2017-12-27,311dff8c3112b3ea255ec4871cabaf03,2017-11-27
90349f264a3d6a2525a34598d09dda6b,d19f254a07da73a055409256e9bfe40a,delivered,2018-05-11 16:35:19,2018-05-12 03:32:26,2018-05-14 15:16:00,2018-05-15 18:38:39,2018-05-21,831a032a3327e2b8325faf9d37953870,2018-05-11
95cf9f239f724799131f7ca949209bd9,7251aa758779438faea714941f1051c4,delivered,2018-05-25 08:54:21,2018-05-25 09:16:24,2018-05-28 15:43:00,2018-05-30 15:06:44,2018-06-12,65ee274b862c5c053367be8a70dbc029,2018-05-25
04a59fe46fc5aa341da5378c195ed53c,2d8748fb35d51c2fd273ee67fff78b7a,delivered,2017-11-26 09:32:06,2017-11-28 09:35:11,2017-11-28 19:18:52,2017-12-11 19:03:18,2017-12-19,a3d335d8dd759126b58367c6053bb20a,2017-11-26
86b37610c0e86e94afe3d5ba4b73fa14,86ff82570097f39b2193254f540e4a69,delivered,2017-11-17 21:14:42,2017-11-22 02:49:29,2017-11-22 17:37:09,2017-12-05 20:23:33,2017-12-20,2f97fb04ba09cfa05b9e3b3af4e8e247,2017-11-17
5c2d1d55c31db1cbe069dc9b6454b897,15bea20cd005ed59d34db54c6b32ec98,delivered,2018-07-23 18:27:07,2018-07-24 10:32:48,2018-07-25 14:10:00,2018-08-01 19:31:47,2018-08-10,02c639f8dd288caf7cc6dc66513c23b3,2018-07-23
1d067305b599c1e0dceb3864056ea527,0489975a325480c9e385e9f135bb13c3,delivered,2018-02-14 13:05:17,2018-02-14 13:15:38,2018-02-20 20:12:57,2018-03-09 21:52:36,2018-03-09,b577af9a54b023b4bcc51f69bb937f1c,2018-02-14
abc5ec9ecaec740b498a37f19c29a8c0,85aa7dc7ea24c96b5ac7864f13922495,delivered,2017-04-30 22:43:56,2017-04-30 22:55:09,2017-05-02 13:58:16,2017-05-12 12:04:38,2017-06-05,22be41ad7d58c7774c6e036348a042d0,2017-04-30
6942b8da583c2f9957e990d028607019,52006a9383bf149a4fb24226b173106f,shipped,2018-01-10 11:33:07,2018-01-11 02:32:30,2018-01-11 19:39:23,,2018-02-07,528b011eb7fab3d59c336cc7248eed3a,2018-01-10
c3cb4c7c4b963ab08b07a5dca5baf05d,38ccd077e65d89b8a720be73bfaa9c6f,delivered,2017-05-15 16:29:03,2017-05-16 03:35:16,2017-05-17 09:24:51,2017-05-23 12:51:55,2017-06-08,4521ca49d47fa50f2b98f0c71cbf5ae7,2017-05-15
af66c46c49bdb3bf2f862efb1eb67d81,9e3a06f863456c3934b9d26037c119cd,delivered,2017-07-22 19:16:47,2017-07-22 19:25:18,2017-07-25 19:14:13,2017-07-31 18:17:45,2017-08-11,d2c89ba54e6cf93abd4ea9bb9e9fbf73,2017-07-22
14e6e050a57912543937e93051cc7b2c,d006bd8339ac9891923132af6408f557,delivered,2018-06-24 19:01:52,2018-06-24 19:20:23,2018-06-25 15:57:00,2018-06-28 13:03:08,2018-07-27,50f99f56ab935ac45c6f1cd4c0bfbe2a,2018-06-24
cefa8ee1540139ac77fa0c1b4ff1f04b,3b9388d1014c8090f77595c5e9f2ce94,delivered,2018-07-02 12:54:20,2018-07-02 13:10:15,2018-07-03 15:04:00,2018-07-06 11:52:07,2018-07-25,9e0c06f4607e8d1c8b1bb5419446c5b9,2018-07-02
265f4e28ef8cf69f8445e2951bbe7343,c572fd6cdd98e87ea2bc433b6da21078,delivered,2017-03-06 00:14:28,2017-03-06 00:33:11,2017-03-06 09:54:32,2017-03-20 09:28:56,2017-04-11,3e45b1d69bfaf0b7963cbb9dd00196f7,2017-03-06
34276839abbc2d596eb36540d36c624c,6968ea6ff6368619de4d031a15d5c9a6,delivered,2017-10-04 23:02:21,2017-10-04 23:14:17,2017-10-05 18:37:19,2017-10-20 16:18:59,2017-11-09,8051546e4730145100f73eb919000a81,2017-10-04
556bbf53c2c22fbb9ef31a414dd444a6,5883f965ac70043c2e908c3657c5d548,delivered,2017-12-21 17:43:41,2017-12-21 17:56:24,2017-12-26 16:59:04,2018-01-04 21:56:01,2018-01-22,d0db8f74fe8af2b92d1e7159472874f0,2017-12-21
36530871a5e80138db53bcfd8a104d90,4dafe3c841d2d6cc8a8b6d25b35704b9,shipped,2017-05-09 11:48:37,2017-05-11 11:45:14,2017-05-11 13:21:47,,2017-06-08,10669e874b7ddaab97d6d539578576d7,2017-05-09
b2bd1f09c1b8a4a36940f6f6e49d5dec,8ed14e450a6268ec13f325e7c2eafeed,delivered,2018-02-02 16:15:41,2018-02-02 16:36:26,2018-02-06 01:28:26,2018-02-20 18:09:29,2018-03-07,f1e0cfbcfd9aebd6d003f6667551a9ae,2018-02-02
e69e2290db6b2d3b7593a40112e1a82a,3a017955f82b5bf61bb51aec865a01ca,delivered,2018-06-01 11:26:06,2018-06-02 03:15:28,2018-06-04 13:08:00,2018-06-05 17:44:39,2018-07-04,ab93bfed86e2417198d66cf58945442e,2018-06-01
c8627adf430caff83161acbeb344d8f5,078d86e7bf40b188f0e5ed6d866c21c4,delivered,2018-08-09 16:23:03,2018-08-09 17:30:25,2018-08-10 12:32:00,2018-08-14 19:12:05,2018-08-21,0319cd43072df023584a1fa0a94d45ce,2018-08-09
1370fae9b19ee5e01a2d609eb18b7c8a,22eb8142d6313bab19fa6c657170ae6b,delivered,2017-11-15 13:47:34,2017-11-15 13:55:31,2017-11-17 15:12:12,2017-12-06 01:12:12,2017-12-14,66d7c05de70168738de8f6f8b5adce82,2017-11-15
a7cd6af6e0519313887b3c3a120f20ca,a559b10d4f093640a0ed4693ce16ed02,delivered,2018-04-26 11:59:05,2018-04-26 12:11:18,2018-04-27 11:49:00,2018-05-03 02:52:58,2018-05-07,9ed19e34d278749a58db6f4659f679b1,2018-04-26
663830a477534735bbdec9de01113fa2,c1ddb7521d14db9071dccad0a94305c2,delivered,2018-07-15 12:37:12,2018-07-16 12:30:53,2018-07-16 14:33:00,2018-07-23 23:56:47,2018-08-13,fe22f09401a6af700ab66fac2edbea15,2018-07-15
b2f3763408103bc7173bb36ed02dbeea,d0e6cb83a3fc27f56be011b2941f54c6,delivered,2018-05-30 22:33:08,2018-05-30 22:55:45,2018-06-11 14:44:00,2018-06-18 23:07:33,2018-07-16,e1858db871ca0cea6d07b5413f450048,2018-05-30
0dad6beca7ed0e352668498c29089900,2528510465c7572dedee4431a7d52e08,delivered,2017-12-02 14:08:33,2017-12-02 14:17:20,2017-12-08 21:21:12,2017-12-13 09:44:38,2017-12-27,52a7fb2dfa60628b04619fa279d3e27c,2017-12-02
93ec3e2c9a4beee38c28973d307093e1,330ca6b207006779da875ef48faef608,delivered,2018-03-29 14:27:41,2018-03-29 14:35:21,2018-04-04 23:16:22,2018-04-06 22:52:39,2018-04-11,c3fcf3b664801fe10c4d9f62ac72b21a,2018-03-29
5561adcb0fd46da4cad3048fa4e7fc00,819b0aa9b717f6d78c0f72211bafebe3,delivered,2018-06-25 15:36:18,2018-06-25 15:58:17,2018-06-26 14:58:00,2018-06-27 17:18:42,2018-07-11,87d406e4698a66118241f1f4a407ee03,2018-06-25
6245ae0abd9de1ae647b5da78c0ea69b,d68585c54450af4bfc04cc6cccbcd607,delivered,2017-09-11 07:54:38,2017-09-11 08:10:08,2017-09-13 18:22:19,2017-09-16 16:12:24,2017-09-27,fbe53ee8a67e9fbf5cdb52d888701527,2017-09-11
ce9feeba53c652dd6569cca62e2bb287,f7398fc942c8fa80e5419ae52e49f7fb,delivered,2018-04-15 19:42:06,2018-04-15 19:55:20,2018-04-19 14:32:30,2018-04-20 23:12:11,2018-04-26,d01cf8c6c7c836c5dd9320585928f42b,2018-04-15
565923f847aad52e7638eb189cce3b51,a2cb2bc236e62cf807925d6cecc245c6,delivered,2018-01-13 08:19:23,2018-01-13 08:29:22,2018-01-15 22:55:00,2018-01-23 18:22:46,2018-02-15,41a1e8124bbc0d73734103301fdd4115,2018-01-13
36ebb4199031e72a1fa964549b88c377,eecf2b94cdbe9ef6245fabb5e091c987,delivered,2018-04-04 08:39:50,2018-04-04 08:50:15,2018-04-07 00:49:39,2018-04-16 23:35:26,2018-05-02,94819c1119bcbb29d414ac33b904e82d,2018-04-04
232b75e8b6faa6ca2063184414e634a7,0a11cb0fb65032da800b780afcc1a1b7,delivered,2017-09-26 12:32:39,2017-09-27 03:35:03,2017-10-04 08:03:59,2017-10-09 18:32:42,2017-10-20,b91094129b0c7e78a2d312269365968e,2017-09-26
ee990334acb0ff9333b01afa465f3006,a8331c35b57d8fe09e8df1c06509de29,delivered,2018-02-28 17:00:28,2018-03-02 02:10:55,2018-03-02 22:18:35,2018-03-22 10:18:36,2018-04-02,5e965d35ef2083367ff713df75fa6f16,2018-02-28
780fe22baa36991bdbb1559f5b549596,e1862648f338ecaf4242e8e2b59126ca,delivered,2017-04-22 19:26:47,2017-04-22 19:41:06,2017-04-24 11:04:27,2017-04-28 14:37:16,2017-05-15,2e3c3bce0bc8cca5d8e987d047e64d8b,2017-04-22
58ac1947c1a9067b9f416cba6d844a3f,ee8e1d37f563ecc11cc4dcb4dfd794c2,delivered,2017-09-13 09:18:50,2017-09-13 13:45:43,2017-09-14 21:20:03,2017-09-21 21:16:17,2017-09-25,5cbf29b2dcf212a6a5d864b887238c72,2017-09-13
ba4ddff2b9082f079de9a84d7a5605fd,fbfba770bf13f470f63d1854a765a2d3,delivered,2018-01-18 09:30:54,2018-01-18 09:38:30,2018-01-18 23:43:46,2018-01-20 17:56:44,2018-02-02,213ce7ea2a0345a65b4045cf55be42d8,2018-01-18
75351e48296ef42211a0b80c427aae57,cf9e2b07f78cce347089900f49fb4746,delivered,2017-03-14 16:25:43,2017-03-14 16:25:43,2017-03-30 13:22:17,2017-04-03 13:37:42,2017-04-10,cab5ecc01e69aac95f48b619eb40a882,2017-03-14
64a2b20e6611bf80d933549f4c45ad84,de62761e79f4ae4169cab45ed5f36026,delivered,2017-12-20 12:30:40,2017-12-21 02:11:52,2017-12-22 20:41:54,2018-01-09 15:44:20,2018-01-19,6f19cd82c9d4d5b80bd8fbd24e600576,2017-12-20
775130c792f4c6460c63162e994a1114,d4cd9729eeca5306a2c039fe6e55601e,delivered,2017-12-04 17:24:57,2017-12-04 18:30:29,2017-12-05 16:09:06,2017-12-11 18:52:10,2018-01-04,8689753ac05594f16b97e8bd556b50b0,2017-12-04
b0928556a10706af462ca2ab2c91903b,0b9e85491c194a97516c87f30a93abfa,delivered,2018-08-03 22:23:06,2018-08-03 22:35:17,2018-08-06 13:40:00,2018-08-14 18:16:42,2018-08-23,cf50302e77f7141c5923c3bc84ceffaf,2018-08-03
5487a8ac1699754d975f853ce8bb9321,a51b373c427132a77b112ca10f502c4f,delivered,2018-03-29 14:29:44,2018-04-03 05:48:50,2018-04-04 01:13:40,2018-04-08 16:22:04,2018-04-20,995fe9426f030109b1614044edaf46d9,2018-03-29
00571ded73b3c061925584feab0db425,3c628393675b42c6b5ef89461f68ecef,delivered,2017-05-18 20:59:24,2017-05-18 21:10:16,2017-05-22 15:50:30,2017-05-30 09:12:44,2017-06-12,106106992030e0d83e6f1bc9d4054070,2017-05-18
74ebfa44a323c96a7760bd693d690a3d,13fd7ce9f08449dec2533119379a2527,delivered,2017-06-16 00:22:49,2017-06-16 00:35:26,2017-06-16 15:37:52,2017-06-26 13:49:52,2017-07-18,6110fc2216f14d1efaa683050a262e90,2017-06-16
37104fd8b73d0691fda9491fe8906808,328d7a69cb9cbaf088eed3ed778804bb,delivered,2017-07-05 09:16:49,2017-07-07 02:50:37,2017-07-07 21:03:12,2017-07-17 17:23:48,2017-08-07,92f65b75e3c4a45c14f410b4aac4db69,2017-07-05
b6b3633f97c686d8e188ac6fa29ff20d,8d3d362741da05c706eb55001bdfa1b9,delivered,2018-07-27 12:45:51,2018-07-27 13:04:20,2018-08-02 13:33:00,2018-08-06 17:20:53,2018-08-17,71570c9b76f11df814726260cf634fb8,2018-07-27
37e32b54f25d2472acbc642f7e539a36,0f5b40f9925b49675464fb74869c6547,delivered,2017-07-08 14:12:08,2017-07-08 14:25:09,2017-07-11 14:36:51,2017-07-17 20:39:33,2017-08-03,071bb277b0146da77fac31e70657815e,2017-07-08
43d88b0e949865904334dd5b3ca63f50,aa601b3c45980c0918042d5ca7a25054,delivered,2018-03-15 16:59:11,2018-03-15 17:15:42,2018-03-19 15:03:06,2018-03-20 16:13:27,2018-04-02,1006daf2f4f3b40848bdb64d356b4b39,2018-03-15
5e99f3c445038a0709b2aea8e34ed593,243ee97e01766bf68c3e30f0fe572490,delivered,2017-06-25 19:30:09,2017-06-25 19:45:10,2017-06-26 18:41:35,2017-07-04 10:51:55,2017-07-14,2c613e1daa937ba2dda45140c410f48f,2017-06-25
f61b61c2cbb4192ccaf9c2c76a4cc971,525125633cfc0f64d4a991240953f2b5,delivered,2018-02-28 21:27:43,2018-02-28 21:48:27,2018-03-07 01:38:40,2018-03-09 13:46:21,2018-03-13,04e1ad29192c7d23646272968393bf36,2018-02-28
6d7de866a140b19d09e825b2a4e944c7,9e5ce657315b2bdb94033a494041ac25,delivered,2018-04-16 21:07:16,2018-04-16 22:10:15,2018-04-17 20:54:27,2018-04-24 20:38:55,2018-05-15,51cbfa44126505de7a55fb99ba49648b,2018-04-16
3f849648ffbabb0562c7668f212e3e88,a338f42b6e47cb49d5c5128a348b76ba,delivered,2018-05-15 19:55:51,2018-05-16 08:36:57,2018-05-18 15:26:00,2018-06-07 13:58:42,2018-06-06,d7b472813b9255677466c5cd3cbc7b31,2018-05-15
7c18eddfcd24680d80a502346221614e,b7ee9b824b4a83b389379ac70585bf3b,delivered,2018-07-13 15:45:51,2018-07-13 16:04:02,2018-07-16 09:53:00,2018-07-24 20:16:30,2018-08-09,ac307db9d15fc5bb19b61298bd6bd1ed,2018-07-13
6fa204b6cf6dcfe6c9adca7dc53aa32a,56dfafb543cfa4c2edcc08b9b2c5f0c6,delivered,2017-08-01 18:52:12,2017-08-03 03:04:48,2017-08-03 16:17:38,2017-08-05 12:14:47,2017-08-21,e4bd579c28cb9ce017feb990171bc957,2017-08-01
58d4c4747ee059eeeb865b349b41f53a,1755fad7863475346bc6c3773fe055d3,delivered,2018-07-21 12:49:32,2018-07-26 23:31:53,2018-07-24 12:57:00,2018-07-25 23:58:19,2018-07-31,a5314ac290a8b141491e987ae37aa7cc,2018-07-21
a840a7a89e3d9137358eb7b9408681fe,5e320e6a4f03e2e74bc22e1158237fbe,delivered,2017-03-09 22:17:49,2017-03-09 22:17:49,2017-03-10 16:23:51,2017-03-16 08:24:47,2017-03-28,8a2530b1bf32235ed2636468ea0b1582,2017-03-09
40001f4b6e1a35f0b99fc4f44078ab27,1690401c1e48c9526a79e72ba8c069a2,delivered,2017-12-09 17:27:58,2017-12-09 17:37:27,2017-12-12 17:17:24,2018-01-04 21:23:53,2018-02-01,b33ab8755cd35552942225232a9a8849,2017-12-09
287c56aa824d8d1ea40246ad12013f62,5232c22d7ed2b631db6b2cab74b2c5f2,delivered,2018-08-01 10:48:19,2018-08-02 10:45:12,2018-08-03 10:30:00,2018-08-07 13:59:38,2018-08-10,ff10e644ac8984d7e9fcafd5adf1b8cd,2018-08-01
694630e7a7713c116a9b7f0ba3377382,5a771152dd93d31af819d708942afec6,delivered,2018-04-09 13:56:45,2018-04-11 05:50:45,2018-04-11 22:46:53,2018-04-16 20:58:47,2018-05-03,8b4e378f85633a53f78340e5692b8ba7,2018-04-09
f26f92a3da58e9c771820a7b4d9a6800,597950088114c1a9e2b27459051f40ff,delivered,2018-02-10 19:27:28,2018-02-10 19:35:32,2018-02-14 23:09:27,2018-02-19 15:07:08,2018-02-26,dbc0a39ff0c850cd0358a1fe289095b9,2018-02-10
d1f54c6a2a7015c5687439d6d4e971ba,be0db8a12224c280772baf2ccb468e5e,delivered,2017-04-27 11:08:59,2017-04-27 11:22:56,2017-04-27 11:51:58,2017-05-15 12:00:17,2017-06-16,6898b2273c4c2e9f697bb597c7df0837,2017-04-27
37d6c8f1b209eab8d1b6522a1a3e4d88,fe4b93d8b5d38fc72f20a95f93511cae,delivered,2017-12-06 15:26:09,2017-12-08 02:54:25,2017-12-11 23:10:16,2017-12-13 18:03:38,2017-12-27,a54ff9cb5691f3de0ad67974bbb905fd,2017-12-06
f9f76d0f8ab416a42a2a3dad0d710162,e4a32f8f3648818820a821cd577ccdba,delivered,2017-11-30 22:37:50,2017-12-01 10:31:12,2017-12-01 20:13:00,2017-12-08 20:56:54,2017-12-26,c89cf1a054b60f1d893617b0b1a140d7,2017-11-30
a03ad7057fae696dd18f8967826c209f,7df71d1652cfba8b2a70cf665c960f74,delivered,2017-06-05 13:24:46,2017-06-07 19:42:11,2017-06-08 16:18:32,2017-06-16 14:04:09,2017-06-28,cb644c8c88c4705149fc0c7dd12d596d,2017-06-05
c93e4c73cba512f76817291e0de8bec4,9f5a2f912f123d541a318029712fe90b,delivered,2017-09-12 16:32:09,2017-09-12 16:45:08,2017-09-13 22:39:49,2017-09-22 16:43:37,2017-10-04,e25e370b86824ff1a40d01c259cadd98,2017-09-12
412fccb2b44a99b36714bca3fef8ad7b,c6865c523687cb3f235aa599afef1710,delivered,2018-07-22 22:30:05,2018-07-23 12:31:53,2018-07-23 12:24:00,2018-07-24 19:26:42,2018-07-31,95aec963a6193f24401417870b648031,2018-07-22
67b47f35ec923e39f1203f3cfa80f5e3,0dd5a932b1e29daa12845dbf696cbb54,delivered,2018-06-03 18:24:33,2018-06-03 18:49:57,2018-06-04 15:11:00,2018-06-08 18:58:53,2018-07-11,76c9a12722537319e44c31e70b7815c3,2018-06-03
b616f638cd86d92c7cbd06cf7484ee34,8458f7ae02bda5950ce48c01a720559a,delivered,2018-05-23 16:37:35,2018-05-23 16:56:50,2018-05-24 16:13:00,2018-06-06 14:06:48,2018-06-08,23daf66dd86071f57d332fa5562afbe9,2018-05-23
258f2e5dd769d9314b349f5650005dcc,148ecba880f508ca2d5b6744b6a7b6c5,delivered,2018-02-03 10:51:17,2018-02-03 11:10:37,2018-02-06 18:49:02,2018-02-23 20:59:12,2018-03-13,344fecfc1b158f40bd95550e62547fda,2018-02-03
f90202d14e468090464aeb4b1f0372ab,d4c5a2a1316f738e72e179d6bb3b6d8f,delivered,2018-05-17 08:33:19,2018-05-17 08:59:32,2018-05-23 12:24:00,2018-06-01 23:27:31,2018-06-04,b0608ebf65dbde33b45973a50e9f8965,2018-05-17
615ae1b88a25a4ac47fbf55c9c847b6e,25daddfce277eafad87c4d28d71d8229,delivered,2018-08-10 13:42:06,2018-08-10 13:55:18,2018-08-13 10:37:00,2018-08-20 23:38:44,2018-08-30,677e8fb8d35d03be1fd8fd461c60a1cf,2018-08-10
52f166ce5fa053bbb27d317e4fd231b7,1b848bc58de81ae1b800cf3a4571bedf,delivered,2018-04-18 20:13:31,2018-04-18 20:32:54,2018-04-20 22:38:37,2018-04-26 20:11:48,2018-05-11,2db7f214cad74f77bf16ddd07ec20b35,2018-04-18
22d17396ac4c177e0ea83929cd4f845d,a8b396cd7edcd4340e02a07685084cd6,delivered,2017-09-27 14:43:47,2017-09-27 14:56:18,2017-09-30 15:55:11,2017-10-13 21:13:13,2017-10-27,ded340acb51cad2b368c3e986d006ba8,2017-09-27
9ceb8ab5165cefecdddb546cb5a6362b,eb1c0e1ca3e17eccaefb7f0d4dc659b1,delivered,2018-02-05 17:27:54,2018-02-06 17:32:25,2018-02-07 23:34:48,2018-02-18 14:28:47,2018-03-06,48625b68a29dcfc3aba4b5147e0625aa,2018-02-05
95a74a28d622001aafb5dd088ea0d88c,b3519c0352b07bc3017acebea4ce6724,delivered,2017-11-16 14:32:06,2017-11-17 14:25:26,2017-11-20 12:49:03,2017-11-29 00:44:50,2017-12-06,1e85d1d3ecbe271f8410d13ce6bc189f,2017-11-16
d493148aa5f8d08914d29ec0524e1196,d7b9004ff34610bb3451b130ee2bf38e,delivered,2018-01-31 13:21:44,2018-02-01 13:35:14,2018-02-05 17:12:14,2018-02-14 18:04:45,2018-02-26,fb20bf5c01fbc8bb8ab3ec1e4104c9d5,2018-01-31
a0d5b8474423ddf55228373b81a46272,3f7d26944f7f68bd2ac23b5e8b500ab0,delivered,2018-01-11 16:51:17,2018-01-12 02:38:34,2018-01-15 17:24:13,2018-01-22 21:18:33,2018-02-07,c8d183727fc9b4dcac256fbe246d6270,2018-01-11
cbec453ddd874ca620b8afc6393e3218,0fc25a3451d81cfe409466e229afdbb0,delivered,2017-06-04 10:05:59,2017-06-04 10:22:32,2017-06-05 09:12:22,2017-06-12 17:45:34,2017-06-26,43088e9ae1468ae7f8f6bd222b6a7329,2017-06-04
61988b318aaf57d18336c629bc42cf1b,02731f7e9105dec7fc7fa715ccd821b3,delivered,2018-03-29 16:17:53,2018-03-29 16:35:38,2018-04-04 00:08:23,2018-04-13 20:03:50,2018-04-19,6517822823bf509a5dd294d5cd69a829,2018-03-29
b88d7ae9bd78eac18e8b6ceb04695fb8,6dbe3c4683c66130a8e242bf4bb218d9,delivered,2017-07-17 21:55:56,2017-07-17 22:10:20,2017-07-20 20:19:38,2017-07-27 18:41:46,2017-08-08,2a151ec82fd8a1ca7c3e212651ab5b24,2017-07-17
908e767e28908dc5ec61fe0ef8ef03f9,64d181ef52b1829800c598942459061b,delivered,2018-05-09 14:32:09,2018-05-10 11:36:29,2018-05-11 10:44:00,2018-05-17 22:05:03,2018-05-28,d903cb2df3fc0df3e432bc359d8a6bf2,2018-05-09
c82a457d646f77c8f151e12a3e517ed2,c178d6d544925594fafab0ba493cd645,delivered,2018-08-08 21:11:25,2018-08-08 21:25:20,2018-08-10 17:10:00,2018-08-15 15:02:09,2018-08-15,d76441ab4a22e389561144ffafdaa19c,2018-08-08
edc531c3153d23614049077e7e1e6405,68b315ac209c92f15ec1f364f5d45e67,delivered,2018-04-17 11:25:39,2018-04-19 02:51:01,2018-04-25 08:54:00,2018-05-03 21:54:44,2018-05-09,afee8d312f30964ff72528a719219034,2018-04-17
e22b71f6e4a481445ec4527cb4c405f7,1faf89c8f142db3fca6cf314c51a37b6,delivered,2017-04-22 13:48:18,2017-04-22 14:01:13,2017-04-24 19:08:53,2017-05-02 15:45:27,2017-05-11,1268b060098ed3f22c2e7c34cc72a1a8,2017-04-22
6efcd938092fe73904610b4bd39b2e7f,8ebe25aca53cef9a055de5c20eca76e7,delivered,2017-12-11 21:43:24,2017-12-11 21:55:32,2017-12-13 15:12:16,2017-12-18 16:53:32,2018-01-04,a55964e9744ba2f8e5911ff221b5de47,2017-12-11
1e8c81805b92ff169971231458670460,33b0d5c2438d9cd6426c6568dfbb908d,delivered,2018-05-04 10:29:14,2018-05-04 10:51:52,2018-05-07 14:14:00,2018-05-16 20:37:03,2018-05-23,5824772f55a94d6c06cbd5df136f5ba4,2018-05-04
4d630f57194f5aba1a3d12ce23e71cd9,6d491c9fe2f04f6e2af6ec033cd8907c,shipped,2017-11-17 19:53:21,2017-11-18 19:50:31,2017-11-22 17:28:34,,2017-12-13,7eb6b25c03556dfd2a2ee982f42074c2,2017-11-17
1da00355018ed3e0fdd548cf3ddada99,2c5c2fb51bbbcdcc297f3b37449627bb,delivered,2017-12-17 19:40:26,2017-12-17 20:50:00,2017-12-18 16:36:55,2017-12-27 13:47:01,2018-01-24,a97d43b24d76819903192611aca17914,2017-12-17
21c71f62d2554e1ad6c8ba9dc7af2c62,aa3d8c9eec8e52e90b117efe5e97a560,delivered,2017-12-21 04:59:55,2017-12-22 04:51:23,2017-12-23 13:12:55,2018-01-03 22:54:29,2018-01-19,65daa8af71675f5b6e90b235f029438c,2017-12-21
93a21c10557cc1b1ecfe2c3a808c648a,45c9fcdb0cd88a5630cb4405c4d2e4a7,delivered,2018-02-27 10:05:56,2018-02-27 10:15:33,2018-03-01 20:39:44,2018-03-05 20:53:02,2018-03-22,c6ff1299ecfd927f41df559f9b61e94a,2018-02-27
38c4ae942b818085578157aabd4abf9e,c0cc17e4ee16598f33ce7ccc36e3b4d0,delivered,2018-03-18 20:59:28,2018-03-18 21:10:32,2018-03-21 21:05:29,2018-03-29 13:49:10,2018-04-24,b329ed361b94aa14781944b23063b5b0,2018-03-18
f175d67589e059cbbda956f10f0702e6,a4555d257db29ef5f838cec4101c5208,delivered,2017-01-05 13:34:35,2017-01-07 03:45:40,2017-01-11 16:25:57,2017-01-17 15:52:28,2017-02-13,f7be9bec658c62ab6240b44cd26c0b84,2017-01-05
c263211bd219538f7c031591e87ef0d7,ed8c52327eecff596e141636d5b556d2,delivered,2017-11-24 16:56:46,2017-11-28 03:48:24,2017-12-08 23:28:26,2017-12-18 20:24:54,2017-12-19,b6ebed144895adea96b6193124ea3db4,2017-11-24
7835af1856de332f2f3c9204b740a3a2,d1b370c90ad7dacb840010a6e89c7e89,delivered,2017-12-24 17:34:12,2017-12-24 17:48:13,2017-12-26 19:49:01,2018-01-03 21:12:08,2018-01-19,29fbb2801362f8857a80e4c1a0c74aa5,2017-12-24
507240e305d631056d7ced5d5ab0eb9a,5cff2efe34e8e604619520cc86201235,delivered,2018-03-29 15:08:14,2018-03-29 15:29:55,2018-04-02 23:24:37,2018-04-05 19:34:29,2018-04-11,db3e4742e06a8a95bb1ff58ba972f8b5,2018-03-29
17c2ee64306efa76f1389315a974eeba,79c102ed4db4e20845856cd68660f8f6,delivered,2017-11-29 17:43:34,2017-11-29 19:16:55,2017-12-02 14:24:58,2017-12-12 22:32:47,2017-12-26,ac4aeb840ae2987076143c45d465e8a5,2017-11-29
5ec8f4e8fe5ee3fd5460b244d0804f9e,3fd2baf81d32adb95c43e1d490a8979e,delivered,2018-04-03 13:47:14,2018-04-05 02:27:56,2018-04-05 23:22:09,2018-04-13 23:45:22,2018-05-03,07d04d1635ec5d81de0045c612783e01,2018-04-03
7156f3e0b94405abcbad1a8c94557338,5134baea6a4f11251fc92a2f358dfb4c,delivered,2017-04-20 16:18:26,2017-04-20 16:30:11,2017-04-24 09:53:33,2017-05-03 11:43:59,2017-05-10,626495d0fb14f39da07290bb8d984ebf,2017-04-20
def622b4b003c4749c889dd9a0b43eca,e28087daa16ea2d4ef377fd789af20b4,delivered,2018-01-25 23:13:41,2018-01-27 02:45:33,2018-01-29 20:37:16,2018-02-08 18:38:55,2018-02-21,25799bf6b79e82c19bd6d590c02cf821,2018-01-25
434d3eec8dd031c322077fb2452e53a0,7a7893d13f178fdf58daeff7347e2d94,delivered,2018-05-08 14:38:14,2018-05-08 14:55:47,2018-05-08 16:46:00,2018-05-09 15:15:10,2018-05-16,a9a7ad094e7f664ee17a02d45257ddfd,2018-05-08
3ef7c7b43ae449415675a6c34720b78e,cae507afa38570ca8b08ae0cbcadd5d5,delivered,2018-06-16 19:05:54,2018-06-18 12:37:24,2018-06-21 14:12:00,2018-06-26 17:08:45,2018-07-12,490aaedd703d157551ba484dbf0ec17c,2018-06-16
7e3e92dc3eaf5389f32da97228f7dd0e,62d50e9a714ac024c196d9548594e2aa,delivered,2017-07-02 20:47:24,2017-07-02 21:03:55,2017-07-03 11:42:08,2017-07-11 20:22:31,2017-07-25,ba77e9b6506636dcbd03e463d4786f24,2017-07-02
4d95703047b8a80cf5796b7478900ec7,da18c242eff18510c1df2f0337a9be95,delivered,2018-01-23 23:59:03,2018-01-24 00:16:30,2018-01-24 16:47:22,2018-01-30 14:36:52,2018-02-19,5fd0cae43a6002e194fe471367ee22d2,2018-01-23
955e2b622db1a1f4031ef035ce9a861f,8d0c2ae2c7b532f0e90bdd06bc9a04b7,delivered,2018-01-16 22:34:16,2018-01-17 03:34:29,2018-01-17 17:26:14,2018-01-22 23:23:25,2018-02-06,56509f7bc43892a0da09ee14f50a6f84,2018-01-16
cf8f7b73e35cb19ff895c2f45c1ded72,2d9cd6d6d59bfd360ba595e45d097409,delivered,2018-02-22 15:04:08,2018-02-23 07:08:17,2018-02-26 21:04:32,2018-02-28 21:09:14,2018-03-08,6f6700b18880238014937d470e8f5f6f,2018-02-22
fd9b8ed51e5ffedf7a56bea36cc5b6f9,0385c03f2b10a0a50ee72d8e3649a4b3,delivered,2018-03-30 23:11:40,2018-03-30 23:26:57,2018-04-04 20:04:05,2018-04-19 18:03:46,2018-04-27,b8c64934a84e5ac575aaf1c5d50f340e,2018-03-30
bb4f0c21ae6014e40ef007ff6fbcbeb9,94f7f1cb719dd707fd437e918d282537,delivered,2017-02-12 18:48:56,2017-02-12 19:02:52,2017-02-16 14:42:05,2017-03-01 14:09:10,2017-03-16,977136c10acb01bd9cecb7d18ff7d1a0,2017-02-12
f31535f21d145b2345e2bf7f09d62322,ed532487db04478dfba09d112649fc13,delivered,2018-02-01 07:47:34,2018-02-01 08:10:31,2018-02-02 00:24:34,2018-04-23 15:49:34,2018-03-05,51ac8560948d44d4ffa33f2680569a20,2018-02-01
d86359a45e3f6c6d8b35f7b13e41abf5,a1acf95041edd043087a040e89449636,delivered,2018-06-06 14:21:47,2018-06-06 14:35:26,2018-06-08 13:20:00,2018-06-15 14:28:27,2018-07-12,191525912e1a31a97bf8b481ce852f75,2018-06-06
248ff7b41bfa395f5ee828720889e664,754862f813b4662e840ff16a52db05f0,delivered,2017-11-17 13:12:47,2017-11-17 13:35:40,2017-11-21 18:18:35,2017-11-27 20:41:48,2017-12-12,6dfa1ddc7f7e7d7930de326f34c16f53,2017-11-17
2d5cdc856665603f1580e3586bde89a5,caecab08cac2be52d89f87462765b4f4,delivered,2018-01-30 17:36:43,2018-01-30 17:57:55,2018-02-01 18:13:16,2018-02-05 19:38:56,2018-02-21,ecc6d0f3eb9435df737e1f0d9a1c6d3f,2018-01-30
b06112f703115e6d92f3baf4e2458a5a,1224a9f43655b57c469ab096e6ba5dc2,delivered,2018-03-07 12:08:37,2018-03-07 12:29:55,2018-03-08 19:58:35,2018-03-13 18:56:39,2018-03-21,fc99cf02242e9883997db66f863ab742,2018-03-07
45ac1d4b219993bf334080eac1585166,a7d1dc2de29fc011bf5f947f8a8636c7,delivered,2018-01-10 09:04:09,2018-01-10 10:31:35,2018-01-10 22:48:10,2018-01-17 15:44:12,2018-02-08,99d697dd68fad729283560abe0adae43,2018-01-10
51fc12a7908ea200b269a6ecfb3e7740,abbfa19a38ba17ff02883ba523a9d42f,delivered,2017-02-08 18:00:36,2017-02-10 02:55:28,2017-02-15 12:37:51,2017-02-20 18:14:01,2017-03-17,16bc2649f4feeba423feecb3279bd28f,2017-02-08
c228d309379c3ae545cc6ca2d5aae1b2,eca5e1383292be5fc6c5b1aa3e1215b5,delivered,2018-06-30 21:57:55,2018-06-30 22:10:13,2018-07-02 13:39:00,2018-07-04 21:48:36,2018-07-24,b36e3758a257a9e554bfae4d648b2950,2018-06-30
f419e615bbdeb34741d4bdd661ff8599,271f76c70ce217ee656713b99097eaef,delivered,2018-08-08 10:49:59,2018-08-08 11:05:15,2018-08-10 13:40:00,2018-08-16 19:18:51,2018-08-17,6985e81d9007fa0eac3c04a9752efd6c,2018-08-08
c10ff28c81d0b9bd2a265bb0836c8b0c,05535d34af5324aaf6988e1d890a0d6e,delivered,2017-10-05 05:23:47,2017-10-05 06:21:20,2017-10-06 17:16:05,2017-10-09 18:32:38,2017-10-30,6927dac0fa9c5c972d388e6a77ce7d93,2017-10-05
638f79643fd5681c6e6c6ef1f1ab700d,69d8d9775287ba592a957eba2211d351,delivered,2018-04-10 14:58:16,2018-04-10 15:11:08,2018-04-17 13:16:29,2018-04-27 23:17:26,2018-05-11,4e1e21d422058c75922a29548f43479d,2018-04-10
a094215e786240fcfefb83d18036a1cd,86acfb656743da0c113d176832c9d535,delivered,2018-02-08 18:56:45,2018-02-08 19:32:18,2018-02-09 21:41:54,2018-02-19 13:28:50,2018-02-22,f5cb81f98962f7504bef1e75579b6dff,2018-02-08
86e574a0701d15590bf31783bc7de5dc,cacade100f1ef4bb325438538d726a76,delivered,2018-07-12 20:24:07,2018-07-12 20:35:10,2018-07-17 10:32:00,2018-07-23 18:09:27,2018-07-27,0d75e26f60500a90bbf13fa2b9af61cb,2018-07-12
fb9b2930f4a30f96c7cc98eaaa85e5f0,02ed2cff54eb047cdbe79dd0535945d4,delivered,2017-11-24 14:15:53,2017-11-24 16:19:01,2017-11-30 18:18:50,2017-12-17 10:47:53,2017-12-14,757921c3d0047781031e9bcbaf2c393c,2017-11-24
8e24261a7e58791d10cb1bf9da94df5c,64a254d30eed42cd0e6c36dddb88adf0,unavailable,2017-11-16 15:09:28,2017-11-16 15:26:57,,,2017-12-05,41fc647b8c6bd979b1b6364b60471b50,2017-11-16
02aec12849744e266394182861265286,076dcea2eb6c8dbe9354f7c0d8670a00,delivered,2017-08-31 17:46:40,2017-08-31 18:05:09,2017-09-04 19:22:51,2017-09-12 20:59:50,2017-09-27,5a014dabe8de0cc29621e8c8d5ebfd8e,2017-08-31
f11b36b3bc7bacf06deef862ed611f02,ae8db0691449a44352e7d535ddf78c5e,delivered,2018-05-15 09:10:20,2018-05-16 03:14:50,2018-05-16 15:47:00,2018-05-22 20:37:31,2018-05-30,ad28944afc91824e30366a595654aaa4,2018-05-15
2c3a5e5f5bc3ae78ed5748461e62d47d,5f2bc926ec92aa65c33b70ed59e74175,delivered,2018-01-22 19:22:26,2018-01-22 19:36:30,2018-01-24 00:34:56,2018-02-06 15:49:01,2018-02-06,26519785c800da52d3796667a222ecb0,2018-01-22
4eeecb9e657525024b9b538730c5f974,b7a7e149c4a6120ec3938bd2752683c2,delivered,2018-06-16 00:01:56,2018-06-16 00:23:09,2018-06-18 12:23:00,2018-06-28 16:41:38,2018-07-13,1fd4f857b3f68f5622ebde22e2b328a6,2018-06-16
6f954a919130aa1e8def4ed1b9fca432,d929280e89af72c9509d90a5912adaa4,delivered,2018-07-28 18:21:00,2018-07-31 03:50:25,2018-07-31 11:13:00,2018-08-01 23:57:28,2018-08-02,c05813a7cd3de5d467c50fb22e52eb2c,2018-07-28
56bd45163229b35ca0ab490c1e3d3233,f8975f0842ae1e4670a410a02b1b5053,delivered,2017-11-28 21:07:26,2017-11-28 21:17:25,2017-12-04 21:37:41,2017-12-12 20:22:51,2017-12-18,83d1d424c386ddd0ee98407d038bcdb2,2017-11-28
6bb1e842418aac0c9c820afd3bb63a2d,032f25110f17bb0d65268257b10738bc,delivered,2018-02-11 14:13:54,2018-02-11 14:25:28,2018-02-21 18:49:53,2018-03-05 22:04:37,2018-03-23,b931fdce2c9ab0c8475ac1bc83af0f04,2018-02-11
28fa410eec232354726af94904c6fa9b,229755021cdd010bc07d4f5b35c78ef6,delivered,2018-03-17 15:21:11,2018-03-20 03:48:59,2018-04-05 00:32:57,2018-04-06 01:23:24,2018-04-16,28a9545ffe21521e8fa3870135873d50,2018-03-17
f93af565de05d2427790ad8d0368a80e,abd4fba77f31f5efdc766a09851e4da3,delivered,2018-06-03 11:52:11,2018-06-03 12:10:28,2018-06-04 15:05:00,2018-06-05 18:19:32,2018-06-28,0be176523405976a37488ad6a2b81031,2018-06-03
3f3913e8c7fd221ac82a34ffa20b93ee,a9c6cd6cf9583fa5820d55c21238f78e,delivered,2018-05-07 21:49:08,2018-05-07 22:11:35,2018-05-11 13:49:00,2018-05-17 16:56:33,2018-05-24,6c5c77a50c55187a74295b4aee84b778,2018-05-07
ed91235fc08276eed0470b26a6dbd4a3,977275bd3cd425aa9926a3388658f485,delivered,2018-03-09 14:58:05,2018-03-10 14:50:28,2018-03-13 19:18:29,2018-03-29 23:31:48,2018-04-05,e20247a9f1cdb71d4415f2a0903212f9,2018-03-09
7107c5823a581db0314f8f0fa95f61e7,2368e38c19fd581f0953057716cad811,delivered,2018-02-27 15:53:44,2018-02-27 16:15:38,2018-03-01 20:07:45,2018-03-22 22:12:59,2018-04-03,f81bd58e79b9717dc8a5edb0c4f0b502,2018-02-27
3a830ecb5338f0ff69822d388b64822e,f8c3d249c98f91b25409df45d4a095e3,delivered,2018-01-24 11:40:28,2018-01-24 15:08:06,2018-02-07 18:44:52,2018-02-15 15:08:38,2018-02-20,682dff0e9050d37ddd64e2ffc53bcbbe,2018-01-24
955ea2e3177592d909296220d7fcdebd,58ffe52cbd8077e75af00321bd152ce2,delivered,2018-06-09 11:02:51,2018-06-09 11:15:21,2018-06-11 14:05:00,2018-06-19 11:22:36,2018-07-04,86d665d743ac6fc7a69c5f97c1264ea9,2018-06-09
6d231a099f98f5a590ad78db56ae82f1,6ee311afc0adb5663ad53868d46ba39d,delivered,2017-11-11 22:16:49,2017-11-11 22:30:25,2017-11-13 21:32:01,2017-11-16 21:48:37,2017-11-27,089b7f0bd3654dae116bbef61b197fea,2017-11-11
4bb6e6f5af26e1f5951d934386615406,f962bd6ee98fa707c3e2eb532bab37b0,delivered,2018-06-28 11:08:58,2018-06-28 11:31:07,2018-06-28 11:57:00,2018-07-09 16:02:28,2018-07-31,0e52335ca066271c324be8289cae3251,2018-06-28
c4d2f075fc3bf3a06d1e68e113c35cbd,aa6edca5d83d4c8e9a2262b9847febd6,delivered,2018-08-01 14:58:41,2018-08-01 15:31:17,2018-08-02 16:46:00,2018-08-15 00:18:53,2018-08-27,33e608856217dd0b34bf69e313470406,2018-08-01
52e5445828db681d83dccb33a15ecac4,d42ee2c04270ba237933c8bdd5e1c761,delivered,2017-11-24 17:37:41,2017-11-24 20:56:27,2017-11-27 15:12:48,2017-12-19 14:19:22,2017-12-27,c53d90ab068a7fde8fb74003248e1ebc,2017-11-24
879195f2460f97ab2f3bf119f2e8638b,09cdb569d94234872c468f2711ca0f91,delivered,2018-02-03 14:56:55,2018-02-03 15:11:02,2018-02-05 15:54:50,2018-02-23 22:59:22,2018-03-01,ae3759d2ee307574752179acccd595b6,2018-02-03
22ff7c206b68858435452298296c2fcb,5ad934ace4646e3dad70148a823eb138,delivered,2017-04-27 10:24:22,2017-04-27 10:35:12,2017-04-28 14:07:00,2017-05-11 17:22:55,2017-05-25,795ec127906a9e161109399a70f5826d,2017-04-27
ebc8d4b1397747291b758772e9d87984,4d225460f83ea2b1ac705ad1d5eef02f,delivered,2018-04-10 16:22:27,2018-04-10 16:35:12,2018-04-11 16:58:25,2018-04-23 13:47:49,2018-05-04,1a2d84203a039be469e1e754f4b8b0b2,2018-04-10
9f882c1f904b7dd156572ada58d7a7ae,843ff05b30ce4f75b6170b39c78a8ee5,delivered,2017-11-13 10:07:36,2017-11-13 10:16:29,2017-12-01 23:19:42,2017-12-11 17:38:06,2017-12-22,8718d37e3e19a80c134708dbe5815732,2017-11-13
5691d72069359cd293ac9a14f1bd5e9b,a8f76d9cb0f8db57cbbfe8d67b257893,delivered,2018-07-23 10:21:28,2018-07-25 02:55:14,2018-07-25 13:19:00,2018-08-02 00:42:53,2018-08-14,3353f4c5877c92dabf4068661b4564fd,2018-07-23
884cb4ce4a06390d35206de06f785d13,d19813c8754cc82d0add67df8bd8a38c,delivered,2018-04-03 20:44:15,2018-04-04 03:29:36,2018-04-04 19:12:15,2018-04-05 20:09:27,2018-04-13,0a289ff546b41e561b900c97b7bf6c78,2018-04-03
8e9e2a5d159d5718b34b926a34a0498f,3e8da88b70b67f67a05f66a138bd7f14,delivered,2018-01-12 19:27:08,2018-01-12 19:37:22,2018-01-15 23:19:13,2018-01-17 22:08:50,2018-01-31,900cd19b12a13a27ae64bf2d4f1271ec,2018-01-12
c0aa0e99afe6f6dac845326a854690fd,316540a76ab1fe860a9cddf7f2f6717a,delivered,2017-07-24 17:19:00,2017-07-24 17:30:29,2017-07-26 00:58:24,2017-08-08 15:07:39,2017-08-11,8234ef6394990aa58bc7078911f82f1b,2017-07-24
1d251ab94983c4adb11e4b168abb1439,230ab395e91b2421bd00ea45b60b23cb,delivered,2018-03-07 23:46:19,2018-03-08 00:49:38,2018-03-08 20:12:34,2018-03-16 13:58:58,2018-03-28,cbc1758cf3d80ee00814749bdb650bd3,2018-03-07
d9cfa4b0f995deb2fa9758d5534e1d13,24d47eeeee1e60eb5caf099281d0b3b8,delivered,2018-06-05 11:36:11,2018-06-05 19:15:24,2018-06-06 14:59:00,2018-06-11 21:38:34,2018-07-16,e88522b2099d00ffd478720abcaeba48,2018-06-05
8a49984afb76dae66f3810e1b7093ec4,3cc640f13134a74f3bc34b9b0094d412,delivered,2018-02-15 23:27:21,2018-02-17 03:35:43,2018-02-19 23:53:13,2018-03-14 16:52:13,2018-03-20,30e4588900a8ceade11dbe60525d107e,2018-02-15
c26b94aa87e95d1c1eb1b592f43eb223,7aed8da5ae4e0e34226c47f3bf041956,delivered,2017-06-29 00:10:49,2017-06-29 00:23:33,2017-06-29 15:41:19,2017-07-10 17:36:56,2017-07-19,7e69734dad7cfcbe95aa59f38095057d,2017-06-29
06ae7271902bbb087fc093137fee6e81,1a1b5f9e903aa3c203caf5cb63fca2b1,delivered,2018-01-19 21:07:32,2018-01-20 09:09:35,2018-01-29 20:17:05,2018-02-20 19:27:20,2018-02-22,701a19d561fa7884b12c229759819698,2018-01-19
8373f5d7df6d9249999fd38f8513e6d7,690515766f9073c82cc07cfa11c4fc11,delivered,2018-03-29 12:00:11,2018-03-29 12:48:47,2018-04-02 16:46:48,2018-04-09 19:26:42,2018-04-17,5925dfa8cd87ab4d852383f7039c8bc2,2018-03-29
3b4ad687e7e5190db827e1ae5a8989dd,1a87b8517b7d31373b50396eb15cb445,shipped,2018-06-28 12:52:15,2018-06-28 13:11:09,2018-07-04 15:20:00,,2018-08-03,1c13e7a690e418f5a133c8a219b5a124,2018-06-28
4570fa83dbb31a563e06db0a554b951e,cdfe21141f5df77ba0fb20bef6621a9f,delivered,2018-03-15 20:23:45,2018-03-16 20:31:55,2018-03-20 23:42:44,2018-03-29 19:22:10,2018-04-06,396e89f9a8b20de569b4f649539028db,2018-03-15
04040ee654b248cdc512a68ecc83e4cc,53379b14e4048e025dc5a2185f461bb7,delivered,2018-03-27 22:14:59,2018-03-27 22:30:13,2018-03-29 01:04:03,2018-03-29 18:28:40,2018-04-09,50bcf3c27a375da1f5d33ab1798b38a4,2018-03-27
0b584b729bdfec204ec2aa5d21d6ca56,da2fbad9b2235c67c9bc7c7a274ee389,delivered,2018-08-03 13:32:54,2018-08-04 05:05:18,2018-08-06 13:43:00,2018-08-14 00:28:41,2018-08-23,279bd194cc9790cf88fbd6442e3cf716,2018-08-03
bd2623f3663c5daa3f89e6b527fd49da,b7b15ab12fa50616eee696a22f098e07,delivered,2017-01-21 17:08:01,2017-01-21 17:22:49,2017-01-24 07:47:47,2017-01-27 18:12:13,2017-03-02,c42ba47d1df4847a1fae69d1407c83d9,2017-01-21
343076b69aa1f03ee4beb49cf6baee58,a4156bb8aff5d6722dc68f605d8fa241,delivered,2017-09-26 11:08:38,2017-09-26 11:24:44,2017-09-28 19:33:54,2017-10-03 18:35:37,2017-10-23,ff755148365a0062374c353946b68aa3,2017-09-26
b68d69564a79dea4776afa33d1d2fcab,de1e5517fb50896bbdcff5814fb31802,shipped,2018-02-28 08:57:03,2018-02-28 10:40:35,2018-03-05 16:10:13,,2018-03-23,2c87620a0cba3dc7cdaf2617928d15d7,2018-02-28
f04bfdbef5359607d39e66fccc9cc0de,ddbd5d378c4a0981ba1ef29fb8e40b8f,delivered,2017-09-13 15:07:45,2017-09-13 15:25:15,2017-09-14 19:27:47,2017-09-22 16:48:51,2017-10-04,74182c655b0270d9dde23ca43bb16a2e,2017-09-13
d74d2985a4c187334dc59722076a2e5f,5f49d01f1579c231565f6629a6cb3c0f,delivered,2018-08-09 20:36:13,2018-08-09 20:50:14,2018-08-15 06:23:00,2018-08-25 00:46:26,2018-09-05,cdd4e05e1a4f6713e1ae3805b30d7df2,2018-08-09
bd3e89bd89fac4760b244047d795e2fe,046911a55a7bc12ca917758e9c4cb5ee,delivered,2017-12-07 09:40:04,2017-12-07 10:31:35,2017-12-07 20:21:06,2017-12-11 18:52:39,2018-01-02,875a8799fbbac7a0f209714bebde4f1e,2017-12-07
fb6ba131bbeb30fd6db9c8900b5c5b92,af5b08db5f1a31a3b6856a8a6dc33167,delivered,2018-05-30 02:41:28,2018-05-30 03:24:11,2018-05-30 13:39:00,2018-06-22 22:41:09,2018-07-18,cd10a74ff01ce316302e0db00e90ccb4,2018-05-30
82daed31f80350ce51f518369a8d181c,d1240cdcdb9e6f08aa9a329bf1751c0e,delivered,2017-06-27 10:45:08,2017-06-27 11:04:48,2017-06-27 14:56:54,2017-06-29 16:45:36,2017-07-10,657b9acae4845d34e8766e84be3de88b,2017-06-27
4906eeadde5f70b308c20c4a8f20be02,4e7656e34357b93f14b40c6400ca3f6e,delivered,2017-12-08 04:45:26,2017-12-12 03:50:30,2017-12-12 17:43:21,2018-01-09 18:04:58,2018-01-03,ea870f4fdfd85ac98ab775b76efe3143,2017-12-08
ae17bb94dfb3eaf396cd393eace1de80,9cd169cea5076bf383e40a261d7b7142,delivered,2018-03-09 15:09:28,2018-03-09 17:00:39,2018-03-12 18:42:16,2018-03-26 21:07:18,2018-04-03,c672c78ba400adf4deb64f3aedf65cb0,2018-03-09
6379750dac6a8a1e11378e34278ae8df,6729078b4efa4371e61e6ec7df327846,delivered,2017-09-11 11:50:32,2017-09-11 12:05:28,2017-09-14 20:57:27,2017-09-19 21:47:09,2017-10-04,85234917cd71e079f2cb073da6f28fdb,2017-09-11
7ac1f3de2cdc809de6aa1e6719451f53,13a4684a5a46fcbafb42d8e30af15219,delivered,2018-06-12 09:52:46,2018-06-12 10:21:08,2018-06-12 15:31:00,2018-06-19 17:57:35,2018-07-12,cdf80822e68184b438a469f3dc2121a4,2018-06-12
aa466a92af916f9f68e56fce7d3a21b1,2c5491a76ec0a56db58282ea7ae70617,delivered,2018-07-03 01:17:32,2018-07-03 01:30:35,2018-07-03 13:58:00,2018-07-11 22:52:20,2018-08-08,a4031c5f35399c228a1cd7ed7431fd02,2018-07-03
c619ac0f9cdcfcebdfb9490451166da4,e5f6020aa61432f0dcb0fcda1c5113d9,delivered,2017-05-23 15:28:58,2017-05-24 15:35:20,2017-06-01 16:27:24,2017-06-12 16:48:13,2017-06-23,9d687a1e1a93c3d1788eaf38b05e0040,2017-05-23
31ef15cb5a3faa4df17e96b09cd8c1a1,19c6be9e0d7588d54ad848d44abeae95,delivered,2017-11-29 18:27:30,2017-11-29 19:31:02,2017-11-30 22:32:54,2017-12-11 21:44:51,2017-12-22,d84d4b0fd330741632546d09239344bc,2017-11-29
dc400373e624e9b0435847a79813c658,4a00f00d951c167739888a1f16c56e8e,delivered,2018-01-14 18:49:14,2018-01-14 18:59:30,2018-01-16 20:15:54,2018-01-20 14:28:43,2018-01-30,d02cbb85434c84acabb8e81bbf064d3e,2018-01-14
09d3f9f1be63c067456cc619076685a1,b6f05b99667a02c3722610a7bb6b4062,delivered,2017-08-23 15:40:22,2017-08-23 17:33:57,2017-08-24 16:25:25,2017-08-29 21:36:55,2017-09-13,d3940a0df7ce0786ee2c5a68f8149f91,2017-08-23
e3a83a19707a6f27e4fde8d6b13d43f4,39f944145e00598d075faec0bb1f447a,delivered,2017-09-10 22:32:14,2017-09-12 04:50:37,2017-09-13 18:26:58,2017-09-18 18:48:54,2017-09-28,7f2a3bcef7f1ac62f0020784d1986eea,2017-09-10
7d2286ec219f58023352077d938dee48,5d6e19aed6284c2fcb4b1a0eba6820de,delivered,2018-08-21 16:45:44,2018-08-21 17:08:38,2018-08-22 15:18:00,2018-08-23 21:03:46,2018-08-27,a8f2d0c982dc7985992fa2b93fdb7863,2018-08-21
ec1fc57b72a7bbe5b32f9c606510db76,559f9d302aa523b2dd718e956f248db5,delivered,2018-05-27 17:59:00,2018-05-27 18:14:14,2018-06-06 16:10:00,2018-06-12 20:48:48,2018-07-03,b4f36e3de7babd2a14f4a8d4a21d1eb7,2018-05-27
16c24987724018f73b746aacfbb5f8e8,ffdc2af7160aed3bad21cbc8ec68c0c5,delivered,2017-05-20 02:48:00,2017-05-23 03:50:25,2017-06-05 13:58:19,2017-06-16 16:52:02,2017-06-09,49eb55b407f86a1e87d7898594e65c90,2017-05-20
d3c8851a6651eeff2f73b0e011ac45d0,957f8e082185574de25992dc659ebbc0,processing,2016-10-05 22:44:13,2016-10-06 15:51:05,,,2016-12-09,07d5b1f9bdd053347f0213187b343ac9,2016-10-05
75f433fd5ff62807235cb08b520c3c49,c40c7807639289e3f1308ac6e5bc104f,delivered,2017-07-28 11:25:16,2017-07-28 11:35:14,2017-07-28 19:58:39,2017-08-07 20:41:57,2017-08-17,07187fdb640eb2923d831b48ce809b54,2017-07-28
bca3dc20a3ec02261c5b17dc270e9e65,90065cd5c7c581bf099b1b9bd589a3fe,delivered,2017-12-05 10:34:52,2017-12-06 02:50:38,2017-12-08 21:41:59,2018-01-04 16:57:16,2018-01-05,e8dffc994f5e11c852b8706c0470ce53,2017-12-05
bbd64b019b5ea3ed83a114cc665328ff,3e87356efef361b40b30fd699f9e5638,delivered,2018-03-07 15:37:22,2018-03-07 15:55:42,2018-03-08 23:25:25,2018-03-10 00:05:13,2018-03-20,2d3c25ea3f9a4d5136a7ff272b1b0ab1,2018-03-07
74c951ce0835b2741d3014321ae9c480,e26eb46e8146dedecc6524e5d9771047,delivered,2018-08-20 17:38:55,2018-08-20 17:50:28,2018-08-21 13:09:00,2018-08-22 19:29:04,2018-08-24,26ad164ad913649d86d05c20c3eaad57,2018-08-20
4e2160ff7a61b2bf4fbd2e527ea924d3,ea36ec29b56eded534644f21b9561efc,delivered,2018-02-09 13:48:17,2018-02-09 14:15:48,2018-02-09 22:53:10,2018-02-22 17:14:00,2018-03-06,cef44ce121b124fdc3438472b1ac4e9a,2018-02-09
b75b4f6e7c5fe3fa05707992a88d9d38,83da8aec5d2e8b2847e6ca45bea5588f,delivered,2018-08-02 14:41:02,2018-08-03 14:35:14,2018-08-06 08:31:00,2018-08-10 22:12:19,2018-08-16,bef61c4e2f6c5afdc112a9dc3a55cdc0,2018-08-02
6f841dde94727854eaff3f66432c80ea,a9c9532060c9d245f06526c633d2dfba,delivered,2018-01-02 19:20:35,2018-01-02 19:32:22,2018-01-03 17:34:42,2018-01-27 14:27:59,2018-02-05,5f38cc36e507c4d880489be38964af19,2018-01-02
2b72a32a2c3e93fa260ca7655073886f,5265029daa29cc08d86b9f96cd99d03f,delivered,2018-04-18 15:40:36,2018-04-19 08:15:16,2018-04-25 13:34:00,2018-05-03 13:03:03,2018-05-18,6940ba069c2c25350ea9e059b35d7d23,2018-04-18
f373335aac9a659de916f7170b8bc07a,f06a94a401e52fb019c72f2e8bbf6a2f,shipped,2018-03-17 15:32:31,2018-03-17 15:48:40,2018-03-20 21:08:28,,2018-04-13,d4b1297d645ec19df4cd0af8cd6fe14a,2018-03-17
3d087f98b006ae162b5e3b56e7bfdb4a,993a76ab0714792eb45d4ebdd58e9a1c,delivered,2018-01-05 11:04:11,2018-01-05 11:15:29,2018-01-05 21:33:18,2018-01-23 17:41:57,2018-02-14,773d6a126278eaa169f2daeb9cc23ef9,2018-01-05
a7076e7aba13de8b66d95a55811290ed,1ae196062dab95e434e781a5319f0ab9,delivered,2018-05-14 11:04:55,2018-05-15 04:35:02,2018-05-15 16:22:00,2018-05-21 20:32:38,2018-06-04,02e9109b7e0a985108b43e573b6afb23,2018-05-14
d7f4e2f755cf2f40aa7c39804cfe01c4,18ad705482141f60ad05945506ef2b9e,delivered,2017-11-26 12:50:56,2017-11-26 13:14:18,2017-12-01 16:52:08,2017-12-08 17:02:43,2017-12-20,37d2d1ac62901f9a36cff32ca86c9337,2017-11-26
6f5a2dbe5ccce73a9d053a542baabd1c,4d6793a25de1f63ca63869c6cd4b7b1f,delivered,2018-06-26 10:58:48,2018-06-26 11:18:28,2018-07-05 15:51:00,2018-07-07 17:37:38,2018-07-26,d11a194f143fd919974b08483bc2dd84,2018-06-26
66f6b3a33b0339acbf55dd71977c4293,282d52f23f7c0ece9340d411c4d2cdd9,delivered,2017-12-01 20:39:26,2017-12-01 20:50:55,2017-12-05 00:23:05,2017-12-18 22:29:05,2018-01-03,edf0cf9568d3eb609706a98548c06e83,2017-12-01
2f246ee329fce6932458bc7a10625d2a,45f9053fc8b24a6d5afa05b6d1b330ab,delivered,2017-05-26 18:35:51,2017-05-26 18:45:10,2017-05-29 09:37:28,2017-06-09 08:26:30,2017-06-28,ee25395beccf60a948ec3591ec9ddacf,2017-05-26
d65c179a817be22977e263fbc1a4fef4,e20e5dab42cf2fc3a11d1c89e087122b,delivered,2017-08-09 21:43:53,2017-08-09 22:03:51,2017-08-10 16:18:52,2017-08-18 21:09:45,2017-09-04,4e21dec7323ad0b039b139d47fae3374,2017-08-09
2babe10ce6bcb68b1e3bd35e24424466,debcdbb31583da1dbb6560b95ee39b18,delivered,2018-08-09 22:52:27,2018-08-09 23:05:11,2018-08-13 19:05:00,2018-08-15 00:27:44,2018-08-20,ff5f63dc004a0f064fc459dc73e45bd1,2018-08-09
ac64f79a33bfa575fc5a17e7926df3d5,51a8d592336a414fea21f12534b0f797,delivered,2018-04-01 18:27:01,2018-04-02 17:55:24,2018-04-03 18:25:51,2018-04-04 19:47:44,2018-04-12,5a6d092525ea183026c9b405b903fe0c,2018-04-01
727412faf7aef5ef3c7e0f03350d80c7,df01594ad086f53bdbbf927198981446,delivered,2017-04-19 13:45:55,2017-04-21 05:22:15,2017-04-27 05:53:19,2017-05-09 09:03:57,2017-05-25,6ba3c687055589c6271f660f1fbf6595,2017-04-19
cedd898e1a953e9a8f3d763a364f6717,d44c356f894fa28cffe33c455abb72ba,delivered,2017-08-17 17:03:31,2017-08-17 18:05:30,2017-08-18 19:57:56,2017-08-25 17:45:17,2017-09-13,2825ce9bfc557b2f9e46019382c0ecf6,2017-08-17
858505c5992f35429d07aae37bad60a8,0fa5382628eea6bbb19fde8b076dfdfb,delivered,2018-08-16 10:39:48,2018-08-16 10:50:16,2018-08-22 13:47:00,2018-08-27 22:53:39,2018-09-21,ad8afaa36c68da1bb75598c756c1148e,2018-08-16
6cb134bb285a64b0425d1fdaa00d4214,d854800a320bbb07b484f76894e4638f,delivered,2018-07-01 20:54:21,2018-07-02 20:50:21,2018-07-03 10:48:00,2018-07-10 22:12:13,2018-07-26,a813e96ecd044395587037a8314a4151,2018-07-01
f11e9516ca2b6091b64f2e2ea0ebebb3,7d527c98f408420a9d5c953e5b89215e,delivered,2018-02-22 20:53:14,2018-02-22 21:28:02,2018-02-23 23:19:09,2018-03-28 22:04:44,2018-03-19,dc184f142552a38189d5d5428d1984a6,2018-02-22
4d4ef6cd8147028ffd8c18dc0f6e3050,9afa8a81202f94d96ffed6977f09ea63,delivered,2018-08-24 19:01:02,2018-08-24 19:15:11,2018-08-25 09:02:00,2018-08-31 01:13:33,2018-09-12,a1fdca07add1ff66dda1ccc4de576050,2018-08-24
0438fc3e115633e11a93c878a1591016,369ec69ef76c47e51980b88a5740dc1b,delivered,2018-08-11 20:58:44,2018-08-13 10:10:18,2018-08-15 13:54:00,2018-08-20 22:57:43,2018-08-28,1acfddcc366d45e07b84eedc46282cdc,2018-08-11
3faf126d8a3b0684272791cd3c6cf3fe,824841f5112b77c04e832f5a46c2d733,delivered,2018-02-25 14:13:44,2018-02-25 14:28:09,2018-02-28 19:59:33,2018-03-07 18:31:53,2018-03-28,903da68ad12a13ea58f14a292c0c50c6,2018-02-25
0b0f3c7a9bcb6ad1fccab28f9240da6f,7bb3b0d45b4e1a13cd914e4a135e6bd9,delivered,2018-07-11 17:22:56,2018-07-11 17:35:21,2018-07-12 16:19:00,2018-07-13 20:56:37,2018-07-23,286cb34c005540e593bea6045b73bc5a,2018-07-11
65f78a0e1f8b80c4f6d8d5c6073b8601,1910935b7377a45bca463c844d7a071e,delivered,2018-07-31 16:16:19,2018-07-31 17:30:58,2018-08-02 12:35:00,2018-08-06 17:36:34,2018-08-14,0bc50d5cbce10d91edc3e935d068ef0b,2018-07-31
b7e4aca3e798d20643faacb681272a9c,be64f74b2773efd8d765f8417b65d276,delivered,2017-10-11 17:31:49,2017-10-11 17:46:20,2017-10-16 22:14:11,2017-10-25 20:21:43,2017-11-08,33b141e373b4f251b033f9ed33d6974d,2017-10-11
b52d29abb97a3978df1d8922bfe36fbe,ed034127e0801850ca9162dd9de7a106,delivered,2018-05-09 17:11:41,2018-05-09 17:36:11,2018-05-10 14:28:00,2018-05-21 15:38:36,2018-05-29,ee3575d8ee7cd3251e3efd6f9cf23fea,2018-05-09
3f596c69e8e78788530d898331118c7c,6230e4c4b38009c58b83aa90c2603ed9,delivered,2017-11-25 16:23:49,2017-11-25 16:34:24,2017-12-01 00:16:56,2017-12-12 00:35:02,2017-12-21,ae33f41c36f829c6194fdf1ba5721b88,2017-11-25
0c228d925a49aa5e3b35febb948f4f72,ee4a4b5842e03fbaff366b9459e08b95,delivered,2018-07-24 12:45:26,2018-07-24 13:24:34,2018-07-25 07:24:00,2018-07-30 16:56:35,2018-08-08,4b154e0720d0923cee4489015af0f662,2018-07-24
6cc4eb51469dec50a6130fe1cd07b7f9,a207382f0f563c1f430ef732ade9d9ff,delivered,2017-05-08 12:22:44,2017-05-08 13:05:31,2017-05-09 08:22:23,2017-05-19 15:55:47,2017-05-19,71f93416aba3c29ee0929275f545b506,2017-05-08
4709741e829775567b92abc42437b461,bd13582471af02ce718568d9cf8bbd93,delivered,2018-03-29 22:46:19,2018-03-29 22:55:21,2018-04-03 14:58:57,2018-04-09 23:52:06,2018-04-25,ecf3b5c0c40d0fe49084ec3a467b952d,2018-03-29
0341b60065c49221a27293793f11b117,cf4604a56d4e374de013f1ec35280d00,delivered,2018-04-22 14:26:17,2018-04-24 17:34:43,2018-04-25 00:52:03,2018-05-20 18:19:35,2018-05-24,98af3235f3dc55bc74cb8932c64b3523,2018-04-22
25ebb07a1069a75d3cb9baf0a94f22d0,d76dc2ed3d9f58905f39deea067fd40f,delivered,2018-07-22 06:24:50,2018-07-23 11:32:12,2018-07-25 06:36:00,2018-07-30 18:05:46,2018-08-14,addbdb6a87401fca750e8aa543641232,2018-07-22
c2d07d9078b700b9198a126183867c16,20c5718e5f50e1e3800046039376e216,delivered,2018-08-14 17:48:09,2018-08-14 18:23:55,2018-08-16 09:02:00,2018-08-21 14:06:44,2018-08-30,6f90f04011f53535e2ed7add0e6e9775,2018-08-14
25d47ee9a060a0359e8a10a858fc39a1,3271f9dc34c1d718be03cff03dec7acd,delivered,2017-12-19 13:02:13,2017-12-21 02:11:17,2017-12-21 16:59:06,2018-01-12 10:46:56,2018-01-17,c63f1bf0ff66dc26aa7e32552b3d42d1,2017-12-19
cf0ac4e12ad66c28302fc103670222fa,70ab5e994ea383619a19687837eedbbc,delivered,2017-10-25 13:32:46,2017-10-26 03:09:00,2017-10-26 20:42:31,2017-10-28 13:03:21,2017-11-07,9fdda3b176806e4447ead693e25ee82a,2017-10-25
43488f856ed3fa3e7d3f8228755d383b,5a58afc695ee03b9baca01d4afa52cec,delivered,2017-07-31 19:05:32,2017-08-01 15:15:19,2017-08-04 17:29:54,2017-08-14 15:07:37,2017-09-01,f2eb5bf76a4172b5ac7fc0ce6d64c3da,2017-07-31
32bda40452bf0485c310bca24eb53886,ebfb3f2e532c37d5a959ded000c9f603,delivered,2018-07-06 18:16:06,2018-07-10 08:45:18,2018-07-11 11:51:00,2018-07-16 13:11:06,2018-07-27,01593b828c6e7c516ed078a4820ab9b2,2018-07-06
2728209b1b0553533bce4afc52716b60,8e2e23cac1496c337274b16fb7d57886,delivered,2017-10-24 14:23:58,2017-10-26 02:56:19,2017-10-26 19:23:36,2017-11-01 19:18:41,2017-11-14,4509c8f5e9f3c62a7fe74eca06996bad,2017-10-24
b335cf4d393acc627b82e83b3b3711fe,47c42b50ab59928b531c450e672ce223,delivered,2018-06-12 20:54:25,2018-06-13 02:36:32,2018-06-15 13:13:00,2018-06-22 15:48:47,2018-07-05,963b5a699e9bba3b80c664365386e69d,2018-06-12
59d34e1064930d037d30041b73683aa7,8397274a8680c08c3208912c33d63809,delivered,2017-11-09 21:08:01,2017-11-09 21:31:38,2017-11-10 21:58:38,2017-11-16 16:52:00,2017-11-29,9eeaf54f02f98c43be6b0d01e3978660,2017-11-09
6f6665c1d76e55561978ccb45bdcafc6,12ae89712aa5a178c22147486d3cd310,delivered,2017-02-23 08:03:00,2017-02-23 08:15:17,2017-02-23 09:10:22,2017-03-02 09:23:07,2017-04-03,3b9e2937de55d40ff1f7539bee704b40,2017-02-23
db5fdbee9ab29d55f24c329246e6fe51,3487bedbddf4797d7308d0aa43dcf30b,delivered,2017-06-17 13:16:44,2017-06-17 13:25:13,2017-06-19 12:49:33,2017-06-26 15:58:13,2017-07-11,9949e007c1f037474a3423372cccb701,2017-06-17
9cf566da5a3277749dbd61fa060e8110,a4c79e8a9d9fcb82de5dddf33918fb47,delivered,2017-05-29 12:35:44,2017-05-29 13:05:34,2017-06-05 15:52:05,2017-06-12 13:28:32,2017-06-29,399a778f5be153d30884026d52e5313b,2017-05-29
15fb9c745e91eff5482a9af2a5fad0e6,3c14bd3e2287a1b895bc9af622d3f79a,delivered,2018-05-24 12:16:48,2018-05-25 08:14:40,2018-05-29 10:09:00,2018-06-04 17:16:36,2018-07-05,081e0e600cfd38bd7eabb583b2af18a3,2018-05-24
141ad0192cfa16174e4fd0a1a7e7ba4a,00eb2bf26ade27447b6532561c6a402d,delivered,2018-06-03 21:08:31,2018-06-03 21:30:06,2018-06-04 14:56:00,2018-06-05 20:32:10,2018-06-28,cc320e08bc9bc1b0a30e551d1de1e26d,2018-06-03
5869074071e0f56e9085dc3742c97b2a,7203eb38fea2b4a15dd6c39575314aa4,shipped,2018-06-08 20:06:48,2018-06-12 04:35:37,2018-06-12 14:09:00,,2018-06-28,c59ba65efe3622bcfaf929ecd5fbfbf5,2018-06-08
e5d931ebd7214cd492fff71fb6a2aeff,f19622365d4c40c686c8ca3bec559e48,delivered,2018-05-14 17:56:57,2018-05-16 03:15:21,2018-05-16 13:25:00,2018-05-23 20:31:55,2018-06-14,bc7fad0e4189527e86792ba981941140,2018-05-14
7842147864c0425541edd55923f3c0f1,218874412ede29f4f2cf826409ad90aa,delivered,2018-01-29 13:38:02,2018-01-29 13:57:11,2018-01-30 21:18:31,2018-02-17 09:32:39,2018-02-22,61b262310a6e93c6b63efa804ce63a7a,2018-01-29
6b7c5703bdc03335b37020877a06625e,9ce1401cf82bd5420fe255e02d6292ba,delivered,2017-11-24 01:34:00,2017-11-24 01:49:32,2017-11-30 23:38:27,2017-12-03 15:36:44,2017-12-15,cabd6d095f9967f7044473021795247c,2017-11-24
cbbb524a0e1646aa6cf7a3c0bbe517ad,dacb079d55ffb1d3955c5d923df3ebb7,delivered,2016-10-05 07:31:49,2016-10-06 02:46:24,2016-10-10 02:46:24,2016-10-16 14:36:00,2016-12-07,12cc890391e57d7123e004856ff1f137,2016-10-05
77af7c6e42549e58f42977d5be538d0d,fbf8e675c5adcf8c482b04c517814924,delivered,2018-03-07 16:27:30,2018-03-08 17:40:32,2018-03-09 17:01:11,2018-03-18 16:21:49,2018-03-28,06b672c7ae6d7ef4cbe41318c397537a,2018-03-07
7e05645577366863a93350aac5cc7de5,21809d6b8acb4ca628358610aea9435c,delivered,2017-03-22 17:25:28,2017-03-22 17:25:28,2017-03-24 15:42:43,2017-04-06 10:35:15,2017-04-25,59f72bd03edfc6d071ee1091ea4dbaa6,2017-03-22
ed01ce003df13cab401ba2ff57ea2542,fd24f53c8ce3ad467b44627306e0db30,delivered,2017-11-06 18:20:00,2017-11-07 03:31:21,2017-11-10 14:06:42,2017-11-14 18:05:15,2017-11-17,a6e10bbbfb7af7122f5feb0f19268baa,2017-11-06
b7a4a9ecb1cd3ef6a3e36a48e200e3be,c3d8fc500d86b1c961ee144395c13a57,delivered,2017-05-19 18:13:54,2017-05-20 11:35:41,2017-05-30 12:43:50,2017-06-08 07:53:42,2017-06-16,367f4686d7112d69feed92b02a1775ed,2017-05-19
f09942b1e1419e69f7509158f2a9c1d6,b40a130a36dc28cdbdabe856f1eee283,delivered,2017-12-16 13:51:18,2017-12-16 13:58:23,2017-12-19 21:04:31,2017-12-23 16:21:44,2018-01-05,e3989ce8a4e6df11d6e653380b318640,2017-12-16
d10090be5f75fb89b6817469f0ce1a30,321d2bc7c3bcd8475d52d2cf4a179c37,delivered,2018-04-18 13:13:47,2018-04-18 13:31:41,2018-04-19 00:51:53,2018-04-23 14:44:35,2018-06-04,b1d54204de1d43a54e30c7274281504c,2018-04-18
5342acb7b183acec77f59e4d78f7c804,4d493a5e3a53373d3bc26a01575a71dc,delivered,2018-03-29 20:53:48,2018-03-31 10:07:45,2018-04-04 17:44:32,2018-04-24 16:10:44,2018-04-24,9b390e923bbf7e3edc2bcb93d8707355,2018-03-29
72ee4a26e767e55282ac10e63c7b1227,ab4e4f11610404b4184fb812e47bb0ed,delivered,2018-06-23 19:24:21,2018-06-23 19:39:10,2018-06-25 13:48:00,2018-07-09 18:21:32,2018-07-24,0bd4d2600b49eb951489ebc82723a4e6,2018-06-23
6cd474b81add3c3d62536cab3e34aa23,796e0c6b3690401bd5592b7ce89be9f2,delivered,2018-08-06 09:12:33,2018-08-06 09:44:23,2018-08-13 15:33:00,2018-08-14 18:11:36,2018-08-22,8e189d068ef04b5a5100820fcf317000,2018-08-06
4f7e398a1ddb1c349465b42b6865c60b,364fbe9334877bc7ca3da92913b2cdbf,delivered,2017-06-02 14:00:19,2017-06-02 14:42:50,2017-06-07 12:37:32,2017-06-12 17:38:13,2017-07-05,99295d295510266e4145b6c536cac816,2017-06-02
05387d537bd2e5027aadbfb6a5123e4b,1fc77bb785f297743a18fac02b30de62,delivered,2017-11-06 16:24:03,2017-11-06 23:31:52,2017-11-08 17:55:40,2017-11-20 18:36:52,2017-11-29,766c363986fc269b65ca0bd173b39691,2017-11-06
59b32faedc12322c672e95ec3716d614,5baa82a2c45fa3220cb57d9881db3211,delivered,2018-06-27 11:10:11,2018-06-28 02:15:51,2018-06-28 14:57:00,2018-07-06 16:37:36,2018-07-26,c56d066e503008b8d0bf4204857c588d,2018-06-27
c158e9806f85a33877bdfd4f607b72e7,25456ee3b0cf84658015e46686025224,delivered,2017-04-14 22:06:32,2017-04-14 22:15:13,2017-04-17 14:52:32,2017-05-08 11:10:26,2017-05-18,a577a79cf9dde79841a2b42bc7d0e6c3,2017-04-14
19721d59a9764437477eff0730b48665,b1757da2a461d581e1a3b280ca181b7c,delivered,2018-03-26 11:02:31,2018-03-26 11:15:38,2018-03-26 22:58:37,2018-04-09 21:53:23,2018-04-27,059ba8400bf965adf606ecc7ef3396e9,2018-03-26
08652363092b158440e2422e7c3ccaf4,03b3813a78be4cf5205e70977ad78d29,delivered,2017-12-04 18:26:12,2017-12-04 19:04:48,2017-12-11 19:48:52,2017-12-19 01:15:07,2018-01-04,8941047a0d54f59366a66ba79806ae9b,2017-12-04
e92f3505810692cd4a0350b19e2d9045,24c63a7108d652ad0ed85589c4575297,delivered,2018-06-13 22:54:20,2018-06-13 23:18:38,2018-06-14 13:47:00,2018-06-22 17:46:42,2018-07-11,a65b62328b640dec0c6054199018fe2b,2018-06-13
38c1e3d4ed6a13cd0cf612d4c09766e9,18c934f4cdc994cd04eb13bce3f47a18,delivered,2018-02-02 15:26:38,2018-02-02 16:00:16,2018-02-03 01:18:26,2018-02-03 15:05:56,2018-02-20,9aa5b032a9157594cda43b16a832f738,2018-02-02
5a63a60ea2852393994270157cd61e0a,e615ca09613c8f72bf3a0bd5e2d349fb,delivered,2017-08-10 19:47:29,2017-08-12 02:45:50,2017-08-14 20:53:50,2017-08-21 21:00:03,2017-09-01,1d15f7e108877a5588200e84345a9a68,2017-08-10
1b9ecfe83cdc259250e1a8aca174f0ad,6d6b50b66d79f80827b6d96751528d30,canceled,2018-08-04 14:29:27,2018-08-07 04:10:26,,,2018-08-14,8ea097b1824dbd4d17af71b0afe04301,2018-08-04
409e4a6eadbdc33f16ccf0bda01eec1f,0e8ada3654b94e0d569b44233db3c9dc,delivered,2017-09-05 18:24:22,2017-09-07 02:44:03,2017-09-11 22:07:42,2017-09-17 15:31:51,2017-09-25,430205ab3bd4700f1934a49b0f6c610e,2017-09-05
4fc42727f0b542099a7568206da01fa6,fc6788a31c7a99fec01c62063032bc12,delivered,2017-12-07 20:38:37,2017-12-07 20:51:19,2017-12-11 18:15:09,2017-12-14 19:42:26,2018-01-05,720d85b7b02bc0505d82fcd0e6010490,2017-12-07
b0ff8ff92f8d916fa2e8005cd8e1a135,610a4163b8ab832daf93b4fbb48e9119,delivered,2017-11-19 16:12:34,2017-11-22 02:58:38,2017-11-22 14:47:28,2017-11-24 20:32:37,2017-12-07,95cfb39a7e263160308a934e42cfc4e0,2017-11-19
bb27f9e70d5cdc66d0c616aee3dbb387,225743267e630cdf226d130d80c4aa5e,delivered,2017-12-08 23:41:49,2017-12-09 01:30:50,2017-12-19 14:14:30,2017-12-26 23:15:01,2018-01-12,a39fd8580a18106b255d59465955e149,2017-12-08
b60b53ad0bb7dacacf2989fe27ad567a,2f9902d85fcd930227f711cf47012bdf,delivered,2017-05-10 14:03:27,2017-05-10 14:15:14,2017-05-11 16:25:53,2017-05-23 13:12:27,2017-05-18,9676b88a7dd5de3db5ded00d7d36f1b0,2017-05-10
db0d194c127a36909de3bda3edad30bc,33bfc91146c9eea42397a0430585ee59,delivered,2017-11-30 13:34:43,2017-11-30 13:56:28,2017-12-01 21:09:12,2017-12-10 17:53:31,2017-12-22,8a024c6ea16ad84e67bdc2bf5bd625c2,2017-11-30
884b1394fc8888e6a877df86eb19e74c,7ee968b8ed74301e0cbd3e44416cad9d,delivered,2018-03-19 21:50:14,2018-03-19 22:08:28,2018-03-27 14:04:29,2018-03-29 17:32:05,2018-03-29,a0f1a379d9aa6e79e14fc5ee5fcac940,2018-03-19
ac7a92560a9e99f0a0ab4988102f491b,6abf781c5304890987047e9aa239caa8,delivered,2018-03-04 15:58:09,2018-03-04 16:10:35,2018-03-06 17:14:59,2018-03-22 23:44:33,2018-03-23,a176838867d89ed62981cdf02b7ca3e1,2018-03-04
197edbaa61a8a349f382553fd2180ee1,42bb82a17b70bebcc6090d38d894ea3f,delivered,2018-07-02 13:58:59,2018-07-02 14:10:56,2018-07-09 13:22:00,2018-07-11 14:18:51,2018-07-23,0f524b9f56efaf32d066ef999d95840e,2018-07-02
da8be3bb62e9bf01e2e1a3bfd74ebd1a,3f083b9f62e687be8d84684c7d54c8db,delivered,2017-04-06 13:44:08,2017-04-06 13:55:17,2017-04-08 01:37:04,2017-05-08 10:52:06,2017-05-04,1e7097be947ad5d0f7819bdc9d8d7d0e,2017-04-06
dcbd516c0f39081a5e542ef76bbc3fe4,75932cfd72b87bd6079cf17786726807,delivered,2018-08-12 12:04:03,2018-08-12 12:24:22,2018-08-14 15:54:00,2018-08-22 17:09:01,2018-08-30,5c00e849b56a56ea31560d5d66f933e9,2018-08-12
c2215076050fa358934105b15c34cf3b,19e7a88b34ef70d108e660c6eb33e82a,delivered,2017-07-16 10:04:36,2017-07-16 10:15:15,2017-07-20 17:42:22,2017-07-26 20:32:17,2017-08-04,f329e0e1d8897ffa466a836ed216a23b,2017-07-16
8bbbef97d763f4dcf2e12cc5b5e0cee6,61ce7eba15a872699599957e5d18f0e8,delivered,2018-07-28 20:07:49,2018-07-30 18:31:17,2018-07-31 14:51:00,2018-08-07 14:17:49,2018-08-16,5936fabf5dfeaa6c31d9f649b5794e2c,2018-07-28
6de3383be650cfe96aed26171ad65c47,cae5d18352d2eb7396bd594c706f3624,delivered,2017-10-18 16:44:45,2017-10-18 16:56:50,2017-10-19 22:14:05,2017-10-27 20:48:58,2017-11-06,b8baa482e2e3b439ab972fba47c9be48,2017-10-18
b8c38cf37cd17fd645f2e84101c8a679,940526d0df4938d234d0a900268106c4,delivered,2017-08-28 22:47:13,2017-08-28 22:55:20,2017-09-01 19:58:00,2017-09-06 20:56:55,2017-09-18,a0c241dec798f1624d120b0be72d7377,2017-08-28
21f4a37ec131158f1615d0f186f190af,84b100e334843870e95ff29421ab66bd,delivered,2017-12-21 20:11:07,2017-12-21 20:30:28,2017-12-26 21:09:19,2018-01-10 14:26:57,2018-01-17,e58a978fc59d070baefbaea0292456eb,2017-12-21
c186ebe3937470a2f562a2dc0bc74dd7,20b5aae6a3e31111009f9a7ecc31a232,delivered,2017-11-27 13:33:35,2017-11-29 13:37:08,2017-12-01 19:32:51,2017-12-04 20:33:19,2017-12-14,e63d1b81ea1a2cc0a9468c06a4305e09,2017-11-27
56a4ac10a4a8f2ba7693523bb439eede,78438ba6ace7d2cb023dbbc81b083562,delivered,2018-07-22 13:04:47,2018-07-27 23:31:09,2018-07-24 14:03:00,2018-07-28 00:05:39,2018-08-06,d9e85480c2442fce7b1c6e09db3b0492,2018-07-22
d62387acb3914789e712406e9882e549,ad4da04c9e20699c6ad1843af39846d2,delivered,2018-05-08 19:48:01,2018-05-08 20:32:08,2018-05-10 18:29:00,2018-05-14 19:05:08,2018-06-12,1f7d9afd77ceacfa0b5b461a50818806,2018-05-08
e659b8223be6f632acb24fb80cf50ca9,9ac71dee8847ffe35fb2c087da733cc4,delivered,2017-11-18 11:30:58,2017-11-18 11:47:19,2017-11-20 14:59:10,2017-12-08 17:29:17,2017-12-18,178517ea7fc752dbcbfcad925153cf94,2017-11-18
b693d6c35867fa1937455e04f2547df2,eec909ab0da04f0d3e92f898c6994d37,delivered,2017-05-11 09:13:17,2017-05-11 09:25:21,2017-05-11 10:09:25,2017-05-16 09:42:08,2017-05-31,00dd4390a8e8ad7a126e8331decc49ce,2017-05-11
0f9dc92df0635605588c51ec2e4c58a0,4f31c34bf33334525417bab91b4794da,delivered,2017-12-27 19:19:44,2017-12-27 19:29:30,2018-01-03 20:10:20,2018-01-10 18:10:04,2018-01-26,e8e2449fa453dd320f605734798bb093,2017-12-27
8efc076145638bcd5298053ddde6ff0c,faa299ecd22a2998858efc7cb87011bc,delivered,2018-01-09 11:19:49,2018-01-09 11:29:43,2018-01-10 18:19:02,2018-01-11 13:51:51,2018-01-23,cad2c7327ff2add52d6f2579e541ccc7,2018-01-09
35b7d83c8629ba8d0f718d9d293cf436,61544bf6d5b15f5dcec75603b22fcda8,delivered,2018-06-23 18:07:30,2018-06-23 18:35:22,2018-06-25 11:40:00,2018-06-28 18:22:32,2018-07-25,bf087cbc0138d7066e1c41d1a97973dd,2018-06-23
418764469a9e73f76f56783c1863bd05,b3c3c1b58dad3d55671825fe3715321c,delivered,2018-07-03 19:34:23,2018-07-05 16:40:52,2018-07-06 10:18:00,2018-07-11 15:08:35,2018-07-30,40d306efe27702bd8ecabd6c35f32ddb,2018-07-03
45ed6e85398a87c253db47c2d9f48216,8eab8f9b3c744b76b65f7a2c0c8f2d6c,delivered,2017-06-08 21:18:45,2017-06-08 21:30:18,2017-06-09 08:35:18,2017-06-22 17:44:53,2017-07-10,e4000306cf2f63714e6bb70dd20a6592,2017-06-08
0bc4a984d79279c843421830f595273c,e93fa47188d998ecd355fdb87a5e62e3,delivered,2017-10-17 18:22:05,2017-10-17 18:35:10,2017-10-18 21:12:08,2017-10-25 17:07:07,2017-11-03,69fbe1ef33ee18593788e655e348b954,2017-10-17
bb3b61a129aba9eeb10bb81a4770f3b1,e986427e3d822269e0b7e998d86cf267,delivered,2017-09-08 13:37:07,2017-09-08 13:50:16,2017-09-08 19:52:05,2017-09-15 22:36:27,2017-10-02,0eab82e58c1b71bfb9f2c7dd966e8cff,2017-09-08
7876404b81dcee26d47be1c7131b16ec,e20b5cad78dd8fc3006244b5397d5a0f,delivered,2017-07-17 09:29:02,2017-07-17 09:43:06,2017-07-17 20:17:43,2017-07-21 17:15:29,2017-08-14,8ca577639091122b3c581bc89d11da3b,2017-07-17
0ac645ddb846d1373321decb39c9956f,46d8521966b3f64cce626dfc6b655d1a,delivered,2018-05-07 20:57:42,2018-05-07 21:14:16,2018-05-08 14:12:00,2018-05-11 22:08:57,2018-05-29,969cdc8af5b07074766e79c1e6d76c24,2018-05-07
711f6009f8bf028b3fa426696b581432,5613454932b2c4229250680708f8c0b8,delivered,2018-08-01 16:54:38,2018-08-01 17:24:06,2018-08-06 08:27:00,2018-08-10 16:57:43,2018-08-23,185dee501a0c28b9c799ff72a3e527c7,2018-08-01
cf18c0b77059499a99818871229ab994,d21eee9c29efbbd504b464caab82b5f1,delivered,2018-08-21 10:19:27,2018-08-21 10:51:49,2018-08-22 13:30:00,2018-08-28 15:58:50,2018-09-18,178abcae329614ef88c84a4f2d01b536,2018-08-21
6147a4d49752afd35a119d794e481588,938698ae953596e231326da5ff220f68,shipped,2017-04-25 13:35:09,2017-04-25 13:45:16,2017-05-02 15:29:33,,2017-05-29,545d52845f89fb2a0069f8af963812de,2017-04-25
d977821da81b766c90bcd3351f0dbf19,5295c0f1f2053aa636bc034c2a85ab44,delivered,2018-05-04 21:40:39,2018-05-05 21:35:18,2018-05-08 15:15:00,2018-05-16 19:08:52,2018-05-24,aa2511d870f9323a51307961b1030a5a,2018-05-04
5c1f2bd7eff419c165428371164d750c,ac4e328e156057d602bb4d7b146d5468,delivered,2018-03-08 15:59:11,2018-03-08 16:31:43,2018-03-13 01:21:57,2018-03-18 18:26:36,2018-03-20,b7691a211ab550e0b5f3bf33ade5f5be,2018-03-08
5a00ef28abf9645038a7d37c1639d2c2,60134a69479bd4d54c03fd5076bbe984,delivered,2018-06-11 13:00:02,2018-06-11 13:33:26,2018-06-15 16:40:00,2018-06-25 15:26:32,2018-07-13,8232307186e5914a3bcf85d23e5f447a,2018-06-11
5a0e5ad33542c79b10be87a344ee0086,917149651e472bef5b609eb58e742eb4,delivered,2017-06-13 11:13:38,2017-06-15 03:03:40,2017-06-16 15:37:52,2017-06-19 18:06:01,2017-07-04,572e9e13a44a5e4ac5c42e74b324244f,2017-06-13
0d25f1b15acb59ceff22667265743132,52dee0d644b6d10016569eae238ebc67,delivered,2017-08-04 21:44:43,2017-08-04 22:04:53,2017-08-07 22:23:42,2017-08-17 18:23:07,2017-09-01,79a4fa88711e09a102e206befef01bda,2017-08-04
f0a82a328fd64b2796242bbfddb7e1d4,500f22fc596ab5a23d2e5ce64ee64859,delivered,2017-10-06 18:22:19,2017-10-06 18:35:26,2017-10-10 20:05:41,2017-10-30 20:54:05,2017-11-06,0680711d6e757ec7287a047650d3896b,2017-10-06
bba5aa837be7e597e91c6ddedf604cd8,94e56a6d6f8b3e26ad64c605e67b48d2,delivered,2018-05-19 12:14:08,2018-05-19 12:31:36,2018-05-21 12:10:00,2018-06-01 19:41:03,2018-06-12,db9525f2339f6bb22c0ff48a64b5ac8f,2018-05-19
72144791fc7fd8048eafc90d7f82ba54,229c98245e2b6995b67be1e1921e62d1,delivered,2017-08-05 19:30:41,2017-08-05 20:05:53,2017-08-08 22:27:46,2017-08-16 17:04:55,2017-08-29,cab49f72708b32dab386b38320f5b31b,2017-08-05
664c5e57eb8479a79caeb79fc79699ca,d1460df3c5915f60fcc35d265ac392ea,delivered,2017-10-31 09:59:07,2017-10-31 10:10:24,2017-11-03 18:07:40,2017-11-13 17:38:40,2017-11-14,7fe369a374dba4f97910c97f42cd6d6c,2017-10-31
f97a6e53615dfc1488e4bcf3dfe1cb2f,f3223fd3b2517fa73ebb06dd5f1b0e99,delivered,2017-09-11 09:40:11,2017-09-12 04:30:15,2017-09-12 19:21:32,2017-09-19 19:54:09,2017-10-09,2e15bb92fa33e06e35287ea4d1cafe05,2017-09-11
faa911f9ff46e53aedc9408c5d6a24ad,77dccd21b005b20fc1f1418c979ca354,delivered,2018-03-07 16:42:57,2018-03-07 17:20:24,2018-03-12 23:22:04,2018-03-18 17:17:03,2018-04-04,9fb86d78b0db13b64af3089329149fd5,2018-03-07
72344ea1113e3227494c465a64ae58aa,99907dc980230daa7bc0c7e6fb0b08fc,delivered,2018-01-13 15:43:58,2018-01-13 15:51:33,2018-01-15 23:04:22,2018-01-23 16:32:29,2018-02-08,50343a5529a9ab46eacfd1fdc387cf0a,2018-01-13
b3fb87dd5ffb58351fd40c4f9fe03cdf,156a795ddee88514dace920fe888c46e,delivered,2018-06-19 00:26:23,2018-06-19 00:54:46,2018-06-19 16:16:00,2018-06-24 17:41:36,2018-07-11,6c5ce6b9d419df2b111d90a6e85a10d6,2018-06-19
95e42e6aaf6264cd3e77c06b32dc3003,29ef1f160ce630146dafa02052e2c5bf,shipped,2017-11-24 09:23:33,2017-11-24 10:51:26,2017-11-24 19:07:43,,2017-12-08,68e9aca85421a3dc655325bcdf9c9912,2017-11-24
690199d6a2c51ff57c6b392d7680cbfd,19bacb562bd43bd4eaf05b6c0a59dad0,delivered,2018-03-16 11:31:18,2018-03-16 11:49:14,2018-03-19 19:56:23,2018-05-14 12:28:56,2018-04-11,c5f01991eadc43c924dfd891e9026217,2018-03-16
56ecd129e9283080044e40f77065b350,a57a381a12573edc7711887551fc961c,delivered,2017-10-12 23:11:44,2017-10-14 03:46:18,2017-10-16 21:07:52,2017-10-26 19:09:48,2017-11-01,e08869b13b8407ac7473e5bd5f534d2a,2017-10-12
3b881091c6fc2687191b01c705287c13,f31eb05ebdef1ede72cebeba759e7c92,delivered,2018-08-06 22:25:10,2018-08-06 22:45:09,2018-08-08 15:01:00,2018-08-15 20:38:36,2018-08-27,23c033f6c75a249727d9fdd366352b97,2018-08-06
86f408a9212aebbcddb41c1e8c65ebe0,a81e8424b6bfd433cfef8d7bcb36b26d,delivered,2018-06-16 18:31:23,2018-06-16 18:57:30,2018-06-19 15:10:00,2018-06-21 17:48:49,2018-06-29,f609af8564851374ca7b2b8a846864dd,2018-06-16
1cb6cfd9e6306cfe607017391834999a,05aa1cdcd7c5f9e297b3b5d89ae5e1df,delivered,2017-04-29 20:09:24,2017-04-29 20:22:41,2017-05-11 14:57:53,2017-05-24 12:59:33,2017-06-27,c18a7f19c5bb90e5eade2d61849812a8,2017-04-29
6c2953724cd30669e1b904e179a2346f,f5b92e56a780e1573737b5ad7d15ab19,delivered,2018-02-17 10:33:27,2018-02-17 10:49:50,2018-02-20 00:09:19,2018-03-12 12:53:26,2018-03-22,16b2beb51d51f455428a8865562fc89e,2018-02-17
567653c46861b54519b6f4cdee500f0a,5471b1f70a167766bc7eb4ed0f4d1b8d,delivered,2018-08-01 17:57:54,2018-08-01 18:31:26,2018-08-06 15:02:00,2018-08-10 20:34:56,2018-08-24,1d94328e99e3a20baebf58fbdf717dea,2018-08-01
7b58fca3faf09217a36d5febee5739a5,0966fbba1c0e8c5e26e31166c2fd3ce8,delivered,2018-03-04 22:59:50,2018-03-04 23:15:32,2018-03-06 16:49:08,2018-04-12 21:04:01,2018-03-28,80c005e764b7eb039df094f0c3e22c70,2018-03-04
f30607daae66843552e00843c6de88ef,8e1769459d9b9a9989799f6c79a4a663,delivered,2018-02-21 13:18:37,2018-02-23 02:31:22,2018-03-05 23:44:55,2018-04-12 11:36:51,2018-03-27,1b1819e5da72c7a8c26b2e46aeeac553,2018-02-21
4207ad8e0e4e4070f271c930d25f72d7,2d2b1b42705b2f080c47fb2c46db46f6,delivered,2017-10-09 19:42:43,2017-10-10 23:09:18,2017-10-13 13:59:11,2017-10-23 19:23:48,2017-10-31,f1097c9562bd8f87de1e69c30b3b08eb,2017-10-09
38b7efdf33dd5561f4f5d4f6e07b0414,021e84751ba0ead75b6d314a6ead88d9,invoiced,2017-08-01 18:17:41,2017-08-01 18:32:30,,,2017-08-28,9a58c55c10b4eb6c69fb0874d8beb466,2017-08-01
4f7ce3efe568a5e57290a9fa3e45b1f5,2569d6c5ed547bf0feaf37e32677fdaa,delivered,2018-01-26 13:32:22,2018-01-26 13:52:07,2018-01-29 23:16:01,2018-03-08 11:15:57,2018-02-21,9fc8316f4c0d0601664216e0a9327ed5,2018-01-26
3440f090efa1949bc4e9ebd0b89b2b6c,2acac3dfe4fa0e75b07461873a67e7e6,delivered,2017-01-27 00:34:10,2017-01-28 04:34:44,2017-01-30 09:57:31,2017-02-10 18:43:38,2017-03-09,93027a697145bb67a134f56e9a3f0d9a,2017-01-27
b34523b3a1e3a1ad856985080738c879,62d788fe5abe032aad2a3e5ce86b37c6,delivered,2017-09-18 01:02:11,2017-09-18 01:15:10,2017-09-27 19:08:03,2017-10-03 18:24:04,2017-10-04,b1e2374fc88dd0dde96b938e49cf1a3a,2017-09-18
550a019d25590b5b3b6d31c0fd3edbbb,1f7945736d0f303827055ca99168ad20,delivered,2017-04-03 23:09:50,2017-04-03 23:22:45,2017-04-04 14:37:51,2017-04-11 16:18:08,2017-05-05,6935b767c9c3c6d8c27c9a840bc5c238,2017-04-03
0d09617395364c88c4ad7c457b439314,016c5c3fb572754f302fdac24aa9cfa4,delivered,2018-06-04 08:33:09,2018-06-04 09:11:43,2018-06-05 10:15:00,2018-06-20 18:52:50,2018-07-11,c6bb2e116c8ccaf3738a685ba174b675,2018-06-04
e5a7c745f93cb381d78042cdef65b05b,9438adb7579bb0133f0173f39f85ae01,delivered,2017-09-14 18:32:52,2017-09-15 02:25:56,2017-09-15 20:59:50,2017-09-19 14:42:16,2017-10-02,b8a13301c527ebcd83e27cbfb7f06a9a,2017-09-14
f112b9fc8967a675670bedf5a2bc6b2b,4913f37a6cb9e2ba061770efb2ea4e58,delivered,2017-02-17 17:37:52,2017-02-17 17:50:12,2017-02-20 10:27:58,2017-03-10 13:06:28,2017-03-24,161fd742f7217e46d7924d781e8705af,2017-02-17
580c882a5805c78546ea65ec6d3690e4,a4f6fc82eefc6a54376eea73b27df682,delivered,2018-02-05 17:40:34,2018-02-05 17:50:41,2018-02-07 22:38:31,2018-03-06 16:59:05,2018-03-02,61e65a8282833fe8aa8d7be296a1fabf,2018-02-05
8adafb3466daa5395694d3a906ff9d40,b7919647bde69acc948baa47823d6c75,delivered,2017-01-25 15:47:27,2017-01-25 16:02:29,2017-02-07 08:09:23,2017-02-14 14:03:35,2017-03-23,6ad46014a4203440c38e3dbf7aedf51c,2017-01-25
66cf92fc3ec94fbafc4edd77e0814818,5072cf2f4cbec30b8ba917d5d7b6b125,delivered,2017-04-27 14:17:37,2017-04-27 14:30:17,2017-04-28 14:06:45,2017-05-09 11:17:09,2017-06-08,740ece7e8cdb4ee5eeb95dc76a4e578a,2017-04-27
e54613f3313c396f77d8280b9121ea2e,fdb50c069d85c482f1ecfde317595741,delivered,2018-06-15 21:45:12,2018-06-15 22:20:30,2018-06-19 14:46:00,2018-07-02 17:19:07,2018-07-17,18c75282901f7db1fe38e8c9a3ce4c12,2018-06-15
eb270c4cbf3671961f3883e8b888571b,64e006a132d86c9189f9656a1cb41939,delivered,2017-12-06 09:53:36,2017-12-07 03:12:20,2017-12-07 17:21:31,2017-12-22 17:37:06,2018-01-08,caab2adae070645d3e3fd3f43533d378,2017-12-06
a87f63f16c37c383775f476c6f22b635,fd673a07896aec385c5287234605f166,delivered,2017-01-14 15:42:20,2017-01-14 15:50:20,2017-01-16 09:38:03,2017-01-30 11:21:56,2017-02-20,c112276ee020e563234bd46993fddc4b,2017-01-14
dc05a07c0cc70e26e10e274313034ad3,d9abf57c9a7f1cd9865625d2cba96053,delivered,2018-08-01 16:37:54,2018-08-01 16:50:14,2018-08-03 12:01:00,2018-08-11 15:54:34,2018-08-20,34c13cd5451e9a2b8dcd0a2260ad631b,2018-08-01
ec3d63b91b19bedcbe453ea0df14dd50,379792aa619482a6545bd1db3905ab2b,delivered,2018-05-20 10:33:47,2018-05-20 10:58:35,2018-05-22 06:21:00,2018-05-24 00:35:33,2018-06-04,3b81f91785d9ea36cf5177991962baba,2018-05-20
d4922affdd87d3e42657243354c7acd1,3a6586139c630a9648d74d1da4a11cd8,delivered,2018-07-01 21:12:33,2018-07-01 21:29:50,2018-07-03 10:15:00,2018-07-06 16:50:48,2018-07-30,8cd6f80d3c3994e2060d46ec07ff0b0a,2018-07-01
6e09e14cbfbf46215f17805edfb79aae,90d2e6f72916e728253129378a36fdcc,delivered,2017-05-21 21:10:35,2017-05-23 04:05:23,2017-05-24 14:29:37,2017-06-02 18:03:04,2017-06-14,7492a411232f7dd4b1adb8b335cd1983,2017-05-21
f847298c3beb552989d31c5f673da6fc,c2ea1149b67ac4b480ff15b3b31110ee,delivered,2018-03-14 11:22:37,2018-03-14 12:00:25,2018-03-14 23:42:30,2018-04-02 22:17:31,2018-04-03,0920c55955b78533a8319ad1d08baa2f,2018-03-14
b1b5b604a5e207c764779ffb50527018,40eb5b16b04bc62c59d4905857958e82,delivered,2017-10-31 21:47:13,2017-11-02 02:16:10,2017-11-08 19:35:35,2017-11-14 01:32:39,2017-12-01,b9ce93ae35b4cfe939be5356630992a7,2017-10-31
c3fd670b03599718895218d479f660b6,8f437c018d57b705d06574998fc4f348,delivered,2017-10-04 17:56:28,2017-10-04 18:28:17,2017-10-05 20:24:51,2017-10-18 20:27:31,2017-11-01,eb679f5c31d49d7a27b04db1e948b959,2017-10-04
a57a5bbb57b15b49050bc6a58a2f240e,d5ef6eb2e7cb3280ee294b63ecc10fbb,delivered,2018-01-17 09:55:37,2018-01-17 10:10:03,2018-01-18 22:17:37,2018-01-23 21:45:13,2018-02-01,7db1dd56aeb565eb3b144f4ade4d7e0e,2018-01-17
267e5fff0e80197e6553c5596ed81dbd,e8f72a39e55da80935caccd9abb4d831,delivered,2018-07-20 11:46:49,2018-07-20 12:03:54,2018-07-23 08:58:00,2018-07-26 00:26:49,2018-07-30,a7bebc53acf7b2c31550f06a58076d17,2018-07-20
5a630e3d4aeb6fca86404481eb19cfe7,6928be51d9496f1aab5da8f15a21aba6,delivered,2017-12-14 09:06:34,2017-12-14 10:14:22,2017-12-18 22:29:20,2017-12-27 17:42:05,2018-01-09,6667649dc575c65058507349be078d4f,2017-12-14
dcb4a1d21593a108db61f12a4b3d61db,2ed973ea37080a94b7beaef7458b2e15,delivered,2018-06-19 13:22:15,2018-06-19 13:57:28,2018-06-20 14:15:00,2018-06-25 13:11:20,2018-07-19,6b4e8c5f7ca346e38498de7c1a96564e,2018-06-19
3b14820d642ea72e95df3289b6539c1c,4248fddd68e3375c24e743290ce2d9fa,delivered,2018-04-02 13:01:06,2018-04-02 13:10:21,2018-04-04 23:42:34,2018-04-12 17:12:13,2018-04-23,a79c62e50e66e1036ba2cb2e5e00aff3,2018-04-02
32e4fa9bb468884309b58b9348de70c3,e54367d4b00c5cb76d2dfe71b9bdb89c,delivered,2018-07-04 16:49:21,2018-07-05 16:33:06,2018-07-05 14:50:00,2018-07-07 14:41:18,2018-07-23,196fbfa6f817924c4e13687eef22fb30,2018-07-04
813f8916cd12b887b0fa271f3263a4d3,bf22881f1f23a79916784ac5b4319c56,delivered,2017-04-13 17:26:06,2017-04-13 17:42:10,2017-04-18 14:51:38,2017-05-09 12:49:59,2017-05-10,c6d04cc582cb4e8488bc99994c62e6ed,2017-04-13
4df92d82d79c3b52c7138679fa9b07fc,ba0660bf3fffe505ee892e153a2fbd49,delivered,2018-07-24 11:32:11,2018-07-29 23:30:52,2018-07-26 14:46:00,2018-07-27 18:55:57,2018-08-06,cd2624b9b75d83efb640f7204232511e,2018-07-24
27f9fff9f14236589804b62bce39f526,f3318c51c9a6779c89f2567475b4a6b9,delivered,2017-07-05 11:55:58,2017-07-05 17:42:57,2017-07-06 13:55:38,2017-07-17 19:02:35,2017-07-31,df38102d80095da57461f4e328d3ae7e,2017-07-05
142ac5357e541e5881d26fc5eb5f3754,660c817af06c2d842014a12d5871c1f9,delivered,2018-04-30 20:24:33,2018-05-01 03:15:02,2018-05-03 12:27:00,2018-05-09 19:50:37,2018-05-15,d89190fac424f73403381fd7ab645e05,2018-04-30
f833a0260cb98fa615a517d4e4a8cdf3,6b74fa3521fe75edbeff9948022f13d1,delivered,2017-05-03 14:31:43,2017-05-03 14:42:38,2017-05-04 13:08:12,2017-05-10 11:34:12,2017-06-05,ee3944b64a4a9207cf551a5fe12982d1,2017-05-03
9d48a2dfef2e0cb6155f816b9bf8489c,c4e12dfa6412f54cb99c38787dca987f,delivered,2018-05-25 22:10:13,2018-05-25 22:32:39,2018-05-28 15:02:00,2018-06-01 14:46:48,2018-06-19,f89f986f723349c377779c8197fa7ce5,2018-05-25
9dc8d1a6f16f1b89874c29c9d8d30447,d9442164acf4b03109425633efaa0cfc,delivered,2017-10-12 13:33:22,2017-10-12 13:49:22,2017-10-17 15:42:42,2017-10-24 20:17:44,2017-11-06,9915eb9f74b6c11aaf04833f65b00e93,2017-10-12
d83706c29baf36eedf5e8adfb0da304e,26545a1a15e77138e98380c49a76053a,delivered,2017-03-13 11:36:11,2017-03-13 11:36:11,2017-03-17 15:12:16,2017-03-27 14:12:27,2017-04-12,eb9414e9c56dacd436c2b7a274b34983,2017-03-13
9472d3c8a0ad463cbfc89897334431da,7e016f9ea275279784f42e0642214284,delivered,2017-11-20 16:21:04,2017-11-21 09:50:30,2017-11-22 19:48:47,2017-12-21 14:22:54,2017-12-12,646d643b4ac1184e383341f8896c3dc8,2017-11-20
e811880120e802367a37c73fdbc0a7a2,6441d665c5a1058502eb8ad0a2e2282b,delivered,2017-11-26 15:47:51,2017-11-26 15:56:24,2017-11-28 21:09:47,2017-12-14 00:37:09,2018-01-02,20d8a6a96bd3f57a4d289c8166122c45,2017-11-26
d4ab8a264235be36f72a07621046d082,7a5846ef7b6f7d58630bb4b0aafe2858,delivered,2018-06-01 15:34:15,2018-06-01 15:52:33,2018-06-05 05:40:00,2018-06-12 16:32:33,2018-07-12,ee23e2b6350cac2c40e521f2253706b7,2018-06-01
b417d44c131fe6470b3226c7b59f6a8f,82f6d48ad3a75669934efe3988ce9b25,delivered,2017-12-23 15:50:03,2017-12-23 15:58:25,2017-12-26 13:33:39,2017-12-30 01:39:04,2018-01-23,f4a0b070b5295e861853a30bd868296d,2017-12-23
f049e19134a95d09c806851a5ea1872e,cb1b31ec399f6183dee790a4c349e712,delivered,2017-12-01 07:15:07,2017-12-01 11:32:19,2017-12-06 23:17:44,2017-12-14 15:08:57,2017-12-26,2fe074ea3cc24b8fd57d29effc995f8b,2017-12-01
e5d48f5d3719ee190629a850e362dc57,1670832aa0263adfa1337adf89530561,delivered,2017-12-03 20:22:53,2017-12-03 20:31:44,2017-12-04 21:43:16,2017-12-11 22:47:16,2017-12-20,441e8f48725c241d92e07ef7d7cabe68,2017-12-03
407408433ee2a9ed77984aa5a06e2b2e,9f4c898706bf2b467ace0539e0319fcc,delivered,2017-10-04 11:31:15,2017-10-04 11:49:17,2017-10-04 17:48:24,2017-10-09 23:02:53,2017-10-31,350e8172d9a1ed3cea31f50e09de726f,2017-10-04
a0411a1811cf1c3c1312372cb0495c6f,d156b6d121b154d0eae17d8993d4dd40,delivered,2018-08-21 20:36:22,2018-08-21 20:50:15,2018-08-23 11:39:00,2018-08-27 23:05:55,2018-08-31,755751fa93cd2d53adcd3f55b2fcab3a,2018-08-21
0fc34e566d3273325c404c113f4a8b2a,ae9cc596d22235c547acce001f90fc33,delivered,2017-11-02 14:51:11,2017-11-02 15:10:35,2017-11-06 20:28:43,2017-12-01 18:06:48,2017-11-27,930dfe46b364af81db0fb4828bce74c9,2017-11-02
50c71607b83f5edc9a65e7c7d9910b1a,d3a7f01174c7a3d2905734b89cacedad,delivered,2017-06-23 11:23:50,2017-06-23 11:35:14,2017-06-26 08:03:03,2017-06-30 15:27:34,2017-07-17,0c5e206ec36cc859ac0b248f2ad72e6e,2017-06-23
3c3fa8869e142a240f57aef59c095f6c,d1c40bfb050a09047a4c4426fe9a2893,delivered,2018-05-10 16:04:42,2018-05-11 03:50:29,2018-05-17 14:56:00,2018-05-21 23:56:39,2018-05-29,a3715422134e4c66bae42366fba591e5,2018-05-10
5b96fa278c2b3c1e29c190ef1b651d08,207ac9416941d5b76d64875a33fe3659,delivered,2017-02-13 09:35:10,2017-02-14 04:03:44,2017-02-16 12:48:03,2017-03-01 11:37:25,2017-03-14,3256049f46589ca9ddb1dd86043f3948,2017-02-13
b3206cf64b7cd1480a6c6f9912b20666,da757be0eb9978feb09365ed3bdfc679,delivered,2017-09-13 20:30:02,2017-09-13 20:44:14,2017-09-14 19:52:15,2017-09-19 20:12:37,2017-09-29,663d5a1d3fccfad3a3c4574072794a8d,2017-09-13
33209e0f87b2ed543a0876812c9c5c40,bab0c43a2325bbc9ea398b00f8db0717,delivered,2018-04-11 14:59:05,2018-04-11 15:12:22,2018-04-12 18:49:47,2018-04-13 19:04:19,2018-04-27,7c74eafe37979f7cad43c4cae0769b74,2018-04-11
ea337f88a8c5cab4e99da87460f1b99e,9aed6fa0db5da18a5433bbff4ef320b8,delivered,2017-03-19 23:15:51,2017-03-19 23:15:51,2017-03-21 09:17:46,2017-03-30 14:43:16,2017-04-10,e9c9682161ad1d5f51d7ae6e07447f88,2017-03-19
c82430e4a84f03b67cc2a82fecd873f0,a625f7cf467b00ae83700201dce9a6d0,delivered,2017-11-03 12:56:49,2017-11-07 07:30:43,2017-11-07 19:33:45,2017-11-21 18:23:02,2017-11-29,3ae748b0c0cf7d473b7acac5e07a05ca,2017-11-03
c3664571c21d82f7d8ada5770af419f9,3c6de6b65568723360510737edb81465,delivered,2017-11-27 19:41:55,2017-11-27 19:58:22,2017-12-05 20:26:46,2017-12-11 15:28:55,2017-12-15,551bf3cd63555513dd3dfdaba9b7541a,2017-11-27
ad7ddb009f1bcd6c40cb1106471c292c,26495cdb066f046945177209f10b67fb,delivered,2018-07-18 16:16:28,2018-07-18 16:30:32,2018-07-19 13:34:00,2018-07-24 15:08:39,2018-08-06,7141f12f335b30c6d8ca881d9f330c69,2018-07-18
a865adb8bec2475e30e835eaf1b9e7d6,047d2000bf864a26eb2559021ec958e2,delivered,2018-05-06 10:27:56,2018-05-06 10:53:01,2018-05-07 15:00:00,2018-05-14 20:31:36,2018-06-04,c3d8a0b18ff1521752caf54292bdd5cf,2018-05-06
ac85808794ef111b4689bbdb5ea7f2c9,62082173db63a1a735d81f64754914e4,delivered,2017-11-11 12:10:02,2017-11-11 12:26:49,2017-11-16 20:12:13,2017-11-25 13:51:57,2017-12-11,6424423121df7517efd1fa700283c47f,2017-11-11
9d513821c0477231fc7c1bfd684d13d8,00a6e2753fc2652cb87386ffbf5792b2,delivered,2017-02-20 21:31:59,2017-02-22 06:50:09,2017-02-23 07:23:34,2017-03-21 10:35:41,2017-03-17,3abdf4f27efce96f8573a88343a4084e,2017-02-20
39a0eaa2a980c810beaf68d76e52fa96,d1c6e90ab127d42b75ef2e548b4461ac,delivered,2018-03-07 17:53:30,2018-03-07 18:10:15,2018-03-08 18:33:32,2018-03-14 18:48:51,2018-03-23,63ac99abec6ae9397c61293badd8a268,2018-03-07
cf3d593f97ce4a58adbd6b488579fa36,4156c48bdc8d1ecbfbcfabfefee2d0c7,delivered,2018-06-24 08:21:25,2018-06-26 05:37:09,2018-06-26 13:54:00,2018-06-27 12:58:33,2018-07-05,1738c95dedba6054c89d4c3db87f6fd7,2018-06-24
8ca57f2b32c00588cab243b2115441f5,284e326e8a71e55bdb0b210ddfabaa27,delivered,2018-08-06 18:45:01,2018-08-07 06:45:09,2018-08-08 16:18:00,2018-08-18 11:48:58,2018-08-30,79e12483f9b14c3254db94bd137a4b70,2018-08-06
65d7e9625cc211f641191203e231ac24,08999a20d9741d9513c368676f5531c1,delivered,2017-08-04 10:46:33,2017-08-04 11:03:38,2017-08-04 19:42:52,2017-08-15 14:43:59,2017-08-28,a6ddea592cbc5da9970a9a9803c07347,2017-08-04
ad2b0f4fd912cd3c834e5976c46b75b7,a942d13c8e40155ee446ae0909993bfc,delivered,2018-05-03 14:31:13,2018-05-04 11:35:10,2018-05-07 15:23:00,2018-05-09 17:08:50,2018-05-22,8c1a9f0c17eb22e956dcb66dde60f9d3,2018-05-03
c432ba5b3bb83966c1b66696c395a2fb,973e21d9b220229aedc9ac566294568f,delivered,2017-12-02 07:55:59,2017-12-02 08:59:42,2017-12-04 22:09:21,2017-12-06 19:04:52,2017-12-27,7aa123fb08cb845c66e2d2bb3dee879c,2017-12-02
62fe29a53926ef67e73c4b5f3e1ba6f3,fda187c74a59672dfd4c786231565791,delivered,2018-01-01 23:15:14,2018-01-01 23:26:49,2018-01-05 18:32:26,2018-01-09 17:09:16,2018-01-24,c48f157c4de3d58b5087490cd61d97a8,2018-01-01
769cad60df1d40dccfd5ec163be24654,ce0518f0279ef8b73d94633720e70b9f,delivered,2017-09-03 15:21:44,2017-09-03 15:30:14,2017-09-19 23:57:50,2017-09-25 20:56:56,2017-10-10,5c258f7c0ff4f829eec200d6b9ed6994,2017-09-03
48a928c553c276852b35ce90fedfeee2,9ea999ddb251e229b1c8b4925884743e,delivered,2018-02-03 00:18:09,2018-02-03 00:32:52,2018-02-06 00:42:45,2018-02-24 17:38:49,2018-03-07,57fa50f976b8be14eddbbbe51dcc5cef,2018-02-03
40ef667b4259d5f521a0fd1a093d0415,bb8bd97c39739129411746c4ca7c754f,delivered,2018-07-11 19:25:07,2018-07-12 04:06:09,2018-07-12 15:04:00,2018-07-13 17:45:33,2018-07-20,990302c82284e848fd5985e4f0c917ad,2018-07-11
7f97f025c45cac922275120fdee4e062,695449e690b9ed39a1afa2dc5f3e900f,delivered,2017-02-07 12:01:07,2017-02-09 02:43:09,2017-02-10 14:04:07,2017-02-17 17:06:01,2017-03-02,e81dd1589aadf99b5c59c15289de5df0,2017-02-07
00125cb692d04887809806618a2a145f,8afb90a97ee661103014329b1bcea1a2,delivered,2017-03-23 12:21:17,2017-03-23 13:05:42,2017-03-27 08:58:04,2017-04-07 15:32:47,2017-04-20,7ac26eac431c6848694a2de6f0327524,2017-03-23
eba75422c6a2414d3cd8289123e64200,d7c4d8b45b0a33ff6df7a3950800d4e8,delivered,2018-07-30 18:25:18,2018-07-31 03:55:21,2018-07-31 13:55:00,2018-08-07 14:21:45,2018-08-24,0255fc149c1f191319c8c431479e5d8c,2018-07-30
626e4ba4ac663dadb68a6fe4b0d7b8d4,6b9aa554bd8240e377eb1aca688e6e39,delivered,2018-02-09 15:26:21,2018-02-09 15:54:33,2018-02-14 16:39:01,2018-02-28 20:07:13,2018-03-09,6b9afcb17cc0d97ebb20f7fc4e3a25c7,2018-02-09
3ec2c982a9497e2aa32da12b18ce7266,8181e01938f34902ad6d883bf57f803d,delivered,2018-05-04 20:19:38,2018-05-04 20:30:24,2018-05-07 14:32:00,2018-05-18 16:03:07,2018-05-25,fe2222908d7d7dc8e03d0efea168a474,2018-05-04
98e54ac24cb241c366307ed88ae84902,3d2b9ce5685b7810c56c6b8babb0432e,delivered,2017-11-26 12:15:07,2017-11-26 12:34:38,2017-12-11 22:27:23,2017-12-21 21:17:03,2017-12-27,414c84ad495003b943019c464580f531,2017-11-26
18d686f1bb1270182c646fe337459d79,bbf7be5b7db9baf4509ae4573c8570b4,delivered,2018-02-15 15:07:11,2018-02-15 15:27:08,2018-02-17 00:14:57,2018-03-11 19:28:52,2018-03-07,2948be030b49909f3eccb592b8315f89,2018-02-15
93b82c635931ca55e5d20e0d095507ce,7e22aa38ee8f6869c7efd3348b63be3d,delivered,2017-08-31 05:31:43,2017-08-31 05:44:41,2017-09-11 17:26:41,2017-09-12 19:43:56,2017-09-13,17e0f8c75b7598d7786a43f257e5453f,2017-08-31
c5e754f77f6f127371e929ccb707fce3,19ce60e416e5f9342e80d5ddcc814b03,delivered,2017-02-11 10:53:48,2017-02-11 11:05:19,2017-02-20 03:54:56,2017-02-24 10:37:39,2017-03-17,7418458c86b91f0322f91e7145a02bd7,2017-02-11
0f8532e6a9c1e86b215fda5c13f37fad,48c83ab1910a8d95f8702dde180d658b,delivered,2017-05-08 14:59:40,2017-05-10 02:42:28,2017-05-19 17:52:05,2017-05-24 13:25:09,2017-05-29,33d5f77e44abcb42cdfc86854e5fce8c,2017-05-08
4fe2fd5509bca02cbd39aa5b3eeb2a8f,c5064807abdc55acd37860160154ed1a,delivered,2018-08-27 13:57:36,2018-08-28 04:04:08,2018-08-28 10:34:00,2018-08-30 00:36:25,2018-08-31,f80125969d737b5ac29b614db66034b8,2018-08-27
46c22ce0488991c798933effd2b57574,d022cc2c5b40e84f1c19866f337c7a68,delivered,2017-02-06 15:43:18,2017-02-06 15:55:38,2017-02-08 15:48:44,2017-02-20 17:08:04,2017-03-03,bbf0d1ddbf8bd44d192f056919e9b706,2017-02-06
cd864dfff08db3d739750d749ec053b3,e5b70244ffbbac9f5ebde9ecdfc049f9,delivered,2018-01-16 10:02:20,2018-01-16 10:12:20,2018-01-17 18:51:50,2018-01-23 21:25:49,2018-02-14,83588092e958b8f322c1bb40c20a8428,2018-01-16
b65067f5a1e9e4aea30dae0dc505119b,cb1d99010eebd5ee5b64dc9e37caa9d4,delivered,2018-05-18 11:26:45,2018-05-18 13:06:52,2018-05-18 13:31:00,2018-05-21 18:08:30,2018-05-28,0b5ad91465a83091bf1895d85a4267f9,2018-05-18
31426d292a5d34315a18ac11d6eef7eb,bf4fe999a2d7bc0465cbd817fac3bbee,delivered,2018-01-22 19:19:21,2018-01-22 19:36:36,2018-01-24 16:28:58,2018-01-26 18:59:01,2018-02-14,9ba98a3b2aa42ee6dcb06da4ef7733c5,2018-01-22
eafef0e6c44f121531569a69a318c3b3,084dab2db2bf5d42677b135e633a15ba,delivered,2017-11-29 13:03:33,2017-11-29 13:12:28,2017-12-04 19:18:09,2018-01-09 16:32:21,2017-12-27,ec85abbbac44c1bb668a04903d033b6d,2017-11-29
1f6405caa14a2debb88594b0471ed340,5ca6f3218e411dcbb9c27ad61bdc3d1d,delivered,2017-12-26 02:35:27,2017-12-27 04:08:40,2017-12-28 12:29:07,2018-01-05 20:32:44,2018-02-05,b08428dc70f6011f89da661fbbf1e654,2017-12-26
2ed75ffbf396fcdc6341f17d1a16ef5d,7c5f8c2e42af586aa1b1cc8d6bc40732,delivered,2017-12-12 20:54:42,2017-12-12 21:11:32,2017-12-13 17:19:04,2017-12-14 22:57:41,2017-12-29,147324a07e96b3cfb515d94137b4a327,2017-12-12
c0e59bb74c6b71dbd39b3073120e957d,387752a856ae611e11987f531cf59966,delivered,2018-08-04 09:09:37,2018-08-04 09:45:18,2018-08-06 14:28:00,2018-08-09 21:05:48,2018-08-16,b224df8756a4e80f5598fff21316b833,2018-08-04
10918fe4d665fda80034712895c2b92f,e05a24d2c1d2cd3ae0482ecc1b4d069f,shipped,2017-06-26 07:04:39,2017-06-26 10:32:39,2017-07-04 11:27:21,,2017-08-03,63386c87125fd15ae6798a09856e9eff,2017-06-26
64a9f2b487f66506d463ca18152280e8,90714b0e62fe1fbd304fb45fd644ebdd,delivered,2018-02-24 08:45:01,2018-02-24 09:47:40,2018-03-01 21:38:37,2018-03-02 21:51:59,2018-03-27,c666e59a2d3ced923880461526113d38,2018-02-24
e5e6a20a4c3fbe6ee280c01f8fe279cc,e1cb13d47d802da7d23d6253ed8d7959,delivered,2018-08-05 11:05:53,2018-08-05 11:15:13,2018-08-07 14:21:00,2018-08-14 18:06:37,2018-08-15,66b1d7f471c8c9e8d9f9f624d6962aff,2018-08-05
6d46f8b7f485ad93146f9880682d4eb2,ed91cd9ea6e333288382a4adbefaffcf,delivered,2017-11-26 11:38:04,2017-11-26 11:54:51,2017-11-27 20:12:00,2017-12-05 19:23:37,2017-12-15,a54ac085fc21d6fee207ddc23554a93e,2017-11-26
011b142c9e082a5c1d10e0a88cd9c8e8,0c7a95280b3f80eadd81c829e093dbec,delivered,2018-03-23 11:43:13,2018-03-23 11:55:34,2018-03-27 03:14:53,2018-04-14 19:18:26,2018-04-16,46a5335f5fe2f04744ec3535fc6e36f7,2018-03-23
cd0019d8419b82109ff269d8b4e18791,17ebae22126d3df35f5e1fa1efedab94,delivered,2018-05-17 07:17:54,2018-05-19 02:58:58,2018-05-22 17:15:00,2018-06-03 13:06:33,2018-06-07,82d3e8adcc5eaecb0594f0b20a105d93,2018-05-17
fa859e78da068661b096bfb4466ded18,065415930d45ace4ad39039b5d0d9341,delivered,2017-12-09 17:13:50,2017-12-11 17:11:20,2017-12-13 20:16:26,2017-12-19 11:59:06,2018-01-18,5533b6863859076febafeed9a35bb6c2,2017-12-09
7753606fb1d0067848f8a1a7ae5abefa,5c4a6f6b98ec2d780b10f1cc88ef208f,delivered,2018-05-02 13:17:54,2018-05-02 15:58:53,2018-05-04 15:20:00,2018-05-23 17:51:15,2018-05-16,cc77e2bf7a54937f23c5534a4b4742d7,2018-05-02
3606d0126c19d4197f835572f5162c20,366e99a4996b3f8f781b60d7549f9e38,delivered,2018-01-25 19:46:47,2018-01-25 19:53:22,2018-01-26 18:52:05,2018-02-22 23:49:20,2018-02-20,16ecae01d286ede5c22b963dc96f08ec,2018-01-25
4d2d8a4224215f680cc5221011347401,5957d9ae822bcbe88c00fb8286362339,delivered,2018-03-01 12:43:37,2018-03-02 02:10:25,2018-03-02 19:08:11,2018-04-05 17:12:42,2018-04-02,30cf132fa42d1d4434e6b51827b81491,2018-03-01
87386e2485df1ab61a6d060a092e4d6f,0728f6d108255cb411a50fb646c3c7dc,delivered,2017-11-16 23:40:17,2017-11-16 23:50:57,2017-11-17 22:32:24,2017-11-29 10:41:33,2017-12-13,991b34b2a28841c492dd1f8567935ced,2017-11-16
91bcade2288597459e1dbce52d6d0ef9,449057269c318304d8a753f64c181b07,delivered,2018-01-04 13:14:34,2018-01-04 13:29:16,2018-01-10 20:24:19,2018-02-09 00:44:50,2018-02-02,567cce4e47a422c4e6e2021a46c979e7,2018-01-04
df8e5e994bcc820fcf403f9a875201e6,05f1c2a8e913a4084727ac728bbdbec2,delivered,2018-08-01 13:30:12,2018-08-01 13:44:25,2018-08-02 14:20:00,2018-08-06 22:28:21,2018-08-17,9107708e80782c0f6ccc2b607f5f2a6c,2018-08-01
3480c6733692db0895d7f240dc18d9d6,511565b2987c19e165331306886f10f8,delivered,2017-10-17 15:58:05,2017-10-17 17:14:35,2017-10-18 18:47:53,2017-10-21 15:01:19,2017-10-27,da76149820a35f0ef7ab70037d9dc9c9,2017-10-17
b028c30dc8af213ae4c26a64446211db,55521b1f0b80672b3c61939a06211691,delivered,2017-11-16 16:20:02,2017-11-16 16:35:33,2017-11-21 17:45:24,2017-11-23 22:58:27,2017-11-29,c7e6f657d0b28ae86ddb5bc464f702e1,2017-11-16
7845a2492ab1b4f2cf3d56c7b8da1446,386e96046ce0e77e5c9a9a4e818da93c,delivered,2018-01-18 12:35:45,2018-01-18 12:56:40,2018-01-18 23:42:44,2018-01-23 21:51:48,2018-02-09,1175e95fb47ddff9de6b2b06188f7e0d,2018-01-18
b3ceb7d2c66651bd0f6531ffba8745fb,0473034ec8cbbdc1db543b6c3615c625,delivered,2017-09-08 14:56:50,2017-09-09 05:04:40,2017-09-12 00:51:21,2017-09-20 19:27:41,2017-10-03,65f72a9364d44ebbd405299568002138,2017-09-08
c4cffa375b754170e9823a1fe9ac75bb,47e47955af2683fa8896688e8aaa279f,delivered,2018-07-29 00:48:48,2018-07-30 19:31:59,2018-07-31 17:58:00,2018-08-04 18:26:54,2018-08-10,9565b6eb599caea334238cf517c2408b,2018-07-29
d44b754260def6c94daa9e661e530044,50c065ad9fbbc477d28bbb56dcb61600,delivered,2017-04-25 21:33:39,2017-04-27 13:15:50,2017-04-28 17:52:55,2017-05-09 16:43:57,2017-05-16,32bd7fa6d305e3c9a073ec9f2c5a49ad,2017-04-25
f9fe35b6ddb4b18faa9a9a683e20eaea,3888989235e31a1848cb782a04a14334,delivered,2018-04-26 09:49:09,2018-04-26 10:35:18,2018-04-26 14:16:00,2018-05-03 22:41:04,2018-06-06,76cf4cc60c7b6d6469c49e11e9b714dc,2018-04-26
d52140bee663636aa4f6057e50bc06a3,32fa597a3b06db1949ee96c416335b6b,delivered,2018-03-01 20:30:22,2018-03-01 20:49:07,2018-03-02 20:35:25,2018-04-16 16:24:45,2018-03-27,bb477df0c32c10ffaf2b2c5e81169f20,2018-03-01
cfa4fa27b417971e86d8127cb688712f,7093250e1741ebbed41f0cc552025fd6,delivered,2018-08-16 09:44:23,2018-08-17 03:10:22,2018-08-17 18:55:00,2018-08-29 01:41:41,2018-08-22,cadb385cc1299451df18febff40aabc9,2018-08-16
3ad68235680db3c8a491e0362402fd96,2ae1291d11904be5f9315472cc178cbe,delivered,2018-01-25 08:43:46,2018-01-25 08:56:56,2018-01-26 12:46:01,2018-01-31 18:51:53,2018-02-09,62234bde75e95fb025e2499a0a3bbc2d,2018-01-25
df6e64a3be9ccea48c3bfe8e096e8749,1f184001b4cbba29eb3ddefd7b0a195b,delivered,2017-08-16 08:00:13,2017-08-16 08:10:14,2017-08-21 13:54:56,2017-09-01 20:41:04,2017-09-08,f4089943e1529aefcd2733e1eecf877a,2017-08-16
bcdbb3b243d4e882503b919785e2343f,4146dd1b456444cd54142b5a7c4b9405,delivered,2018-05-21 13:16:36,2018-05-22 09:36:26,2018-05-22 12:23:00,2018-05-28 16:38:45,2018-06-13,9160831db912b9fb5f89d075588d68a7,2018-05-21
3acf8c12de0c5a31ce57671e97cb48a1,3c74489596d98affbe4a9388a39bf482,delivered,2018-05-12 00:18:28,2018-05-12 00:31:55,2018-05-14 14:54:00,2018-05-17 21:52:12,2018-06-04,c9f6a5d979d6abcd5e03dde326586a35,2018-05-12
112f6cd3047e7f158607233e26206398,f9ed63010ec897e6fb2c5ce868195a18,delivered,2018-01-03 16:29:52,2018-01-04 05:16:06,2018-01-05 19:36:18,2018-01-12 23:18:59,2018-01-26,c9a91ce6fdb1137f469e8771b60a86ec,2018-01-03
598cd40a798aa27cded050fe918ffbe7,f36d397e361b66b7220f849320541fd8,delivered,2017-08-31 09:31:20,2017-09-02 02:45:40,2017-09-05 21:35:05,2017-09-06 14:43:50,2017-09-13,13fff243cc1910bf64dafb9bc81ccddc,2017-08-31
ac244956f757aeeb76242334254bf9a5,80f70f0ca0bcd19bf71e848e51206d68,delivered,2017-07-12 18:45:24,2017-07-12 19:03:33,2017-07-14 20:43:44,2017-07-25 21:54:23,2017-08-14,5ec6ec6338fe161e42b765f5ded9d69c,2017-07-12
4c460fdf49b517270b6258ba2d3c1ef9,ffe82abbde8061e75c4c0b72f3b2accf,delivered,2018-06-14 18:37:58,2018-06-14 18:58:12,2018-06-15 14:17:00,2018-06-16 10:12:15,2018-06-29,633bd93d8ea8d1b21a3c03a466862f35,2018-06-14
118045506e1c1dda060171af43fe11b4,638c6674418fc58283a73c078bcb076f,delivered,2018-03-08 19:06:05,2018-03-09 19:08:26,2018-03-13 21:24:28,2018-04-11 12:53:50,2018-04-04,5a494c648fde2d1ec4eb614274ea7159,2018-03-08
18bf036204cea32b152a8e2a2f2bab40,75c1cc8ffdfa39cfba5b62056e1c0f56,delivered,2017-05-08 16:31:38,2017-05-09 16:35:23,2017-05-11 13:44:39,2017-05-15 19:27:34,2017-06-12,fc43c7addc1e0a622818d24929211a54,2017-05-08
ec07555943e04d757937a8bea3a75ed7,cf3c35f463f6a234d0dc10d33dacb41e,delivered,2017-11-16 13:18:14,2017-11-17 04:06:21,2017-11-17 19:12:26,2017-11-27 21:59:13,2017-12-08,fe25d225d2494b252321b09821ebdbdf,2017-11-16
825c221a4e981f278e9c5ec6ead83a3f,933bf00ad9a4f8bfd36bd85e09bd6cba,delivered,2017-06-29 23:08:50,2017-06-29 23:23:28,2017-07-06 14:05:35,2017-07-10 13:48:36,2017-07-19,4ccacf05f1c687822fc379cec1a70493,2017-06-29
371f13dd168ce30a881e0db8cf3929fb,f411a040a2fa31babc72e93f3a947e07,delivered,2017-08-26 10:26:53,2017-08-26 10:35:17,2017-08-31 19:42:41,2017-09-12 20:52:38,2017-09-27,5805f02470aa5a345996c6cf1eae5be1,2017-08-26
6699d7eb202a80ad0dd024134fe5ed60,18715b86f15b55cc06dcaef3708656c7,delivered,2018-01-15 00:14:21,2018-01-15 00:29:16,2018-01-15 21:33:17,2018-01-24 20:18:57,2018-02-19,f1222bacdff89a25eb29e54eeaabbe6b,2018-01-15
c046779e1ef14c11e325b9b9a46d610d,c3de914e671cb1e98797f42b2f797274,delivered,2018-06-05 19:53:27,2018-06-06 02:53:58,2018-06-07 13:02:00,2018-06-09 20:03:11,2018-06-21,4268ba27ab73c81466d3068e501223a3,2018-06-05
4b81496f1e0fd587a7394ba1e1b8aebb,ea0b7ca96e72354232c17d72b8bdf66d,delivered,2017-03-04 09:55:08,2017-03-07 04:05:14,2017-03-08 17:24:42,2017-03-14 07:24:12,2017-03-23,4fe67915d44791a5deab2957c2641048,2017-03-04
b3e2b81932a8bc32dfffd128937c3c5e,cb633030180d869d7bb76aa783a78b6d,delivered,2017-07-04 23:29:52,2017-07-05 17:36:19,2017-07-07 13:11:21,2017-07-10 19:07:41,2017-07-18,bdd790f120738cf7ae6c93b292f4dad2,2017-07-04
62fcfe5da58296dface200da2e196fcd,02860b05257510a255778043ce042794,delivered,2017-05-19 14:12:50,2017-05-19 14:25:24,2017-05-22 12:47:36,2017-06-01 16:15:31,2017-06-12,da1e7179b9c5a1494d78528cbcf05aa0,2017-05-19
ac71263052acddd3b2031b5937f8fc30,ffdaff86e5834cb843ada60a745d4222,delivered,2018-04-24 22:18:53,2018-04-25 22:10:25,2018-05-02 15:20:00,2018-05-04 21:18:36,2018-05-15,3b9de7fdd14fc3a254f14c1e28f236e4,2018-04-24
9db49839ad325c2bf4303df727694be2,3be5a877ceebea2954404c6ef8e70be2,delivered,2017-09-13 17:53:28,2017-09-15 02:24:49,2017-09-20 13:35:16,2017-10-03 21:13:43,2017-10-16,18bbfd7c77ff481bac5ae34fe5b8cc52,2017-09-13
390d4039e108e33c6a93031f5f3f9e0d,f33b3d6c9af33c35f9a32f66285a6b7a,delivered,2017-11-20 11:44:11,2017-11-20 11:56:31,2017-11-21 15:47:41,2017-11-30 22:04:00,2017-12-08,a826e92cf1530ad8a2e0e2f1350ac1be,2017-11-20
f633c884a99eb63866600655356d973e,b6e18008af6aeb4a5ce5574c15ca2b48,shipped,2018-04-04 00:33:47,2018-04-04 00:48:50,2018-04-05 19:16:46,,2018-04-25,4919652599408c4cdb93218f74137435,2018-04-04
b8bfafcbe46deea4900feeffb2d6afaf,73f826bc89f03a161feac9beef6ed964,delivered,2018-01-19 18:07:37,2018-01-19 18:20:43,2018-01-23 17:21:22,2018-02-01 00:08:55,2018-02-14,323b82df3d9616926c9eb5a0924abfbe,2018-01-19
16e38caa92e342c7780f68832f832d4d,d29935fdaf4a76f34653da3def4f2a24,delivered,2018-05-07 01:09:09,2018-05-07 16:52:39,2018-05-07 15:09:00,2018-05-24 00:31:18,2018-06-07,c3818f2a1aa9b856afa2cc5adf8e97b7,2018-05-07
c272bcd21c287498b4883c7512019702,9582c5bbecc65eb568e2c1d839b5cba1,unavailable,2018-01-31 11:31:37,2018-01-31 14:23:50,,,2018-02-16,0e634b16e4c585acbd7b2e8276ce6677,2018-01-31
6d710101fb9f067dd5385ea1b6021946,6e001b127d62e0c00c0dfb63778ae9c0,delivered,2018-05-31 10:16:12,2018-05-31 10:30:46,2018-06-12 14:23:00,2018-06-13 18:22:44,2018-07-11,ffd402998b20b0b8325f54e770264733,2018-05-31
d5af7f6e2db2c527fe19decfc2d37a83,bf59771b1ab3559105d03691c8c99794,delivered,2017-07-31 20:47:50,2017-07-31 21:15:09,2017-08-02 20:52:09,2017-08-04 21:04:49,2017-08-25,cb2d00950f18d7d8f7fcfc8cc3a173b7,2017-07-31
49e19ca07e42bde08630a08e50ad980e,cb67357747667b594aa6d47770e7334c,delivered,2018-05-31 17:47:23,2018-06-01 17:53:11,2018-06-08 11:18:00,2018-06-15 19:14:38,2018-07-05,9202421110f6a19ddcf0b9b93602a0a1,2018-05-31
ed3b269b4badaf0126050c9d4f7b854c,8df348aaafe2a0df5f1ad620b64095f9,delivered,2018-07-12 22:14:06,2018-07-12 22:25:13,2018-07-18 07:50:00,2018-07-23 17:48:39,2018-07-27,b47838e44cc3e864f6cc78ba3a4e740c,2018-07-12
6ac882284d5fcde113962e178ba0edbb,1bd00f336a9c3b3c35a720f715e7fe58,delivered,2017-12-07 15:40:14,2017-12-12 03:49:32,2017-12-13 22:07:57,2017-12-20 19:05:03,2018-01-09,620123772a3dcba2bd22515fb40e1fb3,2017-12-07
5e0311cb517d342851ca3b346cd4c5ab,3ac33dfea62e0b085b5cfeb64bee5f21,delivered,2017-12-10 23:35:48,2017-12-10 23:49:19,2017-12-13 17:13:08,2017-12-27 20:41:46,2018-01-16,fc8082a08a30524173a53dfdbb800e0b,2017-12-10
4efb9f3d8ba57d35f9f884744e757265,b1daab0190e21f1b1702791e68fcd940,delivered,2017-07-24 16:14:28,2017-07-24 16:25:13,2017-07-26 10:32:31,2017-07-28 18:15:51,2017-08-15,0fa37740a3371e759a99e0acc2d533c2,2017-07-24
f4b76dbfe0f911217da5adaa458f5b5b,c2d9ace6123e42fa913bd6fad131bf09,delivered,2017-07-27 23:29:11,2017-07-27 23:45:05,2017-07-31 17:27:38,2017-08-07 20:32:51,2017-08-22,a0bb13c6e9da8e2d1af6d0b8d5b61cd1,2017-07-27
3783e0b4f1ef0985e0d9aca4629f756b,264d02bf55980e2934f42a50c221e97c,delivered,2018-04-19 19:34:08,2018-04-19 20:51:20,2018-04-20 18:32:52,2018-04-23 15:32:11,2018-05-08,2f293b442348c20d12aa4537bd3d7234,2018-04-19
1b5bd1070a7857f30e0856e204f30f25,e30b71f331d7484590d41e75507583fd,delivered,2017-11-28 08:02:38,2017-11-29 02:18:46,2017-12-04 22:53:02,2017-12-22 17:17:53,2017-12-26,8fbdbbd660038497768d62fe719a7919,2017-11-28
4d315c56f2d8d8d27bf1a1365d41c923,1a064684f3096efdbfb11a78ea4f97c9,delivered,2018-06-28 10:28:34,2018-06-28 10:50:22,2018-07-12 06:46:00,2018-07-23 17:54:34,2018-08-03,0482f8eb57c7df640fa8a9a6a883c488,2018-06-28
68a001baa8dbd45ba5096b470f57a498,355971cbe54e13e55beb25fab74f6988,delivered,2017-10-16 18:26:48,2017-10-16 18:45:47,2017-10-26 20:41:31,2017-10-27 21:44:26,2017-11-10,4387c856607a91376446da32e4a2012d,2017-10-16
bb90b02637daa6d6ea968529eed50699,cb85fd1337a9b227e49fbcb893babd71,delivered,2018-01-23 10:15:38,2018-01-23 10:29:22,2018-01-25 22:16:03,2018-02-05 19:53:12,2018-03-01,9b953c95d48d666d4a7da3aec936f1ab,2018-01-23
186d50e82bb60fc547f3dbf7aa6f6f8a,ff0a44202beb5310644a0ea439973f4d,delivered,2018-08-19 11:28:11,2018-08-20 16:50:16,2018-08-21 19:01:00,2018-08-27 14:11:55,2018-08-28,3fbdb765b8e1d5608f2621ef4b8ab863,2018-08-19
2042abeefae68e63a8aa30edd4b0eb48,a37a37235d7b3be3e2f95747ca589bda,delivered,2018-05-26 23:52:17,2018-05-27 23:49:24,2018-05-28 14:09:00,2018-05-30 15:48:56,2018-06-20,6ea03cf508c8426284b647626ae5dafd,2018-05-26
f9c8a2771f663e15460ae6ba93205354,de6878ac6d0e66c06927865e86f28f60,delivered,2017-09-21 22:33:55,2017-09-21 22:50:07,2017-09-22 20:12:59,2017-09-27 16:32:39,2017-10-17,22ef5b7c597d6e1789a2c0ee5cf00878,2017-09-21
b2ce866408709e3ba155f339e97b8405,8dd1c4e88c1db62830ab1f7c56b6ee42,delivered,2018-05-04 00:12:31,2018-05-05 00:13:52,2018-05-07 13:37:00,2018-05-16 17:19:18,2018-06-12,479d6a0c8b13debeddbe4129756c6c68,2018-05-04
2e1b28b55908e9904e59370fa0ecbb8e,e0c153dd9802d047fc86fbbc9da1a59b,delivered,2017-12-20 14:00:18,2017-12-20 14:31:37,2017-12-20 23:28:11,2018-01-09 00:45:19,2018-01-24,2663a303bd9e9b360ebaa9e12aee0b98,2017-12-20
a98012aa8c697f2bcff9f8c2183e0f2b,3e337c99e0f5ff7ba9a4b98fbf7412fd,delivered,2018-05-13 22:50:32,2018-05-13 23:11:49,2018-05-14 11:49:00,2018-05-18 22:46:45,2018-06-01,43da534e5e6c052df9993df486f342b6,2018-05-13
302e27012670f8e2db4418e6c619f54c,4221d4ffdad18996eb11c8a829d6a073,delivered,2018-02-16 09:17:44,2018-02-16 09:35:28,2018-02-19 23:31:19,2018-02-27 18:28:43,2018-03-15,482749eee2cc3b294f4000e3e839c247,2018-02-16
f3d418a0887dbfd5bd41c788c87ac28b,1fabee44ed07815c74f684fe4826c686,delivered,2017-12-10 16:46:22,2017-12-12 03:36:30,2017-12-13 20:41:52,2018-01-02 19:43:30,2018-01-12,43103ed378c67d1df45d3028173f68f7,2017-12-10
31b157fa9491800710e3feeb482ccee9,55490de47a9c2abff0a27a5296ae9c2c,delivered,2017-12-11 23:18:07,2017-12-12 00:05:01,2017-12-12 22:37:03,2017-12-13 12:57:23,2017-12-28,31b9951a97199d0d5fa7b5f02453265f,2017-12-11
315ab79b5d15b5e9304d729579d36a42,04c70b7e1a619d16dbd79757e543cc59,delivered,2017-03-10 11:45:28,2017-03-10 11:45:28,2017-03-10 13:44:54,2017-03-15 16:15:42,2017-03-29,c0c0c50de0f9c7089f7de06b69577afc,2017-03-10
9f2da077d2d1eb6e8abcacef8776e941,2386792ff4818fe030a3b1364994f51e,delivered,2017-10-28 21:26:26,2017-10-28 21:46:29,2017-11-06 11:08:52,2017-11-13 22:33:12,2017-11-22,ab7bed4092cc3dadbaefba86cb45f37f,2017-10-28
b92fa055c4f004d4ae52eccce4efbe5f,36d3a1fdfe49d86395c631a7ea4dea63,delivered,2018-02-22 14:54:45,2018-02-22 15:27:34,2018-02-23 20:23:26,2018-03-05 20:29:54,2018-03-14,1ffa1c8081e0965ad547cec0656e6883,2018-02-22
d396adb7e51ca1bcb4a84cb786fee813,33a366be73843c5da3d68f3d3427afd6,delivered,2017-07-03 16:42:42,2017-07-05 06:44:25,2017-07-12 20:47:52,2017-08-01 21:10:36,2017-08-04,f00dcc95289fc9d9a4938889748b94fe,2017-07-03
714fb133a6730ab81fa1d3c1b2007291,e3fe72696c4713d64d3c10afe71e75ed,canceled,2018-01-26 21:34:08,2018-01-26 21:58:39,2018-01-29 22:33:25,,2018-02-22,c4ebedb09beb89cc0314c5c0c33f8053,2018-01-26
f3381b1e6c37c70f2b3c9d211b166412,77eca4439004e4aad223924d6f254f3f,delivered,2018-04-24 10:29:25,2018-04-25 04:11:10,2018-04-26 07:49:00,2018-05-04 22:19:10,2018-05-17,b523bbcb047483480ac0ac7ea454efb4,2018-04-24
b9afddbdcfadc9a87b41a83271c3e888,85c6af75161b8b2b1af98e82b5a6a5a5,delivered,2018-08-16 13:50:48,2018-08-16 14:05:13,2018-08-16 13:27:00,2018-08-24 14:58:37,2018-09-04,17030da4cff1fc639556306a1b0ab0c5,2018-08-16
bc024a50e4e6ff5212d0febb0f4b4a37,b037df006f291d0cdbc837d78c48ff5f,delivered,2017-08-28 20:27:54,2017-08-28 20:44:52,2017-08-29 16:09:26,2017-09-19 16:58:58,2017-09-28,cf6fcea0892d8ea6f5cfa685cb4abfe3,2017-08-28
4630b9ea86d473a936d6dd589cee8b22,5b6e97fea8528cf0060d86dbd82f9c4a,delivered,2018-06-27 16:11:38,2018-06-27 16:29:31,2018-06-28 14:37:00,2018-07-03 04:42:39,2018-07-19,5143bcc6bc4a69be5dfd6db38f2c1bb3,2018-06-27
0e31f844aae10fe7dc2369bc0340bf21,b8733d346bac6859519abd26e409fd6a,delivered,2017-10-17 17:02:32,2017-10-17 17:46:49,2017-10-18 19:44:58,2017-10-23 20:54:05,2017-11-06,b010c55c8b77285afc3eda1fc35f390c,2017-10-17
98cc17e56c367cbbe628aca0bbf9f08e,242b387a8eebcaf8ea3c588cdc79eb5b,delivered,2018-01-06 21:37:54,2018-01-06 21:49:26,2018-01-08 23:27:21,2018-01-22 15:25:33,2018-02-07,14aad6719aabc250f03de3beb57ad2f5,2018-01-06
21fc1ff2a7ed8b2ec6ff62ac18d7a1b7,08fe63b02e7e846c85b8a49b9fd540d9,delivered,2018-02-15 11:58:49,2018-02-15 12:15:32,2018-02-20 21:27:02,2018-03-05 19:08:17,2018-03-09,29193837afc61c50550bc1139e1d822b,2018-02-15
ea12bd9ee4b9a167ce287004482769e1,787b46588e96b01ea8bb3a4bfbccd352,delivered,2017-10-26 20:30:28,2017-10-26 20:46:38,2017-10-27 19:05:34,2017-10-31 20:22:51,2017-11-14,c94e1401ba656f7493a0f9d97edcf24e,2017-10-26
7958d9e7f3083099780539e0054d0c54,ab23dc90e86086221732547085a7f9e3,delivered,2018-03-03 17:11:33,2018-03-06 03:55:59,2018-03-07 00:32:30,2018-03-09 20:13:22,2018-03-15,5af9e3c7acac75b674e2a7510bf32f69,2018-03-03
4cd9478b63edacb631dcf780b036b157,f1b66f0324a631de414bc2bf62b5e915,delivered,2018-06-23 19:29:12,2018-06-26 05:12:58,2018-06-27 09:06:00,2018-06-30 13:50:47,2018-07-23,ad85f34e57e670a213885286b6a6a93f,2018-06-23
ba863950726dd067d21b2262ab48df78,74bd614c81cbbb1e75aad1b2dd120304,delivered,2017-10-22 14:25:40,2017-10-22 14:49:15,2017-10-23 18:50:12,2017-10-27 21:23:49,2017-11-10,cc46237f7d268f31d98cf34e436d466c,2017-10-22
9f035a4126d6f9cf43447e9b8eb6abae,ac7e3d34240c0ebfc003455c2e04d10a,delivered,2017-09-20 11:35:09,2017-09-20 11:50:10,2017-09-27 21:16:18,2017-10-18 19:32:17,2017-10-19,cf2d4b59551f1a621e1dd518d8025d3f,2017-09-20
c514dba8d0ed614c6a397d2f0f3fe202,2fdffca8dcdf01547529d45f7f4e8e8f,delivered,2018-07-31 20:47:41,2018-07-31 20:55:33,2018-08-01 16:07:00,2018-08-07 19:32:24,2018-08-20,f2a9bc9a1db05c873e1419654f747f9e,2018-07-31
b7ed5b357d48b6c8f588c5cf0d7ddf5d,92148a85c89c0da621cdc0e1810a23f7,delivered,2018-03-10 23:24:50,2018-03-11 00:00:30,2018-03-12 17:08:26,2018-04-17 17:37:54,2018-04-02,5d81094365fbd7cb0e548f4508fa5e62,2018-03-10
05ae7d6bd78e2a61f4c0076a9d690aa8,2e21846cd2112929ca821e9716281192,delivered,2018-07-20 12:25:03,2018-07-20 12:43:35,2018-07-23 14:41:00,2018-07-25 14:08:33,2018-08-01,449ba149df652b663c8a8605eacb146d,2018-07-20
d9a79759e192eeea9d5227b706bb6155,9ade348c95b66ce157cad614dc61fe1e,delivered,2017-10-04 23:23:34,2017-10-04 23:35:24,2017-10-05 20:47:31,2017-10-10 21:27:50,2017-10-30,0aa7d3df6008a3d5aa9db07e65cef5d3,2017-10-04
1a08b06cb8b9b557453b70b83fdc69cb,5b0403fc813ee1da7cd9a0816d205016,delivered,2018-01-21 16:46:04,2018-01-22 13:53:51,2018-01-24 23:56:52,2018-02-02 19:24:24,2018-02-14,b6b9bf08a9b9f5e258a9022f135e771d,2018-01-21
c3716204ec5bc2bc5593bee858279148,99ae056139c928155fbb6789440c8824,delivered,2018-07-31 21:51:41,2018-08-01 21:45:18,2018-08-02 10:38:00,2018-08-06 16:12:24,2018-08-20,362f74c1d6e7015625b8464d05a8a149,2018-07-31
f86b24a45dc34d1b7fcdeb817bf503da,f6cc975f9ed5f7d6d78d5f8ac711a7ac,delivered,2017-03-06 21:15:37,2017-03-06 21:25:18,2017-03-16 12:42:03,2017-03-28 13:20:16,2017-03-30,8cfecfbbdad82f1281686a54caf46dbb,2017-03-06
bac5dc94cc5dbf0810f1919c2aac13cd,85fe96297110ae68dd33043dc65a5221,delivered,2017-07-08 17:35:03,2017-07-08 17:45:18,2017-07-10 19:11:54,2017-07-13 20:27:55,2017-07-28,d0c5e56e04e886e73c79b3b71f0d6f0b,2017-07-08
01835ef41c5ac66dd9ec6084fa1d0533,6a4ea2081853cd8dd8d7c69cdf86925a,delivered,2017-05-11 21:36:10,2017-05-11 21:45:17,2017-05-16 08:54:10,2017-05-23 22:13:35,2017-06-01,f64ee7b44a9c2170a0db74d6bc3d1ba8,2017-05-11
26e7beff0239dc6ed3a8f2bb5972911c,6c5aeca0152670c75e44c9c67eb7c1f3,delivered,2018-01-22 15:24:44,2018-01-22 15:38:22,2018-01-23 17:30:14,2018-01-29 21:49:43,2018-02-14,0b5fbc764612225ace7795b93b38aa35,2018-01-22
e995d128a5a5bd59d704a736c4a75fd5,2137fd565c784123ceb5a62528749c89,delivered,2018-03-10 20:39:19,2018-03-10 21:40:32,2018-03-14 18:28:34,2018-03-21 20:32:39,2018-03-28,1df745bea08a8a107db186724c8cd2a8,2018-03-10
d92d62eadcca8fd6509c4d0afad5b2c2,a00009bf8489ae779a18179b4716f195,delivered,2018-08-07 14:12:05,2018-08-09 03:45:13,2018-08-09 14:27:00,2018-08-10 19:12:18,2018-08-15,207ba0e71c642b6eda7d0f4d41673751,2018-08-07
22bd668810988f93e2c335459e72a312,314675b44a38443e4ba09ab0f462c8c7,delivered,2017-12-27 20:24:42,2017-12-27 20:35:30,2017-12-28 18:28:16,2017-12-29 13:17:54,2018-01-16,d469ff90bd1e879cdfed08343ac1a77c,2017-12-27
9a886ac42ca6eb5571fbdd1bdd8be02e,c7f920a7b4aed73af416b5fa6f5c5584,delivered,2017-04-15 23:53:50,2017-04-16 01:05:16,2017-04-18 07:27:45,2017-04-20 17:38:07,2017-05-08,9eb98592b8f2aad88bc937c857ea9a35,2017-04-15
0ab63e307694f40a88a0ecd358c0939d,f239edc4401c9043a2c8f37fe164b273,delivered,2018-04-15 22:11:11,2018-04-17 05:50:27,2018-04-19 02:22:27,2018-04-25 18:11:42,2018-05-09,8fbfbef81eb19dbfa1f6ba6bf5924e4b,2018-04-15
f8ebe0a43498e8d689afbbfec4b3eaba,b59948a7b140d0a16d1683138820eed9,delivered,2017-09-11 15:39:11,2017-09-11 15:50:47,2017-09-12 20:52:55,2017-09-24 11:29:16,2017-10-09,4cdcedeadb2f9aeb0ba2ef5f2ebfd042,2017-09-11
d2741de337666d1bb01913f415e6643f,cb1e2bf26acb98ef66bb11447a218cc2,delivered,2017-02-25 14:34:40,2017-02-25 14:50:18,2017-03-02 20:34:25,2017-03-11 08:32:59,2017-03-28,6fd9de387d337ad313a16b4c591ca753,2017-02-25
f29d0fd6d4e6d5ce550e0b2f9335116c,55216cd56c9eaadec16f03d5aaf11d86,delivered,2018-05-17 16:34:49,2018-05-19 02:59:02,2018-05-21 13:45:00,2018-06-09 00:14:23,2018-06-13,c1dc1162de49817a25314db3030276f5,2018-05-17
d30680568af2e9f0aeba3420292df26d,8eb5e45df7b0f27cc1a3b7ba46219180,delivered,2017-09-16 09:20:26,2017-09-16 09:35:12,2017-09-22 20:45:53,2017-10-22 14:16:51,2017-10-09,dcf468beeda4b0ec3079e3e6b462fa51,2017-09-16
2d8f8f85abccae68275f423d878f2b7e,8ca53db6e60cffad03828535d1fcc1a2,delivered,2018-02-27 08:31:17,2018-02-28 09:56:35,2018-03-06 22:33:27,2018-03-23 14:34:43,2018-04-04,b3d23d61fb01dde311c5ddc5dfde8e47,2018-02-27
cfd355e6233b9854f7decc72472f9c3e,dfd239feb53ae84d8c50baab69d38133,delivered,2017-03-24 15:50:46,2017-03-25 02:32:36,2017-03-27 15:40:01,2017-04-04 17:18:03,2017-04-24,826c449cf40b8267142abd5c6e753ae2,2017-03-24
fc66798245e4d173bcc7eb36eb72a278,43831164a0be75b0bd8fd92cc8c6b232,delivered,2018-06-15 20:16:34,2018-06-15 20:41:15,2018-06-18 12:04:00,2018-06-26 19:14:58,2018-07-17,db29571fb751833b8e3d9733d8a93000,2018-06-15
1a7ee01992a69255a005e9db8a96d898,6ba47b28c84367f0c27769d78f1c3adb,delivered,2017-05-31 20:57:49,2017-06-02 20:05:12,2017-06-08 14:03:15,2017-06-19 20:13:30,2017-06-23,8bba2fac2cb38bfb0a323272f63d5f75,2017-05-31
6ffdb56df83717770ba1d34001f4686a,147f69d3f50f2d2bc3797f20fe452ab2,delivered,2018-07-13 19:38:58,2018-07-13 19:45:10,2018-07-18 14:09:00,2018-07-27 16:18:46,2018-07-30,331fd4bbcc3082979ac9595762358cba,2018-07-13
d0d828105d7a6106d4b6cfd55607c278,e7fb8d2c8a581e31b93defd84ee988fe,delivered,2018-04-30 11:18:47,2018-04-30 11:35:38,2018-04-30 19:02:00,2018-05-02 20:24:30,2018-05-09,8166ab68030fd04c8dc0de68122091ac,2018-04-30
d0d85933667e8a90939ca37947942b62,e74208f5cce1258bbbb9a55463f0d37a,delivered,2017-03-08 19:55:23,2017-03-08 19:55:23,2017-03-13 09:42:13,2017-03-16 13:35:37,2017-03-27,20afb5e47a145730fe9e8c081318e71c,2017-03-08
41de3b8bbb80e2cc80c8d446a752d2fb,0df487c45aada9cfdf07f6876f970af6,delivered,2018-05-06 19:45:32,2018-05-08 04:54:49,2018-05-10 19:16:00,2018-05-14 16:39:50,2018-05-22,0b949d3ee12ac9f871346d814ff57080,2018-05-06
be82da060fda4b85c7fe6ea6512f67e8,4a2d2e5f1e7d78c701d998b92fe72bd7,delivered,2017-05-02 16:35:06,2017-05-03 14:45:23,2017-05-05 15:08:33,2017-05-15 12:47:31,2017-05-25,bc82228a4f5fceba5b14a04cb7b4591b,2017-05-02
14676aebeb151a1fa4f20e8fc3544621,e8515276707fdd0900308f2cbde32131,delivered,2018-02-17 16:39:44,2018-02-17 16:50:36,2018-02-19 23:41:53,2018-03-10 00:12:46,2018-03-13,383a19352a66cf815661a4e2863f28c4,2018-02-17
2f4545bda1b1c794a9a35a3fbe4257ba,d436bce514752338004b26a232f21008,delivered,2018-05-16 13:47:51,2018-05-16 14:55:29,2018-05-17 11:11:00,2018-06-05 15:38:50,2018-06-05,f4c01ec1c1160a873642b614ebd6d72c,2018-05-16
e6c3435aca88a50c893f06b6b13e9242,0dae7978fb6595f295dd3fd9ede02cda,delivered,2017-06-19 18:00:01,2017-06-19 18:10:19,2017-06-20 15:47:27,2017-06-26 16:21:57,2017-07-10,0dd47ea03f3e61825df9e2bc94c292f1,2017-06-19
5f69f6bf68dce110479aa0bb515b47c8,4cd274ce8ba240b1cff6480fa9911df1,delivered,2017-11-26 11:20:27,2017-11-26 11:31:40,2017-11-27 16:36:45,2017-11-30 13:08:44,2017-12-12,01daeb09de8f07882ccd4319ffbc4693,2017-11-26
cafc9b2f7d35ec42bdb74347cc6e8a70,c9573cc1e246dadca50b2a74f795def3,delivered,2018-01-19 00:48:30,2018-01-19 01:21:52,2018-01-19 22:41:38,2018-04-04 17:12:36,2018-02-16,7671178c592895e5beed747367b4a54b,2018-01-19
2978901accabf6eef42711d8133a62f1,6248396b64eb57dc8522ecd345312daa,delivered,2017-11-23 14:31:36,2017-11-23 14:49:06,2017-11-23 22:32:01,2017-11-28 22:18:26,2017-12-07,b66f4f9f89df0b0973bb1057073887a0,2017-11-23
fb4c699559386e0b6b970181177d99bd,e7ba6d56b812cb7e8c4a285d95f4e476,delivered,2018-04-16 14:21:02,2018-04-16 14:35:18,2018-04-17 23:46:48,2018-04-24 14:31:22,2018-05-09,f8f6ed51ded0d4757a6153f5ce0f8906,2018-04-16
a2ea081c06c12c25c068089e4985745a,fdabedbba76cf0308dedcd99afc66626,delivered,2018-05-05 09:22:24,2018-05-05 09:39:09,2018-05-09 15:48:00,2018-05-26 00:08:34,2018-06-08,826303f32007dc49ba0fbf597caf80ec,2018-05-05
7fd4d653725c9338a9c3eae892dbf616,7ac9814735089053e51d2756d3cdedd9,delivered,2018-03-06 14:21:57,2018-03-06 15:00:24,2018-03-07 19:42:25,2018-03-15 22:05:41,2018-03-26,9a6032bc6bbfbf84eb4d55660786ce17,2018-03-06
0bb0dd89956cc5f44ff556c2189e7160,db925a533d94cee42707026949892c7e,delivered,2017-06-20 13:08:17,2017-06-21 02:26:00,2017-06-21 08:11:54,2017-07-03 16:05:05,2017-07-12,5f03b965e26e79a371d229cfeeb578d7,2017-06-20
e2676f5f513bf595fcbd506999db7c26,99f297c1c95e0dda633b7e584ec2a4f3,delivered,2017-08-02 15:36:19,2017-08-03 03:06:30,2017-08-07 19:39:55,2017-08-14 14:25:40,2017-08-15,2f30a830c2791853a80645df3213eab7,2017-08-02
3c9a3ff1e41cb58bb8a24ae6f6eea080,e413b51d04fdbe619c2cb28cda3046d6,delivered,2018-04-28 22:02:50,2018-04-28 22:15:14,2018-04-30 13:41:00,2018-05-03 19:58:28,2018-05-15,7aedba48051dfe957b59e5d052c16f71,2018-04-28
a4b79dbc2ad1b141dcc00a17f2450a11,6a3dbc73fd55e0c6ecbee56656482225,delivered,2017-10-12 20:26:33,2017-10-12 20:36:27,2017-10-16 22:06:43,2017-10-27 21:12:51,2017-11-09,972982ede3727673962ae6e5ae515166,2017-10-12
376a342d70faa7a733b871acc701def8,8563b07a84656ff32968702daa37c468,delivered,2017-12-11 11:50:54,2017-12-11 11:58:24,2017-12-12 13:09:44,2018-01-20 01:36:58,2018-01-05,b8d95b1bc28f71750ada508312f1e176,2017-12-11
acbe07f22f29ad7e5a78f30008cc6ec7,b4afeb58ac51bc903c5362286c6a5cfe,delivered,2017-11-18 14:33:04,2017-11-18 19:06:16,2017-11-27 18:34:31,2017-11-29 17:58:43,2017-12-05,6457b2cb5462c1217e8e6d36b0ff39d2,2017-11-18
07fbc4f433fc8754c492bc6dfb0b1c52,6a562d22d4e2ce223ae7ad8bfd834ab0,delivered,2017-07-05 08:49:56,2017-07-05 17:41:46,2017-07-06 16:48:47,2017-07-25 19:42:50,2017-07-27,bb78f4743e618d1b7d4e8fddb9494542,2017-07-05
16cb3a72f04e248a1244b076ce0d9bb7,ff9c535af2f9325df8f3c81f30f60b8b,delivered,2018-05-23 14:21:17,2018-05-23 14:37:15,2018-06-11 09:07:00,2018-06-19 18:50:58,2018-07-05,9da098e9a3edd7f640205f03a340a821,2018-05-23
6f36c999f8ef8d1a3a999079a5b637aa,ac055528f5a69cba5e02d73ad1ee9a74,delivered,2017-12-16 15:29:46,2017-12-16 15:49:52,2017-12-18 17:16:58,2018-01-12 22:04:29,2018-01-11,2db405cc6d4123953d36594dbff12a73,2017-12-16
cc66dee6fbc18bb79903c3a2cc14ff52,19d3b3a2d4756af17603e2c35c7c2815,delivered,2018-04-12 14:37:29,2018-04-12 15:15:27,2018-04-16 16:23:53,2018-04-20 17:28:56,2018-05-07,8fa5249534fd9822b86bcf2bd14318cc,2018-04-12
f15ee2f37da0500e278ec213c201edf3,1bb26cb73f617c0b4eed520cc297ea8d,delivered,2018-07-27 11:58:46,2018-07-28 18:35:13,2018-07-30 14:08:00,2018-08-03 20:38:29,2018-08-16,215a9975430b79bfc8e836ca2dcffb92,2018-07-27
14d68c5b215a31950340dc9cb3f73efe,f6f80187601754d61deb547e6d5b5a06,delivered,2018-01-28 11:47:10,2018-01-28 12:00:34,2018-01-29 21:52:38,2018-02-05 19:17:15,2018-02-21,3f96ad6e136439eaf4e575561067a196,2018-01-28
b6a50dc1cfeb4ad7219d3577ab9a2454,81ae5da9106d9b5af38c42eb81cce399,delivered,2017-08-31 07:27:54,2017-09-01 02:15:13,2017-09-01 15:37:07,2017-09-14 15:43:52,2017-09-25,e4bd14f440ef8ed8d3cf48ebf731fd7f,2017-08-31
446e20f85f1b9cf552376d6f31c983b2,db6505328f042b7f4fae7d80f3b0515f,delivered,2018-02-23 13:12:12,2018-02-27 05:31:00,2018-02-27 20:13:18,2018-03-06 23:49:06,2018-03-15,2575b93f24ae722702825789254eaa1a,2018-02-23
6ccac061be472c84db514aca9acd26e0,ae2164e850f39dce431cb74974daa355,delivered,2017-12-11 07:50:11,2017-12-11 07:58:24,2017-12-12 13:14:28,2017-12-14 16:32:01,2017-12-28,2b5810705ad2dc3a748d181a15996eb2,2017-12-11
4a5cc9b4e332e03d76bf553a7f2fa5d3,a4a00c41b5e3ed88bf0e0bb96576c2b2,delivered,2017-12-15 23:33:32,2017-12-18 00:33:04,2017-12-19 01:35:09,2018-01-03 23:13:15,2018-01-16,94e89532396b3c02f648b2bc7f93f528,2017-12-15
555e4d40fb6beea866d46eb6a5a01b41,d77e4c0bfd0085b029605683a846abca,delivered,2017-09-17 18:52:44,2017-09-17 19:05:22,2017-09-18 22:19:46,2017-09-19 18:57:33,2017-10-04,7d15b5b3609f450652ddc385d624a2cc,2017-09-17
191a0013ee3ec32e27da5f85cf028081,8fd044742f99625dc8f08f7d3e731fb5,delivered,2018-03-31 11:48:59,2018-03-31 12:35:11,2018-04-03 12:57:22,2018-04-07 00:21:58,2018-04-20,6a4060fb7ba4fdab5ca85e0d7ac38e00,2018-03-31
1b00c4d80c81cdbc36487c96c6e92f07,6f392cfb40b84e0857b16c23c773aa31,delivered,2017-05-14 09:36:36,2017-05-16 03:22:50,2017-05-16 12:05:28,2017-05-23 07:52:33,2017-06-02,5399c9213ca365a480537a1b21423d2c,2017-05-14
eb1873ec4d6a2af1c0626a7d08bd9c09,1531106e1c467cea04c233e54a383098,delivered,2018-05-10 17:48:41,2018-05-10 18:17:57,2018-05-11 07:23:00,2018-05-18 15:56:43,2018-06-01,5e8a37a9db66531212450e6bd9a3c9ad,2018-05-10
38971812f1db9e4a30885e5574dcbe53,735774ca9e99d1d85ae5f53b4958e6cc,delivered,2018-06-24 13:38:07,2018-06-24 17:18:18,2018-06-25 13:59:00,2018-06-28 21:46:43,2018-07-24,30d600f278c689c07360b4124cb9a73d,2018-06-24
ee3fad68d0f56d60e91a2363ec879e44,aaaa6531d040b9cef69bf13af9be2fd6,delivered,2018-07-25 07:39:35,2018-07-25 07:50:10,2018-07-25 13:35:00,2018-07-31 17:08:30,2018-08-08,050f9cf69723c91054d44c3b3a1e7ac2,2018-07-25
cf771efcb04c578f9d3619f2632d8333,fe55fedfef0683a529b51a9444214ea7,delivered,2018-02-12 17:33:54,2018-02-12 17:47:58,2018-02-21 10:07:44,2018-02-24 15:28:49,2018-03-15,bf257f507db19138f5bc4065313c1f87,2018-02-12
d3c64cf55752f7821e85e7ea9b9b3f30,a14b17e55f117e4bf24cdd9d0e586c35,delivered,2017-05-06 11:20:18,2017-05-06 11:30:19,2017-05-08 15:29:18,2017-05-19 16:59:52,2017-05-30,d71a769963b2c890c06e83cbed137a43,2017-05-06
37553832a3a89c9b2db59701c357ca67,7607cd563696c27ede287e515812d528,unavailable,2017-08-14 17:38:02,2017-08-17 00:15:18,,,2017-09-05,596ed6d7a35890b3fbac54ec01f69685,2017-08-14
3d34d8e3ea34d73617a75deea86ced48,b89010d4a6acaa06d4ef89043869838e,delivered,2017-11-30 11:05:02,2017-11-30 11:13:21,2017-12-07 19:37:27,2017-12-19 14:36:15,2017-12-22,503f8e014d74b09cfe772d0279c361b9,2017-11-30
de81104d0d1d1a5d4dd09e89a7ea4cd1,b9f21de0cf737e46054822f6082eaf31,delivered,2017-02-10 16:37:55,2017-02-10 16:50:17,2017-02-14 10:21:06,2017-02-21 15:36:07,2017-03-13,81def1193ae82b7a35da05d0565767fa,2017-02-10
2d9ea2efa410b1efd6bbd47d126819b6,3a3fc10a053a684ea7b581c82916e794,delivered,2018-02-19 00:38:22,2018-02-19 01:47:38,2018-02-19 20:09:33,2018-02-28 23:53:38,2018-03-12,11f9374f0b84ffc98a1ae50698c2112d,2018-02-19
9f2ff91a3b8c4c34b7847c9c68971cfd,623438e09482cf7300ffdf9b95ffd9dd,delivered,2018-08-24 09:55:31,2018-08-24 10:10:20,2018-08-27 17:58:00,2018-08-28 16:12:10,2018-08-30,22e8b5bc5e81dfa4a832da8f0b1452da,2018-08-24
498a0b00b1c51a95e61baebf6379d76b,e60e08d06effbf35575193d851fd8007,delivered,2018-07-20 11:28:33,2018-07-20 11:46:15,2018-07-23 10:04:00,2018-08-07 20:28:32,2018-08-20,78130fb0014a1ecce98e7faa41b6f06e,2018-07-20
db115077a7bd949a515922eb40aea6c3,46ec8bcd9649f0f7bbb179bb59d6702e,delivered,2018-07-23 11:30:12,2018-07-23 14:31:04,2018-07-24 14:39:00,2018-07-31 11:02:27,2018-08-14,012b41c1dae00a092474ca48dc764a00,2018-07-23
794f771a39b24c7c47aa9eb198f066ed,661652a4ba9255d6a913c339ee78d5bc,delivered,2017-11-26 13:24:33,2017-11-26 13:35:21,2017-11-30 12:25:45,2017-12-05 01:27:40,2017-12-15,8990154c8645a3efadc9b01e1891d255,2017-11-26
75d4b0b71e66d09b6070bd54c61e20fd,88196bd808ae8abe1b944efe1807b508,delivered,2017-11-19 20:06:12,2017-11-19 20:15:27,2017-11-22 17:08:54,2017-11-23 16:39:05,2017-12-01,251e658613a224723f8a077946183b20,2017-11-19
2cb414479754a8e1ed07eed0ccfc0778,a00cedaaa02a3875ce936ecf15c567b9,delivered,2018-06-03 09:59:42,2018-06-03 10:49:57,2018-06-04 10:11:00,2018-06-18 18:24:40,2018-07-16,9862ce221e3e2761a216c537d75d0256,2018-06-03
b5e23127e5bc161906c1d23be69f7e16,6e916919988c15d61b259bc9494db0f8,delivered,2017-11-13 16:23:17,2017-11-13 16:56:00,2017-11-16 18:41:59,2017-11-24 18:03:13,2017-12-04,6ac3687282ae6cf1976b4cc39677f95c,2017-11-13
afe207b8795179c5b29bc4c2f0052178,712230fb56aeb8d9084bb813e3249a84,delivered,2017-11-30 15:27:05,2017-12-01 11:31:09,2017-12-04 22:10:28,2017-12-08 00:52:11,2017-12-29,31cb8b5ae4d65859af8fc33b14cde233,2017-11-30
ac2b7c522d811acba0aa270ed3e112e4,ef21aebbb093a6db29ccc6aa0b89c347,delivered,2016-10-05 15:08:00,2016-10-06 15:44:26,2016-10-10 15:44:27,2016-10-13 15:44:27,2016-11-29,664f7107c351f24b16b68919398730a0,2016-10-05
1b99333d39cf95f48be3864b2e1e88b3,01b2ab1c903b4ecd0442a3ce48d89caa,delivered,2017-05-23 20:19:03,2017-05-23 20:35:07,2017-05-24 17:26:49,2017-05-28 12:22:32,2017-06-05,b20060de6cb6e49f4fbcf32a9effb25b,2017-05-23
633dfa0c56ae5c0c7f2e90620ad55b2f,22e62a7227eb91f93cb55ef14a20cbd4,delivered,2018-06-22 13:43:19,2018-06-22 13:58:17,2018-06-26 09:18:00,2018-07-06 14:23:14,2018-07-31,0be23e2afd5c5d9a1c2ef6b033e2b17c,2018-06-22
8a0b2bc5c7a1c524635f4de8bae9dffe,764fb80689629a0092fa11ada23a0c4e,delivered,2017-11-23 22:27:55,2017-11-23 22:37:27,2017-11-27 20:23:03,2018-01-20 15:26:28,2017-12-22,2c90fdbc33c7a6f301f4c63f0c962b3f,2017-11-23
fa4c0ad484374bf0485f99f6a57255a5,aaafc20a8e58530ecb72c7ec1f497fd8,delivered,2018-01-26 18:30:17,2018-01-26 18:52:02,2018-01-29 15:27:34,2018-02-01 19:18:05,2018-02-22,14a188558af6cd5bc222ca773d395a7f,2018-01-26
54bc2449fbe0368b74470e4280fe494e,bd2215daa338b34c697773ceff4e013b,delivered,2018-04-24 13:35:49,2018-04-24 17:43:45,2018-04-25 15:08:00,2018-05-06 16:42:23,2018-05-18,fb485d47aaf4805284599c09e8843809,2018-04-24
1f7ef4e37ca10d4ed60f43c7cf81e181,cfeec5b515f027e2d4374a9ed829307d,delivered,2017-12-15 21:32:23,2017-12-19 09:58:26,2017-12-19 21:27:44,2018-01-09 13:53:45,2018-01-17,dc8c4fe2107e6688666c025fb6a6acad,2017-12-15
d5211af24819d319c02a285e7bb51750,a6d8c2fa92836346256c28d885d9eea0,delivered,2018-08-03 16:29:05,2018-08-03 16:45:15,2018-08-06 13:27:00,2018-08-09 15:09:10,2018-09-05,a5931be4783e1a1dfbda5c6e145d96bb,2018-08-03
db6a3a98e587a2b75215bf8f467d43ec,bff45358be29fb889f469bf4c74a1825,delivered,2017-12-01 21:39:03,2017-12-01 21:55:18,2017-12-04 18:32:49,2017-12-28 21:58:42,2018-01-02,795e2dd34c208200aed85b3f44dc2a4b,2017-12-01
477ee3f21cb7374ecfa12433c30f53f5,384a027682b0ddc9d88f4aab723d9730,delivered,2018-06-21 10:46:55,2018-06-21 11:01:15,2018-06-22 12:25:00,2018-06-26 17:07:43,2018-07-18,04334bf56d76e503c2b474e3bc129d65,2018-06-21
15d086bbbae9b9e4b50c916c919479ed,fa07ada3f850284255c79f6c93490991,delivered,2018-07-22 23:18:54,2018-07-24 11:32:16,2018-08-01 17:45:00,2018-08-04 10:31:38,2018-08-16,e42c4dd98307152b732690ea8bc5f61d,2018-07-22
0daf1f0e67b534ad873ba61c5d6ad7d3,1681471e9172d7e12ba08e9ac9e8628b,delivered,2017-09-05 10:54:17,2017-09-06 11:03:50,2017-09-09 13:23:11,2017-09-19 15:35:03,2017-09-25,84032c13e75382a35c99ae73156b30b9,2017-09-05
234c056c50619f48da64f731c48242b4,44e460a655f7154ccd9faa4dbbbaf68a,delivered,2018-08-14 14:49:15,2018-08-15 03:15:15,2018-08-31 15:25:00,2018-09-01 18:14:42,2018-08-23,2b18cd5c428106cc024ee2cc951a0b68,2018-08-14
62a56f9bfe98de42bcdbe6cc57284dfb,aa0a85e355a784775696142c2f29aa48,delivered,2018-08-08 01:23:58,2018-08-08 01:35:09,2018-08-08 14:46:00,2018-08-18 12:08:54,2018-08-24,bfdb1f4f667634b7ff30a716e6fafa95,2018-08-08
a11ebb9e9f1a018eea99fe7105f2d897,10ee14e89676c9f43e64a67cae62823b,delivered,2018-07-18 18:42:47,2018-07-18 18:55:28,2018-07-19 14:03:00,2018-08-03 14:43:03,2018-08-13,67172368edf401478f187d09180a1671,2018-07-18
bb2dfe6031f35f7abc9a3c7dad5e4467,01e0d4fb731e6ee47df3f3f179cc0a0b,delivered,2017-01-22 14:09:03,2017-01-22 14:30:43,2017-01-23 11:21:46,2017-01-30 12:37:55,2017-02-16,9a47f3ac5c51599a24bb848c16ece5f4,2017-01-22
4dcc01481b7ab4f5f37c8eb4c4c67841,b2859fd419788314d84da3852630e56a,delivered,2018-04-08 13:20:21,2018-04-08 13:30:24,2018-04-09 20:03:09,2018-04-17 19:38:22,2018-05-07,43968dac726b3b0b8d896a758308d75a,2018-04-08
662823ed689412b9a2e5085620e06070,b4214b2e14c916724d94efe51fcbd1f0,shipped,2018-03-15 15:57:24,2018-03-15 16:11:07,2018-03-19 20:28:42,,2018-04-05,1eaa53faf68bb4c2a2d95a56b63aa8b1,2018-03-15
4380bb6c7d8375926bbea2c8b514dc8c,11617a4c5fc72fccb4c2a53ea21c5a3c,delivered,2018-01-29 21:09:10,2018-01-29 21:32:17,2018-01-31 13:12:45,2018-02-14 21:43:34,2018-02-21,ef583977570de5ee4dcb0cb083bde3e1,2018-01-29
169f6274660e528484fd239aa7d27097,4cd756c714ca569c2450c24782004147,delivered,2017-06-27 17:58:14,2017-06-28 02:45:12,2017-06-29 13:41:57,2017-07-04 13:59:41,2017-07-10,320c8ec376e4f189744a18ef6027db89,2017-06-27
bfafa269a969ef03e5db5dc7d7a72471,062328becf66582e5849b4f2b364b143,delivered,2018-05-02 22:17:41,2018-05-03 22:13:10,2018-05-04 14:02:00,2018-05-07 14:57:45,2018-05-21,3cf14101fc0207e827130e8fdfc0da25,2018-05-02
a4163ebff79ff34a631c57d5350215ae,0b70134d7e2d9773897833e933c6ec5b,delivered,2018-03-30 20:27:16,2018-03-30 21:27:23,2018-04-02 21:28:36,2018-04-11 01:19:34,2018-04-27,93360190b9375a40b65720ee99387a4a,2018-03-30
7b2f3756c235e93b2ad6330c54805401,d79764082a836f215312d98c964ce478,delivered,2018-03-12 16:54:01,2018-03-12 18:00:56,2018-03-13 23:02:56,2018-04-09 22:08:51,2018-04-03,ef2c223efd90366cb6639746cfcfc7ad,2018-03-12
a890088df39d4c062a07081527034784,42532fb94eca7866bb4915e5cd46300b,delivered,2018-02-21 18:47:50,2018-02-21 18:55:31,2018-02-24 00:24:55,2018-02-26 21:28:51,2018-03-07,4d44daa2056990a8c1cb947a19c626b0,2018-02-21
476984a30a6929077bedabbefc98ce38,98647ebe3068d5566c1c2cf026d72239,delivered,2018-06-20 16:44:28,2018-06-20 17:01:07,2018-06-21 09:14:00,2018-06-26 18:58:22,2018-07-19,aa75aabc388e5d825562397365e0ac61,2018-06-20
48b7d84507eb52608a007fde9d641daa,cad2dc8d82cd9ccca487589a7fe62e6c,delivered,2018-05-07 15:38:06,2018-05-07 18:09:48,2018-05-09 14:18:00,2018-05-11 01:48:54,2018-05-17,23f5ef949f4f54d239cadd6aa0ca48ed,2018-05-07
d0e9849de800fdb4cb3b5e6d42c6b367,b634dded0d0e31b899f16cb02e0ed1d0,delivered,2017-08-31 11:38:18,2017-09-01 02:30:13,2017-09-01 21:22:28,2017-09-26 16:48:01,2017-10-05,c829f5071c462c99343ede23887acc21,2017-08-31
7d1ac7d65c6b5d59a9ac241fa41da57d,dcc13a2d32ff7ec6e1920580280f704c,delivered,2017-06-16 23:17:41,2017-06-16 23:30:10,2017-06-19 11:15:51,2017-06-29 11:06:37,2017-08-02,00d03b5e33f8987549c5590313a4ef21,2017-06-16
4dadcd5f9e682c17fdc6dded70c048e0,e40265c6ceebf38ea830b695d9340bda,delivered,2017-05-07 13:53:39,2017-05-07 14:05:12,2017-05-08 11:44:57,2017-05-19 12:57:35,2017-05-31,f2a84e3bcb9db0d7ae7f66c23f6a390d,2017-05-07
8ad3f1d0f96992e43566c4c82c9f6c58,948b29e24216a05fea13a18d8db45ea5,delivered,2018-07-17 21:25:29,2018-07-17 21:35:17,2018-07-18 13:08:00,2018-08-14 04:04:40,2018-08-03,6740f8899f3c70b5b08b2e0bad37e567,2018-07-17
cdbe906438125d1d5bf88bb289f8ed61,af684ccf558442d5fa8d9daa7456ac76,delivered,2018-08-02 12:25:18,2018-08-02 13:15:22,2018-08-03 11:51:00,2018-08-06 13:28:35,2018-08-09,297871f85f3905d13eaa1afed708ca57,2018-08-02
1107e64e1795b6cf551a7044612e8bd8,698e55af1f6f37f7f304a74eb93b85b0,delivered,2017-02-26 17:33:51,2017-02-26 17:45:14,2017-03-02 16:34:26,2017-03-21 11:43:57,2017-03-24,732517445a23f14603d5683d8c0e7b37,2017-02-26
e9280658289b5c5215dcc3b7183c0541,74bbe1a0e4f06bd62ede6b5f239bfb0c,delivered,2017-10-24 09:13:05,2017-10-24 09:28:10,2017-10-25 17:07:36,2017-11-03 20:23:02,2017-11-16,7585fac6723f6d9fd6ad21c70ceadb70,2017-10-24
ca290a06ee0945b956f79c93b5191633,acd575d7382968889f41a5a3f37510dd,delivered,2018-04-09 22:02:30,2018-04-09 23:10:27,2018-04-10 22:41:36,2018-04-25 13:33:24,2018-05-10,323c4e9d78f774df9255793377ce636e,2018-04-09
50fe82ce977520094518dd8618d7331a,80f93f1fabe7772d559a7c349667af0e,delivered,2018-05-24 18:32:11,2018-05-24 18:54:28,2018-05-25 14:53:00,2018-05-28 17:24:48,2018-06-11,be80084c717389b7097326641a8a7208,2018-05-24
443a73a22cd4e0078a47c275b358b786,317072fd23410f845f2d3beba3747e62,delivered,2018-05-16 12:22:12,2018-05-16 12:39:38,2018-05-17 13:07:00,2018-06-07 15:58:37,2018-06-08,11d2c273e93727d6c0e516075435ae82,2018-05-16
d3ca7b82c922817b06e5ca21165c5ea2,d23df2c6c3e51d875f458d123b2b3c90,delivered,2017-11-16 13:54:08,2017-11-16 14:08:23,2017-11-16 20:56:53,2017-11-17 13:49:40,2017-11-29,88fbad05557cbc2d2f5fee59d6966716,2017-11-16
962debbd5f682617761de8b0f7789bc5,5ed8d20445c356efaf39b27949caa8c3,delivered,2017-06-05 08:45:30,2017-06-05 08:55:16,2017-06-05 14:45:29,2017-06-13 16:48:22,2017-06-30,6f5b9e28a0abfb51e391191320d33a56,2017-06-05
d57e15fb07fd180f06ab3926b39edcd2,470b93b3f1cde85550fc74cd3a476c78,unavailable,2018-01-08 19:39:03,2018-01-09 07:26:08,,,2018-02-06,2349bbb558908e0955e98d47dacb7adb,2018-01-08
d8e2d2a26010eb732a91d8b6952e2c9e,9a516f56e5f6f198350066cc99339bb0,delivered,2018-01-11 12:20:07,2018-01-12 02:35:45,2018-01-15 16:58:55,2018-02-06 22:33:04,2018-02-07,7249a976b68003a30adc1203a467cf6c,2018-01-11
f6f6a68d78c7dd4b319f6df3c846094b,aa012a8928021b41ea6de61e855880bc,delivered,2018-04-13 12:10:45,2018-04-13 13:15:45,2018-04-17 18:48:53,2018-04-27 11:58:45,2018-05-22,5ad755f2bc4d98be17d9f42b3c1f0c4b,2018-04-13
9d047c83463a30fcc3f2b361d9a33d2f,21f1477f3d02e7fd1ba28dc6c596dc17,delivered,2018-04-06 19:17:22,2018-04-06 19:30:14,2018-04-10 22:48:53,2018-04-26 15:03:49,2018-05-04,ec6a267aac7d40277f50dfed2d449cf1,2018-04-06
6a6c7d523fd59eb5bbefc007331af717,d954782ec6c0e911292c8a80757ef28d,processing,2017-11-24 20:09:33,2017-11-24 23:15:15,,,2017-12-20,2adaff8e437d7153f3326cf14187d821,2017-11-24
0d5cbb8e4c1c7a7fc26899126197a6b9,6ca4c791dfb84fbc05cbe68d7d7a95be,delivered,2018-06-27 11:57:05,2018-06-27 12:08:25,2018-06-28 14:08:00,2018-07-05 15:18:47,2018-07-18,f99f864daa60fae827c1a42691f11d81,2018-06-27
c1f0e475378c6500b5907a2134bda1da,5da0ca7784ca3dee567abe4c07800952,delivered,2017-10-18 15:53:45,2017-10-18 16:07:43,2017-10-19 19:25:50,2017-10-26 18:30:45,2017-11-10,0a609db8d244100909a15d65eadf8539,2017-10-18
80d36d94a5ac668fd0479b5e848207c9,3fb8a3a262c0e12894b068f551c9f006,delivered,2017-11-16 17:01:14,2017-11-16 17:16:09,2017-11-17 19:06:55,2017-11-29 22:48:59,2017-12-21,a6ba026e341252f5e41461043458bf61,2017-11-16
e91398c99556f8519e116e6ca4f774e1,e71b7daec09cf1f42e8764868665e5b0,delivered,2018-03-21 15:30:57,2018-03-21 15:48:35,2018-03-22 20:02:51,2018-04-06 02:02:43,2018-04-10,020311f9fc67a990f3d43b481398a259,2018-03-21
7d219bd2feeb13ad311a00db33c06a3c,3740f4d0edef80f567eca55830ec9e8f,delivered,2017-05-25 13:50:11,2017-05-25 14:02:20,2017-05-26 13:04:02,2017-05-29 16:52:10,2017-06-07,3cdb97c7026f8956cc2211db2b19f270,2017-05-25
c9c52a849ead8fc8b85d828ae740ec78,411744ebdffbea1216c657a60472edce,delivered,2017-11-28 00:34:46,2017-11-28 01:31:28,2017-12-01 19:27:09,2017-12-09 17:42:09,2017-12-22,1322f42ae5165f0fa89f7a1d0f9da61a,2017-11-28
76a1ee4ee17ea3b77f3c483c0a73e9c1,e54533a3ffc29ddafdcfa45434b9b218,delivered,2017-08-05 14:39:14,2017-08-05 14:55:13,2017-08-07 19:12:28,2017-08-23 16:24:07,2017-09-06,0adb4a6277959c538f115b485f2b0495,2017-08-05
3ec275bc012162de739c7ab6dcf11677,62b45594e877bd203ce2e49134b8ad03,delivered,2017-08-20 11:07:39,2017-08-20 11:25:05,2017-08-22 13:40:08,2017-08-25 21:12:14,2017-09-01,5c91001431c31b0b355a154d4f498177,2017-08-20
3c333445207b077f35c9e81a7e7c7273,346b61007a25104a5a1b25e1e68b16b0,delivered,2018-07-13 13:42:50,2018-07-13 14:50:13,2018-07-16 13:45:00,2018-07-25 14:02:27,2018-07-31,0f6c4fedab0af76f3af23a6c65efbdc3,2018-07-13
682fba8f9ac0c164d162ff702d6bcc23,2c07e5f16a6a9c98a3837783b7e6fc4a,delivered,2017-12-05 15:24:25,2017-12-06 02:35:35,2017-12-07 12:34:07,2017-12-28 22:19:10,2018-01-05,637083b346bff4660523a74fc4fa8b73,2017-12-05
e897d96adf4da16805cd6faf2913ce48,ede6d420b95b2d4145c3e0de07483597,delivered,2017-05-06 12:28:42,2017-05-06 13:02:28,2017-05-16 17:24:45,2017-05-19 16:36:08,2017-06-02,e8092d3af4962027cd1f45d669494cd6,2017-05-06
1a4cc55b483d875e3b8bbd64a1b31bba,1a3fcb72ec1f37b5385e08237a40409e,delivered,2018-04-12 14:05:08,2018-04-13 12:55:48,2018-04-13 23:12:37,2018-05-09 15:08:44,2018-05-09,982f532d3e8e8177c57361a39d1b1492,2018-04-12
58b198357d2b68044f885a370a585ff3,8d7cf6fc4668c48859673a8e0fc8fa6a,delivered,2017-04-15 22:00:21,2017-04-15 22:15:10,2017-04-18 14:51:36,2017-05-10 12:48:08,2017-05-08,007953b3182d5ccc9189a694f5c68163,2017-04-15
4190ab61a7fced69f3ee84d1da1120cc,3df7ff0b86935d5249e4d6cd56b89131,delivered,2017-12-08 11:38:00,2017-12-09 02:36:21,2018-01-12 00:35:33,2018-01-31 19:08:40,2018-01-11,b5c758a46ae1c305aa9f913d3b895951,2017-12-08
0d13e311818a800d01cd46fb35dd3c27,7d61bddcc4435ac5dd586d751ebca204,delivered,2017-03-29 23:16:20,2017-03-29 23:25:13,2017-04-10 15:57:03,2017-04-18 14:29:48,2017-05-11,10936b5134f21f582fbc02f383d76572,2017-03-29
a06c43ed81f5c604287461f4d21949ce,da82d24c21654f951fedc813df8a5dc6,delivered,2017-10-24 17:39:10,2017-10-24 17:56:20,2017-11-20 21:15:00,2017-11-23 21:48:41,2017-11-17,645d54fc2f9c61166cdac23242542979,2017-10-24
f3c916d220c67cd493a09b5bb17bfc23,25175de148ab2040aa6fe34ca5eb0d15,delivered,2018-03-23 16:39:38,2018-03-23 16:50:56,2018-03-26 23:22:37,2018-03-28 18:21:15,2018-04-11,5ba20615a231459a4120721fec77e635,2018-03-23
ccd7d6d23c5d29de6367dd5332aab16d,0ff9dc143472cb3ff41b9ae4a058b421,delivered,2017-06-05 11:44:22,2017-06-05 11:55:15,2017-06-06 10:34:33,2017-06-07 17:40:04,2017-06-19,4441264fd8b29e9fb8bc6cba8b5dea9f,2017-06-05
919a615149354b4e074eff65adaeae81,ba8a4209b5b60ac17ac458fdf1d34ddb,delivered,2017-12-28 18:40:56,2017-12-28 20:08:04,2018-01-05 00:56:39,2018-01-16 18:43:16,2018-01-31,3d83e5ef875fbe2b372eb472a6528146,2017-12-28
49e76d6a1b1f9ff4d04f85b2304ad378,c1055f5a8a55684492575d082da04127,delivered,2018-01-26 15:52:15,2018-01-26 16:19:16,2018-01-29 19:08:49,2018-01-31 22:57:06,2018-02-19,e9e222c7329e066228c28fbf0bea98ec,2018-01-26
ed24759a0ae96582e88fdca0c0997d22,869c947685e4deaedb87bb36764949be,delivered,2018-03-24 11:58:06,2018-03-24 12:08:19,2018-04-09 23:33:03,2018-04-23 14:57:48,2018-04-23,4bd3154555b2d1d19fed1ccf31aa33f7,2018-03-24
27a78fdbe7b915a0596af3a5803a41cb,107d449d8a73c9dfd9673df8ea684348,delivered,2018-05-14 16:18:26,2018-05-14 16:36:58,2018-05-15 13:45:00,2018-05-17 22:54:50,2018-05-28,f6dc4789e4669873c35f8f92fdbed89f,2018-05-14
d118d545516947d2d82fda28e9d631af,8918dedf08a051aff27479246e74a5bd,delivered,2017-08-02 13:18:30,2017-08-02 13:30:13,2017-08-09 14:00:41,2017-08-11 14:40:06,2017-08-22,65fb17c692327dfef891bef8b7f33c2a,2017-08-02
f343624eab419250ad81f1ce6be22c93,3fc0d940852ab274e532e80b1c1d5c2f,delivered,2017-03-07 11:47:20,2017-03-07 11:55:18,2017-03-09 15:38:15,2017-03-17 12:42:09,2017-03-28,a48dc9ff5e16f55336756967c43d7431,2017-03-07
1d5b194c01e762aa59a47ae8dca7199f,e5b2dea74bc86ced6b86f103ca99bcd9,delivered,2017-06-10 18:02:25,2017-06-11 18:02:36,2017-06-13 14:38:41,2017-06-19 18:33:40,2017-06-28,00ecc71175078e2cac5547a5656e9622,2017-06-10
f98ae4bbfd1a32ea2104c8cf1f64dabf,427ebd67be61503c00a75d8915080a71,delivered,2018-02-25 18:53:53,2018-02-25 19:07:29,2018-02-27 22:51:38,2018-03-27 22:06:48,2018-03-27,7042a2786e6151b47cfb7696fe87cfc8,2018-02-25
7209ce21354cff1e1957b42ea0a76cd1,d2000bb65d12d7c93b7e27e6c961757d,delivered,2018-01-11 22:59:49,2018-01-11 23:10:26,2018-01-13 15:33:47,2018-01-18 21:42:54,2018-01-26,f81ad6f6ac826325fd953e470dc63a1a,2018-01-11
0132451f29a10b66a5cf1bacc85f9afe,1c5b37d20011c637ad1a5b6d423c7483,delivered,2017-11-08 17:08:56,2017-11-09 17:08:27,2017-11-10 18:48:59,2017-11-17 18:58:42,2017-12-07,aaff146bd210808c7d004a05966472a7,2017-11-08
f9f15e02ed74cf8a21b8266a55498942,e1f67a370030c2c5695ee3f95c44cd90,delivered,2017-10-12 21:46:31,2017-10-12 21:56:20,2017-10-17 17:07:58,2017-11-17 23:59:11,2017-11-13,fed9ae71404fb97d15c821adbe64feab,2017-10-12
d445a6e277eaa62900bc18d453d96d76,c2cd065252fa7ad04274d9d69dd9c09e,delivered,2017-08-03 10:39:39,2017-08-03 10:50:24,2017-08-07 14:57:56,2017-08-14 20:37:25,2017-09-06,e808aa0ce98f33e671bf3e5b47756564,2017-08-03
e55e8c9f6f33a8562db1430444f22092,b16cd1296147fe2153a24ae9be382d68,delivered,2018-06-13 11:29:48,2018-06-14 02:17:48,2018-06-19 09:19:00,2018-06-25 16:34:43,2018-07-11,af702f368f324149262ef325cf76e5dc,2018-06-13
bd5c9d506fee7419ee3c669d0123a067,2f005421793ec9f86d5d654b8af675e1,delivered,2017-03-25 23:51:57,2017-03-26 01:05:12,2017-03-27 15:39:59,2017-03-29 11:45:41,2017-04-13,bcebdf69569a5b1cdbb67ebf178e794c,2017-03-25
1f69e4870ffb8313df2fef3df0af2718,ff20530ce012df37828978c25f3dacac,delivered,2018-03-06 17:12:14,2018-03-07 10:29:08,2018-03-12 23:14:47,2018-03-14 16:04:34,2018-03-22,cec2d86889f4d9a19aeec4c8d4e1beae,2018-03-06
a236ae70310b60403c3adac81f96d5e6,972e7c5340efc85efad5a12e49eff86a,delivered,2018-07-16 23:40:37,2018-07-17 00:35:16,2018-07-27 11:54:00,2018-08-06 17:40:28,2018-08-06,1450ca0539e1e64a77c08ba841c8be94,2018-07-16
673426deedf113369fd0f139e97ed084,133cb7dc019947e49b9541c6c2795ac8,delivered,2017-07-10 20:58:17,2017-07-12 02:10:49,2017-07-17 10:27:56,2017-07-28 19:03:09,2017-08-14,f9704cfe97e0f31474c90f255b834511,2017-07-10
64ea4c51ad1203229ba011693f35da54,f384d3d46a938ede0333121a810b4d7d,delivered,2018-01-29 13:09:31,2018-01-29 13:30:16,2018-02-01 00:38:54,2018-03-02 22:15:36,2018-02-22,698a9cafcc15cac8cdbaee64adc6efbe,2018-01-29
fbbd2907c49e21c3c105257b12772380,d177bd6051d525711221cfe59b43aa3b,delivered,2017-10-22 16:11:06,2017-10-22 16:21:22,2017-10-24 19:16:53,2017-10-30 20:54:30,2017-11-09,08c563a0e00983d634746efc2cd9fad6,2017-10-22
47cdb12caf2067098633bc9a0d3679f7,4d833833ec5cc5bb9e6c230820e4bc54,delivered,2018-06-24 11:32:26,2018-06-24 11:58:02,2018-06-25 12:09:00,2018-06-28 22:03:55,2018-07-16,9a9ca2ba7c7df7918e058df64a36c739,2018-06-24
aa2e81559d88cca16ac122e7627078c8,0d49e6cf6c6049404ab247c5d1ea4aa3,delivered,2017-03-27 14:04:58,2017-03-27 14:15:21,2017-03-30 16:08:45,2017-05-05 14:56:03,2017-05-02,639c0608dce3b89a89bb5a9077dfec48,2017-03-27
c0e6116a3c6c2d732ec1b43bb7b5f307,b073fa2486ffea654bcd31968d03d8a1,delivered,2017-10-27 19:00:02,2017-10-27 19:15:19,2017-10-30 18:45:26,2017-11-01 19:32:24,2017-11-09,39aa99192278d43812a46c69c1f2443e,2017-10-27
fe91d55ea129eb6d5a2d5fc82bcacbd0,a5d6b2f5be2eca026d50b24773ef1113,delivered,2018-07-16 08:52:35,2018-07-16 09:04:17,2018-07-17 13:07:00,2018-07-24 20:15:34,2018-08-07,651cd1b09c19982ff7e2174ff41ff18c,2018-07-16
a33e52fbf9a20b226a588f30d9aab612,8d8b4e6ab11b7c08be542cfa4ff6913b,delivered,2018-01-11 18:37:55,2018-01-11 18:49:22,2018-01-15 16:44:54,2018-01-31 18:58:36,2018-02-09,0e914929d9935db92beddb5f3b551a96,2018-01-11
fdbd371c335ecb94ccb8a65c37d8ebba,021ccba47cb1118dfba3213180ffb44d,delivered,2017-12-25 20:14:34,2017-12-25 20:28:19,2017-12-26 17:47:00,2018-01-10 20:46:45,2018-01-15,a8bdc0d9ea28636ee0ada5b9ccb430c9,2017-12-25
c788aeedf593229d4ee84e790c2e5483,838aa327b0491d3cb3e9c1c6d9bb382c,delivered,2017-03-05 22:44:58,2017-03-05 22:55:40,2017-03-06 08:48:21,2017-03-20 07:23:36,2017-04-04,116490c868c239247db4417b68c9b435,2017-03-05
c4d5588c1ee36814fc302422334e67f5,4338285648648cd4a82f4498801ea736,delivered,2017-12-17 11:25:52,2017-12-17 11:32:26,2017-12-19 19:26:10,2017-12-27 10:19:26,2018-01-11,5c0916024bf8ac6780aa07dce317aaf6,2017-12-17
dd6d0f11a9c3d2abdc91e95b9598b332,e6c386cfd321a1708aa60ff6b8f46449,delivered,2018-01-11 21:42:30,2018-01-13 19:30:09,2018-02-08 21:16:40,2018-02-21 21:26:15,2018-03-01,5bc4d654dc4eb95cbd977eafadb38383,2018-01-11
61e7365ad2e2ce5a3dbf650586623b7f,884e5773f9ec5902aec38d330c7daa7f,delivered,2018-08-14 16:20:40,2018-08-14 16:30:18,2018-08-15 14:45:00,2018-08-20 21:05:18,2018-08-29,027179319d6e0b4958b300ba6e9e35e6,2018-08-14
18905a8655f8255bf50d2eeadce2641e,1aed7bcb3469dbda3ebc61b12938a4ba,delivered,2018-01-25 23:32:16,2018-01-27 02:52:27,2018-01-30 14:17:11,2018-02-07 17:27:46,2018-02-26,e2cca4a06fe6a1f070aca81f919ec50c,2018-01-25
4ef04edb491b8cc23eabe782ced6715c,5db7793e5ba9211bf9e8176cb8bb3ecf,delivered,2018-01-19 09:51:37,2018-01-20 12:51:00,2018-01-22 21:25:00,2018-01-31 18:33:28,2018-02-14,fd5c854369acea3d0c81dd2efb68e3ca,2018-01-19
af500adf58ab55b8bdd27be8cf81aeba,6fafe51f43d9aff93174e020cd452f66,delivered,2018-05-21 12:21:48,2018-05-22 09:36:22,2018-05-29 07:15:00,2018-06-07 20:06:04,2018-06-28,78dac225c9b06836121cb53fd0084ccb,2018-05-21
ca0400dec2c292340c373e63b1c2c597,2c8be64d4c648b0bbf8412c53761ae27,delivered,2017-11-28 10:27:09,2017-11-28 10:40:55,2017-11-29 21:11:41,2017-12-20 17:22:29,2017-12-22,0aadc1d26d1c8b88a52c39a533ccea93,2017-11-28
965c963c874eedc47cd261cbe057121b,cf801016b25bee7696b5f84e5c944b34,delivered,2018-06-16 19:48:05,2018-06-16 20:18:50,2018-06-18 13:22:00,2018-06-27 18:28:25,2018-07-16,bd27c65e0405e162422cf80ab58aca59,2018-06-16
305b0101ce8f8fd2d7b32f7480340018,06872c61a13a4d027504dd0c15d43b72,delivered,2017-04-30 18:34:22,2017-04-30 18:45:15,2017-05-05 12:07:58,2017-05-16 08:57:50,2017-05-25,0e5858cb988e7b7905f137dd56147574,2017-04-30
c5d58ec8e7e7184d9a9d42b75ffa002d,18e42e6a3b2022561588b6d32c036b52,delivered,2017-02-12 12:30:04,2017-02-12 13:02:08,2017-02-13 14:00:21,2017-02-20 12:29:30,2017-03-16,1a2042f30f2a7ecefdde313fa0cf151b,2017-02-12
911fba382ab724c847ae5577e47949d4,838bc2ff67963202eb29e748923c15fa,delivered,2018-02-27 10:31:04,2018-02-28 10:50:10,2018-02-28 22:08:33,2018-03-23 18:42:48,2018-04-09,e8b82b7189d0161005e4bacb11e209ea,2018-02-27
ee43d4bf4491386fa4837c502b9c3f4e,0324667bb97f2048e83f77d282a75fb4,delivered,2017-03-07 06:35:43,2017-03-07 06:45:09,2017-03-10 13:52:01,2017-03-20 15:04:03,2017-04-07,3e2157f91502458bc58455fd798ed58a,2017-03-07
06bafdd8b6d0b5befb44337a7674a1ec,2b655432dbb2d5e62b02aee3eafada73,delivered,2018-02-10 11:48:42,2018-02-10 12:07:44,2018-02-15 18:33:21,2018-02-21 13:39:15,2018-03-06,0d3d2bb5ba03b60324b0684e614c7c20,2018-02-10
492bed007520827cbed51959e4ce4385,ba5166acad480f24f1633e1b8ce21741,delivered,2018-05-28 12:53:12,2018-05-28 13:14:03,2018-06-05 15:02:00,2018-06-14 14:51:45,2018-07-11,ca7afd2f31de9bb06bc2ff8c8f338c7f,2018-05-28
df82ea7ca7f0f799161e0fd92c3ab96a,8f121fde1f03b4865ac871202143016b,delivered,2018-05-14 11:28:58,2018-05-14 11:58:12,2018-05-14 12:02:00,2018-05-19 11:18:41,2018-06-18,fbc838cf7e5c279afad28109e3632d18,2018-05-14
bd3f8b3f4ff1469c0709218f7fde9fe8,bcc8d940cce330c07102f7857ae2da79,delivered,2017-11-13 11:16:06,2017-11-14 04:06:46,2017-11-27 19:48:51,2017-11-29 19:11:53,2017-11-27,cdf40f3d0b93839f37972934deda0d65,2017-11-13
b23b43e19386862a7c0aaa27c80e782f,86de6692e6fdfad3c3221414dc73d4a9,delivered,2018-04-12 09:52:07,2018-04-13 12:55:32,2018-04-16 19:48:43,2018-04-17 19:24:33,2018-04-26,1176d8491a0ae7e42bc65b08ddd1d924,2018-04-12
5f674c43ef69fe052df34f1519f7bc12,62c4b72afa074a0214ebbca36c89cbcf,delivered,2017-10-25 18:57:29,2017-10-25 19:07:39,2017-11-06 21:25:31,2017-11-08 21:33:01,2017-11-13,a38acbb1f0ca4266b66805e1350f346d,2017-10-25
d965c84427fa1d6daad237adfbf75554,f481cadc657dd238cf73200b92292644,delivered,2017-11-17 13:00:10,2017-11-22 02:40:02,2017-11-22 17:02:16,2017-12-01 21:38:57,2017-12-15,bd0c1f867e8745eb3ea435b9c5433788,2017-11-17
7d7b903bbd7d3b762ad60115c30185f2,bf5f428a6f809242d47242a4159db97d,delivered,2017-08-14 21:13:44,2017-08-14 22:05:27,2017-08-15 15:32:51,2017-08-21 17:58:06,2017-09-01,8c9878027fc2b1d4ab0d641b76ca7010,2017-08-14
0197cb265e2c84b9f89dfd784095d2f6,3971ac136496b4368c1431bb5bce0929,delivered,2017-12-21 20:55:24,2017-12-23 02:12:41,2017-12-26 19:08:59,2017-12-28 16:37:08,2018-01-30,1858eacbc8be35fe3b5dcfcd6d249462,2017-12-21
103355b1bc5b63508c20e2b7eeb58961,f3d40ccfde2d918c886b7f2633a33d74,delivered,2017-03-01 18:29:06,2017-03-01 18:41:59,2017-03-02 12:58:42,2017-03-09 09:26:09,2017-04-03,9e7a39dbb0cf16617bd4bf207c32989f,2017-03-01
6be749c0e984143242faa174d084889f,6c347ef65dd574fb9c2d654c3650fc43,delivered,2018-08-10 08:35:14,2018-08-10 08:50:10,2018-08-14 18:00:00,2018-08-20 22:03:36,2018-08-27,6a0a549e7d20a02c112dc6be0c395a51,2018-08-10
d2b9580c38485b5aa4eb815c689c3164,6133c673d6332117825558e7fbffba34,delivered,2017-07-19 16:45:17,2017-07-21 02:50:48,2017-07-21 15:03:23,2017-07-27 19:04:48,2017-08-10,4dd1fb5dc901ff9a6077edf5b8572e5a,2017-07-19
90855e99e15fa22aff68cdb4323b27c9,b8f2034a26d0832f43daa3a588a9131e,delivered,2018-07-18 21:37:46,2018-07-18 21:50:23,2018-07-24 19:00:00,2018-07-26 20:44:34,2018-08-08,f511b6d115fc112892dbc612cd3d9358,2018-07-18
f3c95cc4d7074e5b709ac1a9c10dea1c,e05df6dee2d1b0a7782f771120b9e826,delivered,2017-01-22 16:10:09,2017-01-23 20:55:19,2017-01-26 05:47:32,2017-01-30 15:06:11,2017-02-16,9526faf43eb079ae6eb94cd2fd8982c6,2017-01-22
802ee584365ed44c00f4207fb17ae67b,e66e06fdb34d8289533411b7061d19b0,delivered,2018-07-23 10:11:13,2018-07-23 13:20:17,2018-07-24 14:15:00,2018-07-28 00:40:52,2018-08-09,dd11d408f0349a9e49a9069f02c758ef,2018-07-23
75d1b089800a77f3c4b653e297632423,5a5bee06f22d5f03e2d648c82571b4ba,delivered,2018-08-14 11:16:44,2018-08-14 11:44:06,2018-08-17 13:35:00,2018-08-21 11:48:48,2018-09-05,59bb10015afb7afabc67252dbbf21985,2018-08-14
c761a8b74f1e876bc5efc4186f720e27,a8ed087e25b26fb64cbb99033eb243a7,delivered,2017-04-03 19:07:32,2017-04-03 19:22:45,2017-04-05 12:42:51,2017-04-11 14:25:21,2017-05-15,3702265e16e5246cff7462ea675f6d90,2017-04-03
6d60cc495dfb5a5851f56f188c4e4059,2f49811c845d9978f54ea3f61741516d,delivered,2017-04-20 21:03:10,2017-04-20 21:15:11,2017-05-10 09:12:20,2017-05-12 12:22:06,2017-05-17,892b22658ba1feaddb220b7627d32194,2017-04-20
746347ecc5cc9cb88a346545608fb635,16110c3e157d455044ea08de22990cac,delivered,2017-07-26 13:47:20,2017-07-26 14:03:01,2017-07-27 18:12:34,2017-08-03 17:37:44,2017-08-15,aa1dad17da0400e391f5eabb98dd5d23,2017-07-26
6051e6d3da9a50b7325cbe9c81025062,c25122206bfcb3ffa950706e1cb10f2b,delivered,2018-07-03 23:40:16,2018-07-05 16:31:26,2018-07-04 12:14:00,2018-07-05 22:52:28,2018-07-19,2b0d2a4ffe3906cd18019c2463cfeee9,2018-07-03
f9ca536e1ef897f153c183d72ba141bb,a9f353609242c268174ec433f45f8440,delivered,2018-04-05 18:34:49,2018-04-05 18:50:14,2018-04-07 00:58:32,2018-04-19 15:38:45,2018-04-26,d42b2752f04c8b661506333f88f70177,2018-04-05
99fe1f54d97630a40c549779ea00e8c9,fa124303523931c3e5f132f33e9110fe,delivered,2017-05-16 21:30:59,2017-05-16 21:45:16,2017-05-22 13:25:37,2017-05-31 08:18:34,2017-06-08,dc0841d3aaec503e855801c36e6b63d0,2017-05-16
03f83b59e7c7355647462745b18119f1,c1865c11ead00a1bcd19971382032e8a,delivered,2017-07-14 16:49:26,2017-07-18 06:03:49,2017-07-24 13:58:07,2017-08-07 17:43:07,2017-08-09,5c74db72c1cdc37dc37c27542ec62542,2017-07-14
88c588c116fd06fb8e48dd83af88ec4a,8787c72a20002592238d7b80721ab729,delivered,2017-11-19 13:23:27,2017-11-19 13:35:26,2017-11-24 22:06:56,2017-12-22 17:44:27,2017-12-12,6d1213d0a8cccfa5cdb1b693fd388055,2017-11-19
cf1bc456a0d5c63bb6c94d3b8b2c56e7,3957cd0afb5bb497ebba4cc825703737,delivered,2017-09-06 10:15:27,2017-09-09 06:34:59,2017-09-12 14:32:56,2017-09-19 17:54:20,2017-09-26,2e9fa6156ef798653e721237123f372b,2017-09-06
4f38a875c972c4803a792f62b999b4cd,00f73459a4d3be97ff307dc869da0aa9,delivered,2018-05-28 10:31:05,2018-05-28 10:53:35,2018-05-29 15:41:00,2018-06-07 12:21:51,2018-06-28,f0e721656838e4d20a956242308007c7,2018-05-28
3bbbeac55063ea854a8b5d32a2cbf8b0,d0e3351321cbbc1e4928cac9201c4729,delivered,2018-06-09 18:56:00,2018-06-09 19:11:01,2018-06-11 15:43:00,2018-06-16 18:32:49,2018-07-03,309035839d0c04859125d39311145941,2018-06-09
1d767ef13195f2cb3337b6b077e1f752,9deaacc2a9d6b105c1e27790708843b4,delivered,2018-07-23 14:56:35,2018-07-23 16:05:15,2018-07-25 06:00:00,2018-07-30 19:44:49,2018-08-20,cec0f7c6c7365805b89f59923ba96ba8,2018-07-23
46f3c70ec2c3e58a0c126aeb5d10d9b9,627b92adad5c3e29a2c4518bfcf13fec,delivered,2017-09-11 19:42:40,2017-09-11 19:50:23,2017-09-14 21:14:49,2017-09-25 18:46:24,2017-10-11,c34829c1ffe2887992efcf51e4e02b31,2017-09-11
7ab9c55c59eaeea579d047e2d8aaed81,feca0f935fcce79dd42d409d96af9645,delivered,2017-01-22 13:04:20,2017-01-25 02:55:21,2017-01-26 16:41:28,2017-02-01 00:52:30,2017-03-16,4182d20f129b3679e6808317f1e95567,2017-01-22
20a6605d8265ca357d15eaf4f6710f63,f3b9b8b6d11fc7c446254660648ca292,delivered,2017-05-14 14:56:41,2017-05-14 15:10:13,2017-05-17 09:23:09,2017-05-23 13:19:32,2017-06-06,8dd26bfb2f0afd35e9f26f9704da080f,2017-05-14
8e96f3e6633f7601ec50f3a904c3a3a2,c5827b73d67d474d76a268f0dda54396,delivered,2017-08-28 18:43:50,2017-08-28 18:55:17,2017-08-29 15:18:24,2017-09-06 19:46:59,2017-09-08,d97918f04ae8a0b8e8c8aa5be14b965a,2017-08-28
d8917c684fbf577ca5d76423b29f29da,24e773830688359e8fbf7f89b2a303da,delivered,2018-06-30 19:46:13,2018-06-30 19:55:10,2018-07-03 07:33:00,2018-07-05 21:48:42,2018-07-24,a599645f6c37e9a5dc2d1d48e6cfb9b8,2018-06-30
6a3cdd7762dfe7bfa407496303097855,d4af21206f409c5ba8408216b06b00b6,delivered,2018-03-17 12:39:10,2018-03-17 12:50:30,2018-03-21 18:56:50,2018-04-09 13:32:46,2018-04-13,7b6ac9f73f821832a2271276076d5c04,2018-03-17
f312113915f8f85b447cbbb41a3bda73,228fa0775b9f2dd5df796a94425f18d2,delivered,2017-08-10 13:51:49,2017-08-11 06:45:09,2017-08-11 19:39:38,2017-08-16 20:34:51,2017-08-30,b8f9ecc7915ce653a1d7ee6dbfe8f54d,2017-08-10
95d9d2979d40161be87292ff88563cba,e4721b61e8d2b4b85d606809f6baa292,delivered,2018-06-07 23:42:37,2018-06-07 23:53:58,2018-06-08 14:15:00,2018-06-16 16:44:34,2018-06-26,dfe0f45b0b8cf0ce9c4cfb41c0808240,2018-06-07
263ba12390d0fbce329dd16da8cd20f8,0005aefbb696d34b3424dccd0a0e9fd0,delivered,2018-06-20 09:46:53,2018-06-20 10:21:32,2018-06-21 15:17:00,2018-06-22 17:58:39,2018-07-03,616309b2eeb7bd9c05b0fdfbab28e6c6,2018-06-20
a9b151f0c0471d9b2534fa73c9c0e123,2238c417bc745d8fa7d7389d8b22154b,delivered,2017-03-09 16:18:47,2017-03-09 16:18:47,2017-03-10 10:35:25,2017-03-16 12:45:39,2017-04-06,2990f218665832600f7180650703052d,2017-03-09
ddb0d201c7d2c8ce0e966d98128d16e9,254e327149dc394a4edc7ff695098547,delivered,2017-10-01 10:11:40,2017-10-01 10:24:04,2017-10-04 16:50:10,2017-10-05 21:56:00,2017-10-18,39104edef5e46d7b8c61848cc95e6d97,2017-10-01
1446390485bfa8ea593dbd273d725218,60ed0bdf61ebb2ee39c9b7fa7dbb9ee6,delivered,2018-01-10 13:58:09,2018-01-10 14:09:26,2018-01-15 20:29:48,2018-01-17 18:47:03,2018-02-01,99f8895e8d1d341a655d0800cb5590f9,2018-01-10
eea0eb694d4eb8ffa2ed9279f4c348e5,8a1218a76be2cca9f86e2a9618f61af4,delivered,2018-03-08 16:00:56,2018-03-08 17:00:37,2018-03-09 17:48:49,2018-03-14 16:27:39,2018-04-04,7d4c8f6ad946c29d7fe6500d6e7179ef,2018-03-08
b323a1bf3949211f3d9fbc43772534e6,4ad5a269a2d59d2c83ac551b5c948c0a,delivered,2018-05-07 10:59:47,2018-05-07 17:56:21,2018-05-16 11:00:00,2018-06-09 19:36:43,2018-05-30,fb6534d42a2fbd05aae76186fe8bec4f,2018-05-07
93483f560d46ab6fb3fbf571c59d78dd,6ce9b26c054b6e299e017f732a862b87,delivered,2017-12-17 22:49:34,2017-12-17 23:53:53,2017-12-20 19:42:19,2018-01-11 15:23:50,2018-01-19,2d38f064a1ddd82c8c14beadb7bf0c38,2017-12-17
f644267f332fbcb9fe143fbb7478441c,03c27921f605f0385f319ba1bbee389b,delivered,2017-11-24 22:21:21,2017-11-28 03:44:52,2017-12-05 00:46:43,2018-01-04 20:26:46,2017-12-19,31a9f3ea5883e3fa0e6ec685504251e2,2017-11-24
351126ee473c51592cb591efea295181,73e06cdd33db85da3e3df5c0c8404718,delivered,2018-06-28 22:11:43,2018-06-29 08:35:16,2018-06-29 14:21:00,2018-07-05 16:08:33,2018-08-13,6e7a7fc98051aec20afe0f4559e3c114,2018-06-28
3d4359c9a8031f632995e7923608dd4d,a7b54e5d33e657bd68a2d411fbace435,delivered,2018-07-27 15:25:51,2018-07-27 15:35:19,2018-07-30 14:22:00,2018-07-31 19:18:49,2018-08-06,aabc3cb2442d5fde20de031b717eee8b,2018-07-27
6c12feac9a308e1382d9b19cca7f20b2,5371894984937a27cf40c7d20699a786,delivered,2017-05-05 13:48:37,2017-05-05 14:02:30,2017-05-09 14:43:49,2017-05-10 09:03:40,2017-05-26,2d69de392ffdb5def80917230154351d,2017-05-05
cc06813c8d9909633f390ed9b5df999f,640246e27e1df1ffe19d062550d0d5ab,delivered,2018-04-14 18:31:02,2018-04-14 18:52:37,2018-04-17 16:52:47,2018-05-17 21:43:34,2018-05-09,e8a7165667b5a473e0b04dae68d6b88d,2018-04-14
9a40a61b2f04271f655c7423a3fb82a7,9a28e3a685c60162824386a74a34771f,delivered,2018-03-27 15:55:38,2018-03-29 08:27:08,2018-04-02 16:46:43,2018-04-09 19:16:42,2018-04-16,9eed794c3e994632e1d60d9983f2cbe6,2018-03-27
14986dd5b5dc6b4203bda6666311e4d0,93f0c8eaf1b7a1c951d234d56b232e35,delivered,2018-08-25 22:17:18,2018-08-25 22:30:10,2018-08-27 10:46:00,2018-08-28 15:11:50,2018-09-20,981146523d8e000b77f1b136643bb776,2018-08-25
338d39656f66d84fdf7b2d9b578121bf,66a1ad480e947477de23aa06e861feb9,delivered,2017-06-17 16:54:26,2017-06-17 17:10:17,2017-06-20 10:42:07,2017-07-09 13:43:40,2017-07-13,6e29598e4a23df8fd26eabe98846719d,2017-06-17
a027919471097ed720c04340e1495e1c,6df6c2eeaad604627aa688ae063741b2,delivered,2017-11-24 21:04:41,2017-11-25 01:31:23,2017-11-27 17:54:47,2017-12-18 18:42:42,2017-12-26,174f249b4817e23ef163ba88fff61278,2017-11-24
db2351cb5d7dbd5c45ac607d32f2cb9b,eb3203704b8613482fed4eb17ea5d66a,delivered,2018-01-25 11:11:12,2018-01-26 03:16:31,2018-01-26 19:52:44,2018-01-29 15:48:31,2018-02-19,16c5ef9aad92e31e119f7a202272e6c7,2018-01-25
a678d97aa95d0393384c211a82455e50,cc64309188751727fe403d8570630495,delivered,2017-06-06 00:11:09,2017-06-07 02:30:13,2017-06-13 14:00:06,2017-06-16 21:37:34,2017-06-20,6bc9e749760ecb1daa33144baf3eee9e,2017-06-06
7ce20b22753ccc86fdb3b6f7efefcc75,738612606cc6f7e646b915359c71ee4c,delivered,2018-07-25 13:25:20,2018-07-25 13:35:14,2018-07-26 14:47:00,2018-07-31 19:22:12,2018-08-15,a2eefe752c732b4960a85852029a89e2,2018-07-25
f083654dfd0f9ad9ae0356bf7c68f246,2b4c285c63cde3581cb7d06b70db65c4,delivered,2017-07-23 17:53:00,2017-07-23 18:05:25,2017-07-27 21:37:58,2017-08-05 13:23:52,2017-08-17,e1c02550e84159111c72c83aeb1389dd,2017-07-23
53239db74c7835641f106ef90b3d0100,54f60df7bf8415b9714bd26eec037b2c,delivered,2017-07-11 17:46:45,2017-07-11 17:55:20,2017-07-14 16:29:39,2017-07-18 19:53:36,2017-07-24,74f6539658a10da4f67bd4f9d8ea5c04,2017-07-11
7297f6bfea2a33ef176cff30f467aa41,b19a370495e4d833f7351b777ef67b4b,delivered,2018-04-16 13:44:10,2018-04-16 14:33:17,2018-04-18 00:41:17,2018-05-17 22:28:30,2018-05-10,7cefed48f155073afe33b11d943adeef,2018-04-16
9855054362f487c4f25172bd0b8a44cf,3ad37c1be46629ea6935f7eb2362b380,delivered,2018-08-15 16:30:22,2018-08-15 17:04:00,2018-08-16 15:47:00,2018-08-22 17:32:28,2018-08-27,d1ad0a5f79589af17562cdfea4b4d8c7,2018-08-15
95bf775f5db872acb7ac9cf5cdbbc292,ffc25a124da207c0b90a002ebfaa7184,delivered,2018-07-16 11:56:49,2018-07-16 12:10:11,2018-07-19 11:15:00,2018-07-23 14:42:45,2018-08-02,ae5360aab0ba8d2def152ff0537f2ae9,2018-07-16
563404de47cdc6763e7eced487016b66,41a0f53af758a122ca3c491b62ee4949,delivered,2018-01-02 17:46:40,2018-01-02 17:56:43,2018-01-03 18:17:51,2018-01-10 15:57:20,2018-01-24,c948c3a816a6721b2f9d51380f803c34,2018-01-02
bcdbca456c84595f3dadfbef9eeeaf51,59cf1a479d104e38587b9fe9d60febe3,delivered,2017-04-03 22:19:08,2017-04-03 22:30:18,2017-04-07 14:42:20,2017-04-19 13:53:15,2017-05-04,02278b7fe04a285092542fa4313cdc31,2017-04-03
2ba4074f243f2ec78961779a7c89b1c3,3e5d28a6beee2449a50a07da9866d2ba,delivered,2017-06-24 17:11:53,2017-06-27 03:45:23,2017-06-27 14:18:02,2017-07-03 13:39:31,2017-07-18,097442a1538f33ea89dbbe3779fe6db0,2017-06-24
b2908d9328eb32bdb9b7ac1e197c05fe,65c295c5ac6110fc4214f32ab7df512e,delivered,2017-10-27 12:07:08,2017-10-27 12:28:41,2017-10-30 13:21:46,2017-11-14 17:47:07,2017-11-21,f06c7ebe0f12b42eab6530215eecdc9f,2017-10-27
a69bb719ee2c8b4a25bf1a1a5f3ae686,561812638ef3a092f78f0c4a5f0c58c8,delivered,2018-06-13 09:46:14,2018-06-13 09:57:08,2018-06-13 14:47:00,2018-06-14 22:28:26,2018-06-28,2c08ea1522ea4bac42eb5dd9f5df21af,2018-06-13
02610d88ac343ed64988d2706ce3ebfd,e7214f2cd8744c2d6d53e74e226ad9de,delivered,2018-02-04 19:34:05,2018-02-06 04:33:11,2018-02-06 22:42:45,2018-02-22 13:27:53,2018-03-06,57aee1a8b40587831ca79a06bf0df5f7,2018-02-04
00bdcdda88e6b02977fc6ce3d412c600,45ba03e2c6bbb5dc48131ba32ec3ae5e,delivered,2018-06-12 09:51:55,2018-06-12 10:21:14,2018-06-12 14:10:00,2018-06-18 18:20:48,2018-07-24,1148e7e1daf6d2378b814e90506e9d26,2018-06-12
b5ae10bf67afb6e14718789096f22787,f69cf4381400f65b36639b8e1c11092a,delivered,2018-08-12 19:28:01,2018-08-12 19:45:23,2018-08-13 12:17:00,2018-08-16 23:21:14,2018-08-22,49e30036e0a9b1d35c61e3095d05e263,2018-08-12
f7fd9088963ee4f442fd642219d80fb5,ee339bc1fd51a275cd44985a84e2515d,delivered,2018-04-23 10:50:18,2018-04-24 19:23:22,2018-04-24 22:08:41,2018-05-01 01:15:45,2018-05-17,9fd78e7df3488fd8e24ccc627acc38ef,2018-04-23
bb2e64c3040ceb9b7ca2bfc602adca08,753bd08248a5fa2c21da47c01cfd83a3,delivered,2017-11-03 11:29:00,2017-11-04 11:25:22,2017-11-06 19:22:34,2017-11-08 02:42:06,2017-11-16,45677f94e9a07652cc2eb351dd542476,2017-11-03
39e9813f11fbc948f71cfaf189976662,355474d121f6ea4623bbf34bbe80739b,delivered,2017-04-24 09:37:26,2017-04-26 09:37:59,2017-04-28 09:14:05,2017-05-11 20:16:48,2017-05-16,68ba0fa3c02bfada4ebd0f37d1aee37f,2017-04-24
895e066de0072faddf0044db8e490353,82e5f3c993ab34fe01c61b83e0bd7efc,delivered,2018-04-03 15:03:21,2018-04-04 09:48:58,2018-04-04 22:42:55,2018-04-16 20:08:25,2018-04-20,76f283349c070c1520b14b89a6e00b7d,2018-04-03
3dddd02cc38fbaa0a544a1e928aee40e,d2157e41ca09bbe3a232a528d658195c,delivered,2018-05-17 16:46:58,2018-05-18 16:58:18,2018-05-24 15:22:00,2018-06-01 16:12:31,2018-06-11,93805ba8be262fe253c4284751762866,2018-05-17
96f182413ae321e91ee91f3e422c6416,fe4a4b61b1485be6c8e635377ea8f0ec,delivered,2017-03-15 15:54:53,2017-03-15 15:54:53,2017-03-21 15:17:00,2017-03-28 13:48:15,2017-04-05,7b7617a110435f0f5212a57af745bee0,2017-03-15
eba18dfa91e31cf748f9f52b779f9ae8,7ffae0a2b02796d8e66fdbf0fa6e08b5,delivered,2017-11-14 08:13:32,2017-11-14 08:26:37,2017-11-17 21:38:30,2017-11-20 22:42:38,2017-12-01,b289291bcfd0b339685b14bf220db3ad,2017-11-14
5f071a8534fb6805fa6ec902f04219e4,a13d2d3b615e7782205484d9c603cbe7,delivered,2018-08-20 20:28:26,2018-08-20 20:50:06,2018-08-21 12:03:00,2018-08-25 19:04:45,2018-09-17,14650aba2993d5db931ecd1ff160714a,2018-08-20
a41753c6a1d8accb89732e36243432d7,9c2f403519bcb363683a7179f0f94bd4,delivered,2017-05-12 10:51:43,2017-05-12 11:05:13,2017-05-16 09:14:33,2017-05-19 14:13:02,2017-06-05,dc83fe8f72fb4388f079a2f9b586240c,2017-05-12
d0a72f8bcc1f2045167eaa548647e77c,4f444b3b5cd86e70e2c49210020c5ba9,delivered,2018-07-03 10:03:33,2018-07-05 16:16:24,2018-07-06 09:03:00,2018-07-13 16:28:52,2018-08-02,12d7642e3241d015433f989199c9d7bc,2018-07-03
1ac605c3c8e2ee53279c7b0bd52c6aec,4f86e2b6bb393847cfaca4bf4b1b82f6,delivered,2018-03-08 09:26:27,2018-03-08 10:08:48,2018-03-13 18:28:45,2018-04-06 17:45:29,2018-03-28,7e5641367b72c03fbc85a214e150060f,2018-03-08
a17fec30c4ce5a766edee3f4c7701c0f,6b5ab683c44fe7723cc4dd9ad28ce19e,delivered,2017-03-25 19:13:03,2017-03-25 19:25:18,2017-03-31 14:42:20,2017-04-06 12:38:15,2017-04-20,a50062ee8cafa20668d7fb68e3cdb3cf,2017-03-25
0917636d789ce3b3eac37895935af5c2,fcba45767e1f02cc6c09f78e21e4e643,delivered,2017-11-24 22:09:42,2017-11-25 01:31:35,2017-11-27 18:39:20,2017-12-06 17:37:11,2017-12-15,4829d76fd44a6f080411fdd7d81df23e,2017-11-24
9c1becadc6a0c6445eb02167b8d1bbff,fc788d5e3648d52793588cb90a77b5a1,delivered,2017-09-08 10:57:39,2017-09-08 11:05:18,2017-09-11 19:25:51,2017-09-18 19:47:50,2017-10-04,4e0e2c55be4484ff485141aa1ae03bdd,2017-09-08
675bc8cd15e6b9225582b9161288670f,8a2d6290feaba2aea18c2b8a5a60cc32,delivered,2018-08-25 23:32:01,2018-08-25 23:45:14,2018-08-27 17:58:00,2018-08-28 17:36:21,2018-09-04,1c12fb820ab4fda07eb3d72f03c5ac3b,2018-08-25
9dc9f2ae74e006656a3312dd31e76b5f,37d017dda9c2b37e56166ddeebc44140,delivered,2018-02-18 00:10:50,2018-02-18 00:26:32,2018-02-20 23:25:12,2018-02-27 17:28:30,2018-03-12,e6eb191ddc04af07531ff36d2caca1ff,2018-02-18
cfb361b2049fa0ddeb6ca3959fa0767d,6ab90ea7ad807500313f796a2b704335,delivered,2018-08-20 23:06:39,2018-08-20 23:15:15,2018-08-21 14:58:00,2018-08-22 22:34:34,2018-08-28,5b586399e94f316df6602acbe6d80f70,2018-08-20
9370fc845feb5045400765a17c075cae,d020628b224f6a7738f735fa3f648cfa,delivered,2018-02-07 08:04:29,2018-02-08 07:35:58,2018-02-08 17:44:10,2018-02-16 14:53:06,2018-03-07,3248d94dedca7507cbe8d17075b39081,2018-02-07
b26eb89dfb4e2d970274ef0c668fd43a,2ca8b7b3830f1551de4a0e4ea27a5e39,delivered,2018-03-17 19:59:25,2018-03-17 20:16:07,2018-03-19 19:41:34,2018-03-23 18:45:50,2018-04-11,366122ec4e27dba7770f9913cf5931c2,2018-03-17
61898b3ad4d51459e014bc6d4c2e7166,a9b67ff10261665661f54c364e82d9b2,delivered,2018-06-10 15:44:20,2018-06-11 16:42:16,2018-06-12 08:16:00,2018-06-15 17:27:44,2018-06-28,05bc8e1bebeff93bdf784213a7aed5d7,2018-06-10
f76b895a9902ad634abed7eec3211a10,7ea778a6a19290dee846148b45c64f6b,delivered,2018-05-10 11:04:45,2018-05-10 11:36:17,2018-05-11 14:03:00,2018-05-28 16:08:59,2018-06-21,e7a0b95fe6d4836d124b1566642ffbec,2018-05-10
b9f23a5c0cbae81d8a326804b0c7513d,02a7a75320e787aa980907d0f647e508,delivered,2018-02-19 19:18:16,2018-02-20 07:27:16,2018-02-20 19:39:00,2018-02-24 15:27:31,2018-03-15,7c020cb518b4fdcf5c50fa717d0fdca8,2018-02-19
0ae7144116fa718b3bb90cd8d855713a,bb02acc51461fe7e45f7fdf63d18072c,delivered,2017-04-18 16:00:31,2017-04-20 02:55:33,2017-04-20 14:04:00,2017-05-10 07:47:41,2017-05-23,2586fca3220b925aec835cce085fe64e,2017-04-18
84398110dbaecfbc9ef3dc592c6b189b,add72faa5e3cf873054bb6ecd9472e4e,delivered,2017-04-12 02:16:32,2017-04-12 02:25:12,2017-04-12 14:01:12,2017-04-15 06:52:47,2017-05-04,bc59f1e430734e331b87a168b63450a0,2017-04-12
c09652e16426e2ecbb85f2617192904a,d265ebaf9a745999a30e6a9eb778fe3f,delivered,2017-10-29 23:44:13,2017-10-31 04:15:17,2017-10-31 16:43:41,2017-11-07 21:28:49,2017-11-28,04ecdc3e754a48294d832436960a3280,2017-10-29
6f209510f34ce1a8c89d11273039981d,3523a3beae4b3f9d398b0cf0b2bcb630,delivered,2018-05-12 09:58:38,2018-05-12 10:12:15,2018-05-15 09:02:00,2018-05-21 13:44:46,2018-06-07,7edcd431e5217e39f6d9aed45385d3cd,2018-05-12
16e62e9da7d33d61b6f26ccf68bc962c,becd44b937217776c659d9465b22808d,delivered,2018-02-21 13:48:55,2018-02-23 02:08:59,2018-02-23 22:22:02,2018-03-12 23:36:07,2018-03-13,4435c4547dca4cc6909b5f9b513c7993,2018-02-21
80b0f4fc350532f6e0ce9aa81ccde91c,d06f910929d7ece5e8090c5b4ef80b08,delivered,2018-03-01 16:51:27,2018-03-01 17:09:42,2018-03-02 23:57:29,2018-04-05 21:37:26,2018-03-19,22062343697ed12f7c1d0cecd982b0c4,2018-03-01
0b50bea7ba1e8ba7a21b01b7c9d1350b,8c976a55940af1dcecf9aac47249aca9,delivered,2017-10-25 10:03:39,2017-10-25 10:14:27,2017-10-30 19:30:02,2017-11-08 10:55:38,2017-12-06,9295d6a619a0b00cc7e1904d19a1558f,2017-10-25
8ac7bcd85522aa82e2d89d27ea9cb818,0482519d5e3d179e7a3b00d6722bed50,delivered,2018-03-23 20:57:50,2018-03-23 21:08:15,2018-03-27 19:54:45,2018-04-04 00:21:27,2018-04-12,21af73f960a77885e91a806c06b0c1e3,2018-03-23
6a4b06a2b62d1f2c69cf1f7a4eae074a,a0d430c59b700550f20303fa1d6b2ba4,delivered,2018-04-13 21:18:46,2018-04-13 21:50:57,2018-04-16 23:30:42,2018-04-19 00:34:37,2018-05-23,e17408e3713638b24626610417449cb7,2018-04-13
6abaa1126b7b6ae01eb168ec3da96dac,6c2a5ea4fbd1854c3827a5e3b8eaf8cd,delivered,2018-06-16 19:42:55,2018-06-16 19:58:28,2018-06-18 10:05:00,2018-06-25 20:21:34,2018-07-16,ae98f5a00b4d01521a06567ba1f0033d,2018-06-16
f2e97c3464ad5fb53d6be7afcd0e3eaa,23a892e7d6549061e95045636c1c338e,delivered,2017-07-29 12:18:53,2017-07-29 12:35:14,2017-08-02 19:46:14,2017-08-07 20:45:46,2017-08-18,308f0a729f3440afc0b59c38f133a8f5,2017-07-29
045c9852284420b9c02d156436e1481c,16c0be52bf7bf9069c6fa0d850c660ac,delivered,2018-05-16 16:38:10,2018-05-16 16:57:04,2018-05-17 14:46:00,2018-05-22 18:12:23,2018-05-30,88b88849a236b3f007be551d5c10daf8,2018-05-16
3bb580c88504df63102b61f70164fb75,636f42c08bfabc00ce49edb5af4d4423,delivered,2017-09-14 19:12:49,2017-09-14 19:25:18,2017-09-19 11:54:10,2017-09-27 17:32:26,2017-10-10,7d7f16a95cab713f553bd92a80d3e10e,2017-09-14
1c5998a66da200447c5cbb528969a95a,42791e4b0de64923954b7905a4d523c6,delivered,2018-01-17 07:22:36,2018-01-17 07:29:51,2018-01-17 15:42:18,2018-02-06 17:13:15,2018-02-16,c3fcb03fe74adff0bed2bd510ab06691,2018-01-17
4edca0186e467f58fe99ab648f604ce8,1d06482d82c32c8752f4decbbffe7623,delivered,2018-03-14 15:55:57,2018-03-14 16:10:39,2018-03-20 00:02:52,2018-04-23 10:41:24,2018-04-16,577f115bcda2b2d4448620beaa01f8bc,2018-03-14
714e2644ab665027234ed7a6b3e82274,a2ae1a05b2058776ab0138c75da742f8,delivered,2017-08-11 08:41:43,2017-08-11 08:55:06,2017-08-14 20:33:44,2017-08-29 08:15:48,2017-09-18,9dadf198dd249e1f37323eab5c877c20,2017-08-11
d16d35b47ec2d842e3846a4c7f4586d0,7b05d440176a2b2e195cc8957cbdfc8c,delivered,2017-04-04 13:15:05,2017-04-04 13:25:20,2017-04-05 10:00:47,2017-04-10 20:48:13,2017-05-04,f6d9da147a1feafa65e8d57c51cea44a,2017-04-04
54912035e047f9834df97cdfef0d2768,a28774056a751c7e8affbaff81fcd933,delivered,2018-05-13 19:57:13,2018-05-15 04:52:38,2018-05-16 15:08:00,2018-05-17 14:48:44,2018-05-25,52ba13556336e0643d5af3b1a94ea82b,2018-05-13
9e5e54c4be8f6625005c76b7f8801ee8,6bfd1870443dc5b9f1297214b35e865b,delivered,2017-03-31 11:30:55,2017-03-31 11:42:29,2017-03-31 20:21:27,2017-04-05 12:42:54,2017-05-03,aea3fa1fa5d8971c35a15b3e836e6d8d,2017-03-31
c7172e1a6b8de65fbc6e9e77afda672d,b1aa70fb1fe24bb15603aba207510343,delivered,2018-02-01 17:15:54,2018-02-01 17:33:10,2018-02-06 18:38:52,2018-02-16 12:33:48,2018-03-02,18f1d76138f1b657ec314c617bb3842f,2018-02-01
56472b840118d1bfb244c6cb42581ae6,98748c370ddce9072c32164a357de627,delivered,2018-04-20 12:53:58,2018-04-24 19:00:05,2018-04-26 14:48:00,2018-05-02 19:20:53,2018-05-29,19473c6ffcf611d71a7ea7f03a17f6dc,2018-04-20
fd180ff2363b236f823a4fa8a2a729f1,c8d8df677303b51ceb3ebd595969502b,delivered,2017-05-18 09:34:58,2017-05-18 09:45:14,2017-05-18 15:44:55,2017-05-26 14:45:57,2017-06-08,eca99c7b0bb707d3f08b027e8994b79e,2017-05-18
7c3e6d9d783f5fb5927a500abf1cfbaf,b1e99a86b163f1f25e7e0fa3360ad93d,delivered,2018-08-22 01:35:54,2018-08-23 01:30:12,2018-08-23 15:30:00,2018-08-28 16:46:41,2018-08-28,cb309a02881bcd95a177ba43abd29e4e,2018-08-22
44fdca9e41cfd8248c3ac1e369447eff,21e121469a31f5b4e2eb5b6574359c4c,delivered,2018-07-02 14:20:11,2018-07-02 14:30:40,2018-07-03 14:54:00,2018-07-06 18:48:35,2018-07-20,a995d70d9935a4624429e4ded23bbc73,2018-07-02
90e4c72e836cb3e0bea6a31fd981a346,3ce8f9a70471f7eb4e9f4de10402dbec,delivered,2017-08-24 19:35:00,2017-08-26 11:50:13,2017-08-28 20:59:37,2017-09-01 20:13:10,2017-09-14,9849752e9f7a2aa67acc5ec6a5eb4725,2017-08-24
c6174e20db037528301ee8eaf325a469,a06d5e88e559441070e2c1e9d4be49b0,delivered,2017-11-07 09:23:40,2017-11-07 09:35:32,2017-11-08 19:18:33,2017-11-16 21:31:55,2017-11-30,6eff1cd9cc7f4dde6e1cbb679e219a50,2017-11-07
eb366fe32c33e3b4037e9c3290b3ecec,998dd72620169c5d4946a893f4f8152b,delivered,2017-11-20 16:35:55,2017-11-20 16:47:01,2017-11-22 18:26:47,2017-12-02 21:08:47,2017-12-11,e139bc5274d13c4f54854f48b0dd25db,2017-11-20
8dbdb81783a3c754dc9441826510a36a,2d0c34b4b379c290f079d39df12304e2,delivered,2018-08-10 14:54:25,2018-08-10 15:10:27,2018-08-13 14:00:00,2018-08-17 20:51:49,2018-08-30,24a0683609e642fe0d86e5e2c97712f5,2018-08-10
8b37f436aea079bd73bbcbe103d14a0b,63d3bc89cf22616c68960d0d11258a5a,delivered,2018-01-24 20:07:10,2018-01-24 20:19:22,2018-01-25 18:46:57,2018-02-17 19:19:00,2018-02-16,ce78d36a92c8c804a0598c086f5dbb54,2018-01-24
5713bef560364e39ec1630ff62449492,793864114259d54262b38703f165acd2,delivered,2018-02-16 20:16:34,2018-02-20 07:15:29,2018-02-21 16:58:42,2018-03-12 23:56:17,2018-03-13,2fca924c90ac599f416173f496dbdfa6,2018-02-16
5a88502f6bbc1f8c972aa98c64830616,2fdfe901849d16dcfd92d3d8f4c5def3,delivered,2018-01-31 21:04:47,2018-01-31 21:15:26,2018-02-01 18:48:34,2018-02-07 22:58:39,2018-02-22,f7b223e244004385231a6e4db45a06a9,2018-01-31
5d7f0dc1e401127edfe8b79e174a52c8,35014cd0cb1b0f81a7abee599b4d051d,delivered,2017-10-13 10:15:28,2017-10-13 10:28:15,2017-10-13 17:37:56,2017-10-18 19:32:50,2017-11-06,2ae8fe87f03b04a0154ffa68276432fa,2017-10-13
97d3d89c5b932c10e6d3d4d8c2ba7dd3,4fea6b3a96c9c399aef5540b38c7025b,delivered,2017-11-24 15:54:35,2017-11-24 19:33:08,2017-11-30 22:37:03,2017-12-05 18:19:02,2017-12-08,f5add44bf786bd861fd6108d400cbaa5,2017-11-24
06ad94997dd34a7c2186b82d8e9be6a5,edc2830530b7d989c82121b21e1c229d,delivered,2017-06-15 16:02:23,2017-06-17 03:48:11,2017-06-19 18:28:42,2017-07-12 19:59:22,2017-07-20,c4aafd2eb2916764d0bf1acac201688a,2017-06-15
99fa6518deac14b2890b49d1645d64be,c495ae8dfa83b158b111fc7b8304f032,delivered,2017-12-01 09:21:49,2017-12-01 11:31:59,2017-12-04 20:52:18,2017-12-13 17:35:03,2017-12-26,55f8517e3e572aa06923169cf5d0b011,2017-12-01
efe9bd98be3cb5cb5c87e7ca27abe613,37751e1671512ad89943d1615b563b1d,delivered,2018-01-21 13:28:36,2018-01-23 03:52:57,2018-01-23 22:57:46,2018-02-24 13:12:53,2018-02-15,7dcb5dc118b501f403aceeb6d438f33f,2018-01-21
83d47a55a238c75386e31ef70f5d8b45,99de3252658ad6466297273b6047f3cf,delivered,2018-02-01 14:44:21,2018-02-01 14:55:28,2018-02-05 17:15:00,2018-02-06 21:56:52,2018-02-26,5654780522c8bd0731cc276d2e7185d9,2018-02-01
cd81fccdeffb11e33de701e2c53c85c6,e07792fb0958a7d0faff87fb1aa58f8e,delivered,2018-04-26 22:47:26,2018-04-26 22:55:14,2018-04-27 13:23:00,2018-05-15 14:15:31,2018-06-01,67bddde1844b238fe25995cde1612b4e,2018-04-26
7ebe19943d85e81a7b0eb108681276b7,fa3a8736d5ae8f7df9b0a4154d0b14dc,delivered,2018-07-22 10:28:14,2018-07-23 11:31:43,2018-07-23 10:09:00,2018-07-26 16:42:42,2018-08-15,2de521d3fd097acfbd5bed9c7b9ed0d0,2018-07-22
2b0ff3c2ec4265091bba2e1e5d9aa762,ac9fafb8efe7023c1126fc949eaabdc9,delivered,2017-05-14 19:00:05,2017-05-14 19:10:18,2017-05-17 15:49:59,2017-05-18 14:44:11,2017-05-24,373cdc681e007b7c4acb534daaa265da,2017-05-14
114e12eca60507f3e3153182f258684d,a7b3bd7ba727dae2bc4a68b78b7a7c64,delivered,2017-08-15 11:14:25,2017-08-16 03:26:11,2017-08-18 19:22:18,2017-08-29 19:41:49,2017-09-13,86f5ea139f5fb8d91a5a340d85b128e4,2017-08-15
db0b67b642c6fdc947608f6b2108f802,4229505b5f66e1c3cc7cacd14af16a8f,delivered,2018-01-28 15:50:29,2018-01-30 04:31:29,2018-01-30 18:54:38,2018-01-31 17:08:35,2018-02-16,54d97c70f72815eae0f2538364774a7a,2018-01-28
1133f2dfc033ba92bf6c470b20f6f332,e583c743a5c26e0870b08e4e6efeac7f,delivered,2018-05-21 13:31:41,2018-05-22 07:55:10,2018-05-22 13:15:00,2018-06-08 18:48:24,2018-06-14,3df4899f61ce017d60b180c1dedc278e,2018-05-21
275950acf4956dfc3d23514eb61f1d9b,b8c5e65ce798bc0c841638ea0960093b,delivered,2018-02-14 16:38:58,2018-02-14 16:50:37,2018-02-20 19:54:53,2018-02-27 13:39:14,2018-03-07,0ddba04798f1c085d0ca93af0e91f6c1,2018-02-14
f5218a2401f92542f87b1de5bc3f92ff,997070d4812561b1a8ededcbb6c2429e,delivered,2018-03-02 11:04:18,2018-03-02 11:15:45,2018-03-05 20:55:04,2018-03-06 13:38:58,2018-03-14,bd9849d9ba9ac9f05f53f393b1c85744,2018-03-02
e311f8fc30348d6213964a43f70f87fb,6ca7c0e971c24ce0931f148588ef23ce,delivered,2018-04-17 16:54:48,2018-04-17 17:10:42,2018-04-19 21:28:38,2018-04-24 19:28:56,2018-05-07,f48a9bdc7d38b43bba4082517ea1bc07,2018-04-17
747996a66f5aa711deb8ae58f5ae46a0,ed1793d2d1e4175d5846ce7ebb4a01f5,delivered,2017-01-05 15:25:10,2017-01-07 03:44:28,2017-01-11 15:59:08,2017-01-16 15:18:08,2017-02-13,12f5d6e1cbf93dafd9dcc19095df0b3d,2017-01-05
f396e1280028fa9c8c83111abee5f2e9,20f5a1cf347e797ab4f304906b1557b3,delivered,2018-07-13 20:58:24,2018-07-17 04:31:53,2018-07-18 12:06:00,2018-07-23 15:51:06,2018-08-07,664770508f06c0c2fa1c37fed04a6dd7,2018-07-13
08763574782690116475ea62ffdecadb,a2f475be29f915fa902863f62308df8f,delivered,2017-11-28 07:50:35,2017-11-28 07:59:26,2017-11-28 17:24:39,2018-01-03 19:24:57,2017-12-26,aa2ca40652b784ea8e309f01611e4ab6,2017-11-28
87afd3fd1ec1b984a228c772b5dd2a4c,7f47f37aa5317f1a00d397962a0dc7b7,delivered,2018-06-06 21:48:46,2018-06-06 22:12:13,2018-06-07 09:03:00,2018-06-13 20:41:21,2018-07-18,0e2fd48c6bf362339bff97193d659b20,2018-06-06
2d816b6a11ddd3843f307d1333321091,95303e4c9c23d67877e4b20afb04bfa8,delivered,2017-08-22 18:53:15,2017-08-22 19:06:03,2017-08-24 16:13:41,2017-08-25 20:12:31,2017-09-06,ffc142edc6bce329c6df0006387a5a77,2017-08-22
0f02ea56e4c9e7d30adb19a0c3e07b02,010099752e4ca60e61c8a4a669ea9fe5,delivered,2018-02-28 23:42:55,2018-03-02 02:15:27,2018-03-06 21:45:35,2018-03-14 00:58:46,2018-03-19,032cfb33364e07ebcafb4b8a92d7eec4,2018-02-28
97fdf3115437c18e71138bdaa80ec60b,e3c94f7080293bcec3facb041c6d0f7b,delivered,2017-07-26 11:29:35,2017-07-27 11:25:23,2017-07-27 19:26:31,2017-07-28 21:10:50,2017-08-15,a26e07ee73082b847d16239481de39be,2017-07-26
bceafe41324f7de517b199a7b4e2a074,86f9e3637836ff95e8e339223d2a136b,delivered,2017-08-06 23:40:08,2017-08-06 23:55:16,2017-08-07 20:48:54,2017-08-10 15:08:35,2017-09-06,6753845f8bc48b027c01c90f13d41f3b,2017-08-06
86e6162676905a8c6ad0bcbd7df8debe,9846fec8bc074e976b741b9d766afded,delivered,2017-07-16 09:15:31,2017-07-16 09:25:08,2017-07-18 16:10:50,2017-07-31 13:35:52,2017-08-11,c9d77e5fc5b63d23d089586848584744,2017-07-16
91d7491c6b0eada151a7e307697841bc,baa9fd7c59cbbfb067439f4ecd72e848,delivered,2018-08-17 07:59:51,2018-08-18 07:55:16,2018-08-21 19:21:00,2018-08-23 18:40:41,2018-09-04,61ed6dbae0e47f36937a930897a9afa7,2018-08-17
dd480c63548e3c0b7219520e3784ebd2,a83a89abd16a03e6376fb659ca7b6612,delivered,2017-01-26 16:25:36,2017-01-26 16:35:22,2017-01-27 12:47:43,2017-02-08 14:47:25,2017-02-22,9dddffdd447ab3aa654122a6a1049906,2017-01-26
8cd615f11b504c1ea4ea2d07e7ac2930,ce022d7f2e8d5b3ea5884c8bdea62226,delivered,2018-03-16 13:57:53,2018-03-16 14:10:57,2018-03-20 23:17:42,2018-04-03 20:42:52,2018-04-11,d8a07f7d1eb0e929feeec1a6ce6358a5,2018-03-16
a2fc0d6559cd85b95e1a02c8d97d55ec,2bdb2502a9b89d8f94ccf1ef7a9f0292,delivered,2018-04-18 09:55:14,2018-04-18 10:11:00,2018-04-18 23:28:44,2018-04-19 23:31:32,2018-05-04,07254adf22ae81855ca01d9a5cda3264,2018-04-18
a1ba9164e568e28f6977c343fb78e9b1,72600f002ba1550d6432cb91464f6969,delivered,2018-03-11 22:14:38,2018-03-11 22:28:09,2018-03-12 17:24:59,2018-03-31 14:18:36,2018-04-03,d2f6222b5ebbed04f944b47c66d88326,2018-03-11
09bb35a3939c3181b4a5619cb3918976,b84438b09aa33a6e08673fe173f9796f,delivered,2017-11-26 03:42:06,2017-11-26 03:51:10,2017-11-29 19:56:49,2017-12-11 23:13:13,2017-12-28,99ecf7e96d410a094bc95f5d3cb9d98f,2017-11-26
760312f5735ee281f01e56d5ddee05e3,4b003ee1eabaffe8ff8e6d75394a9b42,delivered,2018-06-11 15:32:06,2018-06-11 16:00:43,2018-06-12 11:04:00,2018-06-20 23:08:27,2018-07-17,941590fb8aef66b3a8352fe7c691879e,2018-06-11
eb7aac057d7c17adb860b770451ae250,74df30b888082a6cfaeb6bbee623e6a2,delivered,2017-02-02 23:24:24,2017-02-02 23:35:17,2017-02-03 15:32:17,2017-02-15 18:51:40,2017-03-21,be7afc56db0978e1f7f9599f89527126,2017-02-02
b9383cd99539eb0ccb11ab1a62bd0621,bd0c57b418e8b1cd0f10d87da71a403f,delivered,2018-08-02 20:38:59,2018-08-02 20:50:19,2018-08-03 14:57:00,2018-08-08 13:48:22,2018-08-17,deb506c0525ff4b17e97718d9c349409,2018-08-02
92a9ef7f0a0d392c9ad0d5f44e86b4ba,4d8c75952e09254a602a3a059d0ac367,delivered,2018-03-25 16:43:56,2018-03-25 16:55:50,2018-03-27 14:09:36,2018-03-29 16:19:02,2018-04-06,c375736396906dff8414217e02c45661,2018-03-25
dcc3610bd6745b8ec0d84354631fbd3d,060a46f3e1097e08371f2c8c7064156c,delivered,2018-07-22 20:04:02,2018-07-24 11:31:40,2018-07-24 15:45:00,2018-07-27 21:41:38,2018-08-08,3d8a51057b28b7b5172c8bc46cb6a7f5,2018-07-22
939e85580cc5404abd2ba9df25330fb8,df059d8e5672ffde042a480870e4fbea,delivered,2017-07-10 18:12:09,2017-07-10 18:25:20,2017-07-13 10:56:32,2017-07-18 17:03:18,2017-08-10,4f062c0635aa5c593636b9500e21b99b,2017-07-10
d8a7be3bdd16ebaf4601bc8252f54a08,0308cb020fb67d56a42bf1296f77dfce,delivered,2018-08-14 01:13:48,2018-08-14 01:25:13,2018-08-14 15:01:00,2018-08-16 19:58:31,2018-08-20,31f587e5afb9ca5efad537ab69de67d6,2018-08-14
a062c240bb299fa3f0ce55cf05ec8390,c305a666dd035c61be69f500d3a2ea36,delivered,2018-07-13 19:00:27,2018-07-13 19:10:22,2018-07-16 08:47:00,2018-07-27 16:58:54,2018-08-02,ac5825d0d9072b54d4dcb8540b1699cb,2018-07-13
59a0b1e1b934789d033dfb98797d9d34,2fa6eb7ad02d5495e29bebb6d4774257,delivered,2017-07-20 23:51:43,2017-07-22 02:15:47,2017-07-24 19:05:02,2017-08-02 17:37:22,2017-08-21,1f6da708e9a7bd7314954d85603fc0ac,2017-07-20
af42887f85d980291a066176c4d13709,8f0b436a1be5cd29776f9ddb3bef133a,delivered,2017-06-18 19:51:54,2017-06-20 10:35:28,2017-06-27 16:37:54,2017-07-04 14:41:48,2017-07-11,04e9d0d712ca6da77124d0ee12be1d6a,2017-06-18
0adf4c5c9a1399ceefdb7ba880df1ca7,eab22d3171e51fc2a3b380f5da7c7310,delivered,2017-02-22 13:22:13,2017-02-22 13:30:16,2017-02-22 14:25:33,2017-03-28 16:23:53,2017-04-06,181fe5cb523664e70003f36f5ba01d23,2017-02-22
7e3f9f89f31e57c84fe4ef9a5bb9bc1e,87b5d2464401b73336fefb8b1e3b91c7,delivered,2017-08-26 12:43:02,2017-08-26 12:55:19,2017-08-30 20:26:55,2017-09-05 16:00:03,2017-09-29,70c0cd25ecddaa0802c169b32c311822,2017-08-26
32931b358e8eb9042cf278a4e233321f,a791256150a6975326b329cad239f6f7,delivered,2017-07-02 19:37:07,2017-07-04 04:45:13,2017-07-04 16:08:52,2017-07-14 14:57:56,2017-07-25,edec9dc5759b4c2c62832162127ee800,2017-07-02
83ea47ad24b5fce57aa5ade0fd069c94,6e8a9c87724e18b7e567193cdd3e4b45,delivered,2017-09-26 01:25:02,2017-09-27 12:49:12,2017-09-29 17:04:21,2017-10-13 18:32:35,2017-11-30,8fe805d171f920bf0ae393368aad5316,2017-09-26
1f3fcd02b6ab99b6b499dcd412076175,4f0986f70a792beba9dcbf15c32ecd87,delivered,2017-07-17 13:51:31,2017-07-18 06:35:12,2017-07-21 21:12:07,2017-07-26 00:59:25,2017-08-01,8435888e6fe36391280b28b89412fabf,2017-07-17
1cbcc355e275e5143ab1dbf260ca14f1,1110eb4465d18a9b7c632cfc80fb53ab,delivered,2017-03-12 19:04:41,2017-03-12 19:04:41,2017-03-14 14:14:03,2017-03-22 09:08:52,2017-03-30,bf004b2b614c68e6d2401afc33741b33,2017-03-12
28b2d19e3d604381f30089a68a4e0831,3d8cfa48830149a95028f6dc880e13eb,delivered,2018-04-29 14:31:40,2018-04-29 14:53:31,2018-04-30 15:09:00,2018-05-09 23:12:02,2018-05-17,f3d96550a8adeb771fe53948521cf602,2018-04-29
568b0f8bb1f7efe803f006abfd707e5e,05f92287b410b4a1b426167861698d3e,delivered,2018-02-26 11:06:56,2018-02-26 11:15:34,2018-02-27 18:09:22,2018-03-09 20:03:55,2018-03-22,b512b0686fca0440147aa0709672cd9b,2018-02-26
ee038389c9f437f7c0e2d1b105a26038,5ad5c913900581e3ebd6c20ba68c5760,delivered,2017-07-02 12:03:31,2017-07-02 12:15:19,2017-07-05 13:44:46,2017-07-11 22:03:39,2017-07-25,c1dee395f06cd4d5e5162385873bfb15,2017-07-02
5711d8a02451fd508dc8911ee1fb4ac9,1181d20ba074543832905275fd087e73,delivered,2017-10-27 16:44:14,2017-10-27 16:55:24,2017-10-30 20:22:33,2017-11-03 19:48:27,2017-11-22,2fc9a64ae672512016acd52bb0d59c61,2017-10-27
9b2fa9acfe395734a133a58bcbfb9776,aeb0c5aea1d62b3e494a86bad308f85e,delivered,2018-04-25 01:03:27,2018-04-25 01:15:08,2018-04-25 13:41:00,2018-04-30 16:03:32,2018-05-23,5d3e6a61592164c2924ccec5c7f56058,2018-04-25
7535955a5fee70328e9fe079653e03f1,68de9ab6df869e6c10cac725487ff831,delivered,2017-04-30 14:48:53,2017-04-30 15:02:33,2017-05-03 14:12:58,2017-05-09 08:03:01,2017-05-30,f4eccb8dace4acec8e518c4efe0e4478,2017-04-30
54d591a90dbfa19ae578252a9b5a2720,17b02ec522ef587a82a5b69450648f1b,delivered,2018-05-30 17:38:11,2018-05-30 17:58:05,2018-06-06 15:01:00,2018-06-11 18:03:59,2018-07-12,788dec250d1d6b67eeb6e09a0fc69389,2018-05-30
06875ab72c5b9bb2eb303a70031bfeb0,686ca7499141a82f95123c370af061b0,delivered,2018-01-11 20:04:57,2018-01-11 20:15:47,2018-01-12 23:10:32,2018-01-15 21:06:54,2018-01-30,b14edf7220c5c77f27f11567178c24fb,2018-01-11
4f32c93f66aadbd682294f5cedde7c18,3ca18278aa462567e7bb52302cff31c4,delivered,2018-03-10 16:15:17,2018-03-10 17:07:54,2018-03-12 21:50:55,2018-04-03 19:52:40,2018-04-10,305a9e2b49169ced55bdd09fed23cda0,2018-03-10
8736140c61ea584cb4250074756d8f3b,ab8844663ae049fda8baf15fc928f47f,delivered,2017-08-10 13:35:55,2017-08-10 13:50:09,2017-08-11 13:52:35,2017-08-16 19:03:36,2017-08-23,02c9e0c05a817d4562ec0e8c90f29dba,2017-08-10
39ca4fbb87367cf7440fc32125b86202,d43f72374abc7601531c7c806e7af444,delivered,2017-04-24 20:32:15,2017-04-24 20:45:16,2017-04-25 11:45:19,2017-05-02 13:11:43,2017-05-11,bf878410ba17b72e544f5a350bad4bf5,2017-04-24
c9205528d5e1b823f414b4f15314c03f,525bd2d51afa1e21386ca55e0d0e2824,delivered,2017-08-21 19:33:15,2017-08-23 02:47:28,2017-08-23 20:38:10,2017-09-01 19:11:46,2017-09-13,51be608e99a9d07f3dc157ab3f984f2b,2017-08-21
25b6b32773813a83fe535d412fa6e805,71cc75a603db03ef612d52f9f223e68f,delivered,2017-11-26 17:47:17,2017-11-26 17:55:23,2017-11-29 23:06:22,2017-12-13 22:57:29,2018-01-03,ab1ab390f31be556889e96b7d19bc610,2017-11-26
d262943abbea3ae2db6528a4261ba247,6eae55140163e2af86907a15a478f2d2,delivered,2018-04-02 16:10:57,2018-04-03 17:10:29,2018-04-04 23:27:38,2018-04-08 21:19:30,2018-04-12,d43fbda3da341fefa956fc2267a647fb,2018-04-02
50c67fc0ce3ee7959b7dfeeabfbe6b78,4d69348be3bb86e3326bc320185c5438,delivered,2017-11-27 17:19:58,2017-11-29 18:10:32,2017-11-30 20:27:41,2017-12-04 17:54:51,2017-12-11,5c8a8ede9e5ca9d3276b26d56e7de37d,2017-11-27
e5e7f892785fbe21a339bcd77efdae86,eb14560bdf0397941f4146f43f653496,delivered,2017-12-01 20:48:11,2017-12-01 21:24:08,2017-12-04 20:07:13,2017-12-07 22:29:32,2017-12-19,0d997d092f93b5c58d0f9b4bd0643d16,2017-12-01
54c48a1401020a79d5d52ff20cb07aa7,64a321dafa36e657f430cd3c2d0c64a0,delivered,2017-04-06 13:45:15,2017-04-06 14:03:14,2017-04-06 14:43:20,2017-04-17 15:47:02,2017-05-10,c9c6d353f4101827b3dbc83b093b2fe6,2017-04-06
4652332a6a0d39960cdec082ef7b52b8,877b18b6aaa2faadfbf88c43a9bd5c42,delivered,2018-05-25 13:28:45,2018-05-25 13:53:54,2018-05-28 15:04:00,2018-05-29 20:10:51,2018-06-12,f5af12033765b06b3df8faf68cae86bf,2018-05-25
0f93b20928bc59f8571a39b03ed0c1bb,027efc2251512b9150aceb9a5e5b7f53,delivered,2017-09-25 09:48:34,2017-09-25 10:04:02,2017-09-27 16:33:24,2017-10-10 22:58:36,2017-10-19,9e8876439507a7c603809927dd6ef09d,2017-09-25
eb79e3366c1e8ef5a331f96b5c73995f,901f6c008611d3f7cd4a4a094c475408,delivered,2017-09-04 11:39:25,2017-09-06 02:55:33,2017-09-12 21:48:54,2017-09-18 16:09:57,2017-09-29,9749e3b7d02a7194473d5a6784071186,2017-09-04
444ebbf5602b5acdad22e0b4a9951bda,a94259e3111386ff1ae6f1c3712fe6fb,delivered,2017-11-29 11:24:18,2017-11-29 11:37:34,2017-12-02 00:28:58,2017-12-09 15:36:43,2017-12-20,f5cd72e7209640c294bad4d57f4f7772,2017-11-29
0acdae809654a2de1235d18a12cf73f3,3180b241917d07e27bd46aac80ded579,delivered,2018-06-14 11:29:22,2018-06-14 12:19:40,2018-06-15 14:22:00,2018-06-19 21:46:19,2018-07-05,06bf11f58f4a6b5ab7dd1623404bf672,2018-06-14
38097aba0f729783af8bf48eabf5e496,5a07aa8c5c8860866b5557e83d75a4e2,delivered,2018-05-01 13:44:06,2018-05-01 14:16:59,2018-05-02 11:22:00,2018-05-14 14:08:54,2018-05-28,463bea4a9035546dc7f2c4c1ab82b5a7,2018-05-01
a3a3b0aaa23eddcb93f63fad71f13391,1bc91f030639254f22bf57fba7c51376,delivered,2017-09-12 08:16:19,2017-09-12 08:30:25,2017-09-15 18:30:17,2017-09-28 21:47:45,2017-10-05,fa93a560ff6d03af77a815849a6e4233,2017-09-12
a82922658c32130591989ddab7111ed6,841cf7b045782b0ef207f4d8305ea6fc,delivered,2017-11-02 09:30:52,2017-11-02 09:45:18,2017-11-04 11:02:24,2017-11-09 20:09:34,2017-11-23,c035cedb61d638d3e8b48521a714a86e,2017-11-02
b436fd24a04e7267307e1d900faa8eb1,20217ca968adf8f08c5916bf09c33d7f,delivered,2018-05-30 12:58:00,2018-05-30 13:09:18,2018-05-30 14:52:00,2018-06-04 22:46:39,2018-07-20,1b735182e76aa01a60c544790d9c5efa,2018-05-30
91c75b7ba1ec17918b96773bc0f8f443,41280f8f9f6be62c061b8af89ba9ef54,delivered,2017-05-05 13:35:44,2017-05-05 13:50:15,2017-05-09 11:14:03,2017-05-24 14:39:39,2017-06-01,44b931de0be80ba9ae9c61a3d4fe339e,2017-05-05
ef5b03340b5839974405018a62e03f29,7c1e106bfe425aafa689ac08293ee6b8,delivered,2018-05-04 16:08:55,2018-05-08 04:55:20,2018-05-08 10:47:00,2018-05-09 17:57:27,2018-05-17,15d424086a0e39958d557a39b0638431,2018-05-04
674b530698f9bd8a9167b30ed86bd51d,aa5dfb0872b3828aa250acb54d387266,delivered,2017-06-02 10:18:35,2017-06-02 10:30:19,2017-06-02 15:55:25,2017-06-03 10:57:54,2017-06-19,1b3b0b055ed21f7ce245c233772bb5d4,2017-06-02
97c6f98cd025659444b815df5050d8d7,db5374a5a0de70b9b226cc07f00c7de3,delivered,2017-09-12 17:49:55,2017-09-13 17:55:29,2017-09-14 21:36:00,2017-09-18 21:44:59,2017-09-28,a8fe0c0e9818794f48fb0379ee3ff206,2017-09-12
e2493d49c7ac426207fb7575814ebbd4,660e0dca520294ab5ff435d0298627f9,delivered,2017-12-04 17:16:55,2017-12-04 18:30:31,2017-12-05 21:37:09,2017-12-21 21:17:08,2018-01-09,f2beb52a2427676390b75433a5a03bf7,2017-12-04
be6e034d294e425c514e215bf0b7120a,ba7c84cd4d0db9d73b66a79e4d3e130c,delivered,2017-05-22 15:57:42,2017-05-22 16:05:19,2017-05-24 08:17:48,2017-05-30 12:13:30,2017-06-09,fbcbfa3995be71ad8d028a12edb9d3bb,2017-05-22
777ee9a9950b655601a65012d4e45584,14e5f1e56b5d74d9fe35c39e8ba04699,delivered,2017-10-08 14:53:58,2017-10-08 15:07:11,2017-10-09 20:17:55,2017-10-13 21:36:49,2017-11-01,b1011cba0fd71c89bdb2a5c3b90bb1ae,2017-10-08
f056d4857c146c38ff02566b3e152bca,fc6408fa8083f3c01b1f287709714321,delivered,2018-05-17 16:37:03,2018-05-18 02:54:16,2018-05-18 14:35:00,2018-05-22 02:40:39,2018-06-07,6e94cdf4b593972f9d558b3d0c036851,2018-05-17
8e3f8be6e1ce8ec5b39dae59e0aabcff,6520161e793f944073a132d97e9af083,delivered,2018-03-23 11:07:13,2018-03-27 03:56:17,2018-03-29 21:33:24,2018-04-11 23:41:16,2018-04-16,83aba9785dbb2e81044c9da5fa9e740c,2018-03-23
12764e11143d316ea2257118daa2e3bc,3b06aeea8f6124ae0e66e6fd1fc97ade,delivered,2018-05-23 16:12:01,2018-05-23 16:36:26,2018-05-24 08:38:00,2018-05-25 20:49:46,2018-06-13,0cb9be6e0e12afac27ace32e3be4051f,2018-05-23
41f5e1d98c342beaa1234b59c89d9f6b,ea23ab6bcf9413b8841a1a69b9af0686,delivered,2017-08-11 10:47:58,2017-08-11 11:04:33,2017-08-14 21:06:02,2017-08-18 19:12:36,2017-08-31,13dbc23e2f9dd054e0ebd8d4f4f47fb4,2017-08-11
ec3b583694db9a04ad2928a8f0546207,660673ec54a8b7fe75dcaea60f3f3e0d,delivered,2018-08-12 20:18:08,2018-08-12 20:30:18,2018-08-13 16:02:00,2018-08-16 19:31:58,2018-08-24,663cb908e7dfa34193fa1bbfe3a193e4,2018-08-12
cc86a65e920aceb9fe3bbe49bab2bd52,23fa7a1513fdc2b37c2b1ebd9e1db2da,delivered,2017-11-24 11:34:37,2017-11-25 04:17:35,2017-11-27 19:09:01,2017-12-02 18:56:40,2017-12-19,d615b9ec562cef52513c9af50daed0c4,2017-11-24
1b462189eca41fdd61ad58561176b49c,65e5225058cf3dbaca1cdffb7c575dc1,delivered,2018-01-11 09:46:16,2018-01-12 02:35:45,2018-01-13 03:03:18,2018-01-17 18:14:24,2018-02-06,5e380d3468af33b77e184046b8061a2c,2018-01-11
8944f7ffacbf68290782beb6f6d21ece,3b1cbf321a120453df51216a651815af,delivered,2018-04-06 18:05:05,2018-04-06 18:29:25,2018-04-09 21:06:12,2018-04-11 22:45:31,2018-04-30,9b4496ef27f4b987ed84d49a0386c28b,2018-04-06
c5e1ff5a434a0e128ac186bd92c1060d,9408366cfabe249cc4e4680dffb79c5c,shipped,2018-03-10 13:39:36,2018-03-10 13:50:29,2018-03-21 19:18:22,,2018-04-06,6243e6aedca8bf97d0e619c5eed532be,2018-03-10
175455df986fe6b05091b1c9506897dd,c2a29d0111d9af12100ef59be89f5a2c,delivered,2018-02-03 13:49:19,2018-02-06 04:32:49,2018-02-06 19:16:55,2018-02-16 11:27:07,2018-03-08,d5234b2afc63b1c4035483b6cb828af4,2018-02-03
f25bdf0565e54301739c402947f7644e,3b8927e91517d7827a76105d1fdd0e3f,delivered,2017-07-15 06:41:01,2017-07-15 06:50:10,2017-07-18 11:37:39,2017-08-10 20:27:28,2017-08-22,3b1b3e09530fc5f1b3d99b638d9175a2,2017-07-15
96c3a40e38272781dd5b3dfc4797e8f7,76ba803a22ca2f0892036acaead6a065,delivered,2018-06-19 14:58:03,2018-06-20 13:21:30,2018-06-22 12:26:00,2018-06-29 19:12:52,2018-07-20,9d88bce9ca826ebe1fd91212f8eab138,2018-06-19
a14f7f38d99c7aba5db1566db11660a2,ca08ac90cf5b8ff42d87a9d754c2374b,delivered,2017-10-15 01:57:18,2017-10-15 02:14:19,2017-10-16 20:26:00,2017-10-23 21:10:09,2017-11-07,32b736144958de0748fcfa294ef0b207,2017-10-15
51c68b0aedaa22a0b426f5635ac439b1,80f5dbd6c402fa67462768a508de4168,delivered,2017-05-22 10:27:43,2017-05-24 03:05:23,2017-05-24 15:09:40,2017-06-03 09:39:37,2017-06-29,ca270b48105d4aa0d747a0529775f19c,2017-05-22
da3c95552f6afd61ddc95ce17dc71606,9625c9b960cb2a2645738ad08d8fd709,delivered,2018-03-20 14:27:23,2018-03-20 14:49:27,2018-03-27 04:28:46,2018-03-27 13:21:08,2018-04-02,1c7260b99484b79c9e8adc2dabbdfc4f,2018-03-20
044d94a4ac73b24fe28ff5293ac35bd8,482d1baa7d2f9c4d4b54ae09215d39c8,delivered,2017-06-19 14:56:36,2017-06-20 14:50:17,2017-06-21 08:11:54,2017-06-26 08:23:37,2017-07-19,de2ae224bcb74731c0597181aba38de5,2017-06-19
6c1d10d32b895709c06d162678e6bac6,c5cc9a7ee25b3dde1ed09c7568ff9f9f,delivered,2018-05-13 11:00:51,2018-05-13 11:12:43,2018-05-14 15:15:00,2018-06-02 18:12:20,2018-06-01,fb92843a696f8a7d35210c04785c2e33,2018-05-13
00946f674d880be1f188abc10ad7cf46,9583b047c90d4aa1c5c68b4065ba7f4e,delivered,2017-12-09 19:11:22,2017-12-09 19:30:37,2017-12-11 18:47:04,2017-12-17 10:19:09,2018-01-05,1d74273c053909be057f50f65b48522f,2017-12-09
45bfddf12e8fd3de8dbda7b7208ec90e,a1882adbacee1e44d96f0635e70d7b2a,delivered,2018-08-01 19:18:06,2018-08-03 04:35:22,2018-08-03 14:33:00,2018-08-09 13:58:52,2018-08-16,28cb2105de0e24c2dd3e21e364510937,2018-08-01
c830f223aae08493ebecb52f29aa48ca,af626bcc9c27c08077b02e6d3aa00c36,delivered,2017-04-22 15:50:30,2017-04-22 16:05:17,2017-04-25 08:23:19,2017-05-05 13:27:50,2017-05-18,9fa091c9a55e4a6dcb8d2c009bade5c5,2017-04-22
a72c97c2e824d70b13a34ed812529337,e32d47c3c13f1fcb93a32ce60f59e0d8,delivered,2017-12-09 09:29:19,2017-12-09 12:36:31,2017-12-12 14:44:57,2017-12-28 20:37:13,2018-01-04,1749fd10291ef7242c1221a14f57cfb9,2017-12-09
911ac4b6a3d83be295853192aa63fbaa,4a9a0fbfec7f28adc3a7ab9ef3bdef08,delivered,2017-10-07 20:37:26,2017-10-07 20:49:32,2017-10-10 13:03:58,2017-10-11 19:28:53,2017-10-25,1c065f2b3e2e84ae918fa40f18b6c77d,2017-10-07
d873fac825acde118d8302108e56afff,8fc86d31af29c9a6ef80c6c950666adc,delivered,2017-07-13 09:00:21,2017-07-14 09:05:14,2017-07-14 17:47:40,2017-07-26 19:13:42,2017-08-16,0037eb1ff742ee2e71ba887f65f3c6f3,2017-07-13
4bf27cd715a4b7ccb0ea582b5b5fd639,56df3acf6826046c875a51d0db805524,delivered,2017-04-22 18:27:36,2017-04-22 18:41:21,2017-04-27 05:37:04,2017-04-29 11:04:15,2017-05-17,27c343002e49de073102bc1e24b6493c,2017-04-22
5246f33ed41cfa5f5b8f64e7bc8cf0c2,299f7b5125c8fbe1761a1b320c34fc7d,delivered,2017-05-05 08:45:28,2017-05-05 08:55:17,2017-05-10 14:43:14,2017-05-17 15:00:14,2017-06-08,b8b3c435a58aebd788a477bed8342910,2017-05-05
250fc7597b92f3bb967c2c0a6bd70e1b,dfadcb615c5579faa9613dde872fa694,delivered,2017-09-09 19:37:39,2017-09-09 19:50:12,2017-09-12 18:46:40,2017-09-13 21:57:52,2017-09-21,2e471b8b0ebd8aeb029d78917c3961d0,2017-09-09
5739eb8dc1389c46e5ff8fc605a6ba44,ef6ea276070642bfc9f21c5cd9cbdb43,delivered,2018-05-21 19:44:09,2018-05-21 21:15:40,2018-05-22 14:16:00,2018-05-23 16:33:19,2018-06-13,daeca6f6c8b848cc99fd2b469f56c284,2018-05-21
9e3239dcd0d89b2b4e9315e93f265c84,94fa5fb873b594639bd9eb8ebb2bbe8a,delivered,2018-04-16 10:16:00,2018-04-16 10:32:41,2018-04-18 18:56:45,2018-05-03 09:46:56,2018-05-15,9c7e78f00bcba203b8a9d4fc5be7fb72,2018-04-16
a3de74fbe2db7081a1c0262272cd4283,bf565aadf676f4dd804dd19aa89aba19,delivered,2017-05-02 22:36:47,2017-05-03 14:22:24,2017-05-15 07:52:04,2017-05-24 11:28:58,2017-06-06,62bc80a87f8fd6a0ec196436009e0f8b,2017-05-02
d2f2458326a050b121e7acd0e3506d8d,b807407e782f3147f465c29dbf75d286,delivered,2017-05-31 11:02:39,2017-05-31 11:15:10,2017-06-02 14:42:43,2017-06-19 21:29:44,2017-06-27,45f5c15d1dee0f06786c548f44268c95,2017-05-31
b3eb2b2fa446ec1d83a9ccb2dead8871,69fc759c2dd1b4ca51e0ffc8fa632455,delivered,2018-05-06 19:27:01,2018-05-07 22:34:27,2018-05-08 13:17:00,2018-05-10 16:15:54,2018-05-24,9f80e8ee4b2fe8150988be49a42f30ad,2018-05-06
49b1ad01e0a81bc85a617086103e415d,476a4abbe9551a54f5a9d06bccd2fca5,delivered,2017-05-24 10:11:27,2017-05-26 02:45:18,2017-05-26 16:09:26,2017-06-12 10:29:38,2017-07-03,95ae9ff17e664d7e83d3d685e78935da,2017-05-24
ad982819d59bc6c0fc50e08c0ee19e05,6aee223ad482dc78a0d4fe2f893c203c,delivered,2017-12-08 22:24:48,2017-12-08 22:36:29,2017-12-12 15:09:42,2018-01-11 20:18:26,2018-01-17,d2039db35dad677db8879177d9b9c8a2,2017-12-08
95fa26b6ea476ed040e592e0a825d6f0,9aad6db5643769b3d802a87328ec31e2,delivered,2018-06-06 13:48:42,2018-06-06 14:13:02,2018-06-06 14:02:00,2018-06-11 16:55:40,2018-07-12,463d8425827e81d905edf86f9c231eef,2018-06-06
8f08b9fbb16d480bcb3c53db1eaf49da,c0cec5fc3063db1248cadc8347e223ab,delivered,2017-12-28 10:54:18,2017-12-28 11:08:03,2017-12-28 22:49:10,2017-12-29 17:27:25,2018-01-17,4049ac72de67031ce1c0c59e281ef897,2017-12-28
88a01a140aa9a9b29927d71752e9b7cd,d420ffd55c04ab7659d5e02b1ea6e298,delivered,2018-02-27 07:37:02,2018-02-27 07:47:54,2018-03-01 15:36:59,2018-03-02 17:12:21,2018-03-13,3fdf793a17d8931a76a0aab637ca318a,2018-02-27
b2bee079651c0bf6a1a92b39c2dbe5cf,abd052c275218899a215aa3dc9e1494a,delivered,2018-08-25 22:28:18,2018-08-27 10:44:26,2018-08-27 14:24:00,2018-08-28 14:21:00,2018-09-03,eb2f753482ad0fe9d19138e4eb07985a,2018-08-25
1913cee0f26c9b117da013a2efd6374f,7089a41f6a02e9b5784c67fbec78e82a,delivered,2018-04-04 12:35:08,2018-04-05 02:15:28,2018-04-05 23:31:19,2018-04-11 14:51:26,2018-04-20,64a6440ee0731b29560508a3dfa71f9a,2018-04-04
6a1dff28da32815c94da401e19d2a7f8,29251d6a551cedc7040b152221744460,delivered,2017-03-21 11:33:31,2017-03-21 11:33:31,2017-03-27 14:13:02,2017-03-31 15:34:11,2017-04-13,95f270e7d1d60bde8031dc0c058558e0,2017-03-21
f3edc8c0a39fd1b01507928af2a47448,0b859d5b44d9d4882ace2e2dc93cc213,delivered,2017-05-17 23:39:36,2017-05-17 23:50:16,2017-05-18 14:23:39,2017-05-26 11:56:47,2017-06-12,355c8e5dd7ea03b291a4057c4a8b7a4f,2017-05-17
1c07c0999a3f88b8c1b95e9a07cf5564,b83d1e4c6e630ab8dd058360d47b4c17,delivered,2018-07-16 15:24:53,2018-07-16 15:40:17,2018-07-17 14:28:00,2018-07-27 17:56:37,2018-08-01,088c8450e52617191d11971c40e388f2,2018-07-16
297a7adc75a9a48c518c7048426b9675,152d5eeccb9cbfd05ed8ab2395a14b66,delivered,2018-04-15 20:12:35,2018-04-15 20:30:47,2018-04-17 22:18:37,2018-04-24 13:13:03,2018-05-10,f3bc8bc615e7ba5d35557950518568fb,2018-04-15
8368e1a19aceeac973a9eff4ac3245cc,271b5cf8d44f5321d8a512c459472fbf,delivered,2017-08-21 00:01:31,2017-08-21 01:33:01,2017-08-24 21:12:49,2017-08-30 17:27:46,2017-09-22,a79678c360b11a982dfdb55a42778e88,2017-08-21
afffe744c625af23449137b8f832e630,b48ad91d707041578581aefae1f7c385,delivered,2018-02-25 19:13:33,2018-02-25 19:27:55,2018-03-05 18:05:14,2018-03-28 17:23:42,2018-03-23,b5d6fa3d2213927296ac893f14f4461c,2018-02-25
5e8d0f2f1e06e715aee3eefe4c175e52,743dd95aefb65359afe92a764748251a,delivered,2017-11-28 22:50:22,2017-11-28 23:10:56,2017-11-30 21:12:37,2017-12-26 17:38:50,2017-12-19,2e9cdecaa137e8ba2084bbde28c85105,2017-11-28
947ee6ab639791b5711558a7e55cf98e,92a24fa199710ba33bab157e838a86e7,delivered,2018-06-11 22:04:34,2018-06-12 09:01:12,2018-07-18 14:02:00,2018-07-28 16:32:17,2018-08-10,1a3a962a15f8c6ee0178e1102387d3cc,2018-06-11
d85553b6a0d18ab73d361def4c79d08f,7181fcde3f0ce4dc47a9d1c64ed15b3b,delivered,2018-06-09 12:33:46,2018-06-09 12:58:46,2018-06-11 15:36:00,2018-06-20 18:52:08,2018-07-11,6ee9dd7a3a539c1ae0b9ee5c9a29961c,2018-06-09
bd74c36a843f8560d4b4b2a902dfb22e,5c49d0bcb0f397a3a5dec5512755f848,delivered,2018-02-23 19:28:03,2018-02-24 19:27:14,2018-02-27 14:22:46,2018-04-03 19:28:37,2018-03-26,c4bc1ea5188b1d194cddfd732e90bff1,2018-02-23
fa2cc48dfd7ce0f97490bb4ab4c98eb2,599eb3fb43b36d43156a5157c94000ee,delivered,2017-08-22 23:46:00,2017-08-23 00:32:28,2017-08-24 13:38:13,2017-08-25 18:06:57,2017-09-05,da6578bb27787220b8d46f5128ef6ea0,2017-08-22
e8ba75632d34b2349d68fd8e37bcf6a4,aff6c1cbd702e9650fba803f5d7dc83c,delivered,2017-11-11 19:36:00,2017-11-11 19:50:32,2017-11-14 16:24:12,2017-11-21 01:54:25,2017-12-06,c28b695680373781f8ff086844f72ef2,2017-11-11
5881ef8fbe92b12cbfbe1a210afd221a,a95304becd09a127c1f2d609e2d6d34f,delivered,2018-06-12 09:56:21,2018-06-14 02:39:25,2018-06-14 13:39:00,2018-06-18 13:07:51,2018-06-29,6d47c2341b395b7e0294d8692016f6de,2018-06-12
38171cba31c7211ce21559574998ffdd,3b0f5b493b8a54c1298ae4edaa002fb0,delivered,2017-11-24 14:27:49,2017-11-24 16:33:32,2017-11-30 19:14:56,2017-12-22 21:09:18,2017-12-19,5cdd235f266a268a095324c53c446396,2017-11-24
511c9c59155679bf85e46829de6bf067,8ad4ecbaa69e3b0119cadae300bd88f9,delivered,2017-02-08 11:04:56,2017-02-08 11:15:13,2017-02-10 09:18:40,2017-02-24 13:18:43,2017-03-13,14b0be0b6d7e50e861943bf902bc7959,2017-02-08
a10231eb95955f12c2bbc1e34e25c950,ebc886e9e3226e7da3ccb10bba7c5c4e,delivered,2017-01-31 17:14:07,2017-01-31 17:25:17,2017-02-06 10:16:07,2017-02-14 18:09:22,2017-03-07,49ec3b730bc59d1053305e7d20c5828e,2017-01-31
31ebb964e83b9262b17cf1583a3eb45f,2698695709c21e561e5aedcd0f297a69,delivered,2018-03-06 19:56:34,2018-03-06 20:10:49,2018-03-20 01:19:40,2018-03-22 21:14:52,2018-04-03,c1be25a7bdf52d7885d726bc67bd2c04,2018-03-06
16dda44df2095f93a8e1390b77c2c048,21b4986e79d2c4215a20b1d560b9c51a,delivered,2018-04-11 10:49:26,2018-04-11 11:10:50,2018-04-16 19:36:41,2018-04-17 19:32:10,2018-04-27,28474464ffc2a83a0680463c36e6dfd5,2018-04-11
c57d8a1fea15380a18f9f81e1096ac9b,2ef4b4c4630ad3c0f379af495307470a,delivered,2018-06-01 23:24:48,2018-06-01 23:51:07,2018-06-04 14:00:00,2018-06-11 19:08:48,2018-07-05,110934758b1585194afe1c0134c1dd35,2018-06-01
652c3ffc10b11f6bb6567b4976d901c6,bf766ad0f00b31ea37a0cd27a0e2b64e,delivered,2018-08-28 10:44:03,2018-08-28 10:55:08,2018-08-28 13:54:00,2018-08-29 20:48:39,2018-08-31,c87944388aa89c72ded8daf1fa95e60e,2018-08-28
a611321b36103c43fd31f578c7c6e459,edfe8350920188f5738ab4ef3af21d62,delivered,2018-08-11 23:28:46,2018-08-11 23:44:33,2018-08-13 15:29:00,2018-08-18 00:22:36,2018-08-28,e2025196f6b427896e38326e6b1ff553,2018-08-11
241a57ba96decfbe134f5c84f585f57f,b8426f2cfe27d43ae8077d218a3622ad,delivered,2017-11-10 17:21:48,2017-11-10 17:35:33,2017-11-14 16:47:09,2017-11-22 00:22:48,2017-12-01,f9f52c3805c3a5ab1e78dac53cfa254f,2017-11-10
3a129877493c8189c59c60eb71d97c29,0913cdce793684e52bbfac69d87e91fd,canceled,2018-01-25 13:34:24,2018-01-25 13:50:20,2018-01-26 21:42:18,,2018-02-23,11c3d6c93dea6ce86769a4835c171bd9,2018-01-25
67ba689f4426cad886c40eaf487258b1,70adc37c97e196449a2b5dd84465c4b3,delivered,2017-12-11 08:19:59,2017-12-11 08:32:31,2017-12-11 20:12:26,2017-12-20 20:29:02,2018-01-09,2f4caaa523ad6f3d695a5e698263cd05,2017-12-11
9a7c4a07a4b1d502cdba82f5b60123ab,8df60f4b5c7991242bdbde7c034f2057,delivered,2018-01-25 00:27:59,2018-01-25 00:38:25,2018-01-25 23:52:14,2018-02-14 16:48:46,2018-03-02,d651f48b3c453fe39afce7628bc8269f,2018-01-25
7d3d0586319a920f50ceec0a5a9eaf55,e46ace8865b4cacb79e81b14663ebeb3,delivered,2017-03-01 16:04:38,2017-03-01 16:15:23,2017-03-02 14:18:45,2017-03-14 09:53:43,2017-03-24,cc6c2a4b4e826c577b8a60073bd56a7b,2017-03-01
0417dce62cd5791d3d0005ca971b2ba7,b0962d2b8c090ec26077939595a5b00a,delivered,2018-03-19 05:02:28,2018-03-20 03:28:33,2018-03-22 19:29:44,2018-04-06 00:29:32,2018-04-12,e0298e0626c3f75d94a60dc6628f27cc,2018-03-19
45b0a671da62d1c868294b22b4837dca,790cbac97e71291719b52249d721519f,delivered,2018-01-22 15:35:47,2018-01-23 15:37:23,2018-01-25 12:22:38,2018-03-18 13:58:24,2018-02-19,fe612e4c139f4350d17f1b9f5cbbe3f0,2018-01-22
c79a29817509b8122a3b3c3a24414866,d08fb3f54daea61a14946491f8cd4ad2,delivered,2017-10-11 13:57:07,2017-10-11 14:14:20,2017-10-11 20:29:03,2017-10-17 21:47:40,2017-11-06,415b15ac3d454f2f09088c34d5982469,2017-10-11
779c166cb7fc9e9827102ea44e43b6c7,b9ba7233b3513f870b7ac3a5e0130234,delivered,2018-03-10 20:50:37,2018-03-13 03:50:41,2018-03-14 18:45:24,2018-03-27 20:47:25,2018-04-02,67a055e65bcf75362f81b7141ac2eed2,2018-03-10
914e96369a010ec52a412b9d6a499e57,4eaea066b56bb518dd5180bfc10c6630,delivered,2017-09-21 15:43:41,2017-09-22 04:32:51,2017-09-22 19:53:24,2017-10-02 19:03:45,2017-10-17,7ebe00e01c4656d609e1ca0f7e566999,2017-09-21
a9de753e089dd4dadf7d3efa954e26c5,33d8e7921924c3b75975500363ac32ed,delivered,2017-05-27 03:23:02,2017-05-27 03:30:07,2017-05-30 14:31:45,2017-06-07 13:51:06,2017-06-27,09a2a3befff4ee3680617f07d9b473ed,2017-05-27
8d52f577ba7567489fd16d17e594616d,e773252cc3222d0c3ae7694b271e2e32,delivered,2018-03-14 21:15:33,2018-03-14 21:28:38,2018-03-15 16:07:47,2018-03-19 23:27:23,2018-04-02,8533fef411165ea5df3fe583670a76cf,2018-03-14
966d505c98ea667c11343331a5d67722,26b32bdec947c658c37dcfca2859bdf0,delivered,2017-08-03 19:48:22,2017-08-05 03:03:11,2017-08-16 19:05:25,2017-08-25 20:05:10,2017-09-01,622ab02b1f004f1b9a11fee1634bd1c7,2017-08-03
96baca12064c33aaee05b2a4be3f3f2c,8b9918302ae3090aa6f372883638268f,delivered,2018-08-13 14:16:15,2018-08-13 15:24:38,2018-08-15 14:53:00,2018-08-17 20:58:47,2018-08-22,8dc0d32543012e70ca0c0bc5535205f8,2018-08-13
e2366f83c01269762e71b77254a6859c,faf620ef3ae77d18586f3d921d677e18,delivered,2017-05-20 12:41:12,2017-05-23 04:05:14,2017-05-23 14:22:37,2017-06-02 14:27:04,2017-06-21,7fef4de812315967e0c7b699e88c5753,2017-05-20
741219cefb77a5c6acbbecafb6d0e6f5,5c7d83fc8f4fb37ef3efb3e08b693137,delivered,2018-06-30 13:24:32,2018-06-30 13:50:18,2018-07-03 15:16:00,2018-07-20 21:13:49,2018-07-27,df0656c09678129487d1639d764acc1c,2018-06-30
8647ff7e5f9536a33f5e6fd7f2c08d2a,f277efbc37718499302b3e189bde8e35,delivered,2017-07-02 15:00:51,2017-07-04 04:05:27,2017-07-05 12:00:33,2017-07-12 16:12:36,2017-07-31,7c64114d404c93f2c4305a9f2e7dc3eb,2017-07-02
f18f5dcedf8a6caf530bf0cad9937b4f,d48b4e169e5bbf1d2a8a8e74bf4c1f87,delivered,2018-02-26 15:18:18,2018-02-27 15:15:43,2018-02-28 22:22:07,2018-03-19 20:46:42,2018-04-05,6cefc29085fbf53d5721acb4fe4c0c7e,2018-02-26
d8721b9f395286c3b43ff47a250ad40a,00b2b9682f5c2a1f7cf1312ce6a0ea9d,delivered,2018-08-02 22:09:44,2018-08-02 22:24:21,2018-08-03 10:29:00,2018-08-04 13:38:51,2018-08-08,949b75abf6fdda78201547bf5f4c07f5,2018-08-02
4fa1b6d5d3ca98e8def932544cc51b90,c66b45c4e7a46b471b18da7f3f7a2e3b,delivered,2018-03-11 18:52:10,2018-03-11 19:08:09,2018-03-13 00:12:33,2018-03-14 17:26:39,2018-03-22,63b4253e688c57bdaa18741b3fea5a01,2018-03-11
4d81d50f72f166b704ba664c8a1ddbd6,2d143929faefe132157fe22c40f72978,delivered,2018-04-04 10:40:21,2018-04-06 03:28:27,2018-04-09 22:51:52,2018-04-16 22:52:41,2018-05-02,40d2c60699feb0f855b666366f8274ff,2018-04-04
3a6be3906d26bffb0ee2c640eb2ac480,f6fae9d4a652ea92e78dbc6956e0c0b8,delivered,2018-04-23 17:41:34,2018-04-24 18:34:54,2018-04-24 19:22:41,2018-04-27 21:44:40,2018-05-16,44e64b7162915525578f601e73e72b16,2018-04-23
f64dd636875aef9058782fc05a867ec1,68420570763989d8da614b8da4c5c102,delivered,2017-10-25 20:00:39,2017-10-25 20:14:16,2017-10-26 18:25:54,2017-11-06 20:38:46,2017-11-22,06fc096ec2387d11747ae31a57cd2551,2017-10-25
84d6d9710c8af32b5e88f2d1c14ab871,1099d033c74a027a78c1d26e1de9c8ad,delivered,2018-01-27 22:09:48,2018-01-27 22:35:25,2018-02-02 14:44:52,2018-02-06 19:35:01,2018-02-14,95cc7f48ae7cfa0afebd560092cdc92e,2018-01-27
08bdbdeaf1626720051193300f93806e,7a3bd3b37285f0ab25983420cbd01f4e,delivered,2017-03-09 16:43:40,2017-03-09 16:43:40,2017-03-10 13:06:01,2017-03-17 07:07:44,2017-04-03,563bf685b8426233585285851fa03881,2017-03-09
86674ccaee19790309333210917b2c7d,1b338293f35549b5e480b9a3d7bbf3cd,delivered,2018-08-09 11:37:35,2018-08-09 14:35:19,2018-08-10 14:34:00,2018-08-14 18:51:47,2018-08-22,8b8028d453a01986b48c4271cc341475,2018-08-09
c6512da3ccb5263223de71b8888d4db1,d6e565ef81b0c1256bf8276040252672,delivered,2018-07-04 11:38:50,2018-07-05 16:40:14,2018-07-04 14:29:00,2018-07-06 17:18:32,2018-07-17,939ca75cff8baa5ad59c798097fdc81a,2018-07-04
ceff6079b4931d865da8fad5286b30a6,e19cb9865a8f3c724df27b3397c68bd2,delivered,2018-01-18 20:07:53,2018-01-18 20:19:27,2018-01-19 15:29:25,2018-01-25 19:03:42,2018-02-08,179607d5aa7e47661b18cabcd7037ab5,2018-01-18
27dc63ff0d925a8edb761ba595e543ef,85e3bad84251738643dbfdc9baa3e535,delivered,2017-09-26 15:15:34,2017-09-26 15:28:16,2017-09-28 17:23:06,2017-09-29 12:21:49,2017-10-11,810def6bb8f8c33be446269adcb3400c,2017-09-26
2b8cfbbc8cc119621295c6a6028fa7da,f11a663853dc243e55733d1fb954a8e3,delivered,2017-04-30 11:21:39,2017-04-30 11:35:18,2017-05-03 15:15:52,2017-05-10 13:35:09,2017-05-23,132820060c20dcac4bcafeeae8713481,2017-04-30
b9b690e003beef9acdde2502dfc565e2,c465c80b3a11995fd2890c759421a7df,delivered,2017-07-30 17:48:59,2017-07-30 18:05:06,2017-07-31 19:30:01,2017-08-03 21:35:43,2017-08-18,8dafb82f687e3b0dc9e97b4198b92128,2017-07-30
7ca4e50d72a12009d398a335125b4871,0f9863eaf7169595f5a7699580ea5695,delivered,2017-02-07 11:44:41,2017-02-07 11:55:23,2017-02-08 11:29:50,2017-02-14 11:47:50,2017-03-16,daaf7866693b57dfa2f4c68329073801,2017-02-07
5e4c365dd3cf7769a88981f408d069d3,15f7712bb12fe27068e5353d14503653,delivered,2017-11-21 21:31:09,2017-11-23 02:47:29,2017-11-28 23:33:04,2017-12-23 16:13:34,2017-12-12,7e1681f9bb31800364869a2cdbe289db,2017-11-21
3bc5517fcadd466c8f345fef8e529e95,11ce99b70d1025e5fc5e7a9237c529ab,delivered,2017-10-25 10:53:26,2017-10-26 03:08:28,2017-10-27 22:58:49,2017-11-13 19:37:51,2017-11-21,ff5f0e6c9223056cd0e65b534856f5d0,2017-10-25
d0bec96aad189992b278688279ba1511,f4302056f0c58570522590f8181de2c7,delivered,2018-05-08 21:04:16,2018-05-08 21:15:28,2018-05-10 18:29:00,2018-05-21 13:06:35,2018-06-05,67b05b597a66b5c449025000b9430abb,2018-05-08
906aae501a08de5072a4db9471da01a9,b8db3ed2d28a258de61b1db21e042868,delivered,2018-02-19 22:35:48,2018-02-19 23:47:21,2018-02-21 21:45:39,2018-03-01 14:49:12,2018-03-14,73f90b219c69253bddd6d6111783f47b,2018-02-19
ee89958a185022844bd25342c31208bc,59e64c4606d914bfa86bcf280f16bfeb,delivered,2017-07-10 08:38:43,2017-07-10 08:50:14,2017-07-11 22:04:16,2017-07-17 20:07:46,2017-08-08,f00a8a03e3037fa13779c6659df93647,2017-07-10
4cf225bc6f9bf421b97987161b23cc57,aff70ffc7417c17ae1c223c119d2a4d7,delivered,2018-08-09 22:38:41,2018-08-09 22:50:14,2018-08-22 14:12:00,2018-08-27 16:41:46,2018-09-04,cb99edb00fd595d96606eb7bcdb9a50b,2018-08-09
4ad1105e12f275c3475462d6811caf8b,45706797a925907d4ba536fb8c1e909a,delivered,2017-10-04 19:47:07,2017-10-06 09:39:35,2017-10-09 20:20:18,2017-10-30 20:21:07,2017-10-31,ff44084bf8313fa8eae5ce6e43e341ed,2017-10-04
4091d93f24146cb228adc17dad467e8f,388305bba4b367ce3be7023f6edaeade,delivered,2018-07-17 20:00:31,2018-07-17 20:15:08,2018-07-19 12:40:00,2018-07-24 21:51:36,2018-08-03,42c16349869fd971353f0349209de869,2018-07-17
efb6d19e3c56fa371d59421e45e53a49,e674bf9e1fd5863bbb4c72f95fdba39f,delivered,2017-03-22 09:02:29,2017-03-22 09:02:29,2017-03-22 11:29:34,2017-03-27 14:10:43,2017-04-12,efdde190794fc1f7e2d1c91dda5453fe,2017-03-22
105c228ee2f7c9c2a32d22cd2f8c8e69,e62a5e94613727832702b23913c1d649,delivered,2018-04-22 13:03:35,2018-04-24 18:27:56,2018-04-24 21:12:25,2018-04-25 22:14:29,2018-05-10,c0e5f947392f23d3daf7b38ed797b85e,2018-04-22
9a45c6dbf2fc4848e0a8883d4efe827c,a455f91b7ce36ac2eee4d8c54a05946c,delivered,2018-05-21 08:20:00,2018-05-22 07:55:07,2018-05-22 15:48:00,2018-06-04 18:06:32,2018-06-14,5790eb0a154162bb308fa4e642c20585,2018-05-21
f72c493e7f65e42101baca23c7c2fd90,015bbed5b941c909ebf091ead5eb2a05,delivered,2017-07-27 18:04:06,2017-07-27 18:23:46,2017-07-28 17:10:09,2017-08-03 19:32:57,2017-08-18,b854fe698a5384ebcadcdabe7ceebbb4,2017-07-27
d51b2f84d150215cc2dedd0b60308876,ef1de028f62249d1a7127ff7287a6f54,delivered,2018-02-19 14:16:27,2018-02-19 15:00:20,2018-02-20 19:22:39,2018-03-02 17:31:31,2018-03-14,5403c5708577d72afc5c4783bad43280,2018-02-19
cee9f1845c95efd83885a0b2f7a22b83,4d47b7a61cf3d32d4ec12b531a57539b,delivered,2018-07-29 12:47:00,2018-08-01 16:31:40,2018-07-31 15:00:00,2018-08-03 18:20:55,2018-08-10,2d5c600f8cc7477dc616b9bd2d00a0fd,2018-07-29
4b80b55b32a3549ec05578e46a0f4021,c4184e264c25f060e2022b22c098ab18,delivered,2018-08-12 15:54:57,2018-08-13 15:50:17,2018-08-14 15:25:00,2018-08-22 22:04:10,2018-08-20,3ab2f8203c5f8d73a1260109eb82eb20,2018-08-12
27b47ff9a743a8a7404a2f8c1037dec6,826c02f105be443173bcffb209476da7,delivered,2017-02-17 19:52:15,2017-02-18 19:55:11,2017-02-20 06:43:35,2017-03-08 12:14:36,2017-03-30,e46460e7d67b07b96da1fd59ea1ca3fe,2017-02-17
a7737f6d9208dd56ea498a322ed3c37f,3c18db09bbaf1ef66e568bc610fc3e9f,delivered,2017-10-23 23:35:39,2017-10-23 23:49:29,2017-10-26 18:34:07,2017-11-06 18:33:17,2017-11-16,023c8fe9cea056407269dfe9bdd57a8c,2017-10-23
62299c8f38bd519b17ca538c3232004b,12097fd2d4e0e9dd4fe1dff039f63b70,delivered,2017-07-09 23:32:06,2017-07-09 23:43:14,2017-07-12 18:27:45,2017-07-14 17:47:39,2017-07-31,07d49575e9eb300156daf8a365fb19fb,2017-07-09
0d17a5f9272e9cf9e9883f404fc61edf,3702c8f6ec51b4c67a7c73594f30fafe,delivered,2018-04-06 09:04:13,2018-04-06 09:15:13,2018-04-07 01:16:48,2018-04-09 15:38:50,2018-04-23,47702cb199856e6509979e5623160f04,2018-04-06
6dab6db52d5bc33fff997ca478ef2f5c,b83ce55fac1144714d63a72e62ed51e7,delivered,2017-04-12 11:02:29,2017-04-13 02:45:33,2017-04-13 16:49:05,2017-05-09 06:35:53,2017-05-16,044f89a64b7bd1c9ceecd8f9a83971a8,2017-04-12
e5858127da61f07285827883e605254b,bcd15e6f5399f2899de4482cf6783dae,delivered,2018-06-21 15:42:55,2018-06-21 16:00:04,2018-06-22 15:23:00,2018-06-25 14:28:27,2018-07-13,909bd964acc70a899c3804414f5fa70d,2018-06-21
31570df15e703d337b7b8a1d1ddcab6b,f94b42a1fbdacb6be65b3f64cd68ce5f,delivered,2017-10-20 14:00:10,2017-10-21 09:49:15,2017-10-24 21:04:18,2017-11-06 18:22:35,2017-11-16,1ba017d398d4fd2ad48fe28b0a9d94a1,2017-10-20
ad133696906f6a78826daa0911b7daec,e6f5b234bb0d847f10eebd70130c5d49,delivered,2018-06-15 15:41:22,2018-06-15 16:19:23,2018-06-15 14:52:00,2018-06-22 18:09:37,2018-07-18,27f69c274c36e70cc366c88f664a5537,2018-06-15
1342ab50383d7471a3bfd75ca93d38d6,a31f3b93bfe2d5bd18745603e3e537c5,delivered,2018-08-23 14:56:46,2018-08-23 15:45:06,2018-08-24 11:59:00,2018-08-30 15:06:32,2018-08-31,083ce299ea3fc1eba79bd0b17f64555b,2018-08-23
1cd4fb5e05e05b44a8a827fd5187095c,40b2c0070ab6f34ad350cbfb37d7a64b,delivered,2018-01-13 17:59:46,2018-01-13 18:09:23,2018-01-15 21:12:29,2018-02-02 23:33:20,2018-02-14,0da8a21fd4fb57463c7897ad901c7bf9,2018-01-13
b760d6b613bc2bca107e3c852501e649,7cab83679b4b4b94a7783cddb27224f2,delivered,2018-01-31 20:45:16,2018-01-31 21:09:44,2018-02-16 19:28:59,2018-02-25 15:33:14,2018-03-05,a8d1e9936a5361e2547acf93dd4b8bc3,2018-01-31
56a9371475e5344f96ca0933a17215ea,a31d81182a35974e456ae872e2fd62bb,delivered,2018-04-29 15:13:57,2018-04-29 15:34:47,2018-04-30 12:10:00,2018-05-07 18:51:54,2018-05-24,ef703a9d0ca43405418d06ccd6f5c0e6,2018-04-29
564a38ee15a841a89a3e5c64fc8c0ce6,e200b9823371b1da02a7ac74702a1f3a,delivered,2017-08-30 17:49:11,2017-08-30 18:07:38,2017-08-31 14:26:42,2017-09-06 22:42:22,2017-09-21,d098e82023890ae36af4c8ee360102c7,2017-08-30
19e234aee52e37132b0b4fcfb8465f88,9801a1119c91032c99a15a846d4f5aa0,delivered,2018-06-04 22:44:24,2018-06-04 23:10:31,2018-06-06 13:12:00,2018-06-12 19:03:21,2018-07-05,4e7da8460a307b63a7a4d98750f3a95a,2018-06-04
798b9fc552a89606eb4d38b1f8a4760e,3c2317ef8102b203b9857304ca808858,delivered,2017-06-06 11:40:14,2017-06-06 11:50:23,2017-06-09 11:56:02,2017-06-26 13:29:54,2017-07-13,f85afbaa789589a925e9d3d2f8298f0c,2017-06-06
a58d74cd27d1a011ef6d4876466cee70,5b79686b44ff3de0d593d16b9e98484e,delivered,2018-04-01 13:54:37,2018-04-01 14:07:45,2018-04-03 19:44:26,2018-04-12 21:12:11,2018-04-23,3db3c93c3b1b7e297d823753b18e1faa,2018-04-01
511da260161b881c22b3608bed0044e5,976413d083d598716701e20d0cd9d56b,delivered,2017-08-27 20:44:40,2017-08-29 04:50:11,2017-08-29 18:26:57,2017-09-14 23:00:42,2017-10-03,3506768c1d316482dc13c4848d0a7aa1,2017-08-27
34c194055d9ef88a32906284191174df,af86c43027ee9c1f73233d9d55783c00,delivered,2017-04-08 13:01:30,2017-04-08 14:05:10,2017-04-10 10:41:28,2017-04-12 10:26:31,2017-05-04,674b8bca7cdaac71777cd026ebb31c43,2017-04-08
c46deef64dc8913af348b596ff4fc40d,485e5344b94b80fc5ed918cc14a7414e,delivered,2017-12-11 12:49:55,2017-12-11 12:58:25,2017-12-18 19:18:19,2018-01-04 11:25:01,2017-12-28,2a658f1dceab1750b17286dbcdecdd02,2017-12-11
72bd19ef4fa285334b95bda01a3718c7,df0aa5b8586495e0ddf6b601122e43a1,delivered,2018-05-09 13:01:24,2018-05-09 13:11:21,2018-05-11 14:03:00,2018-05-16 16:58:37,2018-05-25,85d234692f7bee8d6fea586e237334b6,2018-05-09
db65bf4cccb652a88bf890bd8a69cdc8,a3fd85d47dab4959cc2103f846c3de65,delivered,2018-02-23 20:39:32,2018-02-24 14:50:23,2018-02-26 19:08:12,2018-04-02 19:38:31,2018-04-03,f9372e247ea4f46be6f797ca1936d68d,2018-02-23
9b4d44f88d31a9b5149bba90b6fb7b7d,36ab33aeafca98cf78d91fecb98faf0d,delivered,2017-11-27 11:07:56,2017-11-27 11:19:22,2017-11-29 00:07:10,2017-12-05 20:40:03,2017-12-29,a3784be0a99a72cf41fe1b05298673dd,2017-11-27
74016effecaa79d592487f6a4ee47d4b,6cf4840b6dfe102270032fca98880fc2,delivered,2017-02-18 10:39:14,2017-02-18 10:50:16,2017-03-07 15:19:06,2017-03-21 08:37:58,2017-03-21,f38d0a168948a5dd98c2b8e0f9eb3120,2017-02-18
7f63d30a32c2ef0e63febfbc91b9a132,9f258623281e8e6c74463a67f640c4c5,delivered,2018-01-11 22:57:36,2018-01-11 23:10:23,2018-01-12 21:41:46,2018-01-30 17:28:51,2018-02-01,69aab61687fa416ef601af332bd0ff0d,2018-01-11
8187896518689722d7c05bfbaeed0933,c499f24d5aca03c90fa6ee05d32d0988,delivered,2017-11-29 14:11:10,2017-12-01 11:31:32,2017-12-01 18:11:50,2017-12-26 19:22:50,2017-12-22,d780d06a532da7d8d0435cd348e591fe,2017-11-29
d74283a9b897322afe09916280aca43f,ab03bccde4f2b55784632db691ee3fab,delivered,2018-05-17 19:06:09,2018-05-18 00:55:43,2018-05-18 15:09:00,2018-05-23 14:25:13,2018-06-01,36acff9ce2bc2f3456d427eb0200a8aa,2018-05-17
00b1cb0320190ca0daa2c88b35206009,3532ba38a3fd242259a514ac2b6ae6b6,canceled,2018-08-28 15:26:39,,,,2018-09-12,4fa4365000c7090fcb8cad5713c6d3db,2018-08-28
845f40ca6f1b315562f20fd125f93330,a8d44d89ce95add58cf1e8a2f41304a0,delivered,2018-07-01 22:27:13,2018-07-01 22:49:58,2018-07-02 14:24:00,2018-07-06 17:57:55,2018-07-31,803745e28953d4e624617873448f2118,2018-07-01
7032fb16c3a9d982c9aa86f47cefdd3e,d946aedc7ae05f2259b2c2f9342e6272,delivered,2018-04-02 10:08:40,2018-04-03 05:08:28,2018-04-04 17:13:30,2018-04-05 18:20:58,2018-04-12,1ee68e5d9aee3ee39f6aab702de9d5c8,2018-04-02
b98a5e1f2c386eb67df00a633c98848e,56fa5b86733fcb9203489a4b36c6c73f,delivered,2017-10-09 15:55:37,2017-10-09 16:14:19,2017-10-10 15:50:19,2017-10-11 16:52:58,2017-10-23,1c4ad540c8c5c36be4a8b8ec08f79638,2017-10-09
9e6bc602a2466daa94736f31d1319c5d,8338cddb98bbda6167cbec66540a8942,delivered,2018-05-26 17:57:44,2018-05-26 18:17:59,2018-05-30 13:12:00,2018-06-04 22:35:48,2018-06-29,a6ccdaa678f87c99610b6767570a0bce,2018-05-26
511629b91fcfb73e2e7ee747102a9ffd,9ccdd15c9060a6ea0d5f0abbb7324022,delivered,2018-01-19 11:57:08,2018-01-19 12:16:05,2018-01-19 21:06:51,2018-01-24 12:08:05,2018-02-09,d6203ca017ec577b71f0f49429a38203,2018-01-19
689624d719c9fffa2c4ff8f71da712e4,62bb7754e891d448d845fec3cfaf1483,delivered,2018-03-28 19:30:57,2018-03-28 19:48:27,2018-04-02 17:13:46,2018-04-09 19:11:31,2018-04-27,4147a5e98be4bff92386986284b08c87,2018-03-28
e2e8773d11f4499f15349b8f613350a0,b12b0e2d548eb838e2ff04eb9358c293,delivered,2017-02-24 15:13:02,2017-02-24 15:22:14,2017-03-03 08:15:50,2017-03-07 10:27:52,2017-03-17,ab2cb7bb06f35fc8568291b0ca36ef82,2017-02-24
ec9b762e44b1848fb62eab0de58e8abf,41712835c53897cb2647acd1022588dd,delivered,2018-08-02 14:43:34,2018-08-04 04:11:08,2018-08-07 10:34:00,2018-08-11 20:24:28,2018-08-13,a7b4c690609bea24107020ae85cc5aed,2018-08-02
0cce1e1470bc8d35d6a2bebb6991bc1b,6561ef6306e6369b42177e51ddcc35ef,delivered,2018-08-03 13:37:28,2018-08-03 13:50:20,2018-08-07 13:37:00,2018-08-16 21:03:23,2018-08-31,5567ff09b0607b9546948fec46fe15ad,2018-08-03
4c342c53eed805e5712a130cccf665ee,fa3b701e87d5470f0caa38474274f11f,delivered,2017-10-04 21:45:01,2017-10-06 02:25:13,2017-10-06 19:28:49,2017-10-17 20:47:50,2017-11-06,7f5fd837ad25b075bd3b583481e11df6,2017-10-04
fdd770b5f85e6ce0b1b549e331d424f5,cee874c9e449571c0663ade1be67d070,delivered,2018-06-20 22:53:23,2018-06-21 01:17:21,2018-06-22 13:57:00,2018-07-03 22:08:11,2018-07-20,151e9edb34867eaece4d6e7ae188f261,2018-06-20
43439c4b45b39d5a7d27a31d6cebe43c,8bac5a019b1653cad759a1e8b64e580b,delivered,2018-01-06 16:26:49,2018-01-09 07:16:45,2018-01-10 15:24:51,2018-01-26 21:55:07,2018-02-08,8deb4c668d9240fe03720ba1c8767db4,2018-01-06
936a3fe5b1a1e04018a9c33a62c73ad7,438843431aab8910d758e33a5b972f8e,delivered,2018-03-25 00:57:28,2018-03-25 01:10:45,2018-03-28 16:07:44,2018-04-03 17:42:35,2018-04-16,7ed8d1247cda7ef2b3a12039f941194e,2018-03-25
f62e6208120b502c087a5bbd9b2567e4,48430ed054d8d4f37f6ee4f17bb2d920,delivered,2017-08-16 16:32:17,2017-08-16 17:50:11,2017-08-18 13:24:31,2017-08-24 20:52:30,2017-09-13,faff4528095928ed7307472daf2417ca,2017-08-16
3ff220e93d03aad9bb6767d90ac0e846,ba827769097443c480330d84fad09494,delivered,2018-01-14 22:48:28,2018-01-14 22:59:24,2018-01-15 16:03:34,2018-01-23 18:13:06,2018-02-07,76ffb5b3f1186c6c8022f6047ae9ead5,2018-01-14
7b6a7a66fce3298e019fa8bd99a7d4ff,ce8bb2a8b394a2e1ff263be5e3a44d65,delivered,2017-11-19 13:23:06,2017-11-19 13:35:31,2017-11-21 16:51:42,2017-11-24 17:46:49,2017-12-01,92af805fe5fb8c37dc920eb1a6e23a19,2017-11-19
d288e92a6be123f2e77f34fafd902464,2be831e199cd5308b6e3ab6f36718526,delivered,2017-11-25 00:22:16,2017-11-25 03:11:59,2017-11-27 23:08:35,2017-11-30 20:55:54,2017-12-11,f152faf30f85d9b5784cc9a72611a810,2017-11-25
61460b6c5d52b8e307108f5412907a1c,b4211f38ade936b62d702e56ec4068da,delivered,2017-11-21 15:27:11,2017-11-21 15:36:21,2017-11-23 16:11:31,2017-11-24 22:33:58,2017-12-04,208ff27cb49cb5f4cdbc72c014e184d7,2017-11-21
103555765443ee9231d96d107b9f19ae,c9d5ad5e1bac861b42f3fe9af8c1448b,delivered,2018-01-26 16:15:02,2018-01-26 16:34:04,2018-01-30 14:06:09,2018-01-31 21:12:47,2018-02-09,799bbad94152e4bf5946b21e97d6f566,2018-01-26
f7c061a1028ca02063801272ba6297f2,5fda6f4e454fb946126e9aaffe44739a,delivered,2018-06-10 20:41:15,2018-06-10 20:57:50,2018-06-11 13:24:00,2018-06-16 17:02:32,2018-06-28,a3ec5731f802c5fdcdc174cc448218e2,2018-06-10
3a25cded45c3f7fe9dee01dceed4a97a,277920f3429fff255e648c241b5447b1,delivered,2017-11-26 21:21:07,2017-11-26 21:33:24,2017-11-28 12:44:33,2017-12-12 18:32:39,2017-12-26,e64269d4e5997521884e61069f671fc8,2017-11-26
3faea9ccc65ef88c63119314772b5598,0f2ce860d58a0af36c83ac27a7b127fb,delivered,2017-06-17 08:57:25,2017-06-17 09:05:20,2017-06-20 15:30:48,2017-06-26 13:06:43,2017-07-03,4105645a2e9d4e2452957b11df3a2a04,2017-06-17
8bb0e358b3866146681505153a180c4f,15595427948a23e4ac9abeaae54f9f31,delivered,2017-06-11 16:02:43,2017-06-11 16:40:06,2017-06-12 09:45:03,2017-06-26 16:22:00,2017-07-19,057854159bbc3a0aca93bbecd210c495,2017-06-11
a64f82f41fc81e3678647332227ab689,0f51776dbb5a1682a394339eb85decf7,delivered,2017-07-14 11:27:40,2017-07-14 11:44:01,2017-07-17 17:19:56,2017-07-21 17:04:51,2017-08-08,217c1866bfdb122c1f068b1bbeeedb41,2017-07-14
64834bc188a370357ed08e9eabe5f92e,7f34b35a198ead098d27d13705f084e2,delivered,2018-08-15 22:13:43,2018-08-16 22:10:18,2018-08-22 09:08:00,2018-08-28 22:48:52,2018-09-14,f1fe705bc4a9f9b1508be25a3e4141f0,2018-08-15
f645bae2cdb36f1fd4b912724fd610a4,8c0e35584a0e33e799e4c9113a8d80cc,delivered,2018-07-25 10:10:53,2018-07-25 10:25:20,2018-07-26 09:16:00,2018-08-03 20:32:23,2018-08-08,30601ff4bc10bc566c995c703a463866,2018-07-25
b48b62e1c4a6ba9d0590ea31dc623235,63e940c343435c829ce63950da558d7d,delivered,2018-06-12 13:42:31,2018-06-12 14:05:12,2018-06-13 12:07:00,2018-06-21 16:44:46,2018-07-04,4e52868ca801ed63098753335c0ff17b,2018-06-12
08d55c0e173bdfa5770a50a253b1810f,ae5c099e4280d1e1623790fc42494309,delivered,2017-06-27 10:44:47,2017-06-27 11:04:37,2017-06-30 06:07:30,2017-07-06 14:53:23,2017-07-19,e24412dbb37fcabe11101f614ceed41a,2017-06-27
c774090f7e672d0718f1ea7e9a3a8590,6b3d95268023f35b096811b8834a3d03,delivered,2017-07-06 20:25:32,2017-07-06 20:43:20,2017-07-07 07:23:07,2017-07-14 16:42:12,2017-08-02,07a421ede5046fc7bf8af5609afaa05c,2017-07-06
2f634e2cebf8c0283e7ef0989f77d217,7353b0fb8e8d9675e3a704c60ca44ebe,unavailable,2017-09-27 20:55:33,2017-09-28 01:32:50,,,2017-10-27,21c933c8dd97d088e64c50988c90ccf5,2017-09-27
e2eb25bad1122ea7060e7e1b97feea74,ef115244104b1f97ef5710a0441cab4d,delivered,2018-01-15 14:12:49,2018-01-15 14:30:41,2018-01-19 12:38:54,2018-01-30 15:33:22,2018-02-14,52c247722e2351bcf25b1d759a8a58ae,2018-01-15
154f3e62bb635300cf9a1d6c4940636d,231033b8c1945ce24e11e3db60faf48e,delivered,2018-06-02 00:36:12,2018-06-02 00:52:25,2018-06-04 15:21:00,2018-06-08 18:15:56,2018-07-05,410e1f5d1ba42846c5be7a0c9789b65f,2018-06-02
1d6a2a632c284f1c4fd53baf9e705693,a06cdf060608a4a80705bf5860bc8f58,delivered,2018-03-29 13:40:53,2018-03-31 09:15:08,2018-04-05 00:04:16,2018-04-09 22:42:41,2018-05-03,417021b1b4553c55daa22f17dbf37cdc,2018-03-29
4aae1a10a22651fe5b76379eb4b34d12,55be46c8eddc7c5709f497060094f66d,delivered,2018-05-13 00:03:24,2018-05-13 00:15:23,2018-05-15 13:57:00,2018-06-05 17:08:30,2018-06-04,e14c078d9acd96d722eadaa49d729bc1,2018-05-13
e849e2829de302019ae8bd9924055171,de4c2b462c44197b26b6e596865da44c,delivered,2018-05-16 12:43:12,2018-05-17 03:16:20,2018-05-17 13:55:00,2018-06-06 22:33:07,2018-06-12,341b6946aa6278284d3986112c43def4,2018-05-16
bf9ff7bda0e211e564cf059ef5649e4e,25bd150ede65776445aa57a87edeb980,delivered,2018-06-12 15:56:30,2018-06-12 16:32:02,2018-06-22 20:15:00,2018-06-28 13:17:47,2018-07-19,19e5b71b7be85c9d54c418dfb4088614,2018-06-12
c0fcc74d37e499bd4f73ddca4ffb9a64,adba3dd15f1dde0300416deaf8370c4a,delivered,2018-05-11 13:51:46,2018-05-11 14:16:30,2018-05-16 06:34:00,2018-05-21 20:33:55,2018-06-04,f0b0e449bba201325e533f3f18596296,2018-05-11
8692f02bfa6e672dc1feec8381f8127e,0c5c8c5d9a4416010c6174ee6d8c59cb,delivered,2018-08-17 14:10:38,2018-08-17 14:47:07,2018-08-20 13:48:00,2018-08-27 17:27:52,2018-08-28,3e36d59a55c36aeb0c4c974c3c506246,2018-08-17
ad1ffca90f5325d0f320f2b0f54eb114,535ad20edf8f32252bb8c7786f18df1e,delivered,2017-11-24 16:40:41,2017-11-26 17:16:11,2017-12-13 19:35:11,2017-12-29 14:38:34,2018-01-04,328ecf4ae1638481b5fd47a3d4f10501,2017-11-24
d47849b6270308431459122a2750535b,8541c0582891ea72a5d4ebf29ff85794,delivered,2017-09-25 18:54:30,2017-09-25 19:10:15,2017-09-27 15:38:16,2017-10-03 18:32:40,2017-10-23,b37ea1c605e4fbba11429b0a921d99f2,2017-09-25
49afa8bc01b5b6aa01e875a0785cc7bf,02502a29041f75b4982896ed8ca6e736,delivered,2018-06-10 19:01:57,2018-06-11 09:12:56,2018-06-11 13:45:00,2018-06-22 14:22:44,2018-07-12,319df3f4e38c4bcf9e3bccd1bb504bdc,2018-06-10
1d0acbd3a21cb00b1cede4db748fa0b1,42e6dab95c5c9ff9067a6d954ccdcfbe,delivered,2017-09-01 22:52:49,2017-09-01 23:10:10,2017-09-06 19:06:35,2017-09-15 15:43:38,2017-09-26,74838cafa70beaff741b6f16a4564080,2017-09-01
81b3ad9d86770e51048835a0f288b162,393337d78fbbb29b0418db20ac54bae8,delivered,2018-06-09 10:09:57,2018-06-12 07:57:46,2018-06-12 13:25:00,2018-06-26 00:27:51,2018-07-03,3f6930582cac6bec9a9533a44e00b69b,2018-06-09
5e479fe6d021c55b96aa4799e9046634,690d9e177e7d2a54b8d4ad4c08d2b6a4,delivered,2018-03-21 10:18:04,2018-03-21 10:30:22,2018-03-22 00:52:29,2018-03-23 21:52:32,2018-04-04,0c7360e4c7109f897e18fedcec400ccf,2018-03-21
c4abf2eb2ea936ee6fc6e630b152fb77,d7314e9d240737da330e0f83ac4bd257,shipped,2017-03-09 20:50:46,2017-03-09 20:50:46,2017-03-14 10:01:57,,2017-04-03,0902b91d17bd2b9675664f8a4d6565c6,2017-03-09
3860898db238028285b1e05b5ab31238,2fb25213583070dd575f4d64ceb760d4,delivered,2018-07-19 08:45:23,2018-07-19 08:55:29,2018-07-19 14:45:00,2018-07-24 23:08:38,2018-08-08,43edb5e13058ed02b2828267451ae295,2018-07-19
4254f084673c8b5d85ad824fae3aa522,dc0617ac29c280d79e4e2930274342ed,delivered,2017-08-11 21:01:02,2017-08-12 20:55:11,2017-08-16 19:09:23,2017-08-17 17:51:59,2017-08-25,34ad8eecb58cca3f3fdc65e91c3ccd81,2017-08-11
99c0817d6ecd5fe55d21540917f1f5f9,9ec73448134f871bc7bdfdfd444813eb,delivered,2017-01-26 11:51:38,2017-01-26 12:02:09,2017-01-26 12:33:59,2017-02-01 12:14:10,2017-03-06,89a70a556b3bcb25ed26720f08450bf4,2017-01-26
67d8f4eb477222d7b5b81daa8e007bdd,fb591f7ec5d9419e5a7de2353a87f06b,delivered,2018-05-10 11:15:21,2018-05-10 11:51:32,2018-05-11 09:41:00,2018-05-16 16:36:44,2018-05-24,ebedac088806fe85e8083426d9e952e3,2018-05-10
6082358a7c7ac731b66ba978a6bb4442,74cba9ad182f87192847d942abdd259d,delivered,2018-06-28 12:22:47,2018-06-28 12:35:09,2018-07-03 13:25:00,2018-07-11 13:48:21,2018-07-26,aa3bf249b773d47a88cd191c16152086,2018-06-28
61f4d740ca1d5469d7aeb49f65719f3f,61bb85d582b5ccd1865eda014f0825c7,delivered,2018-08-03 19:03:39,2018-08-03 19:15:17,2018-08-06 14:51:00,2018-08-07 14:57:28,2018-08-08,c958cd11561df1914d60cf6f01875639,2018-08-03
9115302ab0ba4c1f3499709b47bd00a1,123d6a7316b4ab48074d72948fd412da,delivered,2017-11-03 10:57:36,2017-11-03 11:10:56,2017-11-06 21:15:34,2017-11-16 13:58:45,2017-11-24,3b2ae38156cf022ebdaf8a4ead16d30a,2017-11-03
114b8cdf01e21ff5631995283f233d67,cb19b8f038fca823ee236d2b4cb2c4c1,delivered,2017-10-22 18:16:11,2017-10-22 18:28:16,2017-10-25 18:57:34,2017-11-07 19:57:34,2017-11-21,7af00c004c96e4c6ba8ce54c4adcbe87,2017-10-22
1d554a2374156f36bdb7e0e6dbcad2d0,7c5e43a858e70710d676a6f70d4f02aa,delivered,2018-07-19 17:24:35,2018-07-19 17:43:42,2018-07-27 14:04:00,2018-08-02 00:17:47,2018-08-06,1f411180ef22032e1bbf9ec7a94a6ebf,2018-07-19
8afe6304c5643864e2b19153a205ae5e,074d070b1ed0835cb29a609475f41fcb,delivered,2018-01-31 18:29:28,2018-02-01 02:52:22,2018-02-07 23:55:28,2018-02-14 19:48:48,2018-02-16,e6eb6cfd376785a831c39d868572d0e4,2018-01-31
33cfd07a622a67d9cd660aa9177b909f,bab96d089beddb1b1823284d30825a56,delivered,2018-04-12 12:37:01,2018-04-13 12:50:49,2018-04-16 20:12:46,2018-04-18 20:22:50,2018-04-30,f20aa79a6aa0dcc36506e84cb6a6ecec,2018-04-12
1ac4c8f4bb93ff8b5f87ff821298a59b,2680dc46f78c878b1276273e01432bac,delivered,2018-07-27 13:32:22,2018-07-31 04:10:12,2018-08-01 10:38:00,2018-08-06 22:49:46,2018-08-10,95b621869cf337eac6bd9d42bf59c0c9,2018-07-27
5039c86e0392fa512d40a377555e64c3,48b660b079942ad4f15f884ef1a16871,delivered,2017-03-03 00:14:01,2017-03-07 04:15:31,2017-03-07 09:51:26,2017-03-20 09:48:49,2017-03-22,68086630405120fd049f0d41aaee9a68,2017-03-03
062d3e3b803bd3e569cf8c165602f8f4,84d818ae645c84264965bc603b1d173f,delivered,2018-06-25 17:26:38,2018-06-25 17:57:45,2018-06-26 11:28:00,2018-07-05 17:28:53,2018-07-26,b26517697abc966b9d0547f53ccccbe6,2018-06-25
8c62c4d7adc71858b6b2751c0e3b96e8,8183bc209961160c9462b9007e7ae910,delivered,2018-05-07 22:38:02,2018-05-07 22:52:39,2018-05-09 11:21:00,2018-05-16 15:58:49,2018-05-28,bd48312ef3ab7e4e832808c1ca9ad9d3,2018-05-07
89b5845c9341e01e139bfc80ad813feb,294f9b2dd014db206f3af9ecdc0dee53,delivered,2017-10-01 22:30:44,2017-10-01 22:56:13,2017-10-02 12:29:05,2017-10-09 19:00:05,2017-11-10,068bcff7a462c34ec6d5079013687979,2017-10-01
745e1d4a7f8c4b548881788d4113bb1d,7198d7088442e4ddfe553353d8ddc957,processing,2017-11-17 06:34:36,2017-11-18 02:15:40,,,2017-12-12,11160ccb67a77abe36dd062bd2701a04,2017-11-17
5108acfe22756c07a696f4ff210790a8,b8245bf3278e6f2d8144c2b23a0b424c,delivered,2018-05-20 21:48:53,2018-05-20 22:18:26,2018-05-21 14:24:00,2018-05-22 15:13:21,2018-06-05,2e0cd6f7d34ce42c5a047fdffcf275b9,2018-05-20
0e7ad202878ea453373e3ef15835ea33,8422c35d03577f94c15a4eed5504e09b,delivered,2018-03-05 08:58:05,2018-03-05 09:10:26,2018-03-06 20:14:01,2018-03-16 16:18:43,2018-03-28,284f0533e6c79c3e3397c2b185573a78,2018-03-05
fc6b29ae668f5c526464fcd19d62efba,9dc4634838a5ef569c6f8869c55f6dcc,delivered,2017-10-13 11:59:28,2017-10-13 12:14:32,2017-10-17 16:23:14,2017-10-25 17:47:12,2017-11-06,9bed676175d3561a1610ac36f878be37,2017-10-13
11921adcbd013757ba6f287c03929bb4,2ac7740a46d83856d2c51372f27c1d03,delivered,2018-04-27 01:41:23,2018-04-27 01:55:18,2018-04-28 07:58:00,2018-05-10 20:22:25,2018-05-25,6bfc0d51218c164f5d11916e1a102931,2018-04-27
42c99d4e378b852657e71d810ef1858c,13ab4c98a7678b10d69118bb719e57c9,delivered,2017-11-28 14:56:51,2017-11-28 15:18:52,2017-11-30 19:51:29,2017-12-22 00:14:21,2017-12-21,4ea910b8d63f40bd6b598ca7ff64be3e,2017-11-28
38dcebae9b5bd88cd2acd6f8f787336d,66a54b482c7228155b832e63722b6f86,delivered,2017-10-09 10:58:34,2017-10-09 22:26:34,2017-10-13 13:58:48,2017-10-24 19:53:13,2017-11-10,1c9ed81f7bb6e825a13612758cb4442e,2017-10-09
4ceb9336411700f9568db2ef11bda594,60582a6628af83a283474d8c94e3ff7a,delivered,2017-01-19 22:41:52,2017-01-19 22:55:17,2017-01-20 16:27:58,2017-01-26 13:57:59,2017-02-17,e106b0bf1efc2352bda60eaeced76675,2017-01-19
f4f88d0fded20ff7a60fb80ccdd533d2,b891f5d42cbbd6d0d2e82eda1b48658c,delivered,2018-08-04 22:18:12,2018-08-06 08:44:39,2018-08-15 09:16:00,2018-08-20 23:25:22,2018-08-20,aec4d44a02c74d625116e7d94fafd67b,2018-08-04
ee64f23a1a4a4ec65bf0295652f91d5a,03c55d79b75dda6cb2a2f1568708a446,delivered,2017-06-27 22:14:25,2017-06-27 22:31:31,2017-06-28 14:57:58,2017-07-03 15:52:10,2017-07-21,6e890959de98f57e7db8fbf22d3f5697,2017-06-27
695e141b92a0f2bc8a7bff7d621692ed,0e9c3be1592c050d343700ba21b7f806,delivered,2018-05-12 12:33:03,2018-05-15 03:55:47,2018-05-15 13:50:00,2018-05-21 17:08:50,2018-05-29,1c39144d899f035157a7761e319bc3ea,2018-05-12
e2b405a4cccf1e66eb8d2b73a4bba700,6af12e8e6fdd92d3e49abf9eac301d63,delivered,2018-06-02 09:23:01,2018-06-02 09:35:22,2018-07-04 06:38:00,2018-07-09 18:51:08,2018-07-26,8c60a63f751a4c744a3629ebf560041f,2018-06-02
6b82527b954e1c022661d8827cd5ff2f,0893dbf96f705f3a68f0212b3d2cdec4,delivered,2018-01-06 10:44:15,2018-01-06 10:51:23,2018-01-08 22:19:36,2018-01-11 15:39:20,2018-02-14,c366f7bb7c9f735501bc8d64ba2e21e7,2018-01-06
c94206a6d6698d5852b7e9e14bdc2e79,0881e1574aa6b621c551a421297af5b8,delivered,2018-06-25 12:06:07,2018-06-25 12:15:25,2018-06-28 13:57:00,2018-06-29 19:24:41,2018-07-05,18bc87094128bbfe943cf88adcf72059,2018-06-25
2640506a4584f571430195e2fa215406,38f63d5e41d4edd85614e2297502aec8,delivered,2017-09-01 15:33:09,2017-09-01 15:45:34,2017-09-06 19:49:37,2017-09-27 18:25:49,2017-09-27,7b59df9ee77a19f488a09acbcd5a67a1,2017-09-01
e1ccac2f83d9ae0c22cd16e9573c3f5c,d3d7dd13a66c2d1362de5251fdbebef2,delivered,2018-01-16 17:55:45,2018-01-16 18:12:06,2018-01-19 01:22:59,2018-01-25 12:44:53,2018-02-08,9edff4c2e973f86cb82c45cc33485a75,2018-01-16
e16a85342c3b94f91ab4233c71168786,0b0e95b0351bae7addd465ea17e4e4d9,delivered,2018-06-19 19:32:50,2018-06-19 20:16:17,2018-06-20 08:10:00,2018-06-26 22:06:56,2018-07-17,1bdeec4c380b916acfc8143d53a2129e,2018-06-19
5e5c29987bbb83ed38c9b25a753f978f,65060b85a336b487c0fe7d42d64b3b99,delivered,2017-05-29 10:01:22,2017-05-29 10:10:18,2017-05-29 14:47:28,2017-05-31 13:35:46,2017-06-21,8f8447f07ee76dbba29670a88b650e0e,2017-05-29
0d7839b143597f84b086c444ef9ebbe4,6ad62864f75d24638cab4e7bcdd9972a,delivered,2018-06-13 19:47:40,2018-06-15 02:17:31,2018-06-15 11:03:00,2018-06-20 18:48:35,2018-07-04,77d0352364404b096ab0509d4c841def,2018-06-13
2ba9fa7ab61d7528fd77a35c436e7bff,42ebb2540882b272d9e0e452e2464e7e,delivered,2018-02-18 21:43:25,2018-02-18 22:46:46,2018-02-20 01:36:51,2018-03-08 18:48:57,2018-03-12,8d98676709c5683e69a10ff87c84f58b,2018-02-18
fc302964719b32d2f8512770e87ff7fd,ed0031841a4c57502d36d9460a7e23e2,delivered,2018-01-11 21:34:06,2018-01-13 02:08:59,2018-01-20 01:07:27,2018-01-24 16:02:38,2018-02-09,27aedee05bc8e9bcc4da2bae37fd4d78,2018-01-11
5d3459c901e4e1e7b9dd18e09e498131,1fb576ee9524811fa8c09e5c9b6c39ce,delivered,2018-08-22 00:51:48,2018-08-22 01:05:14,2018-08-22 14:01:00,2018-08-29 23:12:06,2018-09-03,b748a37303fb3bc57594cfcaec33bad3,2018-08-22
0fe8aad910ff05e73b0ddb0a89e61b21,100a8d4dd80b65dc63ffb17fdd39ba28,delivered,2018-07-01 20:11:26,2018-07-05 16:02:47,2018-07-03 10:21:00,2018-07-06 18:41:54,2018-07-26,bcbe2558dc57409f13b7c29778952c62,2018-07-01
eca3005a4f60ceb77b67a30b74095ddf,faacaffc169c559921845134ab5c59cd,delivered,2017-07-26 09:09:01,2017-07-26 09:22:51,2017-07-31 13:12:01,2017-08-01 15:07:08,2017-08-08,78fb70b5aa609b4b55c6ef3d0cb51faf,2017-07-26
18bb4acb90913593d37049c601660009,591cb16ea1a6d8f7eebd0a349593bea2,delivered,2018-05-01 09:25:32,2018-05-01 09:56:57,2018-05-07 15:12:00,2018-05-18 21:34:38,2018-06-07,0019e8c501c85848ac0966d45226fa1d,2018-05-01
07a0bc58f3b841724c5b8c649da441d5,b70e717fe0599c3bf2f69725b26fdf8e,delivered,2018-01-17 16:44:42,2018-01-17 16:52:19,2018-01-25 15:39:01,2018-02-06 19:16:30,2018-02-19,cc61ecdda15905388185bfd77969ae72,2018-01-17
1431ee47e31c27528b8ae56b66689afc,5e43c982ccb91984104e2aaaa062e652,delivered,2017-08-09 18:20:16,2017-08-11 16:15:13,2017-08-14 14:35:01,2017-08-15 22:29:56,2017-08-24,a655539d1946324cc7a22fd0085cc384,2017-08-09
b41c4ee949f1983669e38db1f364b73b,e67100bdd7919f11bbaa485e741c48e8,delivered,2018-01-16 21:29:47,2018-01-16 21:38:31,2018-01-19 19:09:23,2018-01-26 20:21:23,2018-02-14,6eda0eb687a3f22e2031dae74269da91,2018-01-16
e0c8a0e62ecd027577c1cfdb38c8f1ee,c77d0b043f408944f858efe328a82738,delivered,2017-07-14 10:38:34,2017-07-14 10:50:25,2017-07-17 14:49:53,2017-07-26 13:33:10,2017-08-09,c66b7ef2ea9e6e2e7b3597f8131b56d7,2017-07-14
be9544c2dfb58675d21a0a735fa1d32a,b0e4880c9456f938411b2aa2bc09aa57,delivered,2017-07-21 07:31:26,2017-07-21 07:42:28,2017-07-25 22:11:34,2017-08-21 22:09:42,2017-08-29,5992a50227b3fba205b0dc1dab14bafb,2017-07-21
731397db58924330b01248c031dc6281,02f0bc4b5ee293031637b7e8d75a5484,delivered,2018-06-03 18:15:19,2018-06-03 18:31:06,2018-06-04 18:11:00,2018-06-10 16:28:43,2018-07-05,089967e5aa13d5ab166c175f555ab0d8,2018-06-03
59dba471cbd7e791c3bb0d83aa705c49,c6de1ceaec9afb41c51b618211d9f118,delivered,2018-07-04 17:15:18,2018-07-05 16:33:22,2018-07-05 12:46:00,2018-07-07 12:52:32,2018-07-17,43ecbcf019723aba3a855565a0f27cba,2018-07-04
797b565b282c371004d602d05ae7d3b2,fb6f154449a5398e2ff6ad8d8c6df862,delivered,2017-10-29 23:11:52,2017-10-29 23:25:37,2017-10-31 15:03:46,2017-11-16 17:58:03,2017-11-30,4ac899cf4188a7f69cde48d82e0309c3,2017-10-29
1e90a410c4be85320d64e5a0cbed9291,7861afc49adafbe05db500f9d1ab534a,delivered,2017-06-14 19:49:48,2017-06-14 20:05:40,2017-06-19 20:14:51,2017-06-23 09:12:28,2017-07-07,3b80d2592c113d689c05232eb90db0ff,2017-06-14
6f54535f38d19e0833f980e4604081a3,c6227a9291e7e9a4fe69b48356d4b38d,delivered,2017-08-05 07:34:29,2017-08-05 07:45:12,2017-08-07 18:27:45,2017-08-18 16:53:53,2017-09-11,fcb2a7889cd93c74402d7156bd4ac7a0,2017-08-05
92ba7c89244ceee45a169b86da9fcada,92ac000d2f928f22b64ae50dc34f652f,delivered,2018-06-06 15:11:03,2018-06-06 15:34:15,2018-06-07 11:19:00,2018-06-11 20:33:22,2018-07-12,c3e5206cdb1a0a23a38c01fe7ba95da6,2018-06-06
0ef89e47a5078a9e54a080d5fa8c9109,4b4be2256ef77aecee551a7a665a7108,delivered,2018-03-08 12:51:13,2018-03-09 12:48:51,2018-03-10 00:21:42,2018-04-09 22:22:43,2018-03-28,985af5bb63fa1d56ea5558469a527048,2018-03-08
9a65fd6f0966e358fbae4d1b54f73ccd,63610193234eccd8f1c33dfc050a1b4b,delivered,2017-05-05 22:10:14,2017-05-06 02:22:17,2017-05-09 08:08:47,2017-05-15 17:12:38,2017-06-05,17607d71527c1aeba58519710396a4bc,2017-05-05
0cb25b24a27e27dd18273360995e99f4,b03b8bf457533ef245fd5fa2681732d0,delivered,2018-07-23 14:37:05,2018-07-23 16:00:30,2018-07-24 13:28:00,2018-07-25 23:36:35,2018-08-02,90149dae3857b44597744541030794a3,2018-07-23
92d1d8203d3deb0f8b536250763d8bca,b74f0b9f1edb86da06a9c032d80fd1e8,delivered,2018-08-11 16:39:54,2018-08-12 16:35:16,2018-08-13 09:08:00,2018-08-14 18:28:32,2018-08-20,a633794cb45ebc2c0aad497a9441c724,2018-08-11
595f598849d89203c28d05d0fbf3f92e,cefab390926b6fc3de3ca94c82ebb1ba,delivered,2017-09-25 16:38:46,2017-09-25 17:10:25,2017-09-27 17:09:40,2017-10-02 20:55:55,2017-10-19,bf635aadfff238fd7e9b0d25e800d019,2017-09-25
f45cb38ce99572f3f71de38bebeee589,7b4205ad0699f380983dfbd2f26f67e0,delivered,2018-02-21 14:54:42,2018-02-21 15:09:51,2018-02-27 16:19:12,2018-03-08 14:10:53,2018-03-16,a87e9657be1c58f418a0e3de07ae6a71,2018-02-21
23b0f3febe2a61dfb83ff0ede848d53e,dca34bd8bd2a65a5344e000b1c730937,delivered,2018-03-11 14:33:24,2018-03-11 14:50:22,2018-03-12 22:56:39,2018-03-29 19:58:29,2018-04-12,5014640d3efef58a7b050e3af74bbcec,2018-03-11
3ecb666eda6d2ebb9348dfc65c32252c,272abefcdb7e7438a251e6c92f1d5873,delivered,2018-01-07 19:59:42,2018-01-07 20:09:29,2018-01-09 17:23:48,2018-02-03 14:14:13,2018-02-05,085927781359b6edec85db5ecd78fae2,2018-01-07
6a5f34bb72296c7b4f4a68b6d742d390,2293c004fae6dedf12d1ab452f89f4b9,delivered,2018-07-17 10:34:08,2018-07-17 10:45:17,2018-07-17 14:36:00,2018-07-23 14:28:41,2018-08-03,d2d872db318c912fdda4f5897e4729fc,2018-07-17
e8b79ed0b3aa49f3a28b6939a3db249f,1bb3950ed1e67c9b3dbd7d7cd32cbff5,delivered,2018-01-19 17:38:35,2018-01-19 17:57:21,2018-01-22 23:18:46,2018-02-02 20:13:16,2018-02-14,078401292a38d006a34bb0c4b31f6e31,2018-01-19
af9ce0d4f36308fcf461b3f497c24bcb,690834a6694434cfb474ee30305154f4,delivered,2018-03-15 09:38:31,2018-03-15 09:50:48,2018-03-21 19:26:57,2018-03-28 21:12:29,2018-03-27,498011a635721ea1682b150ec0d1494e,2018-03-15
639b603f09b7050c96e56cd03703437b,e4e7850c6c310f0ae9d0abbe26b075e3,delivered,2017-05-01 15:01:03,2017-05-01 15:15:16,2017-05-04 12:02:43,2017-05-16 05:37:50,2017-05-23,ff86fefe11696b1e957173516339bcd8,2017-05-01
e82a48563b753b7df504aba7e01f9faf,bb2c348088e3c1e8d0a922796243a460,delivered,2018-02-09 21:00:12,2018-02-09 21:15:24,2018-02-16 00:22:33,2018-03-05 22:37:41,2018-03-02,0dda24b8a802f6876acc46861ea17903,2018-02-09
81f2ee7669eee05b13906d24d43ebc69,7b0fc6ecc532642ffce9a191715e3faf,delivered,2018-04-03 09:40:44,2018-04-03 10:28:44,2018-04-05 22:31:11,2018-06-01 19:56:25,2018-04-13,ac655882b54449ebf0a37d604d15cb74,2018-04-03
0a0e7f9881dffec612b28e2682242574,2df6fa407bea6af2e165b3dc8355d382,delivered,2018-02-22 09:09:51,2018-02-23 02:15:48,2018-02-27 13:13:46,2018-03-18 18:46:48,2018-03-22,7f0b669932ffd8ac97d38b4dec098e47,2018-02-22
f7851f9eb3d5ff0bee53bae976c77c8c,e1ab4ef68ece8b47262868ad281707ea,delivered,2017-03-28 05:56:01,2017-03-30 02:16:08,2017-03-31 07:56:46,2017-04-06 12:42:38,2017-04-17,2e235c20dbbb4ff8df5506f0c3592c78,2017-03-28
bef901b8ca3d5b75c2031cbd303e88cc,97f0b42943a89b0d5af2e2924481a1b4,delivered,2017-12-06 23:15:45,2017-12-08 02:54:14,2017-12-11 11:32:49,2017-12-17 18:23:39,2018-01-04,889ca357651222fc08560aa20b75f59b,2017-12-06
15ade2c7daaa01c998220a2035dd43dd,9d9e0a32046baab34af9079307a57062,delivered,2018-07-20 21:19:31,2018-07-20 21:30:48,2018-07-23 15:31:00,2018-07-26 21:38:48,2018-08-13,9f209af49a8a6e3383f55c0eda2e705b,2018-07-20
7dbad9087d339419eb06d86950842742,aa738cdb72af39e38482fa25b992c67c,delivered,2018-03-09 19:41:23,2018-03-13 04:30:37,2018-03-16 20:42:33,2018-04-19 00:44:44,2018-04-12,79f6bb4f638b4214ad8d62d60148a280,2018-03-09
164f61f77f7f2a8c90a1e382606d53ba,7b97118bf4df712989568f4b46c0fe88,delivered,2017-11-28 00:06:53,2017-11-28 00:31:53,2017-11-28 21:31:49,2017-12-06 18:03:08,2017-12-18,33b08ff5fcb0b5bc8d8b9f106bbeca89,2017-11-28
7a10cbd9fd10b327d327b5efa5b57ad0,5acf0280b9d077d2f2e0e994a64f72ce,delivered,2018-03-12 10:05:10,2018-03-12 10:16:18,2018-03-13 21:18:47,2018-03-22 00:11:53,2018-03-29,58fba8b579123690f22f1e0a8cbb8152,2018-03-12
c8edbac1d727757b8d8a2fc13303d040,44e70d6accb4fa0246075d5b92350113,delivered,2018-02-23 14:09:39,2018-02-27 05:30:59,2018-02-27 20:22:04,2018-03-07 18:26:40,2018-03-16,370f54b7e98dc8ba4cf2b0cfb96ab01d,2018-02-23
43f312594026fc6c67ccf619afe600d1,5cf1b1745fff59660522b4ff7b475374,delivered,2018-02-20 18:03:43,2018-02-20 18:10:28,2018-02-22 00:52:41,2018-04-10 11:35:49,2018-03-21,607eabaa3707bbcbb4313d9d3c81d385,2018-02-20
bc9bd5e4ac265b0e6cac08b3019798eb,b97527f774f4348a051175eefe8e7047,delivered,2018-06-24 19:03:34,2018-06-24 19:20:23,2018-06-25 11:42:00,2018-06-28 15:18:51,2018-07-17,e91d99078659be9b7b474bd69cb53ac3,2018-06-24
a9016dde97a6a447890dd748aa844b85,75ff064e942910b72e1ab6ddfabdda46,delivered,2018-04-25 16:06:04,2018-04-25 16:53:42,2018-04-26 12:51:00,2018-04-30 13:27:36,2018-05-16,4b40745dcdd2de6de0af5e206d8ecf8b,2018-04-25
1887b26eba419ce20f6fe34a6f88e80a,23fe51c9d4d1b1cef50c57b3c0babf5e,delivered,2017-04-28 14:20:07,2017-04-28 14:35:15,2017-05-02 13:39:21,2017-05-09 14:27:05,2017-06-01,00ac9cd5c4ad19e16e7c6f6864711737,2017-04-28
a9240539eed71e70690ea5a026f9f419,93f44a625d614fc2af27b2bd4ce2874f,delivered,2018-05-05 09:42:51,2018-05-05 09:55:20,2018-05-07 13:55:00,2018-05-11 17:56:56,2018-05-29,a5a169a9ce0d3f227bffba6810abb8b3,2018-05-05
70265e39902a914077a038864209d3c6,170724a3dd2c3b4b4e82955564e85f1d,delivered,2017-07-28 09:35:08,2017-07-28 09:50:15,2017-08-10 23:04:42,2017-08-16 19:46:54,2017-08-25,28c7e3fb75d7ce1e496dc539443b71da,2017-07-28
b7a6a74494a5f76ac5f74bc9c1327e5d,10c26a978ab664c211c871097f285a93,delivered,2017-05-24 13:48:28,2017-05-25 03:15:17,2017-05-25 11:46:49,2017-06-01 13:52:43,2017-06-22,8a6ba6b413007e4b09dbc526503cb9d4,2017-05-24
00a0116ff15ff973ea16bee881208ae7,89a187407adfc8a32a4d6233a6a237d8,delivered,2018-02-18 16:22:23,2018-02-18 17:27:05,2018-02-19 18:22:53,2018-03-03 00:38:50,2018-03-15,c7e193525b2825ccfe5c65875c0db1dc,2018-02-18
f55ebd23aed37969b6b05ae64bb1f034,f5d89a35cb6ce8c1e7ec7ac20c45f9bd,delivered,2018-06-06 13:51:26,2018-06-06 14:35:08,2018-06-07 14:17:00,2018-06-13 17:41:42,2018-07-16,fad4e75a3262e68a4aa82516bf68505f,2018-06-06
326247b4caae19ff40a5b56cb9534c6f,9fe7ac7180ac1ee5482b89b07f7b7737,delivered,2017-09-22 19:17:04,2017-09-23 10:44:20,2017-09-29 17:42:56,2017-10-04 16:53:02,2017-10-10,86eeac369ea14ddf7a454a0ce003e5c6,2017-09-22
30f0086bfe1b046a524f8acf1d3eaa11,0b9a25915090ecc0db112277977fc2cb,delivered,2018-03-27 14:58:31,2018-03-28 02:48:01,2018-03-28 18:48:45,2018-04-10 16:12:40,2018-04-23,88011e4997978a92a1d851b267f0038d,2018-03-27
b9499283a775ccfa9da92e6e75e9b4b9,d66a67d5008715c5d0fc4c106d596974,delivered,2018-05-26 21:46:48,2018-05-26 22:17:28,2018-06-06 12:57:00,2018-06-21 14:28:17,2018-07-16,b672b6270a0ec1cc5c33b9e2e84c785d,2018-05-26
651bd7286b2e17e1e3ea7b644870e429,f4f2d12420b95f9239bcda119491f2d4,delivered,2017-05-13 17:42:39,2017-05-14 06:35:20,2017-05-17 09:32:15,2017-05-23 00:30:05,2017-06-07,c5f0ff72edaa56e5e8eb0456c3c97ecb,2017-05-13
ca621c614abfc6d64f4a093ade1249b9,c4333f782a96190eece0b2e3321f4f7a,delivered,2017-08-14 10:00:44,2017-08-15 03:30:43,2017-08-16 12:26:54,2017-09-19 17:53:50,2017-09-12,bc27afa44f5b67b080ab4ba3851a162d,2017-08-14
3821dc9ac1b25bed42324d0885b0a930,dd3926dff45a3459c4bdac0b58a2a0bf,delivered,2018-04-17 21:01:58,2018-04-17 21:15:10,2018-04-18 18:52:45,2018-04-23 18:01:57,2018-05-09,923bbadc05e0de833a6ea5e3d546c4d0,2018-04-17
a6fe431baa19e8ce94388a492ac80d35,52fe8f0d46227cecc08e692dbe3c16fa,delivered,2017-11-21 18:37:11,2017-11-21 18:47:28,2017-11-22 19:04:47,2017-11-24 19:21:10,2017-12-01,f098fb162e43b4018ec692ecdbb07cf1,2017-11-21
17ab3523ccdc39226b04bbdd9bbceaad,5c16ae152bd6d026801d16d806b3eaf7,delivered,2018-02-17 18:53:56,2018-02-17 19:10:25,2018-02-22 20:38:08,2018-03-09 19:58:52,2018-03-19,ff6bc862428c6016d6fef5995491ec81,2018-02-17
91db217544d0eac98354b11f2f35abcb,c421c11493ae12b2aa0d0e455f015299,delivered,2018-04-29 22:10:21,2018-05-01 05:43:49,2018-05-04 13:17:00,2018-05-14 22:35:00,2018-05-22,15c9f1f3d32d5226f79571a100a8f7fe,2018-04-29
97a00daa2a648f9c4b0493e937928b72,e86cb194c0a0517d578d5c412e2aaca6,delivered,2017-10-20 09:51:39,2017-10-20 10:14:20,2017-10-27 16:17:29,2017-10-30 18:45:58,2017-11-01,ef882a6d4c534617972ab417947a77c1,2017-10-20
73eb70779d3a8a4647f8ccf9c43d2623,7bf43e2d079beb839eaff3937bb6fe81,delivered,2017-05-02 21:03:22,2017-05-03 14:15:23,2017-05-05 11:32:48,2017-05-16 12:43:05,2017-06-13,a5baa76c04eea8a1a3c199cb05abc4a2,2017-05-02
a222e8f1ab02211d0f1b3e374c5e689e,7348a806fb57deff7842f83e1a890931,delivered,2018-03-05 11:09:55,2018-03-05 11:29:40,2018-03-06 00:22:30,2018-03-12 18:56:23,2018-03-28,cfbde95e3c8da168d469f2a8fd9eb329,2018-03-05
d010facca14d57e997bf54e52f0ea03b,fa8c1b0cc3867a62150b15d907f94382,delivered,2018-03-19 19:35:39,2018-03-19 19:55:33,2018-03-20 20:41:26,2018-04-04 19:16:39,2018-03-29,a3f90ba3fa24d9ec5cee857de2f2e92b,2018-03-19
b545ba7b0bd67a3128185c7214704319,7e2ca73af071679902a9ba14d7c3cee8,delivered,2018-06-11 14:59:24,2018-06-11 16:31:42,2018-06-12 14:15:00,2018-06-18 16:41:04,2018-07-04,55020cb68ae358a51969695657a54e9c,2018-06-11
876309add96f9d84db9b2379de836323,a12dfb063d9ba1e0e2f7485b9a7d8987,delivered,2018-03-28 22:51:34,2018-03-28 23:07:34,2018-03-29 16:07:09,2018-04-20 20:06:45,2018-04-26,b0ff65b2616bd5d0412b771e2d77dfff,2018-03-28
4b7836c7fde2f69b09ca54addb676d28,5009c471461106bdc79fe8333e03a7a5,delivered,2017-04-09 17:54:27,2017-04-09 18:05:15,2017-04-11 10:35:23,2017-04-18 12:51:41,2017-05-15,97d5a3c222d46b035442bcbcd810d54d,2017-04-09
f3edc53c0e5bd4a11ddd437dabb01c6b,94fc05ffa6e43f8e072734e06e50e568,delivered,2018-06-30 12:53:33,2018-06-30 13:10:23,2018-07-02 14:40:00,2018-07-05 17:33:04,2018-07-31,e4efc3b55060412aa551053c35f581f4,2018-06-30
c382d84d35f4d874b1f1c372f4bde27c,59168d27c5da6a50e3d1f03d482e80b2,delivered,2018-07-20 09:42:40,2018-07-20 15:05:22,2018-07-23 11:53:00,2018-07-27 11:54:15,2018-08-14,393c2ace23a135d0bcc7e70167448e16,2018-07-20
14d5fd67132f83c0c8a9e241e4a7d4dd,f59c3b73fe7833bf53a1be19a6f17c81,delivered,2018-08-04 13:42:44,2018-08-04 13:50:20,2018-08-06 15:05:00,2018-08-07 20:08:51,2018-08-09,f9a2090a26802e418b4ea39294bcfa98,2018-08-04
66305a754211cca47c3a2a59addf19ba,a629686911e06a8876b4b570375c1710,delivered,2018-07-26 13:59:29,2018-07-27 02:10:13,2018-07-30 13:48:00,2018-08-17 12:41:34,2018-08-21,5c3914b94ee76459cbcc768f1bd2dd0a,2018-07-26
4bc02ff9a093f3cc4119a960969f5f74,81e002e37c83087d148d2062bb1ba395,delivered,2017-09-06 20:56:29,2017-09-06 21:10:11,2017-09-08 18:47:38,2017-09-18 22:51:39,2017-09-27,0efdde54b9e08d009874be9231dfe635,2017-09-06
ba403fc6762185ac676fa515ce2b1afa,c9444a4e408930bdf5341d081def10d0,delivered,2018-05-17 07:39:35,2018-05-17 08:36:21,2018-05-17 10:30:00,2018-06-05 13:48:32,2018-06-13,5a4ac8dc137c5010a2845fc89f2ccd67,2018-05-17
c301f64860cec992f8d9c532fb00f867,7cd7d781203890be0d18accf75bd90d5,delivered,2017-10-05 03:54:42,2017-10-06 04:05:54,2017-10-06 17:55:21,2017-10-13 23:35:45,2017-10-24,55dfea89540867cbe96091b82db0cb06,2017-10-05
504ec2b6f69e898c557955750272d563,ba0a799b8a7b0b1a1ac522a0a8839bff,shipped,2018-05-07 21:43:48,2018-05-07 21:54:31,2018-05-08 14:17:00,,2018-05-21,22c8d7801061f27eff57f37ac4ef10e1,2018-05-07
78ab727370e07aaf73b362897c8c6e3d,e8fff6456a357707eba84dae9ef01dd5,delivered,2018-05-16 14:15:12,2018-05-16 15:19:21,2018-05-17 14:36:00,2018-05-23 18:31:41,2018-06-04,ac3d0170d3ca79e7512a06a516f4621d,2018-05-16
edddb585a5c894ef488568334c567e2e,80b86a02fc5a84c2fe32d9884a5f02f1,delivered,2018-08-13 14:34:31,2018-08-13 14:50:16,2018-08-14 13:31:00,2018-08-21 14:32:45,2018-08-27,0688198ee392c92540c81f5a3f2b3655,2018-08-13
d0935e6fe51f0d5724f4759cfaa8caf3,03dcea146dfc2ccacbc079ee9a669db5,delivered,2018-03-09 16:41:08,2018-03-09 16:55:34,2018-03-12 23:23:24,2018-03-21 17:38:35,2018-04-06,61bc6c4a059f69ea37ec1fc5abfca27f,2018-03-09
193f92153e2d2dc57d0052176ef585c0,8a19afec74d4f1f9cb69fe402d98c3b6,delivered,2018-01-20 12:31:43,2018-01-20 12:50:57,2018-01-24 16:14:59,2018-02-10 01:13:16,2018-02-16,076fae3f09eb7ff1b41f2dcbd96e867f,2018-01-20
a8c3124b7f912401d702018ae0c02b05,3ccb27f9c7ee205656acef98c19fc061,delivered,2018-04-16 20:46:53,2018-04-16 23:12:05,2018-05-08 14:04:00,2018-05-16 00:22:05,2018-05-22,f32cdbbeca0aba5358bddc018dd12b09,2018-04-16
62b2adbcbcf4e28df4b998bfb094f3f9,16474d0d0fb3c08f805bc4de00cea8c1,delivered,2018-07-14 16:32:00,2018-07-14 16:50:19,2018-07-16 13:48:00,2018-07-23 19:01:30,2018-08-15,12d9e338f349a4d5ba7ebedf1f93b26f,2018-07-14
70c63ecc0f8619ac9ebb83fd52466e64,2e9a3c93d2ff06bffa5cfa7201ab1ec7,delivered,2018-06-29 18:39:21,2018-06-29 18:50:24,2018-07-04 15:18:00,2018-07-09 15:49:46,2018-07-27,ee053c87e7fb771f1326ad7f8592c28e,2018-06-29
c0d0691580b4aefa924ed59260eb09d0,46e2d6b50f8e37ab99e7f2aabcab7b3a,delivered,2018-07-24 15:43:53,2018-07-24 15:55:18,2018-07-25 11:59:00,2018-08-03 17:22:29,2018-08-13,a00e38794a6b0c88f86ebedb6b68c8b9,2018-07-24
c17b377c10026e36286772008451d021,5a62330b90ef93e8730dbb18880b08af,delivered,2018-02-01 10:02:13,2018-02-02 02:53:45,2018-02-03 10:33:38,2018-02-14 18:08:23,2018-02-23,14885ec3a15ffa02b8dc0cb52748ef9e,2018-02-01
49e809b11c0445fb0229f28378d3d30d,a5fb3b16bcb08fb9f1290f225390b829,delivered,2017-07-19 13:37:59,2017-07-19 13:50:21,2017-07-26 15:37:45,2017-07-31 18:29:56,2017-08-14,0f5974d48b53c84eab42f27ff30a4bcd,2017-07-19
97012c3a032fb57d51f04669419f5a49,a3462eb52c92ce66a03f2eb65b58de6b,delivered,2018-03-18 22:01:30,2018-03-20 09:30:42,2018-03-21 18:43:42,2018-04-02 20:38:32,2018-04-24,ae44510fbe1ff7826298182f9f21aee9,2018-03-18
7afbe6ef708d0ae150028f52512230ad,f80a9faaf4e610c5a191d4c5d19412ce,delivered,2017-10-01 21:55:31,2017-10-01 22:07:25,2017-10-02 13:58:04,2017-10-19 22:14:05,2017-10-31,32e798e44d5d6847c29700f4fd81c67f,2017-10-01
b2ec82a4b2d9bf24fc1f5ba0e4883bdc,9fc24442b2e31121b7c8907d33253b97,delivered,2018-06-12 12:21:41,2018-06-13 09:00:46,2018-06-26 12:52:00,2018-07-04 20:32:36,2018-07-19,a12fc54cae982f13145a7c826cce10a1,2018-06-12
9d033f810cbd1a45838c0d451bbae981,5366b0fd8d98481e724d2c25b0f6be0a,delivered,2018-04-20 13:07:56,2018-04-24 19:04:06,2018-04-25 04:12:51,2018-04-25 21:12:10,2018-05-09,53c26d4cc00e6fe479057e894b7c1805,2018-04-20
c6094f6ab0c25eda761622ab09aa423d,69ee62ecc8d2937fca0e1a3d4de5a2ce,delivered,2018-07-25 10:16:15,2018-07-25 10:30:20,2018-07-26 14:31:00,2018-07-30 17:29:34,2018-08-22,9b82602fc3e9a153752f16553752d58d,2018-07-25
6b9b73174454a8a1b0a255b448f5e5bb,84d9369e3431d2b768c1e80c9678041d,delivered,2017-07-05 21:14:49,2017-07-05 21:25:17,2017-07-06 13:23:24,2017-07-12 21:47:59,2017-07-27,efa0f03926c32196b7872e25a183ee84,2017-07-05
0dbcaa88e213607d3795e96eda505c73,0018c09f333634ca9c80d9ff46e43e9c,delivered,2018-07-01 18:07:57,2018-07-01 18:30:25,2018-07-03 14:55:00,2018-07-07 15:47:40,2018-07-20,688bb6776d5f885e4b46d4c4bac240c2,2018-07-01
0a0ae1b561eab534493c5588efc5169c,090ad6d0d50a83c661a31538f2642cdf,delivered,2017-09-15 12:57:46,2017-09-19 03:44:19,2017-09-21 13:49:53,2017-10-04 17:49:06,2017-10-05,1c23e9b21cc43e6f701683d23ab22360,2017-09-15
02c371100bf54facae80322579c7fefb,ad6f2686bc9a43070103abf4021c6e35,delivered,2017-11-07 02:55:51,2017-11-07 06:31:37,2017-11-10 19:48:03,2017-11-16 21:07:58,2017-11-21,57687546c853c106a30036e7c483dc7d,2017-11-07
413158eae01863d8624661dc2aafcfce,ae93d71344619ff965081e7e57c94788,delivered,2017-07-29 02:05:15,2017-07-31 17:15:21,2017-08-04 12:34:15,2017-08-15 20:18:43,2017-08-22,eca3a8926046168aff9d798845a45446,2017-07-29
ebb9d61c0744305e9172b4265468c17b,d8d9d264aaf6573952ccd477cbd47d87,delivered,2018-08-02 18:09:34,2018-08-02 18:43:49,2018-08-03 14:52:00,2018-08-08 13:39:34,2018-08-22,ff49bffe330079cba69c36c1dd40ea9c,2018-08-02
85df002ba0e8668b282706e73132a0e5,0bdca8cf66b7d24237c048c8992a8b7a,delivered,2017-06-07 21:13:15,2017-06-09 02:23:01,2017-06-09 17:25:56,2017-06-19 14:52:00,2017-06-30,82e234f722a0424865f264e825423f24,2017-06-07
53f3f52eca823461e5ee857dd46fb101,00ee08bd4046a080a8ec38c5e0937372,delivered,2017-10-15 17:27:14,2017-10-15 18:08:12,2017-10-16 15:38:48,2017-11-04 16:42:17,2017-11-10,5efe3bb2ff056a6a0f2370818502daed,2017-10-15
1e01369b33244af82c1b44d7359da3dc,0c11fa556f26997671eaeb09e029bc73,delivered,2018-05-06 11:40:23,2018-05-08 19:55:36,2018-05-11 14:53:00,2018-05-14 20:02:44,2018-05-21,445303938ffc592a9c9db7dacb942a25,2018-05-06
1ed9fe02b5d745a3397a33415ecd5577,0603e61027d99341d08fa2c64fdf5915,delivered,2018-02-16 20:28:41,2018-02-16 20:46:41,2018-02-19 17:54:45,2018-02-26 14:08:46,2018-03-15,807296d62da788dec65e395496233222,2018-02-16
4d8a7251d3f4f82c05c207b52ccd25f3,6ee76c3941b644506c8dc73861add1d9,delivered,2018-08-11 18:52:46,2018-08-11 19:05:20,2018-08-13 14:22:00,2018-08-17 17:04:29,2018-08-27,6f7c6c8b6f6589599907dae484d21d54,2018-08-11
9320275e627cc0d374f04e77e1ee2f0e,369a3bfbe0d193b57a6906b4f5f93d8e,delivered,2017-07-24 19:22:18,2017-07-24 19:35:21,2017-07-28 11:19:46,2017-08-14 15:31:47,2017-08-15,f36f76de5290df0bae563f9cdccffeb7,2017-07-24
970bbf79974ba1ef73cc21ee6fe52cc6,7b7f18d5f94e3c25bd66ec35e87383f0,delivered,2018-04-03 00:05:04,2018-04-04 00:09:24,2018-04-13 18:05:51,2018-04-18 23:48:32,2018-05-04,02b6ef845021b8fefe19c8d200f3ee06,2018-04-03
a3f03305225173eb1cf3ea5eeb32e583,74e3e653fa67f92300809f4369b0f8de,delivered,2017-08-31 10:45:07,2017-08-31 11:04:36,2017-09-04 13:14:59,2017-09-11 18:58:50,2017-09-20,7bd29d20a3652dd52bcf8c29f858709c,2017-08-31
7f6ad013a5d4f135c074e96bfa4de9a3,bb78e1ff2a9e97842dc581fc896e161c,delivered,2017-12-22 22:02:12,2017-12-22 22:11:22,2017-12-26 19:57:43,2018-01-09 20:54:08,2018-01-19,0fdfbef2ae337480fe00523dac271cb3,2017-12-22
fb797aee19d1e438385938cd482027bb,62383c983441809ec8977c644dd37a54,delivered,2017-08-08 10:46:08,2017-08-08 11:04:09,2017-08-08 15:59:35,2017-09-05 18:53:02,2017-09-01,ee98818c6687d02e43557a4ea0178b2b,2017-08-08
77fc7da5ef4df2c48276ae832072dcf1,a260ca264a1787a1842ced2735bff664,delivered,2018-01-07 22:52:49,2018-01-07 23:07:11,2018-01-08 21:10:13,2018-01-09 15:57:34,2018-01-24,9935b7e2683de890a208026f020e54d3,2018-01-07
49b9d47f2bb04361f15cf1537390dd60,fb2b3d5e34ae153e59fe64aa930e01d5,delivered,2017-02-07 21:32:58,2017-02-07 22:30:16,2017-02-08 09:10:12,2017-02-24 10:42:09,2017-03-22,b3d6eae7841038cd56fcb6f8f773d684,2017-02-07
f09d0203a51785e9ba9279607c38958c,90abf5b0ac7c7b7bb763da066ca7e60b,delivered,2017-02-13 13:00:36,2017-02-15 02:45:08,2017-02-17 16:03:20,2017-03-06 10:36:41,2017-03-16,e048d4f04bde3e12f337cf38d680345d,2017-02-13
d8e44f5b26cd539b50d9be42ecbe5d92,6e58debec4d82dd7dbdc9efdaa2bc43a,delivered,2017-09-11 17:58:12,2017-09-11 18:10:26,2017-09-13 19:13:39,2017-09-15 19:23:25,2017-10-06,1d7f4a786618ec8e4aaa51733bc96dba,2017-09-11
b6b7ebd3ab897684bb22eaf084f8f299,073b17ed858e674f538ce7dc938c8e5c,delivered,2017-12-16 00:46:18,2017-12-16 00:54:52,2017-12-18 20:03:12,2017-12-29 21:12:33,2018-01-11,e0233c751408137ec5cdde0c37e6a61a,2017-12-16
4a1340ea38a829e0ea96cd19d7a0f951,88d808f3083f22381023e9dbb5e99751,delivered,2018-01-21 08:10:23,2018-01-22 13:44:04,2018-01-25 15:47:44,2018-02-08 14:07:22,2018-02-14,3edb4054ab915a9e3ff74ec855f40c41,2018-01-21
ad42f04485e4f6eea616c0cdac1db05c,6aa762e5f01eb065661799c936a23487,delivered,2018-07-31 11:28:37,2018-07-31 12:31:17,2018-08-01 14:00:00,2018-08-06 14:38:36,2018-08-10,dbddd2b790d224a5043cb1a76046fcc7,2018-07-31
1a9a9700a3759028691f3af38138e3d8,6707f7d56127b258c3a93068d0f9394a,delivered,2018-05-20 14:52:56,2018-05-21 16:14:04,2018-05-29 14:04:00,2018-06-06 19:28:57,2018-06-11,10903bb91fbe71e98f0c18940fddac03,2018-05-20
b574f97b093ad4bc022f420344327e12,36d39e3b372efc3bbed5188c23d0d1ca,delivered,2018-03-04 11:13:39,2018-03-04 11:29:19,2018-03-09 00:25:34,2018-03-29 20:45:37,2018-03-23,3bd08ce268152ada1de9eccd7d7e0911,2018-03-04
9be42eec91e05104d84b81e71a9e6b81,89232b00f62b63711ba3be0c01a172b0,delivered,2017-10-30 19:03:45,2017-10-30 20:31:37,2017-11-06 22:03:14,2017-11-08 00:14:44,2017-11-07,73d7c87d44af686f20f4c826c19f73bc,2017-10-30
913ed16681197337e68e936fc28b8370,42a17b496d860f35546c295e70f516a7,delivered,2018-08-03 00:00:21,2018-08-03 00:10:34,2018-08-03 11:38:00,2018-08-08 00:48:42,2018-08-16,fcbcbb80c8909bb456bb6b3bc1bc283a,2018-08-03
e1215367814d0d82c496bf4c6b2ba6f7,fc39afc06082ea33d82e5c4b4c6e94d5,delivered,2017-04-13 20:08:10,2017-04-13 20:22:03,2017-04-17 10:50:46,2017-04-20 15:54:00,2017-05-09,a5c806ebe5b25d0ab1e7f0da0e17d6bc,2017-04-13
bc52f8f79c3a17b6fd6fff5c63212940,8ea2a72106ace564cfabf220f79491ca,delivered,2018-01-21 21:07:51,2018-01-22 13:59:32,2018-01-26 17:12:21,2018-01-29 20:32:48,2018-02-06,c87b3c3de04773e493cdf8ef030e50e9,2018-01-21
3735720b8c1cd4212fa0866a8e58a049,94af59d9cac1ae1976312584f628ef6f,delivered,2018-05-16 23:08:51,2018-05-16 23:55:11,2018-05-17 11:58:00,2018-05-21 20:50:54,2018-06-20,c64199b55f928b9302b63c4f9d841fcb,2018-05-16
bb24bc48ede5999f7be893f8d0024291,9b605f1eacf9a8ba0a7902464d6c884f,delivered,2017-08-13 20:31:03,2017-08-13 21:03:57,2017-08-16 19:49:03,2017-08-18 21:29:57,2017-09-01,4c4019424201b623e1aa1a7fa822d326,2017-08-13
74e033208dc13a7b8127eb8e73d09b76,72fcbb1145f2889eddcba6d6c1d6c090,delivered,2018-05-02 10:48:44,2018-05-02 11:13:45,2018-05-02 09:49:00,2018-05-07 23:06:36,2018-05-29,0408706c63edeca6b44b24f6f077aa47,2018-05-02
bf4f937c279d6f44c375450523ee9383,24fc6ae10363187c6761d4f8ad137cf7,delivered,2017-10-06 08:32:49,2017-10-06 08:49:11,2017-10-09 10:10:05,2017-10-13 16:09:35,2017-10-30,f6139ab3e9e9100d5210dc8467c38663,2017-10-06
2c9bc10b715272770d51948b929485f7,2ca9b081fd8cf85263e827dffd02446b,delivered,2018-05-03 15:12:22,2018-05-04 15:10:22,2018-05-07 14:20:00,2018-06-07 20:03:26,2018-05-29,113271b647a5f12bd3f41c1e37f78c1d,2018-05-03
554ed79a85b56443912252c580b0ad02,68f20e749722e81e95a294b21b2763b5,delivered,2018-02-24 17:02:37,2018-02-24 17:15:32,2018-02-28 15:55:27,2018-03-17 00:08:35,2018-03-22,919a862b7515e8ad7dc8bfe5f9b327fa,2018-02-24
5596ba1b51a8d6801a60712a250471a8,c38477a5b6ae3d9b123c14c74e258210,delivered,2017-06-16 15:16:41,2017-06-16 15:26:39,2017-06-17 09:17:29,2017-06-19 21:18:44,2017-07-11,59654be810cae5761b11ae6b37ba187b,2017-06-16
a2bbb88a8a7ebfa655f9172b60fd987f,cd4caa9c8a2fd5517470fe1f3360b969,delivered,2017-12-03 17:04:39,2017-12-03 17:12:32,2017-12-05 19:03:52,2017-12-16 12:47:57,2017-12-28,a622d011cb10060dd3ea9132c44f405f,2017-12-03
43f9a3d3e9d95525bfce717e31f72a56,b003d09f32a12bcc00b6ca04d46554e6,delivered,2018-07-11 00:13:33,2018-07-12 03:10:16,2018-07-27 16:27:00,2018-08-04 16:15:46,2018-07-30,e6b34658d05806bc09a58a9b0814e93b,2018-07-11
68553e9e7b2c06807226ff348142d3ba,8d8ae08c6a8561cd5e932281b2b53855,delivered,2017-08-20 14:51:52,2017-08-20 15:05:14,2017-08-22 19:38:12,2017-09-01 00:23:26,2017-09-22,d48638d3446e1d1556b850fdc3eeda8f,2017-08-20
f44cb69655f8e4d13e7aae7cdd3d3c25,eab62436056c6ce3853a17dd6892951a,delivered,2018-07-13 22:22:57,2018-07-13 22:35:20,2018-07-24 19:07:00,2018-07-25 14:03:41,2018-07-31,979243d8d465d002397d1e5febd19a31,2018-07-13
f18eb4af9b5b05f1b47b1cb4e4abe4ba,7ba45738393d29e95932601bd28031bc,delivered,2018-06-28 00:27:12,2018-06-28 01:15:16,2018-07-03 14:29:00,2018-07-05 22:17:57,2018-07-17,61cd1aa2c24f2dde3e451da8d049fd81,2018-06-28
14bec9a20933b219426d500ca2581dc4,b6e2d2a4ace19ed16fa851d6c9677487,delivered,2018-07-29 15:36:28,2018-07-29 15:50:17,2018-07-30 13:44:00,2018-08-10 21:43:20,2018-08-13,ed770d411ea2e927e3b2dc575c0ca653,2018-07-29
0ec76bccb5366815ac1be29b90db03c7,376085f5d0619f4cc1ea6cc1eb6663d6,delivered,2018-03-02 19:33:49,2018-03-02 19:48:54,2018-03-06 20:04:33,2018-03-29 21:58:54,2018-04-03,f3fb635e8df1903c48444b195d8d4b76,2018-03-02
2380ca3ffd1097862f0f1f9b8f7c566f,731723e171b17d3d3d478ea3a1f4151d,delivered,2018-05-12 13:38:34,2018-05-12 13:54:45,2018-05-14 12:42:00,2018-05-23 17:32:53,2018-06-06,040f8dcf0a86b8897aaa4eb25e49830f,2018-05-12
1c57302ee71281562fa44bc88283e3d1,601b800732110a9e3695e9c454bfa828,delivered,2017-11-30 08:13:06,2017-11-30 08:19:23,2017-12-06 19:49:03,2017-12-18 19:57:24,2017-12-28,8a11981cadf7feaab34826f59a3185c6,2017-11-30
fae78da81b7ad4a5389732f61e0264ef,90b17430567733d3e005cc92466c213a,delivered,2017-06-06 18:10:19,2017-06-06 19:15:15,2017-06-08 07:49:57,2017-06-19 21:22:25,2017-07-17,78791713501b5a7de9d65ff42dcdb016,2017-06-06
ceb992824b749348734de15eaca939ac,93516ce404b65731cecbd93db7392d33,delivered,2018-04-11 10:58:05,2018-04-12 04:50:07,2018-04-13 21:34:29,2018-04-16 19:46:45,2018-04-27,02198c63d3e65ea299d6d8d3c7a11665,2018-04-11
2f8b697ad1c74526e18a07acd7d7169b,eb19d6117ee958ab1e3e3a2d8b230083,delivered,2018-04-21 14:18:28,2018-04-24 17:27:47,2018-04-25 06:22:00,2018-05-07 18:57:38,2018-05-28,b78f1002deaf3c2173f7c202c5b4fc07,2018-04-21
fbf0dfaa84a26a3cbddf314c3362316c,cab4cad0f7657576558c907ad8e307fd,delivered,2017-11-25 01:03:50,2017-11-25 03:51:46,2017-11-27 16:52:07,2017-12-18 18:46:39,2017-12-15,0dc9c8d77cfdc1d53d8378286c77de05,2017-11-25
210d1686d116f7589a06e12974814bba,f9a448ce00c793bc273313654d4ac153,delivered,2017-06-19 08:03:22,2017-06-19 08:15:18,2017-06-19 20:57:59,2017-06-25 09:58:05,2017-06-30,fdb1bd51afc276640a61902a7918522c,2017-06-19
4519d054994236d26b04aba27498afb9,fb713deec65d4832addaff1950dee895,delivered,2017-04-11 13:37:00,2017-04-12 02:45:21,2017-04-18 09:28:04,2017-04-27 13:20:06,2017-05-05,60b1b4c715a06c7120279bc8da388fd2,2017-04-11
afa2c425be2efd14c19b4a0aa62f9b59,2a22ba1cb2f182b16cfd4b7620ea6114,delivered,2018-03-04 02:25:53,2018-03-05 08:15:31,2018-03-06 17:03:46,2018-04-06 19:24:59,2018-03-22,33e2ec99a0b818a86def54a73031892a,2018-03-04
9c30d1a4692fbd9418f2404ada176ccd,c6c138e91cd9b75b300f8d5181f622c5,delivered,2017-11-28 00:37:52,2017-11-28 01:31:28,2017-11-29 19:10:11,2017-12-06 17:57:03,2017-12-18,76ef492abb3414d73c62f104e7b179e3,2017-11-28
3562e5cbf3effd83e186fe72ebb92f95,69c2c14480efd86260ca133de7a15868,delivered,2018-02-16 18:35:57,2018-02-17 03:47:14,2018-02-21 00:29:08,2018-03-06 23:07:53,2018-03-19,0698b42dd37c77db1c056d415e028737,2018-02-16
646e62df54f3e236eb6d5ff3b31429b8,55f35e2e63c2446e9eeea957bbe164ed,delivered,2017-10-20 08:41:55,2017-10-20 09:49:26,2017-10-20 16:19:00,2017-10-25 15:13:48,2017-11-09,29ed46c06126f174d4fbf76e310adbfd,2017-10-20
7000fce52371834b260a8b6dd57eb419,8b22c8fb9fe2cd131779d2cad4931f09,delivered,2017-02-24 15:50:47,2017-02-24 16:02:42,2017-03-01 13:01:10,2017-03-03 13:25:07,2017-03-17,97a502d1eddd99e0765df4eebc950f31,2017-02-24
7388afc4743da7d6e532b7fd086b4357,986c590aed8ad278ffc220f81b2d8e4f,delivered,2017-09-28 08:54:23,2017-09-29 02:14:16,2017-10-05 18:00:09,2017-10-16 19:43:41,2017-10-25,4173a58ff83790b84c371f56879b5227,2017-09-28
cd664e197521a82f89b34d1af4af7aa0,b5f533f7de4aaed81593a76fcf108929,delivered,2018-03-02 10:01:27,2018-03-02 10:10:51,2018-03-06 00:29:56,2018-03-06 17:41:49,2018-03-14,4c20c0ee3e142218ffbb29ea05d6efa3,2018-03-02
774b8c52e2dda4cae042a9175258ab1b,f4089d4af6a57725128cafde4c098188,delivered,2017-11-20 12:49:35,2017-11-20 13:07:36,2017-11-22 17:38:41,2017-12-22 18:32:29,2017-12-21,14eb8f180e208b9805e196fccbbcfd13,2017-11-20
a184881e0110ee6bba45e5ba8287c638,485abc56a464a56ff6e9f9a752ff4308,delivered,2017-10-16 20:22:17,2017-10-16 20:35:29,2017-10-21 12:42:02,2017-11-14 16:04:51,2017-11-03,87f48948d0e70bba2df3ac0bf3358269,2017-10-16
a0b05780db06986cd81518fc9cc9b34d,e95ac603dd00da603acf38d05e55d781,delivered,2017-11-24 19:58:16,2017-11-24 23:13:19,2017-11-28 16:41:25,2017-11-29 20:37:08,2017-12-11,09c361fed7245568f0f104496ed4f92f,2017-11-24
84cf671bc3869df812c782309ef46a8d,72a4d28238f6eeded6dbeba88988cd6f,delivered,2018-07-18 10:44:11,2018-07-18 10:55:20,2018-07-18 13:25:00,2018-07-24 14:48:40,2018-08-07,5493b0c34dc1481b67a6365a6c3ff174,2018-07-18
117ce86d1ddbcdf65da3ff7fe763ed09,a6f0724c88ff8742ef397186be22c75f,delivered,2017-06-13 23:49:22,2017-06-14 00:55:58,2017-06-14 08:57:59,2017-06-19 20:24:32,2017-07-06,ea638fb7f3303f3c72cf8e7af61a6a37,2017-06-13
23f1f636dd6189253847462e5ea2e797,358fde222358cdce3408ac3fc3b1d1e0,delivered,2018-01-12 18:14:41,2018-01-12 18:28:57,2018-01-15 17:04:06,2018-01-16 19:56:37,2018-02-02,a1c9e5540f59e21afbdf91685f5ca791,2018-01-12
6bd15a70199a7500ae1bcb5b7bcccd7c,777bf9a904c89700fef785ee2de8c0de,delivered,2017-09-23 16:40:09,2017-09-23 16:55:13,2017-09-26 20:52:17,2017-10-05 19:55:35,2017-10-18,b9b9a083a74fa9cd18be8eb0ccd26d71,2017-09-23
bf7dc4793cf928d5303528934bd9647c,11185d8d8221dfe29861c0c27dfab584,delivered,2017-09-17 11:47:07,2017-09-17 12:09:31,2017-09-18 15:14:14,2017-09-28 13:41:47,2017-10-09,be570271e817b7a8791c477152830384,2017-09-17
c26545d07aedc265947816ff58acf2d2,55814b1c0dcf038f760c8f30b1b1d430,delivered,2018-06-15 08:26:16,2018-06-15 08:56:20,2018-06-15 14:00:00,2018-06-26 19:41:45,2018-07-24,690ec510bf4201426e227f92a5581725,2018-06-15
5c6c22a0e96822517dd3c5ee6cd1fbcf,1188830c8320a8f9abd982d8deb49330,delivered,2018-01-11 22:14:00,2018-01-13 04:55:01,2018-01-17 16:14:36,2018-01-25 21:38:08,2018-02-14,b643c19d91a65d73f94ba8e037668986,2018-01-11
12c35cf2a5171b0fb8e19d60abcb9353,96d3fe655ac136a3575eec6f7bd4d698,delivered,2018-01-21 22:39:40,2018-01-22 14:03:12,2018-01-23 13:11:53,2018-01-25 15:49:02,2018-02-06,32feb5b7a73eee84aec157fcef63bd15,2018-01-21
dda3e0dbde3a2cd09432650b3634582d,ed7abe2bf6dacb66b55c2bebf0d2adaf,delivered,2018-04-22 20:13:58,2018-04-24 18:37:08,2018-04-24 16:22:39,2018-05-09 19:58:31,2018-05-16,477f817873a453385bde447535ceeb3d,2018-04-22
ed1407b1e486fadba3e6cd4460dccd56,d83913dc23a7f3c90ff7a10d1b4bd4c6,shipped,2017-10-22 12:55:42,2017-10-22 13:14:28,2017-10-24 11:46:06,,2017-11-14,583fb3ee33cf172db8eedc575ad88d0a,2017-10-22
7249fd69ae42373a6a357567e41ecc57,c2a3ea344de262f71dfb5d9f83a02adf,delivered,2017-01-26 22:15:22,2017-01-26 22:25:11,2017-01-27 16:14:22,2017-02-08 09:52:05,2017-02-24,60cf7bedff25cf587405fb4eceab96cd,2017-01-26
4941da6e1a4eef723674c7148152c4f6,5c4fbfda89ecf784397c5a99ec36601a,delivered,2018-06-11 16:49:47,2018-06-12 04:57:47,2018-06-12 15:05:00,2018-06-13 18:39:37,2018-06-26,7a380cb5434e6b6b5b37d45bb99dbe8a,2018-06-11
fe1db39ee392d14b9d8b00c17e02023f,1a38db127bea608981938b7abf53da7b,delivered,2018-06-21 13:17:24,2018-06-21 13:39:37,2018-06-22 13:56:00,2018-06-27 21:06:46,2018-07-16,53e59bf8386630311c1a630e0aa7e92b,2018-06-21
a6b58794fd2ba533359a76c08df576e3,ccd8e3459ad58ae538c9d2cf35532ba4,delivered,2018-05-14 15:18:23,2018-05-14 15:33:35,2018-05-14 13:46:00,2018-05-19 19:33:32,2018-06-08,45ca2b8a047054e858fa92a2a09bdd59,2018-05-14
3c8876b8e5a484c81a1aa6c8bc4e65d6,e4e69809ae1da631eaa47e73e5f4f641,delivered,2017-09-14 13:25:35,2017-09-15 16:44:24,2017-09-18 16:13:17,2017-10-10 19:42:11,2017-10-18,882a0803e178b947070fc52b14965102,2017-09-14
1767c122a3ee029a66f97b74a2538d2e,d01dc54fcf3bf7bf2fee5926f43e0516,delivered,2018-01-11 14:48:38,2018-01-11 14:57:19,2018-01-13 02:06:00,2018-01-22 21:42:24,2018-02-15,0296ddaa154279cc2bd15621e06e6f1f,2018-01-11
76754c0e642c8f99a8c3fcb8a14ac700,f6c39f83de772dd502809cee2fee4c41,delivered,2017-10-26 09:31:45,2017-10-26 09:49:20,2017-10-26 21:33:09,2017-11-01 21:17:43,2017-11-22,10dbffc4a798d018f58224da1162b90e,2017-10-26
75679c6961aad55f81620d8542166135,0e59972cf69e00897677dfb1445ba420,delivered,2017-11-26 20:26:21,2017-11-26 20:37:58,2017-11-27 17:37:25,2017-11-28 20:29:04,2017-12-12,c6ffab32abf5dc36b10072de18d008af,2017-11-26
fe317ce4a7ca2ec5a2cdb56c3e5788b2,dcc865b0a392f4d72458ec0677e1f085,delivered,2018-04-05 13:50:28,2018-04-05 14:09:25,2018-04-07 01:42:41,2018-04-16 19:29:00,2018-05-03,0f95258527026365d80664a88544bdbb,2018-04-05
d8f1c1e598fd2b2e9e562c42782e0226,3e6afc2521b10ee0a075d3193467c9f5,delivered,2018-05-15 18:25:54,2018-05-15 18:59:09,2018-05-16 14:46:00,2018-05-17 21:18:31,2018-05-23,7e30d2336a1f1182766cf6fb863d5554,2018-05-15
411b8901b201804f134429744b17b686,c5bbfe67cb7212c9e6390fcd598caf85,delivered,2017-09-18 18:51:12,2017-09-18 19:05:21,2017-09-21 20:42:28,2017-09-22 15:12:45,2017-09-29,bc867ebfaaeb874d54cbf1da33fd4a1b,2017-09-18
f2bfe1e2b86b6e22866492f4dbd26ff0,80f96051386679183cf545a68d3314c8,delivered,2017-12-02 00:01:21,2017-12-02 00:14:58,2017-12-04 18:06:22,2017-12-20 20:39:26,2018-01-02,7cb86a4e8ed957f7cd2a1205c3c04c92,2017-12-02
2feb60b66471f9985b3f06df1f360f34,7e31ff5a549f128e99d5cf90f3b9a649,delivered,2018-06-05 20:29:13,2018-06-07 02:54:34,2018-06-07 12:30:00,2018-06-20 14:16:32,2018-07-18,9e669f3ab89dd4e2fd37ae56ee419623,2018-06-05
ed9ddf13b205161d8ca32de15a50a5c7,0c6402878bcf4a5a361d9008210101d4,delivered,2017-12-03 19:38:53,2017-12-05 04:17:40,2017-12-05 14:52:37,2017-12-19 20:38:23,2017-12-27,94093e4a8945e283282180e6aaae4fc3,2017-12-03
0c40dfe4127461031cfea37fb4c63856,812db10465ec8fed84262db66f615f87,delivered,2018-05-14 09:01:31,2018-05-14 09:14:07,2018-05-14 14:58:00,2018-05-21 18:32:37,2018-06-04,4c0aa4a0808110794130a1735a751aea,2018-05-14
7033745709b7cf1bac7d2533663592de,7f0ca17bb33b230b47459437cf0682c7,delivered,2016-10-04 14:13:22,2016-10-04 14:46:48,2016-10-08 14:46:49,2016-10-11 14:46:49,2016-11-30,1dc848c11c2985635c268ff3dea707eb,2016-10-04
e6555e78046757613e040b01b153fc1f,3da77d06455b633b2d7e79511d75f76e,delivered,2018-06-02 12:36:32,2018-06-02 12:51:58,2018-06-04 13:54:00,2018-06-05 17:38:48,2018-06-28,d51d89c1fdfb1b34ee7eeb27be52bae4,2018-06-02
c94ad4f97a88391955fc080a1a4e74cb,abefd2db6a344cf871cf42687fb563f4,delivered,2017-07-28 13:47:16,2017-07-28 14:05:22,2017-07-31 18:03:52,2017-08-09 23:45:35,2017-08-21,aeea6bfadfe45feabb1b8c9044547391,2017-07-28
1dab6cb14267214f76fe292d1a79014c,7e572970d84b6164550e059b22c1bca1,delivered,2018-06-06 08:41:33,2018-06-06 08:55:25,2018-06-08 12:45:00,2018-06-18 14:32:32,2018-07-16,518bd6dc8b398a069309bc013fbc43a8,2018-06-06
1131444207572a61609f9be4f5308af3,1c9e4589fd7fa6552ce6e19f4e9f1746,delivered,2017-10-24 14:48:29,2017-10-24 15:07:29,2017-10-26 20:59:00,2017-11-03 17:41:33,2017-11-24,4b3f881316f66630e2dc4868efd08e55,2017-10-24
5189eca8aa65ca525e4929c6f6a758d1,cb91916ede5670fdd34d3acd31ac21b3,delivered,2017-05-19 20:13:23,2017-05-23 03:25:30,2017-05-25 15:43:49,2017-05-31 06:45:51,2017-06-14,77722ed28b37c30bc7d25319b0a14b73,2017-05-19
2050ad559df86365b2d2a824640af4a1,d03d5c0d58cfeefd79f0b7af50bbfb87,delivered,2017-02-28 17:28:52,2017-02-28 19:20:26,2017-03-01 14:50:48,2017-03-06 17:28:17,2017-03-22,e09b74bdbfb36ed596e4fcd32a35e1ed,2017-02-28
59af6639bc574148a47076bb16ff485e,b83bd80a9acf980ee6ac382e5c1452ae,delivered,2017-09-08 10:32:20,2017-09-08 10:45:13,2017-09-11 21:03:23,2017-09-14 18:15:41,2017-09-26,5ee57c2c09a8207dd889ca527f27bc39,2017-09-08
b7707080e47946584d1280f2b8f200a5,5d8613cf1855d00dfec57ccdba74f7c0,delivered,2017-08-24 16:14:27,2017-08-24 16:25:21,2017-08-28 20:59:36,2017-09-01 19:22:33,2017-09-14,b75e0a5150c6cfcf4d9982e79f8a1f8b,2017-08-24
0f6a5e91a0432f84b83844d7b001d765,fe659882d754bfbce85819a43c666004,delivered,2017-08-01 00:22:08,2017-08-01 00:45:18,2017-08-01 18:12:49,2017-08-08 20:12:54,2017-08-23,715f90d43334e54a29bb233e7687f65c,2017-08-01
ce3f08db12e92209931e4bff447392df,ad575c56bac677400aa8cbaca2d8446d,delivered,2018-06-23 18:19:04,2018-06-23 18:35:35,2018-06-25 13:47:00,2018-06-27 15:58:44,2018-07-16,5e8daf8c56e7ea57b7b508ea39d345c6,2018-06-23
92aff898bbb77b43b3ce8c33bc2339f2,39b99beee67aed8ae9553366b6f79de5,delivered,2018-04-18 01:06:13,2018-04-18 01:15:12,2018-04-18 18:19:21,2018-04-24 16:38:38,2018-05-11,dfa91a18c3571d25de69331bd046ac6a,2018-04-18
dd94f2867bcd2be2229f44d7a0df4e5b,786ee3fc4d3b8097f9759d512efb5540,shipped,2017-03-28 09:43:17,2017-03-29 02:10:56,2017-03-29 15:20:18,,2017-04-17,28db4c7b77c89305b4729d65c20906c5,2017-03-28
3c8f34ce6765b01eb78b79eec5617971,996595f66cb179af29159ee6c539dc10,delivered,2017-06-17 12:36:48,2017-06-17 12:50:52,2017-06-21 20:56:49,2017-07-06 17:53:52,2017-07-11,cf7e1fdabd7d79ba731b94344e51b657,2017-06-17
70462ebcf26934be8bd0327d2e6103d3,fb8b8298c590af3ee3169596c5ec2114,delivered,2018-08-20 22:06:10,2018-08-20 22:29:24,2018-08-21 13:49:00,2018-08-22 22:02:31,2018-08-28,ef1c2fafea5285a4bfb61386bc5e3154,2018-08-20
eb314576a333adeb296496f38c4c7852,11b404d7080235f5ff52a1c38deb5a98,delivered,2018-01-23 14:52:06,2018-01-23 15:12:48,2018-01-26 16:43:00,2018-02-16 01:28:48,2018-02-16,562dc4d7d8e2434726725aeca74da6e6,2018-01-23
b5585a71d72133e35079e240c76065d8,28e1fb62850ddf7aebac7ec6602dc756,delivered,2017-11-22 21:29:06,2017-11-22 21:36:25,2017-11-23 22:02:42,2017-12-18 13:51:24,2017-12-12,d22ed54c5ae6da25eef4abd6da8ff22b,2017-11-22
c7911a821f0816b0c1345016668c7752,d0b0b2dd8bdaf36ebea19c232b4e986b,delivered,2018-06-08 16:47:20,2018-06-08 20:31:45,2018-06-11 14:20:00,2018-07-02 16:52:34,2018-07-03,01a4788c8bd6d0d6a5b16ccdfd393b74,2018-06-08
8b346abc34a6e64bc67fcd3b0eccdc9f,dd1506d329d9b0135855082aae3c79ac,delivered,2018-07-11 20:15:04,2018-07-11 20:26:13,2018-07-12 15:31:00,2018-07-26 23:32:50,2018-08-09,22abb23a37bf693f3f66fecb4232c136,2018-07-11
7a9d100d2a88bd95c3f8acd4af29d3e8,6f203f614778c173ade2490e6684c399,delivered,2018-06-01 22:35:25,2018-06-01 22:51:28,2018-06-02 08:45:00,2018-06-07 21:33:59,2018-07-05,7e64f6ec6e52ccf5e45509b9949e0a28,2018-06-01
573b5d93e53ee17f6d7276929890932c,dd9fdfd1c2d9c13f398bf35eb1f18325,delivered,2018-05-08 21:54:28,2018-05-10 03:09:56,2018-05-10 16:12:00,2018-05-15 18:29:09,2018-05-28,e1c4a382b39243db7149e72b91498015,2018-05-08
b95764ee8ef0302702f107df59c9c4a2,5fff39f1b59dc4d2fb96c9f19b9a484e,delivered,2017-05-01 19:13:37,2017-05-01 19:25:12,2017-05-03 13:32:34,2017-06-02 06:17:21,2017-06-02,c71c9304453701631f589b64d6aa5dce,2017-05-01
f6e3e88cce05228735d1d123916961a8,40512822fff2718801d8ecdd063dfa9b,delivered,2018-01-31 23:58:22,2018-02-01 02:55:47,2018-02-02 00:11:31,2018-02-09 16:51:31,2018-03-02,251fe896b938a0b3a2892d5b6ce68cbe,2018-01-31
586b28be2b8f5afe936887ea02ab3494,ae5ebdc6de8a5f0bb49b5a3cb50c661d,delivered,2018-02-12 18:10:07,2018-02-12 18:28:20,2018-02-14 14:46:38,2018-02-20 15:08:53,2018-03-12,8662cfd7c896db5d197d2df12ae06bd6,2018-02-12
a933a186653455e64fd077551cfcef0b,247d21dc380c7ca4269050fe3fc1a386,delivered,2017-08-23 20:53:48,2017-08-23 21:05:22,2017-08-28 14:57:51,2017-09-04 18:51:41,2017-09-13,d1c8bf61f09263024c368f9b819c3b00,2017-08-23
215235517f0e156724a0ac20bc1076a5,b4523e0afadc29b0607177c2234b3218,delivered,2017-02-04 23:27:50,2017-02-04 23:41:58,2017-02-07 06:17:52,2017-02-09 12:21:54,2017-03-01,fb189cbf064e7525f9144bbd3fbdd922,2017-02-04
d9ab691cb8d49410e7ae590b588499d4,eea6871b2a776e5f98fe73b255a0a270,delivered,2018-06-18 19:57:15,2018-06-19 03:36:47,2018-06-19 14:05:00,2018-06-21 15:37:51,2018-07-05,3d1b3afea75cda0162624725b2f53148,2018-06-18
6da34f9b88619e4ba847c49363dfb425,8ce4d77283bb19ebaedee1fb91fef7ba,delivered,2017-12-03 20:03:22,2017-12-03 20:13:44,2017-12-05 16:04:36,2017-12-13 21:19:02,2017-12-29,4bc3c13133d65130fe13def33ed39eff,2017-12-03
1e51b2b229678b37addbfeb359d0e3ab,b2de21eac1284b5492269771d68da739,delivered,2018-07-22 17:32:59,2018-07-23 12:32:11,2018-07-23 17:56:00,2018-07-25 21:11:54,2018-07-31,932be2b0f01a39dfb24c2af8299a6e80,2018-07-22
3eb08a4c95b522bed075ec059ad858ab,8aac7e3ddd515089585bbab2b7d85aa8,delivered,2018-08-07 22:03:27,2018-08-07 22:15:22,2018-08-09 10:56:00,2018-08-17 11:42:52,2018-09-21,1d34beeda3b2d9a16c418c0d1419bdea,2018-08-07
1c7c35deaf3a1639e247ce03babdfded,87edd217bd6fc063e3bcaded331967a7,delivered,2018-07-16 16:33:17,2018-07-16 16:45:10,2018-07-17 15:00:00,2018-07-20 19:57:58,2018-07-30,c6e5e7192bb1b04db14cc0bc5068daa4,2018-07-16
cb3830baa25a82fb69d5256ffca9b6a2,524fb99dd1c0c28f8b9b9d33f38c7b13,delivered,2017-05-15 21:07:48,2017-05-15 21:15:14,2017-05-16 16:39:57,2017-05-22 13:52:41,2017-06-08,032e4efa58936187018b68818b0f49c4,2017-05-15
9236b5f6966275539861284a31b94efe,ccae8f97bb03a9257e3abbb5baf17a1e,delivered,2018-05-19 22:43:35,2018-05-20 00:25:53,2018-05-21 08:29:00,2018-05-23 18:14:45,2018-06-04,7b7f2abc7254900b25a419804ba82a30,2018-05-19
dbb786f88b6d4e52fe3cb5d771b979d6,478778636c75019554439f75286a22e3,delivered,2018-08-28 21:56:30,2018-08-28 22:10:12,2018-08-29 19:02:00,2018-08-30 18:22:45,2018-09-05,a712a430955027da5bc257a10073a390,2018-08-28
9f39472adcdca3e6eeaf227576a1a427,8805f5004091e5a6d6732b4b57c94e3e,delivered,2017-12-18 06:12:28,2017-12-18 06:50:23,2017-12-21 15:05:09,2017-12-26 20:51:37,2018-01-11,e14f209ed913d2ecadf37a9d49d35967,2017-12-18
fe5d946bb1d5891792a436f46f3618a3,59a7929fc18263169c90c46240902697,delivered,2017-03-25 20:01:03,2017-03-25 20:10:17,2017-03-27 13:54:31,2017-04-05 14:38:07,2017-04-20,0b388905f710fa603f635906bc9afacf,2017-03-25
eb7ad8aef38707da6cf8a476dd47198e,7e27f4fc651dbbb8ef84aa9450dae2a5,delivered,2018-01-09 19:59:13,2018-01-10 10:32:18,2018-01-10 21:38:55,2018-01-11 17:14:40,2018-02-07,5f625106b926dd7fe59fc55a87023068,2018-01-09
6e9cd3f36a1e951e29d455913402c171,aa76c84a162fed7b8e5b935ce4ea7533,delivered,2018-07-24 21:54:54,2018-07-24 22:10:19,2018-07-25 12:15:00,2018-07-26 19:58:43,2018-08-09,f3832392e675c6ffa590ac21b517b47d,2018-07-24
5b4bb46d2cabe7e960a2b8bf70af105a,14bf3008a25d689c6ad3ca1b5b9975ec,delivered,2017-10-18 16:30:42,2017-10-18 16:45:38,2017-10-20 17:38:16,2017-10-23 23:59:47,2017-11-03,17bf374d6f406164b8674643564f3a10,2017-10-18
ed63e82cc089fa6625b919b6533ff7bc,d62fe8fd4137b91ddd653cccd56811b1,delivered,2017-11-22 09:16:35,2017-11-22 09:24:22,2017-11-22 21:42:57,2017-11-23 21:49:43,2017-12-04,f5dd55175349083073fe1321c976542d,2017-11-22
bf2910ffd07baa17d7d2ce5a170da758,2441a257e681c06ff2101ed765647ada,delivered,2018-07-18 16:20:25,2018-07-18 16:30:29,2018-07-31 14:10:00,2018-08-06 17:42:37,2018-08-06,a27b4653c3c45bbb1b1c9f12c91e6c9f,2018-07-18
6672ea757b340c6ebd644244a2c982ae,8070cecab3f3dbd764a549623cfa6243,delivered,2018-07-03 09:00:42,2018-07-05 16:31:59,2018-07-04 15:11:00,2018-07-05 17:12:44,2018-07-17,3cc9ea3ffe189981b9a8b2b92b99271b,2018-07-03
41d1a34204ce66a59daa5590f05cc4fa,881554102719236e5c195d199d6d868a,delivered,2017-11-22 13:45:31,2017-11-22 13:53:31,2017-11-23 21:10:41,2017-12-07 16:22:45,2017-12-14,0f38a44168ec569a3f783ebf98d79095,2017-11-22
d9b968b9f8c464fd7941981e0ee66845,fa9df1d2b3ed5aa06027b89a34ec272a,delivered,2018-08-04 19:25:09,2018-08-04 19:35:18,2018-08-06 16:47:00,2018-08-09 17:42:28,2018-08-17,91b79823141cfe7ee5c66acb0b48aff0,2018-08-04
ff455a4ac6c4471e4e1ddc55f6610e60,db2bae68f396fde5433217c9730d1b7e,delivered,2017-09-23 10:03:33,2017-09-23 10:15:14,2017-09-25 17:36:55,2017-10-02 20:09:32,2017-10-20,ced5b7e4e431e11775c4bcf19443e008,2017-09-23
573ef5595dd0028826051b99f5306ad3,15d268e1a1f123f6ed84dcb45b4df293,delivered,2017-08-31 12:44:50,2017-08-31 12:55:10,2017-09-05 22:36:07,2017-09-11 17:04:22,2017-09-26,33e156bda7e4550b1c7714b0cd34ceb7,2017-08-31
0c91c4102d1858f4ced29970f55e54a0,ae8ed9c83d32613ae9f7e6c72443cdbb,delivered,2017-03-01 10:46:15,2017-03-01 11:01:46,2017-03-03 13:51:39,2017-03-07 07:57:54,2017-03-28,0f04a72a4b5d5889a83916f2342c9123,2017-03-01
0300095becf10f9b2993706759522741,05428560b11124d146bc86a2c4d5bf35,delivered,2018-07-01 20:21:03,2018-07-01 20:35:15,2018-07-04 14:22:00,2018-07-10 20:33:05,2018-07-18,8af7c3e9ec5825a574bf03b2813eea29,2018-07-01
5342639ad4af90638a48134b744df827,10c7dc349ad0a77ea4540c0464567dcd,delivered,2017-10-14 19:33:54,2017-10-14 20:20:12,2017-10-17 14:55:48,2017-10-24 20:45:01,2017-11-08,327978477aaf5662dc82512c9f63e5f5,2017-10-14
37575790ea3501cfd8c51bfe42e08950,6877b5e3cdd8a9efac00e34fcaa4e02e,delivered,2018-06-09 11:03:36,2018-06-09 11:15:16,2018-06-11 14:21:00,2018-06-13 18:49:35,2018-06-20,8efe2ca61964c32fcd3d794ba929c10d,2018-06-09
6b9ac2a31d647731d9523ae035f17dbc,b25d246218db68891876e79b3476038f,delivered,2018-04-26 15:01:37,2018-04-26 15:15:34,2018-04-27 10:15:00,2018-05-24 16:32:13,2018-05-28,66a2199c05159203014883cc0d3cf33f,2018-04-26
3d4a36b2720a815f829c5e1f82bbd0d5,29c938e10e5b108f3141464ff1bab857,delivered,2017-11-30 18:40:48,2017-11-30 18:50:48,2017-12-08 12:05:43,2017-12-13 00:52:26,2017-12-22,bde19fc22cb4def59a506fe769d40aed,2017-11-30
6ff68e4d7ba469f258223a389f864f25,a182cf6abe84f63e4ee29ac3ad7ce340,delivered,2018-06-18 23:30:33,2018-06-18 23:57:03,2018-06-19 14:36:00,2018-06-20 18:38:54,2018-06-29,35e410adc25fe96c55082bd4bb2daba2,2018-06-18
d5292f531e571c16fcd72df9fc07336d,2ef9aa87865d1090e352dcc1b116ac23,delivered,2017-04-26 10:48:55,2017-05-01 22:34:22,2017-05-05 10:38:40,2017-05-18 12:20:09,2017-05-19,c76b9b7efd2e02d6c8627bf5ad450622,2017-04-26
2fe72d522af94b1264d79a8e6e41f933,5dce0d6d2ad974afb75df4b6ae8e4ac8,delivered,2018-07-18 13:26:10,2018-07-18 13:35:24,2018-07-20 12:42:00,2018-07-23 23:07:25,2018-07-26,b5759e69e3c3eb05bb72884780c7f579,2018-07-18
d64d6b004a4ffd419003fc0a128c1c50,42ec6e7b9d6b378c51d60ee3d0d65b30,delivered,2018-07-25 17:11:06,2018-07-25 17:25:11,2018-07-26 12:22:00,2018-07-30 10:52:29,2018-08-17,47241156f53adb201a393df4569ed484,2018-07-25
362cc20bf09835f4398cedd319fb7d8e,9eb0d8ae0777405811966250213e28a2,shipped,2018-03-27 12:10:05,2018-03-29 03:28:46,2018-04-04 19:08:37,,2018-04-19,9f361680cc2a1398c1156b77b38d1754,2018-03-27
378aab9f026bcce6c5d6b5b6453be88a,37c19e14f0f664e83d2068be6b1f44dc,delivered,2018-04-08 18:44:33,2018-04-08 18:55:23,2018-04-10 22:54:38,2018-04-11 23:18:21,2018-04-25,f97ab9c166ca8d6f5313653ee439a6a8,2018-04-08
c20a9485bdb520396c83079ef63bc71f,74cbbd9942f97b98f93c63b3e0ec8edc,delivered,2017-11-28 10:50:26,2017-11-28 11:31:15,2017-12-01 19:27:06,2017-12-04 19:23:30,2017-12-13,7aa4cc10b75fde631908e6ae1066db23,2017-11-28
54ac5ed66a8b2c74a3878d90d805f367,e6ed40b69433d15314244f3ef50bcd29,delivered,2017-04-10 14:29:16,2017-04-10 14:42:13,2017-04-12 11:53:38,2017-04-19 11:37:46,2017-05-04,23dc3a062c6c097bcb3940a909e7730f,2017-04-10
2dd08b72f1dfc49c74883302437e6f6d,94d64c9b674e29504cf012056f182c9f,delivered,2017-09-27 20:04:09,2017-09-27 20:14:18,2017-09-29 19:39:58,2017-10-05 14:45:08,2017-10-19,dff5ff8f411dd1d77875f7e17a3eb512,2017-09-27
9d43eaf1f72a6d200577517c4e4265e0,855f0b8c477c57d9c5d0210c260459a5,delivered,2017-11-27 14:18:56,2017-11-27 14:32:59,2017-11-28 23:05:59,2017-12-14 17:58:44,2017-12-21,ffe9be10b9a58c5464d833e8b1b2c632,2017-11-27
97f6c1beeb18315f25509f009a45b111,e7ea13209423cee1f34f8e8c7c8eeb23,delivered,2017-06-30 12:57:54,2017-07-04 04:15:26,2017-07-05 12:39:34,2017-07-10 13:49:48,2017-07-24,0ba133b294e8131231a0176e0a2f0853,2017-06-30
5e84bf559fcc6a7a95c0d302a48c89be,faa3126cfc735934e9e43665018a21b1,delivered,2018-06-14 19:41:46,2018-06-14 20:02:27,2018-06-15 09:38:00,2018-06-19 15:48:47,2018-07-11,70734fd0582006e6fb57918f2610f818,2018-06-14
9d5dfd77cf32bd319a504f77a137491b,c590bde02b403025bd56faa049638968,delivered,2018-03-20 16:43:21,2018-03-20 16:56:06,2018-03-26 20:32:08,2018-04-13 22:58:22,2018-04-06,1ee910b8be2fb6a731b54edf304e1b6f,2018-03-20
5cd498954e2b37d71b315166809b4bd7,ff1a56726b7ea149c7423865609cc0c8,delivered,2016-10-07 00:54:40,2016-10-08 03:56:15,2016-10-25 11:35:52,2016-10-27 17:32:07,2016-12-01,fb48b86d9a78b53675c121e4ec8981ed,2016-10-07
3030ecce41acdc5bf51484698b3d8fe7,c9f6f241518c8603c0c46f0817ba487e,delivered,2017-11-22 19:20:18,2017-11-22 19:46:31,2017-11-23 15:51:33,2017-11-27 18:34:38,2017-12-04,d70614ab25c51e6ac100b3060df12e9e,2017-11-22
74d91d0ed661cdf6683637341c196645,73126bea0883827ebbbabe078fc513bb,delivered,2018-07-16 15:53:49,2018-07-16 16:10:23,2018-07-17 14:31:00,2018-08-04 13:48:24,2018-08-06,387a2c73644bd2b3b3e919bc4b4baee4,2018-07-16
bc5cea9719955b2337f23a87db809566,d605f9f01f069c8665dba62d0d8de501,delivered,2017-11-12 17:39:03,2017-11-14 10:27:40,2017-11-16 18:43:46,2017-11-24 18:52:56,2017-12-04,d636819974225176f4e4983badc49539,2017-11-12
e51859ab3a4df4a9dd8d6f60a060148b,1d84ab68816537ec824426841b34e696,delivered,2017-10-01 13:57:15,2017-10-01 14:14:17,2017-10-02 20:57:32,2017-10-04 22:08:07,2017-10-18,16537a831ca74e633b94cfa47164c420,2017-10-01
288edb42bc749855816a5e66e39d342a,4ce13550ee2faa98b72b3c507e1144f5,delivered,2017-12-28 17:40:18,2017-12-28 17:50:21,2018-01-02 15:07:15,2018-01-09 17:59:23,2018-01-29,5362cb1d9a156cc6edbe69eed9f78752,2017-12-28
0aea558128f1a96bd223babc4dc79bd3,daf457df7093e56187eda2050592817b,delivered,2018-01-31 20:50:59,2018-01-31 21:09:48,2018-02-02 01:43:59,2018-02-07 20:17:26,2018-03-01,6d89c322686666680193afa698c29134,2018-01-31
5943f6d5dc8ba01f970b8ef4d18678cb,f2c52534beb7f3e34299986eb4950d92,delivered,2018-05-03 23:30:05,2018-05-03 23:50:42,2018-05-07 14:19:00,2018-05-10 04:32:53,2018-05-22,1702d80f8f05bdc591f775bfff3c1684,2018-05-03
174fb39de9de15c80ea4076ba0cb6c83,cf6d28f68cf26d4e77f3482f0c452d70,delivered,2018-05-05 09:13:56,2018-05-08 04:14:40,2018-05-11 13:58:00,2018-05-26 13:32:09,2018-05-30,8e617bc91e317b75f97f298bf526ecad,2018-05-05
8b2f04328e5408c6e2f9ebd38f2af662,c7dfe8a4d98f2c191a73944ffcaa76cc,delivered,2017-08-24 09:19:16,2017-08-24 09:30:20,2017-08-25 18:59:56,2017-09-13 11:23:27,2017-09-18,4f51543860db95f9b98c1ce29a000d68,2017-08-24
9b0efb7141956726fa720e1ab576d4ca,2ac13f95801bc09dc5624673d54d4c31,delivered,2017-08-02 07:37:51,2017-08-03 03:06:17,2017-08-03 19:29:32,2017-08-07 14:42:02,2017-08-22,f1934cf6662a6b649f1338693a504eb6,2017-08-02
b3b9c134c866906502560d298369a253,b55d0d8610fbb4935574a98c33c6a60f,delivered,2017-08-15 22:45:17,2017-08-16 01:05:41,2017-08-17 17:59:03,2017-08-25 20:17:32,2017-09-11,8cad83eb2c96c92f1c57c2a250d99855,2017-08-15
a65f65e30792ce1c3492008e544cd0da,4274d726e175b67d5a1893ea0fa4e1a9,delivered,2018-04-10 23:03:58,2018-04-10 23:15:21,2018-04-11 17:32:04,2018-04-24 22:36:51,2018-05-11,f152e6e63c0a4d7958c5a5ccc09d6206,2018-04-10
f8965d92f9d8e18cd5d1a0e3bc9d15fc,fb31ae52945c45377e1ba9644b7f78e5,delivered,2018-03-24 16:14:29,2018-03-24 16:27:48,2018-03-26 22:05:56,2018-04-09 19:22:17,2018-04-12,5ef3e5d1f29c98aeda2d09225be21d8f,2018-03-24
93ee5063c90357efe9aaeabb20badbf6,9f4578f809480da7c0bc98fab02c1cc3,delivered,2017-08-22 14:39:49,2017-08-22 14:51:45,2017-08-24 19:24:40,2017-08-28 20:17:51,2017-09-18,da1156ecf6d5c22b6f55a25a22b707e7,2017-08-22
4ce4fb772277f3a13a61a93b7f19d62e,595a590ba9c0127d59855c4dba71a69e,delivered,2018-06-13 16:19:00,2018-06-13 16:39:29,2018-06-19 09:33:00,2018-06-22 18:28:38,2018-07-05,efc58ec022b8ccef70b3218b74b0fd7e,2018-06-13
421a29f5936d35b40acaa102627113f2,691a7804c3cf06446a3f2c13cecbf251,delivered,2018-03-29 10:32:39,2018-03-29 10:48:07,2018-04-04 17:03:54,2018-04-19 00:03:14,2018-04-23,25ea8a0c2d364abc3bb96abb9a731cfd,2018-03-29
fa77901ba32818c037de356056fd2a6d,f2c08c6a66c51cae87e9c931f97a022d,delivered,2018-08-10 13:14:02,2018-08-10 13:25:11,2018-08-10 15:51:00,2018-08-15 16:21:25,2018-08-24,31d29e85e904e0b8ffa2af37319cb8a9,2018-08-10
a64331bb3f2dc9398fc61964bbf99296,96bfa6abb051b3b455959e2d0bc6aeec,delivered,2017-07-18 14:57:58,2017-07-20 02:25:34,2017-07-20 19:49:36,2017-07-31 18:42:10,2017-08-17,0d3394dad534976f75bb0133fe18bd63,2017-07-18
1f0fb6f94c105ba0047b56143a01c3a9,a915c5f2ffdc3c2a11a35c426bc8de6e,delivered,2017-09-03 18:42:45,2017-09-03 18:55:13,2017-09-05 11:33:22,2017-09-11 18:24:01,2017-09-21,182e134f5a24ee479aa38749a5748cb0,2017-09-03
bbdac08bddebc79ee2654423b9ad63c3,6b0135fff11f14781d72fc93315eec54,delivered,2017-11-28 13:05:16,2017-11-28 13:12:36,2017-11-29 20:27:04,2017-12-13 18:15:26,2017-12-21,37cf7c94e4f9624b4507713dc6a58fab,2017-11-28
9a3492f3f18d2b5cf77e8ce369f84d80,ee6afaf3c3be813761f25c1e66b8fedd,delivered,2018-07-25 15:19:48,2018-07-25 15:30:17,2018-07-26 16:45:00,2018-07-31 21:12:24,2018-08-14,372b41e8faa2819e0b6346b16cdf402b,2018-07-25
b836b696665c1f7e1d72497adf574b4f,f1def85ade6e5b754d5f84a958fd48c2,delivered,2018-01-24 18:33:34,2018-01-24 18:52:46,2018-01-29 19:07:45,2018-02-06 12:58:28,2018-02-20,8c91e8afd08b46578668f58c6f28745b,2018-01-24
11bd7edbef6a822b220f48085472871b,95a66a1b875e06e6490b4ad49d7ef34b,delivered,2017-07-10 21:36:55,2017-07-10 21:50:20,2017-07-11 23:03:16,2017-07-12 18:05:47,2017-07-21,4ab50a59734294a04f717d8ce2122c34,2017-07-10
f97e435076c45487417ce991028f5445,dbb099efb706ebbe3d67bf067d2442db,delivered,2017-02-11 14:45:06,2017-02-11 14:55:12,2017-02-13 15:28:47,2017-03-13 18:35:44,2017-03-22,95491ff89ba2c7099a1ecb4464310169,2017-02-11
712ddc2da1bdd2e1b5f6baf0171860c2,6c9de7274450f72bc4fb8d28f629ef4b,delivered,2017-08-10 21:49:45,2017-08-10 22:04:43,2017-08-11 19:11:18,2017-08-28 19:23:43,2017-09-08,1a253bef0924d2e184d8c1de30d32d0d,2017-08-10
710770cfb61b2c43a091ab2c7b89a921,f3df91219ffe2fb3e399377acfd0e527,delivered,2018-01-06 14:25:01,2018-01-06 14:34:11,2018-01-08 21:49:48,2018-01-16 17:51:36,2018-02-02,f26afffdc68c5034a7ec4bba93e3c1b5,2018-01-06
f05b87cae9d521c780bc3dfc281ca892,1a7edcadd05cd374c32cc5e4f87d9832,shipped,2018-08-04 12:49:06,2018-08-05 12:45:15,2018-08-06 11:55:00,,2018-08-24,30888fabbe35d54b5dcef294496af86b,2018-08-04
de6167039d6c71c0bea5a5d3b9437082,fa59e3b76be4ec3ab0fa05000e7bf6c2,delivered,2018-07-04 17:27:56,2018-07-05 16:22:17,2018-07-05 14:06:00,2018-07-12 17:32:31,2018-08-09,a54334127fc03ecd25d634d4be01027b,2018-07-04
6e341e7f154e744143c5fc3e937bfda4,aa07a30179954e45af84aa94003d2174,delivered,2018-08-16 16:13:40,2018-08-16 16:25:24,2018-08-17 14:46:00,2018-08-24 23:36:46,2018-09-04,87f4ace763b404bb5ca765639d873a0c,2018-08-16
99d49f52685bd8c00ec0c341cc75d68f,119b719f1b5c337406af6f99bb135b78,delivered,2018-07-31 21:04:45,2018-08-01 02:44:12,2018-08-01 18:29:00,2018-08-06 16:26:53,2018-08-13,7a4593fd994912c840cf26a0ded104be,2018-07-31
ed3096861c94e38da3ac5ded1f35a0b0,99b1950e7fcf9d753b721988c2eb724e,delivered,2018-03-14 15:15:19,2018-03-14 15:30:31,2018-03-16 23:55:35,2018-03-19 21:48:38,2018-04-10,37d3dfcbb848287358251bcb27953cbc,2018-03-14
4e21387c48145e5e07a1d552b1a69776,766a6dd9d0045e8462f001462976ff99,delivered,2018-02-06 16:17:58,2018-02-06 16:30:37,2018-02-07 16:28:28,2018-02-14 20:29:13,2018-03-02,93ee2943387bb64b98d15c1843c65503,2018-02-06
4813c50e3548fa87684c05b730ecccee,3e4442cd2958fbd08dc760884b222ae2,delivered,2018-01-17 16:49:02,2018-01-18 02:11:14,2018-01-19 19:38:59,2018-02-05 21:09:14,2018-02-23,15010a153e79bb2f1fe810486783f5dd,2018-01-17
006dd93155bc2abd844cc5eed3a0fe7f,1b9506de3da8fd318853195b13fb2dda,delivered,2017-12-02 01:20:28,2017-12-02 01:29:28,2017-12-06 00:22:42,2017-12-07 20:43:52,2018-01-03,fd01a8dd276ac93aec73fde385389de9,2017-12-02
05d27719c66597da0628a53f6009ed67,243243e2638f6c85b2b5c38f5bf05b53,delivered,2017-11-01 19:01:18,2017-11-01 19:31:11,2017-11-07 15:22:33,2017-11-14 21:28:34,2017-11-24,75190022751fc37ea481648582f29503,2017-11-01
db7c883ba7581113260202fc55e73782,ea1783902a99cb4a06723a929e42e680,delivered,2017-02-26 19:51:31,2017-02-26 20:01:53,2017-03-01 11:05:58,2017-03-08 16:15:08,2017-03-23,7ee9e6c80bf1b7ec4a52639eab6c128c,2017-02-26
e08f76fed43c999d57979d1879871ce1,61aecad4ecccb2ef8e88726a68d832d5,delivered,2017-01-26 16:48:24,2017-01-28 04:36:02,2017-02-01 12:38:57,2017-02-08 16:54:37,2017-02-28,c8bc38379b2217871ffd56f27cebda40,2017-01-26
dfa7d326a489fe0c01a652351a552b43,c5fb3c3494f2aa02774d5930a1f981e6,delivered,2017-04-07 10:07:39,2017-04-07 10:15:26,2017-04-25 11:44:57,2017-05-10 09:25:44,2017-05-03,77c47b5fef16741999450430f66d39fd,2017-04-07
e991f50bb727c1894e1f74527af4edf8,ec8fc917ae3db1dcd518ce839aa26584,delivered,2018-03-26 12:07:10,2018-03-26 12:28:19,2018-03-28 17:18:27,2018-04-04 20:28:31,2018-04-16,cdfcb6808ed50ff089050cedf97c0fa0,2018-03-26
8cf0fd0e7dc9c106fa1f09ba6bce7626,3d90a8bd92497095afe20f9efeeab825,delivered,2017-10-31 15:26:06,2017-10-31 16:31:14,2017-11-01 16:07:38,2017-12-01 16:54:39,2017-11-22,b483e064ad80be3fd630b37bd140513b,2017-10-31
f27ea04b349ddb1a82dbc871adcefe37,0da38d38529e170d768aa55382969f6e,delivered,2018-06-17 21:03:46,2018-06-17 21:15:10,2018-06-18 11:17:00,2018-06-27 17:08:50,2018-07-12,437415d3e8456d9c62280fb2c0da0458,2018-06-17
405a30197dbb4ed83804a680c2bbae9b,15f4d0b2acbd4c1deb4d62a8111fc846,delivered,2017-08-09 22:34:04,2017-08-11 04:15:27,2017-08-11 17:20:03,2017-08-14 19:07:48,2017-08-22,64200c9fa459662885c44d8a58d8bdbf,2017-08-09
06f3401b97e4d89032cbd5ac7670247c,31d79ded8b09c0a871f049c73f2d331f,delivered,2018-04-26 23:10:33,2018-04-27 23:13:05,2018-04-30 15:34:00,2018-05-09 18:17:56,2018-05-25,4211dcafb715e60bb929a44d3e4951a2,2018-04-26
6a233c2059af7138039e43722cde5874,7f9cf0ed8393054038c883ea7171ea8c,delivered,2018-03-10 20:03:59,2018-03-10 20:15:31,2018-03-13 18:48:51,2018-03-20 20:08:30,2018-03-28,4c78e1b1723e4144f76a00609f312fc2,2018-03-10
a03310d9287cd64790388948501066cf,737d438cd631428265f911322d7e7f9d,delivered,2018-01-30 20:45:50,2018-01-30 21:13:15,2018-01-31 11:26:44,2018-02-06 16:45:45,2018-02-23,a658ea557e4a20a93cef77c26bf3811a,2018-01-30
ec727bb2d54db32de3e2a4845988fe0b,b9f66f0da7f1dcb542b44a18581c8aaa,delivered,2018-01-14 18:39:27,2018-01-14 18:49:29,2018-01-18 18:49:03,2018-01-24 15:56:48,2018-02-05,a5ab54f360315caf862b190789e3c4b5,2018-01-14
f1d572fdda4a03235f86ebb75b8e536c,20c428d35e8e49aad5e519babee5ff48,delivered,2018-02-09 17:42:05,2018-02-09 18:15:28,2018-02-14 19:07:57,2018-02-20 19:25:49,2018-03-12,6875cdbe14f4e09791825d53465788d9,2018-02-09
9d8698c08be0d1824923f62270dd0d3f,6dadbad06dc0935c3987489ae60c4dd0,delivered,2018-07-26 23:41:14,2018-07-28 02:50:21,2018-07-30 19:55:00,2018-08-07 00:35:40,2018-08-09,929c7ed1a0ca1152275bdcf4e6f0fbce,2018-07-26
4da937ffa1e058f52a9eeb89187d65b5,60951029b7686cc004b24fcc814e00af,delivered,2018-07-21 07:18:52,2018-07-21 07:30:10,2018-07-23 11:27:00,2018-07-26 16:36:47,2018-08-07,4beb171d402535985ed8f5843bcc8dd0,2018-07-21
f44290da5e8c6072226e24963b341e8e,ee1f9e745337f488f8ec432cdf8a19c3,delivered,2017-07-18 19:42:26,2017-07-18 19:55:16,2017-07-22 12:32:52,2017-07-30 13:27:51,2017-08-11,72257c3a06b3f5851d40c70240f4e322,2017-07-18
22c8ac26992112755df2e1542f2d1cfd,840f60a1f70ae3558d61b38cc86e0d48,delivered,2018-05-01 13:14:37,2018-05-01 13:36:10,2018-05-02 13:36:00,2018-05-07 19:16:49,2018-05-23,0385c3a53712e33b64f812d3102dc421,2018-05-01
0e3e431534069e8ac235c637dfb199d8,be5b31d927c5966440f2826da46e6449,delivered,2018-04-05 22:08:31,2018-04-07 02:47:59,2018-04-09 23:52:08,2018-04-30 18:41:48,2018-04-27,90e1f0d98aa33c74e43fb62004a829dd,2018-04-05
cd746a0e172f3aac198180760cc21a8e,6af52967fd8b6160228c7b2237f516f0,delivered,2017-04-28 17:36:34,2017-05-03 15:31:32,2017-05-04 13:44:28,2017-05-17 12:27:36,2017-05-23,d1ccd6d8797a035e6a89fb3efab3cad8,2017-04-28
e63271442e778d83ae9868408c1028e7,fce8eb224fb44bca516d50d140e88ca0,delivered,2018-05-28 17:05:02,2018-05-28 17:16:11,2018-06-06 08:20:00,2018-06-27 15:18:55,2018-07-11,0ebbc7eb66eec02dbf8ec16bf4df7d4a,2018-05-28
69aea24ee3243d0535ea6e03789bb5fc,cda108ca8623c898ad5cbedfe9f6fc88,delivered,2018-06-15 12:46:02,2018-06-15 13:26:43,2018-06-18 15:52:00,2018-07-03 07:52:06,2018-07-25,b08aea5eb574f4513b352220d6de7ca8,2018-06-15
32569fba210ee051f2c62dff9d4344ed,115eb2fbfc2d8446a2a6d38a0d800c6a,delivered,2017-11-23 16:21:25,2017-11-23 16:30:28,2017-11-24 21:47:12,2017-12-01 19:27:06,2017-12-19,3565906973c459aa065d735bc52ac2b9,2017-11-23
f2e891dfdc747b73c508d7a5689e82bf,39d5be86f1b2c886e37fde07eaffd537,delivered,2018-03-07 22:16:44,2018-03-07 22:30:50,2018-03-08 20:36:28,2018-03-15 12:28:29,2018-03-26,1b9c0951f6e51a50af8587aac775139b,2018-03-07
d2e1e475eb8219af9fae283307d88860,0bfdd26f029a368b463a48a56b65f560,delivered,2018-07-21 21:41:25,2018-07-21 22:24:12,2018-07-23 14:24:00,2018-07-26 18:17:43,2018-08-08,25314849bf706df0e00da89ccff9bdc3,2018-07-21
c1c7173565800e41c6701cfc4435f467,2f0d2cbd1ac4d6d80d7cbc6bc5f22160,delivered,2017-12-04 22:10:16,2017-12-05 10:30:45,2017-12-06 16:04:35,2017-12-21 10:35:24,2017-12-28,7842fedad651fb80cd89f428e34e83e9,2017-12-04
3ce16e50c1842ad30631811796a31afc,53162926c6c60935bfbc4a9d9419ca99,delivered,2017-03-29 16:12:13,2017-03-29 16:22:59,2017-03-30 14:53:25,2017-04-13 15:52:26,2017-04-19,e3301490c373db9263c15a73172d0c6f,2017-03-29
f3f075558b483bc41012c816ef977100,e7679548f90781fac8359cdbe2e2c729,delivered,2017-09-11 11:51:17,2017-09-11 12:05:29,2017-09-14 21:37:48,2017-09-15 13:15:56,2017-09-21,eb95548b5609bc72326178567edf6f69,2017-09-11
c53b15af645d91a057ddba9d0e1f21c7,e4257cc2f24d3cb4a68767a524dc8b76,delivered,2018-02-18 20:42:53,2018-02-18 21:46:42,2018-02-21 18:58:15,2018-03-31 13:44:37,2018-03-16,b08b68bac767c3269e827f822d308182,2018-02-18
fa3c3fa4aaa5d4ca8cdfdd7daec909bb,ffd6afe9c06d9dd8bd646b79f23b8b82,delivered,2018-05-01 22:57:35,2018-05-03 04:32:56,2018-05-03 19:01:00,2018-05-04 14:17:01,2018-05-16,1591182652360b5b62e59bc85d9dda79,2018-05-01
784389cee609eccd4f055e1eb8544285,97ad0d51c3ad245df8f37e747bbcb423,delivered,2018-07-18 11:02:18,2018-07-18 11:10:17,2018-07-20 10:26:00,2018-07-26 15:37:41,2018-08-07,26da4d1a73ee90cd60fb86fd4810c852,2018-07-18
06661c686ea79767c8ab8b8ffa3e62fd,7f4b6c52e1e85f2e166d5f01ea86dec1,delivered,2017-11-06 22:25:04,2017-11-07 05:31:18,2017-11-08 16:21:20,2017-11-14 22:48:38,2017-11-24,b647de9a726557749e15366078e10172,2017-11-06
44bb5734f29017e33add235fbdf83b90,6603ae268d9d38a828d348fd2ea7ab8d,delivered,2018-08-07 13:40:51,2018-08-07 13:55:25,2018-08-09 14:38:00,2018-08-16 19:42:18,2018-08-17,5ff5ee62ebd03a9ade4bb576f7f1e483,2018-08-07
1d52ba7197c7acebbb4f826f6585536f,c9c7fe860d602373a9e93f8bfe9d877a,processing,2017-02-13 18:32:55,2017-02-13 18:43:55,,,2017-04-04,fd0c94860d35a337f8954558e9e0181c,2017-02-13
ad27779fb29796c8d798f29aefedf3d0,aceb1218ab19cb199ebe711d613f9fae,shipped,2018-04-05 11:39:33,2018-04-05 11:55:21,2018-04-05 21:32:19,,2018-04-27,4578c59d3730444c9221fb635f7af881,2018-04-05
26cf5f2fef907ebc54269ab08ba4fc3b,aa680a3db54307a03f5ec70888d99ec1,delivered,2018-06-16 11:12:18,2018-06-16 11:37:51,2018-06-18 19:34:00,2018-06-20 00:34:44,2018-06-28,a0f13a6ab11c5be53644b09057728707,2018-06-16
7f54ad19b476573fb7bf3beb2faa6c55,2e19f8c8ec1187ae5dc50e54bfba01a9,delivered,2018-03-21 14:15:20,2018-03-23 02:15:34,2018-03-24 02:18:59,2018-03-27 21:22:09,2018-04-03,44d5ead0073d7c53c3f0503d9f847de0,2018-03-21
e14fbb884fb89b4ed687485a902caf75,93c4960d58cf80f39108c219017866c1,delivered,2017-11-15 11:45:28,2017-11-15 11:56:02,2017-11-16 20:51:43,2017-11-21 20:12:19,2017-12-06,54c665eb48d502792c20af5ed9166359,2017-11-15
0a7af36dc9b46e0920a68a9e2ee2198e,0fb85ae4e233e275790cba098c95c855,delivered,2018-01-11 20:21:08,2018-01-13 04:54:57,2018-01-15 17:03:48,2018-02-05 19:48:57,2018-02-16,0204f3da94dadaf3fa21305413e02d63,2018-01-11
2804019a383c2bf8db7dde416cf663d2,fd66171c97600151f735da73fd0aa018,delivered,2018-01-22 18:44:31,2018-01-22 18:57:37,2018-01-24 19:19:00,2018-01-26 14:08:51,2018-02-14,e8b4b9cf7e6a2e6e13371f3439a4a1ba,2018-01-22
0b339dee90210409b715a9f2b6af29a7,fb7df68b487c7340f5a4e9c5d4ae3e73,delivered,2017-11-29 13:49:23,2017-12-01 13:58:25,2017-12-06 00:41:50,2017-12-11 20:12:32,2017-12-28,e6aede5b2818df1b512845c729cf7463,2017-11-29
3fa91d0a7193cb9564de5db19fdbbd47,597b42a7a20556e77af8e237b6245b6c,delivered,2018-03-23 15:16:34,2018-03-23 15:30:26,2018-03-27 19:41:06,2018-03-28 12:13:25,2018-04-05,8ef22961d84439c4f1f9f3d656c5c3d9,2018-03-23
4b939b269e876343e876d466afcb69d1,0f28d0a2069593ae2c5ec29fc3800a72,delivered,2017-05-09 13:06:19,2017-05-09 13:22:20,2017-05-16 11:25:54,2017-05-22 16:23:56,2017-05-31,05eecdc8cf80e10dc84ce98e448fff8b,2017-05-09
dc96a12713fb7cbfd8feac4ab0b8f2a2,c47f0ed7fbd21fc9be2cfca83f0dd490,delivered,2017-07-30 11:30:00,2017-07-30 11:43:23,2017-08-01 16:53:05,2017-08-07 11:22:05,2017-08-22,182ebbe49711dd49de4fbbdf4a999c10,2017-07-30
524328eaaeddfd8aa01dc3897ad69935,18abbf4ddb0d8414b4f9de1d7d865fb3,delivered,2018-02-10 23:58:04,2018-02-11 01:08:23,2018-02-15 18:00:20,2018-02-27 22:09:44,2018-03-19,f3cd4edf8e8a2fb21b3291cb195e5e59,2018-02-10
247d5afd3ec08a69d7ae743a6fcae022,f2ef4ea65c9d748b559c450074db04d4,delivered,2018-03-23 10:31:07,2018-03-24 11:32:32,2018-03-26 14:17:49,2018-03-28 19:48:56,2018-04-06,c660e7ba7fd1e40024cdaa211a4ecbb1,2018-03-23
7d07b6c1321e0ae86b7d6205e015f0a1,2cdced5335b76d6e563bfa3a40bcf7a4,delivered,2017-04-18 23:33:17,2017-04-20 02:55:40,2017-04-20 12:22:11,2017-04-27 05:57:48,2017-05-10,3894c7d8e29573e308ebc285ecd61d39,2017-04-18
fcc92ad75bbb8728d4d4488325ffc907,0980d72e94bede8b0f7d8a4cd32511c8,delivered,2018-03-24 09:22:32,2018-03-24 11:41:30,2018-03-27 22:54:24,2018-03-31 15:48:36,2018-04-17,f7094d4271d1de526d9a9f47d1d5ddda,2018-03-24
ac14a1a3d8c2b071a150eb2990b5ecd8,0dbeefcc8215e4d6b6ee3ec0c8a2f222,delivered,2018-02-03 22:36:03,2018-02-03 22:50:30,2018-02-06 19:28:46,2018-02-14 22:11:34,2018-03-08,3856822a82996dad2607aaa95811551b,2018-02-03
afa17ebff8d7e00d7c9e04860c7ddcea,a40c9c907d645ac0394aa28875d5986d,delivered,2017-02-10 21:12:19,2017-02-11 21:22:59,2017-02-15 09:14:41,2017-02-21 18:21:54,2017-03-16,48770182fa1f6631dc831cb4a99ca859,2017-02-10
100ed138d169a3f969afa5449750db73,668e11820ada44a1b6cbf090995bee1f,delivered,2018-05-05 13:56:03,2018-05-05 14:13:48,2018-05-09 16:22:00,2018-05-16 14:35:57,2018-05-28,7247c7024156fa355889f76ce22b3d2c,2018-05-05
1cbc5d1981e34d5c950e9418aa02217d,f3875c080718c7e384875c4af4951afa,delivered,2018-01-06 17:12:10,2018-01-06 17:26:51,2018-01-09 23:47:34,2018-01-23 13:39:07,2018-02-06,067c8117bd9b4f406301921f6bcfb04e,2018-01-06
bf9a3a8d9db6be5e4dfcfe2f071ef405,26fdb52d0382ebe750a8866b5bf9e5db,delivered,2017-12-02 08:50:34,2017-12-02 09:09:15,2017-12-04 21:52:19,2018-01-15 20:42:42,2018-01-02,3aa71d539bb760f054b280604391602a,2017-12-02
b5195225c11fc325d686d24fe14eedbb,7fc191973597f7e5c232ecee9d7922ff,delivered,2018-03-02 10:35:38,2018-03-02 10:50:47,2018-03-08 19:56:34,2018-05-07 15:59:16,2018-04-04,d5e66000b40d41c9d96c7722c7dcb486,2018-03-02
8713b68a2b202b96d7de08d7e0b8f1a9,94eba5d03fc4a87e9a98c17ae4585bf7,delivered,2017-08-18 00:12:37,2017-08-18 00:44:22,2017-08-23 21:40:11,2017-09-04 15:43:08,2017-09-14,35473cbe40102cc697f12d9c6da90d9c,2017-08-18
86f93f534bde58b65acb4aa52a45c8eb,81c6ab437fe90b28b08c3da8d1d12694,delivered,2018-03-12 00:22:03,2018-03-12 00:31:01,2018-03-13 18:02:46,2018-03-21 20:12:48,2018-04-12,bc3b2714b8a9c929ef86caeae5623ba5,2018-03-12
369cb139024a5e7dcc497edd71a6f244,25d92c6c06f5fbdfc66aa5d91a5b17a4,delivered,2017-12-27 09:47:05,2017-12-27 09:57:25,2017-12-27 21:14:15,2018-01-09 18:03:47,2018-01-24,77478d54ce0ee01c276292d8579f478b,2017-12-27
4338e6bc70fcf731f6d799f56c66b6cb,f8ec0585a994417a4bd53c5156689ddd,delivered,2018-01-26 17:06:05,2018-01-26 17:22:58,2018-01-29 18:15:13,2018-02-09 01:08:46,2018-02-21,27956b37edf38600f8631c7679daf9c2,2018-01-26
a4d7c8bca45b56444e3c59ddcca7d7c9,fcdb673d0f8d2b84d3862193f17a08f9,delivered,2017-08-29 12:36:36,2017-08-30 02:05:44,2017-09-04 21:21:52,2017-09-08 21:36:28,2017-09-22,3443aa1df045d475ffb79648c36494e7,2017-08-29
08d70627d548cd883ac394cc5da92d87,05de5898b9da9365b1823e7fd23700c1,delivered,2018-02-14 17:35:53,2018-02-14 17:50:25,2018-02-15 20:34:07,2018-02-23 01:09:17,2018-03-14,59140aa3bcfa73f0763d85370926b4fa,2018-02-14
57fac99131db488c097fd2b5a75255dd,77188a1f345ff96d99ab8fc8bdee03bc,delivered,2017-08-13 21:05:14,2017-08-14 21:24:14,2017-08-15 18:32:07,2017-08-22 19:21:49,2017-09-08,1d8f1ca82cf6c04de2391eb61b9ae364,2017-08-13
13bad9a229ea7c04888ada5c6c971c28,7b889aa673094a3d02825ce67ee7b54b,delivered,2018-05-07 21:52:03,2018-05-07 22:11:25,2018-05-14 09:30:00,2018-06-01 17:56:46,2018-05-29,c68fc87e71247306abfec35ecd41ab78,2018-05-07
8da4b52fdefe7256cbe20ebf03ac47b7,550290db9e0772d476e9d9aeea14afa6,delivered,2018-02-07 18:35:22,2018-02-07 18:50:12,2018-02-09 19:38:28,2018-03-07 17:48:59,2018-03-08,3046b0bd43b0ea4bc6d0aec70bc96e9c,2018-02-07
fbee7d34e8344a4c1775259e98e9a2a3,79f895a52c8f46cdff6fd6e8763963cb,delivered,2018-06-18 21:38:43,2018-06-18 21:58:20,2018-06-19 14:59:00,2018-06-21 18:03:05,2018-07-12,b8d4f36004a20507a599935bf54f91a0,2018-06-18
4389819b71f1f23563fa9eadadc12a06,0d3740ed03979ba91a9cb4eb6300dd49,delivered,2018-04-04 12:47:34,2018-04-04 13:10:03,2018-04-05 00:33:16,2018-04-11 00:32:30,2018-05-07,21b890a8701db02f2107d0da119edc67,2018-04-04
38957bce5d0653b7a5b419556e7b9ba3,db91a791665fab255d516b921f1c826f,delivered,2018-08-05 21:48:40,2018-08-05 22:04:28,2018-08-13 06:34:00,2018-08-15 18:22:54,2018-08-23,a32ab6ed820d51b18cfb895038f68220,2018-08-05
55b2cadb9946209a0283fd636ddc6676,32f7f86eb8098b2c0bdfc1604b5da9bf,delivered,2017-12-14 17:38:47,2017-12-15 02:19:31,2017-12-18 20:09:18,2018-01-04 20:14:11,2018-01-22,3e0a8e2f767f96b047452d0eb7c7f76e,2017-12-14
a8aa2cd070eeac7e4368cae3d8222e2b,2c5519c36277c3f69df911c68cc97e50,delivered,2017-05-09 17:42:45,2017-05-09 17:55:15,2017-05-10 15:30:08,2017-05-16 23:22:20,2017-05-18,2ee0d7587a1a04de482c6211ea2988bc,2017-05-09
11210d2ba14b85282d66a4c956724533,51293a462a75bbaa62b024a7da9e068a,delivered,2018-02-05 16:15:05,2018-02-06 04:33:00,2018-02-20 13:48:59,2018-03-06 11:29:04,2018-03-28,6979b81e6b16100f6a5213030d2c8f82,2018-02-05
fe2d73eb11a3d7eeea4e897f8ce8eb59,bc8bc13c6748cdaa83178cdf94ba57a9,delivered,2018-02-16 14:01:29,2018-02-16 14:10:28,2018-02-16 23:36:57,2018-02-19 16:52:22,2018-03-05,3d18156a1dff6d57e215431e45574371,2018-02-16
b62403f840bd7a9bddb5b25d19c227a6,cfa017a9574dad12aef6224074fca734,delivered,2017-11-15 14:30:32,2017-11-17 10:30:26,2017-11-21 12:49:36,2017-11-23 18:37:43,2017-12-04,d6de9a445b518113b768614e64a73163,2017-11-15
84cb0c7a55c176d0a08ced1bfd5d0af5,6c90e1d5132397793019aad82cb7c985,delivered,2018-04-18 18:59:42,2018-04-19 02:51:13,2018-04-19 17:42:33,2018-04-20 18:18:31,2018-05-04,71e44a3c0131f63b658da791bbeeba1c,2018-04-18
7f94f1618e029449c3041113289cc240,2f07e48012def52891a4e56dfca6b9ff,delivered,2018-03-06 13:40:40,2018-03-07 02:35:32,2018-03-07 23:55:04,2018-03-24 15:08:47,2018-03-22,6f271277858b64b0630d6ca16f16721f,2018-03-06
c9c090d55d074c5b0d0effca2b928d4c,44ceede9e72823df1130be3bb7996635,delivered,2018-03-02 19:25:57,2018-03-02 19:35:27,2018-03-13 00:26:44,2018-03-17 10:51:48,2018-03-29,177216eb4775562e57fb625ad8dfb242,2018-03-02
b826c69bf943ea295e515a1078f76086,f41d2058b5f03c36e81d18a58878e876,delivered,2018-07-23 02:44:13,2018-07-24 10:31:51,2018-07-24 14:42:00,2018-08-09 19:22:10,2018-08-08,8ee6a26c817c3600f866d0bbd6ae4065,2018-07-23
e340657d4d28d54192270b3b99ba63f4,ad98dd84e944900f8cb73cc24e611d5a,delivered,2018-01-31 08:45:25,2018-01-31 13:51:37,2018-02-01 23:29:23,2018-02-08 01:47:50,2018-02-23,bee8c71dfec2314e63b7ef0e2ce70bdd,2018-01-31
9edd9058babbac571631bfc8092e47c3,959e9e378242bd601d7e2dc08828f53c,delivered,2017-08-30 12:46:37,2017-08-30 13:04:47,2017-08-31 16:44:06,2017-09-15 18:15:14,2017-09-22,adb179736cd012663455d999399bd2b5,2017-08-30
2a142c0426781261c6ea8c07941a55a7,94e4969b72d31602e59dbb8d2c7c1d09,delivered,2018-02-24 10:26:08,2018-02-24 10:47:53,2018-02-27 04:11:48,2018-02-28 21:43:49,2018-03-14,1f7dc38d123a145e63608b9825f615ba,2018-02-24
d62324319b4efb72f855f123f06cb07f,7eb38a9118f8a13aed9f3587e13e33cc,delivered,2017-05-21 22:53:02,2017-05-21 23:05:15,2017-05-23 15:45:14,2017-06-03 08:55:26,2017-06-20,e6d5de7faa32aae4746d4900a9ceb236,2017-05-21
f913d229653fdd809c249ed98ab6b754,e1365d7b227b247b6bc0931771885eaf,delivered,2018-04-30 02:18:32,2018-04-30 03:00:14,2018-04-30 13:54:00,2018-05-08 17:53:51,2018-05-24,66c70ed7726abccfbee61a9a39de15c5,2018-04-30
56af0400ccac703cca01cd9846d29c58,89d08063d07129349239d9584c768a9c,delivered,2018-02-20 17:37:20,2018-02-22 02:30:59,2018-02-27 01:48:56,2018-05-06 17:08:31,2018-03-19,6654462d0d3266165aaa7028d4d35005,2018-02-20
1a58f35be1cae85f27119089958d5c7a,91d77116484e151dafb5510b82c22eac,delivered,2018-04-12 16:14:39,2018-04-13 12:50:53,2018-04-18 17:56:23,2018-04-19 18:18:31,2018-04-30,01007ebf75cabcd9d81d1aac37b278ca,2018-04-12
38d6205cb4508e8d63dcbae0aac1fe96,d0ca4d9e8fa6fca510ed593effc04df5,shipped,2018-05-02 09:02:58,2018-05-03 03:55:26,2018-05-03 14:18:00,,2018-05-25,47778d96d007a0dc79616bbf9c719166,2018-05-02
096b267153128e0d7f9e593bba803956,df9432f68e31773dc4b20fb916f2f647,delivered,2017-06-23 08:45:21,2017-06-24 02:31:29,2017-06-28 13:17:42,2017-06-29 13:11:40,2017-07-06,81b133c3f4e30a14a6585a2f20ff150f,2017-06-23
790512cc033ced5f8fe1f9158eb8f2fe,8752a4fb5c55922535507e67d4f431c6,delivered,2018-02-28 22:34:44,2018-02-28 22:47:44,2018-03-02 20:05:46,2018-04-21 20:14:29,2018-03-20,89a9eed110ce632160e5b1a47ebe4a80,2018-02-28
2f92b812fd7c7df5b629833c484cdf1d,18f6ca10777417c932cf49e7fc9387ff,delivered,2018-01-18 14:40:57,2018-01-18 14:56:18,2018-01-19 18:48:40,2018-02-01 19:20:39,2018-02-15,87294fce1514370610fffed59eae5e97,2018-01-18
2a30390f1b957c7120f80795b9f97316,e1a66c81cd7d20ecf12f40679b70eab2,delivered,2018-08-26 17:28:44,2018-08-26 17:44:10,2018-08-27 14:15:00,2018-08-30 23:24:44,2018-09-13,0c0682ccb539fc2ae62d6437ae5feac9,2018-08-26
b4e2eb7f4325b44130052476646043c6,cfa96f1103002b25178f822afeb4c104,delivered,2017-06-12 23:00:43,2017-06-12 23:10:26,2017-06-13 15:59:48,2017-06-22 18:32:46,2017-07-03,9c799fbb60c13bcd545925514dcfcbad,2017-06-12
9646b5afa783a0861b20b9b106229076,8ce7e88df97ba2a54e3b4b6f3ccf757b,delivered,2018-01-01 22:54:24,2018-01-01 23:07:07,2018-01-05 20:51:28,2018-01-08 17:19:26,2018-01-22,dd9e24fbf151d2c634c03b2cf3812eac,2018-01-01
82b1c20e33da405ba22cded4ff91d160,05ad208d1e3ae7d49fc33c89026327d2,delivered,2018-02-12 23:11:00,2018-02-12 23:27:43,2018-02-15 00:32:02,2018-02-17 13:29:45,2018-02-26,94f48c018010de09d9c471e5d819ea05,2018-02-12
56ec7cbe6d41f3fdbbe68de8142b3123,f0b133218c83b8eb0298301a5b4c17ed,delivered,2017-08-16 22:06:10,2017-08-18 02:30:06,2017-08-23 13:30:21,2017-09-01 22:18:07,2017-09-04,85eb32c3333fdecda3039791ed23c56d,2017-08-16
593b6eefb72afdf364b30dedb1294414,361075ad44ffadb27e3440aaa0271533,delivered,2017-11-24 21:53:34,2017-11-25 01:31:43,2017-11-27 19:48:31,2017-12-05 20:45:03,2017-12-22,656d81ab7f30a1be5709ff381e3f91f6,2017-11-24
85bbb7b7b20d622bb504d5e2be1ce4ca,317fb4e6f110c2dfc11b19630875cccb,delivered,2017-05-15 16:58:49,2017-05-15 17:15:14,2017-05-18 10:04:10,2017-05-31 11:37:46,2017-06-14,2306533ed96be8166f935a6061c2ff01,2017-05-15
2d8a0bc4abbb7bbb3a420f2219f02f93,4c80c9c4f15db841f85d24b515c68ba2,delivered,2018-06-22 21:39:34,2018-06-22 21:58:43,2018-06-26 14:33:00,2018-06-29 17:41:09,2018-07-20,7f6611fcb714cdefe7b41d8d7ff793d6,2018-06-22
af312feacf16e33a9b01189ded132df4,1ab1cdf0251ee60790cac24a399bbe41,delivered,2018-03-10 18:18:24,2018-03-10 19:08:47,2018-03-12 18:42:14,2018-03-23 18:48:51,2018-04-02,a1c7e4cc4341714f3ffac74ae7f909b4,2018-03-10
69bfec47c3230907ad9552f2f1e0c690,fba1b16ea69f821d782b597f71ce2fc3,delivered,2018-01-23 18:31:03,2018-01-25 02:57:25,2018-01-30 01:11:45,2018-02-06 11:41:56,2018-02-15,84b73c5705b4ab02fc6556e377ccef05,2018-01-23
ee0db22a8e742b752914016708470ec8,aae50600d30bf2efe013ca4c1754ded7,unavailable,2017-08-24 11:04:41,2017-08-24 11:15:11,,,2017-09-18,bdc67efa33dd0c3228b91714ac6e363c,2017-08-24
61a85d9f7f064313ebd87019f7a65903,9609746d9d84c1096dce6a95b3a9f7ed,delivered,2017-05-15 16:28:24,2017-05-15 16:43:22,2017-05-16 16:19:48,2017-05-23 16:18:13,2017-06-22,f664050e626abfb5b829ea47ee66a996,2017-05-15
aadd5a22c7d1dd16b1fe905a302d70e2,f4d98068179c2289cd5f050f0ac67644,delivered,2017-08-25 08:58:52,2017-08-26 02:15:59,2017-09-08 19:54:17,2017-09-13 18:10:44,2017-09-27,310647380793836bfa5b7b6b3f518423,2017-08-25
d815bd2c2bdd79e4c0e0263caa986d66,04d7d73089b39d83f81b829cbd98e43d,processing,2017-03-15 10:30:17,2017-03-15 10:30:17,,,2017-04-13,86badf62319a7671b78a73b6b1e69fbf,2017-03-15
cb2ed75db8803d99a171c1056638ae9b,d32393bafaf1d7caa8147c19838c4090,delivered,2018-04-07 14:12:15,2018-04-10 04:10:35,2018-04-10 19:08:49,2018-04-23 15:39:04,2018-05-10,e90f272d5dd5127cfac1bc553a142b3a,2018-04-07
652c4ec4ac6a529e56176feba143e388,ed5b3952b9a674f798d9cd2fbd854ed5,delivered,2017-04-24 22:57:16,2017-04-29 23:33:16,2017-05-04 15:51:52,2017-05-08 11:47:53,2017-05-15,90b69fcf7c294886b054fec2fe0e1605,2017-04-24
f6cbd0bea76d160391128a43b629ae9f,7e513111ace41e153422909d22223677,delivered,2017-02-16 09:42:48,2017-02-16 09:50:25,2017-02-17 13:34:38,2017-03-02 14:09:17,2017-03-17,6c272e38c324a5850751500bf116dbe4,2017-02-16
5d78d11ebe819b207a2c7530ca368d0e,5f5338d15473dca8643f97ed503ffe96,delivered,2017-04-11 13:23:05,2017-04-11 13:35:09,2017-04-12 09:18:55,2017-04-19 11:18:00,2017-05-09,34e9218036622d21dadebbfade12537f,2017-04-11
eb3b5ecbc980ff057c188ea3b3eaf722,3b9470ed68cc82d8fdaaf97d552e8fd2,delivered,2018-07-04 14:54:19,2018-07-05 16:09:14,2018-07-04 16:13:00,2018-07-09 12:32:50,2018-07-23,11e34afed2f0357f6c4d5220228cd167,2018-07-04
36cd1ce42b6013f372ceb0a80b2a1b7c,c65121f92dcf3a7d5a7b612ea1756bdc,delivered,2018-08-20 22:15:07,2018-08-21 09:10:52,2018-08-22 12:43:00,2018-08-28 23:46:56,2018-09-03,ab451b486278ea9f8e30f3eff137ebd4,2018-08-20
4b673ab5e166be0e06ffbac98732264b,4dab6a9558a5b8884eab4e5abfa71a76,delivered,2018-08-13 16:28:15,2018-08-15 03:25:17,2018-08-22 14:15:00,2018-08-28 22:14:32,2018-09-11,f8a9befd1f5909a1abfbee6367aa362f,2018-08-13
a34ee4377977a9fb56e0f98a503f0dda,d8f4f31d3c53ea3bcbaad5249591871b,delivered,2017-03-11 00:05:55,2017-03-11 00:05:55,2017-03-15 14:05:16,2017-03-27 14:19:14,2017-04-07,5bd6c03585f70d7c822c736ccaa053ad,2017-03-11
0435b65bfd0a1cd1c48a82f5b405ea78,625784c6aad212dc7d249ea10e276617,delivered,2017-07-18 13:32:25,2017-07-18 13:45:17,2017-07-26 17:59:36,2017-08-01 20:34:47,2017-08-15,cb409daad1fb6069e979463ca3de23dc,2017-07-18
6e546451c98a5df5fccb147e1c68827e,8c7e8c23615d33fffa609b8702645cb6,delivered,2018-04-22 23:01:22,2018-04-24 18:37:45,2018-04-26 13:22:00,2018-05-02 22:42:46,2018-05-22,1a36d4ff0116a6903cfacce00fee523f,2018-04-22
1613193aa6cbc8820d6b5c12536722a0,61cc0e28471e6851f580dbdcb60854e3,delivered,2017-03-15 16:00:40,2017-03-15 16:00:40,2017-03-21 11:38:10,2017-04-18 12:12:02,2017-04-26,d35fad2ad0793f125d47ef65036d3de0,2017-03-15
886554d6a49f10154eb12b81a6c4ef4b,42382073d3ad89dce202e766862bc851,delivered,2018-03-15 13:11:13,2018-03-15 13:29:59,2018-03-16 21:53:45,2018-03-24 10:33:10,2018-04-23,071cabf48b9a52a0138a68d3600c3cf5,2018-03-15
e5f3aa7d16fea584333063fee66666b5,2c945d100d97a528af1ad94613a8018e,delivered,2017-11-30 15:47:28,2017-12-02 02:38:05,2017-12-05 00:03:20,2017-12-12 14:52:16,2017-12-26,aa53cf1e7f6ecf44d9ecd0fbc1efb059,2017-11-30
b64b1539563ff515922bd124fd838863,a22203b8cd7210764aa43f442904a076,delivered,2017-05-06 11:48:53,2017-05-06 12:47:06,2017-05-08 11:46:42,2017-05-24 15:06:39,2017-06-21,a30be234246fed38afe084a19a6cc015,2017-05-06
f11d42e75fda2da775eb7a258bc5c635,a7ad58f5e42ef88d447efe9d7b02f4df,delivered,2017-12-14 18:33:18,2017-12-14 18:52:13,2017-12-20 16:38:38,2017-12-21 14:19:14,2018-01-03,566f5414c232319e9941d53b560f9f73,2017-12-14
06d6b5a626ba890f56dae296e1384f75,565ab5b150fec651f51db8783d2e645a,delivered,2018-02-05 19:28:53,2018-02-05 19:50:10,2018-02-06 19:54:43,2018-02-23 21:09:28,2018-03-13,da3f63d7531fe712a6b3cf5699530a2f,2018-02-05
23af56e201b15091e86aebe6bde84b2b,2acc2e222c7d4a93c01b88d28b17a1b3,delivered,2018-02-20 22:22:10,2018-02-21 18:50:31,2018-02-22 23:27:14,2018-03-22 18:34:52,2018-03-19,a2fa707edeeca30a8b657bac78e368b7,2018-02-20
66608d7d921ffa9c6409e0a80f383861,34d4006019767b756428bebda87427e2,delivered,2017-11-29 13:05:20,2017-11-29 13:14:22,2017-12-02 00:18:35,2017-12-04 23:56:42,2017-12-13,843091dadcbbc401bff7450c81ae48f5,2017-11-29
15dbd4fa73037a8e8a6c619e4cffd46c,0f5cbabecf09e4453086b1db91138cb8,delivered,2018-06-01 01:20:55,2018-06-01 02:33:09,2018-06-04 15:09:00,2018-06-09 11:04:11,2018-06-29,a152c44fe84bce34a61421260f371192,2018-06-01
d487835d01a5017cf60bdec36e5e8cff,40357acb43a9f2bac194202545bef741,delivered,2017-05-28 02:08:13,2017-05-28 02:15:06,2017-05-29 11:47:20,2017-06-06 15:35:25,2017-06-21,406f6e67573dcb7b81325409778a1116,2017-05-28
a212cde404c8177ad20508a28c282082,29461056d55b904562da2d9698e6a923,delivered,2017-11-16 13:20:26,2017-11-16 13:50:04,2017-11-17 13:28:41,2017-11-27 22:59:24,2017-12-12,3ee4fae0862a2163c65481a46fd3469a,2017-11-16
52b828f13e08788433adad4a7d135779,3c9a7cf7435eb8c2afd717c62809b521,processing,2018-05-05 22:32:38,2018-05-05 22:53:19,,,2018-06-01,cd48886e32a6b31ca3e4cba232dfd38d,2018-05-05
edcc6b79e8394346ba3ba21b00b4055e,08aea10c40f606e52597486db2b56a81,delivered,2018-04-29 16:03:47,2018-04-29 16:15:25,2018-05-02 08:25:00,2018-05-11 23:12:12,2018-05-25,0c1010da546577eec46de55b3a0a885d,2018-04-29
dacbba6fa0fb5bbe678d0d3007b0be10,21fa276ecd01f54a1a15fe00a51110af,delivered,2018-03-16 11:47:36,2018-03-16 12:09:32,2018-03-16 21:33:29,2018-04-09 19:58:39,2018-04-05,8687a77031ee88331877a7094106865d,2018-03-16
e3143ad1af7d0f2878a66a1cd565e4a2,b0f994938a75bb0c6a523fee2e7c5746,delivered,2018-03-07 13:34:46,2018-03-07 13:48:13,2018-03-08 15:23:00,2018-03-29 19:33:01,2018-04-10,e4fee005515f62ed99b3f4e09d921d0d,2018-03-07
bc58b90707a6d6fe11fa9a989c5a7269,48af1e304b92d53867e5bc8892f2b052,delivered,2017-11-19 20:27:10,2017-11-19 20:46:32,2017-11-21 19:22:03,2017-12-07 14:38:49,2017-12-12,0c9c69e1c09db6c3891e0cfccfd05bcb,2017-11-19
b7a418412fbab412e2a4da964aa235e4,a005c22f16d0a335ffdedd9173c83c53,delivered,2018-02-23 08:22:36,2018-02-23 08:30:33,2018-03-02 01:22:44,2018-03-15 21:51:49,2018-03-16,c6603d9ddf98baf1c313b9ed2e31b95f,2018-02-23
972c2e78e9af23a750a48184aadfca4d,9a311a6bd1f11fe0aa7cd6b77ba8e8ad,delivered,2017-07-27 08:44:21,2017-07-28 08:50:17,2017-08-02 18:22:33,2017-08-16 18:29:39,2017-08-24,ed404c92ac3d0b621e1ddc2c3f947de9,2017-07-27
c6bbe896f3c4d0cc5969d1e46ecab29b,31bfe03c50b9796f8b3b1360ea888364,delivered,2018-04-12 20:51:03,2018-04-12 21:12:58,2018-04-13 23:42:40,2018-04-19 21:58:48,2018-05-08,9a9badb989982a799ee01e6ae061c19a,2018-04-12
31209eb386cfc93a1aeacf7d2da74f86,a7822dc752d3f4130c061c077d15d5e4,delivered,2018-02-19 21:53:30,2018-02-19 22:55:31,2018-02-24 00:42:55,2018-03-23 14:28:41,2018-03-23,175be4309449118e7767d1560a0465fe,2018-02-19
44029f83c215c9ede6c231dda3ab2219,3a274a842a177ac78b8c85127962aeba,delivered,2017-06-01 10:52:29,2017-06-01 11:05:17,2017-06-01 14:18:08,2017-06-13 11:18:27,2017-06-26,4a1d554430a67cc48fc8f2d4d3173867,2017-06-01
33ef079ec39c1b46e6e552e038e67c5b,4a5dc0dfa0d6bb6fee6eac33a4b39d7b,delivered,2017-01-15 18:57:33,2017-01-15 19:10:17,2017-01-18 04:57:56,2017-01-20 16:47:51,2017-03-01,b9ac5718b8f3ff34b2929ac08661f82a,2017-01-15
2f7201b5d9baf4deb546eefab3b7125a,215db0d9420c188518c58426fc946c9a,delivered,2018-02-22 23:29:03,2018-02-22 23:47:51,2018-02-26 09:18:33,2018-03-13 22:38:43,2018-03-21,84719028dec21814e9a26fbfc82f3633,2018-02-22
ab042583eff2cb1ffe2110a95da95d4b,6fb4f2354f36e554ac80141e9128f528,delivered,2018-01-22 12:02:21,2018-01-22 14:19:01,2018-01-24 14:36:32,2018-02-07 21:22:40,2018-02-22,3cc6f2e1b9199837fabb35ff4bf24884,2018-01-22
eb9236a155ca9a3bb5059cdb8e167724,dd9e6d0e73eaac93397a66b760d9809e,delivered,2018-01-07 15:20:00,2018-01-07 15:27:21,2018-01-08 18:46:35,2018-01-30 19:59:10,2018-02-02,883df49734fcf0ed18d2b8f29383a31e,2018-01-07
e14b9bc8bd743ef2c1075fa8c73e52a6,1ac37d50d7aa51410432a743a9c52ca9,delivered,2018-06-15 15:26:23,2018-06-15 15:59:52,2018-06-18 12:47:00,2018-06-28 21:32:07,2018-07-25,1f1089f7fffedd740c72bed29ff77faa,2018-06-15
56ab0ef6726f49b711b84ce62e305c7c,5a643f32f961a09e6046bad513aa588b,processing,2017-11-21 17:54:26,2017-11-22 17:59:31,,,2017-12-13,5313d6ca5d25744acf9877f61c01c189,2017-11-21
65650a09e390bf885b72172fb90348cf,eca08a2a142685e81a822aff8d3df37b,delivered,2017-11-14 00:52:49,2017-11-14 01:06:51,2017-11-16 13:46:42,2017-11-24 19:32:25,2017-12-08,87ae4c644c15d9c6b6f826dfec33b340,2017-11-14
a4efaffc506a395c9cea7402b078c1e5,2020559b0ae9910898ef57a8159533ab,delivered,2018-01-17 10:50:09,2018-01-17 10:58:33,2018-01-24 12:30:54,2018-05-07 19:25:33,2018-02-23,aa59e23a1fdb544008529f635be3f8cf,2018-01-17
fcc69f39fe215a8ad61a1d1b1868d88d,4ff41b1c00bade23c1ddcdabf5fe9009,delivered,2018-06-11 20:19:30,2018-06-11 20:41:01,2018-06-12 14:05:00,2018-06-18 16:22:11,2018-07-04,41d425e9074bd07de94859fa74a2f0bf,2018-06-11
5f67e17e7b6a4989752e40276de7a0e7,e6c67be032549956a7f9f38854a918f7,delivered,2017-12-15 22:58:04,2017-12-15 23:11:40,2017-12-18 20:06:38,2018-01-05 14:14:24,2018-01-15,10d23a44c8eb20d89a2672331327f324,2017-12-15
632caa865e0a254b21fc0ce5e6d02006,7d03d567ff50c1fb0e43724bf5f92fe7,delivered,2018-03-15 18:52:27,2018-03-16 17:35:37,2018-03-19 19:28:29,2018-03-21 21:21:15,2018-03-28,c0b6dee0c3c0c94972417c338b925637,2018-03-15
2f6c001bbacba3575b0852b17b0c3dd1,b2b863015dad63b56e3b9dae12d52f71,delivered,2017-06-04 20:44:34,2017-06-04 20:55:16,2017-06-06 18:38:23,2017-06-14 16:38:06,2017-06-28,adfae35ff9b67586302b5ddb0b7897db,2017-06-04
a4907d55de6b9e1bbeffd51d8ea317bf,6400a543b43290107a7e65480ac3b41b,delivered,2018-06-16 11:46:49,2018-06-16 12:18:35,2018-06-18 13:51:00,2018-07-03 00:51:54,2018-07-23,41e815eba2977f6db0bc60d0a9ea8adb,2018-06-16
cdf2839409d0f62e2b2e61b62b72dc16,852947b57caab58c544343592f5e06d2,delivered,2018-02-14 10:26:22,2018-02-15 04:07:36,2018-02-15 22:08:06,2018-02-26 15:27:06,2018-03-08,4f6d635ff2fd4e30ff5369a7b943eb22,2018-02-14
9cff15929217597cae032b555b2bed95,36b9676e6379e30a0df0cd7eddb48c2c,delivered,2018-06-29 14:40:08,2018-06-29 14:50:18,2018-07-03 12:12:00,2018-07-09 21:56:28,2018-07-20,cc75120073fb03f586924a6091e58e28,2018-06-29
7f2f81a366f89b37109845799fc5bbf3,844cb4ee61b1b92e94afbe24cb04edf8,delivered,2017-11-17 08:47:41,2017-11-17 09:06:58,2017-11-23 18:37:07,2017-11-29 22:34:41,2017-11-30,041caba6a63ace5818387698ea85cdb2,2017-11-17
a9cd6c2b2f5fb42940c49246ea7ce08f,3e7b2479252ab3087413e44eb3354263,delivered,2018-02-02 11:14:39,2018-02-02 12:15:36,2018-02-06 22:43:39,2018-02-15 17:20:50,2018-03-02,8bb85b9ac76770501b8207d0e95b74c8,2018-02-02
ea974c4643d1f84570ee374ac0b44475,5d2a6f43827078f498988bdf977913be,delivered,2018-06-18 16:28:35,2018-06-18 17:01:27,2018-06-20 13:03:00,2018-06-26 19:38:36,2018-07-12,2838f9f0dab6f7621f3ac149ac0b7204,2018-06-18
0350e1e5b7265e23e84b1e467e0b6b82,13a546131c3ba5360cefc5abbb428a01,delivered,2018-02-19 10:29:23,2018-02-19 10:46:58,2018-02-21 20:08:30,2018-02-23 23:52:25,2018-03-05,4d76d18a3c2a23f3610de21232fc8bf1,2018-02-19
9a01e11eb3e82a6d9e7bd3f3acafa7ca,49206e681a7405da8d06cf16883575ff,shipped,2018-03-02 22:07:38,2018-03-03 15:35:24,2018-03-06 00:04:29,,2018-04-02,b500d09f227a12798d03911752d1c7d6,2018-03-02
13dabdb9dbb49bde13dd90285c2640eb,bdeed2682d24050311eb6f60d75721e5,delivered,2018-02-12 19:26:15,2018-02-12 19:35:28,2018-02-15 15:52:28,2018-03-15 18:58:38,2018-03-13,873955fc322cc2bb2ddbbdfaae0698bb,2018-02-12
b28cd85f7b7464e08e64f88fc6f6123e,142971bb683b69e32bf1b691f9acc928,delivered,2017-06-02 08:48:11,2017-06-02 09:03:35,2017-06-02 14:49:03,2017-06-09 12:43:46,2017-06-29,5722e0ac013a86507a09e7b8d4b1d668,2017-06-02
6596197a74edd396e3d34c53eff4ad6f,524d1030b6d659f0aa5e03f459a89b34,delivered,2018-02-07 20:18:57,2018-02-07 20:33:02,2018-02-09 16:44:31,2018-02-15 15:38:45,2018-03-05,0f0b49d45120fcb28bda56e94bc85673,2018-02-07
2e8de999929cf628d91b5a78fb7c71de,79990624398c7f07be8365fe30da10a1,delivered,2018-04-16 10:37:51,2018-04-16 10:50:58,2018-04-16 23:32:38,2018-04-24 23:34:32,2018-05-11,5db7217aca46713f098e62c6e33990ca,2018-04-16
9eee5730bfa05aa51dea08370c871abb,34f6d97c05765ba01cc9a5d58ce3ab7e,delivered,2017-09-18 22:36:33,2017-09-18 22:45:49,2017-09-20 20:17:56,2017-10-03 14:00:15,2017-10-13,052862d82d6f60b7f189002fd598a135,2017-09-18
66656ddf8a0954cd14d95c8d3ed6678c,839b4dc2602b8041b1593c8ad4c08682,delivered,2018-01-09 14:08:12,2018-01-12 08:53:28,2018-01-13 02:15:46,2018-01-23 19:02:53,2018-02-08,955889da75fd1eccaa3eeffe1adc034f,2018-01-09
121bf0ddd1c3d94dd344d3f0e81de607,76151a775ac037b2e2acea0033ad43e4,delivered,2017-02-10 12:01:25,2017-02-11 06:50:19,2017-02-20 03:54:56,2017-02-23 11:23:29,2017-03-16,d339ed835c9d8fd6b1e3c5cb60850bc5,2017-02-10
b483e46d6e6756224ac7bfebadf91e15,d3a05bd8ea655c5e7d56120b0b23669f,delivered,2017-07-12 14:11:35,2017-07-12 14:30:22,2017-07-13 18:32:33,2017-07-14 18:38:01,2017-07-27,b2fd1deaa3bc329937e3390404303e60,2017-07-12
7ff3ca8faea7dab783c1b45a736fb744,10953b2bea8e8eb31821c2d41e85c4dc,delivered,2017-06-30 20:48:51,2017-06-30 21:03:40,2017-07-03 12:32:22,2017-07-05 09:07:32,2017-07-13,82cf026d2029de6c690c1248f63962d4,2017-06-30
ed74f58267e72cfff04845c801ae8bf0,b5f6b4b52d86c568a9b41c6babaebb20,delivered,2018-04-25 22:01:26,2018-04-26 21:55:19,2018-04-27 13:12:00,2018-05-02 16:46:46,2018-05-23,5098a0313c0a6e4566a3d17151d54ebc,2018-04-25
9216e5f315f7427f8bc325d861e071ec,028d9c8cb891f2860106890cbc40834f,delivered,2018-05-03 12:49:12,2018-05-03 13:11:49,2018-05-04 07:49:00,2018-05-15 00:27:57,2018-05-23,73cb5bd8850865a23fc9c1593c17ce6c,2018-05-03
e61b3892b434215d5575d1f4c1b94da4,307329610b09cf8c45bec0d871eb1ec8,delivered,2018-07-23 19:25:17,2018-07-24 10:31:13,2018-07-30 13:23:00,2018-08-02 20:16:39,2018-08-15,6c3974f2a296fbcb0aa071279dbf6f24,2018-07-23
75626319165f5a98618d8916fd5c6df8,7e8b40da1dd60be07114921fe802381e,delivered,2017-11-02 21:45:17,2017-11-02 22:06:01,2017-11-06 19:11:54,2017-11-14 18:09:10,2017-12-08,f08e73cf7f4d6403ec07e52497eb01bf,2017-11-02
b16a6ea9c85cf3f6644f1529e04982da,1b2e930fc7821a521be8b5dcffa540e0,delivered,2018-02-20 14:06:04,2018-02-20 14:28:47,2018-02-22 22:36:31,2018-02-26 22:22:24,2018-03-16,437377ad0f9e456982709a56a513640f,2018-02-20
71f2cb6a79279eae67ab5e770b2c2053,896fbb79da75a6bb466de84b5dcacc41,delivered,2017-08-31 14:26:57,2017-08-31 14:35:25,2017-09-01 14:04:10,2017-09-06 15:13:41,2017-09-20,e3df2646a7693da42f14cdbd5fe7e969,2017-08-31
aeb12b49be31428bee39c92e36968325,def2837c388d3254b44cc238dfaaa628,delivered,2017-03-27 20:31:23,2017-03-28 03:50:38,2017-03-28 08:24:52,2017-04-13 10:42:00,2017-04-13,e12de94bb753d1bf027df4aa95212a6c,2017-03-27
fe9a6d1cc6a07629474a4ecb1ed9077a,e98e177d7d60c154a7da57096c1680f4,delivered,2017-12-11 23:18:51,2017-12-12 00:05:04,2017-12-22 08:39:00,2017-12-26 18:25:55,2018-01-04,1cdde99739da4d143d41c2a6ac81c82d,2017-12-11
23c4889b86a761e3cc76cecad70bff4f,7c397262827fc3b4fb1eaee0d480cbbe,delivered,2018-03-09 02:40:19,2018-03-09 02:50:33,2018-03-10 17:21:50,2018-03-19 15:42:33,2018-03-27,52343fcfb4c1fbb0f91f9752d850d5fc,2018-03-09
2f2d19b0f7b592189062b9ba3eaecc16,ff9602a062f03021213c2ffcfd7f7e9d,delivered,2018-02-27 17:09:11,2018-02-27 17:28:25,2018-03-01 01:23:26,2018-03-16 01:06:26,2018-03-26,e6428c4b3e9771c097f0ec6d16fd1d96,2018-02-27
e0b23ee5e7134cc220b6bbba915ee91c,04c6e463d6568c157c2b96e5a4e34a23,delivered,2017-09-19 19:46:11,2017-09-19 20:04:05,2017-09-21 19:11:32,2017-09-29 20:49:52,2017-10-05,ad364a72320b9cc9fa436bce66ef8184,2017-09-19
9f98d6530155e3b3869f47e53834b562,0f1749055e31c2093f2392e8a639e1be,delivered,2017-09-20 15:26:33,2017-09-20 15:44:19,2017-09-22 18:46:47,2017-10-03 23:18:18,2017-10-13,506e2ff6b5a02a479e1f12b2a37deee4,2017-09-20
2bfb6645f99e561b82bbdd84c98da7e1,1052b949c000efee96083e5b24bd7a60,delivered,2018-05-11 22:49:21,2018-05-11 23:11:15,2018-05-14 11:13:00,2018-05-15 15:56:33,2018-05-24,ab652e677e82ebb2f1617988d70f9f6c,2018-05-11
e0392865844b1934818565a516cf8bdb,9146a82ef0aef149115d9365555b4343,delivered,2018-07-18 12:19:12,2018-07-18 12:30:20,2018-07-19 13:58:00,2018-07-23 21:30:35,2018-08-09,34aac96d64fc005f6a378efdae534788,2018-07-18
a4df4e468e42ed5687c3ee2e925239a7,e5e50b9e762526a12499a7bb4e97a862,delivered,2017-12-04 17:42:45,2017-12-04 17:56:23,2017-12-08 21:38:48,2017-12-15 23:42:41,2017-12-28,0c4266dc13e119f7b8d87ec0f31f3439,2017-12-04
1cbc4deb78977f04e2e3c262a613abc0,091644e5b77192246134faa0a042a356,delivered,2017-11-25 13:31:25,2017-11-28 03:32:40,2017-12-01 21:59:03,2017-12-07 17:48:53,2017-12-15,3d6ccc45f51d061c0632fb284770be14,2017-11-25
8c98f0aff69a4ac8620e15058c497092,0b706fbffec4cc332af5995e683ba779,delivered,2018-06-13 22:04:23,2018-06-13 22:38:47,2018-06-14 12:49:00,2018-06-25 17:13:28,2018-07-05,d28251bfc9407265d899a7be71c0876c,2018-06-13
c7a01909a06bdf140604711177208036,ccb8fcc1f4292df715ceb9e190dd8682,delivered,2018-08-08 14:47:01,2018-08-08 15:04:57,2018-08-10 12:11:00,2018-08-20 16:46:33,2018-08-28,899f643cc5cac51380894b9bcea1787b,2018-08-08
b86ddd788f0b18de16cd6562b3a9266c,5f9d934496cdd0317bf9d307fa131859,delivered,2017-10-09 08:49:32,2017-10-09 09:04:54,2017-10-09 20:23:49,2017-10-10 20:32:43,2017-10-25,9aace06a372bf894a10503c19033c2ec,2017-10-09
9fa33f47b8defffcb858b25dff6c55e6,b8e0b0edff2de6181d492311d927769e,delivered,2018-01-22 10:10:44,2018-01-22 14:15:52,2018-01-23 22:29:37,2018-02-14 22:51:54,2018-02-15,af4d3cd0b29b208c971ff6ad78b41b79,2018-01-22
eabfb81cf01d772d65405ff27c793ddb,e44d9a10a0978d6c21403879bf8076d0,delivered,2017-01-23 16:57:22,2017-01-24 06:50:18,2017-01-25 10:56:42,2017-02-02 10:25:07,2017-03-20,7fbb6d8f1f76288d32ab1a4e74da34c5,2017-01-23
a71763b37d5723556f170c6b45f540ed,750552a134fd72b2627d5dacba2d23aa,delivered,2017-11-16 13:53:55,2017-11-17 03:46:23,2017-11-21 20:32:53,2017-11-24 19:27:33,2017-11-29,fa8a32304af9e335488c8ddae5f6bbc6,2017-11-16
beeec4fe9275a411277354695e721252,15a581dd2c1425a1a859d6dfe00d69bc,delivered,2018-05-06 21:42:44,2018-05-08 19:34:55,2018-05-09 12:35:00,2018-05-14 14:03:45,2018-06-04,30ee451beee0f5463a987c36584df9ce,2018-05-06
07f2e5679e13d0e45de9da85bb833558,c99704d45e509477b708b7ed594fb324,delivered,2018-07-11 13:48:12,2018-07-11 14:06:16,2018-07-11 18:13:00,2018-07-12 21:31:48,2018-07-19,c5f8601f143b47bd218cb9dd49d3c79c,2018-07-11
30c26d11b6d707abbd543b6d1910106d,04e348e604e760a16a4d3160462c73f4,delivered,2017-11-24 10:49:07,2017-11-24 12:32:49,2017-11-27 22:14:40,2017-12-12 18:20:56,2017-12-15,321aa4705a6597b7bb5a0c42ee121d3e,2017-11-24
ca28049cbd8e65a6e26834584bb3d38e,c218c0ad64ba488d6abf967e0e346fb2,delivered,2018-02-08 01:34:00,2018-02-08 02:35:26,2018-02-09 22:17:20,2018-02-22 16:33:53,2018-03-08,4dea07b5dd15f4087a2b00984f3755f8,2018-02-08
239f380355f65dcb68551f07d16fc4a8,4150cf7549e3776c9c3c6b54349b23f3,delivered,2018-06-26 15:00:56,2018-06-27 14:55:12,2018-06-28 14:35:00,2018-07-13 20:48:26,2018-07-26,c0d2c6f28465444cbe3ad5d91418afe3,2018-06-26
dca86af3a25e55e88e77e0197f4b6c2b,cd91f11fdee723232212c46ce64b4809,delivered,2017-07-18 10:12:26,2017-07-20 02:11:16,2017-07-21 17:59:52,2017-07-24 15:39:45,2017-07-31,46baaa8dc89052125448d2e07445809e,2017-07-18
98f7181cfa8722f0a06d9c025d5f71fe,0d18e5ab5d69e1bac8dd02e02c9b2230,delivered,2018-02-12 14:04:30,2018-02-12 14:27:27,2018-02-16 00:05:09,2018-02-22 21:08:28,2018-03-19,985193cef819fb723765f65bb2cb0379,2018-02-12
3fa8403b65d7e40a6d9ceed8802b4d96,94d00a2a42c7af169f6f5f44f7a86b75,delivered,2017-11-26 17:58:43,2017-11-26 18:12:57,2017-11-27 11:34:44,2017-12-02 16:58:45,2017-12-18,9c24e88d9c048db2933562f4457dae3a,2017-11-26
0df706c2c6b700754129d98ffef2b669,ef3bbff3023c5032593c0e754f87114a,delivered,2017-05-23 20:15:27,2017-05-23 20:25:19,2017-05-24 15:17:54,2017-06-21 16:47:51,2017-06-28,dcaece2588d9688376b75a288451b77a,2017-05-23
bee896dee409e283b040fd0b5cd2ae16,bf7829c59bdda3409fdb934815d53836,delivered,2018-07-05 21:00:10,2018-07-05 21:12:05,2018-07-10 11:12:00,2018-07-13 14:41:52,2018-08-06,ac9ec8cf5ffa30efdb78abc6c2239e88,2018-07-05
db88396cf9aab6635eb909ed423d6662,167db18e4fbd9ba3dec2aa5a7b79969b,delivered,2017-05-26 14:36:30,2017-05-26 14:50:14,2017-05-31 15:47:23,2017-06-13 13:52:05,2017-06-20,53af1cb6dfe5bb4d37657200449e9134,2017-05-26
26a232627994b0bdd4a4975bedde0e63,afdde8786fe503ed8704b7b091d9265b,delivered,2018-07-16 14:00:31,2018-07-16 14:15:14,2018-07-20 14:41:00,2018-07-23 21:35:52,2018-08-07,7efe82de6f73c5310774575c3065409a,2018-07-16
914850b13acc6b7b75bed132fcc7d0bb,caafbaf20864b4b9ce101b71a74677e7,delivered,2017-12-02 12:22:42,2017-12-02 12:32:29,2017-12-05 22:46:52,2017-12-14 12:22:13,2018-01-02,8f9d4a5f98697f8b905a7eb0a1352a81,2017-12-02
777b4b0b8467866361a717d277ef1b1f,c21e32dc14bf1951f1cde9b3d149f35b,delivered,2018-04-02 22:55:40,2018-04-02 23:10:16,2018-04-03 21:08:55,2018-04-16 20:56:46,2018-04-19,e3473cd317c18ca696e241815aed4de1,2018-04-02
b16eb7a0c75d99f6818fc68dffa8f11d,6e340889d05dbbe467a8de3ac31ba55c,delivered,2017-05-18 11:18:16,2017-05-18 11:30:14,2017-05-19 10:28:22,2017-05-28 11:19:46,2017-06-09,513716fd55dc94ade4802ea4f73a3dab,2017-05-18
be3f2215558f0027b83b3a51e6454c3e,2098460678d4ec096748c21bea80fd87,delivered,2018-06-19 14:04:13,2018-06-19 14:17:40,2018-07-03 08:03:00,2018-07-09 14:32:00,2018-07-19,8d4579526cbb0bf83069597c9c27533d,2018-06-19
b3443b9956f438b73ca1d434c1d209d4,50a6b9bf2be166cbccc5b039176833bb,delivered,2018-02-15 08:13:47,2018-02-16 08:07:35,2018-02-17 01:33:25,2018-02-20 19:38:56,2018-03-02,603cefd1ec4a18c001bab386bdae59f2,2018-02-15
f13e2dd2c1c2f64bad1edb05bf4f241c,6641d4bc99bd20a09ec8c66f4c7ae0e3,delivered,2018-06-28 10:55:54,2018-06-29 02:53:16,2018-06-29 13:39:00,2018-07-03 19:48:24,2018-07-20,94066c043a965ce8a9b413e7e3fa8692,2018-06-28
9b189f6cf2ef734a7dd0419ed3c64d99,f8508e9ec506a046a25f3a4a63d0c630,delivered,2018-05-11 10:49:39,2018-05-11 11:09:02,2018-05-14 14:49:00,2018-06-25 13:08:37,2018-06-13,738ee47ca7799ec680527c31c73b7ef5,2018-05-11
0e91a45e000263f1a4d58c5ecb5a52d7,4956084127edf70906aa6ffa9ce1e635,delivered,2018-01-09 15:49:48,2018-01-11 10:08:50,2018-01-16 22:09:29,2018-01-22 23:06:18,2018-02-02,be1a0dfedd7deaf8f8b3f3385b0bbc82,2018-01-09
296b1479f16b9b8b7ac30b42d5b35c49,04509e3fc8b310f74b4ee514f0c1899d,delivered,2017-10-16 13:30:58,2017-10-16 13:49:42,2017-10-16 20:09:57,2017-10-18 21:02:39,2017-10-27,66cb29267e1bdc78dd85b30452251579,2017-10-16
5e6786653a325a061d408b04a91c0233,b7cb32f9af2209cd24f528f67ca51f19,delivered,2018-02-09 13:46:13,2018-02-09 14:15:48,2018-02-16 15:35:43,2018-03-07 18:36:45,2018-03-08,47b22f6eef47620586ac43f2660bcc82,2018-02-09
8ddd6fc19a466ec0847fec42d69824c6,dd43426ee4923b0a1c0dcd48cc1ee36e,delivered,2018-05-19 18:43:01,2018-05-19 18:58:35,2018-05-23 13:36:00,2018-05-30 19:08:23,2018-06-18,12ebfdb41392890f9d7a8de957274741,2018-05-19
4d19a84d4fe92e95e982b879faa52c20,c286d8d1ca1868b73e7e89118129fdf2,delivered,2017-07-25 22:57:29,2017-07-25 23:10:14,2017-07-26 20:04:25,2017-08-01 20:56:31,2017-08-16,0adf2fc24a06dc36031666d008044c6e,2017-07-25
b65d2760746d1872f57f872c7c881c4c,594d026e19325c3e1a570e17b0cc0543,delivered,2017-03-05 23:21:34,2017-03-05 23:30:17,2017-03-07 08:44:14,2017-03-20 07:06:08,2017-04-04,aa35650a86af4216f8a8a5c90339bdd7,2017-03-05
b669dbb8187ebd3a27a9d710d9e53194,bcf47f22d180c8242c96c83bf11fdc51,delivered,2017-05-17 23:58:42,2017-05-18 01:25:18,2017-05-23 10:08:31,2017-05-31 14:59:43,2017-06-13,490365d9f683dc347884bd697db83052,2017-05-17
c1fbc5439e7dfc2d85fef29b7353bbdf,685bdb800c0df843bb14d7a7a241c0df,delivered,2017-07-17 13:34:52,2017-07-19 03:45:21,2017-07-20 18:31:53,2017-07-26 01:03:32,2017-08-09,2b09ef35e74a0c582c8d846bcb5b7665,2017-07-17
469a464be162099fa2c0e8f1cfc871db,be687363317507b670445b40f548a747,delivered,2018-02-21 10:13:41,2018-02-22 02:08:57,2018-02-27 04:52:37,2018-03-25 14:35:04,2018-03-14,dfefe9b186f8c4959ae173c4c5ec4812,2018-02-21
3c901df8e80c646961877910379f4c1d,745b41873a19a0a1b38807987bd21cb2,delivered,2018-02-09 20:03:05,2018-02-09 20:15:25,2018-02-19 18:14:21,2018-04-10 18:24:44,2018-03-06,8818fd7d9ba28c959d5e5a3e2abebb54,2018-02-09
1e648b21368a3ed91634edf2b262d33c,687a935172033fd0c5fa350e5cfe1458,delivered,2018-01-11 14:59:27,2018-01-11 15:09:31,2018-01-12 21:10:16,2018-01-16 22:25:06,2018-02-09,abd8527d80fe223ffa5c47e09e325fd0,2018-01-11
df66e94131ba6d4c45c7b0f75680d29b,4baaaf6362f7e72690d2c85b4f6f9eff,delivered,2018-07-17 09:42:13,2018-07-18 03:01:48,2018-07-18 10:10:00,2018-07-24 23:39:44,2018-08-01,9976a6eff003bbc0280a428ed781f0e1,2018-07-17
e95fc2995e8119f6216b0fed9887ef3b,97144965e658e088379f20e1b464cf2c,delivered,2017-11-26 20:36:27,2017-11-26 20:53:30,2017-11-27 16:28:06,2017-11-29 16:03:36,2017-12-18,62b9dc37369a8f35376fd855473dd86c,2017-11-26
fc56d6734e3fc6fa34d7e752a49bf25b,59c20aaccd770eacb8b3dac4b3ef9358,delivered,2018-05-23 12:40:38,2018-05-23 12:54:55,2018-05-24 10:49:00,2018-06-07 16:49:06,2018-06-19,ee3074a0ae884d6cfbe6a79a3f76f729,2018-05-23
3928ee08774d7c7850f58871b25ce3ec,7a74aa94eccd47b6c280dd22bdfaa5d2,delivered,2018-08-22 20:55:15,2018-08-22 21:05:13,2018-08-23 13:36:00,2018-08-27 14:06:46,2018-09-14,b7ab841c62e1ac37c5784b4bcb675b39,2018-08-22
9a697390de6da65c977ba337071a06a3,7d428145472db20c245cfc1d7a6af615,delivered,2018-02-06 09:43:31,2018-02-06 09:55:36,2018-02-06 21:33:13,2018-02-21 20:39:27,2018-03-09,8e5b6612569e488462298e3eb4ecbed9,2018-02-06
ade5be9864c75127b5d9dbec4850da34,9b36e720f2f357d9bfc8a1b27706e6a8,delivered,2018-03-29 06:43:10,2018-03-29 07:35:08,2018-04-03 20:26:58,2018-04-10 22:54:48,2018-04-20,617fef83062c1fcccd20798268cb6199,2018-03-29
2cbb35d23159c9f44b1e6ee4735181d2,022bdd440f8a37e8ba62d67287135a75,delivered,2018-03-28 11:29:44,2018-03-28 11:47:56,2018-03-28 21:50:58,2018-03-29 22:58:53,2018-04-18,3411eba8bec9143a5c999f80226aaa5e,2018-03-28
939b9bfbbe679418ac73646f380353ec,ada98c5815c41b1489a6b5761a36655e,delivered,2018-03-25 14:11:36,2018-03-25 14:27:49,2018-03-27 00:42:07,2018-03-28 19:47:26,2018-04-06,be9f69243b876464c5ce479be020eede,2018-03-25
4c3499a7df623b40778ee01a90811a2f,7422267f46a52991b0a78f0e10e1ca65,delivered,2017-06-12 13:49:41,2017-06-14 02:30:19,2017-06-16 14:58:43,2017-06-19 21:33:04,2017-07-05,1188233025a9769168e1f1f1981c2444,2017-06-12
04b7738ad5fbb213eeb7a2145bea8242,46c8678b6afe29d90d3142f31ff01791,delivered,2018-05-16 10:58:56,2018-05-17 02:15:23,2018-05-17 11:42:00,2018-05-18 20:22:23,2018-06-08,dd9b235dbe7d48c82caca4da097a2240,2018-05-16
cb2ca9584ce09074196d8fa3f3ae804b,35c5d6d54387298f596d72d4a3b12721,delivered,2018-04-20 11:16:37,2018-04-20 11:31:15,2018-04-24 00:38:33,2018-04-24 16:32:06,2018-05-09,2b815237a1c6cb549b7a44e1c522dfef,2018-04-20
3e52730ef2fac6c1dc97b85aa5180ff0,0148f71e97a15ed3cf071ea28250eb87,delivered,2018-05-18 14:14:10,2018-05-18 14:34:54,2018-05-21 09:15:00,2018-06-08 11:33:30,2018-06-19,7a58b4b37ece4d202545b0bf98a18efd,2018-05-18
654c6463f421d51939eae082dcc3b15e,84b3985a451fbc57255b5f65c2763cca,delivered,2018-04-17 16:03:58,2018-04-17 16:30:18,2018-04-19 19:36:39,2018-04-30 14:40:53,2018-05-14,d335baecca5030833f520b089d1f5de0,2018-04-17
a3ba21f961c9d61f7502766974371616,82a5458c7efd1055b6ab24f6985fa233,delivered,2018-03-04 08:56:57,2018-03-04 09:09:52,2018-03-07 20:35:21,2018-04-17 21:34:51,2018-03-27,7c9413ff10fed052fb495b0ad0cec637,2018-03-04
26dbf6db0bc6942823fa21ef58e3ce4f,30d149ba8c3793107e4829a8aaa4406f,delivered,2018-05-05 14:20:42,2018-05-05 14:30:13,2018-05-07 07:26:00,2018-05-09 20:21:54,2018-05-21,47c89a36acb8a73127ec91d0542289b5,2018-05-05
c9c727aec325e060789405c422a90c1d,24422572c50718665f5a8589e5d55d78,delivered,2018-08-14 10:03:27,2018-08-14 10:15:17,2018-08-16 15:18:00,2018-08-25 17:48:33,2018-09-20,5a0ff93cfaa09dab931deb90247502b5,2018-08-14
9634a2f4e8ae92d44d182b5acddb8955,a9eff89343d9d04ca381e8a374cdbf10,delivered,2018-06-13 14:07:57,2018-06-14 02:39:42,2018-06-14 14:29:00,2018-06-20 21:46:52,2018-07-05,d407f1c9853dd7d35a90d1efc1f1df65,2018-06-13
700bf35cd16de6e4d5d1e6e023b0221d,a03d07bf4aa2b1c94d11585aacbdaac2,delivered,2017-06-14 23:41:17,2017-06-17 03:49:57,2017-06-19 11:08:07,2017-06-27 14:32:10,2017-07-07,bb58670190dba4e9b320f84cb98317a3,2017-06-14
32c28df30cefeb8eb92d79d4adba2e1e,545bd426acb3f30a7672e7d5769431ed,delivered,2018-05-23 11:48:01,2018-05-24 02:35:18,2018-05-24 15:49:00,2018-06-05 17:44:51,2018-06-14,2bb77ab6d3b1f3e81e79f40dfe35becf,2018-05-23
9b05f77ce0774039487118673d490f37,dbc0875589e7140d0f2fdaa85de3c1aa,delivered,2018-03-06 15:16:43,2018-03-07 03:08:32,2018-03-08 21:55:27,2018-03-14 20:38:48,2018-03-26,6e0e3c6485417542b5e5dc80dd6139d4,2018-03-06
2b3c116f4ae22a4b4a127c73d39f5d6e,220367f3c3fb236001b6afb8d3c0e9aa,delivered,2017-06-24 01:01:40,2017-06-24 01:15:07,2017-06-26 14:33:16,2017-06-30 14:58:46,2017-07-18,8a9cd20ef841095e7c0ebc28889670df,2017-06-24
69d4b792fad7f4acff2e38e426f5e3ea,7681fbcd3ede0e49dd00c993245ffb3d,delivered,2018-04-04 22:14:05,2018-04-04 22:28:45,2018-04-10 23:58:51,2018-05-09 17:11:28,2018-05-03,967a0b2176d10e4fff035035b224ee04,2018-04-04
4460d444aff619a6e34f6080d64a3e73,6e1f1a05297f39ca54b3949e68c9a0a6,delivered,2018-03-15 16:31:03,2018-03-15 16:49:07,2018-03-16 20:12:51,2018-04-06 17:39:29,2018-04-17,81ec83db6df37d3fb8dea9143e1688a8,2018-03-15
ce8502b200546c12a54e51a65f313f34,b494a22912f25bd9fd639019c32607ca,delivered,2017-03-23 14:42:05,2017-03-23 14:55:08,2017-03-28 12:24:06,2017-04-07 16:52:30,2017-04-24,8faed9f9905a7647bb40da044ebcd769,2017-03-23
fd367f6c9ff07dedbdbf5c44b23d209a,5ddb3dc4aee7f86a48f39e2d1b836a41,delivered,2018-04-19 11:17:13,2018-04-20 07:31:40,2018-04-26 18:54:00,2018-04-28 00:16:56,2018-05-04,a753abf624ce896d0afd0618b8708aa5,2018-04-19
3a353ddf8b0cac74d4b4376f526283cd,33f382bbe8b6dd6a3b7f4f161b05e45e,delivered,2018-05-16 22:27:03,2018-05-18 05:34:21,2018-05-18 14:28:00,2018-05-21 22:06:30,2018-06-05,1e3d5ec055904eea7d4e95d60a1ad2cf,2018-05-16
fdb6e644d463ad142d9ed03c9f6222a6,9ccf002a05faa1131c4ffb8b3cfc0b46,delivered,2017-04-08 16:23:45,2017-04-08 16:35:23,2017-04-11 15:44:15,2017-04-19 13:15:03,2017-05-02,cab46195bdcc56a6b42eef09eb1b64be,2017-04-08
b4568e6876016532c655618a5994591b,596a331453a4d186667190bc667aaec5,delivered,2018-01-26 17:36:28,2018-01-26 18:00:12,2018-01-29 23:22:34,2018-02-03 11:44:30,2018-02-21,94b39f740e201c88cd840c953ec4b48e,2018-01-26
26b66bcb4cb37fe553c114832d3a5e45,e75cd2b8044ef17f9fb52badd80a76d2,delivered,2018-04-11 18:17:34,2018-04-11 18:31:29,2018-04-13 16:04:32,2018-04-15 14:04:32,2018-04-27,bb538da36f11aa0fd7c707f69fc85c3c,2018-04-11
fa44b98d202360f1246681a3e0405db4,ef95061d7fabce59a19b991b10e9bfc5,delivered,2018-02-05 20:25:11,2018-02-06 04:32:07,2018-02-10 11:54:41,2018-03-17 17:57:18,2018-03-05,6926bce378918c0796934a2403ed36b2,2018-02-05
9d2a11bab82354e3c134c7212988228a,7cb29cd77ba1de0bef1bd69d0e6f185d,delivered,2018-06-04 15:55:39,2018-06-06 02:35:14,2018-06-06 15:46:00,2018-06-09 17:22:29,2018-07-05,0ca60f3b899e4c26f7158574acd3d628,2018-06-04
41267d204131714c919730fc9cf0adee,4a2231202fbd4dfb5678c0241d7cf141,delivered,2018-02-12 08:31:11,2018-02-12 09:48:44,2018-02-14 17:29:43,2018-02-17 00:16:36,2018-02-26,c55d3a40c29291e294061276caa65dfb,2018-02-12
b97c941aaa3079b3eaef0786f512bf13,6b0fafb93f2ffe553ee4226de796542a,delivered,2018-04-08 20:58:09,2018-04-08 21:10:53,2018-04-09 19:11:54,2018-04-13 13:52:43,2018-05-03,ea8bdf937b5ceae8fbaa953862dda224,2018-04-08
378035ea5017f82d47a885f52fff9be1,a5cc05472dc39567d79da21664133388,delivered,2017-05-05 11:25:20,2017-05-09 09:43:18,2017-05-10 03:42:16,2017-05-17 14:06:02,2017-06-05,d984dee7d1584f0e6f2141b680f7dc32,2017-05-05
4c57f545143e8865ca2347d8cba154a7,4d4f3df77247391775a95ca8bf017d8c,delivered,2018-01-26 11:21:04,2018-01-27 13:33:05,2018-01-29 21:16:54,2018-02-01 17:54:56,2018-02-19,9be9d6e41cd2cc9833c427f13ac6bdda,2018-01-26
746894acbab13a8cb17e369fdee65152,a5c106ac83bc1dad699205d5a3cad955,delivered,2018-05-05 17:11:21,2018-05-05 17:33:27,2018-05-07 13:48:00,2018-05-20 16:03:17,2018-05-29,64812f554a1e0ae09babcc0ee08715a0,2018-05-05
499331448de4dfe6a702b8550821720b,098c4d55ae6761b13901be67e6f22ac1,delivered,2017-02-24 15:28:22,2017-02-24 15:42:19,2017-03-01 08:22:24,2017-03-06 09:54:48,2017-03-27,82e96180bc6414637a1c25c69d36037e,2017-02-24
bd2e72e4a107f535d737c2c2a52a018d,6f47b7699f8a027611922b02d6078f91,delivered,2018-08-22 02:28:35,2018-08-23 02:44:20,2018-08-27 13:51:00,2018-08-30 20:23:53,2018-09-13,2f7040ff8e20664c0856a138a97eecce,2018-08-22
c6984432d9f4eefb72712f14a8103b6e,45c4444133e260eb729533fbf3b1837e,delivered,2017-07-23 09:24:01,2017-07-23 09:35:13,2017-07-26 16:47:46,2017-08-01 18:27:38,2017-08-15,e7931edb23d9f6c6cbb441a68134fa00,2017-07-23
befae3252c7f7ffb6abdeb4d3f4eb668,873951dbadc164fa5d61eed16cf38770,delivered,2017-05-16 16:41:51,2017-05-16 16:55:19,2017-05-18 06:35:58,2017-05-25 15:49:42,2017-06-05,b9066c8cafd15041ed94ef1ecb116d4a,2017-05-16
38aa75897750a332bf16c880772df768,2dbaa0a8ff7368884cb638b3fb17638b,delivered,2018-05-04 14:06:34,2018-05-04 14:15:29,2018-05-05 08:40:00,2018-05-08 18:46:37,2018-05-21,b1b93863f915666b37dc18a81921f281,2018-05-04
18aff2402dfe994cc353173909a740ba,d79fb17b8cca444c9a779a23137074c6,delivered,2018-02-19 22:50:37,2018-02-19 23:50:29,2018-02-21 17:45:23,2018-02-26 18:29:09,2018-03-22,6788c2de733d940f2a56920fd7054a9c,2018-02-19
dcda6f9e7ef0110e7cfc192c003c8ae4,07730bcce8f619f15485de16f0793767,delivered,2018-08-07 10:39:04,2018-08-08 03:24:53,2018-08-08 14:04:00,2018-08-15 15:58:35,2018-08-21,c3ced12ab08e67844644204aea54f2a0,2018-08-07
c98f20eb107a235a15b60b2b5de731da,0db14e678766522f6cb08781de60626e,delivered,2018-08-05 11:07:44,2018-08-05 11:24:17,2018-08-08 15:34:00,2018-08-17 19:41:09,2018-08-16,d86e4bc2e78c75143b9dff6ce91a3a09,2018-08-05
194e7b03e4469b2bcc7ba3c353077252,2e8bfe5a56818eccb5017d88820db31f,delivered,2017-09-09 11:00:18,2017-09-09 11:15:37,2017-09-12 20:04:01,2017-09-18 18:31:40,2017-09-27,7c1b664bbfb23001b560f3fbcb49b8ae,2017-09-09
409e6afee2a8d16df0be7d30f6278067,b174fb91c364d103fdbe5b9ccd95a991,delivered,2018-03-01 00:40:25,2018-03-03 02:51:37,2018-03-08 19:52:53,2018-03-18 12:21:02,2018-03-22,f494b1241d3a74fb58feeb1d6fd23830,2018-03-01
8cbb4c68b07f1ffbb2a640bcede44b4b,3c11f4f0d688fcca55850744ec691440,delivered,2018-03-01 10:25:26,2018-03-01 10:49:47,2018-03-12 16:29:47,2018-03-22 11:27:49,2018-04-04,e23e90a0ff97d025c01377537ddeff05,2018-03-01
3d7fb1dd6ff6f0eedb9976eda81e4a95,e4d7da67c0fd69d37a1ced68726d9b25,delivered,2017-11-24 12:33:11,2017-11-24 14:39:31,2017-11-28 18:32:26,2017-12-05 01:16:56,2017-12-14,8b789c08cf290e40475d63308dafa12e,2017-11-24
a867d77ca2a1f66f8ef67750c711d074,0e2a4c9eb384b1ded134d519b6baa0fe,delivered,2017-07-13 18:53:08,2017-07-13 19:05:41,2017-07-14 16:49:31,2017-07-20 17:17:52,2017-08-02,e5f02d7d17c6b96e78f078a555516a23,2017-07-13
430545209b9cc4b7ef7ae765a54816a7,2b1b46ed74054a19c6b1751c0284c1cf,delivered,2017-05-22 12:58:59,2017-05-23 04:10:25,2017-05-27 04:41:37,2017-06-07 08:59:41,2017-06-16,f91a0235d18984973f88cdf07a23330c,2017-05-22
1c81cddd8cd868c4f95fa77dde1810d7,86f4aa9faf5fd1c55a84b395183c8619,delivered,2017-06-06 11:38:15,2017-06-06 11:50:17,2017-06-08 08:54:50,2017-06-28 16:32:30,2017-07-25,70f009722a7cd15568c58cb753ff4399,2017-06-06
5db2ef66c9c43c3ede53f72e6d10760c,8f9dd2625351d1727097357b1e240ac7,delivered,2017-08-15 16:00:04,2017-08-15 17:10:21,2017-08-16 18:10:17,2017-09-01 19:26:49,2017-09-11,732267f7c7fc6f66cb66c383824954a5,2017-08-15
cc0482c9c30742e1f8ce96e0e1cebe07,58993c1b0cf20b93cd56ce5ca278381e,delivered,2018-07-20 17:07:51,2018-07-21 17:04:01,2018-07-23 07:53:00,2018-07-25 19:46:49,2018-07-30,583973d1d74829deaaff6709f318737f,2018-07-20
76b6310b3f184c266dabec32ac0eb26a,6cf178abb6cadf4e56f9bb91c672c4e4,delivered,2018-02-16 15:48:57,2018-02-16 16:07:06,2018-02-17 15:05:30,2018-02-23 23:59:22,2018-03-08,f499e2267aa2b626fde8602746d1a299,2018-02-16
12950f3d9bc12065fc5da141faab5780,5e6916fe2fcc2d982cc64eb97f593b92,delivered,2018-06-29 22:06:25,2018-07-02 09:30:32,2018-07-02 14:33:00,2018-07-12 20:06:33,2018-07-26,64727e2399d0c91e33dd71179e449069,2018-06-29
dc8813f7d3d197a72f015b1faf219a72,1b116df734af684a39602a867430a4ae,delivered,2018-01-11 11:04:40,2018-01-11 11:13:21,2018-01-15 17:48:53,2018-01-22 23:13:08,2018-02-20,de5eda87bc3a7ef40bb86e2b01827b24,2018-01-11
44e5e4871a2b86afa53f08e86001bca5,5176b354a363c7c6884ea58c62884608,delivered,2017-12-20 12:25:46,2017-12-20 13:02:25,2017-12-20 23:09:28,2017-12-26 20:16:54,2018-01-09,1b4a777f2e6f3f24c024c533ea46418f,2017-12-20
2582e280d624a46c545db9c09f6cd424,2de12f428569afe73e5e6b1b4e2f8179,delivered,2017-10-24 11:34:33,2017-10-26 03:09:43,2017-10-27 19:51:50,2017-11-08 19:22:14,2017-11-21,6189b291a65a3209d34b330f8f0e8373,2017-10-24
762accd1f919295f51f3b39e314cee12,e9185b3210712b4d59df466551941825,delivered,2017-05-29 20:15:29,2017-05-29 20:25:16,2017-05-31 09:07:44,2017-06-06 15:58:05,2017-06-09,e00cd514464e677a426819a99c2846f0,2017-05-29
275725b6f36bbcb5524f2f7b704cfb3a,1b36cf62ae1e4c76b0be903a75c4d52c,delivered,2018-06-29 17:25:43,2018-06-29 17:50:42,2018-07-04 13:30:00,2018-07-13 18:08:34,2018-07-27,591caa52421a11f48900563773d0a188,2018-06-29
bfb11ae717892540547adae8fea72c10,4145e2cdf46220102a9838f6c37b2184,delivered,2017-09-13 15:12:00,2017-09-13 15:34:45,2017-09-14 16:12:27,2017-09-18 21:21:51,2017-09-29,e0335dda73513f3abff8843f0d38ef9a,2017-09-13
9fc9a2d21f7cc6a9fad3431d2250ead7,e4533e66897653612225400895e0fa39,delivered,2018-01-16 16:57:33,2018-01-16 17:10:06,2018-01-17 18:37:17,2018-01-22 17:16:37,2018-02-07,7cc17d0bf42c09b78ee39fa4c3520633,2018-01-16
ea8dcab0edc786ce2f0ae34a906657d1,33dde4e12f42caa841c4686f7f04eac1,delivered,2018-06-03 20:21:57,2018-06-04 20:15:20,2018-06-06 15:03:00,2018-06-11 18:48:46,2018-07-16,ed6656660ab96a9ccb13277219024335,2018-06-03
67d413d255c5eb97d120a90d68e2c3d9,893f9d0672c5190ed0d36e777d769a3c,delivered,2017-06-12 10:26:36,2017-06-13 04:05:13,2017-06-13 15:29:50,2017-06-15 10:03:35,2017-06-28,46c21d0f3e1d250a9f04e3fa064e8fef,2017-06-12
a5875ee134166b373cc08cbea838760c,c55a6a8fb09446878f0ec7d78a1471b8,delivered,2018-08-24 14:30:31,2018-08-24 14:44:59,2018-08-27 13:20:00,2018-08-30 14:46:57,2018-08-30,4fa62147a0294ea8e717288b6615d2a5,2018-08-24
6b6634917b74d4db4d32cf09754c061d,1ac1963cfcf8bda4b3b64300c5b11b16,delivered,2018-07-18 16:59:04,2018-07-18 17:10:20,2018-07-19 09:26:00,2018-07-23 20:21:28,2018-08-08,159ba7a17c9179c96cb8a7ae43235ca9,2018-07-18
c000556923c9e9f96eb1121213f153b0,e630c8a8b546a3a6486ccdca9cc6eb0a,delivered,2017-11-24 14:22:59,2017-11-24 16:33:41,2017-11-27 21:43:07,2017-11-29 21:37:23,2017-12-12,ebcabf25f7c1fe3f0b1dc696cb94f1e7,2017-11-24
2c8d335aabf96328d817f48bdbccc430,2686a83dc8181e558df153bea379e2de,delivered,2017-10-19 06:28:39,2017-10-19 06:49:06,2017-10-19 17:53:09,2017-10-23 13:32:14,2017-11-07,cb9e777d2d1ac22f85edc2fbf95dc917,2017-10-19
2e2e88c4bb691287b71a9e1ee8a193a4,439f42a3cd2931ef5f1bb20e54f2357d,delivered,2017-01-12 23:42:50,2017-01-17 11:35:11,2017-01-17 14:44:18,2017-01-26 13:11:27,2017-02-22,ee3f102da1f94d5782046090f5c6c67c,2017-01-12
b7bdc34249124db0a0637b568f5afdc1,59114bde7ce6b9fd6ed88bb8dc422d46,delivered,2018-06-27 16:57:28,2018-06-27 17:10:42,2018-06-28 14:39:00,2018-06-29 20:12:29,2018-07-23,c4727b31f6dae15654a8a097c91abe75,2018-06-27
d66cc620bf1415956e645bc1123aaa50,112a2b7ccb2d89926da59b967775b8f8,delivered,2017-12-02 17:28:08,2017-12-02 17:38:24,2017-12-04 19:12:05,2017-12-13 22:37:49,2018-01-03,9776ff05fe105b6c7e4008a0eb87092e,2017-12-02
b0478e447df29ef9a7efd1eb63de629c,08b9cbfbf948ebc2dc43212aa3b5a2a2,delivered,2018-02-01 05:41:35,2018-02-02 02:54:04,2018-02-08 22:51:35,2018-02-20 11:46:01,2018-02-23,553b07cb90e5a17d748dbcf842c00118,2018-02-01
762a479b42165d528417d5c3220640fc,935ceb581095e6dd41a24c74f2f0ca6c,delivered,2018-01-07 20:49:38,2018-01-09 07:25:55,2018-01-10 18:32:47,2018-01-12 20:34:34,2018-01-24,e49b5376d3eb639d5dc6e2851a2e73a1,2018-01-07
526043f9d39d510f7a79547410cd3318,6ea0cb2f488c5dd5311de194008ab1a8,delivered,2017-11-02 11:45:23,2017-11-02 12:05:18,2017-11-06 21:22:35,2017-11-16 21:26:57,2017-11-28,7baac76b8ecd2581992afa42a7544934,2017-11-02
481bba01f1c9a6070e8bdcaf7965b1e0,7787f804c4ac91d4e231f532f7d70c2b,delivered,2018-04-04 10:30:16,2018-04-04 10:49:12,2018-04-05 23:17:33,2018-04-18 22:00:44,2018-05-04,1373e04979cfa0fb2092909abbd57f25,2018-04-04
3b2cfa22d9226264ad6c05510c4a3ef3,3deaf89058a65b6c3fd21ff77a189ea0,delivered,2017-07-20 10:11:42,2017-07-20 10:23:23,2017-07-20 20:06:00,2017-07-26 11:04:59,2017-08-11,9e212e7b5a0904360d7c0b1378e8ad38,2017-07-20
1488ee1c0dc7439e64d5df80ae9f6089,42396af504e7592889a5e54951ce2cb8,shipped,2018-03-16 17:44:05,2018-03-16 17:55:36,2018-03-22 20:33:27,,2018-04-13,fdd3b25dbe4db9e94d517a1f1e79f7c1,2018-03-16
cf37324c9d35fb8f5f9d14cd6d48a3a2,fa8d8a26ce081c2669b4c79639a98e08,delivered,2017-05-14 09:13:09,2017-05-14 09:25:14,2017-05-15 11:36:13,2017-05-16 15:22:59,2017-05-24,f71fd390acf98dd3af1396d6c6b528b1,2017-05-14
efff0f02714bda94c05b552d6603f6f9,8cad893a6771fcbf107ffedd147bc71d,delivered,2018-02-06 07:02:11,2018-02-06 07:10:24,2018-02-06 19:19:10,2018-02-09 22:39:55,2018-03-02,8f1c1b28cf191abb48fca6ec32155e93,2018-02-06
280a1ee261c5b9821daccb1fcdd0f776,0e3fea1b0f292d71f5e8750446801344,delivered,2018-08-08 12:55:10,2018-08-10 03:10:17,2018-08-10 13:46:00,2018-08-16 13:29:41,2018-08-20,d8ba077744ee4b11f6445d54fadc7c17,2018-08-08
7581c7decedb7d7f4310ef8313f935a7,c9714864eb54838221b5ae330c338590,delivered,2017-03-11 17:50:16,2017-03-11 17:50:16,2017-03-13 13:23:22,2017-03-20 05:52:09,2017-04-03,6df5bd0023cfd06d7b55bcece550e1f2,2017-03-11
d556bdb76163c01de4a108305dc4bd65,7a3d80bf0a5b5b564db738f5aa86c7a9,delivered,2017-11-09 19:40:27,2017-11-09 19:50:38,2017-11-14 19:29:12,2017-11-16 21:57:02,2017-11-23,51faedd966942d2541bb83c4a7499531,2017-11-09
c1712e588b4d7547170f454dba1ef0c3,e516dbd004a6367d636cf7f5bfbaefcc,delivered,2017-11-10 09:18:19,2017-11-11 09:26:44,2017-11-14 16:51:42,2017-11-28 18:09:31,2017-11-27,c02e98da303c4da78da40f76952a187d,2017-11-10
a06dda7f954798c0ad5a0b24e73b1ddb,5b0317e52f6059c5ae2572fc5edeb9a2,delivered,2018-08-25 23:39:08,2018-08-25 23:50:17,2018-08-27 14:49:00,2018-08-30 22:41:41,2018-09-12,31d0b55cfd9a400a5786b5de885bba7e,2018-08-25
6b36830dcd8e168800764cf5077796bf,187eff014e217a4f13317d72024f4a93,delivered,2017-05-07 10:19:33,2017-05-07 10:30:16,2017-05-09 07:34:35,2017-05-18 10:19:44,2017-06-07,47d794d3b9191cca973e14771f951dc4,2017-05-07
0b24d5a62da084e9c66959aff6328dbc,2b261c26529c69b68839968c14d22369,delivered,2017-12-03 14:18:57,2017-12-03 14:28:25,2017-12-04 23:29:06,2017-12-14 18:32:27,2018-01-02,4aa3bb0f92691d2cc5fc6cec735c0c01,2017-12-03
4692a9af537563c6a43b14abe7bd951d,e9804bd21b1d9db0bf2bf5857bec27c0,delivered,2017-03-09 19:38:22,2017-03-09 19:38:22,2017-03-15 10:31:30,2017-03-20 09:28:59,2017-03-28,5076366c05f3f8a857f811397338c6ac,2017-03-09
e2a0a74ea79eebb803a7752cf3b429bf,8960ce4eea38d38519114455d943d56b,delivered,2017-10-19 11:30:55,2017-10-19 11:49:08,2017-11-01 22:07:16,2017-11-06 18:18:30,2017-11-17,17fcb505d2bba63a058d9ca292e7252a,2017-10-19
d6b16c30481ca56fec3cc6919a37c1c1,da2c6819715d9b77dea652c23582d8b1,delivered,2017-03-21 10:21:51,2017-03-21 10:21:51,2017-03-23 12:44:12,2017-04-11 13:29:30,2017-04-11,e1a63c8e2ec6942aa55536213460ddb7,2017-03-21
1f0ece120cc036379fc3b3bf6f930947,288cab403c2e768a363a897b1095f5a0,delivered,2018-03-11 18:35:58,2018-03-11 19:47:48,2018-03-12 20:22:39,2018-03-28 00:28:23,2018-04-12,be0e319f7309b7d01899339a6a24b770,2018-03-11
189622f157848ba3ed54191c7538e07e,6707fe92f6f05df40924ac311f930d8a,delivered,2017-08-02 04:26:49,2017-08-02 04:35:28,2017-08-03 14:05:39,2017-08-04 16:29:45,2017-08-15,ef1d0f1922417f396a0aa0a03296c572,2017-08-02
41ec8df2674e2577b8efdc3f54e2b779,4b83fd2609057103e8d7604ab567c5e6,delivered,2017-12-06 22:34:32,2017-12-08 22:30:24,2017-12-11 23:22:41,2018-01-04 20:29:34,2018-01-10,7a5531cd96b9def6bd36bc530f317381,2017-12-06
2b5d3344cbf347b2aa5bc40c5deb3de6,d612ae3fd747409f47e50348961f5b6c,delivered,2017-04-25 15:33:12,2017-04-25 15:45:13,2017-05-03 12:05:48,2017-05-09 10:08:44,2017-05-12,47c46a8bf15ec7bd0d166ada892bb358,2017-04-25
0f932ea7fd11ef18c60feace8c548366,5bbf0546c8ccf4dcfe02790cd73b6297,delivered,2018-04-05 07:41:55,2018-04-05 07:55:11,2018-04-07 01:42:40,2018-04-12 20:14:32,2018-05-08,c53fc86823fe518b7de9ad5c3b71677e,2018-04-05
0efd493233dcc9266a7423754db0079c,d2f3e714cdac1771b576fa1a70ed7c8e,delivered,2017-03-26 21:42:57,2017-03-28 03:42:56,2017-03-29 14:46:44,2017-04-05 08:51:44,2017-04-26,6559758afffee923186f307d048d75cf,2017-03-26
09045ce363fa81cd9f206c86b989e2ba,75fa6cfb28484afc68c0ab2177d339cc,delivered,2017-11-23 16:23:50,2017-11-23 16:32:33,2017-11-24 18:31:54,2017-12-19 20:27:08,2017-12-27,f499f5419a0121c20de531d64dad5ddd,2017-11-23
48b2a7ba18f76dcb8be971239e41746f,45aa60acb5f87544e19b278e6955e451,delivered,2018-06-27 12:49:21,2018-06-27 13:12:24,2018-06-28 08:53:00,2018-06-30 00:23:37,2018-07-12,690f0991927602fa4dbe5cb1fea83794,2018-06-27
1c9f6ba93f9fde712da4fa24ecc30660,58a75ca9de60ce1a749012bfccf2c926,delivered,2018-04-15 15:25:22,2018-04-15 15:51:06,2018-04-16 18:17:49,2018-04-20 18:26:47,2018-05-14,9b1b3039181a4ab244ef97c27a825a26,2018-04-15
3dcf2c01583e72e6d43ea642b44274b5,4aea01a91f0ccd5817dcb03ae16a5f90,delivered,2017-03-23 22:23:43,2017-03-25 02:10:35,2017-03-29 08:39:49,2017-04-04 13:17:23,2017-04-20,b899f098afa2e711629365c161794884,2017-03-23
9959dfdd19dcc0fbcabc33723c619d74,a5a503bfb7b525f8176ea84c6a9389e4,delivered,2018-07-16 10:56:53,2018-07-16 11:10:19,2018-07-23 15:19:00,2018-07-27 20:29:18,2018-08-08,fe2b59e981d95ca01c7aa87b26199e2c,2018-07-16
c9cb980dd4167a515f9bcb3677706240,426759c5e8f53301e8e8c644c4e73e75,delivered,2017-11-11 13:33:10,2017-11-11 13:50:24,2017-11-16 13:46:48,2017-11-24 19:27:37,2017-12-05,381f82b43b6124efe6c3d50fbeb1156c,2017-11-11
24eaa9941af703f34c309aff1a56aa5e,150dcbebc045e4eabe1f896727a84ecf,delivered,2018-02-07 15:35:12,2018-02-09 02:50:12,2018-02-14 15:48:40,2018-02-15 14:26:42,2018-02-23,f22a4eec99b70235446454b0db95ba19,2018-02-07
83832d7a696d54e9e32347d7cc7df962,079f12eb1b192642da96011b5befc023,delivered,2017-10-12 13:48:31,2017-10-14 03:36:34,2017-10-18 14:05:39,2017-10-24 18:00:03,2017-11-01,4eaf709a63916717d9f464d05beabfb5,2017-10-12
2573400a7beba401684ca3eca5e38936,45cb012906505930fa83d7f85939a7e0,delivered,2017-03-15 21:25:00,2017-03-15 21:25:00,2017-03-16 14:23:44,2017-04-06 10:25:53,2017-04-05,75ecb9c8cdcf92cb5d6eced1ed5dc44f,2017-03-15
0807ef98d4c6786b58238e6dfb2d2a9c,7b1189510beea7145ec61234465745ff,delivered,2018-01-24 15:55:19,2018-01-25 02:58:16,2018-02-02 23:48:54,2018-02-16 14:03:36,2018-03-08,9cf09239ed6ade14a7a589a75c3e0706,2018-01-24
5f890a619c8d23b671705de61578d238,35ceb0ca31f6af7fee0c6e6d39f98e56,delivered,2017-08-26 20:27:56,2017-08-26 20:44:51,2017-08-29 21:21:46,2017-09-21 21:31:50,2017-09-22,a26120ec5834b1430157835a1814c372,2017-08-26
ed3efbd3a87bea76c2812c66a0b32219,191984a8ba4cbb2145acb4fe35b69664,canceled,2018-09-20 13:54:16,,,,2018-10-17,08642cd329066fe11ec63293f714f2f8,2018-09-20
55e68a38817afa16c0547a6ebeeff145,22e479a8d9de172048d1dc3e707f53b4,delivered,2018-01-08 20:56:09,2018-01-08 21:08:40,2018-01-11 16:46:50,2018-01-17 19:53:14,2018-02-16,508cae50c5c1e72079d266a513bca9ae,2018-01-08
3cdd33ec05cf28374828827789437fc3,d25c28e2e418a2f688e8e17130b29b49,delivered,2018-05-27 03:04:57,2018-05-27 03:15:19,2018-05-28 14:08:00,2018-06-20 17:05:16,2018-06-28,9c4220872289f4e0239410f49e02e189,2018-05-27
72fd9a44c510d4f0d8049e791ad3a073,de3b82f99f2cfb72c60e935cdb6e7007,delivered,2018-06-19 11:47:02,2018-06-20 02:55:04,2018-06-20 14:18:00,2018-07-03 15:56:45,2018-07-24,af28818a32d45d8645ed4dc02a0d475c,2018-06-19
5509f25fd68fac3fe49fc1a532ba33ef,f9717b3ce18c05540645923e43f64710,delivered,2017-11-29 10:03:32,2017-11-29 10:18:35,2017-11-29 18:14:46,2017-12-07 16:01:42,2017-12-20,278c30c4e97c3c218cc102eaa5da14a1,2017-11-29
5394217c78ea24ee2b377c043b6bd7d9,74bfc507b3ac32b750e60fffd04a02cc,delivered,2017-07-04 10:24:45,2017-07-04 10:35:09,2017-07-05 13:35:37,2017-07-06 15:43:30,2017-07-17,a5383a6d51465659e9153a2a6045e3b1,2017-07-04
0ba2b0331265d38d1c6670ed6c749732,f15f5e1d8a0248d9b6552b4d39122bdd,delivered,2017-08-17 21:49:35,2017-08-17 22:45:18,2017-08-21 17:47:48,2017-08-25 14:46:06,2017-09-11,c6c14d6b02b35ffe185803db2ed6c370,2017-08-17
0350fc2d00f48ad8a74efdf4d2fd4bdc,c7f658d05c387b0664410be68026ef0d,delivered,2017-12-14 01:30:04,2017-12-14 01:38:20,2017-12-19 18:48:38,2018-01-19 21:47:50,2018-01-12,6e1ad40c11dd6aa516c24963c470d9a6,2017-12-14
9274443a23faa8fd9d5805fc0bd68c5e,81635d1e48d6fc1a14f8462975c96dc3,delivered,2017-12-19 13:54:22,2017-12-19 14:55:25,2017-12-20 20:09:35,2017-12-27 19:48:44,2018-01-15,14df1afa12b13711303026db4a326a7b,2017-12-19
d95236c2780d744b3bd884f327590d14,b8e481a0db2593829469c8536e52426b,delivered,2017-08-08 16:39:19,2017-08-08 16:55:11,2017-08-10 19:54:36,2017-08-19 12:21:33,2017-09-04,43a549267000aab7a3773f5e6f97d1c6,2017-08-08
0966b61e30c4a07edbd7523f59b3f3e4,2fcc597b8934d99715dbfff7909dd27f,canceled,2018-05-22 18:50:55,2018-05-22 19:17:15,,,2018-07-03,da4f38e2697f8013c97ed2d8af65e0b9,2018-05-22
18c2124c3874f480651069f1f8c9b903,3a5f82b200e600b7fc671e3a395dfe2e,delivered,2017-11-22 19:18:21,2017-11-24 03:12:34,2017-11-28 12:41:28,2017-12-14 21:06:24,2017-12-19,5840f5f059bef65fc6f3bf1f4eb48e98,2017-11-22
dbd10344065568345dadbd904bb51dc1,1589f4bea320a405a122738de980c6e2,delivered,2018-04-15 17:15:57,2018-04-15 17:30:39,2018-04-17 23:55:49,2018-06-07 22:06:45,2018-05-17,4563fe24c126728dd232a6f0cba6445d,2018-04-15
4197f94f8bddd171804b1360fa78d368,caa50bd83824193b0486b8f4da8dfb32,delivered,2018-07-19 16:24:20,2018-07-19 16:35:20,2018-07-20 14:15:00,2018-07-26 11:41:56,2018-08-10,d65459c35eed50cdabffe3432d12043c,2018-07-19
d8cac70bba1a4ab6937ceaf9c2679c20,7aa3343466ae7796dc4e7db6a7e3e726,delivered,2017-10-07 00:16:57,2017-10-07 00:44:38,2017-10-20 13:00:07,2017-10-27 16:43:36,2017-11-27,16cb37f0bf15408aa65d713ce4385ba2,2017-10-07
55ab4aefca70a7b4b0a8466be48c5bbc,3687f50a22a1c1fd70b824bc79ba4b15,delivered,2018-02-15 19:23:46,2018-02-17 03:35:41,2018-02-21 14:37:14,2018-02-22 23:53:56,2018-03-01,0f0891bce8c3efed9ec2e5a9bcb1aeb3,2018-02-15
c5cb8ff0538e13ce7112d7f51b705d54,9800729155e4255834b080a60b6bcda9,delivered,2017-11-30 13:31:15,2017-11-30 14:31:36,2017-12-04 12:28:39,2017-12-06 02:48:22,2017-12-18,bafbbaf0345497c9e80502a08fad4a55,2017-11-30
759ef6eef7b8279539f81a2663c2f500,dbdc5f4edc37f3f149e239e4a3880a97,delivered,2018-06-22 08:59:23,2018-06-23 02:20:27,2018-06-25 14:25:00,2018-07-14 16:12:19,2018-08-01,e8c5dfe905d9613124f527839d4a002e,2018-06-22
9021cf1919f615a121410790dcce848f,7acf55df0298e1d2c31200fb4f6fb93b,canceled,2018-07-04 16:05:56,2018-07-06 02:55:16,,,2018-08-22,54d7a15160876f86860fd741b906a742,2018-07-04
86aac0e27cf2e46d9c9bc5cd1c5e9348,62cb1e5de9e5558b5426d059f570ca8f,delivered,2018-03-05 13:15:26,2018-03-06 13:10:36,2018-03-06 22:35:14,2018-03-23 23:28:31,2018-03-28,4d2e06feac9e7556570da81b6b1a1423,2018-03-05
d5feaf42ebb0105f527be0c6dd622b80,d399cd64e15fc776a47839d972c5bb2c,delivered,2018-05-26 16:01:31,2018-05-26 16:18:37,2018-05-28 14:04:00,2018-06-06 23:18:26,2018-06-29,d24ec587c6d6712bda66a2ed1ae3da25,2018-05-26
6760e20addcf0121e9d58f2f1ff14298,17ddf5dd5d51696bb3d7c6291687be6f,delivered,2018-04-07 15:48:17,2018-04-07 16:08:45,2018-04-11 02:08:36,2018-04-13 20:06:37,2018-04-25,1a29b476fee25c95fbafc67c5ac95cf8,2018-04-07
4f5fa78eddf28c3f669aa1554fe38622,51437a7b80a72d28fb0dd8debbb7fc60,delivered,2018-04-14 18:24:57,2018-04-14 18:35:17,2018-04-16 20:14:39,2018-04-23 18:45:46,2018-05-11,67f4b6b9207056736278adddf407f417,2018-04-14
5f8e8bff26bd07b73a3ecf086de33d4a,6233e1c1b76b3f0e1527afdd8db0c7a1,delivered,2018-08-12 22:56:51,2018-08-13 22:50:15,2018-08-14 12:56:00,2018-08-27 18:22:06,2018-09-11,aad99270bc43606a7af9647b7a7de9e4,2018-08-12
9ba4f1229c25da86b79e5f8af0e56461,fea04944f4e1fe567fc5151c02529203,delivered,2017-04-04 10:10:15,2017-04-04 10:22:48,2017-04-10 12:27:45,2017-04-17 10:28:12,2017-05-02,d4e190a11aad26d64b625617455dcc4f,2017-04-04
6ad57aecbae806a7e9cc2cdb6b380711,d31dbd02ac052d662285f678f8994326,unavailable,2017-11-30 07:48:24,2017-11-30 08:14:42,,,2017-12-29,45b1948a7554a397cc42c2ea55c54ab6,2017-11-30
5e57ff5e1c008db89fac24b76655dbe1,4c756c39c13545719a2953df112e4e90,delivered,2018-06-29 18:39:49,2018-06-29 18:50:23,2018-07-02 11:57:00,2018-07-03 22:16:38,2018-07-30,f065c58f598684358eb6d2bc13e67ca9,2018-06-29
bf4072fdc2122c74befd6df427938cab,ba682ab005cd6617c7d3384aabf4a45b,delivered,2018-01-24 14:19:05,2018-01-24 15:16:16,2018-01-31 00:24:09,2018-02-05 21:18:42,2018-02-26,618ab23cb329ac11c84bc092ddb4bf09,2018-01-24
21b47da23dc2187f6da58dfd7698faa8,2c069e58cbc8b600e8e4078598ee2c35,delivered,2017-11-13 23:27:02,2017-11-15 02:55:30,2017-11-28 23:04:43,2017-12-06 19:04:19,2017-11-27,61159604e28034ef05a1a8591317e4b6,2017-11-13
737513abba391330e69fe0383703d447,c7a91e6580509dae3db905dbaf815876,delivered,2018-07-24 16:05:58,2018-07-24 16:44:06,2018-07-25 14:26:00,2018-07-30 17:43:43,2018-08-14,4f42bd047403d725c47c10d46d2075eb,2018-07-24
830f6ac44e90f0d692444fc8f861fd1a,a14033a8e28cf976d87b63aa00d6d34d,delivered,2017-11-27 13:38:46,2017-11-27 13:51:48,2017-11-28 14:09:42,2017-12-04 21:09:23,2017-12-14,6f8372e7ca5f2963296df89e916cd08f,2017-11-27
665a012cd7368e5609ab518539d91adf,8d2502669799c13d5a67d873981ac627,delivered,2018-05-09 01:46:14,2018-05-10 02:35:13,2018-05-11 15:23:00,2018-05-15 18:07:55,2018-05-21,f24ca8e0a6f2d24d865cc28b2d662dcc,2018-05-09
51b0dccc8596ce37a930dff2d63a10a2,31bf1057b00f14804278590bbac18b1b,invoiced,2017-05-05 22:34:48,2017-05-05 22:45:12,,,2017-06-06,561cfc00b430b16ff8e8d36429d709e7,2017-05-05
9eda5cd4fa8caf92f0886bcc15b98577,e414cf673d7803bcddf9263feed7c535,delivered,2018-08-08 11:30:30,2018-08-08 11:45:23,2018-08-08 14:36:00,2018-08-13 22:41:59,2018-08-16,ff60aefe219c1960b74d47d0fc553fc1,2018-08-08
efab4aff7807bb9194a9f4f434820161,b4b7f7c1b2a1a968c55e72c5275e0c8e,delivered,2018-03-12 10:47:46,2018-03-12 11:20:25,2018-03-12 22:28:29,2018-03-29 20:35:16,2018-04-03,72eaaf7ab48bd234c4ccab3d894b874d,2018-03-12
19a8ddfef7a411a196509d51ee14b776,78273c93ab6b793ee62a60feb6b7140d,delivered,2017-12-11 18:30:26,2017-12-11 18:51:03,2017-12-22 13:52:49,2018-01-16 21:18:46,2018-01-22,4c57fdb260556efeb98a8e09ce74c4d0,2017-12-11
1ffe6486cbf2a0f96d34ee9945f5ed04,6ba7e8555e95549d99f21d08dadae199,delivered,2017-11-11 11:31:30,2017-11-11 11:46:44,2017-11-14 16:52:50,2017-12-01 12:35:39,2017-12-13,c8064ef7b94e1796e22f3e4d257d07c9,2017-11-11
214a42323dd7ec45504d319315a1386b,5f2cfa9c8c34ab5d785fbf253c63b930,delivered,2018-06-08 17:05:16,2018-06-09 11:15:22,2018-06-11 13:47:00,2018-06-14 16:46:36,2018-06-26,ce53d0436a0b5d49e67638cb97d715fb,2018-06-08
1fe0c983b306f5e920e23d8a461c8451,f331460c320c55eda5519b4743e8673e,delivered,2017-11-18 17:16:59,2017-11-21 03:59:28,2017-11-21 23:38:51,2017-11-23 16:32:29,2017-12-19,e0e0f6ba16a5348ec87df10c47ae0b4e,2017-11-18
bf40c06bf172145e8d7d468e6de69de8,5364f18dbadca7f50016ad6da7a39436,delivered,2018-06-27 20:55:17,2018-06-27 21:10:04,2018-06-30 08:21:00,2018-07-04 17:38:30,2018-07-20,e425e8c3a6a56a0d0cf04b08cf40ad58,2018-06-27
6d02a007afc7698b7dd60ffb07514d1c,0423a0c4b6eea9435c2f40758658a2d4,delivered,2017-01-30 14:51:21,2017-01-30 15:34:05,2017-02-02 12:12:35,2017-02-15 12:53:45,2017-03-17,e51eaffb93507fb621df4131e0454edd,2017-01-30
3f4f4efff28e8872522bbba90393b7df,25674af17e538296b83b371c8c0975b1,delivered,2017-11-11 07:38:45,2017-11-11 07:50:43,2017-11-14 16:04:44,2017-11-22 19:18:55,2017-12-06,7a60f3a8db817e4f5f33a1b19248be80,2017-11-11
c284eb7adf76e92a2a39d845f1333a61,7d8e5e6bf66ef639b5089ce4194a01d6,delivered,2018-04-07 22:17:55,2018-04-07 22:30:21,2018-04-10 16:44:45,2018-04-11 17:51:28,2018-04-25,667c838d8f300a813a0059fc8b46ab29,2018-04-07
7f579e203c931f3e8410103359c6d523,d665be250d1c687c58fdea61a9b55a58,delivered,2018-08-02 18:09:27,2018-08-02 18:43:43,2018-08-10 14:15:00,2018-08-13 20:11:47,2018-08-09,bddbce40ba8847305fb9858313934193,2018-08-02
94dccbc39bc2673b3639fc98286c99b0,4023882589774ba137fdea0400aa4857,delivered,2018-01-22 20:28:04,2018-01-22 20:57:56,2018-01-23 16:52:58,2018-02-02 17:17:47,2018-02-19,520adcb308fd7bce64069bcacbeb2f55,2018-01-22
86ebe0e8621ac6e5bb8ee0bfad457b5e,67991d4b892a4fd507c46e42e256a041,delivered,2018-03-12 23:29:35,2018-03-12 23:48:34,2018-03-19 23:18:45,2018-03-20 15:36:39,2018-04-06,793b11a5b927a84255954ed767754d1e,2018-03-12
68723accfe0d19555872abfbf08ed7d4,ccb92189b22e174f8813cce161768b3a,delivered,2017-09-18 21:39:03,2017-09-18 21:55:12,2017-09-20 19:02:40,2017-09-26 13:53:45,2017-10-02,f98c176aa45d1fb308a31791727483a8,2017-09-18
7652086d66b18b3e2f19c1a28d6cc670,b59240e14630c3dad40626dcdaf69b18,delivered,2017-07-18 12:35:54,2017-07-18 12:50:48,2017-07-18 21:15:47,2017-07-31 21:04:27,2017-08-09,5faabfe6772088c4d906b63fa81ac63d,2017-07-18
6b57b46391a662adacf6841b5da8d084,7508680e17b526665363d2bd205b44a3,delivered,2018-05-29 23:14:39,2018-05-29 23:34:10,2018-05-30 14:48:00,2018-06-04 10:44:51,2018-06-21,e717c553c2b3baed9873e84dbb210f48,2018-05-29
b35514909dd1ba45599c5f535621238a,9d82abb78c84c72c1802757c2c3733b8,delivered,2018-01-19 15:00:59,2018-01-19 15:13:22,2018-01-29 19:12:55,2018-02-08 15:19:07,2018-02-19,30480b4ef6a45083f99de41f24eccb44,2018-01-19
a3b5d696f2dc3df83942f644beb879da,f936ee0917d5d6e40833918f8672ced0,delivered,2018-01-04 09:30:01,2018-01-05 02:38:00,2018-01-08 19:19:07,2018-01-09 14:59:33,2018-01-23,d052fe86655dae0e952c1bacbbb99d7a,2018-01-04
c1e0736c3e624397f906c5371b2b381a,682095c6672eb2edf4b60e6a7c6e96f4,delivered,2017-11-15 13:43:11,2017-11-17 08:47:00,2017-11-20 22:33:51,2017-11-28 21:41:30,2017-12-05,47cff09989eac12c2878e964ae59d34e,2017-11-15
5cbc29442f8eaafa46489e988fafa403,00ba72dac5dae2776b5bfcf799a956b2,delivered,2018-08-11 22:06:23,2018-08-14 04:30:21,2018-08-14 15:58:00,2018-08-16 21:38:54,2018-08-16,40b5e9eed4db7f956359145971056f5d,2018-08-11
a93cc6a86a64ca1f201b78f981adbc25,e86f553170b06db9ee781701ad6091ee,delivered,2018-07-16 19:02:18,2018-07-16 19:15:17,2018-07-19 14:56:00,2018-07-24 12:39:31,2018-07-31,e3e3aea25fbe50f00d7e7ddecc9ba96a,2018-07-16
ce1d43d723c88bee2b9c749198eb023e,3833a2cc43f6ee57cc7cccf7d7d53d18,delivered,2017-11-12 00:00:45,2017-11-12 00:35:36,2017-11-14 16:27:53,2017-11-29 14:33:21,2017-12-04,4084df7fe43c4c85d4ea20cc422eb630,2017-11-12
92ea21bbb9c9b6f286602dc4c563d087,e0b36a2b88ead76489b6a2d913c997c3,delivered,2017-07-20 18:11:59,2017-07-21 18:22:58,2017-07-24 17:11:50,2017-08-03 21:56:30,2017-08-21,454db3b8ab5e556358e87fe7df1be2d6,2017-07-20
07ad2a87dfce684f0b6a23886db925c9,fe196aba95e52d084e7bb60dbd8a23f1,delivered,2017-04-27 08:26:54,2017-04-28 11:41:28,2017-04-28 10:05:52,2017-05-15 10:09:22,2017-05-29,93b4c8bdafa9877757c77b519415d274,2017-04-27
8b8164ec47a3d04ec76e8ce5389033d4,edd33f337f01e490cf1e95da2957fcea,delivered,2018-03-08 18:48:31,2018-03-09 19:28:52,2018-03-12 15:17:42,2018-03-16 18:47:28,2018-03-26,d2bc70d1599ec65425dc9558d72b4986,2018-03-08
21fdf6a269bd4c5befb28302d4d00803,9849acf233e29a676126fe8d91c4cbff,delivered,2017-05-10 14:39:56,2017-05-10 14:50:13,2017-05-10 16:02:29,2017-05-23 18:29:05,2017-06-01,deff56c7b9f9d9bd10bba398c4716f81,2017-05-10
d2e15d8894685652160e7545fd304610,d241d89dc876ac8450f20fa9824eb416,delivered,2017-12-07 21:14:24,2017-12-07 21:32:16,2017-12-11 18:54:41,2017-12-19 15:22:13,2018-01-03,fae50349197fd922f4487e4000e2112c,2017-12-07
d44cb52677c0960afb3e43a96d79a25b,f47f3a8480b7a19fad8c129983945370,delivered,2017-10-29 20:33:19,2017-10-29 20:45:41,2017-10-30 16:51:54,2017-11-03 20:53:37,2017-11-17,d71e1d87ea05a759d69f770ac90f2fa9,2017-10-29
fd86c80924b4be8fb7f58c4ecc680dae,db76ebd0d51c2b3cc44d84cd6df46336,delivered,2018-03-08 19:37:45,2018-03-08 20:28:42,2018-03-09 18:04:46,2018-03-16 01:30:56,2018-03-27,22b05429f5f6165b033dd8ee7cee1150,2018-03-08
a50d20f183503ea2b8aa1b506eee3d33,4e4db632921de78e11340349b66f5c99,delivered,2017-08-20 13:13:37,2017-08-22 03:50:47,2017-08-23 17:48:54,2017-09-06 20:10:14,2017-09-13,a240a9655aafa0ae6a34aa75822e6d98,2017-08-20
5792e0b1c8c8a2bf53af468c9a422c88,5c427f06e7fcf902e309743516e2c580,delivered,2018-07-26 13:25:14,2018-07-26 13:35:14,2018-07-26 12:42:00,2018-07-30 14:45:02,2018-08-09,7bad183933c2afc589ac4f9e6b2537e1,2018-07-26
5baf114f7f5f649d16ec1bf3cf78279b,a7de7057db988489dbb13ca9e0c80456,delivered,2018-05-02 13:10:07,2018-05-02 14:59:33,2018-05-04 14:04:00,2018-05-12 00:16:46,2018-05-29,e7bf2599abad3230657a9b520ec337e2,2018-05-02
a81adc3e4219d4699da549a75107de87,27c4c0e841788a80932b2500f7c0fd36,delivered,2018-05-20 22:11:23,2018-05-20 22:30:15,2018-05-22 13:41:00,2018-06-03 12:32:23,2018-06-05,7a548eb1c21b3a533989d19aecb7cb80,2018-05-20
f9161376e0d004c0b545db4e4bfb4e57,e79f3050c5e88a95a083b36f0ddb3f49,delivered,2018-04-26 21:24:03,2018-04-26 21:35:10,2018-04-27 15:26:00,2018-04-30 23:03:11,2018-05-11,82b6a2e2d907efea9282dc7aeff94c79,2018-04-26
df8282afe61008dc26c6c31011474d02,aa797b187b5466bc6925aaaa4bb3bed1,canceled,2017-03-04 12:14:30,,,,2017-04-10,c219f4ac1bc7f1aea33e6ab8885831e8,2017-03-04
f3e7fae1e0a6001047deeefa288f96a9,c5c79cc42b407bb10fcf30e765c0ac2a,delivered,2018-03-25 11:26:29,2018-03-25 11:47:42,2018-03-26 23:46:59,2018-04-05 16:04:24,2018-04-18,09831ff6ab667f42521bcd4c22dc755c,2018-03-25
c2e9150ecca583eb68c1e2e2b650caac,fe2f3701874bc7c2a8e1509621366717,delivered,2018-05-07 13:59:25,2018-05-07 16:12:36,2018-05-15 15:46:00,2018-06-04 21:16:49,2018-06-07,5ef5ee5db0d3088844b10293c5535a95,2018-05-07
73fc7af87114b39712e6da79b0a377eb,41dcb106f807e993532d446263290104,delivered,2018-01-11 15:30:49,2018-01-11 15:47:59,2018-01-12 21:57:22,2018-01-17 18:42:41,2018-02-02,68a5590b9926689be4e10f4ae2db21a8,2018-01-11
7ddd225286ba5817d36116c8d2300407,cef005896655dc4492849ce91f7363f1,delivered,2017-07-28 14:20:19,2017-07-28 14:35:16,2017-08-01 16:22:42,2017-08-07 20:23:53,2017-08-22,82e16480f3404a46a30cd9976acdb161,2017-07-28
8fd96c034d11d9719cbc57f6acb93855,5a5e41c2d8c585d430c98e1a1d772a4c,delivered,2017-09-30 19:19:56,2017-10-03 03:56:25,2017-10-04 16:45:04,2017-10-19 12:07:59,2017-10-30,8174995fcbfc9db5d3b92df3afdf04a8,2017-09-30
6ba4f2aae2d3d15f3281258017b4552b,9d57e17547e118b158dc652dc640714e,delivered,2017-08-24 01:40:27,2017-08-25 03:05:44,2017-08-25 17:52:21,2017-09-12 21:47:34,2017-09-28,5abb229ffc19bcdf38b5a988fd6886fd,2017-08-24
9e7298f5bfed83404b628b69f965c94d,839a0aca2e489a773724ca101f3f5c70,delivered,2017-10-17 19:31:12,2017-10-17 19:46:12,2017-10-18 15:14:56,2017-10-30 23:16:11,2017-11-08,39d28c99c5382bfc238c047203595443,2017-10-17
3b7a0831b87f721284d340cd1b55fb91,970d2db627e9a4b280c51701f45d51c5,delivered,2018-02-19 17:36:19,2018-02-21 06:10:34,2018-02-21 21:35:46,2018-03-06 16:18:36,2018-03-15,b43e8e477db5dc4b4acd40f1a39f3e44,2018-02-19
e063aafe4ec760123fe14ed5925631a2,ccc4d86eb7f5d275d4f297e251817d6e,delivered,2018-02-26 09:42:02,2018-02-26 09:55:43,2018-02-27 14:19:13,2018-02-28 22:52:10,2018-03-13,3aca8565700b61f9bb335017f98aeb0f,2018-02-26
6c601e45c13b22fa58a1e290b4b14d8f,b18a495aae75db67b4f99a58d5e2f272,delivered,2017-11-27 20:31:23,2017-11-27 20:39:41,2017-11-28 18:37:06,2017-12-05 15:34:14,2017-12-20,2ca59de5f065107ef5add18625776bdb,2017-11-27
b0f093c9a7e135bb44a1e1bd7406ba30,f57351f8f87213bbb758f2f902f600c2,delivered,2018-05-18 12:22:08,2018-05-18 13:05:59,2018-05-21 12:52:00,2018-06-06 20:41:34,2018-06-07,20594fdc17c82450f53730cd72ce04c3,2018-05-18
dd3d73f70b77e2a07f64360620621ca4,38f1fb4bd44289ca591479b76905cdbf,delivered,2018-01-02 09:45:15,2018-01-02 09:54:22,2018-01-02 17:19:20,2018-01-04 12:41:45,2018-01-18,628bdd93abd27fbdd50f4e2e91ec64b3,2018-01-02
20246bd1767d916d618e27b8e4fcb8fd,d6d3a9d936ef9f148ccb6631997b13c5,delivered,2017-10-09 17:58:37,2017-10-10 03:35:24,2017-10-10 21:24:02,2017-10-13 18:14:00,2017-10-27,6db7adf9e39b611244585ce6e23994fd,2017-10-09
469c8cf0bafa84bcc6a10629bc4016b3,5f8fe568347c41b2b42b72d72ebe0d67,delivered,2018-06-23 20:23:47,2018-06-24 20:16:33,2018-06-25 13:39:00,2018-06-28 19:32:06,2018-07-31,54875f4b4cc6b4c3b0608fbfd64c39a2,2018-06-23
b2fdce90b6f515d645e1e98430176ce2,8ce5a8335c77debad7537ff999efeb8e,delivered,2017-11-11 17:22:19,2017-11-11 17:30:44,2017-11-14 20:07:39,2017-11-22 21:48:32,2017-12-01,92c6a8e312c4323a536b0775c339af22,2017-11-11
1f7ff21f05c5258ab082ee51e8b2872e,0258af3a8301a7331edc8ba02da35b7c,delivered,2018-01-17 09:57:13,2018-01-19 02:37:58,2018-01-20 00:13:07,2018-01-29 20:46:08,2018-02-15,38fb5f8b5cffb733ba60c32cbb6e80f3,2018-01-17
064e219a982901ccffc2d33432b77a2c,17e1a5591eec6af6ab825d5687790ee7,delivered,2018-04-10 19:24:04,2018-04-10 19:35:13,2018-04-11 20:24:37,2018-04-20 19:38:51,2018-05-03,14220f3da916d4a0740f0b679b842962,2018-04-10
c2f4ff5a710ff7ff87f90b026028bf18,9ba926ad01e17e9a308791ae9cb69699,delivered,2018-02-28 14:56:03,2018-03-01 02:35:44,2018-03-01 21:39:27,2018-03-09 02:24:20,2018-03-19,b685f571858e1a165334b397342c01cd,2018-02-28
75c3993b743335fa57b1645f056b59d2,be842c57a8c5a62e9585dd72f22b6338,delivered,2018-06-05 13:33:19,2018-06-06 02:55:19,2018-06-07 12:39:00,2018-06-13 16:56:28,2018-07-23,ca186065de6e2d01cfc99763e6d62048,2018-06-05
7201c562f7a8bcd02e8f1a35dad540f4,77e188b1127d58981db82ce19e0b601d,delivered,2017-08-27 00:32:42,2017-08-27 00:44:08,2017-08-28 20:33:55,2017-08-31 16:55:13,2017-09-22,2bb9b7e460ba29e236747a1959108097,2017-08-27
e303201d86cda5183986a56d5ae1b084,f844756b662228b3f52bf081ffb76e96,delivered,2017-03-29 12:31:39,2017-03-31 02:15:32,2017-04-05 12:57:07,2017-04-11 13:47:42,2017-05-04,a10de9d953278e90b352cb3def7f2b12,2017-03-29
378d03578566e65bc195cc5296a31526,06757bb75493151d0e73ce8e3bc32987,delivered,2017-09-09 21:21:11,2017-09-09 21:30:20,2017-09-11 18:16:37,2017-09-13 18:02:57,2017-09-27,950756be397d0fc73e96b1a32287cd38,2017-09-09
cdc0800fdbf7580a26201f0a1529ee1f,a86780ec4509f4c3191af88c40de649d,delivered,2017-12-27 19:37:13,2017-12-27 19:48:16,2018-01-02 23:32:32,2018-01-13 00:24:52,2018-02-02,25005ef67dd44bb53b64ab1ca6b98704,2017-12-27
82b0f8f974cc6e92e6bae6cd7714b712,4ff25b11b74df70d77dee5fac4dc0039,delivered,2018-07-27 16:33:26,2018-07-31 04:31:36,2018-08-01 10:38:00,2018-08-06 15:21:34,2018-08-10,065cdd031a7020e43fd91cd421549f5e,2018-07-27
2478ddd1d1395639b71cf0d498d8dbf6,7fa774bf2be90197a2586c899c7e774d,delivered,2017-08-14 09:13:30,2017-08-14 09:25:15,2017-08-14 18:55:01,2017-08-21 18:47:38,2017-09-01,ad2b6d1d30e0997f9fe324199b93144f,2017-08-14
b9374fefc8bd25caac04f6223e7649ab,a2c0d0dea2025e9edfddd1952a437985,delivered,2017-07-28 16:03:38,2017-07-28 16:15:19,2017-08-09 19:13:27,2017-08-11 15:04:57,2017-08-29,ef4ae125724cae06f46da6a302c610d2,2017-07-28
f5248851770f05fc31f3915accb0bcff,2dbb87e382aba3b28963aaa6fcaf7132,delivered,2018-03-07 22:03:04,2018-03-07 22:15:39,2018-03-08 21:57:21,2018-03-14 20:58:21,2018-03-26,445419b1327cc8f5219514a87d043e8c,2018-03-07
cc03f6907e3230fc27f728ed4e977534,26b37aea51f367cc0cfcf19c80944e58,delivered,2018-07-24 20:14:28,2018-07-25 10:05:19,2018-07-27 13:59:00,2018-08-07 19:26:32,2018-08-23,7a4c7a21fd3aad6cc3dbffa5743d7b70,2018-07-24
c6bf92017bd40729c135b58b643f64c2,3d3c463710ea6e8dd9a63c1110eeb06b,delivered,2018-08-08 01:15:06,2018-08-09 07:44:53,2018-08-10 14:43:00,2018-08-15 00:18:43,2018-08-16,55c00c8a161d2e6d7d731dd87341ad2f,2018-08-08
c4bb1fcbb98d9733607ea0c7ab067e11,74246ec587472230b93065911e420ed8,delivered,2017-07-13 18:26:10,2017-07-13 18:44:05,2017-07-14 16:29:57,2017-07-25 19:39:26,2017-08-15,558e8c5c045f205b5b9ca29ec2d281b3,2017-07-13
5cfb9fad9f8d6f2ef8a17144088bb622,745797df7e1f604c7d608c43b43f62e7,delivered,2017-07-27 12:16:29,2017-07-27 12:30:08,2017-07-28 15:18:05,2017-07-30 14:24:51,2017-08-09,4bb4001bb156c7e4cf2f096e9c5c20f7,2017-07-27
9457f83b9faf36f40019d656cb5679f1,a6981c9a8bc899ed4f22b9e5b70796a1,delivered,2018-05-30 23:21:15,2018-05-30 23:35:23,2018-06-05 19:03:00,2018-06-06 13:58:53,2018-06-25,6b11061762a537f7775a5a6bca7d000c,2018-05-30
544b98cbee1fc6152e5ede26e1ef2986,1d7079eccf3132bfcc76f65aa79c789e,delivered,2018-01-07 12:26:36,2018-01-07 12:35:23,2018-01-09 02:10:49,2018-02-21 23:46:57,2018-02-06,87373d8de65291713976177daa06690b,2018-01-07
4ff907acfe03d4b4eccece88f700eb43,09a90a21ae1d1a693fbc83851edafead,delivered,2018-02-20 23:00:59,2018-02-20 23:40:19,2018-02-21 22:58:51,2018-02-24 02:22:54,2018-03-12,f8775885b850a0a164eb55c1d12c8821,2018-02-20
a0151737f2f0c6c0a5fd69d45f66ceea,fc2697314ab7fbeda62bb6f1afa4efcd,delivered,2017-07-12 14:11:58,2017-07-12 14:30:18,2017-07-13 12:47:05,2017-07-18 16:24:42,2017-07-25,bdd30e6e39cc70dde8665187b57af402,2017-07-12
5c6f08e3231f7cff6e6853e225cb7eef,f1e77cf0c4452e2cf36f4d481a48024e,delivered,2017-10-16 12:04:59,2017-10-16 12:37:17,2017-10-17 12:12:58,2017-10-18 22:19:55,2017-11-03,394126d51adc8f16458ead97ff594058,2017-10-16
f384f4edb05c390598d9010ea97f7f4e,db8d12f33acf6a08a434eda169d25106,delivered,2018-04-20 14:45:57,2018-04-24 18:39:10,2018-04-21 01:32:06,2018-04-30 13:12:39,2018-05-16,ea201d395b28edab46f644127fbd34ac,2018-04-20
e5733d96d53e3a8a13f59a0fe4c38d74,d0d213ed2d6d390dc1cc1e6f45706c8b,delivered,2018-04-06 15:28:48,2018-04-06 15:50:07,2018-04-07 18:24:36,2018-04-18 17:56:19,2018-05-09,08c07c761592a71b85136aa4fe76a6f4,2018-04-06
ef1470cc5437e2d2d5e2ad587712a406,6d67d2bbd339e5ce434c5bcf85bd654b,delivered,2018-06-21 20:23:43,2018-06-23 01:40:40,2018-06-26 09:48:00,2018-06-30 01:16:29,2018-07-23,6143af65fa3b3ba78098b7117ef00d23,2018-06-21
d3364a29f093a5f36e7eca9f148235c2,520dfb976e8d7e64c6c9275de698053f,delivered,2018-02-17 10:31:09,2018-02-17 10:49:48,2018-02-20 20:19:27,2018-02-27 20:46:39,2018-03-12,71a6706498b96147ee2493568ab46432,2018-02-17
9165d656c399c6eac7a6a00dd6e02e7f,ab308900612e0f192d73e0051653af5a,delivered,2018-04-03 17:00:04,2018-04-03 18:15:24,2018-04-04 18:17:34,2018-04-11 12:38:30,2018-04-30,3f1ae9854823f7c0a8027bd994b2ce64,2018-04-03
35b5262480e3a45052ad1b8070395e36,cfb5d52b65936738f2dc936f15369010,delivered,2018-05-14 12:36:50,2018-05-14 12:52:28,2018-05-15 13:59:00,2018-05-18 14:08:28,2018-05-30,37a7034bb342bbbebdc03187fe8720ed,2018-05-14
25e5f6a88a4525f820943240376c45c5,5425974ca1091055b0c05604f43f711e,delivered,2017-11-26 14:08:44,2017-11-27 14:20:20,2017-11-28 17:26:56,2018-01-06 17:09:50,2017-12-18,940479e512430562ff270c006915e19d,2017-11-26
5ddbd5a10844f5d88892b9a051ef648d,14e237fe96e5b5c7c4cf9ac6c2f5d60e,delivered,2017-12-17 11:18:41,2017-12-17 11:30:25,2017-12-18 21:28:37,2017-12-26 16:37:11,2018-01-12,8cda1c465f7a60605d4441dd8276d03b,2017-12-17
3f6a06dd65ecc8c3c8bf73dd9f5ade29,88ca1a52550c2c65c9b75121cc26b060,delivered,2018-06-29 11:19:19,2018-07-05 16:04:10,2018-07-04 13:55:00,2018-07-13 13:24:41,2018-07-27,a1c9e7522405de9c5067d4bf53fd627c,2018-06-29
0957ed870116e596b800540427c61497,0f0603d577f299ca129f39109268c546,delivered,2017-01-29 22:14:49,2017-01-29 22:33:34,2017-01-30 08:27:47,2017-02-08 17:14:55,2017-03-20,903fccb1294b588a6c82921ca23acd0d,2017-01-29
cbe9eae36605cf2bd005c6bc1ae5f864,e8ab70fc0d2c473d43b64647d1d73414,delivered,2017-09-06 19:51:50,2017-09-07 20:05:30,2017-09-12 13:57:36,2017-10-03 18:44:54,2017-09-26,eb406f65c94700a8e09d6cf2c4c1ef9f,2017-09-06
0c0200c8b683dcbc6138639044bb781d,e6369fd23db5134714b0ce70202cf74a,delivered,2017-11-16 12:16:30,2017-11-17 03:46:16,2017-11-21 14:03:04,2017-11-22 14:33:10,2017-11-29,ec039b68b511c08af9ca9e49e7419e70,2017-11-16
2b71ffffcf089d2287505f5b4441204b,e68de27b72357e93a5edbf9068812f9c,delivered,2017-02-27 19:54:44,2017-02-27 20:05:11,2017-03-02 08:54:05,2017-03-16 11:35:11,2017-03-23,b29e4b51682d4ed20d84d03fdc4d0a8e,2017-02-27
68c3f2fc647e6d809af24b6ccbe84388,426354919a964cd30206bdcdaa53bdd3,delivered,2017-05-18 20:51:06,2017-05-18 21:02:53,2017-05-25 15:38:40,2017-06-02 11:26:06,2017-06-09,a7657330b1c135f3acd420326e335b2c,2017-05-18
9c6fa2375d04ebce9627208eff6aa01b,b6c2a592baed4e617db2e58189eeb671,delivered,2018-07-25 10:52:19,2018-07-25 11:05:43,2018-07-25 15:52:00,2018-07-30 20:11:30,2018-08-08,e4746dd3d0505d63f0ff08366a0fc8ca,2018-07-25
fb8c84f49d464b75f05a3de37923fc87,1e12754604af85397680cb28482f73a6,delivered,2018-05-24 00:52:36,2018-05-24 01:14:36,2018-05-24 12:08:00,2018-05-25 19:28:26,2018-06-11,8ac03172dc8e36a4c5e0b694ef3235aa,2018-05-24
5aa89bb7eb1a8dca4d70fcd37878c8a4,fe86c2c022a8d1665da64dabf0ceeaea,delivered,2018-07-25 10:54:43,2018-07-25 11:05:10,2018-07-25 11:58:00,2018-07-31 20:06:21,2018-08-20,d6b7b7b651f4a32b5c16f62c01f3b565,2018-07-25
b7a098563d93a0a1f918772c24ca3831,7974eb74e94d3f3e1031f74d1b97ea5e,delivered,2018-02-17 16:41:06,2018-02-17 16:55:55,2018-02-21 18:32:40,2018-02-27 18:22:43,2018-03-05,fde3e12f9fc7b5df5946a9c8256afe61,2018-02-17
6a4d41fb9165f032ec025794db381fa7,c89d15c5a577db7e5d3535a0a54ae452,delivered,2017-10-05 12:39:24,2017-10-05 12:49:36,2017-10-06 19:33:56,2017-10-11 20:58:10,2017-10-31,8c6957aedc2947857ce35de20f665290,2017-10-05
8a12018fd6af932819b6e06b6e3eeba7,bdc70f91dc54953d1be0ef76d183c5d1,delivered,2017-11-24 23:40:31,2017-11-25 01:39:31,2017-11-27 18:47:14,2017-11-28 22:27:41,2017-12-08,f8bffe1586fdae62dd3646353a25f958,2017-11-24
05c1808ab7242e387b4947245e0c0649,069c942e82eba9152f2797da49e1e764,delivered,2017-03-08 16:49:01,2017-03-08 16:49:01,2017-03-09 05:44:59,2017-03-20 12:23:48,2017-03-30,3991c41c2de37fb418cbfd8938aead3d,2017-03-08
a9be69fb32d8f98c2a1620823cc03217,28c9ef88cd702b973c4f6af0da609605,delivered,2017-11-30 08:37:41,2017-11-30 08:53:13,2017-11-30 16:17:23,2017-12-06 19:57:01,2018-01-02,833974ee91dd452c264e016409614690,2017-11-30
f8204e84e9a426029a3f9848738caf33,7181d4c67d92d02969a0d9bf56d4c645,delivered,2018-08-05 15:33:02,2018-08-05 15:45:25,2018-08-07 14:37:00,2018-08-11 16:51:04,2018-08-14,f7868a334063a6d3943900186a61dff4,2018-08-05
192e8093aeeb86d202c1035db3a5bd48,df2af8efbfb8b719e19e7e08d0017759,delivered,2018-07-20 10:32:03,2018-07-21 10:25:13,2018-07-25 12:43:00,2018-07-31 20:14:45,2018-08-30,71150730b022797afd6a487820125da0,2018-07-20
5f90a6d7c0262682ff8a77f40e668e1a,4869c2c49b393e96bac32c0f844d9cd5,delivered,2017-04-07 21:10:19,2017-04-07 21:25:07,2017-04-13 11:44:14,2017-04-22 14:42:46,2017-05-03,b3f022d93fd7d29a984acb2470b83791,2017-04-07
1078cee780187c1672d97d4ebfb4cc2e,cbfe773accbd474bcd87443dcdf49416,delivered,2018-02-01 08:35:49,2018-02-01 09:53:06,2018-02-03 01:16:36,2018-02-05 17:37:09,2018-02-19,04be500031efe43d2defff8c41810543,2018-02-01
8dde389ebcf87898f96614bf718a3424,7f9a771719afa6802825b9f0793d980f,delivered,2018-08-14 10:41:49,2018-08-14 10:50:16,2018-08-22 08:00:00,2018-08-28 19:39:37,2018-09-05,acc0e3b063cb014e3ef92b08b5836bcf,2018-08-14
04dd5aa087f6b04e0e145fb4c4fef047,2800b82a7d904585f1f78639be21f877,delivered,2017-11-27 17:19:45,2017-11-29 18:12:30,2017-12-04 19:52:37,2017-12-11 21:09:31,2017-12-18,956ea737391c0ca027592dd7aeeae027,2017-11-27
69cfe2f137c308ad6f6d0896ad8189d2,9ba20212326011c0a71ef26b476a19f7,delivered,2017-11-14 09:19:13,2017-11-15 02:46:31,2017-11-16 19:43:51,2017-11-21 14:38:54,2017-12-04,ce673045c4daded52134073c2e661fb1,2017-11-14
ab46b23c27822b224f0e2fcca0f25e63,d06fde36eadfb52477c545e5922b1c9a,delivered,2018-01-10 21:12:16,2018-01-10 21:29:03,2018-01-26 20:53:17,2018-02-06 18:24:51,2018-03-06,4b256de10191200af4161c5d0d51da48,2018-01-10
b0ee8cb0ccd868a2b5fd4b0f66bea08a,3b5595f4f91fa8f27d5d3a7ff2dd0831,delivered,2018-04-14 20:31:48,2018-04-16 08:51:07,2018-04-16 17:48:34,2018-05-09 19:03:20,2018-05-21,4badd97df3e4ad6d64508b5c25d4dca9,2018-04-14
e05ad3bb40dd7a1f005c828e86493bcc,348dab3f7710f2be30559eb101ff7696,delivered,2018-05-24 13:13:40,2018-05-25 02:55:02,2018-05-25 13:44:00,2018-05-28 16:46:42,2018-06-13,677f15bcada4a99f87e743927803a3a4,2018-05-24
b56499883923b712fb275ca6ee73bcbe,8587712871a9068612ca82692acd6051,delivered,2018-05-02 12:02:02,2018-05-02 12:15:25,2018-05-04 13:47:00,2018-05-10 18:10:52,2018-05-22,8e6b5c75948260e7bd1ae31974379f7b,2018-05-02
5add03213ad417aab3988852ea890572,69009aaf4e400602c05b1da3989ca40b,delivered,2017-09-01 10:42:58,2017-09-01 10:55:24,2017-09-04 21:45:52,2017-09-11 16:36:06,2017-09-26,87a309826a8cbca2e5cdc9c0e60a0129,2017-09-01
e01734681e487d52315e5745bf478d7d,7a34180d4442d594be87d3e69bbf0ba0,delivered,2017-11-16 20:37:52,2017-11-16 20:50:38,2017-11-22 15:14:32,2017-11-28 01:22:14,2017-12-06,dadd69bfdceeadee0f68a0307d76ea45,2017-11-16
1afd8ff2dd513d0b66ac931347fd264d,bbc17ff568ee38c7faa4f30dadb38e8a,delivered,2017-03-29 07:03:56,2017-03-30 02:15:14,2017-04-03 14:27:36,2017-04-07 16:34:49,2017-04-24,21b511802f46030f42df35d2d0705832,2017-03-29
5bb67bb01ea5cb177b047ffe340c5c3e,302ddfd48143e8c407b25c746096e09f,delivered,2018-07-11 07:33:55,2018-07-11 07:45:58,2018-07-12 08:48:00,2018-07-26 16:16:46,2018-07-30,e1bebac06d393ac8bd995c5b9ea0ad67,2018-07-11
1ee14212cb207ed5474b41f501133c11,ba936b691c12f67e4c24f195f5d2f5bd,delivered,2018-08-22 22:04:26,2018-08-24 03:05:13,2018-08-27 13:30:00,2018-08-30 15:52:47,2018-09-13,aed42e87e8e87dcd62a19f37b59b1700,2018-08-22
fe421e7d38d622aedc8ca97d58771ea6,9bf5b0d90ce42a8216c828b07d44b528,delivered,2017-04-22 08:49:09,2017-04-22 08:55:13,2017-04-24 12:38:51,2017-05-15 12:08:01,2017-05-19,c216ddf05dece5d199d21e54250658ea,2017-04-22
df6340ee228a1f029c6341931763f177,32705597278e6504c324f9c7fe5d74c9,shipped,2017-12-01 21:55:25,2017-12-02 10:18:29,2017-12-04 21:52:21,,2017-12-27,bf86879619eefd3ee1da656434e09204,2017-12-01
6d5f62b312ef08610aa99b1a365ec10b,2c58296eab043d713ee5fc669f6aba05,delivered,2018-07-05 14:59:58,2018-07-05 16:30:53,2018-07-05 16:08:00,2018-07-10 21:04:13,2018-08-03,7fa7ba885b03d2c06982d96ecbcddb0d,2018-07-05
dac8bbf73624993402c1e7481bb37ee5,e65ce9b007466b457e8b7bc5004b1186,delivered,2017-06-06 23:08:04,2017-06-06 23:22:37,2017-06-07 10:44:34,2017-06-14 14:42:13,2017-06-29,bae2d36f7119de90a1f3f9aa995e5c5f,2017-06-06
e48247404129e18919a1425efabcf422,f90c4fc69ee075a663c05fa16b2e61a0,delivered,2018-01-16 13:55:43,2018-01-18 02:13:14,2018-01-18 22:26:41,2018-01-26 20:46:48,2018-02-08,ec441c1966bfa602976763f330fc5168,2018-01-16
69a2a91fc2f5cf8fd09cf5e9ed2b56ff,c70ebd6d93654220aed313d7c3130d13,delivered,2017-07-19 21:09:11,2017-07-19 21:24:01,2017-07-20 21:23:45,2017-07-21 14:12:53,2017-08-02,5df8710e0e69a1b21ec96bca50cc6c64,2017-07-19
07c33a9470d0df2a30cc8a8ebd0288d1,b4a2eabc4ac6b82d0f3aa2961fc9220b,delivered,2018-05-16 18:29:24,2018-05-18 05:16:30,2018-05-21 15:02:00,2018-05-23 14:58:36,2018-05-25,8639374fa74fade3b0f3f5381297b88d,2018-05-16
074d6aba62abd52ad27529d3fb746260,204bbfa4c9b59b50791939141259e2ed,delivered,2017-06-08 18:26:09,2017-06-08 19:03:26,2017-06-09 14:16:08,2017-06-21 16:53:46,2017-07-03,05fef3a82802270f3bfb10eaa50b29c1,2017-06-08
08b57d9de8bb87cfd045a7bc735ba831,b63fa2c5e73bc1c4f1340748442f0722,delivered,2017-05-23 19:52:27,2017-05-23 20:05:09,2017-05-24 17:22:13,2017-05-26 07:33:19,2017-06-05,bd9e235e9996a20d1153c238c2706b92,2017-05-23
c9b0a65b5794db7ced550ecc9ba178ca,d1c715c3201e2a54b45c12a6ae5e0f67,delivered,2018-02-07 16:10:34,2018-02-07 16:30:35,2018-02-08 00:36:30,2018-02-16 19:38:51,2018-03-14,07aa2ff08a800a8e109f9a6273b3eaa9,2018-02-07
d37e660e61680fadd235a5ca5b6721bb,252230964e63dc483b06023a916ac62b,delivered,2018-04-13 14:37:55,2018-04-13 14:51:28,2018-04-16 16:44:48,2018-04-26 20:11:02,2018-05-09,37669671d35808111ab0d229e546221f,2018-04-13
0524a4740833e4c479484d6fd2735725,09d9f64ba169a1b0e2c8d9690ef483c2,delivered,2018-07-30 18:34:42,2018-07-30 19:24:23,2018-07-31 09:57:00,2018-08-03 11:51:39,2018-08-09,97a8c192968ddbded45b8fc64563ac3e,2018-07-30
fd3b391929c4fc835fb015acdf8049e2,9cb5cb63842b6b3b9843f6803eda167e,delivered,2018-05-11 12:38:02,2018-05-11 12:57:06,2018-05-15 12:00:00,2018-05-16 15:06:34,2018-05-29,324ac53c3fc280401366b7c197dba28d,2018-05-11
8d994041d6127d2acc8d13aad557e75f,79549bf1ee85aa08fa9007af4f4a6dde,shipped,2017-03-24 21:48:54,2017-03-24 22:02:26,2017-03-25 09:33:55,,2017-04-19,ca49534fcedb73b42c18dbd99b0a0d22,2017-03-24
9bcfea969358b43046969a17bfa436b9,a8dae326e70d36bde8a49e2207f1f0d8,delivered,2018-02-22 15:43:00,2018-02-23 15:54:25,2018-02-28 19:34:30,2018-03-22 11:32:53,2018-03-28,fee6634d946e08b185a6d0152110f92a,2018-02-22
a077228a07e8b9b735ffd87f50d423e1,28c1154b280de237fd5050b71fb67c0b,delivered,2017-11-24 11:11:43,2017-11-24 13:14:53,2017-11-30 16:47:45,2017-12-01 21:43:10,2017-12-08,7b254c5fd79d511ce28932ebc1e6c257,2017-11-24
dd5831f3eb10afa80b5cea07ae84e87e,7982e84c59ee033ee1ba6110456f3f6f,delivered,2018-04-06 20:02:58,2018-04-07 20:08:31,2018-04-10 19:40:28,2018-04-11 20:07:35,2018-04-18,e746ffe09133375bd7a8cd10ddd7c89a,2018-04-06
cbf5771b59c1f5688a8f8224f08607eb,4a727b3912355023c5284abd4b1c6956,delivered,2018-04-27 08:52:11,2018-04-27 09:08:35,2018-04-27 14:03:00,2018-05-03 20:58:41,2018-05-22,41013aa51f66c28ff9d2c9d9d8340db5,2018-04-27
d1f23373fcc8819b0168ed403939600f,e96b0fbad01c75bac4692b344f98d0b8,delivered,2018-02-11 00:17:16,2018-02-11 01:15:34,2018-02-14 22:37:36,2018-02-16 12:57:57,2018-03-05,ec9e9ceb08705ea60ca51e8697b8b68a,2018-02-11
9e79eaf24f3a351f51692b227136741e,79d9271e1bd3984404a8b296a6de3c42,delivered,2018-07-27 22:23:49,2018-07-27 22:44:10,2018-07-30 18:16:00,2018-08-07 21:08:46,2018-08-15,ad30bc0453a6553d7fe530b1b822d124,2018-07-27
755dd61fa0b225c0a149662ea67cd5ff,957928b8ab3a4c3a4ecaf3818801af0b,delivered,2018-04-12 18:25:52,2018-04-14 02:30:27,2018-04-17 15:08:50,2018-04-21 01:08:49,2018-05-07,a51f282d520ef1c581594da3b04f6aa9,2018-04-12
0f55ec65ad1f38ceeb753846d0684c52,dd98b876b13121dcda59ffb2d37d0de7,delivered,2018-02-01 19:58:21,2018-02-01 20:13:56,2018-02-07 20:28:33,2018-02-08 18:31:49,2018-02-19,a66ef26cbab754cef9bd1fd7643813a4,2018-02-01
746de2565dea8d35a273e6b7db1764b9,542a1542afb92ac617f667ed43640af8,delivered,2018-01-05 16:09:43,2018-01-05 16:15:35,2018-01-08 18:49:43,2018-01-13 01:21:50,2018-02-15,67cb90a67c8f7b5e3a886f4fd859d2f8,2018-01-05
418018cd21bcca5f7cc37f9f17ac1466,81c19ba9169b16ec020f789b0e05b677,delivered,2018-01-16 18:19:20,2018-01-16 18:29:51,2018-01-22 19:26:56,2018-01-30 18:08:50,2018-02-07,494a52654366a12455cd9a81c6fdf542,2018-01-16
cb6e441ff2ef574ce08d3709426f88ec,4fb843d304c57182d4aa27bb39ca592b,delivered,2018-08-08 19:27:03,2018-08-08 19:44:59,2018-08-10 13:32:00,2018-08-18 01:11:58,2018-08-15,ad9ea4d00c39f9f3213f2cb69b1bf3a8,2018-08-08
3b4f91054cb9728a62114d3103612374,b78af1eb8561b53cb6b93162ecb34e49,delivered,2017-10-16 21:39:31,2017-10-16 21:50:21,2017-10-27 21:51:03,2017-11-10 00:58:36,2017-11-17,650d655f572ad6a213c0f6619f6913cf,2017-10-16
31abfb3d839221bf8dc8165fbd494c2f,f62b26b783dc075ee45d0525eb2649dc,delivered,2018-07-04 11:05:34,2018-07-05 16:32:36,2018-07-05 07:38:00,2018-07-09 10:16:57,2018-07-24,4077fcb87fb654d7fcb5c96b649415c4,2018-07-04
03f2794ace8d10c0af8614f6fac2be3e,748632357c64f888b1f6932d1eee4fd7,delivered,2017-05-15 20:46:00,2017-05-15 21:02:36,2017-05-16 07:40:25,2017-05-24 15:12:12,2017-06-08,d927267e54f07b9e0fd408d2f840024c,2017-05-15
a39d3db795a5cf4c8b6c9dd050f0d326,ec66df2cb66dfda07c03050470e21f69,canceled,2017-03-13 16:12:24,2017-03-13 16:12:24,,,2017-03-30,8c36d7644f5966816dcdd2d70b606eba,2017-03-13
3b2124c60aeceeefe963adfc35d0310d,1d00e4153e19570adc3862c093d0d071,delivered,2017-06-02 12:57:15,2017-06-02 13:22:44,2017-06-05 11:45:02,2017-06-13 10:37:38,2017-06-29,2cd68cd1b5bef221314ed99f32ad33f4,2017-06-02
d3e0a0298be4e950a2271ef880d8e1ff,1da9f9775d33dcdc0a8d7811009a19be,delivered,2017-02-17 00:29:34,2017-02-17 01:06:04,2017-02-17 13:21:09,2017-02-25 12:13:01,2017-03-16,aa6a39ce5535496e6ca5d80498515216,2017-02-17
b5620c351108ed4667886da53f3f8599,2364ed5a865ac9d255eac0cac6366ea0,delivered,2017-11-08 16:43:35,2017-11-08 17:30:52,2017-11-14 13:43:00,2017-11-20 22:57:13,2017-11-28,7b7605b5797e73a668d8b55424f883f0,2017-11-08
8d1d09cecb392f024da77ada654625c5,4608ffc5f70a8c67bf129d6770948fb3,delivered,2017-10-23 17:11:15,2017-10-23 17:35:33,2017-10-24 16:58:57,2017-10-27 20:41:50,2017-11-09,5c585e7a98e329454ba75d494a0019be,2017-10-23
165db2f7901b38055fe76db6894683d2,7b7ba1ea7b27f88bba9a40beb28b0520,delivered,2017-10-04 10:45:25,2017-10-04 11:05:08,2017-10-04 21:48:04,2017-10-06 17:41:40,2017-10-23,3e9c6b78c5f04621fa3efb18433e0df3,2017-10-04
afde85ca0156001aaeb789fe4747edda,943a02b9d5564146f21343b020bcb5de,delivered,2018-02-19 16:20:28,2018-02-19 17:47:31,2018-02-22 21:29:47,2018-02-23 16:03:58,2018-03-05,b8ad4abdbbbb25a8106cf1fa49600053,2018-02-19
4af91349921618b7fe12e5b417b3fc7d,412f4e3e4f82e83c44e9ccc631885767,delivered,2017-11-24 17:52:52,2017-11-24 21:16:19,2017-12-04 16:52:01,2017-12-05 23:58:40,2017-12-14,7f2c153050a43c7990f09dc3bb301a76,2017-11-24
e2cfe4b2af025a2ae3b1d8795f677525,263e66eb67eddc6a0053b194571427d0,delivered,2017-12-05 12:19:36,2017-12-05 12:33:48,2017-12-05 22:54:47,2018-01-05 23:59:05,2017-12-29,92b0c5698b3008fd30c5230b2504df71,2017-12-05
397734101cdc7f8ac3663089a968a763,a8ce91cb1dbbaddba9f7be0a9937b25f,delivered,2018-01-30 17:04:07,2018-01-30 17:29:46,2018-02-01 18:23:07,2018-03-12 20:32:17,2018-03-02,379222d9312a6f61a9b401c289cac564,2018-01-30
807451448a665b991d8608a4890e6059,4b881664606b8531347f673b8860c565,delivered,2017-07-28 13:10:24,2017-07-28 13:43:27,2017-08-01 00:03:23,2017-08-04 16:10:20,2017-08-14,d095bbc1bb5524e10c78879cceb862d8,2017-07-28
af9b2bc020f9e2e4baf46e08f5700e51,6fbf49020855ca62bea99874ac92e715,delivered,2018-08-01 17:02:45,2018-08-01 17:30:47,2018-08-07 13:02:00,2018-08-10 16:31:56,2018-08-15,e27f99c3e38c91b51381bf82186a2cee,2018-08-01
a8f5a2b22f55e0af45b300929d1fdc7d,6e359a57a91f84095cc64e1b351aef8c,delivered,2017-05-15 17:58:25,2017-05-15 18:10:18,2017-05-16 15:41:37,2017-05-19 11:10:11,2017-06-06,2e6a42a9b5cbb0da62988694f18ee295,2017-05-15
c57a1614ff14e7e6009f15b0d36d67da,604cdd5917fc17427bdb04712335927a,delivered,2018-08-05 14:47:24,2018-08-05 15:04:24,2018-08-06 14:00:00,2018-08-09 21:52:31,2018-08-22,3cedce8d574ecec6c8043a8cf200d19d,2018-08-05
7edf656fde82d2902cc1a19596cdf422,116a19a0ae346ac667f771936ff445bb,delivered,2018-03-20 15:36:44,2018-03-22 02:49:53,2018-04-18 18:21:20,2018-04-23 16:48:49,2018-04-20,b2112b3b9339f6532b94e5a64c61dab8,2018-03-20
6e57e23ecac1ae881286657694444267,2dda54e25d0984e12705c84d4030e6e0,delivered,2018-08-09 17:36:47,2018-08-20 15:55:42,2018-08-14 13:26:00,2018-08-17 16:45:45,2018-09-06,71692b73230707ce0f95d8a6091c22b4,2018-08-09
b8bf848cf366061f0e9555337da2a9d6,56b819ca6360d77781801ec530b47783,delivered,2017-08-22 13:04:49,2017-08-24 03:06:33,2017-08-24 15:04:07,2017-09-04 19:06:53,2017-09-14,a6a0c8dce941954d5db099a5f472a1f9,2017-08-22
9ec69e593c93e73dea5c433c653e8d46,461ef2a952bc2e913cf440163e85a4de,delivered,2018-03-20 13:03:41,2018-03-22 02:49:53,2018-03-23 13:22:06,2018-04-06 22:31:06,2018-04-11,9bef45d7ac9f669b72c4360f2e4bc4c1,2018-03-20
f03bbe221b9e5bae09eccab6a0c4120e,5117c4b5e5b786a6f513005ee3bd9f18,delivered,2017-11-03 11:24:36,2017-11-09 18:15:32,2017-11-10 22:18:46,2017-11-20 17:35:54,2017-11-30,b96336694477939c9d102438f0c7c9d7,2017-11-03
dfa3653e86520b99a8a2dceed4362a7c,0326dd6a607188065ee1d69c0390395d,delivered,2017-06-18 22:03:52,2017-06-20 10:35:16,2017-06-27 08:52:50,2017-07-03 16:03:30,2017-07-21,9dc44558922ff57d14d99f20d37f440f,2017-06-18
a6ae47718cbf5663cae29d4ed03ba272,28bdf307ebed2aa57b5c83c7fb080fd1,delivered,2018-08-05 18:13:11,2018-08-07 06:10:16,2018-08-09 15:19:00,2018-08-10 21:58:32,2018-08-13,718035a1435a427d46fd383caa59feb2,2018-08-05
934daa3b33591884346152a2c7f15ce5,ccc2a5577a251f98fb39d90e7fca0c78,delivered,2018-05-17 20:04:34,2018-05-18 01:57:15,2018-05-18 12:57:00,2018-05-22 19:12:18,2018-05-28,b8624f5635e1f66fa1910d775aab0055,2018-05-17
1f079793c7cf0447834c7f3fff027802,f92cd4dab2ff641c55fe00ae3f3ddbd5,delivered,2018-08-01 14:42:31,2018-08-01 14:50:20,2018-08-06 10:00:00,2018-08-07 23:51:32,2018-08-08,98c119f8f9c3bc5cce350b820bca3d43,2018-08-01
d02a27af33a8164ec42eeddf27c5ad59,a0227ec32ff282dc027d2afd5982ba5a,delivered,2017-03-22 09:57:27,2017-03-22 09:57:27,2017-03-22 12:14:38,2017-03-29 16:17:51,2017-04-12,952c5cea601c077ed3c16fd51c7ab7e6,2017-03-22
d8e0ad323eb1f4ae7725beb34e2aff1f,dbe0f00a51158c7c60c7de899c9562d9,delivered,2017-11-24 21:45:13,2017-11-25 00:35:54,2017-11-28 18:12:43,2017-12-02 14:07:11,2017-12-08,733f89dbe1cd8580321aacd8766dd437,2017-11-24
610d998ea61935583bd897dd101d0e1d,4c6646f19dfcb0bc05ebccf4ddeb745c,delivered,2017-07-24 19:36:14,2017-07-24 19:50:14,2017-07-26 21:03:44,2017-08-03 18:09:58,2017-08-22,e27f3ddcf51ef11b17c7801428999156,2017-07-24
dff6ed771cf60abd35926e39beb502ef,c01443cc3dd815804225dacaded87050,delivered,2017-05-06 15:20:06,2017-05-09 09:30:31,2017-05-09 10:39:34,2017-05-16 09:03:44,2017-05-31,55c5a2d985619aa0a36d724e52468dfc,2017-05-06
b13efaac3f8cb7730ba737059abc614b,f48c503766cc6385fe6947e623c20b65,delivered,2017-10-26 11:22:23,2017-10-26 11:37:48,2017-10-31 16:58:06,2017-11-08 22:04:00,2017-11-23,5b2f88631e76ec357578704f3a123737,2017-10-26
06450a9849cb4a8c2f3bbeba9995b64f,6668dac2eb65c90a4b5662e8d5a38514,delivered,2018-01-19 20:26:21,2018-01-19 20:36:32,2018-01-23 22:08:06,2018-01-26 15:08:01,2018-03-01,f0b7acd2e2d0980cde86801f38ee0e6f,2018-01-19
7dc27189eb855013011423a5dcac71c3,848a418025af5ffbbadfdedd85081da7,delivered,2018-04-15 18:55:17,2018-04-15 19:10:56,2018-04-16 19:26:26,2018-04-17 19:04:33,2018-04-27,0ce904893f0560890d2f0d063a30ddb6,2018-04-15
ca186afb25218627f21f78bcb9a5ea08,7180be94124d3a8df635fa390531a16a,delivered,2018-08-21 17:10:10,2018-08-21 17:27:17,2018-08-22 14:35:00,2018-08-27 19:07:22,2018-09-03,b15035bdc5680d5f32c2d860cfc2f8fc,2018-08-21
767cc814433df2750747896ffc066766,2edc6f92f35d994f26752db0fd1f5727,delivered,2018-06-28 01:05:22,2018-06-28 01:15:12,2018-06-28 14:02:00,2018-07-09 15:18:38,2018-08-03,e00261025c7c5e2971ae2311db439e69,2018-06-28
b198d16d5ba1cbacf02b4d54728314fa,7021912eee1bca99920c934a3d8b27c5,delivered,2018-07-28 14:57:50,2018-07-29 17:45:08,2018-08-07 13:43:00,2018-08-15 13:41:44,2018-08-21,8381bb7c1a0fac1247790fff95b56df6,2018-07-28
a66765fe402323e56c6304674dea53ec,6a9f8b26d13f6070c2be70b834949be9,delivered,2017-09-09 11:35:10,2017-09-09 11:45:40,2017-09-11 22:10:02,2017-09-26 17:56:37,2017-10-03,5468c19d0df121d47a5d3dc792f6cf52,2017-09-09
eb95318c123e12f8213e02bd24fe4118,0c61d5a89f3c2614ad54d1db39a03186,delivered,2017-08-10 07:06:33,2017-08-10 07:26:45,2017-08-16 22:21:50,2017-08-25 18:59:45,2017-09-01,39d6e50625a51a618c2cf02a026231c1,2017-08-10
f351c922b3d5947bcadbeeab096796b8,259d4795add79a2b1ea46f0210db8766,delivered,2017-11-08 19:39:09,2017-11-08 20:30:59,2017-11-13 19:48:51,2017-11-24 14:09:02,2017-11-30,13d7e67a187b037979c76c75b2e79102,2017-11-08
a6534e13be8fdab7ccd171198936be57,1b160c386763e9d5ef99a5afd66d61d9,delivered,2018-02-13 23:42:02,2018-02-15 00:31:00,2018-02-15 23:29:10,2018-02-26 19:23:24,2018-03-08,85dcde3d41cbff3399a2592475e254e8,2018-02-13
e2a4e699c1ba4cf1036be1ca8851b2f4,49c6a9bd8786031fa02ef67014dd2bc1,delivered,2018-04-07 00:49:37,2018-04-09 08:09:33,2018-04-10 02:57:32,2018-04-20 19:19:17,2018-05-02,192cebe1ce37dd56b81350bf2d371dbc,2018-04-07
fc0e0898cfd3461507bc68aea61e36d8,69cf5beafa7bea170aac033ed6ba25d2,delivered,2017-12-29 20:50:35,2017-12-29 21:07:28,2018-01-03 17:28:57,2018-01-05 14:44:44,2018-01-18,7cb06ad872b656ba082615bfbc6cc0af,2017-12-29
17369d934e18e1cb2481bc11a9dcce78,9fdf053062b1f535917981029e490fa8,delivered,2018-02-23 23:33:40,2018-02-24 00:07:52,2018-02-27 21:58:53,2018-03-14 19:51:52,2018-03-26,5f55955ddaecbb08c84de1fabef864f1,2018-02-23
aa5bea3edb5908e4063ffee094543547,135cff02649bf8b25bb2ca8b46bd80c3,delivered,2018-02-03 10:17:33,2018-02-04 10:10:25,2018-02-05 16:42:23,2018-02-28 21:33:57,2018-03-06,59151e2a23ba2273271860147a7ab68d,2018-02-03
31b9cf3309387ffd343b19690e6985a0,b6b8e122cb92d8153a97eecba602db4d,delivered,2017-07-14 20:57:25,2017-07-14 21:10:17,2017-07-15 15:41:27,2017-07-19 19:34:50,2017-08-03,1f65b985510dd34cd39d7c91b7663c9d,2017-07-14
43df363e546c5d4be691fee79394213d,5687096b10ffbfce09ee6a5fc3ebefd1,delivered,2017-12-21 13:57:09,2017-12-22 02:50:38,2017-12-22 17:56:28,2017-12-26 19:09:41,2018-01-10,127e44b144e9f8e1edf9262193bac557,2017-12-21
cfcdaec7ddcaf0a8ff1ef398575d9917,5f4b2469ef500958180a1e9bd6edd1fc,delivered,2018-01-06 17:38:10,2018-01-06 17:46:50,2018-01-09 22:39:20,2018-01-11 20:22:16,2018-01-31,dd041c565b59e0e93cd10371d4e21a9c,2018-01-06
649119592692c2ce73021844e7892aa6,a2aeb9a5650ba6f97ebd3335cb0dd610,delivered,2017-06-27 12:00:27,2017-06-28 02:35:23,2017-06-28 17:37:33,2017-07-10 20:49:35,2017-07-25,f1502c61446672ca641cf3ebe7d4f445,2017-06-27
f7a4be4d6edb66bd0e62e91e1bbc9061,30df93bd0e2874646d39d37dec1764d5,delivered,2017-01-17 10:49:05,2017-01-17 11:02:18,2017-01-18 12:40:23,2017-01-30 13:28:43,2017-03-01,faf47b5b5d6da79375665838f42e5136,2017-01-17
ee6f7abb8cf6ea119dbd09f8cf6acbfe,2c87fa5de571fe098ce699a0b93da7dd,delivered,2018-06-16 16:39:47,2018-06-16 16:58:36,2018-06-18 09:33:00,2018-06-21 16:09:44,2018-07-26,1b4df9eac3b620a7edbbd5e0ff34b7d4,2018-06-16
17c7247e36a481d564a5ec8c28861709,89aa7d6c004419805cfefc8ed2e01c1a,delivered,2017-07-21 10:09:02,2017-07-25 03:50:17,2017-07-26 10:21:44,2017-07-29 11:11:26,2017-08-03,19b865e3701d5403150575450d4a1c25,2017-07-21
922d589aa475c4bc7935c3b9d97e6dae,08d5cabc983964257832805dc6f0e74e,delivered,2017-10-22 16:53:20,2017-10-22 17:14:20,2017-10-23 17:30:49,2017-10-24 20:17:46,2017-11-03,584bb2bc20695e10db1ddc15d027b8b4,2017-10-22
ab19eec70d9d0fa0b30f290905c806e5,d19766c98ec819e36dc3d8db0491f72f,delivered,2017-08-27 02:41:09,2017-08-27 02:55:11,2017-08-28 18:53:05,2017-08-29 18:57:42,2017-09-08,8987373b21c23e2e911dcfae64a72f6f,2017-08-27
10ef04a6021b2bac686ed668485c8c80,82b03a0031f872239665983241c52179,delivered,2018-01-25 13:21:56,2018-01-25 13:38:59,2018-02-17 02:33:54,2018-03-16 00:18:37,2018-03-09,cf68ed00e583c4c3802cd3eeaf4bbfd4,2018-01-25
20be6d24b0a84a4e329e5973d524f20f,eb7276a4ee7dd4449adcde6da478121a,delivered,2017-08-01 23:35:06,2017-08-01 23:50:10,2017-08-03 14:51:24,2017-08-15 16:07:08,2017-09-08,edc9873039c3986b086a6fa6953bcf27,2017-08-01
0e2f2a11ed7233e538469471930a7ed7,a7dbd3fd213f08708b18e3b2667e14de,delivered,2018-05-29 09:13:48,2018-05-29 09:30:48,2018-05-29 14:45:00,2018-06-11 14:53:02,2018-07-16,120d312c68bd6607e58c4059b219d5ae,2018-05-29
2f50a3b610253bede0da1b660bf560b9,e4d57ae0cd29436ff661934056bca9f4,delivered,2018-06-29 09:59:10,2018-06-30 02:52:26,2018-07-03 12:37:00,2018-07-07 12:12:15,2018-07-27,3d304df5973262bf91bd0d197571e4b9,2018-06-29
844f01e04cbbf8ba9a2ada9f036eb8d2,85edc80a16b4badbc1e58061b6ba26e3,delivered,2018-02-06 20:37:41,2018-02-06 20:51:06,2018-02-07 20:33:08,2018-02-20 17:05:35,2018-03-07,93b6131ab9ec17f66ed8d5104307acb9,2018-02-06
8eee4e1e428f76520ca03af043ace939,a71f52e216620305e7028f51100b69a8,delivered,2017-07-01 16:25:53,2017-07-01 16:43:50,2017-07-03 15:21:39,2017-07-11 13:06:46,2017-07-25,693d4dc072a4cbdfa19501dbab1c7ad1,2017-07-01
7000a7e12f1bd709320d5ba33e246930,f2e25f6f5b6b91207fae80a1c29d1a2d,delivered,2017-12-25 22:56:51,2017-12-27 04:06:56,2017-12-28 17:34:12,2018-01-13 10:37:08,2018-01-16,38bfe8e3b53678fc301fcb2282176ab1,2017-12-25
dc0d27ec49c399d19c810f94cd9d322c,636fd957f57d4c30891ea36b788d1a98,delivered,2017-10-18 20:24:45,2017-10-18 20:35:18,2017-10-26 14:28:36,2017-10-27 15:27:56,2017-11-06,e428db1e8a000b274f1e4e5189e9150b,2017-10-18
8d4c637f1accf7a88a4555f02741e606,b1dd715db389a2077f43174e7a675d07,canceled,2018-08-29 16:27:49,,,,2018-09-13,a8dd81392e5eee5d979c629a76abec2a,2018-08-29
70bd1eb0a425533fa100afb2a4f26a98,e37922fce09b0c4a557f9aeb21b59466,delivered,2018-07-28 13:13:08,2018-07-30 16:05:06,2018-08-01 12:41:00,2018-08-08 16:52:42,2018-08-22,d9b5ae1c429e2d9891c6224c2ccde990,2018-07-28
a48804f66ce775aaca8c304521669e80,4d77375c6dcb70bcc7e85e9745a7f61a,delivered,2017-11-13 11:06:57,2017-11-14 04:10:24,2017-11-16 17:06:00,2017-11-21 17:27:04,2017-12-06,241ef388359fe58ca1bf35112494dcb3,2017-11-13
b025ae09d0783f8194ec38b10c65acbd,0634a391a7b3989dda9196f26e6b2242,delivered,2017-09-01 10:50:42,2017-09-01 11:04:34,2017-09-01 20:04:22,2017-09-11 18:37:38,2017-09-20,96e047d0f9de88ca34c9005565fbe03e,2017-09-01
9bafbb16dccffbb09e9d88acb1a932f4,5c819da02aa0a65eca9a8086a00a9885,delivered,2017-11-17 13:10:42,2017-11-18 02:31:07,2017-11-21 20:53:52,2017-11-22 20:59:32,2017-11-30,62e539dbae33b2188f41136488f334fe,2017-11-17
7a067b571c19eb71f647423ceba78fbe,d2e69592f6a7899fa93310dea8f31096,delivered,2018-05-17 10:31:55,2018-05-17 23:31:20,2018-05-18 12:54:00,2018-05-22 20:07:29,2018-05-25,00da34ebf22b87f6c2f53dc069f237df,2018-05-17
f8ac1de7953f257102599bdaad640722,e29b173e2f8fdd7546b5d3cca8385032,delivered,2018-01-28 19:45:40,2018-01-28 19:59:12,2018-01-31 17:36:37,2018-02-01 16:58:42,2018-02-20,9a401204217ee04e12b8f097f80bbfd8,2018-01-28
816d7f5c23756d3a5757a2b8364424c7,ee6ffacff5681f9665b19d91214345ad,delivered,2018-08-10 12:43:39,2018-08-10 12:55:24,2018-08-13 16:21:00,2018-08-19 19:21:58,2018-08-22,fde36bbb97bd142b58f1868127588a91,2018-08-10
a88803b061dbc43656aa2d377b834e4a,9ea5e80f52a670b0bccb10c1a4ce2463,delivered,2018-04-10 17:25:19,2018-04-10 17:51:48,2018-04-11 20:21:17,2018-05-02 16:15:03,2018-05-08,5818716896e61882c80b6044380c0795,2018-04-10
d65ef0f73f00ef3755af2d8ef6138ba5,754580db05fdc599ca4532c09a328da2,delivered,2018-04-23 08:58:06,2018-04-24 18:14:15,2018-04-23 19:07:40,2018-05-03 20:48:32,2018-05-15,dd3461e395b9670fcbf5edde74c7fb4b,2018-04-23
d13130a0433949ba242b2f0632fd49a2,df85b96ba2ce3e49bde101b1614f52ac,delivered,2017-11-26 11:43:57,2017-11-26 11:55:36,2017-11-28 15:11:48,2017-12-07 23:17:20,2017-12-20,8d46223c91cbeb93e0930ca8bd8ffca2,2017-11-26
7158229b50001f9cbebbab387c50992e,d5fce16631bd2ca01664a112560b505f,delivered,2017-06-11 21:57:20,2017-06-11 22:05:19,2017-06-12 16:38:41,2017-06-23 12:34:33,2017-07-05,0fa43f164a88bfd96f05ab1fcbeca41c,2017-06-11
7723b5b9aece2fe48715a349e72ce1df,b5205e335aca81bc3bea7fef91500e1f,delivered,2018-02-26 19:28:01,2018-02-28 09:29:29,2018-03-21 21:32:16,2018-04-03 18:07:56,2018-04-04,fecd193c02a20ec4525e67a3a9f9c0a5,2018-02-26
305bdb8167732cc44914e064834f8e1c,9e08d3d12c8694671a52867c2b9bb224,delivered,2018-07-06 18:21:45,2018-07-06 18:50:53,2018-07-09 08:19:00,2018-07-12 23:22:02,2018-07-30,7321fa632feb9f59860bd048524ed14a,2018-07-06
1eeaec28c1a699b3b423fba26109e197,e6f7cbd1504efea2bf999b2fa1cb8679,delivered,2018-03-06 09:30:25,2018-03-06 10:09:27,2018-03-07 23:18:43,2018-04-03 22:08:44,2018-04-17,8d2fa65d968da66afc05f2e28250c9dc,2018-03-06
63e0b9d618055898fd3f289f91fe7009,9d4af9f8d10634a350e55c44f566914c,delivered,2018-02-25 18:14:08,2018-02-25 18:47:42,2018-03-14 16:18:55,2018-03-19 15:38:41,2018-03-28,f503c2e0c0fb1b4b258f681a5d474d05,2018-02-25
c14d11b92dcd430bb0e414bff63825b0,c4073e465adf088386a637bf76ff1bdf,delivered,2018-04-03 17:06:59,2018-04-03 17:28:55,2018-04-05 19:03:15,2018-04-09 17:06:33,2018-04-19,4f30c12cd0b6830b37fe2b29ecfa25de,2018-04-03
03a54d3b0f15ac01bad656997420d3bb,574478d054c2bae93a3c66c8a32f4fd5,delivered,2018-05-28 19:15:19,2018-05-30 02:32:21,2018-05-30 13:50:00,2018-06-06 19:14:48,2018-06-26,966c7d4c0641a84e8385e7344018e3bd,2018-05-28
26aee8d6346575cec08b4981acf7cfc3,f99d3670012af522d07daaaec39a2ad2,delivered,2018-08-20 00:11:37,2018-08-20 13:56:09,2018-08-21 15:46:00,2018-08-23 18:18:26,2018-08-24,6ec75d7e0032c13ab96440fa90cab1fe,2018-08-20
a9750e3434088f124fafaf2cb0109fc9,cc9f647f3dcb74c71969df6747554818,delivered,2017-11-06 18:34:03,2017-11-07 03:31:22,2017-11-07 17:09:28,2017-11-09 22:12:12,2017-11-17,9716aa0359703cd7753c5696c45823e0,2017-11-06
7ad99dd647ac730449ac7193ca005527,6dfe3ddd436ac19e55962c1e03189bc4,delivered,2018-03-15 22:13:17,2018-03-15 22:32:08,2018-03-23 15:26:25,2018-04-02 21:28:30,2018-04-04,95a1e94b0e816bb748d75ae1da8013e1,2018-03-15
684e1a86f45edfeeec53b6e903bcf15c,025d5d5b392ca0924d3f47a286fe474f,delivered,2017-07-02 13:51:10,2017-07-03 13:45:08,2017-07-04 18:03:50,2017-07-17 17:31:55,2017-07-25,1322f4f08ee126888c52044389540e3a,2017-07-02
b77ffad8b6c7bb5dedfb6a61f8e7cf57,90e5ceff72c2844348d875011815f1de,delivered,2018-01-09 23:49:14,2018-01-10 10:31:41,2018-01-15 23:35:01,2018-02-08 12:51:47,2018-02-09,c5400d2fca348bd1313426efe4b10a51,2018-01-09
eaef7f919169425e4108197b3bad8065,58d2f3b85809a877b7a268be30871cc3,delivered,2018-04-28 11:33:59,2018-04-28 11:50:48,2018-05-07 12:31:00,2018-05-11 13:56:59,2018-05-23,1016fdb943a9d972e1feb76f053b3535,2018-04-28
e804510d7bf65ec23803813f9bc9dc15,847bf1bfd5767bd38113d9324e29b59a,delivered,2018-08-09 14:34:56,2018-08-09 15:05:17,2018-08-10 12:59:00,2018-08-17 20:18:27,2018-08-21,6845b26cd877899e09fe743ab15c1a63,2018-08-09
8d44f932616a400f89f21d5449de1daf,e89af4478b4eee04c3603cf7d16d486a,delivered,2017-05-14 12:36:54,2017-05-14 13:22:09,2017-05-15 10:58:31,2017-05-24 17:09:47,2017-06-12,375a32d7f2515e310be13b1ac1692545,2017-05-14
48152543286e71de6452df5ae4bd069c,a5c00cbccb8ff7ec3bb8715188412b83,delivered,2018-06-18 10:40:20,2018-06-19 04:17:08,2018-06-19 11:00:00,2018-06-20 17:52:02,2018-06-28,ad1e1401517d0c579608a2eeec740c41,2018-06-18
240191f09afa5eb7356ceaeeb8c153ca,6baa9376774172fc3ad877c08e85644e,delivered,2018-03-26 12:06:58,2018-03-28 16:27:50,2018-03-29 22:52:35,2018-04-09 15:28:25,2018-04-17,7b2ce0e7101fcb721cc7e85d7f410520,2018-03-26
f0dd4c57ab7f24c4d9e52674ef3c887e,4a293f5fca6868a2c0d69e89494dafb7,delivered,2018-08-23 22:29:15,2018-08-24 22:25:18,2018-08-27 10:46:00,2018-08-30 18:18:32,2018-09-10,d04921557f1cde4963c30a11dfb1719d,2018-08-23
f594ab1eab2b9d5a646c989c1bc5eb3e,d0836b848a9c6d8fe285a19b028df814,delivered,2017-09-03 21:38:55,2017-09-03 21:50:15,2017-09-04 19:52:19,2017-09-12 21:35:51,2017-09-27,f45669f4fe48c48b6d5065322ac387be,2017-09-03
c8126206d94637a4e63af00f4181a14d,a90468e2c3a73422673411b52aaa8426,delivered,2017-05-29 22:07:05,2017-05-29 22:22:33,2017-05-31 12:04:00,2017-06-07 14:41:37,2017-06-29,ffef0ffa736c7b3d9af741611089729b,2017-05-29
a0ffdfae1965dbe1b949e79e80e5f289,5c1f704b7692629f2e6ab705487f17cc,delivered,2017-09-22 18:50:01,2017-09-26 04:07:10,2017-09-26 20:19:50,2017-10-17 23:22:13,2017-10-19,d5d51a05e84aeb864c71d01992228bf5,2017-09-22
e8198fb86447455d67c1ddd0b3a068b2,25c1ced83d16f627bd5862b7f9bc6caf,delivered,2018-03-16 18:05:28,2018-03-17 02:35:32,2018-03-19 16:31:40,2018-03-21 18:17:35,2018-03-28,32d935537fb268d349d5d14d7e778a2d,2018-03-16
793b7a8a6150d038052487e8a2af52ec,d57230d9d905c3efa3f8d07284c69167,delivered,2017-06-22 18:32:32,2017-06-22 18:42:44,2017-06-29 12:38:02,2017-07-07 18:03:06,2017-07-14,11dabe1669e29dba5a0874caa569be29,2017-06-22
9977f4c374c569a4721d5261ab8694ec,e27702751ec7fac85bfdddd986cc03ce,delivered,2018-04-06 14:07:11,2018-04-06 14:30:10,2018-04-07 16:22:22,2018-04-13 18:37:39,2018-04-30,682c852f2cb77efab552e07564d6dba4,2018-04-06
2ce757e7e2cf3442241e4646b3472dd0,1d90552931e70c9f5f72f05a9c210a56,delivered,2017-08-30 10:56:21,2017-08-30 11:10:13,2017-09-04 14:52:05,2017-09-12 21:24:54,2017-09-28,56b088f218c6c02cd6e86bb9814271cb,2017-08-30
87b8f9f472fb04cdbf53fb55a3591b5f,0080e98d82eceee143dc006defe00687,delivered,2017-10-26 18:29:04,2017-10-26 18:46:08,2017-10-30 12:51:49,2017-11-03 16:41:47,2017-11-14,38a8b05798967480ac1ca6ce6c5cbd6a,2017-10-26
6522386fefd98cf9293642fb5dcf9342,bfe86e6e37b9485c767b72380d165412,delivered,2017-12-18 15:35:10,2017-12-18 16:36:45,2017-12-20 23:43:31,2017-12-29 19:37:46,2018-01-11,4fd1beb4e95a893ae955635ffaa1a861,2017-12-18
21838957166e38f71ea42879c0a5c3db,321e587bfd564d724fa0883998543eac,delivered,2017-09-03 21:00:23,2017-09-04 21:10:12,2017-09-09 13:42:39,2017-09-13 20:47:56,2017-09-21,280f5ea9dbaf92b0f6deb78d8551952f,2017-09-03
0301ec492e902f2630234df285fa2a1b,25d1a8eaa40b155630ad44faa4b38e40,delivered,2017-08-30 16:03:26,2017-08-30 16:15:17,2017-08-31 19:29:58,2017-09-26 08:04:53,2017-10-03,690c7559d9d62f2464c47042a655bf57,2017-08-30
30c55005c29694f8bb42f9d42c659aa5,4cad7c4c5d12ac22f52c16a69d0663e6,delivered,2017-11-17 13:15:32,2017-11-17 13:46:41,2017-11-21 16:36:54,2017-12-11 16:23:53,2017-12-11,f73a70138af8debfc92ab98ce85d61e5,2017-11-17
8a7059f3a26aa6df1579a6c9ccbacc3e,ac3e946018ca22557127dcd54c9cd677,delivered,2017-09-25 21:50:22,2017-09-25 22:05:24,2017-09-26 23:17:10,2017-10-03 23:04:18,2017-10-20,57fa681a2a71d179145d8029343f8d29,2017-09-25
ac8cb2fea06770a98357d5e17a82b627,edd54a65bbf38c7914583ad0ad6ecf2b,delivered,2018-08-21 06:06:38,2018-08-21 07:30:15,2018-08-22 11:30:00,2018-08-23 21:32:55,2018-09-10,e3190cb18f524a87ea71c46564c77c02,2018-08-21
d967b02c8e9ac87edb380250c652a6b2,b95ff7c80668f3bf98651036308739d7,delivered,2017-11-06 18:17:50,2017-11-07 03:31:18,2017-11-08 18:51:30,2017-11-23 19:51:33,2017-12-05,f31ac54af6af7097bddd1053011e7a3a,2017-11-06
e91130c6fc7b9ad7646ba8260477bd66,063a5ea8e53ff62d2547c8af92ba02b2,delivered,2018-03-28 19:53:14,2018-03-28 20:07:42,2018-04-12 23:06:44,2018-04-18 20:15:45,2018-04-25,0023557a94bef0038066b5d1b3dc763e,2018-03-28
625f2a06b46e5cbf695ba96293f76721,0de81b04e35176808cda689cb88bd263,delivered,2017-03-01 17:58:28,2017-03-01 18:10:20,2017-03-02 15:40:15,2017-03-07 09:35:41,2017-03-21,cecc19ff12c206e6368dd1e9c22a848d,2017-03-01
9b85bbefeeacfebc3ff603d20511734f,7f4f07b97783e894fccff9d72e0988b3,delivered,2017-11-27 10:32:51,2017-11-27 11:14:36,2017-11-29 15:16:47,2017-12-07 19:48:32,2017-12-20,293c9db44b6588c4e52fbef455fccde8,2017-11-27
c7da3693b9936c359eb9d60640dbb967,dfbfddf21e93f87163d8695b85506112,delivered,2017-08-21 20:49:53,2017-08-21 21:05:19,2017-08-23 20:53:00,2017-08-28 19:34:13,2017-09-11,4f853e8ca227c6f7fd20adcd785ba0a9,2017-08-21
236000cc7c90d723a7db9afa31f73e72,41a7a254ad0f16ee9ba1f2ba2605d630,delivered,2018-01-23 18:36:21,2018-01-23 18:55:40,2018-01-24 23:24:36,2018-02-04 14:19:30,2018-02-19,82f63f26a9137f4d215a3f9a7a62977e,2018-01-23
2fba22888f1373d0c3686616e4caf5c8,436e9e545e5299f9e29e1f6083267aec,delivered,2018-02-03 19:00:16,2018-02-06 05:31:53,2018-02-06 22:35:11,2018-02-17 14:52:04,2018-03-01,671e951533c86366cf6325bcc8a02ff4,2018-02-03
ed98c37d860890f940e2acd83629fdd1,71f8cd490677ee95362201588c0eaff4,delivered,2017-12-15 12:57:19,2017-12-15 13:13:05,2017-12-19 22:57:44,2017-12-22 01:28:07,2018-01-05,7329425efe29caeb8c292b725579bd50,2017-12-15
91be088e7093d68e9e8202a7e5d85269,e2287d42212bea87fe363e728bd41e26,delivered,2018-03-27 09:08:33,2018-03-27 09:27:11,2018-03-27 19:03:26,2018-04-09 23:31:36,2018-04-18,77c213e10acbd145d50fcb035d0e86d9,2018-03-27
4109e4ec2678abadacc06e7a540fec03,9f6a53c19c779bd59965550eb0474688,delivered,2017-08-21 14:08:52,2017-08-21 14:24:42,2017-08-25 20:05:10,2017-08-29 16:24:58,2017-09-15,b5a189159a62950d58c7208f43e0631a,2017-08-21
4c9ad1ec8d135d9f6cda60ba64fdc5bf,df50aa4e5e65c1e00257ac32ad9167ed,delivered,2018-03-01 16:55:33,2018-03-01 17:15:33,2018-03-02 22:43:22,2018-03-26 23:50:55,2018-03-21,8bcc84e0763714d1d9609f2047aaa93a,2018-03-01
79a07404beb09afb0d444bbe9dca4bae,998f126b3cb8b108a8b7784019afa475,delivered,2018-08-21 18:47:23,2018-08-21 19:04:39,2018-08-22 13:44:00,2018-08-23 20:56:32,2018-08-27,ce274c03a24e29be7c97f06755757770,2018-08-21
f255802c9fa377d64b1699bcf855a608,5e3f472fbaeca6350f1d9d3072293f31,delivered,2018-01-08 19:30:02,2018-01-08 19:48:19,2018-01-09 19:33:12,2018-01-17 22:52:09,2018-02-01,41ad638a2d5176da0eb0de9e177f880a,2018-01-08
3e2c9148e8b9cca0ec6d480ee316ecb8,461ac5f6096c83246957cad38154e252,delivered,2018-03-30 10:45:33,2018-04-03 05:08:27,2018-04-04 21:21:20,2018-04-06 21:06:49,2018-04-20,1525aae38c4d7ce53540f783ec7b4d17,2018-03-30
e8fba7de8823194ccf9c1f2d52123bee,4ed0344372e80ad60bba6b668bd61bff,delivered,2018-08-10 09:42:32,2018-08-14 04:15:08,2018-08-16 13:56:00,2018-08-20 18:23:23,2018-08-28,fabaf497dc9e26b0e6e1d37806619967,2018-08-10
c63664068aa3636080c2cd77c53971ab,66e8039d5fddd75067de6b08e4bb22e7,delivered,2017-12-04 17:01:15,2017-12-04 17:46:53,2017-12-05 21:48:35,2017-12-22 20:09:32,2017-12-28,bf6d9bf8866ac722b1033fe81229a233,2017-12-04
b7af6b8813fa3bb23a67f2fd8284db1e,6531d4ad5d401bc0d4fcca146cff73b1,delivered,2018-06-25 11:18:12,2018-06-25 11:33:53,2018-06-26 12:40:00,2018-06-28 13:16:51,2018-07-11,42129a3aa44a6075ec29b758d483b8a0,2018-06-25
8104760d9724e09916d654322f583de8,a1a0692a3acbcfe9ec59eb2510936414,delivered,2017-08-09 16:19:43,2017-08-10 10:15:22,2017-08-11 18:45:59,2017-08-15 19:45:05,2017-08-22,c29366dcdcde92f6bab988692e21d709,2017-08-09
2ad5a06596850e972a2074a311a1a30f,15f8bddd3b14e7c3bb4f2020a35e1f3d,delivered,2017-04-18 22:38:59,2017-04-19 01:30:27,2017-04-24 17:20:25,2017-05-11 09:07:31,2017-05-11,53478cb7851907e7343dbf818c273455,2017-04-18
d20a22b30ef6af31ef95346ff02133ed,a283df0eddc285d223a925e3ec1a0067,delivered,2018-02-08 11:37:22,2018-02-08 11:50:46,2018-02-14 20:11:57,2018-02-22 16:46:56,2018-03-12,3f505a4179debd8a891c070933325247,2018-02-08
d0b7e2eb7a74f928072f23a62f4e4f58,335e8d4375004a6065aa3c1d2190995d,delivered,2017-09-21 22:15:27,2017-09-23 02:26:15,2017-09-25 18:21:42,2017-09-26 22:53:42,2017-10-06,5232c4dbb62f99ca1c7847a96821e5f6,2017-09-21
4f248cce45f86c074a86cbf117d2b1b5,78b62d86956ff92fb90758963d061c6b,delivered,2018-06-17 20:16:55,2018-06-17 20:33:53,2018-06-20 12:16:00,2018-06-21 16:32:17,2018-07-26,15d203babb74e0a9f7cb2bd5593ee188,2018-06-17
e93fceb3b0a859a71554881b5b9b5a86,8f11b4d19fddeb5a195b9795fe132fc2,delivered,2018-07-27 10:44:02,2018-07-27 10:55:18,2018-08-01 15:37:00,2018-08-08 12:58:50,2018-08-22,97486266dbd1e557a24a5044981c5a9e,2018-07-27
8f3c9dee0b510175b90cce425174b78e,581588a30afa8dd7bf1179f15ef2e94e,delivered,2017-03-31 23:02:01,2017-03-31 23:15:08,2017-04-03 15:45:59,2017-05-10 13:42:59,2017-05-04,fc1c186e0436f5b790ab26eea95aafff,2017-03-31
932c319ee28911384cce008c02f0b448,f0ae81a403ac013c63bbea4035de8083,delivered,2018-08-11 16:52:23,2018-08-11 17:04:24,2018-08-13 15:26:00,2018-08-27 15:24:41,2018-09-13,2cf2aa79a6a7165ea380a4fcea303c0b,2018-08-11
ad2cd0c1191ac47da3a52b1bf112b391,646c33ea702a830b5017485c833d2971,delivered,2018-07-04 10:53:59,2018-07-05 16:33:08,2018-07-10 12:17:00,2018-07-11 15:41:34,2018-07-17,2a4f0eda78ff3506c9c4dda83bb996bf,2018-07-04
c32dd42a4b8a42c008777be9de862c10,80bcfb6131f4a90aaa0e1a230d747b33,delivered,2017-03-31 02:48:23,2017-04-04 05:45:50,2017-04-06 15:27:56,2017-04-13 14:25:52,2017-04-27,ff57311a2fb5f9aa3477cc13c1c62a50,2017-03-31
1fc4c658ba7a1f8edf3492ce534944ee,5299b9f29f522644081a8249407ede3c,delivered,2017-08-28 10:29:48,2017-08-28 10:45:12,2017-08-29 18:42:08,2017-09-06 23:04:18,2017-09-15,0047f3e16441284d757a8963344f6c59,2017-08-28
ebf6d4734dafb7b6c2c67b98db1b90c4,ad5303ccc4b7f49cbe9767f6a88515d7,delivered,2018-03-16 10:58:09,2018-03-16 11:10:36,2018-03-19 21:22:07,2018-04-14 12:03:14,2018-04-09,16c76c75cc2f6312bc921309ee30ade8,2018-03-16
a3d1ef2562cf71542edfed06c1a7b6c8,5f825bf617f8288a4cb4f50c3c179794,shipped,2017-01-21 11:43:35,2017-01-24 03:42:07,2017-01-24 10:16:53,,2017-03-08,4bd7f188edf5bda0c155c8460457d76b,2017-01-21
8b57d8238179a3fe33158f6f4daf959f,424666b500924dcee2fafee945732103,delivered,2018-02-13 19:20:07,2018-02-15 03:56:00,2018-02-20 18:17:45,2018-03-17 18:38:43,2018-03-07,1686671c7c7da526814358fc22ccb8b6,2018-02-13
cf4ca07fc7743be3281b694f321007bb,d45911b08f65d94b147768c0f369ba84,delivered,2018-07-18 11:55:47,2018-07-18 12:10:08,2018-07-19 15:38:00,2018-07-30 19:43:35,2018-08-06,5e595be768fd3dc726cfb9022af58bb3,2018-07-18
4e49c4d84e4e416dfa56e61889b7113d,08c79ba38eb563126e213a0a764eb7a4,delivered,2018-03-23 16:19:04,2018-03-23 16:30:39,2018-03-26 20:03:53,2018-03-29 17:09:09,2018-04-12,229d029f241c7e742bc0614d8113e4e2,2018-03-23
4f392bdcc6b33f1b56ae0fd844343bbb,d12dfe84678bf6a057d218e2ee623154,delivered,2017-05-12 22:50:56,2017-05-13 07:22:56,2017-05-16 09:17:35,2017-05-17 12:08:39,2017-06-05,5898ff704517d3dcae16ca666b5f225a,2017-05-12
8f32ee82ea0fe678bd4aae681f1637cc,468c4f2750adc583cfca2f7223d7ebff,delivered,2017-06-25 16:16:00,2017-06-25 16:25:12,2017-06-26 14:43:27,2017-06-28 16:16:52,2017-07-07,51c2f039f08424330a6bbba4c9949d98,2017-06-25
3e8beb10c7fe2966555446e8575a88b7,a32e9f128bf594a9f10ca06f147b4719,delivered,2018-08-03 22:16:26,2018-08-04 04:15:53,2018-08-06 14:58:00,2018-08-08 17:18:38,2018-08-13,04964ca17488b76124c740071931f90c,2018-08-03
bae5466ca9c393da0e97709654923fdd,b806115ed21f16a50c4f3a28947aeadb,delivered,2017-09-05 15:20:35,2017-09-05 15:35:12,2017-09-06 14:59:09,2017-09-12 14:40:03,2017-09-25,b118181abcb0f3623b02187e09399f27,2017-09-05
db7f34935c2b818933171e61c031695c,e04f1a56c179e5072f239aa83ee0b5c7,delivered,2017-06-09 13:14:12,2017-06-10 02:45:16,2017-06-12 14:19:33,2017-06-19 13:55:47,2017-07-11,8082996e039c772b71d8df530f5fea4f,2017-06-09
3d6031aba8562253267cc241b6113b98,7a33b68891edd3370f13fc2adbb312ac,delivered,2017-04-19 22:15:27,2017-04-19 22:30:18,2017-04-20 16:15:48,2017-05-15 09:45:43,2017-05-09,ef95fc30ec507e9c99984f33121a8276,2017-04-19
306151d434933050d958f0db23e970a7,54dd42fc9598bd2f29c6860c16fce38b,delivered,2018-01-22 18:25:04,2018-01-24 02:53:21,2018-01-25 23:42:20,2018-01-30 14:09:33,2018-02-06,31d345dc7e57dbc9843ac70d4d88e6f5,2018-01-22
9044b4ff307597019884db48921c1e7e,8c4751bbb5aacd9f0d694e8c622faacc,delivered,2018-03-08 16:07:39,2018-03-08 17:00:43,2018-03-09 17:09:43,2018-04-12 23:32:33,2018-05-04,7bea9fd3f21a7a4c2907a11d03f67deb,2018-03-08
be5b278e38c06fb98c18c6ed0554b754,039c5d6f330c73420f1658e63f67f0ff,delivered,2018-08-02 12:06:27,2018-08-04 04:10:15,2018-08-07 09:01:00,2018-08-08 16:32:55,2018-08-08,5cac520e0d32fbde17b1eec2eed08f37,2018-08-02
7226faa7c52097729fa37ede3e8a625b,f9c5e7c93778d6fdb505bd69aae820b2,delivered,2017-07-14 22:18:39,2017-07-14 22:25:18,2017-07-17 18:54:50,2017-07-26 20:24:20,2017-08-03,a4ff7f3161bd56ef7518647f4e14ca9e,2017-07-14
523d7597c0c82db94fd16b4213e2f0ab,9ac238d7ed8b3694e58e35b1ed82e8b4,delivered,2017-02-20 13:51:20,2017-02-22 03:10:17,2017-03-23 15:43:45,2017-04-06 14:05:29,2017-03-21,15ccaaaa2289afed8a5e40273330c13d,2017-02-20
5504eaa5a86eb25fa666cf2e6b96c701,a30be38e1ed0ffb39b318bf1d15e98d9,invoiced,2017-11-29 08:33:06,2017-11-29 08:56:23,,,2017-12-20,43f17abb82aa3e528eb5fbacc9b92c77,2017-11-29
2860d23a9117630b980b55b7705a38e3,c6fb5870c31ffb62f86cc2b9a8f09921,delivered,2017-11-02 11:01:12,2017-11-02 11:15:28,2017-11-03 17:12:02,2017-11-08 19:12:07,2017-11-29,974444820df2071adf9a67db0a5a29d9,2017-11-02
9cd88e173978b7414b46e60ddc882ae2,7461f9bc414c8346a6ba180b1fbe3580,delivered,2017-08-27 14:17:28,2017-08-28 17:05:40,2017-08-31 20:36:40,2017-09-05 19:42:14,2017-09-26,bc129fa5a30c1e9f64d840dd6d0e574a,2017-08-27
7902ef4dbb5973b8426b4c66f2488d3d,ab2ad178fdd3930c37f3e12ea2a3495c,delivered,2017-12-02 23:23:26,2017-12-03 00:04:38,2017-12-04 20:07:20,2017-12-07 22:18:23,2017-12-27,b315861215eb4ceec45d0c299e7b004e,2017-12-02
7afca88a125dd0c2b912bbf82c0496a4,0030aded3a67b29946a128ee8468388e,delivered,2017-11-23 21:18:14,2017-11-23 21:27:49,2017-11-28 12:52:13,2017-12-06 16:09:49,2017-12-21,a961e198a1d400e99c02e8f4520f763c,2017-11-23
4c5ad8021308604b11f7badf742189dc,30263a0dd35e8aa7df79414030756e15,delivered,2017-10-26 14:21:25,2017-10-27 19:46:39,2017-10-31 22:05:54,2017-11-13 19:07:35,2017-11-28,a28d638176b676da7764c544dd335cbb,2017-10-26
1cb44c843df038496648b84a904aafa6,ec3f8a3193f7b0ab486687b5dc5a7f50,delivered,2017-09-24 20:25:49,2017-09-24 20:44:03,2017-09-26 12:26:45,2017-10-05 21:42:49,2017-10-19,94a19681bf6faa3c6ce3e2df1c2d97cb,2017-09-24
a4bc1677b3d60b00fa7992831697d94f,c5c7f43ef235a5954eca2f6d585e75e6,delivered,2017-10-19 12:31:00,2017-10-19 13:06:24,2017-10-20 14:32:25,2017-10-23 15:28:21,2017-10-31,e395db9777355d755374af8e18f36548,2017-10-19
d86120cf943d0b5402307848d5bab386,0928439662f8929fd00483ceef12c25a,delivered,2018-04-11 23:03:54,2018-04-11 23:15:17,2018-04-13 00:32:50,2018-04-18 22:08:24,2018-04-30,49c530e0eda65a04bc0b39dce0b305f3,2018-04-11
27e2a7e5ef6ee74e734f296c3a0e33f8,e78e95c694dc4c2aae6e6975bb58bd48,delivered,2017-03-06 19:45:34,2017-03-06 19:55:13,2017-03-07 10:11:49,2017-03-13 16:58:04,2017-03-30,b7cc980888147c189d96a40756971585,2017-03-06
4ea3508e2de6e58640c0efe3ef758829,75776b1f1b023dd82d5fafe940616c1e,processing,2017-05-21 23:42:14,2017-05-22 00:35:23,,,2017-06-21,713e7f4511e7c790a743897d3ea47c08,2017-05-21
14e29f83cf6fcd5fcca40380a248eea1,d1d326edcb5fc3e9aadd6e86b7a57910,delivered,2018-02-13 11:28:54,2018-02-13 12:30:27,2018-02-16 17:49:34,2018-02-18 12:45:08,2018-03-01,cad6e6cc5d7a8620efda1f8310fba9d1,2018-02-13
6dc866fe5592428e07b710b6dd22a920,9f1595b82c93e652dd8ffd5cc4051362,delivered,2018-07-21 15:36:20,2018-07-21 15:50:10,2018-07-23 10:09:00,2018-07-30 21:09:06,2018-08-23,b8b7f727e3ad1e14243cb6f11b624351,2018-07-21
086f617d66181efa193629791e0a9076,bd9f453692541458b7e80c8ec16bc167,delivered,2018-08-10 12:48:28,2018-08-10 13:04:45,2018-08-13 14:24:00,2018-08-21 16:39:05,2018-08-31,9b475216704f39cb18ce448648b995e1,2018-08-10
029e3b4c8e64bea4ba22e456cd1930a3,95ec188041551055bfa8abedc15c9218,delivered,2017-08-10 21:05:20,2017-08-10 21:24:08,2017-08-11 20:51:14,2017-08-24 19:05:08,2017-09-05,9506d0f37838eb6943346ba4874834b7,2017-08-10
e821c71ba6efed0813bbc0a01a95f24d,e92f244376eed380877c6aab4cc5b0e0,delivered,2017-12-14 21:05:56,2017-12-14 21:16:21,2017-12-15 23:59:01,2018-01-08 16:11:15,2018-01-18,b7da7bdff09f837a08f65759f068f5ce,2017-12-14
a5fc3fd8cb616492cc41918cb96a5fe2,75fd3a6a9f3b2fc37cd7d26426b19bc3,delivered,2018-03-29 17:48:50,2018-03-29 18:08:31,2018-04-02 18:05:39,2018-04-06 21:48:30,2018-04-20,e33dfeac8b29b2e3815899870e54f362,2018-03-29
93d2d7b578c9b8a9de1d72b7507bba6e,a0d3e4c74c41e64fc0e34a1805a0f820,delivered,2017-06-27 19:49:20,2017-06-27 20:03:46,2017-06-29 16:02:40,2017-07-04 17:49:33,2017-07-19,aac6c5c4314e4c2721df1440f0ede0fd,2017-06-27
dec0f6569996808803b3a8130c35a997,ca63450c1abcdd0a6124ce2dd7b64d2a,delivered,2018-01-24 22:03:25,2018-01-27 02:50:32,2018-01-29 19:42:56,2018-02-09 18:13:06,2018-02-19,2380952657b113b50227e5f5e7c90005,2018-01-24
d905ea9eb4e5000a35cbee306bce1935,8bceb21c15bad608c6606d297ee46d8c,delivered,2018-06-19 18:05:41,2018-06-20 08:56:34,2018-06-20 14:55:00,2018-06-25 15:49:42,2018-07-04,37ae7c58b4be022ce76874059d56d998,2018-06-19
8ae61eab795bd8831fe171750551feb1,154e666b681104319714a99a3ab71e44,delivered,2018-07-31 00:17:40,2018-07-31 00:44:23,2018-07-31 15:54:00,2018-08-03 16:38:46,2018-08-20,be1e99a0c57d7c3c699cfc4db26c8edf,2018-07-31
ce3a102e866be15f5e59e79a3f18e351,dae7b22c2b1be64adb1011ae65bf14db,delivered,2018-01-16 13:33:04,2018-01-18 02:11:50,2018-01-19 00:38:53,2018-01-19 14:52:48,2018-01-31,88914c85d547b274bd1829fc04a06ac1,2018-01-16
8c9bf4b39dc933aa382d9a6e5b846b9d,2f6a7c83c088882e1cb34f7bb41a30f2,delivered,2017-04-30 12:13:24,2017-04-30 12:25:26,2017-05-04 13:23:23,2017-05-30 15:32:54,2017-06-02,e72c54ba06b40cea8b3099c6662ef3eb,2017-04-30
344c86e9cc82d497519e09dc351d28ff,d5b301a2087b017c4a9ca9730a2b18cf,delivered,2017-11-12 11:43:17,2017-11-12 11:55:30,2017-11-23 15:47:33,2017-11-30 21:16:03,2017-11-27,45167dabf29a055f7c1208a69dc95586,2017-11-12
e55981b5cea8072097093592652571ca,728360ac750d7ab3031c6c0e377eab22,delivered,2017-11-18 20:19:18,2017-11-18 20:30:39,2017-11-22 00:32:25,2017-11-27 20:15:53,2017-12-14,5759e41ba42319bf0af03ea488526df8,2017-11-18
b170f1243a620b65504157b83f69a2e0,733cfaeaccfd9dac7b089a7bdaf2176b,delivered,2018-04-28 08:58:33,2018-04-28 09:09:50,2018-05-07 18:03:00,2018-05-08 20:49:37,2018-05-17,864f8cca797b7b408151e0d723f14e54,2018-04-28
24791bba1a08147c3b660bb80d0de8d3,40c2d7b6a7c12eac3403a30fce65d3d8,delivered,2017-06-24 11:57:01,2017-06-27 04:15:28,2017-06-27 16:35:30,2017-07-25 19:25:03,2017-07-24,feb5c47a617972ee276d95775a34d494,2017-06-24
f54752d5e157d03feb75bb1320f30ac2,68d03ff74911622915ef4ec24e2919a9,delivered,2018-05-17 08:31:30,2018-05-17 08:59:34,2018-05-18 14:41:00,2018-05-21 19:41:05,2018-06-05,2aeecaf7cc80dcf343d70d88bfbcb062,2018-05-17
5fc156541c3cea8af8784a46dbfcd183,76ebf70a559266867675fc7b0e74072d,delivered,2018-05-29 11:02:48,2018-05-30 10:56:37,2018-05-30 13:11:00,2018-06-12 20:15:50,2018-07-04,25e0e9c50bbbb702165055bb4bb2f2f7,2018-05-29
34b04c30d0f21489e3871bb9083582f6,24bffa8e3281713f3aeb4eb619bf0002,delivered,2017-06-14 20:22:18,2017-06-14 20:36:11,2017-06-19 08:12:09,2017-06-19 19:36:03,2017-06-29,6883d579dacefc2301eea23d7855a8aa,2017-06-14
911df51e0b1a60e807b0d2f29d17278d,44e0ea3bfdf99e48cf4c76bb3b134ede,delivered,2018-04-11 23:34:58,2018-04-13 13:53:53,2018-04-16 18:32:07,2018-04-18 18:42:28,2018-04-23,3eebbd3c1444c745692459cca841462b,2018-04-11
3d965a3a3a9aae822a8f40ddf0184df1,5eda0e0b4e9d11a87094681a4597f90c,delivered,2018-06-18 01:27:37,2018-06-18 01:39:22,2018-06-18 13:21:00,2018-06-20 19:16:47,2018-06-28,cc4adf86e974ab9714a4646e2c77719d,2018-06-18
9f3458f0433d4cfa472f4682654b8d49,99ebfafde8b9e58fd12db9d5cc83132f,unavailable,2017-07-18 23:36:55,2017-07-18 23:50:17,,,2017-08-09,a946faf63af327d1dd0362b3fa3882a3,2017-07-18
2d164d0e1a9bf9183533b441ccd8796d,9530f1fe1ea5a89c949794e7e8ebe6d0,delivered,2017-06-28 20:47:14,2017-06-29 20:55:13,2017-06-30 15:33:01,2017-07-05 11:39:39,2017-07-20,bf6bdab86c9bf5f5e6aafe5be999993a,2017-06-28
fb6a01b94b2f20833eb7593ea1a54a8f,0f13ff76e67fcf442e4f706f353bdc7e,delivered,2018-02-17 21:28:39,2018-02-17 22:06:46,2018-02-22 17:39:19,2018-03-01 02:05:02,2018-03-12,841088947a30cfa375e8a39161760234,2018-02-17
995438b4ed84d7fc87366f4b2f5fec9f,4b64f923aa84a7f224260bc473819ad6,delivered,2018-02-27 13:26:15,2018-02-28 10:15:42,2018-03-02 14:03:50,2018-03-05 21:10:28,2018-03-19,d41cad422639129866551fee60c55e6e,2018-02-27
5d5a92f1288cfea0501ef343c74591a9,b5886d8a3edaa4855c042bccd5f1a554,delivered,2018-03-09 12:18:15,2018-03-09 13:08:47,2018-03-12 20:06:56,2018-04-04 19:32:31,2018-03-27,baf56a409972153c8315a2d31b113bc5,2018-03-09
f3a2f6c8a6fb28bb010f660ca61dd606,80e6d004e23e1fa0a1048f7297b458e4,delivered,2017-10-17 16:28:28,2017-10-17 17:34:50,2017-10-20 19:30:12,2017-10-26 21:56:28,2017-11-03,90d252896f5ec316079467e97daf46c9,2017-10-17
91051e0aea46cd16d99a2697b02d83d3,a57c6bea98b5c5a3ad58228dcd27913f,delivered,2018-01-04 19:22:12,2018-01-04 19:32:26,2018-01-08 18:30:05,2018-01-28 17:43:51,2018-02-06,3e9694dfd41149b35e4a78f8a6cccb49,2018-01-04
ef99f25a4dd935f92a388af905f868d1,69ea23afb210ed2514e1e325383cf78e,delivered,2017-10-31 20:30:51,2017-10-31 20:46:01,2017-11-03 22:18:44,2017-11-13 20:34:56,2017-11-24,1d3e82e030ccc817ea128b644d815a9a,2017-10-31
894edb990c70b85e810f6a5869ed3075,47e78cdd37303f49b7de27565411a599,delivered,2017-02-03 20:30:42,2017-02-03 20:45:10,2017-02-08 11:05:15,2017-02-20 11:43:53,2017-03-17,dafa159489cf3ac4a3c61ae21fc2634b,2017-02-03
56dc7f1b8195b7fbdd6479f055a203bb,71e31bd9c37b8a1cacc557b87b3e50cb,delivered,2018-03-16 15:49:44,2018-03-17 15:48:40,2018-03-19 21:08:50,2018-03-28 16:07:47,2018-04-06,323630f1bddac4dc06bf3bdeb90dbe36,2018-03-16
818ea45f3cef61b3f0f71a0491c1b636,10ef7cc862362919f25225bbade1e1ef,delivered,2018-08-17 19:51:19,2018-08-20 16:31:41,2018-08-22 13:16:00,2018-08-23 14:36:54,2018-08-22,f80dfcd9f0d530c94e8d82dc32b54278,2018-08-17
a56f9a0588c3c7aaaa93f193bd7c7cd3,7942ca8baa666af529e54d8cf200d57b,delivered,2018-03-15 12:40:16,2018-03-16 03:50:08,2018-03-20 00:12:29,2018-03-26 15:04:21,2018-04-04,9627e55290c60f562fa06f399ec6b82f,2018-03-15
24ac51b02d01abde547c474a994d2aa4,772b44cd8aa7c266a3efaf363ff48410,delivered,2018-08-27 22:12:59,2018-08-27 22:23:59,2018-08-28 15:34:00,2018-08-30 16:38:43,2018-09-04,77338b259868d54b539b0296b01fc635,2018-08-27
7a9d4c7f9b068337875b95465330f2fc,7f71ae48074c0cfec9195f88fcbfac55,canceled,2017-05-01 16:12:39,,,,2017-05-30,29dc4aeff866d6a940c471a3ea4faef0,2017-05-01
bb69633a6e4fabb8484f5d1a9a033fc4,c0f02ecfffdc1aecb08f977c057e35f2,delivered,2017-10-17 09:04:12,2017-10-17 09:14:21,2017-10-18 21:52:02,2017-10-24 19:53:05,2017-11-09,6fb19bc711864c90334ba37b2148d4dd,2017-10-17
f2295bca86e6c4a2a1c211330a5c5779,80fa64e989d6c0478aefff5df36949f4,delivered,2017-12-02 10:43:56,2017-12-04 10:36:21,2017-12-06 16:28:48,2018-01-18 23:05:57,2018-01-03,4f35078a5117c6420a4f93cfa3be14f6,2017-12-02
a992be673def807818acee325f1c5860,e1b83eef480aab9aff380f6ae34685f0,delivered,2017-10-09 16:28:52,2017-10-09 16:47:28,2017-10-24 16:51:44,2017-10-27 20:57:59,2017-10-31,1afd7120075c414823b60625c776e6ea,2017-10-09
ef4e154fd9b51d276fad7ed482b97e58,66ecae67a2a9deb541bb0de3d2c48927,delivered,2017-10-21 16:31:37,2017-10-21 16:49:12,2017-10-24 19:59:19,2017-11-02 17:16:14,2017-11-10,dc443b4872692acb2d61bd82c758ff75,2017-10-21
517b4b7e7f723df3693ae71473078d73,13c14842e78da8bb1e408509619f291f,delivered,2017-10-07 06:49:55,2017-10-07 07:04:33,2017-10-13 15:35:49,2017-10-26 17:10:10,2017-11-14,f64ec6d8dd29940264cd0bbb5ecade8a,2017-10-07
77fff204e0af2e1abdaea52727cf9d15,9c218e321cb9d2d3fedaaafabfd10623,delivered,2017-11-08 11:15:57,2017-11-08 11:30:49,2017-11-20 12:51:19,2017-11-30 18:25:36,2017-12-06,33eb82333797c42ebb80bcc4aa337943,2017-11-08
e4865416690d1f1fdad49bc94f871de6,8457dd875ae43c9b34240808ff8bb757,delivered,2017-11-29 12:48:56,2017-11-29 13:15:54,2017-12-05 18:53:19,2017-12-06 16:59:11,2017-12-13,0a7c72fec6e7d7917460e5a26f09dce9,2017-11-29
0755fe651d86dd2feb3c6fff952d81e8,0f3e9d86fecf526bfb491387aece8e02,delivered,2018-07-19 18:01:16,2018-07-20 15:25:20,2018-07-23 08:56:00,2018-08-01 19:47:25,2018-08-10,177046a5910ce6dcbebb14997a36fb18,2018-07-19
cc62ea5f8c980942e1fb6b6854c6ce29,12f90e3cb1d2487514f7e277af6d4a40,delivered,2018-02-12 20:06:39,2018-02-12 20:28:13,2018-02-14 18:48:44,2018-03-02 01:19:22,2018-03-12,469356420bccdecae3c5a3f9d8089ddd,2018-02-12
61977a093913e4c6a6756adb4d3110d9,30bc1c0507caea656fbffdcea453c250,delivered,2018-03-21 15:18:40,2018-03-22 02:55:28,2018-03-22 21:49:32,2018-04-09 23:36:52,2018-04-25,968ca7d54afbf973815b9d332584b825,2018-03-21
4a3e33350d1fd4eace1585032a97ee06,eefbdbaa5ed63f3c90230a090e292817,delivered,2018-08-05 19:32:36,2018-08-05 19:45:08,2018-08-17 14:41:00,2018-08-21 15:03:20,2018-09-04,d615ca1cb339c6057694fdf770b50c55,2018-08-05
fc31a63e2f4e1c8cab6b97ec8eee6f84,0fd9cf5bad82789678c4ff0fd5374ebf,delivered,2017-07-31 16:05:43,2017-07-31 16:23:29,2017-08-03 17:22:47,2017-08-08 18:56:23,2017-08-22,6d5445cddf56ea4edb5a2540c6fa1d71,2017-07-31
95ca5e38f67d0f792b4fa38683682a0d,58283a66f78970a1137fdea5a4faba2a,delivered,2017-08-14 16:23:54,2017-08-15 03:45:38,2017-08-15 20:17:08,2017-08-26 14:47:59,2017-09-06,855e730893171da01614bf6347acaa9c,2017-08-14
29b9c7829acdf75929b7a74e896543b2,1e46ef7cbf5b8032047691745edf0ded,delivered,2018-01-12 16:45:36,2018-01-12 16:57:26,2018-01-19 18:13:07,2018-01-29 14:33:25,2018-02-06,8d93b59df92e34fa6fd2d9fc421b2119,2018-01-12
fb3d204c4263192a9661a13797bfd63e,944ed9a986f84223da31772319fe213a,delivered,2018-05-11 16:59:46,2018-05-12 03:32:12,2018-05-14 13:57:00,2018-05-21 12:12:59,2018-06-11,97a3b28926cd362da0d9d395c349a35a,2018-05-11
ea88c2a0257950a370dc5a14925d3871,ec3ee99a57612737fc00398d2367be24,delivered,2018-02-26 12:47:29,2018-02-27 05:30:53,2018-02-27 17:33:00,2018-03-15 02:08:25,2018-03-20,7a058fb903db07aea7cad4ed26301dd1,2018-02-26
421266486e0fff23de13b5302127280e,292d23bbbdae6600735dc07223918c6d,delivered,2017-11-07 08:39:21,2017-11-09 04:31:19,2017-11-10 18:38:29,2017-11-18 02:21:38,2017-12-04,04370c96850ca795aa0c01a7c57dd1a6,2017-11-07
82a35d13f3b95427d47aa11e4afde83b,422d5038574e8ef4a62100750a7bd05e,delivered,2018-01-27 21:43:20,2018-01-27 21:55:36,2018-01-30 19:35:24,2018-02-20 00:33:35,2018-02-22,c2ddb0f0c790b59fa4ac265a5fbb75cd,2018-01-27
27d38402a9bf35d21de2f99946b1c1ae,887161ac86a185362955d1b9383647ff,delivered,2017-05-06 02:54:13,2017-05-06 03:10:09,2017-05-10 13:36:19,2017-05-17 12:52:58,2017-05-29,c31a0532ac4b77687d61f7fe1483d4a4,2017-05-06
0cd631e2d8ce9cf21c9ebe5b44f3a8c2,c6988d3eb60c30b1d49bb022715b9418,delivered,2017-12-09 22:00:13,2017-12-09 22:11:32,2017-12-12 08:54:55,2017-12-13 21:55:04,2017-12-28,bbebe4b8eb77c193d602f15005347dd6,2017-12-09
65bbd0719855fe808bb19f62dfa9f42c,425ce6f29109ed3511a62cd0f92d7170,delivered,2017-08-19 18:48:58,2017-08-19 19:05:09,2017-08-21 13:56:58,2017-08-23 22:09:56,2017-09-13,bbf65e7823171a84e70a495dd6c34ceb,2017-08-19
cab041d8d606d6c9d3165da578795340,888d2ebe1af2a8c93c75dae5dfc23719,delivered,2017-05-13 13:16:20,2017-05-13 13:25:17,2017-05-16 04:41:47,2017-06-02 14:28:53,2017-06-19,721d1092e1a6460c67e6a0e691d899a3,2017-05-13
edee5e7cf341c4b22a2cf863e94670b2,0a03d3b2becf1e6ede584a394d562c45,delivered,2017-09-16 08:25:27,2017-09-16 08:35:20,2017-09-21 19:11:33,2017-09-26 21:16:46,2017-10-31,e39a7d7fd722668fe4c6b9873ee72638,2017-09-16
a1f24dcf6e5fc6b0f0cd0b265381767e,15f73cd40ee94734ce2f3ebce168f1ba,delivered,2017-09-27 11:50:27,2017-09-27 12:07:16,2017-10-04 10:17:31,2017-10-11 19:25:26,2017-10-19,9be795e932593ec0c21cdfa19799b5cf,2017-09-27
9f8d175d959554b7edef8908797f42bc,64f0489f9721747547375903b0468371,delivered,2017-11-24 10:51:42,2017-11-24 12:32:53,2017-11-24 20:36:55,2017-12-06 16:02:42,2017-12-19,b52f66c7b754abb219018b60afc72995,2017-11-24
c768b1d3a1541f992ff2a94488a364d7,a1ba2dee740fb5aba74232d9c94f810d,delivered,2017-10-03 09:08:42,2017-10-04 02:56:25,2017-10-04 16:25:10,2017-10-22 14:25:06,2017-10-31,9192e9abd35fd0d8d7a4c2e12464c277,2017-10-03
aa3b1b308bb7511e14d9d74172de52fa,bb07e71b9f9329b0b12519d519610049,delivered,2017-08-02 14:40:55,2017-08-02 14:55:15,2017-08-03 21:41:27,2017-08-04 19:06:43,2017-08-16,d864fec759886e2c8ee25038e7f095ab,2017-08-02
aa2827fbde8f383ae9baf1184f74db87,482837d98afbef61d7c709453521a3e1,delivered,2018-01-31 09:36:56,2018-01-31 13:31:35,2018-02-01 20:29:35,2018-02-02 21:08:39,2018-02-16,cfc7eef674ef02c6f9d3ff2c7e1e8567,2018-01-31
f31e4f9ef9c06d4ec8fe2cb66c65e384,5bfcaca2b18e3c038b1f2b33a0d1801e,delivered,2017-10-01 15:17:41,2017-10-01 15:28:15,2017-10-04 19:36:10,2017-10-12 17:36:50,2017-10-24,5c418501b87e13cd0dfdb50fe6f1d96d,2017-10-01
ebb1c6b241437a3a506a9a9ca419cbb3,5d4363d5a615f41111dd0cd8f0969780,delivered,2017-04-14 11:42:19,2017-04-14 11:50:20,2017-04-18 14:51:36,2017-04-27 16:31:27,2017-05-12,96e7c164f57fe5210f73c9ab17da3080,2017-04-14
fc6d2ee7c65043e4c842c367421052c6,bbce8db51b94aed05e4da1ed311bbbfc,delivered,2018-08-11 17:58:54,2018-08-11 18:15:14,2018-08-13 13:50:00,2018-08-15 16:45:59,2018-08-20,bcd3e3707fc92aae9ccd5530f5ad0355,2018-08-11
9b52c70d4fbddc36fa8c5e4c94c66501,91dde4c0b69b0e363efdf93a0ae8b8f9,delivered,2018-06-25 11:31:42,2018-06-25 11:57:45,2018-06-29 14:07:00,2018-07-11 18:27:51,2018-07-23,dd14af9ed633811cf5a95244633422cc,2018-06-25
4c7ee4e8074ee13226ddac13d14b0989,46dd1905ee29459b23f1fa504a77c6ec,delivered,2017-02-27 23:18:11,2017-02-27 23:25:20,2017-03-03 11:01:28,2017-03-13 10:12:52,2017-04-05,fd0f1a0d5fe3f37bb7ef4cbf354a8abc,2017-02-27
96e5b56d000b07dd7bb1972eb42a0e79,4945390b4dfdbf013ca3e9a5f312f247,delivered,2017-09-29 21:38:55,2017-09-29 21:49:24,2017-10-02 14:14:46,2017-10-09 16:30:03,2017-10-23,5eb26be6d23fe97220a9333113b0e45a,2017-09-29
5062a18a32fe0f9975f7a1630a0a67dd,a51513d774d1d7ae64332fec450bbac4,delivered,2018-03-24 13:13:31,2018-03-26 19:27:00,2018-03-29 22:36:24,2018-04-14 01:52:24,2018-04-24,1d4f569ad299cc732521f6b76f661505,2018-03-24
375f80ffc05feb35ce2680f1fa490575,8f6e5911262a8742393596bee2c09eac,canceled,2017-06-13 21:10:05,2017-06-13 21:22:35,,,2017-07-06,1262c5e6cb8a5dc8c45fde0d536da589,2017-06-13
533e104c4193cf07d264603f7800fb71,2f95fc8f86679d432d77e9d0316fac48,processing,2017-02-06 15:33:57,2017-02-06 15:42:27,,,2017-03-03,101968800abfdd1b81ae25d804eadafb,2017-02-06
0c0c2969d3adf4fffa3753dcc37f135d,6dc864b913bbfbe227bd1da4d8080a2a,delivered,2018-08-15 20:02:06,2018-08-15 20:15:17,2018-08-16 15:07:00,2018-08-21 20:38:44,2018-08-29,2744066af4bd156c08ec0c0549e2a539,2018-08-15
e7d090145a4a427aa8353f51b00381cb,6da199107f9bca1b26fe1fdac3937f6a,delivered,2018-03-26 23:13:08,2018-03-26 23:27:09,2018-03-27 18:58:33,2018-04-22 12:22:13,2018-04-26,2bf97f7ad0865d494796787cc7cf1fe8,2018-03-26
fa9832914e7afeaf41fc9fbda5ca335f,b71fef05a7e2a9b61b51d713c151cf6c,delivered,2018-02-14 20:48:53,2018-02-14 21:07:27,2018-02-15 19:13:10,2018-02-27 13:35:41,2018-03-06,0df55f5accedda71bda8f4c7f590951f,2018-02-14
acf579dc44e10bf23cabf01d80f9f62c,527b26bd8ea58b018efd96060cac5ccb,delivered,2018-04-05 14:18:32,2018-04-05 14:30:26,2018-04-07 01:22:39,2018-04-27 17:12:47,2018-05-08,1b0843d4f653e7301b596757fed2179d,2018-04-05
82728f6b511aa8dc053ba674db6f8b24,0c54f6243242ca48102430ab0931270f,delivered,2018-08-01 21:23:20,2018-08-01 21:35:17,2018-08-03 12:09:00,2018-08-07 22:12:20,2018-08-16,56741af99968c78688e558b5551c68ec,2018-08-01
bfaf70837e84e9ba682d246e16726e63,c9e9578f912e420d05abfdadb830cda5,delivered,2017-11-11 17:38:40,2017-11-11 17:51:20,2017-11-14 22:13:04,2017-12-12 02:14:37,2017-12-18,504b0dfeddc2a12fcc71773e0eb7b9b2,2017-11-11
6657640ffd626be03509bc9226994b36,f01c52a4a145463aae16a5017f50f11d,delivered,2018-08-18 10:33:27,2018-08-18 10:50:43,2018-08-21 16:03:00,2018-08-27 16:21:27,2018-09-06,69ae560f1f5448b1c3b9ae3e619808af,2018-08-18
526e735eb29aafd817d59ca159eb7aab,512502e3bace7f93165fa8abdca0ef2c,delivered,2018-01-23 12:53:16,2018-01-23 13:12:25,2018-01-26 17:42:15,2018-02-17 15:42:22,2018-02-20,4d789786872da7d638b9ca3be9e6e405,2018-01-23
c9ae6fa5a920d90f86fd464ac7f5cde9,b727708ffce3a65ab875d65f42c59b0a,delivered,2018-02-22 15:12:28,2018-02-23 02:08:56,2018-02-27 22:08:31,2018-03-06 17:27:10,2018-03-22,2dc92af471496ca347e530172e0979e7,2018-02-22
e4aac63ea6f6b75b6d91ead05207fb43,9aa2c4bac83761140a8703ebdf9e49bd,delivered,2017-05-25 12:51:37,2017-05-25 13:05:42,2017-05-31 11:35:26,2017-06-02 09:44:29,2017-06-07,949921a7831eb8901f75baf57d1853bf,2017-05-25
e3653c411aa1ac28f740e417e9a997bf,4bbe9c46bf4d0154d880396c3e027f64,delivered,2018-02-05 14:18:03,2018-02-07 02:52:15,2018-02-07 21:42:28,2018-02-10 15:12:35,2018-02-21,1195277e191f958d98f9172a1111a64e,2018-02-05
9b7f6a07a07a4c0bd19e65f861f29f6f,2acc73593b7fb475e93c5896f23d37cc,delivered,2018-06-11 22:28:26,2018-06-11 22:59:15,2018-06-14 15:53:00,2018-06-22 17:58:35,2018-07-12,ad81e59315d4f51885bc0dab4753d45a,2018-06-11
491a23e567ce4c273419a63a41ff5876,3da647f1441ed4b18ac7a0ded0056570,delivered,2017-11-06 17:51:51,2017-11-07 03:31:24,2017-11-08 13:24:48,2017-11-17 01:16:39,2017-11-24,8ec49be0447d11c4deb5fcdcf43407cc,2017-11-06
5e08f8357b3660485f47d00381feaa6f,6f3ff429d5c4b068e63ef27beeace380,delivered,2017-07-05 13:00:03,2017-07-06 13:05:19,2017-07-07 16:53:43,2017-07-21 18:45:03,2017-07-31,beb9a932b5131b25944dcf8cee8ada78,2017-07-05
7c76185a8b81ba5e0cdcf1be2bcc1192,d542aa94bf74b333c3c605771d239920,delivered,2018-01-23 01:38:01,2018-01-23 01:54:00,2018-01-23 20:24:15,2018-02-05 22:24:54,2018-03-01,30be4b936437873fb4a6fb64fb54a81e,2018-01-23
02671152ed141efc95384bdd230bc544,08ebd000e60012404de32cacee764799,delivered,2017-11-26 21:33:25,2017-11-26 21:53:43,2017-11-28 14:23:11,2017-12-12 19:33:36,2017-12-20,0417c5c4535764e979a11b19edfef588,2017-11-26
b354dae409f9d433bee051b7e1b4eb7d,1ccc792b6dd0c921196d290780e11754,delivered,2017-08-09 10:48:15,2017-08-09 11:04:07,2017-08-09 18:03:26,2017-08-17 17:52:32,2017-08-31,8f9803fd3ad8ea0dc070cd6c12552d2f,2017-08-09
f8e373563d5e03306b7080b3c467f0ac,8bdba2ea966d946cc1af56abdc0b61d8,delivered,2018-03-23 16:49:08,2018-03-27 03:49:20,2018-03-27 20:12:38,2018-03-28 21:27:03,2018-04-05,703de7778ea5cd9833cb1b06ab6d0b7d,2018-03-23
12307610cd2009ccf90a8a4911bb14a8,ef6ea25f1bdbd8acf3ffa440a32634c6,delivered,2018-02-22 02:01:17,2018-02-22 02:10:46,2018-02-23 00:53:51,2018-03-17 16:21:58,2018-03-19,c795b37fd3b37d9f9a937709278167d0,2018-02-22
df2bdc45d6c56cd6dce35aea5c391f4e,37fa10edcaa7f5e69d5aa10558843ca3,delivered,2018-04-27 00:19:37,2018-04-27 00:35:15,2018-04-27 13:23:00,2018-05-04 18:46:31,2018-05-28,ec2121e4614c17cbad97cc243a299d17,2018-04-27
bc5b3f1a80f8e686a64138fa75c68d3d,ec1ca447b2357dc984f111bb42d901c9,delivered,2018-04-13 18:37:38,2018-04-13 18:52:17,2018-04-16 15:16:32,2018-04-17 23:52:47,2018-05-16,e490e6ff8808446e7b6c9f39ea5926ef,2018-04-13
9215daa2d711ae5055008f444f6688c8,8e9e8aa4d3d480bc21b3336de7eb9214,delivered,2018-01-14 19:00:30,2018-01-14 19:12:20,2018-01-16 13:57:05,2018-02-28 00:14:03,2018-02-09,d433955af3c49f3b58cac87cc0255ae9,2018-01-14
f7c13c71907b58b590da46643fda3bbc,df60888bb018eac1edeaf5694b830029,delivered,2017-07-03 13:20:54,2017-07-03 13:43:47,2017-07-07 20:17:34,2017-07-22 15:29:32,2017-07-27,e89bf89e2621b5aeb4c181e69a8c6952,2017-07-03
e7c5ccfc34c262f8f9240ade57e01ed7,0e24c20739fc582fda3306fc43683aa1,delivered,2018-08-05 12:39:54,2018-08-05 12:50:11,2018-08-06 15:03:00,2018-08-10 22:58:49,2018-08-16,8cfc5350efe3bce6a0d6f96fbaf2c3b4,2018-08-05
ed60085e92e2aa3debf49159deb34da7,431bbb57d52f3141ab2f33a6a4cf00a6,delivered,2017-12-15 08:56:56,2017-12-15 09:10:18,2017-12-19 18:06:39,2017-12-28 18:11:00,2018-01-15,b162f904785d797290eebca549a1abb6,2017-12-15
be39a554924306abfee91a4f38ac55bb,e18f0839b686423535bb862e71762cf9,delivered,2018-03-08 12:49:36,2018-03-08 13:08:26,2018-03-08 23:06:30,2018-03-12 22:16:31,2018-03-20,6c734067f6c8d999e1a32f368fd70f13,2018-03-08
0a18d00cb652fc5698d4e3c3e01e7da0,e2bbf69f932758880f88508bea6207a4,delivered,2017-09-12 02:24:31,2017-09-12 02:35:11,2017-09-12 17:41:42,2017-09-14 11:53:12,2017-09-22,ba09e7352cbed201af6d123d7366f3ef,2017-09-12
bc439ca267cd182244951ffe206f4feb,8ac4e65f170044d29753abf35e4d0d96,delivered,2018-07-24 15:00:17,2018-07-24 15:10:24,2018-07-25 13:41:00,2018-07-28 11:10:46,2018-08-21,b0659017a3aae5e74b38d51c7c23a135,2018-07-24
79aa91e33030a170c2baf3c856d3bfdc,2285565c69d3cf67aff44a8a910373f7,delivered,2017-11-03 03:03:15,2017-11-04 04:25:50,2017-11-10 20:06:41,2017-11-17 19:46:56,2017-11-30,6ccbb05bf38d868e2a997d0dcf1c32ad,2017-11-03
bed71d1aad24e424ae97151ef6cc296c,f7fd634460c772aa7c67b397c3a0e831,delivered,2017-11-15 11:07:52,2017-11-15 11:26:46,2017-11-16 16:47:17,2017-11-28 16:06:38,2017-12-07,807241193998f88941b5e369c762b9b7,2017-11-15
9fb29dddb4a36fb5a0371b04d33a6991,3c041ed6508172bd338538fc864b8c5d,delivered,2017-12-26 15:02:43,2017-12-26 15:14:33,2017-12-27 23:39:17,2018-01-03 17:45:09,2018-01-19,52d3c9e72091eca915f7e71c457ed368,2017-12-26
0cee2d1291e4f4af44e64ffa455e15de,ef2e2db30b8ddcc38f5106667b554b51,delivered,2018-01-01 21:38:26,2018-01-03 04:17:33,2018-01-10 19:42:18,2018-01-11 15:10:54,2018-01-18,1690121bc794fd89b85142934c781255,2018-01-01
db75b87461daf92c7fdf7310f347d229,31b09f351f1304b76f05c3e4039b4699,delivered,2017-12-04 17:49:44,2017-12-06 02:38:30,2017-12-12 22:26:31,2017-12-18 22:14:33,2017-12-20,9ce65b8b5abf4f8eb9c36d54903bf746,2017-12-04
b98b6a399680185770871d01209d3f7a,2c4693a01b0b1bad9bc86176e9827af5,delivered,2017-12-12 22:34:44,2017-12-14 02:14:27,2017-12-14 19:03:30,2017-12-17 16:47:06,2018-01-05,33f92c3d64fe0986abe1c5f40baf0165,2017-12-12
56142b6c34c40cccb3e3ee8308a4ae76,50202490acea34225b1af5cdd25f4326,delivered,2018-01-11 21:28:50,2018-01-11 21:44:29,2018-01-12 23:42:54,2018-01-16 18:51:50,2018-01-30,3be6f224efc657da0b17bf5d287c20eb,2018-01-11
75e7a7873f5f25594624a750188facc4,b3703265a0f993e108594dcabda32eec,delivered,2018-06-25 22:45:23,2018-06-26 00:33:23,2018-06-26 15:14:00,2018-07-04 17:05:00,2018-07-18,5f204b6a83d8d323d4c2935f71cbbbbb,2018-06-25
34d7c2c94f8f4d4f2153adcb60b22145,a4ffea0b19d70d9ef029a9031f114e08,delivered,2017-10-01 11:46:12,2017-10-01 12:03:54,2017-10-06 18:29:09,2017-10-14 13:45:47,2017-10-24,9226c66cd4f63455591508fe5157a0b7,2017-10-01
bbbc78f0d6afd4eb216b5760d0502070,a02dfdaaf5b634d7684b11d1c9626d1d,delivered,2018-06-28 22:30:08,2018-06-28 22:49:45,2018-07-03 13:08:00,2018-07-11 23:41:44,2018-07-23,973f2fba63a7eb540f8860b0c75b63cb,2018-06-28
33c2430c9d2f05d9d244895aa53b4a82,d9aa0fd51600102c2e7bdf3bf1649250,delivered,2018-05-05 16:36:29,2018-05-05 16:53:38,2018-05-08 13:29:00,2018-05-15 22:18:17,2018-05-24,46799d0831910f2c477c49a994961510,2018-05-05
0c33ff1cd479e404710b74a6077f6248,4b68278d4590a304f97e2943948c8d83,delivered,2017-11-26 13:10:46,2017-11-26 13:30:51,2017-11-28 22:08:53,2017-12-01 20:32:17,2017-12-11,d406bf35e3591d9d31d78d3b2f3aa5f9,2017-11-26
a7dbcf5043158d6fa72859eead2f3d10,b4555c86f2cac80eb9a05546896ac079,delivered,2017-05-16 12:28:32,2017-05-16 13:10:13,2017-05-17 13:53:58,2017-05-23 11:53:40,2017-06-16,5efcc46e1fee22373a28eb2b0f26a6fc,2017-05-16
6a73304fb8e96ad11c29d29a1ca00487,6821fda389d5e73f30e53114869e783a,delivered,2017-12-27 15:07:57,2017-12-29 02:09:03,2017-12-29 18:06:05,2018-01-08 14:03:30,2018-01-31,c1d9e6bbbc34d8eabbaf75ec77de9eff,2017-12-27
c2628077fa4edd2ebee4f13e2f58368c,97f19f7deab11e0f6c9384154ea728e3,delivered,2017-08-30 16:43:44,2017-08-30 16:55:16,2017-08-31 12:15:25,2017-09-05 21:40:05,2017-09-25,878f5506271924443c6b5d51625cb18b,2017-08-30
0b192907ec8563bda5210247497aa9af,1239e518e80247840cd399727eb244a5,delivered,2017-10-24 02:04:42,2017-10-24 02:25:37,2017-10-25 18:23:33,2017-11-03 22:42:20,2017-11-10,19f735a9a58a187253055f9d4bcc2bb6,2017-10-24
55c863e656258bebf75d429db9055bec,84277fad7c65394532e950000400cb73,delivered,2017-04-10 10:00:25,2017-04-10 10:15:15,2017-04-10 12:36:59,2017-04-18 12:35:28,2017-05-02,2cf5f400e1fe53d4ca5684d666491fe0,2017-04-10
24c2ea18beb03e17972ed33b519950c1,638be9d39246650868db07d10456527c,delivered,2018-05-11 09:49:31,2018-05-12 09:54:21,2018-05-14 15:08:00,2018-05-16 23:57:51,2018-05-25,cd020f72b3994d3dda2f464efe9aa99b,2018-05-11
f6062f2fd7a79226266b4cdaded643ec,220d30b547b088ca7b34fef7d7a54523,delivered,2018-05-29 19:34:33,2018-05-29 19:55:55,2018-05-30 15:11:00,2018-06-01 12:08:29,2018-06-21,7c16801645ee95153e17bb6e061b57f1,2018-05-29
d32ec519c65a1661bb50020bda09194f,fb82c16095041173ef2fcda3f8437f40,delivered,2018-07-18 15:03:36,2018-07-18 15:22:23,2018-07-19 10:15:00,2018-07-20 22:36:35,2018-07-31,a7f45c1961dbd98e7a14f3d38ea11c06,2018-07-18
aa732419bf67ca56341e5067fa0bc357,07faf5d8c1d359058b9d05b3cb4d1d3d,delivered,2017-12-07 18:43:07,2017-12-09 18:37:27,2017-12-12 21:07:46,2017-12-14 17:22:08,2017-12-28,d54f530b276f01f27816bae1abd12be4,2017-12-07
3fa59277573f0fe06ece044ebec2eb02,ee1fb534e64d33fcb16a1023dc721a24,delivered,2018-01-12 21:59:20,2018-01-16 03:34:38,2018-01-17 19:19:04,2018-01-22 18:29:14,2018-02-07,1bd9a5bbb6bd58aff597ffaab9d16cb5,2018-01-12
d8f57f08383291ef5fa6cb91dc1a4e02,061c2eb252b4e73472bb4f9e1169b43a,delivered,2018-02-05 08:33:27,2018-02-06 04:32:45,2018-02-07 14:24:12,2018-02-15 18:04:52,2018-03-06,479cc370a1fdb7d10dfe46016182a1c5,2018-02-05
8b13155a6866a0c319ec1748f40f277f,e9cf29627a3977b27c382a2c6f9d554b,delivered,2017-11-29 11:26:51,2017-11-29 11:38:06,2017-12-01 19:18:50,2017-12-11 13:19:21,2017-12-22,e38bf9a883752b0b65407a103fd7ef30,2017-11-29
2ff0dab60f75a10e4f296641d88b5fb0,f60ef9aa98fcf78765a4ec910a555977,delivered,2018-02-28 16:40:24,2018-03-01 02:48:23,2018-03-01 23:53:06,2018-03-07 18:36:52,2018-03-20,7da121617fb1854d7deaae5e49d7fd94,2018-02-28
9bd90698ab1e822ca4cb1e2a0de42fd4,88a8cf9e243fe33b9b678a31eb640f70,delivered,2018-04-27 15:58:41,2018-04-27 16:11:17,2018-04-30 06:25:00,2018-05-11 13:52:41,2018-06-04,6ac343dfa1f2e45a71fd588c764ff8e5,2018-04-27
7ea9168463dc969ab4c6df5cd497cec3,0ba0a7a7ab459af5b3860fa8b784ddd7,delivered,2018-05-15 06:24:03,2018-05-15 06:35:15,2018-05-15 13:35:00,2018-05-22 23:24:42,2018-05-30,4f922e1a973e7a72b422022f4aabfd47,2018-05-15
38e56e4a15bae88b8f5115849c500e77,c6326604c234a96928cd7f255f358978,delivered,2018-05-04 16:32:18,2018-05-04 16:54:05,2018-05-10 08:55:00,2018-05-15 22:46:33,2018-05-28,8ec31beb5c890497f1872b5986d3cc26,2018-05-04
178358411049ad27f877b8964564528a,71b3c28ced6fa14321a92998ecd717e2,delivered,2018-03-05 10:10:02,2018-03-05 11:00:25,2018-03-06 17:57:42,2018-03-14 21:16:53,2018-03-22,ec59dafb5820ce13fcc2fd6402be9b54,2018-03-05
0ddd8dbe3b0d08b247e46ff98c1b5f45,61465bf7dcc3dc596693c6ae259c171c,delivered,2018-06-07 14:01:50,2018-06-08 13:16:08,2018-06-11 13:59:00,2018-06-13 19:18:51,2018-06-18,09dbe1dd4da682e97b14151ff8677f34,2018-06-07
977e3e5b3884ce2843710ee5f5a3d12a,52bd7ca97f7ad5da8b25ddda59eb33f8,delivered,2018-08-04 20:54:31,2018-08-04 21:05:16,2018-08-06 14:57:00,2018-08-07 18:40:56,2018-08-13,773be09978771b203928da3b2091ec2d,2018-08-04
332ca38a4294471ec2b7ebbff5275d23,3355a05f13842dd7a905ccd6240bfc4c,delivered,2017-03-27 20:01:30,2017-03-27 20:10:23,2017-03-28 18:13:57,2017-04-03 14:23:04,2017-04-13,87a6eb7172c457864c9b98079bc4d19e,2017-03-27
bc1b81dde530e5b064a559906643fcff,9a73b65ca2a7ffae76c1b8216ebc1b53,delivered,2018-01-14 18:40:29,2018-01-14 18:49:28,2018-01-18 23:18:33,2018-01-25 15:47:12,2018-02-08,d558d7ea1748f391b2cb55ba0aefe97b,2018-01-14
dd0873e10bd3c63b350df2fb55bbbfb0,4e2b70d245c3a00cc4bf8ef95d9dbadb,delivered,2017-06-06 21:40:51,2017-06-08 02:50:37,2017-06-14 14:22:42,2017-06-28 11:34:51,2017-07-11,0b355a14c548a718b4e423a3914bdc17,2017-06-06
aed7beed304c01b44079208c0d9c16d2,bb43ad860331b5cb19e33357a187b7b2,delivered,2017-06-05 15:51:51,2017-06-07 02:25:29,2017-06-12 10:25:16,2017-06-19 20:45:39,2017-06-28,74bb35834cc90f8b98adc9da1c4c8556,2017-06-05
8ce77357a26f31660e1450dee7900897,e5af401ed4e2cd001e38f5e998845560,delivered,2017-11-10 13:17:12,2017-11-10 13:30:42,2017-11-13 14:02:42,2017-11-22 19:00:50,2017-12-13,d66080b536ae3a1639751657b3698613,2017-11-10
fc3e5cddf41dc7757252c2fc0a6c947b,5dab1c2427a8dbb2554e753cb415e222,delivered,2017-03-03 19:35:00,2017-03-03 19:45:17,2017-03-16 08:33:07,2017-03-23 12:35:00,2017-03-30,cfdaaa0caea59b06efb4b0fb8c700684,2017-03-03
bccfadd194f448325ed18465d140440f,3442692fc38c51ba3030d78bae07950a,delivered,2017-12-13 17:00:56,2017-12-13 17:12:31,2017-12-22 22:17:22,2017-12-28 21:18:00,2018-01-08,52fd49a9e404c6a5aecd183430698b63,2017-12-13
e1489cb4d16876c628a2dadb8e675c9a,ac618c81651b6ff8e20a121385f27320,delivered,2018-04-22 09:34:54,2018-04-24 19:04:58,2018-04-23 18:21:31,2018-04-26 19:06:40,2018-05-16,685bec4bfe814f798ac29b3590134b38,2018-04-22
b4411c4be4f9514e53fe707972f98685,ba4a2d569bc0439747d4846bb939e323,delivered,2017-12-21 22:50:13,2017-12-23 02:12:36,2018-01-03 17:58:54,2018-01-20 15:51:24,2018-01-18,7747420e46d7fcad1d2fb2931e9a9da0,2017-12-21
ff8780cfb4535054cc5b56046b170cc0,f9835897d532524a6e9686847d4db4a7,delivered,2017-09-21 14:09:26,2017-09-22 05:34:34,2017-09-22 18:22:55,2017-10-01 14:33:15,2017-10-18,8fd802004eab9c8e3b1ad745f1a1ec16,2017-09-21
704a2164b3a242cec4c80b164021c6fe,24a828ac4a607d344c6db9cd90afd0e9,delivered,2017-12-10 19:29:20,2017-12-12 03:53:28,2017-12-20 00:21:42,2018-01-03 15:02:53,2018-01-16,4efe54e3e336d3e4c68e5ce66ced75c8,2017-12-10
c4e9cf40a9cece6172750e47ddc74b20,b2fa715c098e050b476d9f1744c777b9,delivered,2017-03-09 21:01:06,2017-03-09 21:01:06,2017-03-13 10:44:22,2017-03-24 11:05:12,2017-03-30,1f7f84f5a5c00fa9a6ddfaa02a3803bc,2017-03-09
710f0ad82f53b85ba2348698d18c89db,2a9dd5ed2aaff2cf92f511a9beb00d6e,delivered,2017-11-21 08:54:33,2017-11-21 09:06:48,2017-11-25 03:26:44,2017-12-19 21:23:43,2017-12-18,93306f34527f7d6cd7d0b98cfeb04c12,2017-11-21
053fdca16d1f69bd52f908f070a19049,f90389504400442cf00ae1b04e8280a9,delivered,2017-10-07 13:59:13,2017-10-07 14:07:24,2017-10-09 20:43:04,2017-10-17 22:34:18,2017-11-03,bf59acdae64e9900fd93e4847baa1978,2017-10-07
3f50f62b343cd447c0fd8af4196bdc33,d9e05844502fb02690842f8397e40b78,delivered,2018-08-15 21:17:49,2018-08-15 21:30:20,2018-08-16 15:13:00,2018-08-17 22:32:42,2018-08-21,b64b51617120648f889d1112f3a71e6f,2018-08-15
4c6c2cdc8af14d43707dd3e71c1f54cc,dc0c6d3b529e7df590a6a92ce5fb8343,delivered,2017-08-12 09:51:12,2017-08-15 03:25:40,2017-08-15 16:17:06,2017-08-25 20:46:24,2017-09-14,4e67c7eee347c5f4ad6da21c8ab385ce,2017-08-12
e3d98850cbbdab2420e8a49cf21bf194,9c37d4ec00a84ef53bbbe5aa579b0eb8,delivered,2017-12-19 14:43:59,2017-12-21 02:11:59,2017-12-22 16:27:19,2017-12-28 16:25:06,2018-01-15,3d7b5cfc78529ca32eea645f2dee555a,2017-12-19
67503374d1fbcbe5e3a40324f703ffc8,9dec2d47e95677b616efe366f8bf9fb8,delivered,2017-11-19 15:22:02,2017-11-21 03:52:24,2017-11-22 12:03:26,2017-11-29 21:55:29,2017-12-07,00082cbe03e478190aadbea78542e933,2017-11-19
f726cbd717234168cc573e1addd506af,cc2012f88759d6b5f92e348658b73465,delivered,2018-03-24 08:03:00,2018-03-27 03:55:40,2018-03-28 22:55:19,2018-04-04 01:38:34,2018-04-13,c2919fbdb45366551c1e80d5cb35cd3f,2018-03-24
b38b3526b8b8fdc807e8a0a42ab78573,37088593a28ec66ddf32eff0b19512f2,delivered,2018-08-17 09:46:01,2018-08-17 10:09:22,2018-08-23 13:31:00,2018-08-25 12:58:45,2018-08-31,709c4c5ec8924ff8c85de5801b65458b,2018-08-17
6bfa92d3952f762df12752e4937cd63e,6ccb997c97b0734228b454ba220ed00e,canceled,2018-04-27 21:28:24,2018-04-27 21:52:18,,,2018-05-10,6eb9314151358fa3229b370c00fa289d,2018-04-27
e63244efc2759393ecb3f8a417efb78d,ada8401e3d76b9171fc5322fb47a2d55,delivered,2018-01-11 13:51:19,2018-01-11 14:07:51,2018-01-15 18:04:39,2018-01-23 18:43:34,2018-02-07,cc6f81ca4d2992991e860e88dbea4431,2018-01-11
7c7dc1f3affc0d38b97ea22a8aeedb82,1fc29088df4d8add848a6b7304f7a9e0,delivered,2018-05-27 13:02:43,2018-05-27 13:15:12,2018-05-29 11:32:00,2018-06-09 14:32:23,2018-06-29,17b83aab01ad7464bc016d72a928f3ea,2018-05-27
084051935208c688c8cd5fae3d15810d,e7f806cb2cffddb308ed9bfd6bf5c5fd,delivered,2017-02-24 15:46:49,2017-02-24 16:02:42,2017-03-10 09:30:53,2017-03-28 16:52:33,2017-03-27,37cc3e75e39bb11d75a1982ac0d07c17,2017-02-24
9edb4a65f2f453139e9dba567889dc0e,790df320333ffa133fea78a257a556bc,delivered,2017-06-05 09:51:37,2017-06-05 10:05:16,2017-06-09 12:56:58,2017-06-19 20:49:51,2017-06-28,d6db3091e8c13023bf1e6d367b8c0847,2017-06-05
25fb291455f02d9da22d17fa3a1afd23,d99d07b571f5e15e61469e5f77e3b027,delivered,2018-08-11 20:39:16,2018-08-11 20:50:15,2018-08-15 14:27:00,2018-08-20 22:04:53,2018-08-29,6752e46d4f28ebc4d783b203b9cc232d,2018-08-11
e1a9f566dc38eac4f78556976596a43f,93dfd5dccfc590abda99d2e9f3960ea5,delivered,2018-07-01 11:21:38,2018-07-01 11:35:15,2018-07-02 14:25:00,2018-07-06 12:57:41,2018-07-24,cb70b84be8fb6e91fb07bea38b7ad69a,2018-07-01
21094f6fd8017c8b7339040142abea71,faee0cb7b3e2c9fd9f57ec04cb70d51a,delivered,2018-07-24 18:10:05,2018-07-24 18:25:09,2018-07-30 14:17:00,2018-08-03 20:17:49,2018-08-24,a5738ff6026ddeee2cb18beb0aeabeb2,2018-07-24
57caf8a4f24c13ac1f4ec44f39a18a44,b29b05b6f122cb50187f3e22ef06858a,delivered,2017-08-17 17:50:47,2017-08-19 02:24:59,2017-08-21 20:24:55,2017-08-23 15:28:05,2017-09-11,cbf4a1abc9d7c3cb59a7db6310ed9fc2,2017-08-17
a5002a450fa93774a5c3f26f67889bf9,e8421b7126d1f630d22da5cd66093b59,delivered,2017-07-10 09:03:58,2017-07-10 09:15:19,2017-07-11 18:47:36,2017-07-18 13:04:24,2017-07-28,b9fd889214fcb1a45e4cd51f5af6cba3,2017-07-10
86a864127a2656c4b4b742ae4a67bc1e,c083885b437889d9282d636eabaaabb8,delivered,2018-05-31 16:14:26,2018-06-02 03:31:53,2018-06-04 11:44:00,2018-06-07 22:41:59,2018-07-11,239407ffc2db91f9b09951b93ce92c52,2018-05-31
2b9aa198d33cfb44834120efe900c103,e92f36cc104bc4ede1abfb94804ed3e7,delivered,2017-06-19 20:27:15,2017-06-21 14:45:13,2017-06-22 13:10:33,2017-06-28 18:27:50,2017-07-13,02ab4d19fd037fa00ad9892f7d529a8f,2017-06-19
747e4e0aa3817ad125ed9074ee005dd7,3b8f54691f57c3da431d79aa017232dd,delivered,2018-04-27 21:12:02,2018-04-28 02:35:12,2018-05-02 12:26:00,2018-05-20 13:52:37,2018-05-30,5f241b7659042015a3c45005ef37c0ec,2018-04-27
0d0aa4989e49d1acbc9d973bf923b77c,960b33a48965dbe311329af76f4aa70f,delivered,2017-04-07 11:55:40,2017-04-07 13:05:25,2017-04-07 13:59:13,2017-04-19 12:47:10,2017-05-05,ecc930730890330ced95c4fc78d4a91c,2017-04-07
1fb143495c17f9d09e20b8016a8e5430,6f0faf0c625f77d650d4f31b80363617,delivered,2018-01-07 10:24:26,2018-01-07 10:32:20,2018-01-10 22:41:31,2018-01-19 03:09:19,2018-02-07,73da78eda27f160f2ed111e2916d162d,2018-01-07
beece9368912132712839b6b9194180d,cc7770f5337f37b9cdf0294201826302,delivered,2017-10-21 10:32:27,2017-10-21 10:49:19,2017-10-23 19:29:57,2017-10-26 16:03:29,2017-11-14,21ac2a805b374c2aa44d6a5301a1b4a9,2017-10-21
18e83381f06c519894068bc3434fb638,7f98b1c191f40cc88ba51d1c70383621,delivered,2017-07-04 18:56:33,2017-07-05 17:39:46,2017-07-11 20:49:57,2017-07-14 15:59:55,2017-07-17,e2a39e986034a5b5dfd3df5b949fa618,2017-07-04
899f386e0652a9e159d00cbe97836be3,9ab871545ef08235dfa51639b9f5ce18,delivered,2018-06-15 12:08:47,2018-06-19 03:57:05,2018-06-20 14:11:00,2018-06-21 14:08:39,2018-07-03,b2c68e8a325923db717c2d7ecfe8ad44,2018-06-15
f0df036e9be21fc238f131bbfcdde769,1fa16395beca89233661543954ca6cf1,unavailable,2017-02-24 23:39:21,2017-02-24 23:45:14,,,2017-04-07,61181b9bc9188678b5991d89064dd961,2017-02-24
3246fdc7c13d566c0081c78d49ab6515,7f99772f15578d92899f1e522625d540,delivered,2017-08-29 13:53:14,2017-08-29 14:05:35,2017-08-29 19:56:31,2017-08-30 14:37:10,2017-09-11,0dbe6acfe4256b6babf9463aba634648,2017-08-29
961e74f5989501c3f4e58b175753ff4b,7418c20b5b849992784b51ce99b43b1b,delivered,2017-03-15 16:25:29,2017-03-15 16:25:29,2017-03-16 06:52:19,2017-03-23 11:12:45,2017-04-04,3462632a621a8362bf4d3149b2432842,2017-03-15
699b7692e65138e6874b4c6f42202974,a7bc004b32eb75e7546d6b81d5b8fe44,delivered,2018-03-07 16:59:34,2018-03-08 16:56:24,2018-03-12 16:05:04,2018-03-21 20:20:34,2018-03-23,7e7730c025f8195d40ac4d0050fcf37f,2018-03-07
2d75fff7b2cc9e8df5ddfcf9a7a11cec,4244b230226a6cc815ffa70c4394b06f,delivered,2018-04-11 10:44:58,2018-04-12 05:55:13,2018-04-14 00:48:44,2018-04-23 20:12:58,2018-05-11,cde6a9db1f84a0f8d378d1e1d1fecdd3,2018-04-11
5a3a0bfe72c4d627e4f13d9aa81d78ad,cc89bb0f40fb83134cddad77849dd82d,delivered,2018-07-09 08:40:38,2018-07-11 03:45:38,2018-07-17 12:43:00,2018-07-27 15:36:50,2018-08-06,059d9f786496163334e5ea84c053917a,2018-07-09
1648b503676883c70854279700e3cfc3,31eaac4f3ea617df8b8e5077436679d1,delivered,2018-04-27 12:03:22,2018-04-28 02:51:43,2018-05-03 12:10:00,2018-05-15 22:22:14,2018-05-18,578a719055f199cc37fc781c943a51dd,2018-04-27
f1282227fa785dd8dfdcdb22f99be533,cddd3a48c87f57e5e8a07295e48cb714,delivered,2017-05-17 15:08:18,2017-05-19 02:30:33,2017-05-19 10:10:02,2017-05-26 10:08:02,2017-06-06,729a2696f78da805198eb9b531775daf,2017-05-17
8c49b48367363f2894bccea3248be15d,93d155119a2102bb21d426b8ccb8bdd9,delivered,2018-01-13 13:35:32,2018-01-13 13:48:55,2018-01-17 16:46:55,2018-01-25 23:04:05,2018-01-30,c1a74c5c2888560211ae1fb46ffafc4f,2018-01-13
9f1cbfd860863f340881bcfef13fc3eb,8ec5d1bb574d20d61a22a89127329060,delivered,2017-10-23 11:38:18,2017-10-24 06:33:45,2017-11-07 21:48:29,2017-11-24 21:02:39,2017-11-24,93912813ad240dc44785cf76e5250fa7,2017-10-23
cd4949eac210d110de63aa0479dcfba1,7c029959cc691fbe5dba3ce8eee98d14,delivered,2017-04-26 11:48:47,2017-04-26 13:02:56,2017-04-27 08:07:08,2017-05-10 09:03:37,2017-05-17,7582c4e0a81c88f5ea0ead98b083b876,2017-04-26
9f63ac5c9ccec372d7d7ab7a8ae39243,01f7155995c6d4cda4fab4d36293d80a,delivered,2017-05-17 10:45:24,2017-05-19 02:35:06,2017-05-23 11:32:37,2017-05-31 14:55:44,2017-06-08,a74057eb042b356fed179ed2a6d2311d,2017-05-17
29bb5aa6d14cbab0801064aa1657b538,3828e9ac69a218aa2d5bb317df7e877b,delivered,2017-05-19 16:28:13,2017-05-19 16:35:24,2017-05-22 10:16:05,2017-06-01 11:22:34,2017-06-08,2b12aa72b942b60ca53b0eb533df5cf9,2017-05-19
198373b9140a1b8507f41535aa6344a3,e18b6ff478167b0efc409e52d13e00b7,delivered,2017-06-12 10:42:00,2017-06-12 11:05:17,2017-06-13 13:13:16,2017-06-26 13:41:58,2017-07-07,14d71f87f2c4ca429306d094a274dff0,2017-06-12
1c749ca7e27a6aaa93180b80e326d7f8,120cfe05591775d14f4852a9080a2663,delivered,2018-04-03 17:38:12,2018-04-03 17:50:16,2018-04-05 00:12:29,2018-04-06 00:50:32,2018-04-18,96fd69e8b0df76a9a807b01dc82bef5b,2018-04-03
98f0e2b0d85754ca3b4e06d70f0f63a2,af046fdbbda4a307d96801ebe61482c4,delivered,2018-03-04 21:04:35,2018-03-04 21:28:29,2018-03-06 00:53:16,2018-03-12 18:56:30,2018-03-22,0fdc0d21e1983e8af4d399e17671f76d,2018-03-04
195070d2d0eb1da7d93b958bce36d1ef,827d7240a35889668129a7b10aa0081b,shipped,2017-02-08 05:56:31,2017-02-10 03:03:30,2017-02-15 09:14:40,,2017-03-10,f300b00a19af4d4f7bdf9f4524c4587a,2017-02-08
696e3f4fca4491245f7b9425055cda4d,32a079c19bb9adf352e0e93c4fb9bd40,delivered,2017-11-25 01:40:30,2017-11-25 02:53:58,2017-12-14 15:27:03,2017-12-18 11:43:15,2017-12-26,a6168cd79131e64acef92e3c74d6cc43,2017-11-25
89bd46bd027ae866a59a72810b4adc95,c4bd3aefb216827f4698bd9d2b166a2f,delivered,2018-05-15 10:27:01,2018-05-16 02:55:12,2018-05-17 11:55:00,2018-06-15 13:49:44,2018-06-05,5bf4ea2d98005b960eea0dbf652ef4e7,2018-05-15
310e0c1bbfe5a00061a55e4fa2341fdc,751e579ed6c435ddbe018ccc5b68e13d,delivered,2018-02-11 18:57:34,2018-02-11 19:40:27,2018-02-14 20:15:44,2018-02-26 22:13:23,2018-03-09,e4bbcc533fdf3917c56dea2c43bf2084,2018-02-11
86f0bcd9b426a2c1022ae317c7f27be6,dd24965dd5aa551df36ce4baf180445b,unavailable,2017-03-08 15:13:03,2017-03-08 15:13:03,,,2017-03-29,930c4390af58f67334447c3a1cf2ba36,2017-03-08
48ac627a65c15df7cebf426bda6e6077,b5dff22ad6f2531a66adde7810935f70,delivered,2017-10-18 23:22:31,2017-10-19 00:40:57,2017-10-23 15:52:58,2017-10-28 13:21:46,2017-11-14,4034aa08d48695a538b7030910aae5d5,2017-10-18
91f71835acd6d20c6c5362c5c1907367,ef6fffb44c4dd02c0e35d6b6f9acf31e,delivered,2018-06-02 16:58:03,2018-06-02 17:10:22,2018-06-04 11:06:00,2018-06-05 16:04:37,2018-07-18,6af40347f5dd7bdd65437a35e1b2fa7b,2018-06-02
9ddb3509f5be4a428dd17530849d4d25,64e37599865347bc3329d0d79faa8c4d,delivered,2018-08-13 21:56:21,2018-08-14 04:24:19,2018-08-14 11:23:00,2018-08-16 21:31:57,2018-08-22,1b6d29725255a77667a8c639eeb4ccc0,2018-08-13
0420dbc50fc554e303e4b2d6b39063f6,ba5a299fef88320dbdadd124f5333bc6,delivered,2017-11-17 19:49:17,2017-11-17 21:26:28,2017-11-20 16:28:38,2017-11-23 22:44:46,2017-12-11,7f4f709af2fd8fea44aacd30bca46264,2017-11-17
b55567d6fa810e673d54568cfb910ab5,9458c0a59d52908cec1b7ce6efe88c37,delivered,2017-09-13 10:06:35,2017-09-13 10:37:33,2017-09-19 15:07:39,2017-10-03 19:02:31,2017-10-18,a91e80fbe80ddc07de66a5cf9270293c,2017-09-13
e5cc9aee90086c1cb675e3feef14cb57,1d5c5823a964c7891fca921536fb2463,delivered,2017-06-05 21:14:52,2017-06-05 22:15:16,2017-06-07 11:23:05,2017-06-23 11:02:49,2017-07-03,5f94af52aef02c968a2e0f01f430864e,2017-06-05
67204cd665c7418b36623b21584dc92c,e28c7984cdad31abb88f1e19cd8621e1,delivered,2017-12-01 16:13:05,2017-12-01 16:40:20,2017-12-07 22:07:02,2018-01-13 12:49:20,2017-12-29,9159c04b88895d995741dd5b9b7a5f1d,2017-12-01
a343fba54ffedfe70ec5cd8591f26a5d,b885ad8fbf6695694d6a5724d4681cac,delivered,2018-05-15 08:48:44,2018-05-16 08:37:07,2018-05-17 10:23:00,2018-05-22 18:04:33,2018-06-08,75f15790b1852b42b1dbf645d98ffa1c,2018-05-15
ff6b6db3d3c1548c9b511a5320ee27d2,7fe3893a7bf9572f35028d2d3ef9f85d,delivered,2018-03-16 21:10:52,2018-03-16 21:30:40,2018-03-19 19:56:23,2018-03-30 00:38:39,2018-04-10,c024307523462166b42112cfb6c8e900,2018-03-16
a88fb9a6e45cb10ebd5ebac6846d1ecf,cd3ce27aac0c6ecc4a3ca29a93f07c51,delivered,2018-01-01 18:56:38,2018-01-01 19:05:29,2018-01-05 17:15:38,2018-01-11 21:37:09,2018-02-21,363f980585bf04c1a88fdb986011c52e,2018-01-01
0f9d568730bf125dbbfed4fc655ff91a,3249a3fb2ccd4b5f7103a6e759c0d873,delivered,2017-03-22 09:56:29,2017-03-22 09:56:29,2017-03-24 11:23:27,2017-03-31 19:07:45,2017-05-15,3d364a7768fae99678635c4370295d20,2017-03-22
5d6343c55d971fe043e51c84df19bdd9,3922e40a232b96383899bb8b6f1112fb,delivered,2018-05-07 15:17:28,2018-05-08 04:55:37,2018-05-09 06:53:00,2018-05-19 11:08:25,2018-06-01,f9c4e8531c2fe4159beb562fd7c2bd59,2018-05-07
9126e0aefae0b65e52c837440e8010a5,a8e5ab9fae7e21ef7e843734f55602ca,delivered,2017-04-09 13:44:57,2017-04-10 17:30:14,2017-04-11 09:53:00,2017-04-17 11:13:06,2017-05-04,cbd0350d4ccba9772e8e768d4a4a5cbf,2017-04-09
f1170c260d0d021017645fd94d65d78b,a86b68dd9da561c8b4cf830e2f0f47a3,delivered,2017-02-24 11:24:17,2017-02-24 15:10:17,2017-03-08 14:52:04,2017-03-16 14:33:08,2017-03-27,417b909c0962b2610f1cfeb1c1478986,2017-02-24
130c3f0058347e4d785fa54f3d00d2b4,f227c8cea54e871f65cd080735594ccb,delivered,2018-01-15 15:43:09,2018-01-17 03:39:34,2018-01-31 17:33:30,2018-02-22 21:25:19,2018-03-07,76b449ccab9149ae827c02c4c96704f1,2018-01-15
36a5fd80b9f8ee414ac234368584a876,708c3f976416fee8bc3252ff6c411f41,delivered,2017-08-11 23:23:53,2017-08-11 23:35:16,2017-08-14 16:18:05,2017-08-15 19:26:30,2017-08-29,8033f408bcb75134075db3eb60b49937,2017-08-11
aead701d8d2b9b7c1fa1a3aa963fc577,dbb305170569978cff51fd1047ebb11b,delivered,2017-08-09 22:23:30,2017-08-09 22:35:10,2017-08-10 19:26:58,2017-08-17 18:42:49,2017-08-31,ee4a83704c2de0dc8266893fa5cf966b,2017-08-09
1c32916fec4ddbdf533e164c2552343f,b22268461b6f04a95733c44174586458,delivered,2017-05-15 21:52:26,2017-05-15 22:05:21,2017-05-18 13:47:50,2017-05-23 18:29:02,2017-05-26,137e5e89cc2ec6ee305e6242ef3fa4c2,2017-05-15
dc5f6cd4492bbffe5bcda9b87856c9a5,2ebf822bbf33241c7bffb42235519f92,delivered,2016-10-05 13:12:43,2016-10-06 15:47:29,2016-10-21 16:34:58,2016-10-27 12:33:29,2016-11-29,bdb88619ffe5ca24fa5732468bd34573,2016-10-05
bf6ae1909b2e970bb1c4f1119b324b64,c689ee4a546a41ccfc8b40c7752bef45,delivered,2018-02-01 18:09:49,2018-02-02 19:31:18,2018-02-06 01:34:26,2018-03-06 23:29:04,2018-03-02,51bfbaee00332bc4b92c8fb31a931948,2018-02-01
4a662ab61cb0e83833f4b6ff3ed84792,6d74f8cec06871385a5e1c494a39701a,delivered,2018-04-19 16:28:30,2018-04-19 16:58:17,2018-04-20 18:36:35,2018-04-26 00:59:38,2018-05-14,b0ba54f5aa2dfde39043ab0a7e572bc5,2018-04-19
5d667669da71ab257891582b76d37194,502bb2b647bf2cd2b55e73381cb9699c,delivered,2017-08-30 20:15:19,2017-08-30 20:30:12,2017-09-01 14:43:54,2017-09-08 14:51:15,2017-09-25,88607ce3a266c48ee56db9695bff9dd6,2017-08-30
00471463a6106056c1a2a809f70de640,fcad74a7e0dff27c33e36cbd78280bf9,delivered,2017-09-21 22:00:44,2017-09-21 22:46:14,2017-10-04 14:45:15,2017-10-12 12:29:59,2017-10-20,1e57acebf9849b1d7af7c21c14c1b99f,2017-09-21
c2213109a2cc0e75d55585b7aaac6d97,897b7f72042714efaa64ac306ba0cafc,delivered,2018-08-07 23:32:14,2018-08-07 23:45:21,2018-08-09 13:35:00,2018-08-10 20:26:44,2018-08-13,8d50f5eadf50201ccdcedfb9e2ac8455,2018-08-07
8462b558a3e124a93d9f7f3873028799,79d3c514f1571f2a88197b1e2d9ef859,delivered,2018-02-21 12:48:59,2018-02-21 13:09:05,2018-02-21 23:51:51,2018-02-27 16:57:32,2018-03-16,be8f34cee6e46e28f79548bf5bcf5fb3,2018-02-21
14772df2ec0499946fb20841a70659e4,3cd182168854efe2024efbd623437ed1,delivered,2017-05-07 18:53:52,2017-05-07 19:15:11,2017-05-10 08:47:55,2017-05-16 15:59:37,2017-06-02,cb3ff5e129b14923b2dfef9acd718bb1,2017-05-07
6bbf71e04f4d0e748315be02506a1b63,6241793979a6c6169cce48dd999f3688,delivered,2018-02-05 19:29:06,2018-02-05 19:50:07,2018-02-07 20:52:53,2018-02-22 12:22:08,2018-03-01,86b166f19d82cd55747a81a7e811198f,2018-02-05
02acaa2a6f24e9c4e0bec7141b65f29b,198f8a1c41eaeb274fc8b25993320f18,delivered,2017-09-07 04:14:08,2017-09-07 04:25:12,2017-09-08 15:15:01,2017-09-13 18:17:54,2017-09-28,0c428f7733b04c35dac27a76efeec295,2017-09-07
47f3a8b9c3d8dffb6f878768c73b0971,26d51363d20344386df9fb922a155a26,delivered,2018-04-06 12:10:51,2018-04-07 02:35:15,2018-04-11 16:42:21,2018-04-17 22:20:54,2018-05-03,d75df1ae5a9ccbe03ab5d9c4430a24b9,2018-04-06
44146c842a47dc05b44bfd3c0334d47c,a753155288fad08f8802c3b2d2b243df,delivered,2018-04-12 20:45:16,2018-04-13 13:14:40,2018-04-18 17:51:53,2018-04-26 17:14:55,2018-05-09,7c0e2a8adb00075cb0e0bbc19175c878,2018-04-12
83d235ec5b7a9b0949ad507ccefc16c5,41b8bed69cc3434edf5576568b852db0,delivered,2018-06-12 13:30:00,2018-06-12 14:05:00,2018-06-13 12:02:00,2018-06-21 15:48:41,2018-07-17,3880e5d2f60f032c3cb60de95f5d952a,2018-06-12
42bcfd11cc83efc775637358296f6b48,ec9eec3f6ecad08f1a41bb32a5dbb1ea,delivered,2017-03-06 13:56:19,2017-03-07 04:03:33,2017-03-08 16:03:59,2017-03-17 16:23:39,2017-03-31,638c740ca54108e59dfd571ab7c0b764,2017-03-06
03720fdc92032ee4abd471d172006ab0,116458665bac0ff47d5e87f65e8ec681,delivered,2018-08-05 21:34:54,2018-08-05 21:45:17,2018-08-15 17:42:00,2018-08-21 00:11:52,2018-08-17,e6fdeb2ae78e71035c9db4c86e778455,2018-08-05
7785b07bcf7b5bf8fbf50e491382d98e,edf36208c4d022a97bb82b7c02553af2,shipped,2018-04-17 20:31:30,2018-04-17 20:51:47,2018-04-19 00:51:15,,2018-05-04,8e83e406970bbb2ac55b2951bb855d32,2018-04-17
53f0bd64140840f70f00c89e7a19fdf2,a23bb087dccfe3c78336749a1818a423,delivered,2018-04-09 09:41:20,2018-04-09 09:55:21,2018-04-13 20:46:36,2018-04-27 19:40:58,2018-05-09,d34ae8a2849ec90990b577eca5444522,2018-04-09
3431f838d49b42723b060fa367b3d294,74c196d5748d2b4dbd3d387f50d6fa09,delivered,2017-12-09 23:17:24,2017-12-09 23:30:19,2017-12-14 16:14:00,2017-12-15 22:48:33,2017-12-28,0c6622facae49819fe1591fcc9737bb2,2017-12-09
daa1c13dd8df972cbc97ca351c67f32b,71e8560996119b529ab63d5a963f1a89,delivered,2018-07-31 20:39:04,2018-08-01 13:31:39,2018-08-02 17:46:00,2018-08-24 21:18:22,2018-09-12,0af856b84f956b11317832a27b18ff4b,2018-07-31
53302305754d77daab8c64a29db8d8c4,c16fd56f85eb2c6f8cd0eb28bc618880,delivered,2018-07-13 05:38:45,2018-07-13 05:50:12,2018-07-13 14:02:00,2018-07-26 19:20:43,2018-08-07,d5b6b0a6a0374781527d7e29b7830062,2018-07-13
660020bc4184db41dc39b332230e94a6,31f96a7faffd537b8ceef28d305cd375,delivered,2017-09-03 19:29:50,2017-09-05 08:34:28,2017-09-06 20:33:17,2017-09-12 23:41:44,2017-09-21,80b6a368bb78dea2539249804957a779,2017-09-03
bc46c2cc4bdb50a72e172392fd97672b,49f6c48a95ac4eecf06c6a01b586e14e,delivered,2017-07-02 22:56:09,2017-07-02 23:05:11,2017-07-03 15:39:29,2017-07-18 20:57:44,2017-07-25,c37cc6c1a59d81460a3059744f7ada1c,2017-07-02
051fcda88d997d3ff86012da2a556342,e13a5ed086aacc9b2b7466c78645b468,delivered,2018-08-24 14:59:37,2018-08-25 14:55:23,2018-08-27 17:58:00,2018-08-29 17:38:25,2018-08-29,6e4df650faf2c070fc5cbc95efd6c01a,2018-08-24
c8213e60d923c834447d410caab1898d,2ec09b0312464955bea7d384332ba8bc,delivered,2018-07-16 13:30:06,2018-07-16 13:45:13,2018-07-16 14:25:00,2018-07-26 15:36:40,2018-08-16,004df63539fd5e38d4b0a0506de7549c,2018-07-16
5b6ef6be2fa71ebc92c95847830eb35f,0ab29e5915ad4ba4c6d77931b038a1ce,delivered,2017-06-17 12:46:11,2017-06-17 12:55:25,2017-06-19 16:43:03,2017-06-22 14:52:55,2017-07-11,25126926be8dbdb3264285caa7d0c40c,2017-06-17
4e4d9ab79db69a4bd0d79833bfce91f3,c5ec9e7825f8ec234b331113945cb5ef,delivered,2017-12-22 09:36:53,2017-12-23 02:13:30,2017-12-27 17:47:36,2018-01-11 19:20:49,2018-01-23,4a87e667294a7e8c18a5656a3813e24a,2017-12-22
306885325658e5d5783776d310d39a74,35f5bb12aeb5e3152bc397c997b83112,delivered,2018-01-22 12:55:06,2018-01-22 14:23:11,2018-01-23 17:03:08,2018-02-01 17:58:43,2018-02-21,e4c027c785dad2335ef0224ab5bad8d4,2018-01-22
55bde651a2c412e983a9ace2f3e05c5d,0238124998cd8eddd5b3ea04d4c1e658,delivered,2018-08-12 19:57:00,2018-08-13 19:50:16,2018-08-14 13:21:00,2018-08-15 19:24:40,2018-08-17,4fefe0e53334d2252f3b920db8df4776,2018-08-12
b6220fb5a863a30b561a0084f111e0da,070948afd9d16208989b064551175780,delivered,2018-05-12 18:02:57,2018-05-12 18:36:00,2018-05-14 12:10:00,2018-06-09 18:32:14,2018-06-01,8bb9834649210152e6fb0a01c201651c,2018-05-12
179a901d5de12162c773a0def32eda2f,660ed1bd01292e89c1bdc072e05e3992,delivered,2018-04-30 23:47:26,2018-05-02 11:35:28,2018-05-03 11:24:00,2018-05-22 17:32:55,2018-05-28,c86556ba7ecff25b48444d094c9848fd,2018-04-30
ced791864a1478d28bc041d61f8ce2f4,b81371f334909da18f8ff659478c6ddf,delivered,2018-02-02 18:17:19,2018-02-02 19:03:05,2018-02-05 19:12:57,2018-02-16 17:39:38,2018-03-05,014dcb5d582d60bca6a379e45a9041da,2018-02-02
85662e028b929ea8a558c36157434119,9ab244a0cc4abef680f71591be46c239,delivered,2018-04-16 11:37:23,2018-04-17 05:50:27,2018-04-17 19:16:35,2018-04-24 20:22:04,2018-05-09,88209a02297aae6f114b143f8cfed278,2018-04-16
f9c73363efdacbd9919d6c57e388c21e,4b7c71ee56a82b16431dbd5234c9c8f7,delivered,2018-06-10 19:41:52,2018-06-10 19:51:42,2018-06-11 16:02:00,2018-06-15 19:22:40,2018-06-29,1c96b00d7bad9cc71f6505a8e81d0c67,2018-06-10
add2976dccd076ad28a521b9f86c1012,e060cc4070c78bb9c40c42771b995c68,delivered,2018-02-21 10:11:39,2018-02-21 12:06:07,2018-02-26 17:19:29,2018-03-08 16:04:48,2018-04-02,00d96f54b90a6ffbe7361bcfdb85b0ba,2018-02-21
e5db7bda2b901c39641219e0b0112e5a,69c4c800716e7c23bbee20075aa55f6b,delivered,2018-08-06 12:27:47,2018-08-07 04:30:12,2018-08-07 15:23:00,2018-08-08 22:06:02,2018-08-10,20f63f201e5243070adec9b519194085,2018-08-06
2a206d4997fedfb60455f2a06ae3028a,fe466590682b569c87d29ef4dfdbc609,delivered,2018-06-28 15:18:00,2018-06-29 02:53:15,2018-06-29 12:02:00,2018-07-10 19:43:11,2018-07-19,0283917cf6822284c4341224ef003fb6,2018-06-28
f92c763c0b65518cb642202c62761040,5b6d2b7a038cd6a079db2ac2c0138daa,delivered,2017-05-24 13:44:09,2017-05-24 13:50:23,2017-05-25 17:38:49,2017-06-02 14:38:05,2017-06-13,f96171fd9cd9d9810f7053c5263ce594,2017-05-24
9988bc711d2d6fead4af40481ff5de63,2a55c5a6ff0c2eaed117aece47856094,delivered,2018-04-05 11:32:10,2018-04-05 11:48:41,2018-04-09 20:51:11,2018-04-12 22:58:45,2018-04-23,00d1e5d82377766dac9f8dc4d4eaf4a8,2018-04-05
c3d24172aec3f97cadcdc629a7357555,59395768fbb6d0508eaf41eaf135ced0,delivered,2017-08-30 15:29:05,2017-08-30 15:44:38,2017-09-04 22:28:49,2017-09-12 21:59:32,2017-09-26,41a2e8b346e23a9fa13f49a651717c62,2017-08-30
ea402ebc995cf3c736876cff354a896f,04caa0484842fc3d966ebf185ba21242,delivered,2018-05-15 15:33:29,2018-05-15 15:56:01,2018-05-16 14:46:00,2018-05-17 19:37:37,2018-05-23,7e30d2336a1f1182766cf6fb863d5554,2018-05-15
1ba5b9882a75bc185bc0c7fbb909b697,c3ce13fcf8ab552fcd541aa1f2225389,delivered,2018-07-26 17:13:14,2018-07-26 17:25:16,2018-07-30 14:15:00,2018-08-06 23:38:46,2018-08-14,42ae5fc8e51ccabaa26d6d7392263020,2018-07-26
24c0b5c7e8f51f85f1bcdbe4cd0f81ac,fc2a8d30702cbc30e24fcd1315030520,delivered,2018-04-27 10:38:39,2018-04-27 10:51:59,2018-04-30 06:18:00,2018-05-04 20:28:36,2018-05-21,323333d54ee35f33103ab7cce7408e6b,2018-04-27
3d205e6a3bde8bd5a480aba4d26dd315,25a883ab22042cfc5f16a1e5f6564cdd,delivered,2018-02-24 12:18:42,2018-02-24 12:30:31,2018-02-28 15:27:18,2018-03-01 16:44:35,2018-03-12,0c8c9d632cdaea590c5e62cdf6db4b9d,2018-02-24
1ef47fb13ee9044b5e5aa3bd388755de,c1f326c1584e139615e3ba4ae4d23760,delivered,2018-03-15 10:58:23,2018-03-15 11:10:29,2018-03-15 23:58:52,2018-04-12 21:05:53,2018-04-06,1bc28b08fa28f7f12d4373d7ee73978b,2018-03-15
9105e733a6a8fcccf4fced822e1a67ae,874dfb94ae7ceab047226c11f81cba46,delivered,2017-12-13 21:34:31,2017-12-15 02:17:25,2017-12-15 17:33:01,2017-12-18 21:46:33,2018-01-12,9cc5a07f169a1606fd347a56683e6ea6,2017-12-13
b7d3b2799f51cd6167d7931df1546f8e,bef40bbef664b2f618bf022db5be5a11,delivered,2018-06-13 20:20:59,2018-06-13 20:39:41,2018-06-14 15:09:00,2018-06-21 16:52:30,2018-07-16,4757513bdcbe18dc733da74607fd85a7,2018-06-13
3005c05dbcb19ff903a28b5d654bb1cf,b70dd1b7a273c0378edb26d95390f857,delivered,2017-01-25 16:57:30,2017-01-25 17:10:20,2017-01-31 07:27:52,2017-02-02 14:29:07,2017-02-20,9ccff5067614ac5510320fed6e4dda46,2017-01-25
7a0d4292964e6d5c0fe0fd4238ee6500,dcd40f3746fb8ee4fa0fab8dc6c2d222,delivered,2018-06-28 10:10:25,2018-06-28 10:31:23,2018-06-29 12:27:00,2018-07-09 20:34:37,2018-07-24,b97b7e6d034e5fa44c9a1606e91eeecf,2018-06-28
eaae5e87592113d14ab25a25bf5105e6,ac2042ae043b8f859f71ff914f863cd2,delivered,2017-03-22 12:30:05,2017-03-22 12:30:05,2017-03-23 08:07:24,2017-04-19 14:43:40,2017-04-12,069ae72e12aa7c92b8a87dda4ccb86ac,2017-03-22
6f6fcc1b3ef20cf889f9ecccc5d9379d,5f8821579f7deebd8827b5dcc57bcb45,delivered,2018-02-06 20:59:17,2018-02-06 21:10:45,2018-02-07 17:43:21,2018-02-16 11:43:39,2018-03-07,3f29c19532c5b77b04513b4cb14e7364,2018-02-06
a3868921c7af20ac7aafb5e8b7b5b4ba,69f84065b20dbe07627736cd3a7f7f47,delivered,2018-02-04 21:23:54,2018-02-04 21:35:31,2018-02-06 21:28:56,2018-02-16 23:38:39,2018-03-12,7416c044781d8b5e4de31e7d52d9f85d,2018-02-04
e885304ec221dd09a24101f0dd920504,a3586509a27757e4e4825418e8f1174d,delivered,2018-04-02 23:31:13,2018-04-02 23:48:02,2018-04-04 17:48:52,2018-04-25 00:47:25,2018-04-18,72b1f9e1b8aa00c0be1d47006c3ab5f7,2018-04-02
364bfe8be0f9a89a9a817d0e8ecd859c,9c80a6e1fb3ca98a63dbde1cd2557985,delivered,2018-04-03 01:16:22,2018-04-03 01:28:15,2018-04-07 01:42:41,2018-04-17 01:05:14,2018-04-19,74cb1ad7e6d5674325c1f99b5ea30d82,2018-04-03
1abad641fc19ed94a5eefb34fecbfc0d,9d8ced56e634148f52b90da9bdeb9910,delivered,2017-10-19 12:53:12,2017-10-19 17:35:18,2017-10-20 21:27:34,2017-10-27 18:49:54,2017-11-10,207a5537c81aceaf5ef4f5b1ee4cd09c,2017-10-19
5fa86014b9702f8c488d3ca356d24dd9,5403b9d98faadbbb85ec061012a213c1,delivered,2018-02-19 01:42:20,2018-02-19 02:46:56,2018-02-20 22:29:16,2018-02-27 17:03:43,2018-03-12,69a7f37355617e699081e1a1db826691,2018-02-19
2655c643248fa1a5ef168d2f6fc64fe7,9ece767cb4769a7f387567c6f1f06d35,delivered,2018-01-05 19:24:31,2018-01-08 15:28:03,2018-01-09 15:09:01,2018-02-02 12:42:58,2018-04-03,a8f99afaf1e6db5d6ab8d43d4f5b18df,2018-01-05
6f7c4d0e0bfea3787bfa435c00423420,3203358dce6a6dd1a5d190113a70b68a,delivered,2018-05-22 09:20:02,2018-05-24 02:35:15,2018-05-24 17:08:00,2018-06-05 13:24:49,2018-06-07,29d72fba272ad06ed0b2ac6351da042f,2018-05-22
6c15ee8450a1710e7495723be99f4030,356ead8c97942c8e553f692a81e50ccd,delivered,2018-05-26 00:14:44,2018-05-26 00:31:55,2018-05-26 08:16:00,2018-06-14 22:44:58,2018-07-05,34115d5fc0c83f38f79c68c8edcdc1dc,2018-05-26
daac1a5a0e38caa76166f1569db2895c,e243da4d4f1c0043d86b95941d73fd45,delivered,2018-04-15 20:56:35,2018-04-15 21:09:55,2018-04-16 21:36:42,2018-04-18 21:56:28,2018-05-09,90fa7ad937baca6ece1dc81746af6adb,2018-04-15
7073be83c3247747c26a69d5a689edbf,f2f4eb1a9dd538dbe28987f5d42e9857,delivered,2018-07-16 15:32:50,2018-07-16 15:45:17,2018-07-20 15:50:00,2018-07-23 12:41:23,2018-08-01,0032ca69771a7758ce643258bb9e4ac7,2018-07-16
f52ec1996d054ab03ddef4968ff41fa5,93c43171fb6570c1c278167d386a5db6,delivered,2018-08-12 15:13:40,2018-08-12 15:25:19,2018-08-13 14:34:00,2018-08-17 19:18:24,2018-08-30,c0897eab3445f15960a5dbc38b6d7f55,2018-08-12
f996ee1563eca784e95ed1b6e3ff972c,2fea692263bd999bc4a3e307d38ae2fb,delivered,2018-01-26 14:08:25,2018-01-26 14:22:24,2018-01-26 22:48:40,2018-02-03 14:04:51,2018-02-19,8d334e0b3cc9d89e724e409759fb5a1b,2018-01-26
3085f11ff3b5e4498b311733a6cbd9e2,fabc9128fc3c897d2208425e2086d3a5,delivered,2017-08-30 20:20:12,2017-08-30 20:30:09,2017-08-31 21:38:10,2017-09-20 15:43:16,2017-09-25,07f73198f5bbc83c1ad9806a7ca28144,2017-08-30
02645c905eb7d1591a679f9bc3b669fd,7d81b5f1ff0e0a22a9496943f1df6cbd,delivered,2018-01-26 16:09:11,2018-01-27 02:41:29,2018-01-29 17:19:03,2018-01-30 14:48:45,2018-02-09,2aa9325eab1676f4d62830f004d67a34,2018-01-26
c7712c0f5217ae36e0539a1caea73839,d4ee857c70a9038a06ea3f38861c728d,delivered,2017-09-03 13:09:29,2017-09-04 21:35:16,2017-09-11 19:55:56,2017-09-19 17:15:46,2017-09-25,df9e4a3bb3a6476db4c6987a96b055bb,2017-09-03
3de1449e72332066f82b8130406dfeb3,10c24e9fc5879ea6080e2b72e0475641,delivered,2018-01-15 10:16:23,2018-01-17 03:39:36,2018-02-07 00:09:25,2018-03-03 16:03:41,2018-03-15,74f1c30f52f68f07d9e83ca5a5bc444d,2018-01-15
4e53a913dfd522beb67229c2784dde5b,891d97a0573cb2e4c69db4e87728829b,delivered,2018-04-13 14:32:08,2018-04-17 05:50:56,2018-04-17 21:48:55,2018-04-25 21:58:44,2018-05-11,f6a32c842b68a86a92045fc0534c0a3d,2018-04-13
d9e350703a718681ef3cc6f0d92c0c10,74282fa83d0b14c96deae5439d7cb5e6,delivered,2018-01-02 15:25:51,2018-01-03 04:18:27,2018-01-05 22:10:43,2018-01-15 12:32:30,2018-01-24,f5ced93f8c969fc52fcda8415e8bcc42,2018-01-02
64f5fd87174ba865c091f3ceabeaf0e3,ce0ceb45fe0c526c8b6959f36131687f,delivered,2018-02-09 09:31:08,2018-02-09 10:14:05,2018-02-15 17:31:20,2018-02-18 12:54:38,2018-02-23,dc9844b33771e435cb001b30ae742573,2018-02-09
17f668eaf6dac97de5fcd9bbbea1f474,7526d70ce84a55e4f85d4b39e91e2ac7,delivered,2018-04-17 13:07:55,2018-04-17 13:32:40,2018-04-18 19:38:25,2018-04-30 14:33:03,2018-05-22,5a49397fc3ccea61283f726e9b1b813e,2018-04-17
9dc2868be613a3a34ca73f26600dcebc,20ef87add57e8cc2760bec8fdff748fa,delivered,2018-03-22 21:26:26,2018-03-22 21:35:55,2018-03-23 18:06:53,2018-03-26 18:38:33,2018-04-04,b4ba6c8ffbe46adecf45369dd91cc730,2018-03-22
8fc5d9ce2b81773eab28cea379428e6c,8b3b5d469cfb93eb08d252fd0120c676,delivered,2017-11-30 11:34:22,2017-11-30 11:52:39,2017-12-01 17:29:02,2017-12-11 18:52:16,2018-01-18,4bdc96c9e8db57f4cdc94e59eeb987a8,2017-11-30
da9d5d868a28b17116214d1240c22837,8cd6037505c5d3a5f92d485b1345e918,delivered,2017-08-01 22:25:27,2017-08-03 03:04:44,2017-08-11 20:22:20,2017-09-19 18:09:44,2017-09-08,54c7b4f48fb9e911bf328bf9884ca61d,2017-08-01
f0c82a051af6be8d8bc640ac7ed53065,9cac5970d5355ceb74d4878059ac6399,delivered,2017-05-03 15:03:59,2017-05-04 06:35:27,2017-05-10 09:28:27,2017-05-15 08:31:41,2017-05-24,f68f314d91a7d17c907e7d25d94d8b75,2017-05-03
901884e93a6e353950d63cf7a16621ef,3f425c05ff2b159dd7ac24ff725a6b70,delivered,2017-12-07 21:37:21,2017-12-07 21:50:41,2017-12-08 23:17:05,2018-01-06 17:07:34,2018-01-05,23280ccfac94b7bc3fb94ae94adbca26,2017-12-07
2ac76d681b26fb9a0bacc88b2e532430,bf173716098c076e4e00285843e37e5d,delivered,2018-07-18 14:47:24,2018-07-18 15:02:31,2018-07-19 14:36:00,2018-07-24 19:15:26,2018-08-02,26b3e8ebfde4ad342ce964d0c7b9de1b,2018-07-18
fa9aefedb556db70fd8ca7a716f79802,0b88fc5d116430d2cd82962c039c3f88,delivered,2018-08-19 23:05:53,2018-08-20 13:49:54,2018-08-22 12:36:00,2018-08-23 22:51:56,2018-08-23,7f48c2671dde965a4017d66d1f8ef9b2,2018-08-19
9e1571408c90f2235bf00d6fd15f8d51,b470bfde759425129d684b306fce715e,delivered,2018-02-06 18:50:45,2018-02-06 19:10:35,2018-02-07 23:26:46,2018-03-28 18:36:45,2018-03-14,6a0c925299476ef8ee879d9bb10da5ca,2018-02-06
bf0f1a792476855668552e27ec7d263f,1220a90faf99b19704eab9e3e872e399,delivered,2018-01-02 22:20:01,2018-01-02 22:32:26,2018-01-03 21:42:47,2018-01-10 00:34:32,2018-01-26,faacdd46b0b9bb52cfa047c54b0b5016,2018-01-02
910672810c4151ca48b6946cf9ba0418,7dba19b4aa8f8741e306917190e6e950,delivered,2018-01-14 09:06:06,2018-01-14 09:17:29,2018-01-16 16:56:01,2018-01-25 19:04:07,2018-02-20,3eaddcc07264924ce9663cbd01b0fcf3,2018-01-14
7c1d20d6fe132456d237f95b26cd53a8,62949a19102c82481839ee2318f8d71d,delivered,2018-01-21 19:25:41,2018-01-22 13:57:26,2018-01-22 21:36:14,2018-02-06 17:21:54,2018-02-14,8c71b6aff280a474128f3e3f06b1d277,2018-01-21
334020252534196b67dbda2c892932e1,7fe3cf500fdf23475a1bf979578ff7c3,delivered,2017-12-15 19:18:59,2017-12-19 09:51:46,2017-12-26 18:23:19,2018-01-03 15:10:49,2018-01-10,9630f071c42911730039a7e04fcea49b,2017-12-15
32219b8b14d2170cb4d16cf24c5d6025,4860f134f8d652b3d93ee94e9d3aa185,delivered,2017-10-18 11:53:15,2017-10-19 02:56:38,2017-10-24 18:26:43,2017-10-31 19:08:42,2017-11-08,ada75a4fe78965ba507a043fadb07ce9,2017-10-18
7ece3f32d060f91a98d50279ab15ebaf,29d768c153dabfc1ecfeb0c1c389727f,delivered,2017-01-25 01:23:07,2017-01-25 01:35:07,2017-01-30 10:17:10,2017-02-09 10:14:41,2017-03-14,b5ccc57b179210bda569df984bdf7df3,2017-01-25
d46993f8bb61402cf53ed368bfca017e,5964c075c70c23bd07753f8cd1503c55,delivered,2017-05-23 08:19:07,2017-05-24 02:50:22,2017-05-24 14:57:59,2017-06-05 09:57:57,2017-06-14,7b24ce24de1cd6537bb9cf370a8f05f1,2017-05-23
6fafa8b999b250ad0dbbc4dad2f5aaf5,42da448b13fbef03246fd2ed79442e67,delivered,2018-01-18 11:15:02,2018-01-18 11:37:08,2018-01-25 20:42:54,2018-01-31 18:03:45,2018-02-20,9c33af5031131ab2acbc8fe5619340d4,2018-01-18
c73bbcd64afe483b00a38c3d28c1c66a,b1d6214581f610ab4327d4471d90e574,delivered,2018-08-23 20:38:24,2018-08-24 20:35:19,2018-08-27 10:57:00,2018-08-30 22:11:54,2018-09-05,9ea65227cfac84dd2778bc0315dd8f10,2018-08-23
db80ebec0cd5d08e1d9e9c10f691f491,c79a864b023ee46e9a2e29bd06e72579,delivered,2017-07-21 15:09:52,2017-07-21 22:55:08,2017-07-24 13:47:52,2017-07-31 12:52:14,2017-08-14,d44430dee6959da0dc1aa7fe1c1beb70,2017-07-21
ee1c259624feb697ba9a84a268f77cfa,1d877053716a2f3be7e0c13096eb75f1,shipped,2018-02-22 19:22:04,2018-02-22 19:35:26,2018-02-23 20:47:18,,2018-03-19,66afa2376b0e4599e420694f53eae80a,2018-02-22
f94b0a3a81bf5b4de22a8c2a90df7263,96235f1032b3a83d13cd52f4cae7ef68,delivered,2018-08-21 18:42:15,2018-08-21 18:55:19,2018-08-22 14:30:00,2018-08-27 16:21:23,2018-08-31,e988d62d7f4cc99ba5c365220d1c17b3,2018-08-21
4f4cdcc0b6af1eb7d23872ddc92b5d05,dce0f4ec1a81a9f978ce37a460c55fad,delivered,2017-10-15 17:02:07,2017-10-16 10:35:16,2017-10-18 18:03:58,2017-10-19 22:56:28,2017-10-26,81e76bec3ed10f1142ddd6ceec03718a,2017-10-15
71e3b03f3cb75e6fd2e5a75e7291df4b,13d366a15142a8b6f7e39caa24ccb1cc,delivered,2017-09-14 12:01:29,2017-09-14 12:15:11,2017-09-14 18:57:26,2017-09-15 15:49:50,2017-09-26,7f5bd56f922fc14c92bfa3491f6b2705,2017-09-14
69d7b0fd0e1539d95821f334b42cdfe7,e6e855f3644b9db72b52e9fcd9cc5d9d,delivered,2018-03-12 17:26:36,2018-03-13 17:29:32,2018-03-21 22:06:54,2018-04-10 20:05:18,2018-04-03,dcf7deeedadc35da82c0c074b1a54844,2018-03-12
0f227f29d1cef44dd442c2fe75d7896c,3e6ee83b129d8611fe4e39d47b18d8c6,delivered,2018-01-12 15:23:34,2018-01-12 15:30:30,2018-01-15 17:25:49,2018-01-27 14:28:43,2018-02-06,1c8d56713e12f99df6c515b231ba4781,2018-01-12
fedebd6340d6998da33d42acafad9a4b,4fec2e0acfdf1b086cd731bcb51ba7f1,delivered,2018-03-23 14:03:30,2018-03-23 14:15:40,2018-03-27 20:19:03,2018-04-09 17:03:20,2018-04-17,4a3b6233269f211111508c801117a357,2018-03-23
027b013d2186e25c2b82beb3679d0833,752b19f57cd013e2bf4e3c62da5a29e5,shipped,2018-04-11 15:49:16,2018-04-11 16:10:51,2018-04-13 20:05:02,,2018-05-02,c192180b5d1cd366f6b0d44c3d9868fe,2018-04-11
fdc259a28a8f4ba4ea007b10244a8272,0dfb45e4e023f6d20188da2f6145a3ed,delivered,2017-09-25 21:33:51,2017-09-25 21:49:49,2017-09-28 13:15:42,2017-10-16 10:47:41,2017-10-23,edd0d266ff17dbbc60ee63eaa7cc4fb0,2017-09-25
9e40d6ad0e658dbe287498d89f222d18,79b516ac255abbf7531ea1ea5b43d0db,delivered,2018-05-29 15:48:49,2018-05-29 16:12:19,2018-06-07 15:12:00,2018-06-11 20:41:32,2018-07-27,f710c6901968ec0a8bed20d789690102,2018-05-29
7ca00d9cf45a4e8501cdc625899d7633,2d5bf8c06b76ea4c7e4dcb478b2fee54,delivered,2018-08-01 21:22:53,2018-08-01 21:35:18,2018-08-03 12:09:00,2018-08-08 13:14:52,2018-08-13,04f54cb09b4216795433e4fc5d0db66e,2018-08-01
b8dd3c581f151ae1f4a0b011b0715eca,70e12437a260894a3f038b53d44b01e9,delivered,2018-07-27 11:41:22,2018-07-27 11:55:10,2018-07-30 14:04:00,2018-08-04 11:58:48,2018-08-17,ddf2d1cef869535c3cd714687393fe7b,2018-07-27
3a84d8311ec3bc442b8e2413a6b770c6,27389b038fe5c0831ab14f7dd5e8a89d,delivered,2018-08-12 13:33:17,2018-08-12 13:45:08,2018-08-13 13:07:00,2018-08-16 12:35:57,2018-08-29,e4fa7e3641d015919cf66a0919c1e7e6,2018-08-12
33d4257aa190f034f74c6626a12b6e53,c564529ffd5238e134307140271dd186,delivered,2017-09-17 23:00:57,2017-09-17 23:10:18,2017-09-18 19:37:33,2017-10-03 20:45:01,2017-10-10,6b595d38cb0d0c5dca0ca4de1b97b116,2017-09-17
270cd1874ca5310906e251407490d66c,fce5e90c12f6f040a4a77008ebeca230,delivered,2018-03-23 16:25:13,2018-03-24 16:27:49,2018-03-27 05:48:44,2018-04-02 17:43:08,2018-04-11,2a6ef69674d6f28002c72b8d123b3a27,2018-03-23
d13edc5c7574bda9f7c9dc6b92a72edf,6487942d4e64abf0e25a122fb215677a,delivered,2018-05-20 14:17:22,2018-05-21 15:32:00,2018-05-22 12:40:00,2018-06-08 22:08:35,2018-06-08,ab51e24e022fa42d70c04ab4fb4770f4,2018-05-20
832e0a03685bfc20477ea18436e023a2,87722cfd2b0a53af8fdfee69e8c7feac,delivered,2017-05-26 16:43:10,2017-05-26 16:55:08,2017-05-29 15:20:53,2017-06-07 12:26:04,2017-06-20,2d2616826443ccc5be23aa13edf2fe23,2017-05-26
38c529a4eb301fab3df50bd0e3c0ecdf,9dbc8c27740a5962891aad8ae9ac64f5,delivered,2017-03-24 18:16:43,2017-03-24 18:42:56,2017-03-29 12:48:16,2017-04-04 14:28:08,2017-04-24,3891570de9631660881e981ca3286252,2017-03-24
40abd692ba634788bde537d1aff36222,df7d1cc348a96fdeb19b17287b9230be,delivered,2018-05-14 00:31:59,2018-05-14 00:55:09,2018-05-15 10:14:00,2018-05-17 18:04:58,2018-05-30,2daa09f922fad73e8c273da266ab8366,2018-05-14
05fdfff95f5ea9ee431961288fce4e0c,05f9f7e304de1bd029ce39f107848608,delivered,2017-11-07 10:44:53,2017-11-07 10:55:49,2017-11-09 23:16:32,2017-11-16 16:57:32,2017-11-27,d9ffaef986305a5a589b198d8568f211,2017-11-07
7760dcb1588e8f0404d165bace2abe39,b98929520ddf9ebbc2ee6d7a54bb5ba4,delivered,2018-01-21 22:02:55,2018-01-23 03:39:36,2018-01-23 22:37:17,2018-02-05 22:17:47,2018-03-05,f3fb25aac32cb3dc255529c6dc74ddae,2018-01-21
ea1f26cda2f1854ff80a133e71ea9939,95200d2b14a993f488affb398652a2a2,delivered,2018-04-15 23:20:52,2018-04-15 23:32:05,2018-04-18 16:58:52,2018-05-03 16:49:00,2018-05-09,05db15e48c7ed44cff9dfaa4f374f3dc,2018-04-15
ea7e528106f7ea156423a2cbafd75bc2,8d81bf44bb2e36dbfab5353d8b683420,delivered,2017-10-03 21:02:27,2017-10-05 03:04:19,2017-10-10 20:42:38,2017-10-31 21:12:01,2017-10-27,0cba4bb63764d34cf5ada48adfbe67bb,2017-10-03
8c5fa1a922cfa46db8478221148d7bfd,656feca5c03ef21e93b356c2da4f4ea4,delivered,2018-04-04 09:54:42,2018-04-05 09:50:13,2018-04-05 21:58:50,2018-04-09 19:37:35,2018-04-16,3bf5a7cbb004806cd6c8955f1b116703,2018-04-04
efc59e55658890749e19367044ab1a43,3375b244ac4cd58a673c13f24156b372,delivered,2017-04-21 20:23:41,2017-04-21 20:35:06,2017-04-24 08:08:50,2017-04-27 14:57:10,2017-05-15,be49d411f08872c5a81438e47278a9e7,2017-04-21
b92aa81f74ab98a2f1a9cc5659f6edcf,6d7c040dec6d2f6da6a63929bdec436d,delivered,2018-06-24 13:49:51,2018-06-25 10:53:44,2018-06-26 08:46:00,2018-06-27 14:06:49,2018-07-26,02e8a66528e84b3ca6150d9b1e03a26f,2018-06-24
546c8958ff67b28473cf140ec32a5a91,a88f6b2e3e51c830e4850876c911fb8d,delivered,2017-11-24 19:47:58,2017-11-24 22:56:18,2017-11-29 11:37:48,2017-12-27 15:00:00,2017-12-20,3867198d50d68da57284e0cfec9d1902,2017-11-24
4ff67d3d6e7ebcbcf5cd40998e8a3d2a,d25874df9c935b4461068eb2f04fed92,delivered,2018-05-15 13:01:12,2018-05-15 13:14:38,2018-05-16 13:38:00,2018-05-22 19:38:54,2018-06-06,9d4ed7a07028101c01a9c4f9c11ee26b,2018-05-15
97afe73fe13a14d269383825a8a32646,957a0abd3abe843b6fe4886a504e69ca,delivered,2018-05-16 19:50:22,2018-05-16 20:16:13,2018-05-17 13:37:00,2018-05-18 19:08:38,2018-05-25,2e1f94c41e4eb045becefe63ea5e426e,2018-05-16
dc81a7a14a9502b15d6e1791eaa4ade6,a370cadf748c232df40b80db05b42df7,delivered,2017-02-13 13:58:18,2017-02-14 04:10:19,2017-02-16 12:28:47,2017-02-21 14:51:51,2017-03-10,1fa0ace8e18156593acd36e3fb792922,2017-02-13
d5f812041d8fc446c00cad005b616a3f,184359ed3f22a99dfeff1f70a95510af,delivered,2018-04-27 08:22:03,2018-04-28 02:51:42,2018-04-30 14:13:00,2018-05-03 12:51:43,2018-05-11,7f8727dbee61eb0badcc8b6010aa46bd,2018-04-27
5506c622c9692ec1a2145b8b8f712eba,69000206943522203193343fda85d3a0,delivered,2017-05-07 22:09:14,2017-05-07 22:25:11,2017-05-09 10:31:15,2017-05-23 06:27:39,2017-06-05,0e81b4d6355f0cdec4bc81b5dd1f410f,2017-05-07
75726bd0f5bacd31edbf656514778805,99dc64f03cfca5952f1ea7dd668bf7b3,delivered,2017-11-23 18:41:44,2017-11-23 18:49:28,2017-11-25 15:12:34,2017-12-09 18:09:09,2017-12-18,68ab9bfe2388b0b36614c7000b8b1cf8,2017-11-23
559115c14f48d999adcc027b4a702c8b,58838d64c9fb6e9e3712b41c35024f0d,delivered,2018-01-01 11:03:00,2018-01-01 11:10:30,2018-01-02 16:55:19,2018-01-08 19:59:04,2018-01-18,d2b43629cd9b4c39577a06ef790e9698,2018-01-01
e83fecff545147241edc9399a93c8e53,cf96a08c56069584a82e7b49976a9598,delivered,2017-10-01 16:12:05,2017-10-03 03:49:23,2017-10-06 22:42:05,2017-10-16 19:04:36,2017-10-27,a82935ceae6a61cc7536e9ef4b98b245,2017-10-01
caef38892cf9eefb7fa25d54e803ba20,e7fdf001dc15351131c29af7d65ba701,delivered,2018-03-05 18:15:17,2018-03-05 18:30:48,2018-03-07 18:32:59,2018-03-29 16:12:29,2018-03-23,69f2934ad8b50cc05587a94cc7d68fc9,2018-03-05
67d5ce930730430a0260f62e7c291eba,b0c20452deec54b06c12b989536295d5,delivered,2018-05-02 16:19:48,2018-05-02 17:31:54,2018-05-03 16:19:00,2018-05-05 17:56:31,2018-05-14,a80a62e34918bede10b7db4c44339cba,2018-05-02
f9a8f148429cc3e0ebfc426bf5f7299e,f6a4f5fd1f3e76fb341c7558b76938fd,delivered,2017-03-01 19:32:22,2017-03-02 04:02:31,2017-03-02 16:10:25,2017-03-06 08:58:40,2017-03-23,f3c1362badd3a3912699f9b8461e20cd,2017-03-01
29500b5b74f1cd86014af29b2e319e9b,71277afecb5c7487d4c7f39f6697b7a8,delivered,2018-07-19 14:25:01,2018-07-19 14:35:20,2018-07-23 15:35:00,2018-07-26 22:37:39,2018-08-10,7f2f31754009560fbc58a01c26abb5a7,2018-07-19
b28f406dacca37ff27d85f7982344d2f,746d22dfbb196e81c8703ddee866aa5d,delivered,2017-12-01 14:32:31,2017-12-02 02:51:10,2017-12-06 11:47:07,2017-12-11 16:37:48,2017-12-28,917aaf420bc9836da7af3ea67743c3b2,2017-12-01
44189362b3e194ad2769caf5cb94b8d8,7739c89f22e6943f141bdc83fa9940c1,delivered,2017-08-31 08:02:55,2017-08-31 08:15:14,2017-09-01 23:53:38,2017-09-13 21:27:40,2017-09-22,4fbfb381b20a1ce72ed57f3c49895954,2017-08-31
2edc2a8fcbfceea30b10f1a27c5e4b10,9241bfb421181890a101d73b8c6b95f4,delivered,2017-03-21 21:14:13,2017-03-21 21:14:13,2017-03-22 06:35:07,2017-03-27 17:44:50,2017-04-07,3ca6405c95cbb86f2d01dfa86d5ae5b9,2017-03-21
5d2a19878dfb41966381b1cef483a3c5,34bc89a692e14cd3b74e4ec7f5e78a1e,delivered,2018-05-17 14:08:35,2018-05-18 00:14:50,2018-05-18 13:20:00,2018-06-04 18:34:33,2018-06-13,3ac7a309b670de83219c488edd4faa72,2018-05-17
478427fc9787c3fe1edf66c81e466623,d44661372e501386cce8554861971115,delivered,2017-06-17 21:09:49,2017-06-17 21:23:20,2017-06-19 16:04:59,2017-06-21 16:47:49,2017-07-11,5ad96d7a95788923e8ff455366a90015,2017-06-17
cde7b4e633f0dd24536cab563a33ccb9,b05df7fc4b04012e503b4950aa27a8d2,delivered,2017-09-02 23:23:01,2017-09-02 23:35:11,2017-09-04 20:00:01,2017-09-14 20:53:31,2017-09-27,b82d8e3a84e9978cb633bd9771a5165b,2017-09-02
a9f2b777e3bef22265789c831c1bec2e,dc75c9ef71e6cbda48cbe416729b79ba,delivered,2018-04-16 10:50:38,2018-04-16 11:11:27,2018-04-17 14:41:46,2018-04-19 22:56:43,2018-05-03,3c5e1130694632f44051b23fd86ad9e2,2018-04-16
f57b72afcc4b452e33507898aa140ff5,a8a66bbda1336f0cb78c99853cac7b4c,delivered,2018-06-26 13:38:55,2018-06-26 13:56:23,2018-06-28 15:50:00,2018-07-09 13:16:36,2018-07-17,afad0f2ff6db48eaf48e85d9eff34373,2018-06-26
d26d1c1cd0e2f03cb9540e440ae7a36d,6ca8512df510cd81c156464b01dcd23d,delivered,2018-05-31 12:37:29,2018-05-31 12:54:30,2018-06-01 13:51:00,2018-06-11 22:17:24,2018-07-12,eea6e5f01ce486fd7727e0611cdbaacd,2018-05-31
9a194607b0125b5c6c0e01a53843080f,325d0a903a3eb65f0b0c2bb61fd4a6ec,delivered,2018-01-16 17:02:33,2018-01-16 17:14:29,2018-01-17 17:12:40,2018-02-16 12:53:21,2018-03-09,1e81587ab2633b7b134efc91983f01bb,2018-01-16
3c5b8e9f31061a7aeb8531216a18606d,d812ff486ec5070d45ce3abff665d5df,delivered,2017-12-29 07:06:24,2017-12-29 07:15:22,2017-12-29 17:22:40,2018-01-05 23:19:55,2018-01-24,f0f4fb215b9f40de47a8e6d679466d6f,2017-12-29
1fd1b3c4396fe3d19067623fca845f03,457aa02da26931909b20f4f92fe67229,delivered,2018-04-17 12:05:48,2018-04-17 12:30:16,2018-04-18 14:08:41,2018-04-19 23:07:40,2018-04-27,41c9b35f67c54295f3dc8f3932596421,2018-04-17
4b8267d1f715adb8eb69ac677662c100,4004f17e88f450a6adcec6013038295a,delivered,2018-05-04 15:02:52,2018-05-05 02:35:15,2018-05-10 15:34:00,2018-05-17 17:31:29,2018-05-29,885bde6cd101f111ebd417241a95230a,2018-05-04
bb031ba8af937e390196eec424b41798,de18e1bd5388e711196e1b8a9ddcb5a3,delivered,2017-12-24 13:03:17,2017-12-24 13:12:43,2017-12-27 19:14:01,2018-01-05 15:49:09,2018-01-23,d7182df3c069ee2311965ac9f8375e28,2017-12-24
5b664e80ddc573f779bc4b33c7a457ea,3a2d68eee79fec2603b564e1e0253c75,delivered,2018-04-17 15:43:38,2018-04-17 16:30:24,2018-04-23 23:25:27,2018-04-30 20:38:34,2018-04-30,0d5d0284aba97b5fa9154c49ad861871,2018-04-17
8624d8f9a994ef3cd1792ffe142b412d,b9e6ea4da5b6cd063dd46df2627bcd99,delivered,2017-12-03 19:21:34,2017-12-03 19:33:53,2017-12-06 15:19:30,2017-12-12 18:04:28,2017-12-20,d1360c2c706f607745a54d1631fd23a6,2017-12-03
63114fe7881be901a26ef97cbd3b47a8,a83fe906cf12e5dc24b6106577d27b64,delivered,2018-07-09 10:56:32,2018-07-09 11:05:45,2018-07-10 15:06:00,2018-07-12 00:20:24,2018-07-18,306604a290dba7c17d47b4fe32db82c2,2018-07-09
3b39d2ddd9066f382c924cc2c51dc584,f1e46939e6408b3e6fd46579a37c88b4,delivered,2017-06-01 14:58:11,2017-06-01 15:15:19,2017-06-02 14:39:27,2017-06-13 12:24:23,2017-06-26,81823f8c0aac243529e583ef9eee3676,2017-06-01
9dc439a9d732ca991174a53f114c3cde,6660b4dcb6bc876c71cb3f2d8de060dc,delivered,2017-12-04 11:10:27,2017-12-06 02:50:37,2017-12-11 21:19:21,2017-12-12 19:42:07,2017-12-20,cc2718d6c52b045bab3ffe9da86de1b4,2017-12-04
7e41633529000f80967da24083bb6c1c,451ac26d4d2da6b319318c13aac25937,delivered,2018-07-26 20:37:12,2018-07-26 21:10:17,2018-07-27 12:06:00,2018-08-02 20:59:41,2018-08-17,3deefd795808c47f79519d9461a5cbe4,2018-07-26
06d8cb692ed19b092adaaf5337d01a39,485d59ed46bda4a60ac9ab15c32ec63c,delivered,2018-08-03 10:50:18,2018-08-03 11:04:11,2018-08-07 15:22:00,2018-08-10 17:24:34,2018-08-16,ff2521c4012e1a212bbd12c9ed5acc48,2018-08-03
ef2b686edd39d4c6b594040d43489f56,b42fde337b8064a69eb4c1d0e6d43fdc,delivered,2018-01-05 11:53:02,2018-01-05 12:08:16,2018-01-05 21:26:30,2018-01-09 14:47:08,2018-01-23,2e8451f99c0515636908ff1f6ba45449,2018-01-05
a3935e4485cd7848426b3c0761728345,131bcf801cb9c02140783e20153249f9,delivered,2018-06-24 22:14:32,2018-06-24 22:38:21,2018-06-26 15:16:00,2018-06-28 17:22:09,2018-07-19,68493c02b683379ffe0c1cca19af6889,2018-06-24
8553cd91f67faa93fd2aa45148bcc3c8,f882aaf28af48842b1ca318f520f443c,delivered,2017-06-03 10:47:56,2017-06-03 11:02:59,2017-06-06 17:45:22,2017-06-12 15:22:27,2017-06-26,622ad62f1ec148052d38f7b1cf3245dd,2017-06-03
c3d7d16efecadd7d1ef3ffb285dd8657,966e44ef089263460cc572f28187ee86,delivered,2017-03-16 09:47:59,2017-03-16 09:47:59,2017-03-17 09:15:46,2017-03-22 11:52:18,2017-04-06,c86e98383a3c4a953e5b1a92106c072a,2017-03-16
65176291fad85f25b92153f7172abbc5,f3bb4ca2244dc44f761b7becf03acebb,delivered,2018-04-25 08:21:31,2018-04-25 08:31:08,2018-04-25 14:43:00,2018-04-27 19:52:32,2018-05-08,de038e601db2bbdb12a1ab691a58f7e2,2018-04-25
6127a28915c32d0c35b55f6ccc3f0c36,20e082bd38bebfc9f174eb2f74b6cd41,delivered,2018-05-14 15:53:14,2018-05-14 16:13:49,2018-05-15 15:31:00,2018-05-17 14:51:21,2018-05-25,d9a46e8ca222c7571667818ee42979e9,2018-05-14
e97d413be381af1c85a368973f38ad0a,ec3fef6f122ec7da38cc0f0ad81013ee,delivered,2017-04-09 15:50:04,2017-04-09 16:01:57,2017-04-10 11:40:03,2017-04-17 11:52:53,2017-05-15,98104cabacc1799825ebdd3932df84d3,2017-04-09
001c85b5f68d2be0cb0797afc9e8ce9a,48ed31e735f1c420ed6ca3637b7c744d,delivered,2017-11-24 19:19:18,2017-11-24 22:38:47,2017-11-27 12:42:15,2017-12-22 18:37:40,2017-12-14,55a269f324455e78349e7b9b7e7e5911,2017-11-24
1c2bcfd34cbb64f130a03aeb7c0d6c75,dc20dd848e86e03be23cc9883378cd65,delivered,2018-06-02 11:53:45,2018-06-02 12:15:13,2018-06-22 15:52:00,2018-06-26 16:21:19,2018-07-17,ae16e6eb8860cb4603641fa754f4c96d,2018-06-02
02ea547b6d2ee25305588fd50df58b46,ff4545a3148f5a22667f301e00cb5ad7,shipped,2017-03-23 22:03:43,2017-03-23 22:10:24,2017-03-28 11:43:01,,2017-04-18,70a2aece5345a514bf960b01975aaa60,2017-03-23
1a9f85c859f73034acc85057b4899a8e,f34e32b8604090d1c2a7f3b04c834807,delivered,2017-07-06 17:11:14,2017-07-06 17:25:21,2017-07-07 18:12:02,2017-07-31 22:42:33,2017-08-10,785a8a410d6fc9661d66f7218a87229d,2017-07-06
684f63e89a82f437747c1cd45a099f4d,dbbb8e776de0b4704d10f043c30dbaa9,delivered,2018-06-14 15:46:27,2018-06-14 16:00:09,2018-07-03 14:02:00,2018-07-09 19:27:36,2018-07-26,94e3e2f4ff1bd3ba83d94f830df75ab4,2018-06-14
9db0b5f3481614484592866ec7c902f3,574bc1bc07d89145ec04fd7a5eca5c3e,delivered,2017-05-23 10:24:45,2017-05-24 02:50:20,2017-05-24 10:34:19,2017-05-31 09:42:08,2017-06-20,4b79e4b6db0bcfb76c85b5d88649fa45,2017-05-23
008fab5602c441d51f30b1464f5d4643,337e39b83fac394e62eb7876f45ee981,delivered,2017-02-22 10:37:41,2017-02-22 10:50:13,2017-02-22 14:03:10,2017-03-03 12:43:46,2017-03-23,7e2a8ae1e36400f3da3f99af72023648,2017-02-22
a472cc850b21b27f04a2b80546d3910e,eafcc7bf051b9d56a2b9e428a43b6ce6,delivered,2017-12-06 17:39:09,2017-12-06 17:52:56,2017-12-07 17:27:49,2017-12-11 23:10:00,2018-01-03,e49731877dfcf625e614019ac6b82de8,2017-12-06
059c0bd12954b4e72327c0ff67d9f2e8,c1f4176c8405099a08d876c2794e1958,delivered,2018-05-01 21:53:28,2018-05-01 22:16:29,2018-05-03 16:31:00,2018-05-10 18:18:32,2018-05-23,d106c6af3ba4ed2f44fcc82be618dd80,2018-05-01
84960d31af78367051a7134bf7b64f29,1b97c2f2eebe3e5c80a2a7a07bb6749a,delivered,2018-07-12 22:09:55,2018-07-12 22:25:12,2018-07-31 14:10:00,2018-08-08 18:31:21,2018-08-02,d904c56be9c7af2a9dd76af103699f83,2018-07-12
432be65264b4055058984c2078e5d487,1e218eee4b25d4e7943183d601ad81c0,delivered,2018-04-06 20:46:51,2018-04-06 21:08:45,2018-04-09 20:41:43,2018-04-10 21:55:39,2018-04-23,70c8e7826c40ea4a5824b23c80e71aa0,2018-04-06
de72d70497698d2416dc47712bbc7678,c360961ef98b0d4b28357b7fd0387673,delivered,2018-02-13 09:15:52,2018-02-13 09:27:21,2018-02-14 23:58:44,2018-02-22 01:46:56,2018-03-12,86856cc8c9e2e86be64b9d4c905777c4,2018-02-13
8bbc0e9b5ac010d6a9b8d76570cd20c4,269ebe5042123ff1dfbfc95d52eae825,delivered,2018-02-11 19:10:14,2018-02-11 19:28:07,2018-02-21 10:18:45,2018-03-06 23:44:56,2018-03-16,c818ec5c41404938a0bec244f3f81cbf,2018-02-11
650fcf3e2908208ae23c6c93706c50d3,7199038790946ae4e75b8efc080f9dd2,delivered,2017-05-07 16:47:29,2017-05-07 17:01:50,2017-05-08 15:41:08,2017-05-12 11:57:59,2017-06-02,feb2a9889d236875c3510880bf9576f3,2017-05-07
643efaf4eddc8f0b4f71b1674c882fa4,d7d536ccde7b524ac5a42e24b000d982,delivered,2018-07-02 21:45:21,2018-07-05 16:27:02,2018-07-04 14:55:00,2018-07-09 19:48:46,2018-07-25,205fea0ca71690b632ed095aaf2ad12e,2018-07-02
a1244e1c9ad5fe2e15f97c9136ef70ab,2fd83e62488be87241b90a6e474eec0e,delivered,2017-11-25 03:10:32,2017-11-28 03:33:07,2017-11-28 23:22:50,2017-12-02 12:43:18,2017-12-11,6a43f6511976bd65d1080f1b647689f2,2017-11-25
06d68cf3fe78e8d27c1047fe0346abc4,3e089f738aef695bac3734a9bce1ed20,delivered,2017-07-19 14:48:00,2017-07-20 02:23:59,2017-07-21 21:51:38,2017-07-25 00:49:46,2017-08-04,4c9d7a522155c04c8a1ef4c76ea68998,2017-07-19
a49c33d90902b75249013813637fbf1c,e76048064c31c156e15c4a07c48a3b1c,delivered,2018-01-14 17:59:52,2018-01-14 18:11:24,2018-01-27 01:33:47,2018-02-06 23:47:54,2018-02-21,54dfac2adf924cfba07091efb3d1b5ee,2018-01-14
c9cdd7f64546202e53576e2997f112f4,8229657fd11afc46e7e8c6be1636c80c,delivered,2018-05-19 14:06:06,2018-05-19 14:31:16,2018-05-21 10:30:00,2018-05-24 22:05:17,2018-06-06,6ac52814155aa5b8da64bb30a14c6b3b,2018-05-19
8adb87b0bb81da96d28e6cfaa033a40d,b5672da69f806d8bc4eea831365f07da,delivered,2017-11-24 09:38:22,2017-11-24 10:56:54,2017-11-28 20:18:09,2017-12-12 18:41:55,2017-12-14,9e651745bfd1fd007bed5a7053561a82,2017-11-24
aea67f89b3841f780d8eed0beabd3398,09b469184e00373f074c799968de0aad,delivered,2018-07-05 21:41:51,2018-07-05 21:55:14,2018-07-06 11:25:00,2018-07-10 16:28:42,2018-07-19,5efea094993d7cad5dcf720125dbf199,2018-07-05
b84c178bc4308555f74ed9cdf3a38193,22a1be4f281a33941e88bc790cfb60a6,delivered,2018-01-25 11:03:37,2018-01-25 11:12:33,2018-01-29 19:24:48,2018-02-07 18:36:54,2018-02-22,51601e58354758c975c5e878a11b4352,2018-01-25
607911c4ac62f9038b4ec434673e486e,7cec2ad3ecf1b10ce543161225a13a97,delivered,2018-08-06 16:41:44,2018-08-06 16:50:26,2018-08-08 11:09:00,2018-08-13 17:57:42,2018-08-22,14cf3e40a2b5076d2d0384a7e68ca06f,2018-08-06
db93355c53b6e6a6119012d4880abd94,c38fa4fd1dcd99e0341c633c7b4732f6,delivered,2017-08-25 16:39:36,2017-08-25 16:55:14,2017-08-28 20:05:51,2017-09-04 18:10:05,2017-09-19,2dfcf246b58dae24a063c8e0cc3cf309,2017-08-25
ac21545a31cc2f10904bcc68254c1d11,ef679ddb34f8f011599d10e88c859117,delivered,2018-03-16 18:06:44,2018-03-20 03:08:29,2018-03-20 22:17:32,2018-04-06 20:02:18,2018-04-25,48a91a904cbb4f4f4de08f6c74f39407,2018-03-16
62076e9aa47cedb799ddc84812264c9e,37e066fcd483b5b73efc8eb2166c91e2,shipped,2018-06-09 19:28:03,2018-06-09 19:50:51,2018-06-11 13:50:00,,2018-07-04,1a48d9b6db20bdb9846b71eaa2bee03b,2018-06-09
4438691d291f7a436db5665e8d010ac9,294ee4cd4c0812c45ee3a69208051364,delivered,2017-07-16 22:46:54,2017-07-18 05:55:37,2017-07-18 21:21:56,2017-08-10 19:08:25,2017-08-08,95160caf14611a705759de6bf13555b6,2017-07-16
4d0fce2314e3a88cb7371a111cf69f41,5d24376e325a79e62ed98de02d5eb029,delivered,2017-11-25 12:09:38,2017-11-28 03:32:18,2017-11-28 17:44:40,2017-12-04 15:22:32,2017-12-20,95f153d8bb0e8f8fe581b91d39c3aa4e,2017-11-25
3dcc4c9174a04ed82d42905c7dd139e7,9dd475c34f4cc88c45bec1dc40f33fa4,delivered,2017-07-20 17:31:12,2017-07-22 02:23:19,2017-07-25 20:49:39,2017-07-28 16:06:45,2017-08-18,e559037a41c00e67a8f44632d83e1475,2017-07-20
49267f83c9f436f1147915577fdeb110,9b7d3addaab8a9237c6d4c45b68e26c2,delivered,2017-10-26 09:08:54,2017-10-27 09:08:00,2017-10-27 17:43:36,2017-11-03 18:40:01,2017-11-21,def1a6fa7d1d41faf6c99ac517468170,2017-10-26
8883ff5e64a8932fe566679fb325988a,7f5c8f56535b9c3dae5d7edbbc03849f,delivered,2018-06-08 23:38:33,2018-06-08 23:53:25,2018-06-11 11:40:00,2018-06-25 23:18:42,2018-07-20,3cba4ab951d8cbc4e3d814ac1d7d6402,2018-06-08
e6fad28cb7f01e461467af959930ae8a,c57928c036644588414e864683ff1da2,delivered,2018-04-20 17:11:26,2018-04-24 18:45:48,2018-04-23 17:52:52,2018-05-06 16:46:43,2018-05-17,3ac85ec3c4d4071a896eb175c9c2e495,2018-04-20
683b82f268a3ba04ef24ce3490a12d44,a5f835421f74efb2806c5b07f51ceffe,delivered,2017-04-04 19:04:10,2017-04-04 19:15:13,2017-04-12 13:53:43,2017-05-09 09:58:07,2017-05-17,79538aee569d709ed810606a5eab6f72,2017-04-04
4347279deb067c6731c1c97237921d18,2ba3edf091e33c433e095b2f53716362,delivered,2017-05-25 11:32:14,2017-05-25 11:43:18,2017-05-25 14:40:17,2017-05-31 14:07:34,2017-06-19,25ceabcd8e79d50d5c4b252a250382ae,2017-05-25
5eca2113141f2c0e048b11bdcb7a0371,aa1fd99d3fa9ef872384623522665eb2,delivered,2018-01-07 15:20:44,2018-01-07 15:33:40,2018-01-08 16:27:41,2018-01-09 12:07:58,2018-01-24,369356185e190dbcc4ea472ef050dbbc,2018-01-07
7cd9ffeaee65a09e32ccf456b90784df,a956e20865cb062d7a3e7ae4c6ae756b,delivered,2017-08-21 15:54:53,2017-08-22 04:26:23,2017-08-23 18:35:04,2017-09-04 21:48:50,2017-09-19,4ba951eaaf83957d36fa3de46820754c,2017-08-21
44f656d7fbb37d161491617473307a59,ff6615c04179861ddbd77331eafbab7d,delivered,2017-09-01 14:26:24,2017-09-01 14:44:56,2017-09-04 22:07:58,2017-09-14 19:04:03,2017-09-26,319fb7408d85ca7902baa71df1dd7045,2017-09-01
7263a9488004df94487b7f970be3b91e,b7aba705e32253c6d5159e0155ba4fac,delivered,2018-06-10 15:35:52,2018-06-11 16:31:52,2018-06-13 16:10:00,2018-06-21 20:50:54,2018-07-05,7adb8d1197f85b403246c5c03fd3d221,2018-06-10
4969634a191db1f7ef36954434938327,c8612759068c7216331e5dfb73b47ba1,delivered,2018-08-01 21:22:16,2018-08-01 21:35:19,2018-08-03 15:03:00,2018-08-08 19:28:43,2018-08-06,6146f341573c3d49d52cb007c14796e2,2018-08-01
fd3a02bb749359b9e6a4126cd8a50822,78199b9683c01e0d764ece9abfba71af,delivered,2018-07-01 17:43:58,2018-07-01 17:55:14,2018-07-06 06:31:00,2018-07-13 21:41:28,2018-08-01,0506e79c51716904929e3f50a05d38c3,2018-07-01
d9107994bd1bf31404591bce06a547f8,c396c33a13de8470ca7f0fbff9ac4e9b,delivered,2018-01-03 17:27:00,2018-01-05 02:34:52,2018-02-03 04:05:02,2018-02-14 21:22:12,2018-03-19,1e8ae2128137cd86fb6cc9d0445fcf7c,2018-01-03
8220b318fccce9e7dfd00d9894b95189,c34beddc345e97b15bb556100207a176,delivered,2018-05-23 14:51:24,2018-05-25 02:55:01,2018-05-25 07:17:00,2018-06-01 15:42:46,2018-06-18,30ddfb9397deaa2700181ca7fab1260b,2018-05-23
09f58c00f941827ab206de7796785e44,7c94da97db6fe83e123f80baab533a97,delivered,2017-01-05 16:05:07,2017-01-07 03:35:34,2017-01-11 15:47:40,2017-01-16 15:43:31,2017-02-13,aa811dd4c5b1ca28de6db905ec51ad5e,2017-01-05
557eb42ce0b29c86666b04ec9496ea59,6ce1bb886e1ce1d5f054974fe397be89,delivered,2017-10-23 19:51:02,2017-10-23 20:14:18,2017-10-25 17:03:29,2017-11-07 11:47:36,2017-11-16,365d66c606b6e733626ce65064911238,2017-10-23
caac6605538949c162e1301b3280177e,caad4f2b2df5e13bcdb532c72e4b96eb,delivered,2017-11-07 00:13:07,2017-11-08 03:26:55,2017-11-08 23:46:52,2017-11-14 16:36:49,2017-12-01,c50984e329b68d48f871999e8b9a6db7,2017-11-07
af2565178281d646f828c50111e00308,4c7f4eb90b99e99875f73b829f63f892,delivered,2018-04-30 20:42:07,2018-05-01 03:15:31,2018-05-02 15:25:00,2018-05-09 19:04:56,2018-06-13,41ae3e6c714d29506b9b6c747b0c97ce,2018-04-30
b952acf9c1be50807866780fb3ed2119,c15953d614c7911f1b48dead736aaf20,delivered,2018-01-29 00:32:29,2018-01-29 00:49:03,2018-01-29 18:28:25,2018-02-05 22:32:42,2018-03-01,811eb213107b867d8040702972f180fb,2018-01-29
13293961429976917597dafca90e49d3,522799207582d92450a129cb6e516b4f,delivered,2017-07-08 16:35:21,2017-07-11 04:15:23,2017-07-11 21:14:35,2017-07-14 16:38:05,2017-07-25,f733f4254cce4a375a82258c272d1549,2017-07-08
842fbaff9da558be5528caf78d1e0969,25d3e06c60d2d27035aaf892f9a48764,delivered,2017-08-31 20:46:59,2017-08-31 21:05:06,2017-09-01 18:51:26,2017-09-05 20:32:48,2017-09-19,55689f96a555bccd0dc2d1786f2b833f,2017-08-31
336f7fe8abc3af0bf30d0cf7204ec20f,f23d6ec4c1e7f186e9a82c6014d39533,delivered,2017-06-28 12:39:28,2017-06-28 12:55:12,2017-07-04 14:55:55,2017-07-05 17:13:29,2017-07-11,fb819201cf760172ecaca73892bc8603,2017-06-28
46b7b64f475329c65fb18b99c7fb373b,80a4e774050223dd467a7d514862b986,delivered,2017-12-12 22:27:31,2017-12-12 22:35:43,2017-12-15 15:12:52,2017-12-26 14:23:24,2018-01-10,0fa4a064989236797d08591a95b05311,2017-12-12
8b5058499c412c6cf8d013de40e4f9d2,3c4e8510fe74acda6c7b8fe81e34b46a,delivered,2018-05-03 21:35:33,2018-05-03 21:50:56,2018-05-04 13:16:00,2018-05-09 16:12:58,2018-05-24,4d62a023211df06c5649d5bb1bf699e0,2018-05-03
1aeb7ca35ec250ef46f2f67684461abf,d9b1bc463eeff85045d60287c7aa40ec,delivered,2017-11-16 19:01:12,2017-11-16 19:16:14,2017-11-21 23:07:47,2017-11-23 22:32:33,2017-11-29,dc5167d9e627d3d027404e50bf25089a,2017-11-16
333c80174d4ab24df54210511f4ecbd0,782a99fb3433351a685f44522050331d,delivered,2017-03-11 17:51:25,2017-03-11 17:51:25,2017-03-15 17:41:59,2017-03-23 13:52:55,2017-04-06,c1b7893ed0fb6777c4c10e5a20f11df3,2017-03-11
2c203f4297ffa221e33a90171c24249d,be188afbecaf3cabfe042bf53dfa2e19,delivered,2018-02-02 09:16:20,2018-02-02 09:35:36,2018-02-06 01:14:04,2018-02-07 21:41:16,2018-02-20,56e3a984ef5040797608df8afcba3d75,2018-02-02
af392de2586db1645a4044ef1e84c47a,7f4f922b7b111237fc0e33a6533773df,delivered,2018-02-25 21:32:20,2018-02-25 21:48:06,2018-03-01 01:25:04,2018-03-18 16:16:57,2018-03-16,6ae6f0cf986be1adaf148eca6ab1dd53,2018-02-25
3e1c06f2560af40104080f8790989a33,c90f9a78f24a713d1c39c3902a3c43ab,delivered,2018-05-09 19:41:34,2018-05-09 19:55:27,2018-05-11 07:12:00,2018-05-18 22:16:56,2018-05-29,ed2d367a770fb3218c2b37cd4dc26381,2018-05-09
b8f4980c2ec178504101b730e4e49918,e1b7d36c6112647b0f4e0c3bd46085bd,delivered,2018-07-07 20:04:55,2018-07-07 20:25:46,2018-07-09 11:49:00,2018-07-13 19:24:46,2018-08-07,0ce90ebb62619ade569740d7d7e7d623,2018-07-07
d9f8272ce07f87bd2168f47bd2010235,1897fca9c10a760bb3b2b1780e6f76fd,delivered,2017-04-19 14:30:31,2017-04-21 05:22:07,2017-04-22 09:17:49,2017-05-02 14:08:58,2017-05-11,18cd06f52874ea5e5eeb41133113f761,2017-04-19
cf2012c5bb2a858db95ead15c5f1595b,a9ab6416a9e21ccb7540e9e5d10f02ea,delivered,2017-07-18 07:10:37,2017-07-18 07:23:06,2017-07-19 16:35:39,2017-07-24 18:22:42,2017-08-08,7d158f949f1660ed53bbd1a670a9eab4,2017-07-18
5cc7fd28e4d0a13f20f305037d7234fb,43cd53f27b1d6116fd34916977e07c48,delivered,2017-11-17 23:43:34,2017-11-17 23:55:17,2017-11-22 19:53:46,2017-11-28 21:32:44,2017-12-08,c4cf9b10d2668bfabb498d93004ab4a0,2017-11-17
748db62700c925a0db2c4b00ee25849c,d065739818d474d19dfdb51d54c0a1e9,delivered,2018-08-25 11:24:40,2018-08-25 11:35:18,2018-08-27 14:41:00,2018-08-30 14:08:32,2018-09-05,b0df0c28ffa58ea9035f06f993bc717a,2018-08-25
8040ee89b88d6ea587b51b55dbfb4dc5,a577945519cf174d409718b07514767b,delivered,2017-08-05 09:52:20,2017-08-05 10:05:25,2017-08-07 19:34:58,2017-08-14 20:17:24,2017-08-29,1ab6f51cbc59e795693aec988cc2906d,2017-08-05
a8afd0d68136bf98efa8ecc64a0df6c1,68d0607923d24c0b52ea252e3c77cd19,delivered,2017-12-08 12:22:58,2017-12-12 10:59:28,2017-12-13 20:03:44,2018-01-03 17:19:19,2018-01-05,aae57739c16a460e0fbde4243ab139d3,2017-12-08
e74f16cd18d4e5b3dfbcc81e880430d9,614e410701e4458d2fb475053d7a9b05,delivered,2017-11-24 00:43:01,2017-11-24 01:11:13,2017-11-24 20:18:30,2018-01-18 00:28:54,2017-12-19,989678100dbad0f75fedaa8719e17009,2017-11-24
097b96a18f0058373d0f5e3041a27f0a,439fd4a92dca4ea45485bd99e028004b,delivered,2017-08-17 08:36:15,2017-08-19 02:30:16,2017-08-21 15:33:03,2017-09-08 16:19:00,2017-09-28,ceaa8332aa14a606de44c05a1271e6d2,2017-08-17
e77577d115ded33e62a5874c383452a4,7211cd276bf9045bec243d11221337ba,delivered,2017-07-28 21:11:08,2017-07-28 21:25:22,2017-08-01 20:47:36,2017-08-07 20:09:49,2017-08-17,d94e47730dff69f9f015ba5140eba246,2017-07-28
d225bda2584ada7ef0895192338c3dd4,9cfa9387ffa7afa5e0d245b13ada9721,delivered,2017-03-16 14:06:02,2017-03-16 14:06:02,2017-03-24 12:45:26,2017-03-30 16:22:40,2017-04-11,afb9a07380963f172c8a956bef0fd28c,2017-03-16
12a545f53715575246beec2da90d6de4,95a8be8f74e6b7f3e06ef03ff885dd58,delivered,2017-12-21 17:45:50,2017-12-21 17:55:22,2017-12-26 21:08:42,2018-01-09 19:11:54,2018-01-22,0c408490d833fcce64944726a4cf9d8c,2017-12-21
7da78752e9ddd817f22933c2763db33c,cf23b7f0eb89c7d7d05dfcd8671ade01,delivered,2017-12-04 16:54:08,2017-12-05 18:53:23,2017-12-07 13:43:35,2017-12-20 19:33:17,2018-01-02,309a2dd508063b66704ebdd088d35586,2017-12-04
416bffd2b6f30043b4c631f9109782f3,fe543dcaf0106197870ae1c21d36076e,delivered,2018-02-20 06:39:52,2018-02-21 00:07:40,2018-02-27 17:22:19,2018-03-10 00:54:34,2018-03-21,ebd29227edeb5b2661cc8dbeeaeacf60,2018-02-20
cc1fe613e2c3dce712d71a852ee6726f,ac9c7c7db86f7b99d3cf8e7e1d025fd9,delivered,2017-05-22 15:12:29,2017-05-23 15:23:06,2017-05-24 09:10:59,2017-05-29 09:46:35,2017-06-13,3c1cede1be4ddd48d683880f48cb8754,2017-05-22
d2ae2653b9dbc7b50f11bf3e4001ec8e,647eb903d7836d450ec6bcc175838567,delivered,2018-05-02 18:19:06,2018-05-02 18:58:11,2018-05-03 13:46:00,2018-05-14 17:58:43,2018-05-17,158172279ca3f33e15b8412116151ded,2018-05-02
1e1fb779dc3ea5b2ece7892f4b1824cc,bfdc91ba39894bf8935c66e17060382d,delivered,2017-11-03 21:54:45,2017-11-07 07:30:50,2017-11-07 18:38:38,2017-11-14 19:44:55,2017-11-16,611009570f605781020550bff8c0d7a5,2017-11-03
3fdc7dae10900f3b484cae506870d823,1795dd79b24240d8f56302e7bed359e3,delivered,2017-08-02 14:17:13,2017-08-02 16:15:20,2017-08-07 14:49:33,2017-08-21 13:00:00,2017-08-30,9db9c8afd749185bdf80b8875b526ac7,2017-08-02
691688405bcee3ff9023639514498962,6a3103e7538f6e4a02eeda6eab7c4bfa,delivered,2018-08-08 19:54:44,2018-08-08 20:05:16,2018-08-14 15:00:00,2018-08-20 20:48:49,2018-09-06,6608c37202accfe3cda3fca4c8a16062,2018-08-08
86c0dd8bf457a10687920d54ee6fb12e,872f45bf74c4adcd409346897aadbba8,delivered,2017-05-19 15:20:58,2017-05-19 15:30:12,2017-05-20 10:15:04,2017-05-30 15:57:45,2017-06-12,acc6272ca5228177e324bd704e24488f,2017-05-19
0b7260709eb6a2884329b5ec9ef2b2a6,90dd38dda93bdc6dcbda8bfe0bb597ee,delivered,2018-05-01 18:42:40,2018-05-01 18:55:10,2018-05-02 12:30:00,2018-05-03 18:06:49,2018-05-10,ec0d14f6ecca05089a0a9e0440d3d8de,2018-05-01
624ffe16156e4aac5b9ec7ac27ed23c6,dd330df40b83abc9645d38fe5e56ac85,delivered,2018-03-03 09:33:15,2018-03-04 09:30:25,2018-03-05 19:58:48,2018-03-12 14:46:49,2018-03-26,833921e810f165ecd4d84c15c656bd98,2018-03-03
78dcdc9169e9c5bbd378416cecc317be,ab917a0785e95a9303211b341f6e0d6d,delivered,2018-08-12 14:02:54,2018-08-12 14:15:15,2018-08-13 11:04:00,2018-08-29 20:42:28,2018-09-19,22922c14a63a020f04ee428cf5f2e995,2018-08-12
c34fe20a21a65490fa6b815f0435059a,3f6e3d2c09293a6c18ab56b275c73477,delivered,2018-05-04 08:47:06,2018-05-05 02:30:26,2018-05-07 20:24:00,2018-05-10 01:21:50,2018-06-04,9edaed9eaaeea0e318664dbff81e2cb3,2018-05-04
fbbaa04b3e0910f8ae8711ff03a32fa7,76f9829923ebe9161af4f54f050885f0,delivered,2017-07-11 16:48:05,2017-07-12 02:15:20,2017-07-13 19:32:52,2017-07-14 14:57:57,2017-07-25,4032ffc3b3b744f6c292d862cea3fca2,2017-07-11
813a1597ee0470b32160904f9f454ab6,7192fde393370533066e4d30403b3562,delivered,2018-02-06 13:32:59,2018-02-07 03:10:17,2018-02-09 22:43:08,2018-02-19 14:18:12,2018-03-02,f23f0d559d56c42d76ada36eeb3abeb7,2018-02-06
7838ed6306a99eba3bb421c33864ccb5,8ad7dfee8e31e2a61e3e4a3053e1104f,delivered,2017-12-19 10:55:08,2017-12-19 11:13:28,2017-12-21 20:47:04,2017-12-28 18:17:46,2018-01-18,a25d8eacf021a69ae692e8546a4ef677,2017-12-19
ddcb9f924091ed9cc49b9c78d37d48b6,c7093c34ad7da76feb1fb87e5f6b366b,delivered,2017-04-17 14:48:17,2017-04-17 15:05:08,2017-04-18 11:03:22,2017-05-02 14:35:20,2017-05-16,1fc56d05a04891065dde262fbfec04b5,2017-04-17
d5a9c802f335dab69b88e69434d0dd43,8078795898cf354a167e8832f263774f,delivered,2018-03-08 11:38:27,2018-03-08 11:50:46,2018-03-09 22:58:46,2018-04-17 18:48:22,2018-04-02,932fdea469902e1012e36c4510356e66,2018-03-08
d1329f2d9a7c9c972b1ab5c6b7c8d3a5,cb4be9a063393bfe007a290302727b26,delivered,2018-01-03 22:16:10,2018-01-04 17:11:27,2018-01-09 22:28:11,2018-01-17 18:22:30,2018-02-05,f18e5b4c9e3a327346899fe26be08297,2018-01-03
d8b396712d55ccad35aa9a1391aa74a1,a30ef261434ed7152a26b65278af7f9c,delivered,2018-01-27 14:00:16,2018-01-27 14:12:51,2018-01-30 17:57:01,2018-03-05 22:14:26,2018-02-23,a7879b28606781a1488676b860e5b46a,2018-01-27
c9a41eaac7ef0fb40b81c58e3c7276c9,b14860a70ac3d824bfc0900870b702b0,delivered,2017-10-05 16:54:23,2017-10-07 02:24:51,2017-10-11 20:21:52,2017-10-20 20:32:06,2017-11-01,c1a91d288cfd407b330d51a237ccdfa7,2017-10-05
a5a13962daf17458e2139021d0ba97f3,93c07a27854a22f74c7ad4f943585bce,delivered,2018-06-08 16:11:43,2018-06-08 19:31:01,2018-06-11 14:02:00,2018-06-20 19:28:42,2018-07-17,a1037cdfc5b17d41ac68e20a1c4ec4fd,2018-06-08
fe1b32a1829b1ddd26415d31fbf85b78,d3fa2b41958a719ae19f1b4daeed98cb,delivered,2018-07-05 00:40:06,2018-07-05 16:35:38,2018-07-07 12:14:00,2018-07-11 15:48:23,2018-07-26,ed9d56556693e0497814d1ff8607179d,2018-07-05
81349623c14fed4e8943c5ad1f3ed4fe,75eb3be9eeb6a85cb18c76fc76b0cf80,delivered,2018-04-25 14:36:45,2018-04-25 14:51:45,2018-04-27 05:59:00,2018-05-19 16:52:48,2018-05-17,04ee75eab089ad700b67791cbba77f4a,2018-04-25
7895cea737e28a81b243a183523ddfff,ff86241814fe899c8cb8786b9196995e,delivered,2018-05-03 19:40:54,2018-05-03 19:55:09,2018-05-07 10:08:00,2018-05-08 22:12:38,2018-05-15,cf12d87c7d17d209394d676e3136d873,2018-05-03
6b9e63bef69dd3bfae0ca6dcea8deed6,45e0c1a21a9b5ef8ad7c4558011a8897,delivered,2018-07-17 17:38:01,2018-07-18 02:50:15,2018-07-18 14:15:00,2018-07-21 01:17:32,2018-07-31,1bb9912216b71d07521e925dfd0a70db,2018-07-17
bd76688da0406f5c377080cc43888b5e,6e7d0829bdbbcd61c6d863922f942daf,delivered,2017-06-27 15:34:03,2017-06-27 15:45:19,2017-06-28 13:35:40,2017-07-07 19:17:52,2017-07-19,b4875644308426fc74de2a855f10c0cf,2017-06-27
4cbe8de031dbae0b80286a23fdc1cf91,8667901bd6be984bb8c737a31bef4bbe,delivered,2018-01-10 22:23:24,2018-01-11 13:28:30,2018-01-15 17:22:40,2018-01-22 21:48:24,2018-02-02,b9616f4b96ce6bde1688eee752733c55,2018-01-10
cec27ecc8324e22e5721ce87471d4b31,5f46e687a5c82cb1eda593739430f16a,delivered,2018-08-16 10:28:23,2018-08-17 03:35:11,2018-08-17 12:10:00,2018-08-24 17:14:34,2018-09-06,fc4962d253f14e566f147fe9ab026575,2018-08-16
85953c01cb38fbb086291bd45ad6b18e,52dc0499c97e797e32c0ad648f5022ac,delivered,2017-10-03 12:53:56,2017-10-03 13:07:25,2017-10-04 15:51:32,2017-10-08 16:59:02,2017-10-19,89f3135f01d627ec02dd14cd9b9e7af3,2017-10-03
c6e85bb83d4a4831b79ccd25b2b98cd8,b12107d71983e8cefe72656d5202f754,delivered,2017-02-11 16:11:15,2017-02-11 16:22:48,2017-02-21 14:47:37,2017-02-24 09:33:21,2017-03-14,810e3ae74920002d70c093edc274de56,2017-02-11
ca8eaa7367f04ef547edaa942ad53386,c3b95aff4e8ce920cf04ddae0ad7b7af,delivered,2017-03-03 14:24:08,2017-03-03 14:35:08,2017-03-06 07:37:54,2017-03-13 14:38:04,2017-03-27,8ad7b8a0718ec3b848f73a9406b8cc7f,2017-03-03
7f6767778dfebc9eb3bb27b43584789a,3601d7ff340f497fa2bbe5a612e88844,delivered,2018-08-16 19:55:53,2018-08-16 20:10:23,2018-08-17 15:28:00,2018-08-22 13:56:40,2018-08-29,581641ee64988e2cb6569a5370073038,2018-08-16
304e7fc7db4a67a8ab0403ce4eb42ae0,03b59966dd366b58382e349fbaaa6231,delivered,2017-07-31 23:33:34,2017-08-01 00:30:11,2017-08-02 12:33:53,2017-08-03 19:32:58,2017-08-14,89b18d4332a8a52b9ead9a7cb82d1f70,2017-07-31
ebb7be9b346d08fc0d788e3b9e4bd02e,fa4cbecd3769852b295dd7f1072f860b,delivered,2017-07-27 09:24:18,2017-07-27 09:55:30,2017-07-28 20:07:34,2017-08-08 19:42:11,2017-08-28,11c544bcf003c0ba2817787a6e1fa69f,2017-07-27
4137fd6f4e14b76a3a0c9ad52bcd5e8e,68746de895faae694d07cc9dd9c78f7e,delivered,2017-12-15 13:09:39,2017-12-15 13:19:26,2017-12-18 16:07:19,2017-12-28 10:05:11,2018-01-11,94fdafcf69db6416119442dede9c2c87,2017-12-15
ad807dc9b0ee5724709ced19ab71525a,16833ba7e54ba221e63cac5d9c78509a,delivered,2017-06-21 09:02:30,2017-06-22 02:30:31,2017-06-22 16:12:08,2017-06-27 14:56:56,2017-07-12,a31bb581ee0192bd2e1976819384d4a5,2017-06-21
8d7b414446f4195d6aeb04abfcdfc86e,9a91c8c5ff3cbd56c19478dae95a412c,delivered,2018-03-25 20:34:15,2018-03-27 03:35:14,2018-03-28 22:36:37,2018-04-12 10:14:25,2018-04-19,c76e101f384a7ce4088ffd4ff805ef32,2018-03-25
9a6fd2478f561404120cecc289ea20a0,bfb1667cc8be7009f45c56b62f6009a6,delivered,2018-07-10 18:01:12,2018-07-10 20:30:50,2018-07-16 13:41:00,2018-07-20 20:06:28,2018-08-03,ca9b75064fda749aaf9d5a4f0339dc8d,2018-07-10
cc35448ebfa45049a22c185b46a7a46c,b88ae0903637e97b847d4dbf387ded51,delivered,2018-03-23 22:48:12,2018-03-23 23:08:27,2018-03-29 00:45:37,2018-03-29 17:21:43,2018-04-05,167d54cc2d1d8b157e9dcc360667d415,2018-03-23
ef45f5b9b9146357bf702bb363b16899,5d1ac35d928dd8d9f9d1418aba5f4579,delivered,2017-04-09 19:56:36,2017-04-09 20:05:42,2017-04-10 07:49:12,2017-04-17 15:46:12,2017-05-04,4b96021dd080de09f50154101eba1987,2017-04-09
c239944e346dc1fde937d68eaaf858ac,06c6202200ef99b1568c228c9e373abc,delivered,2017-05-23 11:54:23,2017-05-23 13:05:16,2017-05-23 15:25:13,2017-06-05 15:15:36,2017-06-27,bc495306b450cb8a30666dff4e362077,2017-05-23
6e93ed2e3c661536678cba89556cfc2e,1f13690f8784fa3cc097df70fc11827a,delivered,2017-04-22 09:37:55,2017-04-25 07:55:55,2017-05-02 15:14:24,2017-05-11 16:25:07,2017-05-17,803c79929e84a92a233e3a619b021e3f,2017-04-22
8929dd94b6e68f8d1c3258d5fe4700e7,451a995ba5dc2665a4524890b7962f91,delivered,2018-01-18 02:11:56,2018-01-18 02:30:36,2018-01-19 16:42:50,2018-01-30 19:19:01,2018-02-19,b6551acfa77dba27fb288e08dbe02f84,2018-01-18
7d923e68a94ad8d7a6f8e5041a147c17,46939ab7bca9dc469adc0c86acaa1082,delivered,2018-01-25 21:36:42,2018-01-25 21:51:36,2018-01-26 20:43:04,2018-01-29 15:48:57,2018-02-09,967d0981ea01782db4e75741ce4c9061,2018-01-25
778101005371670bde7d9138e9203140,a04277988beb05911a7c9bbc5592136e,delivered,2018-04-27 20:41:03,2018-04-27 20:55:31,2018-05-02 13:44:00,2018-05-03 18:32:14,2018-05-16,95ef05d23244420ca3b63723517bf60d,2018-04-27
fd7cce4167ef9737169204f0e7449b83,0eeb4f0372ef95b3a1ee7c278e2788c5,delivered,2017-11-19 13:57:09,2017-11-20 14:06:34,2017-11-21 20:17:01,2017-11-22 20:18:52,2017-12-01,215118d564888b05d0a93710f6717584,2017-11-19
323b3a9ecc47294402658286cce4f37f,27e09361aa7ba406bdabbee77fd5f4ee,delivered,2018-06-18 17:35:18,2018-06-18 18:02:46,2018-06-19 13:59:00,2018-06-25 21:04:09,2018-07-11,4bfb2458768dbee0e7e1e04164a58abe,2018-06-18
cb0bbf1c3c3c44727e7374c8ec944154,450a308ac9087c11e52bce959ef00335,delivered,2018-04-27 21:36:20,2018-04-28 02:35:15,2018-05-02 13:36:00,2018-05-08 17:35:30,2018-05-15,cd0c3f3f239b29e891740c9cfad8e4a4,2018-04-27
5a892744c3b95e66967667046d882541,b15488ccab328d7d8590c7a18f1390c9,delivered,2018-04-08 19:22:17,2018-04-08 19:30:46,2018-04-10 20:56:49,2018-04-13 22:41:46,2018-04-30,1dacb145d464fb9673c38b1a13670af5,2018-04-08
5accb23a030458bbfb5eb669903f05b7,e643215d64e8d8f969804bfdc98e50f1,delivered,2017-09-24 14:47:42,2017-09-25 14:51:46,2017-09-26 20:22:29,2017-10-09 20:03:57,2017-10-20,6e0d94e83bae00a64c12c9497158ee1c,2017-09-24
f161009fa560294248d76cf02ea7443f,c29b9637c3f255eb4b91e01a1f905f60,delivered,2017-09-20 16:58:40,2017-09-22 04:32:37,2017-09-25 13:02:34,2017-10-03 21:13:27,2017-10-18,6f84cddaa35e02a852f6c6435b384dd2,2017-09-20
3a69cf7fb9acd41b2781253402540b9b,766f1f01fc8ad721bd4c72207ed2fe08,delivered,2017-04-25 11:30:33,2017-04-25 11:45:10,2017-04-28 13:37:51,2017-05-08 13:39:03,2017-05-26,6522a1d436415b898aef068ba68e81fb,2017-04-25
1df82016cb6fab694280ee06f74c65ae,a3409055c739fa7940d866b617b4c55d,delivered,2017-09-28 23:06:14,2017-09-28 23:25:17,2017-09-29 15:28:08,2017-10-04 18:46:07,2017-10-20,0acf30b91a76fe44ccc15e1717dfb672,2017-09-28
1d85312d372335db21f7f178c2325c6c,9fa1306390b435305462a28f708c783b,delivered,2018-07-23 17:03:40,2018-07-23 17:25:36,2018-07-24 12:05:00,2018-07-26 19:14:27,2018-08-07,0be330030885cb5b0cd0fc84f90d4ad5,2018-07-23
4c217e3cc24f803307dea7d619377def,957d0f71c1ae9335c366d1db03ecf188,delivered,2018-08-13 18:03:59,2018-08-14 04:45:20,2018-08-14 12:55:00,2018-08-26 12:58:46,2018-09-25,a5fe57d105a5ce9b3a36196a69c61b6c,2018-08-13
8964e929ea610b2c2b98e3c4d1bb86d8,16fdfe3c4f948f802baee3f32d1f99fe,delivered,2017-02-12 13:12:39,2017-02-12 13:22:56,2017-02-13 12:28:50,2017-02-23 10:51:22,2017-03-14,beb6f9fd570947c43749a143f370ebe4,2017-02-12
b7579d24f5b2dd3e20f2e57d0e07d170,76cff9a9995b25f21d51697f49f87652,delivered,2017-04-21 17:49:46,2017-04-24 15:02:38,2017-04-27 12:31:44,2017-05-25 16:54:46,2017-05-11,8e0b3f06cbb3a040d8861e8e74627c33,2017-04-21
945cebd7f0d6886e7971663839507ec4,c69e9b9095b1491d57aed0483eb1b9e6,delivered,2017-12-06 13:07:22,2017-12-06 13:14:30,2017-12-07 18:09:14,2017-12-18 21:09:33,2017-12-29,5d4860175560b328f70a058bf6fa2278,2017-12-06
f222b3fc537088809c0a227ebac8c7ab,59cf4c327aa95805d5ad82925bdb430f,delivered,2017-08-26 15:49:30,2017-08-26 16:04:36,2017-08-28 15:35:13,2017-08-31 16:43:13,2017-09-14,c0a1c99e485ed6cd991db287741bbbcc,2017-08-26
74a243809fa8841223db188cbcc488ab,6d8642f4096c5670ea62758a8c921a7f,delivered,2018-01-10 11:22:49,2018-01-10 11:33:23,2018-01-15 16:24:06,2018-02-07 14:13:10,2018-02-21,21a5804a0e4279d2953a2f0067637905,2018-01-10
a69ddc335f989aa05576bc19f8b9a549,4b2c1822404badb9d24841b907cf9afe,delivered,2018-01-18 15:46:59,2018-01-20 09:09:49,2018-02-15 21:39:07,2018-04-18 15:41:50,2018-03-29,e16e2890763e32bbd7f79208fae81d86,2018-01-18
78a192ee84633d7c3a125c57c6e4d970,37ace61b03edce757da03dddbb3edac2,delivered,2017-10-22 17:28:43,2017-10-22 18:06:04,2017-10-24 18:52:52,2017-10-27 18:46:43,2017-11-09,e19911f2bddf9350e05754eb87c281c1,2017-10-22
c00d54903f6f9af108ff7b371a2999e6,0b07568bfcc48faa6a88e17970605a31,delivered,2018-05-07 21:51:53,2018-05-07 22:11:44,2018-05-08 12:02:00,2018-05-15 16:13:02,2018-06-05,fc99edf80f878dcc87ff154a08cef437,2018-05-07
c2fe713d93a9f489de49d6a79eb7f45c,196052c199e9dd6d68c99780c0a38e77,delivered,2018-04-24 01:39:06,2018-04-24 18:30:30,2018-04-24 22:42:03,2018-05-10 01:03:33,2018-05-16,cb506d0e00cdce49d92ae0ac17609b9b,2018-04-24
a5c81bfe0a74d9a415cff0ed027f468d,0e79189ae07ae153e49329776b5e9304,delivered,2017-05-30 20:44:31,2017-05-30 20:55:10,2017-05-31 11:43:56,2017-06-06 12:22:49,2017-06-26,166c27d3c5c75d1f987d4f6cf885ab78,2017-05-30
7d0c53f67b84e94a751d09f03fe58e99,72c990123f7cab26cd90a4e62025dd77,delivered,2018-08-02 20:27:51,2018-08-02 20:44:07,2018-08-06 14:24:00,2018-08-09 13:34:32,2018-08-30,c97c1b94aeb3e7b8bc8bff24ba20a3f0,2018-08-02
7cb67275a494651008ed5b1f0353ddce,84c705277cb95c7f347ada3ce5f1bbd9,delivered,2018-06-30 12:14:21,2018-07-05 16:27:53,2018-07-03 10:18:00,2018-07-11 14:52:43,2018-08-01,b3e3ec0845892505e3d124a978cebf10,2018-06-30
6c5727658a49990433c383e058dd39e4,f7ecb130fa478f9f5bee1b9a55293db4,delivered,2017-05-19 22:46:23,2017-05-19 23:03:00,2017-05-26 11:15:24,2017-05-29 14:37:56,2017-06-01,c6b99a3f607831e0efa54fd18a05c7c9,2017-05-19
d7902cb5d7fd1f143aff7375644c6d7a,97aefdbdbd4827e77ef2b1c3bb50d60a,delivered,2017-09-01 13:39:38,2017-09-01 13:50:17,2017-09-06 18:42:39,2017-09-26 20:18:04,2017-10-04,af5c42fb895556a17adafcee7fb7ebe1,2017-09-01
6ba74355a0bd6d93ae590f6d510958b8,4183a12bf979a9f05ebaf0c45eef6120,delivered,2018-06-12 13:09:12,2018-06-12 13:43:00,2018-06-14 13:47:00,2018-06-22 15:39:35,2018-07-16,89c82207f5240b591e568b72beab9337,2018-06-12
c97623da13aeaddc6de228746da872bb,65acdabe561c40175647855bd9c61d07,delivered,2017-12-29 11:02:33,2017-12-29 11:10:21,2018-01-02 23:42:32,2018-01-04 20:19:44,2018-01-18,5d9a8a6c059280f7d8dab99e2d025a28,2017-12-29
784b0448b2075a95afcf2a55310b7238,4d5110d0a2b5239cb983610da1d18774,delivered,2018-05-16 20:57:48,2018-05-18 01:35:22,2018-05-18 12:06:00,2018-06-01 20:14:44,2018-05-24,629fb99609e4613c746af4eaa455c91a,2018-05-16
2dc8ae13ff86f4dcefb60ddfbaf43df8,20e9296ee6e31e906dd832d82eed92ba,delivered,2017-04-24 22:09:33,2017-04-24 22:22:20,2017-04-27 11:09:21,2017-05-04 13:34:53,2017-05-19,27f610da50d98eb94f1f0745606bc9f1,2017-04-24
82ddf38783ac58b33eb4a6e617f85a22,080dfe3c493444a1fe042b4668e4b01d,delivered,2017-07-05 13:08:23,2017-07-05 17:42:58,2017-07-06 15:17:54,2017-07-13 23:41:18,2017-07-27,940a6d4dabbb99c70905981432242887,2017-07-05
21ad66a2631bea1c9b697b500c20f1c1,055e90449730145d8428d60bf4914154,delivered,2018-04-30 16:02:54,2018-05-01 02:38:32,2018-05-02 13:44:00,2018-05-03 20:21:09,2018-05-16,77a4b149542d3a21a4a8c02b9441220b,2018-04-30
44a10a741d51010c1440fc7337b5ff6e,08185246997b160bfdc98c4804abae71,delivered,2018-02-10 09:25:05,2018-02-10 09:35:29,2018-02-15 17:23:39,2018-02-22 22:04:08,2018-03-07,43255e3df6cda368809baa2fc72872c8,2018-02-10
e35b67f3b9778766f35d9d6e11af1761,df9c907a19d1c599e071af85fcb04f92,delivered,2018-04-03 22:54:22,2018-04-03 23:10:13,2018-04-07 01:18:30,2018-04-10 16:20:58,2018-04-25,6c1e77450766afe18d4a99135d322d89,2018-04-03
6af5d730993da615e313627e0ac37f87,f48205601396f53905f1d9e5370f621e,delivered,2018-05-07 14:33:53,2018-05-07 16:33:38,2018-05-09 06:46:00,2018-05-14 17:14:56,2018-05-25,47799677c386885704b9844bc4c840e6,2018-05-07
741be6dc102de903336e1a6acb2c44e8,69ac5f3d593857624021f06cabfa584e,delivered,2018-02-19 17:46:18,2018-02-21 06:10:30,2018-02-21 19:22:27,2018-02-27 18:48:32,2018-03-19,5cbb48126229b0f4f6f000dd00c8b698,2018-02-19
3082c654714ec45c9d03de5aa2dacc2a,746ff2815fdfb80b91a40ff562c7ad96,delivered,2017-11-26 01:05:59,2017-11-26 01:16:43,2017-11-28 19:52:10,2017-11-29 16:52:54,2017-12-11,66dd7b48d24397d554c2af2b30cbd407,2017-11-26
531adaed1a1981c1cf381bbf3a4a3895,732bfc93800b812e36e9df56ba1c376c,delivered,2017-06-08 17:30:42,2017-06-08 19:20:22,2017-06-09 13:42:50,2017-06-19 20:19:43,2017-07-07,809315a1949aaa03742fd32f417e05ca,2017-06-08
31dccf9e7042d47f0c7e77a6952d9ec6,3b235f2d5d4e9a29456aaeeb65a4b8ae,delivered,2018-07-15 11:31:23,2018-07-17 04:31:30,2018-07-17 13:41:00,2018-07-20 17:14:31,2018-07-30,3e34c4d5834e6206ef8e4a5d4343f7ee,2018-07-15
0d4628fecf8a76472ac1da3ebef92072,e4800add327af5e8c4c04f377fb1779a,delivered,2017-12-23 16:45:12,2017-12-23 16:55:52,2017-12-26 23:13:39,2018-01-09 21:52:13,2018-02-14,df55ce6c8cb70b6d287154e726ad9066,2017-12-23
80509330a373b52445d3c8622c3fb9b6,99b27fd81ccca7419e44f9a0563af9e7,delivered,2017-09-01 08:56:21,2017-09-05 04:10:55,2017-09-09 13:23:11,2017-09-18 20:40:01,2017-09-22,7e3baefc30c4c3a12ee54e079f48eacb,2017-09-01
251290bd4ffaeb9e5e29158f3ea21c93,663bf83c0a98f8f2262f24b8f42752e3,delivered,2018-06-10 22:27:15,2018-06-10 22:57:00,2018-06-15 13:56:00,2018-06-26 11:34:36,2018-07-12,65084018146e778ef88e167df944f9b7,2018-06-10
caa157284ffa71411abb3f7b94102de5,b73fa7b0e7d0ff662fdcb964eb2bb4b2,delivered,2017-08-06 21:38:10,2017-08-06 21:50:16,2017-08-08 13:10:04,2017-08-14 19:23:38,2017-08-30,e9ea974c698b57da5b96f665da9d7b1c,2017-08-06
9f57815d406a0864b852f229ee3aadff,ef9b1a2e4cecb4ca7dccd1e3ee8400fa,delivered,2017-10-03 13:21:39,2017-10-03 13:35:19,2017-10-05 21:36:40,2017-10-09 17:44:02,2017-10-19,e2e92eb45afee3da92849c04f5304a48,2017-10-03
fd3dec101097b7fd62ae62c0e627f70a,8c2f13c6e90063bd06a0f8279a3cc39e,delivered,2017-11-25 14:25:29,2017-11-25 14:34:24,2017-11-27 16:55:55,2017-12-14 22:52:00,2017-12-18,e75299e7341399b1d5f990c7d13b2773,2017-11-25
0c00bf3feaaced2a198154419c788fc5,a4f809d1f8681ff7b4c03a3294528963,delivered,2017-03-20 17:15:11,2017-03-20 17:15:11,2017-03-31 19:34:45,2017-04-04 15:49:42,2017-04-18,c30fd2558a9c8fc64260be3e76a20cc4,2017-03-20
d2c902f172e80f22126d53d9ff7871b2,8a320a211ebebf7ce02c6a514f0aaeac,delivered,2018-07-03 20:52:04,2018-07-05 16:33:24,2018-07-05 13:14:00,2018-07-06 18:12:25,2018-07-17,35052a34c8cddade15549afde5580e83,2018-07-03
c3a6dc9afef5794ea4a867b5a18e0ad1,0c305f688ce08dc9402a2164fd6f29d6,invoiced,2017-11-25 14:10:20,2017-11-25 17:32:57,,,2017-12-19,f68cbab6cbaab1d6226e2dafed486578,2017-11-25
a79648ef5e1a257af5fde4c5f27040da,eb7d32b871d7e1d8f3dcce1aa4e095bd,delivered,2017-09-21 19:05:21,2017-09-21 19:24:21,2017-09-22 19:14:50,2017-10-16 18:17:55,2017-10-17,cbdcaa621583ca59fb72b5cb1866c34f,2017-09-21
4cd02e8d4d592a91c4c7c1eac9fb7660,3b6a37d37f885df51402d44154c76bd0,delivered,2017-11-27 18:30:36,2017-11-27 19:03:17,2017-11-28 21:27:44,2017-12-10 16:42:39,2017-12-15,e6558a7e200fd62e29e284c91e771b00,2017-11-27
b41ff7b4b8380f9addca6c2db2b32594,4c0114d21b16e87469727d9e1f595074,delivered,2018-08-15 00:46:23,2018-08-15 00:55:23,2018-08-15 13:59:00,2018-08-20 17:51:28,2018-08-24,7bdf68ccc25fb82d8fa0dc1b6235cc75,2018-08-15
0e5120f3452260c976eae23edd2d5a0a,b7cc0d4e8c0ef697cfd7d12d18d04c88,delivered,2017-02-21 04:13:37,2017-02-22 03:22:35,2017-02-23 10:22:02,2017-03-02 12:14:11,2017-03-20,e57065168c3718bdfcf543c020c2d2d0,2017-02-21
da00b2d19ef7893d6d963f973b629fe4,536b1df32316c329518b521111cf5496,delivered,2018-01-03 16:59:02,2018-01-03 17:11:24,2018-01-05 00:12:42,2018-01-10 14:20:35,2018-01-19,bb706038577b066ad96cf29a29beefec,2018-01-03
709d84dbb63f2afaaf2a48f69b56caa2,ab5babb0f97874afc275d813e711803c,delivered,2017-08-04 18:26:41,2017-08-08 03:55:18,2017-08-14 15:58:17,2017-08-16 17:34:13,2017-08-17,54155ef7f24e55d09b694293e41702f3,2017-08-04
fdd4a2c5c0d42678df8d78ec3af7d314,575a71542cb997454c1c4027271f8960,delivered,2017-07-26 19:44:03,2017-07-26 19:55:13,2017-08-01 18:27:49,2017-08-03 19:07:27,2017-08-17,7aab2467f56023de6dfb7f80edcf746c,2017-07-26
b727342259c06ae7d97115cb632073bb,c74e5dcd997cf60c03687a48e7af8492,delivered,2018-05-12 01:04:09,2018-05-12 01:35:11,2018-05-15 15:06:00,2018-05-21 19:42:55,2018-06-04,3ae4609bbfef1141b4e343f263c4b793,2018-05-12
89451210b2cc4272b890f6f79cd9f065,6a53479026877bec7081573c4fb9489f,delivered,2018-01-13 14:57:54,2018-01-13 15:09:03,2018-01-15 15:46:53,2018-02-08 18:34:09,2018-02-15,459750d77f1b60728d05658220c0fa04,2018-01-13
bda31774eda0320ee68c33da94027e4d,15b7fb20d8805996eca064ddedb843c6,delivered,2017-01-23 18:34:12,2017-01-24 18:42:03,2017-01-27 14:20:55,2017-02-03 08:37:33,2017-02-28,43b1465a233a9c1c822dbc043a864e2b,2017-01-23
c64988ee72ec569d6465ac91526672a4,6dd7106231347cf1197b48cfac1db9a1,delivered,2017-10-22 13:59:06,2017-10-22 14:14:19,2017-10-23 20:29:51,2017-11-04 00:24:56,2017-11-17,cd9ee4391bf0098b7cfde33287c340c8,2017-10-22
3f8ef8494797fd747668dde5870c1a76,b3b7a79be761431b60e2945100e694cb,delivered,2017-12-11 19:56:32,2017-12-11 20:11:47,2017-12-12 19:03:33,2017-12-21 19:29:00,2018-01-05,b0bba163bbb8aef57222338365d5a2a2,2017-12-11
377627ea55b004e8d55a2af17ba3c0e1,3f0bd16414d5fee5cb1d19769c3c825e,delivered,2018-05-20 13:52:02,2018-05-20 14:18:58,2018-05-21 13:12:00,2018-05-22 14:56:33,2018-05-29,6c20a0d058797463344295d2df549503,2018-05-20
06aea78197dd41a649372acb8dbc33fb,71982df42edbf42a7d4bcd238f007214,delivered,2017-10-03 10:00:51,2017-10-03 10:14:14,2017-10-06 13:59:44,2017-10-13 21:49:46,2017-10-27,96af463b7f8aac5426aad0db88d95274,2017-10-03
1e9ea7d5f669d780b187f487a03c3f7b,f7b0cc4e42b4ccf20819cbba292745be,delivered,2017-11-12 23:36:14,2017-11-12 23:50:25,2017-11-16 18:33:38,2017-11-23 18:43:11,2017-11-27,0720894ca242f4a59d328ac214def1b2,2017-11-12
8f723b9103b44257ac35a1e9b9e49fbf,301c043a32bc18bf8180bfa2e254180b,delivered,2018-08-13 10:55:44,2018-08-13 11:05:20,2018-08-17 06:26:00,2018-08-21 14:57:52,2018-09-04,99f4235bb5deb521b806dc9e5d30e163,2018-08-13
e5c7db6481f467875bd4d52357a8f8a1,b60a568698ca321102eee61a276055ef,delivered,2018-02-26 14:18:53,2018-02-26 14:35:31,2018-03-12 21:33:18,2018-04-04 21:29:59,2018-03-23,10867a902e32dd54061b2cda9c55b0b6,2018-02-26
8b2a0ec9c603b19e5b32deaea59ec02c,c2f2e9910c65287d903244f1a3e4472e,delivered,2017-07-17 22:51:34,2017-07-18 00:30:15,2017-07-26 17:59:36,2017-07-31 18:09:45,2017-08-14,d77f1ecd97aeef6dae72e3938c401462,2017-07-17
3d47aacc4c27ad170b1004695eb0c359,959d795bc3b33ca52a761718ec8f9135,delivered,2018-07-30 21:31:03,2018-08-01 16:31:30,2018-07-31 12:29:00,2018-08-09 16:08:49,2018-09-06,f50a2672e48fa156eb26a144aa6aecf8,2018-07-30
9c104b0d2f584506ce7b30bab9d2dd95,6483e3c6cd89ff69fc3ee541622a2432,delivered,2017-11-24 23:51:54,2017-11-28 03:21:08,2017-12-08 21:44:59,2017-12-19 17:38:49,2017-12-18,748cf0cff0c8565b3bf64c24661017d4,2017-11-24
c3c9936a34e4665a38df40a466a463ec,5e8c08d41152861ebc1e757948ac1d49,delivered,2018-07-13 22:19:35,2018-07-13 22:30:19,2018-07-17 13:58:00,2018-07-20 19:18:35,2018-07-31,c6003bc9756a16f3b177d3f2b25c207c,2018-07-13
776e5572d4969b8fa5b72b0fde398f6f,a0b5cdd54fb202fb47805688f4577c8f,delivered,2018-06-28 23:20:15,2018-06-28 23:35:13,2018-06-29 13:52:00,2018-06-30 16:06:20,2018-07-12,1d69fcb75a5ae79f19d3607cda9cda2a,2018-06-28
129832042bc2898155b5ebf3b2058585,ea58700bf1ac6fda590a7f01242c2bfc,delivered,2018-08-15 19:50:32,2018-08-16 10:25:47,2018-08-17 17:25:00,2018-08-22 23:58:43,2018-08-29,1b6e96ed99cb8d135efe220d761bbd67,2018-08-15
08dfcccb31a3a2b6f527d245ebd3310b,1fe914be3f4027b4b54be92fdb3438f7,delivered,2017-10-03 09:53:38,2017-10-03 10:07:17,2017-10-04 16:30:10,2017-10-18 20:27:40,2017-10-30,9f6aec2e1d2373c0533bb0302cb79c0e,2017-10-03
246d4a086a57d88a0e438c83cb44b94e,1caacc78626d0863daa8aff89de93bb0,delivered,2018-05-14 23:18:21,2018-05-16 02:54:03,2018-05-24 13:47:00,2018-06-21 23:46:22,2018-06-27,8a8107952ac2366f408acf3e4d7e31dd,2018-05-14
4059a20ed837ba80adc17e94bf2f852f,5ad589ec5a8cc1bdbac761dfda386ff9,delivered,2018-01-31 10:51:27,2018-01-31 14:03:51,2018-02-01 19:05:47,2018-02-08 22:23:05,2018-02-26,4587ce0af6eee0e9b8d0d75fabd30c2a,2018-01-31
be6bc4cdcfc38b102553d294d1ba4725,ba3f81b4928e851009ff39ebeddd520e,delivered,2018-06-25 12:35:38,2018-06-25 12:54:22,2018-06-25 17:49:00,2018-06-26 13:35:23,2018-07-16,1b5908d160c0942cc1b26bc725536d42,2018-06-25
611e352f93ae51674ed15e44ec53f99e,20e642183661bc171e3bbaf3e6098d91,delivered,2018-01-26 21:27:53,2018-01-30 04:31:29,2018-01-30 19:28:30,2018-02-15 17:23:25,2018-02-20,6143fffd88e5596d56beab1eb8b1c5ee,2018-01-26
89748efed53e1564874c18426bd038c8,1bb6d37f5965011ccde1cd4a42e20917,delivered,2017-08-04 12:44:35,2017-08-04 13:03:11,2017-08-04 18:13:38,2017-08-11 17:53:37,2017-08-28,43d651349d2f0bc6a32e49de5c30c919,2017-08-04
a1031a3fcd990edb954ba03274a2c39d,21cfe8ae0bbbc0853ed7b1532f3dd7ea,delivered,2017-02-07 17:03:30,2017-02-07 17:15:20,2017-02-09 09:19:14,2017-02-13 11:21:48,2017-03-10,2f8552b3c0fd59f1bd0f0821a136a9ae,2017-02-07
98fe01bc254b759c1f2c11d77c2891d5,30f3b26a06e5a67682305298f83e6be3,unavailable,2017-10-17 18:34:56,2017-10-18 18:37:08,,,2017-11-24,b9fdb2f344509f77f84250a748c6319c,2017-10-17
42752f96b7094cee19928f7b4317d7c9,b65f218608d7b053eb117b493cd80780,delivered,2017-12-18 21:00:29,2017-12-19 09:16:25,2017-12-19 19:25:18,2018-01-08 18:25:19,2018-01-18,84fd4953e8dc540fd9dc1593a2361e2e,2017-12-18
7db7b9cedc55070de0647ef4ca386efa,ee2ae4200c019e2d79caa3433262d63b,delivered,2018-02-18 18:19:51,2018-02-19 19:07:06,2018-02-21 18:38:44,2018-02-26 19:08:06,2018-03-09,ea7eb5e5136faca8760cd23ca8f46410,2018-02-18
542e3cb5f8f6657a8822ad52a57552ed,52e6f8d0061d8cd1f500952398e1c8ca,delivered,2018-06-18 14:42:50,2018-06-19 03:57:36,2018-06-19 12:34:00,2018-06-26 12:06:38,2018-07-17,439c2008fd12459f1259b8d0d733e083,2018-06-18
3568894fa3afedc367d3a4816983dceb,bfbe1fd99d9d53a58d06966a0f4eb5de,delivered,2017-01-24 15:59:17,2017-01-25 02:42:25,2017-01-27 07:05:47,2017-02-09 06:28:44,2017-03-01,24d2610d6b2605ba1fa5659b57f48205,2017-01-24
e4992b3b826ff19edba39e9a4d9dae26,7ac99a97fd540a8add7900eec14ecc2b,delivered,2018-07-18 21:37:45,2018-07-18 21:50:27,2018-07-25 12:20:00,2018-08-08 05:46:54,2018-08-30,fad1bbf902fbdf64f92f33d010ab8cb7,2018-07-18
8fa3ca81ea5bfd6524490d91832821b1,42a161720667afb9998d609863391870,delivered,2017-10-27 11:58:54,2017-10-28 07:06:15,2017-10-30 23:38:22,2017-11-07 17:49:39,2017-11-10,0accfc28d252c3155b25991b5b9e7ea5,2017-10-27
6b654c2dc2e7c610cb22c325fb723057,5239179f060acba3aae48fdc19d479ea,delivered,2018-07-04 10:15:33,2018-07-05 16:09:25,2018-07-05 12:30:00,2018-07-14 14:28:31,2018-07-17,5d6ebee8a8bd2d5012d04e7be94ea5e6,2018-07-04
b067f7c5967819ff5e1cff8bd3814a6d,c87654c6c5492c2615a6c135b017bccb,delivered,2018-08-07 16:16:04,2018-08-09 03:44:59,2018-08-13 14:50:00,2018-08-15 15:19:52,2018-08-22,ba8cb30ffcc1d04326f0d51e09efd36e,2018-08-07
7cf158d0e4744ba4ce58e5a9be631f7e,8558227007218197a4d8ac26e41ab22f,delivered,2018-01-13 09:31:19,2018-01-13 09:38:42,2018-01-19 15:23:03,2018-02-08 02:23:53,2018-02-19,1024c5cd62d38352351e537638162793,2018-01-13
d231fd01d6c8e36e503f1a7f8a9734ea,643806a497cd1633636c26f70c58e63d,delivered,2018-06-17 11:57:58,2018-06-17 12:19:26,2018-06-19 11:55:00,2018-06-20 15:11:00,2018-06-29,02e7d568f699b57b0bbb98cef89e0832,2018-06-17
485c8e15ad0c30dc2d7aaf0165572c19,7a53f98dd19fa1493d14741d38ef87b2,delivered,2018-05-11 10:49:37,2018-05-11 21:10:42,2018-05-12 09:03:00,2018-05-21 17:27:25,2018-06-11,a4c1aba425cd815fecc83edd16972068,2018-05-11
e1c7f4633671b4409b11c0779ecddff2,743997967809a38986c47efc0467d830,delivered,2018-05-20 03:28:37,2018-05-20 08:31:17,2018-05-22 09:37:00,2018-06-01 19:47:26,2018-06-13,d5ffa085da11acb9be4d4945798c7fb5,2018-05-20
b682fc4ea655d9de9cd962462e16e738,99c336ab501ab1c1e70ad4e668e3442e,delivered,2017-08-03 10:20:08,2017-08-05 02:55:44,2017-08-09 15:30:19,2017-08-28 11:06:00,2017-08-23,fa03f39a053e233abd89eb849f1b8997,2017-08-03
52324f390c9414a6c6b4a2f1b24964b4,5a9dae6565b54b1a39d035684739bb91,delivered,2017-08-03 13:00:11,2017-08-04 02:15:16,2017-08-04 19:52:54,2017-08-11 19:24:29,2017-09-06,31c014df5bd50caf330d47c60a7b485c,2017-08-03
b239ca7cd485940b31882363b52e6674,e9b0d0eb3015ef1c9ce6cf5b9dcbee9f,delivered,2018-07-29 08:39:48,2018-07-30 08:15:14,2018-07-30 11:33:00,2018-07-31 23:03:28,2018-08-07,ca27f3dac28fb1063faddd424c9d95fa,2018-07-29
87aad20d78d6e8072e6c80fe93a0931e,b9623982c4bd3fe52dd641612848e535,delivered,2018-03-26 19:42:54,2018-03-26 19:50:17,2018-03-27 23:42:03,2018-04-03 02:07:48,2018-04-24,be6b3f6e57256dbc38aaed54e10f7bfb,2018-03-26
2eb5ba20812f78127f6243fa27fb40e5,d5420a7dc4c5c1f95b7912368419f59f,canceled,2017-05-29 18:10:06,2017-05-31 07:02:46,,,2017-06-20,4d024a9c22e0d1232091ee9915499719,2017-05-29
3fb155b4897652f5cdf1b5efff32a465,ab5a1016ed934dc4b18977cea536f65a,delivered,2017-11-30 10:15:17,2017-11-30 10:32:24,2017-12-01 22:57:10,2017-12-14 17:58:57,2018-01-05,f3033234e737e044ab64490153959611,2017-11-30
b760ac65b36c9bbc913c2dd94131faf3,686ce156cefdae2f46a1b7917d96ef18,delivered,2017-12-04 11:57:38,2017-12-04 16:31:14,2017-12-05 20:55:38,2017-12-11 15:58:59,2017-12-27,a75aa5d4850de07bb3cee8e9db5ea229,2017-12-04
624076d477f2670d9f41fd6f70390ec1,43e97a6a073accd257af8dfb5af2fc83,delivered,2017-11-24 15:59:09,2017-11-24 19:38:02,2017-11-27 17:29:17,2017-12-07 14:58:31,2017-12-28,d7677b9c8e6c36355baf8544cc588b07,2017-11-24
86fd04412b2f1ed2c2e1a4ac3e3eb7e8,d71d5b39b7dfa38ca1beb3f5401ea668,delivered,2018-04-27 14:22:26,2018-04-28 14:15:13,2018-04-30 13:14:00,2018-05-04 20:46:40,2018-05-25,8b79c4656d14b2c341d6daa6637b5918,2018-04-27
440b1d08fad401242f385a54ae6f0d33,4b89a252c0603079a05bc1fccacd5a52,delivered,2018-02-18 19:22:11,2018-02-18 20:26:58,2018-02-19 20:59:10,2018-02-27 17:05:09,2018-03-09,401f0aa41e779f38bf9cf13356a6e631,2018-02-18
810c5451b24e7565d14608ed85dd3624,507f4a747b0dabc6ab5d6806bb70759b,delivered,2017-09-10 17:57:28,2017-09-10 20:33:36,2017-09-11 21:23:06,2017-09-18 22:53:53,2017-10-04,07d743c857ab9a05f2863d4aca57db81,2017-09-10
489b4af31f96f42648f0c0636a51b289,e49282ae3ee47bc3b2e30025544b25f5,delivered,2018-02-09 21:13:06,2018-02-09 21:29:18,2018-02-14 20:05:13,2018-02-18 13:58:47,2018-02-23,3385d3ca16a8ea8e2124294ac08b1814,2018-02-09
31663706a4dce48b09b134795a339baf,6669053672dc47efcec868e07443ee37,delivered,2018-06-16 20:30:14,2018-06-19 03:57:13,2018-06-19 15:06:00,2018-06-25 22:54:50,2018-07-16,9c69d28b1246f9a2d39c641bb4074544,2018-06-16
fd190164f3696146e8a668324f90edc0,6c4578ce47ec34cc93da19ac6e3f8534,delivered,2017-06-01 10:42:34,2017-06-01 10:55:14,2017-06-01 14:18:08,2017-06-19 15:04:15,2017-06-22,abc164f170bda3e76317237679b356b5,2017-06-01
f56dc9034c3962e36d49fb73baa12800,5c4795c07c0bd317adaf7406327bbfa9,unavailable,2017-08-10 22:20:51,2017-08-12 02:09:15,,,2017-09-14,f3227a87d760e7bbcaf5377918fd68a5,2017-08-10
6e60346a3ee3876c1e4bc89c597ffcb8,2231986257f0ec3bf5abbc49d3320e9b,delivered,2018-05-07 00:45:02,2018-05-07 15:13:42,2018-05-07 14:52:00,2018-05-15 13:12:19,2018-06-01,d8512697dee9c887444a41d7a3125ff8,2018-05-07
b9a970bee0ad1aab9d4f291280670f78,c99932b765fc1b7a1c5a4c3f996f6f1d,delivered,2018-06-04 11:52:25,2018-06-04 12:10:42,2018-06-12 12:03:00,2018-06-15 13:42:47,2018-07-23,1a6b1ff8c6841f14b71040a070ad78df,2018-06-04
4afa896b00f5e0ed1bb02ca2e8329392,8694a671c2d494062387f869f450b192,delivered,2018-07-26 16:55:40,2018-07-27 09:10:22,2018-07-31 08:15:00,2018-08-01 19:38:53,2018-08-09,9362389b0141a14ba2ae3c5878abd9fe,2018-07-26
b77604241a9c04a66cf5b52681f78683,92b327fbdc38332751b832c28e013f58,delivered,2018-05-10 23:28:05,2018-05-12 03:15:18,2018-05-15 15:03:00,2018-05-17 01:14:50,2018-05-24,ffca00fb352b5e57db50865d65098b4a,2018-05-10
807d1d7f9ef2a3649f918a57fe2e2141,44dba573782d25dd9c85eeb29369ef88,delivered,2018-01-31 13:59:19,2018-01-31 14:13:28,2018-02-01 19:57:21,2018-02-03 11:58:30,2018-02-16,a34bc8498e794dc67ab208a47d38bf79,2018-01-31
a7881f54a20f4f7547971f089438b078,735fb1ee87aa26987bc7e2416b167054,delivered,2017-03-22 10:35:21,2017-03-24 01:31:49,2017-03-27 13:26:32,2017-03-30 15:07:45,2017-04-18,b6497ecc6318ebd0d5c22091f702fcc8,2017-03-22
b67a8588504e07ca0dca52eaa72a1829,a0785cc747d7c90762ca245c1cad20f2,delivered,2018-04-01 22:42:35,2018-04-01 22:50:17,2018-04-05 11:46:28,2018-04-06 19:12:13,2018-04-12,ea9d1d54202e5efc875aeb93cf48b20b,2018-04-01
77161b77ce9e78961c94e6910f7b272a,061ec581de52487b1e96c24df4a70527,delivered,2017-03-16 17:11:49,2017-03-16 17:11:49,2017-03-17 07:38:42,2017-03-22 09:48:06,2017-04-07,9fea70e31334be94bc66a683ceeea2f7,2017-03-16
00a77f9cc25b05b2004752593d7b8888,acb6cc6ec99086b8b53c858a0731c189,delivered,2017-06-22 19:53:24,2017-06-22 20:05:22,2017-06-23 12:33:16,2017-07-07 21:45:44,2017-07-14,87dff19086a1aa321cf06195ab40631c,2017-06-22
43e99f3020b420b8aff15449ff4f7561,9a480b9c9decf04f8d95b4da30cc6141,delivered,2018-04-10 21:19:39,2018-04-10 21:35:17,2018-04-24 22:44:36,2018-05-14 17:51:45,2018-05-07,1177ffc12e57d165dd64077a4bbcd77c,2018-04-10
7352751ee1a007ee671e79e6b50dd809,b270bfbd3d8c070f36f1c9c885280e31,delivered,2017-12-08 14:33:20,2017-12-08 14:49:17,2017-12-08 23:13:35,2017-12-09 20:38:36,2017-12-27,a31841afa2eb3a0400c4531b816b4486,2017-12-08
e2ecc8a06aa292e6cf6f88f2826dd141,cac877e3b4e0495e13b2ad7c96aa5c11,delivered,2017-09-23 18:20:57,2017-09-23 18:44:21,2017-09-25 15:13:47,2017-09-29 14:35:21,2017-10-11,a62cda00aad21580d0c58e1f8d92692c,2017-09-23
e86c9bfc5e5cce878c7d0c2419927cd7,02036d14d9326c01a123bd83626d48c0,delivered,2018-03-13 19:10:37,2018-03-13 19:29:25,2018-03-14 21:56:29,2018-04-23 19:20:55,2018-04-13,59d8d1ea35c02a6a070ee29944b0ea86,2018-03-13
5a12cbb810a82e746a59a96625577a49,d95cf58956340c9cf5e4103e8d68157a,delivered,2017-02-23 22:03:07,2017-02-23 22:15:11,2017-03-01 19:51:58,2017-03-07 14:04:52,2017-03-22,91d4f8b0aec5e3c3fb6e9cb4be401617,2017-02-23
61fca91868781e2844bebf0ba3129950,0299a3ec7aac3a18ea88cfa6cf8a74f5,delivered,2018-03-04 13:53:47,2018-03-04 14:08:46,2018-03-05 20:05:39,2018-03-12 14:05:35,2018-04-09,abe351201e61437f658332cdce4c3c52,2018-03-04
40db493fa22b26e65d2677bcc2c67344,25d2682aded06ed8da43cd4993ea3ec3,delivered,2018-08-03 20:43:35,2018-08-03 21:04:07,2018-08-16 09:33:00,2018-08-24 18:18:40,2018-08-29,d57a130d13d1934ce3fbf0c2f2bd62db,2018-08-03
f9c684af08dd580ce166558cc3c7d8ad,2fb2352bb92085869dbc2c73f802d07f,delivered,2018-05-19 17:34:20,2018-05-19 17:51:42,2018-05-22 06:01:00,2018-05-24 15:22:51,2018-06-06,e559839364c5291151976b2c69daa5fd,2018-05-19
6c2c28420cb6865ced69f6c260c27c24,f2b049ff24281feb3783cdc603ce75e8,delivered,2018-04-11 15:12:12,2018-04-11 16:51:02,2018-04-12 21:46:26,2018-04-13 13:34:46,2018-04-27,1a922c593edc0c31a83d0fd32883bd62,2018-04-11
28e2f8073d78153ccf2053de91fc4db3,3c9c19f5250586bad6497c1beb04253c,delivered,2018-04-22 22:20:27,2018-04-24 19:05:10,2018-04-26 13:19:00,2018-04-30 18:56:35,2018-05-16,da9a4eb4e164579e3b5d115ca0f114fb,2018-04-22
7c36932e3667e570c35752d13bbca443,376a23a2a549f521ceb336b0230b00eb,delivered,2018-07-30 18:54:21,2018-07-31 18:31:07,2018-08-02 15:41:00,2018-08-08 00:40:58,2018-08-28,52b7e40d53b336e18d6346d2236a5ede,2018-07-30
6933367fed43572e9c92d801392b1e65,70a4e6115d9256bcf1fcef49250afa85,delivered,2017-08-07 09:25:20,2017-08-08 04:04:25,2017-08-08 19:42:10,2017-08-24 14:43:55,2017-09-11,96d0f06710800d0c4defd88cd710ceb5,2017-08-07
493ee0d11061d1869586da75f46e78d1,062184594d2f701642d78351528e8592,delivered,2018-03-26 14:48:56,2018-03-28 02:47:18,2018-03-28 17:56:44,2018-04-05 14:06:39,2018-04-17,4a523acb002d650ef0738916f939df50,2018-03-26
4030d047c111d2d8a990c6ccfd9e4081,571801f07099892d51d446575f25c857,delivered,2017-06-14 17:34:55,2017-06-15 03:10:15,2017-06-16 14:16:20,2017-06-26 14:27:30,2017-07-07,f12f064c0a45fa8ac5b7d8934d1bf853,2017-06-14
9ad6e11f3fe1f15641598b35cdef8849,1efefe2921f93169b360de8c6830c48f,delivered,2018-02-20 17:20:53,2018-02-20 17:35:24,2018-02-24 00:08:53,2018-03-05 23:13:34,2018-03-13,c9cc1db7d87ab8d292dca31e5f1d6d01,2018-02-20
8f2c9e626786d2b5337f8dd444ddb79b,98a505463599ce446e333940e305e756,delivered,2017-08-03 15:46:28,2017-08-05 03:03:25,2017-08-07 15:06:48,2017-08-14 19:54:59,2017-08-29,c718e7e51226888a1ae92687aa320a16,2017-08-03
693868f7e2e4ec2b5d0f1f35daee6917,a8dac1629e61a7b49a0cebd4ead70549,delivered,2018-01-31 11:48:09,2018-01-31 14:21:19,2018-01-31 23:42:38,2018-02-16 21:21:59,2018-02-26,f272262b63e80c07cae02c8f07a777f0,2018-01-31
4b81239fe83a49acf69014a6819d45f7,45b660ceff4b3fb644ed71cec139a81b,delivered,2018-08-15 21:36:41,2018-08-15 21:50:42,2018-08-17 13:21:00,2018-08-29 01:24:47,2018-09-03,6447bed5e7c9aa59a6c62a5c4a0e1188,2018-08-15
cce9265db762ed6a292410cee5e5369b,7638f8b6a8a21e1256bfd5ceedc91a17,delivered,2017-09-13 11:14:46,2017-09-13 11:25:41,2017-09-13 19:48:59,2017-09-19 18:13:41,2017-10-04,a2580d4b7f5471bf5e8352446ba6628e,2017-09-13
36de74432623754a27b12d81c299f10b,3fc9ec2feb5971b0f7b8576581143b98,delivered,2018-06-13 09:58:52,2018-06-13 10:21:34,2018-06-13 14:16:00,2018-06-18 18:51:30,2018-07-05,7c18bfb5f489ea04f8781758940b7798,2018-06-13
20febe29f23cdee32db9532860db7341,9c242b314a3640d13a97aac4e172f966,delivered,2018-07-27 23:38:29,2018-07-31 03:55:12,2018-08-01 13:51:00,2018-08-08 00:08:46,2018-08-15,bab51137b90b0fcec74bf6f9b47d3511,2018-07-27
0bf1392e4d1b5bb968191f48c30e5628,b8ec04c8a20aa6136b207e84ec12593f,delivered,2017-11-26 15:50:34,2017-11-28 16:03:01,2017-11-29 20:22:50,2017-12-15 16:32:05,2017-12-15,374ad33a8b3ec3e6fac9cbceaeb727ec,2017-11-26
1cfd2c6aa7a28ece5d2b6761de6a571f,a83f8e4b9176a5b958f7301342e32e59,delivered,2018-01-23 17:33:09,2018-01-23 18:07:27,2018-01-26 18:13:36,2018-02-07 22:15:11,2018-02-23,605ae81a185108a9c8192bae163c27db,2018-01-23
4b3fd3a64d55a7c04cdb0ed9af1e3016,7f029a8a6978dea243e88bd230b0e5f7,delivered,2018-07-27 17:39:58,2018-07-31 04:31:49,2018-07-31 16:26:00,2018-08-03 17:22:00,2018-08-31,fbfdc06fca767d4802be65bd37da8862,2018-07-27
d1d4b9ca8be351af77736cab87df238e,a6ca4afebc562b754b8736ff2d5adf52,delivered,2017-11-27 20:39:12,2017-11-27 20:59:27,2017-11-28 16:48:24,2017-12-01 00:06:50,2017-12-11,b1527fed376c77c2a8e44ea89e76dc73,2017-11-27
e2be0c01adce5e35793cdc2970d774fc,45c97f9488b916f6b0c210556ee28286,delivered,2018-07-19 17:24:12,2018-07-21 03:10:12,2018-07-24 14:17:00,2018-08-03 21:42:47,2018-08-13,2d7730d34247040e79db147306415d8e,2018-07-19
c2878b60d8e2a4ee3b463b81e9ddd8c1,e13a9c939f54c93a902868caeb1bfa59,delivered,2017-06-14 11:38:11,2017-06-14 11:55:21,2017-06-16 06:56:38,2017-06-28 14:32:25,2017-07-11,bb01b2ced80ef2e3dfb786d0d8c4905a,2017-06-14
e1d6acaba6d1e84b8514575b9ef6fd71,5a0367f1c6acdbf73e18d97acc43df80,delivered,2018-04-18 20:54:45,2018-04-18 21:11:26,2018-04-19 19:21:46,2018-05-02 17:52:07,2018-05-11,c44f87635ee8363a53bfdd58011f72c8,2018-04-18
c76b5689857b2dc863826762f8b07cd3,dd27328b5c29932ba47b1feba48d58b5,delivered,2018-01-28 18:30:38,2018-01-30 05:31:30,2018-01-30 23:21:48,2018-02-16 20:34:02,2018-02-21,c7d8b3a2fdf2fe6ada59677d6d01d452,2018-01-28
a93a558f0f06c1f1e70e57f2928826a5,6c5b1cebac95ee786db6cf1b79411f64,delivered,2017-11-23 18:23:19,2017-11-23 18:55:47,2017-11-29 23:36:50,2017-12-05 00:56:57,2017-12-07,2f8dab36f4adff0c2cea0b850d72b8ca,2017-11-23
81d8e5d965001789e9f871f474afaad5,4f3e1edfa3261b15f51c59030d12847f,delivered,2018-03-15 18:28:28,2018-03-15 18:49:09,2018-03-21 22:14:52,2018-03-23 00:38:46,2018-03-27,84b5012d933ff251917aa48ff80739f0,2018-03-15
ad44a0bda2bbb5a18a19f298832cd566,1fa0d617aaf00999f4cbc66bd28a3e66,delivered,2018-08-09 12:44:54,2018-08-10 03:25:34,2018-08-10 19:12:00,2018-08-14 23:18:33,2018-08-15,71df4133a5dbdc2f6db175f7cd3f8d10,2018-08-09
471d17c72b833d90af58cd4fc9bd5942,de9c02d5160d868e7f5949bb84e7593a,delivered,2017-09-09 03:24:18,2017-09-12 04:44:57,2017-09-13 12:13:34,2017-09-15 18:12:55,2017-10-09,7b32049d8495d56c8b27eae575921a60,2017-09-09
f237e8ddc05a21386ec9441d40f8e09e,c5293253d2861ddfc7811223b6dcbfcc,delivered,2017-02-09 23:19:27,2017-02-09 23:30:16,2017-02-13 16:07:51,2017-02-17 13:58:00,2017-03-08,c9600276c55089ccd37cb1a360609101,2017-02-09
b08358fdbc23fa2201ce6b08be2dddb7,148dae217fb9d16e644ffc8c9f214432,delivered,2017-12-27 21:42:55,2017-12-29 02:08:51,2018-01-02 22:16:35,2018-01-23 18:23:29,2018-01-16,fc2c474ca9fc1e074a763b8980f3e016,2017-12-27
493bfa3afd1c7c384e300b4f4b511048,47d35d8232327cb512ac7b6b84305871,delivered,2017-09-06 12:51:43,2017-09-06 13:05:11,2017-09-12 16:29:31,2017-09-23 16:26:23,2017-10-02,e0fd7725d9467c84add5e7c9c047ceb9,2017-09-06
6164d50a564536f9c8081d0358573bad,ff83b1b9ffb0f2f60273867bb26f671e,delivered,2018-08-12 22:52:59,2018-08-12 23:05:17,2018-08-13 15:19:00,2018-08-14 20:04:39,2018-08-21,e84ac1e802114860d63efeff52694d38,2018-08-12
3dbf60040199f502ec5dd67f86b804ab,62cf43d7c0b82fa2b6910138d7f4f14e,delivered,2017-03-02 11:20:23,2017-03-02 11:30:20,2017-03-31 15:12:14,2017-04-13 11:39:04,2017-03-27,48e765b31aa7359bdc26fb32b1b6825f,2017-03-02
670de6983a9948e0bd029dd7ea1210e0,02077904459251edd6b421b05fae711c,delivered,2018-01-29 17:02:22,2018-01-29 17:18:16,2018-01-30 19:37:08,2018-02-07 21:08:35,2018-02-23,bf729deccdd7983078c35607bab21a40,2018-01-29
1f02df2b80d060dfde8445dcb32f347e,7b6c535bcfb880d63f8e01d209ef180f,delivered,2018-08-20 20:30:09,2018-08-20 20:50:01,2018-08-21 12:18:00,2018-08-27 18:06:35,2018-09-14,687d9299d0ff57790aa49a28d7240b93,2018-08-20
0af28d87520565eb3b57c9b2abe1a2cc,0a209a88c2e3dc2981c79ad85c558059,delivered,2017-10-05 19:23:16,2017-10-05 20:28:06,2017-10-06 17:15:17,2017-10-17 20:58:01,2017-11-06,895617ab63a9ad8881d9470f7427cd25,2017-10-05
c2bf18efef73a92f7e23cdb8338c9413,18dd8dea5a8a50670bca1eed3164202b,delivered,2018-01-18 12:24:45,2018-01-18 12:37:30,2018-01-19 18:17:51,2018-01-22 21:48:40,2018-02-02,f5a5932a4039f737885fd123e4e5f66c,2018-01-18
dbe267dee5dcb469508162440874551f,9cbea85941aeae8e6a33506e066a1913,delivered,2018-01-12 20:08:22,2018-01-12 20:16:21,2018-01-15 17:08:54,2018-01-30 21:21:41,2018-02-14,cfca8dd295c27ec0011cda055a6177f4,2018-01-12
c3eb293fd154223498b6551a728203e8,1701ed88b1e8cb21051660d70d11d038,delivered,2018-07-19 14:06:04,2018-07-19 14:22:51,2018-07-19 13:49:00,2018-07-24 19:35:36,2018-08-06,db45c52eb9758c7cbba7fceb61755c95,2018-07-19
2656fd6fdbfe33c6421cb390eef1a73b,683c56d8fb22ac87888587310311cf2c,delivered,2017-09-02 22:27:06,2017-09-02 22:35:22,2017-09-04 21:29:53,2017-09-11 20:41:34,2017-09-25,1aa85a5b16073b73eb97183f2da3402c,2017-09-02
65b214a5e85949a6fcab64ff7e244426,1fcf3b848f9ca72b14d4ea76b2a4fe17,delivered,2017-06-01 21:09:51,2017-06-01 21:22:34,2017-06-06 08:45:50,2017-06-30 12:29:46,2017-07-07,94e024f6fbb931bf320b49b2827d10f7,2017-06-01
16b0354e89f049afdd965c97e243dac6,ff891bcae7042cd5420f17811ab607d5,delivered,2018-08-03 21:33:14,2018-08-03 21:45:29,2018-08-06 16:34:00,2018-08-10 18:41:11,2018-08-17,c7fb005dfaed077788b1da6313ee6688,2018-08-03
7fa8751ea12ae88b7f25aecfa1f1e498,121ada84af097480e437f1a8c979f6a4,delivered,2017-02-15 09:41:08,2017-02-17 02:16:03,2017-02-22 14:21:39,2017-03-01 12:58:23,2017-03-23,366f4743154ff26fa1743ae7854b5e44,2017-02-15
6c30510910f5b4d215704b3b2b091161,b8872139767b713da5f6029f8b749ee4,delivered,2018-07-31 10:54:29,2018-07-31 11:30:35,2018-07-31 16:26:00,2018-08-02 18:18:41,2018-08-07,e581f5bacf37ab239992e761964278a2,2018-07-31
02608b91ec6070ff5fcd4b63dd964232,d5f23b6e251fdf6e84267303b9b84561,delivered,2018-02-23 14:59:08,2018-02-23 15:46:17,2018-02-28 19:04:23,2018-03-01 20:37:11,2018-03-09,9438aac4d0e7d43bf01d7c06b704c286,2018-02-23
190e8611451cfad038f032f548f44c12,c66b54f9bc3001f6550cec597c77f8fe,delivered,2017-03-14 16:12:29,2017-03-14 16:12:29,2017-03-15 09:38:46,2017-03-27 13:33:01,2017-04-12,fe4d4f723597e832e9bbc67080a34c27,2017-03-14
6cadbcdea4da5368c7a801ce027f23f1,501c9cd7188003067cfbe04791e39d5b,delivered,2018-06-19 19:24:24,2018-06-19 19:36:25,2018-06-20 15:14:00,2018-06-21 17:11:13,2018-06-29,e1b5f838a5d538b1fbe3bddcf47d30bd,2018-06-19
e6fc4ea08434b40ac98a0cb284e5a8eb,0809899bfc84b0bc917a8c279c5dbb5b,delivered,2018-07-17 18:36:02,2018-07-17 18:50:18,2018-07-18 07:52:00,2018-07-23 18:40:53,2018-08-06,224f83318c1a2b83dd1d7beeeb9f0e30,2018-07-17
fc0973ba8c96e67e0cfb458c1bac3a6a,95cca40cba8d9b592aa024f66b6ded35,delivered,2017-02-09 10:51:03,2017-02-09 11:03:42,2017-02-24 12:33:19,2017-03-08 17:59:10,2017-03-10,c658495c41a24ef33a852db6840738a1,2017-02-09
0d3528428e45b7c383b746222c715332,ee44d2be8e1662dc62aeadc5cc6b0965,delivered,2018-01-02 14:54:52,2018-01-03 04:37:40,2018-01-04 20:27:11,2018-01-13 00:19:13,2018-01-26,5a343a06c98ea19d963edfc4a0126e76,2018-01-02
9dfbb7e30aa5cef397424ccd6e8edb36,fe5a1f08f1c468c24a9bbfa507678cca,delivered,2017-12-14 17:34:09,2017-12-16 02:51:18,2017-12-16 16:19:31,2017-12-26 21:54:45,2018-01-09,bf1e26d689c382c36a8cf104febacd2e,2017-12-14
914e3f7135c8d9046278a046552ebb6e,078bfceb258f6ee262174cbf251aa763,shipped,2017-04-11 12:22:13,2017-04-13 02:42:05,2017-04-13 15:56:24,,2017-05-16,fc2e9d70ce1e9c19422b859224a9abd9,2017-04-11
481f2db41ea6571226192db2b584fa6e,bae2e17717f1e6f357bbac0107dabfd6,delivered,2017-01-26 18:27:04,2017-01-26 19:00:21,2017-02-06 11:54:29,2017-02-13 13:34:45,2017-02-22,a908f7551bf4ad06732bd84eff560037,2017-01-26
331d08be3644402c007ee13cf7e21533,da71cfb20c75ac5ca5fd0552932a6952,delivered,2018-03-06 14:57:16,2018-03-07 02:48:57,2018-03-07 19:48:31,2018-03-08 20:58:24,2018-03-19,ffad6a7a0e13be3dfd9de96a81b77c9e,2018-03-06
96245f4488be31192a246b608e6deec4,fba3732f0dcc23e5c1be212d0c297f01,delivered,2018-05-01 19:45:49,2018-05-03 03:55:23,2018-05-03 15:53:00,2018-05-11 17:31:57,2018-05-28,ebf6809d3711acdd1701b98544f57d0b,2018-05-01
30300815be5e1666c028d3c07e86f847,af7a3089208b3025628fce28d1d4576c,delivered,2018-04-12 21:42:13,2018-04-13 13:15:23,2018-04-13 22:22:32,2018-04-24 19:04:44,2018-05-07,91a8b965bb2d34b3e586844dc4a40d1b,2018-04-12
9080ebdad2fcd9c48834d12a13059598,750a271fdcccf222476369e4340d7274,delivered,2017-11-27 15:56:53,2017-11-29 02:18:22,2017-12-04 23:54:47,2017-12-11 17:37:09,2017-12-20,36c5770cc8e136abf9b1e5e149f75fb2,2017-11-27
03d842e44ef7cae41da34acb402983fa,68b7ff9f504488d359f5933200a0bacf,delivered,2018-07-20 10:46:14,2018-07-20 10:55:19,2018-07-20 14:21:00,2018-07-27 15:44:50,2018-08-09,745e1490d4eb16895c8556c44973f64a,2018-07-20
7131224bb3afd2aa3e6b81ca40bd8e4a,6d17655475970195afeb70c1f2fa4b80,delivered,2017-12-14 10:19:21,2017-12-14 10:33:32,2017-12-15 17:59:18,2017-12-17 16:36:41,2018-01-03,f4247aab6898d547d364286a6caed2e6,2017-12-14
01380d0df5b7dc8bd13f2266a57bd42c,c903ba1283fbd5c51a9bad4ec9fd8d97,delivered,2017-04-17 19:32:46,2017-04-17 19:45:11,2017-04-18 09:48:21,2017-04-21 11:24:32,2017-05-08,6e2064e4da450befb0b70bb2f0c68f64,2017-04-17
1594012ccc1b0770373ce691d697e5ae,e957d597f76d275f40a848397fb6c7c3,delivered,2018-04-23 19:05:57,2018-04-24 19:17:00,2018-04-24 12:48:39,2018-04-27 22:08:35,2018-05-08,ccc2dbe64dde140fb3dbb127091e50a9,2018-04-23
02bee300cb834a5d334ae42fdc325e7a,9172f54a6e979ee28aaaada718189c9b,delivered,2018-06-19 17:51:45,2018-06-19 18:22:56,2018-06-20 14:07:00,2018-06-21 19:11:42,2018-06-29,f5343b81fc38f6aa6ca92e8c917cfdb9,2018-06-19
8b669c19c5b4dda001b9c7e14c8b0ce7,aab5f71172c9d9ed6a13eab7abe2b1c2,delivered,2018-06-15 15:52:21,2018-06-18 10:33:54,2018-06-19 14:39:00,2018-06-22 00:27:42,2018-06-28,df3bcbcb88d40ad1996ad1325fe8f481,2018-06-15
751410acff2d9dbfee9158ae8e21d6d6,3e0d49ed5998234cb45d06c5ed7bcdf7,delivered,2018-03-10 15:06:18,2018-03-10 15:48:27,2018-03-19 17:52:45,2018-03-27 20:32:45,2018-04-12,d4af642bd51aaa394aeced7723143daf,2018-03-10
7a268da1c6173cf3d0847a89afdaf84e,293407b5065d8fd7fa7077179c1cca3b,delivered,2018-07-23 19:10:00,2018-07-24 10:31:39,2018-07-24 13:54:00,2018-08-14 17:21:32,2018-08-10,d54fd2964149aef739006faeaddb12ad,2018-07-23
d5b0848c1878546fbebe673d1d679b83,300cbcf2f05d4b9e0c68b316a05c0057,delivered,2018-04-24 08:43:53,2018-04-24 17:35:59,2018-04-25 14:17:00,2018-04-30 18:15:38,2018-05-14,f5533ec1e61c73fc8457bb73769730fc,2018-04-24
82a6ea37c0c3ed2f6fe3a6029adbc589,9997d3fac97d1dd96ce13a68158e84ce,delivered,2018-03-20 11:42:25,2018-03-21 11:35:24,2018-03-21 21:09:38,2018-03-29 23:04:30,2018-04-18,79377f2dd1a1b92c1c06fba32f1bc1eb,2018-03-20
e2fd3a04faecd73308b8d940dc3ab303,27436e9495d5df1bcb0b2240182960d6,delivered,2017-11-07 12:48:35,2017-11-08 19:31:06,2017-11-09 15:52:46,2017-11-20 19:43:03,2017-11-30,cde21887e86a254eab4799aec212b7b7,2017-11-07
c4641ce744fc935456a95bc0c628a43c,cd717f4d257d83f8fc1444f73167b8d6,delivered,2018-06-27 10:25:10,2018-06-27 11:06:40,2018-06-28 08:41:00,2018-07-03 20:24:52,2018-07-23,32ec4cc78ff1333feca4aa96ef95bb74,2018-06-27
b8cd3107b41b1232ec5ccc2958000acf,e7958b1dac84719b0e9250e063421045,delivered,2017-08-03 12:26:40,2017-08-03 15:23:44,2017-08-04 18:54:03,2017-08-25 18:37:37,2017-09-06,dbf9d2d8651aa98885c12ec29829c6e0,2017-08-03
0e44c0c94c728c1ff7a501f705dd0e24,0f02dbc254d79af01b858e657016eb22,delivered,2017-08-03 09:38:26,2017-08-03 09:50:10,2017-08-04 18:42:55,2017-08-10 19:28:44,2017-08-25,74a68c138e3220107add702b3777948c,2017-08-03
97c2627d2b03483506cc348366822516,09041c3c23930a8bc1fe230bbc1ed19e,delivered,2018-03-30 09:24:16,2018-03-30 10:10:08,2018-04-04 00:08:47,2018-04-25 01:05:18,2018-04-27,23e7bcac2f3b067fe6ecb4ca8e130bf0,2018-03-30
4a34aa679137ec3d1b3ad0c4c8b7a7e5,9dfc1bb87ef24d2ce198b900048195f0,delivered,2018-03-16 13:32:49,2018-03-16 13:49:39,2018-03-19 18:36:35,2018-04-15 21:04:20,2018-04-10,4cf926be7c4508b256de872d8de17979,2018-03-16
fbd089d5e60178e50dfa3b157adc9dd8,35de873c66b67f107ac2236632eb58cd,delivered,2017-08-25 16:11:53,2017-08-25 16:25:35,2017-08-28 15:03:24,2017-08-29 19:43:09,2017-09-08,7f1652269d7ca3afaec1263781f389ae,2017-08-25
bbfbe3c62a4a810fb97d10267acb5f10,3e2f1eaa74e606c93ef2847f45b71a84,delivered,2017-03-24 10:27:25,2017-03-24 10:35:35,2017-03-29 14:52:40,2017-04-17 15:12:32,2017-04-24,287c23d81ea7fb3a3df3c852ee17dd2b,2017-03-24
30fe274ae9909568c501af6539d4306f,16fbb85003b2c83ea0ff31ed5022b9eb,delivered,2018-06-29 15:09:58,2018-06-29 15:30:37,2018-07-03 16:01:00,2018-07-06 12:47:54,2018-07-16,3a1a5bba121ea1fc98060d58d3c812de,2018-06-29
f1847d849e2d6711494f463343546542,d923a6f627368b7d0c3821d8dbd504b3,delivered,2017-12-15 22:24:06,2017-12-15 22:36:32,2017-12-22 12:43:22,2018-01-03 18:52:36,2018-01-12,38c87e296e4df51efb00bbd07cd662a2,2017-12-15
880835c91a5227560bdb8d0f45c60579,410a24845e470f3c52bb78f084d359b5,processing,2017-03-08 09:10:55,2017-03-09 03:33:21,,,2017-04-04,f9ec24fb9f7ff631c6dd18328df0013c,2017-03-08
b622754849d8831e9fd50f34f6b9a88b,fe250657d695f666b5f59845eb482823,delivered,2018-03-06 12:12:15,2018-03-08 02:30:52,2018-03-08 20:13:46,2018-03-23 20:08:27,2018-03-28,cac66748e339bd5a970217748c2c3808,2018-03-06
6b8dc65729f47b72edbe497fdc431c87,d05ee8d1fcfa1735b7de95c11b13cfcd,delivered,2018-06-25 14:09:03,2018-06-25 15:09:23,2018-06-26 13:25:00,2018-06-29 22:38:34,2018-07-20,99017f566137456809aa814be29cfe2f,2018-06-25
2a03326bc3dd548e425fafa5c7be54ed,6d44f5e3a4196e1fd1cdee36fbc3c4e4,delivered,2018-06-16 13:37:17,2018-06-16 13:59:35,2018-06-18 15:01:00,2018-06-26 19:22:40,2018-07-12,6c2164340dc1c8dc89bf7b71d22b384b,2018-06-16
237f9d2cdf1d87f8b252ad4e11bb42a7,829161c749b57a5e1a33703a77718e05,delivered,2018-02-17 20:54:11,2018-02-17 21:10:31,2018-02-19 15:49:14,2018-03-02 22:39:33,2018-03-21,8376b5530eac9f3fceb2ae8f7c58947e,2018-02-17
05b2ebbb3869fd116a0a1c247ba70d00,115f6268f9705c6ed3b4119c8fe5f85e,delivered,2017-05-17 11:07:52,2017-05-17 11:22:29,2017-05-19 10:22:53,2017-05-24 13:16:01,2017-06-21,34be8fa07e63708f818e10e2096c83d1,2017-05-17
543a9bf05657bd3c5099de23d13139a1,d9721a87b4755c5e9a9f9a67ef484575,delivered,2017-03-15 08:19:58,2017-03-15 08:19:58,2017-03-21 09:07:39,2017-03-28 13:04:07,2017-04-13,57b0b8c2c522feda58822ffc4f680375,2017-03-15
529e1bb30ba6e4c420219a539593eee0,25aac06f1c893b78c7d26ff0a5308eae,delivered,2018-01-21 22:03:00,2018-01-22 14:01:38,2018-02-02 01:51:12,2018-02-09 18:52:35,2018-03-02,5eeb4fb67e6d3276ba73e4cf2f584fa6,2018-01-21
c6f02030f6bc633b8073c50178eb2833,28eaee40e9840e3442fb15d7c3655af3,delivered,2018-06-26 12:15:07,2018-06-26 12:36:21,2018-06-27 07:59:00,2018-07-04 19:25:41,2018-07-25,8b66d8d6eecf85ba83bdc29383d636b6,2018-06-26
7150170dd81a1532b5906d0cc50618b3,660ca825143d9c95d6c9e88b80bfa6c6,delivered,2018-01-11 08:30:28,2018-01-11 08:38:31,2018-01-11 20:00:00,2018-01-19 17:59:10,2018-02-06,6300bc55fc0edb7f2623cddf51ba7502,2018-01-11
a1044dbf7beb1971c71d7b0f94836313,0310b25c98b10f9c6d22b9009455df37,delivered,2018-08-01 00:54:05,2018-08-01 01:05:09,2018-08-02 14:55:00,2018-08-09 23:51:22,2018-08-27,52fc446155bc2a278dbaa6695e3c06c6,2018-08-01
7f7b3e8f848e23fbcd3d2e096d12ef94,1eea983564b20daaf35af83ca571e950,delivered,2018-06-25 21:15:58,2018-06-25 21:37:43,2018-06-26 10:48:00,2018-07-06 13:11:20,2018-07-19,9c726dd74d402358614b097f18aa4a69,2018-06-25
5370a96022220f889db213211b32740d,d57a120a63ef1c58d8704dbf52553318,delivered,2018-08-23 13:48:07,2018-08-24 04:05:16,2018-08-24 13:41:00,2018-08-29 14:26:47,2018-09-19,67c069b1347ff0bfea48b5035a0153da,2018-08-23
79832b7cb59ac6f887088ffd686e1d5e,ce3e77ff426cf554944d321064dd87f2,delivered,2017-11-21 08:52:33,2017-11-21 09:06:46,2017-11-21 17:07:08,2017-12-01 00:33:58,2017-12-15,cca20bbdb16d521c1f94eaf7209717b6,2017-11-21
fd0ea050aa7cb8693f02b9176d021a0a,eed8a1ec0be1729660683e943d605df5,delivered,2017-09-08 16:38:17,2017-09-08 17:04:16,2017-09-11 13:13:25,2017-09-18 20:56:51,2017-09-28,31f49e069c399db9c3a0bdf8653e4e8f,2017-09-08
0334c2700a7e8ac0f3efeb36b4a91e68,48ee4490f797cdb00bf00f9255351ee4,delivered,2017-09-06 22:41:34,2017-09-06 22:50:15,2017-09-08 19:49:56,2017-09-19 19:52:37,2017-10-05,36c2f8a28196fc5987d669d8e043178a,2017-09-06
05e6501cdfbd86fe9a3a788c3d411091,a0262fcf5f286681fc96c8d2b8396208,delivered,2017-10-16 14:49:14,2017-10-16 22:33:05,2017-10-17 15:43:11,2017-10-19 22:07:33,2017-11-01,b5fd935fca868cbefca0c71a3010d03f,2017-10-16
35e836760fcb033c916131ff094d1d21,52ea3af8cfa23076f574fe22f73e47ee,delivered,2018-03-02 15:57:44,2018-03-02 16:15:33,2018-03-07 01:13:30,2018-03-23 00:58:33,2018-04-04,691c66d5f2b54a03a95e2fb59c83ef18,2018-03-02
3459f554a17b52bc945b6cb98f90142e,8d32ea7086cee1b02c9de6d5ffcb00d4,delivered,2018-03-25 13:42:17,2018-03-27 03:50:33,2018-03-29 18:38:42,2018-04-07 21:28:41,2018-04-06,52152ab824fe738e8230950c5edbafdb,2018-03-25
9eb401aae2d502a73f4a27f97d3bebf5,f13bb2fb4cdf0a6655b9aaf846a73f13,delivered,2018-05-26 21:08:43,2018-05-26 21:37:53,2018-05-29 13:38:00,2018-06-13 18:36:37,2018-07-16,c6f8ad34724df04e4f53f5e4ccbfadf2,2018-05-26
284c8e297603b066a7b64a7cbde7f9b3,4546f685cfe43aabb0bf3af4eabdc763,delivered,2017-06-03 16:52:47,2017-06-03 17:05:17,2017-06-06 08:52:19,2017-06-14 14:03:42,2017-06-27,76021f22e28fcda7ededf39e2ca5a155,2017-06-03
e399680f053aca6ecc64cd1ec2c0741e,d42d70919f9ddfe513ce1d3df3ee8bec,delivered,2017-11-26 18:36:07,2017-11-26 18:53:59,2017-11-30 00:03:00,2017-12-11 19:42:44,2017-12-18,8d4d3f218fc6a54644a4c03a56e52f0e,2017-11-26
f23c71439ab24ac853522e783dd7dec2,68b7509c1f04aa6c537f935bb18b9645,delivered,2018-04-17 14:31:45,2018-04-17 14:52:35,2018-04-23 19:48:07,2018-05-04 20:36:57,2018-05-15,6a875e0207d93e4c06f193810c6c2cd0,2018-04-17
cc8389c87998ef48d592285b08d5106d,d23a0559b17d49af3cfb63c141bfd08d,delivered,2018-03-04 22:24:47,2018-03-04 22:49:27,2018-03-08 18:22:05,2018-04-02 13:38:35,2018-03-27,26f73dc50abd880d521de9e5bf07ae49,2018-03-04
ea9184ad433a404df1d72fa0a8764232,92f70647283582ec50ca1bb5794f6c90,delivered,2018-08-20 20:10:03,2018-08-20 20:29:50,2018-08-22 14:39:00,2018-08-28 19:38:28,2018-09-11,9655822fce78843a1c9fa79e6180346c,2018-08-20
dc32c5b96c5aa06641f7c32f3f1bce98,b5d99b818c44b7029424de7ce9798440,delivered,2017-12-10 23:02:03,2017-12-10 23:15:22,2017-12-12 22:53:15,2018-01-03 19:04:29,2018-01-12,def6a1bb25ed86d9fc212b52d45162a1,2017-12-10
67c8cb7add4e205c9021501079bc5f66,c1f66c1aa023b8b5a0f65327465efc7c,delivered,2018-08-16 15:35:40,2018-08-17 15:30:33,2018-08-20 15:53:00,2018-08-27 20:50:56,2018-08-28,4f114ef058f9d3a854fec64219e8d91f,2018-08-16
24012690fe6562f4a154875f2f64ed93,5c964a570a4a20c82fb9798b6c555b19,delivered,2018-01-07 11:11:03,2018-01-08 11:08:03,2018-01-10 21:19:24,2018-01-11 23:18:27,2018-01-24,790cc14129e4d076d124aafd2b9f7caa,2018-01-07
cb5084e6d5109655821d2054b7bec84c,16738db2ba964d2b05d642b0ff222451,delivered,2017-07-31 17:06:00,2017-08-02 02:50:14,2017-08-03 18:25:09,2017-08-07 18:12:00,2017-08-22,1d59e4eecfa206d206db45c317e78920,2017-07-31
d8b81d0afc8e1dc9c448772c8789d612,ec6d733c729e45a75dcfa18d42c29c7a,delivered,2018-03-13 20:28:43,2018-03-13 21:08:08,2018-03-14 20:44:50,2018-03-29 16:28:57,2018-03-29,85e315c0f8586e7c418345f113072d67,2018-03-13
a62ca1ecd2ebb5a76f2df38e3024c324,63aa5b96f7dafc4bb3b80ee18c32b7f9,delivered,2018-04-22 02:43:22,2018-04-24 18:20:13,2018-04-25 14:00:00,2018-05-03 17:08:49,2018-05-18,c5400d2fca348bd1313426efe4b10a51,2018-04-22
5a1a4a4a31e003b67af6ef6dcb9750db,49c38c2dbdb7f2357b97af94661d1956,delivered,2018-08-03 11:46:40,2018-08-04 04:10:21,2018-08-07 13:33:00,2018-08-14 23:51:37,2018-09-06,47e8ef9d4dbc59ab98422f3a07f6865a,2018-08-03
55722f117fa81b20ab36bbfc3c8878dd,df1669128bc89d6b100a5cb141157b97,delivered,2018-04-08 21:05:50,2018-04-08 21:29:36,2018-04-10 00:38:35,2018-05-02 18:17:36,2018-04-27,f1c756fd2bfecc4219c72b2f819339b0,2018-04-08
b0f09542f907cada33dd7ff85f029a71,ad0d03e2b961f34fdc46f626f6862f00,delivered,2018-05-11 23:36:27,2018-05-11 23:51:17,2018-05-14 13:21:00,2018-05-18 21:05:02,2018-05-29,e09002a1d37ff722ce6c9b44878434d5,2018-05-11
055336f2daf168319875b812d23de1d4,5840ca4dabfc4e4eac43cdc7123390c5,delivered,2018-03-24 13:13:08,2018-03-24 13:27:42,2018-03-27 17:36:59,2018-03-29 03:22:28,2018-04-06,012755131a5b785b0ae3291c339a9051,2018-03-24
570daa876f56bc4b6b5e503e01318c0e,b63e33229b055963236f49e39c1e8046,delivered,2017-11-22 18:23:16,2017-11-22 18:34:27,2017-11-23 21:17:36,2017-11-24 21:06:52,2017-12-04,0a56b53b96fc69f9d9aa8a0d4037c900,2017-11-22
9002c87ca6609313fe18204efa2c3a37,2224302c7f106ec29ae4a849b3d826af,delivered,2018-02-20 08:12:25,2018-02-20 08:32:35,2018-02-27 23:23:44,2018-03-06 19:46:47,2018-03-16,cb6c040d4cfee851f337e691f1b89077,2018-02-20
0fb09184aa674879c67d933523a4a0bb,1828873db87f59c258454599a88452b4,delivered,2018-06-11 22:00:28,2018-06-11 22:19:25,2018-06-13 08:06:00,2018-06-18 20:21:24,2018-06-28,603101e05adcd4cc4ade66118784ddae,2018-06-11
56ce64b53ec3bb5b0525f21506619f8e,6d45947c18621227f1e82fda7a73f26c,delivered,2017-11-24 12:42:21,2017-11-24 14:53:40,2017-11-28 18:10:06,2017-12-05 22:36:39,2017-12-15,fed51c3432d9ca128dc6a81c892a1168,2017-11-24
628287e102c84327f95402d4670434d2,0097c5abeb126a90646370f4a1cf3d93,delivered,2018-06-04 23:59:23,2018-06-05 00:52:33,2018-06-06 09:50:00,2018-06-16 10:32:17,2018-07-20,4c1cacfc081ddc8593a27c9d3c88be49,2018-06-04
183a7d0aaaf6b16afaa897a44424494b,6976b13183e54d7c9dac5d94edefe662,delivered,2018-02-15 10:37:47,2018-02-15 10:50:32,2018-02-22 03:13:17,2018-03-26 18:32:21,2018-03-19,bdcd97bbfa0c4547970136445e9ace7c,2018-02-15
14dbe374dedd03ff06285484791c8d4e,d1435050629f62d0a602e7900894fa92,delivered,2018-07-31 21:48:05,2018-07-31 22:04:23,2018-08-01 13:51:00,2018-08-06 17:42:20,2018-08-10,cd3340b0ac216750381d8ec73a15f4f1,2018-07-31
21f1cdf47b2ebf6d58a4e07191ac5a98,2e947dd15ae10d889923d07c28b9ef23,delivered,2018-05-12 18:30:38,2018-05-12 19:20:25,2018-05-14 13:44:00,2018-05-17 16:02:47,2018-06-05,eaefa1e081dbc951edfa76cccd68f018,2018-05-12
324213c21d2577b17bca52fb418cce03,aeaeb880137135bdc093ec402acea9c0,delivered,2018-08-08 18:25:48,2018-08-08 18:35:17,2018-08-11 06:44:00,2018-08-17 20:03:12,2018-08-22,b69b36cf39cfb2c756e6c1160853823e,2018-08-08
e8c03a93e09bd0dde6dfabd1eac42235,4c6cc85a89f512df728a98f49b54c7de,delivered,2018-02-17 20:22:10,2018-02-17 20:35:22,2018-02-20 17:19:17,2018-03-01 23:13:02,2018-03-16,cd06321b66b405ff89ec1e4e14c03886,2018-02-17
620b5f7f730ead80c8dba1202716a29f,6160230e6f8adb5cb023ad37203287a9,delivered,2018-04-16 14:21:41,2018-04-16 14:35:22,2018-04-19 02:05:05,2018-04-25 01:42:38,2018-05-09,8d3a01dad8496e7c850d5b3d580c8e90,2018-04-16
c89f9200f57c5d1e1d7a7c6a98d45ff6,b68c905ab520e155e3e405bbf8dc1bb0,delivered,2018-02-06 20:55:29,2018-02-06 21:10:46,2018-02-10 14:22:52,2018-03-02 22:12:57,2018-03-05,b0454e831e63abc9d4148e48e4ebb4ae,2018-02-06
f5c6db84c6a589ff1c0284e500a6acd3,2ad4f82ba85d382d9ee497dbe68d5c36,delivered,2018-05-21 16:33:10,2018-05-22 16:58:05,2018-05-23 14:12:00,2018-05-24 15:33:06,2018-05-29,50160b006ccda0a52d2cb6e170251a0b,2018-05-21
698c42d4d45a628919b9b38241aebf4a,415318e16cc2f959d7c15cf63f127956,delivered,2017-09-20 13:56:43,2017-09-21 14:05:16,2017-09-22 17:05:09,2017-10-11 18:25:52,2017-10-24,d89df8031e142bb5a28f16211b3ada43,2017-09-20
6b8d21bbe1e219c7b5039f232ca30e46,2da3c88ac9284b3bf9bea4cb79fd0e47,delivered,2018-01-04 14:33:41,2018-01-06 02:07:54,2018-01-08 23:04:38,2018-01-16 23:31:52,2018-02-06,b3ab1572fdb4a1c2e6862a3ea20e68dc,2018-01-04
f798a01c8646f8e701280d70b10f84bf,46e11714d9f2fbe6e44ced00b92c73aa,delivered,2017-12-18 13:47:48,2017-12-18 14:55:19,2017-12-19 16:02:38,2017-12-28 14:51:51,2018-01-19,7e10101903281ff2e9f358f9dcb37418,2017-12-18
a5edec799559e5ad6a1afa8ad782a771,2151df75aff3122332dfc66083790d56,delivered,2018-07-16 19:40:09,2018-07-17 17:45:24,2018-07-18 11:23:00,2018-07-23 20:09:33,2018-08-07,308dfe5168e217902973b27e7c91f27e,2018-07-16
7f78756aedc6c867e69e2dcfef932294,4df165e15f5c3b1bd4201efd8c8fe2c1,delivered,2017-06-16 10:32:52,2017-06-16 10:45:12,2017-06-16 14:42:48,2017-06-19 20:37:46,2017-07-06,67c92485fa38cdd999e4b72a6e347663,2017-06-16
dd501072091c950a1e6bb5ea9182df2a,345498125da8b61f64def813c4a2db79,delivered,2018-03-12 13:32:14,2018-03-12 14:08:39,2018-03-26 19:04:26,2018-05-14 15:18:58,2018-05-02,0cfe42acc51af3f1b24268032e51bc56,2018-03-12
0be284f82e07ecf4a437f85b82ba09cf,a3777228aa1a73a3bf9a3127609cf68a,delivered,2018-06-16 09:18:08,2018-06-19 03:36:39,2018-06-19 14:45:00,2018-06-21 17:32:34,2018-07-11,d79f00813a32cded40b4575b38eb665e,2018-06-16
297b78c63260d89009ce4a807842a5c0,ff92e1be6dc1bad3695547e321d2003b,delivered,2017-07-26 20:10:09,2017-07-26 20:23:19,2017-07-28 18:51:40,2017-08-11 21:37:41,2017-08-17,3a3bf14f1678d2dbfb886a2dc94331d2,2017-07-26
60b041f9c97f5cb1d089443156a52836,8dc532d8d7de85183b628175ba71e69e,delivered,2018-05-12 20:52:24,2018-05-12 21:15:53,2018-05-15 15:17:00,2018-06-05 12:16:24,2018-06-08,58d10d80f3f3dc2d549e0c1f9c63b2c2,2018-05-12
40df926a6d695cec9507ed972fa8b2f6,61911032487aa85b980785414f67e8b7,delivered,2017-04-03 18:20:46,2017-04-04 06:02:21,2017-04-13 17:49:07,2017-04-19 08:56:56,2017-05-02,c8c40a3a22947159eab9af128b2e51dd,2017-04-03
00bd2cb7e9076e1ccc9f766fc01a4cfd,45016dcb53fa07cb0c050dc78b2d6f51,delivered,2018-04-18 10:00:14,2018-04-18 10:15:17,2018-04-23 23:41:49,2018-04-30 21:16:48,2018-05-23,c5fd8c6fc581f9792cf214b22363671f,2018-04-18
c442924838668a8f207a02063556d814,9346c5bf5e6eac10f0c9feaff3eb306e,delivered,2017-11-16 19:37:21,2017-11-16 19:56:44,2017-11-17 16:44:46,2017-11-18 15:48:27,2017-11-29,5d5829e2a0b08bcad7b3606381d7c11f,2017-11-16
ddf574153803a9012e68e479fa941b0f,84f9776d9f55cb53b6690857744ca1ba,delivered,2018-04-04 21:40:03,2018-04-04 21:55:21,2018-04-05 23:06:40,2018-04-21 06:19:16,2018-04-26,42e3510968b9442349d383ea0c98ccac,2018-04-04
40deb01ced4c0d076432514cea0a091e,466ca075213145305a2760482ecf8c26,delivered,2018-03-11 11:55:16,2018-03-13 04:20:27,2018-03-13 18:18:34,2018-03-16 20:06:31,2018-03-23,1fe1ebaae0912c827a35e8a93c1c5ce7,2018-03-11
6942e86d33b375b95195dda92c2f603d,d6cdfeca7b382005c0afaff5ee4c24cd,delivered,2018-03-24 18:25:24,2018-03-24 18:47:11,2018-03-27 19:50:41,2018-04-09 22:51:32,2018-04-26,565fb68ac5d1fdf1721f544362f46c35,2018-03-24
45545b0586d46e77f4758cb7a15320b9,87cc80e439ab356ef3b045e8be9bcea3,delivered,2018-07-30 19:46:51,2018-07-30 20:04:40,2018-07-31 15:07:00,2018-08-01 19:28:54,2018-08-06,18f13a4030ea2c8f9faf14771f09d8f6,2018-07-30
4b8332fdbf824168f691498b79e5e556,6d1fe6ac78f6c088409c33ab54124a35,delivered,2018-02-23 11:55:55,2018-02-23 13:00:33,2018-02-27 02:09:16,2018-03-08 16:51:58,2018-03-22,4ff0c5bf5ff939d3ed476462c42d431e,2018-02-23
95e8e7edf6d02da861e93170a9953465,d5c3f175135abfeee7f63c1d64882156,delivered,2018-03-01 20:39:11,2018-03-02 15:55:40,2018-03-08 20:42:37,2018-03-16 21:32:24,2018-03-19,4557896ca8d8cb9fa93fe60ea0b37262,2018-03-01
d341bf71429128ec496e8012f3f8e2a0,84cad6a5d13b2a45316812384327e16f,delivered,2018-06-12 21:41:59,2018-06-12 22:01:37,2018-06-13 14:33:00,2018-06-18 22:08:52,2018-06-29,a14097347c4af120bca0ec1c6c7d5577,2018-06-12
a006e96e455871265c8ca46cf83bf54c,fcce126f6d5805434739fe769241e00c,delivered,2017-07-27 19:52:48,2017-07-27 20:05:26,2017-07-28 17:36:00,2017-08-01 19:25:42,2017-08-18,b376982d3505084b995ae74fbf660057,2017-07-27
179b63fcfafb80e064370a2ce74c81f7,f63db8b1515a5d3606d101d9b9cf9fe2,delivered,2018-04-17 11:53:36,2018-04-17 12:30:02,2018-04-19 19:36:39,2018-05-25 13:41:46,2018-05-21,897df847354833789262d872ee1062d1,2018-04-17
813bd43a2ed21157ce6f32346a63e01a,10606ec9144627ef888d2069483083a5,delivered,2018-06-25 01:14:24,2018-06-26 14:34:22,2018-06-26 15:02:00,2018-06-27 14:38:49,2018-07-05,263c5426dd054f1975c09a1e8018bc7f,2018-06-25
24abde75980ca7fd4234cc23e098c2ee,e641f40e2e360a2c73d6cd8a50de252a,delivered,2018-04-24 10:08:21,2018-04-24 18:20:52,2018-04-24 23:11:50,2018-05-04 00:22:43,2018-05-18,877841f6f8d1b6c71af462de5fd6011b,2018-04-24
520ddcbcf0082ed43b0a73ce1127f073,0c7e81c095866ddce9df46721a8a158a,delivered,2018-01-27 20:36:58,2018-01-27 20:52:21,2018-01-30 14:13:18,2018-02-06 12:22:40,2018-02-20,144b22ba90f9b1cf5bf278f0db20a355,2018-01-27
b686713e41eabb681b6e7948118f24f7,c7f26440b498a90f758f26eda34f1801,delivered,2018-03-19 12:14:50,2018-03-19 12:30:39,2018-03-20 17:58:50,2018-04-02 22:36:51,2018-04-19,e64711458e5538f51bc01c3388443450,2018-03-19
ae5e5e33fbc4cfa818e4391563778f66,26107dfac63f8909bfbfaea86f095c05,delivered,2017-11-28 17:46:25,2017-11-28 17:56:50,2017-12-02 14:49:10,2017-12-03 18:38:35,2017-12-12,b2f7eacecad4eed16774885920e3d2a4,2017-11-28
566c5bff1142c9d6003a83fd2e8ad1e5,892022d497c9598ce4a313f64ceaa87e,invoiced,2017-11-23 18:03:23,2017-11-23 18:25:18,,,2017-12-18,d789900b27c0988cf06890bb619520a0,2017-11-23
534c285356eb06898b7ea7edbb14476b,b692fb160782271845b7c858cbd9c1df,delivered,2018-03-23 08:49:19,2018-03-23 09:08:35,2018-03-23 23:04:33,2018-03-28 02:52:21,2018-04-11,46a3729194f6f9d113c57f7f87bb89d9,2018-03-23
68f0f840a681f5c203a817cdb263b739,2913c6807310716ade0bd399a9abca3e,delivered,2017-09-23 10:46:05,2017-09-26 03:24:28,2017-10-02 23:30:29,2017-10-13 17:33:47,2017-10-17,93f420e37d92cd7518e2b6c5db4cd95c,2017-09-23
85be7c94bcd3f908fc877157ee21f755,54b307e9a6121f572faef4f220fbac3a,delivered,2017-09-21 22:00:36,2017-09-21 22:48:00,2017-09-22 17:59:49,2017-09-26 19:27:37,2017-10-13,813585153cd8b4b6c06e576d818ec985,2017-09-21
abcbd7d5a339a1f5f553ba84b4d9cc69,da90cf906fefe43638ea19d590ad987c,delivered,2018-03-24 20:43:24,2018-03-24 20:56:07,2018-03-30 00:11:56,2018-04-12 22:09:50,2018-04-26,de4e3ce43bd5085fe445e08c68b950f5,2018-03-24
47f1d4cd72cfee577340ecb01a3e8028,db4810eb355a4519838ae8a121975b6f,delivered,2017-11-05 11:12:52,2017-11-05 11:30:24,2017-11-06 19:16:48,2017-11-09 21:57:00,2017-11-24,ac96769b758dad3bd572bc5e3fcb8511,2017-11-05
99c9fec8ab028336e605f216e55337e6,1795d4e196e92788373519059c0e6897,delivered,2017-12-01 09:05:03,2017-12-01 11:30:58,2017-12-05 03:06:31,2017-12-18 18:35:16,2018-01-04,833aa52735ad47163e479b4684b0f82e,2017-12-01
9c54a1816e487456bb7eb5082b9823ff,1d48a5dcde374b9d63b2c29e6af97cb8,delivered,2017-01-17 14:23:54,2017-01-17 14:30:16,2017-01-18 08:27:58,2017-02-08 08:43:59,2017-03-02,1d2435aa3b858d45c707c9fc25e18779,2017-01-17
a7c06c01fe6ddeff25b3c60459b5fcb4,720f6f7d2b4d286d12fda1ea47781302,delivered,2017-05-29 09:28:35,2017-05-29 09:42:17,2017-06-01 00:32:40,2017-06-05 21:22:42,2017-07-03,6bfccb019f3da909ef21a2803daf87e5,2017-05-29
d8d9232af59462bbb0961d11222ea210,22569cf3f36b02da715a15f53101ed52,delivered,2018-08-16 19:17:56,2018-08-16 19:30:08,2018-08-17 12:09:00,2018-08-22 17:48:53,2018-09-12,f798248f7c40b683f7b083a3ee360710,2018-08-16
42d8cfd4e239b47ae745848a8bdd5193,43052296c9ba662bc8628ebf9661a86d,delivered,2018-02-26 10:30:52,2018-02-26 10:50:48,2018-02-26 21:23:24,2018-02-27 12:38:55,2018-03-12,9e59404a9868b5fdfe293667404c9a40,2018-02-26
e7e312612b232f936e5f1ff9ee5bc2b5,697100d1e9811a011dc96a0887406e50,delivered,2017-10-21 11:01:29,2017-10-21 11:14:41,2017-10-24 18:19:55,2017-11-01 16:12:43,2017-11-14,c5e4a022d3a34df458bfb7c1b4988063,2017-10-21
016fbc333d66b414be541c6159576c40,83fc79bfef5a8fb84c5d77f3748e0064,delivered,2018-05-30 18:09:10,2018-05-30 18:30:42,2018-06-01 14:58:00,2018-06-11 21:28:42,2018-07-24,eede3c924dcfa1c4340e70b50010be26,2018-05-30
ab87dc5a5f1856a10640d5f42e4c2fd9,538a4d02876412846b966a3c057395e5,delivered,2018-06-04 12:38:45,2018-06-04 12:50:47,2018-06-05 12:12:00,2018-06-11 20:39:49,2018-07-17,fd317ae6d8988b7041034edac3f253bf,2018-06-04
5295794ed329bd3ffd4581bc4a0627a5,bce1676dd0edb9474cba3d3aa9067024,delivered,2017-05-16 13:58:54,2017-05-16 14:05:23,2017-05-16 15:30:08,2017-05-25 09:28:55,2017-06-20,1e17c906173cbf94c518102351573fac,2017-05-16
66e7b21711a5ac0d6b6a5f60e4c79a75,7f6e0647dfddaccdf6e140f98e0945bd,delivered,2017-11-28 14:31:04,2017-11-29 02:20:34,2017-11-30 19:21:27,2018-01-03 13:13:00,2017-12-21,157a6a3e29ea1833d3630f3962ac903a,2017-11-28
002f16b7bc4530031b7d90f791b12d8a,1eeffe21744883fbf61fbf138dbb8eee,delivered,2018-07-02 16:51:47,2018-07-02 17:11:12,2018-07-03 16:35:00,2018-07-06 18:14:47,2018-07-25,eb859d4b5ab54b643d2c0cedaca0c9fb,2018-07-02
d8d281c1a1398a1e835fdc4adfb81e2a,14c1e4101ca2dc7dbf876d9c9e6b11a6,delivered,2018-07-23 20:50:50,2018-07-24 10:31:11,2018-07-25 15:09:00,2018-07-27 18:27:42,2018-08-07,7eb01c1ef439cd15ed3a4cc601d15dd8,2018-07-23
2b781b53b653523cf1337a742b71aed3,313d46bf885960e2f3a62effcfbd789f,delivered,2017-10-12 09:33:01,2017-10-12 09:49:25,2017-10-18 16:59:40,2017-10-20 18:06:34,2017-10-31,e9c484d9dcf31bbc2c94118f6a79d007,2017-10-12
cb418bb4b6115438d20b0141ed5bc9e0,a7ea318cbe9df2ec79ab37cd7ca2135d,delivered,2018-06-07 13:53:52,2018-06-07 14:20:16,2018-06-08 15:11:00,2018-06-16 16:48:23,2018-07-18,9b11e010850a4045d2da80c7783fdbd1,2018-06-07
dcedac1406b3713259927ba54a3ad206,a8695124db570d100b87f73fbdaef64a,delivered,2017-11-22 16:56:05,2017-11-22 17:08:29,2017-11-23 16:09:03,2017-12-02 18:18:28,2017-12-15,c3452e8f22eff6eaa361690c7e7ffd4e,2017-11-22
6a7e99c1218ca32aefdff408295eb467,b1ae8978938a4a36dd3724b750b23d6c,delivered,2017-10-03 08:34:54,2017-10-03 08:50:35,2017-10-04 02:10:06,2017-10-10 18:17:34,2017-11-01,8f24365a46f82ddd0cef7893319a40d5,2017-10-03
80dabd6ee5b0e0d7d5672d511ca8cc7e,fbea4ed949b70f597425d14164f82851,delivered,2017-10-01 20:04:21,2017-10-01 20:23:43,2017-10-03 17:25:55,2017-10-09 19:40:09,2017-11-03,8944ddfaf0d834d65a45fd1997847b28,2017-10-01
7165aba369a4514fae50be36d6b5e592,31c084fb2c73c4aee537dbb9f96fc0f5,delivered,2018-01-17 16:32:19,2018-01-17 16:49:49,2018-01-19 00:43:18,2018-01-24 19:59:00,2018-02-07,0b49c33f53bc3d731cfc40dd36cc1b31,2018-01-17
7be005575f2d7598f774514a9e575f27,c4445fac077e8eb2dca9de6f5be8a6ca,delivered,2018-07-30 10:00:40,2018-07-30 10:31:27,2018-07-30 14:51:00,2018-07-31 17:46:55,2018-08-03,478a0a8d25ca79847ce2ff79ac2433b5,2018-07-30
a7ed24c6e9dd5c83996984932b57c9dc,29397baa14b34d03bb0491d3a99564ca,delivered,2017-12-06 22:54:33,2017-12-06 23:55:26,2017-12-11 18:15:11,2018-01-02 19:07:23,2018-01-05,46ab1191da6a216e86ad5a3c0a5d770e,2017-12-06
216bc8ebe70b73bb6e7e3270d9a5df56,7f6409eecd4073f3002766034aa36e62,delivered,2017-10-03 19:29:06,2017-10-03 19:49:19,2017-10-05 15:02:42,2017-10-09 19:18:51,2017-10-20,58704dbb44acbec0448a215ac2871320,2017-10-03
87a330a52c9e677f1252f2f17e54cf65,ad7bbfe917e8a82b01c911b1f6752c7a,delivered,2017-09-13 23:19:22,2017-09-15 02:10:46,2017-09-25 19:38:39,2017-10-16 16:35:32,2017-10-05,810c710aa4f69da0a93dbc4932e3556f,2017-09-13
8a6687e2edd62edc2b9c1de51234bd98,7c93fdee2bef9805081b51d931b99bc7,delivered,2018-07-02 12:06:33,2018-07-02 12:15:11,2018-07-02 13:47:00,2018-07-10 19:32:05,2018-07-30,6c4e5fafa5368d585420a705b9582df5,2018-07-02
755acdbf6da2041544f004ead2cdd080,ee64351d93ed36563eea84500a3f558a,delivered,2018-05-05 12:40:10,2018-05-05 12:55:20,2018-05-07 10:23:00,2018-05-11 01:32:49,2018-05-25,b3862c77ce520400d5c3c70461022ca0,2018-05-05
d16e915397932f8b3510f595170d1d6b,020edf80d85585b9ccf1c48396ec32aa,delivered,2018-05-07 20:43:47,2018-05-09 02:54:17,2018-05-09 14:09:00,2018-05-16 18:56:50,2018-05-29,df27c250c1f69adb0cf75d0342814ca1,2018-05-07
d79f6f82d928f3116b391795f3a4337f,458430198d0e879d5f272f5a5b959a2e,delivered,2018-03-09 22:35:23,2018-03-09 22:50:31,2018-03-13 03:08:40,2018-04-04 18:37:40,2018-04-06,63e7b3101c55297369f3141cf91532be,2018-03-09
577dbf4b3668adb656ec29c2ce049ab1,8dc378ece8c57180e796e818c803e577,delivered,2018-02-10 15:15:50,2018-02-10 15:25:24,2018-02-14 21:53:49,2018-02-15 21:17:06,2018-02-26,06437dfb2aec58f76036b3c3ee36d9b1,2018-02-10
1ac975a2e0caad3a89c4c5bbdc8f996a,a883031033e9e3a9b75867f0bb39b4d4,delivered,2018-08-06 13:04:26,2018-08-06 13:15:21,2018-08-08 15:13:00,2018-08-13 23:25:37,2018-08-31,04daf0030c088fed728993ef9f7eaa56,2018-08-06
cfe5cfa623b5e9cd32abf47ac65b3776,f27d38186712a26c18ddaad3f3165e42,delivered,2017-06-14 16:29:40,2017-06-14 16:42:49,2017-06-19 20:13:04,2017-06-21 16:59:57,2017-06-28,6b37d47561c8e97bd313b89215e0ae88,2017-06-14
77d9489f6394fff407ce6a4ab64957be,6aab7c3dcfc8d7221cf7096fcdb40f58,delivered,2017-11-20 14:31:13,2017-11-20 14:38:29,2017-11-21 18:37:28,2017-11-29 20:21:38,2017-12-14,a9e132df86d3c56b21d5255375dee380,2017-11-20
ceecda7c9b24cbff643a6c5119a9ec6d,76127da03b20e432691fcc923788d9b3,delivered,2018-07-31 14:31:45,2018-08-01 02:35:19,2018-08-02 14:49:00,2018-08-06 18:05:43,2018-08-06,4604bef2f7091a97d534af2a62c65952,2018-07-31
9b8dce6896a07b137779350966e11e99,8ab9de8260d0b7e0dc87c417a073e0e0,delivered,2018-06-10 22:06:29,2018-06-10 22:31:23,2018-06-12 12:36:00,2018-06-15 17:40:39,2018-06-28,a12c1a57e3db5b14554ced648dc06f9a,2018-06-10
eb94ceabe643cd28e6fb58503790a2e1,b576ef11e3b12196c16e412f8ab8e65c,delivered,2017-05-18 23:25:09,2017-05-21 09:32:20,2017-05-22 12:17:32,2017-05-23 22:48:35,2017-05-31,04f1fd1b75385fd1c7b6de018e0c4ab3,2017-05-18
4d41aecae7fc035c91789128309fb7b0,66f301b13bbabd16970b1f7a8f4e40ac,delivered,2017-04-30 00:12:14,2017-04-30 01:22:34,2017-05-02 08:11:00,2017-05-16 14:55:52,2017-05-25,cfa0dfd65182c8bcbf31fdb1f35cc0fa,2017-04-30
42895607072db349b61edb6cdbc363a3,2eb20bcef198dfa0ecc7d8e46ba0c856,delivered,2017-09-06 13:14:35,2017-09-06 13:30:14,2017-09-11 19:34:42,2017-10-05 18:37:25,2017-10-03,db0898e62cb42db700932d47b1d7a0d7,2017-09-06
f07cd569c4555fbf9dd3568b7995827a,8f41cca39f1d5a5cbed373e947d79e55,delivered,2018-05-07 08:05:30,2018-05-07 16:53:25,2018-05-09 15:48:00,2018-05-18 17:37:27,2018-05-29,01cbe0a1a969bf0936fd97298ae18cc8,2018-05-07
0711b9c575a5235790c3f863179c3267,0338cedf9fd370fe655047aaa0725078,delivered,2018-06-01 08:21:03,2018-06-02 03:15:21,2018-06-05 08:27:00,2018-06-13 00:08:45,2018-07-12,1f98d2384ff7a372e6a2d3bb75cbcd54,2018-06-01
a9d574fb4532cc54b608ac0218225ed3,e6b66b7e38d4ec0a5c703351f220a98c,delivered,2017-12-29 11:08:04,2017-12-29 11:18:22,2018-01-05 18:12:30,2018-01-23 20:17:09,2018-01-24,e6d3a211ef39d127621ff7b413af85bd,2017-12-29
4473dab90d5c08b597499e973725804a,512b6230960174ed572f2d70d3db6e89,delivered,2017-10-26 16:19:58,2017-10-26 17:31:55,2017-10-27 18:09:10,2017-10-31 21:03:54,2017-11-13,0a3f8040b6aac1d8add29db655c3e463,2017-10-26
b52ce41a14821d9fa67f8a77cebb3efc,20d8643f227f32bd4ea7070fb153db32,delivered,2018-02-10 18:24:53,2018-02-11 13:50:26,2018-02-14 15:48:59,2018-03-10 02:08:40,2018-03-09,fd4c3f3341390e4e7c4fbc024444c99e,2018-02-10
18c95a0e4c4a3d218d5eda56e235436e,d7dd95871faf13264a7a32166dfba38d,delivered,2018-03-20 17:18:09,2018-03-20 17:28:25,2018-03-21 20:12:09,2018-03-24 00:58:30,2018-04-02,52a2f316baf6921a49770363ec6b1268,2018-03-20
ef340fd20274f4bc0181f8d9b8ae9748,b8be0fb88b88d0e00af27f75835e1c50,delivered,2017-05-10 19:29:00,2017-05-11 04:10:15,2017-05-11 08:27:59,2017-05-16 11:46:57,2017-05-30,e7ba333fbe7c3afa5f89cb575f9eac6e,2017-05-10
1950d777989f6a877539f53795b4c3c3,1bccb206de9f0f25adc6871a1bcf77b2,canceled,2018-02-19 19:48:52,2018-02-19 20:56:05,2018-02-20 19:57:13,2018-03-21 22:03:51,2018-03-09,6a04c8339c44b23e189446216a494569,2018-02-19
011e6e76dd0cd56d26b5b0cb036e80a8,3a6fc4af206cad7a5eaca926cdffd0d7,delivered,2018-04-08 17:34:16,2018-04-08 17:50:12,2018-04-09 19:02:45,2018-04-11 20:53:28,2018-04-19,d5ccb9146be20771162df61d83ee6a31,2018-04-08
8882b69ff0006727224cd56da4932e89,df69e936b93edc5cecff8047373bc369,delivered,2017-03-16 12:03:27,2017-03-16 12:03:27,2017-03-17 15:44:21,2017-03-30 15:42:36,2017-04-07,fd9498521525ba7fe2a8515f00e7415a,2017-03-16
03c7acb8cfb3a3567a70fee4a1e2f82d,7a185d1a7b35b67cc0fa426ad845f666,delivered,2018-03-28 16:57:56,2018-03-30 03:27:00,2018-04-03 17:40:36,2018-04-17 18:45:54,2018-04-17,5c9ce64e6f59daa383b4b3cf25d393d3,2018-03-28
ba6293d68e1fb59ee455806a8ef6d651,545b9a267af9ba134305649a5a51af74,delivered,2018-02-14 10:48:33,2018-02-15 10:47:54,2018-02-16 22:25:02,2018-02-23 21:23:45,2018-03-07,56546b71f8bf254f860014fae431af6d,2018-02-14
446634c9e8e8c3a70fef1507c82d5c68,9248f24013892b2690a39829f54159b9,delivered,2018-02-19 15:16:15,2018-02-19 16:40:28,2018-02-20 22:42:41,2018-03-27 00:58:35,2018-03-21,64be1085f459ad4720cd416c386d3e51,2018-02-19
52432d42fb818ca588e38c5067f73c3f,045178794d4eb65a4b79f34dee26374a,delivered,2017-12-12 13:20:01,2017-12-12 13:31:36,2017-12-13 22:27:51,2017-12-17 11:26:00,2018-01-12,baf8d1bc8b02f403f67012d3366984b6,2017-12-12
884fc1672d7c26265ce8f3b2e2369b32,138a01aa92239376fe0599ebb07a2c1e,delivered,2017-12-18 15:09:06,2017-12-18 15:19:27,2017-12-19 18:19:02,2017-12-31 15:19:16,2018-01-15,e2d7f534cc0ecd215219ee87abf8c401,2017-12-18
e5b692a00119342b4412cf70919378bd,a524eab70342a06e4b101d33124fee29,delivered,2018-03-05 14:35:12,2018-03-06 03:48:58,2018-03-06 18:11:47,2018-03-26 19:33:04,2018-04-02,a6b40a99291a67fecea4485e66957acb,2018-03-05
ce38feac183edc1669336435be2a2ef3,c1b54e5ba377e64db9dc49d1e094e409,delivered,2018-01-07 11:07:34,2018-01-09 07:19:58,2018-01-09 16:20:12,2018-01-15 12:33:19,2018-01-31,3beff2bbe2c00e9da692082224f0f770,2018-01-07
c50da75d0af4bf40f1213d2d8d5f13b4,dea2ad6bafd73c46a58b4dee61bbf942,delivered,2018-05-15 20:19:37,2018-05-16 20:16:28,2018-05-17 13:51:00,2018-05-24 15:14:36,2018-05-30,bb96c9b95cfe7fe1731f9ba01908b64a,2018-05-15
3cb69ccd08eea344a68a66e8ce49a282,9238a417f2d525ad5640693385b86d9b,delivered,2017-07-06 16:18:52,2017-07-06 16:43:46,2017-07-07 14:38:34,2017-07-12 17:43:32,2017-07-26,538f20c5da86daf31ec285792b8b603f,2017-07-06
00f2c876aa08fbba04199823952e96c1,eb4fea182012be623175b35ee37dfe50,delivered,2017-04-06 10:21:23,2017-04-07 03:15:32,2017-04-10 12:04:47,2017-04-18 14:10:11,2017-05-09,9ad4f9335cac4ef80ebf85ce93dee011,2017-04-06
6fa8043bdb80a1aed9ed56be51399cfe,ffceee06e0f7d5d3747eae50a0ccd61f,delivered,2018-01-04 15:31:25,2018-01-04 15:47:21,2018-01-05 20:27:01,2018-01-13 12:58:40,2018-01-31,2d9611203b229e9cb67f2233522eb915,2018-01-04
53ad0f90be4c36080d70c96aa70eafe9,88ba6e648722917fa0eb0823d3197582,delivered,2018-03-03 20:15:00,2018-03-03 21:00:20,2018-03-05 22:52:17,2018-03-26 17:08:55,2018-03-27,404e415d2dc63f769916d23ba8040386,2018-03-03
55f6044cecace75277ac3fb0335bf9a5,df01a0e718fa759ac5bcf053453b8243,delivered,2017-12-07 19:15:18,2017-12-09 02:37:24,2017-12-12 18:08:58,2017-12-20 22:11:40,2018-01-04,41bc11922a49c47bed46280d317c4cdf,2017-12-07
4fe2e8b329e56a00aba9b0136b46f00f,0c6e74d3848e590888f197074ee1f5ff,delivered,2017-01-13 11:06:56,2017-01-15 11:05:13,2017-01-18 04:58:17,2017-01-20 11:33:43,2017-02-24,58aa424ba24df5dc745e1a3941abc5a3,2017-01-13
fb0a15c6b3645581d8535f4f873c7110,cffb172123085bb4496595230e43b97d,delivered,2018-07-09 14:31:00,2018-07-10 04:30:20,2018-07-13 11:18:00,2018-07-16 11:02:00,2018-07-26,5bb9ad6df9af9994190955a8b9b5b7c1,2018-07-09
c5a6176838c42bcb0286f07cf06afe84,141a1a131f78b3329311abcc428991bf,delivered,2017-12-04 12:44:45,2017-12-04 16:33:35,2017-12-06 19:08:11,2017-12-28 23:03:53,2018-01-10,7a53ba76258617f396248d5d2de031db,2017-12-04
762fa054ae976d76eea5688eaa2a92e6,8205033143e83aeee71e4df23fedc372,delivered,2018-08-26 09:22:44,2018-08-26 09:35:15,2018-08-29 14:45:00,2018-08-30 20:50:41,2018-09-05,647834fa9bee90050574fb5a00b8f0c1,2018-08-26
aa3babada56030c2ad79976c60d51e79,df4c766338ff657c085016f56ba362a5,delivered,2018-05-24 15:06:12,2018-05-26 02:31:49,2018-05-28 14:08:00,2018-06-07 19:27:28,2018-06-19,afb1904c9b0ca47a823192b156877374,2018-05-24
56fdda0cb0aee560cd00b1a571dcb10f,d558a46ba4dd583c224349c628c52c56,delivered,2018-07-13 18:07:37,2018-07-13 18:24:02,2018-07-18 16:25:00,2018-07-24 20:12:30,2018-08-09,bc5fbc9860ad6ea016f6a52502f27c82,2018-07-13
f01a5a364ba478074322dbb1b084d647,4aaa498a3b2f602e7faa8c84a8465d29,delivered,2017-11-22 12:14:30,2017-11-22 12:26:22,2017-11-23 23:38:50,2017-12-06 20:38:50,2017-12-11,d282b6f9c44809c95ae8d67377d42837,2017-11-22
70af5c624ad6c3daf236b9acb1ada8d0,9ce954c266d631d96fca00f1eb740ef7,delivered,2017-08-11 11:59:04,2017-08-12 02:45:55,2017-08-15 17:13:00,2017-08-21 22:53:44,2017-09-06,03b844f8f2bfba1e73ce0d1894807af0,2017-08-11
846de1a3e7ca6bf29333e1db02040ab6,fed9258e995bc38766aea4fcdead8676,delivered,2018-01-30 11:51:07,2018-02-04 23:31:38,2018-01-31 19:48:36,2018-02-08 21:52:09,2018-03-02,58f20748b5ef303f21ad24e74b8eaa42,2018-01-30
5ca6beedce6f32eef65de17a1f81d50d,c06f5779dc9ad82cf60b76db2434366c,delivered,2018-08-17 12:26:02,2018-08-17 12:35:19,2018-08-20 12:02:00,2018-08-23 20:31:58,2018-08-29,bb0ccd5578b0944bdb14be3d020074a3,2018-08-17
758e852ab6d20c02ec1b0f75a024d83f,7c89a2053c38cf699f55fb5864282447,delivered,2017-05-17 22:16:39,2017-05-18 23:42:35,2017-05-19 16:01:37,2017-06-01 13:15:33,2017-06-19,3778cf859fc4f14eec06ae45b48b4ad8,2017-05-17
369423839b4d9789d69665b7c2361443,fd09581178029df57e2c1f177fc8ef29,processing,2017-11-10 08:56:32,2017-11-11 03:10:33,,,2017-12-05,bbf0cbba57c53c0db5f7457d752bd431,2017-11-10
a5a6a37b03ab138756330778a96a5e3c,8b8805ad94732dbe96a3b7c98fb20b44,delivered,2018-06-21 09:22:11,2018-06-21 09:43:06,2018-06-22 13:47:00,2018-07-06 16:22:29,2018-08-13,94f3234a77f2f5b239ab74865a193724,2018-06-21
ff22f062d286cb9f0ac08978e3088b82,5a99eaf5187e3741ee19a3b972befc14,delivered,2017-08-22 10:56:43,2017-08-22 11:10:16,2017-08-23 20:38:11,2017-08-31 18:40:05,2017-09-14,e4206d9f87b6c72fb4e1922e20e29917,2017-08-22
2ea399422b697257c14a7f63c224c9f2,15225afcf8a9e71763e021734ccf163c,delivered,2018-06-07 19:56:49,2018-06-09 02:57:20,2018-06-12 16:25:00,2018-06-22 19:06:34,2018-07-27,08b1a8aac0cd0ae1efff771bb98f19b6,2018-06-07
efcdad37e7529147a3c3ece422943baf,68ce6b05de7e3b0d5103fb9952c9c959,delivered,2017-11-06 12:09:21,2017-11-06 13:31:20,2017-11-09 20:24:05,2017-11-10 18:24:54,2017-11-17,a4d6f5e61e07e006e41e7ec382f3db1b,2017-11-06
2be34c2ba4b5bbab97cc1ab70c699168,7b07399a09c03f0e2f898eddc04cefb1,delivered,2018-08-20 16:43:55,2018-08-20 17:10:55,2018-08-22 13:35:00,2018-08-27 22:12:58,2018-09-03,fbcf24291837ef48c4312e2a5ac6c4bc,2018-08-20
5f71bc83356f39cf9e9b8004f39a989a,3f979bbdedf57087a39ae7fed98ec7de,delivered,2017-08-23 14:29:48,2017-08-25 10:44:56,2017-08-31 20:04:30,2017-09-11 19:47:32,2017-09-25,ca62a2278969324ffe26da3e5704d0d4,2017-08-23
6014de3ed0a310e59ac664e276af54eb,71d824a92863847504035325c4865f7e,delivered,2017-03-05 16:46:02,2017-03-07 03:43:17,2017-03-07 10:50:08,2017-03-13 18:52:03,2017-03-27,4786095d5d01fa91f67a87184280f6ff,2017-03-05
1a17c1925a4d5a18c4880b06b51c2b0f,d35b5587adfbd22e54b0c7e32762359a,delivered,2017-06-29 16:38:51,2017-06-29 16:50:07,2017-06-30 17:37:35,2017-07-05 15:54:35,2017-07-21,5adcde68f0d0cfd95225aea102dd0167,2017-06-29
689e8820798347950a2649f71c734bd0,1510278962879d204243606cbd1a9ede,delivered,2017-10-12 10:25:23,2017-10-13 21:07:15,2017-10-16 19:33:35,2017-10-31 16:37:34,2017-11-06,4f2b39545ebc1f7457d44249f8d7fc7a,2017-10-12
72eee104bc08e3498017c9c02b2ae1dc,ed4acf9c881936dc203b8d884228962f,delivered,2018-05-05 20:55:21,2018-05-07 08:51:56,2018-05-07 14:05:00,2018-05-14 18:15:00,2018-05-30,44434a963fa4b4012dfd754e817de54e,2018-05-05
91ecb8522096ff10be2144645c994c6f,4617e05b28548d6730f1d06a9bd3699e,delivered,2018-02-24 16:42:01,2018-02-24 16:55:47,2018-02-28 13:19:44,2018-03-16 22:16:28,2018-03-23,015aba8b6e516fbf6ee76c164c11987b,2018-02-24
2aab860630cc1798482e942ad176f05c,ddcce6518b9590ef2f19603869eadcaf,delivered,2018-01-26 21:56:44,2018-01-26 22:11:49,2018-01-31 14:28:51,2018-02-08 23:22:02,2018-02-20,faec2bb5c3f1bf0e6e17ef8ee96a2ea0,2018-01-26
928cc774345b405181cc07ab2497e930,8fe6bbc3193663dc50317d188ab5e9ae,delivered,2017-10-28 10:26:14,2017-10-28 10:45:43,2017-10-31 17:49:41,2017-11-07 18:51:26,2017-11-30,161ee8b03cadfe7599ce809b1750a78d,2017-10-28
d8f4ac2b5cf577657a2165a7c75857ff,6aedd904a13070b8a5c21abd8de0c090,delivered,2017-11-27 11:05:38,2017-11-27 11:15:03,2018-01-04 21:33:21,2018-01-22 13:56:53,2017-12-19,4cfcf39c95ad546b0b18e931bc3e6d6a,2017-11-27
35a43762d907c68ab2a6a697fe52a336,094560467d8afd775d9f89d00cf1e682,delivered,2018-03-29 00:31:03,2018-03-29 09:47:55,2018-03-30 00:38:48,2018-04-17 18:54:51,2018-04-24,ccf9bb2d5ab02b4928415360e23e6e8e,2018-03-29
823e8a998c065938c05f4302610c3a5d,fd1dd010106ac6f84273fe976a08e6bf,delivered,2018-04-01 20:18:06,2018-04-01 20:27:42,2018-04-06 19:42:02,2018-04-10 10:28:59,2018-04-19,60af18e2b219938a9c9755aa018cd46c,2018-04-01
c5de0e05fad9231797b6cf731d56f2bc,82645746abdce9793cd3dda43294b2ce,delivered,2018-07-18 19:20:21,2018-07-19 12:55:21,2018-07-20 13:42:00,2018-07-24 20:09:49,2018-08-07,db4bfdfa2678e1d5e4d8c9389033388b,2018-07-18
20e223f06b4ead7a6d8ed147dae59b12,af26b439d05ed8d48bd0908f15feecdf,delivered,2017-07-08 12:23:36,2017-07-11 03:55:37,2017-07-13 12:03:11,2017-07-24 22:32:47,2017-08-01,104f7393b136186670b805468fbeeac3,2017-07-08
ac809d1a80a159ae8a440c726f579700,ad5e33166ef8e090f857ea53dc70bb18,delivered,2017-05-25 10:27:40,2017-05-25 10:35:22,2017-05-26 09:47:01,2017-06-02 15:18:14,2017-06-21,80172250f4b01859c09d7308e3090a5f,2017-05-25
c56063fb44250985a4649811b257edc7,ffaa3252833866f2cd17833586a30422,delivered,2018-03-31 01:11:46,2018-03-31 01:28:25,2018-04-02 18:36:27,2018-04-03 20:51:36,2018-04-12,4363e6fae67bd586b97c117e50f953dc,2018-03-31
c5a1e865d2341b9c0330f478a3e8751f,252dfd638053d916c4b380dbbd08fb01,delivered,2017-12-17 14:44:48,2017-12-17 14:55:25,2017-12-18 13:09:32,2017-12-29 20:13:15,2018-01-18,de3af4d9c2b5031284db689002a28365,2017-12-17
a313d68655c65a778d04823ab8e2e5a2,197681a5dfd0b55a552f223225f5dd86,delivered,2017-11-19 21:25:48,2017-11-19 21:46:31,2017-11-21 18:46:51,2017-11-27 16:17:08,2017-12-08,d5237d1c43327be57b64668ef3712042,2017-11-19
0130f0f71fb0e831d18e6a3b33a3a50c,e56f6dff7b8ac9813ddeb2312f0d834f,unavailable,2017-05-12 10:17:23,2017-05-13 03:10:13,,,2017-05-22,d4bf092ba54c293495ebbbd982d653d8,2017-05-12
2a6fcdee30bb4fda09190b53b4e9ffee,a28f1808c668259eb67c88f0b7afe15f,delivered,2017-11-12 15:20:27,2017-11-12 15:30:41,2017-11-14 14:14:56,2017-11-25 16:09:57,2017-12-11,16bef435dd734e2a623be5d7fb57b89b,2017-11-12
25bd2ad9d282f59e4e6a048ef9bf214f,be34bf56044c5614fc66d97251c0adc6,delivered,2018-03-12 16:20:32,2018-03-12 17:09:53,2018-03-15 23:38:40,2018-05-02 19:36:36,2018-04-11,768e9ed92dd4fe880672c8e90dc4f74c,2018-03-12
14001e8cd1c29d0bce5b5bfca73338af,620c2e659b5d119813362bfe4bbe8634,delivered,2018-01-31 00:04:39,2018-01-31 01:04:38,2018-01-31 19:48:59,2018-02-05 21:21:21,2018-02-23,23e5f7d84dad8339f627d75ac90e2d43,2018-01-31
5413211efa4372ef637627d1e59d2f82,e0c16bf3f9dcc2303aac70772701268e,delivered,2018-07-23 16:57:30,2018-07-24 08:31:50,2018-07-25 19:07:00,2018-07-26 22:06:35,2018-08-01,c112fe095bc56b7bdd4b294fa095ae61,2018-07-23
25e2eb92a4861f100d82edfb2cbbb47f,55564b631a23d681ef873e8354142da1,delivered,2018-03-19 10:02:36,2018-03-21 02:48:30,2018-03-23 23:51:45,2018-04-24 23:33:03,2018-04-06,de8c50e78cf954227ed4a99ab5c9b65b,2018-03-19
bbab0f55c714a04cc7a5c065c65f1089,df68b16176a400cda1dda3bfa1022760,delivered,2018-08-12 20:27:59,2018-08-12 20:35:19,2018-08-14 16:02:00,2018-08-15 20:46:28,2018-08-17,0c5c596ff335ad6b91e78f1f328d030b,2018-08-12
c2b069d5ec39e0542002c35099d4ed4e,b2284c8ca3597551ab478ae9e1558aaa,delivered,2017-12-04 19:43:16,2017-12-04 19:55:38,2017-12-06 16:24:41,2017-12-13 16:48:55,2018-01-05,52cea49a6eabf8b641b7546bc1fc17ab,2017-12-04
0ba1dfa80ede726f98e36af9a418e437,cdc2e8e8d2dd01cc8e5556ab440ccb92,delivered,2018-04-20 14:47:55,2018-04-24 18:19:08,2018-04-24 21:25:47,2018-05-01 01:38:34,2018-05-14,4805c944b7235f559e0056dab6bc43f4,2018-04-20
5c4e9b69cfdcd45f69531467695237e4,c5da1fb3c49637fc168e5a95a67b73d7,delivered,2018-07-23 20:09:23,2018-07-24 10:31:01,2018-07-24 15:03:00,2018-08-01 20:12:56,2018-08-13,c3808f7c80ad3025f7d53d69e7a297cb,2018-07-23
ead893b6feb078f2a8f88787db56dcc7,07176b181cc48bdaa6807f4a88e17d4a,delivered,2018-06-19 09:28:14,2018-06-19 09:58:12,2018-06-19 15:36:00,2018-06-20 18:41:10,2018-07-04,c61a15e59e35503a062589d1b609af8d,2018-06-19
2b59656fdff6d982bd2a0a2b257a4562,15c959112cff28d4f5f7c0eb3ce665fe,delivered,2017-05-13 11:51:34,2017-05-13 12:14:53,2017-05-16 10:41:20,2017-05-22 23:22:16,2017-05-24,e44110c2ff342e5bbda6c2224d94bbe6,2017-05-13
d781433971d92b00f67ae15b2265fabe,da4d1ca7f0150ef5f5ff3b86c2b67af4,delivered,2017-10-31 14:30:54,2017-10-31 15:31:21,2017-11-07 20:03:58,2017-11-16 22:36:54,2017-11-24,e47b298c565467e3d43636d5211c0ddd,2017-10-31
553d47dc490558ea119058262b5f472a,655f1ed27d68add99540cd88ea16ec88,delivered,2018-03-08 15:59:32,2018-03-08 16:30:20,2018-03-09 20:13:28,2018-03-23 17:53:30,2018-04-13,a9d4b651be558c6f80e64aeaf73651b0,2018-03-08
dd6a1b472e35baa63f56890e96f5ae0a,e223fcf0283b5860d6ddb1d6a6a58d80,delivered,2017-08-05 19:55:05,2017-08-05 20:05:59,2017-08-09 15:11:29,2017-08-21 19:45:57,2017-08-31,36b84fe3ccce72dce0d08b9388fdc6e6,2017-08-05
f315f8fbe6489c99c9e99dcbe52dace4,e8b6e39a1a0c60cf6661a8eaecef524e,delivered,2018-04-01 19:06:02,2018-04-01 19:15:19,2018-04-02 13:18:38,2018-04-07 00:58:39,2018-04-19,ee24b1378c5c548784515158f298b392,2018-04-01
2a61a7cf365db56cbf9fb72e2a422653,b1b136ceac7fc54316f2280cd040ed6b,delivered,2017-03-20 00:36:36,2017-03-20 00:36:36,2017-03-23 15:37:43,2017-03-31 18:15:51,2017-04-10,e3a5f5e65ff3b780847f89dcc81c344b,2017-03-20
b835a702f116e758be4f80ae292bca2e,dc27f0ba438996b55e0c008515a38147,delivered,2017-03-10 17:33:50,2017-03-10 17:33:50,2017-03-14 15:27:16,2017-03-24 11:12:26,2017-04-05,6e1190edde834ca84ba216d13627e85c,2017-03-10
a1fa82769a203e30b8faf81cd32e5193,0e240f6e253b7d7646700ce3b28fe413,delivered,2017-09-05 09:29:17,2017-09-06 19:43:28,2017-09-08 21:57:42,2017-09-13 19:53:31,2017-10-03,6d443b75cff956bb73dce7385033e266,2017-09-05
313ecdf6cb87d671335ffbd49eeb13c9,7068851c14a0be8052b9a4bc4586b684,delivered,2017-06-10 13:07:03,2017-06-13 04:10:26,2017-06-14 17:48:14,2017-06-29 15:15:55,2017-07-07,3f97fa38eb164cf852487312f1c72b26,2017-06-10
4e7ca1c32e075c6efd8bdffeac2be58a,396155add48b67c364d17f5c16625e13,delivered,2018-06-11 08:14:20,2018-06-11 11:57:32,2018-06-11 18:55:00,2018-06-12 22:54:40,2018-06-20,806208e553859c0d15bfad9869b82ab6,2018-06-11
e8bcc9b5ec88c2aec681b7d52e5abccd,97f8823fa26f551689520aaa18f7391a,delivered,2017-04-13 21:06:23,2017-04-13 21:15:12,2017-04-17 10:07:43,2017-05-03 11:04:42,2017-05-16,34c7808de01a015e9c5165f6b44d7985,2017-04-13
12d5570966b69e36f603e3ff8aac9d4f,66ec5ecfd2fa4c5ff6676a3defe3c292,delivered,2017-10-06 08:52:38,2017-10-06 09:04:13,2017-10-11 21:02:51,2017-10-13 16:08:04,2017-10-24,9fee5c4674933153365209149efdded7,2017-10-06
58a2de891c9d6c4e5b5a36320350bfd2,6e11936eae9d2dea7265d58ca0b4fd96,delivered,2018-03-06 15:28:33,2018-03-07 15:30:55,2018-03-08 17:27:22,2018-04-03 00:04:36,2018-03-28,0387d9f3e2a143aecdaa33644ab6658c,2018-03-06
55ab3650a53071b34253bdcada9e584b,deb534c4ce5c2d8ef23f386321389079,delivered,2018-08-03 01:10:33,2018-08-03 01:25:06,2018-08-03 08:00:00,2018-08-08 20:51:54,2018-08-14,94712531d11aaf8c9dd6732d10e46a7d,2018-08-03
74748a8ba7d523ab46fe3354996609f6,a3cce16d1def5991f7314b717b373ab4,delivered,2017-02-08 12:55:23,2017-02-10 02:45:27,2017-02-10 07:27:59,2017-02-14 16:08:45,2017-03-17,2e61a8d70f5bd8fa8dd742ed198aceaa,2017-02-08
7d000dae81f29889a65eb97b1a620949,350c4383f9145535bb335cfc8f880dae,delivered,2017-12-29 10:36:33,2017-12-29 10:49:27,2018-01-02 20:03:31,2018-01-08 21:37:22,2018-01-24,b49264fa6888d0902b084fafedcbc840,2017-12-29
4d44526e9f5875e440f58363f5a621de,803996d0e510a99f243e939b6c6f705f,delivered,2018-04-25 09:18:10,2018-04-25 09:33:24,2018-04-25 14:43:00,2018-04-26 13:43:41,2018-05-14,a53eb9109f4268d6fd8c215a2bbd1938,2018-04-25
3db52c1df4d52ab19d7e7365d647f6fc,94df3c23c37dc051dbb2f1d03a3693de,delivered,2018-05-25 09:54:34,2018-05-25 10:16:36,2018-05-25 13:20:00,2018-06-04 20:28:32,2018-06-19,3603d5e336b125a3f5f659a1252a29c3,2018-05-25
ac28887de5f5bbd520cb77370e8b219d,60c1f4151b92f9bbf80813a1f6b4f3db,delivered,2017-09-29 14:44:31,2017-09-29 15:04:29,2017-09-29 20:48:47,2017-09-30 15:13:14,2017-10-17,93e2f0058eaec3d5ec8ac7788e7580ea,2017-09-29
9bbd037f106d5d924f8fa73e2223a8e8,73fe5c78e86e6a518f4c9a834b96ba1b,delivered,2017-04-18 08:01:02,2017-04-19 02:45:22,2017-04-20 14:04:12,2017-05-02 15:14:53,2017-05-11,1cb8d194370a752d9879501072bd0328,2017-04-18
2d1e2d5bf4dc7227b3bfebb81328c15f,ec05a6d8558c6455f0cbbd8a420ad34f,delivered,2017-11-28 17:44:07,2017-11-28 17:56:40,2017-11-30 18:12:23,,2017-12-18,13467e882eb3a701826435ee4424f2bd,2017-11-28
59988c783a4c292d49704af7f41fc85f,7195469ee40337cc9e3c666b6e79e165,delivered,2018-05-09 13:06:51,2018-05-10 13:11:49,2018-05-11 14:01:00,2018-05-18 22:39:43,2018-06-20,33047a883dab6ab720ed2269d31891a1,2018-05-09
962168b15dbecc9e3b3bc31b1fb9df93,cbab1990320bef24c4307923c7b0dc13,delivered,2017-10-13 13:34:10,2017-10-18 03:07:55,2017-10-18 19:43:01,2017-10-31 20:28:52,2017-11-06,b6421f3212444b8943b75ed2686928dd,2017-10-13
826b47e4cd7bba4e4c6fa5485f898b74,e68e6423401e85c138229b23d4bf4761,delivered,2017-12-01 22:37:42,2017-12-01 22:52:53,2017-12-05 20:59:00,2017-12-06 19:09:43,2017-12-27,3e43e6105506432c953e165fb2acf44c,2017-12-01
773995e26bad51964885520767aede42,37a9de7fb734ab0d41eb3b796fca1854,delivered,2018-06-15 19:51:01,2018-06-18 11:15:50,2018-06-19 19:14:00,2018-06-20 21:26:53,2018-06-28,3b572bb8915409b6023b2b72973d942d,2018-06-15
5f649cfbd3c5dabddf7f9ada09b90edd,ef3fe54b959da86961c5301a33cee529,delivered,2018-08-16 16:19:13,2018-08-16 17:49:10,2018-08-21 15:30:00,2018-08-28 18:48:59,2018-08-31,5287bb98e3da27fddfa3c3b13993f04f,2018-08-16
2188019060b6276ae9fc889917f6d5cb,435799869fa235e84f46308cb8c4937d,delivered,2017-08-16 22:34:10,2017-08-17 00:30:12,2017-08-17 18:44:59,2017-08-25 17:06:15,2017-09-20,624ddea0a7efc078dcb7d99117f55769,2017-08-16
25dbad31db4b9059dd02d72929578d1c,5512f32e517ea091e4410f66504dad30,delivered,2018-01-23 11:15:44,2018-01-23 11:38:03,2018-01-23 22:14:01,2018-01-26 21:12:49,2018-02-07,b6355d59bb57a76bd02e96578c5bd407,2018-01-23
642d9648ee8c3cd7d0a2be2b8816cc91,67b73da9983e08fd2e278531a7062d89,delivered,2017-07-19 18:44:40,2017-07-20 18:50:21,2017-07-21 18:44:51,2017-08-03 19:43:07,2017-08-22,161b2eb506dd664bb5d23dc701a14b59,2017-07-19
b777b7d618ee48ec7cf64aeb188e9da5,2b83d4c1da04d92aceb19710d0a59ef9,delivered,2018-08-09 11:47:22,2018-08-09 14:26:08,2018-08-09 14:24:00,2018-08-10 15:41:50,2018-08-15,bb9c04f0a50c8023b09d2c7439cc4b2c,2018-08-09
36a6432a0a4312955a3e57af99e83b80,03a5dc88300acdc63c40c0fcb54799ec,delivered,2018-08-22 00:07:15,2018-08-22 00:24:20,2018-08-22 10:32:00,2018-08-28 15:03:35,2018-09-03,899e389a3cbc0dce0d5df23b9b64679c,2018-08-22
d92ec01edb4390e4a8e311202039e06a,1222ae0f15dc56dc392fa0bb0f033f6b,delivered,2017-12-01 13:01:47,2017-12-03 12:58:22,2017-12-05 23:29:54,2017-12-21 03:34:17,2017-12-28,78f40d39d4a401c047c0c26559e7775a,2017-12-01
0899b756a6357ed330e0620ad548d70d,2d90e2af0254c36c6a60ca45c25ecbc3,delivered,2017-08-30 01:51:30,2017-08-30 02:05:08,2017-08-30 17:42:33,2017-09-04 14:32:29,2017-09-12,cadf5efd7e29678690c09cc039e08bc6,2017-08-30
83a9c18344682fcbc57696019ff1ff2a,96ca69bfa1a8b97847ced6f03bed4e79,shipped,2017-08-11 17:40:19,2017-08-11 17:55:23,2017-08-14 18:22:53,,2017-09-13,103618505393998f2192cb78f7bab338,2017-08-11
8153b217909426be6b194646850bde63,2736f4f125ad035971cbe2c7d40fdd12,delivered,2018-07-19 20:19:17,2018-07-21 03:15:31,2018-07-23 15:31:00,2018-07-26 01:42:43,2018-07-27,700e0d1f54a4261d5c8f5a310585cb23,2018-07-19
fc85b94eb688b0abb29954cf6354c1bc,30618802562d31117ba648da7cf54645,delivered,2018-01-09 19:19:32,2018-01-12 09:31:21,2018-01-12 22:32:57,2018-01-23 22:09:55,2018-02-05,18ad234ff8ab86b33af5664c97e0712a,2018-01-09
97784ba0e32f20b4da48e8e20456543b,8c79e197cb74694ef8449bc0c0385662,delivered,2018-04-18 20:58:40,2018-04-18 21:11:25,2018-04-19 18:36:23,2018-04-20 19:08:44,2018-05-09,b72d46677b35c6028f2a57600be03b8b,2018-04-18
08a14ebab7440e5f7bfd8ca0b37fc613,d115a25e0eea3efaa6033849f369ee16,delivered,2018-03-19 21:26:45,2018-03-19 21:35:31,2018-03-20 20:27:41,2018-04-03 16:54:58,2018-04-05,8070421f2403a1c13d1b4f38e4a76914,2018-03-19
9c5f3018cce3b5a74df31586dae02c4a,331252685d466953567f1972562ec167,delivered,2018-06-19 17:33:51,2018-06-19 18:03:56,2018-06-20 10:46:00,2018-06-27 19:58:36,2018-07-25,8031dbaed180f63387289db3223406f5,2018-06-19
3a31fc2eeec3c45ebdb6a390a5b1d3e2,3b9b9424937310a2af0929576c3219d6,delivered,2018-02-06 17:11:21,2018-02-06 17:32:30,2018-02-07 21:52:30,2018-02-16 00:16:57,2018-03-02,bfa3c391c5cce32639f44a0bc0c2e677,2018-02-06
2fbdb50797dfdc8089e52ac8cf70152e,3812b56733f6771e29363fede485cd6a,delivered,2018-02-15 11:59:37,2018-02-15 12:47:51,2018-02-16 14:16:49,2018-03-08 17:53:27,2018-03-15,9f65c47cdfb0d8bd59d31c6881759086,2018-02-15
df972aca1fba0a417674857678e2c4bb,322eae54daccdcbee96799ebd3a67830,delivered,2018-05-21 11:39:30,2018-05-21 15:32:00,2018-05-24 10:48:00,2018-06-02 15:28:45,2018-06-07,c03163d8fec3bbc19ede5f2371e5969e,2018-05-21
33cf8e9da9865079f64965b83061baae,1004c05877ddf8196ad1341ca602e628,delivered,2018-03-20 09:25:27,2018-03-20 09:48:20,2018-03-21 18:48:35,2018-03-24 15:41:04,2018-04-16,6ad430c5fac5e72b42f74af4ad7e98f3,2018-03-20
5a65b91aff9c0fb03e7971823e104163,8ae0c3603d6625e690bbc25bd6a29b70,delivered,2017-09-16 12:40:49,2017-09-19 03:55:37,2017-09-19 18:42:21,2017-09-20 19:13:23,2017-09-28,526ccb7139b463143e46b919bcfe3bac,2017-09-16
2cb80b6bb30641c14665e1bb8a910872,69dfabaf85cc92de6ad47cc49070642c,delivered,2018-08-13 09:39:23,2018-08-13 19:04:07,2018-08-14 15:27:00,2018-08-22 17:36:52,2018-09-05,ba6864262a43be8c0c998cfc68016bc6,2018-08-13
9edcd3a848a4995853a247201493b4d7,ee6100728d86a653a0b865b4109b86dc,delivered,2017-11-09 13:00:58,2017-11-09 13:10:29,2017-11-14 16:23:06,2017-11-21 18:42:11,2017-11-29,b305ead9694a97627d794d5550c00c7e,2017-11-09
1bed42b5193345848c17de4d32e42a5d,9eb793d1939a97ed213e8e7415947d8e,delivered,2017-10-04 15:47:48,2017-10-04 16:04:37,2017-10-05 15:22:06,2017-10-10 09:44:17,2017-10-30,7af9180714aa1b1b4ac52586022c6f0a,2017-10-04
336e923c0b5e6d95d3d0644bf4c516c4,0147fbc5c91112d914a4f4a480a0f09e,delivered,2017-03-19 17:06:25,2017-03-19 17:06:25,2017-03-27 11:42:28,2017-03-31 10:45:51,2017-04-25,0c2018c190ac0a6c5a02c0bcbfaf2129,2017-03-19
b9e3810153620449fc947aeb350f4d53,da8a74c5ac056c3961c84a67b7939aa2,delivered,2018-06-04 12:43:30,2018-06-05 14:31:56,2018-06-14 12:46:00,2018-06-19 00:51:05,2018-07-20,87e843365700cec571278edea904be15,2018-06-04
807a4c5f5dab3090fbad1dd16140f706,66741453d979b61f9cdf5a20f382e6b6,delivered,2018-03-14 20:31:40,2018-03-14 20:48:19,2018-03-19 18:05:13,2018-04-09 17:28:40,2018-04-05,40e76904901b914e63faa41ba28e54c8,2018-03-14
d12938a56eae845fa37620309ec0eea6,b7c8b0dc77f216cc38f1c2f722bde338,delivered,2017-11-10 12:30:18,2017-11-13 07:10:29,2017-11-22 14:13:01,2017-11-25 13:41:48,2017-11-24,10781139baee5b4ca3d36d419b870204,2017-11-10
a4d782cea9ad01e830a3603bc4e7a716,4f0fa92e598fc48c2f7771e220791a55,delivered,2018-03-16 21:34:22,2018-03-16 21:50:22,2018-03-21 19:22:09,2018-04-02 22:38:34,2018-04-23,2c6f62969907bc67dad42631fda31a53,2018-03-16
5f82d80fc04ae3521ac4cdad135aa9b1,bb1e941d0e011c8a1a72bb2bfceb6c61,delivered,2017-11-02 18:46:17,2017-11-02 18:55:26,2017-11-07 20:21:17,2017-11-24 17:09:09,2017-12-05,894a22f97a7bc517f8d2c0e19ace239c,2017-11-02
3f0c7e7bedf15ae58cd1c2148d5786e3,705f15a6697fdd1669e161b7a5295dca,delivered,2017-11-20 13:05:07,2017-11-20 13:19:32,2017-11-22 16:52:00,2017-12-06 18:17:07,2017-12-18,43ad764728d69e55df3d2c75ab2b33c7,2017-11-20
2a520d819adb06eabf4557143110ade4,14eb49caaf14d8168944777b97b48499,delivered,2017-12-13 11:49:03,2017-12-13 11:56:19,2017-12-13 23:28:08,2017-12-20 20:59:08,2018-01-31,7cab4e7f573b9a8884cfd1c325b38067,2017-12-13
c9fddd8d2730610e00bbcda3e79fdcca,e3a89345d860faa5a9431ec4fb1e307c,delivered,2017-11-27 00:58:20,2017-11-27 01:12:24,2017-11-28 16:43:03,2017-12-11 17:33:10,2017-12-21,ae6346c98b34af56ddb4f5fa73968b7a,2017-11-27
6d646ecd1e4497544257783077e9ce14,d4d76ccbcef33b38af7ec758e1d73bb8,delivered,2017-02-05 11:58:04,2017-02-05 12:15:23,2017-02-07 15:21:26,2017-02-15 18:12:27,2017-03-03,8e456c2e55b5e95118d3cef6320898f2,2017-02-05
cd297c74672655559f2c22ea2a1550eb,259a82ce1a494066420e300430fb3e57,delivered,2018-04-23 10:56:50,2018-04-24 18:42:09,2018-04-27 18:54:00,2018-04-30 19:46:37,2018-05-10,db329e9f7ad3777b683337cfb0544222,2018-04-23
e0a98f9b707c33a4c46e02a530c3419b,2d31d011eab667bca8c55f57ab884530,delivered,2018-03-17 13:39:39,2018-03-17 13:50:34,2018-03-19 18:33:42,2018-03-28 23:03:44,2018-04-13,ba85eb3f29cdda9e3e4229c613d78815,2018-03-17
b405945d4c5330b5ba8f892602e7d9e8,ca779f9ca67a4d4240dea192d6cdd454,delivered,2018-01-31 10:09:09,2018-02-01 03:13:21,2018-02-07 21:07:13,2018-02-23 21:17:41,2018-03-06,d9e794684f8c138cc4afd07a85dfdae4,2018-01-31
00f57f2ccce2a2e3f393fe8f5e616e0d,c5e16ca2f4093350809b5f66c5cdfd32,delivered,2018-07-08 22:01:30,2018-07-08 22:15:10,2018-07-11 14:28:00,2018-07-16 15:38:32,2018-07-30,b2ee5bbc35d3e89184dd87c1d957b013,2018-07-08
5c83723b6467f6729e47c640005cd148,31ff9fdb19198508ad8743ce26adeb43,delivered,2018-06-16 18:30:30,2018-06-16 18:57:28,2018-06-19 13:25:00,2018-06-22 19:48:36,2018-07-12,634c7fe1285068fb2dd1437f76270037,2018-06-16
360d163a85ba5960c9c1f0880fcac099,4e5d57852c4fa022427541ab6f3f861c,delivered,2017-05-08 12:20:41,2017-05-08 13:05:12,2017-05-12 15:27:40,2017-05-17 09:47:53,2017-05-26,58669aa114ba65257f8f5b8e1a32bcce,2017-05-08
57cbc8e34a5ceffb92f8b3193e4ffdb8,186ec83c7ec57c2073127c57d48d6549,delivered,2018-08-02 16:24:47,2018-08-03 02:50:33,2018-08-03 16:39:00,2018-08-08 19:26:39,2018-08-16,7cecee7f130941c470e112c8c9234e4e,2018-08-02
2733b7a9eda2b9f2ffa314fd4b45b330,277c6406dfd76e437ad282e61cfea438,delivered,2018-01-22 11:39:08,2018-01-22 14:25:59,2018-01-23 23:37:38,2018-01-29 18:41:44,2018-02-15,725d8f8fdfc93484d063c1244d62ba95,2018-01-22
862cca64868df4c3a3f0058a93aef465,58f2a48696b2cf8da50fcb21f8512c14,delivered,2018-04-19 09:43:15,2018-04-24 18:14:28,2018-04-23 19:32:56,2018-04-26 16:46:37,2018-05-18,706c6cfe5101366f274a332a11671fa2,2018-04-19
6ef5dc1efc95e43b6418e91ebc700210,fa326e9c35ae7f61dd83e1e13a6b8353,delivered,2017-11-09 17:37:49,2017-11-09 17:48:17,2017-11-10 21:12:10,2017-11-16 22:19:07,2017-11-30,7a08dd88ce7a21d946f60896cf937b83,2017-11-09
fb7a31602527aff8e971f4cf8e5ba0b2,932632fb555d55c80b3f88e830abf866,delivered,2017-06-09 10:05:46,2017-06-09 13:35:12,2017-06-12 13:05:12,2017-06-19 19:27:43,2017-07-12,3d71bc3ae0c9f857ffe17636e0d59aab,2017-06-09
9560aa739add27151f49eb54dc654667,8bbb438d93d80fe92752705099cf5716,delivered,2018-05-07 09:31:22,2018-05-08 06:55:22,2018-05-10 12:27:00,2018-05-16 21:55:44,2018-05-28,eafdb06906a4d6764948319c9e722e26,2018-05-07
34b796020f4e844c32a2be513b713f4e,648b76d368b7925ea72042de4f00a9a8,delivered,2018-06-24 12:56:24,2018-06-24 13:18:45,2018-06-26 06:54:00,2018-07-04 19:21:38,2018-07-24,f7b0a94b66a224df7b191f69ccae5a55,2018-06-24
921966cdddb4dbedc7f52b64ba46ec2e,0a2e992fbd2ac576c71a9650d421a2fd,delivered,2017-12-27 09:08:17,2017-12-28 02:33:37,2017-12-28 20:27:03,2018-01-10 17:19:23,2018-01-26,b585f93cc708cd3d76b03cbf776a4e97,2017-12-27
16ec5f5b0b5245798a6334e4c239d13a,78463bfeb649747e91ee9a424d0edc3c,delivered,2018-01-22 10:46:14,2018-01-22 14:16:44,2018-01-24 22:38:45,2018-02-05 11:43:00,2018-02-15,dc70595c0013b690bc8527b5c2a1a99f,2018-01-22
5b19cc30f1a0a44439a744db5c2cc979,1204a88c6f98fdc14edcbc6dc6df434c,delivered,2018-05-12 20:22:29,2018-05-12 20:36:02,2018-05-14 14:58:00,2018-05-30 22:51:10,2018-06-01,3a4b5e843a09cdf9127f43e157966016,2018-05-12
d75e6a846d4aa0cfed378238a9147689,4db36b898bb3a416e703634b1a2ecf18,delivered,2018-08-18 18:56:33,2018-08-21 04:50:15,2018-08-23 09:38:00,2018-08-28 14:58:51,2018-09-10,a10be7ed9e8d0fa2f17d0f8504485194,2018-08-18
ddaec6fff982b13e7e048b627a11d6da,68f4ad79cc0c2ad06e19088f5c00e9fa,canceled,2016-10-04 19:41:32,,,,2016-11-16,00f0b70fdcb8a6e1671b52a2472bd41f,2016-10-04
7d5f037cd90e278069b2d0fd0d060543,c3765d3e438378787581dea1c3dc3d8a,delivered,2018-04-10 10:53:00,2018-04-11 05:50:42,2018-04-11 19:22:28,2018-04-24 15:37:12,2018-05-17,c8deb82e62d0e33c59674b32e8b8be75,2018-04-10
0870ee292ce510fc7bf1ccd86a6d28c7,e2213ef52c2e5b77e384da020482acbc,delivered,2017-06-28 08:32:54,2017-06-28 21:45:13,2017-06-29 09:51:37,2017-07-18 15:59:48,2017-07-28,cf71400ad4dc7b8ae75143ff39dc94bc,2017-06-28
8cae6053f4694ebc081e862e0d013a89,bcb7503aef00e5b3443bc1cd5397276d,delivered,2018-05-15 17:08:37,2018-05-15 17:37:35,2018-05-17 15:46:00,2018-05-22 17:42:32,2018-06-25,e03ca1af2dbe3056cfd1c233ba840c59,2018-05-15
db103a5891ce37dbf3a84d9273f55dbe,89c1a5468ace3f798921747d80c7a7bd,delivered,2018-07-18 12:50:40,2018-07-18 13:02:08,2018-07-19 11:50:00,2018-07-25 21:04:48,2018-08-02,b9833a43443ed9fad7a66f9ffb80684c,2018-07-18
ea110ced6459b4dc6c73e0b2367077e9,c0101b91cb49da980a14e5eb006ab394,delivered,2018-06-17 20:32:45,2018-06-17 20:58:36,2018-06-18 14:19:00,2018-06-19 21:33:32,2018-06-28,95376669d92be6a7dcf0494e0b1d9917,2018-06-17
fdaccd7db2bdc0c0f6632319b9020d26,edfab77f860875d798260a793b997664,delivered,2018-01-20 19:46:23,2018-01-20 20:00:10,2018-01-26 17:35:18,2018-01-31 16:41:24,2018-02-15,cf9f944becfecd7b016bb8590b251372,2018-01-20
217fa08ee792f84b2a3b3a84ee263b0e,804751ae168c4c4d6d5178553e544300,delivered,2017-09-26 00:51:00,2017-09-26 01:07:08,2017-09-29 15:19:10,2017-10-28 15:35:59,2017-10-25,64970391496ff28e4fd847493f589287,2017-09-26
2e931584519b7ebc7b1a445a4f7cd8f1,f33c9d0eaa22a1be86ff276c1516e17f,delivered,2017-12-05 14:32:44,2017-12-05 15:21:26,2017-12-06 18:17:06,2017-12-19 19:18:36,2018-01-04,253dd87d06a70cf96ef4c39c8fc646e1,2017-12-05
0e748699edd544eb244d173a5658b7a8,a17033054d84cb831e8b33dc63682ba1,delivered,2017-11-15 11:41:07,2017-11-17 03:46:26,2017-11-21 10:19:56,2017-11-27 18:42:48,2017-12-05,9c7bc34fa4b2fd8e3f132a6337ba8828,2017-11-15
62fffe3cf205e0deb385d92481d3cb40,502f84b96849b881c0bb14a9650d0a13,delivered,2018-02-02 15:40:59,2018-02-02 16:00:40,2018-02-05 16:12:07,2018-02-21 10:53:13,2018-03-05,a275786a4b5cfa8599c673460cabc855,2018-02-02
8757dc05fefc469b988804e017319c10,7896cf5e5a3973bdbc7811c3727dd6e8,delivered,2018-05-06 23:03:13,2018-05-07 16:53:16,2018-05-16 13:44:00,2018-06-04 14:25:36,2018-05-30,11e75c5cd86cd8389b80a9b6ce71d218,2018-05-06
be28b0f75cc73c684cc905abc8cc60c5,8b60b8dec005d399721df6402e8e726b,delivered,2018-02-22 13:38:10,2018-02-22 13:55:28,2018-02-22 23:58:49,2018-03-08 23:06:32,2018-03-19,4a1545a7ca1e830eae5ea745b5338eb5,2018-02-22
296c7c7658a3d5919cd1a5382e141c26,560f0ff0305e7fcf6410eab8d8767337,delivered,2018-01-30 21:10:13,2018-01-30 21:31:47,2018-02-05 15:51:58,2018-02-22 19:52:40,2018-03-02,a15127e427282f07bbcc3c5da3fc9370,2018-01-30
79bdeae310789e415e342ede8f9ad5f5,f536a2636bfc8640ca368d2887eab64b,delivered,2017-11-22 09:18:48,2017-11-22 09:30:31,2017-11-24 16:53:20,2017-12-01 21:36:36,2017-12-08,4eeb95332592e4401c91ffb9d689cd14,2017-11-22
9db4c3ce35bd9bdf6b8eb62c68eb4415,498c737759c2eddf05f25604e2f9c696,delivered,2018-06-20 09:45:24,2018-06-20 10:21:29,2018-06-21 13:07:00,2018-06-26 16:53:41,2018-07-20,4a17a49c025e9cfe067bca2ca537387c,2018-06-20
b958654614e94b4600cb336391326045,18cdebd5cfe07beb5258254ff1f8fe85,delivered,2018-02-16 17:54:24,2018-02-17 17:46:47,2018-02-20 23:06:22,2018-03-01 19:38:36,2018-03-13,fe0617cc03bb1fdefeb9e76e7d316548,2018-02-16
92ce98dde4657a2abb32411bacc29e60,fe83404b9bad08962daf680561f42aa9,delivered,2018-05-08 19:42:13,2018-05-08 20:31:59,2018-05-09 12:39:00,2018-05-16 23:38:52,2018-05-22,9f3421bef3e901d5e45f6f1e54662442,2018-05-08
1683815c34e20076a6b3a8b1fd3d8809,2d9a7f6bfb053e602cc26e9c77c5f2ee,delivered,2018-05-29 18:09:04,2018-05-29 18:36:45,2018-06-01 10:15:00,2018-06-11 18:13:32,2018-07-05,d8ba8c5553a562b95fcb9de3a4d81446,2018-05-29
84135f650b81a3dad8babdef22952b7f,cb3caf08929ebfa13fdcffec28f3cd6f,delivered,2018-06-25 14:34:45,2018-06-25 14:54:03,2018-06-26 13:05:00,2018-07-05 23:18:44,2018-07-27,9181f2d98576cd50d07143f36fbf3845,2018-06-25
649af2abdcd7f8f609dc36ee5d249a2f,0a0f638f52bade74d67c0239da49e2d6,delivered,2017-06-02 09:35:21,2017-06-02 09:50:10,2017-06-05 09:47:49,2017-06-10 23:19:43,2017-06-27,4e65032f1f574189fb793bac5a867bbc,2017-06-02
8b7fd198ad184563c231653673e75a7f,3eddc75fe2314996f68ddcd89ddb5caf,delivered,2017-11-14 10:04:27,2017-11-17 08:47:00,2018-02-26 17:27:15,2018-02-27 18:05:08,2017-11-28,d6e35f5a7df8970f8cae8251516ab787,2017-11-14
102dc75f04e28c228169dedb666dcd3e,2ecfe1283802b15ec960b6d0c903de2c,delivered,2017-12-11 11:27:52,2017-12-11 11:37:23,2017-12-15 21:54:39,2018-01-05 00:43:00,2018-01-09,39455b91bff049736190e059162ba61f,2017-12-11
6fcd1385684eaf7076ac0d72b1fab2db,5dc9d4245de8364e6dd879734ea905e7,delivered,2017-11-29 09:12:25,2017-11-29 09:38:59,2017-11-30 01:47:36,2017-12-20 16:18:37,2017-12-22,a62d2ca7ae7396cf26c0593a7629b341,2017-11-29
26262a08c620d910b93d309db0e16725,2aa3c45e42925370972f456902aa66bd,delivered,2017-12-13 14:40:11,2017-12-13 14:56:59,2017-12-14 20:17:16,2017-12-15 19:17:07,2018-01-05,e89bab624ed1d8c75012bf52bacc654c,2017-12-13
94f5c07efddbe8e3f3880195377736ee,bc6003b439787a2de9ae42da13cd4e00,delivered,2018-04-24 10:44:01,2018-04-24 18:34:25,2018-04-24 22:07:46,2018-05-02 15:03:24,2018-05-21,9e1a887900d571126078e1c10e3d9cf1,2018-04-24
a0ce637ae9c3e3dedcf9dea3715b7331,a18e4956844fab232555e2bfd53eca5e,delivered,2018-06-27 14:04:06,2018-06-28 07:10:20,2018-06-28 11:57:00,2018-07-11 16:03:40,2018-08-13,b4b26faae91bc1b8f9458d29bc3c200c,2018-06-27
e29d6e9ee9068425cc712d11435411b5,0ef335857487dc9dfc2df391ab328b5c,delivered,2017-05-15 11:20:05,2017-05-15 11:30:10,2017-05-19 12:37:53,2017-05-29 11:47:37,2017-06-02,97f7109a3e97ce0599ed97792845e21b,2017-05-15
84b8ba39037606b7b30a39d02e9e4154,7c2bf05f6902368e5d21040b68c2bbdb,unavailable,2018-06-27 19:51:02,2018-06-27 20:11:41,,,2018-07-12,36e06ca722231b14a75e6a33ffaa5f37,2018-06-27
c9e55382f594e06306eb0f4c3b3d0418,988980a4b52e5e81702adb584933912c,delivered,2018-08-13 12:36:19,2018-08-13 12:50:22,2018-08-15 14:46:00,2018-08-20 20:21:45,2018-08-29,36b070a7ce61be43443f1f608fa56201,2018-08-13
0e9615b2e47df6cf349b4e458b056289,0421ca2c62e1e13536c13c8dea602d2f,delivered,2017-08-26 19:56:13,2017-08-29 04:30:22,2017-09-01 19:11:57,2017-09-08 18:47:42,2017-09-27,a127d16055b7a1530476349068e3a64b,2017-08-26
18c2175899ae0ea38308dec32efffc22,11d81028de401df36d24cd769fa0aef3,delivered,2018-04-03 18:21:15,2018-04-03 18:35:11,2018-04-05 18:50:59,2018-04-14 10:06:44,2018-05-02,ab727a18f23821f22e4e41da686a62c3,2018-04-03
e639eb028398f98b7958207b2a45684c,4cbe7cdb500ac94cf673f67c9f28d8c3,delivered,2018-03-03 09:57:04,2018-03-05 14:20:25,2018-03-09 22:24:48,2018-03-21 23:26:46,2018-04-06,3eec5203b4af0fbcf6cac3498538cb86,2018-03-03
834e9097bcd25d276e01695c82562ea7,e89fa350fe8cbcf495cfee2aef3d44e1,delivered,2017-12-10 11:29:28,2017-12-10 11:38:23,2017-12-11 19:59:13,2018-01-03 20:58:49,2018-01-15,2a910efc136042a1dd32dc916878be40,2017-12-10
b1235029ff825a6ee63ea5c87797cd82,b11ef54879526dd5426f747d2ed677c1,delivered,2017-03-18 15:22:19,2017-03-18 15:22:19,2017-03-22 16:58:42,2017-03-29 16:45:13,2017-04-10,af1ff1787969f2ed8bb7476d58167835,2017-03-18
ddbe4f58b06d8793a3c77c114b180574,a0aed67ecbb943f0137ece72e30ad913,delivered,2018-04-16 21:10:02,2018-04-16 22:10:20,2018-04-20 18:23:26,2018-05-17 20:28:53,2018-05-21,b5c824677c5431bf6a611206428716bc,2018-04-16
93ab2d00c107c41d04f35ff29553b866,1d352b619e69552d34827f112485468f,delivered,2018-01-04 09:29:24,2018-01-04 09:36:28,2018-01-05 21:16:21,2018-01-24 15:44:39,2018-02-01,90b3f19a7060f7e29ab16675b106230d,2018-01-04
24843df655e56c3713485a7880677287,6f8f6a52f408ae47a83c5e2b7d1d395f,delivered,2017-10-30 10:44:32,2017-10-31 12:31:49,2017-11-06 21:32:21,2017-12-01 21:21:12,2017-11-30,9011b2e0f1e26f56cbeef0be6a5f3a66,2017-10-30
5290c34bd38a8a095b885f13958db1e1,92af427e290117f39d9ff908566072e0,canceled,2018-08-21 10:25:18,,,,2018-09-06,e61f0f032bc92cadf0ec55f9c1c8b5ec,2018-08-21
2e8265affe5bc22876b8e69548e074fb,9c4f2d8c14b700df0e7625d3ffa35174,delivered,2017-12-28 00:26:37,2017-12-28 01:00:33,2018-01-03 21:19:15,2018-01-10 21:10:38,2018-01-29,d5b0cc21590758cf76d4b6123c7802f5,2017-12-28
612200d1732f963c7706d8da2517c04d,bd00d85fe38ab7724a32f2608f8e39eb,delivered,2018-07-28 19:40:29,2018-07-28 19:50:14,2018-08-09 14:44:00,2018-08-15 14:44:50,2018-08-31,350b4f552289d46cd2a225f9a5f9d869,2018-07-28
28ccc6df03d720b1c01c91ce78025016,da47b8739cc4221880eda77a98215f84,delivered,2018-08-17 12:41:18,2018-08-17 12:50:14,2018-08-17 13:31:00,2018-08-28 16:24:58,2018-09-03,01dd34b5f4cee2a48f03ba1cce8c592c,2018-08-17
7d29c8dc7f0169a08554b4309f115a2d,6775ba6a3e92020abc8e6cd6e19e867e,delivered,2017-05-27 00:55:16,2017-05-27 01:22:24,2017-05-30 07:12:21,2017-06-05 15:55:58,2017-06-19,e2a96003df4645da636aa77f7af2c16d,2017-05-27
9009f8c050bec7b31063988e925b6da9,9337ec2e1ef3abd571d0b65cd6054c65,delivered,2018-01-13 12:41:19,2018-01-13 13:30:45,2018-01-16 18:52:53,2018-01-25 19:44:03,2018-02-08,472eae247a25ee1529d03002eb740637,2018-01-13
88c236f7e3dd040afb885a0a214f9b0a,8b8bad2ad2a7e102081360cd2a107edd,delivered,2017-11-06 17:21:59,2017-11-07 07:30:38,2017-11-09 15:45:06,2017-11-21 20:57:14,2017-11-28,cb824a5ce7a9fd74bca8f9b0e1943415,2017-11-06
0b4129a3415a486e4965d618f9b5debf,c8dcc1767867cf118c0aa5f86519d14e,delivered,2017-11-26 12:59:04,2017-11-26 13:14:39,2017-11-29 22:46:49,2017-12-11 18:39:37,2017-12-22,c540e475e972fedf571cd4f924382f7c,2017-11-26
035d66b23a4bba74f8119f9ebe3458ee,521302710083ba5e737ef5cf6438450f,delivered,2018-05-18 18:46:54,2018-05-18 19:14:43,2018-05-21 13:47:00,2018-06-06 14:12:25,2018-06-05,4d094dfd23064797e35aab51f129fda4,2018-05-18
0ddc19990b82039355525481533ea7eb,989dbaf933f4e0cad8b35f8ce7db9545,delivered,2017-12-08 17:03:24,2017-12-08 17:14:21,2017-12-12 20:46:50,2017-12-22 16:59:25,2018-01-03,2be9b3218064e818eb33659db22b3e8e,2017-12-08
15c4d15a595aaff02d4de63093a4b57c,ce23f51b42b3258700b4aeedcf53a96d,delivered,2018-08-06 11:22:17,2018-08-06 11:35:44,2018-08-07 15:18:00,2018-08-14 00:47:33,2018-08-14,df34b07e77750be3d64ca6498bd9d22a,2018-08-06
55779fa8fe072d9f8c92d672154558f2,4c9b48364e100b48b70b65f7223518bb,delivered,2017-09-13 23:13:16,2017-09-15 02:10:49,2017-09-20 11:58:52,2017-10-08 15:40:04,2017-10-04,ecb8b41c3b84f98546950696321100d8,2017-09-13
a0e6863a821d35dcaeb3eb109f21d443,958f8d94c5c2d21ccf6a43d0e3d50308,delivered,2017-05-23 08:18:32,2017-05-23 08:30:20,2017-05-23 15:29:50,2017-06-02 12:09:23,2017-06-16,144b9f1cf244df05e042b5262ecf97d1,2017-05-23
d19ec9502348424357f7a9bfc4173ddb,36b9a428f314355ab3a28444932f409e,delivered,2018-03-22 17:11:15,2018-03-23 02:27:59,2018-03-24 01:58:49,2018-03-27 13:42:30,2018-04-04,f98ea135d87661aac5b16fe7fed30c30,2018-03-22
e078f7da1a6312d4103ba33cd4abd3b4,8228970427bdddfa151f173ad4c9884b,delivered,2017-09-18 23:11:47,2017-09-19 23:15:18,2017-09-21 10:03:00,2017-09-22 19:22:41,2017-10-04,1cf5cc9fc5ae6351e8bb1d2b8fee0d48,2017-09-18
f477310b29b71da3ef394aaf61669075,f7030ef55d9a5ec617439b05e42a707b,delivered,2018-02-04 21:43:29,2018-02-06 03:35:28,2018-02-06 18:35:57,2018-02-28 15:45:14,2018-03-12,7d8a9ef4f0a615254877794fbcad3daf,2018-02-04
9b09902ff42cd359909e5203a008a921,4626deb1d6528b9fe2ff75fd889f27c2,delivered,2018-06-03 10:28:43,2018-06-03 10:50:00,2018-06-04 10:15:00,2018-06-12 21:07:09,2018-07-13,9d9e66e0aa0c3e3679f222b49308ef46,2018-06-03
0ee52d4b00ab65f19b7e89e5683766bf,9d9fc80cdedb63de913387b502bee19b,delivered,2017-09-12 20:38:53,2017-09-12 20:50:13,2017-09-13 20:33:18,2017-09-18 16:48:15,2017-09-22,abb30df339614118b0728ba40e31780e,2017-09-12
34bc0a0bfffcb81d3b412e77e2933a4a,a4859628b4cc633732ea27fb1a00420b,delivered,2018-04-13 20:57:58,2018-04-13 21:09:46,2018-04-18 22:12:36,2018-04-19 22:28:49,2018-04-25,86c784df61be3f1ad4d8d152011b956f,2018-04-13
901a84df9454849d20d02683117105ac,61f3b1e44f811e6f59c9433a3bea727c,delivered,2018-07-17 10:27:37,2018-07-17 10:41:17,2018-07-17 13:32:00,2018-07-25 00:03:20,2018-08-15,d894fe812f82fb1e7b7896554b45d39d,2018-07-17
a198770e8161a0593a4acdbd70b6681a,f3639d5ac79b87a62d0e0829e46928c4,delivered,2017-12-06 00:06:51,2017-12-06 00:18:32,2017-12-08 19:42:31,2017-12-22 00:37:11,2018-01-02,a62e2e770d7cbb665e0620b17dea2d5f,2017-12-06
e7f237163458b9df35d29d4ee460f233,0561cee0e208939ff198184d3d7bd9fa,delivered,2018-05-11 09:58:44,2018-05-11 10:17:48,2018-05-11 13:37:00,2018-05-17 22:05:48,2018-06-06,d9764886f02a2884590e05bc3c4391b2,2018-05-11
4bd80487e45eb96ed277f47d7b9dca63,b791f3a14af336adefada909e64691b1,delivered,2017-11-25 08:05:08,2017-11-25 08:16:33,2017-11-29 00:51:27,2017-12-08 16:57:45,2017-12-11,aea1294c6b907b03c670cc2ddef0e056,2017-11-25
6caff58e656c5b6c5769918fd09707c2,f463d27a26d6aa1d7f438df524c501dd,delivered,2017-06-15 17:52:57,2017-06-15 18:05:19,2017-06-16 11:07:04,2017-06-19 13:54:02,2017-07-06,c66153f5ff38b19dbfb0e5d626c0449a,2017-06-15
cae550bd1bf7bfba357a10319a0fb4be,e192997c0b0792b8ba9e8364d063046a,delivered,2018-07-11 15:45:51,2018-07-11 16:06:24,2018-08-01 14:02:00,2018-08-05 11:42:39,2018-08-01,1e75f52b3a8f44f54d133b711b883f93,2018-07-11
36da3594f270f9d28bae07df5974d240,4d1e62429d88723ea3c9a72fb4c4ffe3,delivered,2017-10-21 12:35:40,2017-10-21 12:49:21,2017-10-23 18:58:06,2017-10-26 20:32:43,2017-11-09,8ce1466844e91c831b7ceaefff65b18a,2017-10-21
cb2b577a4ebd84bf84ff3990084d490f,ebd67b458c0b8b23fa5d869779adc761,delivered,2016-10-05 17:11:49,2016-10-06 15:54:57,2016-10-30 15:14:54,2016-10-31 21:41:43,2016-11-29,8130a5b332a233457aad5d824b9df2cb,2016-10-05
b4c9f083bce61caf47fb38f9ba058bce,6ce60503e530d8a67926e9b8e3fdb635,invoiced,2017-08-05 16:00:56,2017-08-05 16:15:16,,,2017-08-30,5c338a1f817634937de82b48141a62a3,2017-08-05
b3f352a3b3887a501a98642fa5840e66,a6c4086c5ec600d696fbc7acc81aaabf,delivered,2018-01-14 22:46:04,2018-01-14 22:56:20,2018-02-07 18:38:50,2018-02-16 21:46:42,2018-02-08,15c7b142c5ed84a1537ceb6d448818f7,2018-01-14
d9a08faa201940dd3302f06944b5c739,0fbba4e64c66162f8108ba004d0b929d,delivered,2017-01-17 18:57:58,2017-01-17 19:10:11,2017-01-26 11:53:35,2017-01-31 12:22:42,2017-02-15,29607e7e09b983abf0027c079c05efb6,2017-01-17
1fce119897499a117beb9f48ac6cff5c,3ff44e26adfbbe256c5c9dcfb14d5822,delivered,2018-01-31 10:22:57,2018-01-31 13:44:42,2018-02-02 20:34:01,2018-02-14 21:53:18,2018-02-22,f1aa8a93852ae3083c1df4e1d57e633c,2018-01-31
bd396d4cd7a0507db99110954a0d9173,a71764704f63e605e020c4ae34aa78f6,delivered,2017-08-28 18:04:17,2017-08-28 18:15:14,2017-08-30 19:42:07,2017-09-04 16:06:53,2017-09-14,94e1021adca360fa21be9b9f5b18bd24,2017-08-28
cbb8697212a65198772c9406834180f8,c2b7ffaec7595810b1c1f71e75081c39,delivered,2017-12-12 17:52:38,2017-12-12 18:10:52,2017-12-13 21:45:48,2017-12-28 15:53:05,2018-01-12,b30bedf72f26c865890fd833ff44a96c,2017-12-12
be4c5d2cf0254f1c2bee8cf45f690b96,3247cd3218e45b431e7920aca9acea3f,delivered,2018-01-07 14:08:32,2018-01-07 14:47:19,2018-01-09 16:08:07,2018-01-11 21:05:33,2018-02-06,df35ed1826c338d1aecc6f35bfc4dc34,2018-01-07
c1eae222313b3a7eac740761313cbd27,819d8a9b81c0d3e3204e5b80252660ca,delivered,2017-09-05 12:48:49,2017-09-05 13:03:38,2017-09-06 13:30:08,2017-09-13 14:58:56,2017-11-06,1015173479527a15ccb63606a74f404e,2017-09-05
77e1d11cc4954b7a395f9ecba7edd397,9b4daa1db65ef1623983286611eb63e1,delivered,2018-03-09 08:23:05,2018-03-10 03:50:31,2018-03-20 17:16:46,2018-03-23 15:06:51,2018-04-05,c7325ee1a92c0c0d4b95b8616f0abcae,2018-03-09
5a56d595adbe321751c4f42b708ccc35,a1be9f93fac47b616502d82987542c6e,delivered,2018-05-08 13:37:09,2018-05-09 13:34:56,2018-05-09 14:30:00,2018-05-18 21:06:15,2018-05-28,957ba98dc871622946f935de75343edc,2018-05-08
15e63a2cb02a2f0485e5740e8c6f0155,b2333f7e589f125452148e1bec4b9fcd,delivered,2018-04-26 14:56:40,2018-04-27 03:10:37,2018-04-27 14:10:00,2018-05-03 21:28:50,2018-05-24,4b8d2c20253a3dc25770c9cb06232a69,2018-04-26
fe58b25c8ebdc65c3d4cb34070bf9e5d,d70a4c877dba1679f5c7ded688e39609,delivered,2018-02-18 21:52:42,2018-02-18 22:55:28,2018-03-14 21:37:33,2018-04-02 16:12:35,2018-03-12,55a2d38a48216287f07c360037b1955b,2018-02-18
56515935f0fcb6b511a18dc10a50173f,614fe1c6546241092e71ac4d9017cb0b,delivered,2018-03-07 14:50:20,2018-03-07 15:10:05,2018-03-12 16:48:42,2018-03-16 19:51:00,2018-03-23,901958bfdcc5d716ad357c6cdba5244a,2018-03-07
4cf05124a340f768d9d89d5b91a6af97,17109b321000eac4651619ac8f9b6035,delivered,2018-03-02 09:30:33,2018-03-03 02:49:32,2018-03-05 17:17:23,2018-03-12 21:52:44,2018-03-26,32d36db8ff4b40b4349f0ebec623be72,2018-03-02
7a6f03d6c02a319e084dd0ca7bdb5d07,ddc305318969c71969b82bd97a1d1560,delivered,2017-12-20 04:52:44,2017-12-20 05:54:23,2017-12-20 20:38:52,2018-01-04 21:27:01,2018-01-09,af12ef07bc82c2f958bb5b12384be27e,2017-12-20
cd4d7e23c22aeff7984a40a3045e9751,4e980e0ab8106b6976d795063aeb3a51,delivered,2017-12-26 15:58:42,2017-12-27 15:53:26,2018-01-02 21:09:21,2018-01-15 20:48:34,2018-01-22,eff12d4447f137712a387179ac15799f,2017-12-26
28cf49bbfe2683759d3cf866b7fda22f,94a265c7d6fa0389f4fec04d4eae8b66,delivered,2018-01-20 15:47:45,2018-01-20 16:00:35,2018-01-30 18:22:41,2018-02-09 17:35:37,2018-02-19,eb17a45cc9586bc95b8ea855d83e7b6f,2018-01-20
4cc22fa6b7267027aac4151271636112,d2352eb89c2f0a1e01fca14e007aeb87,delivered,2018-08-14 19:39:04,2018-08-14 19:50:22,2018-08-16 13:08:00,2018-08-24 00:06:59,2018-09-12,7ade0a53f402457e6553c68ee945cfef,2018-08-14
ca649df2968bbbc843a5c75c7bc803ba,2cfe4a934e085d0311823648400e4cd2,delivered,2017-11-14 11:33:24,2017-11-14 11:50:41,2017-11-17 21:52:55,2017-11-28 01:40:39,2017-12-07,d172060f03b2863504103b5a0e9c8f6d,2017-11-14
cdc1ac6a94d34f438c153db4b7b5a691,ef6b2b4d3dafcaff444be4b56e9edcf8,delivered,2018-08-06 10:11:21,2018-08-06 15:04:43,2018-08-09 09:57:00,2018-08-14 19:18:48,2018-08-20,9361f66eb5cc5b3ae26947ad3363cbd2,2018-08-06
fb1e54ec77d42cc140f67895fd2c8d8a,65dd345a83fd68cf607c3df70deb40df,delivered,2017-05-27 11:19:04,2017-05-27 11:25:20,2017-05-29 12:57:45,2017-05-30 06:17:13,2017-06-09,bc96fdea77283bcfd8bec24a2163d459,2017-05-27
43698bc1371b83853814e6a6afcc89f8,c9810bad88b465541f86a819e6c17b69,delivered,2018-03-20 15:06:42,2018-03-20 15:29:41,2018-03-21 19:11:49,2018-03-28 20:38:34,2018-04-13,a54a1749bd03dfe0d3642b7fbd888b47,2018-03-20
41db0ab7c0c615a697ca63860cd13a33,71d0aa2c2ddf9293f7a1855c366ec21e,delivered,2017-11-14 16:57:27,2017-11-14 17:15:24,2017-11-16 22:19:02,2017-11-21 17:21:59,2017-12-07,4377c22228de511d013c6a7560d58a2d,2017-11-14
317bfcd79627d89d54a917da6e066beb,124ea0ac4cadfffc49227a24235871fe,delivered,2018-03-12 09:48:20,2018-03-12 10:15:50,2018-03-13 23:35:42,2018-03-17 17:40:36,2018-04-10,8d391fbb0d67f85692e14f81e9b6d956,2018-03-12
b4b08f39312c936c9ecb2327c63337ea,2cd6065a0296dc8f007dbf413a225da4,delivered,2018-01-29 09:59:36,2018-01-30 03:39:03,2018-02-06 23:49:39,2018-02-15 17:31:02,2018-03-02,ee40f86698d1bf94897d87fe5dbc1b2a,2018-01-29
d307290675e59c844ebde65696377750,8f921c03841a893f7102c58d54d431a9,delivered,2017-04-28 18:25:16,2017-04-29 06:35:39,2017-05-09 12:12:37,2017-05-24 22:29:30,2017-06-06,4f7ded99cebf4c1ec505f71ef6580bba,2017-04-28
7068f14af6c3c575490f74b6aaf2f05c,30fc4a8a18b770f84c381b09eccd9b8d,delivered,2018-04-11 12:34:56,2018-04-12 12:31:56,2018-04-12 23:48:32,2018-04-30 18:33:14,2018-05-16,956abc21591ba4a89d91989597554b77,2018-04-11
df281308c4a5cd2e3f2cc5c7eb5c30c3,4666258a26f60758fbdbaaea7ae1173c,delivered,2018-03-26 18:01:40,2018-03-26 18:15:21,2018-03-27 23:44:00,2018-04-06 20:16:44,2018-04-19,8ae6abc914f89e000c298ce7e6324fec,2018-03-26
b687f81e0e59c1153eaa197ad1c1d043,4c047a7a1169d69034904b2fb4abb348,delivered,2018-02-28 19:46:26,2018-03-01 02:48:26,2018-03-08 16:31:10,2018-03-19 23:46:25,2018-03-15,1374dc8d69e00b2749f27505a5eb4e2d,2018-02-28
692bd5c2be36c7274148d55f3ab22edc,08bdb18f09e1d64ab30eefcac034e265,delivered,2017-11-27 11:05:58,2017-11-27 11:35:23,2017-12-04 20:33:08,2017-12-22 02:18:51,2018-01-05,551a09ef128e5436c555ecc43cfca103,2017-11-27
257a853e3afe9bee83a67f4798e6db79,6e0d24cca09d3e293781b6fb16fb5a3c,delivered,2018-05-08 14:09:32,2018-05-08 14:30:07,2018-05-08 15:18:00,2018-05-16 19:16:40,2018-05-28,0c061e779ae6c21a1c561eb2ebc5caf7,2018-05-08
72c061dd658608d47b290082ddbb976d,a16c7e7bd772bc541be94b7a25c1a906,delivered,2017-10-07 10:38:35,2017-10-07 10:49:22,2017-10-09 20:22:13,2017-10-13 17:04:02,2017-10-25,7f3e5bfe3c5927b987d875d005af1934,2017-10-07
394f1635c89b6816274552e7caa43099,9134f2092e13a2323b387cbad1f56d1d,delivered,2017-10-08 11:39:39,2017-10-08 11:56:11,2017-10-09 16:52:29,2017-10-18 20:31:45,2017-11-09,943f97d1d9328970b78dbb3202a605ce,2017-10-08
e793e2ffd549447018149bce4de2850c,b0e809b21312efd191d8cd6055457f41,delivered,2017-09-05 11:07:35,2017-09-05 11:24:17,2017-09-05 17:32:30,2017-09-15 17:42:19,2017-09-29,8c19ee0688ec7a7c51715a0eb189388d,2017-09-05
8835bc08d0bba62b3f65c7903126fa49,aa78339a081ffb1671c7140d2693ee86,delivered,2018-08-06 13:26:46,2018-08-06 13:44:22,2018-08-06 15:16:00,2018-08-15 14:28:29,2018-08-15,4d0d481f5a938ec64900b4e0b317e15c,2018-08-06
e6657617ef1f4cc4cc2413cb0a6630ae,473510bdc67d814c1feda19dc137023e,delivered,2018-01-30 16:16:45,2018-02-01 03:13:28,2018-02-01 18:48:33,2018-02-14 19:43:24,2018-02-21,8c3ff6ad9360189ef57d625d044d7c19,2018-01-30
53cf21aea186e583d69fe8d531829e3c,c905b50d1a1fadcba284eab7fa52fb25,delivered,2017-12-02 20:09:30,2017-12-02 20:19:22,2017-12-18 22:28:26,2017-12-26 22:32:46,2017-12-29,92ebffe3693a39d55ca83ba631db6d39,2017-12-02
c4338fc6904fe8ebef8e0e42ead3c0e0,7225f2492ed367f203858f47023b7172,delivered,2017-12-17 01:00:48,2017-12-17 01:13:31,2017-12-19 23:04:45,2017-12-22 22:28:50,2018-01-24,f91aa7e2a0404e931a19f0cb1ecf9426,2017-12-17
97bca524044b6fffcdbcc4ced6e2390f,5a31560ab7821af245ac21f6ede6f4c3,delivered,2017-10-03 21:30:44,2017-10-03 21:49:42,2017-10-04 21:34:10,2017-10-05 22:02:40,2017-10-19,b5968d8d3507b0ad5c92e33bc00b5431,2017-10-03
08cef746691fa27e23fe2c32a02c0e21,b169b69e3ad77c2ea0e63ae4710b863b,delivered,2018-02-26 14:09:33,2018-02-27 12:50:35,2018-03-05 23:52:19,2018-04-06 18:32:18,2018-03-26,918defbde32da786dc3e8a2fc90d6a2f,2018-02-26
6e9c0612875f3247e91446d8d0bf7d50,ba6cf34ac15f009cb735e05fb4f48c11,delivered,2017-12-23 18:41:40,2017-12-27 04:14:37,2017-12-27 19:18:50,2018-01-09 15:44:23,2018-01-15,34a9803943df6b2eba0a322e63886be4,2017-12-23
b7aeacfc25789063ab26dcbed69401a3,9b1cf85143c429c569ffa542f24ce20a,delivered,2018-01-21 17:28:33,2018-01-22 13:55:17,2018-01-25 15:52:54,2018-01-29 17:13:54,2018-02-14,bae6687e2e07f749eda874adba621bd4,2018-01-21
0aa6d207e7ba004eef415715c25765ce,f467accea193ed2a3000f9ea4092820b,delivered,2018-04-15 11:59:06,2018-04-15 12:15:24,2018-04-17 03:34:43,2018-04-20 20:08:41,2018-05-04,4bd91035db69402af2402d830849b4df,2018-04-15
d59a804dba63b4bae7ee24c0befec958,2b2615fdbdbd7f81776f95163acbd096,delivered,2017-11-24 23:12:50,2017-11-25 02:14:56,2017-11-27 17:58:42,2017-12-11 22:19:06,2017-12-19,154e1a18d4356adc890d517ae349146a,2017-11-24
29b56549adf0256e35b6aabd8a7f7455,2c2403fd211b56dcde8c570e2af77ff6,delivered,2017-08-07 16:45:26,2017-08-07 17:23:06,2017-08-08 17:36:07,2017-08-15 19:03:22,2017-08-29,cfde5305d07e35893800f16df83aec28,2017-08-07
5c51684e9930d09a7f209a96c71064ef,cce67659e9d04865a064779206b7f545,delivered,2018-05-02 23:21:16,2018-05-03 00:50:16,2018-05-03 18:59:00,2018-05-04 22:03:20,2018-05-18,8864fcd75870a545f2d3ee3008f2bf74,2018-05-02
a8098c74d0b6846c8dd5ea90952879ce,0dfc0621220f4aa19960d5c5397f0835,delivered,2017-07-14 13:10:50,2017-07-14 13:24:16,2017-07-14 23:29:34,2017-07-24 21:06:02,2017-08-07,8f8091461440c0b33061e07bce1ccf4c,2017-07-14
f472c6c9045f35a40845e71c997dcc74,cb153f91686e47164e735df3c91296d5,delivered,2018-05-19 20:15:00,2018-05-20 01:00:13,2018-05-21 12:14:00,2018-06-05 14:48:02,2018-06-06,c0a2ff251132852958c61ce2ce573dae,2018-05-19
1d46e93ded8b3ff059abe41e14754362,ddc49820b80baa11c1fd013d27e171fd,delivered,2017-08-23 13:58:50,2017-08-25 03:05:30,2017-08-28 17:58:15,2017-09-04 21:15:12,2017-09-19,14aa0f879bc9e1d191221462a5fce802,2017-08-23
9798002938de9acb5883e90411ded034,94a67251f1d5468f05e0758a00cf070d,delivered,2018-06-15 19:24:37,2018-06-15 19:42:30,2018-06-20 14:56:00,2018-07-10 18:07:42,2018-07-11,8341951b6f798010a018acbb7ef8f0e2,2018-06-15
354310406adf3de2d6793865cca4eb97,ad70f138775d968ee261c7dfec755835,delivered,2017-11-06 20:23:42,2017-11-07 04:31:43,2017-11-07 17:35:03,2017-11-13 20:58:25,2017-11-24,a03bed47efff02de7b59d0da789f0dcf,2017-11-06
14b791be12b020b826c2ee4c7662a5da,d79bbf4a1c9af9f33686cf1f64457f63,delivered,2018-03-30 16:27:56,2018-03-30 16:35:12,2018-04-03 21:04:16,2018-04-13 23:28:32,2018-04-25,3eb3fa840d4e664cfb1aaed1112df226,2018-03-30
cf2159bbc127ae7a92a057266d687260,79986e17c3a038cb24355365fc78a0e9,delivered,2018-04-13 07:50:12,2018-04-13 13:31:37,2018-04-17 18:11:57,2018-04-19 18:42:45,2018-05-11,ae72fc322c436d955bae749b31ef4b97,2018-04-13
10084ae353466f1c95f62cbacf6168d5,16da36096df96205bb8d9505199f726d,delivered,2018-02-20 10:33:58,2018-02-22 02:30:55,2018-02-22 17:53:12,2018-03-02 20:48:32,2018-03-14,c962ed798636811935163b5e8e87ce6a,2018-02-20
bfbac0cb986a021b149fd1ecd301a95e,445845e4372db1e918553b093b13fe8e,delivered,2018-08-05 14:47:02,2018-08-05 15:04:23,2018-08-06 15:05:00,2018-08-07 20:32:43,2018-08-09,ba0ac571960912286d71232645d1059a,2018-08-05
3d89350fbbbebf725356d7abe70f17a0,7574e4f5f09e0daa235e6ea3d3b3d5fc,delivered,2018-01-31 17:08:13,2018-02-01 02:56:12,2018-02-06 00:58:45,2018-02-27 21:22:33,2018-02-22,449ba3232212cc2b6459e3fcef52dee6,2018-01-31
4c8c092a897404409eb4858b2c35f100,a82a9ed42b002098621df8124fefd4ff,delivered,2018-08-07 08:40:31,2018-08-07 08:50:16,2018-08-13 12:42:00,2018-08-14 17:51:20,2018-08-10,c31b42ebb5287fc93a2be91163464674,2018-08-07
c39ffdd77f5ddda482650795f30f7aac,2bd76f7c3456afd0a6885eb89e8bc212,delivered,2018-08-02 12:29:52,2018-08-02 13:15:26,2018-08-03 13:39:00,2018-08-07 11:12:07,2018-08-14,f5faafcfd2343397124c26009e3f7eec,2018-08-02
654ba98a499a03473f9780e5c7fc227b,a81d2b8ee773249a32739a766ef9d891,delivered,2017-08-04 03:06:27,2017-08-04 03:23:40,2017-08-08 20:34:38,2017-08-09 18:34:17,2017-08-17,dc083e64cab83312a8ca1ff8c2699463,2017-08-04
4801b9cf238c2c9098bd66a5f092c2da,ca85ad830716e1b7b2964c68c146195d,delivered,2017-11-29 23:02:28,2017-11-29 23:18:01,2017-12-02 15:38:57,2018-01-08 20:54:56,2017-12-29,b1b1e0a969f47ab397202becc860b444,2017-11-29
d7273b44707722d534c868f279e235cb,c32080bd1442f65f3859a01f865bdf93,delivered,2017-11-08 12:09:31,2017-11-08 12:30:56,2017-11-08 17:56:47,2017-11-22 14:57:19,2017-12-06,3fa626c46f413742865a2cbfa914bb80,2017-11-08
ddc75e18227aa517946c2239d18d1300,74fd1de60f458a07ceaded11a698fbc3,delivered,2018-07-27 21:30:56,2018-07-27 22:15:12,2018-07-30 12:24:00,2018-08-02 18:46:49,2018-08-15,fbbe4bf6e345dee467d3b36a89f04cfc,2018-07-27
98a6c523ea54e65d9320d388708b49d3,052c644eb399b528aa0c6ff95a3ea856,delivered,2018-08-07 18:45:30,2018-08-09 04:05:17,2018-08-09 14:25:00,2018-08-16 15:53:45,2018-08-23,3d5e14abd47ad7ae589af619b8d2489e,2018-08-07
40ff15fd1f4a802dd323bd89a6967b5c,4ffdc20f14db2fc732a0548cf3778396,delivered,2018-05-31 15:31:29,2018-05-31 15:51:47,2018-06-04 14:33:00,2018-06-06 15:07:03,2018-06-19,3abf2523709d41f3b0138931a1b7c0cc,2018-05-31
63e4ede8e88252dcabc3a251e84dd7ff,4d5ad499182eec2023662b93e804e9a4,delivered,2017-12-15 23:05:43,2017-12-15 23:16:26,2017-12-18 16:23:01,2018-01-05 23:58:57,2018-01-12,b692391a3475130e918c2ffd84fa0413,2017-12-15
605ddab5485410c9c3c11f4ab9a74f6a,9166122ca8d3afb612cd3bdf4f804bcd,delivered,2018-01-18 11:21:37,2018-01-18 11:37:16,2018-01-18 23:35:03,2018-02-03 00:42:49,2018-02-16,afa602f01babaaaa3376444634400a25,2018-01-18
316495342fc714e50303c6cf4feea79f,f5af1f7ad0a0eeb438292e8540480407,delivered,2017-12-27 21:34:00,2017-12-27 21:46:55,2017-12-28 18:16:00,2018-01-05 00:25:33,2018-01-16,cfb025f193db116549c9c23e4d58e3e3,2017-12-27
a2b99b6a9c5b0c402cfbabfdbb69918e,f7f33607a433200f6a87624740e24f8e,delivered,2017-09-10 07:09:18,2017-09-12 04:45:44,2017-09-12 12:28:04,2017-09-19 18:11:22,2017-09-27,c18c9a0884eff4b9ee66d37dd5357216,2017-09-10
287445be3e2a5f0d3f5036b2a778d1c5,d86567cdc776774d6de508880d117fdd,delivered,2018-05-16 13:29:40,2018-05-16 13:59:36,2018-05-17 12:25:00,2018-05-22 17:06:33,2018-06-19,ca8869414ebfad7610a659da7e1a10b2,2018-05-16
ec258e1773b41df94290f07bccbd1ec1,aeb558923701cfd4b4ee039cecb8fa77,delivered,2017-12-30 13:46:14,2017-12-30 13:54:24,2018-01-02 21:23:21,2018-01-10 21:18:27,2018-01-29,66f4cacdd688fc56e58a33287fe822cf,2017-12-30
47eb628894a1aa066bafb6d3de07da4b,52f7dfec08a527c57de6b521b799945b,delivered,2018-01-11 18:05:35,2018-01-11 18:17:34,2018-01-12 15:34:00,2018-01-18 21:13:54,2018-02-06,f5249264629739684c1701c31078587e,2018-01-11
bb6f77e22d300a3c74436c9ea8925945,76696c96f4cfa5fbaa17fdcced323c9b,delivered,2017-12-19 23:00:42,2017-12-21 02:11:55,2017-12-21 22:13:32,2018-01-04 22:56:57,2018-01-24,bd66c00af90ff5a3bb62a0c9639921ba,2017-12-19
a96e4916afbe040afbe005d10eb41523,6a575fe9813b011bf94d8185ec600045,delivered,2017-07-26 20:49:07,2017-07-27 16:03:24,2017-08-01 21:21:44,2017-08-03 16:52:28,2017-08-08,c34f2ca27d34d58730b66b7ff14f0437,2017-07-26
2de5b68f713b073b77fda04cb4868443,b3ef2e15b1f2d5598a28e08e3536542b,delivered,2017-12-05 14:10:07,2017-12-06 12:51:11,2017-12-07 18:57:57,2017-12-09 14:07:07,2017-12-28,106fc159590d2e39a532f3f56259df49,2017-12-05
4173123220bd4c3bd19044ee5f76c467,2a1789d31dc13c07b1687e2731f7887b,delivered,2017-08-30 14:24:18,2017-09-01 02:25:03,2017-09-01 20:41:57,2017-09-11 18:30:46,2017-09-28,9d0755875c89125946b738c348527509,2017-08-30
6373b46dd60ea2f0d7890c131155a0a8,e93fe682b610d10753091905388c433f,delivered,2018-03-15 17:33:38,2018-03-15 17:55:43,2018-03-27 23:24:51,2018-04-05 21:14:34,2018-04-24,8e2256168ae549437d667b583fd0be28,2018-03-15
a558df35f2582dce7a0a683f618ea859,70e9cf1e18e454538ab51d6b0c52758d,delivered,2018-02-19 06:54:22,2018-02-20 06:46:31,2018-02-20 20:12:58,2018-03-07 20:29:49,2018-03-15,8e0726aea097e932a69690bb2e372c2e,2018-02-19
650ca3873d0a09fb4604deef7817ef60,5181e6f1eb922ea7daaec1d9f06aa7d7,delivered,2017-11-12 18:56:02,2017-11-12 19:10:39,2017-11-16 17:19:33,2017-11-27 20:16:49,2017-12-08,0a8c1dca34c99bbb023b3b1b09735bfa,2017-11-12
0b0334d5ad01e008caafb19973bf1acb,64c1209f6fae0cbe57bd7e39469506f4,delivered,2018-04-25 10:52:10,2018-04-25 11:09:03,2018-05-02 11:19:00,2018-05-07 20:12:24,2018-06-05,64df076fb557552498049bb07ed1cd5f,2018-04-25
7a0eb0a897a19d67575a24798ba26fc5,7e4afd20ae143f73bec2e0ce84be702f,delivered,2017-03-04 10:37:13,2017-03-04 10:45:14,2017-03-08 17:26:08,2017-03-14 15:51:50,2017-03-23,9625dbb5638f8509d01ce8a4e5708395,2017-03-04
397f4ed009841e83e71435ab9376cc8c,111dcb0d9a9858c0d2b01fffc0b8126d,delivered,2018-07-19 18:32:43,2018-07-19 18:43:09,2018-07-23 06:05:00,2018-07-25 20:48:51,2018-08-20,20738507f8a57dbde7be8f66ce61a1b5,2018-07-19
4f39a94d6e474819d898d6df7d394996,27a410dccb395b6ce45963874d158352,delivered,2017-04-28 16:28:03,2017-04-29 02:42:51,2017-05-09 14:06:48,2017-09-19 13:54:18,2017-05-30,b0cd6a169aaf7502ca3783e5e7527921,2017-04-28
223b2b4c06ffe3ced7307cad0ebd5e44,32df5b33f0b3abf4b75988b73732701a,delivered,2017-12-11 23:10:16,2017-12-11 23:36:06,2017-12-13 19:34:56,2017-12-28 20:28:50,2018-01-10,b1f9c3dc60cf615d94760ef1f7356c22,2017-12-11
cc85879fb8f1767ad9b67dbcfa113e7b,fef63fc541ea4380366f67bee5cf11d2,delivered,2018-04-07 13:26:51,2018-04-09 19:29:41,2018-04-14 14:23:43,2018-04-17 21:36:46,2018-05-04,65c1c2f858a33b3ff79f436724c4c79a,2018-04-07
cf3da3c7f3915ee38eb71471c6aac434,30c0d1803692aa5d5f70dfb0740175c1,delivered,2018-08-10 09:56:58,2018-08-11 04:35:12,2018-08-11 09:15:00,2018-08-13 17:46:55,2018-08-16,e1c3a02e6fd3a5919a8711dee1bc497e,2018-08-10
93709cc8ac5e38fe6622dcebd2ce72bf,5d6af0de0877df24d2c737741eeaad2d,delivered,2017-10-28 08:28:41,2017-10-28 08:45:44,2017-10-31 15:33:47,2017-11-07 14:41:20,2017-11-21,43b1c17ee4ef2824f6f81af9bbb0a0ac,2017-10-28
0744ce655e97e70eb03a99cf52385502,ae2702f08dfccf04bf793a9cea9a4b31,delivered,2017-08-08 13:24:36,2017-08-09 02:45:36,2017-08-15 20:54:01,2017-08-23 20:26:55,2017-09-05,2486f0594797f4e9edc77f1867f25872,2017-08-08
78d7bf360bb60d0dd4bd37663c126524,bbfd6562ad0326487d9e5c8e6433fc8d,delivered,2018-08-26 13:23:23,2018-08-26 13:35:09,2018-08-27 15:12:00,2018-08-30 23:40:54,2018-09-10,52b8fc428690f8974a3d3ff3a162f7b7,2018-08-26
915a2730449787ced8fbbc1794ca7d0b,41db322bbc128ead2b4dcb94280a9ce0,delivered,2018-07-25 10:57:54,2018-07-25 11:05:13,2018-07-27 12:56:00,2018-08-07 22:04:08,2018-08-21,003a5571a07dcf09bf117d13d2980ba3,2018-07-25
b2217a354063d984ee320fa29b6baf1a,79e3ba6298327f701c453dedbd155600,delivered,2018-08-03 19:00:56,2018-08-03 19:30:41,2018-08-06 16:04:00,2018-08-09 20:28:44,2018-08-20,77e4a907ae533160f3e5220d9d9084e9,2018-08-03
100c3a4b273a82310ce16d5524e14450,d61a69cff9f2013ae34f6067ddf94523,delivered,2017-09-16 09:00:56,2017-09-16 09:10:13,2017-09-18 19:14:59,2017-09-22 17:11:17,2017-10-05,2c586ad47f2b790f4095f2d9eb8d508c,2017-09-16
49d82571c200aac8b226cae094dc8f0c,4b4bee09940f6ede7b3cac4b3a2e9a3d,delivered,2018-06-12 21:00:18,2018-06-13 21:00:10,2018-06-14 14:53:00,2018-07-26 15:12:37,2018-07-05,1aeda8a7a2736542b65f15a8ff8d0f5c,2018-06-12
fe0f62fd99cb34355fb8706ce0faf6c6,1dcf37da2946cd5a450289683d39887b,delivered,2018-04-18 16:08:49,2018-04-19 15:38:29,2018-04-20 18:11:20,2018-04-23 15:22:16,2018-05-07,20fdad45aed5ae04cce21af8f56cc98f,2018-04-18
02a0929986b1647b2df9bb303b4851b9,aee9d44d59c6cb00a9d64b390666224d,delivered,2018-06-25 21:13:29,2018-06-26 08:57:55,2018-06-27 10:19:00,2018-06-29 22:21:32,2018-07-12,68f9f23ba578b597c5ae0573a2a72b02,2018-06-25
7674a39ac1ba0b1ca68a18cfbd151b1b,90d7075599361b6945ce6c9e200a687b,delivered,2017-07-28 17:03:33,2017-07-28 17:15:10,2017-08-03 20:39:41,2017-08-07 14:57:25,2017-08-28,5b3701e58aad8913eee15daaf03c0a9b,2017-07-28
718b31ebf4b412db36cb480229bca6ab,644ffd89339a2d2cd3479be46dbce91d,delivered,2018-05-07 13:00:22,2018-05-07 16:33:51,2018-05-10 15:52:00,2018-05-14 14:03:02,2018-05-30,0f47ee9839f0c5f608cc69ebe59f0001,2018-05-07
14f31f8bfd37cf6b1fa6a4aa6e94e930,b7036379c8ca6db063c7e288cdea5094,delivered,2018-02-27 15:42:55,2018-02-27 15:55:33,2018-02-28 22:17:53,2018-03-05 22:57:53,2018-03-14,ae9ae5072fe8d5b2a1f7072a833f0afc,2018-02-27
571b3d06ddb5bba38fac92f4da0778e7,73bd1eb83b4172b898bc19681afc885f,delivered,2017-02-01 20:59:12,2017-02-01 21:10:10,2017-02-02 11:55:47,2017-02-08 15:51:14,2017-03-03,cfb3a7a74383d11b7753e83ae6266cef,2017-02-01
818878a0bdfd8a8cf46e474a03fc5366,e865ee96ba1d73c1bfad1dc94269fc14,delivered,2017-10-26 13:43:41,2017-10-28 02:55:22,2017-10-31 18:25:47,2017-11-09 16:44:32,2017-11-23,bba19d9ddf6ce4663966a0cb23882ff8,2017-10-26
67009d1f213f762960c97b4f8629159c,d3e3cb2b2922f53b23b090d9668a1b13,delivered,2018-01-20 11:38:30,2018-01-20 11:57:49,2018-01-22 16:38:04,2018-02-01 21:18:30,2018-02-23,136bb390be82b2f669d8805d4c3a3f76,2018-01-20
7d4101163410b1380268da3933e691f1,603836070f1882347e4800d647793d88,delivered,2017-07-20 23:03:33,2017-07-20 23:15:14,2017-07-21 14:27:44,2017-07-26 20:17:41,2017-08-21,d9752ac494a2b97507fd2faa478cabd9,2017-07-20
55bd3d21d10786b863b8537b32bc3899,6656caf59604b25703d86b9a8ea0f814,delivered,2018-08-01 13:52:56,2018-08-01 14:05:16,2018-08-03 11:20:00,2018-08-07 20:33:36,2018-08-20,60e2c1c1b1d94d1a3f157741545ffc39,2018-08-01
e981933dec07dfe833f737618e90afe2,9d1db085c2312cc76a261c2f0d153ee5,delivered,2018-08-21 19:49:42,2018-08-22 10:55:20,2018-08-22 19:09:00,2018-08-23 23:16:47,2018-08-24,022657d659cf88bcc8c22774f3f0b61a,2018-08-21
813c55ce9b6baa8f879e064fbfbc9e07,33ff667cdb878cb8e222ae48d131c739,delivered,2017-04-26 01:01:39,2017-04-27 13:37:29,2017-05-02 09:46:39,2017-05-08 08:54:36,2017-05-18,84e905ad975d5d2149146731168b5d65,2017-04-26
9ce36e2fe5d89681ffcdc294ea7363ac,583f92cf005d530fb347398860f184c4,delivered,2018-06-04 11:16:53,2018-06-04 11:30:42,2018-06-05 13:05:00,2018-06-14 10:03:26,2018-07-20,f4f57b6d32475f5a23596ecc34772860,2018-06-04
0e9ed1bc6589695f10e03b8eca833201,bd33f7c7a64e619e46ee0edd5caf74ef,delivered,2018-08-20 03:21:20,2018-08-20 14:10:52,2018-08-21 13:54:00,2018-08-23 21:57:45,2018-09-20,e69f2718de164c3f1a592ec3f3e68dd3,2018-08-20
daec7c006304b60ca87044f26409ef2e,9232215e0cd2e157268266f474ca3f11,delivered,2017-08-16 13:12:14,2017-08-17 13:30:13,2017-08-18 17:42:53,2017-08-23 21:30:05,2017-09-05,2ea138252e398496437ad1596662e56b,2017-08-16
f38baece3d405c61575ec8886dcf4cfe,a2cc9f80829ee0d67d9767a999c9de40,delivered,2017-05-21 09:02:27,2017-05-21 09:35:16,2017-05-26 10:03:25,2017-06-01 15:04:57,2017-06-13,43b74cf6f2f3c0de4af0bfce0e57a9eb,2017-05-21
b6f7267c5de549e8079e23367dafd3a1,e45d7222b87e8b15b377853dba5be723,delivered,2018-06-11 10:26:21,2018-06-11 10:58:31,2018-06-12 13:56:00,2018-06-15 18:18:34,2018-06-28,3798afca0bdbf833d43d27ba3211d3a5,2018-06-11
35298b52820bdcc64b7bf71ccc28a36c,52496ddf0025f7b0ec3cb640a97990f8,delivered,2017-12-31 19:28:24,2017-12-31 19:46:47,2018-01-03 17:34:11,2018-01-09 19:38:13,2018-02-09,8b1ae0abe817918d427c11e7885d5ebd,2017-12-31
6c8accd4cab9d1cccad9d791492d53b2,847a65ac1b1b67459d7fe6e1a1af3c83,delivered,2018-03-17 03:08:01,2018-03-20 03:28:16,2018-04-04 19:23:29,2018-04-06 18:51:43,2018-04-16,601d7421c2ded8c1caffb014b9f19d79,2018-03-17
5690636f35f3831fe4cf8d5c8e060d99,c0fcce97e056aff1a7848e43fc975359,delivered,2017-11-25 09:06:15,2017-11-28 03:20:11,2017-11-28 18:17:06,2017-12-12 23:49:27,2017-12-19,bb7dec94f2d5a01b71bd1e976232b155,2017-11-25
a0276ec686c0ea314da1e9da49e8a46a,082b0e812e5a5e7be47a20928caee80b,delivered,2018-02-12 17:31:43,2018-02-12 17:47:54,2018-02-14 20:34:03,2018-03-08 23:37:25,2018-03-15,dd738e5a9a21667e2816f20d39cf259e,2018-02-12
c0b4d042df532a3a84b95e89bf2a53c1,fe7d8a2ba8e06d46cc04b6901fa533ff,delivered,2018-04-11 16:59:22,2018-04-11 17:10:57,2018-04-13 16:12:15,2018-04-28 20:04:14,2018-05-08,ba1fe3dc6ce8decbdac878b67f4a23c0,2018-04-11
69b4682d3ab5ef1f14a8e9e74638f87e,765b56e9a7716dfe3074a58a8aac5974,delivered,2018-08-07 14:10:05,2018-08-08 03:05:48,2018-08-08 13:50:00,2018-08-13 16:02:24,2018-08-17,54f2711f2fa5fa43b63e30c4092e1b0b,2018-08-07
ab18ff09f55ca3ccc4dbf5bed2c9036d,478c615b39c193099e6f6b352d706ab7,delivered,2018-03-24 12:25:44,2018-03-24 12:35:35,2018-03-26 19:52:08,2018-04-19 18:44:55,2018-04-16,00737247e3dc1942da2c527ef3bd2709,2018-03-24
99662b91e0128a7de8c373ab7e566dc9,d09200136a8aec3f7a9831754d554b5c,delivered,2018-03-20 15:20:59,2018-03-20 15:35:44,2018-03-21 19:08:41,2018-03-27 18:27:39,2018-04-11,8463acc278a8687036190453074efb4c,2018-03-20
9167e0a67d886b453dbb9318f1db42cc,44e22962c585a40a9294dab5ded35dbb,delivered,2017-06-13 15:50:59,2017-06-13 18:23:17,2017-06-19 16:48:46,2017-06-26 11:56:31,2017-07-06,0cda37a2bb960bc86fb2a2c027f995bb,2017-06-13
db4d39113d1f1f359709384518d81e31,91aed284ce3e18b2be4cb2dafc798b51,processing,2017-09-19 11:08:41,2017-09-19 11:34:08,,,2017-10-10,8c7a12d87bfd2f5ad0a1f5c573f0d960,2017-09-19
1e73093ee708ed2b782f359056925208,3f3e1ecfa168cfaffdf4bbdc26c8fd35,delivered,2017-08-14 18:54:04,2017-08-14 19:30:12,2017-08-15 17:13:14,2017-08-18 16:59:34,2017-09-14,51e32dbab59f703df32796cb616dc90d,2017-08-14
1494db03a5c6e6ed463866c7e1171104,993add0b1f0f75f14cc08bc0e180db18,delivered,2018-07-17 23:35:22,2018-07-19 02:55:31,2018-07-20 11:14:00,2018-07-30 18:16:48,2018-08-09,3e4d0419daf434e0d8bcb9fcbc9b0f3d,2018-07-17
3c04118e4788bb999f7371015e3dbdbe,a2cd17436c82a68234fbda01562f6e50,delivered,2017-08-16 17:41:35,2017-08-16 18:24:43,2017-08-22 20:19:54,2017-08-25 13:52:33,2017-09-14,509148592c66d4ea7e26e63c131cd980,2017-08-16
f16dee6de72d9dcf6b644a19233a39da,00b96a156e6827442e5ec7c620a39d24,delivered,2018-04-21 15:10:45,2018-04-24 19:28:02,2018-04-23 21:08:49,2018-04-26 21:57:31,2018-05-16,41b75ed52acfa208903915c459a5e3fd,2018-04-21
3550480abae8b6120d0c8d5ca9bbbdfd,d20ce9616a4f457e01b607334fbbb722,delivered,2018-05-10 08:40:32,2018-05-10 08:55:48,2018-05-10 15:42:00,2018-05-15 23:42:32,2018-06-07,7d8299b25701f2676b473d4dd409283d,2018-05-10
1cf0fc2c07de89a211f8dcf9ff5af15b,97a0e2c05d5882609289a1816e234ba0,delivered,2018-08-07 21:53:39,2018-08-07 22:05:23,2018-08-17 14:09:00,2018-08-18 18:21:11,2018-08-15,e983d6a5d6a92e29fcc48d7b42a6031e,2018-08-07
0a84fbd88ba3278bbb66308e79b2f416,bd82e5acdc4197ed672255f002b9cc45,delivered,2017-03-07 17:50:02,2017-03-07 18:03:26,2017-03-08 11:00:49,2017-03-13 15:22:53,2017-03-24,2062829df366557aaf33d5f28c84318a,2017-03-07
fea58e65b788d96dd982a2660be9e2cc,d366fbc54434d58bb744ed9216f11d5a,delivered,2018-07-20 13:26:04,2018-07-21 03:23:53,2018-07-23 13:25:00,2018-07-26 22:05:13,2018-08-08,fd4f4e98908a816ef57a2944e93269a0,2018-07-20
f2b00200fa3b427fee60eb4fa811720b,fefe47950f42fddc66afdf7315a36dae,delivered,2018-05-24 16:43:06,2018-05-26 02:18:40,2018-05-28 15:55:00,2018-06-07 17:44:58,2018-07-03,850e8006b4f239916012dfd4f9bdeb0e,2018-05-24
a99b56767df11d454006074f4ba801e1,4990d6ec5b1b6ca2b76a73bba192a451,delivered,2018-08-06 00:52:30,2018-08-06 01:05:10,2018-08-16 09:28:00,2018-08-21 17:08:37,2018-08-22,721753e3cd58abfc617b532d19ee7ea8,2018-08-06
e5fa83ee166ad4e56b60c0bc4a2e12bc,09019e777b997c943ed2c3b3b9fb2707,delivered,2017-10-30 23:55:00,2017-11-01 03:15:41,2017-11-01 18:03:10,2017-11-24 21:11:19,2017-12-01,1e93052ca04eb5b8acffe45b9b6bb66c,2017-10-30
ddc5df3b1c497720bae1692c170baec0,94074895c5b185e9642b1a66a3ef05a7,delivered,2017-11-24 13:33:20,2017-11-24 15:53:40,2017-11-27 14:34:13,2017-12-06 13:12:48,2017-12-26,013f4353d26bb05dc6652f1269458d8d,2017-11-24
8af022ef5bcb85da7e559f43367171bf,5d620255702bc2d194c87b2911951aa7,delivered,2018-01-08 12:11:29,2018-01-08 12:27:42,2018-01-10 11:03:29,2018-01-16 21:11:45,2018-01-31,b67f3c688800e83e5674ffe056027d1d,2018-01-08
ca135e527ced56014617ee57b5386a2f,89e228202833d7ef75a17cf778a4bf40,delivered,2018-01-29 21:03:16,2018-01-29 21:32:14,2018-02-02 00:57:55,2018-02-26 20:41:43,2018-03-13,9e5e6c3acbc7ee451dd52c0cddb575f4,2018-01-29
749ccd54a6e860862770d11abcbbe0bc,fbf63348f1407b889627f56bf252be12,delivered,2018-08-14 21:02:48,2018-08-14 21:15:18,2018-08-15 15:13:00,2018-08-21 21:28:45,2018-08-27,cacad11a562b7c7537343abbeebd12f0,2018-08-14
7caa0a770f1010526a3e5f65757755f0,8eaeb7321c581b23d11baa046e326351,delivered,2017-07-14 12:56:31,2017-07-14 16:24:12,2017-07-19 19:36:55,2017-08-15 17:20:06,2017-08-17,dadeb993a5db01ccde3267ca82b5e0d0,2017-07-14
fdeb8e2ed51d3a12a9d6c27a2f70e255,16cbc4e32c7cdb2964442a15b807711c,delivered,2018-01-21 22:20:52,2018-01-22 14:03:23,2018-01-31 20:29:08,2018-02-03 12:07:31,2018-02-06,5cf21d69d40b50119524be327a12ed7b,2018-01-21
14e4354a0f5d87e8db773937a3f2331e,18aae46d2f68affaf9763d9b54ac6a7f,delivered,2017-10-13 12:37:49,2017-10-13 12:49:23,2017-10-16 22:04:22,2017-10-27 03:02:51,2017-11-10,96061eae11cddc402d00e19b38507268,2017-10-13
cd073a09b3f9f8f60fe4b7aa998f2ca0,992827c0798eac56fbf32454152b47b5,delivered,2018-06-20 08:57:50,2018-06-20 09:20:29,2018-06-20 13:11:00,2018-06-25 15:16:38,2018-07-12,6194f8cda70a2a8a3eb91467b04a6fae,2018-06-20
fc0ab8cdbc2f9a64c50264d217e47114,bc9340424036e7a409f72b4628d55973,delivered,2017-05-09 12:22:51,2017-05-10 02:42:25,2017-05-10 11:23:39,2017-05-12 13:12:53,2017-05-29,c426399972becd38ce02dba6eb721980,2017-05-09
d8d4e1a57a139526d78c7713a4eed523,6f4757d5bc29373b8d9e85452d5c5084,delivered,2018-08-02 20:27:24,2018-08-03 02:45:20,2018-08-03 15:57:00,2018-08-13 19:54:46,2018-08-22,9c1c77b7686a68db196d382910e75d10,2018-08-02
ad2cb7174d08a12cbc905429e2027c96,c11fbc580671361648bce57643122d12,delivered,2018-05-10 12:06:38,2018-05-10 12:16:06,2018-05-14 08:37:00,2018-05-18 22:51:56,2018-06-07,7cdeefc6dd2959cb9202287174ca09ad,2018-05-10
7e33051b148132bd0c823915b8863e35,e5d2e5d5a118426869969e7edf137611,delivered,2018-05-03 07:24:46,2018-05-03 07:55:14,2018-05-03 14:54:00,2018-05-08 22:58:50,2018-05-28,589e8441e1957f2c027af0f7b11a2da3,2018-05-03
3ab5bdee7463665002059afbc68144b3,98148e148042527f57490f05af4149ee,delivered,2017-11-07 17:30:39,2017-11-09 05:31:33,2017-11-10 17:25:47,2017-11-24 16:48:42,2017-12-01,439f0525481a44b09ae940effded2fd7,2017-11-07
75a274082b03938965592307afe46ae2,341baecb319d65b15bcfc9c3adc5de7f,delivered,2018-01-04 16:54:54,2018-01-04 17:09:28,2018-01-05 16:09:32,2018-01-24 22:12:09,2018-02-14,968436577c1e2073b28031261cb45a24,2018-01-04
5c08c71d1da2a1cbbb12fe54b0419b41,8e00885d43c3f587e4d60b751462cdf7,delivered,2018-05-06 02:04:47,2018-05-06 02:15:13,2018-05-09 13:42:00,2018-05-15 17:18:35,2018-05-25,c3e7b5ae7b342eacf1def25046837735,2018-05-06
15261e1a4e2be405c49fb08d7e07773c,944ad7299db6b270609f52b1114ec87b,delivered,2017-11-24 19:51:55,2017-11-24 22:59:11,2017-11-29 23:04:05,2017-12-05 17:52:09,2017-12-19,195499d29835ec5b94af4457c1c186e9,2017-11-24
e210ce645469e7eb44209cb28f6bf097,ab5f976b67616479af3bd2404c26ed9b,delivered,2017-12-21 14:45:24,2017-12-22 07:09:47,2017-12-22 18:14:02,2018-01-11 22:20:38,2018-01-29,8ae522c29c27dddb527854a9255c7dee,2017-12-21
9e6e335c851fd08c6e1b22a0d70bb540,788e9580bf43966d1477ce4fccde2d32,delivered,2017-12-19 15:55:46,2017-12-19 17:15:59,2017-12-22 18:43:01,2018-01-04 00:09:01,2018-01-17,5f28e0db75ddc9aec85f8c30533b95ba,2017-12-19
614990b55e705d163e360ad21ed63a30,b228af379316f9f5d41d658f91ef6c48,delivered,2018-05-16 18:10:37,2018-05-16 18:41:39,2018-05-22 09:06:00,2018-06-12 20:21:27,2018-06-08,013802b3b98584222c1280e654a655b1,2018-05-16
08acb70a4f06f300068802d8776fefaa,d95c4eb894db9fa73c355006bfa2534b,delivered,2017-07-28 10:29:15,2017-07-28 10:45:20,2017-07-28 19:52:01,2017-08-02 19:21:54,2017-08-14,a4ab5f34ede13ac71145acd2fe5447d5,2017-07-28
a236e52ad4592e2e25502b20473e84fc,ed0058629ce30eb5d840ce1316d094b7,delivered,2018-08-11 19:25:27,2018-08-11 19:35:22,2018-08-13 13:47:00,2018-08-16 20:41:24,2018-08-28,0a26f4521f4fc88f90d29a5ebc930e63,2018-08-11
7be3a5089c1dc43a6943bfb89a249b8c,4ce34b1541d53e6b1b023e4317ae0d3d,delivered,2018-07-24 19:19:18,2018-07-24 20:24:19,2018-07-25 08:22:00,2018-07-30 15:32:09,2018-08-30,a15566e9efa4b19be06852de74f31970,2018-07-24
0786c4c0e6cac26fe4f5c558b232e392,eeef230ea3868be789d424edb3b91546,delivered,2017-08-17 13:19:30,2017-08-17 13:35:18,2017-08-18 15:57:51,2017-08-28 20:56:06,2017-09-06,cf9361b262c970fa55e3ae170ace4c84,2017-08-17
40aecb2022cf80ba1efc9b0ddf5cd690,061a531d906f4bfb762be36757e41f7b,delivered,2017-07-17 18:19:50,2017-07-17 18:30:24,2017-07-19 16:32:18,2017-08-02 21:23:26,2017-08-21,3168dc37da92585ed2bf29058b0cc143,2017-07-17
aef9c99ee1272a501f52167fe0c5631a,d8f2d04650db8e8b43d2bdce53ddbfa0,delivered,2017-05-04 15:20:54,2017-05-04 15:30:17,2017-05-05 16:02:37,2017-05-16 16:00:09,2017-06-02,e80a8c34a80c26fe8c70c6d316c7f1c4,2017-05-04
47120c8873cf3ca85fec9f20ec00a032,a3dff9a630a63b528b2fbed1bc448fbe,delivered,2017-06-17 11:16:11,2017-06-18 11:23:01,2017-06-19 20:04:20,2017-06-26 15:03:10,2017-07-07,1b4a29b662a69713ac6501b2877602ca,2017-06-17
265858f2ac3e966d6f2e63e5f7a51092,c8e156923e9f6ddffd08c5df3c01880b,delivered,2017-10-26 10:30:47,2017-10-27 03:06:46,2017-10-27 18:03:36,2017-10-28 13:57:46,2017-11-08,0549ef973c77b27ad1c186e845f72a5c,2017-10-26
f99c42cf20b64fe3dc045ae83e56f4e1,18af14116834f457513ba68d3c208eda,delivered,2017-07-11 21:23:14,2017-07-11 21:55:12,2017-07-14 13:52:18,2017-07-18 12:34:03,2017-07-24,1e6d2ab66fdc23fe97ac091057970b6d,2017-07-11
1c64a95702ee730080852e28d43a73e6,28cfdb6caa2f2821c935a3fedbb785ac,delivered,2017-04-18 20:33:32,2017-04-18 20:50:08,2017-04-19 16:13:42,2017-04-28 09:36:36,2017-05-10,edf776664f19fc473c3c67fb28939a9a,2017-04-18
a8dd3db8266dac551c7fe1da54c8d415,d149bc46adcbda6621ab6f9055f11bb0,delivered,2018-01-19 12:09:56,2018-01-19 12:17:19,2018-01-19 21:09:56,2018-01-26 15:27:42,2018-02-15,e6ca72b67c6e4ff59f24daaa03d0f593,2018-01-19
3056cd8b96b8ff6badf1b936a8cb3bc8,07ebdcd609056322ab696bca753690ee,delivered,2018-03-01 23:08:25,2018-03-01 23:29:37,2018-03-02 17:09:42,2018-03-07 20:52:56,2018-03-26,bfa809efc0c3a611d7cc109690fb1adc,2018-03-01
753c946b8e6608e274c63dacb53fb67f,8a2fc75853530d4225f7fba2d836d387,delivered,2018-07-06 18:37:58,2018-07-07 04:48:28,2018-07-10 14:56:00,2018-07-16 14:13:25,2018-08-03,368dd77e48ff41c5a1a9d0c2d942c1eb,2018-07-06
582ecddc80251f58adb996143e81d6e0,d6aba909671bed4ffb393c2c4a9c1cb2,delivered,2018-05-15 16:13:39,2018-05-15 16:36:05,2018-05-16 14:08:00,2018-05-21 18:36:54,2018-06-07,7b9c999cbf57b46a5f0f2cf8f652c3f4,2018-05-15
2275c86505ffbdf6aa88cd91bfeeae33,0b6176d7c46eb2e5d839fbd9f6d1bce7,delivered,2017-12-01 11:10:55,2017-12-01 11:30:53,2017-12-08 15:22:05,2017-12-18 20:37:17,2017-12-27,96a9a44255930061d8f6a93d4893d986,2017-12-01
00a174dbf11967d260033fa6ab711493,ae06f7ef9cae527f248b5401c5663265,delivered,2017-11-27 10:29:23,2017-11-27 10:56:20,2017-11-29 20:03:53,2017-12-19 19:33:32,2017-12-20,898106ec3d6efd802c031b7e7bbcc1fb,2017-11-27
9c0ca649b4269a45a953747ae381d37c,9f57e674f66d1758920393d010d9e969,delivered,2018-08-10 20:18:50,2018-08-10 20:30:31,2018-08-13 14:14:00,2018-08-16 21:41:07,2018-08-27,1680c593cfe1d6c798df5bd696544a19,2018-08-10
b0121f9117cd8f3e1d9fcfa7c21533d4,a6ce93bc0e8cb0642ef2c8105456fe91,delivered,2017-06-02 16:17:33,2017-06-03 16:25:21,2017-06-05 17:08:24,2017-06-06 12:44:07,2017-06-16,425ae15f1593918f06d9a2ce9222e614,2017-06-02
70e430723d15eaf320da7d163e736ed3,3411e434834321dbc03ce82d340a0d78,delivered,2018-08-16 12:46:48,2018-08-16 13:03:57,2018-08-17 14:33:00,2018-08-21 18:32:59,2018-09-11,e5a90deae8eef691859d8bd3649c5536,2018-08-16
b7441c24c727cdf423f8339a62447193,83ec5df9d919623cea294ca76be73b0c,delivered,2017-11-22 21:12:44,2017-11-24 03:10:54,2017-12-12 01:08:00,2017-12-18 15:19:08,2017-12-11,cc0a26893a3b8118462803ed814ddf4e,2017-11-22
96c01643f38c59fe8ac1ef0480d423fc,1796c18274a6cb3a6ec3ac02cde5389c,delivered,2018-04-11 22:47:02,2018-04-13 12:50:13,2018-04-13 22:12:44,2018-04-16 19:54:48,2018-05-08,6dcb0c21a4e1e207bc0b9c83cec17550,2018-04-11
9ab5644159baae7027369bff9c6890b1,a1be2e6e7eded43730e9b8abd863e039,delivered,2018-01-27 20:56:12,2018-01-27 21:17:09,2018-01-30 20:58:56,2018-02-05 20:11:56,2018-02-20,f41aff28fb2e2bc57786226f35582408,2018-01-27
2468e620a816b687f5dc6878e7d847ce,c263ebf69a31d58fe14346bb309ff697,delivered,2018-02-09 10:47:01,2018-02-10 10:47:44,2018-02-14 22:16:33,2018-02-20 15:03:38,2018-03-05,2d9decde68108c2233c662aeb3310a64,2018-02-09
dea01d9c1e4b72c2db85ece62b00d823,abd0d963d378cd25a471cb2e45534c8d,delivered,2018-01-19 11:37:49,2018-01-23 03:52:55,2018-01-23 17:27:35,2018-02-05 19:41:56,2018-02-16,6a16af5086aa0454d0547bad1bddd793,2018-01-19
6b998c66969da91aea4b8ce0173a5bdd,b7683baa9491190a81d10e9c2502c1d0,delivered,2018-05-04 11:09:54,2018-05-04 11:33:19,2018-05-07 12:31:00,2018-05-10 14:22:53,2018-05-30,935b9c5a3162185f88dac06d8d08d623,2018-05-04
d607cf247d8e19a82548c3a30cb2d173,1f286139afe2eb2040a68fee6e253eda,delivered,2017-09-13 20:23:41,2017-09-13 20:35:15,2017-09-14 16:54:04,2017-09-15 19:36:35,2017-09-25,512951e75fedf5e5cea649d6868631df,2017-09-13
e194f9ac9793de14b87eecf9b3532421,edb556fd9c201137bdea274e76b67a9c,delivered,2018-03-16 17:55:29,2018-03-16 18:08:29,2018-03-20 15:26:35,2018-04-18 22:08:40,2018-04-11,6b80cc7d77cb61e543f86463c3437a96,2018-03-16
0acfe927eda045512670dbbf763b330a,c56ac9e8772a402f6a167237b0c13f28,delivered,2018-04-21 15:10:55,2018-04-24 18:58:50,2018-04-23 20:34:32,2018-04-27 13:31:48,2018-05-17,86c8e33d547eea8ff5008a3a65a4aba2,2018-04-21
0f081161ec11a7986d836cf8e012cd21,70e6d8407a54a97e0985316f11f46ee6,delivered,2017-04-15 17:06:36,2017-04-15 17:22:26,2017-04-17 10:38:20,2017-04-20 09:35:29,2017-05-15,49b87b6248b8e97cf8e0be1d073e6ea1,2017-04-15
7d27be18a08a2dbe4ee2d12c2fc5a739,1186b32fd68e9c50884527b4ad233083,delivered,2018-03-16 21:22:05,2018-03-16 21:35:27,2018-03-19 22:56:35,2018-03-20 14:58:40,2018-03-28,21047388773cb249c4c1348fceaebd18,2018-03-16
d265e2114f019b12adfff1e68a241a8e,49fbad4fd44bf061db521927312ac8f5,delivered,2018-08-27 19:39:33,2018-08-27 20:20:08,2018-08-28 11:23:00,2018-08-29 20:08:43,2018-08-31,c4053ab276391fff6ac7736873cfc950,2018-08-27
bc01ea4b0d29f66c3b84774cedea3667,edaa9852dc9c501799d0062442a05a52,delivered,2018-03-27 16:27:51,2018-03-27 16:50:54,2018-03-28 22:26:28,2018-04-06 18:29:46,2018-04-18,7be63f0ed4d9c76ed55844021da8d5e5,2018-03-27
671da50aeba5a03f468677e421e93b3d,a8f5a28154b64dab69d0a0ada4d223ff,delivered,2017-06-21 16:40:23,2017-06-22 08:05:09,2017-06-23 12:14:56,2017-06-26 14:32:51,2017-07-06,6716a47d23270d65d123d9d148899102,2017-06-21
082c7986084072affce4f8c0a20a39df,709a44317585874947086347088ff28b,delivered,2018-02-28 13:15:20,2018-03-01 02:35:36,2018-03-01 18:28:59,2018-03-23 19:14:33,2018-03-19,5bae40c0db261997972f0fe5ff3fd680,2018-02-28
92ea6a0cefc845d92f3b1339e0e0100a,e66d33cb50becd445c9a52eeee37adbf,delivered,2018-01-12 15:02:58,2018-01-13 14:52:30,2018-01-16 14:58:10,2018-01-26 20:05:22,2018-02-21,db8f7a5276f97221dacccbf8ef9fbbc9,2018-01-12
d3d2abdcb92f954926408fc4e9088e45,ba8329f5610eea3af74dc1d1fe3e4564,delivered,2018-02-04 18:28:36,2018-02-06 05:31:52,2018-02-09 15:58:48,2018-02-16 14:44:44,2018-03-01,14d854939d199fb6b6e2b49f306bcf73,2018-02-04
d7c88efc86371e81d37eb2cff1c61020,c6405c62925ba71e578093f93a07814a,delivered,2017-05-23 08:51:27,2017-05-23 09:02:43,2017-05-23 15:53:39,2017-05-29 10:37:40,2017-06-13,57676a65c7de0eef9c74222d306f8fdb,2017-05-23
38a7d2cc64bcabb5595e709def8dba7e,0df5896a6f325a7c16bbe6c4d80eb82f,delivered,2018-01-11 19:36:51,2018-01-11 19:46:20,2018-01-15 17:46:52,2018-01-22 21:48:32,2018-02-05,011b7396d7220ca4ff52508adcb6b870,2018-01-11
9db84495f43c7c241929f3c0380dc27b,bff5381b97603b77d34b06e7b95695fb,delivered,2017-03-24 13:56:44,2017-03-24 14:05:31,2017-04-03 15:03:54,2017-04-11 12:13:28,2017-05-05,07b28cf1d8515d08ccca505e273fffaf,2017-03-24
bb459de681cfef5d3484ec88dc2b508f,cdfb43f4e84e1508fdaa9d6eb73e52d8,delivered,2018-05-14 15:42:44,2018-05-15 15:35:30,2018-05-16 13:44:00,2018-06-07 13:19:25,2018-06-11,3809587a22b5a1a56b173ac0ed0e9e7d,2018-05-14
f67ed27c364607b4afba7d4d7b32f524,10b92e68e50359e80f2c0459df7d2442,delivered,2017-10-08 19:34:49,2017-10-08 19:49:20,2017-10-09 16:17:06,2017-10-10 16:05:55,2017-10-25,e3182b1d615eaff78ec0dae99397e89e,2017-10-08
727ff4968b521aca37f5ac012eb0c9ad,314222754b66db2d977b14ecc4ee2756,shipped,2017-11-24 12:03:10,2017-11-24 13:53:53,2017-11-29 21:21:22,,2017-12-08,507bd1aec5cf7244d6f0f61a0cd4136e,2017-11-24
122113ebabe53addad2976ed1ba7cfe3,468c50060017c568e068d4608b5bfa16,delivered,2017-04-10 17:23:43,2017-04-10 17:35:17,2017-04-11 15:00:08,2017-04-20 13:52:59,2017-05-15,eb255e9f7f5fbc8315061b20ae8f3ad7,2017-04-10
0bcb914e60bb0de6160699483722bc0d,7095f9b891c923ab4e2298b22649e6ca,delivered,2018-05-06 19:50:08,2018-05-07 09:56:10,2018-05-11 15:31:00,2018-05-21 21:28:20,2018-06-04,f3aa14594942821a50e8347e0899b046,2018-05-06
94a224f03c816cd9a1d94b886e26da80,ee356dc1282ff78b19141fc057037a08,delivered,2018-03-04 18:31:38,2018-03-04 18:48:48,2018-03-06 22:52:24,2018-04-13 19:14:49,2018-04-02,6271a931d9d3071a8777ca5be52771a4,2018-03-04
1500f1a091b64e1e36d67b8622031e93,7edc8f32ebb21dbf9f6e734f2e461afa,delivered,2017-12-05 00:06:40,2017-12-05 09:47:10,2017-12-05 22:18:49,2017-12-12 22:18:03,2018-01-02,9bb0ec72e0fc4088b5eacfeec3dd3bc7,2017-12-05
58fcb8ce8784213ace394e1427f50fb7,9e4f4608b4a885205ebb609ecdb7ea5b,delivered,2018-07-11 01:50:33,2018-07-11 02:05:44,2018-07-11 15:15:00,2018-07-12 21:51:39,2018-07-19,17e2896de0a7da4861effe32a8c91900,2018-07-11
56ef80c564f6fd57cc662adee0379746,207df7ad3a701cc5f0a232000cca51f9,delivered,2017-01-16 14:24:22,2017-01-16 14:35:17,2017-01-16 15:21:56,2017-01-23 08:56:05,2017-02-24,6bd4f06d5599d085d7a367cf49626155,2017-01-16
98886a41872c9df13b990863b330f710,fb858665709e2e6adfe0207bcc5b3118,delivered,2018-08-06 14:44:25,2018-08-06 15:04:51,2018-08-15 13:06:00,2018-08-16 19:28:39,2018-08-15,b33fde46a855f73d50269a45b1e49320,2018-08-06
73c0786753e32171d5d1bba1e682b4ba,437820aa4853d90478621dffef1aae45,delivered,2017-08-07 21:41:19,2017-08-09 02:55:48,2017-08-09 17:15:40,2017-08-17 15:46:52,2017-09-06,a50a18d0f932c1cf1dec68cc1d281d8a,2017-08-07
e30bc9599660c657ce6cf351f1a98b5f,cc9e0c2d088a2b71c3b5f067fafab259,delivered,2017-11-11 20:24:57,2017-11-14 03:55:22,2017-11-16 22:36:37,2017-11-23 16:31:44,2017-12-01,27bf8bbbb413c6437c459c6f6f476dfa,2017-11-11
956f15dfe9a7f2414a02c445fdbb865a,007b7f04a35e02745c23ea706492ca20,delivered,2017-01-21 18:37:21,2017-01-21 18:45:09,2017-01-24 07:21:16,2017-02-02 13:54:06,2017-03-17,46dd28b3f7e33b789acf42d3093b7773,2017-01-21
90b0ca32bb968251ac0b7eeb5393b7fe,9298e21b96ed98849264062a27a76c63,delivered,2017-11-06 23:01:26,2017-11-08 03:26:50,2017-11-16 14:34:51,2017-11-22 18:58:32,2017-11-24,2e88baab9c2ef8e9e915a90d0c7fb5ae,2017-11-06
ffdd178654127ccf34a439e8704fecd9,33d0814c9eff200629eb49330ce5c6a3,delivered,2018-03-07 14:07:47,2018-03-07 14:29:47,2018-03-09 01:43:26,2018-04-07 13:16:50,2018-04-04,57e2b4ad2d77ceb7034ddaf45564600d,2018-03-07
78d54cc2c9c87e4bc2a38d1443d81cbd,c624328295d90847765ee77db086b58e,delivered,2018-07-26 16:55:46,2018-07-26 17:05:16,2018-07-27 14:08:00,2018-08-02 21:51:05,2018-09-04,8141b3314eae4933d7029781cd8ee1c5,2018-07-26
afc22368eeb04afb4727cdec59103f90,4494791f21d3b8231c74f272671b6167,delivered,2018-07-23 15:08:01,2018-07-23 16:04:35,2018-07-25 13:54:00,2018-08-03 16:41:40,2018-08-09,7eb01375acdb31f459378ee720ab1121,2018-07-23
5c8a12c2c89e9e65e52260359ac95a15,05006a510ff7ae9e5b9901344cac5f24,delivered,2018-04-30 13:54:32,2018-04-30 14:14:43,2018-05-02 14:04:00,2018-05-03 18:51:42,2018-05-14,88279a2e6481f3d4ebcc364aae7986fc,2018-04-30
cf89399a034c96945092cc819f31801d,eb3e00534a970a5f3309eac06880f0f6,delivered,2018-02-11 11:13:55,2018-02-11 11:28:08,2018-02-14 20:05:14,2018-03-01 01:43:14,2018-03-06,535c1bc29b3f8a2a5060ff4792665e3d,2018-02-11
34871174fe1f4c68f7efac5e5b3fbbde,0d72c06cbd17cde4598ce4aa6d065a7c,delivered,2018-08-19 22:45:16,2018-08-21 04:30:11,2018-08-23 13:40:00,2018-08-30 16:03:02,2018-08-27,b20bf234e1052dbc80c1b5d7ab538261,2018-08-19
173f3e01cc3fc12d3831a3d80a024a90,f493f84141c8e1de969c750413554006,delivered,2018-07-22 20:27:10,2018-07-23 12:31:48,2018-07-23 12:53:00,2018-07-31 20:46:52,2018-08-16,6497ed50b6c370d8ac59bfc3ddb0775d,2018-07-22
b02a2e4aaf38eb7c05ef28a6091ae2ce,4befc2f11b265e8aad849eafc3c82e43,delivered,2018-04-19 10:15:03,2018-04-19 10:34:38,2018-04-20 20:36:44,2018-05-09 21:33:13,2018-05-24,ecb80b0bfe3fe9140d314839cfb3a7df,2018-04-19
8c96e32cbba91af2ff0d72a45445d204,e3396866db806ab204f8b769bbca8e35,delivered,2018-08-19 14:19:27,2018-08-21 04:50:22,2018-08-23 07:59:00,2018-08-28 18:17:22,2018-08-31,da90f2535e719fd67092b67ec2541da2,2018-08-19
208f107af74f48f12d680a404d4424cd,7ca26bcdcf2ab6db5a923a08fefe050f,delivered,2018-05-09 02:19:25,2018-05-10 03:36:43,2018-05-11 18:59:00,2018-05-15 00:19:51,2018-05-22,90ddf4aaf6b0a83d203958f14dfd8234,2018-05-09
e80d8758f771bccd842da8b6fc2837ca,f11e9b6d22751ce7f65db87b615fea21,delivered,2018-03-19 17:53:45,2018-03-19 18:15:33,2018-03-20 18:08:28,2018-03-24 15:03:53,2018-03-29,c325d123fdea8b29701a0a93c7955ca0,2018-03-19
86f3eab0f6458fbf53389a14fc8ce71a,994c8f911235968e88a5249a81909121,delivered,2017-04-12 18:49:13,2017-04-12 19:02:25,2017-04-13 15:46:31,2017-04-19 13:24:54,2017-05-08,ce13d650b5a9d9e05799293014ae51eb,2017-04-12
805bde3649dd9d348ea3b77004f1c6d5,267856cea77d0833f02cb04e26e72100,delivered,2018-06-05 21:54:42,2018-06-07 02:54:37,2018-06-07 14:25:00,2018-06-08 18:08:24,2018-07-03,80f57b3b7146982298ace38333bc7361,2018-06-05
ac4987e64619cf021a4e8fbb9758cc96,1a5f9e24a9605dc54ffd4eec8835be86,delivered,2017-08-16 08:36:41,2017-08-16 08:50:19,2017-08-16 20:42:05,2017-08-28 21:32:11,2017-09-12,7cd82b098982a246bc758a0241267b80,2017-08-16
eda1d5c35a11575cffaa3e0fa9d0cd5e,6d5507a06e103b9ea6eeab8fbce6247d,delivered,2018-04-08 13:05:27,2018-04-08 13:30:20,2018-04-09 19:47:51,2018-04-17 11:34:24,2018-04-27,7ebd452b586a9c80f3b3f02ad10b0fbb,2018-04-08
d6c1ed12e8eeaa15e9d5c83c79598f85,550ccac77275f9cdec4b6cd97ac118d0,delivered,2018-08-10 17:15:07,2018-08-10 17:25:18,2018-08-13 15:14:00,2018-08-14 20:50:53,2018-08-15,5fbd0db43d845f806db24e5ef013b81e,2018-08-10
dec0a06aff130c128418082f77f5b083,63a5e1ee8b7cd39dd906347a4d3cc002,delivered,2018-01-11 12:06:33,2018-01-11 12:15:21,2018-01-13 01:17:12,2018-01-24 23:44:18,2018-02-07,7b2b0d6f9c01012c6b6c054020b896a4,2018-01-11
28d14a9fb1c0c5e0667fd9ed3834eb5e,4c9dd00d5d6518a570a4aad430b9bdf4,delivered,2018-05-18 13:56:53,2018-05-18 14:17:14,2018-05-21 14:10:00,2018-05-25 22:02:26,2018-06-08,c62372f1ddcedb4f0e3871b76294f0ae,2018-05-18
478232e63af0da7ce4c2e2081629ccfe,c17267116673d32cbb4178325794613f,delivered,2017-06-05 13:40:45,2017-06-05 13:50:23,2017-06-07 09:32:31,2017-06-21 16:41:47,2017-07-10,ccba123d7e139740a33eda4ab612bb89,2017-06-05
c972a78eeb0dde0aac82eb51b1450c53,d8bd4f0d3512b29c32850d5e00698b88,shipped,2017-09-30 11:00:12,2017-09-30 11:14:10,2017-10-04 20:22:38,,2017-10-27,7254d91ed781ba8af6038fc53529dd38,2017-09-30
55c5b6e322eed3fe3dbbd82da9906019,ba1b4a0f287cf0364816c7376ac2b141,delivered,2017-09-18 19:35:11,2017-09-18 19:45:39,2017-09-20 03:08:39,2017-09-28 18:30:17,2017-10-05,d1bd7e8ef014e3ed04b318cd138c0dc0,2017-09-18
725fd97b392659b4ae97f0aa8a339853,27042fb514020b4fd8b981f6826d3b22,delivered,2018-02-15 16:56:38,2018-02-15 17:33:06,2018-02-16 20:47:45,2018-02-24 12:42:06,2018-03-13,ef8ca435dfe12287e7b14c1acd311f77,2018-02-15
1e2566907e0655a3549bdcb88b0291f1,4574518f4c6e0eef440e205139e125d6,delivered,2017-09-12 16:04:11,2017-09-12 16:10:29,2017-09-13 20:22:50,2017-09-14 18:07:40,2017-09-22,b6bb8e4780df00a25fa34335d3dc1330,2017-09-12
9bf7384574b699b32297382b5df68d09,f4a4d39c7832ae7e22deddde1122de01,delivered,2018-02-03 17:03:44,2018-02-03 17:15:38,2018-02-05 21:53:51,2018-02-14 22:15:28,2018-03-08,c0cb6f62619187c624de6516c1e3c100,2018-02-03
ee941f6c41c8ec03c25b856432b50153,531b21f332366319dd5519bb9dd3743c,delivered,2017-10-08 21:38:21,2017-10-08 21:49:29,2017-10-13 15:34:54,2017-10-20 21:33:06,2017-11-10,37266d5c6bf5cb0700372d16599a9b21,2017-10-08
3c8f1081e21484680c3885d3bb35272c,0bd6589cc150d21213487c73a45b7d3f,delivered,2017-07-20 14:03:36,2017-07-20 14:15:21,2017-07-21 15:05:53,2017-08-04 21:42:11,2017-08-16,2ad3fd1a4a4c8dd70d848f625b27f4ed,2017-07-20
ef6fb04e563be683ade0b04904bf0d39,c591b62b0d38be0089c516584f6671db,delivered,2018-02-23 00:07:45,2018-02-23 00:15:50,2018-02-24 17:03:36,2018-02-28 14:39:06,2018-03-09,d29401f523467a9e6251b79a0b742d1d,2018-02-23
8a9b30ac80da3860f049247b7464596f,8e150843c1138147cf8ea7253de0319d,delivered,2018-02-08 08:46:56,2018-02-08 09:10:36,2018-02-15 20:23:26,2018-02-16 20:14:59,2018-02-26,8b9341478dbb9d5b44c0c33cb212009b,2018-02-08
e99d24bf7bab6f3b13feddbc3cca9cb7,2e43f7f2d2224f51ee172eff5de196d1,delivered,2018-03-24 07:30:17,2018-03-24 11:48:08,2018-03-27 00:29:37,2018-03-28 19:06:30,2018-04-10,15eaf7e40d5ff0687009b39f3da7861a,2018-03-24
6261f3240a8778c656bd28aeb2ba9985,59c0ac147fb499a0f14577f508a3657d,canceled,2017-05-31 13:21:35,2017-06-01 13:35:20,,,2017-07-04,23643c53099bde88bb77d5a199704035,2017-05-31
5dc0af9bde879bc9546685cc7c1035da,3b6c1300a15f16c2097081156eb8355d,delivered,2018-05-16 09:38:21,2018-05-16 09:57:23,2018-05-16 14:05:00,2018-05-21 20:08:44,2018-05-30,88bde8f40f39641387aa05e675d23395,2018-05-16
f7ad644f2dc46710f51f1bfbf01f94f2,506b50a8062885f9d9862e86bbcfcf94,delivered,2017-08-19 22:39:09,2017-08-22 04:05:54,2017-08-23 19:14:15,2017-09-04 21:19:41,2017-09-15,ff9723b956508e1ce1e2f76b4fcdff54,2017-08-19
b9040b3da32e7ac3e6bddf429155c114,2098ea68fab80113fd93ed9e8ba83759,delivered,2017-10-01 14:47:56,2017-10-01 15:06:11,2017-10-02 19:05:27,2017-10-05 20:32:27,2017-10-24,3fae5c023cb95af9fe32d14b52bc14a6,2017-10-01
bc52c0e67c00cdbba3a7b62d70979075,993f2de0c7a27d4b99698707cae71d7f,delivered,2017-03-14 12:18:22,2017-03-14 12:18:22,2017-03-16 14:04:42,2017-03-24 15:33:22,2017-04-04,29cb098c6e774a2b42c7301e598649ef,2017-03-14
2fc59b5605bf0cfc03638cb2cca26b16,fac64b6875bc7840442069be52752e14,delivered,2018-08-21 18:24:35,2018-08-21 18:35:27,2018-08-22 13:09:00,2018-08-24 21:51:58,2018-08-29,7d7614482b7a72d2226a280f1d3c180c,2018-08-21
324bba1a05579faca9bea05049eda757,aed82065b343d8ad3d802fe259e945d5,delivered,2018-03-10 17:20:00,2018-03-13 09:47:30,2018-03-14 22:58:46,2018-04-09 13:02:55,2018-04-05,a126181f98c5f1ec6e3d8740f47832d6,2018-03-10
ec67500767e46c56db2d046d13e46296,6f33f93011237ac8e47e0652b5da71de,delivered,2018-02-28 09:40:36,2018-02-28 10:40:35,2018-02-28 19:56:46,2018-03-08 18:46:42,2018-03-20,2c5100ebe43494cc2e7c912d5366f253,2018-02-28
b322c7bdd4cf76d82887b87689e6b7d8,d573d2e2d3e1ebdf6360fe42765582ec,delivered,2018-03-11 14:24:19,2018-03-11 14:35:47,2018-03-12 20:52:44,2018-03-21 16:12:12,2018-04-04,4a1857ed6d79eb215ed4805b853e1356,2018-03-11
830f2dd158e996fbc6d363d90978d530,0ff924800f1b14fea0d993177b08cf1a,delivered,2017-12-15 14:08:08,2017-12-19 09:50:43,2017-12-20 17:57:05,2017-12-29 03:36:14,2018-01-16,9295fc2f2f8647c5b79752e79826f628,2017-12-15
03e94224875e6dec154cc7a142ce5de2,bb7651b2df4512e6c29ff35a7b8cd754,delivered,2018-04-23 10:09:03,2018-04-24 18:11:03,2018-04-24 17:42:08,2018-04-25 18:58:59,2018-05-08,e6fa7cc86905b2aa644fcce145e2dc80,2018-04-23
f689e331732447a491cab98872e7d53b,8dd6ce43135afeb3424e408875c010b1,delivered,2018-03-27 17:14:24,2018-03-27 17:30:24,2018-03-28 17:56:44,2018-04-04 21:18:22,2018-04-19,40d028e5e7fc571cabebc613e805ce8e,2018-03-27
1ae003b46540d604b41cac187e07fbf7,f2b4062de04b2adb7111ee7163252b24,delivered,2018-03-21 11:23:05,2018-03-21 11:35:30,2018-03-22 19:38:35,2018-03-31 19:28:42,2018-04-13,01927626c24c5826ceb6ca6b2797fd60,2018-03-21
d16b2207d93383dc91aa5da54cec3d0a,45193c34a13942938ead2873b64c360c,delivered,2017-11-26 22:51:05,2017-11-26 23:13:14,2017-11-27 18:13:28,2017-12-27 15:47:59,2017-12-15,a27e975561b1ef329059939171c34394,2017-11-26
c2412bd3e8f3094b54d02284ae238108,ff6e494112db6e543970ab264d2e3c8e,delivered,2017-05-22 21:19:41,2017-05-22 21:30:22,2017-05-26 14:57:55,2017-06-06 14:22:56,2017-07-20,7ae7c0233394d6bb5f0e2d1ad7ac87fa,2017-05-22
5b33e5b23e569f404e6eccbbce3e0aa4,c94ec1165bd4556cfedff58b1e56c4ce,delivered,2017-07-07 17:16:39,2017-07-11 04:10:26,2017-07-14 20:29:40,2017-07-28 19:47:43,2017-07-31,2aa2c53b231eaec5b82d9e54056a0cc6,2017-07-07
4695874459264348f76f20abb7897ec3,1b1304cace9aadc95b98b913a3f4047a,delivered,2017-05-22 17:45:32,2017-05-22 17:55:14,2017-05-23 15:25:03,2017-06-01 15:03:21,2017-06-28,c3a8d73d9c04af248b04c0f97b6cb308,2017-05-22
0231382a78f19752dabca6a86b618152,02cb822eec8b6309e7ce715ccea3390d,delivered,2017-03-09 21:17:43,2017-03-09 21:17:43,2017-03-16 09:30:51,2017-03-23 12:42:21,2017-03-28,88e435343ab7c7ef2f1d4a751a6c8a2b,2017-03-09
803f15601207b09e8cf7c80a4fdb1e30,98cf5a598b51e6d8e0e169bb54bc807e,delivered,2017-06-30 14:08:39,2017-06-30 14:23:52,2017-07-04 14:32:16,2017-07-18 21:59:31,2017-08-03,12d5abe8e60cbc8c330cd36fcda842c6,2017-06-30
73c545df0a564badb07ae15f5fe6f1e1,0e3ab8ca2f217ac576613e69840d25ab,delivered,2018-02-18 18:44:27,2018-02-18 19:46:48,2018-02-20 00:37:11,2018-02-26 18:47:45,2018-03-09,e69c664cef877ebf383baaad71573e5e,2018-02-18
c84cb424afdb4c6b771f39743b3716e0,b9648176c3b792c649b44d811ae35b12,delivered,2018-07-26 22:42:46,2018-07-27 02:10:43,2018-07-27 10:38:00,2018-08-07 15:18:43,2018-08-14,a1093bee1795c50b44d4e8d8a44c8b77,2018-07-26
7c4300b4566920906b3107048eabfcd7,a6af89bba915546c49649eb828009118,delivered,2018-06-09 12:00:53,2018-06-09 12:20:20,2018-06-15 16:38:00,2018-07-03 19:48:41,2018-07-11,e927c84f4df4da16a912d38be0b63da4,2018-06-09
a02af2d708eae3995c247d758141efc8,e41b352847236a6ae426ddbd2c3a4e1b,delivered,2017-11-09 22:57:23,2017-11-09 23:10:42,2017-11-16 14:08:49,2017-12-10 20:04:07,2017-12-04,1e3bde65aa43e0c549d20b7acde4074a,2017-11-09
8cda0578a690b3f9d6d86c95cd2ba7d4,4ad39f4021dcce82a5eebf9fd9dd7a6d,delivered,2017-09-21 15:30:39,2017-09-21 15:44:17,2017-09-22 19:50:09,2017-10-06 12:04:59,2017-10-19,7f1a0526c7adce7aa7930bf2e34fa3c8,2017-09-21
eb35492173c3951dc20f437e0f5baf8e,4e3b341939a50bd5d99a86546e81526c,delivered,2018-04-26 09:51:43,2018-04-26 10:34:02,2018-04-26 14:29:00,2018-04-30 16:06:44,2018-05-10,d1ac08467e5ac5e907b719c89c80ff2c,2018-04-26
8c64ba171311b3312bd880905b8da534,a340ce6c3570e68d4575a06053ecc491,delivered,2018-04-18 14:29:17,2018-04-18 14:51:13,2018-04-20 01:56:20,2018-05-08 21:24:43,2018-05-15,0fce02538969e210a9e1b27b515ccaad,2018-04-18
47de8637746123051630916b1ab338cf,0b39d705dbfe16398432a7a048591853,delivered,2017-11-21 13:56:43,2017-11-22 13:49:25,2017-11-24 21:44:42,2017-11-25 15:42:19,2017-12-01,afb7052400f007bf6c166de1c9f683fe,2017-11-21
d1c6fa11a0fb958619647d438f9e4849,b69f71499d18371756e7a6d31a9ac0dc,delivered,2018-06-29 10:32:33,2018-06-29 11:11:29,2018-06-29 14:58:00,2018-07-26 16:08:03,2018-07-25,76a667726ee3009489d90d856bd8361c,2018-06-29
d30c22b84ba5239f2ae0fc078be7611c,42b3b672e11bdf08931bcbc9ebaa7eb2,delivered,2018-07-23 15:48:01,2018-07-23 16:46:05,2018-07-25 13:54:00,2018-08-22 14:15:51,2018-08-14,3efe8677ea2d8eb0634c53ff5812f75a,2018-07-23
2011a926846f9fa10088488fca493f95,e3f8a41dc8def48711c086dad89ab9fd,delivered,2017-11-24 13:25:13,2017-11-24 15:52:31,2017-11-24 22:38:47,2017-12-05 14:03:45,2017-12-22,3c71562cddbc170e33af13e6ad51ff16,2017-11-24
bb7ae981de452cd0404838ff44ffdc79,e85a01b0c27d1161aa7d71c2afa5977f,delivered,2018-04-11 14:59:00,2018-04-11 15:12:19,2018-04-13 22:46:47,2018-04-26 18:56:42,2018-05-11,cc0e4f50a507bbb1fe27a82e8c678df5,2018-04-11
69480e1078841dadad7c1daa54407ad6,346e8953d3aac36a611fbace59ddc415,delivered,2017-06-12 11:00:02,2017-06-13 04:25:36,2017-06-14 17:25:08,2017-06-27 14:16:51,2017-07-05,d3a7a4556becaf8cdb5ffe412608819c,2017-06-12
335867dcacb4762eddb7773881b73808,6b6d4e00580b09f566797ecde25bfc1e,delivered,2018-07-06 19:27:45,2018-07-07 04:35:14,2018-07-10 11:15:00,2018-07-16 15:08:47,2018-08-01,e8972c7faa1ea06a4dc10c991aef5eb4,2018-07-06
f5dd4c037b81efb0d1ea5d0f7d8beddf,4f93c6056cac7dad802e12622a468703,delivered,2017-12-04 15:18:06,2017-12-04 17:23:03,2017-12-05 20:06:08,2017-12-16 15:33:21,2018-01-02,747f7686c38242845e7b40790ad94705,2017-12-04
60d0ff4b039dc85b5b738f59b0b044f9,dcba370f080ddec2e83ae526d062dec2,delivered,2017-04-21 14:05:09,2017-04-21 14:15:12,2017-04-24 08:47:21,2017-05-03 13:52:05,2017-05-19,c2e045ce833c8289e489314d2b6386fc,2017-04-21
686e2fc048d3d4677583ebad2a721b6a,511b5a1256aa314a4c9480950b00f1d2,delivered,2017-05-11 13:14:01,2017-05-11 13:25:30,2017-05-12 08:47:13,2017-05-24 12:07:34,2017-06-02,82fb46292a999e7db9e2391c407f76e4,2017-05-11
c5f0052c5711a034a7b154269bfde906,0e4ffb7264a091878eb8af65e6ef758e,delivered,2018-04-16 11:15:53,2018-04-16 11:31:31,2018-04-18 00:19:36,2018-04-24 22:54:18,2018-05-15,d10cc33f813d1dcc8cc480270bd79bf4,2018-04-16
257699bfe87de4eac234324e88db828a,047c4f9e8ca120c41c8d4a61df722ea2,delivered,2018-05-15 14:16:57,2018-05-15 14:35:47,2018-05-15 14:42:00,2018-05-23 23:45:53,2018-06-06,e2f8834d5843f8e622e4bff2a9498168,2018-05-15
91c4c61f5db7e025e8435b2e13e50f6f,53f923fd81130dee89725646dbc1ad0f,delivered,2018-08-12 11:41:14,2018-08-12 11:55:10,2018-08-14 06:48:00,2018-08-16 20:23:34,2018-08-23,ab65c8033f3f79397b23ae75b3944d15,2018-08-12
523156bbb727eaea16d8a2880296d26c,23e988565e7a5b46273af0b1f0f65384,delivered,2018-05-10 12:34:52,2018-05-10 12:56:05,2018-05-12 08:13:00,2018-05-19 00:02:58,2018-06-04,993ee523f5ef786892a3d1166ba05238,2018-05-10
eeeebba48c7b5fc22f6e12734ed319ed,39db8e59edb882c1518ef5624f4caf12,delivered,2018-08-27 20:47:15,2018-08-27 21:04:15,2018-08-28 12:50:00,2018-08-30 21:03:24,2018-09-10,7353be07ce9cac1da115dcc3a29c8794,2018-08-27
e247a0570d308da27cd7f349902e66f8,79c1ae1c3d1a81c10781ecf7d7ef1720,shipped,2018-03-13 11:53:42,2018-03-13 12:10:28,2018-03-14 16:04:59,,2018-04-02,82af14f8016b232e088146dc208b60af,2018-03-13
2474e13d0d388a471b50fd455057300c,683a8aa7f2d173c62431616f6108efc4,delivered,2018-06-17 19:26:51,2018-06-17 19:38:36,2018-06-19 14:20:00,2018-06-25 15:28:49,2018-07-11,59bf40d8d661b01628706ada5ca977a8,2018-06-17
d7746bb26fc8c125b8f286378c23049d,62681fd345215328176ec9eec92192d6,delivered,2017-06-03 19:59:55,2017-06-03 20:10:10,2017-06-21 18:12:31,2017-07-03 17:04:42,2017-06-26,577a55f3f16b2ac437efb677258f317c,2017-06-03
a9db675620ea42f15fc07297244112c5,dddb49bfda245a56fa89d16181a90d32,delivered,2018-04-03 15:16:00,2018-04-04 03:10:31,2018-04-04 22:52:49,2018-04-11 23:32:35,2018-04-24,458ab992ed2dd296f40f94838cf284cb,2018-04-03
5ad5a1ef522da1732ab963ea1fb6165b,a76e74100709762a48e683a177dc86b0,canceled,2017-06-22 19:53:09,2017-06-22 20:05:23,,,2017-07-05,25909109137a0ddcd2aa2e4c8cce912c,2017-06-22
9f42ba3ab7f23f1ce0a717cfc841a9ab,3c8f71003ac0c80c105ed834fed4f738,delivered,2018-01-10 14:55:25,2018-01-10 15:12:39,2018-01-11 18:28:34,2018-01-19 17:59:04,2018-02-05,18a2a03ff64c5d3a193b607e0cc72fed,2018-01-10
9de375e01aa3f39d32001e75abd82b99,5f568023042b6139fb399704f7378807,delivered,2018-07-02 22:03:07,2018-07-02 22:10:38,2018-07-03 14:38:00,2018-07-04 22:34:32,2018-07-16,1c9fa27a4db6bf9c57a0062eee2e031e,2018-07-02
ff49c0a826a9b21b12361deec89f4a98,48fa9040aa250397845fe8cce75f3f6c,delivered,2018-06-09 13:22:37,2018-06-10 13:15:12,2018-06-12 06:32:00,2018-06-18 23:38:50,2018-06-28,9498e44851963cbd2eec39bb80e3f33e,2018-06-09
442dccfb1443cb7035f2b7810f974dd9,adaf88d3b2dd17497e88d690060fe409,delivered,2018-04-02 21:33:35,2018-04-03 12:35:25,2018-04-05 00:17:41,2018-05-11 00:39:08,2018-05-02,c2c71d0cb91780737b1ac2a93fea7d12,2018-04-02
492b48333a37f2f70213b81672d4aa06,4e2e8191d9ba87e497ba547c6354a87a,delivered,2018-04-09 15:14:31,2018-04-09 15:30:30,2018-04-17 00:06:41,2018-04-17 23:56:26,2018-04-19,6c16357cbf6bf0accb997cbff9030507,2018-04-09
9aba484676dd70457681a3301c222d9f,5193da38ee92ecd1078e8f1929b4ef53,delivered,2018-04-13 21:16:20,2018-04-13 21:32:33,2018-04-16 22:45:26,2018-04-17 22:42:31,2018-04-25,80877462f1e8e7f01d9f953846dace4d,2018-04-13
5028b62d8f474883ae57b5da1ffd1e8a,137cde6ffb788ba7d5f56000bfdab63b,delivered,2017-06-08 10:51:40,2017-06-09 02:35:29,2017-06-09 12:51:38,2017-06-28 13:39:43,2017-07-11,08866945ffb898dc38546a5322439203,2017-06-08
b61baa7b1523a2a7e4e1382f25e6f9de,f280a183e4e63b12aa5b9b6d06baecaf,delivered,2017-07-28 21:49:59,2017-07-28 22:05:37,2017-07-31 13:02:42,2017-08-07 20:02:27,2017-08-28,cf7d5df4ee5ebe39ed41f0c5c1584b1c,2017-07-28
257d1faedcbe9d328080c6ec04c8f819,bf29b64b2a630fedd411e4b836c216e7,delivered,2017-03-31 22:04:20,2017-04-04 05:45:27,2017-04-06 04:51:43,2017-04-08 23:21:35,2017-04-25,f6cb427433e01f43f79ff7a3b1f4222a,2017-03-31
3241baf723e29f140a6ff9082b7f9aca,3e13d7562141418f00f431202390536c,delivered,2017-08-02 12:57:27,2017-08-02 13:10:10,2017-08-04 17:05:52,2017-08-14 19:36:59,2017-08-24,9532739f71e34aebe8bb016543c78d86,2017-08-02
6e5471906b39845aee4480aa16d963d8,eeb730c4c2578aded27aada780e25e93,delivered,2018-04-18 08:21:28,2018-04-19 08:15:36,2018-04-19 20:28:43,2018-05-01 00:17:36,2018-05-16,71f63b438b7f08f55cf7afc5e4eda1b7,2018-04-18
81c0952b750d74fa259592bdb837e42d,78f11d5157510e904e39314d79f03da8,delivered,2018-04-08 12:49:53,2018-04-08 13:10:06,2018-04-09 20:03:07,2018-04-27 19:58:33,2018-05-10,54a6fac091f0d157752db7bb34a6d838,2018-04-08
418aaa61ff9515614340e03422fed9c9,bc94fe20172cefc3e041019d0192caff,delivered,2017-03-12 14:02:57,2017-03-12 14:02:57,2017-03-14 10:44:58,2017-03-17 12:06:13,2017-04-03,609adc68db390a15fd21648c496f50b7,2017-03-12
47378b461210a310c95e17323f7dd726,8a5881366c8a17270865c025f0636675,delivered,2017-01-27 05:27:14,2017-01-28 03:31:22,2017-01-30 13:42:08,2017-02-06 15:44:33,2017-03-07,de179e054de0c203fe910e0443746173,2017-01-27
d1f60863289ae7cd6e47fd70eae9bec4,175231d5968a57218468d2517a6a4621,delivered,2017-08-15 15:23:30,2017-08-15 16:24:37,2017-08-18 10:07:55,2017-08-24 21:40:06,2017-09-19,dd530943f0b4dc288d2f18098cc2e14d,2017-08-15
9b3d7ee9930f8226dccc9eecbd140b99,9e2a7ec851f933a42a84621ae1ed5922,delivered,2017-08-10 09:18:48,2017-08-10 09:35:17,2017-08-15 15:52:33,2017-08-23 20:03:56,2017-09-11,5e76cb6542fa7e072916af1effd97f36,2017-08-10
1fe7be398f57b2c40691376b673de1bb,6f1b9db6eb561df558883985dbd941fc,delivered,2017-10-19 10:17:42,2017-10-20 11:07:13,2017-10-23 15:39:05,2017-11-01 17:12:21,2017-11-14,4e23846da97b99c1b02724f5509f2518,2017-10-19
a26bfd667ba8c2433195ee30be0fd1d6,c49358dde47a3bedbfd5aa834e6248e8,delivered,2017-12-15 10:32:33,2017-12-19 09:30:58,2017-12-19 19:19:32,2018-01-03 21:17:45,2018-01-15,b362a1fd4bb234604db8e10d1a5da85b,2017-12-15
a2ec8ff90a5ffced9e2d1853bf3cf609,ee92860167192bbbbf68f161674745e1,delivered,2017-12-10 21:58:51,2017-12-10 22:53:31,2017-12-19 00:39:12,2018-01-04 16:24:50,2018-01-09,075f9dd6470835295f76e7f15b791e82,2017-12-10
bb0c9e9838bfd4b393853fe7dcf6b8e2,af38d27face41cf31f1915a789d9288b,delivered,2018-02-28 16:50:55,2018-02-28 17:10:44,2018-03-02 20:07:32,2018-03-07 23:19:11,2018-03-14,b8977911a162ae59629b8a73b77bfdac,2018-02-28
8c313d4a1bea83111be5bb00105397dd,a4a0c32813e4d6b4f6dd95dd11dc62f1,delivered,2017-12-01 13:05:08,2017-12-03 13:12:59,2017-12-06 22:58:50,2017-12-12 16:48:43,2017-12-29,da3d269cb723dde0477d80fb32601c20,2017-12-01
fe5cc94bdaa0c8c83b6cfb74d01747cf,2e401a3a209079930afd5f9e57ec6bb3,delivered,2018-06-25 12:25:23,2018-06-25 12:38:01,2018-06-25 13:57:00,2018-07-02 18:18:44,2018-07-23,c39dde4fcf03b0f67755c39f124a414f,2018-06-25
84a68a1498a47dba0c79396d53e46b9e,c9a6c2f1cabd70a425338d9155efe1da,delivered,2018-07-27 23:06:37,2018-07-27 23:15:13,2018-07-30 07:10:00,2018-07-31 15:33:45,2018-08-02,8047663cc2501e282cbabfca268ecd60,2018-07-27
4bb3eed0b423bcae4c063a401e17308e,251a9c289f548b851f2764ea57f0ea59,delivered,2017-11-24 23:44:45,2017-11-25 02:33:28,2017-11-27 23:09:03,2017-12-07 12:44:41,2017-12-19,6c69905245a109e523848de29386e0ff,2017-11-24
b80e879030f825a648abffe9d993ff6a,0e7697ddfe20700b6a6bbc3394de3db2,delivered,2018-03-03 10:01:19,2018-03-03 10:15:32,2018-03-06 04:47:42,2018-03-27 21:14:03,2018-03-26,7330a3475a2c65878c2c9b95266bef04,2018-03-03
d0570bed0cef820342eaf13ccae334c0,ce0681e1c3f70e1452183c4eb5e66602,delivered,2017-12-19 16:58:22,2017-12-19 18:10:21,2017-12-22 21:34:53,2017-12-29 23:26:27,2018-01-15,ea5285161c5b3fceaeb2c38b6c9b6da2,2017-12-19
445d0c0872352cc8c31b797c707f4c47,6e316412bd0f394423556d697fbc6d16,delivered,2018-01-17 13:43:55,2018-01-17 13:52:25,2018-01-19 16:06:44,2018-01-22 20:49:05,2018-02-01,c64415b33660f4d571749038dd8e3ec3,2018-01-17
b4abbcf96e5e2aa453be4751a571bca4,9595112daf4d567c6ec90ebc59d6e16c,delivered,2017-09-18 13:13:13,2017-09-18 13:30:41,2017-09-18 21:18:35,2017-09-26 20:27:01,2017-10-11,c9d4e34f1dd9cc0c86cda6ff04d68a39,2017-09-18
cffb339aa5f4745347d75d9999771453,5332220cc8eeb30685f818ac296ecb83,delivered,2017-04-19 17:38:38,2017-04-20 06:35:22,2017-04-24 10:42:03,2017-05-05 16:13:32,2017-05-09,fc9fa1a38d9aa0666a09bc02cb28fb8e,2017-04-19
7c5cfb19cd59e93d54d251302ac8268c,4ad9f3aabf40e6cbb73c0511aa878c7f,delivered,2018-07-09 18:27:41,2018-07-09 18:45:13,2018-07-10 14:36:00,2018-07-16 14:34:32,2018-07-18,27851b9f7f49b23878342fc8fcb0ae45,2018-07-09
80aa51679b1fef5a66ee92a688e44fa3,f03ed5c05aba9384c235b9eb87a5b499,delivered,2017-11-21 20:28:12,2017-11-21 20:40:02,2017-11-23 16:37:00,2017-12-27 21:18:28,2017-12-15,dbebf006da451288a7b8127c3540ce22,2017-11-21
e2d3e5a5b56149b36e4df4dedd8648f5,57f4770b4fc8ae0c610fd9821dc38403,delivered,2018-02-12 12:39:57,2018-02-13 13:28:09,2018-02-14 22:38:57,2018-03-05 20:38:39,2018-03-13,3984338a848b2858b7d4049a5d66f26c,2018-02-12
bf0037905499198f0e5f888208d275cf,882d6bef7ba1904c9c0db3f7a4bc8fd3,delivered,2018-05-25 22:21:48,2018-05-26 22:17:38,2018-05-28 14:15:00,2018-06-03 18:12:09,2018-07-03,e03ebc347c7ed319a92651b43122b8e0,2018-05-25
2823f47e6fb0f2a1e5a8f221ebb5aa15,f81bed8a63f637b20ff67dccd843c2a5,delivered,2017-07-18 07:17:50,2017-07-18 07:30:12,2017-07-19 20:49:38,2017-07-25 22:04:50,2017-08-09,a9088d439d83c94aef38ee4846e31559,2017-07-18
c223f0dcc8756ef3523ed32b46da2218,59084ee44b406be03c3d6e28c60bea7a,delivered,2018-06-28 20:08:36,2018-06-28 20:31:13,2018-06-29 15:06:00,2018-07-03 03:47:52,2018-07-17,fca92affde6714f0d1909df023c99636,2018-06-28
73357471c1622c6492352c7cce44eddc,b570c3635a4298fb6ea7f1b24771fe83,delivered,2017-08-15 11:19:37,2017-08-15 12:03:55,2017-08-16 19:03:48,2017-08-17 17:47:46,2017-09-08,9767fb7a2413384345496c4ba8420ec3,2017-08-15
b06ebf1a46fc060c183c59b092ce49ee,3086654455e8ed4401d93f2af816d8b3,delivered,2018-03-16 21:17:17,2018-03-16 21:30:37,2018-03-21 20:37:42,2018-03-29 22:54:22,2018-04-04,88fbae9cab186bb2bd7540d7fbaf6831,2018-03-16
4c3e9e2bce3a3234a9255f390683e3af,9ba4e9572b42c109f0939c3f43eb3e0c,delivered,2018-02-13 12:50:33,2018-02-13 13:07:20,2018-02-14 19:43:43,2018-02-15 18:27:49,2018-03-01,87c8720dd653d75e513555291ab6e4aa,2018-02-13
897da32e9712dafcf2fb6615aeb3318c,6a59a192cd68416ca60a4a5809aecfe7,delivered,2017-05-31 17:06:39,2017-05-31 17:15:26,2017-06-05 16:29:55,2017-06-08 10:53:01,2017-06-27,947e93a9bb28256adebe49f78cff07ad,2017-05-31
2f9615837f509124f0c936dbd93855ac,15357da0aa538a1e5efabe63f0d71095,delivered,2018-08-08 10:25:10,2018-08-08 10:35:19,2018-08-08 11:35:00,2018-08-13 19:38:27,2018-08-16,57f66dc16e5edbe9417e1e21c783b5a9,2018-08-08
9db142d94f2d44a068cfb9ea5da54456,2fdfa48086825561ab78672c8513dba8,delivered,2018-03-07 14:31:46,2018-03-07 14:49:46,2018-03-09 03:28:30,2018-03-26 18:19:01,2018-04-04,9c215284b65ecf4f6c88edaa22cf1eb0,2018-03-07
9f2c6714edee90964b0b631c22a22448,89d62100264f60ca62619dd012a12f00,delivered,2018-02-06 01:03:08,2018-02-07 01:31:23,2018-02-07 20:12:38,2018-02-20 18:15:09,2018-03-13,4af8183e991931155d9315609e41e2ab,2018-02-06
6060984d92a7f9a5d6f5f99b8815aa64,21665fa6b18402068a25b8b82da33c70,delivered,2018-01-22 17:30:02,2018-01-22 18:06:48,2018-01-24 22:09:52,2018-01-26 16:39:13,2018-02-06,cb687c6f0032be4084e51de779c0d643,2018-01-22
b357dd0e3d6572e28d060309c0ab339f,4a37008d0c29389ef1c8632e2c4d6ba5,delivered,2017-11-17 05:56:03,2017-11-18 02:15:37,2017-11-23 16:31:50,2017-12-20 15:44:48,2017-12-11,602517e0d22bad1e86ec4cc2fa58a147,2017-11-17
40f036012bb1fb0195ebf7d43b034d72,620a606fe1841ab9e3659b68e137601f,delivered,2018-04-09 23:06:31,2018-04-10 00:35:20,2018-04-12 22:06:39,2018-05-02 12:50:44,2018-05-11,f75d280e67adbfb5959a3782fa91e2fd,2018-04-09
2f18fee7e09d77c69bbb75054b8610b1,c201c80c97c3d9b1c5ae6e363e808f14,delivered,2018-06-30 09:31:54,2018-06-30 09:50:00,2018-07-02 17:18:00,2018-07-13 14:15:45,2018-07-20,e2922fb2fe6f62e4692ffef35646c647,2018-06-30
2a0facc85fc2b839b8c194436787402b,6d6e81e5815b1fff666907cfa150a691,delivered,2018-05-16 04:35:22,2018-05-16 04:54:21,2018-05-17 15:06:00,2018-05-23 11:13:02,2018-06-05,c2e4e0527503427aebd5c42bc5f1f6ef,2018-05-16
e2f630b53cb2637be372c3810b089868,67f3e907dce402e696b15f9308ff22ed,shipped,2017-07-26 11:44:28,2017-07-27 11:25:25,2017-07-27 17:47:51,,2017-08-29,6f232f2f5c7f33b7bd9d794d2afacadd,2017-07-26
75782ab140cfc2ce9f07f0b6390e32c2,11e0029418313bcb51f04b5ea486743a,delivered,2018-02-16 15:19:06,2018-02-20 07:07:10,2018-02-27 17:32:31,2018-03-01 20:09:09,2018-03-09,3a5043db9792c257505acee177400c5f,2018-02-16
6e3c8fe2572e4a01c43ef9970e59fef2,19eb2ff94ef3470db204adaae3d6cd99,delivered,2018-04-16 16:47:33,2018-04-17 10:31:18,2018-04-17 22:07:19,2018-04-25 21:21:15,2018-05-16,a26dbad393f0b90afd1675b027730df0,2018-04-16
36995f50cacc28693fffcdb6af6cfedc,3d455fb7aa499fd0cea2a2306b4c43ad,delivered,2017-02-18 17:47:36,2017-02-18 17:55:21,2017-02-20 12:44:09,2017-03-01 13:47:58,2017-03-30,c0779cfb3d6695eb9a6c14772852e10e,2017-02-18
8cbaf68384ba4227bbfb3ccb24c7c1a2,a59b9fb91b4ebe9aba37c55232abc8ca,delivered,2017-11-24 20:58:59,2017-11-24 23:56:26,2017-11-28 21:46:49,2017-12-07 22:44:23,2017-12-22,cd4dc8a1f78011e0a2e730314f9c97be,2017-11-24
8dba24f9985ee1c23c565330d02c5099,bbed564e83eb94355dc3537879b54f40,delivered,2018-05-13 18:02:41,2018-05-13 18:13:28,2018-05-18 17:20:00,2018-05-23 15:04:08,2018-06-01,39669467dedbe4a650046a0ec8859aae,2018-05-13
2681f4e9d333e5795a30836c81340c85,e6a01189b2ec98944c29bf5b35adc1d0,delivered,2017-06-27 10:36:44,2017-06-27 10:45:39,2017-06-28 13:33:46,2017-07-06 16:24:31,2017-07-25,3b3839fba53bd347e707043fe02825e5,2017-06-27
05580ea6005bac590a3f143473c9b296,b22929060c67ae572e2e82d531af2fc4,delivered,2017-11-25 21:45:35,2017-11-25 22:33:48,2017-11-28 18:02:46,2017-12-19 22:24:04,2017-12-22,406369948f16d70aaebad59a87541dba,2017-11-25
2251c2ae48921e06fee59a7779d9bd47,35d15ec55b747200f78c492b3d9ddd72,delivered,2017-10-10 23:51:07,2017-10-11 01:04:09,2017-10-16 19:22:32,2017-10-17 19:38:53,2017-10-23,f9d7b5bd17a1c2623a4d73d9a166c869,2017-10-10
f718de7d7e4e4598f3579368cca01a91,c780c18f44b29fa4d0f06f3220d466f4,delivered,2018-07-29 15:45:23,2018-07-29 16:04:28,2018-07-31 13:33:00,2018-08-07 23:35:43,2018-08-07,d9a248c7d735e41a7cba546890997269,2018-07-29
6f21ad30200f041d3f19995a8718cd11,27a748bd3c2cba4f31221d301d5401ab,delivered,2018-07-23 14:27:37,2018-07-23 16:46:02,2018-07-24 16:18:00,2018-07-25 18:18:36,2018-07-31,6e3a167b6908386aaff774280e6eb1cb,2018-07-23
0d6adc89d2a26a9691f972daeb40f165,c9d2155ff1486076e8570f3d91ec1bea,delivered,2017-03-18 12:23:46,2017-03-18 12:23:46,2017-03-23 10:48:47,2017-04-03 15:54:29,2017-04-10,1cbaac6875e786630136369e019eae58,2017-03-18
b92a772cba8a9bd47b3440908ef29359,63b98f1dfa5acdadfdefedc183756476,delivered,2017-06-12 15:20:54,2017-06-13 04:55:16,2017-06-14 17:38:25,2017-06-19 20:11:49,2017-07-04,24bde8b6cd83ccb8ee3fa91466be3b11,2017-06-12
53cbf33b674d602f6746cb90a9d874fd,e5ed7280cd1a3ac2ba29fd6650d8867c,delivered,2017-05-15 17:42:38,2017-05-16 03:25:20,2017-05-16 16:02:08,2017-05-22 14:14:45,2017-06-05,206e64e8af2633a2ebe158a7fcb860db,2017-05-15
2f30c0b1905c65a8ff6c6358bc909625,e963d0e4f815dcd28b135d7d340ec51a,unavailable,2017-12-08 09:32:48,2017-12-09 13:30:49,,,2018-01-03,215e0a9044344dca7820b462c60bd206,2017-12-08
41c284ffd871324eadf06fc989583619,b2455d365185ab7c1da94e742e4976ad,delivered,2018-03-31 15:08:21,2018-03-31 16:20:04,2018-04-03 17:06:12,2018-04-13 19:58:36,2018-05-04,66980c3775537536f77b434d74e520f5,2018-03-31
649aa4ae69d60a0b65b5270e737081be,cc268320e77ed6ba7be0107cc7ad1b8f,delivered,2018-05-27 18:21:21,2018-05-29 03:35:11,2018-05-29 14:04:00,2018-06-18 23:44:59,2018-07-05,9aae8213ff9bc04cc3ce48b85f43a173,2018-05-27
d27a4fbd0d3a4cfdf8a109dd88743502,a2e2d94675768728d29f95b2663f6a6f,delivered,2017-07-26 09:12:56,2017-07-26 09:25:11,2017-07-26 23:12:24,2017-08-02 20:25:46,2017-08-21,07c7ce958d4fc8ecdad390153fc60079,2017-07-26
121dd40b10fc0795e5f649ceedab30f9,07e37249529eedeca890d7a80979b91e,delivered,2017-03-31 18:38:27,2017-03-31 18:45:14,2017-04-03 11:33:20,2017-05-02 16:30:44,2017-05-08,a22b61bc4027dbae0e9f26fb76e06b58,2017-03-31
cbbfd069a2876e5db34ae76d6d796c92,3d3bbb0ad71a8a790086e40770b46f97,delivered,2018-02-25 19:10:41,2018-02-25 19:27:54,2018-02-27 23:39:11,2018-03-05 16:52:26,2018-03-20,9df377601c20eda92b30f91d76204900,2018-02-25
e2fa3a143afcfe0dc65730a780af43e1,7332c320bdb473f6e765fee364de7da2,delivered,2018-05-07 13:45:44,2018-05-08 13:50:24,2018-05-09 14:19:00,2018-05-15 21:08:43,2018-05-25,c689aae648069dcd1be7613631ba6a28,2018-05-07
e2beeb3a428f811804079bc11b23c0c0,31665bd5bc542687ab54c9fd9ed9917b,processing,2017-12-28 12:46:11,2017-12-28 12:54:49,,,2018-01-24,afbe9434938af234d7169a2afd77dfdb,2017-12-28
09903fb2d8388ac463b7c269c099b6cb,8f1a32257a013ab264c572e0b3ed01c4,delivered,2018-06-12 20:30:43,2018-06-12 21:04:01,2018-06-18 09:51:00,2018-06-24 13:18:29,2018-07-13,1f692e0c3081b4bcdb48b8b84e2359da,2018-06-12
872b389aca385c49caa8cd43469f684f,b3b571943141ab082521521118c6037e,delivered,2018-08-09 11:38:37,2018-08-09 11:50:16,2018-08-09 14:27:00,2018-08-13 15:51:57,2018-08-28,e9494560865a85c42137b2620c9a0889,2018-08-09
3449aa90c200ac98335249ce9f0e3151,672fd46db2cd92beb42ce95dded37e49,delivered,2018-04-03 13:35:33,2018-04-04 03:10:22,2018-04-05 18:51:12,2018-04-10 01:41:57,2018-04-19,cb3420dd635fbd27ad93807c2d3f25cb,2018-04-03
3505a2f5fdc9c1c19d2eea9bfdac56c4,66e61c83b0c33d1a843ab2061bc2926b,delivered,2018-07-10 17:49:08,2018-07-13 16:06:19,2018-07-11 14:23:00,2018-07-23 22:58:56,2018-08-01,352fd235c6e516d78f7481b9dae3eead,2018-07-10
a6456e781cb962cc3f412b04de4fed7b,eee13c10a26da9f6f1c5352b215a88c4,delivered,2018-06-10 13:45:22,2018-06-10 14:16:26,2018-06-11 09:05:00,2018-06-12 20:02:44,2018-06-20,b16fb911b630683ceb69b95014c82af4,2018-06-10
bb67a1014c3abbea2865926f91a66e26,3fd8f9ee763daa9b036f7263fb64c685,delivered,2018-05-08 19:32:00,2018-05-08 20:15:45,2018-05-11 13:28:00,2018-05-17 20:12:20,2018-05-29,1843cceebcc1e391249a2714facc8ba3,2018-05-08
b0c2a7d04b165525254254a728c50a4e,76a8a3092e48bba0826495241903e450,delivered,2018-06-07 13:28:30,2018-06-07 13:57:22,2018-06-07 13:22:00,2018-06-21 17:36:43,2018-07-04,1e04143b08a65150330f4d2c3109eaea,2018-06-07
28fac8432e4ac40170eeb057fc4c138f,062a227b89b45c5b9bbc9c41a8590e32,delivered,2018-02-17 14:07:42,2018-02-17 14:26:44,2018-02-20 22:50:22,2018-03-08 23:53:35,2018-03-09,e6f10d37b6e31dc71fc68263c9a0ef0d,2018-02-17
cbf088f9ac169d9c7eddcaa9c5e465fe,db65a636fcd05b218b138dc46a2cbb4e,delivered,2018-02-10 15:13:12,2018-02-10 15:25:25,2018-02-21 10:29:26,2018-03-02 15:27:57,2018-03-12,5dda09ed137461608be539348c1dac39,2018-02-10
96bce1588131f7637bffaa5c25414b33,af7bc908db6f201c0b53506cefd57658,delivered,2017-09-10 09:49:07,2017-09-11 20:10:16,2017-09-12 21:42:05,2017-09-22 11:59:28,2017-10-06,10837ec2278f48b91274e961ee27e699,2017-09-10
d0daecbe187c296a08f40888a8cb139a,e3e7d8f2750d84cd02f382c4d242d00c,delivered,2018-04-08 11:42:18,2018-04-08 11:55:16,2018-04-11 19:54:37,2018-04-17 17:52:30,2018-04-30,8b7aa344740a3550cb5265ad33544964,2018-04-08
38d7ca365470a06bd907802a6a62d83a,d3558802f902aaa861259024d95372f8,delivered,2017-11-21 18:35:19,2017-11-21 18:47:27,2017-11-22 22:48:51,2017-12-06 01:48:04,2017-12-11,6862e7a7283767e68fb14c52a110f6d1,2017-11-21
e4cf3be0bfaec7868f5c8ac4f977f997,c0b85a1f2e552f8f4777d3256c3cd3d8,delivered,2017-09-13 07:46:02,2017-09-14 02:45:20,2017-09-15 17:57:55,2017-09-25 23:37:00,2017-10-09,214f7f00e0d787d65a822c8ed3e9c2a7,2017-09-13
0fec5b52f7f6c1e7b725c742a8bdf7d4,478d1ae10b5cfa37f148adccee44970a,delivered,2018-04-15 11:05:16,2018-04-17 05:50:27,2018-04-18 17:32:37,2018-04-24 17:28:52,2018-05-07,288fa431def32be70113edf2790985ab,2018-04-15
800dec7675338cd2670326aceb153f09,346b53f3b9d4d463d32641e88c68d85d,delivered,2017-04-17 21:09:46,2017-04-19 02:45:20,2017-04-20 07:56:36,2017-05-04 17:53:57,2017-05-10,539b33228e119bcaedd098baba88d06b,2017-04-17
a910935f581c2ed30ed200064dafbaab,d5633cabde5e5d7747c839160037af90,delivered,2017-07-13 14:01:21,2017-07-14 14:10:16,2017-07-17 15:24:48,2017-08-02 16:51:38,2017-08-04,5d86e4c7d9e944ebaab065f2588f45f9,2017-07-13
bca16cf360ca8795f24ca0beaf2658be,c17c9bfe8ffb37c939ae0d2941c9dec6,delivered,2017-12-13 12:02:03,2017-12-14 02:12:33,2017-12-20 19:33:09,2018-01-10 10:12:49,2018-01-12,22f6af8201369f9eb96592db3142b9c2,2017-12-13
edfbaf2edc8f77e074f28ff26a6ab6ad,0c2454abafe19b2fed0ffb128f23aa63,delivered,2017-12-08 14:14:16,2017-12-08 14:34:02,2017-12-08 22:45:51,2017-12-26 15:18:37,2018-01-03,9b4f9870718fc9f864d7d5494d91f477,2017-12-08
93720f5a467d2edd5e84e209e8a9a4f6,d96bb805d2c42af018ae5158fae49e2e,delivered,2018-04-10 22:48:52,2018-04-10 23:07:42,2018-04-16 19:35:40,2018-04-18 20:08:35,2018-04-26,9835179d41a3cd33cf230e728fe85798,2018-04-10
73efca6402c1b6108195348448d76147,4280fa78d7c43abc5e98a8a3b44d9350,delivered,2018-08-04 14:49:43,2018-08-06 14:55:21,2018-08-06 14:55:00,2018-08-09 23:53:30,2018-08-16,4cfa5155cf7cff8eb15e0b12041d058e,2018-08-04
97ad789b38d3d6a17bd34b3c19fe40b8,5a064a14994cdb7c9ba804c668129dbf,delivered,2018-06-04 18:40:03,2018-06-04 18:55:13,2018-06-05 12:14:00,2018-06-27 02:38:46,2018-07-18,6e0f2c0fc90a81d749a08d92c584d746,2018-06-04
5d39411a17c42bca603225f6f89a0207,fea3ed32e9d3eea5878fb54a399461a8,delivered,2018-04-02 17:51:14,2018-04-02 18:10:03,2018-04-03 20:58:24,2018-04-05 23:27:36,2018-04-18,e2340f5098380d7686658168aab61a36,2018-04-02
cdc90cad1e7f9d43bfeef525c745ef33,321cb859fffb6249ba9537e12dd348ed,delivered,2017-11-25 12:44:35,2017-11-25 12:54:50,2017-11-28 22:55:38,2017-12-01 21:44:00,2017-12-18,69773615cfc64f54d36fbe95621b2590,2017-11-25
83f658745fc275530bdb3ce5f57c359f,c8f1ff3238c9c1e3182968395fc2313a,delivered,2017-11-28 23:52:10,2017-11-29 00:15:39,2017-11-30 22:11:10,2017-12-03 15:12:28,2017-12-12,2c4bcbb5a9a1b8ed1a4b05ddef43a888,2017-11-28
b388932b3dad9623ce1b062985ce07a1,43a4ab5ca0e5bf683ae1fb0c760a976d,delivered,2018-01-15 23:32:57,2018-01-15 23:52:12,2018-01-17 17:53:12,2018-01-24 10:53:02,2018-01-31,a0fc8744b3c29be388149ee2bbccb79e,2018-01-15
d037016bf21257acf9413f8a2ee0fd09,57a05331e60fdf30d97f10a1327a1faf,delivered,2018-08-16 12:18:45,2018-08-16 12:35:45,2018-08-17 19:00:00,2018-08-21 00:31:40,2018-08-24,ac4bb8d4eaa1e1de3d75271ffd538d61,2018-08-16
64b9bd1556119a5b054cf5baede3fad4,69fed80679956179027ec3b2df9620a1,delivered,2018-02-19 19:43:38,2018-02-21 06:20:25,2018-02-22 18:29:54,2018-02-28 18:28:54,2018-03-13,a8600e0beda4face16b2425a76e1ffab,2018-02-19
bb85c5af835af09aa329b2f4922be259,01ec27f833d99e889b944c5112addff9,delivered,2017-08-07 23:05:59,2017-08-07 23:35:17,2017-08-11 21:14:29,2017-08-14 14:50:32,2017-08-18,dc316d7b72678f31955bd54ee0b4f58b,2017-08-07
f9fc6b37b2a3a42ef88b609566e731c0,a74f39cf6735d061600bc043d4f9326f,delivered,2017-02-05 09:02:40,2017-02-07 03:42:53,2017-02-21 06:22:18,2017-03-01 08:03:52,2017-03-15,0c7b920c8084dc18771c014987fc49ef,2017-02-05
c2fe2f550416c0b36bad93166e4d2d1a,4f087ceb0e06ae3ea989493e4359204d,delivered,2017-10-31 12:02:07,2017-11-02 02:31:13,2017-11-03 22:52:45,2017-11-14 20:37:17,2017-11-22,2b4871f788b44ee004ec2c7fc7cd420b,2017-10-31
7764b1137f1449a900532727d4a58763,fcd9a514a1dc122d997d6a3f84339463,delivered,2017-03-01 17:03:07,2017-03-01 17:10:16,2017-03-03 11:41:57,2017-03-07 12:49:09,2017-03-20,084a1adef368b0d738db72ea6cf5d196,2017-03-01
a4866dfc455353f48014a2b9a86608a2,97ee81fede5757f1ab031e83d1a59f56,delivered,2018-01-11 16:47:03,2018-01-11 16:55:38,2018-01-26 13:27:50,2018-02-14 13:09:54,2018-03-01,452fab1c62b178922fc011b0eb89c1b9,2018-01-11
f5af86a3bea41e5daef5c06e7a02ad2e,e8d19c7ae749d892ea35e91da2f345bf,delivered,2018-08-01 23:24:08,2018-08-01 23:35:13,2018-08-15 17:42:00,2018-08-20 15:55:42,2018-08-13,3333f0287d8a19d37985d4920dac1ddd,2018-08-01
f46c420c45b388a5dc8fe673db89929f,92d816799e81ea5cdb034d077ddbab15,delivered,2018-02-11 19:18:20,2018-02-11 19:30:29,2018-02-15 20:29:45,2018-02-20 22:59:05,2018-02-26,2b8b340d292b5de57a5bd3f9ae6c0832,2018-02-11
f11d1468c04bda8475ef44acac005655,3c7b14b0210d382e4b30d5d7d84bf028,delivered,2018-01-27 10:02:59,2018-01-27 10:16:21,2018-01-29 18:09:59,2018-01-31 22:07:14,2018-02-16,23a9fb140ba870f4966fca4aa223e492,2018-01-27
79a7213058b523bb31b7c6c53add8159,d9f9a5318f33a6d8d57b288586182c18,delivered,2017-03-29 15:28:28,2017-03-29 15:50:19,2017-03-31 10:34:20,2017-04-17 11:12:42,2017-04-20,ea20fb8852a37fb8519b72f172bb3d67,2017-03-29
070b4a621a6d06dcff9122e5c04b353a,9bf7217158566072ba308c3d057bbc44,delivered,2017-09-10 09:30:28,2017-09-10 09:45:09,2017-09-13 18:50:01,2017-09-18 20:38:39,2017-10-02,27c9fbc5854ca2ab9c51abdd4b520589,2017-09-10
8008c307d21d33e78369fd1ee6cb1284,6aee4197c58218b95b85a3da9d6b7c90,delivered,2018-04-02 11:23:53,2018-04-02 11:35:30,2018-04-03 22:38:26,2018-04-10 16:56:36,2018-04-19,51c71e07d4ffb31ee4286c41a71ff23f,2018-04-02
3529da555e9238eaa0ac000c0ee4fb05,40fc3220c11d51a392dd736e38075206,delivered,2017-11-08 15:52:49,2017-11-10 12:56:20,2017-11-16 21:38:33,2017-11-21 15:38:39,2017-11-29,65d7c0904b51f5b432e71a14b25121dc,2017-11-08
ab9a2911bde46933de19f0eef001d3d9,accd76590a428aba5e578d4a7505645c,delivered,2018-07-25 23:52:56,2018-07-26 00:05:29,2018-07-27 13:53:00,2018-08-03 18:48:50,2018-08-08,1e2c7891e273489845ebabe0310029c3,2018-07-25
cc94aa62777cf27c082eaa521ba00747,ebf28472ced6d1aaf751af1592f56df6,delivered,2018-08-27 07:18:36,2018-08-27 07:30:10,2018-08-27 15:07:00,2018-08-28 21:05:23,2018-09-03,11c6370fa35c524098f44a6c6d0582ed,2018-08-27
f5136e38d1a14a4dbd87dff67da82701,3fd6777bbce08a352fddd04e4a7cc8f6,delivered,2017-05-24 18:14:34,2017-05-26 02:45:17,2017-05-26 11:20:47,2017-06-05 17:09:48,2017-06-28,ff4159b92c40ebe40454e3e6a7c35ed6,2017-05-24
a8aa8c2af7ddd7b246469a7d4a53ed75,4068f389794929a12941cb19d170fcba,delivered,2018-03-18 14:24:33,2018-03-18 14:35:24,2018-03-20 17:04:30,2018-04-13 01:04:05,2018-04-11,1b3ca5f1c4db09255e55e10081735224,2018-03-18
04d9462386313112744bfe028575d10f,a7fd924b11c1776e4992293e2b2694d3,delivered,2017-06-12 13:55:51,2017-06-12 14:05:22,2017-06-19 16:23:25,2017-06-26 14:58:04,2017-07-11,9f65b22046ff3281527d2c66debd30c3,2017-06-12
e11dbf8f73df2ef44ac68c5dd90b3892,8bba7817c19c5fa590c8857669ade46a,delivered,2018-08-14 17:59:38,2018-08-14 18:45:20,2018-08-15 13:03:00,2018-08-17 22:16:24,2018-08-17,b3989aaea8a136281b3ba11272c93cc4,2018-08-14
31d6ca721a02109e3f90202f01c62a4a,0d6041c3775793974d2fe45052568155,delivered,2018-03-10 00:33:50,2018-03-10 00:48:50,2018-03-10 16:46:36,2018-03-24 20:06:48,2018-04-02,571fa8594059e717187533599bd0c1c4,2018-03-10
a558d36bc6548afd19f3cf6728bf7077,7414fbad34386bbe9daf9d22b831570b,delivered,2018-06-21 19:03:23,2018-06-22 02:36:59,2018-06-22 14:44:00,2018-06-23 11:03:14,2018-07-04,ad38c335f3fe3a43c7d28c227953b9e5,2018-06-21
27ccb6f42b7ff7e079004d6192ab12bb,4399c824aab097f4974ab7fabf8064b2,delivered,2018-02-07 23:03:51,2018-02-08 01:30:03,2018-02-09 21:42:02,2018-02-14 20:27:50,2018-02-23,f22c272b1abf07d355eee4c03f281b01,2018-02-07
1043d83f1c9a2f7d84385aa1611d7652,88da9ca0d179585f4c09cd62d71af872,delivered,2018-05-20 20:09:00,2018-05-20 20:29:50,2018-05-22 06:21:00,2018-05-23 17:48:15,2018-06-04,4c302f270df7e2504744b098d013b0e3,2018-05-20
f25bd9ce4a4433355f6011c1a262c49d,e07557a200138bd02c877d6d7ca87db4,delivered,2018-07-27 16:58:06,2018-07-27 17:10:11,2018-07-30 07:30:00,2018-07-31 22:35:00,2018-08-06,dd1213a8c4572e20843121445430c0de,2018-07-27
02bfd16c1a67263989b258fa92e20d3b,8f720778bef871705f690cdd7f2c7407,delivered,2018-08-16 20:02:31,2018-08-16 20:15:21,2018-08-17 12:05:00,2018-08-29 20:49:41,2018-09-12,68041dc76662fa5c940d7869f110b844,2018-08-16
c602154123d0956a6fa53e0267b25bd8,c1e0dde767b358b5b0c044c8d5f408ee,delivered,2018-06-02 14:02:44,2018-06-05 04:51:52,2018-06-06 13:10:00,2018-07-09 09:34:27,2018-07-19,00b246520d4904724f9b20188a2ff39b,2018-06-02
2731288f02cee9797af3fcad424f6ee4,115e82729606dd1ad543cc1b410fce37,delivered,2018-04-20 14:42:04,2018-04-24 18:34:11,2018-04-24 18:53:44,2018-04-27 20:28:28,2018-05-14,b352e446c37f5717f34d6b0b1fe9cc14,2018-04-20
784dc805e40803fed828b9fbf45b4858,776ee30289e41e0494e430426d953af2,delivered,2017-05-16 17:48:36,2017-05-16 18:02:32,2017-05-18 10:43:33,2017-05-23 00:23:56,2017-06-01,6366dc709d3d45f3fb76d56ded95f9ca,2017-05-16
b543e95769f2da5f435df6a8ccb13eb6,f007d19db1f83a2f77650ab490703640,delivered,2018-01-16 13:25:36,2018-01-16 13:36:20,2018-01-17 22:33:50,2018-01-29 21:37:06,2018-02-14,5a08097006a04f95acc3c2501d0df29b,2018-01-16
da1d2907817d2c95b1f3e07c76d26bcc,a390b5b8933426a0d79944b89ecf53ca,delivered,2018-06-14 21:15:35,2018-06-14 21:37:02,2018-06-15 14:02:00,2018-06-18 21:27:43,2018-06-28,b951c9bf661f93b4622ed4e21034a9ce,2018-06-14
8831eaa951f7563404fa3355d0a89f1e,f03c9c80de7a0a901cd92d8507717007,delivered,2017-08-30 16:59:19,2017-08-31 04:31:24,2017-08-31 16:27:54,2017-09-01 18:19:07,2017-09-14,72b74e3ab8b2f7da203dbb50344879bb,2017-08-30
87dbf189fd5e4ff0a6846675d7fe9d0e,758019ade97df0865b7fabd23bf29ae8,delivered,2017-07-09 20:42:32,2017-07-09 20:55:08,2017-07-11 19:33:55,2017-07-17 17:53:31,2017-07-28,92ea66675d0557a6ededd9af85a9e758,2017-07-09
bf63ec64b243739a224860a034cb5357,5d9af4479e3cddff9ca7cdcaae40329d,delivered,2017-09-15 11:28:58,2017-09-16 02:50:46,2017-09-18 14:22:23,2017-09-30 12:48:50,2017-10-04,ba36311f5ecc3232608a4becdd416325,2017-09-15
974c26d25f3764b5acde8a0b556843be,9ab1a2a05e0311aded3d496b4da0df87,delivered,2017-12-25 16:46:13,2017-12-27 04:12:40,2017-12-28 23:32:22,2018-01-08 22:24:31,2018-01-19,e5da246ec8495416c700f325533688b6,2017-12-25
f230041025cb889113e0999362dc2ad1,3c0a441449190dbe7fbcda9358caae84,delivered,2018-03-14 17:24:47,2018-03-14 17:35:30,2018-03-20 16:55:47,2018-04-13 20:03:22,2018-04-11,4c7e61a1faa0d4745bca0164648b3ddd,2018-03-14
4c52483789e169329b0dc09e8139b7e2,d4bb4211b01632ddd742d89807c73c82,delivered,2017-07-31 16:57:33,2017-08-01 14:10:14,2017-08-02 16:27:47,2017-08-07 20:53:50,2017-08-22,1e42daf0af58fb971d1598af1fd2497e,2017-07-31
d6a2e1d3b958b6c5cb3af6f1d4d4a203,8d087e1ce16374d733458b3e018ea4e7,delivered,2017-11-11 17:46:35,2017-11-11 17:55:29,2017-11-24 16:54:54,2017-12-08 22:46:47,2017-12-07,dee6507f25f601864647a16185888332,2017-11-11
ae0df271cb3c9838b323a5764478703c,c93a78ab4219db951b3d94b1d710639d,delivered,2018-07-15 18:48:15,2018-07-15 19:03:56,2018-07-16 15:34:00,2018-07-25 23:24:38,2018-08-01,5f804c4f73397c6b7d0643012d788c83,2018-07-15
c66f263a77d0b978664e122a57598d88,3115ac24b20b9bf9267633753921a408,delivered,2018-01-26 09:28:49,2018-01-26 09:52:31,2018-01-30 02:18:57,2018-02-05 16:16:46,2018-02-15,2ecb072c40df1c0e01f07c88f55d6c2e,2018-01-26
a3157fa833670799cf5d82abf9188905,2aadb729e67afb7067245bc438cdde52,delivered,2018-01-02 22:30:18,2018-01-02 22:38:26,2018-01-10 17:35:52,2018-01-31 18:26:56,2018-01-31,b4a9706266706041c10bac3e7ec4316a,2018-01-02
f895460919953cca1c737af25d8faf3c,97558121050ad51b5f8467919840fd7b,delivered,2018-07-08 17:01:33,2018-07-08 17:15:12,2018-07-13 13:38:00,2018-07-30 17:54:43,2018-08-07,f06d35a600b606329886d392afda66c7,2018-07-08
57665b3fb0f04270d6b333c9d1f80a61,958e8ad93117fc0cc509a39861a1e7ff,delivered,2018-07-30 11:22:32,2018-07-31 07:30:51,2018-07-31 15:51:00,2018-08-06 22:41:59,2018-08-17,1a5f53459ebb9f8a705378dc76f572b3,2018-07-30
6ee93b768b2ece278852a25fecf3eb03,44566093e87dfa38e9e682fbbb1d72d7,delivered,2017-06-10 18:08:15,2017-06-10 18:22:37,2017-06-14 09:51:42,2017-06-22 13:56:40,2017-07-03,35b45b906d1450b3540dc96692f58583,2017-06-10
7117ea59ab9bdbf381b1a880eb25b07c,9026aa2a4b854ef18f281eee09434801,delivered,2018-03-14 10:15:23,2018-03-15 03:30:33,2018-03-16 17:51:17,2018-03-20 00:06:33,2018-03-26,7ce437bd982d7e69bae09a055b564893,2018-03-14
860a775a4c01146f0dac9eebe2ac8461,753f6e40ce5c9753d617ef1405cf67a8,delivered,2017-11-24 11:56:51,2017-11-24 14:37:01,2017-11-28 21:54:46,2017-12-28 12:45:03,2017-12-21,62dbf95632be2b7c3a8b0ee94abd4cf8,2017-11-24
6514f4ab77bfe2791416987c6c136b84,47cb699aff55772778a179d9a6b32bcb,delivered,2018-06-23 17:05:29,2018-06-23 17:16:04,2018-06-27 07:05:00,2018-06-28 21:56:53,2018-07-13,18b0804c12cb4d5de0e81612a5af006a,2018-06-23
67174eff886029c2cc97d11c74eea9a7,6f8a90f42a1120e42bf3db98b595040f,delivered,2017-11-25 12:47:46,2017-11-27 21:51:28,2017-11-29 16:19:03,2017-12-10 21:06:16,2017-12-26,89a1e0a84aba551138fef6fcf098964b,2017-11-25
4f1330720e5aa2d61a474c63620fc42b,428e0381c7a36540d57562f45cf9abd6,delivered,2018-01-12 04:13:58,2018-01-13 05:04:23,2018-01-16 21:33:06,2018-03-02 18:51:31,2018-02-15,b4184ec976917fc7cb365a1a55524013,2018-01-12
eede8f1b542f41da8b04e72bdd357dde,a70394b12364e5ae44f4553c76076a6a,delivered,2018-03-14 13:19:06,2018-03-14 14:00:30,2018-03-15 23:12:00,2018-04-05 22:06:46,2018-04-09,0dbf75634e9cdb8dfef760501cf983a8,2018-03-14
14130f70a2038f80f97d9fcc6e590ba8,d88efaaddfde753a7d05f6b1cb1b5411,delivered,2018-03-23 17:22:23,2018-03-24 17:27:48,2018-04-09 23:08:40,2018-04-24 20:25:47,2018-05-09,747ea65052566eba93f2b81c6ca1a14e,2018-03-23
46f6ed73fe09537a68e37e5b67fcdd01,92e16dc77c3bc26f219eedd465b6d189,delivered,2017-10-16 14:55:52,2017-10-16 15:07:18,2017-10-17 15:07:48,2017-10-23 22:14:22,2017-11-01,3f00548d480f59bdac5e1ad8a68dcfe1,2017-10-16
8f15948ef0bdb4709a5801084a564c56,95be4ef194f75ea2eaf653d3d28b2d60,delivered,2017-09-27 07:11:08,2017-09-29 02:58:42,2017-10-02 14:36:19,2017-10-19 19:42:17,2017-10-31,4b1d45d33877174c0fca2cece1f8f2c1,2017-09-27
ad0ae09a07feb323ebb93e791ab88917,d6c81d2347ad5b090166bece40a93388,delivered,2018-05-10 16:40:15,2018-05-10 16:58:46,2018-05-17 13:56:00,2018-05-18 14:33:32,2018-05-23,c1d404c1480da3e44dd2cd5e325b1ce0,2018-05-10
354ca44327bb555017ef42fd921ada11,606ac72d2b2b2a89114d972d2e66a2a4,delivered,2017-01-30 16:33:23,2017-01-30 17:34:46,2017-01-31 08:59:38,2017-01-31 19:13:10,2017-03-15,c6daf89e664438f63927784b6fd5c5c4,2017-01-30
534a0fbe91a806a1dc6bf09b497e3d6f,d17ae8582d302dbd41b87e5028e8c0e2,unavailable,2018-01-22 02:45:40,2018-01-23 03:36:43,,,2018-02-06,cf41887f4cbf217c6fad258a83ba2d32,2018-01-22
7d0a48a75ea94fb27cbb514b6bd406b4,1fa8165134d1bc197e2bc4ebf659f35e,delivered,2018-05-29 12:43:18,2018-05-29 14:15:10,2018-06-05 14:01:00,2018-06-11 14:51:42,2018-07-05,de9ab7d2ae5374d1d19d9746ec64d2c5,2018-05-29
cd9d1ea1541ad23858c2890cbacd2406,de6e854dd86ca4f038c5aca3c86150af,delivered,2018-03-01 11:28:05,2018-03-02 02:29:54,2018-03-02 15:47:27,2018-03-07 18:41:56,2018-03-19,91cc64efdc8300db4eae42e836e9e148,2018-03-01
efc21a26212414ea2383d5392f15f231,b88110cc956e2c4f3ed611c4a64b297f,delivered,2018-04-11 10:45:45,2018-04-12 10:51:58,2018-04-12 21:46:27,2018-04-16 19:58:25,2018-04-27,2332ad18bcdd2763999ec846fe8020fa,2018-04-11
6613fb221c62895c22ca8a2958d32156,dcb729d4247a942fe9911fe4685899a9,delivered,2018-05-31 22:01:02,2018-05-31 22:15:17,2018-06-01 13:55:00,2018-06-08 20:32:57,2018-07-11,0f15654c2819f53ab1b7f53330f457ac,2018-05-31
6f7390ae95a89ea985e0d81b189e96d5,c17611c9d2852a5b128c4f1ed28fa0e2,delivered,2017-01-30 20:52:02,2017-01-30 21:33:50,2017-01-31 10:38:09,2017-02-10 12:09:06,2017-03-20,fccfbf734a92029859c4fe58eff05114,2017-01-30
468c2f34312a6d270a20c7aef082041c,c43140cab099145072c92fafa17d0d48,delivered,2017-05-25 00:11:01,2017-05-25 01:10:20,2017-05-25 09:31:02,2017-06-06 14:31:22,2017-06-23,ca681af5ab07e1b26a4a7322d06b0948,2017-05-25
aaaf314a8cf0d0da71e52c6cd4184cbd,7302e92da39fdc7fa8b02048113bf5ef,delivered,2018-06-19 16:10:55,2018-06-19 16:45:29,2018-06-20 11:55:00,2018-06-26 21:17:55,2018-07-24,b08151a30ac8321a74af864d51aa27cb,2018-06-19
d0f9313e0b3e085cdd4116f42d31da06,2443d43e2cb0271b2e63ba9a0fe2903c,delivered,2018-03-27 11:19:27,2018-03-29 03:28:54,2018-03-29 22:24:44,2018-04-10 15:58:30,2018-04-16,432c102302fd43b0b749e60c6ba520fd,2018-03-27
63feacd35842cf0c330466827955c7fa,bfc79e4f4af23463178a0bbf68ed91df,delivered,2018-04-23 16:53:07,2018-04-25 04:10:55,2018-04-25 13:53:00,2018-05-03 17:19:40,2018-05-17,d6baed9a4ec609428eb198876e4ce9e3,2018-04-23
f8e926b4541bd4af7a14350967ba217e,f451e59a9232fe95d8deab7507f5b172,delivered,2018-08-11 23:30:33,2018-08-13 17:24:24,2018-08-14 13:36:00,2018-08-21 20:37:40,2018-09-05,97cce9cfd565d0c7710a453ee93e220d,2018-08-11
a978d6eb16b0dd287c64cf99680c15e9,033c0ab40161f39cabba89a415feffaa,delivered,2017-02-06 22:02:37,2017-02-06 22:15:13,2017-02-07 08:44:50,2017-02-20 16:42:25,2017-03-27,367f810d77e192e1440edd2afa6b07cd,2017-02-06
9c5b6f458d5e5f8e372c112f8b658af6,e8376bb0980c62f2368025ec10161e4a,delivered,2018-03-07 22:26:43,2018-03-07 22:35:36,2018-03-08 18:42:34,2018-03-22 23:58:49,2018-03-23,4dcabe94c61f202327839a734955b0cf,2018-03-07
541e98fb4e0b225dbc4493ae9d53eeb3,568be7bdad827e05c5b0b87614cb8c59,delivered,2017-11-27 22:23:47,2017-11-27 22:33:24,2017-11-28 23:33:54,2017-12-11 16:34:26,2017-12-22,acfc41e34b586a5d6850f2a6b3ae0183,2017-11-27
3a39e6f440a811e9d4ad1bf47dd6c14d,5e4c7fa1c287657de20c8e19c2f959a0,delivered,2018-01-09 17:03:01,2018-01-09 17:32:31,2018-01-11 17:27:42,2018-01-25 18:26:58,2018-02-06,bffe21e5fcf1018f69c5654bb45ec1b6,2018-01-09
b51eb394d66d1bfb29d0e6367bd57d59,e972fcfb5af10aba3067698ccc05f611,delivered,2018-02-27 09:50:14,2018-03-01 02:35:37,2018-03-01 20:12:24,2018-03-19 15:56:34,2018-03-26,ce2e0ace655301bc4a8cae4abbd8c0a2,2018-02-27
4534a8dd8fc9a1eccddc2bc6a7fd2ba2,6b419cdbd0dbc828c9fbd809cd6f983c,delivered,2018-06-08 10:06:43,2018-06-08 11:05:05,2018-06-11 11:35:00,2018-06-27 18:02:11,2018-07-19,3f8f42bd3277d3483aafe9b39cf930a1,2018-06-08
264ce11c5e766e56fad7ef4046030511,beca47edbdd65b21b705e744c4275638,delivered,2018-05-25 16:23:48,2018-05-25 16:36:42,2018-05-28 14:20:00,2018-06-10 17:02:21,2018-06-25,ea181cbd6e92042ba5c8dc8ff10318e5,2018-05-25
7a70b827ebc6ab85bd4e28739619bb2d,cad3d3fc70d214ca82f4b5d6dfb279f2,delivered,2018-08-08 17:41:10,2018-08-09 17:50:09,2018-08-10 12:33:00,2018-08-18 11:24:19,2018-08-29,71fc6a8faee5a414d80feac6ea0e7976,2018-08-08
7f0cd5312c451eb0b746d9e0617e57f9,d6c5e3efecf1ebb34d1b7665db05de3c,delivered,2018-04-26 14:04:20,2018-04-27 08:15:15,2018-04-30 13:52:00,2018-05-15 18:36:50,2018-05-24,e6ecf8f816d5aa381b49e989645c9471,2018-04-26
23799ee0d85541263f0637d4b86d5e5b,98209b8b1b97a90f4b5028daffb1b73e,shipped,2017-05-01 10:23:49,2017-05-01 10:35:20,2017-05-02 11:50:50,,2017-05-23,fc332aac4e6295b310434bbec9773c4f,2017-05-01
efeb57b095ad1d83a933437cb2c4837c,df939eb2e1f58a07066431a50bb9bf55,delivered,2017-11-16 17:42:52,2017-11-16 17:52:46,2017-11-17 18:41:53,2017-11-30 19:35:17,2017-12-07,8d8c91f2c4344c8f57793e8e210d73bf,2017-11-16
e713631edbb37cc11f989c7d8412b80a,b8106fd2ea14b1cb7d883bdbaafdc82a,delivered,2017-11-24 23:32:55,2017-11-25 02:32:58,2017-11-30 20:53:40,2017-12-05 18:04:10,2017-12-08,e92cf8004da0ba60863ad7d5bd816f5c,2017-11-24
463dc1b7fe6a8f19d740aba99d88ab73,f8f4be39e47db4b1a363cd95dec7a5f2,delivered,2018-02-28 15:11:27,2018-02-28 15:30:36,2018-03-02 00:25:03,2018-03-15 21:13:36,2018-03-28,18371062fe5ec3dd3f4f48d8011749d7,2018-02-28
780dfcd5aaf2662f3f6ce2201164394b,f73d378096054953caa2d69a8abceb73,delivered,2018-08-22 21:26:03,2018-08-24 04:05:18,2018-08-24 12:07:00,2018-08-29 13:35:47,2018-09-18,5ebb4b34c5aeed7ddda4fefe8e38f64a,2018-08-22
f92ebc52a42344683b930dfb16d2f317,c5c49531a2382c251f866e8c14dfb3ea,delivered,2017-11-24 10:26:27,2017-11-25 04:18:20,2018-01-04 21:28:03,2018-01-16 13:09:55,2017-12-18,3f912e65396ae2aa2ea4fda9b6b4b4d1,2017-11-24
99f6d132908e686db5ad8db097e76aa3,c557c88c4ec1f4c74389e95230d73f3e,delivered,2018-08-04 17:01:32,2018-08-04 17:15:15,2018-08-06 12:29:00,2018-08-07 15:17:39,2018-08-09,404cff864766c22ae5918af70c2d15e4,2018-08-04
8ace197d57084cf99d770809ef26dab7,0a4c9f486aaecf0f40738a4306c1d552,delivered,2018-04-11 08:54:56,2018-04-13 02:11:12,2018-04-17 12:46:47,2018-04-20 22:02:29,2018-05-04,517a35f625b57d7c8533adfefb2d1b98,2018-04-11
ea497a8fb762e77015ca8d85236d6e47,078a6dca7a00e66f3abf78d3ae96825a,delivered,2017-09-24 18:23:30,2017-09-26 04:04:44,2017-09-27 17:20:15,2017-09-29 12:03:59,2017-10-17,e2da23eccfb3e41be791daaa219d75c0,2017-09-24
ad4c9fc51e6080fe19b1e0a62752d55d,23498073f7aa58164d73d99dc9a51e50,delivered,2017-11-24 20:40:42,2017-11-25 11:15:32,2017-11-27 23:17:04,2017-12-04 19:04:55,2017-12-14,5f46ee96a6c1d425dceafdf4bfa695cd,2017-11-24
8ea705b6d457f1b50272b5ae5a7a9099,6e99b4a37b2d5aa40cb85bdfcf9dc0eb,delivered,2017-06-14 12:52:00,2017-06-14 13:05:08,2017-06-19 08:12:07,2017-06-19 19:35:51,2017-06-30,2a914bdfae6c0cc612a51e479acc0128,2017-06-14
e210480a7951a7968ea2a32e38c6dd70,6cc74c60ca9f1e86a7116ade13075729,delivered,2018-07-13 16:49:46,2018-07-13 17:23:46,2018-07-24 16:07:00,2018-08-13 22:16:43,2018-08-15,910928b04ad1ac577b9c81554ae01b05,2018-07-13
92d956a077a254413755349e0efd0ed7,9dc357207f1b0acf9782276bed80f48d,delivered,2017-11-02 22:46:35,2017-11-04 06:15:25,2017-11-08 21:21:53,2017-11-13 23:03:04,2017-11-23,53b2aa3aafb865f1c2c681804b8eb3b9,2017-11-02
a5d3eeeb605f6e2ce95e590543148234,05e8586e1ca488defddd47b5be9179c3,delivered,2018-05-13 21:46:59,2018-05-13 22:13:44,2018-05-14 13:40:00,2018-05-15 17:31:01,2018-05-25,f053e082c3563fa331d4cd0c5d8ec177,2018-05-13
f099e70d7cf0a758ccb7fb362d477166,027ece8189c0d8b1d3b543676aa81a9c,delivered,2018-03-06 13:02:23,2018-03-08 02:15:51,2018-04-04 01:08:26,2018-04-10 01:34:26,2018-03-26,82d328834d8318d50237978464defb0e,2018-03-06
3d17947832f443d603d5329d4f42b210,be9c2bbc3f4b220a693327fba72265d0,delivered,2018-04-19 16:12:10,2018-04-19 16:58:38,2018-04-20 23:16:31,2018-04-24 13:33:09,2018-05-14,aae57465413417f890866a044a7e378d,2018-04-19
8e10a1d1a57b6a469bc9a7a95c638b5a,78b0449357aac9b99f762f7d033aca6f,shipped,2017-11-24 06:49:43,2017-11-24 06:57:22,2017-11-24 21:49:31,,2017-12-08,a7ff34c63e34b438ff4b1789b8ab23a1,2017-11-24
9247f243c8ce8daa5f7011af7f97fecb,d004cba3f9bec60369b26eed8b97d594,delivered,2017-08-26 22:55:05,2017-08-26 23:05:39,2017-08-29 20:22:38,2017-09-08 19:41:33,2017-09-19,6491c7db55287e7f4e3ab56919742153,2017-08-26
9ca8a98b31ed734b2db90fca420cda8e,a72bd498fc675be01dcf6c5f5e86e520,delivered,2017-05-01 09:54:59,2017-05-01 10:05:21,2017-05-02 16:26:53,2017-05-04 14:46:33,2017-05-23,fd6be8b946505a1d1a15686ad6073310,2017-05-01
61409da3655a093963f861bd9a96c600,d448b7d85542debc1b41de6cc14b50d4,delivered,2017-10-22 19:25:14,2017-10-22 19:35:27,2017-10-24 17:36:05,2017-10-30 18:43:54,2017-11-09,cb619b091c043c3f95dc59228dc4cea0,2017-10-22
db37a79f21c59753d1ba93cc44d6cc4a,77650ab2482dc921150e09bea05890b6,delivered,2018-05-08 10:40:42,2018-05-08 10:56:19,2018-05-08 14:36:00,2018-05-12 00:08:51,2018-05-23,02b2ee0aa7ac4b3db5463ec3863ff8f7,2018-05-08
aa26ab274909dba40108cdcfc216f8b6,7f78a17c4b22bce421b4677bb221ea35,delivered,2018-04-10 21:32:22,2018-04-10 21:50:05,2018-04-11 19:47:44,2018-04-21 17:33:46,2018-05-11,d76f611a0ec454ca3aa57bc668217cf0,2018-04-10
45a857702c4695511eff5f2d40cfa75d,5a7500ddd320df5f05497b67090564da,delivered,2018-04-25 22:13:57,2018-04-25 22:31:52,2018-04-26 12:58:00,2018-05-03 18:40:36,2018-05-17,d3632bb649f0608a8450a1d0afab0936,2018-04-25
958407f3ab4e9f0d5d03a341f3840ce2,f1d8392057447bcc4dedf77c9a80edb1,delivered,2017-12-03 11:51:41,2017-12-03 12:11:58,2017-12-04 21:03:20,2017-12-08 13:51:45,2017-12-20,40c1a702053d8618481f681873de0f41,2017-12-03
2c4f5d63471424bab535f4ff1051823d,526ca0c61e632c67f44099eaf587b023,delivered,2017-08-09 20:07:05,2017-08-10 19:43:54,2017-08-15 21:22:59,2017-08-28 20:17:45,2017-08-31,0980adc99590048735ae43d0cc619550,2017-08-09
2b233b3b91f2164ae046d169a3d975ee,de321c0e4deafe175d021b9d9b257c40,delivered,2017-03-03 23:50:26,2017-03-04 01:32:48,2017-03-07 08:44:15,2017-03-21 02:35:56,2017-04-05,fb1b0ec9f6c522636a5f619eca94d8da,2017-03-03
273ff9150ef1e7b66d89ac10f7cc7899,50d37bde3d02cb5e11d46544e5e8791c,delivered,2018-04-15 09:48:06,2018-04-15 10:15:19,2018-04-18 22:13:26,2018-05-11 16:48:46,2018-05-15,0b8dab578db3ef19b68e4e228e5e8fea,2018-04-15
228dba745fdc79fe3b74e70f3e8f67db,a8f1b32299cc451c2480231139c9ad39,delivered,2017-07-27 17:18:21,2017-07-27 17:30:09,2017-07-28 15:33:58,2017-08-02 18:03:44,2017-08-18,a4f95f05ed4ec25d67125811b5c78e2f,2017-07-27
dcc74da4fd99c9e96c775807b658336d,ee905ec97794ec6e95a8a02273cf5f20,delivered,2017-06-18 17:55:19,2017-06-21 10:25:15,2017-06-21 14:10:25,2017-07-06 16:13:50,2017-07-11,c90df77e489e7f7fb26182fb93c22367,2017-06-18
77054c0ae83a94aa7dda477bf235645b,2e22bee00067f79174a49def8fec481c,delivered,2018-04-14 22:10:20,2018-04-17 04:11:41,2018-04-18 18:52:44,2018-05-04 18:42:31,2018-05-11,730bc97df4e3bb36de63041f329b9e87,2018-04-14
373050e6af734517549f69f888763324,e51521843de8135ca5c2aebd76299469,delivered,2018-05-10 22:39:19,2018-05-10 22:57:32,2018-05-14 14:51:00,2018-05-18 14:51:44,2018-05-29,2e2184d1356da6b014de1af7efb0f093,2018-05-10
e6f6345c50327507fe35965aa65c8e94,b0a44e6002f9ff27862759d0d1992f4e,delivered,2018-08-27 18:50:06,2018-08-27 19:05:19,2018-08-29 15:02:00,2018-08-30 23:16:46,2018-09-04,dc4b0942fb780633d44f4f73ff69dd92,2018-08-27
b2d6c7b5ebf482317945ef822da56002,0a3ac1140826e07dcd774a7fc6e288b6,delivered,2018-03-01 11:48:22,2018-03-01 12:10:07,2018-03-05 15:22:21,2018-03-13 19:18:21,2018-03-15,0b8a4ac66e2edd1e8423e2016dc5b9b6,2018-03-01
4dd077c76e72e73742c4af14ebfbd4d1,5184df07acf834cd8a00cda25c376ebd,delivered,2018-06-07 08:57:05,2018-06-07 09:15:24,2018-06-08 14:44:00,2018-06-15 00:22:21,2018-07-13,d15efa6fcfd5909767d5c9de1608af29,2018-06-07
6db5e7f2c9cd83bcf07b97044be2c0df,a743d5c3ba8ad2c90f90436852d418d1,delivered,2018-06-10 18:08:28,2018-06-10 19:51:25,2018-06-11 17:17:00,2018-06-12 19:46:44,2018-06-26,d498d61f79a7a60e08a4063043852250,2018-06-10
926282951ac5113c0a44287b4a30d5bf,145f93b9592c03d9d7dfbbae7e80c6f7,delivered,2017-11-27 15:06:28,2017-11-27 15:19:17,2017-12-01 19:12:10,2017-12-18 17:14:28,2017-12-21,d76adfdcadecba144ec1e65118e8e165,2017-11-27
aa45e41799067f67755e2e4e41925aa3,ecbe0bf872587f3cb5633f2b5d9b9fcf,delivered,2017-12-08 21:27:38,2017-12-09 07:11:08,2017-12-11 17:38:45,2017-12-18 16:58:32,2018-01-08,d060480eea297c26aca01bbd55b2805a,2017-12-08
6c86cd28bc4a6ac0313b8d3e03131e9f,ff08e4d01ec84cf685cbb73cea8c1aa3,delivered,2018-01-03 13:28:41,2018-01-03 13:40:36,2018-01-04 12:03:58,2018-01-09 13:09:58,2018-02-20,fe905a35ad610e433e3e61a3cb66abaa,2018-01-03
245d1537baa4ed68d968e3c0f2ca5d16,8281392ae6bb39d84ababcdf4734f5b8,delivered,2018-02-11 23:27:52,2018-02-15 03:55:46,2018-02-27 23:38:59,2018-03-20 14:32:41,2018-03-14,e8e2ebd9428c8ec572b61a8b0065873f,2018-02-11
a68dcfa331c5289cc9a15c24e3c1e476,72b55045ba227f2f40221ee830993778,delivered,2017-11-09 00:26:50,2017-11-09 02:30:58,2017-11-09 20:22:11,2017-11-21 18:38:36,2017-12-08,13e6b0e350ed161c70ce5447dfa173a5,2017-11-09
73756076fcc66ccd661bb81c5ce0c5fc,4366ad2fadfbb1f93c2b10d55d2edf81,delivered,2017-07-14 18:30:46,2017-07-14 18:43:54,2017-07-15 13:57:50,2017-07-26 14:34:57,2017-08-07,0a0a0dfb438e7ba3e91ec9579d9792b0,2017-07-14
1d54db601b417ccdfd3b7071955e6cc7,7e7d2271d6f55b03b0bd4615c5f2de6e,delivered,2018-04-27 05:57:39,2018-04-28 10:29:50,2018-04-30 15:36:00,2018-05-03 23:52:04,2018-05-15,bbeb907759ef5fc169099af3c88d535d,2018-04-27
3909091186fad2ea417f3166d4067808,0ff74aa01898256d6b270ca4fc4b9577,delivered,2017-11-26 20:04:57,2017-11-28 03:44:37,2017-11-30 17:26:50,2017-12-10 11:16:11,2017-12-15,be2b2715ea6493f6dddcb063b482f04e,2017-11-26
9bdc2095c034062781104665d6e3b9b6,6d59eb54b9df0cb6c0d67669819e02c5,delivered,2018-01-16 14:19:32,2018-01-18 02:11:10,2018-01-19 22:57:49,2018-01-25 17:12:28,2018-02-08,2ad53a13954ae9d3d8e30a7e3ba1de18,2018-01-16
252a85fbb824c236e3b232f556edfc68,519579a0b1843161c9ac5cac2376caec,delivered,2017-12-04 09:47:00,2017-12-05 11:30:01,2017-12-05 21:13:43,2017-12-26 21:18:53,2017-12-27,37130c6869ec1d517e07637dff2e90e3,2017-12-04
06f4b63a078dd3d2ca46e379c2ab419e,8eafb1ae4b90494f3c3460771c07612c,delivered,2017-06-23 17:36:41,2017-06-23 17:50:12,2017-06-26 13:42:17,2017-06-27 16:17:35,2017-07-06,0b63891bfcfcede37c648664908e6cb3,2017-06-23
80c7b4c9343d57c6f4e84201ba70063c,b339abac3ae25f5b2b4f46d64ae42464,delivered,2018-03-04 09:51:23,2018-03-05 09:48:22,2018-03-07 01:13:28,2018-03-26 19:47:47,2018-04-05,fd8ca2ec473847a4367206bb75db0d99,2018-03-04
201e6171af7d4a477721fde96efcd3a6,318c79ecbef169cf1961191ee2e2b547,delivered,2017-06-11 00:04:07,2017-06-11 01:10:13,2017-06-13 09:18:59,2017-06-19 18:11:44,2017-07-03,2a8e9a7b6d67b448707d0d7ac6110b9f,2017-06-11
f029d5966aa03c87e17e2482f86202b1,ece9fb6661a1dc0cd93f5f8c9cf13b83,invoiced,2017-10-23 21:44:36,2017-10-23 21:56:09,,,2017-11-14,9bee7cfdef5ae8cc38f95568d8aaa499,2017-10-23
5ef28a6d6a0cfcef8e5eb4c151c18e82,6c9d5406be0d00b55c698e4f5f59c42b,delivered,2018-07-05 20:43:58,2018-07-05 20:55:30,2018-07-12 13:50:00,2018-07-26 14:21:30,2018-08-07,f4dbcaccf7b1b14540160b1ea484f7fb,2018-07-05
9b573950822247289cc283b3e30f19d8,b025998376e02b75dae7d887315d5da8,delivered,2017-11-24 21:04:24,2017-11-24 23:54:54,2017-11-27 15:57:06,2017-12-11 19:47:06,2017-12-27,555789ba02ce5b47f71981657177b7e0,2017-11-24
be929febed86ae91848b45a84c499e44,8b8c47170df5dd2207aca5ce4d9cd608,delivered,2017-12-06 13:12:24,2017-12-06 13:19:33,2017-12-07 18:27:15,2017-12-11 17:33:29,2018-01-05,db7928a76b23f1fc8703953bf73cdd1e,2017-12-06
4a4ed9ed7922304a569ed850baba99c6,4ed6dff46316b8f7e80d1972f27ca39f,delivered,2018-03-08 21:36:23,2018-03-08 23:24:42,2018-03-12 20:33:04,2018-03-23 19:22:54,2018-04-04,6219e27197bb69d46b4df3fcc2325edf,2018-03-08
da48dc4b67c6a225cba172618417ac34,7126ec8fd6c81f9f0b3a50f337bcde4e,delivered,2017-03-15 16:34:04,2017-03-15 16:34:04,2017-03-16 10:04:20,2017-03-28 16:15:43,2017-04-05,8904db4793f88ea3508c678371f2dc70,2017-03-15
1e6c83f252357f4c9ae0df874887ef7e,7e5f789e079e767b1048f6f69e3fb67c,delivered,2017-02-07 22:03:42,2017-02-07 22:15:14,2017-02-09 14:38:44,2017-02-14 14:19:02,2017-03-20,abcc989c63277cbc664c1f13e1350892,2017-02-07
ef2ca7d8cb8ec4ec022a77785b6b48ff,3d467c5762bb6d35042b28517d723219,delivered,2018-06-12 12:51:41,2018-06-12 13:24:28,2018-06-12 13:06:00,2018-06-22 22:26:23,2018-07-12,3d5af65316fc29ef1244b3e8fc395e0a,2018-06-12
d127d99c100d3b63c29a600aab85fbd2,e1c2d716039d0df723bcd9e375267b9e,delivered,2018-05-17 19:22:11,2018-05-19 03:15:34,2018-05-29 07:13:00,2018-06-06 20:14:39,2018-06-11,4bf9358b618236ea203ef23a0ea9a791,2018-05-17
626d84eb4cf67fe4d53e9c0d945388fc,f8e9242670e2a006945583dd4d13ae43,delivered,2017-12-13 13:24:24,2017-12-14 02:12:37,2017-12-14 16:47:02,2017-12-19 18:31:49,2018-01-03,de59b010cf39acdf49fc201bc216c784,2017-12-13
d543b0fedeb939f3fda2a3c2fe167b02,f8cd00a7baf936fd020f7c38247dbd63,delivered,2018-08-27 17:32:01,2018-08-27 17:45:22,2018-08-28 14:53:00,2018-08-29 15:18:54,2018-08-30,2f7920af5858f8f73ae5af711c28471a,2018-08-27
1963cdf64d49297eb541ceee16ee659e,794e9df7154683f0861c93019aafb6af,delivered,2017-11-26 21:02:09,2017-11-26 21:14:27,2017-11-28 00:02:55,2017-12-01 18:38:50,2017-12-15,8fff3b532485857c98657608571d25b9,2017-11-26
419158f0fcd3a19edca60d45d531849e,ac13f7c32f187f3ee52677e5270e85e0,delivered,2018-04-13 13:19:27,2018-04-14 02:15:32,2018-04-16 19:11:26,2018-04-25 19:29:40,2018-05-14,a029899dd8534557a81c369475ff80c8,2018-04-13
420d28103f84eb7c76bede8dddea608c,759009dbd177474a0c58c632fe296ce6,delivered,2018-08-15 09:01:23,2018-08-15 09:15:11,2018-08-15 12:15:00,2018-08-16 18:47:28,2018-08-24,a171cd85387e8a90aa715cb562a939d8,2018-08-15
44558a1547e448b41c48c4087fe32ddd,40e2a5bab2a362999505842bbfb0d590,delivered,2017-05-10 20:47:02,2017-05-10 20:55:21,2017-05-11 11:56:16,2017-05-12 17:00:05,2017-05-18,4e20c9717b355a95e60353197235b58c,2017-05-10
eba5d5c86dc17ef81926ce3e339da945,d839e253e97aea3c0bc5df7a08361fcb,delivered,2017-11-22 11:04:05,2017-11-22 11:11:24,2017-11-23 18:52:12,2017-12-12 13:33:03,2017-12-13,6ed6a41250b1e99e3bd5e6ecc297dfaf,2017-11-22
8828c448621cb6894c87c5c2be785309,6ad370043aedf67e3620fcdccd95bbf8,delivered,2017-08-21 19:10:44,2017-08-21 19:25:12,2017-08-25 19:49:42,2017-08-28 21:19:56,2017-09-06,4947413e68f4df49eb40aa65881befa1,2017-08-21
1eef4e610c84e24e3ea7039a14693e90,5403fdd3b599bf8d6c07b02c3ac39ff6,delivered,2017-08-01 21:27:25,2017-08-03 03:04:59,2017-08-08 20:33:05,2017-08-16 14:03:48,2017-08-23,3e874b23b6b46a0a50dffce68e61a56b,2017-08-01
109b43dc12d67a5107cbbfb7fe98d0ae,592e40170cce9817780844caf7c0a2e9,delivered,2017-07-25 15:45:53,2017-07-25 15:55:15,2017-07-28 20:03:04,2017-09-19 14:18:08,2017-08-22,f6db9c2162ee3658e5520c00a090b7c4,2017-07-25
8650f273b9279f880588142245c2c398,1a6cb0e076784a5e73557aa5defd660a,delivered,2017-06-22 11:05:14,2017-06-22 11:15:24,2017-06-24 06:33:34,2017-06-29 11:42:17,2017-07-12,0d062c3c954a9f461c2be3e19cb99ae2,2017-06-22
157b4fe03013e7a9db562091a12c2f8d,969d8a95fd033aa0d536264554d3a31b,delivered,2017-09-23 22:19:48,2017-09-23 22:30:09,2017-10-04 16:50:10,2017-10-14 13:24:34,2017-10-26,16d92ababe56c665936f0dab8da2fba8,2017-09-23
4bb429b2f70ff5c85e7fdcecb5efa852,52bfa05d8b00de2d68a7039015f6577a,delivered,2017-12-26 23:32:04,2017-12-26 23:39:31,2018-01-02 18:14:03,2018-01-11 20:09:03,2018-01-24,70f0622ab3555dc6e637a48684e331e3,2017-12-26
58e507b7d867429e6bd5116ea280588d,0f2b84248204870aa5a64e07b578ced7,delivered,2017-05-07 12:47:29,2017-05-07 13:10:26,2017-05-12 06:41:52,2017-06-05 14:08:08,2017-06-08,ba0702c64162e93452439fa6c4409896,2017-05-07
6b67ec6cfd19c0a30f91afb6bd431e8f,c2b0ea6dfda294a608886e885972199a,delivered,2018-02-20 10:45:27,2018-02-20 10:55:35,2018-02-21 21:52:42,2018-03-05 15:22:01,2018-03-15,a7a72b5517a675e63ddb9f0f58c4fd33,2018-02-20
effbc2be1e2eda5f0250adc2f307f346,be82df97dfd71eba6ea5ffd99caed7ea,delivered,2018-07-18 14:09:17,2018-07-18 14:22:22,2018-07-20 15:11:00,2018-07-25 14:42:04,2018-08-10,bd74ee61fcfe98864c2d73ce89cbfce1,2018-07-18
6da61def5ee2d55fc6b9dfbc43efca0b,006fffc5b0accd275de3e3a4b6d0832d,delivered,2018-03-14 13:28:44,2018-03-15 03:15:36,2018-03-16 23:04:27,2018-04-12 12:51:16,2018-04-13,19cb50ca8ff9afe19ce39c5d9562f3bd,2018-03-14
0571cdb407bf04b419c94ffd7acbd874,2ec7666d1077597d4e4ff2116a319530,delivered,2017-01-19 21:24:05,2017-01-21 03:05:52,2017-01-23 11:41:56,2017-01-30 13:24:45,2017-03-03,f171039a67a78b3d57475168802da70a,2017-01-19
a3bf941183211246f0d42ad757cba127,3718e1873d5dc3e8d96c0ab783278b02,delivered,2017-07-24 22:16:25,2017-07-25 22:25:11,2017-07-26 14:57:42,2017-07-28 19:06:46,2017-08-04,1bcb517dc3cc80868d2fa941174f386c,2017-07-24
3b3c727f2f017c3efa05f74a729727d0,5419456ce86985adf34fb7fbb0d22daf,delivered,2018-03-16 09:46:00,2018-03-16 10:24:37,2018-03-16 20:21:54,2018-04-05 17:02:55,2018-04-05,4b2a90f97fb6d4022044367a62d2aa0f,2018-03-16
7cb76df433b42580f7512fde60984ba5,1d510e457bb6e83400a904c93a6974af,delivered,2018-02-02 10:06:20,2018-02-02 11:12:35,2018-02-05 15:53:08,2018-02-09 01:11:52,2018-02-26,57c3cb7f6511f6f53b8f4180531406ca,2018-02-02
63098185d431678eef6d6651e235a1f4,3abc6ea6997457982d7a6f025c4e0786,delivered,2018-05-15 10:46:21,2018-05-15 11:31:37,2018-05-15 14:42:00,2018-06-04 17:03:57,2018-06-11,1b0cc6f6f8dce1fb360b7eefc1a1b8ba,2018-05-15
9aec77497620910d9b081312430ebd93,735407923bd7e1c88fd2994ae3a5d83b,delivered,2018-04-21 01:04:55,2018-04-24 18:08:01,2018-04-24 00:38:43,2018-04-25 17:48:46,2018-05-04,457c16a2301237e613a1299777585d80,2018-04-21
0cedb7b34000334cf6a9e407fcaa5203,b9a96d45b2fc1fb779cd86dba54a3110,delivered,2018-07-11 13:32:41,2018-07-11 13:46:31,2018-07-12 12:44:00,2018-07-25 00:10:54,2018-07-31,8d06f1dd7e1ca6a1837e24c304b2726d,2018-07-11
b138a736fdb315dc4dc8e277caa8ebcb,44b1b38478ff0cfb5e9e4b6254aac453,delivered,2018-06-13 21:17:39,2018-06-13 21:38:23,2018-06-15 13:35:00,2018-06-21 21:12:34,2018-07-12,67290cb3c52701d36b0864decde52e26,2018-06-13
538917e9e6d39e4e2f6d7480f7c2479e,ed9a9009b3f1634f5aba2e8eaee8e494,delivered,2017-02-04 23:28:25,2017-02-04 23:42:00,2017-02-06 15:08:49,2017-03-01 08:37:44,2017-03-15,66b4a441fa95efb527240f103e4182d4,2017-02-04
35c369ca367805c6b6c59ce554768eef,10ce609a34904ea87a4254e96b05dcf8,delivered,2017-10-24 21:38:09,2017-10-24 21:49:24,2017-10-26 19:48:07,2017-10-28 11:50:06,2017-11-08,a661d43970d1e807044cd5a3b43bd7db,2017-10-24
86cab3cb87a61fcf116c34a9231b1828,1a43cf85a4f3490e013bdc880c40ccec,delivered,2018-04-02 11:15:28,2018-04-03 05:10:33,2018-04-04 19:06:47,2018-04-13 21:36:45,2018-05-04,a878bffe9626b823794c9c2176a125d4,2018-04-02
f197897366a10204e289606b4838ea3c,b7aeb0ea3110edb266582312f6a00ce0,delivered,2018-02-14 17:51:38,2018-02-14 18:08:21,2018-02-15 13:28:28,2018-02-20 14:51:53,2018-03-07,b82e23980963f0c3789109af94e6112f,2018-02-14
e16efc3cc50ac44b70f993463b609174,058b8118018cd37ff01ae5339a76c980,delivered,2017-07-16 13:16:45,2017-07-16 13:30:10,2017-07-20 17:42:19,2017-07-27 20:27:34,2017-08-04,989f190ff791de092cea2eab70bdd2af,2017-07-16
a30016fdd70010d634bdbbe5aa016c18,931b19eb7671ec561f735b242b76da72,delivered,2018-05-07 21:34:52,2018-05-07 21:54:25,2018-05-08 12:08:00,2018-05-16 01:04:02,2018-05-24,3cd8a4523dd9a286b3d3d6ab7d7f6f16,2018-05-07
75306e9e0b8f64c5bd70c0d24f87a759,c9280eef806b9c59397a4b993c1282c4,delivered,2017-09-26 18:04:37,2017-09-26 18:26:06,2017-09-28 13:38:03,2017-10-06 19:18:05,2017-10-25,317316ce918b51c2d4e1e7f9af54c434,2017-09-26
0ac372f92fbec55ca27ef4fa99a6a13a,96d3328d8b8625bc4d656279e1515bee,delivered,2018-01-11 14:01:09,2018-01-11 14:12:26,2018-01-13 02:51:29,2018-01-24 16:39:08,2018-02-09,e5f4c50b9b79024bcf048ad25fa518b6,2018-01-11
431deec11a68067a1366683c3614d364,6169e1f688411d49915cddaf1f5c677f,delivered,2017-09-28 22:39:37,2017-09-30 02:14:20,2017-10-24 19:45:48,2017-10-30 21:34:17,2017-10-24,da47eee6ab68b4f7bbc41cab7d98459a,2017-09-28
4516c79ac42f6a567bf4d1209eba2b33,21e012f48ffe88ed1ff3c7584b1f0040,delivered,2018-04-29 18:43:21,2018-04-29 19:10:12,2018-04-30 13:42:00,2018-05-05 13:47:36,2018-05-17,fc650ca5de348cb36d79931dc40cfff1,2018-04-29
f222c56f035b47dfa1e069a88235d730,b74ca180d63f9ae0443e4e13a2f5bdaf,delivered,2018-01-30 09:43:45,2018-02-04 23:31:47,2018-01-31 19:48:44,2018-02-01 20:10:38,2018-02-15,398957fce766920db4c4b206d7c9aa85,2018-01-30
23427a6bd9f8fd1b51f1b1e5cc186ab8,a8fabc805e9a10a3c93ae5bff642b86b,delivered,2018-05-21 22:44:31,2018-05-22 01:53:35,2018-05-22 14:18:00,2018-05-23 15:33:09,2018-05-29,8d50f5eadf50201ccdcedfb9e2ac8455,2018-05-21
2033a4586b5bec3229ebc1675a8ae092,0efc1f5e8675901683fae0ea8fdf3feb,delivered,2018-06-12 10:10:25,2018-06-12 10:39:59,2018-06-12 10:09:00,2018-06-19 14:08:27,2018-07-19,23d4f3fb1c76162bd81ed379927ffae2,2018-06-12
1ff18ac87c2bd43b4a902ef5736193ae,f1c76162ea81ad7889daffd690950c5b,delivered,2018-06-14 11:49:17,2018-06-14 12:19:40,2018-06-15 18:52:00,2018-06-16 13:38:31,2018-06-29,b12395811e01d94e02384d7e2c86cd7e,2018-06-14
1d1c9ba4b3111c36066400813fd93e65,a3ddcbd81efac5f01565774a84581689,delivered,2018-05-13 12:10:48,2018-05-13 12:32:39,2018-05-16 14:05:00,2018-05-21 19:12:19,2018-05-29,d318d1e80634c32132b65b347403c7ce,2018-05-13
4d0d3e6d52ebda96d3ff80f913a49cee,091be8027f7e81f7982d213f813063e5,delivered,2017-12-12 12:25:26,2017-12-12 12:36:24,2017-12-13 21:43:23,2017-12-15 18:52:22,2017-12-29,59fb2024ddd74c34d16e3d51ed2960a1,2017-12-12
678b28f078641e74d50be86b4ecaec7e,58d1b021c741cc8728280bbe6d0b3da8,delivered,2017-01-26 18:19:42,2017-01-26 18:30:42,2017-01-27 10:12:50,2017-01-31 18:43:58,2017-02-24,35cd47c762d9677a58dbe27d5e6c5630,2017-01-26
ce6923830776a5f0d2ffd91a11dd6204,1ad157f908eda2d776e2739a9505495e,delivered,2017-09-10 18:26:59,2017-09-10 18:43:21,2017-09-14 19:33:06,2017-09-15 22:39:27,2017-09-21,d6f8a6ee5420cf061e6cf39bcb37c994,2017-09-10
f8c9df743a18aeeedd550486dbe39689,ff4512b27e3f8d9774f6e01ceb951035,delivered,2018-06-07 17:52:27,2018-06-07 18:17:22,2018-06-08 09:58:00,2018-06-19 15:58:51,2018-07-11,f145d50379275ab9931636f83b0102eb,2018-06-07
7942099e2f484fd9f80b3bf901b706ea,dff35e4b5a960daa3287033b77b1c965,delivered,2018-04-26 15:16:34,2018-04-27 03:51:01,2018-04-27 13:40:00,2018-05-08 20:26:25,2018-05-23,d38394128f8cd8161dd2227b9f3c58ed,2018-04-26
2e571b4487c7119502acdb48043efcee,2f1d78af6de0800385a0cc5cf4b7a794,delivered,2017-12-03 15:57:22,2017-12-05 04:12:10,2017-12-06 18:58:57,2017-12-15 22:47:41,2017-12-27,6d107617e509701446292309521f1c22,2017-12-03
c47acf407eb57ab063c79f3f1c8f7018,bea09f07c235c12f4d5fd154651c0f5f,delivered,2018-02-12 20:41:50,2018-02-15 03:47:16,2018-02-16 03:33:42,2018-02-19 11:16:56,2018-02-23,793cd0b1c9da05e084cd9e3bb474de83,2018-02-12
a238c4b12e353d643594bb92d9385e1a,a71f65149295549d85fe86597d5bf59c,delivered,2018-06-22 16:07:51,2018-06-23 02:20:05,2018-06-25 19:02:00,2018-06-28 16:32:42,2018-07-18,4aedd3b77829688ccf04a794212d375c,2018-06-22
5965bbd72c3ca0d9634419437ca53897,3dd8536c33d454b9a9d05ba357eeaaa9,unavailable,2017-01-30 10:29:25,2017-01-30 11:31:31,,,2017-03-08,b9efc86b7c6269eaeba5bdbdd5127e1b,2017-01-30
79bddd312603ec0241e3d42556c6bba4,dc5cacb3e5b312dbde82dae449a8eb6e,delivered,2018-03-04 15:30:14,2018-03-04 15:48:18,2018-03-06 00:19:09,2018-03-19 22:32:08,2018-04-02,5c41a21d4f964c189c2ad704dd18d11f,2018-03-04
1b00a2b976ff528b7ab895ea9ed58ab7,3172fe335c9b335ce749eda3b7c73bd3,delivered,2017-06-25 17:27:43,2017-06-25 17:35:17,2017-06-26 17:26:36,2017-07-06 18:07:35,2017-07-18,9e89d2232df792cde636a47212a9f2bb,2017-06-25
ffa466d3e55f98477b7e0da764df3c6c,84b9f36a23bcee1236bc7f13afab749d,delivered,2018-05-11 08:05:57,2018-05-11 08:30:44,2018-05-14 13:28:00,2018-05-18 17:44:26,2018-06-07,df19c809342ecae8391e68dccf16fc8f,2018-05-11
5384eba8f22866695801e33c6dc25745,afb5732a3293a4a7b3083314a9d1ac5b,delivered,2017-03-03 15:38:39,2017-03-03 15:50:22,2017-03-14 10:27:53,2017-03-28 17:24:41,2017-04-03,24a67fa6d05d41fd74f03de873fc3ce1,2017-03-03
6810999b773bffdb94e8d02004603720,6f2a9c58f3b6c3f558f59cefc2db5eb1,delivered,2017-10-27 21:30:42,2017-10-27 21:46:13,2017-11-01 15:34:38,2017-11-08 10:32:01,2017-11-16,b307d4a1272c57f08f47bf4b7638b049,2017-10-27
8cc012923b38d546150622ee192f83e8,64297b84f640852cf295e3ab6412684d,delivered,2017-02-13 00:18:48,2017-02-13 00:32:03,2017-02-13 13:10:46,2017-02-22 13:57:37,2017-03-24,31ec7f874ddf3354271c86d59e90b801,2017-02-13
15341b05d64b1a27163a196767a80afe,e90517fa5530cf8a1818e915c53d6659,delivered,2018-03-24 11:41:24,2018-03-25 11:47:39,2018-03-27 15:50:27,2018-04-11 21:48:51,2018-04-27,93a6881526f5213eacfe7e057fcb38a0,2018-03-24
07182ece031138fc6c7f81b60b1eb329,704230ce6edfc1682d86cddb7f8216ae,delivered,2018-04-16 01:48:45,2018-04-16 02:12:06,2018-04-17 15:38:46,2018-04-23 22:46:46,2018-05-07,eba95c4194cfabd51ed78f00dad89815,2018-04-16
dd1170f24eb54d1e79df08ccbb49a377,2f34631e6bf18b22701d79a367cb23fa,delivered,2018-05-18 12:11:33,2018-05-19 03:13:01,2018-05-29 07:13:00,2018-06-05 20:09:50,2018-06-12,3ca06f660aba198ce035bbc3f525eeab,2018-05-18
2c28c8ed0ab7031e787379318449b44c,a6cbe0fbcebbed679ae926f1a8ddf66a,delivered,2018-03-20 11:29:16,2018-03-21 02:48:19,2018-03-26 13:34:14,2018-04-11 15:58:55,2018-04-17,e8fb80236bb14f2caec27c7a7f493359,2018-03-20
90d56ed46d2ebca29d7bf65e65b906e0,a3a7a7e9325f146eaeea7cafbb1b5345,delivered,2018-06-25 10:04:01,2018-06-26 04:35:22,2018-06-26 14:34:00,2018-07-03 18:03:38,2018-07-17,1c5d44eafa7759924213b552d9c44443,2018-06-25
03310aa823a66056268a3bab36e827fb,25dbbf0c477fd4ae0880aaffbb12e8b3,canceled,2018-08-07 16:33:59,,,,2018-09-04,46450c74a0d8c5ca9395da1daac6c120,2018-08-07
ee40c6051d9d3a4c45904eaa1e5fe733,36f021ed4f2ae331ca32785f4fa574fb,delivered,2017-07-18 18:19:55,2017-07-20 02:25:53,2017-07-20 17:43:42,2017-07-26 01:46:29,2017-08-11,1d6d7421fac2e0cc34a9636a58c38283,2017-07-18
9c8ee769e2dd71e30f9db37f2c2606de,ee4a9de0355bb9df99b44cdc7d95e47e,delivered,2018-04-08 23:24:43,2018-04-08 23:35:22,2018-04-10 00:02:26,2018-04-12 19:05:15,2018-05-03,f5472555b3e63eedcccf98ed40571431,2018-04-08
03054d8a8eefc2981cfad06f58e27979,9bd2f246e81c19f65c539ce426288ef5,delivered,2017-10-02 10:25:22,2017-10-03 10:35:11,2017-10-09 17:57:50,2017-10-19 21:03:49,2017-10-25,d46eb9ba6d6b75c1dac85b91911fc9c2,2017-10-02
3edc1d26d1bd92c3c56e12bf85979f87,4865bc634919f9ff8358eb16eadba34c,delivered,2018-05-31 18:28:14,2018-05-31 18:52:28,2018-06-01 08:44:00,2018-06-12 21:51:56,2018-06-28,d215654948fc3ce8f8010cc12a8c843e,2018-05-31
0d91fd5b8475f8f0576a6e8f90c6497d,9f34131462cd5edccdc9d4db9f7d2bbc,delivered,2018-05-10 14:49:26,2018-05-11 14:58:09,2018-05-15 07:43:00,2018-05-21 10:48:39,2018-05-29,a7acd7f8aefc1d48f618e3f15c5e327b,2018-05-10
b8d83281a0c89e3157c9cd7c37ff7273,c5a0c4686d4c21f566230d515702d69f,delivered,2017-08-25 11:28:46,2017-08-26 11:35:18,2017-08-28 18:24:43,2017-10-06 18:14:13,2017-09-22,8603ccc4afbcfab372c4b04d061502f7,2017-08-25
43b2cd469a6cee268b9be121cbaf17ba,37162cac049e2c9a4f0eb40c81c3cff6,delivered,2018-08-11 22:10:44,2018-08-11 22:25:16,2018-08-13 16:17:00,2018-08-21 14:38:53,2018-09-27,325149f3fd67b6e44a634ca8524e75f6,2018-08-11
ce9fc4b5d521bad32b0c3893b9b3788f,47166f88862447ea5f8e078b2aaefb46,delivered,2017-11-15 16:18:30,2017-11-17 03:35:48,2017-11-29 00:16:36,2017-12-14 18:37:40,2017-12-06,5d0f9e059b388d11c92560a0031b97d2,2017-11-15
068027bd6fbd44e949cfb70acad89b55,8e20f087ea52d83311b8a9df03ab67f2,delivered,2017-08-14 13:26:46,2017-08-14 13:50:19,2017-08-14 20:25:50,2017-08-15 18:25:55,2017-08-25,c70f7100f8daa28992b8c2816d68ef98,2017-08-14
9ca192d3fd38d4aff0c137f84cf7e121,10b0bfb19ed6f0aa3d895cc1db350e3a,delivered,2018-08-13 10:46:55,2018-08-13 10:55:20,2018-08-14 13:21:00,2018-08-18 14:24:53,2018-08-23,4fabe276b1e63a047b87cf7d79af884e,2018-08-13
cf3a9fb2f3b7b0d71c3a8e59c01ad281,f1cc6f2b2d1fe79fc891d57a5b05e44a,delivered,2017-11-08 16:46:11,2017-11-08 17:30:49,2017-11-09 15:41:13,2017-11-23 20:11:34,2017-12-01,48f8c279f6e0dd1931c8cb6d572cc99b,2017-11-08
7ec6638456231f1eec19f7de8723f269,c4ac275898e0ba063e3b67f168ed2d80,delivered,2017-11-30 20:37:10,2017-12-01 10:30:57,2017-12-01 22:22:21,2017-12-11 23:22:52,2017-12-26,1eae1cce4c03f0915482bc43c7427c75,2017-11-30
6244be66e1870c2392135aa8e2f61aee,b3c27d38792407989077a9a53d28b2f0,delivered,2018-04-26 13:31:13,2018-04-26 13:51:13,2018-04-26 14:16:00,2018-05-02 23:32:18,2018-05-16,51bb00d04d164d61ffd05a7284d5a44e,2018-04-26
150b0776d65cc88c98cb4d10d0bc27b3,95a001f306dfba60026ad846f37ab045,delivered,2017-07-23 19:02:52,2017-07-23 19:27:24,2017-07-26 15:22:21,2017-08-01 18:07:50,2017-08-11,fdc6af1584f0d901b388b9034a9f6b2a,2017-07-23
99bfe67168d67b56c87d3c3ab8b4f568,b05cde1812838d146a1976e80ede260b,delivered,2018-06-07 18:26:24,2018-06-07 18:55:26,2018-06-08 12:21:00,2018-06-18 16:21:52,2018-06-26,0fafcdf86099987d7b3e0ebac9e8af2d,2018-06-07
ece1fa4a929c6a0e8b6678e10b2ac642,a4c800a16c71d3bb4b77665ba11d8525,delivered,2017-11-26 17:44:33,2017-11-26 18:30:56,2017-11-28 21:22:11,2017-12-07 15:07:05,2017-12-20,c9a05ad9be22fbaecdc1db80fb90690f,2017-11-26
0452092bf08cf43ddab32ebec9e75d2d,bc2723356fa3f373b455c0a3112dc495,delivered,2017-02-21 10:53:34,2017-02-22 03:15:16,2017-02-22 09:34:31,2017-03-16 10:41:44,2017-03-30,4af923ab1facb0d2b0511746cffa138d,2017-02-21
dde44f7e3e37e8a34b9cdffc9bc652e5,cbc4da078da70f553783f3f901a8c858,delivered,2017-12-19 17:46:05,2017-12-20 06:55:20,2017-12-20 21:48:37,2018-01-17 00:03:06,2018-01-23,df79907f687316b15aa0ab43ff4685b0,2017-12-19
4c9de71242c212430ae070b7d2f837e7,c3fdff407ffd0912869ee10b353ce874,delivered,2018-08-13 15:55:29,2018-08-13 16:10:08,2018-08-16 13:37:00,2018-08-24 17:37:49,2018-09-03,a917c56ddf872625b041ef6521cd06a9,2018-08-13
275a9c9ccc183a48eac733ea33bb8cc5,b983b6c8c77dac754125a7e55555c05a,delivered,2017-12-03 18:58:14,2017-12-03 19:11:36,2017-12-04 21:22:18,2017-12-05 19:52:28,2017-12-20,ceea9a728afd9cf6ba6a14fb6c4e828a,2017-12-03
f05aaa145a323239764fc5948997db58,d3c72ba3f7ef0adcb612dab05a515871,delivered,2018-04-23 10:21:48,2018-04-24 18:16:06,2018-04-30 12:45:00,2018-05-02 12:22:04,2018-05-08,036fad4da661be7be3ad588329aefc1b,2018-04-23
3324048ac2f2df01f583f71758589776,358be33e0da76b214b9504d0ca78c556,delivered,2017-07-23 21:24:59,2017-07-25 03:30:18,2017-08-09 18:18:28,2017-08-09 18:18:28,2017-08-15,4985c56eccae71866a8582e6d624c8f8,2017-07-23
22f1399a4c5b23e40453c44942c04100,da27f48eeb029c62720ef773ab95806c,delivered,2017-08-10 19:25:35,2017-08-10 19:43:53,2017-08-16 19:32:42,2017-08-22 17:56:36,2017-08-30,6903f2c210906ee7731be7bc8360a036,2017-08-10
09ff646bb8e18894b907e5b76f5fca59,08ba3f633e08284c827e14b9700d8949,delivered,2017-09-09 03:20:20,2017-09-09 03:36:47,2017-09-12 12:38:51,2017-09-20 19:14:04,2017-09-27,be33152ae3eb53008fdba8c5efa40ab7,2017-09-09
682e90d16332af76ecbdaee2e0c74bf6,e335e7e1fffa9b705d3453abb49890a7,delivered,2017-02-05 17:07:34,2017-02-07 03:55:17,2017-02-07 09:40:37,2017-03-03 11:09:41,2017-03-15,8d11f32a56d967b7e09d3a5ed6cf9991,2017-02-05
171fac25aa2fde5b05b3109d582d04bb,1c3c07a5e0ae1596ef662a0d60f362fd,delivered,2017-08-04 17:15:21,2017-08-04 17:30:16,2017-08-07 17:24:17,2017-08-16 18:04:58,2017-09-01,1cf96944b82b35e8e5e620208a66afa7,2017-08-04
f84f158d834dafae73fa8da8b11bea6d,de092fae7682337beee732fe96841556,delivered,2017-08-10 11:58:33,2017-08-11 15:50:23,2017-09-06 13:58:09,2017-09-18 18:23:45,2017-09-06,adb4178cb86ee499a8aeae1f099a6bef,2017-08-10
fa2327f446a561a540a3fe3069f99046,d7492c2b1d4bcba6c2c8cfd6a25ef8c2,delivered,2018-06-04 10:58:33,2018-06-04 11:11:58,2018-06-06 13:53:00,2018-06-14 12:32:07,2018-07-16,d681f09d6d055742a26128c292625e00,2018-06-04
0904fb2c91a18099a0b7315f1ac9501b,d3d5a2955341122b1b68164dcbbc948e,delivered,2018-02-13 20:10:23,2018-02-15 04:27:02,2018-02-15 22:08:06,2018-03-17 02:13:03,2018-03-12,925d26d2589c983d6e2c33ca7da030d0,2018-02-13
8facdb9134d16bc7c0e49628ad6c58ac,4607f26eeadd0411d23ce49fa7f6c745,delivered,2017-12-11 20:47:16,2017-12-11 20:54:46,2017-12-13 01:33:10,2017-12-20 21:04:24,2018-01-29,a9e4348b76f85861ada324e72dc92aca,2017-12-11
581ef4e5af5c7bbdcd26579839290635,60a9c78e3568017be691575628c8c141,delivered,2017-11-18 15:48:48,2017-11-18 16:06:19,2017-11-22 21:37:38,2017-12-08 18:49:10,2017-12-13,df1f63ae64a8a2cb1453e9149769adf1,2017-11-18
b012c1697921f54e80780e034a93c871,bd08dfed0cf17e30968943b497ef14ec,delivered,2018-01-21 11:13:57,2018-01-22 13:47:19,2018-01-23 21:13:24,2018-02-03 13:12:35,2018-02-14,44f4b8254709fb130159912889ae1ba4,2018-01-21
697a3f72fadd1e5af4740ab0fccd99ed,b379e9e939cff8a03a9ce96cff2a59a6,delivered,2017-10-06 17:19:51,2017-10-06 17:28:20,2017-10-10 13:27:21,2017-10-16 21:47:36,2017-10-31,b67c3d81da9b446043478d367b95634f,2017-10-06
7b50d6c8484155685a9780c8a85a48fc,43e0730019df444079135bad56922da3,delivered,2017-05-18 09:48:49,2017-05-18 10:22:26,2017-05-19 09:13:40,2017-05-22 23:04:19,2017-05-31,be655f9f2e6980b38b839352c2865b39,2017-05-18
107478e48c13dc0b39a379510464cd9d,8f28e2e21bc3d726c1bb67a90c49b0de,delivered,2018-04-26 08:42:36,2018-04-26 08:55:37,2018-04-27 12:46:00,2018-05-02 20:16:38,2018-05-18,99d088ea6bb01bd16675ea4fab8a753a,2018-04-26
f825ff64b7a15cd4f3483fb00b6ad59c,1e1f25dd8d5d50c2c438163bfd204126,delivered,2017-09-30 23:59:15,2017-10-03 04:28:28,2017-10-04 13:17:45,2017-10-13 16:48:16,2017-10-26,c0d1c485cc68748f953bedc0b453a5d4,2017-09-30
60b47c43df5722f9923b79a22c8e671d,f504b57716599db532487c2ec5654b5d,delivered,2018-01-17 06:17:02,2018-01-17 06:27:19,2018-01-25 22:42:59,2018-01-29 23:54:50,2018-02-07,85844faa46c21288b566e98c30d4cd6b,2018-01-17
562f68d5a8c2d3be1d1b87f06c7b87c0,ac546480af29373387a27e4e6313665e,delivered,2018-01-31 10:24:01,2018-01-31 13:44:45,2018-02-01 16:09:20,2018-02-09 17:51:53,2018-02-16,a955261f6d0390e5b5a6d0b2698d0918,2018-01-31
c259fd488a73ebbd67d79df856d4befc,6ab85b3fac14f117ea275b5a35503073,delivered,2017-12-02 13:53:36,2017-12-02 14:17:06,2017-12-07 22:28:55,2017-12-13 23:23:11,2017-12-28,4eaa7b320f62557958f289a09f1cf919,2017-12-02
c5816c6d12ac8e0bebace202a2774edf,c50b76da2bbd240a8508f5802745476d,delivered,2017-10-28 15:55:01,2017-10-30 10:15:26,2017-11-01 13:06:51,2017-11-14 16:47:16,2017-11-17,1ea68e64acf2c139dfb05f7f10783ca0,2017-10-28
00ab1aba567dfebdc39caa4e7ca2f1b2,f2a48c51664d5ca2d7401f95994bb8a9,delivered,2017-09-01 14:01:04,2017-09-01 14:15:16,2017-09-05 21:11:01,2017-09-12 14:07:44,2017-10-03,8f060d52f9c6e9244dc0cba5951bb6ff,2017-09-01
3eecd0cb5bdd21bfa681cf52426d0cb7,10c0f0e11059fe82315114cb4f93ade6,delivered,2018-03-18 16:30:18,2018-03-18 16:40:38,2018-03-20 17:28:27,2018-03-21 18:16:34,2018-03-29,48bbd473ddd17309b40a941962591360,2018-03-18
fc4d2d157d4a89bc10a21af181e2a5a2,fa71143c40df6a419c2656d2a05dd6b5,delivered,2018-05-06 11:54:25,2018-05-06 12:13:16,2018-05-10 09:55:00,2018-05-14 17:26:29,2018-05-24,83a5ba30a932fa199f0bb83557d3c1c4,2018-05-06
f42afa7297d7d5f4c540fd31c4196821,bf56aa6eb743bb7c169701ad0ee1bbc8,delivered,2018-02-16 13:34:34,2018-02-16 13:46:48,2018-02-17 14:56:52,2018-03-07 18:13:18,2018-03-14,54e585d73c89a6aff19a1557eb5e9d16,2018-02-16
ddfb686b5b2ac3fbece69e652701a876,7082b385393bd99f9c75789376a81588,delivered,2018-01-04 10:03:16,2018-01-06 02:08:42,2018-01-10 16:31:40,2018-01-19 18:12:38,2018-01-31,8d813623d087eb606d41369887bfe0d3,2018-01-04
973daf958def9b35a204cab8092279bb,d6157dcf371c042e4a4d08bdd75e4c40,delivered,2018-03-25 19:12:53,2018-03-25 20:35:27,2018-03-27 14:09:38,2018-03-28 15:39:12,2018-04-06,19fa462928b554091db0f210254ec2e1,2018-03-25
30f98311688b9a0cc176d88c32b308d3,72241f6ac253dedd45a67f539f113891,delivered,2018-03-19 23:32:03,2018-03-19 23:47:59,2018-03-20 19:48:22,2018-03-21 21:03:59,2018-04-11,e019a4aac43a090ae332d9459b272722,2018-03-19
0b9e3cb461332c63fffd742e522832a1,d214a4a86c30fcb8f92dac5260ece938,delivered,2017-10-29 18:18:53,2017-10-29 18:30:53,2017-11-06 21:53:44,2017-11-08 21:42:55,2017-11-21,41415f9d98446c12f76c9c4d5af62b03,2017-10-29
5875e5804ca85e3b4c8dda7a7dfce4cc,954cfe56edc8052d49bc5b4715efbdf3,delivered,2018-06-14 09:54:22,2018-06-14 10:20:11,2018-06-18 15:52:00,2018-06-29 17:34:55,2018-07-18,986d4433885f533fdcde85845bb9a39f,2018-06-14
500e36e71ec5080f1935acac38e0f8c1,326cd7173402f166f337b4abecbadba4,delivered,2018-06-11 17:46:23,2018-06-11 18:18:58,2018-06-15 12:49:00,2018-06-20 14:42:46,2018-07-05,added1a2b033889698075770b7514df7,2018-06-11
931873d5376eea7fc2c35b2d4724abb7,a9358e9cb07d34be0fed1cc93e7205b0,delivered,2018-06-28 20:25:25,2018-06-28 20:50:10,2018-06-29 08:36:00,2018-06-30 14:07:04,2018-07-18,9906d68107dde940843a1f3bbd3716ef,2018-06-28
2c36e21ba9c9ffb56e431113b7af7073,d10615d1c73d6b427e93a513eb24228b,delivered,2017-07-28 22:53:41,2017-07-28 23:10:17,2017-07-31 18:28:58,2017-08-08 19:44:32,2017-08-25,f84b6bbea318730a304d9bcafd99b9b1,2017-07-28
9cf7337281a128f4f29a2f476c733601,c606407eec8f9304dcd264811b9f0523,delivered,2017-12-13 21:00:47,2017-12-13 21:41:08,2017-12-18 21:04:04,2018-01-15 22:33:16,2018-01-17,9873d2120338fb542090bc123fe5c47f,2017-12-13
92ea4e83a1cbd42cfc62e113b8a00797,5c9039026e45902bdd7d7491e04071c6,delivered,2018-07-17 13:22:47,2018-07-17 13:35:23,2018-07-18 15:21:00,2018-07-30 12:18:34,2018-08-06,d958c4aaa0b96792f3c6cdf041d5f71e,2018-07-17
b8f95bd45718008c382f10f416a3581d,a7f052daff637569a9a4dbf03164e14c,delivered,2018-01-15 10:33:44,2018-01-15 10:54:14,2018-01-17 17:30:38,2018-01-26 19:53:17,2018-02-19,665f8bbe2cf428657aeb0572c27fef58,2018-01-15
ca9012a0bc23f8c1b5be9b7e4af8fa5e,13a570ece49733c3201ddb6d816bdea1,delivered,2018-07-01 14:19:56,2018-07-01 14:35:09,2018-07-02 13:40:00,2018-07-04 21:32:50,2018-07-27,0c57b6540cb8ed939596e4f199d637fe,2018-07-01
f16d36e918e76d6b9afabb3d8189f313,f066a97261ba582454937cdc723591a4,delivered,2017-07-12 21:08:11,2017-07-12 21:23:26,2017-07-13 20:27:52,2017-07-14 15:57:34,2017-08-01,f10bbd7b7956d31e6ae6473eb6fd852e,2017-07-12
5cccab268a47c0211857cb529104775c,9d1b349b9033719eeecbabb9dedb1b72,delivered,2018-01-17 10:53:02,2018-01-17 11:10:43,2018-01-19 18:03:36,2018-01-30 19:53:13,2018-02-07,e447b61eb2c970fdc89d681d79b01765,2018-01-17
d2dee958cbda7c87cbc097cf2f5f6c1e,1a949476f028910baab6a43ccb9f332a,delivered,2017-11-08 00:35:46,2017-11-09 01:31:04,2017-11-16 18:28:50,2017-12-12 17:22:30,2017-12-01,247e0dcd20596bee51bd2b07f633fa04,2017-11-08
4aa9da5533740e416c8a3ccb338e5c49,849b3f67eb957249945aea7088399319,delivered,2017-12-11 21:28:23,2017-12-11 21:36:33,2017-12-13 13:26:52,2018-01-03 18:52:34,2018-01-08,fb96080f9c84b3a7a70fb99ac286e235,2017-12-11
9f188fd1c4dddf39da5a0db98006c240,74a8a3b6fe196b1c69c14c15bd62eb2d,delivered,2018-02-01 23:20:38,2018-02-02 23:10:50,2018-02-06 14:54:43,2018-02-23 22:49:23,2018-02-23,dfc569fe71e076ecc9a61b49756e6342,2018-02-01
2e21f1cfb4d53ac6710fdd9956f35f54,75c8bc2109f5fb856317aad61dca2dfe,delivered,2017-12-10 19:16:56,2017-12-12 03:51:25,2017-12-12 23:41:39,2018-01-05 22:11:22,2018-01-18,c589ce4c653991c65f29b41c74d50374,2017-12-10
e3905e23c30d39e4c239cce9f353a67b,6056f462f8fdadae813417c5067cbf85,delivered,2017-04-24 11:36:41,2017-04-26 09:36:22,2017-05-03 12:33:09,2017-05-08 13:29:50,2017-05-17,24a25a70ff5e786e87f60400f5d43ccd,2017-04-24
77d685df1d92550ffac03ccc56a692e0,895a17651506a4fb4102247a6bc6697d,delivered,2018-04-24 00:10:37,2018-04-24 17:43:45,2018-04-28 08:07:00,2018-05-03 21:37:39,2018-06-04,bfa705815b5e0cbf17b29d4bde5a3b72,2018-04-24
893898b048df9dfeafedf2c86eb5037c,477fdceea6e84f0e22f8db6ec404a3f0,delivered,2018-02-08 09:24:47,2018-02-08 09:35:30,2018-02-22 20:08:52,2018-03-14 00:49:45,2018-03-13,1d9131ab30ee96a923736b965c521a39,2018-02-08
9d35749dad6abb761c340266c0c206cb,a548ddc7529330027feda4cf87f9db30,delivered,2018-02-21 00:30:48,2018-02-22 02:30:44,2018-02-22 17:42:41,2018-03-09 16:17:36,2018-03-16,6a1b5e68e0f74bc265df1d9f30d0a7d2,2018-02-21
9e3645ad2be5ec175726706b2c3ac642,22b89dce93d025aaff2c256dc12a391f,delivered,2018-01-01 20:22:49,2018-01-01 20:32:35,2018-01-05 19:23:49,2018-01-12 22:48:57,2018-01-29,91a3e33161ed95452fcd6fbd08472c69,2018-01-01
260a8f34d9837b682c7a6c52cc8d9193,290af43fe651c812c1836a7075d395ae,delivered,2018-04-13 18:01:03,2018-04-14 02:31:41,2018-04-19 21:26:16,2018-05-10 22:12:51,2018-05-11,36f9e46454f8819f18b8cc1694c21a62,2018-04-13
61fcbde43b57103de5c19b26489b46f6,3bbe55ec205026d44f2a0ce1059f6e5a,delivered,2018-05-14 16:18:02,2018-05-14 16:36:56,2018-05-22 16:29:00,2018-06-23 14:28:34,2018-06-08,05cc11f944a9cc2f8dd41fae770c313d,2018-05-14
eb8d44030d2f4ebce460ebce652242e2,30e9e911324b756560b265fb5281cdf9,delivered,2018-03-02 19:39:10,2018-03-02 19:50:39,2018-03-05 22:28:29,2018-03-09 20:24:47,2018-03-14,c4636621c1d184e5aed1098bfccbb683,2018-03-02
597bd074d7874048131c67581f0556d4,02d12adf94e256f7ff0056d447557027,delivered,2017-01-31 11:54:14,2017-02-01 02:50:28,2017-02-01 08:19:55,2017-02-08 22:29:42,2017-03-09,2396ed0f849c195da124f55b4c17ee35,2017-01-31
c2dccf148a1561c27d90870e67e507ca,3b92ef3cb3cb54cc1e20bf7f23c6027c,delivered,2017-09-04 19:27:44,2017-09-04 19:35:14,2017-09-08 16:38:08,2017-09-19 18:08:26,2017-09-25,5d2da9cc2b6e9a3091833386fccad629,2017-09-04
f8d19a0283152c2a14277f39a74da971,efc66ff7da7b21de91828926c9a58fe1,delivered,2017-10-05 12:27:04,2017-10-05 12:49:21,2017-10-06 15:41:34,2017-10-13 16:38:06,2017-11-06,dd7be927ce65354ff18a65c37e39c55d,2017-10-05
e1860ce96baa10d7f08d86aaf5927459,f774bf697b9b702ff9169e23ffb8b3fe,delivered,2018-05-01 18:10:20,2018-05-02 18:32:52,2018-05-07 14:30:00,2018-05-11 16:52:14,2018-05-23,9aaa6812e0daefa1f7edd5f772297d2e,2018-05-01
509c69c52df2779cbec8cf7772c5bf00,ac84a80ddbee92d2aa6c2a8856e91084,delivered,2018-06-14 08:37:16,2018-06-14 08:58:43,2018-06-14 14:29:00,2018-07-03 16:28:56,2018-07-16,e6edb226c81532e64e91558ee64dcea7,2018-06-14
8176c11ca059602f1a7b1615f4cebbd6,706294ee2bf13bab8e5ed8ad240b0406,delivered,2017-05-17 22:58:25,2017-05-17 23:10:16,2017-05-18 16:28:07,2017-05-19 10:38:08,2017-05-31,75537a427ceae945e3a4bf1fcb81445e,2017-05-17
5361ae7742cca11bdce02eba111d345a,822d89ae169a34fc33eddc98e2e90e23,delivered,2017-03-22 08:40:31,2017-03-22 08:40:31,2017-03-24 16:03:39,2017-03-28 12:27:00,2017-04-10,343a7a9382091ae4d0b150c52c86aa19,2017-03-22
c0e11158f60abbb6f96d74228e67d44c,025c2b263a9a9247f855c0c777aabe33,delivered,2018-07-20 18:59:48,2018-07-21 18:55:21,2018-07-23 11:49:00,2018-07-31 23:32:18,2018-08-09,a59a677187d1abced1c2c926364c76c4,2018-07-20
8db5dc3121f330642473ed0e76209acb,c2ae100da1116b23a16e73c8decfd378,delivered,2018-04-18 21:54:26,2018-04-18 22:10:50,2018-04-19 17:14:22,2018-04-30 20:08:33,2018-05-17,11e81b9497f68f501ac372f3cc827bbb,2018-04-18
c6fdbf697f2f8af465a58ffaa4c3fa4e,1e3dbf396a2b6fdc1547c9efb69ce495,delivered,2017-09-28 21:07:47,2017-09-29 02:27:59,2017-09-29 14:57:30,2017-10-04 18:28:16,2017-10-20,6e620488162fe1129d32f26b751d770a,2017-09-28
db999a5bcd3e9db87cafe71501d3a653,0de46efc7d10114ac311e5e16d8dbdb7,delivered,2017-03-23 13:25:32,2017-03-23 13:25:32,2017-03-29 15:16:58,2017-04-10 18:24:13,2017-04-25,19799906f242be82caf8e374a7c4747d,2017-03-23
ff9475663788de57817b221392697cce,eddc0f5250ab8ed511268cae2caf9a0c,delivered,2018-04-19 19:26:39,2018-04-24 18:23:52,2018-04-23 18:26:48,2018-04-30 15:54:33,2018-05-14,a2ccc2257b3da3b2411007336ee17e09,2018-04-19
5aadbda0877e0d99ba07f785cd29c362,d703cdda08125e2b263b92746af0f23c,delivered,2018-06-24 18:02:34,2018-06-24 18:15:17,2018-07-04 15:19:00,2018-07-06 15:18:37,2018-07-23,4669d94e1e35f2493af76862ff85beba,2018-06-24
fd2501379f4567dee6308aa8484f1a5a,33951da0246c9ded2439c9d239b78c79,delivered,2017-03-31 05:28:57,2017-04-04 06:02:44,2017-04-04 12:15:39,2017-04-19 15:24:38,2017-05-08,71e06f5053f893d3417e747f534e14fe,2017-03-31
9948c44a7306b0739e5fdcee5966cc9d,01f841d4c59e8b7634174ef72a75f81a,delivered,2018-07-23 21:26:16,2018-07-24 10:31:14,2018-07-25 12:59:00,2018-07-26 16:12:11,2018-07-31,bdc98a892c4d5a526373afd38afa53ac,2018-07-23
1462290799412b71be32dd880eaf4e1b,220e4b027f0294fd79d2869ef67e7db6,delivered,2017-08-19 14:06:58,2017-08-22 04:10:55,2017-08-23 13:54:29,2017-08-29 19:35:06,2017-09-15,123ae28184c9e80638e71d40e37adc27,2017-08-19
31effa440b34ae0432d83ef645db463a,dcad1d81f5929fa310a1a36681535e4d,delivered,2018-05-07 15:15:10,2018-05-07 17:17:17,2018-05-09 13:28:00,2018-05-18 20:12:35,2018-06-04,e0c138a2613d7822d9ddeff3909a9c5c,2018-05-07
47399920ee7546351440204086acb793,9bba9922e5c4a943364dd5884bfba750,delivered,2017-02-23 23:40:35,2017-02-25 02:15:29,2017-03-02 09:34:42,2017-03-08 06:49:03,2017-03-20,dfe404bc538d4172a3c0291fca2e74ee,2017-02-23
104bc860b4c9a9d28566dfd1093997e0,4570a39e7f01b82615be718c2116ecb7,delivered,2018-06-16 13:54:36,2018-06-16 14:17:54,2018-06-18 14:09:00,2018-06-26 15:46:35,2018-07-18,ff96fbbcff0db5c4442796b8ab8b474d,2018-06-16
8551e4893fc1357dda960b1a7202b53d,44f8065dc27889dca23b34e78c5b6314,delivered,2018-06-07 06:54:17,2018-06-07 07:12:43,2018-06-08 14:45:00,2018-06-12 23:46:55,2018-07-04,0c83083c3578da76ef6fe35fbcab768b,2018-06-07
a9ed648a6ef557d5075c383b251b4997,1e863570fff8e93ee7db14d56d826a6d,delivered,2017-08-13 09:11:38,2017-08-13 09:25:11,2017-08-14 21:42:35,2017-08-26 13:14:36,2017-09-18,652da2f7c852a3269dc6d7262b0b8f4d,2017-08-13
12c086e6bfc59c3a3ec7e77d5d1a6b17,549b71495b4abb6a6db77aaa5564f593,delivered,2018-05-06 21:06:39,2018-05-08 19:34:47,2018-05-09 12:47:00,2018-05-10 11:35:56,2018-05-22,68bce5b75e8dd23c39daeffa0aa28732,2018-05-06
dc8db01e3bbdf8eae34d6509752ddc88,cddd30af33517a3fcc9bddb552c684b6,delivered,2017-10-24 13:52:21,2017-10-24 14:14:22,2017-10-25 18:15:10,2017-11-03 19:18:50,2017-11-14,b6bfa667d44891b1e24e5b79ae955480,2017-10-24
c2b819b02527dbe8dfe424c00d999e0c,148e9dce3968211ba80e8db0b5b5332e,delivered,2017-12-06 22:28:07,2017-12-06 22:39:32,2017-12-14 01:07:30,2017-12-20 15:22:34,2018-01-04,e224314f1f6f52e824d9584eed4f53f3,2017-12-06
9af31d2f7ebb4bcb16fafffa4236f888,e38595a899907bdc76cb2ef18e1f991f,delivered,2018-02-15 06:54:26,2018-02-15 07:06:46,2018-02-15 19:36:59,2018-03-06 19:13:17,2018-03-23,e3260fa8e032791819785af06bb26369,2018-02-15
1253425c1b76191a5ff742f11d80e1fa,25a742a013fa668dd2da9b49e7361a48,delivered,2017-07-14 21:38:58,2017-07-15 03:25:36,2017-07-17 19:22:07,2017-07-26 01:04:50,2017-08-15,d84eef527886bcba5d813645e08918d3,2017-07-14
f0dd29734578caa3db607e173070e2a9,0361232bf2b929e19323dfc2843ee554,delivered,2017-09-21 15:10:47,2017-09-21 15:25:36,2017-09-22 20:43:54,2017-09-27 20:43:47,2017-10-16,5f5c98eeb7493cc2ba1a27b73207ea6b,2017-09-21
3d242cd631044a419d68e504892eacda,0509cd76cbe3a75f898826c212bb3b83,delivered,2017-09-04 14:53:31,2017-09-04 15:10:18,2017-09-05 19:22:29,2017-09-11 14:22:37,2017-09-21,df92bfc8c606df2f1defedbd0b60a071,2017-09-04
a58784d285ddd015fd7bd46c9a067ce8,3fcc626dafbe7670a20531c1fa8eb3ef,delivered,2018-04-23 21:26:29,2018-04-24 18:23:39,2018-04-24 21:50:39,2018-04-27 14:22:22,2018-05-10,fbda6e2b752053c6f0cb2428c9c62e05,2018-04-23
4a0217620e6f7eeca8f035dbbd03a174,4ce93a796c27842ddee5e831d267d05c,delivered,2018-06-04 20:54:32,2018-06-04 21:12:50,2018-06-05 14:51:00,2018-06-12 21:22:44,2018-07-13,a68740c8c404205075f2e4c589b63d72,2018-06-04
c0ecfbe7eb9d8435e0e3ecd0cdb899ce,98adb1ace438c2553c8eda1d1dcf1c20,delivered,2018-08-12 07:40:00,2018-08-12 07:50:09,2018-08-15 13:09:00,2018-08-17 23:11:48,2018-08-27,329aad6fa941f787358a07e787be91e8,2018-08-12
b07abc8b9acaf00e79b4657419f469f3,15308b044c9608fc82e57f2e5d6878f6,unavailable,2017-03-09 17:45:04,2017-03-09 17:45:04,,,2017-03-28,fc44fbafeb777f4758880f91e2a33fe2,2017-03-09
bb3463b1de5e29d8d574a1e422777763,f9083a610cc0600871bc80e53dd586ee,delivered,2017-12-01 01:39:25,2017-12-01 10:31:06,2017-12-04 13:37:34,2017-12-09 19:44:54,2017-12-20,b45fea9f2c0bb83348c7fc3d17bf7639,2017-12-01
984d353f61e2dc775d7dd4b09882b481,84f6eec07282d6ddae9a4211812e596f,delivered,2018-03-26 23:50:49,2018-03-27 00:07:26,2018-04-02 20:49:07,2018-04-17 16:19:26,2018-04-17,3d850129935d047bc6fc1fed1022641a,2018-03-26
d2f67144a4e6d027140260ae9ed6b648,3114d3d76bf813b06638b17da57a21cd,delivered,2017-03-10 09:07:24,2017-03-10 09:07:24,2017-03-10 11:28:12,2017-03-27 13:48:09,2017-04-12,deb341a4b63b6c908a512849319cf207,2017-03-10
06bad3a130e91f7b26791dba22abc0f5,914f5d77198dea1b107e105471d3db24,delivered,2018-02-09 17:21:15,2018-02-09 17:35:31,2018-02-15 16:19:15,2018-03-26 17:49:03,2018-03-07,c07b5683ea7097bb37e20414d341cf05,2018-02-09
c70715c3111d10111116543cfc29f3ca,f9428c2e5615ac4466e687dc636c8d04,delivered,2017-07-17 20:50:44,2017-07-17 21:03:31,2017-07-19 11:46:45,2017-07-25 22:33:46,2017-08-14,ae806b7c5b3dc9376b49d71f26186f3c,2017-07-17
e88708b0f6c58eaba5b9b3f850f212cc,4931bab39028b872b4ab9a0c38e3d552,delivered,2017-02-05 15:48:26,2017-02-07 03:45:26,2017-02-08 05:15:50,2017-02-10 10:47:47,2017-03-01,705c9e29830d26e888d395a7f0d4ab87,2017-02-05
27a70a8fdf1c9edcfa01d463b45a5b03,a3e8795e27e7e50f56f6c7742551de28,delivered,2018-08-04 18:39:02,2018-08-04 18:50:15,2018-08-09 12:39:00,2018-08-24 17:03:18,2018-08-13,3bf9a44ef770ac450177ebc53c1445e0,2018-08-04
356ed2aedda45710304b7995223e54df,ec13c2458d3984f778c0d1e41179a7ce,delivered,2017-12-08 23:54:00,2017-12-09 00:11:42,2017-12-12 13:45:06,2017-12-26 20:50:00,2018-01-04,1d6469215cc70a0e1512aceb14022644,2017-12-08
3aafcd1ad1ad58bf5b66b06ed8935de9,a3ae3675493e050fd2e74539e9dbaf80,delivered,2018-01-17 17:50:10,2018-01-17 18:11:13,2018-01-19 12:42:02,2018-01-23 21:49:16,2018-02-07,5ab63a2b407c27ca68d825930de62ae4,2018-01-17
b5c4739ade7c4568c734267c7397d360,88e0d7f5c2f232a49aa5a8c09374e048,delivered,2018-04-15 17:38:04,2018-04-15 17:51:05,2018-04-16 18:26:49,2018-04-24 18:09:51,2018-05-08,20a7b23991a3e7add72499c3a00061d4,2018-04-15
a1d38c97444889282dcb16502b3a8686,9f60e945011f3dfd9ce6d82a939cf93f,delivered,2018-08-07 21:44:50,2018-08-07 21:55:22,2018-08-08 13:17:00,2018-08-13 18:16:31,2018-08-23,e90dc9258e140b61728e3745eacb26fe,2018-08-07
bb3728fa34a2d05bb2bd04df7dad8418,4603be100f0719884214e35033227fcf,delivered,2017-11-24 09:25:39,2017-11-25 06:15:52,2017-11-30 23:38:27,2017-12-28 18:48:00,2017-12-14,3a811ceb8ca7e789b007aa8177aacb3f,2017-11-24
5b6793d19c0a49b1815f5a74f8c5a370,28de5669c2b3bc8cc0d5951ef18b8385,delivered,2018-04-28 14:00:24,2018-05-01 05:32:31,2018-05-02 13:47:00,2018-05-08 20:38:59,2018-05-17,fc7ea5e792d5863d957ba2aa3661920f,2018-04-28
eb2bf5506d653259aa38a20ecbb4bf4f,cee9119007f070eb70825712d2259005,delivered,2017-11-24 13:16:28,2017-11-28 02:55:06,2017-11-30 20:21:55,2017-12-06 22:22:33,2017-12-14,f299134f7efff5b49cc413e408f1036c,2017-11-24
3b2ca3293a7ce539ea2379d704fa37ce,06a70917afd2dcd59396e1eac836c646,delivered,2016-10-05 12:44:09,2016-10-06 15:47:17,2016-11-17 11:54:02,2016-11-17 19:53:49,2016-11-25,451c36d15ca9729da50f130f5c0f1c59,2016-10-05
03b89e8b0ef3ba18cc903dbaa7aff107,5323a8b4980e72ece631b3f3e77642a5,delivered,2018-07-08 20:33:28,2018-07-08 20:45:12,2018-07-09 12:55:00,2018-07-12 19:08:45,2018-07-26,c11e03f932a26afd062d3916ae0c85fc,2018-07-08
df71ba0f02310921da0a5e4f708916a5,df4058431c8103750dddc04b0b6583f2,delivered,2018-07-28 21:37:46,2018-07-28 21:50:15,2018-07-30 12:46:00,2018-08-03 17:44:48,2018-08-07,26f17bce4c85dfa04d493059fe609cd5,2018-07-28
3fe4dbcdb046a475dbf25463c1ca78bd,e17387227a12c3cac59fc44523d162e5,delivered,2017-08-30 06:22:58,2017-08-30 07:00:08,2017-08-30 20:43:45,2017-09-06 18:42:36,2017-09-26,46958f708ade6b6a88b2e5aca1e66de5,2017-08-30
5c468b18e44fe58da9d5584b05fd988f,3491062b95387d22e7378f83a9866e69,delivered,2017-11-07 23:05:11,2017-11-09 05:31:33,2017-11-16 20:19:44,2017-11-28 20:43:14,2017-11-27,29d208881a7c8202ddd852afaefbb076,2017-11-07
4cff7f0b5c2c6d7be3f10d0d202cbc2f,1d485563edb59324c37c002a1f96ab32,delivered,2017-05-14 20:34:04,2017-05-14 20:45:09,2017-05-16 08:48:06,2017-05-26 16:08:40,2017-06-14,c60a3ddb000c06807f59d3d5cbbfb59f,2017-05-14
8b12160921c1b96dcba4c2ae7be45674,15320769a120466ae115811801292474,delivered,2018-03-19 23:38:24,2018-03-19 23:50:27,2018-03-24 00:24:37,2018-03-27 20:22:51,2018-03-29,740a097a2a05f072116ab70a9e8feca2,2018-03-19
2cee7217cf66ac4e8027f60d3b105524,f1ae790334c90d9bbec5fa1861e1f9d5,delivered,2017-04-02 16:09:55,2017-04-03 20:10:16,2017-04-05 13:47:48,2017-04-20 17:34:11,2017-05-09,bb8e3ce30f15dd4cc886c0a1952090ff,2017-04-02
256ccc96b2c931006d95ba7a05181037,2a381888bc87c4fde2eda8bedb291234,delivered,2018-01-15 19:26:18,2018-01-15 19:35:31,2018-01-18 01:33:23,2018-01-19 13:32:33,2018-02-08,0309db53bd596593382d0accd83d292e,2018-01-15
bd1e1a304d04fa76626646f8efa12f77,74425816e9f175cc2da8f4a69720291e,delivered,2018-06-05 21:12:32,2018-06-07 02:55:00,2018-06-08 15:13:00,2018-06-18 20:42:02,2018-07-18,334d0235ca6f2f09dd55804a26efe952,2018-06-05
beb6927ba358d62ba446c803a6a4d815,9f6184b685d245da0d6868637685223a,delivered,2018-04-24 22:16:57,2018-04-24 22:33:08,2018-04-30 06:22:00,2018-05-06 19:20:50,2018-06-07,e55ff332cb2752e2bf1be25cc725c801,2018-04-24
2301a0f5629f3d66f880849265f50515,13e330d6fa0e734ffda44f5b5610ed7c,delivered,2017-10-04 10:05:53,2017-10-04 10:14:25,2017-10-04 18:17:56,2017-10-10 18:55:35,2017-10-30,ccc1b0d223798bd711b0799cbac29d36,2017-10-04
987d15d9243956e5c58e1f2bfeeea98c,73d765b0b1b2c7649280b69676c337a8,delivered,2017-03-15 13:31:01,2017-03-15 13:31:01,2017-03-16 09:44:59,2017-03-24 10:23:53,2017-04-11,857104e1bfb81cb14e88ff07d1b22c70,2017-03-15
15f67529b3d91fd3da058270c9a68855,41b21c2d2376ad4c2b740df482f4b989,delivered,2017-08-19 21:29:49,2017-08-19 21:45:11,2017-08-22 23:00:01,2017-08-29 18:03:16,2017-09-13,39d16bf578308ba63a7e52b4e3dccd24,2017-08-19
ae61611405fa179462dd33ca793d75a3,21b45339b407d6a34ff0f3a8833afaf4,delivered,2018-01-17 23:48:52,2018-01-18 12:38:30,2018-01-23 23:18:59,2018-01-28 15:05:01,2018-02-01,a442ab74d50458525ff87fa21abd7624,2018-01-17
57694158da92a85b1fcd72de45542073,d9037ff057cfcc2f16b1abd6933dbba9,delivered,2018-02-02 22:49:58,2018-02-02 23:10:45,2018-02-05 21:38:56,2018-02-10 11:28:49,2018-03-01,b2c2a93dc3c3b2996fcb4baf73f09f61,2018-02-02
65e6b525bace662c8db890bd33df5299,41e255383c00b16885a8a46c2039f0dd,delivered,2017-10-03 22:07:48,2017-10-03 22:23:43,2017-10-06 21:11:05,2017-10-16 16:12:29,2017-11-14,8ddc88814f92ad699db061cc9eb59f0c,2017-10-03
00345f338696283410b7977d2e3efc89,3f9d223f86d2f243dd5a85fdc286c62a,delivered,2018-08-20 11:06:46,2018-08-20 15:12:10,2018-08-21 13:18:00,2018-08-30 21:13:48,2018-09-11,93b592cbb89abbda7dc554c39add344e,2018-08-20
7ca8750c7c9d32f8c383020f380ae5e2,a1e9ade865049680f6f78c178ed60d37,delivered,2018-05-15 17:01:28,2018-05-15 17:15:34,2018-05-16 12:12:00,2018-05-24 16:54:25,2018-05-30,13f53d7f6a18aadc554f13ca087e9669,2018-05-15
d51f97f3f8d01fd8500e1a113a7f13b6,40664536db090f451e6d4c8d5782cae6,delivered,2017-11-16 14:21:39,2017-11-16 14:35:26,2017-11-23 20:37:50,2017-11-26 14:58:17,2017-11-29,13734c565ae46c49db28f97997bbcb44,2017-11-16
f9ada76953fa490d8a254d2e28f353ac,eba8cd1e506b37f221a66abbcec58f80,delivered,2018-03-23 13:53:15,2018-03-23 14:15:23,2018-03-27 18:16:27,2018-05-07 20:48:54,2018-04-12,b5283f89d656dd98b1376dfb0926ae2a,2018-03-23
1844430a4130a112771839a244829457,94d33f0fa325a5e1a184a1806f98793e,delivered,2017-10-08 21:43:00,2017-10-08 21:56:20,2017-10-09 20:56:09,2017-10-25 14:48:03,2017-10-25,d681396d784770d6368f2431f65faafe,2017-10-08
4639a7b40270fb97291d74d41ba89a6d,0f6d889ccba941185d1d814aac0bff24,delivered,2017-11-22 14:58:31,2017-11-22 15:06:35,2017-11-24 22:21:19,2017-12-05 19:06:11,2017-12-08,c65f4f56ce72cf522b58b34511c96ad0,2017-11-22
66baffa0f3497a9c772b66a607bd8c11,3efb8f2e2198b482a4cb83987c2a0024,delivered,2018-02-11 19:51:24,2018-02-12 13:48:26,2018-02-15 00:05:34,2018-02-26 12:04:35,2018-03-14,8f06048163e14e8ed0613397b8f4b2e5,2018-02-11
4dba50963d750e691239a5fb64bed86f,142743852f5f463b124aef40d8131709,delivered,2018-05-08 12:49:26,2018-05-08 13:09:31,2018-05-09 06:50:00,2018-05-15 21:44:54,2018-05-24,900d83525fd22c97abcefbfd657d8c24,2018-05-08
abcb5732ae98a4a1c26bbab6f10d008a,1693c21263bef845b8651d7036f6bb49,delivered,2017-11-24 04:50:59,2017-11-25 05:10:55,2017-12-01 10:42:20,2017-12-03 20:19:02,2017-12-08,e86c8c3deb1931319cacce610efc4514,2017-11-24
58ecdd5dee96d19e30c67a29cae63e4d,d0eca4dcf131a1a0f4665c2a47b4ca02,delivered,2017-08-08 10:23:10,2017-08-10 03:16:09,2017-08-11 16:01:21,2017-08-24 20:19:49,2017-08-30,139fb3595e26482b7aa26fd3b0dc0a97,2017-08-08
098252064bc68acd5911a587b58b2cc4,e1786bf866d54dbf3f18f24fc7a02ced,delivered,2017-04-28 23:28:42,2017-04-28 23:42:46,2017-05-03 10:30:31,2017-05-10 10:51:55,2017-05-25,d9dbfa0381f0935c78327417ed931dca,2017-04-28
4246e30f95848b444d4b0a5e6bf3fdfd,bdb2ed7dac06fad9b511c81eff95ce07,delivered,2018-06-10 00:26:20,2018-06-10 10:58:04,2018-06-11 13:13:00,2018-06-17 12:28:26,2018-07-11,6d365ab4dcdb48ff5d4aa90305671388,2018-06-10
032c9c5e050a01a77c20be3989064308,1fb67b763df136bf1a29f1da8eeb128d,delivered,2017-08-15 20:40:16,2017-08-15 22:10:22,2017-08-17 11:15:48,2017-08-24 18:55:19,2017-09-11,73001c351ae67a6b093462ce7a643b57,2017-08-15
f5fea26ab547eec920e6f8ecdc5c37e4,9d1f4537b5bf271b2acdfb484507104c,delivered,2017-11-20 19:38:16,2017-11-21 03:49:28,2017-11-21 19:32:45,2017-11-24 19:56:40,2017-12-07,49a99633e0192d5ed775b6084c49771e,2017-11-20
b0a851b41e096cd9cc552e15698c3d4e,2fdd2638faff09e29137c963d929d801,delivered,2018-06-05 12:36:00,2018-06-05 14:31:26,2018-06-06 12:50:00,2018-06-12 20:08:31,2018-07-18,8980ffc6947c84b3bee412e396bdc1f8,2018-06-05
40654581b4282e70a554c9eb51fc8a91,d7486ca3a453d8a2258144e41c9aad91,delivered,2018-06-26 11:40:02,2018-06-27 11:35:15,2018-06-28 06:41:00,2018-07-02 20:22:03,2018-07-17,e85aa5ea969fd37243d6d1551500447e,2018-06-26
b48b2c58981c8d7d31ec325569338e78,1eab936b5abcae9664590e84026a890a,delivered,2018-05-12 13:46:56,2018-05-15 05:14:56,2018-05-15 11:33:00,2018-06-13 15:28:47,2018-06-08,8887cbd11065809b4530e2d25b51e856,2018-05-12
55ac02b6b194b6cebf53799310fb63bb,fbd14093f9374d4f70e80ee9cbccd5ca,delivered,2018-06-28 23:30:01,2018-06-28 23:50:50,2018-06-29 14:55:00,2018-07-03 18:15:04,2018-07-12,86669cc06c6e824b3f2edfc2daef762e,2018-06-28
ebb064563b938e019b2627b762ab42ce,385ad726431f19652a724047cf1bc085,delivered,2018-08-11 16:42:36,2018-08-14 04:10:22,2018-08-14 11:41:00,2018-08-21 18:03:04,2018-09-04,9d493b6fed36dd8659da595caf65f112,2018-08-11
589310d3d488112508a26f3e22ba30ca,34b7eab1f76104e9b749d01a9a00710c,delivered,2018-02-27 12:17:08,2018-02-27 12:48:27,2018-03-02 15:18:50,2018-03-13 19:03:02,2018-03-19,6bbcae37cb10b3110fcb123680e08eca,2018-02-27
0d387b5d8e636190398548a221d4185d,3aa067bb9a756282ef198ae577298bd9,delivered,2018-06-09 21:15:14,2018-06-09 21:38:23,2018-06-11 13:21:00,2018-06-13 13:34:40,2018-07-12,eaff5cd23fd2561c791fbf1e492f5dc5,2018-06-09
bb44d0c37f5fcc456bbaefd9aef6adb8,2baf69aa9f7c51867a17a6bb88fb194e,delivered,2017-11-20 18:53:16,2017-11-20 19:09:26,2017-11-21 21:04:51,2017-11-28 20:44:51,2017-12-13,f3583c1f4a492c319e60501645848fef,2017-11-20
97c5a4acc0915c5bd17e5a3256693ef6,f7fa32b05ba9474a22c7420310611fa5,delivered,2018-06-14 16:35:37,2018-06-14 16:58:29,2018-06-21 13:52:00,2018-06-26 15:51:23,2018-07-17,ce41a50f9ff95ef577cb759483fe9165,2018-06-14
3badf985142f06c3bf4da07d49992716,d2ff82abdb216e5dd0ff6730075b1e5c,delivered,2018-01-16 11:27:24,2018-01-16 11:37:22,2018-01-18 19:17:25,2018-01-22 21:42:55,2018-02-06,a80a15cc7984d350d36af32d10866143,2018-01-16
2ce3c61f3add382691fcad6a04f52680,2bb90453c5b070eeacd965903f376375,delivered,2018-05-10 15:24:26,2018-05-10 16:21:02,2018-05-11 15:45:00,2018-06-04 17:32:40,2018-06-19,1003a1d72627f1a71f255e239aaa4bfd,2018-05-10
bddc1c3ae5c6717f36386ee472d72217,8a17fed2c873a4cdb70a2110ff34bb77,delivered,2017-10-09 20:23:13,2017-10-10 20:28:21,2017-10-11 15:05:33,2017-10-18 21:08:59,2017-11-08,7b577b8beeca5c17d88511a4c0cf6152,2017-10-09
39a484e6a644f8edeb11c2c8ed218069,51727f845a31b568a4a127475d6b5cc3,delivered,2018-03-19 22:58:15,2018-03-19 23:09:02,2018-03-23 23:08:43,2018-03-29 20:14:22,2018-04-05,82380b485ec5234cdd668f5531791200,2018-03-19
246c8cf4ca9e3c50e4a172a4ba462a11,0541aa34358f8279116d1d183f1e4eec,delivered,2017-08-04 10:31:58,2017-08-04 10:50:22,2017-08-07 15:21:58,2017-08-28 19:22:38,2017-10-17,66e1f83376794a26466b8aff77e4a5d0,2017-08-04
e2df40dd64276b2f2040c798751c188d,a55b35e01354b9dc2974a22c1e4484fb,delivered,2018-08-18 08:46:04,2018-08-18 09:29:16,2018-08-21 14:05:00,2018-08-28 19:32:43,2018-09-11,d6fd8229024b8896360cd8cd34f86c0d,2018-08-18
73ef343c9dbf2f6d45362c9bc150f4b7,13c520253ccaf41623e063d5e81c4d82,shipped,2018-08-12 03:44:50,2018-08-13 03:45:08,2018-08-14 14:05:00,,2018-08-22,287a7cdacbcda8f842d7719e77cb8457,2018-08-12
d3fd3af08566edbfdd903c8f2a2d8bef,a83775842cfcc6236435e48b77767b1a,delivered,2017-11-05 14:23:00,2017-11-05 14:35:22,2017-11-07 19:05:03,2017-11-16 22:03:15,2017-11-29,d36992438cf455a0810b43f8c63215a4,2017-11-05
5b96009a71dc5fabbf4c35fd228e8863,69a0221332271e8163133f15bb3d03a7,delivered,2017-08-15 16:58:08,2017-08-16 03:26:14,2017-08-21 22:03:56,2017-08-22 16:43:01,2017-08-31,8dad6af578ac943d81e66f4f788200c8,2017-08-15
c1242e3f591a1f8ab11d51f2aedb1bb0,da0a466286c5f331008ff11925b8af24,delivered,2017-12-28 16:47:54,2017-12-28 16:56:23,2018-01-13 00:33:03,2018-02-20 17:58:58,2018-02-06,d95330e1e04100ab8363d90639e2ae36,2017-12-28
a8d69f3045be9fa0ea3aac3971741980,7a421bb11d92f1a08e384f216250afa8,delivered,2018-01-13 21:01:40,2018-01-16 03:40:05,2018-01-18 20:09:36,2018-01-22 21:46:56,2018-02-07,02238d275f51bce58c8e97218621bd91,2018-01-13
a5102272df11ecf366a4e9d4257b672a,77305d99b811c59273ad7160ce1f74e7,delivered,2018-05-02 09:36:22,2018-05-04 03:12:04,2018-05-04 12:58:00,2018-05-10 11:36:52,2018-05-23,1714b9df17fa7bb77d7f045adadeb285,2018-05-02
d455a8b19923a717a1d1cfb67604e8c6,2e09a0d6a340c17e302b200c2194b39f,delivered,2017-04-18 23:11:46,2017-04-18 23:25:16,2017-04-20 16:21:40,2017-04-30 09:23:56,2017-05-08,1033c72c41b1e8f0ed67a793ea8d8501,2017-04-18
2e024656807ffab9d81af39abd9f18b8,271f8bae1747c6d8d6e269f4fda27345,delivered,2018-07-13 14:40:19,2018-07-13 15:04:04,2018-07-16 10:20:00,2018-07-23 21:42:28,2018-08-01,2d7c2087a16245e57129072202956761,2018-07-13
7974289bffc998c320825e123de8ee7d,ad0c681bc5c048b9c723de73eed444e7,delivered,2017-02-05 01:01:05,2017-02-05 01:10:10,2017-02-06 11:51:47,2017-02-09 09:05:03,2017-03-16,c8b2145112166ec8dc322ac57138ccab,2017-02-05
f9d5bfb53147f381e81b89a848e26b16,a5f29fa52fe06844c85996c91c3f1d02,delivered,2017-06-05 14:15:53,2017-06-05 14:25:19,2017-06-06 11:38:40,2017-06-19 14:23:48,2017-07-04,67697f1ef23332d4be711eba56d04b4c,2017-06-05
4f869174cbff0495e39adbe5a6c4c040,4974be94784b655505e37fdb610a8e78,delivered,2018-01-20 11:23:02,2018-01-23 03:52:41,2018-01-24 00:04:20,2018-02-08 10:44:52,2018-02-15,b4c4f3643e0a12224cf57abe82ecd677,2018-01-20
1c54750859f8472306a0b63d74e782ef,54b30cf929edf0b2c88698d991241574,processing,2017-02-25 15:37:25,2017-03-02 03:50:30,,,2017-03-23,e616b8462d4d4fadad750989fe75d0a4,2017-02-25
3e6fcbe51e870332ced599c465eb6df0,6ab4674ae385fe7928caf1b8f5d0aa9d,delivered,2018-08-05 20:47:26,2018-08-05 22:50:15,2018-08-06 14:43:00,2018-08-09 20:06:50,2018-08-10,143ac1358dbb2d185d4873965fcc28e4,2018-08-05
f163011d712f39566f8631259e471129,f69a1253f47a55c85890334adf6e9a21,delivered,2018-02-04 12:03:15,2018-02-04 12:15:28,2018-02-08 23:36:55,2018-02-23 00:49:24,2018-03-08,b2745c56b7b0ccb493c8b2c050007b4b,2018-02-04
6b3c0956c89312e2c54f8d1366ecea9a,a97ffd7dc1f722793d4ab4db1eb815f5,delivered,2018-08-13 13:31:05,2018-08-13 13:45:21,2018-08-14 11:33:00,2018-08-20 16:08:57,2018-08-28,4edb41f4555044def164944f4bc31c3c,2018-08-13
30cbc667959773c36d34c2ce5e02b4ac,ef913faf232d3ef42bee90bc490c2ab6,delivered,2017-11-24 08:28:50,2017-11-24 09:33:36,2017-11-29 13:26:41,2017-12-05 14:46:08,2017-12-27,73621cf8bb2f92f40419b7cf89a5eb2b,2017-11-24
f037c28c7c878c3d1df3485872d3b63b,cdbf70a172e0b24ed5c246c3574f9b16,delivered,2018-06-28 13:42:07,2018-06-30 02:52:17,2018-07-02 14:34:00,2018-07-06 16:34:25,2018-07-25,dfc631bc34b8cf59c55ece5cbf058454,2018-06-28
862811aea831afcc63f6155283f1a922,449e553f0fa7504123c432875d9ca8fb,delivered,2017-07-06 15:11:41,2017-07-06 15:25:11,2017-07-11 16:22:13,2017-07-18 19:14:49,2017-08-14,a72dc4d599f84d18327c83df876c3460,2017-07-06
6639b799469775ff2a696e1bc96b9f58,5abc46c5112594d06d0350a24ec399a2,delivered,2018-07-10 23:46:28,2018-07-12 03:26:16,2018-07-24 16:07:00,2018-07-25 21:21:02,2018-07-26,c8ab29209bd01c10eabf70afda7b4479,2018-07-10
8c7fdd8775af429f280cd605d4d164fd,528b1ef29a59cf6e1cace49826d69630,delivered,2017-02-20 13:43:53,2017-02-20 13:50:22,2017-02-22 12:51:38,2017-02-24 11:09:47,2017-03-17,0d21499406ab7c18f548dc945b63c28c,2017-02-20
b463e42856ea712dd83a10f12ffe64aa,0d29b43096b135fb39b1fb2e6bc1c2a0,delivered,2017-11-30 11:23:03,2017-11-30 11:42:17,2017-12-04 22:27:00,2017-12-20 17:10:05,2017-12-27,a3bde85f64f8d689916f7b44f199d874,2017-11-30
7954e34924fab98d2e26924451086ad6,0125fdf9e257f064725f85d1d63085b4,delivered,2018-03-05 20:18:05,2018-03-05 20:30:47,2018-03-10 02:18:23,2018-03-26 15:16:43,2018-03-23,b8af560ea969399b77e9b0e6644558fe,2018-03-05
f105bb5b6c1008c5dcf7b3ab47753e5e,fa5ec460fa52a418a5f979d8d2068ef3,delivered,2017-12-18 12:40:46,2017-12-18 13:52:08,2017-12-18 22:19:50,2017-12-27 17:22:33,2018-01-12,9f2f5021076171f0efcf196eb7695ef4,2017-12-18
231f58de0228723d0b6d6b562d352d90,af12e716383820b78ce045de073e7502,delivered,2018-05-03 15:51:53,2018-05-05 02:53:43,2018-05-09 12:03:00,2018-05-22 11:54:45,2018-06-01,3d9f7bdb0b7ba4c2373ecd9a8bcf5574,2018-05-03
edf4d697d6281d6f40f101a31462c929,1f7f094865cd0e20a6acb5cdba5c5f19,delivered,2018-02-23 20:36:44,2018-02-24 02:35:46,2018-02-27 02:09:16,2018-03-23 23:48:40,2018-03-28,2dd5d907b9acbb6c573a11a1d8979358,2018-02-23
892b6462174cfb942fb8d9c8e0287c11,1c3abaa67b20a69745c59b28f18688c5,delivered,2018-04-20 11:40:22,2018-04-20 11:55:22,2018-04-27 15:26:00,2018-05-04 19:17:42,2018-05-30,d5b26118affdf55c9e34f22d879782b7,2018-04-20
328b0c9d60ee7e960061a7860b964ffe,72c925898f3e64e0f05014dfc6dd3072,delivered,2017-11-25 17:00:20,2017-11-25 17:13:32,2017-11-28 19:28:45,2017-12-11 18:03:29,2017-12-21,262c924976402a1e7bee227038057e51,2017-11-25
a47e9312f596497c7762dbfdf78eda29,abd5dd25cd27f96cd6d28e440e29c8d5,delivered,2018-02-15 17:02:21,2018-02-16 07:55:57,2018-02-23 17:49:45,2018-02-25 15:44:40,2018-03-01,b842b6306cb43499a3d7a3dd3742fef2,2018-02-15
226dbf042352f0f381239e29ddcb301e,eecfb44b191df28e7ef7b263537d83fc,delivered,2018-03-22 11:40:10,2018-03-23 11:35:25,2018-03-23 23:50:50,2018-03-28 20:49:29,2018-04-17,5340888f5f7415514d6e02a9293938c0,2018-03-22
b520da4895f8ce53c41d6be41bbd17c5,7a6f04bd77baa1ca5f68a99cb29f6f2c,delivered,2018-01-11 16:01:23,2018-01-12 02:34:27,2018-01-16 13:19:03,2018-01-19 03:13:00,2018-02-08,6d6c7bcba410b2206fb3cb9c33c3707f,2018-01-11
c56bdcd0ef1249dcc18901b491b1b976,1358c61e82221ecc4d165d21123eb23d,delivered,2017-05-26 16:09:19,2017-05-27 16:15:17,2017-05-29 06:56:41,2017-06-05 13:33:08,2017-06-20,cec42b5f6696e2dffad94f98200b5038,2017-05-26
6958c1e09a9e49c2071dbb679d577422,68219d24f99a407e2ee5835e9abc8a1d,delivered,2017-09-21 01:05:07,2017-09-21 01:15:14,2017-09-25 19:25:05,2017-09-29 19:02:20,2017-10-16,701ea1ff7120fa56b1e4ef945dd5cf19,2017-09-21
b6bc19f6d8e96c942441bf9f4d155c1a,c7c5b46bed1f822b95dd5c188664e345,delivered,2017-08-05 16:53:32,2017-08-05 17:05:11,2017-08-07 17:35:57,2017-08-21 18:40:35,2017-08-31,14f4ae28fc0e2d071f707dbe6daaf0e3,2017-08-05
5005cef43694f92d85586692652e5216,f4b6b12c622bee8aecbfb2114025cb13,delivered,2018-08-11 15:26:40,2018-08-11 15:35:49,2018-08-13 15:25:00,2018-08-20 11:29:41,2018-09-06,b88642bb0d7fd10c8ce18b7bec9085b8,2018-08-11
e383fed56a3263977ef519e546eeb1e7,872917a4ccc25ab1556c80a05a66e862,delivered,2018-08-14 20:38:23,2018-08-14 21:23:56,2018-08-16 12:34:00,2018-08-21 20:12:45,2018-09-05,7580e539c3d74ce5ff3946877db01dd2,2018-08-14
a56c56edb4506114d21cb22affa258f9,96587d39e8ccfc0936781b2fc06fe9ca,delivered,2017-09-09 16:03:59,2017-09-09 17:10:19,2017-09-19 19:57:52,2017-10-07 14:03:40,2017-10-06,31e05a4807105bb6f6ced59da6b113de,2017-09-09
9842c98fba6a3e74b785776cc72136f5,d78cd5ed18ca4df3e74897b8352cd346,delivered,2018-05-17 18:33:00,2018-05-18 00:37:30,2018-05-18 14:12:00,2018-05-22 11:48:38,2018-06-18,d420337ddf59e24de98713a25994f32c,2018-05-17
b82b1a7017f4c904921dd5c6c6da8804,5e25cb6b455409373f96b0f1d947fd38,delivered,2017-05-30 22:46:05,2017-05-30 22:55:17,2017-06-05 14:18:07,2017-06-14 15:10:09,2017-06-29,e02fbead9117aa245d80a40e05a249b4,2017-05-30
0fb89e55ba647de0f63711e93c678237,552eab691446f9aebf3395705b1d94f9,delivered,2018-01-11 15:58:00,2018-01-11 16:13:22,2018-01-13 00:37:16,2018-01-24 22:19:49,2018-02-09,d21beb0802dd046077afcb505173bf2a,2018-01-11
fd6ae3b1149c4a3a920086befc628e3d,14a429268b2e70661e87c2be648a422f,delivered,2018-06-30 12:19:32,2018-07-05 16:26:52,2018-07-04 12:02:00,2018-07-10 23:19:36,2018-07-27,00d4ef3e086e2191c3fb6e7b0d2a1c75,2018-06-30
de2d0036fb45333e82bb658ced9a4fd0,dd366840d2ab4e9287b864bd051196ed,delivered,2017-05-14 22:34:09,2017-05-14 22:45:17,2017-05-16 16:02:10,2017-05-24 10:43:09,2017-06-05,aea223346a5f80ca5f8c6f5a1a4e5e78,2017-05-14
a21b149df8e6239ec1b4da7bb48f4deb,c62c8b90d8fd16516b99b08224753001,delivered,2018-05-10 13:08:19,2018-05-10 13:35:44,2018-05-11 15:21:00,2018-05-21 18:38:28,2018-05-30,2cac2c968d6e64f3d4dbc358ea518a8f,2018-05-10
e00c5912daa4e24b9f1820ebb4e930ae,17ab7e50ec3908dbe699511e92f379b6,delivered,2017-08-17 08:11:18,2017-08-17 08:24:13,2017-08-17 16:37:16,2017-08-29 15:49:52,2017-09-11,a6f5c8508826807c40ac30fcf62c1a49,2017-08-17
b2634f19a1007fd4a54a9fed9291230c,725482e68df8d999924c84f62c9ee40e,delivered,2018-02-04 20:40:56,2018-02-04 20:56:05,2018-02-08 00:44:49,2018-02-09 22:05:02,2018-02-21,d953a4604f4d7831f6d13a2268dccd9c,2018-02-04
18d0a01d343f9a3789e7ae38fc92f907,09c5222856be1228af5bc3c2dd8842fe,delivered,2018-07-16 08:45:31,2018-07-17 04:31:52,2018-07-17 13:03:00,2018-07-20 23:26:38,2018-07-30,4c0c0aaace4f4f653104ae52e4811ec6,2018-07-16
3ff9af2618b202584a161c19718bf577,044e10a1e867fefd7f02a3da2ca475b4,shipped,2018-01-07 08:04:11,2018-01-07 08:11:23,2018-01-15 11:24:25,,2018-02-05,e186ed0b619ff1dd7eef17b1ba5c4831,2018-01-07
975f731e0b62d3884197075bbf60685a,ce40436f91a9e251a42a0f6447f7e9a2,delivered,2018-01-05 23:32:57,2018-01-05 23:47:32,2018-01-08 22:50:08,2018-02-05 14:06:49,2018-02-02,da9201ceefd8ac05e85d43256b1d668e,2018-01-05
f422805096570eb55302abeb0c77137d,6c1328442e757a6422a29dd991f6e73a,delivered,2017-08-21 10:23:21,2017-08-23 02:51:13,2017-08-24 17:17:45,2017-09-01 20:22:27,2017-09-15,31c9713476a117a44e586a3e6cae3a17,2017-08-21
b813092d64bf6be705b1f343068429fb,75cb57f66aa32d17ab44343e8a3ff7e6,delivered,2018-07-21 23:56:29,2018-07-22 00:10:09,2018-07-23 12:42:00,2018-07-27 21:17:46,2018-08-09,feea8a8b33e1d9892899c6d3c048cdcf,2018-07-21
35db0e3e9fffd2d0187b56f434931db4,9563ec54d6b000879e4f319591d78003,delivered,2017-11-09 09:41:45,2017-11-10 09:50:25,2017-11-16 15:53:05,2017-11-28 22:48:54,2017-12-01,d25cd3919a16f7166425b3d00717e60a,2017-11-09
83475dcf3de69a4d4149eae61b9a94cf,5f4cabf6980424d31df7199e53647b28,delivered,2017-08-01 10:06:37,2017-08-01 10:23:51,2017-08-01 17:41:55,2017-08-05 13:07:37,2017-08-21,b0d28a4603fe3c14a3f6cf3e4b22582b,2017-08-01
5d9b75f3bc3582bd9e405962eb147b9d,a6468b1856e4a74b6c786117e626749f,delivered,2018-02-24 00:25:13,2018-02-24 00:47:17,2018-02-27 23:13:30,2018-03-14 22:08:25,2018-03-27,93294dc7b6fa1da27bc28d1a8db5e8a4,2018-02-24
84be8c486cc6c6bb5dd2a0a19effd9b5,54a968b587ddf6ad0889906812077d87,delivered,2018-07-30 16:45:36,2018-07-30 19:31:44,2018-08-01 09:26:00,2018-08-02 19:28:28,2018-08-28,d62e945f5b99fbaf262c9ce35791c768,2018-07-30
5308fdab519f7478ef64894128fbbee4,3aec6e3846fd122ac430ac1a816107a8,delivered,2018-06-02 11:51:00,2018-06-02 12:11:27,2018-06-05 15:02:00,2018-06-20 23:09:42,2018-07-13,74fe4e106702770ef728399ce5da503a,2018-06-02
7c749191ee3a17f34cbfcf6ddd2009ac,2f58942ce22a94bab8236b05f48b2ab9,delivered,2017-05-09 12:36:05,2017-05-10 06:35:31,2017-05-11 11:18:06,2017-05-15 12:52:34,2017-05-29,c114c44566c2d172b520bc3c8785ffdf,2017-05-09
10fda92f9390e0b13e41ce5ce692a2cc,7cba926b44e53ecc10ea79df991da256,delivered,2017-10-10 09:00:43,2017-10-11 03:49:29,2017-10-23 17:10:26,2017-11-14 00:38:16,2017-11-09,3c935625a561031d835d79d8167cd2e3,2017-10-10
16aa7d10b833ccd4307a1159ba08d071,c778263f217df8f1d3fa3aaf86a45a14,delivered,2018-03-24 06:41:33,2018-03-24 11:48:07,2018-03-26 21:47:55,2018-05-14 21:04:10,2018-05-25,100a1a0fe9f738719f7b63e3eadf5ebe,2018-03-24
bd80efb9eb7bbd9c465bd5205d6a43b8,ced3fb170a9a5007a9bc3558d49c35b1,delivered,2017-03-28 23:13:25,2017-03-30 02:10:52,2017-04-04 04:15:57,2017-05-16 15:22:18,2017-05-03,2e3c051a9f6e30c8e6d7d45feb4be118,2017-03-28
b36dde30ca62faf042ac4e3f001b9c04,84b792c2ce37c8e8eddcdbfa16130e10,delivered,2017-11-28 16:47:41,2017-11-29 02:15:26,2017-11-29 16:24:47,2017-12-05 18:09:16,2017-12-22,2e4c7fbec4fdb54f1cf04c1446dccf12,2017-11-28
25aefb052a481cf1f4aaede6fb1abecb,d358b0b0d0d456e22212b8643729207a,delivered,2017-08-06 23:13:17,2017-08-08 03:55:19,2017-08-10 21:13:52,2017-08-16 19:47:25,2017-08-25,052ad6288149460cb16d585299139e28,2017-08-06
c3b2c9ce918dcc0fdf5053927cd0ff8e,134339079e12e3d40c72a5c3025c021f,delivered,2018-04-30 09:38:14,2018-05-01 05:13:59,2018-05-02 12:34:00,2018-05-07 19:26:51,2018-05-22,608b221bbdb07cb279018c0dd04cc730,2018-04-30
3df54c9248f6d2eef8f08ad39f422abd,9e192b98545760379893f9f63707cc0f,delivered,2018-02-05 21:04:48,2018-02-05 21:15:25,2018-02-08 21:15:21,2018-02-09 20:09:31,2018-02-21,f0a5d3542d18371f20467e53bb1e532b,2018-02-05
4974bc485d07cad8b6e5000a345bcd50,5a305881af7a75ebbe4e858260370d9c,delivered,2018-05-29 15:45:20,2018-05-30 15:35:34,2018-06-01 08:56:00,2018-06-11 23:54:33,2018-07-16,4bb97ff40d9e2fecefaa62fbce588e34,2018-05-29
232efaeba12fd576e70a88f09d6583b6,6332ebbe1588da7f65613ad88aa0707c,delivered,2018-07-18 16:58:02,2018-07-18 17:05:23,2018-07-19 11:50:00,2018-07-30 21:08:58,2018-08-16,dd4430186cffd3aee97560e84fa1acd1,2018-07-18
b3840eac3cf88799d05e845cf9b8587b,477f2ebc174ae6d21af93bfce1d432e7,delivered,2017-05-24 15:41:44,2017-05-24 15:55:10,2017-05-30 14:44:18,2017-06-16 06:47:59,2017-06-28,9c9ac56ba685050163c38688a26ba66b,2017-05-24
06ca213ef85421d96ee0fe529d0f5885,4e1466d23cf154bc57e343db77279d5a,delivered,2017-07-11 16:36:24,2017-07-11 17:30:24,2017-07-12 20:13:54,2017-07-18 19:35:34,2017-08-02,d1ffb6aa264f79f277904708f328cfc6,2017-07-11
136d768d679a4fc7902e10fc81af17fc,66febc71bf0586881bd835ddcbfd34e8,delivered,2018-08-08 22:21:23,2018-08-08 22:35:18,2018-08-10 17:04:00,2018-08-23 14:14:46,2018-09-14,7508fcee150d3d55a1f0f2f590232de2,2018-08-08
c23e9a555c327fa1d60893394aae9e9e,e2742ef931c3e60509e74345605c5370,delivered,2018-03-26 17:29:38,2018-03-26 17:47:34,2018-03-27 18:29:45,2018-04-03 22:48:58,2018-05-07,9a481c845f8bf3fb0b9f4520f11c353e,2018-03-26
25461ae3c4bf9bf6e41a3a163f763c8f,e377314dfa6e23684f1fae454fe8d8d0,delivered,2018-08-12 20:52:52,2018-08-12 21:05:14,2018-08-13 13:30:00,2018-08-14 19:02:43,2018-08-16,eb0c8f36a5a4d82d68050a1b95ff2faa,2018-08-12
ab2e3d4093bad08937a1d844c1a60355,102d3cd02d947bf923f70d0e358a44e2,delivered,2018-01-04 10:23:44,2018-01-04 10:33:26,2018-01-05 20:49:37,2018-01-13 00:14:26,2018-01-29,bb643895e857c516b4289ab079743690,2018-01-04
5236307716393b7114b53ee991f36956,03fc97548af8f58fefc768d12b546c9c,delivered,2018-01-31 18:55:36,2018-01-31 19:11:15,2018-02-05 22:44:47,2018-02-16 13:27:08,2018-02-22,4b86049cb99e4aa774031daa9cd18f18,2018-01-31
43a95930524a9c5388fa5e417dc23241,6b74b5483a6f18c2538a9c848e50b4cd,delivered,2017-11-04 12:14:16,2017-11-07 09:30:58,2017-11-07 17:16:46,2017-11-20 21:38:12,2017-12-06,db4a068b5f8bcb3e5e45be643f3961b0,2017-11-04
796843d5e414b6e4272228bae15d828b,6d2370391a400e5f408a86ef70110bd0,delivered,2018-03-27 00:23:35,2018-03-27 00:35:18,2018-03-27 21:33:19,2018-03-28 22:37:38,2018-04-09,9629571615597f3820713e054a195387,2018-03-27
cdc62ef71741b912ed0378bd8493f884,d0138d0685264cf47574e68da0763d67,delivered,2018-03-09 15:33:17,2018-03-09 15:55:35,2018-03-13 19:34:31,2018-04-06 20:48:47,2018-04-18,c9b45a95233d349511d2b132f8fc0d04,2018-03-09
21ee832eff624a82225c6e98cd2dcf7f,6bef8002464a89b85c089ff2a64bc5ae,delivered,2018-08-15 21:15:58,2018-08-15 21:44:05,2018-08-17 14:23:00,2018-08-24 22:23:41,2018-08-24,ad358ba52e3e3327a83f607f1a4bec6c,2018-08-15
56c26c7e1d2d600fc5e6a4a6b0be3aa8,fe4904204ebdf584760213b82bd6307d,delivered,2017-03-13 14:49:49,2017-03-13 14:49:49,2017-03-14 11:10:57,2017-03-20 08:58:49,2017-03-30,1b7485f213b9168a29f3ef0c05a799a7,2017-03-13
a660bfa45084c51dc2873306f0c107fb,ef45d2a97a789c1f65204616bb6fa1f1,delivered,2017-09-27 23:06:21,2017-09-27 23:14:16,2017-09-29 19:47:31,2017-10-06 20:11:56,2017-10-26,aa89b22a058fdde1a1bd73270cfb7b74,2017-09-27
990791b9237f52581d0a924b447c6fdf,0e620b2e35b839f1e372e03afd6bd9ab,delivered,2018-08-08 21:52:09,2018-08-09 21:45:12,2018-08-10 12:04:00,2018-08-17 11:18:41,2018-08-27,0056c2dd794a5eede6164dcae635875a,2018-08-08
cebe1a22714a4536f852866377c9bcbd,9b7fd789af1301927ba3380e1efd0225,delivered,2017-03-10 10:05:43,2017-03-10 10:05:43,2017-03-13 09:05:36,2017-03-22 14:47:49,2017-04-03,aa8c932576d8ba562f48505a9f25a2be,2017-03-10
341dc4ea81fabe7de6af564b72fcf3e2,8a8c2e93d6ec33bb908f101211d78227,delivered,2018-07-04 16:17:27,2018-07-05 16:30:57,2018-07-05 15:48:00,2018-07-12 00:28:33,2018-08-09,ce6932a8f9402aa406573c59594f2ae0,2018-07-04
96443e347511f156158689addf8e876e,082afb51514d796870e769e2c46919ba,delivered,2018-01-17 11:07:59,2018-01-17 11:18:20,2018-01-19 16:58:48,2018-01-25 20:38:41,2018-02-08,4fff725d93ad8b018de71bc3466cccd3,2018-01-17
83ca3ab77b87118d0a71a84ddfc9e31e,07e6f1ea396eea8aa95d0c1cf5a8d364,delivered,2018-01-20 18:42:07,2018-01-20 19:09:35,2018-01-23 21:10:40,2018-01-26 13:39:07,2018-02-15,cbb244b90971a5006e08d630b4c05c9e,2018-01-20
67b2034550d68134bdb9bac8c1988c39,8a46fa344fdeaff9de14ab259778bd5f,delivered,2018-03-15 10:00:16,2018-03-15 10:15:35,2018-03-19 14:23:37,2018-03-20 15:52:30,2018-03-29,c30772dc02e182f555db4b042efdb110,2018-03-15
8e8dc18c47816845c5fbd5818bd069f8,5c1c1b04f8283b7a6c7f1ab81626b76f,delivered,2017-12-06 08:29:35,2017-12-06 08:36:24,2017-12-06 20:03:55,2017-12-12 21:18:54,2018-01-09,496b46fb2c8d864ed645954dc6a57945,2017-12-06
fbee1784fcce86e1c120a0b525750e57,443f70a83cedbee25cb20bffaa9b275a,delivered,2017-11-04 17:01:40,2017-11-04 17:10:32,2017-11-07 22:06:58,2017-11-10 19:32:26,2017-11-27,6f2013debda201c8ffa9b4a783ef1622,2017-11-04
fdf7396bbd1e126f45ba0fc3896360a7,a70cdc7161618ecbfff0bc3de4e09f0b,delivered,2017-12-13 17:35:27,2017-12-15 02:17:46,2017-12-16 00:11:49,2018-01-03 17:37:19,2018-01-15,12ab9334b1240d6d037f2b0102a49571,2017-12-13
822f778d1cd09285df832ee2cf65b83c,1e82589c6c7a1f0d30ecd3e87cdeaf0f,delivered,2017-11-26 21:56:25,2017-11-26 22:12:20,2017-11-29 12:32:26,2017-12-29 20:38:50,2017-12-19,35946f04caff0b0dfe7096c7ee125cc7,2017-11-26
f6daca3297f73de20d84ea604e1d68c0,223aef59b5d349b5ae42f73af48f0c8f,delivered,2017-08-05 14:23:49,2017-08-05 14:43:28,2017-08-08 13:35:54,2017-08-14 18:24:50,2017-09-01,17b929451040c8dd686aa13126abb3ac,2017-08-05
cb63fdd83851479a1def20d67c11525f,067dfd197c70456d5dd81c801fae133c,delivered,2018-01-07 17:50:14,2018-01-09 07:25:49,2018-01-09 21:52:34,2018-01-23 21:16:49,2018-02-06,b944e713f329c481160c81f9a3795392,2018-01-07
c04166574120428f8692aa072697cebc,a3769a6e70dc4fa874b30d62d812942c,delivered,2018-02-19 11:11:12,2018-02-19 11:25:33,2018-02-19 22:04:00,2018-02-23 19:21:51,2018-03-09,60fc4b9636e847212b8c69cc13f4da82,2018-02-19
a36d7e54e381baaef8ecaa526cc3d6a6,1fa31689dce56e0f4aca4c2828a7dc36,delivered,2018-05-03 17:08:26,2018-05-03 17:34:35,2018-05-07 12:31:00,2018-05-10 22:16:50,2018-05-28,c0ad64a79956b80605422f32ef36686d,2018-05-03
a5df4819e2227684e86dc2959b9ae9d6,fd6201ea30defd9bcee3bb0e09c6d2c9,delivered,2018-08-01 23:28:16,2018-08-01 23:43:52,2018-08-03 10:37:00,2018-08-08 19:48:03,2018-08-20,4455e8f6fe30a164efb0265370000dd3,2018-08-01
3e8de743dd3009df8fc34e0555124ed8,2c127bf706b5089fd5dbdbcb02c7fcbc,delivered,2017-10-22 20:17:18,2017-10-22 20:28:21,2017-10-23 19:43:37,2017-10-24 17:27:10,2017-11-03,aaec5bd8971bcff98276f504acb38929,2017-10-22
1fde32a510f950891c57d6e69c9071bd,9db0a6065f7c15895b9a2705b6dbc77d,delivered,2018-07-15 12:57:04,2018-07-15 13:05:13,2018-07-17 14:11:00,2018-07-23 18:06:22,2018-08-03,17aeb0f1c1dd5757f8aa0f4c098165f3,2018-07-15
648a268c494bbf8c97c03ec64c2ff4d3,1a4afc7f367d41bd2edb6fb7f6e7dc8c,delivered,2017-11-02 11:30:33,2017-11-04 06:55:33,2017-11-08 21:15:37,2017-11-16 16:18:26,2017-11-27,ea45fdfe8aaa3f81604b23a652c49fcf,2017-11-02
df81ce0f4ef34bd3096776fcc5ecd246,58b840c5c97a5749ba962d1e7a857d60,delivered,2018-01-31 12:49:25,2018-01-31 14:30:00,2018-02-06 15:42:51,2018-02-16 15:58:41,2018-03-05,c55641c7b843c3e7baae66b5946cdbb8,2018-01-31
94fc0c5ebf3d2669b2653019706ce767,5702c879ce77d1784d24fd834beb8f44,delivered,2018-01-07 12:39:20,2018-01-07 12:47:41,2018-01-08 16:30:08,2018-01-15 20:46:42,2018-02-07,7b43a1dfc3298b54c74ffe3631161475,2018-01-07
9f87f15dfa076198ed479efbb1036dc5,be28c5ef762b3f4d0ec8280a1d6d0eb7,delivered,2017-12-19 19:50:18,2017-12-19 20:51:25,2017-12-20 14:15:00,2017-12-26 18:42:48,2018-01-12,427c1afb29a173e377616eb612718d6d,2017-12-19
2132578dc3560ff41c32c417821faead,b5e43d3efadee053db2aedd1def38e27,delivered,2018-04-10 22:58:03,2018-04-10 23:07:44,2018-04-12 19:41:10,2018-04-13 20:03:29,2018-05-03,1a32f102c11b91156379253cb770aac3,2018-04-10
d55d5f2d92f548bd9928f3edef443395,a955de2289dd1f2a6d80df6b565860f1,delivered,2018-08-06 19:31:50,2018-08-06 19:45:14,2018-08-07 17:30:00,2018-08-17 00:12:36,2018-08-29,5744cb545c3e8137a49e4078190dcb2c,2018-08-06
179e23361d372901e40a92f8c29bd61d,80c3315cd9ff9d91afc63a7028c50712,delivered,2017-12-11 17:32:18,2017-12-11 17:50:20,2017-12-13 00:47:53,2017-12-27 22:19:17,2018-01-15,e78187213bc8a0ac295b98485bbe9441,2017-12-11
fe47c42447b8cdec3dd299e95dc7fbc9,c2bc0fec1b0b38cb85113e952d7bd112,delivered,2017-05-22 11:43:01,2017-05-22 11:55:15,2017-05-23 11:41:57,2017-05-29 06:51:38,2017-06-09,3300d15602bbdfa988f7f5958cbd7457,2017-05-22
2bc18e49db20b51c4868e3a9ae25ae3f,e91e9b76ee084a809a02f688b81da39b,delivered,2018-06-24 14:58:03,2018-06-24 15:19:03,2018-06-26 14:24:00,2018-07-05 23:07:36,2018-07-19,48e4b7f31748195c4df64113e2fa7330,2018-06-24
0e3fb5621c179dff735c7494afef624f,022aad8457b9fe76c22eaa3cbaf5b6e5,delivered,2017-05-26 02:28:47,2017-05-26 02:35:30,2017-06-05 17:38:33,2017-06-12 14:53:47,2017-06-27,7f27ed07f4f3806ca9ae65b97f1e9ef2,2017-05-26
acdfcbe0149e3453b90ae4da5a27dfd3,fec717a689c1907ac43d891a75cca92f,delivered,2018-08-17 08:47:03,2018-08-17 11:09:29,2018-08-20 13:39:00,2018-08-23 16:45:42,2018-09-10,5c9f8b7abc2b49d75a2f6711deada9a1,2018-08-17
039ec885e36627ae6353cfd42a41c5da,f970cf91aebb424d5389764dbc72d2b1,delivered,2018-02-22 12:45:26,2018-02-22 12:55:51,2018-02-23 18:18:39,2018-05-03 22:13:30,2018-03-19,9c36eedc9de64614cf76d7212fe1c919,2018-02-22
2a3762b415e231ea52cc41aa0c4530fd,30b032233e6a389d5a1eba4e2ed9a7eb,delivered,2018-04-20 14:42:21,2018-04-24 18:58:27,2018-04-24 23:59:50,2018-05-03 16:15:37,2018-05-15,fa8761b2e898f2f2bf15c6e4b2ab1f5e,2018-04-20
6bed34f9ca7da44775aa6a7c00ccbc4f,45891ccdcbb2236785720594bf01624b,delivered,2018-06-12 18:01:56,2018-06-12 18:46:05,2018-06-13 13:34:00,2018-06-15 18:35:00,2018-06-28,cefe8df26df3308f75ae27c0dcc3cac4,2018-06-12
a05cabeed82a5a2e8078c7e6ed14a03a,dfd7aa2424a1aa1abe8f4502712c5c28,delivered,2017-12-09 22:28:07,2017-12-09 22:36:28,2017-12-13 22:28:48,2017-12-24 12:16:47,2018-01-04,6d9760d712a88a72d89fe864701f1797,2017-12-09
3f8de2b9993f91abd12ec356200ba02c,0b8d40b3e4564b081cddd81d7227344c,delivered,2017-07-28 19:45:50,2017-07-28 19:55:23,2017-08-02 10:12:44,2017-08-07 16:34:57,2017-08-17,9c9db9057b02a4a1eb0d79e7caa1120f,2017-07-28
949280c70c6d62ec9c06fffc5ecf1fe4,12a371f2183b5d71d81830f3dd3b32c8,delivered,2017-03-15 09:41:22,2017-03-15 09:41:22,2017-03-16 08:57:18,2017-04-10 12:12:48,2017-04-10,a6cba42f65ca310f74bcee5d8708819d,2017-03-15
6d785f644bb980fb780ae00dcac90210,4bb35f99bc715e6cc22932a5a623803e,delivered,2018-03-10 18:40:17,2018-03-10 19:40:48,2018-03-13 01:16:36,2018-03-28 13:17:25,2018-04-03,afde5d9dce0bb8da161eb27c2b079226,2018-03-10
b78a9619a3490ebe6b2dee9388c0ef0a,7f032f61546940d53d5f313527b037bf,delivered,2017-09-19 13:05:14,2017-09-21 03:05:33,2017-09-21 19:17:58,2017-09-29 21:36:42,2017-10-09,d0811608353267017bfedb8fe14b0dc0,2017-09-19
9641d6be3bc2c61bfeb713777a1a8ae0,b37833a9166ac98f4ad7d6a92e1f97f2,delivered,2018-03-21 21:50:46,2018-03-23 02:30:39,2018-03-23 22:48:54,2018-04-05 15:58:32,2018-04-18,40386918bff25787189628d04176f7bb,2018-03-21
9b696fcb8112df3f6719a6a1e5648e2d,84ab0b89b5dbc8b53172eaa88f08681b,delivered,2018-03-28 11:26:34,2018-03-28 11:35:27,2018-03-29 22:52:10,2018-04-04 18:41:11,2018-04-20,85c8172f9352ed5b515ae8cfe0315bfa,2018-03-28
b30b21d5d13aae0cb5533dd7ab3f90eb,e4036c0b5c6ae37e645d34a8293a79d1,delivered,2018-03-14 11:32:24,2018-03-15 11:29:18,2018-03-21 01:37:34,2018-03-28 18:38:27,2018-04-06,870178bb663b22666c8baedee31cbabe,2018-03-14
a7c8f80297142bb722fe6d1bda6f5fe6,d3a8e1ea909151a954accab74ea6b663,delivered,2017-11-28 21:32:32,2017-11-28 21:51:24,2017-11-30 20:18:52,2017-12-01 17:48:43,2017-12-12,c8330933899939c96a4f2632b9f4c8ce,2017-11-28
64ab2c6839851c83db137182286cd9e2,e722c5955f4f3ac688d82e1aca5fa0e7,delivered,2018-03-13 00:09:42,2018-03-13 00:28:23,2018-03-13 18:46:22,2018-03-23 17:37:30,2018-04-02,af2e8236fa3043ae9b3efff5dc692d50,2018-03-13
51ceba3ba51d4b4543e7f78e181e0ba9,e7659c6f9fc78ba546ee2b0615258589,delivered,2017-01-23 13:31:26,2017-01-23 13:45:18,2017-01-24 10:57:50,2017-01-30 15:12:57,2017-02-28,a5d3bfee5b23b430b95c4ae295e1028a,2017-01-23
77fb4b8cc3c049b130b87530c7071abd,5e6bf6d2a87450515182284aec55dc3a,delivered,2018-08-01 07:19:59,2018-08-01 07:30:11,2018-08-01 16:43:00,2018-08-03 19:06:38,2018-08-13,89f999ca4a3527965db76038ffd4bcdd,2018-08-01
b1bbfabb6b75dc7ff7050093749048e8,fa4e4dc465fef19f4f4216c86ab073b2,delivered,2017-12-05 08:47:56,2017-12-05 11:03:44,2017-12-05 23:26:35,2017-12-16 17:33:15,2018-01-02,ea4a8de10fce39388e467e38acbe63fc,2017-12-05
ac17381858c4d8a612eb5a12659134af,fb2d636172641ecf88b206885b89d7f6,delivered,2018-07-16 21:37:24,2018-07-18 02:35:13,2018-07-18 14:55:00,2018-07-24 09:38:33,2018-08-07,98f314d32dfef1780dcb6a6dc3d81413,2018-07-16
65475724044e5b94d968124fa141af0c,ced608b31048a652390efb0cc65d3133,delivered,2018-01-30 20:52:21,2018-01-30 21:13:22,2018-02-02 18:06:46,2018-03-17 14:59:17,2018-03-05,4d85336a73fdb043292adfffbeb80486,2018-01-30
7fb085d3a1c04cbdd118129ed37ee4e4,fb1616aeb46e4fcc98b5535cbf520319,delivered,2018-03-20 20:45:12,2018-03-20 21:08:29,2018-03-23 21:29:25,2018-03-26 12:33:20,2018-04-02,a61e803335a6c833fe734447bf120104,2018-03-20
d569be24f2e104e3cc83b5a3b1b0a585,44f8648aea34370e3e10bbb6e333d6ef,delivered,2017-12-17 19:30:21,2017-12-17 20:50:01,2017-12-18 18:48:20,2017-12-22 16:28:43,2018-01-19,2f4c7a8dd55979a2bfc661b2c866d9e6,2017-12-17
d3cc6a0be5a659e6c515010d99e9c335,334aace2ea64ac7763440b12492d4374,delivered,2017-03-22 16:58:07,2017-03-22 16:58:07,2017-03-23 08:40:00,2017-03-27 12:59:44,2017-04-12,ac7d4fa6770970725c1a4cf26aba43cd,2017-03-22
17e76907e42e85c99dd9e25d02f65314,b8763c70d81dffeb46554db574d286a4,delivered,2018-07-27 08:26:31,2018-07-28 02:45:20,2018-07-30 06:57:00,2018-08-06 14:52:57,2018-08-15,dae054c51b471a09e91a443b87d16c04,2018-07-27
0ab8d66a698afcb3665ba9be03cedc6d,2ffc88ec5e8f0015074628574fdee23c,delivered,2017-12-04 21:30:05,2017-12-05 10:30:41,2017-12-12 21:54:43,2017-12-13 20:05:20,2017-12-20,30b6fe5fb355877c7bded1817219d96c,2017-12-04
3577c461493c5ac55453a02540f6c430,21903bed8121d46e74d60666967c25f3,delivered,2017-12-16 22:28:32,2017-12-16 22:38:23,2017-12-19 20:32:56,2017-12-27 18:03:37,2018-01-18,11301f323f8e1334478e701ad8892230,2017-12-16
ef37efcd7c68d5d876772184772a1ea5,6723644d9ba48cca8d848b1f18c70841,delivered,2018-08-12 17:16:29,2018-08-12 17:30:14,2018-08-13 12:44:00,2018-08-20 23:34:57,2018-08-22,bbae027c25a7e8c839053a1890227e21,2018-08-12
2caedb75be9b0acd4a4aa3562e5f898f,5673c1a8ea753d43497e49fb1be74b2d,delivered,2017-07-21 13:26:25,2017-07-21 13:35:54,2017-07-26 11:12:31,2017-07-31 19:37:52,2017-08-14,2d6b7f961407874c0cfc9ac967cacd96,2017-07-21
c5fe9b024836c62ac0742eed03f72669,8a9a29c82eaf2a506eee8e4ea99a5cb5,delivered,2018-08-20 09:23:47,2018-08-20 14:51:13,2018-08-21 12:36:00,2018-08-28 23:29:42,2018-08-31,f4f8e2a81b32bcd22eeb2c43f6e3920d,2018-08-20
f607a3db639728bdfeb918da3f84566d,c07090e9a9e0504dd15cdec628d99f49,delivered,2018-04-16 13:53:03,2018-04-16 14:33:17,2018-04-20 00:07:48,2018-04-24 13:19:01,2018-05-15,e53d5867adb7d3d00d046b004fff2e95,2018-04-16
3d0ad2666f5de49d63ad8ed0af80d3bc,edad39f31de2438ce949eedfda6e5ad4,delivered,2018-07-19 23:13:29,2018-07-20 10:45:16,2018-07-23 06:39:00,2018-08-09 19:41:51,2018-08-16,32b3af6c5548b794f1924e7dc83f9e00,2018-07-19
cb50f73cef605fc87294854be93d6636,0ea03f60c89ca5678a23e6b3badcbb43,delivered,2017-09-12 09:18:41,2017-09-13 09:45:32,2017-09-13 20:03:05,2017-10-25 15:52:33,2017-10-17,e4e4b8552ae792cc58e07b3360033016,2017-09-12
d37ad8b44dd4ae4bdbfb3e43e4ae2c02,9725715e986c290e8d8f79e85be70c5d,delivered,2018-03-12 15:10:05,2018-03-12 16:15:49,2018-03-13 18:28:32,2018-03-20 20:12:15,2018-03-28,05114881a5aab7df4a187e73f7ba33c9,2018-03-12
6a828279d73f18174dd3b9c653d5213d,c994647aae9a45b8ae6eb75b77354ed3,invoiced,2017-06-25 17:54:26,2017-06-25 18:05:22,,,2017-07-14,82cb8c783b1700af07ae77355cc81c70,2017-06-25
c93d1daac7ac7b818a7ae6a826ebff8a,5fdb65c578c4277cd0dacc6ee33984eb,delivered,2018-04-03 18:13:03,2018-04-04 03:30:22,2018-04-04 20:37:16,2018-04-23 20:44:39,2018-04-24,2147a5dfb665b52abe1fd1a0fa5326cf,2018-04-03
67730eb2f9468b8c6eb20a45dd477bbd,1d2a30627555e9f9e4948031b23ae4c7,delivered,2017-05-07 19:13:36,2017-05-07 19:25:07,2017-05-10 04:37:52,2017-05-17 15:06:41,2017-05-31,99da07e0f4c905ababa637f19e0840e0,2017-05-07
959d645c348f4b237daaec697cef73c4,bf57ac29566f5216f081607e3173e634,delivered,2018-07-29 19:16:09,2018-07-29 19:25:11,2018-07-30 15:47:00,2018-08-01 23:38:27,2018-08-06,d2a152f163ce22a719a37862e8df2a46,2018-07-29
79398f97f77a8ba43fdb4e00b1d44cc0,45b4e602cae9db1a6d047d8dfcf8fe46,delivered,2017-11-13 17:04:41,2017-11-13 17:27:04,2017-11-21 20:07:11,2017-11-30 20:03:01,2017-12-08,9f25bf3abc2308165affa650cd99d5a8,2017-11-13
fa48ce5f6c4499293eecc423fde54476,44f7c335ef13543f17246fb1010edecd,delivered,2017-12-08 14:17:43,2017-12-08 14:34:01,2017-12-11 15:42:14,2017-12-12 20:42:34,2017-12-27,c9efaa3ef7bb1b4071f4d08b41c25832,2017-12-08
43deb523bd34a18110a37cdbfbd79096,8c98ce45c69c2a2fb988cd55a00fc20b,delivered,2017-10-24 22:43:45,2017-10-24 22:56:25,2017-10-25 16:12:24,2017-10-26 18:03:19,2017-11-06,22d3603496369abf02985be067ea26d9,2017-10-24
6225dae3fcc1416785f294cc07f2e4db,06c09be49b69107bf8c75d10af6b2233,delivered,2017-01-31 23:37:58,2017-02-01 23:45:14,2017-02-03 17:51:38,2017-02-13 13:23:46,2017-03-13,e264ef071f4c0fb4a0f3e9139b283dee,2017-01-31
95c6db0572aa00cdfc22e3419805ffc0,a2a8ce4e0a7373fb55c203010a0d21b7,delivered,2018-06-16 20:31:37,2018-06-16 20:58:08,2018-06-19 14:54:00,2018-06-25 19:14:47,2018-07-16,7759c54d34055599a186594e01b57af1,2018-06-16
7577e6378383be8d29e8e0cc18a880cb,36905ee3c5e0e8caa7fa04e36474251d,delivered,2017-11-08 21:11:17,2017-11-08 21:26:28,2017-11-09 21:54:46,2017-11-13 20:16:03,2017-11-28,4fc8594d4bd9b2157025e4bb48c2d30c,2017-11-08
038297c93a230b204ceeca7e2720b464,a51b2e9f1088010982a0bcf451a4de6d,delivered,2018-02-10 22:17:24,2018-02-15 04:07:47,2018-02-16 16:56:48,2018-03-02 14:59:04,2018-03-09,b382326375f34d32dc6f708ae7b34691,2018-02-10
2e98befb6d10b5b83de9d9b4a6f836f9,aa49e266efa5eb9965b01ecd940833c3,delivered,2017-10-16 11:39:32,2017-10-16 11:56:15,2017-10-19 17:57:50,2017-11-08 13:37:02,2017-11-16,d2b0d2083933eff2f5c365b7f44cfb14,2017-10-16
71c3a24007f8f52f2f440e4aa2651096,63cd1122ae489072bf42ea93422985b4,delivered,2018-02-12 01:18:21,2018-02-12 02:00:26,2018-02-14 23:23:43,2018-02-21 00:41:36,2018-03-21,8489c1cdbf5c5090f9a8bbf5f280c395,2018-02-12
aa0b425987bdeae4a29c616a2bc3a08a,c9dc6fff8500f3735822d5356bcb0e1b,delivered,2018-07-22 22:00:26,2018-07-23 12:31:56,2018-07-31 15:13:00,2018-08-01 22:16:46,2018-08-20,0209f290b5451d357308bc0e90521026,2018-07-22
95c61e46c5be0715a4302d2aa335f6c8,6288dc3376baf4aaf53a42ad5a27dfa7,delivered,2018-08-16 18:15:46,2018-08-18 03:09:44,2018-08-20 13:48:00,2018-08-27 18:51:21,2018-09-04,eb2f077015f1bd2425e18d03f5518252,2018-08-16
c505a1999c5ad6aacc8339242d824073,11c48762b75875d8949294883c00d14c,delivered,2017-03-25 21:22:15,2017-03-25 21:35:20,2017-03-31 13:57:00,2017-04-21 10:08:23,2017-04-18,06c0e20a617982c7a5113459fde779a4,2017-03-25
a0e03cdf46a28b86f2d93ccecaeca421,068789693897e19b35ea3b9e71613c75,delivered,2018-01-06 17:55:03,2018-01-06 18:06:41,2018-01-08 21:54:12,2018-01-17 18:28:58,2018-01-31,34a7a16320425b76238d17b877418323,2018-01-06
44e91d629da568d5df404a8dc5895336,15b682da279b92ef76cded31d345176f,delivered,2017-10-27 15:12:49,2017-10-27 15:32:50,2017-10-31 20:49:48,2017-11-07 16:42:19,2017-11-30,5b393d31d0c95acec0bc78472596d668,2017-10-27
a082f140d70dd20b4e2d7538557b5946,5d8f7d35350a0802b7e4bea9671b132a,delivered,2017-03-31 22:28:39,2017-04-01 22:35:17,2017-04-07 18:42:48,2017-04-20 12:31:29,2017-05-02,589ee29a3decf9bd5cd8492da02efb2e,2017-03-31
82919647c77d6bdf1f3edba9eab8e1fe,5e3e1f4586f475c893bb9b464e0f198d,delivered,2017-09-01 17:06:54,2017-09-05 04:30:47,2017-09-06 19:54:56,2017-09-13 20:53:43,2017-09-20,fff699c184bcc967d62fa2c6171765f7,2017-09-01
7484cb86db28da2d4d7c3f41dc265201,bb90f8e1cc3d574742b5ece8076459dd,delivered,2018-08-18 23:06:14,2018-08-20 19:10:03,2018-08-22 10:06:00,2018-08-29 19:42:15,2018-09-04,d0d2121af4a8105396375642202bec4a,2018-08-18
487c1451b8fd7347d0e80e5aca887e91,ca454a420355c83f95fe93083dc31c81,delivered,2017-03-21 08:50:00,2017-03-21 08:50:00,2017-03-22 09:12:25,2017-03-28 12:40:14,2017-04-11,12456b22f2fe7567211f0f29dc7dc58e,2017-03-21
26a4525518bf2e891e2cdffef0742346,9ba9c35fa0972a58c9397672fd9e0111,delivered,2017-09-20 17:12:10,2017-09-20 17:24:19,2017-09-21 13:52:46,2017-09-30 01:05:52,2017-10-17,5b3186d7cf904f2f9369aec26faba4d2,2017-09-20
7c7e31f3d5eff7a33f2a59bc88d45442,6ecbb48768871dac5066a3aed501e699,delivered,2018-02-09 07:51:33,2018-02-10 02:36:18,2018-02-16 16:28:36,2018-02-27 12:13:49,2018-03-08,699ed48250faf9f3d41e91f4ede36364,2018-02-09
e0145369394f83a5210ad16511c6cf33,5c7ad9cbcfbe41d1dd622c64bb0812bd,delivered,2018-07-01 14:28:04,2018-07-02 12:15:15,2018-07-03 08:05:00,2018-07-07 18:26:29,2018-08-02,8da4257624e455b4ade5076f589bf3c3,2018-07-01
3933b209d011421f37238c408302ab6a,e0169b7595b7b5413914f12d084ce4a4,delivered,2017-09-16 21:14:17,2017-09-16 21:24:54,2017-09-18 21:05:47,2017-09-21 17:48:10,2017-10-04,25b703950d3e71b5a2943534a31ae2ba,2017-09-16
c1ef9804b695d6060c0964f2c6324433,ba668ea30c47e2012890846c77978d03,delivered,2018-02-06 11:04:45,2018-02-06 11:15:50,2018-02-08 19:12:45,2018-02-09 17:58:09,2018-02-22,1f577f9d2fc2b5baa6d19772989201f2,2018-02-06
a1ef4c97bec306560bd7bee5982310cc,809f3ba735c909c42837c26580289641,delivered,2018-03-21 12:26:15,2018-03-22 02:50:07,2018-03-22 20:03:20,2018-03-27 00:51:31,2018-04-11,39a4355f6aa228bdd1dfbc642952aec3,2018-03-21
e7a5701bb4e7ef276c46b8bc82100d14,a189fdcd17c49459d41f406cffb5264d,delivered,2018-03-14 15:56:55,2018-03-14 17:00:29,2018-03-20 19:17:43,2018-04-04 00:06:19,2018-04-03,022949b07073de5d6173732ea01d6155,2018-03-14
deea84bd5e80bec98688cce040163d4e,505dde6cb43587c90ca012959662763f,delivered,2018-05-05 23:10:33,2018-05-05 23:33:17,2018-05-07 15:00:00,2018-05-09 17:17:57,2018-05-21,b77776eae6a9ee05aeeaf60842656d26,2018-05-05
91894a6bee2407fdec8f29441d75541e,5d453be4ccf49d74d81b4e1f381dac15,delivered,2017-05-27 23:34:01,2017-05-27 23:45:20,2017-06-02 11:18:10,2017-06-19 20:57:41,2017-06-21,bcc9a08b533971412be737fd5bd918b3,2017-05-27
2e7b020eeca2d5b86d5263a996d540bb,f407009fa29e2acc16b36bca7cb2097b,delivered,2018-03-16 08:46:26,2018-03-16 09:07:27,2018-03-16 22:41:58,2018-03-21 23:12:19,2018-04-09,c5a525c4443cc914a8eebbf9d4a29fa9,2018-03-16
cef147376bb33bb005a1402f6d1df975,d312fe4060a6df0bcfbad3980c6dcbbe,delivered,2017-09-29 20:10:50,2017-09-29 20:24:52,2017-10-04 17:13:23,2017-10-09 18:12:39,2017-10-24,9062d3e575a476f5f3ffa8abf125fd42,2017-09-29
68e26c32708fa02057ea7c255d288929,7e1e6a9276e75274a3d81cebaa6f0c55,delivered,2017-08-19 20:30:07,2017-08-19 20:45:11,2017-08-21 21:15:36,2017-08-26 12:12:18,2017-09-01,21642f939fc937f5b8ee999e362c4883,2017-08-19
f5fcef5d7789fe60b872effa519c61f7,3a8fd5df8c4f435f83cd213175ec3633,delivered,2018-06-20 21:03:59,2018-06-20 21:18:29,2018-06-21 13:42:00,2018-06-22 16:06:38,2018-07-03,98913af5f5f0060d8cf2f25f5bc8d767,2018-06-20
270d816a580cef9525ac73d6c4b87255,66f6f1200cf04a1950b327fecf045fa5,delivered,2017-01-23 20:35:00,2017-01-24 03:42:46,2017-01-24 12:41:24,2017-01-26 13:46:04,2017-03-02,2e8561bf8b43a8b182c53dfb53fc9a7f,2017-01-23
f2d26951c2a2ed673083eb992ae8aa8a,c2e1d65c47178eac5bd515e6653959e8,delivered,2018-01-16 09:46:23,2018-01-16 09:54:26,2018-01-17 19:59:11,2018-01-19 22:22:00,2018-02-01,d1dae3a5d39b1261850728549a01667a,2018-01-16
c95fb74948e8db073f6114d3fa726fe1,5427db81b6127984b9d282e9e6ef2603,delivered,2017-11-05 22:06:17,2017-11-05 22:26:38,2017-11-06 19:32:20,2017-11-22 20:23:33,2017-11-28,4aceb8c7e323505487fb7ad6775f177b,2017-11-05
b53182a21556b268f4379515546be86e,fcf28aeffa802b47732e096c083cbf83,delivered,2018-03-03 19:39:54,2018-03-06 03:51:07,2018-03-08 16:02:50,2018-03-21 17:34:50,2018-03-21,298c3e1a698283a45f1c94df3942bb3b,2018-03-03
21733cca729d55bc70908258a2e90984,71d8b370aaeded50c1c23aee760f79c0,delivered,2018-04-10 21:18:14,2018-04-11 14:49:58,2018-04-18 16:28:31,2018-04-20 17:02:43,2018-05-07,8d83eaf05879f1f71dfb26f7027f1b74,2018-04-10
3b6690156750c4917ecf101375aad921,d6d96f27f24d818b943983695aa74ce8,delivered,2018-01-29 19:49:57,2018-01-29 20:12:17,2018-02-02 02:38:14,2018-02-22 21:55:03,2018-02-26,5a99dae4c9606abe29dc96573cdf9356,2018-01-29
1527028c6f0d2ca7a42e5337dc2762e5,da40474632f5b5c599e949b0800e7d64,delivered,2018-05-08 20:34:15,2018-05-08 21:11:51,2018-05-15 14:30:00,2018-05-16 19:54:30,2018-05-21,6de77ffc3e5e321221ec0c1740a0503e,2018-05-08
9b802ee9dfe931bb3bf0c9a23a0a2780,c3b46a2c4b10a6d46275d9902d91ff2d,delivered,2017-12-06 13:39:32,2017-12-06 13:50:56,2017-12-07 21:16:31,2017-12-13 21:09:49,2018-01-02,4026f7d0145275eb838ef552b889c0ec,2017-12-06
ba227a95d8ae1abc30bda3c6c5c08c1a,9db6f6b4c1314281d7ae168de7b502d4,delivered,2018-06-21 18:54:50,2018-06-21 19:21:17,2018-06-22 13:17:00,2018-06-26 22:34:31,2018-07-25,cf58b6fd429433b7e185b6e6453a8c9a,2018-06-21
ffaed28dc2c916f896616e904036ffd0,40cdd667844b9779a041e2aebe0f57d3,delivered,2017-05-30 17:31:27,2017-05-31 06:35:21,2017-05-31 11:09:22,2017-06-01 13:41:40,2017-06-26,5044faf2c6865d65a710642acbb21ee3,2017-05-30
7b539e31732dcb7e50afa35e6042717b,c032adfcb7e93ccdb27c8b4f12bf9122,delivered,2018-01-17 14:42:28,2018-01-17 14:52:31,2018-01-25 20:37:49,2018-01-31 17:42:25,2018-02-08,a561f142361b777a01a7f554685adafb,2018-01-17
0306b467a7c7d400d265b71cf6608e15,4ff38991e49354d05057650b0033234f,delivered,2018-02-01 11:32:12,2018-02-03 02:53:21,2018-02-05 15:56:44,2018-02-09 16:36:44,2018-02-23,518ff151056410cc1e01e1dc3711a1a9,2018-02-01
d1ca60cfa5b276544043d344ad224285,894202b8ef01f4719a4691e79dd24c17,delivered,2018-05-31 10:45:35,2018-05-31 10:55:10,2018-06-02 09:07:00,2018-06-08 17:14:39,2018-07-11,01a4fe5fc00bbdb0b0a4af5a5345cca5,2018-05-31
0d23d5f95886d46d2deaee6f7282316a,d4ade0e56c661ccfa575bc4270970209,delivered,2018-02-08 10:42:48,2018-02-09 02:50:44,2018-02-09 17:08:47,2018-02-14 15:39:04,2018-02-26,c0ceb197de4a31388883a6369ec291d6,2018-02-08
25db8af390f9984ee0af317b5239af35,9687241c8ed4018450273e3fe23803b6,delivered,2017-06-03 10:33:55,2017-06-06 13:05:43,2017-06-07 15:21:39,2017-06-13 17:47:00,2017-07-10,6e5c0e412f8b74a1c29aa945757dfc46,2017-06-03
f6d0018789810848d254ef989ed2108c,55df240e47344fa8542ff684aec523c9,delivered,2017-08-22 12:57:33,2017-08-23 02:46:55,2017-08-24 18:48:32,2017-08-29 19:29:05,2017-09-12,04ff6fa5671532494b7947c8c46f25f6,2017-08-22
8b6698a86e777937d240b9c7b6476ce9,2a924be148faf2fb7ad71c13b6109926,delivered,2017-12-21 14:25:31,2017-12-21 14:34:23,2017-12-27 19:19:02,2018-01-10 22:42:56,2018-01-18,08142acc8309337e9dfd631c5f41da27,2017-12-21
89289862108c78037897ba5b75f5253f,ad64e3a8a8bc6123498fb7752c53017e,delivered,2018-02-12 11:08:58,2018-02-12 11:15:22,2018-02-14 19:08:32,2018-02-26 12:52:01,2018-03-07,7828a4a1ee004bbe6665cbffbc4bf2d9,2018-02-12
a11f0312591acf976fd9bf40d6b539db,007b18ac9b8a627f259ea78aed981315,delivered,2018-03-16 23:03:38,2018-03-17 17:08:51,2018-04-09 15:13:03,2018-04-09 15:13:08,2018-04-12,a06d94b5d758fbc36c8f679d98ae1fc5,2018-03-16
e130d3f737127ae52681b9338aea9b64,b9da524b08224eaff1bf76ef4d4299ac,delivered,2018-05-25 14:41:25,2018-05-26 10:19:15,2018-05-28 13:48:00,2018-06-05 09:02:36,2018-06-19,bef3ce10ea5715fbcbcbe3b266ee94c5,2018-05-25
2f56e94e1ffe8f9d0af6c89ec43a13e3,2483d2afb58562785d0fec781d607267,delivered,2017-07-28 10:35:23,2017-07-28 10:50:12,2017-07-31 21:04:24,2017-08-11 19:22:39,2017-08-23,06285644a5dcbd27f078ec193ef2fc72,2017-07-28
d381b82dfce3b3c57938ed35c09ce096,acf3b1b4ec4e2a6aa97acf15cfab1d5b,delivered,2017-11-30 11:04:45,2017-11-30 11:14:25,2017-12-01 17:10:03,2017-12-14 18:18:46,2017-12-27,888bbf8be9eaceefedd820af2ddfb90f,2017-11-30
3614e1d9603e0068d80dcf12c407795f,873b040975fe95e97e2bf8e674b2739c,delivered,2018-02-12 00:06:24,2018-02-15 03:51:28,2018-02-16 01:28:58,2018-03-16 13:07:29,2018-03-06,e11326ba3a3b9c386f3c35f1d16e59d1,2018-02-12
3c84ef58a24b36acb52aef0fe4200d4f,a189e91674fa4a8cc4dbff954d0a4246,delivered,2018-06-20 18:47:35,2018-06-20 19:18:49,2018-06-21 10:26:00,2018-06-27 14:48:37,2018-07-26,f0cd1ff60635329804480b6c8f71e434,2018-06-20
1ec53891c581322d7f3a17fb5835b857,bc746f1c6fcd8b31f1feaf2111a780bd,delivered,2017-08-25 11:59:24,2017-08-29 04:26:04,2017-08-29 19:10:48,2017-08-31 21:04:09,2017-09-08,781686ab28fa4aa5816b213c5a7d2a5b,2017-08-25
a75677de97d29dd137bd7779428d9aa2,51620c2de1a1f0ef6e6ccda2b0c1ef11,delivered,2018-07-01 14:44:27,2018-07-01 15:09:56,2018-07-02 14:07:00,2018-07-12 17:19:26,2018-08-01,727fd1637068f738000769f328ccbe4c,2018-07-01
e2efd05161881ff66ece867b9221e6df,369b079c89901eec7a23b1deb9a7aee7,delivered,2018-02-12 22:48:49,2018-02-12 23:08:03,2018-02-20 11:29:17,2018-03-25 16:48:46,2018-03-15,36580bf41e01fe07a72d6e9b4a8d4dfc,2018-02-12
764e3bafd3f803a716418cb92d40e548,c7f88539d232d197ec095844868afca2,delivered,2017-06-29 12:31:55,2017-06-29 12:43:45,2017-06-30 17:25:13,2017-07-07 17:41:20,2017-07-19,8251ed483369858c120beaede24c5ff6,2017-06-29
dc349abe3608895a65a1881fa4b27649,29ace186c67ab06034ae84880cee3fb2,delivered,2017-05-15 13:52:08,2017-05-16 14:02:38,2017-05-18 15:33:28,2017-05-22 11:32:59,2017-06-08,802fc620c605578d990d6adee0138983,2017-05-15
9ac05114800f02bfaa783bd76842dbe2,9a4a662f2adad6ed0a31fd0d4221e1cc,delivered,2018-06-20 15:28:01,2018-06-21 15:39:14,2018-06-22 14:11:00,2018-07-02 14:38:57,2018-07-24,f13f6afa0bcce14330a5bcb6f1076904,2018-06-20
4096943338f6798c95bce03684e2a354,2475746f4e558c18ec6865adb7dab746,delivered,2018-07-31 21:17:50,2018-07-31 21:44:16,2018-08-15 12:07:00,2018-08-21 21:49:20,2018-09-06,a5784dce0bb434ba849e0c85d2c52899,2018-07-31
178660fc6914ba83609b807efe89f984,a80ad6e325412a61b61145b3f81bee3c,delivered,2017-06-09 15:12:46,2017-06-09 15:25:12,2017-06-12 13:15:48,2017-06-16 13:19:57,2017-06-23,373786bde5ab151a86c6c3f4446f9b10,2017-06-09
aba440032be16b32505c6e14bb755b0c,0a7e708542b39e5dd6dfccc8a8e3b7c1,delivered,2018-01-23 12:32:41,2018-01-23 13:01:15,2018-01-24 04:22:31,2018-02-05 21:51:43,2018-02-21,29518d17896d6a0902847dd45fc11516,2018-01-23
b40923df3f882c691f7906a3cff8ae23,f8c6dcd56ea35d173392a2ba5bfd6e95,delivered,2018-01-20 15:35:01,2018-01-23 03:37:26,2018-01-26 16:12:46,2018-02-07 10:14:00,2018-02-21,684fda5905aa430123c7b293106a337b,2018-01-20
797fe018b83e5b8aaef674bad19874e9,12f720722d56d2cdcafc93c9b5809ea5,delivered,2017-05-08 15:15:49,2017-05-09 15:22:24,2017-05-12 11:49:57,2017-05-24 16:23:07,2017-06-06,53a52be3ec8e43d7be46b037d58ff145,2017-05-08
a2c2158d6a2596315ca45703207e97c4,b4e237973ec5c3b1c17a3411e0633f30,delivered,2017-05-31 13:55:04,2017-06-01 14:02:40,2017-06-21 11:41:10,2017-06-26 12:41:52,2017-06-23,e7fb9f1bc1af781c26af81deea39de70,2017-05-31
6d6dab0b5b471af95c0b7a114b5242f4,9f7be3ecb950aed145871dd613cbb06a,delivered,2018-01-03 00:43:53,2018-01-03 17:11:28,2018-01-05 13:12:50,2018-01-09 18:25:49,2018-01-26,124621ab7971ddd927e021028e8f2ad1,2018-01-03
fb4c654f040642300a388f17ee02be7f,d9e3358d714896d16cbc712a46559861,delivered,2017-11-25 16:49:00,2017-11-25 16:57:26,2017-11-27 20:35:53,2017-12-04 22:52:24,2017-12-18,3d4ec1f3f781e8244b18998a4cc86212,2017-11-25
da60e4caa4c6e303002f33c304011591,73038e9f26a27fc56631416306bd7829,delivered,2017-11-13 08:04:09,2017-11-13 08:15:23,2017-11-14 21:48:48,2017-11-22 18:12:13,2017-12-08,c3ddcb8cafa47711e96ff4852fc7e52c,2017-11-13
a679a3450fae65339681e567b378ebc5,45e4dab8ec0beda6573700b2272cb164,delivered,2017-08-14 12:45:58,2017-08-15 12:55:19,2017-08-16 20:54:35,2017-08-29 17:53:19,2017-09-14,8dd9fc55fe6833c01cdff8986174b83d,2017-08-14
3a1a92434eae60a4f44ad7ebef65c3e7,dc11c734af06298550995bb5ff673dce,delivered,2018-07-18 15:03:36,2018-07-18 15:22:25,2018-07-19 10:15:00,2018-07-20 22:32:07,2018-07-31,a7f45c1961dbd98e7a14f3d38ea11c06,2018-07-18
3343de372beb853bffdaa61da97a22aa,7b6af10470b26c401d18e3083e271339,delivered,2018-06-13 17:05:52,2018-06-13 17:39:00,2018-06-14 13:10:00,2018-06-26 08:46:40,2018-07-16,038d84ab58dc78ee67846b354424ca6b,2018-06-13
d2ce2764e877473355ddb49af8eb3bc5,def6003502bb7701e2cdc0cb5af42cfe,delivered,2018-08-28 14:32:59,2018-08-28 14:45:17,2018-08-29 11:01:00,2018-08-30 15:02:39,2018-08-31,f3e71989aaa365356d121d87129aa2ce,2018-08-28
26449e55a87a5c565d60238999c380ff,3ebd7c64f990c7558321fb5af7a547b9,delivered,2018-04-22 18:05:20,2018-04-24 18:55:14,2018-04-23 10:42:46,2018-04-24 19:11:46,2018-05-04,67e01e8409e5b0735a24e54759195613,2018-04-22
d486475824974ef6fb73375f5a50e465,2dbc6c19eaeb265c5bed88607eb98f21,delivered,2017-06-23 22:04:36,2017-06-23 22:15:19,2017-06-28 12:15:28,2017-07-04 07:34:35,2017-07-19,593744560cc76cf8dd5b6bac6fdb0cd5,2017-06-23
74945023a969c39c770a3d73e669c5c5,8db2bd257e77d70fd9ed115f4e68e3a2,delivered,2018-07-08 19:12:15,2018-07-08 19:25:16,2018-07-10 10:24:00,2018-07-24 18:46:51,2018-08-03,a8536e72851311b3102b544254fdac0b,2018-07-08
105a70f8a707fdd43b003271860132bd,713c6678ace69cc88a91c9e56ee2a20a,delivered,2018-06-04 08:08:48,2018-06-04 08:30:54,2018-06-04 16:04:00,2018-06-05 23:59:29,2018-07-04,0bfb268a7a8268c6a67d71693a0c1c95,2018-06-04
1ba17bb34e802d7e243558ee086ff754,991dfbe50e6444dc9f25c9f8d3562ceb,delivered,2017-03-21 15:22:48,2017-03-21 15:22:48,2017-03-22 15:28:38,2017-04-03 17:04:14,2017-04-20,fe583fa349eada65507f4a724344f5d7,2017-03-21
ba05596e1b0875fac4abdf6a6d036743,da7acf84f4943e92fe8d8c767824a994,delivered,2017-07-15 16:14:09,2017-07-15 16:25:11,2017-07-20 17:42:22,2017-08-01 19:46:53,2017-08-10,15ace7e8f7a0cfb296fcfea489e2445a,2017-07-15
4e78c8e6f00a4ca7409db04227837738,66d8f30fb4390d0b8d3e0b639bd367a9,delivered,2017-10-03 00:20:58,2017-10-03 00:35:09,2017-10-11 19:11:51,2017-10-23 18:18:38,2017-11-03,2bbd09d4d1fd7751420a920931100140,2017-10-03
420279d8b0ac26f42d2e3a4e8dd959b5,eba7ed7b49f33dcdb5757243bb1151a2,delivered,2018-01-06 21:39:08,2018-01-06 21:51:27,2018-01-08 17:57:18,2018-01-15 15:53:16,2018-02-05,73d53d2124cce660dc5165c7cce823d7,2018-01-06
a594e1f484d5b84270ff28ad578632d2,944da8dc6dbfd378263bb8bd8b4acb76,delivered,2018-03-12 15:12:33,2018-03-12 15:38:09,2018-03-14 20:03:23,2018-04-11 10:52:23,2018-04-06,a865635310622e60dd303e4128fc09c8,2018-03-12
23c0fb66f3afa483b302cc740b14f17b,3f6ede29d4c69cd3316d2035b6cec1fb,delivered,2018-05-16 23:45:47,2018-05-18 04:36:16,2018-05-18 09:35:00,2018-05-21 13:48:28,2018-06-13,7a380cb5434e6b6b5b37d45bb99dbe8a,2018-05-16
8f677798a3e80c02adf52911bf8d145d,17b723f5c85b44a1dcf96dca43d3eb89,delivered,2017-03-20 17:01:26,2017-03-20 17:01:26,2017-03-21 14:24:10,2017-03-27 18:05:32,2017-04-11,5063d70a88d82aab39d8a197036aaf2a,2017-03-20
413648037e02e5c759e67071c61b2fcf,ac6f5d2cdbd505344d970017a51bfc43,delivered,2018-08-04 16:49:05,2018-08-04 17:04:03,2018-08-07 15:42:00,2018-08-13 22:36:37,2018-08-15,ce0c46039a9592b6ee052bace25756e0,2018-08-04
6b1524b569b3782bcdd845635117ef81,d7167d6d21d5201411121195fbe953af,delivered,2018-03-27 10:35:40,2018-03-27 10:47:55,2018-04-02 15:29:39,2018-04-13 11:51:16,2018-04-17,a6dcd259d020f1abbda77f4d33f9922b,2018-03-27
082d1a4833001c9e4d9a97109ea180d6,3bc5243906b84d5c2d343147f0eafbe4,delivered,2017-10-18 08:45:41,2017-10-18 08:56:30,2017-10-18 19:32:07,2017-10-20 20:11:48,2017-11-06,6858ce30f88a81273fb705a2fcc52aa7,2017-10-18
58fbd882a7ce0cf6eca11251a96931d1,85eb24e5005373089e1361c0af90ea3d,delivered,2017-09-19 12:50:29,2017-09-21 03:04:37,2017-09-21 18:50:11,2017-10-03 17:57:45,2017-10-05,f87119243e35259242f575fa8e447fed,2017-09-19
6ed3f553337457d7804e8c39b580ce89,db34aec8913fe9f462bf2167afd258ca,delivered,2017-11-22 15:32:48,2017-11-22 15:47:14,2017-11-23 16:12:57,2017-12-01 23:13:29,2017-12-13,0e6d20df2d2c4ba9283ad121dee84e1b,2017-11-22
b2bc298fa029f415e70abae220ebf282,dc77ed4e8d992ff8e738b64198870eca,delivered,2018-05-15 19:30:49,2018-05-15 19:53:04,2018-05-16 06:34:00,2018-05-22 00:08:39,2018-06-04,507c84a12a163fa17b7d875eb0f80bb1,2018-05-15
196a79cd1b9ff7ad77dfaa9d4c46d04c,7fef0997cc98db48b91fdcb9841e909c,delivered,2018-02-05 10:36:40,2018-02-05 10:50:30,2018-02-08 23:17:13,2018-03-06 21:38:42,2018-03-13,86b0aa3acd7e8f7427c8915780f5cd27,2018-02-05
7be4cf9e577bd6353f88c21ffdf87931,2731fd84e6a05d548640607a131f185b,delivered,2018-08-21 09:28:11,2018-08-21 09:50:20,2018-08-22 13:26:00,2018-08-29 19:38:29,2018-09-05,84d416694948fd681e59f5c6fb216999,2018-08-21
28261c529e96c64f072a17b839812d63,2dbd4a021efca34f591c4bee3a821161,delivered,2017-09-18 15:41:27,2017-09-18 15:50:26,2017-09-20 13:29:00,2017-09-25 21:33:03,2017-09-28,87fcf527091245e44cd837c06fe0e0ce,2017-09-18
f1411a1d5c32efefafd71fce9773de51,633d1bcc302d769ba3f9da7d010d74b2,delivered,2017-06-29 20:08:14,2017-06-29 20:23:50,2017-06-30 14:23:48,2017-07-14 12:07:45,2017-07-25,1353d27af23e55a4e17d000a367d682d,2017-06-29
f71c29e41d9d12d65f0e05f17fc6cecd,4139b916aeaacb9ac5133afdffe2fdc4,delivered,2017-12-05 09:18:12,2017-12-06 02:50:20,2017-12-06 19:51:55,2017-12-15 17:11:00,2018-01-04,db3943e6f7e57135751b8cb9219b1a6e,2017-12-05
ddd71c8539788a710549849a7dcaebde,568ad2e25b8b84904ae2fb3863363a75,delivered,2018-02-21 08:27:26,2018-02-22 02:15:47,2018-02-23 17:52:57,2018-03-16 16:02:27,2018-03-20,1a732a4b42dc7c3b3710e04d65836995,2018-02-21
cab618a13f81a7ad42573993ddae2ff2,4205cff8e8c084e073c7c3d8380b98c6,shipped,2018-02-27 12:19:10,2018-02-27 13:00:30,2018-02-28 17:11:46,,2018-03-20,a278e5ab3d212b2c8285bdfa911b25a7,2018-02-27
e9a85f45594b8912672374e10d99f1a7,a0c7aec11a5f3ec702888d67aeedeed1,delivered,2017-12-27 22:37:02,2017-12-27 22:48:18,2017-12-28 18:36:28,2018-01-03 10:59:09,2018-01-22,65a944ed12c066780cdfeac5a417d32d,2017-12-27
6ff900f88e265e076a3625007c01cdbc,a00774e666bc2f0af970ff157ecf6f7e,delivered,2018-04-27 19:03:57,2018-04-27 19:15:25,2018-04-30 15:27:00,2018-05-09 21:08:48,2018-05-22,e47e7465e3dc440e96374b8dde062f9c,2018-04-27
fb782978193f7e29ff62d9b64c93ff54,17cf99bbc536657ddba8b1428192e103,delivered,2018-06-07 20:42:19,2018-06-07 21:36:00,2018-06-08 14:14:00,2018-06-13 19:12:34,2018-07-03,4e6f6ed96c6bf5701e889301565361c7,2018-06-07
c6aaa7cbfc09b6f769d45d149a852643,109752cc7796656c8d504f634e66aead,delivered,2017-11-24 00:16:09,2017-11-25 06:29:52,2017-12-07 22:37:56,2017-12-11 20:37:52,2017-12-22,4b6cbf21433bdded5ea3fad432d707e5,2017-11-24
1ff6183537eb3a189de77b309ed28ad1,52ac1d5c2063338b5a45f69a14528c9b,unavailable,2018-01-02 17:31:02,2018-01-04 11:57:21,,,2018-01-31,93345700f0e852aa904fae18cec8437c,2018-01-02
67c2939389900ee5ef95296df8691336,ac9333a0622593a2af3c26cbec36576c,delivered,2017-10-26 22:54:02,2017-10-26 23:06:07,2017-10-27 18:49:44,2017-10-31 21:28:59,2017-11-14,78b47e917e6732e91b9fd5e23205b830,2017-10-26
96c0941a87f12624bbaa976c3cb81ca2,36a55a60f18b9cf47ec2b374f2c097ea,delivered,2018-05-23 08:35:19,2018-05-23 10:36:12,2018-05-23 14:31:00,2018-06-15 21:14:54,2018-06-08,56c355e615aa216a8c404c4f3d22383c,2018-05-23
4550006a45ae092d4214e3dc09b89194,9f14d5cb2c7d39f6c4556ff35f4ba78e,delivered,2018-06-26 11:31:55,2018-06-26 11:56:50,2018-06-27 07:56:00,2018-07-03 07:41:40,2018-07-23,293e5ccf608a9ace023ea0e0f17c452e,2018-06-26
c41c7711e8d92901517c702f0836ea59,7197a7e7977ed02ce5e53c8a46818808,delivered,2018-06-27 17:52:31,2018-06-27 18:12:42,2018-06-28 09:32:00,2018-07-11 00:13:48,2018-08-08,84e15d7bf7388e7c3b6233f4076c3f43,2018-06-27
1fc6f36a09a4afd9024b0cf47d52924e,7257af5a464fdcac46d918d3e0d547ed,delivered,2018-07-25 04:46:10,2018-07-25 05:24:16,2018-07-25 09:23:00,2018-07-31 23:06:40,2018-08-17,5ae08af8f3515283b1828222edcb9aea,2018-07-25
bced00a55bb6ecdb3c4a181b43ddf3e7,4ae69b0abbf8efc595adad1c978c765b,delivered,2018-03-26 10:03:34,2018-03-26 10:15:35,2018-03-27 01:12:21,2018-04-16 22:28:30,2018-04-12,e803c2ae7cade79fbf83dad91e48203a,2018-03-26
45ce374cd293f6539ec1711a93f94aa7,05f337ebaa4407b43c68d15f5cf1949a,delivered,2018-08-15 19:52:54,2018-08-16 03:10:14,2018-08-16 14:06:00,2018-08-22 21:58:34,2018-09-12,0d7a6ee9d351c0856e4858cb84f26c3c,2018-08-15
3c843728a555b7e433f4a128b82d6740,4bd294209a20481f0b350a90a502902f,delivered,2018-06-24 20:26:36,2018-06-24 20:54:52,2018-06-25 11:23:00,2018-06-30 16:36:55,2018-07-17,dc6b93223a3aa3b912a8c4baadd26fc3,2018-06-24
efd3e6079ebd4d192d41aa488cbc1757,32057ee964e8c08387a897d367b0777d,delivered,2018-02-14 22:40:28,2018-02-16 14:31:07,2018-02-20 12:08:49,2018-02-26 23:59:10,2018-03-13,1f586cd6aa79633f178634358bba566b,2018-02-14
90729c9368dfbc80cac0f98648c70379,39a0a78fa906f6ce2b95e348f186016b,delivered,2018-04-07 19:54:46,2018-04-07 20:08:35,2018-04-10 20:32:21,2018-04-13 22:06:29,2018-04-24,db51bbaef0cbd71bb1f27f5378eeb775,2018-04-07
ea6a496329b06f8ef26ff21eb61998f9,42a5fcbbdad65719b297e30533cdfcfa,delivered,2017-02-07 14:26:30,2017-02-07 14:42:08,2017-02-08 17:37:43,2017-02-13 13:03:19,2017-03-06,1215ec4a375a52f5b9f75d951828371b,2017-02-07
120e494a0a23aee36f4d7a635e469172,08cfbfce32d6e30b94c84bbd630aafae,delivered,2018-08-17 00:29:48,2018-08-17 00:49:14,2018-08-17 15:35:00,2018-08-27 12:21:06,2018-09-06,131dc8b84d915d899517bd2867f62401,2018-08-17
f6fbf7907913892ffc12ada3bff286ba,1d7d832199ca5ea415e212d226ae106c,delivered,2017-07-31 18:47:11,2017-07-31 19:03:15,2017-08-02 17:49:51,2017-08-10 20:04:29,2017-08-30,46e277a4bd2d4bf3e0e8cfaf4ea3c41b,2017-07-31
c0567ba9f6736e00d05c404aac7c9430,418e8d9a30cdd26678265116e8f06ca6,delivered,2018-07-03 20:16:20,2018-07-05 16:21:30,2018-07-04 14:07:00,2018-07-10 20:22:15,2018-07-16,4b52b581adde85cafdb0b04a130e5d6d,2018-07-03
4b02687f07f856cac25049dd4406cd52,2a121b0b3ad1786974498558a5b85b4c,delivered,2017-05-28 13:55:44,2017-05-28 14:05:14,2017-05-31 15:57:03,2017-06-08 14:36:27,2017-06-29,9e31af3a959762dbcb33efebc315745e,2017-05-28
2b8c8846f8e82bd4956159a513ca01ad,2cd34b583d992938389048b0af8bea8a,delivered,2017-03-17 18:21:51,2017-03-17 18:21:51,2017-03-22 13:12:03,2017-03-29 15:42:54,2017-04-07,a975496624b578358d2f33cf43d8ba4d,2017-03-17
50782cd44ddec8134f7d93043ebfd333,454597de2c9100d65a4ce3a74ad8acfe,delivered,2018-08-17 16:02:15,2018-08-17 16:15:17,2018-08-20 14:19:00,2018-08-23 15:40:43,2018-09-06,b80aea5d566c55201d7c72d6c8580477,2018-08-17
f6ad54b5be9c3a496973acd1b1c8b714,6f67142db4b6ec414dd624724b738f3f,delivered,2018-08-13 14:18:44,2018-08-14 04:25:23,2018-08-15 14:25:00,2018-08-21 15:16:49,2018-08-30,3058f1cb6f29801c908499b888b1cd0b,2018-08-13
b90eb14cd43f40f7b2ad0102469e43bb,c3ca68094375f8b51c8ca056b5a92a7b,delivered,2017-11-30 23:20:14,2017-12-02 16:17:27,2017-12-05 01:04:52,2017-12-06 21:48:49,2017-12-18,2420662d39289d527ba8b94aaab3a281,2017-11-30
d37d275bf870e1d9a50b888717929495,9f9a83d15d7255a3747dd9175b875ea0,shipped,2017-07-16 13:08:37,2017-07-16 13:22:58,2017-07-20 18:03:14,,2017-08-08,5385c8288fcff00b5480d11379651558,2017-07-16
1c58c266f70494954b0e545444355f3b,78f6f95ad4bd71dfc7185b4825afea8a,delivered,2018-02-26 08:38:33,2018-02-26 08:50:23,2018-02-26 20:17:26,2018-03-15 21:28:24,2018-03-23,6ecae395621d20aca9711709fedacade,2018-02-26
18ed15b7c2fadc5faa4db7a9f24d7d61,8a6f41f613047807293074456ba0229a,delivered,2018-03-18 14:49:40,2018-03-18 15:08:04,2018-03-20 02:28:37,2018-03-21 19:57:45,2018-03-29,49257d143ec6384f53a6648062252966,2018-03-18
70ad0c0c83d69921cc0675f3e56d4e02,4fab1dfedcedd8d1a0ac3fb3475de007,delivered,2017-12-01 13:08:26,2017-12-01 13:18:46,2017-12-05 19:23:18,2017-12-12 18:58:46,2017-12-26,e9b5c04c2364a0d172307ecb95a74ef4,2017-12-01
30a1f7a69f9dc03ac7bfd48df243ccef,ef3ad6cd82126989fb3e389f6b9c54ef,delivered,2018-01-30 21:28:31,2018-02-01 02:52:56,2018-02-01 20:29:34,2018-02-20 15:13:19,2018-03-09,41cb33fa84fbf65c71995e5f6d9564ab,2018-01-30
08adcddad19d3acf37d1fa01cb9ded1e,94c2f45091985c47b4c4fb301113f0a4,delivered,2018-06-27 11:16:44,2018-06-27 11:30:56,2018-06-27 10:57:00,2018-06-29 17:39:53,2018-07-18,f53d847d49d33538c9a0d17251ceb68a,2018-06-27
74851b1eea867c905d24b4a96306af8b,54a3a6f6333268fbb453f6b9834e90b1,delivered,2017-08-26 08:51:18,2017-08-26 09:05:17,2017-08-28 19:40:11,2017-09-05 19:22:28,2017-09-22,74f8bf53fadec7ea8e08cf119d0fa4da,2017-08-26
1ed4e96d371387280707c53f4555031b,a7aace19091346dc0e229e1c2b43e896,delivered,2017-11-09 12:49:59,2017-11-11 10:06:18,2017-11-17 20:16:47,2017-11-22 14:35:44,2017-12-06,07da55ca1be33c14e4f02f24a3f6de6e,2017-11-09
629e289bf8013a1e9dcb5fc8cb9b377b,bfe6959e788d3b3bc146aa98f45ddb6c,delivered,2018-06-15 15:13:15,2018-06-15 15:37:43,2018-06-18 14:41:00,2018-06-19 19:42:36,2018-06-28,2ddaeeb8948d70423c3326843412fccf,2018-06-15
230429e6f253f9cd6561aad72ce7ee2f,a7924be36d69088596f4ceb0178adf28,delivered,2018-07-18 13:30:45,2018-07-19 15:30:27,2018-07-30 13:42:00,2018-07-31 18:58:33,2018-08-03,1772c0fbee58b154da028487de51b74c,2018-07-18
b3111cd50c7a34635433d6a557a6bf64,25700734456e911ea55a83b37c50de2e,delivered,2018-06-17 10:07:40,2018-06-17 10:19:38,2018-06-18 12:42:00,2018-06-22 15:06:44,2018-07-05,d5578bbdbd75c1f6ddc549e009b5d618,2018-06-17
6b63e99cee8db08f10bb8f41c56f42c6,fa98c49b78e4bf3bd57baee31a771ef1,delivered,2017-11-30 17:04:38,2017-12-02 02:38:03,2017-12-04 20:53:01,2017-12-08 20:07:20,2017-12-28,bc6693150fe09832ea76d25650f733f3,2017-11-30
a740ec24c1003da3578da8a0627f50a2,2fcaf832642f3c050776fe4f9a5cfc6e,delivered,2018-05-02 13:54:46,2018-05-02 15:40:31,2018-05-04 14:40:00,2018-05-08 23:38:46,2018-05-18,3e4f7d082101e1bb55fe8a7115049625,2018-05-02
bb3b9252816ff94fc9f21944cfa0b6d1,84353738a84112675537c08797692415,delivered,2018-05-04 16:17:14,2018-05-05 16:13:44,2018-05-09 13:28:00,2018-05-22 22:48:18,2018-06-05,b6658698e26b7eb7721441be5834e782,2018-05-04
18917193c2d4f159daff7df3b208d22e,ce94567df6da5d7d85640b02953f44bc,delivered,2018-02-18 19:05:11,2018-02-20 07:07:31,2018-02-21 17:19:14,2018-03-01 19:08:40,2018-03-12,1f53ce3e279f1272b2fb964bb2ba25ed,2018-02-18
408c159bf7f5bb5ee0ee64ca6be81ab3,c72a2535917c69cffe7135677632702a,delivered,2018-08-12 19:29:47,2018-08-12 19:44:36,2018-08-14 09:40:00,2018-08-20 13:16:27,2018-08-29,fae8e2a6ad5578e55fc3bd34e1616ca2,2018-08-12
dee5aaea45b39a487724b13ee9523e88,ae426228e04d6189518ffd4338572740,delivered,2018-01-26 18:16:08,2018-01-26 18:39:19,2018-01-29 22:29:01,2018-02-05 12:28:48,2018-02-15,64d6e417275b4d99214428b330b07b81,2018-01-26
70e4a7d6c5ca0ca7bd543955b1d9c056,4d1d60431e94c06016147b85bd0b446e,delivered,2018-02-08 18:26:33,2018-02-08 19:02:06,2018-02-09 20:33:40,2018-02-19 20:27:14,2018-03-05,f8923190cc35533d1e9ea6a9eda75e4f,2018-02-08
973f596fdd2295f00754dd37ab7eb684,01cc68904d33964bd2e7bd52d10efe18,delivered,2017-02-06 22:47:03,2017-02-06 22:55:13,2017-02-10 15:27:04,2017-02-15 04:35:01,2017-03-01,1d15c4b479b85b74daf5f6742dd3d05d,2017-02-06
3e7a5341d84707eefa28c4d2273e60ae,823f621f5037d971a15b0cb861f8c554,delivered,2017-11-24 10:31:52,2017-11-24 13:57:35,2017-11-24 21:47:44,2017-11-27 19:12:49,2017-12-08,b1dede4db8218754b7f4fbe2c60cf162,2017-11-24
9ba68602fafba92a21fc48911251ce31,727ddec07f701bf58a5ea4692c4cbbff,delivered,2018-01-07 10:16:19,2018-01-07 10:27:11,2018-01-10 12:34:04,2018-01-25 17:02:49,2018-02-16,ed3c685828145919f83c3df6209a57e9,2018-01-07
dfc2207ff43ff152e5a94f9c580ffe7f,86875ab8aa20041cce596d58f3a37e1c,delivered,2017-06-05 23:05:44,2017-06-05 23:22:16,2017-06-07 11:41:33,2017-06-13 14:34:43,2017-06-28,ea1047b9edfc80b38ec0c2502432d577,2017-06-05
c8fbeee3ca85a32da48fa57b351b18c2,bac36f680d5c0c0bb085b8a86a5e68cd,delivered,2018-03-21 13:20:03,2018-03-21 13:35:33,2018-03-22 20:02:43,2018-04-06 00:28:21,2018-04-18,ec61877bf79d83a203085ea6022cb384,2018-03-21
8861169e1fdf588ae812507b0cd3e2fb,5eedfe8770c08d904f4c4f1c89da224c,delivered,2017-03-20 21:02:06,2017-03-20 21:02:06,2017-03-21 16:15:22,2017-03-31 10:12:47,2017-04-24,c0e34eb3758ff52f422e985899707a00,2017-03-20
962938a0eb303d087976fbcbe632723a,1579098c5d9e5744b0f81f652b2f3f3b,delivered,2017-12-18 08:26:07,2017-12-18 09:31:24,2017-12-20 21:51:41,2018-01-09 18:45:26,2018-01-18,07c6a18a7a0ed9ae97808d25bbdb38fb,2017-12-18
83b5512cab9d85f6f644b4d28e423f06,5dc340dc5299977f8ac7a1a5abfcdf54,shipped,2017-06-14 19:52:30,2017-06-14 20:05:27,2017-06-16 15:37:46,,2017-07-28,2b85ec29465d3698c94e89a255767977,2017-06-14
1bc7434bd3185b311a6d4016a03ea06a,0a0c2a4fcc642872a37b8454f7c4df86,delivered,2017-12-12 08:20:07,2017-12-13 02:50:07,2017-12-21 22:09:54,2018-01-10 21:42:24,2018-01-15,b03346a8e14bff6e1d669625df319821,2017-12-12
2fe9c43306d90b933dc4efadb0f852ff,e7a055b4b4b6a31ca43d235c54d87897,delivered,2017-05-23 17:02:02,2017-05-23 17:15:18,2017-05-24 10:45:04,2017-05-30 14:52:18,2017-06-14,8810ba9ddbf9f21e12e7ddac3ce887da,2017-05-23
fbff49f23160970478cfc548cf7acde6,bf595ac1199b8f88990ff5389e648b00,delivered,2018-04-30 23:40:41,2018-05-01 03:53:44,2018-05-03 13:19:00,2018-05-12 13:48:50,2018-05-24,af3b89ee7f3a1cfefc9c5d3dbca30d6f,2018-04-30
9b434ff82e1cc10e25641256b7ec7b15,ee74cd7692f3590b03d7b8fbcdb18c44,delivered,2017-10-03 21:10:45,2017-10-03 21:24:29,2017-10-04 13:41:32,2017-10-11 22:12:38,2017-10-31,6dd6e77a98003996c7fd7afb70be95c4,2017-10-03
05d61bb749461f4805dbda51f767fa47,80f16375ce928674fe11f2e5130208e1,delivered,2017-08-29 19:04:05,2017-08-29 19:15:17,2017-08-31 19:37:26,2017-09-15 18:42:30,2017-10-10,3e45a109987cde39a119cd1a7eade7ea,2017-08-29
b7dd6e83a855d2ed0804d8ff84535092,c3a8f50426b563c73370f773f8aaf9da,delivered,2018-06-19 11:44:05,2018-06-19 11:58:21,2018-06-20 10:31:00,2018-06-29 16:52:33,2018-07-25,58d711f2c39c1043d41d4594e0b5eaf5,2018-06-19
fecc4ea5a3e06ce3192ae2f05b7a8439,ec43686dd7b2f48ea65475606fdfc85d,processing,2018-01-14 21:52:31,2018-01-14 22:09:08,,,2018-02-06,12bf6178776d90da204cdf1b37d23906,2018-01-14
e28247f13af9b927289e7730877eb923,04e6b770102df2c677ca4505f9c0c786,delivered,2017-12-16 11:45:11,2017-12-19 09:54:36,2017-12-21 15:42:30,2018-01-09 21:48:12,2018-01-18,e573a0cfd274f1b93437e8aa24a45e8f,2017-12-16
e16f4887f57e05d5e8379d954bae6785,c4d3d5473a9cc20d7acdf866c7cbc1a3,delivered,2017-07-17 08:44:24,2017-07-17 08:55:18,2017-07-19 22:13:27,2017-07-24 12:07:45,2017-08-08,1befc1536a31cfe58586bd008df9cb28,2017-07-17
d9fee6ee13066c1eaaa95f24bcc8a4d8,6e2c7ae79ed263e82a5d4cacdff17326,delivered,2017-03-04 12:39:50,2017-03-04 13:05:31,2017-03-18 07:24:00,2017-03-22 13:38:37,2017-03-27,72d27a31eca277b1cb06534d631e3392,2017-03-04
3da53042e56776670fcf05a64d884ce9,3af46ebb3600804c782615cd897db0db,delivered,2018-02-04 21:25:23,2018-02-04 21:35:26,2018-02-06 17:04:25,2018-03-07 12:54:05,2018-03-15,8cd6e198e22093b0bfcd95e3e67cb77f,2018-02-04
8055e039e3e86f6328082ea948230520,dac66821be170e68ee80d01a5b166760,delivered,2018-04-06 22:32:42,2018-04-07 02:48:23,2018-04-09 23:56:46,2018-05-08 17:04:00,2018-04-27,0a8ae1a2b8d6524ba8b19208b6b6e1f6,2018-04-06
c6472cb27f5aea27c6f874ae8928939a,32e186b1bde73732f1cca0247967cbcb,delivered,2017-11-23 13:18:06,2017-11-23 13:26:30,2017-11-23 22:21:39,2017-12-04 21:26:51,2017-12-20,74f62172da3c6cdbda0e80017f6f5cf4,2017-11-23
1f790c9e3bb6e08d226245a5d1d781fa,3231b84e6605fdf9e9d0a9fd4bc290e9,delivered,2018-01-14 11:38:15,2018-01-14 11:49:24,2018-01-15 17:13:02,2018-02-01 00:33:10,2018-02-14,435615550ef4aa0b8e484c055a42808b,2018-01-14
3f71c7ea78bd7df6729746c1f93ca424,69a5de2d98d4729f8dad3add11022053,delivered,2018-02-01 16:22:58,2018-02-01 16:35:29,2018-02-02 19:21:47,2018-02-20 20:25:29,2018-02-26,4820478e8cb6198530212821746419e9,2018-02-01
c873d67cdcc79e51c21b47d8c69ada68,36ad966afca63b90b96b3d01f09d956a,delivered,2018-07-02 15:38:53,2018-07-05 16:09:20,2018-07-04 15:15:00,2018-07-11 19:20:34,2018-07-30,3bf80ff2a823018c425de5658057cc5d,2018-07-02
cc162c1cd7cfadccc729922aa7fa2d2b,6049d21011689c1e6dc8978c25a3d4b4,delivered,2018-01-25 15:48:44,2018-01-26 22:38:07,2018-01-30 12:38:04,2018-02-15 19:49:10,2018-03-05,55e3628de0f0fc02c8cd3eb79de3b739,2018-01-25
0c5cdf9ab91788bffa3d0f7e8ce4b213,f4b699445bfa4eb7d6247e4f47eae9e0,delivered,2018-01-26 16:45:03,2018-01-26 17:04:09,2018-01-27 12:29:00,2018-01-29 19:27:57,2018-02-09,6b2a5ca1951e2192b2605cbf45b29892,2018-01-26
96d3f09ebc42f05ab83a2ca85483e0b6,a0abb996d53cdd579f6af5bc5de8c28b,shipped,2017-12-13 23:04:15,2017-12-13 23:12:21,2017-12-18 10:43:46,,2018-01-10,ceed36e28a7cafdb8933348019f37b28,2017-12-13
0d77e9b5b271b221b5d181c38276769e,ded07964b8b743d9fd2688790b7052cc,delivered,2017-11-20 18:11:59,2017-11-20 18:26:30,2017-11-21 16:02:52,2017-11-25 15:29:16,2017-12-07,7efa5eed041889e5244fabf58cfd7261,2017-11-20
1612d79764f7941116acc8be4239906b,91f9de3e080ef6be6aa8b5ae3cae1d4f,delivered,2018-02-24 14:59:24,2018-02-27 03:10:34,2018-03-14 01:11:23,2018-03-22 22:14:53,2018-03-22,bd84ecd29495e3aa78cf6491ee2e91af,2018-02-24
b210147ed6159ab19baaff71f7e43491,b486a070f6394081a2fabaf37e15d264,delivered,2017-05-24 18:03:51,2017-05-24 18:15:21,2017-05-25 21:13:05,2017-05-27 04:36:40,2017-06-06,05a2a8159b5f30e79614ae9e14cafc4a,2017-05-24
85fa27c13d9874c3c90074e4989854c9,802aab55da2088fc080fe78233f047b2,delivered,2017-11-11 14:35:26,2017-11-13 19:31:21,2017-11-16 17:25:34,2017-12-05 19:13:33,2017-12-12,a51c9e87de4b204e26e777faa7116b97,2017-11-11
41edd30acb1a7bf7b3ba3efe83da6ce3,1dfc42d29e4c210de654113ab49e6f4f,delivered,2017-08-16 23:37:36,2017-08-17 01:35:36,2017-08-19 11:34:29,2017-08-24 20:48:59,2017-09-08,191e184573cf04ed0a99a5250488a483,2017-08-16
dee6298ce7d1fb2645141ef9972157aa,c35fd04a09c83d6f53b2d4557eab7445,shipped,2018-04-30 14:06:12,2018-04-30 14:15:24,2018-04-30 12:59:00,,2018-05-28,6776ae9432a76cace1d54a6fd1abcc57,2018-04-30
6503586e6d752bdb3ebbd1607e6a714f,bec0ecd38c187bbacdf9a805540fbb68,delivered,2017-08-27 20:42:33,2017-08-29 04:26:10,2017-08-30 12:17:04,2017-09-04 20:18:09,2017-09-25,1abd10e2bc0afe1bda7ee7ee280a6e9d,2017-08-27
3987a36b34a784095059a22c400b4f8d,ede638a975b20f1414a9ed146f055a27,delivered,2017-04-28 12:15:56,2017-04-28 13:05:22,2017-05-02 17:19:39,2017-05-11 15:40:07,2017-05-24,a2b769288a2aaa41e38702fcbf9205bd,2017-04-28
a5d7b5b625f48f4af406a8b11bb59751,92dcd0241fba4e4253f99460cb9270d7,delivered,2017-12-18 16:00:07,2017-12-18 17:18:36,2017-12-21 18:57:12,2018-01-08 21:40:01,2018-01-11,2b2444f1324436d35fd4d96e0c865374,2017-12-18
d72653b199232133a82a28e6e340133c,774a93f58af283167817a7a186680553,delivered,2018-06-07 10:02:26,2018-06-08 09:56:04,2018-06-08 13:59:00,2018-06-15 19:16:34,2018-07-27,d941a608aa14794954f62d8c3da2b9dd,2018-06-07
88fb1f364095174f013123c8a3781c31,657257c1377038d391004bf7aca86b79,delivered,2018-08-08 21:18:55,2018-08-08 21:30:15,2018-08-10 15:07:00,2018-08-21 18:19:01,2018-08-17,d2f0b9e0fbf779c60ff56f493ca47cf1,2018-08-08
d0aed2ea0f3d1f9911ee36b795ccace5,fca1ec7a5d4f094bf6403fa09a6af5c1,delivered,2017-11-18 12:28:07,2017-11-18 12:50:26,2017-11-20 20:12:47,2017-11-27 15:39:11,2017-12-12,93ef6d0d094718bcd554c569e61b2271,2017-11-18
b69b9260e79a0da00e15f48de1bd2524,0b34456a261dcc179512d6652e8cb276,delivered,2017-05-31 16:27:58,2017-06-02 04:23:34,2017-06-05 14:19:12,2017-06-22 16:05:07,2017-06-30,e9dc392ca45bbd1c3faf921ccd7ebbd1,2017-05-31
246b14cc444e8a7df0afd80495dfa052,f327c66b64d68e69e89d4b90680787aa,delivered,2018-07-04 01:20:01,2018-07-05 16:33:20,2018-07-05 14:58:00,2018-07-06 19:22:45,2018-07-19,031e19fc630c4121f1238716f41675c3,2018-07-04
366fb8cd92296c6541132ab4cbb28bac,841841043bf76dbb83f79c7a36dcf24b,delivered,2017-08-25 10:04:15,2017-08-25 10:15:19,2017-08-28 16:13:18,2017-08-30 16:03:37,2017-09-18,3cf33b6177767b9488f1abc46baab374,2017-08-25
1f039c377ad805f38658f64f2102c992,2a0bf30f53d53c759be496caad1e1ae2,delivered,2018-08-09 08:16:06,2018-08-10 08:10:16,2018-08-10 09:39:00,2018-08-15 19:42:35,2018-09-10,4e012ebff739bde041e02fcabd42d3d0,2018-08-09
8257dca57385bc7279dc06f140b55625,ab9e57e85e79e8bea7817de472684bf8,delivered,2017-09-18 13:46:42,2017-09-19 04:04:34,2017-09-19 18:48:09,2017-09-24 15:12:58,2017-10-04,947a5da60e834a0492f55ad6e139a9d3,2017-09-18
508d02fd7a1d114cdfd32ecb91721855,5d8cc99a36e20a6dcde6fbf5135fa45f,delivered,2018-01-25 08:26:22,2018-01-27 02:50:33,2018-01-31 20:08:37,2018-02-14 21:17:58,2018-02-20,919bf2617845a0f73acc0361cba58267,2018-01-25
ae19a9db6bd3ac0b94a591ee4a228a83,3a39eae0994776de1b44b1666124aa7b,delivered,2018-03-29 22:32:39,2018-04-03 05:08:25,2018-04-03 23:28:36,2018-04-11 17:21:39,2018-05-08,1d1ba2c41bab908a576c10f2f602626c,2018-03-29
a7fafbfc43a11e5ba3d934121a63bb43,90343859e0ae243dc57b3e95b2a517fd,delivered,2018-07-22 14:30:01,2018-07-24 11:33:00,2018-07-24 14:59:00,2018-07-25 12:48:29,2018-08-01,72db16a48d2efe7052acbcd2ec0b209e,2018-07-22
eb1159e15cad602c36e16646e5662b85,d37306b60a0a5c64443841a857f15928,delivered,2018-04-19 09:35:17,2018-04-19 09:52:34,2018-04-19 18:55:20,2018-04-23 16:38:47,2018-05-08,b4f89f7c42a3b82a404d2a1ef1e71786,2018-04-19
8abc120199358d4e0a7d5902c0d62fd4,1546152e72a96d6b2c261f3537a091da,delivered,2017-10-27 05:32:38,2017-10-28 02:50:14,2017-10-30 21:36:49,2017-11-07 20:14:52,2017-11-21,70c7b03f4fedb3c92e18025f9bc5822f,2017-10-27
882af1e2ad3e4b132d4b23c429843dc8,fb827db7d93060684875e22f58033041,delivered,2018-06-14 11:35:32,2018-06-14 11:59:47,2018-06-15 14:08:00,2018-06-18 15:46:30,2018-06-29,fe81bb32c243a86b2f86fbf053fe6140,2018-06-14
5042f28675b7eedd6c772f3c0df075f1,5c8013fd8f99bc42840b27436e059b84,delivered,2017-11-26 23:38:25,2017-11-26 23:53:32,2017-11-29 12:36:37,2017-12-19 18:41:14,2017-12-15,2c32927381d240d6ed1bb6ee1572f1e0,2017-11-26
e088d467c07c9879ddbdaaa9b1c51e85,eb0e488592359ee385d18b209e4911b6,delivered,2017-10-15 19:47:30,2017-10-15 20:20:28,2017-10-17 21:51:38,2017-10-27 19:56:45,2017-11-06,69a67928e55cbef75ba434ab0a4ff540,2017-10-15
502aea10bd5711477ee1f532f1115031,ad3e2c79a82b673dbf76cddc3e33a711,delivered,2017-08-30 20:17:11,2017-08-30 20:30:13,2017-09-04 16:12:46,2017-09-12 17:31:36,2017-09-21,cd7564a987285ae0b11be324c816a21f,2017-08-30
a19a5d98ef17292dcfde648851d16aa5,34d6fbdfebe31cea403f3282f5253ed2,delivered,2018-06-09 14:59:58,2018-06-09 15:10:39,2018-06-14 12:25:00,2018-06-18 12:28:40,2018-06-29,fef31a54c2d0f8f5b4ce428522f72551,2018-06-09
19b8a677a41f55d06c3beda4849717b5,9a5c1346346cc351e392795b337097ff,delivered,2018-04-06 16:46:08,2018-04-06 16:55:29,2018-04-09 19:20:45,2018-04-25 20:42:00,2018-05-03,e74bac33c74acb3dccc5a5bc302dc527,2018-04-06
d08c879188638eda44ea5da9dca68d09,59b9364516c0954308e0bcac97d088c7,delivered,2018-07-02 23:19:21,2018-07-02 23:30:19,2018-07-04 13:44:00,2018-07-11 00:06:45,2018-07-30,2012b2a91b073059bd14c5ab78911e43,2018-07-02
c3a3bb473dbe33079acc4b7f5a965196,261268a1aa478ebccc55d96f0ea430c2,delivered,2018-05-15 12:48:11,2018-05-16 12:54:11,2018-05-16 14:12:00,2018-05-21 14:36:48,2018-06-01,48e8d93c6ed6a8df94e24f4cd188d154,2018-05-15
26bfc6c6251ef7eda55f7bc7f11e9647,1b87dde95bf20a1e1a2f023369c7f7db,delivered,2017-07-05 11:56:09,2017-07-05 17:43:11,2017-07-11 16:34:32,2017-07-19 20:34:51,2017-08-04,553ddce64bc3802244fe88160fbdbd34,2017-07-05
90de07e389ed6cd973ae93d5b36f159c,4212cb0b515edd1723eb5dade9852916,delivered,2017-11-20 18:02:21,2017-11-20 18:14:29,2017-11-22 00:24:32,2017-11-29 19:58:47,2017-12-08,bb8486cad0e431659227f6fb18fc6a72,2017-11-20
3ff122d5ce35754dba91bc1c99ad6a65,52f0992e20b8f1c4b113d00df8fd9d93,delivered,2018-08-05 20:01:03,2018-08-05 20:10:18,2018-08-15 13:06:00,2018-08-20 17:31:14,2018-08-31,a81a403c9b43458bb1535fe88d3e40c1,2018-08-05
72d6aff61cb58a6c8872baf6864e046d,16471405a724a048a940dbbc66cdeeed,delivered,2018-03-19 15:23:20,2018-03-19 15:50:03,2018-03-22 19:29:53,2018-04-04 23:58:28,2018-04-13,f80f64729a21d6e43b84b637f289b5f8,2018-03-19
3925b740d70eb26c3aefd1cabe5c8143,b828fa53202efa901b22f532577fe859,delivered,2018-04-05 07:23:57,2018-04-06 07:48:06,2018-04-10 00:40:50,2018-04-26 16:28:26,2018-05-14,6b0c568efa39d9923961096ab40d3ed9,2018-04-05
0fb3b7bbfc3693b115aa62a83fad2714,9f546895f9d0841df86f8681992083b9,processing,2018-03-13 20:37:20,2018-03-13 21:40:22,,,2018-04-03,de7c0cdd4a7d9336e71adfbfdc11334c,2018-03-13
dbffa5e34cf40fb7dc1292bd10d22971,e7823ca26db4ecf5dc0e4cb58435b0e6,delivered,2018-03-04 14:18:56,2018-03-04 14:30:31,2018-03-05 17:13:01,2018-03-13 13:48:23,2018-03-26,bd2914d2e0b52a1b1bce55b39c1b1edf,2018-03-04
0fe78862cdfd562448985ee7fbc8a08e,4d7e089ef0ae3a98da638debd25c4a25,delivered,2017-02-17 16:23:11,2017-02-17 16:35:22,2017-02-20 08:47:35,2017-03-09 14:44:04,2017-03-24,597684fc02296fb0a8980e31965ee6c9,2017-02-17
f3de0893c636179ae92136f971523452,c622c9f760ecd07e8910f01da1a8efa8,delivered,2018-07-31 19:44:52,2018-08-01 20:10:17,2018-08-07 10:38:00,2018-08-10 00:21:54,2018-08-09,01858f2fad256b1689f5bdafc059f745,2018-07-31
4c37682d353334478fbafa4808110fd0,4c97445f829b977ab55cd095af2876c7,delivered,2017-12-21 00:01:51,2017-12-21 00:10:46,2017-12-21 18:37:04,2017-12-28 16:22:26,2018-01-16,5674ba4c78cc9a00b85be9af1f954e3b,2017-12-21
e78d0e875295cd716415732e63b6291b,966bb79d17e4a6de9f4fe448754d0972,delivered,2018-04-27 14:49:32,2018-05-01 06:13:25,2018-05-03 06:31:00,2018-05-11 17:18:30,2018-06-14,e0f866116593bf545392e2e3db42671b,2018-04-27
dc078338903735916fab84f036188dcc,59227a9b6b75b6c0612c26336eec0a47,delivered,2018-04-18 04:57:10,2018-04-18 08:34:52,2018-04-23 20:48:28,2018-04-27 13:53:54,2018-05-16,edd5bf7a832faf132ed09bd37bd78438,2018-04-18
bee402360958bd68274013f8b3ecb4f0,8bdae6b4ff9bc7f4c5ad5394081186d7,delivered,2017-11-24 23:30:13,2017-11-25 02:32:39,2017-11-29 17:29:10,2017-12-01 19:34:09,2017-12-15,6ab2c51644e62c63bbfe914fd945adce,2017-11-24
de6849867dd230818cd854b69f5b21f7,4016bcd0cf90a7a3344a571cd6a4dccf,delivered,2017-04-07 20:27:57,2017-04-07 20:42:34,2017-04-08 08:44:34,2017-05-09 14:56:59,2017-05-15,4725b6ad059bb1a8bffc3de7dba595eb,2017-04-07
4ae724c523545a7806fc987df2964b05,981d4e25f7275e5dc35df59e20f22acc,delivered,2018-05-19 17:59:49,2018-05-19 18:18:57,2018-05-22 12:25:00,2018-05-24 18:03:28,2018-05-29,d3e7aa3fb611447ce385bb9ccb06b5df,2018-05-19
bb5a46301dcca0ca265b0bd999f9dd52,dfb8efcf14ab981879b8a2cdc810a496,delivered,2017-07-22 17:43:05,2017-07-22 17:55:09,2017-07-26 11:07:51,2017-08-01 20:44:59,2017-08-22,4abe169ffe947fd9a577e51e6c19e7b6,2017-07-22
a686a1abab230b267d666e2b728f659c,11c087cacf76b2ad39f4a5dc2883ac40,delivered,2018-07-29 18:42:41,2018-07-31 03:50:10,2018-07-31 12:45:00,2018-08-04 12:56:40,2018-08-15,aaa606a7a5be91c8779edcfab22c1689,2018-07-29
44c4ba0247b4e50ab9c03466cc15ea5c,a746555ee455b68e9b6b6eb0a52355c8,delivered,2018-03-29 21:24:53,2018-03-29 21:35:19,2018-04-03 18:14:29,2018-04-17 19:44:32,2018-04-17,dcc76905a40064b395622e501fc468f6,2018-03-29
036b791897847cdb8e39df7943367474,04719f10ea55e8d39bff210bea43c1a3,delivered,2017-05-10 15:34:59,2017-05-12 02:50:36,2017-05-12 10:05:30,2017-05-17 11:14:40,2017-05-18,afa4fbe424bab6593e9a8395836966ef,2017-05-10
d97c11eb9b8f2f16f9b40432c070c8d3,54b97520d6ce1e386a49dc449cd7959a,delivered,2018-06-25 22:45:12,2018-06-26 00:33:22,2018-06-27 06:22:00,2018-07-03 16:58:48,2018-07-17,b58504f3503cf44db08931a732ac9ed7,2018-06-25
917d8fa5446854ac034de2f57c82bbee,d3806fa21465451e5523e90253e2457d,delivered,2018-03-29 19:11:55,2018-03-29 19:27:54,2018-04-12 14:47:27,2018-04-20 13:32:51,2018-04-26,0ee02c020cf6a1d5af1f44febcec7e69,2018-03-29
429538330ae6d874fd05455f574f5852,e8aad07575654e0595acf49b64b9b46b,delivered,2018-01-12 15:10:26,2018-01-12 15:18:29,2018-01-15 23:26:39,2018-01-25 20:21:59,2018-02-07,8c7161f8aa1d6fd17947ff43ae9704eb,2018-01-12
7c89d1b99dac4362bf2513afd0b14edd,a48acf545fc196fe1a22e67ba443504e,delivered,2018-08-23 21:20:25,2018-08-24 03:24:19,2018-08-24 13:56:00,2018-08-28 21:07:31,2018-09-06,e7e4ae6b758798774a5fa6afdc236c02,2018-08-23
cf8ba6c5f0ac149f8e8f55217c47e967,6bae2a5db6ca78c2225e213a63d4af9b,delivered,2018-05-16 13:40:17,2018-05-17 08:36:27,2018-05-17 14:25:00,2018-05-21 15:10:52,2018-05-30,3d5fe73f9b69a86cd2a719a049e42da2,2018-05-16
313e46c49954ab094294fc88b099b570,8a615f61a0a0ad7c79ec40a6cba45fb6,delivered,2017-06-16 10:33:54,2017-06-16 10:50:24,2017-06-21 15:54:36,2017-06-27 08:27:52,2017-07-06,dec260a57209a3ff82484e6510808a3b,2017-06-16
2a834f698c8b713627f7729b9c164746,39e2660b6789a449d35bd48bc54999dd,delivered,2017-08-01 14:44:38,2017-08-01 15:03:42,2017-08-08 20:41:16,2017-08-09 18:58:01,2017-08-14,fde65d7bb1b30a86cc5cc0399b77e6b0,2017-08-01
879f83e9f2c3777d90bed2b448e144f8,b07884373a48a80842802d6bf097d411,delivered,2018-05-14 11:56:00,2018-05-15 04:55:34,2018-05-15 14:32:00,2018-05-16 16:11:09,2018-05-22,426fe5ac8fe33148bc4fe8a9b96fd0c6,2018-05-14
090df55d4945ec96f88731875465407d,51305a24f02a05869e1fa706fd5d5bd3,delivered,2017-07-17 20:15:39,2017-07-18 21:43:30,2017-07-20 14:12:24,2017-07-26 03:13:31,2017-08-11,43b843bd189abfd2fee8c8cdd796e798,2017-07-17
f9180f3f33082b5e522c46f22c4cf4da,7f4a30f8ff8f5bf42df32a7f52a710d9,delivered,2017-10-22 20:26:38,2017-10-22 20:49:12,2017-10-23 18:48:43,2017-10-31 17:42:31,2017-11-14,fbd03175a9aa82faacbfa4ce8efa4096,2017-10-22
f20ea43e9a47fc54e94b12d3de6bfefe,ced32367d38a165b853d1ba2b40c5f94,delivered,2017-06-18 19:15:35,2017-06-20 10:50:09,2017-06-22 15:28:29,2017-06-23 10:59:32,2017-06-30,e4116a753c957e67c646e447c2141b2e,2017-06-18
679b69f80ba6fa25ec46803b1d838bb5,4315737fd2aa35c3b79d16f24a01fec8,delivered,2018-06-28 13:21:15,2018-06-29 02:55:13,2018-07-03 11:51:00,2018-07-05 22:46:46,2018-07-23,4fa93ce17fd5c9868466a49cc823188e,2018-06-28
1a9b986cfe31ed59c5a6c00287db7e74,377e81546d7d92c97c710a231e747c45,delivered,2017-08-06 16:04:38,2017-08-06 16:23:39,2017-08-07 20:17:39,2017-08-15 17:14:54,2017-08-25,cd8dbe8c0f714827ca12c3cb7310d97e,2017-08-06
d01dff4d42c2ef5bdcb2085ccf391ed4,302bd5105bfe26a95e7942e9e85d5b2b,delivered,2018-04-04 15:08:43,2018-04-04 15:30:14,2018-04-06 17:21:12,2018-04-11 02:39:46,2018-05-07,9c7e7551b620fca261fa19ba196fd97c,2018-04-04
2ae6e5a2da4078c84661d1289e22742b,dbd74dc83297f0301be2f721a409b758,delivered,2017-03-30 21:59:17,2017-04-04 05:45:23,2017-04-07 14:42:21,2017-04-13 16:57:42,2017-04-25,9ba6f0967ff9aede8d95fba7c2ac54ef,2017-03-30
58fb05058cf15a3f9eaeb29497841a33,92ac3fb7d7452e72343e49885a19368c,delivered,2017-02-20 00:34:48,2017-02-20 01:05:28,2017-02-21 08:35:19,2017-02-24 10:08:00,2017-03-21,337b2ad5e2840cafc74a90bca5a4a643,2017-02-20
4fc94c8676998593a574d390d50dea42,29c830f587505d49e0c948cb934d8c26,delivered,2018-05-01 15:13:03,2018-05-01 15:35:08,2018-05-07 14:15:00,2018-05-17 19:51:11,2018-06-08,cbf29c6e841fee87dd5c6f3f510de13d,2018-05-01
aa225b52da83ae9c797a46da556fa068,85c44b9f025694874bff02234f0fe533,delivered,2018-04-03 07:33:27,2018-04-03 08:15:15,2018-04-03 23:38:38,2018-04-07 00:54:45,2018-04-13,e019a3baaadcd531fe0d32e1bdb63902,2018-04-03
9b53b66ca7d27b4c0ccf5ba89af00bd0,1557a1c24daba73fb59e9291482064a4,delivered,2017-06-19 02:15:55,2017-06-19 02:30:12,2017-06-19 15:14:06,2017-06-29 14:19:50,2017-07-14,2d5e5796e7901464c00407e69739c6db,2017-06-19
47d5c4cb8aba6b76371169d9c9f8089b,7ffbb6c8195cbfe1a25395dc9513f03d,delivered,2018-01-06 18:27:34,2018-01-06 18:37:32,2018-01-08 23:33:44,2018-01-09 18:27:51,2018-01-24,e287540a435ded39e67b042ba9cddd8c,2018-01-06
6c636e8cee90bf0aac0ec71c90f873e3,7a72e1fbb23c6558efb32d2fd9327f79,delivered,2017-09-13 16:27:46,2017-09-13 16:44:14,2017-09-15 19:29:39,2017-10-09 12:33:12,2017-10-06,f8d1c91f3c3c77bc0dca37c164e7e713,2017-09-13
09575d6ffa589cae127ff0e6c1b974ed,c3563d85f2d3642472263a25a98d9fc5,delivered,2018-04-24 14:23:18,2018-04-24 18:03:54,2018-04-30 12:45:00,2018-05-08 22:05:24,2018-05-17,7937be50771f5a064440463094da5820,2018-04-24
7f6f89d90e1cd5ffeede04c86b1d095c,a925497be66b54047496bd05c43e46c6,delivered,2018-08-11 16:38:20,2018-08-11 16:50:20,2018-08-15 17:42:00,2018-08-24 12:32:54,2018-08-29,376c6321c9b503efcd9614adb8cc0d30,2018-08-11
93dc7c78fb2b4efe25f1ed813f84992a,9cca406efea111557fa977471c4985a0,delivered,2017-04-05 00:11:11,2017-04-06 18:02:51,2017-04-10 11:58:57,2017-05-02 17:26:32,2017-05-12,d5a9eccfa0ca0ec79d59b81e98d83911,2017-04-05
465bf9fa1326d9215c7f699901a7b30a,0ebd6e76d10794d15132085db227253e,delivered,2017-07-13 19:47:14,2017-07-13 20:04:13,2017-07-14 16:55:51,2017-07-19 13:57:27,2017-08-09,80ea9b35f8854abb863d90d42261c8fd,2017-07-13
75213e459cfe44a61c496c864e0a8c63,9c11910f46b5a9a3d8366b09a0514c97,shipped,2017-11-23 22:44:09,2017-11-23 22:54:34,2017-11-30 16:37:13,,2017-12-15,5882d9af214f8e2acb3e74b94a109c62,2017-11-23
3be9765eafd8ecf60d00e05f4cb35ad1,08fc5058d39f827b41d726cac116dfbc,delivered,2018-01-24 11:55:40,2018-01-25 02:57:41,2018-01-29 17:38:51,2018-02-05 21:42:40,2018-02-19,cb4089906a5a7ccaf87fb50cf413779d,2018-01-24
88879beae0f0296595d49325ad667489,0d6f688455ee919c000970e75b257731,delivered,2017-06-08 11:06:12,2017-06-08 12:32:54,2017-06-12 07:45:33,2017-07-06 12:41:54,2017-07-03,4b9d5d97bd2fe143891cf91ac7ca1116,2017-06-08
b4785764380c08de311002f4a12e034b,cbb7dd66849d5e1d4a3cbb8ee460633c,delivered,2018-07-24 09:09:25,2018-07-24 11:24:15,2018-07-27 14:36:00,2018-08-02 23:33:00,2018-08-17,7c2077547e0d1560517823d9b30315c2,2018-07-24
6c3135486d8821b2877a0f8d92095a6d,51911593422dd5311dae45ef358b50ed,delivered,2017-02-13 21:18:03,2017-02-15 03:03:42,2017-02-15 13:17:36,2017-02-23 10:44:37,2017-03-20,a748aca2d90096157cad166dbfd7b4b1,2017-02-13
e15ea1f7534d809bdc05d3c5ecedf24c,d354903c583c97da65dd4c601f681f0e,delivered,2018-05-17 16:47:12,2018-05-18 08:55:36,2018-05-18 12:44:00,2018-06-05 22:34:35,2018-06-01,5188090bf12661971a81f523d5b42f35,2018-05-17
d7eec17ae2e61fc4dc36f1e1ac4d0ed1,22a0bf2e340a205038ce5d5681bf3883,delivered,2017-08-06 17:41:56,2017-08-06 17:55:47,2017-08-25 20:00:00,2017-08-30 22:19:10,2017-09-05,0d16d92d727e8800fdd5f85f00eae25b,2017-08-06
fcbb279d7ea6e7179b092b1f15d6d5e0,5d688a4260b1c11195859ac656fa9dcc,delivered,2018-04-28 16:04:22,2018-05-01 05:32:39,2018-05-02 14:39:00,2018-05-07 21:22:43,2018-05-18,f2414e5fd75a810631336ec0553262d9,2018-04-28
071cf21dda000c6ce3b50a56374b1b89,67fcfd9052233afa10b632e4683f6f2f,delivered,2018-06-12 09:46:19,2018-06-12 09:58:59,2018-06-13 12:28:00,2018-06-23 16:16:39,2018-07-17,67afc527d425b15d2430bc63ae211f1e,2018-06-12
06499dd792313ae78e92e4819ffceff9,35e6428c10b500bb6f921daee26e88d8,delivered,2017-04-26 11:30:38,2017-04-26 11:42:45,2017-04-28 12:24:59,2017-05-10 09:08:42,2017-05-24,d11dea88ee53a4f71c18b40b3d659135,2017-04-26
062b1b23a7928be5abeb406e5889e08e,7d6a0d2bc3cd8656c1be4de50b4d73d3,delivered,2018-03-21 22:46:08,2018-03-23 02:07:35,2018-03-23 18:44:30,2018-05-08 20:19:01,2018-04-23,e707dc75cda76b17ee5585ded1d2eb5e,2018-03-21
97b75ddaf041b0f141f0dc8617f58661,1359d5ea4696eac72d35f45e9fc0eb9e,delivered,2017-11-02 16:17:52,2017-11-02 16:30:25,2017-11-10 16:21:47,2017-11-15 16:58:36,2017-12-01,1a6bd2815ac4d675cef027a2a2359e3d,2017-11-02
aac01d5ce6fab5aa0e191d71aedbaa3c,7f10859af8483458fbe59d40da3d04f5,delivered,2017-01-28 13:24:20,2017-01-28 14:31:38,2017-01-31 08:45:22,2017-02-09 11:03:47,2017-03-15,08114c58968d782002f7cbb2d4cdf823,2017-01-28
e391c35b78728b170cead56c6a53980a,b3e4e7be7d2042271ac4022ab2b88db0,delivered,2018-08-12 15:27:19,2018-08-12 15:35:17,2018-08-13 13:13:00,2018-08-17 23:12:27,2018-09-05,3a03c18e57b25beb04fab567f3a38153,2018-08-12
46dd6a6cd45a2a99868c3daccd9cb301,fac97242b677d1afdc9a454cdc2b5fe3,delivered,2018-01-14 09:02:48,2018-01-14 09:11:23,2018-01-16 00:22:07,2018-01-22 13:56:22,2018-02-05,f38087a7d03a8c815c7e60d0b5be42d4,2018-01-14
92062aeb70a6b30e71bfecc239c24a4c,4ac864354fcda4d761ad2c0bd1c3c58a,delivered,2018-02-28 23:04:05,2018-02-28 23:15:46,2018-03-03 02:27:05,2018-03-09 23:27:37,2018-03-27,64ea136678f37fcf4fffdc65f80ecf69,2018-02-28
c906b3161de4c9e7c323e68c831f35b1,cf63353e83a977b59f69e36894e21074,delivered,2018-04-26 06:16:35,2018-04-28 03:32:51,2018-05-03 18:59:00,2018-05-04 21:51:24,2018-05-15,90004c3fa8ebffdf4817be64731af364,2018-04-26
078e048ccc8dc8b449dedc064b860b0f,a599bcb4e597bbc3a7b1a1f6e39988ee,delivered,2017-06-22 19:29:40,2017-06-22 19:42:44,2017-06-26 17:21:57,2017-07-10 10:57:56,2017-07-05,4ff376209add6152358ad7ae10a6f6c1,2017-06-22
c78a9ca51dc25c50d163f52920071378,457d1b72b0a407267ee749fb9dd36e6f,delivered,2017-08-06 11:45:26,2017-08-06 12:03:03,2017-08-07 20:49:55,2017-08-14 17:18:58,2017-08-29,76d4b39c8b588b307ded0d2952d82d3e,2017-08-06
cc1942bfd9c7e5fdf278196ff5d8e9ff,cb5a265c07cf2780acbf53c22488e4f1,delivered,2017-12-14 12:29:18,2017-12-14 12:51:40,2017-12-15 15:07:21,2018-01-05 19:39:04,2018-01-12,9ac15e6f0d402baa3170705de3d4590f,2017-12-14
2411e5019928e883d049f7242362c23b,92ac70cce9e5ac1bb34996610d9564a4,unavailable,2017-09-17 12:15:07,2017-09-17 12:25:09,,,2017-10-05,af70cd6337ae27de089c616dad39bea0,2017-09-17
5f12df808d35ea25be28ad052f4aa3ea,a9b867fb8cf559a909c421576f75f197,delivered,2018-06-03 16:44:31,2018-06-05 04:12:50,2018-06-06 12:47:00,2018-06-07 15:44:25,2018-06-28,4f8602e886ab87a176e8f0a2c2e06069,2018-06-03
e69f0bdbe0e15d97ec6390b2714b5086,d8b951d220b48acc62145865f7f443a3,delivered,2018-03-10 20:42:39,2018-03-10 21:20:28,2018-03-12 20:38:39,2018-03-26 10:32:47,2018-03-28,9a84c5a0f9cc7cf180789ceb14b11770,2018-03-10
23b9e7764953e9889b44983acf062485,dbeb793fe7c0960adfaa61f113b738ae,delivered,2017-11-16 18:15:43,2017-11-17 03:35:39,2017-11-18 15:38:35,2017-11-30 19:14:00,2017-12-08,2e729c60d6081c9eae481aad8aa9edf9,2017-11-16
c1c8d1d83b4a995b98278cf1d99d6cfc,87d73ddc7b2bafe58c0c02739d295e5a,delivered,2017-05-13 15:45:59,2017-05-13 15:55:18,2017-05-15 11:36:08,2017-05-26 12:51:36,2017-06-12,8c2c7fb3be4fc1669b8c1c6059db1207,2017-05-13
14e58712c72f8606b985860c5711fdf7,bdc73fef8fa89e24e2eee9834d05415e,delivered,2018-07-26 10:09:26,2018-07-26 10:25:08,2018-07-26 15:26:00,2018-08-01 20:51:16,2018-08-10,cad866eab1628578662eaae61403149e,2018-07-26
9cd76a738c425b55aa860a6c5e469857,379e05bf7d5ea104170f08b3ba7b0e95,delivered,2017-03-15 12:02:38,2017-03-15 12:02:38,2017-03-17 13:31:46,2017-03-23 23:06:05,2017-04-05,f5b080930d88f9d787e499810b108229,2017-03-15
a84b9774653ed92f91314ea56770fe1d,78474f6f0891d18a3a9e0fa4f1fcf34c,delivered,2017-11-24 20:50:36,2017-11-24 23:56:04,2017-11-28 18:24:47,2017-12-13 20:17:05,2017-12-14,21bcd9d85bbabdaac9f5d508d064b458,2017-11-24
4e157a36ea9cf89bde6fff57a780b525,24970f1325070d89a1c42dd450b09a8a,delivered,2018-08-24 14:37:50,2018-08-24 14:50:14,2018-08-24 12:43:00,2018-08-30 20:47:26,2018-09-10,97e1761b97da48fb11d3c8e1ed9be8dc,2018-08-24
5261639befee46871e5005e71a7694a7,bd777ffb4e6dfb7822990749f6296866,delivered,2018-07-28 14:31:27,2018-07-29 14:31:45,2018-07-30 13:44:00,2018-08-02 18:03:16,2018-08-13,183694e413cc577ea63e277edb06d393,2018-07-28
af951c92f2dc412031be59f9717df70e,74b45de02962e748eb6da766e9c84ddf,delivered,2017-12-10 16:20:49,2017-12-10 16:30:40,2017-12-11 19:14:23,2017-12-22 00:52:36,2018-01-09,94066d7cd0c170e588e28030789bff1c,2017-12-10
4fec76db2097ee09cc1dd9717d6ead9c,e89563d7f4863102a1310cee927fa111,delivered,2018-04-18 18:24:15,2018-04-20 07:32:14,2018-04-23 15:22:23,2018-04-25 16:52:35,2018-05-08,e11d036589bfcbcadf10a48dd989a472,2018-04-18
30a461491fa262d5d6321e3194bbb452,d793c36ce968769248cb9ea17deb90a9,shipped,2018-04-26 11:30:58,2018-04-26 11:53:12,2018-04-27 14:55:00,,2018-05-17,a30fdaec97e8d86a018588f72937957d,2018-04-26
6b82f79b806b4374a7b1315d1881d1ba,59c2c3b2ba7a92a68478e9eb59e9e88a,delivered,2018-03-30 14:50:44,2018-04-02 20:09:26,2018-04-04 20:24:35,2018-04-13 13:39:43,2018-04-23,fd59ebf3016db5359135c5fe0fe7e844,2018-03-30
ab1969d313f329f430baa04696d322f3,a191dfc729f180264941a4368d69bf44,delivered,2017-03-24 12:59:22,2017-03-24 12:59:22,2017-03-28 13:21:56,2017-04-05 15:39:58,2017-04-19,983a8046e2c04b5b3afb5ff0faf19c29,2017-03-24
79e49d0b633619b3e94c74b0d640e63d,54ffc23dec5b15b8867ebb0b119e9ebe,delivered,2017-11-16 18:46:37,2017-11-16 18:55:32,2017-11-17 18:17:03,2017-11-20 13:48:32,2017-11-29,58f58e001ee9414b521c2dc29632f0de,2017-11-16
e84a134160970bbbd747fa73e42c7e7a,750641ff9dddbd9f73ecd53f5edadae7,delivered,2018-07-30 13:47:40,2018-08-03 20:04:18,2018-08-06 10:50:00,2018-08-14 16:26:57,2018-08-20,476d2a8557b63e068870877925589f40,2018-07-30
8b21fb2df5ea38807dc254552c40cf84,54a579d5072fb7ae3f433519428f6cdc,delivered,2018-01-08 19:38:58,2018-01-10 10:32:42,2018-01-15 15:38:38,2018-01-24 21:12:42,2018-02-05,e1b383ff6929672be549b1196972fc0d,2018-01-08
945974d480bc501f2da3b39ec23fa369,b0c07f3d291615bfc80f799eb7b8d9d5,delivered,2017-07-14 22:46:48,2017-07-14 22:55:09,2017-07-18 17:47:48,2017-07-25 00:32:03,2017-08-09,3dd0b7853e24d84f3f18f035c7d0ebb0,2017-07-14
4e0e3013defc109eaef2c4cf86b66a10,ca555d3669582cd6c8c13e8973c9fefe,delivered,2018-06-26 14:00:04,2018-06-28 02:15:38,2018-06-28 18:51:00,2018-06-29 16:50:55,2018-07-17,5a2cb558cd7a1f5ff0a0c9014a8022e4,2018-06-26
8f0937285bd1bba4cfc8332ee467b490,7df3b87f2d42e48d389aee0e1922111b,delivered,2018-03-05 08:49:17,2018-03-06 03:55:48,2018-03-06 20:27:43,2018-04-06 22:05:26,2018-04-02,079ad4f138ec38e726e7d9ac51ae1410,2018-03-05
ec1ca92aa0c364b34658f56d01e48691,916c443f0834b02f061752c40f4b1666,delivered,2017-12-13 15:36:43,2017-12-13 15:50:39,2017-12-15 03:23:20,2017-12-22 20:49:26,2018-01-08,64a61ea4f9986df7a3078f93e75f75de,2017-12-13
fb2dccfadca8cd6ebddc5d10ae48d1f7,5358667640552c9500b4735e5f3a04a2,delivered,2018-08-02 20:52:16,2018-08-03 20:45:13,2018-08-06 15:09:00,2018-08-17 18:22:32,2018-08-21,91dd3e913cf5d632ce605a3689a5126a,2018-08-02
882106360eb7749193bf51b626d4d835,f840dfcebe8ead89c4809a63d64b0dbb,delivered,2018-05-15 12:45:15,2018-05-15 13:14:25,2018-05-15 15:58:00,2018-05-24 20:28:44,2018-06-08,eed62c02f6a5da5c0b856bb612d42cd6,2018-05-15
e22a3e8048469ea68906f666d446c25c,aa0533eb31ed3be79086f11bb2bec430,delivered,2017-08-28 09:48:01,2017-08-28 10:05:04,2017-08-29 11:05:28,2017-09-05 21:42:35,2017-09-19,a490d5875edefe9bb8f5101ec2f6b56f,2017-08-28
90084fb270986d4c0fc78715cc46840e,fcfa6b64765235e944c28d83f99ee9dd,delivered,2018-05-01 12:45:11,2018-05-01 13:36:11,2018-05-07 08:12:00,2018-05-09 18:19:26,2018-05-30,af9665a7a1cf3fb1ae02dd83e8c54c8d,2018-05-01
fa145f6e474f19a183553a249dc5a73b,302025f399c7405c509a297b6b9a1e73,delivered,2017-10-19 15:13:31,2017-10-19 15:36:03,2017-10-24 22:23:56,2017-10-27 21:28:01,2017-11-09,7bf1c59401206e31a78523077f3a1144,2017-10-19
3dcca0000c916de0c956a7cf2337dfc5,2b43f4b26a92cdc2e1b8caa8f70091a5,delivered,2017-05-03 09:01:56,2017-05-04 10:05:21,2017-05-10 10:13:49,2017-05-16 11:52:27,2017-06-05,4f8cce1447c785e1b70e866daec425a1,2017-05-03
2c453858db792dfba1340601d2814b28,fc583cfdde5d391a98d0f17d30209677,delivered,2018-03-16 11:13:44,2018-03-16 11:29:28,2018-03-22 19:48:38,2018-03-28 20:04:12,2018-04-12,3a3cb373edfed9973ae634f8ef6084ed,2018-03-16
871eacc5e01425943ac0b26298b0b899,25e2c3b9b260e4075b6cf64ff700999c,delivered,2018-06-24 22:10:36,2018-06-24 22:38:17,2018-06-25 19:33:00,2018-06-26 23:11:04,2018-07-05,ec4577a86e2563cd8ac681f74ca30f47,2018-06-24
84705956de681a2d1420bd90d7667472,bafd51862cb88bd42d499170c2ac35fd,delivered,2017-01-31 14:38:27,2017-01-31 15:20:16,2017-02-01 10:04:57,2017-02-07 16:31:33,2017-03-07,408aee96c75632a92e5079eee61da399,2017-01-31
7a4caa019e7bb13e8a2c00696be65ec5,58359e541013053d51a9831dc013005e,delivered,2018-06-06 22:58:31,2018-06-08 03:14:07,2018-06-08 12:06:00,2018-06-20 22:12:58,2018-07-03,65ceb15a2636b04807d38a677d6877c1,2018-06-06
0ea08b72c67b53b70201a88bf14a417c,8334312af31ce890e1662813e392cb9a,delivered,2018-05-14 14:56:58,2018-05-15 03:55:59,2018-05-17 11:19:00,2018-05-18 20:22:19,2018-05-25,df806b0e569d1249276bb202baf9091a,2018-05-14
70f3d00cfbc9cc2a465887a6edeb1149,291077961cb657f8fcee35954f5ee92d,delivered,2018-07-14 09:19:17,2018-07-14 09:30:17,2018-07-16 12:50:00,2018-07-23 13:03:54,2018-08-09,74436a334d42f9516826a7c3c6d5b226,2018-07-14
181b10d008567cbac5bed22ff54e0299,359488502e8d0f1c203c9add92e75efe,delivered,2017-06-09 09:29:29,2017-06-09 10:30:19,2017-06-09 13:25:54,2017-06-16 15:03:20,2017-07-04,4eba70ec999c67251d9bd44141e39f4a,2017-06-09
e644846cdecdccd138e86d1f488e1abb,15b08956d5af30c644913e452cf6bb01,delivered,2017-11-24 22:46:46,2017-11-25 01:52:41,2017-11-27 23:09:15,2017-12-19 23:56:57,2017-12-22,2f60c4dcfff37b23ad4c31f5d0bfa9c3,2017-11-24
ec4aa6e072a8895dc5f672c6b36052f2,2ed2836220d9ae4f2c27af67953c572d,delivered,2018-07-30 14:49:50,2018-07-30 15:24:35,2018-07-31 13:51:00,2018-08-04 12:31:09,2018-08-09,bff277976e13a7a30f36f0e747f07f08,2018-07-30
c4cc1f9e57162d961e267cf2f07d2fe1,8e3cc780250f03dc790d7f185c6c60c9,delivered,2018-08-22 10:59:51,2018-08-22 11:15:12,2018-08-22 14:09:00,2018-08-25 12:13:15,2018-09-05,48bfb0e7bc39f3d4dbd5b242179be1e3,2018-08-22
ebb616297d99bc328a845d4eee057027,53d636a45b41f7d8b691a98bdecd6978,delivered,2017-08-28 21:10:40,2017-08-28 21:24:26,2017-08-29 22:05:11,2017-09-05 15:53:05,2017-09-20,918c23fd6877b15e6a327ec6db648c53,2017-08-28
d207a9accbfb1677062f22f106463c33,10804d267da5dd8c39b604a3a21bae90,delivered,2018-07-14 17:42:51,2018-07-14 18:04:21,2018-07-16 14:58:00,2018-07-25 20:48:47,2018-08-01,c1a96eec1e40c53e2b91741abc83ddb9,2018-07-14
ac0bd3bcb4062dc7bfd025109df9e6e4,a42f35ccbfe49b036589334ed0d904fb,delivered,2017-05-09 14:58:25,2017-05-09 15:10:12,2017-05-10 15:50:03,2017-05-25 10:43:47,2017-06-08,011509f63f565e822767bfb89c3cf9b7,2017-05-09
0b4aab4ef70208498663141571f68116,e46010c28f8c49202bcf2a0b0347189d,shipped,2018-03-08 11:17:00,2018-03-08 11:25:30,2018-03-13 15:04:38,,2018-04-16,b3c219d791c94f06a0d453c38b75cdb6,2018-03-08
1acb85231edcc2f8c1904837bb11a3be,13535c35f58cebeb37b5733f30225dcb,delivered,2018-06-16 19:54:24,2018-06-19 04:17:07,2018-06-19 10:49:00,2018-07-05 17:26:35,2018-07-25,561a0a309b05a99917702086e451acce,2018-06-16
03ab852861cd75d0a9225c92a3354a3a,4236ba0e8837211a7c2d22719c96bf86,delivered,2017-12-10 10:03:25,2017-12-10 10:10:25,2017-12-12 00:41:29,2017-12-16 17:08:12,2017-12-28,b525978184c53a6051f72e2343ffce0e,2017-12-10
dd3f3e7d9dd0bc094ef6741a6255fd6e,d4673d428a33789705f5a5435273f6de,delivered,2017-12-03 22:09:23,2017-12-03 23:31:27,2017-12-05 20:09:57,2017-12-07 16:32:50,2017-12-27,574f64be1db70c360fbf347751d344aa,2017-12-03
995694d9386dba87a71f0229d6b13661,ae8cb050c5b607276fe06effb7476c13,delivered,2018-05-06 12:20:12,2018-05-06 12:30:22,2018-05-07 15:59:00,2018-05-21 22:15:33,2018-05-25,2d415b8cfcec2aa6686bb9e74e3970c4,2018-05-06
c8e19a0edcf6fd34024a2f7fe5f85ef8,19b56789ea957b09b16337c78511dc82,delivered,2018-02-19 18:15:37,2018-02-21 06:10:15,2018-02-27 18:17:03,2018-03-14 06:48:22,2018-03-28,a9e30a7260591d7af904d38ec41d449b,2018-02-19
b0dd70806e7372c35f599726cb3170cb,58dcb42af4f9db51ba00c28ddf479b3f,delivered,2017-11-26 16:45:47,2017-11-28 03:32:45,2017-11-29 23:47:06,2017-12-15 20:49:53,2017-12-15,edd5f04fdd44b267bc93f4dcc01016a8,2017-11-26
231f5faa326e8643dc979ef4dcc9cd31,9599f5e43a9b54a82ab4392a0c8e94f5,delivered,2018-08-05 13:33:17,2018-08-05 13:45:14,2018-08-06 11:05:00,2018-08-15 14:18:29,2018-08-21,7030164c13386d397107bfdf15f3814f,2018-08-05
443c3a064cdbe69048772620883f6b8d,3444fddaf81960754e7aaf593cb506d4,delivered,2018-04-19 21:44:10,2018-04-19 22:11:36,2018-04-20 16:19:25,2018-04-26 23:05:03,2018-05-08,f2e2e77dbdaf9b39a7a96b3d8dbdc978,2018-04-19
e44a2113e6f06206c4ae9134ab3f6074,58535189e65825b18fee8a045f64e716,delivered,2018-07-13 15:32:27,2018-07-14 03:10:19,2018-07-20 15:07:00,2018-07-25 16:43:54,2018-08-01,39d130b9509b4e9f0f5740fdf1efd679,2018-07-13
c97de78b8ee3343c72b234c57b872408,7dd98d09c536a360c394b8d8e908d9ae,delivered,2018-03-02 23:52:13,2018-03-03 00:09:28,2018-03-12 14:58:49,2018-03-29 21:04:08,2018-04-06,95d1bde8cd74ef80c3680d189531d1f9,2018-03-02
83f24bbc4f76a2730ba9c9cfa32e6d07,d49bac4ac7d77b956f2b185ab700fbf1,delivered,2017-04-27 09:09:44,2017-04-27 09:25:08,2017-04-27 13:47:44,2017-05-04 13:20:07,2017-06-06,51dc56123336c573f2977f5da81b17b9,2017-04-27
93c83ea3b4b085801b081e301cb244e3,91be5b56d0defe5cd4e15046781768d9,delivered,2018-04-11 17:21:18,2018-04-11 17:35:19,2018-04-12 18:54:41,2018-04-17 00:11:05,2018-04-30,c00d7744abbd4c52462103483ccb52bf,2018-04-11
ca5824dc67bc4de20753f881aede6b1f,243705e236a65396ce7d8f081bfc53be,delivered,2017-05-20 02:38:23,2017-05-23 03:23:16,2017-05-23 15:43:29,2017-05-29 19:16:48,2017-06-13,5db263994edb3b2ca1efe7474793bf82,2017-05-20
5e4bfcd38684c04354cdf837b2cf071a,d6bd6bae1fde27686996e46b43f34fc4,delivered,2018-02-26 16:50:02,2018-02-26 17:11:07,2018-03-02 01:15:11,2018-03-06 18:04:22,2018-03-16,9e3240b06a61c22ca74a37f945a3c21d,2018-02-26
a7dc01ae91acf2567d1367a25ce303e5,c95a0627341232e6147a84f69c5ebc5f,delivered,2018-07-29 20:00:34,2018-07-30 18:31:01,2018-07-31 15:12:00,2018-08-05 13:08:39,2018-08-10,78fab739f967caf7f60c97a320f23261,2018-07-29
c5b5456c785367bef488a2e46479242a,d8511462421830ed1cee388be55e76b4,delivered,2018-04-22 15:42:20,2018-04-24 19:23:51,2018-04-25 15:19:00,2018-05-08 17:17:38,2018-05-22,ff4cee3f89dc5c041bd7fac60e9ec8a6,2018-04-22
e1b2a1e9b1061373325666846305ff84,be0a33e2135be2feafcc7c258e413475,delivered,2017-08-17 18:21:17,2017-08-17 19:15:11,2017-08-18 12:03:15,2017-08-29 19:42:20,2017-09-12,51180e62ded56ca8c72aee493a902ff3,2017-08-17
371d3a892917017b32ada644ba1f301d,4b75108e04b3276463ab15e3633d73e0,delivered,2018-08-05 18:53:35,2018-08-05 19:05:18,2018-08-06 14:29:00,2018-08-15 14:01:59,2018-09-14,bcc967b7b6ae5c124298b4a977a45a9f,2018-08-05
37e7875cdce5a9e5b3a692971f370151,3fecd6727aed19735e06945b7c3e49c9,delivered,2018-05-18 12:15:11,2018-05-18 13:05:53,2018-05-21 16:13:00,2018-06-06 18:22:40,2018-06-14,f51a647a551b866c440921b7f2b5683f,2018-05-18
64669840d01cf19228dbb0bcecfc638e,1224d76e953c07d3b52cdec6a0ae0d21,delivered,2018-08-03 15:34:58,2018-08-03 16:04:03,2018-08-06 13:27:00,2018-08-10 22:38:28,2018-08-09,40bfd379bd349f89e737a4c5ef8ae52a,2018-08-03
80967070f5cc6d8bbe062cda5b15d84d,955118c4a064ac49d1d86cb81745eca3,delivered,2018-08-06 20:35:34,2018-08-06 20:45:22,2018-08-07 10:12:00,2018-08-08 21:28:56,2018-08-14,b90587c498051476f4a75606c0639a0b,2018-08-06
1d5bea59fdbfbb09905a07530d5a8c10,c8e10b3d0cf55d6c7a181d80b7e7e064,delivered,2017-04-21 10:10:08,2017-04-21 10:21:59,2017-04-24 13:28:55,2017-05-08 10:48:05,2017-05-15,1904191be8eb1c83bafa96fb36db8b6f,2017-04-21
96ae30a2357a999e6010b2f1401af374,44ea012b92b665f5f4c775f3f0a63d7b,canceled,2017-07-31 16:37:31,2017-07-31 16:50:17,,,2017-08-18,beb5288c896678914470c6a650c78302,2017-07-31
8d39667dd1c683e4a8b9dc1f16d08cb9,d3d640e9dd196770cd7e5c848e8a8152,delivered,2017-07-19 11:18:00,2017-07-19 11:25:21,2017-07-19 19:51:52,2017-07-28 18:52:46,2017-08-16,ff20fff170ed80db557b344c839df854,2017-07-19
c14c3f7884d25f88ef34bc018d3accc6,be908210af8ee3355cf14d91d1656986,delivered,2018-01-30 18:33:28,2018-01-30 18:51:14,2018-02-01 14:41:29,2018-02-16 23:53:06,2018-02-22,ada32fb81ebb80940c51e933e2e45c63,2018-01-30
77831afddf2a5ebdda899a6adc91f88f,7d550b5426c420f2974720bcb5889ef5,delivered,2018-06-15 12:26:19,2018-06-15 13:06:30,2018-06-15 13:44:00,2018-06-19 01:53:48,2018-07-03,d2e105de450ecdd44aa478f79c90333e,2018-06-15
cbfef07a94222ac807384ccf69f988b4,a322a6a643ad00260fbf07da3f0f2bb7,delivered,2018-05-15 13:42:15,2018-05-15 13:55:32,2018-05-16 12:40:00,2018-05-22 15:16:22,2018-05-23,384a8e41b65b0f4bb086437412842c1c,2018-05-15
4c1bccb42ff068a53ac02ad1109be5fe,e26866fcad952f322729ccd8b71e2758,delivered,2018-01-11 03:57:34,2018-01-12 16:36:22,2018-01-15 19:48:10,2018-01-16 22:36:04,2018-01-29,4dd1c231ef57f033021044544dc5836d,2018-01-11
63521dde368b991f973cd4ae332dbe1d,9ba4c0b1c86b786749eb88bb23609566,delivered,2018-05-08 11:22:48,2018-05-08 11:35:53,2018-05-08 14:53:00,2018-05-15 19:48:51,2018-05-23,211e4234ffca5cec9b0ab183a1009256,2018-05-08
06ed17679c8b0ff15675069ab6217783,15a1e1d176ac754126d54e0c861e5883,delivered,2017-05-28 09:37:43,2017-05-28 09:45:15,2017-05-29 10:26:55,2017-06-03 08:51:32,2017-06-12,041397b7bed1e0b64cc8df9e4a761873,2017-05-28
039ff75de38e514eaa8ffb2618d5227e,de95d380cf871cae8dc79670a84a1bbe,delivered,2018-01-03 08:46:55,2018-01-03 08:57:24,2018-01-05 19:45:52,2018-01-09 19:16:54,2018-02-02,eba4578c5f557801a1a0e70e71fd6580,2018-01-03
76a144984e527482dad02200366231c1,fc291b11a48cdc95783fa95cdc4d6286,delivered,2017-08-09 23:09:39,2017-08-09 23:25:10,2017-08-10 17:42:17,2017-08-17 18:10:47,2017-08-31,a918cb24d1e85182ffa5200ea39efbef,2017-08-09
b54b301e4b2333df9c1e34a99ae270ee,b401fff20fc244a3ddbc89ffd51474de,delivered,2017-04-26 14:43:21,2017-05-01 22:33:49,2017-05-03 15:51:05,2017-05-09 09:46:05,2017-05-17,9b63dad3d78b17032fe82c25b368be51,2017-04-26
a50baa42994364594f0a002918035aeb,8f80eddc73b9b5abd87ce7a45d829b8f,delivered,2017-05-09 20:57:22,2017-05-10 02:45:11,2017-05-12 13:57:38,2017-05-20 08:29:49,2017-05-31,1e8b70cce882badaff158c24c2b9eb24,2017-05-09
78c82a5b34fde0f0dc8d9d0670b231d6,cf14c812356b6ff9803c25aea2502855,delivered,2017-03-20 11:23:37,2017-03-20 11:23:37,2017-03-21 13:41:47,2017-03-27 15:22:58,2017-04-10,7edcbf8f82a009e1dbc9bb7d288fe1e8,2017-03-20
5a896322e3b42b9993f240317102cb0a,b58e6202acd5455dd3d4f38d2088f62e,delivered,2017-10-26 17:00:27,2017-10-26 17:31:48,2017-10-27 17:33:37,2017-10-31 19:23:01,2017-11-21,32a390ed1539022cd7a0f20df2954bd5,2017-10-26
4c3c0b124df3a9bbd44a538ec578147b,0306f447354ba6e1012ce4350cb1d8da,delivered,2018-08-19 11:45:54,2018-08-20 11:31:50,2018-08-27 11:43:00,2018-08-29 01:02:35,2018-09-10,e52ae9727cc55d618b980d016a274cc7,2018-08-19
d47e5fbb24cade152dd968c93b0f0c66,e55ce7b0d217face26f0b2126413a84d,delivered,2018-05-14 19:23:56,2018-05-14 19:35:19,2018-05-15 14:45:00,2018-05-17 01:40:47,2018-05-22,76a5a50d60701cb6feca23fe2f1fac40,2018-05-14
74392b22a4cf55ce851b04ca127f6ca6,87d7093b18e14d148582079e7993445b,delivered,2017-08-06 11:51:24,2017-08-06 12:05:51,2017-08-09 14:43:20,2017-08-22 11:15:57,2017-08-29,a63a604179f2fecfdb7bc4a23ea78e37,2017-08-06
a2189edb3c692c5c1ff9dfcb7a4c2208,da0481fffc899341bd69b4aa17ceb64c,delivered,2017-12-09 23:17:50,2017-12-09 23:30:20,2017-12-12 01:18:59,2017-12-22 19:48:58,2018-01-11,7755ab0ce3d764fb730609e400db20cd,2017-12-09
4c0516313f88337aef0820e61740d726,4ed1342e230ebe5cb1924ec8e5b68d0f,delivered,2017-03-01 16:41:19,2017-03-01 16:55:10,2017-03-03 12:21:49,2017-03-04 10:52:29,2017-03-27,84821d3b23078095ceaa4bd87a95caa5,2017-03-01
b239d7a386db8ffed15c72578e9d3cac,c88fcf5993f74c364d6b198a06b29be8,delivered,2017-08-18 19:49:08,2017-08-18 20:05:15,2017-08-22 20:53:33,2017-09-19 15:07:57,2017-09-14,1647c6dc2941bd075dc5dd3448807bed,2017-08-18
503b1d55537c749ca776d67d0d765cf9,d0c07be82fd929e1f01e1cac905e437d,delivered,2018-06-28 09:35:48,2018-06-28 09:51:03,2018-06-28 15:50:00,2018-07-04 09:58:51,2018-07-18,83476105a4e9a12fcddd09081dc6cefe,2018-06-28
f8303e6eff198d1749d04649a1eb2bb6,4569e86ad4faba51cadc49ea1657ac3a,unavailable,2018-01-21 20:44:54,2018-01-22 13:58:50,,,2018-02-21,7b871ce95712547231108ebbbd4eceaf,2018-01-21
1cecebfadf42798e6036d0d1a708354f,27665657a923f3fb5234cef27540af0a,delivered,2017-12-07 18:38:48,2017-12-07 19:22:17,2017-12-12 20:24:01,2017-12-30 14:49:09,2018-01-04,7fc951e458a48c2688486469e267a004,2017-12-07
ff54b9c09ea01ff4a6998163e9822b79,61eb73b3aa56811b865abef59f7ef640,delivered,2018-05-29 21:46:07,2018-05-30 16:16:09,2018-06-01 13:23:00,2018-06-11 20:28:34,2018-07-04,2cf1b13d236cbffe7a3e1857136982b1,2018-05-29
569749247450c1251fdd11128a1bb2bc,d8a3b8bc08f3b315105a58bd347871af,delivered,2018-01-12 11:22:56,2018-01-12 11:31:25,2018-01-15 23:56:32,2018-01-25 00:29:11,2018-02-16,e0ddba2f90c646e8a37318ca04a48119,2018-01-12
03e707d64a286c3fbad59b8c89cafd95,52857131a4ec3f7a9ffcfdfa5d417ae4,delivered,2018-03-24 09:52:16,2018-03-26 12:30:34,2018-03-27 21:32:44,2018-04-17 19:48:37,2018-04-18,f96464832b8cf295888b6035b62c6fd4,2018-03-24
b4623f97ac826702ad476db053f76c84,423a14e6fa2adec3fefe8c46c9026edf,delivered,2018-08-07 17:27:35,2018-08-07 17:45:00,2018-08-10 19:07:00,2018-08-13 14:36:33,2018-08-16,2e70bb026bb9a192d6cf9e91486c412c,2018-08-07
26887eda6470e8f186f3155b2b3116c8,13c08a7658ca3f40cfc338bb956e2cc4,delivered,2018-08-17 14:04:16,2018-08-17 14:47:37,2018-08-17 14:51:00,2018-08-22 21:22:36,2018-08-29,a28a526b7c924991893bbbd2c5d6b0f8,2018-08-17
9c7950262e87089fd79aef7d4e4cd6e0,26188f96d7835fa7760ad5fc85f1fb5e,delivered,2018-03-17 17:31:08,2018-03-17 17:49:27,2018-03-19 23:03:00,2018-03-23 21:16:47,2018-04-05,1d497b6ec01b42ac1e4c957bf8e8195a,2018-03-17
9b7dc894401e705fca11db5f78a1c54b,b07413755f95c395799dc2da2f9ad06e,delivered,2018-02-28 20:54:03,2018-02-28 21:09:01,2018-03-01 20:35:33,2018-03-06 12:49:30,2018-03-23,125f6a093e3f2be801d70e4eaa16f9f0,2018-02-28
9bee2a0789ef47ce6515c171c803a285,fb28fb8b06eeedf8e25812ba5380872f,delivered,2017-09-04 13:35:55,2017-09-04 13:50:10,2017-09-06 20:04:25,2017-09-25 21:33:06,2017-09-28,bd6dc26d46e9b21a213198aa80d1fda1,2017-09-04
17b3a989f0a87769c633d0ed07ad1319,bd3bd5c7496111bd76518b9c9868e462,delivered,2018-05-06 17:48:17,2018-05-07 09:13:58,2018-05-07 15:24:00,2018-05-09 20:11:52,2018-05-17,1bf9fc7ffb95e625c1fd04937cf01892,2018-05-06
80c7a16d8b2eed5720ce819c547229b9,c76a730bf9caf9a71c30b476fd809494,delivered,2017-08-31 15:16:50,2017-08-31 15:30:16,2017-09-01 18:17:51,2017-09-11 20:37:56,2017-09-22,b3280d735cecbe8dedce6bd0e04f9784,2017-08-31
73c182f8914a0064d6c64ad65e4c6942,f51c6d9e24e077d5755ac7abdb209b1e,canceled,2017-02-08 00:53:19,2017-02-08 01:05:12,,,2017-03-15,fcd318dd219cded4518d90c72b04281a,2017-02-08
b43a98a6615a9a0319f5ec81a6e5d666,7842cf4e1725f54e49052c3d2bf2b2fa,delivered,2018-01-22 17:51:50,2018-01-22 18:16:33,2018-01-25 15:52:57,2018-02-06 19:35:12,2018-02-19,4d42230cfc4f53bf3340d0ae9bbe620a,2018-01-22
1621d8e6b777a7b525ed73c73ee564b9,8d2feb200cbe341f3e381de33cfe02a8,delivered,2018-06-17 18:26:51,2018-06-17 18:35:15,2018-06-26 14:31:00,2018-06-27 19:28:45,2018-07-05,d57a725ddc566b5be91aa4d00692cb26,2018-06-17
1e0fdb7395b6eab4335b7a41b88813e4,0f87c14e91f558b71fcf73e6918f311f,delivered,2018-02-25 12:13:36,2018-02-25 12:29:27,2018-02-26 20:35:50,2018-02-27 20:22:13,2018-03-12,9db1efe7f18219fb291bbd05354d5ccc,2018-02-25
b32fad437a7904a2ddcafb3f0d23fed3,8182b66eeb4f305a94c432210a6b3566,delivered,2017-10-26 10:13:29,2017-10-26 10:29:49,2017-10-27 22:49:40,2017-11-04 00:45:40,2017-11-17,c9b3b24308b1a4587ffa3e60fafc2b1f,2017-10-26
97258b92dad9851d26d0a0eed03c22da,32b8620bbb7f33dfc8e41ee075842fdf,delivered,2017-11-09 12:15:31,2017-11-10 03:10:31,2017-11-10 22:23:02,2017-11-13 17:26:57,2017-11-23,1d19831bc078c42de4b0fbc1d1dcd99a,2017-11-09
745937e30e1ee0f0fbe8a4225fd2dbe4,1ac9334d7764d4cd6c0bf3d0deb21929,delivered,2018-04-23 13:22:32,2018-04-24 18:05:57,2018-04-24 23:58:42,2018-05-04 16:33:08,2018-06-08,5fe52c2b0468fc25bba30f41035c4540,2018-04-23
34c3abee8d77fe0a974fdfa816078235,f98b0694c7517f313358ea9f05f47612,delivered,2017-08-15 11:40:46,2017-08-15 12:05:34,2017-08-24 12:08:23,2017-08-28 16:57:44,2017-09-04,71cc49dcc859ef150badb7ae623b6b96,2017-08-15
ce4efb4625d3d33a367d95cbc27cdef2,1b7f8d3f31d13251841892ac1cd759b6,delivered,2018-08-12 18:31:46,2018-08-12 18:45:08,2018-08-17 06:55:00,2018-08-25 17:47:27,2018-09-10,5afde1c9bba8add22daf7930d6c8fd83,2018-08-12
5d2d00e8bfcca1d76a0335b147b1d020,0d10a0cda45ad0f4447a6dba4390b09d,delivered,2017-12-09 20:39:25,2017-12-12 03:49:33,2017-12-12 23:41:33,2017-12-28 15:42:25,2018-01-11,8b37f67cf9db5f1af2a42f64e41e45d2,2017-12-09
10b7f107ec36cc780f9ef313a337a7bf,9f0ad38f4f1a9d5677c296cfaee107ed,delivered,2017-11-10 10:55:12,2017-11-10 11:08:44,2017-11-14 20:14:08,2017-11-21 21:19:24,2017-12-01,feae353ea73e765c5a5073dad8915449,2017-11-10
0919371859b3150228068cde3b07c122,8be17a073e7cd65a10e13bd307a20592,delivered,2018-06-04 20:59:42,2018-06-04 21:12:49,2018-06-05 14:46:00,2018-06-07 15:51:38,2018-06-28,1bcb0d37872e0be7a8dd956b475523dd,2018-06-04
f1b5a776430ea0b0ac4ada8349125900,995c452b5846644306763c4476249918,delivered,2018-08-18 12:25:09,2018-08-21 04:50:15,2018-08-22 15:19:00,2018-08-23 14:28:43,2018-08-27,6fdea157b64e36e7d70e7c4676e093fb,2018-08-18
9149cd995e116bfe5be90e2659e468a0,345c50dfee7c90b40557f26ff33b2145,delivered,2018-03-23 11:21:24,2018-03-23 11:30:31,2018-03-28 21:56:42,2018-04-02 22:37:39,2018-04-11,b913e12201852f1b7b0a3a3378447a0a,2018-03-23
d6e4899000744aee28d41363a581e3c2,3f4fc8799a67c8500c491d9822e365fb,delivered,2018-08-06 19:11:34,2018-08-06 19:24:36,2018-08-07 07:52:00,2018-08-08 16:55:08,2018-08-20,883dc2fe8283fed1edf48c2f571d0aca,2018-08-06
6e6c4dabb25cc7d0d5792e6c6a0712ce,9877437582f263da7d7e30a90c57b8bb,delivered,2018-04-11 22:08:44,2018-04-13 12:35:36,2018-04-16 20:07:20,2018-04-23 18:38:39,2018-05-03,a75e134e7eb6f96e2b0c716ac2a82efb,2018-04-11
567320164aa96555310f5c8ed6e8c5d7,1ba3670c68bda95d41ac806d86976ab0,delivered,2017-03-04 14:03:59,2017-03-04 14:15:13,2017-03-08 07:16:50,2017-03-14 13:00:30,2017-03-29,20262965ae07d2db3b197caaa56a623e,2017-03-04
c68482199495e3a57ca04d15b0159808,ad0dbbc49ba11e1ee93a974f6be5c81f,delivered,2018-03-10 19:54:28,2018-03-10 20:47:40,2018-03-14 01:10:57,2018-03-26 17:28:43,2018-03-28,577782f64db1967ca343d0515ba9b1d7,2018-03-10
fe9eb7fc7765ab4b09f817fda0b63089,80db8c7a7ea6b11ca4c65cc2b93a6dc0,delivered,2017-12-04 14:37:42,2017-12-04 17:07:11,2017-12-05 17:58:06,2018-01-13 00:45:24,2018-01-02,aba9ce09a4b04f3e70e16ae18ca1cb1e,2017-12-04
e3cbbe0fedd9fcbe7450e0c2943beb3d,44854eab6adfdaa63e9f4d6d59040585,delivered,2018-05-06 10:07:19,2018-05-08 04:15:29,2018-05-10 09:36:00,2018-05-14 14:28:42,2018-05-29,3489a2afde268cc8e832c33bbd7261d5,2018-05-06
503ff9670f30b2971bcb5df703a3f405,4ba2b0197b5e437ae42e625a89ebaf41,delivered,2018-03-16 14:33:37,2018-03-16 14:49:53,2018-03-19 21:08:49,2018-03-23 19:32:58,2018-04-09,2d82802eb43a9c6bcdb057573f8e0b19,2018-03-16
aaabf43feb9498d9de4588eb73231c25,85204a33560ea671ee5df3dc91c8361b,delivered,2018-06-20 22:07:30,2018-06-20 22:59:24,2018-06-21 12:10:00,2018-07-05 22:08:24,2018-07-18,a48eb10c9faec2e9c92f701b864dab5e,2018-06-20
131bcb82ecd96d251fa7eb8bb1f1baca,24dd6be58b4717018fa8062703561b76,delivered,2017-09-14 10:29:33,2017-09-14 10:45:13,2017-09-18 23:54:41,2017-10-07 11:37:32,2017-10-02,43fb7cd074b0c8b373505d1e46b30a07,2017-09-14
a9fd47117c3f6b4e72456d5331e2bfb1,779609a1ecaee6f5ea1b6e50359c0aa1,delivered,2018-02-01 15:10:56,2018-02-01 15:34:49,2018-02-05 21:43:24,2018-02-14 22:36:34,2018-02-23,abf1d6bd1161f2d55493942abb8c1402,2018-02-01
b62fb8675350e9d26562d21d74f310bc,196589770e3a1f3bec937543f965046b,delivered,2018-04-27 15:42:08,2018-05-01 05:32:24,2018-05-02 15:20:00,2018-05-08 19:44:57,2018-05-22,384ffc528dd30fd49eff3dda9f00ce86,2018-04-27
3de92648437ce8d6e9d3b60f36cfa537,92ff4a1cd03e989698328acb4c3fc46c,delivered,2018-05-02 20:47:14,2018-05-02 21:18:45,2018-05-08 12:25:00,2018-05-14 16:19:37,2018-05-30,daefb889f38f3b8b82e2b467a6a024e8,2018-05-02
2907ff34cf73f01cce80c9b882cb5e8e,26b6ab78a5d35d8e01b2c42bd69f21c9,delivered,2017-12-18 14:29:29,2017-12-18 17:01:57,2017-12-20 21:03:34,2017-12-26 18:08:16,2018-01-11,2c85bc3b462b734ab70f4fc28ff5f727,2017-12-18
3c6c4d8395cd1b0c68ffa02fa1446367,f43e2faac72ec3438198e51325ab362c,delivered,2018-07-17 09:01:49,2018-07-17 12:01:26,2018-07-27 12:46:00,2018-08-15 17:58:41,2018-08-10,5663350f41f9077e7c27f2ab1131bd13,2018-07-17
4c8b9947280829d0a8b7e81cc249b875,403c35c4d8813bf67b3d396b91ca1619,canceled,2018-08-09 14:54:47,,,,2018-08-21,391d6062da3dd65b4de4524f28c478de,2018-08-09
dd9934c610c4363619b6b0f850365725,844a7e5d2737f2f6667a5242486cbcb1,delivered,2017-05-30 09:39:34,2017-05-30 09:50:14,2017-05-30 11:22:06,2017-06-09 15:03:36,2017-06-22,d44ccec15f5f86d14d6a2cfa67da1975,2017-05-30
d248ddd0378083cb6c2bc7b9881d37d4,7195a1af3384ded47cea23f53d91405f,delivered,2018-02-27 15:06:05,2018-02-27 15:15:49,2018-02-28 20:38:41,2018-03-22 12:03:57,2018-03-29,402a9b2b56cef00317f59368398222bc,2018-02-27
b2bc998b56f86f7a3ef8b749c17506e1,c6747b392110a7fba076c62c67425a35,shipped,2018-06-19 20:01:02,2018-06-19 20:16:32,2018-06-20 16:23:00,,2018-07-20,7912478cc830e7e59f8dda8b2712b555,2018-06-19
ee6af09338de47dd746f2cbbc8f18aed,26c06d7ad51b1878a7a322c755140b01,delivered,2018-03-28 08:33:16,2018-03-28 08:50:15,2018-03-29 18:27:22,2018-04-02 18:33:09,2018-04-16,4e5e69a95bea47fa026e3bbdc386f55c,2018-03-28
6e8bc07b95e2bb07cf9c1fcd3684e34c,5960c2fa7ac05beabd503c2b556f4852,delivered,2017-03-19 16:19:49,2017-03-19 16:19:49,2017-03-20 12:45:05,2017-04-20 18:47:52,2017-04-25,a5e0ad284b56e1ff925d76689048062c,2017-03-19
d951a2eceb245c4227c3d633d4a440f2,d89d01207332ba4362dad5ba73b8c00c,delivered,2017-06-14 02:03:11,2017-06-15 02:02:57,2017-06-20 17:42:42,2017-06-27 14:59:36,2017-07-07,095f244a8496bb26d8eefbc7848e08f2,2017-06-14
c989e24c9410a2b62a87193404fe2142,c910acb1f0a1e59de924a7a8e643b9fe,delivered,2018-04-12 14:03:31,2018-04-13 12:50:33,2018-04-13 23:13:30,2018-04-14 14:11:47,2018-05-02,bfe2f483e5812ce19a0e7722dd1c41f6,2018-04-12
b3294cf5c413e45a9f56014be323601c,c18c0f8c117dc0553bb35bf11bb127dc,delivered,2017-12-09 00:38:37,2017-12-11 01:31:43,2017-12-12 22:58:34,2017-12-17 11:16:31,2017-12-28,06f9fe91f0a7dbbd4c78ddecb3562486,2017-12-09
be33d865802b05e364fc5f46166e5acf,1a002323bd40f93378ee1824e2343798,invoiced,2018-04-03 13:55:48,2018-04-04 03:29:18,,,2018-04-27,6a40f754c2e8908ff6d13430e6342c29,2018-04-03
b0fdd351585763ef1abb582c19964a5b,43f325439491c5fe8bf36e5c6977665d,delivered,2018-02-22 13:46:53,2018-02-22 14:29:15,2018-02-23 23:52:27,2018-02-24 14:42:35,2018-03-08,bba09d4a7b3cb61c4a5ef3f368cd1992,2018-02-22
6607f6d4afbc0216ccbcddc0d9e7e0ba,22539012aa9331d6f191199d19685fa6,delivered,2017-12-17 23:56:57,2017-12-18 00:58:22,2017-12-18 23:59:06,2018-01-09 03:43:42,2018-01-15,69b9220777c7f961f1d60a96c007c9fd,2017-12-17
c16256c7228171d97729420953ec9536,1023dd567f41a452ce0c70f981369c63,delivered,2017-12-08 00:54:23,2017-12-08 01:32:38,2017-12-08 23:57:19,2017-12-18 21:35:52,2018-01-08,3dbeb69914c13ee89785281a876f5924,2017-12-08
0ad3fdda3076a1be91b13c89f2049266,8475bc1245abac7e49488d01f3b8f98e,shipped,2017-08-04 13:36:21,2017-08-04 13:45:16,2017-08-07 20:42:23,,2017-09-08,053617486d590f6e06a7e027e6e3914f,2017-08-04
83df1c60b1394882b9a376fa1ddd152c,7c877977fd808529b66886f0ff111575,delivered,2017-06-03 15:30:37,2017-06-03 15:42:03,2017-06-06 15:05:54,2017-07-05 15:39:44,2017-06-28,fa1d2b263e93bd4561c0be5be2123628,2017-06-03
d6d8407991795dae4a5aeed8e2173285,0eb240afc0258746140d3a40a3da3e49,delivered,2018-08-20 23:58:59,2018-08-21 00:11:57,2018-08-22 11:40:00,2018-08-27 17:49:44,2018-09-11,e780757b43bdb9a1abdf5bc54dfbf54e,2018-08-20
aefdcf39aab5b3cadf59cdf0eafcbcb2,f90299c58cb4d96d99fcaee763520ac7,delivered,2018-07-19 11:51:30,2018-07-19 12:03:01,2018-07-19 14:43:00,2018-07-24 19:31:19,2018-08-02,cc5645c2bc88ff7a0c423b03050a0e5e,2018-07-19
e18cc7fc5eb938dd26feb68acbf88642,78c752c3702250b9e50dada2aeb037cb,delivered,2018-01-04 23:09:53,2018-01-04 23:28:23,2018-01-05 14:39:00,2018-01-17 20:31:11,2018-02-05,6e084dee07052768ae655712771e6b2b,2018-01-04
c724a4299403a06db6a91f12801f845a,1545bded706d3f0871eaf9d677090e7d,delivered,2017-12-05 17:10:46,2017-12-05 17:31:10,2017-12-07 00:38:50,2017-12-19 01:38:46,2018-01-04,63ec63a5ac5958fcbaf5bcee2fb460c6,2017-12-05
7877dbdb45b5fe2dcaa08551f96048a3,dcd6f19e0172cad2d541e453485ec5c5,delivered,2018-07-25 11:11:12,2018-07-26 11:05:20,2018-07-26 14:01:00,2018-07-27 18:03:55,2018-08-03,f483e92c95c352c32547925219237cad,2018-07-25
d860fd3dc065e22ac79622d39d28e1bc,99fd37744ebeb8563299b54c2d985c38,delivered,2018-01-08 10:22:38,2018-01-08 10:35:31,2018-01-15 14:57:58,2018-01-31 17:23:17,2018-02-06,fdcc2c3054549d7a678f512b27a447be,2018-01-08
3b28722276b5d42721d0122d688f518a,df069d90f54fd028ab312f6f8978cc17,delivered,2018-03-02 09:47:12,2018-03-03 02:51:09,2018-03-05 13:33:58,2018-03-15 02:07:32,2018-03-20,8795d6c023a372a74a502635cc05bdb2,2018-03-02
8a32a50c6b4576d818f3e7b9e077aac2,a3e6a84c624d9e25cb5ef7eb8bca4e17,delivered,2018-04-11 12:44:12,2018-04-11 13:09:55,2018-04-11 23:37:40,2018-04-17 21:46:49,2018-05-02,9dc8eb1c074074a8bbb0f812d00d9875,2018-04-11
e5fa5a7210941f7d56d0208e4e071d35,683c54fc24d40ee9f8a6fc179fd9856c,canceled,2016-09-05 00:15:34,2016-10-07 13:17:15,,,2016-10-28,4854e9b3feff728c13ee5fc7d1547e92,2016-09-05
dbb786efd821d7f903d79cb502ba3083,0e4fd4d8d6afeecc119bb53e5b119169,delivered,2018-08-02 19:14:27,2018-08-02 19:25:12,2018-08-09 15:09:00,2018-08-13 16:54:31,2018-08-08,f79d2f710af349c8d0a6323b0c7592fe,2018-08-02
dba3740d39b81258d8230a4889bd0fe2,5a0192b98aa54244a703ca5464b21cc6,delivered,2017-08-05 12:55:39,2017-08-08 04:05:16,2017-08-08 22:17:56,2017-08-17 18:43:11,2017-09-13,a5da7637d11ba152cd56fe66d82cf39a,2017-08-05
e235f2f2440fa2abd4c0777a2fda1026,a521b24543a0798c2e47274b14267f40,delivered,2017-10-09 18:47:07,2017-10-09 19:49:23,2017-10-10 18:53:02,2017-10-16 21:03:50,2017-11-01,993d9a0e5fd88247da657a4c85fe72b0,2017-10-09
d9f134a34fb4b3cfd95550b4785e8d05,d1627fd392eb9366792d5e988253b095,delivered,2018-07-20 21:09:11,2018-07-20 21:23:50,2018-07-23 14:32:00,2018-07-28 20:08:38,2018-08-13,794a542461efefc5e9f0aed3254cbba0,2018-07-20
76153bb37ce5c7c61ce83908366dc5f4,ad2f508b776948752cf4d526001bc90c,delivered,2018-05-04 16:43:30,2018-05-08 04:14:47,2018-05-10 14:25:00,2018-05-21 15:24:37,2018-06-04,987b693e3cf5a2dcd21f362a50d8f1b7,2018-05-04
225ab782cbf978534e852f511cc46fd0,957239777a7f01c21a58b82a032644b9,delivered,2017-03-17 16:04:23,2017-03-17 16:04:23,2017-03-20 12:47:25,2017-03-27 11:13:51,2017-04-12,c7558d51c100334f0e84384bb42f0e70,2017-03-17
2f62dbff060e1fc79791d3f079b62769,aa9c4bc7cf8c8f30bb449b7511860ba8,delivered,2017-10-03 23:44:39,2017-10-04 00:04:10,2017-10-04 20:52:27,2017-10-10 21:47:46,2017-10-30,84394f56850c9f22ebf0013c1476cfb0,2017-10-03
57597099a6ac29d8c13878e3945ce6ad,542aa5f01059b90eed54478235ef5a13,delivered,2017-11-09 09:40:08,2017-11-09 09:50:37,2017-11-10 17:56:43,2017-11-17 19:14:51,2017-12-04,85b8e57bd6da1c3c8d360436213b9a9b,2017-11-09
b095c03b6a10243a06c58f3f8d2b668f,c822022a84fecb35f7f4a6b9d77baa40,delivered,2018-01-14 14:20:51,2018-01-14 14:29:22,2018-01-15 23:13:12,2018-02-21 22:03:42,2018-02-19,f1405c699dfee99f02a06fb8e6a5e46d,2018-01-14
49be32fc8ebc94c8e0de530d87883bb4,48785398e9e99d0d61c7e1e48ebca342,delivered,2018-03-06 19:25:41,2018-03-08 02:29:19,2018-03-08 23:17:28,2018-03-28 17:47:41,2018-03-27,bd5f7d1bdbd1a6233877b21fd66dfba9,2018-03-06
7e994fde493b3bd44fa065bcf39fe904,71ce2ac1bd1b5610e994eb279793f1b0,delivered,2018-05-08 18:54:35,2018-05-08 19:12:18,2018-05-09 11:45:00,2018-05-14 10:52:03,2018-05-24,3b1e4f4bcff27703174c882bd33a099a,2018-05-08
fe5ec7a1127620c4aea8f40033e7cfbc,df10e45a7a9add64e5e65bbc0b37aac8,delivered,2018-02-19 21:23:03,2018-02-19 22:27:04,2018-02-21 00:13:39,2018-03-15 00:39:31,2018-03-14,8acea88c0237a5493e2cff1c14e1fca5,2018-02-19
c3cf2a2c2e8b5cfbe960f65bf800b91a,9ca3c3cb222efba635805f6fefc8961e,delivered,2017-02-24 18:02:20,2017-02-25 06:45:22,2017-03-01 11:13:58,2017-03-06 13:12:46,2017-03-17,bed6914e1b13e7291330c42e4b5ee73d,2017-02-24
9b2d3a2e24dbac479d430298eb8905a6,e3ba5dc186f78dc33ea7d927d8005119,delivered,2018-04-08 17:34:27,2018-04-08 17:49:46,2018-04-09 19:09:21,2018-04-12 16:33:16,2018-05-03,0e1aa2e5d9087f8f34d2e6913d6891dd,2018-04-08
0fe61eaf67314ed2f6b045d2365bba42,b0d7145ee05b66d363b3969d882dfce0,delivered,2018-01-11 22:51:26,2018-01-11 22:58:35,2018-01-12 21:38:42,2018-01-16 22:10:58,2018-01-26,2e941e4b7eb84a81f26149b0d70a6722,2018-01-11
8c8a24bf308761df290a5503106a8ae3,660d00e856b634e54e0dad583b10483c,delivered,2018-05-02 22:55:12,2018-05-03 00:04:47,2018-05-03 16:38:00,2018-05-07 14:20:58,2018-05-15,9bde5e93c160f40d85e89f0279a23a29,2018-05-02
a0be4f22d143bef8121980995eaf15c9,d123e124664159a19da41685ea47a13a,delivered,2018-03-09 22:32:57,2018-03-10 22:30:20,2018-03-12 22:09:48,2018-03-29 20:18:39,2018-04-24,fc8dc6d77c65df005e0e44bd7e1f5d36,2018-03-09
ee9e4a1d1929cc2d8d2f8c2a1cb3cea6,282c9df81d9e83eb605bc3804a262266,delivered,2018-08-24 14:28:38,2018-08-24 19:50:13,2018-08-27 15:12:00,2018-08-29 18:02:36,2018-09-11,8819be7d0039db445ba2f771034bb1c4,2018-08-24
6002f27b7795af4f2bd4da90aca5a958,f1101e2dfd2d23dc07f79cfe14e2535e,delivered,2018-05-31 10:13:38,2018-05-31 10:30:45,2018-06-15 14:25:00,2018-06-20 15:46:28,2018-07-11,c14bcf825efa083cbffda0036cccde7d,2018-05-31
aa1849549928a6c6d3f8b27f1bcf3a22,92c4389a799f9f07a254d8c7519106eb,delivered,2018-08-10 10:22:10,2018-08-11 02:44:35,2018-08-13 14:43:00,2018-08-22 17:32:08,2018-08-24,08a8e6e7993db052baf012f977f0f0d5,2018-08-10
eeb395f21c0508f1593722cd5058462b,3afcd4f9f9411b8cb8f1d250b0a6f6c2,delivered,2017-07-30 21:20:32,2017-07-30 21:36:17,2017-07-31 16:30:04,2017-08-08 20:23:54,2017-08-22,b6b1da1ef61aceafc708a1f8f54d9e1c,2017-07-30
06c8b01414c769ebb36a9cd0fdb97baf,9bfb255b9b882baed6b515d644f93f45,delivered,2018-01-25 22:30:19,2018-01-25 22:56:58,2018-01-29 17:04:12,2018-01-31 22:06:49,2018-02-09,e69a2237d79485b1bf4c1b4dca757b4c,2018-01-25
ecc72b676b14179b5bd30e446043c1d2,649ad21522182e99c6923493d5d181ca,delivered,2017-11-11 21:04:48,2017-11-11 21:15:30,2017-11-14 20:09:08,2017-11-17 21:32:14,2017-12-01,a141cad9daad0a5e00543b930e249b48,2017-11-11
6ee453b121f65674cd0525457f985513,e291edf34157e0773966d8df69674414,delivered,2018-08-14 23:26:59,2018-08-16 04:35:08,2018-08-17 12:32:00,2018-08-27 14:28:57,2018-09-17,1ae2ca057af5e68ed97bae308f089b16,2018-08-14
c1dd50c37114a20341bbf901157d726d,e506618caa63a29ae2cc528536f0d11e,delivered,2017-06-16 16:29:49,2017-06-16 16:45:13,2017-06-21 11:39:48,2017-06-26 16:06:23,2017-07-10,e77efb6522986a5e862a54dd91251bb3,2017-06-16
4897e89eeabd9f378a6c3fb314f441f2,1181666aa724f10233a91c2d04a13ece,delivered,2017-03-07 15:13:01,2017-03-07 15:25:15,2017-03-07 17:01:53,2017-03-10 04:57:48,2017-03-24,6770e2d6c610fd5a6567c313790b34df,2017-03-07
ebca4856d6b3b849437fe99d11633d25,4e38e9f25b539d9529b38fef4e62b3d4,delivered,2018-04-01 21:29:36,2018-04-01 22:10:32,2018-04-05 18:42:34,2018-04-30 20:39:38,2018-04-24,af9cbc9f65b6e6d3b1f45eb5d748416f,2018-04-01
d99c420247e75649dd121c367f391348,1622d70ef3cb92db3316803ecfc7671e,delivered,2017-09-06 15:36:32,2017-09-06 15:50:15,2017-09-12 19:41:21,2017-09-15 12:57:53,2017-09-19,8ee4fb8d09197a94094f4161e1f2dd2c,2017-09-06
1f04bac535b51d50ba5a22cddc3a52ff,353090141e210cf202e8666fe8835a63,delivered,2018-07-15 17:19:23,2018-07-15 17:30:24,2018-07-17 14:52:00,2018-07-26 17:32:03,2018-08-07,24481dfda3564e4b1f284c8b7ed9a41a,2018-07-15
71dc9d3a6d378bbde8b7629eaae7c3a0,98fef27881bd8e167eae933b2893c6e9,delivered,2018-04-23 00:14:16,2018-04-24 17:22:24,2018-05-10 13:20:00,2018-05-15 18:12:27,2018-05-17,6dbcc57be1cead7be989aa72dc7f44ca,2018-04-23
7ff63764a6de6e9a5fde1c76cf5650a7,f0db968ca669b9bd241c27a383092d9b,delivered,2017-06-12 09:07:29,2017-06-13 03:55:22,2017-06-30 14:43:39,2017-07-19 20:57:53,2017-07-13,c65313f0613e1292047eca9a86fdb0a1,2017-06-12
0d92f9c47e96d946ca421dd3ea531b2a,21340bc68e361154e5329c3c655dca4f,delivered,2018-07-30 14:17:23,2018-07-30 14:30:54,2018-07-31 14:12:00,2018-08-07 18:55:17,2018-08-13,ffe96c782a5bc522bd8bad3bc638981a,2018-07-30
fca7b989b55ec495fc04ef8344bdb7d9,a3d11dbcd9f16d462fc5835c36880940,delivered,2017-04-09 11:23:37,2017-04-11 03:55:34,2017-04-11 13:13:23,2017-04-20 12:08:24,2017-05-17,d4fd3f83ce187e9184d32bdf2c3769c6,2017-04-09
0a53864d69001a165085a6488ab75469,218748ee4a5388be76c4b35fe97f92e1,delivered,2018-01-16 12:38:49,2018-01-16 12:52:11,2018-01-19 16:29:01,2018-01-30 19:58:13,2018-03-01,0f236e51bb703ddf0e311f3520600065,2018-01-16
a93517c2ce1c5cf1b4d0f513f712e6dd,a0d38bf433ba23da2f77930d36f9c4b4,delivered,2018-01-20 17:34:11,2018-01-20 17:44:12,2018-01-23 00:12:41,2018-02-05 23:17:01,2018-02-19,4b256efb7d2b602ca8d8a070db7cd4ae,2018-01-20
3fb69957411be975a0316256df7f797b,d35d8c2ec3ab248822ef4b2303014292,delivered,2018-01-30 09:31:18,2018-01-30 09:55:45,2018-02-01 17:52:01,2018-02-19 17:16:43,2018-02-23,641159b01ed966201b10aeb55df19208,2018-01-30
ffbe8a51afd59fa93224d1c6bc987aee,a6195f49275f8f8b2e54557531722145,delivered,2017-11-02 16:31:52,2017-11-02 16:45:37,2017-11-06 21:21:56,2017-11-09 23:07:42,2017-11-24,fa98d9f9af1e16e0e205a601b0ccbe1f,2017-11-02
f47b9b38f1a8dca00dd9517273fe0f68,d18eeac6c6fc1b0175d6b7193e1f0467,delivered,2018-07-29 19:20:55,2018-07-30 16:25:25,2018-07-31 13:07:00,2018-08-01 22:04:25,2018-08-02,f80a8062c0f2b54fd6a558433445c5df,2018-07-29
a1f115db2222fcb78c129bf36d76d4dd,1bfe620be823518320575a61861437ea,delivered,2017-11-11 09:43:39,2017-11-14 04:10:29,2017-11-14 16:54:22,2017-11-23 19:35:26,2017-12-05,fd634df670a00c1cf64d2ef2a78c1764,2017-11-11
9951937ab72b12a841cb4f931ac8bfbc,13506b60f881b8e29029ce92283dd398,delivered,2018-08-05 20:02:28,2018-08-05 20:15:20,2018-08-07 11:50:00,2018-08-15 02:31:46,2018-08-24,b93cacded43b7d04c0c861c8f2f5bdd8,2018-08-05
19838cf50dea89006e54a386a31287b2,0c97980a30d97a6bfda61a4f10264bc7,delivered,2018-04-18 12:53:27,2018-04-18 13:10:41,2018-04-26 15:50:00,2018-04-28 14:28:50,2018-05-09,e550a3e35434ae49ef5fc19b03038f39,2018-04-18
8df939e36ea427df61f31f39e08d2715,85999e21f35afba0a59df01c97727433,delivered,2018-03-22 21:10:17,2018-03-22 21:27:54,2018-03-27 00:36:42,2018-04-02 20:08:31,2018-04-27,cb2cd363d56807ed670547fab32e1d52,2018-03-22
0ca4b3b797fddd6288abcd726e5669e3,b2b204350c535ec8e130d1e42dba1bed,delivered,2018-08-21 18:02:44,2018-08-21 18:10:23,2018-08-22 14:43:00,2018-08-29 15:12:27,2018-09-03,7704b4ee92be4fc9b92ec80163c45272,2018-08-21
7bb63f3e1c995473fbe6450a65fd8cfe,b23e3f110598a3783b8bf7cf6e342d31,delivered,2018-02-14 17:16:33,2018-02-14 17:30:34,2018-02-15 20:09:23,2018-02-16 19:59:02,2018-02-26,d82e6b209c048cbb243bdd21489cce06,2018-02-14
9dec1346eeebe57e1353b6c2dbc06f94,7513c4bb10a41cf4fae9d29535e31fa7,delivered,2017-07-06 14:25:00,2017-07-06 14:35:21,2017-07-07 16:59:34,2017-07-19 16:57:54,2017-07-26,9fec5bf436533b92a3f6e2c8d974ab5f,2017-07-06
79f92b33bbe0c43264104fc5ee0b10b2,affc3fb17d0d6e55db542c0b1713bc6a,delivered,2018-05-13 11:48:19,2018-05-15 04:34:54,2018-05-15 15:39:00,2018-05-18 15:32:27,2018-05-29,41054d3e7201dd301c73f493decb6806,2018-05-13
ecfa045372b27e442363234001d022bc,59a83d4def5f8b7b0e745f66b429b5b4,delivered,2018-03-11 14:23:40,2018-03-11 14:35:46,2018-03-12 14:56:24,2018-03-22 10:38:45,2018-04-11,e79e1a72ae3be0874ceaed13900757a8,2018-03-11
085bc46be56c7b3c4d5d805843d02e5e,bd80c756ce1d4487087d59f88ebb9ea7,delivered,2017-07-04 18:48:46,2017-07-05 17:43:39,2017-07-06 16:27:05,2017-07-10 19:12:06,2017-07-26,10aa79627a28350b5c121a124096cb18,2017-07-04
28cbc68ed62d4454655aa41bb0941aaa,723aafdd1030cac40ade9dfdce60cdc8,delivered,2017-12-29 22:51:00,2017-12-29 22:59:29,2018-01-02 19:06:13,2018-01-09 17:35:22,2018-01-30,ba16203bf127db33e6b3d5bf70506473,2017-12-29
b704eaf4ae9e9716ead0088db45a9b40,01d22419c452ad55702fa5a9a81a4423,shipped,2018-04-21 23:22:17,2018-04-24 18:57:06,2018-04-25 12:38:00,,2018-05-14,1572056796a130cff3aac889df5e2939,2018-04-21
d4181bfdc2de0b7a83418bb197ca5334,c2858ae4e6680baa31f5a6cabe4b8055,delivered,2017-07-25 16:56:59,2017-07-26 16:50:17,2017-07-27 15:16:55,2017-08-05 14:12:04,2017-08-16,15e6d6a0a71179040ccfb0d3cd27487a,2017-07-25
78b271a8afaace85021c40cf6adb61a2,1b66ca957166eb1f0c86e95c20d339c7,delivered,2018-06-23 15:15:35,2018-06-23 15:38:41,2018-06-26 14:34:00,2018-06-29 22:06:43,2018-07-20,21376c7cf3879b5e2119d39f1a596f9c,2018-06-23
b4d6bee8b34f0daf1309fc764051cce5,b87ab7515bb1025b80d8f9bc5c860f83,delivered,2018-04-08 21:25:05,2018-04-08 21:35:15,2018-04-09 15:55:22,2018-04-20 17:29:54,2018-05-07,0598dd4eaa6611265e192ffa2e8133aa,2018-04-08
14066026f08d98c3316b5b8637282529,746ed0a7c874bd450e922647085e4d9f,delivered,2017-03-25 18:02:36,2017-03-25 18:15:09,2017-03-28 14:13:21,2017-04-04 16:06:58,2017-04-18,a7a6d8b62390ec8014d5a46ee36644c4,2017-03-25
12d8f84b2205c7654fdf6768718d243d,0cb1ec7f7b0d209fdfbb7c3592b32634,delivered,2018-06-28 21:51:14,2018-06-28 22:10:06,2018-06-29 12:29:00,2018-07-10 20:21:57,2018-07-26,dc60c9d2751e2ec174e8d7cb3ac63147,2018-06-28
2132d7599832dd6bc845a7efd6f6d446,8a01af238f4fc14ba37f1a26a1f2950f,delivered,2017-11-16 13:23:40,2017-11-16 13:55:49,2017-11-22 01:11:49,2017-11-25 12:26:50,2017-12-08,c59531f90d083012b6c23034c8f54032,2017-11-16
d9a34b9554a76f98e59becbf5b49a871,f607992590df1ce8b149279c589e2421,delivered,2017-11-02 13:09:35,2017-11-02 13:25:21,2017-11-07 10:32:37,2017-11-15 14:09:26,2017-11-29,ef5947984bf1aad3ed84c0ad7da9f059,2017-11-02
ca7adf1201471598788f746ed74c825b,cfbef476e3977219a4db308d8decc763,delivered,2018-01-24 12:34:55,2018-01-24 15:18:20,2018-01-30 12:26:42,2018-01-31 19:22:09,2018-02-08,15a3524cd2406dccbecb1273c407165b,2018-01-24
7d8f5bfd5aff648220374a2df62e84d5,a67a246af6ba598a14cc86df3c0354ee,delivered,2018-05-12 22:27:38,2018-05-12 22:50:11,2018-05-17 12:28:00,2018-06-01 19:07:48,2018-06-20,595e38fad1949e25468ad1c7c06924d0,2018-05-12
4140060a1718f4c780ee5a5459298e3f,74eae62b206448b12dd70a65e1da7c23,delivered,2018-03-06 09:21:53,2018-03-06 09:35:21,2018-03-13 01:41:51,2018-03-19 18:42:05,2018-03-28,f88d4e4a9125083a65e8073383c81d32,2018-03-06
995cb1fde464cb3683cf2902d8827a13,985b35e7309802e954547d2f6fdfe9e9,delivered,2018-07-15 21:00:44,2018-07-15 21:15:19,2018-07-16 15:29:00,2018-07-25 21:41:16,2018-08-02,dc9863265867f212dad7dd6847c73c6d,2018-07-15
14cef40ef56939096a73790b10938a79,874c29725c71cec67452885cfcf67d53,delivered,2018-04-25 15:52:18,2018-04-25 16:53:33,2018-04-27 15:00:00,2018-05-08 22:21:52,2018-05-14,c1663d57763a33746237385b4465d836,2018-04-25
b37d46f83322f86eae75b766a515cffe,25a52f95724799f5b375932dfb65c5f7,delivered,2018-03-03 23:19:47,2018-03-04 00:00:26,2018-03-06 18:58:42,2018-03-29 17:44:43,2018-04-16,76fe97f554dca5a3d157ee7ce9ccd414,2018-03-03
40b2dd4813a685a119ff6fd2d213ca88,1abf6e7692428fe41add0d40154d2831,delivered,2018-07-23 20:03:53,2018-07-25 02:45:19,2018-07-25 15:52:00,2018-07-30 18:28:54,2018-08-10,dfeea6fcfa52ea041c5b4bc28b0b150a,2018-07-23
7b5128e25d9aecefbe3ed7b42f1daeb4,e17fbd2f4fd5efb2fec96e91cf9b20de,delivered,2018-08-07 12:06:54,2018-08-07 12:15:20,2018-08-13 09:13:00,2018-08-21 20:41:12,2018-08-30,33dc85cfdc3b4c5fe951512e9b426f78,2018-08-07
4405341a3e7abe465e9f0a63d727dbe4,873dcf6ac219081c5b3dd8bc564b2534,delivered,2018-02-09 14:38:25,2018-02-10 02:49:43,2018-02-21 11:36:36,2018-03-05 22:37:44,2018-03-16,83fa3228f0ecdbe2e332db90357ce16d,2018-02-09
b4351b639f2b08615cf0af316b7fd590,5883ec31904f13a6b87af78ca0f65e05,delivered,2017-11-02 19:39:24,2017-11-04 06:55:32,2017-11-07 18:58:33,2017-11-13 16:58:54,2017-11-24,26ba94dfa1455f35df98f0272823d02c,2017-11-02
dd7fbf8b53b7ffa059c926a77c42f04f,b0d59207d44937209cca2887ab613f5b,delivered,2018-08-28 14:01:04,2018-08-28 14:15:19,2018-08-29 15:08:00,2018-08-31 02:04:31,2018-09-17,bfd827e8a21c8be7bdef29573a885b76,2018-08-28
b1bd0e86ea8b4060e4e7c5684202b656,b3c8ed4840e19fb161faca3b4ed4cfa8,delivered,2017-11-16 13:02:20,2017-11-18 02:15:33,2017-11-29 23:37:28,2017-12-18 23:57:24,2017-12-06,eb8559e29e05f13da4c369aa00081da6,2017-11-16
69a236fbbc4a603ebfa4468a3bdcb140,1bd6b1b425cc25c6e0c79f68d28fe2fb,delivered,2017-04-25 01:46:02,2017-04-27 10:32:00,2017-04-26 09:11:44,2017-05-03 13:39:47,2017-05-25,d5757a126bd48eb32c706bf3b2349947,2017-04-25
188368c093f06fe58e813bd61137b3e1,ec1b208f54047679c3b2c982e22872d0,delivered,2017-10-13 21:51:40,2017-10-13 22:07:07,2017-10-18 22:07:53,2017-10-25 22:18:38,2017-11-13,1f46c0ce030634c7dada0593638d8ba5,2017-10-13
ee6059ea51c2fe6fa582bfee8d1a725e,b3ebc63c630e8af49ff5cba1f321928e,delivered,2018-07-15 00:05:51,2018-07-15 00:24:01,2018-07-20 13:10:00,2018-07-25 16:19:03,2018-08-07,54a4d076947c8f0e3de1e6eb3bab9dc5,2018-07-15
d75ec4cf8c3c2afb8cd60498e725dfe3,9bedce134cd25ed7df6fd43a51c8d76d,delivered,2017-07-29 11:14:49,2017-07-29 11:30:11,2017-08-17 21:46:30,2017-08-23 19:42:42,2017-08-21,94c8b4de468c39e3e5f5ceb05345b166,2017-07-29
95d3fed955a6724308700ab281998533,03a6ba2837612c689cd65be392b84084,delivered,2018-06-21 20:55:41,2018-06-22 02:37:01,2018-06-29 14:03:00,2018-07-04 16:32:36,2018-07-26,4ece0ab94505340f9f8c39f09d5c1280,2018-06-21
a5b65501699091dc28e4499a0b143963,510b491c7782d235d7eb8c68178dfeab,delivered,2017-11-10 01:12:15,2017-11-10 01:26:06,2017-11-10 19:04:47,2017-11-28 00:28:48,2017-12-05,1fed83cc5a2835d406f832dbf55125ca,2017-11-10
85841af0d94e5d0cd3a9c0e42e565b74,603dd05a409bcfe63ca922996c72bdfb,delivered,2016-10-05 22:39:46,2016-10-06 16:03:32,2016-10-10 16:03:33,2016-10-13 16:03:33,2016-11-25,a6f05f77ad475fa43a454923be0c97e8,2016-10-05
665f27cd53c438276f8d03532bdaa047,021212b1c2f127ec287d99fa9f6346e6,delivered,2018-04-03 17:16:46,2018-04-03 17:30:18,2018-04-04 23:06:42,2018-04-06 00:12:33,2018-04-19,1b86bd501d916b3c67a5dbfe7f49af47,2018-04-03
fee04510f8e4bd36d10789bdbe55eae2,355acc2c291066f4d41f954918f11eef,delivered,2017-08-24 19:56:08,2017-08-24 20:10:15,2017-08-29 15:58:09,2017-08-31 17:38:50,2017-09-15,b0004e82bf1f90c43ffe748ce54be94a,2017-08-24
2ffd4bf0fbadf9acf274c27d822697ca,aab70b85acd198f5a41f3e9f2e34a63f,delivered,2018-05-06 21:08:08,2018-05-08 19:34:50,2018-05-10 18:29:00,2018-05-18 17:12:21,2018-05-30,d62b6d46d8004b523b80766eab486f46,2018-05-06
e1d052f0519179744d19f35c1d848ff5,72595e3c621f07680012749b4c1b5904,delivered,2017-03-09 17:26:26,2017-03-09 17:26:26,2017-03-10 09:04:53,2017-03-17 12:55:48,2017-03-28,fef01b6698bae7394677113b5e647eda,2017-03-09
8f7d40ce4fdd837cf8c757a14fa92154,95c6b1512c5abd1deb0e1d8182d5c32d,delivered,2018-03-26 09:37:14,2018-03-26 09:50:32,2018-03-27 02:13:47,2018-04-02 12:52:46,2018-04-12,c1a09d6a8a9916fcf70c52cf5df6e61e,2018-03-26
d5059794ce5ef544e6c29ad80d4785d4,df1dd9459e63a85ace04bbd514246db7,delivered,2017-09-14 23:20:35,2017-09-15 23:25:14,2017-09-18 14:20:15,2017-09-25 18:43:33,2017-10-06,6f0b3c0824512f9e29805095537bd68d,2017-09-14
279eab1ce88064419806859e4575a10e,dda1c4364d7687bcc98ca8984550b081,delivered,2017-04-17 07:42:23,2017-04-18 03:51:12,2017-05-05 16:02:59,2017-05-18 05:59:41,2017-05-10,312c9b7a4b792683db76a547c722486b,2017-04-17
f62aae152b6b5527f7516b34bbf154e2,9bb7c4f2cdbf2d4f9066b806594cf1b2,delivered,2018-03-15 14:09:16,2018-03-15 14:29:43,2018-03-16 17:55:47,2018-03-27 17:36:54,2018-04-03,cc8b951febb2949ceb6ead2f8dd17ce9,2018-03-15
eeb2e664debf2c0bd41c970e2122858a,7eae0e943f8fc8ef273e928ce0b12ffc,delivered,2017-10-18 13:35:32,2017-10-18 13:49:26,2017-10-24 21:18:14,2017-10-30 13:25:31,2017-11-06,ef94319730784638e47138ded9d23014,2017-10-18
bbd5320df89920817b0cc073770a9c8f,220c0d585ecee4fa50f3c996c16432d4,delivered,2018-01-12 16:30:25,2018-01-12 16:50:00,2018-01-15 17:52:58,2018-01-18 20:33:02,2018-02-02,ca331839495652e51545aff8a5c11908,2018-01-12
c7d894c7be2eb461fb04d81e82f0814d,d74d925687122c0d1cc677e244620341,delivered,2018-02-28 20:09:30,2018-02-28 20:20:48,2018-03-06 01:08:51,2018-03-14 23:48:42,2018-03-19,b2a394fea93b8eb9996e841e9b1f3328,2018-02-28
776a18d9c6d83661a0f788e219f4acba,f7e12fa6272eb4c6f54c7d8aadab4349,delivered,2017-09-29 01:56:43,2017-09-30 02:36:26,2017-10-03 00:15:05,2017-10-06 16:10:15,2017-10-24,7b7f11928e2451cb0ec7cd2e23a22f79,2017-09-29
d27c2efd9421cde0945261467fb1a025,a8bb774baf42be4ec71b92200ceee3b9,delivered,2018-07-24 15:35:42,2018-07-26 03:15:18,2018-07-27 10:43:00,2018-08-02 20:44:41,2018-08-09,7419850411a470c611c1a6d398c853aa,2018-07-24
f0889aa6830c9df823b4c7c03ce5e4f2,85f1281700ac404ceefcc166d45baf1f,delivered,2018-04-24 23:12:28,2018-04-24 23:29:57,2018-04-25 14:18:00,2018-05-10 00:37:38,2018-05-21,f75fb51dbb29d8fba1eb3eb7576293aa,2018-04-24
4edaf27ed056e42729b2700dfd0dbccc,551f10aba6594e3e1cb5fc859cd349a2,delivered,2017-05-18 10:54:12,2017-05-18 11:05:26,2017-05-19 09:13:37,2017-05-23 14:07:36,2017-05-31,270a2cd191cd19898f8abd07c5c248fc,2017-05-18
588e9a3844482484a31e604c2767b82f,c6d04a9495cc4d8e22a4276131aac50e,delivered,2018-03-24 21:50:02,2018-03-27 04:10:23,2018-03-27 22:41:58,2018-04-05 20:56:33,2018-04-24,b6772272aa4f122662a3d014a0bd7b4a,2018-03-24
075d1d2a3ac6d55e925dda5e2ad0c6fe,acad447a2406e2d43fad356e2d89aec3,delivered,2018-03-18 17:31:21,2018-03-19 17:29:46,2018-03-20 23:02:34,2018-04-05 00:12:46,2018-04-13,668f76ea8fa5d0f459e6a15d8d55ac63,2018-03-18
6a276c227b7bb9659f04c271e30d381d,f35e1aa8990c39ac028bd44384d805a6,delivered,2018-02-19 09:23:33,2018-02-19 10:10:39,2018-02-22 01:04:19,2018-03-09 19:52:30,2018-03-12,4e6588068c000d6f539cf24c66a96816,2018-02-19
56137cd32ae890d2f8f4c0b770da009f,1a8a24b6904f80d445faf68aaa56ce35,delivered,2018-03-07 16:51:09,2018-03-07 17:40:21,2018-03-08 19:26:38,2018-04-03 16:02:50,2018-03-29,e105dec92cee6465244879914c792707,2018-03-07
5fe9874b96028c851e35c1c28aede4c2,4d575680ce2505bef7485ecf1badf1d6,delivered,2018-01-14 14:39:38,2018-01-14 14:51:23,2018-01-24 16:59:54,2018-01-30 14:19:48,2018-02-16,067d22395c78dfe68b327a9444ea48f6,2018-01-14
d0e532f7dc3f516d8fcff81b062f05ec,dbf791ec86ecb06477b1e6d841ec9b3e,delivered,2017-09-25 22:22:18,2017-09-26 22:28:18,2017-09-27 23:12:19,2017-10-04 12:39:54,2017-10-25,2b21acf35bb99e01d64acdf686ba9856,2017-09-25
0ab93232e2390bb66ff047c39fd91077,e6cc3085bfd669d31daced208e8f9a69,delivered,2018-01-01 18:31:59,2018-01-03 04:30:35,2018-01-05 20:19:47,2018-01-10 16:12:48,2018-01-30,05b6f8d94c378446bcfe5cb4f75785b1,2018-01-01
019440e41e276668d99d996d5d1a22c1,477d0086341df0308127cef59628e7be,delivered,2018-06-12 23:05:15,2018-06-14 02:38:39,2018-06-14 15:23:00,2018-06-19 22:21:21,2018-07-11,19fe66d478bfedfdcc743014d562b777,2018-06-12
6f532d76ec46fda0beae1633997d1409,95eed62685a983a404c317327e7799be,delivered,2017-12-11 23:38:11,2017-12-13 02:50:04,2017-12-19 17:42:22,2017-12-30 13:38:24,2018-01-09,422ca11325b9bce3304a87758c2a4bdf,2017-12-11
d5d2c0e9c55c60e47dd370479d8775d7,f6e7f380d175517f710917c68998c6c4,delivered,2017-09-10 17:43:33,2017-09-10 17:55:11,2017-09-11 21:23:06,2017-09-14 18:57:21,2017-09-27,09fff3b550fb099d044fb43d30f2da6e,2017-09-10
11f14d74e7fe63a9a1cc38664bb6f431,61ed37058a9365674a8cb35568941b0d,delivered,2017-06-14 17:15:36,2017-06-14 17:34:43,2017-06-16 14:22:28,2017-06-26 15:46:41,2017-07-11,a8e7fb5fe211f44e99406f12c2c2a1ef,2017-06-14
d168723fbc108ab922a23516046a4b42,6d0c88da84f5f308b04f0c8dbd180027,delivered,2017-05-26 23:43:10,2017-05-27 23:45:19,2017-05-30 10:53:16,2017-06-12 11:42:23,2017-07-26,baca240b69cd4bd9bf08199640ae8da3,2017-05-26
dc0c88e3bec8210714d2176ddb06f276,14297c24f93335154b9dc5eb026ba425,delivered,2018-03-29 18:04:57,2018-03-29 18:29:22,2018-04-03 02:18:38,2018-04-04 21:36:47,2018-04-17,dbc19912d7a5ce777b71178146f803f8,2018-03-29
f65f13aa0f61098cebf314daa13a51da,23f0ed5b86d3cd96d4b8eba5c92107d5,delivered,2017-12-05 23:42:33,2017-12-05 23:56:57,2017-12-06 22:47:43,2018-01-18 12:43:58,2018-01-08,b7df9e1300398dcbef32dd58f5778e4e,2017-12-05
177536550949ab384987dfa5e898b1cc,33294108523155692708518bfa1701e0,delivered,2017-05-11 20:29:29,2017-05-12 21:02:47,2017-05-15 13:53:58,2017-05-23 12:17:51,2017-06-13,9883b261732b8f3e389e6b2e66e3898c,2017-05-11
df04145e2f3426e5693e813561656576,4c1aff58af7cf50f5b4e85c445c14b58,delivered,2018-05-03 21:44:32,2018-05-03 21:55:19,2018-05-07 15:05:00,2018-05-14 16:37:48,2018-05-30,91efc249c62720440837bcc4954de645,2018-05-03
28262d9fd1a7ceff1089bc357b873b91,5b175cedd118642e9f4c579def7fd74b,delivered,2018-05-01 11:20:00,2018-05-01 11:36:25,2018-05-02 15:23:00,2018-05-03 20:41:54,2018-05-17,aa811a75ef9003dec42385049372c22e,2018-05-01
6bb7ab367d79166d73368ecfbef88dd8,450440af27c0b24d19ddbebfc165c442,delivered,2018-07-10 15:26:07,2018-07-10 15:46:34,2018-07-11 14:45:00,2018-07-13 19:31:53,2018-07-18,96210b5e060ddc56b30d2625dbade4cc,2018-07-10
1501377ae464c309dd74f2ec71daf9b5,b104d98edcfb89e1cda5cf1510faecf1,delivered,2017-07-15 09:23:55,2017-07-15 09:35:19,2017-07-17 19:49:59,2017-07-24 19:07:54,2017-08-10,28e42f3e120527d138764c5244f2bfb4,2017-07-15
01bdc09119b132e176e5c8f2cf68b0ac,9b5f0ef5de7b703b77e1131e68263de9,delivered,2018-08-16 15:59:08,2018-08-17 15:50:16,2018-08-20 14:06:00,2018-08-27 20:42:18,2018-09-12,f6db892e508b52b2419ce2fe09628d7c,2018-08-16
4ae6c814370d0a4b396355a8aabbbfdd,a439ca180ebbf3037213e6d501646b3b,delivered,2018-05-15 22:11:51,2018-05-15 22:33:58,2018-05-16 09:45:00,2018-05-22 18:02:32,2018-06-05,3b0777b4115e9b40426db87ddf80903f,2018-05-15
e7fe197c60eec45afb91acb7de6d6260,61d45ec37d1586fdd55b23b4f696e27f,delivered,2017-10-17 12:39:00,2017-10-18 02:52:31,2017-10-20 11:32:58,2017-11-07 12:43:20,2017-11-07,6c2f6983a60ac0dc8a9ee65579959538,2017-10-17
a103bbccbbeb3e1d8354f83f08ed2667,a4ce15737ec0d3eb40545f0b738a8941,delivered,2018-06-26 14:00:54,2018-06-27 08:54:33,2018-06-27 11:27:00,2018-07-03 23:58:51,2018-07-24,5f7776426b25da9e5d212c3de7102003,2018-06-26
5d111a2da7b316aa34aadd1fb06b483a,d7ed9faec75b9d8aaca43b8c18b2f524,delivered,2018-05-15 16:14:42,2018-05-16 16:14:59,2018-05-18 13:22:00,2018-06-11 16:11:56,2018-06-05,7afcfd9fcdc57bc2266528bbfe55afbb,2018-05-15
e37dabbc051a3f58d73581522f7eef81,3e661a73488109b0bc5c9e71427d9939,delivered,2017-12-03 21:32:13,2017-12-03 22:58:08,2017-12-05 00:14:31,2017-12-13 13:55:09,2017-12-28,ed54434e600602d26905e55f0cc61a50,2017-12-03
ef0beb334211d552bb4bbb9b43e60248,70964b463cfa1a74701003a366f62d03,shipped,2018-07-30 19:57:21,2018-07-30 20:10:21,2018-07-31 15:08:00,,2018-08-13,a5dfe1ead2966c2523a57096d8611171,2018-07-30
03ffce741877a000ca0fb3520673d4c4,e937151346d1bec664f5b80cd798bdd2,delivered,2016-10-05 15:17:57,2016-10-06 16:02:36,2016-10-15 12:39:28,2016-10-25 20:28:33,2016-12-09,2760aef7bd977a44aabf53f656e92722,2016-10-05
bf3fd3b1044615b0020cccb78f7b142a,3a8a658ae668c077b4d802d1d43b2a28,delivered,2018-02-08 10:30:24,2018-02-09 10:13:46,2018-02-09 22:41:36,2018-02-14 21:55:06,2018-03-06,6a49832514ecee6c741ea8e7308a3f09,2018-02-08
694c92324234f0d098a8766d1afa8449,cc8c14ab3bb1daeaf0f28c9523dbd29f,delivered,2017-08-14 12:11:55,2017-08-14 12:44:12,2017-08-15 19:31:40,2017-08-17 16:53:49,2017-08-25,950de1bbee57641b7bda4d938a44d3bc,2017-08-14
22b1de291afc457a072d35bf6749b18a,3351d390942c5ff630bd5b016a3f9e79,delivered,2018-07-27 15:22:53,2018-07-27 16:32:06,2018-07-30 16:26:00,2018-08-06 21:10:43,2018-08-14,3f59da3cb710cc2853609980e1b820d3,2018-07-27
e3c131bbe953a1cdb1dbaf261715c368,38d1cd89306128348ffdf4cc23f3a50a,delivered,2017-03-16 16:41:44,2017-03-16 16:41:44,2017-03-17 11:07:01,2017-03-21 11:27:49,2017-04-04,d491a65a6ef3c04e145d37395996bad7,2017-03-16
755b35cd526f3b62950a990cd6ca1207,9b3319404f3dbecbc1f7fa9261a91c61,delivered,2018-01-15 11:58:01,2018-01-15 12:16:10,2018-01-17 13:52:50,2018-01-26 22:51:23,2018-02-09,1ee38c48e009ccc32f5ab7fd7ee65650,2018-01-15
db10e5b34779ebe39e1bc929469eb841,0492fbcccc19cfdea66d667173ebce63,delivered,2018-08-08 23:22:13,2018-08-08 23:35:21,2018-08-09 16:06:00,2018-08-21 11:28:49,2018-08-14,928c822f6eb7267fe1669503d1a24c89,2018-08-08
33238b56832a1ff5396fff8bd2a44ede,e12464f67471d31285bd75f4f38a0db9,delivered,2018-02-28 17:53:38,2018-03-03 03:30:58,2018-03-07 23:26:50,2018-04-04 23:33:05,2018-03-21,d041320ae7f525e9184cb0ae811cd9cf,2018-02-28
4325abb4e925f2765e6874e9788392f4,cbafb574da2d33b039f294c188624b6c,delivered,2018-03-02 16:37:22,2018-03-06 03:51:37,2018-03-08 20:39:39,2018-04-12 12:11:52,2018-03-23,e486555873e1947a1de7b1ff1e8c3554,2018-03-02
645178e45ffc3660a32e6532187b4376,b40e8b8ffd7f8005f3b655ed36676f87,delivered,2018-04-09 19:35:20,2018-04-09 19:50:58,2018-04-10 20:26:33,2018-04-20 19:40:43,2018-05-07,c16477b98b39807fd1a78ad4f33f6207,2018-04-09
7543a6fd664cf3ced4e8d01d48207a80,6ba78154cdda17dbb0e69a207b6011ac,delivered,2017-03-24 21:27:35,2017-03-28 03:45:24,2017-03-28 14:31:39,2017-04-04 15:34:32,2017-04-17,a41edae49cb4cc536dcb71057d582185,2017-03-24
a09b9e1d3f95afbb8d9e0f8f87ab520b,143a2712089c099671d2ce10731b8aa4,delivered,2018-06-26 09:30:41,2018-06-26 09:52:54,2018-06-26 14:06:00,2018-06-29 11:42:32,2018-07-17,249909f9236a3a49b9bc89689371aac0,2018-06-26
cedac928ba1f320f1f61e79b3801b5c5,c54b89d28aaf5f03b06e59cc2a686f81,delivered,2017-03-20 10:48:56,2017-03-20 10:48:56,2017-03-24 08:08:08,2017-04-05 11:28:09,2017-04-06,a4030b5e97ffc14114e66d82df860f6f,2017-03-20
2a52ef20af312ee4756b4e622ddc7101,736d28863facba7881a832ac8549a1dc,delivered,2018-08-26 16:19:58,2018-08-26 16:35:22,2018-08-27 14:31:00,2018-08-28 19:12:36,2018-09-05,d459c8dd9847c3a7cff9d3ff8724c25a,2018-08-26
f437ca3a038c797f963788a0b5e204a9,462c1928453b7b3fdf3e0b70d9d5b850,delivered,2017-06-27 11:04:36,2017-06-27 12:15:16,2017-06-28 14:24:56,2017-06-29 09:32:50,2017-07-10,4e2ba5e5df861d65422db3b6f7a253b4,2017-06-27
ebc613372bc147f1df63ad340e4b9bf5,db508645c64a215d060fefdf9610784b,delivered,2017-08-30 14:52:57,2017-08-31 17:05:38,2017-09-01 19:11:47,2017-09-13 16:17:37,2017-10-05,35a5139d64a17f2d5336aabace88cf87,2017-08-30
69b5f9421e21822b212fa48bf807b811,5061c5ea49d7ab5b1c526cf720193fb9,delivered,2018-04-20 17:36:11,2018-04-24 17:48:01,2018-04-30 14:23:00,2018-05-02 23:47:25,2018-05-03,88894f059c62f3b3030445e7a73323c0,2018-04-20
bbc781e0bdaef8ca45c32c280250567a,165cab246f7df81ab0c8f24880454aeb,delivered,2017-11-24 19:54:54,2017-11-24 23:01:02,2017-11-28 15:02:39,2017-12-06 17:22:42,2017-12-19,b27f32098e91da7de6c07361565ad1de,2017-11-24
bfdf5728dc66ccaf9131885e9e39b5a2,83ecfad6ffb6c167292c8fca66042ea9,delivered,2017-11-10 14:22:37,2017-11-10 14:35:32,2017-11-14 18:51:23,2017-11-17 21:03:04,2017-11-24,f8ab5ce36181ece75f0d3187871b2a16,2017-11-10
11077b960f568dd6d5dddae3bdfaa69c,bf988543b99218d77ffea19b8953d511,delivered,2017-09-13 18:28:59,2017-09-13 18:44:23,2017-09-15 21:49:51,2017-09-25 19:02:32,2017-10-06,3d3162c248f84fc1ef4636b83bf097fe,2017-09-13
85502150053b8714f53462c6376d8295,9f634269d5b217b28a2316238fec774f,delivered,2018-06-07 22:14:39,2018-06-07 22:33:34,2018-06-08 16:55:00,2018-06-20 17:04:59,2018-07-17,6659cdf2397f169f0887c503fdacd408,2018-06-07
1ae9416cc460b54e019ac44ba53f5b1b,9e3cccc4d43db2e97bb7015e1114fc92,delivered,2018-02-22 16:21:49,2018-02-22 16:30:26,2018-02-28 00:03:11,2018-04-03 20:51:31,2018-03-20,9f71041667decc88f2ca7f8c2189fa1c,2018-02-22
04e452498b75f049f617f5ed7ffc0633,52ebfe7b40ff6cbe2db79c566f36e6bb,delivered,2018-05-22 23:30:07,2018-05-22 23:57:56,2018-05-23 20:23:00,2018-05-24 21:18:24,2018-06-06,e3276a09829510513e2f055f953b2aed,2018-05-22
0f95a7e23723d5388a494f2d812a8332,5f454675eda0812f4ca038d7a6796a38,delivered,2018-04-01 19:50:42,2018-04-01 20:08:34,2018-04-03 21:19:23,2018-04-12 00:24:45,2018-04-25,22a10db985bf635ffcb7eb3af7d33913,2018-04-01
8560601765c3f16199ac6feb1a8d6e64,3fd7c402c2376ddd9c4b06ba5b3ca6a4,delivered,2018-07-20 17:57:42,2018-07-20 18:10:21,2018-07-23 07:32:00,2018-07-25 16:36:52,2018-08-01,56e674dd2fe123d7ddd38e34b53163ac,2018-07-20
c2ccb6c2af36d8492e83ecf528f2755c,07a4bb60f62e5ce83b63a08f0cd050bc,unavailable,2018-05-21 13:48:16,2018-05-21 16:14:54,,,2018-06-05,1ff3b4e02a84ba7bd1bd2a65bc330514,2018-05-21
603b717dcdee8679723c6918ab5585ed,c09e462cce0e66748b9152a2421e68ed,delivered,2018-06-13 09:16:20,2018-06-13 09:39:30,2018-06-14 10:56:00,2018-06-19 20:56:30,2018-07-04,75e9ca5fea78afa5f2fb324d58593d64,2018-06-13
2e7a8482f6fb09756ca50c10d7bfc047,08c5351a6aca1c1589a38f244edeee9d,shipped,2016-09-04 21:15:19,2016-10-07 13:18:03,2016-10-18 13:14:51,,2016-10-20,b7d76e111c89f7ebf14761390f0f7d17,2016-09-04
749238696f501c747fe013b2a5fa014c,5298ba692006f23c6eb25232fe9b2cfd,delivered,2018-02-23 11:40:03,2018-02-26 16:32:39,2018-03-01 14:39:04,2018-03-27 23:52:46,2018-03-23,c9cb42e12d055c7407ea0b9b7be0dd6e,2018-02-23
f09b179b5803265142d7de8614234125,fbac6b4022506e370844af799dd93111,delivered,2017-03-11 21:54:43,2017-03-11 21:54:43,2017-03-13 09:13:05,2017-03-18 08:27:46,2017-03-30,17d1eac1c77bdc3c586bb9931cfc6da1,2017-03-11
59f740f135c8060f0c211f5ff37a7245,12a359118f460c2d9573a346f0ee15db,delivered,2017-12-27 14:02:43,2017-12-28 13:57:30,2018-01-05 22:25:48,2018-01-13 16:12:48,2018-01-24,31e0594ceb5bcb2f0ab698a5ed2bb0ff,2017-12-27
d27ebef51c81419780e860d0278bf87c,8aa87a987f6edfb3e4550f95e2c2df08,delivered,2018-03-21 08:40:54,2018-03-21 08:50:32,2018-03-21 19:15:41,2018-04-03 17:42:43,2018-04-10,b4452967e6994fe014fb17c73164a493,2018-03-21
06486b73d8d1705c15e0d13f6adcbf84,7f29240004dd657bbdf131b0ec558634,delivered,2018-01-20 18:32:47,2018-01-22 13:50:53,2018-01-23 21:34:05,2018-01-25 16:03:44,2018-02-06,2822fb97bf696ca53a1ecb48ba91d288,2018-01-20
a8cc5640bb6e6bf0280850917666c4d5,c179c63e0432790a7ed37decfde65dc9,delivered,2018-08-17 15:22:25,2018-08-17 15:35:14,2018-08-20 19:08:00,2018-08-27 14:57:19,2018-10-02,9b74eb2e52bbbb88985c2fb43e02beae,2018-08-17
2e99433024f415d8bda635a5f0615a25,ffd940dedc35e4f459eddfa41291e824,delivered,2018-03-29 12:43:22,2018-03-29 12:56:07,2018-04-03 21:51:26,2018-04-20 16:06:59,2018-04-24,7dddd924d92a307ffa2261b855b4ac27,2018-03-29
d90174017bf4d85298251ec0cf5a0bb7,c14a7f74602050fc8e33fe5820a9089e,delivered,2018-03-27 12:25:41,2018-03-29 03:15:34,2018-04-24 23:07:45,2018-05-15 16:24:51,2018-05-16,d948754ee35966f776d3f64b226cc476,2018-03-27
9da777e6977f9a0ed47c0a36c439a100,a92dc6eff829713a8baf8aaac87cc7e1,delivered,2018-04-22 21:48:49,2018-04-24 18:28:05,2018-04-25 13:16:00,2018-05-08 20:28:42,2018-05-16,c727a5b74bcd7e15a8fc4ce28c145dd6,2018-04-22
176ada94dcc6f5fa6091d19a9d1fffde,2102760f9941764d52d99011d33811c9,delivered,2018-06-15 00:02:47,2018-06-15 00:19:11,2018-06-15 12:31:00,2018-06-20 11:21:54,2018-07-13,ce2086a9fea4ca521c5cec07361ff2d6,2018-06-15
186a0845cd1b679057c8b0ea86931e2f,a820146409b46b535505aff7d58f3ffc,delivered,2018-07-19 17:22:40,2018-07-19 17:35:08,2018-07-20 14:52:00,2018-07-23 23:22:25,2018-07-31,4577881f7a6c10d8eb6bd7f7a82ffa86,2018-07-19
d576291e922fc07924f5811f867ed79b,6a92d9b18a6811e74eef28f1042fff82,delivered,2018-08-11 13:55:18,2018-08-14 04:50:28,2018-08-14 13:18:00,2018-08-23 19:13:53,2018-09-05,976e9c3a12631871a0f102cfa256dd75,2018-08-11
13ce532ef1a57ec06218af7cb3634241,ec8cce4c98a82dead34ffd130e9c6d85,delivered,2018-02-25 14:17:14,2018-02-25 14:30:29,2018-02-26 19:43:48,2018-03-03 20:18:48,2018-03-21,9579b888e112b9bd13772b6ee70112e4,2018-02-25
d7883c9f072902eba8f3b8af350976bb,53acd19d26c67a3842218b6cd931196f,shipped,2018-02-28 22:26:55,2018-03-03 02:50:51,2018-03-08 12:59:31,,2018-03-20,89d71ed92d56420f3db4b26099e2cf03,2018-02-28
856b72c8788d5cae7d45d12d479f5ed2,1a19a113d74df968be81ff005143c858,delivered,2017-11-30 23:24:15,2017-12-01 10:31:11,2017-12-04 21:41:48,2017-12-13 18:35:17,2018-01-02,67a2730155a56d30a1f643127dce6cc6,2017-11-30
aa3bb8a5c7740d386e6318f44046ac14,69e05d6d27a24b903033ec4f28aa6be8,delivered,2018-04-26 14:44:51,2018-04-27 03:50:51,2018-05-02 15:23:00,2018-05-07 18:48:31,2018-05-23,40e110f621ab9641c7a7b7f9c39f44bf,2018-04-26
853196751437213c99b38f619b15c7d5,bee8c38659f6714c7bc7400419f8c029,delivered,2018-01-04 08:54:51,2018-01-04 09:06:23,2018-01-04 20:10:38,2018-01-10 17:17:55,2018-02-02,f73e2e116849c1f6e7fb0c9c19cdf54e,2018-01-04
543dd9462e7d92ef58df34eea3ba7db5,352788649c9325b16a6bfa96df8942ed,delivered,2017-12-20 14:29:02,2017-12-20 14:37:29,2017-12-22 21:08:58,2018-01-04 20:38:43,2018-01-22,81d45f2cb2b1bd8fb94d5ea3fbbfd612,2017-12-20
8846a9571a893b22eb57d4732b978bbb,dcb2e23f71877ba3dee97c2ec27f1a81,delivered,2017-01-26 20:44:49,2017-01-26 20:55:17,2017-01-27 11:47:12,2017-02-03 12:34:51,2017-03-02,48d1dced151a0925eadb3614f732f220,2017-01-26
1cf843db5be8c3ec934d6bc2b58e5061,e7e113b513595f22376c653e1bd4f6d1,delivered,2017-08-23 17:20:02,2017-08-23 17:32:46,2017-08-28 21:03:15,2017-09-05 21:45:35,2017-09-21,43332d1b15ebe1dc139153cb9ed113da,2017-08-23
3aefaf9d41208dba8b2c336def99b00f,5b46a0d983eec8c97363bea78d4a69dd,delivered,2017-10-29 11:59:50,2017-10-30 10:12:39,2017-10-31 18:42:00,2017-11-06 21:18:53,2017-11-24,8bab3162259edfaadd1ea2e1fe7f58dc,2017-10-29
6b4063646aa51aca70fd0c745ded2155,f010f1ad40cdde76194f3c124c532db2,delivered,2018-02-14 00:16:24,2018-02-14 00:30:25,2018-02-14 23:28:46,2018-02-16 23:03:40,2018-02-26,50d7ffe26d9b0c27900c2b197e66bde4,2018-02-14
f829a70601d740aed0868f3aee51da03,9a5933540f93a1f6293effde1e30f5b5,delivered,2017-09-20 08:54:17,2017-09-20 09:05:28,2017-09-22 16:51:54,2017-09-29 13:16:02,2017-10-13,7b23dca3f650878cf0a0257b192a7a96,2017-09-20
5ebcd996db1f75a4d7b20b792a4a8258,06ea9a21fbcbfe8f45d54cc717db3c7b,delivered,2017-10-16 15:53:52,2017-10-16 16:08:19,2017-10-25 14:03:37,2017-11-03 17:37:55,2017-11-08,d5292e185ba6169c80ab77fe218ef01b,2017-10-16
477ba53956bcbed8ecfb53c564354a34,e3f08093f6e3b8dfb0fd0c7c165fbc6b,delivered,2018-05-20 11:09:06,2018-05-20 11:38:06,2018-05-21 11:53:00,2018-06-05 17:33:28,2018-06-05,a7d29dfb07d2919cbf9fe67fd6da6b37,2018-05-20
938ae4cc3e41fb0e80467cbd9b3b0b32,2a429fa14ae0251bcd2b942d4f115820,delivered,2018-04-08 20:38:47,2018-04-08 20:50:14,2018-04-09 15:19:13,2018-05-16 23:17:33,2018-04-30,79093f1f5356ceced1473035e849be7c,2018-04-08
ac04b7f02254500bde942a36fe9ea998,6686e5873a66cdeebd3ca467a27eb655,delivered,2018-03-06 13:44:31,2018-03-06 15:21:07,2018-03-08 10:29:57,2018-03-09 20:35:26,2018-03-16,22b59a78fa7b501bdd7e72a076ec03c0,2018-03-06
05a71c571d4602a72418b73366543cd9,b7494292e530fcf77327f1649793a426,shipped,2017-08-18 21:38:07,2017-08-18 21:55:06,2017-08-24 13:23:33,,2017-09-20,0514d58859a4a5ca6476885ba50b2f6b,2017-08-18
c38813ffe793f98e9c552fdd4f0a21ee,a51fd34f17dbb1494058b853b558e419,delivered,2017-09-10 10:12:26,2017-09-10 10:30:22,2017-09-14 22:57:45,2017-09-22 17:37:01,2017-10-02,b26858a322cb230c32a83a34d593ba90,2017-09-10
1fad09d0fdfb8f4f8cdfc1d5be566893,c12786834454ea9bfe60531bc75814cc,delivered,2018-02-18 19:48:26,2018-02-18 20:55:51,2018-02-21 20:07:26,2018-02-24 00:08:31,2018-03-05,85e80b64242ae28f803b4b1151f0f209,2018-02-18
489cbb0cbc1600b7b5a6d703004f606a,b6c9508ac754543c016be35d0a3b3857,delivered,2017-07-18 16:05:53,2017-07-18 16:15:29,2017-07-26 15:37:47,2017-07-31 19:07:57,2017-08-15,18080ed389c72ca4d0c4396edf0ecb37,2017-07-18
1d37e36d44b7056e8d613a4214c9765b,995a8d3ce0c9af3522916bd31f4305d7,delivered,2017-09-04 19:01:29,2017-09-06 03:04:28,2017-09-06 17:19:41,2017-09-12 21:32:59,2017-09-26,32fac75226dbbce057b8a9f2a1b1997b,2017-09-04
d883525a20a921f48a549f76c944fce8,01d33ef4c346ccf41a296c1292922cb8,delivered,2018-01-11 16:58:28,2018-01-11 17:08:40,2018-01-13 02:45:12,2018-01-18 20:38:50,2018-02-05,64e0a2c0c237ffa49416d01334384f7b,2018-01-11
4eae14ba78c6ed873a6d1f11e52326b1,59f287a90462f9dd7101c26cbbcddb9f,delivered,2018-03-26 22:44:01,2018-03-26 23:06:54,2018-03-27 18:51:08,2018-04-05 17:21:57,2018-05-11,99be275a1517effe1613cc37360c2b9a,2018-03-26
183ee0e3ebd4c1c995e5f9ac2d950ee8,81f49a0bc228fb20bc73f85ed36a0c0b,delivered,2018-02-01 19:55:53,2018-02-01 20:14:08,2018-02-02 19:38:50,2018-02-14 19:04:06,2018-02-23,473089b23876b579b3ca154c3d4a0309,2018-02-01
eec4699eb4ec4511a25aead6ed4e6c9b,cd4c3fcb577c9952a9e8d7aaae763e51,delivered,2017-12-15 16:52:44,2017-12-15 17:14:03,2017-12-18 17:18:48,2017-12-28 16:09:42,2018-02-02,768bbd3f7d68a84720367283e65ebaac,2017-12-15
dcaa8a5fd8f675e791daccbbbc9caf11,2b2d00cc7790247c69d95d823c8d9c6e,delivered,2018-02-08 11:26:09,2018-02-08 11:50:38,2018-02-08 21:39:07,2018-02-21 11:08:58,2018-03-19,5dcae475de267e3304949b772a368008,2018-02-08
5f149cfaf9ec98e580e5cf5e000b5aaa,bab0097a6b5e99f6b73299e7e1c79a6e,delivered,2018-04-20 07:49:24,2018-04-20 08:10:15,2018-04-20 17:33:54,2018-04-30 20:07:46,2018-05-15,d361b966b657bdc5eaf8a67c3968eacb,2018-04-20
68005513d670f9fc899928aed4963d22,3d9511a1f386dd62e326b7bee5b1066e,delivered,2018-04-11 15:38:50,2018-04-11 15:51:22,2018-04-13 00:03:55,2018-04-20 22:03:32,2018-05-04,07c8fde388fee352835f27b3ef13ff12,2018-04-11
42ef77c2949646ec1d09f4f38b249508,87730f978647280a4f4c7a9468f38462,delivered,2018-01-29 14:05:43,2018-01-29 14:38:22,2018-01-31 23:27:48,2018-02-05 23:36:25,2018-02-14,dc71733fc0d7d609f39f9c1d4af631ca,2018-01-29
52676562cb2111b7d4ec7c70868bf4dc,ecfdc745368d54527259bf2f3a4ea110,delivered,2018-05-08 21:29:13,2018-05-08 21:52:00,2018-05-14 11:16:00,2018-05-22 15:18:37,2018-06-05,f4876c612a0aae8ca7fd40f061df9796,2018-05-08
24385221c8f9f6a31323b73db64f869e,ec2e9b399515569e3c86f6263a32794c,delivered,2018-06-21 19:00:44,2018-06-23 01:40:01,2018-06-28 07:27:00,2018-07-03 20:41:18,2018-07-19,5cdc02ef57bf0f8500c2876200c620ec,2018-06-21
54798b68c9437a3dac92d6b957c9d1ab,68ed208f14989bf87c423b4c343db98f,delivered,2018-07-29 11:12:28,2018-07-29 11:25:08,2018-07-30 12:06:00,2018-07-31 16:13:35,2018-08-06,7d23932bed18bb15fea519d84389c3a3,2018-07-29
bc79181375f4587d5d412ecafddcbf61,eaa2a67b296ee18d6f41acd4b01bcd45,delivered,2018-01-10 16:47:56,2018-01-11 02:39:36,2018-01-12 21:37:54,2018-01-23 20:29:46,2018-02-08,95b4e09df0e2b9e4a38eb934dc81e51d,2018-01-10
355730bf737146add585953ad0759407,b148e229c3c9f7260f706caf5ff17d23,delivered,2018-03-08 20:01:04,2018-03-08 20:10:32,2018-03-09 20:32:00,2018-03-14 19:52:23,2018-03-20,0645628d52f5d19300ea0a33accdf4f4,2018-03-08
0fe9c7ad9288ff24bb738af81a27ef4d,4ad8bd2bde2eecae6aa5a10323c1efc8,delivered,2017-07-14 18:42:38,2017-07-14 18:50:20,2017-07-18 20:17:58,2017-07-20 17:45:56,2017-07-27,0b634a0a63edf40fb50440d7093d8b5e,2017-07-14
0bd742b9af9192bb314ed381e518eb50,267155aade3f34620d2f244df28a04e4,delivered,2018-02-27 18:52:33,2018-02-27 19:10:44,2018-03-12 18:21:51,2018-03-19 20:54:20,2018-03-21,d66ca376d01a50263ee92c2ab3cbd582,2018-02-27
e1b286432c65d0a0e8032aefcdae26ba,e983a1272205857c12416007c4e6c9a2,delivered,2018-02-11 19:47:15,2018-02-11 20:08:02,2018-02-17 01:09:17,2018-03-06 23:04:50,2018-03-12,9be157b99745700816546b2595668259,2018-02-11
1422a4b4a2aa8b66fd49ff5557200b42,4b24f5ef0c134fe4d56bb392b3397dcd,delivered,2018-05-28 14:18:26,2018-05-28 14:35:44,2018-05-29 12:04:00,2018-06-04 16:03:45,2018-06-29,0341bbd5c969923a0f801b9e2d10a7b8,2018-05-28
7bcfe636f4605ba8f3e44cae6a4058a4,0088393a302a84e57cc69c9d365f5efa,delivered,2017-07-14 12:40:11,2017-07-14 12:55:13,2017-07-17 19:04:31,2017-07-31 14:44:30,2017-08-07,e8085241eb1297eaa9bfa9453ea0b1ca,2017-07-14
e2301ba70a8f5a2873aaa909c1b2ca33,32300a21d1cf6478f4c03c36dfb4cbe2,delivered,2017-09-06 01:19:03,2017-09-09 04:50:15,2017-09-11 18:27:04,2017-09-14 20:34:44,2017-09-25,cd9572a2e854df312b6ebcf7e4863352,2017-09-06
f50a129ed971ecf763627e2b2a94be73,fa171236769262c2d8b9c6a9bb1eceb3,delivered,2018-02-21 12:22:01,2018-02-21 12:30:41,2018-02-21 22:22:34,2018-02-23 17:09:09,2018-03-21,4c0031f9334248a4d3c675b527c67b88,2018-02-21
46de18c621cff3e0818d8d5fdf66b608,164ab4de2cac9c11b767de9010cd5526,delivered,2018-03-21 23:25:50,2018-03-23 13:50:35,2018-03-26 22:22:50,2018-04-11 23:08:51,2018-04-13,84b30a3911cd816a291e320ec074edc8,2018-03-21
751bac184f225318704b7bbf878bcc52,1fb84b8070e874d735f1b851cd98bdc6,delivered,2018-08-11 22:25:58,2018-08-11 22:35:19,2018-08-13 13:31:00,2018-08-14 18:46:39,2018-08-16,596ef1de0dbc8272ca72cfca3b3d871e,2018-08-11
3bc965c0b4230683f63905bfb9f37b57,c15ddef23948be80723bb8b6178b34c1,delivered,2017-04-20 21:17:02,2017-04-20 21:25:11,2017-04-24 08:33:52,2017-04-28 07:32:55,2017-05-12,4a85d946b1fa8dda8a8f0b0651b6c912,2017-04-20
f6143525a729dbf323eff5f80e6ac979,1ce9aec3049b17c01ba9ee121e402b7d,delivered,2017-08-10 18:20:18,2017-08-10 18:35:16,2017-08-11 21:27:58,2017-08-16 22:06:40,2017-08-30,7a944cacdbf306b47bf62fcc183c8944,2017-08-10
d39744d1dd7bf8e54f25f8e3aa47bcf3,a5229b3e8acc205650820948973f978a,delivered,2018-01-04 11:32:40,2018-01-05 02:36:22,2018-01-10 18:09:47,2018-01-24 23:58:47,2018-02-01,1682bd1183762bcdff292a75f4523452,2018-01-04
09de1c09553be98d80e730e53641c515,a7ba98528d4d1bb722a25e574d5a09cc,delivered,2018-08-20 14:16:16,2018-08-20 16:15:21,2018-08-21 15:38:00,2018-08-25 17:02:45,2018-09-04,7839f50558d5b6c21331887939c0f414,2018-08-20
74bbb7eea3f17308c17374bf5f572b65,3e4be3176a580becb5d751cf0f409c31,delivered,2017-04-21 22:01:50,2017-04-21 22:15:07,2017-04-24 12:07:16,2017-05-02 14:48:19,2017-05-17,27e86d2ae0db33b8d242c9251067d97e,2017-04-21
9093d1fda3e04c4f34b2cd7b0fc18549,7a091f9ed8eb69891c389f7fe03f19ae,delivered,2018-05-16 20:49:00,2018-05-16 21:13:57,2018-05-22 14:03:00,2018-06-18 19:38:39,2018-06-14,085d2f970d64f92ebc2f4456077e548d,2018-05-16
ba7b165e199d438fedf5f04cabb6b5ac,857653b0eb3d3c5634481c63cae0cf69,delivered,2018-05-25 12:02:47,2018-05-25 12:17:22,2018-06-04 13:45:00,2018-06-12 21:34:43,2018-06-29,20bf09de7dee69430bf49c36c1d8426a,2018-05-25
f365676962cc8bacbfc7a5067e1adb7d,1876a6381923fdefb70429e15e08a078,delivered,2017-12-06 15:00:09,2017-12-06 15:12:05,2017-12-08 17:38:43,2017-12-21 17:32:53,2018-01-10,1a52e558853b943a04c7ff6285d6d328,2017-12-06
3e5851bac5137487999e438e2986af8e,febc8698a75e85a4ddf0e78926c1119c,delivered,2018-08-09 16:53:00,2018-08-10 07:10:11,2018-08-13 10:30:00,2018-08-22 22:33:55,2018-09-03,5e065c2ae315b9c4549a30b40277d6ad,2018-08-09
b7be5e58fd37e6165dbb39e8362c8446,021ed85d23b734289c4dd0c827a3559e,unavailable,2017-06-29 18:07:49,2017-06-29 18:23:47,,,2017-08-02,2d6e75f5a4a33d3a936f1ea68ac9bf01,2017-06-29
64f5569ef96004a1e1137bdf28fd4c45,abd49ba4cf56e622b951f281361f56ad,delivered,2016-10-05 21:10:56,2016-10-06 15:59:50,2016-10-30 13:27:40,2016-10-31 13:27:40,2016-11-29,94e5ea5a8c1bf546db2739673060c43f,2016-10-05
151bc75d5cb7b7cf250eee3e3277dead,5201af6599e76f445ebcb42b7e7dc469,delivered,2017-10-15 11:34:39,2017-10-15 11:50:04,2017-10-16 21:15:21,2017-10-20 17:39:02,2017-11-07,825cc36c0efad99b50473d8d29e9e33b,2017-10-15
ca19d840d5e718f4b8aeec1a40d393ec,a4b8f42e7147acc8be0da5dd43c4c88d,delivered,2017-09-16 21:03:25,2017-09-16 21:15:12,2017-09-18 19:32:45,2017-09-22 21:18:03,2017-10-05,f529837b055ca5d7986bd18cfddfe0b9,2017-09-16
fdb3ef83ea6f7bef7d13bdd9b38da661,fbc1bec47970c387d5f4962d518dd268,delivered,2017-01-17 21:09:40,2017-01-17 21:21:39,2017-01-24 14:49:32,2017-01-26 16:25:11,2017-03-13,e03a1bf47d42257f8e8e5e8775696622,2017-01-17
adbaec40867ebc582ecbd4a767b0ab6b,2b9cc72f1aace0def73e1719380d329d,delivered,2018-05-12 06:33:18,2018-05-12 06:51:20,2018-05-14 14:47:00,2018-05-22 21:04:03,2018-06-04,806b0845600ffa2d9291fe036eb4caf3,2018-05-12
3d1c4e2abc39b60c6d972acad25ea459,08ff8ee4ba2dc2a1ad0518273d841e04,delivered,2018-02-08 10:09:35,2018-02-09 02:50:23,2018-02-09 23:21:39,2018-02-15 22:33:31,2018-03-06,efa257ffe785fde9dff1241339324f8d,2018-02-08
49bfd44c750b412b6c1312637fb82abf,2d24fed1756a77452cee7d8dd4375c61,delivered,2017-09-12 15:49:52,2017-09-12 16:04:53,2017-09-15 18:42:27,2017-09-26 18:49:03,2017-09-29,38af56df02d66ad92f55b4430c2af9ca,2017-09-12
649bcc2d5a5b841c495f9d1f4cb31542,9bab273018cf6c7884419950fb655766,delivered,2017-12-09 20:27:01,2017-12-09 20:38:19,2017-12-11 23:25:01,2017-12-18 19:51:40,2018-01-04,dccce67f3d3bf822b6425b90de5723d1,2017-12-09
c4d43ff7c0529549e6064083bd2129d3,f6bd36b6574aa85cd8714d2cf4e9d777,delivered,2018-03-03 10:06:23,2018-03-03 10:15:35,2018-03-05 17:48:43,2018-03-06 19:46:40,2018-03-15,e30f234f250604cf46ff34ebd671e7f6,2018-03-03
68fac48a2dd22ab289df2ce0a499dcab,2cd4fd79fa21cdab9cc8a7de105555ac,delivered,2017-09-09 19:36:44,2017-09-12 05:32:50,2017-09-15 18:35:08,2017-09-26 19:07:50,2017-10-04,79aaa40216d464f6571c1ade510d094d,2017-09-09
e65f6f6787bdbad616a93b96dbadf65c,302eafd08174f2bad74173da1a9ec209,delivered,2018-03-30 20:18:43,2018-04-03 05:28:05,2018-04-05 12:49:35,2018-04-20 20:54:50,2018-05-03,cff7e6157907d5d7688107f455a785a0,2018-03-30
b0f445cca9b6a54ff47e8834c16ba6c1,2e45c5724dae130c031ff723c1ffb5e4,delivered,2017-03-07 16:37:01,2017-03-07 16:50:18,2017-03-10 09:52:15,2017-03-14 12:07:17,2017-03-24,f69dd277696f9a8fbe3745934891c18a,2017-03-07
129538e4bc7308e9ab041540283813f2,482da0f3d74585e56f424bacb4d3741c,delivered,2017-03-15 21:50:14,2017-03-15 21:50:14,2017-03-17 06:34:15,2017-03-23 16:08:02,2017-04-03,041caba6a63ace5818387698ea85cdb2,2017-03-15
64cf90af2972e752091fa4a0344c47b7,db29b94a7ae343b96e89071646b56bb8,delivered,2018-06-06 17:10:26,2018-06-07 02:55:10,2018-06-07 10:19:00,2018-06-13 20:33:21,2018-07-18,769c0ea95d3febeee4fed19038785cbf,2018-06-06
2d825a962a725110b2647050cc636b3f,6b1901291ad821308850dfe8b4385afe,delivered,2017-11-24 10:21:50,2017-11-24 12:31:38,2017-11-27 20:36:52,2017-12-04 22:45:03,2017-12-22,70d559655397ff9db9bb31dbaf5a7b5a,2017-11-24
30acc4fc5f485f20a89c9af9b0b67481,8366ba08152f16bb9b8534350e085166,delivered,2017-08-01 00:02:01,2017-08-01 17:05:14,2017-08-02 12:15:43,2017-08-09 22:39:51,2017-08-23,57bb2889dd7a0bc0cc733019ec8dcf41,2017-08-01
e687e938b814980b1e99e9e8413f9cac,74b207275c96418c3b8cf697b75db94c,delivered,2018-03-26 08:23:01,2018-03-26 08:35:29,2018-04-02 15:58:28,2018-04-09 18:42:40,2018-04-20,ccc0bfa155686baf816eb6d8ae01e2e5,2018-03-26
0ec20050bc3b82afe83aa803bff7ff04,d70bca474f0e8b7140711283a2c9fe4b,delivered,2018-04-18 19:17:18,2018-04-18 19:30:29,2018-04-26 15:50:00,2018-04-27 15:23:37,2018-05-10,91abcfdbb59010e2836be302cea49bb9,2018-04-18
9ac9a171c52c75836da9ff89487fc78e,395bcba8cc4642f15f4508da8c8ea0dd,delivered,2018-06-18 10:55:52,2018-06-18 12:18:30,2018-06-21 14:00:00,2018-06-26 20:46:40,2018-07-13,ec6b8265aff906d167dea1b6fac6327a,2018-06-18
f425c83fa6d7f497e5f4a1c243401110,6bbd371a1f2217cc0ad1bc185c0e2894,delivered,2017-06-27 22:36:13,2017-06-27 23:04:24,2017-07-04 14:57:22,2017-07-13 21:04:30,2017-07-19,affff75a131ac35c7afd497ab57a6337,2017-06-27
12c8abab1047518ce64899cb2c2966b7,47f2b930037868546be2c3297f60c82a,delivered,2017-12-05 11:47:17,2017-12-05 11:58:27,2017-12-05 23:49:27,2017-12-12 23:32:34,2017-12-29,673afc05fa081ebe870d2490a39c17e7,2017-12-05
e9376d90b28f9cdea83d4d850e4bb1a7,faafae37ddb3e4af81c10a397bcca35f,invoiced,2017-09-01 15:02:24,2017-09-01 15:15:30,,,2017-09-15,1a7a10e9273fca58179bdd0d40843b0c,2017-09-01
55b360b9aeaf1fcec58a18a82b21b957,57205a3f55644a1df9ea81f81aaba2c9,delivered,2018-01-03 16:29:43,2018-01-03 16:46:46,2018-01-05 18:47:46,2018-01-18 13:46:22,2018-02-07,5994b30cf00d1fa01b52e85a243cd175,2018-01-03
7b54f413e57e620ba1cfca072be00075,a4a5788a4c236f3ff367fdd26547577c,delivered,2017-08-30 00:24:51,2017-08-30 00:36:11,2017-09-01 19:30:05,2017-09-06 19:30:03,2017-09-22,c29b778bfd6975fc29309aa68ce952c3,2017-08-30
2410734c3fc6d36010cf6b1b36c2974d,9015549e1e0438244f52123c59498fa6,delivered,2017-01-27 23:02:15,2017-01-28 10:33:24,2017-01-31 11:32:42,2017-02-16 16:55:02,2017-03-21,e22c7e55a547f8d9bc30d2957ba1c9c5,2017-01-27
f4f72cbdd627c62c098af2a02c335f37,670eab28ba915090480ea51423be62b6,delivered,2017-08-29 11:04:16,2017-08-31 02:35:20,2017-09-06 11:37:44,2017-09-13 19:22:06,2017-09-21,04f6b73a950bfc7afab0cbf82fff47b1,2017-08-29
1314353395f7148ba64400eab34bb50c,3a38cfdf41dbda6098abeacd30ec2d3e,delivered,2017-11-27 09:22:59,2017-11-27 09:33:29,2017-11-27 16:33:11,2017-12-15 21:29:37,2017-12-20,a692e44c6c28b092fcdbda898ec15965,2017-11-27
4dea917f3fa605c7d6eff1a97a207768,11b7e0e29ddb9d0f4831982cc89cd620,delivered,2017-06-13 12:29:44,2017-06-13 12:45:49,2017-06-16 14:35:34,2017-06-27 14:51:52,2017-07-06,2136a45b6c2f821dfdc5149c045b3fdd,2017-06-13
6ee212cd1fba9e136d4fd88010a0739d,22dd817ef8b0603835a39da9ef340f5f,delivered,2017-08-08 14:58:28,2017-08-10 03:15:56,2017-08-10 20:08:03,2017-08-14 20:43:02,2017-08-21,0f6e32b2c661f1d00553a1d7132c9db2,2017-08-08
8adc7186d6a1385039f0717a994aaae6,43eebd9e1ce82376253188e323775296,delivered,2018-04-20 11:35:24,2018-04-20 11:54:44,2018-04-25 02:32:23,2018-04-30 15:38:53,2018-05-18,5a063c05a1aa4b43a9682184e6ab50c8,2018-04-20
fd4bcae925b879102eb780d2bfc495a8,4f75899b8f7b903d7295eb12dcedb330,delivered,2017-10-09 11:34:21,2017-10-11 03:35:38,2017-10-16 21:34:53,2017-10-19 17:31:44,2017-10-30,bc6839208cb211872c9e1909676cbd0a,2017-10-09
26f4092024d63d808ee0788922431d05,ea17e2150f0336959c9ea3b20aee4db5,delivered,2018-05-20 18:16:54,2018-05-20 18:30:16,2018-05-22 08:46:00,2018-06-08 08:32:44,2018-06-21,8bb74a9108cb059d9dd4fcfcf9035b97,2018-05-20
7ac6f4778cd283c6b76c66fe1e0d4431,ed8be358abd6a8b37ba8cc9d485e7bbb,delivered,2016-10-07 10:11:42,2016-10-07 11:22:48,2016-10-15 12:38:53,2016-10-18 17:21:51,2016-12-05,f1efc19f85b4823a0bfde8f77f913207,2016-10-07
b03db53a37db1313505cb24d4fe05052,7569ea856f1959d0371e70135efb6df7,delivered,2017-10-16 17:27:35,2017-10-17 04:09:30,2017-10-18 20:12:35,2017-10-27 19:57:57,2017-11-03,316d6ccdf24ac783b5e4ccdff8506af9,2017-10-16
7b2e128ff26556462b7d217f1b67600b,f57d3db30585e5fe7bb1649ec4b1bc32,delivered,2017-10-27 14:57:21,2017-10-27 15:10:07,2017-10-31 21:08:28,2017-11-22 22:58:28,2017-11-17,655e1a53d7b00597d4e1d54d6e92d39e,2017-10-27
8c08df56684ae2bb49a58393665eee49,6575f0577a2dcb81abb952843b9daa7c,delivered,2017-07-23 21:16:53,2017-07-23 21:30:20,2017-07-27 19:45:32,2017-08-03 17:42:58,2017-08-22,72802a20641f4dd46e6d3ce18af50cf8,2017-07-23
0a671900301b8fcb176e26d685aa7fb2,383302d43ca2506b3170ad8cba658b95,delivered,2017-10-31 21:42:47,2017-11-02 02:31:19,2017-11-03 23:18:51,2017-11-06 21:26:47,2017-11-10,00c31de6420048cb3f668c99153debf7,2017-10-31
f36cda6db10b2dddb208bf63a6ef8dfc,bb15c99f5519bbc27a55868e043216de,delivered,2018-06-03 08:39:18,2018-06-05 03:55:22,2018-06-05 15:33:00,2018-06-11 14:21:36,2018-07-16,e6f1d12fccf59c1b98c41d5b818c4138,2018-06-03
065a7d9057589f809082e012f696cb5d,0410837784e2dbaa9a557a94d9975b14,delivered,2018-04-11 10:48:09,2018-04-13 12:34:24,2018-04-18 13:46:46,2018-05-02 21:04:34,2018-05-14,1581a918a58a11d99c69f86d9c0d2098,2018-04-11
30290113513bda95268bb542dfa87acb,ecd4901725ab74781a930b41d7417b01,delivered,2017-10-21 22:17:06,2017-10-21 22:35:14,2017-10-23 17:54:11,2017-10-30 21:41:37,2017-11-29,e552f9058852b6d263b3463abca2c07b,2017-10-21
fa6d3eb110ceb1c2b98c7d158c6d1671,7959f0273106fae265f111d071c1fbfa,delivered,2017-02-06 14:56:42,2017-02-06 15:05:25,2017-02-07 14:43:50,2017-02-13 07:15:09,2017-03-06,4349311ed52d9cf8918d3ad57c7ad1b7,2017-02-06
30bfd28e95a1e63924d71084f47c8ae8,42036e4de06b7da80343d54330dfd3de,delivered,2018-04-22 14:36:43,2018-04-24 18:55:33,2018-04-24 18:51:06,2018-04-30 16:21:21,2018-05-15,3ae383d89ca3d362ef616a364c3e94fb,2018-04-22
3663c0f887191044441077fb3564dc94,da0d6b89a4173638a2b43ea9c099765b,delivered,2017-09-29 19:43:25,2017-09-29 19:56:16,2017-10-02 17:52:38,2017-10-05 18:40:30,2017-10-23,e780f220ae4ea7c90dfb37f103e41950,2017-09-29
fc39eb893101639217a80a552d1c16f3,a9703ec88ee79c7462a216dfeaeea50b,delivered,2018-01-11 14:56:58,2018-01-12 02:35:40,2018-01-13 00:09:24,2018-01-24 13:08:09,2018-02-07,7a350426024a624cef97f797c408db97,2018-01-11
c29b0d97f5a9e53bc9d5449d4c8378de,036747722c993c40f22a72d23ebd5a45,delivered,2017-07-08 20:31:56,2017-07-11 04:15:33,2017-07-11 19:23:25,2017-07-13 22:17:45,2017-07-21,9eeffd87f2e7056cd68c3896802919b5,2017-07-08
de8b633e3fbc018e05354a54fbc8fff0,1a0e67acb719bb00bcee2e586ff3a2d8,delivered,2017-07-20 11:56:35,2017-07-20 12:10:09,2017-07-24 18:25:56,2017-08-04 19:35:43,2017-08-15,8adce5effe5d3b90e0ff802544d649ea,2017-07-20
ce54af4e3da631822ae6be14ed5bee6a,e4636bdf9d42e9f4b6c0b5bf7ec7dbf5,delivered,2018-06-25 11:08:17,2018-06-25 12:13:28,2018-06-26 14:17:00,2018-06-28 22:12:33,2018-07-19,37fbcc2dc516c4c9e5201a938d5e8f3c,2018-06-25
19b37f1efa2ddaf265496e78e245c19a,397860a986b2ba52addbf1178aa4e378,delivered,2018-08-07 00:13:51,2018-08-07 00:25:11,2018-08-09 08:20:00,2018-08-18 02:32:16,2018-08-15,0932d84be1bb7b48cc56d8029b817271,2018-08-07
21e43bdf56e1d32ad5bf113b604fc4f2,7fdecfe159e2f89af435668f6a1dd4dc,delivered,2017-12-05 15:00:56,2017-12-05 15:14:55,2017-12-06 18:28:48,2017-12-11 23:18:51,2017-12-29,b807f720ce7d4b5cacda4de1b1c02889,2017-12-05
7279d972e64c7ecfee553ae7b61480e4,2a0a7b746b977709c057f7f8cdf4ef49,delivered,2018-04-14 14:34:56,2018-04-14 14:51:58,2018-04-20 00:21:20,2018-04-30 20:51:37,2018-05-22,fc7fb2d72fd66227e9f22d93499a4ed8,2018-04-14
8b47e7e04a986e036f10ab10bae91a4b,afe72ed049ec9d0b2197c39828695745,delivered,2018-05-11 12:27:18,2018-05-12 03:32:26,2018-05-15 09:58:00,2018-05-24 13:16:42,2018-06-01,638b18c123d3a826c0df0e677ad76f0e,2018-05-11
b9386feadadb8bc45d250345f27ac180,a0d14322c2c081915c5b59c56418469f,delivered,2018-07-04 16:02:31,2018-07-05 17:01:24,2018-07-05 15:18:00,2018-07-12 14:51:10,2018-07-17,ad24f43435c874a9a198b3a461d7e155,2018-07-04
2b4bc6bc210c5033966e5f88858ea019,1cd5de8b2acfd7667f7529070932081f,delivered,2018-04-27 08:33:47,2018-04-27 08:53:16,2018-04-27 12:19:00,2018-05-08 20:52:48,2018-06-01,c5e04d2fe00cdad3c541268baa284553,2018-04-27
2f2515a56e37c1a0693812cc6c009f0a,8624224187c687572378a68f86248076,delivered,2017-05-23 10:24:06,2017-05-23 10:30:25,2017-05-23 13:55:38,2017-05-26 14:13:42,2017-06-14,c899abf9b025c3ecd2e8d8c4051ed1b9,2017-05-23
d454d6650d375ebc3f9667a4d2fe161c,7ae2a9337aa4bc799723511faa1d6830,delivered,2018-05-10 09:12:16,2018-05-10 09:35:13,2018-05-10 09:11:00,2018-05-11 18:58:28,2018-05-23,0c1a20644f0dc126c3eaff8dbc1bd12c,2018-05-10
69877d0aa8f3f125ac5dbdc5215dbbd4,6dd1e15c0700a319d692f9cd2f556b27,delivered,2018-04-19 13:58:05,2018-04-19 14:13:00,2018-04-23 19:58:45,2018-05-04 21:06:59,2018-05-15,a107ddd0b7ad33c60c34603fac4fef37,2018-04-19
6732c97d4cbdac9ed23b4c7148f61590,bb806eb42447acd43835418cb81290c7,delivered,2017-03-01 20:50:51,2017-03-03 02:30:24,2017-03-03 10:08:10,2017-03-09 06:54:00,2017-03-24,326a9c3ca94e3d9ae9328537fac9ae00,2017-03-01
3b773756d8fc59a7cd1a0c4ac584e397,22be9dd12bf9b04ef446b193422db6f9,delivered,2017-05-11 14:20:51,2017-05-11 14:35:12,2017-05-12 10:02:58,2017-05-22 13:18:07,2017-06-13,8fbeb42e8fa02b1b0eeb50462bb017c5,2017-05-11
afe333c1956628d870ce89ad385f4e9b,65cb3cef0d6348041780a2d6da35a259,delivered,2018-08-16 06:00:25,2018-08-16 06:10:08,2018-08-16 14:52:00,2018-08-29 13:32:32,2018-08-31,6682581c8fa800c2b0de2b735bb07a5e,2018-08-16
c96496058fe55b7e844cd5e3a2562f85,9d523ec1adfaf85fd0dd5835b1884b75,delivered,2018-08-21 10:38:28,2018-08-21 10:51:04,2018-08-21 13:30:00,2018-08-24 21:08:45,2018-09-06,24ffbb655914998319377df431e3c47a,2018-08-21
b31c7dea63bb08f8cdd1ec32514ccf0b,2a351c540a0cbdd0d9c266626f6d3acc,delivered,2017-09-26 18:35:35,2017-09-26 18:49:09,2017-09-29 16:23:06,2018-02-05 21:25:43,2017-10-19,8a9b30182d557a7b44a8543c9f2fe931,2017-09-26
f8db134d4ac3747d627adb962ec08f73,092389b0ad58d08590243690dc4db793,delivered,2017-05-16 18:59:44,2017-05-16 19:15:11,2017-05-17 08:11:33,2017-05-18 13:22:18,2017-05-29,1ba9f0980fa83e3f8815eeb8c8afd14e,2017-05-16
7b08dd2c26ff1dadf52d5124cd43d01e,bb63cffe29f15ecaf4a7b292af273557,delivered,2018-01-04 11:43:51,2018-01-04 11:52:26,2018-01-08 19:50:24,2018-01-12 20:03:48,2018-01-31,1eb10c8931ef3b01cd2cf7a6712809b2,2018-01-04
d83ed20d296bdd288f45b29843643bc9,095d50f9052522bfd261ae0a5725abab,delivered,2018-02-26 11:12:17,2018-02-26 11:31:18,2018-03-12 21:27:36,2018-03-27 15:48:50,2018-03-21,e6b9dca9843cca78a45a342dbc75ec62,2018-02-26
95c9ce1fdafddf9a5d87142c464aa09d,760a013f293370ac8661971c593fb4f2,delivered,2017-04-29 23:40:45,2017-05-03 15:32:51,2017-05-04 15:04:48,2017-05-11 14:38:05,2017-05-23,6fc4be26d93f94de084b9a929664c52f,2017-04-29
9e96be941daa62b6b3eb0b074ba23a9e,e29a1778f74d431f75bbf30faecbd844,delivered,2017-11-15 13:15:01,2017-11-15 13:26:31,2017-11-28 15:48:57,2017-12-09 12:45:45,2017-12-14,f7375ab8456df55bdfc4d5f7dc5fb09e,2017-11-15
c206a65ab93069f7a79c0ac5f4512e02,c7701ffd57ad3233140171c173d25953,delivered,2017-07-08 11:00:36,2017-07-08 11:10:15,2017-07-10 17:37:50,2017-07-13 15:38:12,2017-07-21,3a3b40b98ddd1bdfda2e37add94ab5b5,2017-07-08
4c480567d1db63cffddc552638c35d8f,9b74cd824a37742f10285243d2c0ad7f,delivered,2018-08-04 19:48:47,2018-08-04 20:04:17,2018-08-06 18:18:00,2018-08-10 15:21:26,2018-08-22,39e16ad9a306c8729696f7732acde86f,2018-08-04
fde8ee361a63b2ee323ac574ee41524f,e851a26670db4bfe21aa1f87177c40f1,delivered,2017-09-05 22:42:29,2017-09-05 22:50:27,2017-09-08 21:34:01,2017-10-11 18:46:50,2017-10-05,f5c0ae7b842c7ff8ccb4ed83ff9e85ba,2017-09-05
c5f2fc1736e716e61d88a8b5b6425603,78b3ea1b4db59453eb9231249c2f0d67,delivered,2017-08-05 18:41:44,2017-08-05 19:20:05,2017-08-07 23:54:29,2017-08-14 17:33:36,2017-08-31,2a3db31230ad9d133b382aff019cf148,2017-08-05
09b8c1e504ab1fce7031c710bd8558d6,53344341e1300beda6e4cdae3b6b3496,delivered,2017-09-13 17:04:49,2017-09-13 17:27:41,2017-09-14 15:16:26,2017-09-15 18:32:48,2017-10-02,bf8e2ac0aef7f60dd02cbfe15b447804,2017-09-13
a640d10af396f0aa5f1c751f1f976bdc,e8c1eb3944f119033a19a867e469782c,delivered,2017-11-15 12:30:19,2017-11-17 03:35:40,2017-11-17 13:21:34,2017-11-20 14:09:14,2017-11-29,975da430d73b2d8b52bdb335a32b5a3f,2017-11-15
04323742e042716e4427a5b3536ea08f,ec2d2a258b058be97d409669ab436028,delivered,2018-04-23 00:34:50,2018-04-24 17:43:07,2018-04-23 21:21:18,2018-04-24 21:44:36,2018-05-10,e559969619d1a0922477a2d8cfaf50d9,2018-04-23
4d3144d146f15c73378b715f90be85b9,81a742c53ac122ce220bd67609a7d935,delivered,2017-03-20 11:52:44,2017-03-20 11:52:44,2017-03-22 10:22:48,2017-03-30 17:33:11,2017-04-10,73d44418367f9efcd7069592789bd0f5,2017-03-20
96006ddb955ba7f1a9e86d986f6149f3,a9d55da2151a33741cee50d084e410e0,delivered,2018-06-28 02:01:20,2018-06-28 09:10:28,2018-06-28 08:10:00,2018-07-03 23:03:29,2018-07-20,2015cd1d7aec90a593ba1aaa28440665,2018-06-28
61d6fb5d839877cf9795ee80fd081935,889c102407310c5de98fdf30280af7bd,delivered,2018-04-11 16:01:04,2018-04-12 11:15:23,2018-04-12 20:51:51,2018-05-21 20:49:48,2018-05-07,44df1ea61bcd2dc37c167d6be5b4ee11,2018-04-11
eeecf0540c4a674f123d57397790b15e,c97f40e1ef3030fe5d60dfdbc045a233,delivered,2018-03-31 06:19:08,2018-03-31 06:30:11,2018-04-04 18:41:45,2018-05-09 11:48:50,2018-04-25,40f8c65b3ef65fefe1ab5ea61b6e0ab0,2018-03-31
d233630561c3babf58e2ca3c0ca52bd2,52586a86015b83c57d03c1ce23f96192,delivered,2018-02-01 14:45:43,2018-02-01 15:10:15,2018-02-02 19:51:57,2018-02-14 20:29:08,2018-03-05,8645dee8ea3f9ebc5d35d265f7d5564b,2018-02-01
2783cfcf916c2cef168f19a7a2e45e45,b9633b9cf51f58d7c6facdc197862501,delivered,2018-07-25 09:23:57,2018-07-25 09:35:21,2018-07-25 13:47:00,2018-07-30 14:51:40,2018-08-13,221d59abddcd719f3ec72c50078b9e31,2018-07-25
10670df5f8bf4bf17a02524ee39b5b0b,ff5b7f0a6e7a161b5a66bc56a49b7250,delivered,2018-06-08 18:43:32,2018-06-08 20:31:45,2018-06-11 13:47:00,2018-06-19 17:36:49,2018-07-05,5bf05b782061b0bd881a17616f9833ac,2018-06-08
7766424657aa0cfbf1703f9550144964,35b6b3b06cd4b2101cfabfb5429dc028,delivered,2017-08-08 11:24:19,2017-08-08 11:43:36,2017-08-10 16:42:52,2017-08-11 20:21:56,2017-08-23,05105abc98016eb044d450d5e60de1b2,2017-08-08
64b644100b812930de2286f0b999ece7,aa9d79a05d874fe96ece63ecf1ec008a,delivered,2018-04-19 11:28:09,2018-04-19 11:49:26,2018-04-20 18:46:46,2018-04-27 18:04:24,2018-05-15,85ac3e23bde65bd5628fdd6f15db5295,2018-04-19
db60e917f3e707779a0efd2b52354951,88be27a75dbfc841ea1fec58b8fbb33f,delivered,2018-01-29 11:24:25,2018-01-29 11:35:28,2018-02-02 00:42:58,2018-02-16 21:14:00,2018-02-23,9c6f374501444b54a26449766b9ac301,2018-01-29
ba6b736a4a402bcefa049a41b3a98c55,b1c8eaee7a170ae1856abe4fdbe8091a,delivered,2018-02-16 01:32:33,2018-02-16 02:35:18,2018-02-16 16:53:15,2018-03-14 18:42:08,2018-03-16,a69d87507bf91f13a28d0f058ec7dcdf,2018-02-16
a4765431be6613d760a9cf57da14b9ce,cf74f48501be9e76c1c3506c39a187bf,delivered,2017-10-27 14:39:49,2017-10-31 04:10:21,2017-11-10 20:22:04,2017-11-21 20:59:54,2017-11-14,3690d0117cd4ddfe0f635c3cfae03ac5,2017-10-27
c41b4bf6e36acb1b2b50d976ceda84a9,3d10d3d5947319b132a01b9332e5b437,delivered,2018-02-19 16:04:42,2018-02-20 07:27:21,2018-02-21 18:23:30,2018-03-05 21:23:03,2018-03-13,3f806ddc608d1246cd93c6a750884016,2018-02-19
ab99e730d7d27b4d197f5cae9303170f,87514386742f25a6bc39e30c562a1bb5,delivered,2017-03-15 19:48:58,2017-03-15 19:48:58,2017-03-17 13:13:03,2017-03-23 14:53:45,2017-04-10,672057ab52ecdb1cf905095ea17ccd85,2017-03-15
88223c3979b0dac8b52690966235efbd,addeb8729d2995e56078e6787858960f,delivered,2018-04-02 12:45:17,2018-04-03 05:10:34,2018-04-04 00:57:36,2018-04-24 02:04:47,2018-04-27,09976ab240099cc26220384fa752e4f1,2018-04-02
f845b688b88cb588500bc10d0a3bcebe,aefd9c7be7476b75bef2a79a4e169a6e,delivered,2018-01-30 14:33:07,2018-01-30 14:55:13,2018-02-01 17:53:29,2018-02-10 02:23:03,2018-02-23,2a59d41f81e3acce1b25fac07ad68566,2018-01-30
d8f309041b7d515605c0d4fd15b12db6,16ed990d94eef3d79216c2ff23124700,delivered,2018-06-10 20:08:36,2018-06-10 20:31:57,2018-06-13 11:13:00,2018-06-14 23:52:41,2018-06-21,ad2bbf8d4d2af0537f9f5ff6f3ad8192,2018-06-10
4e1545ab101855b3e843d794ab1d3081,93f6dcaf88e3a3c3a207c97b607568d6,delivered,2017-06-13 19:11:52,2017-06-13 19:25:48,2017-06-16 13:25:31,2017-06-26 12:49:52,2017-07-21,d8f1c0a8535010728eadc9a50e5478ec,2017-06-13
cdae097ae448ea48b9b45e2b3569e9b6,c33c19eea4404b369fca569a72a7b35f,delivered,2018-07-04 20:50:40,2018-07-05 16:24:39,2018-07-19 09:34:00,2018-07-20 17:37:29,2018-07-25,41678bd77f241a2270d0a5d905b22020,2018-07-04
4b2f4bcfaf2147dc60b9f86452ac885b,7c1c48b350bc4c1b1e668ecb7000e05b,delivered,2018-01-07 12:47:22,2018-01-07 12:56:50,2018-01-10 21:53:07,2018-01-15 16:03:52,2018-02-06,14d84d6f3da70b5d7c26a3f551b3f4b6,2018-01-07
e8596a031f6814efc9b04e857f053ac6,a3c2953e0ee33d6881da8b52956198b2,delivered,2018-07-30 21:54:34,2018-07-30 22:40:06,2018-07-31 11:32:00,2018-08-03 01:52:26,2018-08-09,575e8735ac3203bfb92c7d52919faf70,2018-07-30
122804b6e70597eca700595473d8297b,e24936459392dc2e3f09cfacc083fbfe,delivered,2017-07-15 12:41:12,2017-07-15 12:55:13,2017-07-17 21:23:26,2017-07-24 20:46:30,2017-08-08,978b2c4adaf76833873cf3f16c08882a,2017-07-15
0d2ab5712ce82b9059da04a32ded871c,44288378c0d673fb42ce3c526c627978,delivered,2018-02-19 09:07:09,2018-02-19 09:26:56,2018-02-19 18:57:36,2018-02-27 21:45:26,2018-03-12,0b07eea0b93324ae3c2ce0ede76b95c9,2018-02-19
17eba629ec542978d1ea929d473d4f19,9a07fda0035700318ceb77ce80c7e42d,delivered,2017-02-04 20:09:10,2017-02-05 20:15:18,2017-02-07 09:41:35,2017-02-14 15:24:06,2017-03-15,4626807d07906818ef7f102b1b250691,2017-02-04
26298a4e971b2abb0e472ae55f3a6cd0,c9f60908f2a9d84ff48f4650386eca94,delivered,2018-03-27 23:53:33,2018-03-28 23:50:12,2018-04-03 20:44:42,2018-04-23 21:18:26,2018-04-18,abf410b2ca80a64cc2836e9f2d5d2ee5,2018-03-27
7704a0d92762105c0ba272c37a94b5ca,09ed4e9b4faf4f69fecc31273d565cdd,delivered,2018-05-11 09:53:14,2018-05-11 10:17:33,2018-05-11 15:01:00,2018-05-14 13:58:55,2018-05-22,557cd07fbd892abdb1dc537a91ac9f00,2018-05-11
f0ef2d37f5d4b3f8afaafa9a8a5bc58f,b5be0356146696b0db07f1ce08bd9092,delivered,2018-08-23 00:13:49,2018-08-23 00:25:21,2018-08-24 15:59:00,2018-08-27 23:31:59,2018-08-30,ce8048c51925c50028a62a477fb47674,2018-08-23
d85d798c30de34a10899fc8df46b330a,1da38ee263b59ad3ae82cdd4d75715a8,delivered,2018-02-04 21:23:24,2018-02-06 03:51:11,2018-02-07 16:37:07,2018-02-19 12:58:55,2018-03-08,ef6bed289484bbefdf0ff228126fe5ce,2018-02-04
3bed3182d08ce9d8c2e2a849db8a2257,b37279e6c509b47596afcd9ab407f3f1,delivered,2017-08-31 09:05:03,2017-08-31 09:15:14,2017-09-01 22:44:57,2017-09-04 16:30:11,2017-09-13,60d08ee77b56c753e9931670118dd31a,2017-08-31
a831481fe241b8d8bc08c53fc98012b9,497cf630dd41e00e2a185a9e0cc5e02e,delivered,2017-10-23 14:35:53,2017-10-23 14:49:24,2017-10-25 14:32:32,2017-11-08 20:48:41,2017-11-24,77938defe8452824069b39bc37934a81,2017-10-23
8092a1edb9b302ea942c2671edf4737c,13bc08879933f8f9cd854bdb25fb8f56,delivered,2018-06-29 15:27:05,2018-06-29 16:11:39,2018-07-02 06:50:00,2018-07-05 23:33:15,2018-07-19,256a24db42eee1f408d7c0591e6447e3,2018-06-29
70c06583df3a26d0a632b3205baee66a,2a448cc5163cff9c1b88d9f7848900dd,delivered,2017-08-23 16:17:41,2017-08-24 03:06:33,2017-08-25 20:14:31,2017-08-30 21:05:11,2017-09-19,4d08ce189da9a10f9fd5e90918de54e0,2017-08-23
54f9756bd9148ebde702040750fa59de,4731d6ffe1259974fe8f535d39df0ff9,delivered,2017-12-22 16:44:28,2017-12-23 02:18:26,2017-12-26 17:45:13,2017-12-28 22:44:20,2018-01-12,ad27d4cdc2ccb277c7360e35093b4d2b,2017-12-22
b064d82b485fff92c7c15d344bfd7e6a,30b6c3b445d8760d7caf8fa0dba0647b,delivered,2018-04-16 01:22:47,2018-04-16 01:32:03,2018-04-21 00:36:48,2018-05-04 23:08:28,2018-05-14,1dc7440f23e4c725d3795cdaff6fb994,2018-04-16
748934084b439ea1404df1dd5a8b238d,afb521dc2727e7e421365918326a4223,delivered,2018-07-07 16:39:55,2018-07-10 04:25:25,2018-07-12 14:54:00,2018-07-13 18:44:53,2018-07-23,2bcbb73032ee97a07a49d5c6683403bd,2018-07-07
0911316604300fefa8aef39f81380c66,783d82c1a8f9a43b9309e0ef3d2be665,delivered,2018-07-05 11:41:36,2018-07-05 18:10:50,2018-07-06 11:16:00,2018-07-10 21:18:49,2018-07-18,959557dbcae7a894d8f61d484efc279d,2018-07-05
9b91ddcbd6cbceb83d4fd2462ca1f95e,6152d0774bbbf74f7140541c0569dafa,delivered,2017-01-05 14:22:02,2017-01-07 03:44:09,2017-01-11 16:25:57,2017-01-16 16:32:52,2017-02-01,12f5d6e1cbf93dafd9dcc19095df0b3d,2017-01-05
0b9b1c5bbb14862e0e96660280048b04,2bd46622c473bea1ca8f10e37be933ec,delivered,2018-06-04 14:34:15,2018-06-04 14:51:11,2018-06-05 15:10:00,2018-06-06 17:59:05,2018-06-28,3a5a79efb563dc2615fa9f92706c8133,2018-06-04
81d5d6bcd0acfd69fbae85ff8620a6e2,534525d2977800ab718182e9731f540b,delivered,2017-11-26 09:55:23,2017-11-26 10:11:13,2017-12-12 23:04:20,2017-12-18 23:19:18,2017-12-22,df033c6cca61206b057d843131600fc0,2017-11-26
6a2e09d7d2755c778b119d0b74d4d431,6eb6e7b6a901ac22a2e5949e1f3151e8,delivered,2018-02-23 17:41:54,2018-02-23 17:55:30,2018-02-27 18:09:45,2018-03-08 16:53:36,2018-03-16,ea4d52b176423e61a84052b0f4717be9,2018-02-23
376c03b8851464f42300b1a04881d739,418b556d05e82d296b2539d2d7cdfc83,delivered,2017-12-03 11:51:39,2017-12-03 12:11:59,2017-12-05 16:27:16,2017-12-11 19:09:37,2017-12-27,a073c8fcbfa7ae775d613d19816f2b1d,2017-12-03
ae97d3198a682804e9f5bfacfe13355a,ec133927f79d0d8ae1936711d7b44dde,delivered,2017-10-25 19:48:02,2017-10-26 20:55:44,2017-10-27 22:43:50,2017-11-13 17:35:12,2017-11-21,432c8bda4f47f4131605f8edbaf3c6fb,2017-10-25
6948d508c3ef371871d70a9ba491c336,e0b6d9f3f3cf18ceec4b277eaa578c0c,delivered,2018-02-04 11:25:15,2018-02-04 11:35:25,2018-02-10 12:33:37,2018-02-27 23:43:39,2018-03-05,dd2faa4ac57db365571e36695a06dc82,2018-02-04
ee24a4c9f2a2d7aa315838be51c92fd2,cdd80b2081f42efba588cac314068473,delivered,2018-05-11 17:14:26,2018-05-11 18:06:57,2018-05-14 13:01:00,2018-05-23 14:48:57,2018-06-06,1b01a85652180f2620dfa1a1bc4f91dc,2018-05-11
881e6608d8b7f15fc4133a04c4933e48,3bc0dbe0cab89238bc8969272e4f303d,processing,2017-05-07 14:06:45,2017-05-08 17:50:15,,,2017-06-01,88dce1db26fb77cc2651c243c8205dd0,2017-05-07
5bcf5ca118d9e81440bf98e26c943255,3bfc0927d77dfbf1e3a0fb4ca2162789,delivered,2017-08-27 19:01:23,2017-08-29 04:31:04,2017-08-30 20:26:15,2017-09-05 21:05:37,2017-09-18,d9abbe73143b31e0f983679ad781b143,2017-08-27
1b04338248209667c231e726e312c9fd,a74f9046c11424a57efb412e278aa175,delivered,2017-07-11 12:17:53,2017-07-11 12:25:18,2017-07-14 21:54:43,2017-07-20 19:21:45,2017-08-09,df8a4a3bd7490ea0c639756f43b8a347,2017-07-11
57829c554e00894996ac7cdc85692e8f,58c91b2ec8eb157ed2315e16df70d236,delivered,2018-04-14 18:58:28,2018-04-14 19:11:06,2018-04-16 22:06:38,2018-04-24 21:18:53,2018-05-23,864a5b24e1ab37fc69e0c35fbe4caed3,2018-04-14
d9855ff1d7520c1c5397b65164c32477,55846a9bb9076de56da44e430349ad1a,delivered,2018-04-18 23:10:40,2018-04-18 23:30:38,2018-04-27 14:13:00,2018-05-02 14:06:35,2018-05-08,f909ff8bdc31cc6f111ff5c05efb81fa,2018-04-18
96de2b7f7f3c401fbee3eef068376da6,eec30b788184a6d93954fd5e82c48add,delivered,2018-01-01 20:11:53,2018-01-03 04:33:31,2018-01-05 23:44:37,2018-01-10 19:46:50,2018-01-24,e1399e9f6a55f443777d138d1c40bfdd,2018-01-01
9570b858d92d0c29cd331a7326b84ac6,46f6474f7fa4d2600e0f97435c8826b5,delivered,2017-02-09 11:35:41,2017-02-10 02:45:30,2017-02-10 13:27:42,2017-02-15 10:12:27,2017-03-20,f766f748d5a4af99224f8f36f2e433e9,2017-02-09
932c7d98b6333c885409e2205bcb6141,08fd1f647fb132970cc8e3ee6c9075d9,delivered,2018-04-05 23:26:03,2018-04-06 23:29:07,2018-04-10 00:11:51,2018-04-17 23:16:34,2018-04-30,e93734fde27018134fa655ddd52c774c,2018-04-05
b1526359b93e19d491c0eaa5b2c053ec,02d8426ded4654ed60b46ddd6d1a4f8c,delivered,2018-05-01 14:21:26,2018-05-03 08:32:08,2018-05-04 11:04:00,2018-05-24 16:28:36,2018-06-08,c9d1abc0b230150138b5716c0f5720db,2018-05-01
50dca53ca33b739bef09e7933e8b380e,d0580aed7f303a707d93b00b84c591a7,delivered,2018-07-14 09:47:09,2018-07-14 10:04:14,2018-07-17 07:02:00,2018-07-21 11:21:21,2018-07-30,83f6b0c43f9281884da6fb400b587207,2018-07-14
4caecf79f2dfbc0304ffdc8637ff5900,e82b65e2b591d7d01e803b11299bf0f4,delivered,2017-06-06 10:03:27,2017-06-06 10:15:10,2017-06-07 13:38:42,2017-06-16 17:03:57,2017-07-07,7c72a48460762de7efe57efe71dd2324,2017-06-06
8fa4704d89e249323dcdc1d6d2674caa,64ab623e271c29cae5c13e16c141f333,delivered,2017-10-15 15:28:52,2017-10-18 02:57:20,2017-10-18 16:29:17,2017-11-08 18:31:45,2017-11-09,58b54a7b92d168cb5b3edfd435aac721,2017-10-15
2c287808b2feef34a4a25e5337bb08e1,2ef4772e08a92ee1d12f3295ac099d11,delivered,2018-07-17 19:56:55,2018-07-17 20:10:18,2018-07-18 13:34:00,2018-07-25 21:12:19,2018-08-16,bd3dcc49489d1c665291fdecc22a3c75,2018-07-17
dcec6d766a2bc76144372192c66bbe87,531262526865df96d0364f70e06eacd0,delivered,2017-07-20 10:36:22,2017-07-20 10:45:20,2017-07-20 23:03:03,2017-07-24 19:34:32,2017-08-02,a6dc60809996163bd50c7ee4316b5707,2017-07-20
30b0387ec944061d4b677460b14309f0,b885371ff1e5310cbc46d0f3d1fbbc60,delivered,2018-04-05 18:20:39,2018-04-05 18:30:17,2018-04-11 15:42:41,2018-04-18 13:16:55,2018-05-04,7ac3e91ede8dfce385f63bb7f6967383,2018-04-05
5928d420527d13a50a884bc80c6ea676,5393412c9014929b2ce82cd29def8553,delivered,2018-07-03 15:26:45,2018-07-05 16:19:51,2018-07-04 13:41:00,2018-07-09 16:07:27,2018-07-30,7dd77892175c704aab875ba11e9d9948,2018-07-03
b8c123fb1b26f1adfb0d6f9d17255de7,55078458f6622b6a47faf210f19c838d,delivered,2017-12-28 11:27:49,2017-12-28 11:37:22,2018-01-04 23:07:30,2018-01-17 18:02:50,2018-01-17,9bff67cbd491a775eb1e262b778da4e6,2017-12-28
dd0611161b5da88aac7b99d9c6cd41d6,148078d68b6cdee7fb155cfd58d29bfa,delivered,2018-01-31 13:33:56,2018-02-01 11:50:26,2018-02-06 17:06:08,2018-02-27 21:42:18,2018-03-05,efd877ae53d38706d4019f46bd72579a,2018-01-31
77de2b6b4ddbe44561245ee168593b5e,080be1fb261fa4104673e0388e5ed508,processing,2018-02-11 20:30:24,2018-02-11 20:49:31,,,2018-03-06,0c857d0fdb5599b8fc5cfa1c9ba71c76,2018-02-11
030e16ae69706dde9e78557f9b501657,a33361b4c45890c7b762296a3eec1f9b,delivered,2017-05-26 16:12:07,2017-05-26 16:22:52,2017-05-30 16:26:23,2017-05-31 11:25:46,2017-06-08,ac90d7e8cf52394b28d880b4f174d113,2017-05-26
cf439d61252ef55f81ce2e531d64a275,aee0e70971aa92341d9c81d57319d6ee,delivered,2018-05-15 16:45:05,2018-05-15 17:37:56,2018-05-16 13:49:00,2018-05-23 21:32:42,2018-05-29,ba1f5988dec5d5dcc36f2d14f2e94b3d,2018-05-15
15835fb051f32800c847b351f2a31f9b,7c0a001c31242de2b27991f4f0fca4a1,delivered,2017-02-13 21:14:23,2017-02-13 21:25:13,2017-02-14 09:16:46,2017-02-21 14:21:44,2017-03-14,bb62a2fa1446330a13f2a9f000dee8a9,2017-02-13
3585d13e3147a56c82596757cff8c66c,7dac8e502779cdc34ef4e6ead6b5d576,delivered,2018-04-25 22:12:49,2018-04-25 22:31:34,2018-04-27 10:16:00,2018-05-08 16:08:32,2018-05-10,701cc8b09ef60639fe6a1ae73521bdbd,2018-04-25
10cba0be7bc27288b512d87a719b97e5,5e7f31c7eb308dde013b9cd6f31ac8bb,delivered,2017-05-12 15:01:20,2017-05-12 15:10:17,2017-05-15 14:39:40,2017-05-16 18:21:37,2017-05-22,9f5c219d3a2c143182670f3f363ac039,2017-05-12
3b4ccaa47ae0c0d6966133bcdb0c8ad4,d7c999073dcd1bce8c712cbbee9e30b2,delivered,2017-12-03 16:06:11,2017-12-05 04:11:39,2017-12-06 18:58:56,2017-12-29 15:43:34,2017-12-27,3961601c287bdf0fe34304b40c5692d4,2017-12-03
0a7d898c6305101e69e9f5a05cd0130d,3960b54ae7f5ec5965a08bf94efc2411,delivered,2018-06-12 16:38:43,2018-06-12 17:13:47,2018-06-14 12:25:00,2018-06-29 21:15:46,2018-07-11,36fecee96b47a599e59f6ac3565b1fab,2018-06-12
4042753ccc5a8c7ab778aa7856ca6230,9cb76e2e1b7aa98660472611bed4874b,delivered,2018-05-02 00:41:13,2018-05-02 00:56:44,2018-05-02 14:17:00,2018-05-08 15:52:49,2018-05-21,8c710aad587dc8dac58e65611e625c62,2018-05-02
5a008db40659290cadbe2a57493bc273,abcbd85506e144160bee308811967a35,delivered,2017-09-19 23:46:28,2017-09-21 02:50:59,2017-09-27 19:09:12,2017-10-04 20:53:10,2017-10-05,d1e42b8f9befb604b34577479827d5e6,2017-09-19
851edd7bad3021e86dd7fa72e9a5688a,904c9a7f393dd1602377ebac952caf80,delivered,2017-07-14 14:34:28,2017-07-14 16:35:13,2017-07-18 19:03:23,2017-07-26 20:23:24,2017-08-11,b0227107dc3db57d38d11a09273327ce,2017-07-14
bd1addb3e998af6689dacf2d7619ece3,4d640f85482c23980bedcc13a8219e23,delivered,2018-05-03 22:54:35,2018-05-03 23:10:40,2018-05-08 16:52:00,2018-05-10 23:14:59,2018-05-24,e5aff219fad70bd49fa3e44223006b09,2018-05-03
4bc05b9413beec5d8360baac48258100,a78562d82bc91b39f93a7e43dc5122f2,delivered,2018-07-11 22:17:40,2018-07-11 22:26:26,2018-07-12 13:32:00,2018-07-24 09:31:05,2018-08-07,f38abe5be343e356dcd076791818e860,2018-07-11
06ff862a85c2402aa52dc9edf150bf30,0a978c825ff7d013133ddc7f77566172,delivered,2017-11-30 13:31:08,2017-12-01 11:30:56,2017-12-01 17:51:53,2017-12-28 22:27:57,2017-12-28,dc9431e47beadfe1188b67bec3717969,2017-11-30
fdf8844cd505f957ba4349c95ad5357c,fdcf8902237d2c8986eaa7fe344542c9,delivered,2018-06-27 10:20:51,2018-06-27 11:06:46,2018-07-03 14:12:00,2018-07-09 19:03:08,2018-07-24,99aa844e1dfbb94ee8ea9301de8cbe25,2018-06-27
ce5f7f7ad317c7433154353ccd683f5b,739ad04dbd001a664c854b570c40b07b,delivered,2017-10-25 13:39:20,2017-10-25 13:49:45,2017-10-27 17:58:51,2017-10-30 14:46:52,2017-11-07,47c89a36acb8a73127ec91d0542289b5,2017-10-25
1e988c7630b31701946a24a362ae9dd7,57d95ce76c2b8f88a38fee409eee5fa5,delivered,2018-07-19 08:40:59,2018-07-19 08:55:29,2018-07-20 15:32:00,2018-08-02 11:17:38,2018-08-08,6b84645f298f7887a23a74d91771a9e7,2018-07-19
23450be385c992f3c2a398025c48db20,fa67ad79c559ad64c2831dfb5103a716,delivered,2017-12-16 20:06:22,2017-12-16 20:16:24,2017-12-18 16:14:38,2017-12-19 22:12:26,2018-01-05,474a9bd593c96f177e663536da52feec,2017-12-16
785c89d4e249aa8f0ec838dded807fd1,6855f38cbbe15fbf194c2a7153cb1084,delivered,2018-01-07 13:21:41,2018-01-07 13:29:31,2018-01-10 18:46:27,2018-01-12 20:57:01,2018-01-24,66675a0970f32bf9dc0d97a79a19ea2c,2018-01-07
1ce397b1df28355ed4f928b2b322db98,40ddde594ee634dc7553a1db8c39275e,delivered,2017-03-20 10:44:52,2017-03-20 10:44:52,2017-03-22 12:16:42,2017-03-27 15:13:15,2017-04-06,5c8b41ba21631ca0432de4a10a56fcf1,2017-03-20
6ff5660ec1019c0a3c3f90871174467b,b63498f62744d6304da09ded0cab9677,delivered,2017-07-28 21:03:52,2017-07-28 21:15:21,2017-07-31 18:03:07,2017-08-10 18:49:58,2017-08-21,7fc2c421252081c686b320d8755ca82c,2017-07-28
7affac81820aaf2175139fb5e1f2b4c0,1e786e4256c8012edd4a951d80a06718,delivered,2017-02-13 15:23:18,2017-02-15 03:03:39,2017-02-16 03:37:44,2017-02-24 17:42:47,2017-03-14,f164563c345a44cae29b45218a82e1e7,2017-02-13
bc04e2bb63324cc86f60dccdc3f568cf,0ab59d45d567a5ccce8b3404fb5b44bc,delivered,2017-11-01 14:08:32,2017-11-01 14:31:32,2017-11-06 17:58:47,2017-11-15 15:21:34,2017-11-29,48109d2c6b2edba91c3146a83ba631ac,2017-11-01
cf753c9874f18f99ba2ae6ae04632905,a9b0200cc7ddf5f4d78a31ad5b0ddfc7,delivered,2018-07-31 19:39:47,2018-07-31 20:20:14,2018-08-03 11:10:00,2018-08-06 22:58:51,2018-08-13,a0ad307305859d93985e5c19f4aa6393,2018-07-31
d8ff321383376dc17f0dc69b56fecffe,c44591b0739eb5323ce32b31619a6396,delivered,2018-02-08 19:05:16,2018-02-08 19:40:29,2018-02-09 19:38:44,2018-02-16 17:16:55,2018-03-12,fb8c74f4449e5a62e3c1296f75304ae1,2018-02-08
ff85f6534f8a6b89e27a340dcf86ecac,599c3538fbec0c9e9c2c73b4d1694d30,delivered,2018-05-02 15:56:29,2018-05-02 17:31:53,2018-05-03 14:16:00,2018-05-15 19:18:31,2018-06-11,956eadf2280a25c360ccfc7b42b21313,2018-05-02
ed20b1dad0625f2d7d577cba09798687,e9f8daa4f14ca77c9604150fcb6b72d7,delivered,2018-07-31 17:07:16,2018-07-31 17:44:33,2018-08-01 14:34:00,2018-08-06 22:51:41,2018-08-14,56139a11fd758105e9df4db3a0fed099,2018-07-31
54232ca33e8e55a669a5f26927049f32,9156ed230c7216ef5f4eed2b0fae39ee,delivered,2017-11-26 21:48:38,2017-11-26 21:58:35,2017-11-29 23:29:14,2017-12-04 18:53:02,2017-12-15,80b5c70d20058c553d662a56cbff22e5,2017-11-26
39db24edc355863bd882c7e44c782993,f79a79ee780df2dff33e4f6f6536223e,delivered,2018-01-13 22:03:06,2018-01-13 22:10:22,2018-01-17 16:14:30,2018-02-06 18:35:56,2018-02-19,ff8af8323bfc7b0cb9ed2d6e52bd5d05,2018-01-13
34db12eded81bbeb870aa3fae6848f90,f26a3ca1beb5430f03e91621c7428b46,delivered,2017-06-06 21:33:06,2017-06-07 02:22:38,2017-06-07 11:41:51,2017-06-12 19:08:58,2017-06-28,33b239671c1c878914ed922a0dacd607,2017-06-06
73fc09cb2735860973151bca6dbc4169,4daff91e03d519f97b49371de65d405e,delivered,2018-06-27 21:46:21,2018-06-27 22:10:30,2018-06-28 11:57:00,2018-07-09 19:22:28,2018-07-24,fcddf70ee25db0abfcfecce09bdda153,2018-06-27
a322a4aa3b0a9b47a6760a03ee17ffe8,d312c73308e9c429a61aab82e16b7f6a,delivered,2018-01-07 11:53:56,2018-01-08 13:01:21,2018-01-09 20:51:10,2018-01-22 22:23:32,2018-02-09,b542893c864fb11225f7105ee3e3f0ca,2018-01-07
8b04755969f401703034739a68acf0b3,dae9ee97d14a1f5ab75b863226a72df4,delivered,2018-05-20 18:36:34,2018-05-20 18:59:00,2018-05-21 17:34:00,2018-05-25 15:56:27,2018-05-29,d6728bc853e760f8a5422116fa945ce0,2018-05-20
21826e0954bd6550ea7b7a5665bc636f,15eb63626515b70de392cc4d9009e2a4,delivered,2017-05-16 12:32:35,2017-05-16 13:10:13,2017-05-17 14:31:48,2017-05-22 17:22:13,2017-06-05,eb4520b16c32518b6615f2d50f1be1bb,2017-05-16
81efa27a86ea057067f5160181f1be48,257f94d2e0cf3233164061fdd443ca8f,delivered,2017-11-24 13:41:16,2017-11-24 15:54:08,2017-11-28 20:51:43,2017-12-07 16:21:39,2017-12-15,3bbc2cf672d1657ccd9d89c10b5a9feb,2017-11-24
d57be8fa0f204a8cf10389b3da1d2a3e,1fdc27be5c31f3a14982e372b4780dd2,delivered,2018-01-10 13:42:25,2018-01-10 13:49:25,2018-01-12 15:17:42,2018-01-22 16:25:08,2018-02-01,beefb5d83e14244b519bd61fc25c112f,2018-01-10
be6eea060429ae021a46df0a1990365c,2a9543cbe3f8f53d8f8a62237f3ba8f5,delivered,2018-01-30 17:46:03,2018-01-30 18:10:34,2018-01-31 18:32:02,2018-02-05 19:42:14,2018-02-21,06111e0492566045ae9964005f551856,2018-01-30
ea8efd0043199fe88f31e1fea2e840f6,a17a7b3ef3d9a5c528919354288dd99b,delivered,2018-07-21 13:16:37,2018-07-24 11:33:12,2018-07-26 11:09:00,2018-08-06 19:42:00,2018-08-22,9263a6fc47a37b8b71cecfeb1defda4a,2018-07-21
3bf31ab7902ee8a53800c1f3d57651eb,bb88b693c753625fac6cbb7cf28caeac,delivered,2018-04-24 09:31:55,2018-04-25 03:51:31,2018-04-25 12:35:00,2018-05-09 21:46:34,2018-05-15,a012820fbbced38a03331716e231e0ba,2018-04-24
eb0a68abb1cdcb47bf4cdf70f6e14d65,bb83abeba94ed035926bc7f143ecc0e6,delivered,2018-05-15 13:36:35,2018-05-15 13:55:27,2018-05-16 15:27:00,2018-05-21 21:11:43,2018-06-05,0fd107db0fd0dec34c21b6269549ffab,2018-05-15
66bb893cb22818f4c91fdfcf9e2a81bf,169501e220f0093ccd895f3dc48431cd,delivered,2018-08-07 10:11:54,2018-08-07 10:24:48,2018-08-07 12:35:00,2018-08-14 22:58:48,2018-08-29,5f349193a205124186b7433d20ac52e6,2018-08-07
79f9a48657445e95909801ea6a7e44a3,9be56b2c15bdf5ad08472fe9a4d77938,delivered,2018-08-22 10:38:51,2018-08-23 19:31:40,2018-08-24 14:46:00,2018-08-25 12:18:33,2018-08-30,687e023f28ba71f085104c1339b798fe,2018-08-22
d56851f342ee399d61852bdcd356a663,7c788d83e0356f02c08005726563909b,delivered,2018-04-26 10:42:21,2018-04-26 10:55:20,2018-04-26 12:09:00,2018-04-30 17:48:52,2018-05-16,a1ff94cf446464cb8e9f3b5b60309eeb,2018-04-26
ba411c67fe5e146b1838dc69b0c732e5,dca27253c644f323a50bff41c1db2ef3,delivered,2017-08-05 11:51:46,2017-08-08 04:15:17,2017-08-09 12:06:50,2017-08-11 21:33:39,2017-08-23,c873d409aabe1083ff4f96358e3a4214,2017-08-05
f538203e8721d06d7984cee6e148b9f0,e91ecbc9e1c67b0102b5a56e41965770,delivered,2017-11-24 19:47:22,2017-11-24 22:58:36,2017-11-29 15:46:58,2017-12-19 21:08:54,2017-12-27,96d46a4d4732662278058f25829de976,2017-11-24
8b5c910ccad3b27e2876ad9eb90bbb53,3e17ed0c309122328824d65f3d0c2a08,delivered,2017-10-13 09:59:35,2017-10-18 02:57:55,2017-10-18 16:10:05,2017-10-23 17:03:54,2017-11-03,aaad3653532dded28b92de15ebf3ac5c,2017-10-13
49e720bd050835a646e0d5e8a89a42ea,dbebe78b9864f488fad78e9edbfb8bda,delivered,2018-08-15 19:12:35,2018-08-15 19:23:52,2018-08-16 15:34:00,2018-08-18 17:51:30,2018-08-21,b47c7d42ac487c969cf130ee51ff8884,2018-08-15
e4cb234bf724fa255f0ecd4d95f72a9f,b1190421767ae467d7e6e9c7659a12ee,delivered,2018-08-12 22:48:32,2018-08-13 22:45:11,2018-08-15 08:11:00,2018-08-20 18:07:04,2018-08-29,2f38d11d1609db1fc9003a0cc495cb30,2018-08-12
8623ddd82259f932337ad9f727cd25b5,73c81eed8822aec98bc389ccce382294,delivered,2018-08-22 01:37:38,2018-08-22 01:45:12,2018-08-23 07:17:00,2018-08-27 20:32:18,2018-09-10,9cc5a07f169a1606fd347a56683e6ea6,2018-08-22
0e259b373316a562c9e71cd725ce1120,11087d8124a9ffd315a2db43ec1f2e43,delivered,2018-08-17 10:32:19,2018-08-17 10:49:24,2018-08-20 11:06:00,2018-08-25 16:18:36,2018-09-04,dd32d91b3e390767e7be4cd982cd9f56,2018-08-17
82fa967d1d3bc56f31565b771fe79181,4d36af0b2f66083f21a8f7d549647d6a,delivered,2017-03-08 15:00:44,2017-03-08 15:00:44,2017-03-13 05:32:24,2017-03-16 17:48:01,2017-04-03,e2fa02776abcbf7246ffd18f58e120ea,2017-03-08
278795fa6c02df5eb7e3549cf3722fdc,921fdc244d0ab2156a464cb5035518b5,delivered,2018-04-04 14:36:46,2018-04-04 14:50:14,2018-04-10 18:31:14,2018-04-16 17:07:24,2018-04-26,670985cbdebdcec66895cb9945fc3de1,2018-04-04
7a73dbb7b879e915cfd13e75852d910d,2fc18e96c5987ff9e0f2e3ca600cd075,delivered,2017-10-03 13:05:20,2017-10-05 02:49:30,2017-10-11 20:37:40,2017-10-13 20:28:58,2017-10-20,9508ac36eb0d09bf42d525bd6c5980e9,2017-10-03
e7f30a3abdc763c660d1dc442dce909f,981dc5e9b0855c9d17f0819bb3c4f27e,delivered,2018-05-04 11:28:12,2018-05-04 11:51:42,2018-05-07 12:55:00,2018-05-11 00:27:48,2018-05-30,ff38610e865f6ffec5b6fb8725be1f7d,2018-05-04
b8c3df75fc496cd9299a8ff31f483351,dba0672d5a3558c6fbde36b9d03fbfa6,delivered,2018-01-06 13:44:18,2018-01-09 07:21:49,2018-01-17 17:30:38,2018-02-07 23:36:30,2018-02-15,a1e9a193ccd1e020f61f4ffeb0d20efe,2018-01-06
956df0791d1e89e540bca30c351fece1,45d4713718919c4e07c8dd7d0797f63e,delivered,2017-05-03 16:07:37,2017-05-03 17:10:18,2017-05-15 15:42:24,2017-05-17 16:54:37,2017-05-26,98fe78f31c97fe5bea79c47254f5d13e,2017-05-03
7e25a709518d3b5b51fab58d605ea0e8,f26da87c662e29c4680a07cf6e7f3a97,delivered,2018-04-04 18:42:39,2018-04-04 18:55:28,2018-04-07 01:12:20,2018-04-19 00:28:44,2018-04-25,ec6da744b820c4d98e6e74d2fee09634,2018-04-04
7444a57e086e68992dea35c06079521d,a2c1c3470d4d505268abe4de69b6a9a6,delivered,2018-05-14 19:24:10,2018-05-14 19:35:28,2018-05-15 12:47:00,2018-05-21 16:31:54,2018-06-01,809ef7517bef25761d1d8595dbd9db0b,2018-05-14
49a87cbe0678fc2f068332f42fa05241,309d5fcef3ce034d709f2f89550f8b4b,delivered,2017-12-02 20:02:37,2017-12-02 20:16:08,2017-12-07 00:41:44,2017-12-12 18:58:59,2017-12-27,d1cbb16c0aa9f18e6b6f37535802c60b,2017-12-02
c7c8b7eca811b5f2d08999ad1c3e4f9d,62104fadfa739ae952769448b2e3886c,delivered,2018-06-09 20:36:52,2018-06-09 20:59:33,2018-06-12 12:38:00,2018-06-25 20:32:16,2018-07-11,0ae899ccc7701f38427bc48b7d52eb22,2018-06-09
18f1f69eead979dddab0c5fda4df6a16,8011fefcdf20c376556c1f88c426c986,shipped,2018-03-11 23:39:29,2018-03-11 23:45:37,2018-03-13 01:48:19,,2018-04-13,0e3adc3a3ad71718fc412a1d0d5fbc11,2018-03-11
9b8ad49cf4b6a81aa48baddcc0d7cc1a,f49c3a2b208956b0c1f7d23c443de618,delivered,2018-06-18 18:46:35,2018-06-18 18:57:57,2018-06-19 19:14:00,2018-06-21 00:32:53,2018-06-29,3be6efa57f52f871582d516717da77d0,2018-06-18
a08d1f4b300c3d7ec52f5f9a74234eca,e2c852f36be265c817eafd880884b206,delivered,2016-10-10 11:08:53,2016-10-10 12:02:42,2016-10-21 16:02:09,2016-10-21 16:25:05,2016-11-30,a93b7ffb96986b7ae5bef50b9f789ed8,2016-10-10
4478be65e69dff16ebd5739137d33057,1d51028a137ae04a286fa2d4643543a6,delivered,2018-01-31 12:54:58,2018-02-01 20:35:31,2018-02-02 22:19:19,2018-02-05 21:35:34,2018-02-16,90b425894699f50755dc01dc7a3fcdec,2018-01-31
79b01840e1837dee7c52f10d375f4edd,12e5da270cb6349f4f8781521a208d6b,delivered,2018-05-03 11:57:49,2018-05-03 12:54:57,2018-05-04 19:07:00,2018-05-09 17:03:20,2018-05-22,38db00b16cca3306392a0651a9a6b21c,2018-05-03
6c6971df6cfa20527e3e3d32aded78b1,4303f036861990814a1cb67ff02d50a2,delivered,2017-12-30 16:45:59,2017-12-31 07:55:28,2018-01-02 16:09:23,2018-01-17 20:43:50,2018-01-30,e91a66767e2d402a7ad1dbe8ee9cd690,2017-12-30
8c8eb180639e9bf917a45e7acef96a42,b257fa82ab6a82951427d42fe49de736,delivered,2017-07-20 13:58:31,2017-07-22 06:42:42,2017-07-26 15:37:46,2017-07-27 22:01:29,2017-08-08,2efbff41b13fe600095d4b41e38bd9ba,2017-07-20
fad3596ad757484b111f9f9377fe7dc4,b2a03dcda700815bdf537c94a0303309,delivered,2018-03-07 22:17:27,2018-03-07 22:30:48,2018-03-08 23:17:29,2018-03-09 23:58:47,2018-03-19,4813f603025d7a3956daf0846add6330,2018-03-07
5dc4e4e9a4f28d5bda7879562fece272,b289433480170bdf5b7bfa7adec75570,delivered,2018-01-04 11:47:46,2018-01-04 11:55:30,2018-01-05 13:52:50,2018-02-10 01:32:11,2018-02-07,cd46df724b05dd5f855b5fb15f11999c,2018-01-04
0c6a968e3824f733a18b9c40b2620865,4d3afd054c81809d99eacd8a22e08075,delivered,2018-05-29 16:12:48,2018-05-29 16:39:01,2018-05-30 12:22:00,2018-06-07 16:28:53,2018-07-19,4306ae87bca0dc6f2fb4eaecdabdfc96,2018-05-29
fd766da8b074a9d9399eee9b28525f83,3b31d1a929da02500930b2d475bcac0c,delivered,2017-03-05 21:24:53,2017-03-05 21:35:10,2017-03-06 08:41:50,2017-03-14 18:12:01,2017-03-28,dc72d84effd751fe08996e409a9063a0,2017-03-05
16f7bcfa3d20c4e61a2ae69c2132d25e,997fd5f191a3b515c36618df00c53edb,delivered,2017-10-11 09:33:12,2017-10-11 09:49:20,2017-10-13 21:43:41,2017-10-19 16:52:45,2017-11-01,17deef15f063b59eff8f9e440326dda3,2017-10-11
9d3accee31f94310856759efbff805f0,0d4b78e7e121e21dbdf23cf165fea19b,delivered,2017-09-26 15:40:04,2017-09-26 15:56:14,2017-09-27 15:25:45,2017-10-04 20:05:19,2017-10-24,c6a513e950f4f84a824821c420925f21,2017-09-26
84b29272f58b0da99f8884fd87681725,347995a62a8ddfe4b7201c431a3c5e53,delivered,2018-05-21 17:00:35,2018-05-21 17:56:39,2018-05-24 12:43:00,2018-06-07 18:47:41,2018-06-08,157b9d0c8b2328f814b5ee120d5e5914,2018-05-21
11f81f5b3445ad54e4c793afe6337986,f1f4a5639312c4cc925f1633df0bbf57,delivered,2017-08-21 10:33:13,2017-08-21 11:04:39,2017-08-22 19:20:30,2017-08-23 18:55:20,2017-09-05,8fb49ea1ad7041840fae00d1d771a3e8,2017-08-21
32c0f2887a1713ac4c720ebd9a65bae9,7306c159c7f7c1dfc52c15c62530ea69,delivered,2017-11-08 21:07:51,2017-11-08 21:26:57,2017-11-17 20:16:48,2017-11-28 19:35:07,2017-12-08,dd493718ff91bbd78cc0183714db5e41,2017-11-08
2bb61c947b878153fb951d9135cc19db,6417fee841ab1673eaa999d2cdaeffe8,delivered,2018-01-10 11:04:26,2018-01-10 11:17:22,2018-01-11 23:44:04,2018-01-16 18:21:35,2018-02-06,c7c025b50e210cb7604b461781209f5b,2018-01-10
26ac15c4f69145c3a0ce4f2ebccd2a84,e02f5d3db6a97933d8d9a4dfc6a69ea4,delivered,2017-11-26 00:22:41,2017-11-26 00:33:26,2017-11-29 22:37:46,2017-12-27 19:07:43,2017-12-26,a28f925403b733be252893d297ffcd69,2017-11-26
03ebfa9712b7dbc7031291856263b314,4024b83c510f004326fbcf0671738663,delivered,2018-03-23 11:20:04,2018-03-23 18:48:53,2018-03-26 21:17:58,2018-03-27 15:04:27,2018-04-05,60389b9628af3e1ed0b3d14226b77994,2018-03-23
dfb04e7088e5e8c05d7b8a21be219457,74ef27bf0bc2804bbe36ebc874124085,delivered,2017-07-02 13:17:23,2017-07-02 13:30:15,2017-07-03 16:22:01,2017-07-18 17:57:55,2017-07-31,4a3d9f978c0f7d1c8cd6461d1f8f291b,2017-07-02
94f4fa3cc26c08b0240ebb6e8934b6a1,9530b9f86c2f46c3e66ffe405c1669ab,delivered,2018-04-12 09:28:14,2018-04-13 12:50:23,2018-04-16 18:04:36,2018-04-24 16:46:57,2018-05-09,ae9e13bef4d6e0e50671e16c2b623a3a,2018-04-12
6a83e5c040d9fc9d14c1035925ecee1f,a85c9694bb212b94285c40933fd6191a,delivered,2018-07-02 18:42:38,2018-07-05 16:15:54,2018-07-04 12:22:00,2018-07-27 16:48:39,2018-07-25,5e631f0a317ae2d8919e83a94b0b51f8,2018-07-02
964fe5acdd4fc63622ac6114f7803336,0d518971497ae58588456b60337137af,delivered,2017-06-11 22:11:23,2017-06-11 22:25:11,2017-06-12 14:26:58,2017-06-26 16:38:53,2017-07-11,a725f9b4c552a95b981d51435ec1cd43,2017-06-11
e89ced624c37029ad8e8e12f036a1a55,d5a5625b39625a4576819d8b5b2c828a,delivered,2018-08-04 21:26:44,2018-08-04 21:44:21,2018-08-06 16:28:00,2018-08-08 16:35:03,2018-08-20,2939eb5c5bf062a54061a6b0790057b5,2018-08-04
6d1f5da238306b0008063ff2f93feac9,d0c2b163c8b4b73d70c5dfe22e79839f,delivered,2018-03-24 19:51:16,2018-03-24 20:08:24,2018-03-27 00:08:32,2018-03-27 00:08:32,2018-04-13,d98353d2d41f1ed404991d6a4b5ab142,2018-03-24
bc1719cc645341cf9ae61983e31f26bd,1f525c90c7df6b890e6f7ca5707815f7,delivered,2017-05-28 23:17:07,2017-05-28 23:30:10,2017-06-07 14:09:18,2017-06-08 11:15:44,2017-06-09,048d8f14e6405a5a157e74724357086f,2017-05-28
bb9a5a9d8a6ff80eabda95e3b78f0a45,03d88c22a063771d871d7ad4fc182cc8,delivered,2018-07-09 22:59:16,2018-07-09 23:10:13,2018-07-10 13:10:00,2018-07-13 21:12:36,2018-07-24,b05a0be462115e2c6e1580b127161643,2018-07-09
45920ad3d9899cb3c75de086024c18c8,a7bd7bcfe3fa72f1c1a3565f7dde6ca2,delivered,2017-11-12 22:33:11,2017-11-12 22:50:36,2017-11-14 15:51:31,2017-12-06 15:04:48,2017-12-06,b1a15c9e2d508753b52cf3d6eae74808,2017-11-12
3af9626db61282e337587628095b992b,b754d773c79ae5386448977863a4b831,delivered,2017-07-24 22:15:59,2017-07-24 22:30:17,2017-07-25 22:03:15,2017-08-01 19:07:42,2017-08-17,a670b3a4c5a4977353746e8f504898d5,2017-07-24
d01376995a52b231a198a5f484b20841,4cac8b7a9ef92a68ee57202a8d8b9376,delivered,2018-02-25 16:14:47,2018-02-25 17:07:30,2018-03-01 17:25:09,2018-03-08 22:38:42,2018-03-21,6499986b00d14fa984d68727de0c2a17,2018-02-25
24b137d6259a0c0cbd646f179e2ca35e,febf5be282b3d17142f2d183967aae3f,delivered,2018-04-15 17:18:21,2018-04-17 05:50:42,2018-04-17 23:32:38,2018-05-09 00:32:21,2018-05-11,f792e65d3f71892a1d60f6cf17cc58b1,2018-04-15
2fd30a0079e9100628c92bb583ff56ec,5a4e6b9af6ad6e44591022085ed62a7b,delivered,2018-08-06 14:38:01,2018-08-07 08:35:13,2018-08-09 14:21:00,2018-08-14 20:18:24,2018-08-16,ea3bc531491303af49fba79aab775963,2018-08-06
039450cd44c5b6c68f8d2bada4eb315f,b797ea51195bc7d2e372d6243af24b02,delivered,2018-01-22 19:04:11,2018-01-22 19:14:35,2018-01-24 00:38:26,2018-01-27 00:26:46,2018-02-14,d777791c84db8d5a2722886b4a11b6b8,2018-01-22
6e69e79ae5c37939561c11bf79f4b866,1c857d239f86acacad32b189658a5b20,delivered,2018-04-30 21:08:47,2018-05-01 03:15:39,2018-05-02 14:28:00,2018-05-05 10:41:45,2018-05-17,e8e6ad15f20b2fa12d9ce4c6289e38ba,2018-04-30
a9456d47156dc580a5421d6b0a12074b,e42a0192b918b437a37f3dbf12b49f4a,delivered,2017-08-02 13:00:21,2017-08-02 13:15:12,2017-08-04 20:27:28,2017-08-09 22:17:58,2017-08-24,1d74b37a78cc3049e04f78b99ac73259,2017-08-02
53fbedbd16ccffa3a54c400edbb3fecb,fd4abff6bfb418f4130e7d483f4ee097,delivered,2017-03-10 22:01:34,2017-03-10 22:01:34,2017-03-15 16:11:42,2017-03-21 10:07:46,2017-03-31,7d46e00d5460d09dba085073c0873c35,2017-03-10
3c35a673012104c0ceb001325c00bff4,358c19bbbb97654500cc288498104566,delivered,2017-05-18 15:47:22,2017-05-20 04:10:20,2017-05-25 10:38:05,2017-05-29 11:07:56,2017-06-20,f3df2c0b7cf3814b81b37ff6273f76cd,2017-05-18
4877379c51fc3c3826e6a62427675966,9408bd679b8ccfd8de92376ac0cf405b,delivered,2018-03-02 15:06:54,2018-03-02 15:29:07,2018-03-05 19:49:02,2018-03-23 23:08:32,2018-03-27,4b61b1aa8bb2f7dc1bb6e81b6fce88b7,2018-03-02
4ea17d0c90f37e942470706403d14a7b,0f706ec7f0225311966ee2f5358a47a6,delivered,2017-08-15 20:28:02,2017-08-16 00:04:20,2017-08-16 17:43:08,2017-08-30 17:52:06,2017-09-15,c598e7b13c0fc6b1820559eabaadb3ab,2017-08-15
583daa63abcdc20ed6eab2e6a99e44a2,3e93838115ab9cd9cd49e91c2916124e,delivered,2017-10-24 19:11:35,2017-10-24 19:28:17,2017-10-25 19:32:26,2017-11-07 17:06:59,2017-11-17,81c32144b6a09db6afb39476c7fa1bef,2017-10-24
127db093fee728a76262a027b66556aa,b9c05cfc28f1dd72313d61b139faab45,delivered,2017-05-21 16:31:12,2017-05-21 16:42:20,2017-05-29 10:42:53,2017-06-03 09:58:50,2017-06-08,46587168f28103639ae8249f19b53043,2017-05-21
bf7da01f9f2b27e2fc1b817b43504337,4be9341dff0e158e15b7b68ae7cf3479,delivered,2018-06-04 13:27:48,2018-06-04 13:51:36,2018-06-05 08:02:00,2018-06-19 01:38:25,2018-07-18,97dd5524d445fd04185c13245af4e173,2018-06-04
1dc839387052269a40a3e539aa949980,352229ccbe6ea1ed2d11322482ddb83a,delivered,2018-07-05 10:30:20,2018-07-06 05:10:52,2018-07-07 09:17:00,2018-07-12 21:18:37,2018-07-24,7688b172eb5a86c7470f5928e02d6e48,2018-07-05
30a0d918b3ba882cd4f3557a0ac1182c,c0b858152a08ed0619c1f5adfbbd0c94,delivered,2017-09-06 18:08:22,2017-09-06 18:25:07,2017-09-13 17:13:04,2017-09-19 20:32:34,2017-10-03,f987537e06b2e0fc86d565c2ec019d5c,2017-09-06
c442abd5622d3602e7e1951edacfd007,48de0ee37af96ec27bed6414c071d5fa,delivered,2017-11-24 19:05:35,2017-11-24 22:33:17,2017-11-28 21:43:01,2017-11-29 18:10:00,2017-12-11,59213e6a25258039405a711ff8dac4f1,2017-11-24
f390346ecbf61a6b81b92017a7410df1,3e4e70d528e3a7562a3b500d1232eee3,delivered,2017-11-06 18:41:25,2017-11-07 03:31:22,2017-11-07 19:28:57,2018-01-26 12:51:50,2017-11-24,a577a200a23467257794210152357aab,2017-11-06
f7254acdb2c708372182c21f4ef3af88,2d52316d85ed03468576e14c787d8518,delivered,2017-12-19 23:15:17,2017-12-21 02:12:15,2017-12-22 18:53:07,2018-01-08 19:27:34,2018-01-30,73a1d7ac09a1e29703738e7e633f01e4,2017-12-19
dc5f7bc4c5617c381a1943ba3d5cabcd,875046d70b322a1aedb1b9b0fb475af4,delivered,2017-10-30 15:55:01,2017-10-30 17:31:33,2017-10-31 20:22:46,2017-11-03 19:19:38,2017-11-14,34d9d4be6e7d5d9dfb87ff6fc9455b59,2017-10-30
d9f95380355620563827773435496b67,96a68cae26d14cd164323c6bcc6eba60,delivered,2018-01-30 21:33:10,2018-02-01 08:31:51,2018-02-06 00:58:44,2018-02-16 16:49:06,2018-02-21,a06f91da0bcf4f2ba635ee92ba3c33c6,2018-01-30
2728d62e6ca51781ee895aca18a89f31,f1121ff6d658b43800b6f8c7c3c8d9e1,delivered,2018-08-01 16:59:05,2018-08-03 02:50:37,2018-08-13 14:45:00,2018-08-17 14:24:39,2018-08-20,c4b822795feef15ddf1d3d2e5b83a53b,2018-08-01
dbbe1b2ff4094c09c4a05b045b71e81b,9a065c823cff415e4f55f96429c6cd28,delivered,2018-08-01 20:44:34,2018-08-01 21:03:58,2018-08-02 12:56:00,2018-08-09 16:20:44,2018-09-12,1de5850ca9f40f0dd5a13262b56223aa,2018-08-01
ac3af18d419f856bb7346664d8bc6438,18d9916b9d0b1ae261abccaa6d2c4741,delivered,2018-06-06 14:49:38,2018-06-06 15:12:51,2018-06-07 11:45:00,2018-06-09 01:22:48,2018-07-03,90e7187871a4e357daa425dc50d9b79b,2018-06-06
92e79e31ca65b56eb2940e5f08d07305,cf98656ddcf36a892e54b3475508e457,delivered,2017-08-18 23:15:23,2017-08-18 23:30:19,2017-08-22 13:54:59,2017-09-12 21:19:50,2017-09-14,7ee317fb77d0482937ddf05062f3d5df,2017-08-18
fc1d9429da446a147d438d41350a2932,8b13d2050940cb8d6a7203e69f279254,delivered,2017-10-23 16:29:52,2017-10-24 07:14:07,2017-11-06 22:11:49,2017-11-18 14:31:31,2017-11-23,e1bd9953029d9683b41f570e717f82ff,2017-10-23
ed4f3a7d90215313e0c485f97f640584,5fb977f8993bfc56667ab1f3e5012633,delivered,2018-05-24 18:04:31,2018-05-24 18:38:05,2018-05-25 07:03:00,2018-06-07 02:12:25,2018-06-19,adec8d35d0e9977d9562671cef505f8f,2018-05-24
335cf1cb074c8dfcdf59bc86f8255409,29e227115fb68d196f0e1dab3c40a622,delivered,2018-05-15 09:08:59,2018-05-16 09:33:16,2018-05-16 08:57:00,2018-06-08 15:39:24,2018-06-12,da8accaa0030a75e2e7848ec481a4828,2018-05-15
6ed7913722200b05e7d5df38f1ee777e,6454f48d32c3c0a57fcf9e1d25603ce9,delivered,2018-08-09 07:17:34,2018-08-09 07:30:12,2018-08-09 11:55:00,2018-08-15 12:02:57,2018-08-27,f6bd60ae86266e0e13b8fef85e760e24,2018-08-09
8a6bf1083cc2efc062e037e474622de6,64f0ed97c13c1388088e93454db40488,delivered,2017-03-20 21:54:34,2017-03-20 21:54:34,2017-03-25 09:26:25,2017-04-01 08:47:46,2017-04-10,1b7ac802721f14d25a06a4fe3273a0ba,2017-03-20
bcd37480e5f21eaf2b524c8e9724d099,fbc839b74c648a39b750799b58a13e0f,delivered,2017-11-24 22:55:10,2017-11-25 01:53:48,2017-11-28 21:26:50,2017-12-07 00:24:29,2017-12-27,ea5ba533074aeff0844eab0c690b2c7a,2017-11-24
b951cb6562f56cfb404cd77c81262f25,83116a97d5035c15ca0e75dc2b848bd9,delivered,2017-12-26 10:24:59,2017-12-26 10:36:29,2017-12-27 19:42:27,2018-01-04 21:27:10,2018-01-24,68015dfc16e47eb1c0e8c52e7b6f1f06,2017-12-26
756445ff67f2676d72ae774c8cb5b0f0,5ea703be990cea78e9615d9a636ba28e,delivered,2018-01-17 19:40:55,2018-01-17 19:53:22,2018-01-20 00:23:21,2018-02-01 01:32:23,2018-02-15,9197e6b3e505cbb066f5bf87ee49df7d,2018-01-17
5bbe496e9e32884e4f0260f1b6bd6c3d,da6f87409fcc1f75e9bce0ff233ace2c,shipped,2017-07-06 14:42:02,2017-07-06 14:55:21,2017-07-07 12:04:44,,2017-07-28,657ad7b3b7a1c9c9bc3fb26bca5b6738,2017-07-06
b825b53d8136d85eb4cbe60a1bd275f5,ec4f3f98da53dbaa4db16505b37f82c0,delivered,2017-09-05 14:48:14,2017-09-06 02:50:35,2017-09-06 21:22:23,2017-09-12 20:53:32,2017-09-22,d983e9c0fd37fead1bf11f30ea1259b2,2017-09-05
268ccd28fb62008e06398dc300d3f0bf,0061937e85c708a41f5d5b24405d0f50,delivered,2018-06-25 11:57:12,2018-06-27 08:35:26,2018-06-28 15:11:00,2018-06-29 13:38:51,2018-07-12,449cc26294cc2d6e2e88a82cea3e42c0,2018-06-25
f23681a0fffdb8051c674707c7e912ef,7930549f156eea2b01b0fc2fdd323063,delivered,2018-07-15 02:11:15,2018-07-15 02:25:08,2018-07-16 13:53:00,2018-09-21 23:46:29,2018-08-06,dfe634d4b8e0678799178b6ec8e1b0ba,2018-07-15
b1e68c1ac52a1a5cb5051d07ae91ff06,cf34464d3b5d4a957dae9c0ef4a7d27e,delivered,2017-03-18 11:36:04,2017-03-18 11:36:04,2017-03-21 08:45:36,2017-03-27 13:22:43,2017-04-26,d867b200f35b3fed18f1d1ef3a6e4d5b,2017-03-18
83812118bb682267a9880ea1b261ac4b,6b4acd0818e5852c5271cb061ccbb493,delivered,2016-10-04 15:07:21,2016-10-07 10:12:10,2016-10-11 10:12:10,2016-10-31 21:57:07,2016-12-08,28706b8dc0fe2a95fbcec1e53253d8e4,2016-10-04
056793ca2483a5d5943cb5bd90f5b314,25308e9c16af1a99ce8c88b431f0bca5,delivered,2018-08-27 15:04:59,2018-08-28 03:50:21,2018-08-28 15:48:00,2018-08-29 15:58:23,2018-08-30,223695e4bcc4f7b660ae257524363af2,2018-08-27
8ec04c0efbc0a4a711cf9a6b2878c105,f6a861bd3c061ae773db24088455097b,delivered,2018-05-20 21:31:23,2018-05-20 21:50:45,2018-05-21 15:31:00,2018-05-28 17:53:56,2018-06-01,e3087e6bc090e8f46fe899b2b8dbb026,2018-05-20
6d3973dc513ec7f3894ef3d39afe52a2,03261691b84979dde436e5752ebb28c7,delivered,2018-06-16 07:34:44,2018-06-19 04:16:48,2018-06-20 16:02:00,2018-06-22 13:32:45,2018-07-05,19595c748b330b19286ae94092b6d900,2018-06-16
4516299f280a0f30720256ae0cd592d6,582ec2f9229bb3014866b31f73def34f,delivered,2017-09-13 18:12:51,2017-09-13 18:25:46,2017-09-14 18:53:40,2017-10-18 13:05:45,2017-10-09,e42f9acfa96158aedb678a0ecf07f908,2017-09-13
7d63cb1d349e7bd0ee1edcc61ea71077,484711e3d14ac75fb874e949b3a28395,delivered,2017-08-14 15:30:22,2017-08-14 15:45:15,2017-08-16 17:04:40,2017-08-24 18:05:49,2017-09-04,7c5a8a93978fdb0ee0fe385f1fb7a596,2017-08-14
b11073519dc9fe626df6281aa1965522,4f3ef3bae0d531a175d66f875cba84d1,delivered,2017-11-16 12:29:37,2017-11-16 13:10:35,2017-11-21 01:56:45,2017-11-27 16:22:03,2017-12-05,5aea5fc896e4a5d9c6b62ee0d4865995,2017-11-16
48761cfd8309604ddb00a812ae7d9473,ef546a9e08a36c4b877691daccbc4304,delivered,2018-08-16 00:40:20,2018-08-16 16:40:09,2018-08-16 12:41:00,2018-08-23 00:16:28,2018-08-30,4aa1f32110cbeb6c40b0c0f368557803,2018-08-16
c7b44077f6d014b67c3164e103e3bf02,19187bc9fab7457748d4dc42a9e1c6fe,delivered,2017-11-21 21:24:19,2017-11-21 21:36:57,2017-11-23 19:52:59,2017-11-30 20:07:17,2017-12-01,663f43c4f46c289ff6c0f11b9ced3751,2017-11-21
e88c89f6e503fc7445b55278cc926d47,dee7ddcec90991cf0c9425681a6cd397,shipped,2018-04-16 22:51:31,2018-04-17 05:55:44,2018-04-17 22:42:54,,2018-05-03,6501e5470f5d8d0ed1b7f4c67bb40711,2018-04-16
d9650d5b64446b09351a038e66c19467,6bf8c622e219d5ce11831729248ceab7,delivered,2018-05-07 15:23:10,2018-05-07 17:57:15,2018-05-08 13:58:00,2018-05-15 17:00:08,2018-06-06,6f9fe132662ed65ec152e96b16afe7c0,2018-05-07
41d5636cfaa3b8436beab84388cf73d0,e3ca9adedf7464a8e2c2802ed1fe3757,delivered,2017-07-16 15:21:38,2017-07-16 15:30:08,2017-07-20 20:11:44,2017-07-22 15:04:08,2017-07-28,9d962709ced8c31f3b89ac1cadab00ba,2017-07-16
78a7adcd1aae3a0e7f0f3b40d27f0aa6,b071dce336bf942fbd27a73e53dcad66,delivered,2018-01-04 15:07:34,2018-01-04 15:15:21,2018-01-05 21:06:57,2018-01-18 20:19:03,2018-01-22,c4a991e4806ca21fbf9379ab328d1719,2018-01-04
d9a857b8ca6c8ca6a97e6977be3e47bb,4d6ea1b19aa670516d625c6da25d954f,delivered,2018-02-08 22:22:54,2018-02-10 02:35:55,2018-02-16 16:43:29,2018-03-05 22:38:34,2018-03-14,8fc1b266e54db64c474e6c7909e58dc0,2018-02-08
5209e430c4a82e1eb7cd636ecbb573a3,2dcdd89fa50e9aa7e0105eddff0fbbc6,delivered,2017-10-05 20:09:56,2017-10-06 20:07:12,2017-10-24 19:03:29,2017-11-21 23:04:42,2017-11-09,c4af082fb0ba076bb96828135834f60c,2017-10-05
7e0710390947061c95e5a19aae5dd14a,83ab0b0599bfe9b384a53a6ff93b621e,delivered,2017-04-25 14:56:04,2017-04-26 09:35:10,2017-04-26 10:44:54,2017-05-02 15:59:11,2017-05-12,a160f2a63e7a2d7daa27f7e23c5a7d8e,2017-04-25
1cc47b4855c5d2cf01a73dc8ae838079,7763b62148e46d4c396f80e4f589930c,delivered,2017-12-06 12:33:21,2017-12-07 03:16:28,2017-12-07 23:34:45,2017-12-27 16:13:06,2018-01-08,7ea3dc64a652d699ace3048e904c561b,2017-12-06
d6ef78a86ea5cdf1238f68102c64b6c0,259e7de24e5dc43cccd9cb271167bab1,delivered,2018-06-09 01:44:49,2018-06-10 10:30:45,2018-06-12 11:44:00,2018-06-19 16:56:36,2018-07-16,1003a6796395c39384cbaeafd51392d8,2018-06-09
c61424020aa28e6b14fbc18c80ad8a3d,8e957cdfb5ecdb1128b8fa65ebcd91af,delivered,2018-07-06 07:20:14,2018-07-06 07:31:39,2018-07-06 09:09:00,2018-07-11 21:26:26,2018-07-26,16b19abad3a7a020ac59a70da5801dac,2018-07-06
d2293747fc2b2b42e4fd0d3ffb707ffa,bd92a8b890c659ac8b0875d558c4e8df,delivered,2017-12-07 20:38:18,2017-12-08 11:56:26,2017-12-12 20:53:27,2017-12-17 14:52:29,2017-12-27,d662c9534d6ef351cee60151372ed202,2017-12-07
cefe70775d8821c8dcf166f843d38d1d,24ceded0c5fd4e9940168f0a183d4885,delivered,2017-12-19 12:39:44,2017-12-19 12:51:33,2017-12-23 12:28:33,2018-01-08 15:14:57,2018-01-17,0b142164e5db564242b9a924fb8bc171,2017-12-19
8ef18fd729df2df941103728a3ff954d,ad468aa44c8d5c72b0f35eed9d11f73b,delivered,2017-06-22 15:36:58,2017-06-22 15:45:17,2017-06-26 13:35:57,2017-06-27 12:33:13,2017-07-05,be25daa3b561d7f7df48f6d1c50ed097,2017-06-22
8e568e54d86a184f57025de47a359ad8,218c4c3fdefeacdd18ecd0bd5ebb827e,delivered,2017-11-27 18:39:50,2017-11-27 19:12:05,2017-11-30 00:38:39,2017-12-01 18:52:20,2017-12-11,731ea3afd190908a9cbed04f42aa51e2,2017-11-27
bd198b62b5d99af74a4c0dbf717fd5f0,0f1136795aeced1e4e1eda78813a535d,delivered,2018-03-13 06:48:39,2018-03-13 07:08:25,2018-03-13 19:42:32,2018-04-12 20:18:34,2018-05-03,e1407f4d2fd92ed069307bb0b836615a,2018-03-13
53c7592439c12d02630c4f0da48614bc,f89b63fb70a7ec9b7740ca031accb0cd,delivered,2017-12-18 12:55:41,2017-12-18 13:54:44,2017-12-19 23:51:52,2017-12-26 18:13:30,2018-01-17,4104af1a51c2001eb1b444a8b55751e5,2017-12-18
3c655487f0c8e34cde2c7b67de8f08cc,5091c4ca04945991068cfba00258cc58,delivered,2017-02-04 19:06:04,2017-02-04 19:15:39,2017-02-10 09:24:35,2017-03-06 08:28:57,2017-03-13,05453ef86290884066d89d2ec2dcd0a2,2017-02-04
d29b96c282ec82deff4feb268f3df620,fd70be8f679574571d4c1ad5dad835bf,delivered,2017-06-02 21:34:16,2017-06-02 21:45:15,2017-06-05 15:11:37,2017-06-14 16:16:43,2017-06-27,c7c57673fe2bd1823ef2ca06c7591df0,2017-06-02
430da9e882483760910bef24ad74494b,9095f8235295adec01f72924097763b3,delivered,2017-11-22 15:25:44,2017-11-22 15:37:24,2017-11-23 13:56:35,2017-12-06 14:18:53,2017-12-12,d8dae23478ae79d7fca03f52342e2854,2017-11-22
de600694e63dc521b56a7fc6f01576d7,f4cdd4fc25b538733574c54d02784e3b,delivered,2018-03-24 22:02:22,2018-03-27 04:08:25,2018-03-29 23:28:24,2018-04-04 00:41:55,2018-04-23,c0379eaf8fea020ec57ef4e788f7284e,2018-03-24
ca7fc2f0ccaa981c829f79898f513337,fb4086949be6ae460da191548d650e6d,delivered,2018-04-21 18:03:58,2018-04-24 18:55:37,2018-04-27 14:01:00,2018-05-03 22:09:50,2018-05-11,ddb5e3c719efd85171d4768a3ea12475,2018-04-21
d46d30516947c87bbcb5d6ce98da510c,9f882879a6fa0b1de2906aac483883de,delivered,2017-09-09 19:56:19,2017-09-12 04:45:43,2017-09-13 19:39:37,2017-09-25 18:58:35,2017-10-05,4279dc495a38ef8fb0ea0a9201c6ee30,2017-09-09
0f881abda9658ce5c28cca333059224a,7d03956727a1a2962e0e669629917bae,delivered,2018-03-21 17:01:41,2018-03-21 17:10:38,2018-03-22 18:34:53,2018-03-24 14:24:39,2018-04-03,0387367daee04c9cbcf57eaee0d699c6,2018-03-21
2070a6c3c3a8f5c3c8688096d984ce9c,f8387978c63e1ebeb45d5f85d16249ae,delivered,2017-05-26 14:23:57,2017-05-26 14:30:23,2017-06-01 13:57:44,2017-06-12 15:34:00,2017-06-26,8816ea7c1592bcab312eae9352996067,2017-05-26
e31f08a6838e8fe22d5850d237cdb1e7,a577a139c2344a82239c539b29d9e66f,delivered,2018-07-20 19:23:21,2018-07-20 19:30:14,2018-07-23 15:17:00,2018-07-30 10:10:47,2018-08-08,aa4baf893fa81bf5c57a380869bb4cdb,2018-07-20
01c4f4e08d9e8b7c5bd47e612285993f,51e4740dd528fe393562380ba49e41ec,delivered,2017-11-24 00:31:33,2017-11-25 04:30:44,2017-11-28 16:39:05,2017-12-04 22:36:32,2017-12-14,483bc92f963bbc90c3006e11f9ac552a,2017-11-24
dacce96767ea2ce331e38a5ebcac5f25,315f814caff07be0d7cf52346a07adf1,delivered,2018-01-13 18:32:59,2018-01-13 18:49:53,2018-01-19 14:52:00,2018-01-27 12:48:58,2018-02-09,a3a53af62bbe94c89dd9f99b63283e6b,2018-01-13
06de165212eea16e848d38f4392d5c11,2e3648e35008f6586b84e6ee8bbfd25c,delivered,2017-06-19 16:11:57,2017-06-19 16:25:14,2017-06-20 13:52:59,2017-06-28 14:09:53,2017-07-18,99b8ee09d642ffedf091951a7235faa0,2017-06-19
158745a153fbab78119f6c57c38c5306,884b6c27805ad0872cf7293dc876bc41,delivered,2017-04-23 21:14:56,2017-04-23 21:25:18,2017-04-25 08:22:51,2017-05-09 09:12:38,2017-05-11,8a7e2716ec5ffb45ddb789c96c86d4bd,2017-04-23
be0d916fb5cf8a5dddcd98ad4905678e,3828833eaa94989b67eb1cf7e5f84524,delivered,2017-11-21 10:16:47,2017-11-23 02:38:30,2017-11-24 21:49:31,2017-12-07 10:05:41,2017-12-07,e95ee26dc2deadf1d73c8678f82e44d9,2017-11-21
e6d3b5b66f40a99ac01da49f4c543e36,5ad1822b8f9f79c3b54bcc1346280bcc,delivered,2018-04-19 07:24:54,2018-04-19 07:35:09,2018-04-20 22:26:20,2018-04-26 12:22:04,2018-05-14,73b8cd05f8b04f402a513776ed53f5e0,2018-04-19
a3761cb6b3883a498fb7fdc5833dcfc7,55df82d9ca2503a4c310c29711f5bf99,delivered,2018-03-13 19:06:38,2018-03-13 19:29:26,2018-03-15 00:52:23,2018-04-11 14:58:32,2018-04-25,ac163d5daa3ed7728989d4049eb6fbfc,2018-03-13
a5d15a04b449d50c1c003aa310e67649,bdb7900162ab12a8d513a360dbca93d1,delivered,2018-08-11 16:13:27,2018-08-11 16:25:10,2018-08-22 13:35:00,2018-08-29 17:24:43,2018-09-28,42bb902a6bb8846bd157d39bccc2fd68,2018-08-11
4533633faea8cc724b34db6788786b5c,f0bb4efad51f4c443c8d80330dbb5bdb,delivered,2018-03-29 18:08:00,2018-03-30 23:15:11,2018-04-04 01:22:38,2018-04-05 19:51:41,2018-04-20,7fffdbfdb2ad76e8b7e3555c6520e0eb,2018-03-29
5551af3c5c287246cc239e923963ef6c,1de5807441f95aea250436dfeded7acf,delivered,2018-06-10 13:43:30,2018-06-12 22:01:47,2018-06-13 14:57:00,2018-06-20 15:08:29,2018-07-16,d065a4dc833c057488f8c8831927c496,2018-06-10
8bfc859f734def7a579d24fe9b618da3,5b31d1ba9e2b08086f398b79477962d7,delivered,2018-08-15 20:51:44,2018-08-17 03:09:40,2018-08-17 13:17:00,2018-08-29 17:25:48,2018-08-31,f11555b4396eaa69a4c0980aa3522648,2018-08-15
6fcbcb1f955446e907a02e03b1808d25,895434c8d9230fae601c1d97c1bb7b38,delivered,2018-04-29 22:31:37,2018-04-29 22:54:54,2018-04-30 15:05:00,2018-05-03 15:03:29,2018-05-25,c08a1a1b4aae4ec2e11ac593bf7a65df,2018-04-29
827d8ae687faef2e9c2bc79196b26f6e,bb837c97a08ecdabcf131bfd33098c27,delivered,2018-01-16 15:06:44,2018-01-17 03:34:38,2018-01-17 17:22:32,2018-01-24 17:18:57,2018-02-06,2910d75e440fa3665195c16cefeb5618,2018-01-16
f3d641d9bf49ba992b999d270bef052b,8c7986a8516cd0fca2760e8cd92acfdc,delivered,2018-04-02 20:32:50,2018-04-03 20:30:13,2018-04-18 17:14:52,2018-05-04 23:22:17,2018-04-24,d399fa2119d7420b2b03e33536b7f549,2018-04-02
3f5ee98124031535645a99b8c198833f,69102d5701c84308921872f27b7f77c0,delivered,2018-06-29 08:16:35,2018-06-29 08:35:17,2018-06-29 15:20:00,2018-07-10 14:04:57,2018-08-03,c4ff0cebe7c2c7225d99c8a01d7b2668,2018-06-29
452994e9759d6496b4b9667faf1c7af4,09b38464eb15dc38f7388212f156d894,delivered,2017-09-26 00:23:35,2017-09-26 01:00:14,2017-09-27 19:03:49,2017-09-29 15:13:33,2017-10-18,f98b5b5ddcbbba6ad958d7356d14af69,2017-09-26
c95839b7dde4af387d35f35a382c512e,9035b9048ae02fc3b54e4f46e0cb9628,delivered,2017-12-20 21:37:35,2017-12-20 21:49:58,2017-12-21 17:59:52,2017-12-27 21:39:04,2018-01-09,bc78253a365ca27ac64b86faa082a834,2017-12-20
e87da23aab323df28deb2e98d41a3fb0,e530863105eede13aab60014aa569bd7,delivered,2018-04-24 20:07:22,2018-04-24 20:33:39,2018-04-25 12:09:00,2018-05-04 18:58:42,2018-05-23,b1fc5d54fc2cf731201d449508cc9109,2018-04-24
89b1385eac49c53b0d3946b29ee312a9,a7eae568f0a8e07d1213cb5c98f53a23,delivered,2018-06-13 22:03:50,2018-06-13 22:38:47,2018-06-20 11:25:00,2018-06-21 14:32:38,2018-06-29,c66566fe043a2ddfa3d91b5b8a13e77e,2018-06-13
fca0397489a3333e988ec1218efe40b6,27b295de7abd15ea08c2dcaebb4a3666,delivered,2018-04-02 17:34:41,2018-04-02 17:49:08,2018-04-03 21:44:45,2018-04-09 14:51:44,2018-04-18,a0d44d593fe455c0ec7ed8f4715190cb,2018-04-02
bb9bdfcd9397da3c8481ef70b92df0c0,e3e5c15c73942261d698533066c9c3d8,delivered,2017-11-08 02:07:46,2017-11-08 02:26:25,2017-11-08 14:58:54,2017-11-09 17:44:52,2017-11-22,2a34af7c4b1b83d78b14cf6b9c32c3b9,2017-11-08
423557ab2406aca36516f1d1b9765ae7,94273e2b4bf5b5d2cbc3af09a36ddcca,delivered,2017-02-05 12:18:08,2017-02-05 12:30:41,2017-02-07 18:14:43,2017-02-13 10:54:13,2017-03-03,2a9740b80f4bf690a9f5bdece3b5fbc3,2017-02-05
da5839ce50528e73a7b48bd91613d715,8410370c867c4cae1510ff62163cec28,delivered,2018-01-21 11:08:14,2018-01-23 03:36:47,2018-01-24 01:09:36,2018-01-30 19:08:57,2018-02-14,07f128adacba85a6424f2f160812f487,2018-01-21
30dbb7bb7d4c27c3efd6ab7c9c27f9d0,d800694241d296896d49848bb19c62a5,delivered,2018-04-03 11:53:18,2018-04-04 03:29:28,2018-04-04 20:58:48,2018-04-06 20:04:47,2018-04-13,6320304c0bed4ea461d256379a65d231,2018-04-03
c2dd9179058f80c2932abec56feb7b7e,7ff339e9bc25bd16cf4d52a133e3b54a,delivered,2018-01-26 19:00:49,2018-01-26 19:18:19,2018-01-31 20:07:26,2018-02-02 21:13:08,2018-02-14,8ce7dc6285c8e719260ecca92512265d,2018-01-26
c21fcb36121a9b1c65eed7b20f0862bd,9b8af4016c309c2f095b858fe4d6d551,delivered,2018-07-23 12:20:12,2018-07-23 15:33:16,2018-07-24 13:57:00,2018-08-01 23:06:52,2018-08-28,09928c4afa1c45cfcf099b3b13889719,2018-07-23
9e3e7df33c7dfa9804a566b2b73e94d4,60a680ef34cdf01c83fa9e338954b8e9,delivered,2017-06-02 11:59:53,2017-06-02 13:05:34,2017-06-06 04:49:58,2017-06-14 15:43:32,2017-06-27,447d2dbb488202b49beb8d6473fcf17f,2017-06-02
458e6791b5c8c62d0a48aae7f660b637,edb2c9160f064e4ef7bcd2b48722e399,delivered,2018-08-21 11:21:23,2018-08-21 11:31:17,2018-08-22 10:06:00,2018-08-28 19:51:56,2018-09-06,397567bb88c56e494c4b4173b676266e,2018-08-21
2373908388bcaa9a225c34e33d9e9f0d,d57d800819fe0e64bbd7b60653cb4168,delivered,2017-11-05 15:52:26,2017-11-06 21:36:24,2017-11-21 15:09:07,2017-11-22 21:14:39,2017-11-27,3906f8113531d94413a0b6b7cbe11bef,2017-11-05
bf9acc5990b6873d744ebdbf14a73a92,d114e26102a11cbc6e7b8c37821d1aa5,delivered,2017-04-20 11:33:57,2017-04-20 11:50:14,2017-04-27 06:44:04,2017-05-09 09:20:07,2017-05-30,b0cb09eb848eddd6485a6a38e5a2f134,2017-04-20
c43e62f314e84c60a3721d60017eff7f,5d298dce585ab9711f691fa5c1c22ee9,delivered,2017-11-28 21:52:00,2017-11-28 22:17:01,2017-11-29 18:22:55,2017-12-20 21:39:07,2017-12-21,0c3a1c1585e96999bdaf83732d1fe234,2017-11-28
a1238d801729f0d9e4e905696a213eb8,0098400373e087d3c231fb5d37834fde,delivered,2017-03-23 18:28:32,2017-03-23 18:42:50,2017-03-24 09:51:08,2017-04-05 10:14:16,2017-04-20,b66ebea9fad19535d1134154668d4129,2017-03-23
a2538594406c450266b29fb9a0338424,f51892a5889a968eb6dfbac2cf946946,delivered,2018-08-21 21:15:52,2018-08-21 21:30:18,2018-08-22 10:16:00,2018-08-24 01:21:41,2018-08-24,be76535b02e7930b45c93e87d4d5049b,2018-08-21
8b249044e8ce6377509b32dc840bfe76,892a57422d5ac192f783945dd2aadaeb,delivered,2018-08-02 12:06:58,2018-08-03 07:45:12,2018-08-09 15:57:00,2018-08-20 22:47:46,2018-08-31,37e17edc107a2e3feecf9514f555b5c3,2018-08-02
0577713eb945f355426be26104c26b77,e156056171de3be3501585f3146ad708,delivered,2017-04-23 01:17:39,2017-04-23 01:30:14,2017-04-25 07:17:37,2017-05-19 08:35:31,2017-05-19,093cfe240a2714354fc5138411f9ae50,2017-04-23
fe5934ce67c87c337cf9c8575d7772a0,a271cc85337445daaac5f4c73fa27f5c,delivered,2018-05-01 20:58:47,2018-05-01 21:12:31,2018-05-02 15:04:00,2018-05-04 17:21:23,2018-05-15,8f0273ca8405a143a3b7feeea9be23b5,2018-05-01
a55b72ebbf51055b6c5b083edbf8bfa2,fcfe3e1db275c2d865a98eeb413bc26a,delivered,2017-02-15 14:37:36,2017-02-15 14:50:14,2017-02-17 08:53:46,2017-02-21 13:43:58,2017-03-17,da2b78576894a7f95d45bfd20250cc54,2017-02-15
5e3f975c4be17dfadd26987a66fd8061,964ebd7e857274053c42c942c13be832,delivered,2017-06-06 12:14:02,2017-06-07 09:55:16,2017-06-21 10:05:30,2017-07-04 14:45:49,2017-06-27,b48ae2720451750352628377eab83ea8,2017-06-06
b13ea375fe9c728832688264638f84cf,0dc5884bc5ffba283678229f27e07ff9,canceled,2018-08-22 18:52:29,,,,2018-09-19,9075f7211578ba5165cbd7fb49947eba,2018-08-22
c6b85930220a1a577a8a8352c7dba78f,715d679d44d3aee77a9592f6fd8c26f9,delivered,2017-11-17 15:28:17,2017-11-17 15:47:45,2017-11-22 14:41:42,2017-12-08 05:48:39,2017-12-27,89995a85ec4c21db428413aed387c451,2017-11-17
465b896aa34a4d4f8c359165ee6f066c,652590e825b424ac6fd3eb87ebe70f59,delivered,2017-11-24 16:15:05,2017-11-24 20:13:26,2017-11-29 15:26:47,2017-11-30 19:34:51,2017-12-08,c802e50d933f12271605d5fe61f36caa,2017-11-24
6b63a86619f7d34ada48e141f2b568f1,b4926372ebaaa9b32844322e6b094162,delivered,2017-11-30 10:14:09,2017-11-30 10:32:20,2017-12-01 17:48:47,2017-12-09 09:42:02,2017-12-27,3a5af37b62b6d963e8813dbac7763416,2017-11-30
6c5222e0550b757a63908aa2f0cacf95,a0d7296689347a9f6c7a89b03281db68,delivered,2017-11-11 15:53:40,2017-11-11 16:10:40,2017-11-16 23:29:30,2017-11-27 19:58:30,2017-12-12,e43bc7bbe7b392fe9e923e936524ef5e,2017-11-11
48f1b7e26f84f55846f1d003e3e6170c,e4c14fd70ffb6e4e39eb6c5ed08d08c2,delivered,2018-08-07 16:33:44,2018-08-09 04:05:22,2018-08-09 11:57:00,2018-08-13 19:11:54,2018-08-27,b40da3a9dd4fb291f7250036dd13fb1d,2018-08-07
64cc5eadd86b15a6b38bddbeb61ef944,a1188e9345ab24476119f9fedd151813,delivered,2017-11-24 16:40:20,2017-11-28 02:59:34,2017-12-01 19:09:07,2017-12-04 19:32:45,2017-12-08,865beeccce9e5e942d09075165302d8d,2017-11-24
2e2e5704a61134b26dfce687c6e56c8c,df0d4b8e8a3e8db72951d7559f3bda46,delivered,2018-05-04 21:00:10,2018-05-04 21:10:21,2018-05-07 11:50:00,2018-05-14 22:31:56,2018-05-25,2cbdd1cbe1695df917f0f720f4b6449c,2018-05-04
c7d39a7f0c5d83662fa4c587f21f5d82,28be7384bc15f338544d3629de94d22e,delivered,2017-11-02 11:23:14,2017-11-02 11:30:36,2017-11-04 08:17:25,2017-11-07 17:37:05,2017-11-16,8337b30c655f04397bf9d00091475419,2017-11-02
f90bee02f28c0067f1eaacdf188007b4,81aacb01330a99ba172ab125371d356c,delivered,2018-06-11 11:17:59,2018-06-11 11:40:18,2018-06-11 15:52:00,2018-06-29 13:36:26,2018-07-12,5c76d8bdec8e69f3bf4bcc379e72a865,2018-06-11
0e790632306835c4529ff1b46c135910,16a8333e3412a1d85a7b281cb3b36894,delivered,2018-03-08 16:00:39,2018-03-08 17:00:22,2018-03-09 20:48:43,2018-03-16 20:57:37,2018-03-29,d78f4365549c3be70fafb346f906af2e,2018-03-08
953e1e0627386608dd2ac2670d72950f,d89f3ead705781b92c6839ac8c9695ce,delivered,2018-02-08 23:20:32,2018-02-08 23:35:36,2018-02-09 18:48:31,2018-02-14 18:49:49,2018-02-22,9abcde7f53b638ba7990754105e300a0,2018-02-08
eb0f435a0e25da756bb8870a2ab5bbcd,f07d418d817c1bc9c6a94d2890d831b9,delivered,2017-06-18 14:46:51,2017-06-18 15:04:27,2017-06-19 12:59:49,2017-06-19 21:03:09,2017-07-11,8868399bd5c6eaf593c73f29ff6bb1e2,2017-06-18
1f21b692c9d8f0368278413ecd0878f3,f6d01e6dfb9a211be352a82eda1afca2,delivered,2017-03-04 16:52:43,2017-03-04 17:05:13,2017-03-14 10:25:45,2017-03-19 06:42:01,2017-03-27,cf512cfdf59fee3876844764595d3fff,2017-03-04
6700e4a77b114b2f0fac57e19e6182d6,871d486e1b7f81d41839e0ddee6cf90a,delivered,2018-01-14 13:21:54,2018-01-16 03:35:39,2018-01-17 19:19:06,2018-01-31 01:21:40,2018-02-05,15bc2114da1fbf104a7caabd79ee87c6,2018-01-14
748501d017db167d2dfb7720aa4dd21b,8db0be73eebc0c7a758ffbcdbade580d,delivered,2018-08-01 13:30:49,2018-08-01 13:44:25,2018-08-02 14:03:00,2018-08-13 14:47:27,2018-08-20,c70bfc4b936709e674c7df6068ba116f,2018-08-01
f3069a416e71d0fd68d9489752b6fe41,0f8241184942ac488940fe4fdbb6ec84,processing,2017-10-01 15:33:50,2017-10-01 15:50:55,,,2017-10-27,1cc6ca3e40bc03bcd2e554fbe370433e,2017-10-01
7563534c425e6edb193376cf1103be5f,7ac9f5db5ba082ff9908bb4c5a3bb081,delivered,2017-08-29 17:06:45,2017-08-30 02:15:59,2017-08-30 20:27:58,2017-09-11 21:07:55,2017-09-21,5977d1e8a56fbc27e8675758c2ef7b81,2017-08-29
b82e534d287170368e83fab61e685fc3,55b6a9a61de79fa7e7f0b659c603cb1e,delivered,2018-03-15 15:03:09,2018-03-15 15:15:45,2018-03-16 19:36:40,2018-03-21 19:48:28,2018-04-03,066c700f59d3849deebee44bc2f83ebc,2018-03-15
1bf942e8c5d1022f7a1b864e32041e7d,5cb81c242600b383ec83559f321744a0,delivered,2017-12-18 20:42:14,2017-12-18 21:51:46,2017-12-20 18:10:13,2017-12-23 14:57:34,2018-01-19,5a5d23db7ec2b28b8735f7319d528dbe,2017-12-18
f8443fdcccdae6a20d6371dd8a9e63b2,c2ad4e5180a7b403cd487e1146d85e1d,delivered,2017-08-27 13:14:04,2017-08-27 13:25:13,2017-09-01 18:12:14,2017-09-02 14:14:43,2017-09-13,400cf532ea26ce3c6c44ddea44202ab6,2017-08-27
0dab99a238b965b106fea183eccaee3b,61785716554ceab5dd02f81e6da75309,delivered,2017-07-11 12:41:24,2017-07-11 12:50:23,2017-07-12 15:13:38,2017-07-21 16:47:45,2017-08-02,2c3a5fa3cac8eab6568cf47c4f7f6624,2017-07-11
6718a9b577ce4d3dfbdbdc7d3ec97cb6,fc994762aef90ce03ebbd762f8097fa4,delivered,2018-03-05 12:55:58,2018-03-05 14:20:24,2018-03-07 21:38:42,2018-03-26 23:33:19,2018-04-06,03e990124fb8dfe30716b4237eceaa9b,2018-03-05
66f590d82872f3771232770be92a8d0d,508302a8f9d5d4bd3d29d770286549ac,delivered,2018-02-26 17:21:52,2018-02-27 05:30:56,2018-02-27 18:51:32,2018-03-05 11:17:04,2018-04-02,f34748d5989b5cc736a0061dee1c9e34,2018-02-26
64bf74354f2ce35678e99356584d3a2f,d9a3ae847a0ccf1d9b32bc34005d0cfc,delivered,2017-10-11 11:05:30,2017-10-11 11:29:54,2017-10-24 19:37:53,2017-10-26 23:03:11,2017-10-24,3160d045339a86518702dd3aa75d7b78,2017-10-11
187a17302afec3ad360e610e19e455cc,4fa7e6404524c09c8580c0c8321e5d73,delivered,2018-07-17 11:11:38,2018-07-17 11:21:18,2018-07-18 15:14:00,2018-07-20 17:48:34,2018-07-26,cad11c2ff6ad11e38a5fd8b8e2d079fd,2018-07-17
bcd65d5c97ac448bb3efc90b759909fd,b6ba3ad41b033a7f107aabad3dabff93,unavailable,2018-07-20 16:24:23,2018-07-20 16:44:16,,,2018-08-01,516aae6b5114b40f0c423bcec3f73bc3,2018-07-20
db64746e7060aada6cbe3d0ff34f0cdc,53849dfbee2387632eef6ed7f4deb3dc,delivered,2017-03-01 21:44:15,2017-03-01 21:55:16,2017-03-02 07:59:44,2017-03-20 09:58:02,2017-03-24,273a1f5b9953aac34f2c846403614771,2017-03-01
c28c74ee5fb4a731178895058c0de619,95a9b81cce2d0d0b67b3896cb2523b2e,delivered,2018-06-10 19:54:44,2018-06-10 20:17:40,2018-06-11 14:29:00,2018-07-11 23:51:39,2018-07-16,4dc97210cddbf67b977de29abd35eece,2018-06-10
db963ee03edcabe98f2df559e84a353f,b42a2f223241f042b0105d8656a450c5,delivered,2017-07-25 17:28:52,2017-07-26 17:35:20,2017-07-27 17:39:38,2017-08-02 15:03:43,2017-08-07,9c3b8b30a6b28a14aa21e3ecaf2fadf8,2017-07-25
708c129b280e719faa3988c41374d4fd,9e766dbda271a8011362c57f316bbf67,delivered,2018-03-05 09:14:28,2018-03-05 10:00:28,2018-03-06 02:37:24,2018-03-14 14:18:37,2018-03-21,f6da5ed92e9091f6dc98d4f3aeac6a60,2018-03-05
8935002f6aeb70c31fbf1a73f22b4f29,b2ffa78a19812f6ecac1f80976998539,delivered,2018-01-31 13:39:42,2018-01-31 13:55:34,2018-02-01 18:37:52,2018-02-02 19:47:26,2018-02-16,55bbbcb4a9186186167ee9043b98510c,2018-01-31
c60c60940d6eaab173201faf9bf1276c,0af1c58b035366f36dfa7bdde00b27ca,delivered,2017-09-22 12:22:40,2017-09-26 03:56:23,2017-09-27 19:52:01,2017-10-03 12:46:13,2017-10-09,a41b86830f14039dc56fb5a1879879e9,2017-09-22
9c2b756025a127a4db2a4b13281664f6,e63ac7635328dfbafcbf35b350eb1b4f,delivered,2018-02-25 13:02:15,2018-02-25 13:15:33,2018-02-26 15:37:23,2018-03-23 18:41:57,2018-03-19,986ce405ebbdc4183571a1e297e54460,2018-02-25
44ffd19b3bd3915642db0231344b8b0f,2b7205e135a29c8709e4fc061f25c750,delivered,2017-12-17 22:47:33,2017-12-17 23:53:52,2017-12-19 21:27:43,2017-12-21 02:11:00,2018-01-05,26ff795fbd492eb47b06f47795134bff,2017-12-17
ce18cf057088cf275c41fc9510ed53ad,6eecb45e1c147bc42841894ff03b9e0f,delivered,2018-08-03 10:41:12,2018-08-03 10:55:19,2018-08-03 14:49:00,2018-08-08 18:38:32,2018-08-15,9f67aa18a87ea9a76854deeb9385c011,2018-08-03
e3cabd867d0bc59470f4c3d24a7b2f2b,417cbdf3941b9b69c3478ea8ec14de95,delivered,2017-06-03 11:32:48,2017-06-03 11:43:01,2017-06-05 13:47:56,2017-06-12 13:53:58,2017-06-28,c62c0bf678e72761c14d71793c64136e,2017-06-03
c7517b3306b2a226bce545f9716dd360,a6bc6a07c33fbae6ac2500e253ad4a66,delivered,2018-07-17 17:47:23,2018-07-18 17:55:25,2018-07-19 11:10:00,2018-07-25 15:22:01,2018-08-08,87405287e4eacd8bb0c09052e9c8ab73,2018-07-17
53a9c421cf0e7129393a754a4d15b935,d62fd1ba5a58e7a42486a17b634cca64,delivered,2018-08-19 15:25:06,2018-08-20 12:15:12,2018-08-20 11:30:00,2018-08-28 21:12:39,2018-09-05,e76c8258cfa1b0c9ed716977fb84f0c8,2018-08-19
30207f5d26e6ca2cb7ef1b25fa2585cc,d3f97856abef8923cb180cca3f197823,delivered,2017-06-02 09:54:08,2017-06-02 10:05:20,2017-06-02 14:49:02,2017-06-08 14:35:43,2017-06-27,0570089e1e1b3cf57b7f7d545cb204aa,2017-06-02
da0e581c499ee074995f6e997ae5cb15,a19929855f24036f9688d55c778eaa48,delivered,2017-10-12 13:29:49,2017-10-12 13:49:12,2017-10-17 18:27:00,2017-10-18 23:52:55,2017-10-25,cdb72728a4199830c46025ab3cdb5afd,2017-10-12
6bf889c14abae234b970354de7914c61,4374a2a34bb261daa66f8c87672c2d54,delivered,2017-09-05 11:29:20,2017-09-06 11:35:12,2017-09-06 23:32:53,2017-09-18 20:16:59,2017-09-25,937f16b584dd395ce455ef468322b27f,2017-09-05
328b85959fc0ec5703ffab3ce8703c26,23cda6d7597dc4d07879d7632b2dc458,delivered,2018-03-16 06:19:20,2018-03-18 12:28:05,2018-03-19 18:18:41,2018-04-04 18:04:29,2018-04-10,85a3d153f16a1f00c32905725d1e3b81,2018-03-16
bcc7f6ccd348b4d5bf8f4f7f63d4b7ef,1e73191ece95714fe9d6527505c55807,delivered,2018-08-18 18:30:33,2018-08-18 18:49:26,2018-08-20 16:44:00,2018-08-24 16:42:20,2018-09-06,14f7c220b4e0b529cb23021b2fb9284e,2018-08-18
4e184878c2c61e669ffa5918c089c73f,cf2020e61626601104dc9587940dcf2f,delivered,2018-04-29 23:08:21,2018-05-01 05:55:14,2018-05-03 13:19:00,2018-05-05 18:18:23,2018-05-17,e9c60120b92bd4db7a31c61afb598b2f,2018-04-29
679783b320e587d8e1c9e0dcb2421539,305f736d2711641a06f6a9c9bd837b00,delivered,2018-08-01 23:01:03,2018-08-01 23:15:15,2018-08-02 15:21:00,2018-08-20 21:56:48,2018-09-05,adc650abc7894831caafbf528540e9ea,2018-08-01
560c623fdd94c3bbcdb7e9f7b130cdf5,3dcd52c8a89d3dbea71bf36c908d8410,delivered,2018-08-21 08:52:46,2018-08-21 09:10:52,2018-08-22 08:07:00,2018-08-23 20:54:37,2018-08-27,2deeacd4088ed129cde8cdeccdd46261,2018-08-21
b490f4ee602a5065a34482b65e8a4114,066d514a8533ab695dd9c730aec73260,delivered,2017-08-07 22:37:51,2017-08-08 04:25:36,2017-08-11 18:58:16,2017-08-18 20:02:58,2017-09-08,14e1bf91e4bb789e2bd29fc22f926742,2017-08-07
02440f65dc09737b491463739c347446,53997caa650ff808a586d343b0789fd1,delivered,2018-02-26 09:57:21,2018-02-26 10:16:19,2018-03-02 20:44:44,2018-04-03 20:38:46,2018-03-19,4ca8854dd8e7df762fdaa3141840c47a,2018-02-26
09badf53476a6bda72b4728e858a3433,9872961494c04c3939cc4fa43bfaeb75,delivered,2018-02-05 13:51:27,2018-02-05 14:10:47,2018-02-06 16:04:24,2018-02-19 19:40:19,2018-03-01,2fafff68ec29779e3b19a41f71fba0bb,2018-02-05
b78fe1174e6aedc9d2a90f6b36f02bb2,30dbe53824b3fc7614a23fdfffe04359,delivered,2017-09-19 08:38:23,2017-09-19 08:50:13,2017-09-19 16:27:39,2017-09-23 10:09:08,2017-10-09,71e324d4444cbd2ce5e61fa48dd434cf,2017-09-19
c5fd5386640ddd76adc482b72d24a02b,1317dfa9a96a4af1ad9bf06a6f12f1f5,delivered,2018-08-06 05:20:01,2018-08-06 05:35:14,2018-08-06 15:38:00,2018-08-08 13:41:36,2018-08-13,525eb1a84ca6c1c0df03dcafaf9c0afc,2018-08-06
b6e424878cf41a8038e095a39f6b790e,8d991e6c4ff2941df77318c4d01811e6,delivered,2017-10-08 12:54:49,2017-10-10 04:08:11,2017-10-20 19:13:01,2017-10-26 16:43:48,2017-11-08,65c6f2611ebf8f84429aaa89f749b17c,2017-10-08
60649d0d9e4157baeb059b34cf7d9b42,60a108918a0ccf4076b95c0614d27870,delivered,2018-02-07 09:27:34,2018-02-07 09:36:09,2018-02-08 19:41:37,2018-02-16 09:09:14,2018-03-06,4924386ba057ca5bb978f15e72bdead6,2018-02-07
f8064d75afcef1bab867ff6ca9b829b7,bcea0e501f387ea1941aff7b357c316d,delivered,2017-08-31 12:29:34,2017-09-01 12:44:59,2017-09-06 23:42:52,2017-09-11 20:03:31,2017-09-19,e185c409705237e14313f1ea04f1699d,2017-08-31
3086869d9ce957007e5ac7f36ad0d21a,cb921c583eebff7f0faa42afc1c8e124,delivered,2018-03-28 13:55:28,2018-03-28 14:08:50,2018-04-03 02:16:37,2018-04-06 20:38:25,2018-04-11,0807baeeeaa1309effbd9a9dee41ab17,2018-03-28
61c7b1cf28b58654fe411aaf87fe249d,6e686969d9b330c98d2739cc5d877e75,delivered,2017-12-15 13:05:55,2017-12-15 13:13:10,2017-12-20 22:24:57,2018-01-03 22:36:12,2018-01-15,4a6fff622461f273bb0403682367d059,2017-12-15
4d7e10ed70b8c2358e94850352bb490b,e069403a6b4ae1e82fbbee620ae3d253,delivered,2017-06-15 20:23:00,2017-06-17 03:50:03,2017-06-19 17:43:37,2017-06-29 14:41:49,2017-07-19,63fa3dad6bde01314fc7e125df83fd00,2017-06-15
0b3b5e521f3ad8a57d4c4bcdc034446c,7905466cd09e084e02563c8473d9397d,delivered,2017-03-22 22:47:42,2017-03-22 22:47:42,2017-03-24 11:36:26,2017-03-31 13:04:25,2017-04-12,5c172742a150b58f4407bc5f87adaa00,2017-03-22
e88bd747b9aaa829eac8fcf95461862e,38b857bf309ad47d4c4340402274e90e,delivered,2017-10-21 11:29:06,2017-10-21 11:49:16,2017-10-23 15:25:49,2017-10-30 19:57:44,2017-11-09,26de9a7bf14c1c971f6b4364f34b938b,2017-10-21
3789bf493d97b36ed2f5a866cc668abb,704a8cf1cb8d9dabf20a5e2cbeaae0ba,delivered,2018-08-05 16:57:29,2018-08-05 17:10:18,2018-08-06 14:58:00,2018-08-10 01:22:28,2018-08-14,8ce10399d5a3b5d565a348ba4cdfad9c,2018-08-05
1ab73bf6573a454e2ea4a88dea0ba430,62df31b53c3ec1fe05062ef34e35f2f4,delivered,2017-05-06 11:54:20,2017-05-06 13:01:19,2017-05-09 07:25:55,2017-05-22 13:42:28,2017-06-05,f8cc4ccf2ab328a1cef35f3617d7b19d,2017-05-06
3c22fe6868c666f6a4edc2c5456c26aa,45ac355881eae1380862dca061dac776,delivered,2017-11-28 19:15:34,2017-11-29 02:21:42,2017-11-30 15:19:15,2018-01-17 12:47:45,2017-12-20,1df8409f01b714da94bfe0f74cf7dc4f,2017-11-28
37ebc8f9d2308911382c1fd433ba3b7a,c84f25af45aa6bade8bcc46f991c97c7,delivered,2018-01-31 14:16:10,2018-01-31 14:32:28,2018-02-05 22:52:55,2018-02-19 16:19:18,2018-02-23,ba17fa1c74cbcd675656a975e53877d5,2018-01-31
315d4a8c56ac24b18ec36eeaf486d4a5,022e192ec0af0a000a69f29bf633ffe4,delivered,2017-12-15 11:15:25,2017-12-15 11:32:01,2017-12-20 18:42:10,2018-01-03 18:52:30,2018-01-10,92f5fadb37b942ea07696a7355b8d6a1,2017-12-15
d784639512baf997ba554af514e51246,8d776ed4b01be6ade388915380a7c6b9,delivered,2017-09-29 21:27:55,2017-10-03 03:56:26,2017-10-06 22:42:05,2017-11-16 23:02:26,2017-11-07,df096c34368fc3c803ea65b8eb1bb68a,2017-09-29
e4a8c46a68d36806c7eece77ed233a3d,7ee1519a04932fc747403d9f9a88128c,delivered,2017-11-10 16:16:24,2017-11-11 02:55:38,2017-12-14 14:52:12,2017-12-15 21:09:22,2017-12-07,809ce1ac1085b68cba28dcc31e08ac22,2017-11-10
572277c7077b3c381368920d578e0790,3405fe4705e91fb81b731c97b65310bb,delivered,2018-03-22 12:00:17,2018-03-22 12:15:41,2018-03-22 22:51:30,2018-04-02 14:37:03,2018-04-10,e6bfc657dec39a875b8d3e2d9fed8d62,2018-03-22
9a96cb87afd1a52ed560f0dba3de63ef,7777243b04d7bb4fd314227e2a7d9997,delivered,2018-05-20 16:01:20,2018-05-20 16:19:21,2018-05-21 14:32:00,2018-06-05 17:43:41,2018-06-06,3989cfd14391b8644422c0b34a5d3939,2018-05-20
e162ac83d9cf1ba96526e4cc7dc3e6b1,a71c8b5b9144227920fbb65d3de557c9,delivered,2017-12-02 17:12:18,2017-12-05 04:13:44,2017-12-07 15:28:41,2017-12-27 21:49:01,2018-01-02,3a1cfe3d5de2dab1db203bb8efb9d553,2017-12-02
71f1774048c60eba980279a3b19ba0fc,34b4cd430a4483d558e6a1f3bc94c88d,delivered,2018-02-20 10:27:28,2018-02-22 02:40:25,2018-02-27 21:22:28,2018-03-06 15:52:22,2018-03-12,0629b2e23c657cde1105b8282ba336ae,2018-02-20
fcf50b257e3e35c31244d4d78b760c44,f5e5fe72f9d970fc90546f2054e92c85,delivered,2018-03-07 09:44:27,2018-03-07 10:20:28,2018-03-13 18:58:31,2018-03-23 00:12:39,2018-04-02,20917cee243e32974933fca49feb2829,2018-03-07
958203017423df129c09a359f552907c,375478c8a0ad1c1b8a2c27cde81a25c4,delivered,2018-05-30 11:57:15,2018-05-30 12:17:17,2018-05-30 14:26:00,2018-06-06 14:16:35,2018-07-03,50b8f1b2deb925b4dcf09ac30eb85db7,2018-05-30
ce48e13a260d1585d74a5c4e0a830e6c,5552a11fd9f02c067bbdecaf9d85a5b7,delivered,2017-07-14 17:24:41,2017-07-15 03:25:41,2017-07-17 15:47:30,2017-07-27 14:42:09,2017-08-07,2246815f05219421500a868c4234c895,2017-07-14
2f3e2209a4db6baec6526ced407bbce9,29fe12563a56d3735707d3faed2c7292,delivered,2018-02-16 16:39:19,2018-02-16 16:56:10,2018-02-20 23:22:02,2018-02-23 01:22:53,2018-03-05,b3ce9054e198f044775f1b8b581c7911,2018-02-16
ce5f998d724ed1ac61c890e33b24a33f,56f1622201c6d8b17b1bc57367841538,delivered,2017-11-28 01:16:27,2017-11-28 01:36:27,2017-11-29 18:54:49,2017-12-02 18:04:15,2017-12-18,2dcbfb99d95c7ba6eb992a98627f45b8,2017-11-28
7cbc65f44f89c2a106408220f92ee3c7,a1ef1caae4bf10e4c9887f4981bc1002,delivered,2017-05-26 23:17:06,2017-05-26 23:25:12,2017-05-30 08:46:59,2017-06-07 15:15:32,2017-07-06,4eddf89504662ec9c357158c59863254,2017-05-26
f26b1f9ec4fda52abb40f124457b79c4,25e96ea17049e5c6afc22e3e400aae8e,delivered,2018-02-16 20:01:32,2018-02-16 20:10:27,2018-02-21 21:09:17,2018-02-28 23:32:57,2018-03-09,86f23d17b5a5127c1aba5087edd533d8,2018-02-16
06cbf106e272a3ec4e936665d4489591,6fe5e50362aff82c34c213c56574bd09,delivered,2017-11-29 16:14:04,2017-11-29 17:30:52,2017-12-02 16:44:48,2017-12-21 19:07:17,2017-12-27,3e323b291cb138aafc038becb865d171,2017-11-29
fdbab0ead1d866c97b54f7fbb3629096,b5bb2b17fd7e5eb79fa3f1091c6991f1,delivered,2017-11-27 21:37:11,2017-11-27 21:49:52,2017-11-28 20:59:13,2017-12-06 00:47:30,2017-12-21,1b1afd436a6335100e1c8dc15a2b7922,2017-11-27
a8e46b160afbe222158c657aebb0166c,256259930a0ca3c61844e90383be748d,delivered,2018-03-11 11:38:14,2018-03-11 11:49:36,2018-03-15 02:03:46,2018-04-02 20:58:34,2018-04-06,d0b5811a3a35f4934489c59f5667dae9,2018-03-11
bcca8157ee4f7b0cd2e0505b01764144,daab4685358496bbfd69f4c8f515f653,delivered,2017-11-07 21:31:13,2017-11-07 21:51:27,2017-11-08 19:35:38,2017-11-23 20:14:05,2017-12-04,b6f09a3b6557417c9175e038a17e6bca,2017-11-07
042ce41927758767ec2aa0de06486b4c,ffa8a2de48bb3fb30f0452c34d3b978d,processing,2017-12-01 10:39:13,2017-12-03 10:53:16,,,2017-12-29,1479d41bbd302e37d1316c996c1f55ae,2017-12-01
0d193d461bbcef442c5e6786a16d5bca,d316653e26343ebd09a65316574afd7b,delivered,2017-11-20 12:49:02,2017-11-20 13:16:44,2017-11-23 20:15:38,2017-11-27 22:47:34,2017-12-07,980097869b622b2054accc551ed1c86f,2017-11-20
0fc2805c054f060f9b7db454927b5024,3009498a7a49a1b61477ddf69ce3229b,delivered,2018-02-12 11:14:40,2018-02-12 11:28:08,2018-02-14 17:29:39,2018-03-11 16:50:33,2018-03-07,9d8f733fc90d46cc6aaf3252cfcb1545,2018-02-12
ef2b5fec0f07bc46dcc243b4df361988,ce965a35b8f462f3c7063723413d1374,delivered,2017-12-13 22:46:56,2017-12-13 22:56:28,2017-12-18 17:41:38,2017-12-26 18:12:42,2018-01-08,a0ed9938ec568e99c00e526d4edddeb7,2017-12-13
c152d21bf4fc58f89b8644af56cdc116,225c0949be781e5efb085b4dacb0a4a8,delivered,2018-01-13 13:26:35,2018-01-16 03:50:13,2018-01-16 19:17:23,2018-01-22 20:50:18,2018-02-05,4c49f71bf9f69f1396223ee87e07f726,2018-01-13
9ec97afb4b5c962313a6e146711f8334,d451ccb279c80235f4c4b9bc1c0bc79d,delivered,2017-05-23 11:09:34,2017-05-23 11:23:04,2017-05-24 16:52:24,2017-05-31 08:57:47,2017-06-20,237b5de0ef8f93ba5e0462378422dc70,2017-05-23
ae86dbc1549b4c0cb00dc0ea909fc6d2,2748df3a97f1a8f54195312846fe7917,shipped,2017-06-24 00:58:39,2017-06-24 01:05:08,2017-06-26 15:23:24,,2017-07-20,1c7a472b0cadf146922d61c04276e55c,2017-06-24
1529673c10a3ace0a6a5182963e93ad3,164a5e002d1556b4b5aaeb5d2ac1ef67,delivered,2018-06-04 11:45:52,2018-06-04 12:10:22,2018-06-06 06:22:00,2018-06-11 22:14:32,2018-07-16,a43bd8c4ff5e6e3ce37bd3fd797a439d,2018-06-04
46f36d95da75ced0462d57df904d36d0,06c629d842cb8236fceea0a9e90ccd1a,unavailable,2017-03-02 15:27:25,2017-03-02 15:35:19,,,2017-03-23,e62169ba0cb892e8e7b57e8602f8da7f,2017-03-02
1fa5ff94927b15bd84bba43684f8fa6e,aa6d96d0e25354fab970635297f96f7c,delivered,2017-08-11 13:30:14,2017-08-11 13:45:09,2017-08-15 14:22:25,2017-08-23 19:28:04,2017-09-06,88ed5da9b610ed59feb01e4eed5e4c2c,2017-08-11
08090fccbb124a320054723db6201076,a272379c2986937171771cd55ebd00ff,delivered,2017-11-26 19:13:20,2017-11-26 19:34:18,2017-11-30 21:52:24,2017-12-14 23:08:38,2017-12-20,145e875a57ee60b324e31dd3d6b24a3d,2017-11-26
41932b54e17f6ae1f4be1f8886f47883,6d7caf3c6d9820247a945d2be2ee8e18,delivered,2017-11-02 13:18:17,2017-11-02 13:25:46,2017-11-06 10:59:04,2017-11-16 19:26:47,2017-12-04,aeb8478d4eba0ec09751b4c9341b3cac,2017-11-02
c0e57db4a4a6ef32aa28911d1c07df81,9630893f817054e899ceb1c9a539817a,delivered,2018-05-26 18:41:31,2018-05-26 18:57:58,2018-05-28 14:02:00,2018-06-07 15:05:09,2018-06-29,95e854450814c0600dbd930cc927a83e,2018-05-26
cb33ba59f7f3b3d1f5caf3e8176551ea,7f3994454246f19eb6e9b1c52af0572d,delivered,2017-08-16 17:31:15,2017-08-18 02:30:33,2017-08-18 13:29:03,2017-09-04 19:10:09,2017-09-08,11d07d8ffcdb81279bb38d710648ce6f,2017-08-16
a7126b0cb60c6a688dfdac0b29f66f4c,c41a39d44789dfa58ded86a11abfc320,delivered,2017-07-16 20:05:12,2017-07-17 20:15:12,2017-07-18 18:56:52,2017-08-18 16:42:23,2017-08-18,04a24732681955f5daf4c435f5025743,2017-07-16
1d8c036b52411d073f99e9008d0cd0d4,59ca6e314a56185671def79aece91c09,delivered,2017-04-20 14:34:44,2017-04-20 14:50:17,2017-05-05 09:45:50,2017-05-10 11:07:55,2017-05-10,b3731fc14985e00b00a37b3ee70584a8,2017-04-20
427a7d86c1800330df14b3feb61f7254,692d619bc75c1973602f9e92f0690c23,delivered,2017-10-28 12:09:57,2017-10-28 12:26:18,2017-10-30 15:17:11,2017-11-07 19:21:33,2017-11-21,5d0a025a2f2bd75a48de87b18228e67a,2017-10-28
c1559efbfbb38d83f6280b505bd3e0df,750ff04084edf735dbe15e7765795ce9,delivered,2018-07-11 18:36:13,2018-07-11 18:50:14,2018-07-12 15:21:00,2018-07-13 23:21:22,2018-07-23,d2f2f9c150ecab358a53100f4b13f7cf,2018-07-11
b14de6bc86a59d15cc7fff0abbadbcdf,1e40d4f1a80740db28186721d9a53aee,delivered,2017-07-22 19:05:18,2017-07-22 19:15:08,2017-07-25 13:24:57,2017-08-01 19:42:22,2017-08-08,695950596e3d02cb9a663acae75bf98b,2017-07-22
dfd71e944918d4442a05232a620087cc,222e2f8a40cd10ba629a1bc6dd7848d2,delivered,2018-08-13 21:47:23,2018-08-13 22:04:17,2018-08-15 14:01:00,2018-08-21 15:57:38,2018-08-29,d1e4258972639ad1aeb4f5391e2fe666,2018-08-13
8299ae5e344b8553e8eacebd6018af5e,5b222737a3a5874ff3162df1ee6ae5c2,delivered,2017-11-29 18:09:37,2017-11-29 18:31:00,2017-12-06 00:38:52,2017-12-14 13:48:37,2017-12-22,90df730a12d231d7e596d2f0f314b86d,2017-11-29
dcc806fad366274f6fbfc81da473b307,0f0c9ca4e6328bcf59b283d3c02d6568,delivered,2017-12-01 18:14:34,2017-12-01 18:38:33,2017-12-06 20:03:08,2018-01-03 17:48:58,2017-12-26,76b7e0e8329b419ae445e9254a62b9a8,2017-12-01
9da52e96be91c3e6ed43b4bcfeba4ad5,998d1e672c845d38089a2e603b243a38,delivered,2018-04-22 17:13:22,2018-04-24 18:04:23,2018-04-24 19:31:32,2018-04-25 20:52:56,2018-05-09,5e702aef56ab73d6c6e7b870277edec9,2018-04-22
b95b454428554b28f33786b07e41edc4,40b3dfbf520c45c6107a0d749c13855d,delivered,2017-01-27 16:31:54,2017-01-27 17:31:39,2017-02-02 11:21:07,2017-02-13 11:53:47,2017-03-02,2205452883526d0f4dfe5f23ba2fd6d7,2017-01-27
e79714832b01797085c10409669150d5,be4bac7250c87be901bcda46aefafde6,delivered,2018-08-02 12:06:56,2018-08-02 13:05:56,2018-08-10 14:15:00,2018-08-13 16:12:25,2018-08-09,4985c6f86aaf1460d9b6fdc74465a5a5,2018-08-02
404400118a82aeeb44e856875c40f5e7,d464e9e9bbf4a24571dde33cae956db0,delivered,2018-05-02 09:27:02,2018-05-02 09:57:10,2018-05-03 07:49:00,2018-05-08 16:03:52,2018-06-01,5bc01c59a5e53b65fe0cef8f493dbde6,2018-05-02
76b47b741630b7b9d7ea28747cce5f50,d6a6573d697208be8079929f15a2c5a8,delivered,2018-02-18 19:45:15,2018-02-18 20:55:51,2018-02-20 20:45:00,2018-02-21 22:22:01,2018-03-05,b49039245ffe698470feceb016a8eefd,2018-02-18
83c7e450050581ef4de4b03199ccc1f1,9b43e2a62de9bab3ad220e858e95ccbc,delivered,2017-05-25 22:27:50,2017-05-27 16:35:16,2017-05-30 10:36:22,2017-06-06 13:38:21,2017-06-26,d425130be1b15a4580645e4a3c9b4768,2017-05-25
140b263288af3fc4f4b00c207639b37b,de0bac8d2ff6055f46241e3939e30a32,delivered,2017-03-21 13:40:15,2017-03-21 13:40:15,2017-03-23 11:16:38,2017-04-06 13:34:34,2017-04-11,beceaa52fb2f761e647222b3cf7ce0b2,2017-03-21
f299ec6360351d71a661e17e4322500c,5e4c9ec63bef151d6e87f1a96581b692,delivered,2018-08-02 23:14:00,2018-08-03 19:30:55,2018-08-06 06:28:00,2018-08-09 13:27:48,2018-08-20,53f83d958a9f00d0e7913a0e6261885d,2018-08-02
ef8ce968377e840a2be50d7c49a1f4ce,d262e8fcc210139d0efa2bf2a24fc0ea,delivered,2017-11-25 14:06:40,2017-11-25 14:17:53,2017-11-27 23:38:46,2017-12-06 22:42:34,2017-12-29,be09bc14d8a3f5cb25c70ec3ab757266,2017-11-25
1c0c64e9fc35fd7abcb34b394b1ce8e8,c7c33b8ff508961ccc53a5bc09d90761,delivered,2017-11-19 15:53:23,2017-11-19 16:06:38,2017-11-20 21:27:02,2017-11-30 20:47:07,2017-12-14,feae7ffdb1899fb29dc34b1ff3f9b5b5,2017-11-19
b32b3375c9aee9e103b0c8ef64af9087,814ce562d2427d9ab15fc001a783d2f7,shipped,2017-11-24 11:54:58,2017-11-24 14:37:09,2017-11-28 18:06:50,,2017-12-08,99bd83b8cefdaa2b4b9e24df303999e5,2017-11-24
94559fe2283a8ce81e14d3fee1d4e928,075ad0fda24dab7269482d16b193c87d,delivered,2017-08-19 21:22:17,2017-08-19 21:35:16,2017-08-21 20:27:56,2017-08-22 14:56:58,2017-09-01,483ccebb9c42ae89d35740fadc153835,2017-08-19
be2c6e8995f1834bb439041b254f9662,330a6da5dc55174ac54298ac57c07be1,delivered,2018-01-29 17:09:54,2018-01-29 17:31:56,2018-01-31 22:46:10,2018-02-06 20:49:57,2018-02-20,7a19f3fff09616cbb1cf8fdaa05ae032,2018-01-29
3d4f72b7f014eaf7b6d68f504feef55c,955ed876526cd81bbac363ba0036492e,delivered,2018-02-11 13:34:44,2018-02-11 13:45:22,2018-02-16 23:10:05,2018-02-21 00:22:19,2018-03-21,4aa7f7811fa2ee7f7966c87232e073b3,2018-02-11
4ea7a0509e9dc440b977de71fe9128cb,cfd4dd73c91fba5ba6772df1a5aeb40d,delivered,2018-08-18 11:30:57,2018-08-18 11:50:57,2018-08-20 12:41:00,2018-08-24 13:56:44,2018-08-29,67864845a751540781a1bb2dd2e1ab1c,2018-08-18
fdb987001ececccfd2e9320c8115d125,354e7ab465a3fe3f1cab183fa4df7bbf,delivered,2018-06-11 08:33:35,2018-06-11 08:58:15,2018-06-11 12:10:00,2018-06-15 14:58:36,2018-07-11,05080e528ffd17731221b7eb05e9c026,2018-06-11
089e38da3f1d828e95e2117ba84af02d,a262ff96bd2edd5049f3e9a759232fe4,delivered,2018-02-28 14:23:31,2018-02-28 14:35:42,2018-03-01 23:15:34,2018-03-09 20:20:50,2018-04-10,f0e4503675216b3763cac5b231b4c053,2018-02-28
bab61aa88a055fe040e8868a7507921b,d0a2850b99e417938439abb2074bbb67,delivered,2017-06-29 21:22:46,2017-06-29 21:35:13,2017-07-03 10:42:09,2017-07-04 16:27:30,2017-07-12,053f7850c3ffd9726cff61c7e42af797,2017-06-29
65c1539b20cda15011ae449cc1378b5e,3c29da091612dc8d80ad42f5ca0373c6,delivered,2017-10-26 10:59:29,2017-10-27 10:55:52,2017-10-30 20:34:12,2017-11-01 16:45:42,2017-11-13,e0bff7f12e80edb92eb445eea812d9d6,2017-10-26
efb8dac7a0254c587d4004ae2b7a3b22,8708cba3fc19dd3882abcfd20b6229a1,delivered,2017-12-09 06:52:09,2017-12-09 12:51:09,2017-12-11 18:54:22,2017-12-19 15:19:02,2018-01-04,454c6584341c73204ed4f795e2946f56,2017-12-09
47dc3a1de5a0aec4323cdade0588655c,0031abfb953b66e998f67b09e7b11375,delivered,2018-01-23 13:57:55,2018-01-24 15:07:56,2018-01-25 23:21:17,2018-02-01 20:53:04,2018-02-20,431af5c5638973ed6e431618f318a0a2,2018-01-23
5c94016e2e826e386554fe7e183161e0,ebfdcae3d5d2907f9f860407e64869ed,delivered,2017-07-16 23:14:44,2017-07-18 05:50:44,2017-07-18 18:25:49,2017-07-24 21:05:57,2017-08-10,f5fed14b3b0f00d69196719fd821b26a,2017-07-16
da06df7d040d5e2bf092e9fc47954e43,29dbe12ea4f256a60ddbae03a3095483,delivered,2018-02-03 14:26:28,2018-02-03 14:49:36,2018-02-06 16:03:29,2018-02-22 13:36:51,2018-03-13,c4a0864ef7d2deb7cdb86898faf6ffa6,2018-02-03
377664a1152f18858e261b5ee3d434e3,b3fa452309a527f9ea9db283523da5ab,delivered,2017-09-18 17:40:22,2017-09-18 17:50:14,2017-09-19 17:52:26,2017-09-29 23:57:33,2017-10-09,41a77aa9a080384631eb2ab3f1ae24c6,2017-09-18
1aba60c04110bdd421b250ea33187a31,6be28898a686e866f6c992b45037d499,delivered,2017-04-18 21:20:40,2017-04-19 21:30:27,2017-04-26 18:48:01,2017-05-10 11:50:00,2017-05-18,e8f2f808befac3751a24bf41b69673f0,2017-04-18
44f6ad8b3c55a6b00f759cc0d0c77c3e,80539ad7394132cbb7d036fc3b0250ab,delivered,2018-05-03 23:21:13,2018-05-03 23:35:13,2018-05-04 14:12:00,2018-05-10 21:21:51,2018-05-23,b6ac8f7081ecad74edc6fd85aed8024c,2018-05-03
0db2c372f61e248e4401702d0ae47fef,e2d0342b86f07154dc8c13d41e36130c,delivered,2018-05-18 16:10:12,2018-05-18 16:35:08,2018-05-21 15:20:00,2018-06-04 15:21:01,2018-06-12,c17023c486178e5a5855ae4736d435fb,2018-05-18
cb146a1049b500293d63495c05722085,fc568bcf7ac0d77c0460a2565433aa88,delivered,2018-01-05 15:05:30,2018-01-05 16:09:05,2018-01-08 21:00:46,2018-01-18 21:28:35,2018-02-15,d29019c6fe58343d55caeb6f76ae2278,2018-01-05
3c8d31d8f2771d0a5bc2c936d5a1440b,0a221a23ca36b34f1636bfdd15dc97a2,delivered,2018-04-12 09:47:35,2018-04-12 10:10:47,2018-04-12 19:12:51,2018-04-17 16:48:17,2018-05-02,be40dd02e486b93b8b4128f2715cfdfe,2018-04-12
dff1532187e859496ef16857a44c3d9b,1879e758287c0d278ef4b40588ac9ddb,delivered,2017-12-12 07:56:37,2017-12-12 08:09:01,2017-12-15 02:09:34,2018-01-03 17:46:10,2018-01-05,43f9d5ace80c6d3c5c09544bc2fa8484,2017-12-12
f175c06d9a1a1c98a7ba8dd83950718f,6289cf6bd100be2499a029a27b1b5f26,delivered,2018-05-16 13:38:49,2018-05-16 13:59:41,2018-05-17 13:21:00,2018-05-28 17:36:45,2018-06-20,72e1dc93036a4285eecdd76ae6465ef8,2018-05-16
f5564350b619e47f43db5be6a5e9db8c,2a39071dde4051dd748fc79b21d6139b,delivered,2018-04-01 09:50:44,2018-04-01 10:35:09,2018-04-03 21:57:01,2018-04-11 23:44:22,2018-04-18,c7ba8f9f399ad1f57c6151986e42175d,2018-04-01
1aeb6136411ab7da012863ac27055dcf,afdbdd6ec103b8d9549f8ec395ed5671,delivered,2017-08-15 11:19:24,2017-08-15 11:45:20,2017-08-17 17:58:21,2017-08-25 23:42:22,2017-09-04,0cee82b00c2425e61081b7dfc85b248f,2017-08-15
a90935cd3ef2041119e57ab117b352c1,2322c0f516a8bad266c770d1150e55a4,delivered,2017-09-06 21:18:14,2017-09-06 21:30:17,2017-09-12 22:09:19,2017-09-22 13:29:41,2017-09-29,c5eb4ef20f1bb764daf1936474b5e629,2017-09-06
9e6e385a88dfaa08cf6fc6987f695a1a,d387f932b91dbe6ac83a90dec1147081,delivered,2017-09-28 15:22:54,2017-09-29 15:35:15,2017-10-02 16:05:08,2017-10-10 17:55:38,2017-10-20,b4941529220bac7ffeea84883ea9fc52,2017-09-28
b0c79f808d274a5fb07f15350111d490,bad71f25ef760fa92b33c67339f3df60,delivered,2018-04-19 17:43:10,2018-04-19 18:11:47,2018-04-20 21:28:55,2018-04-28 12:20:46,2018-05-15,ec1857e9f38a9fc1e288aeb48afda567,2018-04-19
ad48ecb306503a2b1707a029cc13a76c,7210b6a8ebad1b8ecb637c72f1f482c2,delivered,2017-05-09 11:39:21,2017-05-10 02:42:46,2017-05-11 12:37:57,2017-05-25 14:37:40,2017-06-08,b0ecafea73390cea9e4b6c6a8d7e8c14,2017-05-09
cddea1bd1a4801af96fb84aab51b00fa,92edd14dcd6f01f12fd2796ef22c2cca,delivered,2018-04-05 20:42:57,2018-04-05 21:49:16,2018-04-07 01:16:27,2018-04-19 00:34:41,2018-05-03,aee0c940f4ab71541887ec8e366b1e4c,2018-04-05
7badee5c2f143381b7002bfbba9037b8,7a95f1b494f0062025b63b3193421690,delivered,2017-06-14 13:40:50,2017-06-15 03:10:43,2017-06-16 14:38:42,2017-06-22 17:33:26,2017-07-07,279d9065b859d2c9caf96ce8b2d0c929,2017-06-14
36e78e784a4d494d933d65b28b7bca99,e713a9c8fd99c412865d2d3746b769d9,delivered,2018-06-26 09:43:53,2018-06-29 02:53:27,2018-07-02 12:17:00,2018-07-06 15:18:30,2018-07-11,619971e88ce09faa7047a97feb887755,2018-06-26
59969aa08998ef1dda379be25f84a6bf,666b6fa78c58b89047e516058ffaab77,delivered,2017-04-09 13:47:43,2017-04-09 14:04:57,2017-04-10 13:29:28,2017-04-17 19:03:15,2017-05-02,40610ee696b6cef76765f5dba81cca16,2017-04-09
baa236e595125eae9865b38b2f1b7240,b660db37d14a783ec1dd53491cdcfca3,delivered,2017-03-05 17:56:53,2017-03-05 18:05:15,2017-03-07 08:44:53,2017-03-10 06:47:42,2017-03-28,798521769d378407b587dcee426d9f56,2017-03-05
8055553b2ae501c44c4bf92a642bc14e,6cfb890091b47dfe00a2346e23a1db20,delivered,2017-06-21 14:29:10,2017-06-21 14:43:45,2017-06-23 11:57:58,2017-06-26 17:57:26,2017-07-05,f63fcf3596aa843b978f6c2edff4be06,2017-06-21
2e2cbb3249517eed43f1192508daa71a,f2a1d75b74d9ec748af88e894cd87597,delivered,2017-08-28 23:13:30,2017-08-28 23:25:42,2017-08-29 19:57:29,2017-09-08 20:41:48,2017-10-17,15ee900ec703c9a10082b12bcbdcb307,2017-08-28
408bba49e507e2efa9fbb77966ca4697,7ec34e03cfead59804e2ae99d09014a6,delivered,2017-09-29 20:34:06,2017-09-29 20:49:25,2017-10-04 11:07:14,2017-10-10 22:33:42,2017-10-31,e60599551efd9a16671ddf0668aea5f1,2017-09-29
93d16f5ff7e2ae4320139a6faf1a2716,99d9e376b9df229d383187e990a7c87a,delivered,2018-06-08 00:23:11,2018-06-09 01:31:35,2018-06-11 08:24:00,2018-06-12 23:04:10,2018-06-26,052def2a27b8894dd207c36345ce1e9c,2018-06-08
a1a904e8b9bcacd940d9e8f476467cce,e74cccae44bbcbe44359bc665e6caa19,delivered,2017-07-10 09:41:36,2017-07-10 09:55:14,2017-07-10 18:14:50,2017-07-18 18:53:53,2017-08-09,9f41be4770ba8418526ed3773650314c,2017-07-10
26bd26a21d87b4594128d26b3b24e8d8,630c5fcf5e565c1c985cd334317eb33c,delivered,2017-10-31 13:51:13,2017-11-01 14:31:32,2017-11-03 20:55:48,2017-11-17 20:32:46,2017-11-22,6559799a5cf53662f7979eeb4a8b800f,2017-10-31
e470c6e4248f6c0e6b0c0567de82123f,e7aff9e12a7ac16af1b0c2dd61de3578,delivered,2018-04-23 10:59:47,2018-04-24 18:35:56,2018-04-25 00:04:00,2018-05-02 16:59:20,2018-05-16,16e6739f107fe11620beee49d20c2bd6,2018-04-23
885cf064fa6aacca6acb757119e01287,1195059ff946475e0a67380b989ebd21,delivered,2018-02-14 19:38:45,2018-02-14 19:50:22,2018-02-16 15:09:13,2018-02-27 19:28:39,2018-03-07,f78510c2bc0b6eb2090e349fbfc3adc0,2018-02-14
159da9914b51de617fe80162939965c5,02611d7a9e40004ce72c2006dca2d7a9,delivered,2018-07-04 23:13:49,2018-07-05 16:40:26,2018-07-05 14:59:00,2018-07-13 14:04:50,2018-07-24,d5033f43697620e234c3f34f3ab66872,2018-07-04
4748c7d66bbedbf52de84b3bc4cbc482,59e42a0f4ed79508f022aca1f2f87e25,unavailable,2017-05-25 21:45:54,2017-05-25 21:55:08,,,2017-06-08,630e7d4236d6daef990ce5cced20ad12,2017-05-25
0b941db180b52d77ad40655b465e6632,30bc4543eddb2d5677f3ef3245826c2f,delivered,2018-01-08 15:11:51,2018-01-08 15:19:26,2018-01-08 22:56:54,2018-01-11 16:28:56,2018-02-05,019890d2ead42f267a2c66919d9dedce,2018-01-08
932da4ab5c1239381360b912976ef417,e4b702a6340fe28a885500871b9d13a8,delivered,2018-06-20 11:46:06,2018-06-20 12:05:58,2018-06-20 12:36:00,2018-06-28 19:37:51,2018-07-13,8fd5fbfc9ee434a4fc3a5814953b0e08,2018-06-20
720e866ff68ce671cb5b7d04eaeac897,6003f6ddce876108eaed4aec0167e894,delivered,2017-11-24 01:44:28,2017-11-24 23:00:59,2017-11-28 18:51:59,2017-12-02 15:11:20,2017-12-26,a26f0c0f1bfad5d305a5351ee3638b09,2017-11-24
ff54c442f3e9f50941a09dcf4e061e6f,c761ebec64b4f7a47b094442b3dbfe0d,delivered,2017-02-08 14:42:14,2017-02-09 03:03:23,2017-02-20 07:35:07,2017-02-25 05:57:53,2017-03-27,d4d43f25b59d9e22be5c238a77c52eb3,2017-02-08
bdff7ea7134364dda401ab2e8ded48f0,9716fb9e3002825717c2fd41b423be17,delivered,2018-05-16 22:13:57,2018-05-16 22:34:46,2018-05-17 14:10:00,2018-05-22 18:38:49,2018-06-21,c40d109a4036dc0bb01b522339af2220,2018-05-16
6b0b9168bf15f093a0153ef4d51f60b4,849b9aa0efddff750a8993d9451ef611,delivered,2018-06-14 10:59:13,2018-06-14 11:24:07,2018-06-14 13:59:00,2018-06-21 17:33:44,2018-07-13,ce2cd38e552649e1051d8f059aec9fdc,2018-06-14
e19a16df2a341d8b50812fe1ae800366,d81f8aa1254e807ac4701bcf6f71fe6c,delivered,2017-07-03 23:03:25,2017-07-05 03:03:49,2017-07-07 19:12:56,2017-07-21 18:07:52,2017-07-25,a05e40352c8b77d9b06426ee54764a5b,2017-07-03
b765555cab4620de41a7714fe7359249,1b393c9084db305931984dec8e6d952f,delivered,2017-03-25 10:49:55,2017-03-25 11:02:42,2017-03-27 11:15:23,2017-04-01 13:18:37,2017-04-13,062ec661249087a0e2560ab089b7e722,2017-03-25
f61c1d32076f07bcd286065a88a11619,0bbae5720eecc2f859556a5bbc43466b,delivered,2018-07-04 16:36:37,2018-07-05 16:21:29,2018-07-06 11:27:00,2018-07-11 21:06:33,2018-07-17,933185e32d51964d714e6cf19af7c9d1,2018-07-04
32b88a9584e3facf4a7eda6c22b11219,e9a09c7c5f699f95b7bae10f94cac398,delivered,2017-12-05 15:26:00,2017-12-05 16:30:58,2017-12-06 14:57:06,2017-12-18 23:23:54,2018-01-05,7f7495ab31271fa1bc8423b7db5ea274,2017-12-05
81b1ecf11d38a0654a13192ce0fc2e5f,810741878a633d09a01e832247d4d31e,delivered,2017-11-23 21:16:35,2017-11-23 21:28:17,2017-11-29 16:48:56,2017-12-07 22:14:00,2017-12-13,1e8d38254b74212442ed7c9f40e71c26,2017-11-23
62b134f6580231f5bf280f239b6f8ec7,ec935ccb698e597b61d34c15ff136313,delivered,2018-06-24 15:02:52,2018-06-24 15:19:08,2018-06-25 14:43:00,2018-06-26 21:19:32,2018-07-13,735dde9dccd9ec72098a553c6af2198e,2018-06-24
4fd59975900e997c6785ec9da06787aa,1dabbf0fce6d1d0256d0c7e0d779663c,delivered,2018-06-24 10:01:06,2018-06-25 19:54:11,2018-06-28 07:59:00,2018-07-03 04:28:50,2018-07-26,b80e73bfec2ccebcb2482a2dc89d4a0a,2018-06-24
43d0adacfa785ccb9e7544f2c82c5566,8f1de240be482620d362ae4f2c6998e2,delivered,2018-02-13 19:16:22,2018-02-13 19:27:23,2018-02-15 23:29:05,2018-02-20 16:58:25,2018-03-15,4168fcd194ff2e9b969498157e49b24c,2018-02-13
bc0e143be142c22547b69235dd63a5ad,28f8e2e0788530456f50b2ca615b409d,delivered,2018-03-04 20:22:48,2018-03-04 21:00:33,2018-03-05 19:53:14,2018-03-07 14:19:55,2018-03-15,6bb3958ca870c584b84bba1673bdec0e,2018-03-04
ed399d00352208424bcb1d007f75038e,cd33017db30cfb1c69a3789662b5ceba,delivered,2017-03-13 23:13:57,2017-03-13 23:13:57,2017-03-14 14:54:03,2017-03-20 15:08:06,2017-04-13,ea354e8bfd0528f5bcfb2b5c305b6496,2017-03-13
3f3e01f29d25bb2e62be81659113d44e,7843aa39f0f40f21f3ef45e89053c7ce,delivered,2017-02-06 14:02:03,2017-02-06 14:10:16,2017-03-08 15:34:12,2017-03-13 10:52:40,2017-03-13,4658b26bcea972ed0b86a5f8c61718be,2017-02-06
ccefed81ada949952e76166b19f2b723,4ac279df237d79f58d8b70addc6e5d4d,delivered,2017-05-28 23:57:50,2017-05-29 01:10:25,2017-05-30 14:33:27,2017-06-07 16:05:27,2017-06-23,6d7dcece246bf88e8ee4b1654441749f,2017-05-28
56203ab8c919f019d69bac51794e296d,4313e91cf5448328e880ae6455fabd3b,delivered,2017-11-23 21:52:43,2017-11-23 22:20:02,2017-11-30 21:04:10,2017-12-20 21:57:13,2017-12-14,81337c15685ad8f9c5fec9ce8762d064,2017-11-23
58535c8942c191304a6b7c1b33c33b4f,15f88a36771492e2122d4550716862ea,delivered,2017-06-10 00:43:02,2017-06-10 01:22:44,2017-06-19 07:44:01,2017-06-27 16:09:34,2017-07-10,34e19eb83a7ca102c1dd4ee4264d889e,2017-06-10
90a2ae3a8c450a4b8baba2fc8eb0fa59,f6b5c1255d74840ea920104295a66d0a,delivered,2017-04-19 11:32:09,2017-04-19 11:45:07,2017-04-27 10:33:46,2017-05-04 14:33:58,2017-05-23,00191a9719ef48ebb5860b130347bf33,2017-04-19
954992d55d1d6251c24b9ccc3121ac1d,a1f05275483aa467edf3f2fac97de790,delivered,2017-12-14 10:13:08,2017-12-15 02:16:04,2017-12-15 19:18:39,2017-12-30 16:07:40,2018-01-15,c7b5bf93064681e82c7ba602c7a28837,2017-12-14
794716f9607ee04ab236761fa34073a3,cb0c7e89135c416bc612ef8911d63222,delivered,2017-12-10 14:21:21,2017-12-10 14:33:34,2017-12-11 17:04:56,2017-12-19 19:58:54,2018-01-09,35c35bdbac58000618164427d550a8e7,2017-12-10
297a6cbb707aabf7bf2fd71dca333168,bb035eefe21037da91dd8e47f284dd39,shipped,2018-01-25 09:44:05,2018-01-25 09:52:59,2018-01-25 18:12:27,,2018-02-20,01a7888cc755d6ad17b03de5f5543641,2018-01-25
1264bdfa22a4cca2beb66c1f542e7f5c,54c196a036b31e7af51aa30178be083e,delivered,2017-09-19 23:12:15,2017-09-19 23:25:35,2017-09-25 20:37:42,2017-09-26 10:52:12,2017-09-29,89e28a7f526e236bfdd3a48fb35998f7,2017-09-19
8fce31c913563c7a93802d8c2cf758b2,1769a3ebdaadccc529c9e90afd139850,delivered,2017-02-03 21:44:34,2017-02-03 21:55:19,2017-02-10 13:44:10,2017-02-14 14:41:56,2017-03-07,8bc24a5f6aff334bacfd46f24430380d,2017-02-03
ecafc1df29c0622f331e455f148fe404,ff2e6691c5ace08c9c5c3109f6b4afa4,delivered,2018-08-07 14:18:27,2018-08-07 15:00:09,2018-08-07 16:32:00,2018-08-10 14:35:43,2018-08-15,b225729f32aea3d05f33792a9a369c30,2018-08-07
05646cef8f5791776e224b7967607b4f,e3d26d1fe9b0926a8a306b11179bbd00,delivered,2018-04-15 16:50:27,2018-04-17 06:11:32,2018-04-17 21:36:35,2018-04-25 21:46:45,2018-05-15,a925c3e5df82fdc6082f1383d2834998,2018-04-15
c6bab3474f095311c68ed0f0285749f6,8c538bb5d1cd0d2ede1b3c5a8ca0abcb,delivered,2018-08-17 21:45:54,2018-08-17 22:09:46,2018-08-20 07:37:00,2018-08-24 17:07:38,2018-09-05,12bf35aec09644582d3d803df7607246,2018-08-17
a9240cc919cc42178e1f3f9e15e79d23,0a924ae136218f3bbed75d78458c8589,delivered,2018-02-28 01:26:11,2018-02-28 01:48:09,2018-03-01 09:47:17,2018-03-15 18:11:51,2018-03-23,d4ef5cef4153f98ee6c6fbe839a6cb48,2018-02-28
ba7618e8de91dc98cc72046465932960,1e9ab936549ab0a87fdb451b9c0d26ab,delivered,2018-03-29 13:01:51,2018-03-29 13:40:09,2018-04-06 00:05:13,2018-04-20 21:38:31,2018-04-24,e90f4d881abb391d0392ef162ddc35fb,2018-03-29
04158f13c5f4533ee32baa89521cf9ba,6c84ea1d496954fa658db8f7f20467d5,delivered,2018-08-15 09:48:31,2018-08-15 10:04:07,2018-08-16 14:23:00,2018-08-28 22:08:33,2018-09-06,8837a3d0a8c6ca2e5db6316ff8685128,2018-08-15
8a9cce19aa49e055f2babb81d5a71c40,f2676ef361959c938b35ecd32321adce,canceled,2018-02-01 10:04:20,2018-02-03 02:52:42,2018-02-05 20:41:28,,2018-02-23,a8d64e57b4807a004f1ff59dc4211061,2018-02-01
c575345e0d439db28e378a552b8d4110,0ec60d83bb2743741cbb96d398a0e505,delivered,2017-11-26 09:32:58,2017-11-26 09:54:19,2017-11-30 18:33:54,2017-12-05 15:15:20,2017-12-20,57779657370185613aa69cf2dfd6553a,2017-11-26
e72598a24e84f85f6b47b99c7fcb32fb,f5daceec98cca88eaaec8c148a16d726,delivered,2017-12-21 11:27:57,2017-12-21 11:50:00,2017-12-22 22:59:04,2017-12-27 15:13:14,2018-01-10,346396cf7ea625170715c7d1e97dc405,2017-12-21
d6612c0b5c2faff1e61d05c65f643f2d,c51149c8c797129a3b95a29b17390323,delivered,2018-02-14 13:48:55,2018-02-15 17:10:30,2018-02-19 23:52:35,2018-02-28 18:47:41,2018-03-14,7f40151ffb4924687a0204e9af47b04f,2018-02-14
b88ab07fb8df9a5215f630bc0da356f8,33b637b65158f77c5944eace3237c3f2,delivered,2018-02-19 21:30:49,2018-02-19 22:36:04,2018-02-20 22:42:49,2018-02-28 01:00:18,2018-03-09,f39f8439765f730d6a6b60d2767d043d,2018-02-19
51eb3e42940efb2afe2e7546e8bf2f5d,88066642a5d1d72635324e65fade6905,delivered,2017-02-08 06:48:03,2017-02-08 06:55:12,2017-02-08 10:44:36,2017-02-22 15:12:35,2017-03-17,87b5114bcbdfd51bcf0b350282b16b2b,2017-02-08
fdde45331586a2e1145f846f3787feef,c43c23b9be9dd58496515530e4cd5f8c,delivered,2018-01-09 14:25:50,2018-01-09 14:32:48,2018-01-15 19:51:58,2018-01-28 13:51:47,2018-02-23,2dfb47f553da7cc2a4b874efa420822f,2018-01-09
baf34be6cfe3f776452debc5836c7c4f,31ce3b7266c8ced7fd910aa284887fe9,delivered,2017-07-28 13:10:53,2017-07-28 13:25:17,2017-08-07 20:32:34,2017-08-14 16:22:34,2017-08-25,828a8eb27198a85e88b5bd7721a550b4,2017-07-28
9109f2cca26d92ac4e064bb93da37c74,b5f2a4924544faeb20cb0c0b658cac45,delivered,2018-07-22 20:05:18,2018-07-27 23:31:15,2018-07-24 14:01:00,2018-07-31 21:28:59,2018-08-21,aae2cacd213190a4428cb5975023d603,2018-07-22
ef7c5d4791639dc1862b7bb3bacb3d48,f3e31afdae80581be48ce94e7b0f3366,delivered,2018-08-06 11:32:42,2018-08-06 11:45:14,2018-08-09 14:44:00,2018-08-13 20:18:42,2018-09-03,ded4351942c7fc292b88e5b090af2b46,2018-08-06
43f8e020752c67130ddf027e0297291a,964343a3f8a65e01ffad1b9bfaa7d7e9,delivered,2017-01-26 17:40:03,2017-01-26 17:50:13,2017-01-27 17:34:52,2017-03-10 05:41:43,2017-02-22,d9643e0f17a9f63e44217990f46a96f9,2017-01-26
19253d0cbd6ac2d70e7d7171308b2426,b8f2418875e2a7defe72582767d67bbd,delivered,2018-07-12 20:36:15,2018-07-12 20:45:15,2018-07-16 08:53:00,2018-07-25 15:14:56,2018-08-07,c906687f99bc90246460e4cb808d3407,2018-07-12
54889af87c9d52034e56647c18e0fc8d,8a90ed699497824a81e94d090da7e70b,delivered,2017-11-25 08:10:50,2017-11-25 08:55:23,2017-11-28 22:13:37,2017-12-18 19:57:20,2017-12-27,8b4c19edf2c5859dd525115ef29ff41a,2017-11-25
a8e925972920153be4f6c40a5bcd630f,5996c022bd9200b294c361121cf19d6a,delivered,2018-01-16 16:56:12,2018-01-16 17:10:06,2018-01-17 17:09:45,2018-01-23 20:13:44,2018-02-14,1e7db3e12cc7ca34014fbc24ae190920,2018-01-16
d4d225097cf7faefa475ca4af70f7fc4,ed9339b395f5aad0302afac0f30a0c6f,delivered,2018-04-16 13:05:56,2018-04-18 03:30:11,2018-04-19 13:26:31,2018-04-23 20:24:53,2018-05-09,eb0b2b27092b331ff01b1998f71e180a,2018-04-16
9bf093d4cb20c8d9351da44b0faf5d8d,9af7f9690b3c3c46417a9829a7a02068,delivered,2018-03-19 23:40:11,2018-03-20 00:31:28,2018-03-22 22:54:48,2018-03-26 16:49:05,2018-04-02,05e07c4abd22863100e52617e94304aa,2018-03-19
f6951204d4c5a8b9721e0039ed0c894a,4569e4a32c5ee64dab507e8ecfa0f142,delivered,2017-11-25 21:51:29,2017-11-25 22:33:50,2017-11-27 17:52:54,2017-11-29 18:18:50,2017-12-11,d0e2c063df03f7b3befd1d87a12f80c4,2017-11-25
ff834ecc7838d679d1cbd96ad32cee27,5cbb774b043be6439aa9c5a51efea395,delivered,2017-06-27 14:17:09,2017-06-27 14:30:19,2017-06-28 14:37:51,2017-07-06 14:52:01,2017-07-21,f668da9fd026fcb79d28ab116c6c2b02,2017-06-27
1b1cfac7fddb9f3b9f9021fd182a557b,09fb2d2b184e3e8fc038bb62208006ef,delivered,2018-02-23 19:55:38,2018-02-23 20:10:28,2018-02-27 18:32:59,2018-03-26 23:08:57,2018-03-20,dd8597e65bf2b021b51241cc8c4f9dea,2018-02-23
2b32434b3f10a1b43c3e150614a63934,0d53840309a3d05e83f35ff1afb396d3,delivered,2017-07-23 12:59:47,2017-07-25 06:43:09,2017-07-31 21:23:49,2017-08-04 12:16:10,2017-08-18,0e8a143471b03abf182926e26af07e7a,2017-07-23
c7cfea0c153e6382e32e84c2a9dd7d2e,a8c2e32aed3234b2ee687d8ec36adb20,delivered,2017-10-03 11:54:15,2017-10-03 12:07:18,2017-10-04 17:17:42,2017-10-20 21:13:30,2017-10-27,0cc2ee1112a11a1094eff52fa2e87150,2017-10-03
fa9149f35155659eb319081d8e6f74af,0829a7f317e4c74aaf5651b578c781fd,delivered,2018-07-25 22:41:51,2018-07-25 22:55:19,2018-07-30 15:18:00,2018-08-06 23:08:35,2018-08-15,208fe9aa6033a77419f8f503b7698e03,2018-07-25
ea844c92cf978ea23321fa7fe5871761,6ddc45ad08e6a2c885ca2255fc52d6df,canceled,2018-09-13 09:56:12,,,,2018-09-27,c1ee153508c6b785b491443a95ff364e,2018-09-13
8cf199d4f67bb071f1256279824fafd6,2133061e42f4c0fe531449160879159c,delivered,2017-12-12 14:41:34,2017-12-12 14:52:26,2017-12-14 22:55:09,2017-12-22 16:15:04,2018-01-05,9b7c8e3942cbe4bbd22debbb13c2199b,2017-12-12
19f0b0e6659d4be20f4325ad739ffac6,b580a709dda9827ce092d89b3f8c01b6,delivered,2018-07-31 00:16:31,2018-08-01 03:31:49,2018-08-03 12:26:00,2018-08-16 16:18:24,2018-08-22,f52b4d471a3fd579ed98ab5aa6763857,2018-07-31
a5931d87676f8226c1157c5d68be6969,f19594245ba83aaf403455a6c1bc5814,delivered,2017-07-15 17:29:04,2017-07-15 17:43:46,2017-07-26 10:44:21,2017-08-03 20:25:27,2017-08-16,0ff3cddcf62afdff48dddaf22aaf0fee,2017-07-15
6bc3888289830fea0d2ed7c54501fbea,d7cca737c794c3efad350217fce55d6c,delivered,2017-04-08 23:05:55,2017-04-11 04:02:17,2017-04-19 14:53:49,2017-05-11 09:41:29,2017-05-05,0ad45166f7c608cea70cffc074e78e4b,2017-04-08
e5ceeb853f293840691322fbb8f532e0,1ce5970476d44fcc425a9070d8fa8679,delivered,2017-08-09 17:08:30,2017-08-09 17:25:16,2017-08-11 20:37:49,2017-08-18 20:12:30,2017-08-29,4ac6ef708fd5507a56c7f24f21a8c6cc,2017-08-09
06afc1144eb9f51ef2aa90ec9223c7f4,e8be078dee76002545a9c5f10b7d7c4e,delivered,2018-08-15 17:13:07,2018-08-15 17:25:20,2018-08-16 14:44:00,2018-08-24 22:54:42,2018-09-20,eb8ba0e91b822fefb8d7f0243881647d,2018-08-15
17536125bc0b2189e30b5fa945a8773a,3ce2aed29f86a6e0051d5dbe89c0306c,delivered,2018-04-30 13:32:47,2018-04-30 13:52:24,2018-05-04 15:53:00,2018-05-07 19:22:37,2018-05-14,a7efaafa37906b32b972672b8f844271,2018-04-30
f4f6ec218c3835f1f37fd926a6f6124b,1dd87680282666e5a52fd7f3a8abfe19,delivered,2018-01-10 20:50:19,2018-01-10 21:08:58,2018-01-13 01:25:23,2018-02-01 01:41:32,2018-02-21,bf92f410920092937583ee1f422b3750,2018-01-10
22e9617c26ec9b8bd09c75095067a631,7f11dfabe073952b7e6ef2ed28eb3260,delivered,2018-01-22 22:26:08,2018-01-22 22:37:24,2018-01-23 16:38:57,2018-02-07 12:07:57,2018-02-19,cefac82d3b1e2cf521adb377ac4ed0ba,2018-01-22
b68158eed8887928a1dea62a3d9fc407,6fc2f5ad517b6d8f74b12e58397f6615,delivered,2018-02-09 13:48:50,2018-02-10 02:49:30,2018-02-15 19:37:13,2018-03-06 11:37:48,2018-03-23,6adb43365bd88fd6b87a63fe174f42ed,2018-02-09
869548743b57fc4906baa944c448a644,787ee066fc58aaa400883d9f5abf7b67,delivered,2017-09-30 09:20:02,2017-09-30 10:00:10,2017-10-04 19:56:50,2017-10-11 23:22:28,2017-10-27,609854a129474911451a1f000a125c3b,2017-09-30
5ee7b62e53d3ff1201ab0f826ce413db,72adcf6a1e2e058550157b9ee9e202d8,delivered,2017-05-24 15:41:46,2017-05-24 15:55:10,2017-05-30 08:38:18,2017-06-02 16:22:08,2017-06-20,f46971f1ac7b376b668114a027c98e78,2017-05-24
24226bb79f1be40c60396cd457ada96e,0c4193409d3d33915a701485f8d6e0e8,delivered,2018-05-20 12:10:07,2018-05-20 12:30:36,2018-05-21 18:27:00,2018-06-12 14:38:41,2018-06-07,4c7ddb7b5d196b2967554adca4964542,2018-05-20
376fa786ca009c39d2d78a87ecd0d4af,46e753fafc19f9fccaf24a44d0aa38d1,delivered,2017-07-29 21:09:26,2017-07-29 21:26:32,2017-07-31 22:17:00,2017-08-07 14:24:43,2017-08-18,dddfb6a3b339c13570d9ac71cb6c8f3e,2017-07-29
14f90c3a16f99d432faf1ed9edde1379,5ae9750560eff787bef03f127c5db246,delivered,2018-03-21 12:06:28,2018-03-21 12:47:37,2018-03-22 19:09:06,2018-04-05 16:52:21,2018-04-17,306ca0d858edef9af39b998960923222,2018-03-21
666ee8dddb0138c7703e3e2a8bb8919f,c94505e1ef376d9df87e5c35a2c5dc2d,delivered,2018-05-01 22:42:32,2018-05-02 23:30:27,2018-05-03 09:48:00,2018-05-15 19:26:36,2018-05-25,9f132e9deb8acae2b60d132499bba0b5,2018-05-01
2372e039a79fcd32009462cf86c2616f,b462db54c81d851ffb3aa793cb6dc33f,delivered,2017-08-08 15:14:17,2017-08-09 15:10:20,2017-08-10 20:09:59,2017-09-19 15:54:47,2017-09-04,65667e216c27cfa1960a832578b8ef47,2017-08-08
e3071b7624445af6e4f3a1b23718667d,0bf8bf19944a7f8b40ba86fef778ca7c,delivered,2017-09-05 22:14:52,2017-09-05 22:30:56,2017-09-06 15:26:12,2017-09-11 13:27:49,2017-09-22,8d50f5eadf50201ccdcedfb9e2ac8455,2017-09-05
87a5b73c9ee4b5b6148d301393dd72b2,6f7157ebeee120bb8fbfd559c07d275e,delivered,2018-02-23 17:19:08,2018-02-24 02:35:23,2018-03-12 20:08:50,2018-03-19 20:43:33,2018-03-19,bd6c1c99a4f6c28c98927351eb226e80,2018-02-23
6480dffdb7765afb3bbb91cfdd9c569f,c38f349ec38ba57cc2e541b1e481f451,delivered,2018-01-18 20:30:36,2018-01-19 20:29:52,2018-01-22 23:56:30,2018-01-29 18:24:55,2018-02-02,8503a6f694706c9dd1c3b567ab0e3a19,2018-01-18
d2fee637306555bfacf7b885044cbaff,23318be45d9aeca4f5a236541ab36490,delivered,2018-05-04 22:48:55,2018-05-07 17:29:37,2018-05-10 13:54:00,2018-05-16 16:18:58,2018-05-23,4608a4839f4a4999c7a4fe2b498d6573,2018-05-04
41cb9d97fc1bb4dd341d2f383972d178,69d8640e3ec57652bd4f2a6ecc8755eb,delivered,2017-10-19 17:15:44,2017-10-19 17:28:31,2017-10-20 18:05:19,2017-11-09 23:36:49,2017-11-10,f37bd405972a0229ec900f3743f5bca6,2017-10-19
b0cb5e1b222437d8ee177f463fbcf464,52e79890db8c8221861c635f6b460b1d,delivered,2018-01-23 12:41:06,2018-01-23 13:01:30,2018-01-24 13:54:22,2018-01-31 15:48:46,2018-02-21,27aede3a816dcbe05e0fc5bc5b72f311,2018-01-23
fb8e4428d340ab5bfa482ef6fc97efbc,6058d310d497d1af90c0f2058955efdc,delivered,2017-09-03 08:23:32,2017-09-03 08:44:16,2017-09-04 19:49:56,2017-09-06 21:43:33,2017-09-21,f25f06e6fe07270ef5d0e88f19f178d0,2017-09-03
a1b33a82ce718e7ad4704992b3c01624,23ecd7f57e750c54d6f770677c00caa3,delivered,2018-01-13 16:47:31,2018-01-13 16:58:26,2018-01-17 23:19:29,2018-01-23 19:26:46,2018-02-16,3255f7be2750bb6add3dd7c38ad43f48,2018-01-13
e267e6d5b54bdbcd941f9c8bc4eadb82,63b392cf71e7448dd8060bd98d3ad4f2,delivered,2018-07-12 00:07:11,2018-07-12 00:26:07,2018-07-16 13:02:00,2018-08-03 19:14:43,2018-08-10,9a8744d068311f65b559ae7a2ebbdeae,2018-07-12
ab3049853be314c3dcc3721cea4438e1,5c19afd44aa5b737ea4459ab0080193b,delivered,2017-09-15 08:28:52,2017-09-15 08:44:08,2017-09-18 13:15:00,2017-09-29 18:51:38,2017-10-03,7a71ca03472864732dfcb00aa70b42f3,2017-09-15
a25311696c11be42fd840360f1d36669,ab8697128803dbf22b675b30fd74fafc,delivered,2018-01-29 13:52:14,2018-01-30 05:31:30,2018-02-05 15:22:10,2018-02-08 17:34:13,2018-02-14,c8edac3754c7f02ea2fe2c2807434cf2,2018-01-29
4154d7944db36e9140645486ce34027f,3fc34478cb8f0427d63b362dfad74f51,delivered,2018-07-25 23:21:47,2018-07-25 23:30:13,2018-07-27 06:16:00,2018-07-30 18:42:42,2018-08-10,39406d5888ebe67839dc26b348c0d12f,2018-07-25
aea5a3457f531f97bc2b4a7cccbc1275,72e52fa2842a1f436977fd4a332dc199,delivered,2018-08-17 19:10:14,2018-08-17 19:30:10,2018-08-20 14:31:00,2018-08-27 15:29:03,2018-09-06,a58f644f46a601e9799151f14abd9ea6,2018-08-17
c7e54cda763ff9e557ac3bc3032a99c6,cf7bc9b2f63708aefa618dae3b178be3,delivered,2018-04-07 12:05:46,2018-04-10 04:10:34,2018-04-10 18:03:06,2018-04-16 16:28:33,2018-05-10,9ff8343bb1b75defb17c8c2337733aa6,2018-04-07
0b273b3e899144ab36619eda910cc72a,af605ee4741b701d7e3369192f200a40,delivered,2017-11-24 16:27:29,2017-11-28 03:32:42,2017-12-04 23:41:50,2017-12-12 16:03:55,2017-12-14,805363c3cdfb04fca106609664537903,2017-11-24
344b189b705831ff56d313993ebdd789,dc1ae3bf413691963904df3c6ef69076,delivered,2017-07-26 17:46:02,2017-07-27 17:55:13,2017-07-28 17:36:00,2017-08-01 19:10:09,2017-08-17,4f477c554c5bd165f95d62b409ac6425,2017-07-26
1e9a325806cd4eeb04256f2f843e6815,d65b84d54acd781b90b6ca1310c7ab70,delivered,2018-03-14 14:55:08,2018-03-14 15:49:09,2018-03-15 21:58:51,2018-03-21 14:02:34,2018-03-26,d64969d570bcc6fe4f559813aeb27122,2018-03-14
2031a1b41c54dd437f56e81eacb22e7a,34ce7c651143c0ee4ef50835e5f141b0,delivered,2017-12-06 08:27:00,2017-12-06 08:36:21,2017-12-08 02:43:11,2017-12-19 20:53:13,2018-01-08,f1f63855251a2ca72167f4eb6be56f3a,2017-12-06
a9451e0c97199724d8edfc301ea8ca65,27c3972178e2db6a0a769e1aae07628b,delivered,2017-07-30 22:57:22,2017-07-30 23:40:15,2017-08-10 20:38:10,2017-08-14 13:16:47,2017-08-21,47d54ad7f6c7400ebf1649d056830c27,2017-07-30
47e4c8c9420d2f409428aa0249dd2704,b3704e8df70918133ae666dd83d8ed87,delivered,2017-12-19 21:19:38,2017-12-19 22:18:26,2017-12-28 20:59:14,2018-01-15 15:37:21,2018-01-29,7d742fad5711f2905335c7129b63a718,2017-12-19
3ab06142761c8a779015c0f3ec16c276,d370b5ca9d89f669acb7f1ebb46e38b9,delivered,2017-10-12 14:49:04,2017-10-12 15:27:48,2017-10-16 13:36:08,2017-10-23 18:00:08,2017-10-31,7ceef56a99bac51a85332ec4e0659ac7,2017-10-12
a2c7b8f8a4fe1bc4a8f4e30a5311861d,519fe7375966b917ba9d1f8b7a8784eb,delivered,2017-01-23 07:33:11,2017-01-25 02:42:30,2017-01-27 13:55:40,2017-02-07 17:22:15,2017-03-02,aaa1c67c77562ad0d99806a54088fc9e,2017-01-23
5766618ba4b6f3761f15ffb639a89aac,0b4442cad8eab4b19f6f4bd2132846a0,delivered,2017-12-21 11:35:22,2017-12-21 13:49:56,2017-12-22 17:52:07,2017-12-29 20:47:22,2018-01-10,ba8b8d51fcd882a56bc0a5871717d76c,2017-12-21
270c25da086ad763f34a2cd66c6aae7a,12a9b33607c2fec94977963045396299,delivered,2018-01-02 16:02:11,2018-01-02 16:09:11,2018-01-08 23:15:28,2018-01-17 20:36:35,2018-01-31,5bf9347f1623a50060ce723051f47f0d,2018-01-02
72b02234375680d174bc9fecfb0fd9fe,3c97c51a472647f2bbee4b45c1e6c761,delivered,2018-05-28 16:15:22,2018-05-29 16:12:23,2018-05-30 11:06:00,2018-06-02 12:24:21,2018-06-20,6a9df708d47e061c4c4c8d955a93cb81,2018-05-28
363f10f9a33417de0135b77187a5222b,aeb580cdb23cf46633b27190611d7844,delivered,2017-11-12 20:32:49,2017-11-12 20:46:22,2017-11-14 21:38:58,2017-11-28 23:33:04,2017-12-11,ce82b942c888963b8b245169ab485e37,2017-11-12
ae09ebb82b7283effd23c7a5017498a1,8c49acfb0572260243fb807b44f94200,delivered,2018-07-31 14:01:47,2018-07-31 14:31:31,2018-08-03 12:07:00,2018-08-13 23:08:45,2018-08-21,708976af642e89528bcb19b3e72b4152,2018-07-31
ef39e8a01edeec8664b6fa8ebc5f3b9f,79a4b9f824dbec2f1a4a832b48b9ba24,delivered,2018-03-10 16:43:11,2018-03-10 16:50:29,2018-03-12 22:56:41,2018-03-20 00:24:43,2018-04-03,23160a1a837a73b3fc048f8d37da60dc,2018-03-10
35f069c19a16b1ef6a4c4fda664db415,1af81a97080e5f84ff8390118b0e991f,delivered,2018-03-19 19:51:05,2018-03-19 20:08:44,2018-03-20 23:12:15,2018-04-04 13:57:42,2018-04-13,247abb2be98c7d9fc9190efb37097f51,2018-03-19
b26d171d404f1e506b8d41c6f70c4426,3a5c33915bd8a049355d05d61e6c4650,delivered,2017-09-25 13:51:01,2017-09-25 14:06:02,2017-09-29 16:16:07,2017-10-10 17:08:24,2017-10-20,6739f82be7fe556dedf82e16f0566ea6,2017-09-25
9d1cb025d19b5ad3a5bbd1fd6bda4aa5,3ce6cd85b3aba2bdb4c1aecf14f5ac60,delivered,2018-06-27 18:24:27,2018-06-27 18:35:13,2018-06-29 14:52:00,2018-07-10 17:18:25,2018-07-26,ce81fc761b769638385a9bdb9c10dedc,2018-06-27
bc0feb6a96ad7552648f4183cb6ecb63,d52952f17a55695f6713b15d38c9af52,delivered,2017-02-23 10:06:46,2017-02-23 10:33:11,2017-02-23 11:42:33,2017-03-13 03:04:12,2017-03-28,70d396f72bac7521d4546cb16cf4358b,2017-02-23
bec6fff5a33e4074bf4e32a7f142b39d,36fbc4c15c4091e773c854faa9713ff5,delivered,2018-02-23 14:29:49,2018-02-24 02:50:40,2018-03-10 17:21:49,2018-04-11 16:48:55,2018-04-16,e59d2aaa438875714d5b01a24b48aa49,2018-02-23
b6fbeeba8ce77342619aa0311aff42d3,960743aba9d66c28f95d9a35155f79eb,delivered,2018-04-15 17:27:03,2018-04-15 17:50:53,2018-04-16 23:05:33,2018-05-01 17:28:44,2018-05-23,fa7eb505fcfa90dc0dc9a40cd2d68a11,2018-04-15
b1417ba6ab7c47ce85dd05e068e2afe1,2d1dc0adf607e9d8955024090a9c6a8b,delivered,2017-08-25 20:57:41,2017-08-25 21:10:42,2017-08-28 19:32:38,2017-09-08 11:08:18,2017-09-20,5c54682e89c9fbd2d29d2efde2601b88,2017-08-25
6172c4e124342a72597bf383245b9e15,9be4c248c54c3cbb40d2dfd23461cab9,delivered,2017-06-27 10:58:32,2017-06-27 11:25:42,2017-06-30 12:15:34,2017-07-15 14:21:18,2017-07-31,18c2c869a8481e4ee1acdc5cbd8078e4,2017-06-27
be85a93eeefbad9670c7b2d84dfb7502,ae08d99064f67ee7565351349be1ddd2,delivered,2017-06-17 22:17:36,2017-06-17 22:25:13,2017-06-19 20:03:34,2017-07-03 13:21:30,2017-07-21,44d988342c9755f3e54fb3ae7fe6f0c9,2017-06-17
2bdda5cf39975296883f9b09394d0dd2,2a5bfbf7cca5146d4d4032d11ed49556,delivered,2018-05-17 21:13:16,2018-05-19 03:15:28,2018-05-21 16:02:00,2018-05-22 11:44:33,2018-05-29,a416c14685637d33e7a250d6be3daec2,2018-05-17
830c29e153b8851069e85be33116ac1c,77da57fc4d1c3f144250271fe00ac924,delivered,2018-01-19 13:13:25,2018-01-20 09:08:37,2018-01-23 19:24:31,2018-01-29 15:37:38,2018-02-09,d297387def1be804d618e4de90861d6a,2018-01-19
e358b1e356a4242ef1e60c1a8e8068a8,7c5aa65f196613f9635005324fe91048,delivered,2018-02-14 21:52:16,2018-02-15 00:31:34,2018-02-16 03:13:36,2018-03-03 08:59:06,2018-03-13,3b6a95ff6ae21a2d161f91f0339caacd,2018-02-14
4a202f407d179ddfd8b58bba11a48809,f7094a02fa3e369765c0c35f09c6eb5d,delivered,2018-06-26 10:52:43,2018-06-26 11:18:13,2018-06-27 13:03:00,2018-07-04 16:08:47,2018-07-25,30fe3910a6e920e98fdf5daf5e2a48a8,2018-06-26
ddfc5bfeb3554462248798b6670835a9,300ce7fc3fb7ffda8794cd2f97b2f826,delivered,2017-10-13 10:57:56,2017-10-13 20:07:10,2017-10-16 14:28:39,2017-10-31 17:43:38,2017-11-01,f00aa1cfc257dfff20184269b19db923,2017-10-13
561cdd2accb4b96049e2f85972d8bffe,6ed3ba51865085a8de8bb730cefc8a32,delivered,2018-06-06 13:36:53,2018-06-06 13:53:52,2018-06-07 13:49:00,2018-06-25 19:29:45,2018-07-20,2e5a6bbafe6b67eb00feca4e33001c27,2018-06-06
0da2f53b590353e40a328c2d8c3dd010,9d79b3c159727a1fccf44acd17ccd2a5,delivered,2018-08-16 12:15:39,2018-08-16 12:25:19,2018-08-17 16:49:00,2018-08-23 00:03:03,2018-09-13,e706413ab8ea0f24e331d90182dbd897,2018-08-16
b399edffb45924aa34e06ccfab7513bf,be5b2407d2c040ac93d987080f64fcec,delivered,2017-11-16 12:08:03,2017-11-17 03:50:39,2017-11-17 23:11:55,2017-11-24 17:32:16,2017-12-06,d2613132231b8adb041da8099d5ae2f9,2017-11-16
4fbef147dd3264b3b8764ea9ecdc462f,42cabe59c2d8dedc4cac7e52a2eeb731,delivered,2018-06-27 10:15:36,2018-06-29 02:53:19,2018-07-06 08:39:00,2018-07-10 19:41:29,2018-07-26,6869d6527fe0004e8a9ec53cbf220531,2018-06-27
090353bbd0b20f65c374b389aa15dcf4,975b4155ac0320833dc30e150b1d5ce0,delivered,2018-07-24 19:26:30,2018-07-25 02:50:16,2018-07-26 16:03:00,2018-08-03 15:02:13,2018-08-15,69eee323aa549b444026553c25e378ba,2018-07-24
a5a9f45d795fafe0077043697f62fd4f,666042f9936326aaee21b02eedeedc79,delivered,2018-07-04 14:45:20,2018-07-05 16:30:50,2018-07-04 13:41:00,2018-07-11 23:08:32,2018-08-01,61bf8e4656ece5791021786c756f1894,2018-07-04
e3e81ec82803ad01f1d0569485ea0b75,4b18fb110efbfff3ebecb22c9127f816,delivered,2018-02-16 12:57:20,2018-02-16 13:07:03,2018-02-21 20:23:30,2018-03-02 14:35:53,2018-03-12,e25a36b02a88228100e0d0e53d845777,2018-02-16
53db88291e76734a879285c628cf2ce1,80bdf2f0a0f516837cd3387d82fdf5c5,delivered,2017-12-29 11:47:28,2017-12-29 11:58:22,2018-01-03 16:28:39,2018-01-09 18:08:20,2018-01-29,35f6bc9b5c9f8790b3ab9d66f91cccd6,2017-12-29
f58a410869583fc8b7c47aca74ef43c5,f147125795a7a02f3c99864c16f99fbd,delivered,2017-05-23 16:32:06,2017-05-23 16:45:28,2017-05-24 15:21:41,2017-05-29 07:44:02,2017-06-26,78619698bdaf96e23374133380aad18f,2017-05-23
e4805728ef2799ec455a63ddd08aa52e,71f94b6f47acb3bd2047fd4d1800d2e1,delivered,2017-11-24 10:19:23,2017-11-24 10:32:38,2017-11-29 17:32:40,2017-12-20 21:53:43,2017-12-27,71fd4b8ba810c0b2bcddcebf0fbd159c,2017-11-24
f14a4d4319ffc65a920a962e0532907d,cbd8e50ddd632c2457b5b6340498e211,delivered,2018-04-05 20:15:38,2018-04-05 20:29:13,2018-04-07 01:14:38,2018-04-14 18:05:07,2018-04-30,7adc15c4b9311265f52ff75519301a23,2018-04-05
d48af423b2e9d7e208f37ba365eebc1a,4babb868246b861f9f4acb33650d5505,delivered,2017-07-07 09:14:09,2017-07-07 09:25:20,2017-07-07 18:17:25,2017-07-19 21:33:35,2017-08-11,6409bccd4062c7105e9fd94c9a72082c,2017-07-07
55ded7b9e61d1c3f566b5bd78d2705a7,0b9a8afe0b1b0528e5f71368e7554722,delivered,2017-08-28 18:19:32,2017-08-28 18:35:06,2017-08-30 12:17:48,2017-08-31 13:27:17,2017-09-11,f1c0a99b859f709be78ef0d292178403,2017-08-28
7837962c3d0968b066e6e54738c2f307,d8f2b7c4dca5dbd34d5e86fbb6f905c8,delivered,2018-01-13 20:42:27,2018-01-13 20:50:25,2018-01-22 20:28:40,2018-01-27 00:12:18,2018-03-07,cd9a044f87d915231595e7fd53afc858,2018-01-13
d21ea1f0cfac8642b1a98b71ac53e32f,0812b360195c1929d1c73e9ff946522a,delivered,2017-08-20 20:11:55,2017-08-20 20:30:15,2017-08-24 21:23:59,2017-08-28 21:14:45,2017-09-18,98b69c34f0422d2e025280b55531166e,2017-08-20
63020d26ebaf7d3f0b7b2a79b9f76124,ea31a5b1fb564b6b82cd8f5a3a51c12e,delivered,2017-07-30 10:01:10,2017-07-30 10:15:18,2017-07-31 17:07:56,2017-08-03 19:42:10,2017-08-18,7daa7f83ef0ca0a09558509d899dc092,2017-07-30
a5a315fbb356c78710a6c0c4129525d0,601e4637ee77e342cd967dab2de46cab,delivered,2017-07-26 07:54:12,2017-07-26 08:10:07,2017-07-26 15:09:59,2017-08-04 18:57:30,2017-08-21,796af4fac93296428070925a8a78aaa1,2017-07-26
2ac8b5ea56aeef62ecdcdc509cb1efaf,68d295367a8abcda02105da98b108bc5,delivered,2018-02-10 13:18:14,2018-02-11 13:15:45,2018-02-15 22:35:51,2018-03-06 21:58:22,2018-03-14,61f2b8785cd7055928661d8279a55d6a,2018-02-10
100cd7893daf3992dc9d95b595c713c5,d6ede6797029d41ae9844c7f86e65b3e,delivered,2017-12-23 22:03:24,2017-12-23 22:14:20,2017-12-26 23:33:14,2018-01-09 16:34:45,2018-01-29,6e8f22264f42c5c1993803e739260ecf,2017-12-23
3b80f5f8f9c4664e52e228a8ce5752f9,b62c66b99dc904ade0b5568a95fe904d,delivered,2018-02-27 22:34:44,2018-02-27 22:50:52,2018-03-16 00:37:36,2018-03-19 15:26:30,2018-03-13,c983428690eb51af49b9481d2640f262,2018-02-27
96a2ebaf09ce36a4370b97e9fd0d5a85,a7874da00f871ce4c4110dd1f66b9c2f,delivered,2017-06-16 21:09:41,2017-06-16 21:23:06,2017-06-20 12:22:34,2017-06-21 18:12:37,2017-07-03,a83f900d3642ed994cf95b2e6092f0e1,2017-06-16
d4206a5584f401730e7680e4b9cd696d,ca8e057b7011f4a2fd41ba32463984e5,delivered,2018-03-23 13:40:32,2018-03-24 02:11:00,2018-04-10 22:44:30,2018-04-11 14:31:50,2018-04-20,9eb2218c0035fc7d6c62ae7e0c384c46,2018-03-23
60d13096e69ace88a0c5b8c3805010ca,54bd7edf8250e9e67794e9df507e3720,delivered,2017-11-06 13:48:10,2017-11-07 07:30:35,2017-11-10 14:24:33,2017-11-18 12:21:41,2017-11-28,581c85ba0bfacbdb3f21e5ac6fd2187a,2017-11-06
1bf6db71e147c950fe9925e0be89ec4b,ec26ff9b46af83d9c60691c89bf24895,delivered,2017-01-26 15:37:27,2017-01-26 15:50:18,2017-01-30 13:32:39,2017-02-08 13:08:37,2017-03-02,60e6fe581610db699ac03fec61f4d53f,2017-01-26
30d5a8ce8a4195b742a8342c739efe91,d5c1cc3d673b9f1e655ffba6b3aab893,delivered,2018-07-28 13:09:32,2018-07-28 13:24:10,2018-07-31 09:24:00,2018-08-03 12:48:42,2018-08-14,8a6f91a57c40b447d9814c5027108194,2018-07-28
6b026a0a382ef161c512318a3b1edbe1,13fcc139e9162c05fb256d3bd6fa16f8,delivered,2017-12-24 19:23:28,2017-12-24 19:30:26,2017-12-28 18:48:58,2017-12-29 14:22:51,2018-01-15,f9df625a68cf59005f7683f8d096a7a0,2017-12-24
1b2d622f7ebb8e65f7de3e389f052540,0dc0162bbe9965694a426d8c6f1a56fb,delivered,2016-10-06 11:05:43,2016-10-06 15:51:13,2016-10-10 15:51:13,2016-10-27 08:14:36,2016-11-28,7a2679d6c164f6b6a2f36daf1b2fbc9d,2016-10-06
d839ea07a528e914f89702508023da37,eee74b2a9aa0989243d2793c1a90fbf6,delivered,2017-10-11 14:49:49,2017-10-11 15:08:32,2017-10-13 21:09:03,2017-10-17 21:56:01,2017-11-03,a40096fc0a3862e9e12bc55b5f8e6ab2,2017-10-11
cb4c7b5c4ba9391a068afd96cdd155c6,57bfbfc924e39a173f599ad0b9337a0f,delivered,2018-03-20 13:20:53,2018-03-20 13:35:38,2018-03-21 19:06:43,2018-03-29 14:28:55,2018-04-06,6e51ea75bd6da3501b562b9342ab1be9,2018-03-20
c4755deb9ed712009d8442d24e290118,d3755d05f292176d47f9135f4309f9b7,delivered,2017-06-11 11:50:32,2017-06-13 04:45:20,2017-06-14 15:53:10,2017-06-28 11:24:21,2017-07-20,150eeedc7b46a9b7a77ad10e9083c250,2017-06-11
e87eae32b47767da815139559a6ec52e,412557c43340a382c45cb5729dde3e98,delivered,2018-03-27 11:13:28,2018-03-27 11:27:43,2018-04-02 18:33:04,2018-04-06 21:12:26,2018-04-13,25268e3786435da9df6302a94232b271,2018-03-27
b7d39e237d3fb31726e02fe2b8fe03f5,bfd7b93c28335b4b8cce03a5133c0114,delivered,2018-08-08 13:33:11,2018-08-08 13:45:11,2018-08-08 14:45:00,2018-08-15 00:44:41,2018-08-21,8da796b2a21c4f0bfbcae79c8507bb1a,2018-08-08
50dfd1d8502e5ef282d85dd49cee6db5,1bb8a6a63536e49d6f1a9fd8fffbe4a7,delivered,2018-07-20 16:38:35,2018-07-20 17:44:27,2018-07-30 15:47:00,2018-08-03 18:43:46,2018-07-31,f324fb2ff71d3fe466169a995de25315,2018-07-20
db19ee032409eb975bc529b906bb8298,38070926ee91423bdc82e914a72429de,delivered,2018-07-14 18:23:39,2018-07-14 18:35:24,2018-07-16 13:51:00,2018-07-31 02:32:47,2018-08-02,2ce9755c84e47b391e5255ff3e41c34c,2018-07-14
6cd62576e07ee4e0d114e65358f5d503,adedcf3136a3eef7b9c2a65d778c72c2,delivered,2018-02-14 11:40:41,2018-02-14 11:55:23,2018-02-21 20:58:58,2018-02-22 21:10:00,2018-03-01,ee464d4fde64c19df72f3051c29e0803,2018-02-14
b7efa2aa3802e7ec91a5dd59edc36488,ab106a7ee6bdc144f6c299da92e94a42,delivered,2018-06-05 12:18:01,2018-06-05 14:31:52,2018-06-07 11:45:00,2018-06-12 19:02:58,2018-07-18,c5ae6572767f4a997402acb42109c3e8,2018-06-05
6bdd3d39bb6fb16ef69ef3141a3b13f6,0a2883594e4e7a4a978b205dd7bcf909,delivered,2018-03-24 00:58:46,2018-03-24 01:48:15,2018-03-27 03:04:44,2018-04-04 17:54:48,2018-04-12,f25f4335773e57531fab383b2a86d978,2018-03-24
e4309eeca1cfe3c6df5a187c38817a5c,165b192629cbe02272e51f15c51408ae,delivered,2018-06-08 09:11:49,2018-06-08 09:35:35,2018-06-08 15:17:00,2018-07-20 18:51:20,2018-07-03,1da7e0c16d2176c357472ed588c5c647,2018-06-08
00042b26cf59d7ce69dfabb4e55b4fd9,58dbd0b2d70206bf40e62cd34e84d795,delivered,2017-02-04 13:57:51,2017-02-04 14:10:13,2017-02-16 09:46:09,2017-03-01 16:42:31,2017-03-17,64b576fb70d441e8f1b2d7d446e483c5,2017-02-04
ed20372f93978f02adb6424088ddb730,b23c436d080c30100d9e7572b6be1406,delivered,2018-08-07 12:53:53,2018-08-07 13:05:19,2018-08-07 14:54:00,2018-08-10 15:28:50,2018-08-28,d367e463a7332e0b77058a729baa80f9,2018-08-07
711093a34ef24a1588096dbf21f605af,6f7cef913f994cf692d34ff3b459d4dd,delivered,2017-05-29 11:26:22,2017-05-30 04:25:13,2017-05-30 12:22:14,2017-06-02 17:55:48,2017-06-23,cab95c7bc45c6d2ab16c2ef1a451d5e3,2017-05-29
9983e8877acbaeb33947e420587cb3df,c1f1f90164cd5b2b06886d2c982afd8a,delivered,2018-06-13 22:13:13,2018-06-13 22:39:23,2018-06-19 14:23:00,2018-06-23 00:51:11,2018-06-28,c12ccc9e83965d5711a01d0b1b22abc9,2018-06-13
f2ec8bd7dc2b9af258766fe469a5931e,2ab885f5c189c548b974c71966554173,delivered,2017-08-09 21:49:32,2017-08-10 03:25:53,2017-08-10 20:22:56,2017-08-14 20:34:56,2017-08-22,472a149da00ab76966375b76601af3e3,2017-08-09
44be4d9e90301dc9a8eb965d2004f321,858b97964d9da7c19d78ae9529dd683e,delivered,2018-07-31 22:29:45,2018-07-31 22:44:04,2018-08-02 14:49:00,2018-08-09 00:12:02,2018-08-21,5a4fa1e501791e36c757683e9fd20c1b,2018-07-31
b1d0fc0b53c9fe10e6b7c7f589c0a171,55ca353ee53173476849d5e2325d42f5,delivered,2018-03-02 08:46:17,2018-03-02 08:56:14,2018-03-02 22:00:09,2018-03-13 15:06:47,2018-03-23,a518759d7c1ff063778c623c80a3d14d,2018-03-02
dfc9bc36d5db98182f4b1dc41fe8e258,39c9dc82d5f60eb1ee8bc4fe4aa29dc6,delivered,2017-09-21 13:22:26,2017-09-21 13:35:21,2017-09-22 16:23:59,2017-09-25 22:53:41,2017-10-06,1f6d48610f32c723924f9af3e88f1c64,2017-09-21
93abdbce647cddc77973a6d8c25643b8,2f766899da1a4ed5aeac6aad33b901b2,delivered,2017-03-04 19:32:47,2017-03-04 19:45:19,2017-03-10 09:36:01,2017-03-27 13:56:17,2017-03-27,6c1dd46ea7d3dd06eccc8adc584795ec,2017-03-04
6222f10321c7b098c4d165139993de63,e116cc872d298c958010d6d0b888682d,delivered,2017-04-25 19:30:13,2017-04-26 09:34:57,2017-04-27 11:24:46,2017-05-17 14:54:46,2017-05-22,b44e1f9810edefc97e2037154fc20a7b,2017-04-25
422040395c164b8b5c0255af3c710646,3680a273ddb333253fa2edc7d3f8a3f2,delivered,2018-05-14 10:33:04,2018-05-14 10:52:36,2018-05-15 12:00:00,2018-05-19 10:47:43,2018-05-29,6cbfcc29787035834a40a46f5898436a,2018-05-14
5181858c29858ceca3dd9e548a42b2b5,2eaf159c93d99b57a33a06a905515928,delivered,2018-02-11 15:36:19,2018-02-11 15:47:44,2018-02-16 23:08:02,2018-02-23 22:21:35,2018-03-23,88045334fb959b5d4424ac3483259825,2018-02-11
a5b16df50e965748a0f8406dd415f23c,9e0b227113c81f8f7091ab121ac98796,delivered,2018-05-14 16:47:26,2018-05-14 17:18:42,2018-05-15 11:38:00,2018-05-17 04:53:21,2018-05-25,55310366b1116f6cf157b304213b24e7,2018-05-14
fb9dfd220475cb09f9902b297309db9b,a068602cedd0771887f43fce7f02b536,delivered,2018-02-14 21:13:12,2018-02-15 03:51:03,2018-02-16 11:05:40,2018-02-19 21:04:16,2018-03-01,ae435cce5c0d593eef879232c85c223f,2018-02-14
7b9783133bb4a92b0c131b1b4f7657ea,42db1aa24e501b47e6dfca5bb3bb0dad,delivered,2018-08-09 12:44:07,2018-08-10 03:05:10,2018-08-10 15:02:00,2018-08-15 22:34:43,2018-08-24,c70dfb293b08af5444cf2cf527b8836c,2018-08-09
d6d5256fd785237c4ace6b84392b2e28,6c623f1b4503c2dbf54682681e0052c8,delivered,2018-05-22 11:32:20,2018-05-22 11:54:04,2018-05-23 14:15:00,2018-06-05 22:14:34,2018-06-07,67228461aa3f91b2511b439d74ad353d,2018-05-22
0983f1f175846f974bff91862731fa68,43828af3e880066850c0cf0fc0f5e56a,delivered,2018-04-22 19:36:08,2018-04-24 17:55:38,2018-04-23 23:12:14,2018-05-03 00:21:29,2018-05-23,a7d4cb9ba936ebc0eb30b73c5d3a62d8,2018-04-22
62686dac3e596036e72fe0beb571e45e,c5bc17c73ffd41f07795aa3f5a5d1170,delivered,2017-10-13 13:10:42,2017-10-13 13:26:51,2017-10-16 22:49:02,2017-10-26 21:23:42,2017-11-27,50881a1a7cf12940a91d1f5738e373df,2017-10-13
df5c9b471c8cb2bf4fd5d986d8811ed1,eef9f64c72e64a8b3cb14ac0a1a83161,delivered,2017-09-13 22:21:07,2017-09-13 22:30:17,2017-09-25 21:13:10,2017-10-06 21:42:11,2017-10-05,7542698921c5856de2ce737b2f0b57d8,2017-09-13
c1b3a881aed70415ec2c1cd40d217d5d,cf97ee37711c253f86497974524d479b,delivered,2018-02-28 14:42:53,2018-03-02 02:10:02,2018-03-02 23:46:03,2018-03-14 20:06:31,2018-03-22,ee93308f8889d7d12be43a9d18bcb405,2018-02-28
cb2dcd0d679928c3c5d29e5479982901,a48133e2358b288d04447786a3eb902b,delivered,2018-07-30 07:00:26,2018-07-30 07:15:07,2018-08-10 14:00:00,2018-08-20 15:06:34,2018-08-27,8df948efd5c903f51e2b7353430700c3,2018-07-30
58bb1a30c2cb9520d5de66b39ed7cc0e,86a1b4e2bb98478774726fae917521e2,delivered,2018-04-24 18:39:22,2018-04-24 19:24:01,2018-04-26 09:41:00,2018-05-03 18:02:53,2018-05-18,a8d9996df2746151fe72bc5beca5ae24,2018-04-24
a9ae6eca3010b51cb0a83c46e7c3ed4e,9379746d16b07564085e98f254ed562c,delivered,2018-06-16 13:50:09,2018-06-16 14:17:54,2018-06-22 15:17:00,2018-06-30 06:37:38,2018-07-18,16e2049fb3bafcda8ae6c196df3be9a2,2018-06-16
954945beeb5990c532ac06d464edf931,893c3461da11001c1a1d9bf9afd13aa5,delivered,2017-11-05 21:29:37,2017-11-05 21:50:56,2017-11-06 19:47:04,2017-11-16 20:58:40,2017-12-04,d56879f3551bb3b35caa7950ef7e7dd1,2017-11-05
f8ff5b18bc19c8bf59c91bf6cda39f38,12086658a24c5d25b21a4712a3caa85b,delivered,2017-09-18 10:27:36,2017-09-18 10:44:19,2017-09-18 16:22:08,2017-09-25 20:02:22,2017-10-09,09c03c5c2c4782bf7b359cbe07e4250f,2017-09-18
357d14cbf3b59ba6e6ddb0b402b3d171,9c3b462284d39b618ac5e63df6badf6d,delivered,2018-08-15 22:03:02,2018-08-15 22:45:07,2018-08-16 14:10:00,2018-08-24 21:39:50,2018-08-27,e230a164fb32a2f0e5c0fc37eace2170,2018-08-15
87f48ad03a575830fd30137520ef411b,e65bb7ea45b4d422fb0c5229bf8e0e48,delivered,2017-02-01 23:33:27,2017-02-01 23:45:16,2017-02-09 07:37:27,2017-02-14 14:49:01,2017-03-10,57a00f215e83a19190f6a5dded389806,2017-02-01
b467baaa7d5fb3f77eed1cda6438100e,072c4dcd0f16b2e0d13dc2dd1549d17a,delivered,2018-01-07 14:49:19,2018-01-07 15:07:13,2018-01-09 18:28:45,2018-01-11 16:37:25,2018-01-31,bc75ced76ca29e9e5e3e0e267b79dea7,2018-01-07
e28e3a2634cfaa83736d5dfd494f3640,bdd0815262a2321eef5cd84a7846b0fc,delivered,2017-03-29 15:06:02,2017-03-30 15:55:19,2017-03-31 17:33:04,2017-04-12 16:22:24,2017-04-25,30b03f32a9ab981472ef15782f5a0071,2017-03-29
06c94a45382f44abb2968a87bcee9bcf,79566318b6a66b5ea84699122114a934,delivered,2017-12-10 13:55:22,2017-12-10 14:10:33,2017-12-11 16:58:18,2017-12-20 12:03:41,2018-01-05,4e95c3db873ad0daa03d9a233362396d,2017-12-10
036cec7829a9824855ee4c751a430313,6e1cc706f1e28392811d300080f12b31,delivered,2017-08-04 09:00:00,2017-08-05 02:55:22,2017-08-07 15:38:12,2017-08-08 18:17:00,2017-08-17,63ec7aee579f48f776b3fefa90d0a4d9,2017-08-04
432dda62103eec3ce47848ef832768a0,8db78eda876f02c5113ae17697ec1dd4,delivered,2018-08-17 21:54:26,2018-08-21 06:09:57,2018-08-22 14:47:00,2018-08-29 11:22:42,2018-09-05,fed93a0c58ebbe0a50bad4d8df8863f5,2018-08-17
48758b2dd346fef45549ec77da5bc6ae,99824dd9a495542e08c9bc94be3742af,delivered,2017-08-24 19:19:05,2017-08-25 02:50:46,2017-08-25 19:15:40,2017-08-30 15:27:58,2017-09-18,09b9f8efd35809e5e8e5f58b0588dac9,2017-08-24
f7b92e474008eb1405436c0e326d0f2a,27d48e22b8c8fe2d1c170758aa7315dc,delivered,2018-02-01 13:41:36,2018-02-01 13:50:31,2018-02-03 08:51:50,2018-02-03 15:36:27,2018-02-19,e8909eabc0b5ef3f6e86cb6a53fc6758,2018-02-01
3fd0d04de88c8b59a53bc56703895c20,e6a2d06772c6da35a68f8a3456c5c1a2,delivered,2018-08-16 10:27:30,2018-08-16 10:44:13,2018-08-17 13:54:00,2018-08-20 21:46:28,2018-08-21,9d24f678ee98bb5e947d54918a6447f6,2018-08-16
b3e51e0ed55ecfc735545f286635be5a,a98b68ff42eb2e456dcdc006983514a7,delivered,2017-10-13 11:07:59,2017-10-13 11:26:46,2017-10-16 20:40:00,2017-10-21 11:51:53,2017-11-01,4e80ecf05e726d3b9ec3cd93577f5a1a,2017-10-13
40ec2cf5cb1eb0bf1ea2b117552fecb5,c9de938da00c05ca53a91f3c9b958abc,delivered,2017-11-09 08:55:21,2017-11-09 09:06:35,2017-11-09 17:37:07,2017-11-21 00:12:15,2017-12-05,668a97d6246427dbd84719e055c7c2f6,2017-11-09
06eda05597492635e3b91e00aa434332,0d50609a16197a4158052601ce51d830,delivered,2017-05-22 23:20:39,2017-05-24 03:05:27,2017-05-24 10:07:21,2017-06-01 12:51:31,2017-06-13,844f54c49898195cea2b5ce2f541b586,2017-05-22
474e08f4d1c9fa11a89dd4b8042cb54c,c6abdd60ec2989429e4fe559248e0089,delivered,2018-01-15 23:32:05,2018-01-15 23:52:16,2018-01-18 20:31:16,2018-01-24 17:18:12,2018-02-09,e9e106a3223495b9c7bfe80b84a5c293,2018-01-15
5fb90fed46dfc44305e1c3ecb5f16a2d,9b242aab6db41736d33c4b915c3b5d06,delivered,2018-04-24 23:00:56,2018-04-24 23:15:19,2018-04-30 06:16:00,2018-05-04 20:42:15,2018-05-16,c0e7c66e7a42ec16b175f04db80e6eb1,2018-04-24
8f62b43c005fef494fe6d25e46006652,50e144a731c36643ddae31575baa5c6e,delivered,2018-02-19 12:23:34,2018-02-19 12:35:37,2018-02-21 00:07:15,2018-03-08 00:22:15,2018-03-16,e06358b52b33afa8edfe5a0664cfe9c5,2018-02-19
5b686ee96f05cb6987dda1919ebf2bdf,d5d24a76ecdfa98e6eb0eded76fa1e8c,delivered,2018-08-15 15:26:10,2018-08-16 10:10:28,2018-08-17 14:48:00,2018-08-20 20:46:51,2018-08-22,9febc9f07c093eff66ee9dae0dba9aa8,2018-08-15
6f11dab101ebb707fcdf02f89d524482,862fff42e0e51660a3d140ee46ca9747,delivered,2017-02-24 10:17:12,2017-02-24 10:30:11,2017-02-24 13:18:07,2017-03-08 12:01:28,2017-03-21,b5a873077a79d73dff6222a35b7a4f79,2017-02-24
971dae4156d63b465b28ce4e45afc849,ba28f5e789469764b295ecdb66470d9b,delivered,2018-05-07 12:39:10,2018-05-08 04:55:15,2018-05-10 18:29:00,2018-05-17 19:38:39,2018-06-04,5078b16249b55c1b790a5756a02ddfe5,2018-05-07
a769126f033474696dd593d143b450d4,f104b5445c31fb5895fac27d95a3293b,delivered,2017-11-24 23:51:56,2017-11-25 02:33:18,2017-11-27 22:25:40,2017-12-01 17:29:02,2017-12-21,8bc3d44aa4dd9ed3829ce1fb6633ef13,2017-11-24
f27fd91fafee87eccffe0df85538c795,74493089cad5208903209e997a8eb9af,delivered,2017-06-14 15:39:33,2017-06-14 16:02:40,2017-06-16 15:36:02,2017-06-28 16:46:03,2017-07-17,298888cf6c1dc18e17e944817c30d579,2017-06-14
d4421539677ce8da70f3abf867adf15c,01a0d45a369a4356ac4652584652109a,delivered,2017-01-25 11:45:19,2017-01-25 12:03:07,2017-01-26 14:59:13,2017-01-28 08:23:45,2017-02-20,611110d26326c28456ebe437516be00e,2017-01-25
70786de34f40ec53c3e3d31460dfb880,c84d204933f28e79f84d0f00c8b5f7f9,delivered,2017-11-24 14:18:04,2017-11-24 16:32:38,2017-11-27 21:12:35,2017-12-05 12:28:33,2017-12-20,b5b7c916a220cb52bb0ffc490e6b9cdc,2017-11-24
8a723730400b508cbf47fbef4a76ec8e,f19376e0c54da9409485f7ef9556d367,delivered,2018-02-18 12:41:01,2018-02-18 13:46:36,2018-02-19 20:26:45,2018-03-03 02:48:53,2018-03-14,835118867c6782d84b62ed6c3c9db455,2018-02-18
98177e77e8e13fdf6cf26a7e98d86f02,70a67f9fe1f69b4920cb3c1092feb3c7,delivered,2018-08-14 15:45:12,2018-08-14 15:55:30,2018-08-21 14:39:00,2018-08-27 17:57:22,2018-09-05,a72f685c4420b26892fe72bfcca9341b,2018-08-14
9e22fb4a47d29059ef9689ca8b26d8b3,dc7dc47999d1b3c4c2f6a085a1a76eef,delivered,2018-02-17 01:22:20,2018-02-17 02:07:45,2018-02-19 15:48:39,2018-03-12 22:05:09,2018-03-19,ca77025e7201e3b30c44b472ff346268,2018-02-17
2da5750fca320dddda4ce9b8c7e08f42,ab85c1abaa5e143a652cb4f298fa5776,delivered,2018-03-09 00:37:23,2018-03-10 15:48:39,2018-03-14 19:58:32,2018-03-22 23:16:51,2018-04-05,e0c3bef7c7e5679c7776c40abec7fe2b,2018-03-09
ec807fe5bae575f10d2ea7ea344c4ab2,d84d2c8f4e9116c3265621f8a196d93f,delivered,2018-01-29 20:44:23,2018-01-31 13:32:25,2018-02-05 20:29:01,2018-02-21 22:12:27,2018-03-05,b34b19f2e95ee44588f6fc8211e9e73d,2018-01-29
061b74bca735bb2c1953e40bc098101d,0c8050459705eab48d6faf4b118109be,delivered,2017-11-22 20:40:31,2017-11-22 20:48:26,2017-11-24 17:14:40,2017-11-27 13:47:17,2017-12-07,23a77d53d020df90a645854f07cbd8ef,2017-11-22
05147da86ae779803eaa2a5480010af9,83a4c167271d0e1fd401e9f18a66d7c7,delivered,2018-06-09 01:44:40,2018-06-09 01:55:12,2018-06-11 14:56:00,2018-06-12 20:50:42,2018-06-20,eec986cd55c7e9216de6c9cbe49979d3,2018-06-09
304d09edb1e5147a08dde21e0efc3443,f6ad977a249563a1b6f614caa83909dc,delivered,2017-08-23 14:18:28,2017-08-23 14:55:25,2017-08-24 17:53:56,2017-08-25 12:00:13,2017-09-05,83450bc87c9135bf76eccb936c559f8b,2017-08-23
79563470c891926bb9507d1ad1ff661d,27fc1e85ea154f4ad91805cf8ce1fb55,unavailable,2017-07-05 13:51:35,2017-07-05 17:39:16,,,2017-07-27,7f2293fcdddb291f4e23e0f5d94bc2b6,2017-07-05
6c7b7abbea636930355172ccc20e3ee5,48e3a9de59a791697c8face0fb3d439c,delivered,2017-07-16 19:11:28,2017-07-16 19:25:15,2017-07-17 19:12:20,2017-07-31 21:03:46,2017-08-16,fa57ef337cf4dbb67f82bc1d68c2da1d,2017-07-16
475222e589bbaeac43093fcf2c855301,5df9d74d1d062721c63f353c1fa4eec0,delivered,2018-07-30 12:48:54,2018-08-01 03:31:53,2018-08-10 13:16:00,2018-08-15 20:32:34,2018-08-24,bbf7aecb4272f755e7ac76ecbe556345,2018-07-30
d1a10e07647c7845b8590cec57d589c1,7d8f985a0701cade02a5bae6f2d6e00e,delivered,2017-09-14 20:27:07,2017-09-14 20:35:14,2017-09-15 20:57:34,2017-09-27 14:45:12,2017-10-03,60a22f2188cd2b544c45f103d0e00539,2017-09-14
1a3a7d56968e2833fcbb6d4f6885c1cf,2f364a588ce20ad014cafdedbd623310,delivered,2018-08-14 07:44:12,2018-08-14 07:55:09,2018-08-14 15:10:00,2018-08-17 21:42:41,2018-08-31,374f6f36f49399403bb170eb8d4cd468,2018-08-14
a1567768e86bf73e0df3f99f8c570017,bf4ffb93deb3209078a57ff4cb6d1ba8,delivered,2017-09-16 19:00:20,2017-09-19 03:45:35,2017-09-20 13:35:15,2017-10-03 19:47:10,2017-10-04,fad17ecf6603dd5e8267abd2b3bf05d4,2017-09-16
ff37040ee7efbb9709c2b4389c4c0fc4,7ae52499270f3ed60225e78f0e0edb02,delivered,2018-02-27 12:30:35,2018-02-27 13:30:26,2018-02-27 22:32:36,2018-03-08 20:44:32,2018-03-22,944ebaf47533d6dea79235f8a6553f6c,2018-02-27
35ca13a1178f68d06aeb72c659c67caf,532ba8d37f21feb6c733fe3847aae08c,delivered,2018-05-14 17:21:38,2018-05-16 03:33:49,2018-05-16 14:45:00,2018-05-22 16:32:45,2018-06-01,b756ccef599fe131977b15f20c8a913d,2018-05-14
2d87139784a415f78f9735efcf693157,4335b568a53f4f44d1c91f4ba2f45785,shipped,2017-09-13 00:33:15,2017-09-13 00:50:53,2017-09-14 21:44:24,,2017-10-02,5ea8ee291160002ea22b11f2c54a6c00,2017-09-13
b2ae55d11609779855c398bc2bd74fd4,c9f8da8278a23eb777ede2591b9ad3ee,delivered,2017-05-27 16:15:38,2017-05-27 16:25:09,2017-05-29 13:09:24,2017-06-08 12:03:23,2017-06-29,c2551ea089b7ebbc67a2ea8757152514,2017-05-27
119c9e36858ecf81f6a55cf7f7b327d2,ed4faf80f9e7b4f76a1cda3fd3f677c3,delivered,2017-10-03 21:28:22,2017-10-04 21:35:17,2017-10-06 18:43:52,2017-10-10 18:42:48,2017-10-25,f606b0b8bf72286165118a734858718d,2017-10-03
74322a01b770c2ea38b56ed4c96071df,6ce02ad1cf761c5d0dfe8a6c1c023433,delivered,2018-07-19 09:22:39,2018-07-19 09:35:19,2018-07-19 13:06:00,2018-07-26 14:38:34,2018-08-13,55ada0c8e02119e570b002a700dac03f,2018-07-19
dba36613ffc9294e2d9f72d3c33770fe,c05f7e2878efaa870798f749be8e8fb0,delivered,2017-12-06 19:02:05,2017-12-06 19:13:36,2017-12-13 16:48:51,2017-12-17 13:08:40,2018-01-10,c2db5756a18d331cc4e4bfd1e7788640,2017-12-06
7b80eb102c74259844e5a4fc17cc7c26,1bb7acd4379665fc66db106260c38b0e,delivered,2017-10-19 10:33:51,2017-10-19 10:46:25,2017-10-23 21:10:04,2017-11-13 23:41:56,2017-11-21,15eb6c5aa4aa23cbdb42e119220d23ec,2017-10-19
7cce12147e61d695697db09de514a27f,5953d643fe7d27d544a2dbc0bb1517d9,delivered,2017-12-23 13:44:46,2017-12-24 13:35:26,2018-01-04 23:13:39,2018-01-23 21:29:06,2018-01-22,dd541f4e3dd76337abcc30beba79fd41,2017-12-23
5837e636f693fdd5742b60106640886b,f7ac2fea33182bef4f8d0abd7257baac,delivered,2017-07-18 19:01:54,2017-07-18 19:15:19,2017-07-19 19:12:02,2017-07-27 17:44:31,2017-08-15,a63a8455ffde297045a6d401a48ce79c,2017-07-18
38ee0413fc5a49c0c2eab6864776bf2b,6093facc8a1c13bd8499e221125e9d59,delivered,2017-06-13 12:22:32,2017-06-13 12:35:54,2017-06-13 15:42:07,2017-06-22 15:27:10,2017-07-11,c243634b2e46f710549f7bfe8522990f,2017-06-13
6aa38fd3d451d8aec32d57d833b04083,e3380ebaac614946396a5252ef205f6b,delivered,2017-11-27 14:53:37,2017-11-28 03:19:51,2017-11-28 21:13:37,2017-12-15 00:07:50,2017-12-22,5945e5712b7d951088ce6d5e13d972e7,2017-11-27
c5f9505b4bf9db0433b371002f7be6ff,d7837537f0fbe29cade1ee024539bbbc,delivered,2017-04-23 18:02:49,2017-04-23 18:10:16,2017-04-24 13:21:59,2017-04-27 12:30:21,2017-05-11,c177749709d397d0804955f17d05f494,2017-04-23
a47d6503b097b0a27377d57e6d5feaf9,c55d3842970157843ed8114b7ec76153,delivered,2017-11-17 19:53:32,2017-11-17 21:10:37,2017-11-22 11:58:20,2017-11-23 18:02:41,2017-12-01,2f1c76c2bc1797d9f84853404f4e20ed,2017-11-17
e04abd8149ef81b95221e88f6ed9ab6a,2127dc6603ac33544953ef05ec155771,delivered,2017-02-18 14:40:00,,2017-02-23 12:04:47,2017-03-01 13:25:33,2017-03-17,8a9a08c7ca8900a200d83cf838a07e0b,2017-02-18
8493585c508f9c5e56d34538219d415d,33d6613da0f9891f7a978ed75b647f34,delivered,2018-01-08 22:32:31,2018-01-10 10:32:22,2018-01-13 00:05:32,2018-01-29 21:37:57,2018-02-07,ad517903c87df3a6c1e8b5fd4edfc521,2018-01-08
47bfd5091e67cf36c5d7d5e6ca97db53,f1db37fa9a45df4db594466b460e647e,delivered,2017-08-11 18:11:14,2017-08-11 18:25:17,2017-08-16 19:43:59,2017-08-25 18:42:52,2017-09-18,a85fe8e2dad4dad74c7cc3f0801e8de4,2017-08-11
fdc4c75dff7c1545dd19c597436d6f1e,48dd4a1dcc42559b8035a9fe8d55f108,delivered,2017-09-14 08:02:31,2017-09-14 08:15:11,2017-09-14 19:24:52,2017-10-11 21:34:25,2017-10-02,af5e9dd2db7d2ad0a110f3a4b02fd783,2017-09-14
fd52368d8373ad4158396078bf5ad004,d71895cdbafc0cc4630e3470733292ca,delivered,2017-05-28 19:17:48,2017-05-30 04:45:24,2017-05-30 15:59:33,2017-06-08 11:32:45,2017-06-22,253316ac4ab3ccb4de332d3dc6d2223e,2017-05-28
84cee5c1b66cfc2dcb7c7834e7169246,11dda77241f7f71d51f1c55688fd1c62,shipped,2017-03-08 17:42:59,2017-03-08 17:42:59,2017-03-09 10:34:11,,2017-04-06,fcc258e765104e43d26c88647b24fb2a,2017-03-08
abd313023a7b029da2e5e4b6a4e49095,e019d63b966a3bfe6a48c383e6a1a006,delivered,2018-03-29 11:27:48,2018-03-29 11:35:16,2018-03-29 20:51:32,2018-04-06 00:12:33,2018-04-20,789821d5e65b233b2986b190868b6cb7,2018-03-29
1d637e7a91e7c3e0e94a91cdf693855e,58eac1322f421c65176db804697c9bf4,delivered,2017-11-26 16:41:58,2017-11-26 16:52:30,2017-11-29 22:03:05,2017-12-13 22:16:05,2017-12-20,0655191062e3fe49b0f128131c62d1ae,2017-11-26
84175e8a851461c4c7c49e278b6c0b24,26797d457f3fcf876b80c511f637784c,delivered,2018-04-06 21:05:52,2018-04-10 03:49:39,2018-04-10 19:24:30,2018-04-11 19:54:32,2018-04-18,15fe8224da740000cad6d128fed1a014,2018-04-06
180fb4e6556687774c55bc255a5f7d8a,4dce0f6722869e478f0ae39024fc5948,delivered,2018-08-01 21:16:43,2018-08-01 21:25:20,2018-08-02 15:16:00,2018-08-07 16:03:22,2018-08-21,de265abbbc00369e332f0cc51d4e544d,2018-08-01
ac89e7344d2cb5597d862e338301ef8d,33b8c73c9e6bb0e7156ddebafb5dba57,delivered,2018-07-16 18:21:13,2018-07-16 18:35:09,2018-07-18 15:44:00,2018-07-25 23:57:38,2018-08-08,65be6248a39942f9ab10da91280e2576,2018-07-16
2e9ac33fbda5666e258ed040a2def5d6,ac7fdccf1cc317b11daa5bca630c91f4,delivered,2018-07-17 17:57:28,2018-07-17 18:10:26,2018-07-20 13:21:00,2018-07-24 23:46:25,2018-08-02,926e3ac6b8dece3ece38d28f18d15bfd,2018-07-17
c679466a1ba6a8bdedcb2396f9e1dcbd,d27cc8323ccff05b970998013b39e597,delivered,2018-02-25 20:41:55,2018-02-25 20:50:24,2018-02-27 17:39:11,2018-05-21 12:18:22,2018-03-16,ce8b665ad7a00dfee2a4fbd19dedb82a,2018-02-25
0f1e7bf8658039bb445eae8393801c9c,a08364b857475227d6659db0c604ac14,delivered,2018-01-09 21:25:42,2018-01-10 10:31:49,2018-01-11 11:55:27,2018-01-24 21:22:33,2018-02-09,a2cca46dd02d0fd48d837526fae3a16e,2018-01-09
6191c14b9afcc6173831a7275f92c55b,98fac5b1b0a7bf94429c38d93a8c88c0,delivered,2018-02-24 17:59:00,2018-02-24 18:10:28,2018-02-26 21:18:08,2018-02-27 21:09:06,2018-03-19,93fa0e4424cb0c27cf32da8068c19b0d,2018-02-24
b58dafbcb3b0430b897644a9ec3063ba,322c37bc69abd0720940c927446fb734,delivered,2017-11-13 11:43:43,2017-11-13 11:55:51,2017-11-14 22:37:34,2017-11-21 20:13:59,2017-12-06,fa0701d2dced2266ee18d93d4b4fe37e,2017-11-13
db97652cf517d2cd03db63dec489ca62,a02f66c3af7b16eec19ddcd98b645fe3,delivered,2017-10-01 08:57:03,2017-10-01 09:14:07,2017-10-02 19:32:57,2017-10-03 14:23:50,2017-10-18,b3548d0cec408ae13d143bb4eeebaa6c,2017-10-01
70b35acffdf851e782ebf6fbc35eb620,8e8ee9b08afb49b080d193f98b0505af,delivered,2018-03-22 17:23:21,2018-03-22 18:05:36,2018-03-23 18:03:03,2018-03-25 17:22:41,2018-04-04,8a4002923e801e3120a11070fd31c9e2,2018-03-22
5b81d7f0f897982fce8bd000471c973a,532b34ab6e14da3ebbc775ba61bffc5c,delivered,2017-05-02 07:08:01,2017-05-03 11:22:51,2017-05-05 13:46:59,2017-05-09 11:09:43,2017-05-29,564ab8ca31faaf89e0ce856cfd7472a6,2017-05-02
9be3c9722389548409bf4cb39d07e347,259a69df1ae08bfa31e849741233d520,unavailable,2017-11-17 13:12:46,2017-11-17 13:50:33,,,2017-12-11,97de814c468893e08c96ec1575ff80f1,2017-11-17
70b9629a764d2247cf5995014b7204d2,2351d4314775fcbef54ecdf9c93ad410,delivered,2017-10-22 13:39:48,2017-10-22 13:49:28,2017-10-24 18:57:52,2017-11-01 21:52:00,2017-11-17,825d3949166e60c38be0fa30394176a0,2017-10-22
86d54b4e93f8e68d4aa40c56ea046c5a,2af07cbe0f50599955921a42c0455d97,delivered,2018-05-16 15:21:50,2018-05-16 15:35:51,2018-05-18 08:30:00,2018-05-21 14:22:45,2018-05-28,f4cd5bc269eca5d2413a8ce49ce755f6,2018-05-16
07629443859f99dfac4443b102f31ead,62a8b4a0d10a8fa0f5c34059b7758859,delivered,2018-08-20 18:55:21,2018-08-20 19:29:52,2018-08-22 06:06:00,2018-08-27 18:42:05,2018-09-11,169a96b0cee3f0ff7d95d697f10d5414,2018-08-20
f41b642bbc6b114869453f29da96d041,9eab014e2646490a4e86bf382c50f4bc,delivered,2017-09-07 21:52:13,2017-09-09 05:15:19,2017-09-12 21:08:43,2017-09-23 14:32:42,2017-10-05,76415e22ee395842dd2428a274776e94,2017-09-07
e8ab363cd45a4e68e65455199d62b45a,3b1c9e911722f3a2afa426394cae0ddd,delivered,2017-12-23 13:37:52,2017-12-23 13:50:39,2017-12-26 17:52:43,2017-12-28 15:28:46,2018-01-16,11375e463611310a6d7acfba83dc1fd7,2017-12-23
8bde999dc4ad8ff2e39ca01c02a81119,af8eca1095bc8382cfab2c15ebc02893,delivered,2017-12-22 00:50:48,2017-12-22 01:09:41,2017-12-27 17:00:31,2018-01-12 22:07:04,2018-01-22,2778aca502ff9de17286ac235086a248,2017-12-22
ab86581e77285de292e93cb8d740c088,248df208f5f2b43913897e9789bb4ea9,delivered,2017-11-03 00:18:41,2017-11-03 00:30:40,2017-11-03 18:03:51,2017-11-11 16:51:25,2017-11-29,af8b2d09c4aa3036566914760882f8b7,2017-11-03
b95b6670f71063249d81bebc3607e5d8,18a7c9329fb1cb4141652cccf84dad25,delivered,2018-05-07 23:01:29,2018-05-07 23:12:36,2018-05-11 17:25:00,2018-05-14 15:52:54,2018-05-18,11ea710f79bf401804796bfe35fe3a2a,2018-05-07
be624b5788e2a4d4dfb9414c378c20c6,53c756c5593a91a5f091245c9248ba8e,delivered,2018-03-12 10:59:12,2018-03-13 04:30:33,2018-03-14 18:24:42,2018-03-20 19:49:27,2018-04-02,4637341cc744f926465ae19c6a45b05a,2018-03-12
d61195546c8c9629c764caa807cda4b3,24f356c2e7de022f4b835936a717c55c,delivered,2018-03-31 09:47:28,2018-03-31 10:20:07,2018-04-02 22:38:38,2018-04-11 19:57:36,2018-04-23,d63d0b04501d2e9583cfe64e6e9f7eda,2018-03-31
a1b442b97cb70e7207abe3f32a01e3d0,127220f5fd65f325977f3c96d2538ea7,delivered,2018-08-01 00:29:18,2018-08-01 00:44:06,2018-08-01 11:06:00,2018-08-03 13:41:00,2018-08-06,a69774cf9758fc590d8cd63a1192f717,2018-08-01
07bebe0626c8053ad425381fe0882655,a7077f133d9d048e55dc77a59d97c83e,delivered,2017-09-22 11:16:39,2017-09-26 04:07:12,2017-09-29 22:33:53,2017-10-05 21:07:46,2017-10-19,f175a16d4e5581676e72c0d321d9ff7e,2017-09-22
c141e82dd061bbbebac085233c86b4c5,80447be02d8f3f3f309c7df938a08501,delivered,2018-01-26 13:47:09,2018-01-26 13:54:23,2018-01-29 16:11:38,2018-02-06 18:12:58,2018-02-23,971a20d854409a87231b42d25a84e08e,2018-01-26
4bd17c85bd06ed500f1619f6692ea8af,04a8bd329a1b13af8d394f37c6214ab8,delivered,2018-07-20 17:46:35,2018-07-20 17:55:15,2018-07-23 13:27:00,2018-07-31 20:42:02,2018-08-03,0694d901d7d88ffc1781dacfda6cd048,2018-07-20
28618be7d166aad45ab14e9bca43cc19,0bb1934e205755a2bdf69b04687d6673,delivered,2017-11-23 21:49:37,2017-11-23 22:07:54,2017-11-24 16:59:10,2017-11-25 17:09:09,2017-12-07,8d0615e684b7967c26746909cfe2c6ac,2017-11-23
669680ec0096baf96bb966401209e3f3,541b98cb6ebd8e11ee8508bb7e6fedb9,delivered,2018-07-26 17:49:11,2018-07-26 18:24:00,2018-07-27 09:49:00,2018-08-02 00:42:52,2018-08-17,a2dfb6300b6b54d58dd005d415dde92b,2018-07-26
9a259797098595401e84f676d0c57320,7770ccf71966b4049b6d62d1eb8173ef,delivered,2018-03-19 19:37:39,2018-03-21 09:48:05,2018-03-21 21:54:31,2018-03-23 18:04:12,2018-04-03,65ff65476364f61bb41f6c7fb47d623c,2018-03-19
5c69ba235cf7367ca4d4c38d8492ffc3,8e0d53f24ac9d60553a339b27c9276e2,delivered,2017-12-03 23:51:39,2017-12-04 00:01:26,2017-12-04 22:39:55,2017-12-06 19:51:51,2017-12-20,d512efe00e46778d7e90609664c6fd92,2017-12-03
a9e82e27071377dd0aeea6b3f4352cd1,667e983972ff288d808315f519970c0c,delivered,2017-07-01 09:34:04,2017-07-04 04:10:28,2017-07-06 15:29:25,2017-07-26 17:57:50,2017-07-27,f8666e50d990ee722b53e8a3bdc57fbe,2017-07-01
d4da0eae97584a51df1e150a105e4f20,d40a1ebd5fb73cb6fc9950aabd029157,delivered,2018-04-25 11:30:10,2018-04-25 11:51:50,2018-04-25 13:31:00,2018-05-02 22:28:40,2018-05-16,6908e4e7bfeb7c99bc98f93ead3528cb,2018-04-25
1f4b51173e5abe491422314a94e7363c,028d8c05f2fa9d1b4923352586e800ba,delivered,2018-04-15 22:48:48,2018-04-15 23:10:05,2018-04-20 15:36:26,2018-04-25 14:22:03,2018-05-14,1543abf070395977b2de5362138306a8,2018-04-15
1c05b5c04855d3158e6e53760add7386,69ef16c37c5321b59e8872d780ffb5b3,delivered,2017-08-20 21:37:23,2017-08-23 12:30:22,2017-08-23 18:53:17,2017-08-28 19:22:59,2017-09-25,e00ff363b36712bdb3e05c7cda218272,2017-08-20
18d577e5bde66709509e694e7c6b6b17,820b092204a360812250a1e1d6d53f20,delivered,2017-05-31 19:37:02,2017-05-31 19:45:18,2017-06-01 13:54:03,2017-06-19 20:02:32,2017-06-23,d5041ac956dd7e7319481ae5eb0e5673,2017-05-31
afa610ea863dee3d85954aa87a22ba6f,2677c0511411111041b6e98a5d74c5c0,delivered,2017-09-05 19:16:50,2017-09-05 19:25:18,2017-09-08 15:29:00,2017-09-12 20:57:30,2017-09-27,6963fcaa55875dfdc09d7faee1a6f445,2017-09-05
3f78fdb829925037b11baf136f99980b,64404ce00502bd5bde8b635a0e328260,delivered,2017-11-28 12:34:35,2017-11-29 02:20:26,2017-12-01 19:32:54,2017-12-11 20:19:04,2017-12-19,4ec3e8baff65069114a2cb9fc2f9ff9f,2017-11-28
8ea0b79c236245df6eee59b3ff482763,0b7d758a3562abc14d8d39a2b66afdfb,delivered,2017-08-10 17:25:40,2017-08-10 17:43:43,2017-08-14 19:45:04,2017-08-22 15:22:19,2017-09-11,f54b2ebefa4a4e43e7fcd3b4de96795c,2017-08-10
c608c480ac442c0ee8203c097fca5f3c,6c4b70fd370ce3e7ecf666586a605d8e,delivered,2017-06-25 13:54:11,2017-06-25 14:05:13,2017-06-27 13:28:07,2017-07-11 21:14:37,2017-07-20,7e8ec368d51d96e6507e6cca6953dedb,2017-06-25
01f80c40f143af17e50622fe26ca76c4,6909938bdfdc79e0e6a5eeeb781566ab,delivered,2018-05-20 14:26:45,2018-05-20 14:59:28,2018-05-21 12:42:00,2018-06-02 12:27:35,2018-06-19,425697ce3d3fac914952c34f43c9dece,2018-05-20
a853b6bff6aa5aa6ab496c76492858b8,9c79620850f924db64e54c2b12e415eb,delivered,2017-03-10 09:52:21,2017-03-10 09:52:21,2017-03-13 08:07:16,2017-03-17 12:43:48,2017-04-10,43530b76a9af5622fdbfd36db13b3556,2017-03-10
25111bc563785719a24be862c28c1b4d,e466c39be83e8b1103216577d7afccd4,delivered,2018-05-20 17:07:44,2018-05-22 07:55:14,2018-05-23 13:01:00,2018-06-04 16:46:53,2018-06-22,8c12687aad88863f160627aa762e5422,2018-05-20
7b5781a478434239a4f7a1d32292b159,56e40c6941d4143c3e969ac344ea0b8f,delivered,2018-03-04 19:53:56,2018-03-04 20:09:33,2018-03-06 01:19:30,2018-03-21 00:26:36,2018-04-03,1ba3b514be1d70d320100d30b28034a0,2018-03-04
d9117cec0a7a5bee29c4f45cf820b930,ac9650ff78fe1d4b99796c5caa216ad7,delivered,2018-03-27 12:43:20,2018-03-27 12:55:25,2018-03-27 22:32:27,2018-04-02 14:44:37,2018-04-19,9af22c5b50d36322428116c8be953928,2018-03-27
0f20a3721e8997ae2f771ec8cf0c4d3d,4629c64a048bf8a64632d31b9df84293,delivered,2018-06-22 12:06:16,2018-06-23 02:20:15,2018-06-29 14:48:00,2018-07-02 15:48:03,2018-07-16,d836cdcc6b2608a7f0ddf11e9b5bb2e5,2018-06-22
14f38e83e237f237348b97dd9f228d40,5f8529d3f9d41718127f8ed44d471c6e,delivered,2018-01-31 09:49:33,2018-01-31 14:10:58,2018-01-31 22:53:22,2018-02-16 22:18:58,2018-02-16,d55e594accb5b8cd7e3c26cdd854f5bd,2018-01-31
4db13e29abf6d3e8e492111088e60d9b,9c197102aa91a3b2cc7070559ee4ec06,delivered,2018-07-25 20:51:07,2018-07-26 03:10:20,2018-07-26 17:22:00,2018-07-28 10:03:44,2018-08-02,a35bc409f07cc07686483f116ec40002,2018-07-25
8c9210b604388d38e4ecc5eea3c06b12,7cbe12f98b9e452381c138a3632330a0,delivered,2018-02-03 08:34:52,2018-02-03 08:49:59,2018-02-06 22:48:29,2018-02-14 17:59:04,2018-02-22,d5143a55375c779f0b196d9c831069d0,2018-02-03
cdb4c1d38fee4e877cf3102aa0c5b814,89740b265a19250949dea0e212b9c92e,delivered,2018-05-16 01:42:58,2018-05-16 01:55:13,2018-05-17 12:49:00,2018-05-21 19:46:37,2018-06-01,b88c1a1d40b9b90a8d15f2d3c7e28099,2018-05-16
4008367095a0de1a3a388f38e53172c7,5514e4c07a9b3b5e5d715985d1b80942,delivered,2018-05-07 14:21:03,2018-05-09 02:54:05,2018-05-11 14:23:00,2018-05-17 12:51:09,2018-05-28,74d9f662860f35a9b368151421f05fef,2018-05-07
a3aa23c77d6830dd5cb7ad473c8df492,2ca0ca2b7b63b62a682e006a9f55942a,delivered,2017-05-06 14:12:27,2017-05-06 14:22:19,2017-05-09 07:55:54,2017-05-17 15:27:47,2017-06-06,03a7a36e23016fe4e8d04f751b51937a,2017-05-06
c2320c404179d2b8805c42b8b8de9668,6b9961cd2c203b4154482e717236a58e,delivered,2018-07-04 19:19:21,2018-07-05 16:22:03,2018-07-05 15:53:00,2018-07-11 18:07:42,2018-08-01,2d8c53115afe41713433269302e68bc6,2018-07-04
812f4de54953468bf13530e434f7de0f,9058d1725a0f910092c35f6da4a11464,delivered,2017-08-17 22:02:13,2017-08-17 23:15:21,2017-08-18 16:36:07,2017-08-24 20:13:46,2017-09-06,c09b035a91c4a94cf4bc973fb2d59608,2017-08-17
62310e6941dd333f0a8bfde5ec77d8c6,c589f4254d0f10621024209aaa1368da,delivered,2018-07-07 08:46:56,2018-07-07 10:15:26,2018-07-13 13:54:00,2018-07-17 21:48:51,2018-07-31,3e026dabdf68f6b9957ed741f364f1be,2018-07-07
1b60d2efd91abb75b6a78ba9041a3f15,22db58570a862e5c0f00125981ddf293,delivered,2017-11-06 14:17:00,2017-11-06 15:31:06,2017-11-08 20:26:48,2017-11-24 23:27:54,2017-12-01,6f4102ac174b0bf17f1495f81a6f27a3,2017-11-06
3cb62f32aa39070417cd9515cee4bae7,864230d00ad7a1903713fd184d13cfc9,delivered,2018-01-15 12:36:28,2018-01-15 12:50:45,2018-01-16 22:29:02,2018-01-23 00:14:32,2018-02-07,c0c6ca5da674e955713b978a908e233e,2018-01-15
86a0962f08397e9524a60256d2bce32d,89cddf8225b03803734da0551fd9ebf3,delivered,2018-03-12 11:55:42,2018-03-12 12:10:34,2018-03-13 20:37:23,2018-04-05 18:38:51,2018-04-04,898762bd9712febb89b2c54c50eee30a,2018-03-12
27572d0c11af71f78423d11722b2503b,9efd0db5d0d6d9c6559907be1e6bb288,delivered,2018-07-10 16:31:45,2018-07-10 20:31:23,2018-07-11 15:11:00,2018-07-16 15:52:30,2018-07-26,08075209946259e581ef013969467e85,2018-07-10
1e2751c3d3ccebf99f0de90d7fd2b279,4d076b22079be9bc624fa921a1b6b7f2,delivered,2018-05-08 20:28:49,2018-05-08 21:11:32,2018-05-10 19:07:00,2018-05-11 17:06:31,2018-05-25,d507f95c1428c6ef2990ac45fd0b2382,2018-05-08
52e6988a13f9dd7d567b0816dba52a03,8dd4c93bfbebe2a77657d46ef959a7ac,delivered,2017-07-06 14:51:37,2017-07-08 03:25:29,2017-07-13 16:03:58,2017-07-14 15:44:00,2017-07-28,6172bd5b7f52ade8c6c4548b448ff54f,2017-07-06
72cf143276433584d0f80bc348571c69,9955ed1a34b90186a17b885d97f9aef9,delivered,2018-03-13 21:15:56,2018-03-14 11:20:28,2018-03-20 21:11:00,2018-03-21 13:27:24,2018-03-23,6b1accda38fc6c15f411ddcdd8a109ac,2018-03-13
98a7b32414a076898c3312acac6f80e0,9621ad3882c6b846b19f27afc86f7e37,delivered,2018-04-05 17:27:01,2018-04-05 17:35:29,2018-04-07 01:20:52,2018-04-08 15:38:21,2018-04-17,2912db6f8894dfa5aeea61325e2d5f08,2018-04-05
2c1ac2ae4cb9b2b35618143ca66d8f74,98d8fb04ea8af6ab860458818ad53bd3,delivered,2018-08-12 16:08:03,2018-08-12 16:24:26,2018-08-13 15:26:00,2018-08-16 17:06:56,2018-08-27,562b3bca5a8903b7451462b6e7aa6082,2018-08-12
2bd2198690a2c150fe5fdc4e064ba521,01288d72df4b2a4fb61182da4113ceab,delivered,2018-02-18 11:02:12,2018-02-18 11:15:31,2018-02-20 21:49:23,2018-03-20 23:34:54,2018-03-19,5b93d204e1d3130dd6ede5da588c0bcb,2018-02-18
e3d239a9418e145764e6f99cc02d00b0,462dc285a81ff498ec5e0a1925711c19,delivered,2018-02-05 20:31:24,2018-02-06 20:31:22,2018-02-09 21:46:35,2018-02-27 16:52:57,2018-03-20,62d824384528b8f24550482f6f1dd751,2018-02-05
9c8ffc9afe14108def96d0b1a3678eec,7f59e76c0aa7ffa96374216e3fa5a4d5,delivered,2017-04-05 22:29:43,2017-04-05 22:42:43,2017-04-10 10:03:28,2017-04-21 10:22:41,2017-05-03,0c71fffae3b89f1f4c7afd556f5d29b1,2017-04-05
35df3b4dd9ccd07b51ef412f243e1483,5982de3ff1079d1226895b3b7efe1988,delivered,2018-06-13 19:00:01,2018-06-13 19:23:06,2018-06-14 14:29:00,2018-06-18 17:33:09,2018-07-05,25e5455484cf2ef3657b7808eb6012bb,2018-06-13
15324bb6dca4436f40c1c599fdc0da06,191ba5e82034dafb08271e64f2c4b9d6,delivered,2017-02-14 15:39:32,2017-02-14 15:50:16,2017-02-15 15:03:38,2017-02-20 12:31:39,2017-03-15,5f2a213343d506264f78cb82dd914434,2017-02-14
9fa2ad63a061c20fb72179b9d79bafd3,5e239e1081ebc4189ad528308bcc5444,delivered,2018-08-25 11:00:52,2018-08-25 11:15:12,2018-08-27 15:38:00,2018-08-29 12:54:42,2018-08-30,299b2d1bcebfb18807ad9185f5a1f058,2018-08-25
0b461bff8323f6fec51ec6254a81d562,3225c076223e4cf8512be1779e066df8,delivered,2018-06-22 12:48:41,2018-06-23 02:20:20,2018-06-27 18:51:00,2018-07-05 19:54:39,2018-07-11,c28c2e63e85e56bd2c80ba1c844a4704,2018-06-22
eb1d71600650b42be71f555e11a2a470,c031d16bef68d49702691e07ceb849ce,delivered,2018-02-09 21:38:41,2018-02-09 21:50:21,2018-02-14 21:59:09,2018-02-15 21:08:02,2018-02-23,68f04becbd320e5837a2df880095bb04,2018-02-09
231a870fbf37ed286dd61a582fcd03c7,8f0cfb786bfa2f508a5e1564f7f0a1ea,delivered,2017-04-17 16:00:20,2017-04-19 02:50:35,2017-04-20 14:16:17,2017-05-09 09:32:07,2017-05-11,f34dfcdc027db0be5e53a0e18f1bf343,2017-04-17
6c6b9c17b42386d2ebd32f39c03104ad,e8622c7e2a8a737d4df78990ff347918,delivered,2017-11-07 12:31:49,2017-11-07 12:50:51,2017-11-09 19:49:23,2017-11-16 18:22:46,2017-11-27,87e4174511608b3c3c252e87fd74c0de,2017-11-07
73cc50f6da428df1584e69d6e07c7884,031a4751690cb362510c7b55428f7fff,delivered,2018-03-21 21:44:40,2018-03-21 22:08:40,2018-03-23 19:52:04,2018-04-16 20:38:53,2018-04-12,7ca7d05c3739c2094a9e6d508877cd12,2018-03-21
8053ea64c064df7d22ccf2099906d406,9f629b86cfcb063c2d2d714c7dc9f376,delivered,2018-08-07 11:56:01,2018-08-08 03:10:37,2018-08-13 11:29:00,2018-08-14 17:48:36,2018-08-16,f48daf2f5cf6d61732f15d6352858b60,2018-08-07
44f77123c08b319dff9a40cb561a6169,06f3d542cb24b273ea871ad404adcf71,delivered,2018-06-20 02:49:42,2018-06-21 06:18:31,2018-06-21 14:27:00,2018-06-27 16:46:38,2018-07-16,9dfb7929049455ca5ecd4b7d154b84f7,2018-06-20
066a60f7b0700a942ba22b627ebff13b,643c75fed93c5f43541eaf9c6c8b4828,delivered,2018-07-17 22:44:42,2018-07-17 23:01:44,2018-07-19 14:59:00,2018-07-31 18:02:57,2018-08-08,a20cdc29893c82874d8609df52228828,2018-07-17
0dd85c67684153e61d0c14bf865103da,1ece1ad22029bdc9810c4d93cba3e11d,delivered,2018-06-18 15:20:40,2018-06-18 15:39:31,2018-06-20 14:24:00,2018-06-28 20:29:35,2018-07-18,980bce54f940bb95618bad4f0734f7dc,2018-06-18
82b2bf2d9e9ffb8c7689adacce888528,8a26de3460b4a7b524412245d37b5f15,delivered,2017-11-24 15:42:02,2017-11-24 19:12:00,2017-12-01 14:47:34,2017-12-11 23:45:03,2017-12-15,20d6573dac7f95308e037246c7c825f7,2017-11-24
eb20fd7b3bccf8d4f41a18760a129045,131543adb30a089bacc9f8025d1d1a4c,delivered,2018-06-25 18:04:43,2018-06-25 18:15:18,2018-06-27 06:02:00,2018-07-03 23:05:57,2018-07-18,ddeff064f932d917f4c938cbe8f4ac35,2018-06-25
0a32c98faaa09357e357a60d02704a3c,e4b0c4c6ec684f615278f2dd9d7e0bbd,delivered,2017-12-14 09:36:10,2017-12-15 02:19:42,2017-12-15 19:58:10,2017-12-20 12:43:24,2018-01-03,9c9c09ee9270bcacbcf4adec6aa1452c,2017-12-14
17dbae84c2ba2203d7ba788c85e75b45,890bbb1c24b778301acaeddd4eb61afe,delivered,2018-04-18 20:42:34,2018-04-18 20:55:25,2018-04-19 22:48:26,2018-04-25 12:55:43,2018-05-15,e6e960c1e6bb00b15cab440eef8d6875,2018-04-18
3dc3b1441a6356bd23b21ac507bd38d6,44ecc84cbb68a3b1cd5015298222b71a,delivered,2018-03-28 12:27:21,2018-03-28 12:47:38,2018-03-29 22:38:30,2018-04-02 22:04:29,2018-04-10,4329304379be864816803affb61e678b,2018-03-28
18e3a35aeb0cef53ac06a61f65c1f76b,451cb85396e597ae3bf87cfa3fd14f9d,delivered,2018-02-13 01:52:28,2018-02-15 04:07:45,2018-02-15 21:45:17,2018-03-11 15:18:23,2018-03-07,fa01b801b0581c39cc4140fb75004d6b,2018-02-13
1a7689d4e2cd47f45a8101e04ab03d51,44fa06633b8386107116fb58c5f35327,delivered,2018-05-03 13:49:39,2018-05-04 13:50:54,2018-05-04 18:32:00,2018-05-05 12:19:39,2018-05-18,aa296e5d37360fb5fcff6dc7dd8d2256,2018-05-03
e1bee8e7f813a2a119a1296c6fafdad7,eebe66e9677e5c306fa35ea0980fe430,delivered,2018-07-24 18:52:42,2018-07-24 19:05:11,2018-07-25 13:58:00,2018-07-30 22:12:05,2018-08-28,1a3eefe727f7fb12267714f60060fa91,2018-07-24
ebaf4b1faa0a7038125461afa5810651,b952cebf2ed1323e49c7e74b60326345,delivered,2018-05-13 14:53:33,2018-05-13 15:11:55,2018-05-15 15:46:00,2018-05-24 18:18:34,2018-06-01,7cd747a15b6eb374e2706259c27e96a8,2018-05-13
0ebe4171b26283e6f9f3679033d3645e,052342bf498e2b4c567acdace49e23f6,delivered,2018-06-12 21:07:05,2018-06-12 21:42:58,2018-06-13 10:28:00,2018-06-15 20:12:28,2018-07-05,be8bd4fd44097c998b45dac223dd3ffe,2018-06-12
58729d1779fe85020c40886d6bb99fa4,7f63e5417cd76d48e30a31d9669b04f0,delivered,2017-10-21 18:47:03,2017-10-21 18:56:19,2017-10-23 19:19:05,2017-10-30 18:47:00,2017-11-17,745e5855c89063226a0b8d895d4aacde,2017-10-21
31a5ceecee11538790f99ae1081e5c25,851406b866022c60fdb8a6e862808933,delivered,2017-07-25 20:20:26,2017-07-25 20:30:21,2017-07-26 18:19:37,2017-08-02 18:25:51,2017-08-17,43f0b8fa25a050c02dc18e166ed574ef,2017-07-25
9413addabc2268ea995d4e968a185ab3,e806123c621f001a180cc16fc4683424,delivered,2017-08-14 19:45:18,2017-08-16 03:30:17,2017-08-18 15:34:43,2017-09-05 12:55:24,2017-09-05,b51be90890c4f1f3e7a9141eb3fdfde1,2017-08-14
75b7d764765f4cf3a5f03e7f3f35319f,f680ea76654a400d48f8ca6d16a20442,delivered,2018-01-22 15:54:09,2018-01-23 03:52:57,2018-01-23 19:47:44,2018-02-01 10:57:52,2018-02-19,916264d8ad4f14f096a33c663343178c,2018-01-22
11aa678fe753b76d14deeb477735998f,d925369aaf494a6797ef53c9f8cb6c30,delivered,2017-11-18 14:42:28,2017-11-18 14:55:29,2017-11-21 22:38:52,2017-11-30 23:32:42,2017-12-07,8b859020674c38cf9f33f795e7a88ff1,2017-11-18
88cc318193d85451e28059b4b52b7477,a4630be1b30135bc9a0f6059f1f7a0c8,delivered,2018-08-13 13:33:06,2018-08-14 04:15:23,2018-08-14 10:22:00,2018-08-20 13:32:02,2018-09-11,c17e63af5f15bbc11b8e9387e71bba9b,2018-08-13
9b0f7f462c34c45144ec11e414eccab1,99a50e0d375610b72d2347ba456f3217,delivered,2017-10-23 11:33:12,2017-10-24 06:34:50,2017-10-30 20:26:46,2017-11-13 18:32:54,2017-11-14,8d0a8db3a4f4813a2226d5abccbea87e,2017-10-23
0ff328dbe0ea4ad27a1176bbf8d88ecb,77c5006ed05e572e4171897c5a473611,delivered,2017-09-06 22:12:52,2017-09-06 22:23:48,2017-09-08 20:12:42,2017-09-18 21:18:38,2017-09-29,aca1aef6f605cadc149aaccefd3764b5,2017-09-06
eeb5a5b729f6a175765204cb5c364ee5,788bac7c5c5f205ccd71fcc1033cc29f,delivered,2018-06-16 16:02:47,2018-06-19 06:35:46,2018-06-19 13:06:00,2018-06-22 23:03:29,2018-07-11,caaf7a6f64bc06576b7ec520c8206d03,2018-06-16
bbe5ef975154a7473c4c595fa3385edc,00f6217307f712298d8e47215f0bf2ad,delivered,2017-11-28 22:46:02,2017-11-28 22:57:11,2017-11-29 17:02:44,2017-12-08 19:10:11,2017-12-19,8be158f05b793cd72d5fde01365b5d2c,2017-11-28
b0ddd4ac01604bb4ae094a307a06ccc9,43529a18cfef19147c8ef9b56d310f01,delivered,2018-07-04 17:03:12,2018-07-05 16:14:54,2018-07-05 12:12:00,2018-07-10 22:48:43,2018-07-23,48adfec5c9744635baaf82b0da1d5185,2018-07-04
b49280601245b2027c099b20ab2b72c0,ece07da878a806beaccf7692e518fa7c,delivered,2017-06-04 20:04:31,2017-06-04 20:15:16,2017-06-08 14:11:29,2017-06-23 12:32:59,2017-07-06,6b33b395518a499e9f9900bcd6fa971c,2017-06-04
34de5f7952fbd04a9a1e5d7001b014b5,c49d4daab284e5d3dfcfb28a797edc70,delivered,2018-02-24 12:43:45,2018-02-24 12:56:09,2018-02-27 22:36:57,2018-03-08 21:18:31,2018-03-16,a5a768a369279102b048fb1a0a6462b8,2018-02-24
85e05c3c9aa9834518f35d4f286014be,1d07a80a15700b40cb15ff5870ee8b48,canceled,2018-08-28 08:18:22,,,,2018-10-10,0e9bafe047d5c6fe3fd8ef6bcdce9a1a,2018-08-28
ee7b9fca242afe884ce1daf3f17ae656,aafa66416bb386613deb6a1b9c9ff082,delivered,2017-04-29 20:57:27,2017-04-29 21:10:16,2017-05-04 05:52:42,2017-05-11 11:27:39,2017-05-29,76bf559b3b17a29c539449167daeef6a,2017-04-29
a812412fc83a2f622db5e6f89e46d979,8366ef5ee3127dea6fa06c3cad27f165,delivered,2018-05-10 13:49:40,2018-05-12 03:35:19,2018-05-18 17:20:00,2018-05-24 14:42:52,2018-05-29,48d6dca7397a3995908aabf1eea373e5,2018-05-10
38b74d37b6bb4886a9b460ef8d4ba2d7,aa85716e1df710e8779a526d83d034da,delivered,2018-01-18 09:02:48,2018-01-18 09:12:29,2018-01-19 03:05:30,2018-01-25 19:28:53,2018-02-08,bb6d9b2375143281d537eb82beeddfaa,2018-01-18
be128a58459554e47e89d3bc200ba5cc,71bd8523dd55e7b5228f2564fbcbc5ea,delivered,2017-12-11 23:19:47,2017-12-12 00:14:14,2017-12-12 18:36:58,2017-12-27 21:23:59,2018-01-12,e9f3a93637f1e7461a13032d6ad84661,2017-12-11
405c8e4015fb343f974080958db8bc52,271a0d7c235fdd059546ec15d285d448,delivered,2018-02-03 00:34:36,2018-02-03 15:50:25,2018-02-06 22:28:58,2018-03-08 20:38:29,2018-03-09,93300278f15871e42b218ed723754fc9,2018-02-03
7e73a37d2876badd7341bc42b0c1ac42,8098f5c7290a32e67f211defcc47528c,delivered,2018-04-25 08:38:18,2018-04-25 08:52:11,2018-04-25 19:05:00,2018-04-26 22:58:36,2018-05-04,6b7aef98835928c0e5483ff155dfbe59,2018-04-25
55d599a99424bf5a0293a84f8f65a13f,19c5d024d9c26d7b38d74a6237081a02,delivered,2017-11-19 16:20:52,2017-11-19 16:30:44,2017-11-20 19:41:10,2017-12-01 23:38:37,2017-12-14,0e06af8004ffd01a3461e768f9f659aa,2017-11-19
935879cc26cb79cd663525d2425c57dc,66fcf4c049ee4116d1701ab0d985f7ce,delivered,2017-09-15 18:18:35,2017-09-15 18:25:39,2017-09-18 19:02:37,2017-09-25 21:03:35,2017-10-06,7b908adf902011a2d10cd9dfa41202d7,2017-09-15
86a54631f4fccf168dd48ffc58ad64de,8d117567c56145436df4b0472ddffa62,delivered,2017-11-17 13:00:14,2017-11-17 13:35:33,2017-11-21 20:48:49,2017-11-23 14:29:02,2017-12-01,beb0c30d2267b86db97d0c535be03ab6,2017-11-17
4f1a1c6f6fbca0d084e77e3f74b37cf6,086f2e7a1b67f590d6440b35b2e7246e,delivered,2018-07-31 14:08:48,2018-08-01 02:35:12,2018-08-09 15:40:00,2018-08-17 21:18:44,2018-09-12,b1039a56990acdddd5438aea568557db,2018-07-31
addee0cbf3361fd2ad627432082aa096,621daa25ec4cdc7fe2c0eb0e250b158e,delivered,2017-08-15 14:51:31,2017-08-15 15:55:22,2017-08-16 18:03:57,2017-08-21 20:51:56,2017-09-06,be08f83faebeeefebe0df44a3c2684ee,2017-08-15
1d14bb358f43b14725c70bdc035ce24e,178910ef515adef6afbf89b143d5e25d,delivered,2018-03-02 23:51:51,2018-03-03 00:09:29,2018-03-08 19:28:20,2018-03-28 21:22:43,2018-03-27,e4e6876cca9888203156816a0e2a7523,2018-03-02
899a5ec4b50c53b46fc876182c9cecab,fd97c6b3bee292fe6f661fb73964f786,delivered,2017-11-25 12:31:59,2017-11-25 12:53:26,2017-12-01 18:44:39,2017-12-12 18:34:58,2017-12-20,9fe43a8003212045cfc073c5fcfece09,2017-11-25
20e8735e683506f2f09e1a0e00f8114a,84906f555c4fa2c9333684c4de459bfe,delivered,2018-02-01 17:56:29,2018-02-02 02:55:56,2018-02-08 19:37:39,2018-02-20 18:42:14,2018-03-02,0e662bf6962c28aca8d2e6ebfe053de7,2018-02-01
e35b8d9f66d207952c74878ee321a213,26280c295879b204d2d3c0452e0fed88,delivered,2017-08-10 12:44:46,2017-08-12 02:45:30,2017-08-15 19:31:14,2017-08-24 20:05:52,2017-09-08,ffe780a8995715d9560ca10f3351710f,2017-08-10
10ac3b593f06e0dd6b38a53821c1d497,80463b3160eb97d89c576a54700a0e91,shipped,2017-01-29 11:18:22,2017-01-29 11:31:25,2017-01-30 09:38:35,,2017-03-09,df6454025c6b8513d78d144824b68d94,2017-01-29
c1049eef89915c6beb3604bf3d6588d7,ed16865bcadcea1a00a928bf418a74bf,canceled,2018-02-05 23:08:11,2018-02-05 23:29:26,2018-02-09 22:13:01,,2018-03-07,30656f1a6f4ef8d3286f02090232d105,2018-02-05
05b3b36808b4c685d4a2753ad6fec9a3,9beaa860baba91e8b22a41bf8d013023,delivered,2017-11-08 22:54:00,2017-11-08 23:11:11,2017-11-09 19:16:43,2017-11-21 18:58:47,2017-11-30,1b3f87983f51dc8069dbb2fa88d6303f,2017-11-08
f7c82561ae5213f3564251a07c475d1e,d50f3acc865789f7e54e26595c5574d1,delivered,2017-07-21 21:42:21,2017-07-21 21:55:11,2017-07-24 20:17:18,2017-07-31 17:50:00,2017-08-10,e30e0e57e66477dad963535b38974023,2017-07-21
09249f4625a56408772a45322aadd544,9d4454db8535593c2a2f165869f30bc5,delivered,2018-08-07 10:19:43,2018-08-07 10:35:16,2018-08-13 15:25:00,2018-08-16 21:12:39,2018-08-23,2d55aacf7688e281b83de3ffaa61c058,2018-08-07
b1674ac203b25f2cc27d68eea3e81efa,dcafbfbc1eea5df012f963003813261b,delivered,2017-07-12 19:58:21,2017-07-12 21:05:15,2017-07-13 18:32:58,2017-07-24 15:29:58,2017-08-07,42af2a3708bad9dd1125cbe504af770b,2017-07-12
7de9003e4d20b7332efe832b5ca8c15c,07d3587462cbe5dd7c951b59f783121e,delivered,2018-03-05 19:12:05,2018-03-06 12:56:01,2018-03-09 13:37:25,2018-04-02 23:41:40,2018-04-09,d970a2354b55cfb67fa5840b9b4936ed,2018-03-05
61ec926d48941b3edbd4b5d4aaed5356,0a378886758498633ec55eaa83c8ed35,delivered,2017-04-04 12:20:47,2017-04-05 13:06:57,2017-04-06 11:58:57,2017-04-12 10:43:21,2017-04-27,937c0e5ed5ad1aff057e91d1803bb9d0,2017-04-04
d9ed186abc625ccae42014887b7af04d,f2a7cb551d698023215eb95ed489ccb6,delivered,2018-07-31 13:23:40,2018-07-31 14:31:37,2018-08-10 14:13:00,2018-08-16 15:33:00,2018-08-20,748e84169ace592af7a9bd3d01b47b4c,2018-07-31
168823ad1b77477540db78ab357f18b5,d0b3bccd5ab7d4920b0a8318ce9d997b,canceled,2018-07-17 11:16:54,2018-07-17 11:30:31,,,2018-08-17,c47ec91fad63554dd8fe3e33188faf7d,2018-07-17
8374f35f0981af1a2b2ebc5cc5ac9859,8df816d91d225a9a6ab57c030278eb80,delivered,2018-02-12 14:44:15,2018-02-15 04:07:49,2018-02-21 10:29:07,2018-03-01 22:38:36,2018-03-09,50d27e12b7d28f9c61ff09d5e9429684,2018-02-12
c2038cc607e5462400ad6606b091ceca,f034510b61dadeded57a79a657d3e3d9,delivered,2017-11-02 22:41:18,2017-11-03 00:35:49,2017-11-08 15:07:52,2017-11-24 21:16:58,2017-12-01,4e2270e45010f34f7308e7fd0ba18b48,2017-11-02
fd40f3722deb0b1b640cdac8e3afd293,797cb7ef7b00f30747b3b1eb2c135125,delivered,2018-05-17 16:44:40,2018-05-18 13:55:09,2018-05-22 06:18:00,2018-06-04 18:11:57,2018-06-07,4e40f88729018a8129193dc0223912d4,2018-05-17
59934ef5e174b490aacecbbe4f381155,21541c3afc8571eea3457e009fe50782,delivered,2018-05-25 23:05:27,2018-05-25 23:37:30,2018-05-29 13:09:00,2018-06-04 14:08:39,2018-07-11,d2cee784ebf047acc2414f491e814f61,2018-05-25
a509a0a8522e394f8a140c7e3046731d,b93f595ad6dd63fa50be0cd3cf9dd0cc,delivered,2017-07-09 21:08:20,2017-07-09 21:23:18,2017-07-13 16:49:51,2017-07-18 15:33:36,2017-08-03,f80521e48c7cb490d80e6b021f180626,2017-07-09
9802f29cdc084663b66ba9bd453b6eb7,35a1fa4715a6340f6df32dcff582f826,delivered,2017-06-25 21:33:03,2017-06-25 21:45:19,2017-06-27 17:48:49,2017-07-18 16:07:51,2017-08-07,5f57fbe4dbe536ba08c38e0cc55a16b6,2017-06-25
8366b292b2a97497953e0897d8fdec25,3b58dc51a9c854c2740b6d65ce88dbd1,delivered,2017-10-25 13:44:05,2017-10-27 03:15:21,2017-10-31 18:32:36,2017-11-09 17:41:46,2017-11-27,a79f018f214e99a7551fd6efea6e2c4d,2017-10-25
caad8650d057e45848943e18ad94ad73,fcdcb8ba740481a72da7da0bc6e61d20,delivered,2018-03-28 14:17:43,2018-03-28 14:30:23,2018-03-29 16:12:54,2018-04-02 14:56:35,2018-04-10,f64670b91d010c501e79abf22c28d0ee,2018-03-28
957b63dfa485e69821fcd7cc5320c064,be93311d52df47140bbfc588540e88c4,delivered,2018-04-24 15:55:40,2018-04-25 08:51:54,2018-04-27 14:36:00,2018-05-03 23:19:40,2018-05-22,892c5eac38f00a803fdd39e805f2944f,2018-04-24
502f9fab8b6ef318e23a5700a237ef1b,514c03e2461d472afce7f786187178de,delivered,2018-04-08 11:23:06,2018-04-08 11:49:55,2018-04-09 20:04:20,2018-04-13 22:22:25,2018-05-02,5895fc39fdbecc7f650ad561eb1f877d,2018-04-08
d905856c062516e1bd43377034e5c615,5f174de9b3c05f164681fb0f3e47f453,delivered,2017-09-20 18:34:24,2017-09-20 18:45:41,2017-09-21 17:34:06,2017-11-03 12:32:33,2017-10-11,e8bab621313ad2a3c0ce8e3a023ff9bb,2017-09-20
295a69ea65900e96a9a890cf2825b289,6b61468276b9c266cd3aba7d46fa6f4d,delivered,2018-05-11 16:15:55,2018-05-11 16:31:35,2018-05-14 15:51:00,2018-05-19 15:03:38,2018-06-11,bfd25136f17f04e11930a85f9f18ea74,2018-05-11
a8d99215828518af1468d99834d91e9f,c206e6f4294cc8497a079fc15e27cc31,delivered,2017-05-09 22:14:40,2017-05-09 22:25:10,2017-05-18 10:00:28,2017-05-23 10:58:42,2017-06-06,e34c56da9aac39ebc70662c7f4314937,2017-05-09
347d4f4caa9013e50f10654675fa35ef,401bfcb03a1c454c6418067ff1622432,delivered,2018-05-11 21:59:22,2018-05-11 22:17:04,2018-05-17 14:39:00,2018-06-01 16:36:33,2018-06-01,a4824a25ac982bd0b5f784649c49fd3c,2018-05-11
3ec6117e5d156dbc0eba20cf16eac9f3,c310be8c551f841b3cfd2f74f91941f3,delivered,2017-11-24 10:42:23,2017-11-24 12:15:04,2017-11-30 23:48:48,2017-12-02 11:48:32,2017-12-08,c51451eb20d0c8294af30d7205444934,2017-11-24
d401e4eb313c624cb7c140e43e38192e,6d765526989aaae489cdb8d1afafbb15,delivered,2017-07-09 16:34:23,2017-07-09 16:45:15,2017-07-12 10:16:37,2017-07-17 20:51:16,2017-08-07,ccd47fd96a99cdd5e022168e70a2ce2d,2017-07-09
0da63cb667e372bedd322ccfd284afbc,229df96d7616076a0723025289fbdc84,delivered,2018-03-21 13:04:09,2018-03-21 13:15:29,2018-03-23 18:56:37,2018-03-29 16:52:25,2018-04-16,ae2562ed4271cf17df29478ed2321e73,2018-03-21
34e43b05d79a814bd90a43250ff10094,2f008bc4e4cb2b5e4aaafbe427468c07,delivered,2017-12-05 09:51:38,2017-12-05 11:12:10,2017-12-07 18:37:21,2017-12-19 20:18:59,2017-12-28,b1767ae2e851903267781886bd02f23b,2017-12-05
54e21f5480d90336080ff89ec1ba503e,41240c469a32412fe0910763161f878a,delivered,2018-08-03 07:39:47,2018-08-07 04:45:15,2018-08-07 15:20:00,2018-08-09 23:32:43,2018-08-14,ded33ce6dbdeb75e7e54b7945d74f287,2018-08-03
de810c5a4d708e92e61170e20a7dc100,f5f3337ca4f2551b44b66ecff52225c5,delivered,2017-11-25 22:02:58,2017-11-27 22:17:39,2017-12-09 00:52:11,2017-12-15 19:48:55,2018-01-02,d23e27b448cb5d930eabfe84679e0274,2017-11-25
511ec73b8104809938ca0ee00706c0ca,ff4b5d3b660b635bcbdb988ca60eafbe,delivered,2018-06-11 11:31:17,2018-06-11 11:57:32,2018-06-12 14:22:00,2018-06-13 15:38:01,2018-06-20,fad77588817f588c13870073de3a3d26,2018-06-11
cf223cd5f53b6a5986f1ef788d3e9e83,8f9340b62f517e2dc87d56dd70d54a98,delivered,2018-02-17 11:16:54,2018-02-17 11:30:28,2018-02-19 23:58:55,2018-02-20 15:53:19,2018-03-06,5b26618da34612cc4947bbf6ef4fb67c,2018-02-17
853eb57e7109781f60bfaec58c70c258,fac697cc750bbd1acf6dc02ccfd6adb7,invoiced,2017-04-23 13:25:43,2017-04-23 13:35:18,,,2017-05-26,357482c4e5b9b6200cc2b37b8a7b46b9,2017-04-23
2de8870a0b861a9ff5ccb128784abf2e,3d6c5d2b414180c36624a70e6884e9c8,delivered,2017-09-01 00:18:40,2017-09-02 00:25:43,2017-09-06 21:10:14,2017-09-12 18:46:42,2017-09-20,48e14578ccade39106a4c595eabc0e7a,2017-09-01
a9fff775c01f5c2af9b79817fab57cd3,ffb145238917df668b2d40bf9532e6c8,delivered,2018-06-29 06:53:08,2018-06-29 07:10:17,2018-06-29 16:00:00,2018-07-04 16:18:57,2018-07-19,74ffea658fa22ea2788b68b244e2a9de,2018-06-29
0cf34928cb98d81a295f478ebf553c84,e1a7cfb92cade4aedd22ea4860bb848c,delivered,2018-03-02 14:16:43,2018-03-02 14:35:36,2018-03-06 23:28:37,2018-03-08 01:18:57,2018-03-14,4ddf638d30917fc90e69fa4294fec79f,2018-03-02
6db98cef3c7058f05f604483aadd2f14,fa5ed72712ff7a576ba7596a5ca74b58,delivered,2018-01-09 18:30:27,2018-01-10 10:32:36,2018-01-11 18:39:03,2018-01-17 21:28:41,2018-02-07,d05655be736276d336124c2cd43a4de9,2018-01-09
e1edd95bfd88243a6d6b774d8aefe535,5f7d5048f92d15f0ee1ff49d63175577,delivered,2018-04-01 14:44:33,2018-04-02 17:49:17,2018-04-05 00:16:48,2018-04-17 22:34:45,2018-04-27,3b8bd7043b1c683055e5f4ee7907c607,2018-04-01
4635218e99d9201bb178dca09cf1acda,2aba72f16ec519abfd9c2f5be6136e9e,delivered,2018-04-11 10:45:08,2018-04-11 11:10:28,2018-04-13 17:31:42,2018-04-18 14:32:58,2018-05-04,27f8888a8a8bb74ca84c998090dcb982,2018-04-11
0a8d9ed968d08daf5ef8a5cbf0bbe833,031d6ed886ccf5805f9da926fbe0fba1,delivered,2018-03-28 12:37:51,2018-03-30 03:15:46,2018-04-02 20:05:21,2018-04-12 00:22:35,2018-04-18,3eff47149425984172e11e18a974e80e,2018-03-28
15ea2ff54aafb487d482a527b120464b,2005627c4cb9a95f4babe067d2c37f8a,delivered,2018-07-12 17:59:14,2018-07-14 02:45:11,2018-07-17 13:46:00,2018-07-25 17:46:48,2018-08-07,2899964371b6266b732cde11a74efbe6,2018-07-12
0c6715b2f888887f2ab9c7d6e099d38b,fb0ae2ee2f5c745390ef3a22158cd253,delivered,2017-11-05 18:34:14,2017-11-07 07:30:33,2017-11-08 17:58:57,2017-11-14 16:12:23,2017-11-30,688f5342ea5ff47d612126908c38f7f0,2017-11-05
df6e092f573f96d98483fdcb900e05aa,4275fb04d6cdfc2fbec3b5876f12b5d4,delivered,2018-02-12 07:28:18,2018-02-13 07:27:02,2018-02-14 17:35:34,2018-02-22 04:24:58,2018-03-06,915e50464c2b4b6b7958209ab141719b,2018-02-12
9862758b968333823975113b6a970ee8,1929bb2034a92f2dfd0d359dd69d02b1,delivered,2018-05-16 13:08:01,2018-05-17 02:15:27,2018-05-17 15:31:00,2018-05-21 23:33:05,2018-06-01,232ed142b4efa7b998358c405e9343da,2018-05-16
d65ec1b28617b16c0747b22c49a979a6,e1ba80d5d49d251337ef5275b6550336,delivered,2017-07-11 10:37:24,2017-07-11 10:50:26,2017-07-12 17:42:03,2017-07-22 15:44:32,2017-08-11,51372d3b504e405b6fd5f94b0bb362c7,2017-07-11
341f18e07d530efb44d8dc6753c10400,b5e8f9d5c96ed06fc4ee7132f45b45cd,delivered,2017-05-05 11:11:25,2017-05-05 11:25:11,2017-05-11 14:29:02,2017-05-15 13:43:27,2017-05-30,97890020fca3adcc29f8daa54701e0dc,2017-05-05
539dddb1ac06e5b2d492d27c95d05504,43bd79aef01361fa6eae728bf2919215,delivered,2018-02-07 14:16:13,2018-02-07 14:32:10,2018-02-09 20:58:45,2018-02-27 23:19:28,2018-03-16,2b7af693337e3fb22615306dbe54432c,2018-02-07
94b35c859940ae8a53643992ee1ae7a0,b8d01a6da6524e16108fd83dcf98aca3,delivered,2017-05-26 09:19:13,2017-05-27 02:50:17,2017-05-29 15:50:44,2017-06-05 14:47:51,2017-06-20,5c3381a3f2f32b5085807b0807169501,2017-05-26
af42bbea9252f168ff8d25072a1b9fb1,22a6db51b1357ce5f7a02fc19e677390,delivered,2018-01-08 20:16:33,2018-01-09 07:24:11,2018-01-09 23:04:49,2018-01-15 19:04:29,2018-01-31,7775761e92837b8c5fd964d725264313,2018-01-08
ae78d443f07cc7da4cb961f34f1bc6a8,aa4c5b95810a5d4b1bf2cc56e7d76cd6,delivered,2017-08-31 20:47:58,2017-09-01 22:33:01,2017-09-06 23:42:13,2017-10-02 11:04:04,2017-09-27,41db2509d2fd3e2fe68e88deedaa0c1b,2017-08-31
e6c7c9a857844647e04396cb131c3b6d,5b96458c206829b9ccb7c7d27eabac68,delivered,2017-04-29 17:19:05,2017-04-29 17:30:16,2017-05-03 12:33:04,2017-05-05 12:18:13,2017-05-29,94ba28dc43c39def8999885a3672a0d7,2017-04-29
e2172f6d6406600e974895aa52e47b45,f4c3c108453bbf266180bac30e6c3a02,delivered,2017-05-06 21:09:38,2017-05-06 21:22:16,2017-05-10 09:54:39,2017-05-17 18:26:02,2017-05-30,ce9e54a97c1a20031e82528e1883ed90,2017-05-06
152e3e1d1cd5a952b1f4049ff29ab695,729be0ad11a9af7df71af2e9697e513f,delivered,2018-04-24 18:40:22,2018-04-25 08:51:56,2018-04-30 06:23:00,2018-05-04 20:08:41,2018-05-25,0d0481ffb0bb25cfc9ba06c02bba0ecf,2018-04-24
71e22e2d99081d6dc07d9627bb85969e,0b6c2ee27dbe0bcbffd424f2ddedd222,delivered,2018-01-24 22:46:55,2018-01-24 22:56:25,2018-01-25 15:32:52,2018-01-29 16:58:48,2018-02-19,a6ea57f856565adf869941339028fa05,2018-01-24
7888c674da87585ee031e3b68a377499,2456ee41820a5bbca27406a2105c4341,delivered,2017-10-12 19:00:46,2017-10-12 20:10:46,2017-10-13 16:03:49,2017-10-24 20:12:14,2017-11-08,eb8367e178d144706a4ff3da62d284cb,2017-10-12
6401cfe160d72392195bd6e311a582cd,8ba270702525761a8e15b588882f92a2,delivered,2018-02-24 17:49:16,2018-02-24 18:07:24,2018-03-13 01:12:04,2018-03-24 17:02:43,2018-03-16,a7986e0208cca640dd67c245525231b2,2018-02-24
b4a1c1abe13b0e2adafb21da024cef98,81aef10a9af8f93cbfbf20e884277260,delivered,2017-10-02 21:11:56,2017-10-02 21:28:27,2017-10-04 01:02:54,2017-10-09 16:50:20,2017-10-24,25448c9f3f3de9656ad76b07942ed84d,2017-10-02
b654b7344f08cc73e20ed2c4f5855bd6,c9cb57b640e67ea0437a79903e2d2fcb,delivered,2017-09-06 13:08:36,2017-09-07 02:50:13,2017-09-08 16:28:44,2017-09-09 13:06:45,2017-09-19,26738f46bcdeb6d82d07035f201b2e19,2017-09-06
7a45994c67017557c12bf0ef5061325f,1616db95afa279b3d462ab5a8ce7bc1d,delivered,2017-11-13 21:29:03,2017-11-13 21:47:19,2017-11-16 19:28:56,2017-11-23 20:32:55,2017-11-27,4a875173bfb6a79bc80ade998b70132e,2017-11-13
92a40ff0f53b250065933f8b42431911,04c81659bc6756aec0dea8a3fe320d7b,delivered,2017-05-24 21:02:39,2017-05-24 21:10:19,2017-05-25 14:00:45,2017-06-09 09:27:33,2017-06-16,ec7ff0c5e0b5495ed3c49c6bfd6d9ca1,2017-05-24
fc4c7a86a9b56a2af04f2bb99cba3fe3,d1fd59e3414732c09402cb5aa70be0dd,delivered,2018-08-12 17:08:45,2018-08-12 17:24:29,2018-08-13 13:09:00,2018-08-16 20:48:31,2018-08-23,0fe1ce06ed231600c5c0213e7d920627,2018-08-12
885935156ba43094f3ae95f3c14e0381,3885c59916b2b261205c303fe0a10abf,canceled,2018-02-02 16:06:44,2018-02-06 04:32:39,2018-02-07 20:48:31,,2018-03-08,f72d1ee92d55688d07ca88506300715e,2018-02-02
c19e19a8551bdd68c5a4d75fb4c6f4fa,1c2f4342582fd039e9914d710576234f,delivered,2018-01-24 17:53:23,2018-01-25 02:57:32,2018-01-30 15:16:50,2018-02-08 16:18:52,2018-02-23,808942bbefc6f873eddfc7821ef89a6a,2018-01-24
310436570f7bf5ca58ec0500d633aea8,1f05354f6eaada5453b292bee372b797,delivered,2018-03-17 15:49:23,2018-03-17 16:09:22,2018-03-20 18:40:48,2018-04-03 23:21:33,2018-04-19,4aa8a66122568f63b9873e610b4d1d1d,2018-03-17
1d6d061efdb6cb19fd5b0805b95624f5,74b53dcf048a885b1ecf63efc42acf54,delivered,2017-12-05 10:29:44,2017-12-06 02:35:42,2017-12-12 22:23:32,2017-12-14 18:51:09,2017-12-21,37786449dafa435ecd01ff5595f018b7,2017-12-05
b91c737fed536d40ce17d84edd88fac7,c87ff79f95188fd3ca370993eaf04d7e,delivered,2017-08-21 12:52:36,2017-08-22 04:06:33,2017-08-25 13:41:48,2017-08-31 21:32:27,2017-09-13,51869783d1306df1fbf37a111670cc65,2017-08-21
97406fbd0681b611192617f872175edb,1f1af3c6a318a42d87f7ed888b090147,delivered,2018-04-27 01:10:50,2018-04-27 01:31:09,2018-04-27 14:22:00,2018-05-02 20:54:39,2018-05-17,351853efbf1da247efad7b002971072d,2018-04-27
a99d889887e1de4ac286fc3847455a97,f4b0f6dde0d7b89d73275a20797ab712,delivered,2018-07-04 12:51:22,2018-07-05 16:26:40,2018-07-04 14:43:00,2018-07-06 18:48:29,2018-07-27,55f3d52c6aaf964de0cc0f595c9a5750,2018-07-04
3757a57cc9b1a53aef763138d192f7d4,3bb999062e7f14c42c2392ccf3e30e6c,delivered,2018-06-25 07:38:14,2018-06-25 07:58:13,2018-06-26 11:55:00,2018-07-10 19:50:39,2018-07-23,8b3f917f4307d3e5cf34c0b43d6e6f50,2018-06-25
32032cfe80a0e36537d611ea2b9342e0,1400d3c9230622c965679dc35bf3d886,delivered,2018-04-30 21:19:21,2018-05-01 21:15:20,2018-05-02 15:58:00,2018-05-07 18:22:59,2018-05-22,9ae6321b0e75c59cbac8fade4ef69544,2018-04-30
38a86eb53c2309d6234fc9bad96331ac,82d98198f7fb1687858e03a5322e1621,canceled,2018-08-18 12:39:31,,,,2018-08-29,b351ac91ab0ef29bae6da7fbc05959c0,2018-08-18
81896eba4fe92a3bb71bcf392296f77f,8d7f1f15ecebe2d314c4b8ad2121b697,delivered,2017-11-26 23:47:31,2017-11-26 23:56:24,2017-12-01 18:52:48,2017-12-22 17:17:59,2017-12-20,83abd11daa7c9c89e248e0ac8806d296,2017-11-26
295f4fcdd903a38a61769f73799049c7,c61e8ab4b99e5f7ad74aa7d8bccd25e4,delivered,2018-06-28 21:05:58,2018-06-28 21:15:10,2018-06-29 14:07:00,2018-07-06 20:48:30,2018-07-27,97e00e9db261b8a8d4ae6aebca9b7af9,2018-06-28
eb331761cad75951ae1b5c9dd275cd22,596476030ef36305e6dc6d82812d9ea0,delivered,2018-01-19 19:23:27,2018-01-19 19:37:14,2018-01-20 17:54:48,2018-01-26 22:19:07,2018-02-09,7b40b097c17fee289fc269d272768133,2018-01-19
ec7d41a108fc32e99d2826b74617bfcf,f264c34e0fdf350f49230e34796a997b,delivered,2017-11-26 18:01:54,2017-11-26 18:13:09,2017-12-05 00:39:01,2017-12-09 15:44:45,2017-12-15,08fc49193154721a4498d38335c9a77b,2017-11-26
c504f1f5fd54cc8398d57dc0da49de01,f5294fd3bc349e076861698912675c2e,canceled,2017-07-09 09:18:56,2017-07-09 09:30:10,,,2017-08-10,d8b67ce6d6c062269add92dd22e8cc94,2017-07-09
833fc6ff01b52b440d9aff75caf2caf7,8a7211caed65d95327c162a2b3504e95,delivered,2017-11-24 20:19:02,2017-11-24 23:32:39,2017-11-27 17:22:00,2017-12-07 23:08:52,2017-12-14,6e6c1d33697978556243175000662c81,2017-11-24
7c3797b7f047e4358a5b2f9b9cf2e927,2612be9fa1c54d759c1f40d7927d9bfb,delivered,2018-07-25 10:04:44,2018-07-25 10:24:28,2018-07-25 14:44:00,2018-07-27 17:15:45,2018-08-09,7e77d2206e1198060426893237e14964,2018-07-25
80a02feb35f630ff84f1c40179f58bf7,b2ea611fe31cd36edad1b142cea0a9ab,delivered,2018-01-28 09:53:36,2018-01-28 10:10:30,2018-01-29 17:18:57,2018-02-05 21:56:54,2018-02-21,d20bf42c71d4c30b705408781633e42f,2018-01-28
0e8f35f2fcf52b21069856048a64a929,a3b59440d5de8981d49606ac1bc8a89c,delivered,2018-07-03 14:07:10,2018-07-05 16:21:00,2018-07-04 15:31:00,2018-07-09 19:32:25,2018-07-31,5aa053b724a30bb7f32ba18267be3f5a,2018-07-03
70eaa52116958c2e734172d6ed51015e,ab3e2234cc7f0a87910d05b6dfe9a70e,delivered,2018-03-15 14:17:38,2018-03-16 14:10:58,2018-03-17 00:33:04,2018-03-27 18:26:42,2018-03-27,0283d9c78c980d3ea0fce611bbc8ad5b,2018-03-15
bf955c3062582fe37befbfd4b0e4b820,9df53ace643387dad918d4a85f961eb1,delivered,2018-04-23 14:36:17,2018-04-24 18:51:31,2018-04-25 12:55:00,2018-05-02 16:08:46,2018-05-25,f718c0d9105095ab5934df963067dadb,2018-04-23
23de168770a4c66841ecb6f89ee67a37,c816e4e3436cb415372f7d43d2256b1d,delivered,2017-12-11 17:06:43,2017-12-11 17:17:33,2017-12-12 22:47:09,2017-12-14 19:27:30,2017-12-28,490affd54728ccc9f08528e60f7f5ffe,2017-12-11
f67653f770ab2bb3b64ee6f3a863f37d,0a8063db2632efe502814c8917d7b4a6,delivered,2018-04-02 20:34:22,2018-04-02 20:49:57,2018-04-04 21:08:27,2018-04-17 18:32:31,2018-04-27,4aab13ab7f6f9109fa6a996ff4b2cf4e,2018-04-02
0b1652557b7b9bf7c885236e4798dd91,d12b97844cdb418736b09a98bd775fc3,delivered,2017-04-07 18:08:31,2017-04-07 18:22:52,2017-04-11 06:08:13,2017-04-19 14:21:48,2017-06-07,ce3074d73cb3828e407c462309b0ff7f,2017-04-07
43831dba8cf4791c11ab2d6febf989e4,b4e58d7a8196ffe7232f0ee83cfb57f4,delivered,2018-01-04 19:32:27,2018-01-04 20:31:46,2018-01-18 21:18:43,2018-01-23 19:39:11,2018-02-02,0f959f179a3451d6c6bca46040b52b68,2018-01-04
884dd22244240995c8a18169c32be54d,746704bb5f6ca629195b6a5195014c50,delivered,2017-09-28 13:32:31,2017-09-28 13:49:19,2017-10-05 21:00:00,2017-10-10 22:38:03,2017-10-23,adc242e8e42f58c3793a152813b35d23,2017-09-28
654c5ae02ab59fb154d128fc5d5418e4,28c6129715163112501f1ae6b4255df3,delivered,2018-07-10 11:08:51,2018-07-10 13:15:18,2018-07-10 15:36:00,2018-07-14 00:33:04,2018-07-19,cbd464dcb41d05485e202090e631fe9f,2018-07-10
88bf34949a5bb708a123dd12e80ed24d,7dc85f58cadcc624d2f05f6a2049dc04,delivered,2018-07-03 23:02:42,2018-07-05 16:26:57,2018-07-04 11:03:00,2018-07-06 13:18:35,2018-07-27,f7d92c7b7b77cf23e063b408e2ba0bfd,2018-07-03
792d05bf62b6d307527fcda2643411f9,dfa6887fbd2d987e02484f94f47707a0,delivered,2017-08-17 14:09:53,2017-08-18 14:15:25,2017-08-22 10:33:44,2017-08-24 13:43:04,2017-09-04,40aa675201863fe2a78cc40c3ab74609,2017-08-17
8ef91ddbf590a5498f274ed05040950d,20bfe2a66f1d96324f86cc7b436ebe60,delivered,2017-11-29 10:12:19,2017-11-29 10:30:28,2017-11-30 16:59:21,2017-12-02 11:56:48,2017-12-13,c5570a9c8d7f1546562fd75d0ae999bd,2017-11-29
52c41e4882172d2311d038615bf36d46,9805434ec0ad1e8f656a4a7b3fdda315,delivered,2017-11-19 09:13:08,2017-11-19 09:30:26,2017-11-22 21:28:37,2017-11-28 01:09:26,2017-12-08,e93d9a6b5205ffb13668bdea1285c973,2017-11-19
a1706a33c76bfd77c2fa337f882b31b2,35b0436d8811d628c6cc361c0cacd2f9,delivered,2017-08-19 14:49:51,2017-08-19 15:05:07,2017-08-21 22:09:01,2017-08-28 16:10:09,2017-09-25,c5d50ca6add3a55d9db4261a1dd074d5,2017-08-19
e2f9342700902ec06e33f82cf4d279d8,f2c6bafb2b716742adc5f365bd7b94e7,delivered,2017-02-15 09:50:18,2017-02-15 10:03:30,2017-02-22 07:51:48,2017-02-24 14:36:18,2017-04-27,5cce1bd373a2348ab2b6f52f594ef6d2,2017-02-15
ec2273b08115c75a986b4ac62ef029d5,c28eadd882fe42e52643083b54ad44bf,delivered,2018-06-11 11:17:23,2018-06-11 11:40:12,2018-06-11 15:23:00,2018-06-18 15:28:30,2018-07-12,80e92ac8980c0466b0e312d53fdda748,2018-06-11
cfb88f9053ce059b4de5d506ca4a2c5f,04acb20e159d994a8fffcea71f751785,delivered,2017-11-24 10:38:00,2017-11-24 12:13:09,2017-11-28 20:51:37,2017-12-19 16:48:39,2017-12-20,7bff4fff725edd40fde6f0ac1eb0e2dc,2017-11-24
7fc4e29ecbfc8b635f7ffebeb5e68228,d4fd73b5eb04da7927786173ddbbea0a,delivered,2017-09-19 15:14:08,2017-09-19 15:25:17,2017-09-20 17:09:01,2017-09-29 01:48:44,2017-10-05,2948c3e888f4d365e119132da9f95c27,2017-09-19
6611a632dd160c4990e284877626223d,c7c0e37ec67378f2ebf1512797ebc2d3,delivered,2018-03-07 16:10:11,2018-03-07 16:29:30,2018-03-08 17:38:27,2018-03-20 18:28:56,2018-04-06,c223b7ac9fead9ac6517fae001822112,2018-03-07
0547acbb31f582333f75c3fca2652969,dbd72a02438012f5b026b90630aa8bbb,delivered,2017-12-02 20:45:44,2017-12-02 20:56:33,2017-12-05 22:35:42,2017-12-12 21:35:19,2017-12-27,26f0dc90a386a2375a109b6975dff3c7,2017-12-02
0a0185b8b72cbf2290c3e4218300a61c,b9ad88365f35c931dbbbeab892857006,delivered,2017-03-14 22:08:50,2017-03-14 22:08:50,2017-03-22 08:17:40,2017-03-24 16:07:44,2017-04-12,d6daa8df6192fb031e54d36f3a7d246a,2017-03-14
74d428b82c929f4d7d307093206f3ddc,8943a94fe1ac9fb40704c0015b2db105,delivered,2018-01-27 06:38:11,2018-01-29 16:10:52,2018-01-31 00:48:37,2018-02-02 00:06:03,2018-02-14,4e3c149b4f38ba13a692fe975d1c48c6,2018-01-27
62f6e27aa9ff86022436c5bdfabc33e6,208a7903419114bd010ef2f516d19b4d,delivered,2018-07-20 16:35:57,2018-07-21 04:05:21,2018-07-25 14:49:00,2018-07-30 16:34:33,2018-08-17,4859987c60ae8e304bb98146180152ae,2018-07-20
09ced678dfa43843d2f38c410def94aa,7ddf54360177b27382331360ba87ec83,delivered,2018-08-05 20:58:28,2018-08-05 21:10:18,2018-08-06 10:45:00,2018-08-09 11:14:46,2018-08-22,e0f04b36bd7eb9695d66b9b49aa2cb87,2018-08-05
25005bc2e7ea41ec988bdd233a251703,f474f7edece022a5d767559d939fa0f1,delivered,2017-08-17 12:04:48,2017-08-19 02:15:32,2017-08-22 20:12:41,2017-08-29 15:38:16,2017-09-11,587e8e16ce36e70fcf8aff3270177a29,2017-08-17
79a9149e58ce62bd439a996268d1c8f1,03203e8daf33389fbd94c31ce3161d6a,delivered,2017-04-28 00:12:06,2017-04-28 11:41:18,2017-04-28 08:37:28,2017-05-10 11:23:35,2017-05-24,0c8286526be3a0fc8f50b7267db95035,2017-04-28
9089ae7edd24a60e79f8bd277e3c654d,e74dabd665393795b170d61e57db6f92,delivered,2018-01-02 16:15:29,2018-01-02 16:30:20,2018-01-04 15:07:20,2018-01-11 21:18:52,2018-02-05,ff6a8e86ea81e48f6ee6b082ed68162a,2018-01-02
fe2a11e8a3b98effc469854cd38fafec,dd085b75561b10ccba395d6069f4d5ad,delivered,2017-07-30 22:16:09,2017-07-30 22:30:18,2017-08-02 16:51:52,2017-08-15 18:13:33,2017-08-18,7e951ae967a7acd00fbb3159346ad0f4,2017-07-30
f26c56be47dddb43c5b028ae9844d407,48197ad034682abaeaf6f049cefd1c36,delivered,2018-08-20 21:50:59,2018-08-20 22:10:23,2018-08-21 15:17:00,2018-08-23 23:18:54,2018-08-31,e72ca4ec535043aba6d08184a176341a,2018-08-20
d3e50ea4c86a1cfb30aa36e3e388d021,d2e63fd501db865b3ecb38ad833375ff,delivered,2018-07-04 07:14:25,2018-07-05 16:21:01,2018-07-04 08:21:00,2018-07-13 00:27:40,2018-08-16,73a99c7a2c8a5a9bd05bf0c2b88f6bbe,2018-07-04
4a335c9b6c47353962fc6f0b1911eb03,fb6b2ffbd90d13121790ece0d783211d,delivered,2017-06-18 13:02:08,2017-06-18 13:15:26,2017-06-20 10:32:09,2017-06-28 12:13:49,2017-07-11,bfcdddab5a2fe5dd1d1b8330795f4061,2017-06-18
fee5a1127dde04aca98c3dd84e96d471,fba07e232b15cccc3eacff2e597905e9,delivered,2017-09-29 11:08:33,2017-09-30 11:14:21,2017-10-04 20:52:11,2017-10-11 19:45:09,2017-10-23,6d5e4477b9757cc918e0ead36a80643e,2017-09-29
e0519f85bba56ba4bd2ec14a3c2c9d92,11fea740df095db33a9ced60fc8dd2d1,delivered,2017-10-27 12:18:37,2017-10-27 12:30:07,2017-10-30 18:44:10,2017-10-31 18:43:58,2017-11-06,64f478ef975b39a86f5a453375158ae4,2017-10-27
229d0231b531443ecfe2a09572108c7b,fad73d5dfe5f793e62bf5a9035bbc5ba,delivered,2018-08-01 22:14:52,2018-08-01 22:30:09,2018-08-02 14:44:00,2018-08-07 18:06:10,2018-08-15,b036a834a3a5f0902736f184b65936c9,2018-08-01
565db683020d918f5bf0a745784b44fb,43d8604045badbfc2adfcb39d4b20df4,delivered,2018-02-24 08:53:44,2018-02-24 09:07:52,2018-02-26 15:38:47,2018-03-02 18:48:59,2018-03-21,f0b061f3c7f8b82f476bad34fb685ecd,2018-02-24
f40d3749a6d621bb95be74a8ce79e06f,3689abfed7e332a5cf585915310c0056,delivered,2017-02-08 12:53:38,2017-02-08 13:15:10,2017-02-13 08:17:32,2017-02-21 12:34:16,2017-03-16,07c9259c1afcbd1f6b416d9985782083,2017-02-08
a4c7457da912c852dfb94cca5f35603a,3dbe6001de7536eba33cf52dd52f8baa,delivered,2018-02-12 10:07:11,2018-02-16 07:55:34,2018-02-16 18:00:08,2018-03-19 19:04:18,2018-03-09,dad9a329c3cdcdbcde7531336ad04c60,2018-02-12
9b683f7f0507153adfb34ea74f6fb19c,5baf161a86ace9dd4f26c0183b4c99b5,delivered,2018-06-19 14:39:44,2018-06-19 14:57:33,2018-06-20 14:44:00,2018-06-26 20:06:23,2018-07-11,f79b2ebd29ffe1d8d9b6f1dc7736ecdf,2018-06-19
dbb7c264b7caf9353bda0d1eafc4322c,27804bad8cee21a69133c3f2535c792a,delivered,2018-07-12 09:03:03,2018-07-12 09:15:17,2018-07-18 12:31:00,2018-08-02 22:31:34,2018-08-16,26508b7c8910ff77b6f8f7ba21fdda26,2018-07-12
a9c3f5f3721d134e94565756f8a60ef0,8ee32f5a8a3a795ac11b2100b4558dba,delivered,2018-04-20 15:31:00,2018-04-24 18:41:22,2018-04-25 13:38:00,2018-05-02 23:32:20,2018-05-22,104ffa1d4881f8e36d50f80319f7400b,2018-04-20
bb82d1c94323c38a3d8124414a6a5ca5,3aac1b9595d8ad08680f3d00d5afc432,shipped,2017-07-30 17:09:00,2017-08-02 02:34:10,2017-08-07 12:32:08,,2017-08-30,0c6ea2a59dd585779e9b25d3df3ed41b,2017-07-30
54e5e62447690f816827f631866b0e4b,0e02c0e8cf169452961509c4425d3fec,delivered,2017-07-18 17:20:53,2017-07-19 03:55:37,2017-07-19 17:27:22,2017-07-20 19:04:38,2017-07-31,071d97c65d17dd64aeb08dd196aa0c26,2017-07-18
55128fafaf26a1f0fbf789f5e9fbb831,f9d405f30bf0a93bcf5de8eabf0fc4d2,delivered,2018-04-02 19:37:23,2018-04-02 19:48:17,2018-04-03 19:16:31,2018-04-11 21:12:15,2018-05-10,b271d05b0af445bdb35bce5cee0e0c40,2018-04-02
bea241908521f6f54df027602db8b967,7959c2921753d98c175c34e873e46b86,delivered,2018-01-06 09:26:03,2018-01-06 09:36:20,2018-01-10 21:04:27,2018-01-15 19:49:06,2018-01-31,c0cb6fefa6f4ddef2b92c892a39d4909,2018-01-06
e26c49bee8a495cdc21b67ab5b2d413e,a589bb2fc41fa5787691857cded23b5d,delivered,2017-08-03 22:50:55,2017-08-05 02:55:31,2017-08-08 19:17:00,2017-08-15 18:56:27,2017-08-29,7f14bee9eea922025f59bf605488435f,2017-08-03
02564f320004c61ebf621191f06365a9,29880b59222c463f415962d277f449df,delivered,2018-02-18 17:02:17,2018-02-18 18:06:57,2018-02-22 12:59:14,2018-03-02 17:03:55,2018-03-09,4559f926bbedad3e79b1bce8ace698c7,2018-02-18
59b7819f031f8bb56e21aa5659649954,0ddd4e372a303683e410887a30e45d0b,delivered,2018-01-31 09:54:19,2018-01-31 13:48:19,2018-02-02 16:27:13,2018-02-16 23:23:34,2018-03-02,b3594bb146f9ab181aeb6c72deaabe54,2018-01-31
ef9a774a63ac7a8f256cd7dc7a52f03c,6432a068bc0de5b41b579c8c4c4b364d,delivered,2018-01-04 21:00:25,2018-01-04 21:09:43,2018-01-05 21:22:19,2018-01-08 18:45:21,2018-01-22,608573e503c6ac065f5910426e6cac4e,2018-01-04
b60b122b336eaee3323565272f117bec,00146ad30454993879adaa91c518f68c,delivered,2018-01-08 20:40:57,2018-01-08 20:48:33,2018-01-09 23:39:15,2018-01-16 22:33:07,2018-02-01,5616f75d22507069b5383854a1d8c414,2018-01-08
9dfae5aba4d323439c2b9fa23b716259,19b32aff7804c35e85c7c26b2f51d7e7,delivered,2018-05-07 08:55:18,2018-05-07 16:33:35,2018-05-08 10:54:00,2018-05-14 15:13:50,2018-05-24,8f3383572884881b2925587225fea755,2018-05-07
3c2b7c318c6f9e50ae7845af21566a14,8c1f31645750fe00183ca50e5ae0a3cc,delivered,2017-09-29 08:52:41,2017-09-30 02:36:24,2017-10-02 18:32:14,2017-10-18 20:18:56,2017-10-26,35d760b49a4d1184ef286325917758f1,2017-09-29
dec8174d065c241bf96331b867fe47ad,fa463b9aa6e30ba66238689fd0e2b1f6,delivered,2017-09-28 19:40:53,2017-09-28 19:56:16,2017-09-29 18:04:15,2017-10-06 23:36:36,2017-10-25,e6265c2122da57d6bb3df820dec0d905,2017-09-28
2e6e6de992c5567f41aa94497d505e77,e27c13a71b8c090c5df94f96471e7994,delivered,2018-08-06 02:58:06,2018-08-06 03:10:08,2018-08-06 15:43:00,2018-08-13 21:41:52,2018-08-17,bb361861b83a556ce2a5b2d537e22df9,2018-08-06
cc8304651e8857627e56aca5207db748,5081063a33c7f6495635c86acf14c90d,delivered,2018-02-06 22:52:39,2018-02-08 07:49:37,2018-02-09 22:38:20,2018-03-05 20:13:08,2018-03-12,209ac14596dfd6955aa74a21297d79d2,2018-02-06
6f88df04acbbbb0f5c98ef28271d27ea,8801d26b088a761ce801a813bbe1c124,delivered,2018-03-16 14:10:00,2018-03-16 14:28:55,2018-03-22 11:18:40,2018-04-02 13:36:38,2018-04-06,e88ed2cb0285a475c13f51bbde9e6f36,2018-03-16
72c43226251f106407afcfe2b2f2e247,acd83049e45a80aed321d7e6755669c6,delivered,2017-10-10 22:17:59,2017-10-10 22:28:55,2017-10-11 22:29:32,2017-10-23 18:13:45,2017-10-30,5adbbdc3ad3fdea440538bb612c3bf3d,2017-10-10
ff1581e08b3011021e7c7de592ddc81e,0f3c16514be9fe9bdb840983701d2ce6,delivered,2018-03-21 22:37:09,2018-03-21 22:50:25,2018-03-22 22:03:29,2018-03-24 00:52:29,2018-04-03,a8a5dafb6ee0d2f70241b74f6123374c,2018-03-21
e2ba84b9fda1f36c6b2ae25097ef72e0,97de1f2c8777fcb7d6000cda55786124,delivered,2018-02-27 15:23:07,2018-02-27 15:35:29,2018-03-02 20:04:59,2018-03-07 23:03:54,2018-03-29,b32880dc4e86d9393b420f4881d01364,2018-02-27
3755e498bba48053cdac758b05dfef7c,7c39396dbe338aaea1f5b19d509fc099,delivered,2018-01-18 19:59:07,2018-01-19 08:32:32,2018-01-19 21:38:44,2018-01-20 17:46:42,2018-02-02,cef29e793e232d30250331804cdb7000,2018-01-18
e1da6a380c23eec0e20231c7b695f47e,225c6e6a5627029ce77a11c6d501eb6a,delivered,2018-02-26 14:12:39,2018-02-28 09:29:16,2018-03-08 20:41:33,2018-04-11 20:18:23,2018-03-23,ff7bd992a7aac2c563a3e3773a8c63aa,2018-02-26
159d78305b59e6a845e515f3a9e3f02f,f00a4a474cefac1bccc66ff62b005775,delivered,2017-12-02 00:25:01,2017-12-02 00:36:38,2017-12-04 19:07:18,2017-12-07 00:37:48,2017-12-20,3a39827c3cc7d748d1c32909273f7e7b,2017-12-02
d8e084f74fa06f591e326975ca18a905,1de6fba12e5abd0cc6bf19f9cb96a59c,delivered,2018-07-22 20:33:06,2018-07-27 23:30:45,2018-07-25 14:14:00,2018-07-31 17:37:38,2018-08-23,4399f1c9b351d4c09e167b8ce3d8da76,2018-07-22
abed2a2ecd907630587f0062063d3df7,ff423802c40cadf7c338845c137fe304,delivered,2018-06-22 17:42:02,2018-06-22 17:59:01,2018-06-25 15:42:00,2018-07-02 21:05:41,2018-07-05,870ae8be0413853f9fd9249043f82ba6,2018-06-22
4aa95ac048b026918957d83319f5eca6,52a10e6a657afbd2032734f1e9af8428,delivered,2017-02-07 21:24:48,2017-02-07 21:31:25,2017-02-09 08:38:19,2017-02-16 12:12:17,2017-03-08,46e3f78405802e5bc311e5b31588d8ed,2017-02-07
3284ccb8e44c6d500facdde27e67a175,5c1a9561b992127f29940b8a24a98cc4,delivered,2017-11-26 17:34:14,2017-11-26 17:54:28,2017-11-29 17:29:08,2017-12-03 14:04:25,2017-12-15,91bf75e59fcf67ee0dcf6c76f80948fa,2017-11-26
701b8d796304d25d93346f4f62a7eebc,556ab1ee7c3634931dbf4d769b6f6e6d,delivered,2018-01-23 20:45:31,2018-01-24 15:57:37,2018-01-25 20:33:32,2018-02-02 19:14:49,2018-02-19,8446991c51b227e838433187acbd1181,2018-01-23
8abad7f94ac09beb87ae2286a4964e7e,0abb39b16686366b86f96d6c014146cc,delivered,2018-08-07 20:19:14,2018-08-07 20:30:18,2018-08-08 16:37:00,2018-08-10 17:20:53,2018-08-16,f29cbfd17d3e53191eedbd919a793435,2018-08-07
18e82a9a005e7ca6f3811d4a46e1567d,16a31f43fe0b331d2e7a4d76574257eb,delivered,2018-07-07 14:45:56,2018-07-07 14:55:24,2018-07-10 12:38:00,2018-07-21 14:05:50,2018-07-26,9705a67d7c80c572399ed29b112b3295,2018-07-07
4ab88da80ca7e44f4ef0a97cc756619c,fe52371de2f4b439db8a13ce74a64bc6,delivered,2018-02-06 09:20:04,2018-02-06 09:35:27,2018-02-07 15:19:06,2018-02-15 19:32:40,2018-03-13,14bca561bdb2901e80bb20800ba4bdc0,2018-02-06
f5f5e7dc064892b36f19ed8c2b40e1a9,46b9f01312b49da953d7cd077aa394ff,delivered,2018-08-07 16:35:40,2018-08-07 16:45:31,2018-08-21 05:37:00,2018-08-29 20:38:48,2018-09-06,da208163aefc6ab8794d98213f2f53a8,2018-08-07
c52b847a710480721b6c4def72048468,8345586f08b3fede926a66b367857e3e,delivered,2017-12-13 19:56:25,2017-12-13 20:08:21,2017-12-15 12:27:56,2017-12-17 18:55:56,2018-01-02,52f7c5236c70dde7f062d5f93e79920e,2017-12-13
46184b89fda9079331dc0f7dceb061c6,44640723e9d720f96a002f2e671e79dc,delivered,2017-07-06 11:12:41,2017-07-06 11:25:23,2017-07-06 14:57:34,2017-07-11 20:36:41,2017-08-03,cdb39cca09957f7ec951c5a8998c7f45,2017-07-06
ce36799829f380bb23aa467649d173c5,9c4d6870133ed18936397f495df246c6,delivered,2018-05-24 19:04:17,2018-05-25 03:17:58,2018-05-28 13:05:00,2018-06-07 16:28:39,2018-06-19,2a17afe1b10068ca48fa95d95b9d3e02,2018-05-24
b92195016ab44aa92f58ccdc17cf496c,031004fe0f92b09190fc8462ad2b4688,delivered,2018-05-14 12:47:30,2018-05-14 13:16:52,2018-05-18 15:12:00,2018-05-22 11:48:32,2018-05-30,b93460c02625610d2ea42a4e16be1f23,2018-05-14
5907e332dfb01556b0eff58839cc2f75,86c74e1a7c642fe8eb9e3c57c6b95c8d,delivered,2018-01-05 23:22:48,2018-01-05 23:35:25,2018-01-08 23:47:29,2018-01-29 20:22:49,2018-02-08,c17b4437a8b1390e7dc159ae02ed7317,2018-01-05
eb8871f7b0a4b2678e414a280b52349b,623de6c1e2801c6702b4f1d70b72777f,delivered,2018-03-18 19:47:29,2018-03-18 20:07:33,2018-03-21 21:05:13,2018-03-24 17:34:35,2018-03-29,9c626519e11c8495151eebbb6849cae5,2018-03-18
b49fb5d1cf86975cf5a295431c278a33,919898139ad85605b36f05302f908a95,delivered,2018-06-11 18:18:36,2018-06-12 18:46:06,2018-06-15 14:27:00,2018-06-20 15:45:20,2018-06-28,8dff0ffd4d3901995f7bb2c3ebe30608,2018-06-11
58076d990830fefdf892853e25db27c8,cf7cf1913cabcd7ec3db1e6e9d02197e,delivered,2018-01-05 17:07:07,2018-01-05 17:16:35,2018-01-08 21:54:11,2018-01-23 13:43:10,2018-02-02,b3d81cd6b4385daa6d1ab3f95932ff13,2018-01-05
8a7096900fa8a063219b9edd1a9e5431,a0f578fe552521788131d5e9cb728e0b,delivered,2018-06-19 17:00:22,2018-06-19 17:26:53,2018-06-20 13:08:00,2018-06-25 20:41:12,2018-07-17,3e4ef963d1c04ababbd4cf03c4d034a6,2018-06-19
f01557208e34bd6c092c907754981421,a3a29adf6701f67bcd871855b7a739da,delivered,2018-01-18 23:40:46,2018-01-18 23:56:21,2018-01-19 23:07:40,2018-01-22 19:38:47,2018-02-02,5c47a11698cdcede9a8b2335e5a71d9f,2018-01-18
9783d3dd1819fa6e14a26427b1989137,e79d2e40f41f804d567988796efc3c59,delivered,2017-07-13 11:23:11,2017-07-13 11:35:08,2017-07-14 16:22:53,2017-07-18 19:53:41,2017-08-09,c93c37c8d9779348bd164f7d605969d8,2017-07-13
346b2fb1fdc9e25b67e293bbd5fe9ec7,8e069736cdd121d166b7224578f3c332,delivered,2018-06-24 17:49:20,2018-06-24 18:15:05,2018-06-25 14:13:00,2018-07-02 19:41:59,2018-08-07,9743725ca6404a6e62af8588bd833c3b,2018-06-24
7d86c611496883136ac017bd88ffa64e,574128bafa81107ef762bae0b192168f,delivered,2018-05-14 12:37:33,2018-05-14 12:52:36,2018-05-15 11:51:00,2018-05-21 16:14:28,2018-06-04,6a6a7141119ceaeca4dfbae7a580a515,2018-05-14
13d45a0fb42d1b8691a1824859519e4e,63ac9058c1f1f1ec7f174e8d80d36ae9,delivered,2017-09-22 11:08:46,2017-09-26 04:07:17,2017-09-29 17:43:43,2017-10-17 20:12:55,2017-10-19,6e333942859ee2b644a75f42da7b1c5a,2017-09-22
e77d85bec584c36b9558adc732947c76,117b1c66b1089ece5c2254144f37cfe6,delivered,2017-03-02 21:58:35,2017-03-04 02:25:22,2017-03-07 10:09:07,2017-03-29 15:22:38,2017-03-29,52f8d257481183eb874e5ab0558227f8,2017-03-02
bcb0343717a9e0265e156e34c25c3dc0,40272bfc2f46fc530bb6eb75977b5a07,delivered,2017-08-05 14:55:19,2017-08-05 15:10:14,2017-08-09 18:03:22,2017-08-11 17:57:50,2017-09-14,35ecdf6858edc6427223b64804cf028e,2017-08-05
4c52d492645b303b645e4d59b2f2af95,d1c2ecfce662c720c6fdd9d1ba419deb,delivered,2017-04-12 20:14:58,2017-04-12 20:25:14,2017-04-13 15:48:02,2017-04-18 15:17:41,2017-05-04,12e2cfc1a8dc424fb87cc5a7ce029007,2017-04-12
604970dd9342c16efde4207c42f38f2d,003e45472805afa1ee701d83284fa22b,delivered,2017-06-11 20:50:58,2017-06-13 04:02:47,2017-06-19 12:46:07,2017-06-22 15:38:17,2017-07-07,28e2041c0f17e12da80a0146305c9259,2017-06-11
e5cc1da4553871faa7c23e0f4b4844b2,4fb4db0a6cdb200db3d8144c5cc328d3,delivered,2017-06-04 10:37:20,2017-06-04 13:02:29,2017-06-05 12:11:07,2017-06-26 17:35:57,2017-06-28,ec66304b229f162d56f6711761aa8311,2017-06-04
65c89cbb9f1da66608c81d78485e3cdc,1c44c6f25779bb001d8cb8eb362b58d8,delivered,2017-07-24 22:30:19,2017-07-24 22:43:02,2017-07-28 14:26:40,2017-08-04 19:02:45,2017-08-15,e9f5dd4be49421d8bee2a0f8dd7e439f,2017-07-24
ce101239d4d3c22d02503fc803c73be6,dffad848e20daa8fddd888a94af8f71f,delivered,2018-04-18 11:06:48,2018-04-19 02:15:14,2018-04-19 22:26:00,2018-05-23 13:48:41,2018-05-14,421fb8b8a68656b2eed1ef9389014a7c,2018-04-18
dfbd932bdc2738f490b6969edb6f6919,aa820e5e82c2724e39fd639644077197,delivered,2018-04-14 16:20:24,2018-04-14 16:31:28,2018-04-20 00:59:26,2018-04-20 17:42:33,2018-05-03,1d76262324fb722af0b9f273278139a8,2018-04-14
d3d77ac289fa018592f73d730cbbdcd4,e3019141b5011bee27cabff1d47b8b8c,delivered,2017-05-02 13:43:15,2017-05-02 13:55:13,2017-05-04 12:32:01,2017-05-22 11:32:48,2017-06-02,f47a531a66bde7d4f0e085818fa2d733,2017-05-02
d247ca22fce9ccacbc4adb556e4083f7,0a4ed5474727fc500c7ceced05c84129,delivered,2017-11-13 23:36:32,2017-11-13 23:46:40,2017-11-30 22:56:46,2017-12-10 10:41:44,2017-12-01,0e7f8d40e42c2fe70b2115e2121bf4eb,2017-11-13
3e1e8c1cf1dfdbec245dc1d04ab27e38,f8213934e14cc83d7fc89f6397d4a058,delivered,2018-04-02 12:30:02,2018-04-02 12:48:39,2018-04-04 19:12:04,2018-04-06 18:42:00,2018-04-18,2a5a352188f018f8f0033a5c6f01d3f3,2018-04-02
0a72bb193c65199cdd69574aac533a83,b885ff39577dedbe1fcf4682be87619e,delivered,2018-05-21 13:54:10,2018-05-23 02:38:31,2018-05-23 14:08:00,2018-06-08 23:39:39,2018-06-12,97d25181e5b9212f6b4c9c92c94dc120,2018-05-21
3ad6c429e788f917fc200d21941bcb36,9359da8be4a6070e86b408edc5b5ee6d,delivered,2018-07-21 14:43:45,2018-07-21 14:55:18,2018-07-24 15:32:00,2018-07-26 18:41:39,2018-08-01,2098c28fe80f222ed41eaa2171be6f01,2018-07-21
585b27112176e2d9ca8a1fdbaa247c22,1832698a30f8a7d0e248204f4818ef51,delivered,2017-07-19 17:27:37,2017-07-20 06:43:17,2017-07-20 18:14:36,2017-08-03 21:43:03,2017-08-10,763c66ad3f778d7c060e34325e036cf6,2017-07-19
fe0054f00109b15deef50f097a792678,fb5050c5a9ca2923caaf504fce94ba0c,delivered,2017-11-21 11:04:31,2017-11-23 02:53:23,2017-11-28 15:58:55,2017-12-04 22:19:24,2017-12-11,e8fdc48586ede8c54d9dd454f21b30d6,2017-11-21
7063584ebd960be71a883b756429f2e4,276bafdc3963a89aa3471c3d83a9db4e,delivered,2017-08-30 10:46:15,2017-08-30 11:04:24,2017-09-01 15:14:36,2017-09-15 19:31:38,2017-09-21,544d68d25e9cbb63c5ee29345185fbd9,2017-08-30
d37b53698d3839a94cb33273bb8c0241,e5a30eeaa4e287b87b1354d3d3fd4779,delivered,2018-02-22 09:43:00,2018-02-22 10:15:42,2018-02-23 18:19:17,2018-03-06 19:24:25,2018-03-23,6510bac816ba1d1c15b13ecd2fde78a1,2018-02-22
6982e573fae66449ecdcb3381c5c75f9,fc4f8b704f1187abca2fbd5fabeec8dd,delivered,2017-03-21 21:40:41,2017-03-21 21:40:41,2017-03-27 12:07:24,2017-04-06 07:12:46,2017-04-13,98fc5953df36cdfa978a40098b8589e3,2017-03-21
63a529c7538a58649327440872ef8b2d,c634752b39f45cf4ea21793800be5de2,delivered,2017-12-18 18:37:30,2017-12-18 20:30:32,2017-12-20 19:23:12,2017-12-27 19:22:28,2018-01-16,8131bd36a12397d16fdc61fb8cdb0132,2017-12-18
ac5ff205bf10a5b08e09e552d693cf4c,d7f16c15e8f7db3c67cabac56e57ffea,delivered,2017-02-27 19:54:25,2017-02-27 20:05:12,2017-03-02 07:35:26,2017-03-07 10:11:42,2017-03-22,6aaf63fde5ca8cd6d38424243590d439,2017-02-27
a9ef87f686349168d7b25621bac29d5e,0df186e89fa6f0d7724df6839ad18fe5,delivered,2018-01-09 10:47:10,2018-01-10 10:49:26,2018-01-22 20:58:49,2018-01-31 02:18:33,2018-01-26,2da15ef83ce8831c824aa43f2af3eff1,2018-01-09
a50e5978ea225733e3885163fe1d81bc,83360574567ca6b0026ea20ff0ab52c4,delivered,2017-07-19 15:14:19,2017-07-19 15:25:16,2017-07-20 20:29:13,2017-07-26 10:30:11,2017-08-10,76d996ef3f2fdebeb51eed26bb06aee7,2017-07-19
b2a9ead363294c50ba001adc7b811756,91afedb8e47673f4190946478dcb74c2,delivered,2017-04-19 16:38:00,2017-04-19 16:45:15,2017-04-20 08:39:40,2017-05-02 17:43:07,2017-05-15,a620d8d041bb2d82707eaba9f669d861,2017-04-19
acdbc7396e191931c263db11af241d62,816fa7cf00e01aaf19c7ad215b049c9b,delivered,2017-11-05 19:54:45,2017-11-07 07:30:48,2017-11-08 16:22:45,2017-12-04 21:04:22,2017-12-14,9e68775971541ca8a79b6fce848e7aee,2017-11-05
1a0a41acfcd4a351ae9f002b942dce2c,365681813ec00a0106fd91f8e5cf5488,delivered,2017-08-04 21:01:53,2017-08-04 21:15:15,2017-08-15 21:42:21,2017-08-22 22:33:40,2017-09-05,b941b9bd5b0df6d5bc8872504b96b0e1,2017-08-04
c23b3b6e42c2d0fe2d6fad69e2b1f34f,ff0da136fbd35fb34d88d49e88dbff2a,delivered,2018-01-21 14:29:50,2018-01-22 13:51:02,2018-01-23 22:18:05,2018-01-31 16:42:56,2018-03-01,0258cd3b5e7c4b397cc09ea472677e73,2018-01-21
0713f1dd3cdb0f62e71d9a1f01c2bc0b,e1e49b430a59e70670e977664c8f2f8f,delivered,2017-08-01 07:31:32,2017-08-03 16:50:08,2017-08-04 19:19:47,2017-08-10 19:44:26,2017-08-24,fad61b77c26ecaf96813bf7dc9e3ee80,2017-08-01
e4a664fb766c91a75ec091362183c42f,cc3972519bcbe5e8a1ea0cb1c23a99de,delivered,2017-11-26 17:09:48,2017-11-26 17:32:26,2017-11-27 18:38:55,2017-11-30 01:38:43,2017-12-11,e21bcb965a4ae840d08fc2d602104fd3,2017-11-26
889f4a91a6dd40de2cff5139cf2da1e6,6bf3d65c15bc4af3f6d4415216be6cac,delivered,2017-11-20 11:45:29,2017-11-20 11:57:18,2017-12-01 19:27:54,2017-12-20 00:43:25,2017-12-15,1dc6e62032b47fb3dac4dd2bb44f806b,2017-11-20
e0abc00799a9dd05b315c62dd2573724,48baae4b0e2d00b9523c8753ce7d1eba,delivered,2017-11-29 12:24:45,2017-12-01 11:31:41,2017-12-04 18:38:43,2017-12-12 17:44:31,2017-12-28,83faa5fb102b850f97c0496302cf67ed,2017-11-29
be352bbad6d37a556d8ed5fc593bf248,4cad15d0f25fe2fee5f6b3dee45b8d4c,delivered,2018-05-30 18:01:22,2018-05-31 03:36:12,2018-06-07 14:23:00,2018-06-13 17:51:38,2018-07-16,a5afb1cd8d3b8126d2d39a7a29880c09,2018-05-30
c5a468ae781ffb0ec6d36ae89fe512b0,ed7ef682569428c1afaf73b39a2f602b,canceled,2017-01-13 11:06:56,,,,2017-02-13,58aa424ba24df5dc745e1a3941abc5a3,2017-01-13
917fa8f40024e6e7bd1533221767ff65,52c69dd752aab223542b1528dbe334ff,delivered,2017-07-16 13:01:17,2017-07-16 13:10:15,2017-07-17 18:12:02,2017-07-23 15:55:57,2017-08-01,7b0bf5b484f4bf4669e858ace1d451eb,2017-07-16
5bebe39740e4434a58d1fead1a4d854d,caf13309f13b92c0b4e19259a74566fd,delivered,2018-05-02 11:09:22,2018-05-02 11:34:21,2018-05-02 14:39:00,2018-05-18 15:49:00,2018-05-30,72635a55dfa99b570cb2d2e3e6477737,2018-05-02
e7c984c7684388a750178a7187b29cc4,46a6f3ff9a9f8c8786c705af91edcbb7,delivered,2017-07-25 17:26:12,2017-07-25 17:42:50,2017-07-26 17:19:58,2017-07-31 21:24:36,2017-08-16,eca8b601332d77bbeaebd6777d239e5b,2017-07-25
8e2fa0b77725b0b8d060123e347344fd,9e3928ae9bc7270d367853ee9c9d546a,delivered,2017-09-08 09:22:24,2017-09-08 09:35:20,2017-09-08 16:57:38,2017-09-14 21:14:19,2017-09-27,666735967444a5c5e671f9515fe23ab1,2017-09-08
71ea8340051d1eb026b7f104899eafe9,90c57a956687efce976e3a57c514e2c3,delivered,2017-05-15 13:34:32,2017-05-17 04:10:28,2017-05-17 16:25:57,2017-05-22 12:52:07,2017-06-09,4525508b1e5d83e659510e670d906aeb,2017-05-15
8672c44699294d90098cc4ba2441d317,0cba07be7f89557dbdf43a0e58663ff9,delivered,2018-06-16 10:02:52,2018-06-16 10:17:16,2018-06-18 14:15:00,2018-06-22 18:38:32,2018-07-13,314e67684fb54502d819d66c0e3beb9b,2018-06-16
f49c0fbc31a71d739df8b7c13dd6ffd8,8c3bb1ec148b8d1c603c47a15c41faa9,delivered,2018-02-15 16:26:48,2018-02-15 16:46:42,2018-02-16 18:07:12,2018-02-23 20:48:57,2018-03-07,a6ecedfb81724dfa96774f35c0aba2f2,2018-02-15
02dcfbe3274b16820a9fca74c156dc9a,568582be60824f5a39353bf7aafcffae,delivered,2017-11-20 13:53:01,2017-11-21 04:07:05,2017-11-30 00:17:04,2017-12-05 18:09:12,2017-12-12,5962b3d00e5c411c4939c732442af00b,2017-11-20
61587185bfde7d7fc6a93030ddf4a57c,2befd838f726c482b5281c5f849b3cad,delivered,2018-03-02 23:19:40,2018-03-06 03:49:22,2018-03-07 20:33:03,2018-03-20 21:21:53,2018-04-05,dc759b3f371b15aa62e4bf56a123d3d2,2018-03-02
d2a0cfdf8f3b718afce8a4b9d943614a,9c0b57c0b36a9d3ad9eef00e104a174a,delivered,2018-03-26 14:55:06,2018-03-26 15:10:26,2018-03-27 20:04:55,2018-04-05 18:18:39,2018-04-16,9fa87261e8ee721c46b398362db72a5e,2018-03-26
eadb5d6bcbc31439d1d6706a39dba007,a0dfdd6ee456f770e2055649347bab2a,delivered,2017-03-29 00:42:28,2017-03-29 01:15:48,2017-03-30 08:48:25,2017-04-17 08:43:21,2017-05-09,dbb0c261d3a259f7bcae89bca2183343,2017-03-29
076d991923ee938761994a4255f5c5da,9a22acb51c785b2f42ec2fe871ea3bd2,delivered,2017-12-11 09:13:27,2017-12-11 09:30:01,2017-12-14 18:59:51,2017-12-29 21:39:02,2018-01-08,d87cd982d4b793abe00c75c000c89237,2017-12-11
c19151387b76297886c53149367cac4d,d359f457faaab88afbd4ba5df49bb13d,delivered,2017-11-09 00:27:43,2017-11-09 02:30:59,2017-11-09 22:42:53,2017-11-22 21:41:11,2017-11-29,d51f2db09ab57334edc3b1db9db5f9ba,2017-11-09
5427a9679337de4d57c9c59275f5336f,6ae72afe4d8eb041cfa5a2cffa052a44,delivered,2017-10-21 21:53:48,2017-10-21 22:05:43,2017-10-23 22:13:04,2017-11-01 18:03:17,2017-11-13,95c673245afd9e175e46590ea80fd159,2017-10-21
18c48366114e65c415b2c19448f7c146,a7bfe37a3126d9f69b7388135be12f1e,delivered,2017-09-21 20:55:09,2017-09-21 22:45:32,2017-09-25 18:25:55,2017-10-03 17:58:53,2017-10-24,9511a8b6963aabf3f8c18a4963176fc0,2017-09-21
957ba0861ba82e4446aa2f105b7f794b,7092109e11d8fc05620830ac48b5c8a1,delivered,2018-08-16 11:28:46,2018-08-16 11:43:50,2018-08-17 12:40:00,2018-08-24 09:41:35,2018-08-31,ff7d3ceb693a77937c000250fe346acd,2018-08-16
53366f56110f65cb92e10f720b3679a5,fd7272ee66a9a2d9dd0f622d17a1c665,delivered,2017-11-24 15:08:20,2017-11-24 17:54:16,2017-11-27 16:32:53,2017-12-07 22:34:41,2017-12-14,fd1159c8475b7f543ab1be4ed6207869,2017-11-24
f9a4431b06162517b2bc2fbaf8f9645a,c18b64a465c9f5309872862fe7e84ca6,delivered,2018-06-02 11:03:09,2018-06-02 11:15:16,2018-06-11 14:08:00,2018-06-14 19:08:51,2018-07-17,a1d02d8e96f1691603036bfcad4df844,2018-06-02
3243b3ca1a31c24c748cf2227dc29eb5,3fa60642dafff211589344025adaf9a8,delivered,2018-03-02 09:39:07,2018-03-03 02:49:29,2018-03-15 17:55:42,2018-03-21 18:19:40,2018-04-10,b22cf21840e60934c4df94ce2b42d7a1,2018-03-02
f2f949c0ccde761a4485b5535eae0467,7955dc8ce73a68fe390f4e5c54e855ba,delivered,2017-11-13 21:54:11,2017-11-13 22:10:41,2017-11-16 13:21:55,2017-11-24 20:32:03,2017-12-06,03dcb7b1479590ad3188549f8ebfa66e,2017-11-13
03171e00c28f7c3e5c779c2c1009a458,7c08087045374bb1d3d72120ba4f1cc6,delivered,2017-08-10 14:54:28,2017-08-10 15:10:25,2017-08-23 18:17:03,2017-08-25 16:41:46,2017-09-01,d41921118d17ae7938c2a2e22a930550,2017-08-10
ee0ad0da72450479a221d3130c63afd1,6d636ad9408d138208ac81d6107fe6a5,delivered,2017-11-24 21:22:30,2017-11-25 00:18:32,2017-11-27 18:58:33,2017-12-20 23:29:11,2017-12-20,cec724fb2a220b0ea87e558894f7317f,2017-11-24
6353efc1d0d95c4b6b631151651307d3,e799ee9277f49b60fdf907d4535a9203,delivered,2017-07-30 08:44:33,2017-07-30 09:03:01,2017-08-01 17:03:22,2017-08-08 19:48:40,2017-08-30,0581b683b2965a9e6c11e0d1059a751e,2017-07-30
b4a53c6fa9bc78adf59983a160f5470f,cd0ea36f631ecc18f4a781beb4799b43,delivered,2018-05-03 19:06:37,2018-05-03 19:15:24,2018-05-09 15:48:00,2018-05-29 15:14:40,2018-05-28,cf5ad739fb0bb0c54bcfb1c41b7fd8b3,2018-05-03
5855ed67c59c23f410f190aabae43591,cb85674de3108f718d4b6b608ee2f0da,delivered,2017-09-08 12:55:46,2017-09-08 13:05:18,2017-09-11 22:42:27,2017-09-15 21:55:41,2017-10-02,bb85b098c288f4b18c0c014e85e0c93e,2017-09-08
d184a50b5e40af5b04c71ea71a0f6637,bdccda5ccefdbb3e41596cd2577e26ce,delivered,2017-02-12 15:12:12,2017-02-12 15:22:57,2017-02-13 14:05:21,2017-02-22 14:21:31,2017-03-20,9ca1922fbd76be0c0045625cf3f04daa,2017-02-12
cd2e4d6d0b853db1cad25cd418d04ae3,a12c7d650184df118001b3cebaf3b150,delivered,2018-02-03 16:17:54,2018-02-03 16:29:52,2018-02-07 21:16:47,2018-02-14 18:05:53,2018-03-01,1376c487ee3920f2431e975211dffcb1,2018-02-03
09d062f6e1122b61b5ebf287cfd6be11,aa3d6e1aec530b8994b66bb129ac2bf3,delivered,2017-10-17 10:42:30,2017-10-18 03:06:02,2017-10-18 19:52:01,2017-10-24 18:09:51,2017-11-10,314d498639a7a7e9b8f135a0e9d138c0,2017-10-17
6391ac0460dbc859a6788e18dc821698,08be5d1f213ea37487f2698ca4b2be07,delivered,2017-06-27 23:44:39,2017-06-29 02:45:36,2017-06-29 14:13:31,2017-07-04 15:47:50,2017-07-24,3eddcc05abf2cf434aae2a9662597353,2017-06-27
ffc184f2119c6fd4140dcfb518bf4734,6f87e0dbbc2f842ebfe72a589cef6e9e,delivered,2017-10-22 18:50:04,2017-10-22 19:07:18,2017-10-24 16:36:37,2017-10-26 19:35:32,2017-11-03,666181047fa23359ca19d03abc679e18,2017-10-22
e644e459ff4f578d335168f365b77e6c,a8baa0000f9a034bef9676f8e5572817,delivered,2018-04-29 13:15:47,2018-04-29 13:34:00,2018-05-02 08:33:00,2018-05-08 18:03:37,2018-05-29,0b6046cd8b7b9a8ddc7c2996bc719de8,2018-04-29
29b179123b9eda65690278842d2c364b,3529b1799213dbe52624799994675efe,delivered,2018-08-11 19:01:04,2018-08-11 19:10:19,2018-08-13 15:03:00,2018-08-18 13:41:52,2018-08-30,b9f9911419ec994acdb9fbe23e2a4db8,2018-08-11
6e18b903d38ac38420a6d094ebaebb50,98a788a392a4d1018115c93781479b8c,delivered,2018-03-28 15:42:20,2018-03-30 03:26:58,2018-04-02 18:58:39,2018-04-09 20:51:01,2018-04-18,c92e853931dcb8023141ca1cc898eaa2,2018-03-28
06a05e46d787299f6277bfcb590f2ef5,4c05603dd6bd8a1afa59f2684620ffd4,delivered,2018-01-10 23:47:40,2018-01-10 23:55:31,2018-01-16 19:38:52,2018-02-03 15:18:59,2018-01-29,021109bdb16fa17c2463cab87da314f3,2018-01-10
307593389c72a7dc51e1c7a57565a0b3,e470e314e6a0a2c4047969fe6e787eed,delivered,2017-05-13 15:28:28,2017-05-13 15:35:16,2017-05-16 16:02:15,2017-05-25 10:24:53,2017-06-07,577b248d5f425930ca27a980977bbdcf,2017-05-13
00fdb72e467da6f3b000b19b368a6cf6,299735fa1daa3e83ee1048309d22f9da,delivered,2017-10-24 21:31:18,2017-10-24 21:49:17,2017-10-27 20:47:46,2017-10-31 22:18:43,2017-11-24,cf24fc26d6007e7a24eb804c9ef6a0de,2017-10-24
63b0abee9c82e79c3b6e860d070f2c62,b51ecad2f840841fc7f24a4aca209f01,delivered,2017-08-28 21:45:52,2017-08-28 21:55:23,2017-08-31 19:26:53,2017-09-09 17:05:24,2017-09-19,b61b38d88ef98dd66fc100efabad2557,2017-08-28
a393492a87f42dc60b9b63b4ec2f6480,1dd36c847541e6a8d0017dd3113eb201,delivered,2018-01-09 20:28:04,2018-01-09 21:32:24,2018-01-13 02:07:00,2018-01-22 22:25:11,2018-02-02,d7c4d939dad7aa7c312ac3a86f690064,2018-01-09
0c892a79e462e31570b88739be67f32d,946f35bd37b2438f7f2d68da8ed3b963,delivered,2017-03-24 15:02:41,2017-03-24 15:15:11,2017-03-27 14:04:43,2017-04-04 05:49:54,2017-04-17,b9d90399fae52218195b4b23536f6fa2,2017-03-24
93bc6f18eba5e96c71ba3d04e1e8f5d4,a8a04bb88243eb391fc0964aaaf1d79d,delivered,2018-03-12 20:55:08,2018-03-14 03:48:18,2018-03-15 20:18:19,2018-04-06 17:20:46,2018-04-02,e588f1b5d00b4697f453375ba8fedad5,2018-03-12
6e8762ed90dc2ba796c568273539cd77,f704f5612200fcc94627abfc094464bf,delivered,2018-03-20 21:32:13,2018-03-20 21:48:47,2018-03-21 22:11:50,2018-04-11 21:19:20,2018-04-13,ff3794e415eb6ff21999bc4465de4205,2018-03-20
768828d19a7b67c4c5aa1e38def296dc,0bd1e9072528aad3d346e72102bee4f5,delivered,2017-03-04 18:33:44,2017-03-04 18:45:16,2017-03-07 07:37:39,2017-03-10 15:12:53,2017-03-30,b5177190a5290ab9335fd4f2537aaa4a,2017-03-04
6a3c03b4d8dd9b6cf04b7c09c5cf6627,a31ddccc8903093ba9f48791e0733d7b,delivered,2017-12-05 08:48:23,2017-12-05 11:03:43,2017-12-19 22:28:38,2018-01-10 19:57:08,2018-01-02,90693e7acfb7f48d03fe61e2a0002543,2017-12-05
dc281ba54d58f3a819966dc9c879241b,4e513a51bf088b776864a966b91fd79c,delivered,2017-11-18 18:52:08,2017-11-18 19:06:52,2017-11-20 14:36:50,2017-11-21 19:41:43,2017-12-01,d33e6be4d4330badbc3d7adf96059e1d,2017-11-18
57e27e0f4ce02fc858627e4c46e51e9d,0277bd798b42071cb092b1795dbae947,delivered,2018-04-03 19:04:17,2018-04-03 19:15:24,2018-04-04 20:39:35,2018-04-12 20:58:59,2018-05-11,6f3f49fc855f386bf0f737c9d84995dc,2018-04-03
aab068ce8be8648dba3e07ee803db1d8,bc3c6f4b68fb4a5115f293e428469a6d,delivered,2017-12-07 16:17:15,2017-12-07 16:34:24,2017-12-08 19:24:40,2017-12-09 17:09:31,2017-12-26,4bf3d072dcf303280e82dc697b516c6f,2017-12-07
a028a53499d56225d417f0561ea2c1a8,a4d021990afaaa8e7c8c41f9fe72d7ed,delivered,2018-01-19 16:33:57,2018-01-19 16:59:44,2018-01-23 12:13:57,2018-02-02 13:09:37,2018-02-14,175fb6b5133abe30730dd6108d122b80,2018-01-19
5d025adca7f94a2bdfd06c914a9bc601,16b792424429f7c1c708a83acba00014,delivered,2017-10-12 02:31:17,2017-10-12 03:20:13,2017-10-13 22:53:40,2017-10-17 18:28:45,2017-10-25,afdf09d5b07535df233425f49ff3e599,2017-10-12
148eb002be64ecda1789c28234f82c49,c17683cfec7fd02fa5928ac868ee233d,delivered,2018-03-22 09:28:29,2018-03-24 02:11:09,2018-03-26 21:08:42,2018-04-03 19:04:25,2018-04-20,b7343dc001a69a3fc9c31961b5dea892,2018-03-22
a5b93054fbbf75a89a10d7fddb18afe7,02b5dad4111669d799b6697ddbbfcf3b,delivered,2017-04-06 10:52:51,2017-04-06 11:05:16,2017-04-07 14:58:17,2017-05-08 12:02:00,2017-05-10,a61c0dd1c6585331dddfa81976d59cb7,2017-04-06
d2ed05c6bf17b1e0dc17dde0cc4768a8,daefa855bea4e5eac9ccfa3267b10b34,delivered,2018-02-01 11:42:23,2018-02-01 11:55:51,2018-02-02 19:18:29,2018-02-05 19:14:48,2018-02-19,f1236fdb8932b2aa1cebcc082b8fef62,2018-02-01
a601d022409232a8c75200e448dfb843,6b77feae2a3a39a0b0385e67ff194277,delivered,2017-08-09 13:27:11,2017-08-09 13:44:11,2017-08-10 16:59:38,2017-08-21 21:57:41,2017-10-03,8249686a806918848deca8e070f8995e,2017-08-09
b033a34245ae159e80dd599b3c5cb92f,cd9844b06a03c881a223281b601ed8eb,delivered,2017-01-30 19:25:23,2017-01-30 20:33:57,2017-02-09 15:38:02,2017-02-13 10:15:34,2017-03-17,84e0688353bf674f564e79eafc025b5b,2017-01-30
cb6a022cd5d0c3242f698327ac4bcd97,899b712f06e7b29eecd343b85cfe9136,delivered,2017-11-25 18:33:58,2017-11-25 18:51:50,2017-11-28 20:18:51,2017-12-14 15:16:42,2017-12-19,e0f8228aaaf56d5c2c07234fc825d37c,2017-11-25
c88921a6cbda2e9973f9cfbd4e771d20,dc29649b0a10811a1a7e96a23c537999,delivered,2017-03-24 15:02:23,2017-03-24 15:15:12,2017-03-28 08:33:19,2017-04-04 15:52:26,2017-04-12,84d33b66fe100b491fa20d4ff2887849,2017-03-24
e538294b03594e142f0d6a209bd662c0,46416291de65eb2dd91cda1ca214cc5e,delivered,2018-04-06 14:11:27,2018-04-10 03:55:21,2018-04-10 20:32:22,2018-04-18 21:02:59,2018-04-30,7a43947421cb96e7abe1e0572ccac62b,2018-04-06
f91eb2806b28dec82d98c3973af406c5,f5610a33e73e71de93a930d78aa9084d,delivered,2018-06-21 16:29:41,2018-06-21 17:58:17,2018-06-22 15:20:00,2018-06-28 13:47:43,2018-07-17,7ab9d668d61c5b781832f05972a365a5,2018-06-21
6045586df3b03485018e77a6a16bf689,236ba35fd1ff094313a131337c5141b0,delivered,2018-03-18 17:34:34,2018-03-18 17:50:33,2018-03-21 21:09:23,2018-04-04 18:23:45,2018-04-17,a55224aa1cafc8d10ab7af526a4cf0dc,2018-03-18
2ee77ee9cd8288db14b7af33ba98c163,196f17bb795d8e0ce677230cc1781059,delivered,2017-10-20 13:15:37,2017-10-20 13:28:07,2017-10-20 20:22:37,2017-10-21 15:43:44,2017-11-01,3da62858003c2363f45c8d14b3a33464,2017-10-20
7e2680945c22bf90f075339750b45ce2,7b33f0adecab294ca2fa60029f662a5a,delivered,2017-11-25 12:01:33,2017-11-25 12:13:40,2017-11-29 20:36:55,2017-12-20 17:58:47,2017-12-20,82f522761f4f6458b850c7ebaafee1ea,2017-11-25
2343345152ce9ee61f54b2dae18561c1,59cb919cf0144e77dc645ec6d6d1c803,delivered,2018-06-20 10:57:19,2018-06-20 11:26:04,2018-06-20 13:51:00,2018-06-27 13:38:39,2018-07-20,f045bce89b92a2f52e084f72a1d10f8e,2018-06-20
38ece426df6061a1672fecbd2cd3001f,ae71451a12e82001865a77949127781d,delivered,2018-01-27 19:06:52,2018-01-30 03:47:51,2018-01-31 00:55:41,2018-02-08 17:58:31,2018-03-02,83e4c3f55854c0fff86e25063f1c427e,2018-01-27
2f921a8c1d6f7937df5c7fb0468f6f07,0576e04c11f1cca61cc2975f5fd83179,delivered,2018-02-07 11:21:56,2018-02-07 11:32:23,2018-02-07 21:18:52,2018-02-08 19:30:02,2018-02-23,b50c0066bc676e6a5d4a0abe1413023c,2018-02-07
02e440cd2d735b66f2c859ecd1ec44bd,b88b46011ba920177266af7a03a3496e,delivered,2017-11-24 00:07:16,2017-11-24 00:56:34,2017-12-05 02:04:37,2017-12-14 12:48:31,2017-12-14,37a425cd3ed7c1d390590dac75dc89fb,2017-11-24
03a579c0699b16c6fc6d5db022a6e85a,649107d090eab6138e15dcd83260d2f1,delivered,2017-11-30 19:56:14,2017-12-01 09:31:04,2017-12-04 12:39:03,2017-12-05 19:32:13,2017-12-18,905d91d27b7c99c5e69a9eb734c129ae,2017-11-30
4119f9ae0b1ceaaa966616d6a3ba616b,93c3f15b475d3800c0c2e1606edb0d97,delivered,2018-07-30 14:00:47,2018-07-31 06:35:17,2018-07-31 19:02:00,2018-08-02 00:38:37,2018-08-03,7ba1117f6db163e3bab9c57f8b2f08a4,2018-07-30
123a6b2b8763ca40782c8252e63fdbca,2f3d217d111ad7e1c8e3cb02145d7000,delivered,2017-05-15 17:13:19,2017-05-17 04:02:30,2017-05-22 15:49:45,2017-05-30 15:27:46,2017-06-06,359bacb2b5c52b4287667a7bc6c7bc63,2017-05-15
a6840c3c8bb056af9cce2e2ea459769a,49c62562aa524f7e52c41008a9f187d3,delivered,2018-03-08 16:21:08,2018-03-09 03:00:35,2018-03-14 01:28:26,2018-03-16 20:02:49,2018-03-26,d3daedaaef0b4f26e57483ff486d864b,2018-03-08
c0b2c20ed167622980ba4586d4f60168,39d06b1f324058984a562362a55f9b1f,delivered,2018-03-22 20:38:37,2018-03-22 20:50:24,2018-03-23 17:48:26,2018-05-07 12:31:03,2018-04-23,2630602e9535f2b5347b3e9fc77eab65,2018-03-22
1e041fe00fff13b851ee7e11516481fe,246ddb2dd49eae53ce1695190d61fc24,delivered,2017-06-19 08:15:40,2017-06-20 11:30:25,2017-06-22 15:16:57,2017-06-30 07:33:24,2017-07-13,6a1bd3531227937b0bf249d29fbf9901,2017-06-19
d036b12f69efa48855cbfa30a2db23c6,6f92b4743d86893a143f00c26ed3ad3b,delivered,2017-07-28 05:34:42,2017-07-28 06:40:41,2017-07-28 17:45:36,2017-07-29 14:53:38,2017-08-10,57ab82e6903e4b2b6dfb2664186a7997,2017-07-28
730e2dc2bec23dbf9b0594dc01b26ec3,8105703f93b22552cc54833b05568660,delivered,2018-08-12 14:52:42,2018-08-12 15:05:16,2018-08-14 16:53:00,2018-08-22 00:48:49,2018-08-20,95cdf97b27ee968c78c00f794fba1adf,2018-08-12
fc0b65a691066447aa542589d2b3566d,d94b953a8b998d55e2adb0edfdb6302a,delivered,2018-01-10 19:19:51,2018-01-10 19:34:33,2018-01-15 16:51:58,2018-01-24 22:58:47,2018-02-08,962fad01db45c4983ba990180181894f,2018-01-10
4412d97cb2093633afa85f11db46316c,71901689c5f3e5adc27b1dd16b33f0b8,delivered,2018-05-22 13:43:23,2018-05-23 02:55:11,2018-05-23 12:50:00,2018-06-06 20:11:26,2018-07-13,1b76903617af13189607a36b0469f6f3,2018-05-22
73925631ba33c322f310fa0a01283e76,bdeebe7a66f7c942b84dc2d2a5daa9e3,delivered,2018-08-09 19:36:11,2018-08-09 19:45:18,2018-08-10 13:07:00,2018-08-14 22:22:47,2018-08-15,a53c5bbb7be8b7a0f586d31c2bc499ef,2018-08-09
cd2d1270c05b7eea6c1be319b78ce73f,57c68f8620a15638c2f55a4b44e11a86,delivered,2017-09-08 16:59:15,2017-09-08 17:15:15,2017-09-12 17:46:36,2017-09-20 14:34:14,2017-10-04,9290e3b0f0fe3e660c4de619c1640ac9,2017-09-08
4b2b77264527954aba5aa02bd8afe5a4,075b3879780bd73864fd08b5ac8ebe93,delivered,2018-02-21 11:43:10,2018-02-21 12:28:12,2018-02-23 01:13:38,2018-02-28 00:37:10,2018-03-07,6c1c9f70f7743f3a6201d8d7d5db7f6f,2018-02-21
9e8039eae702d759bca1fe0fcd1209b0,aea25e66618809a200e86b82ab569218,delivered,2018-08-08 14:40:51,2018-08-08 14:50:19,2018-08-09 10:01:00,2018-08-15 17:46:51,2018-08-22,3f39d2ea588a0e5899aaa6b6418d3d05,2018-08-08
37a5c08042eaea80dc32392059927a0b,ae4945beb3e981428eab8092d246360b,delivered,2018-07-04 20:58:14,2018-07-05 16:30:53,2018-07-10 15:42:00,2018-07-12 18:11:50,2018-07-23,68667861acbf4ec0e980b6a3933d489c,2018-07-04
8dcdf2ba21745811aaad2fd3ebfc0360,a380a86d2b46332db9750f4d27e2e44b,delivered,2018-07-04 03:04:34,2018-07-05 16:08:45,2018-07-05 13:43:00,2018-07-30 15:03:55,2018-08-16,1cfcda54cd798f92b3de0b0308b6c4be,2018-07-04
b1ecd983532111f5d15d7181158aa6a2,4880cb1a078711d62ada178adf0defb7,delivered,2017-11-29 10:07:56,2017-11-29 10:18:35,2017-11-29 20:19:05,2017-12-02 19:09:06,2017-12-13,7353e7e5f2f32af3228d688d12ceef48,2017-11-29
e9edb54bb4120f4f69c7b036cedbc5a6,e954ac715512f2a20e640cedf80486b5,delivered,2018-06-08 08:26:57,2018-06-09 02:57:15,2018-06-13 15:44:00,2018-06-19 01:25:31,2018-07-17,a4e456eca4b667dc31e1881a4b56b319,2018-06-08
30fe7e22e29acb5403700c7834e57677,7dc011917bd7a6da7bc0756a34ad7c73,delivered,2018-02-19 23:10:30,2018-02-20 00:15:32,2018-02-20 23:06:26,2018-02-27 17:48:47,2018-03-12,c404cd92e93fb64212484abc55977d38,2018-02-19
1bd5bd49d4ceee72802ca053b906c640,a1b77a1ac055c9f9393f4d0fb36cba85,delivered,2017-08-15 21:23:38,2017-08-15 23:24:43,2017-08-17 14:44:38,2017-08-21 18:54:02,2017-09-04,23dfc0699e210b827b44e6bad54e9b68,2017-08-15
cf76d482b013f8af6dc046a3001c1c4f,04eafb40a16989307464f27f1fed8907,delivered,2018-07-04 13:08:27,2018-07-05 16:25:13,2018-07-06 09:09:00,2018-07-12 20:26:34,2018-08-06,d0b9a20f4efe329f146c1954fb3fb019,2018-07-04
8aedd66eae5f4f4537a5eb29f68c2dfa,7dbec27f30126b986adc8caa927f7e76,delivered,2017-11-24 21:32:21,2017-11-25 00:19:41,2017-11-27 16:09:08,2017-11-30 20:27:53,2017-12-08,df369ca5c612b816d4c0fc3641703aad,2017-11-24
9d859f31704188d939d713b4fe19550d,a64531a31e0a79a337b2d6611160ca76,delivered,2018-05-16 13:24:11,2018-05-16 13:59:11,2018-05-21 14:49:00,2018-05-22 19:25:30,2018-05-28,4bf4cdbd2db7a58bec527ea23ccbeb26,2018-05-16
34348b2239b330ce8b290422982e54dd,310c955156a6bd3565e12e49c4d2444c,delivered,2018-04-11 12:56:01,2018-04-13 02:11:20,2018-04-19 20:56:49,2018-04-20 21:11:42,2018-04-30,88e3d3541666f7f462d24e9aadeb5ecd,2018-04-11
603e15b90edc4dbafc68def34a24d4a7,50a60363567e35381870faeee394c06d,delivered,2017-02-03 11:05:08,2017-02-03 11:21:47,2017-02-06 10:16:05,2017-02-23 10:18:45,2017-03-06,a5c06fe695471f91fec7c41754645061,2017-02-03
a77e640490c0930838454624780038b5,5a788e14ce834cd141d015eff188781d,delivered,2017-11-06 11:53:36,2017-11-07 07:30:34,2017-11-08 20:48:51,2017-11-30 23:07:04,2017-12-04,d1744e4b88a060e0c2f919c5eccc33ff,2017-11-06
8d74231228bdbc2e89fc0125abfc1c87,7fbd8c5e77db87df8cac3b514a39b16b,delivered,2017-08-06 03:21:58,2017-08-06 04:20:07,2017-08-07 13:27:53,2017-08-10 22:08:41,2017-08-29,21a2d9dc71459dbd3dad219cb9681964,2017-08-06
c8285f7942cfcfb6542f0d7b54b36359,d99da7c51eda5585210a61d54fd1994c,delivered,2017-11-23 22:16:20,2017-11-23 22:28:26,2017-11-30 19:39:57,2017-12-13 22:42:50,2017-12-22,5691b0e6c602efe860beab0017c4d12b,2017-11-23
9bc7a53b5ab2e7a8e227e321292e5b61,28e8368c2fc3fe3745b999054ec07212,delivered,2017-03-03 18:23:39,2017-03-04 02:24:10,2017-03-06 08:43:42,2017-03-14 10:19:18,2017-03-24,069d3082416b15225a220a70bbeeae99,2017-03-03
4865bde237624673cb82058b4d23327d,86e12fd59aa9f06ed8c9fd7b1e36c139,delivered,2017-08-30 14:19:37,2017-08-30 14:30:23,2017-08-31 19:04:03,2017-09-05 23:51:35,2017-09-18,90c2607a022b5434ceda7bce15da1fd6,2017-08-30
ac61010b8d348d62726ebfe687b026f6,c84b87889fc766cdf27534805e07f502,invoiced,2017-05-26 15:26:26,2017-05-26 15:42:26,,,2017-06-19,9cc4ffe9017eb8c8a33ec9b04d573f15,2017-05-26
7cfbcf0f0e692bccbf7d7a4c997e80fd,65c9e0808cb89c7417c7ed4ad2d78fe3,delivered,2017-09-15 21:27:45,2017-09-15 21:44:24,2017-09-19 18:04:27,2017-09-25 19:42:27,2017-10-05,467975aa01ded053ddd770ac6d11abf8,2017-09-15
547e498e91ae72271cccb2278a3b28d7,5cc63059ba2d74d18396284cbef18014,delivered,2017-10-12 10:06:07,2017-10-12 10:21:18,2017-10-26 20:33:22,2017-10-31 23:23:47,2017-11-07,8f0d8cb981650f6d9dbcaf4de337a666,2017-10-12
05e8a1fd3d354369a3de6e7230a3651f,6fc1bac3e55ec9c69f1f65253026ffdb,unavailable,2018-02-16 16:54:07,2018-02-16 17:10:47,,,2018-03-12,3281635afcc7bd82aca4782e4f0fba8d,2018-02-16
f22592e01ddc0711e6794f900fa5e787,78e0bd1572a022c1bd703a141a5257c5,delivered,2018-03-25 16:19:04,2018-03-25 16:35:28,2018-04-02 23:22:14,2018-04-20 00:58:19,2018-04-25,899cf723953922db9e04a8a6d4107041,2018-03-25
90d730c8aa5c3196dbffefecf4f5202d,4d6db368ed8b18835ba4c89edaeaac6b,delivered,2018-07-19 14:16:16,2018-07-19 14:25:13,2018-07-20 12:16:00,2018-07-26 19:48:33,2018-08-09,177c7ddf107acb626a4d68a243129fb0,2018-07-19
179b8db66f5362945c237b68bc358a77,a1344b860cab384242be3c0ba0a5e4cd,delivered,2017-01-30 20:26:28,2017-01-30 21:35:52,2017-01-31 09:39:41,2017-02-13 17:19:34,2017-03-09,b4a76bacd02c4823afd23c34e8ea92e4,2017-01-30
80a2138300fc2c1c5101d5bb2252973b,167f719870c8451d651436b6e8cd3f97,delivered,2017-12-11 09:10:20,2017-12-11 09:18:20,2017-12-16 01:07:55,2017-12-19 19:58:45,2018-01-02,e578d96e5bd3851422a5a12455f10a37,2017-12-11
bc9a4a9c385277a723b04b122fe58e0c,2b628f30ef83c278e5a911d9d78293ef,delivered,2018-07-14 18:14:12,2018-07-17 04:32:36,2018-07-17 11:18:00,2018-07-23 17:58:48,2018-08-20,7665839401a56c050110d34a0d86809f,2018-07-14
d3310038bbf991ce02501a51022f5283,5db1604d37be97a2b413c219be3b8c0e,delivered,2018-07-30 14:26:27,2018-07-30 14:44:46,2018-08-21 13:03:00,2018-08-28 01:07:29,2018-08-23,0bd4b20e684a23c50c734e740eb41e90,2018-07-30
2dd5bcfb8c66b22a80ffe45078eb2a99,eb55392e91ca4fb066e8c3d099400dd1,unavailable,2017-03-06 21:31:42,2017-03-06 21:45:13,,,2017-03-29,04c5ad73047074972e9a1c744c3b4bf8,2017-03-06
e66785759d87e2a80e8cc70ddd861f36,4b5dadfae21195ed5199f650ebc1fb36,delivered,2018-07-31 11:38:56,2018-07-31 12:31:22,2018-08-01 09:39:00,2018-08-06 14:43:33,2018-08-13,a776783bcff11151d51eb829677eba05,2018-07-31
a54f35a6dfb350a13c6410aa276e52d8,b9d66a7e824f738db300bab9fb4f5ee0,delivered,2017-11-10 10:35:05,2017-11-10 10:47:20,2017-11-14 16:38:34,2017-11-18 17:06:27,2017-11-30,0d6b9a91ea74552ac4f5fb2fdd2f50d8,2017-11-10
4340cfd191c9dc16061684e4575fb151,55761211ed951c99bab19617dad3e33b,delivered,2018-04-19 22:27:41,2018-04-19 22:53:58,2018-04-24 17:16:35,2018-05-05 01:34:48,2018-05-21,f8c680f325076e63a1d68880937258b2,2018-04-19
29d0a6fb5e4342bc5bd0cd7ac3bb98f3,2dee80b74900bb89a1ecc3e97bcda6b3,delivered,2017-11-30 10:18:49,2017-12-01 11:31:27,2017-12-11 23:21:34,2018-01-12 21:07:22,2018-01-02,c51a1f42780144ae12d0e529abc3f83f,2017-11-30
013a98b3a668bcef05b98898177f6923,60c23b4f05e926f24472f5ae2ec6b89c,delivered,2018-08-11 23:17:37,2018-08-11 23:30:11,2018-08-13 14:06:00,2018-08-17 14:38:36,2018-09-17,00504b68faa074d0f40adcb4f7727f71,2018-08-11
b403900b01526c3787b22a9485d9e493,fe4ead29b81e8ee884cf0660c17fde40,delivered,2017-06-06 13:17:50,2017-06-06 13:45:30,2017-06-07 15:21:39,2017-06-12 15:34:45,2017-06-20,46c59f112858ee897d46f8e43af4a336,2017-06-06
d1b4fc9a8c1207433519a8ec52e2d03f,f9a6bf8bc89af704ecd48975eff11800,canceled,2018-05-08 10:05:26,2018-05-08 10:31:28,,,2018-05-16,1450a7cb6ba0bc92100a9a4a8a2f38e7,2018-05-08
41699eafe0014fb781dbe9c918179979,f83ce896b3dc52b9fa77aa1110cd90d6,delivered,2017-12-09 18:48:27,2017-12-09 18:55:28,2017-12-12 00:53:14,2017-12-13 12:33:01,2017-12-28,8176dcb6bfd2aeb26c35863d2cdf5c54,2017-12-09
1bc4cbfa417cbf64682ad0f639f9e58c,d7c47b2b00ac1ab4163de1707a3b3ae3,delivered,2018-06-25 09:02:57,2018-06-27 07:55:36,2018-06-29 16:04:00,2018-07-04 15:38:47,2018-07-18,fc8fc2c9ffef45e833ce9734c44aa868,2018-06-25
e9df66519c360c741bedc488149685e9,813d879c483a0aba3c6aa0c9622c585c,delivered,2018-03-16 09:13:59,2018-03-17 02:40:26,2018-03-29 01:11:46,2018-04-10 19:58:48,2018-04-05,416e6088ae45421d02c8ef8799e412fa,2018-03-16
bbf8658c763a5e7e4d2be2e05b39fd42,42a809e06ea3d25526dc83a485d31d38,delivered,2018-06-29 19:37:28,2018-06-29 19:50:31,2018-07-02 11:06:00,2018-07-20 15:48:38,2018-07-26,40c225da749a4006dc53d3fd2eb5b2f9,2018-06-29
74a11d53ff594d7838a43abf53f0bd32,30c5050c8a97268851a49140d59f68a9,delivered,2018-04-10 08:13:03,2018-04-11 05:50:43,2018-04-13 21:04:24,2018-04-20 20:48:49,2018-05-16,8634c5c43008d9ce2a96eecaca8fe2fe,2018-04-10
430227c0d7f4c842813ccd5e0801e17d,2d5d432f3d019335618910f2def0fbb8,delivered,2018-05-11 13:30:58,2018-05-15 04:52:38,2018-05-16 14:29:00,2018-05-23 21:33:59,2018-06-12,4a0eed40063695c28f67f468dd5776f8,2018-05-11
904194f416371c5ccc2bf141308220ab,9eda2878f66c83472193962f437167b6,delivered,2018-04-28 18:51:34,2018-05-01 06:13:25,2018-05-03 04:36:00,2018-05-03 17:48:41,2018-05-14,11444f8161e51e1d513a6adfc41e629e,2018-04-28
98826cd8a97e41725b525e492a8d7571,4415b9cc1e718722dd4bf4a79ccb08e0,delivered,2017-05-20 15:38:28,2017-05-20 15:50:08,2017-05-24 12:37:01,2017-05-29 14:48:12,2017-06-13,962d26025128e8e5ca4406d754e5c25f,2017-05-20
ec5a2741ddf2c8ff2c0b076c8743dd19,ca8b8f1ad4393c8be0507096d49bfdd8,delivered,2018-07-28 19:55:25,2018-07-28 20:10:08,2018-07-30 12:33:00,2018-08-06 16:37:56,2018-08-20,edbc116669001dfae2e4b0b7d23f7b12,2018-07-28
0188ca1fe398161f0f310fec985ac155,c2b33cff8fe4c4d8eb300547e5e5208e,delivered,2018-06-28 10:56:25,2018-06-30 02:52:29,2018-07-03 11:06:00,2018-07-06 20:58:34,2018-07-19,98d609d0160c8510c762a70ca0ed4c8e,2018-06-28
ee4f89a4d2cea2a4910f24c491696af1,31c3c57318baea8904c0855e7b05e955,delivered,2018-04-02 12:49:12,2018-04-04 03:29:27,2018-04-04 18:11:11,2018-04-27 18:36:42,2018-04-24,4313fa5484249473621c67c84fd0af94,2018-04-02
990c6c497b9bf2f36f61e2e51eb007a6,eafb79051e59ba4934b1ca0452fc6720,delivered,2017-04-24 16:45:43,2017-04-26 09:36:55,2017-05-03 12:33:07,2017-05-10 16:25:45,2017-05-15,b37b521e9947a4fc51cd2c7375cfc4d6,2017-04-24
57f7d38e9b80b8fdd307367f7c212311,53f9dd88885b2ae949d68db6810f64f9,delivered,2017-06-19 12:15:39,2017-06-21 02:32:29,2017-06-22 14:51:46,2017-06-28 11:49:53,2017-07-13,2fe5884cad682fbcf82de3ffd522fdaf,2017-06-19
a51e2c85edcbee98d40ffd0bb3af875e,b75e423743f56708f69a46829cf28ee2,delivered,2018-03-23 09:52:45,2018-03-27 04:08:29,2018-03-28 00:38:48,2018-03-28 17:29:46,2018-04-05,47f0359649e2dc0ea37c1c5c277b8ca8,2018-03-23
0d24d62857c1f2d00801a3512dce5d1f,4eba4e54a08ee98d9031561c10c499c5,delivered,2018-07-19 10:49:10,2018-07-20 04:55:24,2018-07-20 10:26:00,2018-07-26 12:46:54,2018-08-10,e261dace2d1fe8f854e1597b9e507d31,2018-07-19
66810815fe0a68f5501d8cbe1472779d,c7ec40da7b433a48b43ed2c2db0101e8,delivered,2018-01-12 23:31:09,2018-01-13 00:31:22,2018-01-15 23:19:11,2018-01-26 23:46:36,2018-02-07,04e7b09e41a01df2100b30d1a880680d,2018-01-12
f24e66cdbbf1d7e24f946efbc3b47bb3,11e6a06de4b661603476106fa2903210,delivered,2018-01-29 21:34:59,2018-01-29 21:51:36,2018-02-05 19:22:25,2018-02-17 15:48:24,2018-03-12,2ee123fe846467308b514a15717df930,2018-01-29
f7247b9bfe84eb166ffc3c5fce94be54,e5fc30927b884e68ac195810ca12597a,delivered,2017-10-17 22:15:35,2017-10-19 02:49:20,2017-10-20 19:53:37,2017-11-01 16:52:38,2017-11-09,1b6b2d2bba18733ed541ebd0c2737e31,2017-10-17
a0241e2ae203d766eea6aeed90b91cf3,d6d9d6597150c9bfe2d6c2e8df580169,delivered,2018-03-04 20:20:27,2018-03-04 20:30:50,2018-03-09 23:03:42,2018-03-28 18:46:06,2018-04-09,3f51ff993f1cf25a9101463bf5ebe6b1,2018-03-04
d70442bc5e3cb7438da497cc6a210f80,10a79ef2783cae3d8d678e85fde235ac,delivered,2018-08-29 10:22:35,2018-08-29 10:35:16,2018-08-29 19:57:00,2018-08-30 16:03:19,2018-09-04,21dbe8eabd00b34492a939c540e2b1a7,2018-08-29
83351d37493926bef518c18c8ece3a9f,bb2fe4792c031d30447e25a2f70bbdd8,delivered,2018-07-22 18:57:35,2018-07-23 12:32:24,2018-07-23 15:44:00,2018-08-01 18:58:24,2018-08-06,d0ca0850700932098a90d5f7c87ededb,2018-07-22
f70e76f6dd9c492ad50ec1a3ce4e46a2,39119bb2242505507abf7a9d42f89401,delivered,2018-01-28 23:13:55,2018-01-28 23:30:32,2018-01-31 00:04:02,2018-02-05 14:34:33,2018-02-23,9f557659e6b5c18b6ef2e9abaf80fe84,2018-01-28
6baa74b5e9e0e10bd29d85347ff1c226,60ac1fbce4541493ab02d9a8b10871c9,delivered,2017-05-07 19:46:39,2017-05-07 20:02:07,2017-05-10 17:05:05,2017-05-23 17:56:40,2017-06-14,d3cb5cc807148794cb38ffacdd440133,2017-05-07
36b7b9c89099230dbecdcde16e84c1cd,03e454af33e93cda33e1b22175ab8361,delivered,2018-03-27 18:22:21,2018-03-27 18:35:18,2018-03-28 21:51:52,2018-04-03 14:51:18,2018-04-27,d05013504cc471a973af3e91dc6b52fe,2018-03-27
c14191a30c0d8aae8951561cd85a7485,8cca079a61c78c1cc7a1a9ef4a6121e5,delivered,2018-08-19 22:10:49,2018-08-20 13:30:39,2018-08-21 14:40:00,2018-08-23 03:14:47,2018-08-30,09f890c3ae1626f1044e52e1c8d3707a,2018-08-19
d43e09377465273d9e75ee7a51a6445a,2d1cc6fa6d845ab8b3389a26d9c63b29,delivered,2017-05-25 16:20:36,2017-05-25 16:30:15,2017-05-26 14:28:14,2017-06-05 12:18:50,2017-06-19,23686693b97e6a4b92c08e7ff87d4317,2017-05-25
1147614ede9ce51acd3fc449b86114e3,726f28d51b162c746e14553241df9de8,delivered,2018-07-23 15:46:11,2018-07-23 16:46:05,2018-07-24 09:05:00,2018-07-27 19:12:37,2018-08-08,b7d12dd279b98c2d0f8b920052eb2862,2018-07-23
2377613b828f1d12f44e8ee282dcd85d,053145877b75927544b098ed35dde2e7,delivered,2017-10-12 01:05:34,2017-10-12 01:26:16,2017-10-19 22:15:43,2017-10-31 18:04:55,2017-11-17,67913e95e07035bc67dcaa79ecd70cc9,2017-10-12
4e8ccb7e52d788ba5787160a8bf84b60,9a7a96ae72427d119a20b935bb0cdc1b,delivered,2017-02-10 09:20:49,2017-02-10 09:30:17,2017-02-10 09:58:56,2017-02-24 13:53:56,2017-03-23,8a568e5fc88727e82abe997bb4da3857,2017-02-10
4c4590c53b8582812e4bf510d3e55e58,8943a36516635e4916eb25668432071e,delivered,2017-07-16 22:47:11,2017-07-16 23:03:39,2017-07-18 20:12:54,2017-08-17 18:55:07,2017-08-18,7b2f661532726780d00fa5288d857219,2017-07-16
3bc59ba58cb8e8524859be6a6f4159ad,d29e34e0b9e141455f908dc011d564af,delivered,2017-03-13 17:47:09,2017-03-13 17:47:09,2017-03-15 15:08:15,2017-03-21 08:22:07,2017-04-05,2ed568220c373f8941bdfac8f464e66e,2017-03-13
440210629ba4e9e0358429778cefe8b0,3d8d6040155a88249b41c00fde1e7629,delivered,2018-05-10 08:48:18,2018-05-11 12:17:05,2018-05-21 23:10:00,2018-05-25 21:18:48,2018-05-22,05eb062756e6d4358e72b1caf0ec22b1,2018-05-10
eb752d7dd31fae34db80457d17e72ad0,acf35fc5626ae167e8e2089a15cc517b,delivered,2018-06-06 04:14:51,2018-06-06 04:30:13,2018-06-11 13:34:00,2018-06-18 23:23:33,2018-07-12,e3a1dea65fc0a4ac232d2d95734f8ffb,2018-06-06
d02a0111cedc20a548cb065955e04968,6f9bb1cf1aa360acd1a96aadeb478989,delivered,2017-11-14 09:22:00,2017-11-14 09:35:27,2017-11-24 22:51:20,2017-12-01 22:10:26,2017-12-13,7a0a841d2fc8561c75cf26923e1ab48a,2017-11-14
af7845bf2d70a696a4f4f31b4e6c5a81,8abaaa8223a3e5974fdd567bb01088f4,delivered,2018-04-08 14:03:56,2018-04-08 14:15:11,2018-04-09 19:22:44,2018-04-10 20:34:41,2018-04-19,647603966855f7046a23e805ef8f1e4e,2018-04-08
dfda82f701815b8d9306b1343ca3e2bd,eb48ab464500f361c68e031087e573cd,delivered,2018-05-15 11:33:28,2018-05-15 12:15:09,2018-05-15 14:20:00,2018-05-18 15:05:38,2018-06-08,1128c1fa085cce5576a2aef4b694a1b4,2018-05-15
dd129706fb900252b1e9193815d80970,33c6aa3b05c08606ea259d5adf89f296,delivered,2017-02-22 09:47:07,2017-02-23 02:42:32,2017-02-24 09:52:25,2017-03-06 12:38:58,2017-03-22,a7d455cd9a8491ada2404b1dbcb00181,2017-02-22
fd3c2f37b535d300e61e63b029edfd20,20994cde97d1b4009a539595342ce5e5,delivered,2017-09-07 22:30:39,2017-09-08 22:35:15,2017-09-12 18:07:36,2017-09-19 19:08:02,2017-10-03,a1a60b6cdb7de4b7251eab4f0ca8878e,2017-09-07
43f6604e77ce6433e7d68dd86db73b45,ff1201e402a4b1a1bfae1d0abf857014,delivered,2018-05-11 18:25:34,2018-05-11 18:35:22,2018-05-18 17:21:00,2018-06-13 14:28:34,2018-06-06,efe8f87089ec28b1a681c20afa307784,2018-05-11
0645ff0009ebb4d475c7e9d30520dd21,087f9b43add509b918c1152191f2d243,delivered,2017-11-10 20:39:54,2017-11-10 20:50:33,2017-11-14 16:24:13,2017-11-18 16:33:51,2017-12-01,3ac9e42b05329a4f0fc229648ca4bd86,2017-11-10
c8682e224367b603f0ac144e77fabe14,af1d8655ed6152d15b718ceb2f7c397c,delivered,2018-06-11 11:03:55,2018-06-11 11:15:40,2018-06-11 14:59:00,2018-06-12 18:47:21,2018-06-20,276c6b10d49760263cc9d3250f695d47,2018-06-11
e1bf461767c45a8f0abf0a641e6bd449,965d83ab80a4b9913126a2856bb81e3c,delivered,2017-05-15 16:02:25,2017-05-15 16:10:17,2017-05-17 11:20:03,2017-05-24 14:18:50,2017-06-08,e476843c331c4261a33844b54d0d3409,2017-05-15
23e66af5124d410917df9e4afff7ed82,7946266bbd22c1ad0a83eb65059b7fd6,delivered,2017-10-12 10:35:26,2017-10-12 11:20:11,2017-10-13 20:36:54,2017-10-17 21:17:40,2017-10-31,7d3af805295c05f0b9379b88a779e6c1,2017-10-12
6ed4a347a81d5ceb3f8da510c318b5ec,02033fca76b4af0eda65418e673b5a57,delivered,2018-01-26 10:59:39,2018-01-26 11:14:03,2018-02-01 00:56:53,2018-02-02 17:52:16,2018-02-14,81db097ffce4bd958cfffeca7c41e301,2018-01-26
bfff22b563631e997a4a22dd4b87abc2,c4781eecc0840edcc02c29277533004c,delivered,2018-04-02 14:08:53,2018-04-02 14:30:50,2018-04-03 20:05:22,2018-04-09 20:32:13,2018-04-19,2c14db46aee6245ff5a01f7f69544f73,2018-04-02
aba2813708fd104d3fa9f14fde9cd30f,a7e1b44cb7bae930f068ee314e172ef9,delivered,2018-02-05 01:06:09,2018-02-05 01:29:23,2018-02-06 17:13:20,2018-02-14 19:46:42,2018-03-01,4f928a6270233d6c7c4e73919fa12295,2018-02-05
69379af9891c9ba98d3262eb100ea809,d788b6fd55fac4cb266bb00e519c4b87,delivered,2018-03-10 11:24:11,2018-03-13 03:55:35,2018-03-14 22:58:42,2018-04-03 01:51:12,2018-03-28,406c403a3a24a8ab043b84bca52eb343,2018-03-10
bbe32ce108f0fa16e209fbaee6005f2b,9fd4ec1d165657c3cd5ea945678c0686,delivered,2018-01-06 13:40:59,2018-01-06 13:48:40,2018-02-08 13:22:28,2018-02-17 16:33:05,2018-03-13,61d35cbf1edc461d853a4401e5212ef7,2018-01-06
cef3c3045c93eee043b5f3df78466d5b,00daf19c19d0fa15a86284fa7293b5ac,delivered,2018-06-10 15:01:09,2018-06-10 15:15:11,2018-06-12 14:10:00,2018-06-19 20:32:50,2018-07-04,5f9d0a2d1cbdc542a46b46a8b3511701,2018-06-10
afb41fa922afaed3105a1700fed64c35,f6bb64a35eee41a5e4ab974cb8de2ff4,delivered,2017-09-26 17:20:07,2017-09-27 10:07:30,2017-09-27 16:19:42,2017-10-04 20:27:46,2017-10-18,98ebd9f03682fedae27483d82a18f4f4,2017-09-26
2812dbf450ac5dd26b952cfc6db60529,8dd74bc7874323d7948b25debd8488c4,delivered,2018-08-27 17:24:25,2018-08-27 17:35:22,2018-08-28 10:13:00,2018-08-29 14:18:46,2018-09-05,c4f95f0256ba9b1a8956eaadc04e1d77,2018-08-27
733f26eccfda637ff829bb51444ac13b,23c9a4af50b6e7ca6d5843acb4632f71,delivered,2017-12-27 16:02:37,2017-12-29 02:08:39,2018-01-02 17:49:09,2018-01-10 17:40:21,2018-02-02,3e3a2579dd1f91141d907f3355ae466c,2017-12-27
537f17846f5373310e18e7bcc734c39d,3afc233bc5275efc139bd46d8bc5e30c,delivered,2018-03-20 10:20:27,2018-03-21 02:48:19,2018-03-21 20:44:28,2018-03-28 21:11:04,2018-04-06,c41f55ab526b11b223d29d9936d564cf,2018-03-20
343348b1e29e9fa9e7b6ab1027f9177d,017395cf7b4c0be4fa72650f0a8184ed,delivered,2017-02-21 17:11:24,2017-02-21 17:25:12,2017-02-24 13:29:51,2017-03-09 10:36:00,2017-03-28,10e49a12540465d3141f898aeee0a6b4,2017-02-21
768697bea3da93c033aa064d821579e2,fea8050983c42f7907b0150e1a2751da,delivered,2017-09-04 09:26:19,2017-09-06 02:55:27,2017-09-06 13:29:52,2017-09-15 16:02:57,2017-09-27,58ebb0cdff831dccd8b4009111506f80,2017-09-04
148a81c053082ad749e6ab0997a0f25a,46fc1f33e4e97ab4be79119b48a4e910,delivered,2018-06-21 15:13:26,2018-06-26 04:59:02,2018-06-27 13:03:00,2018-06-30 21:10:00,2018-07-13,e73b42bdb071b28c0826e288cc7983f7,2018-06-21
6ece326e25f193d084e3dc092bbdd93b,3f63878c497f2703038d3eb23f8516b0,delivered,2016-10-06 20:15:20,2016-10-06 20:50:33,2016-10-21 16:17:54,2016-10-24 16:17:54,2016-11-30,a5cad0a33504fb5b9725ac33ed686359,2016-10-06
d651bd9a58b10af4a1a7fe2873ef8058,d6148957a1cd01ebafb44c1f9a5ef949,delivered,2017-11-25 23:17:35,2017-11-25 23:33:32,2017-11-27 21:11:00,2017-11-29 21:55:00,2017-12-21,e1a821d8a0ad5e951bf0e47464dd1f9e,2017-11-25
e21bb5b2af087339bd3614d77a0053a1,0495900bb9a59da4d1b972ff829fb60d,delivered,2018-07-20 01:00:51,2018-07-20 01:10:11,2018-07-20 14:03:00,2018-07-25 21:55:42,2018-08-07,21559d7ff0ebff720e5e160184338fed,2018-07-20
df23e811bccb321eb67f120f96955445,412ef0bba96a560e2811cda36c9cc55e,delivered,2017-11-24 10:28:38,2017-11-24 12:34:45,2017-11-24 21:54:55,2017-12-05 18:46:58,2017-12-19,50d59756373a395d180aa6414fcb99c2,2017-11-24
a71cbf13e7dfa5a074740c8a1efc5a9a,dfb27a0b09b7c683f49366048c42f62e,delivered,2017-04-05 14:29:43,2017-04-06 02:43:01,2017-04-06 15:07:18,2017-04-08 01:18:26,2017-04-26,cc2a97be990325d3bdab29a3b4352958,2017-04-05
e3c93a72c954974ce7fb82a5f97d8b89,7b9c3a194ea44dca8cbf2148b8185ed5,delivered,2017-02-17 22:34:14,2017-02-17 22:45:08,2017-02-20 13:40:49,2017-02-23 14:54:51,2017-03-16,0bcdf709d5d3462205328abe5387c5b8,2017-02-17
5935b70a1cae39b66d05db3bcfa4a144,5ec74474854dde59f02205d0bd68abc1,delivered,2018-04-05 08:41:21,2018-04-05 08:55:20,2018-04-05 19:08:49,2018-04-07 17:22:40,2018-04-27,c9395a5b24e390e597d697ccbbb90572,2018-04-05
9c63f9900d02e4981d36f0a782075043,26c8098256a9f305d2d7238204f5642f,delivered,2018-06-07 08:36:30,2018-06-09 03:13:26,2018-06-12 14:09:00,2018-06-19 19:12:17,2018-07-27,95a1b49d1b137fb8ee99a551369363d3,2018-06-07
7af07887f8840085ae4b65cb52f4af29,5dafa582b0cccfe3f6e80a91ef94a083,delivered,2018-07-08 11:10:22,2018-07-10 17:05:42,2018-07-11 18:01:00,2018-07-23 21:44:40,2018-07-27,9cddd5e19cf32df589743ca041498b8f,2018-07-08
c61956e742b7b9e644a1f4ed0f6f941d,f2f5754aa54743f8b50ad65876ebffc7,delivered,2017-06-05 16:53:50,2017-06-05 17:05:12,2017-06-06 11:52:55,2017-06-09 12:18:29,2017-06-29,8cf1bdf074a4a6e5fc61800a219dfb08,2017-06-05
0b8a99d7c60d2f4d09e094e974261cb2,c56653683d08517b6f91a3309c03542b,delivered,2018-07-16 17:00:45,2018-07-17 04:41:01,2018-07-17 13:52:00,2018-07-24 20:16:52,2018-08-08,be5e28c2855974a15b50dd8e6303eaec,2018-07-16
308a27c02747a7b997944034c014302d,38e584a08f477bf894151834aad7cdc6,delivered,2017-05-02 21:57:18,2017-05-03 15:31:51,2017-05-09 09:06:27,2017-05-15 15:08:04,2017-05-29,7ff0197ba562b5d83bfe9cc3e64dec79,2017-05-02
df1b3a108a46e8bea6a2469a6dd24863,e59c7666a82f1475981e22547a7f6c9f,delivered,2017-12-19 12:35:11,2017-12-19 12:48:46,2017-12-26 18:23:25,2018-01-03 14:24:06,2018-01-12,fe685949aae1ed273aa2e3d7cb0679e1,2017-12-19
ac710ab76d5651200cb6082f2c294d29,978d898c9286d9d5dc9dbfcc0e0128a7,delivered,2018-02-23 05:29:01,2018-02-23 05:48:05,2018-02-24 01:13:11,2018-03-07 19:51:34,2018-03-16,b4fcb07f59f9faef5f28ba06bce79d4c,2018-02-23
5a1d6c279780f202dc9a64d0ebbf1097,b82342c1221c839ac1f7ba340ab90063,delivered,2018-01-31 13:32:39,2018-02-02 02:35:34,2018-02-03 07:55:52,2018-02-05 16:08:47,2018-02-16,5aee9c41242adc68d09a0bab4aecd7ff,2018-01-31
6a1ac461a015123f2d4daef591933747,b19151cf03d1ee88b38e392fac8acc62,delivered,2017-12-07 15:57:15,2017-12-08 02:53:39,2017-12-18 13:06:33,2017-12-28 19:52:18,2018-01-12,9041aaf6094cf78b32f85afbdcdc9721,2017-12-07
c458e938207913709f5c0cedb195defd,227a79ef99a0af837f323596c76bcac2,delivered,2017-09-03 13:39:06,2017-09-06 08:45:07,2017-09-06 16:38:02,2017-09-14 23:19:05,2017-09-21,7e251bdcd9072568271fe5b5b824b6be,2017-09-03
86c8daa5f37e9b3e6b4cd745c6ed0a61,d78b8b875530da5becdcfbdcbf78293b,delivered,2018-01-24 14:23:34,2018-01-24 15:38:43,2018-01-30 03:03:38,2018-02-06 21:47:45,2018-02-16,f6973363ab87a706ac0b9138b4bd3ac8,2018-01-24
ab4b37a7cd1397e63f4b25586d5bfe9f,668d9e858c63aa58d80b8edcf3ffd9c5,delivered,2018-08-06 16:59:58,2018-08-08 04:35:12,2018-08-08 14:53:00,2018-08-14 18:58:54,2018-08-15,71f545b9f6343c56082214728419c637,2018-08-06
740878f3c8a802a2617e3879ea2d4f86,be4f0ebdda2ce97a95f0f2b9a6a28c76,delivered,2017-02-28 18:47:03,2017-02-28 19:19:56,2017-03-03 18:51:53,2017-03-15 12:51:42,2017-03-22,78c29e3657617fa139ce31b9d7ae46a4,2017-02-28
722d538cc82ebbe96084de19ed6f7fad,041f3b81b454fafa2803d20e5c79372f,delivered,2018-01-15 13:56:58,2018-01-16 13:50:51,2018-01-20 00:32:39,2018-01-31 16:44:08,2018-02-14,af567bc27ac764bf37984b0a46b76d5f,2018-01-15
059cd34e948c8025e660c89c0de2d792,4d73737f27246fd7094751652d0ee963,delivered,2018-03-07 19:01:13,2018-03-07 19:15:28,2018-03-08 21:27:24,2018-03-21 15:48:47,2018-03-28,5b1be9ec4d6e0f2e3eb073aa560344f5,2018-03-07
3c7bbd575f4e18f9fb416be0cb30840b,492465ef3d63cce9b19ee76f52ac8037,delivered,2018-03-23 22:20:08,2018-03-23 22:30:31,2018-03-27 00:06:38,2018-03-29 20:03:15,2018-04-11,c011547921af20560248edbfa600c4f4,2018-03-23
82ba6dcd4e23b3992eecd5bcae999c30,a725b21d848e46f074496c1c791c8fda,delivered,2018-01-31 00:08:55,2018-01-31 12:31:08,2018-01-31 21:38:36,2018-02-05 21:48:30,2018-02-22,80c90ad8b349c3d26dc554492c280448,2018-01-31
fab521689278ba031dbcb0dadb19207e,cadc94710615d9314120ae1c88de0cc8,shipped,2018-02-11 10:30:45,2018-02-11 10:48:21,2018-02-14 19:16:04,,2018-03-06,b3464ccdbd64a631b33340fb3fc9a300,2018-02-11
6846e1d90448721938d666c3a9e66bdd,3de66df13ed430902d7e393832a5b25e,delivered,2017-12-07 00:03:21,2017-12-07 00:31:04,2017-12-07 21:12:40,2017-12-10 15:12:05,2017-12-26,c810a6f02311f981239ecba3426e50dc,2017-12-07
35b6b0272ca66bd5fef6d110463c40cc,f3d0d413e08a7ccc43e6ca09a8d79cdd,delivered,2018-05-09 12:24:30,2018-05-09 12:35:20,2018-05-16 13:44:00,2018-06-09 17:28:36,2018-06-01,b83f0f5c1db1758573c5ef9dfddf7045,2018-05-09
6720f247b0f2c3d495cc9da6001abdd7,d2916272dda3cfb2e305349c2b106213,delivered,2018-03-30 15:47:50,2018-04-03 05:10:25,2018-04-11 16:04:43,2018-04-19 16:03:42,2018-04-18,559df1e714566692202143c82bf531ca,2018-03-30
340e1daf0ffd056453544ca71b501098,41629f77198c3f777c7704b91f5effe4,delivered,2017-03-25 20:39:11,2017-03-25 20:50:17,2017-03-27 14:15:22,2017-03-31 14:12:21,2017-04-18,c5fe74f1dfcbce3623c7705f0299629b,2017-03-25
0b5588f04551d90ee148462bb65dfddf,48c6a2ca13657875d84b5c3b2271fdba,delivered,2018-07-18 00:08:34,2018-07-18 00:21:44,2018-07-23 13:18:00,2018-08-03 14:54:50,2018-08-09,a0d58c3abf0bc947e39f72976db72428,2018-07-18
23b757203bd90a6deafcd069bdcb1fde,a5e1ac55465102e83e7ab0fa7e6b777a,delivered,2017-10-07 10:55:54,2017-10-10 03:56:15,2017-10-10 17:39:58,2017-10-13 19:24:46,2017-10-25,4852ba4cb09d03a665c840db8e61a749,2017-10-07
61450e6c8f56d52e46a198e57df7d731,3c86b40ba68ad7d3be35a10ae5696954,delivered,2017-11-29 07:40:23,2017-11-29 07:50:25,2017-11-29 17:17:55,2017-12-15 20:26:48,2017-12-26,e4f8995d1c02567ac653a0016a2a195b,2017-11-29
008819c6d5f6da6fa5cd9d50ca927cf4,f453853c7750dfea2b35f2a89382003e,delivered,2018-08-04 21:40:35,2018-08-04 21:50:11,2018-08-06 13:34:00,2018-08-07 20:12:22,2018-08-09,f3591ae7686317e84ebbf646bedf3e24,2018-08-04
efac22dd2be7399535968466224f162d,996ff76de5c41d5364a85263137689da,delivered,2018-05-01 19:14:15,2018-05-01 19:33:50,2018-05-02 13:43:00,2018-06-08 12:58:40,2018-05-24,3438b8441c857ae2e12fb185b58ec074,2018-05-01
b526245df7becef98d5b08c6350cc53e,c2928a50aecf1bc4776082b13225e4da,delivered,2018-01-15 18:00:35,2018-01-15 18:11:23,2018-01-17 13:09:20,2018-01-24 21:48:45,2018-02-05,fe50acde4870aa583fd28401916b7348,2018-01-15
8193af9e3c0361af46d8c6665c838753,61b73212382d130d7e2abe6a92e72339,delivered,2017-08-02 11:31:34,2017-08-02 11:45:10,2017-08-02 18:07:29,2017-08-10 17:17:48,2017-08-28,86c7f24cd4a516836d36d9cd6eb43aac,2017-08-02
88f2694778564f2ef3f8dadb6b3584f4,831ec4e836ed0a619b75fc0646a9a9e5,delivered,2018-04-11 07:47:55,2018-04-12 07:29:19,2018-04-13 19:20:36,2018-05-04 10:22:20,2018-05-11,9ef9c875e34ad30210f77d54154614ac,2018-04-11
92b4d74d8984ddfd468fba03281fec49,7282e7e28bca4c8d52bee1bef2b4dcd4,delivered,2018-04-16 11:52:47,2018-04-17 12:30:20,2018-04-17 21:43:40,2018-05-03 21:49:52,2018-05-14,d26d2fc438ec98cf77465c211a4f843b,2018-04-16
f313336cf2b038a3ef433d8e48aec4d5,632fb46531120e455250be499e52ae03,delivered,2018-05-18 19:17:14,2018-05-19 03:12:54,2018-05-22 06:21:00,2018-05-23 17:32:00,2018-06-01,79859e9f052a65854540f5ef5d4dbe6a,2018-05-18
cba3ba41fc11892527457b4be8d57308,278e24ee5b70133385be317b0b070d0d,delivered,2017-05-28 22:52:54,2017-05-30 04:50:26,2017-05-31 08:17:12,2017-06-02 13:29:50,2017-07-05,70167d9510c6f54bd29bbffd0f4d9e90,2017-05-28
3783fa21a4b027e3da0b6b3db6e1dc3f,b4ed1c11c23a299162324b493730eb52,delivered,2018-06-19 17:32:14,2018-06-19 18:03:59,2018-06-25 13:57:00,2018-06-26 20:27:34,2018-07-04,0e0962c6edb63ee9c5ea0f4f8d73a86e,2018-06-19
98a82341c3a895d022fd7ba18f16e7a2,1d99b48c0fe6d0bc50feebecdc88cbc2,delivered,2017-05-28 14:44:20,2017-05-28 14:55:18,2017-06-05 15:56:29,2017-06-07 13:54:30,2017-06-20,227aab671ee7cda5c88bd91ef18d8bb1,2017-05-28
b10b1c5fd2464a235e121d6ff79280d1,b43fe7987e4423b1b85f21e29d9a12d6,delivered,2018-08-21 20:18:31,2018-08-21 20:30:16,2018-08-22 08:09:00,2018-08-28 08:08:27,2018-09-11,c891a92bfe148936dec36a1d64b547a9,2018-08-21
c8519a6f2d214cfedb5803e64f8dab15,b053f034b9a230fabfaace6e7cdec183,delivered,2018-08-08 15:04:25,2018-08-09 03:44:49,2018-08-09 16:08:00,2018-08-15 17:42:48,2018-08-28,de7f37cea380538db54a10873bffe54d,2018-08-08
bc235dc48cca3cbf2b7de10a83341903,252b958390acc3aba9cea6278deab103,delivered,2018-02-08 07:40:22,2018-02-08 07:55:33,2018-02-09 00:15:06,2018-02-22 22:34:20,2018-03-12,19edaf153484534b0d582195a5cd8ff8,2018-02-08
13ab17b37091a5b804cd161a52292c05,b2292c9e56f5a986542be6214034ee2f,delivered,2018-01-23 14:54:28,2018-01-23 15:12:50,2018-01-26 16:21:57,2018-01-29 12:12:22,2018-02-07,303b9294d757fabfe261bcf99cf819a0,2018-01-23
f025be07a93a64e2f8fa6c84849f4d48,48fffb192bb8e8fa44be4e821bc2ef35,delivered,2018-07-12 16:56:22,2018-07-12 17:10:14,2018-07-18 14:29:00,2018-07-23 19:22:23,2018-07-27,cd128eddd128c614d91223f4f44ee479,2018-07-12
97e22a7b438827d5a86bc1a9f92d8c83,cfed44a643330d0984539ec92412055f,delivered,2018-01-12 20:00:28,2018-01-12 20:08:25,2018-01-15 18:27:01,2018-01-31 19:13:06,2018-02-16,203be24e6117b285f1a0e57eab8d4b41,2018-01-12
a2a0ebaf8a4f82631541cb03b5363bf8,3c9e44b8d3fb692a1d44e273f3e7fec3,delivered,2018-08-14 11:31:09,2018-08-14 11:45:21,2018-08-15 13:28:00,2018-08-20 12:48:49,2018-08-27,103838ffc9a90c22e78aae22c57b7f2e,2018-08-14
27b3b422cdb2f9f358214ae1b74c1365,cdd36e03e9beb7bf2acb965044e3c3a3,delivered,2018-07-23 13:26:43,2018-07-23 15:32:10,2018-07-24 14:01:00,2018-07-31 09:38:22,2018-08-21,fb46e0991d6b6e59664042808e5b59d9,2018-07-23
088f428b537f8a80e52118e3e409ed50,5013591eb92232185ff3486218d55057,delivered,2017-08-27 21:04:23,2017-08-27 21:10:22,2017-08-28 19:42:35,2017-09-01 14:28:17,2017-09-19,89dedfe3145383ccc0d7be54ba4da961,2017-08-27
21265f499055fc933501ce3a66c1ef9a,0e0baf7742b23bc2ca9d12425f4d5928,delivered,2017-10-01 14:39:43,2017-10-01 14:56:07,2017-10-02 18:31:49,2017-10-05 19:48:34,2017-10-24,1fa9b1d14629ef237e0b2f570030df90,2017-10-01
9b951f6f81b73f9ee291b9735e6fe993,8c709144446a29976affde2dcfe063af,delivered,2017-09-28 17:34:38,2017-09-29 02:14:28,2017-09-29 17:33:11,2017-10-20 18:02:46,2017-11-03,3421619a31e48bcac1cc2e40707f0978,2017-09-28
4cfaef0e608d086a42b2ab2d089419fb,4f928b8251b656808a61dc113d912888,delivered,2017-11-28 19:24:34,2017-11-28 19:35:48,2017-12-06 12:09:34,2017-12-21 15:03:31,2017-12-21,96cdc1ea3aa898de11cf8823cf6e1524,2017-11-28
299924bc222337ced037752aa8327ea7,800b8e27cc9f087414d14c84561a6ef6,delivered,2017-11-16 21:48:09,2017-11-16 22:13:22,2017-11-21 15:12:26,2017-11-30 00:38:35,2017-12-05,92c1a23b2c64ce441ee42b3299aca206,2017-11-16
c5012f56f488e3d08eb8140afb31342c,a496197b052f8c9228c351cb52a2a402,delivered,2018-08-19 14:10:29,2018-08-20 12:09:50,2018-08-20 16:35:00,2018-08-21 15:56:41,2018-08-30,29bea95c72abb63bd9da0018a398b594,2018-08-19
b2c72ea40cb81ddf115a20b5e8fd1618,349d5c55df18e3153b8f38dadf34204c,shipped,2017-06-20 16:13:13,2017-06-20 16:25:18,2017-06-21 18:22:17,,2017-07-12,d8cc9b8f7007b83e869b031fa0a0f5b3,2017-06-20
b89d9a223208fad0bb7f6e161b4d43c9,9a2abd31e22fe634141b8aad28fbe154,delivered,2018-08-13 12:43:23,2018-08-14 13:04:02,2018-08-15 14:09:00,2018-08-17 20:51:20,2018-08-30,e52d8bf5666be73028f2573fb19d1304,2018-08-13
d2f452ea9e0c96f9005879a9fe3e3cba,3ae25ab4ec3b54812811a7b61c4c4649,delivered,2017-10-04 10:56:57,2017-10-06 02:14:27,2017-10-06 17:52:29,2017-10-17 15:03:35,2017-11-06,84fb1a23195812de513cead8d4d8e679,2017-10-04
f0078813a9228a17d09c7ff50fcf7d96,edd2787d516e0d0b6a61d132fa2d6f4e,delivered,2018-04-20 14:18:56,2018-04-24 19:26:33,2018-04-25 10:46:56,2018-04-27 20:32:48,2018-05-18,c71e415c3acaebe63ca0bbb6b067c90c,2018-04-20
217f784e30b599df959cb81522d68f73,61ca21aafb7110bf6cd2078f01d7a6e5,delivered,2017-12-18 21:38:35,2017-12-22 12:11:48,2017-12-26 16:54:55,2018-01-03 18:29:04,2018-01-12,465213418e5f34776c10da6c25583be5,2017-12-18
f354616598afd38e38fd8535d22a79f6,db359b7948ea66f46655176af4214978,delivered,2018-02-02 20:15:41,2018-02-02 20:30:33,2018-02-05 16:38:39,2018-02-06 21:28:55,2018-02-26,97a32508ed4a9c806147d223a4e790da,2018-02-02
da877e58cc1ec4929dd9f252bb5bdc82,52d21531d72b0c08474f9d7c92bbb12d,delivered,2018-06-10 20:02:09,2018-06-10 20:17:49,2018-06-11 12:32:00,2018-06-19 13:44:38,2018-07-03,385c9b924a87df624e37ece47e89cbe9,2018-06-10
f4660b7c97cbe88dc80816c67548c5ee,910e75746f7d748a58424e3c66dde8ab,delivered,2017-09-19 16:44:34,2017-09-19 16:55:18,2017-09-20 20:44:53,2017-09-22 15:08:09,2017-10-09,9af5c954a7ab7b453446a4dceaa18de7,2017-09-19
e58f5be3f92e03a392967e08cd6647cd,27f95d7b4a63f96982ee5301a310333d,delivered,2018-04-13 08:27:25,2018-04-13 08:50:57,2018-04-19 14:19:10,2018-05-08 00:48:44,2018-05-14,65ba82fb5dcc72c5c6fc38343a915798,2018-04-13
7cc49d0a2e133481a59d0980dce7680e,bc15d2c3779a64b89af7055528ec55c7,delivered,2017-10-26 21:52:33,2017-10-26 22:06:38,2017-11-01 19:13:55,2017-11-07 21:47:29,2017-11-16,8799f1721988d333cdf9c17cc5345c43,2017-10-26
5051a95bc31ec72f803d5df48c2a695b,eb285763921cb3b806e3d925bf3ca94d,delivered,2018-06-13 18:06:38,2018-06-13 18:24:14,2018-06-14 14:00:00,2018-07-03 18:04:02,2018-08-02,c1e9d3613eb8b37cf2b5526bdbeec4c7,2018-06-13
56c68bdc0271f13c3037a5bb26d520ad,28b19e4aa3b8984663064c407ca727ff,delivered,2017-06-22 22:44:21,2017-06-22 22:55:12,2017-06-26 08:49:32,2017-07-02 10:07:46,2017-07-12,e6615a6b892c0ae58f8d1e1bd8f1c609,2017-06-22
7b048e5d7912932ce90120efc3f332ac,929f29371db3b343d53e200d3f2d2fd6,delivered,2018-06-20 22:36:01,2018-06-21 01:17:14,2018-06-21 14:27:00,2018-06-22 21:53:44,2018-07-03,4a56c5864ec9c27869d80d07115ff36c,2018-06-20
7dd12269fb63d70af90a488dc5e90876,7906f3450eef90b1c63e50b38e0a7862,delivered,2018-04-07 18:51:17,2018-04-07 19:08:32,2018-04-09 20:36:49,2018-04-17 02:46:26,2018-05-04,e634cac201375acd5919890a31445426,2018-04-07
e9ef734824864148c2c98d40fa9dcc7f,0bd601a41ab5cd6262b57cbb2bcf0f2e,delivered,2018-05-01 10:57:57,2018-05-01 11:17:41,2018-05-03 14:41:00,2018-05-09 19:12:43,2018-05-28,c26714e5c4bdc619234e2c57c0798403,2018-05-01
65f72c812ba4ca1ebb3c3558c69d5693,b9e05b51f388a0fbeee7caa11813f044,delivered,2017-03-06 08:02:11,2017-03-06 08:10:16,2017-03-07 07:37:39,2017-03-09 10:12:26,2017-03-28,333f6b9777069c0e20d81f6cea06c631,2017-03-06
cf511b6f35ecd9bc09d2c35ae9d0cfc7,fbd3895c5f12c58d91cfb71241f3f5cc,delivered,2018-06-21 19:41:25,2018-06-21 19:58:44,2018-06-25 09:17:00,2018-06-30 12:37:42,2018-07-24,2d62f3a9748197a1e14719249eaaef03,2018-06-21
905bd749100612f28936959483361129,95fa98658683be343be03b8135d89ce2,delivered,2017-11-26 12:40:46,2017-11-28 03:38:44,2017-12-01 01:24:40,2017-12-12 22:47:35,2017-12-20,2f0efa6c35f7a04c0ccb3f78d1df660a,2017-11-26
773ecfb47260922193611c913a702942,345c52fd455ccfd8077644b600840ad7,delivered,2018-01-22 12:45:55,2018-01-22 14:54:24,2018-01-23 18:48:41,2018-01-30 12:00:00,2018-02-15,b045db9d44a52b02532dcb425be1313b,2018-01-22
e0f5cf952d89f08c137a437a70f1a561,4a200e2fddc4d6a7f398610e59cc47c8,delivered,2018-06-22 19:21:40,2018-06-25 10:55:35,2018-06-25 13:28:00,2018-07-12 14:41:50,2018-07-24,a8db13fe94d879cce68b7b852789fc03,2018-06-22
5f259af82fc248ddda092d4abe371ff1,45c20449fa0e246600a384e74176e43d,delivered,2017-06-30 21:48:50,2017-06-30 22:03:29,2017-07-04 15:26:28,2017-07-11 17:13:41,2017-07-24,9459c6a0c2fac25ee571ab4d9f18757b,2017-06-30
0ab7fb08086d4af9141453c91878ed7a,000379cdec625522490c315e70c7a9fb,delivered,2018-04-02 13:42:17,2018-04-04 03:10:19,2018-04-04 18:11:09,2018-04-13 20:21:08,2018-04-18,0b83f73b19c2019e182fd552c048a22c,2018-04-02
dab23a46abb860b6b4816df41eacd610,52239878c74211b0fd1a56a264763761,delivered,2018-08-08 15:42:27,2018-08-08 15:55:11,2018-08-08 14:56:00,2018-08-11 17:04:47,2018-08-17,faf869bf565016fb42f3386fc7882aea,2018-08-08
03a85a6adb776ffefc4a8d7f845b10a4,641f77a2bb1d1380cff2e60afd691c07,delivered,2018-06-12 00:41:26,2018-06-12 11:00:45,2018-06-22 14:10:00,2018-07-04 19:12:10,2018-07-27,4a81df1304069878473990ba8bc10d1e,2018-06-12
454004e3ce41f39124b8d2fc835a9117,c59c75806862d36137d6aaf84f2a5679,delivered,2018-04-04 22:46:43,2018-04-04 23:09:04,2018-04-07 01:27:41,2018-04-20 18:28:40,2018-05-08,0331dad88c30f83604221e326fecbaed,2018-04-04
ed5d7387a2587321c48d376aaea806d3,e8394ccdbf6a65e416cfdda573a8dda1,delivered,2018-08-06 13:52:52,2018-08-06 14:05:26,2018-08-10 19:54:00,2018-08-13 23:38:46,2018-08-30,6b6b815f43f5bb5de08a22bfd1826357,2018-08-06
ac49c1eb805c27f524f4798a3142d439,f679fa8e9a81de8ac956abac047e5a20,delivered,2018-06-18 08:28:44,2018-06-18 09:01:13,2018-06-19 12:28:00,2018-06-22 22:51:23,2018-07-12,83ccefd1c66a787e7bd1be2601b558e4,2018-06-18
6b06756efe3332c1b68920df3c2d5864,25b18c96dd859f9163ddfaf961cbb476,delivered,2018-07-26 16:16:52,2018-07-26 16:30:49,2018-07-27 10:26:00,2018-07-31 17:08:38,2018-08-24,af81655b9450b305507053d819c28c6a,2018-07-26
55b2169192a2e853a9d21b2b4cd05cd0,b53b8224d279e3ab3d92983481d81b31,delivered,2018-03-20 15:12:50,2018-03-21 02:51:03,2018-03-21 19:04:39,2018-03-26 14:46:29,2018-04-06,cc4c72fa1a49a5a70f1a0ecab271a36a,2018-03-20
3c6f2c25e0bc1279d17395ec365ea14c,4da838ac0a5e78523963ae590a05ef43,delivered,2017-01-27 10:52:15,2017-01-31 04:32:54,2017-01-31 10:19:47,2017-02-02 16:57:54,2017-02-21,85f577ceedf143eb1f3248c42e7c52f3,2017-01-27
7c1bc8447c240b37b3ce9222a1daf420,2b397d1f1e5a1bbdd4471805066a0cc5,delivered,2017-11-07 15:52:19,2017-11-07 16:07:58,2017-11-09 19:07:48,2017-11-20 17:28:31,2017-12-06,443ab4f989f1ee12c26f675dea465bb4,2017-11-07
bcc74496281fa806f6939a8d8f80f232,7d891db7cb060922fcc19a04f6a90a72,delivered,2018-04-20 14:27:30,2018-04-24 19:02:28,2018-04-23 19:13:46,2018-04-25 20:24:48,2018-05-18,cdc15921ed263ac114cd48de48fbaec0,2018-04-20
dcfdf4c257739648a81742a5ea7f8a07,264cfae73963c9e7444cd4ecb6bf63fe,delivered,2018-04-19 23:24:21,2018-04-24 18:22:33,2018-04-24 11:06:37,2018-04-28 11:36:49,2018-06-08,1a31f48887f7394353577d5d19aa0ec0,2018-04-19
3641f9fa33b23a96ddef8d28f440d8db,cdf31148c659090167c2868425d2a72f,delivered,2018-03-27 08:10:06,2018-03-27 08:25:56,2018-03-27 21:59:56,2018-04-19 21:42:49,2018-04-23,f172c33b146e90b95ee12499eb6632cb,2018-03-27
8d7e588f9edf5e801cf455bf1961cffb,4f828355a45997653584184482dd1c2a,delivered,2018-06-19 14:01:34,2018-06-19 14:17:44,2018-06-21 13:01:00,2018-06-29 21:08:28,2018-07-13,e12d8a612d0688d5e1d41fc6bf837e90,2018-06-19
1e7bb5d072b8543a1c42507c4b5583eb,daac60ed0587e8455cbfa9799d658f27,delivered,2018-01-26 16:47:34,2018-01-26 17:22:24,2018-01-29 23:29:12,2018-01-31 19:59:25,2018-02-09,7d9d637ca00bcc10eaa49e3483a256ef,2018-01-26
dde3f065ba9416ef2eb1e9987a28ac59,944539610a067aa2b23935a72f94c768,delivered,2018-03-26 18:21:01,2018-03-27 03:55:45,2018-04-04 21:44:50,2018-04-09 20:56:37,2018-04-12,69396490c66383feb185b18b41e94bfb,2018-03-26
fe850e3531d2e102d8d58b4403fe8069,4abd79f956c83d2c78b65fab142c9d39,delivered,2018-07-25 09:36:25,2018-07-26 05:35:16,2018-07-26 11:06:00,2018-08-01 18:02:05,2018-08-13,dcd94802618619b93183b9ae4adff5e3,2018-07-25
cc999e83cbddd8f4961651258b551003,7b49c9e88dd17d69f6604c5bab0f1291,delivered,2018-02-23 12:20:20,2018-02-23 12:35:37,2018-02-26 22:19:11,2018-02-28 14:08:55,2018-03-15,86b34f555a5037aabc714c718f8e2af9,2018-02-23
e04d6a25eb8f61739c0ab02a8dd7b188,6e2fa0e671b3cac0d560309dd68d43fd,delivered,2018-04-29 22:56:30,2018-04-29 23:10:20,2018-04-30 11:04:00,2018-05-09 19:31:50,2018-05-24,db062747d9ad6703020b2b52362515bc,2018-04-29
4acc7f665ca9273b5848f19cde62b6d8,d31d061fd03b0640264b81e82fd163bd,delivered,2018-06-12 22:21:34,2018-06-12 23:41:27,2018-06-14 13:31:00,2018-06-22 18:38:58,2018-07-13,d0175fc564515a47e95bcfdf40e6bc07,2018-06-12
28339865523dbb50062d7e3a07aeb27c,c4514503f0b309217a1aad0eaa9ea965,delivered,2017-11-10 17:54:06,2017-11-10 18:07:58,2017-11-14 21:48:55,2017-11-23 18:17:44,2017-12-12,35a1bc3b10285bac477591a09cf7abed,2017-11-10
c000c9de28e2436553f200d0faf8eb97,e1bad92b722b5c4d529acd7eaedae6e9,delivered,2017-11-05 22:21:01,2017-11-05 22:30:51,2017-11-07 21:03:26,2017-11-21 23:21:21,2017-12-05,e5eed5d0afc1ee8620468918995df9f6,2017-11-05
4f5045d7a7d322ba928da791f6d5c9f4,af51c0b5fcb9ff4bdc3e48e8d73446d4,delivered,2017-07-05 20:55:17,2017-07-05 21:05:13,2017-07-07 13:31:55,2017-07-11 17:12:39,2017-07-25,dbe3c825a48e75dab7ba3e4d7d0c40b0,2017-07-05
173cd9df6006351e8e5151ea0f400bd3,1ca3ceea5509315ab830a64aaf0f3a62,delivered,2018-01-02 17:33:07,2018-01-02 17:49:31,2018-01-04 14:55:27,2018-01-09 16:45:17,2018-01-18,8decf6ceb73bc478acf5e4e3c041e962,2018-01-02
48ad27781313137346ab40ec8685194a,91536449b9940d1e7af89bc3857369f4,delivered,2017-08-16 10:08:13,2017-08-16 10:30:10,2017-08-17 13:47:29,2017-08-28 12:24:32,2017-09-08,e6c4ff8a40f09e03dc463d697066056a,2017-08-16
088833da9e3a3578817cee729d4e0a97,9a69f3a16bd6b1a50dfdbccd74e97757,delivered,2017-12-26 14:14:14,2017-12-26 14:28:57,2017-12-27 19:39:17,2018-01-03 19:33:17,2018-01-19,252c0dcac11ce99e1f06fc9fd4218fd7,2017-12-26
5642f00882c2ab59e001778dc483135f,6d3daf88dad3c59f48f9ec367fc43a78,delivered,2018-02-09 21:41:44,2018-02-09 21:50:28,2018-02-16 21:04:08,2018-03-23 20:34:34,2018-03-07,7d23ca9b9d5f41298ec3ccbb2ff637d8,2018-02-09
509f828e4a4b823e3b6d282400e52add,63ac3cb0a6469bc8d6d2f635a01e2f59,delivered,2017-04-24 13:03:55,2017-04-24 13:22:10,2017-04-24 16:24:10,2017-05-17 15:22:35,2017-05-15,7eb98c8ac32bd7ba702254f3aca26274,2017-04-24
2640b5421e2a450c8276a27da5ea7d2f,f8b6903b805687276fb7542e9416a3ba,delivered,2017-08-27 20:47:17,2017-08-29 09:25:40,2017-09-01 17:04:05,2017-09-12 17:55:45,2017-09-26,901d27d10636296091d72776b42cd545,2017-08-27
cec79ef92819a9f1f2009e1d8cf26db8,84e58051c35730ef23c796204fe91d08,delivered,2017-09-13 12:24:18,2017-09-13 12:35:16,2017-09-14 18:22:09,2017-09-20 19:29:11,2017-10-09,ac5a446b6eb92f59a152ae107604868f,2017-09-13
45ea696753b4d93fb0cffe87c816a064,9285b668f2790b3dd021861390bbc676,delivered,2018-08-12 21:19:11,2018-08-12 21:30:19,2018-08-15 14:31:00,2018-08-20 17:12:23,2018-09-18,0d8b6f37ce56eb5679cf690b59318b4c,2018-08-12
32934ee250c2eb4a72f61dd37e4f5a81,796790170a4dcafd7af4dc575f28aa73,delivered,2018-06-11 15:05:05,2018-06-11 15:20:35,2018-06-15 13:36:00,2018-06-16 18:08:29,2018-06-25,2ad86ffb0cc867d8287247aae28cccec,2018-06-11
203a378a78cc26ef2e1bfd90a6d48a29,7076e8afd996949ee319e1a6f2f8d5b4,delivered,2017-09-28 20:19:26,2017-09-28 20:28:25,2017-09-29 21:24:57,2017-10-07 11:37:39,2017-10-20,eb6032dea9f269982768cc6eed456cc0,2017-09-28
5933eca8bf39eb9b770be4f92e295796,2ab7b208d37e7ab8d90ec19522e2cf48,delivered,2017-12-17 13:11:36,2017-12-19 13:32:47,2017-12-19 22:54:47,2018-01-25 23:06:00,2018-01-17,723760306f7a15ad72dac1b300eccbee,2017-12-17
e8fe7a9b7a9155171dbcc7e3728950b9,f0aba5723a12e77d8cf791532e415151,delivered,2018-05-10 09:32:44,2018-05-11 03:50:28,2018-05-11 14:17:00,2018-05-23 18:42:44,2018-06-04,c1134d89110eb440df23bf32a19aacdc,2018-05-10
4e9cb71601575577f2208d3aedf933cc,41c7fdc3e0906b20e2da08c152c397f6,delivered,2018-07-10 20:36:54,2018-07-10 20:50:18,2018-07-18 13:01:00,2018-07-26 21:44:59,2018-08-17,cc5e157f88de98c618e8df466faab570,2018-07-10
7b4dfba3da6058deea685e1475eee769,40c400e1b92a5e4b7186354235e6397f,delivered,2018-02-06 20:51:02,2018-02-06 21:10:27,2018-02-07 20:12:52,2018-02-08 17:58:57,2018-02-22,da118efbc88dc7fbf8b7562acfdfed19,2018-02-06
bae6f9f2cc261de0a62c483184fde7f4,c6fef243fbcf36131ef6e6fdc4d42a2f,delivered,2018-02-16 17:05:29,2018-02-16 17:15:28,2018-02-21 18:58:55,2018-03-08 18:13:23,2018-03-08,6a68ebea4927947caaadf455351f3dda,2018-02-16
8f858c47e49820f3f6c7a8bf4d68d490,add16938f937555f63ef16e52371d3ff,delivered,2018-07-16 16:23:02,2018-07-16 16:35:15,2018-07-18 17:04:00,2018-07-23 13:20:53,2018-08-06,df3df161e7cbc66bc66d50cc1649ecc7,2018-07-16
521b27020c398e2a652901b3414c2f26,cebb25bccadd1098bb5f90c345cf3125,delivered,2017-11-27 12:10:10,2017-11-28 03:43:01,2017-11-29 20:09:07,2017-12-05 20:58:49,2017-12-11,e68790871f64ddcc3e7f47040727a0f0,2017-11-27
4f8c4fa99a873ffb8452acc0e0c9c515,6ab61c668f2cc0bf964afc5666bf4cc3,delivered,2017-10-30 20:39:50,2017-10-31 03:55:28,2017-10-31 18:15:00,2017-11-10 16:19:39,2017-11-17,fffa431dd3fcdefea4b1777d114144f2,2017-10-30
f4c87e038db78ef275deab58f19e5bd2,083106a67c25249c79074ab4459fc8c5,delivered,2018-08-06 17:54:58,2018-08-06 18:10:17,2018-08-08 12:29:00,2018-08-13 19:44:37,2018-08-15,b6a8c9225915119f39925b7814f898df,2018-08-06
cc4687e4e102c1c8c606a5a0a8e475db,079e85f42f5af80c74240b97b7a4dee1,delivered,2017-10-31 20:13:41,2017-11-01 20:25:18,2017-11-03 22:25:53,2017-11-16 19:37:04,2017-12-06,df030c3c1d42349bb0a40197e53316ab,2017-10-31
4c69caaf7766dffd15ca30055af00da3,63ddcbd0ffc6bcc1b74065b95cb10548,delivered,2018-04-03 17:24:44,2018-04-03 17:35:15,2018-04-05 21:18:30,2018-04-06 19:47:50,2018-04-13,3cdb33be843c8a89687a70a43deeb1a7,2018-04-03
ef8a28cbda55a7be3821379b081e419e,058f7261062495732fb3c35b0dc6e662,delivered,2018-05-10 12:31:24,2018-05-10 12:56:00,2018-05-28 11:11:00,2018-05-29 12:08:33,2018-06-04,a1eff3d942844ab95a77d78f8c4900c5,2018-05-10
c6b325de61bc1dce75b9b7f1f1501dcf,842fa7ff89518c879323a772d0dbd3ce,delivered,2017-05-31 09:19:17,2017-05-31 09:30:16,2017-05-31 09:54:57,2017-06-01 13:27:34,2017-06-13,c979c7cda3ce942db2701d5550984457,2017-05-31
4e94d143ec7303c9e8095b6432bb3859,7db89c45b494054165b374d2b7510731,delivered,2018-01-14 17:17:56,2018-01-16 03:38:43,2018-01-16 19:15:31,2018-01-30 19:21:30,2018-02-20,5729c597c0f53d54a91b45f64461a958,2018-01-14
6e970ac8488781fb447ff2c2859168bf,eb033b491e53ad18899061e9e19f25b2,delivered,2018-01-22 10:12:17,2018-01-22 14:53:33,2018-01-24 14:36:30,2018-01-26 17:22:06,2018-02-06,7e53be3b41e7986cd63505b7d577b9af,2018-01-22
abb281f6fc9e025d48c27cbe5ae13c24,ea1875bf521c8ae175fbf16abd1298dc,delivered,2018-06-16 20:11:37,2018-06-16 20:36:18,2018-06-18 07:47:00,2018-06-20 17:28:32,2018-07-05,4e7b44775e9dfd6a7ad38006221ba740,2018-06-16
ec3bdf0a23bf186cbcc4708cbd0245b2,80c5a8a72a0e717fbf9633153eb9e3df,delivered,2018-02-28 12:50:34,2018-03-01 12:55:57,2018-03-02 01:09:40,2018-03-15 23:13:28,2018-03-21,2722e6b3a05b8ffb366a8f2a363b2e7f,2018-02-28
cf13217e932cace18f417b9d0a7564f8,c57e02ddca9c4621fedcf5727ac8743f,delivered,2017-04-03 21:40:05,2017-04-03 21:50:10,2017-04-12 11:55:57,2017-04-20 09:39:41,2017-04-28,ca9dde733a9274ed9bea93b8418eaac3,2017-04-03
8d032d2c8478f7aedda32fc2d5014954,36a1b010890ea2e12107fe6ff24cb7bb,delivered,2017-10-12 10:40:18,2017-10-12 10:56:11,2017-10-19 17:28:25,2017-10-23 18:04:11,2017-11-03,0b2866e8bcd0c3ae5c35cf81f7f68219,2017-10-12
6ac9e7249ef5df977218e8251e151355,030be3271231e6f5df0157331c60f0e9,delivered,2017-10-16 13:01:48,2017-10-16 13:14:45,2017-10-17 14:24:01,2017-10-19 20:21:36,2017-10-27,96b9e8f4f6d0a7376c9ee9e954e40897,2017-10-16
979ec1f1f7bc95046f69f31d87b948d6,cb3a230ca25e27dfc3e5209786bd29a9,delivered,2018-01-16 13:15:36,2018-01-16 13:30:15,2018-01-16 21:22:33,2018-01-19 19:08:55,2018-02-06,6cbc5455e3a1b9e6daa771ef6f03b0a5,2018-01-16
511d690ed216be4320cc7ad3174a2292,106f3a5c822e52bc9578d692032ad772,shipped,2017-12-14 11:51:34,2017-12-15 15:35:20,2017-12-18 18:21:52,,2018-01-09,e3ddd5173292d5aa03388d33b74181bc,2017-12-14
3a73856e2f2c866a815c475a95832765,09e2826379ca2fed821563c9049a0a77,delivered,2018-04-12 18:06:48,2018-04-14 02:15:19,2018-04-16 19:08:40,2018-04-24 18:59:40,2018-05-10,e56c92245b4ec59712e11080051de6e3,2018-04-12
6c589cce00692bb7fbd49d0eac280b17,fcf170ce0cbc74bfbc925f787a53940e,delivered,2017-08-07 14:11:20,2017-08-09 02:55:22,2017-08-11 20:19:53,2017-08-17 18:30:13,2017-08-31,dc515b77bbc0990cc606ca579c2c52a7,2017-08-07
49cb71f6609cd6b341acb1cb3ea392b1,4244638de4f86270a82f7210afd70d0a,delivered,2017-10-22 21:02:25,2017-10-22 21:14:47,2017-10-27 18:53:54,2017-10-31 14:55:49,2017-11-10,9f54b233b9ad5b53537a0eea4b718ed6,2017-10-22
b8edc6668eb315d1b730348cac5e9520,491c7eaffec418db9bead95dffa95df8,delivered,2018-02-16 17:15:53,2018-02-16 17:31:23,2018-02-19 23:56:57,2018-02-28 19:39:04,2018-03-14,3cc7b3b67ab1db1f14ff7eb7ad6f1ed1,2018-02-16
6644b958e462843a07ad11798437125f,ccc28b057579c48422b6181c30dfe12c,delivered,2017-12-20 19:06:19,2017-12-20 19:15:28,2017-12-22 14:13:02,2017-12-27 14:03:49,2018-01-15,5ed53f77ca69273ec06bcf3967a270db,2017-12-20
cfe5649887c20d8a27d7a9a2302a9d9b,7c9e2de99b4d853ad2849bf211810bcf,delivered,2017-12-04 15:12:16,2017-12-04 17:22:41,2017-12-12 00:25:34,2017-12-26 22:25:27,2018-01-04,2c7df4496702560c973e5afa81fe9208,2017-12-04
b85004b6486df47906bcc088f0be3092,f8e0c380e596aec3ed26012824a1aa93,delivered,2017-03-26 20:55:07,2017-03-26 21:05:19,2017-03-28 12:33:25,2017-04-03 18:17:41,2017-04-13,5c9f880e50f2b098a6e4fb396205b27e,2017-03-26
adf1d1f9f725c103056bae5f78d77513,e7aa8f71ce6a66684f90103ab313cfd1,delivered,2017-10-13 15:32:47,2017-10-17 03:56:32,2017-10-19 15:48:57,2017-10-25 21:04:41,2017-10-31,ef6f13afb9897c1d50fa603c47749b86,2017-10-13
6509ed1f01a321d9ae4958d09ef2038e,9a7d77512acc59e1d535fad1db9e3f85,delivered,2017-08-19 23:35:44,2017-08-22 04:27:30,2017-08-22 20:23:02,2017-08-24 18:52:28,2017-09-11,024f153bf5ff2f378be3577f3248f283,2017-08-19
2d99133897553f4c8ac31ec3ab36fe67,a3eac38bfaffe2975cd0e424ec86a556,delivered,2017-08-06 19:22:51,2017-08-06 19:35:19,2017-08-07 15:17:46,2017-08-14 22:56:49,2017-08-25,16fad3f895505b4d04cd5859f01aa23b,2017-08-06
27bee06c27de3976958f786390f2d31f,43214f27fade5559699e2b5687236333,delivered,2018-03-15 12:33:14,2018-03-15 12:49:21,2018-03-19 22:05:16,2018-03-20 23:11:26,2018-03-27,af38652301582772fecf512f8fb75111,2018-03-15
30cd92bf673cad5ee8cbc69432e5b951,0a31417edc59c78d19a6553b5a6328a7,shipped,2017-10-21 14:06:50,2017-10-21 14:25:58,2017-10-23 22:34:07,,2017-11-14,0fd18d821e025515612a466c926ff664,2017-10-21
d43198c2d47efb581c5c8c0e2676a7de,7abae3fa545cee17000026ebfca8eabc,delivered,2018-02-11 13:27:52,2018-02-11 13:40:32,2018-02-21 23:07:46,2018-03-14 21:53:42,2018-03-15,ddfb23e875859d879a8cd720b621dc9a,2018-02-11
456be31c2b2f9d2c2af2e828084a8511,534a35b633f86d450cc51643df986b20,delivered,2018-05-07 14:48:57,2018-05-07 16:53:12,2018-05-08 16:51:00,2018-05-10 23:48:44,2018-05-18,22368ffd50b3053231db9241f9d3b1fb,2018-05-07
b70e6b353379423761497f0d95376da2,ab9a07d930e7adf06ad5602f6aa8c35f,delivered,2017-08-08 18:41:32,2017-08-09 07:10:14,2017-08-10 14:03:10,2017-08-16 16:37:52,2017-08-28,244ffde1b09f71f6f43e03d989465ec5,2017-08-08
0df7ce137bbb12afe0a4e2643c6c43ee,38938c4aa7efccf83e6679291c4d1004,delivered,2018-01-12 09:24:46,2018-01-12 09:35:19,2018-01-12 22:27:51,2018-01-24 15:09:32,2018-02-06,83bf39384884016d6218c5cee2dca7e7,2018-01-12
a3b0b8da6ce0a4eea99959dcc1924395,0d8011db3d6ba2c418b5b9884dc6feb4,delivered,2017-06-08 20:32:53,2017-06-10 02:45:25,2017-06-12 15:53:29,2017-06-19 16:21:55,2017-07-03,058e28fceb01698d7eefe53e8fe2ce9e,2017-06-08
8a16ff3cd34e92ae56b0bdcb66dc56e3,596c43277318c607391f4e4124fe579e,delivered,2018-07-18 10:05:02,2018-07-18 10:22:10,2018-07-19 19:15:00,2018-07-20 23:04:32,2018-07-27,143b74c3413de432b8638a96853e1c9c,2018-07-18
943f6c7b262e40ec0526ff87156fb401,6588dbadeec34a7c4372ab86dc7dec94,delivered,2018-08-04 17:00:12,2018-08-06 21:04:35,2018-08-10 14:36:00,2018-08-20 13:54:34,2018-08-27,a2b764e7f5dfa8a8a21bac51aec9c1c8,2018-08-04
3d07c92da0c50282dac7ad3bcf564679,a074fea93d83172d9a71ffca68feea12,delivered,2017-08-17 01:47:44,2017-08-19 02:26:26,2017-08-22 09:10:18,2017-09-04 22:04:18,2017-09-15,ea134de7de1af089905e923b036a7fe4,2017-08-17
645d89884725deda9a632a1cd0658149,3ae18fc6a0dc28c2f6d1529288fed153,delivered,2017-07-29 13:21:34,2017-07-29 13:36:08,2017-07-31 19:12:59,2017-08-02 23:56:42,2017-08-22,fa5381b23512b42e87cf186ebb8ab9b7,2017-07-29
8b45f2717caaaa9636af55943f235b33,184d1cab9ddaf65a2f455daf134e9c01,delivered,2018-08-09 11:21:58,2018-08-10 17:25:10,2018-08-13 15:19:00,2018-08-24 21:46:58,2018-08-28,1c17656ec65029ae51ca6c7cb7f8288a,2018-08-09
daf610999defe00407d9c3178f42b819,064e2cb3bff15053eb0e4afc471e7f2c,delivered,2018-02-01 17:45:05,2018-02-01 18:31:03,2018-02-06 22:17:05,2018-02-07 20:44:03,2018-02-23,06f1d66196374b588fbf7cbc2793874d,2018-02-01
554ecc3c2cd2aa5e836523bcf915260a,74ae1af0e124761bfd3049f666889ca3,delivered,2017-03-10 10:01:13,2017-03-10 10:01:13,2017-03-14 03:52:21,2017-03-22 14:44:32,2017-03-31,784934fd0ef7f0acb22a535b08ccecac,2017-03-10
5ab209cc906b44b6ba9238171f46f263,48a07f5ffeff2244f934f7ee1c414100,delivered,2017-09-14 08:57:12,2017-09-14 09:05:42,2017-09-14 17:54:04,2017-09-19 18:49:55,2017-10-03,1669674efe91cadffc28add980087c0e,2017-09-14
ffbcdac3da2c2f23b699666818b0d38c,fe67d071eefb7f48949cbe89515cd672,delivered,2018-06-19 18:38:34,2018-06-19 18:56:49,2018-06-20 10:46:00,2018-06-28 17:36:31,2018-07-19,6a140ba4cf08e0d893b81b5ec7264d86,2018-06-19
371a9794bafb1204f585018715ed6065,8b4ffff3de1d179a7bce3dfcf4f1c910,delivered,2017-08-23 05:29:43,2017-08-23 05:45:37,2017-08-23 20:03:38,2017-08-25 19:37:25,2017-09-15,53d2157e6fb6608f117084f05aaf4bd2,2017-08-23
64b30be5c86952908e3b2ab4de5c7770,ced7ebd9a7c49bef8dd5506fb0b8647a,delivered,2018-07-18 22:05:49,2018-07-18 22:22:33,2018-07-19 11:50:00,2018-07-24 21:36:42,2018-08-03,bfaa7f56ca38fb29a84e2b1003b9899f,2018-07-18
2be4ffd7d4cce421234db66149a7f749,0bf1d9ed15689a889e24bfa49096a1ef,delivered,2017-08-16 16:24:17,2017-08-16 17:44:47,2017-08-18 13:15:51,2017-08-19 12:08:45,2017-08-29,79c3ef46b89f10777f5604a5e1ee22b5,2017-08-16
083dcb43c3410ea112ed46dc5e8f6674,b76530b7e66b27cd664ee26efcb0c7dd,delivered,2017-12-01 20:51:43,2017-12-01 21:24:09,2017-12-04 18:17:12,2017-12-14 22:15:08,2018-01-04,1d8dc0ddca15b95682905c326b2dbb20,2017-12-01
4c309580256bd11b9a9135a26a1a966b,83f80dacec9b7214a86e64d568bc76d1,delivered,2018-01-12 11:32:01,2018-01-12 11:48:28,2018-01-16 16:13:04,2018-01-22 17:21:48,2018-02-07,d45226d0164cd17393fd77b1d3d92baa,2018-01-12
d79151b701d6eba29bef6aceabc6ada9,6740924d90598652d4d7fa400dc6cb9a,delivered,2018-03-24 17:18:28,2018-03-24 17:30:54,2018-03-26 19:31:05,2018-03-28 23:28:28,2018-04-26,a356b4c64b0eb294b0c8b31e85867f65,2018-03-24
8ab67a33f5086c5971aca4569c4067a9,e4ff0e986267ae80bf791de3896f9b4e,delivered,2018-01-20 23:34:50,2018-01-23 03:37:49,2018-01-23 23:44:35,2018-02-21 20:54:37,2018-02-21,170bdd7492c288bb1f788c1aff0f7503,2018-01-20
4fad81538268bbfafe6e20730ec0c4fb,e0768121fd873c695316861281d5dc40,delivered,2018-04-10 10:34:29,2018-04-10 10:50:36,2018-04-11 19:46:24,2018-04-17 17:32:29,2018-04-26,baebb82446ddda55580e9fe55ed971a4,2018-04-10
44c6a1e50425d53433d3d47e8026f4a6,45bb6f326b5ac217492d09cea88bf4e6,delivered,2018-05-05 19:24:27,2018-05-05 19:35:17,2018-05-11 08:43:00,2018-05-19 10:56:23,2018-06-05,07fbf7cd2d1a81e2c4f88c9ff0148815,2018-05-05
af4d478ab583f7d5a1c2eb0313ae763d,d75654891902c3b820abd3545048c592,delivered,2018-05-08 17:22:49,2018-05-08 17:35:41,2018-05-09 15:23:00,2018-05-10 23:46:42,2018-05-17,c43b2b3018f41c39380df5b1e77769f8,2018-05-08
5627e8c82351e621a4f63476e69f3103,4732a17fe217bd7bf543a5b668b27de2,delivered,2017-05-18 12:41:57,2017-05-18 13:10:24,2017-05-18 13:39:17,2017-05-29 16:46:35,2017-06-09,14713b16a9e8f5b7732763d7f78d3220,2017-05-18
0982c70ab125dee2e64f27e5aa2b4fb8,79c672ef1735d58585e076fb896276b3,delivered,2018-02-15 18:26:46,2018-02-17 03:47:47,2018-02-20 10:39:10,2018-02-21 21:24:58,2018-03-02,e49047a4c83acc67477aea24e68e0d10,2018-02-15
46aed1a9166babaebbe7af749841b024,7ee49fee1a5d3c3c30f39ca51b1b367e,delivered,2017-12-04 21:01:36,2017-12-05 08:30:50,2017-12-05 22:57:06,2017-12-12 22:09:37,2018-01-02,2f5f9356cfae0215286f7daa363aa062,2017-12-04
5cd1e199b5a1a3c27407766b2788851c,446e5d4f61445564a962e11953a4d5ec,delivered,2018-06-14 19:21:17,2018-06-14 19:37:58,2018-06-21 05:31:00,2018-06-27 17:52:47,2018-07-18,7e676e17afba65f46a52fdfb9f382d72,2018-06-14
bdf1e2d7d2e18e7b0a623550d2202ea7,e314b1b0829d37e817b515fd2a5e194b,delivered,2018-05-13 15:27:19,2018-05-13 15:52:07,2018-05-15 07:49:00,2018-05-23 11:42:04,2018-06-13,dbef87cc78dec435200e447efcec6c38,2018-05-13
22ce839b4cf363dd05a5cde6a91e53de,7638ebb9a062fb69f8646c668dd5e3d6,delivered,2018-06-20 15:27:17,2018-06-20 16:01:17,2018-06-21 12:05:00,2018-06-26 19:41:56,2018-07-13,f8dafbf2639c7ea16883679d48e91291,2018-06-20
088858a852d62de0c175c9cc4bc0ddb6,c49ddc57f4de85a5c7694bf37f9b525d,delivered,2018-05-13 13:35:03,2018-05-13 13:52:16,2018-05-15 09:06:00,2018-05-17 21:19:51,2018-05-28,a0c02e30e19b2d276b746bfbfd36cd1e,2018-05-13
281f583b66b67f63c1917c691644c22a,5feb8ef6c9e1b2ccd51d363f014c491d,delivered,2018-04-02 19:57:02,2018-04-02 20:10:22,2018-04-04 02:41:02,2018-04-17 12:24:55,2018-04-25,cca634a5e8cffea413f58c8c29324d41,2018-04-02
6af5a09bae161896af1bd1d4a83a39ce,765c5a44d2bee479336e965c39e85f13,delivered,2018-06-12 15:01:11,2018-06-12 15:46:53,2018-06-15 09:14:00,2018-06-21 12:26:37,2018-07-16,a3dedd8b913d5035ddbdcee236a23280,2018-06-12
eab1323931616e5f3e93993cdc621291,01a2c54f25845c02bff35dbbb7d32c77,delivered,2017-04-26 21:02:59,2017-04-26 21:15:14,2017-04-28 14:01:43,2017-05-08 16:13:33,2017-06-06,1f4336c3226edc8d2c691509a44ac5d4,2017-04-26
b552f6623b3b474d4cff0a44146cd120,bf16ebb1ed47bce228a5b9f57fd4ff82,delivered,2018-01-16 22:08:15,2018-01-18 02:11:31,2018-01-19 21:32:34,2018-01-24 20:09:46,2018-02-06,f121995493925a5ef0b46a13f594e0ab,2018-01-16
c7a9de0ea61229818bdab21f76b0e804,21f377bcfd473f018492b826540d36ef,shipped,2017-11-25 19:48:52,2017-11-25 19:56:30,2017-11-27 23:20:55,,2017-12-19,a9635dae6e36a36a2985b4d083986219,2017-11-25
e102b2494339fab55c3daf18187409a6,91202e3985d66cef5918e07b66764944,delivered,2017-07-20 13:35:29,2017-07-20 13:50:11,2017-07-26 19:20:19,2017-08-18 18:46:44,2017-08-11,41736e3b886b3c89ea3c21f41c46bd1d,2017-07-20
55b2e390d5d80ada31ad1b795ebeb087,055e117cce871c681f903f52d7a866d4,delivered,2017-01-26 00:20:23,2017-01-26 00:30:24,2017-01-26 11:53:42,2017-02-07 16:31:33,2017-03-14,c40388c86f0334d1d69f33fc43322a8c,2017-01-26
16244699615d84f02399e1b0e88468b2,da94b6d4f10776be847cd1869a2c677d,delivered,2017-04-01 17:11:03,2017-04-01 17:22:42,2017-04-07 13:22:59,2017-04-19 14:45:08,2017-04-26,5a4d11d56c3c62e630300b2e98a4c195,2017-04-01
bee6725f139fe39335cd3462ac55ffd8,7c3458230604625116a1504a7de10094,delivered,2017-12-01 18:40:44,2017-12-02 02:51:26,2017-12-13 17:35:09,2017-12-22 17:39:03,2018-01-04,4193eae4d05551143c0bf70f2eb1be77,2017-12-01
ecc4c3f49c7e63c6fc8b2036fd78a185,f975bf6848e2b14caf976bece4dac690,delivered,2018-02-01 22:12:14,2018-02-01 22:29:12,2018-02-03 00:41:54,2018-02-03 14:48:35,2018-02-19,3a43af6775cec872d9a3c80707eb3336,2018-02-01
73435a60acd2fe1260eb7bb6587465ed,d5eb02a8c975623581be64cdfc05d1ce,delivered,2017-03-01 22:05:27,2017-03-01 22:22:03,2017-03-02 10:25:10,2017-03-08 15:31:45,2017-03-27,effbebdf9854a4a1fa1783211054115e,2017-03-01
a7ddbf4f5ef6befd9d3569b1c34a9605,21c8877e6b8dde1b62754d08036ffd1d,delivered,2017-02-20 20:20:06,2017-02-20 21:25:15,2017-02-21 09:19:14,2017-03-06 12:38:55,2017-03-29,9e1fb6b16c75bcaecc2ee20b775ef613,2017-02-20
087c44ddc65697d4a3a2af9234c5a22b,75de575b1ac67f10d725383d4ae0b0ae,delivered,2018-04-08 20:12:30,2018-04-08 20:30:04,2018-04-10 14:48:44,2018-04-19 13:14:48,2018-05-08,9039374bda410ee8513eca78503e2ab3,2018-04-08
c3a151fc45138447691e8231ffbca189,86538da58e1e43ea22d93b6fc3c8ac1f,delivered,2018-03-03 21:12:51,2018-03-06 03:55:51,2018-03-07 17:37:35,2018-04-06 19:42:40,2018-03-22,a51589a7867758392e3f88400221baf6,2018-03-03
a4f3a3f57f483a605280e1e66a6bb18b,2cc496cd354395bb7a0ecf7aa14f19c4,delivered,2018-07-10 16:08:55,2018-07-10 16:25:49,2018-07-11 13:27:00,2018-07-18 17:08:31,2018-07-27,cc1c732ee15c432d060c876c7e9aec5c,2018-07-10
43af81df32df17ce535226c78d5a135c,76bf17a27388e84a9e6176b47fbb2961,delivered,2018-05-11 21:01:40,2018-05-11 21:10:57,2018-05-14 12:43:00,2018-05-15 15:52:04,2018-05-21,bb03bdc26802535aa82d460b539d211c,2018-05-11
0d76cf23189a0ba8c00a570e0021d527,90e210b134f06595fe4b6a70d1187eef,delivered,2017-09-19 00:19:17,2017-09-19 00:30:14,2017-09-21 19:19:02,2017-09-29 21:31:54,2017-10-17,8fa9794287d53baf3d08e2fd2d73a44f,2017-09-19
1bba442e5f19a30cd1ee9b84af924df5,6391769f901ff8f65f74db78000e7f77,delivered,2017-11-23 10:22:04,2017-11-23 10:30:21,2017-11-24 19:57:51,2017-12-04 17:52:58,2017-12-20,941254873ba3ece63e297277436e4c36,2017-11-23
101fb6bec0516b433cb73c6833f34cc1,20e99db8db1906af30940982aa3f9836,delivered,2017-07-12 15:17:36,2017-07-13 15:15:09,2017-07-14 15:41:42,2017-07-17 18:13:04,2017-08-01,1e1ea717e5582112be81201874040e82,2017-07-12
04e4230edda7cee2d7656643461d47e7,f5dae6958e7424376b81b4a16284b98b,delivered,2017-05-31 17:35:20,2017-05-31 17:45:13,2017-06-01 16:12:20,2017-06-05 13:43:48,2017-06-23,b00e0fd2ae759fd947aac853c836b93c,2017-05-31
87cbf27ac970c7423f11157c2ef6ec26,eeee9d1c48539af62348268fab136e2e,delivered,2018-01-21 18:34:51,2018-01-22 13:56:45,2018-01-26 19:49:25,2018-02-08 12:04:57,2018-02-20,2883fd7c3fadd0ad0611424020a381c6,2018-01-21
9a0ae735d5d850fd068bab6f0922f206,40797962636b8f583ef5f5079bb1dae4,delivered,2017-11-23 15:42:05,2017-11-23 15:51:26,2017-11-24 23:33:59,2017-12-04 22:38:49,2017-12-21,148ac6af2969e129456347e8d3dc64ea,2017-11-23
d4113b34b5912aa49875798a65d88613,2e668e8d5ccc335c292ade2a90506ba0,delivered,2018-05-06 15:46:21,2018-05-08 03:55:24,2018-05-14 14:59:00,2018-05-16 00:19:18,2018-05-22,2fd07dc5dbae616986e00fb72e7a779b,2018-05-06
e129e9f89489497f919cd582bf75a0e7,463a0b50898821692fae99d0da500044,delivered,2018-03-13 10:10:43,2018-03-13 10:47:53,2018-03-13 20:26:21,2018-03-26 20:59:25,2018-04-09,05040c74e2cd51e7d6fd425b5c94a37f,2018-03-13
96ed110f6c91b349ff7ab376c8fa9400,67ca8a588d64d60990648ca5e2e61c73,delivered,2017-06-10 22:04:51,2017-06-10 22:15:22,2017-06-20 09:59:19,2017-07-03 16:32:18,2017-07-19,30f26a52896033a63b34125e91ce5c59,2017-06-10
20dd46ec82721cbf25cc9ef228943bf5,0d25047b8fa2245d9bd6b2901623460e,delivered,2018-06-22 15:59:42,2018-06-23 10:58:52,2018-06-25 14:58:00,2018-06-30 13:02:42,2018-07-20,7e2f83fa75de1dc850d9a9d755a5ddbc,2018-06-22
cd7872c2e8a4aedd31e308e5005b220d,76fdb94e980edf0a4a7b1aae1abf57b0,delivered,2018-04-19 11:13:34,2018-04-19 12:33:52,2018-04-20 18:14:33,2018-05-09 01:48:30,2018-05-17,2023d2b0225103036782dc7ebdefa443,2018-04-19
38c5c2886f2aab75bb1ae3f79a3f300d,6676a459c2b773481c9dacde3c44c680,delivered,2016-10-08 08:25:32,2016-10-08 09:10:46,2016-10-12 09:10:47,2016-10-26 12:05:38,2016-11-30,4766fb51c287a3a3a67eae04ed0e75a4,2016-10-08
b4180badf3ac49892e23d6e0276f1e84,815f25ed71c02df6cf2d51943aff8e54,delivered,2018-04-26 14:44:05,2018-04-26 14:55:14,2018-04-26 13:51:00,2018-05-03 00:14:44,2018-06-06,7fcba42041eaec8f0b20ea6afdfe15df,2018-04-26
80c4ad268f53ce7cf84d89479e4e6701,254b82ac8dd89a1059e20cd786965b5b,delivered,2017-10-19 15:08:03,2017-10-19 15:14:26,2017-10-20 19:22:22,2017-10-26 20:18:39,2017-11-17,c57675d43eb822d6fce04dc388d8ed0d,2017-10-19
9a58ef14cb28c0d8eb1772e86f0ac133,49dec313b020bccb6110accca0e8a7fa,delivered,2018-01-14 11:54:03,2018-01-14 12:08:44,2018-01-18 12:14:40,2018-01-22 14:53:16,2018-01-30,98cc69c83f043dde125b693786c0a7d8,2018-01-14
f2dd5f15184c73c0d45c02941c7c23d1,4b60b3ade055c6ad88a00758c8e8a162,delivered,2017-01-05 22:52:33,2017-01-05 23:05:27,2017-01-06 16:08:45,2017-01-13 17:06:48,2017-02-23,b88b78a413e70182e18b032361b24f91,2017-01-05
f25f0fc51351ac9fc1dac7f8fbe59470,15d98045d8ed309eda8c6dd3f63d807c,delivered,2018-06-23 22:16:38,2018-06-23 22:35:02,2018-06-25 14:00:00,2018-06-26 22:06:55,2018-07-05,dd29549286f2438156bbc8e57b04c98a,2018-06-23
745eef172f0256cfaf464e7723693fe0,b1fdee92f68361d797b80f10f3f3a1c4,delivered,2017-04-09 09:52:05,2017-04-09 11:05:17,2017-04-19 07:37:57,2017-04-27 14:45:43,2017-05-16,bf79e2be560481b2e6014798b4331a18,2017-04-09
fecb65750b4fe05b8257f650b2e114a2,6a3291b42c375fa31e806398dd9a6f28,delivered,2017-11-03 12:45:33,2017-11-03 13:07:18,2017-11-04 13:41:40,2017-11-07 17:52:53,2017-11-24,9d7a7819f035595c50c85e4ec22308d0,2017-11-03
a878ec01610f77e9f5ddd8bbc33b4468,319804ffc63eb8b4270a8818135a3865,delivered,2017-12-15 09:08:24,2017-12-15 09:16:23,2017-12-18 20:18:49,2017-12-21 20:36:41,2018-01-16,3e50896cd4e9d3eaede04fd6af331632,2017-12-15
a4696d525de3823f56b75195dce92da5,9a6d50bbc02c9af78cd8dc33440ebc6f,delivered,2018-08-05 14:07:28,2018-08-06 08:44:40,2018-08-07 19:17:00,2018-08-08 22:32:17,2018-08-13,e2d911b9c9ec50ffcdbb80b4aa8e7f2d,2018-08-05
105b31400017ca4a848d48ec5df78257,88b39890f0163934fb46680f5c6073ec,delivered,2018-03-19 13:20:23,2018-03-19 13:35:32,2018-03-23 15:52:04,2018-04-10 20:08:28,2018-04-20,b48f1f3c7b8375b6d250545025c4f7e9,2018-03-19
9f9337d4e1debd68a43a89ee594a732c,4a448fac9d75ee6ea42d3f9d8f27b41e,delivered,2018-08-23 00:53:00,2018-08-23 01:10:08,2018-08-23 13:55:00,2018-08-29 16:26:40,2018-09-10,044fbfba85531679c84bc0463296096f,2018-08-23
c05a5defefe139269bfc13a22fbe8543,5b44eea88fb939f313c15cb15583094c,delivered,2018-07-05 18:57:13,2018-07-06 18:55:13,2018-07-09 15:01:00,2018-07-11 16:57:16,2018-07-27,65dc7b434112b1871ffba93a74a65b5d,2018-07-05
0fa05bb83efc10205ac8f4224f10c336,3298a35f24f353765e2570b3648550f4,delivered,2018-04-26 12:47:48,2018-04-26 16:52:49,2018-04-30 11:59:00,2018-05-14 17:52:36,2018-06-13,d7f374aa64da050d8e7bb9332128a1e8,2018-04-26
e8f1a30189522698bfce82adf60472e7,945080eedd200e670d94e8b707422871,delivered,2017-07-05 11:58:33,2017-07-05 17:38:31,2017-07-06 11:04:07,2017-07-07 20:44:41,2017-07-18,0e78d5d8e92c4454512d545b10be8585,2017-07-05
fde5931c072d09a2a89da86b20ab0451,029a95a46e81be7eb7b4f875e160528d,delivered,2017-03-15 18:53:36,2017-03-15 18:53:36,2017-03-16 10:34:29,2017-03-24 19:04:03,2017-04-04,2dfa6bc8c7ffb458e399e69233352dbc,2017-03-15
4b8ff73a4dec02960c8a7783bcf9596b,b9f4bf1ea5af001921e2060048cc6d98,delivered,2017-12-11 13:19:49,2017-12-11 13:30:53,2017-12-14 00:09:56,2017-12-26 20:04:39,2018-01-04,f4622fd1353fd00937f9a1bb0eda8293,2017-12-11
18fbfa7be165a2404fcf5ab2d071d80e,50bcce86319ecdf2df1edeae7272a38e,delivered,2017-11-24 11:41:52,2017-11-24 13:35:30,2017-11-27 23:37:28,2017-12-05 17:32:51,2017-12-18,bd6e919ea010cdfb03825ac482546540,2017-11-24
6de64652050e3690c7bcc8ad746b90df,cde1b71f4b37b969e44a3381e9ebf736,delivered,2017-11-03 10:58:53,2017-11-07 06:32:07,2017-11-09 08:46:35,2017-11-20 17:51:49,2017-11-27,9704398cbe84e5bff3a4f84534d401b5,2017-11-03
013d92e415d1de7bf3b3b706f1b6d292,898107309c7e33b88d7141ebde723c17,delivered,2018-01-25 13:53:06,2018-01-26 14:22:15,2018-01-29 15:52:48,2018-02-20 20:52:57,2018-03-02,8e23478d59ab253ef04d4d2056ebeb93,2018-01-25
15c0a0d5bd5e9c58f17414d100104093,e72be6eccbec3edc6e5dc148a9794efc,delivered,2018-03-01 10:55:06,2018-03-02 02:15:35,2018-03-03 00:49:22,2018-03-21 20:58:45,2018-03-26,f25c83fef4ae7252feec416e7927acac,2018-03-01
8c698ded819cb4d7c0fa6be003d08768,126745c81418c66a077ae0d117f5266a,delivered,2018-03-29 19:12:52,2018-03-29 19:27:53,2018-04-04 18:21:59,2018-04-10 17:58:01,2018-04-24,08c8daf7d9ab792cfa1f117599918913,2018-03-29
745f8e8e54805aa546f8083a70649d82,b504fe42a7d664cad29f108299f51629,delivered,2017-10-20 17:20:37,2017-10-21 03:07:20,2017-11-01 23:40:08,2017-11-10 19:14:51,2017-11-24,ca5c22758e4f6781ba277d327fe3d7eb,2017-10-20
ee6a5eda1f6348ce77dd734f59499ac0,f79245b624a620d893d14760d3df8b6c,delivered,2017-07-12 15:11:49,2017-07-13 02:55:54,2017-07-18 18:17:29,2017-07-24 21:50:14,2017-08-09,4a0609545eef5585a0abbd61a9262afa,2017-07-12
39dab0c9ea1c7c66a1a516423f50c97a,33f7e823808ce786ac284e32b07cf6e4,delivered,2017-05-08 17:51:05,2017-05-09 09:45:19,2017-05-12 14:17:02,2017-05-22 14:33:18,2017-06-12,75c9d9286f420028ef73062dee65da94,2017-05-08
13b4a241ec0a12dc277733bf73327633,923de483ea3d978b748fe8b4cba86955,delivered,2018-03-29 13:43:22,2018-03-29 13:55:14,2018-04-02 22:52:12,2018-04-03 15:29:03,2018-04-11,2feb8402ee618f141168787b76e58103,2018-03-29
41b0e2a8a395c2cce94ad53fca46cf23,b365c8052f1cb95b4abac396e5022ad0,delivered,2018-06-18 17:35:29,2018-06-18 18:02:44,2018-06-22 13:01:00,2018-07-05 19:47:26,2018-07-30,3d9eefabcc18173795e8cdb0b5644386,2018-06-18
3961a71512408632c7b76c129c0272c6,6d0732decec87771a46125abbeeaa9b8,delivered,2018-01-28 22:52:05,2018-01-28 23:18:17,2018-01-31 23:59:31,2018-02-06 21:03:49,2018-02-21,252e897731145fbfc65492446f59b28e,2018-01-28
a05b04bda10e20bffc7a561007f07f4c,a63ec0e33508ff6ddf030bbeb647f7f0,delivered,2018-04-24 09:58:31,2018-04-24 18:15:45,2018-04-25 13:22:00,2018-05-10 20:36:42,2018-05-22,fa5e354ace8302f04b2d43b216526f5f,2018-04-24
c3d70740928cd09c703cb7cc29537cb6,d92c4eb4cfeca0de7c933dcf36d2f7ea,delivered,2018-03-13 22:45:45,2018-03-13 22:55:28,2018-03-17 00:04:18,2018-03-19 13:48:44,2018-03-23,063eef0d1ead8ee785783e95df82137e,2018-03-13
8a9424899aac432d80d8e580932b5ee9,0297d4246fd48c7ed31b81c7f99776eb,delivered,2018-07-11 18:19:48,2018-07-11 18:35:17,2018-07-12 11:30:00,2018-07-24 16:11:44,2018-08-06,7bf8aae1f297a6cf8573f9da5286435d,2018-07-11
214026e389020b815048174316597274,d4028850672d0f7f8158b06d9d381247,delivered,2018-01-15 12:02:56,2018-01-15 15:50:50,2018-01-15 22:58:34,2018-01-19 18:27:53,2018-02-05,c7ad21801caf2f3dc28d156335a79063,2018-01-15
d5aa77f5eed8acdd598a687ccc27cfa8,846ebdc9aa938e421601375cc2c28279,delivered,2017-10-06 15:45:54,2017-10-06 15:56:21,2017-10-30 17:54:10,2017-10-31 12:15:06,2017-10-24,d3b95980d0b9abf2a7d9fe0dd1ccb91c,2017-10-06
9d0815da498bdbe17d13752e2d3c991f,209aa0c72b1d9f4c58d1236435ba739d,delivered,2018-08-22 10:48:47,2018-08-22 11:04:35,2018-08-23 14:00:00,2018-08-28 18:16:43,2018-09-03,e33e58f0dfe9b327752c1aa21f004547,2018-08-22
0d8d74c25da3888411cba598d37dac61,42cc85da1ad5c10f4f0f859d1630b429,delivered,2017-10-04 10:53:54,2017-10-04 11:07:18,2017-10-04 22:29:47,2017-10-17 23:18:29,2017-10-31,c0aff2627ac1dd216e37cff8e1e127f0,2017-10-04
5ac82ecaa1e3713f2684dece00141c68,1b6bc7c185f0cafc76e200d2acc66992,delivered,2018-06-09 16:27:22,2018-06-09 16:35:20,2018-06-13 14:55:00,2018-06-20 21:44:46,2018-07-11,49342c395ab145b1716b1dc861c090f2,2018-06-09
ae8590e2d258155cb303eaac1325e099,4a7e7ed4a4e7db8f6b0548fdf02b49a8,delivered,2017-09-22 20:43:04,2017-09-22 20:50:18,2017-09-25 19:28:54,2017-09-29 18:40:07,2017-10-19,dffe9e17ee19ba084abefe8365c1f57e,2017-09-22
36750bfd3e70a5f8f95edf2e28f1d60e,352960fe6741c7944bd2007d8d1d3f64,delivered,2018-06-22 21:30:06,2018-06-22 21:58:42,2018-06-27 12:04:00,2018-07-03 01:58:38,2018-07-23,eec8231e8d513be98954dbcbe946528d,2018-06-22
5ddee063fdf0f2a5c828b499fb857e85,980898af1af67d2ccfe240a6f105c535,delivered,2018-08-16 10:25:24,2018-08-16 10:44:02,2018-08-16 14:28:00,2018-08-17 20:12:17,2018-08-24,fc9fb824c68f21fd0871490ab14a52b6,2018-08-16
2d1bec8cfa830e47e6267b4e3c329dbd,4ffd321d13d0deb41947ce6d939c8e10,delivered,2018-02-28 02:46:13,2018-03-01 06:48:38,2018-03-01 22:08:11,2018-03-20 19:38:48,2018-03-19,5457ae2c352c18e3bf5cba68301d96a8,2018-02-28
043c74b543e990bd18b14ef1e4344031,145b7ecf2c0aa47c15bbe20d6bd26a90,delivered,2017-08-15 09:02:19,2017-08-15 09:23:58,2017-08-31 21:12:17,2017-09-04 21:40:00,2017-09-11,f4c8f8a862c73b83c4a9895e56dd67a6,2017-08-15
251b17268a3a756c257de7aff90dc882,a923843252d5090aadd4b233b3ba66b5,delivered,2017-06-25 19:19:17,2017-06-25 19:30:22,2017-06-26 12:35:33,2017-06-27 11:37:41,2017-07-07,d24f0a5ca47c76e5579027ec136092ff,2017-06-25
e0f95c3628b0822fc14e8e2436f0da4b,deca2d5050103f7094d493ae01a5163d,delivered,2018-02-18 19:21:55,2018-02-18 20:26:59,2018-02-21 20:33:39,2018-02-25 20:33:57,2018-03-06,aaed343de3aa22691c00d669d59a37e8,2018-02-18
9b8aaa74d468897a211fb359950937e5,873dfc3de3c07eb7b9d6430e07e7d154,delivered,2018-07-26 12:10:31,2018-07-26 12:25:18,2018-07-26 14:16:00,2018-08-02 19:09:41,2018-08-16,839c363922615cf40c8fe20a1fe505b6,2018-07-26
139f1705692cf6f0ea124350e5ac47de,d482c96cc23e02b643f79768912442c2,delivered,2018-06-01 18:57:37,2018-06-01 19:12:59,2018-06-04 13:43:00,2018-06-05 17:55:02,2018-06-26,8ceb794ddc239eded512a791fc6a1fb9,2018-06-01
91fe2d042bdf1fb8d6f2fc33f209ec04,ebcc16a6177788b667355688a7ab5ed6,delivered,2017-06-28 20:19:51,2017-06-29 20:25:08,2017-06-30 11:46:07,2017-07-28 19:52:01,2017-07-28,8b09aa1a501dd6ce1425b3d610d4e06f,2017-06-28
6ee28fa78f78388cf8ea12df0dde9f29,6202d4c7b36ec8b08584297d5eb22c8b,delivered,2017-12-06 09:16:12,2017-12-07 03:12:46,2017-12-09 00:09:37,2017-12-21 23:12:16,2017-12-29,5e84fa91d1c2807746b36bdb389c7087,2017-12-06
df9082ea96a53aaf56d0cd5d42128b33,5bed810b9ae65c600ff9874dd61ffd21,delivered,2017-12-10 14:49:49,2017-12-10 14:58:19,2017-12-13 09:13:27,2018-01-06 15:07:51,2018-01-16,bf64911d2a71e45c1e595f8e18ec3d2f,2017-12-10
64aa2d5878fc863f40dc4698a4feff6e,85feca5dc10c670215b0bffa0a391ca4,delivered,2017-10-08 10:47:54,2017-10-10 03:35:44,2017-10-13 12:08:10,2017-10-16 22:44:27,2017-10-25,4ee4abbc3054d7f0b3f4acdaf74073e7,2017-10-08
1776f9cc0f976e7aa0e8372a5325c41a,fa62a9ef95e703b49c4bf530ce1e4efb,delivered,2018-08-28 11:16:37,2018-08-28 11:30:12,2018-08-28 14:11:00,2018-08-29 22:03:15,2018-09-06,dad1eb1624d037f15eeac6c2c2cd0843,2018-08-28
39d0091b5c98ab07188e4f18fd0d9d30,e45c351a7f66a73f14a7bd157a57f6f9,delivered,2018-03-30 20:14:37,2018-03-30 20:27:21,2018-04-03 18:48:24,2018-04-12 22:20:49,2018-05-04,35aabace9e8c8f00fad6099760de33e0,2018-03-30
788d6da30a84d084503d9e25fa8cee57,cdf8cdb2942f8f85dbd0449b7e66798b,delivered,2018-08-23 15:35:52,2018-08-24 03:10:20,2018-08-29 16:57:00,2018-08-30 13:34:42,2018-09-04,54eb010282ed1c4a38e101aa8b9aca37,2018-08-23
96304a015b3d99852d4e0e709a0adacb,80b5a39f1962bdc67b8ac0a96936a7b6,delivered,2018-05-16 15:01:37,2018-05-16 15:19:33,2018-05-18 08:03:00,2018-06-05 15:32:59,2018-06-05,f62f269f9ce7c41d20a90f70df873f42,2018-05-16
3053d9278ac444ba8fa2ab0d7a4f6547,7b237a8cd6277accaae6679f485ff3db,delivered,2017-04-07 13:27:27,2017-04-07 14:02:51,2017-04-13 16:25:23,2017-04-27 14:19:08,2017-05-12,a2b7cc06bc8ec4c9fda046dc4e344201,2017-04-07
dcec2b3be8c3d53056fe63381b2a6cfe,6a561788c45be4acceb377783ad116be,delivered,2018-01-19 12:33:36,2018-01-19 12:56:22,2018-01-24 21:33:08,2018-01-31 02:32:16,2018-02-05,4dfcad2550d5a550b707ea167f33ae8c,2018-01-19
5d8d5f0c825880c16968246b192e6899,e288806bda09cca667d69ec51dded34e,delivered,2018-01-08 16:58:35,2018-01-10 10:32:50,2018-01-18 21:35:50,2018-01-22 23:09:05,2018-02-08,46bb23c415d5b0b35c04df0fe2e4dbaf,2018-01-08
882c1e2076610adab15e5a68430d2180,97574aee35383afe8577dacb0e15a551,delivered,2017-01-22 17:43:23,2017-01-22 17:55:18,2017-01-24 11:43:54,2017-01-28 06:06:19,2017-03-06,54ac170f384b3ca08d8ea2aa6389c483,2017-01-22
588d8a3645cd2c4d3b9773d212a185e5,d0c8dedcb2e16a6245f6a9f836385068,delivered,2017-12-10 22:51:43,2017-12-10 23:08:55,2017-12-12 17:57:14,2017-12-26 11:35:05,2018-01-08,76265a1cb8a13604fda3632daf9db6c7,2017-12-10
0af3a5d2e6e65075837ef5ceb5c167ab,831f214129035247f2db0f858077f010,delivered,2018-04-02 09:12:17,2018-04-02 09:28:33,2018-04-03 00:13:01,2018-04-11 19:47:41,2018-04-19,97ac5fe4d72f6aaca9ec00719a576068,2018-04-02
e5e12a01a9496a4f4768f75ec5292056,cbc2deff4c4449f952c6b6da0369826e,delivered,2018-07-13 17:22:47,2018-07-13 17:35:18,2018-07-19 14:47:00,2018-07-24 19:21:39,2018-08-08,db1ae60d62b67a41f504e8c9f4677b68,2018-07-13
c1674af37cefb68196b330a473e46d7d,bfb9b1d3eed11407245df8870eadecc6,delivered,2017-05-11 22:41:34,2017-05-13 03:05:29,2017-05-17 09:11:35,2017-05-18 06:45:30,2017-06-02,e6b7d4d4935d76db6efb38e40bbdd43e,2017-05-11
9e7b9ace0373fca44197f8f406bb0169,c33fea2ee6ecfce97805a9206d0b72ef,delivered,2017-08-17 14:18:05,2017-08-17 14:50:20,2017-08-21 18:25:55,2017-08-23 17:23:42,2017-09-11,c35ffdd9679e194c3673533720b5e00c,2017-08-17
82a6e2f5082bd48943674373f6a0fc9a,71fb1e77dbea93980c9f526db9534b70,delivered,2018-01-21 17:32:02,2018-01-22 13:55:19,2018-01-25 00:05:45,2018-03-08 14:36:54,2018-02-16,80282a1a77281692a0339c2a08d0e6af,2018-01-21
b5b17e32ff5821a918338446a51c6ce7,5d3f357bcae87e7099d31a769c2e4cc9,delivered,2018-08-16 14:46:01,2018-08-16 15:04:40,2018-08-17 11:30:00,2018-08-22 23:32:18,2018-08-29,4ad24023bdc79038ec5799f650ecc0bc,2018-08-16
7e6c914a43d0ae371a139537617c6d2f,17b7d8e62fd6abea6e869a06d83759e6,delivered,2018-02-09 00:04:33,2018-02-09 00:15:51,2018-02-14 19:43:43,2018-03-03 00:43:34,2018-03-06,b1c6229cc6b45d42d369d5b1445ff5bb,2018-02-09
b8d147e10dd65083377f242fe86dda7a,029c22b31758dbd1588d75557e73d920,delivered,2017-02-20 14:28:18,2017-02-21 05:07:59,2017-02-23 14:00:59,2017-03-17 09:47:53,2017-03-31,b94783c71788124eb4f2d4e1fcae6ab9,2017-02-20
82a4587415d59443dce9ac6d0ce8720f,a0ae88a1f9e295befb3436f377b0746f,delivered,2017-05-04 20:37:29,2017-05-05 02:25:25,2017-05-05 19:00:02,2017-05-16 09:29:55,2017-06-08,1849e2814a680fd9e23e3c47f53ca85d,2017-05-04
79a76f3f9a47dd140f8085fc511c568f,9ccc26825eac35c8df111e432ac6f2a5,delivered,2018-01-04 16:29:18,2018-01-05 02:36:49,2018-01-08 19:10:12,2018-01-17 23:14:51,2018-02-05,26a51783897b15933b10d66cdf77f577,2018-01-04
6f36f6e788dc46d4b7ac92c2e2288e51,0583253f9630d34b20d3488b14b76349,delivered,2018-05-06 20:41:19,2018-05-07 18:35:02,2018-05-11 13:49:00,2018-05-16 19:16:47,2018-05-25,5b9a423471efacaa2b6d3ff74db0a572,2018-05-06
2112e59b69d2f316f9fe16796ca0db5e,d5cca9a06792efce47d8a9aaf94446ec,delivered,2017-07-02 00:25:04,2017-07-02 00:35:15,2017-07-07 11:44:53,2017-07-10 16:15:53,2017-07-14,af42b7fb8707f6e42736d04d2073e2e2,2017-07-02
5f783382a74cf95c03c789405c2fb161,1e5b699b9ff60486d8d641a538974d75,delivered,2017-04-13 08:45:32,2017-04-13 08:55:12,2017-04-13 12:22:06,2017-04-20 10:44:51,2017-05-09,9b76c588a7a8d495bce4f71d2559d3ee,2017-04-13
9f80568a9aa61169822044e52e8e8a0d,a3537e15f3e4f88e07ab0bd9d61f4d7e,delivered,2018-05-08 12:28:18,2018-05-08 12:56:50,2018-05-11 14:10:00,2018-05-17 15:32:41,2018-06-05,00cd1ffd1a85ec2af3de73a3d341339d,2018-05-08
360787554f41824600bdcba9687cd4f0,c1474a24d28e0702ff76d03b5fd3bbe6,invoiced,2018-03-23 19:39:46,2018-03-23 19:50:29,,,2018-04-16,d3fcacda5a49565a7c1b8a6c0e03bb02,2018-03-23
325cfd48a71240cb16c9f50468478c92,6fae532749efd824d103f027b7bf7834,delivered,2018-07-02 14:43:25,2018-07-02 14:55:20,2018-07-03 15:31:00,2018-07-12 21:58:53,2018-07-16,7ba26610e7bab91dd883e16865d6ea67,2018-07-02
19f876202a3c47556d275e9905d4400c,8aa9a84660c82df3ecd77c118b08b304,delivered,2018-03-06 09:51:22,2018-03-06 10:09:35,2018-03-10 17:08:47,2018-03-28 20:26:42,2018-03-23,24c3b1f7de93a87ffe0506dd93ccaad8,2018-03-06
894f6cd6c690b0d8d94011c8461f25f4,c433fb0b6aa40b097d05ae509137df95,delivered,2018-01-15 09:30:55,2018-01-15 09:49:56,2018-01-16 19:29:05,2018-01-27 14:55:48,2018-02-14,68519bc41532d0f1a6613d278f86a5bd,2018-01-15
e28a4c66f1484567d1e42b3fab64d923,09c682ef897935e677a0996cfe2008f3,delivered,2017-05-19 21:20:54,2017-05-19 21:42:44,2017-05-22 14:47:40,2017-05-31 17:06:38,2017-06-23,ff44401d0d8f5b9c54a47374eb48c1b8,2017-05-19
3e59aa9edece49294543e724d5a16f5f,85f25f8a9e0763a80ceeb2b63a3ab27b,delivered,2018-08-14 21:22:46,2018-08-14 21:30:26,2018-08-15 15:07:00,2018-08-21 21:22:49,2018-08-28,6726866c9e7dbbac4a4954417a5e6149,2018-08-14
86cd00e7c37e87a8a2204f3e3266e85b,0a6c498b077e72120f5bb62c3a1c2c0e,delivered,2018-04-02 18:48:47,2018-04-02 19:07:54,2018-04-04 17:36:43,2018-04-07 01:26:33,2018-04-12,0a1d505323970813602fb0a7c50aa484,2018-04-02
19f52cca1f9f963eb3275ad1a2033c0d,6aba99b17a2fe71fa586921fb1271349,delivered,2018-08-06 08:58:00,2018-08-06 09:10:11,2018-08-07 15:26:00,2018-08-09 18:24:51,2018-08-09,b49710ced8dd07a0d55d282980594879,2018-08-06
6e41c1b023ea08cb4744bbe97eedb35c,27a88f58c6d8d6be880c80c424c16202,delivered,2018-06-28 18:50:51,2018-06-28 19:11:39,2018-06-29 14:21:00,2018-07-04 15:32:11,2018-07-25,e58c0425c86af4194fe83131da0673a0,2018-06-28
8b0da5e289d763ef6aa842f3927d6421,e2120686ad347caa15e31d9fba78aade,delivered,2018-02-17 22:30:05,2018-02-17 22:46:57,2018-02-19 14:07:28,2018-02-22 18:29:10,2018-03-12,cae9b1648059f203b6d1eb95d2d285b6,2018-02-17
258cf5931c975cf407a296c710afe660,9bcdb996f5ba9d3b959e33b416825425,delivered,2018-02-02 17:52:04,2018-02-02 18:31:16,2018-02-06 22:35:40,2018-02-09 19:33:15,2018-02-26,d5e42c09b75303c5b3a170b72e8a21f0,2018-02-02
cea7721ef82b51a0f124b20170c1e167,a3aa6ae41b113ea75c5ae9bd182671ab,delivered,2018-07-27 19:38:22,2018-07-28 16:30:50,2018-07-30 10:29:00,2018-08-04 18:22:35,2018-08-21,cef42836ff25476d55c9a3e58f8da99d,2018-07-27
949042a6b24b4ba4b1376ee35f46e56c,cdd1331485525cee78e5fd1b7ea3b2e5,delivered,2017-03-16 12:39:35,2017-03-16 12:39:35,2017-03-17 15:44:14,2017-04-03 06:06:32,2017-04-06,59db2660a96eaad61dc5d9787ba6886c,2017-03-16
a09801b9e15eb9aea012ad7d7f3257c4,514bebbebbdc4253ed06adf5ef6d3af9,delivered,2018-04-17 12:34:27,2018-04-17 12:53:41,2018-04-30 13:44:00,2018-05-07 18:58:41,2018-05-14,214629c0968df90a29892da7512fcf8a,2018-04-17
fc34e19a094e163bae6bb03c793150bf,7f0466d4f8a505205c5a0105ce59d3d2,delivered,2018-01-04 16:04:17,2018-01-04 16:14:20,2018-01-08 15:04:26,2018-01-18 14:10:06,2018-02-02,ecc519255f1070babb6f6bb93f56b183,2018-01-04
b987bb067d534c991de69cf0c67e9188,0755ba88bf7e1c270f5a94264b17c603,delivered,2018-07-18 08:41:45,2018-07-19 11:55:19,2018-07-20 08:32:00,2018-07-28 13:51:19,2018-08-01,58042c9e927cb9148140e40a7f431dd4,2018-07-18
b7c03d21bfaf98c81b21dd94e82d0391,0253a59a3f1b966f4ef92ee44336e585,delivered,2018-07-30 12:41:54,2018-07-30 12:50:20,2018-08-01 15:44:00,2018-08-06 18:22:38,2018-08-08,6f070c196a22f70ff35e9a2fb5f94b47,2018-07-30
48b20e2450ca3aafee885610dadf7f1f,778cff46897ef1ea3369ce789960b2c3,delivered,2017-08-08 17:45:00,2017-08-10 03:25:33,2017-08-10 18:57:29,2017-08-16 20:37:56,2017-08-30,47fff67d165b79e36024db4b82d041c6,2017-08-08
3dfb708634f7341447767f4ee59fce95,fd0e05528dd6037d245eee7d42ba837b,delivered,2017-08-30 21:21:00,2017-08-30 21:35:11,2017-09-01 22:37:19,2017-09-08 16:31:59,2017-09-18,5a1f6104fa0a124fe00c9bd42048b0c8,2017-08-30
585349a68c2e7d50092eb35c60f019da,5fabfc1789ef20d8cb091f4babae56a0,delivered,2018-05-15 22:28:10,2018-05-15 22:55:02,2018-05-21 16:32:00,2018-06-12 15:41:28,2018-06-07,e289cfccc692a345aa1994ee5b18d97d,2018-05-15
a3cbfbf2c6364b1c16f1c0ce8f6fd306,879a6af489cc8b6017e5f920d4dc3194,delivered,2017-12-22 10:35:27,2017-12-27 04:32:09,2018-01-03 18:09:36,2018-01-29 19:48:57,2018-01-26,d4ef8b824405990134793cbb322c686b,2017-12-22
5d6a1a156fc92ced06a12c6d92e2c213,52408f5b63dfdc6b77f1c8414662e4a3,delivered,2017-03-14 13:12:20,2017-03-14 13:12:20,2017-03-15 15:05:54,2017-03-22 18:11:47,2017-04-06,bc2c9d4cffdfa4609cb2f961250ba4d7,2017-03-14
30da20eacd71a5e8cac16c775ef72984,a291b9db0ab85d73c7f687f11ea290ad,delivered,2018-02-02 09:32:53,2018-02-03 13:49:36,2018-02-09 23:28:58,2018-03-13 00:32:50,2018-03-05,4bdaaab3c645dd18eed3c3bb8ddcd6cf,2018-02-02
03ddab02775c66c855ad41424ae356e3,ed87333e69d2709d374534505818c9e2,delivered,2018-02-06 17:01:53,2018-02-06 17:15:39,2018-02-07 22:17:39,2018-02-19 18:11:40,2018-03-26,5e809f39163aadeda694b51606b02d49,2018-02-06
d12ab5d1454294ce820fd1ccc56d760e,0dd2a674a2b63f9fc54ca6cd83532728,delivered,2018-05-07 19:19:26,2018-05-08 09:15:29,2018-05-08 14:45:00,2018-05-22 18:36:51,2018-05-29,675a8d2a984ea6f86cc5c2d1a45211b0,2018-05-07
8ea1a1b5bb41e4093d30dbd5d3466b69,313fa2c08f52166a94c81cf9c4e870d9,delivered,2018-02-18 16:36:52,2018-02-18 17:46:39,2018-02-20 00:41:57,2018-02-25 11:58:47,2018-03-19,750550f1fbf777d9383acb856bc593dd,2018-02-18
0193517cd10a54473b6fd8392b58313f,d5e5a632fc74499ef08cc40be28c8202,delivered,2018-06-15 20:02:54,2018-06-15 20:21:52,2018-06-18 15:18:00,2018-06-29 17:18:40,2018-07-20,929cca0da005b90ff84064609a25b805,2018-06-15
bdf6784b56b3ef6aee2c4a042e095f62,3ca587fa5fa79ae10d6068beba867d43,delivered,2018-07-18 09:45:43,2018-07-18 10:01:56,2018-07-18 13:32:00,2018-07-24 01:04:53,2018-08-06,3acf448d2e4314d2dc51be31606767d6,2018-07-18
14755aa40518fc8bb089f3f11af8cbbb,14f3f9d94f9aeec7e25cd6bb2acab542,delivered,2017-12-12 12:04:43,2017-12-14 02:12:33,2017-12-18 11:19:08,2018-01-11 23:43:56,2018-01-11,2d38e2e85540b22097d39f767c481d18,2017-12-12
2945fffb2526d91c5bcc9a256cc49bdd,fa4ba1f32aabc46cddb71d24157ac75e,delivered,2018-02-23 18:21:32,2018-02-24 07:07:46,2018-02-26 20:17:42,2018-03-16 18:26:41,2018-03-20,1988d7a1e4df97f78b2e81f091b8c429,2018-02-23
c4ba85cd686fc7f9d56edb6fa4471e91,56d9f6f165316566c76bb7779ceed1ca,delivered,2017-12-06 09:39:37,2017-12-06 10:13:54,2017-12-07 17:32:45,2017-12-15 01:23:10,2018-01-08,967eb85deeab5124df2165cdada917f3,2017-12-06
c40e2f36cb82dc5413567d994a7add93,116dae092a083d09e1afe3a9330c60ba,delivered,2018-02-01 23:08:48,2018-02-02 23:10:52,2018-02-03 17:16:41,2018-02-14 20:53:09,2018-02-26,05ef855308303397f1427f29470bb6ab,2018-02-01
6251ed6cc506e51952af1d0c230630e4,c7d1d9f32f2345da0127e63da4fe0fbe,delivered,2018-05-15 19:12:53,2018-05-15 19:36:21,2018-05-16 12:02:00,2018-05-23 18:42:02,2018-06-05,c33680dce5ea39d46d1f5c3f6c30a120,2018-05-15
50ba48feadedab8aed970b1ed1d6e058,fbb95d9cb6b53d485fbc9872bb051068,delivered,2018-04-10 17:22:26,2018-04-10 17:32:18,2018-04-11 22:42:09,2018-04-17 20:33:50,2018-05-11,872c12589f34508f4df8c0dbcc0988c0,2018-04-10
3866b953e5de590e02c32234abb1b5b4,98833a857b8be9f0b483e78ae235729b,delivered,2018-04-28 16:49:16,2018-04-28 17:11:11,2018-04-30 11:18:00,2018-05-02 20:58:45,2018-06-01,a4c2513ade4ce36faa973d4bcb9a0206,2018-04-28
bdb4eaf05d279b03ac661a14b8c05557,8dbfed7e9a524dd4e20287bb29bad760,delivered,2018-02-13 14:35:34,2018-02-13 15:07:46,2018-02-14 23:13:01,2018-02-23 23:03:50,2018-03-09,141f1d8a1e279448ccb8fa9af62d76a7,2018-02-13
94da085d2799047c766f7df765931c49,5de8dd029fb7e408888f5694443eb801,delivered,2018-08-10 08:01:54,2018-08-11 04:35:17,2018-08-13 15:46:00,2018-08-16 21:12:08,2018-08-29,c98096cf892dcef216f1676a5552aa9f,2018-08-10
6c6abb921625dd44d3d406ce4b890cac,d5961401e349bf22024305eef5fa9119,delivered,2018-05-02 00:13:29,2018-05-02 00:34:20,2018-05-03 16:51:00,2018-05-14 17:22:45,2018-06-01,13dde2bba8c4d6141b5452e3d1b22738,2018-05-02
4dab8f54cf0785f122d751e4c9010e0a,7dccb46b2bfa636224998740bfdfb07a,delivered,2017-05-08 21:40:05,2017-05-08 21:50:19,2017-05-10 10:54:37,2017-05-16 11:03:51,2017-06-02,d65a1df1eb76ad462883782cc27e8e2f,2017-05-08
bef761ad270a4c4eb98b46f8de712530,2e828d5622e1f2d3a22a9b021992af50,delivered,2017-02-01 20:48:26,2017-02-01 21:01:28,2017-02-03 08:58:34,2017-02-10 14:38:08,2017-03-08,f68ea95fb5e23cf5b7339307f9d17472,2017-02-01
58b87ea5983b516a65c22435901c83a5,88337e7259fff920f8bb11448c9ee2cd,processing,2017-12-16 13:48:46,2017-12-16 13:55:20,,,2018-01-26,2f774604b1d18f77ddd477c67bfc2240,2017-12-16
62b0218b2b5a838f1aa7f1fcd11a59d4,f42b6317cd949a967e625c2e66c9fba7,delivered,2018-06-23 10:23:25,2018-06-23 10:35:14,2018-06-25 14:14:00,2018-07-04 20:11:39,2018-07-24,53a9a392c03c3d428c6cc5f6bd753f16,2018-06-23
0b7808f7d1384e2ef75a3ea25df44bd4,a1b9378a25ca08a39d8018bb2294f956,delivered,2017-05-27 13:08:23,2017-05-27 13:22:14,2017-05-29 13:10:55,2017-06-05 16:46:37,2017-06-23,cbcffdb10a42aa3161bd736e4397af99,2017-05-27
7ac13b045c748b7eef3f9011bd5683c9,1c18838e08ac38890f0562e339a03d8f,delivered,2017-05-17 17:38:51,2017-05-17 17:50:21,2017-05-18 08:40:07,2017-05-19 10:29:48,2017-06-08,569f382854736533e0f4ec490fb5154d,2017-05-17
bcdad86f44c780bf1aaf24b66dd97753,f3f955ae1cc137ab2ec810ee255b2662,canceled,2018-08-05 03:49:18,2018-08-05 04:04:24,,,2018-08-20,574241537a24a10ba4219b4a7c308b4e,2018-08-05
c05a69ea679c56b6437490f5d8eb7a77,8162c84c0c0b52ba588177cc17e384f0,delivered,2017-09-17 11:53:52,2017-09-18 11:51:28,2017-09-21 14:52:29,2017-10-02 14:05:59,2017-10-17,46276637ad6a208abe2d21eac707c73a,2017-09-17
55e971c404515ffd6217ea31cd3acdc5,1c1a9f7236f1dee52e05e4411a43794c,delivered,2018-03-23 14:33:29,2018-03-27 04:08:29,2018-03-28 16:46:32,2018-04-03 01:54:29,2018-04-18,af442338ff3b3024146bed177fe6dca8,2018-03-23
a245a32d07762c385b4620fd16bab160,60f4ced6ca8d204e23e981c7355750de,delivered,2018-01-02 08:33:33,2018-01-02 08:55:56,2018-01-02 19:27:08,2018-01-08 22:13:13,2018-01-31,a9d7b1930b1726fae8b6bd573b7dcb11,2018-01-02
b8fa6b76d00678e1781c0ff1ed4b55dd,8e131764f4e8f9dd9a7371c023d404a9,delivered,2017-06-29 15:59:14,2017-06-29 16:15:09,2017-06-30 15:08:32,2017-07-11 20:13:49,2017-07-25,220d6d0b622a3b6f6bbe074ed9b7fdea,2017-06-29
10799b37b7755c4d8b315b4c0dfb187e,5f4e35ed62f6c34150683b41a8d2db29,delivered,2018-05-18 20:11:25,2018-05-18 20:34:37,2018-05-21 14:52:00,2018-05-22 16:07:40,2018-05-30,e948e2ea40babf8a45031e4c1e5c1504,2018-05-18
1871117e3b468a4dc29c82849099069b,1f567c8732fb5317d6ce391624d34cb2,delivered,2018-01-15 09:15:37,2018-01-16 03:39:58,2018-01-16 22:59:04,2018-01-23 20:38:45,2018-02-05,3556987e5b22d5372214fb48fc9fe02a,2018-01-15
295925037780bbbf9d7a2294087693bc,c0499167445cc2f02c12c5270571dbea,delivered,2018-04-24 23:08:40,2018-04-24 23:29:42,2018-04-26 08:45:00,2018-05-04 22:52:26,2018-05-16,7a670b6b2b72139db36206362bbf5140,2018-04-24
ced223d7a62d120ce4105b38eb399eb9,acdd7adf35380db2a7a3bf279f7f7753,delivered,2017-09-03 08:38:24,2017-09-03 08:50:18,2017-09-14 21:43:34,2017-09-20 23:00:09,2017-09-21,4562ce3c359dc100034c8a493e2669a5,2017-09-03
a5f8c36187658cd37c05515c06cdd941,119725bec6861ddc5104cf752a096e14,delivered,2018-08-02 21:23:50,2018-08-02 22:15:27,2018-08-06 16:46:00,2018-08-10 02:37:35,2018-08-07,f06dc1c33574bc4dd6225512fcfc3579,2018-08-02
59448c2e076491032bae1cb956f03ceb,065c7937ffd166df6521e1008403ffd0,delivered,2017-07-11 11:28:31,2017-07-11 11:45:20,2017-07-13 16:13:31,2017-07-18 02:37:29,2017-07-26,2b1a443295eb2104e29e060cfc7faf4b,2017-07-11
8cf11d602132cbba5e8cda3631ad5552,969f82ea6c0e993d213d162a61e53fa0,delivered,2017-11-18 13:16:48,2017-11-18 13:30:42,2017-11-22 19:52:08,2017-11-25 14:12:07,2017-12-01,a68d6423acbccbd710490c25327f1fdc,2017-11-18
88912e0bd143e89f4002fdbc3114587a,44f010e6ff5ff2aea3e6c823937c8008,delivered,2018-02-28 09:57:14,2018-02-28 10:40:59,2018-03-02 19:06:52,2018-03-05 16:34:52,2018-03-13,580c099f915e21cb689d394438b087af,2018-02-28
b8615aa7e6248212cab23e120279acf2,d18cd4e15b74421f0bedb7bc0db2ed2c,delivered,2018-06-07 21:49:18,2018-06-07 22:16:14,2018-06-08 14:40:00,2018-06-15 13:57:38,2018-07-13,dcab6749dea9e9411fd400cdf978f3ea,2018-06-07
903b9800ae4c27c2f80b83ea286fb0f8,ae20fd4e52e319ebabb9b44f48ba2c8e,delivered,2018-02-04 18:11:58,2018-02-04 18:29:48,2018-02-06 12:59:03,2018-02-09 15:26:09,2018-03-01,5cedf45c32b109d617232373027a8959,2018-02-04
2f5112688e80d5d79344cac900d6bd0b,880f0ba5c07d5b9d97c38814323106d7,delivered,2018-07-19 13:03:38,2018-07-19 13:10:22,2018-07-20 13:05:00,2018-07-27 17:49:09,2018-08-22,3084108ab6a05c325f137b7cbaf6e283,2018-07-19
5d4c85dc3fb9109333a5a7ef8fe717a4,016025d2b068f90498479376f9bfcca1,delivered,2017-09-29 13:19:51,2017-09-29 13:35:18,2017-10-04 21:17:39,2017-10-11 20:37:37,2017-10-24,c5365631fcd0f5ae1802e798e1b7d692,2017-09-29
ee8dfce1f9bd464688d3b8906b0a4c12,cb07e9c35f7a2f69616e3f98e53b4378,delivered,2018-03-20 21:48:22,2018-03-20 22:09:01,2018-03-21 19:29:30,2018-03-27 20:13:03,2018-04-06,e846010bf9fc991b1283ee2de425fae2,2018-03-20
21357c1f6313b781c9807522f57746cd,d386575005b06f165208d28d5fd7d344,delivered,2017-02-01 14:51:46,2017-02-01 15:05:38,2017-02-02 13:04:04,2017-02-07 11:15:01,2017-03-14,c25f3c70f8c8db6d2a7fb16fc8459597,2017-02-01
3b5351f5f99b46339212291661a9d226,4bd2a8ab135a7efb34b245717953ea6f,delivered,2018-03-23 08:27:52,2018-03-23 08:48:18,2018-03-23 19:34:40,2018-04-09 21:38:32,2018-04-18,1d84bb0eda369daff7786d9aebcd988d,2018-03-23
37bb98f8367819c8871f98ab9aec4a92,dc4a85da9528dc8e58af9018f915b458,delivered,2017-08-28 14:33:14,2017-08-28 14:50:19,2017-08-29 15:53:29,2017-09-06 21:27:39,2017-09-20,e2ca9c67725cb7205986dd3a5bcb9c7b,2017-08-28
01c156f67900e1f33d1234ce92cb18d9,3a8737f68201688c1513bf3fbdbcf631,delivered,2018-08-03 17:40:27,2018-08-03 17:50:18,2018-08-13 09:24:00,2018-08-17 13:21:59,2018-09-12,467f2ac77aed108600b9ed0be16c990e,2018-08-03
50a6fb3fc2465d6d820f5a569be4d566,06feba89747b8e9e2a482ca08e3b1c3b,delivered,2017-12-28 16:22:35,2017-12-28 17:29:45,2018-01-04 13:10:55,2018-01-15 16:05:27,2018-01-29,b9e14a9f4a31ac62d6161da7825ed62e,2017-12-28
9c64b3536fb98572dd79bdaaab529f2f,ce667e4b89cd1137f40a8d799354b674,delivered,2018-08-09 11:22:34,2018-08-09 14:26:11,2018-08-10 13:04:00,2018-08-21 14:59:35,2018-08-22,6ba5b2dcb81470882212da717a171539,2018-08-09
7159e54dc429b82335398dcb355162f1,31bb23e87b9ced322c87a42677a4723a,delivered,2017-08-21 22:28:57,2017-08-21 22:45:31,2017-08-23 13:45:17,2017-08-28 18:45:04,2017-09-04,8de0e7de3b9206260785e2801ad4174c,2017-08-21
ef1003827eb818ccc2c41557e21b2aec,9171fc7bb0bc22de2b0af3699b125e11,delivered,2017-09-17 18:00:05,2017-09-19 04:06:14,2017-09-19 15:44:14,2017-09-22 20:25:49,2017-10-04,dad83f2ce374cdd39c4f3684d660c787,2017-09-17
37e90cb2d9e287bd9333dfc45fbe4d2a,9e96cc167f107914dff240045ec850c8,delivered,2018-06-02 11:14:30,2018-06-05 04:31:03,2018-06-08 14:03:00,2018-06-12 13:54:41,2018-07-05,aaf304dbc088e84a44f92917d87f6d0a,2018-06-02
e0d2a8f85504cc90d52a2ca9a8e64f28,92bb62cc05b986e591f8c0c3dc76f844,delivered,2018-02-13 10:44:31,2018-02-13 11:06:59,2018-02-23 03:49:40,2018-03-10 17:58:43,2018-03-01,2b36582948057afaf22d40843b540cf1,2018-02-13
39045a22da5b2bdb795d2c53325bcd48,eb2cb9509bff6804f265905b5e9462c2,delivered,2017-03-10 22:43:47,2017-03-10 22:43:47,2017-03-13 12:13:30,2017-03-21 08:45:03,2017-04-07,2fe8b7ce9d111a6f3c7b75a9c0f6eabe,2017-03-10
ada302d82697f51b2373ac6da3131588,4fc5d73f2c72dc2ac18093c49be73a6a,delivered,2018-04-21 18:35:38,2018-04-24 18:21:31,2018-04-24 23:48:40,2018-05-28 17:23:05,2018-05-24,f6dcece0f07ffc415dfb1c37649d68ab,2018-04-21
4b6d65eba5c9f94bda2a9874ab2f640f,be63b7813960daa0f3b2a094da8799d6,delivered,2017-09-28 20:08:41,2017-09-28 20:24:57,2017-09-29 19:24:58,2017-10-03 21:39:56,2017-10-16,540f5d9fc63ff82ceecb2dc3bc105071,2017-09-28
8af6d93e9fcfcf7b686b0cf6d0d84239,ce189ff73aed087ab7393da0c12fa5d5,delivered,2018-07-21 20:26:41,2018-07-21 20:35:14,2018-07-23 22:24:00,2018-07-24 17:26:46,2018-08-02,6fddad01fc95963a667e3d96d751d051,2018-07-21
10b26ae59835a2a63aa53e2da4ebefa9,ee5e2b6de40de307606e7b4941522281,shipped,2017-05-05 23:41:13,2017-05-05 23:50:14,2017-05-10 09:16:59,,2017-06-06,9d62781deeb1060adc0f47a86d4a2ef3,2017-05-05
6120dca54b9adfd072f8fd9574161063,5744920f3a64d20c68264c46e5222276,delivered,2017-03-03 10:45:26,2017-03-07 04:10:25,2017-03-08 09:43:53,2017-03-13 13:34:37,2017-03-24,e69e2b2ce493d7d2307b2588fd1614bd,2017-03-03
092ae6b690ac68b7ced1f67eaf5e37ff,3d980d06fcdf515c0b84481a74973986,delivered,2017-10-10 20:07:44,2017-10-11 12:56:27,2017-10-13 21:09:05,2017-10-27 18:56:37,2017-11-03,35fca3f6ddeef1e13faef28751981a69,2017-10-10
e61fcab8b96de0335adf7fd562ebb869,75e24b01d5409e9dad63427695e0ed0d,delivered,2018-06-13 09:39:17,2018-06-13 09:56:57,2018-06-21 09:02:00,2018-06-28 19:51:31,2018-07-05,d5ede7a077045d8c3790fe385115a344,2018-06-13
0dc561ba424a8d639e1d4d7840c530c0,6cb3b8343477d519232f9c92bd2e6787,delivered,2017-11-06 16:59:28,2017-11-07 07:30:33,2017-11-07 15:42:08,2017-11-14 20:38:56,2017-11-29,3ed6263b3fdb5ddbb4bd8c42fd817a4d,2017-11-06
5e2150868494c26407f39ac03c5de246,988440a77f06ef4a5885c7dd31833bf4,delivered,2017-12-19 09:33:24,2017-12-19 10:31:59,2017-12-20 19:52:06,2017-12-22 00:22:16,2018-01-08,0927468f5b9af266432a47173a7f8209,2017-12-19
cc4dc2d6667cba8c386c69eb4f76f0c3,4b56a0ddb5f1d77d435869636216210f,delivered,2017-03-16 13:08:05,2017-03-16 13:08:05,2017-03-20 10:53:08,2017-04-04 15:13:17,2017-04-19,3dc950be1edf22b0ad33af44837df4e7,2017-03-16
bc9c2fb123725ad0d99fb76888543245,cfdde87e6da2810b6f71c86ca4a6647d,delivered,2018-06-13 15:04:36,2018-06-14 10:20:05,2018-08-02 14:16:00,2018-08-08 00:56:38,2018-07-24,6d27e708580f5c26ca2282eaf9b9d7c0,2018-06-13
c4644f8b9bfad66c5105dbfa8f74b65b,1e45cc438a2b5db671bdbc26caa232b3,delivered,2017-11-09 11:19:34,2017-11-09 11:31:06,2017-11-09 18:38:44,2017-11-17 21:52:57,2017-12-05,e1cc99aeefde14c615a58d95db131e1b,2017-11-09
4247005e8db73363a92a6183698279e5,d904879012dbcdbce7526af1b341abd4,delivered,2018-02-05 23:05:18,2018-02-05 23:15:37,2018-02-06 23:23:51,2018-02-14 19:06:44,2018-03-05,e8ec004df6d22ae031607c67f3d4f8dc,2018-02-05
5f2a70479467ace7fca14db6d059eea1,979ab3ae715ce2f980394580ddaab197,delivered,2017-08-28 11:44:24,2017-08-28 11:55:14,2017-08-28 21:19:51,2017-08-31 22:41:51,2017-09-15,5523da98302d120b592f376ef5b3766f,2017-08-28
2b2b7a9693cc4ebba06693c88e6989d4,2ed90ffb1b6c71daacbd9acd0cbb79b3,delivered,2017-02-08 07:47:47,2017-02-09 02:55:44,2017-02-10 09:48:37,2017-02-21 11:43:48,2017-03-21,0942eedfe0e865b2a80419a14672286f,2017-02-08
34797e815a679fdaea88d3aa30dbf46c,2ada6f578b24b6034e1658a3ad15a4c2,delivered,2017-08-08 19:38:41,2017-08-08 19:50:15,2017-08-10 18:15:48,2017-08-18 12:46:35,2017-09-05,016a461e59c71a989c278fb565441696,2017-08-08
a56600c329635ec16de77fc6b2ed8ed5,db1fe2ae7820e9233b572700af9930b2,delivered,2018-03-15 16:24:11,2018-03-15 16:35:36,2018-03-22 21:33:47,2018-03-24 08:16:31,2018-03-27,f81ebcdfffa17b86ae52ba407ef69a99,2018-03-15
92cac19c19596022d13902b2908896ac,0e428c743cae9f960517faed86fe7a0e,delivered,2018-02-05 17:32:12,2018-02-05 17:50:06,2018-02-06 21:03:38,2018-02-17 13:07:22,2018-03-06,ae321e028b6df39a2136312feb2f84e4,2018-02-05
89124696e3e799665a6b844c18325cf5,ec3bd935ef79fff4a1a5946347cf8e90,delivered,2018-04-03 15:29:57,2018-04-03 17:10:15,2018-04-04 19:48:44,2018-04-21 11:08:37,2018-04-27,1e0ee6797ad27881a1775124505468ec,2018-04-03
b1600c1915c18f85050002d08b6274a3,340ca5d6edd1acd5f533cab61ac899f7,delivered,2018-05-12 06:33:05,2018-05-12 06:51:20,2018-05-14 06:05:00,2018-05-22 21:14:42,2018-06-07,29682242915a222580f388e3515672a4,2018-05-12
1fed99a98b731643b3b81a56f08b4bfa,2437ed5f9121586c4399bce8f264e2e3,delivered,2018-07-08 18:13:14,2018-07-10 04:45:04,2018-07-10 13:55:00,2018-07-25 13:41:55,2018-08-03,f0e26559ebc99fee583e3cc2c73d2ee7,2018-07-08
3772c863e089768339269d261fadb421,6353fd2dcf4fd1323b0152156c37f4ef,delivered,2017-09-20 10:08:32,2017-09-21 10:26:11,2017-09-21 16:17:13,2017-10-03 21:23:59,2017-10-13,e345b7d024013746026a4f9492bb1223,2017-09-20
91d6d5752d41b6d8cbd20d30b7750459,57480b49909e35924da64989ac4f42bf,delivered,2017-08-06 10:29:08,2017-08-06 10:43:04,2017-08-08 21:05:41,2017-08-22 18:13:14,2017-08-29,5fc3d50ea403c13924c8abd94c29e343,2017-08-06
866854be801db6f81ba03727c03615ed,1be6b7bf6e6dbf197e6018642ee2948b,delivered,2018-03-01 22:12:11,2018-03-03 02:51:34,2018-03-06 23:37:25,2018-04-09 17:41:59,2018-03-23,a052affc7a7b3ec84ee042f41a1239a1,2018-03-01
5071a087edad1389b255966ad38d6beb,2440a337424eeaebcd57c183f71287ab,delivered,2018-04-03 15:03:48,2018-04-03 17:10:28,2018-04-04 21:33:04,2018-04-09 20:51:36,2018-04-23,cc44dcf49a9acf9b97e6511053e6749b,2018-04-03
9bb1e0c9520585d21de5e8246f1663da,8d5d27b24515ac48a8886efb3e7006f0,delivered,2018-07-27 11:53:43,2018-07-27 12:40:06,2018-07-30 14:03:00,2018-08-02 23:56:40,2018-08-13,085bac9935b660f86e84dae80040f735,2018-07-27
9a1608e06e7944465b6edfeca5d2ce7b,0f4680c4ae80eb5eb7a6aa6c436c840c,delivered,2017-09-14 12:32:50,2017-09-15 02:25:46,2017-09-15 20:52:23,2017-09-19 19:12:11,2017-09-26,3fba55633dfddf07245c270abb82519f,2017-09-14
1f48aeb449520a42d9d2e7e1783e5a55,564f0d69cba2da3f21f9017402d0dc06,delivered,2018-03-10 12:23:32,2018-03-10 12:30:35,2018-03-12 21:21:50,2018-03-15 23:48:41,2018-03-22,b8d1e0101aa162c796f1af6b73f30051,2018-03-10
dd2af5e0a6f90f0641a196205bd16a1d,0e2878d61dd863e8248ad17dd98208a4,delivered,2018-03-29 16:15:11,2018-03-29 16:35:38,2018-04-03 15:56:41,2018-04-05 19:22:24,2018-04-11,8d9a36e63029e760088d444d560f15ed,2018-03-29
dc35c2c8b79ef8d3bd5f7e67ebc94051,aa0d80b41be425e96ce61d7342d2a871,delivered,2018-06-08 15:49:27,2018-06-08 19:31:05,2018-06-11 11:18:00,2018-06-27 17:28:51,2018-07-03,1728dd0550caa51cce09523627ad45ef,2018-06-08
e5aa5f4a57e17b84c24cd5d71905ebec,d183e2da606badf83bdc025a9030dd2d,delivered,2017-10-06 13:11:31,2017-10-06 13:24:31,2017-10-09 18:46:14,2017-10-20 21:55:20,2017-11-07,4918ead333ab6c7c2c341eac81c13120,2017-10-06
13831f5b4e64bcef58f4a1b4cc8748d4,53b477738eb3cef69bad14219f08ae6a,delivered,2018-06-24 13:41:54,2018-06-24 17:18:17,2018-06-26 15:16:00,2018-07-03 22:51:35,2018-07-23,b2fd519abdc982e824b1db5251493231,2018-06-24
e0578c04575c73456bf9891ae5db8c5a,8af238f91c4c0285f2b1179ebe3b8a45,delivered,2018-02-15 17:57:12,2018-02-15 18:10:31,2018-02-21 18:09:24,2018-03-02 21:28:48,2018-03-16,8ff97d7c368d3815ee0d62687cd1f934,2018-02-15
17df2cc060680fc1712991499b645cd2,4f1d87556cc2fdaee491b0cb9e05f155,delivered,2017-05-01 18:58:53,2017-05-01 19:05:17,2017-05-02 11:38:56,2017-05-09 20:57:44,2017-05-23,a78c7a68877d33bacf81b01bc4a4d2f2,2017-05-01
49ed07bff8d01accb7ead0923ee6d91d,79a0a48f090029fdb61ab96f1c7127b0,delivered,2018-06-04 13:25:25,2018-06-04 13:51:36,2018-06-04 13:27:00,2018-06-13 23:51:54,2018-07-20,5f96ec83805d059fcff96db83a407338,2018-06-04
6673a474ff268f074301ad3a47143765,da13d09c1f518e44de59f89ac25a48a1,delivered,2017-08-27 22:30:06,2017-08-27 22:45:06,2017-08-28 13:43:04,2017-09-05 18:24:04,2017-09-22,d453631105ef4efe9324ff9163c93895,2017-08-27
347f64f7117e953b9940c2e7cde190ba,d8926bd0921d716257b1879e8d4264ee,delivered,2018-03-02 21:29:29,2018-03-02 21:35:24,2018-03-06 17:54:24,2018-03-07 20:34:43,2018-03-14,cbc71e02efb1d43b84f80b2a64d6013c,2018-03-02
c3fca467556ab95b1ac889ba3320b6e4,9c0636b7e25cf145b5815454d333e57f,delivered,2017-12-27 19:56:29,2017-12-27 20:07:25,2017-12-28 21:56:00,2018-01-06 01:25:17,2018-01-23,b0aad0b7003ea9500a5635383fc123da,2017-12-27
0098dbda25722a3f019fe252a0cd10b3,6ecb390e8056057a25a1b49c37206958,delivered,2017-09-19 18:05:34,2017-09-21 02:45:37,2017-09-22 14:18:53,2017-10-02 18:06:44,2017-10-11,8c81d87b1a876ac44f968c7f112501f5,2017-09-19
0877034e4780ed6345f93f2c0e0d48ec,e3e78349eb9adb90eb3168e8bc30d029,delivered,2018-05-14 09:11:00,2018-05-14 09:32:22,2018-05-16 08:14:00,2018-05-22 20:22:10,2018-06-14,dcd27efb93b723b301f8bac00e5d7e01,2018-05-14
72ff1979d455cff2167fc2b48410118b,5df3deacf869d5d2099cf1e621df7073,delivered,2018-06-17 21:59:24,2018-06-17 22:19:03,2018-06-18 16:20:00,2018-06-20 16:58:44,2018-07-04,1c04efed77438ede570dee4612719c92,2018-06-17
b8d23755d712f3990ab73d755d1d8cc6,6757b444241f1c6cf395f850f975fb52,delivered,2018-05-14 20:34:13,2018-05-15 20:33:27,2018-05-18 12:24:00,2018-05-22 12:53:08,2018-05-29,d8a7587f5db85ee07524c29c57bd9434,2018-05-14
9dbaf3879dfddfc43171aaf9a9c0a82a,a36b51ac1817af488ecb95f6e8247cfb,delivered,2017-09-06 22:07:43,2017-09-09 05:15:59,2017-09-11 15:05:48,2017-09-12 12:19:11,2017-09-19,2410195f6521688005612363835a2671,2017-09-06
58e7140d9d368a70076dc999a7a7bf85,1a109d4469445a83961ebca889bc418c,delivered,2017-11-17 10:26:28,2017-11-22 02:58:37,2017-11-24 16:58:37,2017-11-27 13:06:14,2017-11-30,236198ab615d09261ebbb64e82cd89a7,2017-11-17
1c3a0c1d7e9d92523cfe3bfad809a439,730bc94d728719b06600f19d84e92584,delivered,2018-03-11 11:11:51,2018-03-11 12:09:59,2018-03-12 17:16:54,2018-03-28 22:12:56,2018-04-06,776f97a51344626338b5eefded4d3a98,2018-03-11
d2f43762a6f922b1bb1cc34a9563ad28,6095d10fab2c63413029ac0a1aa7c7d0,delivered,2017-09-09 08:26:26,2017-09-09 08:43:18,2017-09-11 14:09:28,2017-09-18 21:07:00,2017-10-04,0b12f11a86385b5ddea612161375ec68,2017-09-09
22506d7db905f102e4049dfb41b969e3,8554edc6506352628829dc43454308f9,delivered,2018-01-08 16:44:57,2018-01-08 16:54:51,2018-01-09 16:25:24,2018-01-23 11:38:57,2018-02-05,a464a2040584feb990c2e3bef55cfc9a,2018-01-08
5aa679d2c208fcb3b9f320f430345439,88b566aedeab6f04bb3e215db9ac9789,delivered,2017-06-18 21:01:07,2017-06-18 21:10:16,2017-06-22 14:53:58,2017-06-29 15:57:50,2017-07-11,4b3dd3033a20633f3bc5e43145899d4a,2017-06-18
39aeb187a9843573928fbb6d46181158,6530e623753f65cf28a4f0a5e289a600,delivered,2017-02-24 09:13:49,2017-02-24 09:22:24,2017-03-01 11:14:49,2017-03-03 11:13:41,2017-03-17,680a09be81a7680c1845c2342d8c33ea,2017-02-24
57e28ab5d639eeed2e739f7550fc7061,4e87e8db750b7abfc7b4835d0b1b2e5f,delivered,2018-05-19 16:18:48,2018-05-19 16:32:11,2018-05-21 14:52:00,2018-05-25 17:22:53,2018-06-06,457b1706d1ae54956aa3f8357ae96fe4,2018-05-19
6c70322204e946ff9b1bb988b305bc9c,3dbfa5555d41c7d7b407ef940e8f81e0,delivered,2018-05-04 23:31:40,2018-05-04 23:50:21,2018-05-07 14:01:00,2018-05-11 16:34:28,2018-05-25,fb913dcc5bc28ef35f1a50d9483a5159,2018-05-04
4155cce59e4c6284e17f9143818b2906,9d098d2af436a0531e84635ee48f79e0,delivered,2018-08-15 21:08:32,2018-08-15 21:23:53,2018-08-23 14:23:00,2018-08-28 02:32:46,2018-09-03,94fd3be3efb7f99e4b29fbc55faa7a11,2018-08-15
3276afbd4fd6d9c1909717750fd3135e,f0d2b8ae25840fa9bc09e6a4288dea1e,delivered,2018-07-02 20:34:51,2018-07-02 20:50:17,2018-07-03 14:35:00,2018-07-09 18:46:37,2018-08-07,65f09b1e943693e398708c009e3da512,2018-07-02
29ba75517c9ad2e541a05d0d3098dcd9,830098c74c4cb8d01c7eabbf10dbc76e,delivered,2018-02-27 16:17:02,2018-02-27 16:35:33,2018-02-28 19:51:33,2018-03-10 02:36:42,2018-03-20,301a17ed23b8bb5bfce2df8604c06cfd,2018-02-27
3e8b6a918b978e2d97d2b3d2bb8f3b0b,c88c8e13b0c9229bfe8dce3f4daf504c,delivered,2018-04-29 10:56:37,2018-04-29 11:12:09,2018-05-02 14:33:00,2018-05-03 14:03:48,2018-05-18,5afd3be8c186cc3c4bd4886d3d402473,2018-04-29
06a77bcbebf5a85ba493f627e03980d6,c057b961b955945b62926b5feefaf070,delivered,2017-03-27 19:57:16,2017-03-27 20:05:39,2017-03-29 16:14:10,2017-04-07 15:42:31,2017-04-20,616ec2f13ea3c1ec4582808ab05f3251,2017-03-27
2e84df8fa5a2f0d5eab815d6c157b1f3,3b437bb9a2bdf74dc640da169e25a15b,delivered,2017-10-03 11:27:21,2017-10-04 11:40:21,2017-10-09 20:03:02,2017-10-24 10:38:37,2017-10-31,aa2630ebac79aa0c7749370b705121bc,2017-10-03
8574762135a91d4e44956dadbaacdd0c,ddd9ba384339304e7542dc13472cf7e9,delivered,2017-11-25 23:41:06,2017-11-25 23:50:29,2017-11-28 16:26:48,2017-12-09 13:18:54,2017-12-20,e3405e8bbd4b26de8e5dc6c17613ad50,2017-11-25
26ab105de6689a556ce3ab6932ee68e6,08ad76732d8c6428ac2fb9eea89ff342,delivered,2017-07-19 20:42:33,2017-07-19 20:55:09,2017-07-21 17:15:57,2017-07-24 20:42:49,2017-08-03,8a423f7294c6e79cc5884ef518deda5c,2017-07-19
935c598f148a1706f87758194986b467,46bd97dc0dc3f7855d08dedf83367c76,delivered,2018-08-09 15:16:42,2018-08-09 17:24:49,2018-08-10 14:06:00,2018-08-20 20:48:46,2018-08-30,f1f0f260afc590119fac7cf5329b259c,2018-08-09
89d7caced0290837749c7a193da64478,d928fea3a166e8e35773f624c6c0acd5,delivered,2017-10-17 12:09:20,2017-10-17 12:30:12,2017-10-18 15:18:12,2017-10-26 17:56:39,2017-11-07,db36f642b61273d1ffe6a24d44bf3f93,2017-10-17
54afcb850639d95181bf3ee674f97c25,4919bff1d1c1d952eb806540d6a7d84c,delivered,2017-11-12 09:43:54,2017-11-12 09:55:30,2017-11-13 15:48:36,2017-11-21 20:10:08,2017-12-06,645b0d36848d2c3425707aeeb87cd8b4,2017-11-12
a732b8bd0437cccab9e945143ad0a775,d028416eafe3235c4d5816bf2203d27f,delivered,2017-10-23 15:35:33,2017-10-24 06:33:48,2017-10-24 19:42:29,2017-10-26 23:09:06,2017-11-03,c4e4f9ed2c25484e3e23c911cd77e7a2,2017-10-23
f97bbed1ebd38ac39d7335b1ff49ab71,ba17aeb7e3c84810f9775b2ab1a3bf95,delivered,2017-07-31 08:08:14,2017-08-04 11:32:02,2017-08-07 18:43:57,2017-08-14 12:36:53,2017-08-22,6d40ddd2f86fe4f7bdba4622912e772c,2017-07-31
dff4aec71a91a941a8b9d10f25c52cb4,6873745026477221e7f21405c21ffc01,delivered,2018-03-11 21:03:00,2018-03-11 21:10:34,2018-03-12 18:44:36,2018-03-29 18:03:20,2018-04-05,9a319f1eb77772538793b60e5834c1ca,2018-03-11
07711b948fc93b9294d8b5832d0f0a83,65f05162299b92d62d60d74b830dcc97,delivered,2018-02-15 12:21:20,2018-02-16 07:55:43,2018-02-20 01:08:11,2018-02-26 12:26:38,2018-03-12,945c243464dad8e6b0d9d04ac9a03b7f,2018-02-15
a5c89a2b81869ebc3877b6a27a2892ca,78350701408e7391868458cfe89929db,delivered,2017-12-15 11:49:34,2017-12-15 11:58:25,2017-12-15 22:34:21,2017-12-28 17:12:58,2018-01-11,803cf2051fccfd1c128910329ecc6968,2017-12-15
9f699b61466717356c395dfd79ec616e,90e8a15802c871cf927f0b4ce81e0947,delivered,2018-01-04 01:49:03,2018-01-04 04:55:29,2018-01-09 22:34:41,2018-01-11 20:34:09,2018-01-22,30c5afe4a2db74f859bba633686399f1,2018-01-04
8fba9dc7c5f7b23ea9de62eba08dcfdf,4728e6e5731f670d79340da21b2e86d5,delivered,2018-05-31 20:15:27,2018-05-31 20:33:09,2018-06-04 13:42:00,2018-06-08 19:32:43,2018-07-04,12c4dee2137f46228b93caaeb9cb1ccc,2018-05-31
a8f00328470170750a47056654893c08,f66c6c329416cc3e040dc0473cdb72a6,delivered,2017-07-08 11:58:18,2017-07-08 12:10:16,2017-07-10 18:31:57,2017-07-17 14:34:57,2017-08-01,6ab78dc229fab798332870a06388a1b6,2017-07-08
1cf93eead4feac27cca0e9f08bc489a9,392255645b4374138db8341ef76a8de7,delivered,2017-11-10 20:03:05,2017-11-11 02:46:33,2017-11-14 17:27:33,2017-11-21 19:54:57,2017-11-24,fbc56033bdc4a266370de69012019a97,2017-11-10
cbfc44c5abbea29cf520df0f68a402d3,cc11a11d221f1461bf5d830a37e858dd,delivered,2017-09-27 14:51:02,2017-09-27 15:07:27,2017-09-28 20:12:23,2017-10-17 19:23:45,2017-10-26,019954cc9c2ceb2084881eefdf48f0f9,2017-09-27
958261a4492225848848d654759efa34,2125848757091180062121a8f622c44e,delivered,2017-07-12 17:40:52,2017-07-14 02:25:39,2017-07-14 13:33:28,2017-09-02 12:07:59,2017-08-07,ae8ee2242d25aa7f3250013adc7474b1,2017-07-12
41f22b2d038d74435fc732746de406d3,985047c40a948e9eaf3351f82f2b176e,delivered,2017-06-20 20:40:27,2017-06-20 20:50:23,2017-06-23 09:19:46,2017-06-29 15:35:37,2017-07-13,709ff5911edcc0d227a46699d7842e66,2017-06-20
da6d090f46627439b85ff58686e17188,d8607ecca170f7c86ab6d37b1c2b9219,delivered,2017-11-03 17:44:50,2017-11-03 18:30:37,2017-11-07 22:07:00,2017-11-20 21:51:38,2017-11-29,80d1acba72cc1dd62e91c5858bed0ef2,2017-11-03
dd85a2e16f897db080450d64a4a67628,2e340660b01e331114a2a9fa97851bf0,delivered,2018-08-01 13:56:24,2018-08-01 14:05:16,2018-08-03 10:01:00,2018-08-08 21:58:34,2018-08-27,6bd06f958324c634ad8995ed4a17701b,2018-08-01
b5d3a4b81af25c152a2b6938ed054942,1b866cf3a2f6c85e99d9b07c73951689,delivered,2018-04-24 10:47:56,2018-04-24 18:37:27,2018-04-24 22:54:20,2018-05-02 23:03:37,2018-05-22,c77dcf1fc66bff10f3dfc9a8113a995b,2018-04-24
aef435f2f2eacf2953e3f43710f594b8,5077fb20d8634ca6f8e48bec6d8b70df,delivered,2017-11-09 20:41:12,2017-11-09 20:56:00,2017-11-14 22:37:43,2017-11-20 14:14:30,2017-11-29,64ea785aa93e3b55a36b028e1331d3a1,2017-11-09
e160d11c70cf606ed89a6700da4e3454,7544e9c2b30e2b6541ba16b664011faf,delivered,2017-10-01 19:01:48,2017-10-01 19:14:15,2017-10-02 20:52:44,2017-10-10 13:37:49,2017-10-24,484b801bef4112442e63b89d8c3b32af,2017-10-01
381e1d8755e821c57966725a4c690059,34a277f1b600dd8f5e95468cb8a10ce9,delivered,2017-04-01 13:38:23,2017-04-04 05:50:37,2017-04-05 14:34:29,2017-04-20 16:40:18,2017-05-03,ff7014eeb94589da99e822e2618090fa,2017-04-01
8d2e2f8961edaf0d8c1af2217a872726,6bf466d8e7a502ba184f45d1977ce33e,delivered,2017-11-28 00:34:52,2017-11-28 01:36:26,2017-11-30 22:51:21,2017-12-27 21:42:13,2017-12-18,31a6cf9e22c6b10a4706a9d2aa9ee302,2017-11-28
8b6746478f6b44e7b76097d1c2f4dbe6,82e75091956ca96dc8d1325295733386,delivered,2018-07-30 22:09:45,2018-07-30 22:44:16,2018-07-31 19:50:00,2018-08-01 23:55:45,2018-08-07,30b782a79466007756f170cb5bd6bbd8,2018-07-30
66a5d2a60170025d375d4540efed4e62,865faa061fe0302e8f2970479d04c3f1,delivered,2018-01-13 13:16:40,2018-01-13 13:29:27,2018-01-15 19:03:45,2018-01-24 23:41:28,2018-02-06,a3e76c12f64a3b204cb536c3ca332ed5,2018-01-13
2901c587ddc2733afdf68e81b98d2c0f,f8632d63578cbb03bf05ac11ece8b238,delivered,2017-05-07 13:17:56,2017-05-08 13:10:20,2017-05-08 15:36:38,2017-05-18 14:57:38,2017-06-14,69265054c8f3bbe54909219e9b2e6af7,2017-05-07
ec68d155d466ea0d763c7ae6b1f7b360,e760ef426201641ca25882152731d585,delivered,2017-09-19 23:40:58,2017-09-20 00:46:24,2017-09-20 18:05:52,2017-09-23 11:22:27,2017-10-05,4696c723485c37a1f5fb926165372f76,2017-09-19
726cc933b16bb8f0bda435963814e887,644f2701d0e0045679a3c1d38d8bd55c,delivered,2018-04-15 21:57:36,2018-04-15 22:12:01,2018-04-16 20:33:09,2018-04-23 20:14:53,2018-05-14,4e27e7b9f149bcd4ea5ec0dc251b11b4,2018-04-15
530e59f0f148ec0029b49a2cbc1ce2ce,af350704fe4d751c68a13bc1b3f7c67a,delivered,2017-02-14 20:57:52,2017-02-14 21:10:10,2017-02-15 16:15:29,2017-02-17 13:42:06,2017-03-13,c6995b7622508243f3d67ce55d3ae99c,2017-02-14
c34abe4602727e23f7a3c265646d35ea,c0648371bbdd68b4b0b337d8f88885b4,delivered,2018-07-30 17:25:37,2018-07-30 19:31:59,2018-07-31 16:07:00,2018-08-01 20:02:03,2018-08-03,6752250a97692ea4e4375a1e6c11a64f,2018-07-30
7dfc0c4ee8e0efa633fe97c0409da2ea,2595d4fb8660dcb8cbb4e78b0a8f40ce,delivered,2017-11-24 14:05:22,2017-11-24 16:14:34,2017-11-30 22:48:38,2017-12-20 21:10:29,2017-12-18,5035394f5af1b31d7c536f2bff8e5c46,2017-11-24
db17cc060cb420c7dbea80f797f010ae,39f3cc584d0f9352ad69561b60cc89de,delivered,2018-07-01 13:03:50,2018-07-05 16:02:39,2018-07-05 14:32:00,2018-07-11 00:32:11,2018-07-25,df2f0e7955eb45a55eb6e4ecb1ad2331,2018-07-01
8661d034c37aca81ad2a118217c354bb,cb1d0195fb95cef5d3227a964c936f8d,delivered,2018-07-30 01:03:18,2018-07-30 01:15:08,2018-07-31 12:30:00,2018-08-01 15:06:32,2018-08-13,c28b1528e093df4b2a5d47f6f2b0d5fb,2018-07-30
d3b7594cc1a07125979df784dbec5c5e,5480e407b32d927bc0df17224470f889,delivered,2018-07-30 17:38:07,2018-07-30 18:31:06,2018-08-14 14:32:00,2018-08-15 20:56:34,2018-08-03,25c8b790b3dfcacce54015fd1076f284,2018-07-30
cf0279ca08c3174b3d12ac64091f859a,4dbc3878aa327e629769b79bfa465bd5,delivered,2018-03-01 08:47:19,2018-03-01 09:09:16,2018-03-02 00:04:10,2018-03-11 12:38:27,2018-03-20,598303f52e054ede6c3b5d53ba72ff65,2018-03-01
aa98499b630b3786439f705c72a74552,9f102e6f6cb706fd6d34f95050a312d6,delivered,2018-01-31 23:14:12,2018-02-01 02:35:32,2018-02-02 01:32:11,2018-02-19 17:27:02,2018-03-06,b1a24cdf73b449d0b8b2b0b5ab183aa6,2018-01-31
2d6e7665b6e34b4c1531c9e06517b1f9,8133147c1bfe4c00340064eaa286d0b7,delivered,2017-12-04 16:28:25,2017-12-04 17:32:13,2017-12-07 22:37:07,2017-12-20 00:35:31,2017-12-27,894a2fac1dcb705a1e4097b8a9131e90,2017-12-04
3832c983d516d747e824818b16728006,088cf7b06af8d510c1280cc95ec3754b,delivered,2018-05-17 16:41:07,2018-05-19 03:12:46,2018-05-21 13:15:00,2018-06-09 12:32:34,2018-06-08,06c3368c76b358fe15f52b24af23432a,2018-05-17
0257956857cf61994611a0a19f4bc247,bc54fa7f1166c358a2053f680ebb2ac9,delivered,2017-10-16 20:29:14,2017-10-16 20:49:09,2017-10-17 15:53:55,2017-10-24 14:34:44,2017-11-10,3e6af1676898a625a1b774da1532c4cc,2017-10-16
5ebe02af15e05f5558687283e799cb9b,2065bc3834225f512066523cbe850d26,delivered,2017-02-19 14:41:38,2017-02-19 14:50:55,2017-02-21 12:21:42,2017-03-02 16:42:10,2017-03-21,fccf6b62c8150e1670dc4bf341b9639a,2017-02-19
4bd03dd6a8e45ca2f88013cf71bd22f8,28010f664ab68f8a7a67b4d249f46291,delivered,2018-01-13 21:44:25,2018-01-16 03:34:48,2018-01-16 23:42:56,2018-01-25 16:12:16,2018-02-15,32c7250e535d4b3c5b294c9606706b51,2018-01-13
08edff712f0cd04883215bdb5b0d7c7f,230787cbf8da57cbd10d7c223cde6f1f,delivered,2016-10-08 13:54:03,2016-10-08 16:34:43,2016-10-12 16:34:44,2016-10-15 16:34:44,2016-11-30,ad1cb06f09b27e4773870d1f76a68557,2016-10-08
bf4ad1a5f0eccfffdad0fa4efd493d2a,d990271a4a5aafef194d5cd0ea385bde,delivered,2017-12-30 17:49:20,2017-12-30 18:07:10,2018-01-05 00:43:52,2018-01-11 16:45:42,2018-01-24,d3eaad8e919dac57ba5faa9ae7799e5a,2017-12-30
a579c53c4adee6e93a6e48c8af61076d,f3a9dbc025b4143aa112f200912731cd,delivered,2018-02-26 08:51:17,2018-02-27 05:30:54,2018-03-02 17:28:55,2018-03-03 16:19:05,2018-03-13,321a3e8cd267a0eda1010b26e921731b,2018-02-26
ceffc136b56be2a9062d21d6b869a0a1,aae647d172ff2dc11ef066bd441e3bcd,delivered,2018-04-16 16:51:43,2018-04-16 18:14:57,2018-04-19 22:58:27,2018-04-24 22:19:12,2018-05-14,cbda3bed5f606046e27bad0baaa72f4a,2018-04-16
3660db6c1a7919853db1ef6f820a301e,605cfbc286f538c03e9f4c8ab66814a0,delivered,2017-12-14 09:48:36,2017-12-16 09:12:27,2017-12-18 23:17:20,2018-01-26 17:55:23,2018-01-10,bbf28b01eafff45c51fd9130ab1e0c6d,2017-12-14
4e8d225c6e153e6bcc6a160e4b687649,9c3dbbd6d3c8090df6b78ae9b2c0f6ce,delivered,2018-02-03 23:27:28,2018-02-03 23:49:34,2018-02-06 18:48:46,2018-02-08 00:52:11,2018-02-21,9dd4d52032202084a2937f867ece4dba,2018-02-03
14fc11541ec454b0a370072e1e9f59a0,f873eea53c6efb9f7b57d7822b209e05,delivered,2018-02-08 10:50:20,2018-02-08 11:10:56,2018-02-08 23:25:04,2018-02-23 19:12:25,2018-03-14,97e4680fd417043d7572a032e5cad15e,2018-02-08
2be8f3f9bfd6f4349d7c95dfaa619b21,eab78dd9dd163be36013d95fb82739a8,delivered,2018-07-22 22:04:24,2018-07-23 12:31:45,2018-07-24 12:35:00,2018-07-26 15:28:46,2018-08-03,a57919929c3b9dc956290623e67fa917,2018-07-22
b4c24344dd0972f479220d8479be6d34,8fdac518e736eec059a03fe727efd580,delivered,2017-02-02 09:23:41,2017-02-02 09:35:19,2017-02-03 17:09:05,2017-02-09 09:32:48,2017-03-01,9da3069306d3a92c5c835bcfa0610d27,2017-02-02
b706405cf60251b5bc3c338db1418213,1872973af533906c6aa02988b965a676,delivered,2017-05-03 12:57:41,2017-05-04 10:30:28,2017-05-15 20:19:37,2017-05-25 12:14:46,2017-06-02,33874761fef19ddc1089150eb89b3d5d,2017-05-03
419c1fa500ceff6a8d5ee78cf19d2a6d,97aa9c5cc26befddd36f8a548e8ba0f0,delivered,2017-05-09 15:22:24,2017-05-09 15:30:24,2017-05-09 15:58:15,2017-05-16 23:57:18,2017-05-29,705748b59cffa9d676c096f44a227476,2017-05-09
a9c199030066f7ca5241ce61d8eae23d,6a60270a2f63b9979e44f9e9519f40cb,delivered,2017-12-05 08:47:08,2017-12-05 11:03:41,2017-12-06 00:14:51,2017-12-07 20:33:39,2017-12-28,b8a097297ee1be3223fdc6727b119ccb,2017-12-05
6bdd13c1e2758ecdfa89cf84fef532bd,b7241639a8593842c9d76ded4e2ee372,delivered,2018-07-30 10:29:46,2018-07-30 10:45:00,2018-08-02 12:52:00,2018-08-09 01:28:47,2018-08-07,e88704adc73b8ffee316e21ae63e6f0e,2018-07-30
e9a0ea38c9ccce5af1c178330ebdf3b3,b29bd54e3f696b788f8473826a68be4e,delivered,2017-11-21 19:54:27,2017-11-21 20:07:11,2017-11-22 19:10:00,2017-11-30 19:33:03,2017-12-07,fab027a1984a0733038af650d749ac7a,2017-11-21
fadb404d8fd1514e9ae53780ca9bab75,6a06ba0de1437770f6b5709314369ce5,delivered,2017-04-25 09:29:07,2017-04-25 09:42:15,2017-04-25 10:38:51,2017-05-04 16:42:46,2017-05-16,54532e3c45ab2b031cfee59f0ecd6f8c,2017-04-25
d1c8a4c31e8c7baecf7db50c988e5527,d29bf63857a4ba09729fdea095e6da9a,delivered,2018-07-23 09:31:16,2018-07-23 12:31:54,2018-08-07 14:04:00,2018-08-17 19:06:48,2018-08-17,7f78ef49a3ec6ff5ca63eb05bf82fefc,2018-07-23
c55cdae2f69a79de4fe44a6437391c64,77d32b8bff18dd1b1db49c6a11fe658c,delivered,2017-07-24 21:26:02,2017-07-24 21:35:17,2017-07-26 09:45:56,2017-07-26 14:25:39,2017-08-04,e14dcbca72e57d7ee7ac43d9131b12b8,2017-07-24
f8ba6b81969b53758b46333b85537e89,0cb10e3c2af21e14547d1bfda472a2fa,delivered,2018-05-15 10:46:28,2018-05-15 11:14:36,2018-05-15 13:34:00,2018-05-21 18:08:31,2018-05-30,a900fb9252593c059112316866aa6e6b,2018-05-15
96cf8493c8ad7d974bfd60128baff467,e174586749a453ebfddf5afd5cecde87,delivered,2018-01-09 08:50:14,2018-01-09 09:08:31,2018-01-10 12:26:11,2018-01-16 21:49:12,2018-02-01,d897a1d9fa5ebad6b3e3e2340fd5f89c,2018-01-09
9d8ad56c218b4b9bd6ece578c91c2321,5da5779c14e22cdcfed01160d6165476,delivered,2018-07-20 22:25:11,2018-07-20 22:43:53,2018-07-25 12:08:00,2018-07-26 14:46:36,2018-08-02,98d64cb8cf9878369a43bde681e16463,2018-07-20
07adb4d17fca01935d0590d775e9569f,2f4bea643782bf139a849858c4a30e86,delivered,2017-05-21 08:00:01,2017-05-23 03:45:22,2017-05-30 11:23:49,2017-06-05 14:00:02,2017-06-16,751404a804fcb7375342481a53993b18,2017-05-21
2430ed6f30289e7500af6662d22f14c1,a5721a359e975fa760eed74e21cc4bc1,delivered,2017-11-07 18:29:08,2017-11-07 18:46:36,2017-11-10 18:26:55,2017-11-23 19:12:06,2017-11-30,7747498b010895040e48fbeceabc0768,2017-11-07
f9987d1807253fd86a6152d06bcc46a3,8534c8da1681eadb3523f889c78faa7d,delivered,2018-02-13 11:14:11,2018-02-13 12:26:57,2018-02-16 01:37:06,2018-02-26 21:04:46,2018-03-12,65cfdb0d7803c6793a9f609361afb2a2,2018-02-13
17f70d10c2acd50864b5dae4885894b5,bbc82b85b6867ca7bf1380c64f8447b9,delivered,2017-01-25 09:12:10,2017-01-25 09:22:27,2017-02-06 11:54:31,2017-02-14 11:14:54,2017-02-22,60a5eebffa1776fc17cf943de2bc847f,2017-01-25
cfe4b206b7a8acf6ca84fb710d61f968,cc90501463fbb7bfd6a2e2687fefeb6a,delivered,2018-05-14 16:51:25,2018-05-14 17:18:52,2018-05-15 11:33:00,2018-05-18 18:31:13,2018-05-30,2fa6a78122d16adf2efec6789a63a0ea,2018-05-14
bd4ce88d696959198a72416bd32be0ca,d7e3800d834c7a104b669979e90b12d6,delivered,2018-01-04 09:15:20,2018-01-04 09:28:38,2018-01-05 01:43:40,2018-01-15 20:12:01,2018-01-30,63b0f8b7cd9f21af858dd7e6094efeec,2018-01-04
2185076f7b4b543d3e791e2915db9abf,16449d795cd6755fe9fa40f758542da3,delivered,2018-05-09 07:35:06,2018-05-09 07:52:02,2018-05-15 15:38:00,2018-05-21 22:58:22,2018-05-28,9e4b2156054649b5c139134859b596dc,2018-05-09
5ddfb982c9a99a9702ef69513b2b3c57,da3a3394fe2d2e66e03a362996c4207d,delivered,2017-09-12 22:59:04,2017-09-13 21:45:15,2017-09-14 19:24:55,2017-09-21 19:38:00,2017-09-28,4ad2c6da1728dbf266e05c3720cf9e49,2017-09-12
1e535b580b9c6e2e359da6d6202cbaac,13c64c249f9bb07ec019303bee51bbe9,delivered,2018-04-25 00:38:39,2018-04-27 03:10:32,2018-05-11 12:38:00,2018-05-17 11:03:53,2018-05-28,23ed2fdf0c304561276031318ba9c759,2018-04-25
81b6015857004cedcfbc04ae95d7bfe5,e48db55564959abae4213119668090b8,invoiced,2018-03-10 09:52:29,2018-03-10 10:27:59,,,2018-03-28,7a34800f09bab795d73ccbaf597523cb,2018-03-10
40882c452ec4e7cc53c1a084173f79a5,04c615836bb9a3c93c57b2feb8b6e891,delivered,2017-10-19 11:42:22,2017-10-20 03:05:52,2017-10-20 20:42:09,2017-10-25 19:53:34,2017-11-08,7f50c43baa66aae590aa1a067427cce5,2017-10-19
61257b6e85787aa68052616d08656a24,0f0691e76cb1b43ed749218ecf0bda42,delivered,2018-01-12 10:21:33,2018-01-16 04:31:01,2018-01-16 21:26:32,2018-01-24 18:37:28,2018-02-08,5b63d45738df64a3e43d075a2a97de66,2018-01-12
4ec8686587a9b92422ae24861683958f,85656b4b0f9caf3178455f3abff2b142,delivered,2017-08-22 20:29:26,2017-08-22 20:45:52,2017-09-05 00:17:55,2017-09-12 19:42:46,2017-09-22,e0c99ffdcd8891130985ac90cd2d8eec,2017-08-22
9d4e334ddde795cd4fbee24dc4b68cfe,63531fc8d878fe9a0ac4fd07a4d8a7b1,unavailable,2017-11-27 16:03:51,2017-11-29 16:22:32,,,2017-12-22,81acf66173bb80d6988f3aa37d56176b,2017-11-27
2bbd649e67b9a3708e563c6c08424bd8,57e517de95c05f0ea21bfe6d91e09f69,delivered,2017-04-24 14:37:49,2017-04-25 08:23:08,2017-04-27 05:04:40,2017-05-09 06:56:30,2017-05-11,24f745bc1e03f89dfab8941b672a8104,2017-04-24
76488d1a3fac0eda31bb3e5f9a31cc3a,8463f3149ad34f205ea17fd97caa66fd,delivered,2017-11-13 09:43:54,2017-11-14 04:16:07,2017-11-16 18:23:03,2017-12-21 15:54:41,2017-12-14,2bb2d41131e55fb88d4d8a2527c4a6a7,2017-11-13
4fc44d78867142c627497b60a7e0228a,e494ff798e6549f9ba9747f00f5681c2,delivered,2018-07-04 20:34:57,2018-07-05 16:33:00,2018-07-05 15:55:00,2018-07-09 20:27:50,2018-07-23,a2b04fc2ec07fc6fbbdfbf8fd1fe5a30,2018-07-04
4273d1dff20ccc8e3abbbb34e4a50b62,961d8f488fd6ef4865acedb34a9cecc4,delivered,2018-01-06 01:06:31,2018-01-06 01:15:29,2018-01-08 19:53:06,2018-01-16 12:42:44,2018-02-07,a375d660daaeffaa316673543e2d5338,2018-01-06
d342d7bad292d68d41d58ffb594cf431,64eb9409c29c87a0a90ee1e08ce05065,delivered,2018-04-23 09:55:46,2018-04-24 18:38:57,2018-04-24 18:32:41,2018-04-30 15:35:03,2018-05-15,000949456b182f53c18b68d6babc79c1,2018-04-23
93dacd550574d8a7b38362c2a6f040b8,b3390183a9a6422eff0ad8b0f17a6bec,delivered,2017-07-29 22:37:12,2017-07-29 22:50:12,2017-07-31 18:54:29,2017-08-04 19:52:21,2017-08-18,3747df4eec8b3f53e74dc5b0bc5fdbdf,2017-07-29
95b504e973b4c26f87861771fc0d31d1,9f92375d50ab60bcbfcf969aa156d455,delivered,2018-05-06 17:15:27,2018-05-07 09:13:43,2018-05-07 12:19:00,2018-05-19 01:21:24,2018-06-08,ed23eb17b3833195c84eb2e4c069877f,2018-05-06
000229ec398224ef6ca0657da4fc703e,6489ae5e4333f3693df5ad4372dab6d3,delivered,2018-01-14 14:33:31,2018-01-14 14:48:30,2018-01-16 12:36:48,2018-01-22 13:19:16,2018-02-05,3818d81c6709e39d06b2738a8d3a2474,2018-01-14
fd0ac58dfd0c4a3034ec2fe3e6200fce,d057d6f4efb78ec1c7e5f1b28f67493f,delivered,2018-02-27 22:18:18,2018-02-27 22:30:28,2018-03-02 01:41:53,2018-04-05 22:26:25,2018-03-21,a48616b0798c3f1d5cae097c18180be8,2018-02-27
05cdf90df5dcc062b68cd8b3803f6228,9ff742af578d72bce31bf2975d05ee87,delivered,2018-02-07 12:04:39,2018-02-07 12:31:11,2018-02-09 18:55:04,2018-02-19 18:49:16,2018-03-08,13236d13c83b9889af2c7e8b4898ab6d,2018-02-07
95d1a834e8bb4b9a9d0135c658fa9fd9,7c575b8659a41d814e8a76f4b91146fa,delivered,2018-04-01 20:02:29,2018-04-02 13:30:13,2018-04-04 18:28:40,2018-04-05 19:24:33,2018-04-12,f26ee4cddd4ad02b262b34ee93b1c639,2018-04-01
fa612a1874826daa30fed5e3073b9d0d,b51db50e74624ee11ec905f6c8cb92c2,delivered,2018-02-23 07:23:09,2018-02-23 07:35:30,2018-02-27 15:13:08,2018-03-01 16:22:31,2018-03-15,a2ba94a4e9d0ab6b5942c6210bd5d16e,2018-02-23
c48ec7c034c645ae4c720e62205e993b,240f2bd361ee42f7570caf78cd615dc3,delivered,2017-11-27 12:29:25,2017-11-27 12:55:38,2017-11-27 20:38:35,2017-11-29 14:03:51,2017-12-11,f6ce59662fa24ba7ccc289430b580a7e,2017-11-27
c63f87e803b2bb102390ae4a77ece207,fd43cf6f5a149e13209556985159d216,delivered,2018-07-13 18:42:19,2018-07-13 19:20:11,2018-07-16 10:55:00,2018-07-26 12:43:43,2018-08-07,3dac8a5eb348589998102dcddf3bb259,2018-07-13
3f3e4083688c07129239450773e84282,25589ac02f7637b4dca14ce8d9c2fd8b,delivered,2018-02-07 09:52:44,2018-02-07 10:10:17,2018-02-07 21:33:09,2018-02-08 19:42:58,2018-02-23,62d514474504de66057183274ece334a,2018-02-07
b74bfb8cc19faa85573bff7a631e7c5f,e307089fd89327dede362fab6c2c9d70,delivered,2018-03-30 01:06:24,2018-03-30 01:50:10,2018-04-02 17:42:42,2018-04-05 23:28:34,2018-05-04,a07a783b3105910325b0169dcb1ac1e5,2018-03-30
77c34615b2963e4bf4b48d59da0eb5e1,06b74967617d6e12688e779fdc1a580c,delivered,2017-01-18 17:44:05,2017-01-18 19:05:09,2017-01-20 11:45:44,2017-01-31 10:41:44,2017-02-16,8f09add4b8d8c9c4311d881d29b8d58c,2017-01-18
bafb907417d324de4bc43390ccf3fbed,6f014635454b0038028f5228e69f50ed,delivered,2018-01-09 15:46:08,2018-01-12 12:28:40,2018-01-15 19:48:25,2018-01-25 23:49:00,2018-02-05,36004a09bdcaef55d21f136661aafa86,2018-01-09
40397c42ea8f390af9afe9cc02cb2fdd,3ac8d3d63db74e05b7d046b8bd284487,delivered,2017-04-03 21:49:28,2017-04-03 22:02:53,2017-04-04 15:20:18,2017-04-28 13:05:30,2017-05-10,3a39a225ba6f55523074cc509fd3d4b6,2017-04-03
559e95307dd31619f52fde406925e840,e231c680c83114969e2b559abcc7de68,delivered,2018-07-30 23:54:39,2018-07-31 00:24:23,2018-07-31 13:52:00,2018-08-04 17:38:46,2018-08-14,4126ee95b7096d3383d3885b8180c567,2018-07-30
a884af2f7dbc8bd1d474474ba8d0de90,c952b4091e6556025f82582019bce095,delivered,2017-06-13 22:33:24,2017-06-14 08:42:24,2017-06-16 15:21:51,2017-07-03 15:45:56,2017-07-18,a6bcc453eea84685eef876b96b82c58a,2017-06-13
f63be24880200ae32aa24f5b458a3dc3,a6954f48f5d8a0dcbad1a0921109cb56,unavailable,2017-01-27 13:39:53,2017-01-27 14:31:44,,,2017-03-16,ec6969699229c33bcb31059d4184049f,2017-01-27
315f7759c3f6557f50e47798ccd673a3,54e217beb4b07ffdebc14c428e3f240d,invoiced,2018-01-13 15:18:00,2018-01-15 10:11:08,,,2018-02-08,1a431b876dce84b93132c2f8bf2701a0,2018-01-13
d6a90d67310c500286671d1aab32079f,2fba0d3535e03b92c457788233f615b6,delivered,2017-11-27 19:25:23,2017-11-27 19:39:09,2017-12-08 02:18:29,2017-12-18 13:52:08,2017-12-19,2a2af3460aaab4d8c9b90d572f4b2350,2017-11-27
2d691a21ecbf955fc28064fbf5073db7,aac58f61ffa72e6955c30e0b2fad054d,delivered,2018-07-08 22:26:16,2018-07-11 03:35:24,2018-07-11 14:08:00,2018-07-12 19:58:28,2018-07-19,29ce080f06ae639f25b0a63dfdbe38fe,2018-07-08
cb5fbb27c5009572818e03f9e690edf2,7db36170d6f4124ef2c2d65b5eb3ef25,delivered,2018-05-30 09:37:59,2018-05-30 09:50:16,2018-05-30 12:27:00,2018-06-07 18:08:38,2018-07-03,facd4e5d86e8a18ac6223047a5f5f07a,2018-05-30
b3282c241dc25705fcb8802416a93929,2da902e5e574df9bd8946dc3ed153a65,delivered,2018-03-07 17:45:17,2018-03-07 18:10:08,2018-03-08 20:58:21,2018-03-14 12:11:03,2018-03-23,ed86e9dd7c8d0fe11e7fc8e31d96d675,2018-03-07
61b5e6d846c13e8107ec0d264d5abdf1,af76edabdbf253fecbc78beafb220e79,delivered,2018-04-05 21:40:34,2018-04-05 21:55:13,2018-04-10 17:09:44,2018-04-16 23:36:36,2018-04-27,08d2b18f8862714c1dfc52561a8dae27,2018-04-05
69b00a66e2558dd57ba062f782995941,9ab2076d57685d708c6df2b209407b7a,delivered,2018-02-08 16:10:45,2018-02-08 17:06:04,2018-02-09 21:36:15,2018-03-05 16:38:47,2018-03-12,0804b7c052be7ad1e35eb32f8b92c5cf,2018-02-08
18668c1a8328478efec728fc614c3b55,6d547f62fd060718fd2a268a4fa2a1fa,delivered,2017-05-04 15:06:03,2017-05-04 15:22:30,2017-05-05 12:00:40,2017-05-23 11:12:49,2017-05-25,288bca9dae3585557dfd5dfdf7289600,2017-05-04
e8dbfb34a57fe34db02546aa50b56f10,2eba59cbdb86a8a535076c9178c8dc3f,delivered,2018-05-16 15:01:23,2018-05-16 15:19:35,2018-05-18 07:13:00,2018-05-21 18:12:18,2018-05-30,2726e5dc94666be0b1fdf08d02eade18,2018-05-16
f716dffba1232aaef7c899fb8c14db97,cf5112cc5129776cc69c956dc265a5f7,delivered,2016-10-07 15:12:40,2016-10-07 15:59:25,2016-10-11 15:59:26,2016-10-14 15:59:26,2016-11-25,2552194579775fed6641fa5f56152e0a,2016-10-07
8d3231deb8132bece4a6afd9ed60f5c2,1dca8025c540764cee00698bcaf7b776,delivered,2018-02-15 23:17:02,2018-02-16 14:32:35,2018-02-16 21:53:59,2018-02-22 01:52:02,2018-03-02,2c474d42fda9aa734da5981d2cafc0e5,2018-02-15
228eaa337912a2f2896d8d5c63147229,e661fdca5ba0b3e7dfd2aa9c3a081083,delivered,2018-02-07 13:47:03,2018-02-09 10:11:37,2018-02-10 01:41:43,2018-02-21 20:24:05,2018-03-23,b43f568bbfd407c4bd39813555657f2f,2018-02-07
5eca574faaba7961b0e3f7147f20b658,48d46fabd9154d485aa7e409d07ad65f,delivered,2017-09-30 15:56:56,2017-09-30 16:14:11,2017-10-02 20:42:08,2017-10-09 21:22:45,2017-10-24,785edc493eed2fb6c75f17f687351fa6,2017-09-30
2e5dd9e8e3633461dfc2c443001e2623,ab46103abc25cb3dd1a256b455dd9eaa,delivered,2017-05-18 09:34:55,2017-05-18 09:45:13,2017-05-18 12:01:28,2017-05-24 10:45:50,2017-06-13,60e25dc38171becdb0abd13aac4ece3f,2017-05-18
172d924daf19043deff749396e9eebf3,7582ce1690e126ec9b177e0770efc74e,delivered,2017-07-26 10:20:16,2017-07-27 18:35:34,2017-08-02 18:07:05,2017-08-07 20:47:57,2017-08-21,a8f33ec1604be25d407c4239cab35fe4,2017-07-26
4f95977893357c1a4a9ab91107e78cf5,799cceabf612fcd4a2ffaf0df8da6b44,delivered,2017-02-02 09:48:03,2017-02-02 10:01:18,2017-02-06 11:52:56,2017-02-10 08:14:47,2017-03-20,324e81e44d41c1c9660f5c8b38683702,2017-02-02
be13978ecac5e754184c77063ea75e2f,e52e913e489901da20259b227f4fe4c8,delivered,2018-08-20 14:56:58,2018-08-21 05:09:36,2018-08-21 12:07:00,2018-08-29 18:32:16,2018-08-29,889e20433bf76e2dba7d9a35c1ac4c47,2018-08-20
5abb6c1ea24afdc6e26076bfaa7539cb,e4f8c8ade9b6bd86452130dcb763e63d,delivered,2018-02-17 09:35:29,2018-02-17 09:50:22,2018-02-19 21:59:01,2018-02-22 00:42:52,2018-03-09,a12ea0a31264f059990253b4d141134c,2018-02-17
5f5fda6bb6bf0aa8f49f50506b1584ca,ea879c7522f49b51ad3de1cc7aa066ec,delivered,2017-11-06 13:59:41,2017-11-06 15:31:41,2017-11-09 17:32:30,2017-11-20 17:51:53,2017-11-29,9c101a1e40d02a431e8f6e0008529772,2017-11-06
0d7126386fcf52bdffdf1d9b3e61ddca,49cbff3b820f73efd9e54048433d7f3b,delivered,2018-03-01 20:06:34,2018-03-01 20:15:39,2018-03-02 17:09:42,2018-03-08 22:03:35,2018-03-23,87b4130d5349cb9c354d866c7f70cd23,2018-03-01
af1ffd059ac0a5f3996b4fe6c2863116,db30a18da5bfe0905408bc1cd8904997,delivered,2018-03-26 07:03:11,2018-03-26 07:15:22,2018-03-26 23:39:06,2018-03-28 19:05:10,2018-04-18,3442a61b2d5bfd9d605d6943701ad650,2018-03-26
b7dd21d38a31885f78f70ed3704bff62,3707357d878ff449b2ccf59b03acd9d2,delivered,2018-05-14 12:07:02,2018-05-16 15:34:48,2018-05-17 13:37:00,2018-05-22 15:03:38,2018-06-21,272a0cfd4ea65bbfc975324df7e1a448,2018-05-14
59f0c755f151fc512bfc8a38e3b192ba,fbce2588012ce30bd9bf1b3ffb412cfa,delivered,2017-10-08 12:05:08,2017-10-08 12:14:22,2017-10-09 18:03:06,2017-10-16 12:59:17,2017-11-03,fc11e5b57f5d9207e1d3a5f41e0795eb,2017-10-08
5b908ef05527e15afdc4a901b502d54a,e1bc7c21e15d464f4664aecaeb550948,delivered,2018-04-09 18:09:53,2018-04-10 07:35:24,2018-04-10 20:26:31,2018-04-25 18:12:06,2018-05-04,8e02f2db173adfe360ad90294cf5d412,2018-04-09
ddc3af0538e1279d548f8e4f6cbcc9de,875a1e0d9fa0e8aaa253208331a4a3fe,delivered,2018-08-10 19:45:23,2018-08-11 02:44:37,2018-08-13 15:03:00,2018-08-21 15:18:31,2018-08-23,87e69f05e13093d268cc2de1a3690318,2018-08-10
77dc1b33326d12cbce03cfda27efafda,4254dc9d904d27a48d0a82cad2c4b26a,delivered,2017-06-13 14:09:06,2017-06-15 02:45:22,2017-06-16 14:09:43,2017-06-28 17:26:40,2017-07-06,c71e44e5e3c5e5a320321c3d3a868c20,2017-06-13
fd3099e9b0848ad9cc6e82c2dacb1bbe,886dcd8a6d9fcebe7ef5fca57d474259,delivered,2017-11-23 05:40:52,2017-11-23 06:07:26,2017-11-24 09:43:04,2017-11-30 01:53:20,2017-12-13,5c21e267437019f708f605b521949aba,2017-11-23
b8739e2347eff7c8473c5b9568fbb221,c1fe1c69bb47a45673e0f246bcb2bc98,delivered,2018-07-02 16:50:03,2018-07-05 16:35:32,2018-07-04 15:41:00,2018-07-11 16:53:43,2018-07-20,96849dcfacea8dbb9bde85ef21dc06ce,2018-07-02
da2e621d3cabde14d60f75af174c6c2d,b7dc9308cd65279de60ccc7f47ec1e16,delivered,2018-05-10 13:01:23,2018-05-11 03:37:39,2018-05-17 14:03:00,2018-05-22 00:37:39,2018-06-04,3d7fe6a6e4aa8a04666ba8b541209cff,2018-05-10
b6a436279ea452f98a14c6e144d96473,b6584685f7a07e238a5fa241112d669a,delivered,2017-12-18 21:03:25,2017-12-18 21:14:22,2017-12-21 20:36:48,2018-01-08 22:55:05,2018-01-17,224faf76f82020526445e2ac200af0b5,2017-12-18
32805b94a882eabc129b1d2fd5bd2dfa,f0192cc928752150fe62a0bcae291e5d,delivered,2018-04-09 19:26:29,2018-04-09 19:50:41,2018-04-19 16:24:35,2018-04-21 01:33:01,2018-04-20,1b9d0a0c0fd5211ae01a554419120554,2018-04-09
a2392ac22d661d26d7facf9ea5d6a5b8,558db5ecbdc2c47fa8b3f8ae3b8a0453,delivered,2018-02-07 10:06:39,2018-02-07 10:32:14,2018-02-09 22:18:01,2018-03-04 18:41:29,2018-03-14,8fe4f9a0d6a47babbd498127a9109bd1,2018-02-07
2da52e987f62fa65e50c6fd5dd8994d1,782da07dd1b66f0a3ece989a671ecb8c,delivered,2018-01-15 13:38:02,2018-01-15 13:49:58,2018-01-17 22:21:25,2018-01-23 17:47:33,2018-02-08,306ff27506cde963bac1f841faa5163e,2018-01-15
5bbf247f8a09d52540eac6e2cddd62a7,8d3fb6d1e271f8f2202136ec4c95a266,delivered,2017-03-30 00:18:32,2017-03-30 01:15:39,2017-03-30 12:09:58,2017-04-11 14:26:42,2017-04-24,09fad357ab8ae207c25f8a174339ff15,2017-03-30
314fc0121ed16cbe4f7979e96f3768ef,9b1c0b706b8991152859ed64739367f8,delivered,2018-04-24 22:09:09,2018-04-24 22:32:43,2018-04-27 08:12:00,2018-05-02 18:37:38,2018-05-15,e9e2ea9f0a8f6ec3bc49cec168ac3af5,2018-04-24
f07ac180675b94d4fe8f697eb2f87d12,dfa72a0a96072c02965f24972c7efbcb,delivered,2017-11-24 11:10:54,2017-11-24 13:14:02,2017-11-30 19:05:13,2017-12-13 22:10:04,2017-12-20,d340d15ea6dfba6466acc80adb91b863,2017-11-24
2beef95c5b98fdfefddc581a17f27b82,acff1dd156a7586a29ca75cb9ede443b,delivered,2017-12-11 14:52:04,2017-12-11 14:59:23,2017-12-16 01:13:28,2018-01-03 23:38:33,2018-01-16,953d67f3b93517a58e7e1baabc6cdac8,2017-12-11
6f3428447439d9e2de6274149281dae6,03975ce1698b187029146eeefa04f5f2,delivered,2018-04-22 16:27:11,2018-04-24 17:14:36,2018-04-24 16:04:52,2018-05-04 16:52:50,2018-05-22,4d337c98856b7ffd5018d7a5b3fbaf76,2018-04-22
cf8ed2e1892b687d2ab983835459a604,ffd1de7d1aaba96f625807ae058cda15,delivered,2018-05-08 13:08:34,2018-05-09 03:55:23,2018-05-09 13:02:00,2018-06-07 19:20:54,2018-05-25,003fee4ca17927283128c7ddc6f9311b,2018-05-08
68233f255c4f267082b2fc19f6449977,4f16e4f7467c532048801d636774945f,delivered,2017-04-19 01:02:20,2017-04-20 02:50:26,2017-04-24 10:42:04,2017-05-15 14:04:05,2017-05-11,c09a451cbf37a98dd35bb88cd87deda4,2017-04-19
7c3028f340bf35d728e7c42b911f30b9,fafed7d5750e87b22e2c499e8f9599b6,delivered,2018-08-17 11:25:04,2018-08-17 11:35:15,2018-08-17 12:46:00,2018-08-29 01:50:58,2018-08-31,a8279aeab541b34442d6ded94c31ddaf,2018-08-17
e937de71316fb3186e4113977cb96741,9f5436553717cfa4a0ea9296e309b856,delivered,2018-02-10 21:57:04,2018-02-10 22:40:22,2018-02-14 22:32:58,2018-03-12 14:51:29,2018-03-20,5142b631250df02f4aadfc5d4c4b8569,2018-02-10
4076407d388d4127cf7edc12c2782ed8,35acd266353bf5c3f4cfbbf2af784790,delivered,2018-08-03 00:21:01,2018-08-03 00:30:19,2018-08-03 15:10:00,2018-08-10 16:16:43,2018-08-13,b391b8f94198c52ccdf5dcd99e007a5a,2018-08-03
2bb02fdf5637a68cd5d13c78c37c3376,8c468917b274857623298a1627369866,canceled,2018-08-09 10:55:10,,,,2018-08-17,5562519ab10ca3a2bcafca081618d2ea,2018-08-09
29743080b6ab006d94b00399ab7b47f0,ba67a2ef88a5d6b25536515bdfd1e8b8,delivered,2017-11-30 14:47:28,2017-11-30 14:57:24,2017-12-02 05:02:14,2017-12-05 20:28:39,2017-12-18,2d07268992081121daea23b365799b4c,2017-11-30
df6d3b62b959d520809f53e136e27883,be821c14c82b18f7d37cb67cd51c58ed,delivered,2017-02-23 07:45:03,2017-02-24 02:50:24,2017-02-24 11:04:11,2017-03-07 14:18:22,2017-03-22,0fe4648879b1c1206113180c42df57aa,2017-02-23
d269e3209c8a86e588a93e573cb97002,4516d783f8261f0816e12c0be45cffc6,delivered,2018-07-21 08:41:25,2018-07-24 11:32:31,2018-07-26 14:23:00,2018-08-09 12:19:00,2018-08-23,2b08b37c414eedba2764accd09699c60,2018-07-21
318b5b7c3a2a999cc4f3403e9afd3eb4,e9e9f929686355e47cb979fa510b9e94,delivered,2017-06-10 09:26:58,2017-06-13 05:05:26,2017-06-14 12:48:10,2017-06-23 13:11:16,2017-07-17,1a12b5c2a931ae8a32340bc87db0d3ed,2017-06-10
ca6c5ad670e608ffff583b9ae9de0eaf,f59ce365bf34e682beb1ebcbac349dbf,delivered,2018-03-15 09:02:22,2018-03-17 02:45:38,2018-03-19 15:17:37,2018-03-29 11:14:58,2018-04-03,ffbab763e1469af59b9882f0fc6e7d18,2018-03-15
a9a6410866011c623a3ff44ef92be1ab,34841093a29dfdd41748b1df314e6580,delivered,2018-06-30 14:22:17,2018-06-30 14:35:11,2018-07-03 11:50:00,2018-07-07 12:42:13,2018-07-24,51d3d5423e89bdef188c9b6014773577,2018-06-30
ac67d8fc34e7d40fe10f3f99609eea60,74dd658e3cc47fad8588e6f48f6a6075,delivered,2017-09-25 15:31:13,2017-09-25 15:44:22,2017-09-26 14:28:17,2017-10-10 19:42:25,2017-10-26,4c25d8e81024300edc4db9bb7b23c278,2017-09-25
deee3a40a4669f004603111e55387280,7a599dba82fb26f7c6647b863dfc500d,delivered,2017-08-11 13:32:11,2017-08-11 13:45:17,2017-08-15 20:07:25,2017-08-21 15:43:49,2017-08-31,a0f7b767e9567e75fe3f960cc6a6bd61,2017-08-11
25c9e543b6963d52aae26badeed1e26c,be246b1f8d2a015d41e35f5af9d166cd,delivered,2017-11-01 09:18:31,2017-11-01 12:45:49,2017-11-01 18:59:44,2017-11-13 20:32:35,2017-12-01,35ee5bf590d47cd9c6cf08565382b770,2017-11-01
3cf90d04a286c1ea16f5700dbc764fff,dceefd13308771abe30e2d60b31d8036,delivered,2018-04-22 17:47:38,2018-04-24 18:34:12,2018-04-25 08:57:00,2018-04-26 15:42:10,2018-05-10,0bd0b4a708763e74a231d629b7b881fb,2018-04-22
6a1fa0e6aaa492df09c581af143879a8,25a4bcfa932944bb97757fc28eb68d48,delivered,2017-12-06 01:49:07,2017-12-06 02:09:32,2017-12-06 19:13:19,2017-12-17 14:42:22,2017-12-22,56e310e19484c9c9eea920d87d6d8181,2017-12-06
2771a9b2fefbbaee6eb0924c73b0b32e,bfd48619370e956879b4698e2cd623c2,delivered,2017-08-21 13:51:03,2017-08-21 14:05:30,2017-08-21 20:22:12,2017-09-01 17:22:35,2017-09-19,21560f93adbd9ada040a40909ac8619d,2017-08-21
5b7f6445ca01d94adfe256eaa9a37ada,202a41667703e8c0c94f0055968f5645,delivered,2017-09-19 20:18:47,2017-09-19 20:30:12,2017-09-26 15:23:32,2017-10-10 18:23:13,2017-10-16,a74e70b31bf20fc9cf484b9b8a52fd2d,2017-09-19
ab49dd6d45dbe9600acdb124bf5f7acc,d700ad60dc928758888d00f63e0785e0,delivered,2018-02-21 14:38:29,2018-02-21 14:55:40,2018-02-23 04:42:27,2018-03-01 23:47:32,2018-03-14,a3f0151d81afbfb5e90b3f977d20571a,2018-02-21
69c3c3c160e3c97d69fc07a52b4d98d2,9a1f57c8665b8cfe232da92bfc983b82,delivered,2018-04-10 11:36:41,2018-04-10 11:50:20,2018-04-10 23:38:50,2018-04-16 13:45:06,2018-05-03,682d203efdcf95d2036a7430a8f32c96,2018-04-10
48ad3f692af89318f508cd0b50f68b41,1c5c0870a06762e283d8939e79241a4c,delivered,2017-03-26 17:05:31,2017-03-26 17:15:15,2017-03-28 12:28:14,2017-04-03 16:51:59,2017-04-13,f6aaac5f5b7ab52ab49bdd22d0225a0a,2017-03-26
7869f99f3acbb8cf623402053f1dddfb,5c094cdf9dea2e827167554212743014,delivered,2018-02-27 18:29:30,2018-02-27 18:48:18,2018-03-01 21:46:15,2018-03-02 21:58:30,2018-03-13,408794595e11dd23ea46bc7dc110ae9a,2018-02-27
3f0f2949423ea4caec394b9d09f075dd,d401d40e203390378e43c27046395eb5,delivered,2017-05-05 15:30:07,2017-05-05 15:45:18,2017-05-09 17:13:51,2017-05-22 09:42:08,2017-05-30,d946e4705169903dd9058aa3c945108b,2017-05-05
7482f12f16a862671e5e3951ef33d2c1,7b80289db6e09a0b45fd8b4e79f84733,delivered,2017-05-21 22:38:54,2017-05-23 04:22:29,2017-05-26 16:03:57,2017-07-06 09:47:41,2017-06-22,8b13f98a3be1b1d3651656ee73f03edc,2017-05-21
5a583547086c7958be6668ef932708cd,a6df8d7ce4d964e64ad1103730ffbc4c,delivered,2017-06-08 09:18:19,2017-06-08 09:30:17,2017-06-08 14:08:35,2017-06-19 14:27:46,2017-07-03,5a21363c92f912e70cb482c96bc03af3,2017-06-08
57a10b4e5b1a9982b487b6e33d8cc0bf,87fd801845c8b9564e51859fd8496b15,delivered,2018-04-23 09:57:40,2018-04-24 17:58:01,2018-04-24 21:26:21,2018-04-28 13:56:40,2018-05-21,27d0cdbda0be8965145d5951b680e5fe,2018-04-23
7c9b63669cf62dd8d1ed4d40d5bf953a,a6c424c5f57e7085560010f2082121ec,delivered,2018-07-01 12:21:19,2018-07-01 12:35:14,2018-07-04 08:23:00,2018-07-11 17:14:48,2018-07-24,85dd6b4f5819c17f3694b42d01c64291,2018-07-01
5c08ed25ee3f139b35a21c0c12944802,f999d69f765c22961155f7c9347b3292,delivered,2018-02-07 12:03:51,2018-02-07 12:15:29,2018-02-08 18:50:49,2018-02-19 17:03:52,2018-03-07,364f7934597f72889dd3e205e8c80778,2018-02-07
10d9a4341b71723e4e9f55a51d649207,c8bac4c256aa6962488d6ea634e803d9,delivered,2018-04-27 16:30:00,2018-04-27 16:53:18,2018-05-03 16:35:00,2018-05-14 19:28:36,2018-05-29,6997203fd4a74d9a77873d482b8004b6,2018-04-27
6d633f7b64b5aadd2d278944717b8585,ee6c24cb9e80aaba1ff6b0846a1bd914,delivered,2017-06-27 10:55:49,2017-06-27 11:25:44,2017-06-28 11:50:09,2017-07-10 19:16:00,2017-07-19,aec26dc2c2b036799619e965e1b3f8e5,2017-06-27
c5ae2cb51bc67b191845d3b2f0175a52,265486a0a94451b877236b8d77e5135c,delivered,2017-12-06 11:16:53,2017-12-07 03:14:04,2017-12-07 16:57:14,2017-12-19 21:09:51,2018-01-04,94055824d8422f86101162d73d20964a,2017-12-06
97c62fe0812570f61cb83cce52b4884e,607dd59480435054b322d1dfe2728446,delivered,2018-01-23 22:05:33,2018-01-23 22:17:26,2018-01-24 18:09:23,2018-01-30 13:28:03,2018-02-15,b10723950eded5863a72724f1c96bfad,2018-01-23
fd5f4a26279e437735f4d5da152f5295,ceefb0b07a8b7a9f0272d3e2d4861506,delivered,2017-12-13 20:30:12,2017-12-15 10:33:43,2017-12-18 17:59:20,2018-01-03 21:47:24,2018-01-09,f8acee1320f48a4fa1fd409ef84ccbd6,2017-12-13
3a387dc3695f56c6398029754d6d3ce6,b2ead4f767f2b56f696399c48e760df9,delivered,2018-05-07 11:24:18,2018-05-08 11:35:08,2018-05-09 13:22:00,2018-05-14 20:41:15,2018-05-29,e829959413964c8eb62ea8658e0431dc,2018-05-07
4ce830b077b717252c8d9ca0dc8885bf,80f28b0ec74ffaa1da8ac89d35898d0f,delivered,2018-02-07 12:53:10,2018-02-08 07:35:46,2018-02-08 21:06:06,2018-02-20 20:13:20,2018-03-02,b9f13db702f9678ebc2c84c10d4a06b7,2018-02-07
2cbfb1f20f907bcb72718d2aee607df0,5ada8309f16872ff8299682461e7ee57,delivered,2018-07-23 15:34:16,2018-07-24 11:32:05,2018-07-24 13:50:00,2018-08-07 03:09:42,2018-08-17,bc36814f2550075a872ea415c73b8e4a,2018-07-23
11c3a6a4df79c35fcbb2c1ff0dc10e37,201b02837037e61221e9d5af486474f9,delivered,2017-07-31 16:17:40,2017-08-02 08:45:12,2017-08-02 15:51:59,2017-08-07 21:53:53,2017-08-22,d6cf94b70aaa4cb4a72d9301e28f2cc2,2017-07-31
a11f86f65cf0246aa8d08f7a6b60973d,f346dcb9b736098f8d16d6c7b70f921b,delivered,2018-03-13 10:43:31,2018-03-13 11:47:52,2018-03-14 20:10:57,2018-05-03 20:52:32,2018-04-05,2c5dbd28dd423544b1194ed09096cb4d,2018-03-13
ec7c488b7a5f5ddda87415ba0256abbd,e76e56cd7068829d040f83bf2362eebd,delivered,2017-10-29 14:00:53,2017-10-29 14:10:13,2017-10-30 18:58:39,2017-11-01 14:26:53,2017-11-13,588984092dc5db011cbe005e4b136ac9,2017-10-29
1fcbf9da01b8072e053902e28b52ac9f,29d0d05595458932c0188df9b64c02ca,delivered,2017-11-08 13:04:45,2017-11-08 13:30:44,2017-11-10 20:44:59,2017-11-22 21:51:12,2017-11-28,1e0fd284347b0ed8c11f03f342c8460a,2017-11-08
a57f808603e51f06955b782799093b5b,264f0c7b9b379cc7cef751679ba5fc37,delivered,2018-04-18 11:34:03,2018-04-18 14:10:09,2018-04-25 19:05:00,2018-04-26 14:37:49,2018-04-30,8a2f69d7b68cb74190e11e301caecb70,2018-04-18
10f69c462a2c700cf1b141b9874af717,641d5bf17c23bb54add76ce8e47c1bd2,delivered,2018-07-18 16:32:10,2018-07-18 16:42:33,2018-07-20 15:06:00,2018-07-23 19:32:29,2018-07-31,e9a7c645f36f06a855535135f8900fc2,2018-07-18
5457406dbf85b294f6c7ee639c9b0248,67ba65da5a0b42080de0e05b65a30710,delivered,2017-09-30 21:31:19,2017-09-30 21:50:30,2017-10-02 12:18:08,2017-10-10 17:22:34,2017-10-24,b8f1c329bf24677d2bfe4eeadfb858f4,2017-09-30
91415c7eb3a9313812484623efc7ee27,ad7d1dec89146bb2a687f98dd2f9d227,delivered,2017-03-05 15:27:03,2017-03-05 15:35:18,2017-03-06 11:41:54,2017-04-11 14:03:40,2017-03-27,60766ca7cf3e2ac5cc1c481f4f393e06,2017-03-05
bf76016e244b3edad48d42375a25e8e8,4a5e11f8a1c196d34b989b738a70ebaf,delivered,2017-09-22 23:11:52,2017-09-22 23:24:39,2017-09-25 19:03:39,2017-09-26 19:13:35,2017-10-09,cbe9a1e42dea534df8f2ca713bded65f,2017-09-22
e830930ccc3850213c092565ba5b99ff,ac5b39607960365bc17913eb15af207e,delivered,2018-07-02 14:00:47,2018-07-02 14:10:50,2018-07-03 14:56:00,2018-07-04 22:20:47,2018-07-19,556ef155029a0a2acc715e187be1fea9,2018-07-02
6cdb9c6dd8a5888b4dfc2ca57c8fb500,c96136313df64c4c19f3b9cf172f6b88,delivered,2017-09-15 23:02:56,2017-09-19 03:45:14,2017-09-19 17:55:54,2017-09-22 12:58:03,2017-10-03,942d60a6cd4807e14c25c6917c421d37,2017-09-15
205d5db88d0a8b3736d1afa2f6a329c5,397cee5da1a7fdfbbf0c6164d591246c,delivered,2017-05-29 13:57:10,2017-05-30 05:05:12,2017-05-31 13:41:57,2017-06-07 14:15:08,2017-06-21,fb14459f7393f821170896328c3ea8e7,2017-05-29
e5ccd8b1ea09c33c4fc4f38dd671cd15,53853c7961bb58825edcc1c9d3e890b7,delivered,2017-06-15 12:09:58,2017-06-15 12:23:40,2017-06-16 12:11:59,2017-06-23 12:03:54,2017-07-06,2a22b1a4b8c2269edf28440be3513884,2017-06-15
23e7bb857c480aa4791ff2f7f2a5e151,bea5832c9431c2d2088697935c46a9c8,delivered,2017-09-18 20:49:22,2017-09-18 21:04:21,2017-09-20 20:50:00,2017-09-23 13:49:53,2017-10-04,a39d1d1c60d50d29917037ad922ec1aa,2017-09-18
bc3b41b122d09bb7f293e287bb496235,8dca32263f9981caeed36ea29320bbda,delivered,2017-08-18 00:33:44,2017-08-18 00:50:25,2017-08-18 21:44:52,2017-08-21 21:54:44,2017-09-06,dbfd0ee98fac0d9b4f109a2aaed48093,2017-08-18
304979f072f7041aca154907e01172c4,ce0e1633afe65432677c653bac938c20,delivered,2018-04-01 10:04:18,2018-04-02 07:50:10,2018-04-03 03:03:44,2018-04-10 14:03:55,2018-04-18,921304187180808f410aba8fe524f13e,2018-04-01
7534ce179e1751acc26f743ab22ace56,c10365a2d64f63953a17620a113352e9,delivered,2017-06-07 10:04:14,2017-06-08 02:45:27,2017-06-08 13:44:58,2017-06-19 19:37:34,2017-07-06,4c250c90bedbbfa9a85ac59143f09f55,2017-06-07
39cde8f6f6f076f3983c33a3743b8267,f7bdc949cf6af9b52db6480abef6a001,delivered,2018-04-27 19:32:43,2018-04-28 03:33:07,2018-04-30 14:23:00,2018-05-08 16:52:13,2018-05-23,a82f68cdaf7c3fd81b08cd60878d3fef,2018-04-27
4b5e7707371fb7f696930fc47efff1f0,2558577bf1246b4a3cc846fc1fef3bbb,delivered,2017-10-16 22:52:33,2017-10-16 23:14:13,2017-10-17 20:54:48,2017-10-24 19:10:27,2017-11-13,2abd00de249ff6bc8f96811a29210812,2017-10-16
4a2d2e4b9b76f135b1e266f10d8de0ac,3db596facb2a04fe0a166da9b0dd148f,delivered,2018-02-04 22:28:21,2018-02-04 22:49:57,2018-03-05 23:32:29,2018-03-13 20:48:39,2018-03-05,83a660cd68c5879571b819200b90a74a,2018-02-04
26a8b70dd60471873b430431e691d222,9a46b6d481ab33d2f3f90472f526f210,delivered,2017-11-20 19:08:54,2017-11-20 19:28:31,2017-11-21 20:12:10,2017-11-22 20:21:59,2017-12-01,23caccaf9e1b269680d808b1c45c2654,2017-11-20
cafaa2f3a1466caa4be0de187d9a228a,7b04db5fc2871791e746a62523da9dbb,delivered,2018-02-20 10:29:36,2018-02-20 10:47:27,2018-02-21 21:29:02,2018-03-14 20:22:06,2018-03-15,7d27012b117e625faff580bec7cdf2e1,2018-02-20
fb037b16fa0ee4985e3ad5590d817f62,a5b586e0806638420b6429ce3637a212,delivered,2017-10-24 12:24:43,2017-10-25 02:08:31,2017-10-26 12:39:40,2017-10-31 21:31:55,2017-11-17,eaee80ca87b183f22bca9bbfa8ab0928,2017-10-24
6c9b54dfc2bd3e8b9dc0ac5032502cf1,cde19d7bc4cb68d2dd096c813ca524f2,delivered,2018-04-22 15:09:28,2018-04-24 18:14:36,2018-04-24 21:49:47,2018-05-02 15:12:30,2018-05-17,a6a3a82d6240ae56dbc4cb1a2eec8661,2018-04-22
340faabdffbbb1609243e82b523fd315,d8bdc2a6c71dbe6ceb8ed6715b82f0f6,delivered,2017-12-20 08:08:38,2017-12-22 02:50:51,2017-12-27 19:22:59,2018-01-04 20:28:48,2018-01-16,f7fc5d5e3debaf37ec4d5a5baf360cda,2017-12-20
55b8090225e782a06895d20d302d5630,223811124c361fc5d4ace04e579229c8,delivered,2018-05-23 08:22:02,2018-05-23 09:36:37,2018-05-25 13:23:00,2018-05-28 21:17:36,2018-06-01,905b36c57906227b872b352c1d6eafb6,2018-05-23
611dbbe94f5a41ae2520035297b02b3a,ae8c522659d1a11ca866cf201172abcb,delivered,2018-06-24 18:01:51,2018-06-25 15:18:56,2018-06-26 15:10:00,2018-06-28 16:32:42,2018-07-05,cfb625ebdd50ea49e77855bee4108a5d,2018-06-24
71d01b8be202039f218a6f2eb61e16ee,d73af0494d5b899002c1c39c750a6bf3,delivered,2017-08-27 18:35:06,2017-08-28 18:45:15,2017-08-29 14:28:03,2017-09-06 19:29:46,2017-09-15,d0b906a7e061dd6ee62756baf02eac17,2017-08-27
f826855672324b0ba0f50c0d67d00ac6,4d3e17b60933d39260acc684f049f3db,delivered,2018-01-04 18:10:14,2018-01-04 18:28:01,2018-01-08 21:00:53,2018-01-09 22:44:48,2018-01-22,c093c5c89fdddffdabe51fd028e9f785,2018-01-04
2345b8390d7bd4e3dd2bdd0dd7ab89cb,f5ad57eee2447ed6501b391610f7bd9d,delivered,2018-05-11 14:18:17,2018-05-11 14:30:56,2018-05-29 15:26:00,2018-06-07 13:18:33,2018-06-08,3ff2cd81fc957790d81d52be091615c3,2018-05-11
88d55d6258872b31bf45ce51a6675c2b,37deb7c0c365cbec914968988aad92f6,delivered,2018-07-03 14:56:16,2018-07-05 16:21:00,2018-07-04 14:24:00,2018-07-09 19:24:47,2018-07-25,080acede34dc0ae044967011924a273a,2018-07-03
f254096e9b44caa1eeb5852c743cbcdc,126d965f905af0ac785cb558e7761687,delivered,2018-06-26 16:00:19,2018-06-26 16:16:41,2018-07-03 07:12:00,2018-07-09 17:52:32,2018-07-26,71c01cf9bd1ccff14bc8bb79ea9ff4cb,2018-06-26
e3b590488d25f7c5f71f63d2bfea59c6,46a03952cfd0f2d4f7c9bdaf6921d7fd,delivered,2017-06-12 22:09:27,2017-06-12 22:23:17,2017-06-16 11:55:25,2017-06-19 18:48:45,2017-07-17,8aaeb37b18c0363bb3e3011ce914b2b4,2017-06-12
19c0c76962278b152cc44fc63ffd5e48,2d5831cb2dff7cdefba62e950ae3dc7b,delivered,2018-04-18 09:42:53,2018-04-18 09:55:17,2018-04-20 18:52:39,2018-05-17 20:19:49,2018-05-18,e9dd12dca17352644a959d9dea133935,2018-04-18
ab9dddcfaf2bfc259fdeb299d2ed6d7a,1f9c514e935c014542b018d90b237a4f,delivered,2018-05-22 14:37:19,2018-05-23 15:35:21,2018-05-25 13:06:00,2018-06-01 19:42:31,2018-06-04,9cfb17d6b8d7e7b02a2104a4d98e1cff,2018-05-22
7fa9efca67559f2f13c0656e55967397,420b67c85ceff09ec8d61df18ee62125,delivered,2018-01-31 22:18:04,2018-01-31 22:30:41,2018-02-06 17:15:06,2018-02-07 15:09:34,2018-02-16,cfd5991794be70bfe20caac85a587424,2018-01-31
302ba220a9388d22b3f036a1b9919b3f,1bb24fe0dc7571ac3c3846460c93edff,delivered,2017-12-04 19:12:17,2017-12-06 12:30:43,2017-12-05 23:47:32,2018-01-23 00:52:54,2018-01-02,4ed6f838ded54fddab3d9d614a0c7b0d,2017-12-04
36fab5ed597c9dca017dfa0711e84687,18bf97f433229e973e41658016d9459b,delivered,2018-06-12 21:44:42,2018-06-12 22:21:38,2018-06-14 15:07:00,2018-06-26 21:34:32,2018-07-18,465a9b4c36bd07c2da0573a81ab61ad1,2018-06-12
c8a943770fb49db56e8f9621794fcf23,174bebd111b0736cfd4b53e1060b5388,delivered,2018-02-18 20:19:45,2018-02-18 21:26:49,2018-02-27 02:40:01,2018-03-09 19:54:42,2018-03-16,de931b7dca1d1666bbd1e94a19123e4a,2018-02-18
2b0a7970a6bf2282bd4f9af0e2bf073e,8aca94ea09a67c091d51e4433f7d89ba,delivered,2017-07-14 12:52:26,2017-07-14 13:05:21,2017-07-17 21:46:47,2017-07-20 19:29:54,2017-08-03,37141534991824398a1d15117085ae8d,2017-07-14
dd31111df3c5c93d9be367bb8de6d3ed,80262844f63a61c4641efa98338fe8a4,delivered,2018-06-18 17:45:18,2018-06-19 03:36:34,2018-06-19 14:15:00,2018-06-22 17:41:47,2018-07-12,66ec6064474809fb4a00623afd86bacd,2018-06-18
e9fa39cdd3ac7f2e20e908d54ad932c6,a8d4d1b130e1ea35c634a6cd16d52cc8,delivered,2017-06-04 10:12:15,2017-06-04 10:25:11,2017-06-06 11:00:28,2017-06-07 08:37:39,2017-06-19,36331bf040935e4e3bdbbd7a4cdd7c05,2017-06-04
b741ced31205b787eebdd0cc7f220b0a,84bbde28c3ea5a89111357183bd40edc,processing,2017-02-20 19:58:47,2017-02-20 21:25:20,,,2017-04-17,30b782a79466007756f170cb5bd6bbd8,2017-02-20
2e87cd077eb729dac6f6035112105f51,2ab287664f47af4b8998ec02158469be,delivered,2017-07-22 17:55:15,2017-07-22 18:10:11,2017-07-24 22:34:03,2017-08-01 20:37:05,2017-08-16,578035514ad8238fa724f24b4aabc1df,2017-07-22
80b5b891e5c825112137c3ee080e5db6,82a781c07728515614b37ed49101b063,delivered,2018-07-25 10:50:41,2018-07-25 11:04:59,2018-07-26 12:41:00,2018-08-04 18:57:39,2018-08-07,2968cb453924e6c2381a1f4320c50e94,2018-07-25
6d37c6659de0183777f4035151bd508a,73910c380c76a4dca24e4e6bfdad16e2,shipped,2018-03-15 20:43:34,2018-03-15 20:56:01,2018-03-16 20:37:48,,2018-04-17,119cb28909c55bbc281118dd8a086906,2018-03-15
7133406d1bd96132730da545d3bec6f9,3d69958f34ccb5531b6ad0d8db7636e9,delivered,2017-06-15 15:00:43,2017-06-17 03:47:08,2017-06-21 18:19:35,2017-06-28 14:41:25,2017-07-10,791ba15cc2553a0c27edba3b32ef9da5,2017-06-15
0b8dbb26699a171be239666299d2174f,c5761e080ba22e9bb19972bd1d3901a3,delivered,2017-03-09 20:48:23,2017-03-09 20:48:23,2017-03-13 14:16:18,2017-03-28 14:20:11,2017-04-07,d5fb0f227f7202204c85fef4ade73a62,2017-03-09
1c4f77cb28067456e266e0660dd20bdb,60840dcf2701955cedc2aff564f80c3e,delivered,2018-06-30 10:19:31,2018-06-30 10:30:18,2018-07-04 13:07:00,2018-07-10 16:31:49,2018-07-25,2fa7baae55a43edd912fa394f60ba7c6,2018-06-30
a1abeb653a4d4cd1e142ccb8c82cd069,5f50465da00b7fed5dd1239f4ecf6e2c,delivered,2017-07-20 11:20:52,2017-07-21 06:43:14,2017-07-28 16:57:58,2017-07-25 19:32:56,2017-08-14,016c60628fc64e15fa5990e58a0b57c1,2017-07-20
818cf91c7ef144fce0787e97d81199ad,8ada7c18012c71ed6bcca881c7d5852c,delivered,2018-02-25 00:36:59,2018-02-25 00:50:26,2018-02-28 23:04:31,2018-03-21 20:58:47,2018-03-22,1cded6ca89369116445beb717d8f7552,2018-02-25
61a029ab4f9a513d4ed1c5b3a5d4f125,dfcac2db95fccbb746eb05650547ed2b,delivered,2017-03-15 14:36:25,2017-03-15 14:36:25,2017-03-16 11:43:10,2017-03-27 15:18:21,2017-04-18,79835898766e90076f8b8d49f9b725b3,2017-03-15
031f32fc546699a954d6d89cfe9ca029,ac718fb7c27a55fdf5d8b0070a9ca602,delivered,2018-05-07 16:05:05,2018-05-07 17:30:34,2018-05-09 15:14:00,2018-05-10 19:42:09,2018-05-17,30be913d7ef1f8e51182191d3b9615fa,2018-05-07
22014e568766c4f4d4faf4f8ee12c606,6a32c358e5138b23bed44fe9d409c496,delivered,2018-07-04 17:37:50,2018-07-06 03:11:21,2018-07-09 13:16:00,2018-07-14 01:40:49,2018-07-31,db9d380b9c0f33e52ed7e05439128d23,2018-07-04
c36fb6428310de9e2e53d78caee5baf1,386422af32d8e4d7a812f33933603e50,delivered,2018-08-15 15:51:11,2018-08-15 16:05:19,2018-08-16 15:41:00,2018-08-21 18:44:48,2018-08-28,41d015d8f575b00c1b26805133997ad3,2018-08-15
bae1791d3987fa528b382adcc1de4db1,c82db19ec1f02359a3ba17d5dca4290a,delivered,2017-09-17 12:50:31,2017-09-19 03:38:09,2017-09-20 17:55:23,2017-09-22 16:38:43,2017-10-04,8373cc590948654ebaca5318074397ba,2017-09-17
976dcbc03eb11fbed9a4a2fd6d2bdb22,00d7e038b53f4b3ed3036d2d016e51c4,delivered,2018-03-31 12:33:27,2018-04-03 05:30:35,2018-04-04 08:19:19,2018-04-10 01:07:50,2018-04-23,61c5df1c0ba751e67109d3a9448ba372,2018-03-31
48aa8c19814f76592f8bd0e7b8f604c8,e12a0ae4edb2165eaa6f32b8b3b863d2,shipped,2017-08-24 15:42:04,2017-08-25 02:56:09,2017-08-28 19:17:30,,2017-09-18,864f6f21401e4cf51ae232498bdf15bb,2017-08-24
8134e15d81f56adef78090ac6a366f2c,67fe05c7d790985c34d16dd76d2a60f5,delivered,2017-05-23 13:54:36,2017-05-23 14:03:20,2017-05-26 09:50:01,2017-05-29 13:22:56,2017-06-08,db7edcf38f0103c22a7231d6b9ce61c9,2017-05-23
405b7a0bffb459dbc7646665024a2665,719f9d5899f3d358cb2c624ca2bb18e8,delivered,2018-08-03 21:42:33,2018-08-03 21:55:21,2018-08-06 11:55:00,2018-08-16 20:29:33,2018-09-06,245c870b2ffc61c7cbf173b9b1667dcd,2018-08-03
56030114e560e8093abc06e38626e871,37ba17a9768cccc0eefcb06a5319755b,delivered,2017-10-17 20:46:55,2017-10-17 20:56:36,2017-11-21 21:11:51,2017-11-30 21:04:02,2017-11-23,73284f7b95c0c04e2a716361b08858b0,2017-10-17
382a2285603c57524f1b44601ade85c3,1d44df4d54c74b1b8944e7c8816c1ec5,delivered,2017-09-09 09:08:15,2017-09-09 09:23:52,2017-09-12 16:43:51,2017-09-18 20:36:20,2017-09-28,607bf4f7777e71000af8f7f5e8af7e15,2017-09-09
c1744d99c590086c1965ea4e382e850f,0a3b87d87696c62cbe1d03d58d2021d3,delivered,2018-08-11 13:09:33,2018-08-14 04:25:07,2018-08-14 18:12:00,2018-08-22 00:03:01,2018-08-24,183b3b30ae54f3d2aa95dffbafe03a51,2018-08-11
6f91e4738284a9312089fd89f0d61648,506ad507afe195802c80197c61b37ebe,processing,2017-12-26 14:03:42,2017-12-27 04:12:34,,,2018-01-19,a6287dcde3fcf9870d4254398a407d27,2017-12-26
5adb5eb1fe82008e15f6eca420111c7b,b459eb1f407840a2a6538926d141687c,delivered,2018-03-31 20:20:07,2018-03-31 20:35:10,2018-04-03 00:51:51,2018-04-24 21:04:09,2018-04-18,35b232d8a3c40f27db7019d55ea2d1ec,2018-03-31
08d8f90d77d9280c2e00ee3d749c22ae,1e61e36af8fe328f476f84c356416d74,delivered,2018-04-27 07:43:53,2018-04-27 08:12:19,2018-04-30 07:35:00,2018-05-08 01:42:43,2018-05-21,96d3ea0bcd5244480b7ff75e849274ac,2018-04-27
01e9b3d727e46edf036b0bd549c38bb4,14615837f83937b2dea94361cfb6770d,delivered,2018-01-20 21:14:48,2018-01-20 21:41:15,2018-01-22 18:09:22,2018-02-05 21:37:03,2018-02-19,a8d771b4e13abd8d9df3b4f6c0a38091,2018-01-20
f907037403c50e681d45e8e55ba27420,7584654111d3b877adfda731735f602a,delivered,2017-12-01 17:57:21,2017-12-01 18:10:12,2017-12-06 03:43:03,2017-12-21 20:56:53,2017-12-28,4f82e1e076d9e0a077dd3d62da608744,2017-12-01
540c5ef7f6c23f2547a73029172643da,9da0a4eaab687888548003b3c4e35830,delivered,2018-01-24 17:31:53,2018-01-24 17:59:10,2018-01-26 16:52:27,2018-02-14 17:22:52,2018-02-26,d2fd01ccf79a472224ca397cae3dea23,2018-01-24
b54fa43051fefab27d1f06b71938062c,26d83ef24dcb5f6327739302b80139ee,delivered,2018-06-06 12:33:03,2018-06-06 12:53:16,2018-06-06 14:04:00,2018-06-12 14:42:29,2018-07-12,693e69e38b0f16016c415e85ae4565ee,2018-06-06
b5fee65bd894e490f09a8b389cce552e,5bed8bf593c7bb615573667c79311ca3,delivered,2017-10-18 00:04:13,2017-10-18 00:14:27,2017-10-20 18:59:57,2017-11-03 21:27:38,2017-11-10,fd3ac06f9bdc8860748cd9593e2d9788,2017-10-18
24299ef78eb1c1ba5e7288e3b1a90c85,6cc63a4574fb5c9d1eb42ad05cb18244,delivered,2018-08-11 07:42:15,2018-08-11 07:55:08,2018-08-13 15:03:00,2018-08-17 20:16:38,2018-08-24,95258696e00ac71640c49bf140e86620,2018-08-11
fcfafe875071744d2798813304dd6076,8f5ead3c699b48e6e15fbc1c6a630e5a,delivered,2017-05-15 10:17:58,2017-05-16 03:15:18,2017-05-16 10:50:22,2017-05-22 10:22:41,2017-06-02,b9c3dc12001699a88211928c941c0af6,2017-05-15
656a18a8006d264fcc120edf67a4e98c,d44a9172caee8869d7a292346bd11070,delivered,2018-08-22 09:16:14,2018-08-23 03:04:33,2018-08-23 13:13:00,2018-08-27 20:51:48,2018-09-05,b687d81839105552ea710f08e0c5db8e,2018-08-22
a7b6b0d33a2814dff897167e737b22c8,288456cc4ddbce6d17383ab66199b78a,delivered,2017-02-10 11:48:43,2017-02-10 12:31:55,2017-02-13 08:58:37,2017-02-20 09:33:04,2017-03-16,20dfefdb2b3f011e0fddfbdd546680a5,2017-02-10
d9aefa5d4ccd369c783f5121e069a470,1d4cdfbfb460efee13d334b446b54bdd,delivered,2018-04-24 22:42:01,2018-04-24 22:55:19,2018-04-26 08:45:00,2018-05-10 18:19:33,2018-05-18,325655f3c2eeea7fb5537de89dffd0f3,2018-04-24
50c148a26a1b15414632c64a2942374a,8dd004e002cffd59133bc9db7f3a9b1a,delivered,2018-03-11 12:25:17,2018-03-11 12:35:53,2018-03-12 18:26:25,2018-03-15 21:27:23,2018-03-22,7baaee8aafd5bba3b6263829676af496,2018-03-11
58b67f446540a1c1819147153c99297c,4b275d19c7abd9fc3d9904b0607d169a,delivered,2018-02-11 13:41:56,2018-02-11 13:55:20,2018-02-16 19:57:06,2018-03-04 18:36:26,2018-03-06,bcfd923b7801435849731bd1c60509a6,2018-02-11
465bf2bd806ec5b47ff89a62e4c44071,55bc795c4aa5be0c07116dcadad77766,delivered,2017-11-05 11:05:06,2017-11-07 07:30:50,2017-11-08 19:04:00,2017-11-14 18:16:08,2017-11-30,e20081fc203c5b78fad87517631f5e99,2017-11-05
2f294840fea106bd571d9753ef8decb0,dbf9221b8ed4b2042260f464822823bf,delivered,2018-01-17 17:57:05,2018-01-17 18:11:16,2018-01-19 21:52:13,2018-01-31 22:58:55,2018-02-20,2b8f30046f8da2c3e6e3abefdd0527a3,2018-01-17
d41e97a225fbac25a0a54dda976cd7b7,03b5e9c6d19a9bcc8015ec2660ae1936,delivered,2018-06-25 16:39:59,2018-06-25 16:55:28,2018-06-26 14:44:00,2018-06-29 19:02:52,2018-07-23,22483fe27670232168eebb24cdbd3c20,2018-06-25
8ff20d37027a8cfec2d000bef37ec50e,460dcc55d5e844747e459af4e09d747a,delivered,2017-11-26 17:37:18,2017-11-28 17:36:34,2017-11-30 21:16:00,2017-12-29 13:17:06,2017-12-19,c0244b6564d55e0236726c13a0bc8282,2017-11-26
75cbdf50ad99f2f1770fca4ef27142fe,29e8d9d0bc3e0cee2bc77305cc2cb94e,delivered,2017-11-24 08:43:41,2017-11-25 04:30:39,2017-11-27 11:38:23,2017-12-19 18:11:42,2017-12-22,180c9464bbe9841ab88034fa824de53b,2017-11-24
6d7bfd3551f91299c7e4b7f0922e9e75,cf82926706d6fb674a9ec6b60677b2f6,delivered,2017-09-02 11:02:38,2017-09-04 12:24:03,2017-09-04 20:37:59,2017-09-08 15:36:41,2017-09-21,94e27bbbd8a0433df936d73d43600471,2017-09-02
dc46190997992f32077f47f637ea4878,69dd22c7b556c8d08883f66a918f63e9,delivered,2017-05-04 19:13:41,2017-05-04 19:25:14,2017-05-05 14:22:10,2017-05-29 09:58:04,2017-06-20,482378d0e6b86b5f28005f6a03235599,2017-05-04
e72da0a92e7a0a236b5a2e8fabf5ceba,43c4a08eb84b6bed526e4caab06ce546,delivered,2017-05-07 22:51:39,2017-05-07 23:05:16,2017-05-09 07:34:33,2017-05-12 18:39:53,2017-05-26,163e0b7002565ee6de0ee531c1b491d1,2017-05-07
3cabe471faa982a15a1e8a9e4b71559e,57af4c2463496f3aeb26502d9532c4e1,delivered,2017-11-24 04:09:33,2017-11-24 04:28:29,2017-12-04 22:06:53,2017-12-15 21:46:32,2017-12-15,0968abdc1c0e00d5d8ef0c6c8b9fe054,2017-11-24
9175e3d0958ce6f5f907c1c9a723e0a5,e42c98dea7e9fb9aa5bf66882fb2722a,delivered,2018-02-15 09:19:26,2018-02-16 09:35:27,2018-02-20 19:38:45,2018-03-12 17:19:32,2018-03-12,a84f8e826c1606c12902c68033939f2a,2018-02-15
303ee5296914e7240620a31df874be35,c9118083d11b71877d8d42aa421ab73e,delivered,2018-05-25 22:04:28,2018-05-25 22:17:36,2018-05-28 12:27:00,2018-06-08 15:42:03,2018-07-04,e48dd47690c9c58d5b4bcca375755b37,2018-05-25
fd489f6002a8893e03f9b3994f341148,47525985b7fa15cc541c509e04fd10b5,delivered,2018-06-11 13:44:18,2018-06-11 16:31:45,2018-06-13 03:33:00,2018-06-25 16:50:55,2018-07-03,de71be5d64c229d4b2963316485b3f49,2018-06-11
b1791785e507945110408ae91ef3fa18,178049c612998e8e479d038c4cc6424b,delivered,2017-11-24 13:37:18,2017-11-24 16:14:45,2017-11-28 19:13:24,2018-01-04 21:53:14,2017-12-18,45fb317de39db77813c19dfe0895e8df,2017-11-24
f4d52c8679d7de408090a7c7ec487cf3,69f17a4b73fc71cfe47dca090919130f,delivered,2017-09-12 12:09:27,2017-09-13 03:26:15,2017-09-13 19:15:44,2017-09-14 16:33:09,2017-09-22,710f38025cf5de52702ee2e4da7a71a7,2017-09-12
5ab34a3449b54e0fff6d7ba20781a655,59545351b3f53fd18987ed9bc7a8d2bf,delivered,2018-08-03 14:48:36,2018-08-03 15:04:09,2018-08-06 12:39:00,2018-08-13 17:40:37,2018-08-14,0a4c57438bd5b91dc9e09ac988493a9e,2018-08-03
e08878ad70acad81d0e90f59e56ce9a6,a42c2f542fb5838777737cc684c5b4d4,delivered,2017-12-04 01:17:51,2017-12-04 01:30:27,2017-12-11 16:09:24,2017-12-12 21:06:10,2017-12-20,7e7ef2098031a8f5a9b364db74672aa1,2017-12-04
56474ed1d027aa1916357d337c62ec41,ecbf9f24157e7fe4361b3782010b78ac,delivered,2018-07-26 16:13:09,2018-07-26 16:30:10,2018-07-27 15:16:00,2018-08-02 20:05:38,2018-08-20,15118cf840653847844c94b586de0c56,2018-07-26
5adb95fe0aa8a0d29d029194724df6b7,189a9545272771a0c7b0d302f8361b3f,delivered,2017-09-10 19:08:15,2017-09-10 19:23:30,2017-09-12 19:56:33,2017-10-17 22:23:20,2017-10-16,a26863f4bec97ff62ddacb4986543e03,2017-09-10
26d7357adcc99525a7f5133dd2b459ad,bf118bd2d59773d6eecacafa07c25f86,delivered,2017-11-30 16:16:20,2017-11-30 16:40:03,2017-12-11 14:19:07,2017-12-15 13:52:37,2017-12-27,050f82d832f1d20ec2d3c4e0bf13996c,2017-11-30
a7f4bdd6d19c92879d484c48ada14fa9,4d3d0cd7d346e05a0173d4e6fa0df254,delivered,2018-05-09 21:54:45,2018-05-09 22:14:38,2018-05-10 11:24:00,2018-05-14 18:53:24,2018-06-01,1ce670f2342ab0961580191511d642d4,2018-05-09
647b9b6ca86146f9f4c6cc9cc9778bfe,ef79151153598571dff6765453790512,delivered,2017-07-27 23:20:35,2017-07-29 02:23:33,2017-07-31 18:09:46,2017-08-15 19:29:56,2017-09-01,624923d10b950e6ba1e98731d5d157c3,2017-07-27
e38aa5befb2c16e6a029d9935d82cf89,90daa300b7b5d19096191c22d3d2f024,delivered,2018-01-09 09:19:46,2018-01-09 09:29:59,2018-01-11 20:56:03,2018-01-24 18:06:43,2018-02-06,98e7f8ccc8bdeee890c834e5bb7285f5,2018-01-09
71617b4d63e4b160210fb3461bff7591,fdcca2167b501b67547f21062a009568,delivered,2017-11-10 20:14:16,2017-11-10 20:30:49,2017-11-14 11:07:55,2017-11-21 19:38:50,2017-11-30,ad684122327b1b40f726af40a8b74faf,2017-11-10
61527d1d8e32b98b5c185fd4f23a7876,9ac3db974bf3b1f393ad46eb82c1adfb,delivered,2018-07-03 09:06:08,2018-07-05 16:32:38,2018-07-03 12:51:00,2018-07-05 20:56:32,2018-07-25,61fa90fbaf8ae2ef37080c2f8acbd0f0,2018-07-03
d1145062aaf9a31027f9fdd20e8bf0c9,837bffa34c99bc9aed29abf1b5bdd886,delivered,2017-12-07 17:49:20,2017-12-07 18:20:32,2017-12-09 15:22:42,2017-12-13 21:48:44,2017-12-26,8505734f21396405b5477c75a45734fe,2017-12-07
1fb42df5f777c1b9bf5790d888e15075,a7c23222a85de41cffd488ed80857a19,delivered,2018-06-21 12:26:37,2018-06-21 14:00:26,2018-06-21 13:09:00,2018-07-02 19:07:45,2018-07-20,7822407d4ff4275ce4e812b092cc1576,2018-06-21
432c5d90dae98b9496ac75c5108c530a,13d1ebce1606cc152181e65978d1e7f5,delivered,2018-02-10 22:17:58,2018-02-10 23:29:40,2018-02-14 20:45:14,2018-02-25 10:48:59,2018-03-08,f78a3ca3b592aed753aa6e98ca754552,2018-02-10
6f791d3c2f75ec3ec0e97decd281b0f3,ae1dc7e4bcf38cb45707bbb5d7e17242,delivered,2018-07-21 11:54:16,2018-07-21 12:05:09,2018-07-25 14:19:00,2018-07-28 17:54:39,2018-08-08,95b91c055d768572e82f253201adf513,2018-07-21
57cf4d744c7a883ddf948f733a52da42,7be17616cf223e232e7737f79b6c46b3,delivered,2017-04-29 15:34:34,2017-04-29 15:45:20,2017-05-02 09:34:37,2017-05-07 11:24:52,2017-06-06,7cd0a8587d428fea43cd6a0bdb64f676,2017-04-29
39025116fcaa7e80f47dfc0cd2bb4207,8fe59b3b2e5dead9e2d37708a0ee20c9,delivered,2018-04-18 06:38:16,2018-04-18 08:36:04,2018-04-19 21:26:15,2018-05-04 19:42:17,2018-05-18,a9db167d8824c6068bf31c6858dc2a11,2018-04-18
9021fdebb45ac827a6033d6969d5c2e3,7fdeb74955a334e7a83f3bb365c07727,delivered,2017-01-05 19:52:28,2017-01-07 03:35:30,2017-01-09 16:55:33,2017-01-13 12:27:45,2017-02-07,80846d571262926feb13147a5965a9ba,2017-01-05
b0583ba2feafe957830cec120a4dbfd4,082ad395df0ed72a64f71b70fffafd5b,delivered,2018-06-15 13:45:49,2018-06-15 14:04:40,2018-06-15 15:03:00,2018-06-26 01:18:25,2018-07-16,b24963591a8266ce60e5c2da00b3ae99,2018-06-15
4c1cb5347e5cb2d9787834ae859c60b6,daf9d3ac77b9b0540ad7bf5825a39c1b,delivered,2017-02-16 02:03:30,2017-02-17 02:23:31,2017-02-21 13:47:14,2017-03-17 05:38:53,2017-03-29,b57308b5ffef78ead8fa2588aeebc2f3,2017-02-16
ace8653b9b01a6d0347aa993f8e9b0a5,e479ecf0b485cfa096b3a7f1bb4cd99d,delivered,2017-03-28 11:33:47,2017-03-28 11:42:59,2017-04-07 12:43:23,2017-04-13 15:34:25,2017-04-27,d43e65a5517eba2373cb75a76b151796,2017-03-28
e389f1491d9b728672f73f3d7be14533,6e4f0d7296e92b7fc6a639314de3badf,delivered,2017-12-27 13:16:37,2017-12-27 13:28:23,2017-12-28 18:09:11,2018-01-08 22:20:36,2018-01-22,6a608f2b5119ac000c62151f1357ee9f,2017-12-27
3762c0ef92b5bc397671e6d7e6d5672f,39bb2424304a318278cf4516500c657c,delivered,2017-08-15 21:32:14,2017-08-15 23:30:19,2017-08-17 18:47:31,2017-08-22 22:42:13,2017-09-12,cdc6cd6f0a8b8f844db9a61e779055b3,2017-08-15
0eb7be028002e3ece83dc67396d6568b,093cca7e01540e70298ae25557502932,delivered,2017-07-13 18:56:38,2017-07-15 03:35:52,2017-07-18 12:34:04,2017-07-21 20:17:48,2017-08-04,2765fbda0b30ef243492b1a5ce13dca5,2017-07-13
07ae1be141672315e599bc7ebf23c5f5,937d932e4f3d619420748f0f4a86a74e,delivered,2017-10-05 01:47:35,2017-10-05 02:03:16,2017-10-05 19:05:01,2017-10-07 00:16:52,2017-10-24,e6f6acc2074b58f269526302f3926428,2017-10-05
23012529620559c40578e18d7746f3ff,6beb76e88e25d922fa3724dc7af3a92c,delivered,2018-05-01 16:18:19,2018-05-03 09:55:21,2018-05-04 13:25:00,2018-05-11 19:56:49,2018-05-23,fb0923439758ddf4da7a53713359e80d,2018-05-01
4ab19a6809950d1e5cd7ad49ce3c47f6,3eba378718d805d744a2f507aa9dd2e2,delivered,2018-05-13 12:14:06,2018-05-15 03:35:15,2018-05-15 15:03:00,2018-05-18 18:05:07,2018-06-01,485daa5f13cbbbfad2d4c0b1bff1e48c,2018-05-13
3d570969ca912ed5d24b3d9fee30b739,4f24e59afa7758f83c982b1186a14ccc,delivered,2018-03-19 14:01:34,2018-03-21 13:28:00,2018-03-23 20:26:55,2018-03-26 21:23:42,2018-03-29,28e7419981c810e071e0f6b061129fbc,2018-03-19
78a921fe4bd6b5ca34e29ea5749bce4f,45569f4a317a065a12c2b2cea83cf75e,delivered,2018-05-04 11:52:31,2018-05-04 12:12:00,2018-05-09 13:42:00,2018-05-25 12:14:41,2018-06-11,d42211b0765493a2744fc737ff328a8e,2018-05-04
614ac345b8ae4fb04e145cb26a089760,28e804a0bb410951414f16c56d93d80e,delivered,2018-03-15 14:01:17,2018-03-15 14:15:52,2018-03-16 22:42:02,2018-04-05 13:05:30,2018-04-06,6718f697c176b0151a1fce3d0ba419b6,2018-03-15
87ec13ef07cdf6f1e35508ad1057947e,4c8a94c60cf3e590dd5123e0aa95f5c1,delivered,2018-03-01 22:34:02,2018-03-02 17:35:41,2018-03-07 15:37:53,2018-04-04 15:26:49,2018-03-26,af99d660de8f775bfb5aa3775adbc364,2018-03-01
b0e27a07c49f580ee1a2c6418cd7a5cf,30e340f9b4d036a1cd6b39ae26aa301e,delivered,2018-07-01 18:16:52,2018-07-01 18:30:23,2018-07-10 08:26:00,2018-07-13 19:23:54,2018-07-26,a90aedeae01a8fbcec34916969ab9c62,2018-07-01
c07ddbce3f94a335544e744012c52f0f,ea2ecf4a8368958eee851ed4f09dfcc1,delivered,2018-06-16 11:21:25,2018-06-16 11:37:54,2018-06-19 14:14:00,2018-06-20 21:04:42,2018-06-28,baafa8da2de0fd753a885a5c15b11427,2018-06-16
1642e31bb76f2a24c290180af7199534,16af046c6e12d45c217d2b4640a8059b,delivered,2017-06-07 17:22:21,2017-06-09 02:15:18,2017-06-09 16:13:21,2017-06-22 15:56:50,2017-07-04,5dc488f00696a2fdabced8f20be5b8a7,2017-06-07
9d71dfb3ebb4e219c2d5b658c31cc476,530a7c06fbc78da973f9244e585c5997,delivered,2017-07-10 11:15:04,2017-07-10 11:25:24,2017-07-14 16:04:46,2017-07-27 17:37:38,2017-08-01,38e74ef4e3bcf3019fd22b84649bf90d,2017-07-10
df3094913bc127b3b866783f3a915565,b9faa890d41931860c709ddbb9a2ebc8,delivered,2018-01-22 19:11:45,2018-01-22 19:19:31,2018-01-23 22:48:04,2018-01-26 21:59:02,2018-02-14,f35222abe97dc148f5dac20c4e770aa1,2018-01-22
7dfdd7eb79e2cc6f2fd2e5c400050a84,30119e3989513937a4c0e9e2a92f8767,delivered,2017-09-07 17:57:13,2017-09-07 18:05:48,2017-09-08 17:10:14,2017-09-11 20:13:37,2017-09-20,9c393fe938ba64832b626e908d5c98f6,2017-09-07
ecd8062fbfcffa53761ca8b8a5f9b01d,ceb884f66ec83a3d90578d492c89a137,delivered,2017-11-11 20:39:43,2017-11-11 20:50:31,2017-11-17 20:58:21,2017-11-24 17:24:43,2017-12-11,042d75d0b730ce22c08efe5ba71b1664,2017-11-11
7884a405695cfa1ef341433ff3bed5e8,d5e903e57b44bacc475bf7f008fa2f1b,delivered,2018-03-26 14:19:32,2018-03-27 03:51:17,2018-03-27 19:18:44,2018-03-29 22:13:05,2018-04-13,5136d09d75000986bac52a8f5583f355,2018-03-26
d474ba46ee8562bcbefd8076c3e0a6bc,2bea8d10a33e90cfa74d5ad0bc41c28c,delivered,2017-12-19 16:59:37,2017-12-19 17:30:26,2017-12-20 17:23:21,2018-01-02 10:10:35,2018-01-18,e12b2766d51e1846d88013445bef907f,2017-12-19
85c6b7c4a9bd682b29898b2ebbcf2e4d,572c8a1823ba227d8ffd3be6a6711a86,delivered,2018-07-16 22:56:49,2018-07-16 23:10:13,2018-07-19 13:35:00,2018-08-01 00:03:33,2018-08-07,bac8ad67f5927942747ccc01748927ac,2018-07-16
2d7fab68acf33daf2ba5fc66a9435377,8e5d0adde31e653546790a303a88efbd,delivered,2018-08-10 00:39:14,2018-08-14 04:10:21,2018-08-15 11:53:00,2018-08-28 13:47:30,2018-08-31,b9ee98eca43a42742a634f6bb82f10cb,2018-08-10
88b3b4d2f2d10a6dafd468832fc6962f,07fdeb5b5682468f0f01328957c62ade,delivered,2017-03-09 11:43:07,2017-03-09 11:43:07,2017-03-16 10:14:39,2017-03-22 12:48:30,2017-03-30,21d5a2d233a48109aa6fcb821066ba84,2017-03-09
f4038334bfbc2eaa6d1f3bfece21aa4b,28d96ae4cad002111e2ff13d60458c86,delivered,2017-05-12 21:31:59,2017-05-12 23:02:34,2017-05-17 17:17:54,2017-05-23 11:57:42,2017-06-01,25ec47585ccea752254b5a57a0cf41d6,2017-05-12
88ed80694131b1822708424297e13908,e8e4bcc30c03e247b55776f9cbe69b2d,delivered,2018-01-18 22:48:53,2018-01-19 22:55:57,2018-01-22 23:18:43,2018-02-06 18:52:40,2018-02-20,285ac32a83fba63840f4c5157cd64c40,2018-01-18
1e0f40bbfe787796d0c56e3795dc94d8,df1e522fe10d104e337d07d3ba3ff108,invoiced,2018-08-06 20:17:25,2018-08-06 20:30:10,,,2018-08-09,44cf660de0c0d10e0e3040510791594d,2018-08-06
6552ae78f1de31bcde1fc2cfcab0d25d,ccb212cf6faf1356d9b5509259de0940,delivered,2018-05-17 14:05:28,2018-05-18 02:14:44,2018-05-23 12:44:00,2018-06-18 20:34:58,2018-06-07,6a34ee4ea650624a9754fbdc99fdd356,2018-05-17
016a938f2b34aa5ef05027fc83f5b81b,ba7cb70dd18aadd6f7f72c60d08df953,delivered,2018-01-23 21:47:21,2018-01-23 21:59:51,2018-01-24 18:09:25,2018-01-30 14:28:48,2018-02-16,5ffc432db902fa134ebdb7ddebf29613,2018-01-23
1d855e8c92028241ca7037420e529185,6534e598b0d2df4ae408c8b114b97618,delivered,2018-01-12 00:31:57,2018-01-12 00:47:54,2018-01-12 23:39:27,2018-01-14 13:59:56,2018-01-29,18c0e77a9b110ab32b12afa6550d1fd4,2018-01-12
adb8036d8a5a923d533101a9a7397523,25f08a1d68e45786faabcd178d5e074b,delivered,2018-08-15 22:30:47,2018-08-17 03:10:16,2018-08-27 15:21:00,2018-08-28 18:32:11,2018-08-21,0ce20e3e708f0332738657e3ffdc91a6,2018-08-15
11de50ab7226b408f3a6b59c12e11c9b,4532cf6e69b7306956fae228565175eb,delivered,2017-11-09 18:19:38,2017-11-09 18:30:21,2017-11-10 17:38:47,2017-11-17 19:38:35,2017-12-06,71bf5b23c0923703cd29d12016a2440d,2017-11-09
820349ed7a25bbfa196bb4f9a28442f2,687f63c64f1b99fbd97d3d1e940c781a,delivered,2017-11-04 09:35:15,2017-11-04 09:50:25,2017-11-16 21:58:55,2017-11-27 18:32:27,2017-11-29,7efc49d7862ee114c0ca869b439bf381,2017-11-04
21bdc97768bc2e7a3e428d0ede7deb85,b632584c672b004257be4b2e5ae4907e,delivered,2018-03-01 15:16:55,2018-03-03 02:35:44,2018-03-23 19:16:37,2018-04-06 19:20:49,2018-04-03,9a9ae59e093bbdc9fe9199638cef2d92,2018-03-01
850bdb83409632771907268b16c60bb7,35130a8e95ead79c61cd466073b8a711,delivered,2017-07-23 09:46:05,2017-07-23 09:55:14,2017-07-25 12:24:20,2017-07-28 21:17:46,2017-08-11,e9659b474a13413b36c7a5c1e6d7055b,2017-07-23
60dd1f3b513374229c549a9a31475a54,254aa137bcf168bc40b94ea8953dda19,delivered,2017-09-10 22:50:14,2017-09-10 23:04:50,2017-09-11 21:24:53,2017-09-26 21:30:04,2017-10-09,fd563c8c22b177ef85b1aa825a8394d4,2017-09-10
b22fe8539dd76cacfc5337279db388b9,20091e2dd1dcc3a5a32cec435515a68e,delivered,2017-10-02 10:32:25,2017-10-02 18:35:18,2017-10-03 21:27:59,2017-10-11 20:18:02,2017-11-01,2e1f3fdeb2649124382aba29f48b941d,2017-10-02
8ef9773bd9ab2847c59fa02239ab6b43,345eeee76c17d84aa898e125faaa016a,delivered,2018-01-05 12:44:31,2018-01-05 12:51:22,2018-01-09 20:15:40,2018-02-08 11:56:46,2018-02-08,02c8bc3ccd6019dbd5c1368b9e0a018c,2018-01-05
c679e1baef76a7cf123dc697fe11c7ad,aa33d697a2f5ee04aae5e9a8227e913e,delivered,2017-08-19 20:44:22,2017-08-19 21:04:26,2017-08-23 15:16:34,2017-09-05 17:18:03,2017-09-13,33fe3258191eb8d23fcbd966967dffa0,2017-08-19
f3c99890a23a7a4c9998c133ab700a10,5775b7b3418e77dcd619b9a0214cf265,delivered,2018-05-03 14:29:44,2018-05-03 14:55:03,2018-05-03 15:16:00,2018-05-09 17:49:01,2018-05-24,989318865f5926b953a92a75475e9d32,2018-05-03
c8613f1f2b834e72422ddd76442f677c,4720c66c135564981e9f6f641d711e68,delivered,2017-12-07 13:30:57,2017-12-08 02:35:21,2017-12-08 19:27:10,2017-12-28 04:14:23,2018-01-04,5eead08822311ebb88f08f7ae564bee3,2017-12-07
3d24c492f9555a79d4d6fd3a22fbee1f,6333aca7e61257c54c206cecc84559ce,delivered,2017-02-07 10:05:43,2017-02-08 10:15:10,2017-02-08 11:45:34,2017-02-13 16:37:38,2017-03-02,79f3d6597edbdbed1545a11e3d2fa280,2017-02-07
2e83b15e672c7df0e3f0b25365aeaade,c093e30af6e1fbbe83fd938054ee096a,delivered,2018-05-18 00:31:27,2018-05-19 02:35:13,2018-05-21 15:16:00,2018-05-23 19:02:40,2018-05-29,367fc5ad9ae8b1638ba859dd2728df79,2018-05-18
b2474e46a04ca0a4e74efac9384ea7cd,6224f84913cf9bb9fd55488797e2da0f,delivered,2018-05-02 19:43:27,2018-05-03 04:32:58,2018-05-03 15:16:00,2018-05-04 20:45:43,2018-05-15,2385022f396a4576e03f4029beef4004,2018-05-02
2fa0de151b7f1f86d97df7c2a0e11626,e6b50a185ecfa9d9e3b20205b455f729,delivered,2018-06-07 10:01:24,2018-06-07 10:15:17,2018-06-14 19:18:00,2018-06-18 18:08:40,2018-07-04,db678ab4525ca9a50338c8dbcad53a17,2018-06-07
4fa9d0878410252bb7108bfba1b99ac8,4ea968eaa250fba63516f27fdb73eb7f,delivered,2017-05-30 15:08:01,2017-05-30 15:23:10,2017-05-31 15:26:58,2017-06-05 17:02:57,2017-06-22,1cd4ae7e04ee353090b3f56217e3c237,2017-05-30
242e24b7eaa9f48cde9d679f8591124d,3197648bc591f89b9b15d647c1ee1c0e,delivered,2018-04-11 12:25:04,2018-04-11 12:50:54,2018-04-12 00:08:32,2018-05-11 15:54:56,2018-05-25,2a77526eb759d36db444e412962eaa99,2018-04-11
18edb9e5b61f525f0da899c852534893,0d475ec1ce439eb41eef87f144b30d3f,delivered,2017-08-29 00:12:32,2017-08-30 02:16:14,2017-09-05 20:02:54,2017-09-06 18:13:22,2017-09-13,9eb1e6e4ad8e8e4a87dc87fda7e002a4,2017-08-29
8c300dccf86d2468e58d252d1c7377e5,5ddcfafb3cafa6989a43aa72ea1d348f,delivered,2018-02-05 09:02:02,2018-02-05 09:10:29,2018-02-07 19:33:37,2018-02-16 21:59:02,2018-03-02,929cdd3b6c0a61255a40f1eca15670d5,2018-02-05
5156f62d18510bbdc946ebbe9846a6d4,e59ea0ab16e4c5d4e49442b7ad210ef0,delivered,2017-08-07 00:18:41,2017-08-08 03:55:47,2017-08-08 19:51:18,2017-08-17 20:47:52,2017-08-29,d81c308750fc6d68dfb055b147c6c234,2017-08-07
43581787775b8fbac5c4d6dfb76ee984,be6645038a9412d0d4ca9261f268b11c,delivered,2018-04-17 23:08:45,2018-04-19 02:35:11,2018-04-20 19:42:48,2018-04-24 16:35:05,2018-05-14,ceec8cdfa9bf8f4edbe3993b7a46488a,2018-04-17
87c8e3ac05f5f884b03609437857cec4,297cfd6e0d647b3f27687bd95d0ed5ad,delivered,2018-04-14 18:19:52,2018-04-14 18:31:25,2018-04-17 22:21:50,2018-04-24 21:08:50,2018-05-09,40af6992b2de59d61acf4767fdfd6cc4,2018-04-14
a785f992778e63bfb3b2288b684217a2,3902d933b5018c132ea3fb1db8d8762e,delivered,2017-10-22 14:46:44,2017-10-22 14:56:18,2017-10-23 14:44:12,2017-10-30 19:29:35,2017-11-09,68b989ae809071cc660c7ac6beabf867,2017-10-22
43f637f4ddf1f51c9a9ab9a34856d259,fbb505a3f8346cc167d1ffaadeadc22f,delivered,2018-02-11 23:34:20,2018-02-11 23:50:36,2018-02-16 18:25:36,2018-02-19 20:17:36,2018-02-26,b82f7162f6cf9554423f4bb4f47820f2,2018-02-11
e05baad10996981eaa39afb7caa38517,22ca2a10366d24ad46bac7314dd6aee0,delivered,2018-03-17 19:21:13,2018-03-18 19:15:24,2018-03-20 21:22:28,2018-03-27 23:34:58,2018-04-05,6b63a2e5513636acaf0d921a3218c398,2018-03-17
693baf16595f02138e24e30ba2f1925e,31f2247461c783f2fc3c7f88a675c818,delivered,2017-05-17 19:14:22,2017-05-19 02:30:29,2017-05-25 09:21:37,2017-06-03 09:55:36,2017-06-06,9aef79c3325221159248a8dd338948be,2017-05-17
d82b18538d54e63389c7a2a8bf8a875d,110d1ee2a64ac0d58f0e1161569b6ae4,delivered,2017-07-19 23:00:06,2017-07-21 06:43:17,2017-07-28 18:53:43,2017-08-07 21:07:54,2017-08-17,9bfc3238f6d84a036965adb6cb484013,2017-07-19
355ab384aa99e2354527c4defcfbab72,dfdce5cbb3a1a1cd9e49ea9af8aeea02,delivered,2018-05-21 23:09:53,2018-05-22 23:17:45,2018-05-23 14:31:00,2018-05-25 15:20:52,2018-06-01,984f5faacf22b85ec7492e3dcf26f1f6,2018-05-21
278b7931248401487747dd5edf32a710,b2f009e2540dd1f41f2cd6550330fc8e,delivered,2018-02-14 13:38:33,2018-02-15 09:55:45,2018-02-19 22:08:55,2018-03-07 22:48:42,2018-03-13,6a4eba155591e1b2753e57390b62ceb3,2018-02-14
714e87e589c74ad0e8ddb6b9c9706abf,bb57625bfea720d058af92852a0bb303,delivered,2017-02-13 10:26:59,2017-02-13 12:30:27,2017-02-14 04:47:54,2017-02-17 11:34:51,2017-03-14,da85270334149dc7eb819b4604b5682b,2017-02-13
12f2f3174deba94de2aa43ad4adf6d3e,cc4fef4299b231a913af5205feed5e36,delivered,2017-10-11 09:50:15,2017-10-13 21:26:18,2017-10-17 20:14:11,2017-10-30 20:16:38,2017-11-16,e92a2a874e305a7e920b0a0b308d5890,2017-10-11
6c187a778a170f2bc6beac3979e3a81c,e37623a7c983c5174d5aea2aad30a080,delivered,2018-03-19 12:56:50,2018-03-21 02:51:11,2018-03-21 22:13:37,2018-04-16 18:14:28,2018-04-11,7d8edfd1d3efadef19da57a63d21ed92,2018-03-19
ced1ad511f0040ea9b8eb5008d7d1344,d4bbb88f4bd83fc93e2ff050e48e9fb8,delivered,2017-11-08 11:56:58,2017-11-08 12:30:58,2017-11-09 17:18:51,2017-11-10 20:11:47,2017-11-22,53bb7dc2b472c192a4a808a4f42fc8a0,2017-11-08
fc570e267c5c6bd72f926b1e075e9840,4adfaba43ed62faa6b513a4b7623ebec,delivered,2017-09-09 14:40:50,2017-09-09 14:50:19,2017-09-12 13:18:12,2017-09-14 18:53:30,2017-10-02,79a1efe6acacf850e4aaf7d8bf7917c9,2017-09-09
7748e0d22cb39dacfbbe50ab2cb768fa,6a933d575369fd2e59732c81a51ab189,delivered,2017-11-28 09:10:12,2017-11-28 09:34:19,2017-12-01 21:52:37,2017-12-05 20:17:54,2017-12-12,0256fe01df094f555379b7d453ba22fc,2017-11-28
e87cef857d6e092b7352e1fb48a82de1,9aa30d6b55543291e602cefe6f3810f2,delivered,2017-08-12 23:18:08,2017-08-15 03:25:22,2017-08-18 17:27:36,2017-08-21 12:42:05,2017-08-25,d98a8569d0a97a73b409f2abc148cb7f,2017-08-12
2d8589819360cb6c6603825b50230ba4,4213680dae0d52274e4bdaeaa7f048c0,delivered,2017-10-03 17:41:15,2017-10-04 03:07:22,2017-10-10 18:18:07,2017-10-19 20:23:48,2017-10-31,1c07c978d00a438ebfcf8ac093cfd666,2017-10-03
d00beb3dc9b2e213d9ea5ee30b0541f3,0d41b93aa65d7ebb7b8b1f091ef6644c,delivered,2018-05-07 20:40:33,2018-05-07 20:55:35,2018-05-09 15:47:00,2018-05-12 15:31:56,2018-05-30,184a10e1b37c850d78c7c5539cecb036,2018-05-07
7ceb3c8bbf48eaa776064d56012afbc1,d1716127507963cc4ee83fea7669bb82,delivered,2018-03-05 20:13:00,2018-03-05 20:28:52,2018-03-08 00:06:55,2018-03-13 00:24:29,2018-03-21,5b40b6d003822b8ff229a910784fe4e5,2018-03-05
cf68d1708492cb14a50e5aeb9b7abe1e,841fe4f39338e188364eff57c38f2768,delivered,2017-11-10 13:28:24,2017-11-10 13:47:02,2017-11-14 16:36:19,2017-11-23 19:03:23,2017-11-30,dc460c8c5a048d071e9fe80391c1e4da,2017-11-10
b51513f98ab50006e3b2b4a888cdec14,0ec6fdf01517d4e03821ee8f2adeafe9,delivered,2017-07-20 11:39:45,2017-07-20 11:50:25,2017-07-20 17:16:03,2017-07-21 18:49:31,2017-08-02,9722ccc43ea288edb47eb7a2456df589,2017-07-20
808309c9098aa7aeb4c69b09249329ee,9cf0decfac03955d30e6a5b6f4329140,delivered,2018-01-16 16:48:17,2018-01-16 16:55:37,2018-01-17 18:21:31,2018-01-24 19:09:40,2018-02-08,87574f1c1bce57c02b834d74d909c9f9,2018-01-16
cd9ef363164449df0bf374f87fa1b1de,b5465de2043513d45163ffec2620e4bf,delivered,2017-05-22 16:29:35,2017-05-22 16:45:17,2017-05-25 06:13:19,2017-05-26 13:43:44,2017-06-13,c55ad9a8c04e8009e4ac169f7344a583,2017-05-22
38af22d4eecd88f7cbeab4a7a8fde9ca,ee2f5465569df604e9c75c8d7b744331,delivered,2018-07-17 18:06:11,2018-07-17 18:15:22,2018-07-20 11:19:00,2018-07-24 19:32:58,2018-08-02,23f8c588812e2716492efc4607e051a9,2018-07-17
971255ac71ca5ab5eccc94b177e081c5,974809ed2f12441c5c99e5ab636c2af4,delivered,2018-05-07 18:56:36,2018-05-08 18:55:20,2018-05-10 21:03:00,2018-05-14 17:58:39,2018-05-29,d242c2a33b19c5fab2ccf4f67dcaba86,2018-05-07
7a15f77a2e493fe39b2cafd081785e63,75671f1507d40188c0cdc8c21a5d1cb4,delivered,2018-04-03 14:25:24,2018-04-03 14:49:05,2018-04-05 21:17:47,2018-04-17 18:47:45,2018-04-23,85030cd9eacad0c7d2d8e842e463bed2,2018-04-03
2aeccc79ee65865edc103faeb5c519c8,fdaa2462e375d8c6e2a00da969ac30c5,delivered,2017-08-24 18:20:38,2017-08-24 18:35:09,2017-08-25 16:31:39,2017-08-29 17:52:04,2017-09-06,34911b4ba8ed3cc15bd1ff84063a3771,2017-08-24
8d6a24500da2c0b69d6e7fa5c28e9c09,63523bbb461dd0b8fffa47e82833533c,delivered,2018-08-18 15:41:34,2018-08-18 15:55:22,2018-08-20 15:35:00,2018-08-23 18:16:51,2018-09-06,9fb020faa1dfc7cc66b648e6a8ef0ca0,2018-08-18
84e17e421d31fb16afd5c58db7c40265,3c3011c54725dff74a33c25c8d79aab6,delivered,2017-02-08 17:32:55,2017-02-08 17:45:17,2017-02-09 09:44:27,2017-02-20 12:41:21,2017-03-15,96cb02f68234a742dc681f7a5c4d707e,2017-02-08
5df3e4bdf3b11255c6c73bd401826bae,f1c4f32e47264ad79b39838b82e281e0,delivered,2017-10-03 12:53:26,2017-10-03 13:07:24,2017-10-05 17:05:53,2017-10-13 19:12:52,2017-10-26,0f3109759dc1e5fb56f3b1d08ceeaace,2017-10-03
c72c794309b49932e42cf11c75b22c45,258b5a6816fdca7a218868c01b0e6bef,delivered,2017-09-11 07:12:41,2017-09-12 04:44:59,2017-09-13 17:46:49,2017-09-15 17:13:16,2017-09-21,24caecc7bc5818872f110b8b262ef953,2017-09-11
11b28c422dbc36022d126532c681bc14,243907f3216ccf9f3202f7d779dc5d98,delivered,2018-05-16 13:20:18,2018-05-16 13:35:12,2018-05-17 15:06:00,2018-06-01 11:48:56,2018-06-05,18f3e31e740f2a60a1d244da878805f2,2018-05-16
f2307c6c281dc9e69cee79495692066a,e177da54a5ae8634501dfb4adde619b1,delivered,2018-08-15 19:42:43,2018-08-16 03:24:23,2018-08-16 11:23:00,2018-08-29 12:56:54,2018-09-13,654115cd862a4c18f7a3cfbeec04203c,2018-08-15
04915529f622f4b069fb4501085fd905,9112f67cff437f03c7617e0b7a72846c,delivered,2017-05-09 18:59:16,2017-05-10 15:02:30,2017-05-12 14:30:26,2017-05-13 10:22:04,2017-05-17,fd037201e479226546635251e9e5d519,2017-05-09
e26feee700e28b2867a3e8d6f2b644b3,cdeae9bb83dc9049458f53e9d69251ec,delivered,2017-03-02 18:00:16,2017-03-03 17:55:22,2017-03-09 15:23:31,2017-03-21 05:28:41,2017-03-31,c198e769b7fac14f57905d5384eb9392,2017-03-02
0020262c8a370bd5a174ea6a2a267321,9ec353f970bdf785f6568724d9ea19aa,delivered,2017-11-28 09:32:49,2017-11-28 09:58:07,2017-11-29 00:09:20,2017-12-02 12:27:33,2017-12-22,484689f7961df6e755f6373221aff64d,2017-11-28
cab82738404ec4bf9389ddd56a7aa784,06656bf78bcb39c3852e16abd900c1f2,delivered,2017-07-31 23:07:50,2017-08-01 00:45:21,2017-08-01 18:19:26,2017-08-02 21:07:37,2017-08-11,e55edfb92c19a7c7836068f345250c87,2017-07-31
a759a1bd0f615de8c57f2af26ee39703,cba5baeab255524c13c3fbd18373be8f,delivered,2017-02-15 11:00:31,2017-02-16 02:25:42,2017-02-17 10:58:32,2017-03-01 11:22:54,2017-03-27,d11f0c912c3981ae6c340dd0688c9083,2017-02-15
20c93204065c1cc43ac91fe4358f8983,d53782279acdd8fad99e3908be8bbcf1,delivered,2017-04-09 15:38:44,2017-04-09 15:50:12,2017-04-13 13:57:36,2017-04-20 11:25:58,2017-05-08,a50f021eb5aff9d4b0538153eeda36cd,2017-04-09
7cefff4bf786909dba88110841d3b39c,a62fd2d56ef4e1960269fee7e58d6c0d,delivered,2017-11-22 12:17:55,2017-11-22 12:28:28,2017-11-30 20:40:08,2017-12-18 14:35:37,2017-12-08,934e91b0e98dbbeb3649cb1091cca051,2017-11-22
42b076368392e0adade05ddd266b8d90,3a236a7bec957eb557d66d11c1ac216e,delivered,2018-03-29 10:05:43,2018-03-29 10:27:59,2018-03-29 20:08:42,2018-04-06 22:41:37,2018-04-27,b9487d6e20517ea5f15d9227be80231c,2018-03-29
e0e5807a5f4aac90220ad176d501cd7a,e5430f3513a54f0a1eea6e02e3e9c6aa,delivered,2018-05-10 20:10:23,2018-05-10 20:31:04,2018-05-15 15:06:00,2018-05-17 17:49:50,2018-05-28,a288402934b30ba36044d0c9037ccb9b,2018-05-10
95d1d57cd27cd0857ef85f53ad2ed3b8,d47db9098abd035789999ed3185fb607,delivered,2017-09-25 13:01:16,2017-09-27 02:49:27,2017-09-27 19:53:26,2017-10-04 04:10:36,2017-10-10,3b0e018f00ee3175ed35c62e799e838c,2017-09-25
377f567515463777ac90f1bf75084eed,07c7a0b82302514ec1c6135dc7dec4cf,delivered,2018-05-12 11:53:29,2018-05-12 12:12:33,2018-05-15 14:53:00,2018-05-22 18:41:32,2018-07-02,c200738bdf77c733d12c17c44f6df7a6,2018-05-12
e14eb5b6674a1436f94afd67ea14ac19,cb0e9523a4cddb0655e0eecf1dcef2d0,delivered,2017-10-10 21:02:09,2017-10-10 21:14:35,2017-10-11 21:56:41,2017-10-16 21:29:55,2017-10-24,747bc23eede9910c1a3d33344d83fcc7,2017-10-10
2591f6277be80b0c25627c745ec900c4,614e4a9149f6119fc5e8780ddfeaedfd,delivered,2018-08-04 16:55:24,2018-08-04 17:10:08,2018-08-08 12:22:00,2018-09-03 15:24:34,2018-08-14,9f3a4f9a67346ae72d8edc3b766e664f,2018-08-04
3253dbc37317420bcb7b0f5aa1c571c1,cb7c2f382492f4ed45a0267ca1da9e35,delivered,2018-01-05 14:14:35,2018-01-06 02:27:51,2018-01-09 22:06:41,2018-01-16 21:19:48,2018-01-30,bf7d1f6bdf2778df2aa845c3451d6ddc,2018-01-05
1b6f2f7f803e2c324492721f9e83211d,e2a5b7496e1b7f7852b00fafbcd3bb52,delivered,2017-12-07 16:53:03,2017-12-08 15:52:54,2017-12-11 18:18:41,2017-12-20 20:17:21,2018-01-04,cc989a70265b71849838721cb00dfb4b,2017-12-07
bee8e1ed5119e2f2a4bfb408ab6ab177,95702279f83f435c44baffc96007cfea,delivered,2018-05-27 22:26:57,2018-05-27 22:55:50,2018-05-28 13:56:00,2018-06-11 17:12:32,2018-06-28,7406d803cb7dd818002ebe5073d41073,2018-05-27
26a6cb1654ddb8cd23a0b67cf5dad223,e16d90c4a9c27e82cf3fe238ec3ea836,delivered,2017-12-13 17:16:26,2017-12-13 17:31:26,2017-12-21 16:09:21,2018-01-04 14:38:52,2018-01-05,5b47ada4d688a13c2cdc4639e332c272,2017-12-13
1cc0c55f59f96405e1b29fbd9bb91c01,6931756abfcdeb52082dc175f8ca0fdd,delivered,2018-05-07 01:02:43,2018-05-07 16:34:06,2018-05-09 13:55:00,2018-05-18 15:41:56,2018-06-14,7e7cb315f1552e0c390b5879c25bbc55,2018-05-07
688caf637d0fff2abbdcc0303cd47b1e,b9a97a1bf65615341a2c052368e650fb,delivered,2017-10-15 22:41:59,2017-10-15 22:56:17,2017-10-16 21:49:34,2017-10-26 21:17:59,2017-11-10,8af6d959c838339fd4f62435e44b1fb5,2017-10-15
c33847415203d145000463a6976952b6,453319763d53187bead0d2aa6575ef15,delivered,2017-09-14 13:18:21,2017-09-14 13:30:22,2017-09-15 20:26:59,2017-09-27 19:28:47,2017-10-13,b471f6779ed58f5dbcf786cf9842067a,2017-09-14
361ec4bb805dbba76f0c4af3b4d7804e,62c10a2e490b6fff0d3b216c365f6da4,delivered,2017-08-27 17:35:37,2017-08-27 17:50:18,2017-08-30 20:28:03,2017-09-04 17:51:53,2017-09-18,743c6b0ca4c9d5f6c59eada39d3eda11,2017-08-27
ad8adc3413ef931f82e9cc0e6c1ca009,0b3266fa3a88c132be21f0cc1ab9a113,delivered,2017-04-28 23:17:03,2017-04-29 13:50:21,2017-05-05 11:32:45,2017-05-19 18:32:19,2017-05-29,f799f3fb6001f51f8230e022db5de1b2,2017-04-28
2f98fa03385c6020590b479aa12b8073,adbe032ae548ad0ea9f5af1e8fb564eb,delivered,2018-08-19 02:22:53,2018-08-20 14:30:27,2018-08-21 12:25:00,2018-08-27 23:45:57,2018-09-05,fb13a8e3177940f5de676bda56d003dd,2018-08-19
1467273f73290140b548eeefa70dca8b,db5df2109cf7f549cbd44e3b02d6a320,delivered,2018-07-19 19:17:20,2018-07-19 19:50:08,2018-07-25 14:22:00,2018-07-30 16:54:44,2018-08-16,bbf82e905239b694c51fe17882d15c0c,2018-07-19
37dd0a597befd18b4e172e00487e4c46,e0cf8f143b22051b37718627c8580554,delivered,2018-01-02 20:28:32,2018-01-02 20:50:13,2018-01-12 20:23:46,2018-01-20 14:52:36,2018-01-31,6bbc8dce928528fd3ab9207ed50f6aef,2018-01-02
dfe927ca4859176d7377a7543078d4b1,d6880369dd3f36a3f15b849edc8ab8d3,delivered,2018-08-06 21:10:43,2018-08-06 21:25:21,2018-08-08 14:25:00,2018-08-17 20:36:39,2018-08-23,42fbe6ab4be2d0760e5a134370da0ff5,2018-08-06
b842e9225252d13f6af62ff4508d7c43,d9a4b5aa53433b592bdea6b33f44a8e8,unavailable,2017-08-02 22:17:16,2017-08-02 22:30:14,,,2017-08-15,f49c983a47d5abc316b7c44c9e979021,2017-08-02
e4df6dfaef8b7e7cc89edb8a6efe60c2,27b748850fafeabfd7f089e4969744b2,delivered,2018-06-11 17:39:24,2018-06-11 18:00:12,2018-06-12 16:12:00,2018-06-14 14:22:44,2018-06-28,8a318fa09ece1121143e69757b678343,2018-06-11
e6e5658805bb34a4ba873cb271def02c,d2e827a0183c03e5696c076aa6db30b9,delivered,2017-08-15 20:46:28,2017-08-17 02:50:35,2017-08-18 19:27:34,2017-09-04 20:13:07,2017-09-06,35f7b95e1762eb4cb4cd0258e078729c,2017-08-15
997aa6af22dd08ccfc5064a112a22aac,bb6f9466bf5441cce5105434c83f9297,delivered,2018-05-22 10:31:02,2018-05-22 17:15:06,2018-05-22 15:43:00,2018-05-24 12:50:34,2018-05-30,3d60317a015d799b113f98ee908fd655,2018-05-22
f2a335c81aebf64a9a4309436e7af4a8,cca8b12b9e669afd8a28ff57fd5c5e75,unavailable,2017-06-05 17:16:12,2017-06-05 17:30:06,,,2017-06-28,331a638bfc01a1382d0ecb0079d8807f,2017-06-05
53d67d7e562650461c0068ff08a53bbb,42eb20c7af6139c9b3c52be6d46a46a5,delivered,2018-01-08 12:13:26,2018-01-08 12:27:56,2018-01-13 01:23:00,2018-01-22 20:21:32,2018-02-07,f141ef7130804c5422f2d1bb58115292,2018-01-08
95fb0a173e3c0b9389ab50a9eb673b58,54a604b7c13eda31a4723072fa459ef6,delivered,2018-04-19 14:49:55,2018-04-19 15:11:23,2018-04-21 00:12:09,2018-04-25 22:14:36,2018-05-24,5072b38d1de83ef6b9c7c15983a0f731,2018-04-19
cce396b7de9158adfd7556936f8ba267,ae1b14ddfdde090ddee628da4ac485b8,delivered,2017-02-23 10:36:35,2017-02-24 02:42:23,2017-02-24 12:37:53,2017-03-02 14:18:07,2017-03-23,33e9fb2265fc2580abaf825eb6eb4292,2017-02-23
438dad6fa6e9ce3c50e4497b4232c7ce,7bf292ff5a207037c946ce46a12e8d7b,delivered,2018-04-19 16:11:59,2018-04-19 16:58:08,2018-04-20 20:03:36,2018-04-26 18:12:34,2018-05-18,f1f5fe1e62074c73f63cd29a537d2353,2018-04-19
d202554195e58c33ec744226022191f1,674698501fcd2236a40169c72c802d12,delivered,2018-02-19 13:16:33,2018-02-19 14:20:52,2018-02-21 19:39:03,2018-03-07 19:09:39,2018-03-27,a71dac527383fd9bd48b4974c02cc66a,2018-02-19
1b90f9331b9a9fa6f2563ea6a3bacf1b,3a488b62b5f838611ddd622f945fdf0e,delivered,2017-07-27 18:53:08,2017-07-27 19:05:18,2017-08-04 19:12:21,2017-08-14 19:32:47,2017-09-05,2a5d28827d96a217c7640bf3219923d9,2017-07-27
fc06766875a10376c5a1f0b4c0320dac,0feaa9666d68f76e57167ccbc45723fa,delivered,2017-06-03 12:46:36,2017-06-03 13:10:11,2017-06-07 17:17:03,2017-06-28 14:09:18,2017-06-26,99979929ca27d42627ac1176838eda6c,2017-06-03
8ca35ef9366e216446621215448b381a,d67a578455299dcc8de18bdce1a70aa4,delivered,2017-02-05 19:46:40,2017-02-05 20:02:28,2017-02-06 11:50:53,2017-02-16 13:18:53,2017-03-01,06228f2a5c6b8d5b97c9dde4c675f086,2017-02-05
74bbd58cddb2228b26c9c73ea8b4d9e7,8e622647124e45bc3c29ce3d7c9cdf25,delivered,2017-03-21 22:50:11,2017-03-21 22:50:11,2017-03-23 10:28:46,2017-03-29 14:37:58,2017-04-11,6f25b6a8acfd6e99db86b08ed2bc3064,2017-03-21
8ed420bf335aa8deb040bf292d3e86d5,8cbce72a04e9eaafcd9d4a0363356a36,delivered,2017-11-15 17:49:24,2017-11-15 18:07:36,2017-11-16 18:26:38,2017-11-28 22:31:54,2017-12-13,5a9bf6fa586d27d07f32cdc28e95227e,2017-11-15
816fd1f12f703f9825eb7c4c307388b5,ba225d2770cc7c6f31a43e73472f7d6e,delivered,2018-05-30 17:50:08,2018-05-30 18:15:38,2018-06-22 18:42:00,2018-06-27 00:54:22,2018-07-03,daeb283b71a3cc8f49c2c878bb86e15f,2018-05-30
2033b71596a6d101bc6d429c6a811455,aab03c72dd20ff4aab68f24c8fd6ea57,delivered,2017-06-23 20:37:03,2017-06-23 20:50:13,2017-06-26 14:56:36,2017-07-04 13:29:47,2017-07-17,8efb58212e41c40b208733edaf5b05c5,2017-06-23
a9119eb77d6200811953803a7b6539e1,469634941c27cd844170935a3cf60b95,delivered,2018-03-12 13:07:03,2018-03-12 13:15:28,2018-03-13 22:12:18,2018-03-22 18:28:55,2018-03-29,ef07ba9aa5226f77264ffa5762b2280b,2018-03-12
ed65a83531a2a39519f7fd6fbb0fe12c,a30245e6236757c2e9958195138fff85,delivered,2017-11-30 23:36:03,2017-12-01 10:31:12,2017-12-05 15:39:16,2018-01-03 20:07:05,2018-01-04,706a88ea356ea9496d3b5d8f3ee3b5ad,2017-11-30
8b2c286fa36b36c8144eca3a464b09ae,2450929be329d0da6417baad9c0ec763,delivered,2017-08-30 17:52:32,2017-09-01 02:24:50,2017-09-05 21:11:02,2017-09-18 17:54:34,2017-09-29,aae737a810a43b4b67afa921b2355784,2017-08-30
b8c3dd0f9bb856afe6bc212d407d20f1,25e70c9cdd059bec28d09cd19fe0a8ed,delivered,2018-06-11 13:59:10,2018-06-11 14:18:32,2018-06-11 16:16:00,2018-06-20 18:51:37,2018-07-11,07e4a65ee83e6cbc3c7f30fa45300eb2,2018-06-11
f939f0226d610aad8bc41cb7433e5f70,4898298d72e64f88fc72c75881bb26d6,delivered,2017-11-19 01:23:23,2017-11-19 03:07:58,2017-11-22 21:40:44,2017-12-05 18:58:48,2017-12-08,64c91c4612341c8dbaab07352c8fa263,2017-11-19
2cdefa55b6451e99ea05e363761f87fa,01f9be48b48de8870e94f9744bd6ed7b,delivered,2018-02-15 11:07:38,2018-02-15 11:30:33,2018-02-15 20:56:13,2018-03-07 16:58:38,2018-03-15,fbb7bc2cb19342a739f67026540ebc53,2018-02-15
6ef48857a65c0db78e1cd9e0accbd55b,54946c90d1f2903802bcbf8c5d161782,delivered,2017-05-24 15:26:48,2017-05-25 02:35:11,2017-05-29 09:58:04,2017-06-02 18:12:58,2017-06-20,f412bfa074505674f17bb5229a34d763,2017-05-24
7b763f13bd97f02732ac755160e29497,8be927d8fb3b9fa474e1afcac281cdcb,delivered,2018-07-19 22:26:57,2018-07-20 09:15:14,2018-07-20 10:28:00,2018-07-30 14:31:52,2018-08-14,4e480c651903b26e987ad098dd01cfd3,2018-07-19
c7fda56679ce4368d59d2d9511b3c19d,6565af20feeebef7ba6555d673c9b418,delivered,2018-08-06 20:11:35,2018-08-06 20:24:35,2018-08-07 11:50:00,2018-08-16 20:25:36,2018-08-29,50c544adc0b470eef70217bd327e672a,2018-08-06
23d42019f5dad56f22fc05644f13b3fb,61d9efa8dc12c7bc61c2a3a7ae74fdf6,delivered,2018-02-21 15:23:21,2018-02-22 02:10:38,2018-02-23 22:32:15,2018-03-08 10:24:53,2018-03-19,21e0532ee2e78478432ee1fb06ae3d15,2018-02-21
7305de8d799425df87d0f0c07d7ca63d,2f28f35b1daac701a19117b36b98c634,delivered,2018-01-25 19:47:09,2018-01-25 19:58:27,2018-01-26 21:09:35,2018-02-06 19:33:16,2018-02-20,c14c135b3bd8233e628b11ad3f022023,2018-01-25
adfb9e0fb02034c05e4cdf3395bba600,d7f20de008f6b1c94290f25cc2631d79,delivered,2018-06-11 13:54:33,2018-06-11 16:31:48,2018-06-11 16:16:00,2018-06-16 16:44:39,2018-07-05,b75e77f6579cd2b0d728a43dce22b3e6,2018-06-11
1a3232d9cd3dd8dee9115e3c9a4668d1,8a48d765503bb8a8053e646e1f08b3d6,delivered,2017-12-03 00:31:45,2017-12-03 01:55:40,2017-12-20 00:22:18,2018-01-08 19:06:11,2018-01-24,01e019838e4e21dd66bb6f69352334f8,2017-12-03
605b7b4cb3154a3b313acb10f1f0f6cd,f10bbdc89537115c957937dd50a20ca7,delivered,2017-12-03 21:11:45,2017-12-03 21:31:06,2017-12-07 14:52:16,2017-12-20 14:17:11,2017-12-29,3a3e48040eada9f191d9cf503c167f9c,2017-12-03
5d4b951a36d28b50e981ff69e62e2414,f7cff8f8b5ad72782c2d8ade091d3878,delivered,2018-08-02 12:07:37,2018-08-02 13:10:14,2018-08-03 13:05:00,2018-08-07 21:22:09,2018-08-14,5dc033c91ee12d58f65c917e0ed03c2d,2018-08-02
ff8ac98b246381dba3eb9d51e77faf6c,2f5f1572415e02d8955c27c1f5b462b5,delivered,2017-03-08 15:15:06,2017-03-08 15:15:06,2017-03-09 09:18:24,2017-03-14 15:21:59,2017-03-30,d4bd5654b8fe422766fe81834793a59a,2017-03-08
67c98a67dc2ac210412c20b401357163,01c21b9e3aaa1a629149d34fe682ce0f,delivered,2017-06-23 13:29:06,2017-06-23 13:44:14,2017-06-29 12:51:00,2017-06-30 15:57:52,2017-07-06,dd9b5ff85c3d0ac8b89852b04ce43306,2017-06-23
296a93c03580ee2cd6d1c20346191d6b,598f6ea65e0d55d010f88b0093381db5,delivered,2018-02-14 11:37:43,2018-02-14 11:50:30,2018-02-14 22:33:20,2018-02-27 11:22:54,2018-03-13,fdf180e367cbd7c428c5e3f8632568e8,2018-02-14
81f15a8caa9410d3483393a17f7e1745,1d36a6923296de7a040b2f392cf7ebe0,delivered,2017-09-22 11:58:32,2017-09-22 12:10:23,2017-09-25 16:13:25,2017-10-10 17:24:02,2017-10-17,8860920e9a34f3b37f3f45c8d99123dd,2017-09-22
dc839b5e01c6cbfab1c06a366e70e9e6,8a0c1872f6356d10f9f7ce1fb44333c9,delivered,2018-01-19 16:09:13,2018-01-20 09:09:09,2018-01-25 21:22:15,2018-01-29 22:38:52,2018-02-09,5bc7fc55deb1fc531ebc689a23b5c380,2018-01-19
fa0fef4aa9fe35b6b22d0637fb559072,12d8ecae91bb3a4934b09c2576e87357,delivered,2018-03-30 20:23:15,2018-03-30 21:10:15,2018-04-03 22:54:26,2018-04-09 22:48:39,2018-04-18,f43b5eb3178b2129b9c4ea51024fcbd9,2018-03-30
dc03cba6a1d6cf5c28d1fde5dab9a0bd,f00870f85b77deccee72bf3ee280785f,delivered,2017-07-18 09:22:02,2017-07-19 06:42:50,2017-08-10 20:53:06,2017-08-18 20:32:08,2017-08-09,5330670c6666e6f35a2688802fdb235f,2017-07-18
f8d1f879af678ff6582adada493313f6,eccf3f47e4cc5767bd2798d21a88bc93,delivered,2017-11-26 14:52:30,2017-11-28 03:43:17,2017-12-08 23:56:59,2017-12-15 17:56:50,2017-12-18,134143c56794ae30ac87c76cd45cc351,2017-11-26
5b4858f2dcf69731f2285a38829bfa7c,c8223f76047e09bea798462f2f46ffa9,canceled,2018-02-15 20:53:17,2018-02-15 21:06:43,2018-02-16 16:52:52,,2018-03-16,b4ee22e08cdaeab0b8e6bf2e67d7c19b,2018-02-15
80f1a60aab67dd9a56cc211cf8874382,4b8217e87c8c8e243512a752fa2f1da6,delivered,2018-04-15 22:44:08,2018-04-15 22:55:20,2018-04-19 18:40:00,2018-05-03 00:51:29,2018-05-10,8b4d9feb28e547c327fd4d2a295aeeca,2018-04-15
bf866aa88acb3c2595d0627c7a6bedf7,0b15496cbc114f48fa133a72bb4ab7b1,delivered,2018-04-02 09:28:24,2018-04-04 09:48:37,2018-04-04 21:56:23,2018-05-03 15:11:54,2018-04-25,f530d11fbbe32732c41820751d933a36,2018-04-02
eb4067cedddfc4c3f7e9616456fc70af,1f52ff2844a8fe02f1c3f21881920751,delivered,2018-06-18 20:31:19,2018-06-20 20:37:41,2018-06-22 12:26:00,2018-06-28 19:41:42,2018-07-17,ad5a11650a4ba035375c2de78024d338,2018-06-18
e71f305bd634aa47b14ee018ec8f6f38,e08996212ffc6d1038bfb49aed58310d,delivered,2017-10-12 18:29:00,2017-10-12 18:36:24,2017-10-16 16:25:47,2017-10-24 01:51:46,2017-11-03,9544b1decca86f03f02f866558835309,2017-10-12
bbeeae69169758cd2d24b78df914a56a,7d496c6a7b00221ba195bb0304657b19,delivered,2017-11-15 15:26:40,2017-11-17 10:51:10,2017-11-21 16:11:57,2017-11-30 18:33:47,2017-12-08,2f679a526d3b619beccc26a3d1435de4,2017-11-15
8755ff039d17ea91d56589e906fefc9b,e0dbd977cd107f73ab95d0891194cc47,delivered,2018-01-16 19:18:58,2018-01-16 19:31:20,2018-01-20 00:08:50,2018-01-24 23:17:38,2018-02-07,ae64133264bf0753c75d9c2f1e5d2b5e,2018-01-16
31d5120f144d73ba1e5aa4e747a328e9,9de9dcccd336d99f63eb24c980e60c78,delivered,2018-03-20 22:33:50,2018-03-20 22:50:33,2018-03-21 20:48:28,2018-03-28 22:03:40,2018-04-06,b471d1920063d9c698e82e737e6c9c51,2018-03-20
fb975e889b11a08705d3b2734b626916,c7e79ac0034b4accdb78aa403ba6f68c,delivered,2017-01-27 09:51:08,2017-01-27 10:10:14,2017-02-06 11:54:28,2017-02-20 12:07:48,2017-02-27,8dd4b0771b20160bde2b4fb598c3f554,2017-01-27
5a5a4a1319679a5e560257abd2fa1273,a01af4c0ae53b2c6a91b40b6e2dfe766,delivered,2017-11-15 19:09:39,2017-11-15 19:26:14,2017-11-16 15:16:48,2017-11-28 15:11:38,2017-12-11,1112bfca4fa2b84c667208c943de7c20,2017-11-15
5e38951c465ac4f3d14da15694710a74,7cb12564a9542047740d530211e07bd4,delivered,2018-06-19 07:05:54,2018-06-19 07:15:43,2018-06-19 13:17:00,2018-06-26 11:14:54,2018-07-20,519bfc92913c498006c2b05dbaad7525,2018-06-19
f92af4956f690ebc9200d25029ce7c06,132f29096d4013afb1d1b8e1a91e0ec0,delivered,2018-05-13 16:39:19,2018-05-13 16:53:43,2018-05-14 12:59:00,2018-05-17 13:07:38,2018-06-06,90e984b66a9a286e2434e1a08a9a23a3,2018-05-13
d11d7966d8fcd073e0d78a137e4c96e3,4fc88d5e8e4bfcb2ee658f51f59cad4c,delivered,2017-05-21 17:14:20,2017-05-21 17:25:11,2017-05-22 16:37:50,2017-06-01 15:40:08,2017-06-22,13c150eddeb625f94e1124d7617418be,2017-05-21
af88a4bca5075cdda8da09cc6c55635f,8dda2c8532448b7a942c8ffc3800b0ed,delivered,2017-11-24 19:18:57,2017-11-24 22:36:27,2017-12-01 15:58:51,2017-12-19 21:14:32,2017-12-15,da3035eecf35b3553f5f3b53048e04fe,2017-11-24
7037dc9fa53f82379589ef255fbfd0d8,7ba33d3a46ce7a2be646df5ea992b773,delivered,2018-05-13 12:47:54,2018-05-13 13:11:49,2018-05-15 14:05:00,2018-05-21 19:56:51,2018-05-30,719d6809c98139e57fbd97b39a14d2fe,2018-05-13
c6843402edbaf2d6f740e48c20599396,5357ad0a6bff8952e5326bb9be330842,delivered,2018-02-27 14:57:26,2018-02-28 09:35:56,2018-02-28 20:06:14,2018-03-16 19:58:59,2018-03-20,377fde5a2ed15f559c2eb21a438d7a32,2018-02-27
b9e44ee22f3a341743c10307b601b363,29439576f6804f546a9d1b4f749ded69,delivered,2017-03-07 17:44:19,2017-03-07 17:55:18,2017-03-08 14:59:57,2017-03-14 13:09:49,2017-03-28,0b0dfd34c502d62ab405edfc40bccf85,2017-03-07
4bea538b29c975028b7af11cf3bf97f1,39516e62a628430ac4b0f96a8df20dad,delivered,2017-11-24 10:40:29,2017-11-24 12:52:25,2017-11-27 21:40:09,2017-12-09 14:45:09,2017-12-14,a20a396493d66fbde2790f5e995ff20d,2017-11-24
f6aad304ac6a3281e219e202367f6feb,be56352600249a5778ff7e8eed8c27e0,delivered,2017-07-27 08:49:46,2017-07-28 08:35:19,2017-08-03 19:38:59,2017-08-16 20:12:40,2017-08-24,eb62b07ca321721f670878d498af4833,2017-07-27
448795135b904d057254f5fd0d5a6a4c,b44a5b9979f7323c0db890a4f33020c3,delivered,2017-07-29 10:47:22,2017-07-29 10:55:16,2017-07-31 16:05:43,2017-08-02 20:34:52,2017-08-18,d7b918d0c8219843c0a245d589680a60,2017-07-29
76279ee78a4924f44a3a83ef23b169b8,1568d0cf27776d57552118a63aec65e1,delivered,2017-02-09 20:18:20,2017-02-09 20:30:16,2017-03-01 11:34:30,2017-04-05 19:32:59,2017-03-17,d69e7376cd254c900729616e75624e12,2017-02-09
48ae434efdce6ee8ed43531400f53bb6,98d2898e432505920432cba9b38b72cd,delivered,2017-11-28 11:14:20,2017-11-28 12:07:28,2017-11-29 18:12:04,2017-12-05 19:09:26,2017-12-19,6c7c3323153e0d521f0ee3fa4e382e0a,2017-11-28
579a374cc762b45a6cd7ed81c484648c,10ae73e50835a14b4a281d2eb1792ac8,delivered,2017-08-14 15:53:30,2017-08-14 16:10:10,2017-08-15 21:42:24,2017-08-18 17:14:03,2017-09-01,8e44f96c051e781c86cee504038ab204,2017-08-14
ab89bb4480224d68ca99f20929ab77ac,1e3dbed8d904cb9febfcf254f39eaec6,delivered,2017-12-09 23:09:14,2017-12-09 23:18:36,2017-12-12 21:32:41,2018-01-02 12:34:04,2017-12-29,74c778b7b7ec17c44589a298352bbdb1,2017-12-09
36826a38055b8ac7c996807317982824,9cf5b32e547430279bc8711ae7faf241,delivered,2017-09-18 21:16:42,2017-09-18 21:30:12,2017-09-19 17:03:43,2017-09-25 19:06:29,2017-10-11,6652d95ad6eced5a1891da24bf57c53f,2017-09-18
dff2aa79a32615789218574e63fe8829,927099d031ca08f824f627cef70dad80,delivered,2018-03-11 15:13:10,2018-03-11 15:28:03,2018-03-12 19:08:30,2018-03-17 14:02:15,2018-04-06,64b81e6eebe4d182a219e7a0497dd9ec,2018-03-11
6d96df9c3708428cc5c9b8f2aca02055,2cabba24d1e9226dbe67553850e725ed,delivered,2018-08-08 13:03:35,2018-08-08 13:15:21,2018-08-09 14:13:00,2018-08-10 20:07:25,2018-08-13,e11abcce538d333a20909d11dfa372c2,2018-08-08
e852ff3390a09b155f3e73343bcfcbe2,ea7bc69d71655c61474870d7a7f8ec47,delivered,2017-11-04 14:04:06,2017-11-04 14:15:50,2017-11-06 20:15:01,2017-11-16 19:35:57,2017-11-28,61b390579bdb1d9ab9562b7b231955dc,2017-11-04
7e844a0812d948cb6f3a7ffa97bde8dd,d0219f095cf2adce221c9a7dafcc66f6,delivered,2017-11-12 18:42:51,2017-11-12 18:50:34,2017-11-13 19:44:30,2017-11-21 18:48:05,2017-12-04,d5cce2d8c29533983e7932fc9f914a86,2017-11-12
243204e250173084280239fb8ac74bef,3d7eb40920458b74f2ca6f56785205dc,delivered,2018-01-02 15:38:56,2018-01-02 15:49:27,2018-01-03 21:29:01,2018-01-08 22:51:37,2018-01-26,92bd6a8b1cdfccebf3cbcd53809071cf,2018-01-02
d31122a9dce1042519a69fd29fc249de,d3e3005d486334fc20aac8234e1ff764,delivered,2018-02-16 10:31:31,2018-02-16 10:50:23,2018-02-19 12:42:36,2018-03-13 21:26:49,2018-03-13,5429ef34d206e470c7e4d1e6c834ea48,2018-02-16
40e0f6a96881e259b2be8697beab436c,a9788f35d5509bcac1bbb6f98b384d88,delivered,2018-01-03 10:12:17,2018-01-03 10:26:56,2018-01-11 22:34:26,2018-01-12 22:45:12,2018-01-19,fcba84bcd36e9338aed450ad36d58db1,2018-01-03
28f3f76a069124ea37b2e0c43408ae47,b6512881dd355fcce280ea6f92284193,delivered,2017-09-05 23:06:45,2017-09-05 23:15:10,2017-09-06 18:49:45,2017-09-19 18:23:52,2017-09-26,494f8a40e4cc505c7f0f224ec6b370ea,2017-09-05
9cc64bcad125a311c53a26c9e1b20983,4ee340fb8a6d20217eeafae55ec62796,delivered,2017-09-30 13:51:25,2017-09-30 14:07:13,2017-10-02 13:58:04,2017-10-11 01:42:03,2017-10-18,bca4361fd18ffb97e002abf403eda289,2017-09-30
9c5bc3c2933ce8e4660ec888ffb28748,082a5f831fc0b3835fcb0d6f1c196ce3,delivered,2017-09-14 11:32:32,2017-09-15 02:24:48,2017-09-18 22:22:33,2017-09-21 19:06:08,2017-10-04,e77f97a4b49c999460c0e213e298f944,2017-09-14
5d5bb894cb86c2b5aff1513531e63055,466f25f318b9280d1422a5c4e9a491bf,delivered,2018-04-24 18:34:02,2018-04-25 04:10:51,2018-04-25 11:38:00,2018-05-02 22:03:55,2018-05-17,27116c085ee5d78e6074c3f1103ae609,2018-04-24
e1537d977f8eea8a916d62da2c6f1423,d585539a86025f3c784d6fe2edbd8f11,delivered,2017-11-16 14:08:29,2017-11-17 10:10:22,2017-11-21 20:26:52,2017-11-23 14:23:02,2017-11-30,d60206c59aedb23b925377dc8fdd43bb,2017-11-16
41948e7b013201d8f4f7da938bfa7fd6,994e7d02dc2f02ca85fa9e819f2c4d85,delivered,2018-07-30 16:12:47,2018-07-30 19:31:37,2018-08-01 13:51:00,2018-08-07 00:52:39,2018-08-15,1f16347ffdba1e1e559fcbf1498b305d,2018-07-30
9d7296b5a0946ad6e54e36059405a951,7803785a8434033aa05bb601f9a83e5b,delivered,2018-05-16 14:25:30,2018-05-17 10:38:37,2018-05-17 15:01:00,2018-06-05 19:58:51,2018-06-07,0cc1db7423555763a5c9bfda44746cd0,2018-05-16
755a429b14b766d9804739faa9ff4783,453cabb96a2b3a938cb8400ffdaf668b,delivered,2017-05-10 08:06:25,2017-05-12 02:45:05,2017-05-12 09:21:42,2017-05-17 17:14:27,2017-05-30,3e929a60d3f6a4c02433f8084b7b5026,2017-05-10
84bd1040859c31fc8d677a25de8093a5,7fa7fb0a38647397f437a002ddde15fc,delivered,2017-10-08 23:50:17,2017-10-09 00:17:56,2017-10-09 18:28:40,2017-10-14 01:38:47,2017-11-03,6a44e21ab1467963f3bdb7708abe9480,2017-10-08
470149d85d7b770af90504d4a5d06f38,9b73d9ee51b34cc2814a383998b51413,shipped,2018-04-06 15:18:21,2018-04-09 14:10:26,2018-04-11 18:44:37,,2018-05-04,d3b6440487a7f6533e79e1670dcbbe90,2018-04-06
e272f86bb4c1d56d70adae79bdee0839,59e7255fe3af8f6fb94283c78489081b,delivered,2017-06-09 11:21:48,2017-06-09 11:43:06,2017-06-14 15:32:26,2017-06-23 12:49:46,2017-07-06,81b6c19bee3e72e8cdec6bfa0cc6b4ac,2017-06-09
e3c291c9bddfedee62c613abb89f859e,7256634bc293062e6fb1ca1d6fb68705,delivered,2017-11-25 16:58:14,2017-11-25 17:13:31,2017-11-28 21:33:19,2017-12-05 11:52:06,2017-12-19,b93a5a889d5631f90288141fed44d192,2017-11-25
5b0ee19a3125fc083348baa76d816ed0,97e5ea711c00ba54392bf866a7d5f1e0,canceled,2018-03-05 13:56:34,2018-03-05 14:40:27,,,2018-03-15,381a91201a6359179846a3e9742fe9be,2018-03-05
d16112398f9c83cdef02abee328caadb,8ce18cd05ef1610b491f53cc8faf9b7b,delivered,2017-05-24 18:49:11,2017-05-25 22:25:09,2017-05-29 09:06:46,2017-06-08 14:14:43,2017-06-28,6e584243f433f290dff8a94dbde09d2e,2017-05-24
2c007d9ae26859112a7d67f993163e5a,f4757f24b9f9a170299f8369b2468b38,delivered,2017-11-09 17:17:29,2017-11-09 17:28:02,2017-11-10 22:52:49,2017-11-17 16:23:03,2017-12-04,ff5508196f80abb3771cf943fe994e21,2017-11-09
71d8ad12c759cd9f8f9083bc6a540007,16356f40e7be1ae2120278046fd3f16d,delivered,2017-10-29 12:24:09,2017-10-29 14:05:55,2017-10-31 15:23:08,2017-11-08 17:29:06,2017-11-24,1d77389751e0631b622eea6f6e14159e,2017-10-29
ca1aeded94b48bff9b434a7512cee7ce,8e2f6ac5748f3612e7b6662b99f7a7c3,delivered,2017-06-07 16:36:57,2017-06-07 16:45:17,2017-06-13 14:22:39,2017-07-07 19:09:46,2017-07-14,41d0610f2aeb9f45e800054e2641f4f1,2017-06-07
c4cf43b89935546ea1f1e3ecebe02478,a8eb0998c3d6af8fef2e6c696d07a821,delivered,2017-12-27 22:33:58,2017-12-29 02:08:47,2017-12-29 21:48:52,2018-01-03 18:07:03,2018-01-16,34c86ba70868a8cd77cd8ac1e74a9de8,2017-12-27
0c7df2bc14e31b205f7f8f91f8311ba6,86588ef341dcd262707edd4dc5f043a2,delivered,2017-05-29 10:28:42,2017-05-29 10:35:26,2017-05-30 10:35:27,2017-06-07 12:55:34,2017-06-29,11992a16f977690eb132cd13e9899225,2017-05-29
c62b195fb9db263acc11dc29fcb87fb2,058f217e8e5a5e459882e9a74f9353b6,delivered,2017-11-24 23:36:02,2017-11-25 02:32:34,2017-11-28 21:38:49,2017-12-14 14:47:04,2017-12-22,c9c41b0c9e8845c0d950c08ba0d7acd0,2017-11-24
736b93bbe948337faa55abda812ce249,7186038cf7f3f1ef5ca7a48750c00256,delivered,2018-05-11 13:36:41,2018-05-11 13:50:56,2018-05-15 13:38:00,2018-05-22 16:48:46,2018-06-01,f8f4320123760e8cd9e3c99c68f38a42,2018-05-11
84e18f4b5b541150af97e94f3cc0b2a7,b9e8d20467df2fd1b1ca8bb650a87dcc,delivered,2017-10-11 13:15:42,2017-10-11 13:28:26,2017-10-13 20:08:18,2017-11-06 21:09:20,2017-11-01,de9f979be63bbed5045c2bf762dd2eff,2017-10-11
342b802870cffb4cca6f8b612e121300,a1f2fe00ae439dcb254252a38dd4e286,delivered,2018-05-29 22:20:47,2018-05-29 22:35:14,2018-05-30 11:22:00,2018-06-04 18:31:41,2018-06-29,c5d18bbf8b24f753f566978697e2488b,2018-05-29
c02f449466eb42e245b4ec9287aeb987,7543ff80325e1ca05504561b28bb8ac0,delivered,2017-09-15 17:40:08,2017-09-16 02:55:32,2017-09-18 15:53:47,2017-09-24 13:09:43,2017-10-05,25e2fc6b1d6f6f8ba470a8752130dba1,2017-09-15
dac5565e9e4cc5f3bd66470ed608c95c,043d7293671e5f243dd648d9e5d1f396,delivered,2018-04-24 21:50:03,2018-04-24 22:10:14,2018-04-26 13:45:00,2018-05-08 16:12:20,2018-05-25,f2e0d62cdd7a19522ebdfce5c35dfba3,2018-04-24
945b63b1a39c18a01b5c023ac4abddbc,a33c22f4c46b18dcd37f2349e9ebe24b,delivered,2018-07-17 09:04:53,2018-07-17 09:21:10,2018-07-17 14:28:00,2018-07-23 12:18:41,2018-07-31,7caf7197bf231963249e66cb4ce875d5,2018-07-17
42a60584c802a173573c19e570e896d6,aee92425a62e153c1e6d022715674da9,delivered,2017-03-30 17:24:38,2017-03-30 17:35:18,2017-03-31 12:26:16,2017-04-11 12:53:37,2017-04-19,5d8419d97b21bdb94050d0aa55b3c353,2017-03-30
05c5e3014f8ec516123fd4c74f49b051,9378e75380f137233cad33bcc7f0fe0a,delivered,2017-12-01 11:14:08,2017-12-01 12:31:27,2017-12-01 19:11:57,2017-12-19 00:28:23,2017-12-26,ab2cd5cfd198ddfe26f7d208905daddc,2017-12-01
be1693153a2546fb409f9520c6e83703,3145725f02c04d05467d9f3f8bd2424a,delivered,2018-02-15 12:05:22,2018-02-16 07:55:48,2018-02-22 21:10:39,2018-03-27 22:08:50,2018-03-15,88bd9a4975c26a175e182d219624de6e,2018-02-15
ead37570583efe55df28edc4f2470bd2,c9dbe3e1a4c214c3108f070b12699783,delivered,2017-03-26 17:12:37,2017-03-28 03:50:24,2017-03-31 15:09:02,2017-04-04 07:05:49,2017-04-20,baa95c4641ecd9ad286d49aa0888507f,2017-03-26
d6ffe2b49a34a724f0b9bd6bb80529d2,9fc4f47ca4f9a1f988bfc3bc6037dbe7,delivered,2018-06-17 23:40:00,2018-06-19 04:17:09,2018-06-19 10:53:00,2018-08-08 12:21:53,2018-07-17,6eccf0b182b0c42edab6941a4ccfa71e,2018-06-17
bd48b93e5bd7c6e99a8b886f5add78c6,1520ada4ef0f3468a966dddf893f16ff,delivered,2017-11-11 21:46:08,2017-11-11 21:55:28,2017-11-16 20:03:08,2017-11-22 19:12:08,2017-12-11,9e7549e4656b62a8623342de7d758093,2017-11-11
dfc311b4185eab2d5db5e8bb9425f079,d59a7bc82c39a881cf9e2b5709c5245a,delivered,2017-07-20 12:13:46,2017-07-20 12:23:26,2017-07-21 18:49:32,2017-07-28 21:19:47,2017-08-11,05c111320b7353c49806016020b89a05,2017-07-20
1a1aa9714d0f88e8a2b20b0c7c037d0b,1776cf3f62cb1daafb56c4010920c910,delivered,2017-09-21 22:46:26,2017-09-23 02:25:59,2017-09-26 19:58:52,2017-10-02 19:03:08,2017-10-20,aa3dd236d31baa02151b23daf16f4fc5,2017-09-21
05606ddf8218cebe483228af6f9031ba,1cc017a5604ae9c2f6928e6130fb9be3,delivered,2017-10-11 17:12:28,2017-10-12 02:30:28,2017-10-17 18:49:43,2017-10-19 00:31:40,2017-10-24,448e0dea390e9ed20f330b7e75b12ff3,2017-10-11
8ceb7c40345d31112e63e0f4624e39b0,f35c962d2a595858dae3c015705f0b55,delivered,2018-07-23 14:20:59,2018-07-23 15:40:17,2018-07-25 12:27:00,2018-07-26 12:28:51,2018-08-02,9db07d9df74e56026773967803ad0c54,2018-07-23
a526b3be214b1d691e5400d86689e83e,d45f8333c8aa989e25029e9e0cadcf7a,delivered,2017-03-24 07:22:04,2017-03-24 07:30:13,2017-03-24 15:21:32,2017-04-05 15:35:51,2017-04-17,b48a25bab51e47e5221c681676457c6e,2017-03-24
fdd5c1089ba5eeffbe95fd36269b6d5e,a3857fb1a0c5b32bc51f7011fafaff8c,delivered,2018-02-20 15:50:21,2018-02-20 16:08:49,2018-02-27 13:27:29,2018-03-16 23:10:04,2018-03-16,bf1632ce422566bf0e289b9bcab7fbe6,2018-02-20
63fb6b4d90b3558d5fd5e3b4ddd1a2fe,64be2340e952f10ca10afdc59a83d754,delivered,2018-05-16 20:58:35,2018-05-17 16:34:37,2018-05-18 11:50:00,2018-05-22 01:04:48,2018-05-28,66026cfe6ed4aeae90c27f9e1ef2e857,2018-05-16
b93a19a84516997a69f59da9b871d109,7a29b4042f8b37bb8115c65ff414b808,delivered,2018-07-05 23:42:31,2018-07-05 23:55:09,2018-07-06 10:19:00,2018-07-10 22:31:53,2018-07-24,c2db8fe22c7d05706804f101a7973b13,2018-07-05
2353193a857232c5eb9a7604fc505089,1d815f3ad9b2017b6da2c4f1cbb1180b,delivered,2017-11-28 18:51:49,2017-11-28 19:53:27,2017-12-04 20:27:37,2018-01-04 19:39:25,2017-12-21,9739e5179f34b3e3ad589f4b4694ed76,2017-11-28
e1a2c11d0c4c0ecbced319c04d688255,2830a528b71c2a35aed1b9e3b74b59c2,delivered,2018-01-25 12:54:56,2018-01-26 03:16:07,2018-01-26 22:05:10,2018-02-16 23:51:48,2018-03-02,264948e03eef857d56379613eae0381c,2018-01-25
db2c7430f7ab0de1860b953f210f67c5,549ef037d5530887209688c8bb62d4c2,delivered,2018-03-01 13:42:27,2018-03-01 13:55:30,2018-03-02 21:05:28,2018-03-28 01:04:45,2018-03-21,295e9c54b2bf6eef2eaf468e80788bc4,2018-03-01
cc82b75db7d018c137b470d668b91996,107162b6fab1a3e94e15ac9a48207ca3,delivered,2017-12-14 19:11:00,2017-12-14 19:33:04,2017-12-15 17:33:03,2017-12-18 21:47:03,2018-01-11,fc3ca3cb4da22341bcc3feeaea494821,2017-12-14
db13164f731aed80a46ac81466df051d,9e6f75fc261ed4b61aaa7074d5dafab1,delivered,2018-08-09 00:53:03,2018-08-09 01:05:26,2018-08-09 14:41:00,2018-08-10 23:11:17,2018-08-14,2a9c5cb3b3d815a92e567693b4abff28,2018-08-09
daa4b4ce7bfba46a0325467bc139ee66,ee81a7cdb3e7d9cc610a17b7715bcc1f,delivered,2018-04-23 18:09:44,2018-04-25 03:55:31,2018-04-25 13:53:00,2018-05-07 22:31:45,2018-05-21,fd9d6e91a2508becbb85ba7e87addcc8,2018-04-23
0b43acd81f6d3f30136133517a13b72f,dee7ac1315330a02d049ad3b108c7ad4,invoiced,2017-12-03 17:15:08,2017-12-03 17:34:28,,,2017-12-27,16d778764561c820ab02b6ea12796b14,2017-12-03
4f9b8c1bedc66f4bd34725cfdee6833b,e09c21241771690bb28899cf1dc646ed,delivered,2017-10-22 12:16:54,2017-10-22 12:28:20,2017-10-24 16:07:44,2017-10-28 15:43:32,2017-11-09,2c7c4b71fc0021f5d62f46945c7bcae2,2017-10-22
7091b998662c89051acb6bcb57cb43a2,800f7efdbdb09e3def3f707c4ab7d906,delivered,2018-07-07 19:11:56,2018-07-07 19:25:47,2018-07-10 15:40:00,2018-07-27 21:20:43,2018-08-09,643e03b0555c358dbca7dbb4ba64617a,2018-07-07
a23f7ba42e3c12b58d1e24b1b7615d05,a52ac5698f152302297a3445e62efc97,delivered,2017-12-11 13:06:51,2017-12-11 13:19:23,2017-12-11 22:38:10,2017-12-19 18:16:53,2018-01-11,8ef73dbf37d0f12e390cbf8a471d79f4,2017-12-11
aaa3852a53f716761fff6b45173f223e,b84d3d35ec76f19c7eeadc496e823390,delivered,2018-02-03 12:14:10,2018-02-06 05:31:55,2018-02-17 01:48:43,2018-03-06 18:37:09,2018-03-16,6ee675c835d3c74e813ba0c547d28c38,2018-02-03
12e1495369c542f003eb3ca480f924e3,6dd345003a66b6fb3f18301af8c6cd0c,canceled,2017-09-12 19:17:03,2017-09-12 19:30:24,,,2017-09-25,15e47dec7a5ce59f8e200a6917679511,2017-09-12
4d71a2a0282a7080b9b93eef2dfed23e,abc76bd6b8d093fd8ba7b96aec7751bf,delivered,2017-08-21 13:12:47,2017-08-23 02:55:17,2017-08-23 20:38:10,2017-08-25 19:13:40,2017-09-13,05e2937c555f3732b8243574d2422b06,2017-08-21
0f127f53a526c20902f9966a2a38846f,02b7bcd5dd0bbe4057aa6fb0c280a06b,delivered,2017-12-01 12:26:53,2017-12-02 02:37:06,2017-12-13 19:35:14,2017-12-22 18:12:35,2018-01-09,82bbfd611198a89d2be66389d603e4ba,2017-12-01
946595d73c65c5757b418d371d32822e,645e1750385a917efa7cacbce9dce896,delivered,2017-08-16 11:22:32,2017-08-16 12:10:15,2017-08-18 19:51:56,2017-08-28 23:46:55,2017-09-12,199f79d734f967bec584ed6d2a4cefc6,2017-08-16
b319de7e29d9ec96df9f75a1558c8ea7,3deafc0474a41927e9249b78564a3257,delivered,2018-02-27 14:20:49,2018-02-27 14:35:35,2018-03-01 02:22:56,2018-03-10 17:22:50,2018-03-19,14527b4f9d84c703de9ac715e153ffd9,2018-02-27
46e83a906c61d93dd185c95c01dff0a3,c9d89595ece63415fb02056061ce191e,delivered,2018-02-05 16:12:30,2018-02-05 16:31:14,2018-02-07 15:18:26,2018-02-16 21:19:03,2018-03-07,a0051f68eca82133a6e8eb9c50092370,2018-02-05
1356895abd31f89419c71d5f73a5c1e2,a36cf1455b895227d63f128aeb3d45af,delivered,2018-02-24 08:04:36,2018-02-24 08:15:30,2018-02-27 23:04:31,2018-03-05 16:10:17,2018-03-20,31679ddfa8293ff186216eec51ba574f,2018-02-24
3ad46243d0ff8b18130628555fee1f68,d2ef50bf0fa3bb13424cf40e2ed30700,delivered,2018-02-16 12:57:29,2018-02-16 14:00:37,2018-02-21 21:28:46,2018-03-18 15:05:05,2018-03-14,791fa90081e564c24a355b7e20d1c080,2018-02-16
9a044d2530e1f6bc5ee6f8d1d6a6a330,0ff4f778eb2da8e8e1b1157e75f3d0ff,delivered,2017-10-27 00:32:28,2017-10-27 00:47:24,2017-10-31 16:58:17,2017-11-01 18:33:26,2017-11-17,b411890821e433a5cab92834d634f78e,2017-10-27
fb4717856a1a4e0a10b9230a1f4b7e51,1636332b9a64a599200ece387bfb69ad,delivered,2018-08-10 16:28:54,2018-08-10 16:44:29,2018-08-14 12:24:00,2018-08-16 18:51:00,2018-08-23,04df07c295971621f8756bdc5adc90fb,2018-08-10
9b7c2d54410a0d2f6c4b658f00f0ec42,5ae30953c0bf57b6db6b49fa3ca37f09,delivered,2018-04-07 14:56:02,2018-04-07 15:08:11,2018-04-12 17:18:23,2018-04-22 13:19:34,2018-04-27,da2c2521455935f4a514a27f405bb64c,2018-04-07
80d49171762a51f500bf6b774aa24617,97dd9c6923b3237b650f1f4f3f2145ad,delivered,2018-05-31 21:05:55,2018-05-31 21:29:59,2018-06-01 14:00:00,2018-06-06 19:43:01,2018-07-05,34ff67eb3466a779b2f6b6fd56a3b953,2018-05-31
c37699d5260dd482b08d717de0b06cd7,b5cbf43f42281920a175fc99650c91d6,delivered,2017-07-30 23:39:11,2017-07-30 23:50:19,2017-07-31 13:13:10,2017-08-10 21:25:56,2017-08-22,55d10eb61f7442e863d193a834f5900e,2017-07-30
1edf98fefd6006f56d46ffb5ce962831,db23fd2de7d425a680845285a7c4c040,delivered,2017-12-10 22:33:28,2017-12-10 23:08:50,2017-12-14 22:46:12,2018-01-19 01:46:29,2018-01-08,91db3ef8bc640ebbab0b287d9bfea72a,2017-12-10
443ea0d00a4dd357d8b2c193cfd8a17c,7249040078291bec6d05caa991b1dc01,delivered,2017-05-17 09:18:35,2017-05-18 17:05:19,2017-05-30 09:30:14,2017-06-02 16:57:48,2017-06-07,da304fb777ca00325fde2045eb5f7f8f,2017-05-17
87498922d23ddd027a9015ab6fafa886,5de65163f16a334e41782b7db3144ae2,delivered,2018-06-18 08:45:11,2018-06-18 09:01:29,2018-06-19 14:25:00,2018-06-25 14:22:08,2018-07-11,7c4fe2c7eb362ded32e4d076e5c48e50,2018-06-18
50428fc6ef58fd5cebf433ef7f06be0d,7dab920e35ce0d5b1139e8999423fcc1,unavailable,2017-12-04 23:10:03,2017-12-05 10:30:43,,,2017-12-27,5df965670962764c4bb2dbd1ef8019a3,2017-12-04
cd3b8574c82b42fc8129f6d502690c3e,7812fcebfc5e8065d31e1bb5f0017dae,delivered,2016-10-03 22:31:31,2016-10-04 10:19:23,2016-10-08 10:34:01,2016-10-14 16:08:00,2016-11-23,87776adb449c551e74c13fc34f036105,2016-10-03
bf30a3536883051dca847b3f007a9963,2c9f92e1d9657eb346ec0688113e556f,delivered,2017-08-09 09:52:45,2017-08-09 10:05:42,2017-08-09 15:22:29,2017-08-21 14:28:10,2017-08-29,ee515c21c199f27b0a4d254de725ed59,2017-08-09
e760839bf2e95526c08cd98abaa16804,f9b066c171fb7629d7c1e494010e245c,delivered,2018-08-13 16:34:43,2018-08-14 04:50:20,2018-08-20 13:40:00,2018-08-21 14:10:53,2018-08-22,54eb010282ed1c4a38e101aa8b9aca37,2018-08-13
8d6eaa2fc5ee20e42dffdaf355b260df,6c9787272e638f3b015c87576858e044,delivered,2018-05-04 18:35:55,2018-05-04 18:53:56,2018-05-07 13:55:00,2018-05-08 16:47:01,2018-05-23,b7e2b4e7e5bbfc11eb1b22e6d822926b,2018-05-04
cf1d0b87e826698d649f105224d60d8f,95b1d607aee48796e6913f15e78fe1b6,delivered,2017-11-13 21:42:51,2017-11-13 21:55:23,2017-11-16 17:46:58,2017-11-22 17:47:32,2017-12-08,e0b8853b235f45dfbf53e334eb8fa0d9,2017-11-13
d2b37f806be7546de2ce1d2bbd5cacee,4a1bc15d1237a794eb2d89f1516fae88,delivered,2018-06-14 21:18:33,2018-06-14 21:37:00,2018-06-15 19:02:00,2018-06-20 19:22:15,2018-07-11,0f353525357083cc19531bb61d5594e6,2018-06-14
5d95f889ee0308db432f259eb63f4c43,7dbd34b8d5bab8828456693434b15135,delivered,2017-12-27 11:43:47,2017-12-27 13:56:23,2018-01-02 18:48:56,2018-01-11 21:07:09,2018-01-29,2266dcec28ccdabb7d6fa01ce34b67c7,2017-12-27
c1c7631c24af4189464f9bc75189fb55,770b54376073ab9fb3ece8772dfcb16e,delivered,2017-02-11 19:40:36,2017-02-11 19:50:14,2017-02-15 02:58:21,2017-02-21 12:53:47,2017-03-10,d6b9212886e07bc53970092f48486e73,2017-02-11
b2345f8f3b34a4c0c28296057f032fb9,64049775f28b87ca247912183223bdd2,delivered,2017-03-02 01:37:02,2017-03-02 01:50:16,2017-03-03 09:49:03,2017-03-20 09:37:27,2017-04-07,a491257f319cd02d337c77bafc75c7e3,2017-03-02
aaab909ba45f8f27f46401f49a92b9e9,51527dec6b3afb9c1054ac492a368c3c,delivered,2018-04-25 16:15:33,2018-04-25 17:12:49,2018-05-02 14:39:00,2018-05-07 13:38:46,2018-05-08,7673578e7356cac9672f6bb221bb29ae,2018-04-25
faf590b30d6a5dd0430cf8713a6455c2,5304d2aa57725ce435b8abea817b7946,delivered,2018-06-05 17:10:10,2018-06-06 02:54:06,2018-06-06 14:01:00,2018-06-09 16:28:45,2018-07-25,3b004ab5868135f9bf80876b2070a016,2018-06-05
52b5d9c64618868f5f1367c7934dbf1f,8a45f7d2b87f16a273fd86e9d5efc35a,delivered,2017-10-18 13:27:19,2017-10-18 13:36:10,2017-10-19 00:03:39,2017-10-31 00:25:09,2017-12-01,f036ca45f48f9058e7a227905a55eb7f,2017-10-18
47ea87f2edc83b2d8da91f354ed05d63,f2861e3de3138b106780d63e73262b89,delivered,2017-02-13 16:25:07,2017-02-14 16:30:11,2017-02-21 09:05:27,2017-03-13 15:05:18,2017-04-04,537568b43e7ec5203b504b97808593b4,2017-02-13
048fc26beee4f076edae01e578a13fc8,de03ab6aea61b6836c69336629f2a101,delivered,2018-02-12 09:16:15,2018-02-12 09:48:47,2018-02-14 22:07:27,2018-02-15 21:33:48,2018-02-26,c79346a04ff9e3c861f7df7e50c6c523,2018-02-12
8225d8c9d91972ec1fbddf159ec4cd7c,8fb771ea8cc3adecc84b66616b1a0435,delivered,2018-01-13 10:34:44,2018-01-15 10:11:13,2018-02-08 20:43:44,2018-02-15 18:23:59,2018-02-07,41ffe05b7ceb249599c73eeecbf19c5b,2018-01-13
62c6faba9a84c2ac9babd4395fa2345c,c66395e32fb06d62ba3a31cd46456c2a,delivered,2018-01-21 09:11:53,2018-01-23 03:37:25,2018-01-23 18:51:36,2018-02-07 23:34:00,2018-03-02,af80cd98f2dba639dc43b4e06bdbcdca,2018-01-21
5c79fa2db9227db840a45f20c3ce4833,2b2579545226dbc47bbae14b3e983e10,delivered,2017-09-01 18:04:55,2017-09-05 04:45:48,2017-09-06 17:43:36,2017-09-08 22:34:48,2017-09-14,c77a1acd947a35fa2738c22f371645c2,2017-09-01
d9d77046564ed9aee6cce6ae2d9197d9,dae10c0f760f9a82914492c93da3de4e,delivered,2018-05-14 13:53:49,2018-05-15 03:35:17,2018-05-15 12:00:00,2018-05-23 14:04:05,2018-05-30,f80d8204c73825ae317e4215f8d87cf2,2018-05-14
04e16f3c151ad9fb3100eda6ac3a61b7,112f9ea59ac9a9565c76c2152490fe30,delivered,2017-04-04 18:01:45,2017-04-04 18:15:25,2017-04-05 14:39:48,2017-04-12 16:22:10,2017-04-27,d4c01fb33a50efe02b5f7ed95f566389,2017-04-04
1c22db314685946243787baefb41a355,780ff6bc7942587a2155f1edaed26661,delivered,2018-01-17 21:06:28,2018-01-17 21:17:32,2018-01-18 20:46:32,2018-01-30 19:43:40,2018-02-07,42f0fb0731358be76b7519f9970b0c96,2018-01-17
ceea38b31a5a6c55d09d5c190aade249,e48aea5936bdbf8147c56a0bb25b74a6,delivered,2018-08-11 16:30:15,2018-08-11 16:45:09,2018-08-13 14:12:00,2018-08-14 21:54:47,2018-08-24,41bec52362021d022db0035eb9256a22,2018-08-11
dce981ab14f4becc124df8d2039fa44d,90ddc5fe7fbba1f3aa75d88412b0917f,delivered,2017-10-06 19:16:59,2017-10-10 06:34:19,2017-10-10 19:03:55,2017-10-17 21:33:49,2017-11-10,7fa3f8a493bb8ed3a71943f0f734c429,2017-10-06
dfafca185f2fc62924f857e85569b923,9b45fdfe7e8439a4e7d2814b3eb6894c,delivered,2017-09-24 08:07:14,2017-09-24 08:24:17,2017-09-27 20:08:09,2017-10-03 19:17:47,2017-10-23,c639b7ee0ddefaf99a2b1c87cfcd718e,2017-09-24
4f40407d8eaef9c3cd83ce9357826a6b,ca98df741e6648abb616265ec95567b2,delivered,2018-04-06 07:59:23,2018-04-07 02:48:14,2018-04-10 23:04:14,2018-04-27 16:03:02,2018-05-10,a6873b2a2a8b4b07532ff4d7a9855829,2018-04-06
d77a9259e9093fb83b20b95fd4bbcb5e,92798cd0eead887b1731526180775beb,delivered,2018-07-11 01:56:33,2018-07-11 02:10:08,2018-07-11 13:21:00,2018-07-13 01:27:40,2018-07-19,703a092c0c6166785ec31de84c4f8e68,2018-07-11
d27d803d3a838c539ffe76e3b74a5f41,75f4c47dc2249c41ece095b0022f6be6,delivered,2018-03-06 01:39:41,2018-03-06 01:50:26,2018-03-07 00:51:26,2018-03-14 20:03:06,2018-03-23,b24a663744af5fb1f84368bdcb311f4e,2018-03-06
fe25e6ae3200a0fd420ba45277d19fc5,cc691ea8c232416f0347dbf33005bf72,delivered,2017-09-05 13:48:17,2017-09-05 14:04:13,2017-09-08 22:05:00,2017-09-15 19:12:38,2017-10-04,7bd511dd409b8df39a6b4a5c029cc973,2017-09-05
563374a910b848445e9d0d50a0d65bc7,13d270a62ccf028c0adf913af6be714f,delivered,2018-06-06 12:17:10,2018-06-06 12:32:33,2018-06-07 11:57:00,2018-06-27 13:21:33,2018-07-16,e0c1b1f41aff706e03cd77b39835ec2e,2018-06-06
0af905b4a536b95528b4eb5dd2c192da,bdd71d1ed3a12a4878d61d011209c2da,delivered,2018-03-09 13:50:15,2018-03-09 17:28:46,2018-03-13 23:11:40,2018-03-20 15:54:59,2018-05-03,5b4b4c95a263788f6b0c147c0bc93ad3,2018-03-09
72e57d0b326731ddd25d0d44212a42cb,d82ced55e620b6568183a611fb3b71d1,delivered,2018-08-17 15:55:36,2018-08-17 16:10:18,2018-08-20 12:28:00,2018-08-28 20:29:32,2018-09-14,a2b7ff1b78e90acd6810d2f646d38cb7,2018-08-17
9c07c610bb722338cd517ec940417b40,700192c9b13d404047e50147fed3b544,delivered,2018-04-29 11:44:43,2018-04-29 12:13:01,2018-04-30 10:18:00,2018-05-16 20:33:38,2018-05-28,54e0af4a0f1db52a08a5f9b39954dfef,2018-04-29
8cbb3a1d2a0c2642541aa2a03e2fdeda,8dcac248a1ca0ea58fff86c10dababd3,delivered,2018-01-14 18:51:21,2018-01-15 10:10:57,2018-01-16 20:03:42,2018-01-22 14:43:25,2018-02-07,31d9f06aeb3e5695e7f7f809e22ad73b,2018-01-14
fe97f3949cbc37b9ab48ac5769514cbe,45e844a084390520feb827c2b1728440,delivered,2017-11-27 13:42:45,2017-11-29 13:39:28,2017-11-30 16:14:33,2017-12-18 13:13:34,2017-12-18,320e13a9e22b4e4cda8c17ed1c140ce0,2017-11-27
8a20e2954602a0738f264299255fd5af,36ecc6ff2c4a59fd150e9524b12b9259,unavailable,2017-12-27 22:41:49,2017-12-27 23:30:57,,,2018-01-22,2185937c8c6a63a563c1c02e287274ce,2017-12-27
6b4fe75bdf8d4a467678bc8f2132c06a,cc6acd0ad91aaeff9d3a67fd55b57196,delivered,2017-11-24 09:21:47,2017-11-24 09:34:26,2017-11-24 15:55:53,2017-12-12 19:23:26,2017-12-19,99798150431ad173fa5e31d53ff08a7a,2017-11-24
4433ebc14c69e56090cb4e96d574d9c3,690f0d89fd8b50197bc81fb97fd89241,delivered,2018-04-25 10:00:40,2018-04-25 10:15:18,2018-04-25 15:09:00,2018-05-14 15:42:09,2018-05-24,f6ed0bef0317e479c3cfbf243f9b1940,2018-04-25
75917ea91a5cbdec384278689bdbe142,cb51b7eaec381b2f35b42e3565f5e401,delivered,2018-03-23 15:28:04,2018-03-23 15:48:23,2018-03-26 22:38:50,2018-03-27 15:58:51,2018-04-05,eb4b36bc0ee78dd9b0135d06ba99120b,2018-03-23
362cdbf5a3b5f297257f6e67be534a27,82a8363331889ef3b94f20ffc543284f,delivered,2017-09-11 13:16:22,2017-09-11 13:30:17,2017-09-13 21:35:09,2017-09-21 20:44:08,2017-09-28,dc320cf7e55c0d6e7c47a938b3bbdb3a,2017-09-11
87fdbf51d1ca05cd443a8cbc44c1f5ee,743bc779e6e72beb5274f072e7c4516e,delivered,2017-10-23 18:09:12,2017-10-23 18:21:26,2017-10-26 21:15:59,2017-11-27 19:51:43,2017-11-14,22520c2c5d7878679e8451c218a61937,2017-10-23
195194e3dbfe59a81261af1a6ffe7c47,61ff2315be831a0ef27a4e5a3fac4cee,delivered,2017-12-26 15:04:57,2017-12-26 15:14:33,2017-12-27 15:29:08,2018-01-03 15:57:09,2018-01-15,908d09daaa48fe076b768ab8f26c298c,2017-12-26
8c232e13890c404488a860c3beecc9b0,b506a01bec389f79735376c45e4425bf,delivered,2017-08-22 15:18:18,2017-08-23 02:47:52,2017-08-25 19:32:47,2017-08-28 15:03:04,2017-09-14,04e6e34e5ad54169544a7378223acdbe,2017-08-22
e03178527556af2aeb2b29af558de49d,ffb5eaca500a57b7dd52256fcfc82e12,delivered,2018-08-10 14:19:40,2018-08-10 14:30:18,2018-08-14 14:14:00,2018-08-22 16:09:04,2018-09-17,c942db669b3a851e2b26c99d662c415f,2018-08-10
f680dfd841b53bc32168823c6b82e1be,651680b4a7eb935f91d7ddf46e60893e,delivered,2017-10-31 09:45:41,2017-11-01 03:10:26,2017-11-07 15:55:03,2017-11-17 20:09:32,2017-11-30,39ca63279dcc3b5527f0a28f81353de6,2017-10-31
0e3ebfb7eba3e1653e21e5931f7720a2,3b392bd77b49c85730de003f5c324e10,delivered,2017-07-28 10:05:46,2017-07-28 10:23:44,2017-07-31 15:36:40,2017-08-04 10:59:52,2017-08-23,e6e2a0b666308138b428a3171f518355,2017-07-28
275322de6426ec5071b219b77fba6a65,ad970b9bf9eb36c6faa345affe1cf138,delivered,2018-01-16 23:21:40,2018-01-16 23:29:47,2018-01-17 21:54:38,2018-01-25 11:58:52,2018-02-15,25cac425f64ae1b78c60c2afae3ec384,2018-01-16
4269e9f98b1e74f0732bc93de6aaca6f,a9eb0a1529c5219cec4f13899a5a58b3,delivered,2017-01-23 10:21:21,2017-01-23 10:30:10,2017-01-24 09:53:37,2017-01-30 13:32:34,2017-03-06,9cdfe712401ae2a44d3056afbc2b77a8,2017-01-23
3ca5fa29d024e3690f532e492d590cc1,711bf057d7e1ddf725fd731adb9f4a47,delivered,2017-09-11 12:58:44,2017-09-11 13:10:20,2017-09-13 17:30:01,2017-10-03 21:18:26,2017-09-27,461b7aa4cef6a23317c59baf15c13c49,2017-09-11
c79900d1005d1a8fdaa9f25cd94e5110,3d881d50f2933937fcaa85328d3e0af0,delivered,2018-02-23 14:15:52,2018-02-23 14:50:49,2018-03-09 02:38:32,2018-03-23 17:17:23,2018-03-20,e2c87a07e54c863d60af789a9233bdb5,2018-02-23
2fa1143e47aa3e9c10a97d47174aabb2,51436e563c50b518d0ca230003396172,delivered,2018-02-28 19:54:11,2018-02-28 20:10:33,2018-03-02 19:51:33,2018-03-27 18:12:04,2018-04-03,d26623f4bca067633cd1b3f0d1f584a5,2018-02-28
6f38fec8657ada8f58c577f4a4d772f9,b4409dbd2d70f0b3b1405b231855283a,delivered,2018-08-05 17:47:16,2018-08-05 18:04:18,2018-08-08 15:24:00,2018-08-15 10:08:36,2018-08-22,b0aec2a0437869f86a45f1719146f75f,2018-08-05
6ad7cdd50237385fec54699a2834eda3,2e0d77f644907523f5bc77ae90791cc2,delivered,2018-03-16 17:28:29,2018-03-16 17:49:48,2018-03-21 22:46:52,2018-04-01 16:32:37,2018-04-10,fc770c52dafcf252a79d2dea5bdc2e97,2018-03-16
608582593b18710bb42b20dab9dc9b06,6a83af9332194f84c136dcc01d261cc5,delivered,2018-05-11 11:52:31,2018-05-12 11:54:55,2018-05-15 13:55:00,2018-05-18 20:17:51,2018-06-01,39b449c603f6d61c8c085ad3843d9298,2018-05-11
287d2118fca00b6778f059045ad3f610,acff3378fce5e9f4446d7c07c87fd282,delivered,2018-01-10 23:12:49,2018-01-11 23:07:23,2018-01-13 01:33:45,2018-01-23 19:33:52,2018-02-08,234a33069b304d9f4f5dc9c3b99abc24,2018-01-10
41fda677249a97ed31645dd2680b147c,56a3ee7d981e822f36b37b1426f256af,delivered,2017-08-31 12:27:35,2017-08-31 12:44:36,2017-09-01 19:16:04,2017-09-08 19:54:50,2017-09-19,289676ac498b1c816bbfc0b3c2a890f2,2017-08-31
c6b349edc99be6b983f26587f770f23d,6f1c4cb92372672fc31a3a960b7890a4,delivered,2018-05-15 20:51:01,2018-05-15 21:13:36,2018-05-17 13:56:00,2018-05-22 14:53:10,2018-06-06,5ec2088063a452edc9e72375fccec9f8,2018-05-15
4ce01eeaa0d476f2aebfe6caae88d946,f8abf1a6df82267ba181287aa57e0ff1,delivered,2017-08-26 10:48:39,2017-08-29 04:35:53,2017-09-04 19:42:33,2017-09-15 19:22:24,2017-10-04,af35a761f81127a5c9de882f7bf9af93,2017-08-26
5cd63812f35304841de07758daef7b4c,642617f021b0ee34f6df1962377c4b0c,delivered,2017-07-27 22:35:29,2017-07-27 22:50:11,2017-08-03 17:33:12,2017-08-09 22:03:48,2017-08-18,23622d8528b2fcc0b4a2b03df2cdfbd8,2017-07-27
e51478e7e277a83743b6f9991dbfa3fb,659ded3e9b43aaf51cf9586d03033b46,delivered,2018-05-18 18:20:45,2018-05-18 18:35:28,2018-05-19 09:27:00,2018-05-22 14:58:47,2018-06-07,57b1099bb38ee91578d2f1c3ee154082,2018-05-18
6512f99fc2b658abc017f8090e3d1bc9,c40a08638e25d9ff9932fbf1fec9f155,delivered,2017-11-30 10:17:54,2017-11-30 17:32:23,2017-12-01 18:41:58,2017-12-19 00:42:02,2018-01-15,07489df2af9f3c943921ab6cda4c7202,2017-11-30
b934d5a120aad44cdd919ef7252f9b0f,eb04e3326a06d50f227469eee29fdd3b,delivered,2018-08-05 21:17:09,2018-08-05 21:30:14,2018-08-07 12:25:00,2018-08-13 17:56:25,2018-08-30,166ec5dd3ecbfd90e6f4b58e37c73623,2018-08-05
ab3dffe6fdcd9b7b7896d000abeefc4d,4f3917403e70753c86947d454697fb91,delivered,2017-10-05 22:11:35,2017-10-05 22:24:45,2017-10-06 20:39:41,2017-10-11 21:43:25,2017-10-27,7c01ccb439b58048285b3615ce14d780,2017-10-05
a21eacf4f3cbf9db2541da1ecb2e6cf0,250a4d001740ff863694848d179ae512,delivered,2018-03-17 11:04:51,2018-03-17 11:28:42,2018-03-20 00:50:53,2018-04-04 18:34:32,2018-04-05,969de71d3e19a266e7eefaeab10c527b,2018-03-17
f608221528bad521bf876430ca3a830a,abf1b838d267dedd4f05c4d2436d0848,delivered,2018-03-25 11:40:53,2018-03-25 11:50:26,2018-03-27 22:24:51,2018-04-09 20:15:35,2018-04-13,b8ae1d28b2a49a7913eab4b73ac4c00b,2018-03-25
4a111e830982efaa7fcd45ff081543ec,b99848d1213931d9f3caebaed06b8111,delivered,2017-09-15 13:21:22,2017-09-15 13:35:20,2017-09-19 15:17:18,2017-09-22 20:31:55,2017-10-05,b73e6c904a3bb974a0ca8ec828751fc2,2017-09-15
7f058780efeab68414ecad1c0c43d0c0,4adeaee8338a42ef0c002aece4261177,delivered,2018-01-16 17:56:59,2018-01-17 17:50:45,2018-01-23 01:45:00,2018-02-02 16:32:39,2018-02-15,ac4723845b0e53b60ce88407527da0be,2018-01-16
b0824d7e22fb8f487be1f22753268ce2,e35f79caa4703bd0fcdf2ac0a9b0a23e,delivered,2018-01-20 23:58:24,2018-01-21 05:09:51,2018-01-23 11:02:37,2018-02-22 21:13:44,2018-02-22,4c09b258e20a3330b4b49b01c6733ca0,2018-01-20
deab5b501cae4f6475a45bb4eaf79b61,d3a1c4e76fdb0eb4754a16e174d77f3a,delivered,2017-12-11 12:48:04,2017-12-11 12:58:26,2017-12-20 00:21:42,2018-01-05 01:35:14,2018-01-15,582413ee5c9cf48218666c6fd967a221,2017-12-11
6507d11b47f03730a0014e69a270b438,05d50eaf6b9450a3f9cf19180b293261,delivered,2017-07-20 21:50:05,2017-07-20 22:03:25,2017-07-25 21:47:46,2017-07-31 19:49:43,2017-08-11,9a6ebfbeb5d9f2d280e3c872b750fc39,2017-07-20
0c3722131f9ebd9c4949a2dd31fb2402,f4deb293ecb5fa8cb4c4c344eced1eee,delivered,2018-02-28 23:57:55,2018-03-01 00:10:26,2018-03-01 18:16:46,2018-03-17 15:48:38,2018-03-22,82cbe18a587cb972ef38ea261c260740,2018-02-28
6f1099a755a7a1fb6efd638fd5627930,f2213dc017c6992a43bc3c74b3de2570,delivered,2018-02-05 21:13:40,2018-02-05 21:30:10,2018-02-06 15:23:28,2018-02-20 19:27:59,2018-03-12,55c245566b3f3cb323a29a72ae81bf94,2018-02-05
6022868452d819974c3e98f769a70944,fd10cada9af2bb1877d4aab47eea4f59,delivered,2017-08-15 12:43:02,2017-08-16 03:15:41,2017-08-17 13:03:26,2017-08-29 20:12:57,2017-09-06,8a216da23883b9b5b3aa12e633247ae4,2017-08-15
a46177e85f66471bb30ef25db0461233,b92f3a12fb6bfa44bda7894e6a4c45be,delivered,2018-01-20 10:42:30,2018-01-20 10:53:18,2018-01-23 00:44:37,2018-02-02 23:02:45,2018-02-16,9b2603943f002e297559ef949c629d90,2018-01-20
5f5d440ddcc70a0ba6f17804435ec791,898c1761bbffa916c3449f48099bdc32,delivered,2017-06-07 15:37:09,2017-06-07 15:50:14,2017-06-08 13:42:53,2017-06-15 09:16:41,2017-06-28,aa27c6ce2d6e0349d02ca3359c3cee4e,2017-06-07
c78634fb21ecbb54b2b2498a660082ac,7c72a0cfc64d38509b262a4e85c84d9a,delivered,2016-10-07 16:56:35,2016-10-07 17:32:43,2016-10-21 11:47:21,2016-10-26 15:27:35,2016-11-29,b10f780a5e22a8c7fbce07bb3da6eeff,2016-10-07
2e24f57cfbde9ac54cad13561f686405,7ddbef6570ce49a2e88b2f9ccf3447e3,delivered,2018-03-20 07:18:03,2018-03-20 07:30:24,2018-03-20 21:07:01,2018-04-04 02:49:03,2018-04-25,607f4c2924c362edbfbb34ef76a02342,2018-03-20
61e77ed77c68e38c1aa62a278004d84a,5816fca433ad77009526448784035891,delivered,2017-12-12 09:53:59,2017-12-12 10:10:01,2017-12-19 09:37:08,2018-01-08 20:41:20,2018-01-09,86b59358310b208f822e416e59c96672,2017-12-12
dfa6eead1006319e9774de25417757a7,1b6d9168534fafc4d2bab71ae7641bc9,delivered,2018-05-16 15:48:09,2018-05-17 08:36:20,2018-05-18 13:09:00,2018-06-20 15:12:04,2018-06-07,4c0dc4c1650460e296cf9e51ea06c993,2018-05-16
e8c2e13dbaea9f65abb449dc65d6e883,a15c67482d2f013c666533a2ea5bfdd1,delivered,2017-12-19 02:07:06,2017-12-20 06:53:35,2017-12-21 21:56:45,2018-01-11 00:24:25,2018-01-17,a05a48b0bebd43d306554058d5c3bfbd,2017-12-19
553901a853048dcd33ec8de19f90c5d0,2388aa012998ef93f125d6879d212988,delivered,2018-03-20 12:07:02,2018-03-20 12:28:41,2018-03-21 19:06:54,2018-04-05 18:06:49,2018-04-11,1324de87a5e776ea480964323dc6f21f,2018-03-20
dcb965b6963d2375946c5b2eeb316e6a,d14d3c023b1b86bb3dea4f86a1605550,delivered,2018-05-10 10:24:31,2018-05-10 10:35:26,2018-05-17 12:41:00,2018-05-26 14:05:22,2018-05-30,d28ea9c0aac1e58a485da5324aae949f,2018-05-10
0bb961fd58668c43ce2c6f3a77d2a8fb,177b9f223bb2b6492afde4edf469cd42,delivered,2017-05-07 13:05:07,2017-05-07 13:15:19,2017-05-17 11:56:30,2017-05-22 15:12:49,2017-05-31,cc6e8e47001f7d0a137b911291923ddb,2017-05-07
ed58e77f9c5a53fc829b4baee5a51176,073a7ec0949bf6ffd2bb83c37d21bc7e,delivered,2017-09-01 16:30:59,2017-09-01 16:45:13,2017-09-04 19:12:21,2017-09-08 20:33:04,2017-09-25,6ca566e77a13d0eb5d55c336b17f10fb,2017-09-01
5790dbdc91eb7734cb388aff90dae5ec,40fc910474450a1bc510f13c815fbe6c,delivered,2017-06-29 20:05:48,2017-07-01 04:55:28,2017-07-04 15:23:31,2017-07-12 18:41:42,2017-07-21,3a2efb503fe6b768a1eeca1b3b625186,2017-06-29
d990526f202ea1d06ad6499335471813,43cf5c021101b95e957e82e284dc2324,delivered,2018-02-26 12:53:38,2018-02-26 13:10:57,2018-03-08 21:04:22,2018-03-14 21:16:38,2018-03-20,6a7bb05f9b6860beb4533af2fde2298d,2018-02-26
74131c82f1f2851457118d475695b53e,46f4551612ffa07681d156331f499870,delivered,2017-06-19 17:58:40,2017-06-20 10:45:10,2017-06-21 18:17:50,2017-06-30 09:33:01,2017-07-07,286981bcb37cb55d725d9f2c3bf72c2a,2017-06-19
9e90d3417febc765dab430e5b13eba4a,615ae03628ffbaa1528e224c110de32d,delivered,2018-03-23 22:15:02,2018-03-27 03:35:17,2018-03-27 21:34:35,2018-03-28 22:48:52,2018-04-05,204e4eb7fab7250655e67b221ded1fbc,2018-03-23
b21f839962bbc030f2dbab44e96b92bb,78031c6c49962368cd106970d99989c8,delivered,2017-10-12 17:21:12,2017-10-12 17:36:07,2017-10-17 16:42:20,2017-10-19 18:12:21,2017-10-30,c8df8e325a90104f7d90691fcd915a37,2017-10-12
e277b1138569691c38391eeb121f3176,428560ef08acf12593e57465e2601458,delivered,2018-05-14 11:53:39,2018-05-14 12:17:12,2018-05-18 07:20:00,2018-06-12 15:37:49,2018-06-05,c9e6a2d9b3fd9f03ce017625e50694d4,2018-05-14
ee2f263ecb1aa5eb20d84c8411acd9e6,87697468fc283a0368b9ccd45855c897,delivered,2017-12-02 17:26:05,2017-12-02 17:38:25,2017-12-05 22:58:47,2017-12-11 19:14:27,2017-12-20,1376526de7f8d851f34bcd6707dcd622,2017-12-02
5f9a36af29314160716f48be9b146d03,61a91e87a49f40f2f34a13132bf8262a,delivered,2018-06-12 16:02:59,2018-06-13 08:34:31,2018-06-13 15:11:00,2018-06-21 14:26:43,2018-07-18,58c5b67c61ad021f18d92170dea1d75c,2018-06-12
8ae0da24fb052b94dbf0d5c1527cda13,7c4b99c0b7dc418cdd03b6b5977f8a1c,delivered,2018-03-18 18:52:10,2018-03-18 19:05:26,2018-03-21 21:05:10,2018-04-26 16:48:30,2018-04-19,8b32e709ecfd2091fb82496f477b3480,2018-03-18
593823b9588a494c8015438b207ee60a,41271485815b01707d141062315f16a8,delivered,2017-12-11 15:00:24,2017-12-11 15:10:51,2017-12-12 20:23:17,2018-01-15 23:52:08,2018-01-12,ef0a8d2605a81782c6a3c46d62a908e8,2017-12-11
9ee8bdfa62948fb9721333d914c9a090,237090dc5fb5212fc44befee2ac8ce3e,delivered,2018-05-24 15:25:04,2018-05-24 15:53:28,2018-05-25 14:45:00,2018-06-04 21:24:27,2018-06-21,ada9d7ad2d8bd8518b323ec8bfcfba88,2018-05-24
2a54e112de618e1603bfc032d05b0828,5cfe4fd9c19847b1ca6e3654d1f2e23c,delivered,2017-06-05 22:54:29,2017-06-05 23:05:21,2017-06-06 14:12:32,2017-06-14 17:30:13,2017-07-06,4a3b97f14ae31aa0b516b3057e862377,2017-06-05
5908b5d4980d0d7dc2af4e0b324080b8,884dc0362088b9f64d64ae88bd7c0b56,delivered,2017-11-09 22:46:03,2017-11-09 23:07:03,2017-11-10 20:08:58,2017-11-20 21:41:22,2017-12-01,bd2b3678a31c7acff94791bd2ffce860,2017-11-09
4fe73718f01ee4a8a5edb8f5c72d1994,051eca5824715d378df187a46e1005e5,delivered,2017-08-21 22:49:20,2017-08-21 23:05:30,2017-08-24 22:05:02,2017-09-01 20:52:00,2017-09-25,7e7f74ebcb61f6fba286b37002d3f93c,2017-08-21
dcd9141cf681c0a831e8988b32156d3c,7558e6beb7efdd069ac43b97f4f8e67d,delivered,2018-05-28 11:35:37,2018-05-28 11:54:32,2018-05-28 14:09:00,2018-06-08 18:20:14,2018-07-03,975fd7a50474637f35629c9f8028b093,2018-05-28
95e97906186d7174caa3a682de6d7653,2ef0049219fc82f93b6745d96514752f,delivered,2017-07-16 15:43:59,2017-07-16 15:55:11,2017-07-19 01:12:26,2017-07-24 19:13:53,2017-08-04,2e7ab114267a45718e2bdf68635d45a5,2017-07-16
03a8aa5d0860898d421c46247011c686,36be0c3653ce387a9c5918cfdae9b053,canceled,2017-05-31 19:02:28,2017-05-31 19:15:20,,,2017-06-21,c20faf88190ac7185d11a3f454df0b62,2017-05-31
65b89d1e2082d73e4d6a75335726a26f,f9accb2d97dc33b75ccc658df7e89236,delivered,2017-03-28 16:31:00,2017-03-28 16:45:16,2017-03-29 09:03:43,2017-04-05 13:33:46,2017-04-19,a00a13ac36037d575bb016caf8f50d53,2017-03-28
22deced3dedb44ec0bb55c504cc4f062,7c17b9b121e044da69d1d40e004c3d23,delivered,2018-07-20 18:39:50,2018-07-20 18:50:18,2018-07-27 13:41:00,2018-08-02 21:11:46,2018-08-16,72266f20c4be9cfe463262b3d7b1a9c5,2018-07-20
9f358b9edd5ae6ebf530277dfefa73a0,666d0c042d5be46b54fd2ed19d7e8402,delivered,2017-11-21 17:36:50,2017-11-21 17:47:08,2017-11-27 16:16:44,2017-12-10 14:19:18,2017-12-15,a2a9e6be1091b22195b652b01a316bd5,2017-11-21
02d273267575a29864f552b2de598580,fb6895f16f2b933e56af615dbcecf0aa,delivered,2018-05-28 17:31:20,2018-05-28 17:55:50,2018-05-30 07:59:00,2018-06-13 15:04:52,2018-06-29,6d06d8848091c6055d728ba3ec366536,2018-05-28
e06ca49e4892725cc2a5425f4d39048a,be8e1d862fb63fadec701434deb1b148,delivered,2018-06-13 15:53:35,2018-06-13 16:19:40,2018-06-14 12:53:00,2018-06-25 21:42:25,2018-07-19,bf244ab2ac8d4058e8b895effd305a8e,2018-06-13
24f17834d1edff2ec50e2fb099896d80,acf07b411528c13274e71b7263974253,delivered,2017-08-26 18:31:19,2017-08-26 18:44:28,2017-08-29 18:22:45,2017-09-06 18:07:03,2017-09-20,51d91326ffc0688da14a001de38c264b,2017-08-26
8d1156c96377d15036fe5866d7c2b1c9,17f815b13cf89817bfd90065eb1b69b4,delivered,2017-05-05 13:42:09,2017-05-05 13:55:23,2017-05-11 09:23:59,2017-05-16 11:47:01,2017-06-01,915ea9bfa106272fe935fa19eda98e79,2017-05-05
c771950ab68648b121a30c7de076dbf8,b27858324d445bc99dc2942997658556,delivered,2017-11-14 00:28:51,2017-11-14 00:50:26,2017-11-25 02:24:52,2017-11-25 20:11:49,2017-11-28,d2fbb5aeaf313122fb40a45ef567a7ce,2017-11-14
ca8abc474e7636166e173909fa9973ce,8443f32ce8f32007d1bb7beca8f386da,delivered,2018-04-29 18:45:34,2018-05-01 06:12:49,2018-05-02 10:02:00,2018-05-08 20:22:30,2018-05-24,18f5297f0b1726510b921f957cc9d831,2018-04-29
ad7d812f43f6308a7105fecab91fe3c1,3743de9608dba0325a5534fff7c367d6,delivered,2017-05-02 16:01:55,2017-05-04 02:51:00,2017-05-09 12:17:33,2017-05-22 18:03:52,2017-06-16,3e5c928acf49c4b95e57af1f350d3493,2017-05-02
27de70aab873d2512659020719964c2a,3de38d0a33d028dfbcf7579f55303287,delivered,2018-05-17 16:37:29,2018-05-18 00:14:46,2018-05-18 09:54:00,2018-06-09 14:22:02,2018-06-22,2ae074b2130d62bb371ac2e1c72564c7,2018-05-17
837b75362f8a7c08c85182dfd16cb72d,fb12883b50e7a807962b3f0acd743169,delivered,2018-08-06 17:41:49,2018-08-07 04:15:33,2018-08-10 19:52:00,2018-08-15 01:38:58,2018-08-09,81e4010e03542920c2ed6a9e4e818c5a,2018-08-06
74fa746e5f8f120282d292d136d7eb8d,b5d1c63873b83d5f19219f4c99c4f957,delivered,2017-11-28 18:37:29,2017-11-28 18:56:57,2017-11-30 00:13:25,2017-12-13 16:16:59,2017-12-19,986bbef397a31081e35344fcb2c7fb24,2017-11-28
33ca67f12b946d8830eb3805cc63761b,18e8c826c91f467ecc07f9e1447b8860,delivered,2017-08-21 13:10:55,2017-08-21 13:25:11,2017-08-22 19:17:04,2017-08-31 19:49:58,2017-09-15,ab736d55394003ef6b944de2cfd3de13,2017-08-21
e7b2fd1afe0ea1687d1766b2b4f2d197,1e343e03e0136219d697f62fb5d9b962,delivered,2018-05-14 14:34:21,2018-05-14 14:51:20,2018-05-25 13:06:00,2018-06-05 18:38:46,2018-06-19,76aa828a180266cdd5d1b32bddae4047,2018-05-14
d32e51406daab72e2dceefb08b096e13,7139a35b7933e0fb709bb8b33a28e408,delivered,2018-07-03 13:39:25,2018-07-05 16:26:40,2018-07-04 11:36:00,2018-07-13 14:08:44,2018-08-06,9c4e9cdeb7afe29d1395506e385c468b,2018-07-03
58c3b9078e5980f72acd38350898f93d,d3cb6584f820e1ade0b4c054fe5b0e1c,delivered,2018-01-22 12:07:05,2018-01-22 14:54:24,2018-01-31 20:36:58,2018-02-16 13:32:04,2018-02-16,a90bbf7b5df8db48d17feac3314636e5,2018-01-22
4810bc72b32b9b06d7962b3c645faea2,7f2b3135700ee34aabe5bb580cd04ddd,delivered,2018-03-26 18:36:31,2018-03-26 18:47:25,2018-03-28 17:18:26,2018-04-13 21:26:51,2018-04-24,ef9a35567120657ebe2daf5889bdc777,2018-03-26
9c5921e983142d2f7a3416864c6e64bf,324c9f379509b9746f28abfb4b235b72,delivered,2018-06-19 10:33:38,2018-06-19 10:55:58,2018-06-20 13:38:00,2018-06-26 18:15:29,2018-07-26,078bbabc3259184e037b720543d4c90a,2018-06-19
b1b6f4555a67701822ee36e2d35d7043,f9e7b0ff9161b2eab0a9b8b1d71052f5,delivered,2018-06-29 16:22:54,2018-06-29 16:35:19,2018-07-04 11:55:00,2018-07-06 17:18:21,2018-07-23,f4c75f24ead36ce13bbbcac1d11cb253,2018-06-29
e80857672c0e282974edfbb1540c4193,8e3564ee2cad977c82e283237ac1ada5,delivered,2017-11-13 08:08:12,2017-11-13 08:26:25,2017-11-17 21:27:28,2017-11-28 22:38:56,2017-12-07,feedc42d8c47fd3c611675735b094c54,2017-11-13
44e608f2db00c74a1fe329de44416a4e,a81ebb9b32f102298c0c89635b4b3154,delivered,2018-02-28 11:15:41,2018-02-28 11:32:42,2018-03-01 20:09:30,2018-03-16 19:02:51,2018-03-26,00053a61a98854899e70ed204dd4bafe,2018-02-28
623d9c7205ead428a68b210b93e69148,7d7fc89ea76913eeb562675ed70cb77f,delivered,2018-03-19 09:34:03,2018-03-20 03:35:47,2018-03-21 21:27:47,2018-03-24 18:08:32,2018-03-29,6df2dbb5ec4a3c72ffc716d264b4b425,2018-03-19
27e664e45fbc72051ec6482958367303,f7ac3766e4ab47dfe7a63adaceb81f00,delivered,2018-01-08 23:19:44,2018-01-08 23:35:17,2018-01-13 01:41:52,2018-01-18 19:13:34,2018-01-31,8569b1ec8de431c141526e02e3ac0d35,2018-01-08
2a2ef9160ab84c882e54ed20bf50d860,be9eeada72fc848dd43a78665d8fba1c,delivered,2018-05-14 15:15:56,2018-05-14 15:33:40,2018-05-15 13:59:00,2018-05-22 12:54:47,2018-06-05,e4a6746e29248bdf50b21b1e6584b01c,2018-05-14
28fca12474d528012be6d7def6e7bc20,2385fa7e4de2b07ebe7891dcf18d1305,delivered,2018-07-16 12:14:09,2018-07-16 12:25:13,2018-07-16 13:52:00,2018-07-18 11:50:41,2018-07-30,18a92b418073ab012ced47b5bfb61e0f,2018-07-16
d0269d8e6e340202e519f59cefeb094d,661ab54307d752dcc15fd85d731c0999,delivered,2017-09-18 10:42:04,2017-09-18 10:55:49,2017-09-25 18:04:21,2017-10-05 17:48:03,2017-09-28,a10c0d1e68e919e3d91ed940a0ba6aed,2017-09-18
c506776ed3d58a361a80072d7f97aaa5,2177e258ac5a20cb7353b00cf46cf86e,delivered,2018-08-12 20:01:15,2018-08-12 20:15:15,2018-08-15 12:12:00,2018-08-21 00:16:54,2018-09-10,3655eeed8edb6b61ad8522a4a0e60391,2018-08-12
99dc6d9fbacb076c3843ffdc647b3c11,83ebae14081d4c34019e8c1811df86f7,delivered,2018-06-16 22:52:32,2018-06-16 23:15:51,2018-06-18 13:54:00,2018-07-06 00:42:52,2018-07-24,5d88bd88c9579a989ddc851c82b0e5bd,2018-06-16
89fd0af8914b1f149a531f98a183a860,7dbd2b1c0d210755360a6c81be88abb5,delivered,2017-02-27 23:20:38,2017-02-27 23:33:51,2017-03-01 13:48:55,2017-03-14 08:04:13,2017-04-03,8d90f7cc575d7fef01d4416dd9f795de,2017-02-27
1c5e3d274e2a344cf83867e03db6968a,37a9571e984375971977606cb55bb504,delivered,2018-07-09 20:56:10,2018-07-09 21:05:55,2018-07-10 10:03:00,2018-07-12 20:10:58,2018-07-24,65641f92e86c91daeeca2ae0114ef703,2018-07-09
64f166c3f77ffed0b8f2eedba778c745,587f185c63635af73e29e532a6713e2c,delivered,2017-12-16 17:38:32,2017-12-16 17:51:25,2017-12-18 17:42:49,2017-12-23 11:48:56,2018-01-12,fd4acd9dd42ff70a1b28132163d543e8,2017-12-16
ee325c04d0f6f16a001026ea4d5f4b13,eca67133f1e8256d6f6894e49ad2a5ab,delivered,2018-08-08 11:46:42,2018-08-08 12:05:06,2018-08-09 12:51:00,2018-08-14 21:28:36,2018-08-15,4c1d5130a8d1d1edc9a7977504b2d40d,2018-08-08
6d54b2636a61d610eb2adc5784fbe99e,cf2eb83b0b6636d455c57e6c048e2df3,delivered,2017-03-19 19:05:15,2017-03-19 19:05:15,2017-03-21 10:37:05,2017-03-27 14:33:07,2017-04-10,bdc9d7c00e3c150456e58df4cfc2d2c8,2017-03-19
2de47e473306065fb0cd0322d8d9952b,fcba0880d404156b4c9d6361b68f16af,unavailable,2017-10-25 13:15:01,2017-10-25 13:29:04,,,2017-11-16,3174c4e21145aed6e4fe22a8f8634763,2017-10-25
9c8b8ff59ab268b976e66d35464ac79b,f221dd968c17b94730bd38fd6fdd37ea,delivered,2017-09-01 21:50:49,2017-09-01 22:25:32,2017-09-04 20:43:12,2017-09-12 15:22:52,2017-09-21,dac0540077981a7fd7524504a8785267,2017-09-01
962acb5668d26068e35cc8c6f7f65e73,88e07c0e266bebbd0e4867ff1bdbffbe,delivered,2017-03-24 15:09:44,2017-03-25 02:16:12,2017-03-27 17:50:18,2017-03-29 12:58:01,2017-04-13,8163a1aaa6da7b99c881995e4f45a983,2017-03-24
bee12e8653a04e76786e8891cfb6330a,448945bc713d98b6726e82eda6249b9e,delivered,2018-08-29 08:46:11,2018-08-29 09:04:10,2018-08-29 13:03:00,2018-08-30 21:54:45,2018-09-11,afbcfd0b9c5233e7ccc73428526fbb52,2018-08-29
359352820ef7acbc4def738b048f2d6c,2815da103e2929fd06a7b2129153fedc,delivered,2017-05-02 10:18:30,2017-05-04 10:35:17,2017-05-04 17:18:48,2017-05-29 13:49:21,2017-06-06,2573467bea86fae9af4db442a1ef23bc,2017-05-02
3fbc3af8ff8fea319d3a050846cfe092,907abd9d16df0ca30fc8c855031da045,delivered,2017-12-11 15:58:13,2017-12-11 16:43:06,2017-12-22 17:32:42,2018-01-05 20:19:29,2018-01-26,e7122d936e3c5028c45df3228671cda9,2017-12-11
cad07bb1dea448e4277d6bb42be1c1af,1043c3cb23bfc3503414f94be4130220,delivered,2017-11-27 00:07:01,2017-11-27 00:19:26,2017-12-15 00:09:34,2017-12-28 19:17:58,2017-12-22,1c39c97eda972b5229e94dad96ccfbb5,2017-11-27
a082ee10e419cde2da809dae1c4a47ae,6d10e0ce7d75bda911b1e2f5f99d8843,delivered,2017-09-15 14:17:12,2017-09-15 14:25:20,2017-09-21 11:58:14,2017-10-06 17:50:27,2017-10-16,2296f6a5a91fa8639fd18c7f180be129,2017-09-15
bd47e5f8eaab83d29f99b4079683de37,f153799162eb778d9f56031c0b4b8817,delivered,2017-09-24 14:02:27,2017-09-24 14:24:14,2017-09-28 13:50:01,2017-10-09 22:53:32,2017-10-20,62293831202a306fd978b4826dc1d965,2017-09-24
5b5474feb28b0c13b0da3b019883a9c2,b66df3d8c09687e66b43c966f7d6e718,delivered,2017-11-13 13:44:39,2017-11-13 14:07:13,2017-11-16 21:51:15,2017-11-21 20:54:03,2017-11-27,af8e9836db54b841ed52923b2d5a1d91,2017-11-13
d8871dabf991b93f323970274f492e85,87135d156578200c9b003917ce3cdc4e,delivered,2017-12-05 13:56:10,2017-12-05 14:30:55,2017-12-11 20:32:16,2018-01-11 21:37:05,2017-12-29,cd2fa24d6cf522bf1736fd72429dbe56,2017-12-05
8fc923d372690f0c1bfe010787d3400e,466aad6120bc9aa6be20d8dc0e9b6e1b,delivered,2017-04-23 12:16:52,2017-04-23 12:30:22,2017-04-25 09:53:45,2017-05-09 11:23:15,2017-05-23,992143aff0c52bffd8d709bd00f57465,2017-04-23
f97ceada945c2f47998a4005f87f475d,1295c00ce6a0b5d21e8e2efe0540dd01,delivered,2018-02-03 12:11:03,2018-02-03 12:27:16,2018-02-05 22:14:25,2018-02-28 16:49:02,2018-03-06,0331ceffb5757c1ca368a6c4ed73ae3a,2018-02-03
9a03b3e45e1da9f1e9855278e52b147a,5d7e41996aae2db6784ec77ee6fd6f6b,delivered,2018-07-20 23:02:49,2018-07-21 18:04:05,2018-07-23 11:39:00,2018-07-24 18:28:52,2018-07-30,ac2465a5d0b07f90b2f5ac6943f1e6da,2018-07-20
9a9d4d2b13aef65ec14f49dcf366f12f,618f4fb2d1875c43b1821d6280d6e5e2,delivered,2018-07-23 14:13:15,2018-07-24 11:32:28,2018-07-25 14:00:00,2018-07-30 23:15:47,2018-08-09,4647dada7eacabaaaf65edea85ddae43,2018-07-23
357d703c2617fae0640c2831d1418993,c86d591880da35f17546e2be58e66660,delivered,2018-01-17 19:59:51,2018-01-17 20:11:28,2018-01-18 16:46:46,2018-01-23 16:19:06,2018-02-09,bd155cc5b3221f71c92bb6e61318a2db,2018-01-17
241592e5920372dd08fcb5c8c6fbac75,7899fbccf8693b0b8eb6bf29ea1fa6c8,delivered,2017-08-27 18:28:26,2017-08-29 04:35:51,2017-08-31 21:09:49,2017-09-12 12:15:37,2017-09-18,a215252cef9364dc0c15c45beba9b50d,2017-08-27
28b219f462742fe93f57a52d18b67612,7ea93403888146228962dbe5e238a903,shipped,2017-09-28 12:19:33,2017-09-30 02:28:31,2017-10-04 22:46:27,,2017-10-26,f6884f30dad99ce89b8e384d84990333,2017-09-28
2be69b19c3402f7c2ac375f252022d70,7f7b5099d28accf45603fbc7a9fda452,delivered,2018-04-23 15:37:59,2018-04-24 17:12:45,2018-04-24 23:37:41,2018-05-14 19:13:44,2018-05-17,086f85b4c326262b4fcaa419914c949a,2018-04-23
6de5cb2a6bbde83681d778ff903220e2,e121c88ab9ef77fb3ee49328781bb5c9,delivered,2017-12-26 19:22:56,2017-12-26 20:31:00,2018-01-02 17:58:05,2018-01-04 21:32:24,2018-01-15,5ff547788ef8da9f06fa13da14db9509,2017-12-26
669d4be1c2a2cab7e5ec040bf54c5d91,f7fd335725f778c5e85be886b3ac21ee,delivered,2018-04-15 18:05:33,2018-04-15 18:30:46,2018-04-16 15:14:41,2018-04-26 17:58:30,2018-05-23,beb8aac45af8e0de5e4cd146432b9e84,2018-04-15
f4a613f13687a59ba108a5ad756d73e6,e6cd6ca84cc5b5890a35a19c1efab9e7,delivered,2017-11-28 11:22:27,2017-11-28 11:41:20,2017-11-29 16:17:57,2017-12-11 18:52:45,2017-12-18,f455e02e6a81e11652c1dcf24c1b3d43,2017-11-28
ef2570b7f7f75c08b117f1d8db2a030e,306a3c60e7ec65507ec50047f66b01f9,delivered,2018-06-18 12:18:58,2018-06-18 12:37:30,2018-06-18 14:06:00,2018-06-29 19:47:33,2018-07-30,d03f7e8e22b8a0e58eeb433ff0de1954,2018-06-18
2fd35ca971609b8f8f878d87262e6fbd,df4d74be9d8b7c457835b674c08a1360,delivered,2017-07-26 10:05:30,2017-07-27 10:22:47,2017-07-27 20:28:59,2017-08-04 17:57:36,2017-08-17,b60d47f5f8de9fbc6cf1c1fedeab9f0e,2017-07-26
febcb6742e4652312e996b6bc7fbcdd8,414473afb9a8e920051c8ecd9e3a59a3,delivered,2018-03-06 15:28:00,2018-03-07 02:49:05,2018-03-30 01:32:33,2018-04-13 22:46:35,2018-03-27,ca9806cbb76d206bcaf866f3e42d3879,2018-03-06
333836c2e85611f0f64e5c36e9a475e9,478405e8df3b9abb7f2bd5c8fd77df89,delivered,2018-05-24 07:54:51,2018-05-24 08:19:39,2018-05-24 10:03:00,2018-06-02 15:47:21,2018-06-20,2e8c309e3c6b45f7aa179c7db44a1986,2018-05-24
f1b8058b666097152bfa8495286f8c61,6cd52f4d9b9cbbb03ec1e32184fa50d3,delivered,2018-08-07 00:35:20,2018-08-07 00:45:12,2018-08-07 06:24:00,2018-08-09 14:45:33,2018-08-15,72abcd406bff5122c45828b69034479b,2018-08-07
eca263405c1efe4ad165ef533868620f,b433290fdbd7a32a08cc233d445c4692,delivered,2017-08-11 21:08:04,2017-08-11 21:50:15,2017-08-14 20:53:47,2017-08-25 18:51:59,2017-09-06,a0361c0779cda9416bf7aba3a0f7884b,2017-08-11
ac5f6eb714ea7a0e9fc48eaa34d3eab8,8172842da78a488cb74d25ea99c0b656,delivered,2018-02-24 13:31:40,2018-02-24 13:47:38,2018-02-27 14:19:15,2018-03-27 13:21:22,2018-04-02,2ad92a8ebf1160ccadcac9cf4734273c,2018-02-24
8fc3842e23d0010bd7f86eed9c0b3c78,af1a1b36e6fec8d5e9afb04504ceefd6,delivered,2018-08-04 19:06:19,2018-08-04 19:15:19,2018-08-07 12:33:00,2018-08-13 17:38:44,2018-08-22,c24418a742a0d8fdf59827fd30d5e01e,2018-08-04
c0e1cfdba23aaae17319b780a91978af,abcabc7d0046930c04f966c3d8d5d9d4,delivered,2017-11-24 17:28:24,2017-11-28 02:51:28,2017-11-28 21:31:49,2017-12-04 20:23:14,2017-12-15,7784d05ea2ca9d8da18bfc63fcaa0820,2017-11-24
14fda766f6a1e0a37886b3e8fcf8bde1,0e1cf9332ab9b502f469458da2a5e7e9,delivered,2018-04-01 22:38:52,2018-04-01 22:50:16,2018-04-04 22:10:53,2018-04-11 14:48:22,2018-05-04,59c8a5cd77084bf4691e712de2d68213,2018-04-01
808ee3e83e953036fd17d57aaa3d6a88,6ac34ca71b338a6c6f2a929bb5da5d5f,delivered,2018-05-15 20:24:24,2018-05-15 20:55:50,2018-05-29 14:59:00,2018-06-04 14:42:09,2018-06-18,2f90c65427c62f4e5195bebe854b0a55,2018-05-15
8ea18c94420645b8bd579dac65636c1d,b31c763b3d3b41630c903bc99fbca4fc,delivered,2017-11-24 14:41:26,2017-11-24 16:52:56,2017-11-28 17:56:45,2017-12-16 16:05:16,2017-12-28,bcf958b042ece5fd995de0dabb3abf56,2017-11-24
57d9af1de34ab593d3ecb3c06abfc12a,ac89ebd5f9c1ee754571497f4834218c,delivered,2018-03-07 19:22:03,2018-03-09 02:31:12,2018-03-09 21:34:35,2018-04-11 11:25:48,2018-04-09,6809aa2f1ac30ca945cc05e73aa99e18,2018-03-07
109ff01cec6b68a8e70ed431552b9be0,43c9df3440bc8c9934f5aabc6a51f0eb,delivered,2017-10-02 20:17:41,2017-10-02 20:35:22,2017-10-05 19:44:49,2017-10-20 18:02:36,2017-10-27,ae4715147897077d29135c4b99cfd5ba,2017-10-02
d4ab24f781df0efaa8d664c145241296,0d7f715445e008343eee592c11f0fb12,delivered,2018-08-07 21:37:09,2018-08-07 21:45:18,2018-08-15 06:31:00,2018-08-18 02:27:43,2018-08-27,485f1a21b1d956898035a6affa72b28b,2018-08-07
56cdfcbf34dbccee2a6ee43ac8382ec1,3e3fa4f86f34eef3b2eb0211c5657bf6,delivered,2017-07-20 15:55:45,2017-07-20 16:05:27,2017-07-24 12:41:43,2017-07-28 19:48:28,2017-08-11,f35d2ef8ed8e757eabb0dc3aadfe0ad0,2017-07-20
e62912b263a0f5d857c4bc391a058bd7,e5d894674c4196c5e5bec079f7bf333d,delivered,2017-07-10 23:21:48,2017-07-11 00:43:32,2017-07-11 18:56:30,2017-08-02 19:40:23,2017-08-03,3723a7d0f3e94f89a699345a24207e8f,2017-07-10
a631c77f946e5131c16618c1d0453970,22a8e041ede8a10e2606780b45b30ae3,delivered,2017-11-24 00:26:01,2017-11-24 00:56:29,2017-11-27 22:11:54,2017-12-04 23:58:56,2017-12-14,9bca37310a1cc59159af130954a00334,2017-11-24
4f1792824612bbcd94a21516822b86c6,0e25751aed3867969ec7663ecaf9f9e9,delivered,2017-06-24 17:20:04,2017-06-24 17:35:14,2017-06-26 15:25:06,2017-07-04 17:17:52,2017-07-17,8a4052a7a6c4a77059b0bb8dcd37ab7a,2017-06-24
9fbbd9e1516b7cbce439d5f07dd07f98,3db589c1c823079b172751f6330c5fd5,delivered,2018-04-12 18:47:28,2018-04-12 19:13:25,2018-04-14 00:04:07,2018-04-16 21:26:21,2018-04-30,49c5ef1f262be01b80383cd169a74cc2,2018-04-12
b5f7524b957bdf9bba63541b933c1fa9,73b78086ff774603121ae9c25de7056c,delivered,2018-04-18 10:46:28,2018-04-18 10:55:20,2018-04-19 00:22:32,2018-04-24 23:22:34,2018-05-08,89e3027de49c3012858cfeb7f5a34f59,2018-04-18
a0726e4fe3c5c989d0f89d5432c905b1,0899ee3a7b3e045cb930b5f394293736,delivered,2017-02-21 15:32:27,2017-02-21 15:42:29,2017-02-23 14:36:13,2017-03-01 05:59:03,2017-03-20,035fe666eaf44eb44ec1967c30710ddb,2017-02-21
0068fb0e223115e911d362627e8b8800,f0bc088c671f31458f73cc1a6a347842,delivered,2018-07-18 10:46:09,2018-07-19 02:50:11,2018-07-19 12:50:00,2018-07-25 21:04:16,2018-08-15,0a0c4bf0b7fcb55a0d43abff1ea4569f,2018-07-18
2b4dd5231bfa1c6ad0442c5f1964044c,0984d27d6583310ddaad418a2854ebb7,delivered,2017-04-02 08:45:42,2017-04-02 09:22:38,2017-04-03 14:41:12,2017-04-07 19:41:41,2017-04-24,ce0314fcb20275203d37f911693fb898,2017-04-02
7c785ca029b3cd40a7f840e44231789e,918fdddfd2af4b0037a357ec2af96e8e,delivered,2018-05-31 17:01:30,2018-06-02 03:31:43,2018-06-11 09:44:00,2018-06-12 19:48:48,2018-06-26,0d21c75cf38638bec391a55dcabdfc05,2018-05-31
554647072788557163baf06383119edb,6d886a0cde31871321a66ae2d5efebf4,delivered,2018-06-25 15:27:32,2018-06-25 15:57:55,2018-06-26 13:23:00,2018-06-27 17:08:50,2018-07-05,83e87d38981219b636282a1ae1ec7e8f,2018-06-25
6af80e57f1bc2293fff7058c7c583d46,45bc65e83bcb89103f2e5bbe2e429510,delivered,2017-08-10 22:52:11,2017-08-10 23:05:39,2017-08-11 13:24:58,2017-08-14 15:22:35,2017-08-23,54732c804725f94304b9f2d1107a3d6e,2017-08-10
786cae661e4ef4209fe7721d5b85cc7e,b10f39e5294484ce6a4982575ef56570,delivered,2018-05-10 07:12:19,2018-05-10 07:36:28,2018-05-10 07:39:00,2018-05-16 21:31:48,2018-06-12,ebdcff38570e8f463f6d0d6d48f0c3ef,2018-05-10
de28971a284d4d1aef005e7f16b36a52,da16a9b6d9f5be7c2266a76de19516e3,delivered,2018-02-01 14:49:34,2018-02-01 15:10:22,2018-02-02 20:19:08,2018-02-05 20:28:59,2018-02-23,4d1d50c8870f228ed23b3e89bc126a18,2018-02-01
bedc87ce363e6bf8c8868b96b2213ae4,88a98577c0d60c958eaaab2bf1e57f2b,delivered,2018-02-24 22:09:13,2018-02-27 04:31:10,2018-02-28 17:49:01,2018-03-09 00:58:29,2018-03-23,5f906880e2ce13b655bd34d324a48ea9,2018-02-24
257ed982e3ae46f669bcc0f8bcbbac26,3d912a1278304423ac4bf9805123825e,delivered,2017-09-19 10:30:53,2017-09-20 02:11:25,2017-09-20 21:13:53,2017-09-28 20:25:16,2017-10-19,564bc02acd888f7617b0d7c737d35aee,2017-09-19
8c2f915441bbfbd7a7b3ace56058f799,dee3552c1fc38b7497a491fdf5e76c4b,delivered,2018-02-06 13:32:02,2018-02-06 15:55:47,2018-02-08 20:21:36,2018-02-15 16:18:51,2018-03-08,1455eed41cb077c362c1163b937e823f,2018-02-06
f3fc3c963c2854345aac9d080936f879,fdecaebc4cd45fb928ea5b6a009f13bf,delivered,2017-03-30 17:48:08,2017-03-30 18:02:15,2017-04-05 16:18:05,2017-04-13 13:03:47,2017-04-19,95d06f61e0faf171d4c0cdb73a066027,2017-03-30
aaa01262ebed3a3f92e3f65995b83fe2,df8ac4f435671909cf15a66d06670f2f,delivered,2018-02-05 20:57:35,2018-02-05 21:10:59,2018-02-06 21:48:59,2018-02-15 15:23:58,2018-03-07,2533c08e536d5bb805fcac72ccb36345,2018-02-05
042649285cd08ef7c546445419b43407,8e4a0eaf18400c5715796fc724708d00,delivered,2018-03-13 15:24:32,2018-03-13 15:35:36,2018-03-15 23:07:58,2018-03-16 23:32:59,2018-04-16,da56ade83334e416439ec0cbe4b666d6,2018-03-13
e09b153d0bad5b30851a6bbdb7ee0cec,32f81dfde34db2ecce57cd3307ebe910,delivered,2017-11-19 10:04:04,2017-11-20 10:15:41,2017-11-21 21:58:01,2017-11-28 20:53:05,2017-12-12,120a6e1875940fe48a44d6cf30706230,2017-11-19
d684202253f5f00621b0afd578646f3d,8955e83ade1ca402f273a2941920a343,delivered,2017-10-02 13:21:22,2017-10-02 13:28:23,2017-10-04 19:36:51,2017-10-10 20:21:31,2017-10-25,0d0d4be2d80d6fbd026b791312f58268,2017-10-02
473ab4c505ede7fd6b8de460fb374905,f1014868705620b875d3956e154ac5b1,delivered,2018-03-12 21:26:31,2018-03-12 21:35:32,2018-03-19 17:18:28,2018-03-29 12:28:50,2018-04-04,18f818704eb57c4cc9352d7544650c63,2018-03-12
9d70ddf4f9027ee7e5f0851c480d3fbe,3ededc1f808f7482c3a034e1aa27e494,delivered,2017-11-22 15:36:42,2017-11-22 15:47:29,2017-11-23 18:27:12,2017-11-25 00:25:53,2017-12-04,9d2b062dc07734a1d7053478a7e83280,2017-11-22
5fe8c7141808af2ac47d98ff8a006ac5,3b74aecc92a9ddce62caa3abf0af14ed,delivered,2018-02-02 17:40:16,2018-02-03 02:52:46,2018-02-06 01:04:07,2018-02-19 17:33:49,2018-03-07,fb6ffdea3495cfb5236ef8dd1f18fbb1,2018-02-02
ba59ccae9b527b6fef4bd4418c91f70b,1bb460027f7333d51cc602eb692f1b8d,delivered,2017-06-11 18:01:24,2017-06-11 18:10:17,2017-06-12 17:10:53,2017-06-13 14:33:55,2017-06-29,a7f2edcd60f0eeb573b439042bcad226,2017-06-11
a01f80b1c91dc99c91af4f252c072052,af2fbb84d88e6790325d8e566bff63b5,delivered,2018-01-13 13:45:38,2018-01-16 06:29:39,2018-01-16 17:27:52,2018-01-29 12:22:30,2018-02-16,86d98f44b4dd40f323efc0144feb1b53,2018-01-13
f6159858215d35950f9f4270d7828c88,c1811682bcf67e76e41b49d217e69704,delivered,2018-06-28 09:49:26,2018-06-28 10:11:20,2018-06-29 09:22:00,2018-07-04 00:26:37,2018-07-18,83ae3211482988043fe83d0231270370,2018-06-28
d2b7e676fa9c3fde36377fc977f3c91b,2b3348bd84b2220c0bda4e4c9df8bf14,delivered,2018-03-31 15:52:54,2018-03-31 16:09:40,2018-04-02 17:31:19,2018-04-11 12:52:39,2018-04-30,39a225d51e4e310f48caeee5f5579a35,2018-03-31
fcb25cc2887d15b5373673a0630ad13a,3379c7a16d562a9dbdf4b6a3d55754b3,delivered,2017-09-03 17:20:56,2017-09-03 17:30:19,2017-09-05 20:40:00,2017-09-14 18:13:25,2017-09-21,3d7180d54d1d270196e1b6a82c50ef46,2017-09-03
ffecd5a79a0084f6a592288c67e3c298,8afa5a415d65a08e3a68b1d7f9ddd8a5,delivered,2018-02-27 20:00:25,2018-02-27 20:15:27,2018-02-28 20:54:52,2018-03-29 14:37:05,2018-03-22,a969e99358a58bed2f4073fd04165a2b,2018-02-27
ce3a36c0bcc4edf5c49a0a29b3da3963,b3af3ecddf3c4588121357ab183019b8,delivered,2018-03-02 20:37:29,2018-03-03 02:35:44,2018-03-06 21:16:58,2018-05-09 23:08:44,2018-03-22,28851a7f91fd1087baaaa471dfe40d4e,2018-03-02
7f05df42e3ae8f2e28d17d9be08995fb,8a0dace88e77177a26f71af2fd395f89,delivered,2018-02-26 09:52:56,2018-02-26 10:11:13,2018-02-27 20:55:12,2018-03-15 22:11:37,2018-03-16,39735e754fd0147ac6b0b910b710e6de,2018-02-26
fa2506002832d12e73c2ce6a100bfc93,99e449385ee6826cf1c1fa828896ac55,delivered,2018-01-13 21:52:26,2018-01-16 03:38:28,2018-01-17 15:33:23,2018-01-19 17:47:28,2018-02-02,cc46231d33a6bf86ac3283d3383b48d4,2018-01-13
f738c825ba638593b393a2c227db6fc7,c27dde1de4fba311ef762fadffb4a93b,delivered,2018-01-10 15:33:42,2018-01-10 15:48:49,2018-01-11 22:29:06,2018-01-25 17:28:42,2018-02-02,09310e5f8b0a45ef89b824cd83ab5252,2018-01-10
1eccd8d84c7f560cd79c788b091d42a7,6069f4c02e379b61ef014ef0b2fa3b26,delivered,2017-06-11 15:11:14,2017-06-11 15:35:16,2017-06-13 15:23:59,2017-06-28 15:05:37,2017-07-03,90422f757609ade507467f9175567361,2017-06-11
9027566b6cf8f9cb1b45a9cd0ae2ae4e,b9561d2c56cea4a34708b9ff796a6d59,delivered,2018-01-08 10:01:33,2018-01-08 10:09:22,2018-01-09 17:59:12,2018-01-17 19:24:37,2018-02-01,5620adf20d8c13e06bf36779bbc70c7b,2018-01-08
982f203457d0f597a575b40512d66b1d,ba58818419b9defea2521f95ed2d82ee,delivered,2018-02-20 19:07:20,2018-02-20 19:28:34,2018-02-21 19:33:30,2018-03-08 18:10:46,2018-03-16,dfe995865f498bf106aaec00758f6a8e,2018-02-20
de264356ec25b31b60efe9b940bf2253,ccb5fdddd38dc475e9d6f382728ba2c4,delivered,2017-02-15 00:17:46,2017-02-15 01:05:35,2017-02-17 15:34:37,2017-03-20 11:39:28,2017-03-24,af6df407c49dc18d7cca128229204fe9,2017-02-15
4a778bf83b14e5f0f74e35bf9dea4a7c,1067b68fcbcce6d777e098d24117941e,delivered,2018-02-18 18:06:55,2018-02-18 18:26:44,2018-02-20 16:09:01,2018-02-22 19:43:36,2018-03-06,c2f6235aa74caf5b3b21c12a429a0dcf,2018-02-18
25e23f5fbf3139c628fe56c126c97391,d127686ff1441587369d5bf73ab50e92,delivered,2018-05-15 09:51:46,2018-05-15 10:38:34,2018-05-17 18:51:00,2018-05-18 19:21:45,2018-05-24,04d72e3bcf0dbb259f2c98550640a179,2018-05-15
0e3ce0f00c0714004ef73e0b334ce130,caa66860ae0cc53f31d70c304a4d630a,delivered,2018-03-31 20:16:25,2018-04-03 05:15:36,2018-04-04 17:36:36,2018-04-18 16:13:06,2018-04-19,c544d413d864bf940eeb821070d7d00d,2018-03-31
0f4100ceeb7e6c856edfbb660c06757d,88804b4c3da363a0429636e65591ed68,delivered,2017-09-20 09:25:49,2017-09-20 09:35:19,2017-09-26 15:02:51,2017-09-29 19:58:56,2017-10-06,3dfefd315855cd80170b7fe60d6279f8,2017-09-20
f6b579d3cdf2be4e94886491e5756f5c,75049e113d5db07507bd6ac4cc33f46a,delivered,2017-08-07 13:18:05,2017-08-07 13:35:06,2017-08-08 18:23:52,2017-08-19 13:29:41,2017-09-08,0c6c15ab2473cc286e292af92a34be1c,2017-08-07
f778c1525f995ec52f0dacbef2b17b20,fd6563e034512a86655944116e76199b,delivered,2018-07-28 13:10:19,2018-07-28 14:30:34,2018-07-30 13:17:00,2018-08-03 20:22:37,2018-08-14,be0606f39c5d49fbc9ca5192e174a4b3,2018-07-28
3a0b1b5c52367a68f9deab55f3464a14,35162935be1761d5f1fe05a66870794e,unavailable,2018-03-19 16:22:05,2018-03-19 17:29:41,,,2018-05-10,a54a1749bd03dfe0d3642b7fbd888b47,2018-03-19
6808371a9f147369fa0db5ebc9cecc26,908b9f5f225602abc9631245385ed5ee,delivered,2017-09-08 14:47:40,2017-09-08 15:03:25,2017-09-12 19:33:15,2017-09-21 15:00:07,2017-10-02,329d013202109f3079446be910f5353b,2017-09-08
c5ddf6be2ae50588b29222f7b1fd84aa,a5440d1ba68ac00e8bec4120bff7a801,delivered,2018-08-16 22:12:44,2018-08-16 22:29:32,2018-08-17 12:12:00,2018-08-25 12:45:44,2018-09-10,3a6bdbb79e6f1c8a32976584c0bfd5a3,2018-08-16
5b33244d158adb23abb0d481fa052af8,b21ddd04ac484e7699022c699ec0b566,delivered,2018-06-15 14:26:18,2018-06-16 14:38:58,2018-06-18 13:12:00,2018-06-19 22:09:55,2018-07-03,e6ae3727da5a849a77c47c7d661bd152,2018-06-15
958c6a70e60365b576dd696ad29bbca2,5e0f7317756669ff7b384444dbb81fa3,delivered,2018-06-12 00:22:18,2018-06-12 01:35:10,2018-06-13 14:13:00,2018-06-14 14:58:59,2018-06-21,9620623f9ea546719cb3cd99bbb879a9,2018-06-12
b6d2a4da6b5b41064470dd14e2bcce18,d2accb931caad49a23dde54389796d21,delivered,2018-05-16 14:34:02,2018-05-16 15:59:15,2018-05-17 14:31:00,2018-06-02 15:03:16,2018-06-07,acc83ac63872768057abeeb08b4c43cf,2018-05-16
e339db2b9261f6f0d9d9f1c41b629050,4a233d3ddaec6844f5298c10fbde19b3,delivered,2018-02-16 17:15:38,2018-02-17 03:35:34,2018-02-19 17:05:59,2018-03-15 19:56:38,2018-03-13,8f05f653351954408ee421352e68336f,2018-02-16
0ee8c7c12be480dcd65c633d4a1c5ae0,0c828b1b8e436e8a4bbc26e8debd2895,delivered,2017-06-05 19:49:01,2017-06-05 20:02:00,2017-06-06 16:31:03,2017-06-16 17:17:54,2017-06-28,dfbc1ad2d51bcbd0a1b2bbdc21498852,2017-06-05
b7052b027c0d0f9034f466378c59248d,add5785e010249251e3af691ab7341b9,delivered,2018-06-10 00:17:39,2018-06-10 10:57:56,2018-06-12 14:22:00,2018-06-26 18:58:32,2018-06-21,84e7f7ff867ca2ebcdbe1f789aa7d2f5,2018-06-10
cd204f2c023b810c30b9d94d83549c84,60316082457ca4288ed89e75c9f9d50f,delivered,2018-03-04 10:13:05,2018-03-06 03:55:46,2018-03-08 01:24:35,2018-03-29 22:14:22,2018-04-06,4ac2c632ad4eb06bde1abf92c3aeb44a,2018-03-04
1355bd6c7fa80ea43bdecab48ff8052c,934a9204aacc7279a9db0896b83eb42e,delivered,2017-11-27 01:29:11,2017-11-27 01:37:23,2017-11-27 18:40:07,2017-12-04 20:49:08,2017-12-22,0f434e80c98c8d4e48a1563671234223,2017-11-27
89243c8b1f29ba7a225bdad8061fb473,7c8dba54b348b5f16f4e74a3042136c9,delivered,2018-08-04 13:54:21,2018-08-04 14:10:14,2018-08-07 12:10:00,2018-09-03 23:37:44,2018-08-21,4f6a76ff888ac68a646c515920c0f3e3,2018-08-04
3d0e84aa6695f156f958a00ca2a2745b,3cea18522d4d87f0397edbbbc5ce28e0,delivered,2018-01-24 21:31:57,2018-01-24 21:39:24,2018-01-29 17:56:51,2018-02-15 00:31:47,2018-03-05,aadd69366d3b2ff8d40da4f079a4fcf7,2018-01-24
6e86dd87eb30b6b70932e528415ff5c3,c0a1f831e9bc121e3d53685f89955059,delivered,2018-06-24 16:36:52,2018-06-26 05:13:09,2018-07-06 11:01:00,2018-07-11 19:57:26,2018-07-18,296d0b2c6acccdf4d6727b20e1f9f4a2,2018-06-24
d1a82e2009b5e83098aa37edae34c7c1,614cbde307d19568eece2a7529586d0d,delivered,2018-08-19 09:08:14,2018-08-20 11:10:32,2018-08-20 13:29:00,2018-08-21 21:03:16,2018-08-24,ecd33f750e25a3b5587a040a456a2854,2018-08-19
07fa3b6d7ec7fa27de9d00bdc93d36cf,9e4424cc993d9e0c8042f150f89a0a9a,delivered,2018-07-21 17:22:06,2018-07-21 17:30:20,2018-07-26 14:38:00,2018-07-30 22:31:17,2018-08-08,745cbae3ad0a811ab5cbf89c0ecdb280,2018-07-21
d4de0ad9ddefd13e60191fbc49925dc5,7ca3b9ef13b93f0aeea91fc136aa9d18,delivered,2018-07-13 12:49:07,2018-07-17 04:32:27,2018-07-17 13:19:00,2018-07-25 19:52:13,2018-08-23,f4cd22c5af30233740964d7aad3efee3,2018-07-13
1800f4a4362310d7eb38281634f6dfd1,40790a4297b4613ae3d984e5851426d3,delivered,2017-11-27 22:35:44,2017-11-27 22:56:32,2017-12-11 17:25:07,2017-12-22 19:49:01,2017-12-29,0e9e4d1bdc6bfbb9646cb1ecf19d696f,2017-11-27
a0bba9f8b36a29b7ee6af6df702b309d,4426e551bb8f71cd39ea13d731b82f0e,delivered,2017-04-05 01:11:04,2017-04-05 01:22:47,2017-04-07 11:14:20,2017-05-31 04:33:46,2017-05-04,f62da42a910ca0b93978f002ee5d0aef,2017-04-05
7ba811c4f38e665e7d51975915932651,d7b5bbb43bdc6bb9bab1b8c665b147b2,delivered,2017-02-24 22:00:25,2017-02-24 23:02:32,2017-03-01 14:57:51,2017-03-07 09:03:55,2017-03-23,d6f48612f979f7abee1f3964f30afa2c,2017-02-24
759fc48b9360c6710317b337b9e8a974,539758b1f5c9ed62617d6e9cc64c4bc3,delivered,2018-04-13 16:18:11,2018-04-13 16:35:34,2018-04-16 23:16:39,2018-04-18 15:02:57,2018-05-02,1772d62f5099be6942fbb3d3e881cc7c,2018-04-13
63b0cebdee19b42e809d4b45866eb42e,7fa1bd17bee66bdda615d4edf6cf068b,delivered,2018-03-06 14:44:37,2018-03-06 14:56:00,2018-03-06 23:48:57,2018-03-08 19:54:24,2018-03-16,99d588adae1c418734eaa816bc1d29d3,2018-03-06
8ce09fabe89667119f813bcaa531e675,86a86095c835b9ad8633982e96fd84bf,delivered,2018-08-04 17:54:31,2018-08-04 18:15:12,2018-08-15 11:18:00,2018-08-16 19:34:23,2018-08-09,55fbb64f60861980e74c4f136f304297,2018-08-04
189ce876121fdc47b810933fb0b4f4bd,f75ab93151297d3750ec2c9e9f9bb45d,delivered,2017-11-24 17:00:46,2017-11-24 20:37:28,2017-11-28 21:36:01,2017-12-04 20:09:09,2017-12-15,d92038d76dfe78418e9256a0a078c779,2017-11-24
40eca6a07bc5b53e520eb20f2d83997c,b81d8b14294e58ac9ec8fdf6a11e9da0,delivered,2017-05-15 12:07:03,2017-05-15 13:04:43,2017-05-15 15:33:33,2017-05-19 08:14:45,2017-06-08,e8b370122395d9979a0d319db8dbdfcb,2017-05-15
4ac122e6ce71a07175e5bf2551f02c40,7277b6486e43ef6b8756caa0be68fc6b,delivered,2018-07-22 21:23:58,2018-07-23 12:31:58,2018-07-24 13:26:00,2018-07-26 00:03:10,2018-08-02,14ad45db79e7e1f916815d7e8503eaff,2018-07-22
0c9b9834c09d4fbf6bbadf2b3fba9828,2a7650b65bcb266e812c0408d2bc2414,delivered,2017-11-25 18:24:33,2017-11-28 03:19:09,2017-12-01 21:51:56,2017-12-10 18:03:29,2017-12-15,b0cd87c4ef5fc1d8ce2c817690223a83,2017-11-25
163cbb0efa54de4c35c11766fedead72,6467ee8747385358f942ed9322f8071d,delivered,2017-11-10 22:13:14,2017-11-14 04:06:56,2017-11-16 23:41:49,2017-11-21 23:31:41,2017-11-30,f243d92252c77162d6ba60fb32a99bf7,2017-11-10
6a5664e1fb811235e24050acd7c68688,5804bbbaa7d649033a0587b33b6d76a1,delivered,2017-11-25 08:38:03,2017-11-25 08:55:24,2017-11-27 18:17:04,2017-12-06 17:12:07,2017-12-18,531f8d2a8f04b3fbbb76e35ceaf8dfe2,2017-11-25
684e88bdcc27e51aacd939bb710c5282,537b84e67dbd62e82198816b3e41404d,delivered,2018-01-26 14:51:46,2018-01-27 02:40:44,2018-01-31 01:27:47,2018-02-07 20:51:50,2018-02-21,9685725a8618241ee4b44021b972f3eb,2018-01-26
a4652eb1954cd0c3121a95ba49122673,5b7ad66e4a9c19ef5ddceae95d05e46e,delivered,2018-08-19 21:37:17,2018-08-20 13:30:48,2018-08-20 12:54:00,2018-08-30 09:24:55,2018-09-04,b0b18bfffa6a1fb823a25a9167e6877c,2018-08-19
a38c0e50b66c0d87a55e783e07f8b1aa,6c9c056a7b831022a3456383b3750269,delivered,2017-09-13 17:05:00,2017-09-14 17:04:16,2017-09-22 18:13:25,2017-09-27 22:49:58,2017-11-14,9dcdb9030f26f35185c5c94a5f46f0c5,2017-09-13
b905896f4348c158b97acce3bd7d97b5,473514ce458d8b07b22c6f4f7da18330,delivered,2018-05-02 04:02:18,2018-05-03 04:32:54,2018-05-09 16:20:00,2018-05-16 14:03:34,2018-05-28,7e0817d37d7dce9656abe2490b5b47cf,2018-05-02
00995d799817ecc3bd2abd8fbe59c430,266636baec3cfa8d854713f0b465a2cb,delivered,2018-07-26 11:25:18,2018-07-26 11:45:13,2018-08-01 14:05:00,2018-08-02 18:56:52,2018-08-08,f507945d757fe904ec16d8e7bb7ba7ad,2018-07-26
2d656749f55e9781665b9c467e55764a,cbe5be475ea71afedf8d26de3ee7fe85,delivered,2017-11-15 09:18:31,2017-11-15 09:30:29,2017-11-16 20:48:23,2017-11-24 19:41:22,2017-12-07,2f800e29b4beb4dc341a388c0f669675,2017-11-15
1b76802b72eb5517c97481ee2f7b7037,85ac32af92e4e38adeaeb0653a085dfd,shipped,2017-02-08 08:48:43,2017-02-08 08:55:11,2017-03-14 11:00:52,,2017-03-10,c7d664db71d9fb2fa89e83f896d8dc24,2017-02-08
6a4d031d68d8f41c14ee7cd194023800,ba76714c4894372325ea2d044823344a,delivered,2017-05-15 08:58:47,2017-05-15 09:10:17,2017-05-15 11:08:02,2017-05-22 22:44:44,2017-06-06,c3cc9ab026e263448a7e804dfada75f5,2017-05-15
93ad4e26ffd4ddd84ce5656128ecfefc,f6ded025d711870700bc8fca5ea69ae8,delivered,2018-06-28 16:01:37,2018-06-28 16:15:11,2018-06-29 12:18:00,2018-07-03 16:56:42,2018-07-12,527db84cb89710401bd01009f23a4118,2018-06-28
f23155f5fa9b826631c5b8e038b38393,21a99191298d34fb6dd0b088e821591c,delivered,2017-09-20 12:19:12,2017-09-21 02:45:30,2017-09-26 19:22:57,2017-10-02 21:43:57,2017-10-13,398fbb883435515de0aefe3887d6ea10,2017-09-20
1a8c6cac549a7eb5b432c5617fe21ff3,04fc2ecbb192c71163629f423d57a13d,delivered,2017-11-02 17:35:55,2017-11-02 18:34:06,2017-11-06 20:22:49,2017-11-13 16:14:12,2017-11-23,e3ea2c912c287a7112962ed5bd521712,2017-11-02
50506303ce9b440d995694aedde271b7,c58612b6d9ddfca2992f01f5afa04e91,delivered,2018-05-05 23:23:23,2018-05-08 03:52:25,2018-05-08 13:43:00,2018-05-15 00:14:42,2018-05-24,e101cc92804940d7bb86b44bd777b7ae,2018-05-05
34f4ce3bb9241340ddc295c470512cf2,67445a48f81187ae4ea90c6b72d68264,delivered,2018-07-12 17:40:30,2018-07-12 17:50:22,2018-07-19 14:19:00,2018-07-23 17:32:01,2018-08-14,97bea1bd851c66cb1b935ca5120c4fef,2018-07-12
354025795ae5d3d171988505159a7843,436d3faf6f9b9df23510f8f9c5dd6680,delivered,2017-09-24 08:07:01,2017-09-26 03:35:37,2017-09-27 20:14:48,2017-10-02 18:54:27,2017-10-23,af74995bb6b6c462ae5f865ba234eadb,2017-09-24
d9494fe15b74723b8b3b97835ab05246,b93a09d7bed0875933bab5ae8f928e89,delivered,2018-08-11 18:04:36,2018-08-14 04:25:23,2018-08-14 14:31:00,2018-08-17 20:24:44,2018-08-27,9e3b14f1565f39f2b963e041f3fef97a,2018-08-11
ad69edd5c027bb8d8647e5ad00cd2857,d088b310a3657f194fa1e5e61ad66587,delivered,2017-10-02 23:11:37,2017-10-03 12:28:19,2017-10-06 22:28:55,2017-10-17 18:45:03,2017-11-03,57056d7fcf92fd1154d9926b343f3806,2017-10-02
7a3d6ddc737bc4e0f556c9c47f15e7a6,7420514db819d2580b17eab4e66fd1c1,delivered,2018-08-05 10:50:50,2018-08-05 11:04:19,2018-08-06 15:13:00,2018-08-10 18:18:31,2018-08-15,6a9e15d6fa8ce1cabf193c21aa577f64,2018-08-05
abb4105be6a56ad64b74e4e74d5fe4f4,ee9b9518c67cadb4b0a8790b57f209bc,delivered,2017-12-04 14:25:44,2017-12-04 16:48:47,2017-12-07 12:07:51,2017-12-13 21:18:32,2017-12-28,512dc576950aaf62b6c0ed031bd6b0be,2017-12-04
2e4c4387b32b9c80b5006fc2db046dca,c0d816efaa1ae8616fddfaab7bf18c76,delivered,2018-07-28 14:44:16,2018-07-30 18:30:54,2018-08-01 09:12:00,2018-08-07 15:51:42,2018-08-23,6df4dbb9f375adc16b7590e6ef377ad9,2018-07-28
f7b744e4829a9d37480c48ecbbfc078b,66d54f0c4b597dbc5ae55f45bf4354cf,delivered,2018-05-22 13:54:05,2018-05-23 15:56:46,2018-05-24 13:50:00,2018-06-06 16:07:56,2018-06-11,0659eceb7d1f69c93d5513ff50c43842,2018-05-22
c030404e3a79412c88d5c331fc95ba20,83a7d95a92656e2033852b2a8bb37e70,delivered,2017-08-18 10:21:00,2017-08-18 14:15:10,2017-08-22 17:30:05,2017-08-23 16:28:16,2017-08-31,3e084c2b3948e5beff170f89a2e9b653,2017-08-18
93f4ce61700a0916098fb57089063bbf,28e1c9fe318b354a59df509689129512,delivered,2017-11-26 14:21:40,2017-11-26 14:35:45,2017-11-30 22:44:54,2017-12-22 17:16:07,2017-12-28,ae31038af445c27b99a524dccf7ef4a0,2017-11-26
a242b157f059b58578956fe8e3b35812,97d14673ff6d319aa5548768e577ce0b,delivered,2018-06-09 00:48:52,2018-06-12 05:16:16,2018-06-12 15:22:00,2018-06-18 18:22:25,2018-06-28,45ea36c7ee518a24e962cb202fcd9779,2018-06-09
bd5c96897aa0d348c89df8ebc8f13c3d,82452ba1984cdfcfb649c4628a41190c,delivered,2017-08-15 15:41:57,2017-08-15 17:35:20,2017-08-18 15:43:58,2017-08-31 19:27:43,2017-09-06,90c329efbf418634b40f4a2a75d9331e,2017-08-15
02a4b1835e0a493657a4d3281ca249bb,264d206dde5b28c82a52d2ce11d765f0,delivered,2018-03-03 17:22:36,2018-03-03 17:35:25,2018-03-06 21:45:33,2018-03-14 16:06:21,2018-03-23,40f94a38b9e0e57adccb0d0b2811e56f,2018-03-03
910801da909d448f4d5751766b14ceda,6f329bf7590de3b4dcd5717e936ada67,delivered,2017-03-15 10:52:36,2017-03-15 10:52:36,2017-03-20 12:05:45,2017-03-23 16:54:09,2017-04-05,e39899fb1163344cac7ef285256bca51,2017-03-15
fba896b434960b7968da1f24e5fd1d01,a3363bd3c7b12049e9faaa17e4a6f1ac,delivered,2017-03-28 09:06:06,2017-03-28 09:22:43,2017-03-29 11:50:09,2017-03-31 13:06:14,2017-04-19,b8939dbecf0659982b0e7d21c3731f7b,2017-03-28
0ee38d8cb24b76282ac30b971bc020ba,1d2ac5fe3c5d435969d1c325bc7c3885,delivered,2017-08-06 16:01:31,2017-08-06 16:15:19,2017-08-07 21:24:01,2017-08-10 20:03:11,2017-08-29,ee6a2866f7155fed1d03b15ca4e234f4,2017-08-06
5af5ca095ad252181b2d59519e3714db,a7da8fbe6f9c9db6d9847a36126ecfd8,delivered,2017-05-16 08:54:42,2017-05-16 09:05:17,2017-05-17 10:16:44,2017-05-18 08:16:45,2017-05-29,2cbb9df2b63297fd69287e712a06a33e,2017-05-16
c2cf7a378143a3cc8bcd7c1cacbc3f8c,048728006344013aa9fb44395800d50f,delivered,2017-09-21 21:58:08,2017-09-22 04:16:30,2017-09-22 16:44:05,2017-10-16 20:39:31,2017-10-27,86466e264fde8cca4fd07bec8d83fe96,2017-09-21
dbabdffb9ca50a2b51c3501d849e311b,48a9965057e1c75ed3a4d511714be18b,delivered,2017-06-11 17:20:01,2017-06-11 17:45:15,2017-06-13 09:18:58,2017-06-19 14:42:00,2017-07-03,2be1bf7d96bccea9775dcd4c5cbde376,2017-06-11
d44d3aabe5fd82754ca3b4696cdc90e7,dd502b57abd7ac93f33959fd9cc88348,delivered,2018-04-11 11:59:18,2018-04-11 12:10:43,2018-04-19 21:35:44,2018-04-27 21:18:55,2018-06-06,0895c61a77b305efdfad13596c749c60,2018-04-11
c2fb2be28249222077a2d3b586195433,e141589a49c9b47c23e8c232a391438d,delivered,2018-07-18 11:51:00,2018-07-18 12:02:08,2018-07-20 08:42:00,2018-07-26 20:22:51,2018-08-09,3f0f963ff7f96b36e1739a44f2fa0a72,2018-07-18
70d9761fe23def5bb4a068aaeafd7e82,500ae07bb835661a89af13841afc2e44,delivered,2018-04-27 11:07:33,2018-04-27 11:31:19,2018-04-27 13:39:00,2018-05-03 20:57:35,2018-05-24,4f99c339d669d50ab3d87009990197d8,2018-04-27
71c467da99c1f688a401a10d9ba6814d,0546c71e7b8f6ea44bc1324beefa72ea,delivered,2018-08-14 16:21:35,2018-08-14 16:35:14,2018-08-15 12:53:00,2018-08-23 00:18:28,2018-08-24,7aa39b5004216556ea3013c7ae23ba40,2018-08-14
4fffddeaf14b2a486b47dd30c6f6f480,6aa0192705e0672a4606cccff89f68d1,delivered,2018-05-09 19:29:45,2018-05-09 19:52:26,2018-05-10 16:07:00,2018-05-22 00:08:43,2018-06-05,6cd4f9f619a196f16b771eaf368838ec,2018-05-09
337fc25996a2eefd2a075d5967670799,c447116826ca6ca27aac58b94426417e,delivered,2018-01-25 17:42:22,2018-01-26 03:16:39,2018-01-29 18:53:55,2018-02-08 16:58:59,2018-02-23,7462256ad9d24ee1012926172eda97d7,2018-01-25
214f01607529c68623e62bcf73e8397f,fb65e7429ceb4c0bce607da14ff61422,delivered,2017-10-20 14:08:15,2017-10-21 02:56:28,2017-10-24 06:17:29,2017-10-25 18:53:36,2017-11-01,ab25d363a5b33a527d3132d14579ca70,2017-10-20
fc20ac5baf4bb79d4af12aac8c0f52c1,71021247bc034fcbe7c1f1a35244638d,delivered,2017-06-05 21:13:03,2017-06-05 21:25:20,2017-06-06 11:29:24,2017-06-13 13:45:10,2017-06-29,df637bcaf1ff0bd6b532c86995d7efe8,2017-06-05
ad5f36b2517f60b9ec2f04f80503566d,7f8974f5f4703cf2425f054b9a4dd6fb,delivered,2018-07-04 20:09:40,2018-07-05 16:32:42,2018-07-05 10:46:00,2018-07-10 16:32:19,2018-07-25,10919da10fd0f46b4c9e79cf757d8a09,2018-07-04
a87b2dc5f3c007dfa3f6ba803e332261,ad812ff30018174233b1f32d8f12349a,delivered,2018-07-23 21:02:26,2018-07-24 10:31:38,2018-07-24 13:46:00,2018-07-30 18:51:37,2018-08-09,a0e913a3db2eee9d3dde90b2807fcaf8,2018-07-23
9524a52b2633d2f96da98b947c60a4de,eabf770240659f7a6d09b11f12f10f89,delivered,2017-11-08 12:41:52,2017-11-08 13:30:46,2017-11-14 16:08:53,2017-11-21 18:57:38,2017-12-14,065b9e6198f11dbdf7fc1250f9e08afc,2017-11-08
1a33d98b92df9498c2574ac50784c3ba,ddd2e92650a004610e674c04546bf74b,delivered,2018-04-25 09:54:33,2018-04-26 03:51:26,2018-04-27 14:26:00,2018-05-02 13:04:47,2018-05-09,bb79e10db1f832cf117618728db2d653,2018-04-25
8f0a30876e1febd0d9d5743b349c8e26,c8e317a22b6d32b49ecad7cc6c08977e,delivered,2017-09-21 23:15:23,2017-09-21 23:25:35,2017-09-25 10:34:15,2017-11-09 17:59:02,2017-10-24,71be060b040cc3648a6ab7dda897823d,2017-09-21
1ae207d919424c0be708422e3f833170,4f7bafbdad9cf619d3edfed649ff0f26,delivered,2018-02-24 14:09:15,2018-02-26 09:35:56,2018-03-01 22:59:05,2018-03-05 23:19:43,2018-03-19,095750ddb298ee4c2eb21ef1311b418a,2018-02-24
6c7162d7eb88ca4c936d4fd6ee5ed5ef,0543a4072ee6393ab6b0c48639a0499b,delivered,2018-08-15 06:36:37,2018-08-15 06:50:13,2018-08-15 15:32:00,2018-08-20 18:07:30,2018-08-24,d0b5b4d23c6d9a316527adec08991173,2018-08-15
46e8348ff73e64f24843a7d2fad9fcfd,2a6f4afc6cfdd2096f8b3002dfb30db1,delivered,2017-03-08 08:58:11,2017-03-08 09:10:18,2017-03-10 13:18:00,2017-03-13 10:51:50,2017-04-07,5ad9aa3b3a3f21a4c5ab9e3a8b09642f,2017-03-08
f2f591903d71a4f49366f35ccd0017d3,5402fa00ec8cbb42d265854d2cb9841f,delivered,2018-07-27 15:41:39,2018-07-27 15:55:10,2018-07-30 08:21:00,2018-08-03 19:11:20,2018-08-31,5710203a16b48df3013f69a8f9d6c1e0,2018-07-27
98bc29e10634daaf3f5aff29eea45be6,1fd40e733da9e17e23bbfb5793a7f9cb,delivered,2018-07-28 16:00:09,2018-07-28 16:15:15,2018-07-30 13:48:00,2018-08-08 21:35:51,2018-08-22,ecb12ceb8cada321f17ac7b0a87a3d6d,2018-07-28
37050b29f1b62a5025ae49d6a51e5d4b,3e73488fe75f49acfd906700d531d8fa,delivered,2018-06-04 19:39:42,2018-06-04 19:53:24,2018-06-06 13:26:00,2018-06-11 20:34:38,2018-07-05,d018a0c281bcbd1cff289a2a27e52b2f,2018-06-04
22b6314011ec44222f024670a2c91929,2f59c2057337694cfaab7576c1d05bd7,delivered,2017-09-24 08:27:16,2017-09-24 08:43:55,2017-09-27 20:08:13,2017-10-05 23:09:56,2017-10-19,f1eb09d2858a28f796484f8a9dfe2872,2017-09-24
45234e26d8f4a497d57ba385398874f8,fa6b7d959dd8416e151eee8db7a008c6,delivered,2017-05-09 22:22:40,2017-05-11 04:05:22,2017-05-11 09:44:54,2017-05-16 12:14:08,2017-06-08,22f991135d9f17735cabc8104f7657c9,2017-05-09
c2ce0c4ec17fc536b85fb3363853bb17,4505e98fe9949c3bcba1d416ee3f9bfb,delivered,2018-02-05 16:41:52,2018-02-06 13:47:56,2018-02-08 19:21:53,2018-03-02 22:27:27,2018-03-02,60c9aac573e07a0ac0a9678f43ac25e1,2018-02-05
70c135d2f6154ca40b2384cbdc39e913,abbe9ebd806d700895ea6f9d987c3200,delivered,2018-01-31 22:58:20,2018-02-02 02:53:43,2018-02-03 03:12:55,2018-02-14 17:28:50,2018-03-06,0bff376220c15df5b5b6d4a6273bd4c6,2018-01-31
b547355b98adcc9a318e3c1c386fc737,d35089bfbf0f2268fe911190d655cbc5,delivered,2017-11-12 20:19:55,2017-11-12 20:35:36,2017-11-17 20:58:22,2017-12-14 15:10:12,2017-12-05,25f24493ded5ebebc26a69b5db344e35,2017-11-12
c5437b7b7a52d4dd0ed6fc0a1f18f7b7,f03e031295605d558ec6e88c413fe4b2,delivered,2018-06-26 12:37:12,2018-06-26 12:56:48,2018-06-29 14:16:00,2018-07-03 20:24:29,2018-07-11,aaef8b9e1afb43fcdc6f1fa3fb117502,2018-06-26
f1a65ff2fd9cc2759b0f9a3b78ac033a,4cb7699cf045e230d2a942055c88a0e1,delivered,2017-12-08 14:09:38,2017-12-08 14:33:53,2017-12-08 22:54:31,2017-12-18 21:24:57,2018-01-03,7c7784989c26e7796a6820c794f68008,2017-12-08
a9b1166b05c95760685adca729c66a40,66c5a61c8971f955bf22b0786fbf71ab,delivered,2017-02-05 21:46:05,2017-02-05 22:02:04,2017-02-08 13:24:26,2017-02-13 06:28:38,2017-03-15,3dfcc5c25b1a9102de307a2e66b83e6f,2017-02-05
46216bad82195f8dec79cfde98c57acd,1a79125e3c27596d608c700c90818a2a,delivered,2018-01-17 14:42:14,2018-01-17 14:52:28,2018-01-18 22:03:47,2018-01-25 23:27:03,2018-02-08,18d07b1d575b2e55a0b512ac374ccb1c,2018-01-17
68a78b552ddca86cb9bb2725c390b28c,e89c6f31f747c7f49146a76efe687984,delivered,2018-01-14 22:37:17,2018-01-14 22:49:41,2018-01-16 19:05:32,2018-02-25 16:22:28,2018-02-16,a0013bdda594500050eb4956ae1915f8,2018-01-14
aa06ee45fd9abfa1aceccdf308434387,dc8dddbedf94214063c457cd4074ebba,delivered,2017-10-26 12:50:09,2017-10-26 13:07:46,2017-10-31 20:51:57,2017-11-07 19:34:55,2017-11-14,0e7a4804f1665261e1257726779f6348,2017-10-26
219666cede8138c78fdfd946ba487cd1,56e6bda6f8f777b2f416c69ae6884a46,delivered,2018-02-08 00:34:17,2018-02-09 10:55:52,2018-02-16 16:43:31,2018-03-01 14:08:06,2018-03-14,f19d60373731c89c95f36599c0a87f67,2018-02-08
1ad9cd62e34f5b8ebdeb700282f0168c,337777c42930fdd4a72cad8616a3e36d,delivered,2017-04-14 20:31:38,2017-04-14 20:42:09,2017-04-18 16:34:51,2017-05-08 11:42:55,2017-05-10,88c72c073b5b6ed940c4decb1b94fea4,2017-04-14
7ec1a2c6522b9fcb54c68a4f8ff6f331,42c4b5ddf0da0094426dcd5a1f889d33,delivered,2018-07-19 20:26:50,2018-07-19 20:35:16,2018-07-20 14:25:00,2018-07-24 19:46:30,2018-08-07,0adf44c3e8a6c03dd46457908ebd9b82,2018-07-19
de92a2b76032cad82c67bdeda8f8b8de,81dd06147dde9b3e5537100b7b73f9fd,delivered,2017-11-28 16:55:47,2017-11-28 17:15:09,2017-11-30 18:12:23,2017-12-19 20:34:27,2017-12-18,b7cbeeeaa9007a7717c85bede2677ca6,2017-11-28
8fc274ece82e47a7664b5bea315acf02,c6d57fed4192267fd705afee9e521290,delivered,2017-12-07 12:05:53,2017-12-09 13:36:20,2017-12-11 17:27:38,2017-12-30 16:17:53,2018-01-05,563d45998b9493266d53b268f4539c8f,2017-12-07
00b7174ea52bb811ebe2663add51afc0,2ff1efea5cf92067b167101227abb467,delivered,2018-05-16 09:57:53,2018-05-16 10:12:48,2018-05-17 14:40:00,2018-05-21 16:11:43,2018-06-08,0d51e04ae0b1d341e4f49812d1f4fbe2,2018-05-16
1a62fd2d470da1ce51e2d26cea9a44ff,81a9409f95b016ac318a250b96465548,delivered,2018-04-22 18:09:13,2018-04-24 18:57:03,2018-04-23 21:33:13,2018-04-26 22:22:58,2018-05-10,dfb60c90d4774d7ba5eaf60e550bca3f,2018-04-22
e910fb096edc468fd26534cb846e182e,a98e6344e3e2c0c8d612f390e428b824,delivered,2017-10-26 18:44:54,2017-10-26 18:55:18,2017-10-30 20:45:45,2017-11-14 16:07:42,2017-11-23,d664dbfc7f2860095fc9da34a8615106,2017-10-26
f61feb20afb6d78848447eda7f01eebd,edb29f00abd3103f835162c26b941cf2,delivered,2018-04-21 20:11:03,2018-04-24 19:24:52,2018-05-03 07:04:00,2018-05-08 23:12:23,2018-05-25,e5f046d49786b5b1992e0567d40a6600,2018-04-21
a646e30f512cd6a45275f8808e6bc676,79f31725d7341127ad5283a7768da232,delivered,2017-09-02 19:24:31,2017-09-02 19:35:09,2017-09-04 20:34:56,2017-09-06 21:57:51,2017-09-25,8d1e1269f888d654db2ac8d782712c29,2017-09-02
9f9163244dc37358223b3534a4013807,07ed792e0e0ee1cfe088126d6914f279,delivered,2018-06-27 17:28:42,2018-06-27 17:51:07,2018-06-28 16:26:00,2018-07-03 16:48:58,2018-07-23,47785f23f38b208f70c7bcc32c282953,2018-06-27
dceb8e88274c6f42a88a76ed979eb817,702b62324327ccba20f1be3465426437,delivered,2018-03-26 12:04:55,2018-03-26 12:15:37,2018-03-27 00:54:33,2018-03-28 19:27:01,2018-04-12,8b3d988f330c1d1c3332ccd440c147b7,2018-03-26
ee249867fcd2a7c11bfe5fb64f3bbc67,e04eadea44fe5a15a476ee93f08f4348,delivered,2018-07-12 08:47:53,2018-07-12 08:55:27,2018-07-18 12:50:00,2018-07-21 01:12:55,2018-07-25,72a8db02910cbf460af32e7d5f8b12dc,2018-07-12
dec8f082d09a6365bc6ea5a9eb542827,84b17b0dfec4e699ae79397b69a3aaac,delivered,2017-10-17 13:53:20,2017-10-18 03:15:55,2017-10-18 18:55:00,2017-10-23 19:47:42,2017-11-03,d32caaef098ffe2b4222fe292fdd35ec,2017-10-17
5fba7c57daf631028d2a584c52799e24,41eabd16d108e59071ea592448dc2ee5,delivered,2017-08-04 15:24:44,2017-08-05 03:03:27,2017-08-09 17:14:30,2017-08-15 20:18:43,2017-08-31,4cfa5155cf7cff8eb15e0b12041d058e,2017-08-04
bcbead00f0c2dfabaf82fa4af5611f71,4810aaf21cbaf4e6a887e42cae0039e0,delivered,2017-12-01 16:45:57,2017-12-01 17:19:05,2017-12-05 13:09:00,2017-12-20 17:44:03,2017-12-27,c9ff95ec8ee314da72d3b0bbea265616,2017-12-01
3bd0bb2ff89d41d457919c9734c2a1a5,4ca73986cd53bab1a0667f59c368eb5b,delivered,2017-12-04 19:18:27,2017-12-05 04:15:26,2017-12-05 22:44:50,2017-12-07 18:57:46,2017-12-20,77d7edb12f1953a384bb3d90236c2d87,2017-12-04
e407655a139ac261ec2f43315ea354d9,145ab3eb2ae5caaed9ce924fd138cd48,delivered,2018-02-21 11:05:24,2018-02-21 12:05:22,2018-02-21 21:53:13,2018-03-06 18:21:56,2018-03-19,0a5fa7113e2ce10ce82df667b7098932,2018-02-21
c161187ab4f2133d752f8a028b51f74e,44132e7916e05d731a6e73ee520262f1,delivered,2018-08-06 19:48:32,2018-08-06 20:04:44,2018-08-10 14:31:00,2018-08-13 19:41:15,2018-08-17,4e15fee963523774998876e3624952f4,2018-08-06
0bed480c1f9245de6f38a5c738dfc5f3,6035d3c24dd718208f1868e2fc96b7bb,delivered,2018-02-22 09:28:29,2018-02-23 02:31:12,2018-02-24 20:36:37,2018-03-01 21:15:23,2018-03-14,c2e958b910de8004562809e7372bd432,2018-02-22
55d314f638b1b911d957c44db2ccafce,396e24b18e1e98d8e72f4f7dd7cde83e,delivered,2017-12-13 10:59:10,2017-12-13 11:11:34,2017-12-13 23:24:46,2017-12-22 15:09:54,2018-01-08,c188a5133890acd97612ce2428f7402a,2017-12-13
6898fdd117fe6ca4f9b01eb03005d9a9,cc3cd505183c2dbf100bfe8658b56cc4,delivered,2017-04-29 22:39:02,2017-04-29 22:50:14,2017-05-05 18:33:10,2017-05-12 11:10:10,2017-06-02,13f2fef5cc2213fabade4ad7d32ba6ca,2017-04-29
610da347c1ec97cef18a2720c7ccc74f,f198690cf821feee68602db6f7972d07,delivered,2017-11-29 02:13:00,2017-11-29 02:40:12,2017-11-30 22:37:34,2017-12-08 20:56:58,2017-12-26,111d66d3907db5577e964943c6374197,2017-11-29
fa86f95c2bce5958b1d9236da9f96926,5ea44b3b5592c68a1433101d7ef26639,delivered,2018-02-25 20:29:29,2018-02-25 20:45:24,2018-02-27 17:39:13,2018-04-09 23:38:51,2018-03-16,f069e413035341e757048278bd55ef82,2018-02-25
9ff5836df74adba6c5a5cabcfe59bb51,2a86c1a30d287827d8d6be37e0df9071,delivered,2018-07-31 09:39:06,2018-08-01 02:44:21,2018-08-01 13:17:00,2018-08-03 21:08:40,2018-08-07,4b48b3ba43eca5e212825cbde90b1b76,2018-07-31
fe2f8677aaa66d2344481c0925170245,222e1556b86ff309b9ee3f03a826567a,delivered,2018-01-13 15:40:44,2018-01-13 15:51:30,2018-01-16 00:18:07,2018-01-19 18:38:30,2018-02-05,90cf6edc2494d9187408de55e8db6fb4,2018-01-13
cde7b249a25f9dc499c58e5ff1ca7dcc,4b1509222d997779d7131527999165a5,delivered,2018-03-19 14:45:47,2018-03-19 14:55:37,2018-03-20 00:23:31,2018-03-26 14:42:34,2018-04-05,de658688920d04becc135c740b321327,2018-03-19
487bc162200365d5717baea84761d214,19548f739f2fefdc573882b1ad7d63b4,delivered,2018-08-25 17:17:58,2018-08-25 17:30:16,2018-08-29 13:35:00,2018-08-30 20:03:14,2018-09-04,4322436fce8de0016f4e3ba6f94f5211,2018-08-25
9191865443d830e0d137457428b3d432,4455aff0861d62487a2466894d2ed2df,delivered,2018-03-01 17:38:42,2018-03-01 18:49:08,2018-03-02 18:23:32,2018-03-06 18:58:34,2018-03-19,65e8c7293cc88e583349d380eb9c5be1,2018-03-01
6241cda1675cb9e42e0a934f7c71812a,8b28d65024bde74b024ae8c9326adf50,delivered,2017-08-03 12:52:45,2017-08-03 14:50:15,2017-08-08 21:47:32,2017-08-23 01:23:37,2017-08-25,d7dcb6a86716cae0bae52007bd8b7822,2017-08-03
1ddbb173ad5dee4433a9825491aa8f97,5c23fa18c25e09e15eb83f2569a914f7,delivered,2017-12-05 11:03:48,2017-12-05 11:30:44,2017-12-06 19:37:26,2017-12-13 11:38:54,2018-01-05,2e49d8c29da227669fcdaafb6c2af0cd,2017-12-05
12e6f847bdf86df79a51931bbd0798b9,0ca135c2d4b81bb0234b5db12d9b7a8f,delivered,2017-07-16 21:37:40,2017-07-16 21:50:16,2017-07-17 16:37:26,2017-07-25 02:39:38,2017-08-10,a608b2986016a54588f7fd3cbbac7db9,2017-07-16
76fdd96b734e602ecb2dbeab4a03a865,bf235eb38efe6ac9b8dbebf6d1ee5fb6,delivered,2017-08-03 22:05:22,2017-08-03 22:23:35,2017-08-07 16:41:41,2017-08-17 21:56:25,2017-08-25,a7d144c6e95247107266ca9aa16468c8,2017-08-03
c9c47f859e747812a921562c2f874229,6425d1369b270b096dfcbce176e3c59c,delivered,2018-05-14 17:04:59,2018-05-14 17:30:12,2018-05-16 14:49:00,2018-05-21 18:12:17,2018-06-01,68baebb3102cf89a3f2979019e77fb54,2018-05-14
1ea8467d56c1db8b43fed9a458d425d8,6d63d75568e8061a5042fd3066d81903,delivered,2017-09-13 15:19:17,2017-09-13 15:33:08,2017-09-14 13:17:35,2017-09-21 20:39:08,2017-10-04,954927eca70a641fc232cf5cd840d640,2017-09-13
8ba312c27b6123e1c49276f0d9b84598,4804ee8e95d9abf3796b8f3824ea9b90,delivered,2017-07-22 10:04:24,2017-07-22 16:45:14,2017-07-25 11:04:00,2017-08-04 23:43:44,2017-08-17,30cdb4cdecf7b102e572ff08369799af,2017-07-22
9f26e4473c7822a5f7b02dd62ea0519c,5df9b76bc23ade55793d79e024ca0871,delivered,2017-11-10 15:51:22,2017-11-11 02:46:47,2017-11-14 23:12:22,2017-11-21 20:38:45,2017-11-30,e91de0cd1805d4c23b74e2abc6005341,2017-11-10
00a3a334aec7455a6d3319981499a3da,73bcbe6adbf53dee67bec4399c32b98b,delivered,2017-10-25 11:00:28,2017-10-26 21:30:44,2017-10-30 20:55:30,2017-11-04 15:53:38,2017-11-13,a3b14b09ee78619350083da5c35f0193,2017-10-25
be0d2b44b80b01ebe58d57028bc5bcd6,a78dbe709d090a217ee4cd255a883277,delivered,2017-04-17 13:20:28,2017-04-17 13:30:10,2017-04-20 10:34:47,2017-05-03 12:46:03,2017-05-11,3d4f7632205878799d358053cb53473b,2017-04-17
36916e0f43f5ad1dd22a95d872a634ea,cdf8889ca31eac7fb11e9181738cb465,delivered,2017-09-21 12:15:26,2017-09-21 12:30:21,2017-09-26 17:30:06,2017-09-30 12:23:44,2017-10-20,241381706b85cae6e813d2e62a89da87,2017-09-21
0b446830af3811ef0d7c2e0db238af50,c180879e74d4c16ff6a311d185440de6,delivered,2017-09-02 15:44:30,2017-09-02 15:55:12,2017-09-05 15:47:58,2017-09-11 17:42:21,2017-09-21,188e8f08287e3c78f08db012795abe53,2017-09-02
58199a8d18062ab7c3fee55f16366d45,b6b70c77dbd33d427f330cbd6296002d,delivered,2017-06-26 09:29:20,2017-06-26 10:34:21,2017-06-27 09:30:06,2017-07-04 16:05:37,2017-07-14,681844e17f689acd5ac8fe23f862c6b9,2017-06-26
45f8bc3f8278f2b2a3e6c843a798763a,1740e3a23255d4382a29eb7421b7605f,delivered,2018-05-09 17:12:01,2018-05-09 17:36:21,2018-05-10 14:02:00,2018-05-16 12:51:53,2018-05-28,13b0be49a391e3a8d23ef63fe7fbc2db,2018-05-09
1500d5e4b3cb0312a231c2d9bd30d8f3,5c287b027e8b08cb118ff3a2e36066f6,delivered,2017-12-02 22:26:43,2017-12-02 22:54:00,2017-12-04 22:14:06,2017-12-26 21:05:45,2018-01-02,7c2d3e213a3319425db45a9a5d097cad,2017-12-02
5f5b1d126944364934b16114e999b59c,24e9b6c1d7a610e818bcf83e97558689,delivered,2018-01-03 17:33:26,2018-01-04 05:20:11,2018-01-08 16:35:44,2018-01-09 19:05:38,2018-02-01,303fb9f8c127cb9940d3e8259d7c34d7,2018-01-03
bb3e2a4f3e37bb94bb72fbc8a2fc7981,b278ba8c68b29b49e4164e3b79182978,delivered,2017-05-03 08:19:20,2017-05-04 06:35:19,2017-05-10 15:26:21,2017-05-19 15:23:56,2017-05-26,f3201e968a7ab367335f43807cd67576,2017-05-03
49935c2c36ceb474c290a1987bbb941e,4e96e84ace5bca3a2f1f8c6ccc622781,delivered,2018-07-12 15:04:13,2018-07-12 15:15:15,2018-07-18 13:13:00,2018-07-23 17:41:29,2018-08-01,01c849814dd6cd478f0ee6343414acb7,2018-07-12
462e396988fb7c71401846696de2fca7,1b236b4675c2748987e0058cc0515fb1,delivered,2017-05-05 09:56:53,2017-05-05 10:05:15,2017-05-05 15:39:55,2017-05-15 15:34:32,2017-05-30,f149d790d8d6abe55f02b6db058178f1,2017-05-05
d1a22a39de10a881fa47a509a1a9073b,8a3083e3f5500b50d6f4f3003604df87,delivered,2017-11-24 17:16:46,2017-11-24 20:53:47,2017-11-27 16:15:46,2017-12-06 22:48:41,2017-12-15,ad1ba362b0121447945a47fe07fef188,2017-11-24
1aa06061f2abdc063d3ab58ff9e86cde,7fe9ea575758e6ab4e34b67eb1015c48,delivered,2018-03-07 21:39:17,2018-03-07 22:20:26,2018-03-08 19:54:29,2018-03-09 20:51:13,2018-03-19,e35c63c8d0151482f0b9d4743c678aa9,2018-03-07
9ef5ae9f2a3b5c7cd4858cf4ffdc1b9c,e1c82b0432b0162d308a62e6d707129d,delivered,2017-12-03 01:19:02,2017-12-03 01:51:20,2017-12-05 22:43:00,2018-01-16 15:11:45,2018-01-04,7dac7097370c4cf1b3f4d49108f20a87,2017-12-03
f834cf7fd494d64498ec7054a72e947f,3307c2dabe1e3c6987cc5780520efe79,delivered,2018-05-29 22:36:19,2018-05-29 22:54:32,2018-06-01 08:25:00,2018-06-04 15:51:23,2018-06-21,a9bb62880a097f2ec9ac056fe55be2fc,2018-05-29
39baace8de9b107b79dfc029e19e3562,3a41290b6441f80d71976201a0ad614c,delivered,2018-04-09 18:35:08,2018-04-09 18:50:16,2018-04-13 20:41:37,2018-04-18 18:37:23,2018-05-02,b87275995c7fdbd0fdbb35626d13f389,2018-04-09
bf88003f2580db7589007ec44bc85695,e7b9bc73f30f476a29a9a805d3817504,delivered,2017-01-28 20:55:38,2017-01-31 04:35:20,2017-02-01 10:45:57,2017-02-06 08:12:00,2017-03-10,fdf2ac320bf7064c82c5940346adadaf,2017-01-28
85e84e0247a114a9d610cb0a24710ad3,f264bdfb7c3df6a08e11ce81b8dd22ed,delivered,2018-08-01 08:22:05,2018-08-02 03:05:21,2018-08-02 11:33:00,2018-08-06 17:05:37,2018-08-20,561a5e784539f3452c077fbfcf54a1e5,2018-08-01
6f20546433de334abe46b79336ead4b8,ff6c3212b27c4cdb484f84345be9c79e,delivered,2017-07-01 14:16:38,2017-07-04 04:45:17,2017-07-10 22:52:02,2017-07-24 15:42:17,2017-07-25,522330e203f9f930fa7b014442654623,2017-07-01
0132d77609dd6e1867515ec57d898c10,6d3be2594860b9675c102aa88d71992e,delivered,2017-09-27 01:15:38,2017-09-27 01:28:14,2017-09-28 18:05:27,2017-10-09 18:33:37,2017-10-24,4465b5c91c87e80f405456b8c3fef46c,2017-09-27
93be546e44a3791eed28fb2e62d9c319,d504ed48289a486011aa8d8bb07f049c,delivered,2017-05-20 17:37:50,2017-05-20 17:50:29,2017-05-22 09:15:40,2017-05-25 12:43:00,2017-06-14,b2a6c72206db8783c8cd128885eb262d,2017-05-20
97a982d424741dfe24bc1ca5d943ad70,c7e92b25149aedfc40b8f3c297e44f47,delivered,2017-11-27 15:32:57,2017-11-27 15:58:20,2017-12-02 17:09:44,2018-01-09 22:04:15,2017-12-26,5742406e72eceee07be827bd07fe28de,2017-11-27
2049616726f9272f1d1456285ad13cf5,1be1e18ee366e895f5db41178d3b6a4b,delivered,2018-02-09 11:38:37,2018-02-09 16:10:36,2018-02-14 15:12:14,2018-03-22 20:12:57,2018-03-13,155d2f8d13fca082541417739f4d5506,2018-02-09
3ab7017ae596ec8fae78b7232580a0a8,c93cde10296df75c3bd18bdce1cbfffc,delivered,2018-01-08 15:05:57,2018-01-08 15:12:31,2018-01-09 18:37:27,2018-01-11 17:25:46,2018-01-24,24115a0c9fc9115c586e54fd5f42e8d1,2018-01-08
aee682982e18eb4714ce9f97b15af5e2,8858442ea4d5dc5bb9e118e8f728095d,delivered,2018-07-09 18:46:28,2018-07-11 03:45:45,2018-07-11 15:01:00,2018-07-12 18:14:35,2018-07-18,3edcab192482e9871c17b34cf98c3996,2018-07-09
289745e1222668d6792ce3ccbb27356f,1a5f1ecec258984cc83d3dde079bfffc,delivered,2018-06-01 19:38:14,2018-06-01 19:51:51,2018-06-02 08:45:00,2018-06-05 14:05:54,2018-07-05,39d9d84ec70ae8203797be420f4d9427,2018-06-01
1b36920ded6f3aa566e53f04957af0e7,9ec979fd2f55c5949806b0cefd2a5e14,delivered,2018-08-06 10:37:09,2018-08-06 10:50:22,2018-08-06 14:28:00,2018-08-10 13:18:31,2018-08-16,08ee228ac0904cda30a9369de7d1dd4e,2018-08-06
4eb71835d8c9c5ecc87678a05e24a3a4,4581caa53057ba6b2bd2bf8b4ee52909,delivered,2017-10-26 09:44:43,2017-10-26 09:56:24,2017-10-31 18:28:47,2017-11-06 11:33:08,2017-11-21,834d38a7d116877744264152f8cbb4f9,2017-10-26
2df5ebb637dfe6f39497c081655a0275,44305c726f079031aa4dec593ec9cd37,delivered,2018-01-31 00:46:48,2018-02-01 02:10:33,2018-02-03 15:08:33,2018-02-23 22:04:55,2018-03-02,01e66e20cc67536e6fa27878ed07ad0a,2018-01-31
061f31c732cb84a989d5b62660212ecc,c4f94b1fd815671d9c73e9bb730f2075,delivered,2017-12-29 20:42:06,2017-12-29 21:31:43,2018-01-05 21:54:52,2018-01-20 13:06:25,2018-01-31,4e45d04dd97c6185e03a374d0024ec04,2017-12-29
0e5f3862d95c44aabc9b2a0f703f9f75,573e026da782d51277f320fc94a8d4e8,delivered,2018-02-11 23:30:57,2018-02-11 23:50:30,2018-02-14 22:42:23,2018-02-23 00:43:15,2018-03-09,fee6e134e5709ca3b2496610ad7c4172,2018-02-11
ef8ad84adcf1d4c437f165f437e238f6,b043505be4918bfce20906a28b3216ab,delivered,2018-08-05 22:17:22,2018-08-05 22:25:12,2018-08-08 15:00:00,2018-08-17 14:41:17,2018-08-29,0f85d4210164b5926aa49e6eda6cd06e,2018-08-05
424082e645209b3418f1b60266c28976,afe97eb3575cafc84e1ff22d42df1a6c,delivered,2018-02-15 10:09:54,2018-02-15 10:27:25,2018-02-19 15:57:00,2018-03-14 00:42:38,2018-03-21,da79245fc9a5f4db298e351d374f7c24,2018-02-15
76429a385b1ef120be9119d0be5117a0,2774b6023c768c91e636297a121be209,delivered,2018-04-17 19:59:17,2018-04-17 20:15:11,2018-04-23 17:56:54,2018-04-25 19:44:41,2018-05-03,2f848741e2b5e3151ce9f2b46e1a1b2c,2018-04-17
b8c503a5f3008e2e698409cfd9b51538,ed3b4bf8fe2ca7ef257fb7f7c856f2be,delivered,2017-07-07 00:35:53,2017-07-07 00:50:08,2017-07-07 16:53:44,2017-07-11 17:32:26,2017-07-31,49a646e27cc7280ff6374df7d5d33029,2017-07-07
c4220782cdca8899ad32dea8cbced154,0b7257e23cc2059f03898ef2efe234ce,delivered,2018-03-25 17:32:47,2018-03-25 17:47:44,2018-03-30 01:38:37,2018-04-04 20:42:21,2018-04-09,9d1350449f6a329048b3e097330d0192,2018-03-25
afef35dc39fc444cf0a4eb5ef26ed61c,b2ab620b53e3b69f07728d9645134285,delivered,2018-01-10 21:49:48,2018-01-12 02:37:35,2018-01-16 21:45:20,2018-01-26 20:03:32,2018-02-07,42fec8a8a32ceb3ba315849d6fffb9b8,2018-01-10
0f8e3095c3090d9cad1011fb6368b7e3,53f6dc92ef4059ea6cd863b0f69f0923,delivered,2017-08-06 11:41:22,2017-08-06 11:55:16,2017-08-07 18:47:36,2017-08-11 19:07:56,2017-09-13,6705554fcc2578a2b76b6b1b65df2a75,2017-08-06
4198c92e06d92792e49f119f659e723e,968229662999151cbdbaa3ee0460b448,delivered,2018-07-23 20:37:29,2018-07-24 10:31:30,2018-07-25 13:43:00,2018-07-30 17:15:30,2018-08-09,3b74d8b3502e3c66e17463cafb35b89f,2018-07-23
15821a9a831a9a665df5d5e1568da975,ba7414163652126c43ce52deef540a4a,delivered,2017-09-10 15:42:58,2017-09-10 15:55:19,2017-09-12 21:23:34,2017-09-13 13:23:39,2017-09-21,a841a5e7147983b977e25fd23766863c,2017-09-10
e5cf005255a551709fd938c0c57e3d6a,a35a1b563beadc6e07728160500da9eb,delivered,2018-03-20 12:05:40,2018-03-20 12:15:48,2018-03-21 19:23:37,2018-03-22 21:47:47,2018-04-02,803c7901a46efc90aec32e744c008b4a,2018-03-20
6699f3e7d674b95aa5f02c60e3312022,d734ea4ad80213d54fc4325c5094c955,delivered,2017-04-26 18:30:51,2017-04-28 19:55:11,2017-05-02 12:16:22,2017-05-10 20:47:37,2017-05-30,45cfbd91fee8a108c0a0f905dd6bc5a7,2017-04-26
99777bf515a44dca96a60ac384e333d9,b9e9bab1de28c72a9a14806830cc81c8,delivered,2018-04-08 21:20:13,2018-04-08 21:30:25,2018-04-11 22:22:57,2018-04-13 15:12:44,2018-04-24,eb7db70437d4e216fde81a8f935e6d5f,2018-04-08
6734f3eaa326f5b3cfa889862a67c418,d1bbabb3e3423611877e48e9ee631bfe,delivered,2018-05-14 08:59:51,2018-05-14 09:14:04,2018-05-14 14:49:00,2018-05-15 17:21:23,2018-05-25,b2f1d4ad625708520281b3ce04a7edf3,2018-05-14
15f906fde6e6b48fc2f10c413d4bef8b,cffc421e3853c93e511c2d6abc520e12,delivered,2018-05-29 12:04:25,2018-05-29 13:31:13,2018-05-30 13:46:00,2018-06-11 19:38:50,2018-07-16,74227720da00ed61ae3c6aaf20086a06,2018-05-29
97cc8153b2e7c816783e0ba60083ea67,5a17549a68364d8fe0c4af22e7c83adc,delivered,2018-06-28 21:41:03,2018-06-28 21:51:12,2018-06-29 14:06:00,2018-07-04 18:50:47,2018-07-25,66651cb1e94c5a4a6c080e415f425c3b,2018-06-28
9e1bb7fd856652c37c6af562e2036a5d,fb358480bf1bf13bbffe9f7c722da679,delivered,2017-06-11 10:51:07,2017-06-11 11:05:11,2017-06-13 14:38:40,2017-06-19 18:06:30,2017-07-07,126b9355c7347eed73325d2e109bd369,2017-06-11
adedc5c6c400a03abc3701e0bb8015d7,fd9c3aec3b78b92e89a8887c2643e1ea,delivered,2017-11-25 15:30:59,2017-11-25 15:51:52,2017-12-01 21:53:24,2017-12-05 20:24:58,2017-12-11,591373b45f940c1da643522fa4300753,2017-11-25
7f1a619240cf71f520b13b660753f8c7,94d7782cb0c66411c4500df77bb6e3f1,delivered,2018-05-22 22:36:54,2018-05-22 22:56:06,2018-05-30 15:14:00,2018-06-06 20:58:47,2018-06-08,005f060d4223956c62b64e9567a36f0f,2018-05-22
7e131886d59cb8a02c847ed61228fd8c,9915051c0eb60afd11c7a49cb9ea8f8e,delivered,2017-03-20 18:25:04,2017-03-20 18:25:04,2017-03-21 08:26:42,2017-04-10 14:55:49,2017-04-06,f1577fe8a499651c3de5f2221dde3e90,2017-03-20
ea2a094b786d1184a3b3cf0e5f549d04,67bc584f10fed53edd399d3c4cec5736,delivered,2018-06-29 02:03:03,2018-06-29 02:15:07,2018-07-03 06:23:00,2018-07-05 16:28:51,2018-07-27,cb31026da9f6b4e498fd72cbbd8f8240,2018-06-29
a31768d1614db23dfc711f738b2b774f,774aa06c60fb3845b46b5d97508521f3,delivered,2017-12-01 21:25:52,2017-12-01 21:37:31,2017-12-04 16:54:59,2017-12-11 18:52:46,2017-12-26,44b8fd6a07abfd7a2bf9a3d698d5cf60,2017-12-01
613f10bcb5cd9cfdd584832662fa9a67,fa37dcb4d90c6a824b2f3083df176469,delivered,2017-06-25 19:51:10,2017-06-25 20:02:55,2017-06-26 15:41:40,2017-07-01 08:11:55,2017-07-25,cd8713a29b16359288adea86c896e99e,2017-06-25
c5deff88f21d751ba6d6ad06ac464cbe,112b6151a6891cb6ca8f008e6db47d39,delivered,2018-02-07 22:52:02,2018-02-07 23:55:28,2018-02-15 14:32:55,2018-02-23 23:11:40,2018-03-07,daae9198478758240e3e2e7b83a7448d,2018-02-07
1726f2ec844770ea9f94c7a3f2651a8b,9de5333b7f7457741de90f4cf5f0b3f9,delivered,2018-07-31 19:32:14,2018-08-01 02:44:18,2018-08-01 16:49:00,2018-08-06 21:21:08,2018-08-17,b5319217468425a3ecb4fa98129b5f79,2018-07-31
e22a05fe5e9468a3bc9527967feeb3c9,64b50c71949e0d5f9d0dc5c6b67947be,delivered,2017-08-23 10:16:26,2017-08-23 10:32:12,2017-09-06 21:35:00,2017-09-20 18:49:23,2017-09-15,26e1950e80682b67d9c39003f5bcea80,2017-08-23
aa00b2ae7dc9fb5471ecb331f2fa656a,59708a99d49307860464ec56e13cf909,delivered,2018-03-12 16:43:08,2018-03-12 17:20:24,2018-03-14 18:57:17,2018-04-21 17:48:50,2018-03-29,d2bc5f2dffa64b6258dbcf923b61540a,2018-03-12
8d812dbf931bbd85b3b5b528b75ef9bb,498ace7478636fb1bea4357fb62a30c6,delivered,2017-07-11 09:29:14,2017-07-11 09:43:10,2017-07-12 12:42:59,2017-07-18 21:10:11,2017-08-10,6bb7418cb646c318b0b970efa5937287,2017-07-11
09a93e48d7e84fa082320df90b072c7b,769cd0409e08aeb0a4338253ae2deb1d,delivered,2018-08-03 11:11:37,2018-08-07 04:24:44,2018-08-07 11:27:00,2018-08-14 17:55:37,2018-08-15,ce6aca5150b3d22e087598a7994e4897,2018-08-03
e29908a97f47e204d0782ecc9ca903e6,29199a7483bff54678c7a6205b5db5ad,delivered,2018-07-27 15:02:44,2018-07-27 15:15:18,2018-07-30 10:34:00,2018-07-31 23:16:36,2018-08-01,95a34ff56c1b281831e7d4036b90c366,2018-07-27
e8e5d972d73d38807a474519f2f23658,b493a1308f58d9eb8fa552240de6514a,delivered,2017-10-10 10:55:57,2017-10-10 11:07:34,2017-10-11 23:47:28,2017-10-16 23:17:44,2017-10-30,59f3535d39595a173769b7dc1b0e9b30,2017-10-10
dc32acbe8d41196887e5d7ac6c2972bd,1fcb9f10321dfd890dd7153a7dfcc890,delivered,2018-03-07 15:24:48,2018-03-09 02:10:25,2018-03-09 20:58:30,2018-04-12 20:52:41,2018-04-03,e930ff552bf26788da98bf0b04f51fb7,2018-03-07
10b4216867b2f0551badfa193a48c213,3a90ae83f2fea1e8e2b2d3fe4e487631,delivered,2018-08-10 12:30:45,2018-08-10 12:44:55,2018-08-14 15:00:00,2018-08-30 20:42:32,2018-09-19,30d1db88b4b84f7c2aafba0c1ba023fa,2018-08-10
f125b6371382cc34b5bcdd6405152d86,3c6764e3907fcdeaff4dc57c74c05a24,delivered,2017-02-07 13:27:56,2017-02-07 13:42:29,2017-02-08 12:38:57,2017-02-11 04:32:35,2017-03-06,90ca9674e65ff6b418a1b8063afc60a1,2017-02-07
fdb1650647bf87804d19ec387bd4304b,c43d99763db3d440eedf3efb8fedb524,delivered,2018-02-20 12:14:22,2018-02-20 12:28:35,2018-02-20 23:52:48,2018-03-15 00:18:57,2018-03-14,9be6dbd1622937b7f2e7fbcd6338ba68,2018-02-20
87a2d83c67c7bdc791e7e5869b035ae4,1d6ed38c8b6ab482c59215aac29ed59f,delivered,2018-04-19 07:59:55,2018-04-19 08:12:47,2018-04-19 18:08:27,2018-05-03 17:38:48,2018-05-22,f0fd988c7c2a4cba167138a8adada6ca,2018-04-19
052b102ad85bbd141261bbb4ad13edfc,1307e6db6ed2a5ec850aba32a6a90bdc,delivered,2017-06-14 23:43:18,2017-06-17 03:50:16,2017-06-19 10:09:46,2017-06-27 15:47:42,2017-07-07,bb58670190dba4e9b320f84cb98317a3,2017-06-14
fe8d684a306224786c4e05733a48129a,97258762b7e0b0334f68a577c7aa3e66,delivered,2017-07-27 19:34:53,2017-07-27 19:50:17,2017-08-01 00:37:36,2017-08-04 20:41:48,2017-08-18,8284db19cf25ea2d402d03d10ff6c7d0,2017-07-27
bd81ffff0f0fbc533b7f763812cecf34,a59bf64f7d48f64246eecc6d4bcc51ce,delivered,2018-05-13 20:04:39,2018-05-13 20:32:09,2018-05-14 08:58:00,2018-05-17 17:38:30,2018-05-29,ce57c0acd13c5d9d052950d98492df93,2018-05-13
028df34320b87c04ef6de145db2e8444,053577e4537e6b6b68b9f0e929f27d32,delivered,2018-08-04 15:07:49,2018-08-04 15:24:05,2018-08-07 09:38:00,2018-08-11 00:26:38,2018-08-15,a99ca5de16bb8737a59d562a3c32ca9b,2018-08-04
14de412ae0efc05d642771ab3bff5da6,b5983676b44fc48efb58264d12ffce30,delivered,2018-04-23 14:23:32,2018-04-24 18:46:37,2018-04-24 19:36:43,2018-04-25 19:57:32,2018-05-02,479346aff25d6c68b88e2927769b94d3,2018-04-23
f3ffd9ec327bd9faf3498430d92a86a9,e0bdb2f487b5dc9eebcce9f98423608f,delivered,2018-05-13 10:09:30,2018-05-13 10:37:22,2018-05-15 09:40:00,2018-05-18 16:08:40,2018-06-08,2ad3e1dcf3218182586c332001db767e,2018-05-13
86e2444fc896c9fa2eb5bc9d8a15e111,c78b68b5d559dc40d89a72c5399e60b8,delivered,2017-03-20 21:53:24,2017-03-20 21:53:24,2017-03-21 18:35:20,2017-03-23 17:29:51,2017-04-13,cfe46dcc62486a4deee79bb87ab57c00,2017-03-20
c9e3d29ede6d60999c59c8626757ec6c,167524bd5f4974df32a4917d03574398,delivered,2018-06-26 22:27:41,2018-06-26 23:10:12,2018-07-05 15:57:00,2018-07-09 16:02:27,2018-08-08,cc441b75c79b4d8e52907b6e201764d0,2018-06-26
8c8ab4a6c61aaea6eccaed2958c36231,4b4466ba57ada97066e473b023c99db9,delivered,2018-08-15 09:27:37,2018-08-17 03:10:22,2018-08-18 08:54:00,2018-08-25 00:11:48,2018-08-30,6d053f472a670c33c21c012f7c72c4cc,2018-08-15
19c0af454c941dda72860095edd2639e,82472d8c652d50e858f86803c99db65a,delivered,2017-12-14 02:29:21,2017-12-14 02:38:23,2017-12-14 16:22:33,2017-12-27 22:40:58,2018-01-10,6309068d8234fc190d4bd548afaec32e,2017-12-14
b0ea6041ac66a83e6a8508f3954edf91,a85f4461b4976515bf01ad76776638f9,delivered,2018-02-23 20:55:33,2018-02-23 21:47:48,2018-02-27 14:19:08,2018-03-23 18:56:50,2018-03-22,a53b3da0cf3e158e78cad26c27a06d19,2018-02-23
55a77a7dd079d592581f4cba1659ad33,bb2989af92f629b7a640c4132c679033,delivered,2017-06-06 11:27:10,2017-06-06 11:35:11,2017-06-08 07:49:58,2017-06-19 13:05:49,2017-07-13,c4e8ef9c2866df08f505aac010b44a1f,2017-06-06
d9644b981a4d023c5392dd06bfc8cdc0,5a0dc6805a195218a4e448653dee4740,delivered,2017-05-27 04:22:55,2017-05-30 04:30:27,2017-06-01 13:32:39,2017-06-22 18:34:35,2017-07-12,89fd593957ef80a12f0588913e78b00d,2017-05-27
1a759afeff9fdaa432f1bed1c6f1b86a,d001995debbd9286892642f5efb1aefb,delivered,2017-06-27 11:12:50,2017-06-28 02:10:26,2017-06-29 07:12:14,2017-07-06 15:16:07,2017-07-21,00cd767526517f8a4fc27db6cc5a52fa,2017-06-27
45e79fa69b23419e19016e668732bd03,68850f3e1d2031818cf0afe5c87b1de9,delivered,2018-02-13 19:52:29,2018-02-13 20:07:44,2018-02-15 21:44:02,2018-02-19 14:11:51,2018-03-07,0178fa4e501691dec0663f439950d4de,2018-02-13
c9fc6a8e6b1fe646f9358b9ea7b1a446,57bebcfe34e11956f3252325dd271c1d,delivered,2018-01-24 10:58:32,2018-01-26 13:39:30,2018-01-30 18:45:03,2018-02-21 20:18:36,2018-03-02,9b3dabff65be6c72db1f0c127bd8cc42,2018-01-24
4d4d7ad98b37eef086b111e3db16257d,3226948d9970bd5ebc7f8dd841d4d5f6,delivered,2018-01-10 16:11:13,2018-01-10 16:40:28,2018-01-11 17:52:27,2018-01-13 00:24:44,2018-01-29,1a6f3f11da7a12fd62c4228f76ca72c5,2018-01-10
a42545a6644c3109108b573210cd4550,798a7291a7526cec80d9b76593e9d722,delivered,2017-09-04 14:28:20,2017-09-05 14:35:11,2017-09-13 00:02:46,2017-09-15 21:13:48,2017-09-15,62d922b58f60bb14c7836e5c69d4adae,2017-09-04
7f52fe36580dffc15fb684d226b12f32,9af15d3746688c85fe8c47cc68caf0f0,delivered,2017-09-12 17:33:41,2017-09-12 17:45:23,2017-09-13 23:33:41,2017-09-22 16:34:59,2017-09-29,d23e9ac6539a33351d438258812292ae,2017-09-12
785f211a578f2b593e6ecaa4db29fdfb,d00ec1c4fbbdafc41f42d22e67099ca0,delivered,2018-04-22 16:50:28,2018-04-24 17:30:09,2018-04-23 19:17:28,2018-05-05 14:34:43,2018-05-24,b70170c1c602142b425d3049b0729cf5,2018-04-22
4dca9eeee0f0444664e0bb2522fea8c9,ef9ef05d74ccfb0d256e22fcfce20a03,delivered,2018-06-17 22:34:48,2018-06-17 22:58:53,2018-06-18 10:55:00,2018-07-03 17:05:11,2018-07-18,c1651d00ccc48df81e8ddc03589968fa,2018-06-17
f5b3d7bf340b33e9fac5e7f314525614,41962ce20305839bcc2461247cd5c40d,delivered,2017-09-26 22:33:50,2017-09-26 22:44:32,2017-09-27 14:09:16,2017-10-03 18:06:24,2017-10-19,7dd2c905ddaf64b18b82f8709eb79649,2017-09-26
5da33f2ec794bb55994fc59563a04107,983946c69566f5620dd3e943b936cbd3,delivered,2018-03-23 09:42:44,2018-03-24 02:15:56,2018-03-30 01:36:29,2018-04-09 18:28:49,2018-04-13,910c48f83f660a32562ecf2f1e5f4ae1,2018-03-23
b908238158de71c7143c6284de581ce1,44c880d8fd29bf9ead60d49adfa11c25,delivered,2018-04-09 23:40:06,2018-04-10 00:49:39,2018-04-10 18:21:45,2018-04-30 18:41:06,2018-04-30,177e10134f99776d8a2b0c10c3fed38c,2018-04-09
6c903ab037ef7aebdda6d9a9aa9d6851,4b2a0b2b3353645e4ce664ee28ad51d0,delivered,2018-06-20 12:37:33,2018-06-20 13:21:13,2018-06-21 10:36:00,2018-06-26 21:54:34,2018-07-26,67f7d267931d6b466c95818318da0cb5,2018-06-20
5c2049caca936695cfa43805ebe7d8e3,427be35f79110d97b5624f9791d8714d,delivered,2018-02-05 19:25:42,2018-02-05 19:50:04,2018-02-07 19:28:58,2018-03-20 18:18:31,2018-03-15,75bbb6b481a1df1689bb769e63ec3acb,2018-02-05
371dbb83f599fc061ccd8558b577499d,4734f4333bded5aa9666a99377672440,delivered,2017-11-18 18:56:44,2017-11-18 19:06:25,2017-11-20 22:27:00,2017-11-29 18:48:54,2017-12-12,95e3c8fd4233b735843cfa9f150ce487,2017-11-18
fc504e55e65297119164294412b4635a,357e87b35149a16a798b9fc374d3a22b,delivered,2018-07-18 19:52:34,2018-07-20 05:05:16,2018-07-20 15:43:00,2018-07-30 21:33:36,2018-08-06,11c551198de8f2598a490db02304cdbe,2018-07-18
53b28c9fd34d5fa0747bfc3032b0a8e7,405caa28d9c6401723a5a6a42af30545,delivered,2017-06-04 22:40:48,2017-06-04 22:50:17,2017-06-07 15:53:09,2017-06-12 11:24:36,2017-07-10,9f78539e463a477b0a4855fce8ddb10f,2017-06-04
8dad738545d7c669904af09b97e10c1c,f1bca6ca3ffb26937669c3bc18d20ce7,delivered,2018-08-20 10:58:06,2018-08-20 15:10:50,2018-08-21 14:38:00,2018-08-25 15:18:35,2018-08-29,54d020f986a115a20bfab3694af204d4,2018-08-20
744bb613bca97aa5b1e31acbe8d2215b,a812d9a36cdcf09a31b8ef2be22654f5,delivered,2017-12-17 15:52:59,2017-12-17 17:30:27,2017-12-20 14:43:06,2017-12-29 20:49:11,2018-01-11,a0a4c7c7ce0ee0e41de146170180b19b,2017-12-17
978ffd045ad7d5a208393ca5bae978a6,7d612ccc0b2f698ac19966fff0b767db,delivered,2018-03-23 17:04:27,2018-03-24 17:07:59,2018-03-26 23:03:57,2018-04-04 22:16:28,2018-04-11,5fbf0be1301bc6bbd95ee93d947a51c6,2018-03-23
36e05888e17fa68e55b13477d9b53d3e,9ddc922f98cefe9475e1635d31155761,delivered,2017-10-18 19:13:05,2017-10-18 19:28:36,2017-10-19 17:20:08,2017-10-23 18:27:40,2017-10-30,60544712d0f5fb43afd06bcd0e7463e0,2017-10-18
1d71f1b40262fac8b20f5d792b1d1af2,256275249fa68a977dc44e1d73b94e4d,delivered,2018-06-05 17:54:43,2018-06-05 19:15:22,2018-06-07 11:07:00,2018-06-14 19:04:45,2018-07-16,a5866077f364490c60818c5efbb47065,2018-06-05
4409a8e68e232a6718d156e93a58f3ec,194bfa6e3a7191e554f24e92d2651ce4,delivered,2017-11-28 14:09:58,2017-11-28 14:20:19,2017-11-29 18:52:14,2017-12-01 20:32:37,2017-12-12,fd6903dff2b9940dc1626ad81049a6a9,2017-11-28
730e8542d6a067a6025be7f39a6d30ec,6fe7fb835a08e22e47c1b37a65c19246,delivered,2018-01-27 00:07:38,2018-01-27 00:40:17,2018-01-29 21:12:50,2018-02-06 01:43:10,2018-02-14,3bf6813f46e9c62df69804774cb3570e,2018-01-27
91cc93a882b7f96a25e4a0c32dd6ad36,74a241616d7f1187025acb5410989dfa,delivered,2018-07-30 23:54:48,2018-08-01 03:32:21,2018-08-01 16:22:00,2018-08-08 23:06:42,2018-08-10,a9669782a17a0b5e26ebbd3e67d82908,2018-07-30
48a9fe940572375f2eb135b1e0ca0829,6f85f92f8b1e665f2ac9a08f17861ea5,delivered,2018-04-25 10:09:20,2018-04-25 10:30:47,2018-04-27 15:04:00,2018-05-11 22:15:01,2018-05-18,16a87f204088415ce012102c912a33d9,2018-04-25
826a3cbec0990cbd6cd78c4418f7e092,35e3a5dda4333827ca85ea5178b30243,delivered,2017-11-24 15:58:19,2017-11-24 22:59:47,2017-11-27 21:25:01,2017-12-19 20:36:42,2017-12-27,82fcbfcf8fcccb37a3e162dcab646718,2017-11-24
6f04a69509e62866b1837e6a4f22c47f,a20d6adbad4402ec49b426fb65e5700a,unavailable,2017-06-12 12:04:09,2017-06-13 04:30:37,,,2017-07-05,27cf034c3054f1de4937e85c5b5229cf,2017-06-12
a6e88e8981bb9dbb574107cfd606e4ba,d31acfce2bfa2a4ed0fb7fb1159c2114,delivered,2017-12-13 20:05:31,2017-12-13 20:17:28,2017-12-15 15:19:34,2018-01-21 14:42:49,2018-01-10,75e4c2f907bb7809e77f060234c93e53,2017-12-13
c03d00add5dc4b9abb8e3cf45991da96,36f9825c8553ba409fdc1d564b7adcf0,delivered,2017-11-10 11:24:12,2017-11-10 11:35:54,2017-11-22 15:56:53,2017-11-30 22:29:11,2017-11-30,40be9d4423e554598788cab8272da64d,2017-11-10
7ae3cbb87abc73c3e51b59a579c95c3d,bd0da5acc435e2b0fcee8dfa11170ee1,delivered,2018-01-17 14:03:33,2018-01-18 16:57:39,2018-01-19 16:28:54,2018-01-24 15:54:42,2018-02-08,e79f6cfdcc27ec08665098c48ab029e0,2018-01-17
5e85554ed83f05cbe7f092ba18b17e5c,4a5a3ac487d4f2e8bbe182573395a3ec,delivered,2017-09-25 09:34:02,2017-09-26 09:49:18,2017-09-26 15:16:49,2017-10-09 20:18:29,2017-10-20,acea597872fc3f407ede7c684918d57c,2017-09-25
bf3f150adb6cc38e1f3e6517534b24f6,1dbe345b9da3939b2dda6ebc336b570d,delivered,2017-10-08 10:33:01,2017-10-08 10:49:23,2017-10-13 19:35:51,2017-10-26 23:34:38,2017-11-09,d145542f6f11643fc057f15c793ea1b4,2017-10-08
d5beaa273a2549c34c6660bb0fb23543,f297e171b9421ec5af62706faef3c620,delivered,2018-04-26 21:31:32,2018-04-26 22:51:08,2018-04-27 10:39:00,2018-05-19 11:12:30,2018-05-28,de3da035327809e57b95f4da954f2322,2018-04-26
19367a2c7e1dce7c26afa959e0581da2,06757e2a216429d601d7cda36642769d,delivered,2018-01-28 17:56:18,2018-01-30 04:31:07,2018-01-31 00:28:39,2018-02-05 22:53:12,2018-02-20,b53e90bdb9be63dcba58f88a54f7e936,2018-01-28
952b0fbb4e6916733377e53f96398051,1aaa1acb23a33441fc718d54cae7dc13,delivered,2018-06-13 21:26:38,2018-06-13 21:58:47,2018-06-14 16:05:00,2018-07-10 13:06:42,2018-07-19,a2f51f628955d9668200728005209afd,2018-06-13
70dd5f686e8253ebd42e92a545757a86,6c5c5d2e12d767275b124baf4a619093,delivered,2018-03-05 09:16:43,2018-03-06 07:08:29,2018-03-06 19:13:44,2018-03-13 21:38:49,2018-03-27,20051fc1229f95f99e0a0b17ce4063a0,2018-03-05
bf9567549d60532065bb1d8563a8dff4,fbc9cae9491fdb57ad460f1282a36bd8,delivered,2018-05-01 11:42:22,2018-05-01 11:59:16,2018-05-03 06:31:00,2018-06-01 22:31:45,2018-06-14,558b201e6ece802d5e0bd32fbcab8939,2018-05-01
94be3df49130338a06b3ec80bd606771,c74004aa7d4bf3fff88c56081df5a48e,delivered,2018-04-25 07:27:40,2018-04-25 07:51:17,2018-05-09 08:14:00,2018-05-17 22:41:38,2018-05-29,009dd7b313c04f4ccd9d4e423bc04ba7,2018-04-25
50b5066885d2ef4b7501586bcfb8d2d0,27825339ee68f66f6b35790ece4052fa,delivered,2017-05-16 17:01:17,2017-05-16 17:15:10,2017-05-18 16:33:17,2017-05-22 07:25:38,2017-06-05,0815bd70689b5bb8ba3993746c9574a0,2017-05-16
232208723745063b04b8e45bba7fb6bd,3a2ede63f97972a4ad1afc847cdc2ba3,delivered,2017-06-26 14:01:39,2017-06-27 14:10:15,2017-06-28 15:12:14,2017-07-06 16:24:31,2017-07-21,82a1b94574f9998850b808a80c8ac63f,2017-06-26
8c8c25cdbcc71e7662522da80f4d7569,e9b8bb8714a36c154bc9763594dcb9e9,delivered,2018-02-04 13:52:54,2018-02-04 14:10:26,2018-02-06 20:07:20,2018-02-21 00:07:13,2018-03-06,bd4d5745fe11100678f10960866162c6,2018-02-04
45af143724bdd26ce96b34fbb2d98f0c,404947e4bfbf5a96d84e4451a22e4012,delivered,2017-10-21 17:12:48,2017-10-23 11:32:28,2017-10-24 14:38:33,2017-10-31 21:39:37,2017-11-09,50f0d1dd0f51d6d59c3774b9d109f0c0,2017-10-21
fd0bc348f5162c5aa0fa41a9fef61c3b,2a9383dc7b74510d78fe5208adbc3fd9,delivered,2017-11-29 19:15:51,2017-11-29 19:30:26,2017-11-30 17:23:28,2017-12-08 22:43:45,2017-12-21,0987afae3c26e659141ac3e4c996c5ee,2017-11-29
6cdc6614473c4e81f86feff55e54d964,06d2794bd8c6d90db6889d6c5f2d83ea,delivered,2018-06-18 16:09:17,2018-06-18 17:01:02,2018-06-20 16:57:00,2018-06-28 21:41:58,2018-07-18,d8af40edf89df53c7c576904a99f1870,2018-06-18
5e421beb5e031bdd0634b7aa80ec82f0,bfb9e0b57932df93aa902959ce601a1e,delivered,2017-04-04 18:40:10,2017-04-05 02:35:20,2017-04-05 14:48:02,2017-04-17 15:08:01,2017-05-12,2f9856bf9beb35be3338bf86b46fa8e4,2017-04-04
b9d26681b32d996d60d1d1d5a4f49683,87aae16d452e159ed7e0a92c97d0139a,delivered,2018-07-05 17:02:28,2018-07-05 17:15:19,2018-07-06 11:05:00,2018-07-10 16:18:42,2018-07-18,c3668518aff6b417f88856f3420ba08a,2018-07-05
ab5e70933adc821b7fa1ab45759ab54a,338f2f9c29d8a0cd3259e32034ac7c67,delivered,2017-05-10 21:31:45,2017-05-10 21:45:12,2017-05-24 16:44:28,2017-05-29 11:24:42,2017-06-09,3b7870a33823f2db11b4ed832b89d1ef,2017-05-10
4aa4c6a8e7b2646986b65117bf36e67f,1071f60a122fafae2746391921fb8fe1,delivered,2018-02-03 15:30:09,2018-02-03 15:50:20,2018-02-07 19:09:03,2018-02-15 14:14:59,2018-03-12,20cf7edff7e4ef60eb4564297ee0f65e,2018-02-03
186f1e57fee9e20849f58439056655a8,9895eb12f68a5bd705616b6c4920b6ff,delivered,2018-08-02 20:53:28,2018-08-02 21:31:28,2018-08-03 14:13:00,2018-08-06 14:09:39,2018-08-09,fdf4d1804c3c976a3e766bbb30eb2c32,2018-08-02
1f88908218a0ba8238b5260fe399ea69,2362d6c81a8ec7b43435a72ed9e0f89e,delivered,2018-08-19 17:37:48,2018-08-20 12:30:18,2018-08-22 12:53:00,2018-08-27 21:58:40,2018-08-30,c0161b5c1e1f07514ef53cdc563c8321,2018-08-19
222ccb8e509c847b803197da483b3933,3a96ce85a2c19cf08a3f256738830cfe,delivered,2018-03-31 16:21:51,2018-03-31 16:35:20,2018-04-04 16:04:24,2018-04-09 23:06:32,2018-04-19,95ef4016879efb08f9a6f2a290e94df8,2018-03-31
7f1308d4daa38317363931054a0358f3,b86d1b04dd3e814da042931b64c86c83,delivered,2018-02-12 10:18:49,2018-02-12 10:30:43,2018-02-14 18:38:21,2018-03-15 18:54:48,2018-03-14,95d43df214d0af69c0946cf27bddbe00,2018-02-12
5fdd5b25e739dbf9a0a25e518836420b,2eb9038b531be9b9ac85640a6f60e4d2,delivered,2018-07-08 18:58:14,2018-07-08 19:10:16,2018-07-10 12:58:00,2018-07-16 15:18:31,2018-07-25,2f55399d3fe14896b29d99d8c16d309e,2018-07-08
74b142d6556fcd693f9151d041d3ef3d,dc646ed8ea82e23f30bcf1ebb19c03d4,delivered,2017-12-04 23:06:51,2017-12-05 10:30:44,2017-12-05 19:22:11,2017-12-14 15:19:03,2017-12-29,eacb926338b82830ec382831a99df2ad,2017-12-04
163679b19841bb6d73176f4a5a80a0d6,f06e0c84401adbe76296e185fbb8e82e,delivered,2018-04-21 22:09:47,2018-04-24 17:16:50,2018-04-23 23:17:42,2018-05-07 19:04:15,2018-05-23,f0f8cf670f53e55bf7ee272c9088c04c,2018-04-21
5137f8c3662122707504625d55882d56,54a061e849f9c537b53eedcdac2d407e,delivered,2017-12-02 19:08:57,2017-12-02 19:36:23,2017-12-05 22:55:38,2017-12-12 15:27:52,2017-12-28,72ba05263486b6f3bdc32092f2f43d97,2017-12-02
9b070beae484bb1c36b85f9e8398c067,fcb9486693f7475aa9cf8de91745815b,delivered,2018-04-22 12:41:34,2018-04-24 18:04:23,2018-04-25 14:02:00,2018-04-28 17:29:36,2018-05-18,fd1bbf0b014e0d6a2997665eb6a33a40,2018-04-22
c6c5b304ff33e7fa4af88598e30ff11b,488628bdb90ea8c05e4c99a67502bcc6,delivered,2018-02-13 23:35:35,2018-02-16 07:50:51,2018-02-20 09:48:58,2018-02-21 21:07:28,2018-03-01,0dbc24537874e27e8e2908dfdedfcc8d,2018-02-13
8d2277f13f62b13b16b95ad41120decc,9216338e390b878babc5ff9b0ebb10de,delivered,2018-05-15 15:41:46,2018-05-15 15:56:18,2018-05-17 08:25:00,2018-06-04 13:48:28,2018-06-04,569afd870e3085df248dd2a9ed77621a,2018-05-15
40e1718e2f960a6ef0a449a2d62c8684,8f16dcb04fed5055e6002c49bb51f883,delivered,2018-06-26 20:30:14,2018-06-26 20:47:21,2018-06-27 10:50:00,2018-07-04 22:48:34,2018-07-24,a4230fdefe44f4ad4998f8a9a6a779b4,2018-06-26
08e92ad91f0ce4572b374d35637140ec,12d1b4294fef21016c9614eb31e55e15,delivered,2018-03-12 14:56:48,2018-03-12 16:15:46,2018-03-14 23:04:03,2018-04-02 18:58:25,2018-04-11,7556f182460418cf30957e6ce377c674,2018-03-12
de58aa6aa9aa113673a7aaa27271b7e0,5674e6bce4035097d9ea3f8f66c41025,delivered,2018-03-16 09:05:28,2018-03-16 09:15:48,2018-03-21 14:12:13,2018-04-09 19:08:50,2018-04-10,1cf95ab85e53a989c141f7af90aa93ce,2018-03-16
89f3db58a5290d65a2f5a8ac62089da4,c0b62ded4a9a252d4cae2c4c735cd797,delivered,2018-04-28 17:01:03,2018-04-28 17:15:15,2018-04-30 13:14:00,2018-05-26 16:54:34,2018-06-07,cce2d154c6667330120440af665ba1e5,2018-04-28
976e9ab712a374c4dad3d2d0e7e1001e,38686e092acad12241973beb4965ac66,delivered,2018-01-29 12:24:04,2018-01-29 12:52:08,2018-01-30 00:16:46,2018-02-05 22:37:21,2018-03-05,8f784ff86ee4ca2d4e655e636684e8c3,2018-01-29
e51ec609bcc1f3b43e5b77285c4cfaf1,fb05451a1c6125780177727eff8bb5bc,delivered,2018-05-21 08:18:52,2018-05-21 08:31:01,2018-05-21 13:55:00,2018-06-05 17:56:44,2018-06-13,b742a66c53272ad430bfdb68664b6a37,2018-05-21
e29877e3cc2991e3842d677d5e865a09,c2e04c9314ff425fc0ba2743298505fa,delivered,2017-11-19 10:31:56,2017-11-19 10:46:44,2017-11-20 21:48:11,2017-11-21 21:39:42,2017-12-01,d3637a49be0f9ce81422c401f4e1c352,2017-11-19
60648fdf5b85f552e8aed95a6173d6b6,b6bd3fcbd152d2e1fc27c93ae688d091,delivered,2018-03-12 09:39:27,2018-03-12 09:55:41,2018-03-16 19:45:00,2018-04-18 02:32:02,2018-04-06,9f008417d1115817ec36ac4bdf3619ea,2018-03-12
bba7c6470fa795050201991980a930ec,748d48a0393bfbd14043a5f0b2aae4bd,delivered,2018-01-23 15:30:40,2018-01-24 15:58:00,2018-01-29 16:22:09,2018-02-20 22:48:38,2018-02-22,94179af609c7536ccf7018c42df454ec,2018-01-23
3429eb57b35d94a5a9cddd40f94692a2,7811c6e410793a76c61b846888298138,delivered,2017-04-05 20:21:32,2017-04-05 20:35:17,2017-04-06 15:33:09,2017-04-12 15:07:41,2017-05-03,322d466e7234d7a786a595df66877156,2017-04-05
ed10c6b029547356822a9f7fca15ffde,875c452eae89cbbf07ef33d9e27d52e0,delivered,2017-05-07 14:30:08,2017-05-07 14:41:57,2017-05-09 07:47:58,2017-05-15 14:54:41,2017-05-31,eca6d8070a6f7ab0bbe81ab5cc878db3,2017-05-07
8df707012e98bba020753efdaca3fef4,58d3967487a56405f5588620eb0da3a9,delivered,2018-01-31 12:20:01,2018-01-31 13:50:01,2018-02-01 00:24:47,2018-02-15 00:45:05,2018-03-01,0fc613bbfaee6a943e2c8d02aab97a7e,2018-01-31
bf0d67707bc87fa3fe2cf74a1c2c693f,185e9b45f2f0219b52c196c4e066ee0a,delivered,2018-07-17 14:41:06,2018-07-17 14:50:28,2018-07-23 14:28:00,2018-07-26 20:40:46,2018-08-17,aa0a178cbb7879e045276239b8a97705,2018-07-17
ab1161359286ca8f902755fd4fcc9727,959d2405325e6475dc36c18f9df03248,delivered,2017-12-15 12:33:18,2017-12-15 12:51:49,2017-12-15 21:48:40,2017-12-30 00:17:58,2018-01-18,2849cf27816b8a9572fbe6cac3c8d62c,2017-12-15
2777d11affc76c7163a6c3e0e739aa56,da134898266eacd500b876754de64a37,delivered,2018-04-26 10:48:06,2018-04-28 02:51:39,2018-05-09 12:12:00,2018-05-15 17:48:52,2018-05-21,aebdb8f05f5ebf99f858c1a75fb7035a,2018-04-26
a56e517e3e85ada615daf2270c2a9c48,1f0a0fbffbc7ced5304f208ee2e5b0cf,delivered,2018-06-09 14:04:31,2018-06-09 14:18:37,2018-06-14 12:25:00,2018-06-18 19:58:34,2018-06-29,35049c7d85f6a53ad59d8cd5d3f8d134,2018-06-09
92295e7114a22f7180b04673e44cda17,26d638f7504d7e7fbd443c2dde9dc070,delivered,2018-01-11 21:09:45,2018-01-11 21:19:24,2018-01-13 02:32:50,2018-01-24 16:18:48,2018-02-01,665ab44b5007bc768403a577a37f9a46,2018-01-11
5226f1a731e8a1215da5e1bea64e2130,3489fb03bfa99335c385df8b863a701b,canceled,2016-10-10 09:51:13,2016-10-18 15:19:11,,,2016-11-18,046ed33aa8bef51855af6010a11a835c,2016-10-10
3d8e9d3181857e64419e3f61f40f9645,ada5afd2b1b1258fd60f507e92a63472,delivered,2017-07-21 12:17:26,2017-07-25 03:30:25,2017-07-26 09:45:58,2017-08-01 20:27:33,2017-08-14,fbd58f38cbd2989e434b148f479534c8,2017-07-21
de95c0af6d85e644eed2ee08c4766606,74565521a1debbacbe9b111bac3ecbfa,delivered,2017-09-22 23:26:12,2017-09-26 06:34:37,2017-09-26 15:15:50,2017-10-03 18:03:50,2017-10-16,1477c54a1abe3610e3e9ab411801cecb,2017-09-22
0a0b0479c9e05814f250c7bea5b1a95c,bcce684969990851024216985d1a9b5c,delivered,2018-06-14 21:10:57,2018-06-14 21:36:48,2018-06-15 12:43:00,2018-06-21 19:52:01,2018-07-16,6b22f90696d11798825c886cdb59bbfc,2018-06-14
6308938677b016004e5c35f0d86fd8aa,359a6a601e39e02fa99b31f11f104594,delivered,2018-01-26 14:22:27,2018-01-27 02:40:39,2018-01-29 16:32:06,2018-02-05 13:02:46,2018-02-22,31a5a2b6f59607a0c7ba435e40316362,2018-01-26
79e0593968bbc9f0599883ee0266dcde,a033ed469111e80059fb0dd8a8e30808,delivered,2018-07-02 16:44:43,2018-07-02 16:55:24,2018-07-03 12:26:00,2018-07-11 00:31:48,2018-07-26,2c832927085c6d055b8f9de599c81c81,2018-07-02
263ab9a25494623c1dff19c7cb1e3fa4,ed0ed78f84c1d1b36bf51c3475bc5748,delivered,2017-03-21 17:15:38,2017-03-26 23:32:31,2017-03-31 18:22:52,2017-04-03 15:24:07,2017-04-07,e4b4ab0cebdc0949fcd579139e173acb,2017-03-21
7e460703dd3adb450213b20170a237f6,b79d85bfccc2df403dc6610e85d2ab71,delivered,2018-03-04 12:49:38,2018-03-04 13:29:23,2018-03-05 20:44:30,2018-03-08 17:19:08,2018-03-21,947b3a5eba30546ed3c37e0c7f1bafc6,2018-03-04
d4174eb830aa8dc92a23395da7d5012b,703cd2dc00359d094d521dfb00186250,delivered,2017-06-18 11:00:03,2017-06-18 11:15:18,2017-06-21 19:03:09,2017-07-03 12:37:46,2017-07-21,b87461e6c2feb68b9124000ffe3a525f,2017-06-18
ddb7a8a2786d0021954b09fd87426bec,7fd5700d6532954dbf9b58b34e222a9c,delivered,2018-03-31 15:01:43,2018-03-31 15:47:48,2018-04-03 19:42:34,2018-04-04 20:55:22,2018-04-12,bb06afd8cd88cb11a3d6a6b0ca550597,2018-03-31
09da806d72011e816e9242e6d24164eb,c3c89e607f1280b715319f19745beb27,delivered,2018-02-23 10:49:24,2018-02-23 11:10:39,2018-02-26 19:06:33,2018-03-05 11:22:35,2018-03-19,f249a8d23948360f537ac2451b171902,2018-02-23
989788f1c17a087572e29eb4fc130983,ea307d84349255edf7b95f7a6f53dc98,delivered,2017-02-05 11:09:50,2017-02-05 11:30:12,2017-02-07 15:20:54,2017-02-13 18:40:11,2017-03-01,f98a54095b1171a5af8b49c5de6c0538,2017-02-05
329e18d5b045ab9481f0cfda10bece3a,f061fb5b66f322f1c707facc636f1b10,delivered,2018-03-12 15:51:19,2018-03-13 15:48:28,2018-03-14 19:05:22,2018-03-20 18:35:32,2018-04-13,9bf9806e37dc6496c18caf1c2fd70443,2018-03-12
84163f7d458a14345eac02a371e544de,85b6851fbe8e4dfc453218f96df34eb1,delivered,2017-08-28 13:46:10,2017-08-28 13:55:23,2017-08-30 00:08:56,2017-09-05 14:30:24,2017-09-15,5a3e3213dd31e76b3b23abde809387a1,2017-08-28
1cbcd6f5fd482df88073ad0e5a411b39,8697c05aef3093605f0667354b8c7769,delivered,2017-03-22 11:40:21,2017-03-22 11:40:21,2017-03-23 11:08:55,2017-03-28 14:06:52,2017-04-12,014fa2f37ee690774a7505252a28daf3,2017-03-22
93fa3ccf2f8069af481c6634299a29f1,2af84732e74d89e649775e66958a325a,delivered,2017-12-13 11:58:29,2017-12-15 02:19:23,2017-12-18 22:29:16,2017-12-20 18:15:11,2018-01-02,ab27fb9c551a7ad908052493f8a6fe10,2017-12-13
3453b206c6aec2e9dcb09d2cea15e7cb,cc12cc40c551d10e0122e34d2f0e1342,delivered,2017-08-10 10:41:54,2017-08-10 10:50:21,2017-08-14 14:37:52,2017-08-15 22:04:15,2017-08-25,dcc7fb04fd4a19d3099e9f6e505ab08b,2017-08-10
606f74161b904d7a1bd3ac18746368a6,e190b8172936245229e18611c7f908bf,delivered,2017-08-16 23:23:48,2017-08-17 01:05:34,2017-08-17 21:11:22,2017-08-25 22:09:48,2017-09-08,c68855ac94665e5eab3cac9f31acb10f,2017-08-16
f3a43dc5179e476ea1fd032caaed2d9b,284f683869caa2ae4fcbdee78c971871,delivered,2017-06-14 21:18:03,2017-06-17 03:44:19,2017-06-19 16:40:09,2017-06-30 14:28:46,2017-07-17,ebd599a8163e7b1a584c6507947655b2,2017-06-14
d01f0aba52a4d7b2cca8d7623538a434,da41f8be4acae374b2c5bfe8f9659e7e,delivered,2016-10-10 07:03:07,2016-10-10 12:02:02,2016-10-24 17:17:51,2016-11-10 10:59:01,2016-12-12,cb9f4b2fe91fdef805d9d0344b471246,2016-10-10
46578f80407b94504c78f7702292e789,ef4644f13feb2fb9cfab80d8cab06784,delivered,2018-08-10 21:34:11,2018-08-10 21:50:14,2018-08-15 15:19:00,2018-08-21 15:12:11,2018-09-21,c192cc3489d40397d08e1769643c6102,2018-08-10
e924fd08e03d8ac96fb7bf1291eb7c9f,79a4c16fed29a84462e7b5c831464cca,delivered,2017-06-11 09:33:54,2017-06-13 04:33:32,2017-06-14 15:06:59,2017-06-30 15:59:45,2017-07-07,e25ecad4f206325588f4b913642377eb,2017-06-11
c7a07ddd52bbe18b61da49a8d89853d3,1107a610c5e1caae0ff024795cdefb73,delivered,2018-07-13 10:33:48,2018-07-13 10:45:11,2018-07-26 11:49:00,2018-07-31 22:48:52,2018-08-15,0820b88e46f48599042bd627fe954b66,2018-07-13
c8e84603674d71b14595773f1374773d,9f8c461ecca6766fec8d1824048d91dc,delivered,2018-08-09 22:31:12,2018-08-11 02:50:29,2018-08-14 07:54:00,2018-08-25 00:47:50,2018-08-21,c0109bebb736cb321faa59009afd031c,2018-08-09
9585516ea4b52ce53a27458526947e5b,21469c09446626a2d1bb517020812781,delivered,2018-04-26 11:23:03,2018-04-27 03:30:44,2018-05-03 16:35:00,2018-05-10 01:56:32,2018-05-30,aa5938876f33c9aa6c316b50910fd734,2018-04-26
1432d48030ced821a4afaabcfc2a8b0f,6a909b62463d9c6cc4126cea7af3ad59,delivered,2018-06-05 20:26:51,2018-06-05 20:52:12,2018-06-08 16:20:00,2018-06-11 16:48:40,2018-07-05,7b06aa5473c44b8e05b9eeaea702f1a2,2018-06-05
e8e6d889f4d8a89fdcae9bdd473117d7,6361b9f3b85d41860bfa28292e052bde,delivered,2017-08-09 20:09:55,2017-08-10 19:50:26,2017-08-11 20:03:04,2017-09-01 18:53:08,2017-09-06,575fa0cb05146c256ec1c9d348ec0305,2017-08-09
bd26f79807cb5e17e470195232bf67d7,edd443dc2ba51f8df49168af5ca2b24f,delivered,2018-04-19 20:52:31,2018-04-19 21:10:11,2018-04-20 18:29:00,2018-04-27 16:46:50,2018-05-10,48588e83c729b632d1246b37c2a5ca2c,2018-04-19
11e6a7d393dd5ce464e500e3f7264c05,1ea72d07bfd7017be87178fbfc30ac7c,delivered,2018-02-19 16:33:05,2018-02-19 17:47:34,2018-02-26 16:23:47,2018-02-27 16:08:03,2018-03-06,3d3f27c4aa64dd989e18391f0ef71412,2018-02-19
274f33c3b4d5612a37e3a223a2d9bc5a,7bf63211707f2c328795bf65a0a7b7eb,delivered,2018-07-17 20:27:32,2018-07-17 20:41:41,2018-07-19 13:21:00,2018-07-24 20:14:47,2018-08-06,df7fbc7ce4110b23e8a83528c4f9e12a,2018-07-17
3d2ae8d0689cf068897dd68fee46311f,60ef63560298d3cab95ca41de8141437,delivered,2018-05-15 21:41:59,2018-05-15 21:55:22,2018-05-16 13:11:00,2018-05-22 00:44:45,2018-06-11,83f7218d5d9227877fc3cc94c8d76022,2018-05-15
b8a939e0425262884b50cbd95032f71b,35b18529904d8a54f3a02555e7fb80be,delivered,2017-09-26 17:05:47,2017-09-28 17:25:16,2017-09-29 21:53:50,2017-10-11 14:02:50,2017-10-19,093867242be0187d46b7ffbd01028078,2017-09-26
1ce8d14cbfa55d85f3009438ecbd792b,ec39af6d947e4c0aa1181ff5fd68253f,delivered,2018-07-24 22:27:24,2018-07-24 22:35:16,2018-07-25 14:49:00,2018-08-01 08:43:25,2018-08-13,db81ac402531dfc86f479a19e88f20fd,2018-07-24
2d9d08ceba6f2cac03cbd9b35da1a89e,88e2fe2357ed65903d27a6bae151b108,delivered,2017-12-27 18:34:29,2017-12-27 18:47:23,2017-12-28 21:39:16,2017-12-29 22:48:53,2018-01-16,b1818bb2d71c4a3d3162ad32852c311a,2017-12-27
9ddffc0194a79dd25662255b87eb9e09,6ff4191488e14530d6a698f7420a769d,delivered,2017-11-24 00:27:59,2017-11-24 00:56:37,2017-11-24 16:04:45,2017-12-04 19:07:26,2017-12-14,686d80e6622fa212fa4eae3c9506bd19,2017-11-24
33dc68ee07456f6fa5da352d9cca5d93,81375b1d0de1916253f403aafdc810a7,delivered,2018-05-14 09:22:27,2018-05-14 09:35:19,2018-05-14 13:43:00,2018-05-22 16:57:00,2018-06-05,55094b4209466f0537cc52a4e3481639,2018-05-14
e527fadf4133cb83320eba9c12a0db68,77c5ac582cd8d2dbccc1c5faf6971de3,delivered,2017-09-09 18:31:38,2017-09-09 18:50:14,2017-09-13 19:39:37,2017-09-19 17:33:22,2017-09-27,5dbaf31e6f3ccef2df173b8d09a07128,2017-09-09
f683cdbdf58d83a900ba15a1df6351b2,c24b4d591a1c544d8f3c2d065e2fa2ee,delivered,2018-06-06 08:06:18,2018-06-06 08:30:33,2018-06-11 15:57:00,2018-06-14 22:11:52,2018-07-13,3b97119ab53db4ae0144dff13c2ee26b,2018-06-06
9dff95e63c4bf04ca285c9e2252f75fb,3978ee377ac60d71cf524dd470686e26,delivered,2018-07-25 21:00:11,2018-07-25 21:10:18,2018-08-01 16:27:00,2018-08-06 22:06:49,2018-08-27,3584499f418a3d1561146c07564c3ee4,2018-07-25
7cb37a7683b730111ec9b816a16e9f18,a6b898cd2dc459cd58e6f53d1d3e4f96,delivered,2017-08-20 12:22:14,2017-08-20 12:44:25,2017-08-21 19:42:16,2017-08-24 18:55:42,2017-09-14,64ff5d678cf6248ec9787389319ae7dd,2017-08-20
1778390c079b0ec4b78c82d39b9d2e3e,a0d327f07730fe86d1fdc9f640ad89fc,delivered,2017-04-24 13:31:19,2017-04-24 13:45:14,2017-04-25 10:51:23,2017-05-15 15:52:18,2017-05-19,4108bea5ed0108303e108579b955b03b,2017-04-24
1207b88243115c9eafb9931bc2d0b59d,08430efea96cbab3b50290167b85454e,delivered,2017-02-06 13:29:00,2017-02-06 13:42:17,2017-02-06 15:34:58,2017-02-16 09:43:51,2017-03-07,8056ad5fa2f60432765758ccd7f037d4,2017-02-06
085c1b501f2aed6dc60955055e9567bd,59f6187de64fd84e5f7110fb0f8ad502,delivered,2018-03-23 20:43:35,2018-03-23 20:55:54,2018-03-27 01:14:30,2018-04-09 14:38:51,2018-04-23,79444cb5bb16964eea4c5abb2d3aa023,2018-03-23
c3d82084f95e12ecd6cc271e0c225175,641cc3ed9b805233ffd9d29dba7f7370,delivered,2018-07-29 18:17:11,2018-07-29 18:30:32,2018-08-06 16:49:00,2018-08-10 01:51:58,2018-08-27,d970a2354b55cfb67fa5840b9b4936ed,2018-07-29
3d914e4ae3cf881174ce6e0d85d64e94,6cb6aa75c0aa013bca1f54103eeebb67,delivered,2017-03-18 08:29:05,2017-03-18 08:29:05,2017-03-20 10:15:21,2017-03-23 14:37:54,2017-04-06,fbd78a1f19512b9535b9d07ee22e7ecb,2017-03-18
9a241cf50d0939eefbc81c1b084cec0a,839d333b48319d322360e011c1d31c75,delivered,2017-07-06 14:15:06,2017-07-06 14:25:23,2017-07-07 15:43:50,2017-07-10 17:07:26,2017-07-19,0e38dd51940c6c4af6383a19d473007a,2017-07-06
6521177c6adb61f7659569227b09b8a9,77e89036b2a12446043ebf90f5b3c048,delivered,2017-05-29 22:38:17,2017-05-29 22:50:18,2017-05-30 15:32:39,2017-06-08 16:52:59,2017-06-29,ea15638adf14a88a2011afc5daa75256,2017-05-29
a967b2911a10315ea9e93191515fad0c,e65cbda166eab6494bd038552411332e,delivered,2018-01-14 20:14:00,2018-01-15 09:55:29,2018-01-18 23:43:48,2018-01-26 21:41:44,2018-02-05,d9b6a81c4d9253f5879e8329d2496e22,2018-01-14
7403666e15b97d6e987f597066711845,0b29b46052f69080a341a49dcd982955,delivered,2018-06-08 09:43:47,2018-06-09 02:57:16,2018-06-14 14:37:00,2018-06-19 13:29:55,2018-07-04,36cb18374cd2f3eb0394ecde34691a9d,2018-06-08
2b104b4033a0f544dd3ec21ceedf5849,9dad09c213d73f615489a75962aeb1ba,delivered,2017-11-22 21:22:11,2017-11-22 21:31:33,2017-11-24 20:38:02,2017-11-27 17:09:42,2017-12-08,acc4fd3bd3f9176d05bae17ad0ff1c58,2017-11-22
f75d04d7bf218d0026ebdbd703d70fa0,1aeb1588530c8d12fbea98e9c6b102d3,delivered,2018-07-03 20:43:12,2018-07-05 16:34:57,2018-07-04 11:44:00,2018-07-13 16:41:32,2018-08-21,ef543410650635c64cf3193370ebb765,2018-07-03
6aa222e4b2f1f711130f9d7f805f9162,6ccd912fc9bba583a8094f2251dcffe8,delivered,2018-02-12 13:16:37,2018-02-12 14:00:50,2018-02-15 21:42:46,2018-02-25 17:21:51,2018-03-09,969e73f799937ce78f0d1c0777201bfa,2018-02-12
19a3924da2b67dee34bf1f76a7689459,294016bb7e7262d41b7430f4124989af,delivered,2018-07-23 12:33:47,2018-07-23 15:32:30,2018-07-24 08:53:00,2018-07-27 19:50:51,2018-08-08,1899d90f4d0689ebf2f45f683c414fda,2018-07-23
2e1bbcd435bc99b41a07959ef2c3965e,273a44129c251f678de4a9fe152d9ed4,delivered,2017-04-19 17:13:11,2017-04-19 17:22:43,2017-04-20 15:44:36,2017-04-27 10:28:11,2017-05-12,f9393bfe2de520787f6586a83abcfa79,2017-04-19
0b36b5725c37564b933ec5845f63b635,cddb7c930b86c98185caad9fa6cd65c0,delivered,2017-10-10 11:34:06,2017-10-10 14:35:22,2017-10-11 15:27:53,2017-10-17 21:04:12,2017-11-09,3a69e1826b490a9a1253e94e511feb11,2017-10-10
fbeb9a1d7b4452fcc36651a7c0b42400,d8c73320ebdaf88a04e9c8a560fa4f53,delivered,2018-05-14 22:04:30,2018-05-14 22:15:21,2018-05-15 14:52:00,2018-05-18 19:03:37,2018-05-28,59e8fb2230cc55227b2a21c05975bb5b,2018-05-14
32a4cb38a96677e6bbab3a8ea1c2aa87,ae9c29cf5f633b86427154bdd3f55c8f,delivered,2018-04-26 09:48:57,2018-04-27 03:31:18,2018-04-27 12:32:00,2018-05-02 21:49:43,2018-06-04,d8a9bfab9cd88fe5e21d4acf8936fd35,2018-04-26
e912fe377f77944ec68b3650ead100bf,159f7183e121d412169e30a10a7a4c63,delivered,2017-03-07 22:46:32,2017-03-09 02:55:17,2017-03-13 09:31:18,2017-03-17 14:14:10,2017-04-04,130c85da601c2f7af7a562f716967b46,2017-03-07
07946e40cd8c6b2ab27f0fe14f21f7dd,72b154a83078118969daf89bbe7fe225,delivered,2018-06-22 19:57:24,2018-06-22 20:37:25,2018-06-25 17:26:00,2018-07-02 13:03:19,2018-07-24,0087c31081ea8d160baa06bf4ad4d76f,2018-06-22
be0c42b7b7e9edd961e7d70426720a0d,b72b2adcbe29bf290dce6043f04298a8,delivered,2018-07-03 17:28:51,2018-07-05 16:33:20,2018-07-04 10:48:00,2018-07-09 16:52:37,2018-08-03,7f3e8656011a9b8d6c12df5991ca69ff,2018-07-03
cfa5771f3bebddd9dac8172a9305b820,2d7b5f5327f8cf3db264666071175ddf,delivered,2018-08-10 13:43:58,2018-08-10 13:55:20,2018-08-10 13:58:00,2018-08-15 14:52:40,2018-08-20,f4ec8ac251109aeadfd9e6831678a6cd,2018-08-10
bb4b102d5638ad779ed3316a3a537680,34608b6fe316137687ea50346aafff1c,delivered,2017-07-03 13:09:58,2017-07-03 13:23:41,2017-07-06 15:46:58,2017-07-18 20:04:58,2017-07-25,9590bf3ae28a0847507733e5424c83ce,2017-07-03
e64e0f28c8abfe6f9a018e383c11c428,49e05f2af69a82336288d752bbb9cd4f,delivered,2018-03-26 07:51:24,2018-03-28 02:47:26,2018-03-28 17:51:42,2018-05-09 21:24:36,2018-04-17,95a4373b6e6b7b5c3ae6e69a19519f5a,2018-03-26
1b27133663a6ff5c26254c7f8f99a4d4,a842a362a7fd195daa06e2d9ba915df8,delivered,2017-06-20 08:51:27,2017-06-20 09:03:57,2017-06-20 13:48:42,2017-06-23 13:15:54,2017-07-12,40c4c308279011b2e5b85c75579f415d,2017-06-20
b190ee7e167e9e3a721577353fdeea4c,3d6d74a1f99619787221c1cad08e8a6e,delivered,2018-04-09 20:09:29,2018-04-11 08:55:20,2018-04-12 15:09:00,2018-04-16 21:24:36,2018-05-02,a8c3f4b7ffdf6d71c32992fe7ce3626d,2018-04-09
2e2695c2615765b352acb9d315f84ff2,cf7d20e60394e903ad75612446634110,delivered,2018-02-16 15:41:12,2018-02-17 15:35:39,2018-02-20 00:48:36,2018-02-21 18:58:22,2018-03-02,b486a66cb401c6e1633161e5b2a7405a,2018-02-16
644da1e3e4fb089d2404596574225c60,c98a7b0279f19defb3869b3ec67bd1a8,delivered,2018-04-15 13:28:28,2018-04-15 13:51:11,2018-04-17 23:19:11,2018-04-25 22:52:49,2018-05-14,086230886f279f9160a8d29bd66dd431,2018-04-15
7989e2c3bb311324f824d365b87fa0cf,1d74c4004d50d7e81bf1a1643676a024,delivered,2017-09-12 21:46:02,2017-09-14 02:43:52,2017-09-15 21:11:57,2017-10-10 17:54:19,2017-10-03,aaace5ff396fef7571b5ae62d3dc80aa,2017-09-12
773f350ab7f485f0d4aa1a095820fedd,c5dff493e5eafe9b431f2a5565786f06,delivered,2017-12-24 14:21:22,2017-12-27 04:07:00,2017-12-28 18:28:24,2018-01-10 21:46:45,2018-01-26,d9cddea150b36f64c9cbdbec1e5ebc8d,2017-12-24
fd658d6eaf9ef94d3418ddc48ff508b1,9bde12d0341ecdbea6ec186534c5c50b,delivered,2018-04-24 10:12:44,2018-04-25 04:15:21,2018-04-25 14:09:00,2018-05-14 14:08:44,2018-05-22,50f8c5f8f6d5b86bc62dd8e671ff2e78,2018-04-24
e78008ab9ec891077c0b9e1bb4cc9f29,dac2a878acbf2187202983aa998b1a0b,delivered,2017-10-16 18:18:55,2017-10-17 03:45:47,2017-10-17 14:14:06,2017-10-19 20:29:26,2017-10-26,d3b3df82f6543dc02057ee6382c4e600,2017-10-16
20b4a1345c31cae5591e4faccbba51e6,b97a4000762981a7e2de5fa1afae8113,delivered,2018-05-02 18:41:06,2018-05-02 19:15:29,2018-05-08 11:06:00,2018-05-21 15:56:45,2018-06-04,580ede5a44a53752cbfe26f593e4136a,2018-05-02
aaa4edcd1e7753b97a9216234d93e1bc,60cb365d3ede11cd97f1d411b0c609cf,delivered,2018-06-20 16:55:30,2018-06-20 17:21:27,2018-07-05 13:58:00,2018-07-10 14:16:38,2018-07-26,8dde2ebb32007502979459f746fb1698,2018-06-20
be9b4aa61bbe31e9d0191e3bfe51723d,70e9bf3b922f78fb3b684ddecba9c2e3,delivered,2018-08-11 17:13:35,2018-08-11 17:25:15,2018-08-13 14:50:00,2018-08-16 18:32:41,2018-08-29,193298eb249a916be586a514e92c8c73,2018-08-11
96d921e9bfe801df7426999a566a8aeb,bf814c71e0db62efbaa06968cc9c6763,delivered,2018-07-16 20:48:51,2018-07-16 21:05:12,2018-07-17 14:28:00,2018-07-26 16:49:01,2018-08-01,b533f9ea6bc2a0fa5ed31e37155a3ea1,2018-07-16
adfb144a67fa41dcd8a2b7685e40605b,488dd91f70d8404b2aa677cdc8a0de68,delivered,2017-09-13 14:55:27,2017-09-13 15:05:43,2017-09-19 19:32:25,2017-09-25 20:12:20,2017-10-11,d44ccec15f5f86d14d6a2cfa67da1975,2017-09-13
772af06ac77da4c6588ea39bf6a8f1b6,d88417bc3b9707f2220383d7020ec888,delivered,2018-01-19 21:00:08,2018-01-19 21:12:27,2018-01-22 17:03:12,2018-01-30 23:04:34,2018-02-20,9952c3ccc4352779b44e99bbc8e8af5f,2018-01-19
57899333b5e286632bd2599d3f7864ce,0338fb809c86eb60e7c6ad3b69a8a33b,delivered,2018-03-16 19:16:56,2018-03-16 19:30:33,2018-03-21 14:11:16,2018-04-05 20:51:24,2018-04-05,3d8ea4321fc67d4386e0f40f26584a02,2018-03-16
99b224dfda8cffb18398d17cfcba756b,124996b6e8865af35cf5b0bd01462f5b,delivered,2017-08-19 13:21:34,2017-08-22 04:11:03,2017-08-22 18:07:52,2017-09-01 16:48:40,2017-09-13,60f110c12a7c0911864c610df9994cf8,2017-08-19
ebb2b88a94eaea3dc431c26a7d21bacc,4b98719a17e513d97fe6d782d6e93f25,delivered,2017-11-24 07:56:56,2017-11-24 08:09:52,2017-11-29 23:18:51,2017-12-07 20:51:49,2017-12-18,eac4081f1bffeed8e8daf373c384af34,2017-11-24
b94c9b93a7c4fcbaaf011f1962301aa1,668b5ef22a61ad57c21992f9edb121a4,delivered,2017-06-01 12:58:16,2017-06-02 04:22:55,2017-06-09 15:39:19,2017-06-22 16:29:43,2017-06-28,0b305bb360d9372963fd0f464eb34d20,2017-06-01
9d4be303e6a9cebfccda2d29624ca472,2b9bd261eabeaf1563fa5b33e1a15174,delivered,2017-07-27 09:31:23,2017-07-27 09:55:18,2017-07-27 20:52:20,2017-08-03 16:09:08,2017-08-18,6e79f77f82ce8bfff699cb4f4fc0be24,2017-07-27
570a37e6dd991a6c2c6b032f41487e04,12591d8c5871d885c6e6d8f2814df84f,delivered,2018-01-27 19:58:43,2018-01-27 20:11:30,2018-01-29 23:39:44,2018-02-10 18:33:49,2018-02-21,d7ba5097bed1548b9330222f461761bc,2018-01-27
19c8b1118ececa4c6ae36077944717d6,1af33836f8f47b2949a85f6f83e8faff,delivered,2018-05-01 17:05:02,2018-05-01 17:15:21,2018-05-03 06:22:00,2018-05-05 17:52:53,2018-05-21,1d1a1687cee3f1cc27542a425c2125e7,2018-05-01
b06fc03b191f5e9941e47a486b766d35,e40e7edfb1c1a656dce58946a597df29,delivered,2017-06-14 11:59:31,2017-06-14 12:10:27,2017-06-16 05:51:28,2017-06-22 17:12:27,2017-07-07,151494ff9bd1dfdcb194b4b89a0adf01,2017-06-14
85ca753c76c79d8eed79b7a31660be3a,eb744ed77ced9d7b54a6f212098e644b,delivered,2017-06-30 12:20:48,2017-06-30 12:30:15,2017-07-03 18:22:11,2017-07-12 18:19:48,2017-08-03,d2caf4729e0ae98d5c19e9173ee29e24,2017-06-30
94d402dc4fcc5e6ba5e95e4d7b777238,02d6d0f47ae7ef004d1106cd4743b553,delivered,2018-05-21 13:21:15,2018-05-21 15:58:46,2018-05-22 14:00:00,2018-06-05 20:32:36,2018-06-06,5c5f8f357189e6a106da7aa882815a5a,2018-05-21
2e612a3508e4bce75344e6bfb68f28e0,06deea7d56068efd37c65f8daff0e03b,delivered,2018-02-11 21:38:24,2018-02-11 21:50:27,2018-02-14 15:56:50,2018-02-22 20:33:28,2018-03-07,58e6013f75c8d79f4138ae9af0861079,2018-02-11
1be202b145a6722b8e2b08f60b288994,5c41ba9c90e008cd79328fd5fca8e502,delivered,2018-08-23 20:27:42,2018-08-23 20:55:33,2018-08-24 12:09:00,2018-08-29 14:08:37,2018-09-05,524e35dd7c90f48c76141a4bd25b3d4b,2018-08-23
c369bdd04f3897a7c27ea9f5aeaeba4b,656feadbac2d82190053bb9047e70f11,delivered,2018-06-27 13:12:12,2018-06-28 09:10:31,2018-06-28 15:12:00,2018-07-04 17:05:06,2018-07-26,291fb0c415fc89510f36967453b24e94,2018-06-27
250587cf0cafce7892b56a47a1697833,8ef068a69681113e7a8d59ce98f23c24,delivered,2018-02-15 17:42:18,2018-02-15 17:50:37,2018-02-21 23:29:05,2018-02-22 23:36:37,2018-03-08,ea963389a3d0298f11f13b19de11dc37,2018-02-15
4ab2f2ac4c50d1a98dab6d9541a633ee,383c957ec162c9147f9aab26161af5c6,shipped,2018-04-05 18:08:37,2018-04-05 18:50:14,2018-04-10 19:28:36,,2018-05-17,38e9ba7e543c33ae95a697ed2566dc00,2018-04-05
289d1ce30c672184ba3722d783df7628,f23c940b811f63b4520de56d87da449c,delivered,2018-02-07 19:31:22,2018-02-08 19:28:40,2018-02-09 22:14:39,2018-02-25 17:32:48,2018-03-05,2de02fb5e57b59a6027451cf321658e0,2018-02-07
17110a49ae77577b41dea127fe1df35c,1e95463853727c90d45021184b65fce0,delivered,2017-12-02 17:41:43,2017-12-02 17:50:40,2017-12-05 00:58:35,2017-12-06 00:13:21,2017-12-21,421f03cd9152f7886b906cf93d4c4772,2017-12-02
2d03316beff80dbbbe594433f865b7d9,d48ef437009058c792d57ad342b4c8fb,delivered,2017-12-03 16:57:47,2017-12-05 16:56:36,2017-12-07 19:09:51,2017-12-08 17:21:24,2017-12-20,238aa5978c106a7d5a873faf150e75fc,2017-12-03
3ef6bcdda6193f8657168ba7e8b3e948,46d0766284023a432d1066a1b97234ef,delivered,2017-11-11 00:45:49,2017-11-11 00:56:06,2017-11-27 16:48:46,2017-12-11 20:38:51,2017-12-05,933187b833ec65e129ddc8cd3506d25b,2017-11-11
a6415b99aa04b9eef071655317c75cfe,e0ae53a479573a7f685b4f94c16cf85e,delivered,2017-10-23 22:40:41,2017-10-24 03:15:00,2017-10-24 20:58:49,2017-10-30 12:24:13,2017-11-09,6b9f9457656ec75ef2faab619e99b9a0,2017-10-23
793e6ea3191b9d6ead7fc77523efd898,fda22da528e2ea3d3ab92fc76b64a014,delivered,2018-01-22 21:34:59,2018-01-22 21:53:05,2018-01-25 21:13:14,2018-01-26 10:58:40,2018-02-07,f94616384bd4c26932c3c86c53b813ce,2018-01-22
a7fdfd7d7ae7a53a8232d6d0d7db215b,da0d4d9bc4bb9a14e826417ca7659005,delivered,2018-06-22 15:56:33,2018-06-26 07:13:02,2018-07-10 11:32:00,2018-07-11 14:26:34,2018-07-23,618c92fdec3da9b656706b14ff162913,2018-06-22
e6f4802ce2213981609f7384568b3a1d,25766e8a0df0553dc9010f3eca6dfacd,delivered,2017-08-24 10:08:04,2017-08-24 10:24:32,2017-09-13 16:17:00,2017-09-20 20:15:48,2017-09-18,793ad164c5cac4140df0c539467cfca9,2017-08-24
23726774d1a868c3e1b13c0fa85d1308,ccb676d14091faf285f5cc8e28bfec92,delivered,2017-12-05 10:11:21,2017-12-05 11:06:56,2017-12-06 01:58:45,2017-12-14 16:08:01,2018-01-09,66f93bf024e08d433a990b6480148721,2017-12-05
df2fc7ba1ed5d8b9defb1d67ded57fb5,9ef127d5e1160289c0629d156a39c648,delivered,2017-05-17 16:05:12,2017-05-19 02:35:14,2017-05-19 10:18:50,2017-05-22 11:22:03,2017-05-30,91c07dc37131bc40becfbbfab632412d,2017-05-17
f6e6d4ea8fa36e20a36c71352a2422b3,d0d189669fc6b10d726e12172c8996f0,delivered,2018-07-25 12:53:12,2018-07-26 03:15:22,2018-07-26 12:32:00,2018-08-02 19:56:51,2018-08-10,aa575dc3874ea4c97bd6e954a84db119,2018-07-25
d3f1b8077e7df43a610e3e850d369349,3d2c79eca9a85888b5b3e6c35bcf3935,delivered,2018-01-11 00:40:46,2018-01-11 10:38:28,2018-01-11 19:39:23,2018-01-16 20:53:25,2018-02-06,20026c0655b6e967cf3fe0a9b46ae545,2018-01-11
2c082256a8471418c6cccd10c289051b,3b09d6915b73c37f8bb280cdeec605ec,delivered,2017-07-07 15:51:50,2017-07-07 16:05:24,2017-07-11 09:18:30,2017-08-04 16:17:44,2017-08-10,5745d934dfb11a294fce3d48d18851d1,2017-07-07
4c3c77b27f585da8c9e4629aba2f7817,5ea0534a9bd5f264c599847dc75007fa,processing,2017-11-07 15:47:40,2017-11-07 15:55:38,,,2017-12-06,452cbd8b8bde0d91625ee847c9192da9,2017-11-07
893b8c5a9626a6c2f07bcf9d32b4d77f,866e86e72ee6ed3e942ee847c8439b31,delivered,2018-03-24 18:42:35,2018-03-24 18:55:33,2018-03-28 17:38:58,2018-04-05 23:39:42,2018-04-23,f409b06d88f85051b006d13fd9e0fab5,2018-03-24
9489cf6af1217c413c18017749a398f8,c2591e2d32cd7bdb05a9474c594499ae,delivered,2018-01-23 11:51:03,2018-01-23 12:17:53,2018-01-24 17:15:42,2018-01-25 14:33:16,2018-02-07,5f9b7a59c5913f5978c826d4a7e9188d,2018-01-23
9069cf8008a940efbe703ea943d271a5,6b1618d1c40a7f830a71f322a649b029,delivered,2018-05-13 01:36:43,2018-05-14 15:56:58,2018-05-15 14:15:00,2018-05-18 13:25:37,2018-05-25,7654cab075c80fb33eae26084f1f3e40,2018-05-13
fb4de3600d359f84927517e78ff9ba54,c33e62b6b6e872a818d2f85f632b5483,delivered,2018-04-19 22:05:52,2018-04-19 22:15:17,2018-04-20 20:22:05,2018-05-04 17:51:20,2018-05-16,c82a940bf171daec9b52b594db8d9a62,2018-04-19
2e5c056e25f127f8554fa6a2ee1336a9,e372f3a95dacdd4355d7b654310fd683,processing,2017-04-30 15:59:34,2017-05-03 11:40:13,,,2017-06-06,b621ac736971663d7aede4222074d3fe,2017-04-30
d56f099b822d5857e1d02f660db4a915,1db832261819c0a9f78efbc0dd77f2a3,delivered,2018-07-26 00:27:02,2018-07-26 00:50:12,2018-07-26 07:39:00,2018-07-31 21:21:06,2018-08-10,62345fb1babc1e9fa7bd617eb3a4fb37,2018-07-26
f211430c0952db7a012de2ee8cdcffa9,8b024a20889762278ad68ad57a73367a,delivered,2018-05-18 12:25:56,2018-05-18 13:27:14,2018-05-22 06:18:00,2018-05-23 22:16:50,2018-05-28,14b1bf4e103a2a0111a80bed3a37a3e8,2018-05-18
8e64c8a9ce934e47e871b0a4eaa973f6,57a6a7790c1e4ecbc477306abef69de6,delivered,2017-07-19 13:12:38,2017-07-19 13:30:12,2017-07-20 19:57:34,2017-07-27 17:29:44,2017-08-10,8f9cee5695fc39c8baa514b8df4aff34,2017-07-19
13f48b228960c77c8ebeef615e898f32,1a74e2a0ca031a067b39ec02f4beb618,delivered,2017-09-18 20:48:19,2017-09-18 21:04:27,2017-09-20 20:37:09,2017-09-21 19:29:19,2017-09-28,80b47854804624b05010c421342b755d,2017-09-18
2b3d870a4d670c91f15668cea4fe3aa5,a897d52db6440afe445137c35a4add64,unavailable,2018-01-15 14:32:42,2018-01-15 14:50:13,,,2018-01-30,421b4a08b9e9d1c127f27789a4c1abb3,2018-01-15
a47613180529472d74824b41a0564e3f,285b0ec7444dbba52a1a9395629c6697,delivered,2017-06-24 14:01:23,2017-06-24 14:15:22,2017-06-26 15:16:38,2017-07-03 11:11:39,2017-07-14,f5c4461e656cc51e81d1cc7eb1d44629,2017-06-24
e8706a02ef9dacebd83ba8d93225d0f3,c1d73d8388eab6321d6346ec5571cad4,delivered,2018-07-28 22:43:54,2018-07-30 08:31:27,2018-07-30 11:59:00,2018-08-10 00:31:27,2018-09-04,d4f4e1a338c7abd6b74e631887442994,2018-07-28
989349701595e3faf7560eed7aabc830,8092c7b207c7dada91fc057f59fadeed,delivered,2017-07-03 19:24:45,2017-07-03 19:43:34,2017-07-04 10:15:24,2017-07-10 20:53:30,2017-07-21,4a37214b106fac5a660b3858d4ac9d41,2017-07-03
ad6137b47c7f7c1c621f4de13c3d5bc9,a49a8d627171eeff10dc5601f2109971,delivered,2018-07-12 22:59:12,2018-07-13 22:55:17,2018-07-17 14:09:00,2018-07-20 19:03:04,2018-07-31,5b1beee2c7f97012bd089e13416ee57c,2018-07-12
db8cc6752d073697a12e3998bfcd9a0d,e5fdd01320e46381aadc9a1491170cd3,delivered,2017-12-22 17:09:19,2017-12-22 17:31:32,2017-12-26 17:52:39,2017-12-28 21:51:47,2018-01-12,c49d4e0dcd73261fd5112f38b7dea1df,2017-12-22
11cd24b7e4b9463f16ba03156c608cbd,198ce6d640d81b85713a4762e5cc5f07,delivered,2018-02-08 18:56:04,2018-02-09 02:50:11,2018-02-15 17:29:09,2018-02-23 16:23:02,2018-03-07,c12295f28cd3b4d4315ede54ef5e6822,2018-02-08
942560c0452cea75a56bf3d4736511f9,37be9be04f319e4c87fd455fb54f59d6,delivered,2018-05-09 09:11:51,2018-05-09 09:35:19,2018-05-11 14:31:00,2018-05-22 21:18:41,2018-06-04,2f7dfe579bcf68fe342ed9044423d846,2018-05-09
6e150190fbe04c642a9cf0b80d83ee16,135a42a465867ff932f1222f71a3efb2,delivered,2017-06-24 16:33:35,2017-06-24 16:45:14,2017-06-29 16:08:40,2017-07-07 18:35:52,2017-07-31,c5628087b9b42549720ee8b57f0a6a98,2017-06-24
54b803c77b3baa82c6541268b252cc0a,fef2e5a93a464f4daf5d2b2ab16a7753,delivered,2018-01-20 23:56:19,2018-01-21 04:55:43,2018-01-24 13:22:13,2018-01-26 22:29:48,2018-02-06,79c7571ac55fccbba44b6c73cf773829,2018-01-20
ae2268b7be14ac244c81a598e338a356,a322df321383c6c340fa14a4a87252da,delivered,2017-08-31 14:09:58,2017-09-01 22:33:06,2017-09-04 20:23:39,2017-10-04 18:22:42,2017-09-29,77d7e027eb0c7fe85780fc9fe35e0fbd,2017-08-31
b0c1eb643cc230efdadc151753e940b5,8f55782365bb8e8ccad248e256ff0272,delivered,2018-06-12 21:41:42,2018-06-12 22:01:35,2018-06-15 13:57:00,2018-06-26 20:21:52,2018-07-03,e2dfca400ca2f5671121e7f6a6bcc27f,2018-06-12
76df775e41e31a9af3a69d5bcd3575d7,d1c636aea71dee50a1d879c036575675,delivered,2017-07-28 22:34:20,2017-07-28 22:45:17,2017-08-01 17:53:06,2017-08-17 21:06:02,2017-08-23,d815021b4d2400e191b912e96d494b2a,2017-07-28
7d76335e7e80375e28928a33bc942ebc,71faaf972f231660f00732bc7c103241,delivered,2017-06-05 11:38:20,2017-06-05 11:50:11,2017-06-08 15:26:20,2017-06-19 16:09:44,2017-06-26,f2e54b347dcce00e1c162013a5f91444,2017-06-05
2536e0f8936553b5d7c7de59d0dc4b0e,c1526791a147accd570e84fab7e3b522,delivered,2018-06-08 11:22:55,2018-06-09 11:38:38,2018-06-11 10:56:00,2018-06-25 17:41:32,2018-07-23,72ec26bf0abc8fe446cd95849276b127,2018-06-08
85d32072051813056a0a92fdef601cbb,487583258b019590638622dd1f4d6e14,delivered,2018-04-02 19:35:17,2018-04-04 03:29:22,2018-04-10 00:02:57,2018-05-07 20:37:59,2018-04-27,c82ca1ef39d618de9fd145ddcaef0a86,2018-04-02
e38f48f35b9cec88386035b2ff883527,75889c226b97b6d3d51302ad295ec61d,delivered,2018-02-04 19:18:45,2018-02-04 19:30:22,2018-02-05 20:26:55,2018-03-07 20:32:28,2018-03-06,04ebe7670da121a91344d0fd5547222f,2018-02-04
1f92ee0cb5a486074e52ffcecaa1dbd0,e12c68dd4db32c03ad19a62b5c3da912,delivered,2018-01-07 00:12:45,2018-01-09 07:17:42,2018-01-09 18:07:39,2018-01-16 18:46:40,2018-01-31,0028cfeb9dfcd3628a56d5b6400deef5,2018-01-07
2e90d155b85776a842b3b1c59aa4b340,dc0f64fb88e567f9d8ff195dcc36f332,invoiced,2017-05-06 19:09:33,2017-05-06 19:22:04,,,2017-06-09,69107810fc2b88841b635ffa65b23891,2017-05-06
b829a9df2bfb08f7e2a0e9854656fdfd,af494a72a0ff8e7ccc03fc96250fccb1,delivered,2018-07-12 10:38:07,2018-07-12 10:50:16,2018-07-12 16:05:00,2018-07-21 12:28:24,2018-07-26,83476105a4e9a12fcddd09081dc6cefe,2018-07-12
d4732fc61490420e42d4dbdce8c3c6bf,b1889da1a2d08df1a9d506efbf11784c,delivered,2017-09-10 16:28:07,2017-09-12 07:45:07,2017-09-12 19:43:43,2017-09-23 13:40:05,2017-09-29,ef877ec0a5efd176c1717e9c732d0bea,2017-09-10
930299b3cc193996df76f2ba8c82a916,e1c05be92c14fdfdf526f81df3d5066f,delivered,2018-04-13 12:07:23,2018-04-14 02:15:26,2018-04-17 12:17:34,2018-04-23 20:32:39,2018-05-11,99fd4c2c2a5e6ad80240df30afd7081d,2018-04-13
aaf8c4fd10324c24379e08159ce8489e,0a9901c032c4007854dfe4f67b42ab68,delivered,2018-05-15 10:54:37,2018-05-16 02:55:18,2018-05-16 13:15:00,2018-05-18 14:33:32,2018-05-23,1dbacfbc8a8b1ef3409ab799d372eeb2,2018-05-15
65f4f976c2281eb3c5f69547ca21893d,775e5b39bea2cf3e7080071ddbf9d708,delivered,2017-04-09 09:52:05,2017-04-09 11:05:17,2017-04-10 15:56:25,2017-04-18 10:50:10,2017-05-03,bf79e2be560481b2e6014798b4331a18,2017-04-09
422bf65831c607c9ec72b1d2c1967465,4d407711d03a415fa3b435f84ea4ec94,delivered,2017-04-23 00:17:47,2017-04-23 00:58:42,2017-04-25 15:34:13,2017-05-04 15:34:14,2017-05-26,69a8def672a4f3bcb373cb689b26d656,2017-04-23
21ecf6c28bbb0f0ff48c5e1299cdfcc3,9aca2769d327cddf07d1af8f330bc7b7,delivered,2018-04-21 08:18:07,2018-04-24 18:59:52,2018-04-26 06:40:00,2018-04-30 19:21:42,2018-05-16,d99058b8e915682681783b0f2b9e537f,2018-04-21
418648b0abc882677f47aa3d23e275bc,61ff530e3f5e6fba4c0c4a6bcf7e735a,delivered,2018-01-09 17:24:13,2018-01-10 10:32:38,2018-01-11 12:16:13,2018-01-25 13:14:57,2018-02-07,ba79f64e5e6b53bb53e0114a0a6b2364,2018-01-09
39a2c5163845188e0148f36a05ff7ac7,8f7c043d717386cdc50669c78a43f85a,delivered,2017-08-16 20:38:37,2017-08-18 02:30:07,2017-08-21 14:44:03,2017-08-30 17:32:21,2017-09-08,dddcc50cec9aabfe44b26c136236db0a,2017-08-16
236d48ee787db9dbdc37e40df613cc92,6c0350311722febe32a77819ca5f6197,delivered,2017-11-28 10:28:28,2017-11-29 02:20:45,2017-11-30 22:13:24,2017-12-11 15:25:07,2017-12-19,87f036a112ee9b2695f0eb5f063c7444,2017-11-28
c4cf72ea58abebc4b3fa344363bb750a,635e6841727c22cbb3926856fd4b9ac5,delivered,2018-02-07 14:32:58,2018-02-07 14:49:29,2018-02-08 18:47:48,2018-02-22 13:38:51,2018-03-12,eec22f8e7010fbe7984dd05dafa4f583,2018-02-07
8abe9f445c2794a43728dd2b37938528,aad6727aba2d94ce372e38769c3930ea,delivered,2018-01-13 09:07:57,2018-01-13 09:17:22,2018-01-18 12:18:16,2018-01-25 00:22:46,2018-02-08,a5966062368b4e1681923442b5ba7ca2,2018-01-13
829105b927ac0fb2b0b47fdd3ea440ac,f39c0bea10fec4cdc3138816747386fe,delivered,2017-12-14 17:59:17,2017-12-14 18:12:09,2017-12-15 18:04:28,2017-12-22 14:13:24,2018-01-03,a40fd948c7052f309fbbb0c6e3d0999d,2017-12-14
3d7376c0f2e3ca72f4bd82000af41d7d,38de4863516ed79e91284a6cad6d3ec3,delivered,2018-02-02 19:53:35,2018-02-02 20:12:04,2018-02-05 20:11:49,2018-02-14 19:52:31,2018-03-08,9839347d33d3a6aa1c44d5d4d194e031,2018-02-02
f8433ba8190dc8137e3409d466cf90ef,e25c5deefe6b7e4740265442544e59f5,delivered,2018-06-06 21:41:54,2018-06-06 21:55:15,2018-06-07 12:52:00,2018-06-14 17:17:36,2018-07-16,4483110ec7728398e8128f4550f3c38a,2018-06-06
deecb63e53b1551c384f3b95913c1396,15af9668596b9358f3c13ece3af9aba1,delivered,2018-06-08 01:02:40,2018-06-08 01:15:09,2018-06-08 13:48:00,2018-06-14 19:44:40,2018-07-04,92fbc23be50aff0204899b5516522eee,2018-06-08
4e11f2c19781a078792e270995343e17,42ec03572c4d7d90d58197c94a22876d,delivered,2018-04-15 22:08:38,2018-04-15 22:30:08,2018-04-17 22:44:18,2018-04-18 14:52:37,2018-05-03,2400289b896122e17ce9cb362141c8c6,2018-04-15
9d293efd4c6752aacbe03668f1d197e8,ac4b2869f3f9c161a9dd4a4610b43c92,delivered,2017-11-20 10:59:08,2017-11-20 11:27:18,2017-11-22 20:51:20,2017-11-28 20:11:01,2017-12-08,a3e0645de7adef05c1ed21b997efa4c3,2017-11-20
b62ced5bbcbad01b30fd58926d727b21,9ec29e8efb334fe1167d47ad3f355071,delivered,2018-05-02 00:41:45,2018-05-02 00:56:47,2018-05-03 11:56:00,2018-05-24 10:24:48,2018-06-05,b11334bf17be77794c5b9eb97dcf98ed,2018-05-02
e31526204c93b55b21e55ef3e5a45f36,d0dac49a8ce4e5ba67f9ad0a2aac7eb6,delivered,2017-08-04 15:12:38,2017-08-04 15:25:23,2017-08-14 15:46:53,2017-08-21 19:48:53,2017-08-28,eedc362a708fc98e119a63703ef27f98,2017-08-04
97b4d83323a5917d5df6ff4581daaaec,7f89f97dcd89a2822583cfb3ab874788,delivered,2018-02-28 10:35:28,2018-02-28 10:55:37,2018-02-28 22:58:47,2018-03-07 21:07:55,2018-03-23,e5ae3dacf82b0ced4bd9e85046b96f38,2018-02-28
c566380dcbb4c99de2a70b58da3db979,4c5fddd41ec35898a6476a8048079ced,delivered,2017-06-25 16:38:14,2017-06-25 16:50:17,2017-06-27 17:03:31,2017-06-28 12:24:53,2017-07-07,dd7aad249fd4f7cf7f1dc1d42cd1b48d,2017-06-25
b03c3813b79abede0217026999c4fd66,edcb0d489e8bf0601ab2ca4ebde3bed1,delivered,2018-03-03 20:45:49,2018-03-03 20:56:04,2018-03-06 00:36:55,2018-03-20 22:53:44,2018-03-22,592fb34649aad7444bd5d804020af7eb,2018-03-03
2291ee4be39fe350accf088e1b57a5d1,2c1d9cb5468d2428f8e95a5c084396a8,delivered,2018-07-19 21:43:16,2018-07-20 05:03:25,2018-07-20 11:36:00,2018-08-01 20:42:31,2018-08-07,62789dfe332c095569f5ce35d10a3062,2018-07-19
4fb7f38042d214ada4d81cc23d228cc8,92da31c4d9d81552801e3c1a6194b796,delivered,2016-10-10 00:01:50,2016-10-11 10:44:13,2016-10-14 18:00:00,2016-11-16 17:17:53,2016-12-14,b74deaa44a000da4ce9bf2913cb8e232,2016-10-10
37792549e9a1606a574bb4a8aa76136e,35f840b076d79718e004c0951fe0f435,delivered,2017-11-29 10:23:22,2017-12-01 11:30:59,2017-12-01 20:24:48,2017-12-04 20:17:16,2017-12-19,2a3d4df1de5c9feee497328298916d41,2017-11-29
d1e15a79329ed78d7982521b3b3b2a8f,ae3f264a566530ebaeb52b2cc1559b5e,delivered,2017-07-19 23:37:44,2017-07-19 23:50:10,2017-07-25 18:38:32,2017-08-08 17:03:04,2017-08-22,c40f5af81ed6752819b393aabc0e275d,2017-07-19
17c42a761def4a50753277a24c772328,e41c3765c3f376d55ff3f32aa4409d20,delivered,2017-12-18 14:00:47,2017-12-20 06:55:32,2017-12-21 15:07:31,2017-12-23 02:13:57,2018-01-05,105de65c9664802b116bce00da47b9a4,2017-12-18
debb76d62f02e0ea42769534a3d58286,3dfbf844abeffee1631f66fced77dbef,delivered,2018-07-29 21:45:01,2018-07-29 21:55:12,2018-08-01 15:25:00,2018-08-06 17:09:29,2018-08-07,18f17d06cfab0ac657117484cd1f6fd6,2018-07-29
de922556bfd4f7734677ececcaa615b9,cb1c0127db43599374c82c6f00560466,delivered,2017-11-27 16:29:39,2017-11-27 16:39:52,2017-11-30 22:13:44,2017-12-07 22:48:39,2017-12-15,f557a62eee3de36256ff993512eca32b,2017-11-27
295d49e8efc4fcc47de84a52d74d37a3,15fac012004dcb19b9c9b0c83cf76d63,shipped,2017-03-28 15:18:27,2017-03-28 18:05:29,2017-03-29 09:33:34,,2017-04-20,699718da03289d4dc724e6c219ce379d,2017-03-28
551ac5ff66bff1f852bc0b36eb22e162,2a50e9151ecf1b477d053cc68820a5a4,delivered,2018-08-18 11:09:38,2018-08-21 06:09:51,2018-08-21 13:23:00,2018-08-27 16:07:00,2018-08-30,cf56ccfd32ac8a510501a6fa69972c74,2018-08-18
94fba1bfb7cfc7150d1b2a902bb4f14a,4e6c31afea698a7bceaecc399e3ba478,delivered,2018-05-08 10:59:08,2018-05-08 11:15:14,2018-05-10 19:07:00,2018-05-11 23:05:23,2018-05-16,ef574e3866eb2704cb9b0345f84f9883,2018-05-08
9506bf16f764e91707db1ffebc90b494,06ea7023e66ec49c0e13b05e477ed514,delivered,2018-05-02 20:38:12,2018-05-04 03:12:18,2018-05-04 14:58:00,2018-05-14 21:50:48,2018-05-24,fdc38cd0c5fd002c09270e8dabc475de,2018-05-02
042f96d01e1471ebf86650ae185a0746,19cb592037881e4aa0efebc16087ab69,delivered,2018-06-17 01:28:58,2018-06-17 01:55:26,2018-06-18 12:03:00,2018-06-19 18:03:59,2018-06-28,442ec7926cde07b2c855a5e100e345c5,2018-06-17
8f7f000c35c951ac51ce055b965ef2c9,f31ab086c3d9d2f24bfbc27e6a7dc672,delivered,2018-03-15 08:08:09,2018-03-15 08:29:30,2018-03-16 22:28:46,2018-04-11 19:48:48,2018-04-06,83becb81c1eece4f3d1f7898a775509e,2018-03-15
e4a4be9057b0723c5014f56c6d4ba6ca,70866865cfb7a386f82220cc07856c8a,delivered,2017-09-18 12:16:24,2017-09-18 12:30:18,2017-09-18 21:12:40,2017-09-20 18:25:57,2017-09-28,222a805ee00a446bb73dfbd6f509e6af,2017-09-18
d0a13158f5857572b99f8f9c6be9cfa5,5cc6e86b63af4573b013fead9c1e087b,delivered,2018-02-27 06:05:48,2018-02-27 06:15:29,2018-02-27 17:56:26,2018-04-30 19:14:43,2018-03-26,da66304f28c34d97c38ace6275efbd0c,2018-02-27
2b1d7ce076791a6c43b897382a7b7ab1,88d99e45257c1705ee90afc9f2736dab,delivered,2017-09-02 21:37:18,2017-09-02 21:50:20,2017-09-05 15:47:59,2017-09-08 19:12:39,2017-09-21,2def344a13128b287c12ffd531dacce9,2017-09-02
ea5eae45d22308768d97e85db1d51269,338b64a7cce0259c5062aa03b2537597,delivered,2018-01-25 09:29:13,2018-01-27 02:46:33,2018-01-30 02:11:48,2018-02-15 00:27:09,2018-02-23,d40f703b409171b663527c895a6e9775,2018-01-25
8f6d8ee78537f5977e5b70a12761403b,fce48cdc0473d52a614efabbb7820add,shipped,2017-06-04 12:58:18,2017-06-04 13:05:23,2017-06-06 10:23:53,,2017-06-19,9ee554a619106eea8aad534209f8b566,2017-06-04
bb8b0de6aab45a9395bd46092865b6ef,d50dcc264b92c899c1a4f0f1c99cb67c,delivered,2017-10-30 23:03:42,2017-10-31 19:50:13,2017-11-03 11:27:59,2017-11-16 22:56:39,2017-11-22,87bbba8720d775549bec72aaec36ff19,2017-10-30
d592b9dfd1c2dba8bbf5f398c6aaa65b,f35fa6adf39cccbce5d32a9e10ccde88,delivered,2017-09-19 12:45:18,2017-09-19 13:15:15,2017-09-21 19:27:41,2017-10-11 20:47:49,2017-10-06,afdb02ae9ac1b2b174f20e7a300413f1,2017-09-19
8fc77c04dfa38df89a157e9e81a75ac4,bb43f4e424e0b7d24c5acd2d662bb9a6,delivered,2018-08-19 20:26:26,2018-08-21 04:10:49,2018-08-21 12:36:00,2018-08-27 19:16:20,2018-09-12,633fe14cd1aaed19dce95a5149799220,2018-08-19
4ea66e940d723646064604059b99f32a,3dc1961b98eea618825274f92e26bbc5,delivered,2017-03-30 15:44:47,2017-03-30 15:55:19,2017-04-03 08:22:38,2017-04-07 11:40:08,2017-05-04,0c083b33d177ff8667fde152bd646ef7,2017-03-30
02f4dd90ba0feb8ec394cac05862d2b5,df6d93efba53a613bf2365f7945febb0,delivered,2018-05-29 16:04:49,2018-05-29 16:15:29,2018-06-06 14:31:00,2018-06-26 04:32:57,2018-08-09,9484cca8fd716e613bc1a0bb17ed0172,2018-05-29
6b9c8c185575db6251ea1e2c699cddd5,c5bc9b19d037a1e48cb6b6c11c9a2bdf,delivered,2018-01-31 10:15:48,2018-02-01 02:56:03,2018-02-03 00:48:37,2018-02-19 16:37:12,2018-03-02,4f4a4c713a7892d9db23f694fc647d13,2018-01-31
b3dca2e199b13ddabab4ed77d79ee9f6,f127cfb44a80615cabe7a815ba206286,delivered,2018-05-16 16:49:42,2018-05-16 17:21:25,2018-05-17 14:35:00,2018-06-02 12:08:23,2018-06-06,9801a2c53e40c68803158742466ad09a,2018-05-16
e3be8e7970afa286e942ea4273061bae,7258ea0b59cf99de570d9c32c8c88560,delivered,2018-07-04 13:08:42,2018-07-05 16:10:41,2018-07-05 14:45:00,2018-07-10 21:24:51,2018-08-08,e5a0a6fcda91e9d7bb406fdf31c90fd5,2018-07-04
a60cfae2bca27cb006f446f1f04cb730,faa9d2f851f2d1d8bbce6c4df3a9a5f9,delivered,2018-04-04 16:19:09,2018-04-04 16:30:42,2018-04-05 19:38:40,2018-04-06 18:06:45,2018-04-20,1d142b038c3043e0f65cdeca3f0fe729,2018-04-04
8ec03a8bf91f7efde7eb3ecc6c6b2b03,d90c5c65d840d9daea637a6f04d7832f,delivered,2018-04-29 11:12:03,2018-04-29 11:33:05,2018-04-30 13:52:00,2018-05-07 22:21:30,2018-05-21,37c5cbc68741d25ca4684812ec24649f,2018-04-29
b34d30e8a140c9f9013790b80ef922ca,51f0f56c7923494196915675ed694705,delivered,2018-01-08 15:16:33,2018-01-08 15:27:54,2018-01-11 13:19:22,2018-01-24 14:55:06,2018-02-01,3132d86f62f32c88fd171f0a25012699,2018-01-08
524e1be52afa977f77d263a35041c19f,338de346d6930edcf0808e2d45d13652,delivered,2017-10-06 18:07:40,2017-10-06 18:28:34,2017-10-11 19:02:26,2017-10-13 23:46:30,2017-10-24,5d7daaea6e48222c993bb5eef18290ad,2017-10-06
2df811835cc5c23687c33228fcf4a32f,c4a93cfdaea28da30e798101a9495198,delivered,2018-02-23 00:28:12,2018-02-23 00:47:51,2018-02-23 22:33:16,2018-03-07 18:09:10,2018-03-19,447c7e6ba5f210f6ee5b9a915ac9f96f,2018-02-23
661daf8e46d57f5f1b916c80f4129049,5480317bcd36fbf6258cf6cace8142cc,delivered,2018-02-22 09:53:19,2018-02-22 10:09:47,2018-02-23 22:28:42,2018-03-15 00:17:29,2018-03-29,5f71823073c8df3a02c4eb014f1da6a5,2018-02-22
3b2d986d88e983cc12154191391193ad,7806ee8ce58a419a70fafe0e2400befd,delivered,2018-07-03 15:33:00,2018-07-05 16:05:54,2018-07-04 15:11:00,2018-07-11 05:21:03,2018-08-01,c31ec2564ecad02c5a6f4efc1d878680,2018-07-03
b5359909123fa03c50bdb0cfed07f098,438449d4af8980d107bf04571413a8e7,created,2017-12-05 01:07:52,,,,2018-01-11,55fbb57fd54c35a38c80c2a032a6ca6e,2017-12-05
644ca3f19fe705ecb307dbface5a2bae,dd21c73372c68be83309b2d11c994807,delivered,2018-01-08 20:12:53,2018-01-08 20:27:42,2018-01-10 19:47:33,2018-01-22 18:47:02,2018-01-31,1d7a114de845f432b9d79013dcbe9289,2018-01-08
7110bcab44594321876407867f1fc66e,7605f444e5bcf26b5f70de8d62094a8b,delivered,2018-01-21 23:47:05,2018-01-22 14:05:03,2018-01-25 16:25:04,2018-01-31 22:16:29,2018-02-14,f203def2ea3fa4802452e8d195706cdb,2018-01-21
684f9c4ae83a486291f6214c56ee450c,5a0d42c9bf8e601108379c15bb808c37,delivered,2018-04-25 08:45:43,2018-04-25 08:55:36,2018-04-25 14:46:00,2018-04-26 20:02:23,2018-05-09,cc4de577443a0710cf5fdfe9229a1411,2018-04-25
1e5b9ba96bdd2f8c7836f6fb5c7f9712,e0f38b37c6f511a9d6219102bb2e932d,delivered,2017-12-18 12:49:54,2017-12-18 14:11:27,2017-12-20 00:13:41,2017-12-26 19:54:07,2018-01-15,f8b92214fbeac3a143e52c61c9b4f979,2017-12-18
599647f3b1e2a0c0f0d2471bf9e9e353,9a493d06db3cccbef739e29498c2b176,delivered,2017-05-18 08:42:35,2017-05-19 02:15:18,2017-05-22 07:52:02,2017-06-28 15:38:47,2017-06-22,ccac5680eab564a88f301f59030b448b,2017-05-18
fc8cfb0445794a015aae85ee6bdcf12b,b1456aef554ace51083ee1a97fcbdade,delivered,2017-07-15 13:10:41,2017-07-15 13:25:19,2017-07-18 18:38:52,2017-07-26 10:24:06,2017-08-08,ea9dbe6719ce1f77f6b030a306f4fb84,2017-07-15
473f6fac1db5ed68ee9f1ad1e7c14aae,7c4adda4554d84672595ee1b9fb62c09,delivered,2017-03-28 17:24:45,2017-03-29 02:22:50,2017-03-29 09:46:51,2017-03-31 13:30:46,2017-04-17,5dcc06236098340b984e6865ba850593,2017-03-28
6dd32235fbbc3ec781f875dcfd801a1a,af37cc29fd6e4080c427108093205a1e,delivered,2017-03-15 12:34:11,2017-03-15 12:34:11,2017-03-16 15:05:17,2017-04-07 20:57:52,2017-04-25,3908b14bef983f379b9bce767ef6f1d0,2017-03-15
372e98d371f1e5e9d60496c1b57e64c0,cc5b37630621e353ba3b40e345f4cee5,delivered,2018-08-05 13:30:55,2018-08-05 13:45:11,2018-08-08 18:00:00,2018-08-09 23:41:43,2018-08-15,ba4ed9f6b174012ec6ce8568b557b2f5,2018-08-05
d066f04ddf4c2a5e300dffe36209bccd,0d87ea75d155cea0ca57c0330ccbfa68,delivered,2017-02-21 17:08:23,2017-02-21 17:22:30,2017-02-22 10:46:48,2017-03-10 03:15:09,2017-03-28,8b6afb5c9eb182373c656b34bf3383fc,2017-02-21
f3b3c5a3c5223b95a6cffe4f2108375b,245100aafd9804af7306b43e763be87a,delivered,2017-11-30 19:18:52,2017-12-01 09:30:48,2017-12-06 16:52:26,2017-12-12 18:39:19,2017-12-26,156e627a5ef12567a39785b9b651e239,2017-11-30
aa4eb242ce9038844369a880da5ceb5e,540e52299d869bd74c555a17a5c6696d,delivered,2018-02-22 18:24:20,2018-02-24 02:35:47,2018-02-27 15:53:03,2018-03-06 19:15:37,2018-03-14,f55f1f9684389cc05a790b1d2a2f04f6,2018-02-22
e1c58cc2bf1f241d4ab2e557f7ab52a6,b2f309350aa5ab290783442c219a4248,delivered,2017-09-13 11:07:38,2017-09-14 02:43:53,2017-09-14 18:41:30,2017-09-19 14:53:39,2017-09-29,54b1545285c9a59d81da3ae7d9e85c31,2017-09-13
4122be7db111cfff4ce3ca4b4da19907,0b3295ce662be865aa56d5c7f78601ef,delivered,2017-08-31 18:13:10,2017-08-31 18:25:30,2017-09-01 19:41:21,2017-09-08 18:58:58,2017-09-20,33e87f4cf23de91419bc2b65f9052789,2017-08-31
e71c628cbad616783246ac09faf8f11d,11244cf8d874c6d68a233bb20d738c53,delivered,2018-06-15 00:03:52,2018-06-15 00:19:14,2018-06-15 09:13:00,2018-06-19 20:48:24,2018-07-27,aa326373dd3c719eeb21d742971eff9f,2018-06-15
731adfc56466bffeb31938efd036b0c6,e621a673a410de599ca8ee99a6910973,delivered,2017-08-14 18:56:03,2017-08-14 19:44:21,2017-08-24 22:32:39,2017-08-26 15:56:53,2017-08-31,80e00a7b9ead7590bf05116f0237c896,2017-08-14
76f73aa1ed8a90212ad2c15403e265aa,5bc6605ac9db578bcb4c39f796294377,delivered,2017-11-21 02:39:45,2017-11-21 02:51:20,2017-11-23 22:02:48,2017-12-12 20:07:57,2017-12-13,ef53388a6daddbb43f7f79731ad79b96,2017-11-21
1ebebc0614bb48f5dd4d5be590f3b5b5,5a019775080020843a5283f96d4c805c,delivered,2017-12-06 20:16:40,2017-12-06 21:03:10,2017-12-08 00:06:22,2018-01-05 20:18:27,2018-01-08,0b3035733532ec8176a6dfcbde18815c,2017-12-06
8f4b23c6040b8a6b6e1621f378e220ee,83602dd01f4224d880dd8e51d053e967,delivered,2017-02-25 19:12:57,2017-02-26 02:10:16,2017-03-01 10:56:05,2017-03-11 08:44:50,2017-03-20,2138be072de38e69d3f456d5bd7fa2f5,2017-02-25
38f84a21226e448e6ca37b3c45144994,e91d6e2c6d965a4d07ff782ce5bde6db,delivered,2018-02-09 13:46:39,2018-02-09 14:15:45,2018-02-14 21:52:48,2018-02-16 20:41:52,2018-02-23,09ec740fbf182446388824c67a5fb78d,2018-02-09
5c48604208ff2a0458a13f33a4c7ef1e,1ec4d570acab4c499a5b92cb5d2f8967,delivered,2018-03-15 18:35:33,2018-03-16 18:30:39,2018-03-19 23:04:59,2018-03-26 23:26:34,2018-04-09,92a1c7d6529b0d56dd7d86c3f107678f,2018-03-15
4454ffbb919a4763ae6aead697473b73,48eb77d5891b5b6fd70571920161aeec,delivered,2018-08-10 14:31:15,2018-08-10 14:44:42,2018-08-13 12:17:00,2018-08-20 21:11:32,2018-08-30,47ed909ad8168055b4cff7733f7ce616,2018-08-10
9380c59012c11f49c549ef8dffef1367,07838708499d3eb9da748cb10b8ddf0a,canceled,2018-08-15 11:05:44,,,,2018-09-21,7e222c2054b16d50c5c2e746d14dc313,2018-08-15
6cbb7541cec244760660574cd04791c8,74e5dd0462887a0d6b683b422c6b1b3c,delivered,2017-12-11 11:37:37,2017-12-11 11:51:04,2017-12-12 19:21:47,2017-12-18 18:07:02,2018-01-10,679c4e66e0b305bd2b020589777af388,2017-12-11
3bf8bde9ea71a7f34051c164fa01b939,c7476de76eb960cc6784c92cd37b0c9b,delivered,2017-10-15 23:37:59,2017-10-15 23:49:17,2017-10-17 19:10:21,2017-10-27 14:32:40,2017-11-01,139e1ff1cc3736d18d31c21a7e338105,2017-10-15
64afc403cfab22312fa1fac557a7cf20,e17c430a1d0915470406bb0e65bb6d83,delivered,2018-06-29 10:51:45,2018-06-30 10:50:20,2018-07-02 12:49:00,2018-07-11 21:08:32,2018-07-19,a50712290e62757f8bc5f1622b2f04cc,2018-06-29
16656bc6faba3fd5740dd2305e5a9a94,ce88f748efb459730857f1a6513d1ae5,delivered,2017-07-14 19:23:44,2017-07-15 03:35:35,2017-07-17 19:13:03,2017-07-24 18:13:39,2017-08-09,5e7dfa825bd9fa4cd265e64f9cc42de9,2017-07-14
ddd7e1f8c4e3b5f791b57bd791f38eef,d3b82693817c2ccf2cb92fc2673abffe,delivered,2018-05-20 20:18:30,2018-05-20 20:30:09,2018-05-21 12:14:00,2018-06-05 15:37:48,2018-06-05,13578dacf0e477f514e626433d7aac3f,2018-05-20
1cd10971ff4d2e932ea34f379401a2b4,a1565d85ce76a84d838e6ecc4f71119b,delivered,2018-04-25 21:36:51,2018-04-25 21:51:20,2018-05-03 12:33:00,2018-05-07 19:32:12,2018-06-04,3589e93cbd610abc00e2714461fef0f2,2018-04-25
d131625abf3dd1daa6fd04443cbc6729,69fada07e6300f17c8c5bdb778f566a2,delivered,2017-12-04 09:14:24,2017-12-06 02:49:56,2017-12-09 16:42:24,2017-12-28 22:28:20,2018-01-03,a332b2f91037ef2205e2fe0c7d9a88e9,2017-12-04
5cf7c6f44cabbd8c1c348873022e395d,7e9d84c132a1ec9fa03cb751b0b36a3f,delivered,2017-10-05 19:24:25,2017-10-05 19:49:16,2017-10-06 14:04:35,2017-10-30 19:48:05,2017-11-09,11305b095e007c3b8caac9fe84550765,2017-10-05
1a3fba90ea359c9da001520adf13fa7e,a06cecaf0e4ef892030e9938afddebbf,delivered,2018-01-26 14:18:17,2018-01-26 14:34:10,2018-01-29 14:04:16,2018-02-01 18:22:54,2018-02-19,2923157e1b4a0c4d19d69099d14a6bf3,2018-01-26
f3b45fb2ad431864b1a6db900cb05e52,ac48242372dc17d1613f0b3c232d8a43,delivered,2018-05-24 14:29:32,2018-05-24 14:59:54,2018-05-28 12:55:00,2018-06-01 20:02:43,2018-06-14,a198703f9c7f3ac3caeef461e130156f,2018-05-24
bf5c20ebc5a7b05e2efd6ecb0e4f7b62,4a99cb79e450374c3345ca7c91138b24,delivered,2018-01-14 16:04:40,2018-01-14 16:13:22,2018-01-15 18:46:56,2018-01-16 14:40:18,2018-01-30,e556b268c7634506fcda88013adc1c82,2018-01-14
a59e5a3085765eccf13872b4529fba3c,c368fab675f0635bef29b452b5b5cff3,delivered,2017-08-17 01:03:05,2017-08-18 02:30:28,2017-08-18 17:12:16,2017-08-19 15:52:05,2017-08-30,b165199fb255b8a14b61d4aeb6cb59e9,2017-08-17
73d5596cd40ea2ece8accb9b4e5fc938,e3249491f80e1cdd4afbaf3bcc428862,delivered,2017-10-25 13:54:04,2017-10-26 03:08:51,2017-10-26 20:42:31,2017-11-01 20:16:47,2017-11-24,c9f76e85c4eb5338bf898aa3f6fcd05e,2017-10-25
13b8bebe558b8424a4ccf23df4c01f77,cfabc333204cd9e25417b1561ffbec21,delivered,2017-10-29 19:29:22,2017-10-29 19:45:27,2017-11-03 18:59:11,2017-11-23 23:17:56,2017-11-23,519006324ed2926a8bc03f241ae81712,2017-10-29
8fccc7922426ac1c14efd13857e57bff,32834f417c58e990729ae8a42aee0a1a,delivered,2017-03-19 17:02:45,2017-03-19 17:02:45,2017-03-24 10:07:35,2017-03-29 09:56:14,2017-04-10,ecef38d75a3dc4093d10bfe4907db4e9,2017-03-19
85c8b9409449608b5f5c6c0a66c9146a,d659428755680b7c518a5409d40bf90e,delivered,2018-08-04 09:25:18,2018-08-04 09:45:13,2018-08-06 13:24:00,2018-08-14 18:11:35,2018-08-21,e6eaee40c7a7c72731ecba5debb98324,2018-08-04
323dad8c483c7f8b818a825d257f4aa0,021833e9737a1145b5a6e3053f0f4329,delivered,2016-10-06 20:05:04,2016-10-07 10:16:03,2016-10-11 10:16:04,2016-10-14 10:16:04,2016-11-28,18af4524eed79155034a9374880c5078,2016-10-06
65626f06410c787b69aac226e3f0f6e8,fd9890dba101b87205b412bb2a8fa2eb,delivered,2018-03-10 13:59:54,2018-03-13 04:15:48,2018-03-13 20:37:21,2018-03-26 21:00:07,2018-03-29,2a4a68cba182fdfc227e3f3d79087b46,2018-03-10
743d02b8213067631ae00120303b4ab0,f14d5c39cf968c9f2dfeded06d3e84be,delivered,2018-03-31 13:31:29,2018-03-31 14:15:16,2018-04-02 20:07:46,2018-04-14 15:58:33,2018-04-19,785829119d434b68719c0a1edfeecf89,2018-03-31
caf07fcb4e0d35fb5e9f6e3eeb294ada,bc94fe53f5ac2303375e8030edfed971,delivered,2017-08-19 18:42:16,2017-08-19 19:04:04,2017-08-21 14:56:50,2017-08-28 17:36:37,2017-09-13,861e2a5848de1a3e8fa544236a8369f9,2017-08-19
25f7cfff1655b5febaab715d36d2cee8,4734aa9452fd42498c835eb1a71caf69,delivered,2018-06-09 07:39:20,2018-06-09 08:21:37,2018-06-11 14:21:00,2018-06-20 18:38:56,2018-07-18,06b09ac453b055904d78d2949972abe7,2018-06-09
55531bd6b11adf2791aeca35f0305e65,c0081bc30aa145f28ed9b2e364453f8a,delivered,2018-06-14 13:55:51,2018-06-14 14:23:09,2018-06-14 15:45:00,2018-06-22 23:08:53,2018-07-16,929c3cfa652a7cd6e243652984242b1b,2018-06-14
01500f2503fa84279982d9d87750021a,084064d0e425f87b49643992a88c2b43,delivered,2017-09-09 20:02:13,2017-09-09 20:10:20,2017-09-11 19:52:42,2017-09-14 22:12:47,2017-09-27,1f4dd20e59017acccdc1888bd80fd381,2017-09-09
da7e4fe598c5bcd3fb94f8f32456a6a3,248ba3fc89dc032bfabfe8a552ce8781,delivered,2018-08-23 19:03:09,2018-08-23 19:15:19,2018-08-24 09:17:00,2018-08-28 21:52:33,2018-09-06,85822dfcef7586733032bf270baeeb18,2018-08-23
0bf738ff836108e7a308061b6d77342d,e5d04a29bc0d884192af129acb7199ea,delivered,2018-04-05 21:32:36,2018-04-05 21:49:09,2018-04-07 00:51:24,2018-04-13 19:03:17,2018-04-30,28676fd63ebb086ed1dfb24785877302,2018-04-05
c14f5bd7031c66dd87c105d99a362601,6199f0c831c304b3f10a4b25c3a18ca0,delivered,2017-03-30 13:24:57,2017-03-30 13:35:18,2017-03-30 14:02:48,2017-04-10 08:41:33,2017-04-19,c20357bcefbcb454a5ce6dcef08578f8,2017-03-30
69e1614e5770f92d02af5b0f875c11b4,8600ee513f6bb72822838f8ed78de657,delivered,2018-06-12 14:31:03,2018-06-12 15:05:54,2018-06-12 14:47:00,2018-06-26 00:28:22,2018-07-18,853d372445d1207c07c8c08571734d1c,2018-06-12
b35a771164a9defa3b4767f1b66918b1,db72b1bc11dfa3a7d4dc04332a77b651,delivered,2018-07-23 00:49:15,2018-07-25 02:50:18,2018-07-25 13:32:00,2018-08-03 10:03:31,2018-07-31,ee94c6489208799271238c965bdbd1ac,2018-07-23
150fb6d066c66925d51a48782deafdfe,c07897b63ee92b706019d87969a92a6c,delivered,2018-06-03 11:03:37,2018-06-03 11:15:16,2018-06-05 08:53:00,2018-06-13 22:38:38,2018-07-25,ad155bc0931cb6bab63d4ff2515c3159,2018-06-03
03af60619b8abd880dd136ed837be800,a93bacd3a4ee650966803e7bbe89bc33,delivered,2018-03-19 16:49:08,2018-03-19 17:09:46,2018-03-21 19:51:44,2018-05-08 19:02:19,2018-04-06,174fbc0ca39715c4d36463f56af17b3c,2018-03-19
821a1e7c9755a640a28554e2d777df92,ceee5f652721c614474008d744d8bfdc,delivered,2018-06-03 09:15:40,2018-06-03 09:51:03,2018-06-11 15:19:00,2018-06-16 16:41:50,2018-07-17,7070c35ed018dc5904ff5f0e90ef964e,2018-06-03
813a6507f352e877ba58291463df42a7,3933c4433fb20dd22767844f7b3106f8,delivered,2017-12-04 07:44:33,2017-12-04 07:54:49,2017-12-14 21:45:56,2017-12-23 17:55:44,2018-01-04,b0e3d1ada829139f6aa648d53831b2e7,2017-12-04
0bfc01cee9ffff85b714520ca97f4b21,5ddfa3a772a75f7369ce2fc4446be805,delivered,2018-07-27 20:36:45,2018-07-27 20:45:13,2018-07-30 13:59:00,2018-08-02 13:43:51,2018-08-10,9bb17125558a326bc9db37d5ba89cbff,2018-07-27
0d06a5815afe53875fb7bf4b7437fe8b,1dcc60dd188374880a488973252e96f7,delivered,2017-11-24 14:16:11,2017-11-24 16:19:06,2017-11-24 22:36:42,2017-12-07 16:29:39,2017-12-15,9e7b0067b40b164e01731e084fbb595a,2017-11-24
c711d7f26c4563f427379e7ed3bfdc51,1adf1bdaabeefd1a481a848c62b455af,delivered,2018-03-17 11:07:24,2018-03-17 11:28:43,2018-03-24 15:57:30,2018-05-11 21:34:22,2018-04-18,e4f218d824a59b96c4399ad182327138,2018-03-17
a41147091da0a907ca54accc4bf5b231,753f641683edcc68123ea7591628d6cb,delivered,2017-11-01 20:40:05,2017-11-01 20:50:35,2017-11-09 12:28:57,2017-12-07 22:11:18,2017-11-22,1bd5ffb847db8a89dee6f626e863713c,2017-11-01
1e69dcdcbc094d39d6ba64248af906fb,0d1c2dc5009dfaf9722bc97439e6d82b,delivered,2017-01-24 17:09:24,2017-01-24 17:22:06,2017-01-26 09:47:51,2017-02-02 16:23:52,2017-03-01,e819069612699e215127ae14289c413c,2017-01-24
b5ce2ab79c7923ac899f38c6f48ade42,8da4c2f6272f4a9218d9dda0f025495c,delivered,2017-09-06 12:59:56,2017-09-11 13:55:50,2017-09-29 19:51:11,2017-10-16 14:52:01,2017-09-28,940b5d5aac34067485a393d6c465d974,2017-09-06
b784702b3377c4b93c2159512fbf937e,8761873ad35020140800f12b4a4140be,delivered,2017-02-10 19:17:03,2017-02-10 19:25:18,2017-02-14 09:44:50,2017-02-20 10:33:58,2017-03-09,6218d4f685fcea8cbd90f0c481df3143,2017-02-10
36d2de07c140425e7bd617c3665b5f80,ece45a6aeed26e33111358b94199ded3,delivered,2017-10-23 10:55:49,2017-10-23 11:10:31,2017-10-23 19:41:53,2017-10-24 22:54:02,2017-11-03,e90332eb389e52e39e2567fe96001806,2017-10-23
7727f2b370c8c7e236872c980d69968f,623edf812b63d58f3d26804f200f4aab,delivered,2018-04-14 14:23:32,2018-04-14 14:51:55,2018-04-17 17:41:48,2018-04-25 01:11:20,2018-05-30,c8e559a002528dcae0cdf29dab6f1e3e,2018-04-14
bb6cd225b42f502ec8d67ffa892087f9,5b3095e55f991741adb3a487bef844df,delivered,2017-04-27 13:59:04,2017-04-27 14:10:45,2017-05-04 07:12:46,2017-05-08 20:33:35,2017-06-06,b2495c024ce0fcaaeb63cdbf58c25316,2017-04-27
63a4d488f28716c95af9ef41eaddca19,ab3b895e66966156a88c076c6c6666e3,delivered,2017-12-06 20:33:42,2017-12-06 20:51:22,2017-12-08 15:12:10,2017-12-14 17:26:23,2018-01-15,3944807d83676820c46f83f72e6e54c1,2017-12-06
659dfd7d8ea316d3da0073a13118244c,63630724ba26b8373204cb3bdcd55c6c,delivered,2018-01-29 10:10:22,2018-01-29 10:39:08,2018-01-30 22:04:13,2018-02-14 23:26:22,2018-03-01,66c46d213ee8922f33c3efdf92114d76,2018-01-29
08915d73ff742886f0b4c9429af3c959,cd1e26832990fe789ebf64b0bd3de6c1,delivered,2018-04-22 21:23:13,2018-04-24 17:11:29,2018-04-26 07:49:00,2018-04-27 13:27:37,2018-05-11,d0191e354b8298f3ec37607d43ed1df9,2018-04-22
300b0559d2d523ea8e5ba8f3f61ade92,ad2470a2b3c43797cfc4ddf238ca8929,delivered,2018-07-23 20:49:21,2018-07-24 10:31:28,2018-07-25 11:12:00,2018-07-26 22:08:48,2018-08-01,6537bbbfb2b8169a6f5f87a004fc28c3,2018-07-23
0a6003474a7471ca13dbdb23b2c04ec6,1b83402c2a0902c482f5ff935ca097b5,delivered,2018-02-02 12:43:53,2018-02-06 04:33:27,2018-02-07 20:39:41,2018-02-19 23:59:18,2018-03-05,fdc0a21e74aa1c40a4e1b81e5211334f,2018-02-02
4618ea1ec695ec1707fcf8cc21a52b0d,6c5d7b586d03a0049e4d1d794279a490,delivered,2018-08-14 16:47:13,2018-08-14 16:55:27,2018-08-15 12:53:00,2018-08-28 21:04:10,2018-08-31,f80613d978005161666979097ebb6cc4,2018-08-14
cc38d740da287b3c64f4d1f3d4ee4f86,b4b0c0b0e3f72d82a595495c1c8b5ecf,delivered,2018-07-20 11:18:25,2018-07-20 11:30:16,2018-07-20 12:10:00,2018-07-31 12:46:45,2018-08-09,e67fade5c7d2afb5446c930b10210434,2018-07-20
2b18686c9329e1cd201d6d4015268ca9,35a4e68b2dc968a52a8ec8f87f9d6501,delivered,2017-08-08 09:13:34,2017-08-08 09:43:11,2017-08-08 19:44:02,2017-08-11 23:44:32,2017-08-28,51da3149efb8c4a64b26f928a4ed8f28,2017-08-08
44bf13cf98a0e117856628ee258cd58c,b76f6b4b7545d1a23bfc4caece1d6ddc,delivered,2018-02-16 11:06:46,2018-02-20 12:10:39,2018-02-22 01:52:48,2018-03-06 21:33:41,2018-03-09,75897dfb21f53272945a344799721579,2018-02-16
39deb3539d110b3b863fe3c055395969,abcbf882876e9f017a6055061a92b48d,delivered,2018-03-24 17:14:27,2018-03-24 17:27:55,2018-03-29 04:48:31,2018-04-12 11:14:23,2018-04-27,622ef05573ff01a3225ce9222a536435,2018-03-24
ae25aaffc9b89e8519bb9b5aa59cc8ef,e5245a61cf63870720b6559bad5d35e8,delivered,2017-01-24 12:18:07,2017-01-24 12:25:27,2017-01-26 10:34:58,2017-02-08 15:15:04,2017-03-03,a5915d92773335107130a2d1e0c5a91e,2017-01-24
17afedb7e5fad837f54bacf5c66c99f8,ad4950aded55c2ea376be59506456d68,delivered,2017-10-01 11:21:12,2017-10-01 11:35:13,2017-10-03 20:53:07,2017-10-10 21:52:04,2017-10-24,aa2b96dd03307ea6dc4b763c0b5f0b39,2017-10-01
2793a15df4b2130bcdbe0f125eee15ea,620b70aca29bc1d6c4189c3f33a8667e,delivered,2018-03-05 10:51:31,2018-03-05 11:15:39,2018-03-06 20:57:38,2018-03-10 00:52:20,2018-03-23,f95f0625e25c82748c9bdfe101aef940,2018-03-05
41b57867809d384e30064b7b36656b0e,7afdcc5588cb048e9f8cee953fca36e2,delivered,2017-07-12 22:07:13,2017-07-12 22:23:40,2017-07-13 17:07:29,2017-07-18 19:41:40,2017-08-02,e64ff3aa451224e1c9459826a335ff33,2017-07-12
f7181480c46ca65d102f4e43f01ee2d1,3ec302e1fc6e2541ce59d066cf38bd71,delivered,2017-07-21 14:37:04,2017-07-21 14:50:19,2017-07-21 19:41:26,2017-07-26 00:45:49,2017-08-14,3306db32ba8788609cc76d0d73075656,2017-07-21
3c2e431d91a598f87200aaa0dcda0104,07117462d9483029c4ee6c907a3f3ebe,delivered,2017-12-19 16:50:12,2017-12-19 17:56:06,2017-12-21 21:26:52,2018-01-10 17:55:26,2018-01-17,028b8434bd4a6277e77f5b327cc1e1b0,2017-12-19
54df3693869c9e8423b07e0287194059,b7e86ff5028fe8cbcdff42b0421fdb79,delivered,2017-09-22 23:46:36,2017-09-23 00:06:26,2017-09-25 16:00:34,2017-09-28 19:33:53,2017-10-16,61c8a92ec51f4814af1ce253ad914269,2017-09-22
0580cfd05da4901cede805697f39a632,827a42e41fca052da4378e08dde4d5a9,delivered,2018-03-10 16:31:22,2018-03-10 16:48:10,2018-03-13 20:17:29,2018-03-16 22:24:49,2018-03-22,bc5d56db41d085a187b0e6e1dfbfbb4d,2018-03-10
d9091cd1d6e36cfcebc8b01aab81eff8,f58997d56b1cf164d4fb0518c0574422,unavailable,2018-01-04 11:30:24,2018-01-04 11:39:32,,,2018-02-02,3ab9d2d1f9863816fe06dd9a78687cf0,2018-01-04
69f3b65d77cf7451092f74b61e3bad45,576558fffc8182ee864220eadbb01541,delivered,2018-04-03 16:13:53,2018-04-05 02:15:20,2018-04-05 21:08:47,2018-04-08 18:08:40,2018-04-24,1246a5ce379c363c8dff140b0e0e974c,2018-04-03
b7a777ac7cdff9cbd2da4b89b39d1758,032d6bd82e311f4161259e489edbc6c4,delivered,2017-04-02 23:30:49,2017-04-02 23:42:57,2017-04-04 13:25:08,2017-04-18 12:03:24,2017-04-27,f5dd4480c44d03775bc73f63771d987d,2017-04-02
706c158ac8d8096858c505dadcee23b8,c9bd05e87a980d0197e1ac3b7cad5501,delivered,2017-07-24 13:52:33,2017-07-24 14:05:26,2017-07-26 11:28:03,2017-07-31 20:42:06,2017-08-21,e3c98dd47fb70fc2a9964a4851385d99,2017-07-24
9a4548c22d6c0cd6f1c9786e656fe257,9816186e9870b50a311b2c06da8853a1,delivered,2018-03-31 11:04:02,2018-03-31 11:48:07,2018-04-02 20:22:45,2018-04-10 15:51:55,2018-04-23,9bedaa421783554848ab968c22aa6dfe,2018-03-31
b6b88bb7090445219baad4d67eda6ce6,3e27365a6edfc3cbb04903981b4d9460,delivered,2017-05-02 14:07:29,2017-05-02 14:22:41,2017-05-03 08:37:32,2017-05-15 12:42:09,2017-06-12,fa08098a16131e9dd1dec2dd17fd4ee8,2017-05-02
9b932dca249f9971b86dde2f2d7ad412,882b44646ab3f186597b1622a9443ff9,unavailable,2017-11-20 17:08:43,2017-11-20 17:26:54,,,2017-12-07,639b4096a4e5c96549a9bb495ca4871e,2017-11-20
b0fcac33c0908170958a5ac0d2f5c60f,cc8f3ef9071478290745b2460abfe9b7,delivered,2017-05-15 22:40:37,2017-05-15 22:55:06,2017-05-17 11:50:03,2017-06-01 14:11:57,2017-06-20,227bbe12593bc5480d20157676e84af2,2017-05-15
e636e64e725aeff4955e397f34162049,ca41515a2969625ffefbdf96099bbb85,delivered,2018-05-08 10:52:41,2018-05-10 03:49:54,2018-05-11 15:31:00,2018-05-16 18:28:49,2018-05-25,cdaf6aa44576c0c56f62d86116a94d21,2018-05-08
f5dd84cbffe918310aecf4e40fcfa506,0cfc1b56e94c89b54751e54d295e2088,delivered,2017-04-16 12:16:18,2017-04-16 13:05:14,2017-04-17 08:49:38,2017-05-15 11:33:51,2017-05-25,95a5e51e60e6e7968dbfa0a829149b13,2017-04-16
f9af5101cce51c66f85d9e1f5f0fb877,bb9ad7f657fa725f471c30a40bbac79b,delivered,2017-06-06 19:29:43,2017-06-06 19:42:11,2017-06-09 11:13:32,2017-06-21 16:39:50,2017-06-29,042613930f984a8467523450f14de9fb,2017-06-06
c6318a262b5020f830c5355ef73f09be,7f7894ea9b9c70e9970539ed86a56367,delivered,2017-11-24 22:10:32,2017-11-25 01:13:41,2017-11-28 20:26:54,2017-12-11 21:43:22,2017-12-15,379a5698aeca26ff55abca9bc7fcaa4f,2017-11-24
ef2cace7e3c2895b51eae5d230ea336b,bc89f041be2dc15c73aa301e97b0f7e7,delivered,2017-11-26 16:34:12,2017-11-26 16:51:04,2017-11-27 19:35:15,2017-12-05 20:18:33,2017-12-20,df1a77f2996733d6147ee1f7cb86dcdb,2017-11-26
f1693d9efbf6b7da21de720cbc7d6d54,199e8647aea028002d817f8aee8b0570,delivered,2017-03-12 12:50:52,2017-03-12 12:50:52,2017-03-15 11:29:55,2017-03-17 12:38:02,2017-04-03,c8a52462a137f4e87bf55f002bcde6de,2017-03-12
dfee9d960da703c1db1d2e9d32792dfb,a5ac60f79c5855ce336d0e9822d9f4b4,delivered,2017-07-26 11:19:12,2017-07-26 11:42:51,2017-07-26 21:57:41,2017-08-02 13:17:48,2017-08-17,6704e85687c66dad971c4b6763371d97,2017-07-26
66994eeab784295199193619ce33b765,1c305cddd035850b3626d869b313050e,delivered,2018-04-05 08:07:55,2018-04-05 08:28:57,2018-04-05 18:14:37,2018-04-11 01:18:34,2018-04-24,3757a77ec62fb507d2eb804bfabb857b,2018-04-05
ca32e37618d388555627885cae8a34d5,1182014e15085488488a16a15078d230,delivered,2018-08-19 20:01:06,2018-08-20 13:09:56,2018-08-21 14:46:00,2018-08-24 21:11:55,2018-08-30,951a6d4dc50443180d5e4f20f02693ad,2018-08-19
f99f5bffbe97d450126f330cd970c5e9,5e4a6deb288ee0d277260ff584e7c2b2,delivered,2018-02-16 16:18:59,2018-02-16 16:30:37,2018-02-21 10:49:56,2018-03-07 20:08:20,2018-03-13,e1e2dc80988ace2d050a0f4d29de7dd4,2018-02-16
e905fcbedf011d18698d529c885b7802,eb89e120efb5e33a086de740a4781360,delivered,2018-07-04 22:07:48,2018-07-05 16:31:08,2018-07-05 12:23:00,2018-07-06 14:58:41,2018-07-18,68c625b679a25e1bc7dfa1c14ae3a992,2018-07-04
671671623167a42e49d7edfb4fb5f687,3ba35ac5e5254aef087324d19b05e37f,delivered,2018-02-24 17:17:20,2018-02-24 17:27:19,2018-02-26 18:19:14,2018-03-07 14:56:51,2018-03-21,f9cad2615f9abac4488292a4f03abc1b,2018-02-24
b26727a63ae58f7a0f901dd4f2653cd0,a2a2f4426885e3ee4df54503d1ea80c8,delivered,2017-05-09 14:21:21,2017-05-09 14:30:16,2017-05-12 11:49:57,2017-05-27 10:17:35,2017-06-12,ce7b5d4879aea885f31257253b1064be,2017-05-09
e00b5f39679d81b059686536c1bac133,8ea4888827e2faaf03bd888fbff4b2ee,delivered,2017-11-15 11:49:32,2017-11-15 12:06:24,2017-11-20 15:04:49,2017-11-30 21:22:56,2017-12-08,3932e78eecc3b6011a6a2ca21f225e14,2017-11-15
7bb14a2a67cb178e16ef288143ea56b1,b522b6012e8d874cdf42d6db41585ed6,delivered,2017-03-12 19:54:15,2017-03-12 19:54:15,2017-03-13 12:36:09,2017-03-16 16:22:44,2017-04-03,e8a76fd9643bc0cd7e801230e90c0941,2017-03-12
d9f89fa3c42508045a71a54f39f1b789,fc5858c9e7908b3a59fb1b5d7ad09650,delivered,2017-07-26 16:10:14,2017-07-27 16:15:24,2017-07-28 18:14:53,2017-08-15 12:42:26,2017-08-25,11a3ebf9df2955bc0963bc4b6c629086,2017-07-26
aaf493c617a22ed7648c239a820ab74c,dbda5f37a1f989b254539aea7f0dac61,delivered,2018-06-29 18:41:28,2018-06-29 18:50:26,2018-07-03 14:12:00,2018-07-09 22:32:15,2018-07-24,b28a8f445ec031e22646749f63d27ff7,2018-06-29
f7975233cce5d29114cc23919f1cc8d4,32479f82a2d9369832b89ffd4d5194f0,delivered,2018-04-09 16:12:20,2018-04-09 16:31:24,2018-04-11 12:31:24,2018-04-18 13:32:35,2018-05-10,200634a6304a1f897294667af62a3163,2018-04-09
a965f9a56bd7e9a365d2cb5818934cad,4d1369e49a544143b943aa756b04a306,delivered,2018-08-02 15:01:17,2018-08-02 15:10:18,2018-08-06 09:32:00,2018-08-14 19:35:13,2018-08-27,461aac4bb2f4d6ae5f6375f5b0958e83,2018-08-02
31ca199ff8e0748b9d065f1bfa90450b,f8a3f90054427bb63eed0ec42ed00e70,delivered,2017-08-03 11:55:05,2017-08-05 02:50:11,2017-08-07 12:18:49,2017-08-12 16:27:29,2017-08-29,02a81ef75e80450061b235f691600dc0,2017-08-03
babc205f9c18c546dd707728767237dd,0f7233f40c633aae998597e065b1d371,delivered,2018-04-19 16:22:55,2018-04-19 16:35:13,2018-04-20 00:48:27,2018-05-02 23:41:09,2018-05-17,791e514ef3b42f9f341bfb09aa8b63a3,2018-04-19
c8f7d209a3462eb5d43a328d824c0b0d,ab16c123e2a4a42f9d3227c3d141c7c5,delivered,2018-01-08 15:34:47,2018-01-08 15:41:27,2018-01-09 16:49:19,2018-01-10 19:37:21,2018-01-24,6a7ae1e184278b487e479a115be9c14f,2018-01-08
4da4840a1f38aad712a0857596e24b44,c11f2358b2ff06ac8283b334b97b4f40,delivered,2018-07-22 20:26:42,2018-07-23 12:31:46,2018-07-25 15:52:00,2018-07-30 15:46:55,2018-08-14,f34dba306b9b0952ae463d995f11d785,2018-07-22
943c8463c068840f3d3b804d7ac955db,511a9e1e2abb59c41ecf892a74945c01,delivered,2018-08-24 21:31:39,2018-08-24 21:44:20,2018-08-29 16:57:00,2018-08-30 23:38:44,2018-09-05,47c1737f10465e1d00d0c02ea916c74a,2018-08-24
7892d0d80149359046441dc6f4ae4794,84303db2453b7c19bef47a0c3e16a71c,delivered,2017-02-22 14:26:31,2017-02-22 14:35:22,2017-02-24 15:39:12,2017-03-13 07:59:35,2017-04-25,8581bbeb56d3b44ff048f21b5d74eeab,2017-02-22
be9cb960ebc9760ede83876149977438,e977199e30c9e733409b106408d80514,delivered,2018-08-21 16:49:10,2018-08-23 02:55:19,2018-08-23 13:09:00,2018-08-24 19:24:50,2018-08-28,c2643534289b9b7e428aa81089dc5ce7,2018-08-21
fc672e550fbf1531d3d83ee024aaeb16,02973b8aeee94890bbf4607d739eb695,delivered,2017-11-20 11:46:11,2017-11-21 03:56:28,2017-11-22 20:48:33,2017-11-30 21:14:36,2017-12-15,db1fdca924e7debb3a05ae065f76af9b,2017-11-20
5050bad26c6099dce48e97368a53f149,f341549b5b28a46a5b4db2f4372e36a2,delivered,2017-05-13 15:39:44,2017-05-13 15:50:16,2017-05-19 10:10:28,2017-05-23 15:38:02,2017-05-24,b085fe730254d7b519bc1231da539c38,2017-05-13
8eea47916641c4c869d6cf2b20d7de6c,c5e373b646a140a5c8c0b8b67d41578c,delivered,2017-07-31 08:08:37,2017-08-02 08:34:50,2017-08-04 20:37:39,2017-08-14 17:35:29,2017-08-24,2749558e033658d789f02df663f27404,2017-07-31
ce7da3c96f70e4febad6c91b835784d8,2542745ac649a2a8e9d27da530a80d3f,delivered,2018-08-21 21:43:35,2018-08-22 04:04:23,2018-08-22 14:59:00,2018-08-23 23:05:38,2018-08-28,038124edcdaa5fae5dceb9b71f0c49d8,2018-08-21
2dc34deb58220e9ba1220d4a4f16c954,bf2f9034680f8cc0f9007aa0a23e2aed,delivered,2018-05-13 11:48:45,2018-05-13 12:13:12,2018-05-14 14:23:00,2018-05-15 18:43:17,2018-05-22,b359bf5a3c244f530cd954995e127480,2018-05-13
69fd81b0cd556f5da5000c1ed874ed19,6ad71323c11ba8a83737ccc3ea31fbc3,delivered,2017-09-25 10:53:40,2017-09-25 11:05:35,2017-09-25 18:06:56,2017-09-28 18:53:14,2017-10-19,c739d7adb6f103eae180b1f2fc74455f,2017-09-25
a8ecb8c3d0aca9e0740521256a9a9d74,93c25770ff52717c14a54f59222a23f4,delivered,2018-01-05 09:13:55,2018-01-05 09:27:25,2018-01-11 18:23:46,2018-01-19 15:52:54,2018-02-02,259c6411e59f8d2ce1eb64375b92086a,2018-01-05
e0429c361ab5500f38ecdc7a37f99955,cb8ad14b9b725d00b8071c6de8b8edc5,delivered,2018-03-30 01:04:04,2018-03-30 01:47:41,2018-04-12 23:36:30,2018-04-23 19:16:49,2018-04-19,ba6c3c0c28e81ebf98a554abfcdacdd2,2018-03-30
555905de95610046be84df6313b3328e,76777c242d016fa5ec12e8d4d450a59f,delivered,2017-11-02 14:15:50,2017-11-02 14:30:28,2017-11-04 00:22:07,2017-11-08 22:11:29,2017-11-23,b46025afbb68faa3eae275eb50eb2966,2017-11-02
c0fce14fbbfc6d14305f78a28d145c4b,8cefff339e8656166d7bc46b696a986b,delivered,2018-04-04 11:25:43,2018-04-06 03:15:39,2018-04-07 01:16:49,2018-04-21 01:37:28,2018-04-27,1548904cfcbde03641a678aa857790e5,2018-04-04
65f8a599904103180833575eb6a08702,f3f86239cc639970d8a81f403e70ffcb,delivered,2018-08-14 23:21:54,2018-08-14 23:35:25,2018-08-15 12:51:00,2018-08-22 19:02:16,2018-09-10,46096c74a26672fe76dfcaf234d00864,2018-08-14
3e452a4a4bd5289e081ae210352500bd,4233f25ca89c268e03b0f3b87f767f9e,delivered,2017-11-24 01:43:41,2017-11-24 13:11:46,2017-11-29 13:27:03,2017-12-11 23:35:23,2017-12-08,2dd08bd7446dc7c2f4a68d3e9fc4ae97,2017-11-24
de7ee6becf8148c0952776a49f980c19,5cbf1c7456d9789a9c0955daffca1546,delivered,2018-04-02 13:59:15,2018-04-02 14:11:38,2018-04-03 22:28:45,2018-04-04 15:06:09,2018-04-12,bf7e07e4ccc7df0889db4653d60c3f27,2018-04-02
88abc7f56b29139888abe397ab368518,34348d655bdb46337f636994764b7ee7,delivered,2017-12-08 22:54:44,2017-12-12 03:50:24,2017-12-14 17:52:29,2018-01-23 18:13:49,2018-01-09,92f5b9a03b9ee33b719cdacbf591e0bc,2017-12-08
f585ab48a4d0027744dd2912cb42a2cb,133d446a88638f9aa5aac7f8c5e5164b,delivered,2017-10-08 18:04:57,2017-10-09 09:49:34,2017-10-16 18:35:55,2017-10-23 20:53:58,2017-11-03,919b613e7aa171cb4ca017c049fbc5da,2017-10-08
a1368e51da9e4e5405710600bbaf7c3e,08724baa3d9128d270080acf34f2a5fd,delivered,2018-01-12 00:49:36,2018-01-12 01:27:20,2018-01-15 18:43:13,2018-01-22 16:48:57,2018-02-07,b576806119d9c13cabc9cd0c95158c60,2018-01-12
66621d845162fdab12e4ba918411eb97,ba6d7660aeee1f85045003b1c0c8b5b1,delivered,2017-11-24 15:41:03,2017-11-28 03:43:37,2017-12-07 00:14:13,2017-12-15 21:29:04,2017-12-18,8b349abdfed2d9090a0428cb91ec7db3,2017-11-24
f1b4852f185fc393a2dd79d83f079119,de4c6d1ed7169e53de42d5897f6e0c60,delivered,2017-06-18 17:15:05,2017-06-18 17:30:14,2017-06-20 10:54:03,2017-06-27 17:32:18,2017-07-21,cc9232931026e1f4f1e841e6a88cbefb,2017-06-18
bd158f500dead88056547802d8fba362,939b209dd2a56cc6fed22e0a40b805fe,delivered,2018-08-19 19:09:07,2018-08-20 19:10:23,2018-08-21 14:04:00,2018-08-24 23:21:30,2018-09-14,408604325b96735d6dbed039246efd64,2018-08-19
394df480397a29f485fe13255593a2ec,37a66c3b722186efc524fc70636c2e66,delivered,2017-05-18 13:31:00,2017-05-19 02:35:11,2017-05-22 11:33:34,2017-05-26 13:56:40,2017-06-14,243d5266b96f1d78a25d2c9daaa8eb8b,2017-05-18
96f2c3b92eb876c71d228377a641c6e2,96a2add2cba046f553e5326dd46d010f,delivered,2018-06-21 13:18:11,2018-06-21 13:39:41,2018-06-21 15:30:00,2018-06-25 16:08:28,2018-07-23,536911eef34352fe5aadbb4a39bac190,2018-06-21
64ee68a4358c84c40eb6b5c911e4ee5c,68deb897879fe4817292b0a3d1a62fa2,delivered,2018-08-20 12:26:37,2018-08-20 15:35:42,2018-08-22 19:09:00,2018-08-24 20:42:54,2018-08-28,68095fcd29e56af20457143f1bb15b79,2018-08-20
a30c457db31be821e75d2d690067559e,4f1f2b13805c2ab2ce70a6cad8001b18,delivered,2018-02-04 07:44:16,2018-02-04 07:55:27,2018-02-05 19:37:35,2018-02-09 20:27:51,2018-03-06,34fbd9c42eb9702b4b8c6624b228ef11,2018-02-04
2c953e7c7611317da6160774e2129d64,bbd0f1190b3b255c5f24d8a952e27f08,delivered,2018-06-30 16:08:40,2018-06-30 16:50:06,2018-07-03 13:30:00,2018-07-16 15:22:34,2018-08-01,394f968dcd74016bb253218cc54efc04,2018-06-30
c1e057b24816b20c350825a55dcfb11b,c22e0dfc0429df0b3e8b44adf101614a,delivered,2018-01-15 21:59:26,2018-01-15 22:11:31,2018-01-30 22:33:36,2018-02-06 18:56:39,2018-02-15,6d74740d498504341df1e7f104daebf0,2018-01-15
b14b0dde0afd46bc7023f812bccb6abe,b371150a5f99910091a68eda2d4c6d9d,delivered,2018-06-07 21:04:21,2018-06-08 13:16:09,2018-06-08 14:32:00,2018-06-13 19:12:15,2018-07-18,c504ed3cb6e5d23e4ea7aa1c65321b69,2018-06-07
02f2f6063eb01b5e6e29bda347635389,92ac4160874c75b187c8222aec92e1a6,delivered,2018-03-19 19:36:41,2018-03-20 03:10:37,2018-03-20 19:12:46,2018-03-24 00:38:35,2018-03-29,01a6d398ee25ef8ce7ace2d3620ce248,2018-03-19
bdc9432bcb0ae280a4c907798cc1234e,949773df91bb741e9dcbd5a0a1849c0a,delivered,2018-03-29 16:00:06,2018-03-29 16:15:28,2018-04-04 23:51:42,2018-04-13 16:08:51,2018-04-20,75c23d066292aeca5ccb1db8ff8bf883,2018-03-29
710b84dc1017489e8e2cb948c9addae2,f703e548d8e7c6087b2d1982670cfcfc,delivered,2018-07-30 21:47:38,2018-07-30 22:31:31,2018-08-02 08:46:00,2018-08-03 19:55:45,2018-08-07,ab8464826de904f7996d12e32b2e45a4,2018-07-30
3cfca66bbbea0964771309c7e33f849d,9f6ea62fddf2ac05fb82db13aecc13fe,delivered,2017-02-26 14:56:42,2017-02-26 15:05:18,2017-03-01 10:38:30,2017-03-09 16:28:10,2017-04-03,8d9df820b30602b5880994141adad70b,2017-02-26
aebdb2fcb57815c39468a17e0baacbef,1b615df6fc92797dbfa396ace412c32e,delivered,2017-08-04 18:17:27,2017-08-04 18:30:16,2017-08-08 19:05:48,2017-08-28 19:57:55,2017-09-08,0a7f273743dfadb018886024d7e1a8d6,2017-08-04
2a5509f085830eb1ed8de4678769c2ab,6253abaa7f49a14ed55f0b1c0e1e9455,shipped,2017-08-24 12:23:11,2017-08-24 12:30:19,2017-08-24 17:52:18,,2017-09-06,39930c1159469e3cedbd4c7f6bd4f40c,2017-08-24
737b63f784a8e20dbc2a9abd527f3923,3463ac00dc2de6d13c26ace2d43fc34d,delivered,2017-03-22 12:58:27,2017-03-22 12:58:27,2017-03-23 16:09:06,2017-03-27 12:39:06,2017-04-10,1e8bc2faef25efa8fab9d52f1f12bf7f,2017-03-22
09956a4d0066f2ef4e70f7ae51e2c9f3,3c10da268c72de9078aff090328e7e4e,delivered,2017-10-21 08:42:20,2017-10-21 08:56:24,2017-10-27 13:19:03,2017-10-31 20:51:21,2017-11-27,d2d64464f9572b5caf7af0d7a8f7ef5d,2017-10-21
b22331e9a36bc5d09bc4d29486765554,4cbd19ddd6ecabff61817a1dc560ee7d,delivered,2018-06-13 19:17:49,2018-06-13 19:42:00,2018-06-14 14:21:00,2018-06-18 22:08:58,2018-07-20,5d8d6b43f3f42bcc94e23a6729ce16c3,2018-06-13
8841e13f182213322043988dd67f3780,a7d532b2593c5577a4f831bcf6605208,delivered,2018-01-30 18:19:57,2018-01-30 18:49:58,2018-02-01 00:34:13,2018-02-07 20:29:29,2018-03-02,0a91529edd0e0e5aaf2d64f8ecd9dfa8,2018-01-30
9b6e3ef2773d4b24ea724e1c50e21390,eb102e24279347038b73f2da2e8d1bdf,delivered,2017-11-15 17:07:32,2017-11-17 03:46:30,2017-11-17 17:41:17,2017-12-01 18:58:58,2017-12-06,a942204dbe5292ccb73d3171b6d03d54,2017-11-15
02b939dcd55f2b17680e10690deb08b5,2826ed4f0eb787f543924575bbe8dfdd,delivered,2017-08-06 11:16:03,2017-08-06 11:30:16,2017-08-07 20:34:53,2017-08-08 19:05:48,2017-08-21,de419df8633c2774a7c68912cb578df9,2017-08-06
03515a836bb855b03f7df9dee520a8fc,153e6d880db3cac30ecfeb13e0047841,delivered,2018-01-19 13:24:38,2018-01-19 13:36:01,2018-01-19 21:47:56,2018-02-05 14:33:00,2018-03-01,159306b86e782097be9a4e29e3d294d3,2018-01-19
0d309f0a9fa6f85b5f37ec7e95da3b65,a2667acb77009a458f3cbe8b70db4041,delivered,2018-04-18 17:58:23,2018-04-18 18:34:46,2018-04-25 12:32:00,2018-04-30 15:12:41,2018-05-15,71e35fc907ca26918c355f8297d3660e,2018-04-18
31b82ff746d73aeab9bc070c10156273,a5e9bf539b43985bf77dc7c57783c639,shipped,2018-05-09 15:28:19,2018-05-09 15:51:25,2018-05-10 12:07:00,,2018-05-17,ff5074ba8b01a03882e3935c8c3f5fc9,2018-05-09
01e515b157491fa28d3b56e7ef342573,e8cf85adfbc68653c831f02159ec04c3,delivered,2018-04-26 07:27:33,2018-04-26 07:52:26,2018-04-26 10:39:00,2018-05-03 20:42:53,2018-05-21,1bb24948a31a2ee3e71f6be59e0dc971,2018-04-26
1a0b81380bc0d5b206b3e4ed62cf1791,eb1c2d959542df8e9fa930335150f27d,delivered,2018-02-22 17:22:43,2018-02-22 18:00:20,2018-02-26 23:42:21,2018-03-01 16:39:50,2018-03-15,71fe186c5eb6075c9d78615972b52fb3,2018-02-22
15da85d19161f01ef880f55143598cdc,2b8eaeb809e73b1033fbf57a8633efcc,delivered,2017-09-02 19:28:43,2017-09-05 14:10:15,2017-09-06 13:12:40,2017-09-13 15:10:34,2017-09-27,ce42c564a495510b4c3231c6f4443d84,2017-09-02
5076401c4f2f4895fceef67a44144242,3d3e09db2a444096ee052f4bbe7fcaed,delivered,2018-06-25 19:12:17,2018-06-27 08:53:55,2018-06-29 12:29:00,2018-07-06 10:58:44,2018-07-31,ca87b933d0d333ebc5f26071c795c492,2018-06-25
b7c3dc0093239be66c61081692c5ead2,80bf208c0f8342186645e3ca04fdb2fa,delivered,2017-12-11 17:14:39,2017-12-11 17:32:19,2017-12-12 21:37:00,2017-12-16 00:09:31,2017-12-28,541028a4f24a1f8d31feb975a940aee6,2017-12-11
36be18e3150e2d20d92f20b5c11863ac,df3fbc6a0db543e327ce87dc8b689b4f,delivered,2017-10-17 16:43:56,2017-10-17 17:11:09,2017-10-18 19:49:58,2017-10-19 20:09:24,2017-10-27,0da5d29e1943c7ae0d4454c12cb6abfa,2017-10-17
ec7c6bfed4adf361322a0b6d6e5bfc51,a687e5a5834b405de80b7b7e23839e05,delivered,2018-02-27 15:21:59,2018-02-27 15:35:34,2018-02-28 20:54:51,2018-03-07 18:45:30,2018-03-22,3a5b0d10ee72cefb504df217532a4e6a,2018-02-27
5cba90f4426ae8c12848639992997edf,d3e96567e2456d033de617c74776e7b2,delivered,2017-12-01 15:18:25,2017-12-02 02:37:11,2017-12-06 00:52:05,2017-12-22 15:54:34,2018-01-10,a0f619ac6cd2d9cc9194f265dac97d9e,2017-12-01
6a0bbf8742492e0b34832f585d27b875,7e9d7278a7851fd27e0fb9a1d014e2c4,delivered,2017-06-03 12:11:13,2017-06-03 13:05:25,2017-06-05 14:52:52,2017-06-16 18:37:37,2017-06-28,34d1f09eab8df30b699122c567f6ab32,2017-06-03
f2ab21913f1fad01052d3a92b5be2b71,65cc644f2f12e8c6b77193b2c667a4ba,delivered,2017-12-03 11:04:55,2017-12-05 04:12:40,2017-12-06 13:32:32,2017-12-18 23:25:50,2018-01-04,9a63e6f409edc461d17c76f033dead5e,2017-12-03
6e884f04511bd82a28b97aab89dd3637,828b1f980ab3c12cc2c1d661a5e9ae5d,delivered,2017-11-29 08:11:48,2017-11-29 08:30:45,2017-11-30 19:42:23,2017-12-06 14:53:06,2017-12-19,729089b44985b34915decf7117d8fc2c,2017-11-29
1c0b35b038ee803f39a777029e93e417,ba59bafdda58b9cfa207d9a6a5c6a043,delivered,2018-01-14 13:45:59,2018-01-14 13:52:29,2018-01-16 13:06:54,2018-01-18 12:26:44,2018-01-30,2c4f1092bd119ecf092582dfa6ce27b5,2018-01-14
1f308a202c015c950d2a8562bcad7903,2cb4d66bf2f62a5cd981b4960c1afbea,delivered,2017-03-10 16:51:40,2017-03-10 16:51:40,2017-03-16 06:14:54,2017-03-22 17:38:53,2017-04-06,3ea87a15f27801f0b807d5f254aa68b8,2017-03-10
6c2332524797ccf47797e85207250b4a,f6d7beb5565be70662041ee72f57d9f9,delivered,2017-05-16 13:13:37,2017-05-16 13:25:15,2017-05-16 15:51:08,2017-05-23 10:45:56,2017-06-07,c1f548efd9fc8b040fd45c4d3818d4b8,2017-05-16
a190028f649b28fd7a98cee4d7e947c8,05d1db7c45febbfa36a7a412f087fda6,delivered,2017-03-17 10:44:10,2017-03-17 10:44:10,2017-03-30 17:24:54,2017-04-04 15:49:46,2017-04-18,60a31fb224a2ade6a4a2508fb0305991,2017-03-17
4561cf6b4b4f741552d9b994141419e4,a9c9705c8059a3dc99fa74cd40e65fa0,delivered,2018-07-27 12:51:41,2018-07-27 13:04:23,2018-08-02 08:46:00,2018-08-08 16:18:34,2018-08-16,f462519ec279167796705b908d4b5efc,2018-07-27
5de6387107c3165295d2f19ab2db7be5,0c43610fd930ed4eee8f18b6a89a1755,delivered,2017-12-05 08:36:28,2017-12-05 11:03:33,2017-12-06 23:53:07,2017-12-10 15:21:38,2017-12-21,980349653e7fe046c6ecce32d729bab3,2017-12-05
61a5f701b5030c61c54f06c4c406ff7d,218a907051398c4288718c166c9ddf72,delivered,2017-09-26 18:54:19,2017-09-26 19:07:09,2017-09-27 18:00:47,2017-10-02 20:42:14,2017-10-19,8edc35218531d9a052c6e1f0d1327e6c,2017-09-26
ab64dd52ffac216882def99c2768daec,80c33f6cbd2a66817b9961bfb0f13be9,delivered,2018-01-22 10:18:40,2018-01-22 14:53:06,2018-01-23 23:37:45,2018-01-25 19:08:50,2018-02-19,8f6ce2295bdbec03cd50e34b4bd7ba0a,2018-01-22
9b75e748f5f63a3cdd0c302b591c7507,36da7c51f19174ae1a925ae5ec0e0a3d,delivered,2017-12-18 15:21:12,2017-12-19 09:37:32,2017-12-20 23:14:55,2018-01-03 16:17:27,2018-01-11,27793c0f8ec6a16a11ff120190a38774,2017-12-18
dbbdec1218213282780fe3c38f786e5e,953f3e71ac48c5be1925cfdb3ff767bf,delivered,2018-01-09 12:41:33,2018-01-10 12:35:22,2018-01-16 17:32:14,2018-01-22 19:22:26,2018-01-26,961ca706a9f7e9d6a4ba81922cde9730,2018-01-09
e5500d517e53a1e40c556dea51c7a2fa,70c183bec9f84db4c9557658c6801ef8,delivered,2018-07-14 23:17:45,2018-07-14 23:30:14,2018-07-17 14:11:00,2018-07-25 18:56:43,2018-08-07,0246b5fda21cce422b91be62bca9c9ff,2018-07-14
bd414233109bf4490d08e418ca8b3226,61caae246c83572d81548bf9c2bd3c6d,delivered,2018-01-30 08:10:00,2018-01-30 09:09:36,2018-01-31 16:58:46,2018-02-24 00:43:13,2018-02-22,ba2270f491bc25458b77587430dcd3c9,2018-01-30
964937fd838e5fb7488cf417d7b60747,1ea95ad24c86534af3ded05ee2d7aefe,delivered,2017-03-10 17:55:34,2017-03-10 17:55:34,2017-03-13 10:19:05,2017-03-21 15:03:32,2017-04-06,bd8bee2d841f2573c7c4f2d49dfdcaf0,2017-03-10
1388a23b57206bf7673819fd3a30d4de,ab5925f86dedb8bf8ee88416ce4004d5,delivered,2018-06-11 11:06:11,2018-06-11 11:15:24,2018-06-13 14:18:00,2018-06-21 17:31:56,2018-07-16,d92c01e741554e58a433e0ad36e26c82,2018-06-11
0f4e0cf683934cf2cc6b45a24b386a14,d9d9ef18adcedc759515809d67e54744,delivered,2018-05-23 13:19:29,2018-05-23 14:14:27,2018-05-24 10:04:00,2018-06-03 12:22:31,2018-06-14,be276bc43fdf88180e01106af89e9284,2018-05-23
ed9bbe818219ab13fd2023dc0d984706,3cccf91e55e4c81c8e4db9a9ebb4eef0,delivered,2017-07-31 10:50:23,2017-07-31 11:05:14,2017-07-31 20:07:45,2017-08-07 16:53:17,2017-08-22,f6c8c7f8540c8b6df90600bd3f866efb,2017-07-31
dd787ad9c97e5504d6ea0bd294906902,c4f27e4018dec8c1bb82c0e2ce63d47e,delivered,2018-08-14 17:02:40,2018-08-14 17:15:32,2018-08-31 15:09:00,2018-09-05 22:22:01,2018-08-29,6142e278d63f40dd65e24a89cda7f4cd,2018-08-14
9edbb64717f62b49b516e6d66f31edc0,11147dfd33524c5852f092830e8fb6fe,delivered,2017-04-27 09:34:25,2017-04-27 09:45:17,2017-04-27 13:35:26,2017-05-09 06:37:09,2017-06-06,82a7d2deca38556c56f1fa8ed11fb08f,2017-04-27
82ef901bddb0b3a57a8f2639cba398c2,93da64eecd5d94c7e93a29fe5842064e,delivered,2017-03-17 00:30:35,2017-03-17 00:30:35,2017-03-21 17:38:40,2017-04-19 12:29:33,2017-04-17,ece7851ab0c8e9f6c398fbec7ba43747,2017-03-17
a9b0a7015644d713589e4836e2621897,caed27153d7dcb652fa5d30fa4a08930,delivered,2018-03-18 23:27:23,2018-03-18 23:47:51,2018-03-19 21:09:59,2018-03-23 20:13:35,2018-04-05,5cf4e0deb70db6783df2d23d7db1f9b1,2018-03-18
d7ae32c7a5b1f93a80e672ce4fe7d7f5,d46aea7d994240c85603f747ae3375e2,delivered,2017-05-14 13:56:56,2017-05-14 14:10:15,2017-05-15 11:32:17,2017-05-23 14:05:16,2017-06-19,7e62c36d2d39693fe8d85490a22a9280,2017-05-14
d83268beec893067aeef7a062622d721,a455490139153fd29e94b52dd5eb1fce,delivered,2018-07-26 13:21:49,2018-07-27 02:24:09,2018-07-27 14:24:00,2018-08-02 23:08:48,2018-08-13,5501229f067d77af54f8242b218e2d51,2018-07-26
c147383caa0d8a6b1d8c213e60851483,32fb1374cdbf02da8a9bfc4e2fd3c510,delivered,2017-03-27 17:12:23,2017-03-27 17:25:09,2017-03-29 07:06:57,2017-04-06 13:09:13,2017-04-19,fcbe44facf671aa94ab5aa692af24c8d,2017-03-27
1586faea8b5e622028bb4d1e296d5b2d,6a7226012081a4b8e11a39c4e09b64f2,delivered,2017-02-15 18:16:38,2017-02-15 18:25:20,2017-02-17 14:22:11,2017-02-23 14:43:00,2017-03-20,db5aea5488bd39609653d05d4a7a6522,2017-02-15
5525ea8ee9e6150faa9b41dfc4024552,08528824266cd0720658ff01df662b6a,delivered,2018-08-20 21:33:48,2018-08-20 21:49:32,2018-08-21 11:33:00,2018-08-29 18:59:45,2018-09-03,8f7f547488a05660770b51be707eb2a3,2018-08-20
b795d09b919a4a470aa20cf886186273,9a6d0ce1676b1f90807d3fa4ffe34081,delivered,2017-11-25 09:18:19,2017-11-25 09:33:37,2017-11-28 21:51:28,2017-11-30 15:29:11,2017-12-11,a9287a04b9afabd737729cb3ffbf53a3,2017-11-25
c1784064d438058cfda657db328c5057,19110a5c18063902313c6ee2727757ff,delivered,2017-06-30 15:08:23,2017-06-30 15:23:17,2017-07-04 15:23:31,2017-07-10 11:22:45,2017-07-24,04a324a336173e546dab5835e0b287bc,2017-06-30
f75f6ef2200a609b9a11d7650ae623f2,fc2db1c27756efd293d1c982c540445a,delivered,2017-12-07 16:06:36,2017-12-09 16:10:09,2017-12-12 23:25:03,2017-12-26 23:22:52,2018-01-05,96ce642e637cf74a0d3023db31e59d16,2017-12-07
098a986ddd350e605574040b04554267,9feb947affcba60e3865d3df152ff086,delivered,2018-01-10 13:21:34,2018-01-10 13:29:29,2018-01-10 21:24:47,2018-02-03 03:17:23,2018-02-09,7f08c03efa1d0b682c4cc4dc4d5afe56,2018-01-10
6aef284c51f971e11cffc4e49caea7af,962035fb0c0ccd8650d59f5d5ee43f62,delivered,2017-12-03 04:52:30,2017-12-05 04:13:56,2017-12-05 18:13:43,2017-12-06 16:26:55,2017-12-20,5fadd0a075fbb60f6a94d6c38e055835,2017-12-03
8ca0531483ac1ada96d124f6d42c5080,b71f77353b8fbd3465a46d282ad28c29,delivered,2017-04-26 19:37:53,2017-04-26 19:45:18,2017-04-27 13:47:35,2017-05-08 10:57:54,2017-05-26,74bcbbef1321b49ab28427bca1226089,2017-04-26
497557705ed42b9e7678b808d1f21dbb,4865a687f12295ad322d56809c3973bf,delivered,2017-09-08 15:00:33,2017-09-08 15:10:22,2017-09-11 23:34:56,2017-09-19 20:58:46,2017-09-29,6febe0febf266605327d91a295ea2609,2017-09-08
1fd9bf8cb665b63ec460f8a425e4d404,90375cdb2ffb6381f35042caac83a65d,delivered,2017-08-03 15:54:52,2017-08-03 16:25:18,2017-08-07 20:57:25,2017-08-11 19:37:50,2017-08-30,879e52fcfc1cff3833627a733de4a9ff,2017-08-03
c24b8b41e6857d59a27f2b150bb669d9,b84ee32cfcdb1695b4638a90864e9f96,unavailable,2018-03-14 08:45:03,2018-03-15 03:16:17,,,2018-04-06,e579984b1fa040b79e91c2812c918b3c,2018-03-14
7b5677c6b812459afed4f29edef9debc,4d0e9b3bcd26f786359607c9bbcea9f4,delivered,2017-09-12 08:38:09,2017-09-13 03:31:18,2017-09-14 15:33:34,2017-09-16 04:54:42,2017-09-25,5b2b5a6d6670652447fde264bcaf4c89,2017-09-12
70c21c50383160e57e3c3de7d4c43d7d,496f9977a929fa1e77e912f0d70c08d2,delivered,2018-07-18 10:29:01,2018-07-18 10:42:12,2018-07-18 14:58:00,2018-07-24 20:14:49,2018-08-16,45e2f324ab647613a2f00c9c4ae07e47,2018-07-18
3313dc446abbe2a29ae4ae064320b334,46f13d4403a64d1ef75101d62a10ba84,delivered,2017-12-08 12:52:47,2017-12-08 13:12:21,2017-12-12 23:09:11,2017-12-28 19:42:06,2018-01-11,385f32e0f3fafeb4a3d3b5c91b90a2d1,2017-12-08
0123a055aa66357326dd6db066592a7d,993d78fad972fb03a64f3126d934160a,delivered,2018-04-24 14:11:16,2018-04-26 03:55:16,2018-04-26 15:01:00,2018-04-30 15:47:00,2018-05-11,de8e3d9562f8279bf243c39051edc9a5,2018-04-24
fe6823abc970a4bad1c216e78e92dbe3,c2ade416c91ab14bf4d12834873b8d7c,delivered,2018-08-21 20:30:56,2018-08-21 20:44:11,2018-08-22 14:55:00,2018-08-23 18:34:48,2018-08-27,371e3bf1adb3cd4edd421e32c7a2af97,2018-08-21
87b7af5cc8f6f865e983f16cf559393d,b4a943b76adacfbeb0d25b686e2b4e28,delivered,2018-03-18 21:19:19,2018-03-18 21:30:28,2018-03-19 19:04:53,2018-03-20 20:22:45,2018-03-29,3ae06873cba30f3c3707165c58ae6f35,2018-03-18
80dfedb6d17bf23539beeef3c768f4d7,926b6a6fb8b6081e00b335edaf578d35,delivered,2017-04-18 20:37:26,2017-04-18 20:50:13,2017-04-25 14:08:56,2017-05-04 14:13:36,2017-05-16,edf81e1f3070b9dac83ec83dacdbb9bc,2017-04-18
2451d3b73d97bb4483eedd2472a822a7,3fba3725205e47ca70f225c3ba8dcc2e,delivered,2017-11-24 12:00:59,2017-11-24 13:54:15,2017-11-28 18:12:51,2017-11-29 22:13:35,2017-12-08,cda1f27bf14e3bbd1cd421700c34c67c,2017-11-24
db8bf3de5a5697bde575853b0e9d7fec,6bc10e2de3cadab0a0e0e96a880fae5e,delivered,2018-05-29 09:23:00,2018-05-31 03:36:04,2018-06-01 11:10:00,2018-06-15 20:58:58,2018-07-12,c659555d236402154ee432b609c2017d,2018-05-29
4ce9d69b3090e93c33e18de78c029403,c25041ba8c87b6ea6fa4181d168dcbe3,delivered,2017-07-30 07:27:12,2017-07-30 07:43:09,2017-08-01 17:42:45,2017-08-08 15:19:13,2017-08-30,031236e057e0c70d7af9c22d5bf4690c,2017-07-30
be1d612da3d925938a4706d808b7ef53,916022b684a43cb980350c4557eb0f1e,delivered,2017-05-21 18:23:37,2017-05-21 18:35:11,2017-05-22 11:41:51,2017-05-23 13:36:35,2017-06-02,568875011286e624d148e315c2edf387,2017-05-21
4831c3fa6b2f1e1d7e0a30ad0eede36d,df029a1ad9ce28416d161601fac3e950,delivered,2017-09-29 20:52:39,2017-09-29 21:07:15,2017-10-03 13:49:25,2017-10-05 19:41:06,2017-10-23,4d498c96e9ef668a8bc1b835cc2724e7,2017-09-29
aa955ed3185cc397197e640ec84c5031,a87e87281451528d812b9ad2d9d82abe,delivered,2018-05-06 21:33:38,2018-05-07 16:53:20,2018-05-08 15:32:00,2018-05-15 16:58:27,2018-06-04,7822781d569dd1dac902e6e411fa12d9,2018-05-06
4410e1e1a7c649cdf56641353c74efb3,d5f26a2b6936a0e02839c31d0cdc526a,delivered,2018-01-10 23:33:34,2018-01-10 23:48:30,2018-01-13 02:07:54,2018-01-15 17:52:20,2018-01-29,10ec21ca9dda867eb24ecc979180d09a,2018-01-10
f7170cc8836bcba4bd4022ce5a009524,2006dabf8b27fe5151809cae6ade5801,delivered,2017-05-22 20:12:54,2017-05-22 20:25:09,2017-05-25 09:52:21,2017-05-30 10:52:43,2017-06-26,2bb807a3ffb2a486c452125519c8aaec,2017-05-22
f6f6df74cf34d7d0fc516e28dc2573c7,d2cbea7421afe6f57a279a300714603e,delivered,2017-10-09 16:20:03,2017-10-10 17:07:54,2017-10-20 20:27:36,2017-10-25 20:14:18,2017-10-27,3854d7228b6704b205c6160b07ccf246,2017-10-09
4b4d023762cb66a4517f22ec1497ee17,b1ee4fbe44dc61d64d62717783b66164,delivered,2018-02-25 16:57:33,2018-02-25 17:10:22,2018-02-27 19:10:26,2018-03-01 20:56:49,2018-03-12,280698c34077e5039c911cba6eff3b24,2018-02-25
ca68bb718c53d348a0428fa415efae79,733ddf468262208b642fce0e991d5ea3,delivered,2017-12-05 02:45:45,2017-12-05 09:53:44,2017-12-06 20:52:19,2017-12-08 16:17:41,2017-12-21,c68e0a1acf7f98a0c676473e846b3c6a,2017-12-05
561a3b9c8e282502bd86b6504b17544b,1d61cc31551519c757aacc3c90629167,delivered,2018-07-23 18:09:50,2018-07-24 10:32:37,2018-07-25 10:03:00,2018-07-30 14:08:44,2018-08-09,d0d4c1d3dfb98ee43fda6a93e53e5709,2018-07-23
589afae8e1396e2a2dc24a1c68223809,4c5d706daadd48268ca4b0b435b01ae6,delivered,2018-06-13 20:47:10,2018-06-13 20:59:55,2018-06-15 11:44:00,2018-06-19 19:46:32,2018-07-05,6f453891a4b53a9c39319eb4e817aa18,2018-06-13
43b257905849ae34c59c666d143f50c6,f805a7663e3825629cf714aba2e60295,delivered,2018-04-26 16:18:48,2018-04-26 17:10:18,2018-04-30 14:44:00,2018-05-02 18:18:31,2018-05-09,33bd735d4cab6840138343656f822e05,2018-04-26
7a11a4388ec8fa8d1f52220d47de5a58,40b998e8c24e6641b7476c461741ceca,delivered,2017-04-08 17:17:30,2017-04-08 17:30:18,2017-04-10 13:17:43,2017-04-12 07:27:36,2017-05-02,f62f0994e80e904a9f70e1a7fe8c0b60,2017-04-08
d39a64bdd75efa842f23e443912321f8,a52ec7711669c58e970afdfb9ee74bb5,delivered,2018-02-24 13:18:25,2018-02-27 04:31:14,2018-02-28 23:44:52,2018-03-14 21:26:29,2018-03-16,c70365c08f0b403c20a4a794cfd69c0e,2018-02-24
cf1d456a58d288fdbbb0a7f28b0b3aaf,ec47504d187378fcc2ce3e08423c5883,delivered,2018-01-23 13:09:23,2018-01-24 02:35:23,2018-01-29 20:29:03,2018-02-07 12:53:21,2018-02-20,c077d273ced397774687d8c7372a30db,2018-01-23
a65ee79ac9ef387d53a86a7195403fcd,cf9df4b26b449f217680aed3ca61277d,delivered,2017-10-08 17:49:48,2017-10-08 18:30:30,2017-10-13 20:56:01,2017-10-20 18:11:44,2017-11-03,a7ccc365cfd2ab4b8dfefd507b3e9efb,2017-10-08
84ddeab730355e225a171d7d4249217a,a089bfdb23ffc911e6b8ca837314b355,delivered,2017-11-16 14:17:53,2017-11-16 14:30:23,2017-11-17 23:07:59,2017-12-01 16:57:06,2017-12-13,ff4336dff882bdd40446c12e7ae9bb0c,2017-11-16
b17edd32e0d8b5d4a23e4b72cc4b90b4,92f6a212f24d45405feafb6c093f7c69,delivered,2017-02-19 19:20:56,2017-02-19 19:32:02,2017-02-22 03:38:51,2017-03-09 16:48:07,2017-04-10,a1f4501b013e52ed0dc689e52cc923a2,2017-02-19
d1ea55f7318ed68dab3622af81e15141,7882d91898341a59ddd07cc20b613d40,delivered,2017-08-26 19:57:52,2017-08-26 20:10:20,2017-08-28 18:10:57,2017-08-31 14:32:17,2017-09-20,1762922315d21b4fd5205f8f9c0676fb,2017-08-26
3502e8bea8fdd4b3d742891e1a1b8d90,610ca70ed9e25f55a7cfdebd6e77b53e,delivered,2018-07-18 13:27:06,2018-07-20 04:35:13,2018-07-20 14:41:00,2018-07-23 10:38:48,2018-07-27,66b55decbf390d6836d0ff2acf5fe8e7,2018-07-18
85eef2d342b0de363c45c1bc324729c5,e67261dd807f298949d63fa4b1262eb8,delivered,2018-05-04 12:41:25,2018-05-04 14:12:55,2018-05-07 15:10:00,2018-05-11 23:36:34,2018-05-23,b1cae7084960bab5c863422a645dce72,2018-05-04
b2bcb2ca559e7f7cec2188a6ae542e87,446886f236863df587be219f66eb15bf,delivered,2018-04-14 16:54:01,2018-04-14 17:10:32,2018-04-16 21:28:36,2018-04-24 20:42:50,2018-05-14,5182a0cedbcab2cdd746471065fbb6dc,2018-04-14
93e85b947c8fbaef6206e8f282ec28f6,0d5f0d55d8ac2ec02aee9ae6cb96b15e,delivered,2018-04-17 16:36:08,2018-04-18 02:11:17,2018-04-23 19:34:48,2018-05-04 20:40:44,2018-05-16,9b07093dea2031813ecd083b03b63681,2018-04-17
0c5a9096edbc36c60badeda355d91e19,d36f1dfb696d5602bc33a3562e3f2d70,shipped,2017-11-22 12:19:17,2017-11-24 03:09:52,2017-11-30 16:45:41,,2017-12-13,e792295324dc214551396089642c31ca,2017-11-22
94963fb95efdf20c69b7b19e44928363,d3f77bd405ced67ebdc5485771892a40,delivered,2018-05-20 10:48:46,2018-05-20 11:11:01,2018-05-24 13:43:00,2018-06-07 20:04:14,2018-06-13,fb56ada99f7af394b3451cfa524d4e70,2018-05-20
b37380488594eee7d40572dfe9218120,1f643377fc027364be3ffbc29cd8e109,delivered,2018-03-23 13:12:41,2018-03-23 13:28:26,2018-03-27 01:49:42,2018-04-04 16:41:47,2018-04-18,b310264264a53605778ac08833bd5514,2018-03-23
b0b4242ea30f1052f0ab645adc53e415,2db53092fc4dd9c063d54cf52c0d68b8,delivered,2018-04-01 16:39:31,2018-04-01 17:28:12,2018-04-03 16:18:25,2018-04-30 14:47:24,2018-04-19,4ebfd10a85099b098816cbbca0604b59,2018-04-01
8200c0f5298c25d0c51f66b1c63b6ebc,4f42120987cd3d3714c29f7050bd96a4,delivered,2018-01-23 23:40:21,2018-01-23 23:54:37,2018-01-29 23:54:54,2018-01-31 20:12:17,2018-02-20,db7d237377a3dbaccede13b803c28306,2018-01-23
f0eaecfa7f4a74e4227e177eb23ed299,c5edf8edb0b0818c314c063cb8445e79,delivered,2017-12-19 20:54:58,2017-12-20 20:49:11,2017-12-21 20:16:55,2018-01-22 22:14:54,2018-01-16,fb98dba63ddb41a7f253e8f590e80107,2017-12-19
30195b7c75a04ab7dcea9f845891703b,386a154107b3c7ab3af887ab9bc980cf,delivered,2017-09-11 23:24:59,2017-09-11 23:35:16,2017-09-12 17:43:28,2017-09-27 16:42:09,2017-10-05,a478bdead0b1c1c119d35606124b6c75,2017-09-11
35dc5c3a87f9e9cf93676b98d4bc35a2,be59c56551fe3cef6d7019c7ab1fddb0,unavailable,2017-02-14 14:26:02,2017-02-14 14:35:22,,,2017-03-15,496048de8070b6f462aab213d0f54750,2017-02-14
0d91eecd335defba92a82bc3f062225a,5b4409c0035f6db6b178b2d5b7e30ba3,delivered,2018-08-01 18:33:19,2018-08-01 19:03:54,2018-08-17 15:09:00,2018-08-22 04:18:27,2018-08-22,f2cdfb7646bb6ac5d5ac8021c52dd8b6,2018-08-01
56977f88a655bfbcd1e8f20a20959f5b,671d195fc506d85dbf66c878175df9e5,delivered,2018-07-24 14:47:59,2018-07-24 15:04:37,2018-07-25 12:06:00,2018-07-31 15:32:30,2018-08-17,84220a49722bfd4dbbee9b4d13516111,2018-07-24
5fd01511f0ac02261addc2116f223d5c,783c221ed907e2d60e3e9f7e4b0b5017,delivered,2017-05-18 20:45:33,2017-05-19 02:35:10,2017-05-29 16:33:20,2017-05-31 16:27:58,2017-05-31,132bcd02d6f963e0199a9dc66e881fd1,2017-05-18
0ec20e561e76d49aa3ca434872643de2,4f98668ad1d46cba77e45d3cc23121a9,delivered,2017-10-24 10:24:30,2017-10-25 11:07:09,2017-10-26 19:48:06,2017-10-27 15:57:10,2017-11-09,f64aac8b568b587bc2133ba53c8a5cfb,2017-10-24
ec7ce26488a251a1c6043533e11c1bdc,a5895176fa92a5df2669d7575bdd1292,delivered,2017-11-29 22:12:21,2017-11-29 22:39:52,2017-11-30 15:05:03,2017-12-07 15:19:07,2017-12-29,e973edd68791bae7747c986eb898cd00,2017-11-29
fb973be52c6622812266932dc2152017,652809adfb5055cf87dd32aca5a8b760,delivered,2017-08-29 16:07:08,2017-08-29 16:27:19,2017-08-31 19:37:05,2017-09-08 20:55:54,2017-09-20,7171534a83fcf2f96ac5690706ce58ca,2017-08-29
526e5c7b86409498289e780020805f70,677ea793bab5253b52c7f73f0e120b74,delivered,2017-11-28 12:00:16,2017-11-29 02:20:25,2017-12-01 22:41:53,2017-12-05 22:04:17,2017-12-12,abf60c6ebc739e6f4e4319a9044073af,2017-11-28
6e2da070f43077174091a78e68313684,d54215e9d0698a25e80048a37fe10f9f,delivered,2018-07-30 10:11:36,2018-07-30 18:31:02,2018-07-31 15:54:00,2018-08-03 16:46:35,2018-08-08,b673435ec77f0b5f5d73d896fb992c8d,2018-07-30
b48a3d26eeef8f09cc2bde23ab930234,ab7afd365252d4948e7c65f64e3eee3d,delivered,2017-05-24 16:04:13,2017-05-24 16:15:14,2017-05-25 08:33:32,2017-05-29 07:03:14,2017-06-26,0f520a55a204a95018cd59a31e7d000a,2017-05-24
fc22b5be95b78b75981e0941fde2d34c,5ea2072bf6d8282cf452c471506c54a3,delivered,2017-07-15 11:56:44,2017-07-16 12:02:50,2017-07-24 17:51:58,2017-08-02 19:52:06,2017-08-14,8fa3d0eb5d7ab8281633fcc3347040cf,2017-07-15
6f118f6a730ce35b230974f295f743f9,bd5519f537ebad36bee36923313d8198,delivered,2018-01-20 17:53:36,2018-01-22 13:55:25,2018-01-26 18:34:27,2018-02-07 22:08:23,2018-02-14,2aba7239448982a76a0a79666419e3a3,2018-01-20
b74092206cd29b62907516d95e927fd6,4298e6097bda6445b0533e89c00eb465,delivered,2018-08-14 11:28:54,2018-08-14 11:44:12,2018-08-15 12:07:00,2018-08-25 13:31:41,2018-09-10,b77f8ac92262c373ac7fbf59b7a990c7,2018-08-14
5f4ce8a8082f8fbaf311743998d20573,63f330a63ce29d44c782f04d7dfe397a,delivered,2018-04-23 16:04:01,2018-04-24 17:30:09,2018-04-25 15:39:00,2018-04-26 15:28:52,2018-05-03,0df267ff602ed14c586c8e6de3e9bc6e,2018-04-23
ca674a7cd949c98c9e02bc4c5922836d,5a6ae5b68fd27c687c4fe130b679691b,delivered,2017-02-09 20:19:47,2017-02-09 20:30:17,2017-02-21 11:40:42,2017-03-03 15:52:06,2017-03-10,8303ded906a12765f58a59e11386acf4,2017-02-09
23b9942cd2a096775ed2ac048559bec2,6a7faf5dfbea3a3385aaa496629eb0b3,delivered,2018-03-17 13:24:07,2018-03-17 13:35:37,2018-03-20 22:06:43,2018-04-03 19:18:32,2018-04-12,638f832f159569d2f7a8cef28af69142,2018-03-17
96ccc8ebc4372c98b2d7e7fca1a3fc36,bd2a2e0bb6c012fc813a03698fb78ef4,delivered,2018-02-20 18:18:06,2018-02-21 18:15:39,2018-02-23 22:19:18,2018-03-02 22:52:35,2018-03-15,f66d98aa3e6348778571d4fa29fb428d,2018-02-20
285c2e15bebd4ac83635ccc563dc71f4,b246eeed30b362c09d867b9e598bee51,delivered,2017-12-08 12:00:04,2017-12-09 11:55:17,2017-12-11 18:42:21,2017-12-21 16:33:10,2018-01-03,2524dcec233c3766f2c2b22f69fd65f4,2017-12-08
dc0c0161a3b0a9692bc78a52ebfd1356,e883746cca2af594a80cff75d60febe1,delivered,2017-12-18 16:11:03,2017-12-18 17:13:31,2017-12-19 20:08:53,2017-12-23 15:28:55,2018-01-05,bdc7f95d05c71fab5c86c5388f27872b,2017-12-18
eb28e3c93a2ce51b1e6a9a92b3f032bf,20a91cc566729229f1ab38edb706469a,delivered,2018-02-26 19:18:43,2018-02-26 19:30:54,2018-02-27 20:23:39,2018-02-28 12:19:56,2018-03-27,fa6eee120fe649146270cc68a4034d42,2018-02-26
aa0c9cd6b1097927c4caae58b28e5361,71dd334c636c45c9b8da25979f0a6891,delivered,2017-11-18 21:28:57,2017-11-18 21:46:07,2017-11-24 16:57:56,2017-12-08 15:32:24,2017-12-22,84ad62f33ddb6b13553a850fd3dc2b08,2017-11-18
3c39766b1734266956963c99f23bbb5a,32f40bc615cdc7d02b1df9f6541e769b,delivered,2017-11-25 11:23:00,2017-11-25 11:35:29,2017-11-27 21:05:11,2017-12-06 20:16:38,2017-12-19,e3fa4d9aa37938358845dfd0e1ab3ed0,2017-11-25
b6054dd0191c75f47635c7b3512b780c,245e4aadffccfee106ea93f35677a9af,delivered,2018-06-07 13:55:19,2018-06-07 14:20:33,2018-06-15 16:35:00,2018-06-25 15:32:54,2018-07-11,029d944cf2f7fc6640e877c5c3612509,2018-06-07
f530e66c74816309f2bf8eb5a619b3ab,5d473f16412277eca74166ff9fb8aee8,delivered,2017-07-04 11:04:54,2017-07-04 11:15:13,2017-07-04 15:27:39,2017-08-24 16:08:03,2017-08-07,aebe3f38304de1aaa4b5e664f41d15c7,2017-07-04
b97ba3fb5b212d01ef75f4f4131c1207,6573d9e5a363a91f158ecbc52ad1e72c,delivered,2018-06-17 21:40:34,2018-06-17 21:55:11,2018-06-18 10:03:00,2018-06-19 21:13:34,2018-06-28,37cef7fb8127b7b3f4810de5942df2cd,2018-06-17
41e9d5f1e8d3bdaf6500baba3502970f,bd20b84718a1ccc794a08bbaf28d989b,delivered,2018-02-26 20:38:54,2018-02-26 20:50:38,2018-02-28 18:57:53,2018-03-06 13:38:53,2018-03-23,9ae512d732c481bbc2e1fa426da93a8d,2018-02-26
79c25882bf9157a3e38e7edb7c3a7286,28ec421c2e511974913b1f90aa0d1c22,delivered,2018-07-04 16:28:49,2018-07-05 16:33:13,2018-07-05 15:44:00,2018-07-09 14:44:36,2018-07-30,f3acfa3a10c4193bdf295af387d6db87,2018-07-04
4ec9ed3418359adf8fe6a74b288ee659,4567341a3ba630a541ee3c2bd0959303,delivered,2018-05-07 16:19:21,2018-05-07 17:56:22,2018-05-10 09:30:00,2018-05-21 16:02:26,2018-05-29,9bae81d2d0a87f2943a365c70fcf84b0,2018-05-07
8381ea8128b59fa52e0bc4470c52ff35,3797eea608b59349323470314c214947,delivered,2018-03-26 22:24:59,2018-03-26 22:35:12,2018-03-27 18:16:48,2018-04-09 14:32:32,2018-04-16,6a4198de80204cda3d91dc2abf851a5f,2018-03-26
f9d426c3a20cfd9036440039c5430b7b,f4f6702a748d7ed6fe0dfbabd8990248,delivered,2018-03-29 12:47:53,2018-03-29 13:07:34,2018-03-30 01:12:53,2018-04-10 11:51:21,2018-04-24,2aa9afabdfb76a0d54d7113451f6ba90,2018-03-29
1a292836ced1aa222199c34c883f404e,e4ad62cc426be44161ee35617233d7e6,delivered,2018-03-19 12:37:40,2018-03-19 13:29:10,2018-03-20 22:16:37,2018-04-12 19:27:35,2018-04-05,4e6c6d1d5100010e95fafd14df22e007,2018-03-19
494e5e7faa93467e7da809ca3b59c74b,f9007ee30213220b3ff3e9905081521b,delivered,2017-08-13 18:35:00,2017-08-13 19:20:13,2017-08-14 15:53:48,2017-08-18 15:19:37,2017-09-01,81050b2b79121c8c187dfb112f322ea2,2017-08-13
89ee991b2ae330d7b2d7b4d81006765e,db5dc8cf7cfb2c69fcd619e1b291af2c,delivered,2017-03-09 19:15:34,2017-03-09 19:15:34,2017-03-14 06:08:12,2017-03-21 14:48:10,2017-04-04,89ca562ffeb1acd7d1d682d53132b129,2017-03-09
17dc275426dc4430d983cdd5280e9414,779a4dbe2c7972c54b324e89494644a3,delivered,2017-03-20 19:52:56,2017-03-20 19:52:56,2017-03-21 12:12:59,2017-03-24 14:33:24,2017-04-10,5a44e130874459fac090d9bfec3aa079,2017-03-20
d574338f566ca28dd67820f48ec1f1d8,d0715495890791e60e858ffc2b414cf9,delivered,2017-12-12 21:22:07,2017-12-12 22:31:51,2017-12-18 16:33:13,2017-12-29 15:44:55,2018-01-17,aec80ef34b077632b58f710c6d9476d3,2017-12-12
3bce4193e30b36d4d3284df3fa96d77f,0f4ca29d9d412ff338eeb6ab3716b71a,delivered,2017-10-17 11:54:07,2017-10-17 12:07:35,2017-10-17 18:42:57,2017-10-20 14:16:58,2017-11-03,4b9c1e46a59a75a9af94bc7e355b97a0,2017-10-17
004157daafa0bc8672e01f00e4f0c04f,42090a79268b92ced0c591a8e63d57c2,delivered,2017-05-21 13:13:54,2017-05-21 13:25:15,2017-05-25 12:05:10,2017-06-02 14:57:49,2017-06-26,e7aa5a5869f3e9d7d04fd3aa5f90631f,2017-05-21
2fcae632b06e40088d1800fc1cfc3e69,b9543736a1c64efd425d1fbfeb613771,delivered,2018-02-07 10:03:37,2018-02-08 09:55:30,2018-02-08 22:12:12,2018-02-23 17:45:01,2018-03-06,50e1b12ee1e2eab6157d9c0b035136af,2018-02-07
a544402adb66ebc329117c687bd975a2,c33166e65d7f6c5d21dc3ee1afa2aea0,delivered,2017-06-05 18:23:47,2017-06-05 18:45:44,2017-06-14 15:38:13,2017-06-19 15:03:09,2017-07-06,79b7e8e86acc9a48d22db8789bf4ca63,2017-06-05
c62a1e40bd0ccc29edbef8925947bb37,39b59b462888c0b541d1550612718ea0,delivered,2017-12-20 19:03:32,2017-12-20 19:15:24,2017-12-21 21:37:23,2018-01-10 15:39:14,2018-01-26,cf038612c8729d1aae8d8199bf87b357,2017-12-20
6bff7d9bba4b524abc4cc68ecff23c43,472a60102b712260191100bc3f41c070,delivered,2017-08-04 20:41:38,2017-08-04 20:55:15,2017-08-09 20:08:04,2017-08-14 22:47:40,2017-08-31,0cf146e84935a5208ef3047a2b64ae4b,2017-08-04
1f7d17608a000d5ba90ed31a6faa231e,dbedebeadaa26df1fda41f9b3387ce4f,delivered,2017-12-07 13:45:56,2017-12-07 15:06:07,2017-12-12 02:04:21,2018-01-09 23:07:28,2018-01-08,12d60b3f10be6303d4ed41fc27a0e490,2017-12-07
cca3b312005f0dffaaa7a243953da501,fa13a66883870e318eaf825f103d95b2,delivered,2018-02-17 11:28:45,2018-02-17 11:35:38,2018-02-19 22:41:40,2018-02-22 00:38:58,2018-03-05,ff475e6edaf907efba6609f05d0b582d,2018-02-17
bd2aa26e4f7a6a33b7971cfc04a07c56,cb239c775ed18e6c80506625d452c869,delivered,2018-05-08 09:29:32,2018-05-10 02:57:22,2018-05-10 14:02:00,2018-05-15 21:47:23,2018-05-29,e91d88a8eb7dc07c7f6204ed0150316e,2018-05-08
b27819c290321f10bc14dcf5deeab059,2761d1130c32fd116c9d5254f89ceb74,delivered,2018-01-14 21:42:46,2018-01-15 21:35:30,2018-01-18 23:46:37,2018-02-17 13:33:23,2018-02-21,37ec72cc9079a6522951b4a0dcfeb219,2018-01-14
332406cc34a6bcc1ade93cae9e11ab06,0f9de5340f8ca84a67a3fc4e971965cb,delivered,2018-07-07 14:02:43,2018-07-10 08:45:18,2018-07-10 17:39:00,2018-07-12 17:04:27,2018-07-19,d4842aa226d96a1cce7414b48c1dba85,2018-07-07
28d4024932be7f224bb14773707287e4,18f9d57ab19248ecf1fe195bde575380,delivered,2018-02-06 13:56:40,2018-02-07 02:56:01,2018-02-07 22:42:02,2018-02-15 11:04:14,2018-02-22,5bca215da9b5206f88f2be0051d57d6e,2018-02-06
a38e4cbdd87e8c456ad46a0c668a5c19,835f0839de5bb6a2928f7343a9293245,delivered,2018-06-09 18:54:50,2018-06-09 19:11:02,2018-06-11 14:15:00,2018-06-15 22:28:40,2018-07-05,099ca0f60f869898203011b81ad6078a,2018-06-09
0989631de28d3313632d2c5f34a71f57,e05a84797d611a433339232b499f6222,delivered,2017-08-01 20:25:36,2017-08-02 02:33:52,2017-08-03 17:33:43,2017-08-07 21:16:56,2017-08-14,b777081ff33037f313eb83b79ca3c19b,2017-08-01
6aa12b7bccdfe9396d5feb50030e1b3f,cc21c72d5fd4f9dead0e01129cf6d9da,delivered,2017-10-06 11:49:47,2017-10-06 12:07:17,2017-10-09 22:04:11,2017-10-11 13:35:08,2017-10-30,8f1103e442c01c9b49dbf79dfabbec6c,2017-10-06
e0e2d0124d957b3ee9272b673f7e6e2d,9cd9908817c0c07c4de221e72a128838,delivered,2018-01-28 11:18:09,2018-01-28 11:30:22,2018-01-29 21:12:36,2018-02-14 18:26:42,2018-02-21,3722dfb5869de8db3dec5a7094dd9ad6,2018-01-28
6332974400757d231760e7348850edba,a6cb9d818b2720e5248f79923502b583,delivered,2018-02-01 18:23:11,2018-02-01 18:35:32,2018-02-02 19:58:43,2018-02-08 22:44:34,2018-02-26,b184e014fff9ed098ea0f88efe458ae4,2018-02-01
d5f7fa751e79c6327ae63759c262813a,d58dd61e00d60216394bfb05cdd36499,delivered,2017-05-03 13:11:43,2017-05-04 10:05:36,2017-05-04 11:19:54,2017-05-15 11:38:05,2017-05-26,5dc6b780f9e22a6716b82eee8fe43155,2017-05-03
b1170faa12a2f134d1c75c7494c64eaa,20b9c1c22b268584d60d38d65e92f10f,delivered,2017-06-02 20:47:40,2017-06-02 21:02:51,2017-06-05 14:05:55,2017-06-09 16:16:54,2017-06-20,cbe0a91cf3a681a322429756a15a7885,2017-06-02
0b5fac54294af7123ee72a58d00c4b97,7927dfaf0bee1bf23b4e9203355497c0,delivered,2017-06-20 14:26:20,2017-06-20 15:30:34,2017-06-23 11:35:29,2017-07-05 13:24:30,2017-07-20,fbb97973142894c3265d06e676820c5a,2017-06-20
c7da1b57f7d2251252370bc7d94168fe,b8758ed99c2b800a287f19fb1a3ea52c,delivered,2017-01-27 21:27:17,2017-01-28 02:32:16,2017-01-30 13:16:45,2017-02-09 13:21:35,2017-03-15,7459c5e40af6c3ba3c1cf02eb107a2e7,2017-01-27
ec108f8c96f1037449cfb5e118d9a008,88916d770ca6dcded91cec7ba0bb7406,delivered,2017-09-09 18:04:27,2017-09-09 18:30:38,2017-09-12 20:36:51,2017-09-24 14:47:39,2017-09-28,13b3179dcf466fbfe762b4c4d774e6af,2017-09-09
7fd5673bbb6ae883ca5b930dd0150b80,0a17774e2dd7d6ac0358feaf1d4c1513,delivered,2017-10-13 22:11:18,2017-10-13 22:25:58,2017-10-16 18:44:57,2017-10-17 19:17:33,2017-10-25,acbe78066a868389c9314bdf3c6ed940,2017-10-13
b4c8c7add8acbdb1bebcae219ab6c141,69e8a7d6f9013e098e740ee6cf11650f,delivered,2018-02-06 10:09:22,2018-02-06 10:30:12,2018-02-19 22:04:58,2018-04-27 22:28:41,2018-03-19,afce9246deef4791c7c088c7e4c8fbfe,2018-02-06
f7e889d34a2cae92d50c09d7689dabe7,71af6d983a2fb43c053adc08a3cee580,delivered,2017-09-18 15:21:00,2017-09-19 04:05:41,2017-09-20 17:04:41,2017-09-21 16:48:01,2017-10-03,7d49da9819094a2c022e99bd3e7962e4,2017-09-18
fc8c929edfce9cac492eaf36ee0968b4,9b2551bcade88f33a240d4435ff33634,delivered,2017-06-04 10:16:12,2017-06-06 13:35:37,2017-06-07 11:45:04,2017-06-27 08:11:16,2017-06-19,e21b82d5792a763447fc6a32f9cd29e5,2017-06-04
21b966a378471db65c18fa4ca20d6800,f253cdb921536ec2a9ff9a11cab13aea,delivered,2018-08-21 20:34:12,2018-08-21 20:50:15,2018-08-22 15:21:00,2018-08-27 17:32:06,2018-09-05,f425cc47151eed2532879b2861b9b7c2,2018-08-21
36889515282d4ef83999a8332ef9f4cb,e18efe132d22a0596439bf40ad9f73d6,delivered,2017-11-19 21:16:12,2017-11-19 21:26:50,2017-11-24 15:53:12,2017-12-01 20:40:52,2017-12-18,8bc85b1061383d0dcd4e995a726da763,2017-11-19
00d1289d5125017a90e528b5a7cee91f,ba0ff1667f88b3a0da55d80dff50b0fb,delivered,2018-03-15 11:11:52,2018-03-15 11:29:14,2018-03-16 22:12:16,2018-06-19 18:42:26,2018-04-06,68ca4469a590f62a686d835f07f91f67,2018-03-15
fc5a67aa2d57b1764a89718edf876006,8e9822c8af9cbf8b5ea51a9ce0ca9eb1,delivered,2017-12-02 12:02:12,2017-12-02 12:20:30,2017-12-05 03:10:52,2017-12-08 21:03:21,2017-12-27,73d6e559cc424b8cc61fb7a4966260ff,2017-12-02
2825848807f070485f0f0ef3829758f4,b30a4d09f171b5da553bab49a0a61764,delivered,2016-10-09 22:36:44,2016-10-10 11:03:15,2016-10-14 11:03:19,2016-10-17 12:03:19,2016-11-30,8329519e31cb1b89bd44c3c6ae417ad6,2016-10-09
0ab5ed0d546ae59a2b1f18acd5b6ec9c,d6303f0e40b15317d394f57e76fe782c,delivered,2017-11-11 10:38:49,2017-11-12 10:35:21,2017-11-20 14:34:32,2017-11-27 23:18:36,2017-12-06,b8c0e5c60a5d7cc003fa4ce10b9f52a5,2017-11-11
87d92a7867789e52a3397ad14dfd206e,e021d431195cfde9324b373bfab4ffd7,delivered,2017-12-10 12:06:55,2017-12-10 12:19:28,2017-12-14 22:34:24,2017-12-27 21:48:08,2018-01-16,d977673a039438329687846063f65227,2017-12-10
e2d0923acc7f5586db9f45b5adaa91c8,4d34c9e542ce59c69e76a9a4faa40595,delivered,2017-05-03 20:18:51,2017-05-03 20:30:13,2017-05-04 13:49:01,2017-05-16 08:29:46,2017-06-01,40ed92429b77d4bcc4dd00aa47286f0b,2017-05-03
df9713218005fcf6790bd6f58d395bac,14e39b4c856a96807b70e37b4fe8980f,delivered,2017-06-10 16:37:49,2017-06-10 16:50:20,2017-06-19 20:19:41,2017-06-27 14:28:51,2017-07-03,4a6f463e4f36f377a07582c9f35e9ca4,2017-06-10
57e06a77c76af39efecf2153bb43ee33,5af548de5ac9e4c548c8ace80d97833d,delivered,2017-05-05 14:21:17,2017-05-06 02:23:04,2017-05-09 16:18:04,2017-05-15 14:03:34,2017-05-30,ab95fb4ed249e41bc6aa1951c79d2582,2017-05-05
922162cabb84e44a2efa143dd96ef464,9374b51947c71dfbc0cad487a541df5a,delivered,2017-08-25 18:45:23,2017-08-25 19:06:02,2017-08-28 16:53:23,2017-09-19 16:32:51,2017-09-08,23a483df82cc141b1b260e5d4ac6fae0,2017-08-25
6de5437cdbba19ca175eee90e9eb42c0,18d0f54e66d1afa5e154eb1ae2a463c4,delivered,2017-02-16 23:15:22,2017-02-16 23:30:20,2017-02-17 10:53:46,2017-03-07 05:22:24,2017-03-29,d985ae8b6ca649e519d32152f243237d,2017-02-16
0d10abc3bc3707c914cf5197ed2eb31e,c36b6c328033cca3190e0e45ee61b010,delivered,2017-08-19 09:10:45,2017-08-19 09:25:11,2017-08-23 17:17:44,2017-09-04 20:43:47,2017-09-19,c1051761919d37d096f281b050c5b5e8,2017-08-19
c4424d72047fd2f2046fb0ebc5ae246b,869fd63d218533821c02e7eb6efb1165,delivered,2017-09-04 23:23:25,2017-09-06 02:50:36,2017-09-12 21:48:52,2017-10-02 18:43:58,2017-10-06,05b5bf96be35948171c3ddbf97c7536b,2017-09-04
860987b7f135e286997817fdee3c2f7e,90b547bb9844f23258d4bb7421d2b28f,delivered,2017-11-06 16:26:56,2017-11-06 23:31:35,2017-11-07 18:58:42,2017-11-11 14:19:05,2017-11-24,aa9140fe3ea21e933f6da620bb720ebc,2017-11-06
329daaca8f5a3ab07c97b99a0fe5f23c,86b86704b0fc270bdeb45b216b40c305,delivered,2018-01-30 17:58:36,2018-01-30 18:15:31,2018-02-02 01:41:00,2018-02-07 21:57:42,2018-02-15,4b3bb6a96863c6ec44be8e01305d4417,2018-01-30
bb760e550e3f6ddfa92ed74bfb364751,3e4fcf75544e17b1320aedf7f8dab937,delivered,2017-08-04 09:37:47,2017-08-05 03:03:22,2017-08-07 14:22:49,2017-08-15 18:00:14,2017-08-24,e68e57f2c6750ea1ca70246e464a8c35,2017-08-04
353c2d280644bb6bf788b0591a162373,a97737b9de902fa65599e2a440b9b8e8,delivered,2018-04-11 17:00:49,2018-04-12 07:11:55,2018-04-13 19:44:26,2018-04-14 11:09:31,2018-04-24,268accaf403bb7935520aeed499f49de,2018-04-11
4825259a3bd87ab7c288fc72ef4d3067,b3a8edbe3d4e629117a5a9458aa6cfc5,delivered,2017-06-29 20:41:24,2017-06-29 20:55:12,2017-06-30 14:10:10,2017-07-08 14:24:44,2017-07-13,d55b17c53c5a828006fc8a7f73dd4fa8,2017-06-29
4e55f642a3b11a6cfcec80a9aebbb513,ed9d67265a581b5d39c4bbcf337f6a51,delivered,2018-08-05 22:33:13,2018-08-05 22:45:10,2018-08-07 16:37:00,2018-08-11 18:14:44,2018-08-15,cdbe9e6dda65875d53fa13065d5a4ee9,2018-08-05
c65663c54cab532e8fe1f805471cfa60,d5e7f7762bce7b93716310b8218d6e14,delivered,2018-04-23 12:11:20,2018-04-24 17:13:50,2018-04-26 08:51:00,2018-04-30 13:39:35,2018-05-08,e2b3959d4f2290c054db18dd9994f68d,2018-04-23
4daff85e0d1a3a189c1303c9ade1c4ab,058121c925d509639cff976bf1742b82,delivered,2018-05-15 19:02:48,2018-05-16 02:53:53,2018-05-16 14:21:00,2018-06-01 17:18:40,2018-06-13,48e99ff587e12c76f15f2f0372be1175,2018-05-15
0d2d1445891e7aba669fa2069d695601,739ee2d2d5960609ad780937fd9fa282,delivered,2017-10-09 19:54:18,2017-10-11 03:49:33,2017-10-11 18:28:36,2017-10-16 16:46:59,2017-10-26,24b16fd291f86990f883f1e9fa655bf9,2017-10-09
a7c15b0c36e82951ecee0ed6d850ebb0,1a859c233e18bedde49604e9c61c3883,delivered,2017-11-09 09:45:40,2017-11-09 10:06:41,2017-11-09 19:38:25,2017-11-14 19:59:06,2017-11-29,bb490ef16aa39f140bfeb172ee89a45b,2017-11-09
5d28e7e8ae4794ffa06b352990f78234,e0883b000f22acea52d0256b5a866968,delivered,2018-08-12 23:29:24,2018-08-12 23:45:08,2018-08-14 16:00:00,2018-08-21 23:28:26,2018-08-30,7116e5cd7a02545640934ef0d25a5bb7,2018-08-12
338ad3e0a9c500b0d203752e0ad58299,ef53338ffc87b2163afd65ce21aac4d5,delivered,2018-01-15 00:50:51,2018-01-15 01:09:48,2018-01-16 17:19:56,2018-01-17 20:00:00,2018-01-30,31a98cf218b88e127990ae3ded21211f,2018-01-15
129f71206f00d7fa856e19aa56618068,e3a182605f44b8088ba5b79806785e67,delivered,2018-08-03 23:12:06,2018-08-07 04:55:32,2018-08-08 12:28:00,2018-08-14 17:21:24,2018-08-27,d7b35c94c1df90d10984a663fe2f2962,2018-08-03
1e90f6912f47b660fa57730f3885af08,993a8c810083ae41ff595aa595cf2dba,delivered,2018-03-23 13:27:45,2018-03-23 13:33:53,2018-03-26 15:03:16,2018-03-27 18:54:42,2018-04-05,b54bd4266b30f46d43b39b65cd436290,2018-03-23
718593593597aface80adeaf98433b07,b9a2d8954b869df9efe2e97b6ef302a3,delivered,2018-02-15 14:15:18,2018-02-16 14:10:30,2018-02-22 02:38:38,2018-02-28 19:41:52,2018-03-12,0c38fe229fa8230ce5a686e75d2f01d1,2018-02-15
6a713ce5b2cfc769104c39775b662625,0198441fd94fedf81ba98683f6449a1e,delivered,2018-04-25 08:01:36,2018-04-25 08:10:49,2018-04-26 07:09:00,2018-05-03 19:06:33,2018-05-18,757748a61826463bff1c7a8279ff6b1d,2018-04-25
deb65bf7b9297aaa6cb47853deed4e0b,cd019d6344ea7dcda9bad9fe966a3951,delivered,2018-01-14 14:40:10,2018-01-14 14:50:23,2018-01-17 15:08:07,2018-01-22 20:43:24,2018-02-05,a6e959e2d38751bed111ca4e7673409e,2018-01-14
f9114a9615fd4c8a09fa0768afb4a8f6,5656c0f19d8894f19e73e8a285136a1c,delivered,2018-02-26 17:51:06,2018-02-28 09:51:12,2018-02-28 19:23:52,2018-03-21 19:07:40,2018-04-02,5acfe875aea7ae054fa88c103e42141d,2018-02-26
2fc4ba497db1306b9048aceaf0f7e5a9,3ebebafcab1829291818288df19d4def,delivered,2017-09-22 11:41:58,2017-09-23 02:30:13,2017-09-27 18:17:09,2017-10-03 22:40:12,2017-10-19,7311b47a208b4f5af09ccc62fafea9e2,2017-09-22
d38dcb503cd4ddc6ce7702552918bd8f,b0a3a02fe893d9a9385a98db1348244b,delivered,2017-06-04 17:44:18,2017-06-04 17:55:13,2017-06-05 16:13:33,2017-06-14 16:38:11,2017-07-05,2eab2d0ae1015e2e7fb2062f465f524f,2017-06-04
87999cc2deff757e5f5db42eb840675f,f0eda054baec5a04999e62430c34e1a5,delivered,2018-08-08 17:31:13,2018-08-08 17:45:25,2018-08-09 12:30:00,2018-08-15 21:05:02,2018-08-14,555c9a08eb946bc1d57e5a2bbe9dcb31,2018-08-08
36fb716af0b33abaac585787ccd0c0af,589b394c269c9debfc7c47e5ed514dc9,delivered,2018-05-27 12:20:21,2018-05-27 12:35:13,2018-06-02 09:05:00,2018-06-06 23:42:05,2018-06-20,6f5c52ea47e32b73958b0ac0f3c34e88,2018-05-27
eeb4d23ba9fb9cb0897472f49f332505,295ef8fc4d7b27b8cbe6154b704b0003,delivered,2017-12-20 15:45:02,2017-12-20 15:58:36,2017-12-20 23:49:03,2018-01-03 23:42:39,2018-01-22,afc55f66129623d95243934cc26dae55,2017-12-20
c8897b5891a3195ee9cecf410341b589,c5ad44e41c6bb1195a7cbe476af25449,delivered,2017-10-17 01:24:28,2017-10-17 01:49:13,2017-10-17 20:28:50,2017-10-19 21:39:45,2017-10-27,10db098f009507e2269cdee581d5a0e6,2017-10-17
86c0e519ffee48220503670fac236e1b,39bd0c72a4f0228e5add65a911458495,delivered,2017-03-22 17:40:51,2017-03-24 02:44:09,2017-03-29 17:24:54,2017-04-04 15:41:38,2017-04-25,0e487a86f19716345813729b7b7361c5,2017-03-22
08ccf73c206d15fd2668cdb6f32b5e04,1594134c6e1a9a422f7e7a41da116cc1,delivered,2018-01-15 12:50:15,2018-01-15 12:58:22,2018-01-17 23:33:20,2018-01-30 22:51:51,2018-02-09,f2e715b2da62fd0d1cd7e41f80ae48f7,2018-01-15
d6fb74265802d3b7f2c16ebb97cbe900,22e6c1c1596acb84232aa16b3a1f6618,delivered,2017-05-12 08:59:53,2017-05-12 09:10:15,2017-05-12 15:18:40,2017-05-29 15:23:51,2017-06-09,7e91ec540af718ab375b1d13271e9543,2017-05-12
d0654bfcd7000854a697aaee3ff7c5aa,01c3c12496a8c26348d92873da95448b,delivered,2018-07-04 11:09:45,2018-07-05 16:27:45,2018-07-04 14:30:00,2018-07-09 18:12:24,2018-07-24,1bd079614e3083a1b77785498c216420,2018-07-04
2606fd314bc04c4e20265d5c09750f67,065c7a8b3b3dddc203172b872a313275,delivered,2017-08-11 22:13:14,2017-08-11 22:30:14,2017-08-15 10:05:46,2017-09-07 15:12:41,2017-09-19,a9b3e69e5ac5c7701a41485dca5783d9,2017-08-11
cc2bc03e269a96d61ae2718d55e19350,6762de40b1337dcc0b8f076f81b44290,delivered,2018-03-10 13:03:32,2018-03-10 13:15:27,2018-03-13 01:34:28,2018-03-19 19:28:48,2018-03-22,0457229263e71157bd7cf568a56d5ec3,2018-03-10
cd3b365e8b6d4010dcbd635c071632b9,326f21ca375fd20981036e147b65ac6d,delivered,2018-05-10 21:55:55,2018-05-10 22:16:56,2018-05-11 14:21:00,2018-05-17 16:58:53,2018-05-29,829eb0feec6f6c9951cba042e10c6960,2018-05-10
189c5481e0ff2e96da113dfe289b88bd,cd083682e8c764991ab00ad9dc7748b8,delivered,2018-04-27 18:04:15,2018-04-27 18:15:22,2018-05-04 15:54:00,2018-05-11 21:48:43,2018-05-28,8ca35d717618d907babff962da6c5484,2018-04-27
183e4a13a7a22a57bfd471656ec573b9,07250205a8861bb7532fea6297a2d4be,delivered,2018-03-27 10:08:44,2018-03-29 03:10:18,2018-04-03 22:54:46,2018-04-10 23:41:37,2018-04-13,83795f9c6093934678c1ca1d1a943dda,2018-03-27
057cb6913750cc04b72dbeb174afb208,f1c04a5116870e8c079ce3087c795450,delivered,2018-08-18 09:08:48,2018-08-18 09:29:13,2018-08-20 14:09:00,2018-08-23 12:18:55,2018-08-27,5eb351044bd6b55c52e33510a8529bc3,2018-08-18
d11450f714cbee2ff7df6b663fb79781,5210bfac9f1dab420c3283b13afa8fa9,delivered,2018-02-12 20:11:13,2018-02-12 20:47:29,2018-02-14 17:29:41,2018-02-28 21:17:42,2018-03-08,d331e78cfc0e5be8117840ab9e6fb91d,2018-02-12
cf229e9a3df6543d25bd826262a12a8a,95bd4d151ed873edafbdd0046e091152,delivered,2017-07-31 16:07:13,2017-07-31 16:23:33,2017-08-01 20:53:37,2017-08-14 20:02:43,2017-09-08,c49b4324d012a12558d662c52db0fdc3,2017-07-31
3b4d27a1da06e8be667bfe9e86a33804,b41fd3073c40d1445c9bd861f4d2a57c,delivered,2018-03-23 18:40:25,2018-03-23 19:27:43,2018-03-27 17:54:26,2018-04-03 04:23:37,2018-04-11,d495e7b234b461b0e3ff5793681dc060,2018-03-23
404840d41d032edfc533e78d6e6ee416,47cf37afa96e700fad25a6f97a4299b4,delivered,2017-05-19 15:56:06,2017-05-19 16:05:30,2017-05-22 11:05:03,2017-05-25 17:12:03,2017-06-12,35d9dfb025e2a0ee4d40343b78202ab4,2017-05-19
5e666f31a774ff904141886e1ef4e3d3,58ed7744a942602df913a5b6eed945c5,delivered,2017-05-30 18:19:31,2017-05-30 18:30:15,2017-05-31 10:38:50,2017-06-08 16:23:07,2017-06-30,9aba54994850ca5befd6f16384e925b2,2017-05-30
0c00ee38c8f26756069a581a5fae12f6,044d79868bec993e35df7044c8644943,delivered,2017-02-26 04:02:42,2017-02-26 04:10:15,2017-03-01 09:43:38,2017-03-20 10:37:55,2017-03-30,83418c2218f970f9c17d5dca6f775f60,2017-02-26
23e1bad4a8ef314a7fe34fa71082d429,3147cab2fca689824166e1119213b575,delivered,2018-04-20 14:28:20,2018-04-25 04:11:22,2018-04-26 14:56:00,2018-05-04 01:08:50,2018-05-09,29ae9e23943929ef3f3951a883462955,2018-04-20
89632ab0ec088829b4e3338a772f80b4,edc518b9867f838e84d508ad4980d733,delivered,2018-04-08 22:28:54,2018-04-10 04:10:51,2018-04-11 00:54:29,2018-04-21 01:26:39,2018-04-25,ce9c97fccb301dde8370d2ec550f7539,2018-04-08
dab991912deff0b6f34c2ac665fd566f,5e8c1583955ff6508606f33a2ff0066f,delivered,2017-06-27 11:36:25,2017-06-28 02:10:21,2017-06-28 14:11:13,2017-07-05 11:33:06,2017-07-31,70c565c6054a5cf82f753fd1dddcd6eb,2017-06-27
7b8cdadf6b13903fc09049ba85f5ecb3,4615d07e73e4c684ccc9cb865c0388ca,delivered,2018-06-02 10:47:36,2018-06-02 11:10:56,2018-06-04 13:40:00,2018-06-05 16:36:25,2018-06-20,1fd3bfcd9ad31bbc4910b46c3b1d12d9,2018-06-02
17fbfab064eabf65283e3987776af914,cd74cb774a55549b0ec77a9cdd7d37bf,delivered,2017-12-12 18:42:29,2017-12-13 02:50:52,2017-12-14 22:54:33,2017-12-18 17:41:24,2018-01-05,d0acd0b5f6e8a36aa4244defbcaeabdf,2017-12-12
37073d851c3f30deebe598e5a586bdbd,2128bfdcc221a8085d953289385d3015,delivered,2018-05-14 21:17:34,2018-05-15 08:35:20,2018-05-15 15:12:00,2018-06-15 16:42:30,2018-06-06,8939cd9842c30470de2adf220eccbaab,2018-05-14
717650ea3d3e58b21de8c7205ce480cf,72819a9cc7032acbfb6c3fd6dcdc26d0,delivered,2017-12-23 19:44:17,2017-12-23 20:31:11,2017-12-28 20:19:03,2018-01-31 23:45:08,2018-02-16,0ac32dafa635f87523a45ca405e82079,2017-12-23
266c95f5f0f4b6f72882cd57117141b4,d863aecdda7c5c55ee0f24aa71817046,delivered,2018-08-14 00:04:22,2018-08-14 01:05:08,2018-08-15 16:09:00,2018-08-20 15:08:44,2018-08-23,865dec7a34ed7880aef2046e4bdb0dbe,2018-08-14
510c373425eabae593ad4cb8953d60f0,6668327c4285ae69687ecc0b3cd7c888,delivered,2017-05-20 19:45:02,2017-05-23 04:10:29,2017-05-23 13:10:31,2017-05-27 05:37:40,2017-06-13,a012ae83a5e3214d951efa46b8e190fc,2017-05-20
41fc2cc719b1c2fa7b4b621fe7de9ad5,1540e4ec28796daa76fae1a4eec53a0a,delivered,2018-04-09 11:51:00,2018-04-11 06:10:22,2018-04-11 18:58:26,2018-05-03 00:51:01,2018-05-02,c572b2161ac1c7f6ba689522531d8e30,2018-04-09
541580e54869907a0f5753026ba5298b,3531374f19bb8c7b141d63401042cbe2,delivered,2017-06-05 13:16:58,2017-06-05 13:25:19,2017-06-08 09:50:11,2017-06-16 15:01:34,2017-06-30,0c4c9957a112ce55611b1425b5cea43e,2017-06-05
fd0342fda6ba083712b6ed0d4e6ac483,1d3e643209846ffadac771cc5dc1ed4b,delivered,2018-07-23 16:24:27,2018-07-23 17:21:07,2018-07-24 15:28:00,2018-08-01 23:46:21,2018-08-14,4f0a93edbe276308a671448764c8e1c2,2018-07-23
0b29027a3a98807aea23a764ab594bbd,3375758b2fb28058dece1e3036b24900,delivered,2017-06-08 13:23:59,2017-06-09 02:30:11,2017-06-09 13:56:06,2017-06-30 06:56:39,2017-07-10,d2893422fbdd87e48b2bdcaf6c96e986,2017-06-08
afa82d070bcac12eae0dd2f73d9debc8,9a848372d820cd8ddd356f35110c24f7,delivered,2017-09-24 21:01:26,2017-09-24 21:15:09,2017-09-28 17:29:14,2017-10-05 08:38:40,2017-10-17,1189eed4ac5a6e257d5235d6c320c204,2017-09-24
11d1d2c41d418db52862561ad533739a,4a8767e3ddb2511930c15cfcf6dff50f,delivered,2018-02-09 13:48:09,2018-02-09 14:09:03,2018-02-15 20:07:54,2018-02-21 23:39:08,2018-03-06,dad6141f2f68b56e7fb3e57ac05dcd6d,2018-02-09
db5a41f8a08f620920c7c413e91a4438,df4c4273ca572a5dccb721c358e92c8d,delivered,2017-10-14 10:17:15,2017-10-17 04:25:08,2017-10-17 21:22:34,2017-10-26 22:46:11,2017-11-10,f971b51b5cde228a6212927455e6a973,2017-10-14
50d6f8533f3af9e65b8f22694ecd96c5,8f9248922bff527fc6d83c24c9dd17b8,delivered,2017-06-12 10:06:50,2017-06-14 02:35:14,2017-06-14 10:53:30,2017-07-10 14:41:58,2017-07-05,3acf392c420320628fbfab879826d6eb,2017-06-12
e05b2ef0e6f68745846dba198590cb80,3404fbd3964c5abd6fe76ae239b0bd29,delivered,2017-12-11 09:28:15,2017-12-11 09:35:27,2017-12-14 17:37:17,2017-12-18 19:55:44,2018-01-11,5373d3bd71b05d85cc1b76a125943527,2017-12-11
f6a07e6a18874c03db78033d90a50648,6d0f452f154628992e07aa608810f082,delivered,2018-02-04 08:17:12,2018-02-04 08:30:22,2018-02-06 16:24:52,2018-02-14 19:22:07,2018-02-21,c8ddd50a1eb607d6d09df11adca65efe,2018-02-04
05aac5a18dcd77932007f57de8650622,d63781bc2b6553205f2670580b30f9aa,delivered,2017-08-18 15:33:26,2017-08-19 13:55:18,2017-08-21 20:13:46,2017-08-25 13:09:54,2017-09-19,672452f682b6cd65d8256f3e527bb93f,2017-08-18
0015ebb40fb17286bea51d4607c4733c,da43a556bf5c36a1104c473cff77de6c,delivered,2018-01-14 09:01:36,2018-01-14 09:11:24,2018-01-17 22:56:36,2018-02-01 20:29:51,2018-02-15,2e0daa38f7fd081ddcda32d972e5ec50,2018-01-14
08dd64e78f26024b266515d5262be17f,b0a04bc50dbacef330e5b369a90220e6,delivered,2017-05-07 22:18:47,2017-05-07 22:30:17,2017-05-15 14:04:02,2017-05-30 08:12:20,2017-06-12,d8a033548dcefc0ed2fde1f45908cbc9,2017-05-07
efd8fbb5584dbe0c69cc120e0a1e1a35,5868fe13603cf87143789d68152b7e67,delivered,2018-04-03 19:00:55,2018-04-03 19:10:19,2018-04-07 01:16:56,2018-04-23 22:42:40,2018-04-19,ea4b63bf530181dd3e6f511f3aec27a5,2018-04-03
d448de8241268ed4ffd2e0fd2c3c49b2,162c1ac48f856c0862ca4772ea5eaf78,delivered,2018-08-16 19:32:56,2018-08-16 19:49:30,2018-08-20 14:27:00,2018-08-23 03:51:50,2018-08-29,13175e8f804432eb2ab5cbba1971f25b,2018-08-16
0ffcc7c4e90436e138f698340e3d0e25,24541b677bb53f2a9ce4c5f8adb74284,delivered,2017-11-25 10:02:21,2017-11-25 10:14:58,2017-12-15 18:59:24,2017-12-29 21:29:33,2017-12-15,43f9d5ace80c6d3c5c09544bc2fa8484,2017-11-25
a1ec5525a1aa69f0b16cc94e94b421ad,d89ef56a7fd560eead9560b3304e4c2b,delivered,2017-08-14 20:04:27,2017-08-14 20:30:24,2017-08-15 12:22:33,2017-09-06 15:47:49,2017-09-18,056cdea81f2a09768fd9dc7e0b45e1ec,2017-08-14
1a02b5e9d03ba5e359d175f5185555b3,3214f3b852b728fb06fdea03db0e6bdf,delivered,2018-06-14 10:51:59,2018-06-14 17:58:13,2018-06-25 13:46:00,2018-06-28 14:58:40,2018-07-17,c6156232415a73c76bfb519fb691c135,2018-06-14
f83d61ff63b249ebaf932dc3e7e2532a,2efe3acbefcdd642ecce2d33d878fb40,delivered,2018-06-20 19:42:06,2018-06-20 19:58:10,2018-06-21 13:14:00,2018-06-28 16:03:52,2018-07-24,4f5dc7d759b71c6fa79c3022e2235cc5,2018-06-20
c9732ac3b2d1e7666e024148430d70cf,3be8b07b476cf5a8705f9258a217f936,delivered,2017-08-30 20:12:09,2017-08-30 20:25:11,2017-08-31 19:37:47,2017-09-15 17:14:05,2017-09-28,26cc8c49362e4478de165274e7ccb214,2017-08-30
83d500e46a95c23dd67eb3cadbd1bd13,c70141a09d453bc56c7365eafc37d38d,delivered,2017-09-24 01:25:32,2017-09-24 01:35:07,2017-09-26 19:49:47,2017-10-14 16:48:57,2017-11-09,ee2c239826fa08040447be849527bc56,2017-09-24
8ac76b2c458e279fd79101768998c836,cae79cc581bb77505c1524de21a58759,delivered,2018-03-07 12:58:47,2018-03-07 13:40:22,2018-03-10 01:17:46,2018-04-02 20:28:27,2018-03-27,95c5b79e9820d2570dde746906d1644a,2018-03-07
58f1c10f00a2c9c563d537758641a714,696ad1fdeacbc4ca39233fce7daa7986,delivered,2018-05-22 19:45:11,2018-05-23 02:54:59,2018-05-23 11:38:00,2018-05-24 22:08:18,2018-05-30,503033d8d8c0a27ba5a2ac8fe424b45b,2018-05-22
90c9aa0e4721db1de14e8528707b21a2,32ebbfb86919756caf044b0ccca5e316,delivered,2017-05-19 12:41:28,2017-05-19 12:55:28,2017-05-22 10:47:44,2017-05-24 15:04:15,2017-06-01,d8045e16f9b65af3d9051d4c84a69ed4,2017-05-19
09903d25ea3d162aeb40057420caa5bb,e4caff66029e8290ad28fab525631c74,delivered,2017-11-24 13:26:15,2017-11-24 15:34:54,2017-11-27 11:13:13,2017-12-26 21:33:40,2017-12-21,e6bce3bae4ce9bba358e56e51d9e005a,2017-11-24
59eaa904b3f0dbde2785ac1b27eccd18,3e90b5882ce0e665b837de00a2a8625c,delivered,2018-08-20 10:19:46,2018-08-20 14:55:28,2018-08-21 12:37:00,2018-08-24 16:09:34,2018-09-18,7dc9f5b742ea9e6e4cff3ca5b1c8a78b,2018-08-20
406a59cb4b044ee714963cd2c70fbb6e,5ec25f4ab37a355fab56c7f7b2fbbf55,delivered,2017-10-13 13:17:09,2017-10-13 13:28:16,2017-10-16 18:33:11,2017-10-24 19:20:00,2017-11-09,7a040b1e3b90506ededb059f0ae4fc40,2017-10-13
b1e45a9d2437f4116c3ff5de92d2a527,adac4d8a949f5d6da185e384a4140b18,delivered,2018-02-09 23:56:01,2018-02-10 00:10:32,2018-02-14 21:38:57,2018-03-12 22:18:31,2018-03-15,354d9a044fc69afda19173b3df491c92,2018-02-09
71b725ecf0efc07cbfb6fbc0d5f894af,1d23076b85bfc61ed3777d9286c75d98,delivered,2018-06-23 16:00:55,2018-06-23 16:19:37,2018-06-25 14:49:00,2018-07-06 16:32:39,2018-07-23,b17168b13b5a76100d941c5aa0954a1c,2018-06-23
e67084522c92fecab73ff064333c4d62,71c5de0f94eacd6a175c1359ffb7f10c,delivered,2017-05-15 10:14:17,2017-05-16 03:42:35,2017-05-17 14:33:28,2017-05-30 13:08:06,2017-06-14,03dabd77cb0ed7a26fafe19e36b67742,2017-05-15
e9e17d3f50c94ed095960540ab67270f,5c38a435f3613cd83e32cc50043f326a,delivered,2018-06-09 20:47:38,2018-06-09 20:59:41,2018-06-11 12:12:00,2018-06-14 15:32:37,2018-06-28,e163b4cb13b379df91ac9b7d2fa2ceb4,2018-06-09
3b6d25fd68816e26589206485ce69735,f70e63c8c3c0d30ccaf0de8628ead84e,delivered,2017-10-09 21:51:21,2017-10-09 22:07:26,2017-10-10 19:19:12,2017-10-23 19:12:40,2017-10-31,bbed9f383711c28f8b265437dc523a92,2017-10-09
2c8166a4f7d0752f25e70f45565db8b9,0eeb2b8314d2094d0125f61eae1b8029,delivered,2017-08-14 23:35:39,2017-08-15 00:25:21,2017-08-16 20:20:03,2017-08-21 18:14:16,2017-09-14,a6e6d1405cfe3bf27d153f4ce68cdcab,2017-08-14
75b10195b29fe2a89b781edc42f52485,d3dea56be797770f8c942f9fa49877b7,delivered,2018-02-10 21:03:33,2018-02-10 21:35:25,2018-02-15 22:23:16,2018-02-16 21:56:30,2018-02-26,cbcdd6881ad69528eeedd6afe65da3da,2018-02-10
afa91e78effcc9fbc392951b0184f11a,1a16295b6d8a8c0e6dbc56641012558d,delivered,2017-06-04 12:37:28,2017-06-04 13:02:27,2017-06-06 15:12:22,2017-06-14 14:12:33,2017-06-28,437fcb87b492efb9f0a25c3798dd01de,2017-06-04
ec9ddd49d01dfcfe7794a593be6400b3,5439cd634b1b5e988138fc3f9a791e5a,delivered,2018-03-28 11:26:02,2018-03-29 03:28:42,2018-04-03 20:50:55,2018-04-11 22:11:47,2018-04-26,d814663559835dd0158956bb317ac977,2018-03-28
53ee14bdd0a25171e9c541d97c325cda,1de1fc1813e5760f0a431f334f559e9b,delivered,2018-07-20 14:30:51,2018-07-20 14:45:19,2018-07-24 13:37:00,2018-07-30 12:50:51,2018-08-16,33094ac6ba8c6a0851b9775bcea7b932,2018-07-20
7789aa644b371ea2081e308da732c567,a88ea39144e99debb7c0faee1da6ee51,delivered,2018-06-24 23:22:22,2018-06-24 23:35:15,2018-06-25 13:34:00,2018-06-30 12:51:39,2018-07-27,dcadcf861ee65d72a06b67b17b1451fe,2018-06-24
22085bab9022ec0c41db7a6698de93ae,4fb7cbd1728fe3e7909ca36668074cdd,delivered,2018-05-20 16:28:42,2018-05-20 16:59:20,2018-05-21 13:53:00,2018-06-04 16:12:26,2018-06-11,0318f66ddf6aa615fdb10d6d7b596194,2018-05-20
3653a619f7a0b6e676d9dab8755581aa,454b4ba4ae47ea08a0a94cece37090d9,delivered,2018-04-29 23:53:46,2018-04-30 00:25:22,2018-04-30 11:05:00,2018-05-10 19:07:55,2018-05-25,6d2a77a5ce09274a069d85de67e3fd37,2018-04-29
d61c0e8066e7a5a2e6071533b9efdd95,7981495344f1ca4aad199e996ce20b54,delivered,2018-03-15 14:14:53,2018-03-17 02:40:27,2018-03-20 17:28:32,2018-04-09 23:58:35,2018-04-03,987240c66392cc81f1a1fb47f54356b3,2018-03-15
38ca4b9ca59f1a7df492ff59834aaa42,ad6290b75f7f056d101d5193c8a9014c,delivered,2018-04-04 00:02:48,2018-04-05 00:09:25,2018-04-05 19:03:15,2018-04-07 02:19:12,2018-04-23,69abb26d2334dc4f4c622b76a5f4f3e9,2018-04-04
79ddb52cd14394521548e6550ca75d19,0fd297f407f1cf3551f8c79040a68f4c,delivered,2018-05-04 23:03:45,2018-05-04 23:15:20,2018-05-10 09:14:00,2018-05-14 19:42:35,2018-05-18,0c8da417423d25d53b4d3d034768c4d0,2018-05-04
5a6cd6b1857e91f2e14f76af61a7ec07,c3d67352aefac1d2bd3bb47b12571c29,delivered,2018-08-14 23:20:35,2018-08-14 23:35:24,2018-08-16 13:04:00,2018-08-17 17:38:56,2018-08-20,167d137b34ca4a407c59e3b8ed1742af,2018-08-14
cfb94976becda338ad4171c3c072561c,5f3e95d3aa812f28f4d065e24aae40ce,delivered,2018-05-26 21:35:28,2018-05-26 21:50:11,2018-05-28 13:05:00,2018-06-08 23:22:53,2018-06-28,3892c318bc9b3bd1569c043e9a18c8a8,2018-05-26
71b4480b617e5a0468d7362efb7c4b3d,2a7cfceba822a5cb1e74455166e4a977,delivered,2018-08-28 07:51:19,2018-08-28 08:05:14,2018-08-28 14:54:00,2018-08-29 20:41:25,2018-09-05,39904c3df1113ce1f1eeef9746ddb249,2018-08-28
1d63bc71f05d7d540663b4314f166b92,0cd75fa65bd3e702e9c0ed57e9569c67,delivered,2018-04-20 12:24:23,2018-04-24 19:23:55,2018-04-25 14:02:00,2018-04-30 13:19:48,2018-05-18,acd8f6063338b4b3a4f8be045c8e1695,2018-04-20
61059985a6fc0ad64e95d9944caacdad,89bca1b7e71b59a7d206d9d1da65c1f6,delivered,2018-08-13 15:43:16,2018-08-13 15:55:24,2018-08-17 08:40:00,2018-08-28 12:58:16,2018-08-30,3129dce5dc566246ea1354bff5bb6fea,2018-08-13
41738c6711aba76aa0f4f07640600772,f28f26eb918e84f08cc0934f23d08ff1,delivered,2017-11-14 09:17:29,2017-11-14 09:30:45,2017-11-16 19:41:26,2017-11-22 01:07:20,2017-12-06,9a364f4958e8576bc20ab141a760a18c,2017-11-14
1a21e73a0315ba67c5e45cbcd1abd95d,b6debdaf65d20e037db74e2d1c66e22b,delivered,2018-03-29 14:24:24,2018-03-29 14:35:14,2018-04-03 00:38:38,2018-04-14 12:58:32,2018-04-24,106abb15071cec3557f8cd3b89384e99,2018-03-29
107184b32040eb4fb9bfad381805d105,dc64cafc0368f3afe3581fa195275935,delivered,2018-06-25 20:11:07,2018-06-25 20:34:14,2018-07-05 09:40:00,2018-07-12 21:34:46,2018-07-27,d867d0c1c893268d9473255b0f8480c7,2018-06-25
905f7a43f18905597465564ae6deb958,cad72c6ad6d5b6d95ce0056e1e7948a8,delivered,2018-08-10 22:59:49,2018-08-14 04:45:20,2018-08-15 05:41:00,2018-08-28 21:41:40,2018-08-30,20bb1d9431264f331e47b2da94991eaf,2018-08-10
1eb7606f2ad568b8303fb24c8ab1e2cd,bac56672aefaf3167d4d46c1ed0fdc92,delivered,2018-08-01 13:39:53,2018-08-01 13:50:14,2018-08-03 16:11:00,2018-08-07 20:28:46,2018-08-13,d176ac39b9805bb7fb8332a47aac0993,2018-08-01
3e264051f522e1ac4d07e648a9080784,05714f8e1d0dd41cfe8b94b23166f793,delivered,2018-08-12 18:23:47,2018-08-12 18:35:19,2018-08-13 15:36:00,2018-08-20 23:32:53,2018-09-12,7b5e32f31022d46fd737bf47c0c376bc,2018-08-12
15a8c5377a1ec81646e364e8b6aabf90,8b3030e1f68b2913007ec34c76b6514a,delivered,2018-06-04 18:26:47,2018-06-06 03:11:15,2018-06-06 13:35:00,2018-06-07 16:54:31,2018-06-28,6c942da68785707924e6c8696b6b63d0,2018-06-04
94a01dd9a6fd7d30b879bd61b85a1c00,ea330b398b2ea97bf0ce6b3d36fa0698,delivered,2017-05-21 09:58:15,2017-05-21 10:10:17,2017-05-24 12:14:23,2017-05-30 07:19:46,2017-06-14,4aeadd2fbdab9bd2b850353470b50bfd,2017-05-21
99a12301d30f34d260111f258570bbfc,13d21f0e70fdbeea58a5dfb183f2f086,delivered,2018-05-17 09:57:40,2018-05-19 02:58:45,2018-05-21 16:43:00,2018-05-24 18:18:23,2018-06-06,d2d331a5d74b429b7238b97379136b9f,2018-05-17
df8bb1c5e34a83edbd547f2fa290801c,49514292b7c96900328c314056e19641,delivered,2018-02-26 10:49:26,2018-02-26 11:10:05,2018-02-27 18:36:10,2018-03-06 14:14:05,2018-03-21,7f873e2c98b19dfcae0db3c0ba919905,2018-02-26
777bf4670edce6de8fa9aa0b68b57b28,b9b977b5750b820d527dd864ed74c4c1,delivered,2017-07-10 21:20:01,2017-07-10 21:45:16,2017-07-12 21:33:13,2017-07-21 19:52:15,2017-08-01,eceb50042675f24ba84998de4520465d,2017-07-10
5e42950b6aa90d698e75af4e41641386,c9fe1c67c4d2d851dd6d1a81751636a2,delivered,2017-05-11 16:21:10,2017-05-11 16:35:09,2017-05-16 15:29:09,2017-06-27 09:32:09,2017-06-14,b0a80f18a9efe22e2eb45a67db168ef9,2017-05-11
1a2a468a88fbd60a59aae3fc94bcf40d,5f0b7da5a7b0c5db24d34ab68757c129,delivered,2018-05-15 09:45:26,2018-05-15 11:14:35,2018-05-18 11:24:00,2018-05-29 21:33:00,2018-05-23,866950ac7c5063d4a102b0c2a20235c8,2018-05-15
d0f2eab6dd80aa594023f8ed3bd024be,e2fe3fe92da7cfb1115664a4f48446b9,delivered,2018-08-21 23:24:29,2018-08-21 23:35:15,2018-08-22 14:22:00,2018-08-28 20:44:46,2018-09-17,0d02eb399c6520fbf8f938611878578c,2018-08-21
882e8af23c36f8930312f88cacde187b,39956a419d1d92294fa20b02d3ba8664,delivered,2017-08-22 09:59:09,2017-08-25 10:30:25,2017-09-01 20:44:49,2017-09-14 20:05:40,2017-09-20,46b1c77198c6cac6b3b5c523763575c0,2017-08-22
24bb994d197981b7ea2d6838f535c190,09a9ef35990d77c960763ec0c5a269d3,delivered,2017-05-03 15:55:07,2017-05-03 16:05:20,2017-05-04 13:49:01,2017-05-13 09:27:44,2017-05-24,e4384633fb2c44dd9d702f57cdb22867,2017-05-03
0d799dd97f4ffcecba2864882585f677,969490358923f64400791dfecc39ad28,delivered,2018-04-05 14:56:55,2018-04-07 13:48:00,2018-04-09 18:22:41,2018-04-12 12:48:40,2018-04-25,666cc07c716fe875d62948482eff6209,2018-04-05
028e37ed7cdd54ad41506f61df708cf9,5bbc72ac56e6c2d61f23a8a91a6ceac6,delivered,2018-04-10 16:44:54,2018-04-10 16:55:40,2018-04-11 18:08:43,2018-04-12 18:37:36,2018-04-25,ba136375f078fedf9689674d4786e281,2018-04-10
91df6f3cf26d70ab6a918d29d0a0b906,d99d4916f321d6691a8aee32b3d09b95,delivered,2018-03-22 16:15:09,2018-03-23 02:15:51,2018-03-23 18:36:29,2018-04-11 19:47:48,2018-04-13,b3a8671bc1929c8cfe476e6321d23d24,2018-03-22
93d3f82c12e9b949a4aaa4ebe4602fd0,7643b43de9e212cd2a0205a0ab34586b,delivered,2018-01-24 21:53:15,2018-01-24 22:12:28,2018-01-25 17:28:29,2018-02-22 00:21:15,2018-02-23,2c4170d67162923fbc4d027718399427,2018-01-24
99f0135f704042736be706684c4aaac3,452cb05b9c1a46b6cc490b03122044af,delivered,2017-04-07 15:09:26,2017-04-08 02:45:42,2017-04-11 10:07:09,2017-04-12 15:43:57,2017-04-28,05f20ede6bed5ad392953e8b43583336,2017-04-07
e3ece21d7c72cb7ccac97cf62de62891,87fb98f4e2e75710737171902c080422,delivered,2017-10-19 02:12:45,2017-10-19 02:28:14,2017-10-23 22:27:39,2017-10-26 23:11:58,2017-11-27,d2784a961177fddf449128c4d88a0715,2017-10-19
ea2885f040ff7729e3d94488802e2917,667851f75c78e125a443fece275f310b,delivered,2018-05-12 17:27:38,2018-05-13 17:33:36,2018-05-14 13:57:00,2018-05-17 17:18:48,2018-06-19,78b6dba3bb87b3f559105c4035b14354,2018-05-12
cba168048c28675b998a0b46d19a672f,817b5694bac6be4b10006aa850f8e38b,delivered,2017-10-20 17:28:24,2017-10-20 17:35:27,2017-10-21 14:38:06,2017-11-01 17:17:47,2017-11-13,0c6a8d82ac587f081e2e2d33270a3d69,2017-10-20
2d7a8c97e529d66fad6f5eef0f44d6a4,e827d6d66034a4a1dd0cdff18f7c372c,delivered,2018-04-19 22:37:19,2018-04-24 17:53:00,2018-04-23 18:46:52,2018-05-07 23:03:35,2018-05-14,52c2d25d17331709d360f6d8fce886af,2018-04-19
20efd9f000215e0bbefcf087e8cf3d61,e007ccb7fb0cf68447eb8258465d68c6,delivered,2017-06-06 23:09:17,2017-06-07 14:25:18,2017-06-08 13:03:35,2017-06-16 14:09:49,2017-06-30,ae52fa61f27bd494a25bc4c101fa29d0,2017-06-06
6e4aa96643864493bb291057da474fbc,dcfca4b1f0b7341e8810ed4b9ebe1b6d,delivered,2017-05-07 14:06:36,2017-05-07 14:15:20,2017-05-12 10:28:36,2017-05-20 09:11:12,2017-05-31,10d868802b4d4a2e983e826abd14fb84,2017-05-07
0db1291d4169060a3cd5b83f61c2904a,8179ac0bb632704ff51d60a196e441a4,delivered,2018-02-12 14:05:30,2018-02-12 14:15:46,2018-02-14 18:48:07,2018-02-16 02:16:09,2018-02-26,04faabcdbf48e775bc5e313369bc15bc,2018-02-12
0c3da4384feb21f0def324b1b7d6f082,8d08e007413e1b44d81c1af9f916dab4,delivered,2017-11-09 12:22:48,2017-11-09 12:35:35,2017-11-27 20:35:46,2017-12-04 23:22:38,2017-12-01,a674f8c319c74292f388cde186585856,2017-11-09
8003e1099872d27581e211a7cf5422cf,3085208ef72d0f6c9ae2c1d7872609db,delivered,2018-03-18 20:29:14,2018-03-18 20:47:51,2018-03-20 01:55:26,2018-03-29 22:11:27,2018-04-06,c1b0ea0ce297723495a10dfa3a49cf74,2018-03-18
51443d57f4db8cd4a58620d7b9a8c723,605ebe3184dc4b42aa2329b78b416ce6,delivered,2018-07-31 08:21:53,2018-07-31 09:30:31,2018-08-01 11:21:00,2018-08-08 21:20:04,2018-08-22,c737d186320af1b0b2a3f107abaffe9c,2018-07-31
b6c8fc239ffabf4952f94605278ef226,f75b1f70d9e9686eb2dfcaf128f1a747,delivered,2018-02-11 07:28:44,2018-02-15 04:07:25,2018-02-16 21:07:30,2018-03-01 20:35:08,2018-03-16,644f6f6d70be05844c4c1979e13b2122,2018-02-11
1d0cb4b170fe0f5f20475c4ec3ec4f06,89d3acddfe3e52705206aeb30a6a7217,delivered,2017-05-17 18:14:31,2017-05-17 18:25:11,2017-05-19 14:49:11,2017-05-25 12:05:18,2017-06-14,d6ae86d5d5288d21d85bd5ad260ca140,2017-05-17
0374e57efce00e3004e93acd6310c58f,ee5b048a2bbbcaa49900bb4e0fa515c9,delivered,2017-12-16 12:25:18,2017-12-16 12:32:22,2017-12-19 00:34:07,2017-12-20 20:03:15,2018-01-05,5709900c6ded8af6dfb28b043943368d,2017-12-16
134fc3d70972d3de090dec9bae0c7918,05782799bb7c222ea760230ec20c8ff4,delivered,2018-02-21 14:37:00,2018-02-21 14:50:33,2018-02-22 17:53:05,2018-02-23 21:34:47,2018-03-07,babd2e2e00f4b20264b7a8dedba31346,2018-02-21
89369c30d40142dde7d12c55b1c67bdb,e7f39eb0a7438c0965cf243a0cbe7e91,delivered,2017-07-27 16:40:14,2017-07-27 16:55:13,2017-08-01 15:26:42,2017-08-16 20:07:44,2017-08-28,3a619e8f1ea6373c75ad340b57acd1ab,2017-07-27
adc288e02bde1d4f1f86ebcee288aa59,a7056034bcc7c12cd4140957ee3c342a,delivered,2017-05-23 12:22:02,2017-05-23 13:05:47,2017-05-24 09:38:50,2017-05-29 11:07:54,2017-06-12,45aa80c26dcdf6abfdc0b74582ead3f9,2017-05-23
3b132068223649635448d659e7826d12,44ffbbe638352715960ef277769549e2,delivered,2017-11-17 13:00:45,2017-11-17 13:55:26,2017-11-17 21:54:57,2017-11-23 17:52:59,2017-12-07,49afeec74ee36fc6e5582ccd16111a14,2017-11-17
e634ef64a41599a3ddcd8bcef955e364,e54f507ec1ad92aaaded5565f48f1a19,delivered,2017-05-04 13:24:53,2017-05-04 13:35:22,2017-05-08 15:38:03,2017-05-23 20:09:43,2017-05-25,cd71400a57f722718a5cebde0944c5c0,2017-05-04
d45eb8b423190d51b78089dfaccc95a2,c43869269cc00035fa78becf648d99a3,delivered,2017-04-08 12:54:43,2017-04-09 13:03:52,2017-04-20 12:00:30,2017-05-15 11:38:11,2017-05-23,cf25418b609f848c101e0af85219a3eb,2017-04-08
1a46eb0d470ee3c0017de58bf9a988d9,732bd2b22741579df7ac77d1be10e389,delivered,2018-02-24 13:31:27,2018-02-27 03:31:09,2018-03-01 23:04:59,2018-03-05 21:51:53,2018-03-12,c04f24f27572bb404a2dc0d13e960dfa,2018-02-24
90b22de691552b213f33c2a25c74c413,fed93511fb2472a401433bf486958f60,delivered,2017-05-16 11:26:30,2017-05-18 02:23:00,2017-05-18 09:59:01,2017-06-05 18:19:34,2017-05-29,43cb9ba51687bd819e3076bb49f3f4ef,2017-05-16
cbf3948b0c5e72fc6ae9b3decce90451,88d7e0cd6f4210086384abf54a6bfbb2,delivered,2018-02-02 18:07:49,2018-02-02 19:02:59,2018-02-05 23:18:30,2018-02-27 18:13:19,2018-03-02,f52aafcc1ed1c13134d919970c78a146,2018-02-02
4882f3ba2955233931dbfa02945db130,2b9f077c74b850eb1b3e6c5750233baa,delivered,2017-11-25 23:05:03,2017-11-25 23:16:28,2017-11-28 22:28:27,2017-12-30 01:42:10,2017-12-19,982dd12913a636c1b844398791910907,2017-11-25
ca7e19e74d65b16d67b264b37172cb1a,692192e25c5a64eb1bb79a61f5e6b236,delivered,2018-05-11 14:48:08,2018-05-11 15:12:11,2018-05-14 14:04:00,2018-05-23 00:12:57,2018-06-01,3b417a96c3b138726b580e012fe23f33,2018-05-11
662dd9cfb9338f3ac5ef63af393d7e32,4954f22f577505c7efaa1117e9c014f4,delivered,2017-08-25 19:20:35,2017-08-25 19:35:16,2017-08-28 16:08:56,2017-09-08 20:12:07,2017-09-13,76eb9d778797db59464bc0b40d044c38,2017-08-25
5c5a8c9c0e8a30b697d7cea5123db572,3951726c606aecacde87770d968bfcbf,delivered,2018-07-22 12:31:20,2018-07-23 11:32:08,2018-07-23 10:12:00,2018-07-26 16:19:51,2018-08-10,537eaa7044e92f1ce907e98a5eeb989e,2018-07-22
4fe4120d5ff847b658ad80188256cb99,6d0e46867a3f2b90a1e26bda0b1af118,delivered,2017-04-27 00:12:04,2017-04-27 01:15:14,2017-04-28 15:44:12,2017-05-09 09:55:03,2017-05-26,248669a947931e373ece1b933e8f519e,2017-04-27
0f3d2ca532c34901392f4d86e4a1e5ba,a7d13418ff9eec5defb8034d9eb8771c,delivered,2017-10-02 14:28:59,2017-10-02 14:49:14,2017-10-03 16:34:32,2017-10-10 13:00:29,2017-10-27,44439b089d03b50e682dd34e2187bddf,2017-10-02
db06ef65b157c381358ccccdfa3d1aea,908a70e8720a4968e76fbf0a721c78c1,delivered,2018-01-19 09:19:07,2018-01-19 09:35:53,2018-01-23 19:39:12,2018-01-25 00:28:10,2018-02-06,8b2b8cea5423ece6984632540c423aaf,2018-01-19
a915d736d392c278f5220c55f8275393,6ca4dcf487355859b92e1dbdb1d3238b,delivered,2017-07-21 22:12:35,2017-07-21 22:25:21,2017-07-28 18:54:55,2017-07-31 18:47:40,2017-08-07,430a7c17e079570adf0b57311e500a5c,2017-07-21
35ebf843a8ae15a2ec5e2467f811c593,b9c971c49e30ccad3566cf4e76d61c7c,delivered,2017-08-22 17:25:15,2017-08-23 02:46:57,2017-08-23 14:13:30,2017-09-02 13:30:12,2017-09-22,81c77a75270704be7d9732688b54670c,2017-08-22
93ae3ec4b92402eb33c04034d5e70d2a,76b10e7807773c14873820db20ae1b56,delivered,2018-02-07 14:46:59,2018-02-07 15:11:07,2018-02-08 18:48:55,2018-02-23 13:12:36,2018-03-12,4febcf117fb1744228c5c3fb7e2a1c76,2018-02-07
a4841e5f06a8d3ab2f2bea2ad95c38e7,cecd159026043bcaaf53374f0682ed9f,delivered,2018-06-26 20:25:26,2018-06-26 20:35:14,2018-06-27 09:40:00,2018-06-29 16:29:34,2018-07-19,1e0f40203d3ba55e9ab409bbdb57e237,2018-06-26
2ccca1fe20c84ea4cb95b191e260cf16,4242d8b3a868764dc68d8fa1aa611192,delivered,2018-02-25 11:31:41,2018-02-27 04:31:10,2018-02-27 18:06:47,2018-03-05 19:19:04,2018-03-16,f44a700751a2a22402899512f696eed2,2018-02-25
b2b7813f1cf4afc8e5728398618bbd7e,0b1e0ce6b033ff2e254f452222ac14f3,delivered,2017-09-24 04:07:16,2017-09-24 04:25:05,2017-09-25 19:09:29,2017-10-07 13:30:12,2017-10-20,87603dde65ee7120467ddda1a883bb24,2017-09-24
0cbe8449b3c0fac35f49a95db13cbda9,04e60b8790c932207bff0db5c8887a31,delivered,2018-02-12 18:36:53,2018-02-12 19:20:19,2018-02-15 15:38:42,2018-02-21 19:08:08,2018-03-09,8bec7decba970b822248039d05af887c,2018-02-12
497382d2dc606112bc69b5cf182f15b6,a9434e011c74b3cfe8649aafc303c441,delivered,2018-02-09 19:46:52,2018-02-10 12:10:24,2018-02-14 19:36:55,2018-03-05 22:09:45,2018-03-16,637c2caca17c2bf9fe41e50a6fcec9ed,2018-02-09
0152de20f6e09fb1133847df8babd490,cc427818670e1a876ce1a0c989d92f68,delivered,2018-08-07 22:42:13,2018-08-07 22:50:19,2018-08-08 16:00:00,2018-08-14 21:17:37,2018-08-16,a984dc73180e58d6b3520c7e32dd33c9,2018-08-07
37da265b43b0eabb4777f9be4ee0daf1,4a6799c4adf050033f0e5d578141a407,delivered,2018-04-11 07:38:12,2018-04-11 09:11:56,2018-04-12 16:52:38,2018-04-20 15:51:34,2018-05-08,c3a8c3c742829113458555ed8d300404,2018-04-11
85a3602f48becf78584dbd58d22f85b7,68f0712983fb37ab0fcd7723ae3738fe,delivered,2017-10-01 19:35:20,2017-10-01 19:49:40,2017-10-02 15:03:50,2017-10-04 15:48:11,2017-10-19,3bff2624bada7f8ee10aee79a507a9ca,2017-10-01
eb4d305848989350701a75e1cb3c0a93,00e200fe66bc8553bd83681887d6176f,delivered,2017-04-20 09:57:34,2017-04-20 10:05:45,2017-04-20 16:15:47,2017-05-02 14:33:30,2017-05-24,fc5e5fe0a1c88aebef8f551bc84abd9c,2017-04-20
1de11af0216efe10b1cbe006026cf569,48b2b8eb61d2ae8ff26cc726f4a48894,delivered,2017-10-13 14:02:38,2017-10-13 14:14:48,2017-10-16 22:14:58,2017-10-25 17:48:10,2017-11-06,fb04537252647002e3fc677c818812b1,2017-10-13
5b5144a746963b5eff535ab86fd72942,89afdab8a63d03ceb3c40cf168755471,delivered,2018-05-09 22:06:14,2018-05-09 22:15:22,2018-05-10 16:37:00,2018-05-11 18:41:28,2018-05-17,d7d49052cdf33e61ca4eb8753f810b62,2018-05-09
9b871ac52352fe5c58010cad01550b6c,38a4682d6d079b67682fa6e895fbc980,delivered,2018-08-06 09:41:09,2018-08-06 09:50:24,2018-08-06 12:55:00,2018-08-07 18:50:50,2018-08-09,c92fcc08288d633d677a2b744e7cdf9f,2018-08-06
6164f657084f27df744b7ba94beee2e1,640c8795259e57d4b730211f3da2271a,delivered,2017-07-05 12:03:14,2017-07-05 17:42:58,2017-07-06 15:57:38,2017-07-11 18:33:27,2017-08-08,593cb774409e5239a1946d1c88e0813d,2017-07-05
c361406c8d2eccd0d8ba53309bca045e,0086b541a59fa554e7953e2d3c285285,delivered,2018-07-26 16:26:56,2018-07-26 16:44:19,2018-07-27 14:00:00,2018-08-03 19:08:33,2018-08-17,57f06135a2656bfab535243f705fc8f6,2018-07-26
97d6279a91ffe03ed63041acff508488,4100069ffa623d7dc3ae8f1dfd4bec10,delivered,2018-05-07 15:47:59,2018-05-07 17:30:06,2018-05-08 15:55:00,2018-05-18 19:47:01,2018-06-14,6a583f4c6790a4c8330beb7612e17f42,2018-05-07
2e32dea8a4d1ae5499a67674b387bc6a,7fd973e7865ee210512c6222d387e7aa,delivered,2016-10-06 02:53:39,2016-10-06 15:53:39,2016-10-21 16:32:48,2016-10-27 14:02:34,2016-11-28,3b32327f677fba6212c2e8e13792da74,2016-10-06
536e67ebddde7719b68c4fbb35aac905,3ab8ad6d20715cb0ee1036d31ed67029,delivered,2017-11-24 11:15:40,2017-11-24 13:15:27,2017-11-28 23:12:21,2017-12-01 22:10:47,2017-12-14,7083cb99a8c7aa3fa47c48af112aa88f,2017-11-24
4b73f2ad2d258e45ad46b02fa9125f74,56da5174c744af709d2e87b3b2d1fac4,delivered,2018-05-16 14:25:43,2018-05-16 15:34:45,2018-05-18 19:00:00,2018-05-21 22:04:04,2018-05-29,3aed251d495c517cb52760baa9b4ce0f,2018-05-16
f464bdc3b17c2085e54b66d8e5ae1695,59cac1762d59c78c991fbd9e3cd06bdf,delivered,2017-05-25 11:07:58,2017-05-25 11:22:46,2017-05-29 09:04:01,2017-05-30 11:11:59,2017-06-07,3008c9a0da4d259b05093a3c149ed7be,2017-05-25
1ee4815d0b4638b47727ce58ef0fbc5d,f9f127bc68d9b0bceaa2759929d6048b,delivered,2018-08-18 09:57:54,2018-08-18 10:10:09,2018-08-20 14:38:00,2018-08-27 16:50:55,2018-09-13,60676486b9681a6de27cc34fbfbc057c,2018-08-18
2671fbea1d23cb4415ae5e3902961d61,707820300c6625542265b552fbdb4700,delivered,2018-01-25 16:24:17,2018-01-25 16:34:56,2018-01-29 19:58:47,2018-02-06 21:53:37,2018-02-22,a9cc258adcff61d02dcba4c04c9349c2,2018-01-25
5f910336c1739df9cd23f555a50f5914,c4ac325fd53cbbb5fefd94260aef1c04,delivered,2018-02-06 15:53:48,2018-02-06 16:11:45,2018-02-14 15:42:33,2018-02-27 18:50:10,2018-03-09,9222157eec2fcf0b01e35ea4fd5af8a5,2018-02-06
db9f2956d5aa9406afedc858c51c2f5f,545b3f9dcf5aebe2020cbdcc23c06101,delivered,2018-03-12 21:31:27,2018-03-12 21:48:12,2018-03-14 00:24:25,2018-04-03 23:08:34,2018-04-12,9dfffbf5ae6ed8a0ba6958a4adb29c8b,2018-03-12
591776df8fe679d1406cdf74040ba972,9135d15b2375bb7ae359911c404bf841,delivered,2018-06-22 21:50:08,2018-06-22 22:17:42,2018-06-25 12:55:00,2018-06-26 15:31:59,2018-07-05,2bfa1c994cd7471d73f27df147b62ee9,2018-06-22
2aecd29fc36d9e1ca2ea9f74ef4c7c05,0578b89ec329601c10e1f39edb7280f2,delivered,2018-02-22 18:41:17,2018-02-22 19:20:19,2018-02-26 20:17:45,2018-03-03 13:16:56,2018-03-08,60ce02275c8e46f41110d2df7a69f5ec,2018-02-22
c562f2bc6c997a43b59465ebec4e8d9d,7382e15ba41c27a6daf688404b5709ea,delivered,2018-03-17 11:42:58,2018-03-17 11:55:30,2018-03-20 19:38:53,2018-03-22 22:19:47,2018-03-29,ea53ee21d57c1cf01ed88b168a400ae3,2018-03-17
7ecb4d4ceeb5476acf1552bc276b37c5,136880fade3bb7ad3d803f7a7a7506c5,delivered,2017-06-24 22:33:58,2017-06-24 22:42:50,2017-06-26 12:36:00,2017-07-04 12:44:51,2017-07-18,d1ae52c1dc82e74b7f69d96930aa2079,2017-06-24
a55bc0ec4a744ea57652f24a183894dd,2abce617f1be14e5f789fc9c2f5c91d1,delivered,2018-02-28 19:25:17,2018-02-28 19:36:03,2018-03-01 20:37:07,2018-03-10 18:03:01,2018-03-20,c819265975d9eb88de79df8b9a5177dd,2018-02-28
f340220668141a9755810a13d31f95ad,17a86a3ce7de4116e732b36c8b8f628e,delivered,2018-03-20 20:47:29,2018-03-20 20:56:05,2018-03-23 01:08:41,2018-04-07 02:14:46,2018-04-10,c52a60152571bca13cbf8a810c97e4db,2018-03-20
60df90a3bd98ae3fd3048b19403d33f8,a243a93608e91d8da574d337c015a6e3,delivered,2017-06-22 21:08:39,2017-06-22 21:22:48,2017-06-26 09:58:48,2017-06-30 14:46:26,2017-07-05,9f01a3d51b4c25b9298fae675053c4c6,2017-06-22
93d7e1f0c5415c1a0679635187700f1d,1288df1d9da5e124c94b06a6ba3ca50b,delivered,2018-08-28 16:33:22,2018-08-28 16:50:08,2018-08-29 16:08:00,2018-08-30 20:58:42,2018-08-31,2cbb27285e259123d5b9aac321b7085e,2018-08-28
4f3d4a1f5d64be803fb322242a968047,a718a6a2ef929d33b05173db47e11080,delivered,2018-04-03 17:40:11,2018-04-03 17:50:18,2018-04-04 21:28:51,2018-04-13 14:08:36,2018-04-27,01835b7ef446c78d0c37077894aa068d,2018-04-03
07677527dea7bbe02d91875f7764c6cd,69a7c2c293e83fd36e2fd81a7bcb74b3,delivered,2017-06-05 09:11:38,2017-06-07 02:50:11,2017-06-14 15:19:49,2017-06-29 17:57:50,2017-07-06,b5447d364a6201833d7e004e22283a6c,2017-06-05
746b06a44d14deca5f655b036a47ed0f,bef5c0e0b094f0abf4f9bc96e9e546dd,delivered,2018-02-15 10:28:39,2018-02-15 10:47:51,2018-02-22 20:19:08,2018-02-23 23:28:54,2018-03-02,c654ded2fe5086dc19941eb427fbdd8b,2018-02-15
7cf0a314b3b759a5b27f4a0348de6556,ba6a79846e82d93b8e30f35a1f89ae36,delivered,2017-06-10 16:44:21,2017-06-10 16:55:19,2017-06-13 10:09:08,2017-06-14 12:34:23,2017-06-29,661ea2d486e19c9bc3ebe14defadce5b,2017-06-10
d34e369fbc5cb753012079961b615121,c651c585480832aaefbec136aebe2afd,delivered,2017-01-23 14:58:00,2017-01-24 03:50:56,2017-01-24 13:10:27,2017-02-03 09:32:10,2017-03-02,9476d63d5d33e182ed23f661fda9214b,2017-01-23
43ac8d91a0749b176f9c311545881aa7,f6eb8f504aabaa9ff9bfe57d5200dbe6,delivered,2017-12-25 22:27:52,2017-12-25 22:36:29,2018-01-03 14:22:49,2018-02-01 16:12:12,2018-01-19,2ec0c3eb092b2cffb5eb4c61299b71fc,2017-12-25
3a17199c5f4688279c69a931b1950c86,138729be4db081ad246847b0e3b899a5,delivered,2018-03-22 14:18:16,2018-03-22 14:30:31,2018-03-26 21:56:26,2018-04-04 22:05:27,2018-04-10,8fdb140ae29d78dfb483f86399cb2714,2018-03-22
c89faf2acf424fe14db2131b5b6ae379,26e9cd515e13709e836352c5c9c462be,delivered,2018-03-15 22:54:14,2018-03-15 23:11:04,2018-03-21 14:12:14,2018-04-06 19:50:54,2018-04-06,19f5acc3c5ca87411b38a8e942106fac,2018-03-15
93e856badcb505cba97cd4dc34a64f06,22114b7e1101d29dc4b9071a9b6b5bd0,delivered,2018-01-03 21:39:45,2018-01-03 21:47:25,2018-01-05 00:10:06,2018-01-13 00:44:56,2018-02-01,db096090d366edab84ac3286370ba467,2018-01-03
977b31c8455f33c500fbd18a7770be82,55797a8a69854e4fc1e636937f0c05eb,delivered,2018-07-29 20:17:40,2018-07-29 20:35:24,2018-07-31 11:46:00,2018-08-01 16:41:52,2018-08-02,c09e6c3a16ec9c0a57e3c5e2b9e292c5,2018-07-29
59dd30ed66bb5ab4c41d8333eb272b8e,1e44951cea9cac0d305ae89e6b2247ee,delivered,2018-05-13 21:26:05,2018-05-13 21:35:14,2018-05-17 13:29:00,2018-05-24 15:32:50,2018-06-06,bd7287fdad74d4d53c8d2b6e1cfd644d,2018-05-13
270f5a5025de7523edbc65d690647f33,44c1de7065467e83835227adbd8af943,delivered,2017-10-18 15:59:04,2017-10-19 10:14:11,2017-10-20 18:57:44,2017-10-26 20:32:25,2017-11-17,1332bae6fb3d8461872f77e8efab21ad,2017-10-18
016495aaab3fb481dc9decab2b4fdbfb,bd1b4c23a6f9365b44d99b2c7905cea2,delivered,2017-11-19 17:51:15,2017-11-21 03:48:25,2017-11-21 17:11:54,2017-11-22 17:52:46,2017-12-01,cc1166c2411979ef1709678719e5d771,2017-11-19
2dc5ca4f77839266648dbc98c8c13142,e1301cc68b82ab74180bc970f3e6c81b,delivered,2017-07-31 23:06:46,2017-07-31 23:25:30,2017-08-03 14:12:29,2017-08-08 20:47:24,2017-08-28,f5344c7feb209d1e8a9de5d60ed79331,2017-07-31
7597c7c4c83261b22f9e17126dd703e3,734618dbd23f573007a52fa66895ce42,delivered,2017-07-01 07:07:56,2017-07-01 07:23:40,2017-07-04 13:07:24,2017-07-07 19:17:28,2017-07-18,487e95378601c00342936b51ee9f50f2,2017-07-01
0cb2b99573bb73a8e2228ffda426dd9f,fe897037e8018ae4e35bee4ea067420a,delivered,2018-04-03 12:59:40,2018-04-04 12:50:27,2018-04-04 22:58:59,2018-04-17 21:36:29,2018-05-02,ff2aeaf91fcca5d94c48812a08969300,2018-04-03
8b308e477ac0136cd944e507c62edace,4d91a0aeb419c5f2629c4a2a00c08dac,delivered,2017-12-12 22:40:14,2017-12-12 22:50:56,2017-12-13 23:46:14,2017-12-19 16:04:54,2018-01-05,da26c8a88b689a477e09c8192a7ee0d6,2017-12-12
7321b3d6dabc180e041d57f60a5b838c,685eb37a9cadabd8f2ad2259cca7ed97,delivered,2017-07-27 08:45:45,2017-07-27 09:35:26,2017-07-27 19:22:43,2017-08-01 18:29:53,2017-08-23,fb512346f037df411e4a62c3181f5aaf,2017-07-27
edf1dea9f76f933cb288087ed17474cf,a77a9a2473d3fb4e562bdd4aeba44229,delivered,2017-10-28 16:36:47,2017-10-28 17:21:30,2017-10-30 17:52:11,2017-11-11 16:24:41,2017-11-27,76b1a1828f95354fe777be7436aa0fc4,2017-10-28
f9af40e68463ab36441bae99e215e3e0,4f1b55a9a3ff88770c4e6623b5d701c6,delivered,2018-06-18 11:42:48,2018-06-18 12:37:17,2018-06-22 15:17:00,2018-07-04 19:19:00,2018-07-17,7611c1c57e281b24b0e4efb7b4962ac9,2018-06-18
b5c372b6166768fd040afdb4f18a4b4a,320567e24f1b4c7c15f405f9f4923715,delivered,2018-02-14 17:42:43,2018-02-14 17:56:10,2018-02-16 12:35:36,2018-02-26 19:24:05,2018-03-06,cdfd8bdd65d91d73ad66e32f42d39422,2018-02-14
085364fbac51681978eace38694d4683,52785c19610440b44c7ebbbe7b009b6c,delivered,2018-04-19 18:12:15,2018-04-19 18:32:04,2018-04-23 20:12:22,2018-05-10 23:28:34,2018-05-16,a4a6eeb70c933d1f3c6283a4ca4b0841,2018-04-19
bef875448d5a4f703555d2dd5f8382b5,4a6f6cd7b3fa8d3f9a370adfdad0fa97,canceled,2018-01-23 09:48:56,2018-01-23 10:20:10,2018-01-24 21:04:56,,2018-02-22,71ba8ba1fca338623659e60a7a364d0e,2018-01-23
c3282d67d6e224add80f8bc4b9edc1a7,b3db3ccf1c90f66819682692e2c30858,delivered,2017-10-27 10:55:30,2017-10-27 11:05:19,2017-10-27 18:58:40,2017-11-06 23:05:18,2017-11-28,e283ad13ad6d3a8a4e650772ccddf2d5,2017-10-27
1e6025fd19451c74352d0bbf6a218bf6,115159a20c6d95890cbf83916b57b07c,delivered,2017-01-27 21:23:00,2017-01-28 10:33:49,2017-01-30 11:17:50,2017-02-09 11:07:43,2017-03-17,2fb246d1ccf7be8743d4a385db89cbb9,2017-01-27
489f6e3f33b0c5303c7f0c83f3ea8db5,4f53572a0b69b4bcb158ce76062be4cf,delivered,2018-04-02 14:06:57,2018-04-03 14:09:55,2018-04-05 21:45:49,2018-04-11 21:21:58,2018-04-23,0c3d4091777941c3c51a4408a3ec0037,2018-04-02
842e1880e0859a810c436d8576aab76b,992ff4367edf788b631d051cfd336b61,delivered,2018-05-01 12:07:08,2018-05-01 12:34:20,2018-05-03 06:31:00,2018-05-04 21:38:52,2018-05-15,078f93f1bb62cdaf1d78addb2ba283bb,2018-05-01
9fce4af6a15c3fa67e2ee1b52839d6dc,7e4b0829dda8a60be1eaeece2b9dbe51,delivered,2018-08-16 00:54:09,2018-08-16 16:40:48,2018-08-20 13:45:00,2018-08-28 21:11:37,2018-09-03,09605a03a6f90c9347a279e67dd07cbc,2018-08-16
747cce3ab1f2a36846e013700b93f0ba,07dc646e60f43f27c97c26888b7445b6,delivered,2017-10-09 23:27:36,2017-10-09 23:49:39,2017-10-11 15:34:20,2017-10-18 17:59:04,2017-10-30,c2a0eb5fcaddf44f7567f4dbd0da6830,2017-10-09
5d4aa068372bd9c8e056357446f19e6b,80f1da109c3348abf3ad13821c6d962a,delivered,2018-04-11 23:00:38,2018-04-13 12:35:29,2018-04-16 19:03:57,2018-04-17 18:36:50,2018-04-27,1579c33908bf3784b501d8f4014079f3,2018-04-11
985d0c0ccec26ad02366fa0039af6fb3,2aa2f3c52c5c2cd6473b38b6cfaa2708,delivered,2017-07-30 00:34:47,2017-07-30 00:45:09,2017-08-01 20:52:27,2017-08-14 21:43:47,2017-08-30,4e363e6d4fc4031b8c9f4430191e88e4,2017-07-30
d71ce9a8dfdd7b011e375b0d3b172e6d,aaddcd6d96a67efcc7a4f5121141a518,delivered,2017-09-14 09:25:59,2017-09-14 09:35:20,2017-09-14 15:37:37,2017-09-26 18:36:05,2017-10-10,f053ed40ef0fa5d5c8d6e50c125e9c1d,2017-09-14
8bf8a39f0859c5d00da3d27e8ef39d7f,68456c68418d85d923e94603959e8bc2,delivered,2018-04-29 17:11:58,2018-05-01 05:13:57,2018-05-04 14:29:00,2018-05-14 22:34:48,2018-05-23,6ae6900d06a60bd54a3f4abe432af382,2018-04-29
482c3ed0fe2eb68b316507e78faa6783,1ea6e83f3f7e635b07ff88693fb6e2b1,delivered,2018-01-13 09:45:34,2018-01-13 09:55:30,2018-01-15 19:28:48,2018-01-25 15:52:37,2018-02-15,a10b49b8e43355b8804f79c3a01a5277,2018-01-13
2459bca272ccc6f981f72bed1634255b,096b3232e0ebbd72be401f1ef095e159,delivered,2018-04-28 23:02:40,2018-04-28 23:15:14,2018-05-02 14:51:00,2018-05-04 17:12:02,2018-05-09,e3079fd8721d4e1d258e6c35b3ba89e0,2018-04-28
183d37c4e4e642bb223c42532298c6f0,d7f9a21f975d9f10081a6ba5ca621954,delivered,2017-07-13 09:08:31,2017-07-14 16:05:12,2017-07-19 20:09:40,2017-07-31 17:45:32,2017-08-24,cc0dcaa71d555618c00d37bf3672166e,2017-07-13
3b618bc550d4cdea4c9737ee75b61287,476d38de4beb6fa4eb5790c87aebcde3,delivered,2017-03-16 14:05:59,2017-03-16 14:05:59,2017-03-17 12:21:59,2017-03-29 13:22:15,2017-04-07,07bad5b1e0e91c68a35bc7efc680f909,2017-03-16
bb6366371ed9745cc3f7efea6940cf6e,0999d46493c50913867f47b39d5a1114,delivered,2017-08-30 23:18:43,2017-08-30 23:35:14,2017-08-31 20:23:36,2017-09-06 18:37:04,2017-09-20,46497b4ed83c7595a9c8849ae86e5392,2017-08-30
d566543182412210d24ad79aa1b4330d,f7f2f01ba77fa1b1466c30aed84e66fe,delivered,2017-09-20 13:27:33,2017-09-20 13:44:18,2017-09-21 17:08:58,2017-10-03 21:13:17,2017-10-17,1173f22649da8262e24cc715bc3daf98,2017-09-20
281bcc5174ebdbddcfcdc68322ee9527,7120f37eddaf23118bf763914cf31fa6,delivered,2018-04-05 18:54:25,2018-04-05 19:09:31,2018-04-07 01:42:30,2018-04-18 19:05:59,2018-04-25,fbb92e8f9ab09c4308326e54402326ed,2018-04-05
04198c2c90b3fcfaec75a836841dafe2,06a2924116558070913fd36d2b01039c,delivered,2018-08-19 20:31:49,2018-08-20 13:10:01,2018-08-21 14:50:00,2018-08-27 18:22:47,2018-09-05,d8b149991a6cff2088d31b0c3c419670,2018-08-19
b2a25b6f671017afa5190546ca5b89e9,1520225ce891e1d6768c68b12052d208,delivered,2018-08-21 14:52:52,2018-08-21 15:10:43,2018-08-22 14:28:00,2018-08-23 21:44:39,2018-08-27,23b833537a1b57f8e1233d20320885cf,2018-08-21
19ed69d3a61ae0fccfc6680129b94f10,a595f578686ca68144b97b847b289d2a,delivered,2018-03-12 16:30:22,2018-03-12 16:40:43,2018-03-13 17:26:21,2018-04-07 17:20:47,2018-04-03,a9582449371f15be7471d728544c18ac,2018-03-12
d0ec19bf3a898ff42bbe48cdc06bb7fe,b66cd04aca983b1bd853a326273d0481,delivered,2018-05-21 19:12:26,2018-05-21 20:35:21,2018-05-22 14:25:00,2018-05-23 17:51:51,2018-06-07,100d08e468b4c7427787b5db91042d67,2018-05-21
4000f82f3395a0f2a5ad6a4e32060a66,d487aa340a91e854f5108e5477f210b9,delivered,2018-04-27 09:40:53,2018-04-27 09:55:17,2018-04-30 11:18:00,2018-05-08 16:17:40,2018-05-22,1dcfe5a028fe9574a1b3c544f2a173bf,2018-04-27
0d0665d64b4dd1dae2ed97fa92509144,831f66f86273e58c41a61f27987bbc13,invoiced,2018-04-24 09:19:11,2018-04-24 17:53:10,,,2018-05-16,26dde313f45cda2d37668485a62d259d,2018-04-24
f1c7b00587039ff67fbfd21282067083,e3ebc2b191de8d9bc323e94f6f41eaff,delivered,2018-08-18 03:48:35,2018-08-18 04:09:31,2018-08-23 15:14:00,2018-08-25 15:46:25,2018-08-29,65012c428083737f5354bf9f14c47b87,2018-08-18
f73e50c9dd2f26840757a746b2c8cb15,0eac9f4329a924e1289b5451e1a0f683,delivered,2017-10-01 13:07:36,2017-10-03 04:28:27,2017-10-04 15:13:20,2017-10-09 20:55:10,2017-10-24,02beeff55d95ac493f904fb9cdb786b3,2017-10-01
d374b00ca864bcf61a03638e73cb744e,24e69f16d58f72c3cf950598399a16a5,delivered,2017-06-22 11:54:35,2017-06-22 12:05:47,2017-06-23 11:49:08,2017-07-03 15:27:48,2017-07-18,36b121a23a7d379ae011a58fd5404328,2017-06-22
08b4c64d698b84d3446b4198b9f27ef2,4fe1f12184b1d22b91608c08757d5f2e,delivered,2018-05-15 12:19:39,2018-05-15 12:34:54,2018-05-29 09:51:00,2018-06-05 22:58:29,2018-06-28,663b40289adae2333137d8db825cf81f,2018-05-15
d184b9c3e16c01c0507923c0ae50d1b3,e118e14ed443bc9e2ea96b5bbe09ab14,delivered,2017-08-01 12:50:41,2017-08-01 13:05:48,2017-08-02 18:04:37,2017-08-08 21:17:28,2017-08-23,69abb2ee87ff90e275add4e8fbf84ca0,2017-08-01
ca0b30de0e60967b91fd5366743ba643,fcdd6eb28f7ee1db301d1175f0a7b392,delivered,2017-10-31 11:15:17,2017-10-31 11:30:41,2017-11-01 19:12:23,2017-11-07 17:44:04,2017-11-08,049ac10f22b18d0a463429e2dfbbb353,2017-10-31
a966954fa1c451757b4d6c77946f9863,2f54fe23880698b37d980be4da8af756,delivered,2018-08-27 19:59:06,2018-08-27 20:10:21,2018-08-28 20:35:00,2018-08-29 18:48:50,2018-09-06,f88ad0b5577747e03336a8b806da6a1e,2018-08-27
700629e7c6ce5bf5a7a467f595d46b16,093d8d33d1d80c01f9bae154fc35488b,delivered,2017-09-14 10:57:49,2017-09-14 11:05:46,2017-09-15 20:07:55,2017-10-04 18:00:16,2017-10-13,d0699e3ea114a569e16c5538b549a261,2017-09-14
2ab2159c05ced98c935040d34ba5840c,751dbc90791ddaeead2e309fcca2f009,delivered,2017-12-01 17:22:12,2017-12-01 17:31:24,2017-12-08 14:57:04,2017-12-21 19:43:41,2017-12-28,e3f9e1770475aab1b6c1cf7be75883f5,2017-12-01
74d0656bd03c432ae4011b6c1dc97c09,11747a292c140f3903ae179efdc9b5cd,delivered,2018-02-08 14:50:47,2018-02-10 02:49:36,2018-02-14 17:05:53,2018-02-21 21:45:25,2018-03-12,70fefb4032093cd79e8bea645edd52b0,2018-02-08
bddbca2d48a961d74fe81de8febf9a73,0c90e2e49b87f3b84262ad7f6f7b11af,delivered,2018-03-22 09:15:32,2018-03-22 09:30:34,2018-03-22 19:41:48,2018-03-27 18:09:02,2018-04-16,fbed0fde7eb2b367863b9c434efe62a3,2018-03-22
8da93bf6304b1fbbb6ab15bb7644394e,da41a6aa006587987cde84876b62a097,delivered,2017-11-24 19:34:56,2017-11-24 22:57:13,2017-11-27 15:05:02,2017-12-19 00:22:15,2017-12-28,7edbc949aecddf459d369122349bd6ea,2017-11-24
299ae4512f5e613ac6ee6904cdd7daad,1a807507e8d4ea58f9937e4320aeb40f,delivered,2017-11-12 22:00:51,2017-11-14 03:35:52,2017-11-14 22:18:55,2017-12-04 18:08:08,2017-12-15,02de4549062c866411c4f35eb01a2355,2017-11-12
30cdf125a8d4f89d00dee4b9af9194ee,91923b65b54ca037b3bb73ea40de36dd,unavailable,2017-12-08 15:34:33,2017-12-08 15:52:48,,,2018-01-12,e1efd5b5683b645d0a8fc95ffe145781,2017-12-08
2eb826451c12016e8f5b7bb87060a39f,cefe068f60cf3cc1bee35207c6e0e876,delivered,2018-05-15 19:09:04,2018-05-15 19:36:01,2018-05-16 13:36:00,2018-06-02 13:13:51,2018-06-08,64fbdfb5f46d6a1b06841e62fafae3f4,2018-05-15
4634ad13b4414c83524f5efb0ef21a0b,7ef89752008fa8f8088ab2429ad7c17c,delivered,2018-07-21 23:21:15,2018-07-23 10:33:14,2018-07-23 12:39:00,2018-07-30 18:28:34,2018-08-14,7e49d5a69b6825991678c670e495f1b1,2018-07-21
5fb81ae5bda9580ad705d1ce97a6fa49,179b972815353a352428a0ebb6872793,delivered,2018-07-27 21:02:05,2018-07-27 21:15:13,2018-07-31 14:05:00,2018-08-03 17:03:32,2018-08-14,3efe4df288340c55425041192e0badf1,2018-07-27
24ab08aa37bdb1c03a90c988d368b850,a87042dd0e4de5e6ea62369bc379c88f,delivered,2018-03-20 17:42:39,2018-03-22 02:55:52,2018-03-23 17:57:03,2018-03-27 21:32:40,2018-04-03,2c7a802e0d32ce5642dd15228e54a475,2018-03-20
5151440ea2132efaa3964222d023b19c,6b79d860f52c6cc1b74140f8f7e790c0,delivered,2017-12-06 08:53:30,2017-12-06 09:12:27,2017-12-06 17:59:26,2017-12-16 14:21:58,2018-01-02,a54b7205fec227b09d408fb0540b5ac5,2017-12-06
c5012c7f101ca64cdb27a97dd7790af8,0eb39f4f40a683dd63f028cea7c9ff92,delivered,2018-04-02 14:47:05,2018-04-02 15:11:20,2018-04-04 02:58:28,2018-04-14 13:58:36,2018-04-20,1a2dc00176c3417843bf9d9f318a6573,2018-04-02
4fba4b6ba715a2a3c0c0d0f9cd561640,74395fb4810519fdb972dab7d83b97d2,delivered,2017-03-16 00:22:04,2017-03-16 00:22:04,2017-03-17 13:27:53,2017-03-30 15:00:10,2017-04-11,dd4862c74c3d3f406e043821d79ef6b0,2017-03-16
4a686b47e7eecbd136617bf8ae7c9af4,a5fe7ca5fb58c324b70067c651d35c87,delivered,2017-09-06 14:13:12,2017-09-06 14:24:56,2017-09-08 20:42:19,2017-09-18 18:47:32,2017-10-03,1430d94bf355873fe5b597f212ba02fb,2017-09-06
75979ee68f846e2cb2439240380d5291,31a1c5b7de452ef4df17b68fc97ef3f0,delivered,2018-06-26 01:04:08,2018-06-29 02:53:19,2018-07-04 14:58:00,2018-07-10 22:58:54,2018-07-31,3af098c2986aaecf3d007bd04c4218c8,2018-06-26
e5a58d1234244beda4f172c2e3711d11,2b8f9ecce7e141f30e103903e172c021,delivered,2018-04-13 09:38:21,2018-04-13 09:52:07,2018-04-13 22:21:23,2018-04-23 18:51:56,2018-05-09,9eeff740315964ab38c98babc464f0c9,2018-04-13
63a7f803612d7247f296ef6007668c5b,a717d4cccf6200ea92a5047cb00364db,delivered,2018-06-21 11:24:33,2018-06-26 05:37:26,2018-06-26 14:19:00,2018-06-28 17:22:46,2018-07-11,9824bf31431205c6c2e87f32c0fd0258,2018-06-21
29d81f9fcfa8f77ad68afa83d9fbf83b,6da05f4c39571b239acb72979c20bd71,delivered,2017-07-07 11:58:48,2017-07-07 12:10:14,2017-07-07 19:37:52,2017-07-18 21:09:12,2017-08-09,22d59fb14a6f83c307282e983523cbb4,2017-07-07
965e8f78c89b04c028a6713e589c06d2,5a92af0269b42d98e7343508638245ed,delivered,2018-01-04 21:40:58,2018-01-04 21:49:25,2018-01-05 23:53:39,2018-01-10 11:59:00,2018-01-30,db199a1ba473e541c93f0d11564079f1,2018-01-04
153b30f1bd286fb374792b9121ba0218,f800714187560129219abdd0c3e1ba54,delivered,2018-03-16 16:20:11,2018-03-16 16:35:29,2018-03-21 01:05:20,2018-03-23 22:14:31,2018-04-05,3da6aa0af0352042b86a7fb507c0ff74,2018-03-16
5fb62412231e7d147e00141ae5aa520d,e0cded978eee791030f8a3fcf22c7aa8,delivered,2017-06-08 23:53:09,2017-06-09 01:22:35,2017-06-13 05:44:28,2017-06-26 12:35:30,2017-07-07,32644e345e4828ae8dfa38c0663343e1,2017-06-08
a914054902523db41cb44dd114ef17ae,e9897d7b26b4ceaa2b3f07a0e4cddd98,delivered,2018-07-11 17:42:36,2018-07-11 17:50:15,2018-07-27 13:42:00,2018-08-07 22:33:48,2018-08-08,c88a78ffee02f40ceeb314786550b716,2018-07-11
e6bd0a7a4674d02e56b7a0515c991cc9,15bc7cbb1170241d34ff27230c88f023,delivered,2018-02-09 11:58:45,2018-02-10 03:31:21,2018-02-14 16:45:14,2018-02-26 18:18:55,2018-03-13,6ef326dc1bc04a8e63bce7e749279a00,2018-02-09
3a448a9bf5f166e9b374a1c9c30ee28c,9ee66854c0b8de8ad7b9b60da9f5fdf5,delivered,2018-07-12 21:14:28,2018-07-12 21:25:29,2018-07-13 16:02:00,2018-07-16 15:11:38,2018-07-20,346d91f707ed77bbedd42a739ac519a3,2018-07-12
4317fe882d992cda2fb3d51baeb2751c,fe3a61bdb29c2b230185ba088ac71486,unavailable,2017-10-07 11:51:46,2017-10-07 12:07:44,,,2017-11-08,a8c76e74260deff03fc0ca524a83d121,2017-10-07
89e02379eee525e09813dc8e5ba99213,dceda171b3a9fcb7eef3e274f6f2ac94,delivered,2018-03-02 16:18:46,2018-03-03 02:51:09,2018-03-06 00:23:05,2018-04-04 02:49:02,2018-03-23,8d5f799945d96f307c8726415cb4decc,2018-03-02
af6ed18f03a877659659ed9467c7cd9e,7ef43c3eb0d94e1f5e0a49b2f3bc34a9,delivered,2017-02-27 23:24:34,2017-02-27 23:32:42,2017-03-02 08:09:03,2017-03-21 05:25:31,2017-03-20,8405f731b36baec7dfc9501225f9b117,2017-02-27
9f3094cb22de642bf0c70a450cdffbf3,313b4ca0c1c07a7dd244e0c9285aecac,delivered,2018-04-23 19:13:08,2018-04-24 17:12:18,2018-04-25 08:59:00,2018-04-30 23:56:39,2018-05-15,c94cc56f7dc63e944f6478bdc5eab4e4,2018-04-23
ab6c2b531e877fad84a31aa845bc9345,2d22c3443b414e440199863946b77c05,delivered,2018-02-07 13:14:43,2018-02-07 13:30:12,2018-02-21 02:48:50,2018-03-11 18:42:37,2018-03-08,4d1fe8b6f5e9ee044a14467c8b2832b6,2018-02-07
0b01066982af6f2681ea9b0169f0d987,b6468b4d8c27698cc09468fa3efa39d8,delivered,2018-03-19 16:06:01,2018-03-19 16:27:19,2018-03-20 17:32:04,2018-04-13 16:47:01,2018-04-06,40bb6e4754ff5f9199f857e146af0cb5,2018-03-19
024554aeb0da84476f1c31a711e0990c,ed5ec5a2659505eb7eb931b0ca57a870,delivered,2018-04-18 14:22:18,2018-04-18 14:35:14,2018-04-19 18:58:27,2018-05-04 17:11:41,2018-05-14,887826043ad269ee33e87d1886e5ed5c,2018-04-18
b012f20bfa8d71028da47251f0201d6d,4c77d8983049548558beb913d9de38ba,delivered,2018-03-26 11:53:31,2018-03-26 12:10:39,2018-03-27 00:19:52,2018-03-28 10:29:01,2018-04-06,54b1e10e822b9b303d8ef8845cc3901d,2018-03-26
28af310ca56736384bc8833117dd048a,17d5188e44e02cae416bb7b537d6b2d8,delivered,2017-10-21 09:57:12,2017-10-21 10:14:17,2017-10-25 00:55:02,2017-11-03 20:47:32,2017-11-23,e17e78316ef8bc0ab2ee6bb087cbe61f,2017-10-21
6637722870b88cebb4ab988aefcd1115,82483eb0f6d24111bdc5a57ccde9219c,delivered,2018-06-15 15:53:06,2018-06-15 16:19:32,2018-06-18 12:59:00,2018-06-20 15:33:17,2018-07-03,221307c4fbd9b8763b52ae5cb3384e1c,2018-06-15
a5f588c27a89f3717988ca093e02ba3d,3d548ea6abcd37bef66b58e1360ff8d5,delivered,2017-12-04 16:29:28,2017-12-04 17:50:53,2017-12-09 00:04:15,2018-01-13 01:13:42,2018-01-08,55a36ff7f14abc01688647c613b35836,2017-12-04
b30a6793df66beef3870b532c09dee15,b2629c666c20730e5adbb121d2b95d3a,delivered,2018-04-12 22:27:23,2018-04-13 22:29:55,2018-04-19 17:47:22,2018-04-28 01:16:47,2018-05-08,d1b2aaaddb6a86f61ff2a8dd84be726f,2018-04-12
655d3e557522f80b4384eebaaaae9cda,7632846a8baca18618e6ff9782b01d15,delivered,2018-05-03 10:39:55,2018-05-04 08:31:01,2018-05-03 14:30:00,2018-05-07 23:18:41,2018-05-21,fcf2ba2ef07129a980503bbbd46168e7,2018-05-03
49b54766a6cd815e2922e7be61248254,f860b285bf81969c1666f94b03d1c697,delivered,2017-08-02 09:49:20,2017-08-02 10:05:24,2017-08-02 19:40:21,2017-08-10 15:28:03,2017-08-22,8ec41fc3338981457991774ae5e07ebf,2017-08-02
191988c24e4be4ee259d26b443408e3f,12e5b6a1bdfead70fa5896471f3e2878,delivered,2018-02-05 13:14:03,2018-02-05 13:31:01,2018-02-06 22:58:20,2018-02-15 17:25:25,2018-03-01,68d913372ccd280d375c4f5861eaf241,2018-02-05
d07c50c53231a42008862d777b261ff2,22d1ef39066f0ba1bace4f31e209d5e7,delivered,2018-03-23 17:32:32,2018-03-23 17:50:35,2018-03-27 05:02:47,2018-03-29 16:38:41,2018-04-12,43941f33ed232fab3edca66699e4d287,2018-03-23
c6b0cd5c0d74a8a96dfa152ec3159de4,ab4c36291b60116e8ecf34ffd666efaf,delivered,2017-10-13 14:31:57,2017-10-13 14:51:12,2017-10-16 16:14:55,2017-10-25 18:37:11,2017-11-03,8bbbe9dba580184aae1b7375edb53a7b,2017-10-13
f815bf37321904e2cda00a23ff393755,6acd2975c9703705ef8376ddda961d3c,delivered,2017-12-03 12:22:57,2017-12-03 12:33:15,2017-12-05 00:08:59,2017-12-26 22:35:32,2017-12-29,f74255179687a017b247e9bfac98269f,2017-12-03
482a1889c0ee222f26401810f8b09c4e,5882971fcbfa7d9140525ded90c57806,delivered,2018-02-05 20:00:59,2018-02-06 05:31:43,2018-02-07 00:15:36,2018-02-14 20:54:43,2018-03-01,d285e30b1c07b0d638fa702f30420038,2018-02-05
43f08913407cac4e74a898d968e58c1a,fff7466a253c0e59499ea943462c10f9,delivered,2018-02-14 13:22:12,2018-02-15 04:11:01,2018-02-15 18:55:13,2018-02-19 19:44:52,2018-03-07,1b6c7548a2a1f9037c1fd3ddfed95f33,2018-02-14
66c1172ab0ddb605d4012ce1d4339ffb,beeca1dc645ce7cd996e0db5978cab77,delivered,2018-07-21 11:05:03,2018-07-21 11:24:00,2018-07-23 10:43:00,2018-07-30 22:18:47,2018-08-13,accd43278507145b2e40b2a8010e7223,2018-07-21
e897baf305827e390802ae23c1109c78,e0f84836f98cb164d886dadb9d924f1e,delivered,2017-12-30 14:59:23,2017-12-30 15:09:19,2018-01-02 16:49:01,2018-01-17 15:28:51,2018-02-01,e541da79e03f46ae13e6bad9d4b9ec08,2017-12-30
6a152f5684d235853de99a54ee7e8065,5d40512265ba0d0674b70be65b892a1f,delivered,2018-04-16 20:15:53,2018-04-16 20:51:35,2018-04-18 22:18:34,2018-04-24 22:32:28,2018-05-14,beac2ee5c2c9cc2f3a1c16c50ab73fda,2018-04-16
19cfcf45fc399af9d3e9d1d98638997b,a1611dd64649bd4c6ff1de1b4b5fdfd7,delivered,2017-12-18 13:51:17,2017-12-18 14:16:17,2017-12-19 20:37:06,2017-12-28 20:18:41,2018-01-16,45582c7de3129a0aeff8e5e2bf045d48,2017-12-18
a7abe735fa002a72636ab38fcac70330,10ad09201fcc1c82d181ff7234bcdb3b,delivered,2017-07-21 01:12:34,2017-07-25 03:45:30,2017-07-28 18:07:39,2017-08-08 22:16:44,2017-08-24,94742cd1fbac9146be7e2a139b63e13c,2017-07-21
f556110e0144ed7b7aac2a78e2c12000,0e880625f64ca2e55ff575a237241203,delivered,2017-12-11 15:53:54,2017-12-11 16:12:31,2017-12-12 16:17:12,2017-12-27 20:03:12,2018-01-04,aaf032c4b75b0e185a4b2ac3bb5d502e,2017-12-11
461b8a4cb347a9be3d42546de69edbb9,b755e5e8fbe50646f3967c491bbd9c62,delivered,2018-08-20 22:29:55,2018-08-21 19:25:13,2018-08-22 14:38:00,2018-08-23 20:53:44,2018-08-23,742d11444e35206112494bbba88ab1ae,2018-08-20
6737b4702ad9d1cbf37d635bc06bf77f,7831574abe9d10729b37f90b4593a12f,delivered,2018-01-03 12:37:22,2018-01-03 12:47:13,2018-01-03 21:54:16,2018-01-05 17:59:31,2018-01-19,fac50561086dbd95196e0182901b095e,2018-01-03
9e4e44e1a6c68a8d59b97d5e6c241974,4397fbbf97a324dc3b0616f4b67ce757,delivered,2018-02-20 13:10:09,2018-02-20 13:48:17,2018-02-21 18:34:19,2018-03-01 20:42:25,2018-03-28,526702b617eaea06b94a93af17ad720c,2018-02-20
c6f44ba4b2b07a646635d107f3b88100,eaae32a3d066609f7783b36861c7a133,delivered,2017-11-27 21:24:09,2017-11-29 02:22:34,2017-11-29 16:51:58,2017-12-12 19:51:50,2017-12-20,c471cde4de85d1c324999c5c94fa9a0b,2017-11-27
03b31f549c27d03bed25fc42ddb46138,cd1822306d5e43d356c576efdc0eadf1,delivered,2018-06-12 10:17:58,2018-06-12 10:40:22,2018-06-12 11:17:00,2018-06-14 19:22:05,2018-07-03,b0c3cd877e81291a25eb0be8b1919458,2018-06-12
fce0844e8548aed6d329fd798f4937a9,1a2c73ee774d8e6701caa7e397236023,delivered,2017-03-10 13:15:23,2017-03-10 13:15:23,2017-03-15 12:27:59,2017-03-21 14:37:45,2017-04-06,35951de17bd7b3325df5c476840fae0f,2017-03-10
19d1809c243d4f58dff4ffbc74edecb8,0d6d2c90ade77f539cef9aa4f28dc45f,delivered,2017-09-03 10:19:35,2017-09-03 10:30:12,2017-09-04 19:12:19,2017-09-11 18:06:45,2017-09-22,d0b24c80373e3a7aaf0d668738a34937,2017-09-03
8385fe258f97a33bb6ef40c70db6a4a7,7bac7a7b4852a237a367c40a9042437e,delivered,2018-02-02 13:53:43,2018-02-03 02:54:09,2018-02-07 23:55:29,2018-02-27 15:19:23,2018-03-05,07ffc0a2aee8f8f50a47b9a4787926d3,2018-02-02
af93e16ddf586c99d807b5b6a68903ac,e4382ec62fc7e2f00f5728c2a5395c11,delivered,2018-01-04 14:37:29,2018-01-04 14:49:26,2018-01-08 16:45:04,2018-01-12 23:02:54,2018-01-29,61ba9300de4f65dacf5282ad4aa3720d,2018-01-04
e21f9ce5061dd5af2d7ba49338c286da,d3d7b1d2f4b9cf8721881aa0476a9e3b,delivered,2017-08-30 13:04:48,2017-08-30 13:15:23,2017-09-05 19:04:50,2017-09-12 21:54:48,2017-10-13,af1020711ed5210a7cd8681262848eca,2017-08-30
71c8043c2b2900e423ad544aa00bbd8b,5601b281beccd2bf675238c59d20a7ad,delivered,2017-10-08 15:43:04,2017-10-08 15:56:17,2017-10-09 14:53:22,2017-10-17 18:02:27,2017-11-08,8c90324e90c524d7160d76eb61fb2a40,2017-10-08
32751a5c3421cf9ebf41c8b2d0d07634,91bc4ec703dd6f90ae1da3258f10fe6a,delivered,2017-08-21 10:26:18,2017-08-23 02:51:04,2017-08-24 16:29:54,2017-08-30 18:15:09,2017-09-27,12e60c0e800cc66349d537d7ea879bfd,2017-08-21
9cfff951160cff8164e3eb826dd83dd8,1dfa1a2723edcb1ad5acd5f9f9d52e8d,delivered,2017-05-05 13:26:31,2017-05-05 13:35:12,2017-05-11 09:58:47,2017-05-12 15:03:27,2017-05-26,7a2d8bd01b6a70525547ece60da48fc3,2017-05-05
194a26fbbb1b4e83fa0b65aaf22d99c0,76a7939eae2e618a29876360ad42fe97,delivered,2018-07-30 12:58:51,2018-07-30 13:10:15,2018-08-01 13:36:00,2018-08-02 22:52:42,2018-08-07,ed6923bff4d0397e4f5bb4b64ec97b85,2018-07-30
f3696a8355ea6d1732f4265a3383b707,57ff3f79dcde1202fed030360942eeef,delivered,2017-10-27 11:46:30,2017-10-27 11:55:26,2017-10-27 20:23:14,2017-10-30 17:54:47,2017-11-06,e74a66b4b4bed8696026a6c260485b7a,2017-10-27
1d309784fd7cb2fc8c74ef03c942426c,5bf6f88da53b511b378e287c0d50b94c,delivered,2018-01-27 10:24:36,2018-01-27 10:36:23,2018-01-29 23:54:57,2018-01-31 21:12:07,2018-02-14,7108c2b8b62f2855e7a6570ba2fb9b39,2018-01-27
7c95572fd6e7e0ab8b88b00fd8c70716,418af5f91d6a47660e62a208385edac5,delivered,2018-05-25 21:31:30,2018-05-26 02:32:06,2018-05-28 12:35:00,2018-06-05 17:02:56,2018-06-19,40cd95d9c477a8fa94e9fac953444150,2018-05-25
30e92ef45b77af51660f221fbb2b94e3,4797bfa237248c34496edfc436487fd0,delivered,2018-01-12 15:25:13,2018-01-12 15:36:35,2018-01-15 18:46:48,2018-02-08 22:44:32,2018-02-14,e145ebbcbad4ee4dc97b8d9805b13c87,2018-01-12
a75f9d41f99d675f35ab8b90b2dc9b2f,2299f339f282db1423e54ad4155e00e3,delivered,2018-05-27 20:45:09,2018-05-27 20:55:11,2018-05-29 13:28:00,2018-06-14 14:51:12,2018-07-16,baed8b5a940b57b851c4b8df8308bec0,2018-05-27
b34e44cdbd34bb4655d2cfe52d3f31e7,9da68c26e694013eb8889cd0a24e3729,delivered,2017-10-19 09:54:51,2017-10-19 10:14:10,2017-10-20 15:08:44,2017-10-24 18:57:05,2017-11-08,8c52f6be11b2c9c54a51d79e23e214df,2017-10-19
2d23b7b75beee56569dff3df10d61495,e7a2035a508f9bddf360fb884b9538de,delivered,2018-01-22 23:34:00,2018-01-22 23:53:06,2018-01-24 22:36:37,2018-02-06 01:35:52,2018-02-19,9646f9a3dfd2aa3e1cd8f0d1162e0164,2018-01-22
db6c3bec472f764bd426b77171342ce6,417c7df70d52762bbbf1907911c901cc,delivered,2018-08-22 14:08:43,2018-08-22 14:24:38,2018-08-23 14:02:00,2018-08-24 13:53:45,2018-08-29,d9d293390bc78577294b1d8e5864f13f,2018-08-22
88e06e052985636ec90e5e7337150b62,1fce339685dd69089aa782acc947f328,delivered,2018-05-07 22:09:15,2018-05-07 22:34:27,2018-05-29 13:28:00,2018-06-12 18:09:24,2018-05-30,970cab2431fe3ecdba987b0a2a5c54ba,2018-05-07
9f18089ba7e24ef00e1c99eabd999fc3,2829a3dd603908f41a39329a5f5daa9d,delivered,2018-05-31 10:45:51,2018-06-01 10:52:18,2018-06-01 11:50:00,2018-06-11 23:28:47,2018-07-16,9fa792e0110faa073e44deba7a8f45a8,2018-05-31
0d6c779c3d8bec09f198a52ff310ae7b,c0c3f5f994889fc0cc3c69fcd8695cba,delivered,2017-05-21 11:36:14,2017-05-21 11:45:10,2017-05-22 15:45:23,2017-05-25 12:52:38,2017-06-14,cfed5d3c5d5d1396863cc5842f3952d0,2017-05-21
967ed7a1aa1d6b190c903a3daa815f02,058abae409b8feebc30f284da465a1ff,delivered,2017-03-05 15:51:55,2017-03-05 16:05:12,2017-03-06 14:41:12,2017-03-27 14:12:33,2017-03-30,61d6e3e6f112347f587c586ae6819af0,2017-03-05
47252c5b9ec88c714460e3e34fb08d5d,e8f957324bc3abb0d6af1642f06d3476,delivered,2018-06-11 12:48:52,2018-06-12 09:37:25,2018-06-11 14:49:00,2018-06-22 19:48:30,2018-06-28,3195d6c23c9f61b0bcfae41d3fe8a3db,2018-06-11
fbd8e4b53b733986be42e401224bd99f,26f58d252e67e195ac5c4cda3c7c065f,delivered,2017-11-11 16:16:37,2017-11-11 16:48:41,2017-11-17 20:58:24,2017-11-24 21:56:46,2017-12-08,d37d40917018692928253d2f015ad566,2017-11-11
b0f7f772e95fb0f8845c40700290a813,0123eb191c6ac1d113dd16c4638cba8a,shipped,2018-03-16 19:19:49,2018-03-16 19:30:35,2018-03-20 23:16:18,,2018-04-09,918e31f72426c3202b507286882b7e6a,2018-03-16
29acb175de2a4da2b456200329d0f5ca,830fada6ce508f4799c9c927fed6acd0,delivered,2018-03-31 18:26:48,2018-03-31 18:47:21,2018-04-02 16:52:12,2018-04-09 18:47:55,2018-05-11,84e6344dba04579fafbfedb7e49957ec,2018-03-31
dfcdf23e1d25c70a86ce04d0659e85b0,0a53171e0b4c26a01456fa4defeac4d5,delivered,2018-03-15 14:16:20,2018-03-15 14:29:52,2018-03-21 02:49:49,2018-04-06 18:32:20,2018-04-06,3798f7b8f9b84c2789776972b9b5ec3d,2018-03-15
797537628c3c851dcbc329039f6a37f3,be85413da1f0a4162e820af847044451,delivered,2017-03-03 22:06:49,2017-03-03 22:15:16,2017-03-08 13:39:20,2017-03-14 12:04:00,2017-03-28,7466f7cdd2b578fcb1165a85e892ad9a,2017-03-03
58dfbee60e4d1073dcfe6f7a9d8f6043,fb5984b299eb1ae66a2f6725317a495c,delivered,2017-08-29 14:29:07,2017-08-30 02:11:20,2017-08-31 15:18:29,2017-09-06 22:21:26,2017-09-19,3b41d1486c7683be1119e9e6a21832c6,2017-08-29
a9d9773efe0a981195d2861250cff4d9,2c013df1a8a89121941f3a943467ed1b,delivered,2017-08-21 09:43:30,2017-08-21 09:55:12,2017-08-21 19:50:01,2017-08-29 18:17:56,2017-09-19,57d10094c3601410c6c52853ae525498,2017-08-21
d58096e42e1aaf58b8521e8f8b4c20dc,39684b5ab3bb61a36e8b8df9ddbc8fdc,delivered,2018-08-15 00:00:48,2018-08-16 03:30:19,2018-08-16 08:12:00,2018-08-21 21:59:41,2018-09-10,a1d41a7e48b180342a85b93115f4263f,2018-08-15
7a242c07bdf25150ab522513760d6b8b,9b2989700b8108d4c0715892fdf6c5f1,delivered,2017-10-12 18:21:03,2017-10-12 19:00:09,2017-10-13 18:33:04,2017-10-20 19:38:34,2017-11-06,9eedcaf541a8a393248b2017afecf694,2017-10-12
66d105a8f0f6727acbe752b4da6f29ef,218053c7c5774b41b40b5a9060b32ae6,delivered,2018-08-21 09:12:03,2018-08-21 09:29:46,2018-08-21 13:38:00,2018-08-22 23:38:15,2018-08-29,b4bfffe1fcd1f298ea8c011b2ee348ae,2018-08-21
940531f218fb31bd68ef02fff1ff1ba3,47a7c258eb660fe125450609908df44e,delivered,2017-09-13 18:42:38,2017-09-13 18:55:12,2017-09-14 20:57:37,2017-09-20 17:27:10,2017-10-06,0eda70ee0a5a968a8371d95328de0c21,2017-09-13
0d249476ca7de9b29cfa25d9bb8f3e05,8b2d170dbcd7c021894363e06a537ded,delivered,2017-07-17 19:23:32,2017-07-18 06:15:30,2017-07-18 18:42:05,2017-07-24 21:42:42,2017-08-08,1b772475c7d9424ed5d14802592e429d,2017-07-17
3712671af76fe8fa80631e4407cc6ab1,4ada596bb18a812d50553dc2ecdda9c2,delivered,2018-04-07 17:55:10,2018-04-07 18:08:19,2018-04-11 18:48:24,2018-04-13 19:25:36,2018-04-19,87facbc3109d4c7b5d0448b1b08c1fc3,2018-04-07
4a7c656f502a83b8faeb608f3f1f9f46,255c041f7b60aaa59082d0cada63327b,delivered,2018-08-21 15:53:53,2018-08-21 16:10:38,2018-08-22 13:52:00,2018-08-24 22:17:46,2018-08-29,5e55dde40568204a0b11cb09f2c38c54,2018-08-21
986581ef421476a1ff5edb2d73327d66,57c3c8f5054eb2f22d20d24b9152686d,delivered,2018-02-21 09:37:53,2018-02-22 02:15:45,2018-02-22 20:07:30,2018-03-09 20:02:49,2018-03-15,6393febe6679688b51fdca92cc1b4fa4,2018-02-21
2200d7d4069cfe22127c053c75a26c17,395bd5caae43625482932bc5d721e0b4,delivered,2018-03-16 23:02:34,2018-03-16 23:10:24,2018-03-19 22:14:29,2018-03-29 00:05:01,2018-04-09,7b4fe29e3d988de4807aa54412e18366,2018-03-16
a5803df1ae0cd16429a109eb0514ddca,a1f1dc35609214187b96314cb20398a2,delivered,2018-01-23 09:53:11,2018-01-24 02:53:08,2018-01-25 18:39:09,2018-01-30 18:11:31,2018-02-16,ff5fee5ea06a350eb0e9f1fd59776f8e,2018-01-23
7a301f27a543e77e6176456966c66e2c,af0e6274ccd5c8e86d40f945841f0cd7,delivered,2018-03-14 17:41:52,2018-03-15 03:31:31,2018-03-17 02:16:46,2018-04-05 15:18:33,2018-04-02,c15943786728b1283163a2cbbf62d565,2018-03-14
0f3f49e2316b72f49e23fea6ffaa2371,f5785e549589eeb67c8b89fd0702e09b,delivered,2018-05-12 18:07:23,2018-05-12 18:35:55,2018-05-15 15:34:00,2018-05-17 09:09:24,2018-05-24,33ae340b3747919723bf7f1163dbc21a,2018-05-12
6d0ee01ab8a73e07883af627b8cbdff5,3e030b5583bf176a11742af18c4f545f,delivered,2018-01-12 09:57:45,2018-01-13 09:50:24,2018-01-20 01:23:04,2018-01-30 19:51:52,2018-02-16,9973f66572e8b080eff0a6e5085b1d8b,2018-01-12
6593a7ca55b089cc240f79d582e3300a,eeaaac21f40da9814f3b09b3829fb4e9,delivered,2018-04-22 13:43:01,2018-04-24 19:24:33,2018-04-25 02:24:27,2018-05-03 18:43:50,2018-05-24,c80e8eba85e03db9cf73f0ed349d18bd,2018-04-22
fd4c1cc6d742f00dee7633f6a72cbe60,bb5815831c084a7c145611052d8063b5,delivered,2018-04-06 08:25:45,2018-04-06 08:35:16,2018-04-07 01:25:41,2018-04-20 17:14:36,2018-05-08,6d5bdbc8e32dd02fa1d2fa4250625af3,2018-04-06
0df040f84e5295f7894177ffe53850b8,42b174e403eafb280aa18324cf21ca5e,delivered,2017-02-05 23:05:28,2017-02-05 23:15:11,2017-02-08 11:05:19,2017-02-14 17:05:24,2017-03-15,3f28cbc63a1569c51f2fcb7a691b03f5,2017-02-05
282c9fe1ed7aba574f1c0e75ca7fff30,7142a9aefd6e1611ce523421b1a2b807,delivered,2018-03-25 23:44:42,2018-03-25 23:55:32,2018-03-26 21:58:48,2018-04-04 12:17:30,2018-04-12,fd9d893df62a275c0c41c8593923febf,2018-03-25
e8f1e6bc58ce50eb224d5ea7408a88c0,455af6f8ed15501f63e2ca8dbe6f37a0,delivered,2018-04-27 11:16:21,2018-04-28 03:11:21,2018-04-30 12:42:00,2018-06-11 09:46:28,2018-06-04,22eb525ae51d50702a0529b1aab62316,2018-04-27
83b3ec68c2f23b553f392eab2bbcc07c,264309a71b792b40150ec69524c25603,delivered,2017-06-30 15:28:08,2017-06-30 15:35:13,2017-07-06 15:22:20,2017-07-11 22:09:41,2017-07-20,66350a169302276ecc95167365b44a54,2017-06-30
ccf15697e8a9c460dd3bab4f04270c9b,32599113e562d6ae53ad21e37b74e748,delivered,2017-02-06 23:01:32,2017-02-06 23:15:09,2017-02-16 09:37:13,2017-02-21 05:51:46,2017-03-03,e0c0a40e824847b137134f36488d2731,2017-02-06
e32049d31df0d952f7a6f6d8243b554a,020781297fe6482b10c41bd7a105d508,delivered,2018-08-19 22:34:18,2018-08-21 05:09:40,2018-08-24 06:38:00,2018-08-27 19:18:57,2018-09-11,d999f31460508136a293f6d71c87e5f5,2018-08-19
dd17bd5a29df3e2c3ce7e66feaa2a323,88c7c3fe6f1048147fbeac2c26cce3d0,delivered,2018-01-19 15:17:20,2018-01-19 16:06:30,2018-01-22 19:13:43,2018-01-24 13:09:48,2018-02-05,7fa04dfbc22880710a5b2cd2319771fa,2018-01-19
970a49012cfe41d81bfd4593b83ce4a5,9f58c2264554208dac8a1f913c9e723a,delivered,2018-08-15 15:12:34,2018-08-17 03:29:49,2018-08-22 13:58:00,2018-08-28 22:32:27,2018-09-04,8af05f9f21aa83ea29eb90d9cbc3c996,2018-08-15
ed95597d2fd96ad370b62bbfc4b6127b,e19a899f07d511c22b9f865432a6316b,delivered,2017-03-21 15:16:17,2017-03-21 15:16:17,2017-03-23 10:04:29,2017-03-31 11:13:30,2017-04-13,5df1ac0435f455a487ee63a856552e1b,2017-03-21
622997993a84db3955ea0b62e26dbbe0,ace2905b64ec3b4a329b06bd8e7f5c7f,delivered,2018-08-16 21:27:43,2018-08-16 21:49:08,2018-08-17 14:46:00,2018-08-22 21:14:38,2018-09-03,189695385be9c98b90ddc8d84aa7ce36,2018-08-16
bf970de78f9812577f8bc51197b05942,94ac84bc898f972e862ef42c86ee39ea,delivered,2018-01-08 14:23:33,2018-01-08 14:35:24,2018-01-22 19:06:13,2018-01-26 16:33:28,2018-01-31,78110b00006c6033e83ec0e79ade3081,2018-01-08
942818fe0196e1b31017bffb40c048ba,40505a7ba5cb60766eb5fc4d8f696e45,delivered,2017-11-11 05:58:30,2017-11-14 03:47:11,2017-11-14 16:46:54,2017-12-05 15:48:41,2017-12-08,26c48996867a67d2d6d1df9dd5e00ec8,2017-11-11
909ce3d871943ce8d15d444c69c3139e,227026e1df8b4b1b33c013b861963c0c,delivered,2017-11-21 08:25:04,2017-11-21 08:32:24,2017-11-23 21:28:52,2017-11-30 21:53:01,2017-12-07,451be42eace46870fb5f8286c64a19d5,2017-11-21
eb4a0e0fa996c4a0815f6ac1347235d0,1d8f3c5d0759db03afe25fa508ba5f26,delivered,2018-08-19 10:23:19,2018-08-21 05:09:40,2018-08-21 13:44:00,2018-08-25 16:24:32,2018-09-03,b30cd8a695de2e63c59e9ba268407e8c,2018-08-19
38d1046513a150583e3f00f86212d3c9,7061d2e62a73ce636ed693a6a3acb65f,delivered,2017-12-12 20:58:29,2017-12-12 21:11:31,2017-12-14 22:19:32,2018-01-11 22:49:18,2018-01-09,dd6ca4bccbd21803d32139af5b908fd7,2017-12-12
fc3aa05d6850a6420531377b15473f98,6ba6cff11767c3af78bebf58fe6e6cba,delivered,2017-08-28 19:47:20,2017-08-28 19:55:25,2017-08-29 16:58:14,2017-08-30 22:16:50,2017-09-08,56ddec1a91f89120aad2a3d0c4fa9d58,2017-08-28
49bd813b3976d7df68484922185f646d,1e963b5f838512cd33a77e603b7098fe,delivered,2017-07-04 07:43:46,2017-07-05 07:43:39,2017-07-06 15:06:51,2017-07-24 20:17:34,2017-08-07,a24f58c1677245a026f0c065992a42db,2017-07-04
f6605c7ac6582925cf6ccd0456d96600,6ca2c0135ddb8728d2864aecd22b4d79,delivered,2017-03-25 01:33:49,2017-03-25 01:45:12,2017-03-29 06:43:03,2017-04-03 16:20:20,2017-04-13,9aaa58547a3afbd11e2b63af4770f688,2017-03-25
9ff4440ee0d71eac7b46592220856401,4b8718a47c281689b7cbb3cd0d606321,delivered,2018-07-16 12:44:25,2018-07-16 12:55:28,2018-07-16 14:29:00,2018-07-25 00:02:13,2018-08-07,043a01cff21e0bce3a77a16d6ea14923,2018-07-16
6f95997d009a6c89f18029f779a6de56,d0059e82d12bd59f23e4e09b322e8d57,delivered,2018-02-05 10:16:36,2018-02-05 10:35:36,2018-02-05 20:12:25,2018-03-18 16:19:43,2018-03-06,ddf6b5e5b8bb27ef61ddd976e9b3e37e,2018-02-05
8fb030b413de395dcbb7cb1a3c9b256e,b097036ec194b8151f619fe933161b3e,processing,2017-02-12 00:02:36,2017-02-12 00:17:20,,,2017-03-24,8ad3de005f848b9841cd3be326af3a7c,2017-02-12
783853100b128eb725caacc60409e475,ed8dfaef8250037ed52b478b91870815,delivered,2017-11-21 20:25:27,2017-11-22 20:29:20,2017-11-24 22:13:09,2017-12-04 20:34:50,2017-12-12,2d412c55a2fb76361ba53afa14b9f46a,2017-11-21
e2bd28bec2c4b78b6b39dd0cda08c177,621be08f9f1ed3b58ff3cf357bd45b5b,delivered,2018-05-10 11:12:01,2018-05-10 13:15:22,2018-05-10 15:00:00,2018-06-07 14:08:39,2018-06-05,79d8f35342ecea70787117a8861368e5,2018-05-10
7e90eaf88da7fea3fb251e0979bfc22a,b61abf2a73a3ef96dc65602e59d7f51e,delivered,2018-08-08 20:27:07,2018-08-08 20:44:53,2018-08-14 15:03:00,2018-08-20 13:09:47,2018-09-06,4d79dc7488d0c0a6af048c5dc363e2cd,2018-08-08
7658df283ca8d2e1a258dfc456fd4e74,33a67985c1fbd0aecd11cf44128a27fa,delivered,2017-07-06 11:05:31,2017-07-07 11:15:21,2017-07-11 17:22:20,2017-08-02 22:19:35,2017-08-07,17b94b9317f9b0102f4eace63fbb193f,2017-07-06
95c5d1b9ef8c0cfe5851a7e8130b66db,80f248b141558614b2049ce6d47a13d6,delivered,2017-10-22 15:57:15,2017-10-22 16:14:45,2017-10-25 19:52:29,2017-10-31 18:54:42,2017-11-10,bed61eb682075f1126ad0dff626926a0,2017-10-22
cf0e7f7b96ea1d2939d084ae7b99f10a,f844205b357197a0a7a2f6937527d33b,delivered,2018-05-08 02:09:32,2018-05-08 02:32:01,2018-05-15 08:28:00,2018-05-16 12:18:32,2018-05-23,3c5cc98c5d66e9df468a1149cea5db2f,2018-05-08
22f963cdff9b03259d2eaeb9a023a526,8312052fb72da6debe8ca86d2c34d29b,delivered,2018-06-20 16:52:18,2018-06-20 17:21:17,2018-06-22 12:48:00,2018-07-06 15:18:20,2018-08-14,c9c45784680f997e4c30b3e48516f71d,2018-06-20
7246a71d326111872bfdfd34f495dc4f,dd0363c540365a85947c570c8780864d,delivered,2017-03-01 11:52:50,2017-03-01 12:10:25,2017-03-03 07:32:23,2017-03-13 17:03:41,2017-03-24,012510db7f0db8481f8a3708400c8db9,2017-03-01
da7b8d3f7de2b64a8d4f6d59b36159a7,cb98a3bff07a4b78b45ad0fe5a17fb1d,delivered,2018-08-04 16:32:43,2018-08-04 16:45:09,2018-08-06 11:56:00,2018-08-08 17:36:39,2018-08-10,1f384d009ea1f061ecdf85fe6838173a,2018-08-04
94bd479cfab3bad689dc1f08ce0b9b55,22d5be61dafc3c329faaeb1867dee132,delivered,2018-04-01 22:16:25,2018-04-01 23:08:33,2018-04-04 23:41:26,2018-04-05 15:54:31,2018-04-13,b3c80916d91d2b4773aa20445910efc1,2018-04-01
f2933e4d8f850da97ab10a79953c0c8b,0da23baa8866f63cd877a5c1e231f346,delivered,2018-05-06 06:44:41,2018-05-06 07:10:04,2018-05-10 14:00:00,2018-05-28 19:52:24,2018-05-29,bc51a138200e5b50efd356b21a60ff23,2018-05-06
2d2ce74a9a75fd5144160b74f0d536cc,bace2486c82812b65455b41d7a8788d5,delivered,2018-07-29 18:32:14,2018-07-29 18:44:12,2018-07-30 14:08:00,2018-08-06 10:47:44,2018-08-29,51d368d03eceff9882c5870827f9ce0e,2018-07-29
fc3d33c41b8d6238db849297f3e51555,65b3f761eb01cbddcecd17bed07b5a19,delivered,2017-05-16 15:18:56,2017-05-16 15:30:21,2017-05-17 10:59:50,2017-05-22 13:07:49,2017-06-06,161fc09d75f50e34713b9c971bc126bb,2017-05-16
bf1972c220f071324a3032cb351479b2,787f528eec3152f3e24739e172fcffad,delivered,2018-02-07 14:42:31,2018-02-07 14:55:42,2018-02-07 23:33:58,2018-02-20 22:23:21,2018-03-05,c74c939a41d216a025a7f46213f7cdac,2018-02-07
df93ef458b1b9c8a6776d6ffec19af83,0d5b3bca30f3aa04407711c35f13fe33,delivered,2018-04-30 17:31:01,2018-05-01 02:53:07,2018-05-02 14:45:00,2018-05-28 18:42:13,2018-05-29,8b2094571b2615a94463402d27487ec6,2018-04-30
c09cb6b791048075a9d5047f8c5abe16,219796db1b487128494df4beee7542d4,delivered,2018-02-09 10:27:38,2018-02-10 02:36:05,2018-02-14 16:37:10,2018-02-23 23:13:27,2018-03-08,65b20f62ede59d33b626e0b908ac66ce,2018-02-09
5c60e286915180fdddc17760d914fc1d,e10ac2ae672e997ee64303b7f1befd1e,delivered,2018-08-01 12:57:54,2018-08-03 02:35:21,2018-08-03 12:26:00,2018-08-08 21:32:34,2018-08-15,166f5f82137eea831b3288649dcffb81,2018-08-01
72153affaac51d3697982e86191a88c4,76ca9e3d6e9b7f936c583be10089b971,delivered,2018-08-04 11:56:08,2018-08-07 07:35:10,2018-08-07 14:32:00,2018-08-10 23:08:30,2018-08-14,696890a000395749a190726ee5b9855e,2018-08-04
5e4e76184590078f03b12505677f1946,a708ee61a5e9384b3764b326f158c04a,delivered,2018-03-21 08:55:12,2018-03-23 02:10:50,2018-03-23 23:12:35,2018-04-07 00:42:34,2018-04-24,6ec200381dad398e733da3d5144822ba,2018-03-21
6c5d1e03493316b72304f07834a03325,96ac279e2c00c0a8f5a80347699674ab,delivered,2018-06-12 13:56:41,2018-06-12 14:27:00,2018-06-12 13:06:00,2018-07-17 16:32:20,2018-07-11,afb42d161d7e09b95911597be583e92e,2018-06-12
d3ff3601d2d9a1dacaf3a6fe53a8d7b7,d11a88116d125a3d9cbf04bb40ccb85a,delivered,2018-01-04 15:25:36,2018-01-06 02:27:48,2018-01-11 17:35:49,2018-01-23 15:34:02,2018-02-01,14a73c4d5302cea7e03c075aebcd2f81,2018-01-04
4bcbcf602dabf7e71c109b2590ff3209,2f080fcf1234802c0a5fe69322892309,delivered,2018-05-14 09:29:00,2018-05-14 09:54:40,2018-05-14 14:59:00,2018-05-23 21:06:03,2018-06-05,7b3c495cf64be8aa76ab93188c3dc386,2018-05-14
2f6c35e9b4743c491ac7319d36bd3ca6,c820e5fcc664ef713b284e5856955802,delivered,2018-04-19 10:09:55,2018-04-19 10:34:37,2018-04-20 00:21:36,2018-04-30 20:48:36,2018-05-09,0675829d0abdb673030149101e86488b,2018-04-19
09179a93a7f4f710051cefde1d2f7ceb,fe485abf913542028cce88ddd0abbfb3,delivered,2017-11-09 19:43:34,2017-11-09 19:55:29,2017-11-10 22:14:02,2017-11-22 23:07:38,2017-12-08,1fcc678e05cac2f2cf25563977d488c7,2017-11-09
cce13fe134ba73a890b0d0b98c97e02a,724ba5bf1f7a5034fdaed4d802fdcc1f,delivered,2018-06-27 20:34:01,2018-06-28 02:15:50,2018-06-28 10:37:00,2018-06-29 23:46:30,2018-07-12,fb67ca071f2c71a1c569a6ccf573719a,2018-06-27
a915738f85206d05281dba3e9aa80688,cbeb90c1da68fb56a32f60273a914415,delivered,2017-07-18 08:34:46,2017-07-18 08:45:14,2017-07-18 17:10:10,2017-07-27 20:49:51,2017-07-31,1621c9dafeda4d8dc671edde1b7fcbe2,2017-07-18
ab34dab91f92a58e3dace8a2d099b0af,4754486e1645ad01f55a464712ab4965,delivered,2017-06-28 21:29:42,2017-06-28 21:43:18,2017-07-03 09:39:30,2017-07-10 16:27:57,2017-07-18,663e9fc2ff0fe9e5cf1f4427f321e75a,2017-06-28
1d496c62bf852e069018c2b038064949,5ab2d7b7f6367cc87d0987b752db4f65,delivered,2017-11-25 20:39:58,2017-11-25 20:51:55,2018-01-04 21:33:30,2018-01-13 15:38:14,2017-12-19,12b7b437a172086f4ee3dc7177393a85,2017-11-25
76508d4ee45c06841c22c67906a6bd71,b78d867ad941805df6bc294c46c1f04a,delivered,2018-05-03 19:17:08,2018-05-03 19:33:56,2018-05-04 12:02:00,2018-05-09 02:51:48,2018-05-25,d0f64066b1e499611ce01edcc9eaa495,2018-05-03
03a0b96d81d76a3214b7b49ec31e6eb7,b9816399341dbf1063afeaf923a1860b,delivered,2018-06-12 16:16:57,2018-06-14 02:39:33,2018-06-14 14:50:00,2018-06-20 16:09:00,2018-07-20,35e3c2132cca0d7615fd5192aecb2c3d,2018-06-12
b80fc28f62c785fe351b7e4d70185334,b8f158565d343db2594050418aaf54a1,delivered,2017-08-23 21:45:08,2017-08-25 02:56:04,2017-08-29 18:53:47,2017-09-04 17:25:27,2017-09-20,ef67aca39c6d032bf935e90fad8d8255,2017-08-23
9fcbf999818b2fdac16197fe22bd2bd1,082805d32249e17183cfb56ccb67b5cf,delivered,2017-12-05 10:44:44,2017-12-06 02:37:01,2017-12-06 23:16:58,2017-12-15 19:24:42,2017-12-28,339f6d44a550afdaf2a4a9a29d091d16,2017-12-05
ca232f56f19ba1b6db4b6cfea0d514a2,15bfdceb03d6b5ef90c02a14a9bf7ea2,delivered,2017-10-16 14:05:49,2017-10-18 02:53:37,2017-10-20 18:37:48,2017-10-26 14:50:04,2017-11-10,292a3505e590c1927cbd8599209a09ed,2017-10-16
4a9c9be798acfc1e1539c75f2477b9b3,83bb6f200a22a5d13ba06eb2968ab899,delivered,2017-12-14 10:21:55,2017-12-14 10:33:31,2017-12-15 15:30:11,2017-12-23 13:53:25,2018-01-18,e57ee0110899c25ce93ffc9752424efb,2017-12-14
90ae645ceacd8832133a491224beb6b1,76b0b0d45ded0384e888e728833170f4,delivered,2017-11-27 08:28:55,2017-11-27 08:38:21,2017-11-27 20:38:34,2017-12-21 14:06:38,2017-12-18,28d4ee3088326411e34ecac1ad4b793d,2017-11-27
99413574b19fb9d3b4230abbc5dff970,c534087dbd39994baf9ebcf2e9fd9ade,delivered,2018-03-13 19:59:48,2018-03-14 02:48:17,2018-03-15 12:12:43,2018-03-23 00:51:54,2018-04-09,2a6f5b4fbc6608e1cbfe8b7b4c113ba5,2018-03-13
eef06779a3b6d4c50bb9dd92796a9782,1e26d5d9c7f4fea38f023d1cd7e7f0ee,delivered,2017-09-08 08:08:56,2017-09-08 08:24:26,2017-09-08 18:33:14,2017-09-11 20:50:01,2017-09-20,bd253227ca6d422caeeb349da9b1ef66,2017-09-08
f9650437902417384641bfcee466b737,b2f8b8f308351377e216ebffbe468d4b,delivered,2017-10-24 21:20:58,2017-10-24 21:28:25,2017-10-25 16:47:38,2017-11-07 15:35:50,2017-11-29,19856cce698c433d0941678c68e689a5,2017-10-24
169f444739d294d19e4103e460d963d4,8f0f359a835944478c1c46f14fb5f2c3,delivered,2018-01-21 21:25:43,2018-01-22 14:00:22,2018-01-23 20:54:43,2018-01-30 14:29:05,2018-02-22,a9b4929689bc74b4d8764b7214a9bbc8,2018-01-21
fa54be41eb7ceaa9e9909bb015372f49,f515f199e6cc8569f3ab0ebf2905b3cc,delivered,2017-12-27 12:36:41,2017-12-27 12:48:36,2017-12-27 21:14:21,2018-01-10 20:10:19,2018-01-23,aab7b1bac22bbdd1444b28a6e10ba4ce,2017-12-27
77670d903936f910039e218bb3ea400d,1efc9d3e28764888317beabc11686b06,delivered,2017-11-26 14:00:32,2017-11-26 14:12:32,2017-11-27 22:17:12,2017-12-05 15:03:20,2017-12-18,01a8574d68d5a495ebe94a4790f6fe34,2017-11-26
a80ae3246c6abb0feb814b27027266fa,ee8c2ad8aa9e18e8b13406489b276eb4,delivered,2018-05-09 17:57:09,2018-05-09 20:53:51,2018-05-10 14:12:00,2018-05-17 11:46:54,2018-06-01,6aa7deb42c5d2e412a9027d0202e0fea,2018-05-09
ae8a569660d9208ffed48d06824629a3,1201779af32273e7d0a14ab05164ab0b,delivered,2018-07-26 20:08:59,2018-07-26 20:24:24,2018-07-27 10:53:00,2018-08-07 18:34:42,2018-08-09,8f29552df9b476c07d4e156dc53d38ce,2018-07-26
393f9b061ec569fc6025870b559afdb0,20e9fe9a523d7eef6d961f9a6c7e40eb,delivered,2018-01-15 18:54:55,2018-01-15 19:09:46,2018-01-17 22:17:11,2018-01-24 16:21:46,2018-02-05,0e7c4a936f7e9a445f9acebb8922b61f,2018-01-15
8988ef6f1858c7a5aa1615b42f874193,3c69b83927e10699539e3747cc22976d,delivered,2018-01-11 14:17:19,2018-01-11 14:27:40,2018-01-12 23:10:30,2018-02-01 00:05:14,2018-02-05,59e6140afedcf24d3286af92b57489f8,2018-01-11
0c6ec1022958b35c45335231ea396ad2,14e7871569ad7387e9fc4e84d92dce91,delivered,2018-08-21 21:09:59,2018-08-21 21:24:16,2018-08-23 14:17:00,2018-08-27 22:18:26,2018-08-31,a4d8bc293bc8564b7d7e6bc9f244fe7b,2018-08-21
9164c2999fd5f15945a702f4f9a321a4,6b635e6c379f66519085bb6d86dcfcd4,delivered,2018-05-05 12:44:34,2018-05-05 12:55:33,2018-05-07 13:31:00,2018-05-08 16:12:33,2018-05-23,bd42d532ddbf900a277d9e7b8f591640,2018-05-05
ae6ef9d73ed303060dc1a61a9ab01424,add0ae8f46fe4d29a6654d578c0774cf,delivered,2018-05-24 16:39:36,2018-05-24 18:38:16,2018-05-28 12:30:00,2018-06-12 14:05:39,2018-06-28,abb16b18174f3efaef2feb1adafa36e2,2018-05-24
430bd310105f069ac72ef7758f40299b,815e5251945f96c68c05d5c3500ab291,delivered,2017-09-04 18:09:28,2017-09-04 18:24:00,2017-09-05 21:34:13,2017-09-12 19:02:48,2017-09-26,432ee7edf0be5950fe2bc6409d3af9b7,2017-09-04
7a0439e9354ab55ab4181d4824eb98f2,f1aed94e73d48532524dfdbe76c0cd81,delivered,2017-06-26 13:06:15,2017-06-26 13:15:21,2017-06-28 13:11:54,2017-07-03 13:47:42,2017-07-14,23d4d7eee9aebd10dcd081611f8ab998,2017-06-26
d6af9770d6d713b4c3a4cd6267e9d2ea,97ae6ff94a9195cc5e2d8fb995619619,delivered,2018-01-14 21:10:49,2018-01-16 03:38:42,2018-01-16 22:51:53,2018-01-30 22:15:13,2018-02-08,e301216623168d227eb0b0a3aabb1e62,2018-01-14
d8f9df1fea3171b46193d6a185d1fec9,8f08be4bff90a008ab13026acdcfc338,delivered,2018-04-04 23:35:19,2018-04-04 23:50:17,2018-04-06 03:06:30,2018-04-11 18:19:10,2018-04-26,599fc5c00b25842c502cd08f08791a1b,2018-04-04
17d82f62662a0c13d876815569fa10a2,9e33910c9241f43c1025acf365a377e0,delivered,2017-11-27 16:11:20,2017-11-27 16:39:08,2017-11-28 18:08:09,2017-12-05 21:49:45,2017-12-21,d371df37fd094914a9c18f93e76df1b0,2017-11-27
2f5521a15f1ab0eb646209fa271d9de4,8253eb6666e74b699841a5ad240bfcda,delivered,2018-08-13 10:19:13,2018-08-14 05:35:17,2018-08-20 13:44:00,2018-08-23 19:22:29,2018-09-04,9a472b2130845c605e1581b58e27b504,2018-08-13
8375044308874af1c50719ecaee3786d,8dbd9a596460b3b76fd42b13a7d77382,delivered,2017-12-15 11:44:37,2017-12-19 09:57:27,2017-12-19 19:47:41,2018-01-17 22:12:51,2018-01-10,140154967ab20917f55dbe2d3dfa1e07,2017-12-15
d5e6b060ecc28faa0d97b0202f739106,be927eee70bf4eeb40e6a9fda9e4e196,delivered,2018-05-22 09:48:24,2018-05-22 17:14:34,2018-05-23 09:50:00,2018-06-07 20:52:01,2018-06-19,44745b569a052beee4b08e01de7d4472,2018-05-22
88498659c4bfb68808d6b49a57a6ed17,9c6ea4e6fbcff50e788a14bd67a29022,delivered,2018-03-01 17:10:26,2018-03-01 17:30:31,2018-03-02 18:57:51,2018-04-05 18:51:13,2018-03-21,060874c9cbadb6df3d73ddea97e55bf7,2018-03-01
241de5ef157f84bf8aa6c7ec7cc6f113,0f864a38c06696957ebd1c557264a1f3,delivered,2017-12-03 11:44:10,2017-12-03 11:56:27,2017-12-06 21:41:50,2017-12-27 20:15:31,2018-01-04,115b32ea5bce18ca0f4d63e9f5262cea,2017-12-03
b62fe464ca4c4f53cf71198504f3bb05,37759c40b80fbd8d2a23a7828107bf7b,delivered,2017-10-30 08:58:08,2017-10-30 09:10:25,2017-11-03 15:52:00,2017-11-14 17:54:55,2017-11-27,ca961b973ecf9de95e3c17421f60a9a4,2017-10-30
581df21026c7ba80ffbaa5c3c21a6788,436b199887f7e81fb5c2e059904ed20a,delivered,2017-07-31 00:26:33,2017-07-31 00:43:01,2017-07-31 15:37:18,2017-08-07 16:23:18,2017-08-31,c6dd8fabb5c20145411c78830d5031ba,2017-07-31
25543b7ffda86344f6aed4e83816cb42,c97658ec34c8c1d412efeb77863aada8,delivered,2017-10-27 13:56:45,2017-10-27 14:10:33,2017-10-31 21:04:34,2017-11-03 15:23:45,2017-11-06,c39da9498509c8ae060185869f3a2478,2017-10-27
9bc4eab3ced75ae76b392b55c39d03c5,ad99fe7621be4c8dbf7250115e086f44,delivered,2018-01-04 22:45:07,2018-01-06 02:31:42,2018-01-26 16:26:02,2018-02-06 20:06:22,2018-02-09,391661bed6ca0d959375c0b89da441dc,2018-01-04
8a07b35d95d1b115d6a09d0e58a95feb,2b40c614f845a0ff9b821036f5371d27,delivered,2017-08-06 00:57:43,2017-08-06 01:10:11,2017-08-07 12:50:10,2017-08-28 12:31:59,2017-08-29,ec58906af5e6e0c82408136a61d23624,2017-08-06
7ec0ce5aa3f5d3a29537f1eec975ac26,60455200cb4beb4dbd68d4a390f472a5,delivered,2017-02-18 18:28:46,2017-02-18 18:42:35,2017-02-20 16:32:25,2017-02-22 09:45:05,2017-04-19,2526d3bb06624f7c5bedf2ef7a5bc4f0,2017-02-18
6f5a4883cdf5054788a32b5c8b36a8ed,162b229af6f23334ecdc569ee3a84640,delivered,2018-03-16 16:49:16,2018-03-19 07:50:33,2018-03-20 17:19:01,2018-03-25 13:41:34,2018-04-10,91290d75cda8ff031ec6a97c5e5f83a1,2018-03-16
54df475b621101259545a784f1bdfcf8,9563f0aff8ddc568e70a2814455598c6,delivered,2017-05-06 22:22:58,2017-05-06 23:30:20,2017-05-16 13:54:02,2017-05-26 10:19:39,2017-05-29,9da055c652848f95e07a0614689cf705,2017-05-06
6a97b56ec57985053347f44878894e79,90b1c0370ada0b3588310782fbc3deab,delivered,2018-04-05 14:35:40,2018-04-05 14:50:22,2018-04-11 08:12:04,2018-04-30 19:22:37,2018-05-08,84ff702056319d369f8a23d34511d388,2018-04-05
57a71dc8e0df243b9c6c26ffb4cdaea4,a4e27dbd112a5a68a254876b90b4d5d9,shipped,2017-11-19 20:18:54,2017-11-21 04:06:22,2017-11-22 17:44:49,,2017-12-19,b4a5da2a7109bf926cb161b4f0bc030f,2017-11-19
465cfd7016202e455adf9b1a83736c86,3ae208c673c9a1bd78c2dc73fdcd1121,delivered,2017-11-30 10:09:11,2017-11-30 10:32:42,2017-12-07 23:04:51,2018-02-06 15:58:54,2017-12-27,a52b3ae9d3d7dae0c9e95b38df437a30,2017-11-30
2d88faf08d61205e21df03548b98d88b,7afbe2a19af0e783ebc30e16983924ed,delivered,2018-01-31 23:12:26,2018-02-01 02:55:54,2018-02-06 22:42:50,2018-02-23 13:00:14,2018-03-05,03e0b6f13c0a3b1e365a78c3745c5945,2018-01-31
5fe6f70927bdb4accb737c56c5602f4e,88ef0e2bfc7ec1662601694e3c90b584,delivered,2017-10-09 15:08:45,2017-10-09 15:32:01,2017-10-11 21:18:05,2017-10-19 15:24:51,2017-10-31,9036e7b35a52262f5b0c34454bf58490,2017-10-09
249ab511be189cb15af6bd65592d5c59,9101d3eeae4d7f78fed3fb9a05e55ecd,delivered,2017-12-09 23:04:11,2017-12-09 23:13:27,2017-12-11 23:20:13,2017-12-16 15:13:22,2018-01-04,2defff2e3559949b21a9b551b46ce59e,2017-12-09
72fb560d115ecf3b15de9b853c02e505,d90af5c00814430fc3e212e8163bf2b8,delivered,2018-04-19 14:04:23,2018-04-19 14:34:54,2018-04-23 09:57:00,2018-06-06 20:32:22,2018-06-01,aef278d3c4350b0d32907d429421f071,2018-04-19
0c2cbbfae44e4f2bd7c747a2c2b05bbe,a4bb40b4e438a106bb16b7724273e120,delivered,2018-07-24 18:50:07,2018-07-24 19:04:23,2018-07-25 13:27:00,2018-07-26 16:32:43,2018-08-01,b37b0c57ba17d7a0ee6a63c3cc171af3,2018-07-24
ef05a858213da36683cc0f24157732cd,e344b637bf62ce9eec36f4b532fd9fef,delivered,2017-04-14 18:10:08,2017-04-14 18:22:14,2017-04-19 07:15:22,2017-05-02 14:25:31,2017-06-07,ccd1f4baf9b611c967b847895e801c63,2017-04-14
7d98d7ac622f747b35c24b1214dbee80,d828aa60b62d1ef598c2f7c75e7dfe0b,delivered,2017-12-24 11:05:04,2017-12-27 04:07:39,2017-12-28 17:16:58,2017-12-29 18:52:16,2018-01-16,24bebb6ff5f6b160cf78f11ad5c7278e,2017-12-24
f36c1228bd06f0ffe6595b5b4bcc4bdd,b2debe4651838a3396be94a0471a5912,delivered,2017-08-12 15:32:09,2017-08-14 14:10:23,2017-08-17 18:49:46,2017-08-22 18:38:13,2017-09-01,a0bdbb9ab9c09b5a534cdac6c1809527,2017-08-12
a6da74b3d9ae7e102985630416034486,7a1df13f94accb7df88adc51682d29f4,delivered,2017-02-12 09:21:56,2017-02-12 09:31:43,2017-02-16 09:47:37,2017-03-01 08:35:34,2017-03-21,4a91199dce0d0f0665c157bd7ebc7198,2017-02-12
bbf6a647ecc68aa5e79d2cd75ef44c68,8d13b315c8e8e3d9011c9e9267cb8a70,delivered,2017-09-01 10:33:16,2017-09-02 10:45:16,2017-09-05 12:33:20,2017-09-13 18:53:49,2017-09-22,63df651d5e8adb6a0e4baeb66a0eea37,2017-09-01
d9701308650d6bb282d0f1875addfb16,ab097b93486e3595da8fc998b6a23b97,delivered,2018-05-10 16:37:44,2018-05-10 16:58:46,2018-05-14 08:54:00,2018-05-22 08:47:32,2018-06-04,e37991ff62f5883ef35c90dbb97b422f,2018-05-10
5eba2c8978f62793868d93d38ea70269,223bafebacbf7dc8c04c5d889bd3bc79,delivered,2017-08-11 11:54:54,2017-08-15 03:50:13,2017-08-17 19:13:24,2017-08-24 17:36:21,2017-09-18,c1a46e8640dbd799c39cb8fb40fd66b7,2017-08-11
dc2249cafaf7687c5b9d86fd2a3198eb,9a25fac300e359f41f45bd2b4b120ff2,delivered,2018-04-03 12:50:07,2018-04-04 03:29:36,2018-04-04 18:12:27,2018-04-06 17:36:35,2018-04-19,6ff438d434f5af7a2f4b23a22d96ec69,2018-04-03
3e53d7fbc6342fe8c6ac3b64df14d3eb,2a8b1640932137497bd86e83df558d64,delivered,2017-05-21 07:58:02,2017-05-23 07:55:15,2017-05-23 15:37:20,2017-05-31 08:27:53,2017-06-13,c25f3aaefa757fb6d2ac42b59a1c1989,2017-05-21
056857abb03503b756f596e42d86e10b,713ac4139fc3aab8b2e00bd5644295fc,delivered,2017-10-05 13:04:05,2017-10-06 02:28:39,2017-10-11 20:58:01,2017-10-13 21:20:43,2017-10-24,f579f765f88484e7f0873d8fd68682bf,2017-10-05
f904e1484a374e9378ae90b2f10c8639,917c39bcf95bb9f97a6c0f8379314ef0,delivered,2018-06-19 15:38:25,2018-06-19 16:25:31,2018-06-20 13:55:00,2018-06-21 19:36:28,2018-06-29,0a2b658f48dd6b980011a226cf09494d,2018-06-19
72a200617f45c76ab4e2c202a681958f,dc395448cf404b7c1c9782e475b1aeef,delivered,2017-10-30 13:19:45,2017-10-30 13:31:18,2017-11-06 21:02:51,2017-11-07 12:38:00,2017-11-10,e559969619d1a0922477a2d8cfaf50d9,2017-10-30
a7d88dd59dbc3b0239f9284e1d72ff84,1f04655ec759bb5e1eaa3abd2ddae1a2,delivered,2018-03-10 21:53:11,2018-03-10 23:08:01,2018-03-13 23:12:34,2018-04-10 23:11:32,2018-04-04,31de4c2abfc75a9f4240104be74b343c,2018-03-10
535c8ce792ddc4f50d7d860ae069049d,23ed492e160b38c5bcb03bea5477b35e,delivered,2017-12-11 15:26:51,2017-12-13 02:49:53,2017-12-13 22:33:31,2017-12-22 15:41:53,2018-01-18,c398a258ca1af5f3da8ae5504e24828e,2017-12-11
6f0a7a4f82b93cb505c3434e16a1d984,6ae108a103903506b207a3168689f13b,delivered,2018-03-29 22:24:34,2018-03-29 22:35:13,2018-04-02 22:13:10,2018-04-12 02:48:45,2018-05-04,93db776631b272d7fca708fe4eb790ca,2018-03-29
d8cb2573a32f3089690e573f7adfba54,ce91506113fa0e838414655b4a2cd79c,delivered,2018-04-05 12:50:54,2018-04-05 13:08:50,2018-04-07 01:28:39,2018-04-20 16:31:59,2018-05-08,4412513db47efd18fc8ad98ff8e64727,2018-04-05
f964ec281f9f4098870fff22b6b74fec,ab4b0bfd313365452ffda5e09d7d9419,delivered,2017-03-02 12:35:51,2017-03-02 14:30:29,2017-03-03 12:30:28,2017-03-09 09:41:51,2017-03-23,7107b93604e79765cd9b802ce6315479,2017-03-02
7c9c86e000d63d474d4e1f17d1b06fd8,986bc7d65bbaf513d338a4459f4cacec,delivered,2017-12-13 00:46:58,2017-12-13 00:54:34,2017-12-15 14:04:20,2017-12-27 16:41:33,2018-01-09,bfd615f5f37a0dfef82d7433fb229c9f,2017-12-13
fddc48d507d16f1418ec7477274c2e06,aeaa3e7664211a50657bc516db596887,delivered,2017-06-01 15:40:16,2017-06-02 02:15:07,2017-06-02 11:49:57,2017-06-05 17:57:58,2017-06-14,ee0e744d5d1a2a0cb5a1920ef02b8f3c,2017-06-01
7d5c1320ac55581cd5de4d8f83c99731,079fe6f48dda3d0e11ad3a7d66c86d21,delivered,2018-03-27 14:43:48,2018-03-29 03:29:04,2018-04-07 01:16:42,2018-04-18 00:34:36,2018-04-18,c62d8ffd48eaf5f681be7142e89b6393,2018-03-27
68993f27a34bd02e3b2c2ebb5c41b9ec,e69c1b17ce033060c97375f5f1d06885,delivered,2017-03-10 18:17:36,2017-03-10 18:17:36,2017-03-14 12:39:19,2017-03-21 07:55:03,2017-04-05,3a359d463b5a79614f9206ec5e38b434,2017-03-10
d0af04d05d7d5f1b5e65ae9b6278f57f,52bc04288c98dbdc884680df3110b4f4,delivered,2017-07-02 13:51:16,2017-07-02 14:05:10,2017-07-06 16:23:31,2017-07-07 14:47:22,2017-07-18,a0628933453581e07788fb3d5eb1cd28,2017-07-02
91c506e966d7f684b4fa307b02341fcc,8c74c34cf929d1ad8a11acc45acd8417,delivered,2017-12-15 16:08:15,2017-12-15 17:01:08,2017-12-19 00:37:22,2018-01-05 18:19:42,2018-01-19,8b5d5ec638ef70f1d1d42b0ab82507dc,2017-12-15
b32bea08665333132796458ad00833b9,511c58590688ebf8dc5356bab438f8c3,delivered,2018-01-22 19:41:14,2018-01-22 19:53:36,2018-01-24 16:19:03,2018-02-03 17:32:43,2018-02-14,53366ab9d1acc84096cd99a3eaefb7f9,2018-01-22
06544096bb7077c0f701d0d6f660e11f,51993c208e83ddc0d8bf2423fae35e87,delivered,2017-03-30 17:07:08,2017-03-30 17:15:23,2017-04-05 07:10:07,2017-04-10 15:05:14,2017-04-24,25303bc46489df09b03bd275c3772d19,2017-03-30
b98e8b817c1d851dfd3c4f36e5713c3c,4d9f290eb3cf09fbd0248c98fb32c296,delivered,2018-03-09 13:34:12,2018-03-09 13:48:14,2018-03-09 23:44:34,2018-03-23 19:04:28,2018-04-02,bf184dc6342cd7cc85c362edb3cd4f97,2018-03-09
013e9c654a339d80b53513da3c1ea437,9391729f79cd9e5fd7ca884ca030f579,canceled,2017-06-18 13:48:48,2017-06-18 13:55:18,,,2017-07-07,05a3b50193563913613acada5c86b1d2,2017-06-18
1e42f2b8223f9f659d11ea4de0524e57,edd688bedbae9130ccbc99b6826b2381,delivered,2018-03-30 14:39:38,2018-03-30 15:27:32,2018-04-02 17:31:19,2018-04-09 18:20:34,2018-05-08,100ba738fd8e0a1d912994be2bd20e87,2018-03-30
2f9e3156d784ec07c5e1b8075263562f,4fafc71715e80054ae90f1b3eb0a9110,delivered,2018-05-28 10:40:18,2018-05-30 02:31:53,2018-05-30 14:11:00,2018-06-18 16:08:46,2018-07-04,bca2d58bb6855db63ab2542850c89270,2018-05-28
09c636e254bb18eeef943452017249f4,52f69439fe573ea3f687e0e66470b28f,delivered,2017-10-27 17:03:40,2017-10-30 15:31:19,2017-10-31 16:39:51,2017-11-25 13:12:08,2018-02-02,8e11fff4e8d62db36a250d7877a8d387,2017-10-27
f0a2783007ba2c431132d38c7642d5c9,24348bd43207b8fa492c929ab6cb1fb9,shipped,2018-04-17 11:10:00,2018-04-17 12:15:22,2018-04-18 14:08:41,,2018-05-15,c5a0eef09ffd9448532ef07854769930,2018-04-17
7df81d6dcc2ba63195a6197f6362c4bb,c1be695b994bf4b1ce2619f6e5212541,delivered,2018-04-03 17:55:34,2018-04-03 18:10:20,2018-04-04 23:36:32,2018-04-06 22:47:33,2018-04-13,de8ce480b6119f2835ce8ad07c326793,2018-04-03
c8111f39ce798f7761d4f6e8f0c3a665,76fdaa48984220f3067ba4a59725a18f,delivered,2017-05-05 00:16:57,2017-05-06 02:22:56,2017-05-08 11:44:03,2017-05-22 16:32:50,2017-06-09,4e42f5dd11f3b39f9994e12b20f10b4d,2017-05-05
41bdeaa82c72b91de63ad6853ec75046,c5b4db0f1c047efb43be95b887fa4f0d,delivered,2017-11-24 20:42:43,2017-11-24 23:53:32,2017-11-27 16:42:56,2017-12-13 00:14:26,2017-12-27,e139cc1019486af87f64fda5176e4bf0,2017-11-24
f85ae34425864282006a444408820201,adc6d63bf57021ef1e4c89ea22a34f77,delivered,2018-05-17 21:59:08,2018-05-18 02:54:29,2018-05-21 14:18:00,2018-05-24 21:38:42,2018-06-01,da7aed2e8fe57799e72ab172e4956aaf,2018-05-17
1ecf4482aed348ce31d720182b3d2164,7d5225f8f75f892ce7d428368b6d3a6c,delivered,2018-01-27 00:08:20,2018-01-27 00:16:21,2018-01-30 00:03:44,2018-02-06 18:38:24,2018-02-23,aaa62f7bcaaa95afaebb5476443bd075,2018-01-27
6a346767428dbe844fc5dc660510bc45,3eb766c4e42f04deff042edb442998cb,delivered,2017-03-13 15:43:36,2017-03-13 15:43:36,2017-03-15 09:48:42,2017-03-20 07:53:45,2017-04-07,b3806e7118d02476c96b3dd8578dd07f,2017-03-13
2e7080c8c24e4a977925ca08b6a7d917,88360ef90cb374eabac610c6cef1c054,delivered,2017-12-25 22:19:18,2017-12-25 22:30:19,2017-12-27 22:10:37,2018-01-05 12:23:08,2018-01-23,6cae83ec1b251bb3a2a2d04203e56498,2017-12-25
87c9a177bd8b6546136bc14128ac1d3b,4f93dc7eaca0dd47d8f458a8d26159f0,delivered,2017-09-29 18:18:59,2017-09-29 18:35:16,2017-10-04 20:35:42,2017-10-09 21:52:31,2017-10-26,905d0a37ae98ffa3bf7ef2ff9bafabeb,2017-09-29
43704b87832e6d18cbfc465c207f11f1,a2635cad2b4d6831509d2aa37a8fe658,delivered,2018-06-04 23:22:57,2018-06-04 23:35:21,2018-06-11 14:23:00,2018-06-13 22:36:24,2018-07-24,2be4b338d74b933f74f9b445e5ef0c6e,2018-06-04
f386ab31f2ffcafd65304e199111d3c2,3fe7926825b25dda1761bd01bbb4d44c,delivered,2017-03-22 22:43:36,2017-03-22 22:43:36,2017-03-24 14:19:47,2017-03-29 16:17:42,2017-04-10,ea2cf3092f1a6b9641abe79f008ad478,2017-03-22
8cf69a287dd56e6cfef977b40928a949,d94798aca29a07f34830885775aa2b06,delivered,2018-05-14 05:59:07,2018-05-15 05:32:33,2018-05-16 08:15:00,2018-05-17 19:31:20,2018-05-30,1cf23763ac9e9e8d66727be259813df6,2018-05-14
6c509b69d13782c154a9e4ab698f5605,6f1d018964cfbd92f7b155ad2b03717a,delivered,2018-06-28 15:14:00,2018-06-28 15:30:49,2018-06-29 09:00:00,2018-07-05 14:41:28,2018-07-18,64421b0701a2c51c0a2e2c8a9a06dc59,2018-06-28
d3dda8df7e8aa849ce52346514bdb885,34a989f546130d326970d7f3f160e9ea,delivered,2017-08-14 17:42:03,2017-08-14 17:55:24,2017-08-16 17:12:47,2017-08-17 20:23:55,2017-08-30,67e5eba5bccf914065caced3baa1a968,2017-08-14
1f39bca81bb7accc56f053aa773a89ad,2a91703cad4c9fec97e104c5977a050c,delivered,2018-06-29 07:39:33,2018-06-29 07:50:14,2018-06-29 08:56:00,2018-07-06 12:03:13,2018-07-24,24ce52ae8aa3dbf8532f95ccb1b00548,2018-06-29
e09d6bfb53d7cc90231d15261f2c6a34,17439b79ab52a0080e3c2b8d17288f35,delivered,2017-11-29 09:39:04,2017-12-01 11:31:42,2017-12-01 19:52:59,2017-12-11 20:21:36,2018-01-02,b58003534fdfad54e2a809da3b5560a7,2017-11-29
e8a4c2a62df8fb5701fa66bc2bb4f4d7,ba6c4b82b2df4cff54c92b0c474e2473,delivered,2017-02-24 17:32:02,2017-02-24 17:42:21,2017-03-02 09:44:04,2017-03-07 12:22:55,2017-03-30,86246b1ae68b9e35ca0d5b6dc0350333,2017-02-24
90696d1e7b8e43d93e6585765c6087db,71164518db05f451f57dbcc0d7b2aae7,delivered,2017-08-18 07:50:10,2017-08-22 04:15:21,2017-08-22 19:12:23,2017-08-26 15:40:02,2017-08-31,dae02a2d3984b71fe230f7271925c8a9,2017-08-18
38b9365bb512e4746d21b59d3eaaa146,8c4a739a0897f0706505e419d7f1e4ac,delivered,2017-11-24 19:25:32,2017-11-24 22:55:20,2017-11-25 13:07:16,2017-12-05 18:15:43,2017-12-26,a24b6a5a883426cbe71b43fd0a3d508a,2017-11-24
853fdd4f5504e5f2c286e302f0047f4f,ad8253ef7c6f22fc841eb44387c73450,delivered,2018-04-30 19:44:19,2018-05-01 02:38:04,2018-05-04 14:59:00,2018-06-05 22:11:53,2018-05-29,61435d982420fb720f85d1bb6047fc6f,2018-04-30
54c4c0c7e9a1d272defcf15ea985bef7,8775e739d61b9dfb7a1076e45839b1da,delivered,2017-11-20 11:00:54,2017-11-20 12:30:43,2017-11-22 15:09:21,2017-12-11 20:03:09,2017-12-13,ec7f1811826ab04a27a92197bc40c888,2017-11-20
e23e45778ae735856e12dd12750e2b14,a7f15daeb4efe57cd37eb6ad2a78c0e6,delivered,2017-09-03 13:14:37,2017-09-03 13:25:18,2017-09-05 18:18:04,2017-09-08 16:22:41,2017-09-25,30b25e94cd8582e92ef193531bc531b8,2017-09-03
ffc97f5975c4aa1b3c9754d83050c73d,2713513e2014d3d6181fd3ed037d4a80,delivered,2018-06-22 00:13:26,2018-06-23 01:40:06,2018-06-27 11:45:00,2018-07-11 23:08:37,2018-08-06,0378d90f53fc5cc775e447e1eaff6ea3,2018-06-22
7d556b158b276636f710b97e13e2a2c3,a74236a4dbbe4c74be4081b8ebc2daa8,delivered,2018-03-04 23:24:49,2018-03-04 23:35:29,2018-03-05 17:28:45,2018-03-12 21:09:41,2018-03-27,fe950c855187ad86e88c96bfd312c295,2018-03-04
3a0ad73a22a4ca1af66f3f7ee5c6c3fd,91530372f9c5ba8c930edc3dbea6f2c3,delivered,2017-09-07 15:38:49,2017-09-07 15:45:21,2017-09-13 15:00:10,2017-09-21 14:07:43,2017-09-20,368e91ac2ee2407d82d8b02551d2cd18,2017-09-07
6ada1dc97a94d735582a110165f0a0c6,86e6e37908c65b70f0216acfe7c737c9,delivered,2017-11-27 11:22:24,2017-11-27 11:35:52,2017-11-27 20:51:24,2018-01-02 17:55:05,2018-01-03,7541ca5fd9891ef6c2f4bdc4d6c645c3,2017-11-27
cf57d12f25beeb760bd30983c67f21cd,10066d6eb46dff8e73177532e722e60a,delivered,2018-07-26 21:48:22,2018-07-26 22:04:45,2018-07-27 14:08:00,2018-08-13 16:52:19,2018-08-24,e79c794eb044c594d923722240125052,2018-07-26
8478b4434093333a55c3fb43d137e54e,e657db636d43515b039c54c424b1e51d,delivered,2017-05-24 08:28:28,2017-05-25 03:10:20,2017-05-26 10:04:46,2017-05-31 12:23:42,2017-06-22,c34be41181324b34ef81042a1dbb1193,2017-05-24
ac9c24587cf6cf6fc0276576b9e95cc6,495ce07cde671e06c6cb9ddde646d7ee,delivered,2017-08-02 13:06:10,2017-08-02 13:23:15,2017-08-04 15:32:32,2017-09-19 15:00:51,2017-08-25,388661387449408a9ab88ea55c9f1a0f,2017-08-02
98acbe0ec0c00e9baa6eb51e7c9f85cf,ab16e16ba3e5b87a82a2dba791f53f35,delivered,2017-08-16 18:06:38,2017-08-16 20:35:22,2017-08-18 22:21:09,2017-08-31 20:07:36,2017-09-14,5e24610c5a55f0b6ffdaf9e846d02362,2017-08-16
bf013ab8da2ddc44737310fb1f58361e,9b3ed5485c93de1b23d2ad381283fd9d,delivered,2017-06-10 13:45:16,2017-06-10 14:02:22,2017-06-12 16:46:42,2017-06-19 21:39:28,2017-07-05,184b3cfd8ffb32d11694d567f18e330a,2017-06-10
07f5b36b83b8a405657140cc50c0a1f9,75cebdffc30ea87f6b90465318eb7968,delivered,2018-04-11 12:14:12,2018-04-11 13:30:38,2018-04-13 16:05:46,2018-04-16 21:57:41,2018-05-03,9cdffa935c79cf06d8bee1954e03b255,2018-04-11
f9ea74a0ba3d0e01f8f3a2c98bb35b9b,b9ee77187e4553b357c44c062399270c,delivered,2017-11-08 14:48:30,2017-11-09 05:31:39,2017-11-10 17:21:48,2017-11-21 16:48:57,2017-12-06,3a57500549c18c151a122ca04263a0ac,2017-11-08
6a40b826639898f295c28154b2adf921,c38d55780eb6ab54ade6029dfbac6ddb,delivered,2017-03-22 18:39:20,2017-03-22 18:39:20,2017-03-23 11:40:41,2017-03-27 10:16:43,2017-04-11,9ddffcc1c50f3ffe02ff8b5b7a7e2d3a,2017-03-22
81e04a215f5131c83423eb5d8d21a9a1,d869706e82cd0867bd5620c1fe7c4d73,delivered,2017-11-19 17:17:36,2017-11-22 02:50:23,2017-11-23 18:52:02,2017-12-08 23:48:37,2017-12-12,c54f254e19da79931e0e07338188cd70,2017-11-19
5c8250700f5fff8bf98e46213e830850,4f3c08c0de859d7614059bc83bce94e0,delivered,2017-08-21 07:23:21,2017-08-25 20:46:07,2017-08-28 18:12:29,2017-09-05 18:25:06,2017-09-13,c9dbb7a4f0c7174729ee29fd55280cde,2017-08-21
3a28b975c176565c52fc1af2b84197cf,b1579afc7974300db655f47a85f69135,delivered,2017-10-13 19:14:08,2017-10-13 19:28:20,2017-10-16 21:17:30,2017-10-20 12:58:06,2017-10-31,508c136dd918b7169593505ea16b1093,2017-10-13
7aec0be67a2ae4e49ebf19b44bd43b51,f1b3152055c1dec4a3d1eb8c3a7ac929,delivered,2017-11-26 10:42:17,2017-11-26 10:54:25,2017-11-30 17:52:00,2018-01-05 20:37:11,2017-12-18,07beefe7a3bf2d35b846e135b1e29d3d,2017-11-26
d42c0ebb65d63fd42b509a1573c281aa,20956707b97a897f9bde96e8614a5922,delivered,2018-07-12 22:34:54,2018-07-12 22:45:15,2018-07-17 13:13:00,2018-07-20 17:03:21,2018-08-01,e836a4279bd9127752d8949d46f7a5a5,2018-07-12
11d6810af0b0d8982e3d67b4dae4374a,cb51b2fbaabd9799feab4820422b270a,delivered,2017-04-04 16:33:35,2017-04-04 16:45:21,2017-04-05 10:41:27,2017-04-10 10:43:43,2017-05-05,17bd7fdb73ba6e0c5b23ae0cea63ad51,2017-04-04
dca5f2eb158a0d0ad2f5596084f13fc9,09b70cd516d511b2a068df752a517985,delivered,2017-07-18 12:58:13,2017-07-18 13:10:19,2017-07-18 20:29:42,2017-07-20 18:23:29,2017-08-09,a3abc342b784863659ca724bd6b20615,2017-07-18
b269b36952900c5cb25de4f0ee866aba,ec2c3728634c6ae1276ce8f32f410849,delivered,2018-04-24 15:46:24,2018-04-24 18:53:43,2018-04-25 13:07:00,2018-05-14 17:32:38,2018-05-28,61187e65b3917713604f3debd31fc0fb,2018-04-24
5dfc09b12e05c4364cd6534f29844dc2,81772c512e346e43fbd7cc81f60b7af6,delivered,2018-04-08 20:20:09,2018-04-08 20:30:18,2018-04-10 00:06:36,2018-04-10 16:50:55,2018-04-25,380cd2b51f97af9b87d23c91e8388482,2018-04-08
17b374e5c126d99970336dd8a72bcb91,027711a554ce14c4bebd4af3bb803101,delivered,2018-06-07 22:47:32,2018-06-07 23:13:49,2018-06-12 11:13:00,2018-06-16 16:28:48,2018-06-29,cb283dda3f78ae86c68270c57737334d,2018-06-07
b3eec4d06f4ce8853c30510575513c07,0b9f46b80e07d06f5a0d1135de59b31f,delivered,2018-06-10 01:13:53,2018-06-10 10:58:16,2018-06-11 08:22:00,2018-06-16 11:08:46,2018-07-17,d4ab4dea403411a65262f8d3059a43d0,2018-06-10
6811f439ad8873c28f8e1138e02229a5,51f2243a8dd72cbaa606deaa06b984b8,delivered,2017-12-10 11:22:29,2017-12-10 11:31:27,2017-12-11 20:44:48,2017-12-19 16:58:07,2018-01-12,3a89a315936b3df814113142920a5127,2017-12-10
2d47336f7253464c839935f712a4d4d0,2458476c6c4f01b4ce4fdf4c006c599b,delivered,2018-06-11 22:48:36,2018-06-11 23:18:22,2018-06-12 09:02:00,2018-06-21 18:54:52,2018-07-17,2e13521a3aa391873c485943bae0adb6,2018-06-11
cab86f1b8802835f13e9fee67ae7ee13,29956a2d27615abad8aeb1a74d4968d6,delivered,2018-02-05 21:19:07,2018-02-05 21:30:13,2018-02-08 01:16:25,2018-02-28 19:19:04,2018-03-06,c1d455bc2f60804d1deb27db7f1821cb,2018-02-05
218078d00b6b6ad56df0e38236ed62a7,43ee577ee14b2c4137d7a3d2945947a9,delivered,2017-12-07 08:39:36,2017-12-09 10:59:33,2017-12-15 16:55:07,2018-01-08 20:48:38,2018-01-22,19af9b225f66ff34c9759c845af428a3,2017-12-07
c16e485cad605e6180b08e988e5b5bbb,017dd3798ef0f401392abdbc129d78a0,delivered,2018-06-01 20:57:27,2018-06-01 21:11:29,2018-06-04 13:54:00,2018-06-07 01:34:34,2018-06-26,cfd8e25e492965efb735946dba2f2daf,2018-06-01
83d8f70418eefd96f37b483dff430305,b2d1536598b73a9abd18e0d75d92f0a3,delivered,2017-09-09 09:54:57,2017-09-09 10:10:17,2017-09-12 12:42:43,2017-09-20 20:23:34,2017-10-02,918dc87cd72cd9f6ed4bd442ed785235,2017-09-09
196bcd18b3770c231567c0f27b0b16fb,cd8cc6c5fec2c2caddc3e96619c2f136,delivered,2017-11-07 22:28:02,2017-11-08 22:35:47,2017-11-09 20:42:18,2017-11-23 12:41:41,2017-11-21,726a6433feab4f321c62cd704e451ca3,2017-11-07
5850461d2bc7d1529169bafae36a1165,e933c6179317541b4db832474621281f,delivered,2017-04-20 18:59:16,2017-04-20 19:05:19,2017-04-27 11:17:19,2017-05-02 15:09:03,2017-05-25,99f795fe81425dadda5f35f1f8f443f2,2017-04-20
4c23c4164a5456caf473aa274df8b8b9,264962f8c8f5289ab19f1275c25b321d,delivered,2018-06-20 15:02:35,2018-06-21 04:36:18,2018-06-22 16:02:00,2018-06-27 14:47:41,2018-07-16,6747886441389831020c1833d24b162f,2018-06-20
2e9d5ee7d598619b69bba815527c91ed,994f168b1d27da378b7171109ad4709e,delivered,2018-07-25 14:33:23,2018-07-25 14:45:26,2018-07-26 07:24:00,2018-07-30 17:22:10,2018-08-09,78074258b634884e20542b012106c6df,2018-07-25
b80ad2b6c5b351d9e15b84a8008a7d87,8abea2586885adbb1203c365be1518f1,delivered,2018-08-13 22:36:41,2018-08-13 22:50:11,2018-08-14 14:14:00,2018-08-17 18:22:34,2018-08-27,2d0d69cb131ce9922d4b8684f3fdc720,2018-08-13
991ad9e2eba74e98ccaba2c2f4a74e58,171c4bb61896632119ea73893f7157f5,delivered,2017-09-15 20:50:36,2017-09-15 21:05:38,2017-09-18 15:20:05,2017-09-26 19:19:34,2017-10-06,319e86b5a7cbc42a85be7e1e452f337a,2017-09-15
3e33843f7f12a11466eaa521cad5f864,1d81897f8575a3eaab41b9363a1e2e0a,delivered,2018-06-05 11:15:41,2018-06-05 14:31:32,2018-06-05 15:09:00,2018-06-08 21:54:32,2018-07-11,8e61d2d055f4865036e7d62b6739c255,2018-06-05
03229ded9d99164ee8bac7116050dd23,2de625a93dd01b073d58b2b253926e28,delivered,2017-06-03 10:35:15,2017-06-03 10:45:10,2017-06-05 15:13:20,2017-06-09 12:47:44,2017-06-28,28d542491b651898135c4c7bae5b9a08,2017-06-03
c1f2b0dab3c67d4cb4eb6bddf1f6a531,7ed89b87166df84e69d929542a0852d2,delivered,2018-03-17 16:43:28,2018-03-17 16:56:09,2018-03-19 22:52:26,2018-04-06 22:06:55,2018-04-10,4b0a2eb6cad52bcbb4df29d278fede29,2018-03-17
ba1c50f3276668478a6d911c6a085a3d,9254b2bcbb8cae395cb71104015219e1,delivered,2018-02-26 13:20:31,2018-02-28 09:55:58,2018-03-06 18:44:27,2018-04-18 20:48:19,2018-03-21,015cd0b039aa3b36cf78f41d8f54e3d0,2018-02-26
7011940c8a7bd25b77832ee761371882,a0a58fd4b0d0667a2ad8657ec8ea9371,delivered,2017-09-11 21:17:54,2017-09-11 21:30:16,2017-09-12 15:38:04,2017-09-14 15:42:53,2017-09-21,dced7901a3def8937b3f41caaf0666ed,2017-09-11
dd5440d0c678a3437186c8b73d4e195d,11328c35a950a33d1c0759f809806384,delivered,2018-04-25 20:37:10,2018-04-25 20:50:34,2018-04-26 15:11:00,2018-05-16 12:03:25,2018-05-16,93f3172571913479f3cdbd041da2d3b1,2018-04-25
fb123940cf8a433a0e596edf92995089,66a5bf9dc03c0365992c47c132b40c0b,delivered,2018-02-25 09:44:30,2018-02-25 10:08:37,2018-02-27 02:09:19,2018-03-05 20:05:07,2018-03-20,1fcc4782a657a3e8e4f2632f310365bb,2018-02-25
8f6d779c78b777b6e9c03cd848b87acd,5e268a2b106c3c6a1e57dbcaa12a4013,delivered,2017-09-15 17:15:08,2017-09-15 17:30:30,2017-09-18 19:57:42,2017-10-02 18:35:51,2017-10-16,3c4665fc1e2927b7d51203ef7e9bfe6e,2017-09-15
473827dcccc5dc6888a85e17f4965ed4,705b9e5a5d27aaed4a3b4702e876d1d4,delivered,2018-05-17 21:40:35,2018-05-18 02:54:26,2018-05-21 10:15:00,2018-05-22 18:32:00,2018-05-28,e826d75e1a32de5192ceb48b08b358d0,2018-05-17
842f178d66acea853df70a9be4cec244,9a428744db0dfed3d2f8692667442f65,delivered,2017-12-15 14:34:17,2017-12-15 14:52:55,2017-12-21 18:23:23,2018-01-03 20:09:20,2018-01-16,1fafefa7734433ada619a6cef43aaf69,2017-12-15
0bde826daa0bd10393e958cf5d69dd26,dc9e4413d260758a6e889a0f87aefa7d,unavailable,2017-02-04 10:28:25,2017-02-07 04:10:23,,,2017-03-01,9930a089a21d7d6754347faf03001f6f,2017-02-04
663f5bad78ee236c44c5f31fc8c280cd,194022ce695cffb81d8a6aea3c050fbf,delivered,2018-08-09 23:10:58,2018-08-09 23:25:12,2018-08-13 12:46:00,2018-08-28 16:36:53,2018-08-27,c9a9bc3271d78f39fe16405e17aa36bd,2018-08-09
c1fb4a4e7d3bf856bf229e9077dbd64c,a4df8535c2af229a6efe1f2b28909912,delivered,2018-04-03 09:31:18,2018-04-04 09:31:21,2018-04-09 13:39:47,2018-04-13 01:48:24,2018-04-24,4d00a68a5ecafd5138753a21c61071d4,2018-04-03
fd1cfd1076dd551e6bb1c4567e5a1b31,ba30b0a551ddef6057b752431dc4abeb,delivered,2017-11-23 21:44:38,2017-11-25 22:34:26,2017-11-30 16:33:34,2017-12-11 17:58:56,2017-12-20,73619cff2fa9816a60c7599436aa2122,2017-11-23
4d6951fdb1a472a77ce1422ca656c2b8,1d7a786540a0105d734010e8d88a6a53,delivered,2017-05-24 17:12:33,2017-05-24 17:22:46,2017-05-29 08:34:38,2017-05-29 17:17:31,2017-07-05,0cf298709182f431d7a2e59b730a6f13,2017-05-24
d7592b4ac974639ed08f1484f6b649e5,4b31d9b572c261b14a4fb3cd1514f8c7,delivered,2017-08-18 09:55:29,2017-08-18 10:10:19,2017-08-21 20:24:55,2017-08-25 13:53:51,2017-09-12,9a0fc263e91c9a11390639075ebba93f,2017-08-18
3c5edc9665595ab8ab9bdd6c5c4a961a,bfc72b25d90e16298aa5735c248d08f8,delivered,2017-02-03 10:09:40,2017-02-04 02:22:23,2017-02-07 12:14:49,2017-02-10 09:26:22,2017-02-23,bcba7868e02e9ae817e38bd543bf503d,2017-02-03
5d97051b2fbe2d850d8c195e054735b4,ab65a308e13faaef39b0370e82dd6fdb,delivered,2017-01-28 09:49:10,2017-01-28 10:32:22,2017-01-30 13:32:37,2017-02-06 14:43:49,2017-03-06,fd59b2040862a3c5f0956eeb1193f239,2017-01-28
1f27e2d6350fa9e6b5c41407098c025e,d017e0531b5e64f5364e5720c74a81dc,delivered,2018-06-18 13:07:18,2018-06-18 13:39:33,2018-06-20 14:47:00,2018-06-26 13:28:59,2018-07-20,7f9c01a7507d983a18bd61104ad0f3ed,2018-06-18
1a9543c90f188e2e4fb14327ad4a9c9b,b7c889215de76857c7967c1011125d2d,delivered,2018-01-30 15:28:21,2018-01-31 15:30:30,2018-02-16 16:28:33,2018-03-16 20:03:53,2018-03-13,522e244a96d13876c5bac4985a8d5075,2018-01-30
e715706f59e1a868d0a2e36af571a899,a7d4c8adee1bdc53d350c9df14819237,delivered,2018-04-15 22:16:32,2018-04-16 11:15:20,2018-04-17 12:03:31,2018-04-30 16:26:27,2018-05-04,c1c79af82915c4bab1bd58efc8738933,2018-04-15
672ab3776d5b25e586521469609ae774,8c8b3a28c07f67148f86f297604b9875,canceled,2017-05-10 11:52:51,,,,2017-05-26,99e1c1df6a737fea3658ca705b8f374d,2017-05-10
2c1580970bae47b697ca0ee56495f27e,3b92b8167f3fd564dff0a3d4e50454c3,delivered,2018-04-23 12:28:28,2018-04-25 04:11:00,2018-04-26 15:41:00,2018-05-19 16:38:33,2018-05-18,55eaa587a28bb35f3e8805fcc6237ad5,2018-04-23
cb1fa6d103d46946a84deca659f7385b,66b297a7865ab5c2392828ffdabc91c7,delivered,2017-12-25 20:52:03,2017-12-26 20:47:24,2017-12-27 18:42:48,2018-01-08 18:47:55,2018-02-05,4a2323f83849ec7cb00a5663d064bfac,2017-12-25
ea2f3998dc7f04567c3addb938e148f2,e1ecd9067948f47eb91b3adcf198c878,delivered,2018-06-28 22:50:55,2018-06-30 02:35:14,2018-07-03 11:11:00,2018-07-10 12:14:25,2018-07-25,551a0e417b10f992a724b436f2a5588c,2018-06-28
828c70c1568ca1b635a1b59baa592bb8,b0a8c1196847d5ed16bbd89d46c5a2d0,delivered,2017-11-25 15:08:42,2017-11-28 03:31:23,2017-11-29 21:37:53,2018-01-12 22:19:13,2017-12-26,9214e96f2105b508095ca10a1cc7fc48,2017-11-25
56cbdf3f7e3f535682a007e0e3370e18,4ee379d29187f22407bcf61804aa07a2,delivered,2017-06-10 22:50:40,2017-06-10 23:05:20,2017-06-12 15:04:54,2017-06-23 12:33:55,2017-07-05,be77d461b3861fdc43e07bea3f26a43d,2017-06-10
339fa9425f5d4dbf7cff350b0b7a4847,69b39aaba0e39657681ceadb18c433a4,delivered,2017-12-17 17:22:11,2017-12-17 18:18:31,2017-12-18 19:08:35,2018-01-06 12:48:26,2018-01-15,add5ba9046c7f5ed34507bef1320c6e8,2017-12-17
3a213fcdfe7d98be74ea0dc05a8b31ae,91f92cfee46b79581b05aa974dd57ce5,delivered,2018-01-11 10:03:39,2018-01-13 02:11:05,2018-01-15 22:51:59,2018-01-22 19:51:44,2018-02-05,9eca552063680b7cd2ed0e8aea002b21,2018-01-11
ac6e61336e852cdc45fe59ada3763a66,e1f09167be22498491232558d51453d3,delivered,2018-02-06 12:16:52,2018-02-06 12:30:44,2018-02-07 17:56:37,2018-02-14 14:03:40,2018-03-06,5bdb6f56a8fb4272b802f504bb6d1287,2018-02-06
e59e6aedb9b4f115de215d276a5166cf,0555bacaf4d4560a75e796a6e2c1e00d,delivered,2018-03-04 21:03:07,2018-03-04 21:40:27,2018-03-06 03:22:41,2018-03-16 01:41:53,2018-03-26,a5b1b65c37d5cb25f12ae5302f8f1adc,2018-03-04
2d0da8435c6493de84783c21578638aa,c5c571939091a3ed365ad5d8d89602d2,delivered,2017-08-07 08:56:15,2017-08-07 09:10:18,2017-08-10 15:13:21,2017-08-22 19:38:16,2017-08-29,31ab4a5b2f583ee1de310d7dc4f49d1e,2017-08-07
66a9f793833f66aba55e3b6a54a08acf,767b09e5fa23303a2f8b5e26f06c2f18,delivered,2017-05-19 15:52:45,2017-05-19 16:02:53,2017-05-23 12:32:30,2017-05-31 11:54:38,2017-06-14,cc14ea7099959d91a17c9d7c3a46721d,2017-05-19
179643231d5131dc81e54ce16437972f,5afb5f268ff16842dc87548c7bcb4690,delivered,2017-03-03 20:55:16,2017-03-03 21:10:16,2017-04-07 14:20:14,2017-04-12 09:58:12,2017-04-07,188ef8f9db0d9602fac4cb40302c31d2,2017-03-03
d3643399509c4df2d897ac4321bd6339,0d411936b4da908edc171b0ab99589c5,shipped,2018-03-27 16:28:50,2018-03-28 15:47:12,2018-03-29 23:14:19,,2018-04-20,9e10a42bf2dbabb0454ee38fb1baf890,2018-03-27
213387d0c127ddbc06eda8fcfe0c6603,01b365dec7627509427c5503e029464f,delivered,2018-07-31 23:02:24,2018-07-31 23:31:03,2018-08-01 13:17:00,2018-08-06 19:27:37,2018-08-08,29bb913f8dc41dfc1da7a18e7bace3a5,2018-07-31
868848b4871ab271d735d67e64584f81,372c809b0a64a795234e537135754dc6,delivered,2018-02-13 21:08:28,2018-02-13 21:30:36,2018-02-14 21:54:44,2018-03-26 21:42:07,2018-03-06,0a4872ccd069dddcc8870e7ad4df6214,2018-02-13
2b62c1f2514954fe162667774af50ba0,c32f268299ec4b883be4ec249446f0e5,delivered,2018-06-27 15:45:49,2018-06-27 16:13:13,2018-06-28 14:12:00,2018-07-03 18:56:50,2018-07-26,816092f5825c3e2cdfdd4af546d4d04c,2018-06-27
07083f97580544bb7ba3372759150f49,181726b449c55cd7f8338b5d4609c2dc,delivered,2018-03-27 16:11:29,2018-03-27 16:29:14,2018-03-29 02:18:37,2018-04-04 23:12:26,2018-04-25,7cacb8e960b2e07264dac972eb1acf29,2018-03-27
e95a9cf427d600b905017685d47e21cb,541890f42357b79536aacad8678d0d14,delivered,2018-08-13 21:31:01,2018-08-13 21:45:11,2018-08-14 10:51:00,2018-08-21 17:22:08,2018-09-14,981434a709f694e96911faaa47eb2352,2018-08-13
fae47c33ced01bcd86b7152ca8c6d803,807d86956a0db3499694b126595bf311,delivered,2017-02-17 23:07:09,2017-02-17 23:22:39,2017-02-20 11:23:41,2017-02-24 10:47:47,2017-03-20,2f0eafc1e2fe0fd11961bd0ca24e62e6,2017-02-17
676e40056867189a1b3599f3e646f421,1f9d7eb9953ad379f11be30ae9dda416,canceled,2017-04-07 21:12:31,2017-04-07 21:25:08,,,2017-05-03,0e627c648d467c22ca73b5e9c4040167,2017-04-07
f556aa150eb96f399701cc908b91bb7f,b0b4ce3ece3e118c4125c0f8ddf82b85,delivered,2017-04-07 19:24:58,2017-04-07 19:35:11,2017-04-11 08:57:53,2017-04-28 13:37:52,2017-05-15,db21f19e7157432871c52a49084bc3e8,2017-04-07
f8b96fd393ba501c08394f9f84e8f077,617fc8fd035377d90276d2ce8cebfa6f,delivered,2018-02-16 12:56:45,2018-02-16 13:10:48,2018-02-20 00:23:19,2018-03-02 21:18:36,2018-03-08,0550075d442dc3ba0369e9e034795a7e,2018-02-16
7a4fcf4968eae315c36ea7fd2f67ad34,15e47cc863e1dd92b3d1d5da4ee1b08f,delivered,2017-08-29 08:34:57,2017-08-29 08:45:28,2017-08-29 16:48:02,2017-09-01 15:05:12,2017-09-20,0db490bc105b98f683075b1bbb026a21,2017-08-29
14d9ad6e33d9a98a2d7a935937895645,ffa2a08d3078f20abd8556015923cfce,delivered,2018-07-27 16:23:10,2018-07-28 02:50:09,2018-07-30 13:44:00,2018-08-06 22:34:45,2018-08-20,72c417dd84d9b7e8fe87a97ac36a2b53,2018-07-27
d7c3bde68818e4f4c44f0641f25c0092,3d4eee9068aa08122a8e652c21727998,delivered,2017-04-27 16:24:28,2017-04-27 16:35:18,2017-05-04 11:43:12,2017-05-09 16:38:59,2017-06-05,b771979f8d7e4777978f38aaa353e4bb,2017-04-27
b54e7e86152b2e409b6cc7080eddc990,21198f061f21cabd2e87f995dcf50599,delivered,2018-03-18 15:53:18,2018-03-18 16:05:32,2018-03-19 16:41:40,2018-03-21 18:48:49,2018-03-29,e53bc27982d949bdf3b40ad42a5c6d74,2018-03-18
ccbffb63e772cd3ec727b371925c25e1,6bc21afb3c97cb2a3464918abd404576,delivered,2018-08-08 17:21:10,2018-08-08 17:35:15,2018-08-09 15:22:00,2018-08-14 19:42:35,2018-08-29,867ec8fc686ce0c4b2ef7e0489359e33,2018-08-08
8e07c114644753d4ec048f065197db8e,75ca43872d52b1b5edefa39295d893ee,delivered,2018-01-15 17:40:06,2018-01-15 17:50:57,2018-01-17 20:22:07,2018-01-23 23:22:59,2018-02-08,77278ade89af03166743f7a0fdbc4808,2018-01-15
f4b91a4e2130d850b29e9a6cf4fd9eed,aafa4d2f21382110f2ddf3ce2efe1328,delivered,2017-08-08 18:35:12,2017-08-08 18:50:23,2017-08-09 15:10:20,2017-08-12 14:26:37,2017-08-28,2a483780327dfce26739e2e83becbced,2017-08-08
3f57a1ad072ee53003ec220f50445342,fd354b19b1fd11c045837f4beda41f6a,delivered,2018-01-12 09:05:41,2018-01-12 09:18:00,2018-01-24 11:04:02,2018-01-30 22:21:33,2018-03-26,54610a858799a89ccd365119745512fd,2018-01-12
89516fb171dee556ef586436687315ff,3288ae263b202f45dc5d0468cc81a348,delivered,2018-06-12 10:00:27,2018-06-12 10:21:21,2018-06-12 13:30:00,2018-06-15 18:46:46,2018-06-29,990b49a71a548dce2875bae04340bbf7,2018-06-12
b4eeb5f8b01e30cfea0247dfbee0d054,1747f9c28aa67f867b8b885a67f820c0,delivered,2018-07-03 14:40:57,2018-07-05 16:17:32,2018-07-04 11:19:00,2018-07-09 20:18:44,2018-07-20,0b51518c7deffd54b13b007c9f91c3f0,2018-07-03
017c16deefc1868a33a5966485ea4721,e7e0438494f6fd05d28210e8c6bd02a6,delivered,2017-11-18 20:23:35,2017-11-18 20:46:08,2017-11-22 17:38:40,2017-12-01 22:26:43,2017-12-19,46b6b9207955de25a4c8ed1192bae572,2017-11-18
53a9030f4c378093408080aa3809e214,a421f8306b6226a35378a093950a438e,delivered,2018-02-08 19:02:20,2018-02-08 19:15:28,2018-02-09 18:58:51,2018-02-20 19:16:55,2018-03-06,bc437134f6f5cd470851993add5984a9,2018-02-08
3ff3ef2712ca7c33e82afe0697183621,dfad35428d73fb161f37a7b844ab4cc5,delivered,2018-04-09 15:05:45,2018-04-11 05:50:47,2018-04-12 00:22:49,2018-04-19 22:58:42,2018-05-03,7a76c348bfeec60fba5a188c80471a7a,2018-04-09
def0457f3544c33499ba8f27f14c937c,b3b47c386e3a14a186562d573e983f72,delivered,2017-07-29 12:44:12,2017-08-02 08:34:48,2017-08-01 12:08:02,2017-08-02 18:49:38,2017-08-18,aa066d2f1b34dec7497b3287462f16aa,2017-07-29
c39256279451486ab6eed803a7c5b094,c0c28584291e1c711bb2028a4c85b7d7,delivered,2018-03-16 19:19:07,2018-03-16 19:30:30,2018-03-22 18:56:51,2018-03-28 18:16:44,2018-04-04,beebc1be0ed751dd085655f8864fae65,2018-03-16
ed638b613c111b199c3550cb29fd6bfa,aee6316af49a9075ee0cce8c83a90866,delivered,2018-02-25 12:35:01,2018-02-25 12:49:08,2018-03-06 22:09:18,2018-04-10 20:45:25,2018-04-12,52552f43d5fe8a3a21890062264fa8e9,2018-02-25
e3c4e25333597368379529a91b6970a1,df9f496fcdb19beb6351d619c29b875c,delivered,2018-08-01 13:42:49,2018-08-01 13:55:13,2018-08-01 19:40:00,2018-08-02 19:18:29,2018-08-08,8371680538b9d830239c9109814c8ab1,2018-08-01
a6c5f5ee344a95643f3dae437286ed87,f41a6064178975f498d982bbf755f7ed,delivered,2017-09-20 12:46:40,2017-09-20 12:55:18,2017-09-20 20:27:50,2017-09-28 14:02:38,2017-10-17,eecc52cabde1fe4f30c62278b7039767,2017-09-20
68bb4de546513f8cdd2c1d21fc3bc114,2a340b549b324ad89196ca8bf908addb,delivered,2018-01-09 15:45:45,2018-01-09 15:54:32,2018-01-11 18:18:18,2018-01-19 03:06:45,2018-02-07,fda24ba4c4b35af5ce3f4a752cd8dd38,2018-01-09
49ccb99fe3aaec6e4926dfd025cd9d0f,0d1c9bf3e851a0db291a9edd754e46a7,delivered,2017-10-17 11:24:51,2017-10-17 11:45:20,2017-10-17 20:57:32,2017-11-08 19:41:06,2017-11-29,598221362d43e0a700df724cd0575bda,2017-10-17
2aa83d9dae401c1373417afddd15fc5c,5587073a673239e340006c2ee9e215d2,delivered,2017-06-20 09:55:57,2017-06-23 09:50:13,2017-06-26 18:47:57,2017-07-05 14:43:53,2017-07-12,12215827d4b7044ebecfc04e04ab06f0,2017-06-20
9855472e23a51c2e8b310d215c717511,5bd633b3448d980bd8ef8f7c93ccd570,delivered,2017-09-09 20:32:30,2017-09-09 20:43:30,2017-09-11 21:39:44,2017-09-15 15:26:48,2017-09-27,30face031972f728f9c0f3426723c626,2017-09-09
e4137bb83c0ad1410a2c9efd9e87fc1a,e301532f8aa72255419037c06de5903e,delivered,2018-03-28 09:34:42,2018-03-29 03:29:09,2018-03-29 23:12:27,2018-04-11 18:51:40,2018-04-17,14ab6d3d1e2df5a47fbe944686f5ef6f,2018-03-28
2ad6c6594bf0917a25ff8b8918d4b7b0,b413f8147ffaf8ad8f92fe4a60d59ed0,delivered,2017-06-11 23:41:58,2017-06-11 23:55:13,2017-06-12 09:08:43,2017-06-22 12:47:54,2017-07-07,fafdadfedbb357305cf1b52d67525795,2017-06-11
56b0badd7be47d6b03b5b4a692791495,2d144557245fd98dfdec25bdcafdba76,delivered,2017-12-01 23:14:02,2017-12-01 23:32:07,2017-12-07 22:21:26,2017-12-15 00:04:10,2017-12-27,6f041ad60d1b98ad6ffa085775b93041,2017-12-01
77ca6260968df56621a018444bec0e59,072d324b57768cb953eb7f70c04d25c6,delivered,2018-04-04 16:32:31,2018-04-05 02:28:23,2018-04-07 01:16:49,2018-04-14 18:21:47,2018-04-26,0379f1984bd3b7850ed7f4ec0a9e4134,2018-04-04
7666bec3cfaed721d5fe9f2159f61575,80ae28c4554af2188467f02733411c07,delivered,2018-07-06 19:23:26,2018-07-06 19:35:14,2018-07-10 14:33:00,2018-07-13 23:40:49,2018-07-25,d534a416925334d2313a55d9b71d538a,2018-07-06
5d136bf14df35a987ca6ee6264518d08,4074326e0b2d0dc6cdf1f059c4e5249b,delivered,2017-07-19 20:54:38,2017-07-21 02:50:34,2017-07-26 19:06:14,2017-07-28 18:53:03,2017-08-08,80e1f7ec74cb1a0c9e41183fbe92d03e,2017-07-19
0da1e80855b93d954fd8f95c571cb191,55dacd547a813a182aa5c6033382abf8,delivered,2018-02-14 10:14:46,2018-02-14 10:27:19,2018-02-15 17:45:55,2018-03-20 18:56:24,2018-03-12,51d894452b659d22c345da849bb27631,2018-02-14
61792c6272346d7f4b7c5b1747df7b1a,6d6221343635319264386c8f977b01de,canceled,2017-03-08 11:51:41,2017-03-08 12:33:15,,,2017-04-10,75bf2fd30af0de267a66a0e6be8c1213,2017-03-08
67d76fc5a4545e99be9b1e6f9e90cfc5,b2dd3429b9c80e9f1d519af8a7705833,delivered,2018-04-26 14:33:47,2018-04-26 14:51:46,2018-04-27 13:51:00,2018-05-10 19:16:47,2018-05-15,81ab27ca3671e55b845b3d241a6e9232,2018-04-26
8413ebc651b8c647366e0e2c61dd63dd,743c5104f424516afb18f53533e4d11b,delivered,2018-03-21 20:34:05,2018-03-21 20:47:55,2018-03-23 18:16:28,2018-04-13 13:11:47,2018-04-18,e8050a105cc04ac529dd9b3cbe5a7836,2018-03-21
6299bb8e855289b411394e216495f96f,9851deda7779662b5efe8b5242911c9f,delivered,2018-07-05 17:52:32,2018-07-05 21:15:19,2018-07-10 09:44:00,2018-07-17 00:41:09,2018-08-08,3b36c9136759dd1599f755c82917d0c6,2018-07-05
ae15b2781b5af9c409f1c064b3c78d43,6d06e4f402231c40950574cee48500a0,delivered,2017-08-02 10:57:35,2017-08-02 11:10:08,2017-08-03 18:33:31,2017-08-07 16:53:58,2017-08-15,d38db8e13c1f15ddbf9fd302a4eaafaa,2017-08-02
3b054a3ac007432a7f620b16c35182f9,2977d5699f7c47ace1ccad7e22e95f8c,delivered,2018-03-07 10:56:55,2018-03-07 11:15:35,2018-03-08 19:58:27,2018-03-26 15:47:06,2018-03-28,0a956a4b6d899b62250c9ed7eb736928,2018-03-07
012bea13f9a355c983efb59a3f23583a,71cd7e5e11ae80ed42c6c57ff51a347d,delivered,2017-11-24 16:17:39,2017-11-26 17:15:51,2017-11-27 17:19:16,2017-12-15 15:09:58,2017-12-27,26f8790baee110479bb7cb362e16134a,2017-11-24
bf73701b5b5b3896c9530b11ec89e8d9,688c9939a7383c04b43657f6238927de,delivered,2018-06-11 21:17:39,2018-06-11 21:40:59,2018-06-12 14:10:00,2018-06-22 18:08:50,2018-07-05,1254e3e9b81a25cf0a32ff59ea11a378,2018-06-11
eea28d6b80e09bfb00dc1f0640d2de47,3696afd6fae4a1f36fcbc3db8f3d6640,delivered,2018-08-09 08:55:38,2018-08-09 09:05:12,2018-08-09 15:57:00,2018-08-15 17:31:48,2018-08-24,02ccceb879088a0253e1e46e0200bdb8,2018-08-09
210c6ed248d1932c050be6413765f0c7,1b71afbf0f5262d87eb73d5165b0e45b,delivered,2017-04-28 08:04:17,2017-04-28 15:15:12,2017-05-02 15:21:03,2017-05-22 16:28:41,2017-05-31,db097ddd1fdbbcbafb113f7af87ca3ac,2017-04-28
cc09da6c606c28d227e63092534166fd,3a1312f3b271aa1bb0c95afc4e1c7144,delivered,2018-08-08 01:57:45,2018-08-08 02:10:09,2018-08-08 14:33:00,2018-08-13 23:29:32,2018-08-20,8e31f8c64b847de447636be1ced917f2,2018-08-08
524a77411e47956b583e344545abf653,53c009899356b1d516fce2ccc4831a6c,delivered,2018-04-03 16:14:10,2018-04-03 17:10:43,2018-04-09 18:31:01,2018-04-16 19:22:51,2018-04-25,e4a388aec69798c56d2422e77c4b125d,2018-04-03
cdaa6abaa1e05e0d89480265def8ff69,9f49952c08746f493bed576ba464262f,delivered,2018-07-22 16:02:50,2018-07-23 12:32:40,2018-07-23 13:07:00,2018-07-27 18:11:16,2018-08-06,5509f09308a722e08252bb22bb0d870f,2018-07-22
a6b00255fe9735f580be26621936de80,bb1eb76deae42911446b07fa4fcfcd10,delivered,2017-12-09 13:44:34,2017-12-09 13:55:24,2017-12-13 18:19:00,2017-12-14 16:28:50,2018-01-05,22955c4f2b6b70d8b0eca2d89232b202,2017-12-09
add917dceddf24259c12174aba0159f2,8649595b9d01b639788a38ecf1a1ce06,delivered,2017-12-20 11:20:14,2017-12-20 11:51:46,2017-12-21 21:19:07,2018-01-04 20:39:00,2018-01-22,55a55b65ef7f279bf0e5846a645e5ba6,2017-12-20
cb9055a03715c49c0d9aa0d1d2161e9c,cc7f0346618c7ea95cf78d9df10e9711,delivered,2018-04-30 07:04:12,2018-04-30 07:15:11,2018-04-30 13:48:00,2018-05-07 18:27:33,2018-05-17,c739eaf462d7fb1662025afdd34a9839,2018-04-30
7dd0ef49824aabc4264669d087b1f8a7,08181bc3f3c2efdef8dca2720d20b874,delivered,2017-06-04 18:53:47,2017-06-04 19:05:18,2017-06-05 19:13:55,2017-06-16 15:51:55,2017-07-10,7838cc11c095dba1eb2fc4147764eb67,2017-06-04
273177c9b2d2eb2a68a77ee39e726b52,8fe693b836b15ebda5ba1b71fe254a75,delivered,2017-03-01 15:02:59,2017-03-01 15:10:24,2017-03-02 14:23:45,2017-03-10 06:09:10,2017-03-31,befed7f0bf7fc3d0262b0f95989a36ae,2017-03-01
f0ef4a7e953d49418b658852e46ae239,a514686ba42450bf705222bd5ffacc70,delivered,2018-08-08 19:07:27,2018-08-08 19:15:15,2018-08-09 12:51:00,2018-08-13 19:12:46,2018-08-21,bd82ed91c46ac8415a451591823b41e2,2018-08-08
011f9dff2545a2cf8ac1809faed3ec88,fd10113c54f4f4bfcaacbd1c2d188a77,delivered,2017-08-01 19:00:07,2017-08-01 19:10:21,2017-08-03 12:41:48,2017-08-09 21:04:42,2017-08-23,db9fa24c8ae633ca73fb9b8cf741574e,2017-08-01
e8f5f9fb65db20f08e707adec28407c9,784901d3f22212ba0ea67576d2c41ffd,delivered,2018-06-24 20:08:48,2018-06-25 10:55:35,2018-06-28 14:47:00,2018-07-05 22:04:55,2018-07-27,97b9d176749a7d6c492127e87c5fab0d,2018-06-24
d6a5b1dabb71e6af751ca35e7ecbcae2,84a18469ae1de12043370666d2807e6a,delivered,2018-05-29 15:03:29,2018-05-29 15:32:23,2018-06-01 14:04:00,2018-06-08 20:32:30,2018-07-05,33165bcd351264cf06f79fefca8c433c,2018-05-29
73840bb583b69b1d181d54f3f755a4e2,525fe4903a5cea320f17dcf74c2a1534,delivered,2018-05-29 13:28:56,2018-05-29 13:57:57,2018-05-30 13:46:00,2018-06-18 20:44:45,2018-07-17,d65921a138c59000aff343f8c991b896,2018-05-29
6262db458a330005c5c5de9806d09584,6fc30afbaa8c92e5d4af80945d59793b,delivered,2018-05-18 21:20:36,2018-05-20 00:30:53,2018-05-23 14:54:00,2018-05-24 17:09:44,2018-05-29,107c5f3730a3c5344cbe1d0f7ec1423e,2018-05-18
2577b7a27e96dbad77db32d34b57351d,6fa63b4b3cdf930c98e8371069c66ca8,delivered,2018-03-12 15:01:55,2018-03-12 15:40:31,2018-03-13 23:34:29,2018-03-15 16:37:47,2018-03-22,9c7570ecbe6c63f6f275bdd4a8a5563c,2018-03-12
ce4c50f30197a0330b034d27da7f5ed6,264e5e9f32e548e54a26fd718c707553,delivered,2018-08-06 11:31:03,2018-08-06 11:44:29,2018-08-07 13:33:00,2018-08-15 14:03:27,2018-08-30,370f5ba1aff084f218101f709b1f0e94,2018-08-06
4139faf4f621fe4b49e3e0d71bce665c,c459a3e01cf597d97c9b5c1795852405,delivered,2017-09-10 16:14:45,2017-09-10 16:25:16,2017-09-13 17:42:09,2017-09-16 14:27:54,2017-09-22,6541e9e4338ae47c96d25fa8d839efd1,2017-09-10
a01e45fb2acf54e98e2b1269ce639ddb,5bfac31979b433764b7a939b6b46fdc6,delivered,2018-01-29 16:54:25,2018-01-29 17:17:50,2018-01-30 17:53:25,2018-02-17 00:56:35,2018-03-09,1cb3bca9866a07b094ac1539aa1b43e9,2018-01-29
afd30106ec5fcdc91936dc9e8bdac2bb,81e6dcb18ef7a826576876d2f21756ab,delivered,2018-08-16 10:02:10,2018-08-16 10:15:17,2018-08-16 13:19:00,2018-08-24 19:22:01,2018-09-11,84e980ddc764302628d9be7734c5ced7,2018-08-16
f62e1cc968992b573558a1406edc8ccc,1442bed704b202edf2871f6797bf4b20,delivered,2018-01-03 20:18:19,2018-01-05 02:33:39,2018-01-08 14:49:11,2018-01-22 17:30:15,2018-01-30,16d39408472c6749a7a025ca6942ea86,2018-01-03
5f2a1ec22eca170ab81c30ad2ba13a23,e762c1890611291154089b0ca74c0010,delivered,2018-02-14 12:04:23,2018-02-14 12:40:21,2018-02-14 21:54:44,2018-03-06 02:18:03,2018-03-08,872778fcecdddc0e5036f1eba0dc6f5c,2018-02-14
bc549579fe8b9728bac120abd8c20174,2f10dc6ea31f47d7ce69dcc713ca6e07,delivered,2018-05-08 04:37:15,2018-05-09 03:35:09,2018-05-10 12:55:00,2018-05-15 16:45:07,2018-05-17,ffbcd1715dfbead64e1b896044d73c76,2018-05-08
814f83a0c457db5d3220e5e7367a944d,0d45bdea2b7f24d31d6d7da7a8c12d0d,delivered,2017-05-09 17:54:17,2017-05-09 18:10:09,2017-05-11 12:28:34,2017-05-17 06:51:59,2017-05-29,b8675e46655f71c128a083ff4152d39a,2017-05-09
d40dd8018a5302969efb31bd21744cab,0470c47f1dd7a91d0f3b8a420589e0f7,delivered,2017-03-23 22:59:21,2017-03-23 23:10:30,2017-03-25 09:26:22,2017-04-06 16:33:45,2017-04-13,27c5a2e7ca50a650565c75052cd5712d,2017-03-23
178d4631e2d802e398e7ad53d76744db,8af58cdc47baf577a7b6ff7fd64a0164,delivered,2018-03-06 19:06:20,2018-03-07 19:09:53,2018-03-09 17:45:32,2018-03-28 21:21:43,2018-03-27,978dab1ebf5017a26ca24acbf8e452f2,2018-03-06
de1f63780a06d4800d094e9875c89ac5,3c664b374699a72e45de3edd4adfd360,delivered,2018-03-10 10:04:03,2018-03-10 10:15:30,2018-03-15 00:58:40,2018-03-21 17:41:58,2018-04-12,59260bdb3edea5b766bdd5940fcb3a95,2018-03-10
22b4202b17bc3ba77ee0b82dce7640f4,e62524b785aae220dbeb9997d9e34312,delivered,2017-10-31 15:18:20,2017-11-01 03:10:32,2017-11-08 21:57:40,2017-11-24 21:17:58,2017-11-23,967451f32eb0f751033b3a8054cdbffa,2017-10-31
b96a1d2c7e7e18ae3bfbdfc43366a42d,ede1d05d53f82a21a82e22a89aaf01c3,delivered,2017-12-10 19:31:51,2017-12-10 19:38:21,2017-12-12 17:46:53,2017-12-29 17:49:44,2018-01-05,fc29da50ccc5a3cbdadf475432a8caa7,2017-12-10
20176fe1ddb4756918024acdffd0cb05,1cf7dea919ba9ca8bb252c4da7cb2aed,delivered,2017-10-19 03:08:03,2017-10-19 03:27:40,2017-10-19 13:29:50,2017-10-24 17:46:18,2017-11-07,dcc240e1acf79405edac973eaa8bacde,2017-10-19
aa04ee4542e835a3e6f4da876dc654c6,dc49e0412ba3a24e9555f34f15e715ad,delivered,2017-12-12 15:27:05,2017-12-12 15:50:48,2017-12-13 21:37:20,2017-12-14 19:56:56,2017-12-29,3e3e0c2b99958071eb13725728790328,2017-12-12
b2426a12223a693246063d6236b3010e,cd47325ca955deebec5548b6247d6b3f,delivered,2017-04-12 10:18:30,2017-04-12 10:42:24,2017-04-12 15:21:03,2017-04-17 08:27:48,2017-05-11,51fda17273c5152496a5d48c27c6a711,2017-04-12
885a241064b41183a985510330cd9aae,1d6509f7241d41656e3dd4b9980a3a0f,delivered,2017-06-23 12:41:07,2017-06-23 12:55:31,2017-06-23 13:34:46,2017-06-28 10:59:01,2017-07-13,f23b514a4aede69a7584dadff22e2819,2017-06-23
7f4fc954dc46f105335b49a80acb1f7c,95936ba8a9ea372f3b9b0aea6aa2165f,delivered,2017-11-21 00:17:44,2017-11-21 00:26:53,2017-11-21 17:41:26,2017-11-27 20:51:32,2017-12-13,8b97e74de321e5e5009a92d7aedff7bb,2017-11-21
5cb1ebf7fc3436167b8c37a78ceed6a1,e0bdc76109fff228c2f4a5f09b47f3ea,delivered,2018-01-18 19:10:45,2018-01-18 19:33:37,2018-01-19 18:08:36,2018-02-07 23:48:51,2018-02-08,d5f1c791525848bf42d8a44630128f2f,2018-01-18
c66c3d7b42dbd139f921139df1eeb31c,4eb63dae024202dc0114b95b5429c0b1,delivered,2017-09-13 12:43:43,2017-09-13 12:50:20,2017-09-28 19:11:44,2017-10-03 12:43:08,2017-10-10,a5d0c80e3350ae1f1570e983b6b7de40,2017-09-13
4b944ced0a85068eda08572e1c5e890f,8bb9675b99a1bfa9d37b5100fafb64d4,delivered,2017-12-27 23:08:41,2017-12-27 23:19:25,2017-12-28 18:32:36,2018-01-09 13:57:24,2018-01-26,a2c82c466eae4589cb8d4deb88324e46,2017-12-27
bab8a3c77d39678185f390e2317418dd,7f858b13b6bc5add18230f1efbd7b6e9,delivered,2017-03-21 16:13:29,2017-03-21 16:13:29,2017-03-22 12:36:46,2017-03-27 12:15:40,2017-04-24,9f0c1d85392533a1e960d4d58915c59b,2017-03-21
1801452e1cca8ab335fa5730426ebe75,edfe96f0a10e2b8cdd3dc777150c2fa0,delivered,2018-01-17 18:09:50,2018-01-17 18:17:38,2018-01-19 19:53:12,2018-01-22 16:18:16,2018-02-02,f1ffb22dc326bc441d4227e481e19518,2018-01-17
43ebb44129e36dee79fef2ff7343a806,5d96f7ec0aa0498407850bd38017cf44,delivered,2017-07-07 16:25:41,2017-07-07 16:43:36,2017-07-08 13:07:44,2017-07-14 18:03:09,2017-07-31,d2044494c8aadc437303a5fb88037d66,2017-07-07
0f7f3eba54c53b72342a72c2a266c9a3,f1e78d2897482442795269df65b50a47,delivered,2017-05-19 14:25:52,2017-05-20 04:25:24,2017-05-23 11:16:00,2017-05-29 15:32:39,2017-06-12,4decb8ffe8615df98bfbd2c8e105562d,2017-05-19
043cdeaa13251e7dd736f65b9ef6498f,a1a2959e5c770a17d96e3d2e29fe2e80,delivered,2018-04-21 22:06:04,2018-04-24 19:25:28,2018-04-24 22:03:41,2018-05-02 15:16:59,2018-05-28,6c905274d97aff993bd2ddc1bdf0039d,2018-04-21
e80668d1356f3b4f4c77cbdb452adb7b,193067f31282f22e08758beef998c9b0,delivered,2017-10-24 12:56:06,2017-10-24 13:07:26,2017-10-26 20:52:50,2017-11-01 20:35:52,2017-11-14,6fd59e5feeb6fae45bdb31e266a65334,2017-10-24
23776c3e7fc4d5e5185cb19abb53e653,1265125ec446b88b4079ce368f6e9595,delivered,2017-11-29 08:52:21,2017-11-29 09:10:38,2017-12-01 20:19:03,2017-12-11 21:04:16,2017-12-21,52048addc48dc028cbb5c1cd4f67a32b,2017-11-29
11b1470a79108e6d6dde223c40bf2c4d,825f58ca9af74f7fed6d0e24f5e12fe2,delivered,2018-07-05 03:38:19,2018-07-06 02:51:16,2018-07-06 09:20:00,2018-07-11 14:18:45,2018-07-27,0c926ffb5cf7eeec88d58fc8cc6b4379,2018-07-05
cdc1504eb9521a2941c00363ee8288d2,87e3b43896edfc6786a0d8ab36a14202,delivered,2017-09-05 16:05:43,2017-09-07 02:55:57,2017-09-15 23:13:04,2017-09-27 17:47:56,2017-10-04,46b312cdfe6ba42f507279a1fe2362df,2017-09-05
f49b0d1c77d2f8b37c7579f4cbc8264e,60084b7d470df61a877bc270cae7f70f,delivered,2018-05-22 11:04:25,2018-05-22 11:37:11,2018-05-23 12:51:00,2018-06-02 15:51:22,2018-06-06,1fc2cb6ebb730024fe7c5ab3d246e5f9,2018-05-22
60cea07de0865aeead1984c1c97dee57,e31cc7a1dbedf7b8118bf23028475df4,delivered,2017-05-29 15:07:16,2017-05-29 15:22:43,2017-06-01 10:56:44,2017-06-05 12:14:26,2017-06-09,180e4e8f85ccc2696dd6de4e0f153d04,2017-05-29
fecadea4b60522702bd322933da20c9e,52949927b7bca40124954b070e2ccd44,delivered,2017-12-01 12:57:58,2017-12-02 02:51:04,2017-12-06 00:07:16,2017-12-11 19:51:47,2017-12-28,04ae6453ac0b2807721d210786d83b50,2017-12-01
9694aa09499321709cdb542840ebbbb2,18cf90f4d4f765bd1ca02c2af5e214ea,delivered,2018-05-01 00:02:11,2018-05-01 03:53:50,2018-05-03 12:31:00,2018-05-08 19:18:47,2018-06-01,d70518ac1bd8900a2c3c6b2636720abb,2018-05-01
6d95f56851f4a4c72764429b174d2757,5bc405425b97198b8eb4ac336d490ebd,delivered,2018-07-21 04:52:51,2018-07-21 05:05:08,2018-07-30 14:17:00,2018-08-03 19:22:03,2018-08-23,32fb60e2ce6a1f62eeccbc2d33046072,2018-07-21
9126ef9bac580112777f7cc8735b9317,8bbecefdad74647734aac4e73e3047f2,delivered,2018-06-11 14:12:17,2018-06-11 16:31:31,2018-06-12 14:05:00,2018-06-18 22:58:24,2018-06-21,49a1791c867406dda357f80e0dda5b87,2018-06-11
68bdebfec71378badc0a09b44e8344cd,a613363dc0778bfec55c8cf8ddd311c6,delivered,2017-05-27 11:15:45,2017-05-27 11:25:19,2017-06-08 06:26:41,2017-07-05 11:46:32,2017-07-03,3cd897e12575867979341f66f72f9232,2017-05-27
6f30b59ca40f5851d931d146ef6868d0,25cd69ec3b9ed53e0dffdc108ae9094f,delivered,2018-07-01 18:43:37,2018-07-01 19:09:47,2018-07-10 13:33:00,2018-08-07 19:18:43,2018-08-22,2417c1fc9005c0f6e6215367db070e8f,2018-07-01
287b0bab443f35ac8aaeef8efdbc3a74,ca428a8967c35219bc97f4080b3c2fa5,delivered,2017-10-30 21:42:35,2017-10-30 22:32:06,2017-11-03 15:57:53,2017-11-14 19:59:02,2017-11-16,dbaf90a340588b6b0d35609707c9e28e,2017-10-30
85155db432ac11f95d0c59fac9f4974b,107def0a7b2abbe0805a5f19d9d358a0,delivered,2017-06-10 16:30:10,2017-06-13 04:02:44,2017-06-14 10:37:38,2017-06-19 17:46:49,2017-07-12,ac2230be6e3cf92bea664b00f91b60ee,2017-06-10
ab2830d9aa052d7aee54359bc3f61d0c,47c86af221a1224eefc71b9f9600ef02,delivered,2018-07-03 19:11:43,2018-07-05 16:27:04,2018-07-04 13:55:00,2018-07-13 19:16:38,2018-07-26,6641a8b5e1523a486420211710917f7e,2018-07-03
e2cbd2d1481ec11ea5c4b7060296548f,d1926a6e8068d2bb5d6439d80a52c8df,delivered,2018-03-12 11:05:17,2018-03-12 11:15:33,2018-03-13 16:44:37,2018-03-20 18:28:35,2018-04-05,7e988d4529e91738351be25a6cc4f36b,2018-03-12
eda613a4e8989dac08362e3326431eaa,ff1566bb6758a1a457e922cd7affcb2e,delivered,2018-01-19 08:02:06,2018-01-19 08:15:41,2018-01-22 18:59:39,2018-02-02 15:42:37,2018-02-16,88fcb680dc8cd2e540010c0750b78242,2018-01-19
64c8d713a96944349d954eb4bd62e6d5,da6cb7e84bfcd07e870786f37895b6d2,delivered,2018-08-10 17:01:31,2018-08-11 11:30:06,2018-08-13 15:25:00,2018-08-22 23:08:27,2018-09-04,748023de9f80b6385f2873e3e492253c,2018-08-10
6e90d9d1208b1fd1a03e262aa7d54115,ba5d9b2f351aa1537e733555144c88e5,delivered,2017-11-03 10:22:00,2017-11-03 10:35:27,2017-11-07 16:09:17,2017-11-14 17:05:17,2017-11-28,7bfa212c3943753ed8307180edd5fe89,2017-11-03
8342cb0cdd4fa7bd6ff3a6f7444d1d63,a1725c06c50122eded9e3c2289ce7d49,delivered,2018-03-20 22:54:39,2018-03-22 02:50:58,2018-03-23 01:06:54,2018-04-06 21:24:48,2018-04-13,2ab364bdbeb4b3f487a5a77de2603753,2018-03-20
8e65dc9111065511a3429687624b4fd2,3511ee1e32ffd8cef320d91f1904a7db,delivered,2017-04-12 13:45:31,2017-04-12 13:55:18,2017-04-13 13:54:44,2017-04-24 12:34:30,2017-05-08,2c5bafa2e3d48ca7b446921b05d7f5f4,2017-04-12
bd6a18e7a7310602453f4fa2a74ccdb4,7c9cd3cca2b9e21c63bf307f7b284685,delivered,2017-04-25 08:06:05,2017-04-26 09:36:46,2017-04-26 21:07:21,2017-05-02 11:56:54,2017-05-12,1e340ee9a8e23b192e5007be9f6de314,2017-04-25
4b1db8a28fba39bb791eaf6f2d287d5a,ed4134290a6458712e109a4c68171571,delivered,2018-03-28 13:23:14,2018-03-29 13:28:44,2018-04-02 17:44:58,2018-04-20 22:42:39,2018-04-23,4118506b6fdc854afb982ece1646ee2b,2018-03-28
1c020d85d867e13a69a2864fdd50e1f6,c2f9727e28c5a4b924388415883459fa,delivered,2017-11-07 19:32:53,2017-11-07 19:50:58,2017-11-08 20:18:47,2017-11-16 20:37:41,2017-11-27,b548b867f81bcfa918b0dfd616317e4f,2017-11-07
1747c5b6d79e2facdab870f3ba6c6839,cc3220c1a94e94ea654389fef37e18a4,delivered,2017-10-05 13:39:21,2017-10-05 13:49:33,2017-10-05 20:11:55,2017-10-11 18:51:57,2017-11-08,c4d7f205b35968c6137af23d45e02102,2017-10-05
312e1512a754a9cb5cf0c02208e818e3,3c22246ee0164d6c28f5320a69dd4059,delivered,2017-04-11 23:53:51,2017-04-12 01:25:33,2017-04-12 10:29:16,2017-04-25 12:20:46,2017-05-08,59893c51b7011c0934e6f309f0e47578,2017-04-11
43633b4950869ad500817fb5326e1864,69b9d91ba59311c2c23231ae34d2faa5,delivered,2017-07-27 14:02:07,2017-07-27 14:15:12,2017-08-03 17:41:16,2017-08-11 17:53:38,2017-08-30,aad125539f0acdad5404dfc2def0e750,2017-07-27
656eb4f0ee4385fd32f5eb22d296be75,8ce33cffd2b351f19bad2152103596a3,delivered,2017-12-14 23:49:27,2017-12-14 23:57:38,2017-12-18 19:23:42,2017-12-26 12:38:49,2018-01-09,b9cf03cdb38259ecf209d86fa8dd180d,2017-12-14
dc7566bfe3895fb2cdd629c28afede86,51eb7663bd61a5973720f98b62097595,delivered,2017-04-07 15:21:10,2017-04-08 02:43:31,2017-04-11 11:35:14,2017-04-17 18:18:14,2017-05-08,b8801b6ed138b39783c0648df02fb94d,2017-04-07
ce720cfa1cadab0ab4c19a956254d382,08420efd8b1c0be27393032e21a993ee,delivered,2017-05-25 22:33:25,2017-05-25 22:45:08,2017-06-01 14:04:47,2017-06-17 10:38:02,2017-07-03,4b6d726a54a2660c4d09bd675d37a813,2017-05-25
efa1af2a8dfff552767e96fda9a44370,4937c7e96833e9f634ed8ca35c03eda2,delivered,2017-12-02 12:01:05,2017-12-02 12:20:27,2017-12-07 01:58:44,2017-12-18 11:32:52,2017-12-27,f0649fbce04fcaa161699db380ff888a,2017-12-02
61d5f1dcdf9b023ea7622b65d2362e4f,bb465a223e03add1dea0f9b32822f59c,delivered,2018-03-30 09:27:22,2018-03-30 10:10:10,2018-04-02 19:59:04,2018-04-11 16:59:55,2018-04-18,086ababf10b0da6e13275efcb692b3c5,2018-03-30
cbfe43d4a7e8df6def7f9247e1c6120e,a5025dca34865983e2a8276422abde37,delivered,2017-07-02 19:33:39,2017-07-04 04:25:19,2017-07-06 13:44:24,2017-07-10 18:16:46,2017-07-21,b74a1e6e34107310b420e0ad78dd3b9e,2017-07-02
223be4c8588a9c2a4957d1f36b1dd632,db02d96473e42ab62448e2d44a79e3e4,delivered,2018-01-30 09:42:12,2018-01-30 11:15:42,2018-01-31 18:48:39,2018-02-07 00:57:40,2018-02-15,d7411aa066c518157f5c8b30ac82ffe8,2018-01-30
8dcedca18bb1b1f7a5db3ebb636f372e,5ec3bf2d6dcee4f176783567eb78cc11,delivered,2018-02-26 21:46:40,2018-02-26 21:55:28,2018-02-27 20:09:27,2018-03-25 10:44:37,2018-03-16,3f3e4f00e65a3ae4e3731cef10c91bb6,2018-02-26
31e50461be6957a749166e97af082d0a,a95f4bbcf95262b073e4afa481b59ff8,delivered,2018-02-09 14:43:53,2018-02-09 16:50:06,2018-02-10 15:04:51,2018-02-16 17:02:38,2018-03-02,53fb3435773a4690e56010b169ee2820,2018-02-09
c070197fda7a26801e76cbaa59b9298a,8e3cb75915296ca5a6ba89fae7c2566b,delivered,2018-02-25 20:30:05,2018-02-27 04:31:05,2018-02-28 19:21:37,2018-03-09 18:22:57,2018-03-12,a4e189810c3f326b7eebfa1195318ff0,2018-02-25
ba5bea3d3350015cf0511a06893b7617,f9f54decdc00f222d23da880105b1078,delivered,2018-06-07 19:45:22,2018-06-07 20:15:02,2018-06-08 08:33:00,2018-06-14 19:06:17,2018-07-12,ef738b557fb2f188752bcbc69bbcfaad,2018-06-07
47a59571eaf621fe16f74c18e25fa329,78a1c372926a7a74192f675703215b39,delivered,2018-02-22 18:48:27,2018-02-22 19:08:25,2018-02-27 20:12:45,2018-03-16 22:32:58,2018-03-14,1bd6c3a42ac8534fd22a6a342d06871c,2018-02-22
37c5e874cd21d8a572111e7fe0bab749,1132036fb26760e31485647c6c6b3e27,delivered,2017-11-05 21:55:51,2017-11-05 22:06:44,2017-11-06 20:48:43,2017-11-16 17:52:47,2017-12-06,93cb1651a79ef0fa3c8af11866054d9b,2017-11-05
d04aa7a56c20579debaf2cd69ce4dd73,d5f0e4db4039669c25d1d1fe428c8bcb,delivered,2017-03-05 20:49:57,2017-03-05 21:02:48,2017-03-08 10:40:40,2017-03-21 10:27:45,2017-03-31,afd7854781ccdc3222b69421f9c7c6ee,2017-03-05
578b634977ea194b887ef0cee6d501d1,fce502dc054ac3e83ff0e46624e8b145,delivered,2017-11-11 17:11:07,2017-11-11 17:26:17,2017-11-14 16:35:17,2017-11-29 16:07:00,2017-12-05,22a9edc03eef113db3ad4ba7f93016e8,2017-11-11
2da6ebf3d4e564ca7ed21893aa78d820,d4e7cb01d336245a67f8d43b21c82269,delivered,2017-09-29 09:18:47,2017-09-29 09:28:16,2017-09-29 14:36:01,2017-10-10 21:13:39,2017-10-26,4897a3c64a635a703a71dd2d9189bffa,2017-09-29
8bd569b6ef081e577038e2c73038b191,2d01686621b1dedd7c5dbd0d4f8686ee,delivered,2018-06-09 14:08:25,2018-06-09 14:31:58,2018-06-11 14:41:00,2018-06-20 23:12:12,2018-07-13,30cd4e5146e6f7b12f08bacaec791418,2018-06-09
94bde44a48f191d7175f67eb93b9ed67,7e8eda96b7924f789c4b65855af3e187,canceled,2017-02-01 17:31:17,2017-02-09 14:43:11,,,2017-03-16,ca2b1ce533e64c360a093814c9726b35,2017-02-01
2d372207e6e6c38c19f44bf5a7e07e66,dd4f9db38b8a3f03ff4dd5f159dfe50a,invoiced,2018-03-15 16:34:31,2018-03-15 17:10:11,,,2018-04-06,a15b85148f749b111adc25bf4b7dc927,2018-03-15
b871405a198da4b2817206ce2a13de0b,12ef94446bb39eb7506941f858526d29,delivered,2018-06-18 11:25:56,2018-06-18 12:19:01,2018-06-18 14:10:00,2018-06-25 13:23:13,2018-07-18,4a0571231aebaaded526d5898fedb0bd,2018-06-18
8fa6f30389819ea6543a643faf9ad7e3,50da54149c28a6b981ba9041bae4f547,delivered,2018-07-15 22:51:54,2018-07-16 23:31:33,2018-07-17 16:01:00,2018-07-23 19:28:46,2018-07-30,88c48ca1cdf654520e0089ac8270fdbc,2018-07-15
448a8d1f2ea019c4016c1e6f75d01dc7,e4746f45c535eb374011aa4cf48f0a42,delivered,2017-11-29 11:10:26,2017-11-30 13:31:20,2017-12-01 22:32:18,2017-12-08 22:38:30,2017-12-18,8eaf27a884ddf505b257915eeff2f001,2017-11-29
233d68955f53ddc70fdd403f7032c093,395dcb266e4b2dd47562e938d8495a88,delivered,2017-05-21 10:32:54,2017-05-21 10:45:16,2017-05-23 10:05:30,2017-05-29 04:22:00,2017-06-13,cd255d3cd4ed220b4c81a81d28d39232,2017-05-21
18f15d3fbb7850283b527597c8f58704,5c0207e0f15556dca4a404a60936ec64,delivered,2018-08-13 10:39:36,2018-08-15 03:15:52,2018-08-17 15:21:00,2018-08-21 21:15:00,2018-08-24,fdacb67f7f266b74730a96a5b5fbb205,2018-08-13
e93d4bbea9f3bfbce59cc83e6a663437,97cf999f275f1388e6ecb91f4b0d6e98,delivered,2017-08-29 11:40:02,2017-08-30 02:05:28,2017-08-31 18:22:46,2017-09-08 21:33:55,2017-09-22,58776ff19ef06d5017a4dcd0c0062148,2017-08-29
4f5b17a084374aefa986a762eb8a7de2,7622d1fc55809b6109b7decf63dd8529,delivered,2017-04-24 10:02:13,2017-04-25 08:05:17,2017-05-03 16:12:40,2017-05-11 10:39:42,2017-05-17,71036db6faabd00815cec3685d26d8a2,2017-04-24
7701acffdc4a67fac70f9ba0d45cdf41,2c3e6d34925ae17def03b796b63e8dfe,delivered,2017-03-28 21:45:33,2017-03-28 21:55:20,2017-03-29 15:47:41,2017-04-04 17:36:29,2017-04-17,7ae8bd64bbd6f4342d2f802e88565dd1,2017-03-28
79f3f1e756924f3c4f2e8de5b726ccff,f3258f0909cb8d6bed43289901375714,delivered,2017-11-24 16:36:22,2017-11-24 20:32:37,2017-11-28 18:11:41,2017-12-03 18:53:09,2017-12-20,a5ff3e189ea72dfdfedfb86af24392cc,2017-11-24
f68bf4a4d690be2a9ba9402b0862ad34,b0f499373858acb08d14307f9969da01,delivered,2017-11-02 21:32:55,2017-11-02 21:46:57,2017-11-10 21:12:13,2017-11-14 19:12:29,2017-12-05,6fa9a7cc1ae70cedadd47d4fe1042917,2017-11-02
07883f86dff5e5622fe054225f176aa7,b5024012e2eb8cefcc0a866047341d47,delivered,2018-05-18 20:27:58,2018-05-18 20:35:17,2018-05-22 14:28:00,2018-06-06 21:38:41,2018-06-11,79b950a1f40a82740c2d71a937525061,2018-05-18
92f21edc7e69a84e3e521e9adc7c83b8,4e5625bd8071649b275dcce5f9aaec1c,delivered,2018-07-20 21:21:06,2018-07-20 21:30:14,2018-07-24 12:33:00,2018-07-27 14:32:57,2018-08-17,c1e46a3c0e43e74dc1a0704323c2ee3d,2018-07-20
515c58930f7c49f1a0d9756e12491e63,744d7d775d60a6152affb2f46976ef2a,delivered,2018-08-16 18:51:26,2018-08-18 02:50:13,2018-08-20 14:44:00,2018-08-23 19:16:52,2018-08-28,038000a92d070ecf4f4212b804b2844c,2018-08-16
c7792e68d2b059a30e1393cf164f9adf,d26ca867b1550906d9277386f53216aa,delivered,2017-12-02 18:50:34,2017-12-05 06:51:40,2017-12-07 14:07:02,2017-12-14 21:06:37,2018-01-03,10748979aef0138c15ba47e04fa1b969,2017-12-02
dda49ab2822cbc8fa455bd3f699b39c3,d30f32b756dbc49536884f962233a2ba,delivered,2017-09-23 15:28:09,2017-09-23 15:44:34,2017-09-25 16:43:10,2017-10-04 20:38:16,2017-10-24,4c4dd694773b1fc6f0481f9221c31b79,2017-09-23
0eca09e82535e22a903c3653b2c7eae4,cf28b3b37de0d44466168e557645c5f4,delivered,2018-06-03 17:15:21,2018-06-03 17:30:24,2018-06-04 13:30:00,2018-06-12 23:48:43,2018-07-27,02d00438cdf92f0ee2809b20683a4619,2018-06-03
ac4cac02127ebb55852c9b87cf67d58d,17deb423f4b91d5f4bee1506901ab904,delivered,2018-08-10 09:18:07,2018-08-10 09:30:19,2018-08-10 15:12:00,2018-08-21 00:25:40,2018-09-05,fe2be031363fbeb53703145ce05f440b,2018-08-10
ef93be4e062f4f0f65f6d5251fe0ea40,e56decd9a37f6d32ecbf12d3ce1801b1,delivered,2017-05-08 18:46:53,2017-05-08 19:02:18,2017-05-09 09:22:48,2017-05-16 15:39:51,2017-05-30,f4604001b6522fac7d3637dadceb4c4e,2017-05-08
0c532a9c46c5090a74edf2c28388699a,467292e9b683d78fd3c115882633effa,delivered,2018-07-11 18:33:35,2018-07-13 02:43:56,2018-07-13 12:10:00,2018-07-23 14:44:29,2018-07-27,368a52f8325900082c2cba4895ef2984,2018-07-11
57eede1060c3e289d5be82560b4874b7,1969139e7199fb5279310e0cb26c66c6,delivered,2017-10-27 11:33:04,2017-10-27 11:48:28,2017-10-30 18:44:38,2017-11-08 21:05:14,2017-11-24,57b5d9f9fa4f1ff41befbfbf0fcbc3ca,2017-10-27
f9418673303e682d25b8e8a57bb7c4d8,a3f51ba06f92eea012aee0148689488b,delivered,2018-08-01 08:06:08,2018-08-02 05:05:17,2018-08-07 15:48:00,2018-08-14 18:44:41,2018-08-17,2c0feac2de7b519f5a02fadb95b1e17f,2018-08-01
aa4e05bcd5346709bd52562b68ae92be,a0a01be5465eb34d2a159440ffca23e4,delivered,2017-06-19 23:00:24,2017-06-19 23:10:19,2017-06-22 15:43:24,2017-07-04 13:59:52,2017-07-13,8d4354a7ba46dee8e1a96179a9407b97,2017-06-19
11c8a3b7adc8c5c3f5ae4f0257c5e953,003536ce5e18f1d12b9bf76932f8a6b1,delivered,2017-10-16 19:17:54,2017-10-16 19:35:17,2017-10-17 20:17:46,2017-10-19 16:14:55,2017-10-26,bacd3fc37792ceefcb45e0e90c9ffe42,2017-10-16
65480799a0ea99cc43f86d3af16e9d1c,ee4207b3a04cdbfdbd567e3e34748851,delivered,2018-08-05 20:30:35,2018-08-05 20:44:33,2018-08-07 14:25:00,2018-08-10 14:32:37,2018-08-22,3d3b321ab293296bc1ad4752ddbb0767,2018-08-05
27d168c6a89ffc87604d2e42c7761956,01e466f5fd2937b4ea4a18eb9963f9ea,delivered,2018-08-15 19:33:36,2018-08-15 19:45:14,2018-08-17 11:23:00,2018-08-29 17:31:48,2018-08-30,7a59e6b746e01c279424d73675d3fe8b,2018-08-15
80606b26965c5ed21e85a085e0667b63,9e241a9965210ac822859a94c0f33162,delivered,2016-10-04 11:03:14,2016-10-06 07:46:47,2016-11-17 11:21:15,2016-11-17 19:14:41,2016-12-08,6e4c8eed6842146f77d917f7b437b4c2,2016-10-04
19025d18b19c3708839cb8d53432255a,cf781d70e640e40bbda23421b23da094,delivered,2017-07-11 13:48:22,2017-07-11 14:03:28,2017-07-11 19:07:31,2017-07-15 14:07:59,2017-07-24,021a4369c52a67fdaa1a923dada92cf2,2017-07-11
811c07cfc688fdcbdc6802617db18822,f96d2f985715f67004e13c4a5f126ad1,delivered,2018-05-28 11:14:09,2018-05-28 11:33:10,2018-05-28 13:58:00,2018-06-11 19:05:15,2018-07-04,f5e565a88e60470ef0608a1ccefe9931,2018-05-28
af2bf9b846ff40006f0b5b856151f468,0d9078a58e9b0292d4304f64ffa945c6,delivered,2018-03-28 08:27:32,2018-03-30 03:08:51,2018-04-02 17:17:06,2018-04-17 21:06:51,2018-04-23,cc7549ad2ea6795d34c3700fce811669,2018-03-28
c1eab54ad584ff7acf4b8f5e4020c005,3be4ac356c3f5f24bfac0a0a60ad48d0,delivered,2018-07-19 18:49:17,2018-07-19 19:03:16,2018-07-20 15:58:00,2018-07-25 20:33:42,2018-08-07,52ff299027b82ad5886b78d57dd8be1d,2018-07-19
eefe21a13ea7838a575a4e488d607511,700d1a0f07ccb59ca2e228321d9a1904,delivered,2018-05-15 19:07:17,2018-05-15 19:36:09,2018-05-16 14:34:00,2018-05-18 16:57:26,2018-05-29,f25326017e22289ed8e05b9e8d0cbb70,2018-05-15
73cbd9a357e885c9034b3df9d50482bb,46e0d12aabd5f68050e1fde28849e8df,delivered,2017-11-17 19:42:29,2017-11-17 21:10:28,2017-11-22 17:32:25,2017-11-28 23:32:15,2017-12-07,cb26f33c1b5055d997cc798dc94790d5,2017-11-17
d9842672b8cb5ecfbbd067d497f8958e,690ac6352bb46041d9e45639b236c655,delivered,2018-07-17 19:23:14,2018-07-17 19:35:22,2018-07-19 13:29:00,2018-07-23 21:29:59,2018-08-17,02dae28f5d185f91a95c80fb5d6f8c35,2018-07-17
e95c17e37b96427efd69412b0cc4a881,ec7ec1275ebdd28f29b049a22925adf9,delivered,2017-04-23 12:45:18,2017-04-25 08:15:29,2017-04-25 08:45:25,2017-05-06 10:55:35,2017-05-12,fc72910296cdd10668e50af1dd057f1e,2017-04-23
3818ab6e31e399088ce955019f85f7d9,38803fa65ceeb31eb375eb4a021a643f,delivered,2018-07-10 14:37:30,2018-07-10 14:50:21,2018-07-17 14:33:00,2018-07-21 00:12:30,2018-07-23,456f6d64ecda1b968375d3a68eabfb5c,2018-07-10
3dc2e037b872ca03f5b91028710abae5,d86db9ba23e719eb8c1ef6ce74c512a6,delivered,2018-06-18 16:23:56,2018-06-18 17:01:18,2018-06-19 13:25:00,2018-06-22 14:34:35,2018-07-17,a9f2ee3ac6f8aeb670c23effec238de2,2018-06-18
2fcb6263976614e8dda6b72f13366a6d,941b4ea1de6f56f25540741793bf1e07,delivered,2017-10-24 20:39:54,2017-10-25 02:26:17,2017-10-25 20:22:30,2017-10-30 19:34:52,2017-11-14,c78c21a421035397add0b6506d64cfdd,2017-10-24
4ecddf4ce273e32faaf71a4a8ed4676e,1224bdfd619a078b06b63b6178979f41,shipped,2018-06-16 19:17:47,2018-06-16 19:37:23,2018-06-26 14:34:00,,2018-07-20,80811431006db23119a168cb745a0459,2018-06-16
32cfd413ea0c915a211233c47b4e4de6,a5365057820af88a289d8dba9dd64e5f,delivered,2018-04-20 15:12:47,2018-04-24 19:04:19,2018-04-25 00:59:27,2018-04-30 22:12:31,2018-05-17,47d5100fb5a4bd584778b81d489863e1,2018-04-20
67edec8e43c1b29a3121679657069073,bab006f240ef438b5e724e3df1aefeea,delivered,2018-05-12 20:13:34,2018-05-12 20:35:54,2018-05-15 19:03:00,2018-05-17 19:06:55,2018-05-23,791a267787e75fd37f4aef4e9868cfe4,2018-05-12
ee972a8714e62c729101427fc247d37e,062d455086a1666bca3aa1c7d6ba7a66,delivered,2018-01-18 14:09:59,2018-01-18 14:33:01,2018-01-23 23:18:58,2018-01-31 00:41:45,2018-02-02,f5addf8db9d09d23e4c96acff06b77c1,2018-01-18
9249cf14297c83223160c1b38b95642f,44e3a4d56bff0ee1e71df577e741b7a7,delivered,2017-08-18 10:48:00,2017-08-19 02:26:21,2017-08-21 16:45:53,2017-08-29 19:08:09,2017-09-12,68b091fe5fca75c2128b1fc714090a84,2017-08-18
bec25025b8d0b7db00c510720053761e,806e9984a49a008bbb424f31641d62db,delivered,2017-01-25 12:21:10,2017-01-26 02:10:16,2017-01-26 11:06:21,2017-01-30 14:14:00,2017-03-02,cd363e5f88337f6d8b9b7a8510dc1752,2017-01-25
117c08edcd4cf5c43118fefa4e0dab79,f2b943227eae28a0440b448b53e30a07,delivered,2018-08-08 10:28:00,2018-08-08 10:45:38,2018-08-14 16:04:00,2018-08-22 23:09:40,2018-09-17,143a74bd75d65640f7d9949e41a2ef33,2018-08-08
490294e04b1fcabc9f9984ac22820566,52e0af9a017d2ae5c1f107b1e38ffc5f,delivered,2017-05-27 13:38:26,2017-05-27 13:50:14,2017-06-01 15:53:17,2017-06-08 10:52:17,2017-06-23,e74798a6dc456b7adad5ca54412e54ea,2017-05-27
7eba0b6b5cb480d65416e26e2528d250,7b27139522c36a37118d6eb8402f1d85,delivered,2017-11-30 09:38:21,2017-12-02 02:51:31,2017-12-05 21:48:34,2017-12-15 23:09:59,2017-12-22,fd849b4fe44dbb27a0ab0d9a0a0562ca,2017-11-30
562076d60c251c77097429565cbec0de,57779073c7aca208b56979cc2280c5ca,delivered,2018-02-26 21:53:05,2018-02-26 22:08:50,2018-03-05 19:14:22,2018-03-17 16:55:41,2018-03-21,056260ac28220b475caa0c4f02cc6137,2018-02-26
0e3338b5499d77ae55c16c4e1c9f30e9,2a51c71933c7ab32a41cf66b2c797882,delivered,2018-06-01 13:30:13,2018-06-05 04:31:10,2018-06-05 12:07:00,2018-06-12 21:19:47,2018-07-05,fbc317241aa884a4ddbc83dea4f481ca,2018-06-01
0f7bc9011b887a3d145db483b0d8c25f,e8db87c66310eeba72ccc5f05b5920f7,delivered,2017-11-17 00:50:26,2017-11-17 01:06:57,2017-11-17 21:52:54,2017-12-15 01:22:27,2017-12-13,e13de78bb7965392954cd3017ca6075f,2017-11-17
7659a1c749ab19031d8e957692aa114d,c928b72c35f8bc9e32b8c6eea3160af2,delivered,2018-05-06 10:32:39,2018-05-06 10:53:04,2018-05-08 19:02:00,2018-05-09 23:25:34,2018-05-21,b5f8f1c09332651e55d27cfe4d7af2cb,2018-05-06
ef4f4e96809e911e8a0aa7f8c412aed2,17c409b1b344d18246c102be4419c73b,delivered,2018-07-26 01:28:39,2018-07-26 01:44:32,2018-07-26 11:03:00,2018-07-30 12:06:12,2018-08-23,7f3e8656011a9b8d6c12df5991ca69ff,2018-07-26
61af446d4e7b09c62e2f43501be438f1,d37b54414ccb747beefbd36764b29bbf,delivered,2018-08-14 09:08:46,2018-08-14 09:24:14,2018-08-16 13:27:00,2018-08-22 23:55:27,2018-08-30,bee4558c93c983fdb28139b05afcdc09,2018-08-14
bc2f1a3431b797d84f8589884a357ba8,59cd85e2ee958a5bec765f2f07861395,delivered,2017-11-24 12:12:36,2017-11-25 03:32:35,2017-11-28 17:11:26,2017-12-15 18:08:57,2017-12-20,28a42ce270d16184b183a4a8f6abe13a,2017-11-24
b0aa6adc10b3bd14eae812d2f50cd2f1,73c2d0df55f8431aa5ec63d4e3b7bb63,delivered,2017-11-24 17:54:35,2017-11-26 17:55:28,2017-11-27 19:02:40,2017-12-28 12:19:09,2017-12-21,aa873afe20fc222379673c8b6bcbac45,2017-11-24
59a7ff272ffc5a0a705f006f9b2db1b9,eba68a8f1cd93e0e51da4bd8003dc878,delivered,2018-04-06 12:54:18,2018-04-06 13:09:11,2018-04-10 01:03:37,2018-04-17 17:18:32,2018-05-17,b4a66ce48a78a167657e1cb962ac798d,2018-04-06
9d5cb46eb8b0851d32e0a86b6dea782c,59f2334998439940f49385494fb8ff54,delivered,2018-05-10 15:26:30,2018-05-10 15:41:40,2018-05-11 07:22:00,2018-05-30 16:06:45,2018-06-04,b77cf2b3614c1b5543a02453b8e82515,2018-05-10
064314e503e36ce3869a9901434fc6f4,2177ae4f97aa63b6f445ba3a05a3f7d3,delivered,2018-08-16 13:39:30,2018-08-17 03:31:06,2018-08-21 07:50:00,2018-08-23 02:17:57,2018-08-22,e523519447b1f83438adcb13ee2cf067,2018-08-16
647e3ad9b6723741ff6fcbad12c61abf,c0e9093c6f0868ffd6d85dd67094eeb6,delivered,2017-11-15 10:03:47,2017-11-15 10:15:24,2017-11-16 20:47:00,2017-11-21 20:27:46,2017-12-07,d046bb6d051aff97e3f51d7e67a09b11,2017-11-15
2279a1470dc48f765e758fbd6a9cdce1,e8d643d5a300509924e52300a3d007f1,delivered,2018-03-17 17:21:31,2018-03-17 17:35:50,2018-03-20 22:12:48,2018-04-06 21:13:46,2018-04-11,d9e7987963242e652ba92754ca50bc96,2018-03-17
0745201fea5d6f4aabd42e92a7d3b3b6,9b72c30ea879e3e2b599dfbd4e8f71c2,delivered,2017-08-21 11:19:48,2017-08-21 11:35:37,2017-08-21 19:17:43,2017-09-01 16:39:56,2017-09-13,6df2852275aab34523dd35a3041c9378,2017-08-21
02cb14245fd2ce5926afb2225f28b002,fc9e3765628a8e2f65090b2d28e70555,delivered,2018-02-20 19:41:41,2018-02-20 19:55:48,2018-02-22 22:22:54,2018-02-27 22:09:30,2018-03-22,e9523749328fe82cd18a39f8611a69b9,2018-02-20
96a75e828fbc9c621023e65e7e8dd946,19a5bafbf7f95813571c00ad39534345,delivered,2017-09-19 11:19:05,2017-09-19 11:45:08,2017-09-20 19:34:12,2017-09-26 20:46:59,2017-10-10,26cce7191f5ab07dd768e13b51ee43d8,2017-09-19
23fd20c606c0ae3b6876eb309909e9ac,99dd7595c6318adb72fb9ad507b5a3bb,delivered,2017-09-24 18:43:15,2017-09-24 18:55:19,2017-09-27 20:42:35,2017-10-10 18:55:25,2017-10-24,40b337e5f5965988a77b7a355accbfea,2017-09-24
1f4010e63b5ac13defa48305766a912a,816cad5b6c83e24c31f8f68063b060c9,delivered,2018-01-19 08:58:05,2018-01-19 09:19:19,2018-01-22 18:09:23,2018-02-06 20:51:50,2018-02-19,a0ddb45f8327cfd486856f4112c3e732,2018-01-19
fa6b736da07e6fab64807d4d37d8062d,4f259c289190fa3fe4f22ce16b175022,delivered,2018-08-01 16:54:09,2018-08-01 17:24:03,2018-08-03 14:53:00,2018-08-08 22:51:38,2018-08-16,931ffb1e68127d25ba8a9285516f116f,2018-08-01
738f5dc0019111cfef2d7ba48c2c6368,2b834a626df3c2ecb913874033a11213,delivered,2017-11-24 10:52:32,2017-11-24 12:34:43,2017-11-30 00:28:38,2017-12-07 14:58:26,2017-12-26,16f26d53c711c38cdc674c8d3dc0bb05,2017-11-24
35c3b3b2f196293240304eb8601b3d8c,d8c4d97b33c9868248a9fb5f1f4df2eb,delivered,2017-11-11 21:39:55,2017-11-11 21:50:26,2017-11-13 14:38:53,2017-12-29 21:09:48,2017-12-05,dd8c1b4738a0cff777f3f92807d005bc,2017-11-11
a8018f7036b3dcfcc01cc763547c475e,38eec21ce5683a077b66e9167dc49b7f,delivered,2018-03-27 09:38:25,2018-03-27 09:55:16,2018-03-29 18:27:23,2018-04-02 17:42:44,2018-04-09,33039d655ea25889c62ec979d89c1d60,2018-03-27
a6ecc069c60805396f6a256b7b8e0883,b5d9ce675f121542dfb501ee50a8aa42,delivered,2018-04-27 09:41:26,2018-04-27 09:55:24,2018-04-27 12:33:00,2018-05-18 15:09:01,2018-06-01,79863910cf936665cc25f181eddba5b2,2018-04-27
18c643cade587cd125b3a56377985cac,f24ec14ebe3c7e4a7dfa39e1e95fd316,delivered,2018-02-26 16:54:20,2018-02-26 17:15:44,2018-02-27 23:33:16,2018-03-23 22:56:38,2018-03-16,b80aede67dd5614f9cd1aa33219b5b1d,2018-02-26
428b0c23ea7abb869b72f5a6d12ec4d5,97bdaa7714daa17db09478ae047d40fe,delivered,2018-04-10 11:35:25,2018-04-10 11:50:22,2018-04-11 23:46:34,2018-04-23 20:42:54,2018-05-04,a45b37aec555563361d760409ff38518,2018-04-10
607b372f8dbe0c08c14588e6468addbf,c238091b1481de3a96e6a5c3b331e403,delivered,2018-02-06 14:20:46,2018-02-06 15:56:01,2018-02-09 21:42:37,2018-02-15 19:32:02,2018-02-23,d81b6342f6f67fd76e8454af06ee9066,2018-02-06
c5eb69f42fab03c99f0c0465a6e14723,ae30f82c73c8836ae857f7a58739c813,delivered,2018-08-03 08:36:51,2018-08-04 12:15:19,2018-08-06 14:25:00,2018-08-09 17:32:11,2018-08-14,02bab436d042d111ec4b7c67cfab8835,2018-08-03
27c60cfbe4965270943d7cdab0989038,5f0da02ddc5814e24c420575d2280df1,delivered,2018-07-30 12:10:23,2018-07-30 12:30:16,2018-07-31 14:06:00,2018-08-04 00:42:50,2018-08-16,64f66f9fb3f3c522e310821c0d67fc89,2018-07-30
3438960569bf3e42fa63f8e7bab0ac03,521896033ed628472193e3adccf722e4,unavailable,2018-08-02 15:28:32,2018-08-02 15:43:56,,,2018-08-10,48aa83248476ac4d2b058596436b7680,2018-08-02
69bff117da8229936027f2bb1024866b,7178515b43cdb7c58637ea981401ab1a,delivered,2018-07-01 21:01:21,2018-07-01 21:10:15,2018-07-03 12:28:00,2018-07-06 20:58:23,2018-07-25,f2160626b9de48fcc82e2f58e40eb36b,2018-07-01
f7641c0de17b431a84de1c1b1cc508fd,c031bf880215d40a217accde86199086,delivered,2017-10-12 13:14:36,2017-10-12 13:28:14,2017-10-13 18:12:08,2017-10-16 22:44:21,2017-10-25,33aca86429de0f71ff7118b93bb09712,2017-10-12
0b3b6b78bd15a0e28176f25fab4eb472,2b6d4b2b966c8aa7413190f4b5dee130,delivered,2017-10-19 23:49:16,2017-10-20 00:06:04,2017-10-20 18:13:12,2017-10-27 21:41:25,2017-11-08,2ee1f65b4197b8eb29826c06b876ba67,2017-10-19
20a2e132c352b08f18529a9478c011c1,a2258343416fd06f65ea824cf277279d,delivered,2017-10-09 16:55:51,2017-10-09 17:09:48,2017-10-11 21:38:43,2017-10-17 21:40:07,2017-10-31,b0f8b29e1c16a1056056c704ae7a39b7,2017-10-09
023af4b88d12c9f3f56bcb55da0450c5,96b3ea36ae6536e8d46ac247b72b9364,delivered,2017-12-09 17:31:45,2017-12-09 17:50:26,2017-12-14 22:21:44,2018-01-08 23:12:49,2018-01-09,1ac1c20d54ae0a375b77d6841663762a,2017-12-09
04ad6306c963b60d59a354f6cb9a3e13,1f20251f6c6f041933cb5b7d996795d6,delivered,2018-03-19 13:21:27,2018-03-19 13:35:35,2018-03-21 23:29:06,2018-04-03 19:22:57,2018-04-09,c2c785acf52254d060c43d2573f3c5e0,2018-03-19
9c3580e890d4e5c7a6f8ca754b9aff45,9b8ea202f406114ad504c7a3147cffd4,delivered,2018-07-31 10:44:07,2018-08-01 03:31:45,2018-08-06 16:32:00,2018-08-14 22:58:34,2018-08-22,7c30e0700f372e000e2d6c0672ff0fdf,2018-07-31
aad1aadc97a6cf012005f7a069df5005,94629b2a49ceac2dfe138f01a3bf17aa,delivered,2018-01-09 19:32:16,2018-01-10 10:32:00,2018-01-10 19:37:36,2018-01-11 21:26:01,2018-01-26,78baca597b33f5094bc49d6eb5bc3ef7,2018-01-09
e780dd8de5b1d2e678c7cac395f0382b,e6ac83a21d39a2e035df2c63aec86318,delivered,2018-03-28 12:09:58,2018-03-29 03:28:34,2018-04-02 15:43:01,2018-04-13 20:02:50,2018-04-16,78f2c2a751746806a0bd27afe7cb069c,2018-03-28
41d9fff5e0bfa8712b28b761fa2f6bee,5d6235d00d8bf6288320b2d69f1378ad,delivered,2017-02-08 10:42:58,2017-02-10 02:45:22,2017-02-10 13:27:48,2017-02-13 10:04:47,2017-03-07,a418dae5b9f02ea5423d369a58a84800,2017-02-08
aea359f913e18f3bda3eb24a268b28f2,50a508b93dfcf522952784286ef87d6a,delivered,2017-06-20 14:01:10,2017-06-20 14:15:13,2017-06-22 12:49:40,2017-06-26 16:06:51,2017-07-14,7395a64f37a30f9827ca4d8292b484e8,2017-06-20
3170de33866d3923448fa787230ef7d1,acb850d4b3d1f49d7c90ba88e74c4c78,delivered,2018-06-12 20:43:08,2018-06-14 02:39:21,2018-06-14 12:04:00,2018-06-23 10:33:49,2018-07-04,6785f9b64fe63d1010b760826d03a8e4,2018-06-12
6714f3ccd1250580cfa7ab9c1aeb23f9,59b114ec578b82807589114ebaa6e354,delivered,2018-08-23 10:43:59,2018-08-23 11:05:55,2018-08-23 14:29:00,2018-08-27 23:24:24,2018-09-11,b9186cea0c4fc102347b239240c75f6e,2018-08-23
dabbf294451b5516e2249d502af6a45d,72f8edf9440d0b002a8c5a83884d879f,delivered,2018-02-19 17:22:40,2018-02-20 07:10:55,2018-02-21 18:57:51,2018-03-07 20:03:51,2018-03-16,88e57e047b2e41712ef6757f15943023,2018-02-19
c0665ed2f7f0863ace91af2cd95bd4b3,a418173c5e8cb1f6e3f38d7485ae3f7c,delivered,2017-06-15 11:12:45,2017-06-15 11:25:06,2017-06-16 16:24:35,2017-06-27 09:03:34,2017-07-18,dfab95fe6361089893e6747cbb3f58f7,2017-06-15
81278969652e49f0c09910275f10fdba,0932888e76c226d0cd327bddfe0654af,delivered,2018-08-06 14:18:36,2018-08-07 04:55:32,2018-08-10 11:36:00,2018-08-13 16:17:31,2018-08-09,22d55b80911feb50b4972eb10edce653,2018-08-06
6b052b133c8573e0bc02a8c9ebd5829b,7b148cdb1e2ddd4530a9b2fbbde329c2,delivered,2018-03-30 22:36:50,2018-03-30 22:50:17,2018-04-03 21:33:02,2018-04-14 15:11:58,2018-04-23,758419a7fb4c50264c2da7471a31a421,2018-03-30
f4137fa658be7e7bbc2e17e4da6806bc,231cc8ddeed34bea09ff1cdb2390946b,delivered,2017-09-11 18:36:10,2017-09-11 18:45:17,2017-09-12 18:26:51,2017-09-23 18:28:40,2017-09-29,1f8c4859cca0383953a27fab25838c82,2017-09-11
fa782135148e65b22650c993a922eb41,6cf17b20e9bc7e78eae2ef9880dcd811,delivered,2018-06-25 13:41:15,2018-06-25 13:58:40,2018-06-29 09:42:00,2018-07-04 21:18:32,2018-07-31,3387fa96af4b6f1357b986eea147c394,2018-06-25
db9b55d97dbfb1c7cc31a62b7983597d,e38fc72476b1098255d854f952857147,delivered,2017-07-25 22:27:08,2017-07-27 11:45:10,2017-07-31 14:17:48,2017-08-08 18:32:52,2017-08-23,8ca72295d8f3310a1a306a439d044cc0,2017-07-25
94b90e43b3cec4251776edad146a8538,274f733b44442179c0372bcb387ad203,delivered,2018-01-22 00:10:59,2018-01-22 14:04:59,2018-01-24 16:14:57,2018-02-05 21:35:17,2018-02-19,06a1cdf4c37c5db93dd385926b6f4841,2018-01-22
d4eff8d7652db5a92efaf867550013ca,798dea2aaefb3885972c1a1d262ca636,delivered,2018-02-06 18:54:43,2018-02-06 19:10:55,2018-02-07 23:27:26,2018-02-16 17:27:52,2018-03-08,0f381b11e26dc3349a1d586f2fb14d7b,2018-02-06
6233c53ce8bfd732fc643c0443741c5b,6ccce4e10da6d4a5f2ccfe737da95442,delivered,2018-06-21 09:17:40,2018-06-21 09:43:02,2018-06-21 14:39:00,2018-06-27 13:32:21,2018-07-20,4755e6cf97a25760ab159e0457c84a29,2018-06-21
42c64cc151114d60842f051a943f89f9,edbb3244742b7421e1701ef5a9ceb173,delivered,2018-04-24 20:24:42,2018-04-24 20:35:23,2018-05-08 14:12:00,2018-05-15 18:29:53,2018-05-25,833dd5cf1e199f5ff69147376894a0aa,2018-04-24
4a520a26516a2fba9ae35945ac6a2229,41c4298bad8ddcba7c752f4b8defb6a9,delivered,2017-11-05 19:51:43,2017-11-07 04:31:16,2017-11-09 20:56:51,2017-11-16 18:58:28,2017-11-27,12728eaaef44ecf87a76083fd1e442c3,2017-11-05
de1a0e5b80f69f235671980dc449d278,9c4532dd54ac03bf8a6a3ce7a0680e2f,delivered,2018-01-16 16:10:55,2018-01-16 16:30:04,2018-01-24 22:26:34,2018-02-20 19:27:06,2018-02-21,6bffc0c27ac43787c33fd71822c6c58a,2018-01-16
2de8cabf193c1a1753f62d87ac8499bb,d27c4b391a768fbd66b80ffaa2ea4306,delivered,2018-06-12 08:42:06,2018-06-12 09:02:12,2018-06-12 10:08:00,2018-06-20 22:08:57,2018-07-04,c849a0fd33ec23b342f1e357af114080,2018-06-12
aff8085aa67afd7180c91552d939a4dd,aac4712a1869e7e6c81ad015c0f098aa,delivered,2017-05-29 13:06:03,2017-05-30 04:30:30,2017-05-31 09:07:44,2017-06-13 11:53:57,2017-06-27,be2931e7e0cff6a086cc7a0a04bb0816,2017-05-29
e4b96fef250adf4067371705b2289e3c,380a297fb7a3cd503a90e5cc21b3a89b,delivered,2017-08-17 16:52:27,2017-08-19 02:30:15,2017-08-22 20:39:34,2017-08-23 15:16:36,2017-09-11,dbd06886648aa4314f1e3d666e4509e8,2017-08-17
7142b298b22a79a285d2ce792dc533a2,d2fac3a405031b2adb1739b20cae646a,canceled,2017-02-10 00:58:01,2017-02-10 01:05:27,,,2017-03-13,bbbbd222deaa7124dfb1b5314ca975a3,2017-02-10
8976f0f957d91336b107083faff9dc3a,1ef0a8d805b7c34de9821125560831b0,delivered,2017-06-27 20:32:54,2017-06-27 20:45:15,2017-06-29 15:42:47,2017-07-06 11:51:20,2017-07-19,090511b03435e8bfd6fd4f35cf04bc9e,2017-06-27
9c290246355e5c4ece97651b258c9d06,22a86440ff9e8f2847a8bfc95c9f90be,delivered,2017-11-26 22:38:12,2017-11-26 22:53:11,2017-11-28 23:42:13,2017-12-04 22:15:01,2017-12-29,37a66c8ed615479335850abdba954b69,2017-11-26
8836e9da58524060994ead4403874ad3,f5cf81823d77e9206d28f3017b819aa5,delivered,2018-01-08 19:25:35,2018-01-10 10:32:47,2018-01-11 22:53:51,2018-01-23 14:51:37,2018-02-02,1cdb1dcebe5ed59f11c7ddddb7f12a3e,2018-01-08
f5245f2d90f66a49a3eb0b86380ef720,a82d475cf83d24abbed6d4db136efedc,delivered,2017-05-24 08:14:50,2017-05-25 02:45:24,2017-05-25 10:49:44,2017-05-31 10:07:26,2017-06-13,e114ea6353f51a7f97a7303788f7c63c,2017-05-24
36afb06434ab81a7645257e4cf980c2c,a9de7c719db4d3179ca1c4ede5cb4ac5,delivered,2017-07-27 08:45:34,2017-07-27 09:42:48,2017-07-28 17:12:27,2017-08-03 18:33:28,2017-08-16,518af84ccc996a2846e5cb868a8065c3,2017-07-27
8d9c0dc8d5a2ce804f6b925d8f8e6c1d,8c65f37a2cb3d0bedced14e105742bae,delivered,2018-03-19 13:40:14,2018-03-19 13:55:33,2018-03-20 00:28:42,2018-04-10 23:28:27,2018-04-10,b44c3e3d672e8d4fa98b45abb3c38d66,2018-03-19
8a566c8bc5098ea48be7ea4929c5993a,7595868948ca311517e89487d6815151,delivered,2017-05-22 17:19:19,2017-05-22 17:30:22,2017-05-23 15:22:22,2017-05-25 18:14:14,2017-06-02,721f14c0ce2bfc34f4e4f52c468e4e06,2017-05-22
facbf3a7042565f608ce5dd2f5ca7c9b,6ae9cb4e2e02cb4f01f7a3c6edff58aa,delivered,2018-07-14 21:17:33,2018-07-15 21:15:18,2018-07-16 18:34:00,2018-07-26 20:45:50,2018-08-06,d992dc4fe3f4c76832568405c29b55b4,2018-07-14
04467aceefd2346ed54c7fd9e40721a6,8cbe6c3bbaaae2aa9f5d97827a7968d0,delivered,2018-01-25 16:21:03,2018-01-25 16:34:51,2018-01-30 16:03:48,2018-02-05 22:46:29,2018-02-20,a1874c5550d2f0bc14cc122164603713,2018-01-25
f87e6a448c7194cbe50fa937efad03ba,fc8d128a358eb85b316708c1a0fe0cd7,delivered,2018-03-30 14:45:24,2018-03-30 15:27:40,2018-04-03 00:38:39,2018-04-18 19:51:06,2018-04-30,a1f124350296eacfe1cb2e23bbc07b40,2018-03-30
8ef7cdda4799cf4e4c6081e39a541b26,53c24bb7be42c7387a2396d66822b9e4,delivered,2018-04-16 11:13:38,2018-04-16 12:32:38,2018-04-18 22:26:25,2018-05-15 23:54:49,2018-05-22,d8634c404f1e2a6ed59fcb4aff49c304,2018-04-16
59fba17dea01f4ca170645397ca73e8b,a736734cb89d5f365d332246ce185a10,delivered,2018-05-23 13:31:23,2018-05-24 09:39:46,2018-05-24 14:06:00,2018-06-05 20:28:49,2018-06-14,2a17ad8e3e7b1a0736096f005a07cefd,2018-05-23
bdf02f71cb1446f5b21d51a329dfa261,9b00f9e555698bf946d1c124e9d252f0,delivered,2017-11-10 18:13:05,2017-11-13 10:07:05,2017-11-16 19:36:04,2017-11-20 19:46:59,2017-11-24,e0046726358e704f22afaf9201d6a061,2017-11-10
96ddb703f0673d920cf28984cdcf0139,54c8406a725de19ce9b10728beaaa822,delivered,2017-02-24 11:13:35,2017-03-03 02:25:32,2017-03-03 14:53:11,2017-03-09 10:36:02,2017-03-23,9b45b4d8f54a9233ac0f3d23381176a5,2017-02-24
771a363b396b10de7dd9984f3204a7a5,e76048f3dbbfee5a87fc4abca8c12e1c,delivered,2018-01-02 22:09:27,2018-01-02 22:19:34,2018-01-03 23:43:28,2018-01-11 17:18:37,2018-01-29,77656fd5d67b515dc2f27e2bebbf5c38,2018-01-02
5a8f325f70adcaee7b80d649a1f28876,c05f28559c8e384f6a00edf36d6846a1,delivered,2018-02-24 10:04:26,2018-02-27 03:31:03,2018-02-28 23:57:57,2018-03-28 23:17:36,2018-03-26,3c52c4fdbf340c9319b30037df0e722f,2018-02-24
860a85f2302ba666cd8d6a696430c97a,3dbd92855d83a915f3bbf865329003f9,delivered,2018-01-10 13:33:47,2018-01-12 02:35:42,2018-01-13 01:21:56,2018-02-01 18:32:09,2018-02-14,e5640e6de1d0aabbe40d6be3594f976a,2018-01-10
b465dc60a138cc55216607ef27065acc,1e7f2e27d15bd03b384838645a84ebed,delivered,2017-03-20 10:24:23,2017-03-20 10:24:23,2017-03-20 11:57:44,2017-03-28 15:09:24,2017-04-10,e4837c6da45d3c6987e923b1e1f65ff8,2017-03-20
570ddeb3f301dec9fc28d95add0e825b,d3615124d6ba7e16770f12ceb2bba992,delivered,2018-05-04 03:59:20,2018-05-08 04:32:29,2018-05-08 15:16:00,2018-05-09 21:36:58,2018-05-23,d0396c9cbd0ab4fcc1723eb4df72ffc0,2018-05-04
ea70e5a90428412625a4e4167b83a370,fe19be377c1df017aa462f3d54970253,delivered,2017-09-26 14:00:06,2017-09-26 14:14:16,2017-10-02 17:42:53,2017-10-10 19:53:42,2017-10-19,6a6a6b35df735c38f5c6b0c26faa81e7,2017-09-26
e6d7920ba4f7a2673a980bd60d46cb53,b7bec5d1581b731f6404c0cb57a70631,invoiced,2018-07-31 14:15:30,2018-08-02 05:05:13,,,2018-08-17,ff4cec8389a2224122f5dd9edda3950f,2018-07-31
d11fc5b9e5bf7a0c4ce41b04a59f0154,e7614d4b134b3e8aebda0938a84d9878,delivered,2017-12-15 10:43:20,2017-12-15 10:51:29,2017-12-19 16:34:16,2017-12-21 18:53:28,2018-01-10,0fe3da4907f8a47e5a6d07aac0532a28,2017-12-15
35bc592a16d6706d14d29f07ed1d13c1,b88a511344b8b49a02bca030ace61ef6,delivered,2018-08-11 15:41:42,2018-08-11 15:55:15,2018-08-15 10:17:00,2018-08-22 17:18:51,2018-08-28,54e7622690229436c11774f5f186e4a4,2018-08-11
c6fd86af2bbfc7aa0cc902eff1ead5e4,f316bdbd553c081a873eb697e8f98be1,delivered,2017-12-28 12:01:05,2017-12-28 12:10:26,2017-12-28 19:19:22,2018-01-08 18:32:52,2018-01-23,2191bb88204adbc481e8a356bfcc8543,2017-12-28
ad7d7321653c0e39e1563ff97f273341,9bc5bb42034600fb2893a25919005ebd,delivered,2017-07-16 11:58:10,2017-07-18 17:30:17,2017-07-19 20:12:47,2017-08-02 16:21:48,2017-08-08,b3eb319b1c87a2f872261043e3d72494,2017-07-16
2be6e5724bc6705448e72ac1b13141c4,cb2c06446ac914ce396dd4ef8561a4f5,delivered,2017-12-18 12:10:47,2017-12-18 12:19:24,2017-12-23 00:15:01,2018-01-29 13:12:44,2018-01-22,15dcd36d3c50ae6540aa942684f51824,2017-12-18
e57d9d7eca079892fe0aee2b0cf96311,7a73e4ce8425974dce8ff8bc9178acc1,delivered,2018-02-18 10:17:06,2018-02-18 11:26:44,2018-02-21 21:05:04,2018-03-02 00:47:03,2018-03-13,55b3654bd4275e492bdd9819db6b04f1,2018-02-18
368a043a6f85a5f28260b822823c5e89,54625670736c5b35ce1fe87e01d3f662,delivered,2018-01-12 13:44:02,2018-01-15 10:10:53,2018-01-16 21:28:58,2018-01-31 20:41:26,2018-02-07,658d2030bfe58890aad77287cd07fab6,2018-01-12
3d6639fefdeff87974b80dc3da00bbec,4b5024c158d2e12d3868baa977c6f181,delivered,2017-09-04 20:41:08,2017-09-04 20:50:18,2017-09-05 19:08:02,2017-09-13 14:02:55,2017-09-21,901fc316e36bffad4b5d8f4598168f73,2017-09-04
7aeba3591c40b6adabbaa598d84ea144,37c16b1cea3444073ad6d3ad77dccae7,delivered,2017-11-19 19:35:01,2017-11-19 19:46:18,2017-11-21 14:03:23,2017-11-25 19:02:48,2017-12-14,d8fece14a59c5939a720ef29fcd18545,2017-11-19
ea87e1e6046149ed0257414f5021caa4,6b9c6a63939e89c62a3f22a12cc4d59f,delivered,2017-10-06 19:49:17,2017-10-06 20:06:00,2017-10-20 16:42:22,2017-10-30 21:40:01,2017-11-10,a980f49d2e245574f76ed553b33dad08,2017-10-06
36342aa6ddb0a6fed1dd9ec53a6074ed,96b14b16558d19aa27f0392bac41fd43,delivered,2017-08-15 08:05:05,2017-08-15 08:23:57,2017-08-21 18:38:59,2017-08-28 21:10:00,2017-09-06,6c524c14694aef1d3d901a7534b3d47d,2017-08-15
70e51d3f5d7998b5e5dc66bf35d31425,50117c5a5e5835462f0b883c2deca4e6,delivered,2017-05-03 13:06:02,2017-05-04 10:30:39,2017-05-08 15:28:51,2017-05-16 09:49:40,2017-06-02,e51efefcf76a095a370c27d90d0263a7,2017-05-03
4d9e1d72435984adb22e59511ff36b7c,3667f0d546bcd4cf355c6b54195854e8,delivered,2017-07-13 13:31:52,2017-07-13 13:43:57,2017-07-13 18:25:31,2017-07-19 18:27:40,2017-08-02,6e031bdcadac8559aa022051f40260ac,2017-07-13
d45ccf00bbb028620024ed708518f15a,07758f1bf119e252473eb668448c656f,delivered,2017-09-04 19:04:37,2017-09-05 04:30:59,2017-09-05 20:39:47,2017-09-14 19:43:33,2017-09-22,d8e4bf349af9df104faeef494ad2c6de,2017-09-04
cb5d26cc320462a7e5d9e14a9a6b0dfb,c8a189cddac41c349280ee9339d31237,delivered,2018-01-04 14:16:56,2018-01-06 02:08:06,2018-01-08 14:34:36,2018-01-17 17:49:09,2018-02-08,5f435bbe57e905e19378fa56b60e9d16,2018-01-04
3e27524d3fd47ae21dd03342be78a94f,6a352f86204a7bf57c6d049267508794,delivered,2018-02-23 11:16:55,2018-02-23 11:31:07,2018-02-28 17:37:12,2018-03-01 19:12:16,2018-03-12,94620ad62874deeeeccf0c3995b5866c,2018-02-23
e11acf37c1371426d8e6ff3c89f952f8,214d26dce59d63570d86bc2110d1e59b,delivered,2018-02-21 06:20:36,2018-02-21 07:15:08,2018-02-21 22:42:32,2018-02-24 16:55:41,2018-03-07,2ebaa12e88ed663cb20a5b377628c4da,2018-02-21
576560b37e7f23e3dfc9d154b23bc614,a5129a7fe7dfdade527c8787705421e5,delivered,2017-06-05 15:30:52,2017-06-05 15:42:20,2017-06-07 09:32:36,2017-06-08 16:32:34,2017-06-19,548315a289f7a389b9a7ff373e13004c,2017-06-05
3828ca6e6450e317619b87f49eca6492,20d2a92bbd6fd5f58eabbf0a645639d5,delivered,2018-08-02 16:57:06,2018-08-02 18:55:14,2018-08-06 14:29:00,2018-08-09 20:58:50,2018-08-09,bafce5c8e82c5cb913c73819fcf1cebd,2018-08-02
b29f6f52b330f04b5f1f4fb369b32cd8,8c0bab5a25230a9d6500f31081041e21,delivered,2018-07-13 12:01:24,2018-07-13 12:10:20,2018-07-13 14:52:00,2018-07-23 21:59:33,2018-08-01,67a9ed96bf72251d765f75ac18887eac,2018-07-13
d871c26f47ac69e5afda955147ed598f,39bf238fc743eb92bdd3525dd72f4126,delivered,2018-05-15 11:43:48,2018-05-16 03:33:57,2018-05-16 14:13:00,2018-05-21 14:18:41,2018-06-05,91ac1dcab11b1cb5a1b689ab2b7005cb,2018-05-15
193dce17420e5a1662145bdba0605cd6,5caa22731be0c213512d14d62bbd1275,delivered,2018-01-08 16:50:39,2018-01-09 16:52:49,2018-01-15 16:44:57,2018-01-20 00:08:52,2018-02-01,fa1ea6a8b8c6186ffa4e5e76d82d7c41,2018-01-08
6cf5d7a6b6eb9cad292da0b65d6c010e,964dff9f3a81c5f1815798c10f503aba,delivered,2017-01-22 17:43:58,2017-01-22 17:55:17,2017-01-23 11:52:29,2017-02-06 14:37:13,2017-03-14,98c385e058b15aae533e5e2c6181ca9f,2017-01-22
dc2baa3641cdc63b2e1dece21f66c8b5,b91bd4717478c562a867b19421f13631,delivered,2018-06-18 08:09:15,2018-06-18 08:31:37,2018-06-18 13:25:00,2018-06-19 17:22:49,2018-06-28,7454011232f0d577e3892ff53088a09e,2018-06-18
4a30a8067bca018fab5817eb471ac44f,42d4f90ed6572c940c19400a3ff467eb,delivered,2018-02-22 14:25:14,2018-02-23 09:35:39,2018-02-26 20:05:36,2018-03-22 22:12:09,2018-03-26,897df461c2a98526bebb408c8de7311a,2018-02-22
d3f58dcb7705f30c2257940517740287,cbcfae7b60710216bbea3d587a83af2e,delivered,2017-05-02 03:48:26,2017-05-02 04:02:33,2017-05-02 14:48:05,2017-05-05 16:43:38,2017-05-29,baad97a77fafd04f72a7f874dd67b37e,2017-05-02
9af6f205c7247ac28685a350094ce865,9a29bf9ecfdbd9acf4088d680a19fca1,delivered,2017-11-24 17:20:26,2017-11-24 20:55:56,2017-11-29 18:23:44,2018-01-08 15:19:06,2017-12-22,bfbbda66e349f70e8d799fdeabd4f626,2017-11-24
913d2a315c656c7a2f0edc9315a842b3,ba42d1dadd7f454d073d1fb0277f446f,delivered,2017-08-16 10:44:24,2017-08-16 11:15:19,2017-08-16 21:30:00,2017-08-22 20:11:39,2017-09-08,e2e09ecda2d5dac0975e4861b612a0a7,2017-08-16
ed3d575bd3358123b063ee64cdecdef5,7591ab894fb4a47debe5beef968b6804,delivered,2016-10-08 16:02:07,2016-10-08 20:38:25,2016-10-12 20:38:26,2016-10-15 20:38:26,2016-11-30,e8d4692a6aec2ab156ad409cd1a72bb7,2016-10-08
1a1ef8dc595adbce0e5d75d806d69286,6828f49c4fe2b5f50f12e6120d5ffb78,delivered,2018-05-23 08:18:35,2018-05-24 08:19:41,2018-05-29 17:31:00,2018-06-07 11:58:50,2018-06-13,09606d95d5074098dffb7cf481ab0f2d,2018-05-23
7a1cfc5a41ee6890e553de7276ffebfd,91fb75a0603ea4cc7f91810bf32782a9,delivered,2018-08-06 09:56:36,2018-08-06 10:10:20,2018-08-07 12:51:00,2018-08-13 17:37:29,2018-08-16,37f0979ea3d385eeb459cb1a8b75a994,2018-08-06
4f0b86c3487e56b6e9594e9dfdb5d70c,89fc2ea4c9fe75920b11289d16083e2d,delivered,2018-03-03 12:13:08,2018-03-03 12:29:12,2018-03-07 00:52:00,2018-04-17 19:16:35,2018-03-26,8bd6a7f99463f04ac042cc25d3450405,2018-03-03
31b4e29d481ffee1ab729d2864f96173,d1431ab18d0b3986a70188adf3bb9f37,delivered,2018-06-06 10:29:49,2018-06-06 10:54:51,2018-06-08 07:11:00,2018-06-18 19:18:27,2018-07-18,028e0685d43827f5ce7882972eeaf6f8,2018-06-06
ec24df57adb2447e6ca1ba83cd5be42d,edb21a9333f16c165cd1c1d5010cc0cc,delivered,2017-04-29 18:24:10,2017-04-29 18:35:19,2017-05-05 16:08:29,2017-05-19 13:16:51,2017-05-23,ceb589f0dc39d0609e1c85104caee7e6,2017-04-29
31a10d7f77b91046e15fcb519bad27e1,11d983fbbe99a7f4d98590596bdd225f,delivered,2018-06-01 11:31:36,2018-06-01 11:51:48,2018-06-01 14:06:00,2018-06-03 12:21:06,2018-06-26,fa54d75873028cd9410f92cdbf523503,2018-06-01
038f8b45fafa1130d2557e5b8dfd5d71,6e0c97ca8a1946aecc4adefc3517997c,delivered,2018-07-22 13:00:04,2018-07-23 11:31:28,2018-07-23 11:11:00,2018-07-24 19:06:39,2018-08-01,15d25c8e3dd07a3c561fd20afecf37c3,2018-07-22
43bf8ef114cb9b805735d15447abbc94,dc83ffd29dd6cea0fa7b7cca9eeede05,delivered,2018-06-01 21:48:43,2018-06-01 22:11:02,2018-06-11 13:49:00,2018-06-14 21:21:40,2018-07-20,b03aa163081830aaa95d121e90ec2e3d,2018-06-01
39735cad3fa0e9f2ea20c536b26ac87c,fc6bab6bb079768258dd4385b9e5d7bb,delivered,2018-08-01 18:38:31,2018-08-02 03:10:15,2018-08-02 18:37:00,2018-08-06 19:02:20,2018-08-08,a9ad39b80ace826baa900d906d27975f,2018-08-01
6a2cf11a0f3d4670de5674e795196f14,bb0d1df0a5c7b32669347c443e29f845,delivered,2018-03-15 00:35:54,2018-03-15 00:50:27,2018-03-15 17:56:27,2018-03-19 17:02:21,2018-03-27,c958ccf0759919707d52e7df7a289f16,2018-03-15
2f722ee8f3d3db0d19cee8ebea6fa69e,174db9ba66f0e37b60919b93076844e2,delivered,2017-08-16 17:13:40,2017-08-16 18:45:20,2017-08-18 20:34:54,2017-08-28 19:03:20,2017-09-08,61b620ea0ff64959cd7b7e5c1697edd8,2017-08-16
7e7a5dadf32ff1f176b693244059fb8c,7cf011f302f46ab7b5e69b6461b32d8b,delivered,2018-04-08 21:29:33,2018-04-08 21:49:35,2018-04-09 19:41:36,2018-04-12 22:27:21,2018-05-04,abbf7bd2953a81d660f8b07c9895888b,2018-04-08
7740302185d9a8ce925a25e6dd023f59,1802643fd59a005de6b9876d5aeb5d28,delivered,2017-11-19 16:53:09,2017-11-19 17:06:36,2017-11-20 21:03:53,2017-11-23 14:03:21,2017-12-07,18d54b0a3f713324b17ad5e99fd7d63b,2017-11-19
0911bde30c594a8d02279916da2ece61,9610f21b66c3938400ad9f39014bf93b,delivered,2017-10-25 14:38:14,2017-10-25 15:33:00,2017-10-26 20:09:14,2017-11-01 20:25:43,2017-11-17,e0742ca20dc0749f4e70f5506432bced,2017-10-25
6a75f9aed5e4fd6946ec8e3984c77e9f,24a2f517ef51c0cad5a6ded2a67ec232,delivered,2018-08-01 21:26:22,2018-08-01 22:31:28,2018-08-02 14:24:00,2018-08-07 17:42:08,2018-08-21,f9aa961beb8cf313e8bf154d3772b85c,2018-08-01
d8482b605eb845605365aeb8cc0fbe2d,789dce6da8f8db240c09464fa2f76ac0,delivered,2017-11-28 11:26:05,2017-11-30 02:25:26,2017-12-01 20:38:49,2017-12-11 14:23:52,2017-12-18,e2c796d3ee71a8ef9453dd3a9637bc56,2017-11-28
afead4c57004d9ef3e766086c1a57f81,9510fbb891f1fa9abf8ee97dba8c7b54,delivered,2018-07-23 16:43:23,2018-07-24 08:31:38,2018-07-27 14:12:00,2018-08-03 21:21:55,2018-08-15,9cc2a45f7e65601c02c02a6b829e0c79,2018-07-23
d28adc2e98b0adf1d9f65347488600e7,a7e3a7783c74a7e8330b461232f99e1b,delivered,2018-03-23 18:38:45,2018-03-23 19:27:34,2018-03-26 23:03:57,2018-04-10 22:12:23,2018-04-13,15803ab261e928dbe8b498104a72d234,2018-03-23
f9981828f2a400a48939ca9ec5233c91,9811b728e00c182da55cd9601dbe968a,delivered,2018-03-07 15:14:38,2018-03-07 15:32:09,2018-03-13 21:32:59,2018-03-28 15:37:51,2018-03-28,ed6e4ca2f745d43a2c8f44fdaf370766,2018-03-07
1a36898abaa63533a009c410d9947357,6d015d1d0375a05e8fdb9b0a20ca34ee,delivered,2018-04-25 14:57:57,2018-04-25 15:12:12,2018-04-27 15:02:00,2018-05-03 19:49:02,2018-05-18,1ecd5e139fbbcd7a6b6eb3e30ed8cc6c,2018-04-25
6dcf745ce57950a1212195d3559b1a85,09542e37fe5058b83524a4ee128f5bf6,delivered,2018-03-07 10:57:34,2018-03-08 02:35:55,2018-03-12 13:58:25,2018-04-03 20:24:54,2018-03-26,a16a65534ec4d8c2b0f9aa5fd5fc4e05,2018-03-07
12e5a909c18964acada1ce9a760d9afe,bb70ba0acc9ac14d6ba0356f598f4bb0,unavailable,2017-03-23 23:41:40,2017-03-24 15:05:33,,,2017-04-12,72994e988788873a1df6dad43d38a2bd,2017-03-23
7cae50310da9b9ad218aa7ca236e41ad,29725405796059b5e43a6d8d547d21d1,delivered,2018-02-24 10:48:01,2018-02-24 11:08:38,2018-03-13 02:42:48,2018-03-19 19:57:35,2018-03-23,9a1b0020d3c4e67cbc445d839e6aef43,2018-02-24
fa28c489b6e2a232b8d4512a06ac44f0,dfc2e5ba198bff36ab53800fd43e0644,delivered,2018-07-01 20:45:27,2018-07-02 09:30:37,2018-07-03 13:44:00,2018-07-06 14:21:59,2018-07-24,6bc964ef3bd0be200b241a1910bed144,2018-07-01
5d01a533e7f1331b73d8ff83450b5944,5aabe54fe4656cb4bd808f1f54cb0165,delivered,2018-08-09 10:36:05,2018-08-09 15:25:09,2018-08-10 09:17:00,2018-08-17 10:18:27,2018-08-31,91098f922248b17843ebfe5b8659f7d8,2018-08-09
73612117a85e3e65d7ac69f7e5df1540,3902c3ceae6fd5eb42741d8ea50cd0c1,delivered,2017-05-11 11:20:45,2017-05-11 11:35:15,2017-05-15 06:55:57,2017-05-19 15:18:04,2017-05-31,7db6c979a6191256ac44003289324e33,2017-05-11
362cd36939c1c4638bad780d01b3fd68,7037578e0e5aa0e33f533957c4c16742,delivered,2018-06-25 23:00:42,2018-06-27 08:53:50,2018-06-29 14:16:00,2018-07-02 21:05:36,2018-07-05,32ca12567c820aa0b0e5c20876829bdc,2018-06-25
2d2bd0487565c23b4bcc0b29a41da55a,34f852cdb25124b22f5b451449f3a91c,delivered,2017-01-30 17:36:05,2017-01-31 04:36:58,2017-02-03 17:52:37,2017-02-08 10:12:28,2017-03-16,261e8255730ab49376999aaa118e65b0,2017-01-30
b6c8f27c95a4bcee39ea806f4e059ce9,5dd942894bdbcdaa6721a9f078741749,delivered,2017-12-15 09:06:25,2017-12-19 09:33:30,2017-12-27 21:03:24,2018-01-08 20:57:35,2018-01-18,e6b7b4ad596bdf71bfaf868e68bde43c,2017-12-15
6eef2bd233930b2b589daae3b4563eb2,8a59d93d89b0d508a01401a07b2d3f36,delivered,2017-09-28 17:36:05,2017-09-28 17:49:26,2017-10-04 11:13:57,2017-10-17 19:16:55,2017-10-24,1dcb4c54d17855c39899eb445551501c,2017-09-28
8f4c2a460cb59272ca055d4203b0f440,dc1242da4fdbf51c141e366ee416d458,delivered,2018-02-24 14:22:18,2018-02-24 14:35:36,2018-02-28 18:53:40,2018-04-03 22:48:44,2018-03-21,8270b1dca7d4eb270ea6bd43aaf8780d,2018-02-24
23575ff1c8a0669132c47e895a24b5fb,1486be6e2635c0fc6343893dab2f560a,delivered,2017-07-18 21:05:12,2017-07-18 21:15:23,2017-07-24 19:34:33,2017-07-31 23:12:07,2017-08-09,3459587d5d264e1b4ff91ec9d39507e0,2017-07-18
f2cb3992c58b20c12ab229c53eba0df9,7b26d67196d749959cb7aee13b4f4de1,delivered,2018-03-15 10:52:58,2018-03-16 03:25:14,2018-03-19 20:04:06,2018-03-24 02:32:19,2018-04-03,9fa0a504d42412f2bc9878d90541121d,2018-03-15
42ed2aeb956c92e3c3bb6933ecea1d89,7e176ddb04e521f4e57421aa4ab5d5a2,delivered,2017-07-25 10:34:54,2017-07-25 10:50:16,2017-07-26 14:53:36,2017-08-03 22:13:02,2017-08-24,c3453a398113264ece1c473555770991,2017-07-25
bbcde37a6b3008557c47e31e37523380,77e9e85fb8ec04f63baa5f60b5bd87be,delivered,2017-10-19 12:26:39,2017-10-20 02:45:50,2017-10-24 16:41:52,2017-11-01 21:12:11,2017-11-23,e24082b5aec60d6f4001bbe00686d440,2017-10-19
ccddd1bb47228d484521b1d3613e7b28,7101f942d0e6b416445c4486971164cb,delivered,2018-05-04 18:57:52,2018-05-05 03:15:11,2018-05-07 15:03:00,2018-05-08 16:28:54,2018-05-16,c6f1e353d1715efcb0273e8e11e228eb,2018-05-04
521fac667299475d5d3de647d23c681b,d8eaea841567412b155813300cfa7083,delivered,2018-04-11 11:03:27,2018-04-11 11:15:12,2018-04-17 12:44:51,2018-05-10 14:22:15,2018-05-17,507f3efcf18f6b1980dc3a875a95aae6,2018-04-11
c8e51524cf9ae78ec9f421b1054378ff,735910d408209bc94a6b5cba4985425f,delivered,2017-10-08 12:40:00,2017-10-08 12:56:23,2017-10-13 22:39:12,2017-10-24 17:11:42,2017-11-09,c9a72d575d53d4335b848720dfaf8264,2017-10-08
52038f72e03466900807aa5ec042d3ed,cb6250837d190f8c91e749dbe05e7095,delivered,2017-11-27 16:41:31,2017-11-27 16:50:45,2017-11-28 21:39:02,2017-12-03 15:18:35,2017-12-12,754ece4ea980cdf77a477b10bd5b46d1,2017-11-27
ec6323fa839b3c031b3bd782ddc15d6b,f2d7ef7f86d1ad58863453789ac79985,delivered,2018-07-17 23:01:37,2018-07-17 23:15:09,2018-07-18 13:40:00,2018-07-24 16:58:50,2018-08-16,03459ab284a12b6d17eaf5b9c1c5b357,2018-07-17
bc3648a9f94d2f9137c188a3140a9c7e,c0c563d66d3d0182b86b18db6eecda05,delivered,2018-03-08 15:59:22,2018-03-09 02:15:47,2018-03-09 17:36:27,2018-03-23 13:19:04,2018-04-02,4c4cb7298a837849426bea982a676ae8,2018-03-08
d9f44613b4dc08ecd6baa55f2fd5aeed,750107a0e6064f10d67a844bc34c56a0,delivered,2018-04-19 12:56:38,2018-04-24 19:06:01,2018-04-24 22:13:02,2018-04-30 18:26:12,2018-05-14,0326b5f0f7b97564beacafb4bc3f051b,2018-04-19
610d2254a191363a1f87185789c63231,78ff015a8c2dee2e054b33ac52bac13f,delivered,2018-04-30 00:58:50,2018-05-03 04:52:36,2018-05-03 14:40:00,2018-05-10 21:38:49,2018-05-21,fed56335d91e00504eedd73464cbc2b6,2018-04-30
f93e43e1c7ad8105d4644ca79c6ffe21,5d07a551ce2ce8238665f00d1562ccce,delivered,2018-03-30 20:22:57,2018-03-30 21:07:34,2018-04-03 18:51:28,2018-04-12 13:11:29,2018-05-08,e8b2ddf269a0bbd62d12e93d29ec147d,2018-03-30
66528ad3bb480c8959bb478cc37becdd,ec2c194abaf8d7be12b7f215e2128d0a,delivered,2017-10-04 20:11:47,2017-10-04 20:28:11,2017-10-05 20:57:42,2017-10-09 16:50:11,2017-10-23,76851447f2a1465ff7bf0bc3718a88ff,2017-10-04
6a0725621168540d5200cba214d6ebe7,09033cfedb9bab5c54a33f339fd94ad0,delivered,2018-08-07 20:21:41,2018-08-08 03:25:14,2018-08-09 14:59:00,2018-08-10 15:18:39,2018-08-14,165961169e5ec74a761f2d4cf0feb9a1,2018-08-07
033cf810fd3523203bbbf2ff579a7a4c,108baa424c2526d8f34a01a2a16004fa,delivered,2017-12-03 23:13:23,2017-12-03 23:31:38,2017-12-07 00:22:35,2017-12-11 20:43:35,2017-12-20,194a47bc9dd220ae9e221d44aced5fab,2017-12-03
37b1281795f5155c913abe0c05f43b4a,8fbd5b048cd28151d592f67319423ae8,delivered,2018-04-02 20:19:13,2018-04-02 20:30:39,2018-04-03 19:51:40,2018-05-04 17:08:46,2018-04-30,505d2929aded558e9c4ea53ce960b700,2018-04-02
5873a59a3969d04a260ce297ee1b3ce3,df56b790a5c58d941f96283941ad0c42,delivered,2017-11-16 01:00:28,2017-11-16 01:10:37,2017-11-16 20:33:19,2017-12-04 17:51:50,2017-12-13,8afe6e31f63f36732766138fb463064c,2017-11-16
4ff5089ec54ccbbccc7334916e882e00,4d301748886972e3ff4b8f930eeea153,delivered,2017-09-21 08:17:13,2017-09-22 11:45:22,2017-09-22 17:17:51,2017-09-25 19:23:27,2017-10-23,8bcc6f887b960af1639451a9d4e71b43,2017-09-21
90861ef1f4e7a006095e1d5dd38f2195,49a5cb9469b39dffb92314ebff1efd28,invoiced,2017-04-25 20:38:07,2017-04-25 20:50:20,,,2017-05-12,0c12a1ac2cdbb9413790d0cd931c83ed,2017-04-25
97ce9044c88c7c3bd44f55e78116af2d,e4f83c2e0670d9857f2f19c2b5dff6b3,delivered,2017-11-12 23:51:38,2017-11-14 03:35:30,2017-11-14 13:36:39,2017-12-08 14:32:16,2017-12-12,df25efeec134052aa0bca8b60e9e5592,2017-11-12
9ca6d17660064ab8bbc4a8089397afb1,581092512111b45075e21541e61092f8,delivered,2017-11-10 12:22:11,2017-11-10 12:36:04,2017-11-14 19:44:52,2017-11-16 16:55:49,2017-11-24,b30daeb87e46c670714aa87f9cb3d6e8,2017-11-10
9fce3cd33d8928808f389d86ea7556e6,41756d493deef8b61c61dd340806f16e,delivered,2018-08-21 13:37:56,2018-08-21 13:51:12,2018-08-27 09:41:00,2018-08-28 19:14:39,2018-08-27,5a073c7f8c64f64c90e08200465e0ad7,2018-08-21
77304ef3716289811c5b5c9c3fe0e4e8,add3d3a4d039ba16f2afc1376c490ccb,delivered,2018-06-16 20:34:02,2018-06-16 20:58:10,2018-06-19 08:17:00,2018-06-22 21:08:42,2018-07-16,27c17bd40d3c7c3f58fb7a343ded8a90,2018-06-16
7243abbcc141cf4109c70f6bfbd736ca,3a2d07de34135938e89b2cb6264df57e,delivered,2018-07-25 08:50:58,2018-07-25 09:04:28,2018-07-26 09:06:00,2018-07-27 21:42:35,2018-08-07,4ac78fd8ee70982e8f64983c856edace,2018-07-25
f24bbebc2c8ba687b65f1be751dd8982,541884ec125bd7f617b86a0f92b8e3b7,delivered,2018-02-20 18:27:39,2018-02-21 18:31:57,2018-02-24 00:51:34,2018-04-19 16:49:31,2018-03-14,c52d06680b82af13464722a1abe3634a,2018-02-20
494ccc8cd99c1f8293512733b50d1658,8d401266c416fe74129569742199d75f,delivered,2018-02-09 10:47:02,2018-02-09 10:55:53,2018-02-09 21:13:43,2018-02-20 20:34:57,2018-03-05,632b9f83894a36849b293ce84d62d399,2018-02-09
44a2fb6a4520b17de57affbab761dfcc,04ba9496f04b0eaa070def5b5ab662ac,delivered,2017-05-27 18:42:41,2017-05-30 04:25:29,2017-05-30 10:36:46,2017-06-05 08:29:37,2017-06-09,809ca96e9696b9be5f69cd7ae803049d,2017-05-27
43d3cc829a59f03af73f2a7fc9542ee6,b790f6cf634604f558fc6b9bf5f976be,delivered,2017-05-03 21:31:55,2017-05-03 21:42:23,2017-05-05 14:12:40,2017-05-23 13:39:44,2017-05-29,6c70bee45f245a4ebeddb2ece21b567d,2017-05-03
6e5fc24bede0e47389f2042dc5f8473f,dbeabfe949d48f1d7e102d7df651ec8e,delivered,2018-04-25 23:43:18,2018-04-25 23:55:15,2018-04-26 14:33:00,2018-05-18 13:04:57,2018-05-28,071cd8999ac70f2b72112bc3d49b09fc,2018-04-25
9792283e8d46d73ee4a3d91fc3264a50,e97eb53515b9fd98a3db45f4be5e70a2,delivered,2018-04-04 10:43:29,2018-04-04 10:55:21,2018-04-05 23:47:24,2018-04-13 00:12:49,2018-04-26,04ff09e422b47d5aafac10006708b732,2018-04-04
c2a4a8b4f1957c5d03b3ffb311d90c14,265c1fa3e3dcafc3bd75bdfaf43dec86,delivered,2017-08-01 19:34:51,2017-08-01 20:27:29,2017-08-02 19:33:24,2017-08-03 17:17:46,2017-08-16,eb44cccc71cfe05262155f400c201976,2017-08-01
c1e01caa64164c2b4c54633ef42d032b,ea9d1a8e7a07a876deed9c4a822df5da,delivered,2017-03-24 22:00:38,2017-03-25 02:15:16,2017-03-27 11:25:28,2017-04-04 07:22:15,2017-04-17,a8296d2daa0c76468d945f281cbe031d,2017-03-24
c12dc1b88c47c377eecc9384a4b1c7bb,f6a4a4a7fcddcb80f6852853efee923d,delivered,2018-06-24 23:35:31,2018-06-24 23:57:47,2018-06-25 14:39:00,2018-06-26 18:52:46,2018-07-11,69f7e342c28eb22ef6845facd926e810,2018-06-24
a536641274ad7eca34443ef56220524d,bd3d00157a2f03689b894d550ce54489,delivered,2018-07-06 20:55:07,2018-07-06 21:10:58,2018-07-10 12:58:00,2018-07-14 11:07:42,2018-07-25,4db313417e7cbedc8497db52699c58eb,2018-07-06
b8c3b775f90a4df059eb8bd419bdcf54,8ee0ca9f187191efb735694272f236cf,delivered,2017-05-12 20:43:44,2017-05-12 21:22:53,2017-05-16 08:47:35,2017-05-18 18:26:15,2017-05-30,66b61fb935c16dfef3626586e128a0cd,2017-05-12
6416f07d133c720705c402021f612b58,5abbebd3409e7e53552e7611993dd9c0,delivered,2017-11-25 19:38:33,2017-11-25 19:54:49,2017-12-01 14:37:10,2017-12-16 00:13:43,2017-12-19,b6543b5cb284227bd002adf42c839260,2017-11-25
45acb6840b062e10dd63454b19ce5212,7b2ff9be0c86252de722d6287c6d9668,delivered,2018-07-03 18:36:57,2018-07-05 16:21:01,2018-07-05 12:46:00,2018-07-11 20:03:42,2018-07-31,345759b8cb3d30586551de1ca6905df0,2018-07-03
eea6beb3e8f3a7eafaf03ea844ae6021,584ca487fd08f3d048ec266f3842ffcc,delivered,2018-06-13 08:33:38,2018-06-15 02:58:48,2018-06-18 09:23:00,2018-08-09 22:26:47,2018-07-05,b28cf1534409ed866f62e2c39b470a98,2018-06-13
5494d7febdfd2f93ebdb691782d56f02,b09ff235742f48bfa743f3e9474d36ef,delivered,2018-07-09 20:06:06,2018-07-10 04:25:24,2018-07-12 19:02:00,2018-07-13 21:51:52,2018-07-18,016a5760b723a3a0bcb4b294d4bc6b45,2018-07-09
7e70cd9bcce25088247e249026c96fa5,ed35271185aa3ecf2e421970e47e473f,delivered,2018-02-03 18:34:16,2018-02-04 00:09:41,2018-02-05 22:27:43,2018-02-17 13:08:13,2018-03-01,643b807a55c5add3c91379b31f50d206,2018-02-03
d896771c13346a1152e08d268514f544,b389f7017be2f4770ebe90fbfec9ac88,delivered,2018-07-01 17:36:53,2018-07-01 17:50:02,2018-07-04 15:17:00,2018-07-07 14:32:43,2018-07-27,2db8aae1759be06242d5199c61fa7706,2018-07-01
06e15cff14f4bc72fac07dd6e6518113,af532e72149b808e9930096c343b5cee,delivered,2017-12-21 00:13:17,2017-12-21 00:31:46,2017-12-21 20:48:00,2017-12-26 19:58:50,2018-01-17,b4ecbde0138491ccae1357d743c66c86,2017-12-21
672240472a9a48838f902ff436aab4bd,e9dd877c0c235b753643d392b9a124e1,delivered,2018-08-13 00:05:06,2018-08-13 00:26:34,2018-08-13 15:06:00,2018-08-18 10:27:25,2018-08-28,fee24222fefa5a001d302a0492fecc7d,2018-08-13
ba1edaa5e640ca7da4c97fe92382eaaa,e1276a078b5016e0b3a037d9194f097e,delivered,2017-03-25 10:18:50,2017-03-25 10:30:14,2017-03-27 14:01:16,2017-03-31 10:44:39,2017-04-26,467beaec66cec4592b0d13c92e91ff02,2017-03-25
1fd9362a40211b8ab54154b0f8f7a657,777db3a2a4f052af7bbaafbc2c31e35e,delivered,2017-09-05 18:29:33,2017-09-06 02:55:13,2017-09-14 21:21:37,2017-09-19 17:23:29,2017-09-26,ce1d70c7d3d3fe7fd419add17e70ddae,2017-09-05
5fb2e82d4258afcb90c79e2e6f0ac185,db0ce16f1da5ed3902c23e6ab85b4c75,delivered,2017-03-30 11:41:08,2017-03-30 11:50:11,2017-03-31 11:48:57,2017-04-10 13:22:18,2017-04-26,e18a893d97d91d983342c5c512428cc5,2017-03-30
cbec497198427d28e8c84e2ccaffb6e3,69f645ccc229773483d2432687142f71,delivered,2018-02-24 12:22:08,2018-02-24 13:00:30,2018-02-26 22:25:40,2018-04-20 00:24:49,2018-03-23,d4e6e96efe843f32f662a70f7807162c,2018-02-24
1109a323a5e20da772a2f7b3cb0f9af7,892d0f0cbb0f1575faf3563f15bcfba0,delivered,2018-07-22 20:03:44,2018-07-23 12:32:03,2018-07-24 15:02:00,2018-07-30 13:31:45,2018-08-07,2d489f002755a46455a166e4deec2f36,2018-07-22
29fc23bcd9e04ac6a5919350404eb36c,a2463c771cdc164e80078fd3d5e12ee0,delivered,2018-03-03 21:52:44,2018-03-03 22:08:45,2018-03-14 19:03:51,2018-04-04 16:37:00,2018-04-04,0af81771d11ef9e0807a929428f9558d,2018-03-03
33e7761758c09be48d777723b0c32648,ba29afcdd2ecc1363849bbf404d281c9,delivered,2017-11-23 13:12:05,2017-11-23 13:19:26,2017-11-30 00:49:32,2017-12-09 17:19:05,2017-12-13,edc1e829e3da17e3c27e82e57f8f841d,2017-11-23
8ef90bbfd83a3525620bc52b758b655d,704458c6514db60176c4eb59bae24d30,delivered,2017-11-28 13:43:30,2017-11-28 13:55:27,2017-11-29 23:28:37,2017-12-15 19:21:50,2017-12-21,f8d067e9d4482d1a32805f05320800be,2017-11-28
62a2786bc58bb6ccba3e93b2d9664045,c568bdd5a6d9b5aab1a7a94b1bf1de3a,delivered,2017-10-23 14:41:59,2017-10-23 14:56:36,2017-10-24 21:29:49,2017-11-03 19:12:05,2017-11-21,5d4953dc6c4c521130ba62aa82c6ad85,2017-10-23
4ef2dc299b0885933a8773c1aa3656ae,a494436a326035256c3f7fde2825f011,delivered,2017-10-04 11:47:07,2017-10-05 03:04:33,2017-10-09 22:03:09,2017-10-21 15:18:35,2017-11-09,d64124211a931f7437678cc41827433a,2017-10-04
dcb0beba69129b3cb15757a33bc9dce9,813e3fa26f6fe35d81bdc9fa82c0111a,delivered,2018-05-27 07:45:28,2018-05-27 07:55:40,2018-06-08 13:45:00,2018-06-11 19:38:32,2018-06-20,85ed8b79c1ee1bd4e11820d3895e1f91,2018-05-27
12127db748d62b92c43f9564d6c7ccde,bda72cd5abc354f915a0151cbbf93dfb,delivered,2018-02-22 20:00:12,2018-02-22 20:10:48,2018-02-23 21:22:09,2018-03-02 19:51:37,2018-03-14,a5badc1297b6676d46ba7c8169dd7ee9,2018-02-22
227f6b7df58413c52832b11ec24b30a1,ada4af8902da278c18ba8834a1c1faf4,delivered,2018-05-30 22:27:55,2018-05-30 22:55:19,2018-06-01 06:42:00,2018-06-19 16:34:55,2018-07-16,52d2c4f7210ef28659735c979e991e2e,2018-05-30
2923b36af2aa3dcb5925e03a21fc2da1,1f68d6125d83e05c0c6b1d34d4f7c30e,delivered,2017-09-05 11:56:29,2017-09-05 12:10:30,2017-09-05 19:14:49,2017-09-12 21:47:43,2017-09-27,f93308f3aad8f628ab9b96c7626d68e3,2017-09-05
eb2d13a05138994cbcc09986aabdb9b3,0254fef29444edf8ad023adf1baac1bd,delivered,2018-03-03 02:21:56,2018-03-04 02:30:49,2018-03-06 19:38:59,2018-03-27 21:56:54,2018-04-20,08e5b38d7948d37fbb2a59fc5e175ab1,2018-03-03
5570d1c57d34b326bef85dc8ddf0c986,921e63f8a1c12143c2f814dcfc517100,delivered,2018-06-24 09:48:14,2018-06-24 10:15:28,2018-06-25 15:26:00,2018-06-28 22:58:26,2018-07-19,d13abf1f16a838a4c7386483adb87054,2018-06-24
3cc9d3f8dca39fc7c29d082e1197b488,1733bd74b2d3aee8edc1ace540ac52ba,delivered,2018-07-02 20:19:58,2018-07-02 20:30:59,2018-07-03 13:34:00,2018-07-11 22:08:47,2018-07-30,601fc330c69bcd236b91da084d7bb210,2018-07-02
3810ddb734405f64afc7638fd96c9cb5,db424c2dcde1c67aec5681756060f0a8,delivered,2017-03-29 23:48:57,2017-03-31 02:15:19,2017-04-03 17:00:21,2017-04-06 13:28:49,2017-04-18,21d3f0a4bf0cccf65dcfe93b8325d250,2017-03-29
8bd7f80baa0df162306e95be03bb7b16,75d859264ad4be4c88057781a915628e,delivered,2017-10-14 12:32:29,2017-10-14 12:49:20,2017-10-16 16:50:08,2017-10-21 00:22:14,2017-11-10,5b247efc13eaa924df67ddd1e4b4d558,2017-10-14
cfed781f36b83cd848a78200091e54d1,833f560a4b6ee7d4fc17357b04378e59,delivered,2017-05-26 16:15:49,2017-05-26 16:25:22,2017-05-29 12:03:11,2017-06-13 13:30:08,2017-06-30,ae4ad0fb461a0171027716517b3bb95e,2017-05-26
cdb1c73916a0078aba40629cf9f26cff,5a7f3db2ad4bcbc2c044cda44f7194e2,delivered,2018-01-23 16:20:50,2018-01-25 02:57:47,2018-01-25 14:58:31,2018-02-02 22:04:03,2018-02-26,3333cfd2805254710e2e46f4943d2cc0,2018-01-23
31cb8821ab778cd23ebb6ce6f9e2bce0,b3ff37db557452c87c756f90457fe7b1,delivered,2017-02-05 19:35:10,2017-02-05 19:45:18,2017-02-06 12:15:02,2017-02-10 07:37:46,2017-03-03,def83964102189a16a9570fd332ebbff,2017-02-05
9af5f003f0da353f6c32a5c5e0c83b39,2129cc3d2764d1f9c4618f6c06f40f65,delivered,2018-01-31 09:52:29,2018-01-31 14:10:58,2018-02-02 16:27:15,2018-02-03 15:07:04,2018-02-20,f984282dbc5ed83718ccdb6bebcb14bc,2018-01-31
a68c330c22c204ef5283a562bed75b97,6d6335349686a400eac6839dd1d060c3,delivered,2018-02-20 16:06:21,2018-02-20 16:15:30,2018-02-28 00:42:56,2018-03-05 18:18:56,2018-03-13,53f3f41b092ad404cdb5682b9e20d884,2018-02-20
b49738aaa4978ffb2dd4efeb676c9de4,d2c85fae92bd98554669494394a47f01,delivered,2017-12-18 21:45:10,2017-12-19 09:33:25,2017-12-20 16:23:24,2018-01-04 01:03:33,2018-01-18,67e3a59f5a5fe4ce6d6027a7cc87976d,2017-12-18
e5f0930c94fb39ce2c9b43625e7467c6,9ba3b410b27f27958b0bdf1dd43f8d51,delivered,2018-08-17 11:17:42,2018-08-17 11:30:41,2018-08-20 15:17:00,2018-08-22 19:28:53,2018-08-24,d28f1911eb7512d55b432187bb397973,2018-08-17
65d8aca563e1335c68eed05a33bc99dd,8d9813443f924294eea9930def4e9d33,delivered,2018-02-22 09:22:10,2018-02-23 09:29:27,2018-02-24 00:21:48,2018-03-15 20:05:44,2018-03-16,8d4b6dc9879d8284a8d355e2e76c9877,2018-02-22
04210d64e3bdb5a0cd44eb156294991e,72c1a2258eaf9420206a0a13cb760b99,delivered,2017-08-04 11:05:40,2017-08-05 03:03:14,2017-08-11 17:19:59,2017-08-24 17:38:29,2017-09-11,a24b992eef004eb002488fce9e3be44e,2017-08-04
1d2d07309f231879bd8097c707d4ad8c,e4479538a52c85752fca6f79078ed387,delivered,2018-02-09 13:47:22,2018-02-09 14:15:36,2018-02-16 15:18:08,2018-02-23 22:52:48,2018-03-05,38dff03b64c3e9adbb2d4c610838cf5c,2018-02-09
5dd21baa3b88bf3e97bcc80aa1b0b52a,a96336755f2a6f45496391ac601274fc,delivered,2018-05-28 09:07:47,2018-05-28 10:04:55,2018-05-29 14:11:00,2018-06-05 17:54:22,2018-07-04,e3e3ab2390cd5f887163976be438c635,2018-05-28
81ad0542f902d06936247fe96fb102f8,7da197a421555f9d5858c2a35ec19f2f,invoiced,2017-11-08 10:52:52,2017-11-08 11:06:41,,,2017-12-01,96bb8d8b8f62b4e39e8a95be66117941,2017-11-08
a7e689c27f1d23e34aa301cb76b36d3b,36e350b874ae0ff21fa49492008293e1,delivered,2018-04-30 13:43:45,2018-04-30 14:14:27,2018-05-02 14:16:00,2018-05-03 18:32:08,2018-05-15,1e97c482b4c9ec386bf5ea4584289a70,2018-04-30
ae58081c0be4ca730f53473f8f5d5df7,6a0ce72a507b9ca7bdf5ab4f1a875a46,delivered,2018-04-13 18:45:26,2018-04-13 18:55:20,2018-04-17 18:20:55,2018-04-18 19:14:24,2018-04-30,a5649030a6a7f0b0378708b5a342d7db,2018-04-13
bfbf45695ada6f6c2b2bbf14d224aeb1,911f537925bba457f30e1d49322c649b,delivered,2017-10-05 11:55:04,2017-10-06 02:35:29,2017-10-06 17:55:21,2017-10-11 21:14:03,2017-10-30,8a851617296124a4857303e40406411b,2017-10-05
253acea42a5068757ac2cd3e49f8f13d,e2aa79699984ce034e4b174b6f530803,delivered,2018-01-13 20:58:46,2018-01-13 21:10:17,2018-01-17 19:49:53,2018-01-30 17:04:04,2018-02-20,106f5af6a07fcfbdd30d0b9dc7c31195,2018-01-13
15d19cc3fdb1b3bdea39f23b8f3a7a11,29241f966f58fcd5d7cd10977fa26190,delivered,2018-07-25 10:47:35,2018-07-25 11:04:57,2018-07-26 12:47:00,2018-07-27 23:40:58,2018-08-02,b259b009b425d402eb2160a3a614d3be,2018-07-25
6221ed781ae09ecc0882f02db01e49f9,d357b3b8cfab071e2d3bcc009f24b3bf,delivered,2017-12-03 13:21:44,2017-12-03 13:33:14,2017-12-07 00:14:15,2017-12-14 22:28:00,2017-12-20,e3ca1648decc5c5cca5f8e6faab7cdfb,2017-12-03
72de948f7d91e80fb80be59dce8f9322,b12ec60d2b2d72228b9c194764f944b0,delivered,2017-12-04 09:56:53,2017-12-05 11:25:06,2017-12-06 20:52:15,2018-01-04 20:43:30,2018-01-02,97100fd0e2931b9907dcf728a4eeb8a2,2017-12-04
9a0e3af5d24c8ff2a65b4fe715ca4618,7f245302e780e8ebdf21176e6417e77e,delivered,2018-06-25 09:53:40,2018-06-25 10:14:12,2018-06-29 15:48:00,2018-07-03 17:17:05,2018-07-24,3f3b40c49d850a0870206a62e9a81a30,2018-06-25
296718c4d86a4e84c6bfd2e1fecfcb60,5f973aee835a2530aa1e1dd3bc7e3a52,delivered,2017-05-09 20:49:48,2017-05-10 02:45:35,2017-05-11 08:58:22,2017-05-31 08:34:18,2017-06-08,e9b0e3dd8bf7b96595031953b29e811c,2017-05-09
bcf8ce1cea8935dbbf537c9caf248f46,c9263e1cc3eea092007c49ea6bf5d40e,delivered,2017-08-29 20:44:50,2017-08-31 02:45:01,2017-08-31 13:07:58,2017-09-05 17:44:37,2017-09-15,53195b5ebfa96956c0446632da7c914f,2017-08-29
c4045d70da44ecbef2afb4407592fe90,9be4488544e1d864a50f80fcfec66efd,delivered,2018-05-10 17:53:13,2018-05-11 14:16:17,2018-05-11 13:26:00,2018-05-18 22:04:46,2018-06-07,0d153268371aa25450d4117ff070277e,2018-05-10
7958f96c87dcc4edd752ef1a39e75cd9,1a2b664eb54cde10af894071aff52d9b,delivered,2018-04-19 07:58:35,2018-04-19 08:30:25,2018-04-19 19:20:45,2018-04-27 19:28:45,2018-05-04,ab1a8c30f3d91e7877ef0b7fa004f65b,2018-04-19
b3feb3846bb0a8d68cd328138324bea4,4696c1f1c98537de03619ea8972564b7,delivered,2018-01-03 17:03:45,2018-01-05 02:33:38,2018-01-11 18:23:51,2018-02-09 20:07:20,2018-01-26,97bd3566bdb9a9b19f71b7349ac80f66,2018-01-03
ff79282c8f4c58df02fde009ad02d009,e7ae0379ea4e32f9eafe151d5147cd7b,delivered,2018-04-19 12:29:54,2018-04-19 12:53:28,2018-04-20 19:48:27,2018-04-30 22:12:02,2018-05-15,962ca9c899bb8d9c2d41337e38f3945b,2018-04-19
a4ca2ef2db84bd36005b60249c9600d7,ddac89832685bb48ae7c04d0079da1ea,delivered,2018-07-14 20:21:30,2018-07-14 20:30:32,2018-08-02 07:17:00,2018-08-08 23:50:47,2018-08-06,31338345a9cbb90d4692d1141353313d,2018-07-14
f53340ca014b3ee6d71eaca8c0262828,b7050d0df94080891fcc78ce49294a1e,delivered,2018-02-23 16:51:05,2018-02-23 17:10:09,2018-02-26 22:39:46,2018-03-06 17:38:53,2018-03-15,92823da6f72b9323c6d1eb127a030ff8,2018-02-23
967c49716bb3079dd0f2e8cc27301f92,7fa0ece685214f548326f60d4e038b8d,delivered,2018-04-25 22:39:35,2018-04-26 11:31:02,2018-04-26 13:17:00,2018-05-08 22:55:28,2018-05-25,30be152f27e50a4cd6a15a962f65e301,2018-04-25
bd8b880cb77c8814dfce61086015fe1b,b66c4427aabee52ef52dc915d25faba7,delivered,2017-12-01 17:13:56,2017-12-01 17:30:27,2017-12-04 22:28:58,2017-12-22 18:34:59,2018-01-10,f81481ce999df3f2f60fa451813f7e2f,2017-12-01
5c38655d217f80fb8ad2c39a7c0a816b,c390e7a5039a39f6f61077081d2cdfe8,delivered,2018-08-13 15:36:49,2018-08-13 15:50:14,2018-08-14 13:36:00,2018-08-17 20:03:29,2018-08-30,8357549278949996c0eb4c8823a64f25,2018-08-13
22aa0b4e8c7855fd8d534a7692579a36,9e1d60f744e20177e6c2b1062af5c97c,delivered,2017-01-20 11:12:25,2017-01-20 11:25:15,2017-01-20 14:18:57,2017-01-30 13:05:04,2017-03-02,47819e2fe2feece1eaa798f2c2398221,2017-01-20
92cadc3e20edf9c11602105c344a717f,d3a2623a3fa9bc2041ea7b6aae6789bc,delivered,2017-10-27 07:57:17,2017-10-27 08:10:07,2017-10-27 15:34:55,2017-11-03 15:53:00,2017-11-28,2cc77e01e4bbfd980f5c6728b16abfff,2017-10-27
cfac974a41d4273d522456d2840dc2a6,a0b828674053768d72daefb412b43410,delivered,2018-06-18 17:11:59,2018-06-19 06:56:58,2018-06-19 16:19:00,2018-06-21 16:11:40,2018-06-28,2d8ae2da8dea69747842dfde2d38592c,2018-06-18
80cb2770ef2f75c1c0824d9b1c9c79e0,202234d67b3c6de086dee7ed4bf9c1ef,delivered,2017-10-19 10:24:48,2017-10-20 10:26:02,2017-10-20 18:45:03,2017-10-25 17:17:58,2017-11-07,69ed598d504f75fcf7d08ac74a1c325f,2017-10-19
5687ad45d33870c742b2cdacaf758353,c68c27e929bf3a5f6d15d6101a7bd890,canceled,2018-05-21 22:53:49,2018-05-22 02:15:44,,,2018-05-29,373f04d122fdc622aa00598a81e2ac1a,2018-05-21
1c50f4dd80606ab3cc6b7675ec22b647,1b15834bfed64f5f839895896a2b4b0d,delivered,2018-04-26 08:34:44,2018-04-26 08:50:12,2018-04-27 14:06:00,2018-05-08 14:08:49,2018-05-25,d3542638a04fe72b323ad68a7f9d0685,2018-04-26
f875abf3cc68933b94d08b4ca51726d0,7a506893701d28bd57d183384f4cb225,delivered,2018-04-30 22:09:26,2018-05-02 09:33:13,2018-05-02 15:20:00,2018-05-14 13:03:59,2018-06-04,43f937345a0a85d0bcb7f86e8eca38f1,2018-04-30
087a1c1dfd41b68ab6a6cd8551147bb2,027173ae64ea4eb32139b3205e7e02c0,delivered,2018-07-30 14:06:15,2018-07-30 14:44:42,2018-07-31 13:12:00,2018-08-13 16:38:26,2018-08-07,147e1d1ed0aea7d16d7be3e2ed88cf4b,2018-07-30
07c066e1f4929584a77a8be911a0997f,5d1fad5801ed92a83f407f90977d08c3,delivered,2017-08-07 11:53:47,2017-08-07 12:40:11,2017-08-10 18:42:18,2017-08-14 13:51:18,2017-09-01,07292d06afd6c45ff8de56079ef4cfdc,2017-08-07
a9950bcd6b7e01fcf110c44611fbdf2e,93e1ebe21d58e74d7426b3e8d5e94c5e,delivered,2018-06-07 08:28:48,2018-06-07 08:54:40,2018-06-08 19:00:00,2018-06-11 18:34:54,2018-07-04,38393d4a93f690f8c979fd854ba7c736,2018-06-07
adc4970778889732db1a1b721b12a4b9,aa220a15ac7d760f8a1ba2ecda5c592a,delivered,2017-11-24 22:17:00,2017-11-25 01:16:11,2017-11-30 21:38:37,2017-12-04 19:27:49,2017-12-14,a1000fdfd06a4d643b33ce3a8ad4259a,2017-11-24
84d48347cdbfce0a17da7b6b9cd90492,9695ed0844ddd2e94315f39ed1828058,delivered,2018-02-24 12:34:36,2018-02-24 12:50:24,2018-02-26 21:08:12,2018-03-01 14:33:08,2018-03-13,b10a5b3a01aeacfc30a078c956453044,2018-02-24
370ea9c16345a128a6c6b8b76a475d74,698e47900576a48d6407ce5b61a17542,delivered,2018-01-26 13:53:17,2018-01-26 14:22:02,2018-02-01 00:28:50,2018-02-26 19:53:06,2018-02-21,cfa780eb67142c37ab255ddba8bd2467,2018-01-26
6e9b8fca06fec084296f7dc0e43461cd,c7128f460704b9a96f77b698bc521be2,delivered,2018-01-09 19:41:56,2018-01-11 02:33:27,2018-01-12 23:48:17,2018-01-24 22:51:28,2018-02-08,b6026a3e4e0e614fdfca5b00ef35ac4c,2018-01-09
4de5beb49e4389e91971200bacf4e024,ffdd80d8f3655192a9d2a38d5b18732c,delivered,2017-11-24 14:06:24,2017-11-28 03:43:46,2017-12-01 23:19:39,2017-12-19 20:32:25,2017-12-14,d6e9aa3bdfdecec4651fc0c7e73341f2,2017-11-24
03477f5f6bd5656e0e847d3a17e67efa,7358e2ec1027c49bb741aa65885ee324,delivered,2018-04-13 14:44:50,2018-04-13 14:55:16,2018-04-13 23:28:20,2018-04-18 21:16:44,2018-05-23,9d3f764f542dbd2d48bdd7f447261886,2018-04-13
b46c295d27c87441788cfd92b75b1a3d,35af9db017c64c3410a255c75375b15f,delivered,2017-06-29 22:43:49,2017-06-29 22:55:11,2017-06-30 14:41:37,2017-07-03 08:26:40,2017-07-21,001a2bf0e46c684031af91fb2bce149d,2017-06-29
1896e8b8fd196151559b02e31e98ce89,1a2a799fe374131d470b9ad84e43b4cc,delivered,2018-03-09 19:09:47,2018-03-09 19:48:09,2018-03-12 23:18:22,2018-04-09 20:48:34,2018-05-02,d338e4f7143511cdb6af7c1aa2bcb75d,2018-03-09
17bfbacddb5eaccbb988fe17e60da5f8,4f5fc821e352eeee7b5cad75b1d95078,delivered,2018-04-11 10:47:21,2018-04-11 11:10:29,2018-04-12 19:52:51,2018-04-17 17:39:39,2018-05-10,b5652989b7db07f820439394e5a3d764,2018-04-11
f52849f04dabb7e33d5ac651293386e9,f1eecbba10e1689e4fddaae036b8a85e,delivered,2017-05-07 18:34:36,2017-05-07 18:45:17,2017-05-09 08:12:28,2017-05-30 12:23:17,2017-06-08,e64ab18890c89066fe47f8abbbf180de,2017-05-07
a58bc23722e4f1f8f2299766dcad762e,643bf09ef6456d014d184adcef520b40,delivered,2018-05-02 23:46:50,2018-05-03 00:13:21,2018-05-03 10:58:00,2018-05-10 21:26:37,2018-05-21,8f8ca19d3132dd627c49b5d065d6297b,2018-05-02
55dc0b4a0f13a05eb36a095553d4de55,b40c7e70e08d955b06856703a33ea2a4,delivered,2018-01-16 19:42:38,2018-01-16 19:55:19,2018-01-17 17:22:29,2018-01-29 15:51:59,2018-02-15,5a48c47fe2c186107b7b97aba82057a8,2018-01-16
449a5c83325ac51d98c821405c503183,744472d5342f14d99da7aac037d88721,delivered,2018-01-22 23:09:08,2018-01-22 23:18:29,2018-01-23 20:51:43,2018-02-03 07:23:05,2018-02-20,2651a8c53300ca8a4eb04de1ae64ea93,2018-01-22
1cbee9a2dd4b2a7e2c95a4b9ef21bd0a,4ef856387129b1a15b95c15e91768007,delivered,2018-03-07 20:55:23,2018-03-07 21:10:30,2018-03-15 01:44:32,2018-03-31 13:36:48,2018-03-23,0aa5d8db6e6469a87233859baffb5970,2018-03-07
aa964845f1de8125410aea8b73e9e1ec,d990663a73af8129834fca277b4743ca,delivered,2018-08-10 07:43:34,2018-08-10 07:55:14,2018-08-10 15:02:00,2018-08-14 18:47:33,2018-08-17,8632c4862d819878dc37d5d2867d87ba,2018-08-10
942bfba61040fe93e3038099eb60fe31,d83be21cf2ad5d2997d771d69411cf68,delivered,2018-08-21 09:52:42,2018-08-22 03:44:19,2018-08-23 07:33:00,2018-08-28 14:03:31,2018-09-12,bb5229b359016fac21322cd7789dafad,2018-08-21
5ba2ed250b6f47416b0a787bd4deba63,8c28edb50beda68d7be316b7bfd1fcac,delivered,2017-07-01 19:13:55,2017-07-01 19:25:20,2017-07-04 11:23:32,2017-07-27 12:18:57,2017-08-04,adcb53ce159169111fb696e5afb4e95f,2017-07-01
c0a5ad81be45e1a04365870aab5cfb4f,1bb9aec4f2cee2853d9083e747f00db4,delivered,2017-09-26 12:57:49,2017-09-27 02:49:14,2017-10-02 10:12:58,2017-10-03 15:03:21,2017-10-11,189ad8f756f2949a129404227b25b34a,2017-09-26
96afce615acfe22de83ca7f0ddcc27c4,dc04bfb55313bb15d71cc9c26f7cf6d2,delivered,2017-08-06 01:43:21,2017-08-06 01:55:07,2017-08-07 20:44:55,2017-08-14 19:16:05,2017-08-29,49ffdb999b79de5bd25ea0d95f523ab8,2017-08-06
897ed337ed4c3fba920924b9143c2ea0,7e0ccb80f03547847437a81f88b7e7ad,delivered,2017-01-27 17:31:45,2017-01-28 05:31:36,2017-01-31 06:43:58,2017-02-06 11:42:34,2017-03-27,1c27234fb5b518b965a03cad960bde1f,2017-01-27
b4262fe5b2e37af43a440bcfbf4737b6,508650ca307b9b68ded0c252abeb0cb1,delivered,2018-04-03 17:33:32,2018-04-03 17:49:38,2018-04-04 17:21:16,2018-04-10 00:19:20,2018-04-27,18fc45740686ea187144548b3466a313,2018-04-03
09cbc615350e91dae35a37b78994c91f,fa336269827b24251d7e6c26e09ee32d,delivered,2018-02-14 20:26:13,2018-02-14 20:35:35,2018-02-16 23:19:08,2018-02-27 18:10:08,2018-03-06,ee71e4121bf54e90fcd39aa794d13538,2018-02-14
a3fa2b20c0df9c8279c4441905471140,e012ec724eb09748bfe4dc58facabfff,delivered,2017-08-03 18:05:05,2017-08-04 15:50:20,2017-08-09 14:53:01,2017-08-21 21:03:18,2017-08-31,5ade76c1b8598f4752607e46984950d5,2017-08-03
ab1e451ac61a9e1ed83028e67458d722,1f02ba98e5ac2c5d7e3561429733c129,delivered,2018-01-08 21:39:41,2018-01-08 21:48:44,2018-01-09 21:48:20,2018-02-07 17:08:25,2018-02-07,3398f68dfa1b687d6d4610817c6de23d,2018-01-08
e25282d3cadf7b4c3a491dfb533dfdb0,589cd95dd75d0bcd4eb5739b1b3fb1e8,delivered,2017-09-29 21:35:33,2017-09-29 21:49:20,2017-10-02 17:20:02,2017-10-06 19:13:20,2017-10-23,3c7e5c473f21b2b31796e7ec6d3cddb8,2017-09-29
3318317aee1cd3dfc1929272dd05b517,3b1ab3eb135bf65a29d6f9045e1cd02f,delivered,2017-11-23 15:36:00,2017-11-23 15:49:14,2017-11-24 17:56:02,2017-12-05 21:55:45,2017-12-18,b8363e5884d7e0b5ac88aea14b62c265,2017-11-23
8f702c6eea5985c8768010eebd2a6891,e8632f3af3c7b0bd08f3b57413087db0,delivered,2018-02-03 17:46:18,2018-02-06 05:31:55,2018-02-08 01:44:15,2018-02-22 18:07:42,2018-03-13,eac68b15578649f1a014a0c558bd213a,2018-02-03
d916bc63daa29deee391ab3e479e2923,0abfaf23dee18e9e25cac561ed01e909,delivered,2018-04-24 17:09:20,2018-04-26 03:51:39,2018-04-26 13:22:00,2018-05-10 22:38:23,2018-05-25,95ee26f16ba5db4ea2b704d1cb3ce874,2018-04-24
ae9e63d9e351f66eb5f9032397bcddfd,63f68ffa0f446541d46ab78adc2c1a20,delivered,2018-01-18 18:30:47,2018-01-18 18:39:28,2018-01-31 11:24:53,2018-03-01 20:22:34,2018-03-21,3e5c78eabd5c34eaffe16c10eb7b1816,2018-01-18
e9393662026f1973d6330fb33ef1ffa5,3aae38c3c1a19888da691519a2a42b18,delivered,2018-08-15 21:02:06,2018-08-15 21:25:09,2018-08-16 14:13:00,2018-08-21 14:23:05,2018-09-05,fadd744a945e92efba1b56fff793724b,2018-08-15
c1b478f170d1ec5c4ff6ea07039fb276,da00258ab409403dc860fae6c62b58fa,delivered,2018-03-20 21:39:19,2018-03-20 21:50:25,2018-03-23 15:47:24,2018-04-03 14:14:50,2018-04-06,81595fa5eb02beecda64282ad13287f5,2018-03-20
c228fb80043a1ebf0ab361c676972a34,753bcbb77173dfa6ebba16f4dedc2eb2,delivered,2017-11-23 21:55:07,2017-11-23 22:06:27,2017-11-28 17:59:02,2017-12-05 15:38:59,2017-12-13,f568bf284601c5bfb1412ef76dbbff77,2017-11-23
387a1dd847da1460222bebfcd7c2c7ba,090d99c55a1c0f65175855a782df9537,delivered,2017-09-12 11:54:37,2017-09-13 12:04:28,2017-09-13 19:27:22,2017-09-22 17:07:35,2017-09-29,d4e5ada242c876e58b2dbbcfaa80d977,2017-09-12
274c7b7da7ae1faaf4a98f2e39902b7f,23bd00261a796afefd758f975351b815,delivered,2018-03-31 08:04:22,2018-03-31 08:15:14,2018-04-04 23:54:48,2018-04-20 22:32:51,2018-05-04,9c4adbc4c71dfe7cdcd6117f1c461473,2018-03-31
75d064d09b807b1fe4b662a0b7611f8b,f4d9d59405e120b89dbc731ec632ae1f,delivered,2018-07-04 09:33:56,2018-07-05 16:34:36,2018-07-17 16:35:00,2018-07-27 14:51:57,2018-08-02,3f961646b93a3da95277e321e3197be8,2018-07-04
e7c4f491f1fcc1d15480115f1b7afa57,4b71f2dc18503c0dae19a58bfe99c593,delivered,2017-11-22 14:14:41,2017-11-23 02:57:31,2017-11-24 22:26:43,2017-12-01 20:44:32,2017-12-12,01aa30b6c0412a1548fc29e2c98033cf,2017-11-22
cc9d4603ef1ef80d4a7627ddc4552312,910923ada8c97c7a8e1b5c17c6a986d8,delivered,2018-04-10 14:10:12,2018-04-10 14:30:12,2018-04-11 19:32:17,2018-04-17 17:34:37,2018-05-03,768015096b412b9cab4b52ffc05ff059,2018-04-10
6940c4da07984a3f1986bff00cc21ef2,c4901130ab96b74c16bb4f4988e26824,delivered,2018-08-20 14:38:06,2018-08-22 04:05:09,2018-08-22 13:48:00,2018-08-28 16:57:46,2018-09-14,44af021c1880c69bce8f4528d8432553,2018-08-20
48e72584a72dfd3dcb2ed3a6c5ea07ce,ca0dd0a80b91f5df4f5da217c25ed722,delivered,2018-08-05 21:01:43,2018-08-05 21:15:25,2018-08-08 15:01:00,2018-08-15 22:03:58,2018-08-17,83c9cab44e9704290e6302a6a315dfed,2018-08-05
be8ab651d9a385206918a02d21d0cc33,6be433092c73f7f3f76422d333f87818,delivered,2018-03-30 13:43:51,2018-04-03 05:48:48,2018-04-05 18:04:42,2018-04-20 16:40:59,2018-04-19,989d0cf1321d9c4490b36b00304f9f5c,2018-03-30
feeafa1686889fcf9d24e97b81c34f63,3684b9a021a6b089ef00ff9c9b07446e,delivered,2017-09-18 19:18:35,2017-09-18 19:30:16,2017-09-19 15:37:36,2017-09-27 16:48:21,2017-10-13,171a5d2ec4b9b6b909c61d68c5c94a2a,2017-09-18
cb5a90448282b7b65850b10544dbb22a,3d34a26e48d1a4c625b3fe98ad99bf7b,delivered,2017-07-17 15:22:59,2017-07-17 15:35:09,2017-07-26 17:59:36,2017-08-01 21:35:28,2017-08-14,54f9ecaef9bf186a35524e390e2c2ceb,2017-07-17
b1cc2415253bed6a394cec36a9280797,94d9e024dd9410315d34dd683d0dd657,delivered,2018-02-09 22:49:43,2018-02-15 03:56:07,2018-02-21 17:28:41,2018-03-15 00:11:10,2018-04-04,6790eadba4da3baf9bab3b588627ef62,2018-02-09
b4987fffa27206403cb8ac9072a6f9de,6b1c69ef9ca42acffa9885fc1122a006,delivered,2018-03-24 14:51:18,2018-03-24 15:07:56,2018-03-27 02:08:58,2018-04-13 02:21:55,2018-04-24,0bd1a51f1185c08cd0ee5bee61d1e443,2018-03-24
f1ae9201c5fbf85324c872859f799ac2,c01488babd469ff145c80085b71f2334,delivered,2017-12-06 21:42:47,2017-12-06 21:52:54,2017-12-07 17:21:32,2017-12-18 20:39:51,2018-01-08,310f9f6d2ece6f501dc93c32ddb23273,2017-12-06
29c6b96c5e696a196f1506078a1346cf,a871b98f29f12889ac15859d049e289d,delivered,2017-09-02 19:53:33,2017-09-05 04:36:00,2017-09-06 22:07:38,2017-09-11 18:45:26,2017-09-22,bf2afb6c6d709dd65966b070d49ffee0,2017-09-02
5cfc24193d53d6dc86c639606c31b5f6,cb2c6606e660a6aca65c6a004f851270,delivered,2017-11-25 08:40:18,2017-11-25 08:55:37,2017-11-30 19:19:06,2017-12-20 19:20:04,2017-12-26,9e99ad9fed4105b7b7a6929bcfe9bfd0,2017-11-25
dc2098287a90d976b893165c71dfa020,db691e513b00588d4422c37c5e9e2dbf,delivered,2018-08-14 13:27:56,2018-08-14 13:44:23,2018-08-15 14:15:00,2018-08-20 20:50:36,2018-08-22,243688855565ef019c3621e9147346bd,2018-08-14
291db83cebe0c7179310b62e0a7e2714,86484b39e159b80d85758985c1463d6d,delivered,2018-05-06 20:53:32,2018-05-08 19:34:35,2018-05-16 13:44:00,2018-06-07 19:51:56,2018-05-29,39b203f2687df866f39a7fc3438e67f8,2018-05-06
ad0f5b61c49281e7ccac5a986968f347,2c0eaa1df8f0066e0d344cf609f8fc9b,unavailable,2018-07-24 09:26:34,2018-07-25 04:10:09,,,2018-08-03,e50756a1f601b707158af7993609f51e,2018-07-24
26d5ab0752e2de19eee25118f25ccb74,7b3a2b1682c37d9df9e836d397b963a1,delivered,2017-11-21 23:41:35,2017-11-21 23:52:26,2017-11-27 22:15:31,2017-11-29 22:10:57,2017-12-01,3b6c7e28e2c01ce45156f875e88f6d02,2017-11-21
f174b7bb70b31bea3dbfdf7cf9719ce5,fa02a9d0399654a2a97b861ec8ef7897,delivered,2018-01-26 22:44:20,2018-01-26 22:52:21,2018-01-29 18:13:04,2018-02-01 22:38:59,2018-03-05,9e4cec36a7f9294540b39950eade4190,2018-01-26
d24ea9296a5de338db8128bf4a6b9c48,b2bfb3977ba27bdab4a1202b4407ca06,delivered,2018-05-01 23:48:26,2018-05-02 00:16:25,2018-05-11 10:41:00,2018-05-14 22:57:35,2018-05-15,87acbabcf8015a0f3e78275477c3f601,2018-05-01
8f9cd54929c1607124f4742a7425dfc6,7e59a54426372c0e0c445ad13c033826,delivered,2017-04-02 22:07:03,2017-04-02 22:22:34,2017-04-03 13:47:04,2017-04-10 15:06:25,2017-04-28,436164d6caa038066fed7df68baa0317,2017-04-02
f013cb01232922e713ffadcfa3b52368,3a3caef69b01f16c9eb102c28168564f,delivered,2017-06-07 15:04:13,2017-06-07 15:15:16,2017-06-08 14:33:14,2017-06-21 15:33:28,2017-07-04,09a80255e081de716a9f8d1fab9e20b2,2017-06-07
f0306b5ed43b47782c4f72497dc5e97b,1d40bf2da4a31578ce877c16addb89ac,delivered,2017-10-19 10:36:34,2017-10-20 20:49:37,2017-11-01 23:06:41,2017-11-09 15:48:56,2017-11-24,60402d2ed0a99c9a8af5882ef0cf686c,2017-10-19
8a8d4f2c50daf68104823637fbb01111,359cb0d7499e2a6703e7e59a397e0101,delivered,2018-04-02 16:57:27,2018-04-02 17:49:05,2018-04-04 18:41:42,2018-04-10 01:57:23,2018-04-24,fcbcb15babddb97030bfc22da7b211a9,2018-04-02
f89a86148310b5d6a02fbab8f1c9fb77,cecb0cabf6394829a7de181e95a08ad6,delivered,2017-09-08 17:21:34,2017-09-12 04:25:52,2017-09-12 19:51:45,2017-10-16 21:18:15,2017-09-27,63d9c37bacc98b56edcd3779d54bb3e7,2017-09-08
85f8ffb0071e850ecba540ba938f32a9,f388da80d7f9a29735dd482be3995dc2,delivered,2017-03-16 20:04:07,2017-03-16 20:04:07,2017-03-17 09:15:30,2017-03-22 19:48:52,2017-04-06,664fe7916cb8709c6b848383c6361dcc,2017-03-16
a87ef9e0075f9e9636d1b1f3162aff06,86dbfdbce3774efc9cbbec339ad6233d,shipped,2018-02-06 18:55:22,2018-02-07 03:10:06,2018-02-09 16:56:52,,2018-02-22,1a15fc93064a775e7f0157536a6a5715,2018-02-06
dbaaebf6a6e547abe2187a376dfc80cb,1bd39c947fcc7819aaf31c7f37b6d740,delivered,2017-07-30 11:41:46,2017-07-30 11:50:14,2017-08-02 19:19:56,2017-08-10 21:10:15,2017-08-22,a7068fda1d9d54020ce15ee6e488e3c1,2017-07-30
27eebc49f55d8e9b8192f11c2570d6f1,55cd7bfe95dcd698acf176278e14888e,delivered,2017-10-29 20:28:51,2017-10-29 20:35:22,2017-10-31 15:37:39,2017-11-01 22:15:56,2017-11-10,2878e5b88167faab17d4fb83a986d38b,2017-10-29
ec9f9865708006552e26ff7a0e56738b,ceab1b83992b155eb6d4dc4f94156c3e,delivered,2017-09-22 13:43:56,2017-09-22 14:42:11,2017-09-25 20:25:05,2017-10-04 23:37:52,2017-10-23,f50f0b4b20ffc750f14579e235e24700,2017-09-22
dabf2b0e35b423f94618bf965fcb7514,5cdec0bb8cbdf53ffc8fdc212cd247c6,canceled,2016-10-09 00:56:52,2016-10-09 13:36:58,2016-10-13 13:36:59,2016-10-16 14:36:59,2016-11-30,2f96790fba243100730c8d1185dd2f25,2016-10-09
bfd279d30475171e707bc248cffdc615,0138300525351148ae5c0bfe11efe43c,delivered,2018-07-26 19:51:54,2018-07-26 20:04:17,2018-07-31 15:37:00,2018-08-02 20:46:28,2018-08-13,6eb8e2b6fcf8074c670ebdac39ba6442,2018-07-26
9ba5b74f4d7d84f76cfb1644b6eee3a9,fe5f081eb56748482abe3a5f13f7fc43,delivered,2018-02-26 12:51:04,2018-02-26 13:10:44,2018-02-27 19:48:48,2018-03-22 20:56:46,2018-03-22,c8a19df09b2426e04c00d66e1ff7e460,2018-02-26
1b506ab4d2fae3d70d95f8d0a4d8d094,366dc85996a888a01cd43864949768c2,delivered,2017-09-04 23:35:15,2017-09-04 23:45:12,2017-09-08 17:35:59,2017-10-10 20:52:36,2017-09-26,7a46c5d10e6ee23ec37fe81eeb79b6a9,2017-09-04
4500a7cbeb73995b57988b9a3954cc50,9af20565ab6628277ab244d811547727,delivered,2018-03-13 08:30:55,2018-03-15 03:29:30,2018-03-16 14:51:28,2018-04-03 01:55:51,2018-04-04,7e298d5be52d1bc3d1bfb5e9c8ec7ab2,2018-03-13
4277cbafe32b1c895956bfca7cbdcc69,b99e908d272da937657210cfb830ea6f,delivered,2017-06-24 13:25:58,2017-06-27 04:23:11,2017-06-30 16:05:37,2017-07-12 20:03:35,2017-07-20,59bba92de9b8f6be0808e4d9d64b4b43,2017-06-24
4503d7de448cb75c09c539a1f407c7eb,aee6125cb5bde8bf58b7a0dc231f8c51,delivered,2018-05-14 12:07:43,2018-05-14 12:17:38,2018-05-15 19:25:00,2018-05-16 20:30:40,2018-05-22,cad384bdef73691346b5e3ebfd1815bf,2018-05-14
708cb5e8cac7d35e5acd85d630125653,69ee6fd73d273e7a165ec5a3634af120,delivered,2017-10-21 17:04:11,2017-10-24 03:25:56,2017-10-24 19:59:20,2017-10-31 20:21:24,2017-11-17,7d8b4f89fda12bbbd9598fd89b76f4f1,2017-10-21
2c0e90a2bdcffa59af23fe752aa40541,8dc0322817620f287ac81305111678af,delivered,2018-04-28 21:31:30,2018-05-01 06:12:53,2018-05-02 16:58:00,2018-06-15 16:08:49,2018-05-28,2e458ddbf7592548d408bf51ba12d0c3,2018-04-28
60b7a154dfbcedf1c0b7b294d0cfae7b,66637c0e4a801a4cd3ba72818e7b5b11,delivered,2018-02-05 16:11:25,2018-02-06 04:33:10,2018-02-07 23:04:31,2018-03-16 01:33:01,2018-03-27,35667b792f144ffbcb90d64c5abf26a7,2018-02-05
9f93d6d806ea3735add613d07df54266,02e86093158ca5dc555cd7674b753274,delivered,2018-04-18 17:05:48,2018-04-19 08:15:22,2018-04-20 01:47:41,2018-05-05 00:34:44,2018-05-23,0d4dc2bd48673ef0f233462e6b2bc276,2018-04-18
8c88168ecddc30a5a4a4b899720a9d66,b93bde3d977538b891c36a8da5fb4963,delivered,2017-03-27 13:48:42,2017-03-27 14:02:39,2017-03-27 14:25:02,2017-04-05 09:33:17,2017-04-20,d4227deb40ef8d82c38d4632ba8e814a,2017-03-27
61ab6abf759291229bc1d2ad09a7c3f1,86b794305d0f1621562027fb00fd32c9,delivered,2017-11-17 13:10:58,2017-11-17 13:55:24,2017-11-21 22:09:46,2017-12-01 17:46:52,2017-12-13,0c525576779c3eea24bb2688e0a2a298,2017-11-17
18cc6945eeb0fac797b1e48e96bb7ad7,14b49d162cc1a8333aec3853db1812f5,delivered,2018-01-15 15:38:06,2018-01-15 15:50:53,2018-01-30 12:44:48,2018-02-01 17:35:42,2018-02-16,21421ba1bd92005a3b48e6a745e9b8bb,2018-01-15
bcdac90f7e0226cd65358da9bc6ead9a,ef0bee024200ff71b3a534c5db157e06,delivered,2018-01-28 00:28:36,2018-01-30 04:31:06,2018-01-31 22:19:08,2018-02-16 20:51:38,2018-02-23,451910aefe018958ef7b401b88a9a171,2018-01-28
54761f5e42ab5a33268fe64804e92448,ca0448b0e38ea07c04f29cc6e1705a3e,delivered,2017-12-26 11:36:36,2017-12-26 11:48:47,2018-01-12 20:41:36,2018-01-26 20:09:51,2018-02-02,841f30966ae0587fdeec6256304dcb2b,2017-12-26
78219cc6b17d2b84d847bbf8b470316c,1c0f0ab71b8207131776a38cc59cd4bd,delivered,2018-07-13 20:08:35,2018-07-13 20:23:54,2018-07-14 08:31:00,2018-07-20 18:03:30,2018-07-27,21cdfc6b2c123f648c56fc6080a929fb,2018-07-13
0eb6a12eb37ee53379b86cb351fc1139,78c8b909a304dd7148abb9341c894a75,delivered,2018-03-09 15:30:05,2018-03-09 15:49:44,2018-03-10 00:51:22,2018-03-20 00:58:46,2018-03-27,c07a3a4876b8a9b4f06f10a0658fa5df,2018-03-09
707d2a86b1e20b0fdcd7a45446d4b8fd,3b5011d2e09ff6ce6e2ff1576e3acff2,delivered,2018-07-23 22:18:15,2018-07-24 10:31:14,2018-07-24 13:44:00,2018-07-30 20:43:42,2018-08-10,794c2d52792f8edb79ed1225a9afb1a5,2018-07-23
16910be50855e4675b6417d183309ea4,74e5e0b3e3545d5a18aacd0ffc82138b,delivered,2018-05-06 21:49:23,2018-05-08 20:31:54,2018-05-10 14:31:00,2018-05-15 17:52:26,2018-05-29,dd4a3e85d22efc3c3ff3887e36365bef,2018-05-06
bdd163683d4bc75b0b2b7a8d9e1ccd26,bc6a4c47275544bc66dd45d83a367d27,delivered,2018-01-10 11:54:00,2018-01-10 12:08:59,2018-01-11 23:05:11,2018-01-30 23:32:04,2018-02-20,862b2c6ccf4352c087cd60cdac498b48,2018-01-10
fb5ea894786347722a854ef8fbad3e78,5433d4e11f595ca00bd7d798b156e009,delivered,2018-05-04 16:44:14,2018-05-04 17:10:04,2018-05-09 13:12:00,2018-05-14 16:07:36,2018-06-01,4799e3ace7babd6d072fd17c4cb01a01,2018-05-04
cb503219f1a73d8a4dfe8561be373c99,921822ed81e9c094d7908db16164a270,shipped,2017-11-25 11:22:09,2017-11-25 11:35:20,2018-01-04 21:41:39,,2017-12-21,3ccd49b60a16bd5c9572b8c84adf09da,2017-11-25
13a23ee952fb9cd769f00a73d9dadfc3,e6b2757b757b80cd6c7c33c329e9afdf,delivered,2018-03-03 10:11:38,2018-03-03 10:28:37,2018-03-08 17:25:18,2018-03-12 15:42:18,2018-03-22,66b54450ecb6e435d205711757cb76f2,2018-03-03
a67eb7e1e345d47ea191f88d20b02f48,7e526dd26eefd38eaf8e3aaffa569ddc,delivered,2018-06-04 10:00:29,2018-06-04 10:10:35,2018-06-04 15:15:00,2018-06-05 18:45:33,2018-06-28,c70a748181b0ad35dabfa861d6a73464,2018-06-04
534ea80843e1a5eb1ccebfea5d52258e,37d31448db0f51f0e9489a81ddc53bdc,delivered,2018-01-24 11:21:27,2018-01-24 15:16:13,2018-01-26 16:22:43,2018-02-05 16:18:31,2018-02-16,6bf1e913a86b8b616e99f27b129a7769,2018-01-24
456f9f06a58b9d22e98d54aeae391575,8f1b2512b7fa877db77f4bb3fcbc5c1d,delivered,2018-08-08 19:19:54,2018-08-08 19:35:14,2018-08-09 11:24:00,2018-08-14 17:14:33,2018-08-21,c35101ebb38317f41ffd9936ceaf8e09,2018-08-08
9f024956eb1ae4922177f88ee162e251,82b3ba19327bc589f081bb65da00ef6a,delivered,2018-01-19 13:20:49,2018-01-19 13:35:56,2018-01-25 20:38:36,2018-02-03 17:25:04,2018-02-23,82a7dec4fddec9bb2e7bab5fda69245b,2018-01-19
6cbe1e11a1d2be3cada894fcdcbb020e,a2a0af54fdc9de410b95d6e643232349,delivered,2018-08-19 20:45:58,2018-08-20 13:15:35,2018-08-21 14:25:00,2018-08-27 15:48:45,2018-08-31,b9d97754befdb3210ca980bcb754c64b,2018-08-19
204c3a076103a93b98207df2faeb6b4c,c908a3e881a6b1e45aba3336b478f445,delivered,2017-05-21 08:00:00,2017-05-21 09:10:28,2017-05-23 15:53:43,2017-06-07 12:44:59,2017-06-21,fafbc4ecb15933633821dfd530c9263b,2017-05-21
7b3dfd5f6a78e3b430e083bf1a909da0,9fb22afe5a91a9c5f42a502ac18cb629,delivered,2017-05-08 22:39:37,2017-05-08 22:50:11,2017-05-17 14:04:55,2017-05-24 12:18:02,2017-06-08,41a147dd6ddffcef63d74c6b0d5311ad,2017-05-08
497dd86000dbe348d33b6fa239f2521b,540414af4996cfdbb392622b3c082294,delivered,2018-06-21 13:57:12,2018-06-21 14:22:16,2018-06-22 15:52:00,2018-06-26 01:40:32,2018-07-12,05fe98c073d657f481413609d094ab71,2018-06-21
284f45ebbf2b9dae5ad6699417798e08,d4ba90ce0c49bffcd1b221f4bd2e9741,delivered,2017-07-01 15:09:06,2017-07-01 15:24:00,2017-07-06 15:45:57,2017-07-18 16:44:11,2017-07-25,08a151ec3a5cbe140edd1fa285f6c853,2017-07-01
6992111da90e1d0b60209bcfe296f214,5094b2ab4ab45dae312e6ab507e29c03,delivered,2017-03-27 14:45:25,2017-03-27 15:02:14,2017-03-28 13:15:13,2017-04-03 22:15:51,2017-04-28,3c2a2020f00a76f599402974f0f17062,2017-03-27
5f8f11858f0aa38dd3dac7d851aced95,503f0e722a93ef93328c4f358b7c0c92,delivered,2017-10-11 15:12:34,2017-10-12 15:27:52,2017-10-16 19:48:00,2017-11-14 19:05:08,2017-11-09,2f58561a6b4cb17f5e864d8df3e559c6,2017-10-11
70a3acb4b096f675be6a2e03e2fb67bd,3d67ed4465f06c12893998418e08fac8,delivered,2018-07-12 17:48:52,2018-07-12 18:03:58,2018-08-02 13:05:00,2018-08-09 15:56:16,2018-08-13,c2a88d9551b1cdb6ed5f3177e8c71523,2018-07-12
e94daa2288ba121cae2bf863fe3c7875,10850253accfd1ee47d065a7373498a3,delivered,2018-04-29 16:10:03,2018-04-30 20:49:43,2018-05-02 16:33:00,2018-05-08 18:56:31,2018-06-04,d4b0546eafc45b6b4880a54583880931,2018-04-29
518f635a71b22cd5e588f9ba98f6204a,1b6dfb571cde0e7d73312c4ac876ee42,delivered,2017-11-17 15:28:09,2017-11-17 15:51:06,2017-11-17 22:26:46,2017-12-05 12:27:14,2017-11-30,590d7cedd628db2cdb80699eda3fd0fd,2017-11-17
bedff73fa5a137527ba9314cac93b7b3,78e1490a885fe6e9680acc9efc7af380,delivered,2018-07-18 12:00:35,2018-07-18 12:22:20,2018-07-18 14:35:00,2018-07-20 15:53:41,2018-07-31,d27159211774d240eae28f4554b5a09b,2018-07-18
7d211ad04e2a788e75109de959ce3171,4a1e8b88c644fe53641843b68f745160,delivered,2018-05-29 21:55:48,2018-05-29 22:13:54,2018-06-05 13:07:00,2018-06-06 12:55:09,2018-07-17,a0166e4e2e823b3f62b4a58a7363c6db,2018-05-29
05c60320bb28437325f2d6d67467d93c,b875d47d3b0b0bba9fa77d410a584927,delivered,2017-11-28 16:07:15,2017-11-28 16:18:36,2017-11-29 18:41:52,2017-12-27 02:51:41,2017-12-20,e05757dc57fc38f5156c82e9e4444f8f,2017-11-28
e9a85222994b1065ed4e23c6426b64a9,2093d27c791c109d890d8ee08bfeb997,delivered,2018-07-29 18:18:15,2018-07-31 04:10:13,2018-07-31 15:06:00,2018-08-07 22:41:48,2018-08-14,9f00345fbcc355feab6e1c3ba8e0fd46,2018-07-29
3460241a070156e726e901d0824db74d,d527d0a021db41ebb855384f3f4cb5ef,delivered,2017-11-18 19:55:46,2017-11-18 20:06:55,2017-11-21 22:54:45,2017-11-28 22:44:36,2017-12-14,79152cb6c56a387ea1a7399f838665fe,2017-11-18
23e9f8ff4531eef8fbeb21efcf4ca260,194db5a5d58e5c923d6c2ef8c41e1234,delivered,2017-12-09 10:52:15,2017-12-09 12:54:52,2017-12-11 18:54:21,2017-12-18 15:12:21,2018-01-08,8867d0789d37cb74fd4ca9333f5e3750,2017-12-09
4a1c3a5476f1ec2b160b6ccd4e8d8719,00c36dc4ec485e2500e9a669d6ea63d6,delivered,2017-09-21 09:33:23,2017-09-21 09:50:24,2017-10-04 17:33:24,2017-10-19 16:04:23,2017-10-30,1973beff39565594011f9a0ef66f923e,2017-09-21
a57913442118de617c1687f936b0a986,b2816e7811a78ca273c766bc022033ff,delivered,2018-02-26 13:20:05,2018-02-26 13:35:28,2018-03-02 20:12:36,2018-03-06 20:55:46,2018-03-16,0db8e1e9041a99da4da3886a27ad6626,2018-02-26
8d7bd36f24580dd73c1adff3062b7f5b,082fce44f8c254bf6dc2c4e7bae58467,processing,2017-12-07 10:29:18,2017-12-07 10:52:38,,,2018-01-09,c5a9f32a64e9a1599bf9475ca0e4fa9c,2017-12-07
7a8aa142cba05fb6a982d779ded4b72f,0e7f46dcb6a1a1a69248d18aff27ac23,delivered,2017-07-14 17:38:09,2017-07-14 17:50:23,2017-07-17 17:19:57,2017-07-21 21:24:47,2017-08-08,ca7a09adafac0a319dc5a13f15db6801,2017-07-14
3f7a6450c7d9e47a7132abfb18aac99a,2bbabbf597ca99ac722589475da05e71,delivered,2018-05-05 21:43:43,2018-05-05 21:55:16,2018-05-07 13:16:00,2018-06-07 14:03:35,2018-06-01,fa7c69eed39e977a21e3fc3abd180f1b,2018-05-05
11e930fd8da276f30361256c23d58196,e4d86d1da4dc444b482115d7aeb1cc3f,delivered,2018-08-08 11:14:31,2018-08-08 11:30:12,2018-08-09 13:38:00,2018-08-17 00:38:47,2018-08-29,70e15e657d597f3c096fb696e815018f,2018-08-08
984113eb4e16cb43f949afb74298dac8,72d5bcd92b9e55444e84cccf4d9d4abf,delivered,2018-01-23 19:07:35,2018-01-23 19:23:19,2018-01-30 01:59:34,2018-02-15 00:41:56,2018-02-16,6a17ba1b358ca3d186765586914d8d84,2018-01-23
d1b60751a74a563a60ea5a1ab1ac6969,9f3328357ea81872a61a105b20f2167e,delivered,2017-09-01 13:23:36,2017-09-01 13:30:18,2017-09-02 16:09:28,2017-09-08 23:53:58,2017-09-20,707c5b8a449863c2295db0b921143e31,2017-09-01
fefeb61b51f4a30efa5d44a833e3a797,29e994be5ff2076a7a75bf09f73a9735,delivered,2017-11-27 23:32:29,2017-11-27 23:49:49,2017-12-04 18:37:51,2017-12-09 16:17:34,2017-12-11,213d592a877a9874ad58cb42bf63a28c,2017-11-27
9bd15327c342acae1656642f80c408a9,e85fd7939acd7537326a0aae9a9ca00a,delivered,2018-02-27 21:57:30,2018-02-28 21:50:35,2018-03-02 20:56:56,2018-03-14 09:16:35,2018-04-02,a947135df31fd3e30f495fd3bf397f52,2018-02-27
206d1a13596872a713dba14504fdf699,58c5eb8e7844d1ecd85128e663f49e04,delivered,2018-07-29 20:50:22,2018-07-30 18:31:13,2018-08-01 15:24:00,2018-08-06 18:36:46,2018-08-15,1b6d2664b20a04a1fa9c900aedf29440,2018-07-29
cf8e0bf248046a2be2b5ed74b01f98b2,5a5d8dc362bb1a87be5052f2dd82d4d8,delivered,2017-11-23 12:17:53,2017-11-25 03:37:25,2017-12-12 14:40:10,2017-12-19 13:51:57,2017-12-29,e6041842e5af71d387c8950f0da6f180,2017-11-23
762f2fa4b2d95d9b9d1f8ad0dfaf6ef8,046da9eb71f72a1d1f4722fdd0f6614b,delivered,2018-03-10 10:45:39,2018-03-10 11:08:16,2018-03-14 12:28:51,2018-04-20 20:22:09,2018-04-18,f00aa1cfc257dfff20184269b19db923,2018-03-10
8006b152280a7ed38378fc8eaa989a7c,2de44491346ab7fcc2819ddd069a54e4,delivered,2018-08-03 14:20:29,2018-08-03 14:30:14,2018-08-03 14:53:00,2018-08-06 19:18:48,2018-08-13,6e42c259222a050373bfabfab9a814e1,2018-08-03
7a7479ce34e70289b2545041300044a6,2b62d4b90a5c620b13bd4968b7e2e1b5,delivered,2017-08-28 01:27:10,2017-08-28 01:44:53,2017-08-29 17:49:12,2017-09-11 18:11:36,2017-09-26,7c6b7c4c43e1e00dd66ec245985397b1,2017-08-28
7b072cb297a1526bf0dcd28d61c6004d,cda5f27136ac1f174e1ba59d0bfea170,delivered,2018-03-18 13:46:51,2018-03-18 14:08:43,2018-03-19 20:51:40,2018-04-24 20:28:45,2018-04-19,48e3fa17bb667454f45a0fe4573216ef,2018-03-18
61ce184c1c73abf33b18c98b0dff1229,7a704fc433bd27f103e167b4898c831d,delivered,2018-07-04 19:48:39,2018-07-05 16:21:59,2018-07-05 15:17:00,2018-07-11 20:28:44,2018-07-31,0f113dd39658562f828e51410f67de15,2018-07-04
1299a512fc464f808332d44a0e73f367,03607aa94cc886c288008326808df435,delivered,2017-03-19 15:21:25,2017-03-19 15:21:25,2017-03-24 13:38:41,2017-04-01 10:53:57,2017-04-20,31c15d3e04d2edbb4b7d73578d305d32,2017-03-19
b6133255f440562f2b6d004d1b24743d,3ca973130cd813782697a76c95a6c480,delivered,2017-12-31 11:38:28,2018-01-03 04:29:36,2018-01-03 21:38:34,2018-01-05 18:55:46,2018-01-18,88f21f18f1c3152b023a22a0f42bdab3,2017-12-31
84c69d27ead593a1dbdd1f6b4590f404,616064d1372d7f9f99c4603f0a51956a,delivered,2017-11-27 16:39:32,2017-11-29 17:30:51,2017-11-30 15:19:01,2017-12-12 18:44:50,2017-12-20,a655eb1f68676a6a7ecf6155ad3348b8,2017-11-27
2cc92a4a1c8307a85983633c7e8c832f,117be93d150d3776c7c1762c972ec02f,delivered,2018-01-15 13:32:29,2018-01-16 03:34:36,2018-01-17 16:15:12,2018-01-31 21:48:14,2018-02-05,88a2fc64349b9041005a3e01ea280825,2018-01-15
58435d6ff97216c2ca1eab87aba77dff,c91ba72845d597a3ff42d1d45c28d1b1,delivered,2018-07-13 10:16:54,2018-07-13 10:30:13,2018-07-16 14:02:00,2018-07-24 00:08:38,2018-08-14,4fa9e82216699720c94eb5282f4b121c,2018-07-13
2a53c58e80c62fc4215302f6fc4d3a4b,d6309d77be1f4211bef63bcf2bb1a10f,delivered,2018-06-22 20:17:53,2018-06-22 20:37:41,2018-06-25 11:02:00,2018-07-03 17:38:39,2018-07-24,32c56e2b05044fc36decee1074b643e1,2018-06-22
5b30ad24f4e7ba20015ff2f3c2c30aa5,dee57da8651049f63370bb487fed6615,delivered,2017-11-08 23:00:54,2017-11-08 23:12:12,2017-11-10 18:07:44,2017-11-16 18:41:57,2017-11-29,cf54a1aa8d1c6a5c89a1e006503fe3b4,2017-11-08
1de9d329321f8409b42988e45098e13e,041c262f0425215f79dbd9ff70e9347f,delivered,2018-02-15 09:06:06,2018-02-15 09:27:43,2018-02-15 19:08:45,2018-02-23 19:13:36,2018-03-07,1162fa9e5416325aa71b3537ebf2da3d,2018-02-15
69cf676c0ee712f46af49c4b353f639a,60ef7ef7db1d379cfea450489691e884,delivered,2018-05-17 16:55:05,2018-05-18 00:55:34,2018-05-18 15:07:00,2018-05-21 18:16:36,2018-05-30,a8e7e46ac6445c015b64f296cdb91736,2018-05-17
5ac35c7287e56c2444bcdc43f142c0e2,1338eb27e1ca6073259a6dbe2ec2dbcd,delivered,2017-11-25 00:24:40,2017-11-25 03:14:23,2017-11-27 21:05:08,2017-12-04 22:42:35,2017-12-18,12f2a93bb9b82b9a89b3d7f18c9e6851,2017-11-25
c54d822dcfd0f7c672574a607c9403b3,9c55979e022c8dc16611eed6a1c61a97,delivered,2018-05-28 10:48:10,2018-05-28 11:13:41,2018-05-28 11:59:00,2018-06-05 01:22:47,2018-06-28,134fd5fd63ee2f45735524ef3dba7a81,2018-05-28
6e2c325b5837ea4f4f30dfbf27afbb4d,12025777799372620b9f7fa8e4426d1e,delivered,2018-01-17 08:21:49,2018-01-17 08:32:19,2018-01-22 23:52:49,2018-02-05 23:13:14,2018-02-23,9f6a13c93d886acbefe16ad39bbfb85c,2018-01-17
575d1ab8d021ded6ab9bd7340d7b7b42,f7a1760cb5d8ea758cf8acc50942535e,delivered,2018-08-07 21:18:38,2018-08-07 21:30:47,2018-08-09 15:13:00,2018-08-13 21:08:20,2018-08-14,8e07b3d41f0f3c7afd1cc81864a5dff4,2018-08-07
bc3551dbac6e56b70347f161a1c0e434,2b8a2569bb942d6448c531e427cc2193,delivered,2018-04-15 13:38:26,2018-04-15 13:51:16,2018-04-16 18:32:38,2018-04-19 18:16:48,2018-05-11,c6badd3aeda17c4835f1c40f75853e47,2018-04-15
4cf60bd5860098be664ba92156f05393,4ce6643769113bdc9e222407b9f81c63,delivered,2017-12-04 18:01:31,2017-12-04 19:30:45,2017-12-07 00:43:10,2017-12-12 12:09:00,2017-12-29,333efe25a35b49fd25bca590a6b60203,2017-12-04
6c936253ed9ab81f5293da5081ba8a9a,7bd91fc37caa0e8981ede1e43b09bb3b,delivered,2017-12-15 01:02:45,2017-12-19 09:35:33,2017-12-26 23:51:41,2018-01-08 19:16:54,2018-01-11,8dc8e61003ca132fb2b9800293e9cbb8,2017-12-15
2e7b6fd2d14510c3828fa09dc0b9c082,35bc79a6752a082a4494248f3ef790f9,delivered,2018-01-08 18:50:44,2018-01-08 19:08:08,2018-01-16 01:51:51,2018-01-29 17:52:40,2018-02-09,4fa4136bcd85ca070168ab87d4a1a2e6,2018-01-08
ad75a75804c52a803e00d71216cf46b6,13ff24cdf0f2387256f8f193b6e1bdaf,delivered,2017-06-01 23:10:52,2017-06-03 02:10:20,2017-06-06 14:34:38,2017-06-13 13:14:54,2017-06-22,70ba951817e5c091b68290e59cd03b2b,2017-06-01
d2e6941d5f639394550cee8291b1ecef,8165ad99aa3f293fd8c487e18e8c1d68,delivered,2018-04-08 13:00:54,2018-04-10 03:55:37,2018-04-11 15:15:36,2018-04-16 22:04:08,2018-05-02,50ac16a2d87e6ab7fb5d9db91764e5bd,2018-04-08
2c1c4a8d435d8080c8e01dae4d7a5af3,c8c4e5f83e41a1c32b287793785cf3f7,delivered,2017-08-03 22:43:12,2017-08-03 22:55:16,2017-08-09 07:22:00,2017-08-18 17:56:40,2017-09-04,76c84827b3ee8df52fe0c77a9e38f814,2017-08-03
558fa371b24282233214767214895e95,069540ac78a5bed2d5f836e7bf6b2c0b,delivered,2018-05-10 14:37:54,2018-05-10 14:57:01,2018-05-11 12:46:00,2018-05-18 23:42:30,2018-05-28,125bff5e8d8ed0bd53d4028e50021be1,2018-05-10
7c94a691cda1b50778849a3e52d45dfc,8b3b03fef783fb837ca0b86a72b2e202,delivered,2017-11-27 15:06:38,2017-11-27 15:19:13,2017-11-30 17:48:07,2017-12-26 22:57:37,2017-12-19,b69f5418ae179450729b3977a8a0203d,2017-11-27
0cf51cb385fece307e53a5c7ec808896,27e2ceef372b20fbe0d5ba59a14a18ea,delivered,2017-08-10 03:15:47,2017-08-11 04:24:32,2017-08-11 18:57:54,2017-08-23 19:11:04,2017-09-05,0798b226f964052f8d0201c646d57df1,2017-08-10
43aacfeefda02bc2a69ce66910a2d4cf,67f5c51956b20d8572f8f24d897941ac,delivered,2018-04-13 08:10:55,2018-04-13 13:15:23,2018-04-13 22:12:00,2018-04-20 21:37:47,2018-05-04,564b79621999c67280ca3374ab6e5f93,2018-04-13
b94f8c4cf21758ae29b895f3edc412d6,a6c49eaa9ed575df1a3476b20668ab3b,delivered,2018-01-02 16:06:06,2018-01-04 05:12:18,2018-01-08 11:53:10,2018-01-18 17:07:01,2018-01-30,113bdaf5255ce5a458057ebf9975befb,2018-01-02
c5e417f82763fcdbdef58ade220bf526,e94e099c269517826645689c2455f3ef,delivered,2017-11-24 14:59:30,2017-11-24 17:19:32,2017-12-01 22:21:37,2017-12-08 22:41:29,2017-12-22,706f71c58a4c4939fce8819f24e53949,2017-11-24
21125c1038dbbf5d44ff98a121c79d4f,b46c283a16cf4f0b2533514b549c66f9,delivered,2018-04-13 12:30:56,2018-04-13 13:30:22,2018-04-13 22:22:57,2018-04-26 20:38:40,2018-05-08,d6bc8e045c33d4b292b3d6f004c21e98,2018-04-13
63ef87838c81c2c4bdd5ce96b88e8aad,b09db5227bc901e39033c0dc59c6d661,delivered,2017-12-02 23:15:19,2017-12-02 23:45:55,2017-12-04 18:51:30,2017-12-12 18:43:35,2018-01-04,0b17d18846ac5162a2940577e8ff15aa,2017-12-02
c00772d47f0092f6245f81d4fd328657,8b887c8011957810df7aac10a8019e02,delivered,2018-03-04 15:02:20,2018-03-04 15:30:45,2018-03-06 15:44:59,2018-03-15 20:38:32,2018-03-28,0c23da40b4773ccbc9ed97a9d74ddd0f,2018-03-04
b0afae22d864d70e1af1d87a017c71d0,f489398e8dfad1028b7e94874dc9fa29,delivered,2018-03-06 01:05:27,2018-03-06 01:48:39,2018-03-08 16:11:55,2018-03-29 21:18:31,2018-04-03,b77134b2baa695e621d714788c464a75,2018-03-06
9052568e67f195d6a8c6cd878d3eba7a,fd47a4d249984bb3ab537cffbb62a1d9,delivered,2017-10-09 22:21:16,2017-10-09 22:35:22,2017-10-11 17:43:11,2017-10-17 23:10:09,2017-11-01,3a4062ae81d86160b62dc5049223e978,2017-10-09
2affd5996127141118380e30fdd8964a,5baeeac9513c0478f71f435889656e69,delivered,2017-12-12 12:00:29,2017-12-14 02:10:56,2017-12-15 17:48:53,2017-12-27 19:17:48,2018-01-16,94fb6dded5332d626bdab1184d57ce60,2017-12-12
0f1ad3e736d40f6157b993abb098f7f5,d39d8f36219f61231613b314a4212971,delivered,2018-04-09 14:51:48,2018-04-09 15:10:18,2018-04-10 19:34:18,2018-04-13 20:57:43,2018-05-07,aa3e4c63f6a40214fb38928da5b8e515,2018-04-09
1d771c735d9b9bb916e1dce8ef5c6c08,e5f1edf021dcc6c1eb3c135fb48f17d5,delivered,2018-07-25 12:58:46,2018-07-25 15:15:13,2018-07-27 10:34:00,2018-08-02 01:38:33,2018-08-17,7ec962a11b981f234719fd87ba0dff28,2018-07-25
dafb5cbb5a0e7ff890bd9f8db676b51b,9ccb1a83b45a82fde633de4af9fbd099,delivered,2018-02-27 17:32:19,2018-02-28 10:29:48,2018-02-28 22:09:11,2018-03-19 20:52:36,2018-03-23,cce18bd6ca96ab03292bd397339b2385,2018-02-27
bace36fac7a5dc678fe74da327ffb295,acb90fc3f8c6dea937542c6bbd92aaed,delivered,2017-12-04 21:10:09,2017-12-06 02:50:19,2017-12-06 16:13:55,2018-01-04 23:35:32,2018-01-02,e8597995dbb64c21b761211b7f2f93e1,2017-12-04
a2f11c7013b28222f6c33526257ce2bf,54028447d41dddae4b150bdd29df1b8a,delivered,2018-07-20 15:30:49,2018-07-20 15:45:16,2018-07-23 11:21:00,2018-07-27 23:11:41,2018-08-07,cdb1d0f4e90e381f943374c053a64a63,2018-07-20
a37623c5552b35a449842d70d3f0922a,f3378abf11c5e60a9d1a6aacd6504ae7,delivered,2017-11-25 01:52:13,2017-11-25 04:14:25,2017-11-30 00:29:54,2017-12-15 21:21:41,2017-12-21,db8e8670fc0cb9e2adeba735ae379ea7,2017-11-25
a34db9935aad747acfecadbba0bf451f,d42ad001693a3239001399f3a61987a4,shipped,2018-01-05 15:30:15,2018-01-05 16:13:28,2018-01-09 15:44:04,,2018-02-06,d5665800889a13d89546d8bab8f1c064,2018-01-05
daf2a6548710139ae39eec18beb70a17,3832b0345716cf35407858cc6a08ea17,delivered,2017-09-20 21:48:39,2017-09-20 22:04:44,2017-09-22 18:27:56,2017-09-25 14:50:02,2017-10-09,df783e82aa5d9cb405e3a43c3cadfb20,2017-09-20
e19721a12bc1caeb2095db14d8d6fc4e,2c98452bdf306ac1a6055b52c9132067,delivered,2017-01-29 11:10:23,2017-01-29 12:32:32,2017-02-01 15:59:45,2017-02-14 16:53:43,2017-03-17,0f20997f7f9f1c75f9b546a4598989f0,2017-01-29
612122563fa653c20d2ee959472a96c9,69fefa069cdf2bb5dd1201c9bbe8172e,delivered,2017-10-14 11:09:55,2017-10-14 11:28:11,2017-10-16 22:22:27,2017-10-24 23:48:06,2017-11-07,b67a54be861a2153ede29725d3dbeb5f,2017-10-14
6853ae5670c85a2bff0f46a53ab4c966,34ac286fd0dbab7de29fe00a6d6e2df0,delivered,2018-06-21 14:17:09,2018-06-21 14:37:35,2018-06-22 12:41:00,2018-06-29 20:14:36,2018-07-19,0b22bcdf93cde589d79719f5ad28a49e,2018-06-21
e169b880e5f68fbd4500941ac7107168,d003364cdc8beb1c87e73780d7fc9d13,delivered,2017-09-11 13:19:46,2017-09-11 13:37:57,2017-09-12 18:13:58,2017-09-26 20:38:09,2017-09-27,4b57a7d0dc718eeb5ceb5d75f46e2f76,2017-09-11
e375ee2412dcd70587fba05eb33d1f1e,5f26f263200a3e5d58f8dbbaac21cde2,delivered,2018-06-13 19:35:23,2018-06-13 19:59:26,2018-06-14 11:22:00,2018-06-29 02:03:13,2018-07-20,1cd14cd64d09b20aa966dcad82e241e9,2018-06-13
3d4369dcce579868d4629c19b96260c9,e98b6caaa9a23d78a283f65cec39e73f,delivered,2017-07-14 19:52:29,2017-07-14 20:05:21,2017-07-18 13:16:30,2017-07-26 19:16:47,2017-07-27,c21544a84de178a597642d0a968de1d6,2017-07-14
a1015a6d1a3f742c8de8c7a3d0356f86,fd8829011be77456f79d753bc9723257,delivered,2017-10-02 19:14:28,2017-10-04 03:04:11,2017-10-05 19:07:51,2017-10-22 17:22:54,2017-11-06,27517ed34c0406fe07b3a806e33cbc10,2017-10-02
a7c778535820b8a189eafd6bd2fb3cf0,3f0caf7179c9f0b17ba16415f888b4f6,delivered,2018-03-26 11:10:30,2018-03-28 02:50:16,2018-03-28 20:03:13,2018-04-09 15:02:36,2018-04-16,18d2b871ebd43151f20b67ea7bb1c96d,2018-03-26
13ca8b0d0c4f16e99ce917e1ffc06622,7614056b20ca8846312c5a3d9df2c7c4,delivered,2017-07-12 10:04:07,2017-07-14 02:24:31,2017-07-21 17:17:57,2017-07-31 18:35:47,2017-08-09,3a1b0c746dc57e1aea6a3125fc147ccb,2017-07-12
7f63edf3281cca532d74319ce66fdd6c,b9e87794761e14b51c94a8cc96a834e8,delivered,2018-05-01 20:06:17,2018-05-01 20:45:13,2018-05-03 13:19:00,2018-05-09 23:44:41,2018-06-04,348b0e0645d48bb7130acf6f9bfc1bcc,2018-05-01
6d4dd79bee1e2a93f09c9501c2ff87e7,08226425318d264796a7b7e32b9a1bf3,delivered,2017-11-24 12:47:44,2017-11-24 15:14:34,2017-11-29 23:12:16,2017-12-29 17:56:26,2017-12-14,9f5416f562940d76100d4e950b05cfa7,2017-11-24
41b939b480e02f40d24e6a2d5429f5c0,bbc107d4027ea5f2da6b11ae65c335cb,delivered,2018-02-13 10:27:00,2018-02-13 11:00:22,2018-02-14 19:54:57,2018-02-21 13:33:50,2018-03-07,3eed36d1681c8f1d32dab5674c48302c,2018-02-13
1297e99de06a5ee4ea9c4b403fa8831b,5d5f4314bd3d8f1d64addd338404fa61,delivered,2017-02-07 19:44:09,2017-02-09 02:42:54,2017-02-09 12:24:57,2017-02-20 15:05:10,2017-03-15,7e32864f6b0064bfc584a44d6cf2535c,2017-02-07
e34b841641aa07f65aedb6b71194a2e2,6f7135b7c84d9b96feb393ee3052000e,delivered,2018-04-12 15:49:40,2018-04-12 16:09:28,2018-04-14 01:12:38,2018-04-19 14:28:54,2018-05-04,65fd90c29a130b003fc3443d1cc904ee,2018-04-12
515aaa95a8dd7d681d27df00e71a311b,cfa1bf7979ca765e0012d58ddfeb6333,delivered,2017-11-28 11:37:28,2017-11-28 12:27:22,2017-12-07 09:54:38,2017-12-16 00:42:05,2017-12-21,e16e521eb5ba6cbe93366114baa7c7c1,2017-11-28
1265cc7a9988226b4abf1885582ceade,81158f4b6c7e435523e87b28358dd55f,delivered,2018-08-06 17:01:24,2018-08-06 17:30:17,2018-08-10 12:34:00,2018-08-13 15:47:40,2018-08-13,d1672ce3512e33e2d3f0d7d8b99a090d,2018-08-06
d54ad227d3a2a78d0be3e553d1512c63,69a0653c8d8642a01a4b09a155c1d3d0,delivered,2018-05-22 20:09:41,2018-05-22 21:18:36,2018-05-23 14:11:00,2018-06-07 17:56:25,2018-06-22,e0e23f337423d0054d8975ab9b7d4cb3,2018-05-22
0f75a37d009ad9d4a48e51e7cd1dff46,f721a744762d4dd9f24a20ebc548dfbf,delivered,2018-07-02 20:28:05,2018-07-02 20:50:25,2018-07-03 13:19:00,2018-07-09 11:55:37,2018-07-26,28ff242cb466759c1b586a5c77f811f9,2018-07-02
f9c47932f5342ee9c86d3492bc4e50f5,f611df88d00e8e4af77ac41a1b22e4ae,delivered,2017-12-06 07:57:14,2017-12-08 02:36:41,2017-12-19 22:28:32,2018-01-19 15:57:53,2018-01-04,eeefaec1a3937c75a83a86b260c07bf0,2017-12-06
c202b43b446af71cf281f8d5e0bab42e,6bece35cd8a5c807a7046aa864977e83,delivered,2017-10-07 11:23:17,2017-10-10 06:34:15,2017-10-11 19:44:01,2017-10-18 20:39:58,2017-11-07,c1bc95194ed04f15db8a1592b27efd22,2017-10-07
f5ef1b1dc8aed14279eeb0f4b745d887,8d17dadd38588a5614269486646477dd,delivered,2018-01-19 16:14:35,2018-01-19 17:26:08,2018-01-22 17:19:52,2018-01-31 22:09:43,2018-02-19,cd12bc85f94b8c070851c8f81d172be5,2018-01-19
99835a9f07d63f83120175303229a57e,5efdf84ed5c48021ba94801310a6514a,delivered,2018-08-08 23:05:02,2018-08-10 03:24:39,2018-08-13 15:11:00,2018-08-15 04:08:39,2018-08-21,1a6c2d0ed3299790cb718bb7981558c7,2018-08-08
f37f4d49c3bec3fe208ac7f86a58a97d,81d496ec70b5cbfdd088b86d39d9f078,delivered,2017-11-26 23:02:08,2017-11-26 23:14:27,2017-11-28 00:18:53,2017-12-15 21:55:23,2017-12-22,d8008fc6c5da802385f96e7a5e292f0c,2017-11-26
2a7f6f7d1d01dcffbddff5e6e3ad791f,fb9bfdd81da81e42e604a4be97092130,delivered,2018-03-18 14:44:29,2018-03-18 15:07:59,2018-03-20 19:25:32,2018-04-09 18:03:17,2018-04-17,a4e8a2fb3d4d783c8eec5bf1ea80d3c6,2018-03-18
2a02dbd2e676fcfb7ee4d2bffdc4b378,92e886206d327b4998f959511fa1c392,delivered,2018-04-05 11:10:17,2018-04-05 11:28:08,2018-04-07 01:10:59,2018-04-17 15:57:27,2018-05-02,ba84c8dbb27477d850318f2a1f6e60df,2018-04-05
07b683def65270f286578e5208c5adc0,42e4121e8de37d7ce019530aadae9f3d,delivered,2018-05-11 21:06:40,2018-05-11 21:15:14,2018-05-14 13:56:00,2018-05-17 22:34:49,2018-05-23,f5dc8f69191f145ce355f14b90efbc85,2018-05-11
7dcd8e1e0e64211c270809e7ed46a766,c244b3b62032ca664b49ee1c7e696b84,delivered,2017-10-15 22:39:25,2017-10-15 22:56:15,2017-10-19 18:55:33,2017-10-30 21:26:50,2017-11-09,d0401aa66d5c33ae752ece32f8474d3c,2017-10-15
05a6f444527fc90e28da6088b1707b20,0539a1d77e38f808299c0f1f44280ab7,delivered,2018-08-03 12:20:34,2018-08-03 12:35:14,2018-08-14 07:02:00,2018-08-20 16:09:05,2018-08-23,ab2255eb14e071fbe873408ff2c4fd12,2018-08-03
266a128ffe5eacefb46101fc59cc1303,b530602df3f48aef3e77fbd04fb331a0,delivered,2017-08-11 18:13:45,2017-08-12 02:51:04,2017-08-17 19:30:08,2017-08-24 17:36:48,2017-09-04,2a0c45027573d5a539ccf698c30d1f2c,2017-08-11
dc96fd43377b13532b1d09c7321fb5cb,d5a05105ca56c78f891ac602bc7d7f07,delivered,2017-08-04 08:53:39,2017-08-05 02:55:41,2017-08-07 20:13:38,2017-08-08 18:20:10,2017-08-17,092c4554a5aad8f933a160e5b0cad7ac,2017-08-04
148f8d19f8fe2f191e43e9289ee17d70,98430909496d03e7612968ffa53ac27c,delivered,2017-06-19 09:55:06,2017-06-20 10:30:25,2017-06-20 13:48:47,2017-06-23 10:57:44,2017-07-07,890eb4e200d53d36b2c49f3ba172887a,2017-06-19
19ed81a2cfda88a47b2d66b801fc22e8,228c59498b2c59fbb8da02a05fa8d24a,delivered,2017-11-24 23:36:43,2017-11-28 03:46:31,2017-11-29 19:32:31,2017-12-11 15:10:31,2017-12-28,27259fad9054fce994a70f1d117bc402,2017-11-24
05200ccb21bae81c6c32914d7c3bb778,749cd3ddb1d89cb71726ab0bee1013fb,delivered,2017-12-17 15:34:23,2017-12-19 14:32:27,2017-12-20 21:25:54,2017-12-22 22:39:58,2018-01-12,601bf929b8d0a8feecab068a2110ae1f,2017-12-17
e5467d4750f397c79149b122be02fb1e,b54a3497f7d74ec5e0ba9e086a06260b,delivered,2017-06-15 19:25:50,2017-06-15 19:35:34,2017-06-20 10:32:09,2017-06-30 16:07:37,2017-07-12,4fcc02418b087994c8ac9481d37560a3,2017-06-15
93c781a8790c89bac596f6ff7d924c73,a23d6020f4bb2913acca5668e20c1e8b,delivered,2018-07-03 09:52:19,2018-07-05 16:31:10,2018-07-04 11:06:00,2018-07-10 20:11:08,2018-07-30,ad422bb9c9cbe573c06e4d2ee56f6d6b,2018-07-03
1b147191d6c1f8ce8f2cf5d52f3e9c49,84f4d00f0e0abcb7c517b950857b4728,delivered,2017-06-20 10:53:15,2017-06-21 06:35:12,2017-06-27 16:32:41,2017-07-27 16:08:40,2017-07-18,4b21dfe700fe0a91adb2a7b582c16d56,2017-06-20
8bc81ec47c8188753c5c4170dff3e36f,9c17b4e52f51c650577d07f55b93f91a,delivered,2018-03-27 20:37:07,2018-03-27 20:47:17,2018-03-28 20:52:51,2018-04-07 01:03:58,2018-04-13,c101fca8eea6495be36af2e16610037a,2018-03-27
39b8dcf4238242e14fdd2b3f8b9517a3,5470981043d0ae32fa50b3ae035f3569,delivered,2018-07-26 08:56:12,2018-07-26 09:15:12,2018-07-27 19:43:00,2018-07-30 17:42:00,2018-08-03,d84ef0a506e871c8986b6953efe5a22f,2018-07-26
220e48b13b356b314da2cbc5f1dbfccf,7cbed7bf515e961b7f7dab842f9c1627,delivered,2018-01-14 20:01:54,2018-01-16 03:35:39,2018-01-17 14:53:08,2018-01-24 23:23:07,2018-02-09,9775c540f0a4db487f546de3cdc5eccd,2018-01-14
ffe8851012fcdaf83de7b595fd5154b3,decaeb61687071ee0fb5a7863b398032,delivered,2018-02-11 18:48:28,2018-02-11 19:07:46,2018-02-14 21:24:10,2018-02-27 02:13:48,2018-03-09,0ff5b872dfd979e7d23064973ec52e5b,2018-02-11
b8123985fb1ec3e10334d5a94e077c10,08a78c4efe1c16dd148de52f13905aca,delivered,2018-03-08 22:15:07,2018-03-08 23:38:35,2018-03-09 18:18:44,2018-03-23 17:41:57,2018-04-03,383418fcb4e0dfaf7a936919830b0b67,2018-03-08
f90b95dfcaa71f50e751857095d0cea0,fb6b9551c464929e23f2b8061f5ca7e6,delivered,2017-11-17 10:23:57,2017-11-17 10:51:02,2017-11-20 14:28:57,2017-11-27 22:41:47,2017-12-11,a031f172fbb53afdf643e4101dd2ec21,2017-11-17
39db15b857037f94db98481f8031d488,f53047edac47a0bc04d84fb773292701,delivered,2018-01-29 09:20:33,2018-01-29 09:58:33,2018-02-01 00:19:42,2018-02-07 21:08:21,2018-02-21,b38b202dda56064f472bde383ef8ef36,2018-01-29
8c7ece8da5896cd96a7b9a10a7c96082,9f39b6862ac5f5265331ac7a25f296bc,delivered,2017-07-13 22:45:36,2017-07-13 22:55:20,2017-07-14 20:21:23,2017-07-25 22:14:31,2017-08-02,abe93f69f4efa315cd9cd772f31a9707,2017-07-13
baecab6aa46c7e85eef3615a18859e23,2e360b57e1114f727efafd74b37816f4,delivered,2018-04-09 22:19:56,2018-04-10 07:35:28,2018-04-10 19:51:02,2018-04-17 19:34:41,2018-05-07,f4fd7e1941a0bdd0751f1e6c399fd496,2018-04-09
7428195653ad7e05d37c801977ea152b,250a79044424d2bec1392a050b14c109,delivered,2018-03-05 15:07:36,2018-03-05 16:15:48,2018-03-07 19:43:11,2018-03-27 22:03:56,2018-03-22,835019738f3ba3c7c85fb00d0a9638d2,2018-03-05
588744e58324f97535572e7444a87001,e4bdb95a9e32a17f0ca8a022a9c4c426,delivered,2017-10-12 21:47:12,2017-10-12 22:11:03,2017-10-17 16:42:20,2017-10-18 22:32:10,2017-10-30,23f9cd391b84e5d366f44e8261a3a8d2,2017-10-12
224a802cf146cefcba3907e02acce34e,82239de58e13a902a1dd2ac7ceccddf8,delivered,2017-07-22 05:51:41,2017-07-22 06:05:22,2017-07-26 11:09:42,2017-07-27 12:48:40,2017-08-11,2593559c787f18123388ffc746ea2857,2017-07-22
ec3d016217751432b67659200ab0da7d,4c0af8aa7452a733517e695e7979b8ec,delivered,2018-01-29 11:48:34,2018-01-30 05:31:34,2018-02-02 00:33:01,2018-02-09 17:59:53,2018-03-12,d1c1745d918b9661759fce57da31a2d4,2018-01-29
33964439e94ceb7523367db344eb3dba,9ce39eb0e924347c9cdbb0ca184886a9,delivered,2018-03-11 16:48:30,2018-03-11 17:10:31,2018-03-14 12:06:58,2018-03-20 20:51:48,2018-04-10,91f2f9c97d6c7f8fcc24dde97291587a,2018-03-11
3ef98a7dfdde28d2929c12fc089811b2,bf4e90bc274cf6d318ec55a1e6e12317,delivered,2018-01-20 19:00:52,2018-01-20 19:20:37,2018-01-24 21:41:23,2018-01-26 16:05:16,2018-02-06,2b4b27d58fa81ca73f00ecce0ee274b8,2018-01-20
ee566492cc1da11a68b09dae37eb73ce,347d4275f796c983a8a4088b06572f98,delivered,2018-04-13 05:38:45,2018-04-13 13:15:26,2018-04-16 18:26:45,2018-04-23 17:06:23,2018-05-16,4ff51e459b288145faaf67005e59375e,2018-04-13
991703c45ec0cba840f6623e6912b2ce,e2118da5dede84095fa3d95920c68836,delivered,2018-06-30 09:36:04,2018-06-30 10:15:09,2018-07-02 14:35:00,2018-07-31 15:57:49,2018-08-03,07818acf35cdd7141fcea7f41ca06617,2018-06-30
5dd475df54a16b721167533c01080103,e3bb1927f5b7938af5e80c2d5af36ca8,delivered,2017-08-02 17:12:27,2017-08-02 17:35:22,2017-08-03 19:37:35,2017-08-11 15:03:12,2017-08-22,3584e46ad0a0c163e4b028894c5f6624,2017-08-02
8745becbbbd36c57276dc93fed8bbe1c,e9987c23dd2a5898f664c89329981d77,delivered,2018-02-12 14:14:43,2018-02-12 15:00:26,2018-02-14 20:07:04,2018-02-16 10:22:35,2018-03-01,44bd7571a7dad968306f7776bd5a5745,2018-02-12
dcc391b80d70c66575fd8864b3ac56c3,7b94d40f0c7081bad6479daa01ef73f6,delivered,2018-08-23 17:02:12,2018-08-24 03:24:26,2018-08-24 14:51:00,2018-08-27 20:38:28,2018-08-30,cf04b32fa926adf3bc89780064905373,2018-08-23
112fa58c8aaa3064d45fca374120fd7e,47c04e171bb34f9c39b130197c06a2d2,delivered,2018-06-09 13:26:20,2018-06-09 13:51:26,2018-06-11 14:31:00,2018-06-18 18:34:59,2018-07-26,298bc29da047a0d44d6d910ff4b66273,2018-06-09
1b0bc086985717610dbca11d3324771c,fbeb150ba4aab5ae80d426ce53e71fa4,delivered,2017-10-22 14:12:23,2017-10-22 14:21:18,2017-10-23 15:33:06,2017-10-25 20:00:10,2017-11-10,374eb598aeea3454742b4f49198f4e90,2017-10-22
27d7ae4ad298e3686566ac8e9ff928e5,47ae8245cfea34ac0c57a04fb956a80a,delivered,2017-08-24 13:41:22,2017-08-24 13:50:17,2017-09-13 21:39:46,2017-09-29 17:48:31,2017-10-03,a4bdd0ff2e35ee74e8482600c5c0db53,2017-08-24
a5705c0ba22fcdfeeeaf4b2ae485b791,dfb6e825e171551578e57036f73f2190,delivered,2017-05-07 12:42:56,2017-05-07 13:10:36,2017-05-09 07:33:14,2017-05-19 10:07:41,2017-06-01,28b9099dc6577fdeceb2e4468e69f556,2017-05-07
1121eace8f44a76b9fea9b1d67d87aef,cb1464f824efabfa180464dce2bef689,delivered,2018-08-21 14:57:19,2018-08-21 15:10:32,2018-08-22 13:13:00,2018-08-24 20:56:03,2018-08-28,91e2a2cab493008ec6525c5b50e085e8,2018-08-21
acbaf2e843c77c9749c79030163c8b81,82c4ae9f59304faecc7ea3ef42b253f4,delivered,2018-03-02 17:47:38,2018-03-03 14:10:37,2018-03-07 20:59:09,2018-04-17 20:08:43,2018-03-22,14843983d4a159080f6afe4b7f346e7c,2018-03-02
5a962ab275ff0511438ef6b791d5d31b,f0c86121ca6c4e73fcb22877d2a0d35a,delivered,2017-10-22 11:20:45,2017-10-22 11:35:18,2017-10-24 18:37:38,2017-11-01 16:38:47,2017-11-29,b1776f1b03eb30a2cb8cc1f7c770eb19,2017-10-22
7f8345ecf528aa9b47423c9cc5ab3986,e7be4b005fa54d1d294039b73a6f2ba2,delivered,2017-07-23 17:37:35,2017-07-23 17:45:13,2017-08-03 21:11:00,2017-08-04 19:09:39,2017-08-15,70d9c3d1a4231f842de503475e51406a,2017-07-23
d794ed99dd97ec2131fc626c62291b38,f29f8abedce2ea9f5a357b0f33082e4e,delivered,2017-05-30 14:31:52,2017-05-31 14:42:46,2017-06-01 10:50:04,2017-06-13 12:30:14,2017-06-26,f7b633dd59ae5186b9366d2a171b7c1a,2017-05-30
6b4691b98b476dcd37e1dbade28ab62c,9d5624c559f9227e5c189106774bb567,delivered,2018-05-02 11:22:31,2018-05-02 11:35:19,2018-05-04 11:25:00,2018-05-07 21:04:08,2018-05-17,dbb8985cba830b580df7d14ef6a5d548,2018-05-02
fce3aaaad786e05cb7386b9274f5aa17,63b6d17991185fced5b5dc0dcab5b739,delivered,2018-06-08 00:58:37,2018-06-08 01:13:20,2018-06-11 12:17:00,2018-06-14 20:42:52,2018-07-04,81a38615d0ede5ea909b8852cd9e052d,2018-06-08
59e965eb9a8f7f341a003466fbe14229,8713f2c76cceb801594317bc39ef35bd,delivered,2017-12-28 20:17:58,2017-12-28 20:29:25,2018-01-02 20:32:15,2018-01-11 15:14:16,2018-01-23,aa323e33d8e4117c993934571fd9e59f,2017-12-28
e893f8f38397c526df32b5b1add8fda5,8d12ec295bad10a8a19b8f63ba002bb1,delivered,2018-05-08 20:19:02,2018-05-08 20:54:58,2018-05-09 16:21:00,2018-05-16 13:28:39,2018-05-25,38a4edb49c1c376a9bf78db1e6f031fe,2018-05-08
d0d4207173277bb279959dc8b2c35b2f,a45d045d2c2dc711b783689a3815b34f,delivered,2017-10-16 21:27:35,2017-10-16 21:49:51,2017-10-17 18:39:51,2017-10-20 19:45:18,2017-11-01,b89b78f055fbd6a09697b057fdcbf754,2017-10-16
1ffb3c1929b16d9c1aec1958e11b3e9b,15e65458c1de2332a93656f2272c808e,delivered,2018-06-30 13:37:47,2018-07-05 16:27:01,2018-07-03 14:13:00,2018-07-09 20:41:43,2018-07-25,78fc10170ee499077d81e1ed7b03fe6e,2018-06-30
ae27a50cb9ab15aabfe66ad3b4020a91,c770815b9523cc958ee5ba09819fcbc0,delivered,2017-02-21 21:19:19,2017-02-23 02:45:30,2017-02-23 18:07:02,2017-03-03 10:16:15,2017-03-22,5f7b9be1938c03dc5e9856cc7f285e1b,2017-02-21
f2d63838fe6815651b76e2152f1a02ee,7e37c4691de2262c9faaa4096d2d8c5a,delivered,2017-11-12 12:03:33,2017-11-14 04:10:21,2017-11-14 23:03:23,2017-11-20 20:24:39,2017-12-04,e9975df17eaae863301b6c1053370725,2017-11-12
80850824446cd379f755548b967c61b9,16da76d46d02d0123e095f79ee3532ad,delivered,2017-09-18 15:56:23,2017-09-19 04:04:01,2017-09-19 17:17:46,2017-09-21 16:45:51,2017-09-28,8c3dd97f541eae9973ef4ef7b65d6973,2017-09-18
ef53ed0382d7f4a3ce54b8e4a0ba7143,4593fdf052a39ca08a8102843c136840,delivered,2017-05-17 14:33:51,2017-05-19 02:24:20,2017-05-19 12:06:08,2017-05-24 10:44:53,2017-06-07,607cbe3c41183d7a1cd304ad5f777af9,2017-05-17
8435644661a27a84e873e6382328468f,d0fe702369bd948993145ebd7feb8d83,delivered,2018-01-20 20:26:40,2018-01-20 20:41:07,2018-01-22 22:52:44,2018-01-28 11:44:29,2018-04-02,255a9dc5fb4b9c995b1728fbae5d1897,2018-01-20
72350c18f769b53bf1ae2519359092e5,652bebc636b04ff76896479e77c7ec18,delivered,2018-07-16 22:35:02,2018-07-16 22:45:14,2018-07-17 13:56:00,2018-07-25 19:19:36,2018-08-07,944a3eacbae592a23be282b9858d78b6,2018-07-16
664ccdc7ecf83eace639850f9f6d6d6a,d65ebc2c999988c9cc3064c01b4fb4de,delivered,2017-04-07 19:21:43,2017-04-07 19:35:10,2017-04-10 12:42:00,2017-04-12 16:47:42,2017-04-28,bb936db39a692500aaff421305d41593,2017-04-07
a573cb4336fd3982959f7ddd2ec8724b,838eac29ae41a93183c71d6acf722bc1,delivered,2018-02-25 21:03:03,2018-02-25 21:15:25,2018-02-28 19:25:12,2018-03-07 23:56:35,2018-03-19,6cea4abf8f997010abe48d8b4ef9c5f2,2018-02-25
cf55d16f64505cb0732aeb401f30b591,5696f122abe18d1161913125dadd6fe2,delivered,2017-07-26 09:59:26,2017-07-26 10:10:17,2017-07-28 19:02:59,2017-08-07 21:03:45,2017-08-23,00db525fd8d4023dc446f0ed2519139f,2017-07-26
9b04a2f1de8fce6edf0761c34dd825c7,e7923ce10d3bca0edcec4e3f20723fcb,delivered,2018-02-21 20:11:39,2018-02-21 20:28:34,2018-02-23 21:12:36,2018-03-07 23:48:59,2018-03-15,f2ef0a291520b401f52cbf6e322bf7ce,2018-02-21
3c861124656eab16c456bc59cf05a0da,3dbc334ec47672ba4d0a7231e5c217b5,delivered,2018-08-16 19:54:11,2018-08-16 20:09:36,2018-08-17 17:11:00,2018-08-20 17:03:34,2018-09-14,a79a80d1b0dec1dee2f8ffd080f97089,2018-08-16
d4e47f54a1b18883138da71a1f9d5855,d6184e6a56d0baf7b891bee8f43c5066,delivered,2018-02-07 21:50:03,2018-02-08 07:35:44,2018-02-08 18:42:42,2018-02-16 13:55:02,2018-03-05,149a401e28e60833ae0b65f7aac963cd,2018-02-07
5037eaa70390c5b3b4073d0aaac80c15,aa24b652d2ac301e4370aaf58869ae38,delivered,2018-06-08 17:18:08,2018-06-08 20:32:12,2018-06-13 14:53:00,2018-06-25 20:21:31,2018-06-28,363b399d7d9cc1bb75943e404e6731d0,2018-06-08
c37e8a90411ad06bb2624d9a478de279,464f37f47dbc98222cf250140a6cdc11,delivered,2018-02-10 14:13:17,2018-02-10 14:27:41,2018-02-14 11:42:59,2018-03-05 18:33:15,2018-03-09,e7a512f2a1627cb1b7f9ed998e9c5916,2018-02-10
8733317e2e5debfd2f5d513f545ba3b0,ab15b42d1e768457521c97019caa9918,delivered,2018-08-01 23:27:57,2018-08-01 23:45:08,2018-08-02 12:35:00,2018-08-06 15:46:45,2018-08-16,b08a67dfc3133fb089b5a40c28baefe5,2018-08-01
b879d0ee2d4d508e13888fbc78ef8694,60e397eb2327299e7e71c56e305cf7e3,delivered,2018-06-17 17:28:29,2018-06-17 17:53:32,2018-06-18 18:57:00,2018-06-21 21:42:19,2018-07-05,aed34da08a69fa393990d632b6055909,2018-06-17
743cc56ca44d32e3e125c74c98044997,ac4803ab1d19fb7799da3fb6f333d4c7,delivered,2017-01-11 00:13:51,2017-01-11 00:25:47,2017-01-12 11:51:05,2017-01-17 13:03:03,2017-02-21,f2c06c34d67bef23c659b5500d576cb1,2017-01-11
016f868b096c236312e8bcb818ccd11d,1dd56893d8735089534b232e039b831c,delivered,2018-01-27 19:24:57,2018-01-27 19:33:22,2018-01-29 17:51:39,2018-02-01 21:50:59,2018-02-14,3e99fcdff874a9b1cfff9828f5cc77c9,2018-01-27
96e080e0b5e48d6beb4a7faeb056f5ac,2f7928483e82e3e5c79c091d974985d5,delivered,2018-06-18 22:57:51,2018-06-18 23:16:40,2018-06-20 14:42:00,2018-06-25 19:06:12,2018-07-12,9aec6f5a629e1a689fcffcc671b71e85,2018-06-18
6be743a80035d24c59907106942ee7f5,aecedf23e6fcbb6daf4dfd741ab51f2e,delivered,2017-11-25 17:52:30,2017-11-25 18:12:31,2017-11-30 20:51:20,2018-01-11 19:45:54,2017-12-18,572c48512a07bd131699f3a044d33741,2017-11-25
2fa04cf2e7effc77c6c4355cd4401bcc,f621630ee96392cbf8826fe3e6f381a4,delivered,2018-03-20 16:42:07,2018-03-21 16:35:30,2018-03-22 20:49:44,2018-04-05 17:18:38,2018-04-12,35097f4d1ac11cdb6714fd973f578e45,2018-03-20
afb0a9ca2d10fcfae200f36535c3f94a,4181340c6436c39fa866cba891f8e7a6,delivered,2018-04-08 21:55:51,2018-04-08 22:10:13,2018-04-09 22:32:35,2018-04-13 00:17:47,2018-04-25,6f0bc18e2e18e1ee56be06053c91ca56,2018-04-08
61665389f0cccf5ec8135e3b05efc714,ffd14a431366fce43a5e77826b9f2ffa,delivered,2017-11-25 18:11:13,2017-11-28 03:31:16,2017-12-05 20:13:49,2017-12-11 22:16:51,2017-12-19,738eddedeae4f5ded0d167c6415fa19c,2017-11-25
92a410c4261cd2c3a4d1a865ef3ba431,45ea79a029209282acc846917f494b27,delivered,2018-02-18 13:36:57,2018-02-18 14:35:34,2018-02-21 00:27:17,2018-02-27 01:22:30,2018-03-09,0e46f1f5f1700f6dfde97a64cfab74f0,2018-02-18
17e8b55480433d174982a3eea0454a8b,628050a7e00a84944c5f80747d9e05ab,delivered,2018-02-18 15:12:43,2018-02-19 10:07:49,2018-02-20 21:12:32,2018-02-26 23:26:52,2018-03-09,8a6053dc6f4f058c36962eb72c756329,2018-02-18
ca2cb714eb2ebdd28590f2ce998c2043,6a84d4ea5f6214063dea34e32a6bd3a2,delivered,2018-05-15 07:18:59,2018-05-15 07:55:11,2018-05-15 14:12:00,2018-05-16 16:51:33,2018-05-25,ec651bf3c640dd32180c61c8292d3c2c,2018-05-15
c93b7187ba63d7094c9ca0ad7c094f0c,ed23404f53a6f7754c6d8e51539eff7f,delivered,2018-02-24 09:31:44,2018-02-27 03:31:09,2018-02-28 18:26:04,2018-03-07 16:30:46,2018-03-23,5dd53c7d546c5f031f857c906c8267d8,2018-02-24
49c3293b870ffc5fcd1f11ca77eb841f,a0984e8d6bd840b4a63a18fb2be49008,delivered,2017-05-06 09:26:55,2017-05-06 09:42:06,2017-05-09 13:13:26,2017-05-15 14:58:16,2017-05-31,aa070601e92391e9e647f20602fd9a1b,2017-05-06
0bb9b595a2eb418ccff2dc89ff7cc58f,5e02b87345f6fe10a41606943f568ded,delivered,2018-03-02 11:06:45,2018-03-03 11:08:49,2018-03-06 00:36:45,2018-03-09 14:40:28,2018-03-14,606895478a52866c50804a43c243383f,2018-03-02
d82f458128cce1940c20471a5664179d,3805b1ce76c57fdfe5753f197c762200,delivered,2018-07-18 20:36:28,2018-07-18 21:02:24,2018-07-19 19:26:00,2018-07-20 23:06:49,2018-07-26,8d6392346695368fdacf2ba5bc70e5b4,2018-07-18
7bea83629cbad77571dcccb181fc2a6f,ebd6d28907731a8fec0f1c594c8bfc3b,delivered,2018-02-11 11:49:10,2018-02-11 12:09:01,2018-02-16 23:08:01,2018-02-26 19:37:15,2018-03-26,e2cedf73b720c0d8e02063c3c9e32cec,2018-02-11
4497ba9d409157ae7bc8aaf8fd113307,a3b7f155a78c8d463ba072cb1a11a3ed,delivered,2018-08-07 20:19:43,2018-08-07 20:35:14,2018-08-08 13:33:00,2018-08-13 18:51:49,2018-08-14,11dfafdbc0661252d0c957bb66eca814,2018-08-07
e8aae0a8c069453ead56360bfdf31d76,887ee2fb1f315de3bae3937191851612,delivered,2018-02-23 10:21:19,2018-02-23 10:35:50,2018-02-26 21:25:19,2018-04-20 23:03:39,2018-03-23,02ce856522310e96cddf763e086f3221,2018-02-23
2567acdbfc6fa8d47fce09510677b955,7aa727f0ae96b4d38965f1688af0a10d,delivered,2018-03-02 14:15:34,2018-03-02 14:29:57,2018-03-06 22:28:54,2018-04-07 17:30:49,2018-03-26,9a9e03f5f0fb52e286d0df0859224c53,2018-03-02
29387d1a6575cfba53d5b7ec40c4a338,30ef3c7edfd9e0291574de45b6d59021,delivered,2017-08-15 11:30:23,2017-08-17 02:50:17,2017-08-17 16:40:38,2017-08-29 20:53:50,2017-09-06,ad3ff564bf456d534acacd9f98fe3c40,2017-08-15
dff8b1ccb6e61a785f9fad1cd48df4af,5b4dd015f14d47ede684c5cd40c338b2,delivered,2017-11-11 16:13:40,2017-11-11 16:30:50,2017-11-21 18:54:44,2017-11-29 16:18:55,2017-12-07,4962136f755981b83b03f476e66eea7d,2017-11-11
80d83b7a6c9a79612f4957850ec91be4,af589f330821cdeba520d83f6db139da,shipped,2018-03-09 16:54:10,2018-03-09 17:11:01,2018-03-13 20:51:56,,2018-04-19,749f894180c39414865a117e748e74f0,2018-03-09
6f6471df0c58534cf3912656d77d46dd,3309389d570651c38b9de3c4df4e667c,delivered,2018-06-17 10:36:37,2018-06-17 11:01:06,2018-06-18 14:18:00,2018-06-22 22:57:31,2018-07-12,eff077d455f4f83532a5d18b850711e3,2018-06-17
a3c0d5a734ba53e42a0ec23ff32b2e99,0c65e9ad8407c5104f5a8b48dd3d737a,delivered,2018-04-09 15:36:43,2018-04-09 15:51:15,2018-04-10 22:11:43,2018-05-12 00:28:43,2018-05-07,5407d1975ce6ac91bbb793688b2cc16b,2018-04-09
36a9a3f459c7b3416f1caddf4d238f03,53b5ae38193aa5f2df276a47fe5a044b,delivered,2018-04-05 22:48:17,2018-04-05 23:08:49,2018-04-06 23:57:35,2018-04-24 22:36:51,2018-05-02,6718d1eb924084f94504b7a042b7678f,2018-04-05
8493710d4f0b7559f92171df102ea693,3376235680921bde7c149c5793c6124f,delivered,2018-08-10 15:21:47,2018-08-10 15:30:25,2018-08-13 14:24:00,2018-08-16 16:18:49,2018-08-29,9bc3b3b03ac9c6c132aab1353e0d0dd9,2018-08-10
b2f9e7490c9752bd0a3d8433208a5b50,43b6ba59314156204be0e74d2bdeec84,delivered,2018-02-22 23:51:23,2018-02-23 00:40:24,2018-02-23 23:09:37,2018-03-15 21:42:24,2018-03-15,9cbeae434e6dd53107adaa9385609050,2018-02-22
586079f2888accc928fd49fed7e8243f,67ad8b9b8544c5ef14502d44df099430,delivered,2018-02-12 14:55:30,2018-02-12 15:07:59,2018-02-16 05:37:26,2018-02-16 21:32:33,2018-03-02,d5f1b2d3fbfec07b6c4cf5193e83f8ac,2018-02-12
42560dfc8d7863a190293678f01f6bbd,0f3a81be69f12da7e2979fd1833e923d,delivered,2017-10-22 01:39:47,2017-10-22 01:49:12,2017-10-23 14:07:54,2017-10-24 17:09:24,2017-11-06,bb939798f4c3086488aba189af45cc1c,2017-10-22
ecc81531d82fb15b1c8fe8bb6ddfb02b,2d9e2413671ad73707ac2f425871eb3f,delivered,2018-03-21 10:15:05,2018-03-21 10:28:32,2018-03-22 19:52:50,2018-04-04 15:47:45,2018-04-17,a1758d26695dced0b4bbb2ef5a35a621,2018-03-21
a00afe395584af6a6a6fcddd256c8c7f,0e9a2b2a97e3ff16020d7c166ef1c0db,delivered,2018-01-06 23:28:20,2018-01-06 23:37:25,2018-01-10 17:00:36,2018-01-11 18:28:55,2018-01-26,91a74261e8ac51fc4fe3c1614a02e998,2018-01-06
cf9d814ad8673ebdaec52528c1f7a7ca,6478395c7e1bcbf3c7ee65a18ddcbbc0,delivered,2018-01-10 19:28:54,2018-01-10 19:48:21,2018-01-15 15:14:19,2018-01-29 14:13:14,2018-02-06,48cabd8b661e80314a2c778484e7ab61,2018-01-10
3af3547c5f6433e64110be073e271fe5,7bbb405be147711ade88df14d7318dcf,delivered,2017-06-16 14:48:06,2017-06-16 15:43:29,2017-06-16 16:46:06,2017-06-27 18:13:28,2017-07-10,c0b4a8c9214f65b74b36761703196dc0,2017-06-16
1fd6c29ecb9dd8b65359f54c969105d3,a3c2feb8dfaf13b0cba5dae5b6cadb38,delivered,2017-05-22 12:15:02,2017-05-22 13:06:16,2017-05-23 14:27:16,2017-05-24 08:13:48,2017-06-02,45b211aca79fa0a9f848456e9360d3c8,2017-05-22
b715538d616fd676c472be1a3a10d05c,e1b6f3e6ab3c7616f2e5d2531e192747,delivered,2018-01-05 11:50:44,2018-01-06 02:08:00,2018-01-10 00:46:58,2018-01-20 00:23:21,2018-02-07,40f982bdcce2ec59cb71eb7a845bff2f,2018-01-05
8bc3152ee315178b8a67ad565033f9c4,930bad6ba843cfae6c6f9ec4d673f276,delivered,2017-11-03 14:25:13,2017-11-04 05:15:24,2017-11-07 16:57:10,2017-11-23 20:32:32,2017-11-24,deb7c01a9d320206a6e1502e6e80d7e2,2017-11-03
dea797c7c316b451316f16073995a03e,84ac9077d6f033eefa1fdcfc5550b586,delivered,2017-12-01 17:33:04,2017-12-03 17:34:25,2017-12-05 00:32:36,2018-01-04 20:17:34,2018-01-05,131384fdb8cbaa54cd90c26c4832573d,2017-12-01
6f8f0e3ba6fb99d979b8db8728b6a385,b598787044dad3948915e892ae113022,delivered,2017-06-29 19:19:48,2017-06-30 03:10:22,2017-06-30 13:47:51,2017-07-24 14:22:52,2017-07-19,e2fd80fb6204d4dcf3b1fcd088e09765,2017-06-29
a65123674e1b3ffde2fff9af8c009f30,4f5e4ae2ccce7e66aeeae545bf12fd41,delivered,2018-01-07 21:45:04,2018-01-07 21:57:23,2018-01-09 22:44:45,2018-01-30 20:51:42,2018-02-07,b5a34ad09c1ff8f60f2362bd3739d065,2018-01-07
8d9c47d02bd99ae8d7dd151ededa9281,e3c7e245a96d7fa339fe6c16f8da4e90,delivered,2017-10-15 17:12:19,2017-10-15 17:56:24,2017-10-17 21:05:06,2017-10-23 22:04:54,2017-11-01,79051ee5ee98c4bd6982e67e2e79dbcb,2017-10-15
b436eb981676e54c0bc9bcade0e079c4,9f0b591bc0110c16bb95fdcb47878544,delivered,2018-08-06 09:29:23,2018-08-06 09:50:21,2018-08-06 16:16:00,2018-08-09 18:08:29,2018-08-29,e015ce18751465bc79eeabbe3f0064d5,2018-08-06
bc11204edaf5b5bc0e1dc6cf8a44e400,5b37b9c7a01fb7203b3fa19364ebd350,delivered,2017-09-28 19:48:39,2017-09-28 20:05:23,2017-09-29 10:53:28,2017-10-09 19:59:06,2017-10-23,88aab8e23cbdfef723eacac5a1c42aeb,2017-09-28
a95424d8e778a0353400a1215b82210d,516a27a4dc653cd1b3a7ffce1adf93c1,delivered,2017-09-20 21:05:01,2017-09-22 00:34:09,2017-09-22 18:50:05,2017-10-05 19:47:42,2017-10-20,905296d0376640c1762fee680d6ae30b,2017-09-20
5e863f29e65de81c292dea95ec7782f2,f98f9e7fb7ce031373a8f438d3c40a7d,delivered,2017-08-29 09:05:24,2017-08-29 09:15:11,2017-08-30 19:42:51,2017-09-11 21:22:45,2017-09-28,bebdad645fe37c945b2c669b87c60689,2017-08-29
f0bd83bfb957e7a5536e388fd49f85da,037a833a583b557bd93ce21c263c265c,delivered,2017-10-27 17:53:58,2017-10-27 18:05:52,2017-10-30 16:11:52,2017-11-03 20:13:41,2017-11-09,e8ced922ab4b4885607e15b998805e98,2017-10-27
d383788a5c4be0b02e2ea3ae682de7d8,ac3fbd5c32d374ded966a98ad7ed07e6,delivered,2018-01-25 15:39:56,2018-01-26 03:17:29,2018-01-30 14:42:25,2018-02-03 13:58:42,2018-02-09,5969c8096357722c5385b9b31f8fc1c5,2018-01-25
596b168ac4fd56e69b35087afaa8ae59,926cdee969671f2f6453b01ad04c5067,delivered,2018-06-01 15:51:55,2018-06-01 16:11:43,2018-06-04 14:14:00,2018-06-12 21:04:27,2018-07-05,5f683589d7f0e184ca9ccb8c2e8bb392,2018-06-01
c04beb0786efb4f86b8222cd3d3d84fd,92ae0c9a35caff18cdc09aaea576ec91,delivered,2017-11-28 09:34:19,2017-11-28 09:58:22,2017-11-28 17:29:06,2017-12-06 12:52:02,2017-12-21,827475b6b295e186c7b7c8eb2199039f,2017-11-28
5ebde480e2defdfbc67474e5a8fb8520,75d185d54b0d5071d2d87b078bdf3dbf,delivered,2017-08-13 22:56:58,2017-08-13 23:10:23,2017-08-15 17:36:08,2017-08-21 19:28:11,2017-09-01,f6995ef24cee9d197100c0cb0ddb98d7,2017-08-13
76a34d13a444dc9e514d59482291ba07,ac5fce3f511bfbc2099eeed240a1194d,delivered,2017-12-15 18:51:54,2017-12-15 19:21:37,2017-12-19 19:30:10,2017-12-22 18:44:47,2018-01-15,85333adc71614d177d3ac54662b036b2,2017-12-15
73b8060641cefc66b17b6c97f5901a96,9cc6240f66fc4d57f431a5f7820635db,delivered,2018-01-02 21:30:21,2018-01-04 05:16:57,2018-01-09 20:39:04,2018-01-11 18:53:21,2018-01-18,510729dd62abd74364bdb78ec5c47d03,2018-01-02
1201a29eba6a0210ac935c2e926f58ae,b7e7f7b5b4f8ec4f9b31f8578b02c226,delivered,2018-02-09 17:37:51,2018-02-15 03:51:35,2018-02-15 19:28:34,2018-02-26 15:18:49,2018-03-08,1a4b3261869b5a1a9f7387073e09a815,2018-02-09
7edc3ed94401904fd169923dd2ba3ecb,9733f3332e2c91eb2270b54c9bbf7685,delivered,2018-02-14 20:22:15,2018-02-14 20:30:37,2018-02-16 01:35:22,2018-02-20 19:52:15,2018-03-08,477025a77b847be1745bd7e0c955647a,2018-02-14
b48cb919226eab68275c008f1c5057b8,f8396c2772c6c3ce84355de60ecc3b06,delivered,2018-03-10 20:20:28,2018-03-10 20:30:30,2018-03-13 22:03:45,2018-03-24 14:18:18,2018-04-13,e0508f3a40540f75c153f0c25e12e8eb,2018-03-10
e32090de3a5936c84fa211a2b22342ad,297f627663a7f77e536fbbccbd449596,delivered,2017-09-03 22:31:16,2017-09-05 04:10:39,2017-09-05 18:43:04,2017-09-17 16:06:22,2017-09-28,73fdbe192da1e67647039e4550f75683,2017-09-03
68bdbd5c98c370cdfd33a08a591fb660,b115955f333cd97a8f4ca448caf47e45,delivered,2017-09-05 12:26:30,2017-09-05 12:43:37,2017-09-12 01:04:47,2017-09-20 23:07:41,2017-09-25,c0dab23b432d514b8a66b67250218bfd,2017-09-05
18424f62e6457228cde82092ec2252df,2264bfe104fae1c05829148aabac2f81,delivered,2017-09-13 00:46:59,2017-09-13 01:04:05,2017-09-13 21:35:08,2017-09-14 18:32:29,2017-09-25,bc0d7bb032bbf422fc74bb279c47de1e,2017-09-13
55ecd90110224e06df49c5cd8a6d3901,33fc37ecfda5df3cfaea8cb17c634e06,delivered,2017-02-22 09:19:58,2017-02-22 09:31:32,2017-02-22 10:36:49,2017-03-01 08:27:48,2017-03-23,32b486fad49291a58acfa5fdd0864ac7,2017-02-22
6275954c6646fe2a6fcc3b1f7771de04,724dd97cb4813b4be4c1599f6baf15ca,delivered,2017-11-24 15:10:38,2017-11-24 17:37:49,2017-11-28 21:15:22,2017-12-18 19:34:14,2017-12-15,8e84222ad36cb6ab528b745ae6e18d11,2017-11-24
27feef8b6702f1d6ccdffd697e7f4334,5a5ba707171db1cfa955d1cafe4a347c,delivered,2017-10-04 12:49:02,2017-10-04 13:03:35,2017-10-06 13:05:10,2017-10-10 22:42:13,2017-10-23,d4828cc3c4ab42b6dc2c45a99d8435e7,2017-10-04
b022357c03da2d91ba22d886af2c83a5,c1a69ca2899b3cc961dabdbcaeaecdab,delivered,2017-09-26 23:19:50,2017-09-28 03:36:04,2017-09-29 19:55:47,2017-10-10 15:10:08,2017-11-03,465b533cb30b28a5d820d9ca45084dea,2017-09-26
2b669d60912d3d0f9ab639002e8883f0,56fe4db72648a5eeb98017348323cf51,delivered,2017-05-15 21:24:52,2017-05-15 21:35:12,2017-05-23 17:44:01,2017-05-31 09:39:55,2017-07-05,1ee4c408500cf3ada6de1a07aa11e084,2017-05-15
22e93d4515387496e3bd3cf6e8eca396,ae5471f99c6164664f3227292f7c78b2,delivered,2018-08-07 20:02:11,2018-08-07 20:15:25,2018-08-08 14:33:00,2018-08-15 00:32:35,2018-08-14,8770740d878dc0c47af0dc5f73d9cfca,2018-08-07
0412781fb7b094ddbd06503035a2964c,0d3a23c5c5b8ee8da146658a6b607d05,delivered,2018-08-20 21:49:25,2018-08-20 22:10:15,2018-08-21 12:51:00,2018-08-24 23:18:43,2018-09-03,b46c479b09bee8b1b2db13c1d1ec99cd,2018-08-20
a69a40da9add4ab2edf07d939ebfb7df,d2f49302a19fe5eb90d76e10870e334b,delivered,2017-06-19 13:00:36,2017-06-19 13:10:11,2017-06-20 11:09:22,2017-07-05 16:28:06,2017-07-19,463ee5171d66178b9eb84bd05294840d,2017-06-19
ab8f1ef255154fa7b14908195c1a0a3e,71f002d46efc5fdc94c7dc9095800075,delivered,2017-05-30 07:59:07,2017-05-30 08:10:13,2017-05-30 11:28:12,2017-06-19 19:14:52,2017-06-28,5d6f188fd6eb2ea2e8049ee4511b4c8b,2017-05-30
ce02b2c6e70d5b2fe24d103952d389bf,ce187ff9eaa89051f4c4fba7e99561f7,delivered,2017-07-30 13:33:40,2017-07-30 13:45:11,2017-07-31 17:53:51,2017-08-04 22:40:00,2017-08-18,7cfc3a722d1fa04d8589096339b1698c,2017-07-30
59f4e4ce854640a74dcae6d0c3fa1ea6,d75e6448f501f078f4e475870facaa79,delivered,2017-03-16 11:12:22,2017-03-16 11:12:22,2017-03-17 15:34:47,2017-03-23 16:36:32,2017-04-05,5a1c2510301699cbd7fa6b876bef9891,2017-03-16
e339c040755b354d17a122b68617cb4f,511a4d0fd15ef186a3103e38ef910563,delivered,2018-08-16 11:54:27,2018-08-16 12:10:13,2018-08-20 13:49:00,2018-08-28 00:12:31,2018-09-18,cde6577300fbd06655ff162902f15b2a,2018-08-16
cdbbf42ba3892a989ca5b644ee43db7f,d147a2516941f9b1fa511da01902a86b,delivered,2018-08-03 10:42:40,2018-08-03 11:04:21,2018-08-03 12:57:00,2018-08-13 18:22:21,2018-08-29,b285b91655e36b0a7a42a791af572c15,2018-08-03
b1829b9fc61d2f28d8668cd5bde29e3f,bd371cfbb78aa6bd8d2ad4dc52565d8f,delivered,2018-07-20 01:38:27,2018-07-20 01:50:13,2018-07-20 21:43:00,2018-07-28 15:26:43,2018-07-30,2f8c498249d784bf07fae8692d4355d9,2018-07-20
49b40d0575b7f9b42d51d5faa0aab91a,993d0439436ad1ef23ad62dc6f66cfe2,delivered,2017-02-09 14:47:33,2017-02-09 15:05:08,2017-02-10 07:11:30,2017-02-16 11:49:24,2017-03-15,a06f282cff6736dc56e658231c1262a8,2017-02-09
2d16bf1b00214008228bd3b4cf16d256,fc215214c5e93ea60189282e63286806,delivered,2017-04-01 18:33:06,2017-04-01 18:45:18,2017-04-03 15:07:44,2017-04-13 17:37:15,2017-05-11,f38bfb728e93a12d3c9f95b5e60f9122,2017-04-01
8859c918dd929c59f8e0e8811b83f02a,ca17558c17d7eb0f3333914471df1b33,delivered,2018-03-09 16:13:12,2018-03-09 16:49:45,2018-03-13 02:51:28,2018-03-19 19:38:37,2018-03-27,fa5a0ca5704974491058939c625caf2d,2018-03-09
2446a642fca6873ebfd22332c6657732,7e5563984d6291832da8b9fc279af3f9,delivered,2018-08-02 12:07:08,2018-08-02 13:10:28,2018-08-03 12:59:00,2018-08-09 20:46:37,2018-08-22,7b42fe72625f3fcd1d907014be5d8cb0,2018-08-02
5b0ae07059a9f7a0b52fd3b131c7dc73,a2fc5dce5ecd2193e8a448946f10683c,delivered,2018-05-10 12:07:32,2018-05-11 09:10:27,2018-05-16 14:39:00,2018-06-05 15:33:03,2018-06-05,13009c602f021f83e3a58a03b1c14c78,2018-05-10
85c1196c9210adc4d2a1b1685b1d0404,164616bf979d4cf2295c1627010df2ef,delivered,2018-08-14 14:42:14,2018-08-14 14:55:21,2018-08-16 13:17:00,2018-08-21 18:26:56,2018-08-29,32c5259b38e5259914d2da7c52c2c91c,2018-08-14
a1991f23b5a551188b16f0cc2105441a,fad797b0dde8fcfab613f0f3e86c3304,delivered,2018-02-20 14:39:30,2018-02-21 14:35:41,2018-02-26 20:37:37,2018-03-12 17:26:32,2018-03-16,a4026f697b7074bbb5cf566d404f8e76,2018-02-20
142c07328adba2427b3029a2b5a1f503,bb57526f1e8fe74f92c4c7e4ced09303,delivered,2018-01-16 10:48:40,2018-01-16 11:10:53,2018-01-17 15:48:07,2018-01-23 18:17:05,2018-02-06,d040aa4ef4eee97186650ee10600e77a,2018-01-16
3c8cf4a64088009cadc132d10d0ae7f4,9e9cab5f8089dbfb465b14561a59606b,delivered,2018-08-02 15:57:13,2018-08-02 16:30:58,2018-08-06 06:36:00,2018-08-07 21:42:53,2018-08-17,b28b906d2e7c601ca1311dbefff7962e,2018-08-02
6d9c9cea658be290a4d3c6ee16858ea9,f1eece538627fa853a59e6ebe3aa005e,delivered,2017-12-31 16:37:29,2017-12-31 16:47:17,2018-01-04 12:16:44,2018-01-25 18:43:18,2018-02-02,5ffa943033855b6df544500dc6e08df2,2017-12-31
f6bf536c581306c6334e82ca15d7bea5,26088294bb55860ca38501a1182dce6b,delivered,2018-08-07 23:40:20,2018-08-09 03:35:18,2018-08-13 15:11:00,2018-08-14 19:36:36,2018-08-17,dc6da86086ea05abb979ecc24ae1d500,2018-08-07
43e36c98d04ca621f851d768059e74e6,a57eb930af5fed1e5d05a2f9e836c246,delivered,2018-02-06 14:29:47,2018-02-07 14:32:06,2018-02-08 23:22:48,2018-02-09 21:44:41,2018-02-22,b7cc19e8b4d3af968213787982a1ade2,2018-02-06
e283c10328ca0fb0f25e39ba74921bb4,a59963e5779a42b59dc63a3ca0bd417c,delivered,2018-05-15 22:18:51,2018-05-15 22:34:09,2018-05-17 11:56:00,2018-05-21 20:18:38,2018-06-05,30e3cae58b67ce7ceec119253a5d0981,2018-05-15
f2ec7f6dc805433a2e8552ab56ef33bc,35e42ff7aa123e24e46282f1ad57e517,delivered,2018-07-03 14:15:30,2018-07-05 16:33:01,2018-07-04 13:01:00,2018-07-11 18:32:25,2018-07-30,2c7805e71918f3ee4591674ad25cb19b,2018-07-03
0dd15079372ce401518ac26321947143,faa5236e556d27003bb3e013a8d72795,delivered,2018-07-04 12:57:55,2018-07-05 16:31:11,2018-07-09 10:13:00,2018-07-14 13:02:09,2018-07-24,f00830589ddadb1494fea0c98f165fcd,2018-07-04
bfd8b65b23bbf044e7ae60f3682bc225,0b9d5b8ca1d0aee387d35522fcf8785c,delivered,2018-08-01 14:59:16,2018-08-01 15:31:03,2018-08-02 14:25:00,2018-08-03 20:44:41,2018-08-06,d00ba4e03045ecb66917ad9eb1b76bb5,2018-08-01
337ace5c193fb745fca018fd1e542c9c,040eba6a84cd4b4eb4ec87a825439c72,delivered,2018-02-07 00:57:03,2018-02-08 01:49:44,2018-02-09 22:09:13,2018-03-12 14:18:53,2018-03-15,556b0c9c0dcaf1aa2fc8f93c6dea284f,2018-02-07
dbf5aec766985e6f34f73cc4560a5123,b4c985152cb9f2646a7f671a52c2ac09,delivered,2018-07-21 21:20:02,2018-07-21 22:05:16,2018-07-24 13:14:00,2018-07-27 19:32:21,2018-08-08,c21575db98cc251416fe660a6e226a46,2018-07-21
e8910c9e1de2c3b04e8ff423159d895a,5bd4f07bafa8c390e6e4d58acd4be947,delivered,2017-05-18 17:25:34,2017-05-20 04:22:48,2017-05-22 07:55:29,2017-05-29 04:44:52,2017-06-16,d3133cefb29933308fe133a43dc60081,2017-05-18
3f905b9ea57c91684a194b1815fb513b,787d9805335b637a51aab2934f89a4c0,delivered,2018-04-26 07:45:47,2018-04-26 08:15:16,2018-04-27 10:08:00,2018-05-03 17:58:34,2018-05-22,1e3d6c8deb72b64fda4659553471bc6c,2018-04-26
67bc7ad5678269583e9bb44b18c5083b,e0637f97be0d22957f59eb9b70a32ebd,delivered,2018-02-13 00:21:01,2018-02-16 08:07:09,2018-02-20 18:54:58,2018-03-05 22:28:46,2018-03-12,af90886f773a050db25c4316d0aedf49,2018-02-13
2f66b4903890f8fcc8bccfd80510dae9,d75b9db917b3486c58876ce6ebe25746,delivered,2018-04-23 21:25:00,2018-04-24 18:24:18,2018-04-24 18:04:46,2018-05-11 11:39:27,2018-05-24,2fa63db193ecb500d4058cae36026f8f,2018-04-23
44bfe9e18e3f1f25344d2bf7243bf2f1,e07a6553644addb188f2aeaa5f273348,delivered,2018-02-23 18:53:29,2018-02-23 19:08:07,2018-02-26 23:27:05,2018-03-01 16:43:44,2018-03-09,2e2d3ca6e374bd9df2e3161a7c5187cb,2018-02-23
ba3cb1f2bc2a8f69d175320c1ce21274,4c61ff94fd292ee9fb6e810ce986f5b7,delivered,2018-03-29 12:48:18,2018-04-03 05:28:02,2018-04-04 19:02:24,2018-04-10 02:08:53,2018-04-20,b47a0e3acb428606ae13fce2b05d2da5,2018-03-29
c2734bdbfb8421d4b553df66c3f60d8e,fdaa01ac8d468391bbe7024f7700c43a,delivered,2018-04-25 21:53:30,2018-04-26 16:15:37,2018-04-27 13:12:00,2018-05-02 18:16:48,2018-05-16,2305772047db5a4a72a020bc1b759c61,2018-04-25
6640f4ae940f8fe977395633d7dd05f8,9940cbdd25ceb1df05d4c96d33ead9e4,delivered,2018-08-10 22:55:07,2018-08-10 23:24:23,2018-08-11 09:12:00,2018-08-16 19:46:55,2018-08-24,1242225b30315a8f01b8c04515b0bf7f,2018-08-10
dddc545a77663ef26d16778d03ef3bcd,5bb40f4d5a4371842ecc05e3b4475dc1,delivered,2018-02-06 11:34:34,2018-02-06 11:49:49,2018-02-06 21:42:29,2018-02-10 14:33:09,2018-03-09,0e2a10c8d1b35dca12057704d738bdb6,2018-02-06
75d278b14adb72b5112387226023b7b7,15f5674c91e03e49a75e34dc7cd338ab,delivered,2018-03-31 17:31:47,2018-03-31 17:47:41,2018-04-03 03:03:00,2018-04-07 13:14:22,2018-04-19,95d525b753ce8d636a7ea64d3defadb5,2018-03-31
139566ca96ac60204ca4fc24f52d8c83,e2116c1275cd10d59e6a0e0562b711d1,delivered,2017-11-25 16:02:08,2017-11-25 16:14:29,2017-11-30 19:12:39,2017-12-18 21:33:38,2017-12-22,d7eb55be83bd9fcbe014775c0bb7679d,2017-11-25
9290f6ce796b33b287cc5e48674cdbb7,b39ccea8ca81e9f09796e152770f6e62,delivered,2018-06-25 22:17:08,2018-06-25 23:12:33,2018-06-26 14:43:00,2018-07-10 20:04:02,2018-07-19,c345259a79305d124c78cd0fe8fd1ef9,2018-06-25
15cd24278cb6a373aa6bb2ca34837e16,61a5483d57f486f4177687846c31bcff,delivered,2018-01-28 22:17:22,2018-01-30 05:31:45,2018-01-30 15:49:00,2018-02-19 13:26:56,2018-03-01,c95055f35a9e966444a5c1a3324f80d0,2018-01-28
6b65667bbce24262a05f9272420c2dce,e26029bc77a880721394cc291ab5c04f,delivered,2018-01-06 20:12:23,2018-01-09 07:17:51,2018-01-09 17:44:06,2018-01-24 19:34:55,2018-02-02,f3738f6f5687da7c7ae0623172be00bf,2018-01-06
127f8f54e84665683a3c9bde5b3e768c,1396bd8f880391136e575e2176f68157,unavailable,2018-02-08 18:26:32,2018-02-08 19:01:40,,,2018-03-06,e9c56ddc2dd0c972b0fdc7752457f413,2018-02-08
9b623f617ee8289775f3fa94ee0e41ee,4f422869868682aaeb796bfdc8b7e68c,delivered,2017-11-24 21:48:32,2017-11-28 03:46:44,2017-12-04 20:52:21,2017-12-12 18:48:44,2017-12-21,98143200a1790ec714f278644614a3ff,2017-11-24
9faf745260884e1db917c4716491d1dd,c82bfd5208bae1e2d79618327033a22e,delivered,2018-01-10 21:41:08,2018-01-10 21:49:07,2018-01-11 15:26:06,2018-02-01 13:18:03,2018-02-14,595afda7f1715a89e0e8bfd070c9494b,2018-01-10
f754fc05a50c00a7a04eb9da5e97c646,1f949db3dfccc9c0ca44d38df3748db1,delivered,2017-12-26 10:21:02,2017-12-27 04:14:40,2017-12-27 19:49:58,2017-12-28 15:09:41,2018-01-15,20c1cde7037e6ad98b3fcecfbc3fdce0,2017-12-26
563a70a03f09f2174bde139fdcbd8772,d38ab5feaeb102e5990e4a27c69c2da2,delivered,2018-03-01 21:16:08,2018-03-01 21:30:52,2018-03-07 18:39:18,2018-03-21 22:03:54,2018-03-28,c96b86463cf090f8a9ba301aa448ae09,2018-03-01
f04ef4843992cd6ef01922a4649f3859,e151ebcb2f9ac48199efede5c799091c,shipped,2017-04-17 22:30:51,2017-04-17 22:45:15,2017-04-18 15:06:35,,2017-05-16,24379aebec3f657fed011e713367ba81,2017-04-17
59cd790c5f7a727afff6c7032bf26f90,d1f1aa9eb76e6164001d6eeff00ecbcb,delivered,2017-05-02 22:19:11,2017-05-03 11:33:25,2017-05-12 10:22:06,2017-05-18 11:07:45,2017-05-26,5c6cba8704f48b94e13d71503b627de1,2017-05-02
774593a70fbb54cd0a56eb0db24145a0,44f7d61f4662b0eb66c35226a7f1fc0c,delivered,2018-03-02 16:25:11,2018-03-03 13:48:45,2018-03-14 16:34:42,2018-03-29 04:26:32,2018-04-11,7395b7864f1b33252013547d30b94240,2018-03-02
78d2db6fea6e971731e4b1b858f4435c,76e6b0c2cdee810995e06c74fafbba2f,delivered,2017-04-18 12:16:21,2017-04-18 12:25:35,2017-04-19 09:45:14,2017-05-09 10:41:32,2017-05-11,4f7a81a0b04edaf86ec4c88c9208eccf,2017-04-18
98d7e0d168a393093a391519c1ee1e8e,16c44b4965467cb77db8cdb4c306a54d,delivered,2017-11-13 07:38:06,2017-11-14 03:55:34,2017-11-20 20:12:22,2017-12-18 20:51:40,2017-12-11,44079d19f89d722a8811ae5560e99ccc,2017-11-13
af5bd9a6ec17e248b6a9ad2c0f528acc,0e0ad90f0fe129ed348defc9dd234105,delivered,2017-10-07 23:26:03,2017-10-07 23:42:11,2017-10-09 15:33:10,2017-10-20 15:55:53,2017-11-01,25db0aea3768d5c92f219f5177596da3,2017-10-07
4d7a50dd7785d456154efdc27f2154b8,7ac030d8127ff4ab19987a3981d53deb,delivered,2017-09-20 22:48:10,2017-09-22 04:16:42,2017-09-22 20:59:04,2017-09-28 16:02:41,2017-10-16,d471f73a3e7cb6b6ea5d5c33b32f9ae6,2017-09-20
8091fd1d6a5797a012ae44f1dd06cd6b,f27e56c54dfcb67aa9237eba08636bb9,delivered,2017-06-19 19:50:44,2017-06-19 20:03:22,2017-06-20 14:45:42,2017-06-30 14:55:34,2017-07-11,50b62f99498fe219e5b1cbbb904d024e,2017-06-19
5f6499a6a16dcde4cd6fc183a2b26046,f167e230efed08918e1bf37427f87a29,delivered,2018-06-18 16:41:15,2018-06-19 18:23:06,2018-06-20 14:32:00,2018-06-21 17:53:08,2018-06-29,6aae08438a26622dd375dcaa3a31ed36,2018-06-18
f73d73f08d9e97a496861a69bf371880,f803bdb9a0886ce56d18b62ace9f58ac,delivered,2017-02-20 01:10:19,2017-02-21 04:35:20,2017-03-24 11:13:49,2017-03-29 09:37:12,2017-03-21,8250fbe8129ad082184ef06ef3a23e30,2017-02-20
8b684bf930252b4bf12586346b4ebbba,07e7f8e9c1d7da19613688c978f10c4f,delivered,2018-05-14 19:36:35,2018-05-14 19:57:59,2018-05-16 08:14:00,2018-06-08 20:51:49,2018-06-05,e111ce1b61a12d4d45b84c654d9ac8c2,2018-05-14
aeda3634e9cb15b0f339f34392a15b45,0b749bca20d46dd7bcdd5a94fe54117e,delivered,2018-07-29 01:31:27,2018-07-29 01:45:06,2018-07-30 15:16:00,2018-08-01 22:42:30,2018-08-03,97c3a87ab5d63e6debeb38c8fc2aa765,2018-07-29
071d86b8fc66cad2d0bb93775be89392,1b1aa6b965239711ee0033be972f7f65,delivered,2017-12-28 20:45:13,2017-12-28 22:32:29,2018-01-02 22:07:52,2018-01-11 17:39:38,2018-02-05,80c9360aabd15ede059a81021be4ee54,2017-12-28
82984749eb983f9f558a003b3fc693f7,17f4da960385fc28aabff33e739e314b,delivered,2017-08-28 22:40:14,2017-08-30 02:11:01,2017-08-31 15:35:07,2017-09-11 18:54:51,2017-09-20,bcf2d3bd55f6749f7ff68b3b8417462a,2017-08-28
fa67f37b0eb6114117c4c0412aeaaf2d,93bbd148ee409937dec05943e6c27573,delivered,2017-04-05 22:18:04,2017-04-05 22:30:17,2017-04-06 08:48:05,2017-04-17 17:42:46,2017-05-05,f158b6b76209320a440a4ecaf8f47aef,2017-04-05
af7b1f7080ed76cd6d266c0ce5a13044,cce1f6220c57f2f73f32ab3929e2df07,delivered,2018-07-17 14:01:16,2018-07-18 02:55:22,2018-07-19 06:33:00,2018-07-25 19:32:18,2018-08-08,b4c0401af3cc3af9b0f47ba1c90b1ee0,2018-07-17
8dea586c46b239e29ba83efef7e28ec2,cd57a601749f3336f7ddb02cc028bfbb,delivered,2017-07-03 20:50:49,2017-07-03 21:03:44,2017-07-10 17:13:59,2017-07-20 20:21:30,2017-07-26,6c70bee45f245a4ebeddb2ece21b567d,2017-07-03
6eac9b191502f0f4d373dbbad5aa7253,34beea970220d74027a3daece88c07b2,delivered,2018-06-21 18:32:08,2018-06-21 18:57:06,2018-06-22 13:06:00,2018-06-25 13:49:47,2018-07-04,9b9aa67941ab5886ffebd2e42a24c537,2018-06-21
bc76bb0ff492abd2cfc722349f3d62a2,54af9d31eb26ac435fa7bc914d9a30bf,delivered,2017-10-10 14:03:03,2017-10-10 14:29:52,2017-10-10 20:52:05,2017-10-13 21:52:00,2017-10-27,7162c2cbcbe9beee103704f912a7b364,2017-10-10
0f4f07de4a8aaaa5b16fef24f10b1d1d,a5d2b093ce49ccdc64bedb68b856ac5e,delivered,2018-01-06 11:36:52,2018-01-06 11:48:30,2018-01-08 14:54:59,2018-01-19 14:33:09,2018-02-09,66bcb5fd006123f74d979e37522b1b56,2018-01-06
dca954560c94725cbb8402714b1dc7bd,af189c7154bf7cd83ae87e7c7c43a6b9,delivered,2018-01-09 21:59:13,2018-01-10 10:32:14,2018-01-11 22:56:00,2018-01-22 18:58:25,2018-01-26,a0f97d8ed64d4e33d7b0f29c4118f244,2018-01-09
c8a2a495848f547a4a4a26597ca9190b,886406e39c7527f64f34223f444bd4c4,delivered,2017-12-29 11:29:05,2017-12-29 14:37:31,2018-01-02 21:28:41,2018-01-08 23:23:38,2018-01-18,f84ff2c65bd8fa3b84df2fccff6e6f8e,2017-12-29
c07e1447e2887a9588ca8fbbe9d3c549,0d573cb6681904906ea6b9ea47662c99,delivered,2018-08-06 08:58:30,2018-08-06 09:10:14,2018-08-06 16:46:00,2018-08-10 11:02:44,2018-08-22,fd9375cde96035e89ef73d5a2217901e,2018-08-06
612f068f7f21e8eb30c2747b98f5cd5d,d2d75b50904ca9ca9d2bb319fdce4781,delivered,2017-08-03 12:36:55,2017-08-03 14:45:23,2017-08-08 20:48:47,2017-08-16 18:26:42,2017-09-08,571a76fdcc655128d212af3769465b32,2017-08-03
a3a97bc6e236d5351537c8f466c34dad,c80bf3b981ce1e2f80110fe042e3e372,delivered,2018-05-09 15:08:44,2018-05-09 15:36:45,2018-05-15 13:47:00,2018-05-23 17:52:41,2018-05-28,3a2d6a780f9229755e1da6f1e320fa08,2018-05-09
6b7f286d1c41eb87f19bc62c31043740,a74b3f14183cc1bcbcad43ae2dc89bd2,delivered,2017-10-25 20:24:11,2017-10-25 20:35:23,2017-10-26 19:28:28,2017-11-01 14:35:54,2017-11-24,ddad92b8c1d2070b274687572e5f013b,2017-10-25
400067025519f050d696583e2e6df305,1ad59cfff88d9a65f56e359d53cef06a,delivered,2018-07-22 21:19:11,2018-07-23 12:31:43,2018-07-24 15:42:00,2018-07-31 17:41:38,2018-08-09,846cc82097677a122b93094e20b421d9,2018-07-22
2d9196aaddb5713a576a0f4acdf102a0,e1009ae00e0fe8f7212a66210478c6c3,delivered,2018-07-25 21:04:40,2018-07-25 21:24:49,2018-07-26 13:08:00,2018-07-27 20:10:33,2018-08-02,1f7e66899db77ffcb466b245bd594df8,2018-07-25
6ededbb85df3190d91b4eaf3d08b4606,c60951b71e9cb1a72adc769d5aaaafeb,delivered,2017-06-18 17:10:10,2017-06-20 10:55:20,2017-06-20 13:48:42,2017-06-23 11:23:46,2017-06-30,aa11788e46cab3999d7e9d5fee8760c6,2017-06-18
1cb838bbf91e8e446a3fc49d56973c9a,6510bf0824930d09246d3b8cefe42363,delivered,2017-04-02 19:25:43,2017-04-02 19:35:21,2017-04-10 07:48:01,2017-04-17 08:48:52,2017-04-28,d0df58b7314f370d634a7726fc1908bb,2017-04-02
67ec1ff2fc90decdce72e2299a384ee1,50f6c271b53735b0b626548afb4e50c4,delivered,2017-10-14 11:30:47,2017-10-17 04:09:42,2017-10-20 17:05:55,2017-11-13 16:24:55,2017-11-09,55ce65ff6f9d97b967b29cf7f9cae370,2017-10-14
2e54a200a6bb88a705239b059efa8fd7,e68eea004762425de1b42e922bb1a29c,delivered,2018-01-10 18:54:16,2018-01-12 10:28:13,2018-01-17 18:41:30,2018-02-09 21:38:32,2018-02-16,fe76e0d2ff56927716b573babe7f1d98,2018-01-10
1ea11b975aea60ca92fa0559184d3d34,0d1679b303ad5d2c0cb3e51bc9c9f643,delivered,2017-03-30 23:04:33,2017-03-30 23:22:38,2017-05-17 11:23:54,2017-05-20 09:32:55,2017-05-31,7436c330d21f5055be3179f8bce0ff88,2017-03-30
4310dee37e09d3d73cf8c9a63f7b61fc,ed8015d79ac87082198750d415abd7b5,delivered,2017-08-03 12:17:18,2017-08-04 06:45:15,2017-08-04 17:34:09,2017-08-10 19:22:32,2017-08-23,f9bf71aedf974324e6d89ce57f01ec45,2017-08-03
0f44fd64ee902f504aefed510fbcb8e7,90bee84ba315cec820fc30e0a7e52fff,delivered,2018-08-10 22:19:16,2018-08-10 22:30:11,2018-08-14 16:12:00,2018-08-20 11:02:28,2018-08-20,69ebcfb15e500f10ed057068ce343330,2018-08-10
b0d7c6fe6331dbed458f4be7e65240aa,500e735e23e3e9a2406249a2e2ebaac1,delivered,2017-05-04 20:12:50,2017-05-05 20:22:27,2017-05-10 10:17:41,2017-05-18 06:52:11,2017-05-25,83bd8551b3eb05460414882a2f4be504,2017-05-04
d200a7526c6d29e8c2742a0bff8cff14,ce976f549c104536bfe1468454154b35,unavailable,2017-05-04 15:19:42,2017-05-06 02:15:13,,,2017-05-29,676dba30d784260b87b27020532a4627,2017-05-04
ca2d86fb163d5e6c45cd1eeaf6c76a43,0902dbbca4ab2c81851859e7a1624a8a,delivered,2017-12-23 22:42:51,2017-12-23 22:49:21,2017-12-27 20:23:22,2018-01-13 16:06:51,2018-01-26,d35959c60ba3c74734492fe60e3cc540,2017-12-23
20f98e86c9187ac61473d4637f5b0c1f,a4b296c2ec5ff873f8c83fa0d92c24c4,delivered,2017-09-29 16:41:06,2017-09-29 16:56:25,2017-10-02 16:38:39,2017-10-14 01:54:47,2017-10-23,bacc56e7eea042adea9c21ecaf5e1d9a,2017-09-29
90dd995b31d5fdf734e55fab036c4690,832d1e7af4f01f2f3d9573ca629db080,delivered,2017-04-07 17:45:54,2017-04-07 18:02:28,2017-04-12 11:55:55,2017-04-27 12:49:09,2017-05-09,1f4928c782d36f9d8a1be46989b2014c,2017-04-07
3dc1f7f4445977c3aab08a1398b06fd2,f4db3c45bb179f36429fb704d9554ccf,delivered,2017-04-28 21:01:41,2017-04-28 21:15:14,2017-05-02 18:47:44,2017-05-16 13:58:01,2017-06-05,17008637457e85a3a77e1ed67e031614,2017-04-28
92544b942c20882ed536fca30fbaf86a,b6f870f9091efa3e437de8afdbbea8dc,delivered,2017-09-14 20:57:31,2017-09-16 02:50:33,2017-09-18 19:29:01,2017-09-25 22:05:55,2017-10-05,d53bc71cb277647bea675be2a3d9ae4c,2017-09-14
cff0989119cf4c7e05ff4e35210f9869,4e2e0a4987e850cf36488148cd7a8fc5,delivered,2017-11-16 12:53:04,2017-11-17 04:10:33,2017-11-17 19:18:55,2017-11-26 16:52:14,2017-12-13,1bf1da15c610cb58d650beb06a80b6a9,2017-11-16
15e4f54bacc1f99c567ae071a016fa9b,21ed3e5a4e346b598ca00f8a849e0fd4,delivered,2017-08-01 10:28:27,2017-08-01 10:43:59,2017-08-02 19:25:57,2017-08-14 21:00:01,2017-09-04,6791ba098f52efa797c971de1e7ea86a,2017-08-01
96495a19c4e2919e467d2eb2de240ed3,6d4591283381946b102e850533271b72,delivered,2018-06-10 22:46:43,2018-06-10 23:10:52,2018-06-11 13:49:00,2018-06-18 15:48:25,2018-07-03,9ea42707dbe037f4bb647720c5165939,2018-06-10
6c7eda5a953efb5c1b6214592902069a,af306b1897ac49ae472e6fdadb1d5ab0,delivered,2017-09-06 21:01:16,2017-09-06 21:10:15,2017-09-08 20:09:38,2017-09-14 16:00:03,2017-09-25,169ea64d13a302a575bf637e09af98aa,2017-09-06
de742d420af4a6abd06276acde083ae5,b9e6a4f0a7ee0e84bd7c4d275789f2a9,delivered,2017-12-05 11:45:50,2017-12-05 11:58:27,2017-12-08 19:47:10,2017-12-14 22:39:05,2017-12-28,8402969a176c8399bac1a5bb919892f5,2017-12-05
a4dffcd8f52c47996a8b9b2243e2cacc,7659b77c8e8536224e0f03176075ebb5,delivered,2017-07-13 09:32:12,2017-07-14 02:30:19,2017-07-14 19:07:36,2017-07-27 21:39:42,2017-08-10,70330c7657afd300f090b0f45be6ff5f,2017-07-13
420fb4457bf13ecb615ef8bd9dacdc03,904ea0c8109e23dacc599034d6c1e4c8,delivered,2018-08-03 20:48:39,2018-08-03 21:04:07,2018-08-13 11:13:00,2018-08-22 00:51:39,2018-08-29,f5779b107efa988f0731f1939dad40b5,2018-08-03
a8fabca91cde3202401e6078441f1cd2,7afed877f51f362443ba1bdb49d9577e,delivered,2018-07-13 00:33:18,2018-07-14 02:35:17,2018-08-03 15:50:00,2018-08-09 18:04:53,2018-08-16,647456ac3316ea51f120e3a3c8f8a7ac,2018-07-13
ebea8104943b8d26ee8aa3dd8f705241,a239350b8a8912cefcf04b590811cee2,delivered,2018-01-21 00:14:18,2018-01-22 00:54:15,2018-01-24 01:27:39,2018-01-25 20:32:59,2018-02-08,785f2b0690f391d7fa190c4c70298ede,2018-01-21
f9c50aff44ed91808d5b511bd49106ec,7beb7eb7d52421653db44718ee4e3e04,delivered,2017-08-17 13:34:55,2017-08-17 15:50:16,2017-08-21 16:16:52,2017-08-23 20:31:48,2017-09-01,af59ff749e92b5cca826883683b7b63e,2017-08-17
92ade7cf39eb31a8f81a75277c14f9d6,9a4c2301f22f861dfc57e361eaf98b99,delivered,2018-05-19 18:08:37,2018-05-19 18:32:22,2018-05-21 14:33:00,2018-05-25 14:26:48,2018-06-07,ba179ad4ba8c3916137aaad465eaa079,2018-05-19
bc52ee2d28a015510123067432c70c17,834518d4594b0bcb116acbe814f1bc03,shipped,2017-07-29 19:08:08,2017-07-29 19:23:36,2017-07-31 20:07:06,,2017-08-30,1c528e680fca3cff6d186b6f49a32ad6,2017-07-29
f44109a5bdeb8222bc76288fe1751d35,7bd8d51ba8a18440e8c429e2acc34dbf,delivered,2018-06-09 19:24:53,2018-06-09 19:38:38,2018-06-11 12:56:00,2018-06-18 15:50:50,2018-07-12,a2ee01609cebac76651bfc4814f5500e,2018-06-09
7267e79548a97a01f870d9554ecbf645,da7e8bf45b833573fe1076e763befd95,delivered,2017-11-28 21:55:46,2017-12-01 10:31:31,2017-12-01 22:28:59,2017-12-18 20:04:13,2017-12-18,acc619a5022471a3007a9bf8c7779f07,2017-11-28
84725ed03be12141b53a435b57fbd336,f64cdee66599119324ce57a97e43700d,delivered,2017-09-11 16:51:05,2017-09-12 04:44:45,2017-09-15 14:33:20,2017-09-18 21:39:58,2017-09-28,d89e05e2d23c3d8247aeecd07758004b,2017-09-11
5bb6be5ac31d6ab742083dec19b729c8,1cec7c8d274ea8b2a9e49cf962e759d2,delivered,2018-07-24 12:59:07,2018-07-25 02:50:19,2018-07-25 14:17:00,2018-08-01 13:16:31,2018-08-21,92e99d82e506f4f77a049aebe3341c27,2018-07-24
ae2f85b0fa227d6ecf5ebe62dba5c91d,6fe8635d5b006d0000c01d85a66ddf0c,delivered,2018-03-13 19:58:12,2018-03-13 20:10:53,2018-03-15 16:22:23,2018-03-21 15:56:43,2018-03-23,d4974a275160db5623addb418688e443,2018-03-13
7036c2b99dc75cd8d088a8e4475e2658,76d4cba49c7c7f3cafcc7ca48d81d03d,delivered,2018-06-20 14:33:25,2018-06-22 02:37:02,2018-06-22 14:35:00,2018-06-30 19:18:53,2018-08-09,96f727f9f95d43f5e8178f95438b726b,2018-06-20
4456ddfcb3350b652f0318df9b7f3cde,e2dc2f3f58380b125a1e88fc86dffe4f,delivered,2017-02-20 12:16:48,2017-02-20 12:30:23,2017-03-15 14:44:48,2017-03-21 17:33:21,2017-03-17,259452cda45b93519b4a73ac7a822750,2017-02-20
ddecef40fd6080d8aeb6d69f92bb1a8b,1635ed936c289f9729f2541bffbb6fd1,shipped,2018-04-03 19:19:56,2018-04-04 09:48:40,2018-04-06 00:48:28,,2018-04-27,3e4277782d17fcd302b387e5a7c0da0c,2018-04-03
7b76996a441de2788a09b987c34e477e,209b9fd06716ec99fdebc11662f4c6af,delivered,2017-03-14 12:56:50,2017-03-14 12:56:50,2017-03-22 09:25:32,2017-03-27 12:56:00,2017-03-31,e4ab450a838f528ed7abff0521bb7a49,2017-03-14
b1dcafc7eaf9eea48e000a122aa70a3b,d929d368c14ab052551effdb50d34c6e,delivered,2017-11-28 19:38:05,2017-11-28 19:51:51,2017-11-29 17:16:54,2017-12-05 18:26:52,2017-12-12,4d47128791c08d094b63752d2c9e2069,2017-11-28
d60a89ab9bc1e68834465ae630c3343e,036aac46214f6843a9e8e0ca702e335e,delivered,2018-04-16 09:45:05,2018-04-16 09:55:26,2018-04-17 22:44:23,2018-04-25 13:56:48,2018-05-10,1d7e8be24bca64576da891970638bfe3,2018-04-16
638cad2c050551138562aaae90afbb6c,f3457b8fdac18622de498551383ae1cc,delivered,2017-09-13 18:49:50,2017-09-13 19:04:18,2017-09-15 21:05:01,2017-09-23 15:35:57,2017-10-11,62bce9dae884ebd989f251ed2cbf677a,2017-09-13
976c9f4a0b6d3158f01dcd00b625756c,4c2ce84551ecffe29ecdc34876746c5d,delivered,2018-05-10 11:28:36,2018-05-10 11:51:48,2018-05-10 15:17:00,2018-05-16 12:53:08,2018-05-30,8e9dddf8ef649a61f67a74c066089cf1,2018-05-10
b7261927790781e114d3a12f39ef44c0,0883816eb4425537f417d5d63553ab8c,delivered,2018-03-19 11:10:14,2018-03-19 11:31:18,2018-03-21 19:06:43,2018-04-02 12:16:51,2018-04-11,9299b9e27e97571a5ddc3725b9186536,2018-03-19
0bda9df0ce80203b668f46f41abf0c5b,4cb9c064b0da6dad9fd6d95af264b2a4,delivered,2017-12-20 19:27:45,2017-12-20 19:51:40,2017-12-21 16:17:32,2017-12-28 19:49:14,2018-01-17,a88ade89c5c136e6ebff42d0475dd479,2017-12-20
ece40b3b3194bb3891929f52bf260749,386f601f94c87464e1720292a738b9ff,delivered,2018-05-23 11:06:28,2018-05-24 02:34:50,2018-05-24 14:07:00,2018-06-09 17:37:36,2018-06-14,ec57b8bd124e28bd57907cc845075946,2018-05-23
68530478f47eb6016655d590a05fa853,fbac16c6734df62b9a470f3a5c8d7128,delivered,2018-03-08 23:14:39,2018-03-09 00:31:45,2018-03-09 17:46:46,2018-03-27 00:16:42,2018-04-04,c499023d38f0db1bcf3db96b3c8a5dee,2018-03-08
49c89a2aba7f8f079681f6967d846465,480aee92a572792a7a5043f486656da8,delivered,2017-01-25 13:33:37,2017-01-27 11:50:20,2017-01-27 16:30:26,2017-02-06 11:21:46,2017-03-08,8b55f7f0b79b0885eaea2966bb6c7155,2017-01-25
268270567c35e07af0d2f8c8cc978410,4487ca94364334677a4a0d66975cb980,delivered,2017-08-28 22:13:47,2017-08-29 05:32:18,2017-08-29 20:20:06,2017-08-30 20:16:38,2017-09-11,2f2ab1b5055acca714e38c613a4f2763,2017-08-28
cae717bb5d2448081dd91756a3842833,c8e83cefa49633dd155e77b07f46896a,delivered,2018-07-10 08:07:26,2018-07-12 03:10:11,2018-07-17 13:35:00,2018-07-20 18:18:40,2018-08-01,20cd4b5a53763bcda5831da06fb83d74,2018-07-10
1dc1a1e530ccf4da96b6b27494cd652f,0c0a6ca52091617f1f287b4565b8ff0f,delivered,2018-06-24 23:45:47,2018-06-25 00:14:32,2018-06-28 10:49:00,2018-06-29 13:54:51,2018-08-02,1c95632b153032986e6ab01c039a1ada,2018-06-24
fb83309baace638203791fe6688ac3ca,c3bb3dcd5ab97143e278f40cb0eb15f8,delivered,2018-02-07 18:56:06,2018-02-07 19:10:31,2018-02-08 20:49:22,2018-02-23 18:05:41,2018-03-05,ae02a8b8ea022852b09baeba181662bd,2018-02-07
6fb61aa0a0b7b2095b397d85d36693c5,6476f290769184b3ee9d2666d7178073,delivered,2018-02-26 10:03:54,2018-02-26 11:21:40,2018-02-28 10:42:17,2018-03-08 18:57:34,2018-03-21,6c8972c9af5f8ec1612b9f2125ae7a6f,2018-02-26
4d31272d8cb07c4ab84562c8ae2e0fdb,6d8b84bc65ad63bb703b96c994e3f18d,delivered,2017-07-10 17:56:02,2017-07-11 06:43:42,2017-07-11 21:47:59,2017-07-25 19:28:50,2017-08-03,6a8dcfadfdfb2795650598f3487d4b1d,2017-07-10
852b442a5bc38e624ea9f60305418cea,2cadd739d6836feeb65364203eb87e68,delivered,2017-07-22 20:07:24,2017-07-22 20:23:18,2017-08-02 19:53:46,2017-08-07 17:25:00,2017-08-24,930ec447a7e279b4e8f482706af798f8,2017-07-22
73558fe683b9ce228381cf2ca678d322,7f5f6d402a23a76d2efc737bbd3d7d1e,delivered,2017-01-21 22:41:08,2017-01-21 22:50:18,2017-01-23 11:54:09,2017-02-09 12:08:54,2017-03-16,01838e7d69d87bd8ff2b6ff06789adfb,2017-01-21
a60a240af8f52dfc1ca0fc4c20e0d0c4,ad3c8c89d8f960a1b93ff517215ef5dc,delivered,2017-11-16 22:25:07,2017-11-16 22:37:31,2017-11-17 16:49:26,2017-11-28 23:59:01,2017-12-18,9adc7c1e486f3a11ed3daff72a54c592,2017-11-16
4698210068ff4fe55a812e51e337a80a,6b5c0295e0d10b1a80a1faa5f41d410d,delivered,2018-05-07 16:06:15,2018-05-07 17:31:08,2018-05-09 16:36:00,2018-05-10 20:08:54,2018-05-15,47e7935b999ad9d38e00bb765d39f7fa,2018-05-07
d0735172d1bc5aae5bd8abb3675e6556,07ce73dda1f76ae4d7828e4b8a352431,delivered,2017-03-04 08:14:46,2017-03-04 09:23:01,2017-03-11 02:19:09,2017-03-28 14:03:54,2017-03-31,e6b16f1c51ac79a25ffeb0efe69a6d9a,2017-03-04
39f71ba799c87ce196465bad51c55d0d,7a7d6b506791478fbec785458412fd17,delivered,2018-08-07 12:37:44,2018-08-07 12:50:20,2018-08-08 13:07:00,2018-08-16 16:48:27,2018-08-16,29d56ba9603f96d29d2a776a5b321635,2018-08-07
1b9411e11370aedecc0bb2daa7f41501,300b04fccf49393ab58606cdf2c4ce52,delivered,2018-08-17 16:11:01,2018-08-17 16:29:56,2018-08-23 14:08:00,2018-08-27 17:19:02,2018-09-06,8d187f36fa18c60c2ac49e7a966d8ff7,2018-08-17
6f028ccb7d612af251aa442a1fb8b5d0,3a0a5fd64eaf4a5c0e60300434ec496e,shipped,2018-08-05 07:21:56,2018-08-05 07:35:08,2018-08-06 13:21:00,,2018-08-09,e5238c097c0acab2f2c670c275e46622,2018-08-05
8913cd2b52dc823cb5bd0dbcfc666799,fbf7664ee05f798a110063e888e28ad5,delivered,2018-08-08 00:53:24,2018-08-08 01:05:09,2018-08-09 14:18:00,2018-08-13 22:31:19,2018-08-15,8b44f4fc8087c0c82f94b1a504ea44d8,2018-08-08
31c6c41e2949f1a20c6f8e60ac17d4fe,86c608f34ba6e73337c7fb6bb4db336b,unavailable,2017-03-21 23:15:29,2017-03-21 23:15:29,,,2017-04-10,ab14aff32b9c7c55378170003a076665,2017-03-21
1bc2604f66282211f5aba0bf67ca3dff,b4f105f920d24596b9d6176136919fcc,delivered,2017-11-04 09:43:19,2017-11-04 09:55:20,2017-11-06 21:49:51,2017-11-14 19:39:03,2017-12-01,3aace94f875e8ed34028832ce922ac5d,2017-11-04
a9aef39ca580c8bf9b2bc2e2927ee47f,cee7402478a8ecfc0f5e69d34c9d5f19,delivered,2018-06-17 11:17:40,2018-06-17 11:39:24,2018-06-20 14:59:00,2018-06-21 18:52:06,2018-06-28,2ef585acc848f5b942d87123096bd3fa,2018-06-17
98088a1ebcfd4dc68d3fc0bbc0d2868d,a725b2c98789502697eea419bb58c498,delivered,2017-12-19 10:00:55,2017-12-19 10:11:33,2017-12-19 21:13:11,2017-12-26 22:34:50,2018-01-16,d1106e2588a60d432dda3232831f29c0,2017-12-19
0a3bc687e8cb91f08d67838494a0e396,9235e3ab22f834a8777bf3b0ddc34b04,delivered,2018-03-14 10:58:09,2018-03-14 11:15:40,2018-03-15 20:36:49,2018-04-09 19:08:51,2018-04-10,332b50f5ad97c9168f9c07494169b117,2018-03-14
bda372c8f4f99cac883f9f8462f5fdfd,490f3d8fb78a8b5b1d9fd5ab8b4855d1,delivered,2018-01-15 20:19:56,2018-01-15 20:30:47,2018-01-19 21:03:28,2018-01-29 17:42:45,2018-02-07,1372bab98f9966bcd4a6fa3e6df6dde8,2018-01-15
f548b0d880ad07026110a7acc47f77c7,87b15cf61000299cb68aeb0a05e45a7e,delivered,2017-07-08 23:04:19,2017-07-11 04:04:14,2017-07-12 13:06:05,2017-07-18 16:22:21,2017-08-02,1cd7859ede65dc6f37a4aa9fcc0b5d75,2017-07-08
d4cc7ecf339a0fb8549f1227d0b29de9,c1084efcc6de82cedf00f4d15aece375,delivered,2018-01-19 22:17:22,2018-01-19 22:30:55,2018-01-22 15:58:46,2018-02-05 21:28:39,2018-02-16,a9311df21a0a446cd8a0a749d08c77ac,2018-01-19
484041967269ab057b79f27c33a68f52,3d616ed54a57fb940105f20155809c98,delivered,2017-10-09 10:34:56,2017-10-09 10:49:41,2017-10-10 16:50:14,2017-10-17 20:14:17,2017-11-06,2e9c493f84d35ee17a9183a670d88224,2017-10-09
9200d381e7e305ff1079ef9b1d9d975c,9f58c564d66cb668a955aadb89ef6580,delivered,2017-11-21 14:24:08,2017-11-23 03:08:26,2017-12-05 23:46:48,2017-12-07 13:17:47,2017-12-14,65d1314b9758a04579c8d80ad9e6683e,2017-11-21
4d0b787622daa9bd782364f14583ce5a,66a597c062ebee2684c57b26d28fc551,delivered,2018-04-17 09:03:35,2018-04-17 09:10:18,2018-04-17 20:24:36,2018-04-18 20:41:45,2018-05-04,5ba545232dc83d378e08162493ce08b1,2018-04-17
cb9f1593718b376b364bf688ce11d3b6,a0786c581c57c96420d8dffd0cc5f4c6,delivered,2018-03-02 11:28:57,2018-03-02 11:50:45,2018-03-08 16:29:48,2018-03-20 14:57:37,2018-03-23,17459b0164c2455bef59ddf1a7cc0487,2018-03-02
7e995d171de63fd99a1c9d42ddb0c1c0,bbc160254f556c214299211d347e912e,delivered,2018-05-17 16:36:08,2018-05-18 02:14:43,2018-05-18 15:57:00,2018-05-22 17:56:54,2018-06-11,fc174418fd8dcc8694e3df5c837551a4,2018-05-17
4817db123f2751c4c12805d5715a51c5,3b1b170d99927389f0705dd404d95083,delivered,2018-04-16 20:42:25,2018-04-18 07:11:31,2018-04-18 19:16:54,2018-04-19 19:42:48,2018-05-03,4666a014b71e0673f5e847f0bafdcd50,2018-04-16
bd50e1e10ed8a1e38db7af2e76a1986f,34327f03d06c475e8579bc13c6283116,delivered,2017-09-20 11:03:00,2017-09-21 11:10:30,2017-09-21 16:39:14,2017-09-25 22:57:34,2017-10-17,cd70f848318893eca6f4dd942f3d6d42,2017-09-20
54baa7c04860efe0a5d56eb15e18b406,367537806bf94a7b8bc3941789d41247,delivered,2017-02-16 16:26:26,2017-02-16 16:35:15,2017-02-17 14:41:00,2017-03-06 10:07:39,2017-03-20,8eab6c7666c7ea3081e5d92842358b76,2017-02-16
c54e182c8f67aed244820428d9ca9085,d72ad2046c192203ab313451dc0d9109,delivered,2018-05-04 11:19:02,2018-05-04 11:51:45,2018-05-09 15:48:00,2018-05-18 16:53:02,2018-05-30,eaef61f8fbe8a1f9aaf75e0404ed8108,2018-05-04
ae022df91338bf0b68f5d5f179ad8492,508437bb0cca48a51e05222a64a2b432,delivered,2018-08-03 15:48:08,2018-08-03 16:04:13,2018-08-06 12:47:00,2018-08-13 18:41:44,2018-08-30,88b9a2b47a28764a168ebdd7bcb17861,2018-08-03
f35eb369cd2607e2157e8b1a7376befd,ac909d4d7eea34a00a8655edd9073c81,delivered,2018-03-07 17:34:21,2018-03-07 18:20:31,2018-03-08 20:46:33,2018-03-27 21:59:03,2018-04-04,35b95f164008426359c3d6e1e471f9a9,2018-03-07
3982b25019d6a59e9e887607e489e3d5,f7b9908a78475b247396f5ba42dd409e,delivered,2018-01-26 09:32:41,2018-01-30 05:31:40,2018-01-31 23:59:34,2018-02-07 21:33:53,2018-02-19,f9b7401066366368daaa16538879c72f,2018-01-26
f2a5336cc1662ad56b16f4ed6e4b2de5,b0b27c44f7e3d2c6e45d506cbd4a5627,delivered,2017-01-15 17:55:56,2017-01-15 18:05:14,2017-01-16 12:25:16,2017-01-25 10:56:03,2017-03-02,2c724eb337b9f040e3a65208e3280b8d,2017-01-15
8ce6770545bab77f107a0b67da55fe7f,ef8a5aad3ebe3ec27cfd69d5617c5c1a,delivered,2018-01-15 10:48:10,2018-01-15 10:57:19,2018-01-16 00:57:52,2018-01-19 19:12:09,2018-02-07,52ee377ab3d6f6c96909f8b820753423,2018-01-15
648637c544f762334d4ce9bbe88ebe21,9df7ac1b5662e707e172cdb698820360,unavailable,2017-11-09 22:40:17,2017-11-09 22:50:29,,,2017-11-29,5ef3d73ff5f2017d60ad9e87633f7143,2017-11-09
228f12f010b1363cba76e442bd378e53,c105db9a70cec07612fdea08fc14513d,delivered,2017-03-09 15:37:50,2017-03-09 15:37:50,2017-03-13 14:12:40,2017-03-16 08:39:02,2017-03-31,36557175b8a2edd0e6c267c5a0eda7d9,2017-03-09
5d1e025052895991d3f50688be8f626e,c16c09ea771d1b0231309f1320ebb264,delivered,2018-01-28 11:07:48,2018-01-28 11:20:11,2018-01-29 19:52:58,2018-03-14 19:19:29,2018-03-08,157bf39fe35a77d760f6ee3908c914f7,2018-01-28
ceb9ba23c2692423f47bd10e0f86bcc5,eae4e8c76c678d2054addcc4618bc713,delivered,2018-08-21 10:22:31,2018-08-21 10:35:15,2018-08-21 12:58:00,2018-08-28 20:03:05,2018-08-31,f3c07da3cdd95c337eed52c783c2c736,2018-08-21
53e73aeaae3e1e18a47d623632bd11c8,422fc2b8f738a1147597dda4a46e32b0,delivered,2018-02-10 15:26:54,2018-02-10 15:48:23,2018-02-21 11:53:19,2018-02-27 21:29:48,2018-03-14,a3f8e2f751637e045f83bff3ff58f537,2018-02-10
0c82a229fc22597c2361656cba8d3230,9ae4bf2bb990fa503baa7e1feaf6f60e,delivered,2018-05-15 16:10:38,2018-05-15 16:35:56,2018-05-16 13:20:00,2018-05-17 14:51:28,2018-06-01,db9a58053c3f7ab8be9970e6b2186567,2018-05-15
6926348e098b0414d25d5d773475a8fd,4b572aa69b7cd61833fd18ca5a21d84f,delivered,2017-08-28 15:31:00,2017-08-28 15:45:35,2017-08-30 14:51:58,2017-09-06 19:37:49,2017-09-14,23b2d37ef78f3c8dcb31f5eefc30190a,2017-08-28
f13b9cfd03f5555ece664b0bec8d2bf8,a562ab1e728449e3461829dfe2e36f73,delivered,2018-01-29 21:53:47,2018-01-31 13:32:04,2018-02-01 00:34:16,2018-02-08 19:49:39,2018-02-26,d33eeadf54cb883e79be640f38c32cdc,2018-01-29
3e555ab59108cb3d4ec66fc204bcb22c,ccddd0a09c1e1253472fb86f210c83e3,delivered,2017-11-06 12:47:11,2017-11-07 07:31:15,2017-11-07 19:38:36,2017-11-08 16:16:28,2017-11-17,8a97a930c86c83b79d033300afc68fac,2017-11-06
654a7709a6364f1f2225033be8993d31,54f6cbc1087187d1603082eb0594d47c,delivered,2018-06-13 15:02:54,2018-06-13 15:28:57,2018-06-14 13:59:00,2018-06-15 17:31:30,2018-06-29,7e04891cacaba45a6160a80c09758633,2018-06-13
ac1436b9efc2d8508c1abf9e4dca5709,9cae1ebde4a8d7f03a92da657abdb51c,delivered,2017-03-15 14:28:24,2017-03-15 14:28:24,2017-03-17 14:10:48,2017-04-07 15:23:01,2017-04-18,4d210caec5d9a335920c4a33e8afe467,2017-03-15
709048ea34ffaec8f1c3ed2799296ba5,b4701cd1bb99456ea8df0ebaa9ad4ca2,delivered,2017-09-15 21:36:29,2017-09-15 21:45:34,2017-09-19 20:32:59,2017-10-07 22:27:15,2017-10-16,4d11e5cba5b16d8c82107100b84f2692,2017-09-15
d27e502287dfd6690077b513380b7fbd,bf08885e81c08228779ba7da3beb7e2f,delivered,2017-12-09 14:35:29,2017-12-09 15:30:50,2017-12-12 21:08:53,2017-12-13 19:03:33,2017-12-28,c83f58d28fcf031a2c3227efb7c0b9ba,2017-12-09
6ea4cd6f1ec3ef5b3dfeb0c90093a5d0,8c214c704bfb4f7a9044b714ea19dfca,delivered,2018-08-22 17:40:17,2018-08-24 03:25:29,2018-08-28 15:17:00,2018-08-30 21:28:47,2018-08-30,51380d57536cda6e31c1013f4ffaa739,2018-08-22
bbabf4c6280e517a671f1c96efcd524b,f85fa404ef2cab37a355480109ffe9f9,delivered,2018-03-25 14:21:52,2018-03-25 14:30:43,2018-03-26 19:14:40,2018-04-03 17:06:09,2018-04-16,e32f4d258f4c8a6edc80cd8859c2509f,2018-03-25
c488a16bc2a85f7f72b6d05b6556c279,97e17c94edf715be814f6c0874177f19,delivered,2018-02-20 15:22:53,2018-02-20 16:00:20,2018-02-28 19:33:59,2018-03-16 02:13:37,2018-03-12,e627af01d316a3af11756c90df266310,2018-02-20
bf0b6e46855aa361a0dab877c439ef93,23a238394ed31f0893206aac055f6dcb,delivered,2018-01-15 16:51:35,2018-01-15 16:58:23,2018-01-16 20:59:05,2018-01-22 15:22:33,2018-02-05,c63a0a49c83305801fd8f25be450f2c5,2018-01-15
a037897ffc90e9b89c16d0b6c55e9a0d,a1a53a206a8e0b78b9787416f9614ebe,delivered,2017-07-06 11:24:40,2017-07-06 11:43:35,2017-07-07 18:32:20,2017-08-02 15:37:51,2017-08-09,31bd5704afe103b06cb312b751525e47,2017-07-06
024d4903890a56c2e98df63a32206bd9,a1aca6bcf003c08a08097758ff8cf96c,delivered,2017-11-04 09:51:58,2017-11-05 09:50:38,2017-11-07 10:26:51,2017-11-14 20:57:41,2017-11-28,d1977d0dffcab41b61db477ceecc3746,2017-11-04
d0b378f9d33cbf6b21c01295494a9ef1,9414468f4e33a5759920691717151c14,delivered,2017-08-03 15:36:26,2017-08-03 16:50:15,2017-08-04 18:59:04,2017-08-11 21:47:51,2017-08-25,5126023a171cb9bc605e7213e298cc66,2017-08-03
23580e0d424218b71b67ce569d22a7da,c261db649b0612a59b601008fc05082b,delivered,2017-06-29 16:24:52,2017-06-29 16:35:50,2017-06-30 15:46:48,2017-07-06 12:42:06,2017-07-19,5c4fedaba86e0558729f4f82b2d3e144,2017-06-29
c101853f695b94e64c34f41941ff1048,15943304541965ce9e0c9ec3a9891818,delivered,2017-07-27 20:51:43,2017-07-28 08:30:21,2017-08-02 18:45:43,2017-08-10 20:08:33,2017-08-22,db8042d926c1738f9de893fb990de370,2017-07-27
f4f43841ba1acc0c428e6d7c73658531,7b04dd77487b6f8e2c13846684b2d742,delivered,2018-02-19 21:22:19,2018-02-19 22:27:06,2018-02-20 22:19:19,2018-02-27 00:06:24,2018-03-15,44bd7571a7dad968306f7776bd5a5745,2018-02-19
95eff09285b23ea3424139fc2c71c692,f07f0809fb48849ea645fcadc72e4ab2,delivered,2018-05-01 16:23:52,2018-05-01 16:35:21,2018-05-04 13:17:00,2018-05-09 20:39:21,2018-05-23,c4fe6661ef9df9a77a16c780f696ed19,2018-05-01
6cc62a2c76cd0e02344dd2b2486178e2,28e649122a91a9a3b2fb6ca0dcce1d22,delivered,2017-06-08 14:04:48,2017-06-09 02:30:37,2017-06-09 10:24:21,2017-06-19 15:51:29,2017-06-29,6eebf7854c8c7cb1db68a7e652e0381b,2017-06-08
365a8708db2878154916b372f72e17ef,6816cc08a7c9ef50ff5bde38948ea97a,delivered,2017-05-04 19:35:21,2017-05-06 02:15:56,2017-05-09 16:53:19,2017-05-15 15:48:06,2017-06-07,160d2ef1a6e33ce2b48efc9686cc5443,2017-05-04
0e717e310af82d130a1d253cd5fe8c7c,bd66d303f3c88fec12d78e527e6935b6,delivered,2018-03-11 14:54:00,2018-03-11 15:08:02,2018-03-12 23:08:35,2018-03-16 17:38:48,2018-03-22,81842ed372f4a8873582eac1ed85f51b,2018-03-11
d3c8fb7435390e64e1e0aeea689d5876,5a11898c695e0fd87e5af9d759ae78e1,delivered,2018-05-30 15:03:06,2018-05-30 15:15:17,2018-06-07 14:07:00,2018-06-21 16:12:44,2018-07-13,90d026bbbc106351cc34fd006dc4ea85,2018-05-30
baa60bd5c28b34fbce8e0ceb1e43e154,8fd0f22cca078db07247ba138cdd1ab7,delivered,2017-06-02 09:40:36,2017-06-02 09:50:12,2017-06-07 13:09:08,2017-06-08 14:42:15,2017-06-23,d661703d12e9503bc9b4606455954677,2017-06-02
bddeec8b20313e26adb47e0293e54a7d,c28158c6e8952017875396edd0720724,delivered,2017-07-12 15:12:09,2017-07-12 15:25:17,2017-07-14 16:23:42,2017-07-17 22:54:45,2017-07-27,cd62ced582fb1a4205ec67833cd42806,2017-07-12
9fa682b62c67e0a25f6231443434828e,3ba828ed485ab7cfb7dbfa9a9d4be1ab,delivered,2018-02-01 17:56:01,2018-02-01 18:43:45,2018-02-02 20:38:53,2018-02-06 17:15:05,2018-02-20,aab0cf2b7b1d9c3fd242397d73ed044b,2018-02-01
2767b7408c48c599a9a6c170ca651252,bc7f652274b9ac7633e16f1f0b4f4576,delivered,2017-05-06 12:16:26,2017-05-06 13:01:37,2017-05-09 08:27:40,2017-05-16 20:30:13,2017-05-31,b3af9d78fe4fc6494e121d9c19f1f775,2017-05-06
8e1a80be84042594d3341864e0f2b082,dc03f3a2dfbf8db2eaf8e4ef491d1449,delivered,2017-06-16 17:35:24,2017-06-16 17:50:10,2017-06-19 19:04:24,2017-06-28 17:08:34,2017-07-06,5d65e26e66cc4ec381f010a14ff19e10,2017-06-16
6c3808960b526766ea7a00ae22c020ab,30475771653cbc88a01817e3af381214,delivered,2018-05-16 09:39:07,2018-05-16 09:57:16,2018-05-21 08:34:00,2018-06-09 15:03:18,2018-06-26,5553a7c7bebd1de19f50e20a851c5eab,2018-05-16
5e8752fb422500b68d03de8db7555dc6,17946ac9a78c1ae62d8f86ba535769e8,delivered,2017-08-10 15:08:04,2017-08-11 04:24:42,2017-08-11 16:17:37,2017-08-30 12:17:06,2017-09-12,7ccedf663c0cde4d0210c10493fac745,2017-08-10
b20687804070fdfcbb7a183e9dd0cc1b,8255e4eaf811ff690f6b153f4a127f0e,delivered,2018-03-20 16:13:06,2018-03-21 09:48:13,2018-03-22 21:29:04,2018-03-24 00:32:48,2018-04-02,803c530613f5c4ee03502be0d6894de0,2018-03-20
60456855835ba53877a944c0ae15357f,88ff09efad1b2b4b8df9b54487ebbdae,delivered,2017-08-17 15:40:04,2017-08-17 16:55:22,2017-08-18 19:23:36,2017-08-21 15:24:02,2017-08-30,968eb2d1f935ee98a92ccb091c6225dc,2017-08-17
93404003d3192d8a2d781361faa129dc,c8728a6ecadbec957fde55e78ca8d03d,delivered,2018-08-24 16:01:28,2018-08-24 16:10:53,2018-08-27 15:18:00,2018-08-29 13:04:25,2018-09-05,7a719658eed0828e426754ed3aa9eb2d,2018-08-24
38a5a268ed9f84995c960ba876ab6952,81aa7cc874954b14415ae4f6da25ede9,delivered,2017-04-11 16:21:07,2017-04-12 16:25:23,2017-04-13 10:41:50,2017-05-06 10:37:14,2017-05-11,295fc02c10baab90b016dc301730af2f,2017-04-11
cacd9b95a18d1b88b7f52fc53c2fdfc9,b351081a9a2105dd6cf855adcd7783c9,delivered,2018-03-25 10:27:10,2018-03-25 10:47:47,2018-03-28 20:21:52,2018-04-02 20:06:42,2018-04-12,af89700cd0afa5b3ef6f5e225caaff4b,2018-03-25
82f71912ce7c7eab50c463a9bc595af6,7e873842536f3366356828354739dbce,shipped,2018-04-18 15:28:42,2018-04-18 15:53:32,2018-04-23 20:42:47,,2018-05-18,7a3640d76de413545c19f51091c1808e,2018-04-18
8d48de810012d2cb59c59d5c4e0442a3,c72f55c752ec2f83a27201eadbb210c9,delivered,2018-05-17 16:54:04,2018-05-18 00:37:31,2018-05-18 13:57:00,2018-06-07 19:46:20,2018-06-08,edf9dfae35a6aeed9098886e41fdd2a0,2018-05-17
e01f636edc7155ddecc78f311b1f2cd0,604478c777eb4011f1f1d6c1eea29daa,delivered,2017-07-01 20:28:03,2017-07-01 20:44:02,2017-07-03 14:14:48,2017-07-06 10:19:46,2017-07-25,26a8f651c4b6734e400909611ad586f4,2017-07-01
dba5062fbda3af4fb6c33b1e040ca38f,964a6df3d9bdf60fe3e7b8bb69ed893a,created,2018-02-09 17:21:04,,,,2018-03-07,2e015e68fbfa36910263df5384e8e45c,2018-02-09
1cd6899e0a2e42420d74de5c4371fa83,d494e80c75a3f57c7e9519c5566e7e6c,delivered,2017-03-24 00:45:32,2017-03-24 01:23:25,2017-03-30 16:22:46,2017-04-03 11:22:07,2017-04-20,d2fc19e08a3659be4d43d8e49c04a091,2017-03-24
60bdf7e8da96474e3d6d9da649ec0141,3a8c5027496b3d2bcc95372e18440c41,delivered,2018-03-16 19:36:22,2018-03-16 19:50:47,2018-03-23 02:33:12,2018-03-27 06:36:42,2018-04-04,72c303776f85c5a1d7481489c6744c5c,2018-03-16
a0ce71729271d271406d1b34bdb1567e,8b0a65f9fafa46ce4ae899a58b1a10ae,delivered,2017-08-20 08:17:52,2017-08-20 08:25:09,2017-08-22 21:03:13,2017-09-02 18:20:58,2017-09-13,ac83908440fdfe664f78758f035e5cf7,2017-08-20
a816f03325c6f977257fa2cf3608de6c,8afa8dff7b454f8577539ac25691558b,delivered,2017-11-27 16:40:46,2017-11-27 16:52:36,2017-11-30 15:58:21,2017-12-04 21:04:27,2017-12-15,ec97f627880030e3a4ff3f92a8fc0418,2017-11-27
275705caa614c75dffeaf1844c1f6db9,fabdbe658d8f6191a286dcf7bd6fb212,delivered,2018-03-08 16:20:10,2018-03-08 17:24:31,2018-03-09 19:06:24,2018-03-12 23:51:41,2018-03-20,cebcaa99901c5d5b662049d23445fff0,2018-03-08
27ad3cde457631774a337c7d7bad4285,bc0f4c2538125d909fe157f49492cfd3,delivered,2018-05-11 20:07:49,2018-05-11 20:30:27,2018-05-16 15:14:00,2018-05-19 13:42:03,2018-05-23,a686195a3b62c95c691dceaf41c27980,2018-05-11
84388531e60d278c958e9ee95c61332f,4598009be484e3c31b4fc19a208d1873,delivered,2017-09-30 10:32:16,2017-09-30 10:51:15,2017-10-02 14:46:52,2017-10-09 21:04:19,2017-10-24,6d486949b7344b0f97055bdb22de4fb1,2017-09-30
1917bf5f0515555c75e933ad9ff2fff4,7571dcec09a46dd321b8339ea64f7d48,delivered,2018-05-08 09:22:03,2018-05-08 09:36:09,2018-05-08 15:41:00,2018-05-11 22:06:33,2018-06-08,1abfa8521f9082c8472f8e180de00276,2018-05-08
459753b1d2402ab3f8eab4f908129043,8fab651496bcc30fd97ec67048600c27,delivered,2017-11-24 13:41:16,2017-11-24 15:53:59,2017-11-28 17:57:08,2017-12-12 23:34:11,2017-12-15,e8a53ce0baadcfc115cd0ab29a5e9122,2017-11-24
8a91fd6aba27185220ed37dd535b3169,7a20a239de1fd2588a4d0397c54f0b77,delivered,2017-05-24 21:02:43,2017-05-24 21:10:20,2017-05-25 14:30:08,2017-06-02 10:48:14,2017-06-21,20555f7b2372553063a07264ff6d3808,2017-05-24
0e5b8fedcf80d4264e236fc26e004068,4e0dd7ffa7e59c722552a3c1b895cdcd,delivered,2017-11-21 13:57:33,2017-11-21 14:07:46,2017-11-22 22:04:45,2017-12-08 20:34:50,2017-12-07,d6059bb448d06028d0bf41c6ec42a9a4,2017-11-21
a7ceb2c5f4181d15cd8566927f5180ae,9d64a2ad8bc1c7e6679a0646442c96e8,delivered,2018-02-02 19:20:13,2018-02-02 20:03:57,2018-02-08 22:16:35,2018-03-01 16:29:14,2018-03-05,56f98f3a059befb5c3c16a07975c8ba5,2018-02-02
3a23294a91e71ba11196b90c9e51d44d,ed8f8a87bb796cbcb23eac0300635d62,delivered,2017-06-07 13:22:27,2017-06-07 13:35:18,2017-06-13 10:27:46,2017-06-19 11:34:49,2017-06-30,eb7d7fbd452d9d74d7b62b180295626c,2017-06-07
e75a94d6e8bdba1aa2a9946c3837a636,dc0a596a36f033e89eeecbbbaa5603e9,delivered,2017-09-01 10:26:06,2017-09-01 10:35:15,2017-09-01 19:12:29,2017-09-08 19:07:34,2017-09-21,8dfb24fac32ec7170821d2be63fa9c1c,2017-09-01
dbb6cbbc98dbc65229f1377c7f0408c7,389443bd63b73ccc36bdc8a8cc810b9f,delivered,2017-08-07 14:22:44,2017-08-08 05:20:15,2017-08-09 14:36:58,2017-08-15 21:06:48,2017-08-29,bd339d25144aff3ed2e478fc25de3bbd,2017-08-07
fb1ff5a3430d6e656729b29ddb15a0ab,1a2ca44429aad2d0351da1b43d8050b3,delivered,2017-10-25 14:39:37,2017-10-27 03:07:29,2017-10-27 18:10:18,2017-11-03 18:41:45,2017-11-13,235090c4bed5547bd98a4dfb54f3a4d0,2017-10-25
76ce04fb3a0994fef44ec461d940f026,9293900075a031646a28dd6dae3c8081,delivered,2018-05-13 00:09:15,2018-05-13 00:35:05,2018-05-15 14:53:00,2018-05-21 13:48:18,2018-06-19,2e82afc308c001606c64ab1f206b61e6,2018-05-13
d4612a92684490006e3edc89c89a7a2b,f8bf72976f888a5dd8c8fbd580eb0e6e,delivered,2018-06-05 20:33:20,2018-06-05 20:52:20,2018-06-06 14:17:00,2018-06-11 21:08:44,2018-07-11,958bdc0c6bc60b27b90087591064a5c9,2018-06-05
0e4672661531addf3fa0f55961e55242,9753c2c195f620cc509d22e390197c02,delivered,2017-06-25 08:11:23,2017-06-27 04:03:18,2017-07-07 19:34:05,2017-07-28 19:25:43,2017-08-08,be2f2a80a6cfb6001c403b7a01c87db6,2017-06-25
43ca87695e0cf9d879038197a3f9f4c9,34c64a1419d05c418e0b79430d90f6b9,delivered,2018-01-23 11:26:24,2018-01-23 11:38:36,2018-01-24 18:59:20,2018-02-07 18:58:41,2018-02-22,ba1997f9834076401380a0350eb52180,2018-01-23
536e606dcf8c48bf1813fe03c14cb6c5,cef9f7f2097c5fa6d84c0fada349b301,delivered,2018-01-25 22:45:57,2018-01-27 11:34:33,2018-01-31 21:32:25,2018-02-17 12:04:25,2018-02-26,04c08b11822a7d91116c2367d363413c,2018-01-25
696a92d8c4f0b9ad34106f5caa0813f6,72a8edc8e8a114c2ac359da8623154d3,delivered,2017-10-29 18:15:33,2017-10-30 19:31:44,2017-11-03 22:38:54,2017-11-11 18:58:53,2017-11-17,937b4aa1130c2c975ca71c9c3679b249,2017-10-29
fa2fd7d7b1621c17e9a3e934e8e2f5a8,96e2d32c707893b312fabc1c8bf98086,delivered,2018-01-14 20:22:46,2018-01-14 20:31:30,2018-01-15 17:33:50,2018-01-16 20:32:22,2018-01-30,d6aa2c12378e9e82832b8e17b85a883e,2018-01-14
3e1a73eb054c586cb259149ffdfd13ba,ed0ba95dfc7b898777db974cf116f552,delivered,2018-03-12 14:41:24,2018-03-12 15:37:48,2018-03-13 19:57:38,2018-03-14 21:22:07,2018-03-22,82bcb56cc9c88c81a65b22ec0159907b,2018-03-12
7fe938a0f8240a6154b0bb4b588ed606,0145c94f89448a156864199db4c3b826,delivered,2017-06-08 21:32:05,2017-06-08 21:45:16,2017-06-09 11:03:39,2017-06-23 10:57:47,2017-07-04,021f9b70becbc032905f24f7e6c2d7d7,2017-06-08
508692b097f28d849a080d75cfcc2ef1,1173ec1c9a13bf9c879db707701d6f51,delivered,2017-12-06 09:50:08,2017-12-06 10:13:00,2017-12-07 20:21:24,2018-01-05 22:37:06,2018-01-02,8ca8b8dc60280d1f97c1c6817655ab63,2017-12-06
bd37ed9b5ef9fcebdc422b5aa9686ae8,b4c2a9be4714f35f06547a07293e022a,delivered,2018-05-24 00:04:51,2018-05-24 00:34:21,2018-05-25 15:04:00,2018-06-05 14:14:47,2018-06-19,5494a11727f3bd095725ff9fcd6d7275,2018-05-24
dd822b10da74cb1d429d84daaa0d47a3,f90ba41dcf61401814d49cd7323d0dd7,delivered,2018-02-20 22:55:31,2018-02-20 23:10:24,2018-02-22 19:04:31,2018-03-02 21:09:42,2018-03-16,0937c271f20fe4781c55204d347ea347,2018-02-20
74dd97481e0ded0e137cdd411fbeb2ad,1e1049eabf1b27be66c8f4c92b2e27ae,delivered,2018-01-29 19:55:20,2018-01-29 20:12:11,2018-01-30 20:39:45,2018-02-01 18:12:25,2018-02-14,905d95a56f0b4fd5866730fdcea9c3ca,2018-01-29
7a84719435249bba3212f78aafb8ffdd,ab94295af203770365849a7b5fc9958c,delivered,2017-10-26 21:33:01,2017-10-27 02:55:27,2017-10-27 17:09:52,2017-11-03 22:21:30,2017-11-16,d184519b3a54179c51fee4a3c1b2749c,2017-10-26
8c9e6ed4aa9e011a36594abdd88d96cf,c532e4017ffa45363d421b91515e2d36,delivered,2018-02-06 23:21:49,2018-02-07 11:55:53,2018-02-14 22:22:56,2018-02-27 10:29:14,2018-03-13,b1e49ddfb3b6bc54e8d43e8f5592abf1,2018-02-06
073fa4be4665f397a289842b1053229c,a6647fe1eda9d07ff6f8084860cc890f,delivered,2018-01-12 16:19:27,2018-01-12 16:29:42,2018-01-17 18:32:05,2018-01-23 22:17:59,2018-02-09,dee6a650840de087ac42c4367bc9baf3,2018-01-12
ff0d5a38b85fbd18f685047969739467,e048275f9fddd7f0c183cc921274bc62,delivered,2017-09-30 16:37:19,2017-09-30 16:49:23,2017-10-09 17:13:27,2017-10-11 19:31:54,2017-11-06,3b76c91308d1f2acacc85fd88fcad038,2017-09-30
4189fe8c734261c2d73d1d42be33b3e4,a2804a5315ad861866e3d3b39295ee40,delivered,2017-07-04 14:07:49,2017-07-05 03:04:11,2017-07-10 19:37:41,2017-07-17 20:12:34,2017-07-26,3bdc35851ecb5a867c557946242a83a3,2017-07-04
623d0f3703e6f2ff3e4c041302d92807,ef081a4e9303189b05889884658025ad,delivered,2018-05-19 16:08:26,2018-05-19 16:32:04,2018-05-22 11:05:00,2018-05-24 22:36:35,2018-06-01,936ddf0905ff9e101a7ccc0cb40d5bf1,2018-05-19
057a97c066cbaf1feaba87f5422ce04a,dc1c0469d96faaa29225d6a91f47dba8,delivered,2017-06-05 18:53:21,2017-06-06 18:55:16,2017-06-09 16:24:57,2017-06-13 14:50:16,2017-07-06,401eabb874cf1d6c26a62418c186e15f,2017-06-05
ef5025f48c69b9d957744cd6d6f9b662,1cd53452b9fbe5e67eb6d89448ed09f9,delivered,2017-11-24 14:41:23,2017-11-24 16:52:55,2017-11-30 16:39:02,2017-12-19 12:03:22,2017-12-22,da257c6b246dcb35d5af11ce76d232d1,2017-11-24
f5209f8e33eb54e373ad757623d2934c,c0d6de5a1a3a46e7e24a9661c2fe9f9f,delivered,2017-08-30 09:02:19,2017-08-30 09:15:17,2017-09-01 18:53:26,2017-09-15 20:53:44,2017-10-05,e1607ab0942bd856215a6c03848aac33,2017-08-30
63cd4c6c97737eb374e4b09ed5c1379a,bd503113c9696cd633021943b3d161b1,delivered,2018-07-24 21:46:29,2018-07-24 22:04:18,2018-07-30 14:17:00,2018-08-07 16:41:41,2018-08-22,429d5f2617a825c4df3e372dc5d6667d,2018-07-24
0a92b722c3355980ef37fd1fee068c6c,9fc3f91e6cf5a681040dfcf82a66e016,delivered,2018-04-08 19:50:03,2018-04-10 04:11:11,2018-04-17 00:16:48,2018-05-14 17:42:02,2018-04-27,78021c0a93e7f9339099d2275942c3bc,2018-04-08
fa1d2f55776a28be054d1b1b3c12bb51,655c2888fe0422dbdcc2559caa57d60a,delivered,2017-03-21 13:50:46,2017-03-21 13:50:46,2017-03-22 10:44:32,2017-03-28 14:35:12,2017-04-07,7dfd96a1c03f5f8b64f2fcd801d27d25,2017-03-21
8e41a4552a7f51874a72a22b403160b8,cb9e924bdc43e5388cd12af920059d4c,delivered,2017-11-24 14:29:21,2017-11-24 16:33:50,2017-11-27 18:53:27,2017-12-05 19:52:04,2017-12-19,ab1a705739ee9a4f0dd7c01ded29ac10,2017-11-24
9a29901dd783afb25b9daca2a52ae1e8,9cd5dc9af35a13cdb631b0899b32387e,delivered,2017-09-22 01:40:53,2017-09-22 01:55:09,2017-09-25 16:48:22,2017-09-26 16:34:53,2017-10-09,1e5067d5cf5782146157fa0b7817ce43,2017-09-22
d072721a35666a6441234e765e92e205,2b111f3294213fd0a9f42c2af5f292df,delivered,2017-09-23 16:08:14,2017-09-23 16:15:23,2017-09-28 21:17:15,2017-10-04 21:32:00,2017-10-20,82a5e0a32808abf9bb604e683dd28b96,2017-09-23
cc947927fd992637599f2b7f487adc7e,64403449ad39bc259393a53633275196,delivered,2017-09-11 21:45:03,2017-09-11 22:03:54,2017-09-12 16:35:18,2017-09-15 19:46:47,2017-10-02,9f83696bd5170f8849475ddd32265459,2017-09-11
032a688c9db451501788d95c7f794ed6,3881d142f5438ea09b6ffb21f0fd1ed6,delivered,2017-09-18 21:18:37,2017-09-18 21:30:18,2017-09-19 17:55:54,2017-10-10 19:30:42,2017-10-06,09edd76a74b8c67c3112cf163c55329a,2017-09-18
e75f1bbf23dbdb449cd179f07abb8eaf,4cd4385c6ceedefe721666249895d5b7,delivered,2017-12-05 17:16:48,2017-12-07 16:31:41,2017-12-12 01:48:46,2018-01-13 02:09:58,2017-12-29,9e9e2a8949bc17bbcdeb154d907f411e,2017-12-05
600da00a0c6505a2831ecb9b7ca18c7e,352d9d94c26ab1aa2a06d5eabd10f020,delivered,2018-05-07 19:58:23,2018-05-07 20:11:14,2018-05-11 13:30:00,2018-05-21 13:42:33,2018-06-01,5ea98ccf7ab339d0df0762211877c227,2018-05-07
1222dd8e203987d55f99c5552d41746e,b4d9bdccef2f565308b2564514eba827,delivered,2017-09-11 15:36:42,2017-09-11 15:50:53,2017-09-25 12:23:57,2017-10-03 18:51:27,2017-10-09,ce2e2a8c4706ae863641bf507ed6d2f7,2017-09-11
bf8569849cf96423f89a59792c83184e,46bcc20ccc04bf316305ef8aa6f59d4d,delivered,2018-08-03 10:13:57,2018-08-03 10:30:15,2018-08-03 16:11:00,2018-08-07 16:16:54,2018-08-15,7c9f20c08a4bc9d2e7337e87e29de2f2,2018-08-03
5df5b6ce88b311095393f226e4366bcf,d3a9e9011a910ed8c3b29086a2eae256,delivered,2017-07-19 18:44:39,2017-07-20 18:50:22,2017-07-26 00:14:37,2017-08-07 17:56:51,2017-08-22,161b2eb506dd664bb5d23dc701a14b59,2017-07-19
2b544b8241dd8fff06e4585c901d885e,9a26a1c5188c5c8ca9c88f140e0a8697,delivered,2017-08-03 14:05:45,2017-08-03 15:15:11,2017-08-09 20:08:46,2017-08-14 18:53:43,2017-08-25,65fc554b3febcaf5130b3af6fcf61847,2017-08-03
385ee684756196285e5450358ecf30d3,77f22f7becdc5a932cf8a050b28ce70d,delivered,2018-06-12 18:14:33,2018-06-12 18:46:40,2018-06-13 12:24:00,2018-06-15 23:29:41,2018-07-03,56f7021c161e96a2113ba8d472939709,2018-06-12
96ce8bad186d048ce238079d1022fc6c,6e8c8dc2d1380ee7a963e31ec01885fe,delivered,2018-04-04 16:55:14,2018-04-04 17:09:46,2018-04-05 22:11:34,2018-04-06 20:37:31,2018-04-20,642d2f704499e433075805fd7316cfcf,2018-04-04
830812ac2a32f5c5af831649af03c820,2f184454010f915745b02cccee5dde00,delivered,2018-01-17 07:17:53,2018-01-17 07:29:53,2018-01-18 20:46:36,2018-01-23 19:48:07,2018-02-07,c41de67256519b4440a8b7343f4f7bab,2018-01-17
155ef0fdd47407446e4fd43d34997bbb,c02762b6375491d033f3ac249342ee05,delivered,2018-07-19 15:35:29,2018-07-19 15:45:20,2018-08-07 17:16:00,2018-08-09 14:42:27,2018-08-14,c3d7d8bced9013dbfb195f885a435538,2018-07-19
ccfc23e8a089afcb9b3e98ad1eadb5fc,7517dfb47f94b65d6cfd8b50ee0eaaa4,delivered,2017-09-04 22:55:23,2017-09-04 23:10:09,2017-09-06 22:12:50,2017-09-18 18:43:01,2017-09-27,b730eabb322872fdfd917db9e61dbae4,2017-09-04
ea79e277f80d026f510af11d7813c6d9,cfe2274c73c9048dae0c6708138ddb47,delivered,2017-04-23 11:57:02,2017-04-23 12:05:42,2017-04-28 16:52:51,2017-05-09 13:04:00,2017-05-29,19f67f29e98ad51ae3d788625e10c038,2017-04-23
424c7f648ec1a188ab3f51a67cbd2e12,95684bf2d7b6a3587ddacaa82a3f5ee6,delivered,2017-11-02 22:46:46,2017-11-02 22:55:28,2017-11-07 19:57:13,2017-11-16 17:38:52,2017-12-05,8bd209813497e7fc9ff84d0922094dd2,2017-11-02
d57972b73a27f652ccf86430761823d9,f20d883c319a6547c3fd39d25c8e0c54,delivered,2018-04-02 18:00:26,2018-04-02 18:10:18,2018-04-06 23:49:47,2018-04-12 01:03:19,2018-05-03,34e39382b0e4b079b9e9b743f6dd4d6b,2018-04-02
b7705b2fe11703e8b7e9cf02ddea50f9,d5e9a2e59b5f17096a12822f556ac07a,delivered,2018-06-20 23:39:24,2018-06-21 01:17:14,2018-06-21 16:08:00,2018-06-25 12:21:08,2018-07-13,e19f0bf5f0da34f9903502be9b0927b4,2018-06-20
6cc24bf6c628c261d2f9f0f7eef52a93,2ea3c1a8474fbd79dc4862f7ccf26ced,delivered,2018-02-22 21:58:26,2018-02-22 22:10:34,2018-03-01 18:46:59,2018-03-27 16:32:36,2018-03-27,aebd72416330dcdb02e8d478fd81c9f6,2018-02-22
74307d89ea137d75c1300106f5aec9a9,5a55d3e6c1dba9bf959f949dd7b91095,delivered,2017-05-25 11:43:12,2017-05-25 11:55:24,2017-05-26 04:55:37,2017-06-01 16:46:40,2017-06-19,e62b03b858ffa7b0dee947152bbf4bc6,2017-05-25
73d0ad16085b5c415b4bb7ec496ac0c3,db7456b6b398f8dd62fd7bb6c28d59b3,delivered,2018-03-17 16:29:08,2018-03-17 16:49:33,2018-03-19 22:48:43,2018-03-21 00:14:49,2018-03-29,4d35d296ef6046c915c8169429b14a32,2018-03-17
c66aaca1cdf9bf8776f676b7398f8feb,fa087843ff42cf337317d1f3f62fb18b,delivered,2018-01-27 10:40:48,2018-01-27 10:55:07,2018-01-30 14:26:09,2018-02-05 20:52:09,2018-02-20,34934e77f99973267ba7e7f1ee3654a0,2018-01-27
7b1ac4e60f6fa1bcc21cbd258f6ea1bd,828ad019f5604b99cdc428b0cb245e11,delivered,2018-06-06 11:53:02,2018-06-06 12:12:53,2018-06-08 14:02:00,2018-06-14 16:58:43,2018-07-12,f17c0ac16cb1d1f78369586fbcb1345c,2018-06-06
953924bfb9b567973c9f02020eb17eab,55c46824828ced3be243bdac63ab61b3,delivered,2018-05-13 21:46:24,2018-05-13 22:13:44,2018-05-15 14:27:00,2018-06-07 19:56:31,2018-06-08,3e6ee816aad8242adb9c7f34c5499921,2018-05-13
30f787b535ed54e933946a6da76246fd,6318d5dbc7a0bcd4f0d7433daba1dcba,delivered,2018-04-27 15:42:37,2018-04-27 15:55:23,2018-05-03 15:12:00,2018-05-04 21:04:05,2018-05-10,0eff4c92d2eb60e1f21f452eead1751c,2018-04-27
8b2f6212e3a5681805601bad0a43905c,8f939afa25f8867ec54f75175da0af11,delivered,2017-03-08 13:19:21,2017-03-08 13:30:09,2017-03-09 09:40:27,2017-03-13 12:21:55,2017-03-30,6994bd18f921604a7f0df000dc82392e,2017-03-08
cf3c9d37ec74339e66e6fe4daa089fe4,0079368290cd7f161d62e7df9377d8ce,delivered,2017-03-13 14:39:34,2017-03-13 14:39:34,2017-03-15 14:55:14,2017-03-20 14:51:28,2017-04-03,a6da63180c0d5fdbf5834fb3d3a8dc72,2017-03-13
e53a8a6728d3ba5c3662929455d7a6d3,f2620c7f70e8cf8c8c53de4ad4a80ff1,delivered,2018-08-16 22:03:02,2018-08-18 02:50:59,2018-08-21 15:11:00,2018-08-27 22:18:43,2018-09-03,49fda5633989ae0e429cc3078998ac51,2018-08-16
d4501b76dceffd5cb10f4d720e6c3ff2,be78a8397ca3f5cded7a58282e947d14,delivered,2018-05-08 20:08:50,2018-05-08 20:54:53,2018-05-16 13:44:00,2018-05-25 01:18:22,2018-05-22,1c75b543c8334364d9486bebaf41e29b,2018-05-08
21938ab3a8cc42a797d428700bcf04ee,e20180b079f2d5685df5563e2483450b,delivered,2018-01-21 21:10:31,2018-01-22 14:00:17,2018-01-31 10:53:25,2018-03-06 21:49:32,2018-03-16,9901546c835f089a1f5aa8488616cc4b,2018-01-21
cf0c47c42ff868bcd8e038ee2945c1b1,faec088f82ee22f671f583451ad4849b,delivered,2018-01-27 12:41:10,2018-01-27 12:53:31,2018-02-01 16:50:56,2018-02-17 14:08:59,2018-02-20,919923f6205663e32da6f606fdadd369,2018-01-27
1476819dd3e3d7fc87ee304b36af52bb,220a5e8e54c1b22d364f575732551774,delivered,2018-02-27 15:19:43,2018-02-27 15:35:33,2018-02-28 22:54:40,2018-04-17 15:51:35,2018-03-28,eb0e5574970c86d09da707317e2a7cc9,2018-02-27
01b241fa1421c8284e8c1029a503360f,fd3aaca05dc7738e405ff6669a5bf7f0,delivered,2017-11-29 23:32:52,2017-11-30 00:25:28,2017-12-05 21:41:24,2018-01-15 16:18:34,2017-12-29,328dd6e3fed7a5e91ed7d9aa558f0bd0,2017-11-29
84b8aa364340ac5264c756bf7cb88c7e,eb33101eb2d193da1fb3cd894ec44544,delivered,2018-03-13 18:20:46,2018-03-13 18:35:29,2018-03-14 20:27:34,2018-03-22 13:42:36,2018-04-11,8a0f2d8291c6c4ee8a491b325bb5b64a,2018-03-13
221ec4c4f942cf32d965d9a70a188b75,63726785895b4f00d302a0ad74d6fbab,delivered,2018-02-28 22:39:26,2018-02-28 22:50:27,2018-03-08 18:17:05,2018-03-12 16:32:29,2018-03-13,804d68cab16d3e1422774ecb9b737bb7,2018-02-28
3272770f15ff5da42dc4973b1b179552,e4eb839347c15a4998942e6ee3a032a2,delivered,2018-06-20 14:44:03,2018-06-21 03:38:42,2018-06-21 12:20:00,2018-07-03 16:41:19,2018-07-24,b496bda4b2d6934b9e731a96889fd89e,2018-06-20
fff6b8ca971f8e3ec822e99d0f2d3d21,2aec499f94f5e82786629a84b816ffb9,delivered,2017-09-15 11:44:46,2017-09-15 12:04:29,2017-09-18 16:47:13,2017-09-21 19:34:19,2017-10-04,c71a196d46a70ec611f3922db5755d1d,2017-09-15
386e1d515c86ae0c848135e34e109c6d,3a66c9f9a3d8b6ad570575d6222e02e1,delivered,2017-11-24 13:03:34,2017-11-24 15:14:24,2017-11-28 14:17:46,2017-12-04 19:11:59,2017-12-19,2c58b40e06692ebb87801b26f543f40b,2017-11-24
d93d9db59fc92ea85f60e36901b0d20b,9cb14de38fcd859ae0dabd86c173f38b,delivered,2018-02-16 16:30:42,2018-02-17 03:50:30,2018-02-20 18:51:46,2018-02-28 21:56:45,2018-03-12,b17ed96ffdf66518b4cf65e328298e7b,2018-02-16
91d2f27275e4aa9d45bca67efd2db2eb,38bcbbaec8a2b792bbe4b14bd5451fe7,delivered,2018-05-19 10:17:44,2018-05-19 10:30:50,2018-05-22 07:29:00,2018-05-23 22:51:53,2018-05-29,1e87bde63f0c69ced8c89104f60fadf7,2018-05-19
d34e326c0b15c4b4a481ba1376687e75,4eef378ad98a010b62ff45bf2f9bdcfc,delivered,2018-03-25 11:05:58,2018-03-25 11:30:28,2018-03-26 21:12:02,2018-04-05 20:38:36,2018-04-13,1c3e84ea9c122476f6079b8a8f255941,2018-03-25
e63f16fab229756ce58f86d40747944e,0c8fca0ebf003ce1352d04675da28d70,invoiced,2017-12-11 12:22:24,2017-12-11 12:31:01,,,2018-01-12,92b254d8ea10b8b91587f05411c648ae,2017-12-11
d1ac79e195d42ffecfe5abe8428c6535,a43b9483961041642fa607e74f87b912,delivered,2017-11-27 08:11:49,2017-11-29 08:16:44,2017-12-06 10:15:43,2017-12-23 18:22:19,2017-12-22,5322efc4ed651ee4f92b9e07d4af5eaf,2017-11-27
512ba2efae3409f37660ce26199b32aa,f760951c8c3d425beffe0ef8369dd880,delivered,2017-11-28 10:14:23,2017-11-28 10:40:39,2017-12-04 15:22:16,2017-12-28 00:54:59,2017-12-21,8437a9f9feec84225c9149338f73317b,2017-11-28
45076151b8ea416cffebd82f5013905d,0b5ba46cf03cfbe33cb831c793b78614,delivered,2018-05-20 16:07:46,2018-05-21 08:17:38,2018-05-21 15:10:00,2018-05-30 18:51:34,2018-06-08,902814c1c8358134a2233279c4e8463d,2018-05-20
3f5e0a232057280398c649839e3fc4c7,51fa33cd27ea50e70804ba9599ea32fa,delivered,2017-07-14 19:56:13,2017-07-14 20:10:13,2017-07-18 16:49:09,2017-07-21 19:37:36,2017-08-14,73c977e84e17260be32b95fadc300b10,2017-07-14
18b3b5404f523379b23e3eed42639acc,ddce5ee9d690ebebadef1680436cbfc9,delivered,2018-03-07 09:07:24,2018-03-07 09:28:46,2018-03-08 21:08:37,2018-03-23 00:14:25,2018-03-29,68f3739eab251b4c19d5b89001be4e99,2018-03-07
bd0ece9767b9088d339d9f68ed6a4738,baf6ad0e2d1f7703ffa952b94ace7f81,delivered,2017-10-07 19:25:21,2017-10-07 19:49:59,2017-10-10 18:08:13,2017-10-20 20:33:48,2017-11-08,49a9dcd1756f7c4f988bdd0cedd5bf9c,2017-10-07
ce4cd882c938dbabdfdb5637c78cc088,cb6284bbdb4fcc704700310867efc4b3,delivered,2018-04-05 11:51:59,2018-04-05 12:09:34,2018-04-10 19:13:46,2018-04-18 18:03:36,2018-05-11,8e80fbe49e4d65754475b032a960fd43,2018-04-05
c51937c0ea3f397cbf08be8fbdce3730,68809414f9e0cf7bce8d8b29b23a319e,delivered,2018-07-12 15:03:20,2018-07-12 15:15:19,2018-07-18 16:23:00,2018-07-23 19:56:28,2018-08-09,04ef415f1d1c565ac89d4c345ae6fc40,2018-07-12
fcba992b4475ba26d07f17a27a23096a,fde66b3c6ed3cf7f551ff6db24a580d1,delivered,2017-10-20 01:40:52,2017-10-20 01:56:12,2017-10-20 18:09:18,2017-11-06 23:28:50,2017-11-17,858002e3ebd72c4d7a539e7c26020bc9,2017-10-20
1591f1de66fc6657c009d107db35c4d2,04361b218639fa1eea85ab84aebcab7f,delivered,2018-02-08 19:43:13,2018-02-08 19:55:26,2018-02-14 15:30:44,2018-02-24 13:53:26,2018-03-07,dadbd996f437b5230f82ad00de17a4da,2018-02-08
acb4c1925f0ff9c7cd6467f5606048d3,93fceba85d3875c64e2f3c742ee72e06,delivered,2017-03-18 17:09:49,2017-03-18 17:09:49,2017-03-21 15:03:34,2017-03-24 11:44:49,2017-04-06,cd3be5ca81c09c8199082f0f7a113fb9,2017-03-18
7c8582fc7ce51a091fe83cb5efa4e84e,78b2c378bfab658007bb6c5ae2b09829,delivered,2018-01-12 14:57:31,2018-01-13 14:52:30,2018-01-15 17:24:46,2018-01-17 22:23:33,2018-01-31,1ee2784815618a9115a6f5ef12a69d1a,2018-01-12
496879e6aacb9458a76bff96eed3c201,8e3760cfa61e9800fe663c7ff9f43ec5,delivered,2018-05-18 10:12:23,2018-05-18 12:31:40,2018-05-22 13:27:00,2018-06-01 17:32:39,2018-06-07,0427f91f14294337ecae198745d6a95e,2018-05-18
822439c9a01bc64ce644063229f3edd1,1878256be6b16ab5f7759b1c7d7f4903,delivered,2018-05-29 16:48:42,2018-05-29 17:18:04,2018-06-04 11:01:00,2018-06-13 16:06:36,2018-07-04,933755e9d88aab7b7fa272268ecc7888,2018-05-29
620ea07d40c8834b597d0eba70441dc5,9bda75a1455bb02fcd35736974cd9b5b,delivered,2017-04-14 09:40:26,2017-04-14 09:50:12,2017-04-20 16:24:25,2017-04-29 08:47:52,2017-05-17,a2c29b59dba7de05c2d0f221b984f7ab,2017-04-14
9171d836da11db31ce6c50f2ebbbac3e,a1cd7aead5b4948681cfcf303b3b5845,delivered,2018-04-04 15:04:00,2018-04-05 02:08:33,2018-04-10 00:42:40,2018-04-13 02:58:27,2018-04-24,bc53fa6fe784dfc008612a79f5fc0e3a,2018-04-04
e7f43c9d5f7368426c44a239394c88c1,208f0d8197eebd27794e170ae03baeab,delivered,2018-01-10 18:23:37,2018-01-12 02:35:25,2018-01-13 02:11:33,2018-01-18 21:06:02,2018-02-02,c87782178caffd5f144489db539f644e,2018-01-10
441ea67107244e89c39b195d9837f13c,4821b2cbe033263dc2acf2746d26e4ea,delivered,2018-04-05 19:10:04,2018-04-05 19:29:46,2018-04-07 01:30:52,2018-04-11 18:56:42,2018-04-24,336d51881728b27be1a3bdf203f4d84d,2018-04-05
d9f834b712ac280bbbbcd7a3114c240c,01268a9cd062a41dbaebe24bd8b07cbf,delivered,2017-12-03 17:28:22,2017-12-05 17:34:05,2017-12-06 21:09:20,2017-12-07 18:56:43,2017-12-20,3a75fe04b67f463a4cbb5cd665321cc6,2017-12-03
ac9d3c6f71261fcb42ebbc4e4c217158,1d8e6f4864a4020b702ea9c27919395c,delivered,2018-04-11 07:16:27,2018-04-13 02:15:26,2018-04-16 18:41:31,2018-04-30 16:38:30,2018-05-07,fce4df7a49f7738c2d83e1aa5f7688ae,2018-04-11
48ea816d75222e26e37782d2ebe2ea5b,f352c906cb7fc6cd2a5c6418dae23102,delivered,2018-08-08 17:42:25,2018-08-08 17:55:09,2018-08-09 16:08:00,2018-08-15 21:51:19,2018-08-20,c16bb123fd0f6a23dce5ff04d9f43436,2018-08-08
36f66ebfbd144aa6fb39338bd87b0bf9,31d62517aee3298dee0ace2f38dc8bb4,canceled,2018-02-26 00:11:02,2018-02-27 04:31:24,,,2018-06-13,b440e4b2919c01d29cebadaf09ef7272,2018-02-26
3f003568147c785083d014edfba38c48,72d90899884781ae2fc19e49cc102fc0,delivered,2018-06-18 16:58:12,2018-06-18 17:20:37,2018-06-26 15:27:00,2018-07-02 22:49:09,2018-07-17,35da8188d2ec392ebd41e4d29d68c14a,2018-06-18
38aa97b92f4bf145ebb05ef8fac968ce,4e989a498f4bbc6d8ebea20b82dcd07e,delivered,2018-06-26 09:51:24,2018-06-26 10:18:03,2018-06-26 15:10:00,2018-07-05 19:32:15,2018-07-27,f8fcb6f6782c405d4ddd8dc0da26cfb5,2018-06-26
d33a52afa37dd9de6958cedae3be455e,11fa2de1bb5510a94dc0f632cda6dcd8,delivered,2018-05-20 21:01:14,2018-05-20 21:15:12,2018-05-23 14:57:00,2018-06-06 21:42:41,2018-06-12,d1868c53d6ae108f01e3df92a8d5401d,2018-05-20
5038506ec2dd435985c9a1b5a092c82a,14c1bf6fe65bb17158b3cf732d2f1030,delivered,2018-06-12 00:09:55,2018-06-12 00:40:02,2018-06-12 10:04:00,2018-06-18 19:40:55,2018-07-30,e8efd904f5cac24b5419e787e410725e,2018-06-12
3e6cebc1c7e80e0a04824f7bf40eb239,afc7e7baf3a9a8ca3e8bc623ceb4c7bb,delivered,2017-04-30 21:06:42,2017-05-03 14:25:47,2017-05-04 12:29:58,2017-05-10 09:13:56,2017-06-07,a827768579aafd9fea7efe10a7a458c4,2017-04-30
dcf51b3ba4cb3e45b46d4700e9d2d372,ace4afd0542aa350c02e981fef5b7e85,delivered,2018-02-06 13:57:42,2018-02-06 15:55:44,2018-02-09 00:26:42,2018-02-19 23:53:09,2018-03-05,a005cd5aabe879cfb2c250c7e83d817c,2018-02-06
a3d151c2ee996bb54d0d9f7cc83c5746,4ad3ae9fff4c9785fc6f64119e984dd5,delivered,2018-04-11 10:48:10,2018-04-13 13:29:44,2018-04-17 14:32:56,2018-04-23 20:56:57,2018-05-08,1234ccd4e0b359525af98b7d68ea4a7a,2018-04-11
bbfcb9e2e2d656df90c1e837f5f47c09,8445a2ff04289c3f6c1d70dc60374f4c,delivered,2018-04-24 16:28:48,2018-04-24 19:10:24,2018-04-26 13:25:00,2018-05-09 14:46:41,2018-05-25,3401b2c012028523ff2264050b7f68b3,2018-04-24
8a39418f537f1331c452e7aea5bffb87,a5c7b19053987167d1b44ebe65e5dbe7,delivered,2017-09-12 07:50:04,2017-09-12 08:05:37,2017-09-12 19:47:52,2017-09-15 12:16:57,2017-10-06,114886384ffe882fb734de722e614d72,2017-09-12
44ce4717fa02c8f0fb032b88cf45b8a3,52cb889b339c853bb6476e5601de2e58,delivered,2017-05-26 22:34:37,2017-05-26 22:50:14,2017-05-29 08:58:32,2017-06-01 16:24:58,2017-06-20,4f034a3aadb89d23a7ac701def40bdbc,2017-05-26
80341e701b91f4e9f068a3ec40fb0440,006d300ffcb82917c9866dd5a507dbe6,delivered,2017-02-16 15:53:00,2017-02-17 02:25:15,2017-02-20 15:17:35,2017-02-24 16:07:25,2017-03-24,2ed2d94955614ec3262ce7575ef997f9,2017-02-16
3c16692a1dd481962d06a7f55598d8c1,0ca3dcec8d4eb3a6c7a7759fe9a74b82,delivered,2018-01-21 13:32:32,2018-01-22 13:50:13,2018-01-23 16:54:38,2018-02-23 22:26:41,2018-03-02,75a7d872f548c66b47649a8ac547ca08,2018-01-21
2b80bbe860a78a5c399ce50fd730c376,2d3af39a7671478e882a9e390007f6c0,delivered,2018-01-31 12:39:32,2018-01-31 13:46:59,2018-02-09 00:49:08,2018-03-03 18:39:04,2018-02-23,84d1ce20856eea1aa76572c618c78c79,2018-01-31
d2fee8629e0a482149dd28013ac6dbe5,d94dd892998e1f07d4a84e9475d6c05e,delivered,2017-08-03 13:04:46,2017-08-03 15:25:20,2017-08-09 19:23:49,2017-08-16 19:34:26,2017-08-25,e8cb0c78d44d572d96674d666f082fed,2017-08-03
e8677219f75f7697fa8f9fdb8ee8497b,b4b0ca9e4baf76925883b0f33924c74d,delivered,2017-12-13 18:25:19,2017-12-13 18:32:27,2017-12-14 19:18:55,2017-12-22 21:02:50,2018-01-08,f72a04adf7b3160e3d4cad5c3bf43989,2017-12-13
6f6b240506c5b26a3ef1bd743b8b5d37,dbc848ab648ff35d09fab22b07d525de,delivered,2018-01-28 17:51:28,2018-01-28 17:59:39,2018-01-31 20:21:19,2018-02-10 00:18:34,2018-02-22,eff56edb6d7488993c508b8f1b08dc53,2018-01-28
8837cc02b9f2696152b7c99ea0c1b39e,328625c1a96603950042ecbc70c6806d,delivered,2017-10-04 10:23:30,2017-10-05 03:04:12,2017-10-06 21:37:44,2017-10-11 23:09:29,2017-10-26,a30b63f11db2462bb08dde430a2951ab,2017-10-04
b047dac5341ea96271595f661f547ede,6ec6484eddf235f3a0e07223fbdf2d4e,delivered,2017-11-21 08:24:21,2017-11-22 02:56:31,2017-11-23 01:26:50,2017-12-07 19:49:54,2017-12-07,13bf0b4120921402dff563cda4383ff6,2017-11-21
df2887ca6744389b31fc5749e30a6efb,234de0249c0d24e311ce8652294385c1,delivered,2018-04-09 19:47:31,2018-04-10 19:49:56,2018-04-11 18:58:46,2018-04-17 01:36:31,2018-04-19,b550cd5d9d6355b6083a710d713cca50,2018-04-09
cfed34f41af534e5a559e99136d02ba5,ae3462b3c800713251a4735764c7f4bf,delivered,2017-12-04 21:12:17,2017-12-05 08:30:42,2017-12-05 21:35:58,2017-12-08 01:22:41,2017-12-20,eebbddafadac7e478032d6aba18ec6d4,2017-12-04
e00ed9d20c3479f9f0e9727ca9d60946,9eed0427964fdb6119f95015282a94b2,delivered,2017-12-17 10:50:19,2017-12-17 11:14:09,2017-12-20 20:09:35,2017-12-21 17:39:59,2018-01-05,b8d31a82b1bb71983bbc08e4751baeab,2017-12-17
16b234c91594ce8b1ebcee5e422610f1,85a033dca01f74927fd9b30bcd7351f7,delivered,2017-11-27 00:05:09,2017-11-27 00:19:38,2017-11-27 16:43:06,2017-12-04 19:12:28,2017-12-18,20ad80734927e955c16a2da4c9a3d7e1,2017-11-27
80856e464d96ed6573219f5d65fc7f3e,a65586b39286f01b1a697f36d7364add,delivered,2017-06-22 17:39:58,2017-06-22 17:55:11,2017-06-28 14:45:06,2017-06-29 17:59:47,2017-07-05,2fb76804eca95a9fdcaae30febca4cd4,2017-06-22
6ab7569ca759f8bc38432f315743fcd3,46402f6f38e465b425db684e5987718c,delivered,2017-10-25 11:12:59,2017-10-25 11:28:44,2017-10-26 18:12:51,2017-10-27 14:42:28,2017-11-07,958fcbab6e3dd6055d6d399ba25fb366,2017-10-25
a94ac257ec55877ef187acca90a312d5,d4b49904ad9b69fcdff1dd8dff926eed,delivered,2017-11-23 12:58:25,2017-11-23 13:09:13,2017-11-24 14:28:48,2017-12-05 23:56:49,2017-12-13,0c8d4e17d9796f0bb0a6dce5554d1d88,2017-11-23
6d3387429df1d01b1fd17ffe1b631d31,f72799af1d2b8d7b0df5179db6c85128,delivered,2017-08-30 10:24:57,2017-08-30 10:35:10,2017-08-31 22:42:46,2017-09-06 19:57:46,2017-09-20,a744b1dbf3e91da28e574ce48dd3f85c,2017-08-30
241adc087f5732067fc042dceb9cc6da,8bac337f299a513e8c90b9fe96b12dd1,delivered,2018-02-07 11:48:20,2018-02-19 09:06:52,2018-03-02 17:23:28,2018-03-06 01:05:18,2018-03-13,2dd7f52683f631651a5d94056935e1e1,2018-02-07
94efba2960b135b735b57b7da59cab23,dec279f41d4f2631279947edf78abb3e,delivered,2018-03-18 17:17:42,2018-03-18 17:30:51,2018-03-19 22:36:26,2018-04-16 20:24:23,2018-04-06,4b25f866232ce890939c85623bfa9605,2018-03-18
cc8412c7495b3d013e638dae26f04c9a,c58d940e46fef3a1ccee5f0839fb5442,delivered,2017-08-22 12:06:26,2017-08-22 12:26:32,2017-08-23 20:56:05,2017-08-24 15:28:14,2017-09-04,c2ddf07ff31aca9c92ea28a338b71549,2017-08-22
3d5651800efaa81c9c96808ded6f145e,2a882786bc3a3af530ed3405b171b09b,delivered,2017-09-16 19:36:06,2017-09-16 19:45:39,2017-09-18 21:51:46,2017-09-22 18:02:43,2017-10-05,9f8de381fdef39745ec9329147b4541c,2017-09-16
848cde78cd7e1fb3095502b79217a7ce,01ea69b195809e2a8a932de44d8c0f73,delivered,2018-08-09 15:53:34,2018-08-10 03:24:50,2018-08-10 14:54:00,2018-08-20 15:15:00,2018-08-27,f8225ebff85ec458f5ccaf4adc3d2dbe,2018-08-09
ab7bbcf90a1c2d1b7cf184cc23e18af8,6d7f7138d2c8c74549dd30dc4e2d56e6,delivered,2017-11-29 14:40:33,2017-11-29 14:58:45,2017-11-30 20:13:27,2017-12-02 15:08:47,2017-12-13,9a14a8bafa4097a68f52dd678c82aea0,2017-11-29
08119452a05228b9c7e379abf9622dab,e2422f56e6dd19624c27b58c1d622d42,delivered,2018-06-07 21:35:52,2018-06-07 21:54:39,2018-06-08 12:29:00,2018-06-14 18:44:59,2018-07-03,2fdb6fe6d1df8d097aea2933b16f0d38,2018-06-07
f7c5c5ff5045e13c98901bbbf8e871d4,1d5f7303f8a2248f42cf919af8d77cc3,delivered,2017-07-26 18:22:31,2017-07-26 18:38:51,2017-07-28 17:35:33,2017-08-07 19:22:24,2017-08-18,f7ac7452ae241a5a36aaf9542c2428d5,2017-07-26
55a1bd51649b05cde9220959adebef9b,76775cae519ccd4bba3182a88f444379,delivered,2018-07-20 10:01:05,2018-07-20 10:10:20,2018-07-30 14:17:00,2018-08-03 20:40:41,2018-08-23,0aaf11915029c8b54fd11764b16b4c06,2018-07-20
b52297c2962cf13981238d8a35c0f62c,3ee60392c784c837894f3391360004a8,delivered,2017-05-30 19:27:49,2017-05-31 19:35:22,2017-06-09 13:34:05,2017-07-12 21:56:51,2017-07-06,9a667674750c85328d27c1578b5db5c7,2017-05-30
38b1f1d241fb8a17915d58514c912418,a615fb4a888b6c54964306a7e6f9d745,shipped,2018-03-08 21:43:11,2018-03-10 11:48:30,2018-03-12 22:54:52,,2018-03-29,af616c2f07fb91a3002b491cad4faf75,2018-03-08
45f794057f395c0410ffb2c1cb716d0d,995f438f2c0e4a674739dabf0399ee4a,delivered,2017-08-19 12:23:15,2017-08-19 13:04:26,2017-08-22 09:10:18,2017-09-09 16:52:11,2017-09-27,ed0eda2f8980626afe2cd616da253bd2,2017-08-19
2214cc5b55271606e0beb67cc2d09eef,9af79b39675d49c918269e2888361ed9,delivered,2018-04-25 17:16:10,2018-04-27 03:51:18,2018-04-27 10:05:00,2018-05-14 13:26:55,2018-05-28,d3207d6aa2f0ea52d7412bff13194a2a,2018-04-25
c985ae8fdce216ddf62df687c3504ecb,9393ea60acdf05a4004483c3b7c24d77,delivered,2018-05-11 13:08:50,2018-05-12 03:32:28,2018-05-14 14:28:00,2018-05-17 22:51:04,2018-05-29,19913c41a2d6a9192020f85be51811e5,2018-05-11
db33c2c3cc0b7e95e31b9ea491ece2a9,2366c641ff953db5f1f6b3d7ec2f8765,delivered,2018-08-13 11:51:12,2018-08-14 04:35:13,2018-08-16 14:23:00,2018-08-24 23:18:47,2018-09-03,ec50db31685b81ff1f5945d3365204d0,2018-08-13
df1673f73c6ab875ce62808a1e5e460b,e58233586c7ac3988d6484934d492028,delivered,2017-07-04 20:36:40,2017-07-05 17:42:26,2017-07-06 13:54:36,2017-08-09 15:35:42,2017-08-07,49f4b8e23834d6306a113014a0ae88a0,2017-07-04
206936fdf08a1d23122f1d36c4e0e064,810c7bae3b3fe36cbc666dec01471292,delivered,2017-06-29 20:46:04,2017-07-01 05:04:00,2017-07-03 14:53:44,2017-07-08 14:31:58,2017-07-24,8b36e8604b2eb1eb27e0d1c43fa12f57,2017-06-29
816c0409fb7624265037bcbadc488c2b,ce84bc58b9f9dfb7fcb0b5da67c99087,delivered,2018-04-24 18:55:28,2018-04-25 18:32:10,2018-04-27 11:19:00,2018-05-03 15:22:18,2018-05-15,12a841021b037fbe7d3c859e776ddb8b,2018-04-24
ac1dce035adc8c31bd95b3042286e137,e8b60775fce3a9380e7621fa3d89124c,delivered,2017-04-01 10:21:49,2017-04-01 10:35:19,2017-04-03 15:27:55,2017-04-06 16:38:20,2017-04-26,aedcbd139350338facf98d925e36b9b0,2017-04-01
ffbf724743bab15cd008f066b4cf0031,cafddfff0e5702e30d987bfea1a4b837,delivered,2017-12-15 00:09:12,2017-12-17 00:51:50,2017-12-19 15:47:05,2018-01-03 21:59:12,2018-01-10,9fc3d8486244b62f17f24a156b1cb560,2017-12-15
7d265b674601988f57e127c10abba93a,0f3c6edd9f58c263db53fdb1783a249d,delivered,2018-03-27 09:06:00,2018-03-27 09:15:24,2018-03-28 19:36:41,2018-04-06 01:50:38,2018-04-17,3321a75303831a580b0973bbf54900da,2018-03-27
471af150dabb3b168af660f139fe01db,0cc966a6d82b632386cec199fba352a2,delivered,2018-02-24 10:10:11,2018-02-24 10:27:48,2018-03-01 12:31:52,2018-03-02 22:59:43,2018-03-12,6a76d73b5b2832fc05736775f2369bd5,2018-02-24
edc39c747837ab7258f382372e798824,2017aa1d9a2706825014b8d3aece07d6,delivered,2018-02-26 09:24:33,2018-02-26 09:50:01,2018-02-26 21:22:06,2018-04-23 15:17:35,2018-03-26,a50832cd09553f9885834a7cb66e16ba,2018-02-26
07a95f982477a213f498dba6bd405372,08e5ed5ac7e17524347b55e9db5e8692,delivered,2018-05-11 10:18:31,2018-05-12 03:15:09,2018-05-14 14:44:00,2018-05-18 15:32:18,2018-05-21,6e0f804fbab9756e54970777c3de50f2,2018-05-11
486fd37a365a65189747be8c6c4f05af,32b231f4bb38d9d9670c5512f7409b34,delivered,2017-11-24 15:05:45,2017-11-24 17:19:44,2017-11-27 17:18:46,2017-12-08 13:14:50,2017-12-21,b9843d7f891fc73171bcea3da44c0e27,2017-11-24
b63e40d0cb9e669bd347c6a060033299,7ebd893a2bbd6d8ee6cc10e19ce6904f,delivered,2018-03-06 00:42:20,2018-03-06 00:55:51,2018-03-07 20:42:19,2018-03-16 15:04:11,2018-03-29,17ca979a63dda173f34124582b248b5b,2018-03-06
e706d614326b76f48f24d82f86c0b2ed,6fd87c3e71f1826c38e560951b6f459c,delivered,2017-02-14 18:12:12,2017-02-14 18:25:13,2017-02-17 14:18:53,2017-03-03 14:03:32,2017-03-23,e2c483395f5aa739622936a3e826921d,2017-02-14
27a940efdd448db29463b53ea0cfa2f4,3b3a94e8869494140c9338cf3034a920,delivered,2017-05-01 23:09:52,2017-05-03 14:10:15,2017-05-04 14:42:30,2017-05-23 17:16:57,2017-05-26,c96dac240f97b3f694b804e6406af73d,2017-05-01
e1e993f6e8b2761005ba148892c3af85,26e3f149ebb280f754d415146ab0ca52,delivered,2018-05-13 00:06:18,2018-05-13 00:15:22,2018-05-14 15:16:00,2018-05-15 14:23:40,2018-05-23,be60631fa17dfa30baba647071f5fd89,2018-05-13
84749c48c0418e2fadb637818cd967e2,8979fb8cbd57e87fad18c4fd0f1ca487,delivered,2018-05-14 17:50:03,2018-05-14 18:10:13,2018-05-15 11:34:00,2018-05-22 13:54:40,2018-06-06,65ed7ff982a1ace0571f9de0914ac7ed,2018-05-14
71d85c2db870a3606e1ef292aec2d5b0,7c81a72e2604e2e4d33c3d3757596c44,delivered,2017-02-07 17:24:22,2017-02-07 17:30:14,2017-02-08 10:42:47,2017-02-21 11:26:10,2017-03-30,cfc4edb67377c3fcbbc3ac1d2012f869,2017-02-07
9d75c13a38478759d01d70c2dd49d06f,34701efe715e4df96dfd1663574d4377,delivered,2017-08-26 11:30:13,2017-08-26 11:44:36,2017-08-28 17:45:54,2017-08-29 22:13:52,2017-09-08,b182342cc23e991164b496005a27930e,2017-08-26
398fd6b442d547df72d50856acac5722,eeefdd738a57bdbadf9eec64a5a5dec9,delivered,2018-01-14 12:23:28,2018-01-14 12:35:31,2018-01-15 16:10:17,2018-01-22 20:58:25,2018-02-08,38933a82e1ea290b1d558b9beaaae811,2018-01-14
650ffb197b3906c90c24293d86fd0dd7,bb41053c4c1907770d38f32a38187d2b,delivered,2017-08-31 21:23:03,2017-08-31 21:35:20,2017-09-01 18:54:30,2017-09-12 22:56:48,2017-09-19,99a1229346d57cc5fcb6d99e4b740c99,2017-08-31
4069c489933782af79afcd3a0e4d693c,5d6ddc4e70e7d06e3b32e2ebd658de6c,delivered,2017-07-02 21:10:38,2017-07-02 21:25:15,2017-07-03 15:21:42,2017-07-13 19:19:52,2017-07-27,b0f3a98136fb0e22d808f855bd430970,2017-07-02
ab1430e26162f925a945d18941057aee,af03e2ac913ef5553ca0b772fd0757bc,delivered,2017-05-18 15:32:21,2017-05-18 15:42:34,2017-05-22 17:12:50,2017-05-30 09:07:45,2017-06-07,cb7b5ca36da3a5a07231cc5057ea24e7,2017-05-18
02a98752595ee9d94c570ad3e18055b4,7bb5b53c7d838d8ca7e94ce809b7d784,delivered,2018-08-02 12:05:59,2018-08-02 13:04:18,2018-08-03 16:15:00,2018-08-07 18:18:30,2018-08-07,272f0ffe236b0bf765e14f5a2b577a6b,2018-08-02
2e240f743fe9574f3e0ae4bf33e43a70,d2981083143557099c192fc3f7935610,delivered,2018-07-10 20:11:43,2018-07-10 20:25:51,2018-07-13 11:55:00,2018-07-24 10:41:46,2018-08-08,b8fbbfbb999eada7bea124f324481dca,2018-07-10
a47f10b58f94c3040d5db5e91ba8b4ef,59ba19787a301a48bee9f11ee4dc8a4e,delivered,2017-12-22 09:59:43,2017-12-22 10:10:59,2017-12-22 21:49:56,2017-12-28 14:59:21,2018-01-18,29b909cd71ce43caa89ebfd289dd01e2,2017-12-22
8e52a68d565e91ac8c01ec9c8e39c77e,055969db327a781fd3d88472468519fd,delivered,2017-12-28 03:42:44,2017-12-28 03:54:18,2018-01-03 20:46:47,2018-01-08 22:21:06,2018-01-23,b69b6115798a2e61e52386ad74cf9371,2017-12-28
b12e06af2feaab15941320b70896b799,249e03e6bd09c9043273de4e6532aa76,delivered,2018-08-08 12:17:57,2018-08-08 12:30:15,2018-08-08 16:13:00,2018-08-13 14:51:37,2018-08-17,a908688302c2488eb2b24d6ab2c4d7d5,2018-08-08
54484ffea00a1f43881bfaeeeaf0dfb8,0586163eeeb604b6a6da218de418c829,delivered,2017-11-25 20:25:18,2017-11-25 20:36:25,2017-11-28 21:18:45,2017-12-14 00:14:15,2017-12-18,8f8ee6a66f1926514d9cf9da08fb26ee,2017-11-25
0fbfebae9c3d582b0057288e551a8c0e,0e0dcbc635c9b39a3b686f7f0b73525c,delivered,2017-08-22 21:50:40,2017-08-22 22:10:34,2017-08-24 17:17:56,2017-08-28 23:12:18,2017-09-12,bc6732dbf4899179ac450bd03c517ff2,2017-08-22
4c9f5051d30feb2d3b0f1aad23e86de9,65da2ee1179a1a7554df6d23f679351b,delivered,2017-06-13 22:28:55,2017-06-13 22:55:39,2017-06-14 15:20:03,2017-06-21 16:15:53,2017-07-06,2c07118c375aa5f75072a62f66cef75d,2017-06-13
5eca045fa695f7cf941f1c96d8a96a78,d6623ead5d1e80efb36ce52ce9f2d83f,delivered,2018-06-24 01:46:43,2018-06-24 02:19:10,2018-06-25 14:43:00,2018-07-02 19:32:02,2018-08-06,3a666ab6b288039417ba4ad2ce43f232,2018-06-24
50a444b891ba3221c5b7c4b48a194ed4,1e871ee754202374f077f3fda15025f8,delivered,2017-10-19 17:59:01,2017-10-19 18:14:11,2017-10-20 16:42:30,2017-11-03 20:56:38,2017-11-17,d8f979fcfc0ce686f6abf5af5f5217d4,2017-10-19
219046aca72bc42ff943222cfa12d616,a0352e4aa2fdae6ed07559c88e1a1c00,delivered,2017-08-22 13:06:35,2017-08-22 13:36:05,2017-08-23 20:22:43,2017-08-28 19:15:37,2017-09-14,3855519123c941dc735353d25756be6d,2017-08-22
1932b344119786d8f945d699f339ee91,821d7f1ff453454fd61a5d19111a0303,delivered,2017-10-27 10:05:46,2017-10-27 10:31:04,2017-10-31 17:06:04,2017-11-10 23:06:29,2017-12-08,c640422ed7d18ac6c4eb52ca8cf0f0c1,2017-10-27
76fa5b8de9baa31b68062dbb6e708dc8,7643af47cba4130f3aff4ea2ebb3caf3,delivered,2017-12-07 13:30:40,2017-12-08 02:53:49,2017-12-13 19:42:43,2018-01-03 22:57:53,2018-01-09,d86250e9b7c928947d25fcca3999b9be,2017-12-07
77ae1cf0361cb41c1637cc79e170c9c1,19f497f0945c930df0d41ff9c0fd1f87,delivered,2017-07-28 11:51:38,2017-07-28 12:05:28,2017-07-28 17:43:40,2017-08-03 20:19:34,2017-08-17,b36c5f5659a4b58e58fdf8ff1aa5dfb8,2017-07-28
e6a2252129858aee352dc9c99712afa9,93d0371714cd516009e4971d0ce6d2d2,delivered,2017-07-31 11:18:21,2017-07-31 11:32:11,2017-07-31 20:53:42,2017-08-03 20:09:43,2017-08-18,cd9814508b4f2a50d5cfc6eb7a423418,2017-07-31
ebdbaab00236fa0a72e234467f0d86c5,16d24890f698c4a886800af32fe96dc8,delivered,2018-02-17 01:24:40,2018-02-17 02:07:51,2018-02-19 19:52:27,2018-02-25 15:13:02,2018-03-19,b5929fbef4a485e47bf2102dbfadeb43,2018-02-17
a8bbc485329f055ce3addabfbf8d4f86,2e661a1348e46a3a18291240f6e1fa8e,delivered,2018-02-14 12:23:07,2018-02-14 12:35:31,2018-02-14 21:41:43,2018-03-02 20:52:28,2018-03-15,b60c8404de6587cab091a3fd0079f14c,2018-02-14
ed00da1e5d293d3fda249e4df6036035,7b96dee726547b301a45154e0eacde00,delivered,2018-07-09 23:30:18,2018-07-09 23:45:13,2018-07-17 13:46:00,2018-07-25 15:41:40,2018-08-01,edb29614fae66506fd950294c9fea702,2018-07-09
9fcf372852e7c46001a305a781628069,cb6a4950e6710f3b8b3857fe72dea465,delivered,2017-08-12 12:39:39,2017-08-15 03:35:22,2017-08-15 17:52:42,2017-09-08 20:22:32,2017-09-05,67ab9445ba8740932e15d488fae4295d,2017-08-12
f7292417c8df8e1099b2604c9a1c5d8d,33d629185fb29367c3549bed6893f545,delivered,2018-01-04 11:22:53,2018-01-06 02:08:56,2018-01-08 19:49:10,2018-01-15 17:15:02,2018-01-30,b653c6086aff5985336c96a5bfc9c856,2018-01-04
29da327955bc0e7d3be1b98d93d0903e,cda14d3d288eb8e572f473dac6f879c6,delivered,2018-08-05 20:19:14,2018-08-07 04:50:32,2018-08-20 14:20:00,2018-08-24 19:46:49,2018-08-30,b021c4914aaf3c673e92473fb1e61010,2018-08-05
284a65b124f634fdf426aa8e768fe8ab,24e2fbf2466ea2ac4ba5541f92c4ef8b,delivered,2017-12-02 21:24:09,2017-12-02 21:40:52,2017-12-05 22:33:23,2018-01-22 21:07:44,2018-01-05,d2f78118eb8ff203a4e4783249ce7e60,2017-12-02
85b1f22218c7215d7cfc05e2a3800d83,0558772fcc9a355ef299a96a5d5531f7,delivered,2018-02-20 09:50:21,2018-02-20 10:07:52,2018-02-21 19:29:01,2018-02-23 22:59:04,2018-03-06,ca55f9ebddc988ee65f4dea1a93ebc98,2018-02-20
298fcdf1f73eb413e4d26d01b25bc1cd,a24e6f72471e9dbafcb292bc318f4859,delivered,2018-05-07 13:20:41,2018-05-07 15:31:14,2018-05-10 13:35:00,2018-05-14 19:02:54,2018-05-23,6e3c218d5f0434ddc4af3d6a60767bbf,2018-05-07
27819e1adc36766f4de3e79fa3b8c04d,0b425602b5219a3697993d0d8595e414,delivered,2017-11-24 23:54:05,2017-11-25 02:53:03,2017-11-28 17:58:57,2018-01-08 10:42:53,2017-12-20,20315d2fd2943f5ee5fd4b4cac993a7b,2017-11-24
10010d54b0ddcd2c4ef9076ac5b16e2c,2f4f35d3e9256161a7ccd6f561707b69,delivered,2017-12-07 01:05:38,2017-12-07 01:15:26,2017-12-07 21:06:44,2017-12-16 17:55:41,2017-12-26,a3c22bbd3ae5d6200ac82078b67eec2a,2017-12-07
97bc7ca0c3993c893f4fd5199e2ae2e8,f4a71d716969f02d7762087de2b32ed1,delivered,2018-01-29 18:42:57,2018-01-29 18:55:29,2018-02-02 17:35:06,2018-02-05 16:59:09,2018-02-14,d731c979f11cf22282a577e00153a925,2018-01-29
cf196f76ab79db89d7a714a242256df1,3cb3b1b0f1de5faea9b536f2c28f66dd,delivered,2017-11-07 22:51:11,2017-11-07 23:06:19,2017-11-16 16:44:30,2017-11-21 21:18:59,2017-11-27,12b62a8d3c4911b9a80b935037842fc0,2017-11-07
98106dc1817ee224a51dc63feb059126,91407787d7bd9fb66491183a8dee3188,delivered,2018-07-01 17:27:54,2018-07-01 17:50:04,2018-07-03 12:28:00,2018-07-05 23:00:50,2018-07-25,5f25063bd0fd1006d687a2565ec6964a,2018-07-01
cf8d72f2d5f3f85c3b72a64842862842,74e3e0cdfd168eacecf2e86a6b2b5723,delivered,2017-11-19 21:34:58,2017-11-21 03:46:12,2017-11-21 18:24:35,2017-11-29 22:02:42,2017-12-08,ae3e48f07b8242fa45f29dca1ce36a08,2017-11-19
5be3afe5bff7f589f89e10c9d3951b3d,f962e5b6318fac20a6411784bf08c750,delivered,2017-10-13 07:03:19,2017-10-13 07:14:14,2017-10-13 20:36:58,2017-10-28 16:16:44,2017-10-31,8f42e9cb526d4a8ea42877dac8c86453,2017-10-13
1afe384f199748cff7a42c9902065560,df646960391593c3f41cd448d84800c7,delivered,2018-08-21 01:45:43,2018-08-21 02:09:37,2018-08-22 15:32:00,2018-08-23 12:38:45,2018-09-19,24a438c52577c3c30ba86532b4166ff8,2018-08-21
2bcf4e578cdef71f59c90c4c50ce5853,f73b6df60b63caa14659aa88829dc12a,delivered,2017-10-29 16:15:19,2017-10-29 16:31:44,2017-10-30 15:27:03,2017-10-31 20:24:53,2017-11-10,804e8e7cd838a3024fd3dc5fbc65e8d7,2017-10-29
7a506b988de5fc1e95e780a6d3282a73,a75a97cfc2467469a68696f39f22b866,delivered,2018-04-06 17:22:37,2018-04-06 17:35:21,2018-04-13 22:02:38,2018-04-18 19:50:47,2018-04-30,4329c6c2e1d758b530cd0366e8985dc2,2018-04-06
c4589f9bf514a6f65302fdb08ae87b6b,b201351377dd577182a072e880c2c7ae,delivered,2017-07-22 22:38:47,2017-07-22 22:50:19,2017-07-24 16:33:53,2017-07-26 10:44:29,2017-08-08,dcc9c0fd8dbf091ca2965710ef45c16c,2017-07-22
13430fd38aeb09240481e4aade4a19fc,e4d96528111f82e5722146c2cc482105,delivered,2017-11-21 23:10:09,2017-11-21 23:16:25,2017-11-22 18:31:50,2017-11-30 11:32:18,2017-12-12,074af7e61ae4b6fe6b2189a9113c26d0,2017-11-21
3af2a81272fcd0c650bd44f53f7e61ef,e9b6f1e10bd93558fd9891138fd98158,delivered,2017-11-30 15:40:35,2017-11-30 15:53:19,2017-12-05 01:28:53,2017-12-11 18:49:09,2018-01-02,29c4f434387f5c3dec4943cf59acad99,2017-11-30
42c58d1a5434d2675b7835a9e8a26dda,2316633184c54853747f4eba40532234,delivered,2018-05-02 11:32:17,2018-05-02 11:54:03,2018-05-02 14:19:00,2018-05-08 23:58:48,2018-05-25,be85a442ce2240355c868a2637682399,2018-05-02
ddee5c5feeb0bf3d7d713fb1192977a8,9dff903e11569e3f1c326a0adcd2d746,delivered,2018-08-20 15:37:16,2018-08-20 16:49:53,2018-08-22 15:32:00,2018-08-27 22:14:22,2018-08-30,f97ab9c166ca8d6f5313653ee439a6a8,2018-08-20
71a66d4b2c8ce258f1034acd58c75226,d8078628ee496926fd629603a9a92064,delivered,2018-04-29 15:48:37,2018-04-29 16:15:13,2018-05-02 15:15:00,2018-05-08 15:48:34,2018-05-23,e8c8fdd0601ead00adacc7679fea8125,2018-04-29
068b7fef63e846d22b1080f9c99f2bd4,a60b68f552d029c7bbbd88d9d876112f,delivered,2018-01-08 10:00:42,2018-01-08 10:08:39,2018-01-09 23:15:17,2018-01-25 16:38:56,2018-02-08,240a0da8c894f0379001f1510d8301e4,2018-01-08
f374cd1f554940d83076f51951f456ac,3b3383604f69a2f6b09b4459e0420109,delivered,2018-06-28 19:24:45,2018-06-28 19:35:10,2018-06-29 07:38:00,2018-07-06 12:25:50,2018-07-24,9952f200aaff063c568e351aa1eec2ab,2018-06-28
928c5b1abd62c91a35df8614b271d05e,e15b9252f5d59b7d2ad00f01909ad1ae,delivered,2018-08-08 23:24:43,2018-08-10 03:05:25,2018-08-10 14:27:00,2018-08-17 18:18:51,2018-08-23,b92e237018cbf3af73cc434dd3bda7e7,2018-08-08
213035a57f21a80992c9c577de9e5484,942e958857fd86d6a3ee59668ea1cdf8,delivered,2017-08-09 11:32:33,2017-08-09 11:45:13,2017-08-09 17:49:40,2017-08-14 21:21:32,2017-09-04,3b102dbfc43b46f6ae984015e972e28d,2017-08-09
69cfaf72cc14e5d3ade9e5f121f74c19,398999978297b981626b0f4524a66dfe,delivered,2018-08-05 10:23:22,2018-08-05 10:35:19,2018-08-06 21:04:00,2018-08-08 10:22:03,2018-08-21,b6b375c8ce95327a2566a1dc4c72d665,2018-08-05
3c2c60ec97f726dbfe5aef326056585f,91b11e2acc1422c03b7aa04534c3bb47,delivered,2017-08-02 18:58:48,2017-08-02 19:10:24,2017-08-07 20:22:52,2017-08-14 15:44:37,2017-08-24,19267b331b891f226fb947a97c98575b,2017-08-02
4f3d999a0ae0716dc5695cf3fa630f34,babf1ac5ad2b84176d68be5045ac8c78,delivered,2018-01-31 18:54:19,2018-01-31 19:11:15,2018-02-02 19:04:50,2018-02-09 19:08:34,2018-03-01,21b8b4dbc28ebddd0fc8b50fd5a2ba55,2018-01-31
2f27666cd55189220c3d790d263cf425,8086d53298aaeed911f410a81eb3b9b7,delivered,2018-04-10 22:32:53,2018-04-10 22:52:39,2018-04-12 22:27:42,2018-04-13 22:32:35,2018-04-26,93999579374be578f56de67c8fae7b7b,2018-04-10
0a82501b7148667eaff8dc8811a58f06,c0971253b7225c85c559bfa40dae5303,delivered,2017-10-20 20:46:27,2017-10-20 20:56:13,2017-10-24 16:16:08,2017-10-27 15:18:04,2017-11-21,bbfdfbd3af995f06a0da9d30e99fae15,2017-10-20
7269a891ee583a35232c78643d422342,4efe086525361180013334e3fb689dc3,delivered,2017-04-29 13:26:37,2017-04-29 13:42:57,2017-05-02 13:08:27,2017-05-10 16:28:01,2017-05-25,e7b519e347cceee02a4298305320f381,2017-04-29
6fe56ea74b5cf6242766596550cd2d0c,75b4bac0d49ed3e3717aeb79f80ffc97,delivered,2017-07-18 00:28:15,2017-07-18 00:45:13,2017-07-18 21:43:59,2017-07-28 18:57:37,2017-08-23,286e2884f952622a05692d141f20177c,2017-07-18
74cc459333ff2b04776fcdc6cf77c528,bf623f05377fb0a53548f51e46ec101b,delivered,2018-05-22 20:55:00,2018-05-22 21:18:20,2018-05-28 10:41:00,2018-06-07 16:47:24,2018-06-20,507cff4bb2b1f277f32e98042c2eacef,2018-05-22
fd71c77a71b5d5d3107284571ec2e894,5dddd4fb5ac360cc2ad914d015f96a49,delivered,2017-02-02 10:28:52,2017-02-03 03:35:12,2017-02-03 12:36:35,2017-03-17 15:16:38,2017-03-13,63ac77645a9ae6f3c923594413ce583f,2017-02-02
24750706d247c4d573cae75ee4372c59,35fd70b44c6c7abfd28a469e9a85f0cd,delivered,2017-06-06 16:12:20,2017-06-06 16:25:37,2017-06-12 15:03:57,2017-06-13 12:50:09,2017-06-20,0c2c1b3fc4d9f572b89df735dc57bce4,2017-06-06
f8bebca5df46ac3fa480fef8376fb24b,bb4fbeef783542784ff2f38a4f81ddb0,delivered,2018-02-13 11:08:51,2018-02-15 03:56:00,2018-02-19 17:32:47,2018-02-27 21:08:08,2018-03-08,991bf31517f1ad4ad10cfaf20c9d720b,2018-02-13
9ad858a48fa48c6d0cf0e7d8e3024d2d,f274a0e24f357993f121fd9f41956f31,delivered,2017-10-30 23:31:49,2017-10-30 23:46:10,2017-11-01 19:36:09,2017-11-07 22:39:00,2017-11-13,b84bbab81298049dc58935109becbbcd,2017-10-30
002955b0acc63d04f6724a31967e82bd,accb4b4ad075d07a833eacca116071c7,delivered,2017-12-18 13:43:54,2017-12-18 15:51:31,2017-12-19 17:51:40,2017-12-26 18:28:29,2018-01-16,f139f07dd192b4c3a1b21082a9c632a2,2017-12-18
413cde030a614ac044fdc905c6849453,fa5bc8f480c2de2027c6f8f1e0e7c392,delivered,2017-10-30 16:34:47,2017-10-30 17:31:34,2017-10-31 21:59:30,2017-11-06 22:46:53,2017-11-17,6b9f0ab331a35b7d166e719ff0df0cac,2017-10-30
6fb5ce6f25d4074eb5a3e0b2ea99899f,12611da2a76afa74430801e7421f22ba,delivered,2017-09-17 16:26:59,2017-09-17 16:44:00,2017-09-19 18:54:07,2017-09-21 15:14:20,2017-09-28,ac1199e07a382c4b92e2bf1e0f179772,2017-09-17
a8913a7a82fc8acaeb44c6e9909944e0,99dd4efeee255127aab6b84d50e1dda8,delivered,2018-05-11 16:20:01,2018-05-11 16:31:37,2018-05-14 15:06:00,2018-05-24 17:12:40,2018-06-06,3af11c83a23dd9fd6c62fb44f971a564,2018-05-11
6c573838baa815157de3db3fafbd60a5,ed55195e5f7b431131890fa5ea06eaa8,delivered,2017-08-03 22:42:11,2017-08-03 22:55:19,2017-08-10 19:34:07,2017-08-11 13:03:21,2017-08-23,0c3582be1ca99cd194b6fa03cfa5f2fa,2017-08-03
ce494340c13f9d32e146542913726ce2,75a5eec268100626448740524990a0e1,delivered,2018-03-22 19:29:33,2018-03-22 19:48:10,2018-03-27 01:13:32,2018-04-05 00:09:31,2018-04-10,b16e43068720bfd4e6bfb416273e8923,2018-03-22
f50b9192b9705d537f9593b595da132f,79750c3cad14c77601081df00c553dd9,shipped,2018-07-16 14:46:04,2018-07-17 06:41:03,2018-07-18 15:48:00,,2018-07-26,6badc45c52b0e9be51885645df092060,2018-07-16
6f7ba3220bb8de6edb65083fa352ebae,d668b4669c35ad98b21bfb74d346f79c,delivered,2017-09-29 14:18:25,2017-09-29 14:39:00,2017-10-02 21:07:11,2017-10-10 22:54:08,2017-10-23,d888f2a730513e235933fcc68ca8285a,2017-09-29
86fc1ff8e36ed9aa98ba49bca26d44c3,86ae4eeeebc064f8fe03f829735ed7ca,delivered,2018-03-02 14:33:10,2018-03-02 15:12:15,2018-03-07 01:13:29,2018-04-18 21:08:30,2018-04-04,50d0e28f36d2c2ccae53befac04a8b83,2018-03-02
0036757472ece3dde52fd4bfd929c90e,ea477083e770db0655938e79149f8c24,delivered,2018-07-19 14:58:59,2018-07-19 15:10:11,2018-08-07 07:45:00,2018-08-09 14:33:40,2018-08-20,be03685420bb977861dda08f4b4088b3,2018-07-19
46300fb44bc5e5cc05d54d33cbc243fc,56e48a07ed300dcb0e37986fde979433,delivered,2018-02-20 11:06:39,2018-02-21 06:10:29,2018-02-23 00:53:24,2018-03-01 01:11:58,2018-03-13,2e642fa075db8661dab42c957cfe6290,2018-02-20
e7a90091a5751ae67d5c457f53bda1fc,0a6a12cfdcffefaf2c8d346a7fae26fa,delivered,2017-08-28 09:59:03,2017-08-28 10:10:11,2017-08-28 16:32:42,2017-08-29 16:18:06,2017-09-08,db78d8fb0bcac2d3cf5564650f634c73,2017-08-28
c17a014d90b55789c507dcd5f28441a7,56873aac5d1189f69b7ff7cd5cde465e,delivered,2018-03-28 10:38:19,2018-03-28 10:50:24,2018-04-03 18:46:23,2018-04-16 18:29:50,2018-04-23,d84a6b03e073a80b99814e42899284fd,2018-03-28
3394ec2a7a1a88bffa56fb92311d8134,cc47c20437a014d9a61422d37359408e,delivered,2018-05-31 15:27:31,2018-05-31 15:51:47,2018-06-06 12:20:00,2018-06-11 20:53:36,2018-07-04,cb8d2ed3e1e476f47981abb9816c2fa3,2018-05-31
3c0b25021f8a09b27020c445b8c9036a,aa0c59490b4fbee45095c10f93afbebd,delivered,2017-11-17 19:57:14,2017-11-17 20:55:54,2017-11-20 20:12:47,2017-11-30 20:03:55,2017-12-11,e5dad1efdda6f8a9163d393717b9800f,2017-11-17
8ee8450594de505503ee786c1a401800,08e47e3be967b5e1881a587720b8a005,delivered,2017-06-04 17:42:46,2017-06-04 17:55:12,2017-06-07 15:06:12,2017-06-08 12:13:11,2017-06-19,2a29f0a102a645fa91fd0feb0485f068,2017-06-04
37aad43a35469ffb431732b5df426faa,2acdf2f6aadbbfede01eccc71529cdb1,delivered,2017-10-14 20:08:40,2017-10-14 20:28:20,2017-10-16 15:03:35,2017-10-25 17:36:45,2017-11-17,9bb28ed7c7fbd7e2392ed20b3fdd9818,2017-10-14
2c898efc01eadc9d297ade3fd9fe540d,cefa00948b23355e8ec172176abe28fd,delivered,2018-01-06 21:22:25,2018-01-06 21:31:27,2018-01-08 16:55:00,2018-01-17 21:07:58,2018-02-05,e3b1f3b205e31ad967dd530e13d6504f,2018-01-06
40965a3a15814c97fdf1c615b2bb939f,370229d420ad45925025e146e0e6376d,delivered,2017-08-08 11:48:30,2017-08-09 03:04:20,2017-08-15 11:04:50,2017-08-23 18:24:59,2017-08-30,75e9dab3435ff8ccafb9d55efd2a0783,2017-08-08
12464d1f4f0401e086966a5333ae812a,7d2cbb8bc15c08b4cfd6099706d53b89,delivered,2018-07-04 12:48:50,2018-07-05 16:33:22,2018-07-05 11:47:00,2018-07-06 16:32:31,2018-07-18,4ebee1080326aba561d90bed5039f4e1,2018-07-04
e1c8db2b171d2ae308661565de58f1ca,a36a9e92d1a188e899ac2c70f7b60b54,delivered,2018-03-05 21:05:36,2018-03-05 21:28:52,2018-03-09 23:25:27,2018-03-20 23:42:29,2018-04-09,720ace72da4dcef85f711cb34f7826c8,2018-03-05
741d4024ced714e4b92ccf04f55ff986,78ebe16d2d68f0635d718e7956935eb2,delivered,2018-03-16 13:21:13,2018-03-16 13:35:36,2018-03-16 22:25:31,2018-03-27 22:44:28,2018-04-04,a7065fb28bf540beba112541b69f7925,2018-03-16
386566ace975071b7888fe4ef940d582,82a84647c8a0b823e43329e50966c0f9,delivered,2018-07-17 21:37:47,2018-07-17 21:50:18,2018-07-18 10:04:00,2018-07-25 13:08:52,2018-08-03,2687af27f5b55c66b1cbfd45fb7b81b9,2018-07-17
cba47f17b35cccac068f7f6cec4d99d7,d227a2f7a4da44f504e9b7e8e97784e3,delivered,2018-08-10 17:43:20,2018-08-10 17:55:11,2018-08-15 12:41:00,2018-08-21 16:16:38,2018-08-22,61d6eaa71eb1a2243e511679e1818b91,2018-08-10
5d63bb487d989ba0efdbe1ff166bd38b,29e4db23d4fe543537f8335c807563ad,delivered,2017-08-30 18:13:53,2017-08-30 18:30:14,2017-08-31 21:57:43,2017-09-04 12:04:29,2017-09-18,ac94b727be67b708b15ff81b2cbb89c9,2017-08-30
4dbf5de576e0e8d18ad0932e1ed8e89d,6585b54dd5ac7f69a3ea0b4c6d6ed130,delivered,2018-06-10 13:20:20,2018-06-10 13:37:06,2018-06-12 13:58:00,2018-06-18 21:18:40,2018-07-11,6e90e6c9f3c5677e9d9ce080b95eb0ca,2018-06-10
aeef04fa986be504dfc33b096ac921df,552e5dad0a117d4b2f536700db6cb60f,delivered,2017-11-06 21:00:16,2017-11-07 04:31:33,2017-11-08 16:46:59,2017-11-13 22:53:02,2017-11-27,c7fa86b24c5659adf36cb075a5e27459,2017-11-06
2d85bf60e590af3f33286c0cf7375f1a,0aa65c8a7017c2e258a2f342fc9de96c,delivered,2017-04-15 12:27:08,2017-04-15 12:35:22,2017-04-17 09:43:05,2017-04-18 16:40:28,2017-05-08,73aa4aebe5b6c731a6d23825b699528a,2017-04-15
b91d854aba08883a55d43af8856e90d8,59558840be0788c25246ef726bf466d5,delivered,2017-08-22 15:55:30,2017-08-22 16:10:30,2017-08-28 19:06:33,2017-08-30 18:20:10,2017-09-14,ea71048df5b452439eab6a6a0b56069a,2017-08-22
b1c868aa288ab0e4006db84876398e68,8f8a5f4584c7229510e983d6326e61c0,delivered,2018-08-01 19:40:51,2018-08-01 20:25:16,2018-08-02 14:12:00,2018-08-03 20:04:10,2018-08-07,1248ef2fd64344a3070e97c07061ce3c,2018-08-01
7b1ae58b5229a97d804f2275f3cbd3ed,d4821ee155d89b0b1b5b3460c88fafb1,delivered,2018-05-22 22:39:03,2018-05-22 22:56:06,2018-05-24 13:27:00,2018-05-28 17:08:54,2018-06-11,28bb17381dcd233eeb29142b4693c257,2018-05-22
e0258e674c59ea50961e9ec45f97b08e,f7bbe0a44247e925c49a54a15a6a9287,delivered,2017-11-25 17:21:10,2017-11-27 17:21:04,2017-12-01 20:49:06,2017-12-08 21:17:03,2017-12-22,c3a56830770228e78ad75e5354234292,2017-11-25
e6e5431f5c825cde6802af0f30bd8eaf,a53162939b980ef55cadd612aecdbed6,delivered,2018-01-13 17:08:06,2018-01-14 17:08:31,2018-01-15 23:56:49,2018-01-18 11:43:53,2018-02-05,6e6c7eab788295b4c4f5879373cc922c,2018-01-13
60d10864996df64e9b7789d51ba03da9,8d4d9c0d24e15be31a852a8f0630156d,delivered,2018-05-13 15:59:43,2018-05-13 16:13:42,2018-05-14 14:58:00,2018-05-19 13:21:56,2018-06-05,d001f22d6b7e8e3b4c322cc83d77495a,2018-05-13
a4c100660bd4f8af58cf90ef7641d5e6,86b054247fca7d67660e38d08900d129,delivered,2018-06-30 10:38:34,2018-06-30 10:50:19,2018-07-02 15:24:00,2018-07-04 21:08:54,2018-07-16,8b94a68b29f6ce8064c9df431542beac,2018-06-30
b3dbda02f0861fee4f3d609a22e904d6,59b5b2d3fb1c8928920f6f3ff243e3c9,delivered,2018-01-13 23:32:48,2018-01-13 23:49:28,2018-01-16 18:54:37,2018-02-02 01:42:36,2018-02-09,c28f4785ee1f68c298874a466cc1445f,2018-01-13
d53fe820dc149e739012c03f9409f67a,256e039b35d85e185b152ef63cab9877,delivered,2018-07-30 21:58:33,2018-07-31 21:50:20,2018-08-03 15:45:00,2018-08-08 19:45:33,2018-08-07,34100feaf9480c1d7abfceadd873fed4,2018-07-30
9905ce059e67949360fa1d140a67df29,54afe74ec92102d6a2b9e4ff135c1f21,delivered,2018-05-09 21:00:07,2018-05-09 21:15:35,2018-05-11 10:05:00,2018-05-16 16:28:38,2018-06-12,61333e7f387e5b2399098c0ed0cb79a8,2018-05-09
7c74884b55b2ef0862e578cc630dfb3d,f3089c3aa82840398d566605b79546cd,delivered,2018-04-30 19:40:57,2018-05-03 03:53:09,2018-05-04 15:19:00,2018-05-11 17:58:59,2018-05-29,0e4d012fac3d20c033e0284fb6d2ea6a,2018-04-30
6a7a8e304ef95be2494384f8d2557845,672e326393f31d8250830a45a7995cb0,delivered,2017-05-18 20:46:41,2017-05-19 06:42:32,2017-05-23 13:20:08,2017-05-29 16:33:59,2017-06-07,dfe1d15b2c0138f025ec35ee2882706a,2017-05-18
c6a73b421eb3e92ce86dbfbbd3530a8f,7df4315a9fdab8e44d6096f553838f4d,delivered,2018-03-01 22:45:34,2018-03-01 23:09:37,2018-03-06 14:41:39,2018-03-13 17:13:17,2018-03-19,6a64953f5229b3f7365e1b8e6c2a8a82,2018-03-01
e6aa8f1226387a88bdcb5b2f0a9f95eb,f3f77b531814d6223e76a751da84c545,delivered,2017-10-18 16:53:04,2017-10-18 17:07:38,2017-10-19 19:28:05,2017-10-27 21:12:24,2017-11-09,21c3cb2e65b7575d9e079f7be7987d3c,2017-10-18
5f0a629aeece4974825fe52949c74603,5c56a85aede459bf2e96c47af573ca04,delivered,2018-08-15 08:56:34,2018-08-15 09:10:15,2018-08-21 14:13:00,2018-08-29 22:18:25,2018-09-05,19fc7c717e6449cfcae37b1ca03a1b2a,2018-08-15
49f3e0aebd23234fa195ebbcb8687171,3fbd93b9223e3186094f4d633ddf6da1,delivered,2017-09-11 01:47:33,2017-09-11 01:55:08,2017-09-12 18:32:32,2017-09-13 21:41:09,2017-09-22,08223f0c730951fe4bdf5bf8cde9d98d,2017-09-11
47c3ce4efeeff5eae692f5d31ef009e3,cfc5c8672fd109e453982d27a4678e62,delivered,2017-07-02 19:07:13,2017-07-04 04:05:23,2017-07-05 14:09:42,2017-07-14 16:37:57,2017-08-03,0ffc908947e1f0c9f17647058b9a58c2,2017-07-02
5040757d4e06a4be96d3827b860b4e7c,0db6ca6d0557c5b2358816e1ed450384,delivered,2017-10-20 23:02:08,2017-10-20 23:14:10,2017-10-27 22:22:26,2017-11-06 22:24:38,2017-11-21,8746f1ba2e19bcf8bc03a946a0923d78,2017-10-20
97c3de93ada0e07c7a8e01f130462293,051b93f9447590b31046a9a2971d67ed,delivered,2017-08-17 12:19:00,2017-08-17 12:44:22,2017-08-21 19:58:41,2017-08-31 19:32:06,2017-09-12,8abf287fd0381307da2c53e8c117d6bb,2017-08-17
f6d56532c36ea6f092b4ebec8ab97a54,e4e88f4d8ac24e6c0ded3af81c0fad18,delivered,2018-07-24 07:10:02,2018-07-24 11:23:27,2018-07-24 13:35:00,2018-08-02 02:04:24,2018-08-22,4ca02abfa1e292470224e0bf32c772f3,2018-07-24
d0ee2ae87e093d006aed295d79e325f4,ce82d28a01b3ba1c92a46900b9cb3710,delivered,2017-07-05 22:36:56,2017-07-05 22:50:07,2017-07-07 11:26:54,2017-07-12 18:09:34,2017-07-31,378c702fe06f37937a5fb0253f8493d0,2017-07-05
57426323a177f099d4842f4ac12619e5,0e0d9a5fb1c1611ad0c226eb668c4b2a,delivered,2018-05-18 07:27:01,2018-05-18 07:56:10,2018-05-18 13:23:00,2018-05-21 19:49:54,2018-06-06,492250d50b1609a71bccb3b92be76341,2018-05-18
37f608e16132f4a7f091cdb29fcd084d,590209466c98479a726e530d9efab37f,delivered,2018-05-06 18:15:02,2018-05-07 09:35:19,2018-05-08 14:07:00,2018-05-15 12:33:14,2018-05-28,e2e44912bfe4003b3c202fd3c450a216,2018-05-06
2ba6e26fe85d1d6a13cc4d830c88c1ea,2dd8d26839864f021bc1ef8a05091680,delivered,2018-01-08 10:00:43,2018-01-08 10:09:24,2018-01-09 19:27:05,2018-01-17 15:25:12,2018-01-31,9f4c68ce46a6cb44330dcf4ba7d7d9b7,2018-01-08
5ae27cc40da0652f19685c5b8352c979,3ecdd7c90e5fd549474281af8f9e0bbc,delivered,2018-05-01 23:03:40,2018-05-01 23:15:21,2018-05-09 15:48:00,2018-05-23 13:46:56,2018-06-05,6967833fb4d91b8b052e0b50967065f4,2018-05-01
45dbfcedafb7b44504dfb439ae973db0,f1fe2ea8c27448f0ffd2ecc33db10897,delivered,2018-06-24 11:35:54,2018-06-26 05:12:59,2018-06-26 11:59:00,2018-06-28 14:07:36,2018-07-20,473dea9af9e47b825af2a22819857109,2018-06-24
cebe9a3966a2fc8ffd1a3c5996678283,29151ff994496b7c0ba04e6dfc65005e,delivered,2018-06-15 00:15:15,2018-06-15 09:37:51,2018-06-15 10:28:00,2018-06-21 14:18:41,2018-07-16,db7fa62d42d7b8226f810a2a70a6155a,2018-06-15
dd3fe5e02ede895e3b2c8290d2fb7d3e,bf4f36435b3455724b722f62bfd07991,delivered,2018-04-14 19:49:49,2018-04-14 20:10:14,2018-04-20 20:03:07,2018-04-26 17:48:51,2018-05-09,82f9a6d86a581c1fe5a83fddbd010549,2018-04-14
ad2c67f915af1e2fe2e13bed8abb9108,a7a72fdf8bebfecc166fa99ad92069a7,delivered,2018-06-29 07:51:46,2018-06-29 20:10:22,2018-07-03 15:44:00,2018-07-11 20:44:47,2018-08-09,76464fcf73d60dc8e2166448bd23a1bb,2018-06-29
29dba01f92da927e611d340bc135f679,11eb7497f0981fd5b7cb235f4118c034,delivered,2018-04-18 18:08:00,2018-04-19 08:12:45,2018-04-19 19:06:35,2018-04-27 20:12:48,2018-05-15,2b9eecb2934f557413764d0806a83a52,2018-04-18
62b7574be0b7a8465822312be8cb07b8,fd946ecdd7c1eab8dbed2c8f330cf2e7,processing,2017-07-19 16:44:13,2017-07-20 02:16:02,,,2017-08-29,719721cc7694023e20bf16e182725123,2017-07-19
f2c6ff67de86de120cd2f5ac181e9fd5,012614499e669f2afb78750ab13273c9,delivered,2017-10-23 09:24:00,2017-10-23 09:35:32,2017-10-23 18:33:24,2017-10-24 21:57:57,2017-11-03,d9af8c35cbab1d9dc745f3500a9db311,2017-10-23
49b25de91ca7ebe3b4b740b332b5e0a0,00bd25230af840df218e6902df6ac894,delivered,2018-01-29 10:15:59,2018-02-03 23:31:46,2018-02-01 13:35:49,2018-02-23 21:09:56,2018-03-02,c55681552ac6922a276fb013d773881b,2018-01-29
7ed3c93013239ad16de7ae81826a2afc,7285d15435fa94f928c3038f8dc075c9,delivered,2017-06-06 11:18:31,2017-06-08 02:55:22,2017-06-09 08:35:22,2017-06-21 15:41:18,2017-07-04,9caa11bb2ba9230b0b8f911f3cbc994a,2017-06-06
bcaa7f7240deb32b0410ee6cc085d9b4,829d3ea58fe45816348ab857d059a6ae,delivered,2018-08-12 10:33:18,2018-08-13 10:30:19,2018-08-13 15:28:00,2018-08-14 21:48:58,2018-08-20,1a8e0392b6e9191dfc159e9688fa1a43,2018-08-12
8a4f504a9826004fb1b0957a12aad33a,8d4fbbdcabdfc2f9b1f52cd523ea5865,delivered,2018-08-20 16:26:49,2018-08-21 16:35:26,2018-08-23 13:51:00,2018-08-29 21:38:52,2018-09-25,3f9bb1cc786f6a4ecfd6b3d868d39357,2018-08-20
adc4e509a9b11c13575e75e6defef283,dcacd076b56aad562162f9093d7698fa,delivered,2017-07-06 00:45:29,2017-07-07 02:44:22,2017-07-13 20:33:02,2017-07-22 15:11:58,2017-08-03,e7647b89106d66c778cc87ff7632fbfb,2017-07-06
c1bffb64e9e46207fa132a9a4f4e1307,71ca5688e1e8f466f488a7d948b29511,delivered,2017-03-03 16:39:10,2017-03-03 16:50:17,2017-03-07 08:44:14,2017-03-22 10:19:15,2017-04-03,da811d2ee12af03f478dbdb51c24b94d,2017-03-03
982210beec2a93bef93d48a68cd2c184,9819d55438153c623012720055dc9f54,delivered,2018-07-07 18:56:27,2018-07-07 19:05:49,2018-07-10 15:25:00,2018-07-11 21:56:28,2018-07-19,e22a012287183808c019a479edb7295a,2018-07-07
afaa845a7a044d65051e77109d5b6ac2,2870e9dcbc1692371b93d7e47f378311,delivered,2018-08-04 04:46:48,2018-08-04 05:04:10,2018-08-06 11:07:00,2018-08-10 20:32:44,2018-08-17,56bb6bd8a4f7ad9972cb34ea3c8510f3,2018-08-04
97bf8b75ec5d43d2959e1bcc0c9b1fce,164564545470a6e0df300b2a9cd236aa,delivered,2018-07-18 09:22:07,2018-07-18 09:35:17,2018-07-19 12:29:00,2018-07-20 19:15:44,2018-07-27,dd1eb5f0f6f664424242fa0fcba1e276,2018-07-18
86cf7f20f784187597f7a3f34ea1403d,e39af7797ef9fc32e6a07806a9562437,delivered,2017-02-12 18:43:37,2017-02-12 18:50:19,2017-02-17 03:55:35,2017-03-14 16:34:05,2017-03-20,38f2d16628c1b776875dd349e03f188d,2017-02-12
86da41fac2d3f448976995f9b78c335f,fa4e2d7ab39f97bb7b7b0f59200391d2,delivered,2017-02-16 14:56:07,2017-02-16 15:05:14,2017-02-17 14:22:11,2017-02-24 14:14:09,2017-03-17,dc450fdb03562a6d52752858f7855348,2017-02-16
06911dcbbf2310bd9da4156fd3abb632,5af132d142a96d5bb2bdeedf3a1835b6,delivered,2017-09-27 16:54:54,2017-09-29 02:14:38,2017-09-29 18:57:01,2017-10-05 22:40:00,2017-10-19,a33b662c3e8dca7f222a800442599364,2017-09-27
fe6bd37400a094832d8f91ed5ed3856e,f8c20f233bfd0ae5da33f5c8ec5ac192,delivered,2017-11-10 08:55:43,2017-11-10 09:07:27,2017-11-10 20:41:21,2017-11-22 22:09:03,2017-12-06,c8078816b715792847b71f79d639e472,2017-11-10
bba3165de0a4f708a3fd065a5365e508,a34baf5c13401a3ba19b85216ddd906e,delivered,2017-08-29 20:15:51,2017-08-29 20:30:25,2017-08-30 23:39:52,2017-09-05 19:42:33,2017-09-15,a99d27dd8c4ea7e939f923242c6d3b3d,2017-08-29
84302358218242307763b9b0be1cd978,80d29fdf8b12b59215138e07bcd01310,delivered,2017-11-18 10:41:07,2017-11-18 10:55:26,2017-11-22 23:14:25,2017-11-30 17:54:26,2017-12-11,7e01bb1be6d3831d3c39155380d092fa,2017-11-18
c07faaf3f296c268a798470bb6008a4e,32498dd8fbe8b752805dba1536f2950b,delivered,2018-02-06 23:45:27,2018-02-06 23:55:24,2018-02-08 20:19:55,2018-02-22 22:35:22,2018-03-05,9ddb3f1e6481460171705733203a09a5,2018-02-06
8c5bec484409e70154e14d68bef784da,ccfd6c83ab3b2f74a9e88c90e4a52375,delivered,2017-09-15 15:08:16,2017-09-15 15:26:53,2017-09-20 21:22:11,2017-09-27 20:54:59,2017-10-03,6c16b745c25238952857221d6cd7e866,2017-09-15
9c49745cc1196b647f7257f91f7fcbc6,fd3348decc9f430e0ac4fe8f6e295b2c,delivered,2017-11-13 22:29:18,2017-11-13 22:50:41,2017-11-14 16:48:59,2017-11-20 13:07:52,2017-11-27,7d84470691342ca6eeef041506aa4422,2017-11-13
fa9b3f5a0eef7954729a194715780e1b,c5deddc906bcc15553a70ffec42806c0,delivered,2017-05-17 10:19:05,2017-05-17 10:30:28,2017-05-18 11:25:00,2017-05-29 12:48:00,2017-06-16,44b6bbfea26596437062a38c8e6bcec1,2017-05-17
76f8fb142cced489b53c34f1a4a4e23a,ea8468e1d8105f78251e09dbd384f524,delivered,2017-05-03 09:56:04,2017-05-05 02:40:18,2017-05-05 15:37:46,2017-05-30 08:53:01,2017-06-08,816093dd2f12bff6689df8bbd77f5989,2017-05-03
3ba2a040080e83d936f7121ae9cc993d,cd81681e520d4adf01f08d9ddda810f5,delivered,2017-10-15 23:50:11,2017-10-16 00:49:08,2017-10-16 22:17:05,2017-10-18 17:07:36,2017-11-10,bb0bf868d17f4a4df92d699358bfb585,2017-10-15
ee5f9143bf6915bc96a42c0034fd46ca,0f5f122c8655a2a18a653ffb083cc15a,delivered,2017-12-12 16:07:26,2017-12-13 02:50:56,2017-12-14 22:35:14,2017-12-15 21:09:25,2018-01-02,a2aeed8a726068866ec77d0288de2e2b,2017-12-12
e2d5b94a4565c77d5c35af59bb8eea79,099786bcc7ebf2f323ecf03a9f54b02d,delivered,2018-07-24 15:47:23,2018-07-25 02:55:25,2018-07-25 14:26:00,2018-08-06 17:12:38,2018-08-14,7d435b111211b3f34f6995914fdef980,2018-07-24
802f8e559e63150e5bec0fb62c036754,a0c76001a113f542536f1f6754adcb4d,delivered,2018-04-17 20:59:11,2018-04-17 21:10:15,2018-04-20 20:28:55,2018-04-30 15:28:57,2018-05-15,711391811840d8196478b8e711743974,2018-04-17
b88bf712c7aa1192376b4dc5bfadb916,6892e11557ed2d2d37330dd4ecfa6cd7,delivered,2017-03-27 21:46:00,2017-03-27 22:03:31,2017-03-30 16:04:09,2017-04-04 09:32:55,2017-04-13,2237c4321f61f817baf94569f2cdef5c,2017-03-27
30772e8067a521b283ee42a65370a040,f07b4ecc1fd5b9d86e247df2fa58e2c1,delivered,2017-09-14 18:20:59,2017-09-16 09:04:19,2017-09-21 14:41:44,2017-09-25 17:22:50,2017-10-04,6c753dcd72bcc22881568fa495f8e325,2017-09-14
73eba298beda4ec4a20b9f2cf082a422,d1e7b1c048065debe2f1cc08ab2f6488,delivered,2017-11-28 16:43:18,2017-11-28 16:58:43,2017-11-29 15:52:58,2017-12-01 03:03:17,2017-12-12,8275b03e3f503c419857e3ab73cefef0,2017-11-28
97e3bf34d95ce7f035c0262f89a2f9d3,591b41c77b5d4d9ee155605984b3ec48,delivered,2018-03-21 09:39:02,2018-03-22 02:51:07,2018-03-28 20:52:07,2018-04-20 17:12:33,2018-04-09,ef1b21005a4676e88c3a41f8f1562d73,2018-03-21
3004f445a284f236acf5d61bf2756364,92beb79b41e627ae95ec5379b248ba82,delivered,2017-12-09 17:42:14,2017-12-12 04:09:03,2017-12-15 20:10:07,2017-12-17 12:02:21,2018-01-08,942ed195aa3c523f71b03bbbe9accc2b,2017-12-09
383aa8b2724fe452d9ccd9934a8c628b,b1cb2f9d7a19480f3749e248db14d58f,delivered,2017-07-02 20:58:43,2017-07-02 21:10:20,2017-07-07 17:22:41,2017-07-06 14:27:51,2017-07-21,6ffbd33f8e881a046e7bdd228ce90c8a,2017-07-02
e46fb157c9df5118079c85e308464b1a,7f2011dbb83122994db8ff4540901a54,delivered,2017-11-10 13:57:34,2017-11-11 03:06:45,2017-11-16 19:39:04,2017-11-28 21:02:54,2017-12-04,2b5d55e154768a23c4b38a1391fbd2c2,2017-11-10
1c81f9f4689604517458a9438caaca30,135faf5be3b5e8705cc07b77df127bbb,delivered,2018-04-30 13:17:30,2018-04-30 14:04:33,2018-05-03 16:18:00,2018-05-08 11:59:50,2018-05-23,9d0ef48a7d5a1b31a2ff6a09713fc24d,2018-04-30
796e3c109c8740eea3d4321a8ad5ca5c,a7669839a9034fe81cbc46797f0b4f61,delivered,2018-05-11 10:12:40,2018-05-11 10:29:50,2018-05-15 13:16:00,2018-05-22 13:52:10,2018-06-01,b75acdce1eac184bad37d6f19326f5a5,2018-05-11
f99194329617b84446bef86322b39b74,0fd30fd57ed5a3df87af7a769f901f46,delivered,2018-06-23 20:57:42,2018-06-23 21:15:58,2018-06-26 14:48:00,2018-07-04 16:02:58,2018-07-17,54a3aa930a16ac89e3d632fa536161f4,2018-06-23
f988dc242c742c1dfde32b24032b8fb3,00788705370da606e9f8390258b9e977,delivered,2018-01-06 10:38:43,2018-01-09 07:20:02,2018-01-09 17:29:34,2018-01-16 23:23:13,2018-01-31,11a58793327e4f480717491484f4372a,2018-01-06
6dc5cd36ae0ca772e70e387e25f032e9,96b643bb9f71e44bd5c1a6681f7cc81d,delivered,2018-06-16 18:56:43,2018-06-16 19:18:04,2018-06-18 15:04:00,2018-06-20 12:04:37,2018-07-11,080afd32070de419f334fd7f7014fa0e,2018-06-16
336e6ecb9664903e2d582f1203e5b1ba,cf56bdf905c1e3b759e4c0fd0ec64037,delivered,2018-05-21 19:01:41,2018-05-22 16:57:55,2018-05-25 16:37:00,2018-05-28 21:21:39,2018-06-07,9ee58215f365ea280a43bc9bd89dcabd,2018-05-21
db66dca329373cf37340222e240340b6,466dcf5fcdc7c7a8a4bfebc7ce59b281,delivered,2018-08-17 16:07:20,2018-08-18 16:15:13,2018-08-24 14:21:00,2018-08-28 19:28:43,2018-09-19,a22ee6bd65e350c2d1a0d9a12c2e465f,2018-08-17
9d812ac753da7008021863feabbd291a,865564d43efdb4ace7fee99697e74e7e,delivered,2017-12-03 19:47:05,2017-12-03 19:57:24,2017-12-04 23:41:49,2017-12-11 18:48:48,2017-12-27,4d6acb02cb5c8492d36a041288091ead,2017-12-03
a72b3f5d99f2dc2642d7f7ff5691a2b5,0eaeaa7cd1d73d8b59c4dbe6ce922263,delivered,2018-05-18 13:35:01,2018-05-18 13:55:25,2018-05-21 13:59:00,2018-05-24 18:08:57,2018-06-04,e2f069490a9858578ee0accb5331631b,2018-05-18
4a34ebaf9dad918de4b5201d02bd7289,00c120d7afbe4803d4771a8f3696ec85,delivered,2017-12-03 23:08:06,2017-12-03 23:31:35,2017-12-04 19:53:50,2017-12-07 00:41:14,2017-12-20,859a9b67726d9c9306eb28b8938c59a0,2017-12-03
84a7061cdc4f24ab1aa024c9bd595b6f,c1958053622fd0bc2f0b7c06fa4ba179,delivered,2018-04-15 03:08:14,2018-04-15 03:32:11,2018-04-18 18:50:57,2018-04-28 17:58:34,2018-05-10,a5b9f819010116b77498e1f42b50519d,2018-04-15
33f49de8c93f34764335c37dd65f63ad,deac618bef015ae93fd7f18244546243,delivered,2017-12-22 09:50:16,2017-12-22 11:54:32,2017-12-26 21:22:20,2018-01-13 18:09:51,2018-02-01,6ff1ec5f67b563811cfc8cf329324b44,2017-12-22
199bd4c4070dcd4d99f63896213e032f,96ad9d4b9f1ff026aae839d65dcd64ff,delivered,2017-07-25 17:25:58,2017-07-25 17:42:50,2017-07-27 19:03:26,2017-08-03 18:05:28,2017-08-16,92310666b85a3217ffcefebdbb1bc042,2017-07-25
628430cb4db23766c1cc5c9d232cf985,79824f9b32c6fee859ff6da207934602,delivered,2017-12-16 00:02:18,2017-12-19 09:55:36,2017-12-20 16:49:37,2018-01-20 19:14:28,2018-01-18,ee672c145b39e6ec374964128f22adb8,2017-12-16
2cf60e81bd122e58c99e87fa99fd24cb,e3866f2f23d3f1f9c3e11b31191be3aa,delivered,2017-08-22 21:16:51,2017-08-22 21:30:10,2017-08-31 15:25:01,2017-09-13 19:52:21,2017-09-28,d08c19f878946583ed2a024fa8fc7a0c,2017-08-22
e866dc21d680405383a1dcad4821f2df,8eba5d36d26af896fb5a068bdb7980ad,delivered,2017-10-09 19:57:02,2017-10-10 20:06:19,2017-10-11 15:47:54,2017-10-19 23:17:42,2017-10-31,83fd68d2b08aaa9b1cc965b48f227f3a,2017-10-09
7af55e090c72474dfc02e91b82ed8c25,8f597bdfaf0d7cb30b46b1fe99552774,delivered,2017-11-20 15:24:53,2017-11-20 15:33:19,2017-11-21 10:46:47,2017-11-23 16:44:59,2017-12-01,40408a392234feaa78f1c57ca5914b94,2017-11-20
93da2265260e364c8e81f490b7d92e07,0c755365dae19da070419dd40041098c,delivered,2017-02-28 19:37:04,2017-02-28 19:45:12,2017-03-20 15:25:14,2017-03-24 16:51:47,2017-03-20,63d579b1efd1e32d91ce050e79d6c0a6,2017-02-28
6597009cc04bb23ff7d1958a705cdcbb,18155dea618d40641bafcfbcf74856df,delivered,2017-11-09 12:19:38,2017-11-09 13:26:45,2017-11-16 22:38:42,2017-11-21 22:34:42,2017-11-30,271ec2410ab588a07c8aed43957935af,2017-11-09
8e8da7dbcb4ce9a740af330846eafb90,ed6a6ca7d256b473798ada23ed7424d1,delivered,2018-03-21 19:36:39,2018-03-21 19:47:59,2018-03-23 15:14:48,2018-03-29 13:14:33,2018-04-09,a33f2660ca4d2f6063fa16f331c5a1f7,2018-03-21
d0467704fe947b94f1fee589531cb69f,21d1189cd9766771ab056ac9a29b9dde,delivered,2018-01-05 17:38:15,2018-01-05 17:48:10,2018-01-08 19:27:07,2018-01-11 00:19:11,2018-01-31,7772703bad03ee66a726b4cf35086bf4,2018-01-05
2a2c817d3486dcf48f6289ee56c11c39,bb25584a0afe4f08a6e72f332142aa26,delivered,2017-12-04 11:34:01,2017-12-04 16:32:51,2017-12-06 20:14:48,2017-12-22 20:34:16,2017-12-27,71ee9caf8d0dbcb876831948794a9cc0,2017-12-04
bb50a28145ecd1a42277631daa877711,39d88d9deb2cbd4dac8469627360099f,delivered,2018-08-14 15:21:52,2018-08-15 03:10:32,2018-08-17 13:53:00,2018-08-27 17:41:21,2018-08-31,df4045479d2531674d0ad39d33b81db0,2018-08-14
f6db57e68ebbac1c6281a7baf178df17,f8c868506ea46f20c7d16abd83d88279,delivered,2018-07-04 21:06:27,2018-07-05 16:07:29,2018-07-05 12:30:00,2018-07-10 20:28:19,2018-07-24,b2adc7d81154e771b70576f174e12746,2018-07-04
ec6afcdb2047e9e168d4c9233299c06f,09381117614f37b1b775bca7c3fe2bd8,delivered,2017-06-01 18:51:45,2017-06-03 02:22:35,2017-06-05 14:05:09,2017-07-04 13:05:58,2017-07-06,32473bb2fd5c60292ec9282f73b5cdbc,2017-06-01
fc32248629afaea92d59f7086de552d3,0ea67385838ca5b2819a5422c7004a40,processing,2017-11-20 11:45:27,2017-11-22 02:46:53,,,2017-12-01,9c729877d947be5ab0eb722402a82ce6,2017-11-20
45030898b4361255cbd03efa424707bc,201186d03a3403e775c0acdd6d718f70,delivered,2017-11-14 17:22:29,2017-11-16 17:37:46,2017-11-22 16:29:09,2017-11-24 22:27:46,2017-12-04,3262463604fbbe0573882299d44d8917,2017-11-14
076e07cd8d9c8b47dfc2fbb22c58e895,b71abc1975c1da212faaa913da950924,delivered,2017-10-18 09:29:12,2017-10-18 09:49:14,2017-10-18 16:40:22,2017-11-03 20:52:13,2017-11-16,e42e5cffaa896ecca5e413413783552a,2017-10-18
7e308fe1aed001a0b8ba1e7f017cafa8,60c51086268f90d369e02f41f53ebd90,delivered,2017-08-09 20:00:01,2017-08-09 20:15:09,2017-08-10 20:51:22,2017-08-25 19:05:00,2017-09-04,da6c55997d0309214cba42a738d50cc0,2017-08-09
6d56dcd34118baee5c013a25cd6caa97,9c30127c57d0fc44f0a61c2bd3748018,delivered,2018-03-03 12:36:47,2018-03-03 12:55:51,2018-03-05 23:58:27,2018-04-07 12:42:52,2018-03-27,67c841dc36b96f24bf52d87295903313,2018-03-03
c37588362e2c244b0994c310bcf37393,d34fc5073a7c0a01cefde2d790236131,delivered,2017-12-10 12:20:13,2017-12-10 12:30:20,2017-12-11 21:09:14,2017-12-15 20:46:14,2018-01-04,416eb700a17ff1e29b53fcf4b187f369,2017-12-10
1ca0741e454cd1c5368c964217a34795,6fe0ed61f60066c154faf2c05e765e35,delivered,2018-03-03 13:02:39,2018-03-03 13:15:31,2018-03-06 16:49:09,2018-04-06 19:32:33,2018-03-26,c8a974382199020d368fbaa4cb9e2e2e,2018-03-03
a12258b681fd853343742c997b082ca1,98286135e8d1415dc79e87231cfdfaca,delivered,2017-11-20 13:00:52,2017-11-20 13:26:19,2017-11-28 11:43:08,2017-12-29 21:37:55,2018-01-03,d05ee49e975c7a5831c5c242c83efc13,2017-11-20
a916a97323dee3f33707e4a752c22c9e,d106e0cf032240aa997b079d58974bfd,delivered,2017-07-03 09:25:59,2017-07-03 09:35:21,2017-07-03 16:29:58,2017-07-04 14:35:52,2017-07-14,475cab480951109dec3ad6f770167fa5,2017-07-03
71bbd7731c71cbe0218ebf8e079efc2e,802606e1f9c01a6a675d8c73f3dc5fe4,delivered,2017-11-26 14:18:47,2017-11-29 13:12:31,2017-12-04 16:19:20,2017-12-21 23:28:44,2017-12-15,6bddc056584a7eae55cfede9045ef240,2017-11-26
316de33d2305716d16f6fba75d609f9e,ed5b017546d07a40296b3def8fa27e0d,delivered,2018-03-07 10:30:58,2018-03-08 02:29:28,2018-03-20 00:28:40,2018-03-20 16:42:03,2018-04-04,a35068958ae8c346aaf117b763850f0f,2018-03-07
8832a55faa17956aab37de69db1f357e,dc4439b8ebadab2076752021c165476b,delivered,2017-11-25 22:37:32,2017-11-25 22:53:50,2017-11-30 15:41:34,2017-12-19 16:51:54,2017-12-18,5dce248852232ec71936a7a8e7cf3d76,2017-11-25
c03349d196d2c2e31e41e29d06396cbf,4cd4cf2921175976eeaece9ff1d03958,delivered,2017-09-20 15:00:42,2017-09-20 15:10:32,2017-09-21 18:03:32,2017-09-22 12:43:21,2017-09-29,3e25bc66e38e60e4c5b8a54bb8bd4f5d,2017-09-20
739554bca7c0f1d20cf28779b6e37aa4,77455d55caf7492ef02147a2bd543b2a,delivered,2018-07-30 17:47:56,2018-07-30 18:30:49,2018-08-01 09:28:00,2018-08-06 16:14:27,2018-08-03,45b9a533d5b692464bf969616e757643,2018-07-30
0923cc4965fb98b0adcc8a7c6ee32f7c,f7adc1671125754d305c2d29d2bbd075,delivered,2018-02-21 07:09:21,2018-02-21 08:05:33,2018-02-21 19:26:41,2018-03-20 20:38:53,2018-03-23,2fc52fef0a1c1728afa6327e0b90c57c,2018-02-21
95f22356d1b50c62ee512369a0d54967,58a8751ff71711afcc0c9ef64235b948,delivered,2018-02-20 15:19:56,2018-02-20 15:35:37,2018-02-27 17:13:56,2018-03-07 22:27:00,2018-03-12,6b4b768bc20b25d3a128e5139cdd3aa8,2018-02-20
14282bc70be9bdda515182fb1ce62af4,19cecb194f54e614b70d971306a9931b,delivered,2018-04-18 14:18:09,2018-04-19 02:52:02,2018-04-20 00:47:44,2018-04-26 16:26:38,2018-05-11,d251c190ca75786e9ab937982d60d1d4,2018-04-18
5800503b12aaf2c73a545e028a91030b,d53c357ca22783adfd97f569d61a8e1b,delivered,2018-06-19 14:21:11,2018-06-21 03:38:45,2018-06-25 09:25:00,2018-07-03 15:29:36,2018-07-25,ffd2aac179372f267e7b9186ac7a1bcc,2018-06-19
f6b1ad0a4ea2f3e475942e5c854c091b,db21452b8ef7aa80cc62ff96bdcdf9c9,delivered,2018-03-20 09:19:15,2018-03-20 09:35:36,2018-03-21 19:26:48,2018-03-22 21:08:33,2018-04-16,37495c9aa65180396868e5ccc2a1f6e6,2018-03-20
1d5da6a7254f9d8a759db4c8d457e630,076eddad7b3de780b619cd4faae6168b,delivered,2018-07-19 10:39:06,2018-07-19 11:05:13,2018-07-19 15:57:00,2018-07-27 20:41:00,2018-08-09,c1aa9860670d22b67a882de89115deeb,2018-07-19
8d3c15519d40227c3bcca13bb5bbf6d2,b367e7f1a5b42e9bcd14d91190ff9db4,delivered,2017-10-03 13:09:28,2017-10-03 13:24:27,2017-10-04 18:11:35,2017-10-18 19:42:11,2017-10-26,4ef1b904f1f96de8003c5982e1201815,2017-10-03
5a8c964d59cf60933991dc8ebb88bfa2,d17803f0a15f9db0388bb5c274ec1e2c,delivered,2018-07-22 18:59:01,2018-07-23 12:31:33,2018-07-23 11:11:00,2018-07-30 17:42:06,2018-08-13,2d4074b3c97f59583f71150c70e91c8e,2018-07-22
f1dd11aa9f95d84fd072504f9e6e2f11,a7f8e23edfe4f626606aa4ea905ae93b,delivered,2017-05-04 08:25:50,2017-05-06 02:22:46,2017-05-10 16:59:55,2017-05-22 13:58:01,2017-05-26,5990ff5bf75a8d5a76bbaea5cca77229,2017-05-04
d0efbb6a217254d95a9e6adf0e0454af,87289025b9dd8bb0640e26b99f49d114,delivered,2017-11-21 16:05:13,2017-11-22 16:12:18,2017-11-25 11:03:34,2017-12-04 21:07:06,2017-12-14,292f894d036eb8f6a61fcaf316808e02,2017-11-21
3be3bae6f665380f803dc59c9053cf26,03eaeeab9883ef63043d7f0e0325a370,processing,2017-08-06 14:18:45,2017-08-08 04:10:13,,,2017-08-31,93d9e516a351a7747fc9830ae9525062,2017-08-06
cc8f800afe212c5d7220f86d3a8468d1,ce7388c949c8766b3b5c80704b371c16,delivered,2018-01-12 11:51:48,2018-01-13 04:54:45,2018-01-15 23:52:31,2018-01-16 19:57:41,2018-01-29,361cfdd28b129a0d3ff26731e96e4e53,2018-01-12
38953e88e1f6d075c453cc7c7808fd74,733f9b4333309e31dd4e6c88f04937a1,delivered,2017-08-06 22:53:21,2017-08-06 23:10:11,2017-08-09 14:40:07,2017-08-19 12:12:21,2017-08-29,45021e4215fb88a10f5efc5fd83bed5c,2017-08-06
982b8f41e38f544803f6acd22729a910,28cf804bd58d5a3962909e35d3f7a797,delivered,2018-04-21 18:38:11,2018-04-24 19:02:25,2018-04-24 23:28:44,2018-05-02 23:46:28,2018-05-15,a97d86b7b6f9fdcd98045d8fd371c09c,2018-04-21
0fcb17f553e4ac7cd19be95d11a1669f,d39dc030d8881866a3061535c0b22c1e,delivered,2018-05-10 14:51:36,2018-05-10 15:11:39,2018-05-10 14:54:00,2018-05-12 00:21:55,2018-05-23,58af8ab36593ab5d41e63ba8a55ccc1c,2018-05-10
9e40c7c987e4491a52592d5fe7f6e50b,7037d11107e5d6d4afb8d4b7bbc780bf,delivered,2017-06-10 12:02:53,2017-06-10 13:01:47,2017-06-12 13:05:18,2017-06-13 15:35:12,2017-06-26,ee25697c397816e6431c42ddf920207a,2017-06-10
9ac6d546ec51d8d707fc69e65a54e418,ee88732c377e0bfe78e70b7e42cfbc26,delivered,2017-08-10 18:44:08,2017-08-11 06:44:03,2017-08-11 16:34:11,2017-08-21 19:12:31,2017-09-01,5cad57694ec76e767dda3f0219e5e148,2017-08-10
b4d298d0232cfc779cbfdfcf795e7934,33bb176ec7ddc12556932a616a98f9d7,delivered,2018-03-22 06:29:38,2018-03-22 06:48:44,2018-03-23 04:33:15,2018-04-16 16:50:55,2018-04-25,9ebf42e762c6f3274638387edbcc06e0,2018-03-22
41c7307fb0238baabade48573331cb55,8949f0cd8b98cdd06e590de6dcc661e1,delivered,2017-08-17 11:25:04,2017-08-17 11:44:13,2017-08-23 21:42:16,2017-09-01 20:34:30,2017-09-13,8a6b739c6fcb3b9a3f4ada0c8ef330a2,2017-08-17
ac1bc75d5621c5b8a9ce8d494de07cdf,81bdd95cad25db8438c8fdc9d4ed1ca1,delivered,2017-05-24 18:59:10,2017-05-25 03:02:34,2017-05-26 09:58:33,2017-06-07 13:51:09,2017-06-14,a5c63923fcfde3a2e2204586cfe87d74,2017-05-24
739bb836f89badf6feddbbb049eef241,4f45750d162d7f0bed9188422896ecdc,delivered,2017-10-29 22:50:59,2017-10-29 23:05:56,2017-10-31 15:03:43,2017-11-10 18:28:29,2017-11-28,adfa74df17c1758b5ada5220b717806a,2017-10-29
027e4543814c3b3509bbe890c569a841,e27201cb2a28267142162d8a9d0585bd,delivered,2018-04-14 14:53:43,2018-04-14 15:10:30,2018-04-18 20:24:33,2018-04-25 19:51:40,2018-05-16,68d1040bf3b992cfabd1dded3b8bec39,2018-04-14
77b062be7c5bd21712905feb8e1cfeed,b2bed119388167a954382cca36c4777f,delivered,2017-06-14 18:31:54,2017-06-15 18:43:04,2017-06-22 08:11:38,2017-07-07 20:32:47,2017-07-07,e079b18794454de9d2be5c12b4392294,2017-06-14
d6d47a77da8f82d0d6d55be296afce73,140056b97d230e9f8eca95f76c766e48,delivered,2017-03-26 11:27:56,2017-03-28 03:55:56,2017-03-28 11:41:46,2017-05-02 15:22:35,2017-04-28,62b1fe109029247a9cf2ed943978f6a0,2017-03-26
a21d86f981f1cbf2c5f96971c6a6800d,b32b3f4b527cf062f07794f0aa0c5998,delivered,2017-05-06 21:08:35,2017-05-06 21:22:15,2017-05-09 08:06:01,2017-05-10 11:53:46,2017-05-29,607cc01fe70bec41bd01dc3b76cbda62,2017-05-06
8ec26dd02af502c1a8210efc0bb02c0a,07cea6722ef8b8da55cd10460f04bcbe,delivered,2018-07-29 21:34:26,2018-07-29 21:45:40,2018-07-31 15:40:00,2018-08-03 20:38:52,2018-08-09,3bcf206a716a39cc5964baf3a221886b,2018-07-29
6ec0422123f3eee03ea0f73c0e377915,1187135b2d9abed46948c2f42710c622,delivered,2018-07-26 19:28:06,2018-07-26 19:35:19,2018-07-27 13:37:00,2018-08-09 18:06:48,2018-08-14,807c1f920ed66cd5304366cf432d11fa,2018-07-26
c72ab77b36e73ef2e5f95a0c2f9fa739,abdf6cc37ffadac78377e096c2d298f0,delivered,2018-07-30 14:56:43,2018-07-31 15:31:49,2018-08-01 14:33:00,2018-08-08 18:48:37,2018-08-14,a02e04835582ffd73a04417c2f7fd58b,2018-07-30
d14da316939ad2245cd4bb898bc45a62,372f7f836207b31b28bf19651ed09d6e,delivered,2018-07-18 22:24:06,2018-07-18 22:35:24,2018-07-20 12:06:00,2018-07-25 14:04:07,2018-08-15,927f5d7e01917bb3b8aeb3260ca42663,2018-07-18
47f545499e9ca5a70d3ec65e4e70adfd,a8fcf3c59c8a2f8f63406e1404dea784,delivered,2018-04-07 18:25:28,2018-04-10 03:55:37,2018-04-16 22:36:28,2018-04-20 22:40:54,2018-05-02,a623a949a9b3e39abe7a41e3b120d7d6,2018-04-07
70756ed8114e7ea9fa7f220897cf934c,d0f1feb68180c9a4e966a461523271b9,delivered,2018-06-08 13:43:22,2018-06-08 14:53:58,2018-06-11 13:22:00,2018-06-14 16:36:27,2018-07-03,dfd8d1d8e83102f22972352dc4fd9c8b,2018-06-08
e122415106f4ed9ba92695a54bca9889,c2d5fb9a087c1037c2d97f1494722beb,delivered,2017-11-01 23:43:51,2017-11-04 06:10:21,2017-11-07 20:04:39,2017-11-25 17:29:47,2017-12-08,da65d809b169852c1817a1939e4839a2,2017-11-01
8167783184672ac51f523d827def5b07,226aea6f95cf4f76040cb386647ad290,delivered,2017-08-18 17:08:38,2017-08-18 17:45:08,2017-08-22 17:03:48,2017-08-28 17:12:31,2017-09-19,62d5b065aee89e4e55fff08684bd8b90,2017-08-18
63c0c13581a5bb9483b698f6bda9fce2,429fca1f0c86d8e8e7974c121da7ae32,delivered,2018-04-05 20:17:12,2018-04-05 20:30:20,2018-04-06 23:48:26,2018-04-09 22:28:21,2018-04-19,479263557713245b05e6e0117ccdfd03,2018-04-05
48c8c4c032915f7f1d6c34979e7f703e,cd2f035e9ccd56e316021d9add4fffb7,delivered,2017-10-04 10:53:33,2017-10-05 02:49:26,2017-10-06 19:52:33,2017-10-11 15:50:04,2017-10-27,956d6d80545f5412dd96e3315dde6108,2017-10-04
efcf9a4a8186ce8d7f785efc572a0db3,463ebb2bb8608b2f8f3e3b04351601d1,delivered,2018-03-17 08:56:12,2018-03-17 09:10:25,2018-03-19 17:46:26,2018-03-21 19:37:38,2018-04-02,1f5d76d001fbafd4fe83dd4ad655507a,2018-03-17
9ba1d15b07227b24bacaa5bfc9e39b66,7719d6673acd0a17faf6c9a9f5f49dda,delivered,2018-03-31 23:39:52,2018-04-01 00:31:20,2018-04-02 19:08:49,2018-04-09 12:38:34,2018-04-27,4e120f53d49d0be0732e809a4a1f1d02,2018-03-31
02fc75303e2529f036cb819168fa21a0,a09beb0c78d884b69948b7a340fe9e68,delivered,2018-07-17 20:10:33,2018-07-17 20:22:01,2018-07-18 14:45:00,2018-07-24 11:58:30,2018-08-03,68f412bbb674141ab49ef13b501baf45,2018-07-17
479c68f635b21bcb61385058d99b9b6c,9c61e2bf0f481877bbf50d600fe373e4,delivered,2018-02-04 02:37:17,2018-02-06 04:32:49,2018-02-07 21:56:31,2018-03-12 18:43:52,2018-03-15,956bc14bc45892e8f60ee3e887548639,2018-02-04
697c79c16c63d9a81a331219b49243e8,b698dd2f2e777032c13190334b683b0f,delivered,2018-05-31 13:17:34,2018-06-01 08:51:57,2018-06-01 14:08:00,2018-06-02 18:08:29,2018-06-26,4fbbaf745eef797687df7abd06679f5f,2018-05-31
2eb63f75718e0a133e1a6c7d14375025,1712b3a131430bc9e53dcba7adcfc282,delivered,2018-05-29 10:46:58,2018-05-29 17:57:24,2018-05-30 11:06:00,2018-06-02 12:36:43,2018-06-21,f733f4254cce4a375a82258c272d1549,2018-05-29
f351ab7501d0f1d1874843df793c2fa6,39ca314818a8fcf7275bdd62444be657,invoiced,2017-10-10 20:54:00,2017-10-10 21:07:14,,,2017-11-14,36516895f52da0be70add0bd202cae06,2017-10-10
d40cae317472956cd556dacb126e481c,d31d9ee6ccc7152f0782b24bc5570add,delivered,2018-07-27 10:40:34,2018-07-27 10:55:16,2018-08-09 07:51:00,2018-08-14 13:00:00,2018-08-24,b0ee7aeb838c0da4ed548629ae1607cf,2018-07-27
248c46bb0e95b62198fe84442400b7f4,c7f0d256e0f8039292b3ce5fc27ab310,delivered,2018-08-11 13:16:54,2018-08-11 13:30:16,2018-08-13 15:26:00,2018-08-16 16:02:43,2018-08-28,12059728f4c2a99b03dfff3756610fc5,2018-08-11
be90f928191efcd737bf75b53a1a8374,b05b1fd9c1286fb36afa6b757c8607ba,delivered,2017-10-01 19:09:29,2017-10-02 14:07:24,2017-10-04 17:48:24,2017-10-16 20:44:05,2017-10-31,5bd7cb3c37bc312786b7b16d99074356,2017-10-01
6413bab2628f99100c492390a5a54231,28b6a58f9e82d9982327e7776bff2e47,delivered,2017-08-11 11:14:27,2017-08-11 11:30:15,2017-08-15 20:48:43,2017-08-17 17:33:04,2017-09-08,21342e5b1004a60189babbe685c06845,2017-08-11
37b680c6aa8ce81441e0e86dcb6d7822,92d10040d479c14fdb924ce85bb788c5,delivered,2018-02-24 09:33:05,2018-02-24 09:55:30,2018-02-26 17:47:54,2018-03-04 19:08:56,2018-03-20,d21fb1e8aee69c608f5c2fb5b6c28cad,2018-02-24
28058755b955447f48e26d3f939a1df5,8a024ccdffed5439470bfa7198f73076,delivered,2017-07-13 20:52:45,2017-07-13 21:05:17,2017-07-14 21:23:32,2017-07-27 18:16:26,2017-08-14,fecd5d0bc8ad5db39c8af6572aa72215,2017-07-13
d7c9e609272d05de1d13cbe04eaa1a13,84e0cd2b28135e32fc916fc5c8d3c4de,delivered,2018-05-19 15:07:25,2018-05-21 20:55:21,2018-05-22 13:59:00,2018-06-04 15:42:10,2018-06-12,c76dbe63126a89c815fe9716acfdb4a1,2018-05-19
487ebdc91b499c9442c96f81d71dcf7d,323fb14f29f27f4f2f321e3b6e4f1dbb,delivered,2018-02-16 22:00:49,2018-02-17 21:55:34,2018-02-20 20:42:05,2018-03-05 16:22:54,2018-03-15,4a478044977eb378e3809c4281dac349,2018-02-16
fd5f72be11f7a4426a3cc9778f643272,f12e6b52ea56e2cd7e96cad489976ff5,delivered,2018-06-25 13:37:13,2018-06-27 08:30:50,2018-06-27 10:52:00,2018-07-03 05:08:07,2018-08-02,3e92bd79f056e6579392911db6344007,2018-06-25
92c3b57fce4cf8057ae90e02accd7fd4,7c9bc8d79415d32a5cba4114cbe607c0,delivered,2018-01-20 09:38:35,2018-01-20 09:54:21,2018-01-22 14:25:01,2018-01-29 22:10:31,2018-02-15,5e627d132aeeb2367ac18fedee35793b,2018-01-20
73e08c12d3981af1a3cf6580a9253fb1,261c8817697d0a60fea72f6cca043535,delivered,2018-05-07 14:28:20,2018-05-07 16:33:35,2018-05-08 07:01:00,2018-05-15 15:42:52,2018-06-13,3544017c06d0f3b358fffa7a3df9c053,2018-05-07
326fa4ef13e06290f3b142da7663d4af,f72799a69d843f37e38236f68deb0bb0,delivered,2018-08-06 09:33:48,2018-08-11 23:31:58,2018-08-06 12:33:00,2018-08-17 20:35:24,2018-08-23,f6aed6bb383754fc2808f139207ab38d,2018-08-06
a61379db8a77b3c23fd2f0f60a5bd564,71aaca101e760b339740798f91ff6283,delivered,2018-02-06 11:24:59,2018-02-07 11:55:55,2018-02-07 23:04:38,2018-02-08 21:28:58,2018-02-22,0a078c08f87004c7e8011959046146b0,2018-02-06
ede6a833580744e002b0ee65323a3006,02307143f7dce7b43056056566b8e987,delivered,2018-08-17 15:11:53,2018-08-17 15:29:26,2018-08-17 14:07:00,2018-08-22 19:28:52,2018-09-12,b83249f64d1c5d719ce04e1bc5775547,2018-08-17
da64839e98b51a0daa6d368e9f593a4b,e9490b645b17d03cfde928d84d38a916,delivered,2018-02-05 20:10:30,2018-02-05 20:29:53,2018-02-06 20:53:13,2018-02-19 15:38:51,2018-03-07,b00fa88d0838e8f9ecc8c34356655c4e,2018-02-05
ea2a61e3a57414402f9c6dae7b04cddd,06fbbb4b3c723e6f7023671729bdbb4e,delivered,2017-08-11 11:21:31,2017-08-12 02:55:38,2017-08-15 19:52:00,2017-08-17 17:23:53,2017-08-31,6deb45317a23c87a688c195fa46298a6,2017-08-11
ea1c943b92b11b5d15ba43481b4e3ab8,bc4317b200fdce5449bf64bfb17cdcf7,delivered,2018-05-15 12:10:21,2018-05-15 14:35:08,2018-05-15 13:49:00,2018-05-21 20:36:49,2018-06-01,418ae70ffa5a03b8b053ee362b8e7014,2018-05-15
4aaf9b9778e313ecfcfe11ba5673b136,a0af680b53dd9ddc1df27ee4a01fe25e,delivered,2018-03-24 15:11:38,2018-03-25 15:10:24,2018-03-26 19:31:01,2018-06-07 13:28:40,2018-04-27,c233b70d51175e6c74cae2c48b6a9185,2018-03-24
622b9d86199a98a59cded9f26507efce,0dda46eaed5bee4363ebcf8e92346c10,delivered,2018-08-21 16:50:51,2018-08-21 17:08:59,2018-08-22 10:26:00,2018-08-27 18:04:49,2018-09-13,5e3e104c632be6607c4e66bbfad5556a,2018-08-21
9dc248d86471fa08839eb2dc39e3a3d1,ed7814adc6ccc7f303edd1c2bf9fc0e5,delivered,2018-02-02 19:54:57,2018-02-03 02:52:38,2018-02-08 01:17:29,2018-02-15 21:47:00,2018-02-26,2fd9aad8ae73e1ef73a09564b72c41c9,2018-02-02
e0ba857017cfa40b224928b7534b6298,ad396c3affc7d4d16f45dd6d39137080,delivered,2018-04-09 16:57:00,2018-04-11 06:10:25,2018-04-13 21:41:31,2018-04-25 20:03:57,2018-05-14,444fc60bc5ba8cf076c37503c9a7319e,2018-04-09
2ed2cecbd0a129265173791a944b3a43,440449ac8128b5cdf337acb522b7bcd8,delivered,2017-11-05 19:15:31,2017-11-07 07:30:34,2017-11-08 23:07:02,2017-11-17 00:26:45,2017-11-28,dc7db033534dd88c993be14c98ac7de6,2017-11-05
1534266375dc7e304dd7e81942cb25cd,b00080f3c4006f00249fcd2bb7998fe4,delivered,2018-07-04 14:05:12,2018-07-06 03:11:23,2018-07-06 11:09:00,2018-07-11 20:38:48,2018-08-08,0adf937023cb46e9ee666d3d4ef106dc,2018-07-04
ff027db47fd74b1bcf2dd6c24f0b809e,951cca7b29b84f6f11fa7856a19544ed,delivered,2017-08-18 22:10:07,2017-08-18 22:25:21,2017-08-22 13:40:07,2017-08-31 19:20:50,2017-09-13,cbfea8784ce004f21bdb4aa7aa7ffbc0,2017-08-18
c2673706bb89f4fa18b1837c6dd088e1,b1cd5fb9df0c995339f00947da09aa8c,delivered,2018-03-23 21:56:30,2018-03-27 04:08:22,2018-03-29 22:28:49,2018-04-19 17:37:34,2018-04-13,cc30806e46501a4ee6f39db712313142,2018-03-23
f0296e2322376fd2e7922b8deca72695,c7b836aefea27efb7e0bf4c70c129aff,delivered,2018-01-14 11:09:13,2018-01-16 03:40:08,2018-01-22 12:09:57,2018-02-05 18:11:42,2018-02-14,a6b7bed1a909c5cb063d0c61dc10f593,2018-01-14
c919149cd022b45a249fb326d2ee89ab,f2339aa70330d8cacd37cacad89e1dda,delivered,2018-07-30 20:22:55,2018-07-30 21:00:16,2018-07-31 07:38:00,2018-08-07 22:32:26,2018-08-15,e41dc818559a06eb68af14c3ea952d6e,2018-07-30
2cb13a60aa8162ece6fbc46f608f56b5,fa232cd4a5e0461181170ea18c902e3e,delivered,2017-08-23 07:04:54,2017-08-23 07:15:46,2017-08-28 21:37:04,2017-09-05 22:13:56,2017-09-13,3e71a942be00f8d0d0cc4b01880f7a17,2017-08-23
42f588ddba9adc3d28e2f48face444fc,5f607465fa3e0b7cd83633f56e81ad8c,delivered,2018-04-24 10:15:21,2018-04-24 18:23:09,2018-04-26 11:06:00,2018-05-03 19:37:42,2018-05-21,30edbb8d8634a5693dbabfaa4110e376,2018-04-24
7be3bc8a993254a45f536cd9b418f275,e2ccd88ee72187cef52de491449cd034,delivered,2018-07-27 12:18:25,2018-07-28 02:45:21,2018-07-30 13:42:00,2018-08-02 19:48:39,2018-08-06,85a1b5804de46e89eb874a605e439db6,2018-07-27
66144189f7b5fbb4eb76eb513ac33a17,642f858f2d65c052cfa9058e21181a88,delivered,2017-01-31 00:53:39,2017-01-31 01:31:05,2017-02-02 09:53:30,2017-02-06 15:15:01,2017-03-28,ed55471664939a48022e6319811608dc,2017-01-31
974fdfd3a71b3695ec8d020318ec2f32,a3bcec319037c6aa55d2962c478cbd11,delivered,2017-11-10 09:57:50,2017-11-11 02:46:55,2017-11-13 18:52:54,2017-11-25 17:28:54,2017-12-01,aa78e522c7db209416ac9665630c2dc6,2017-11-10
9e631c9b66b8485a8b8a42fce40ed307,dd9061c2a5a1c0283e6a28971e82590b,delivered,2017-02-01 15:42:59,2017-02-02 02:45:16,2017-02-24 06:54:51,2017-03-02 16:22:29,2017-03-06,35b6524b1cd67aef194bdfe942839299,2017-02-01
75eb720aba307ea0205d0e869196784f,978fa5a467a746e14b62c2cbab1a261a,delivered,2018-04-24 22:10:26,2018-04-24 22:32:49,2018-05-02 13:59:00,2018-05-09 23:21:45,2018-05-23,4897f0607bb084b7a12f7afeaaf30c08,2018-04-24
91d8a0827f2be0aa95d271328dbb930f,dd9fd7139e2f57b063f3ac0d911b9b6e,delivered,2018-06-10 15:41:21,2018-06-12 16:09:03,2018-06-12 16:13:00,2018-06-15 23:35:31,2018-07-05,e05a73f2fc4e1e7eb95b8b8ad5ed756f,2018-06-10
982fdef4d624e5de5ab3906bee28fba6,b936b2777040ab52822e140e4f2d4773,shipped,2017-06-23 13:00:47,2017-06-24 14:55:21,2017-06-26 14:56:37,,2017-07-06,6eb453dca2505def092eb261e3a3d8d0,2017-06-23
2a1ea1abb383ce92d9806ad031fec425,e4edc402dc77c6f89d5862a0c7a8d77f,delivered,2018-02-15 14:04:24,2018-02-15 14:40:24,2018-02-19 16:38:53,2018-02-26 20:54:12,2018-03-13,5aa3d18ff9db96075eba17606fcf9844,2018-02-15
6c47b95ad53fe1aae994040c6de9ed16,6a25b32f0edab513097c8c8b0103c609,delivered,2017-09-14 11:41:51,2017-09-14 11:55:26,2017-09-14 20:51:51,2017-09-20 21:42:24,2017-10-19,0883460fd0fd804d2b599595a8b0f59f,2017-09-14
c9c021b86955fcf0e69e300f5358bf1b,c191a55a19c3f512274d17d3e7dba91d,delivered,2018-04-08 17:03:39,2018-04-08 17:29:52,2018-04-09 23:51:56,2018-04-12 18:28:25,2018-05-02,5f9190a3aa9921810b74e888cc3b9d5e,2018-04-08
294d16591b8d224412320d2053d48623,4748537243b6dd724560fe319c0d0b3e,delivered,2017-06-30 10:48:02,2017-06-30 11:03:58,2017-07-04 11:55:37,2017-07-27 16:03:17,2017-07-13,60175bfd69d1cc0028a3b30d5708492b,2017-06-30
16b1ca4005cd15dce41f3431902ba314,b8f8bff5816a15d1951795b05a919cce,delivered,2017-06-13 22:30:27,2017-06-13 22:55:19,2017-06-14 15:21:21,2017-06-23 11:37:31,2017-07-18,634bba2731b949e84282ef83f2b28490,2017-06-13
b5f0cb5b67b735c6b00f7f9b92e0e59f,e5a00cebc56db6889c138d626886461b,delivered,2018-03-21 22:52:43,2018-03-21 23:08:15,2018-03-22 18:57:47,2018-03-26 23:17:47,2018-04-03,915fcecba2454766fe81edb19249b1d2,2018-03-21
a7b8a73bcc7bf3850dc9f4907c5ee6f2,956346db615f7adb9ea991c5e4648c55,delivered,2018-06-18 08:14:02,2018-06-19 03:36:38,2018-06-22 16:48:00,2018-06-29 15:12:38,2018-07-17,62b1b62058c7572c90f08ec692ff0533,2018-06-18
1227f9af3b2ddb0b95060aab8e5b3dc7,53c9811a9eed9e84d267b8a929840882,delivered,2018-05-10 14:48:29,2018-05-10 15:11:25,2018-05-10 14:00:00,2018-05-18 16:21:53,2018-06-07,4474178cac55e98fa8fb5aeb55c9a06d,2018-05-10
7106ae47c0242d76f336f5430d3ae0fc,6f37e3eb32985e5f552592b7e7173a33,canceled,2017-12-13 12:55:38,2017-12-13 13:11:58,,,2018-01-02,60cb71ede06779aa7fcaa2a8baceb190,2017-12-13
6310ac6315a8fa1c78101c9e73ed00d1,3d6419e75afcdbc766919734c32832dc,delivered,2017-12-14 12:09:44,2017-12-14 12:17:19,2017-12-14 21:12:27,2017-12-15 20:22:40,2018-01-03,c611fa04f6e7b4b6202becb030202081,2017-12-14
0f63ff1c10a2177f98f649312e587b9a,ca741dc70e1b166cd577ba7050158cfa,delivered,2017-03-14 06:11:59,2017-03-14 06:11:59,2017-03-14 10:33:48,2017-03-22 13:53:32,2017-03-31,6141c5831d0c19f3553c955454967393,2017-03-14
b9f5ca0dd8ac07db0b02705dc2be4d21,927e550cffb5caa83ce9afd6ec0d886e,delivered,2018-04-23 11:12:58,2018-04-24 18:52:59,2018-04-24 16:48:51,2018-05-04 02:12:41,2018-05-16,ed5688c53d9ed28e74523ae79410acb8,2018-04-23
bdaf7db41d38e3478e18b7ba3bad26f9,b8be6ddd050b11ea467195e411ecd113,delivered,2017-12-14 21:00:03,2017-12-16 02:51:37,2017-12-20 21:38:55,2018-01-04 15:56:59,2018-01-15,dc3e7105990b107c936dcf6f8e779a07,2017-12-14
b77a901ce2de1a59489f51df38987132,d0c290abc509f5f994f9ece9e856769c,delivered,2017-10-12 22:01:07,2017-10-12 22:14:26,2017-10-16 22:06:44,2017-10-27 20:33:37,2017-11-21,8e7c6f47bfa68b6497e9d19b0b62a3ab,2017-10-12
929a697354ed9cd384aadaaa0721ac4c,9d8d2230d9692d3d0ac5a99fa5a0f9c1,delivered,2018-01-17 20:03:34,2018-01-17 20:11:28,2018-01-22 21:59:19,2018-01-26 18:48:56,2018-02-08,37774f11f986c86cd9d588fcd0ffaebc,2018-01-17
5c966af20bdad2fc92140be537e76912,f6b6b5ca3111887288b23cdeb52d28b6,delivered,2017-08-17 08:04:24,2017-08-18 02:35:29,2017-08-24 21:13:29,2017-09-06 21:56:56,2017-09-15,f8c48e94b86268458ef93270bf0c34e1,2017-08-17
2d5e1b7c770f4e9023c6cc6921ca6241,82060ef3e1a400c3176bcf87717e1685,delivered,2017-12-26 16:41:55,2017-12-26 16:50:31,2017-12-27 15:23:26,2018-01-03 15:26:02,2018-01-22,ffc14413ed1273340b518ad0bc63c862,2017-12-26
8ec27c1530740271e94117b9b0168384,e2a6c60309057c889ff6c32fabca6b5e,delivered,2018-04-12 09:41:01,2018-04-12 09:52:32,2018-04-13 21:46:48,2018-04-23 18:22:12,2018-05-10,f53d235c627d9f1e4a63f200b124694c,2018-04-12
a251837e3fdaf53bc31e35e612cf58be,7d72110cefac7bd86151630c0c56be2c,shipped,2018-01-30 22:38:22,2018-01-30 22:52:50,2018-02-01 18:47:42,,2018-02-23,a8fdd62606a9a5499fb8211289f8ce78,2018-01-30
d871dddcb611a31e705345b5c37d7a72,1fc6b3289b080e774c436bacf707eeb7,delivered,2018-05-18 10:33:52,2018-05-18 13:31:15,2018-05-22 07:20:00,2018-06-05 20:41:28,2018-06-11,ae899cddd0d9a9ae7f10099595241089,2018-05-18
db145d39d51668d2934a47dbae8e5e66,8bcd806bfdc8aec049be3a61872fb021,delivered,2018-03-19 14:29:39,2018-03-20 03:48:59,2018-03-20 21:22:07,2018-04-11 12:36:42,2018-04-12,96db4f64b11a0cdf4efc838caf6c30cd,2018-03-19
00c8be06a8029e300dabd52c7d4c6ad2,5508ab552ed2d4da9d21e777849034d0,delivered,2018-02-11 00:36:56,2018-02-11 01:48:42,2018-02-14 18:23:20,2018-02-27 21:08:12,2018-03-09,9afc29b951c1e0fae7d91fb3192d655d,2018-02-11
51bb13153af861b1c5967b91c735bb8a,8502294d1cabcb2da925a36a5aa25876,delivered,2017-09-11 20:58:23,2017-09-12 21:10:14,2017-09-15 21:29:55,2017-09-18 18:30:05,2017-09-21,05d4a7799b1b99f40a6a679e24df86df,2017-09-11
3853bb442103dd1f77271b7750bd3202,b663fad935d54a48a276dad2482e5732,delivered,2017-11-24 09:19:02,2017-11-24 09:38:31,2017-11-29 22:48:43,2018-01-03 18:52:37,2017-12-19,9f070a3e9a52bbc35fe2c833660d2330,2017-11-24
df78dad0e4ef0211f5622cc26f335900,88938507407fa22c7077d8fa933aedbd,delivered,2018-06-25 08:04:30,2018-06-25 08:38:26,2018-06-25 13:13:00,2018-07-04 22:12:31,2018-07-19,6d22d47891e664af595a41f93686e794,2018-06-25
5e1b4875a5df5a3743b84762d92d5268,d48405717974e57f6a2037b675eda74d,delivered,2017-08-09 13:17:28,2017-08-10 14:30:09,2017-08-11 18:37:54,2017-08-28 20:55:43,2017-09-04,d7a701d76d6d35d6d2a1069972c202fa,2017-08-09
eb54c63c566516c6052fa30db3558c17,9b3f8363f2ee84afcec10865308f0687,delivered,2018-03-03 22:15:38,2018-03-06 03:55:38,2018-03-12 14:02:09,2018-03-16 01:41:10,2018-03-15,45bf2943fd6a36a156c95c143aabe95d,2018-03-03
9c8922b42eceb3b3bffa3b3e098eecc4,081ecee4228a97b36aa3b2cbd1bbc1ba,delivered,2018-08-03 07:36:53,2018-08-03 07:45:14,2018-08-06 14:49:00,2018-08-09 14:49:05,2018-08-16,6cad4c6e0f924934cb7ef9ef61d64302,2018-08-03
76ed9741ef1e5ae8641e9c885d775c82,b22aa5776c204aea80c90573c6cb428a,delivered,2018-05-10 00:29:11,2018-05-10 00:57:05,2018-05-11 05:35:00,2018-05-18 13:34:43,2018-06-05,828f1ae2f85035cc0bc40cc8d2ec9208,2018-05-10
1194afa31e54aeee123be8df42e3f573,b383a778278d061c8b275a611c26ca8a,delivered,2018-06-05 16:56:38,2018-06-05 17:15:38,2018-06-07 08:38:00,2018-06-13 18:48:54,2018-07-11,352532fd050f1e1f1b9a26373401a367,2018-06-05
8347204e1ae41b2ad30899fa41a0a889,67e68659e454ee97821ddb96f4b91c11,unavailable,2017-03-03 23:49:03,2017-03-04 01:33:07,,,2017-03-22,401534231b445c25538b4e02e2a3e077,2017-03-03
69741f6be661e32356395ea391cdca5d,ec8b4c21b7b12f71327c523fd81cba91,delivered,2018-03-27 12:48:41,2018-03-27 13:07:32,2018-04-09 23:23:24,2018-05-11 19:19:14,2018-04-20,7cc03c08d005325866a066545987dbfe,2018-03-27
cd0b9d874096dca1dd609209e76ce7bb,4f482d46c6fe5e13d6993f6c06c1c0ce,delivered,2017-06-04 19:58:38,2017-06-04 20:05:14,2017-06-05 14:55:31,2017-06-06 16:07:34,2017-06-19,17d30052d67a027ee990c8f77ecb9c34,2017-06-04
7716937e9e5ce7dbc5b9209c3f30afe1,2c5b91b72d3c94c751474461c6ea717e,delivered,2017-07-25 12:25:18,2017-07-25 12:43:23,2017-07-26 19:24:21,2017-08-01 20:27:33,2017-08-14,c3b5a698201032ffde98bd0cd7a5a65d,2017-07-25
e67af1fcf53dc5b886f382743f8e4e6a,63fe8f45dc9825a764d7be70ec84dbc9,delivered,2018-03-18 19:52:48,2018-03-18 20:07:40,2018-03-21 18:44:38,2018-03-23 23:12:19,2018-03-29,89ffce908a81bf2c434f75a6606ac38e,2018-03-18
27a90e8052f7030cbb1c892d8e59542e,c56940eec5b36f84fda82f05aa520e7f,delivered,2018-06-09 18:07:31,2018-06-09 18:19:02,2018-06-11 14:31:00,2018-06-12 21:24:45,2018-06-29,100ace3aadd7c742b20e501ce93e5c84,2018-06-09
6278b210eed972794a1824a444ed2efe,707d97395daf1db01ea1fe98ba748879,delivered,2018-07-04 18:28:19,2018-07-06 03:11:22,2018-07-12 11:38:00,2018-07-14 13:58:45,2018-07-26,635699e286ab622f3f1969f6a8c847fd,2018-07-04
9cd2255ff41cdabee2e24bd9ec5b2084,3e97e4616acb3774ea13062109392ecb,delivered,2018-05-10 16:06:01,2018-05-10 16:31:24,2018-05-11 14:06:00,2018-05-18 19:48:39,2018-05-28,96d97637a814355ed5e0913942533b21,2018-05-10
153b80864a22f0638fef4339488a2cf3,3465815678642fddd150c74f20f98f0e,delivered,2017-11-15 00:16:15,2017-11-16 00:10:50,2017-11-16 21:14:41,2017-11-28 19:33:58,2017-12-13,22f845998f64187faf181b128bf035fb,2017-11-15
bbb1b6d02445bc2786f24be1f048612f,3854e2234eed2d10978e229b5ba9d738,shipped,2017-05-29 12:07:06,2017-05-30 02:05:08,2017-05-31 10:39:52,,2017-06-19,dde9a2ce5a7a425139cfd298fcd62ec1,2017-05-29
4caaf61b274c02f48a293f31001a0c01,823b016f05d9078ff1956dc216da4e07,delivered,2018-01-31 12:27:34,2018-01-31 14:10:02,2018-02-02 19:33:23,2018-02-15 17:42:00,2018-03-01,d6d556c986d32e808ca29301b53ea6f3,2018-01-31
16ac52984591a32873cdec7382495c2c,6575ac03728dba8daf9423c92e8cbd29,delivered,2018-07-10 12:46:06,2018-07-10 12:55:32,2018-07-11 14:11:00,2018-07-12 19:06:49,2018-07-18,7e4bebe20140a71b34263a659ba1ce11,2018-07-10
c29a7cc498263621590164d96d2953aa,6d4dd822defb49587337ca2fef0d24d3,delivered,2017-08-14 13:18:06,2017-08-14 13:55:10,2017-08-16 19:32:31,2017-08-22 17:52:30,2017-09-08,b26fa76ddf33e534491e4ec46f51bc64,2017-08-14
fdc88692da135d28b85f197ab75a1a53,fa5b2ac95603afa5cb70babb2747b6dc,delivered,2018-06-01 18:33:23,2018-06-01 19:51:37,2018-06-04 12:31:00,2018-06-15 16:22:01,2018-07-17,3e9c44aa5e26adc7556d91e58c44b31b,2018-06-01
359a6c8d5dfa54332e03367d0da42034,d256ef21afa8f4a7280825bb2dec1c24,delivered,2017-11-08 21:58:21,2017-11-08 22:11:06,2017-11-09 19:38:25,2017-11-20 18:42:45,2017-11-30,ec0984f82dabc7a4737e13d8b0dbe85f,2017-11-08
40e79cd4423c5d7e9a34fcd1f8b9a76a,a7c4132a484a334588a688bc25a1fe3b,delivered,2017-11-24 18:19:49,2017-11-25 04:30:35,2017-11-27 20:06:30,2017-12-01 22:55:06,2017-12-14,f13dfb7552be5fc5803fd1b553808bef,2017-11-24
6e0a05c8cd1585c08cbd95f7e1e783cf,0e56c80b5f34d298fafed268f0780424,delivered,2017-12-13 07:51:49,2017-12-13 08:09:13,2017-12-13 17:22:13,2017-12-19 17:52:04,2018-01-11,e11dc99bd18b0c23b183db07f36639e2,2017-12-13
65d304f392228e0b497f19d67ac76d90,73ee8ac995e6714d70adec2abb1c6459,delivered,2018-05-19 16:47:00,2018-05-19 17:11:31,2018-05-21 14:41:00,2018-06-04 18:18:49,2018-06-06,e4d856cc47f9902fe78a7dda0e293c59,2018-05-19
c3303e89dcbc08a6ba79213095eca5f0,ecd50c4716898b92a83b18ff630ff265,delivered,2018-01-24 16:52:57,2018-01-25 02:58:15,2018-01-25 16:35:49,2018-02-02 14:32:43,2018-02-26,05f3dc786133949e98a4d55501a1722f,2018-01-24
73a366d399bf1947b6d62c2a4e648f27,01950e4d4d0f0f8561e721ad5c8b0f9a,invoiced,2017-02-09 11:41:40,2017-02-09 11:55:13,,,2017-03-21,9de756cc22c1ff1352e519c5e8ea206e,2017-02-09
2b0c5e8ea478e2c617ff8717b4356bac,6698e1f5add40d916c67e21b13139b5f,delivered,2017-12-07 09:52:28,2017-12-07 09:58:23,2017-12-11 19:59:46,2017-12-20 21:33:10,2018-01-02,0a0ec88e2cc988ddfd8fc2c1d7d18597,2017-12-07
b8dbf67f537e4897a9d5d6569fd7ea01,4b31542172377edc9084ac0e82055a61,delivered,2018-08-10 18:50:46,2018-08-10 19:04:28,2018-08-13 11:57:00,2018-08-30 17:41:32,2018-09-10,9e7f77462df10081f5a74cf47f88208d,2018-08-10
01156b662f3f47b249b5a8881d205f08,ac7787b04da7c05fe6037343bd8bf577,delivered,2017-09-13 20:36:57,2017-09-13 20:50:11,2017-09-18 21:07:30,2017-09-27 19:20:08,2017-10-03,04b6b856b16a682a6906b6ff778f7479,2017-09-13
52cbc18ba1a5171e8b511f49c561c9b4,525918becb62c229ad455b82c0cfc343,delivered,2018-01-04 10:49:38,2018-01-04 11:09:05,2018-01-09 20:27:15,2018-01-10 23:09:22,2018-01-23,7d87d595488809f83d90de1c03111eae,2018-01-04
903def626d7780d9943cfe4b85f11ce6,d98e266a02206952ffc32553039b5795,delivered,2018-02-04 17:11:46,2018-02-04 17:29:31,2018-02-06 18:44:51,2018-02-08 00:37:53,2018-02-21,4e96d7eca5fd98222738e1b6addd3ddf,2018-02-04
2f5d70ed755cd9161500d10f19737dce,97258b1b770e304d93ac981548ddfaa2,delivered,2018-06-06 21:50:06,2018-06-06 22:12:19,2018-06-13 13:41:00,2018-06-14 21:32:20,2018-07-20,a8ec5ca555cecc2eee097e5a9240e62b,2018-06-06
e929082d2d58e7c69ca9d06715ef551f,654e52bcecd9ed256edf1278b7a27eeb,delivered,2017-09-21 16:40:04,2017-09-21 16:56:07,2017-09-22 22:25:03,2017-09-29 18:48:46,2017-10-31,ce793105634ef72239cb4d2e9cd00322,2017-09-21
fa9afc1d64be50bf4d2d1bb2d63cc6da,01dea2b11c15fd0f99bfc256d288410f,delivered,2018-02-05 14:35:21,2018-02-05 14:48:29,2018-02-06 16:24:51,2018-02-26 16:05:06,2018-03-12,9e111e7c220010fb2693d4821c01a325,2018-02-05
2625837a3a5e1335d606929a3cf154a8,53170878264b262f67dd44eae6f6998d,delivered,2018-01-17 02:18:29,2018-01-18 02:31:00,2018-01-18 23:48:39,2018-01-25 17:28:41,2018-02-07,cc71d0d999365346d1022c0bf3b4b0e3,2018-01-17
63d6b7bc7b40bda892a917e735970c67,858b146159ac030801e72d01ceecfb45,delivered,2017-10-09 19:07:28,2017-10-10 13:49:25,2017-10-11 01:33:35,2017-10-16 20:49:56,2017-11-01,e4854d6a0f6c3b8bbb46e4cb1a9f6eba,2017-10-09
fe3ed37f8447cf637b8433c92451513a,f6c59ee84a5d75eb10e75d2df12d67f0,delivered,2018-05-12 12:43:44,2018-05-12 12:55:28,2018-05-18 15:12:00,2018-06-13 19:26:38,2018-06-04,a738981ccf873509c2efdcbaf1de28ac,2018-05-12
15c27084788815475d3d73afe7dc2330,56d173fa525c87c279927cc4a62eba2f,delivered,2018-07-29 19:42:00,2018-07-30 20:30:55,2018-07-31 14:05:00,2018-08-06 17:23:52,2018-08-09,6527831e04fc7df632155f984a31219a,2018-07-29
a29af77084743dcf5b484cd0c19daa9b,38c7187bbd781f3cb903117648bfa3ca,delivered,2017-10-06 16:05:51,2017-10-06 16:14:29,2017-10-10 18:51:39,2017-10-18 01:04:02,2017-11-09,a72a2d4e19868dba726c0e6f49198c7e,2017-10-06
b3e86749e6dd7b4df4f345abbd329912,9cc7a2a2047164790f51e316659268f7,delivered,2018-03-10 14:10:28,2018-03-10 15:08:06,2018-03-12 20:58:20,2018-04-19 20:44:32,2018-04-16,27fffe110e3f28e0b75bdc8457a0d2a6,2018-03-10
c1b0aef054d96bbc7d6c28478af21483,dbc778788a25fd96ca5e9e77ca52cccd,delivered,2017-11-16 17:03:33,2017-11-16 17:15:59,2017-11-22 22:02:57,2017-12-19 16:18:38,2017-11-29,82295e39e2c0d06b12e6223d614bcb95,2017-11-16
bbcfe3479e69a4b7b0883bedf8ffdc65,0ce067e01bd19c82859f719f1e091883,delivered,2017-12-16 10:25:12,2017-12-16 10:34:27,2017-12-20 00:26:49,2018-01-03 21:05:42,2018-01-15,2b2068de51eca14418a297e20062f7f9,2017-12-16
aadd7193594d4613a0aa92401c30234b,b9ef1929c0f7c27c2610fdbc2f2b5c40,delivered,2018-06-02 11:33:43,2018-06-02 11:50:35,2018-06-04 14:47:00,2018-06-07 18:02:23,2018-07-13,24fa27d8bf473eeab3f2b05019cbbd02,2018-06-02
d4a961a670c1caabf81268139c1bb131,82883b04e133c829127d3a45aeeb598c,delivered,2017-08-20 12:23:42,2017-08-20 12:35:20,2017-08-21 19:17:47,2017-09-04 17:24:09,2017-09-21,061b05d72cc6600d24bdff2d0e377f3b,2017-08-20
87035570c6fd0cc3421349131411fdfe,848a74f166dd8555ddff084687ccf394,delivered,2018-06-22 22:39:55,2018-06-23 01:40:00,2018-06-25 08:05:00,2018-06-28 22:14:32,2018-07-16,785007e97151c24593dc94a666ac2cdd,2018-06-22
617d980a730141906f5899331ad6db06,194c01d852a6b29b0a9b4df40ff3a4eb,delivered,2018-04-04 14:11:18,2018-04-04 14:29:04,2018-04-07 01:42:33,2018-04-16 19:24:45,2018-04-27,4e1b7eb1a8a53ae50b1bf9af20d0bbf1,2018-04-04
e66c28c44f4a12382611f0de3e522478,9fc65745d2e6f175da441de056d4777a,delivered,2018-07-20 17:40:31,2018-07-20 17:50:21,2018-07-24 14:21:00,2018-07-28 16:40:43,2018-08-22,4a4a08689d530c0fec717a4163370d16,2018-07-20
e9b40dee488f04d79f264cfc3d8a2f0a,cf21bb8a7e2d6feef9d4bc23da7d679b,delivered,2018-05-16 13:26:20,2018-05-16 13:59:08,2018-05-18 14:29:00,2018-05-21 15:42:25,2018-06-04,a56d7533e35b29f5c591bf498b6cc6d1,2018-05-16
74ef6fad7ff108e20c28937b7e1b7c3c,ca796f0554b7f816f58ae0417a9f6fa0,delivered,2018-03-20 16:56:19,2018-03-22 02:56:23,2018-03-23 13:11:59,2018-03-29 20:03:49,2018-04-06,c149f457de48d411e8aff0f179988a33,2018-03-20
dfda6b8e30bc9ac258d2835f931c28f0,6b4a545e81c747a0f12ec50d9f725d63,delivered,2018-01-08 11:23:52,2018-01-08 11:35:30,2018-01-12 21:22:38,2018-01-18 20:58:50,2018-01-31,533959cf0ee1554e269d8cc79f12a7d1,2018-01-08
29e40d80fb76f5da9cf2a104f960790c,40340056dc055b0ae321a36383a232b5,delivered,2018-02-18 08:39:30,2018-02-18 09:46:24,2018-02-19 21:13:10,2018-03-21 23:41:05,2018-03-20,3de8346af6099edca3b6e85f5d536957,2018-02-18
2e429ae793d0065e4efbe7040c5e3203,ce3557b2b0bf9b7cb6c54af4a2d0babd,delivered,2018-05-10 21:18:31,2018-05-12 03:32:36,2018-05-16 15:30:00,2018-06-05 13:54:25,2018-05-29,c300bae67265f51a879598ebf9c49c92,2018-05-10
a113213b73eab23b8cc9744a43f7f65c,ee806731e5bd1922c73da9af10468819,delivered,2017-12-20 07:04:15,2017-12-21 02:12:48,2017-12-22 16:14:59,2017-12-29 19:32:41,2018-01-18,fcd5d41028fd2da490248bc304e3b3fc,2017-12-20
d02810c489d42d7e54dd19b8d7c9d91a,c21b4101c44c6030ad3784ece35e04cd,delivered,2018-03-13 14:16:30,2018-03-13 14:28:38,2018-03-14 17:12:14,2018-03-23 23:41:36,2018-04-03,6038bc8c40385557efc540369c69b03a,2018-03-13
f4f92c0415cf3360dbf1209032bba08d,b6e702e4d94020dffb7772f5511c3265,delivered,2017-03-10 13:18:07,2017-03-10 13:18:07,2017-03-13 14:12:52,2017-03-16 08:47:44,2017-04-03,a761397d21b4272c0e036afbdd40fb2b,2017-03-10
f0107a10578d0418c07ddd6bbec0f94c,be10f8d6a8eaf7abc4b481e668f080ce,delivered,2017-07-04 10:48:43,2017-07-04 10:55:17,2017-07-10 19:39:44,2017-07-24 18:12:36,2017-07-24,5c5d29938f2e541cf631e829dc75c9f4,2017-07-04
a7144d3b7979d21c288cab0a459f7bf0,6250c0be552393dae4324dff902a56a0,delivered,2017-04-07 18:41:20,2017-04-07 18:50:17,2017-04-12 08:05:25,2017-04-19 12:53:40,2017-05-08,442218fb56227a4e1dd5e844ce9ff728,2017-04-07
abe45c6183ce8438e33286caf45374b4,6b6eea107c6bf3987e5d11da2f503e0a,delivered,2017-06-03 12:36:33,2017-06-06 13:25:20,2017-06-16 12:44:50,2017-06-27 12:48:40,2017-07-04,c3e2e101197c3acccdd1d2a7618c6a73,2017-06-03
fe51db9ff7a67edc7468c14e0a2e9aa1,7247106f634d1730b57da177148bbc0f,delivered,2017-02-06 17:10:51,2017-02-06 17:25:17,2017-02-20 16:34:13,2017-02-23 17:27:35,2017-03-15,7b029af5c3dc7cfa9d7fa1720e8a1d34,2017-02-06
4624ea7637e72baa8c19beb97398173d,038aa59fda83ef09082edd0718cd97ff,delivered,2017-06-30 18:12:15,2017-07-03 09:55:16,2017-07-07 18:49:35,2017-07-20 18:29:31,2017-08-03,815c04254741d959b31d232475606811,2017-06-30
2eb6d51ef9ae3ae319b31ce4e4ec0097,723a9dbaa319e03aec1287b768125c53,delivered,2017-06-02 13:14:46,2017-06-02 13:30:19,2017-06-05 17:08:24,2017-06-12 08:27:54,2017-06-27,0608b94dd7f1fdddbe1216c453dab7de,2017-06-02
56817b6a13a54aa268c6fb5cb044f84a,4ccfe8b4a000b269973930e647994535,delivered,2018-02-01 21:10:39,2018-02-02 21:10:27,2018-02-08 00:46:50,2018-02-16 20:45:22,2018-02-26,b7f5292338691e33bcbb67fdb8695668,2018-02-01
91d4539b388eaa6cdb58342954c42c5a,4ddb850103e6736b88bb8c5161b97dad,delivered,2018-04-05 16:52:50,2018-04-05 17:09:50,2018-04-07 01:28:40,2018-04-17 00:32:12,2018-04-27,8a09151eafa8c55d97a45c1b4800fbc1,2018-04-05
2ce205c58fef8abc5963b6da38e4b2fe,8fbfdbacdc92ddd984f024f09e62408e,delivered,2018-08-06 22:04:22,2018-08-06 22:15:18,2018-08-07 14:06:00,2018-08-14 14:46:43,2018-08-20,73f2248eb4705834587fc9e1ef45b3bf,2018-08-06
025fe62703ce31742dc8bbe8b1a99b56,fc217359526d7fceb4f1b3b7756dcd56,delivered,2017-12-16 12:44:51,2017-12-19 10:10:44,2017-12-19 23:04:47,2017-12-20 20:43:43,2018-01-05,508a6e712f9de578cd0f8314f9e19a79,2017-12-16
1c1c151fd9d7a589bffa44635f4f1310,0a133589395921bf74897e05ec96f1f0,delivered,2018-07-30 21:38:40,2018-07-30 22:31:37,2018-08-01 15:56:00,2018-08-03 22:17:30,2018-08-02,84b0fff98a58a5dfa9dfba4a5d42056b,2018-07-30
49843e531464ed9b7fd3024c336faed8,d77394ad560e9f49d8951a6a3546fed9,delivered,2018-03-06 15:30:55,2018-03-07 02:49:15,2018-03-08 14:19:35,2018-03-14 23:18:53,2018-03-23,9e622819d4b78a5bff0c1403a6bb9545,2018-03-06
d1e49fad76dfd4ed8f5488500011e45f,25d440b7b000d8bea79037e4a382d558,delivered,2018-05-23 10:16:23,2018-05-23 10:36:09,2018-05-25 06:18:00,2018-06-05 15:54:57,2018-06-18,f0663046f4fb8ab7073364aa3158ff1c,2018-05-23
3c38b53bb7d6f3c9f00d993a80f8cdd5,ec8c80a5a5e99b6c7c4ddaed8d8bdd4c,delivered,2017-10-18 16:02:42,2017-10-18 16:14:43,2017-10-19 16:52:49,2017-10-20 17:12:34,2017-11-01,36e6f8967ccdbe52405ed9323090b4a7,2017-10-18
cf9bb4d37d0b4a4df8b2d95bc83a1539,92f3760b26938983b3698e6d2559764a,delivered,2018-07-15 21:48:23,2018-07-17 04:31:58,2018-07-17 14:26:00,2018-07-28 11:17:38,2018-08-08,404c70b8b40b5fd8cab20f8d5093cc86,2018-07-15
29eaa93d33fc632871bee1c846c6c7ce,9e070cb2730a7ad3880a66468a48233e,delivered,2018-04-23 12:36:30,2018-04-24 17:41:49,2018-04-24 23:07:46,2018-05-03 00:19:24,2018-05-23,0377c4b5792adc66cac7fbcf5f90dbd0,2018-04-23
da1e438a39bc8b47403207e4c043594d,524e35fe63be323cf7c7d761aac5d34d,delivered,2017-05-08 23:20:58,2017-05-08 23:30:14,2017-05-15 07:09:50,2017-06-05 16:29:16,2017-05-31,3126fa08bc9542bf3500d12b187ae1f2,2017-05-08
a83bbd7210fc35296b93c16a48be49b8,1a760c39f66b1b47fe6812876b945e48,delivered,2017-07-11 00:39:48,2017-07-11 00:50:14,2017-07-12 16:44:26,2017-07-17 19:07:27,2017-08-08,1f158aaee60e88bec053b05d2224cda4,2017-07-11
994401fd01721847793a72da7050c935,80c1314f5c6dc8009710aaaaa644475f,delivered,2017-04-09 20:45:27,2017-04-09 20:55:09,2017-04-13 15:58:07,2017-04-28 15:47:50,2017-05-16,1fb7b0753c39a28935ec5db93fffdd42,2017-04-09
d3cefa3b994d2662eba354f826cd64a7,6cd0ab1128ac257e65a2ff5e7b8da810,delivered,2017-11-06 20:37:19,2017-11-07 07:30:43,2017-11-28 09:24:45,2017-11-30 23:53:00,2017-12-05,58b1f95484a1b2945c69403389426bd0,2017-11-06
2ce4f2ad6400bcf53505cb29f228755a,84d03da5b419db76b30b4f5d8ccb6450,delivered,2018-05-15 20:11:10,2018-05-16 02:55:09,2018-05-16 08:34:00,2018-05-24 17:13:07,2018-06-05,e58043c5746b4d123edd5fe77ef48696,2018-05-15
621e3ac1e934f773b4db54dbaa49edab,19d52c17ee7447aefa1782d6fd9d580f,delivered,2018-03-16 18:47:04,2018-03-20 03:48:46,2018-03-20 22:38:45,2018-04-20 18:12:50,2018-04-17,e1b18b20e39206c882a90cd9e8f8efc0,2018-03-16
a5a3c295445dd23736b0a5c49bf376dd,b26b334a381075fcf9f0b0354c4a453b,delivered,2018-04-29 15:50:17,2018-04-29 16:15:16,2018-04-30 11:46:00,2018-05-04 16:28:30,2018-05-17,09d735fbd0a987bf264a708d2807d0c7,2018-04-29
a42e9f17e34277db56eae85c479c8426,a9fa62170275bae9e87b228bad3ba33c,delivered,2018-06-12 09:04:48,2018-06-12 09:40:27,2018-06-12 15:06:00,2018-06-13 21:41:14,2018-06-21,fe6baf7ab3cf7378de7bfb5f49db489c,2018-06-12
061aa244b31dd240e079ad7a7ce3f32f,49d060225cea4efaab0882a62cc3997a,delivered,2017-09-22 15:37:18,2017-09-22 15:45:45,2017-09-22 20:38:53,2017-09-26 18:27:53,2017-10-09,814286cc1f3e933227c148747bbe3a71,2017-09-22
9dc960f739dffe11a498162d0d26c103,a21318b1cf4bb2e728275bb44c2829b5,delivered,2018-02-01 10:13:27,2018-02-03 02:53:59,2018-02-08 00:53:09,2018-02-09 22:16:37,2018-02-19,5feed8d52e7bf845237e1de187adb9ae,2018-02-01
4780df3ccba2421e8403792f2a8a0d67,74756ce04db42d46a954f2f687b7686d,delivered,2018-03-01 10:48:09,2018-03-01 11:14:34,2018-03-02 18:07:22,2018-04-04 12:53:42,2018-03-19,0d205c3a77c323684c7e9fa525448110,2018-03-01
b09c70ad14e8113f2aabaee95aff25fb,fa701810e6591470f5b1d0cb54d113d6,delivered,2018-01-19 14:32:01,2018-01-19 14:57:13,2018-01-23 10:42:12,2018-01-29 21:59:10,2018-02-16,a4fc8ca14b452d822ca97a68ca438261,2018-01-19
d11d6ab0c7df16a66c726f6f83ef51d1,dfcfd4bcff0fc8ed438d9bbb40c9bc05,delivered,2017-09-03 22:08:27,2017-09-03 22:24:19,2017-09-04 20:20:37,2017-09-12 20:29:43,2017-09-27,38c36e2b07cd2ebe4b525afa2698fa91,2017-09-03
f3da0d205fb8a689ba773b74194ad85c,b4d59456cf6d20c530c51c65e749c5cc,delivered,2018-01-04 08:41:09,2018-01-05 02:36:44,2018-01-08 19:06:57,2018-01-17 22:07:11,2018-01-30,faaada5047472d31f7c6cbffda4b8ee8,2018-01-04
c27c10569c789ec6293df7ef9f4caaa1,c4f6b0c6b4edc8bf67467bb6bf1077fe,delivered,2017-03-31 15:41:39,2017-03-31 15:55:20,2017-04-11 16:38:07,2017-04-18 19:29:06,2017-05-09,a5e2feb68c026d00538f28f0c605ca11,2017-03-31
b4f32b99da22c8263a0cf99ddd7cb55f,0ea326425f455ed155649f875ca7a168,delivered,2017-05-19 13:05:48,2017-05-19 13:22:27,2017-05-19 14:56:07,2017-05-26 10:07:59,2017-06-13,e8b6707b80fa473748e3cb30f7271ed1,2017-05-19
0ab0adc81c98426d2cde86ab2ba52bc3,4ddafff707b98c2f941aca4da98b3044,delivered,2017-04-20 12:57:14,2017-04-20 13:10:51,2017-04-24 14:43:02,2017-04-29 10:13:13,2017-05-12,0043d65f8039b4a4d43bc7b0f450ac2c,2017-04-20
0413fe9eb0eb4aee51ef3065e9c91aa3,022d2a2e532b92556bf7cd39107fd780,delivered,2017-06-30 11:27:34,2017-06-30 11:43:10,2017-07-03 13:25:33,2017-07-11 23:27:59,2017-07-26,813a625a578851760225edaedaac92be,2017-06-30
5ad7d897998f9bab0176a1c82b7437ea,d998224127a8d4a8ca5ddf2a59006bb6,delivered,2017-08-28 20:17:51,2017-08-28 20:25:37,2017-08-30 12:59:57,2017-09-14 22:22:31,2017-09-18,65907b614b97c1377e29830ef2bbff0b,2017-08-28
1f52e650514a6e3621994f4a48e264fa,7c4b2901f3f6fc349e2709110ee34e3d,delivered,2017-12-15 21:38:09,2017-12-15 21:51:25,2017-12-18 19:35:08,2018-01-04 18:19:10,2018-01-17,5c4b329488b00458c394bd47ac4f068e,2017-12-15
efd8d1b981913fbc82d5cb85e7e0373f,85dca883efd5ad7d71213fefa8528d7e,delivered,2017-08-18 15:30:49,2017-08-18 16:04:28,2017-08-21 19:57:33,2017-08-22 19:55:58,2017-08-31,6ac9579bd162e2125a125626ad89c54a,2017-08-18
88e55fde09f2f11df0bb4890ba3ee879,b25714cbd8cbea548e9a868c2a8dce1e,delivered,2017-09-14 08:47:02,2017-09-14 09:04:07,2017-09-18 21:22:12,2017-09-29 18:37:30,2017-10-05,e054a5afcb990a17036f7184674f4024,2017-09-14
94c75dfeee3285793c49e131f730a73c,3944b82e37ee5e185759759a68c555a6,delivered,2018-01-23 20:53:56,2018-01-23 21:20:18,2018-01-25 20:09:51,2018-01-31 15:54:06,2018-02-15,46b2b6698ce167edda3918abe810466d,2018-01-23
a4fa719430167664811c30680941ec40,a240ccd156413c662c6b890586035887,delivered,2018-08-06 20:56:23,2018-08-06 21:05:18,2018-08-09 15:07:00,2018-08-16 19:38:25,2018-08-21,50500aaa111638b51c4c729d7a35794f,2018-08-06
4e64cd773156febbf0e105d0b4aeaad0,2a6380a3c3cfcc8fc84783942f7c5ada,delivered,2018-03-16 00:21:49,2018-03-16 01:55:25,2018-03-29 20:33:22,2018-04-03 04:20:57,2018-04-13,16034a3ae2300a5ce76bb8dd531f8311,2018-03-16
c0bd1839e07d2c2eb2f047b50da39f2e,310509e891b9c8d01507a2acd753324c,delivered,2018-02-26 09:41:18,2018-02-27 04:41:14,2018-03-05 20:53:34,2018-03-15 01:31:00,2018-04-05,ec449149317e67f234b1cf7fe9fc966c,2018-02-26
e7357fe4a77b19d99e8916f8e8af7b69,c6ecebe7894f7de1fbe05d97dc57f3c9,delivered,2018-01-04 13:40:05,2018-01-04 13:52:23,2018-01-05 19:49:18,2018-01-11 17:22:48,2018-01-30,a7771f0b7df65cc5e6897856c7b08c08,2018-01-04
09023a853a37b3ccb3ca46372068748b,2c197ea326b24a3dd7ae5cd7febd4599,delivered,2018-01-30 15:40:06,2018-01-30 15:55:31,2018-02-05 16:32:08,2018-02-21 17:38:05,2018-02-26,c5417fa0f964240f27e678c045040749,2018-01-30
782c3666584e68ee1fe25859e30cfbe8,950aed4cf173ac2b9b4985377039adcf,delivered,2017-07-26 16:04:07,2017-07-26 16:15:21,2017-07-27 18:21:51,2017-08-03 18:49:24,2017-08-17,9b291e2160cf7eada1cb8bf6e9f8c244,2017-07-26
9de76ec033b835610e97e8b8b78011d1,15a15490641145429be8cdd6ce872d68,delivered,2017-04-11 13:00:12,2017-04-11 13:10:17,2017-04-17 17:20:24,2017-04-28 11:42:45,2017-05-08,928616c185852cc998407c716a6f69bc,2017-04-11
cdd077f14d312b2490a97e9b1fc0caab,b1ed30407bcc491702594654edf43c48,delivered,2018-04-19 19:07:09,2018-04-20 08:10:28,2018-04-20 20:38:37,2018-05-11 20:35:52,2018-05-14,434b479a6ad8b343becbeab9f3ad2c88,2018-04-19
1431b547a5eddb3dbc9adaef89b9e5f9,fe91e175a31617a8a51b8097e2c53dbe,delivered,2017-05-17 09:03:36,2017-05-18 02:25:42,2017-05-19 10:57:43,2017-05-29 12:23:54,2017-06-12,281a589201691767532e496d0d40ebc7,2017-05-17
9376d48a8f0dfe09122a2e197aee2436,b24e76ff960c3a5cf88ce8852d6e9fe8,delivered,2017-04-02 12:37:46,2017-04-02 13:05:51,2017-04-03 15:27:41,2017-04-05 19:03:53,2017-04-24,875e9bc9dba22c41f1931a2d55201ec1,2017-04-02
d2651bbfae1f2a0814488eea7ff6165d,0f4fa1eb4a17044d57731292c86838fd,delivered,2018-08-14 22:48:48,2018-08-14 23:04:35,2018-08-15 15:07:00,2018-08-23 00:36:45,2018-09-10,abb63d37cf15e36bbade3c9a0a3b8e18,2018-08-14
f6aed65c2ae30760c5c950f95d1c124f,e99e1e11fa176e28f882fc339aeba6d3,delivered,2017-05-15 12:07:20,2017-05-15 13:04:43,2017-05-17 17:20:23,2017-05-24 12:00:34,2017-06-14,5ad2402ad280a4565016316f49c24460,2017-05-15
a298b9d499a8e4ba3c0fe83ac59a4f7d,a1d58b815a7e373d01a92cfa65fa60fc,delivered,2018-04-01 06:04:03,2018-04-01 06:15:08,2018-04-02 23:28:26,2018-04-04 01:03:25,2018-04-12,dd029e708cc37a26474bba9aa0e228bf,2018-04-01
b5ce347cd62af1116c46cef624970cba,516e38aca1a40d1e169eeeaf0379ca4f,delivered,2018-05-18 17:24:11,2018-05-18 17:55:38,2018-05-21 15:48:00,2018-06-05 15:38:26,2018-06-11,c083d2429488195bf01384017dde809c,2018-05-18
4a17b2645f4598da6cdcd43f785b9b1f,83ced71889769885f9a06748fc0364fd,delivered,2018-08-22 13:06:17,2018-08-23 02:44:25,2018-08-23 09:32:00,2018-08-24 18:49:41,2018-08-27,b08d7c8bbee2f760ad889bcaae2bc5af,2018-08-22
edd378f5237218b9ab0d7cfb2f9fbe12,114587c7c5ddfc7863796a843fa2a415,delivered,2018-01-31 15:33:18,2018-01-31 15:53:35,2018-02-02 01:33:36,2018-02-14 17:26:52,2018-03-06,35150e1ba134ac622dcf1aaf3f072396,2018-01-31
e8204ce4727e0579d7cebd304236bcc3,7673829d261bae4cab2db2e831d038af,delivered,2017-04-06 10:50:06,2017-04-06 11:02:57,2017-04-07 16:28:03,2017-04-12 12:55:07,2017-05-02,67938ae5a1a2d7e95af72ab27487fb09,2017-04-06
fb532c8404467100e3f75ab03b3faae4,d5179a97980d69d1b4bb8f77a21e4785,delivered,2017-06-14 19:06:02,2017-06-14 19:40:06,2017-06-16 16:15:12,2017-06-29 12:44:46,2017-07-05,4b718d5b525e3ae0e042551d852b2620,2017-06-14
6c28b1d1bade1e274dc893aaf8b0535d,14cfb847ede5c34c45673456203da884,delivered,2018-05-12 20:43:03,2018-05-12 20:55:25,2018-05-14 08:00:00,2018-05-17 18:16:45,2018-06-04,8b1f294d23244901dae99e29bca2ebc1,2018-05-12
90141430d83cd8c4e59b6a4cc206daae,03cdd9e78baf4d26f27d09cc8a29e774,delivered,2018-04-26 10:17:31,2018-04-26 11:32:22,2018-04-27 17:30:00,2018-04-30 17:22:08,2018-05-18,6bafcd1179bd643190486f233f47a650,2018-04-26
517defb33f093024e769619f4e9a0d5f,4e47c14e81dde330ac14adc0adf296fb,delivered,2018-02-28 11:25:33,2018-02-28 11:50:32,2018-03-02 00:15:08,2018-03-14 22:13:26,2018-03-19,7b0ed181cade5434045efbdecb35bbcc,2018-02-28
9aa39c76674f9f645b97303b4c2e3cc4,79c5eed952e748a096abe752f04b6478,delivered,2018-07-05 06:46:44,2018-07-05 16:23:36,2018-07-05 11:56:00,2018-07-12 17:38:29,2018-08-01,708acb99f1c8f08264b5064e49f3084a,2018-07-05
66b487875c37a9310b7dd7cccf6372fc,948ed6b58c6d978c9cee8648a7377ee8,delivered,2018-01-20 11:08:55,2018-01-20 11:19:34,2018-01-23 20:24:14,2018-02-01 19:18:43,2018-02-16,864559e2d547f8bbd958a17d695223c2,2018-01-20
d14f57164c76dc1c2abe706a1bf71153,4d724ca7f32d3adc6ab49b2395c07a92,delivered,2017-08-02 10:13:10,2017-08-03 03:04:53,2017-08-04 19:49:40,2017-08-21 20:13:39,2017-09-01,d1bae22c4db8ca260397132fd64da85a,2017-08-02
00b47ee856118583dbec7d1f9b18d847,7f6a163f7d28e407e5eaa735bf7014c5,delivered,2018-03-26 19:58:48,2018-03-26 20:10:20,2018-03-27 22:45:50,2018-04-09 18:52:28,2018-04-13,3e13e5843eacac8a8ec14b42e8a7174c,2018-03-26
5d3d12685107807b3d265fc3e4742597,e47037c2cdd1ccb54bc894d96a02ea0a,delivered,2017-09-09 14:36:15,2017-09-09 14:50:16,2017-09-12 12:33:54,2017-09-22 23:54:51,2017-09-28,52fed459e59042166627823a75d16a8d,2017-09-09
6f64e74ecd4ed3196bd31cf14d1967bd,3c336086cc950f61a01bfb180833186b,delivered,2017-04-01 22:10:50,2017-04-01 22:23:00,2017-04-04 11:51:08,2017-04-14 11:43:02,2017-04-26,388d85114f07785bebee4120646662c5,2017-04-01
55d4004744368f5571d1f590031933e4,fcc7b1caafe3b77fd587bab964c4d1fb,delivered,2018-03-18 09:52:19,2018-03-18 10:08:04,2018-03-19 23:51:29,2018-03-21 17:44:08,2018-04-06,c860357db400d72a2497064f8376fba9,2018-03-18
ccb8ce3ffe5d4fcd8e6ce36276f9512a,d0c548cc5664b5ad134df221fcd036cb,delivered,2017-04-12 08:31:16,2017-04-13 08:41:58,2017-04-17 12:35:21,2017-04-19 16:18:53,2017-05-08,1ece9a0e183836edb1cfe0f361c81984,2017-04-12
3c4ec7795b9ef9b762cb33214c19c80c,ff924ed193229e3be86706a86806e4e0,delivered,2018-05-14 09:26:01,2018-05-15 09:33:14,2018-05-17 13:29:00,2018-05-18 16:56:32,2018-05-28,d876e546f698d7473baf849455b836b0,2018-05-14
47f038767a6187d148818c7b79dfcf2c,3be06401e94d4beb5eb886b419811db6,delivered,2017-08-11 16:28:13,2017-08-11 16:43:57,2017-08-14 19:57:50,2017-08-15 18:07:46,2017-08-24,3b2908827bc95a9268d4ab217eb29f77,2017-08-11
639940742b8990ac13f8f953e11d35cc,527f724d7eec1a2dacf814c3d9b7cc70,delivered,2017-12-11 23:17:36,2017-12-11 23:35:57,2017-12-12 17:35:07,2017-12-18 17:23:43,2018-01-09,1026dd3852ab2d324532fef99370a487,2017-12-11
90832f698bb7128cd0138d5ceb042379,d35a4c322a7babfd1615d34f8df16b1b,delivered,2018-01-22 11:29:34,2018-01-22 14:22:49,2018-01-24 21:28:47,2018-01-31 15:22:53,2018-03-05,4fd5d9ceacba23bc2f28db60383203c3,2018-01-22
ad37eddb1c31a48b3a6677488593b984,b31acd57a019f00da1fa8b6dae5b740f,delivered,2017-08-14 20:09:08,2017-08-14 20:44:02,2017-08-16 17:12:46,2017-08-21 19:36:32,2017-09-05,d6c931d313b64c79129e3ccc99d74ad0,2017-08-14
374bd3371c572eff1218edb0eb68cb96,17df09c17e859d9c328292bf6444ba9c,canceled,2018-02-14 03:35:04,2018-02-14 03:50:30,,,2018-03-14,8e77009e76077defe91bbb0c1be6f453,2018-02-14
b0d99560d7b147f5cbc4a4961bce663c,bccdbf6cda813e78a4bd5fcf7f8c09dc,delivered,2018-03-18 01:40:19,2018-03-18 01:50:31,2018-03-20 19:26:28,2018-03-28 22:38:36,2018-04-05,048bd839cac80bb9e2030ec06a5fdb8a,2018-03-18
b6b01d3d01c6df1ff950084e0f9ec7f4,9c2fc7e2f1765c15b18e8c25c08eedf3,delivered,2017-07-24 21:05:02,2017-07-26 02:15:13,2017-07-27 17:47:43,2017-08-07 17:22:54,2017-08-11,f7d3d2b24fee56ba3e280a12122c11ed,2017-07-24
cc2462dfe3164edb93bf14003c301c3a,b27682bd2c95905f9733e5af679c3688,delivered,2018-01-27 07:56:43,2018-01-27 08:10:41,2018-01-29 22:54:57,2018-02-07 14:58:08,2018-02-23,57501a49368ff3a72d1eea2b0d2a5519,2018-01-27
946f9c80195609dbdd3258b549d8fe16,1096853e9f9a4dd0071b983a7d0501bd,delivered,2017-04-26 13:34:20,2017-05-01 22:33:50,2017-05-24 15:15:10,2017-06-02 14:18:10,2017-05-19,50bc5b2aa6354b1f33c4d669ef551c96,2017-04-26
c9b045114b2a561d952e2b7a3e7593b3,6439a106087fb08855efa02ecc62900a,delivered,2017-08-18 13:59:26,2017-08-18 14:15:21,2017-08-21 21:42:38,2017-08-25 20:09:19,2017-09-12,1c3d71e403c34f60c6566d08b451c138,2017-08-18
a430c3923f187d00e67e7fef037109d3,9d4d8a6556530ce85b30147f9ecb799c,delivered,2017-12-20 08:57:56,2017-12-20 09:11:45,2017-12-21 21:28:30,2018-01-07 14:49:30,2018-01-15,1d88af8122b6279cc2e9be6d3daec0df,2017-12-20
e3ad77f2683cf57ced740ece64eea3b7,ea665ac5a97f1a3987a5f9629be6e9c0,delivered,2017-07-29 22:17:46,2017-07-29 22:25:10,2017-07-31 20:17:53,2017-08-05 18:27:52,2017-08-18,37275a94f166f52c1c25c5a68a12309e,2017-07-29
9eb146a54fbc603233dfeee6842ebae6,99750744559bca1f62c527b1a7781167,delivered,2017-03-20 16:41:25,2017-03-20 16:41:25,2017-03-24 18:37:31,2017-03-31 14:04:24,2017-04-17,a662a415dbbb5a154b3d38aa4fc86e57,2017-03-20
af92012b9c9ebac7f18b1a219e2474fc,beb1179c24f5eb219e9906c440fc59ff,delivered,2017-04-20 15:12:24,2017-04-25 07:55:44,2017-04-27 15:33:36,2017-05-07 12:03:09,2017-05-26,7f531a44b470da4b21197e47de11da9a,2017-04-20
c546a6c20db2388cfdf1f72285456a3f,db147afc51da134594884b8ad4364d35,delivered,2018-02-02 14:23:39,2018-02-02 15:31:21,2018-02-03 01:03:53,2018-02-17 13:57:48,2018-03-07,2887c7322bdeddcfc666b5f2d9c545d5,2018-02-02
0bd8de09c6bb3ea2457b00aef3b682d1,54a70f1262862600d627f401a9f9e072,delivered,2018-05-10 01:53:35,2018-05-10 02:16:11,2018-05-10 10:54:00,2018-05-14 11:08:44,2018-05-30,64b9eaea8486b5e6714af99547de69cf,2018-05-10
faa72e2db68f17d71fa5c725cafc53ad,a6a0a62ce165053b536f84be26fd22c7,delivered,2018-04-15 18:34:32,2018-04-16 08:51:12,2018-04-16 18:56:48,2018-04-20 20:28:56,2018-05-16,81173dfefc72d08cc9b859fa647edd0a,2018-04-15
30a12d3b9e19a16ac0298cc7bcb5a322,019f698e086a468627af26baa7babf16,delivered,2017-08-26 15:05:10,2017-08-26 15:24:44,2017-08-31 09:43:18,2017-09-08 15:22:00,2017-09-19,0fa57eed3983b8be7986bb7c3c2c8987,2017-08-26
e9541359c8913cd9c5a99703b92f84fc,04f3fed63b02610ccf63aea0874d9b19,delivered,2018-04-20 16:28:14,2018-04-24 19:26:30,2018-04-24 18:58:49,2018-05-02 11:06:31,2018-05-14,aa8804bf7d630692c09b03528f1fdedd,2018-04-20
0b90ac9175a39196661a45b34be587e4,6ae6c7c1f89f7151c85245068c11d633,delivered,2018-08-03 09:54:45,2018-08-04 04:05:57,2018-08-07 09:48:00,2018-08-11 14:28:26,2018-08-15,17937682a0684a1fb193dbc4173e4103,2018-08-03
ae4bc56b9c680b24575df3867986d5f3,7dc49bfa56ba15da4f212899ac74f19f,delivered,2018-03-31 01:29:22,2018-03-31 02:00:06,2018-04-05 23:44:41,2018-05-07 23:18:34,2018-04-27,86ded1a358ed6a359f71baa6d58ff048,2018-03-31
d3c03dbaa329d4cc4c2c13d982a94438,efc4607fbb8ac874c7f80b692b9fcf0c,delivered,2017-04-03 18:56:53,2017-04-03 19:05:12,2017-04-13 18:28:16,2017-04-18 13:37:43,2017-05-10,02cb7a57062bb762678e321e15ffb11d,2017-04-03
ad0e8e3c3cda723a11733875aea3ec64,62a247c8f915012b83470a5e6f1c458b,delivered,2018-08-15 16:27:39,2018-08-15 16:44:08,2018-08-16 14:14:00,2018-08-17 22:04:10,2018-08-21,879bef497f8db6d71cfbb3ad7993737a,2018-08-15
27428009109805ea69e0638806aa97ef,b81d67e79a5c8f8960c71c26ff7763d0,delivered,2017-08-20 18:36:02,2017-08-20 18:50:15,2017-08-22 20:28:02,2017-08-23 19:50:04,2017-09-01,d19314555232be31f610ec8757a6752c,2017-08-20
84dd66bcbf849a7cbc4f484e83152ec5,c4f85e8efc551ef14fe98c72a3c76bd8,delivered,2017-08-10 20:50:07,2017-08-11 16:55:07,2017-08-15 15:33:15,2017-09-20 18:57:18,2017-09-06,a98ee99920cb88ed5fefab7cd69165ea,2017-08-10
317c2c773295f70b67e5511ccd55f81c,1a87ac7d56c7f9d337a271a7c157184c,delivered,2017-08-01 00:03:15,2017-08-01 00:43:11,2017-08-03 16:29:43,2017-08-09 16:14:51,2017-08-21,04effeb71dfa28a5096368addc3994be,2017-08-01
4e4d30e5b9a5366b48373c359fde8863,f7b0e3274560f0e30a49e996d5e45554,delivered,2018-04-23 22:32:31,2018-04-24 18:58:57,2018-04-25 13:42:00,2018-04-27 00:51:36,2018-05-10,e76e647328a9e93ed922d8f39a4bf3eb,2018-04-23
65419e669552c3526937c367f1edd754,51c2d801c9abf8e543afa3fb64f1dee5,delivered,2018-05-30 10:54:47,2018-05-30 11:10:07,2018-06-01 12:53:00,2018-06-08 21:08:35,2018-07-03,a54725623cf90297c1e3a8095b195ff6,2018-05-30
1d671f4aa75c57086215073b775c7f41,98b71ff28f7ea89054def4aba7f8225b,delivered,2018-06-13 02:32:34,2018-06-13 02:59:33,2018-06-13 11:13:00,2018-06-16 14:36:49,2018-07-16,ee9fa2efc23d0a26e507906773e0ff1d,2018-06-13
82acff152625d343c9ef91512401c210,9c2429c51db5ad82c78f48935d39dafe,delivered,2018-02-27 18:05:39,2018-02-27 18:15:33,2018-02-28 19:32:49,2018-03-06 22:22:29,2018-03-20,bf3f9bd6d49afc0efb5feda4a516099f,2018-02-27
fd18144a7f23df9342113fdc1f130213,f20a6d4cb03a77f8819ab4b0a55a0685,delivered,2018-08-17 09:34:31,2018-08-17 09:49:52,2018-08-17 12:12:00,2018-08-24 02:03:08,2018-08-29,b83722ed61968b223045b865deb698c8,2018-08-17
9fc6ad47ea55766ef9dc9dd7d2fcf14d,9e9870b09d19b1a033d376d3f383f362,delivered,2018-04-01 14:55:12,2018-04-01 15:47:52,2018-04-04 19:14:53,2018-04-21 18:56:41,2018-04-27,e6cfb18e210213b9b75898f35b2703e6,2018-04-01
4bef799000dee0ad92c4b0397f9d16ed,fc26e26d0f0a0ff9e0e1962f6899af3f,delivered,2018-07-20 18:40:07,2018-07-20 18:50:16,2018-07-24 10:37:00,2018-08-06 12:38:32,2018-08-07,7fe9cf15cf1de9a6ffb4a9206c6cad29,2018-07-20
6b63433212c602eeba6a683bdc5e6b4b,0a3c4740cee6181eb4673dd7fca3410d,delivered,2017-03-16 18:39:54,2017-03-16 18:39:54,2017-04-11 13:35:21,2017-04-17 12:51:55,2017-04-04,a826e173df23e6620170be7da0233ef5,2017-03-16
4718e26e21843ffdf11aec010a344436,87b150746eb224eed45e54ee31dac9f0,delivered,2018-07-27 07:57:16,2018-07-27 08:10:14,2018-07-27 14:40:00,2018-08-02 21:16:57,2018-08-17,b7b162291adff744d6f3c6450557ffee,2018-07-27
44820bce2c8acaec4817ffc156cca3db,96ac810815088c988ee333614f60ae67,delivered,2017-09-05 18:46:20,2017-09-07 02:44:09,2017-09-08 19:51:58,2017-09-18 18:16:55,2017-10-04,b7c57093fe43116125c38a82f58d7105,2017-09-05
d8874b1e052a1771375e5b95b0b739ca,3852f0cadc9868aa0d1ba38cff30371b,delivered,2017-11-25 14:33:02,2017-11-25 14:39:26,2017-11-29 21:05:00,2017-12-19 21:38:30,2017-12-18,047fee6d20e56bd3465d2c4b558373cf,2017-11-25
ad703ca6534f1d88a4b1f42a63b44413,42c38d746d678fa66ec2a2fdb9c84d8f,delivered,2018-02-14 14:50:08,2018-02-14 15:08:19,2018-02-19 20:05:17,2018-02-26 14:47:11,2018-03-07,88e451d7ffbbe7fcb07deede9ccb3636,2018-02-14
5531c5191d84b148fedae149af1971ad,916c5130e9ec5d647ac9cba87c906fea,delivered,2017-08-23 09:21:57,2017-08-24 03:05:56,2017-08-24 18:15:35,2017-08-31 20:12:56,2017-09-28,b361becd8599cf3c60683828ce6268bf,2017-08-23
87992a0761a3c7c023b54a5e2ce752cf,88d2a817b27a601ab30de378e260db81,delivered,2017-11-24 00:28:24,2017-11-24 00:56:25,2017-11-27 20:33:51,2017-11-30 17:58:56,2017-12-14,5022f7b1f2b1c4be1f9c18c293e5de3f,2017-11-24
3da7fcd2d00d6f81453fba8a93e079c5,b82b741535cb05a2dd990dc926db9a17,delivered,2018-03-29 13:38:29,2018-03-29 13:54:10,2018-04-02 18:59:48,2018-04-03 21:09:00,2018-04-13,3acb4dcdeafc0df3064a7096d5458836,2018-03-29
24d52353931e776449868f02026e7e52,4f82808559a055256519a591e63b776f,delivered,2017-11-13 10:28:49,2017-11-13 10:46:45,2017-11-24 16:47:07,2017-12-08 22:35:02,2017-12-12,0de36b0aa4ec94ffdc34008f6b0c8368,2017-11-13
76a49c5fef54cb6ca3491709fbb1690e,308e6d942164441583fd42189b7c87f0,delivered,2018-04-02 11:41:45,2018-04-02 12:55:40,2018-04-03 17:18:24,2018-04-20 12:18:36,2018-04-24,bf344fa7fe37350cb18fc9a8bbd18b8e,2018-04-02
044cd7ffb6a41e6e5513c6595a2893ca,ee5b60a884b4165fa4264e66968b4abb,delivered,2017-10-29 10:15:00,2017-10-31 04:10:20,2017-11-03 20:15:39,2017-11-15 16:05:43,2017-11-24,c06c3dbccaafee7b24762692d79be033,2017-10-29
14a51ed90079fbc00365d6848d837ff3,1d9dc42c96752b27f0fd8ec4a07059c7,delivered,2018-05-08 13:53:51,2018-05-10 02:57:22,2018-05-14 13:13:00,2018-05-30 13:48:51,2018-06-18,77e223f4a031fdeb1650e797bf4c692a,2018-05-08
72cbfe19815431911a3cd015972b7796,f12fb80e59c2ca56a62d8883c7fdba26,delivered,2018-07-27 15:07:38,2018-07-27 15:44:16,2018-07-30 11:35:00,2018-07-31 17:12:30,2018-08-03,2a97090125bc64367040b2c040bfdd39,2018-07-27
82a9e8fe2ac3a3bba14bf07d4c56813a,a79c1acf6c236100fc4a14f67e90f69d,delivered,2017-11-05 10:58:05,2017-11-07 07:30:38,2017-11-08 18:03:57,2017-11-17 19:18:55,2017-11-24,4b7f5e85252a59d2b30d15b9e8d5c0cb,2017-11-05
44e5526a372b341ea535cb50b86eb7f1,45fee17cffb3963103972ea429d0d28b,delivered,2017-12-23 18:43:15,2017-12-27 04:14:52,2018-01-03 21:07:00,2018-01-04 16:04:38,2018-01-15,4ce20883725ceba8e7521b8948fe6627,2017-12-23
04d551f13024f132b86b2fdb707664ed,e7dce3335777ad9f70242b444c1ce42d,shipped,2017-05-27 00:14:22,2017-05-27 01:15:22,2017-06-06 13:36:34,,2017-06-21,6875c3bb5e962a05fb46ffc63aac71dd,2017-05-27
8137fd8e2d2ea9b9da44f6dde3c35125,0d61067906824e48b86d1e9c3aa7e62f,delivered,2017-04-23 12:46:53,2017-04-23 13:02:14,2017-04-25 13:54:30,2017-05-09 08:53:41,2017-05-11,b7f315b3996b39b6a1aa3736c4c845e0,2017-04-23
6091d0277963e5390a17a2eb5763ad1b,e3de7ffaa6c906a8a61b69ff20591e84,delivered,2018-06-04 17:52:53,2018-06-04 18:10:31,2018-06-05 14:18:00,2018-06-16 13:28:43,2018-07-20,b122e38f9d1db195e8eaec708e8db763,2018-06-04
64ed08a8d552c869c508c5fb48663ece,74a5f021f6b7287c7c7928937d5c378b,delivered,2018-01-30 12:17:24,2018-01-30 12:35:24,2018-01-30 22:16:47,2018-03-07 22:10:20,2018-03-02,6b52d110f5167aabb2811d2bab2bc8cd,2018-01-30
fe88495263d9d9e9d2cc17b4815a6dfa,36782456de7dde717a84a07d7448ff61,delivered,2018-07-28 05:08:36,2018-07-28 05:44:18,2018-07-30 13:50:00,2018-08-01 00:28:34,2018-08-06,adaf57e0393e8bd61158e80749f58291,2018-07-28
c8dc34e23d7065c2f4e1788710a65ecc,a1e05611bf75b7ea6a72a3651aa1e947,delivered,2017-10-03 19:57:22,2017-10-03 20:14:10,2017-10-05 10:23:53,2017-10-28 00:22:58,2017-11-03,0333a3c96c9fa77a1f291132ecaea177,2017-10-03
814c31e68db7274e410dd3f8dbe3c6c3,957356191e0be5a6ca4bd5e19c1c35d6,delivered,2018-03-07 21:06:16,2018-03-07 21:29:32,2018-03-16 19:05:44,2018-03-22 22:04:01,2018-04-10,478ca3bb34bb6e0b992e67d3a5fcef2d,2018-03-07
d0032af1034824fb3c4616830075fcb1,2ab7f76aa0731fa533ab18348ccea54f,delivered,2017-08-03 17:26:49,2017-08-03 17:43:23,2017-08-08 18:32:19,2017-08-09 16:41:42,2017-08-16,609b898de7bf85ab7fcd4ab825ad49b2,2017-08-03
9afd8793167c97876e93424de3f01498,7d2b61cc089a1692568ad66cd27c8cbc,delivered,2017-08-07 09:50:16,2017-08-08 04:04:41,2017-08-08 18:04:26,2017-08-14 18:55:59,2017-08-29,6ef8d291c09f4fb2055b2c23b8e021f1,2017-08-07
49dbdabc3eb0076fb65f6594c8c46837,307835b787d85b528d5106f05fc74c9d,delivered,2018-01-13 10:45:30,2018-01-13 10:56:25,2018-01-17 01:08:16,2018-01-29 21:05:18,2018-02-15,522631e0b122753d0330b966b90f6e2b,2018-01-13
69727f8e9f934f9177e36f31d1865c2a,b1f3cd39358d18f19a2893ad3c3bcf1f,delivered,2018-04-09 12:41:50,2018-04-10 04:10:18,2018-04-11 23:56:53,2018-04-13 16:49:31,2018-04-27,aeacbc4d74a9cea3ea00c3615c105385,2018-04-09
bc3053323265f6f77fe8744affba5e8e,253fcc56484689f306e6ffb99c99f540,delivered,2018-08-16 20:19:38,2018-08-18 09:29:14,2018-08-20 09:36:00,2018-08-28 18:03:38,2018-09-12,14f5d517dec218dfb0edf1d8158f7e1a,2018-08-16
9b8f6a6ca0b17d35ff480e9a2ad8b7ed,1e271efc20f4dcb7df3d3a8908c0b3eb,delivered,2017-04-22 22:21:10,2017-04-22 22:35:11,2017-04-25 13:47:40,2017-05-03 09:57:59,2017-05-15,6565da04e19d3431cf86cf28ed46d925,2017-04-22
fa8161b19b784110a75dfd84c5c63b1a,5c5ca003c071d601217cee768b2a4b28,delivered,2017-05-07 12:01:10,2017-05-07 13:05:42,2017-05-09 07:46:00,2017-05-13 11:56:58,2017-06-02,880c2de566e409a3a228a2f05bbef4b3,2017-05-07
14a3a4001dfbf5f1315c3fea8d0600ea,b19902c08cddd929447e2b0532505859,delivered,2018-02-03 12:53:32,2018-02-03 13:11:58,2018-02-19 18:17:13,2018-03-03 14:52:03,2018-03-16,92458e7b9349a9b73d21fd97500eb6fe,2018-02-03
7bb49ae162145b926eb697dbd5821f6a,9de53ca9aea90277fbdebd00a9dbbdc2,delivered,2017-08-05 10:21:38,2017-08-05 10:35:20,2017-08-16 19:17:33,2017-08-23 11:36:17,2017-08-29,25246138ca82ad0dc7d8de03070f2ff0,2017-08-05
9547cf4fe1b6c195402362f33448186a,f2bf47b246beb9ade08ed9fa3775e416,delivered,2017-08-31 13:02:59,2017-08-31 13:10:22,2017-08-31 19:18:22,2017-09-11 19:44:52,2017-09-22,5fb6f88b6f6e71575a20628934bfa33a,2017-08-31
20109f40b1a81ce4ec90a30f1e625046,ce5e2dbebc82fdeb89bb35dfaddd56e2,delivered,2017-07-21 09:22:49,2017-07-21 09:35:18,2017-08-08 13:56:51,2017-08-14 14:55:07,2017-08-24,08d2649556662327e2d32e3ecb2ebb94,2017-07-21
d58a97df18921f02601bdd77a932282c,98c7401612b2e37d03037dc339d3ebc1,delivered,2018-02-12 12:00:57,2018-02-12 12:10:40,2018-02-14 19:27:05,2018-02-19 21:48:51,2018-03-16,809cae6799909f9cd7c3e7cf6dea2193,2018-02-12
018cb6a10649393055c272ba2984e8bb,169c3ca987a830baef97320592292dae,delivered,2018-04-03 18:28:35,2018-04-03 18:49:48,2018-04-04 19:12:41,2018-04-25 17:42:07,2018-04-30,f55f5b958b01f7040f6f42c0abaca6f4,2018-04-03
84a4e538df041790d785fef8def30d62,f4649f301f987ad66440033b88f4e927,delivered,2018-04-04 14:09:12,2018-04-06 03:28:46,2018-04-10 20:58:43,2018-04-27 21:20:42,2018-04-26,3b19e6a1c2fcaa5955cfda05706faffa,2018-04-04
aa21334313579b3bf1d6e8a10de215af,fee356a6202f0d1a5b2933afa5d55306,delivered,2018-07-18 13:19:10,2018-07-18 13:30:18,2018-07-31 13:50:00,2018-08-04 18:11:46,2018-08-23,f8451003016dc60320a73ecfd66d165d,2018-07-18
e27b496ee62de9d46e3f1ed56c2c49c3,fd4333e53f43e1531b94d8d3f020c27f,delivered,2018-08-13 11:29:07,2018-08-13 11:45:11,2018-08-14 11:23:00,2018-08-20 13:42:36,2018-08-31,7b988c0649f07c0765b73145fe48c341,2018-08-13
17b13ec883d7ff8ef2c2882644854aa5,dc0dff8cd3ed15ad2039e0bbe4982e42,delivered,2017-08-04 12:49:03,2017-08-04 13:03:10,2017-08-05 11:25:53,2017-08-07 19:22:38,2017-08-17,13097c3575793a91362b51c3f942499d,2017-08-04
0c7ac4325ae837f28df12a94a51cf375,57a3f8414e6e936ee0d8026db6f83715,delivered,2018-08-11 07:22:12,2018-08-13 10:10:22,2018-08-13 13:50:00,2018-08-21 20:41:52,2018-08-30,f1e656bf22735f8b1ba541d4890e1763,2018-08-11
92c735f4e752b94e7ba2fbebda5f4027,c042e442014d7c8c275bc42cff722a85,delivered,2018-08-22 14:00:26,2018-08-22 14:10:20,2018-08-23 13:05:00,2018-08-24 17:58:38,2018-08-27,63adc4def3cd3c39bd83083d737d98b5,2018-08-22
846c2255d0eedb2043aa0b3dc470f32b,ed98a909fd98395ebe321b80d93bd150,delivered,2018-02-05 20:21:51,2018-02-05 20:35:26,2018-02-06 18:09:04,2018-02-20 21:12:19,2018-03-09,7c790dfe86d4a5ac3738f55965ada7e9,2018-02-05
7965b290cc7fe4790d45eaeded895967,3f11d1b5ece70ee5d68c4648f3e4eaa8,delivered,2017-12-01 12:48:21,2017-12-01 13:18:24,2017-12-11 19:13:06,2017-12-22 15:49:14,2017-12-26,003d56767e53e08671de00da3fba8d40,2017-12-01
045b201c094804e3fa5e542994c79f09,5adb0951ee1644e69835635d77f51e27,delivered,2017-12-07 09:02:57,2017-12-12 03:55:39,2017-12-13 23:58:52,2018-01-03 21:27:41,2018-01-12,071e7fc86eca6e99dc71e6db8cc3bc64,2017-12-07
a8f8aa4f2a60b06f49e39b10fb1972c5,3002bbb1389e209104f5ab9d42d8b0e2,delivered,2017-05-29 20:54:28,2017-05-29 21:05:21,2017-06-02 10:59:16,2017-06-07 15:33:38,2017-06-21,f7a1492f25996f62600008ae50e7a50e,2017-05-29
121c021cac6c38526b5867627eadcb0c,db6121751fb4132346cdcd62d3761641,delivered,2018-04-27 19:29:18,2018-04-27 19:52:08,2018-04-30 16:36:00,2018-05-07 20:03:32,2018-05-25,0d752bd67ec055ad6d2082279af5bda1,2018-04-27
d064d4d070d914984df25775004fce96,897d0a8c75b989370dca7f88b4572e17,delivered,2018-05-08 21:46:45,2018-05-09 19:33:50,2018-05-11 08:40:00,2018-06-06 22:04:34,2018-06-06,f3c6f7452df051a1f10450ad5e7ec930,2018-05-08
709e43f97cb2a47fa749503419163710,3428aeaf91a64e697144aee8178f8cb9,canceled,2017-04-26 21:43:55,2017-04-27 16:22:52,,,2017-06-05,8094028cc1d2fb8265b6ce3c2a9b81ad,2017-04-26
9f0c24c74a6da307a862a27b63886f1c,69106e84f9e49d21518884e45fe7c2a9,delivered,2018-01-13 00:38:54,2018-01-13 01:01:13,2018-01-16 02:06:43,2018-01-18 14:52:44,2018-02-08,b7a841426e4064cb67f12e9e4fdef49f,2018-01-13
d21a08b18679aca2a35ed7fe46c513d1,de32174352c348ed54ee768145fe72d6,delivered,2017-06-19 12:16:05,2017-06-19 12:30:22,2017-06-20 10:08:26,2017-06-23 08:27:35,2017-06-30,1d012338bc03850b3e2ff619f9fc1aec,2017-06-19
c1e31d7c0b816af8539eaeee20379889,bf4786deca0a046ee35f4ce5c1514c89,shipped,2018-05-24 13:19:53,2018-05-25 18:58:30,2018-05-29 12:09:00,,2018-06-26,28ee5763a4f242f4c32dbf0d22398ceb,2018-05-24
7e491390b96f345321d7c43a4acfcc40,3030516cce1e4a728413a9737fc3528f,delivered,2018-02-08 13:29:13,2018-02-08 13:48:17,2018-02-08 22:44:56,2018-02-19 22:42:52,2018-03-06,3937b89b5376941a06d6004f8a4e1b55,2018-02-08
5d7e30ce84d0d3813b10a6d0ffb7884f,06b0824dfbfaad0e7df1a9dbb38a321f,delivered,2017-11-09 08:27:57,2017-11-09 08:46:37,2017-11-09 19:16:37,2017-11-21 22:07:44,2017-11-29,318bd12e1c1068f2f0893f1c225813fe,2017-11-09
ee793c80c58a6de488444dbb4e63374f,86254a9e6537ee8ae084ea9a5b5a1b6e,delivered,2017-02-04 17:33:35,2017-02-04 17:45:13,2017-02-14 10:51:32,2017-02-22 15:05:00,2017-03-21,55038a9afb7057f946c118904d4bf06a,2017-02-04
90583aeed06ff85179fe55dc956ce115,dca709ad400345810b356d3f0287e439,delivered,2018-08-04 22:12:48,2018-08-07 04:15:28,2018-08-07 15:18:00,2018-08-14 20:17:38,2018-08-17,31a5ad3ec6f5494abdc69be5f2e4e74a,2018-08-04
bba8e34d12ba008b7eb35407029a9ef2,7b07663149d3f7a359896a2bd6437175,delivered,2018-05-08 14:13:23,2018-05-08 14:30:12,2018-05-10 12:38:00,2018-05-15 23:31:42,2018-05-17,bbed0de63459a46df4cc44fae6cc3ebe,2018-05-08
3fe3f4119f1e2838cb036e3a0d27cf30,1e43307258f5a07b28b93426cbf1f8ef,delivered,2018-02-03 11:54:59,2018-02-03 12:14:52,2018-02-08 22:21:44,2018-02-14 19:49:47,2018-03-01,3e92141d9fe7b1e89a4ee67b91f30bba,2018-02-03
49865c5eeb869113155c217d234a777e,7a4a0eeb4a633231c3fa6fd854513193,delivered,2017-05-06 13:58:00,2017-05-06 14:10:17,2017-05-09 17:22:36,2017-05-17 06:55:43,2017-06-02,ea6d9794ede4b45efc55f8e8986659b6,2017-05-06
28ad66aa146c8f2837d1046948e3efa0,9b29e84de608f8ddd59de9f1f500fdb9,delivered,2017-11-14 12:58:20,2017-11-17 04:15:37,2017-11-17 20:38:45,2017-11-27 17:17:18,2017-12-13,a531aba0a9dd9a17dea3f5e99c63563e,2017-11-14
bfdfa2b4742c41cf4853fd72cf7c9815,d4b37af0b62dd34cc01809550abe9c83,delivered,2017-09-18 15:16:11,2017-09-19 19:25:24,2017-09-21 19:25:13,2017-10-13 16:57:44,2017-10-09,40f95016f84354af23676f25f70ab6ce,2017-09-18
01cbdb2a8c075eaf248af643b3389f73,7fbb5f4108715c74461dfab031ea62bc,delivered,2017-07-09 21:20:44,2017-07-09 21:30:16,2017-07-10 17:40:01,2017-08-24 23:18:12,2017-08-09,da2dc2675284f44b338e8d37fcd553a6,2017-07-09
5795641bab8a44216bb7f551187af034,0f0d67fa1a4dbe0aeee78a2092dc9810,delivered,2018-01-05 14:56:40,2018-01-05 15:54:24,2018-01-15 21:38:59,2018-01-24 22:05:31,2018-02-16,4c0bac678bfb8ff0becd5b393b45a884,2018-01-05
dfee867c0e46410af48a712d2a4fa179,e06b5eac4efd083342ea205ec68fa5ba,processing,2017-05-20 19:09:21,2017-05-21 09:31:55,,,2017-06-13,c4d781fcde967593104a3f3adaee38c6,2017-05-20
964d26975fc593c3862d2478025f51cf,ee9d09cb5441f9ec5f795502ab00acd2,delivered,2018-08-05 13:08:10,2018-08-06 13:05:13,2018-08-10 08:24:00,2018-08-14 01:04:52,2018-08-13,aebda6ff8471f47c71a6fe298fa3f311,2018-08-05
2cf6d5c8b5d68450841cfcc272ec3cee,4e0099decd80b62c892ff42e844baae0,delivered,2018-08-02 17:34:34,2018-08-02 18:04:56,2018-08-06 13:03:00,2018-08-21 19:52:47,2018-09-03,a9ad8c620ab4f33d092c38e1492afa3e,2018-08-02
7827425b5eac9f9df63f65d9bb7f6a25,f8ece9a141740ea9b168b8065755d734,delivered,2017-11-16 18:03:02,2017-11-16 18:15:46,2017-11-21 16:22:18,2017-11-30 16:57:02,2017-12-14,393f03cea71d333b1c13c3a1d0bea3a5,2017-11-16
8209537dd24f5c7e5cd13be3928312d5,a821480782a5b10ee7d736b9c60e8db5,delivered,2018-01-26 17:10:17,2018-01-26 17:22:59,2018-01-30 14:06:08,2018-01-31 20:57:03,2018-02-09,e7b0d39830ad717b934621af2c75e1c6,2018-01-26
ec3c3d2c60257d3b6a6c4ff3644f4fd8,b847a09bbbeb93c30e6702537242b8e0,delivered,2018-08-01 10:03:19,2018-08-01 10:40:15,2018-08-01 13:46:00,2018-08-08 12:58:24,2018-08-17,5ba4a353f2e66822e7e74359ebf8d071,2018-08-01
9ec184faa31b594424cec063d4e4b4d4,a83d3226787a965d5bde45d281ac42f4,delivered,2018-06-19 16:27:42,2018-06-21 03:17:54,2018-06-26 13:50:00,2018-06-29 20:42:45,2018-07-19,3469d79fc93fb27749e3718c5e16588f,2018-06-19
fe4033b5e6c7a364a7c3e22083414f85,355248ba118c86731d82f41ffff42725,delivered,2017-12-21 17:22:57,2017-12-21 18:31:06,2017-12-22 17:49:06,2017-12-28 17:32:54,2018-01-22,5ef19690ca39f3aa844d99adb589f255,2017-12-21
6c04e18419b0d30c6ba8401b3edd95a3,8c92de21a4029a14942ad31bc5422050,delivered,2017-11-28 19:28:02,2017-11-28 19:38:32,2017-12-06 23:17:42,2018-01-09 18:37:14,2017-12-20,e8a7417930c308ca3bf5abecac56da9f,2017-11-28
914b9f8c467264d57ba0df4ee274dd0e,cc5eb0cc159057a89bf808454eab21ca,delivered,2018-01-29 09:34:13,2018-01-31 13:32:25,2018-02-03 00:39:41,2018-02-11 18:03:53,2018-02-14,88e7bfd576fd00983d375746cdcac123,2018-01-29
94852b0703b31b852e6c4f73896aa247,b7de4f270639c0be7a1d7acad731e1a2,delivered,2017-12-04 10:33:36,2017-12-04 16:30:46,2017-12-06 23:22:35,2017-12-12 17:43:22,2017-12-29,cd65d274e5e15542b5d822ff3d67e897,2017-12-04
4a0f8f97e0cf162aee2d786a0182b3a3,9c0888f92e054b135451a09f6ea08f3b,delivered,2018-04-16 20:26:50,2018-04-17 05:50:35,2018-04-18 23:21:40,2018-05-23 17:23:37,2018-05-10,3aa2852bbb00dd629f22745713d626c4,2018-04-16
443116e07cc2239474704eeca0f80694,9fc36e91a2c1861c95f1b15bd89a77c6,delivered,2017-06-07 23:50:23,2017-06-08 01:25:19,2017-06-08 08:15:05,2017-06-23 13:12:02,2017-06-30,6ba79e73a5f6b1b6be4daaa21117d5d4,2017-06-07
d912af00829984e706d3907a63594e9f,8b674eaa0c9604f3443197fef9fdc93b,delivered,2018-01-22 17:28:17,2018-01-22 18:06:49,2018-01-23 16:38:59,2018-02-01 00:04:20,2018-02-14,974d5a577a2a4b43a1c1c710303e7417,2018-01-22
6448006dfb006e20493015dc6358de41,04f257b05acbafc20d4886c8b12d0244,delivered,2017-06-05 02:27:32,2017-06-05 02:35:09,2017-06-07 05:39:59,2017-06-22 16:25:03,2017-07-04,3f4ae4e79252a67d79d15573f5763148,2017-06-05
c571e33a662a6379681a73ca764dc4e4,e0f4b0b83c7a96648a38e1f0820ce120,delivered,2018-08-17 12:16:27,2018-08-17 12:30:29,2018-08-20 14:30:00,2018-08-29 23:06:27,2018-10-01,b7d7aa14f6087f9808b124e93d184605,2018-08-17
42a8e0f928664b27f631001fbddf0f26,235dd3ad25bc8b3cc4b559a1f835866f,delivered,2017-07-25 10:08:22,2017-07-26 02:23:30,2017-08-01 19:03:11,2017-08-08 20:36:48,2017-08-18,607344d7dfc591c9831bf9e8d5a4391f,2017-07-25
258dc8334fda68e1474385c00298c877,653e79d5d3fa5884c8c8c5d0ca18cdf5,delivered,2017-07-31 15:00:07,2017-08-02 02:55:30,2017-08-03 18:03:37,2017-08-17 18:43:08,2017-08-22,809988e0e5fdc4bf04b87fbfdeb9d249,2017-07-31
244483646327ebef66c8377c1184c598,fa3a2b347e43b877f030d5fbdb2a1a8c,delivered,2018-05-14 11:38:57,2018-05-14 11:58:32,2018-05-18 15:08:00,2018-06-08 21:36:28,2018-06-13,81cb636c47b06d8341897400b8553d5a,2018-05-14
9fd07681f43c9216956e0a1ee8f8775d,766d8c95b0b9445ca63f3cfae64fa55f,delivered,2018-06-06 17:44:31,2018-06-06 17:55:25,2018-06-07 12:31:00,2018-06-12 19:38:45,2018-07-27,004493e0b0a37317d25665d340c0677d,2018-06-06
acbe0e9a86dd97bd3819b870a4a60567,fb3220f2343c5358b84b3335d60a3a4f,delivered,2017-12-15 10:09:40,2017-12-15 10:33:38,2017-12-18 18:08:05,2017-12-21 19:04:23,2018-01-05,79312826c4875b770055b1e977d0075f,2017-12-15
b2c44751a00a7b126b9abf0c2fcd8ce0,7607eed601e08dec1c2df6f584bab898,delivered,2017-02-27 14:39:11,2017-02-28 14:45:16,2017-03-06 10:31:27,2017-04-03 13:13:07,2017-03-22,f78cf3be6c8de0b9b1e1fc017c707fea,2017-02-27
3ade9a2011fb5fa0ccbb3b75598cbb6e,436d8d2e5fe73615769631a44e78e06b,delivered,2017-12-08 19:35:29,2017-12-08 20:31:57,2017-12-13 16:52:11,2018-01-03 20:30:02,2018-01-08,0c618ee573ab459ddc7e629c63f42b9d,2017-12-08
4af95e06a7850779479ce55a62000dac,6a243b7980f667529db0ebc6abb6ff01,delivered,2018-02-15 12:26:49,2018-02-17 03:35:57,2018-02-19 22:03:49,2018-03-06 20:14:37,2018-03-13,d93c978592c7da1ec33b98735cfb4f59,2018-02-15
0ea9a0ba0b616d087150d5db5f31fc6e,81593938cf7e6d2bd4a440fa02911be7,delivered,2018-04-18 22:12:22,2018-04-18 22:31:18,2018-04-19 22:18:31,2018-04-24 22:05:25,2018-05-14,4a91b79e703593b32c60f073030b65c6,2018-04-18
a398b15be909c43559294ae5899c8e27,29371226af5d2d25bf3fa7354ed7f382,delivered,2017-12-05 02:03:24,2017-12-05 09:44:32,2017-12-05 17:52:02,2017-12-15 21:38:58,2018-01-03,1523157839aa0736358ccaea8e5f187e,2017-12-05
0b23ff20645a72c0c1183b6b8ba15719,3033498ec1047e6944f31409dfcdd579,delivered,2018-02-01 16:13:57,2018-02-02 16:10:28,2018-02-09 19:42:36,2018-02-21 22:04:33,2018-03-12,447cbda062c49d5c639f8f2021bcb1d7,2018-02-01
4797a73f61aa08ea719cddf0337af350,f771d9c0bb8328bbe1a7492c7efc0654,delivered,2018-02-14 09:45:19,2018-02-14 10:47:22,2018-02-14 19:07:47,2018-02-23 18:22:17,2018-03-06,b9fe4d7c658a3f8555a5b55162e42982,2018-02-14
2626e09d49a63af0b7c21ef2635a3e4e,9d542a8821d0d62a8e1a21d61781b90b,delivered,2017-11-03 12:26:01,2017-11-03 12:35:59,2017-11-07 20:58:42,2017-11-17 23:34:33,2017-11-23,76cef8c0830232a6298b50d60153fb6c,2017-11-03
38aae594eaee5a2935d397fd93ca43c9,147a838b712f1218a8cf543c171d548f,delivered,2018-01-02 15:23:19,2018-01-02 15:30:25,2018-01-03 16:52:44,2018-01-29 18:18:51,2018-02-02,9a48ced89d3cb5391a88e7a43118f9b3,2018-01-02
662bf5e7e6b6350fd9e93fb5793f5c98,ad530f0385e180b5b52ffe8cb9658bca,delivered,2017-12-15 19:09:40,2017-12-15 19:16:30,2017-12-18 18:55:00,2018-01-02 09:02:38,2018-01-29,977f002d10638d866aff55166707c13b,2017-12-15
317ec820fae6ec9ca71bd677229fcb78,e4142014a0a938c8b826a6c1cecdd46c,delivered,2017-02-18 15:02:01,2017-02-18 15:15:17,2017-02-20 12:00:27,2017-03-10 13:39:17,2017-03-17,17f5f0bf8f88906f32ce44c5f564cb49,2017-02-18
2dbb903e7d79a86620562da87b5ecce7,a9d2cabee2f5635cc509f78b1b48ce47,delivered,2018-04-05 14:00:36,2018-04-05 14:10:25,2018-04-07 01:14:52,2018-04-10 17:21:33,2018-04-24,f5be3392f629303bc8c7112f65132efb,2018-04-05
8464065239cc8397a5e71c0669d924ab,8481365a5e88849d8ea15a7295c7d257,delivered,2017-08-02 16:29:09,2017-08-04 02:25:34,2017-08-04 18:52:07,2017-08-18 18:35:11,2017-08-28,7ceb8848875affdf200ce13163f9a16f,2017-08-02
be604de4ce5e2e8658c03895db0621a9,7df479fc612c759bcdda62339fbf65dd,delivered,2018-08-20 10:18:24,2018-08-20 14:55:33,2018-08-21 13:36:00,2018-08-31 14:41:58,2018-08-23,fcdb6edf8d140075cd5d7ef869ab4795,2018-08-20
46484009102069e531f34a424a500982,c5a54a265ffa05e5bd698a976d9fd9ed,delivered,2018-06-19 08:58:11,2018-06-20 02:37:46,2018-06-22 16:48:00,2018-07-06 18:22:11,2018-07-20,f25c83fef4ae7252feec416e7927acac,2018-06-19
c33a8aa2dd5053d9fc89793f94229ab4,91484f301a554c45af42817457a14e2b,delivered,2017-03-30 12:16:30,2017-03-31 02:10:27,2017-03-31 18:12:21,2017-04-03 08:27:02,2017-04-19,a67f3717d9cf8c9ba990475087e86a5b,2017-03-30
13c4458bd01775ea4f9050a041c1fd96,b873918db61e889c411d5f027e87145c,delivered,2017-05-25 01:04:34,2017-05-25 16:30:15,2017-05-29 08:26:40,2017-06-05 13:29:49,2017-07-04,3d71bc3ae0c9f857ffe17636e0d59aab,2017-05-25
f9dacb87560bf2a37dfc69ef1c0d4e08,3b7cbe850f69093ae053c3e6a009e727,delivered,2017-12-09 13:51:24,2017-12-12 13:52:13,2017-12-19 17:10:00,2018-01-17 18:26:38,2018-01-04,7640780cc068c106cd89bc30564e47be,2017-12-09
ae92c15a8c95d6f23e9fa43b0f3c0c43,2a60c86a0f370e71921436d238e148bf,delivered,2017-06-05 14:48:21,2017-06-07 02:25:08,2017-06-07 18:40:08,2017-06-12 12:15:28,2017-06-28,525ec1543285562782ff209b795971da,2017-06-05
957d3d3a63d9662641f1b2f6d01561ff,f517420b84edb19f3a8ce6f60edcac12,delivered,2018-01-30 19:23:29,2018-01-30 19:35:31,2018-02-02 00:38:36,2018-02-05 23:46:33,2018-02-15,ab849a95c454454119c7005b9d146ae5,2018-01-30
b54861ba91f988d9f961bdcd1a9a2026,efe9fcb063deef55ade34b4d7b6df704,canceled,2018-05-14 19:05:40,2018-05-14 19:18:12,,,2018-06-08,35390761485524663d8051cd7410c295,2018-05-14
d23bad02674f52678ad46e2ada237286,5208bc819705e0534b2fed7c71f2a27a,delivered,2018-05-24 21:30:11,2018-05-24 21:58:57,2018-05-25 12:08:00,2018-06-04 19:08:51,2018-06-18,5ebfc38b642ccf73ce96dcb300476e00,2018-05-24
4185d8c314ae4ed44a3b41814c04cec4,9ea89970b67c49baca8fe32d6f30ba7c,delivered,2017-08-27 14:29:01,2017-08-27 14:45:08,2017-08-28 18:51:31,2017-09-04 21:26:43,2017-09-19,ac7d7e4560b80f30efa4fc2283aa66e1,2017-08-27
425aa81e7d43b94ca27a169bee385b8f,008d7d751e72ae684c0d31bc988b36fb,delivered,2018-03-29 16:22:18,2018-03-29 17:30:58,2018-04-04 18:32:32,2018-04-23 17:12:05,2018-04-25,f3795e38cc5b655e26e94d1cc21263fa,2018-03-29
56fd30fe7e19a6994ac586c1408d95bc,f2c6c566169c1553efc8f55c43a6691b,delivered,2018-05-09 13:54:21,2018-05-09 14:15:22,2018-05-10 09:50:00,2018-05-15 17:06:35,2018-06-05,4e0a2e5042d2a26c28a67b4f4664cc62,2018-05-09
6b34444470c3f9256eb504e61edcd608,33ecb8be5f6e1620440c60711fc34c02,delivered,2018-07-06 21:44:03,2018-07-07 04:35:13,2018-07-12 15:14:00,2018-07-13 23:41:06,2018-07-19,2c07381b6d9aef0d1624dd670ec70bee,2018-07-06
acc5c9844167d3c176f5f31fb0b06bce,4ff7f668c597d7e4538c5ec4d4fe7b65,delivered,2017-11-09 17:16:38,2017-11-09 17:31:12,2017-11-16 14:13:50,2017-11-23 20:45:24,2017-12-01,d3d8683c472081a7b50f2c71b670af54,2017-11-09
9ee10ef09a0e3471a1b8ccfc901f843d,7d99c524066bfef7bc42e78e16df00cc,delivered,2017-04-13 10:32:13,2017-04-14 02:45:35,2017-04-17 10:44:11,2017-05-08 14:07:11,2017-05-09,2f7870be17b6ccd5bd9691b9f944e075,2017-04-13
297dfeab4cdd5749b9d6485e13e89877,d76652de2b233fa0a59667e8ec3b871c,delivered,2017-08-18 23:34:56,2017-08-19 23:45:25,2017-08-22 14:00:33,2017-08-23 22:27:00,2017-08-31,36e5363bbe8df3025f788fa3c4ad98df,2017-08-18
140d5c0a692987d62971b1e5f8c02397,8daa0cbca8c06a53c19cdabc1361e0a5,delivered,2017-10-02 21:10:39,2017-10-02 21:24:56,2017-10-04 14:10:59,2017-10-09 18:36:55,2017-10-24,bdd6c2ee696cdae8d2cc0cc3f74e2215,2017-10-02
7712b67443279dfd94a4e64f55b624d4,9c039979984059520e88d6eeb991b977,delivered,2018-08-13 10:31:49,2018-08-13 10:45:14,2018-08-14 13:42:00,2018-08-20 17:03:28,2018-09-18,1ec1e474012a40f81dc40c69014fb4ea,2018-08-13
66dc3f697ad3da4fb292a49184f88aa4,8f719c97057011cf41342446c0a61999,delivered,2017-12-06 15:13:54,2017-12-09 09:52:02,2017-12-11 18:27:09,2017-12-20 21:22:49,2018-01-15,6a07a082ced6f7438fcf41e4a2ffb25a,2017-12-06
b348277bfdf1d3e3248fbc41616f8b2e,fd7338eb61d3bcf7a748f756e37b8bd6,delivered,2018-04-17 07:09:39,2018-04-17 07:31:50,2018-04-17 21:38:52,2018-04-25 22:21:11,2018-05-15,86ca420cda4a16187870687c80f3f2e5,2018-04-17
fea523ebb7e205d346f445544e0a18fd,fbf15dd7058613351fcd0f821a222933,delivered,2018-08-17 12:46:57,2018-08-17 14:15:18,2018-08-17 13:35:00,2018-08-24 22:12:54,2018-09-05,727cb6c3deda85bd0414830fbaf64c06,2018-08-17
a3631f17471dd636e4886ce7c7f49e04,02c88401b4de00301504d6113cdb6cb7,delivered,2018-05-18 20:27:43,2018-05-19 02:59:00,2018-05-22 15:29:00,2018-06-02 11:21:42,2018-06-04,b8329b2dd1bae9edf8e748f70dea3a14,2018-05-18
6fb1d503fbeaca8539b2682dfe04d56b,c06ff073c8e5f6d97a3291553e8b9938,delivered,2017-03-10 23:18:42,2017-03-10 23:18:42,2017-03-13 09:56:05,2017-03-21 07:37:58,2017-03-31,596d1e5c87501f97242b054c729fd993,2017-03-10
22f1a8a78f878617578f463a25b239e8,859c72fb1cd174463f39647bdd6547f9,delivered,2017-06-16 19:09:13,2017-06-20 10:30:13,2017-06-20 15:21:24,2017-06-30 11:45:57,2017-07-18,e6f2e772fd1fc899d50419629a6281b5,2017-06-16
20addc4c26c3dff0ea76ca5704d102d5,617e1944b266fe4d06e91d9c2cf8a900,delivered,2017-08-10 19:34:55,2017-08-11 06:44:03,2017-08-14 20:53:52,2017-09-01 20:22:09,2017-09-14,09ece0798f0ed4d12dccc8a7b61bce22,2017-08-10
2d8d686ea253f4d2cdfc519f2840fea3,04884745364ffe39a89379b80a2c2919,delivered,2017-12-28 21:52:29,2017-12-29 02:31:49,2017-12-29 17:30:10,2018-01-04 15:03:05,2018-01-24,fc3b788d6e3bd622cf8f988af8e1c06a,2017-12-28
c8c07db73aea73f15237a4eb11867551,b177b85f1efece7e6e46386b9e86699d,delivered,2018-01-07 20:49:57,2018-01-09 07:17:49,2018-01-09 17:28:47,2018-01-22 18:22:04,2018-02-02,26614c2dfb78a66f819d499265b75a44,2018-01-07
87ae60ef8b08ae0e5f903cacb53a6904,fea4d57ed3a45455f89c25ef3dae8ee8,canceled,2018-09-11 16:45:54,,,,2018-09-26,09687a7b7431a93b5c53b50ba779bf94,2018-09-11
ca3e0f1e4ed59d1d4462cc278dbc3130,cebb8a4ff4704077050296f186150b25,delivered,2018-04-25 06:36:32,2018-04-25 06:50:09,2018-04-25 09:47:00,2018-05-04 17:03:20,2018-05-25,8d4921fbbee3fc7c3e684753390488be,2018-04-25
ab0bb51a710692e96d316072209e1c75,5b170a1fa36d54e1a28fa50d6dca899f,delivered,2018-03-25 20:34:39,2018-03-25 20:48:22,2018-03-26 18:11:58,2018-04-03 16:52:46,2018-04-11,831d3bb8c57b889a07aa4628a1a7e772,2018-03-25
b98c5a8bd8fcbb53d6d1189d07279780,624aca1ca85903e1ddc3f825552925d1,delivered,2018-03-25 10:50:20,2018-03-27 04:08:47,2018-03-27 23:52:55,2018-04-14 14:57:27,2018-04-13,eeee84ea1c26cf087fb9e713d65a70ea,2018-03-25
4f80c4f6e510fb8a22b31c912541de1a,7a29ee3459ade6a5112dcc40b2efd10f,delivered,2018-01-02 16:14:58,2018-01-02 16:30:31,2018-01-04 21:12:48,2018-01-17 15:53:35,2018-02-02,d77a102ddd3abe433158af53606133e4,2018-01-02
27bd0e32b42b06dfeb902f485bd89788,a2bb61c52d834fda04108c9f088f7275,delivered,2018-04-18 14:37:49,2018-04-18 14:51:25,2018-04-19 22:48:24,2018-04-25 21:52:01,2018-05-11,9b56c599f7c3c60d13b3dd2065e7e44d,2018-04-18
fa261f64fd3982351db812235fd682aa,5a27c4b3d09df0195d99628b576c621f,delivered,2017-12-06 17:30:05,2017-12-07 03:11:18,2017-12-07 18:29:09,2017-12-13 19:27:49,2018-01-02,1b66e3cf11c1ee85b0f7081dbc023a0c,2017-12-06
9e1cc8d31c00bfb769e00998a4b665c9,c9b7848f3a59efb83e4b34507faa7c63,delivered,2018-01-24 12:13:16,2018-01-25 02:58:02,2018-01-26 21:50:49,2018-01-31 14:29:13,2018-02-16,8997e8dac4a5c920e4102579ac0633bf,2018-01-24
f32b46f63471c9a573595d47b94af9f6,344a6ef322ccd7229833acc93868bb9f,delivered,2017-06-01 17:00:55,2017-06-03 02:30:12,2017-06-06 14:38:08,2017-06-16 15:57:47,2017-06-28,3683a7b5d2d96a89d9718bc77de4e6f5,2017-06-01
2af5542876588b6d1e2d52ec6bf14a41,f1d66a803249da047ccb57bee22beea6,delivered,2018-07-08 12:29:21,2018-07-08 12:45:34,2018-07-10 11:12:00,2018-07-11 17:04:59,2018-07-19,14b01282423169171c70693268fdb313,2018-07-08
a49eb42293ae3b9a95fec7071eec16f8,bb5ac18a2f77c3d7e78c2b3bb7171c63,delivered,2018-02-01 14:19:56,2018-02-02 02:54:21,2018-02-03 10:52:46,2018-02-19 12:59:09,2018-03-09,56f77ee91e06fb36402afa524deee676,2018-02-01
d1b3c3d319347abd31b56c3d894b2b2d,9193319e644f22f5306aac9f1100f6a9,delivered,2018-05-02 20:14:01,2018-05-02 20:53:26,2018-05-04 14:01:00,2018-05-08 20:18:36,2018-05-25,72531ff1dd56720f51b8588a662091a5,2018-05-02
f8a32dccc15ddefd099b9c9f3e943595,57dcd382f9873095dae27d8b23e00d53,delivered,2017-03-16 15:21:40,2017-03-16 15:21:40,2017-03-20 09:41:27,2017-04-26 08:52:50,2017-04-17,bf7786e005e701f29a9e562dd25bb080,2017-03-16
021397df4601b61a8bd063be9b5c54a0,6a9314555839080b4a67cab05e532105,delivered,2017-11-16 17:53:31,2017-11-16 18:15:46,2017-11-17 20:54:57,2017-11-19 12:32:48,2017-11-29,150a2fc71a1324ebdf6b8ba3b8a2f884,2017-11-16
c6db4893805db548fa7965bcaf7e778f,c4110d021edfb4f1a994c81a500dbaff,delivered,2018-05-17 16:39:40,2018-05-18 04:36:00,2018-05-18 14:08:00,2018-05-28 19:16:30,2018-06-01,d53430ea948f66e239ef6cf057c2da1c,2018-05-17
aa0596266302830741057cd61bdc2194,9984bc05a4cd3660c382bcefcc3d6add,delivered,2017-07-18 13:35:38,2017-07-18 13:50:12,2017-07-19 16:05:00,2017-07-24 17:02:51,2017-08-07,94a9befc1bfdb4653e8afb91a8c79955,2017-07-18
01b6d15407d425529cbf0ec96258cb84,7ef73b34b0a8614d82a0756d9ca33f12,delivered,2018-03-12 21:47:09,2018-03-13 15:35:37,2018-03-14 18:27:40,2018-04-06 17:54:31,2018-03-28,88416d14ecec06185dcb5a24a1258c14,2018-03-12
e2a97d88537ca889f9faa4c14d5106c2,440a012333fbf98bc85a2120cebdbd87,delivered,2018-03-28 10:13:14,2018-03-28 10:28:49,2018-04-02 21:12:34,2018-04-29 12:37:33,2018-04-24,7624a1d6b3edd59afd4e0b7ff183a853,2018-03-28
5e434db83bb70a40ee87ceafd1164700,f70f9a6ee135ddbbf3aade75c81d8dfd,delivered,2018-06-06 08:22:08,2018-06-06 09:11:19,2018-06-06 12:49:00,2018-06-12 21:51:53,2018-07-13,5702302afe17e9046f55b40552bd0e7e,2018-06-06
651f02528e2e297f3d28dca2f4c09a51,72bb4b179b30a3befe3eb909174f2bce,delivered,2018-07-28 15:40:18,2018-07-30 19:32:07,2018-08-01 15:24:00,2018-08-07 22:05:54,2018-08-16,d5410fd87206226c7868c4d2aec72299,2018-07-28
674f1f9e4afc192f4400bf65ae05df5b,4843357c686509ee6aa2c1ba02aff371,delivered,2018-04-25 23:08:51,2018-04-26 20:35:15,2018-04-27 14:08:00,2018-05-07 23:06:30,2018-05-18,3824835f5cda1b4800195bf62aa571bb,2018-04-25
b76914fad8489589b7eca037a01c7dc6,102d5f33c41586f432227d8206b4ba66,delivered,2018-06-28 11:39:51,2018-06-28 12:31:18,2018-06-29 13:20:00,2018-07-03 19:06:49,2018-07-24,4331baa55cd8d2741328c06d4ba92a5a,2018-06-28
0847e79b172a265faa7bd23222c56222,1bef529baa69f231b14112176ea31608,delivered,2018-06-14 20:48:50,2018-06-15 21:01:11,2018-06-18 11:22:00,2018-06-21 21:12:03,2018-07-26,53ceaeb850613543ea23122fc510141b,2018-06-14
a5d81ef92239f2dfe3b2aef1416077aa,5bc89bd3505b85768524d24edc6822b0,delivered,2017-12-01 09:53:57,2017-12-01 11:31:37,2017-12-04 20:42:41,2017-12-12 20:33:14,2018-01-08,3096afde2d10fa3f4520f993ac9ffa96,2017-12-01
62fc42cf39543a45aa577931a1665228,c5f89253313f856b87d324ca590172e7,delivered,2018-04-03 17:19:44,2018-04-03 17:35:10,2018-04-04 19:03:12,2018-04-05 11:20:05,2018-04-19,44a367e237b4ef9733b7d3c6545e1cd7,2018-04-03
4bcb885df76e020744aa9357b997e5ea,9ad494e70597481a9f88df9037f1105b,delivered,2018-03-17 10:46:13,2018-03-18 10:47:58,2018-03-19 20:22:26,2018-05-10 19:48:37,2018-04-25,698ff80fdd549ae2c0d48d1e2a59012f,2018-03-17
a1d50a1883814a31c8629adf354c1013,be956253bc37e2bd8664907d89f70dd6,delivered,2017-05-16 12:28:33,2017-05-16 13:10:15,2017-05-17 14:09:36,2017-05-22 16:52:23,2017-06-07,5efcc46e1fee22373a28eb2b0f26a6fc,2017-05-16
6a7110985cfd7662ad87789502fb7de3,319a82faf7395dfc64bc0fd158c34f11,delivered,2018-01-30 01:10:31,2018-02-01 02:56:09,2018-02-06 19:28:49,2018-02-09 22:38:33,2018-02-21,dc7c7ee0ef051839bb7d588e1d31e970,2018-01-30
81b1fd6b50d083d07912773bb6c8095c,6e438314a83b16bf069789bea2ce4596,delivered,2017-11-24 23:00:33,2017-11-25 01:58:27,2017-11-28 18:19:48,2017-11-29 22:14:42,2017-12-14,5774bddb63ba355a6b8a7d232a0b4d3f,2017-11-24
904da7bf9d2b7b563a9aa28683a19455,1a3f26c6b49cb0170586ddce31301c78,delivered,2017-03-28 17:23:01,2017-03-28 17:35:18,2017-03-30 09:20:24,2017-04-05 13:04:30,2017-04-19,0dc6af7fb0b1b3ce4105280cede1001b,2017-03-28
66fd661e991babfdd0cc2fc1ba977eb5,149cbc8bbc563ca6969fa8741f750fe4,delivered,2018-05-06 10:04:18,2018-05-08 03:52:36,2018-05-14 12:03:00,2018-05-15 17:24:52,2018-05-18,fa23588cce04af1826e3a05b8c958606,2018-05-06
6e64502497aa34a598438ee5cdbcaea2,4756e87d8d06e75c6f6fea9b819d48f6,delivered,2018-06-06 18:13:21,2018-06-06 18:34:28,2018-06-07 14:43:00,2018-06-08 21:11:48,2018-07-03,2ae5e18bcb19f806865d414e74bfa11e,2018-06-06
9c462c053ec072efcaa5186110cf96b8,6fe805b1e977fdad24d70a3ddb2f32b2,delivered,2018-04-14 12:16:10,2018-04-14 12:31:54,2018-04-17 21:14:32,2018-04-23 18:58:48,2018-05-10,e8fcd829b77d4c9b2c79f89ebffac84f,2018-04-14
f97da0a16b75363e98debcd65fe1253a,203a0a75ae7e8fca0962b1913ef3a91a,delivered,2018-08-04 17:33:14,2018-08-04 17:45:13,2018-08-07 10:43:00,2018-08-14 17:59:18,2018-08-17,56aa2869985453b8c205ee9ef0a1f2c0,2018-08-04
afd9fa0beb56962662a48ea1ac7c359c,370beb82ba0d76cd2e15e6fd9d252abe,delivered,2018-05-09 17:04:35,2018-05-09 17:35:59,2018-05-10 15:39:00,2018-05-15 22:48:59,2018-06-14,99da47faa711959b94cc6cae8ba5ccf4,2018-05-09
a8f1479dc87463da50972116b62b6cfd,2d1110f76aa34b415f10a7828c7647f6,delivered,2018-03-25 12:27:23,2018-03-27 03:51:10,2018-03-28 00:26:44,2018-04-11 13:30:41,2018-05-02,0abe5d10704d109ca08469de86025b9b,2018-03-25
2ebae2ed985f7f0a3beb4fcb70fefa19,890c6e206d77271353668167a369a6e0,delivered,2017-12-04 19:43:40,2017-12-04 19:55:30,2017-12-06 00:08:30,2017-12-19 23:17:04,2017-12-22,91295ab5a7b86abeaa978546e3d652fc,2017-12-04
a44895d095d7e0702b6a162fa2dbeced,000161a058600d5901f007fab4c27140,delivered,2017-07-16 09:40:32,2017-07-16 09:55:12,2017-07-19 19:09:37,2017-07-25 18:57:33,2017-08-04,b0015e09bb4b6e47c52844fab5fb6638,2017-07-16
f75eddeb8fc33239a2211c1a34f6911c,23cf16e10ad548a78ffd4dba478365da,delivered,2017-04-12 22:14:49,2017-04-12 22:25:12,2017-04-13 11:16:19,2017-04-18 15:48:20,2017-05-04,f0da25f39f83930897383b641a5187de,2017-04-12
155bfeb20a3f085ab900c872c084dfe6,6c7a009150d757987ceb07114bf7e763,delivered,2017-11-29 10:08:58,2017-11-29 10:30:27,2017-12-04 21:48:49,2017-12-08 21:57:03,2017-12-28,2e44d903b2cca9353309a88ace880bff,2017-11-29
eac67648168ca5875a655452939cf2d6,dd8554c8c748a675f913ea89a7b86b76,delivered,2017-07-27 08:49:32,2017-07-27 09:35:21,2017-07-31 18:35:47,2017-08-01 20:39:23,2017-08-14,b0d0e87eff4879c722c40a46f0ad66d1,2017-07-27
6dd018ddbabb3e2395f292cb1f2b3ba8,d05d07aa90ccf1c30bf55f0cd34b28bb,delivered,2017-09-11 19:36:44,2017-09-13 03:35:22,2017-09-18 21:47:33,2017-10-06 13:42:35,2017-10-16,59402a12bf267e09c08111b980acd9ff,2017-09-11
41baff5b293e1068640c4fd004b40972,060b98efde121ab42197e801840411d8,delivered,2017-11-03 10:27:36,2017-11-04 06:25:49,2017-11-16 15:03:18,2017-11-24 20:07:02,2017-12-04,72e9f4ec806a2086770e42e156c0e5cc,2017-11-03
da6f3c22dc38f6e133f8a8f14f5d3cdb,80a76c0a8a6700d1b4a7c5d0a0820b76,delivered,2017-09-18 17:53:53,2017-09-19 03:55:27,2017-09-19 19:32:41,2017-09-28 20:57:50,2017-10-06,0dbe04572c6cf431d0120b0ccc74ab68,2017-09-18
28abd0d3d0785dc717255911c43882d6,471169e42b5af2855233dcada6ea5b9f,delivered,2018-03-30 22:08:47,2018-03-30 22:27:09,2018-04-02 23:58:26,2018-04-10 01:26:28,2018-04-19,a008b4fd6ebc2960cd222c185dc14b66,2018-03-30
f307eeea250efc6c6bdd863ae32162b5,e8704f70e4ec2f83cb3bc4d80f749dcf,delivered,2017-11-26 10:58:33,2017-11-26 11:15:23,2017-11-27 12:04:58,2017-12-10 15:54:53,2017-12-15,06a1e58ed33da661b8d9ea895f441633,2017-11-26
27f3ee911b46e671b6393093afebc222,c1f69ef3484dda2abe3bbe712c027f68,canceled,2017-04-23 12:01:53,2017-04-23 12:10:32,,,2017-05-15,d7dfa463bb9641c9fb02d922f005f424,2017-04-23
6acb5effe9cc2542a70885f23bc58554,04b0bc5f7a9963bbca17c293037dbd2f,delivered,2017-08-14 14:23:21,2017-08-14 14:44:08,2017-08-15 13:46:29,2017-08-21 21:32:52,2017-09-05,288815e5ba036d5b1407dfd71a9c2a2c,2017-08-14
a88a37e74e1ba099e646450f9f0d1762,f62fd19f3c7e6972bffc7ece723b39de,delivered,2018-06-28 11:24:23,2018-06-28 11:50:30,2018-06-28 12:30:00,2018-07-12 19:14:29,2018-07-18,3b78563d931271fd2d6be87b30c3e7aa,2018-06-28
4e4130337193dc0b97e9bbdcf262a965,2a8fbd9c4f1ef6d033fe449d055fa5fb,delivered,2018-02-21 01:47:29,2018-02-21 07:10:18,2018-02-21 22:09:00,2018-03-07 19:18:47,2018-03-20,c3bb4cf482e9f1b6c7bcbc5c5ca785a7,2018-02-21
88d8024d811be666f66e7199e27a830b,3875a06057658fadbb8715a4f25eeaba,delivered,2018-08-12 01:10:43,2018-08-12 01:25:10,2018-08-14 13:24:00,2018-08-18 16:52:48,2018-08-24,8f807a098d7ff86f7d03c933ea035ab7,2018-08-12
77acb3b32ab623aaf525b52006d0c142,9be907cf929fd53da43778102239bbaa,delivered,2018-01-23 16:29:22,2018-01-23 16:38:31,2018-01-30 18:11:32,2018-02-15 00:07:36,2018-03-01,f8bbe7aad2046c42040bd68a76d3a3fc,2018-01-23
276e586682c7afb8f69a92fb276dc884,8b9f55ee19f0356ba6b3f03485e6922d,delivered,2017-03-20 21:55:02,2017-03-20 21:55:02,2017-03-23 12:22:48,2017-03-30 13:57:07,2017-04-12,bc7b9e0d078c0c01f622b38cfcd7ee9c,2017-03-20
fa94f0487376b26326f5fa63d24c9a8b,564b304124ac90784fdcb34339c6aaf2,delivered,2017-11-08 07:52:53,2017-11-08 08:06:47,2017-11-09 13:56:21,2017-11-27 22:42:14,2017-12-06,08c97ce050742ee9d22eb9cf0da5c244,2017-11-08
b3aa45b7ba0f950a1b163a9f85f613de,ff4dfb2525a749384a0e31d68625443a,delivered,2016-10-09 13:31:57,2016-10-10 03:15:41,2016-10-15 12:41:12,2016-10-19 19:05:42,2016-11-30,72602f19e9db5d1f5245849d55794e52,2016-10-09
463178e4788138aa93f2c30416626a53,65ea0275064d8137b41e097076e70415,delivered,2018-03-23 10:30:52,2018-03-23 10:48:23,2018-03-27 02:28:35,2018-04-09 23:51:25,2018-04-20,7fbecaab8a33b21ca0bb6ee1f4d26658,2018-03-23
d4911279e8f92849f1685ed9436c2483,7c97749095a5b872b41a18ad3ab73c29,delivered,2017-08-03 14:19:17,2017-08-04 06:45:17,2017-08-04 19:51:58,2017-08-08 18:58:19,2017-08-23,5e310a28f1af63a8debee277d141a1e6,2017-08-03
c1c4e2a7fb7eb8066b69234d0b3fd446,3d5193e1aaa3ff45aa2b08f782b26709,delivered,2018-02-23 14:49:39,2018-02-23 15:16:13,2018-03-01 20:39:09,2018-04-02 14:12:50,2018-03-15,10a4b9f45f67e6bc9ca4032b9203272c,2018-02-23
b17838c714aef16bc099010feb2261ba,b544075a6d77dcd06337afdb49927000,delivered,2018-06-14 14:53:37,2018-06-14 15:20:49,2018-06-15 13:00:00,2018-06-19 20:20:59,2018-06-28,3d9792f2eb1cac3a0e4c59b80198b555,2018-06-14
88a78af246c6c2db88e72b384796c98c,5f927d5f455d787c64e69dbe0382c5fa,delivered,2018-05-26 18:18:03,2018-05-26 18:30:33,2018-05-28 13:22:00,2018-05-29 17:28:29,2018-06-20,c22e1148626ec92ec21016a22b325725,2018-05-26
5fcfb33c8c186d01f979db1bc99405e3,7291b031382aaae4c41a933608e03471,delivered,2017-10-10 11:42:47,2017-10-11 03:35:16,2017-10-11 21:12:54,2017-10-19 17:39:08,2017-10-30,ca03193933237061f64b886c1410dad2,2017-10-10
2d2975aae2e55ee662ad28cb6fd145d1,41de90cec1dce38ebecc5879294e4041,delivered,2018-02-17 14:54:32,2018-02-17 15:10:21,2018-02-22 14:20:04,2018-02-26 22:43:26,2018-03-16,65cffbc089e4ef996702bdef7aa3bb13,2018-02-17
fd95e4b85ebbb81853d4a6be3d61432b,00fd2c64e6e3f94a81541196fc536f4f,delivered,2018-04-28 10:58:02,2018-04-28 11:10:31,2018-05-02 12:26:00,2018-05-11 20:09:30,2018-05-30,bd1e7855a39adab1461658e3185a3e1a,2018-04-28
3a85e7db76d5fc41b9dadcb1d4e7a255,b4d1b74099bada9a8d7f3d5a95883f74,delivered,2018-03-06 19:21:52,2018-03-06 19:35:29,2018-03-07 19:09:24,2018-03-20 20:02:13,2018-04-30,873e4275daabf5ab6eff5331277244a4,2018-03-06
0a8fa135a7aa265638024d7c4af050f7,996ec92b257a060a8a66ed7d14befba6,delivered,2018-04-25 21:40:21,2018-04-25 21:51:23,2018-04-26 13:34:00,2018-05-03 02:52:09,2018-05-21,ece8fc191a00edb90d32f45d67a3a178,2018-04-25
ca3ccd05ecdf6c73297349c485e668c3,95c1dc49c01816d23f08c0aa2a89f85b,delivered,2017-10-11 20:28:09,2017-10-11 20:45:39,2017-10-13 18:10:07,2017-10-17 18:33:50,2017-10-31,906e0be5fd32d577a0318dcb17eabbd5,2017-10-11
75b96a3b1a4aa70f1b20c1e86020cfd3,46942ba3c793925cf51c0b5a72f4b811,delivered,2018-06-04 17:11:46,2018-06-04 17:32:32,2018-06-06 15:43:00,2018-06-11 21:06:55,2018-07-05,d857f5804c1ec3b3dc483ab04da6100d,2018-06-04
2c6b7c49452d044cc8dff84245e1f553,c5743b474a0a32457e5d1c4d7d010457,delivered,2018-08-25 20:13:35,2018-08-25 20:25:09,2018-08-27 12:43:00,2018-08-30 14:04:53,2018-09-12,cc458e443c48fd3b2874468ad758d292,2018-08-25
2a1a1f086c448fa487f63805dcaf4974,13697976fe8ad222ab46eac52bc44fb7,delivered,2017-10-03 09:20:37,2017-10-03 09:35:14,2017-10-04 20:24:58,2017-10-13 19:08:00,2017-10-30,3f5534bf8c9378ee05b7dd684cb20e8a,2017-10-03
5bc488a3de801a774218a89c00b5db30,edc1c832f561d0817c454538fb98e89d,delivered,2018-06-14 21:09:11,2018-06-15 02:58:43,2018-06-18 16:43:00,2018-06-20 20:26:46,2018-07-11,0464159afca7dc384819dc5f0b3570e6,2018-06-14
ccafddb54a91c4cebc1ab1ba6fa5f68d,4b1e4c6aa9b00cc930f4ef5f7b622ba2,delivered,2018-03-01 16:47:48,2018-03-02 02:10:51,2018-03-07 21:26:33,2018-03-23 20:38:39,2018-03-28,502867033ec89122387321e8586ec419,2018-03-01
2996234f359b5a3b99263b0f5b841d86,ba64b72b127eb80d74296a6ab97dfe16,delivered,2018-08-15 15:48:50,2018-08-15 16:05:12,2018-08-15 14:16:00,2018-08-22 22:34:27,2018-09-04,350b6a7c7aeb1f5fe013e0dc536c8e9e,2018-08-15
ebba22ddb17ae5e213971c8246de7a47,a82121a4a1690bf195b6e61b691b13eb,delivered,2018-05-18 16:05:27,2018-05-19 03:15:23,2018-05-22 13:40:00,2018-06-06 19:22:39,2018-06-11,cbd67c58504513da7b039d8c83e46c1c,2018-05-18
f5469d54daa9f43486f2d4ab2b154406,cd7d7b4d8d652f2a44de11261fb5f749,delivered,2017-08-18 13:21:50,2017-08-22 04:07:08,2017-08-23 18:04:26,2017-09-18 22:27:02,2017-09-20,10ac97e970f479a6fc6be89aaa6cec93,2017-08-18
85e82878a7121ee2d2018b2299b7915e,43a020387d119fbe1f461e6473f3dfe5,delivered,2018-02-26 18:58:02,2018-02-27 18:50:32,2018-02-28 18:09:02,2018-05-08 15:40:58,2018-03-16,0129147743b7712da1c4a55a59d0fb16,2018-02-26
dc0026d5ff685eb725a42925ff3aa5eb,dd839293c72a7bb6ade8b5af293ad2d7,delivered,2017-09-01 13:13:18,2017-09-01 13:25:37,2017-09-04 19:12:18,2017-09-08 20:53:50,2017-09-20,5dca306dea49c24aa9cb2ea552589db0,2017-09-01
ae181b10c96125c3d1bbe9d7dfc1e830,cdf22d44bff4f1fc02ef48a306038252,delivered,2018-04-15 16:04:21,2018-04-15 16:15:29,2018-04-16 13:36:35,2018-04-17 13:14:38,2018-04-27,eef42d8134eca01c9b1db9bd1e6e3481,2018-04-15
49e6f3b6fe80dcb31aae574640bd3a8c,1bf6f19443d0486c3b72f74b7b4caa40,delivered,2018-02-05 20:24:40,2018-02-06 04:32:05,2018-02-06 21:04:17,2018-02-11 18:08:49,2018-03-02,4f441f2bc81c8bd57782ad39f5c2018f,2018-02-05
484216e35682c86df2d5548a94d08cbb,fb0cfde85c52eae49fd2f0cf9a023844,delivered,2017-11-24 02:25:07,2017-11-24 02:37:28,2017-11-29 16:07:10,2017-12-07 14:03:04,2017-12-15,0909eafeefef78731dd1b6712405cfb2,2017-11-24
ae008476d71178d5dec116ecd90a9471,89db3891a4e41c9d5f4c20d46ced9ee8,delivered,2018-01-03 12:03:50,2018-01-03 12:13:20,2018-01-03 20:25:09,2018-01-23 20:23:01,2018-02-06,588d4d51115525b8d1385455e644441f,2018-01-03
3ff79cc8f927df012dd6b1b823632745,ef6de34149793fbcbfff584a15926055,delivered,2018-02-17 21:06:22,2018-02-17 21:26:44,2018-02-19 09:59:03,2018-03-06 17:58:24,2018-03-13,2ae6a57dcdd2f1424598fc480cbf698a,2018-02-17
99d4dd36318ceb97e9feda8baade3ce2,f77941001d3f0ca5fa211d79882c0cd1,delivered,2017-11-24 21:13:38,2017-11-24 23:57:38,2017-11-27 22:29:04,2017-11-30 12:14:06,2017-12-12,ccdcec2d42b0084ff8ad8fd5aee79316,2017-11-24
dcddaf0d2359e8b282ad24f1d84857bc,ffe6d825d8a60d5cca942bcc57e9d8e6,delivered,2017-05-05 18:34:34,2017-05-06 02:23:00,2017-06-08 14:34:07,2017-06-27 11:30:05,2017-06-07,03219f704113c9e40797774e4ddb532d,2017-05-05
c2e945f7388f760b0bd02c22a4f6993c,d884b47a242cd8e735d7c4501568dde8,delivered,2017-10-03 10:24:33,2017-10-03 10:50:52,2017-10-05 19:26:19,2017-10-18 22:18:58,2017-10-30,3be85df3e4ba114f460e6ff3cbd9ac40,2017-10-03
2c9f9957886293ce9bc43dee12fa1adb,86bff62b6eccfcbdeb17ed3cdf4a9ef0,delivered,2018-02-24 12:23:21,2018-02-24 12:35:34,2018-03-01 01:48:45,2018-03-07 23:26:48,2018-03-20,bd1024334c3994ee9866ed00a39e7ecf,2018-02-24
0178ff2480e2e8fb84d456dd3dc3d777,9658c223ca600a39c7c52d7087d0a598,delivered,2018-03-25 13:48:39,2018-03-27 04:08:18,2018-03-27 19:18:54,2018-03-28 20:14:38,2018-04-06,1650459e18e792163dca4edab647caad,2018-03-25
e27677cc62d6c8851e3b143c2e020291,6df5ddf7676013f56d630c2c02d6d51e,delivered,2017-07-24 22:51:53,2017-07-24 23:05:56,2017-07-27 19:39:55,2017-08-21 18:08:02,2017-08-16,e19661e46d82d321c7635868589770f2,2017-07-24
54f53e031329f69ca101726cac52f86b,489b09be68ed44791c5b0eba7dc7eab3,delivered,2018-01-26 22:03:52,2018-01-26 22:12:18,2018-01-29 20:21:43,2018-02-06 22:16:52,2018-03-01,08c07c761592a71b85136aa4fe76a6f4,2018-01-26
4d02fcbcbf4a19682c0c09fb8fc8005f,2d5c7d1250eefd0b786eaefdeaba91bd,delivered,2018-07-24 21:21:15,2018-07-24 21:30:17,2018-07-25 15:20:00,2018-07-26 18:52:52,2018-08-01,79d38893c966642b3c3ff1fe02d76552,2018-07-24
a73de8635a0cb0aee3da3736197f76b2,d1f24011654af00df1a8326c6cb8aac1,delivered,2017-10-02 22:45:12,2017-10-02 22:56:20,2017-10-04 21:03:48,2017-10-09 17:20:24,2017-10-25,d1c843178ca07004edbe2ac277b35bcc,2017-10-02
8daaa9e99d60fbba579cc1c3e3bfae01,ad3027360ab7ff592efb16fb347d1e1f,delivered,2018-02-26 17:35:23,2018-02-26 17:50:30,2018-02-28 15:07:50,2018-03-02 17:35:37,2018-03-26,d5ca668597a3b40c1e527db8c761f03c,2018-02-26
eeb1f86a9f9c08e3eb0bbb7186dccf60,92dc2362ac5619266eeed4ec88234e1c,delivered,2018-07-30 12:58:34,2018-07-30 19:32:03,2018-07-31 14:54:00,2018-08-01 19:28:27,2018-08-02,0bad4fcf13b5df627666c2f510782b66,2018-07-30
94b9fdffc1d9b49273c91598fc0dc5e6,6236a1fd73ab92114378e88fe16698ea,delivered,2017-02-03 21:36:05,2017-02-03 21:50:13,2017-02-07 15:43:38,2017-02-15 18:18:11,2017-03-30,08e37284d5bd2834be3c71035e3d64a3,2017-02-03
0c986e5002868d137f566b34fb183827,56a65a21f846976ecbc7b7958ff32f74,delivered,2018-07-31 20:19:25,2018-08-01 02:35:21,2018-08-02 15:43:00,2018-08-03 14:26:27,2018-08-14,8b87de30e17e4685d7e61af6029a8d1d,2018-07-31
487cdbe6d900d62275117d1fd45674bf,1dc9dd1db9aebd0a3c03eefeb3f7ee1f,delivered,2018-03-07 12:27:29,2018-03-07 12:49:52,2018-03-08 08:44:45,2018-03-28 20:08:27,2018-03-27,80619f2cf1031b5d585332d88443477b,2018-03-07
809a282bbd5dbcabb6f2f724fca862ec,622e13439d6b5a0b486c435618b2679e,canceled,2016-09-13 15:24:19,2016-10-07 13:16:46,,,2016-09-30,009b0127b727ab0ba422f6d9604487c7,2016-09-13
c0cb4eb4f8b433eb1d73091276e12ebd,793206f0990570a0101ebb9558de79c3,delivered,2018-02-21 15:59:53,2018-02-21 16:15:59,2018-02-26 20:46:57,2018-03-14 12:12:19,2018-03-22,6aa9c977baa412b83117a040721e229a,2018-02-21
164f22d152f646ca5ebb5a2049e3adfd,b22ca1cb1efb9b7b3dadf51aae18d481,delivered,2017-08-11 13:06:48,2017-08-11 13:23:41,2017-08-11 19:13:23,2017-08-22 19:55:07,2017-09-04,36f61c8ab428a9b9ff93ec0ec259c7b0,2017-08-11
b132b4c680aad57c36a5686db90d88d5,5f18a6b902ea6a8e5a30fe7e8b376533,delivered,2017-08-26 16:00:55,2017-08-26 17:10:13,2017-08-28 20:33:51,2017-09-01 13:53:20,2017-09-08,09ca8f961cd82c43287f414a60188694,2017-08-26
6d885151b431516792fbfc7d393c90cd,7122c24d3c0eff23bbea46f485fa0d66,delivered,2018-01-11 17:03:35,2018-01-11 17:16:30,2018-01-15 23:16:47,2018-02-07 22:12:42,2018-02-15,93efbb67e62b113be8bd07519b65545a,2018-01-11
4ced342eaecfe9e29be64d5a93ce1379,10f53ef75f23e5a4d5ad2df4de7c6324,delivered,2018-02-13 20:17:29,2018-02-13 20:25:33,2018-02-14 18:07:42,2018-02-23 15:49:14,2018-03-09,1076879cc2d46bfe7dd195cb9efa854f,2018-02-13
acdcdde1b4bbffb38a57ec5992ab1934,aa69109c4c174abc3b890804f78d78fc,delivered,2018-04-17 07:38:17,2018-04-17 07:50:08,2018-04-17 17:54:36,2018-04-25 17:20:44,2018-05-15,6caedf47165dd303190404ba0d47e802,2018-04-17
ff3d961f941d0784936dbe5da739575e,13c63b62948447f955a98910800ca8f6,delivered,2018-03-07 18:00:44,2018-03-07 18:15:44,2018-03-09 20:08:31,2018-04-10 03:05:01,2018-03-28,9f4ee603c89ea86cd05d92bb2494ebc5,2018-03-07
3594036dc631b02c14cd17fd933d3068,dc1a71416c75d6b97cd81ae1d5505a7b,delivered,2017-10-17 10:29:28,2017-10-18 02:53:48,2017-10-23 22:41:57,2017-10-26 13:17:43,2017-10-30,16bd767d18bf82bb09fc51520f7ea5ab,2017-10-17
ab98ab3726335315eb814d5ba24caba8,b68147b225261342f06c780cce2dd38d,delivered,2017-10-29 21:40:33,2017-10-29 21:50:15,2017-10-31 16:04:03,2017-11-13 20:54:39,2017-11-29,4c13d21a85b703d3449e04b14a5e6313,2017-10-29
e9a879545f57cb4c1d3acbee8b436454,896d83a0aa63660580e188b137fe530e,delivered,2018-07-08 18:40:10,2018-07-09 18:45:10,2018-07-10 13:45:00,2018-07-25 21:39:50,2018-08-02,4f66c0cb8fc9bd5e4d295b6ffad552ef,2018-07-08
df2afb0d21253af8ac80fefed51bb52e,ed93f7feec62e5f10f7ec73d683e0f64,delivered,2018-02-14 20:38:27,2018-02-14 20:47:28,2018-02-16 02:54:56,2018-03-08 23:42:27,2018-03-19,45638da044bd03115e6061596e17b7a7,2018-02-14
425f411da928aab32cbb846990839737,0df3d5778dbd8d8aab957be806bb9be0,delivered,2018-01-17 21:39:29,2018-01-18 21:32:31,2018-01-23 00:22:38,2018-03-02 02:09:08,2018-02-14,37cc82160685ecacbee8ea034056ae44,2018-01-17
0bb931d01ae91d63c98608e9125c1c1d,98bab3333501e5426408e5f68c63d972,delivered,2017-09-12 14:40:50,2017-09-12 14:55:21,2017-09-14 18:04:02,2017-09-19 14:07:38,2017-09-28,500b6d6368aaa8f713f050654b92f366,2017-09-12
6cb2000475274ad7e94d1e64f840e907,f915ababf4710468c93ec2c9a3f64431,delivered,2018-06-19 16:45:50,2018-06-20 02:54:55,2018-06-20 14:17:00,2018-06-25 18:12:15,2018-07-13,aea912932dcfd24b192a0445ccaa7f00,2018-06-19
99a50db34d17b1f845a8ea04de3e747d,075b39e18f6c41df500a6ae613a735da,delivered,2017-10-09 08:16:17,2017-10-09 08:28:19,2017-10-16 18:35:57,2017-10-24 13:32:58,2017-11-09,6d30fb7a44f6405e3df4ec6a5a1c787c,2017-10-09
365929ae2a3877d3590589ad75b39d20,fae73a7c700511a73d47915d118e5ba6,delivered,2018-05-08 20:00:17,2018-05-08 20:54:48,2018-05-10 18:29:00,2018-05-16 13:09:45,2018-05-25,6dec1694a1f6ff043db793858fdfb792,2018-05-08
d3ba9cc2ed6bfcb179c9d654974de7f7,a8f2ce0853302c7f6d960aaf99b01a27,delivered,2018-07-22 22:54:11,2018-07-23 12:31:55,2018-07-24 15:44:00,2018-07-27 20:02:11,2018-08-13,af188f400ae2502dd8afc8730dd52717,2018-07-22
32b25718a224529a972d40f00f06299d,8ea19bb36a76ba5761524ef17ba268e7,delivered,2018-02-28 16:21:16,2018-02-28 16:35:31,2018-03-01 20:52:03,2018-03-23 13:39:24,2018-03-21,7928782f780594416a7fc1b2ae7a0b9a,2018-02-28
5de9ecce32c65cf52b1602cdac27f7f2,93e19daf1a3340c5c85034557d66e6b2,delivered,2018-07-06 13:46:23,2018-07-06 14:11:06,2018-07-09 13:51:00,2018-07-10 18:25:27,2018-07-19,9a30b2294f18ddcee9918dd3f3554407,2018-07-06
089b6875058f8f72ecbe2f5afe317910,2864542befa48f24fae06fee7de38b4e,delivered,2018-04-10 21:07:35,2018-04-10 21:30:45,2018-04-12 17:26:28,2018-04-13 17:25:33,2018-04-23,cb54c59d06ff87f3d29d9dd6493b1355,2018-04-10
35ec908d0cff9e5ba33b44d2ad7850b7,9da1a95a9bcbab2eb1a244f4b15d6cdd,delivered,2018-03-25 21:50:37,2018-03-25 22:08:33,2018-03-26 19:58:49,2018-04-05 04:28:24,2018-04-18,34896d5a632cd39b5f42d9a5408e1911,2018-03-25
7fadb5fea409b4722158492cd408177c,8e37355e9bb38531c7c64f24c9134fbb,delivered,2017-04-22 18:53:45,2017-04-22 19:05:12,2017-04-24 15:19:09,2017-05-02 14:45:52,2017-05-15,121b5a0ae9d09a2ca5e8090fd2a00a58,2017-04-22
7f81a8a172eddc4f7afaf02eb94ab824,85191fae8e27da08a50395638532e838,delivered,2017-11-06 09:50:33,2017-11-07 09:46:24,2017-11-09 18:14:56,2017-12-18 11:38:57,2017-11-22,5266b70050919a41e3e263746facd2a2,2017-11-06
188ee57c8c41550345490675b44167be,91b9c73efce9cbe8c08f5211c1458761,delivered,2017-10-03 17:28:58,2017-10-04 17:35:22,2017-10-05 15:18:29,2017-10-13 11:03:01,2017-10-27,80eefdb25d6a9d9bdb97dc6fcf73cfd4,2017-10-03
7289e899d9083d1c93469d36a42d1dea,0f5e161db26d065ff8926895975c0ca6,delivered,2018-07-04 15:15:27,2018-07-05 16:07:07,2018-07-06 11:29:00,2018-07-10 14:51:31,2018-07-25,13328de954c6d7341f586b24d02741ff,2018-07-04
76eb969a695f694952f79db129b24c46,297d3714675c007773d44da77d58f599,delivered,2017-10-09 08:59:59,2017-10-09 09:25:57,2017-10-10 17:10:27,2017-11-09 22:38:48,2017-11-17,20f645e96192149f3af6b61d3f95a14f,2017-10-09
1fbebbbba3149f89e410951ca531cae2,5b9e676ba4af242f149ba51d095d4f5d,delivered,2018-04-01 18:13:09,2018-04-03 05:50:26,2018-04-03 21:07:22,2018-04-13 23:06:30,2018-04-23,adda0d6fc1c16cde6a95d6bf6041558f,2018-04-01
1c7348dbdae957a76d7886476cbc97e1,55255f1cffa7946e5db488f14ae61cfb,delivered,2018-08-14 08:45:16,2018-08-14 08:55:28,2018-08-14 15:11:00,2018-08-20 18:09:00,2018-08-28,0f5886490fab461243285065ba5143d6,2018-08-14
b9d85f9487a067f470cf6def2889087c,80025915b2b4d9a7acee5bc82c6ff699,delivered,2017-10-12 12:01:58,2017-10-12 12:14:25,2017-10-24 01:02:54,2017-10-30 17:57:38,2017-11-10,21e73b8ffe90a9de50fcd24095b1a469,2017-10-12
55e71b9318bbe979e00a54045806114b,2060709885cf613153c4632e738c63ad,delivered,2017-08-09 16:13:51,2017-08-09 16:30:12,2017-08-14 12:49:56,2017-08-15 20:32:31,2017-08-22,47eccb0f1f3bac96e9eced88fe9c1bb2,2017-08-09
be82634d36d47e922d16c1dc2c0291c4,749b4a27ab77ae603f9e260c945ce8bd,delivered,2018-03-06 15:36:00,2018-03-06 15:50:34,2018-03-07 23:33:53,2018-03-21 00:03:40,2018-03-27,97df2663e9030b16d0e9eb25affd2c30,2018-03-06
814a3fa64843bab063063a18603efd53,56fc8604a22961b99dc13a188ced33d6,delivered,2017-06-30 11:21:24,2017-06-30 11:30:21,2017-07-04 16:45:49,2017-07-10 20:23:59,2017-07-24,d26ea450c94b44141be34ed5cd445a06,2017-06-30
547b3cfe3d9a94652532f7e8bfec4f0b,aefbe8e331d0976874cd871c3cc13e68,delivered,2018-06-11 12:33:08,2018-06-11 13:32:53,2018-06-12 15:10:00,2018-06-19 16:42:45,2018-07-04,0954344d5c00614db04e124b63d3dd11,2018-06-11
57abb1f66732171fe6a0c44a796f747e,3f8814ad16cab376ba05899ce60ab113,delivered,2018-05-14 14:53:51,2018-05-14 15:17:38,2018-05-14 16:16:00,2018-05-17 19:03:16,2018-05-28,387374337b75210c1655087cd3f6d089,2018-05-14
acd788596773fb4328703c9ea80a1913,696487dfa3e237407a7fc1e381da0a45,delivered,2017-09-26 10:30:40,2017-09-26 10:49:12,2017-09-27 22:45:59,2017-10-03 21:36:04,2017-10-23,ecd59782555a958097561d02583d3a9e,2017-09-26
86ddbf551a45045fda65a0b20745a6c4,27d2558ca362026e8924200781145922,delivered,2017-05-25 14:33:46,2017-05-26 02:25:15,2017-05-26 16:45:05,2017-06-16 14:53:39,2017-06-19,999bf1d2709dc80fcf55a92805ecc34f,2017-05-25
09e6dfb3a40d9c2e75458a76ff06e2d5,2ac05c2154577da9cf490951f1a0da84,delivered,2017-02-11 10:42:55,2017-02-11 10:55:16,2017-02-14 18:17:28,2017-02-16 07:08:53,2017-03-10,a7453e591e1526f8e10da58e78527dc4,2017-02-11
77e62c3d5d4bc9c33f9fbab23755728e,1442d92ced8acf903c78285fdfd5b368,delivered,2018-05-25 16:44:17,2018-05-26 02:32:43,2018-06-01 06:27:00,2018-06-04 22:46:25,2018-06-12,145a316891ceab7e8963f984f22a792f,2018-05-25
52c1dd5de2f994e2979bb421330763ad,fc6970358133b4ddd73d4fe57cfe6737,shipped,2017-11-24 19:36:27,2017-11-24 22:55:04,2017-12-01 12:42:21,,2017-12-19,f1d32fc4daad97978a28051b160ca25e,2017-11-24
6178d892fe5eef77fb756aed59b758bd,4d4200b96b8a9f6d9c8dabbc0e47e028,unavailable,2018-01-15 14:08:28,2018-01-15 14:19:28,,,2018-02-07,cdc8a55939d542adcdcf766ce064a40a,2018-01-15
c0e194a5482be6d94f4dff49e935b811,6e285c210944dcf1f2ee784dfd24fa3e,delivered,2017-12-10 20:51:47,2017-12-10 21:13:15,2017-12-12 22:27:27,2017-12-22 19:35:00,2018-01-05,9e76f3915edb389c53e9a959ad369793,2017-12-10
b1255ece61a04beee71a3dd933220a22,e616fde1bddf639eafbf05b1b944049f,delivered,2017-11-15 09:49:12,2017-11-15 10:07:09,2017-11-17 19:06:58,2017-11-26 20:20:03,2017-12-05,d94ea08007c6035eb9ebc0c9331a6706,2017-11-15
1ca1fb771325fde9ed2369cbda7f20e5,05caeca974b480263d5037c56d9cbcff,delivered,2018-04-10 14:39:00,2018-04-10 14:51:16,2018-04-11 17:26:25,2018-04-16 23:11:27,2018-05-03,7a561ef609cd582b471f3ebd66397038,2018-04-10
74f2f26b7d6a438e241f9ad86133299c,35b58a7a83b62db8460d169eb633c1dd,delivered,2017-08-15 11:24:24,2017-08-15 11:50:10,2017-08-16 17:49:50,2017-08-21 19:10:09,2017-09-19,5d29a6dff682f95a13ac64e233512f2e,2017-08-15
fa28bd97430eae2d2b4f9441a25749c1,0134ab2fb213ed322c3ae3b0e051582f,delivered,2017-04-15 03:21:22,2017-04-18 04:32:18,2017-04-18 15:56:06,2017-04-20 08:14:22,2017-05-17,910edb03fe69cbf4c909fb359d9e9564,2017-04-15
86891f436de654a1481776e0263fc5d2,0a8c82c1e1a5288caa2071afdf447c87,delivered,2018-08-08 12:00:12,2018-08-08 12:10:15,2018-08-09 16:22:00,2018-08-13 21:52:40,2018-08-15,38b8752d745e01a425f8df47f7b2f57d,2018-08-08
677b9097f2a4bd49d5110a761ebfd41c,3cbaa27bd79fa6a489b1678ac5fe787b,delivered,2017-09-15 13:47:40,2017-09-16 03:04:04,2017-09-18 18:02:32,2017-09-22 20:47:09,2017-10-03,3b2f9da4a4cf3a5e64c34c452a02c8bd,2017-09-15
15bbe82a70f5a2449ff1d54c54b508d0,1a60953344c67840f670ba07a1c453d3,delivered,2017-08-28 13:02:23,2017-08-28 13:15:18,2017-08-28 19:56:37,2017-09-05 20:38:46,2017-09-18,c3c51f2fe0910d1a37291c5ffbe98710,2017-08-28
f52b64a627a310405cfd65e2a23acb23,0c0b4497d7324e5a4e31262c93fbc3c4,delivered,2018-02-12 18:58:50,2018-02-12 19:10:22,2018-02-21 21:55:20,2018-02-28 22:32:47,2018-03-06,3595d21a3d79ff7a508581144acf0ed9,2018-02-12
7fa917593c3ed7bd80f35dcb6e1aefbb,e2e19682c430083481f5c6e0fc985e3e,delivered,2017-09-25 10:17:31,2017-09-25 10:30:19,2017-09-27 18:41:18,2017-10-02 17:59:17,2017-10-25,c47bde19255c14320f94f8bb9b638774,2017-09-25
df5130410a20fcd7faec983640e48078,4ef22321e988e87dbb047cd96b9293fd,delivered,2017-08-28 23:38:47,2017-08-28 23:50:15,2017-08-29 18:04:21,2017-09-01 17:23:06,2017-09-14,909723077551b79155af021186a3a065,2017-08-28
5828df384b9044ee90d7ac11a042274d,4cb7ea6ea120acd8ad213beea31ef046,delivered,2017-12-10 16:13:21,2017-12-10 16:30:33,2017-12-11 21:24:26,2017-12-21 20:14:55,2018-01-11,95d5f098a34c5ce4b0da0794e1f96a15,2017-12-10
109dfb5756c526e783783356f4384b4e,36221a58d1cd5b882b7dcec3e5f72408,delivered,2018-08-16 15:13:00,2018-08-16 15:30:14,2018-08-16 15:52:00,2018-08-21 20:06:19,2018-08-21,680f14d7d05037d2685474299c6af319,2018-08-16
11bc240af3d9e1f77218715480a65b77,2ff113091fe089cc6bef22f38a9f3a07,delivered,2017-06-02 16:42:13,2017-06-02 16:55:12,2017-06-05 13:01:31,2017-06-07 15:57:52,2017-06-19,7a3ad6673e636888eed8898522205984,2017-06-02
fbcac8a5f28ae481d3c3ebb74de5a7fd,eec86eb10f3bc01629ab99ffa32ea05a,delivered,2018-03-25 13:09:20,2018-03-25 13:27:46,2018-03-27 10:06:37,2018-04-06 00:33:44,2018-04-23,fefc267869d19d84e64c7ba061565ac2,2018-03-25
72169ffd15efc268ce012f931a368c4e,de0c4d984792eb5cc97509c7e1d6cb5d,delivered,2017-07-12 15:54:13,2017-07-12 16:05:25,2017-07-13 17:55:59,2017-07-17 21:33:30,2017-08-03,12aca1d9ee22b8cfba425249b45b07bd,2017-07-12
4fd754f42b2d84fcafd63991c1680329,418a04c8b80afd21264a413c8c9efd18,delivered,2017-12-20 23:43:23,2017-12-20 23:52:24,2017-12-26 14:52:29,2018-01-05 20:52:26,2018-01-24,8709b0d548e315324d624ec70ba34a68,2017-12-20
f9924bb345cacfbf0fda3cca1dfffcd8,d31a25f9035f5c84a468c15f58256171,delivered,2018-03-20 23:53:18,2018-03-22 02:51:06,2018-03-26 23:09:07,2018-04-17 14:36:36,2018-04-11,9fa0b38826f7c3c32d7e58a354862263,2018-03-20
f718877840944cfe1c386ba157a50d57,5914ae519b379dc8a931e79d66e3362a,delivered,2018-04-27 19:19:54,2018-04-27 19:31:48,2018-04-30 16:01:00,2018-05-07 13:17:49,2018-05-22,3b816f7862e29a06676e4d32bba0359e,2018-04-27
13f71b34070e465311be5e70a4b726ca,255ff8d111e16367aa2404897e198547,delivered,2018-06-09 10:48:40,2018-06-12 07:57:57,2018-06-13 15:12:00,2018-06-14 14:05:19,2018-06-26,dc7a877363610dcbf790081ca0c0af14,2018-06-09
eaa2404af4c709b5ed9127f802ee4eb8,474d5d500a35f32517fa588d587eff2c,delivered,2018-07-06 14:09:35,2018-07-07 14:05:41,2018-07-10 15:21:00,2018-07-13 17:12:32,2018-07-19,64e90c8dc59b94a90e2f645c28617483,2018-07-06
abf0f8d4869d920b5c42d4766c4e0712,f39fd913fb31275a65b0ef5f23988613,delivered,2018-06-20 07:42:30,2018-06-20 07:58:19,2018-06-27 10:13:00,2018-07-02 19:22:51,2018-07-16,6953415c09b04d944a7c598bfab4c236,2018-06-20
2b8b7636f69e8dca87850024171a19fa,3f71fba37c2f425974e32151d8771e9c,delivered,2018-02-22 21:56:23,2018-02-22 22:08:21,2018-02-27 21:32:59,2018-03-13 18:39:25,2018-03-26,b126cd994c561b7671ffbee58a05db89,2018-02-22
8dacd1da7c4dc40d5c59e7ddd93b3ac8,6ccedfba5919d72fcc8c51bfa982de62,delivered,2018-06-01 11:38:29,2018-06-02 03:31:41,2018-06-04 14:37:00,2018-06-12 22:34:44,2018-07-18,ca77025e7201e3b30c44b472ff346268,2018-06-01
57ebffcbf30e5b8850f0e4c8713fd2dc,0244095ded2a29ca6b15d7942ef3ec93,delivered,2017-07-17 09:55:12,2017-07-17 10:15:10,2017-07-18 15:17:24,2017-07-26 00:57:53,2017-08-08,3b64873f649476a8eb4c3e1b41457391,2017-07-17
bf0b7464d227364486f59a79f335a212,0a4ab446b538fb896f729d901199c83d,delivered,2018-07-26 21:16:41,2018-07-26 21:30:20,2018-08-10 15:17:00,2018-08-15 16:42:35,2018-08-09,c8c87008ea073e6d84cb347b64d1841a,2018-07-26
55cc5dd784c6da7dfe2e5408af3a58bd,7b6457d611a0a8400c8d53979ee5878f,delivered,2018-02-08 22:28:20,2018-02-08 22:50:31,2018-02-09 22:03:22,2018-02-15 20:23:07,2018-02-22,9e51005074429bed27517ef8cc329d9c,2018-02-08
3eaa0a2e223ae1b2ed934e0274bdd0cb,fdc2ac3f84df51c5e19d183b4a11166c,delivered,2017-07-12 22:50:00,2017-07-12 23:03:40,2017-07-19 18:24:56,2017-08-03 20:15:37,2017-08-03,639bfc6e7caa5c78fb571f8abe196289,2017-07-12
f2580bf652929f436d44764e3d41f1bf,253f6cc72b9101b65f671a1ffa586544,delivered,2018-04-20 08:25:08,2018-04-25 04:15:24,2018-04-25 14:12:00,2018-04-30 13:44:43,2018-05-14,5385e8118e7fa521f67724798f9994d6,2018-04-20
80cf8a8487e5b2664cc0bacc1a57063f,b1790b3975230983ee9b9d6f3e5a9f62,delivered,2018-01-20 13:59:20,2018-01-20 14:31:03,2018-02-17 01:33:59,2018-02-20 10:55:00,2018-02-22,9bd34173e718ebbf930ac95abdf0b39c,2018-01-20
3b877e13f7c459f7a8f3015dd9bcc2ec,6034b1115c7ac9b6ced55a6d30d3b62d,delivered,2018-08-03 18:43:40,2018-08-03 19:30:41,2018-08-07 13:47:00,2018-08-13 22:27:44,2018-08-21,4de0066d5e32f9bd282991a485d35c03,2018-08-03
0a65d1c730fc9bce9b5d353ff4f81bbe,e217d3b3ea5e1ec89757847ba1e86e2a,delivered,2017-07-26 20:35:51,2017-07-26 20:45:41,2017-07-31 21:29:49,2017-08-08 16:47:45,2017-08-24,8deb7f099a431f11012c736360261f7d,2017-07-26
eadf1db71815b513cf62a49e9c6416fe,c99c4573f69475e34c281d72617283ed,delivered,2017-08-02 15:39:41,2017-08-03 16:34:11,2017-08-07 17:14:09,2017-08-18 20:12:40,2017-09-08,0480fb293e9b6ecd62e3696ef83dcf96,2017-08-02
1ed6e841e1074b772338730aad5285bb,d068991076871fb85b421422d6b1a5ab,delivered,2017-10-07 20:43:38,2017-10-07 20:56:30,2017-10-11 19:05:25,2017-10-23 17:19:04,2017-11-08,b39fe4213971a8746b155294f68e7027,2017-10-07
eca9f43372e64e01322fd21afd0bb842,eb7ae45f608ab856445fcff54aa3567b,delivered,2018-07-19 15:26:54,2018-07-20 04:50:20,2018-07-24 15:19:00,2018-07-27 22:32:33,2018-08-14,ae8080550dbaf5f263c0f0dfa21e41ee,2018-07-19
3469cd5864fcd9a98df4399780a22cc0,707168aaa94f9870763d366f89c1cb1e,delivered,2018-01-31 20:00:11,2018-02-01 18:31:08,2018-02-02 19:14:20,2018-02-16 00:46:15,2018-02-19,7e712f9d29b767848f4120d479f75aff,2018-01-31
2155f2ca8e14d8b4136fdc215fb53bb7,d07facc3fa6d72d9a93b98cd01e03d2c,delivered,2018-08-09 17:41:29,2018-08-09 17:55:20,2018-08-15 14:18:00,2018-08-17 15:54:32,2018-08-22,2f78bf8f3acd1ebd6cfddd420083f942,2018-08-09
e936ad2dc09aa59fa1d6647ee72f1ead,74a7d1d3922d5c9d87683edf0be614f6,delivered,2017-11-09 10:22:36,2017-11-11 03:10:42,2017-11-14 16:48:06,2017-11-17 18:29:34,2017-11-23,f8945c1122a948f727f6cc5f56f02532,2017-11-09
f2006b46b9e70d59e442b6da97cd35fe,a64c4b3ab7406e717790566ebf570407,delivered,2018-02-10 11:07:40,2018-02-10 11:47:41,2018-02-16 18:52:02,2018-02-28 16:03:10,2018-03-12,9708369e42a62e0d9295a9d84038374d,2018-02-10
a1ea1bd909502b5214a0b425746fca5c,abd06a060b1f19f33a3ffafbf6bba1fd,delivered,2017-10-03 07:38:50,2017-10-03 07:49:20,2017-10-09 21:18:56,2017-10-20 22:38:51,2017-11-08,a3f9c39f7ece6130798806bbeceb2c32,2017-10-03
24bef8d4a9207ed77584640383d81697,7eea78afe38c735b5beb638c0a2bdfcb,delivered,2017-11-12 09:40:15,2017-11-12 09:50:24,2017-11-17 16:53:54,2017-11-30 16:40:16,2017-12-11,1d5d378d3aa06daa716184ee3846fe27,2017-11-12
40d3d467b60d085876c572510701fc47,8e7624ef906783b093a58207d95bf082,delivered,2018-04-05 16:17:21,2018-04-05 16:35:18,2018-04-07 00:04:12,2018-04-12 18:58:28,2018-05-03,03863e6df8bceaf5ca8f00217eed7975,2018-04-05
51e5e08365469f68d9f281c619b2354f,4c6ee863183b6981c871a3e8b75bce29,delivered,2018-08-04 15:27:00,2018-08-07 04:45:21,2018-08-07 13:53:00,2018-08-14 12:36:58,2018-08-28,2f7597687aeb6a542aa308ee8618fc72,2018-08-04
28da718adba0d004199488ce3106152a,b1c2b777ab4fcd4947514d99ddd9348a,delivered,2017-12-09 10:39:24,2017-12-09 12:30:13,2017-12-14 22:33:13,2018-01-09 00:37:52,2018-01-15,ef9f42d62306afe6422cb4ca45fa4259,2017-12-09
45eea7503e8d5e369d52ecc3cd27a3fa,02f6d24b58d8286f9e56fe9edafe719b,delivered,2018-07-26 08:39:56,2018-07-26 08:50:12,2018-08-02 15:25:00,2018-08-09 16:12:23,2018-08-22,b03155da610163a1626f1b99d4787774,2018-07-26
44118a76298b0f15de5861da01b63f64,c5fe42e02849647dc3e28d290355a6f9,delivered,2017-09-18 12:42:53,2017-09-18 12:55:16,2017-09-18 20:42:46,2017-09-27 22:26:48,2017-10-05,fa4c7ddeb699d802565b474387ee1119,2017-09-18
1e98e92bd0537e1655291d3361217a87,43c25909e5bc84761daf594a893254dd,delivered,2018-03-13 21:29:15,2018-03-13 21:48:04,2018-03-16 17:42:16,2018-03-20 00:18:43,2018-03-29,ba88ce96016cd6a8c2a257df2af74b5b,2018-03-13
bb6b4db9c25c8ad879c8e64055f89f93,ec057c0d855f5c15eec672021c9ccd55,delivered,2018-06-27 19:56:33,2018-06-27 20:11:53,2018-06-28 15:13:00,2018-06-29 17:52:14,2018-07-12,7ca14b97caf5a8220b8f7d7a81c73e58,2018-06-27
565b0bdb5bfef65df5a23890967586f6,afe9bcbd1543a6585a04356bb91fb5f7,delivered,2017-08-25 23:07:34,2017-08-25 23:15:15,2017-08-28 13:44:59,2017-09-04 15:20:32,2017-09-19,dff41d762e4e7b68b73af7203a429072,2017-08-25
e81515594e8f430f4a7ee18f26777091,5c249c721eea202f6130a24ede66ebe7,delivered,2018-05-24 16:22:20,2018-05-24 18:23:15,2018-05-25 15:35:00,2018-06-09 10:58:50,2018-06-18,bf2b29a6e7cb0502ae349de834012a6d,2018-05-24
4a20c9e5a8d128dd0b48766a6790a2f3,5c7c8ac7d78822dc9505a8e2f1468e01,delivered,2018-01-12 19:54:52,2018-01-16 03:40:08,2018-01-20 16:03:13,2018-02-07 23:32:20,2018-02-07,575e74ab428a7063aa1b7519129e9efe,2018-01-12
d3baa30209aa87ddd816648e62d16cc4,808e72d7990fc975be7df4ce5dbed165,delivered,2018-03-30 13:10:11,2018-03-30 13:27:06,2018-04-03 18:32:44,2018-04-10 19:34:51,2018-04-24,40ef550e0b3f422a37e90f82f00d7261,2018-03-30
488a3468338d9c4c6caa95bb4b536b90,39f19a26208db7920bc39686dac40970,delivered,2017-02-04 22:36:29,2017-02-04 22:45:14,2017-02-08 03:51:24,2017-02-12 04:33:42,2017-03-08,6579b2d2c55c3219a7a692aca1847d66,2017-02-04
cf73d05412c13f66cf861de75a6f1035,d368886a76f81c673c6b7ff2ee6a5547,delivered,2017-12-27 17:05:59,2017-12-27 17:17:29,2017-12-28 18:08:15,2018-01-09 18:22:32,2018-01-22,8e718a060f48d750bf347cc6363efa1a,2017-12-27
fd2f3b1ef3f5448ff37c4e0fea64c1cd,4e0dd6abf0cc324056e94eac32086d3d,delivered,2018-06-12 11:52:26,2018-06-12 12:43:44,2018-06-12 15:15:00,2018-06-14 21:38:32,2018-06-21,886ec416c37bc642c883edc4d378dde6,2018-06-12
59629349b860bb43899ea07bf4ec9633,7808ea4b58654518cfe762d80eda6cbe,delivered,2017-07-24 14:21:25,2017-07-24 14:35:17,2017-07-26 10:54:32,2017-07-27 13:23:10,2017-08-04,233182a47c04289c82c046a458f46d56,2017-07-24
614bc59c7d5e038587336616e3198e33,ae03be1de0a5e3323b419b57d40d712e,delivered,2017-12-29 17:17:03,2017-12-29 17:27:24,2018-01-02 17:33:15,2018-01-04 20:51:53,2018-01-18,88e177ee7be84f7835294d1440dea968,2017-12-29
bad9804e1f16ed9115e1373a6d5fb3fd,ae60b5e3a634bdf188825c1576bed6df,delivered,2018-04-19 08:19:39,2018-04-19 08:30:25,2018-04-19 23:13:03,2018-05-03 23:21:49,2018-05-16,fd8ccc89be43894d2553494c71a61fd8,2018-04-19
0dfb46f3a5506f1db29eaed5e2779daf,d0590fa31b692186ac9082cb51c3d771,delivered,2018-01-14 12:22:35,2018-01-14 12:29:21,2018-01-17 20:42:02,2018-01-30 20:12:55,2018-02-05,54d7d8a727b4cb5c66a60441f26e9069,2018-01-14
3910ae71e82730e3c560049e7637b3c2,572af72c0c050be9defa80e9d5051441,delivered,2018-04-22 23:13:59,2018-04-24 18:55:51,2018-04-23 23:40:58,2018-05-02 19:14:49,2018-05-17,f499bec5aab9296c42e34f0d464ba19f,2018-04-22
651e513b1f4ca21be4f83de4c20285be,06a162c47cfda7cc5575ab732213ff11,delivered,2017-05-01 22:12:51,2017-05-03 11:15:36,2017-05-03 17:12:40,2017-05-08 08:46:00,2017-05-29,90137e6a745aacaf44a05460ee1fc67e,2017-05-01
f591324def93e5e3d7450690f588022b,83bfec2b42fd4b848ad784bc32d82e25,delivered,2018-01-08 16:50:16,2018-01-09 07:26:34,2018-01-09 21:37:10,2018-01-11 19:33:39,2018-01-30,5aa2ed36664883131d0ad87a4e99318a,2018-01-08
8eeb55cdf087b3ceec6ebdb6e2189dd7,d40595ee850219d00530ba2c43cccb73,delivered,2017-09-30 15:00:21,2017-09-30 15:14:27,2017-10-03 22:02:54,2017-10-09 14:52:23,2017-10-19,8cdbbdb32c682663f17135569a85c24f,2017-09-30
79bf1be9cc63325cf6a59d764513d522,14748dec58543ab418c603bfdc1168cc,delivered,2017-08-16 14:55:34,2017-08-16 15:15:23,2017-08-21 13:54:57,2017-08-26 12:53:43,2017-09-08,d0c3d127d7625fd56ae5527224a6503a,2017-08-16
fde0e8ee133a1885475a0267bd879fc8,b438c24cfcda41551bffe94603b98c68,delivered,2017-11-24 18:57:45,2017-11-24 22:32:59,2017-11-29 19:24:33,2017-12-05 19:41:47,2017-12-14,239b4f03ef7dfc22afd2de541f944c3f,2017-11-24
624ae9036a4782219f00bb569c7e39e8,dbe5db95b3cd2db16b7f1c2bdbadaca8,delivered,2018-05-03 14:12:31,2018-05-03 14:32:38,2018-05-04 15:46:00,2018-05-10 17:08:52,2018-05-28,99e7b400886c9bc2ada6ca957f7e6fef,2018-05-03
ce86fa5a5108884726a2244bcae51ae6,8fa33a3159dfc303b8aeccf859b9bee5,delivered,2017-01-05 13:29:03,2017-01-07 03:45:23,2017-01-11 15:35:54,2017-01-16 16:05:21,2017-02-01,d753459418d268407f19b64be28e3c5a,2017-01-05
0045e3085f083f0f38d24bb3f22e6593,eb729faa993caad20442243265804a7c,delivered,2017-08-10 16:13:36,2017-08-11 07:15:16,2017-08-16 18:27:40,2017-08-29 20:03:08,2017-08-30,5eb8cc30e45a67bdb05240e7e735967d,2017-08-10
feae5ecdf2cc16c1007741be785fe3cd,ca05f8b53b1ad2a64bf34baa8aa7f4f6,unavailable,2017-11-11 16:41:06,2017-11-11 16:56:15,,,2017-11-27,7bc4575824e6804ddbe418bf4ad08079,2017-11-11
580ab1120013feff8019dae315cd8c9c,8d0e77d51648c856aab7b6f9d66223d8,delivered,2018-05-11 16:28:43,2018-05-12 16:41:10,2018-05-14 14:24:00,2018-06-09 16:59:52,2018-06-01,2e6510ee5a10e678259f4484c14b6d94,2018-05-11
719b6b76d11e7e6f6e8113bbd4565b84,7041f895a2fb5dd4142139e99ce3ff9e,delivered,2018-02-27 14:48:46,2018-03-01 03:22:49,2018-03-01 22:13:45,2018-03-09 18:46:45,2018-03-20,253398dda9ac868e48c23d933ccf53f2,2018-02-27
651a89e11653d8df43a624a903fe0f5e,e536e3de6a1ac1c527acb004f4120d81,canceled,2017-06-06 20:31:46,,,,2017-06-29,4fb1141f38a3efb845a83e3da0cf5278,2017-06-06
39dbaa2c58bbe0be46bc4a525f24eda6,f5f3d53331563428fe4ab339f29757d1,delivered,2017-08-31 17:56:08,2017-08-31 18:05:23,2017-09-01 18:57:46,2017-09-15 21:52:08,2017-09-22,16e2ade8df2aaf83e526438a7f41ea1e,2017-08-31
89d168052a4a2101c7fde7f4e82c3ef8,f8c5e148930307b3a36a6674e7001d6e,delivered,2017-06-22 14:30:45,2017-06-22 14:42:48,2017-06-23 11:18:01,2017-07-14 21:55:45,2017-07-12,c512604224f6f9eb1d6e0d258c3a90e5,2017-06-22
189eace082b66e404c26e75f43bbccfc,c236d50da493842de9930c4627896ce4,delivered,2018-06-15 15:18:34,2018-06-15 15:37:47,2018-06-18 14:05:00,2018-06-25 18:50:41,2018-07-25,b2d87885d4b35ed0365896c476c08e1b,2018-06-15
c8de7919d8d79c2bb4bb86e34697039d,2e7b4f074525b263aca75c020bd2bd34,delivered,2018-03-16 19:10:06,2018-03-16 19:28:24,2018-03-19 19:57:18,2018-04-09 17:50:41,2018-04-06,7d3125535f3748def598e76fc5a5767f,2018-03-16
64c9b30f62ddf4148ca00c99529edbbb,a2c28eb4a55895e04b2e2e0b21f29232,delivered,2018-04-20 11:40:03,2018-04-25 03:51:29,2018-04-25 12:12:00,2018-05-02 18:08:25,2018-05-11,f43dbb06ec6832eb399ecee0db4c8899,2018-04-20
9e6fe339029ab5da038981a664daed02,d48bd10c0b0a05b1cc751f8894c32bcc,delivered,2018-01-09 18:48:22,2018-01-10 14:49:21,2018-01-11 21:39:03,2018-02-01 21:53:10,2018-02-02,db5912e47c5778d475d0af820e566ed4,2018-01-09
d69c7c969d600368c5f533b188e402eb,f7591e0a88e56f0ae8d5e7329ec1fa71,delivered,2018-05-03 23:07:39,2018-05-05 03:10:29,2018-05-07 14:37:00,2018-05-28 17:43:03,2018-05-29,4a2652396de2b9a9c76da38f23552057,2018-05-03
c367cabdade3f33ea6c9ffcb5878a356,7bd0b0240bb390c4fac14bf2802cbd69,delivered,2018-06-16 11:44:33,2018-06-16 12:00:24,2018-06-18 14:05:00,2018-06-28 19:36:52,2018-07-23,5b69c0392a1a90fe1a604e602641b024,2018-06-16
ce9924e409dde4b753e2893f0835ba62,34425af515e189a4aa18e67c29f44e38,delivered,2018-05-12 16:00:00,2018-05-15 04:35:00,2018-05-15 13:05:00,2018-05-21 23:16:45,2018-05-28,266bc4c355bf3b5f9797a9f3e7c114f9,2018-05-12
56c342adb8f074b20da098539a429d68,e481dbb0158aa5d89ece91768eb824f5,delivered,2018-08-07 09:01:15,2018-08-07 09:15:12,2018-08-07 12:56:00,2018-08-13 18:23:48,2018-08-20,faf67caa1cf9020d82b7479672ffe66e,2018-08-07
9c0267b5762b2d323cb9685eed1d5cfa,66c15b77e666118d1fbbca1097c231b3,delivered,2018-04-17 09:58:46,2018-04-17 10:31:15,2018-04-18 21:50:54,2018-04-27 23:57:48,2018-05-11,b6505459b444282c05faae099f7a8ccd,2018-04-17
8add64b3a0b9b64eba32b4274ca5fb8a,f488c8b5b5fd901ebbfc63b25c1e6162,delivered,2018-02-15 19:59:58,2018-02-15 20:10:25,2018-02-16 19:12:10,2018-02-27 23:21:42,2018-03-07,0bdb6ad22574bad5202df1e92a9aa403,2018-02-15
50b12be3bc56611c2bfcc398100bc07b,ecade4bf0c41319e2593fd5a10e7a5a1,delivered,2017-09-24 10:31:10,2017-09-24 11:03:36,2017-09-25 20:33:08,2017-10-02 22:07:39,2017-10-20,3a78549a86b2868dea4bea2d1d95a513,2017-09-24
cc204c830046f86bf426b21e59e1e1da,e5c028d5061c588c7ab75a3b4fb9a69a,delivered,2018-01-22 13:26:44,2018-01-22 14:24:29,2018-01-23 18:33:52,2018-01-24 23:49:02,2018-02-06,518f80a3d887ad5dc559dbc81eb40912,2018-01-22
81c8c50f5b81cee4d6dab16ff25f5884,08ae5f06d0fd2ab8acb2fd7263ac0c9d,delivered,2018-01-24 15:42:48,2018-01-24 15:58:11,2018-01-25 19:23:32,2018-01-31 15:58:12,2018-02-16,bfa7a48dc4adb7e8d35e6c74ea92a972,2018-01-24
abdc9f9aa061ebb21dc2ff3e37000ea2,eea7a8672bb7ca8e500dc9d59b155d49,delivered,2018-03-02 15:27:34,2018-03-02 15:49:45,2018-03-06 01:58:39,2018-03-13 21:23:27,2018-03-26,8dafb82f687e3b0dc9e97b4198b92128,2018-03-02
0bbaf543aa84dd90baa21ed685d72605,aac099fe0a49d5c6bf65ca146a5df864,delivered,2017-11-05 14:18:00,2017-11-05 14:30:31,2017-11-07 19:06:34,2017-11-20 18:37:50,2017-11-28,62e1ae4534034e997766c534abf8f22d,2017-11-05
9e6f9e919243ea6d70412f27d3e109f1,ae69b22e0c5f6e1327a91c284eb320c4,delivered,2018-03-09 23:16:28,2018-03-10 00:00:22,2018-03-19 22:58:52,2018-03-27 16:04:04,2018-04-12,5fd9a899039fd7777b528f91e9f20ac0,2018-03-09
b89f21041d3c9c9b84a3c6b65b7ffcdb,ef7d4b5c8d765528a471e7bfbf61c046,delivered,2018-02-26 15:50:21,2018-02-28 09:40:24,2018-03-02 18:12:14,2018-03-08 23:20:47,2018-03-19,92385bd699ffad1dd208090d6286a2a7,2018-02-26
9371281837c6362f41236d947e32710d,e8cf372c9434cdafa7390cf016302d74,delivered,2018-06-01 17:51:43,2018-06-01 18:11:14,2018-06-15 15:42:00,2018-06-20 14:18:54,2018-07-04,b8072b42fb921e62f3f9a791db68b2ba,2018-06-01
ef43d5664bd1ab24fd6b38b5a8ca3cf6,8d61ec6452053b7b174af0627f83d6ca,delivered,2017-11-21 23:07:23,2017-11-22 21:13:24,2017-11-28 13:21:27,2017-12-11 20:58:52,2017-12-08,d105a60a6dee61fad9cb8b0e649a49ad,2017-11-21
39afaebde7eee782d3af7b62ead3e32d,b0568260a30c794a714aad19d7c887d6,delivered,2017-07-20 23:20:54,2017-07-20 23:35:20,2017-07-21 17:49:45,2017-07-28 18:55:51,2017-08-09,1a6438a984d445362318019dc21897a1,2017-07-20
b9aa10598973e2e9a93a2922a2e17a43,5a462d8ff0df9dbdeb40c1298cdd7d6d,delivered,2018-02-02 21:18:08,2018-02-06 04:33:15,2018-02-07 20:33:07,2018-03-05 12:33:11,2018-03-08,26e44bcfbe1a06735bc527b257cb3ae8,2018-02-02
dde57deff5c66be4e59c0da19696ea50,743033460f70e2683a86178ac4ef7351,delivered,2018-08-04 12:50:55,2018-08-04 13:05:14,2018-08-09 15:57:00,2018-08-20 14:18:56,2018-08-22,cc4a523745078991df9b347bc94f00ba,2018-08-04
2c24e24f7dcf67f2f7d742eaab96d10e,26a47d0a1776a1260ce6e1c54c5c1b7c,delivered,2017-06-14 01:28:54,2017-06-14 01:42:37,2017-06-19 16:47:28,2017-06-21 20:35:48,2017-07-03,3bc23cc6d2f9a5dd26cf97c56eac0be2,2017-06-14
431a580839d1ebe61a5f614141596e60,7d9e3a7dceb52c6d24be927cedba83de,delivered,2017-06-01 16:08:01,2017-06-01 16:22:45,2017-06-02 14:04:05,2017-06-16 15:03:06,2017-06-30,d5ae9bbe6b9aa004ef94fe47170b3f76,2017-06-01
718cb93721e3506215a31dae8d73074a,fb257c9f93cfef413f43afb0285a5819,delivered,2018-04-01 13:13:28,2018-04-01 13:30:13,2018-04-04 03:37:51,2018-04-24 19:42:42,2018-04-23,3071c34c5f96c9c6c64edd9a3adb872d,2018-04-01
8b2747171304ba1b058713f5d64fc179,70fd1803205b1552d3a4ead3f6997b50,delivered,2018-02-16 20:24:06,2018-02-16 20:46:34,2018-02-20 15:37:54,2018-03-08 16:12:09,2018-03-15,b11122912484da7417c071b26d9e74c8,2018-02-16
741a069fc52eddb1d68654722abace52,f6ea5535ddd0dbbafb3da73cc293e392,delivered,2018-05-04 22:32:25,2018-05-04 22:53:42,2018-05-07 16:31:00,2018-05-16 17:22:42,2018-06-01,651daf3d1293d602b7f5c36d4bcad15c,2018-05-04
1c0ed0f1981e710449d7d5483d4ce8fe,68245dfbd8366b057c7abbd2cd1cecdd,delivered,2017-04-04 22:37:27,2017-04-06 02:50:24,2017-04-06 15:20:04,2017-04-13 14:32:34,2017-05-02,09810f7d65ef7c45126515bfd64b3a5b,2017-04-04
532ed5e14e24ae1f0d735b91524b98b9,4ef55bf80f711b372afebcb7c715344a,delivered,2018-05-18 10:25:53,2018-05-18 12:31:43,2018-05-23 14:05:00,2018-06-04 18:34:26,2018-06-07,3419052c8c6b45daf79c1e426f9e9bcb,2018-05-18
68edca1fb518ddc5c9f8607eda598b58,d11000e29737a2d95309471c728f28cc,delivered,2018-08-16 22:31:19,2018-08-16 22:49:36,2018-08-17 15:41:00,2018-08-23 23:17:33,2018-08-30,5bbf0e22adec84c744d699fe6fd674e9,2018-08-16
aa0ad7208dfed775d5b4afb627cef397,1f13a041ac571f9f0499faff9b3875c2,delivered,2018-04-27 11:25:40,2018-04-27 11:52:08,2018-04-27 13:16:00,2018-04-30 19:42:08,2018-05-16,3b254c123d56374c540c7b3b811078f5,2018-04-27
d2499c0f8dfc31c671a95be782256140,052bae46e09ab04f63c1c76c317be0c0,delivered,2017-11-20 14:14:01,2017-11-22 02:46:53,2017-11-22 17:39:07,2017-12-04 23:05:33,2017-12-14,e24d6f069849b39ff28951368b886e64,2017-11-20
6de5a0e5c8bf990d17c674d09fbaf1fb,aff2ea260ea09d68dc1ff576fa3738fa,delivered,2018-04-16 00:10:43,2018-04-17 00:11:49,2018-04-17 16:38:48,2018-04-23 23:18:34,2018-05-07,56f7d552ed35ce86aac29434155fff9c,2018-04-16
b3e77cf06c8d9e04fbbe2103aa4a7361,9bab43dad117cc83486b8026cb07317c,delivered,2018-04-25 10:36:53,2018-04-25 10:54:59,2018-04-25 13:38:00,2018-05-03 23:18:40,2018-06-05,34cca44d6ee9db7c5c16f8a4a095b640,2018-04-25
42ae1967f68c90bb325783ac55d761ce,a7de5fdc43e51f84437e88b447da5fc2,delivered,2017-06-26 11:44:22,2017-06-26 11:55:25,2017-06-27 14:43:28,2017-07-02 11:37:22,2017-07-07,5b2c2b2a8d9e890debe309928d321f20,2017-06-26
d178f14aa2410a12c09bfc8d10df51ad,be4b48d66cff1a9eaa83eaff55037d32,delivered,2018-01-03 07:47:45,2018-01-03 07:59:17,2018-01-03 17:32:53,2018-01-04 19:46:48,2018-01-26,dcaf8d5e98ef6b981b962016d768d5ba,2018-01-03
b72a8622beb9d67af92564bfc0f39dc6,89269b0f9eb69a69021e34ede4483459,delivered,2017-12-14 08:59:42,2017-12-14 09:14:26,2017-12-15 17:43:02,2017-12-22 19:07:12,2018-01-03,e46db758bd153be8a899f01cabda7612,2017-12-14
3574fb0b39fffed3ab8ec66e6031b4a3,da6a0a54caaddc984f071918d9d30fb8,delivered,2018-02-18 13:59:04,2018-02-19 13:55:30,2018-02-21 21:22:15,2018-03-05 14:21:44,2018-03-13,de5901d5589d135fa9bd76c47f9a72e9,2018-02-18
7de03e8d15c7de252f740627b5f666a0,e0701a06701df9dcd6281071f33893e5,delivered,2017-07-26 15:19:37,2017-07-26 15:30:21,2017-07-27 17:39:42,2017-08-01 17:12:53,2017-08-15,7db86afe106053a3e88d034099d152eb,2017-07-26
9f4192784e044f54470b120662dfceae,7ccbf002a55b2816fc126cabf1c07987,delivered,2018-01-19 14:54:32,2018-01-19 15:12:59,2018-01-22 17:29:12,2018-01-25 16:58:47,2018-02-05,3745851c034f058455fddafd47fc7416,2018-01-19
19d9d8655f9dc49d4a10954a7cee5bbc,b3c56127c49edf102af3ed7a80e74e84,delivered,2018-02-03 17:08:22,2018-02-03 17:30:03,2018-02-09 19:26:26,2018-03-06 07:14:36,2018-03-13,31763fe84b0748621f98b00d5ae42bff,2018-02-03
cc56a1a4acaf02f1c4732ca37b83ca9c,84e85061282f013a94d02fd9341bf527,delivered,2018-05-30 14:53:39,2018-05-31 03:35:47,2018-06-04 14:50:00,2018-06-06 18:28:35,2018-06-28,76321c93cd7cca17c976619ee0b06061,2018-05-30
f7744593a02c3abf24ba7f017085c692,5964ccbc6b809c485a389c3663fa95e7,delivered,2018-03-08 18:05:20,2018-03-08 18:29:48,2018-03-13 23:16:28,2018-03-16 17:12:19,2018-04-10,277a0fd25284b93fd983a0387f6de274,2018-03-08
4ca85f4678311f4f2ef6f29382fb7e65,fa822f9b627ee0d914a97ae7bfc3a1e6,delivered,2018-03-17 18:03:26,2018-03-17 18:15:30,2018-03-21 16:22:53,2018-04-05 23:18:24,2018-04-06,6a848322a8350bc1a5877e421cdee2e8,2018-03-17
a5b431090739891ac76875d9ad9bff23,b769ee1c67d0e4f3c5b0abe1a1b958d4,delivered,2017-02-20 19:21:23,2017-02-20 19:35:09,2017-02-22 10:02:03,2017-02-24 08:08:06,2017-03-17,3726ac7519981c0c5a86b98ca38297a4,2017-02-20
d8383347058bc8ff0edb2af23159641d,8653c76ecb6f3c713fc5fa756a7292ae,delivered,2018-03-20 13:07:50,2018-03-20 13:28:19,2018-03-22 20:31:13,2018-03-26 15:18:58,2018-04-23,fa0dcaa81d1e6a124c022fcb0354d49d,2018-03-20
48b760fc197c55acb4437518587e75ca,59e7ef2706c9ab5445958eaeab4246dd,delivered,2017-08-23 13:46:47,2017-08-23 14:36:32,2017-08-23 19:39:50,2017-08-30 18:58:13,2017-09-26,b044359534ffb116d81f1d30075af913,2017-08-23
de94ca254bf9b37529386b685e498cdb,2dc08ea6c3c630859c8b7a3e13aa2b2b,delivered,2018-06-13 21:07:05,2018-06-13 21:37:44,2018-06-14 14:53:00,2018-06-21 18:54:27,2018-07-17,33db35ec3867ab8d67017fda0a4b086a,2018-06-13
2e238e6200c0ad4183d34d99feac7321,84951734dd4aaf070bc468a035ccd794,delivered,2018-07-05 23:14:04,2018-07-07 04:48:30,2018-07-10 11:58:00,2018-07-11 21:55:32,2018-07-19,a1352fb1cff489e5cc59f90078a369e4,2018-07-05
182603ac5f9e38b3108c8800a46406fc,cc1270d9df7e21475cff6a853c440e56,delivered,2017-11-21 23:23:27,2017-11-21 23:35:20,2017-11-23 13:42:41,2017-11-24 19:54:38,2017-12-07,dcd3a96cc794d0d8918cdc6df4aba1a2,2017-11-21
89d0eb869dcc92ab2efe63169f5b65ce,f4769d117ddc1a77fac0bca65513614f,delivered,2018-04-18 10:52:22,2018-04-19 02:32:12,2018-04-24 09:51:36,2018-04-25 18:58:35,2018-05-04,3b11da70f966a3931036178d226fd1af,2018-04-18
227fa80844be0bd82d292dbfcb79dfe4,d67e9d887acaa9d486406b55332f1f70,delivered,2017-10-17 12:02:37,2017-10-18 03:06:19,2017-10-18 21:47:57,2017-10-19 21:35:24,2017-10-27,70154c8e9a3800762ea45dfff91108bf,2017-10-17
4506b1cbdeeb686eb19dd753a7a645ee,9fdf5a99891afb49c3d3abac0ca84adc,delivered,2018-08-07 13:57:31,2018-08-07 14:10:25,2018-08-08 13:52:00,2018-08-10 15:57:36,2018-08-15,d99085232dfe23c140f9a990997bf23d,2018-08-07
3584549de22afd14085bbe571f04b456,6ac5d6f73012a423df8bf05e5eeecdf2,delivered,2017-06-18 14:40:55,2017-06-18 14:50:19,2017-06-19 16:07:59,2017-06-26 14:52:34,2017-07-07,da938ecdfde4d90f6c247bfa5233c66a,2017-06-18
10d6e6ff69ff215144be63f043568409,698ce68fcad36a397cc2bc59c4ed7369,delivered,2018-04-25 14:50:03,2018-04-26 07:11:41,2018-04-26 10:46:00,2018-05-04 11:23:00,2018-05-23,930e41d28eee0e7075ba3d0ebb5d3801,2018-04-25
7caa123a15b319b74f7eb837012a8606,ad2d9edaf62f53df9a1a862ea02e3d93,delivered,2018-03-21 11:21:53,2018-03-21 11:35:26,2018-03-21 20:51:39,2018-04-05 20:08:43,2018-04-10,8510d4be056ee261316e07435eed7b3c,2018-03-21
f3ab2cdf3ea55d54d480a91a967bb501,976382878bacda15dea36ccd2bfecd54,delivered,2018-08-12 12:57:32,2018-08-12 13:05:12,2018-08-13 12:04:00,2018-08-14 19:11:44,2018-08-20,41edba3f31cd6ab2fe7bdb769422fd2b,2018-08-12
5188f7ae18cdf7538841648a7e49bbbf,0be3b3c1bd5eb9d58a57b0bda7d72ec2,delivered,2017-09-14 11:16:49,2017-09-14 11:30:14,2017-09-14 18:22:15,2017-10-13 20:52:37,2017-10-06,455c17b35969ca198c17f2fc9e8eba1b,2017-09-14
fca08869e5ebde633b5183dfdbc8e1be,3abe005e945a20bc0eb53214c15bd8a1,delivered,2018-07-09 11:28:58,2018-07-09 11:45:13,2018-07-10 14:54:00,2018-07-12 23:15:34,2018-07-26,dc283e7bdde26209d131546834a9536c,2018-07-09
7004296aa0256632eaddc171edaf727f,3a7856f2a103364d279de7f72e18b7c4,delivered,2017-01-05 13:31:22,2017-01-07 03:44:29,2017-01-11 15:35:53,2017-01-16 16:05:21,2017-02-01,29a63a400c3ca9982907ce8de1f19527,2017-01-05
101d0c9df867a5f28ff3af69bb2a13d7,a710d6093cd4fcc25118db94fca740f2,delivered,2018-05-27 11:00:52,2018-05-27 11:36:01,2018-05-28 13:50:00,2018-05-30 15:48:58,2018-06-20,2ea64a413afd08b50b58f5be8d92b6e7,2018-05-27
f5f3d42a187a504d4c574ba759ef3dbd,8dcd5de336c4e2f3696512b107ccdb12,delivered,2017-10-03 14:44:56,2017-10-05 02:49:21,2017-10-06 22:44:56,2017-10-11 19:07:45,2017-11-01,167e91a3ff733bf37d2aa4faad2e11c2,2017-10-03
f93bdede82a36c75fddda9a509f2298b,c49045560f1f4c67e46520a8098e7492,delivered,2018-02-25 19:36:59,2018-02-25 21:00:20,2018-02-27 09:39:03,2018-04-29 21:48:58,2018-03-22,753c5ab50950c1feee4c8862cd450f12,2018-02-25
406c8182de18b2d9a20676f34b35ca6b,588fe1b8e94c0e3d692b360864bdbf75,delivered,2017-11-26 10:27:13,2017-11-26 10:36:05,2017-11-27 18:57:09,2017-12-11 15:10:26,2017-12-20,ac4d31d0f2e498084b65dd103278a0fc,2017-11-26
aa6bd33ba1853d846d3085a88ae37083,4f061e67c05a2736e7c07286ff3fa787,delivered,2018-08-10 21:36:37,2018-08-10 21:50:23,2018-08-13 15:18:00,2018-08-17 17:04:32,2018-08-23,fded88a1576bd3a1383116738e43fb6c,2018-08-10
6e5042f4099dedf7cc921269ffa0beac,986f579e98bbb0ae992a7263a1196d46,delivered,2018-08-22 00:03:22,2018-08-23 11:46:01,2018-08-27 14:42:00,2018-08-28 15:26:55,2018-08-28,cb1f0bfda9f778a151c29e7df6bee042,2018-08-22
d8aa6831ce562b75f8b1974395f3eb1d,8a0db2c14abe657a553f35959fdacbcc,delivered,2017-07-11 22:07:14,2017-07-12 00:45:17,2017-07-12 18:13:02,2017-08-08 15:26:04,2017-08-14,f95da5af1e57f9e4553c8a23cb0a83eb,2017-07-11
ca2e7093f56203c8fb07cc9c6590461d,57afd7dfb4e09c3321ba9be9f59d5102,delivered,2018-07-28 18:07:35,2018-07-28 18:24:12,2018-07-30 10:07:00,2018-08-03 21:26:49,2018-08-16,f46fa87874cd9c25d88cf856015ab25e,2018-07-28
ee55d5ed8f8d07169b07321887d45eb9,f5f1a45652ef8956d1d63b7e39db3170,delivered,2018-04-08 20:08:47,2018-04-08 20:29:52,2018-04-10 19:19:09,2018-04-13 20:49:24,2018-04-30,bed3a5095cc6e8c7380f9575fb81685d,2018-04-08
8b2fb881ec8d04ffa5bc7a27833ad984,a5d4658c9339e6f25f8f2e7d9b5cbc24,delivered,2017-03-14 12:58:42,2017-03-14 12:58:42,2017-03-16 16:21:39,2017-03-21 09:25:00,2017-04-07,b1c1982ae7d25948e2c9fbec7c71a17b,2017-03-14
71148ac51efd65a856dbae23d6c5d0ea,ec9e2518c548afaa647355653f2f3f63,delivered,2017-09-15 20:58:34,2017-09-15 21:10:13,2017-09-20 18:51:53,2017-09-27 19:30:06,2017-10-03,326bd34e30381a99a05a9441c2bcc2b2,2017-09-15
27932651c2f4be4f8c84d53c8f27ee8c,828e90e7e1e22b6152b6b1c07ae4e518,delivered,2017-06-05 10:05:05,2017-06-05 10:15:23,2017-06-05 11:46:41,2017-06-14 12:16:41,2017-07-06,d0c8ea4274f03b27ca62a039197c776d,2017-06-05
c27a115ea191ed9bad73dac2e0ce82bd,4cf5f0dfd3a202391d614d12d82d03ee,shipped,2017-04-19 12:17:30,2017-04-19 13:06:27,2017-04-19 14:56:02,,2017-05-11,36b57786cc39805025da0affca9d5bd5,2017-04-19
c80e1c66163d4be1d052bd1788ace266,f6568bb3340cc8cd3d1c12eff4877891,delivered,2018-02-22 16:21:02,2018-02-22 16:35:28,2018-02-26 21:16:53,2018-03-13 17:49:44,2018-03-16,7eec01051bbd6b92304e2ade1ad7dec9,2018-02-22
38dbe4fdcf6a44293b34ef7df983dd8d,0148732a691a6f017cca48bbffdb172f,delivered,2018-05-09 22:30:42,2018-05-09 22:53:43,2018-05-10 12:18:00,2018-05-15 19:51:57,2018-06-12,ff85a253905887f4e7bb9123cf1ef4f8,2018-05-09
ae24b4bd36760cf8c026d52448d408f1,e17f21a7f5dfaa820286567ccd5c96be,delivered,2018-06-20 18:39:47,2018-06-20 19:00:42,2018-06-21 12:46:00,2018-06-27 11:52:00,2018-07-20,f64defe83f071b017b6215c2aab39aff,2018-06-20
9dcd79fc27cfb2b56c614e91db69942a,6d9589fb7f441f2d354986ff1180c76e,delivered,2018-02-09 16:30:43,2018-02-09 16:50:06,2018-02-15 16:37:25,2018-02-26 20:48:51,2018-03-08,f9e44288d7a756814dcaeb9150b44ec3,2018-02-09
67604c69e12e3ff76b5a2379ba3abc51,3e4f8cbda256cae7b9772c5bbf951c34,delivered,2018-03-19 16:21:13,2018-03-20 03:50:30,2018-03-20 21:55:44,2018-04-04 20:22:36,2018-04-11,d29e0b4fba92472d1111b07c691087f0,2018-03-19
1cfce7466cb5b7c473426907c2cb148f,bfa1c30e404361ba4414a3c628341ba0,delivered,2017-11-29 14:06:39,2017-12-01 11:31:39,2017-12-15 00:24:49,2017-12-19 18:19:32,2018-01-02,2f8c8d4e3887241eb619e9597d461898,2017-11-29
85415bb7b40d0a71544ed9d6dc1d9d02,d0ed3026781ea98675bee30e3242bc9f,delivered,2017-07-17 19:13:02,2017-07-17 19:25:12,2017-07-18 20:15:53,2017-07-24 19:11:41,2017-08-08,44b7ea20563d9a4a405e88733dad0477,2017-07-17
79da3f5fe31ad1e454f06f95dc032ad5,7eefe1898dff66fa3b252fda68ff2ff2,delivered,2018-06-05 17:00:04,2018-06-05 17:15:45,2018-06-07 12:11:00,2018-06-13 18:05:05,2018-07-12,186638bdb0f600c9bf2bd60e4b14537c,2018-06-05
c0c2ece9e641c6fc11690ceafbc7469e,f1582c8c1c74eb4d57a2485b3e6efc51,delivered,2018-08-15 11:37:45,2018-08-16 18:30:10,2018-08-23 14:33:00,2018-08-27 21:07:51,2018-08-30,003ae409f37c3c30cb1c974af3a42692,2018-08-15
9a8825873c922111dc5beea1c27c2eea,17e3d3451874e15d619935aeed0182f6,delivered,2018-02-06 09:26:54,2018-02-06 09:35:37,2018-02-14 22:16:36,2018-02-17 11:51:49,2018-02-22,1d208a0c251b84f7c5e15bfc9e8087c9,2018-02-06
de951feb6c754b2c61f0ed3c66569f4a,99ef3b28b2ab64bf0a00c2a5c9bafadd,delivered,2017-09-09 21:01:34,2017-09-11 08:25:29,2017-09-22 19:28:03,2017-09-25 12:54:48,2017-10-02,60055ae4e5bdcbf7d567809728def6ed,2017-09-09
5e7715473075848a1953230996ea3b3d,b08c2a9e3021776272b765210816f89a,delivered,2017-12-26 20:58:37,2017-12-26 21:09:26,2017-12-27 20:51:16,2018-01-06 12:18:52,2018-01-24,d00e1de0179ef8d701de51c1479dd9da,2017-12-26
dfd392778e7a38df71de5abb039ed533,7dae2ffd13cb0f5596c2346fa7540796,delivered,2018-08-08 17:27:37,2018-08-08 17:45:05,2018-08-09 10:27:00,2018-08-21 22:11:49,2018-08-16,330ca5e049b32835732e86fdf8402418,2018-08-08
598805fcb7c6ca48181f09bc0b15a6cf,743d09c3410c2e7088407bbbe9765333,delivered,2018-02-09 09:57:11,2018-02-09 10:14:42,2018-02-16 18:42:55,2018-03-07 22:39:13,2018-03-08,3d324ba7a5056f4509b6becdc19b4874,2018-02-09
e31d53f30f45a0aa76551abf55d14cae,dcd17fee6fbe550c0c9662308ef4d69c,delivered,2017-06-10 01:21:18,2017-06-10 01:42:44,2017-06-13 15:44:14,2017-07-03 11:25:36,2017-07-05,e350c8445a78561ccd1eb2f7911684b0,2017-06-10
272e6f76eb38eeae926978ca915c5758,47f94098dc1adc156b6dcf02d3524a0c,delivered,2017-05-05 16:46:55,2017-05-05 16:55:16,2017-05-09 15:10:17,2017-05-29 13:47:45,2017-05-31,ffaa5b5559566bb4dbf71d554310e760,2017-05-05
f97a4a857b9a91dd1e7989becaed02ea,8aba041e11a46d24fa2c97001444b8c9,delivered,2018-08-07 17:27:03,2018-08-08 03:10:21,2018-08-08 15:33:00,2018-08-14 21:28:41,2018-08-16,f6125126569b04bd17e84c0c6207ef76,2018-08-07
dc17a6461db14f3625728b10493ef332,8b446468b342f514b8dc401c8041cb6e,delivered,2018-07-15 23:07:38,2018-07-15 23:24:02,2018-07-16 15:32:00,2018-08-15 17:41:09,2018-07-24,bd37f43b2dce7b70028c686513bf4d9d,2018-07-15
07e2a9d486a8394f2700230396e8d5f0,0d0a49286a8610cff0b0ca481ac5d14b,delivered,2018-02-17 22:29:16,2018-02-17 22:46:57,2018-02-26 11:49:00,2018-04-02 22:32:10,2018-03-23,3e7a68a9a380c6802aa79a54be7c2e70,2018-02-17
9ffbf165bfd976933256254ac8d7bb36,b743e951a7b32483ecc00e7b465b3335,delivered,2017-09-05 13:42:52,2017-09-06 02:55:44,2017-09-08 19:45:38,2017-09-11 22:43:01,2017-09-18,4a8c75646092edfd324a23a675d515ec,2017-09-05
81277706855c514ff89aaaf67d45db24,4c48be8f6a938ef775ba2c4b4ecb64e1,delivered,2018-05-09 11:29:02,2018-05-09 11:51:21,2018-05-10 11:11:00,2018-05-17 14:04:27,2018-05-24,390ab7d275c35f0bfb2be964ff5ffbe4,2018-05-09
3f1a7cead33aa1b0af3f491ed618c946,c50ab133267839fbc99dd43faa20652d,delivered,2018-03-09 20:41:20,2018-03-09 20:56:11,2018-03-12 19:03:26,2018-03-26 19:51:16,2018-04-11,fa9f2ceb855510503d86a6d1f83c7857,2018-03-09
3dc9c05311ae7af444e03d31455642a7,2919f0d73e4f71a70056dfeac8b81278,delivered,2017-11-18 11:27:21,2017-11-22 02:39:40,2017-11-22 21:38:47,2017-11-29 23:52:53,2017-12-07,e9a9c654bf217c310bd48599745861d1,2017-11-18
315c80dae5ee1a5febcce0b470a821a1,77713297dac60745b16c9a5e88c6eadb,delivered,2017-07-18 08:50:37,2017-07-19 04:03:59,2017-07-20 11:32:47,2017-08-04 16:11:53,2017-08-17,3dfbd083a1fb36e642d872a8ef7f3674,2017-07-18
2471792dd93b34ffd37de5cdd632bf6e,d4e5076a5e782394e114161f444de088,delivered,2018-03-04 17:37:01,2018-03-04 17:50:25,2018-03-05 19:12:27,2018-04-03 21:58:27,2018-03-26,da6fd349676938d2e4c02e1598c60a2f,2018-03-04
44a36c78aa2626a8bdd0bc7f18c821a4,0c95f1404cdef95cb34818ac3c9bf02e,delivered,2018-08-20 20:31:00,2018-08-21 04:10:14,2018-08-21 14:00:00,2018-08-27 17:30:23,2018-09-05,d599a7e610bea611bef41f645fafca0a,2018-08-20
e7fbf44c317d9ac6b87b0330fed92f1b,6725a79a0ae85fed5b3a06610875fdf9,delivered,2017-08-15 20:44:02,2017-08-22 08:45:24,2017-08-23 14:45:05,2017-08-31 20:06:48,2017-09-19,0ee1969ea903c6be704958e2300068b2,2017-08-15
fd1ddfeca967b94315642dfe5c7545f7,3a38b933c499fe2100b9b58a272cf9f8,delivered,2017-12-05 22:06:07,2017-12-07 22:10:32,2017-12-11 16:58:57,2018-01-22 13:44:54,2018-01-03,6e7401fbbbfb9bef564d4272208c5d87,2017-12-05
47cb4463bc05e404b98e743111a61378,a736f51ad0f016c8bdaacb9f62024424,delivered,2018-05-27 18:02:10,2018-05-27 18:15:15,2018-05-28 15:16:00,2018-06-11 19:31:34,2018-07-16,4a295ab76c9031a2e9bec87d89268c27,2018-05-27
421f045237031e75f1def0c197c2a055,adc1b3424527ede1a4cb2a972527bc17,delivered,2018-04-29 18:19:09,2018-04-29 18:35:14,2018-05-03 11:09:00,2018-05-16 18:52:38,2018-06-07,167040a8dd876261cf0b47cf9945322b,2018-04-29
ffde92ba447b33a47d1c04d203f10f41,502b5f99cc5ae83a33d23ec900e76a3d,delivered,2017-11-24 12:12:36,2017-11-24 14:13:18,2017-11-27 17:49:45,2017-12-05 17:56:55,2017-12-19,4bfdc85625e24bc269329cd2ca2bb30c,2017-11-24
f204f70875d6c6b3ef8858487847fec4,e8197f1806f51f75f725632fe03007fc,delivered,2017-06-04 15:51:15,2017-06-04 17:05:09,2017-06-05 13:45:27,2017-06-14 18:28:02,2017-06-28,3529e35d6c0a2e876f29373ea07154aa,2017-06-04
5ca6e3104943fbdece60227010cfd979,f7a330ac2902c08029c8d657193a1e5f,delivered,2018-05-02 13:36:30,2018-05-02 15:00:20,2018-05-03 13:24:00,2018-05-07 18:05:33,2018-05-22,02364b772a6ae741cce9f3c93ea77edc,2018-05-02
017c9c82265e832840e4209750680e94,1ff23faa252154298c3e52a1e36c1cda,shipped,2018-03-05 18:13:17,2018-03-05 19:00:26,2018-03-08 01:26:56,,2018-03-26,843fce53a8077f28ff10cbfaab2ab957,2018-03-05
d1322489f9218946b75ab9822e92157c,e039f33d0ff33668abede4459ebd395a,delivered,2018-05-01 18:57:18,2018-05-01 19:13:21,2018-05-02 15:15:00,2018-06-08 18:12:37,2018-06-07,29b712b57b3edce714dfa709e1ad63b7,2018-05-01
324cf506bc49ac084606d586928ed389,791fffae1e2c666934af4ee21b790c0f,delivered,2017-09-20 17:18:51,2017-09-20 17:30:19,2017-09-22 17:57:34,2017-09-25 15:24:05,2017-10-16,0e462fdba63a77ec8438dd75cde65921,2017-09-20
7c204785100c09c72acb28ef9a1f2fe2,d8997170c547894068db41c30a3c574c,delivered,2018-06-14 10:45:17,2018-06-14 11:01:45,2018-06-20 17:36:00,2018-06-21 19:26:31,2018-07-04,badf212b4f8d94fffefee5bb59805f6e,2018-06-14
322d561e43a3a0c5887b628a62cb69ab,bfc7e980a1b6d2e84bc6f304cfe3846f,delivered,2017-06-05 15:09:50,2017-06-06 15:15:10,2017-06-07 09:44:56,2017-06-13 11:19:50,2017-06-26,2b952792a20f6076f6e7a9c6a27ade02,2017-06-05
cb478ef8997c7e80eaf0bae4ccc02a6d,0f9a2e9dec451653a871da887dd6dd60,delivered,2017-11-27 21:00:14,2017-11-29 20:58:16,2017-12-05 02:49:50,2017-12-27 16:59:27,2017-12-26,494747d485975ba37d71b86e8e5b68fb,2017-11-27
444526825b5ea49c9405bd0d08fb8548,c04c34ebf85dbdc5d2d0054593e34bd8,delivered,2018-04-07 01:12:14,2018-04-07 01:28:13,2018-04-12 20:01:58,2018-04-17 17:09:01,2018-04-30,0ecd68e0fa580ae3f923fdd46fb0f95a,2018-04-07
c79d89949e9c0c15257737ad928cd954,d6b45c7425b731223ebf03dd02b117a4,delivered,2018-06-07 17:50:53,2018-06-07 18:17:47,2018-06-08 10:33:00,2018-06-11 14:42:00,2018-06-25,f269bbf6ad2587ada55be2c268e76620,2018-06-07
6a6aab31a11f630e4907ec3bb0ac8958,586068537ced131bb1950d007e218c6f,delivered,2017-03-27 10:02:36,2017-03-28 03:45:10,2017-03-28 18:39:47,2017-04-12 15:14:31,2017-04-20,db898fbe949888ae7f95398cb9e4eb63,2017-03-27
4171f8b589ce09c1ea19d8d625777989,3a80ca7483f8a0ac22a0e77a05973835,delivered,2017-04-26 07:45:00,2017-04-27 13:10:22,2017-05-03 15:37:33,2017-05-08 08:13:08,2017-05-16,16e05efcf67a32b7c2d15d63c6893f53,2017-04-26
5e0de5e6b42042ea6e00e3d07d4aef84,282cb5fd8f77b5adc7a04bbf77f8ae52,delivered,2017-11-25 00:54:17,2017-11-25 03:32:49,2017-11-30 00:36:53,2018-01-10 20:48:57,2017-12-20,9414464151c017ded4b6340991c447ee,2017-11-25
68709f86fb9eba39721082ba8fcb7047,62eaff9c562f9d1b880ecb6be6054df7,delivered,2018-07-31 09:21:47,2018-07-31 09:35:18,2018-08-01 13:36:00,2018-08-09 02:16:35,2018-08-29,037576137eb995f89b3abc6c690a3d24,2018-07-31
c4e980a1d822db426982878b3cfdda6e,88dc22aad9cf20898eb3780977173dc5,invoiced,2016-10-08 22:06:28,2016-10-09 15:15:10,,,2016-12-12,ba1a0b654ccab39f3691fbc1b35c2499,2016-10-08
7713ab7b0cf6f5db39f126a99108de93,bd6500bb5d8bccf769477a7c5a0e67aa,delivered,2017-07-25 20:32:11,2017-07-27 11:15:16,2017-07-31 20:41:48,2017-08-21 15:09:41,2017-08-14,65137ac050cd5e8e49d18c0049a6b942,2017-07-25
2645613a9e103fee7499d4f4016b9586,c769d261fe94fe9791db6a2ec569efd9,delivered,2018-06-01 00:39:55,2018-06-01 02:33:09,2018-06-01 14:33:00,2018-06-11 17:12:09,2018-07-04,8ef940c8c63e85e9e2fd65f7e8b6581c,2018-06-01
4759a81f4e1a2f8f8a7fba72b1f29868,b6beb62d4844f17d1ef703d4e2e62a19,delivered,2017-12-06 11:18:55,2017-12-08 02:53:59,2017-12-13 16:28:35,2017-12-28 21:42:42,2017-12-29,46a2520c9d2ab817c0e473c6b0e3e171,2017-12-06
88f183200120ee67658ffac046c2c078,d47b24ad0d00bb48276d1d0052a3dd3a,delivered,2018-05-21 11:36:47,2018-05-21 15:32:07,2018-05-25 14:03:00,2018-05-28 19:12:16,2018-06-06,f1e2ee3743f9d0ec522147848b4dc752,2018-05-21
abefedeaf61ad043302fe9d2837a9772,379f4366f5dab3fe232d02b8432360dc,delivered,2017-09-13 00:57:15,2017-09-14 01:05:42,2017-09-14 14:13:16,2017-09-22 15:20:32,2017-10-10,8e2c92b2442298bd653b0e9aadf4c313,2017-09-13
e3de39662852f46570f6ce5954866852,a163d651dedef4b747c9a5414d0bf6a3,delivered,2017-06-15 19:34:02,2017-06-15 19:45:12,2017-06-19 15:54:44,2017-06-22 14:28:45,2017-07-11,20ed57defe75b3378eb452b2c53a6a4e,2017-06-15
f24add37cc5868bcd2ffd5ba3c3715bc,05c225ea6a3c4ffe071654a922b0ec72,delivered,2018-05-20 20:40:54,2018-05-20 21:01:20,2018-05-23 14:05:00,2018-06-14 18:51:09,2018-06-05,fa3f78a51617b896baf4cd5d51a432fd,2018-05-20
14fa2006700382da7fdadaaf439c2840,e5e7d7273d1c70dff72674476e9492d4,delivered,2018-05-16 07:43:42,2018-05-17 02:15:28,2018-05-17 14:23:00,2018-06-05 20:18:50,2018-06-11,9de0b16c62505f864722033b66716925,2018-05-16
c5db0e83090bb51a4e80f3b323bdd9aa,65e05ae6ef38abca0b07edc37af14cbb,delivered,2018-08-04 17:45:51,2018-08-05 17:44:13,2018-08-06 15:13:00,2018-08-13 23:22:35,2018-08-14,44dd5e255cad61516acbd97a76d61367,2018-08-04
c7fbf4fec3e516001a347b5b186d804a,e92d14ccc82701f029cb7e4da504eea2,delivered,2017-04-27 09:44:17,2017-04-27 10:03:07,2017-05-03 15:19:54,2017-05-15 10:56:32,2017-05-29,ed4425d610156003d38071a3c11e414e,2017-04-27
99d631c1611f52df83ba482fecde677a,d5143d9dd8fc114605c82fb8cb937361,delivered,2018-05-08 08:16:02,2018-05-08 08:30:10,2018-05-08 13:04:00,2018-05-15 12:07:00,2018-05-29,68024612aa18d6e8c5278f31060dd079,2018-05-08
9b0159dd88a0319b71984d8d973472c2,da631d8690cf9ef15f9e3c113fb40fad,delivered,2018-08-06 20:01:30,2018-08-06 20:15:18,2018-08-07 14:00:00,2018-08-20 20:24:36,2018-09-03,375beeae21434d7c54c4c2ff5bad9e42,2018-08-06
693c2eee6fe7bb8843444fd444192659,c304cdcc07c5207c49126628cb358dc5,delivered,2017-12-17 18:40:32,2017-12-17 19:54:02,2017-12-18 20:03:11,2018-01-09 13:27:58,2018-01-11,8a6340d72a903d7bab9afd46c7fbbbe8,2017-12-17
1a82675c731e609f7adc4c93898a6321,e0e0469747218021e8f9b9a240ebb93e,delivered,2018-01-31 19:20:31,2018-01-31 19:30:47,2018-02-05 19:24:29,2018-02-08 20:58:57,2018-02-22,3a86e521e0c622a87ffbcba420ce8d18,2018-01-31
8b9fde773dec0dfd4be4beaa1ada46bf,423965f22b33357d0524d6942429cb0a,delivered,2017-05-09 17:16:41,2017-05-09 17:25:16,2017-05-16 11:26:50,2017-05-22 10:24:32,2017-05-17,ce0bce48f4c0265cda9341de0f032932,2017-05-09
9573457d2b8a69c0136508b580c7f1d3,ddeefd33f4b6428f43b0d522bee1696a,delivered,2017-12-01 21:15:54,2017-12-01 21:32:36,2017-12-04 18:12:19,2017-12-16 18:32:54,2018-01-03,913284e8eb0ae5d61c0b6eb2076ddee9,2017-12-01
22d58ab98a59a304fd61d116c625ec4a,e5b962ced77fc6700e93d437f45f4916,delivered,2017-10-27 12:48:53,2017-10-27 13:07:57,2017-10-28 00:47:42,2017-11-07 15:51:40,2017-11-23,a2d396dd46cfb15b4bac087f6a9ad555,2017-10-27
874ebca0220c7586ef0eaf166bb83ea5,b28a014f45c0c421660918418a592cb7,delivered,2017-11-11 23:20:20,2017-11-11 23:30:38,2017-11-21 14:38:47,2017-12-09 17:42:27,2017-12-01,9c9372efb0eaba42664210e312fe38c4,2017-11-11
f495e955026183e7f6bbb3dac79b88e6,89f482330f47b52829093078d2d0aa92,delivered,2017-10-04 16:18:22,2017-10-04 16:35:24,2017-10-05 18:18:41,2017-10-13 23:52:26,2017-10-30,bcf0a5f0f3ec8639f940749aab360d8f,2017-10-04
9c03be1087488bc61d88e75ede43d760,d8051e98cd49dacd880f4791189cd68b,delivered,2018-06-25 14:47:23,2018-06-25 15:18:24,2018-06-26 19:10:00,2018-06-27 14:51:11,2018-07-05,48162443d563f4c09ac378ad5befff4b,2018-06-25
5c52bc8eeaca96c7b9ed2d47db358f43,7c95f786dfd0d418107a4c735f494e74,delivered,2018-08-07 11:21:27,2018-08-07 11:35:24,2018-08-07 15:13:00,2018-08-10 13:51:38,2018-08-28,3bb3aceda878cde8fae82efe6a416dd9,2018-08-07
a5ce51395d295fe2c816182f79c81866,389aaa3d9c15ccb07e3b2185c4a8273c,delivered,2018-08-06 23:48:28,2018-08-07 00:44:43,2018-08-10 19:12:00,2018-08-13 23:54:24,2018-08-09,7ad04c71bfca958e6f2ec44bce34e2da,2018-08-06
ef82fc4c2d59e67b942de26791b617c9,b95d6599ce932fd42d83dc05faa50890,delivered,2017-09-22 06:08:45,2017-09-22 06:25:06,2017-09-25 15:58:13,2017-09-28 20:00:14,2017-10-20,36f4a6bafecf195e099459d6c172a8d5,2017-09-22
05f5cfec67106e59d6280f62c4792d25,dae09add1fb0749dd2deb3555fb5ff52,delivered,2018-07-26 10:20:44,2018-07-26 10:35:16,2018-07-26 15:31:00,2018-07-30 20:32:15,2018-08-10,cb2b7396e93f306c9076b63930b1a332,2018-07-26
bff822e4659dd79ec5614a036a1e1b39,5f7891c8cd89880d1e0f6d2e8c66511a,delivered,2018-01-22 13:56:30,2018-01-22 14:32:53,2018-01-23 16:33:45,2018-01-29 20:21:49,2018-02-14,ac5e8a7c85dda4d0edc05b16ec35c9d2,2018-01-22
3e1ebea7add1c3a997a1a635b4978886,3298ab6fddfdd074bfc8d7e1f7f3da95,delivered,2017-04-05 01:12:35,2017-04-05 01:22:46,2017-04-05 13:34:53,2017-04-11 16:56:01,2017-05-03,ad66a32797bd6ae83f92661e78b2f279,2017-04-05
8864a2d847bb201242e03cab4d54994c,2a0e37eeb82fffc259b9af79710fca97,delivered,2018-07-22 10:01:57,2018-07-23 11:32:10,2018-07-27 15:38:00,2018-08-01 20:27:08,2018-08-24,a19057edeef36e8cd2249813f39f738b,2018-07-22
7d65ecd2eaff130dfa5beaec6aeb82d5,969bfe4cf327c55f3dedaf7ba053a310,delivered,2018-08-25 11:42:43,2018-08-25 11:55:11,2018-08-27 12:47:00,2018-08-30 20:49:55,2018-09-06,e4dd2a3be7786eb96210f216cc4cc0c8,2018-08-25
536f87431ee4a19ed39a8c419a4c5692,afd7ea9982d46a2379b043eaf99e3020,delivered,2017-08-07 16:18:34,2017-08-09 12:30:12,2017-08-09 20:09:52,2017-08-23 20:56:57,2017-08-31,1d2d25bac23b0e9582aadbafd619a080,2017-08-07
c814416959bc909443b01caa4491593b,285760c6e34d73059a74585e3385c2d5,delivered,2017-06-01 08:17:13,2017-06-02 04:23:25,2017-06-02 14:17:48,2017-06-12 10:39:39,2017-07-10,c6c17c2de35135b49a28feaa51e8fcc3,2017-06-01
ec3921c711c656d036c7316503867f69,0f3283b611e62dd24cc7877208ed3ca5,delivered,2017-02-28 19:50:36,2017-02-28 20:05:16,2017-03-02 06:57:29,2017-03-23 05:53:52,2017-03-27,f6e92840fbea6febf6662cbf9616ecbc,2017-02-28
2992972c3d2aff1e457a1b320c51e278,26274565e2cd51d9125dbc6569713355,delivered,2017-10-07 21:25:21,2017-10-07 21:44:31,2017-10-09 15:48:42,2017-10-14 00:12:06,2017-11-06,af2f1149064838dd52f8fa8cba8f4315,2017-10-07
3e08eeb1c28dd17c084f4c0924104e20,efc57cff69d445d8be23b08e9da0b117,delivered,2018-07-04 01:10:05,2018-07-05 16:12:11,2018-07-04 10:13:00,2018-07-09 13:34:33,2018-07-24,25325d558a8e0d36fcd5e3b6a8b80eb6,2018-07-04
4ec97b4065c679e4f09cc6eb9110045d,6a4dfc750d0362580e718a18e4039042,delivered,2017-06-30 14:56:23,2017-06-30 15:10:14,2017-07-06 13:52:55,2017-07-11 16:41:50,2017-07-24,5735fac0e3e12fee0b0545828a977acd,2017-06-30
c95614cc539582d4d37f7effd5aa7375,636ef8f8228cea2700e6fea673379421,delivered,2018-03-05 18:22:49,2018-03-07 03:20:36,2018-03-08 18:09:29,2018-03-29 13:07:50,2018-04-04,7be1172558c44530d93512b000bb9524,2018-03-05
12231ecac809d329ff8a11fe2264697a,0edb1a9da9bdabaccde9a0551d8a56b7,delivered,2018-01-29 16:47:32,2018-01-31 13:32:28,2018-01-31 23:22:01,2018-02-02 23:57:10,2018-02-14,25d357716ed6a4e965d2c2ca9dfc88bc,2018-01-29
796033ffde6ba06e0abe387e36ee8fe0,62d3c457010afc957d955568318e6d78,delivered,2018-08-26 14:17:08,2018-08-26 14:25:15,2018-08-27 07:45:00,2018-08-29 18:48:44,2018-09-11,7e3b6916cdc9629811177f17f7ab07ce,2018-08-26
b058d10cd1c5819182e6071160eb23a0,d87f79130c738e4ef767863dde2fe283,delivered,2018-08-07 14:48:36,2018-08-07 15:05:20,2018-08-09 11:46:00,2018-08-13 16:57:05,2018-09-03,3123dc97347a751c4d825f45d6d6e4c0,2018-08-07
623a8e9b048078646d4f089d9a89acc6,72fc409d07e7a53e2bbde25b6520e178,delivered,2017-07-11 14:17:47,2017-07-11 14:30:18,2017-07-13 20:35:55,2017-07-27 20:33:46,2017-08-14,d5d1a157a45f00866cb63c66fe534989,2017-07-11
96874d51b07a419abc3260ea8e854fbc,271132bde8869ff73d30c2a9866aa824,delivered,2017-12-23 21:17:29,2017-12-23 21:30:03,2017-12-26 18:23:37,2018-01-05 00:33:17,2018-01-29,f403df18bd660efdea86e7d2c91f8944,2017-12-23
f199cd14cb3f15b4b30dd5b94dcb7cc1,f5db449b110e71d49c2d70fafdb26f36,delivered,2017-05-12 12:50:18,2017-05-12 13:11:02,2017-05-16 08:47:30,2017-05-22 12:03:03,2017-06-13,947c249c7f31f3eae2bd05454e1b2040,2017-05-12
996316cf1b7d0bf4a95a9b5f81d7f22a,6db0a04691d445170c02d01966e8b083,unavailable,2017-09-25 21:50:25,2017-09-27 02:49:19,,,2017-10-10,50d77896b3878a9acf2021fe6a79ebbb,2017-09-25
b8356a9fd88d4ba362d50916835b033b,15358fde2314a46dd5ef643d81a88874,delivered,2017-11-15 19:51:30,2017-11-15 20:06:18,2017-11-21 20:45:51,2017-11-27 17:43:13,2017-12-13,f909f9c3701efc52d25623054268df30,2017-11-15
84fb07b1184d14c73d4062470315b61b,b2d6caa5f3a72fa199a4815a4678c82a,delivered,2017-10-29 20:47:06,2017-10-29 21:04:56,2017-10-31 15:12:18,2017-11-01 21:32:57,2017-11-10,48210a876860296297555f929507893f,2017-10-29
0756c3213eb9155bc1209caced66eb82,57aea3c0424ba421f4a819dbdd9fcb33,delivered,2017-12-21 23:01:24,2017-12-22 16:31:18,2017-12-27 17:58:14,2018-01-10 23:19:37,2018-01-23,875dad3047b8db550029d943f725ed1a,2017-12-21
bb035502fccf4c1225de9b023182a395,6309cfc30384e5a0002a9f1d3261cfb5,delivered,2017-12-05 11:40:04,2017-12-05 11:58:22,2017-12-06 22:00:03,2017-12-15 12:39:02,2018-01-03,220af5b83695f7945d3b12a8e5632136,2017-12-05
155ae5022b395750b8b77ba1b6e99242,c4e9cde9ba2d7432bacf81d6b008ef78,delivered,2017-11-12 20:45:47,2017-11-13 08:30:28,2017-11-16 12:48:54,2017-11-17 17:32:29,2017-11-27,7dfa4e199f407850bcc352e208564a29,2017-11-12
df3960b25c473ba593162240539f09cf,2f2e1f67c6b000fb99d28c5cfb79958f,delivered,2017-04-11 16:05:15,2017-04-11 16:15:12,2017-04-12 12:37:00,2017-04-18 13:20:33,2017-05-04,ddc7abbb4ccb5fc7a039ab81ce0945be,2017-04-11
9edba4db56f4797983bd410419163414,cc932803d89b596be60618968c4cf2f7,delivered,2017-11-27 12:25:21,2017-11-27 12:35:03,2017-11-29 18:02:14,2017-11-30 22:03:56,2017-12-11,f4071eb3da7aa67ff2edfc92b5107738,2017-11-27
06588330ec63ae7132289b092c148ec8,7c8e2ee21d1aad5b2c33ee153b31192f,delivered,2018-01-23 18:28:59,2018-01-23 18:39:26,2018-01-24 22:13:00,2018-01-31 16:12:15,2018-02-20,c8ae50cb383faa9141cd8f792aec5f4b,2018-01-23
3b6521c57fb29190883e68aaccc86cde,f42ccd297946628a53e061e56e6ae0ae,delivered,2017-12-13 17:49:36,2017-12-13 17:59:24,2017-12-16 00:35:12,2018-01-03 22:44:43,2018-01-23,3a35072545922212963fb3df6ca15042,2017-12-13
d48c5a8ece8e3482630f42983dce073a,ab7d332dd43e59effe9d3880a1952cc0,delivered,2018-05-26 09:47:39,2018-05-26 10:19:09,2018-05-29 12:18:00,2018-06-21 21:39:02,2018-07-11,8819f20e2b7af5d60b16420036afff97,2018-05-26
6dbcce18ba1c717a5f29d192415872ea,08e744cde3be00633719f04923825035,delivered,2018-01-08 16:17:29,2018-01-08 16:30:27,2018-01-12 22:05:30,2018-01-16 17:08:11,2018-02-06,2242ba70e50e7841d29601f5cb95266e,2018-01-08
634d0a0f8ec5eb8078eb64340dcd355b,1628f353cb4fee7be799eaae47575ed0,delivered,2017-10-30 20:22:33,2017-10-30 21:31:33,2017-10-31 20:38:39,2017-11-01 16:47:49,2017-11-07,eea3ce136d530bbbb64b37004756820d,2017-10-30
1f631e0e2cea6a8604ce260aa970bb09,b2a819daa05de0f9eef4a08c85f0079f,delivered,2017-12-23 13:37:28,2017-12-23 13:50:39,2017-12-26 18:22:36,2018-01-12 22:33:34,2018-01-26,82f04f173a9cea307a6e19dad330b86c,2017-12-23
ef49c2479f411ef5d3b616443f51d62f,23e5941e6b3f8fc50b09b6a1d453fafa,delivered,2018-05-10 17:48:44,2018-05-10 18:17:56,2018-05-11 15:31:00,2018-05-16 17:14:34,2018-05-25,b19155eedaeab7c1961734b960c4b194,2018-05-10
71400888e53ed1698734799716d213f8,54a57e9a3557ca4215104d9b58fe7df1,delivered,2017-09-07 15:58:04,2017-09-07 16:10:18,2017-09-08 18:39:57,2017-09-19 03:59:40,2017-10-02,b08da3f26e34e80b37289b598a52aa77,2017-09-07
40940dc8bce0d8f65258a5d2d293038b,b697190995396d442349aa728da58c9a,delivered,2018-03-01 02:35:23,2018-03-01 02:55:23,2018-03-14 17:06:37,2018-04-03 23:31:02,2018-04-04,df5ff0c899dd19ed568e3e0f716cbe20,2018-03-01
79fc35987a8701e074d350a33925d818,e826ab6cbca3786b08adf710811a0e54,delivered,2017-07-27 11:07:17,2017-07-28 11:10:14,2017-08-02 16:57:38,2017-08-09 19:18:22,2017-08-18,0896f642d506dcfff4899789d59452cc,2017-07-27
32c5abfa9eb2480a7162f1ac2425680d,d264ddc7918ea2bd710b4f425719a70c,delivered,2018-08-05 07:41:33,2018-08-07 04:30:34,2018-08-10 12:56:00,2018-08-22 15:38:42,2018-08-31,a3f3e2d8785b3f3614bc786b9515697c,2018-08-05
34c2707d493d8e4ef72b5c8b9fcc76ee,360bddb0078f97dbd1e8938d56e1bcde,delivered,2018-05-07 14:15:24,2018-05-07 16:33:23,2018-05-09 15:48:00,2018-05-14 16:16:39,2018-05-25,d1825c7a0aeb7fdcd2978c9998e721cd,2018-05-07
41e296c991263f9ade5507299e38fe72,26414d88442f62fcbd8a39607b9211e4,delivered,2017-11-25 01:30:14,2017-11-25 03:58:34,2017-11-27 22:21:07,2017-12-05 01:24:41,2017-12-15,b0dfdc982b3c158fdf0c6327dd9325a0,2017-11-25
317d836ac628026b3639e69c710946b3,e2231800a5e5bbcb32cff22e6bb931c4,delivered,2017-10-30 15:11:39,2017-10-30 15:31:18,2017-10-31 18:33:47,2017-11-10 20:14:44,2017-11-24,5dbcfd1a3cc694bfecc93ca15d884c9d,2017-10-30
4b431346a500d72d3ce468a29dd5b060,11888d3334232a1eb08db5826129c8df,delivered,2018-08-06 09:19:39,2018-08-07 21:45:21,2018-08-08 12:19:00,2018-08-21 11:42:44,2018-08-24,f7441819130a8cb81a399063b838972f,2018-08-06
c1df7b442eae0851753ed884bdaacc02,040a6b33a803ef269d0bf0c285cb2390,delivered,2018-02-26 08:21:15,2018-02-27 07:55:30,2018-02-27 21:38:31,2018-03-07 18:06:06,2018-03-16,72d1adc072dddac82d57953a3930108a,2018-02-26
5074238c56f199449436a1260aead2fd,d4bb2e041f38325c883fb27e50d2b212,delivered,2017-11-25 10:00:53,2017-11-25 10:14:56,2017-11-25 18:32:04,2017-11-30 18:17:12,2017-12-11,c211171aad6a478d8ed85135433e6419,2017-11-25
1975dd8b555942e06089174b9f2a4928,d102cce7158552e3eacec7f2debadb1f,delivered,2018-03-01 19:39:04,2018-03-01 19:50:35,2018-03-02 20:07:51,2018-03-05 18:33:24,2018-03-14,dc82194372a352c75638c16b507738e6,2018-03-01
e2fbbc5e799749941a23275230ee1d8b,9397159a057a8d56ca754a6e8ade5466,delivered,2018-03-03 15:25:40,2018-03-03 15:35:28,2018-03-05 22:15:22,2018-03-14 01:48:48,2018-03-21,17ead611df481240faa3e00afb8560a0,2018-03-03
25c0762610a416a21571e4ab3cf179b8,d489b58e4d66d84eddc981c68c83b4f4,delivered,2018-04-26 18:07:40,2018-04-26 18:31:57,2018-04-30 16:03:00,2018-05-02 16:42:34,2018-05-11,574e36a816bf7a295404e686062fc0de,2018-04-26
78f08da30e84bed8ec2f91fa7566d314,032ca2b9ba3cd98c0b7f814f2e156f2d,delivered,2017-07-25 21:31:01,2017-07-25 21:45:15,2017-07-26 14:27:49,2017-07-31 18:27:50,2017-08-16,8881b4f658d50b6c099683fbe9ef52a9,2017-07-25
de96b93d26af6d6a5c3aa622e245b86f,cd0879cb585fcbf74a2cf9417bda2362,delivered,2017-02-02 12:34:47,2017-02-02 13:01:34,2017-02-03 13:50:40,2017-02-06 14:55:28,2017-03-07,a788b820bbaa47754700c4e0a3748778,2017-02-02
9c0bd8cd0fc8231ed50c066058917360,2896914daa531536d8c68d2d9bf15198,delivered,2018-05-15 02:12:21,2018-05-15 02:35:31,2018-05-15 13:22:00,2018-05-16 17:08:59,2018-05-25,4d3ee61f36901469e814fa28a102edda,2018-05-15
3eef2a97c78803eb4ae9dfd2a5779e62,274d6a7e786ad9d69b87a414cd3f0e5b,delivered,2017-11-13 15:47:43,2017-11-13 16:08:21,2017-11-16 21:28:30,2017-11-24 14:47:01,2017-12-04,bec3bacb4bdbe7752c6b7d36bd76ab3e,2017-11-13
fa489b941eb1d4ccba665793c2dec608,8dae20a3591f5f9a7776506eeb4052f1,delivered,2018-04-11 20:14:14,2018-04-11 20:29:42,2018-04-12 19:58:47,2018-04-18 01:22:29,2018-05-11,923a412f16ca9de965ff4dbda1c38e89,2018-04-11
d3a5c7e2fbe9a935e6a4a7454d4b8869,6be53640c1d4a90f0064be51c63bcebb,delivered,2017-09-01 13:55:07,2017-09-01 14:10:09,2017-09-01 19:42:11,2017-09-11 18:18:01,2017-09-26,4e4898c5d6ac22ce29b5f5a97ee639aa,2017-09-01
4a8fccc87339f7fe555c652c9e5e7c97,1bf2f43d6cf4c045e9dcfd3b9a8cef53,delivered,2017-06-02 12:16:45,2017-06-02 13:05:43,2017-06-06 10:34:02,2017-06-12 13:47:24,2017-06-27,a0da7b3e4040e0427f5880f11622ecb2,2017-06-02
5c5c9fde60ffb741545cf2608e8c12ca,a5cd42f5d1eecbf955de47ff1245b5d6,delivered,2016-10-09 23:55:30,2016-10-10 11:02:16,2016-10-15 12:38:31,2016-10-19 11:47:52,2016-12-02,4910006053f92928b62910d568d4ad1e,2016-10-09
0658b7d98d204e0beefedd5e8c0fad45,4cd9e0172b581ae5abbe2812df386e57,delivered,2018-01-15 23:37:49,2018-01-15 23:52:21,2018-01-30 20:04:12,2018-02-01 18:09:58,2018-02-16,54c03135433a848d14764833c7693c4f,2018-01-15
3602a80b09d914236f74c733631f3b8b,367000b9bd508db790e048df2f6d6af9,delivered,2018-01-31 20:38:38,2018-02-02 08:55:51,2018-02-02 18:48:35,2018-05-18 11:06:52,2018-03-19,4261e564d3e674b5234f01d199701475,2018-01-31
731af685c0c3a53819519bbb93a9240d,3d47082a1d4fd8517bb39c2a9f749abd,delivered,2017-09-15 11:51:30,2017-09-15 12:05:42,2017-09-21 19:53:13,2017-09-29 19:10:02,2017-10-06,530ca3df1d3a51840d36f12cb9bf56a5,2017-09-15
ab6ccded40dba2056dfa826368b5adf3,cfd12c4e955089834710685baa29f08c,delivered,2017-07-15 11:10:18,2017-07-18 06:03:34,2017-07-24 20:05:35,2017-07-27 21:24:37,2017-08-04,b4775b5dde68eea0f2a3b6be67bae35f,2017-07-15
a81be81673bee4a384c6b5468a606478,511ccb3aafea18b48241f081b07dbba3,delivered,2017-11-07 21:46:04,2017-11-07 21:55:36,2017-11-08 20:34:58,2017-11-21 15:55:44,2017-11-30,eaa604ab9f816252edb7a8d297f932e5,2017-11-07
a4eef12869fd791389fa4ffb732fce6f,0e19ca95673f2a74a96ae97319376760,delivered,2017-08-01 12:37:20,2017-08-02 12:43:36,2017-08-02 18:37:58,2017-08-21 20:50:00,2017-08-31,e8ee05d814968f7634456f793f99e87b,2017-08-01
e8a4ded72862189ee71a1a102a072685,9664b6f0b225b1992508a18243987f72,delivered,2018-04-15 18:59:34,2018-04-15 19:15:14,2018-04-16 21:57:44,2018-04-19 14:04:04,2018-05-08,85a737188393650b671b8c43045fbc2d,2018-04-15
d75367da6a5ef6a395dd2657abee2602,93b142f17b2a53ae3629dc3e1c30b212,delivered,2018-08-09 14:36:43,2018-08-11 02:45:17,2018-08-13 13:20:00,2018-08-20 14:06:46,2018-08-28,7c4b027ac052ab1d1ad320aa83ad743e,2018-08-09
efa967efa40217c320aa7aa2954ebe52,0a7ddabd98798908cf291b4186d1fc1a,delivered,2018-06-27 11:59:43,2018-06-27 12:10:09,2018-07-03 14:25:00,2018-07-11 23:17:41,2018-07-24,42618546545527e0b228375f0a0b2941,2018-06-27
748f74ea0f5ee45bbcf3bc8121419da5,29f7d908a095256f97e65cb150e53d79,delivered,2018-06-09 22:25:06,2018-06-12 04:35:45,2018-06-13 13:54:00,2018-06-15 20:27:33,2018-06-21,33bf2b7e1fcb14512599b601118240ac,2018-06-09
347a523a41b9c5ff0194b0cbdff11fc7,42af8b51f3d4497557e7c085a23eec5b,delivered,2018-04-22 12:10:46,2018-04-24 17:22:07,2018-04-23 19:41:27,2018-04-26 20:46:37,2018-05-18,58a76d190359218b65947ec94f397fd2,2018-04-22
61d9b48d85b81cc207e948c13dbd633b,98c84ee0626307cc9c548753a33b7ad8,delivered,2018-03-18 14:24:34,2018-03-18 14:35:23,2018-03-19 23:52:28,2018-03-21 17:51:44,2018-03-29,662be5ff1d471ad3ae46de88ebf96bcd,2018-03-18
66ed65fb801b44984e7a79b2d0496772,931aaba5cc8a31621a896209bef3bebf,delivered,2017-07-26 19:45:17,2017-07-27 19:55:20,2017-07-31 20:29:16,2017-08-11 14:48:29,2017-08-17,69805b4018d7be34cb8198b3df4a1ee7,2017-07-26
8e624e0474e10aa5431056ac96a88746,8a8fcdb7168f194dab62e62e66bdaed3,delivered,2018-05-02 14:20:38,2018-05-02 17:31:54,2018-05-03 15:22:00,2018-05-08 22:07:42,2018-05-16,aafe451fe830291f6caa59e759df954f,2018-05-02
702c89659fd2b244cf06f052e886bdf6,d334f19a29211c5abb837511f5179ae5,delivered,2017-04-11 21:19:07,2017-04-11 21:30:24,2017-04-18 12:35:26,2017-04-27 11:22:20,2017-05-08,e1ebc5849ac165f9e4a7876412482afe,2017-04-11
66fda4a54fb43b9ec8ef4e032eaa7e54,9c27d07ecc859245e18c6d847afaadf7,delivered,2018-02-11 13:18:34,2018-02-16 07:55:58,2018-02-22 00:49:49,2018-03-19 16:24:45,2018-03-15,6ed23e52d55e37096f38981ff1e0abd0,2018-02-11
7fc19fa60f9bb0d99b980a47eee3ec28,642295dc37cb36a93c326b322fb9d6d4,delivered,2018-04-20 20:42:38,2018-04-24 19:26:07,2018-04-23 21:36:45,2018-05-07 17:32:14,2018-05-16,67ccad24eb046586fb8e75326f92294c,2018-04-20
a118f629bb45d3d297600325e84504a3,113e46e208d4e04bc6ef60773696e631,delivered,2018-01-23 10:33:11,2018-01-23 10:59:11,2018-01-23 19:02:56,2018-01-24 16:10:34,2018-02-07,0d183f9cf60a81ec2f3410665329f4b3,2018-01-23
7c6517c41c557b7b9a6407d55badf4ee,401b951379e445bd4add4e01812038c2,delivered,2018-05-04 15:16:50,2018-05-04 15:33:34,2018-05-07 15:29:00,2018-05-09 21:38:28,2018-05-18,5af852e24871220c7697287373000c81,2018-05-04
c356d4dbafd1289aa49e2b0ed1d2fce9,3d6c9156fb11bd1b6951e23dfb0485ef,delivered,2017-02-06 00:33:42,2017-02-07 04:10:31,2017-02-07 11:35:32,2017-02-14 10:34:48,2017-03-06,f2014b438e5943c21627cfe1ad9f393c,2017-02-06
e744792a1abc89d92d36e086697eaf97,b3b41a1b2f4447baf0ff13137fb8d088,unavailable,2017-03-06 21:28:55,2017-03-08 03:30:17,,,2017-03-29,48b3e837aaaef45f7240180c09147441,2017-03-06
1f21b2507e0c3918ef90ef86cdb2d14c,0fc4dc350425b8337aa79c64ea30d617,delivered,2018-06-03 22:34:44,2018-06-03 22:50:13,2018-06-06 18:58:00,2018-06-07 22:33:09,2018-06-28,042507632a640723b9060d4c617302e5,2018-06-03
e1410714b40ecb7735ebc3f823d60745,672341d53a98728f79fb5b46a0fe859e,delivered,2018-08-09 20:57:18,2018-08-10 19:50:21,2018-08-14 10:56:00,2018-08-20 21:38:37,2018-08-20,af096bb816f90a11731e6b258a785d85,2018-08-09
eadea18809cd8803f101e64884658ead,507e66342aa581766f46fb52a4359dc0,delivered,2017-12-21 16:39:11,2017-12-21 17:30:53,2017-12-22 22:48:48,2018-01-08 20:27:56,2018-01-22,285f6cab28390aa73d09933379466406,2017-12-21
ff6c4756c64b5b474194ac300f8b45fd,23e72b8b41b689efef3628c1b1a2ada7,delivered,2018-04-16 10:07:11,2018-04-16 10:32:42,2018-04-17 22:32:13,2018-04-19 23:04:56,2018-05-17,0d2c43fc7a79ce4b6893183be6c0952a,2018-04-16
5a854278109ac48d0a19b5a30590af27,823ddff9dd8959511a087d391e97a76d,delivered,2018-02-16 15:30:17,2018-02-16 15:47:00,2018-02-21 01:24:56,2018-02-23 12:42:10,2018-03-14,b6318d1c456eb83aac281649628c6bb2,2018-02-16
6a28a5e505dfe81886f90148b240b98e,6d44a24eacbfb20e36197b155875e09f,delivered,2017-10-24 10:09:56,2017-10-25 08:07:12,2017-10-25 14:23:20,2017-10-31 20:41:17,2017-11-10,2021fee8566e7160397d06a1b4e96a17,2017-10-24
6750058e05720fff77d640735d0802d4,af3ca90e850b7552dc08d42a09b8144a,delivered,2017-07-31 09:45:12,2017-08-01 09:55:09,2017-08-07 17:17:39,2017-08-14 16:18:08,2017-08-24,f3e6c89610f9736c6fe00e11233c136d,2017-07-31
0a1830f41dcbe9b26dc35c0c71738796,a572792aa6ba6ead6491799c102b1b0e,delivered,2017-09-13 16:18:26,2017-09-13 16:30:21,2017-09-15 16:12:44,2017-09-29 20:23:38,2017-10-06,b8044423bf5b63d164e65a0c90684788,2017-09-13
a0e78c0f47221ec7bb3ffee8fdd91239,8099fadb07a30a0edd0ddd7f6045724f,delivered,2017-11-25 01:01:29,2017-11-25 03:51:50,2017-11-28 22:41:32,2017-12-01 20:56:37,2017-12-19,9dadacd7fb4881df925f803d4f05de92,2017-11-25
46c28f7f09687bab32f7f99f6fb59ab7,2376fe4a486dcff46cb8045b1eb33f3d,delivered,2018-01-22 17:55:42,2018-01-22 18:16:37,2018-01-23 23:54:49,2018-02-06 22:57:35,2018-02-20,58af0e5c887a99edea7b7b28038970a4,2018-01-22
449d3d757b5497469456e89730d0641d,d34a9309d583ff9da2a8d725f4cae78b,delivered,2018-01-04 11:41:52,2018-01-04 11:49:22,2018-01-08 18:29:32,2018-01-26 23:25:47,2018-02-07,ad65e92151c610e13774902750d15a9a,2018-01-04
1126e3a4ac41a7be5c3cc650d36ccc54,5f798676abe9fe538e2242c8c07ae325,delivered,2018-08-01 13:30:33,2018-08-01 13:44:21,2018-08-03 12:27:00,2018-08-08 19:08:22,2018-08-22,7236dee958fe8db7b71ae8858c07640e,2018-08-01
80268610ed03b9b64fd7c84e4970b248,be7a919c0064c022b31b09cf9a854939,delivered,2017-03-20 23:42:55,2017-03-20 23:42:55,2017-03-23 09:27:18,2017-03-28 17:24:15,2017-04-17,0ecd96d106724c17375912061bd5af84,2017-03-20
f559ac2258ea5dd75bf9ba503e7bc6e3,39944720ced378393477c968a26e0402,delivered,2017-02-09 15:19:41,2017-02-10 06:50:18,2017-02-10 11:19:33,2017-02-22 08:56:00,2017-03-16,e54b6227976d874df531fc27efc726db,2017-02-09
68ced379f65a3f59a88e81cbba9036cb,d4582b5fbe15b045dda9e2e12154913b,delivered,2017-12-10 23:12:06,2017-12-10 23:30:50,2017-12-12 22:36:55,2017-12-15 17:58:08,2018-01-04,4bfd9e0dd7033def0bf1377172efb8fa,2017-12-10
e213fc2168e6a1892d02c54ead180c5f,9073bca4c1668e972703e3f963bcd565,delivered,2018-04-06 15:08:22,2018-04-06 15:30:04,2018-04-07 01:21:21,2018-04-13 18:32:28,2018-05-02,ebc76609d1fed63ba0e225cb2b149599,2018-04-06
e465563161981f1e1ab4195bf3c1ad4d,06b4a03f2ff5cd08d0d823f845dff6fb,delivered,2018-07-09 20:23:34,2018-07-10 07:05:12,2018-07-10 15:04:00,2018-07-11 23:38:53,2018-07-18,4bcd44a4810e4246405a22ffe60f8cde,2018-07-09
d368ca1b5f6b46bdaf14b7c0cb5e40a1,2579e4414593b70a9859c330657e6120,delivered,2017-08-20 19:32:32,2017-08-21 19:35:35,2017-08-25 19:47:42,2017-09-02 15:29:02,2017-09-21,2bab912151acdc1fcd1d68811f63963e,2017-08-20
8b571b2408e46eda138c7d9f1761ba43,5d53bf7254a570bc800abdfaded5026a,delivered,2018-07-22 09:31:49,2018-07-23 11:32:16,2018-07-24 11:12:00,2018-07-30 18:06:29,2018-08-15,7c248affa05f75f235461b8b48444bde,2018-07-22
732c9ceb9786952e76768c9f913bca03,ee24608e86f735974b14388a6d14e969,delivered,2018-01-05 22:10:39,2018-01-06 22:07:25,2018-01-10 17:14:43,2018-01-23 02:25:19,2018-02-19,e2ba68136883cdf672ab211089a667a5,2018-01-05
e38f9946fb20db4a597eed7547c59afc,936142b381374fdae2041552d1743af7,delivered,2017-01-22 13:49:37,2017-01-24 03:45:45,2017-01-26 14:58:03,2017-01-30 10:44:58,2017-02-20,bc2387c48428a2e128eaa3d5b18b3591,2017-01-22
7ea99d68cb579648ac731e90414707f0,602abe909c748c9f6cd73a3a4d66ed99,delivered,2017-06-17 13:09:55,2017-06-17 13:23:11,2017-06-21 09:58:45,2017-06-30 12:54:49,2017-07-13,20ad4d3bc85c72656d9585199a4e4228,2017-06-17
1dc8e25fc6d06a7d72086374e54600e5,97dfc69daf6225986f2f10cc3a1a222e,delivered,2018-02-27 21:54:24,2018-02-27 22:08:23,2018-02-28 19:06:52,2018-03-01 20:58:30,2018-03-13,8ec9e01dc8cbd31897a2f2116c5fbae4,2018-02-27
d9a60236d90a394c2ac8282b85dbed8f,e24d9a5b9711122e18b76a92e487b0f3,delivered,2017-08-23 16:17:59,2017-08-25 03:04:10,2017-08-25 15:42:18,2017-09-11 14:58:53,2017-09-18,41d0b6904c9b4b6e0431a0bd2bde13a1,2017-08-23
9ea64f21920bb6b6972cadb024eabee6,eb53d828e9c699ddd7c2c0f35a7d6a33,delivered,2018-07-02 15:30:15,2018-07-05 16:18:56,2018-07-06 08:41:00,2018-07-16 13:56:21,2018-07-23,b33bcd190054cfb026a0c0f8a2a2b18c,2018-07-02
30c5c21cd33efa58229d345e77ec247a,ac7606bd855b5732dfd1a6550e394c07,delivered,2018-04-03 14:30:15,2018-04-03 15:09:12,2018-04-04 00:19:12,2018-05-07 20:26:24,2018-05-02,89d9a5f6c5538b8fe797f4f5b6769008,2018-04-03
b0e444980dd42a83342cc26792e000bc,949e7c76aaf2d74dad40210f38667ade,shipped,2017-04-24 12:27:06,2017-04-24 12:35:26,2017-04-26 10:08:54,,2017-05-26,1c6dbb642db9a21ed52b3607f19136ed,2017-04-24
5175f15824e2cc42b048406820e7d7ce,548b752138038c6732385029fefe9166,delivered,2018-02-12 23:55:18,2018-02-13 00:08:10,2018-02-14 19:54:57,2018-02-26 22:37:06,2018-03-06,487ff42ade0b680bbb1c3dbcb4779329,2018-02-12
169bbd065798362db04a47a4f8abf551,2b242f218f7b5a466b6c01574da53cbe,delivered,2017-11-13 22:06:58,2017-11-14 17:10:05,2017-11-16 18:14:34,2017-11-17 17:28:46,2017-11-27,774ea528d8930ea3d1934c6dbb2ca0f3,2017-11-13
4de5e476244e0fced5eabc7d26c02dd9,c4dcbf01db308f71ac36429315b8f755,delivered,2018-05-23 15:16:47,2018-05-24 02:34:40,2018-05-25 15:00:00,2018-06-04 13:04:46,2018-06-22,ae3f45a35de98e19b3ac981ff817f044,2018-05-23
d5a65462eaa47bd09f5ec817f2c9851c,6ab5cc7248cd5d55d91ded137fd01bfe,delivered,2017-10-09 10:41:42,2017-10-10 10:49:26,2017-10-20 20:41:18,2017-10-21 10:47:36,2017-10-25,6359803b1d00fee3d435111ff2d7e453,2017-10-09
c4e3b2e6f29f2e5ba28bd079aee75750,05f31c9645c6cd60123b1d035e274ee2,delivered,2017-12-27 14:20:01,2017-12-27 14:30:02,2017-12-28 17:44:55,2018-01-09 16:56:05,2018-01-26,4220ae19dee604e8c1dddccd4e535502,2017-12-27
cab13114944552c84f29e6f12aeeba5a,ee3f596fc0e83b4ad655322c7fca6bd0,delivered,2017-11-24 12:12:35,2017-11-24 14:13:21,2017-11-27 19:37:52,2017-12-07 18:09:14,2017-12-20,f25e14da080915be2362de739fcbaae9,2017-11-24
696e7a79f34c788e7b79e59e35756fdb,29c3dfdabea255ab06e66922a280d4ac,delivered,2017-08-21 00:04:43,2017-08-23 12:50:13,2017-08-28 18:37:35,2017-09-06 23:05:53,2017-09-22,c83c41456526926a16e2f95d3652b6d3,2017-08-21
5f56bb9578e8e67b832dec24bf5e0a59,5db494fdc1bee2108a9df63d580d304b,delivered,2018-02-27 20:48:54,2018-02-27 20:56:00,2018-03-02 12:38:34,2018-03-14 17:12:19,2018-03-23,17ba064ac220283e3cea8c403d7bd907,2018-02-27
c60a00eaa33b47afb951671b7f341ced,3cbdabb9ce0bc989f96da7864e8b5f67,delivered,2017-09-20 09:53:50,2017-09-21 02:55:28,2017-09-22 15:00:44,2017-09-28 11:24:46,2017-10-06,def586a3c7aeb3a0584bb7b5dfb4f9f5,2017-09-20
7d9a71f7ac9e3a44b7a1b07570b605b0,70fc0ba9b537837220a6b446bf9ef1dd,delivered,2018-08-02 23:06:59,2018-08-02 23:15:16,2018-08-03 14:02:00,2018-08-08 15:06:49,2018-08-15,92e9e31875b64e3915b55d58c955a771,2018-08-02
c7024b0259d1e73df96b2f98d588b19c,f65fd8fe4095317b5aa176ee72300f02,delivered,2018-03-01 12:34:50,2018-03-03 02:51:13,2018-03-23 20:51:54,2018-03-28 18:05:07,2018-03-29,497e6896f865cd31297512144f700e1b,2018-03-01
3c4329c91605952deb53464dc789ae79,173c0b0134313a7aac0a8397df34c070,delivered,2018-01-08 17:44:10,2018-01-08 17:55:19,2018-01-10 18:53:10,2018-01-23 20:47:11,2018-02-09,dfe5ae03a630933ab361dcc06347d4c2,2018-01-08
cda0a20d2df6b9c3f02aa5258c99af6f,cef102e266fd2812ecd629b5da0d4dc6,delivered,2017-11-30 21:17:58,2017-12-01 10:31:51,2017-12-01 20:29:53,2017-12-23 17:38:11,2018-01-02,2cf17aab29f83986b5ecc3fb90a245ca,2017-11-30
755a4d6ab201a238e51bc1d1ab18365a,4ff06273ad2be01eeb93e0a2e4babc09,delivered,2018-08-12 22:59:28,2018-08-13 22:55:18,2018-08-14 15:48:00,2018-08-22 22:58:45,2018-09-10,d3409ea9c3d5c452fdb21ccd23aaba7a,2018-08-12
16a8f7a8bbca3c9cc625c7f5e7b912e8,c5eca727a79f29737b93b7dbbf448083,delivered,2018-03-25 20:16:38,2018-03-25 20:31:48,2018-03-27 21:48:52,2018-04-03 15:32:48,2018-04-16,9f38e77b156597e4e78da8da93e9d1d5,2018-03-25
e3b81e11591d22a361bd292adad69ca7,43752fde94eac46ec10596d99027c9e3,delivered,2018-01-10 07:20:55,2018-01-10 16:49:40,2018-01-15 17:38:51,2018-01-26 19:21:39,2018-02-02,c2e59e1a9f1b09ca38593689e1df001a,2018-01-10
e2d4372ffb3a4fa7986212fbee364dc1,3381fb0c5b8d17961ef1413f3e3ae155,delivered,2018-03-09 10:23:05,2018-03-10 03:55:35,2018-03-12 19:02:14,2018-03-14 12:38:32,2018-03-21,e9fa28551c86e7ab3703c9a8a18a2619,2018-03-09
2451b9756f310d4cff5c7987b393870d,2ca5a7b2dd62178ff3dda2b928a08f59,delivered,2017-07-18 13:02:38,2017-07-19 07:10:12,2017-07-20 14:07:29,2017-07-26 14:07:50,2017-08-09,5b8a75e77489899ad9e6d57273aafd7f,2017-07-18
1e27216416d628fcdc4528fe1cae4c0a,f390a84b4a9ed2f684bfe1f0add8b50d,delivered,2017-10-22 15:13:24,2017-10-22 15:28:19,2017-10-24 20:51:24,2017-10-26 18:27:57,2017-11-09,fd254eb3c2ef7788c247f3b768e79c7a,2017-10-22
2c326cc8b2ff60f30ceb556f4581d7a4,ed88480ce4b4e55c28bcde629cd237a9,delivered,2018-02-23 11:30:35,2018-02-24 11:30:26,2018-02-27 18:36:05,2018-03-13 23:22:11,2018-03-21,4fa99df9aa1395567e37079b9c47f7ac,2018-02-23
6feefd64eb5b13184ac2bca3d0be98e9,44588f5aa861a8ec2758d39a6a00cab0,delivered,2018-07-13 12:24:37,2018-07-13 12:35:22,2018-07-16 12:55:00,2018-07-23 18:46:46,2018-08-02,e3b7fece1ec0c35e047c15c6dbfa9353,2018-07-13
5a1b8ce8aee70bd3445109304936c826,587c6261599b61d8089fab854cb753cd,delivered,2017-01-13 15:11:52,2017-01-13 15:25:23,2017-01-13 16:12:36,2017-01-26 14:27:27,2017-02-23,7f75d82fb48730a02d3c678dd2242e44,2017-01-13
ea71f65fd226b76978bc09166ce655cf,b4f586d1cd98e9c486ba55b612237826,delivered,2017-11-27 21:41:08,2017-11-27 21:52:30,2017-11-30 20:57:00,2017-12-07 21:51:37,2017-12-18,1f2dd1ed628406462e98fec4c910f008,2017-11-27
d4360753aff7fa8fe8a6e83c65179c00,2d057e75b32e4dbdfa0488bd9dbbc845,delivered,2018-01-17 17:37:24,2018-01-17 17:50:47,2018-01-19 21:52:22,2018-01-31 00:05:37,2018-02-14,f7be098ec92cf8216d70b7c75ed7b6cc,2018-01-17
b61ef53b312800422111b08cd1619498,71979836244638c46cc9bb531c00e151,delivered,2018-02-10 14:50:42,2018-02-10 15:08:18,2018-02-14 15:27:44,2018-02-15 22:57:21,2018-02-26,e2f24b0ece82896981df96635db90edb,2018-02-10
60c903f5cb6055bf5a3b4f09ba288c9c,ff94ffbc7c413bbda6c825d3b7344065,delivered,2017-10-02 22:14:23,2017-10-02 22:28:20,2017-10-03 16:47:07,2017-10-16 20:43:44,2017-10-26,69622cc3c28c760631192198f71fd35a,2017-10-02
947e9c6bfd83a06953c420ef92d3da6e,2737211835d5ea370af15ee145f7840c,canceled,2018-08-15 15:13:32,,,,2018-08-28,a2ac4c64994786e12db70e1782d2bfef,2018-08-15
fc024e7a7e5a5ac73800730c0b388063,dc568c24cf5f6ba6691a0514893967af,delivered,2017-07-08 16:31:24,2017-07-09 16:35:18,2017-07-10 17:21:55,2017-07-13 14:49:46,2017-08-03,502560a6fd69bb140e01b0feb5eb0b61,2017-07-08
11752bcab98894b1c72fac988ed11392,e4e8e3c54c6e50b494ddb7f274907659,delivered,2018-02-06 18:30:17,2018-02-06 18:55:36,2018-02-09 23:09:40,2018-03-10 18:21:09,2018-03-01,c332980c78958a4328aa453e4f7dd73f,2018-02-06
15c6ed2642d0ed7b492597fffca4d9a6,462cc5bc6b7fb4fd7a46a6def0dbc6b9,delivered,2017-12-23 12:39:01,2017-12-23 12:50:35,2017-12-26 16:05:10,2017-12-29 22:47:20,2018-01-22,410f1c962e3ef4a0da9104536d97a4ae,2017-12-23
714fbed2a4271e76143dfa95f89ae9b1,6a7041730ef9dcae33fed2a9356a6cd6,delivered,2017-11-18 17:17:34,2017-11-18 17:30:40,2017-11-21 23:07:48,2017-11-23 16:33:51,2017-12-01,144a9ba40d75e7d55c5f5f7bf467710b,2017-11-18
c74e4862507efb811471cd922e6f3529,8ae65f29571ce43246ac73c8e8973623,delivered,2017-06-23 18:31:57,2017-06-23 18:45:17,2017-06-26 14:51:56,2017-07-11 18:17:30,2017-08-11,894d919e7dbd9f1f8234d99667f9b7eb,2017-06-23
0282e83acfe3e7aaf60c871a4a9aca61,c1951203ece4074187b167b92d80f71c,delivered,2018-05-10 20:50:49,2018-05-11 20:57:02,2018-05-14 13:25:00,2018-05-17 17:35:33,2018-06-05,a2979436ea8e2cadacb6bd64e8b37d9b,2018-05-10
58790471f208e8351044c81d0b3e51b0,550343cf167935608a7c188aa6aa4100,delivered,2018-03-29 15:50:08,2018-03-31 09:15:10,2018-04-03 12:34:32,2018-04-11 00:02:38,2018-04-19,772bdafb1ee681bec8d3cccb0a900b8d,2018-03-29
005b49de51a4e006055e8487a50ad8e4,366c88e3ee5ed365c8529a9639c8b91c,delivered,2017-04-09 13:35:38,2017-04-09 13:50:09,2017-04-10 11:18:09,2017-04-27 16:47:35,2017-05-04,8797820f6554668a5b835ff74cd077df,2017-04-09
f081d9c6f03801d55a6b730962b9620b,967da4a6fc14335c84934348089551fa,delivered,2018-01-19 15:54:00,2018-01-23 03:37:33,2018-01-23 23:33:12,2018-02-06 22:32:03,2018-02-19,4470b161249e3d1bd1ab07b4c0e3f15f,2018-01-19
0c55bc7181a82565bc9da1e2842c84c7,c471fdcc5656bf13d3224409ea35b159,delivered,2017-12-05 22:58:51,2017-12-05 23:16:36,2017-12-07 00:39:02,2017-12-23 13:05:25,2018-01-04,ee0642319e3d9508055057679269f3b1,2017-12-05
3762a969c4bee6842259e756e28a7467,fcbfa6020f72a36e85c273e1bc7c2780,delivered,2017-03-25 12:51:12,2017-03-26 06:35:21,2017-03-28 11:36:18,2017-04-04 21:32:43,2017-04-20,b0e05ca48f8aee5d8f1a49ff32cfdabc,2017-03-25
8138944aa954bbc7c286a30839130583,859b522550a8432a7d964344843e7753,delivered,2018-02-28 07:37:29,2018-03-01 07:35:44,2018-03-02 19:58:26,2018-04-03 21:17:28,2018-03-29,3d8a6458539e83a8f9decef0d592098e,2018-02-28
e08e2426828f29c00c09b91a4fd816cd,0a1ba4d9759b93977706a92fa5606873,delivered,2017-05-12 23:16:39,2017-05-16 03:25:18,2017-05-16 10:13:47,2017-05-23 12:45:26,2017-06-01,394144a44bc0e9500a4179f320dd522a,2017-05-12
41fac1a841732b89d07857b5c7f4aa51,5d1c4d04f08622b4344a68886a030637,delivered,2017-08-21 00:03:35,2017-08-23 12:35:27,2017-08-24 18:48:31,2017-08-30 19:09:26,2017-09-13,39021302ee4926b5fee3d28f16ed82c1,2017-08-21
0f5cbec89ff4ccb991c248075eb3131b,d08751add5d557541cd1cd0ab8c3f579,delivered,2017-09-22 01:26:18,2017-09-22 14:29:27,2017-09-25 14:33:35,2017-10-02 20:34:04,2017-10-18,b6d7303c1d4eb23acf99832ced9e156f,2017-09-22
380d50b5c05704dbe91b19b8003ea60b,a22b289372fa843cd698a5a641452436,delivered,2018-01-13 21:33:27,2018-01-13 21:49:18,2018-01-18 12:26:42,2018-01-24 16:13:42,2018-02-07,be44f5b15e050c84a284fc46feeb7183,2018-01-13
f2eabb23f8f91015f9478076d73ba8f2,688289582ad02e4b73a07f629d7ddd22,delivered,2017-06-27 23:21:05,2017-06-27 23:35:12,2017-06-28 11:19:00,2017-06-30 13:03:09,2017-07-10,1e404b3035f464698a22e9fed9499e69,2017-06-27
172c16ad22d7fe8a23ac0873047d8f16,d2c43bfb223cdd91d21e77277cc0df6b,delivered,2018-04-23 15:36:28,2018-04-24 17:12:34,2018-04-25 14:47:00,2018-05-03 14:08:46,2018-05-16,926acce2df094751c508817e67be5e5a,2018-04-23
454645a3375b0ecfa430922acc9dc990,620af7c2756e6781cc62555738216d00,delivered,2017-10-02 22:44:03,2017-10-02 22:56:21,2017-10-20 10:32:32,2017-10-27 18:21:57,2017-10-24,f017e93e7fce79d6da306003273644c4,2017-10-02
f2d6e146e252aff67545075d6bca048b,eb388285eed204334b4a33ed62357ed6,delivered,2018-08-08 00:23:12,2018-08-09 03:35:07,2018-08-09 10:18:00,2018-08-14 19:11:55,2018-08-17,b6dfbc80cc3c05f843b5af95ef62601d,2018-08-08
fe99e32b74589b0377a2439cd3ecc51d,ae1f3ec36fc38bf9223db1c986bd74a7,delivered,2018-03-19 17:38:20,2018-03-21 03:30:55,2018-03-22 00:21:52,2018-03-26 22:51:40,2018-03-29,4c83f043e982997ba6bb7ffc9c73e0c3,2018-03-19
003f9bcc09427647c4b9d361a523545b,a1a6d4f18deef15fee3ad4b6f36a7ce0,delivered,2018-02-06 13:06:45,2018-02-06 13:15:37,2018-02-06 21:52:33,2018-02-08 19:06:53,2018-02-22,1c83b776b851b057dcc32bb2fa5edbdd,2018-02-06
fbe94831a781d534fefb49c93499dd91,fbd1257ce46203fdf9a3c05deb04f947,delivered,2018-02-20 20:12:47,2018-02-20 20:27:09,2018-02-22 00:24:56,2018-03-01 17:57:02,2018-03-12,d0decd4b00ab5b5273b567f3ccd5b958,2018-02-20
1702c32d41f309e6e1180ba330a5c8e5,4a56fcfcad4ee189e515c7066f9e8cfb,processing,2017-07-05 23:56:40,2017-07-07 08:45:16,,,2017-08-03,21f5b9863308cbaee7d969240a3e6d7b,2017-07-05
e1065a0d77c2e2f08c58c0d4dafccecd,708635792070de8a2e271645c2b504c2,delivered,2017-10-18 17:39:22,2017-10-19 17:50:43,2017-10-24 20:43:38,2017-11-01 14:33:30,2017-11-09,42bbc97b0a17f7b6a2b378d7abb245ba,2017-10-18
fe651d656936812bc74e091ac78fd844,70061eaa82d2b6fff7834940e5dfb6a2,delivered,2017-12-03 20:03:57,2017-12-03 20:13:46,2017-12-05 00:32:35,2017-12-15 18:28:05,2017-12-27,c53ce3ba8ff312a42491da9656b8f6d4,2017-12-03
a430286ec021d453ea727f5801d105da,f1a28efaa4fe73df57cc4dd7b491adc6,delivered,2017-08-02 17:41:38,2017-08-02 18:03:45,2017-08-03 18:32:46,2017-08-09 19:22:42,2017-08-24,84009bbebd5f9234e02f6c4e3775b209,2017-08-02
3d149bdb5aeabeaa605acc0cf58f1157,0a49cae060b40b5446c56ec40f7792c4,delivered,2017-05-29 17:46:09,2017-05-29 17:55:14,2017-05-30 10:35:25,2017-06-07 16:36:36,2017-06-21,8483380368f794011993cbca25afc573,2017-05-29
e67d0ebb97f45f8b1236cdefef81e212,f9bdb9f083cbc8b7fc9b27a764c7d929,delivered,2018-05-05 22:47:27,2018-05-05 23:10:30,2018-05-12 09:05:00,2018-05-29 15:42:03,2018-06-05,9b9bf14cdbe967b47ff15e6b66cca2a1,2018-05-05
c282161ce9696af2790e633f567dd179,452244dbda646faab3abb99c86d2b4c2,delivered,2018-08-11 18:20:45,2018-08-11 18:30:22,2018-08-13 14:37:00,2018-08-16 23:10:47,2018-08-22,5385e920cc8eb8bf2ec7c6fee79ee666,2018-08-11
cd0c854775bce057e6a7e27c79a58f00,4b11226427fb245d9d0cb91d0a339e81,delivered,2017-12-18 14:36:09,2017-12-20 11:50:46,2017-12-21 12:23:53,2018-01-09 19:52:09,2018-01-30,4acc5c94cdac604d8034f5d5ad50b323,2017-12-18
025a244ae3d5e6c53b7f9c902643f510,1e1ee4caf4aaf60c6f5e95263a294267,delivered,2017-08-15 14:37:16,2017-08-16 03:15:08,2017-08-21 15:09:47,2017-08-28 18:42:22,2017-09-11,7fdec9ff3ee1b114201473991d35fc8e,2017-08-15
fa4c59a94711decb9c0410a0e7f878bc,47a175c6a4a97dcd0b9fa05c862fe6c6,canceled,2018-07-31 21:45:27,2018-07-31 22:04:19,,,2018-08-08,54ba613d4129ba5a15d92d1491b098cb,2018-07-31
2898d74d595f1564b2df34edb8c0cfc4,41ebc1df9d5af975ea8582f4be95f836,delivered,2018-05-04 16:54:41,2018-05-08 03:55:21,2018-05-14 13:52:00,2018-05-21 19:37:32,2018-05-30,0125200158c999d5813b11be482a48da,2018-05-04
989771e34a670ec77e1f406c05ce66b2,9307ff2c06e933b792862b5dc55d25ce,delivered,2017-08-29 18:20:51,2017-08-29 19:00:11,2017-09-13 16:43:47,2017-09-26 18:47:31,2017-09-21,c37cc6c1a59d81460a3059744f7ada1c,2017-08-29
a4a299d455f10745e482d45fa2627558,45df6242306cd509d9ed9ca4a3209fdb,delivered,2017-08-31 09:34:18,2017-08-31 10:04:27,2017-08-31 17:25:17,2017-09-04 23:43:56,2017-09-19,52745cc704843c99d35a08796b3b0007,2017-08-31
bdc6d13db4338777a27724c65a0248c6,600b187ea467a08adda99607af9d047f,delivered,2018-01-26 10:52:37,2018-01-26 11:13:57,2018-01-26 21:05:38,2018-03-19 21:26:48,2018-02-19,6a2c39f27e5c40a4d2a0cd94aeb8c925,2018-01-26
bf5d8018171eeb0788be7f1c871eb981,704fb26a9d85d9ad8fd8b167eee000fd,delivered,2017-07-26 00:34:16,2017-07-26 00:45:10,2017-07-26 19:13:52,2017-08-04 18:07:43,2017-08-17,aff615cb1dd35d6595b30bf00097e2eb,2017-07-26
cd3bbc3e4e64dc523b4c21512736e22c,038c6e4806a9d19fe170feae7825c2d6,delivered,2017-05-01 17:42:25,2017-05-01 17:55:16,2017-05-02 08:39:31,2017-05-15 08:12:33,2017-05-29,048df8b25dc48e1554eccde119d6cecd,2017-05-01
f45bdf2f89997a72c2f4c9cb37c284cd,86bc7b8a34a40c88ad0b7d0cb8de17b1,delivered,2018-02-11 23:54:10,2018-02-12 23:50:23,2018-02-15 20:58:55,2018-02-26 15:58:13,2018-03-08,7c2dea308eff601163f797fa8ae8b6b0,2018-02-11
aaa09ae14c8853145592cb8b452714f2,f6c91fb1016695135a32d3c11163887c,delivered,2017-03-20 19:08:08,2017-03-20 19:08:08,2017-03-22 09:30:19,2017-04-13 09:06:22,2017-04-26,83159fec45a564430a937f9d37f7ec29,2017-03-20
9c7786ec8d2394cbee42bba833f7c537,9a935364cca30059364ef4469083e8f8,delivered,2017-04-27 23:45:10,2017-04-28 11:46:07,2017-04-28 10:57:41,2017-05-05 15:49:46,2017-05-30,eb1f4848156c397ff6d7da148a5af228,2017-04-27
05f3fc274d71ebbd552966d716c9039d,011671897080a38fa57f3c190a310d49,delivered,2018-05-11 18:36:13,2018-05-11 19:01:11,2018-05-15 13:58:00,2018-05-16 18:08:30,2018-05-22,2abd0f22de522dbcc7adc9ba8982e406,2018-05-11
9dd1d19c4558ecb8601dd0305c30cec0,50f2efb2a5ba41f1b0c67ddb1daf86eb,delivered,2017-10-07 19:27:08,2017-10-07 19:50:03,2017-10-09 18:52:56,2017-10-17 21:08:04,2017-11-08,8cbd2553bd61c34b3437e60a4caa7abf,2017-10-07
f82a2055f59b4ccf07be7a6e9d52debd,48970007c61cc12f2624b1212e10419f,delivered,2017-10-05 13:56:51,2017-10-05 14:07:25,2017-10-06 21:03:09,2017-10-07 15:58:34,2017-10-24,086a1331b5f75cf51610065e3ae36425,2017-10-05
0c4284c2b4798ef2f308a6748fa63dc3,d81fce5f1e831085b9d464bc6172ee7a,delivered,2018-06-11 21:53:36,2018-06-11 22:19:21,2018-06-12 14:15:00,2018-06-21 15:48:29,2018-07-11,1782775b0a11be431aafa0abdd0cc74f,2018-06-11
bf122b1684abe6417e2e2eb2ababa7b9,aede53c41bbd7d79c62bba347fe8f36e,delivered,2018-03-28 11:03:18,2018-03-28 11:28:07,2018-03-29 23:41:52,2018-04-27 21:22:28,2018-04-19,b027ab38f1e168197aff42bb5934316c,2018-03-28
379a935fe436be68e1c1e76ef0fa2c48,966be50d83ff1fea6ae8877708b48caf,delivered,2018-01-31 21:51:45,2018-02-02 02:54:15,2018-02-02 18:56:49,2018-02-09 17:36:51,2018-02-22,2409aee088a36b4a0173463e85d37941,2018-01-31
329865201ab68a53f3b26fb4f4fd43e4,6dbd16c2c45f442bda4e6dfd195d485d,delivered,2018-01-17 14:23:41,2018-01-18 02:13:11,2018-01-19 18:06:34,2018-02-07 23:12:04,2018-03-02,b8fbd5186f4daf9521fb8abba12cbd00,2018-01-17
f8822b6085858dd513bb20e7e0c88e83,86f88f01dcc9599c9734faa1cb606a94,delivered,2018-05-06 10:51:36,2018-05-06 11:10:27,2018-05-08 13:35:00,2018-05-15 16:03:07,2018-05-23,fbab790836a80473425e37664c81d984,2018-05-06
bc22fea220f805df6f4e021a709e668d,68bf428bd03e9aef02dfbe4e8b437c60,delivered,2018-03-09 17:34:51,2018-03-10 18:08:26,2018-03-14 01:48:40,2018-03-27 01:32:17,2018-04-02,00ec6ce865af3a65e9cca32b180e5d20,2018-03-09
0312ecf90786def87f98aa19e0e0ce63,45cce495588388d074ab985f2f9b9bb4,delivered,2017-05-10 22:02:40,2017-05-11 00:31:33,2017-05-17 10:06:53,2017-05-18 17:09:46,2017-05-18,f183cbe7ea382975291850db9c8526a7,2017-05-10
42889cba53a791dfa45f24d62019a521,a584daec24287b6e6760e3784d490d36,delivered,2017-11-27 19:19:43,2017-11-29 19:17:05,2017-12-01 13:31:52,2017-12-27 17:34:26,2017-12-20,37ef9a394acb71843b127f61a5809022,2017-11-27
a38aeb63e6290170677c4cf2ab4c0f7f,62e1860ef3884fd9e103e75783dca1c0,delivered,2018-03-26 10:14:31,2018-03-26 10:31:11,2018-03-26 22:12:20,2018-04-02 18:34:32,2018-04-17,0be7af6c16fbca7eff244788f89146a3,2018-03-26
0424f6bc3d0829eb2829bf77fb01e60f,ed88ab704ab0332923a0413acb453635,delivered,2018-01-30 17:08:44,2018-01-30 17:29:52,2018-02-01 02:42:25,2018-02-16 21:08:07,2018-02-21,de5f6712ccc81b109504d3abcf6ec094,2018-01-30
78376bf275535930db73f00a985ef199,3c473ed8031b6f4e249ae5f13399bacf,delivered,2017-06-06 08:27:36,2017-06-06 08:35:19,2017-06-09 13:39:01,2017-06-14 13:58:05,2017-06-20,37dca259ef64c1aa8a42868915ec7309,2017-06-06
5e49f5d6df788d49b16273923cfcf7e2,b1077797856914c6ee3a4f54cef66eb1,delivered,2017-12-21 16:15:27,2017-12-21 16:30:14,2017-12-22 17:47:58,2017-12-29 20:37:24,2018-01-22,a93a36ca041983ea058179dfb0eb0275,2017-12-21
96c833757e09a989bb5c13d0470d7f2a,0034f7933de3ead6bd9ba49afe95f119,delivered,2018-04-06 09:25:10,2018-04-06 09:35:27,2018-04-10 22:57:41,2018-05-02 20:38:50,2018-05-04,5b540c6a8886384d1772215e6a189804,2018-04-06
5eea7c72a77d6f2129a92d2d82e79410,f3228497df62020d2bf9f20f74da7116,delivered,2018-07-02 10:03:47,2018-07-02 10:15:23,2018-07-06 10:39:00,2018-07-09 15:36:41,2018-07-18,b98de9b9357dc16158a7d4f584574575,2018-07-02
a2c943e39eba3f96ca656df556454b97,8352b9acd7620d5a82aa132d4772a9ef,delivered,2017-04-09 21:04:04,2017-04-09 21:15:11,2017-04-10 09:10:44,2017-04-12 15:32:37,2017-05-04,f122700f4988b15159336b7a1d29cb41,2017-04-09
b83dec1771b70a81dedd9db612fca052,b659e27b20373321f446da16aea776ce,delivered,2018-04-29 15:52:00,2018-05-01 05:32:40,2018-05-02 16:35:00,2018-05-08 18:12:12,2018-05-22,34b13bcee3cb9ac4e27cd273ea060469,2018-04-29
dc91dbf7defabdf37c52672a989bad1b,63b1c99583effeec017dd7546c6a97ae,delivered,2016-10-06 12:22:07,2016-10-06 16:00:13,2016-10-26 11:49:34,2016-10-27 05:38:36,2016-12-02,b3724b93edd00e472e1db7017236f60a,2016-10-06
a147b97f47abbdb02f67ea00da442cd8,0681069ba05876a097555609e2496d1f,delivered,2018-08-06 08:44:23,2018-08-06 08:55:23,2018-08-07 10:01:00,2018-08-10 22:03:13,2018-08-15,ee04cc9bca4c9198bec5c54c2542dd3b,2018-08-06
54c77052884ae590135acfe304034a61,68723f1793c2874060110d3674f93633,delivered,2017-08-25 15:32:31,2017-08-26 15:44:20,2017-08-28 19:47:39,2017-09-19 10:56:01,2017-10-10,2de6af435b5e1004a0e6657af2cc2df8,2017-08-25
6df64cc2e8fbd99d2f72745f1388a760,f1ee2c9b4f6e06ac83e3fd39030131ec,delivered,2017-05-10 10:39:56,2017-05-10 10:50:13,2017-05-17 15:00:46,2017-05-23 16:55:57,2017-05-31,ca67c44e54b7ab21295be3a3545b846f,2017-05-10
13e46245791ac3c971ba82ef45a1a280,e73fdd4cc3f5e747efe34d888c1505cb,delivered,2018-08-13 21:32:54,2018-08-13 21:45:10,2018-08-14 13:31:00,2018-08-21 17:21:25,2018-08-27,421ea24d5a52662619471cf08f4e32cc,2018-08-13
891e419a9019fb81b67212a708cb5f83,c5ebaeed3b49cd93b3c294547784f484,canceled,2017-07-07 12:15:50,2017-07-07 12:25:20,,,2017-08-03,43956f989bf5238c0aa2b8286046c2f2,2017-07-07
d42ba61a59ac7b2af476d42dbe16f68e,64c67484fd19b32ee4c9d8f944b49a5d,delivered,2018-07-18 09:22:37,2018-07-18 09:30:13,2018-07-19 14:24:00,2018-07-24 22:29:36,2018-08-09,3bfe173fcbb50f640877b08ed736fd6e,2018-07-18
905564c4ef42ed11c74cc6f3d1919bcd,26177af1e6c1eb0bc6e2d9b0c180b50a,delivered,2018-04-09 16:52:34,2018-04-10 04:10:50,2018-04-10 19:12:21,2018-04-11 20:06:36,2018-04-25,67dae1df1762de8eaad2140044f0ec2b,2018-04-09
c64f6838f531e7b3fcf588d76d60f9b4,b0427d63199cb18df25a51a0ade423e2,delivered,2018-06-22 10:19:59,2018-06-23 10:20:52,2018-06-25 15:25:00,2018-06-28 16:46:50,2018-07-05,ba512a9d39dc06f99f4138878cf8156b,2018-06-22
f1b1a53088d15140959d9ed6d98c7107,877de6b09e86d78beb4236871620906c,delivered,2017-06-28 17:07:38,2017-06-28 17:32:42,2017-06-29 17:07:54,2017-07-10 20:02:52,2017-07-24,19a792d3d544bf534045106b02280725,2017-06-28
73e47be0498a4d9f19d88a0113af23fd,31ac6792817138d9e3f44b2999f57ae4,delivered,2018-08-17 15:11:32,2018-08-20 14:11:09,2018-08-21 14:17:00,2018-08-25 00:21:37,2018-08-28,8c632a369aa25d9e99b0e3f7488a738b,2018-08-17
89d6544684b9cbacd492feb38abe4fe7,69b38855459d81b0595cade99bc1706e,delivered,2018-07-01 11:51:47,2018-07-01 12:09:27,2018-07-03 14:15:00,2018-07-12 22:11:56,2018-08-01,1a13743254d9c8e6360106295947932f,2018-07-01
3742e108eff3341dbaa5e22f6e2fd38b,44055fae77e1dfd38877dae25d55aff7,delivered,2017-07-01 17:52:50,2017-07-01 18:05:22,2017-07-05 15:33:15,2017-07-11 20:52:21,2017-07-27,294acd07163ef935a1719bacd53c0040,2017-07-01
20c452fc8f22663c6a11508ec8ca0726,8e910586d420ecaf395cafab6dce2b90,delivered,2018-06-04 20:31:08,2018-06-04 20:50:43,2018-06-05 12:29:00,2018-06-14 19:29:43,2018-07-18,04be8deea7b8064b5f5fbcb8e3ee637b,2018-06-04
fc45ae3c705f48a41cad9bf6aecfdd0c,f3d3a9c8877221d95577fc2cedb58821,delivered,2018-01-23 14:30:52,2018-01-23 14:39:33,2018-01-24 20:48:54,2018-02-05 16:13:22,2018-02-16,736dc726fbc37a6c2f3e3274fe084922,2018-01-23
1b307ea4f5d5bdc7289afe051242dc2f,64371168bfc7897e0e911783d3de0a3c,delivered,2018-04-11 13:34:57,2018-04-11 13:50:43,2018-04-11 22:38:31,2018-04-13 15:26:53,2018-04-26,e48095bd8f883a7d270166aeeb22b113,2018-04-11
a4bea4b3e01b8dd36eaf6a9e27698404,47b6f31206c7f21a45ec5a79f68a81a9,delivered,2018-02-07 15:25:10,2018-02-07 15:52:19,2018-02-10 01:33:12,2018-02-20 18:49:04,2018-03-08,fca644903b221487643912191848d289,2018-02-07
20fd43d1a1e8d1257044b8a17f3c7c5e,14723de10c5caea4f02a154f09f375ee,delivered,2017-04-04 01:35:58,2017-04-04 01:50:16,2017-04-05 06:39:57,2017-04-12 08:03:44,2017-04-25,93301b3d36827181311c650f0ceead5e,2017-04-04
926355ffa49be1cca35b492f916bb6ca,8db0d5efc870373f918d092930f8e762,delivered,2017-02-12 22:37:05,2017-02-12 22:45:10,2017-02-14 04:04:26,2017-02-16 20:32:10,2017-03-10,26ef82554d12997374cb696193b9c415,2017-02-12
873d4128c75191d026aa58258ea7a5f8,ff67ab5e872384e9b7cbe4260e1daeeb,delivered,2018-03-24 11:51:17,2018-03-24 12:08:02,2018-03-29 00:28:49,2018-04-05 13:40:56,2018-04-20,a729bdb3e153c28975cb6016ce63409e,2018-03-24
b19cf86000f4fdfdf23b75a1f4fcec9c,4c2f43b071ab89f7b367b92ff19d564b,delivered,2017-07-05 16:23:55,2017-07-05 17:54:44,2017-07-07 19:09:46,2017-07-21 20:33:39,2017-08-09,ca9d4400d59992c0540b0cdd6dd7a35e,2017-07-05
090395e4f947097290d8bde7125fe883,35009b941a378f88e841eeb4535757d5,delivered,2018-02-04 10:27:10,2018-02-04 10:48:59,2018-02-07 19:18:59,2018-02-21 00:39:18,2018-03-06,033074087e0a07fb66f9552e71b141ab,2018-02-04
f00444f4b3ac26cef3dcd0fba5d09ad8,3517f8cb54ea9365c0af466376685f1f,delivered,2017-07-25 13:18:39,2017-07-25 13:30:19,2017-07-28 19:17:38,2017-08-09 13:31:10,2017-08-18,1f01be0efb43b8e7c3dcb05b197fc83e,2017-07-25
e4b5604780e8b0ba35b9335194254b33,b8ae52eba45117ca56310b303a029ffb,delivered,2018-03-04 15:34:39,2018-03-04 15:48:21,2018-03-06 22:51:43,2018-04-07 00:08:31,2018-04-03,6b5e33e3b3037f2aad8f33a7739c62be,2018-03-04
48c43415ea1c4af9afa92542183b6e55,5589151bd114970188a1141fbd5c8d25,delivered,2016-10-10 17:49:21,2016-10-10 18:02:22,2016-10-30 10:37:42,2016-11-01 14:14:46,2016-12-02,9783afad41afa667522bf03656c516f3,2016-10-10
e44e0cbca34accde72251d80c7d08cfe,8d2acca6ee811590f42edb3d305d1228,delivered,2018-05-16 17:13:17,2018-05-18 05:16:43,2018-05-18 11:51:00,2018-05-22 18:55:49,2018-06-14,f25d770c0aae2cfe4f2538f144a15b59,2018-05-16
c8eff3c56ced8765918fd445d9c3cbd0,534e49c952f6dc9b644bbe55ffcac0d9,delivered,2018-01-25 08:55:45,2018-01-25 09:13:55,2018-01-30 00:58:58,2018-02-16 19:19:34,2018-02-26,d8b7a39304fe9f11ab8536a880c9c1ca,2018-01-25
0bb96548fdaf9fb98f6a72c4936a54d1,bd30c8ec7f7139af7195e1f7f031e131,delivered,2017-07-15 20:31:41,2017-07-18 05:55:30,2017-07-24 19:18:39,2017-08-03 20:12:41,2017-08-08,237c219a24b6a3183a216a5ca00f6edf,2017-07-15
2cb5d5cb410ad0b66df87bacd021c021,98acca17d32ae965f9228c2ae9f71f83,delivered,2017-07-24 18:25:32,2017-07-24 18:35:22,2017-07-26 19:13:52,2017-07-27 16:56:12,2017-08-11,1b64d9c10112e19b2d6ab93d0350f706,2017-07-24
b4df3dcfa59f9958e993be5decfee5ce,e715cb45c738a868ab76fa204b6e44bd,delivered,2018-05-09 13:30:23,2018-05-09 13:51:11,2018-05-09 14:55:00,2018-05-23 16:38:41,2018-05-28,fe525423d5c723c09a410ef415a06b5e,2018-05-09
a6b961bbc6456602f652d926ee9ccd0a,925ec3754a8d9564f2c424924db3a937,delivered,2017-11-08 08:27:31,2017-11-08 08:46:14,2017-11-13 16:21:12,2017-11-16 16:09:44,2017-11-29,697ec8baca2a81f1ebee54b59b1e8ec9,2017-11-08
943c7cf052f446cc2fd06553458334be,be17bf103e918360ea58f53c213a67e1,delivered,2018-07-05 09:20:34,2018-07-05 16:31:30,2018-07-06 09:52:00,2018-07-12 14:52:42,2018-07-20,096a73be38b48a98801a449bb14a9c0a,2018-07-05
2929e8208718655c26082e7331ef49e4,57841269df64fd5c9ba421df2e89a4bb,delivered,2017-09-27 12:32:34,2017-09-27 12:49:41,2017-09-29 17:36:40,2017-11-07 22:31:47,2017-11-03,a4a93dbdbc00ea73647d9f0ff9754b2d,2017-09-27
c21e59c9c618133611b4c96a9eefca19,aa9d97e174c1b58100d760c0fb2c0e52,delivered,2018-03-19 11:49:10,2018-03-20 11:49:53,2018-03-21 23:46:47,2018-04-10 21:08:42,2018-04-05,d0de17c56ac20d05476bf53e07c466dc,2018-03-19
8912983ff47de54fb2cf774efebd8f09,02e04e4adf1a4ec2e262f8f942b4b315,delivered,2018-03-24 10:34:27,2018-03-24 11:48:18,2018-03-27 00:29:36,2018-03-29 20:27:53,2018-04-30,ef2b78e26635b6c15eee256b4eece7f0,2018-03-24
ef2694b6887c4448f5daa99866191d84,f61ea035ede911fc92ac92b1311f3a48,delivered,2018-03-25 22:07:30,2018-03-25 22:28:02,2018-03-26 23:18:40,2018-04-10 13:19:13,2018-04-19,23c637933aa0f8be0eb5df133b8fec6b,2018-03-25
68c499102625079201aa9bbcabd4108f,15dc744abac6f60f3b269e4d8dbcef38,delivered,2018-07-22 17:24:17,2018-07-23 12:32:17,2018-07-24 07:03:00,2018-07-25 19:43:53,2018-08-02,07c36cb44c007f73b7c181d5353a408c,2018-07-22
c974f0eb10f24498b3e0863a5195b748,4a65774f24ef2ba4478fd5b0ab3094f6,delivered,2018-08-15 12:12:46,2018-08-15 12:25:20,2018-08-15 14:44:00,2018-08-17 16:46:41,2018-08-22,64b3dd5cf5a406c3595225321cf1face,2018-08-15
864e3fdc082c07a108b48b135caf761d,b574ee4a89587d736036864a6838e61d,delivered,2018-07-05 13:09:10,2018-07-06 13:12:00,2018-07-10 19:29:00,2018-07-13 23:51:45,2018-07-26,03dccfec4bfcd02164924153764e1b76,2018-07-05
d37e3c63571435625b73f8e231bdd738,46ed2ca2fb58e54e07f90a0d7cee462e,delivered,2018-05-21 11:09:52,2018-05-21 15:31:55,2018-05-22 09:40:00,2018-06-08 17:38:28,2018-06-20,745a69575e2fedb1e6529761517b1848,2018-05-21
913e9a5e8da11e9a318ab2d38a757d91,87b228334780912ba7554804dacc81e5,delivered,2018-05-05 20:31:04,2018-05-05 20:53:13,2018-05-07 12:47:00,2018-05-30 18:30:47,2018-06-06,c13df8f38a0fbabccc1af441ed8cd789,2018-05-05
cb7a163b5a7bfd95bdecd89f04bba256,d066f2a297ee3ce84bfa21874dbb35f8,delivered,2017-11-23 13:42:24,2017-11-23 13:50:30,2017-11-24 15:58:48,2017-12-01 21:15:05,2017-12-19,0566eb08d5fd8bb33308595daa60035f,2017-11-23
080480ad9ab2cde9dd7f580cc063ecc9,f14217ccfd1e2b7fc110ed55955ccbbf,delivered,2018-05-22 21:58:57,2018-05-22 22:16:00,2018-05-24 15:35:00,2018-05-29 22:52:23,2018-06-08,00f8fcf41cceee827e699cc73950218d,2018-05-22
6a0ac163171ef70a5386eae45e6a799e,55b0fd9cdf955584decbf774489ef0be,delivered,2018-05-19 18:09:03,2018-05-20 15:39:09,2018-05-21 16:07:00,2018-06-12 09:22:54,2018-06-05,7c32e20443a43ee042b2d5eeb8955e3a,2018-05-19
834780043eaf86f9e26f352161b6dfa8,293b54046b97ac0c171e5cb2dcd911f1,invoiced,2017-07-31 23:06:33,2017-08-02 02:55:25,,,2017-08-22,288ee8f382b32bc001646e4fb85c8d6b,2017-07-31
fd2b355e216e132b6c0f3f1b18828c95,4ea4d187c0472780eabbf029b425a2c7,delivered,2018-06-29 19:03:28,2018-06-29 19:15:13,2018-07-05 15:56:00,2018-07-12 16:36:30,2018-08-03,5ec5450f2fd590b9dcc0dc9197b6af37,2018-06-29
d01105351950ac50f4969205d5d249f9,890083f58744ffe8c341846f57c388b7,delivered,2018-08-16 09:37:32,2018-08-16 09:50:23,2018-08-17 16:04:00,2018-08-23 15:46:40,2018-08-27,f821830c457ead3a4166672f85c63337,2018-08-16
2a0bb55de2144ca90f83868c97320be4,5cfc257d58f35e9fa502cfdbdae97b9e,delivered,2018-04-17 15:25:09,2018-04-17 15:35:15,2018-04-19 21:46:44,2018-05-03 12:08:32,2018-05-14,23bbb511d740ddcac393e1990f2ce843,2018-04-17
3062239cf5087db015afcb38eb79c5c1,a64008bce82dfa89bc3206a3f5d927a2,delivered,2018-05-12 09:42:46,2018-05-12 09:55:13,2018-05-16 13:52:00,2018-06-15 21:08:58,2018-06-08,ec2ddda7d56bc6dcf0e5e5f4b9f67fef,2018-05-12
b07365d2d0d22bc99d8ef5107e761a88,84ef5497383627f1b47471d44483df53,delivered,2017-09-12 14:46:19,2017-09-12 15:05:31,2017-09-19 18:37:35,2017-09-27 14:22:26,2017-10-05,4a9644d77f880eaed5a31cf017f2abe5,2017-09-12
fece1a5c7d5e72767ad76c233788b414,10d62dc8911877b49e7a2a0981b60a24,delivered,2017-10-20 18:30:39,2017-10-20 18:56:27,2017-10-24 11:47:45,2017-10-27 16:10:15,2017-11-13,de3522ea8945404114c90f069df77432,2017-10-20
05108247830e6abf604da38aff20907f,756f14b1558af7da091394b7abf48514,delivered,2018-04-19 12:22:46,2018-04-19 12:35:24,2018-04-24 18:40:55,2018-04-25 19:12:14,2018-05-08,ffcd4b43c08405501a6bf2c66be83e83,2018-04-19
1bc50e93f3ab76ab6677faad4dd5216b,11ccdef696a84d0671c602467bb81e2a,delivered,2018-06-04 15:20:54,2018-06-05 04:31:09,2018-06-05 13:02:00,2018-06-15 12:32:59,2018-07-17,675164c0840bbd9e5b9a0a34d50b3e65,2018-06-04
7d7a6cf235917cb4b46fdce40d607758,5cc7fa8a319ba6b10b41096f5f45a6e3,delivered,2018-05-08 09:32:36,2018-05-08 09:50:55,2018-05-09 14:06:00,2018-05-18 21:12:58,2018-06-07,2a8c17d9d83c5064b3e8b4ac51c2d4cc,2018-05-08
1187f5498f05e7604440a54cc0c9aa92,c4e7077f422f07fc99fcf2e215004ad3,delivered,2017-05-31 20:51:33,2017-05-31 21:05:09,2017-06-01 16:18:05,2017-06-07 12:16:28,2017-06-30,0869556a74c1037d07dce30201d21d91,2017-05-31
544a728e60ca6b18d9ed5fa2c87d223d,b1fc82d6dc640f992f317c0aa3c250af,delivered,2018-04-05 21:06:15,2018-04-05 21:29:06,2018-04-06 23:32:18,2018-04-12 15:58:45,2018-05-03,35b98c204a7bc2b6a391a7c64ba2e7de,2018-04-05
6eb550fffe44d869e8985452540345ff,3c6612419abd34435aa81f8a6a2214b5,delivered,2017-05-26 15:40:36,2017-05-26 15:50:19,2017-05-26 15:59:13,2017-06-02 14:34:52,2017-06-20,1f3c0c324fc4c5249da814054b2aaf10,2017-05-26
d9cd71920c37d3156a5f58e918812fe5,2de0a43d39289a6221b5d462bac9a400,delivered,2017-08-15 21:22:38,2017-08-15 23:24:42,2017-08-16 17:25:48,2017-08-24 18:23:55,2017-09-06,d0658aae129bbf2d62a72fb809308a8d,2017-08-15
8b2ed16ccb403e3e784b6399b8650648,db1c38264b085163dfd19679ddaf733e,delivered,2017-04-29 10:45:16,2017-04-29 11:03:28,2017-05-02 07:23:35,2017-05-23 12:47:53,2017-06-02,13f2fe5bb99abcf24087665596fba59a,2017-04-29
ad7e012867d486bee881d0a10df0399c,ff5731378cb5629a451019021cc4cbbf,delivered,2017-10-10 18:10:44,2017-10-10 18:27:41,2017-10-16 19:33:58,2017-10-27 19:52:55,2017-11-03,f11ee8d88b7eef76bed1aabd3a0fc4d0,2017-10-10
f8ebdc391ba2950e41dfd4a8385418ae,22360d91bbd2e1673d0f44a9633b2f7d,delivered,2018-01-16 17:03:48,2018-01-16 17:14:31,2018-02-07 15:38:50,2018-02-11 20:45:16,2018-01-31,197884ee7c9574b7d8c907d911035aa4,2018-01-16
3ccf90ae3753b3d692dd5f400621502e,11b8d5bca945346e1096f142d0e423e0,delivered,2018-04-04 20:44:11,2018-04-04 20:55:27,2018-04-05 18:50:38,2018-04-27 01:09:28,2018-05-03,feeb3c8abc9b9f2566108e37cf124b3c,2018-04-04
68ebdf4ab83f4db8218e13350dca6bcd,426a503cf56b0bfd194c370543f3d178,delivered,2018-06-18 00:06:17,2018-06-18 00:32:26,2018-06-19 12:28:00,2018-06-26 23:22:05,2018-07-25,a1d71835b02fa9e916be4115df3e8b1e,2018-06-18
16388d0b6852174384f06c9f1509d10c,90d65954aa6d433111f1bcad17e41240,delivered,2018-08-10 00:10:24,2018-08-10 15:50:17,2018-08-10 15:20:00,2018-08-15 19:32:42,2018-08-23,12c26a7ec6c8e03796ea51bbc978c87c,2018-08-10
38a27bf1302ec6e1fb628e137bdbc690,297c866b3a4a12e7674abe2f890cb6a1,delivered,2018-06-02 16:06:24,2018-06-02 16:15:44,2018-06-04 14:14:00,2018-06-08 20:58:43,2018-06-28,31cd972ce5d774b38462e9a2ddbc124c,2018-06-02
bdfe267d7e21481ae5368d063e313f6a,a62629887d7ef9dfe2a8a23124af269f,delivered,2018-03-14 23:35:43,2018-03-14 23:50:20,2018-03-16 21:12:55,2018-04-10 21:12:33,2018-04-05,6cd4d3c1e9b752a01acff6c8f55dc5b3,2018-03-14
108c3238d247dead3fd7423cf8990c5b,2ce5691150e02ccb5c9035eec94c3194,delivered,2018-08-14 13:49:12,2018-08-14 14:04:33,2018-08-14 13:17:00,2018-08-23 16:06:36,2018-09-06,5396147addaa2351cb6bcc0d55d61167,2018-08-14
6c5eb0920626d3ff5588d03d6f2d4936,1b83beaaa59c8cdfe738f7ead2517da8,delivered,2018-03-15 15:22:28,2018-03-17 03:08:57,2018-03-19 21:14:58,2018-05-03 11:29:52,2018-04-30,d69a93bce76b26886f72125e60b01cec,2018-03-15
cc15ef8448a7506bdcd6eb851c0aea1f,39d61eaa46637e677dd1eea3f732150f,delivered,2017-11-25 17:44:20,2017-11-27 17:38:28,2017-11-29 00:04:46,2017-12-29 20:22:21,2017-12-18,8fa288e21a2367856409be1f7d347540,2017-11-25
557de3912df820904b9204e0d1879256,686f78669a168af0b31d8a32ea06667f,delivered,2017-10-24 12:52:16,2017-10-24 13:07:20,2017-10-28 12:52:50,2017-11-07 19:57:44,2017-11-23,0406cf15692299edc40fa5c2106ff7f6,2017-10-24
b97ca938c0a55ff9a5b2a89081b4b677,245218ed5faf26b2117f4edfb033ec80,delivered,2018-08-17 23:20:40,2018-08-17 23:30:12,2018-08-20 07:25:00,2018-08-23 23:56:40,2018-08-30,59775d57770e03aa8ad34d4c54528994,2018-08-17
6f9ad3f2dd5e9af9e2469639e421f66a,4fbd85d024063c1f0ad130a3ddd6e01a,delivered,2017-12-19 16:03:33,2017-12-19 18:50:39,2017-12-26 21:22:10,2018-01-03 16:49:40,2018-01-17,adcdd7333092778e63591460f4b46b90,2017-12-19
9ea9ccc5a9e82d1226f860d5b191e77b,962448d9b81d2848fd389dd7ca4b55ee,delivered,2018-01-22 23:34:32,2018-01-22 23:53:05,2018-01-27 19:17:39,2018-01-31 16:27:55,2018-02-06,06cc851a9019233fc99c7e63cc22937c,2018-01-22
93a293363952d262c3942a3f9343e7e0,e98edcb3cd6a6922acee3d6dbe002525,delivered,2017-12-23 16:40:17,2017-12-23 16:49:21,2017-12-28 21:39:18,2018-01-04 15:29:05,2018-01-15,480709ddf6d0a068c9185720d0b5a183,2017-12-23
0daff24b7abb3accd3e2638a0d5be0a0,5a46fcfb9cb1aa7feef0014acace422c,delivered,2017-01-12 20:06:50,2017-01-12 20:15:17,2017-01-17 05:14:16,2017-01-20 10:57:34,2017-02-23,502c07b7330ba7d5edd4fffe8c5ae0c3,2017-01-12
1769cdad44f0f8456b101d679f33c9f1,404e67122d00aaf4e82413c0355aca9d,shipped,2018-03-31 17:22:04,2018-03-31 17:35:08,2018-04-05 00:20:54,,2018-05-16,eef70e28876f73d3076a39e54b764c8a,2018-03-31
034fcc4584bd6b6ca0c0718acf969c79,a41415234479f516143bb51a90adf145,delivered,2017-04-05 20:10:40,2017-04-05 20:22:32,2017-04-06 15:24:47,2017-04-10 13:07:10,2017-04-27,c726f72b9f8eee62eda7a2092c1f9a47,2017-04-05
277006d8d593850cce4c18ce1c9a136a,58e67afe5b8a9fa07e268e00776afbdc,delivered,2018-06-14 09:52:51,2018-06-14 10:20:05,2018-06-14 15:09:00,2018-06-15 21:21:09,2018-06-26,b35ecd06a7c3782667b5a035e40f9a0e,2018-06-14
32fbf6c11887296b35662f212b378974,5d124218ed8294959f04ece9dfeaeef3,delivered,2018-04-07 11:49:45,2018-04-07 12:08:16,2018-04-10 19:34:22,2018-04-30 14:03:45,2018-05-07,4d3135a48df335af47b71c18bf0a5807,2018-04-07
b243fa91a6213ff97cc5ebdfb8e30a65,27e1ac8538b2c0b24d62cbfe0f1c69d4,delivered,2017-06-25 13:48:10,2017-06-25 14:04:53,2017-06-27 11:35:47,2017-07-11 19:34:38,2017-08-01,67fcfe4915b93624867d350b8191ff7b,2017-06-25
6f847f9ac6e3766bd689f8761043795a,d4f4fadb21d0971a79cbbbd9bb66cea5,delivered,2018-02-10 20:25:47,2018-02-10 20:40:47,2018-02-15 23:27:49,2018-03-15 22:24:39,2018-03-13,ef2a373963f2d2b2e2189b60ddb2fe05,2018-02-10
635c894d068ac37e6e03dc54eccb6189,7a34a8e890765ad6f90db76d003acb27,delivered,2017-04-15 15:37:38,2017-04-15 15:45:14,2017-04-27 16:06:59,2017-05-16 14:49:55,2017-05-18,f0fcf63966a1ebcd5551af630f5d1d74,2017-04-15
532018822d75bf3fea57e49294393b07,1463c39e05cd384c4dfba57429cc311d,delivered,2017-11-25 18:49:51,2017-11-25 19:13:46,2017-11-29 12:47:43,2017-12-06 18:47:07,2017-12-20,1509d43a8008e2cbd252f354ab8e22ca,2017-11-25
91d9a72e928a84866b4d506c0398b723,ec2e54a792562c4c44e08612cfbf4327,delivered,2017-12-27 22:11:06,2017-12-29 02:09:23,2018-01-05 19:47:39,2018-01-11 23:50:54,2018-01-22,b486c3fab295f260097133cbcf879fa2,2017-12-27
a74120d5c086c0961b39f42282094ab3,71c73f4ea57a0b2cc7905fd6c833e6ba,invoiced,2017-09-12 18:44:10,2017-09-12 18:55:13,,,2017-09-28,8735809a063d1a7e3e22f5bd7bbb7e8f,2017-09-12
4ffaf2cdcc432ea3cd8ae0ab7a789cb0,d505c458ae00e3745b5fe126f21c4e25,unavailable,2018-01-30 10:25:41,2018-01-30 10:55:52,,,2018-02-20,edcec7c16ca31ea80d60b1abc725d01d,2018-01-30
4d5cefeb0501de96acd522c3742d3d04,60f940bfe3cbbe38b1f7fe69d303e768,delivered,2018-08-22 15:14:14,2018-08-22 15:25:18,2018-08-24 09:09:00,2018-08-29 20:21:53,2018-08-31,8e2cbe0458411443853166c1a81d2f9d,2018-08-22
52b43c7c16aebb445e080760016d4350,9c7ecea05ad1df98c1b2d7e030ae5a0b,delivered,2017-10-26 13:44:28,2017-10-26 14:06:31,2017-10-26 20:54:51,2017-11-06 22:41:25,2017-11-24,c4a921c9c92f5f6ec0f5d16d9699c849,2017-10-26
dee73233d82a40f417f0e455c2684df0,9cd2cfee636cd4be91547c6158d2a099,delivered,2017-04-28 16:24:11,2017-04-28 16:35:39,2017-04-29 09:31:58,2017-05-19 14:14:46,2017-05-26,ab61255d49d3feb1d9ec844059aced23,2017-04-28
38fcd65b163e9fbd649c5135e629bfbb,84cf34a198e8a9fd8e7187e16dd4be33,delivered,2017-08-28 11:14:12,2017-08-28 11:25:30,2017-08-29 17:13:51,2017-08-30 17:13:15,2017-09-08,722c5d6a01508f1f38569b59120b20e9,2017-08-28
6981dcb7b07826f29c65ec408f8aaf05,ee92e58c6649ac95474430dab6fa47db,delivered,2018-08-17 12:32:54,2018-08-17 12:50:07,2018-08-21 15:36:00,2018-08-28 20:10:47,2018-09-03,9460af1d681311224e08f4e6e00bf644,2018-08-17
808c4b75909ba91f23c1ef928f396822,9861f511b87644ae160dc9c9a0174596,delivered,2018-03-05 22:44:55,2018-03-05 22:55:33,2018-03-07 18:10:19,2018-04-10 19:58:44,2018-03-26,d257936058bf89093c7d6a18b763c489,2018-03-05
f6c8d57f0ca0ee7b2f2fd5d967ce4b4f,22cb1d75b185fb6f9b9c74e1033d4c87,delivered,2018-05-28 10:40:49,2018-05-30 02:32:06,2018-05-30 15:05:00,2018-06-04 12:09:38,2018-06-21,eeaca53b1ab504e440fd89d897f55925,2018-05-28
27314dd49dbc0ad19247637e181e7300,168928af643f9a9710fa8326f21ea2af,delivered,2018-07-16 18:58:58,2018-07-16 19:10:13,2018-07-20 11:36:00,2018-07-21 17:11:44,2018-07-26,b239b8f3e72b36d45691e18650a8dbf0,2018-07-16
a3a81e0b3771258744b5002e1ab03ee6,67755478d1f76b7e573bf3e70aaad22b,delivered,2017-04-13 00:27:41,2017-04-13 01:03:11,2017-04-13 14:56:40,2017-04-19 12:40:12,2017-05-09,7f2da8c2fd9a07e4742b1e281dfb8afd,2017-04-13
958f10b7333a830595555f79d912d9ed,cd10bcfe736b79b143b73d75a63458ad,delivered,2018-02-11 18:58:47,2018-02-11 19:10:22,2018-02-20 01:07:36,2018-02-22 02:58:55,2018-02-26,85a9ba474349b0e1a44b58080865da95,2018-02-11
79de12ad0d6a9e82e8f7bd4cb879a1a7,433ec07db94cb0bec531678bb93b8eaf,delivered,2017-03-16 22:26:33,2017-03-16 22:26:33,2017-03-22 15:00:16,2017-03-24 15:27:58,2017-04-06,54e0a7cc9c09c591bd186e4569c7bf30,2017-03-16
a1119e009d1d91655405307f4c095818,f9059cdd98d27efa3952f1e0a42adb8e,delivered,2018-08-05 00:48:16,2018-08-05 00:55:27,2018-08-07 14:57:00,2018-08-16 22:22:48,2018-08-14,366b695cc30ab1d5e28552c0704af5cb,2018-08-05
1c8e9b2af72bd475a280fe4e56ca4364,5abd71c24c8846922c08d60841d64791,delivered,2017-11-08 18:01:32,2017-11-09 04:31:07,2017-11-09 18:32:13,2017-11-14 21:04:58,2017-11-23,39513b1ac57bc82c9b3f298820a89bb6,2017-11-08
3fc22e5676244cf405146dd191909147,b4486bd4f78522e7a25d6e7b57f2800c,delivered,2018-04-06 12:48:10,2018-04-06 13:09:05,2018-04-10 00:38:41,2018-04-12 19:04:56,2018-04-23,bb99e6ae642f462d7bf05db05fc9aa11,2018-04-06
b84a1e6e6311e6c40724fee7551a915b,5a586d62b6c78b4e174b51854c2e6912,delivered,2017-10-13 12:24:20,2017-10-13 12:45:19,2017-10-16 14:04:45,2017-10-20 17:33:41,2017-11-01,738ffcf1017b584e9d2684b36e07469c,2017-10-13
e47cf59b2f0c948b9520ccc50786f38d,3d38482ce9adfe02dd8a8760b81cc51e,delivered,2017-12-11 10:53:42,2017-12-11 11:11:20,2017-12-12 18:22:58,2017-12-28 16:32:59,2018-01-15,5641fbc9c43b29f905840423c85315be,2017-12-11
a4103c7de9d3906670a7ee8b5816788e,52749d51c74a23fd40b2d439d5c37857,delivered,2017-11-06 21:45:52,2017-11-07 05:31:35,2017-11-17 02:12:01,2017-12-01 16:36:07,2017-12-07,9721502e392ede0ba494d605b89dedba,2017-11-06
c509cd4cbd55c89e768d63aad28884c7,737b1298a317de65d412522aa016f2c2,delivered,2018-03-08 15:37:37,2018-03-08 16:20:29,2018-03-10 01:05:10,2018-03-16 01:36:37,2018-04-02,59702eced274e292fe98816f81f902ad,2018-03-08
33fb6b947580ee29bd0c6babed6049c1,c3e417956cd7a0f2b6a77345cd4b682e,delivered,2018-02-06 17:20:56,2018-02-06 18:31:59,2018-02-08 19:17:33,2018-02-28 21:38:54,2018-03-14,4551b276e3b62171ef70ce8654419d31,2018-02-06
3811f683228f7e91c35b0fd2a705af27,0cf6af50873c8ab4f2f4d4279c144860,delivered,2018-08-26 13:25:25,2018-08-26 13:44:08,2018-08-29 11:11:00,2018-08-30 20:04:52,2018-09-17,0d974402f3086c8b57ab8d9f38eec4e0,2018-08-26
4d14cee530bddf889464f788f5cde498,8c0b305bd4a7d01a811b4ab3f1f72cd7,delivered,2018-08-13 14:44:16,2018-08-13 14:55:24,2018-08-15 12:49:00,2018-08-18 16:54:44,2018-08-20,ad7fda75731aed4991eb80d939db8115,2018-08-13
bd9437912c7f33aee54e576b86b3a276,8a68185b204d777b24f90101c7f8fded,delivered,2018-08-08 22:32:21,2018-08-08 22:45:14,2018-08-15 13:00:00,2018-08-18 12:54:47,2018-08-27,f3943e27b0466ca8e247b742ff643d5d,2018-08-08
5c28c78dd8f69a4e10a883d3e39c7ea3,bda761e43c2c1cb6d278e69acd0599bf,delivered,2017-04-23 20:26:50,2017-04-23 20:35:19,2017-04-25 08:13:13,2017-05-02 14:49:11,2017-05-11,c875dcf77de4953cf46bc22dd98edc1c,2017-04-23
ec13879c2b48a8a6baa9228be8899a26,8a5bce2cade5135eb087d5cbcfd469fe,delivered,2017-11-12 13:41:44,2017-11-12 13:50:29,2017-11-14 22:28:33,2017-11-21 19:21:31,2017-12-04,b5bc894a3f484a74d42d36bece9e563b,2017-11-12
d029b3091a68a8ab2e4ed9cf13c5a1c7,93dc00b09dfe9b795707c31cfa9b05a5,delivered,2017-02-10 21:56:16,2017-02-10 22:10:14,2017-02-15 10:22:09,2017-03-01 10:49:12,2017-03-13,199b0b2db8a26a5233a1de5383b02fd1,2017-02-10
cb372bf76b5f494176aacb5496bf47af,0a2e444bd70cfacf79d005476d8936b5,delivered,2018-04-16 14:01:44,2018-04-16 14:32:36,2018-04-19 19:08:40,2018-04-20 19:42:15,2018-05-03,58f499277baa8c1ef84bb4df5d5a9fd8,2018-04-16
24016340d5156f96d37500c78a7fe591,23090a6b2fc85e04dcd36563dcfa1af5,delivered,2017-08-17 15:44:39,2017-08-25 09:30:19,2017-08-29 19:10:50,2017-08-31 20:36:03,2017-08-30,bf3ea1f12c45857c553757b918beecf4,2017-08-17
4091c3d8c6357f7a8b14001559887fb7,c9f18dccb20350c80e830a0f7850ca65,delivered,2018-04-26 15:44:14,2018-04-26 17:09:49,2018-04-27 15:10:00,2018-05-04 18:06:54,2018-05-16,52aa9eb8439f57b89c33d4fd29f85a56,2018-04-26
d5d08730b15d0799c76800c15449af9f,fa1064684b5d941b46f92cc7429e13f7,delivered,2017-06-09 09:14:38,2017-06-09 09:30:12,2017-06-12 17:11:01,2017-06-25 11:38:05,2017-07-11,bef5a3a8069bc8be3dfa4b4fe6e3fea9,2017-06-09
ae00cdde0e6aeef54ffc9a826d1af282,61a3618acdd8ed6782365c61daa8c0da,delivered,2018-08-24 11:17:45,2018-08-24 11:30:52,2018-08-27 14:35:00,2018-08-28 21:12:29,2018-09-04,a53c5bbb7be8b7a0f586d31c2bc499ef,2018-08-24
da8e92c95f6211d869cc1ed980065ed0,b3d7539a250e20ae9c55ce217deb3fda,delivered,2018-04-30 21:09:25,2018-05-01 03:15:38,2018-05-04 14:16:00,2018-05-10 10:18:31,2018-05-30,ad25c8b3c259a4e5f2d635207cc0a8e8,2018-04-30
a4e68ccc93701454c492e5c54e86c9a2,602d4393e0e91f3301fee354903df2f9,delivered,2018-02-28 14:45:36,2018-03-01 02:49:14,2018-03-01 20:34:06,2018-03-14 16:28:28,2018-03-26,309d6e88517ce968b30562451f107b2b,2018-02-28
a73bd3df7636cc65bc93f7a84d0ffb7f,da58212788fdcf3cef308aa916402b34,delivered,2017-10-07 20:58:11,2017-10-10 03:49:34,2017-10-20 16:29:30,2017-10-24 19:39:42,2017-10-25,2650facd223359f0119cede111c61756,2017-10-07
6ea7e442800f9312afc0f2a43b3d0913,7680649ca55bb9b7db24eeebf055a87b,delivered,2018-01-06 12:37:10,2018-01-06 12:48:23,2018-01-11 00:52:28,2018-01-22 17:07:00,2018-02-09,a187c6cdc4e0f4c009ec12186668a7f6,2018-01-06
248ed74704a24435e9ee328132047c41,50951904082363f9436bfc5e535194a8,delivered,2018-04-13 17:11:33,2018-04-13 17:31:44,2018-04-24 22:31:38,2018-05-04 21:46:33,2018-05-16,70aa0b3a58e26bed3a74795ac0af004d,2018-04-13
481cc1808e96be16f9a098544f03a680,d6dee31a8528d1a9f292823e9d5f1320,delivered,2018-08-06 11:28:05,2018-08-06 11:44:31,2018-08-07 13:12:00,2018-08-11 02:27:47,2018-08-16,6d742fbb67a43981bf79c0f6a24cae38,2018-08-06
45026cb636ca6934b7fa98e965f53d96,7071ae1d5f4717f7b02d13806ad39c11,delivered,2018-05-21 14:51:10,2018-05-23 02:55:02,2018-05-23 13:45:00,2018-06-04 14:28:48,2018-06-06,fef62bb69c27d647eb69eaac077cf3d7,2018-05-21
c9a4157fc325f9df022d812f02226d85,b0d0fce932ac7535729c50e497c93b21,delivered,2018-05-16 23:04:37,2018-05-17 00:17:54,2018-05-17 13:40:00,2018-06-14 14:08:43,2018-06-05,3e5457d2e1d8f476beb365876052a898,2018-05-16
4694458ee0430378cac9d675e2a38d8d,c8b69e2ce6b4d203b357e85223698abd,delivered,2018-04-03 13:25:29,2018-04-03 13:48:50,2018-04-04 19:26:26,2018-04-09 18:50:59,2018-04-13,c532b88bb9ac0fc5a77fa2402c7523e0,2018-04-03
b02983703060845dbc7fe979ceaf2c3b,24e7a957667cacd36af3e168d90ef0e2,delivered,2017-03-24 21:46:40,2017-03-24 21:55:16,2017-03-29 11:44:11,2017-05-23 13:37:39,2017-04-25,794b1233b87e5bb1a6d080f7cf13c25f,2017-03-24
a917fd220ca94e02920dba0ceb656a74,b9030b17321f785b2e724542980e9298,delivered,2017-03-15 23:15:28,2017-03-15 23:15:28,2017-03-30 14:08:05,2017-04-03 12:47:47,2017-04-28,08c3fdfa4f7ae2a1cd0f8e3c5b28945d,2017-03-15
08ae4b03138c7c51262c05f8f6e58b74,52ea385b266902d17ee55b5274787468,delivered,2018-05-14 20:42:43,2018-05-14 20:55:39,2018-05-15 14:28:00,2018-05-18 19:35:51,2018-05-28,55ec56570d1f469da1fcd9c28d44d569,2018-05-14
4299be2dc8847aed47c08fea1f55e72b,1560565369c954453e3b159a3cb923f7,delivered,2018-06-07 17:21:27,2018-06-07 17:37:53,2018-06-08 15:13:00,2018-06-11 18:40:58,2018-06-25,5c004c9b04c11dd9aa73c50ee8f6ada0,2018-06-07
faf1a9a55f20bf03661c87c19dae1d92,1118a63d07992f9327db7bf2e438d697,delivered,2018-03-13 12:54:08,2018-03-13 13:47:53,2018-03-14 18:21:20,2018-04-03 23:21:41,2018-04-13,04def30885d4c09ed018f9bee6c3fac8,2018-03-13
e89b13d12a0a1f7d9e4c432de0363654,289a6b3181d1c9b33b780b4828887995,delivered,2017-08-17 22:17:09,2017-08-17 23:10:09,2017-08-18 14:14:59,2017-08-19 12:54:46,2017-08-30,e1b063c0b8fe26fe927985b901fd1ae4,2017-08-17
e00d3f33450408f4b359426def9f3961,d6b7e7a65f2950210e2cf71bb27ef66c,delivered,2018-02-17 15:08:02,2018-02-20 07:27:21,2018-02-27 19:37:14,2018-03-06 21:57:23,2018-03-22,10f006edad785c00408b94ddc19a8b52,2018-02-17
e20e66069c6d2f4cd62ea63b48bbaf4d,34110ec07969e8c17e77ad480149b4a0,delivered,2017-06-16 14:45:19,2017-06-16 14:55:11,2017-06-22 06:55:46,2017-07-04 12:28:46,2017-07-24,f46f29192721dd43b4861833569e8a2c,2017-06-16
185f3c88eb92d5b40f579ab414bcad89,9ec61c16dff12967d7d5b87194ff59e1,delivered,2018-02-10 12:17:16,2018-02-10 12:30:27,2018-02-15 15:17:43,2018-02-23 22:19:19,2018-03-06,fe621515cb589be0dcd19aa57e6ef0fe,2018-02-10
7ff67cebd15afdf4aa5e41c4e190ff74,2618045de24c23bdaa08835f094616e3,shipped,2018-03-27 15:43:32,2018-03-27 15:55:18,2018-03-28 20:28:58,,2018-04-23,2ae5f990a3707357c11609c5024c38cd,2018-03-27
36060588e66288fa7e3049a73519713d,c7dbe081294006397bf28311fcadac7f,delivered,2018-03-13 13:42:49,2018-03-13 14:28:19,2018-03-16 00:37:45,2018-04-05 21:38:27,2018-04-10,42da0739a6857f4543ed0d46339ab748,2018-03-13
d8873bf094241e89baf8a0c73abe55d8,9d9cea6c5a4388d7800b29d5aa07c72c,delivered,2018-02-14 15:35:45,2018-02-14 15:50:41,2018-02-19 23:35:39,2018-03-01 23:14:41,2018-03-07,42e06805277fa3d3c23e21f28b154331,2018-02-14
5eaf68e00853a2cdef0e961bcf5aeab4,35bf42c9aedfbb7735a9cd711296f57f,delivered,2017-11-24 13:30:59,2017-11-24 15:51:40,2017-11-27 17:48:03,2017-11-30 00:18:07,2017-12-08,f0ea32bb6623d2f9b6f7909aeb033dd1,2017-11-24
0f4fb5e0b20cdd9ef2fe37b2627f2cfe,1f3d03a5979d8a4cb8858252df331d14,delivered,2018-05-16 22:06:09,2018-05-16 22:34:34,2018-05-17 14:33:00,2018-05-18 15:51:36,2018-05-28,6c005d6d2d21634f3eabb0720c780d75,2018-05-16
8ee92f80d48a27d627bf77accdda8346,2da2f68d5ccedf627efc3a736744833b,delivered,2018-04-01 22:45:22,2018-04-01 23:30:22,2018-04-03 21:36:28,2018-05-03 23:22:13,2018-05-24,5f9896ac578c7fe1cfa16f99a79a337b,2018-04-01
e347e50c95a9f11701dfa070189e7e57,6285ec69588c97e2f1ef51868222b3f7,delivered,2017-07-24 20:12:30,2017-07-24 20:25:12,2017-07-28 17:32:47,2017-08-02 21:34:02,2017-08-11,f93c634c11ca25c12235c0cb8289747f,2017-07-24
63eced9d22684a7634b9a451c38d1ee4,aed92fd59e0641ff1de13658f611bb16,delivered,2017-05-28 22:42:02,2017-05-28 22:55:10,2017-05-30 06:11:04,2017-06-16 16:55:09,2017-07-03,c692dbfab628a16e10695cea4e43fcd9,2017-05-28
4ef546f6f1165d23cd5134e9c5ab83d7,381e2ee728da26e580677f26fe7a952c,delivered,2018-02-15 10:50:46,2018-02-15 11:07:48,2018-03-02 21:46:32,2018-04-09 23:08:36,2018-03-08,49399a471271928d84eb38ad823c8ddb,2018-02-15
ecbab81179cbb13a351e75f9ba7e602d,f1507c57c4d52d7a4e7cac26d6f7bc5a,delivered,2018-07-24 11:54:43,2018-07-26 03:25:14,2018-07-27 15:01:00,2018-07-30 14:34:49,2018-08-01,d389a37c4198abbfd260d033e85c6697,2018-07-24
08451f484ac3dba5140399d0b7e0a829,552215a43eb8963b5ea631bde3e63bc5,delivered,2018-01-02 10:32:22,2018-01-03 04:33:26,2018-01-08 19:42:58,2018-01-22 22:19:07,2018-02-14,dbc6ce0dfea576d88ea65af28d09b69e,2018-01-02
39eb0a2c097fa14b378cc8a8005f4121,a4889ee4f068c80d6e5d5adc2f36de1e,delivered,2018-06-30 09:20:39,2018-06-30 09:30:32,2018-07-02 19:05:00,2018-07-07 14:21:26,2018-07-17,975f436c27fb9c5eb8d96bf58e8818e9,2018-06-30
f964282723f7e8deef2e3054f5f790d4,f1c8bca25ab72158e4721761b51d7256,delivered,2018-03-23 17:45:48,2018-03-23 17:55:26,2018-04-10 02:03:01,2018-04-17 17:44:44,2018-05-02,75fd60b26fd8ec7f00dff3a5dede2c77,2018-03-23
48a57e0bc8bf84266cba1916fc7ed49c,2c00f48bd55a5b15e9cee392f6e5d313,delivered,2017-10-09 15:29:20,2017-10-09 15:49:24,2017-10-10 12:04:55,2017-10-11 18:42:26,2017-10-20,06f4ef120f7c7298bac66868986e523a,2017-10-09
d7c6e4c4fa9ac28198cf5b26fc5bf685,6c99ffcafc9b80b9f599030731ac7d5b,delivered,2018-01-30 14:47:47,2018-01-30 15:11:19,2018-01-31 00:33:36,2018-02-22 19:04:59,2018-03-01,ebd383b2bba7c0ee97a636f11c3ed146,2018-01-30
475affea61b7146f34458942fc4314b5,e6557efa505b53ac452221d438e7829d,delivered,2017-12-26 11:05:29,2017-12-26 11:13:29,2017-12-28 23:44:52,2018-01-11 02:23:31,2018-02-05,fceeca5395427e515376a7c3294ae3d1,2017-12-26
2739713764165279791b394484947e2d,05ba7b56ea0e3fb3b1af77cdae45d6f3,delivered,2017-05-06 17:54:59,2017-05-06 18:05:11,2017-05-09 09:55:04,2017-05-25 19:04:56,2017-05-31,c43530c253de630fad5e2630506af7cd,2017-05-06
785d9cc9690385fee964390cf2038b17,9032c3b04eb2b425e8fd7ca5fa908de7,delivered,2017-03-01 15:17:51,2017-03-01 15:30:21,2017-03-03 09:27:35,2017-03-13 08:51:53,2017-03-22,cc5274ab82a2fc25b7a1542f6ebb1ebc,2017-03-01
4fa3be02f276a2797e6ee60fc4688210,6cabfb7c68f8f61e3363df84fcdbc2fb,delivered,2017-08-12 15:43:18,2017-08-12 15:55:16,2017-08-14 16:26:33,2017-08-25 19:52:53,2017-09-12,6234bf51901d0ffd6eb0017c474c5ddb,2017-08-12
e3e2cb00e99c9e726151683fe032019e,9ec2d4773fd2813b090ef1bd1ee9c2bb,delivered,2017-11-19 14:47:50,2017-11-19 15:06:08,2017-11-22 17:51:14,2017-12-17 17:58:35,2017-12-11,f64ec6d8dd29940264cd0bbb5ecade8a,2017-11-19
71e0f584a78d917d459abe222c67b1dd,febbd4e6ae909a20c180224056434c39,delivered,2017-10-24 09:32:14,2017-10-25 02:08:32,2017-10-30 14:45:19,2017-11-03 17:28:23,2017-11-10,119d9879574377e31c5d0249e3317135,2017-10-24
8c499d28f56a1a121c303a65350537f6,f30d3e45f0c8c303e505c1e4156e6486,delivered,2017-08-04 08:01:02,2017-08-04 08:15:10,2017-08-07 11:59:59,2017-08-11 22:36:00,2017-09-05,d53ceb1f637d47aabdfc81e4e0105210,2017-08-04
77850ecb19783b9c81c2097568e6b4d3,933c5933d4324bed8e5a71e0d29aa42a,delivered,2017-11-29 23:50:48,2017-12-01 23:55:04,2017-12-05 00:41:40,2017-12-06 14:04:16,2017-12-15,d04a111a139dea9a477913fba49267f9,2017-11-29
c8a0e08123c9e8c38daf82bc0e696b1b,27f30fbacb7c9678aac1a25491cbdd20,delivered,2018-07-07 19:26:13,2018-07-11 03:45:39,2018-07-12 14:40:00,2018-07-14 14:21:42,2018-07-23,2b223164afd874767ebb412a643e2a97,2018-07-07
eddf262f362444dbd097ffd397117611,e2a24090f81ea85d218b542924f6b753,delivered,2017-07-15 17:03:24,2017-07-15 17:25:26,2017-07-17 20:07:44,2017-07-18 20:07:41,2017-08-03,c9078918b2b196cb006c38e256c0ebd7,2017-07-15
ff900ee0dc181d9cce2b0305140b60ab,01d53422b075158678043b0c49b83d66,delivered,2017-06-04 23:03:35,2017-06-04 23:15:17,2017-06-05 15:17:34,2017-06-12 06:22:07,2017-06-26,2e24305305928054deeffaa38d2ea563,2017-06-04
ceb58b0818e117cb6dc6c1030b89d8ab,eb2e5efe8d015ff0f7cf26a838260d4c,delivered,2018-06-11 12:23:40,2018-06-11 12:38:37,2018-06-12 09:51:00,2018-06-20 00:16:41,2018-07-05,d6414a6d6141cde0c33a3c6f340b92dc,2018-06-11
61fd474f23e735d729ba931e1c63b25d,0afb9f2fc0523d0e5463246808c31e1e,delivered,2017-11-07 20:44:38,2017-11-07 21:47:09,2017-11-09 21:24:39,2017-11-22 22:36:54,2017-12-01,2c8360a0e6e2b719c070ff3a84179dc6,2017-11-07
4483bebac87f089540f2e5be0a6589f6,10b7134ae8b326cdb2d42aedd3093bc7,shipped,2017-08-18 18:38:54,2017-08-18 18:50:19,2017-08-21 14:13:59,,2017-09-12,05950dd13be9313da9752082073de48d,2017-08-18
e11f0b384abcb645f460256db2f8795a,71a019df9723b570800021d598d2b096,delivered,2017-07-09 11:36:53,2017-07-09 11:50:12,2017-07-11 15:57:27,2017-07-14 19:29:43,2017-07-28,cfe2ae6d9a759b516963b1212364f9dc,2017-07-09
1349bbe7ded8d9342526c249d9e6ceb6,f900e5d6db823cc54c95b9347c6a6f4e,delivered,2018-07-10 16:34:55,2018-07-13 10:31:22,2018-07-11 15:00:00,2018-07-17 22:03:41,2018-07-30,a62b8ea0983a9e17de1b71f6e0f61c5f,2018-07-10
fda1b1848274ffb1bd6f0e53da874592,7f64bfeafe266456de1f197dbbebde61,delivered,2018-08-09 22:11:46,2018-08-09 22:25:09,2018-08-14 10:11:00,2018-08-21 22:32:27,2018-08-28,399526cecdd93d45674f155913f3ee80,2018-08-09
4c79c1a76f404601675c1fa508a3f839,2275e4f0a4a8c3ea216920d67a97c2d7,delivered,2017-08-08 17:29:15,2017-08-08 17:45:19,2017-08-09 18:36:24,2017-08-11 19:27:20,2017-08-28,123c51fb27a9a57ed892caaf24d681f0,2017-08-08
aa6007edd65e5c1396560755e4eaa6da,d33f06026283e831380c5b17a3210a44,delivered,2018-05-15 08:21:10,2018-05-15 08:35:19,2018-05-15 13:24:00,2018-05-19 15:58:50,2018-06-01,86710b067f7595e24739ef87af6eaa41,2018-05-15
d07d2fccd1924a3b646f886c6d351c06,3a94f062b0c8cff9cd7bf62c540bd732,delivered,2018-05-04 11:48:49,2018-05-04 12:11:51,2018-05-09 13:45:00,2018-05-10 12:49:46,2018-05-16,78042cfb732faafb7ec4ae6533696907,2018-05-04
dc282855b102a2d5cffe41332d73c196,b03e5dbf77ad3ea29b898e6b6a36d047,delivered,2017-07-04 11:56:02,2017-07-04 12:10:17,2017-07-06 10:21:30,2017-07-10 21:17:49,2017-07-27,9f10ed5e6157a32cce16e0b22013096b,2017-07-04
274dcad5cc91fe9d87df96510c093836,2e151d2ee9e56cfd97ecd26f3a894885,delivered,2018-01-20 20:18:18,2018-01-23 03:52:25,2018-01-24 00:52:45,2018-02-01 17:37:01,2018-02-20,14e6192f574d9555fb9788d73e9383c1,2018-01-20
022e34b10acb0f74f51f03b3bf8d996d,63f88c298f90fa0472a1c82af364fb5d,delivered,2018-01-11 16:15:43,2018-01-12 16:09:04,2018-01-15 19:24:58,2018-01-23 20:32:50,2018-02-07,b78e0d82fdaed1ede44af275fab7a57b,2018-01-11
0b125520b605185e07783ab4fe8a398b,762e2f87a2fa9988aca913d5c04fb0aa,delivered,2018-03-16 13:05:40,2018-03-16 13:15:39,2018-03-17 00:42:37,2018-03-27 18:22:58,2018-04-11,5991776a909120cb75e2dbe9a9f513de,2018-03-16
89a6888756b6a8bf9cf5c81f13deccdd,5329a9a9ebc6f31af46808012eebc04d,delivered,2018-06-23 16:12:48,2018-06-23 16:35:18,2018-06-27 10:54:00,2018-06-28 22:08:49,2018-07-16,0d3fc31c668bd95af58c3f218957a80c,2018-06-23
793911a69e2f83d9811135650117d9f5,be7e19936f34b0b8cf804e43a24046a6,delivered,2018-07-20 09:12:19,2018-07-20 09:25:15,2018-07-26 13:15:00,2018-07-27 17:38:36,2018-08-07,1f1fc48daa24df1935daa7127dae2cd8,2018-07-20
17a70e83eb50e571bca31389d0d9cef8,c23d38d662b0fd1638d5ff51e9189677,delivered,2018-04-29 11:36:05,2018-04-29 11:52:06,2018-05-03 12:21:00,2018-05-10 21:04:37,2018-05-25,f72af50443252851c0521a32af570804,2018-04-29
c7526406e8d22d3ce710861fd3d5633a,d83fd9f13deddc99b735c9ad5a7fc43d,delivered,2018-04-16 18:19:59,2018-04-16 19:11:37,2018-04-18 22:41:34,2018-04-30 19:14:46,2018-05-14,55c41ec49a5010979a0373e216ac5368,2018-04-16
5732ff3d673577d9e4f61f10e8d62a13,cc621583a15446fe45b11377aaab3b58,delivered,2018-08-16 15:53:48,2018-08-17 03:30:02,2018-08-17 14:01:00,2018-08-24 17:38:27,2018-08-30,bbc0205db07a6b4053a94c6a349dec2d,2018-08-16
cdc25bb2425136a5dd3858f8563a7f4a,65574f7cf6170bfa5072b1637f578f59,delivered,2017-08-16 12:02:50,2017-08-16 12:44:32,2017-08-16 23:05:10,2017-08-22 17:05:41,2017-09-12,67a5e8eca251d86ff898217c9648c690,2017-08-16
dae67e58d2770b3ab2c43c03b4e76280,c8e84260971a95adbfc161affa0ebc15,delivered,2017-08-07 15:59:11,2017-08-07 16:15:17,2017-08-09 21:32:31,2017-08-16 16:52:16,2017-08-25,180b089cf85b27478809ba5324c8bee6,2017-08-07
5e703e05bcb502963f75e2a2a2eb7b73,35b6033213b51c89ca1e4e35de9a45e0,delivered,2018-07-01 14:01:27,2018-07-05 16:22:47,2018-07-04 08:51:00,2018-07-20 17:11:48,2018-07-27,95525127999a756443df590cc5aabe88,2018-07-01
7bac1567c0592387d6b83a189f7d25ef,4a5642b29f7d0885758928dc7ec35909,delivered,2018-02-14 17:25:43,2018-02-14 17:35:32,2018-02-21 20:27:15,2018-03-14 18:51:44,2018-03-16,04f08b09dd9ae5d658be400b1b786c47,2018-02-14
3d899cef0274e49a294ab4ee8bd2f9a1,5d2fe2b9a5f9cdb004efc538341af56b,delivered,2017-05-23 21:23:37,2017-05-23 21:35:21,2017-05-26 15:55:13,2017-06-07 04:24:32,2017-06-23,a579b7d11b19c8a8fac484e19aae1949,2017-05-23
47560f374d347c495abc671b0b17409c,bf5fcc59ce732658031a1e686d56c807,delivered,2018-01-06 14:07:26,2018-01-06 14:17:58,2018-01-09 18:44:37,2018-01-10 14:53:28,2018-01-24,41d46af955f5d04d7b0dcd7bab7736b6,2018-01-06
2d444d5acef311b6209ba38a423d4761,b25246d63db3c169e8d3de60ae2fb30b,delivered,2018-03-27 09:59:19,2018-03-27 10:10:20,2018-03-29 00:42:05,2018-04-16 20:38:35,2018-04-20,4777c1c5390720e693c89f98146dd808,2018-03-27
0550f231a3ccfd0e87217ef2e816c7dc,990029922809a9b5c5324b370973f67c,delivered,2018-06-17 01:47:19,2018-06-17 02:19:05,2018-06-18 08:02:00,2018-06-26 06:54:36,2018-07-12,1b04e17bdad15bf2b7229a940839aad7,2018-06-17
f4264d035517830fb75d4dfced48ceee,d812a9b5f458bcf0843f65dd9f5253ef,delivered,2018-05-04 06:41:25,2018-05-04 06:55:13,2018-05-04 14:15:00,2018-05-07 17:58:29,2018-05-16,5adb335dc5587a3e8a1518e1a28761d5,2018-05-04
2eaf8e099d871cd5c22b83b5ea8f6e0e,9d53af6298240d4573ca6e52bcfa6c63,delivered,2018-03-21 11:22:23,2018-03-21 11:35:27,2018-03-22 19:38:40,2018-03-28 02:11:10,2018-04-11,b110d5017bf181177474511359c81f46,2018-03-21
410ca3e085e39bc0b10867c729d02e68,fdaf145c35746d0e51ff9139edd04694,delivered,2018-03-28 23:27:18,2018-03-30 03:10:28,2018-04-03 00:04:32,2018-04-18 18:38:49,2018-04-20,0aabb3a7946ba3ddfae9b7be90dae1a7,2018-03-28
907ed6a0400bc09e3982627921b633ef,e67e8a66cdd16a22e19c38d452e5f137,delivered,2017-05-30 11:54:04,2017-05-30 13:08:04,2017-05-31 10:52:36,2017-06-07 13:55:21,2017-06-26,7a97eb62430c9e27f4a13220d267b9af,2017-05-30
0a97f36e62839a22eb00bcc9a9160e70,3b3a45b3d25deef9424d8d639366b795,delivered,2018-01-10 18:29:58,2018-01-10 18:39:24,2018-01-15 17:25:06,2018-01-30 21:16:57,2018-02-16,c6e12d73878f91e2cc828da5da88663e,2018-01-10
6954f8261ff8147d4f4570c7d65990bd,8f8125a2e985b03e517f0ae3aa5932bd,delivered,2018-01-10 01:03:19,2018-01-11 19:27:36,2018-01-13 03:03:17,2018-02-18 15:46:28,2018-02-08,eaaa260fe44cb741ea47c8a61749b6c1,2018-01-10
010e04b5f879320f29a9bd6ca41abc94,e5475160d45b86c1272caa11513641ba,delivered,2018-02-17 12:50:20,2018-02-17 13:06:43,2018-02-21 21:29:11,2018-02-23 15:46:53,2018-03-05,9cc01133abd8502b1b89a0121e80c10b,2018-02-17
837a0e421299d67b3016cf712813c6dc,171d0cbbe596c404ce5ad628a8d7996a,delivered,2017-12-19 11:43:10,2017-12-20 06:59:35,2017-12-21 20:37:06,2018-01-08 16:19:49,2018-01-19,a1f6aec75e41168caba548372f245c68,2017-12-19
7cedc87ca678cbe2ce928829cee6bf3e,bad45dc1592582ddf3b8c63693f5e1cd,delivered,2018-07-04 21:19:44,2018-07-06 03:11:16,2018-07-06 10:33:00,2018-07-13 15:02:46,2018-07-25,f0368f1b71cbc9b4982b8776d97ea607,2018-07-04
7e7c209ab4d09fe584822fd6c054023d,4427dd566bcfaa58251f2bc671d371d8,delivered,2018-02-16 15:56:36,2018-02-17 03:35:40,2018-02-22 00:06:13,2018-02-27 16:04:58,2018-03-08,07ff81a9676efa0286ddd3f09e7c0063,2018-02-16
ac81fb6face0af1b93e2a059ad7b9f23,56cc3d34a7e03f5035d397c713bf79f3,delivered,2018-07-04 21:54:37,2018-07-06 02:51:16,2018-07-06 08:21:00,2018-07-11 13:03:36,2018-08-03,ce8ce3162583cdab8d9cbfb43e215217,2018-07-04
d2029f1813972cb83dd49c3c27fcd304,abf6ab643b15647ff39d48cb4bfb1019,delivered,2018-02-28 16:44:48,2018-02-28 17:21:19,2018-03-07 23:26:48,2018-03-16 17:16:53,2018-03-19,9d12af31b368c64151ba9f2177d4ea2f,2018-02-28
df08ff51513e6a2f36ead7c4d31ea894,118422d80d1e1fab2fb5cd1df5a8281b,delivered,2018-07-21 16:14:41,2018-07-21 16:25:14,2018-07-24 14:09:00,2018-07-27 19:38:46,2018-08-08,f5cc9c176b9d8f55a5aa63a629f52549,2018-07-21
ee549c8601bac7512958d585769c8efa,22002f231d543f0aed21cadaa588ee33,delivered,2018-03-30 18:22:43,2018-03-30 18:30:25,2018-04-05 17:03:09,2018-04-13 19:05:25,2018-04-18,a9793685474cf157f8bc5e39911f6978,2018-03-30
b464ee1388a53045be479da40e2ac03b,45d3f926989da0ed4943a7c036639bdf,delivered,2018-05-10 18:27:34,2018-05-10 18:57:24,2018-05-15 12:01:00,2018-05-21 12:44:31,2018-06-06,b1d9e488f8f8103af4b65fdef0d44eb5,2018-05-10
6740c73dc204155d7ea39a1c893b48c2,08ec4e081721ef212d38b5fec3c38ccb,delivered,2018-03-27 19:48:12,2018-03-28 07:10:12,2018-03-29 19:58:56,2018-04-16 23:26:50,2018-04-25,2fc9fb9b48197a04c6d31ae67029e233,2018-03-27
860e7b15d9daf5ec2b4357fb6cb57f43,50b85c2fe47c58405db256ecd413375b,delivered,2018-05-31 14:33:01,2018-05-31 14:54:46,2018-06-05 13:19:00,2018-06-11 21:38:48,2018-07-25,fad8ebaab3125b420aa0c262fa175189,2018-05-31
8bfba2619f60a7fd6612a51fa261b8df,2ba155b4bcc22e2f85fe93adf1b26f94,delivered,2018-01-05 09:43:00,2018-01-05 09:50:27,2018-01-08 23:34:19,2018-01-19 00:16:41,2018-02-02,c2495d0891221237c0146a60af8dd684,2018-01-05
2ed48d726a289639aa011e94ad6dcf87,5fd575147a58aaf9a1913193e2fb10bb,delivered,2018-07-19 21:24:55,2018-07-19 21:35:13,2018-07-20 15:04:00,2018-07-24 01:58:31,2018-07-30,c186f7f90b8f81336fb489c619c8da8a,2018-07-19
150f2572fbbbe11b5b9532523f76b0c5,e11b6fe01de40f2b7fadd6fb0c01985b,delivered,2018-07-25 23:51:16,2018-07-26 00:44:22,2018-07-27 18:03:00,2018-08-09 15:52:03,2018-08-20,2ced79abf967d8e317c032eed8d66d86,2018-07-25
d5bd1d1b6a86a7398fdaf030ab3a6376,b8f457236c3b42ffd180f607aca087f3,delivered,2017-06-01 13:39:16,2017-06-01 13:50:14,2017-06-05 10:34:35,2017-06-12 12:33:47,2017-06-28,2e49fb77a9ba1e21db813cef005830f6,2017-06-01
b39662e0f09931c6e3d392e873207658,bfab3ce69efcd5ed27377833a86bd7e0,delivered,2017-08-28 13:38:01,2017-08-28 13:50:14,2017-08-29 18:38:08,2017-09-01 22:42:17,2017-09-08,9be47f0073690871caa1beada3ab06a9,2017-08-28
ffc2638415f3ce34e88641eef792c1fc,cfd66b47b20e40dc4aef3c309508604e,delivered,2017-06-06 12:34:53,2017-06-06 13:42:35,2017-06-07 14:05:22,2017-06-16 17:23:49,2017-07-07,7749b5780ccccf606ce2881db5fdc97e,2017-06-06
1c2bab4c18a97c3bba457866ee72bdbd,9f582ffae8aecd135ae3d11fcd508c26,delivered,2017-09-20 18:46:25,2017-09-20 19:04:05,2017-09-28 11:53:39,2017-10-04 18:15:17,2017-10-16,8f5b4752e0617bf3519541bb992a92f1,2017-09-20
73641b2238d71494b912033b7fddf8c2,47a47d6f1660eda0a4e72c96c8f5f90c,delivered,2017-06-02 11:27:29,2017-06-02 11:35:17,2017-06-02 15:30:04,2017-06-09 14:42:48,2017-06-28,c1ed39f68b83b774bdbad90b46178ea5,2017-06-02
d6ee1daae35ffddf0e578b557bb67d2d,eb767df0326883ff913470b7890acd6b,delivered,2018-07-16 12:07:29,2018-07-16 12:20:11,2018-07-20 14:25:00,2018-07-26 02:51:35,2018-08-01,787e5aa70402379d3a5a8176095d9990,2018-07-16
c6952ba78d5adfd24e93300fc30718c6,7c95b947fc79968aecb72978e321a306,delivered,2018-06-28 14:06:15,2018-06-30 12:10:26,2018-07-02 14:05:00,2018-07-10 16:11:51,2018-07-25,905a884941b7434309e552100e208dc3,2018-06-28
6b3283bced42ff1c70f94eb1736fdabc,cca89c1caa9494d6a314e6ac71d1b159,delivered,2018-06-06 17:17:31,2018-06-06 17:34:19,2018-06-13 09:34:00,2018-06-18 18:11:51,2018-07-20,f73d2c886388115bc41ee9cf86e651d1,2018-06-06
3e170726582244699b156f1c7044223a,6269066e0832481ece633f6d7d408a84,canceled,2017-11-06 15:47:20,2017-11-07 07:30:29,,,2017-11-28,718028dee40c5253ab23fad0a46a9eb0,2017-11-06
c233116df4c703a062081f5dcf4399a0,d70aa0042cb87d2816c64151d3f4239a,delivered,2018-07-21 19:55:20,2018-07-21 20:10:14,2018-07-23 07:02:00,2018-07-26 23:18:48,2018-08-06,c88dc44a889a841d721c0d60927f274e,2018-07-21
4550a99f6056026fc76c5030f0f45fe6,53b6d45cb9684a4b93e0ba2030222456,delivered,2017-06-24 13:10:07,2017-06-24 13:23:15,2017-06-26 14:52:14,2017-08-16 15:36:05,2017-07-18,5d348bbc0f1a5cc45c3e4b93b8c9f802,2017-06-24
a70cbddbc05271b2103fdd63f37034a0,26f8c9d8b0bd55432273ac668938f020,delivered,2017-10-12 15:06:17,2017-10-12 15:28:01,2017-10-16 20:32:32,2017-10-27 18:49:50,2017-11-01,5acaad997a87d428d4354c5c810debea,2017-10-12
4b6ef1d41ce53f5304987adf5842578e,48c044cb2a969ea6fad27f27a645851f,delivered,2018-01-16 15:32:22,2018-01-16 15:50:38,2018-01-17 19:14:15,2018-01-30 01:48:46,2018-02-20,b3c63bd8c386723f4bc7a6bf2fe50303,2018-01-16
f3a72c603e97e42ea0d97763df16c64d,19a570d8cc2b68d16de1d983542cf5c4,delivered,2017-10-10 23:17:10,2017-10-10 23:28:18,2017-10-17 13:44:54,2017-10-30 19:52:38,2017-11-10,959d8109b268b6e20dc96c1852b4348e,2017-10-10
6f00a39a2a8139be075d362106da2450,c6abf566917bff29d29997f019b128e2,delivered,2017-09-20 11:54:05,2017-09-20 12:05:44,2017-09-20 18:57:06,2017-10-02 17:34:09,2017-10-17,1b3e4bf9f46bdf15fbd01de0b081900a,2017-09-20
1445b855fa0df69380dbc1c056659617,12a2a853ef3497b0e1e8a1f48c21a754,delivered,2017-10-17 09:01:44,2017-10-17 09:14:23,2017-10-18 18:20:07,2017-10-19 18:53:56,2017-10-27,4bd1611d2aee1b00d5fe9f5267010719,2017-10-17
5453176b9efe473b9cfa5066e6b19ecf,f74b8400e88e151a220bc4269612059f,delivered,2018-08-23 03:31:57,2018-08-23 03:45:07,2018-08-23 16:03:00,2018-08-27 23:58:39,2018-09-05,e8bd862671b91740e8974845b6998048,2018-08-23
d7a1546121d90a9aaae7a851291d2ac6,f778aadf83ae85d8364c56f1daf01234,delivered,2017-11-15 13:36:21,2017-11-15 13:50:36,2017-11-20 11:38:40,2017-11-24 22:28:29,2017-12-06,02bb821f9cd6c3079ecb9fed96232e18,2017-11-15
8d5be7c8d0ffed4ce5f1b92cefbc35e1,2db14524ba78aa532180308c222eac5d,delivered,2018-02-09 14:39:01,2018-02-10 03:31:19,2018-02-15 01:54:29,2018-02-24 00:37:39,2018-03-05,179b7afa741e910646e438f3e480b4b4,2018-02-09
24f5dc88cf8969a2b269177862050e09,d63df49e9894d350985eb9fa7a1b0481,delivered,2018-07-28 13:17:15,2018-07-28 13:44:32,2018-07-30 14:47:00,2018-08-04 00:18:38,2018-08-15,badd3733a76f531e02920c9ec7362b8b,2018-07-28
c56d2279b4db3e7028c3d647e709cee9,f83a98c3dabb2a63bebb8ed4302ecbe4,delivered,2018-04-22 15:36:47,2018-04-24 18:44:37,2018-04-24 16:18:34,2018-04-28 02:05:11,2018-05-16,3a3820686adb2b0db7825eff823c51f1,2018-04-22
89a7352733b3aeb0fc18bb034b52cc5d,7d82a13709e99b26885a188cf59d88cf,delivered,2018-07-17 17:39:51,2018-07-17 17:50:16,2018-07-18 15:54:00,2018-07-23 18:21:27,2018-07-31,cef3420394de01f98f0c4c8fcdee1477,2018-07-17
3b765f9447a0beec30098534b2ebaafb,3f53d1d06edab0a2131193a1726e0d48,delivered,2018-03-15 23:08:46,2018-03-15 23:28:24,2018-03-16 18:27:43,2018-04-09 23:03:16,2018-04-11,2507d31af2a358a5b61e64ea9aaa7bf1,2018-03-15
541b54f009facbcd67def4fad5d0fce7,5614ed9607d5b54560ed4b3179b602f7,delivered,2018-08-01 14:11:25,2018-08-02 09:15:17,2018-08-02 11:42:00,2018-08-09 00:39:44,2018-08-27,c7a4228689911d99d10213d088a100e2,2018-08-01
dc2b293e65fec525f3c63286396e2b79,867a30b253f86ae579d823ef53ad5ace,delivered,2018-03-16 10:20:57,2018-03-20 03:28:48,2018-03-20 18:32:13,2018-03-22 21:41:41,2018-03-28,15e7db1a91796057bc202d9ac3495df0,2018-03-16
0a36782ef456fa3a812be422d9a3f8db,716cc4c139536f08fd1ebf0a8e6806d9,delivered,2018-03-30 19:20:52,2018-03-30 20:07:48,2018-04-02 21:24:29,2018-04-12 16:42:50,2018-04-25,d8ea9b2a0d3cf3c5322773033b9d583d,2018-03-30
87b732d9778eda3d298cbd97c22aba48,a0508b86d745112acd8e2ac4a1c3b02a,invoiced,2018-03-09 12:08:02,2018-03-10 03:35:43,,,2018-04-19,90a4155ff741f30c5321018d12d4b43e,2018-03-09
3f5fb1125ae84a342f0e9fd0ce2c2173,8ad4b31bad0fbff8537280aa3c22bed9,delivered,2018-01-02 10:51:45,2018-01-03 10:47:00,2018-01-10 10:46:23,2018-01-29 15:08:46,2018-02-01,3277891bd580550e931b09b683cc4d86,2018-01-02
045e9ebd4d41affc66333d58c3d107c1,359657fc25081d620ff7caa59068e261,delivered,2017-03-01 19:28:08,2017-03-01 19:42:17,2017-03-07 14:33:43,2017-03-13 13:05:17,2017-03-27,e86b23ba03d921e76f2c39380b448a2b,2017-03-01
48db59db0fa80043cb67ca9990c96b4b,404077a979fd9f71e8faf8931fae497c,delivered,2018-07-17 15:01:30,2018-07-17 15:15:14,2018-07-27 12:46:00,2018-08-10 16:02:33,2018-08-07,da572a48fcd5b6554b601efe1b306aa8,2018-07-17
0d56c8e03a50b02483786818f4e5927f,08c31cc9b1e1fd777d2c946298aa97b9,delivered,2018-06-04 21:50:38,2018-06-06 02:54:06,2018-06-06 10:00:00,2018-06-11 20:11:11,2018-07-05,78f805adedd04d801d02cf6bb93b34a6,2018-06-04
54e7f1eb822580ef0e389f94a0500f3b,74dbd4c0c3f97452f1fa68bfe07b2485,delivered,2017-10-30 17:56:14,2017-10-30 19:31:42,2017-11-17 13:32:17,2017-11-29 17:09:17,2017-12-07,a6574ee7605980aed495e22dc1a6abfd,2017-10-30
164dbb4002232a772ca7a4c9b51eec97,3cf85202261badd2a310a9add67b7cce,delivered,2017-11-08 22:53:22,2017-11-08 23:11:11,2017-11-13 16:21:50,2017-11-23 21:09:31,2017-11-28,efa386c68ee843c10ab73a3f506b8f7c,2017-11-08
046bc7c1d7122be13009a28d66977149,50a1e21aee11c07e29db5b8289876b9f,delivered,2018-05-29 21:46:28,2018-05-29 21:55:19,2018-05-30 14:40:00,2018-06-02 10:51:44,2018-06-21,2adedf87bb253342f754153b4d145eca,2018-05-29
7c0ff60ea08a0885a1404c299f7ed4f2,7b7ba461fc53c28a671aef86b651235d,delivered,2017-01-24 22:10:48,2017-01-24 22:22:10,2017-01-26 12:34:39,2017-02-03 15:07:45,2017-03-07,64386d23b350d16648e3e0dc7cc7d60d,2017-01-24
1f759fd184ad08e54531343b16330c03,00c23397b535962f65c89900d6a9ab22,delivered,2018-01-01 23:50:59,2018-01-02 00:07:19,2018-01-12 20:23:46,2018-01-15 19:15:10,2018-01-31,be31ab006786747df81854035a1960f4,2018-01-01
ccd6897360ebcf9ce2afc0406f25c49d,a7e0dd910fae801def20765c09b940cb,delivered,2017-12-08 08:41:48,2017-12-08 08:50:32,2017-12-11 21:13:30,2017-12-26 17:56:02,2018-01-04,649ebd0276090cc7a1971e5a062e83ee,2017-12-08
d7b00090ed4c28c03afc316bc0a2ec17,421b26251df460215626e527be273792,delivered,2018-04-16 18:51:24,2018-04-17 05:50:39,2018-04-18 19:56:34,2018-04-20 20:41:31,2018-05-09,60c1d12c4160d4f1c05c841a8173d458,2018-04-16
f1f053637dd55791fa3a8ae1df1f3605,fc0d9a9e8bf3d86e4162d3d417653265,delivered,2018-07-15 20:16:11,2018-07-15 20:25:32,2018-07-16 13:49:00,2018-07-27 13:06:55,2018-08-10,19db446f263e6eba7f12d4d80ce5d308,2018-07-15
c97c5a964e8d8032ce2da2cbf89d2183,6c33cbd4386b1446b7402af88158ea72,delivered,2018-08-07 22:13:41,2018-08-07 23:00:06,2018-08-14 07:52:00,2018-08-15 19:03:34,2018-08-14,18dcd673fc4409d92b3dbbb72e482316,2018-08-07
8bf34e270470d172db01882f498e9162,19ca718ca118d6c21c6b86e62cb17e38,delivered,2017-12-03 21:15:23,2017-12-05 04:12:21,2017-12-07 22:57:03,2018-01-05 13:05:46,2018-01-02,26d3ee07c142ba376bcf0a0d6ccb4a28,2017-12-03
0c956783114b7ac9633e16c494c191ce,7556392e5dea50250680dc5e7674cc7d,delivered,2018-01-14 20:05:34,2018-01-14 20:14:25,2018-01-16 20:03:20,2018-02-06 01:43:56,2018-03-02,36db357344c8891e84f88e8d3ae4c538,2018-01-14
b42698338d2b2ccf0442a04266178a4d,fb11202eb711bfb022738e48d945e80d,delivered,2017-12-06 14:07:41,2017-12-08 14:09:43,2017-12-12 21:57:07,2017-12-23 15:04:09,2018-01-09,e98d34eecb9603fddcd5096307957246,2017-12-06
d2d2c59f5bbcae1692a65207383dfac7,d3e737a1ccfc3920c35aedef87728de0,delivered,2017-11-12 18:13:17,2017-11-12 18:30:19,2017-11-16 19:29:33,2017-11-18 11:58:57,2017-11-27,32e0873512d2fe056d8577599a9ab18e,2017-11-12
ff7400d904161b62b6e830b3988f5cbd,11eee0e62a0b905cf878ff13c8aec4a0,delivered,2018-03-27 15:37:03,2018-03-27 15:51:53,2018-04-11 01:05:20,2018-04-25 16:32:06,2018-05-07,7dd466ce70871be5aba0ea1a43df6021,2018-03-27
a5844c6ba1c0c2464b56dc6fa879b9bd,e988c9a3c46e62ceec5ce41fb13c1e4e,delivered,2018-04-25 19:02:45,2018-04-25 20:35:15,2018-04-26 14:01:00,2018-04-27 19:15:34,2018-05-08,02bb0a3e6081abdf2c4d03d0069166b8,2018-04-25
9be011772d473c8a8c87e86029ab511c,dff0bed5a61853afcd53c726122e74bb,delivered,2017-05-15 22:05:34,2017-05-15 22:15:12,2017-05-16 10:50:35,2017-05-17 08:26:42,2017-06-08,1e52d516902c7bd46d0532ccd79b1913,2017-05-15
b9bf3ca35663e0a6418676757f04ada9,95c149336929694fcd5da2490558f63d,delivered,2017-09-24 15:40:19,2017-09-26 03:56:22,2017-10-03 14:23:22,2017-10-08 15:16:57,2017-10-17,cbadd040c9a964d2ad5686a742c37992,2017-09-24
db7c8964a4c3537e6c818b1648f93f7e,f32da284a97b168b4668161a97e26068,delivered,2018-02-13 17:47:24,2018-02-13 18:40:33,2018-02-22 20:35:51,2018-02-23 23:38:43,2018-03-01,456e41f857d9702b453cd1f1c25e7840,2018-02-13
ad950ca26cf8bcb793630d2d8652a562,c6f9b478f1fd8409f4220e7c2a0b35f0,shipped,2018-06-04 14:51:21,2018-06-04 15:11:14,2018-06-07 13:48:00,,2018-06-20,42b73a45a3b9a668a96d93f02bc62144,2018-06-04
0029c5db35ef291ce99d1262012e7daa,2f08bf21468eccdf69598582d4b89fb5,delivered,2018-08-25 00:09:40,2018-08-28 03:50:23,2018-08-29 13:24:00,2018-08-30 18:34:37,2018-09-03,b31e69e978d97f380d52102ac379fd7e,2018-08-25
06a10466a6e3befcdcb37637948fea4a,e9c1cfe35390c67f7f399f9a89c32714,delivered,2017-12-07 15:26:51,2017-12-07 15:37:25,2017-12-08 22:36:33,2017-12-11 22:54:44,2017-12-28,b9746b56cf8884c9724b03900e46cf0c,2017-12-07
d2f270487125ddc41fd134c4003ad1d7,cc803a2c412833101651d3f90ca7de24,delivered,2018-05-31 22:57:07,2018-06-02 19:50:18,2018-06-04 08:12:00,2018-06-05 20:42:09,2018-06-28,a229eba70ec1c2abef51f04987deb7a5,2018-05-31
73d60420cd1a179b2d8887d538efe4c2,65d9213dfa004c17dc126503e106e4a3,delivered,2018-08-07 10:52:58,2018-08-07 11:05:18,2018-08-08 08:31:00,2018-08-22 17:02:23,2018-09-04,78275e95a4296105923051e0ad4577b3,2018-08-07
fd7614f4a4ea68c177055fed7fd72724,09a8b7bb892b1e1e1d6fe4ba1d727ce6,delivered,2017-11-24 22:28:29,2017-11-25 01:34:03,2017-11-30 19:42:04,2017-12-04 18:03:30,2017-12-19,7201fa9cdaa4c04d2b26c2c0d6329726,2017-11-24
bb8d02c6bd5c148f41176b66ee1ae726,2ab6da3352a583231f68a16897fff0c6,delivered,2018-08-02 12:07:08,2018-08-02 13:05:24,2018-08-09 14:39:00,2018-08-24 22:42:04,2018-08-24,e123bd1899e6fa1c480d742dabb56ba3,2018-08-02
26a0511a8dce1ef6bc00ba48435b7081,a01f0880ddd293fb2bb6c7fe8e27168f,delivered,2017-12-03 18:15:14,2017-12-03 18:32:20,2017-12-05 14:47:00,2017-12-07 18:58:16,2017-12-20,df3a7e49964d574f8ac3cd7aa64a8819,2017-12-03
cf294fa94a0447972779fea6fc5516b5,ed340a6ffcb1840c39a8fd0e2315ca96,delivered,2017-06-12 08:37:43,2017-06-12 08:50:10,2017-06-14 06:39:52,2017-06-27 18:32:34,2017-07-10,9a81290020261b53df95d22f4ac8cadf,2017-06-12
8d1daca67652606d9d9f175aefdb81e4,797d1e3741fdfda577a9b02cab82cdbc,delivered,2018-04-28 19:52:09,2018-04-28 20:13:45,2018-04-30 14:53:00,2018-05-02 17:44:23,2018-05-17,a02520120cbe8000d14e4cbc35f703f4,2018-04-28
292fa4655c8e30747b2b465a8f4d14f7,70a4565a0e2423f8bd3ba63125c901d1,delivered,2018-02-27 13:31:20,2018-02-27 13:48:42,2018-03-01 20:56:38,2018-03-02 21:24:42,2018-03-13,a991e97aea32cb2adefcb9d34968c97b,2018-02-27
33b29e8bd147f9f03bccfbfb72aeb3ee,93afa747dda61094851bd7130fb7f10d,delivered,2018-04-18 19:40:39,2018-04-18 19:55:15,2018-04-19 20:24:52,2018-04-23 18:27:50,2018-05-07,e968bd44e8f279106a1a9ee32527e5a9,2018-04-18
57d81bf4762c3335d0c6f021fe001856,9b609409c2f5529b2611bf351bea54ac,delivered,2018-06-04 15:40:40,2018-06-04 15:52:17,2018-06-05 12:05:00,2018-06-12 18:04:49,2018-07-16,73931f316896b895e60a9b543b810684,2018-06-04
0c0b20eb744a9c5ec1611dfd81da6165,fe1cc174642276d82248a481bc4c083a,delivered,2017-05-16 20:39:33,2017-05-16 20:50:16,2017-05-19 10:59:16,2017-06-05 16:37:39,2017-06-21,c17db1418a98b4a6d1dcad61cc579c70,2017-05-16
7449c09ba5f15012c1927e8230c8fd07,0809e0b370690be39f2dc671c3862b78,delivered,2018-05-02 09:12:02,2018-05-02 09:33:07,2018-05-07 13:25:00,2018-05-10 20:24:28,2018-05-24,e6a6087fe725b972df2b8077713ab92f,2018-05-02
fe64ddc89b78b25109183dfb7fbc2629,2661ec0f4f32504deec828788a845b93,delivered,2018-06-30 17:07:08,2018-06-30 18:09:58,2018-07-02 14:34:00,2018-07-10 23:38:45,2018-07-24,8db19347a611f02816b013a82030990b,2018-06-30
fa4eeae144542e75599b6c80c63ddcf8,640291be50de1838bfab7d559813abc0,delivered,2017-06-02 21:44:20,2017-06-03 02:25:21,2017-06-06 13:51:16,2017-06-08 12:52:01,2017-06-27,793aa150472c0b8cdbf37ce8785234bd,2017-06-02
472e314958770ffe7ae241a5af43fd93,bfd64aef91cadd13fb53d56829fe57ee,delivered,2018-03-01 09:28:42,2018-03-01 09:56:00,2018-03-02 23:38:30,2018-03-11 11:18:44,2018-03-19,8ec5cd31c230817837925dd75bc74eed,2018-03-01
f37d724af2a6e8663e5de52bc2f7acc3,bd547868155fdb22bd7f86e7c6c8e20d,delivered,2017-05-28 15:08:30,2017-05-28 15:15:16,2017-05-29 15:44:52,2017-06-08 15:07:30,2017-06-26,3a8bf1c7983935f6ad77915e139d91be,2017-05-28
d6c071bb6550e03c4ec129f737acfc3d,53c76ca9d4881696c5887129d2fc0b4e,invoiced,2018-05-18 14:49:51,2018-05-18 15:15:16,,,2018-06-06,e07db559d47433378c21f1241eb20e79,2018-05-18
86910652898666a37fe407a7a92bc785,f2b2cad75b692e1090c1673804215cba,delivered,2018-02-14 22:24:28,2018-02-16 14:32:11,2018-02-16 22:37:17,2018-03-02 21:16:59,2018-03-12,464193cf6272121b43724986e3dd7cc7,2018-02-14
e8b6cca7cbf957842422d0dca2d1e577,264a54d065d7a43fa179aac655c854e6,delivered,2018-06-18 19:51:14,2018-06-20 03:18:08,2018-06-20 14:21:00,2018-07-03 21:48:50,2018-07-20,6c8b3da6df016d732f9a1283ca7f5410,2018-06-18
53fa1584e9fc3d9b50f19da601874fd5,c348bc75888d19850f16cc205013a3af,delivered,2017-09-13 08:03:54,2017-09-13 08:24:41,2017-09-14 08:41:59,2017-09-16 13:57:36,2017-09-27,47d247db5e582120cf919464317250ce,2017-09-13
dc072bc7f25f21ccf376b9aa0150b114,dea7729c9566d17d0f701f1a4c5aa145,delivered,2018-01-27 21:39:41,2018-01-30 04:31:11,2018-02-01 14:48:34,2018-02-08 17:44:14,2018-02-21,03f26315a01aba2f3e054a91bdb5bd22,2018-01-27
d8491c56b44ec1c37341c6cc5c93ad39,9a96ff7d201877cb046061e56a131772,delivered,2017-06-14 14:05:18,2017-06-14 14:15:17,2017-06-16 14:37:52,2017-06-23 11:42:10,2017-07-07,adbcdda7135ea1cdf99ac88575691736,2017-06-14
7c65caaf993acf13ce6a8c0aba410801,ccc8cce5e9a3019affcd01b0371b3818,delivered,2018-01-03 15:19:57,2018-01-05 02:36:29,2018-01-08 20:16:08,2018-02-06 17:27:39,2018-02-01,d8c79a4bed1ac73893cf8e9c395be9ab,2018-01-03
3474ca488caa4b58cbe37399ee9d4230,c7d919ef7a82d071ba104aa44c17f548,delivered,2018-04-27 16:57:41,2018-04-27 17:51:31,2018-05-04 15:54:00,2018-05-14 16:06:52,2018-05-28,20515cecaa7d735f589026112e1638e6,2018-04-27
9446587feaf53c5f0050224c099c80e2,f1ef63497675a0ec947e46f017aaa8b6,delivered,2018-02-02 14:26:45,2018-02-03 02:53:51,2018-02-09 23:13:16,2018-02-10 12:56:02,2018-02-20,6ad2aa39e512b238e0d146e6bf4bdd69,2018-02-02
7c58dcf5d201ca2fd658c793e425c290,0633eae47988f27a0d5347dddcb736ab,delivered,2017-06-12 18:37:31,2017-06-12 19:05:18,2017-06-13 08:13:06,2017-06-19 21:04:46,2017-07-03,0808e93c01b63726a3e046c3f3236e09,2017-06-12
9f2940e7c87aa56f8dab37ac0be23138,7b29196772d29a64d56a75a9b3e8b5a7,delivered,2018-03-22 13:46:39,2018-03-22 14:09:14,2018-03-23 11:28:48,2018-03-26 22:16:54,2018-04-04,fb7ea0082938fcb1cce5782c4c85d75e,2018-03-22
781a5363351ca70e29e1ee43c297255d,a68cb1476093497f63ecc0e8f8a700df,delivered,2017-11-26 18:45:34,2017-11-26 18:54:26,2017-11-28 03:04:15,2017-12-10 17:29:11,2017-12-15,55029bc1da750ad2d53eb1d189bcfada,2017-11-26
bc5c3e5c0d461286c2e22f90ce022e3f,826b3d6dca34095b2a33738fee76bf21,delivered,2018-08-15 15:08:44,2018-08-15 20:27:05,2018-08-16 13:43:00,2018-08-24 19:03:31,2018-08-30,553416bc52eccbf87ee50a5a4102629f,2018-08-15
a0d5633fe92946ea39b59d2fd89d249c,2936a5186c34f7fa84440ad1a34d385a,delivered,2017-12-28 15:32:45,2017-12-28 15:47:35,2018-01-05 22:59:18,2018-01-16 22:13:29,2018-01-30,fe52f0362c9ee4bfb27321db7c506d81,2017-12-28
ce7be9c906c372368c7786881d6a6842,688d5dc30311f2b5c9deb3776842896a,delivered,2018-01-29 14:39:12,2018-01-29 14:51:18,2018-01-30 14:15:15,2018-02-08 16:26:46,2018-03-01,c7bfadeb68cb418f58d5465e6902a955,2018-01-29
59d227c2a7283050197703ca057505d9,6b025dc026b0c04adcc72779f048826f,delivered,2018-03-06 12:29:50,2018-03-06 12:49:45,2018-03-07 23:18:54,2018-04-16 18:11:44,2018-04-02,0aab68ed6f574cfc8be200d22030b31c,2018-03-06
5026ee6df4dbdda4bd738ab9943204c6,41c26b1d292218ff7bb631e05cebcb31,delivered,2017-08-26 19:08:13,2017-08-26 19:24:06,2017-08-29 18:43:00,2017-09-11 17:55:47,2017-09-25,47d1c4416d67d0f7f6335d48eb7d36c5,2017-08-26
3155d8e868068ec1a05318b9289b81e2,417d2b7edb0314e7f895d7ba3cab60cc,delivered,2017-10-20 11:53:25,2017-10-20 12:15:19,2017-10-21 14:38:05,2017-10-30 20:22:59,2017-11-09,a4b49136fdbfe77c71fe152e2c45f30a,2017-10-20
9b623b8ed71c4e38c722cec8188768e3,a1804044f3a31ff4f8f6c010ab1af940,delivered,2018-05-25 09:12:56,2018-05-26 02:31:53,2018-06-04 12:58:00,2018-06-12 00:32:04,2018-06-26,46fe47b60e6374715f7369aaf0bff064,2018-05-25
6428d066760796cd8507fb537438172d,0a389ea18d794fc404c7bd3ae4b7cdfe,delivered,2018-04-03 13:22:38,2018-04-03 13:35:15,2018-04-05 00:46:49,2018-04-11 00:46:49,2018-04-27,275998cc7a6a242b66a1566a11cdbfed,2018-04-03
9a46cdc990154fdd2ebac949bf7ebbfc,395069eda70baf27cf1253f86abfc22b,delivered,2017-07-25 09:06:22,2017-07-25 09:23:10,2017-07-27 13:04:28,2017-08-03 12:33:35,2017-08-16,591a2576051d91be7f0588ee8c229470,2017-07-25
55ef6f0a902bfd07ab9dc7b2e5906607,72b42984ec0c784fef6dd9f56948a4fb,delivered,2018-01-11 11:59:21,2018-01-11 12:08:56,2018-01-13 02:07:50,2018-01-17 15:45:18,2018-02-05,9972088719a7da3e31c66731a94e6f50,2018-01-11
04770bff63a120fbf0eea1f62b84f8f0,830ed363f26a7624bd458c1931d348ea,unavailable,2017-02-01 21:07:12,2017-02-01 21:15:18,,,2017-03-10,4b898a8853cf3a669bdf36c39847d89a,2017-02-01
69ff50d0173aad05585a5b5673d494c1,c84b575120e09c1ced166b272c960760,delivered,2018-03-04 20:09:47,2018-03-05 12:09:11,2018-03-07 21:17:07,2018-03-13 12:28:43,2018-03-29,1c19157f59fe14e064140a0e04a7f1ce,2018-03-04
35ed502e9353c59c2e4b347c901e2b25,55b8bcae96b7f292a286a258dbb3ce2a,delivered,2017-03-28 18:56:03,2017-03-29 02:22:47,2017-03-31 13:48:52,2017-04-05 11:56:23,2017-04-19,2856ad5a7b3da4e0cea4bdf87467600a,2017-03-28
623c56e5c41b7214603a0fc7d3e7339d,5fa362aece79c1e57c8501bb3fedcc6c,delivered,2018-01-08 17:59:09,2018-01-08 18:06:28,2018-01-09 16:39:23,2018-01-20 16:09:27,2018-02-07,8a2de494b1ab21895b8ebed690fa8b89,2018-01-08
94d6a1da03f7ba05421efb67edc30cdf,8f7eee01eda928383638f39325f66b84,delivered,2018-05-13 01:04:51,2018-05-14 13:56:37,2018-05-15 13:36:00,2018-05-17 20:38:53,2018-05-29,582c737c39f3b6e4b492b5bbe31fa1f7,2018-05-13
66ecad7b5ce5c0df4e95f46d12076ed3,7553de5aa5baf90320a1430402ca931b,delivered,2017-12-19 13:20:41,2017-12-19 13:31:31,2017-12-28 20:30:02,2018-01-09 16:03:28,2018-01-19,393d57d9dc3edd49488a29d94bdf60fc,2017-12-19
d6a6d6c3e46448b6189d13089ab4cee8,892fcebefb372d07f764baa338babe36,delivered,2018-01-26 16:23:42,2018-01-27 02:40:40,2018-02-05 17:08:48,2018-02-10 16:42:32,2018-02-23,68cf24b8cc5d688e7066bdc0cbd3b48f,2018-01-26
197be0df90e5b459a14669e32c8ce1ff,eb25918fe52d5eefd160d1cb5f574d7d,delivered,2017-12-01 10:07:12,2017-12-01 11:31:06,2017-12-04 12:10:00,2017-12-06 18:19:21,2017-12-26,1dfde15592f9f515c05afa0a58075f25,2017-12-01
231e08dd8d9fc8f16332da72a3375893,79d9a9799118ba3d40c7ffb9969e5d1d,delivered,2018-06-27 21:04:14,2018-06-27 21:31:45,2018-07-02 10:33:00,2018-08-01 20:41:57,2018-08-03,489cbf698f88a3358e24a52a1c494587,2018-06-27
8bfcb216f3d8db5340f681b06b710f37,4448d246bfec54a2c2a36cf83cfc06f9,delivered,2018-08-20 22:54:11,2018-08-20 23:09:34,2018-08-22 13:16:00,2018-08-27 23:22:39,2018-08-29,e53fd5575f1418397aae732c5755b6fc,2018-08-20
0f924038b00d1f102e4d09bea4fa666a,e5df9583ddbe3f4f3857d9b667dfa609,delivered,2018-05-10 09:05:16,2018-05-10 09:35:07,2018-05-10 13:57:00,2018-05-15 17:48:53,2018-06-14,acc38a550c42d17125cd25c32a464d26,2018-05-10
8ee5cab30019132affead27f19959ff2,9537f2addba8448428a3fd1a1add0656,delivered,2018-05-19 14:00:29,2018-05-21 08:17:49,2018-05-22 17:53:00,2018-06-02 13:21:30,2018-06-13,0621cda5f3ee9a2e6f3ae6ebb5fcdbe1,2018-05-19
9615da76c321b025633e32cfface90e0,fa8799a9ec64801ba2f667ae83c9130a,delivered,2018-02-20 14:29:35,2018-02-20 14:48:15,2018-02-24 12:58:38,2018-03-05 19:13:56,2018-03-19,d132520e4b555a0f8851914fc3809fb8,2018-02-20
4efe746bf89c1976abde13a381aa452c,b7696f3033663a871d0663c2398861db,delivered,2018-08-13 13:08:25,2018-08-13 13:24:23,2018-08-13 15:56:00,2018-08-17 01:36:23,2018-08-23,e9460d74f131e328cfe6d3ccd5c80600,2018-08-13
5707d7b7dbb169114a7150ed635fd58a,6abd5e60b6594841f12fe05325396959,delivered,2018-05-14 19:08:11,2018-05-14 19:29:40,2018-05-17 12:45:00,2018-05-29 16:46:35,2018-07-12,acdcb3116121bde837f4edd1bf7f027e,2018-05-14
068b0c2c80a022b71db91e7f44f5917a,18c93cf94b9ce20197cd914715d8258a,delivered,2017-03-03 19:15:35,2017-03-04 19:23:11,2017-03-14 16:45:40,2017-03-20 07:03:30,2017-03-24,ec0779db0eb278ebead59ea3fd0acfb1,2017-03-03
ee29bed70e80a64a4f9536787477d196,b44ce4765f35926ee5c241c264ad05ab,delivered,2017-07-05 17:46:06,2017-07-06 06:45:20,2017-07-06 12:44:57,2017-07-14 17:57:42,2017-07-27,8860815b8cf19603d76e32cb79f3c7c5,2017-07-05
f7c507b533e4fabc5e2db5fc7884ab04,7ce384e154d68128080d1fed4af4be26,delivered,2018-03-22 16:10:48,2018-03-22 16:55:33,2018-03-23 22:46:32,2018-03-26 15:03:55,2018-04-06,a7dee8e99e5251eee1ec0e0ed21e1e7d,2018-03-22
b538c911276725b4521eb30417d2f4f2,f10a0728dd9a65395633cb333eead2b7,delivered,2018-04-07 16:26:45,2018-04-07 16:35:20,2018-04-10 18:53:56,2018-05-10 02:26:35,2018-05-14,17ddaa61585b7b0ddda197f6135a8b29,2018-04-07
a6ee9db107e8fd0fc14d99be85503396,5961519350384cda60159ca69ca3c8d2,delivered,2018-05-18 23:13:16,2018-05-18 23:38:21,2018-06-04 16:03:00,2018-06-05 20:04:41,2018-06-06,bd5087dfce936421860ac7bd9a7a8055,2018-05-18
435db73adf48c7d649267db872d82a57,923d2d7b763040b969d0c05bbdbab3d6,delivered,2018-01-05 00:06:58,2018-01-05 00:13:22,2018-01-05 19:37:32,2018-01-12 23:35:27,2018-02-06,3c7243d55dcf48cd5981c45591782fc2,2018-01-05
056a1317ffaefaa2dff2d9ecb54fc7bc,3c3cc3aa98327a4a14d761d165a30f32,delivered,2018-02-22 15:08:29,2018-02-22 16:00:34,2018-02-28 17:22:40,2018-03-08 16:29:41,2018-03-19,aa819d3931d5810f7310bc3e322d52c0,2018-02-22
f06e135f2a783426a58b29014f2346b3,ca77bde16eec6e0f47598d105c08899c,delivered,2017-02-11 20:41:14,2017-02-13 11:43:14,2017-02-14 06:05:13,2017-03-02 15:15:25,2017-03-24,a81604a913e399f9e72180afd36e6a34,2017-02-11
e359fd78a62541c3045c115073678c7b,769ced89f96c3883180bd5f0c360a366,delivered,2017-05-13 20:42:09,2017-05-16 03:31:00,2017-05-16 11:27:21,2017-05-19 09:22:07,2017-06-02,5d7d4841e71c4276ff0bb8ac8a850cc5,2017-05-13
051b95df471b0bc57ac737b9d3057954,3c75d55fc69882d5c9e3a2b87c5fc54e,delivered,2018-05-14 21:19:49,2018-05-14 21:35:20,2018-05-15 10:42:00,2018-05-21 20:26:56,2018-05-29,0f181a6d0bf0fc4080cb70ddd5ba16a2,2018-05-14
c1298dde22013d58424f39ec4397f54d,c03d03f0137a4570806d8b2ba8c8afba,delivered,2017-12-01 17:53:35,2017-12-02 02:38:32,2017-12-04 20:56:50,2017-12-26 19:48:55,2018-01-04,36be413fe0f4a74eee7b764e758730ed,2017-12-01
f198fac7313547d738e4cce9fa0344ef,ac19b2774646d3b0b421c2bc58163874,delivered,2018-07-08 22:38:51,2018-07-08 22:50:21,2018-07-26 15:10:00,2018-07-30 14:43:08,2018-08-16,527c1a56899b655cea8c7e16ea00ae7f,2018-07-08
7f9452c3eadefff7f345a339489937ef,aa48045e1b356dad31ce9820e0170303,delivered,2018-06-24 17:42:15,2018-06-24 17:59:38,2018-06-25 09:10:00,2018-07-03 20:46:48,2018-07-20,c0cb8ce9015d957b7b1fb37f8c439e5c,2018-06-24
6ccd16e549ce0ddb62d8a6ec81f50a8c,8a66ae446bb2be1a7f4d7fa00a7f3133,delivered,2017-06-12 10:10:17,2017-06-13 04:02:52,2017-06-14 13:07:53,2017-06-16 13:19:30,2017-06-27,3d8ee81a826ef3a7a0b47f41fb259de7,2017-06-12
8ef1c4b42bd6dd16b4793c1442342076,b57d239e0d3830c631f0fc60cb6fbc3c,delivered,2018-02-07 21:34:08,2018-02-09 02:50:35,2018-02-16 13:18:47,2018-02-19 23:12:57,2018-02-23,555ecf6bf501a3448c741080fc5b578b,2018-02-07
4d4810e2bd5834782a256daea7025330,e4f8c2a561051049fd962589006c062e,delivered,2017-08-13 13:26:47,2017-08-15 03:25:12,2017-08-15 18:22:52,2017-08-25 21:38:59,2017-09-05,9b8dc9c0ff0542d021d0285e99697875,2017-08-13
2e2ae1b26bad0347f97312736a625b53,4f218b2a91896f429f5d39355ff421c5,delivered,2017-11-16 23:02:06,2017-11-18 02:29:40,2017-11-21 20:18:59,2017-11-27 17:13:02,2017-12-08,015f170c7abe45372b9f0414d901e71b,2017-11-16
8a3d4b5cd5e2602d148ea8f0d12f0512,cc2442429887bd07a42a7481aa55efb6,delivered,2018-07-27 09:19:51,2018-07-27 09:31:19,2018-07-31 14:27:00,2018-08-07 18:08:38,2018-08-14,c51846ed479955e68bc1c14212124068,2018-07-27
cbb8c3748ad61bcd4011720d8a58a3a0,a43feec22398d94452ebb06dba1ff80d,shipped,2018-08-17 13:11:13,2018-08-17 14:30:40,2018-08-20 13:41:00,,2018-08-29,f309ce8ec5099fbffad31a343a143e28,2018-08-17
ec65cd1d5b4b03d3d03e655f546d092a,ce516dd122ea7a60a3f1a76b6153e125,delivered,2018-02-14 16:44:29,2018-02-14 16:55:53,2018-02-19 19:21:50,2018-03-08 12:58:10,2018-03-13,ac95e1a03943d13b3a18952c4dcb3166,2018-02-14
259b2f71f29e6e67c6c737bb11e9b0a3,28e504d085ea728a2e15fb29b6d19533,delivered,2017-09-17 13:05:58,2017-09-17 13:25:13,2017-09-21 12:24:58,2017-09-28 22:30:13,2017-10-11,69df6389e17a3ad6ce1c4a1b7fcf2d99,2017-09-17
fd79fe34d2fd6389d56e726bfc0bff4f,6686fe53ca93846b096f9c1885fce063,delivered,2018-05-05 17:40:39,2018-05-08 04:35:34,2018-05-08 14:53:00,2018-05-09 19:48:40,2018-05-18,d5cae490e92c53e68c4bd934ffa616c9,2018-05-05
e0af6cabd937112402ed8cecb025d15d,e39da63e35dd7c9707e9870cba38e450,delivered,2017-02-23 15:46:42,2017-02-23 15:55:20,2017-02-24 09:47:32,2017-03-03 10:51:53,2017-03-16,fcb1ecc327bf7e81cc7b23b7e37067e6,2017-02-23
37f4b362697f5c9826aee9c479b32bda,81147d80da983d1e3dfdb790f6060efc,delivered,2018-05-10 23:07:24,2018-05-10 23:15:23,2018-05-11 14:07:00,2018-05-18 17:19:59,2018-06-05,4250e66a408a79f23ac24172a28e60da,2018-05-10
ad5538038b65b82a8d6b39d9dafde26d,cf6343c3fa71cf43abe9d4374d8d1f11,delivered,2017-11-25 10:01:43,2017-11-25 10:14:52,2017-11-27 22:23:00,2017-12-01 16:53:00,2017-12-21,0c15c11f1d8dd34a8b68255da2e30267,2017-11-25
5a528ee290cb0fa6e22acf467ea33c09,f09d58eff599c9908ddf3a4ea15e6348,delivered,2017-03-13 16:15:38,2017-03-13 16:15:38,2017-03-14 06:21:52,2017-03-21 16:15:16,2017-04-04,b4c043504d96f3ec89b0d7b8f4b94945,2017-03-13
60f6dd1c9030b6132080d65599736d7f,c3eef4ca760d5f65dfa9f6aa4dbd4794,delivered,2018-08-03 19:21:12,2018-08-03 20:30:25,2018-08-06 13:11:00,2018-08-10 20:22:28,2018-08-15,38e5765c17873bd5faff89560d38ca0d,2018-08-03
19179eded4e54ba2c63655b3708f4fc0,3da491a8515480c29699a85b1c8f294e,delivered,2017-06-05 23:17:04,2017-06-05 23:30:16,2017-06-08 06:35:28,2017-06-19 13:34:41,2017-07-04,bed7447691e157aaa9b8e126860d82b7,2017-06-05
4d9600658f731503a9d1952aea2df44f,8f9ba4248de510aef617886c7caa8250,delivered,2018-08-18 09:20:28,2018-08-18 09:35:14,2018-08-20 16:08:00,2018-08-21 19:57:48,2018-08-27,88184b659e4ddef218a3cce4265c741b,2018-08-18
e3bab59cbada81d5a3df124e0a95442e,7fda0b995d02b9df9f470da7c65729f5,delivered,2018-05-16 17:52:39,2018-05-17 20:51:58,2018-05-21 14:46:00,2018-06-04 15:34:50,2018-06-14,099fad9e8f7dfbd0412c300bcc697e0b,2018-05-16
4ff9dbb3b682b9c1a8f93e22dce70106,8acb7867a1b2968030d945c538682170,delivered,2017-09-02 11:32:54,2017-09-02 11:45:22,2017-09-04 22:15:12,2017-09-12 18:37:37,2017-09-27,d164b19f04a89cca783eee581d4d07df,2017-09-02
7325b4b6f6e7fecbd8450965f4bae948,641421e7a4129fa906e060ccdffd6cfc,delivered,2018-04-07 14:47:04,2018-04-07 15:08:03,2018-04-10 22:05:15,2018-04-13 15:19:37,2018-04-30,f16b5d43cda092901d675615467e41f4,2018-04-07
852908bf28a385d07db3148958c5a778,5081b7e78aaef36dc7407c9935fd6de1,delivered,2017-09-16 23:29:54,2017-09-17 01:10:36,2017-09-19 13:38:01,2017-10-02 18:22:31,2017-10-09,0a04613a539b4740e1893ef5d6a50626,2017-09-16
1116b4c0d6e3854854c9967dd1453113,31f86490c762d46b158dcee5e60bad98,delivered,2018-07-05 12:45:11,2018-07-05 16:21:06,2018-07-06 11:12:00,2018-07-12 17:54:44,2018-07-26,8bb030743faec73539d6f82d8a29d263,2018-07-05
18987e54897a1baddde716aa4a01639c,c9abd721cd3e14892fc6c4144ab2744a,canceled,2017-03-14 09:27:08,2017-03-14 09:27:08,,,2017-04-10,b1c23dfd25f3f78d473cb5070d05bac1,2017-03-14
9105267b46613c2a2957fc8fb48ba1b5,5694f481bcf5a3d6c1dedda7915d00c7,delivered,2018-06-04 16:12:21,2018-06-04 16:29:55,2018-06-05 10:15:00,2018-06-28 18:24:45,2018-07-12,b531620286c6c6fbd1d3e7b58390fec0,2018-06-04
a0f6c7ae15be8d8d8a0bb051bd84313c,86e38a0e0d9692b4d867a678af61ffa5,delivered,2018-02-18 11:42:38,2018-02-18 13:06:37,2018-02-22 23:17:07,2018-02-27 22:52:36,2018-03-15,c893e6fe915add1b28ef934048f0023e,2018-02-18
d36a4e2b3b3896998031588f13c260d5,c64335028a4cef73ba5cda1786f497da,delivered,2017-06-23 18:26:25,2017-06-23 18:35:22,2017-06-26 11:22:57,2017-07-04 14:47:53,2017-07-17,bd57a0d8783f22282484d3b26a601363,2017-06-23
a2d927607d821f3655717e2aa7eaa3f2,4322e859e67aa53741a70ac62ff35632,delivered,2018-02-18 21:06:15,2018-02-18 22:10:29,2018-02-28 23:22:37,2018-03-06 00:22:14,2018-03-21,7fc5f80feaa9ec1ed5eca61ae1442c18,2018-02-18
d14e60d6698ad2394741f669a1b6c5ce,ca76bf6770afd75c6570ea8eed8544a5,delivered,2017-12-06 17:35:10,2017-12-06 17:52:58,2017-12-13 01:03:58,2017-12-18 17:39:06,2017-12-29,add31c76d9946b18539250778adeb5d3,2017-12-06
9e8de01f2fe105eaf6c6092b1ae4e86c,a22eab892e46faff3ec0ec311cd1f437,delivered,2017-06-01 19:33:44,2017-06-01 19:42:24,2017-06-02 15:55:28,2017-06-13 15:37:09,2017-06-27,5275d75e4c73e9d6da7bdc28b11108cd,2017-06-01
31ce7a72b9fa6f054483ebecaf0aae60,60f7f8502847f8d1d87c90a5d8ef336c,delivered,2017-11-22 23:04:06,2017-11-22 23:13:30,2017-11-23 23:31:58,2017-11-28 17:47:55,2017-12-08,38212384f91f2a880a3f2f8686d73ae3,2017-11-22
ca4c4373c93ec75ed15c1dbd97278ddb,3fce8cb477f908ca1fb25ec11ec0ca36,delivered,2018-02-20 00:47:08,2018-02-20 01:46:59,2018-02-21 18:54:58,2018-02-23 23:13:03,2018-03-06,91802c6ba3172df9371817c1387ec0c5,2018-02-20
748ba0fbe79f60119170501f3cba8b00,c5c5fb51c489561637f31ed6d8903056,delivered,2017-06-22 11:59:22,2017-06-22 12:10:46,2017-06-27 15:08:25,2017-07-05 14:32:11,2017-07-14,95d6b4d8eea3ab664eed8fd1bfb5635b,2017-06-22
6794ab5374144f767116f479c562f7b4,0dbcd05590805375b6b0a913f2f7a876,delivered,2017-03-19 16:18:45,2017-03-19 16:18:45,2017-03-20 11:21:13,2017-03-22 06:54:59,2017-04-06,bdb8786fbc8d4d9d6af1eb0207c73065,2017-03-19
bcb1929cde2d1d71a630266c12337ae5,0c7281e55bdba7b1cd1fa2b1cc88101f,delivered,2018-01-24 10:47:56,2018-01-24 10:59:30,2018-01-25 20:49:47,2018-02-05 20:05:27,2018-02-22,801b0d06f80f85c5b7da52b025bf90e9,2018-01-24
10ccb4dc0cc0d605b71afdcf4584128e,e7a585d75baacb6b90108f280475324d,delivered,2018-01-19 14:06:44,2018-01-19 14:17:18,2018-01-23 01:58:34,2018-02-10 13:36:49,2018-02-09,3de0c9303f39b7ccfe69ca11aee19cc6,2018-01-19
a77c3672ed91bcc07448d37cfa69926c,b3fb9c5966693add36d343659bce6fec,delivered,2018-03-26 21:14:36,2018-03-26 21:30:10,2018-03-27 23:42:04,2018-03-29 18:09:28,2018-04-18,7bd536f7c10736ba8894a00a780e8ef5,2018-03-26
0150004d4d8eb63f9948de164da34e34,bca923b4bf0e608694abdc3e4f18c5b2,delivered,2018-05-15 15:13:06,2018-05-15 15:34:59,2018-05-15 14:58:00,2018-05-23 18:13:16,2018-06-07,da87a19579eaff2f6444e57ad0c4f9b3,2018-05-15
2ac14ce16b95643b222e92188b0ddec5,89ee3b08086332a554ae83c810ef0517,delivered,2017-02-23 15:03:54,2017-02-23 15:15:16,2017-03-01 11:28:56,2017-03-13 13:07:55,2017-03-24,c9615928c74f3a72e222a6d5b0a18d7f,2017-02-23
3a7029c0378a0b72c4be550c4e2dba69,6a62eecd03864fde7bcb252adcae7fb2,delivered,2018-03-02 11:01:32,2018-03-02 12:56:06,2018-03-05 23:33:34,2018-03-14 19:13:27,2018-03-20,0177f6975b155c814ea6273eccc58d82,2018-03-02
6b956b34f99a7e528a43837f49924e51,aef26d1adcb6ff2f6028399cc3da4a8c,delivered,2017-03-23 22:58:35,2017-03-23 23:05:21,2017-03-24 12:34:09,2017-03-31 16:03:08,2017-04-17,803461347ee3462973945864b85228dd,2017-03-23
c1bc9f391d11c8c81bc4dbe49a6a892e,745454cb92c05df2dac86352cdad7d65,delivered,2018-06-06 01:10:11,2018-06-06 01:32:58,2018-06-06 14:22:00,2018-06-20 18:03:46,2018-07-31,6aeb14662eeb6302659fb549abeccce0,2018-06-06
cb5945f4563c333d6e2c23de7b26af14,dad2b21e16e7936b4b84162eba89a991,delivered,2017-12-02 01:01:11,2017-12-02 01:14:24,2017-12-06 20:05:02,2017-12-08 23:42:19,2017-12-20,a1c19f4670090ac5c4ab1dff8d235866,2017-12-02
51d4a0d3885b80caea38806587b8fd0d,925a0eb9ac1cdfb35df44e25d9b2fa65,delivered,2017-04-26 13:51:45,2017-04-26 14:05:13,2017-05-04 13:53:49,2017-05-12 08:23:30,2017-05-31,e22554f01a97d751501ba18ae2485795,2017-04-26
74ebbb8c3eef6b29921c0022d89812f1,c05b6c7a545cce943ad58c96add11b1a,delivered,2017-04-26 21:24:28,2017-04-26 21:35:10,2017-05-05 19:56:43,2017-05-17 15:41:23,2017-06-02,74f7a6dc5790b5f985170bb3344e7101,2017-04-26
7ba6a7d916b00e92079fab8874ab7cc0,967804e9c14eafdfbbc408e15636e4a0,delivered,2017-11-22 14:08:41,2017-11-22 15:07:29,2017-11-23 20:14:42,2017-11-30 22:39:05,2017-12-12,da2ab8ee8ac0990f68d11a3b27f2862a,2017-11-22
9ad9351ae71f76e5eba268bb2f667959,fcb084dadc25471f119e59cfe794aa99,delivered,2018-02-02 12:06:05,2018-02-02 13:12:56,2018-02-07 17:22:18,2018-02-14 21:05:06,2018-03-05,5edf1f155f854372be4fff9089fce9f1,2018-02-02
d2d05762a4554c9d93f8f26540eae8ad,5b43ef89a22571e7993b5179c5ab40a9,delivered,2017-02-14 12:58:05,2017-02-15 02:55:26,2017-02-24 06:49:07,2017-03-08 04:16:09,2017-03-21,1246ea8e009d8976b96418145027d951,2017-02-14
d9f4579da734100b00a27235ccf86f4f,8e61477c30526515befee887d367217e,delivered,2017-11-22 22:38:17,2017-11-24 03:10:04,2017-11-24 19:04:33,2017-11-28 18:21:56,2017-12-07,f589582f398e43a5d9bb98c7da598ed6,2017-11-22
feff6425f4657f07071d4e5c52cb97af,301ba01907a5eb0b500c272f8a7080c7,delivered,2017-11-13 17:36:45,2017-11-13 17:47:11,2017-11-14 18:58:06,2017-11-24 20:58:46,2017-12-01,c5ab2bdaab995f00639c85155a4c86f7,2017-11-13
ff4118746eaaed0d632211903070df50,dc8516f3d9bc99049e72ea4d386bc909,delivered,2017-07-07 18:07:10,2017-07-07 18:23:15,2017-07-12 18:39:55,2017-07-21 12:07:49,2017-08-02,b7a16ae54a2a6515f7756fe9ccae7378,2017-07-07
539a1383b0bd9b963044945e607f1aca,3ae277cd8512be9edcf79c749218d3a0,delivered,2018-04-02 23:12:00,2018-04-02 23:28:03,2018-04-04 21:58:25,2018-04-13 23:08:48,2018-04-20,60c3be08ced32a29639cae284b204bb1,2018-04-02
a6c422d2b642708cb8aabe049013a49e,77311c5e39497bf57a622362656e3c2c,delivered,2018-07-13 17:56:31,2018-07-13 18:05:15,2018-07-31 14:10:00,2018-08-20 20:12:46,2018-08-14,1e0ba31a60f3d05caf66a97fa204fbca,2018-07-13
dc0265afb5f2ff28de815a866decb5ca,7038125d2dd44ff468225fbf448194f3,delivered,2017-11-27 18:57:50,2017-11-27 19:18:22,2017-12-01 19:27:06,2017-12-15 13:34:10,2017-12-12,2f284d63ae3bc4b77df13b5f7b4f295f,2017-11-27
1c1f19ca40392b67aa5f9627ad2d1029,2f66dd76c152cd335432a4f0a672d536,delivered,2018-01-22 17:42:03,2018-01-22 17:54:40,2018-01-23 18:26:44,2018-01-26 17:52:00,2018-02-14,774e14c9e99818f29dc050f9cf9f9cff,2018-01-22
a91fed0c79559403d648c1161a2d8500,d216a2192cf1da83e57ef65366823a04,unavailable,2017-10-30 11:46:41,2017-10-30 12:06:58,,,2017-11-10,8558e1d710b0fb1c369c5b035bdc1b3e,2017-10-30
0396488303af9f0a78feb9ffa7e48949,66966a2562fadcb3f9e3acbbfa9a4523,delivered,2018-07-19 08:11:02,2018-07-20 04:55:24,2018-07-24 14:40:00,2018-08-01 14:05:56,2018-08-16,94f1230c44435fe9001ce30f1fe06135,2018-07-19
ec0eba3b4fbad8fda2b94df042100196,23ac056687fd805b997f44076a13ba55,delivered,2017-11-26 13:20:03,2017-11-26 13:31:02,2017-11-28 12:59:11,2017-12-05 16:42:48,2017-12-15,fccb5e809edbbe3512ddb842e66274da,2017-11-26
309de5faf9baa8961fd068f3f4e44dcd,212faae3e5c3646879daad76a9f106b3,delivered,2018-01-31 00:05:22,2018-01-31 12:31:08,2018-01-31 20:46:45,2018-03-11 19:46:30,2018-03-07,72535bb4d0048ab6c69d0364ce0dee54,2018-01-31
0fe8b4edfb85dd0eb662345e71b30378,4ae24933ab2c07bc898c41418910a9ce,delivered,2017-12-27 14:29:52,2017-12-27 14:48:47,2017-12-28 21:41:36,2018-01-10 12:34:27,2018-01-26,837a2bc40e70b541094e51aff3cce3bc,2017-12-27
34041ba8694b6808060aafda57f6075e,e98998055b4804137a020830903f93f2,delivered,2017-03-20 18:33:07,2017-03-20 18:33:07,2017-03-21 15:07:41,2017-03-23 15:56:26,2017-04-06,e097d846931763789c3fd00b27f3c325,2017-03-20
19cf1ad54fe41157e76ef5f1fc4eb56f,743196f54150c80a55c62d4f06f98f5c,delivered,2018-02-06 09:54:10,2018-02-06 10:11:45,2018-02-06 21:53:21,2018-02-19 14:37:19,2018-03-08,8bfb22d90789db599b54cda8d8c06db8,2018-02-06
13d6f87da8ba3d0feb95e58ab304a9dd,6cd88d0226928a0dacf22cc590b5445e,delivered,2018-05-21 11:15:29,2018-05-24 17:33:05,2018-05-21 14:47:00,2018-06-12 00:03:33,2018-06-05,69ca5f99134675d0556b4eccf2f2d836,2018-05-21
4b4b94ef72b5f4fe86ce88a01b54e7a7,ddb9c6f0cb74c12eb34320c2055fe311,delivered,2018-03-06 15:37:16,2018-03-06 15:50:34,2018-03-07 21:47:53,2018-04-06 00:06:27,2018-03-29,0d1969dfbf0beab1c6772d2e5c2ec070,2018-03-06
776cc854633798bbc35454ad5ca526fc,69d8787839797c188b245090d8241408,delivered,2017-11-11 19:08:16,2017-11-11 19:26:24,2017-11-14 11:22:39,2017-11-22 23:51:22,2017-12-05,f8dd7456ac23359c72b579673aa75158,2017-11-11
06f39c67a9d68f76a8bfdb092852829f,8de55546e8d40ba8d5bda5aa4b70e955,delivered,2018-07-04 18:14:57,2018-07-05 16:32:57,2018-07-05 15:17:00,2018-07-09 21:33:12,2018-08-02,3958d37762138869953bd7f6b5e7eaeb,2018-07-04
fbf6a5df377654baa14f40156140e563,6cd71f974e1d81ec38b53156b34621ad,delivered,2018-03-12 16:53:08,2018-03-14 02:55:26,2018-03-14 17:28:55,2018-03-21 18:03:18,2018-03-28,70ad91901ad4330af432978ff134fc6f,2018-03-12
5b7aed674843fc9b20d1c4cef543a761,d53c6b90e37d56179bc7524f9570c4fa,delivered,2018-05-09 17:23:45,2018-05-11 03:50:17,2018-05-11 15:35:00,2018-05-18 20:18:47,2018-05-29,f567a12b251dc3a5eadcd126e00d4f4d,2018-05-09
f0e12869508b76f983393f9207582cc0,9c025d5516aab09dd87d24084edc31aa,delivered,2018-08-01 23:32:19,2018-08-01 23:45:11,2018-08-15 13:42:00,2018-08-28 22:44:47,2018-08-27,ced1416fc6e0276033a69ead27de0ccc,2018-08-01
d4c46523b1239f182b74fb0ea1c27f32,4f55f44c9af248a6ca6eaf50db58f480,delivered,2017-03-07 18:37:35,2017-03-07 18:50:21,2017-03-08 13:05:03,2017-03-14 11:17:30,2017-03-31,7b5744db6099b40b195be40e7f4690b8,2017-03-07
545c329642c609a7e1e3ab759eed9dc5,3c3c049325c77035023880ec5697cff5,delivered,2017-03-26 17:54:41,2017-03-27 18:02:53,2017-03-28 11:08:01,2017-04-17 12:57:44,2017-04-13,2f2c52b9cc044ae5fd17d729f312b7cc,2017-03-26
3124684fac5c06e0aa798a6c20b9413a,2ef489da4e9da946da422e562cd90860,delivered,2017-06-05 12:57:58,2017-06-05 13:10:21,2017-06-22 16:48:58,2017-06-28 15:19:39,2017-06-28,6b145fab208e8a2789163bfece8a42fc,2017-06-05
3dac54c0a4aff807cad8f1a56fc8e745,2bdae9a21abc7626c9a17dc8c6c3a940,delivered,2018-05-07 10:21:34,2018-05-07 17:30:11,2018-05-16 11:00:00,2018-05-23 17:03:31,2018-05-29,a0b06f848b718a8b6447be5d8b0d9c36,2018-05-07
fba7187883a7973a78590253a251bd4d,efb23a9163bb0793cf158ad6934a9694,delivered,2017-07-31 13:40:31,2017-07-31 13:55:26,2017-08-01 20:22:45,2017-08-09 16:20:05,2017-08-30,ac0c9a8bd0b81479845cdf97bc02220d,2017-07-31
a7c661b33cd26dc2d0fb5dd1fd34982e,c6beb736f4565ec28fa2fb77f7817686,delivered,2018-04-28 20:16:29,2018-04-28 20:30:54,2018-05-03 12:01:00,2018-05-07 19:11:52,2018-05-23,86e33d281081303d3b305868b5224a74,2018-04-28
2cb453e2ea64689dceec47dc8f62369e,49125beca13f777065d0c12bed2053b8,delivered,2017-12-28 13:58:48,2017-12-28 14:07:13,2017-12-28 23:39:02,2018-01-08 15:59:38,2018-01-23,3965fe86e43471a454750801283b7caf,2017-12-28
84db44d1e453bfa80871410a5a482793,1db709d59de22eef771af90c61190981,delivered,2017-08-26 23:56:37,2017-08-28 09:35:25,2017-08-28 19:53:44,2017-09-01 19:19:02,2017-09-14,eef7febd3ac001505aa462fbde9a4228,2017-08-26
bfcf79aaae774aa4030a0d2e2046c525,a27429e671f53ed883053fd2c9e33f1f,delivered,2017-08-10 13:44:51,2017-08-10 14:04:02,2017-08-17 16:52:37,2017-08-23 18:03:16,2017-09-05,b62777d3969196b3329205b4d8e1ba0a,2017-08-10
ae64355e3524b8b5b283edd205cddf6b,fbe3a94442c03f51f582217691488b12,delivered,2017-05-15 14:09:21,2017-05-15 14:25:11,2017-05-16 10:58:00,2017-05-23 12:39:23,2017-07-12,944fa7afac50038ff517064934e39bb4,2017-05-15
cfc10f6abe847b1c43f9e440840dbf15,0e1359315cd319cb082a2c6fde718ff1,delivered,2017-11-28 12:01:25,2017-11-28 12:15:00,2017-12-04 18:53:22,2017-12-15 20:17:13,2017-12-29,1b2de0a00b3e5eeb48fd32ea28cee521,2017-11-28
cd0b902d14f0c8d23aa34f4d50bf7843,2b64781218424cfa0804acacae74a20d,delivered,2017-11-22 18:17:15,2017-11-22 18:29:54,2017-11-23 23:25:50,2018-01-11 21:59:32,2017-12-13,cd0681f9dd735d79fc45ab1c5b8e6de1,2017-11-22
d1897146cbeab2b888285ca6264056a1,f07928d150a941fee3793cbfa6e62e1b,delivered,2017-09-06 11:57:49,2017-09-07 12:05:38,2017-09-11 12:23:46,2017-09-14 19:42:48,2017-10-02,7193dd1818cc6c9a6e21276c13a5768b,2017-09-06
4989d3c937d764f91bf6697dd572f524,9691ce8a708e7333d95a5b536021bfd7,shipped,2017-11-22 18:56:10,2017-11-23 11:37:53,2017-11-23 20:33:09,,2017-12-14,b32a4bc76a1a966fb50d185796690e93,2017-11-22
0381dc399ab9a6c55f83eca96907a034,a5802bdf6acdea92021a695149a8bbc2,delivered,2018-02-26 18:53:26,2018-02-28 10:15:47,2018-03-01 00:58:39,2018-03-15 23:48:50,2018-03-23,027a37fed88effa55ddc5e961a48575c,2018-02-26
adeb87b732e8e3684863866c067aa9de,ad17aa4275b1b22d7add92a895a5d640,delivered,2018-08-21 10:50:17,2018-08-21 11:10:15,2018-08-22 14:19:00,2018-08-28 15:36:39,2018-08-31,a69877bbe7639d27d7a7e5ada870e938,2018-08-21
25c8919c8c90673cb1774799b00f8fcc,20790af71322c268ea0a6cb7527ad8d6,delivered,2017-08-15 11:12:41,2017-08-15 11:44:00,2017-08-21 21:32:36,2017-08-23 20:13:16,2017-09-06,dab4fe2af436949af561734e58a8dd75,2017-08-15
c7652e6a3ef3f4d2039957aec0fd766a,a579ad47e249a676a10c12e533a108f9,delivered,2018-02-05 20:05:51,2018-02-06 15:50:32,2018-02-07 17:52:58,2018-03-01 19:33:22,2018-03-13,de73179fb08ccaa16bfbf6c139879855,2018-02-05
749d73f14d7f582a7c7b12894d552da2,e265a180914056bc0152a2c2bf86721d,shipped,2018-02-14 13:28:09,2018-02-14 13:47:35,2018-02-15 21:34:42,,2018-03-07,d108c85d2b2dc02cb296ccf1eb5974c3,2018-02-14
97b22dcad89f4916db427544e655d1b2,a746c825432e5eaf2b8eeece33ca54b7,unavailable,2017-05-15 10:57:13,2017-05-17 04:02:11,,,2017-05-24,4fa93a79d18bde53d24a18e313fd22a7,2017-05-15
934c31cc6ed6a0aa597cf0ca07682dbb,751cfe7493f5c120bdee116e34ec8fc5,delivered,2018-05-12 09:09:31,2018-05-12 09:32:11,2018-05-14 11:55:00,2018-05-17 19:28:47,2018-05-29,716284e5df87b6e79a04a8d195f4f656,2018-05-12
594c301ae4607a70c9b289be38f66a4d,897be40d1ddae5f16951ff91789beebe,delivered,2017-05-21 20:12:33,2017-05-21 20:25:15,2017-05-22 12:17:29,2017-05-25 17:56:10,2017-06-19,63183d3cfbad06808445859b212823c2,2017-05-21
d002eb4aca4f571c8be423868a738f93,600e4e92337a1567445b80030189ac49,delivered,2017-07-02 17:54:47,2017-07-02 18:05:23,2017-07-04 13:37:50,2017-07-19 16:15:22,2017-07-25,02848edda6ee321f306660a8399d8cc9,2017-07-02
8530652c8cba532953c2736e8bd477ff,7c0916e6c811c2a6916d2ed0a2f1bf49,delivered,2018-08-14 17:28:12,2018-08-15 03:10:30,2018-08-15 12:53:00,2018-08-20 21:34:49,2018-08-27,607af2eaaa18649557f9f2f55eb8ea15,2018-08-14
a46dac4a7a15e660ad481ebac20f3d3b,2a55b31985ca766806f4be2033977429,delivered,2018-04-09 18:14:34,2018-04-13 12:34:24,2018-04-13 22:21:22,2018-04-19 19:24:52,2018-04-26,1509ca895a67a6d4b614aa907785e02d,2018-04-09
2650182d08952a9f43a4ead5a39630ad,b96e965aed0114174a389c1fa1b0bad1,delivered,2018-08-12 17:16:32,2018-08-13 17:15:40,2018-08-17 13:35:00,2018-08-20 19:28:49,2018-08-24,fd2b82cf81dd79b66d1fdf331ae64a99,2018-08-12
11ea58a620fd9de597a9f914ee52d9c9,d33318a9fa8aff8362757a45081c949e,delivered,2018-06-10 12:54:17,2018-06-10 13:11:38,2018-06-11 16:57:00,2018-06-19 18:36:49,2018-06-29,882cc96159e2432697735b6c88816d38,2018-06-10
fe3c6e4834730e9f8d50983b1a47a13a,8da3f4e403993bca76f0e18b351f644c,delivered,2017-04-28 11:21:19,2017-04-28 12:00:47,2017-05-03 12:37:31,2017-05-08 20:37:34,2017-05-24,d47bdfe1190ec6ef194884b5f88de609,2017-04-28
a2ac268c7f6bb42562090016bb6ffde1,76f1d2a2c6e86040dceadb280826855c,delivered,2018-07-31 14:00:46,2018-07-31 14:31:53,2018-08-01 06:40:00,2018-08-08 21:16:50,2018-08-21,a2270b24fe16897fbb017084c049cac4,2018-07-31
ce385b0dc002b5dc50eb3e5faf0350b2,ef360e23b75ef84593c8811138651af3,delivered,2018-07-17 16:59:49,2018-07-17 17:15:10,2018-07-18 14:58:00,2018-07-23 14:06:37,2018-08-01,6d659273efb76f2ed185c76d79597c4f,2018-07-17
e6e659582f910de84f3b722cb6ac905c,be050d112c9ee1ef0568e37d42c304e2,delivered,2017-07-17 21:23:55,2017-07-17 21:43:18,2017-07-19 19:27:32,2017-07-25 18:57:32,2017-08-04,1746c0194e9330b11ee3f13cd2db40e5,2017-07-17
8faff12af96ce78eba0d5b1597d5baa9,4fa01e0af9f436cc5b6b2eb3fbbb6b1d,delivered,2018-08-11 22:51:13,2018-08-11 23:04:20,2018-08-13 14:50:00,2018-08-16 18:42:48,2018-08-28,216b36ee50ce6c169df00611adfde0f4,2018-08-11
22281a38dc31a9690f0a19ab47a45610,7f9572734bf4b2cebfe27eb8654806e4,delivered,2017-08-16 22:39:20,2017-08-18 02:46:09,2017-08-18 19:44:58,2017-08-31 21:51:35,2017-09-08,70794d36f449737323e35b00baeb4a30,2017-08-16
202eb2abbea8d44b14fc380afebe3ff3,b716a586d0c872c78094a69185aa8da3,delivered,2018-03-24 16:49:22,2018-03-24 17:08:04,2018-03-29 00:46:50,2018-04-03 19:31:54,2018-04-13,d3a672bfdd63ab61ea242a071f221960,2018-03-24
5c046e4039e459e61961dce13fdf1d7b,ac90434fffc6303325c5f0e3f7077131,delivered,2017-10-19 12:24:50,2017-10-19 12:35:17,2017-10-20 18:39:06,2017-10-31 18:48:51,2017-11-08,136d241b68ed91319e6ff4e2b58279a0,2017-10-19
b466442834849de831692c9474402ba7,b0485a088a0c502c687f28d159d3c23c,delivered,2018-02-17 20:38:07,2018-02-17 20:50:34,2018-02-27 21:56:47,2018-03-05 22:47:25,2018-03-16,3b2c0b585b4f8b60a45b7bfeae8656c6,2018-02-17
04791a70ae0e68a0fb50758b946b5195,6cc2669297113f79b91a3904a83c2da9,delivered,2018-01-23 22:06:04,2018-01-23 22:16:29,2018-01-26 16:12:54,2018-01-31 23:24:40,2018-02-15,f71f43f5a8dc56beb6ebdabf0d82e802,2018-01-23
bd939febd5fa2bc6fad46977e31c4257,d6f56dcbe9973301888241bf50ff4c50,delivered,2017-11-24 18:23:01,2017-11-24 21:36:01,2017-11-29 23:14:51,2017-12-12 09:32:14,2017-12-26,7fc639763b7efd44b1e6414d294da00e,2017-11-24
6a6a5e595e782a6d0de7abee5fab0b89,8f0b26345ceb1dd629eaecad15b37e45,delivered,2018-08-24 10:11:57,2018-08-24 10:36:08,2018-08-24 12:26:00,2018-08-29 16:51:28,2018-09-18,8676422a5c30ff97f055b28adadbb506,2018-08-24
f52125f24dc9a5dd53c292410359460c,a1233b4436d4ce241f728d71cad69978,delivered,2017-02-13 23:08:19,2017-02-13 23:23:04,2017-02-16 14:29:14,2017-03-07 07:58:38,2017-03-28,f53f3ae09018c7a79e1a0db093588cc9,2017-02-13
da1a0dd3bf29adb14c8a77fca7388c11,68f3666fedabd658c5aae67697b67e61,delivered,2018-07-30 22:17:50,2018-07-30 22:31:32,2018-07-31 10:00:00,2018-08-06 22:39:20,2018-08-10,eefdc2443e8e4f93e0eb1df1956047d7,2018-07-30
0cd4d3d4e2831e2089f43b6d7402c2c7,dff76d8f98864a042bde79ce48314dd9,delivered,2017-10-17 23:24:35,2017-10-17 23:49:10,2017-10-24 21:32:16,2017-10-27 20:50:07,2017-11-03,83011c7d99294a16a97db805038e9e9e,2017-10-17
79ca165f6ef474ed0d3d2aee1ee1d095,e2a98952cebd52ecce28658d64153500,delivered,2017-12-16 15:51:16,2017-12-16 16:14:23,2017-12-18 21:34:46,2018-01-14 15:21:18,2018-01-16,c2b85086965c0fed46df434ddd474a9a,2017-12-16
a4736d7f64163c9072e4aaeeb18f3aa8,d3ba320dfb5cf664b1437a2c154aa2de,delivered,2018-01-29 22:48:04,2018-01-29 23:11:23,2018-01-31 16:18:28,2018-02-06 21:55:06,2018-03-01,9eba60d6202c93f02ec0694deb8a25ad,2018-01-29
ee43a8fc8d7293b0a446c29c3e913934,ebf7ad9ab29472ef86e651e2bbd582e7,delivered,2018-01-15 12:47:49,2018-01-15 12:58:21,2018-01-18 21:10:10,2018-01-27 01:48:44,2018-02-16,0bf2ec6be08f1be6cecf48ed80183827,2018-01-15
fd2a39a376a840fa97ed572777c2b0e3,cc764da4abdc404ac9519756af7149fd,delivered,2017-06-30 13:40:46,2017-06-30 13:50:23,2017-06-30 14:05:06,2017-07-10 18:32:19,2017-07-24,a1874c5550d2f0bc14cc122164603713,2017-06-30
92108d9a563df7232a318d0736680ea5,6230e73c5f002546937e160fd6dcf9b3,delivered,2017-12-27 17:02:25,2017-12-27 17:11:21,2017-12-28 21:57:41,2018-01-05 22:58:54,2018-01-24,ecf144adda25e846d468789b37589770,2017-12-27
4850125b26ca8977d47c83f60df48401,172de855fb198a4dfe967b5ce2b21e34,delivered,2018-05-04 20:02:03,2018-05-04 20:15:21,2018-05-09 15:48:00,2018-05-14 09:29:04,2018-06-01,c22e68114df4519c8f5a33d490245863,2018-05-04
61f70a8bbfeb4e14d01039a3cb4140d1,c5daadc67f24429a77652eae92957c1d,delivered,2017-04-29 16:21:37,2017-05-03 11:42:45,2017-05-03 12:36:24,2017-05-12 15:27:40,2017-06-09,3392843b53108d6f3531c0c658995770,2017-04-29
7201d0a0748fe3378ccb9ee146a4d0ed,27a5b0b6a1281ce3579c4f2f8f41761a,delivered,2018-01-17 13:49:47,2018-01-17 14:30:41,2018-01-18 21:47:33,2018-01-20 16:06:17,2018-02-01,bb51d7ac6b6df5cf0c65c9f89371c654,2018-01-17
4c62b34217c704b6986322911ea89c80,cecbb20844830d963fb3cfb5b2ea39d3,delivered,2017-10-17 14:09:47,2017-10-17 14:32:26,2017-10-19 11:53:34,2017-11-11 00:04:07,2017-11-22,ce8ab3fa29785c6d8e28e5c7d2df927b,2017-10-17
0a1a904fb2f51218c9c7ce314190de36,30252efebc24559e1a26dbede516424c,delivered,2017-03-13 12:03:04,2017-03-13 12:03:04,2017-03-13 14:49:22,2017-03-16 09:22:08,2017-04-03,7a9f032449dce94cfadee4cdd3edb7ff,2017-03-13
258d79062482663262a46174dc7d38f8,bfc6cd805c216b8daf35a8036a275c5a,delivered,2018-06-21 21:44:04,2018-06-21 21:58:49,2018-06-22 15:43:00,2018-06-28 18:34:47,2018-07-17,26c38dc3677a7a4fcfd2043cb9ae19d8,2018-06-21
d228a9c137a2d23357ac9c661da7285e,5f119e53bce30c05dd6aa7e0365ed656,delivered,2017-07-25 21:25:34,2017-07-25 21:43:33,2017-07-27 19:45:31,2017-08-01 18:22:36,2017-08-14,17da43a3d69f58d94e6b95b2138f1939,2017-07-25
960dbad4c14e64cd6b327fdccdb2d231,8fc9381fb48de46be39e00f9cac972fd,delivered,2017-11-23 16:06:57,2017-11-23 16:19:36,2017-11-24 20:18:23,2017-12-07 20:22:24,2017-12-20,2c137b2f03299b962587ea9bd06a6fef,2017-11-23
8dae9d1421512248b0b7113ec0d7554a,49065351ab79ef2611f7737bd768a962,delivered,2018-05-12 10:23:13,2018-05-12 10:52:16,2018-05-14 13:57:00,2018-05-24 19:06:36,2018-06-07,cfa69922f9968e0e6271647abda09b09,2018-05-12
7a166e4dcb1e2f424f8f7f0c76156759,193975bd76673bbfc641b872f90df6ce,delivered,2017-12-16 18:40:05,2017-12-16 18:54:13,2017-12-21 20:27:42,2017-12-27 16:22:32,2018-01-11,49ff2c40c0c6b84cdfde7a22dd5333a7,2017-12-16
1f15c9ad9cbf840899fda2a63d4cc760,2656a50d0f9e0263c2b52c42716a4064,delivered,2017-09-17 14:14:19,2017-09-17 14:26:51,2017-09-20 20:13:57,2017-09-25 20:36:30,2017-10-04,407a6773db6e845737d04a6e27e653b4,2017-09-17
e1a8489fda3f7a66e003134d7b4e6a59,ca691979fbbfdef74e179bf46526cf9c,delivered,2017-06-06 10:36:52,2017-06-06 10:50:16,2017-06-06 15:12:19,2017-06-22 15:19:46,2017-07-11,986b113fcb93ed01d0094585ffded412,2017-06-06
7c59d327d267a2ce386f84038c0035c5,ff567b222d32e3d5198771f4125b7b40,delivered,2018-04-20 12:56:37,2018-04-24 19:22:40,2018-05-21 14:20:00,2018-06-08 23:03:56,2018-05-15,fafc4a24221fb5a48653e1bae9138e22,2018-04-20
3ce8c5cf3d6b4356d90656b6ac73ab9a,4c73c9714637b75675607a0714c0c139,delivered,2017-07-10 21:37:19,2017-07-10 21:55:18,2017-07-21 22:43:32,2017-07-25 19:36:41,2017-08-09,0c85013ac2f907200089cd3461382a06,2017-07-10
652ae40b48d62a6682c9f4a674f83621,4347e946a0dfe19aaa1490ef58367be6,delivered,2018-05-15 23:42:54,2018-05-15 23:55:14,2018-05-16 13:38:00,2018-05-18 21:58:44,2018-06-01,9d49060286ba1c6b51b5a0dae9e73633,2018-05-15
e4f9b25439f4bf809c79bb4d2ce089ed,64c73c9f628fa70ce46cdb3fd3adf264,delivered,2018-04-03 20:28:35,2018-04-03 20:49:06,2018-04-04 20:51:42,2018-04-11 22:45:33,2018-04-25,20fa5aa19ba59414e9794d6593873cf5,2018-04-03
de68ff91737ba366892be2067a2cdfec,68b43c6c592465e9a13ed4c282d81e7e,delivered,2018-06-06 20:45:13,2018-06-07 20:55:07,2018-06-08 09:56:00,2018-06-15 20:42:18,2018-07-12,ad784a66b3127b43bfa19b489367ba6b,2018-06-06
14bc69ea319de2d00a2d781ecf29df42,a92bd6e7f927b779c75918e540747576,delivered,2017-03-03 08:22:03,2017-03-03 08:30:18,2017-03-03 10:46:58,2017-03-13 09:37:55,2017-04-05,801f934599ea892467bf98b9ecf78a84,2017-03-03
8bc7c04f8ea4ab1cfc2d0f8d836da43b,e4b139287dd53c041c52b2bc68a2c17f,delivered,2017-11-24 00:10:14,2017-11-24 00:37:40,2017-11-29 23:12:13,2017-12-14 21:59:09,2017-12-22,314579e5855c24c990e92cfeacf71937,2017-11-24
827a09bfc4897fbe516f911c82365ede,9e2f00304920e37258604c5ed901ef85,delivered,2017-12-11 12:11:02,2017-12-11 12:30:53,2017-12-11 22:48:58,2017-12-13 18:39:36,2017-12-28,79b624e95e6b275e051096fd2aa11fee,2017-12-11
148ee9d672f9101508eb05e1e7a677b4,ce8256b7d2de810a1f6b169c12b80e7a,delivered,2018-05-19 18:32:49,2018-05-19 18:58:33,2018-05-21 15:30:00,2018-05-23 19:24:54,2018-05-30,ebd7ed93fbd56dc0a515c609c661e921,2018-05-19
94dff3caa170068fc7d100943d21a8c8,912c7ba54080103b646215c09b914938,delivered,2018-05-12 13:40:52,2018-05-15 04:35:07,2018-05-15 13:25:00,2018-06-01 19:42:48,2018-06-04,073d69aa33eba3d3df3fe26c69a1cb75,2018-05-12
c0f6d1b5bd7c7e2e418e077200b336d4,4a421d8ffe9d45d86fb36abe25c57013,delivered,2017-04-05 10:35:51,2017-04-05 10:45:19,2017-04-06 10:05:37,2017-04-12 16:23:53,2017-05-09,604007d5f81b82743c4b931c9f57d1d6,2017-04-05
d16a738e823500d0eb7b3286b59b316f,78c832f4d6afa7dedd954f7fb04e35d8,delivered,2018-07-15 11:16:18,2018-07-16 11:15:26,2018-07-17 09:10:00,2018-07-24 17:26:47,2018-07-27,1e44768fbc6dfdbeb177b220e8af9fcc,2018-07-15
dc198e42fd1b02634e6215c5a60de234,bbf4de25155f25cc5559953548b3829e,delivered,2017-08-22 13:33:36,2017-08-22 13:46:28,2017-08-22 19:51:47,2017-09-04 21:07:40,2017-09-14,c63065a808f00075eaa83617705789dc,2017-08-22
60c6ad4cefc764d607e14ca66de81444,1303acf77db8cb1ef32c56532c2127aa,delivered,2018-02-21 18:31:25,2018-02-21 18:48:39,2018-02-24 01:33:29,2018-03-09 15:26:17,2018-03-16,cdfb699679dd517211f57d48946d8d58,2018-02-21
a605e090234561f97bea7da842220f0d,6349d65638d28f08b1119300c0273e14,delivered,2018-07-02 09:01:31,2018-07-05 16:21:51,2018-07-05 15:51:00,2018-07-11 16:54:17,2018-07-30,6f562464650ea081ae97c40c1a071216,2018-07-02
b81c2aa5803f123d1e472ddcbbbd17c3,06964eb3fa634f2cb61a6c454eb93a9f,delivered,2017-11-24 14:44:25,2017-11-24 16:52:40,2017-11-25 18:45:05,2017-11-30 17:37:51,2017-12-15,23d1d33cb6bea1a2c268c1adaf615d6e,2017-11-24
d74fca7ee2ce7587c45eefb0fea95ed8,694fe0bdcd5d601ee81dba97d4ec8cba,delivered,2017-11-28 09:34:06,2017-11-28 09:58:18,2017-12-08 21:38:40,2017-12-26 20:44:50,2018-01-10,48670599c793cc443672fdda6de38d9f,2017-11-28
41d2688e10edaa4f87b2dad7aada4865,33059e481807ac22890c53c0e553cf5c,delivered,2018-05-22 15:21:51,2018-05-22 15:36:47,2018-05-23 13:32:00,2018-05-24 21:38:41,2018-05-30,c8fc8a6ab4b01350b57cd5c99061a212,2018-05-22
3ec5435a1c3bff282e994441ee5ee69d,11c261f43a86acaf623959e3dc1ae433,delivered,2018-08-09 11:45:34,2018-08-10 11:44:55,2018-08-15 15:19:00,2018-08-21 14:58:41,2018-08-31,bf8679a3ec7925ac3dc88943877facde,2018-08-09
18bab9568c4898babcda154767606442,9e6e4a7c6a872b507a377de47f42f583,delivered,2017-12-30 00:56:30,2017-12-30 01:08:06,2018-01-02 20:58:07,2018-01-06 15:07:53,2018-01-24,3e62c7e76057237999b774e5683d79bb,2017-12-30
a5100983e1d05155dba01e669148c2f0,49d829532bcad51bd0551240515285d2,delivered,2017-08-25 21:49:15,2017-08-25 22:07:56,2017-08-28 22:05:21,2017-08-29 22:06:44,2017-09-08,5f8e7bbb4ab1ce9bb4859ddc4bfe8412,2017-08-25
2dd788ca81b01065600706161793b829,f21979943f93df161348fe55047ce42b,delivered,2018-05-16 19:20:50,2018-05-16 19:37:18,2018-05-17 13:32:00,2018-05-21 18:41:49,2018-06-18,038ae1bbbd40a6649eed856e585467ea,2018-05-16
797784ed0407046312c7f3c777583a0c,47cc5c8daaed49e3017f7277388402d6,delivered,2017-11-26 16:15:10,2017-11-26 16:35:58,2017-11-30 10:21:19,2017-12-14 01:56:55,2017-12-20,a977f8231287c77d844b16abd15d0a6a,2017-11-26
af168723acee7d4de0144ad5361f547d,9131a1850f115393903d24188eb2c1ab,delivered,2018-06-28 19:34:59,2018-06-28 19:55:13,2018-07-03 13:08:00,2018-07-06 15:13:05,2018-07-27,9639384fef309e4e00b0b1ab586e16ac,2018-06-28
cf838b10d965c765a75c4f6f17bf645e,68db0252e5ad567234008980e8dab21c,delivered,2017-03-27 12:24:28,2017-03-28 06:42:27,2017-03-30 07:08:17,2017-04-04 16:42:43,2017-05-25,0037d2bbb9ebc39d9114aea27ee16d72,2017-03-27
725c0e3b1689714b8acfa0b09022e600,79984707b6d7059f01e633f935b6f352,delivered,2017-08-12 01:33:50,2017-08-12 15:50:07,2017-08-15 10:04:14,2017-08-28 19:07:54,2017-09-14,3d740e7cbf7e5b18027f204bd01b0be4,2017-08-12
1b7714170035431aeb7b711f2b09ec1e,d2b04b539a76356659d3e534c5a51ff5,delivered,2018-01-22 13:15:26,2018-01-22 14:54:58,2018-01-24 15:35:50,2018-01-30 19:35:57,2018-02-19,801df057e3b5edd086fb9d1410385c6c,2018-01-22
68126438e25973e9d716ab0e2485ae05,76456466e488ebe1a52338c4df13f15f,delivered,2018-04-12 18:12:25,2018-04-14 02:30:41,2018-04-18 01:24:38,2018-04-24 16:22:05,2018-05-07,532b8c0c2f22c1f0833891f4d3cac381,2018-04-12
7cdbe58528dd6084d383d0e2e891f3fa,dd06ec756fb54d70e970c932b652d9eb,delivered,2017-09-03 11:49:53,2017-09-03 12:04:00,2017-09-04 21:48:04,2017-09-16 00:22:47,2017-09-27,1d4670772c2fdc44c7ae027cc5b63fcd,2017-09-03
c14178abafd6865eecec624f9dcc8e4d,c9929583f20c42e36fe281cbd628d4e7,delivered,2018-08-18 14:27:28,2018-08-18 14:49:03,2018-08-22 13:50:00,2018-08-23 19:56:38,2018-08-28,2af2ef40d71352810a97f2d068a5b72e,2018-08-18
d0e215fdf1bf6d103e4b0c309767afc3,bc0dc189dc8d26acdfb02dbc8535903c,delivered,2017-04-28 11:08:34,2017-04-28 13:01:33,2017-05-02 10:14:29,2017-05-10 09:46:50,2017-06-01,83234e46bf781d976cf0e841d330710c,2017-04-28
b0d58ac3e50ea081a58d56cc538f15cd,a52803a830c1641ba40537bc4e901532,delivered,2017-03-13 17:03:55,2017-03-13 17:03:55,2017-03-20 14:28:54,2017-03-22 09:14:45,2017-03-30,ec21f8dc022a15d6b6a1a8e7395b92f0,2017-03-13
ba6e041bd3e8e33cf1c2f2db99db6673,fc2a9026566306914692682fc68e346a,delivered,2017-09-13 21:51:14,2017-09-14 22:07:56,2017-09-15 19:12:33,2017-09-29 18:37:51,2017-10-09,cdafe6347e24e22b011b587126de0ef7,2017-09-13
b02aff946bf246d61d7f3977e0d352c1,f0b35bb554d9d15794561e6e7c9d7ff5,delivered,2018-04-05 11:35:38,2018-04-07 02:48:25,2018-04-09 16:38:51,2018-04-24 00:23:39,2018-05-07,68b7f7527c630a55d405891e7da789ca,2018-04-05
4556e8c7a1fb280f57f939007f33c799,b944c2dcd9aa58a6defedda9e0d72ea0,delivered,2017-12-10 09:18:07,2017-12-10 09:30:25,2017-12-13 20:22:56,2017-12-19 20:34:29,2017-12-28,84e9e78c7a4d3df5b38c9bc54cc523e1,2017-12-10
f9d71ca22c3574cb50bd404950d12ff3,d2da057d4083d5150c6275d1d17b7070,delivered,2017-05-14 14:59:05,2017-05-14 15:10:15,2017-05-15 10:17:06,2017-05-23 10:34:57,2017-06-09,3dadc7103d20bae9a1d9e0ade0314b5e,2017-05-14
add8925a882ced65862ec18298e38f3e,fc378e1d9da68d6e4fa262d5cd5e2542,delivered,2018-02-22 22:56:20,2018-02-24 02:50:40,2018-02-27 23:48:40,2018-03-22 15:07:01,2018-03-15,6f22f502d3ce6e46f93c5df92dd30a75,2018-02-22
c6ed8a05ecc79e1f32c89a71e67a070f,238e546530bf8c718e5c61c7256e2731,delivered,2017-10-20 21:31:17,2017-10-20 21:49:23,2017-10-24 14:33:59,2017-11-13 23:24:35,2017-11-22,efc183995f386c0c6b4287b15589c310,2017-10-20
8e75defef52610477f8662c16b16498a,3052550ac063656f49a00f2f6a177a4e,delivered,2018-06-18 22:40:38,2018-06-18 22:56:19,2018-06-20 14:43:00,2018-06-27 18:41:57,2018-07-19,b11d1683fcfdef46a2130606418c7116,2018-06-18
0c9390d44c63041e5212e93ac2a5c930,5e168c76684ab783a8e1b4a8edd6548a,delivered,2017-02-16 08:20:11,2017-02-16 08:30:18,2017-02-16 14:42:52,2017-02-24 12:04:35,2017-03-15,51447a072df1808d23bdec7d610f80de,2017-02-16
0c4d9abe48221137e67e9d01a442df13,ccce3ac024e004b2607899abecc0d9fd,delivered,2017-12-04 13:35:13,2017-12-04 17:14:35,2017-12-05 21:58:43,2017-12-20 18:52:40,2017-12-20,e781047b6e41434da39c622e1c7f3851,2017-12-04
c6ad7089d27e68a395de452a632cb54e,0a772b10ef12b6b87ccb345a44eab70e,delivered,2018-08-05 11:47:06,2018-08-06 15:25:14,2018-08-07 12:37:00,2018-08-13 12:38:42,2018-08-28,a8561213c3aa6bbc0ade2e513ba99359,2018-08-05
e022510764d42bb4573b6a4bc831f454,795d422b2ade245ce926a14fde928c6a,delivered,2017-08-15 22:07:12,2017-08-16 00:35:25,2017-08-17 17:23:05,2017-08-25 10:05:42,2017-09-06,b6d084e81db24e4b5cfc9b80057f26d8,2017-08-15
2bba38e2a9893d1126b133f189ee66f3,1c90d2c27dabbe23f3e469b3776499be,delivered,2017-11-26 18:51:19,2017-11-26 19:12:22,2017-11-28 22:03:42,2017-12-08 20:51:42,2017-12-20,49919ff65086c0e6b0d059c96befc234,2017-11-26
0323ff12c1df8a359930ac6b84a32653,bb3971094d7eb77b5347edf241a9f60e,delivered,2018-05-11 17:57:27,2018-05-15 03:55:59,2018-05-15 10:36:00,2018-06-01 18:12:44,2018-07-02,992dd82b09483da3ce7927c061fd1880,2018-05-11
8fb50f9ba98ad9be38b8ffa2643a24e0,81e9bd827a271d51b86bd4f0099c652b,delivered,2018-07-31 20:33:48,2018-08-01 20:25:16,2018-08-03 13:55:00,2018-08-09 20:59:52,2018-08-13,fc71ef114e6766232e605cac44a9dc99,2018-07-31
c7aceffb9d1f53a16af318605ae8c460,73b6f637aee62f1c0ef5dbcf9c28634d,delivered,2018-02-18 14:36:36,2018-02-18 15:46:44,2018-02-20 13:42:03,2018-02-26 16:17:40,2018-03-15,6eeec4347dc0ecf3acb5c845b6a51ee4,2018-02-18
e26cd342669df630e929534f52f9751a,3bf65193b71f8b81fcf6167cfc13df20,delivered,2018-03-12 13:09:15,2018-03-12 13:38:24,2018-03-14 00:26:51,2018-03-20 00:56:50,2018-04-06,103fae9c95f5c4d4fd7a3b7a277b527a,2018-03-12
d67d037cf424eb6cf603ae4e9d344542,c80756226463b72fc101a16fe4a0ec78,delivered,2017-08-07 08:57:43,2017-08-07 09:05:19,2017-08-09 12:48:46,2017-08-15 19:18:34,2017-08-30,c783267d7d698125cc2d9b5aff8bef44,2017-08-07
9ee2b040a6fafeecf4003f3d173352fb,5d1be0a2d67e8bb132cdb86cb44a6c61,delivered,2018-07-04 18:57:41,2018-07-05 16:33:22,2018-07-11 14:12:00,2018-07-12 18:48:37,2018-07-19,1be0ba8648eab087e8ab795481989f6f,2018-07-04
bb49b2fac8a575f20a56392e3e3db294,64a11246814d265d2b9fbe7011f72a77,delivered,2017-09-12 10:44:39,2017-09-12 11:04:42,2017-09-13 19:13:43,2017-09-25 21:42:41,2017-09-28,dcc8a356f6950f0084fe9af38dffdd35,2017-09-12
538bd1762345b645639b118860b0cc81,3429e5cc7c1db7f03d5cf86f979e9577,delivered,2017-06-09 16:08:30,2017-06-10 02:43:11,2017-06-12 10:03:21,2017-06-13 13:20:23,2017-06-23,1751529136683b2e8022bfd277fddc84,2017-06-09
d70e47f7dfa6592aa7aef88a140b1b47,6ef5fef64ffcd935041b5b9a598ec16f,delivered,2018-03-13 20:15:19,2018-03-13 20:49:26,2018-03-16 17:43:00,2018-03-28 19:49:27,2018-05-04,b7e21bba748245af706650e48b36e1b1,2018-03-13
51d7a5256a29ae35eeaa4d7bbf14931a,170fa80e9be57279b9ff58d86386806e,delivered,2018-01-16 21:44:39,2018-01-16 22:32:27,2018-01-22 22:34:13,2018-02-26 17:03:55,2018-02-09,10b5d8ebc7239e0278bd3cbef0f6534c,2018-01-16
d1084d0eb1f01efd194221baec7185a3,b239dd5384263e6ca4ee58b8d0a99802,delivered,2017-07-20 14:25:52,2017-07-22 02:15:28,2017-07-24 19:45:32,2017-08-01 19:27:37,2017-08-15,233c90a409768e18ab9f30f38846ab25,2017-07-20
b3879e737eafcf76e10b3118e9b11f28,eb016e19debc9894e302fa6ef442479e,delivered,2017-05-08 15:09:43,2017-05-08 15:22:19,2017-05-10 13:23:27,2017-05-16 14:32:22,2017-06-02,109f3d7b91c8b80d6eae8b173247006d,2017-05-08
7eb84fb181fe75a2b97152673283b52c,350de096e6fb65985ae0ee99cb2e68b2,delivered,2018-02-15 12:17:49,2018-02-15 12:30:54,2018-02-16 00:12:30,2018-02-22 20:37:54,2018-03-12,611c18dd76fb447356b1266351055370,2018-02-15
2856f5bacffc9ecb757a71b90bb42e85,ffe0aaaac429db7837e943b83ee6c385,delivered,2017-06-29 17:19:24,2017-06-29 17:30:19,2017-06-30 14:33:58,2017-07-13 21:07:52,2017-07-26,121a8ecc8f0438fe59cd337db4d4ebf5,2017-06-29
901d12b998346d8e026c82a862c15e07,60e7ad191809c84e2fa3c164e1a5b948,delivered,2017-10-24 21:56:58,2017-10-24 22:07:36,2017-10-25 20:50:06,2017-10-30 16:27:39,2017-11-10,373f58d5685e5d041b9fb63c7c580593,2017-10-24
a43e5a2d8f81c9ad4163651fe3b226c3,2114238aa3f579996cdb40cc16b54712,delivered,2018-01-03 14:53:35,2018-01-03 15:07:21,2018-01-08 20:46:17,2018-01-18 16:45:57,2018-02-05,9c589f33421387a7ca24fd1327fac265,2018-01-03
4093a63e6c3fa6b277e0fe4b6347ed49,ccdc1fdb952df6ad0db18f1e7786777d,delivered,2017-12-27 21:26:26,2017-12-29 07:31:43,2018-01-04 20:32:15,2018-01-05 15:25:32,2018-01-16,26b981471d693dc5e88cc0c9b30f22f9,2017-12-27
cd383d7a5f926abfe7b2ee1b80078b45,37fccd2d756c8564ce539cef92358880,delivered,2017-02-09 22:05:38,2017-02-09 22:23:00,2017-02-20 09:32:08,2017-02-23 09:22:41,2017-03-10,4f5a469269f056e90e63ca3876725dbd,2017-02-09
abdd646748be1db80232f95e5f937154,4afafdf40ad6ca2dd0ec8c1ade8db795,delivered,2018-01-05 11:59:29,2018-01-05 12:10:21,2018-01-08 18:58:39,2018-01-12 14:16:37,2018-01-23,af6b21c9181eabecde4974b9f2752828,2018-01-05
dcac490b5b3b967a6ca5d810dbca27d9,41d16e709049affc655eddffac70dfc4,delivered,2018-08-04 13:07:21,2018-08-04 13:44:03,2018-08-07 14:56:00,2018-08-11 18:49:56,2018-08-20,28a8e96d14a461d4f0a10684a608b9e9,2018-08-04
af29f3d2878958723720a759676814e7,3380dbe062b329f11a5e5de5552c5c34,delivered,2017-11-01 01:52:21,2017-11-01 13:31:20,2017-11-03 19:22:56,2017-11-16 20:18:32,2017-11-23,738ffcf1017b584e9d2684b36e07469c,2017-11-01
c23ef0b7332bb9b0b8e3ae45346a364f,611018ac0e01d2dbf307450bd9ffd29b,delivered,2018-06-24 09:57:00,2018-06-24 10:15:39,2018-06-25 14:45:00,2018-06-29 20:42:45,2018-07-26,f29f2553228477390f58da04a5c3cb8a,2018-06-24
040f27ad597191f7832612a806fa682f,1af1723f0cead011af0e8aafd98d8189,delivered,2017-12-22 14:43:34,2017-12-27 04:08:46,2017-12-27 18:57:50,2018-01-08 12:26:01,2018-01-18,944f878da6c337f600e0179cebe42bf5,2017-12-22
f014aa85d8f495d824d120e9035faacb,045b31c2888ad0ee254e1387e410ee89,delivered,2018-04-07 12:07:04,2018-04-07 12:28:17,2018-04-09 23:08:47,2018-04-11 16:26:31,2018-04-19,050555c26479bbb8ba0740c37e7454d0,2018-04-07
af15b02bd22fa4485130964ab9c97f4d,90e0cca9678279db439534443b863dbd,delivered,2017-04-17 20:28:18,2017-04-19 02:55:38,2017-04-20 07:56:35,2017-05-01 09:46:03,2017-05-08,c3c7224c810cc09a51c6790cadc0fc38,2017-04-17
4b0c92c783fce531bb5b76d0bb2636ac,fc3fe781283a400950dd7702b8a4dc28,delivered,2018-06-19 08:36:42,2018-06-19 09:18:27,2018-06-19 15:06:00,2018-06-28 15:03:04,2018-07-24,be726f6a4880c09f6f0b2253103ce6e7,2018-06-19
34e52c9f5c9ec68a599473a73c06a782,62f7542360ee7d4be52633831421ca1a,delivered,2018-02-22 07:51:44,2018-02-22 08:08:13,2018-02-24 01:33:30,2018-03-08 19:58:20,2018-03-16,061165fb1124ef826ed9673358e41c5d,2018-02-22
2f1a1f6835e7ea0d360901c632fc0cbf,12ffbbab2039d22b5c5bd4de2b0ffc78,delivered,2018-01-07 21:09:40,2018-01-09 07:20:00,2018-01-10 19:39:18,2018-01-16 22:06:04,2018-02-06,39dd57f5a7f80ad335912eee5f7f0fb6,2018-01-07
3b96533b1d556ba2db462f837d839dfa,62bca519972bb00e4d383b445f66f1e5,delivered,2017-08-08 16:40:58,2017-08-08 17:04:34,2017-08-09 20:08:47,2017-09-12 18:24:58,2017-09-12,84ba6dec9aff1642cca06ff595a6d86c,2017-08-08
a3f9696801e0ce6882756720d7580e17,52c1e413793f215faaa01a161adfbab9,delivered,2018-01-18 08:55:45,2018-01-18 09:10:37,2018-01-18 17:18:51,2018-02-02 17:53:05,2018-02-09,df1a504a05bb6f00013a6d2699034bbe,2018-01-18
814e7ef832adbfc279ff3141fd3a93e0,9187590d44686abaa6362f69be5715a7,delivered,2018-07-04 21:30:59,2018-07-05 21:30:50,2018-07-10 14:30:00,2018-07-12 16:32:27,2018-07-19,27681ebc3bf88ae0bfbb1809c3b3f9c0,2018-07-04
83d4cdc8d1407f164545f19c29fda95f,33d55044ada18b94de8ae67b5d39b43c,delivered,2018-01-22 10:36:54,2018-01-23 03:37:26,2018-01-23 17:09:46,2018-02-03 13:56:54,2018-02-20,d075250e3b5439ee646c93cc79e164e3,2018-01-22
49b689eeebb45115d1a871b368692412,0638bb7d39fcccf22a07b88db6686785,delivered,2017-09-25 16:33:05,2017-09-26 03:49:12,2017-09-27 19:52:04,2017-10-19 21:13:38,2017-10-10,50069df36b6b311365d95cfdb8732387,2017-09-25
d908de4c1a0a5ef56f75e404abb7ee10,40344fc90bd43d22bf7cb4ef3be9e4ef,delivered,2018-03-05 20:04:42,2018-03-05 20:15:32,2018-03-08 14:06:31,2018-03-28 18:14:53,2018-03-21,61787ecc9f5a3626e861f343fdcbaf9b,2018-03-05
af68048a682392b0cc14f22a8eef5b7e,656bc0e5a7c16980ad87811788a17acc,delivered,2018-04-22 22:25:07,2018-04-24 18:12:48,2018-04-23 21:12:06,2018-04-24 21:41:12,2018-05-10,93bf97e6096bfe1609685172a848c785,2018-04-22
01442602b15d4127a84ca6ac1507ee2d,5f816233eb2322dd00015934ff84693c,delivered,2018-07-29 14:13:19,2018-07-29 14:31:45,2018-07-30 18:05:00,2018-08-06 18:03:03,2018-08-21,9f9b454e416375f3c705666a76c37114,2018-07-29
ea4379fe06f33b88de9ffd4fcdddd6ba,d98a954d2c0d995688a33b6f8b73bb56,delivered,2017-12-31 00:30:41,2018-01-03 04:12:37,2018-01-04 20:32:15,2018-01-11 18:57:27,2018-01-18,fa3a5c745f1633b2e160f815c75f51c2,2017-12-31
ccc2fdf91b8602da839b8cc89ec47dbe,638737b0a93bc3480cce7a10b5ef5d7b,delivered,2017-11-23 12:38:16,2017-11-23 12:49:36,2017-11-28 23:51:29,2017-12-12 00:22:36,2017-12-20,204605e46ef3b06c33ec02d395cbdefd,2017-11-23
f59af974d2e7a5dcdb1aabdefd024c2b,7dc15e58615110bb8e8aa5e2461b0b49,delivered,2017-07-22 20:49:01,2017-07-25 03:25:27,2017-07-26 10:42:09,2017-07-26 19:09:36,2017-08-04,2fd8c8ad4efbde123c44b7cfe8006764,2017-07-22
c00ec2c5d2f145b694e4f478c71c5711,0c24eb9748620ef4c1a57fbcb77f5ff6,delivered,2018-01-15 13:33:36,2018-01-15 13:49:58,2018-01-16 21:45:18,2018-01-22 18:24:43,2018-02-05,d4bfb52232b293647e88915939ceb6ca,2018-01-15
90f902fb7be25c2c9903adae205a588d,ad8daf56a5a769d141a5bb25a1681f40,delivered,2018-04-09 23:02:29,2018-04-10 01:31:02,2018-04-10 22:30:47,2018-04-11 14:32:45,2018-04-26,1a1749ccec3992062633d619ae8ea1f0,2018-04-09
4e01d932d5ce12858a7df7c7074e6d3a,f59baee36d1ea32dcc785062f5f55a77,shipped,2017-06-23 20:49:15,2017-06-27 04:03:14,2017-06-29 13:39:49,,2017-07-19,483293828ba25e350c560f5d91507b7c,2017-06-23
31f6ff8aa036e65dcd7e8c1e224a5b91,a535fd936692391bd5dee1bbd2391730,delivered,2018-08-16 19:56:46,2018-08-18 02:50:09,2018-08-20 07:25:00,2018-08-23 15:41:11,2018-08-29,4bc84c92722f0c26ae39e49e716b0691,2018-08-16
4c530bbcde8e6cf59b58cfc811436362,10dd16991df7b09028004ea139cf0111,delivered,2018-01-11 00:08:09,2018-01-11 00:15:29,2018-01-12 21:13:30,2018-01-30 00:26:10,2018-02-22,f14e70852069f3306296aeb226115ab4,2018-01-11
3947f8b579143e1289ebaf01ff3dd6ad,e96059fccb7293fc18b1f7f8596488f6,delivered,2018-05-09 15:39:10,2018-05-10 09:11:43,2018-05-10 15:53:00,2018-05-16 20:48:30,2018-05-29,77c5e30d4c68a00750922e0819de990e,2018-05-09
d9c97ab2098fe0b71eb51aa660f74fe2,45a918e53c2777929c7e00a148e6f4ab,delivered,2018-02-25 20:35:27,2018-02-26 20:28:49,2018-02-27 19:33:47,2018-04-02 22:50:03,2018-03-23,0f84a9dd952e9bb00c700016650df3f7,2018-02-25
bc14a141bbb47b18a33d0a1747cab119,80cd6471cc015cdc037bb17791e1ccc6,delivered,2018-08-17 09:51:45,2018-08-21 04:55:38,2018-08-21 15:54:00,2018-08-24 17:33:37,2018-08-28,1a2ede4e787ad199c46719ecb02d81ea,2018-08-17
d86ec98154cea8b1c374cb343e2e0e4f,7393605d0effa0bc6bbc2b5026a1790e,delivered,2017-10-23 21:58:26,2017-10-25 02:14:23,2017-10-25 21:29:56,2017-11-10 02:51:48,2017-12-14,5df5e99502ad44a300adc051ec421626,2017-10-23
97352341e218f0089a070b1be89f47bf,71dfdf073dec8dd60727c8d8e3adb675,delivered,2018-06-14 08:38:14,2018-06-14 08:58:43,2018-06-14 14:13:00,2018-06-19 21:15:39,2018-07-11,6605ec930de757543bfa84fcbdd9de56,2018-06-14
90067425f10c56b57afe862b51284a29,829961c76df2892a3b50656daaa764ed,delivered,2018-06-16 13:41:35,2018-06-16 13:59:45,2018-06-18 13:27:00,2018-06-21 19:54:25,2018-07-11,6e5cfb83dc7bf0422ad5ef00fa709da8,2018-06-16
cc6adfff0d6a6796585ca1d0901f0ea1,9a87ecffc7fa5774d977fa4630769a63,delivered,2018-01-10 22:36:31,2018-01-10 22:48:09,2018-01-12 21:46:15,2018-01-19 13:35:57,2018-01-31,e9693a4ecdeff9a711c21f77230c2c96,2018-01-10
9beb5e7d5f3259ffe94f61e9766cd478,ac9ed6d1f2b0169a9351d5ef3188ec66,delivered,2017-07-28 14:37:13,2017-07-28 14:50:18,2017-07-31 16:42:55,2017-08-16 21:14:07,2017-08-24,cc230a0a352f35b5932eb38eac0bc3c3,2017-07-28
7fd4a54fa1cd70568f88704d03ce000e,6d46ccea7662ef27c31a9d2ba97d18b1,delivered,2018-04-15 20:06:25,2018-04-15 20:30:28,2018-04-16 19:51:41,2018-05-05 17:03:59,2018-05-29,5c25cb465fc02f56db6b7bd765ceed13,2018-04-15
d5c99387bb0975f7fd307eab0b02bd63,bd6015756d502c57af1d4f5ce8f7bb7d,delivered,2018-03-14 21:26:28,2018-03-16 03:25:13,2018-03-16 20:37:50,2018-04-30 18:16:55,2018-04-03,9ce2fd02219ee39ad0b757aaddd664b1,2018-03-14
6ff2566f7d79cca0eedc19c912b314ec,9ba254f2f392363b1df13a0a97e0de9f,delivered,2017-11-11 18:42:13,2017-11-11 18:55:28,2017-11-16 19:07:38,2017-11-29 01:22:55,2017-12-08,2814c8bbfbba6c2671759ba431b72cfc,2017-11-11
c8f4027dbf44d9747152dca781b0cc37,60c1ae14f523c5e43ddf237644b7571a,delivered,2017-12-20 12:59:30,2017-12-20 13:13:50,2017-12-20 21:52:30,2018-01-05 18:19:07,2018-01-17,788cb725f403d1aa1a9b5266ff31e405,2017-12-20
242800e82e3e3f0aca252d6e03e4564c,b1c28f9b72d07054b64d09e487b5021c,delivered,2017-06-02 09:19:00,2017-06-02 09:30:14,2017-06-28 12:02:56,2017-06-28 16:07:41,2017-06-28,c949c73b1318491d6b5b117acb3e24a4,2017-06-02
19f60164db6130153f77c00960387648,b7b21112d947b9ee0f215306a1c21fa1,delivered,2018-01-06 18:32:13,2018-01-09 07:16:20,2018-01-10 19:46:59,2018-01-16 22:49:08,2018-01-31,fc915e2d48727afd71b2e31dc2cb7147,2018-01-06
b2904e4b8dc7f4317993cb7d645f1a85,6078d4d210247a79ca7559bff4d79ffe,delivered,2017-11-27 16:58:45,2017-11-27 17:20:06,2017-11-30 22:57:54,2018-01-09 01:15:25,2017-12-26,03cccac05d316dc60827fa7abedd608e,2017-11-27
a4e77152901ecb44078648779dabf22d,facf852351837bd0ddf667c09c8b6dac,delivered,2017-06-19 17:36:14,2017-06-19 17:50:26,2017-06-20 14:02:28,2017-06-27 16:03:02,2017-07-11,78ee26fa1c9d46b1473fb7343a000ee8,2017-06-19
94ed99124b4c0ee155fd9bb057a14c2e,63f4af09fb9173f543e2c340dd9aef85,delivered,2018-03-06 10:16:21,2018-03-06 10:29:57,2018-03-06 20:36:13,2018-04-11 21:32:03,2018-04-06,3c51a15b28ef5a487b6447853a00690f,2018-03-06
7a18fea05bb2617bc74ee0bd1009c0c7,8a561b232448590a2c52fb35de87d5fd,delivered,2017-09-28 19:50:59,2017-09-28 20:07:09,2017-10-02 21:32:24,2017-10-10 17:47:41,2017-10-20,03bd54f79495a5307846e047faba03d2,2017-09-28
870e6f0cd3ddbb87daf15ccd2926b142,d50cd744c2d765c48a532e083ee77746,delivered,2018-08-21 15:37:50,2018-08-21 15:50:35,2018-08-22 12:27:00,2018-08-27 10:12:21,2018-09-05,78e3d4cd1f3d3d98ed1e2a82359243fa,2018-08-21
01d907b3e209269e120a365fc2b97524,d02cc92f5e33eb58d9ff4d5cce6ae901,delivered,2017-08-09 16:21:06,2017-08-10 10:25:08,2017-08-11 19:05:53,2017-08-16 22:34:11,2017-08-29,a7b781410bcc8bbf3221f48ff45aae6d,2017-08-09
8177a0e0feb7c7686cc5f777083f1575,d92deb7c086f0854bbf7bb5d662727c2,delivered,2017-11-26 10:35:07,2017-11-28 08:11:28,2017-12-05 00:13:27,2017-12-05 22:32:48,2017-12-11,e60e61598dc2b22ecd55888be5b5d692,2017-11-26
22021e0f490fa77f0ccb20d9e8b50f22,5c45631cfaa5711b78f3f1e24b125a7e,delivered,2017-07-14 23:32:47,2017-07-15 15:15:16,2017-07-18 13:36:04,2017-08-08 17:16:33,2017-08-21,3f1696ddc8b0b1091190ce0fa1aecde3,2017-07-14
d8d344285c3eb8fe24478102c93f6e94,0b367775717574e7412c7b73c8bde1e9,delivered,2017-11-11 16:59:22,2017-11-11 17:15:26,2017-11-16 20:11:49,2017-11-23 20:18:00,2017-12-04,759d68713a15c3b9a52b377694b94efd,2017-11-11
0e6dbbc7484dc1ee0392c9ca801035c2,90f65e1539426f18ab1941841d728c72,canceled,2018-03-01 22:40:51,,,,2018-03-23,8ffa5e9fcc3da23113128e94d1c75706,2018-03-01
54c158b7244a2d0fcb90916d6b65ef61,0f117c111e7066f9c983a45fceeaa534,delivered,2017-02-05 23:31:24,2017-02-05 23:42:13,2017-02-07 16:15:00,2017-02-10 11:57:42,2017-03-03,d7b3864dc072b52415d7ef879370c645,2017-02-05
a8bea4f26eec48abe4e6fb0e6a35f7ea,976098225a2a5d9ec2dbf9294b71efdd,delivered,2018-02-06 14:52:33,2018-02-06 15:56:03,2018-02-07 23:09:01,2018-02-19 22:05:54,2018-03-08,9bce1c481b5fb3a16f25dbcdee712603,2018-02-06
9e8852e4c12fac659173a62c643a74e8,3bb8e9113017288a6f496a7780c0f16e,delivered,2017-04-27 16:51:17,2017-04-28 11:41:21,2017-05-15 10:03:54,2017-05-25 10:35:39,2017-06-16,83ff4d3fae541d685ea8687e934c43ec,2017-04-27
840d7cc10efae8ba460cc8ea84f1b6db,9f361e84f8bbbb7cb127f06f1f64cae2,delivered,2017-12-12 10:52:09,2017-12-12 11:12:18,2018-01-31 01:27:46,2018-01-31 08:22:47,2018-01-12,c0db32b5102cf8ec8c26e4d80a5144ec,2017-12-12
588867aa05bba47fba33fab42f8b43a7,ca19df90399889a1c179f9534a4fdaf4,delivered,2018-01-27 16:44:41,2018-01-27 16:55:50,2018-02-01 02:48:49,2018-02-15 19:28:57,2018-03-09,1057fd6817f767701286354dbebef40e,2018-01-27
abbbf52551bc34cd52a7851c06dfca90,594ceaa56731ed8539ea1b5437d9e311,delivered,2017-01-26 23:20:31,2017-01-28 04:35:50,2017-03-17 09:45:32,2017-04-05 14:14:58,2017-03-14,040e4df45a02c9d398c233227f207f67,2017-01-26
aa0cb1c340fa8ff2e4a09780d829e118,400388ceff640aca4e6523b05d161bf6,delivered,2017-09-17 15:41:27,2017-09-18 22:45:48,2017-09-19 19:05:43,2017-09-26 20:09:22,2017-10-10,a386cfbe02fe676d118fb356ed6c0cc5,2017-09-17
092166b50105729618cd1dfb1e7c650c,962be2aadd1d19b72b4c27cfe5e4ea37,delivered,2018-04-03 13:55:45,2018-04-05 11:48:37,2018-04-07 01:19:32,2018-04-09 16:42:27,2018-04-13,bfb5363db41e6d47d3f16a1ba3e880ab,2018-04-03
1dc23ddb9b0da103fa2b711855d60c76,feaad759d81ebdfbb1bb6d805eac5da1,delivered,2017-05-02 03:31:23,2017-05-03 11:10:18,2017-05-03 13:17:24,2017-05-19 11:11:51,2017-06-06,7d0687ed097422bd5a290b232348931d,2017-05-02
f0691f65edb8f6ee394ea69d4e199d0a,efa59d77e8708ed3ac9e0ae96e42c615,delivered,2017-10-02 21:40:05,2017-10-02 21:56:24,2017-10-04 21:22:19,2017-10-11 19:04:14,2017-11-03,babb55a4b1603e5009feee1b72080ff4,2017-10-02
c396875c8c74f02ac52d7c40caaa9497,9254fb742024e9e5a4db49460d6d6443,delivered,2018-03-06 20:20:40,2018-03-06 20:30:36,2018-03-10 18:02:43,2018-03-13 15:44:36,2018-03-20,3dff7e5a3d6bc5efe2620d9117080564,2018-03-06
8bb924ae0bc90959d7967c29dab3ec6e,53663004226cd1c60441cf095767ea66,delivered,2017-09-08 16:11:40,2017-09-08 16:25:13,2017-09-11 18:44:05,2017-09-12 15:27:41,2017-09-27,94a7d8dd8574c1a65dc006d2865d90a2,2017-09-08
73596e67516934a7fe64cc6ca6d75545,347383eb85480a99e9df0bba4b129093,delivered,2018-06-14 20:09:31,2018-06-14 20:40:33,2018-06-15 08:02:00,2018-06-23 10:03:45,2018-07-13,628bdd93abd27fbdd50f4e2e91ec64b3,2018-06-14
71c1725420f3c980356bbdeea6abec9a,fdf90ea1ab409555dc79650e3e36fa01,delivered,2018-01-28 09:16:23,2018-01-28 09:30:27,2018-01-30 20:51:39,2018-02-16 17:38:38,2018-02-20,22a346f09597fb88c18322408e24349b,2018-01-28
ecac9efb8edbf004c521a0cc86b0a167,12da06970997ea572ea9443cd23d28c8,delivered,2017-09-30 17:55:51,2017-10-03 06:35:24,2017-10-04 15:03:08,2017-10-09 21:41:09,2017-10-25,eb267fd237d3db5b0c68b5af0b688d04,2017-09-30
302b396fb7309dff006052b6e42d6257,c4d2d4dea880dd1076126ce7ab82c9dd,delivered,2017-03-22 17:23:19,2017-03-22 17:23:19,2017-03-23 15:26:04,2017-04-04 15:18:02,2017-04-27,e7b43333c3fbf8d66bdc844f79031711,2017-03-22
04b3f8c1795246a5d14db7496d570bc9,c3c91f40e481639af088fcf9a9ffa1d0,delivered,2018-02-08 09:54:26,2018-02-08 10:10:35,2018-02-09 00:41:34,2018-02-20 13:52:02,2018-03-19,5a7f39c25c827a1355cd76e498b3737b,2018-02-08
4f3f48cbedce0c316c688af6fc7e9c56,e50355d012ea4541a82a891e41429b8d,delivered,2018-01-26 12:00:35,2018-01-30 05:31:54,2018-02-19 17:18:48,2018-03-17 18:45:30,2018-03-08,0dc81b520ef7db9cb44bb075e129dcf8,2018-01-26
8f65131225833fbebbca5422422026cf,babbb0bf37facbed1dc42de9e02d4ee2,delivered,2018-03-19 14:32:34,2018-03-19 14:49:45,2018-03-26 11:56:57,2018-04-13 14:54:26,2018-04-16,c944b21845d277728556153ba077863c,2018-03-19
96cd7d516765eee5049d171debc21ebd,69e15a390ddbb4802714da5f52b14287,delivered,2017-11-20 11:27:15,2017-11-21 19:48:01,2017-11-23 21:48:24,2017-12-19 01:09:21,2017-12-21,1abff90112d2ef4058b7306691e6b7a2,2017-11-20
cb7cdbc81a72944010981bb56fe37f54,e333a179b5ac600d294b441075d3de4c,delivered,2018-05-11 15:35:55,2018-05-11 16:18:32,2018-05-14 15:28:00,2018-05-16 14:19:36,2018-05-21,6edeeed37ddd3dee7559f358b023ef9b,2018-05-11
7af0cdfa3882b66c59014380a20ef7b6,2fbffc4b0be525d79262bcd945b22f10,delivered,2017-12-04 17:36:05,2017-12-05 04:17:38,2017-12-06 23:33:00,2017-12-07 21:06:52,2017-12-20,82da75145ef6670c4f592dac3742fcc3,2017-12-04
3b71ec8ef75f62e3cebce5c907d0919f,afeececd4c3a402d37337d7f8b73ba12,delivered,2018-05-09 21:36:00,2018-05-09 21:55:25,2018-05-10 10:57:00,2018-05-14 17:13:44,2018-05-25,b54b13cce83ca86d625ecbc262855775,2018-05-09
574106974d37a1691293b7342fa3d799,e36413715a98d626cb2c8da6d70200e4,delivered,2017-03-30 13:21:20,2017-03-31 02:10:07,2017-04-03 10:34:32,2017-04-07 11:33:15,2017-04-25,8689b3e15d4b16cfd05ecf597a523453,2017-03-30
bd0b9d39fa302d80d7c2e9fdd92c3a8a,5ca12aded26b353f1a7363f0b1ff7b49,delivered,2017-11-24 09:02:58,2017-11-24 09:33:34,2017-11-24 17:14:39,2017-12-05 19:27:05,2017-12-14,043afed31d52a09afda151e9f0b3d0ad,2017-11-24
4a90fdde0d8f47bc83f32f3f39082f94,3d77e17344794d675894ff95646e5861,delivered,2017-12-02 13:03:26,2017-12-02 13:09:57,2017-12-06 00:41:28,2017-12-07 20:38:52,2017-12-20,50734d03fb153fc7551157cea64536fa,2017-12-02
3dc05c1c3ad454112c2ba597457029ed,efc09af87a17c5e3af68c5c2af9768ea,delivered,2018-06-17 21:50:12,2018-06-17 22:19:00,2018-06-18 14:25:00,2018-06-23 00:53:46,2018-07-16,507e090b3ce87ad9de2d981c408d668e,2018-06-17
a30b65719297f5afcb931bcad170cb7d,d2d82b8e87143477f9a27e005f4b87f3,delivered,2017-08-31 17:49:40,2017-08-31 18:05:11,2017-09-01 17:32:30,2017-09-06 18:33:03,2017-09-19,3c601cdf47f343edf04dbd987a837a2a,2017-08-31
b3e5e9dcd613871dfe10a915545f2ddb,a4db1152c2cf540a438b7c91e55f2bdf,delivered,2018-04-17 11:53:59,2018-04-18 11:51:59,2018-04-18 22:46:45,2018-04-23 21:17:03,2018-05-10,e95ce61bc5523253a1c9bfb40510e31d,2018-04-17
3ba7ce85dc458d349b295ec9e55d2098,dfac6c0e38db3311d420fe33742f1412,delivered,2017-09-20 16:35:37,2017-09-22 04:15:58,2017-09-22 19:47:04,2017-10-11 18:34:10,2017-10-17,8989738a7091bdf85219ea7ee8f2b21f,2017-09-20
79c4bd6c466a226de3a2b9ee556a0116,05010516b844e532c5dde4da1f0269cc,delivered,2017-03-13 16:38:40,2017-03-13 16:38:40,2017-03-14 18:19:06,2017-03-29 17:25:01,2017-04-10,91ac74239a32254fc4a9779cf38b2226,2017-03-13
c666476105edefde7a138ed12ccb9910,bcd6cf41abb52c34fbc0c481bc144eb9,delivered,2017-09-25 22:10:11,2017-09-26 22:14:11,2017-09-27 20:25:11,2017-09-29 21:03:40,2017-10-18,d67c054dfcbdfea828a6be99b13f8207,2017-09-25
19d7b8e60189f7bf1e3be29ec3aef2ad,0503583783b2b1cabcf45387f5f09468,delivered,2017-07-26 11:44:30,2017-07-26 14:25:21,2017-07-27 18:33:22,2017-08-08 19:42:09,2017-08-23,a9f6727535a19cf10a95ba8ae02e6da3,2017-07-26
519ecd989dd22a72180f4334121c24ae,c344c11cd7a8b4700639c28d94348b82,delivered,2018-05-19 19:57:22,2018-05-20 00:41:42,2018-05-23 12:24:00,2018-06-04 21:05:55,2018-06-06,0f81ae62989f5fafff28da748faad5a2,2018-05-19
b77c6d3c0334b27a51f220038f0ef8ac,6b512ff5290c944376228994fdb4a2a8,delivered,2018-07-21 21:32:15,2018-07-21 21:50:15,2018-07-23 14:07:00,2018-07-30 23:37:36,2018-08-14,da5d40e473fee06248b1610e35100789,2018-07-21
ce8690397f7d93704f8d39df619190fa,a1d1ecd237076de2d356d68e839faced,delivered,2018-03-07 22:41:40,2018-03-07 23:20:21,2018-03-09 19:22:08,2018-03-13 17:16:30,2018-03-20,be2a6ba6f77e333c3c2d42228666cfba,2018-03-07
12c66c45d332a69f08f11ceecf3dd8d4,a173943bbe482d9a4eea12d0767a38ad,delivered,2017-03-29 10:41:46,2017-03-30 02:05:11,2017-04-04 09:19:44,2017-04-13 16:05:13,2017-04-20,87c193ec1213c678cbfdc2cce91fd7e8,2017-03-29
41b77be2144c06162d34e0a18f8f15ce,53af593135de84d2427c4439178400a2,delivered,2018-07-25 23:25:06,2018-07-25 23:35:15,2018-07-26 16:45:00,2018-07-30 23:24:51,2018-08-09,a0d0af697bbb9d91d8c3bf370410d45d,2018-07-25
8f629e5e6b53ef4c1a6fecd77dea0b27,f66f4cc4de09b6b31a139274c34a287f,delivered,2017-10-14 23:02:25,2017-10-18 02:53:16,2017-10-20 19:17:49,2017-11-06 17:48:49,2017-11-13,1ea5fb5787c5b2dd073d39870b9fcdcd,2017-10-14
d5321e92460be827bc174a460ee24e6a,60f018d77f575b756da78619e783ef22,delivered,2018-05-17 16:56:25,2018-05-18 00:55:34,2018-05-18 11:59:00,2018-06-08 00:36:43,2018-06-08,ffd2e2ad95719ab7fedc9e02c5e26a62,2018-05-17
60d3a610dc0f2e4967d8d1fc1d5313c8,2893da487e09827a58fa7c559b9122cd,shipped,2018-03-23 18:31:49,2018-03-26 11:47:58,2018-03-28 22:59:52,,2018-04-17,0af5bfcb165e91d77f7a8c306dd5ab09,2018-03-23
972d6687f988a5383e3593ec28911400,764c697264e9c98080259f8640b5c49e,delivered,2017-11-24 23:56:33,2017-11-25 02:38:28,2017-12-06 17:07:21,2018-01-09 16:48:54,2017-12-15,c15446109b7bd781f14dc695eca04143,2017-11-24
d5cce452fb90a159a0b02988567a37bc,b53e89ac781f73f6720d8ac3a8d198ee,delivered,2018-08-27 23:31:47,2018-08-27 23:44:02,2018-08-28 18:55:00,2018-08-30 11:32:21,2018-09-03,55692a0f0ec224f23be0c790a2fbdaf2,2018-08-27
e4e6269506ecfa4a94ac0188f2aa387c,9aad35717d9bc6ccafae1631ea8f0564,delivered,2018-06-15 20:18:12,2018-06-15 20:41:19,2018-06-16 08:03:00,2018-06-21 19:41:56,2018-07-13,45d1c56383e4e977087798ada78ac371,2018-06-15
8dae11cb6c1305e2756cef677ac2f4dc,8e5d467a031a1ff1a25f61d18a3315ed,delivered,2017-07-19 12:26:42,2017-07-19 12:43:46,2017-07-21 17:15:58,2017-08-01 20:12:09,2017-08-10,08ce898ac4fbdbfd9cdac1e18689dfc0,2017-07-19
cd22ef4012ae92aa8729264045bee0eb,9d4b974d83fb824294f7dc65f90c621b,delivered,2017-12-17 10:50:19,2017-12-17 11:14:15,2017-12-19 22:52:23,2017-12-21 18:23:17,2018-01-10,b8d31a82b1bb71983bbc08e4751baeab,2017-12-17
b9ec77884b9b01c77b08f954cbc97fd4,4cca2bdc9a6f0f9238b80a80ff1b30e1,delivered,2017-07-26 16:38:46,2017-07-26 16:50:23,2017-08-02 22:32:29,2017-08-04 18:13:44,2017-08-08,b5b8aa77c15eeddb0007bde80975e7f8,2017-07-26
fa0705d5bfc72c07badff6fcffd697f6,8355182f364d22c4bb1ed8e4e82f8f1a,delivered,2017-12-03 20:47:24,2017-12-03 20:59:27,2017-12-14 22:15:25,2018-01-03 21:53:23,2018-01-04,5ce16b5c909e3bd61678e3a40c7880dd,2017-12-03
bb9f75d3c7f568993eeea270ef41e9d1,bf0cbcf1fa2c33f5f6ad5780da1deb04,delivered,2018-07-31 18:42:41,2018-07-31 19:43:54,2018-08-02 14:49:00,2018-08-09 00:14:40,2018-08-22,5cce8eaffb5151c60641055712c328fc,2018-07-31
801486e590af3202e69113a4542ef133,8ba083e5c27b9530af7e5a3cd6955839,delivered,2018-04-12 18:49:01,2018-04-13 13:15:27,2018-04-16 18:52:35,2018-04-20 20:48:47,2018-05-07,ec8d6e9f822cddd2f1408b764cd173c4,2018-04-12
a38ac9649bb7a8aaad0dd2d678036429,47ed094ea3f32bf1e3543f8eafc71cba,delivered,2018-08-01 14:50:39,2018-08-01 15:04:25,2018-08-02 14:19:00,2018-08-06 16:07:49,2018-08-20,f552f5a6b48593013aca097f4d699b45,2018-08-01
cf5fbcc5962bb18037e4cc158c21c14e,b9740782710922e68364fcefd21c5646,delivered,2018-05-27 12:31:50,2018-05-28 07:15:12,2018-05-30 11:47:00,2018-06-13 20:17:43,2018-07-11,ffb1cf5736b51e47fec82cf40dd26303,2018-05-27
805117edd028d8e0455052681bbc7f3c,f22126834c0a46fd605d7d55c23f9ad7,delivered,2017-10-12 23:09:53,2017-10-12 23:28:11,2017-10-13 21:22:52,2017-10-16 21:14:04,2017-10-25,c51aa845a0f2fcf96c2f1d40d6808c1a,2017-10-12
28c0015f84c9d8b6a4e58b0414ab80ab,871bbb7876617cfe857ea6d2ca7c8f4f,delivered,2018-07-11 18:01:04,2018-07-12 04:06:06,2018-07-23 10:37:00,2018-07-23 23:27:30,2018-07-19,8907e927391148792e1363b91a5ce2d3,2018-07-11
672e1607b26c5a9e1ec3e1e537af3257,e6c88425cced764e5c72f44c9d8ef940,delivered,2017-06-03 20:16:31,2017-06-04 20:15:11,2017-06-06 14:18:05,2017-06-14 13:44:04,2017-06-30,842086dd425ca0aae2a88988a0eac805,2017-06-03
2ab3b248aae3f6dc906f0192aadb5ecf,0f8ca88d5ab70cbd3cf45231a02a1921,delivered,2017-08-08 23:53:42,2017-08-09 00:50:11,2017-08-18 16:11:02,2017-08-24 19:57:51,2017-08-28,1ee26eaf8d2c8aa0b33f6a7cd6659580,2017-08-08
cc1b834e8d019a8c71e3c3b1a23edc61,f62e45f852ad657d07cdc9b96da1ff44,delivered,2018-01-14 22:48:28,2018-01-14 23:20:27,2018-01-15 21:01:09,2018-01-30 18:45:09,2018-02-16,76ffb5b3f1186c6c8022f6047ae9ead5,2018-01-14
a0325a9eb3a1eb5e4a83facd8937ebbe,c19dabbe1bbe7614a3cd3721dd3cb6f5,delivered,2018-07-01 23:32:48,2018-07-01 23:49:51,2018-07-03 13:40:00,2018-07-06 18:48:34,2018-07-25,9b65e5580c74b0518476b4518357794d,2018-07-01
b7f97dd69a3cbc5d267392f48834d602,eadd0095e6896e4e906faa7381d5f75e,delivered,2017-03-31 15:44:31,2017-03-31 15:55:19,2017-04-03 14:49:23,2017-04-07 15:43:43,2017-04-25,cc8d2dbf5af65ebb7843a9ac5c880240,2017-03-31
c432657bb18ddf7f48b7227db09048d4,e5bcb726405d10a80aaa80e36b66e50d,delivered,2017-12-12 00:29:08,2017-12-12 01:31:21,2017-12-12 21:21:52,2017-12-22 17:28:04,2018-01-11,e890c412a8b910d4709660658d700483,2017-12-12
d7a2d4a7a03831ac687a53e339593570,65a785a36616bb42c2ccc8af733fc72c,unavailable,2017-03-03 18:15:37,2017-03-03 18:25:18,,,2017-03-29,10f03869172dce4edc87f134476b54e7,2017-03-03
aef74ec8efdbc859026336c7110b4886,56e9a904b64114022e48cb90a7abe5ef,delivered,2017-12-26 21:16:24,2017-12-28 02:33:32,2017-12-28 22:17:47,2018-01-18 00:25:52,2018-01-24,81605c01eb9bc8b880b23a3a06173423,2017-12-26
dcb0be4c8bb586771c3adcbb3d1ced94,141dcd50f54247f41e00c927f3692cd9,delivered,2018-04-16 01:06:03,2018-04-17 05:51:13,2018-04-19 00:21:16,2018-04-19 16:11:46,2018-05-03,3090c7a68cfbd8ded55ddc24ba080053,2018-04-16
337defc271099cd06f2e7f29efd0dd87,d6dd34d1abed87b66c1d574e88f17828,delivered,2018-04-29 12:45:57,2018-04-29 13:10:54,2018-05-02 13:53:00,2018-05-04 01:32:47,2018-05-23,138c14c55704d6706c36001677008360,2018-04-29
e48050e10ceca27e33d705b4f1adf5c3,6f5b84a7f123a98c50fccd2a46172a1a,delivered,2017-05-17 19:12:52,2017-05-17 19:22:07,2017-05-18 14:59:33,2017-05-25 07:06:50,2017-06-21,e109eb44e8d75d524b377284028f237a,2017-05-17
cdba3ddb2a93c5bb758212a2114cab97,3e33da5c9dfbfdc608a4d0e8b46eddac,delivered,2017-08-03 21:43:53,2017-08-03 22:03:21,2017-08-04 15:52:48,2017-08-11 18:22:50,2017-08-28,16af5a4497ebeae6536ab81286a76f5f,2017-08-03
b187d8fad952a36e97e60b43eae77987,cbbc22c778fc1cfd0ea1262a6383c2dc,delivered,2018-02-10 11:15:00,2018-02-10 11:28:03,2018-02-15 14:56:57,2018-02-21 18:49:18,2018-03-06,cfb1f9070e224bfc1f44228f5a08eb4c,2018-02-10
b3b8133868458b6acf08ea6ffc22e3f2,c333f1bb63dcb3a4c67408e7337e30c8,delivered,2017-08-08 19:35:37,2017-08-08 20:20:06,2017-08-14 16:42:37,2017-08-18 15:12:53,2017-09-01,8f0eb363ad943a36b7091034f29b508e,2017-08-08
415c757c7bfdcb97055fb594b1672748,62c2c4e5b154ee57a365a112c97f9a65,delivered,2017-11-25 15:20:38,2017-11-25 15:34:42,2017-11-27 18:40:00,2017-11-29 04:43:34,2017-12-12,91f25947ab5a08aed3536392971bb7bb,2017-11-25
9419274d2366b746f60fce753c5a3618,905739b8ac0098bd3d323019d9cac69e,delivered,2018-07-22 22:00:38,2018-07-27 23:30:47,2018-07-24 13:08:00,2018-07-31 19:32:32,2018-08-13,696fca7af7f751e1749087433a92c790,2018-07-22
062fb51d4257a8a7ef0bb5df1becde54,b24db387af945bdac7f0e3802cdf45a7,delivered,2018-01-12 13:14:51,2018-01-12 13:28:40,2018-01-17 19:21:47,2018-01-23 16:09:51,2018-02-09,8ae811f1cb9bdf616b018c95f923b3cf,2018-01-12
2f23a9158502cad79609b5f062f56ca0,b4d853918c551623466de85298b74aa0,delivered,2017-09-06 10:19:12,2017-09-06 10:30:10,2017-09-12 21:23:36,2017-09-13 19:07:29,2017-09-19,46dd7775bb1ba7e8a2b4b9d8e959098c,2017-09-06
926f43ab78d2296edaf16b2a06af3078,b5da2b9eed5cdc1ee96bb8ae16e0e19c,delivered,2018-06-25 19:36:04,2018-06-25 19:54:08,2018-06-26 09:43:00,2018-06-27 18:14:46,2018-07-05,01d7b0d6f8958188afa680d75dd47919,2018-06-25
67eb57181746afb1fab832cb7ebe5e51,a3c533904faf44cf25459facb55526f7,delivered,2018-03-23 11:37:21,2018-03-23 11:50:24,2018-03-23 23:29:36,2018-03-26 14:21:13,2018-04-05,eaea6c3e9a7552736a946795ebd169f2,2018-03-23
8753234920fc250d95ea7dc9d517cef9,0f676b631c8e3fe6fa181071d0a6bcfd,delivered,2018-03-29 10:51:53,2018-03-29 11:09:00,2018-04-05 19:19:10,2018-04-09 17:36:28,2018-04-12,5851dfa7121298d4f1941f46b8ee6fa1,2018-03-29
c38e0a7ecb6d609cc307eb449dbdc4de,359e378dbc46732027e95ff1a5d88bd7,delivered,2018-08-10 11:05:48,2018-08-10 11:24:57,2018-08-13 15:51:00,2018-08-20 18:26:46,2018-08-23,073cb6890c1f05f67bdce2cb9febb087,2018-08-10
00335f75ea6a4455b524a8dd177067f5,32b84239e3f3904ac162d832454770c7,delivered,2018-04-25 21:47:26,2018-04-25 22:10:29,2018-04-27 14:49:00,2018-05-03 22:16:51,2018-05-28,a666bec8af192f2238a0b719a7063a00,2018-04-25
56a5ec0d1965b1640462b08e95f028d7,08e662cad24727afdae090be490bacbc,delivered,2017-03-30 09:44:47,2017-03-30 09:55:26,2017-03-30 15:53:12,2017-04-11 11:46:05,2017-04-24,8775a20049803a181b67d77754099913,2017-03-30
867b142c274783a46707af07874ac568,2efe619ed63c5be4a6a68c89cceabecb,delivered,2017-03-27 22:39:57,2017-03-28 03:43:51,2017-03-29 15:48:10,2017-04-06 10:33:17,2017-05-02,91a7b48057f6fbf9a4902ee9f3bcbb02,2017-03-27
2504fffc2c378bdcd1a74f47fefd3a2b,1e8a678d7b018cde072ad5101c614e7d,delivered,2017-09-28 12:32:04,2017-09-28 12:49:12,2017-09-29 17:00:10,2017-10-02 20:21:47,2017-10-17,e4aad2610831a21d6884cb9cddde54e7,2017-09-28
6566c554337e3c6eba49f0dff9103df7,e6d43a7376b7de701411a48b85d1375d,delivered,2018-02-01 22:40:16,2018-02-01 22:51:50,2018-02-05 19:08:35,2018-02-06 16:16:36,2018-02-19,a16d0a444127d8e7ced7b700abf2ab59,2018-02-01
d77d1461e81c281918bbfa4c878bdcc3,db8d5969bd8a72001e6f9e26caf31d6b,delivered,2018-06-11 07:03:41,2018-06-11 07:15:15,2018-06-11 14:08:00,2018-06-14 16:51:03,2018-07-05,bf0aff27b969a9e132b4c3e71d4a455e,2018-06-11
3dbae011830ae15641138266abb3f3be,1e331e9effe37cc5bb06a638a9a9e077,delivered,2018-02-28 16:54:57,2018-03-01 03:09:30,2018-03-02 19:06:52,2018-03-07 21:08:23,2018-03-22,b2259aa1f4009dd877cf0186cc6214fb,2018-02-28
5491ab8eec3a104e7f0a3a4895c1621e,eb73b2df5594ed5948920669c8f25bd7,delivered,2018-06-17 21:41:22,2018-06-17 21:55:14,2018-06-18 15:36:00,2018-06-28 18:55:51,2018-07-24,fcb93894d90b597710feb4b896c7a053,2018-06-17
414fe5cf5ccc8afed3c265aede6cc37d,cd35dd0b8e59b051825c99ff42983181,delivered,2018-01-10 19:34:02,2018-01-10 19:50:26,2018-01-11 19:10:06,2018-03-08 19:18:35,2018-02-14,508723a71df892b7456450d4dede6e86,2018-01-10
d7703c6f32e51dde96ca41e281d4254e,f4ffcdc0d33805e200b19ab444f1649c,delivered,2018-04-06 09:23:43,2018-04-06 09:35:23,2018-04-07 01:22:16,2018-04-13 18:46:49,2018-04-25,7ac4c09a6425989848b74f17c98638f6,2018-04-06
c4fc1de96bdade6bff864108f4887d3d,53f5602be13a814f32672184120febca,delivered,2018-03-11 12:58:50,2018-03-13 04:30:36,2018-03-14 20:59:58,2018-03-30 00:52:36,2018-03-29,fdee300d597a86e2f83a8447d2e9ebbe,2018-03-11
7bac1076797839872168be8c0e2b0f88,c353167c1b4445649a80d52e656eeebc,delivered,2017-03-28 20:29:38,2017-03-28 20:45:12,2017-03-30 14:05:20,2017-04-04 16:04:41,2017-04-26,dc62754eeded8cdfc5462e992ac20f13,2017-03-28
228ad7bb45b5912a1c70a68be5d4b951,e21036e20cc865239db3bfda5face5dc,delivered,2017-05-21 19:39:28,2017-05-21 19:45:19,2017-05-22 11:57:32,2017-05-25 15:57:53,2017-06-20,e14b8cd578c1f576594719bce2ee1aa2,2017-05-21
bbf1da6f38b4bbebb7ecde7ce65cd47d,8a8d243de0512b01020a23288af87a67,delivered,2018-02-21 07:41:25,2018-02-21 08:30:33,2018-02-21 21:53:14,2018-02-27 22:26:59,2018-03-19,444afd392665f1cc1f3b65ec48063735,2018-02-21
cae155b8d4bd6e84685e5ca5c0f8ecbb,da1b659cb552542387ac5a2d3d98d236,delivered,2017-05-31 22:42:05,2017-06-01 22:35:22,2017-06-05 13:21:43,2017-06-09 10:56:47,2017-06-13,008fb2ecc75561d202dd4db2e0ceec25,2017-05-31
c7e358703b2248a4ee0adf815936c2d3,365fade8f6d6113cafba55e06ab251ab,delivered,2018-01-05 00:47:54,2018-01-05 00:59:19,2018-01-08 18:55:16,2018-01-16 00:34:54,2018-02-05,9bfbef471a31f137c04d9e5710fb31d6,2018-01-05
5658cfc0ef9916f519d7619207a08379,f36d464468a0c3409cfe1e8e515bd6f7,delivered,2018-08-07 14:11:02,2018-08-07 20:45:09,2018-08-08 17:02:00,2018-08-09 17:32:45,2018-08-16,a32be2e3d1dba17965097301df1f325b,2018-08-07
8f66c7fa9b811026d696fc619becd5df,72121723bc54405da6fd53fda50dac24,delivered,2017-08-07 21:11:29,2017-08-08 03:50:19,2017-08-08 18:15:00,2017-08-09 16:27:43,2017-08-18,5b930155d89c36a3961cb875cf8ecf35,2017-08-07
1d03ab3055cbeb857235ddc26b6fc88a,efcff0dedc5aad0606ae815bbb9ccad7,delivered,2017-03-24 12:20:28,2017-03-24 13:07:25,2017-03-27 15:33:42,2017-03-31 11:44:46,2017-04-25,00cc8551c0621bc65a440e836bb652d7,2017-03-24
2ec398158cb686267b1f4b102129098e,fced842c7dad61e8ce47b49229659718,delivered,2018-04-28 12:23:26,2018-04-29 12:15:17,2018-05-02 12:19:00,2018-05-08 21:52:09,2018-05-30,25bedfc6317ec4a379ef49b9c1049733,2018-04-28
7a76b222b6be79748cd291410b57c160,a0957b15b659dc70b6842d8393a0579d,delivered,2018-05-12 19:36:15,2018-05-12 19:56:47,2018-05-14 14:23:00,2018-05-15 18:37:38,2018-05-22,77ef0862b89256611f051871937c749b,2018-05-12
481010fdaf8e172cda436faedf27159d,5d1c37b8609924b2cf505b304ed075c6,delivered,2017-10-14 16:25:43,2017-10-14 16:35:20,2017-10-16 21:59:59,2017-10-17 16:49:56,2017-10-26,9ff66719f2614b62bf2b1b109c8650ba,2017-10-14
76c2392adf98db7d40886a6b4a584bd3,76c0fa129e051872153968790fd8b635,delivered,2017-09-18 13:26:47,2017-09-18 13:35:20,2017-09-20 19:38:48,2017-10-03 13:06:55,2017-10-09,795088f7d43a0d5d042fdd79c1819201,2017-09-18
5582d9b46edf97ccc2f3b993c39ace3e,28e414622d3770ff33c04a3151bb77fa,delivered,2017-01-25 11:58:33,2017-01-26 02:15:56,2017-01-27 11:05:12,2017-01-31 08:03:00,2017-02-22,12b3f3ecec72ac5252b5bbc137ca3c59,2017-01-25
676853ed85e0232da3407712d84ce83a,009ac0aeacb7e5c368452976385b7903,delivered,2017-09-15 22:24:55,2017-09-15 22:35:17,2017-09-25 19:03:32,2017-09-27 18:35:41,2017-10-04,2d6f0bccd75dcbf570a1afe61eeb03a1,2017-09-15
861b17babeba7176fff231e7851a519f,c2bb55de66da47e9468a9c3922baee16,delivered,2017-11-09 12:51:32,2017-11-09 13:11:26,2017-11-10 21:59:44,2017-11-17 17:21:59,2017-11-29,0e5143ee2eedccb05e2665154c4dca30,2017-11-09
629a524cbbd0a42a04f87ad39648d4ca,113ccf9504bda6180e498d862b8e9815,unavailable,2018-07-12 20:26:19,2018-07-13 20:25:14,,,2018-08-08,b5b985a49b13ddfe43dc657134e7ff94,2018-07-12
2ee902dff767d74cd5e5fa246475a600,aea377f8289e7ba26c9c749bcb2b32c1,delivered,2017-06-11 16:33:59,2017-06-11 16:45:16,2017-06-13 09:59:32,2017-06-21 16:57:31,2017-07-03,14bc25d9d3e1d47ba71a108c2c89c413,2017-06-11
7af39c02428c4dfc3c4addfe65198837,e70a0538bbd5501339fee6675bec20ee,delivered,2018-02-04 19:45:54,2018-02-06 03:48:33,2018-02-08 21:19:41,2018-02-20 21:59:01,2018-03-20,d4ddc321e16f910f4886a6ddc3fd3597,2018-02-04
1192d161975e75d0b5c3a018937df110,9936978839b9dcd4ae74bd2f82e37fad,delivered,2017-10-19 21:56:51,2017-10-21 02:56:08,2017-10-25 11:42:11,2017-11-08 11:07:50,2017-11-17,236d9e12729d52e2b44306506a06f8ef,2017-10-19
df3774a3a04f388e00a94784ecfdfaf0,164ef3880a5273a9deca07fd4080ccdd,delivered,2018-04-07 14:48:30,2018-04-07 15:08:10,2018-04-10 23:38:28,2018-04-13 15:54:34,2018-04-25,16b055e92a09172ee0639d5c5735f6da,2018-04-07
3e507cc659fafe5c803c770827df1df2,8905ce4cd443591d81324dcc4a2569ac,delivered,2017-05-25 07:35:01,2017-05-25 07:45:14,2017-05-30 07:03:34,2017-06-07 15:06:09,2017-06-19,f0a1a51727e953540b3edfa8e9a9459d,2017-05-25
9f62f8570f362ce8c44324f7cc9ca852,29275bb342aec7fb355b34909d4d77f3,delivered,2017-10-02 10:39:19,2017-10-02 10:49:45,2017-10-04 14:57:17,2017-10-06 21:14:03,2017-10-24,5dd6ace791de04fec92367219063f695,2017-10-02
b48959225675859f01913fbd8cb4abe6,88a9b809cb9f14bee2a9756e44680552,delivered,2018-08-13 17:04:57,2018-08-13 17:15:19,2018-08-14 14:23:00,2018-08-15 23:42:27,2018-08-20,4a7b98c63e40adcaf751c0e495f36218,2018-08-13
08632fe0bc1f85190f242268f3410561,d15040354179edf98a52370f7b427729,delivered,2017-07-12 09:56:39,2017-07-12 10:10:24,2017-07-13 17:06:04,2017-07-25 19:27:55,2017-08-14,2c8466c03923a51fd621169573e7d836,2017-07-12
338cd98c972c8d9b015759974ca7446c,58550909176303c05f37a9f3a3e913cd,delivered,2017-01-26 11:09:11,2017-01-27 11:50:23,2017-01-30 11:45:17,2017-02-02 14:58:07,2017-03-22,ad79377cfe4283dfba93ba8c545437af,2017-01-26
291595e7702bf69af75b873bc983601f,76dbc1556c66d771e8a6b60c35957e01,delivered,2017-10-13 17:26:44,2017-10-14 18:34:20,2017-10-19 12:11:17,2017-11-08 21:54:55,2017-11-13,d33c5d355ab0a46b3fc4e41f2c99f19c,2017-10-13
540544251975ba4515aebe0ac8525067,09aa1b31dfac63e1e90d5ddf79560f86,delivered,2017-06-19 11:02:33,2017-06-19 11:10:18,2017-06-21 18:43:49,2017-06-30 14:27:57,2017-07-11,698ffce09a7b0d5674f46ed3a048bb23,2017-06-19
452bc83e1374a9bcd2592f008c2a441a,17b7d1cd0035be7cd937e1f6aad3d33e,delivered,2017-03-27 13:50:43,2017-03-27 14:02:41,2017-03-28 12:50:07,2017-04-07 21:55:54,2017-05-04,0653512b981aee8f1afcf79c547ff3f5,2017-03-27
ef3564e02d4e2945236a1bacf894cc14,ab39d94556c66bc0ae68d7912dc296a5,delivered,2017-10-31 21:01:24,2017-10-31 21:15:13,2017-11-08 19:13:05,2017-11-14 22:28:42,2017-11-22,198c1d538299a11bb5eafb89f2d408df,2017-10-31
0cc25005d4c6ad2b8ca080644cee93d8,00694a1bf2da47e37b2bd3193eeae839,delivered,2017-11-24 09:58:46,2017-11-25 06:31:52,2017-11-30 16:42:52,2017-12-01 21:39:10,2017-12-08,be062ffc58427d6c959180b68a67471d,2017-11-24
6c36ce692e5f1eac162de71b7e369805,60ec3b210180753924a4b3028b1f6b72,delivered,2017-07-25 23:16:48,2017-07-25 23:25:12,2017-07-26 20:22:06,2017-08-16 05:11:46,2017-08-24,758d4a98322aa56911e60a232c6521c9,2017-07-25
158263d44a3e5ae322126338c7776dea,182dc723d820aae1a351f75ab1f53451,delivered,2018-01-05 09:35:30,2018-01-05 09:48:28,2018-01-05 19:29:01,2018-01-10 14:20:05,2018-01-30,b5bd39235b4e377d8a64f37f82ed93f0,2018-01-05
1eab72eb166f0f84fb07b37a5d044f56,c920352ccf11e554a9981c919c5f8cad,delivered,2017-12-06 10:46:30,2017-12-06 11:14:47,2017-12-07 20:03:07,2018-01-11 20:23:47,2018-01-04,dc6077ddf2a7ed0dde5d543b5ffdd1ed,2017-12-06
caf2048fee4b72387d1a2903becb1e60,ae963c6d662c927f2ab70320da286610,delivered,2018-06-26 22:31:24,2018-06-29 02:55:15,2018-07-04 13:21:00,2018-07-07 19:53:42,2018-07-25,24b6d3e2403da42f0ffe09b64f8e7c17,2018-06-26
554798f223b7f6268362b7489f7514e1,a0d5a45b8ba1d0075371cae17473b317,delivered,2018-03-12 22:54:08,2018-03-12 23:08:28,2018-03-13 23:28:38,2018-03-27 00:54:23,2018-04-10,65dd5d841cfa632c9c249578bc6e622b,2018-03-12
72002d46bebcafbe621c662f1ad3cc45,09164c039db9837e7eeeda0a0318973c,delivered,2018-03-31 01:37:20,2018-03-31 09:07:58,2018-04-04 18:41:52,2018-04-11 19:08:43,2018-04-20,428cd6d84d62e171bfd2cf805d163aa0,2018-03-31
cf6908e8b524d8fac0d70a5cc8bd749b,c85ab216eceb57e7059d16f16744b513,delivered,2017-08-29 13:58:48,2017-08-29 14:10:16,2017-08-31 19:37:26,2017-09-06 22:34:49,2017-09-20,423c97d9d31e2a7b92a345381c672b53,2017-08-29
cd5e56b5a3ac9bab0513602f1feb6d08,985f30bfa1eac3c9171f0140a9e0d666,delivered,2017-10-05 17:06:27,2017-10-05 17:25:32,2017-10-10 15:44:10,2017-10-23 18:57:45,2017-10-27,99d8935df0c62cacb1cca1bb1f7f4b7f,2017-10-05
652e317bb6d649095346bf24ba207c15,0dfd748e5112348ddf2a33353ab7abda,delivered,2017-09-18 18:49:26,2017-09-18 19:03:29,2017-09-21 13:30:16,2017-10-10 21:27:51,2017-10-13,7e4c96378f91612f1d48955671b0fb01,2017-09-18
9883ff3bcb04d3bb8dd9874de9f97354,207d7a2d96b9eae326658c0d9f8a0f4c,delivered,2017-11-25 10:02:33,2017-11-28 03:31:33,2017-12-05 08:51:49,2017-12-07 21:34:08,2017-12-15,44d086538fc557592c5f4307d697139a,2017-11-25
377ed239c64b69ab76ed4d18bdf76958,cb389847793403afc3326a7036bd58ec,delivered,2017-08-11 16:23:44,2017-08-11 16:35:18,2017-08-14 20:33:48,2017-08-16 21:42:16,2017-08-24,8d524dbfe607ee83a4447069a34a09d2,2017-08-11
94fd9673a19164ebf42ba85826aff8b4,bd5a96b05e3979db414986300a0ca0a6,delivered,2018-05-24 10:43:56,2018-05-24 10:59:32,2018-05-24 14:24:00,2018-05-25 20:17:42,2018-06-11,84ad9aa5281382be243bc17661907793,2018-05-24
fd633710bedbd308872a1389cde4bb8b,88dade7a54c9926e351172460ce57fec,delivered,2018-06-11 14:47:00,2018-06-11 15:03:07,2018-06-12 13:45:00,2018-06-25 20:26:23,2018-07-19,e6d9edd810cfb6e325fce9ec64ed92a0,2018-06-11
ef2bf4a6c31539b683224ca3ac767cad,673464437daac6d5e5da94bcc150fe05,delivered,2018-04-05 19:55:13,2018-04-05 20:08:59,2018-04-07 01:16:57,2018-04-13 18:41:49,2018-04-18,f6542636382c8f4bd8da606e1c3278e9,2018-04-05
ba4cf91b35e26a694108bfd8eebb2cec,11349e424dae69088fac48186165161c,delivered,2018-08-10 07:31:31,2018-08-10 08:04:46,2018-08-10 15:42:00,2018-08-17 16:44:28,2018-08-23,7f570b7c4a27ab0c22faed8b1f7286e0,2018-08-10
ddb4b2115723295bbe34444bbcb2c1d5,382b155c9a94793ddbd99d8f8b0887f8,delivered,2018-08-10 23:54:45,2018-08-11 00:05:18,2018-08-21 14:07:00,2018-08-29 14:46:56,2018-09-20,de65189d40231f22bc5045a8b9842f00,2018-08-10
a5e142b2b206377c9b2df6a871c1f284,59f2fedaa3cb8a6241388d001204440f,delivered,2017-07-18 11:29:07,2017-07-18 11:43:50,2017-07-18 18:47:48,2017-07-26 07:05:12,2017-08-11,2000fd41a9cd8f2c87e32ed217cb0d70,2017-07-18
2b8e4a06dca9d5c4071575613d7a5037,084a0e74918bd829d509441c2504135e,delivered,2018-04-23 15:07:49,2018-04-24 19:03:45,2018-04-30 13:31:00,2018-05-04 16:38:45,2018-05-16,e2531abe36dc548b1866ddec85e0486a,2018-04-23
5f5e8d13d1088bb941ae3b0ebff0feff,a775583c19646a68288f58bdfb1b90c7,delivered,2017-05-12 20:52:38,2017-05-13 02:50:27,2017-05-16 09:59:53,2017-05-18 16:34:07,2017-05-25,c0c94fca938dd4ffb548ae2f5032e3b8,2017-05-12
5f6c4fd8bf209354048c07f8e15d8a03,2e466eef21a5f1b6a3a0795478002ea8,delivered,2018-03-27 01:33:52,2018-03-27 02:15:10,2018-03-27 20:13:21,2018-04-05 01:32:19,2018-04-18,19dc30d47a0b6bbde26238eb4056771f,2018-03-27
7e3db8d87e79e50d7a08312194e1cf01,15ff28a1c17f0fe90484f845261b81ff,delivered,2018-05-01 12:49:47,2018-05-01 13:36:11,2018-05-03 15:14:00,2018-05-04 21:17:22,2018-05-15,973d12101223d02a36808d830e89ac3c,2018-05-01
cacb3120dc73f355266cd22cbdadadd3,9bc097d18d2341d608b1a4c9fe33bda7,delivered,2018-07-19 16:14:29,2018-07-19 16:30:14,2018-07-20 14:25:00,2018-07-27 17:21:55,2018-08-03,cebeecde88265263bab1cc01232d24ba,2018-07-19
93b94a19e5546ce4eac9c4eac62f5465,d7dd2b2a9644847e092a739891e4697e,delivered,2017-07-10 20:07:27,2017-07-11 06:43:43,2017-07-11 17:34:39,2017-08-10 20:17:55,2017-07-21,d1f9cf38f9bfd1f782129bfea07c79cf,2017-07-10
9c20d32da9901199ffd5a24288b6c259,9072c5068c1ae0867aa8ada4172cc59a,delivered,2017-04-12 17:19:48,2017-04-13 02:45:29,2017-04-13 18:35:44,2017-04-19 08:25:10,2017-05-15,554b6028a7eb7766b87a690bb1b91e69,2017-04-12
51149ebc2ec1ecbf8a2503fd49753259,a7ef64352fb7fdebc2f7a65c0ad75325,delivered,2018-02-22 21:58:40,2018-02-22 22:10:29,2018-02-23 20:09:06,2018-03-11 21:56:40,2018-03-19,30d2d6693d77801c2bcdfafbba202462,2018-02-22
d51cbac21a49941976292ba004bf4165,59f12035213d81f852b68da15b39aff4,delivered,2018-01-16 11:56:07,2018-01-16 12:16:43,2018-01-17 16:51:59,2018-01-25 22:14:10,2018-02-06,124bc956b56b1523d2a75b29a856085d,2018-01-16
9c2425da844157ef4e0ed799e4939978,b7755d902d0b95c0e4c8748c8d683f79,delivered,2017-12-01 21:37:16,2017-12-01 21:55:13,2017-12-04 18:16:58,2017-12-19 15:19:48,2017-12-26,8e5bfc9e8afedc782d1b98bed0728fd3,2017-12-01
7e8a488126f108bf5841a1bc1dd2c762,a1d97f3fb92d14746f2f68ce15c689bb,delivered,2017-11-24 17:19:25,2017-11-24 20:53:42,2017-11-28 19:58:52,2017-12-14 21:57:52,2017-12-15,45d4cab4fa5f2d5c9b2105502561bdb4,2017-11-24
8d2a68ca0ac61329c56e0b74695b04b4,0ce2e9b14cff24808d5d4aa835c7252e,delivered,2018-02-07 18:49:55,2018-02-07 19:10:13,2018-02-09 22:18:46,2018-02-14 21:29:12,2018-03-07,85f9a39063d8b553306fca71d542f060,2018-02-07
1e613bb0c5a8b4b9a311d131c2564731,a8a9eb2da818e0762d118ed75a228e0f,delivered,2017-11-19 12:13:56,2017-11-19 12:27:59,2017-11-20 21:34:44,2017-11-23 21:33:55,2017-12-11,d6ee2811b25308e639d9f1e06e783d1c,2017-11-19
39c5fa1323927c658f09038a61cca654,8566134257ddcec00b712f2bc23de7a4,delivered,2017-05-02 12:03:00,2017-05-04 02:55:32,2017-05-11 09:04:35,2017-05-15 10:36:25,2017-05-29,f72d1ee92d55688d07ca88506300715e,2017-05-02
8ad5d435c052c47844228f04d9837ac8,58c4c5c61b6cce1d8a995cb065e6e38b,delivered,2017-05-21 19:35:12,2017-05-21 19:45:16,2017-05-22 11:05:01,2017-05-26 11:42:38,2017-06-13,27250f9b8b983f21d3c6fc860afaba93,2017-05-21
f934b357bb58387aeb7f58a1b0100861,ad1f289fe0d5f0e66faa507b7dd26476,delivered,2018-01-09 07:51:15,2018-01-09 08:11:05,2018-01-13 02:37:48,2018-01-17 16:33:01,2018-01-26,b918f6e80555386a6500dcf17c9d0021,2018-01-09
19a870c81a3ab57258a090b0976ec5ee,fe5e5441853b0f7d6966a3d53aa13518,delivered,2018-07-03 10:12:47,2018-07-05 16:21:33,2018-07-04 13:44:00,2018-07-11 15:21:07,2018-07-25,03d9f0637ae0ea5af27cc258a608618a,2018-07-03
b447563e8e07210bdadc8ffac30703da,4bb8165114328aab76daee192c23573d,delivered,2018-01-07 01:25:32,2018-01-07 01:37:23,2018-01-08 23:54:51,2018-01-12 12:59:14,2018-01-24,60820f2d8b21381dd6927275a1917f82,2018-01-07
bd15e6a6eec338675a42659c3509da35,62b912715949a663b46270883e7bfc6b,delivered,2018-05-14 17:12:48,2018-05-15 17:15:18,2018-05-17 13:30:00,2018-05-21 16:36:48,2018-05-30,810c70bb9085833beb866a42a6d6905f,2018-05-14
989172e27a340ec9718134cc629aa270,a8211e31a7f2b3f3615d0a84266be63b,delivered,2018-03-05 15:51:30,2018-03-05 16:29:16,2018-03-06 22:16:59,2018-03-15 00:33:08,2018-03-28,f52251e256e7aa464ff600c42699d37d,2018-03-05
7c2d06820f2b145be3fb53b858618eb7,a974a3f25d0ae78b4e8a72714222c70b,delivered,2017-10-04 18:12:37,2017-10-04 18:28:19,2017-10-09 19:53:37,2017-10-16 20:41:56,2017-11-07,c74fa5ef03294fe0eee07dcc89f22204,2017-10-04
bf5bcd59f69c6840dc0f1d9732abf47d,87683e081018f56675eed5e992199b04,delivered,2018-03-11 22:13:55,2018-03-11 22:28:12,2018-03-26 22:31:13,2018-04-07 14:16:51,2018-04-17,3a0a586cd72c9a4cc0052fbe8b3a8951,2018-03-11
4b084373ddadca63d02071a40596da80,79f38356c8c86dc2ef82f5609cfc0135,delivered,2017-12-01 15:49:57,2017-12-01 16:00:33,2017-12-06 23:17:03,2017-12-14 22:10:15,2017-12-27,fb3e55014819eef5745a9c6c7a5444f7,2017-12-01
cff47646caf0e301a4622b80cc415cb9,c8dddeefdb81daac2796e6dd3fd3a661,delivered,2018-04-15 13:02:02,2018-04-15 13:15:10,2018-04-16 22:57:48,2018-04-23 14:03:42,2018-05-10,95e3fd1a57d6cb0f70e8a3f55d12bc7b,2018-04-15
2e8f6d00a2eaf2a625d99b8d0ec27627,d86b488d0a9dba21fbdf4786c30ddb5d,delivered,2017-06-06 19:02:52,2017-06-06 19:15:19,2017-06-08 17:24:02,2017-06-14 18:02:20,2017-06-27,5ca22a63e82e98f994f7c7a27635230d,2017-06-06
55d4ac8ab9f932ba5badbf6088b9a1c3,5342683414d08cd3656392950ecd915b,delivered,2017-11-04 14:36:45,2017-11-04 14:50:24,2017-11-07 18:58:40,2017-11-13 11:21:35,2017-11-24,c1247f49e4171bb71b390a4eea026a56,2017-11-04
9da02db988be4c6560597e90391a4cdc,b51ef2f9b84214cc18a0c1b6e2860a7d,delivered,2017-04-01 13:40:12,2017-04-01 13:50:17,2017-04-05 08:58:00,2017-04-10 17:55:15,2017-04-24,00522457bba00bba576a34fd9b4808fd,2017-04-01
c801ee070159af89f5ce2b8c03e9e032,2b9a2797c43df2c10dc963becef73f21,delivered,2018-02-22 16:06:29,2018-02-22 16:29:35,2018-02-26 21:47:06,2018-03-21 15:22:01,2018-03-15,edce860d618e77b9973a87ca6eedef81,2018-02-22
6da8ea3c17482ba0eee27ffd63c2d591,4359f277297d4121b9077aa1e8142c8a,delivered,2017-11-25 22:12:25,2017-11-25 22:33:22,2017-11-27 13:51:50,2017-12-02 20:04:47,2017-12-29,442f22cd44fe6972a95bde59f3638f46,2017-11-25
3b9e43d6eba694f8a29c11ee67a04f2c,95586af7599c2494c788eb3fc596b4d8,delivered,2017-12-27 17:49:32,2017-12-27 17:59:31,2017-12-28 17:05:21,2018-01-03 21:25:42,2018-01-23,096dca2117ebbf8485711b560431f8ea,2017-12-27
478c69b6c0107cf696d64c524286ff05,854f983619b24efc2aa702bd11f207c9,delivered,2018-07-29 19:09:02,2018-07-30 20:30:55,2018-07-31 14:32:00,2018-08-02 17:48:54,2018-08-17,71200e5ed443c22e1df3cfe1e053c07c,2018-07-29
a33d3f609143c6962ccbb58915505300,c61d47ff9a3b5b642fceb5acf80c6596,delivered,2018-03-26 09:36:53,2018-03-26 09:50:29,2018-03-27 00:11:02,2018-04-11 16:14:43,2018-04-17,114fb8d4a5684886d76f5a9e6e8d19e1,2018-03-26
74cfe3612876cb696af283e27298ebd7,32f26ad4e70e6d519b5bbeae883071e5,delivered,2018-06-15 20:34:58,2018-06-16 20:36:21,2018-06-19 14:13:00,2018-06-28 18:12:42,2018-07-12,0bb36d9bb9cd9a8882e54725a45aef43,2018-06-15
43d6e5bfdbbfac022b7dad46056dfa64,6e87b43c60c9c1cb6d51732a3b238f95,delivered,2018-05-01 00:36:33,2018-05-01 03:53:54,2018-05-02 13:22:00,2018-05-07 20:58:36,2018-05-29,24e1bb8b3927e015aaed7b67597ac938,2018-05-01
0714c5e5a4887535cbf5a60cbab73fe4,04cb06222199f8e9a1691ef028e88a28,delivered,2018-03-24 18:20:15,2018-03-24 18:30:37,2018-03-27 04:08:53,2018-03-27 12:49:39,2018-04-06,7804384addbe34ce87aabfc43ad63e9e,2018-03-24
b2f828440883f9c47baa06729d2d9a15,4811dcb195171d9e345056099833351c,delivered,2017-05-08 14:57:58,2017-05-08 15:05:28,2017-05-12 17:19:38,2017-05-18 09:21:25,2017-05-31,720ac6417c01c1815e7e6e898a549f90,2017-05-08
72221bc9de65dc6a45b9156909d2b6c9,62ba6f8841829d032db206fd02c03406,delivered,2017-07-22 18:37:52,2017-07-25 03:35:09,2017-07-26 11:12:32,2017-07-31 19:19:59,2017-08-15,5a61458586c926813840fbc48a62112f,2017-07-22
8ec58bc9d39789f8d32575cc5ce0cf0c,4d8fa2770548b38d5c9c1f2e18663429,delivered,2018-04-01 21:59:43,2018-04-01 22:10:36,2018-04-04 20:42:16,2018-04-10 20:21:09,2018-04-23,ec4ea7f80d1d7c9499e52f202f513f0d,2018-04-01
956e905489c92b9c9478e8bd23609261,0d76279b65c015e327c53010755bd67d,delivered,2017-07-07 01:32:08,2017-07-07 01:45:06,2017-07-10 20:00:00,2017-07-13 14:23:13,2017-07-27,3c8fecf1ca48550923916e2885531248,2017-07-07
33df60e3cdba3ece1009971fb2642792,a3ee40021295b82c14ad9934bc216bd8,delivered,2017-05-17 12:44:03,2017-05-17 13:11:25,2017-05-18 13:14:59,2017-05-23 13:03:43,2017-06-07,cee37411e96a6fba271f19f7986578f4,2017-05-17
b71ba668b12da5320995cd74acecb2fb,ac708849f8add56b9c304bd26ffd4bee,delivered,2018-06-03 10:47:54,2018-06-03 11:10:36,2018-06-06 06:08:00,2018-06-07 23:17:23,2018-06-29,57f36f673a04f9fa8e90f54920061a9d,2018-06-03
707c7403d5d131e75e3d557bdd0646c4,1e15ee73f855f62f18708ddae10c6fc7,delivered,2017-08-22 11:02:26,2017-08-22 11:15:13,2017-08-29 15:22:13,2017-08-31 16:58:04,2017-09-12,42ea819a53be93df8475ffc757272bdd,2017-08-22
ade4397f52cb13f72b87939c8250e292,1b53291bea0d803ea8d9445552fc011c,delivered,2017-09-23 18:57:21,2017-09-26 06:33:12,2017-10-02 14:53:38,2017-10-12 13:29:09,2017-10-24,7869ac0d544d3469667563fa66598674,2017-09-23
f854f7c57d83d7b4f97a9d5cfcd3ebbc,522b5607965ab3fff8aa344c5281de61,delivered,2018-01-03 18:39:54,2018-01-03 18:46:50,2018-01-05 19:43:37,2018-01-06 14:28:42,2018-01-19,9dc82b20aae45952a6d291f9b6b6803f,2018-01-03
0aaa4cd49d3624258b908c2abdf189cc,73ff91e90f718f4e4b183053504f0265,delivered,2017-12-02 14:18:40,2017-12-02 14:30:01,2017-12-05 19:14:41,2017-12-26 20:09:28,2018-01-04,b29c70f305c6f44c610a018ae4f2ff36,2017-12-02
da05f479ab5c7e23b066a396865bbfd7,2df4741faafcd475e4f033e1c827cb34,delivered,2018-07-18 07:01:18,2018-07-18 07:10:15,2018-07-18 13:28:00,2018-07-24 14:48:46,2018-08-14,f8508260b43c706aef7b1ce6f1f238e5,2018-07-18
984b006a1482a4e7916421a663b1e800,02d9a65b86f28f9bb487c30a493ad289,delivered,2017-01-30 23:40:40,2017-01-31 01:35:13,2017-02-03 12:20:09,2017-02-09 13:14:19,2017-03-17,c76762dfb642ac154475239639f7f8f4,2017-01-30
05ad157e8f606d82b474fd05703b7610,6346f4f79b657f6256dcdf1e63a46992,delivered,2018-05-08 19:48:36,2018-05-09 19:52:30,2018-05-11 13:05:00,2018-05-20 11:52:38,2018-05-24,f38b63854efc52fa742823a70b6bb616,2018-05-08
542dd8c7a80f7006b56c9cbb95e6433b,416d7934b96e1c5d46b332d32ee0e356,delivered,2018-07-20 17:53:08,2018-07-20 18:05:18,2018-07-24 09:39:00,2018-07-30 22:54:34,2018-08-08,6a3edb309612a38197be6e1bcb0d3dea,2018-07-20
ff130512369110d4190cde918edc039f,63602165063adb084016e19dde425ce7,delivered,2018-07-18 16:48:23,2018-07-18 17:55:26,2018-07-19 14:23:00,2018-07-23 17:29:02,2018-08-01,c82677c0f4ba35f3e3a928f38de5cab2,2018-07-18
3495e966748a04cd5d7f4537a57fa3ef,227d70f3020b7eda1573401a7d5e1aff,delivered,2017-09-04 22:02:17,2017-09-04 22:15:15,2017-09-14 22:45:43,2017-09-20 23:27:54,2017-09-26,b7d98138215724154880889b1764169d,2017-09-04
fcc46438879834c9c223c5fa0eb0ea51,445f187cc1cfea0edfd2865118e1b183,delivered,2017-08-02 19:44:50,2017-08-03 22:45:21,2017-08-07 17:59:50,2017-08-11 15:33:56,2017-08-15,78e556184d89814929e07ffa62da5a34,2017-08-02
c1b87c671fed6c43d7d20e5142646cee,31db78dd06030df56b20ca2bca5155d8,delivered,2017-10-22 01:14:40,2017-10-22 01:28:15,2017-10-23 19:13:37,2017-10-27 16:33:39,2017-11-14,eee712ad2dff27e0d90969c8fb12093a,2017-10-22
2bd2241ff5bd59887a8a706c309c5938,adfc29e0c38c693aebe6ca25a7e5d72d,delivered,2018-01-10 19:38:12,2018-01-12 02:38:38,2018-01-17 00:47:54,2018-02-06 15:05:19,2018-01-29,63ee13860202f30402703a30e9871633,2018-01-10
d8e60d045809e16f66fdc3f775d0e870,ad6000ae0601cd20b0dab65dae6812f5,delivered,2018-01-24 22:14:15,2018-01-24 22:36:51,2018-01-26 22:22:21,2018-02-06 20:17:37,2018-02-16,6794d51d9a80bb244f8170786a212399,2018-01-24
72ff614713f98ab97ec35e4172bf2f91,473412ec97c341be490318ca778cf88b,delivered,2017-11-21 16:29:56,2017-11-21 16:51:07,2017-11-27 20:41:32,2017-12-06 13:22:27,2017-12-22,47587b8d4fe613ff6f42a7087e3307c5,2017-11-21
09c10d01ea598b37493ee93aa01cb066,f7e9bb341dd0e8c538dce497142a1bb2,delivered,2018-07-14 19:38:54,2018-07-14 19:50:17,2018-07-16 14:16:00,2018-07-26 18:56:41,2018-08-01,788f3b2f3dabc5a23775cebd48d96dfc,2018-07-14
aa77e41fccfdbf35ae4acad0909a9618,662a98185dfb9aefcbd608bbf9e72f8c,delivered,2018-05-03 17:28:48,2018-05-03 17:54:18,2018-05-04 10:08:00,2018-05-24 16:58:26,2018-06-07,ba567bd58efc37796eeff014b77e82cb,2018-05-03
c4adb90544e7914c3148466f7ab31491,180fc8ef268490fce6b677eda443ef95,delivered,2017-04-16 23:55:43,2017-04-17 00:45:56,2017-04-26 11:49:56,2017-05-09 14:17:06,2017-05-08,dfe9ee4af105be79c35a1504e139cca9,2017-04-16
3d2dcb01fbc5f4d34251dfc216cb2034,4a8901d60a3004ab988ef51c6c258764,delivered,2018-05-10 07:52:16,2018-05-11 03:37:41,2018-05-11 15:50:00,2018-05-22 00:28:21,2018-06-07,bdd1197fbc90ed93d74b23a007dbca45,2018-05-10
738580878981997bfadf04c4c2fbd013,544e78bf4c62c25f76e384103d1823d8,delivered,2018-07-29 18:14:00,2018-07-29 19:44:14,2018-07-30 14:16:00,2018-08-03 20:28:36,2018-08-08,78d3be2196c6ca18956e9979b2f595e4,2018-07-29
96a0411828c1774771b1c912e8dd813c,e328b8959b9167b1106d4108c3ef0b92,delivered,2018-06-06 13:24:51,2018-06-06 13:35:21,2018-06-07 14:10:00,2018-06-12 00:42:50,2018-07-03,53d3c9f63aa40c35e6aa6d28ad46f9c4,2018-06-06
2f8dfe00cfcef172846d190906469686,df1f0fa2859c0463b3bd4c924afe9c88,delivered,2017-12-08 00:28:37,2017-12-09 02:36:21,2017-12-12 21:27:07,2017-12-17 14:47:55,2018-01-02,66a964d70ede2f23250aa6e57a568ab4,2017-12-08
0a191803956e2748ef8dc1ed7ed5e991,6dbe848c6681efae10ede81c3f0c9ae5,delivered,2018-06-16 19:13:42,2018-06-16 19:37:19,2018-06-20 14:59:00,2018-06-21 17:28:53,2018-07-03,de0158ffb56b0a5102cb9bd196ad6648,2018-06-16
bedf0a24ebbb0d930f1849c2999c53b3,1e2c9f28b5796d861e2c7edccee8b25e,delivered,2018-02-06 21:51:53,2018-02-07 03:10:19,2018-02-09 00:03:20,2018-02-23 19:47:20,2018-03-07,d56262b31368c008ea34519b2e198f9e,2018-02-06
f464100249386ed908422e3834b42607,1bdb528d7f95c7f3e4f46d7508653d71,delivered,2017-07-06 18:29:05,2017-07-06 18:45:10,2017-07-07 19:27:26,2017-07-11 15:05:40,2017-07-19,394d71147c6b16bdb40639b2ce872d8d,2017-07-06
af4de21fc01c7d4570f5bcbbb28cbd75,00a40841820d0d2a51c5fc110eba37ed,shipped,2018-03-21 09:25:55,2018-03-22 02:50:58,2018-03-22 21:22:09,,2018-04-23,86b2db4420103d9e32f7ceaa9133fc85,2018-03-21
c9edc484b6cfdb0c807507e683a054b9,9c9a1211f0f69414e26c027daa0c0b7e,delivered,2018-06-11 14:58:16,2018-06-11 16:31:49,2018-06-12 14:24:00,2018-06-15 14:44:44,2018-06-28,66282b6b836a112be170f9d7a13498be,2018-06-11
9814faa42d794c0595af95705ab9c7a4,a304e4e04c9d21275b98859228fcf445,delivered,2017-12-14 12:18:48,2017-12-15 02:16:44,2017-12-18 19:58:38,2018-01-22 19:36:35,2018-01-09,ace8151b75116413fb94d215def27c68,2017-12-14
ab2a998670fda3ed78ed05b73fa62ef9,6dde1019a8b279889cf5599591d096ce,delivered,2017-11-11 16:59:40,2017-11-11 17:15:32,2017-11-13 22:27:05,2017-11-21 16:22:22,2017-12-04,f46b6397d5e7eeb53c40c51880238687,2017-11-11
26d50e2b2072855e670311f1aa623f86,92bc8ba533fd5f3a2c5fb8c16f6f9611,delivered,2017-05-10 20:54:15,2017-05-10 21:05:10,2017-05-12 14:57:45,2017-05-25 12:34:28,2017-06-01,2991185ed4a275b32b09338ebc32a7f9,2017-05-10
5282c7d82b95766f51be346c8fd9bcc6,18a174cd8c0062e289cafc8c156d4028,delivered,2017-11-03 09:28:57,2017-11-03 09:45:43,2017-11-08 21:14:43,2017-11-28 01:28:44,2017-11-29,550b7832d4792e6f83c735212d89893f,2017-11-03
bbf0608a4772666602f2fe57fe81742e,e1524dd0c685ee8f075fe01f661a4017,delivered,2017-01-26 21:07:27,2017-01-26 21:21:56,2017-01-27 10:50:36,2017-02-07 13:36:49,2017-02-24,5b2339965459982f42b6fda1b13a27b4,2017-01-26
5619f8b4b37f9ee0474d22b309272c62,ba9fa21d16fa22ad6a806358b58e2be0,delivered,2017-12-02 10:56:04,2017-12-02 11:10:34,2017-12-05 00:19:42,2017-12-05 15:15:20,2017-12-28,eb57b6f657dc64c32af5321202c28f99,2017-12-02
72f70be643bd8ca8da6be5b9e8435aa1,e103fb520157dd48c4828df29d466e50,delivered,2018-08-22 14:54:48,2018-08-22 15:24:26,2018-08-23 12:03:00,2018-08-28 10:18:37,2018-10-15,70adb84279cd1c8345ff8d0c6a41256c,2018-08-22
bb4355fedc9f43e7270f49187823b24b,2b044b601d13ee0c7e889361d9b3a54e,delivered,2018-02-19 17:02:12,2018-02-19 18:10:27,2018-02-20 18:56:56,2018-03-05 22:03:52,2018-03-19,554e8d1b23b386d3f8e8d1a276b13dfa,2018-02-19
92177caad9369822867c7931b5a04dfa,6394a6c9385a02ca95c7a68fa5e64c17,delivered,2017-10-16 18:51:27,2017-10-16 19:26:36,2017-10-17 21:07:02,2017-10-23 18:08:37,2017-11-22,c6810e4b8ca7ffc30cec6ca2dddc12e2,2017-10-16
ecf00baec9a9c525884afca18d5d3cad,345c8f1282bb1de3aab9a51095bcfd0e,delivered,2017-08-30 06:49:06,2017-08-30 07:04:03,2017-08-30 15:06:53,2017-09-05 20:34:58,2017-09-21,ddd2a66e1bed772e7549a4343472c252,2017-08-30
64e8072af36708bc51f7aa18eed8ea34,d237cbdc78b4a1f2b19ffc5874ded4b7,delivered,2018-07-18 10:40:17,2018-07-18 10:55:20,2018-07-21 09:04:00,2018-08-01 21:44:48,2018-08-07,6ea2daee1b9951236ea945a572794d67,2018-07-18
a50f9f0c6dc14bdf95d5621a5bd6b80b,a50a163029fb5f7935f311cfd2f5c6f2,shipped,2018-02-15 12:10:37,2018-02-15 12:28:11,2018-02-16 16:58:57,,2018-03-09,37e36b040b4b82b5780f36fff4cf1f4e,2018-02-15
40c4ddc2d5c871c28df2d3f804f02340,97a0936bd145e77b88c0a49c7d38add5,delivered,2017-07-24 09:04:36,2017-07-24 09:22:57,2017-07-27 14:28:49,2017-08-09 21:46:18,2017-08-15,8eba3049a30f185094556febe5a0b1fb,2017-07-24
9b2b20d1efc055576f23913a4c4c3641,387bff133d60a7a536bae7f670deaea0,delivered,2017-07-19 22:47:44,2017-07-19 22:55:21,2017-07-24 20:37:31,2017-07-28 18:48:14,2017-08-08,bcca3f181d4ace92a9e44fc260bc2620,2017-07-19
f8f4b67dd9b542e87eaa095b8224626b,b052bf1f8eca18f3961ef8038ae0a2fd,delivered,2018-03-19 14:41:53,2018-03-19 14:55:33,2018-03-27 00:57:35,2018-03-28 20:04:10,2018-04-04,1256f2a59e454d626c7a6c0f2fb5956f,2018-03-19
42884f644248141406ffa0cedd173c69,405bdbf40a8beb8cf3492e96a2f9573c,delivered,2018-01-19 16:23:05,2018-01-19 16:36:23,2018-01-23 19:13:05,2018-01-29 14:54:58,2018-02-09,1ba255b2d2cb8619aaf4cebb847a6d2e,2018-01-19
3f90c2a1df68590cf47b69f2c07ff0d2,4aebf51d7766f57fc3b9e0d324c20f33,delivered,2018-05-14 00:38:08,2018-05-15 03:35:17,2018-05-15 14:28:00,2018-05-19 10:03:50,2018-06-05,1e9ccb0ada894b43b7a38a3313d67b4a,2018-05-14
aa29fcf45dcd013f2668ede0eaf806ac,f55e41abb0f73a6211c59ff1af4cc189,delivered,2018-07-07 12:56:12,2018-07-07 16:05:50,2018-07-12 12:47:00,2018-07-16 15:07:03,2018-07-30,84d94df6465a4f0bfaa4e94d45f236ed,2018-07-07
5f1b7704047e1c4de739797c27c6c45c,b7ef6615929779df90c8404205b319e0,delivered,2018-04-10 15:20:29,2018-04-10 15:35:18,2018-04-11 01:08:37,2018-04-17 00:10:51,2018-05-04,989e9d25cb15292048ebff7922b002fe,2018-04-10
a78c0962e6a2425978965be2eabb31f8,c089255b3acfc822d731d4319a443d95,delivered,2018-07-23 13:20:40,2018-07-23 15:32:07,2018-07-27 15:43:00,2018-08-02 23:51:42,2018-08-16,6cb8df9c62d9348289dc83231d60d294,2018-07-23
8d64e424b042f023526817b2f765a442,64573453bdba984df0f2255736f776ba,delivered,2017-11-30 07:11:14,2017-11-30 07:33:06,2017-11-30 22:36:55,2017-12-03 14:28:33,2017-12-18,ee8436246016d74854f12810cc105ce0,2017-11-30
b1358540a7f7697e3f78ba88935ea3b6,dbf6ed4dc7bddf15511104f1c8cbf195,delivered,2018-03-21 13:55:54,2018-03-22 02:49:50,2018-03-28 18:16:44,2018-04-18 20:47:18,2018-04-12,b868f82cbb7b6fa2ff304a2b8547a91f,2018-03-21
aa1bc9f5fb6999f433bcbf6990661542,a85297ea32b3433cbeb17e475762c23e,delivered,2018-06-17 16:35:37,2018-06-18 09:13:52,2018-06-18 14:37:00,2018-06-22 00:57:27,2018-06-28,a03e6b52c1ccc37579847e6948c7a70d,2018-06-17
7497aef0a44235d9716819a06ae3d1b8,f2fb8a49fc3012aa30f76be7f47eaaad,delivered,2018-02-27 15:37:07,2018-02-27 16:50:03,2018-02-28 17:23:57,2018-03-12 13:32:03,2018-04-11,4c41f41b633d192c9142dff3f6743ae7,2018-02-27
04767604594dae9050fbaf22bca08e6e,20b482fe0f494bf34e0aeda7e9c33fce,delivered,2017-05-21 21:55:51,2017-05-23 03:22:51,2017-05-23 13:55:40,2017-05-24 13:59:52,2017-06-02,4bb151996e2d125f227785d3e4c3ebc6,2017-05-21
26c8454aafb0fe89ed0c10eb509ad574,f40eebbe472debbdf4cfc36b99897a37,delivered,2018-05-19 16:26:50,2018-05-19 16:59:37,2018-05-22 06:15:00,2018-05-28 20:19:34,2018-06-01,182dc559769d037062eb6f6434121f13,2018-05-19
bd0d8e38394d7cb075e6c93b3ebe1180,a0195318f72f8d70c69675aff4c48f60,delivered,2018-08-09 11:53:06,2018-08-10 03:05:12,2018-08-10 14:16:00,2018-08-13 18:35:27,2018-08-16,b7737cd1c12adf6a0bc2de497ce2935d,2018-08-09
2a7dcb1d34aa5213ba51c0997b843fc3,29e4b6ae74ba2576f10c479863d02f8f,delivered,2017-11-06 19:40:33,2017-11-07 04:32:36,2017-11-07 15:55:08,2017-11-22 18:12:02,2017-11-24,b856a09d550eae86152c1c6918cb01ea,2017-11-06
0a53c1150d1019fb4e5e6224e887011f,26fc7e710ec9bba533f8967e60f2cc5d,delivered,2018-04-18 21:22:49,2018-04-18 21:50:50,2018-05-02 15:43:00,2018-05-04 15:22:06,2018-05-02,45ca4053806ecd0f595c633184e0ff61,2018-04-18
1fa3133aa187f5523ca99748f5b5578f,6eb2a1fc81674d4d2877d51a498375e1,delivered,2017-06-01 19:08:30,2017-06-01 19:22:56,2017-06-06 15:35:09,2017-06-07 07:32:52,2017-06-14,19637bd7c7c8c0b7023d9f668928e761,2017-06-01
264af1175f2425bc604b8547920207a2,4839cfebf48d099e750ea7f2839043a8,delivered,2018-04-23 14:46:07,2018-04-24 18:59:21,2018-04-26 12:25:00,2018-05-12 18:52:54,2018-05-28,c9d409ada627c8418ab566d9324fe3e1,2018-04-23
58ab53aab8ecabe6b411fa69f97b8be9,a6aa9543426b2f37964954cfc9ee474f,delivered,2018-06-07 20:45:20,2018-06-07 21:36:04,2018-06-08 14:18:00,2018-06-21 01:06:31,2018-07-04,4711348768db55c57a67aba080ead566,2018-06-07
c28678c5474dd180becafdd64fddac7d,0c2cbff091eeb8f51f5aff24dcf1e9a9,delivered,2018-02-21 16:11:56,2018-02-21 16:29:40,2018-02-22 23:17:26,2018-03-07 21:11:13,2018-03-13,23b2d37ef78f3c8dcb31f5eefc30190a,2018-02-21
f322d0eb62f5e70fa62f78ae2b6d5ee0,909ac9acd410bb73b02d3341ff0f9766,delivered,2018-02-06 12:49:15,2018-02-07 02:52:07,2018-02-08 00:39:52,2018-02-24 17:12:26,2018-03-05,faf33c1cae7b379e4ba51fc229e03d58,2018-02-06
dae94a5945b5feabdfe04e2ae8d3d3bf,d976b7f96ffd6afe91ee9f725d70ed19,delivered,2018-02-14 11:26:08,2018-02-14 11:47:34,2018-02-16 00:52:07,2018-03-02 23:14:22,2018-03-09,91fd427ee713f3b06b0dc7472ed8ff28,2018-02-14
da3a18a5159dc21786d4f6726fcc51e5,8b036273a1a512da2329bca54afe3f95,delivered,2018-07-24 16:19:55,2018-07-24 16:30:21,2018-07-25 10:04:00,2018-08-04 01:52:42,2018-08-16,f649b35378060c6e4d16209fbebd17aa,2018-07-24
4895f8a5926847fbac7dd72661f60dd0,517fb4c38b2c35fd7c5b4eb8e8a37251,delivered,2018-07-30 16:39:18,2018-08-01 16:31:37,2018-07-31 14:05:00,2018-08-02 00:28:44,2018-08-08,5aa47e4947fad63e026efcf382737b7f,2018-07-30
01aa38b66d95377a4f276f78742aca15,3e92daf13094e2b667e2f2c38a4ce969,delivered,2018-03-01 13:16:25,2018-03-01 13:30:37,2018-03-02 16:57:14,2018-03-03 15:48:44,2018-03-13,fd07960753dd725c1fd626b155846b1d,2018-03-01
571397819bd6b9fb6c481779d2159854,c99b24cb5ce51490cac3a1ff21d153bc,invoiced,2018-04-02 18:09:49,2018-04-02 18:29:55,,,2018-04-18,ce3d7c27fd233c1a2f3fc2686080ef0f,2018-04-02
f9466c5c1ba729ca78ab94232fd4e8de,f296f88c13ab7f40770c56810e4fcfcb,delivered,2017-11-24 20:44:16,2017-11-24 23:53:26,2017-11-28 21:20:12,2017-12-06 18:30:10,2017-12-15,8ea8c30fa60f3775211c6ca2c7a9f068,2017-11-24
c8f940fbc25bac4ef4c6c97047d59899,e754c640c09779e1ada40ccad154f7c8,delivered,2018-06-24 15:56:08,2018-06-24 16:14:30,2018-06-25 09:40:00,2018-06-28 21:48:44,2018-07-17,cda07bb630a62f9b271abecab8a37d63,2018-06-24
42178905ca532298f19fe27009fff325,9769cf8e0cf29e8df3993c86c6eeceee,delivered,2017-11-23 11:13:16,2017-11-24 03:10:16,2017-11-30 22:04:13,2017-12-07 21:32:18,2017-12-20,0cc3629bcdae6909e00d9512d566f570,2017-11-23
558c1baea4d7455f7964d6fa4e4d4b96,4721d7c3cdf29bc7cb6ba13ffa40d73c,delivered,2018-04-05 13:17:12,2018-04-05 13:30:30,2018-04-11 20:28:45,2018-04-18 18:21:20,2018-05-04,43c1dcd943cb9e3763e33a9a82cfefec,2018-04-05
8777f25a50cd8f37e46fc4c8a222bad6,ae1ef7a597902974fd63374c0293dba6,delivered,2017-11-01 09:40:48,2017-11-01 12:45:48,2017-11-03 22:25:51,2017-11-10 20:16:27,2017-11-22,452342fe6775efdea29aed288b89456d,2017-11-01
1c7e4165f3f62e0f9ffe766a0ed93f57,8a01c6e4552c9d9f24fbd8db3e40536e,delivered,2017-11-12 12:00:11,2017-11-12 12:10:59,2017-11-14 22:34:43,2017-11-22 19:28:33,2017-12-06,47ed47973e2b6c852899c7e14c8f0595,2017-11-12
f35ddefd9f69ce48e6a38a12b97ec26b,2ba0552c5032a5bd4164237204912231,delivered,2018-04-12 18:57:50,2018-04-14 02:30:45,2018-04-16 23:32:37,2018-04-23 16:03:09,2018-05-11,a231b02134665d0d59438a0008e6e082,2018-04-12
1d27a36f2b45a61e1fe2523a056c3561,0a44fa60c928c1db607ec5758d406560,delivered,2018-07-18 13:48:12,2018-07-18 14:02:23,2018-07-19 14:23:00,2018-07-25 16:21:55,2018-08-03,10c04a9366e94baf4f2fcc2e3e1a62fc,2018-07-18
ba254174e8ca271319fbd168acd8684d,f60cc995a583dfd1e1dadf8ef6d7c573,delivered,2018-02-20 22:19:35,2018-02-20 22:30:29,2018-02-22 00:22:19,2018-03-13 21:12:15,2018-03-14,5a794d8426fff5c898fada607ca62c1d,2018-02-20
c704edad3eab2ddaaabdf3fc283d9b67,53df7fa71da6b6d159166381b1995d75,delivered,2018-08-13 08:33:31,2018-08-13 09:04:27,2018-08-13 15:10:00,2018-08-16 20:48:39,2018-08-28,cdc3fc3896af4ecc3c8520ee40dfd19b,2018-08-13
2906d3aca5a5b9081616c592a8b9fb2f,1cb6cb3f6eb970146b2fc09a5f9101c5,delivered,2017-05-07 12:41:14,2017-05-07 13:10:36,2017-05-09 07:36:04,2017-05-19 10:32:28,2017-06-06,e877ddabd86bdeffa52cfee623979d2a,2017-05-07
fa08d98c3578576e8ab56cb2bf8d94bd,9a18716ba4150ffb34ca9b4298cc0bd1,delivered,2017-12-29 11:38:04,2018-01-03 04:18:30,2018-01-03 20:06:37,2018-01-09 15:19:55,2018-01-24,9224f42be2222f18e321f84f8d67aa1f,2017-12-29
5af3f71ad6e8363e3d3a3818899d2d61,a1eaf259693eec5fdf8a82d97c9b1fc4,delivered,2018-03-10 15:33:59,2018-03-10 15:48:39,2018-03-13 16:48:19,2018-03-28 15:03:11,2018-04-04,d8dcf12d3642e1ae95c06ac28a086e0b,2018-03-10
aec4f42c8ecc65ba995a4ebcd0e1de2d,efe0a27eb62f96985e74e196a386be40,delivered,2017-12-18 18:26:07,2017-12-20 15:31:27,2018-01-26 20:42:33,2018-02-05 12:55:06,2018-01-24,0213ec5289d86c40bda69ed571b5853f,2017-12-18
2839b4c58dc6f1ff77f8a662d6c392c6,59f02919719082978e302f9c366d2052,delivered,2017-11-28 11:16:46,2017-11-29 02:16:58,2017-11-29 19:08:59,2017-12-08 22:04:22,2017-12-19,45e5e1715b795757d22448692cc8dd5a,2017-11-28
9dece38ba34c2b0050efef28e85d7bde,db913a930f7150edd2c9d735b27df1b1,delivered,2018-05-13 19:02:14,2018-05-13 19:12:38,2018-05-14 13:44:00,2018-05-18 20:58:28,2018-06-06,ae3b6c7fda9a934098987e72e12aa613,2018-05-13
731a8110be2ef91dd6967336a930b4e3,e77145a7d72368000b90adeabd26e719,delivered,2017-09-22 11:46:12,2017-09-22 12:04:14,2017-09-25 19:21:37,2017-10-02 22:58:45,2017-10-16,1ee6cf087f088e18cf0c89c3220b62f1,2017-09-22
57e4399c47c85b49ab7fef194b4e14b7,7a79946ef2b486ef080e4051eb0b62fd,delivered,2018-02-21 22:43:55,2018-02-21 22:55:24,2018-02-26 14:07:05,2018-03-21 13:03:15,2018-03-14,5703336a9e7a44d6b968e00d712fe564,2018-02-21
a7e777244d28c9330d778b6626beb029,65a7f0e7610bce61fa21f68d27d43648,delivered,2018-05-14 18:38:17,2018-05-14 18:50:08,2018-05-16 06:19:00,2018-05-17 19:22:00,2018-05-22,ee337c55ba083dcf3a922739b2e63428,2018-05-14
42783d2d598dff8ebd48b70e401ca0d6,51decce3155b475fcf380e6ca4b44725,delivered,2018-01-31 10:54:28,2018-02-01 02:56:36,2018-02-03 02:52:37,2018-02-16 00:26:58,2018-02-26,e29c0e793eda29e0482f1aa0ffc6479e,2018-01-31
7e6539e0940d836317038bdfe085f18f,7986869fd4dc73c4c77e1df2f8bac079,delivered,2017-03-16 21:56:12,2017-03-16 21:56:12,2017-03-20 13:13:39,2017-04-03 15:10:08,2017-04-17,dbc5d034c68822a405bbe7d055b234c3,2017-03-16
b6373978185cedf353f7d890ae32240f,367cbe5576042219c5d0441b3d5c3cdb,delivered,2017-07-13 00:54:41,2017-07-13 01:05:16,2017-07-13 18:57:49,2017-07-19 19:21:35,2017-08-02,4cdf205f5d60c791072eafc0bd532316,2017-07-13
97e8d3eb8f48e3610beed991e5f32296,64df235a93b53bccd4f7189cec632e63,delivered,2017-11-15 17:34:37,2017-11-15 17:55:28,2017-11-21 20:16:07,2017-12-11 19:17:19,2017-12-07,f5610aa200397a8c90286f86601388aa,2017-11-15
44fd51f28b86bf431a4438f957259ea2,6e4bb9c63481c728b560cef60527169a,delivered,2017-10-09 10:36:49,2017-10-09 10:49:37,2017-10-10 17:10:28,2017-10-26 18:03:29,2017-11-09,b2091b5358411d732e38414643149fca,2017-10-09
b865bf62fce1552218ba53aaa950e1cc,0c65fbd1cc7175466e1bfd6d0978157b,delivered,2018-06-16 10:43:52,2018-06-16 10:57:03,2018-06-22 14:04:00,2018-06-30 01:08:43,2018-07-18,b75c0220b3cede8690e6e7fbd1a528a9,2018-06-16
324cc372a5790222f0717f50a6816df1,5a5ea6a8215f199cf696944f1540ddf1,delivered,2017-11-24 22:39:38,2017-11-25 01:33:54,2017-11-27 14:38:22,2017-11-30 18:38:07,2017-12-08,b4c996362130492dc27bc2e3ab238760,2017-11-24
222e2f45e2970908ca9c29309b7452c5,94022ff13dd60ec046554d25daf2a926,delivered,2018-03-12 22:49:15,2018-03-14 02:55:32,2018-03-19 17:37:05,2018-03-28 21:44:50,2018-04-05,c0861e9f59409969e3774da5ba02c4a2,2018-03-12
e4d96e6ad34780ade40c4b6dc2745a04,f231cefbb88b5be18dbc7b6da2fa5366,delivered,2018-01-30 13:05:27,2018-01-30 13:15:35,2018-01-31 22:48:49,2018-02-01 23:08:38,2018-02-15,4681829483318507ed55682649de6571,2018-01-30
a65ca70a0647f6ec2e7b4a0a49d3a500,b9bc6f2fe88de6ce2ad5e8c28255fbb7,delivered,2018-02-09 07:14:01,2018-02-09 07:48:28,2018-02-10 00:41:38,2018-02-22 16:57:24,2018-03-21,bcc12465c837cd4f7207d8d227be6d2b,2018-02-09
7b74647ef95b9578401bd8a4f723b301,43ae0f58c3e63919119fa948c2efee95,delivered,2017-12-01 01:42:46,2017-12-02 02:37:19,2017-12-04 19:48:32,2018-01-05 19:27:54,2017-12-29,b703d83e085a6a8b339dc548f4878ca8,2017-12-01
3f190e71518c682ad72ef9b6623a7231,d9e84848db3cf9bd9355887825249f9c,delivered,2018-01-08 08:06:06,2018-01-08 08:16:23,2018-01-09 18:07:43,2018-01-13 11:36:59,2018-02-14,a9d91b01596a92bb257b5b3a5490ef20,2018-01-08
34050aa3fee994fb448fd3d87028f094,0069f43bfc018147f03b7a0f64fa00bd,delivered,2018-07-19 15:51:58,2018-07-19 16:05:28,2018-07-20 13:16:00,2018-07-27 09:38:52,2018-08-13,7e7c1cf8c1a7ae4149f5a2fc2b1b65b4,2018-07-19
a4423627568451619a53fb219d9ab5e9,f9d7fe8e98e56e91c5a8eb448df9e23d,invoiced,2018-05-18 15:10:08,2018-05-18 15:37:19,,,2018-06-06,28f8f22d63334f79f35311cebdb4da01,2018-05-18
a2358359fc0b73ef3eb32478f11d7ff9,6b861e03ff5e176b1c6f6c4dab109cb7,delivered,2017-11-25 14:01:20,2017-11-25 14:17:38,2017-11-27 22:17:16,2017-12-02 00:04:22,2017-12-11,14b2ef9cdf543e90e098b8b670169b14,2017-11-25
3dbaee49e261c2196c0b7be676957e0e,266669cdbfadcab7f71322a8b102710c,delivered,2018-07-31 12:40:23,2018-07-31 13:20:08,2018-08-01 13:16:00,2018-08-03 19:22:32,2018-08-08,401e6fe43283a50076215582afded7e1,2018-07-31
67652712ccb6d4a88f063a50b60a1073,48830334e3ad5e310ec8ccb250287fea,delivered,2018-05-08 08:36:58,2018-05-08 08:56:39,2018-05-08 14:12:00,2018-05-09 18:42:02,2018-05-17,caef5cef72c521dbe2e350a1cd4f3608,2018-05-08
4fa41cdbfb5a42afeb905dbc0dde893b,ce7cac55075d6a945deceabf09b8e50e,delivered,2018-06-21 00:32:30,2018-06-21 00:59:28,2018-06-21 14:02:00,2018-06-25 13:26:30,2018-07-17,0c35dda0683add11df3fe84a8a4135a1,2018-06-21
7fcdbfd4e4f06b53cde3be46b3798147,d55de705b0cacd7818caa64cf65ed2ec,delivered,2018-02-23 16:47:13,2018-02-24 02:55:39,2018-03-12 15:14:14,2018-03-12 15:14:20,2018-03-20,2a0fc51f813646ee8afdf0abf76eaca9,2018-02-23
efd626e6a12a82d76e456e34093f8356,da2bd16b131bc90653b87fe4d8fd266e,delivered,2017-12-07 20:33:24,2017-12-07 20:51:05,2017-12-08 18:12:34,2017-12-27 18:19:53,2018-01-08,62a25a159f9fd2ab7c882d9407f49aa9,2017-12-07
727e04adb6e6b609138af7ad254da0ad,cba8b8645de00cff0b502040bc71c0c9,delivered,2017-11-25 19:54:16,2017-11-25 20:11:22,2017-12-01 00:33:59,2017-12-22 18:09:07,2017-12-20,aac86ff1a57d14e31dfd674c49d240de,2017-11-25
fc3ff005fe8350241fc153d6828070c4,6a8230bceebe5870e91adfd929a31a45,delivered,2018-06-23 11:11:56,2018-06-23 11:40:48,2018-06-25 12:02:00,2018-06-29 14:12:13,2018-07-30,ed1b6f66996abfab57c0affd00805578,2018-06-23
8d0fe5f8742be51a61db6ac620e4f032,3c13585a5ac14038367b2a957ff22f4c,processing,2017-10-16 11:43:58,2017-10-17 11:45:29,,,2017-11-23,1893f08842b6068ae5206591158a8623,2017-10-16
b9eb9fbcca54dfce1d087c752d0f4b35,3824319059ed4febc68d625e63f29eee,delivered,2017-10-11 10:23:09,2017-10-12 03:00:12,2017-10-16 22:52:14,2017-10-25 17:13:05,2017-11-09,b088bc1ec6539752bf408ac1d9c694da,2017-10-11
db6f1875969fbcc9c16ab67687385c24,4aa04cdd4cd1ef53723ce28e38a00ccf,delivered,2018-04-16 19:13:47,2018-04-18 10:35:18,2018-04-20 20:48:56,2018-04-27 22:12:01,2018-04-27,2c7ba5e7166d827bf72f78e437c36f90,2018-04-16
36307ab4d5c4b59fbc4034d2adb2cb77,27ed9299eff7fddbfdd20337369ccfc8,delivered,2018-05-10 11:05:59,2018-05-10 11:36:17,2018-05-10 15:18:00,2018-05-15 13:20:50,2018-05-29,87032343183c4a396d794003ed5f0efb,2018-05-10
71038e0d9a6cdb865f447e4609420028,b094e7ef2282d9ccadaf5d3967a7b382,delivered,2018-04-15 17:58:27,2018-04-15 18:15:08,2018-04-18 00:16:35,2018-04-28 14:46:45,2018-05-10,dc08429be002683509381cbfe7c4b1ca,2018-04-15
ab9e742195daf35a5169f1439b2706b4,b477f334a9885afca3b612c03e0d047d,delivered,2018-07-28 13:18:23,2018-07-28 14:24:06,2018-07-31 14:17:00,2018-08-02 19:03:45,2018-08-20,74c8064d4a5b9de1030e8f41959e2cac,2018-07-28
fe131be5a96c0e5194cfe0c33e5b1bb7,9b8a879e1ae208432919c6a17998088b,delivered,2018-08-22 21:33:00,2018-08-22 21:45:08,2018-08-23 13:47:00,2018-08-28 01:54:48,2018-08-31,5a04b8d0b0186a8c54bf27375f3fb3e7,2018-08-22
9482ad48e95c5f12dcee48d3e142bb30,6688d1aa4df9444ff579176b40840638,delivered,2017-11-16 12:05:27,2017-11-16 12:35:38,2017-11-16 20:39:49,2017-11-28 18:48:47,2017-12-12,8f1f89f5ddb79a09e466c3b520698e52,2017-11-16
5136243abaa9e62eafe37f8a7e985930,9c49e901b9d95371916c3342a636e16c,delivered,2018-08-07 12:10:56,2018-08-08 03:05:09,2018-08-10 15:00:00,2018-08-22 21:51:33,2018-08-23,81d2923bb77ffedb4cd2f5a5fd4dfa5f,2018-08-07
b53273dc08d42154a427ce58148a7664,ab4c9e7ca64df4b924904624092ddeb7,delivered,2017-11-17 06:22:23,2017-11-18 02:15:29,2017-11-20 16:36:39,2017-12-06 16:52:08,2017-12-11,4c91f30875e2482c09e9b81ef600985a,2017-11-17
b6ca9c178470e07c7797790e26c61bbc,cab8af339f1d290aade1fccc8f9c6b0f,delivered,2018-02-05 10:31:08,2018-02-05 10:50:31,2018-02-05 23:03:59,2018-02-20 00:37:02,2018-03-12,1635bcd54cdc399d5b0171695e270dc8,2018-02-05
da1d283bca74140785d392cda010a77e,d0797888933f41d7d9ad060c08d6f316,delivered,2018-02-18 15:47:50,2018-02-18 16:50:21,2018-02-21 21:07:52,2018-03-17 11:32:56,2018-03-23,baef2bd211e495fa7df32ca22dd9c1a4,2018-02-18
248deb3ef512379585029c544c063a3b,404f03b1642f9e710beb41b1013c2722,delivered,2017-07-13 09:43:56,2017-07-14 02:30:19,2017-07-17 12:32:54,2017-08-02 19:49:52,2017-08-14,34741d8ad9e21e04bf0d49f8d76727c3,2017-07-13
9b7e94b15ccd427e75e425bd24133b2b,411e19e06beaa243091cb4ffda774bb4,delivered,2018-08-09 17:53:19,2018-08-09 18:05:19,2018-08-10 12:40:00,2018-08-16 20:04:40,2018-08-16,d10752eaa3429c304dcd9b609396af74,2018-08-09
a0b86c319dde7542c0899dbd2a4905ef,4a042355a0a8443a7025f6826fa90366,delivered,2017-07-30 15:19:43,2017-07-30 15:35:06,2017-08-07 15:27:58,2017-08-15 18:02:58,2017-08-24,c8b1788d49b83ec647f891f5628fc702,2017-07-30
86bc0881e5fe366c66d6467b24bbac86,823cca9f6a419368142238f652f9717c,delivered,2018-04-23 17:07:27,2018-04-24 18:10:59,2018-04-24 21:34:47,2018-04-30 17:42:44,2018-05-15,ca26c28cab4d8cef1f2bc24e9bc78380,2018-04-23
0b4526b3cce3a48ec0506b923481cdfc,bfb2de23d4abe0eb20a7e63974fbfc23,delivered,2017-03-21 13:29:54,2017-03-21 13:29:54,2017-03-22 11:53:39,2017-03-27 15:18:10,2017-04-13,4d9e104764077f7dfae917c7cc803212,2017-03-21
c34751f5d9af314e78959730157ff306,fa5e9e57a97929014972b48723035b76,delivered,2018-06-09 15:36:32,2018-06-09 15:50:23,2018-06-11 14:31:00,2018-06-20 16:41:43,2018-07-11,86b3fe2ecd895fa35d303e2a49b3130b,2018-06-09
0725532304d0cfa92301860fe3075a28,3c6f2c53258e60f1475d52d320a3891c,delivered,2018-08-02 12:05:30,2018-08-02 12:35:18,2018-08-07 10:11:00,2018-08-08 23:52:00,2018-08-09,4dc105bde97d5f8bf38a8ad92e49fe2f,2018-08-02
4d0f637afbd692c3e9fbffbc338de497,42c1788dfeabff14c5032eaa426b30c5,delivered,2018-08-21 15:43:35,2018-08-21 15:55:15,2018-08-22 14:29:00,2018-08-23 22:03:23,2018-08-24,618114fa5e560b9573797987c2fdf820,2018-08-21
0ec103f06387894b54be12b9ba367b4c,c1c0608c8f5b318ed1903b48726914d2,delivered,2017-10-20 10:00:43,2017-10-20 10:14:28,2017-10-23 20:17:49,2017-10-31 20:19:56,2017-11-13,987dc6937d234ad2f2c64f77ba065428,2017-10-20
6e3b6fda500c10221a01efe3ac910ac5,d399bb8c3a8a46533514b092a13652be,delivered,2018-05-07 15:43:05,2018-05-09 04:31:34,2018-05-09 14:25:00,2018-05-14 18:48:40,2018-05-29,8fca845b8523f20659773d02df788da3,2018-05-07
7581fe5b727dc11254a7c1d17733e0c1,0892d30ed88aa706a05c81128fd6552d,delivered,2017-10-08 18:33:23,2017-10-08 19:28:19,2017-10-09 15:22:51,2017-10-16 18:41:37,2017-11-09,bb1f8af146f7a3adb0cdcba552f48fce,2017-10-08
ca3ead5d3a8a5aa51de698e8a6f6f51f,489e0aa96f25d98e59fa81b16ab96789,delivered,2017-10-11 19:11:12,2017-10-11 19:25:50,2017-10-17 19:37:54,2017-10-20 15:50:09,2017-10-30,310a39bb64a6198e86d944164b501735,2017-10-11
10b5d5c95177be116333e9a65a6fdea4,749ba37e1c007d00f214dc51dec300e0,delivered,2018-03-04 10:59:40,2018-03-04 11:10:54,2018-03-06 18:52:18,2018-03-13 22:59:29,2018-04-06,3c3a8cbb2907d3f5e9a3ff071851c271,2018-03-04
8a3a8c32194d18d075aa39c07015bf10,304fa891a107d45e1cd28801830aa4ff,delivered,2017-12-13 22:37:02,2017-12-13 22:50:08,2017-12-15 20:49:59,2017-12-26 17:33:41,2018-01-15,62f1c07ccbe8116df92fa84eea55d318,2017-12-13
a5f76c8d3b285a86d564ee16eec3f013,8affd513e559520718cd89b902a8dab9,delivered,2017-07-19 15:34:34,2017-07-20 02:25:27,2017-07-24 15:44:16,2017-07-28 18:25:53,2017-08-10,6e4b915600b4667fe31106674da00166,2017-07-19
9a1925c9ea26df1c4bf618fdd4ebc943,ecf69e0cf3882d637727d4708ad34d4e,delivered,2017-12-31 14:37:51,2017-12-31 14:47:29,2018-01-03 17:38:47,2018-01-05 20:10:41,2018-01-30,a763728fd6d00fbeab1cf0b76e5a904c,2017-12-31
520563861deb0acf3b7ab8295ced6e01,d57859ffa4eb04b3847a118bcc5284ff,delivered,2018-01-14 16:11:18,2018-01-16 03:38:39,2018-01-18 12:52:07,2018-02-01 20:19:33,2018-02-15,0329fc1a5c3519ff9d894a49698269e6,2018-01-14
c487823afa24762b847f2b24917b04b3,7e71fa9e4ac7e0ac91e9388f6297b1bc,delivered,2018-02-21 10:58:21,2018-02-21 12:27:46,2018-02-23 10:48:55,2018-03-15 00:48:44,2018-03-15,e9bd209e4ef386de8d26f1f402a31c22,2018-02-21
6f0d22f1ac98ca3892d88dd39842fc3f,9e744efa51f355e27e6dc37326b02e4c,delivered,2018-05-05 22:59:57,2018-05-05 23:10:43,2018-05-08 14:53:00,2018-05-09 22:18:36,2018-05-21,6c8eb65689d88fdf842e865bfb0b03de,2018-05-05
e91d77b27ccd3bac6b23a34a44ae3db1,3b24e072e212ab877ec93ab12054d5de,delivered,2017-09-03 11:38:54,2017-09-04 11:45:17,2017-09-05 21:52:07,2017-09-12 18:39:58,2017-09-22,4ef6b9eb7423ee28ddb123620e609a3e,2017-09-03
0f3358d8ff329783796c1876bf8aa920,d8ea7d4341a28cff9a619aa4e785776f,delivered,2018-05-03 19:56:11,2018-05-03 20:12:53,2018-05-04 09:41:00,2018-05-11 21:59:31,2018-05-18,a9aa81e1c3efc90c43bce4a9156f5690,2018-05-03
eb30ff356b044cdd6749167b9690434c,da71d587e9bfcb39ced7b8beb65e6bba,delivered,2018-08-06 11:34:22,2018-08-07 08:35:14,2018-08-23 15:11:00,2018-08-27 18:38:54,2018-09-13,fea74e188b7ba8b49cee6e279c64c91f,2018-08-06
8b9c81aba1637b7096d3d34fe6f880a6,ffca1cb088905d26dcee8b7d3aac4349,delivered,2017-12-11 15:53:29,2017-12-13 06:54:32,2017-12-13 22:53:33,2018-01-08 22:09:32,2018-01-09,a841fb573d875d9144d47ceb57b38207,2017-12-11
6bc6eef38b5af8cc3669240983585814,117436669e184f4609199f7301fe4cd8,delivered,2017-12-05 10:54:29,2017-12-06 02:35:46,2017-12-07 19:32:46,2017-12-10 12:31:49,2017-12-28,3019ee74ba656d872ff6dda2de845cd7,2017-12-05
44b24f94400635cc1f692121bc4ef110,a302b9b1e9bad4553e418417b0eb0e6f,delivered,2018-02-02 22:48:30,2018-02-02 23:10:55,2018-02-08 20:57:41,2018-02-17 17:18:38,2018-03-05,2e2aa19824dc8145de161ae4979ed4b2,2018-02-02
47b40429ed8cce3aee9199792275433f,cb2caaaead400c97350c37a3fc536867,delivered,2018-01-03 09:44:01,2018-01-03 10:31:15,2018-02-06 01:48:28,2018-07-13 20:51:31,2018-01-19,4cb8ad9a4554099db7d70c13d0dae906,2018-01-03
bb561bbe5bb54b2d9eed5f6af1a9a7e6,e270ecc5eca315d6e60925b03ce07705,delivered,2018-05-15 21:49:04,2018-05-15 22:15:38,2018-05-16 13:35:00,2018-05-22 14:54:49,2018-06-07,5671e6855d7642eeb038c6f6bd79e76b,2018-05-15
78c0b73c9ead9f3ec1b6fe898caac608,192c13edf7e555751c8746553b2eacec,delivered,2017-09-22 01:42:48,2017-09-22 01:55:10,2017-09-28 17:03:00,2017-10-05 21:42:37,2017-10-27,3a9852055397b619904f3b423218d58e,2017-09-22
d40be4e6e8f30d5f4ca1f34d06268fab,fcaff47094a7a066b8ea51bac7eb2d88,delivered,2018-07-14 17:07:01,2018-07-14 17:30:08,2018-07-19 14:59:00,2018-07-24 18:58:33,2018-08-08,dac57916147a7d57bee615a47a4be7a6,2018-07-14
3311b1573fa138150d43e80f46c7d1cb,e4814f4661ea39bff3e049f5945706cb,delivered,2018-04-01 17:51:21,2018-04-01 18:08:30,2018-04-12 17:09:49,2018-04-14 01:11:53,2018-04-27,e14f8315da8a00edc21581ff89062dd1,2018-04-01
46c3d7a39e516332b81a4841a2fae891,01fa535b377b96fe00287149f6f01441,delivered,2018-06-08 21:35:30,2018-06-08 21:53:22,2018-06-12 12:45:00,2018-06-20 19:32:27,2018-07-04,95a21b7f1fe129295660f6d6159eb1c7,2018-06-08
cba3306126337d8de821145b22b9b0e0,7f93efdaacb4248f93bdfec0686d3a8d,delivered,2017-12-04 21:55:40,2017-12-05 10:30:54,2017-12-08 20:53:50,2017-12-11 14:53:33,2017-12-20,a72b72235f0266c1b2eefbf2037c523f,2017-12-04
f9b40a110c92bdd1cd9c0ca5b73d9d51,1dd775750ce8919fc542b8d1430802db,delivered,2017-11-14 20:00:09,2017-11-14 20:16:11,2017-11-16 15:16:36,2017-11-26 15:58:56,2017-12-07,01d4133dfc24adea1d8d8b7f5ee44aa4,2017-11-14
a11b617c5514af0a6b5181041a897b39,da1f466f842c43c7cca930e1edd5c618,delivered,2017-12-15 12:13:21,2017-12-15 12:32:45,2017-12-18 20:22:48,2017-12-22 18:34:19,2018-01-10,43ecfaf78ac785c896c7136921091fa6,2017-12-15
f6ed483455295c6e7544f141244cd981,2e4f4acf17b7ecd810c26c7fa2ea34c9,delivered,2017-03-01 12:25:22,2017-03-01 12:35:47,2017-03-02 10:26:32,2017-03-06 11:42:09,2017-03-22,4dd2c55d661c0e60da820acc5429fa99,2017-03-01
90289a17e4361481e6880e751590f140,9e14ac0a443b8dbca65c6d5b535caeb1,delivered,2017-09-21 11:06:58,2017-09-22 08:25:14,2017-09-22 17:28:03,2017-09-25 14:53:53,2017-10-06,89d2fbbea2cf6e5ac5a350af1e02cecb,2017-09-21
c2ded85cef2074d052162eb8f47520d7,472d1c3099357b69de912684ce58b4db,delivered,2017-06-01 13:20:14,2017-06-01 13:30:13,2017-06-01 14:11:30,2017-06-02 16:21:52,2017-06-22,b2563478ebf8bdfe13eca2364484373a,2017-06-01
26a3a890da3f4724d81df62f315000db,f9192e735e2937e8fe7f031eca0b3a7a,delivered,2017-10-03 19:57:42,2017-10-03 20:14:17,2017-10-05 17:07:52,2017-10-18 17:07:43,2017-10-30,0e6299690e7718df1c686ddcc875e51e,2017-10-03
d99c7464570fd548f9936438c57f394a,92d6832c5ec0be03b1bc69a3e9e60758,delivered,2018-07-23 11:31:36,2018-07-23 14:30:57,2018-07-24 13:30:00,2018-07-26 22:25:49,2018-08-13,468d40ce35b561fdc6875f11cbc68b52,2018-07-23
77dd0936b9f8f4340353ccb7e6ba7922,5bf5aa95feae7e68aa9712ec50abd94d,delivered,2018-01-17 20:23:49,2018-01-17 20:35:22,2018-01-24 19:35:15,2018-02-02 00:37:51,2018-02-07,be97b16a44684f3dd9cc8dc6c04b3fc7,2018-01-17
6856cad14147606a83cb29cb4feffce3,91dbee61cb4484fa7121b6101155933a,delivered,2018-04-08 12:08:24,2018-04-10 03:50:20,2018-04-11 22:42:26,2018-04-18 22:05:32,2018-05-09,e7c999063f89c90e56a025125406f87f,2018-04-08
f5caea85860d3a763e906f2562415517,c41f669511a8b8712e4fda835493d4b2,delivered,2018-04-29 23:41:14,2018-04-29 23:50:16,2018-05-02 08:00:00,2018-05-09 20:02:53,2018-05-25,d01ba52984833f3e2e0ab7774885f252,2018-04-29
19fce5bac49997d40974437bb7eccad7,d1bf3d444abdec0ed13480c00638b435,delivered,2018-05-14 10:23:32,2018-05-14 10:35:14,2018-05-16 07:43:00,2018-05-22 22:03:27,2018-06-08,27af6b8196214021859c508f24e99a07,2018-05-14
6434ca73491ebf0b471702a2506eb871,7cca0ce64c6ab88bade8f65037eac121,delivered,2017-10-14 19:34:10,2017-10-14 20:20:13,2017-10-16 23:45:23,2017-10-20 21:41:52,2017-11-08,77ac7acda3a0a190fc5b9b6f4e36eae5,2017-10-14
7db38640b175244483b5c37ac175566e,cb567aae66e06084ca13b05acf19692e,delivered,2017-05-24 00:06:25,2017-05-24 01:25:25,2017-05-24 15:39:50,2017-05-26 12:56:59,2017-06-14,23f60e301f61ecd6c3337b9749d68f97,2017-05-24
e64772f0c75da6c3c6622cb989961c9e,f2bd2cabe7df5eb5e8330b464942277d,delivered,2017-02-27 21:33:10,2017-02-27 21:45:08,2017-03-01 14:44:05,2017-03-03 06:38:49,2017-03-22,a80d1764fd77d5b3ec819cbea3a82e22,2017-02-27
af87d49b5a2696414bd17915b853c941,4cad2f3d895f2f6ad2de7e0054dd2e24,delivered,2017-11-24 10:26:28,2017-11-24 11:51:07,2017-11-25 00:18:53,2017-12-05 00:35:01,2017-12-26,7ff077542c9ad55ad5c8509ce1638f0b,2017-11-24
1505c4fa89e5901e17d66f5653cfcc82,4be09f293c9253dbcb88709404a7477a,delivered,2017-11-17 22:41:30,2017-11-17 22:55:27,2017-11-22 18:17:05,2017-11-28 17:47:06,2017-12-07,ab57ab4e155920943304b81d9ac5495c,2017-11-17
42ef2961cdd7832eafb4962f136a89e8,5e8fb10b7dfa3d8ecfe7a35cecd17fb2,delivered,2018-01-25 20:48:28,2018-01-25 20:59:15,2018-01-30 17:12:26,2018-02-06 20:18:59,2018-02-19,a9527e2dc08e10326d18fb0d6d41e072,2018-01-25
31c97b9baf5fa7ec99a32d2e0f000937,13eb55f95d60ba5f35dc8dee498b3c7d,delivered,2018-03-28 15:12:18,2018-03-28 15:27:54,2018-03-29 17:22:17,2018-05-11 18:57:34,2018-05-04,72ec787e241319e85b89d18fd7a19605,2018-03-28
7c3fe5194219d774a7d238f80d4c9919,c5ca55921eadae393812fad0ecb14c50,delivered,2018-04-10 11:10:46,2018-04-10 11:30:04,2018-04-18 13:36:40,2018-04-19 22:18:34,2018-04-26,687ec4b69c1d73cea48232697201a4c6,2018-04-10
3d04db36b662c14acf27ab0dc7057fef,f07050b4d39b333b0181b6dc9d01c593,delivered,2018-05-15 00:09:07,2018-05-15 00:36:51,2018-05-16 12:33:00,2018-06-05 20:52:54,2018-06-08,ac30e70f913fcde716dc2ec4c3e7094a,2018-05-15
9c96fac210f67f329b80d898001fee09,95fe7fd63a5a404b2ab7e4cbb14de9d4,delivered,2017-11-21 11:37:06,2017-11-22 03:12:30,2017-11-22 19:48:33,2017-11-30 18:33:04,2017-12-11,b56c60ed244eed72ff5640a41bf254d5,2017-11-21
da94973fbafcabffb6188856684f342c,f741f29bd8d93889055d286e667ea900,delivered,2017-07-21 16:17:27,2017-07-22 02:23:55,2017-07-25 22:11:34,2017-08-01 18:45:54,2017-08-17,7df85229150b1552fb015ce85deea753,2017-07-21
112490cce29341aee638288316388fe4,3eb2cd642de0c9e7dcc7f14afabba6a6,delivered,2017-08-18 22:36:04,2017-08-18 22:50:16,2017-08-21 21:50:11,2017-08-25 18:56:56,2017-09-12,4f690c27f260e55819bdfab13caa7136,2017-08-18
70ee631a6eb795832e5318331fdf56d3,44a03629944ecb00a4bd905084845f56,delivered,2018-07-31 14:20:47,2018-07-31 15:31:39,2018-08-17 15:08:00,2018-08-22 18:46:31,2018-08-31,8ab4df7b84aae318d55e776501cce37c,2018-07-31
a57c6259d5cafde1c31730d942b2d5de,8875cb0dbd8a850814b5d444b6c40499,delivered,2018-01-08 08:30:28,2018-01-10 10:32:53,2018-01-11 16:22:49,2018-01-15 21:13:34,2018-02-19,7148ddba42a13e4286fbf06a8d66c2b6,2018-01-08
d406a26fc052b4d9907a40ee3a59e273,330082408728ef2455e41d8d17e0cca4,delivered,2017-06-19 10:22:57,2017-06-21 11:35:12,2017-06-26 15:52:04,2017-06-27 15:08:31,2017-07-07,248404abab47fbd3122bb69e15760c87,2017-06-19
f7521cadeda40e1f36018dcf7d082101,1f31730a98a4a284d44af847aaaa1e45,delivered,2017-11-24 14:13:26,2017-11-24 16:16:34,2017-11-24 23:35:04,2017-11-30 18:04:16,2017-12-14,dd370d681778805e13678d260d549f5a,2017-11-24
a6e9d106235bcf1dda54253686d89e99,c9018293e2dc42b66344c493bc13546e,delivered,2017-07-03 20:49:32,2017-07-03 21:03:43,2017-07-06 16:23:31,2017-07-13 16:13:58,2017-07-25,4b58a0b63ba4c62c373e722d943a6989,2017-07-03
e0fb4639f54bdaa580ed4511c8d7b778,679f235b5bc8e927fc1279ace1e97ab5,delivered,2018-04-16 18:14:33,2018-04-16 19:11:26,2018-04-25 00:44:55,2018-04-26 17:34:48,2018-05-04,4d7e5b2aa896e8fe0b2a85070b6558cb,2018-04-16
41629262d3ae14dfef6c779e80b3adc3,aef01900b9de8f7091e94cf4c8a15f99,delivered,2017-11-15 19:03:17,2017-11-16 19:15:57,2017-11-17 16:16:27,2017-12-05 18:38:46,2017-12-11,f23d4c0cddca2218c6223ce8bc4cf098,2017-11-15
769d812b1dd036eb0a69578537ff5320,e94869a739b5e8d08b2be671ce692628,delivered,2018-03-23 23:40:39,2018-03-24 01:32:03,2018-03-26 22:28:52,2018-03-28 17:31:53,2018-04-05,db07fd2ad9869f8356b1fbeefdac31e8,2018-03-23
150f52d53dc64bc95bac1d22d50fdcb5,1e962f6745aa0b6926f1ff0561512454,delivered,2018-05-20 20:48:30,2018-05-20 21:10:26,2018-05-23 14:12:00,2018-06-06 15:12:35,2018-06-06,bfb00593503594f777586aee0f73788f,2018-05-20
68ad0ebee3a67c4fac46dd25a0008850,7a0d24a923461137d9a823de95b5c102,delivered,2017-12-07 13:02:57,2017-12-07 15:10:12,2017-12-11 14:18:11,2017-12-20 22:52:41,2018-01-04,50e0272e769198f7a8751339e98c38e5,2017-12-07
b019bc1c1d0c2021d1c4d8d8e94ed969,4e2b881285ffa8978c58a6fa37df124b,delivered,2018-04-02 13:15:39,2018-04-02 13:30:09,2018-04-05 19:58:40,2018-05-07 19:28:39,2018-05-04,43ddb13f8a1b4d4d9ab3bb41ae2532fe,2018-04-02
922fbc61f8105abc09581252d38103c8,2eb58763b788cea769f25c07419885a0,delivered,2018-08-25 19:56:43,2018-08-25 20:10:12,2018-08-29 11:07:00,2018-08-30 13:32:14,2018-08-31,3d42778c5622056bc1891cd69d92f7ae,2018-08-25
ceb206889bfdb174fa5455fee822c210,69c30a1fd6c353b5e4abb76568c6eb33,delivered,2018-07-23 16:07:37,2018-07-24 11:31:56,2018-07-30 13:23:00,2018-08-06 18:44:55,2018-08-23,ec94c5645e2675b550b214b0325fc371,2018-07-23
51c86c4487b86a4e4cb8eeec8618de9c,273cba7d43266b9fb2737824de113e43,delivered,2018-04-05 21:43:44,2018-04-05 21:55:13,2018-04-07 00:32:39,2018-04-25 13:21:59,2018-05-03,5895fc50ddbefe47f969acd6a51e6b64,2018-04-05
785011ed7352847ae26ea2336ef45af9,4b263f66d13a0347d9f6e052ce1997f6,delivered,2017-10-30 10:58:54,2017-10-30 11:11:44,2017-10-30 22:57:46,2017-10-31 22:23:41,2017-11-10,d3af4720eb2bcc32b1b68bd2bf57613d,2017-10-30
60a87e6c088c81605a4425ceffb2a043,c26c3f3697726735dabd85bc09795511,delivered,2017-08-29 18:23:46,2017-08-29 18:35:09,2017-08-31 16:27:04,2017-09-14 20:42:04,2017-10-03,1356d8c983b303fc2cf3b7b603d897fd,2017-08-29
c943573ef15aaafe66bc4048d2aa6f35,72138187abb9ee2d708bc70e2130bdac,delivered,2018-08-21 23:41:36,2018-08-21 23:55:12,2018-08-22 13:31:00,2018-08-27 17:34:47,2018-08-29,07e2a0ec7c39942bd3ba81d5b2a9b1c4,2018-08-21
455fa9dc182a1003b2d78824f8aaf8d5,2f8294655841bf02f2c48d24b18413c4,delivered,2018-08-04 10:08:19,2018-08-04 10:24:07,2018-08-06 13:02:00,2018-08-10 19:11:58,2018-08-16,eb7f6a96757f0ef3ffd4eadacde32cab,2018-08-04
c6d8f474e874648f28e2947840899635,8ee7f235aeeac5ee9f13a4e9739ee290,delivered,2017-11-01 11:29:30,2017-11-01 13:11:18,2017-11-08 15:46:33,2017-11-17 20:22:19,2017-11-27,657dec397f46d84dbe64df2b0389b3cc,2017-11-01
9ec0d9c2347fc20153ba3d827f2be2be,415880a5310bbe791fbd3e05d8ada4be,delivered,2017-12-07 22:36:10,2017-12-07 22:50:35,2017-12-11 16:28:47,2017-12-13 19:27:28,2018-01-03,c35716befca4818c7b68a67eb22b6dee,2017-12-07
9b92d4432c1758cd4215f3fdb1d623a3,abcc88626b6df4cc183bd4cf459bd9f7,delivered,2018-02-09 11:35:54,2018-02-09 11:49:20,2018-02-09 23:06:02,2018-03-14 14:07:51,2018-03-14,d0145b5fdf42e59535ce3074ed56e770,2018-02-09
ff3f2d5b004f8051849318f201add7c9,3935a46119fd8d69b602e645cedca908,delivered,2018-04-02 08:53:13,2018-04-03 07:55:18,2018-04-04 21:16:33,2018-05-02 17:46:40,2018-04-19,65b9d20f099408c0ecdf00ccba313342,2018-04-02
08b0cc275164eab92e5797432fa89770,5c197035dc0c05ebb42f00013fec810a,delivered,2018-07-16 08:50:17,2018-07-16 09:05:46,2018-07-31 14:25:00,2018-08-15 15:26:35,2018-08-14,c147c091259386e3ce5b044ad63f07f3,2018-07-16
925f43c2d4991e4360c5a7435c5431a3,51099d172d85ee8e5693acfcbbd0f0a9,delivered,2017-03-30 22:38:45,2017-03-30 22:50:19,2017-04-05 17:21:44,2017-04-10 16:32:01,2017-04-24,baa50e17cfa4f8b6b85de04660cecd40,2017-03-30
d20cc478dbe8fa50221ece6ddf0641b3,72a51180b0ade80c0b40250c91e4adc6,delivered,2017-12-18 22:14:57,2017-12-19 09:55:37,2017-12-26 23:38:49,2018-01-08 19:16:34,2018-01-12,5ebf2b9cdafd840a48eaa87a20d271fd,2017-12-18
ec88157ad03aa203c3fdfe7bace5ab6b,1642b8087a8ca0c8592becff7e183c98,delivered,2017-12-15 13:01:26,2017-12-15 13:13:11,2017-12-16 15:12:25,2017-12-21 00:32:46,2018-01-04,7db0e861eaf42d32a0d33b31cceed567,2017-12-15
650877e1fc44c2f52a0b494da9c78020,122feef4cefe52aa67488fdc91f462d4,delivered,2017-07-18 09:02:16,2017-07-19 07:05:22,2017-07-21 19:04:06,2017-07-27 18:20:01,2017-07-31,070888cb3b5bc4e8a4a963e0ee3b6a4c,2017-07-18
995301b350aefb0f7d794060ed4dd187,073dbe1ed7b7fd9b511508761e1bca69,delivered,2018-03-13 12:23:51,2018-03-14 12:15:55,2018-03-16 14:18:33,2018-04-04 20:31:52,2018-04-02,a37a685913f2c2d8ae96bc8b2f25ec7d,2018-03-13
3b7febf42292030e8a4466053c383fab,a30d1fca30923a4b621b888b3abb0365,delivered,2018-04-16 23:12:40,2018-04-18 04:32:05,2018-04-19 19:21:26,2018-04-24 01:18:32,2018-05-14,f2a3b0c306c9c162b35ff6dd011ec60a,2018-04-16
7aa518be998a5e4ae20ebc594ddc96e0,732fd821e30b8a31ff30c0650239eb99,delivered,2017-09-23 10:49:53,2017-09-23 11:04:29,2017-09-26 19:49:46,2017-10-21 13:07:55,2017-10-23,1d41d4877b1d13802db2a5cc6a7f4e64,2017-09-23
5ce4e99e06cd9dc47f1b5a5ab7a2caba,759a2f5567e0b82bc72872e942de5a2d,delivered,2017-11-20 17:03:42,2017-11-20 17:14:56,2017-11-22 17:59:04,2017-12-05 00:19:07,2017-12-12,3f8ef4c434a66d6ab43f81fd35380e8a,2017-11-20
8ddb4b28bb9d86ac2bfcc17f93c1161e,a0edccf84fb09993f9a6c7afc451be66,delivered,2017-06-08 21:58:07,2017-06-08 22:10:13,2017-06-09 14:09:43,2017-06-21 17:17:30,2017-07-03,342ebd6764e2bce45762cbdb3f2f65ed,2017-06-08
c5f6d3ac0511ed9303df3767bd834100,db13963cff92288e8c6f6d454b394196,delivered,2017-10-28 09:14:38,2017-10-28 09:26:20,2017-11-07 22:41:17,2017-11-16 19:56:55,2017-12-06,e60856952187516c3397a2c4ac63aac4,2017-10-28
8785e55bb98c01696f3773d9ed2fb851,06879ab94dea9160383cbca5dde64794,delivered,2017-03-01 17:47:29,2017-03-03 02:15:31,2017-03-03 11:15:37,2017-03-17 07:47:58,2017-03-22,f2956826bf59bc83f0fbdb566bcb8610,2017-03-01
85f76b65f934f5fb1d96eba0d53f6639,699852381e9f8e1fb5b5ae72e8aabda1,delivered,2018-05-05 18:31:58,2018-05-05 18:53:42,2018-05-08 15:55:00,2018-05-11 13:43:41,2018-05-30,98c685c36c1970b445ef6f5b8c15f7c7,2018-05-05
cea9ccd3a54929b9d68abbcdc75daed9,270fe2e2b99558686ef8e9ad5aa45487,delivered,2018-04-15 22:28:24,2018-04-15 22:51:21,2018-04-19 22:13:33,2018-04-25 21:42:07,2018-05-11,f3349fd27dbb71b5b48908ebcf9b07a4,2018-04-15
b882b5c0534fa68c690e739dd788512a,51d40dd22a0e3ba720f812507548acb9,delivered,2017-08-29 23:29:43,2017-08-31 02:35:48,2017-08-31 20:44:17,2017-09-11 20:37:27,2017-09-20,384295bc6d103404c5b7ad849649b8af,2017-08-29
cff1603c17c75c9240279e01bdff4b05,a5232c53beb2e7fbf6c5641525f0694f,delivered,2018-03-25 22:39:42,2018-03-26 22:35:11,2018-03-29 22:28:51,2018-04-13 18:34:51,2018-04-13,48b8f663f9f79dd181687df9ddcf8603,2018-03-25
86788916a1e9d8582d4ebd46320c7fb5,d1d85b5b8fdcbb6f1bec2fe66df90f67,delivered,2017-03-07 18:12:40,2017-03-07 18:23:29,2017-03-08 14:23:04,2017-03-14 12:34:50,2017-03-24,011c3e6b4b11fa8a326a39e78deb6e66,2017-03-07
8e9358bf838db65d965ffe0913252ac8,f3aa1c92c018f313579899999ea7ec40,delivered,2018-05-03 17:04:29,2018-05-03 17:15:26,2018-05-07 12:31:00,2018-05-18 05:47:40,2018-06-08,233e5d96500f59984c19ecc4b6883ed6,2018-05-03
a3729d646cfea82533ffe6992fe17539,a03d1c4fb3ab197796f185ba5d5122b4,delivered,2018-08-01 18:24:45,2018-08-01 18:44:05,2018-08-02 13:40:00,2018-08-06 19:03:45,2018-08-27,f7ea3ad9a5dc3051a2a541b2a859dda4,2018-08-01
17e1c5b449460e8f208adb9a2d0f368a,1732d59b7a9ad62357309d3abd4b46ee,delivered,2018-01-12 21:11:16,2018-01-15 15:12:28,2018-01-25 22:47:09,2018-01-31 20:58:38,2018-02-20,18d7e79c7c501110b42416b8f01860cd,2018-01-12
f582b7a7e9046f8c9b886bf10820fba4,3a798c1f103b0128f41d4d665b460135,delivered,2018-05-20 20:32:16,2018-05-20 21:01:13,2018-05-21 14:51:00,2018-06-08 20:26:38,2018-06-14,30c1b3736cb88c0a104bf1089953b168,2018-05-20
8d5af908ce8ffa721a9f665abb660200,f587020fb390d4db881c59e50b0ef9e9,delivered,2017-05-27 13:30:08,2017-05-27 13:42:19,2017-05-29 13:49:12,2017-06-02 16:03:22,2017-06-27,e2af42f42a86805055a8e71af58ee71e,2017-05-27
cd2457140ff84327d7d7030053b80fce,5508dabf6c08f39d67b8d1bd41b121f9,delivered,2018-08-04 15:45:19,2018-08-04 15:55:14,2018-08-07 05:28:00,2018-08-09 17:26:48,2018-08-15,2642f11f7c5588a63213b5e67e8ad0a7,2018-08-04
d15db33a2ad3b0ec963a89d2809156ed,d3fda06d45564b2a30b99c8a476a3921,delivered,2017-02-26 21:07:49,2017-02-26 21:22:03,2017-03-03 10:50:39,2017-03-13 10:35:03,2017-04-12,0247fad5e7e46592d7216d01e9a2d7f6,2017-02-26
c3b0ed046ed38a0d7cf59b4d651547b9,2ebb8dabaacb630827b8b823a0959ee9,delivered,2017-09-24 12:15:22,2017-09-25 14:30:16,2017-09-25 21:19:08,2017-09-26 20:28:54,2017-10-10,90efe6a757d124849b6a0bf28bcea850,2017-09-24
e3cd2c2657742a1f5c080b9be4dc7be4,e4aff8479afc40ac699648652054208e,delivered,2017-08-27 11:09:11,2017-08-27 11:24:29,2017-08-28 21:14:17,2017-09-05 21:51:39,2017-09-25,8a14fc0583afb0a7dc095a6a239531d9,2017-08-27
c81217ac6f729105708524c82fa37172,0322f341d1346fa8ce5c28ef835f2f67,delivered,2018-07-31 19:22:54,2018-07-31 20:20:10,2018-08-01 15:46:00,2018-08-08 22:12:38,2018-08-24,578dd7ef7f97da2aa0a2dd73132005b4,2018-07-31
bda01d1992abcd24a7b25fcf1363e893,69e9a3d06551b6045a19d2e64b746473,delivered,2018-02-02 16:52:50,2018-02-02 17:43:18,2018-02-07 16:42:52,2018-02-28 00:25:11,2018-03-08,bde74caf8848f8c4bf541c0098f0c9eb,2018-02-02
3b10c12d389da3bd306ab31f1867c754,979240bcaeb5925525728a666bbeaa33,delivered,2018-04-25 20:03:13,2018-04-25 20:31:14,2018-04-30 06:17:00,2018-05-08 21:46:46,2018-05-29,f845965c44b627242d3fe2ff76fcb908,2018-04-25
bac8ca7a0aea7f37457fb19140d2c5fb,fdfbe88380f4eec04babf18396a62e6a,unavailable,2018-01-04 11:42:53,2018-01-04 15:27:22,,,2018-01-22,85cada3b782b0eead7fc927f66128480,2018-01-04
6c11e4c7d9e5f7769c8090475602f54e,9c2ba98b81feb86a71ba30fbc3520f28,delivered,2018-08-22 23:20:54,2018-08-24 08:50:10,2018-08-24 13:58:00,2018-08-27 18:28:53,2018-08-29,54471308461c633773c872f5036729d7,2018-08-22
676232c436e714d6dcfeae445f02fedd,71ad48df61327d880c5d6fbdbc971996,delivered,2018-01-12 17:37:31,2018-01-13 02:31:25,2018-01-17 20:34:34,2018-01-30 18:43:14,2018-02-22,8a380989acfc7a95c26c4d8ed8f13b52,2018-01-12
741b9a72e9fd971d25772f8e3ea14205,263666cf14c8febb4752b6e2fe1702ee,delivered,2018-03-31 06:47:58,2018-03-31 07:08:47,2018-04-02 17:48:55,2018-04-04 12:07:53,2018-04-12,de9f9e430c01b1b6c5e67eef2e980dff,2018-03-31
0143924743f240e1fdcd6a8918fbe147,3f979506b05475cf5da22aa8e6c36a6c,delivered,2017-07-18 17:52:06,2017-07-18 18:05:44,2017-07-19 19:22:35,2017-07-21 22:33:51,2017-07-31,197e7a981a20a197855fb41c4ffe8c5e,2017-07-18
88e825581ca2e13539ac075125443e30,9dfd7bab7b63728b2b2728981e664a27,delivered,2018-03-01 11:17:45,2018-03-03 02:50:40,2018-03-08 20:13:40,2018-03-21 21:03:55,2018-03-22,8bda983d52480e279ee8d6ef0b0c806b,2018-03-01
1139dcd182662d970264159024ad6384,bcbed60388f730775d8f88b0cba304e2,delivered,2017-05-24 14:55:40,2017-05-24 15:05:17,2017-05-24 15:27:08,2017-06-12 16:22:27,2017-06-29,43734d19d5020ac27e729611d83dff53,2017-05-24
9561fdb9089a36bb1e9c58c334053eda,aaf2642dd99945833bc3cd3531fc125e,delivered,2018-01-23 11:19:47,2018-01-25 02:38:21,2018-01-26 00:19:42,2018-03-06 14:56:46,2018-02-19,31b0f587f0c7b541c511988575c67cb6,2018-01-23
69c7a1e070c1759e15f7a5fd24c36e5b,6cbc69ef01df8d34bd134c6d828c1e53,delivered,2017-03-06 18:34:35,2017-03-06 18:45:08,2017-03-07 08:46:09,2017-05-29 09:42:44,2017-04-04,026d6aade0923331c6065e5daa7aafda,2017-03-06
dff84ff9aec9a566fa61a67661110009,132b797cc20bcc44f3714dae996d8ddb,delivered,2017-12-01 11:52:34,2017-12-01 12:31:34,2017-12-05 19:39:07,2017-12-10 17:06:11,2017-12-20,8555a17ba20435f173a230c3ced133fd,2017-12-01
0f6a05e51088bdf60e8f9b6d753234a9,c85f6a8bce5909206d682c9111404212,delivered,2018-04-07 20:21:45,2018-04-07 20:35:18,2018-04-13 23:28:38,2018-04-24 19:41:08,2018-04-26,3bcc1d1b1fc7bc245aeee1d33b55a7aa,2018-04-07
2e4d78cc067d04eaaf791ecbfb2bc3ce,5234fd7181ad48cc892aeffb5cca652e,delivered,2018-04-14 09:18:34,2018-04-14 09:31:32,2018-04-16 15:19:27,2018-04-17 23:18:32,2018-04-26,c4aaf56cb82d8cafad1c2281fd3e3bd3,2018-04-14
ed0800d9508fd0139f95a3934a4802aa,a53aaa1356b97e696b9f30878fc26a3f,delivered,2018-08-20 13:31:30,2018-08-20 15:50:21,2018-08-21 12:27:00,2018-08-22 18:33:10,2018-08-28,2b06e763fa13b4a3e25352630fc9fc7a,2018-08-20
d17c532b7b6e2aa56945b55f0757fee4,3d8d9151bf2d88584bbcef2e37bac787,delivered,2018-03-25 21:22:34,2018-03-25 21:35:25,2018-03-27 19:38:49,2018-04-06 17:18:42,2018-04-17,94e648964abc6dad803a114aa98eb4b6,2018-03-25
8b1dd2533fbec1b2a1db8a602791dfcd,2eedcb04a74d694298ff6588c5520cce,delivered,2017-07-31 13:52:04,2017-08-02 02:55:29,2017-08-02 20:52:09,2017-08-09 19:04:48,2017-08-25,711bc473b21692c5035f42391bcf9796,2017-07-31
f9d794ef7ae3d5df8951beb4029a7e93,4a89c746f44a934d1ed4ebbd64d52c16,delivered,2017-02-07 21:43:31,2017-02-09 02:50:48,2017-02-09 11:57:57,2017-02-20 12:47:47,2017-03-14,37c855b6d4e9c959dd4e177298eb5522,2017-02-07
0307d42d9c781d32f86cdf1fa5c8670b,690cd79f4b00c6cc5a7ea781ca0961cb,delivered,2017-03-16 10:03:18,2017-03-16 10:03:18,2017-03-17 11:28:46,2017-03-21 11:38:49,2017-04-04,786df84733884f34d941092d794dcee7,2017-03-16
dddd54d8113f120fbbbbe593502a2d47,e11b9d7e63f6045c6007fcb39d771f2d,delivered,2018-03-02 20:20:44,2018-03-03 20:15:53,2018-03-20 17:17:29,2018-04-02 12:05:21,2018-03-23,60ec8175b75dc28e76068d138a70f36e,2018-03-02
df413c16994c6a7c1b17e28a775b3eb4,c0349359dea547c1ba76e703f8b3db6d,delivered,2017-05-04 16:40:36,2017-05-06 02:15:52,2017-05-10 10:21:56,2017-05-23 08:39:49,2017-06-13,591f61e3af97d35b7cb85d61e8fde107,2017-05-04
0e137ff5dbbd948fb108877492be365c,fd709023690c423c8e83bab1d36cd8b1,delivered,2017-08-07 16:58:15,2017-08-07 17:23:07,2017-08-15 21:42:20,2017-08-23 16:55:38,2017-09-06,6e5c28706f896b7f1904372cf0cd8b8f,2017-08-07
c0e02613bf15378f18d3498361a76c9d,c2f181778a12039532d79460d4ba59e2,delivered,2018-06-01 22:22:52,2018-06-05 04:51:55,2018-06-06 15:47:00,2018-06-22 18:31:59,2018-07-26,3679353f5259c7a09ca6247f55cb4f7e,2018-06-01
7ad41ea08a2c58430824670667219a6e,a424e1e6a6c44dd152dcb1c7c6f6e178,delivered,2017-04-10 12:47:28,2017-04-10 13:00:45,2017-04-11 12:09:41,2017-05-16 15:32:18,2017-05-16,3eff2684f5dd08b7e1b65b828d930cbe,2017-04-10
701908713ef197558a29b03c00fa4ded,b37ad6b0aced822f5e42f446939fbb1c,delivered,2017-11-27 00:02:27,2017-11-29 01:31:24,2017-12-07 22:56:30,2017-12-18 18:28:43,2017-12-26,77e7d4ed3b6d059c7ef06df241d7035a,2017-11-27
ecd485553265a2cc3ddf9727901541af,f5b0f4b5e6d149124be59ff0f5b3001f,delivered,2018-01-11 19:20:51,2018-01-11 19:27:50,2018-01-12 22:57:57,2018-01-19 00:38:56,2018-01-30,de34b16117594161a6a89c50b289d35a,2018-01-11
eda22ec044e1100ad6ac68b6a93afff3,83b30045e891ce55e307dd8b1e6140d3,delivered,2017-06-03 15:02:49,2017-06-03 15:15:08,2017-06-06 09:33:56,2017-06-19 19:53:44,2017-07-11,720f5cf88a42beb4ab6613a97f1c4e35,2017-06-03
c113870dd01779aa1c5e09b070080503,a10542ca15d2b49040564f4e1b40675a,delivered,2017-09-20 18:52:52,2017-09-22 04:05:15,2017-09-27 17:37:00,2017-09-28 22:08:03,2017-10-11,11632ca8bfd87b3c6a2acb815ee358b1,2017-09-20
2f11e52d9cc6298d5beeccc09e46778d,b874cb4de837705286fefdf01c56fd23,delivered,2018-08-16 12:28:08,2018-08-16 12:45:23,2018-08-17 16:51:00,2018-08-21 15:42:27,2018-08-24,13449f53b80b172d694ce7d01eb7d044,2018-08-16
70a053a779bb8147039a80214a0f5228,ba7243079ae1a34f57b4d15c4fd85892,delivered,2018-02-23 22:04:19,2018-02-23 22:15:23,2018-02-26 19:41:53,2018-03-13 00:04:15,2018-03-19,7b342d34c250ea758967068c83ea8f03,2018-02-23
c835e0746829dbae8bb92fb818ba654d,36ae33f8b0c9cd10fbb63163756e7714,delivered,2017-09-29 11:07:53,2017-09-29 11:24:09,2017-10-04 15:48:58,2017-10-07 16:48:47,2017-10-23,432aa6200ee9673be90863a912dc91dc,2017-09-29
5640c538d7b7c20a69fcc754ad83219d,6f0b1c3fef4ae96af6943005354d76ae,delivered,2018-05-01 17:07:56,2018-05-01 17:34:36,2018-05-03 14:36:00,2018-05-10 00:42:47,2018-05-28,e3f8c5fe915b380c81013423df56be58,2018-05-01
9d33c379ff2539cb31da19fefc2c1d23,30eb033094de52a963d1812ed53a4c65,delivered,2017-05-20 17:21:50,2017-05-20 17:30:15,2017-05-22 10:38:55,2017-05-23 14:03:57,2017-06-02,30843e15e0aeb1cabff7dbd25b6e6419,2017-05-20
451a322d957b2d9d6d0b763bcd03d0b4,aae651df85accd493745bd2cea16cb1d,delivered,2018-06-16 20:32:14,2018-06-16 20:58:10,2018-06-18 12:28:00,2018-06-21 18:03:03,2018-07-13,0848b22e9aa5bd18c4eb1d985da46f75,2018-06-16
b52ef56ad1464ca1c7d392e6cbda28c8,21249ce919ebfa3728a482f7154fbe39,delivered,2017-12-21 09:06:02,2017-12-22 02:50:40,2017-12-22 18:03:09,2018-01-03 18:15:12,2018-01-16,ddbb867795a037d54547a5cc56b5be6e,2017-12-21
e01ad9a69b8b245bbe1076417c1d3f44,c3ba1d23b2d90561dcef8d117731abdd,delivered,2017-09-11 13:52:14,2017-09-11 14:03:57,2017-09-15 14:53:42,2017-09-18 16:24:13,2017-09-21,c01c7383a4bcd99113daaed0cb808387,2017-09-11
b410cd41ac56f6a246e23dc5158f12d9,419dcee16dfb4b82102d0f441fa3397c,delivered,2017-04-08 17:19:02,2017-04-08 17:30:21,2017-04-11 07:48:05,2017-04-18 13:43:54,2017-05-08,0a519a9a9077d42f8ac242825fc99a48,2017-04-08
7385b2941e1979e84fd27cc6706fa7d4,4577e4ca68d3865af703c2b1a260f0b7,delivered,2018-01-02 22:34:26,2018-01-02 22:48:45,2018-01-08 22:04:14,2018-01-17 18:32:17,2018-01-31,2c208e40e68580b7db16d7c9e6f0f834,2018-01-02
876fd8c751a56ed982b5a72dca56937f,bb465058eeef2697a5f4a9534e3750e6,delivered,2018-03-13 22:28:21,2018-03-14 22:29:49,2018-03-16 20:54:32,2018-03-22 12:50:36,2018-04-18,4e23e1826902ec9f208e8cc61329b494,2018-03-13
d9f046249ca6beb35e2d00f2eecece56,bd5dca788b04c05cb9f4aa5101a163bc,delivered,2018-07-20 12:14:10,2018-07-20 12:25:14,2018-07-20 12:46:00,2018-07-31 14:42:49,2018-09-03,c57c7c35bd28be99523d58d38796df9d,2018-07-20
60b276464a67309733a0662e758e9875,437bbefd8040aaa7dcde638396f63c1f,delivered,2017-02-14 16:07:08,2017-02-16 02:10:36,2017-02-16 15:39:17,2017-02-23 13:27:50,2017-03-15,76402ad8aa006cad07e87ea36a663560,2017-02-14
746abc8ae9eb8c8f21a6c916527ff5ba,20bbdccca35dd35f04165cc34b5ec25d,delivered,2017-10-16 04:09:15,2017-10-17 03:56:21,2017-11-08 18:29:29,2017-12-04 19:17:15,2017-11-03,dd008839d99dc023cfd21c8bda8ffb67,2017-10-16
0b0bd9b754737f8954ee14d15c7acb85,f921671e530fb8699e967a93163e6f3a,delivered,2017-11-29 09:03:43,2017-12-01 11:31:36,2017-12-12 22:11:49,2017-12-26 14:42:51,2017-12-22,5f89b3a4aba31dd11e5419af3cc3c7b0,2017-11-29
47c195b6b404c1fa22f04b99a37a0b29,4cc8f93215f8f609b50638d49aea3077,delivered,2018-06-27 07:35:53,2018-06-29 02:53:16,2018-06-29 15:44:00,2018-08-28 16:32:54,2018-07-30,790cf712a170a418cac0dc0cf3554980,2018-06-27
f4a8925490afed995d0e987c48908d2c,26b73fb8069041c193a5001e01fcccfd,delivered,2018-08-28 09:18:17,2018-08-28 09:30:15,2018-08-28 13:52:00,2018-08-29 15:33:36,2018-08-31,a9a01f767af5be3c3666cf307d5f790f,2018-08-28
1bf4871c57b8284ca1dfa1a02ad278c6,ef1cf638ea4788f89b4d2042d694db3a,delivered,2018-02-18 13:38:48,2018-02-18 14:46:42,2018-03-02 21:53:37,2018-03-22 01:41:34,2018-03-09,d3738b2218832d0397dbbceffa3f3514,2018-02-18
1fe7938fdd30309ca9b8628091e0dcc4,4f1e6c4e24277aeb870b2314b86224d9,delivered,2018-01-24 09:18:49,2018-01-24 09:36:06,2018-01-24 21:09:16,2018-01-25 18:49:52,2018-02-08,37e388e4c186feb07a22d17f9a4d56f3,2018-01-24
12281975d2de5af133e549f49a1b9093,0370d1c87da5bce39a913db0c94c146f,delivered,2017-10-16 20:06:28,2017-10-17 04:25:12,2017-10-18 16:44:16,2017-10-23 22:33:46,2017-11-08,1e789ecefed2a827fc7d5db1f20919f6,2017-10-16
f3d59d2aeafa9e69103f4dbad2b5ec46,27306514cd9087951ca356a49e98c4cb,delivered,2018-01-24 20:18:23,2018-01-24 20:37:36,2018-01-26 19:42:31,2018-01-29 15:57:47,2018-02-08,0d4a8978025eb0d099d18a295b0bcaec,2018-01-24
149eea3120f4f8ecee7a81fcd48f6d44,6b191a8aa869ef67263bddff1e7722ce,delivered,2018-01-08 22:39:14,2018-01-08 22:48:19,2018-01-11 19:24:22,2018-01-24 16:26:50,2018-02-06,d4012b60353a88a25a866f83e5201686,2018-01-08
14478695ea45a6076e05fb283a9cbdda,71193c50b73646f6a61379dfc2b25285,delivered,2017-11-16 20:23:13,2017-11-16 20:46:28,2017-11-17 20:44:41,2017-11-28 21:28:55,2017-12-05,5deda40a292cbac75e994e278dbf4ec4,2017-11-16
ab6442c868ae3695e675d3c39aa616a2,5559bf647b4f700749b919fc782e10b3,delivered,2018-02-22 15:03:52,2018-02-22 15:15:28,2018-02-27 21:42:11,2018-04-16 17:46:27,2018-03-26,6c2945276e9222a1e14e3d367b901cc7,2018-02-22
387ca56ee49ac7729110f669eeb9e3cf,f1c60a312bea019a3f8d4e38fd7f00aa,delivered,2018-06-21 21:54:29,2018-06-21 22:17:59,2018-06-22 13:51:00,2018-06-29 14:51:58,2018-07-16,0ba0765b3c975fbf0728eb28eca274da,2018-06-21
1e2b316a698bd9c867c536b99355d37d,44577a2e8da07c1d57ac0f9e37a75dee,delivered,2018-01-07 13:12:29,2018-01-07 13:31:51,2018-01-08 23:49:05,2018-01-24 01:28:53,2018-02-02,a07b90ce66db792c7a65d5faf6136a95,2018-01-07
7d8251f4917688913c97d1505d6f336d,885116304d63452ff9973b3f372f6018,delivered,2018-04-18 14:52:38,2018-04-18 15:11:13,2018-04-20 02:46:36,2018-04-30 21:46:40,2018-05-09,7157c411e49d63202d83342e516580fc,2018-04-18
6ff9b38c8aa7da472c0047b2d4c82a19,9c6803ce255b707253c212649949c383,delivered,2017-11-28 14:31:16,2017-11-28 15:06:30,2017-11-29 16:51:49,2017-12-13 16:23:31,2017-12-21,8f21cb999e605b67acec6796a2bc0ac4,2017-11-28
682a559cf108e6f3762213dca3402805,d5d283ecd2ff8e6ade52ffd58cdcbf28,delivered,2017-08-21 21:06:36,2017-08-21 21:25:46,2017-08-22 20:42:40,2017-09-11 18:03:02,2017-09-25,9a018c047edb18925c5ce2c9e46ecaf9,2017-08-21
d95ca1fcb72812383e41e2eb7ca65dc2,2fd14b072ea7ff170527396ceca430d0,delivered,2017-03-30 20:26:30,2017-03-30 20:42:21,2017-03-31 19:27:48,2017-04-18 13:48:12,2017-05-03,f0aa9a24f330070e4bf9b5320c898ce7,2017-03-30
9f181d637fd06f6468cec70121b8e160,ecc2a221917a8ba5ae522a0cab14a8a4,delivered,2018-01-11 11:06:41,2018-01-11 11:31:42,2018-01-17 23:24:45,2018-01-24 01:49:03,2018-02-08,78b5cbc4b9ad61445b6609593addca37,2018-01-11
0259b4edb1ee1ebd0263f59bd790a938,bee393f2250bb90bd7431d95b7172566,delivered,2017-09-01 03:12:29,2017-09-01 03:25:08,2017-09-12 15:18:39,2017-09-19 17:00:12,2017-09-20,727d4e7674081d534e8d6b4630510e75,2017-09-01
259ec9586950682cf8417030d1b4a6ac,c6f47e3e52b6c6a876a7fc768cedf071,delivered,2017-03-25 19:22:00,2017-03-25 19:35:20,2017-03-27 15:05:33,2017-03-30 15:57:59,2017-04-18,059e4dfa8c1b3dd4e5179e126987f1b9,2017-03-25
a81ac812819d3c3e98ff62b3a8e4e75d,37e7c79dd2b11c3d0fdc8fd3b4981bf8,delivered,2017-11-23 06:34:25,2017-11-23 06:47:27,2017-12-27 09:31:46,2017-12-27 16:18:37,2017-12-05,927996801414016890c94b1b26a483d5,2017-11-23
5ab13e692a7cbeb7e036c8d11e0d7e33,e8e084e344a5e508c8f00dc497780db9,delivered,2017-03-20 08:48:55,2017-03-20 08:48:55,2017-03-24 10:05:07,2017-04-05 12:54:44,2017-04-10,0601c193e5eb834eb2a069b7128e20fb,2017-03-20
2c0f54723f8c8cc17f32514c2cce9449,428a06c273e1ad93a856ee33f7febd14,delivered,2018-08-19 16:28:17,2018-08-20 12:30:07,2018-08-23 14:38:00,2018-08-29 01:05:28,2018-09-04,2fcb3ddd2aa9cd6caa49108b24a5e1a4,2018-08-19
00b2d2f2b5f7b98e6b1828764660134e,afc13494642f88d253be56a1e353e261,delivered,2018-08-09 08:27:54,2018-08-09 08:50:19,2018-08-10 17:15:00,2018-08-15 20:20:42,2018-08-30,2b22fac410c77b08b937809c68e7481e,2018-08-09
2a76e895450a367a28355453685b1e21,dab6dcccd10af3d85fe6dc5df51911bb,delivered,2018-04-25 18:38:57,2018-04-25 18:50:27,2018-04-27 08:11:00,2018-05-03 19:00:05,2018-05-16,ee774f5397fd82941c746ec88ad6c0f0,2018-04-25
ea06b59475b47ae67676d47fbe54d29d,871730d6b51162eea53c867b5eee862e,delivered,2018-08-16 20:49:16,2018-08-16 21:09:37,2018-08-20 16:37:00,2018-08-23 16:22:34,2018-08-28,3b840168e2fe4caf2e80969f83f368da,2018-08-16
b5fa0328693adeb3be0c29b6912d483d,31ab1030eff8a98afc9a22f40a1a48ea,delivered,2018-03-20 22:07:36,2018-03-20 22:28:40,2018-03-21 19:32:24,2018-03-29 23:12:46,2018-04-06,944ffa79cd0634703c811391cecb666c,2018-03-20
707ce8d2f93336ab1524c11cdb659bec,79d1d82da7289f7cdd5f611d6c5df0af,delivered,2018-05-09 22:09:32,2018-05-11 03:37:36,2018-05-14 14:56:00,2018-05-21 17:28:41,2018-06-08,a6bf63037fb9e3064d1f8fa4224df32d,2018-05-09
f31853a4f30d4851c847e4494663e749,ed7a6b3de20e5e5593996b3605307300,delivered,2016-10-06 12:21:47,2016-10-06 14:21:55,2016-10-15 12:52:21,2016-10-24 20:55:37,2016-11-30,71b35d5b0fa5a6a266dd6f103680009c,2016-10-06
db192ddb0ea5a4d7a0506e7d7ec92343,c21e33cbee939409efff8c2ef959a275,delivered,2018-04-17 17:03:28,2018-04-17 17:15:17,2018-04-18 21:50:42,2018-04-23 20:11:24,2018-05-07,bcf6059e426fbda8269e24b0cbade2d2,2018-04-17
db048ddab46bdb6a29c27f08073e29b2,89130e32fe11dc4bceeae5136bcb3a2e,delivered,2018-08-21 11:11:03,2018-08-21 11:31:19,2018-08-24 13:36:00,2018-08-25 11:37:49,2018-08-29,8a8bb19b60003cf64841d16cea1d788b,2018-08-21
9f2d2d818cb0f29ab0912722b52dcb38,48ee0e49317e2b8e361ad068eec444ea,delivered,2017-11-06 16:54:08,2017-11-07 17:27:03,2017-11-08 20:09:38,2017-11-30 22:25:03,2017-12-06,f7eaae0982d5d8ff27c56373895d97de,2017-11-06
9afc60b16d81f1421b53e9361273009c,65b807fbbad4c599dfc22b66484d093a,delivered,2018-07-23 16:40:38,2018-07-24 08:31:39,2018-07-24 09:14:00,2018-07-30 16:28:45,2018-08-06,b4ef173cbc389c50bba14ac30d6cb128,2018-07-23
90e0a69423a77f36e6c01b0fb27b5826,1914983150c51ae44d68f1734e3fb4df,delivered,2017-04-23 00:03:58,2017-04-25 08:05:31,2017-05-02 14:04:38,2017-05-10 06:46:24,2017-05-19,65663adf8c7a498b79e57ff84ab2b654,2017-04-23
88981e5b92eb0fc6291a66ce7b892029,27a415e36764df78a83ce0f2570e348a,delivered,2017-11-01 08:58:39,2017-11-01 12:32:19,2017-11-06 16:28:30,2017-11-10 11:25:42,2017-11-24,30a81e307f19e822e7199139fe52b1b0,2017-11-01
1123c02a909fe1c0f87f086bb60dcc55,1d3fbcfc317d07fa4acde8ecf56c3dad,delivered,2018-01-13 15:09:33,2018-01-16 06:54:37,2018-01-17 17:53:38,2018-01-19 19:58:45,2018-02-01,9649d4d542705b579e6d138b34602cdf,2018-01-13
7aaf9c17ae408e7a639faf0623c5cc73,b024b90032b9b633d8b0473610701dc9,delivered,2018-04-01 11:11:33,2018-04-03 05:27:47,2018-04-03 20:51:04,2018-04-04 14:26:48,2018-04-12,dee08f6d91c8a85939d1f694e79d487d,2018-04-01
f9785d27ffea67339d5a4ba53294a3ea,bc0003d9194441325a51853874f8b0ee,delivered,2018-04-17 21:51:13,2018-04-17 22:12:14,2018-04-18 19:47:41,2018-04-24 19:42:23,2018-05-11,047871829ba4a3405f7b4264e218e3ab,2018-04-17
d9769d29d698f5f17838e97bcdd1ef07,b4c0cf1111f6a46eace44bf5d6433c49,delivered,2018-02-20 19:59:03,2018-02-22 02:28:37,2018-02-24 00:28:48,2018-03-09 20:12:00,2018-03-20,a229a26e52759c3a1dbce7030ed633b9,2018-02-20
bfd2ea548fb820f759a902c9b04415e3,d23dbe35b79ea70cff4cc930c890ffc5,delivered,2018-03-09 20:23:20,2018-03-09 20:35:32,2018-03-12 23:57:47,2018-03-14 00:08:26,2018-03-21,7ab32f5a014504061b56ada723666c45,2018-03-09
fb34891f680ec3b5b3b0dd8d9f863d2a,0ecf71ef2f6132b279632dbc3d72e2fd,delivered,2017-11-04 17:16:38,2017-11-07 07:30:50,2017-11-07 19:28:57,2017-11-22 22:57:41,2017-12-07,7faa5e8b6dfa50377c3c5f482cf83d8d,2017-11-04
8fda9273c38415c07bd4923de4cd82c8,f2bbc389bab7bc8962b59274eed01d09,delivered,2018-04-25 11:43:29,2018-04-25 11:55:17,2018-04-26 08:53:00,2018-05-02 16:36:45,2018-05-23,1371f85d096a94c49457db7b87b538b7,2018-04-25
1c416205619eda99e9c883a9ca76ad75,e7e7963971d6cf0b45ddb9c6fbe9fdc9,delivered,2018-03-27 15:59:27,2018-03-29 03:15:27,2018-04-18 18:22:04,2018-04-23 17:12:19,2018-05-17,746e4774a86c5792b8b010d816e26efe,2018-03-27
baf812fd23187188a77284f87589375a,0fbb4bf6434638f4153b294c47c87feb,delivered,2018-02-13 16:54:20,2018-02-13 17:05:34,2018-02-15 19:46:33,2018-02-16 20:03:48,2018-02-26,d5fafb21f0a514899ec6fe7131dfc256,2018-02-13
ecece91c3d1b87ff38070137b454c50c,8234f3b810971f0c280a3d0d7988fffe,delivered,2018-08-21 21:55:29,2018-08-23 02:50:25,2018-08-24 09:56:00,2018-08-31 07:31:51,2018-09-13,de23c5442253e384c36ac6f5ca625a28,2018-08-21
e399cbb0337c90fe1809b307fcbe5b36,733ec8547bf0e1fca5ff8c6ab2a7a5c3,delivered,2018-06-13 10:43:10,2018-06-14 02:39:34,2018-06-14 13:35:00,2018-06-21 17:26:14,2018-07-11,9ea564f5503fe30c80129f57f8376483,2018-06-13
c473789225d03e3eae1a40d5402f1cca,d443fbb79c14a9b9208f7dc9a9390765,delivered,2018-07-19 20:22:42,2018-07-21 03:15:31,2018-07-23 15:44:00,2018-08-02 17:28:42,2018-08-09,5d0e326bb243778a92bcf9f60fc783e5,2018-07-19
f4dcd6f5120e9e46509a58be9e7462f2,c61f5ec2a237a476d50b5194f90af516,shipped,2018-08-02 16:04:26,2018-08-03 02:50:36,2018-08-03 14:34:00,,2018-08-15,f1774eda1fa1bf4bb45e4d4860cce40f,2018-08-02
6ba0683fc45576a6050dfba5f9c41bb1,0040a8417928d0d5abd5169cd7877181,delivered,2018-06-27 17:38:07,2018-06-27 17:51:07,2018-06-28 12:55:00,2018-07-03 07:41:41,2018-07-31,96e147852028a3ce1d25c86f03032023,2018-06-27
dba3d308cfb77b3fcc46a50e560080bb,f19f11ddfa4f4d61154a277408a98d0c,delivered,2018-01-07 22:41:05,2018-01-07 22:51:30,2018-01-08 18:22:30,2018-01-19 16:52:32,2018-02-14,66ec2bc0802dd4fa439e49dcfcf813b6,2018-01-07
5268a1e490656ed41fa8b107305fc319,87741719427bc441de713ce2c175bf9e,delivered,2017-08-29 15:50:51,2017-08-29 16:10:37,2017-08-30 14:52:36,2017-09-04 17:22:49,2017-09-19,98e3117841a2431959d17808f04bf23c,2017-08-29
2aae4e73f4fa9bac9378f94c794a47d9,85a75f2bdbdd30e9fbcfb56fdc387418,delivered,2017-07-21 10:24:33,2017-07-22 02:25:28,2017-07-26 11:21:44,2017-08-03 17:46:58,2017-08-17,f99fff0915e9ddd65b7db576ad238e96,2017-07-21
86aa6c78e87b42b8e66d9d6a368bc846,61bdf0d6002786a74cafbc9844625ead,delivered,2018-01-02 11:49:03,2018-01-02 11:55:29,2018-01-05 17:18:59,2018-01-18 00:21:43,2018-01-31,57a82a3efd4b68fd83336f4a69f0ac2f,2018-01-02
847aa72b1ca97537af9c72ce7e99bf94,f0acd4906098739719f7507162c85942,delivered,2018-08-18 21:19:10,2018-08-18 21:30:14,2018-08-20 14:13:00,2018-08-23 01:03:47,2018-08-28,99d5d413cb5c987d03bfceba3e6728cd,2018-08-18
4c95b21e5d08a34a3a48839f2d007982,f9a232e21b669e5a1063711f040cd360,delivered,2018-02-23 20:43:58,2018-02-23 20:55:50,2018-02-26 19:06:43,2018-03-17 02:12:17,2018-03-27,5565d43d43220145dcdcde6cef348434,2018-02-23
4b0ad428488cc1b132333a293f9c1370,23adf3a4eefc7da9cccd2af02ad9f197,delivered,2017-07-28 13:38:25,2017-07-28 13:50:25,2017-07-31 16:52:14,2017-08-04 21:14:48,2017-08-28,229dbc2fc517bbcda07fe730d216de04,2017-07-28
7670be883e96403325723fe0629a8c7e,c538e5c2e48c6a255de59da12a3d8c69,delivered,2018-04-23 20:50:16,2018-04-24 18:04:29,2018-04-25 00:35:54,2018-05-02 17:21:56,2018-06-01,0688d8f6bc2083855f1ed88c8ef79bb6,2018-04-23
2bb5962dc45a9c428a888aa99d8deb46,99bde2b1ffd6565ce57e8c0bd634572f,delivered,2017-10-02 19:04:13,2017-10-04 03:03:49,2017-10-04 20:55:02,2017-10-26 01:58:25,2017-10-30,5459bc64a12ff793d6e490e0d6a6ea2e,2017-10-02
91292acc131c233256e9a15bee217c53,428db965aedf0c8c56f94d005539a9b0,delivered,2017-08-03 09:25:14,2017-08-03 09:43:41,2017-08-04 18:47:48,2017-08-09 13:09:38,2017-08-22,97bc08e526795b17e1d4f642f77ae304,2017-08-03
b148b0338ed3231c5dcc4564f81a7586,7dd168069dddee1868d6293874dbe38b,delivered,2018-05-11 14:43:47,2018-05-15 05:32:35,2018-05-15 11:28:00,2018-05-21 12:42:32,2018-05-28,e34fe21593aeccd548f00c6e55ca6391,2018-05-11
1e2ff126f1e0eccce95474029d18617c,83daf1e45e755edc47296c7974660c47,delivered,2018-02-13 17:49:15,2018-02-15 17:46:28,2018-02-20 19:22:36,2018-03-05 15:22:28,2018-03-06,7fbf88ff76e59e08e171135cfae0ca75,2018-02-13
dec6267e55fe1ef26725cbd4c28d9a90,27fc8ade22ab29a37a27abddc4ecff02,delivered,2018-05-06 18:49:55,2018-05-07 09:15:24,2018-05-07 13:50:00,2018-05-16 16:08:58,2018-05-25,0e41cb208c56f9566d7d1046bb20e655,2018-05-06
8421b46b3b3fa09ea64c5775ab548615,117e0eb0f33e6f97d50644712ab63969,delivered,2018-03-22 18:29:48,2018-03-22 18:47:29,2018-03-28 18:51:27,2018-04-11 23:41:21,2018-04-19,77346eadf042b77d025571708ab3d61b,2018-03-22
d5bd0af0e37b739b88fa363a30301220,c611a87152a511b73b2b6d639cea5034,delivered,2017-11-15 16:28:17,2017-11-15 16:46:15,2017-11-16 14:25:23,2017-11-25 13:57:58,2017-12-06,cc3e3512bd101778a2eb0f9911df0916,2017-11-15
1a0c4417bf4f48e594a23d90d8d7581c,b9f89b65102ca979b94f4493af5973ee,delivered,2018-04-21 19:46:35,2018-04-24 18:57:00,2018-04-24 22:34:52,2018-04-30 19:08:48,2018-05-18,4b201cf6b9daba749b52aefc0d128a1e,2018-04-21
70eb3f78e36bed84a86e6570b0fb308b,2837406f4f7bea00a234ec60e9e9315f,delivered,2017-08-05 12:50:01,2017-08-08 04:05:40,2017-08-08 17:03:42,2017-08-14 17:23:15,2017-08-29,6ae01c991d7a7d428d228fc4fe7688d8,2017-08-05
2f014917c80b1bf6576e1f3ce7a4bffd,767e9a5c0f4cd484bbf7b78479b7cc67,delivered,2017-09-05 20:41:37,2017-09-05 20:50:18,2017-09-08 17:26:49,2017-09-15 20:07:50,2017-09-29,203ce97969020fdfd456613c1c128615,2017-09-05
7c689ae40b6502d8b9f54441709cbe76,03763b8972b5dc67dd9adbafa0256e16,delivered,2018-01-28 19:34:50,2018-01-28 19:59:13,2018-01-30 19:58:26,2018-02-06 16:13:02,2018-02-26,9b24b12d934da66967828f603b8a1654,2018-01-28
4fab84dd561f10bb9c98293f34d749fa,1c141ff3d234a4ea775feaf7d0024a59,delivered,2018-07-03 12:04:03,2018-07-05 16:32:43,2018-07-05 14:25:00,2018-07-11 15:24:32,2018-07-27,cc8e5ca7b38506fa626340b3c84b6d89,2018-07-03
08dd806c9344c87a3f061a6540a65041,bfa964abc76d954af38e02158e4c7946,delivered,2018-05-22 19:25:04,2018-05-22 19:36:59,2018-05-29 07:16:00,2018-06-08 18:08:48,2018-06-22,b0cbcc2012a12e88cec35af43bdf2ffd,2018-05-22
709757992cd81f180be8b5555ea266f5,9f802ab5f514faec889b810d1bf187bf,shipped,2018-07-23 10:56:16,2018-07-25 04:05:19,2018-07-30 15:48:00,,2018-08-15,a35698b8e9ba30327005b6794155ff90,2018-07-23
c1b946b2592023776151752222cd31e7,901be22d7ec9526031a2dc156992c306,delivered,2018-04-09 09:15:19,2018-04-09 09:31:05,2018-04-09 19:32:23,2018-04-16 19:22:38,2018-05-03,95d32733010cc5e9339f9e3d7bd1a982,2018-04-09
4b1c6eb00f599c2ea1d21e446cd60efa,1b337a877720669c2f18c277c5dbbf69,delivered,2017-12-01 16:26:45,2017-12-01 16:40:43,2017-12-04 21:28:29,2017-12-14 18:42:28,2017-12-27,1028ab5aecbcdfe221a761830f0f8f24,2017-12-01
7ec4063a8ed5b8e7ab1b7bdd7951ffa9,421c30a5daa9f8c2529a73e1f9152a71,delivered,2018-04-17 13:30:17,2018-04-17 13:51:13,2018-04-17 23:48:34,2018-04-19 00:08:27,2018-05-04,ccbbfaa6928d3c906af6f68e393dd463,2018-04-17
10ccabd86a31f6939bd6b0eb1bbb1c67,1183d7542b4266f421d6678da157fc09,delivered,2017-02-14 08:48:43,2017-02-14 09:02:58,2017-02-14 15:57:25,2017-03-07 13:54:22,2017-03-27,f006187fa998d6816c536308dfa3b33e,2017-02-14
34c050abd228aa3084544460925c3534,ad83c0e942a04096b2ffbf144ec21bb8,delivered,2017-12-03 12:32:31,2017-12-03 12:53:17,2017-12-07 18:02:54,2017-12-19 19:47:10,2018-01-15,6cad6987d8d5510aeba08be9519ea8f2,2017-12-03
cccee2922028e95f2f29aa1fe0c766c0,ca93ab27127deaac3bee96b5bf04bc6b,delivered,2017-08-26 09:46:26,2017-08-27 07:04:03,2017-08-28 22:42:11,2017-09-06 20:27:57,2017-10-02,442378ca298c6460fb409b10626721d3,2017-08-26
a28900d6db45f7fe7433f5fba72c30b8,4b5fe0f21a41c8f6cfea49a803855f87,delivered,2018-03-30 14:37:11,2018-03-30 14:50:13,2018-04-04 00:58:57,2018-04-13 18:28:32,2018-04-20,805f4b6e9ce80113e9e5cfbefa9577e3,2018-03-30
3ff1a97af462ca0dafa98d5914729e86,429337ca49b266234552f95edfed0f37,delivered,2018-03-28 10:12:52,2018-03-28 10:28:51,2018-03-28 21:12:14,2018-03-29 22:41:58,2018-04-10,1b32a6f793e30aefc6ecff6a8ebe1030,2018-03-28
d3764fd6a2c04354a8cbde8508cc0ba0,2df17a523b839dbca5cf6e2465f91817,delivered,2018-04-16 13:34:03,2018-04-17 13:32:44,2018-04-18 22:36:33,2018-05-10 14:37:37,2018-05-10,626b11963bb9e1ca9646a0e0546af28d,2018-04-16
210ce7edbc6ef043f7af38724f3c2b5d,065e274ca8c7214e70710b6765578a05,delivered,2018-08-13 15:07:30,2018-08-13 15:24:28,2018-08-17 14:11:00,2018-08-23 22:03:37,2018-09-03,771d104f829fafdfde8f4f1950002860,2018-08-13
63e614097c434569e45f77e68b55f48f,f1b2e9e0835d494864e31b02de9d7bf1,delivered,2018-03-06 13:09:30,2018-03-06 13:50:03,2018-03-07 17:26:44,2018-03-24 16:12:29,2018-03-23,5e5b70791cd0973f7c0190fc7b0834f3,2018-03-06
e8bbc1d69fee39eee4c72cb5c969e39d,184e8e8e48937145eb96c721ef1f0747,delivered,2017-09-13 19:13:20,2017-09-13 19:25:38,2017-09-15 17:43:43,2017-09-18 18:42:07,2017-09-26,bd06ce0e06ad77a7f681f1a4960a3cc6,2017-09-13
30e20eed39fd29394a3adad92a43f3e2,b435676aab06e1a53ef42f979d671ce8,delivered,2017-12-10 16:42:30,2017-12-10 16:50:49,2017-12-11 19:57:00,2017-12-18 17:34:07,2018-01-04,fc44a9e7b14c77fd0d22d3a94d062593,2017-12-10
8073689e990d7df74e9c53a005260b54,f2a8619b531ec9f3c3d56b86190aea94,delivered,2018-04-25 08:16:25,2018-04-25 08:31:20,2018-04-25 14:54:00,2018-04-26 18:28:35,2018-05-14,cee2ed186cb6976d3af335d97f28973c,2018-04-25
85eb2a6b95fb63038d835a7b235b47d0,f3c417aa727ef55b2a9eb68bda276dd9,delivered,2018-06-05 21:50:30,2018-06-05 22:11:37,2018-06-06 13:41:00,2018-06-11 20:20:48,2018-07-18,ef643d635cab1ffb3111e14641861d72,2018-06-05
15565b9ff1ef637e3216ebf24bb05c31,af3ae1b886ed576265f3f71e5921ee95,delivered,2018-06-30 21:51:00,2018-06-30 22:10:08,2018-07-03 11:19:00,2018-07-04 17:09:03,2018-07-25,877ad3fe01f41d125b2c3dad4e9cf2eb,2018-06-30
f2125ad278ab03d4779ded7001337ee1,f231bfa6a643f23fa187394cf9a8c98d,delivered,2017-12-01 16:51:00,2017-12-03 16:53:45,2017-12-06 18:17:03,2017-12-19 18:09:25,2018-01-08,38cfe0709a4c787caaf63fcce697b8e3,2017-12-01
3a27e0b9d5d118eeba13571803a2b08e,5bf3c6c1f06144a4ae5b815782732da7,delivered,2017-04-26 14:09:45,2017-04-26 14:22:15,2017-04-27 09:39:11,2017-05-03 14:37:42,2017-05-15,ce9f8a25ebc64ce2a45296847d309da7,2017-04-26
21b2689d22f457f04c68814cb269764d,e5b109875eefb9d243b353dfde8552a8,delivered,2018-08-02 12:05:18,2018-08-02 12:50:16,2018-08-03 12:26:00,2018-08-08 22:12:37,2018-08-15,d5c7ae65867cecb7df9ab0a3cd145e15,2018-08-02
8dc41fcd90a93e993a555bc984726ba8,9915a12fb4e8c933ede4c85fe9fc7cfd,delivered,2018-04-21 09:43:15,2018-04-24 19:24:14,2018-04-25 13:50:00,2018-05-02 22:08:58,2018-05-15,f4eb3767dd9617a64e4e299780f546d8,2018-04-21
356ba836fa22451d49ef0c3eb18a3e09,c220ab170a166e41e97034894f1ff1e0,delivered,2018-08-13 16:17:10,2018-08-14 16:15:14,2018-08-15 14:40:00,2018-08-16 13:48:35,2018-08-16,918fc1e0f62d6a9c6329dfd85e965e2a,2018-08-13
d18615ef0019feab117532f76cb5953c,47fd46783327ac0d112d9a86085e06ec,delivered,2018-08-09 09:35:54,2018-08-09 09:45:18,2018-08-09 16:03:00,2018-08-16 18:16:56,2018-08-28,103d44c0c5139f1199f1c9e319b922c8,2018-08-09
c042ea19a75b4c8fb9bc7479832297e6,f3649725d51b964e8708b6960b3a7bea,delivered,2017-05-21 17:28:49,2017-05-22 06:43:17,2017-05-22 13:31:57,2017-05-29 10:38:00,2017-06-13,79564719249bc8bc24ea522a5efee2fd,2017-05-21
5737a407d0873429dc88768c131fc671,c625cc68d7f0a27897f05eff2b3a6da0,delivered,2018-06-21 17:57:11,2018-06-21 18:40:23,2018-06-26 09:15:00,2018-07-03 22:19:59,2018-07-24,51c8ddf321ee68b8d49ccafa8f4cfa50,2018-06-21
0c9f8646d592c21c2015b929996427af,493941e03992cc140b88be7a292808c9,delivered,2018-03-20 07:44:52,2018-03-21 02:50:35,2018-03-23 23:52:05,2018-04-06 23:16:42,2018-04-16,beac646283545df90be6dbf8b17668b7,2018-03-20
34de7c3ba61791996fc85a18104f8089,7dfdc9722ef41b3497667f302477a476,delivered,2017-12-09 08:59:58,2017-12-09 12:50:59,2017-12-11 22:09:26,2017-12-18 18:57:12,2018-01-12,1bb4bed0928d1a93c0c91f46da4b2769,2017-12-09
4c9147aeea82dddeeff09c3a170a4820,a33874bb08defeec8118818eb3e91a90,delivered,2017-06-13 19:01:31,2017-06-15 02:55:27,2017-06-19 15:05:58,2017-07-11 19:25:52,2017-07-06,7d382c1e3312c4812845e01dca5b6fc8,2017-06-13
d1292ab43d93a1211d5e3f6589be78af,98ae784ea02599457d7cba659b4a4f0c,shipped,2018-02-22 18:00:12,2018-02-22 18:15:22,2018-02-26 21:22:16,,2018-03-14,dc19a192b86649740fc1f87f652c4730,2018-02-22
fcb8a446d79e5b682882d9e73014526f,03c0cfb7f6859ea591f6969c8e9d0109,delivered,2018-05-11 00:34:12,2018-05-11 00:58:42,2018-05-19 06:14:00,2018-06-01 23:51:51,2018-06-04,8fe2d8efb2308f1ce0958634a9c241b6,2018-05-11
4dc6971735661c059829d999ddfcd755,f9440bbd8a0bd64a574fbac679c54838,delivered,2017-06-16 22:53:16,2017-06-20 10:50:28,2017-06-21 14:08:25,2017-06-30 15:17:35,2017-07-06,8a5dd5aacea7e7652946f984c3ecb5e9,2017-06-16
e93a632da84685e95aea41808885e8ab,abe8ec6548b6351d3eef00aa566c4fe2,delivered,2018-08-10 20:21:24,2018-08-10 20:30:27,2018-08-13 10:56:00,2018-08-17 18:57:23,2018-08-28,6940b55bb4d1823ebbf3240a36f05e57,2018-08-10
7954d26fa0d387724ccb30d846ebbd9f,31d8da0f80697e347d7fcf21eac83d3d,delivered,2018-06-29 12:28:48,2018-06-30 12:30:03,2018-07-03 07:33:00,2018-07-13 20:41:34,2018-07-24,49dfc82e98da68298ca09bd394c08e7f,2018-06-29
72e28e81cb034c772982da429eca530c,74fa527aca584a0843047d9ceb21d0e8,delivered,2017-11-18 08:49:34,2017-11-18 15:30:24,2017-11-21 18:48:30,2017-11-22 19:22:10,2017-12-01,936f9d5a260f1f2fad57a0998efa6bf7,2017-11-18
f832a90e0e5f392aa29255b5716b012d,f63cb8460e0b173006fa7e7bf9cc71be,delivered,2018-04-26 16:22:34,2018-04-27 08:15:19,2018-04-30 07:02:00,2018-05-02 19:23:34,2018-05-10,23cd944226e9500295fa23bcd265f52c,2018-04-26
c349e9d40b72c145d95e0da04f3e7076,96ff3fba0dd430cf13ed4a811c1291a5,delivered,2018-04-04 09:00:15,2018-04-04 09:10:16,2018-04-04 20:05:17,2018-04-16 19:42:43,2018-04-23,8f491fc9b47bcfea03c93a7342f2737e,2018-04-04
68664ce4c84bcf1e6682d90992c7504d,fdce8fd151f9263bb677e873409843dc,unavailable,2018-03-01 09:33:06,2018-03-01 09:56:03,,,2018-03-15,bc2327338c12e6b64702041b15db9d33,2018-03-01
a58d3e59d65840491ea8914d54ba4693,c71404c91b71b88e6cf39286092af14e,delivered,2018-08-13 14:28:50,2018-08-15 06:55:14,2018-08-16 14:11:00,2018-08-27 18:16:33,2018-09-24,8a0fa67d05683533205eeecef46863c2,2018-08-13
62afcaa7a01e4a51345e58ac350a9b78,bdae894741bd43f6aafbf5274e4369ea,delivered,2018-02-21 08:26:38,2018-02-21 11:56:40,2018-02-21 19:47:07,2018-02-27 21:06:41,2018-03-13,c176307263f599c6a973a36400ca170c,2018-02-21
b89c3dccabd368d8a4b6778c1094df6b,1287bb4d651bd96d3b090a92997ae7ea,canceled,2017-03-20 14:44:16,2017-03-20 14:44:16,,,2017-04-12,a88ddb886ec892589db987f01cf9b747,2017-03-20
eb7a5ea74eec27401237ac0c1a0a5e26,84f051c51e629d53a7ef7fda2cf5a325,delivered,2018-03-26 18:32:02,2018-03-27 04:08:34,2018-03-27 17:41:47,2018-03-28 19:37:27,2018-04-06,991063f2ad2a1070dfd3d4ff9d2dee6a,2018-03-26
a013a9692edd311c7cd46675f807ab24,ff82e32ae70caa86b2e3232c9474fce4,delivered,2017-06-18 14:14:29,2017-06-18 14:25:16,2017-06-23 10:53:04,2017-06-29 14:33:52,2017-07-10,30d9763019fdc16b1a3334520fc9b625,2017-06-18
92e3415f60fec80f07ebca939434c3a7,85163f5cd854d552b1627f12e52721fc,delivered,2017-01-27 10:29:59,2017-01-27 10:41:54,2017-01-31 11:50:54,2017-02-02 17:43:58,2017-03-03,c84bec9314ced846300a26484ef9a52b,2017-01-27
77baa217632fcbf3656de4ec4a66b0c4,0c32da3090365f1c34eaa407bd52778a,delivered,2018-05-03 09:42:53,2018-05-04 02:55:14,2018-05-10 18:29:00,2018-05-16 23:16:54,2018-05-29,6faf12196f13db59a69a92ff91568816,2018-05-03
78c4c41e23fce373ccb74d07aac38c44,abb5f1e317829843b87cefa88f6bfa08,delivered,2017-04-11 06:38:01,2017-04-12 02:45:41,2017-04-12 11:53:09,2017-04-17 10:55:29,2017-05-03,574bbaf52ff075f495bf66c24bbdcb92,2017-04-11
a9dfd8a8ec4fa0a848fb61986bdc153f,cf7956da5b322ee09795506d6fcb238f,delivered,2018-08-20 13:09:40,2018-08-20 15:50:16,2018-08-22 14:47:00,2018-08-29 18:32:58,2018-08-30,61891679419a7cd51f239be92ced8f81,2018-08-20
dc15c503e5d31267bef467c8c63476c4,bd845f13db0ebdbb3dbd88dbbe69848a,delivered,2018-08-25 13:21:23,2018-08-25 13:30:23,2018-08-27 14:13:00,2018-08-28 21:03:38,2018-09-14,e5a4f6d7cc11cfd5f32e6e5adde8d127,2018-08-25
e4e9fa1ceb459e9dfebba5e0b09849f3,6987c5a00c0bfdbb2a78d36822f82ebb,delivered,2017-03-08 15:55:56,2017-03-08 15:55:56,2017-03-10 16:25:19,2017-03-16 08:50:41,2017-03-27,d4f6e329d878d36cb58f84de44cb03e9,2017-03-08
b7a77aac1be341d2f9009b231cd3b4e8,e43558b2abdd406058436512ebe8b58c,delivered,2017-11-23 21:15:56,2017-11-23 21:27:42,2017-11-29 22:51:28,2018-01-05 17:23:22,2017-12-19,d141f28ea7b53df409e7a9a466858d33,2017-11-23
41e058d34a41343f01cdc9a6add38423,4e174aa8e13f63c3621881c51edc9b06,delivered,2017-12-18 16:20:18,2017-12-18 17:18:35,2017-12-19 17:26:53,2017-12-29 18:32:31,2018-01-11,b079e8a1977edd900b4522be9dec0245,2017-12-18
a79f369e816d39951d6f26ef65842903,04fa073164f8aa2148c9c19d586fdbac,delivered,2018-01-29 16:31:12,2018-01-29 16:53:21,2018-02-07 21:13:05,2018-02-20 17:29:01,2018-02-26,8c59e845478e6ca0e366fefaba4bd46f,2018-01-29
fc619e7ba8b2f9ef5e03cb4782a4e121,aef57864f06392eefdf39d7904bbb2eb,delivered,2017-11-14 17:44:57,2017-11-14 17:55:29,2017-11-16 17:32:55,2017-11-22 19:04:49,2017-12-08,10fcc0fd53acce54a4e3875ee84b55b3,2017-11-14
85588475c4907049ee50b41446b5cb90,bf532369897b190d91ddb2cea7491a54,delivered,2018-03-08 16:02:35,2018-03-08 16:32:22,2018-03-13 03:12:38,2018-04-03 00:22:25,2018-04-17,c7c92d52defccd813e462a6bd33ab16b,2018-03-08
c6a45cf151fdf09625a38f65bddc3082,00bad631eaa8723983a6c7e2f910dfca,delivered,2018-08-14 19:30:11,2018-08-14 19:45:18,2018-08-16 14:58:00,2018-08-20 21:03:45,2018-08-22,a672e4e4af506e713c1b4373e038cabb,2018-08-14
e6d1b2275402fa4946ee8a3d37712c93,45ce7fad590507dc87dabf4b6989f7e5,delivered,2017-09-03 23:37:01,2017-09-03 23:50:08,2017-09-08 16:47:50,2017-09-16 12:02:53,2017-09-21,165d93a9d1da194b47da42c9cf810ebd,2017-09-03
2b3c4e25e8edee43a664159df5afa3ea,557a197892a569cc513f0f016a7932d9,delivered,2018-07-29 18:51:50,2018-07-29 19:04:26,2018-07-30 12:24:00,2018-08-06 14:28:46,2018-08-14,5fbd187e2b87c72593ed5c8a498a928a,2018-07-29
9202a540dd3900ebeb2ff790e949a54e,778765c3508c03c80697308b8ba5aa3c,delivered,2018-01-22 08:05:13,2018-01-22 14:12:39,2018-01-22 22:35:47,2018-01-23 19:51:47,2018-02-06,7b44e3a5d8850c01a367fae144a9f7ad,2018-01-22
b8cddbe53f3a227da27064bc722cffa3,c4d58f849d0a6d8fd0eb4c6743febc27,delivered,2017-09-03 10:58:40,2017-09-03 11:45:33,2017-09-12 17:14:58,2017-09-22 18:32:39,2017-09-27,6b5dba0a19b5dd475c7f6cd2005df975,2017-09-03
532227f6cb279324fdf9b5e3b5e33fbe,9b11cdf7ed97f8277b5c067210c0b472,delivered,2018-03-21 13:13:28,2018-03-21 13:27:57,2018-03-22 20:38:29,2018-03-24 15:12:19,2018-04-03,7ddf6d4ff21a5df486ed1d108109a94b,2018-03-21
eb11baac49ba71da35079fcbf17517a4,cc43755571b2b6b1622a65a334d5427c,delivered,2018-05-02 20:29:29,2018-05-02 20:53:47,2018-05-03 16:30:00,2018-05-22 19:17:42,2018-05-29,183d97c6495e9cd967743454253400fd,2018-05-02
3b6017a55d7507badf113a558ebb9a62,a1a8805f28cf7ec73c2dd4e7296bbcbd,delivered,2018-05-02 15:15:59,2018-05-02 15:58:57,2018-05-03 16:30:00,2018-05-14 16:36:30,2018-05-30,6bc183381b1f2a06874a43229952f95b,2018-05-02
493df4388d821e8fe154543cceafa20d,d1e855114cbb40986610c20743c4e067,delivered,2018-06-18 20:15:39,2018-06-18 20:36:41,2018-06-20 12:54:00,2018-06-21 16:38:31,2018-07-11,294f1ffdd9f4270bafd5feab16f2ac3a,2018-06-18
3323fd4055090e20288b12f59a77e9fb,e7b96e5c330f63125f06f075bd8ede22,delivered,2018-01-06 13:32:38,2018-01-07 13:27:17,2018-01-15 11:24:50,2018-02-20 22:42:53,2018-02-05,225416791adc72d9d36e757e7f1d628a,2018-01-06
a2c583649d96b6b15a0385d0ef630f33,d8ddc91cbd5d3aa4c618b8620c57a9de,delivered,2017-05-02 10:52:39,2017-05-03 11:34:56,2017-05-08 15:40:14,2017-05-13 08:39:46,2017-06-01,81d6253f213c5061ff0cfe8820997b59,2017-05-02
f764bb28725fea66368cbd0a799ac39f,f9fb343d2ff0f50d1b0353f90692dbc2,delivered,2017-10-24 17:07:24,2017-10-24 17:29:41,2017-10-25 14:04:35,2017-11-06 18:12:09,2017-11-21,3ecb7f3f60e97522f2a3afa98f9ecfa7,2017-10-24
adcdccd191342caa54f60a1f3e6df547,6be5ed2df917c88bc0e3770ac3fb0fa1,delivered,2017-12-31 14:33:48,2017-12-31 14:47:29,2018-01-02 22:39:50,2018-01-08 17:57:37,2018-01-18,64d467ad348f0caff17a7b6dca79f2e2,2017-12-31
c9d520a482f52b364a05d0252cd45852,fab24554bc9a6b466c61b9f4c0f4b7d9,delivered,2018-08-05 20:33:28,2018-08-05 21:04:16,2018-08-08 14:03:00,2018-08-13 16:51:31,2018-08-16,00391594070baf8603f5fdc1d0c6a48c,2018-08-05
c391989528d1e7049decd5a0e37bdd19,48e30bfb9ea502fd3f633322f09250c1,delivered,2017-11-15 22:51:19,2017-11-17 03:35:45,2017-11-20 14:07:57,2017-12-06 22:04:43,2017-12-15,7bf1c2498a0443a66167a89668326f7c,2017-11-15
d583f0fd2e3f3c20be3c87938bfcd21b,4d5537f96319cccd406227f42b444bb7,delivered,2018-07-30 11:51:06,2018-08-01 02:44:16,2018-08-01 15:17:00,2018-08-03 11:32:56,2018-08-08,da7bf44feaf10dbd1e918eed20ff8eb0,2018-07-30
b4422eb7a5a5d3ec5f0b8fbfb75f5184,bcd32c414b3287b2a0c5f4e3bf64afb7,delivered,2018-07-16 16:33:40,2018-07-16 16:45:16,2018-07-17 15:22:00,2018-07-24 16:24:40,2018-08-08,24bf547affa8ed1c6281f9f85f5a55db,2018-07-16
0fa772ed19bc4e0836a2b079059f529e,f06ebe91a8ef0795bdfa9f8cd148ca59,delivered,2018-01-30 21:50:42,2018-01-30 22:11:21,2018-02-02 00:38:39,2018-02-15 23:33:55,2018-03-02,44ee2c47a2e9d9a02f4fa9626cc8fe8f,2018-01-30
7f2309408220014301685cdf123b4067,5a1c1e9fe3aa6fa5a2f1d9d86f2f9aeb,delivered,2018-06-09 18:45:40,2018-06-09 19:11:02,2018-06-11 14:08:00,2018-06-14 19:31:27,2018-07-03,4287002812bf7576a9a1d6f3cb5746c1,2018-06-09
d35c1cd70132b8215cbe4c943537d139,b1c2e425a3415a98a88e997b86bf3f67,delivered,2018-07-16 14:07:54,2018-07-16 14:20:16,2018-07-18 19:04:00,2018-07-27 18:24:26,2018-07-25,b91544f0ccc8481c157810c3378b2fac,2018-07-16
2ccde1e4676c20b9444e2bcbed36334c,a10c24a3a00d939852f086c7162e564d,delivered,2017-06-18 10:24:32,2017-06-18 10:42:56,2017-06-19 17:16:42,2017-06-24 12:02:48,2017-07-13,970e5961383615662043afa2d9c68802,2017-06-18
6fc4b5c7dea29fb5062b9fb57e3d958e,35651299baaef5a25ed8ec1021d12a12,delivered,2017-07-23 21:56:45,2017-07-23 22:10:13,2017-07-26 20:01:43,2017-08-15 13:52:11,2017-08-17,a1f495dae8f9dd2db3a70ea51e098ddb,2017-07-23
bd31b009e1dbc47fc7c250b1e2cf5440,2c23918ee23c1406b9cb5f78d4b2062a,delivered,2018-04-24 12:07:51,2018-04-25 03:51:18,2018-04-25 15:33:00,2018-05-08 22:24:49,2018-05-21,8d500d527a1d67efec12faf28b61885b,2018-04-24
f6ec769c796ea963843da58718ada694,af9aa4e50115ed72395d60c9c79077e7,delivered,2018-04-18 12:46:02,2018-04-18 13:10:33,2018-04-23 22:28:57,2018-05-16 22:48:47,2018-05-15,639d81ef92e376197b38521f0dea8f15,2018-04-18
1478e287c27b62fbae90329970302f1e,49683f92840dfb2f84377af13361d4c7,delivered,2018-04-29 21:16:30,2018-04-29 21:35:32,2018-05-02 12:38:00,2018-05-10 22:14:45,2018-05-22,565427a96f0865bacef2a6b400197b46,2018-04-29
ccf6899464ad94a5d61964bafc6a4f0a,92aa8377d76dce02451719d307524fe7,delivered,2017-10-24 21:14:02,2017-10-24 21:28:10,2017-10-25 18:27:15,2017-11-01 13:53:36,2017-11-16,8af636a8e9d58c32fab1d7d35fec369e,2017-10-24
936979ce0687947765e88fe5fe1b741e,d37f9472ef5b98a17bcf2716cfe87cfb,delivered,2018-06-22 23:34:28,2018-06-26 04:58:47,2018-06-28 14:11:00,2018-07-04 16:58:34,2018-07-18,b8d6726ff3273508665f2e2f5e389eaa,2018-06-22
5b49cb2d5b6c3ec3583118c9601ff6a4,423d188bbcaf056ef7f42052180d4363,delivered,2017-12-11 21:24:54,2017-12-13 16:55:49,2017-12-18 15:19:12,2018-01-02 18:51:42,2018-01-05,ed5b66095d753a53a6f462108829b02e,2017-12-11
d7ae3c10c3a4c7a721e64ba401ee745b,8622c629a0890a4ca20d1e7016e1a613,delivered,2018-02-20 14:59:40,2018-02-20 15:10:43,2018-02-21 18:27:20,2018-03-03 17:42:36,2018-03-19,11b47516f8f6a42105b9807903ede333,2018-02-20
93a0e7a8ac210479d99b1726f697651c,240e00a1e0cd667e88c7939db917ac31,delivered,2017-09-13 11:04:08,2017-09-14 20:25:25,2017-09-15 16:32:23,2017-09-18 17:17:47,2017-09-25,ffdffea8a4b04f14987bfef2a2287fa9,2017-09-13
55d40b74667b0d1f5331a4724b9efd69,d7cbd008cd16332e62efb358c1348056,delivered,2018-02-12 01:13:24,2018-02-15 05:00:33,2018-02-16 22:58:48,2018-02-23 22:43:07,2018-02-26,16596fa5c0a8f82a2ce1c483110c570a,2018-02-12
729c445f5f350f88d5c9a3911d6e9bc0,ec8475867514b71ceea3172f1312c533,delivered,2018-05-02 17:42:07,2018-05-02 18:32:33,2018-05-07 09:09:00,2018-05-09 12:56:30,2018-05-17,448d4ea0cf8b28cdf55349b4d5236c35,2018-05-02
06d614f169d6f1a04c85b382d4bd462c,6e15807a5d74456cf5f90cf879bcd7f4,delivered,2017-11-24 08:25:10,2017-11-24 08:33:34,2017-11-24 15:39:30,2017-11-29 18:03:24,2017-12-19,b7c20aacd693e0ce601eda237f43e67d,2017-11-24
97746144f29ff82670bcd8311e484a16,679606d5183722ee9820f8c94d596788,delivered,2018-03-06 00:01:09,2018-03-06 00:29:03,2018-03-07 22:23:44,2018-04-11 19:38:36,2018-04-06,6926885b18239381073985d8d43e55d3,2018-03-06
5b4e981913377d776f83cb4ffd82ad31,396cf1a900c41fe4d63c5129d71ee407,delivered,2017-11-07 20:42:40,2017-11-07 21:47:21,2017-11-10 18:35:18,2017-11-21 13:54:52,2017-11-27,05c53729b47c59ee7131cf59a3ea0de1,2017-11-07
421cf19961f42317267a94c6ed066cf9,999788208f06927b5253b8251117bc44,delivered,2018-02-08 17:24:08,2018-02-08 18:32:21,2018-02-09 23:52:38,2018-02-23 22:25:11,2018-03-05,07858df819003ebae4ceb6c1e46dbd0b,2018-02-08
b75531d67f9616e9012cea103a187c8c,b671be06b16d469205a87c380a30a09c,delivered,2017-03-07 22:10:46,2017-03-07 22:23:29,2017-03-13 09:32:58,2017-03-23 08:35:59,2017-04-12,6e9535f7b8f9d861b5cb705c525663ff,2017-03-07
512669f049d27cb8c95c83eb6e268bfa,bf1b0c82d25e07c1c4ce59c3b6033648,delivered,2018-01-02 18:05:22,2018-01-02 18:13:20,2018-01-04 14:53:02,2018-01-10 18:42:50,2018-01-30,7c56a425e6d5b03511da3db216967db7,2018-01-02
2728685c083a4749558ea7e44578a0c3,5c0c0a2f137f0ca32bc91f21cfa0344c,delivered,2017-08-30 14:57:52,2017-08-31 02:35:24,2017-09-05 22:36:06,2017-09-12 18:54:55,2017-10-05,48e6f23af32f72ee663c68227e85e732,2017-08-30
946531fd5600174d45682f9a6c493e05,298d5160dfa09ed4cde46a9dd3518f6b,delivered,2018-03-01 18:39:21,2018-03-01 18:50:28,2018-03-02 17:47:44,2018-03-08 23:09:23,2018-03-13,143b2873a4119ff8c49dee6f15eb8504,2018-03-01
065ac4b340bafd4f6bee041c63e10aef,9c29746c15ba972bc51e23fcdc498216,delivered,2017-06-02 12:37:27,2017-06-02 13:10:55,2017-06-03 09:38:18,2017-06-13 17:29:55,2017-06-27,e449489aac70922208e33e080712941c,2017-06-02
41b58b6026bb03ba48125f0b42fd4b70,7fb48eba2763ac51b79391d0636a7c92,delivered,2018-05-29 02:50:57,2018-05-29 03:14:34,2018-05-29 13:44:00,2018-06-16 14:28:55,2018-07-20,2c208dabbdb7810417595a26fd7dbf18,2018-05-29
04db86e3493b3724ac4bd3c9a397e23c,ad1e6b608a4dca0dd25bf862939cf3aa,delivered,2017-08-28 12:12:38,2017-08-30 02:15:23,2017-08-31 20:51:24,2017-09-11 19:20:02,2017-09-14,28a1eefd99d5c12b18c9e601df9e811f,2017-08-28
78b60b2b56698f828379188688d16396,41b872cbf76c296cc0f694d75505e22a,delivered,2017-05-26 12:11:09,2017-05-27 06:35:16,2017-05-29 11:51:59,2017-06-05 18:09:56,2017-06-22,05b0ef4db4b270f35b932bd7157fa44c,2017-05-26
b7e36ef3e482d9d0d18460e33a5258a8,894c7fe4f4e9dd2d89483067dac7437a,delivered,2018-01-11 09:38:50,2018-01-11 09:50:30,2018-01-11 18:27:38,2018-01-18 18:49:03,2018-02-05,c4988f70b70e2b398f41a40fb7443c80,2018-01-11
e4fe84926e03b0030e643318464be6a7,ff3c583d80f698805bcda1e3059cb352,delivered,2017-10-02 21:14:34,2017-10-02 21:28:23,2017-10-04 15:34:18,2017-10-10 19:38:47,2017-10-25,c8527d7891e1b7544ee5af8f3cfbbacf,2017-10-02
426a9742b533fc6fed17d1fd6d143d7e,1afc82cd60e303ef09b4ef9837c9505c,delivered,2018-08-03 21:10:16,2018-08-06 14:24:28,2018-08-06 15:01:00,2018-08-08 22:51:57,2018-08-20,edde2314c6c30e864a128ac95d6b2112,2018-08-03
bc872fdadc90fb5e74184afcf627810a,376f23503d92d4b47a304738bb8f7870,delivered,2018-05-18 00:32:13,2018-05-22 07:54:01,2018-05-23 14:11:00,2018-06-09 13:22:15,2018-06-20,83ad84ada96d58cded17e914b6ebf2fb,2018-05-18
3a5fc5a4374b66b42bae2135cfcdf9e2,ab84a87c8967d65aa5109eba12a09761,delivered,2018-06-12 16:41:44,2018-06-12 17:13:25,2018-06-14 07:55:00,2018-06-18 21:18:42,2018-06-29,38b23b2f13c6dadf82201188eb557fcd,2018-06-12
c41fcb90e5c4e310d014634135fb1279,f15502451cc5bdea5784089fec299f8b,delivered,2017-05-10 14:04:15,2017-05-12 02:45:12,2017-05-12 15:19:54,2017-05-23 11:12:35,2017-05-30,1da09dd64e235e7c2f29a4faff33535c,2017-05-10
b9cc09d74b35b6e55620022d806066ec,792c82543cb5319c0747d9c97386863f,delivered,2017-09-02 13:04:14,2017-09-04 17:30:19,2017-09-06 20:56:57,2017-09-13 18:15:56,2017-09-15,edfe00c5381cb662e2a8109bd2184515,2017-09-02
2bcb4add2a785006005bcea7b61559aa,20c1fa8405b1796b15ae7852d73875e3,delivered,2018-03-05 13:06:29,2018-03-05 13:16:02,2018-03-07 17:24:50,2018-03-08 18:28:44,2018-03-29,7527b90f956cbb472f08763de043e694,2018-03-05
d3582fd5ccccd9cb229a63dfb417c86f,a682769c4bc10fc6ef2101337a6c83c9,delivered,2018-08-20 19:14:26,2018-08-20 19:30:05,2018-08-21 15:11:00,2018-08-24 14:08:43,2018-09-04,8d50f5eadf50201ccdcedfb9e2ac8455,2018-08-20
9ecd7832d0c751777b4538c062126bc2,07eaacc0443dccf0e8ff42b5652a2949,delivered,2017-08-19 14:37:52,2017-08-20 14:35:08,2017-08-22 15:08:25,2017-09-04 18:19:30,2017-09-25,d2f2dd210b3dc1fe03676c97f79f8007,2017-08-19
bb6a7f8cd819560d278d618a0673dd4b,17650d8fd018ca863381864aa56161fc,delivered,2017-09-19 10:33:10,2017-09-19 11:04:41,2017-09-21 19:43:23,2017-09-25 17:15:47,2017-10-05,d78abbfd36d8941bce9d71a8256190c3,2017-09-19
e268013ab789100dfe3fbb989adc882e,171eb932f474693b8393a770d6b57040,delivered,2018-05-08 07:41:41,2018-05-08 07:55:13,2018-05-11 14:33:00,2018-05-17 18:56:56,2018-05-23,66c83c31b3b31eea8db3ba23bc903f6c,2018-05-08
d18cf3749b7ca5680afdc5f0eb881f09,29546828335efebca3e173400d8553a7,delivered,2018-05-15 10:21:33,2018-05-15 10:54:38,2018-05-16 10:16:00,2018-05-21 17:57:33,2018-06-04,b8d3127e97ea45f499182f9df1e0a3f8,2018-05-15
a5bb508b158c65e99f596d0e8a2bc08d,e9a2907489fbfbb679d37c262b6f4ca6,delivered,2018-04-04 11:07:21,2018-04-04 11:29:23,2018-04-05 22:13:31,2018-04-11 21:53:24,2018-04-30,91060986f13824956586d632bdd2176f,2018-04-04
dc0e878c900ba40571360f0890a14666,00d97ddbc2cafa83bc2412d11da98d88,delivered,2017-11-25 17:51:37,2017-11-25 17:59:24,2017-11-29 15:41:48,2017-12-06 00:54:44,2017-12-29,10e640a7ba92ae8164a1f2adba8bf44c,2017-11-25
f53fee7428c6bc090f954df111b6e0f0,69898b8f33773019ae266bf85a55c934,delivered,2018-07-26 16:26:25,2018-07-26 16:44:22,2018-07-27 14:03:00,2018-08-06 21:44:38,2018-08-28,ff0c3ce5dfd690ab85352fc85683303b,2018-07-26
16180652c3b2890c8cc7a24b68663fc9,3bfd6087dc6d9b4982748af54b599117,delivered,2018-02-24 07:06:10,2018-02-24 07:15:23,2018-03-01 02:37:30,2018-03-05 21:07:24,2018-03-12,adc4db687c16e09845f414d822e96849,2018-02-24
07ea296aee6d3fc7e722d3d2716448c9,72bda37cce8718fda2c702b1a23d4ac5,delivered,2018-05-01 12:57:12,2018-05-01 13:36:11,2018-05-02 15:44:00,2018-05-03 17:39:36,2018-05-14,7a10cf731559da528ed324c3d6f6d9db,2018-05-01
bb85e4e4097ee2b3d34c22fbed913c42,ffbab84622e367ac800d8e9874fc48ad,delivered,2017-03-02 13:52:03,2017-03-02 20:05:15,2017-03-06 11:44:03,2017-03-07 12:36:17,2017-03-28,32d2549cbf29b9b7d5f8d7d293d121a3,2017-03-02
a77e9a2ec8b11b15d33fcdd305e718d3,8d93e2d1c38fc141ea216ea1be10f710,delivered,2018-06-10 20:29:24,2018-06-10 20:57:48,2018-06-11 12:37:00,2018-06-13 16:03:33,2018-06-29,39a3e310269686400fc9505e610d1b10,2018-06-10
605dd1e8229892fbac9c08a82693f888,6ba7254b16cf6bdbb63b792daa982d91,delivered,2018-01-11 10:14:35,2018-01-12 02:35:44,2018-01-13 01:45:42,2018-02-15 15:56:33,2018-02-09,df275a92340e266588f198c579c08850,2018-01-11
06fef7fd666bfeff415e544f1648a7de,34b940a65cdafb66d26675441dad9284,delivered,2018-01-25 12:13:46,2018-01-26 03:15:58,2018-01-30 23:59:27,2018-02-06 12:41:16,2018-02-20,99309717e900302b84d7170bd44736ca,2018-01-25
6bd5b651ad62255f0f308679544e9916,94c28cf6bbeb2f3ff67300b1d2dc0139,delivered,2018-02-26 11:29:03,2018-02-27 04:31:02,2018-02-27 19:55:32,2018-03-05 22:51:35,2018-03-16,17f9bbf4ef41b173d558bb85451132df,2018-02-26
2363f4be725c1746c141cfe7e8432910,5ced20bad39ba7915376770d8d933233,delivered,2017-01-26 18:33:10,2017-01-26 19:20:05,2017-01-27 15:24:41,2017-02-03 14:54:05,2017-03-08,29cde91fa14abca6b723ec94c18c2a59,2017-01-26
c144b68c70e421786c9b664b23a13210,0f6ae9992fe5367634017e013374aee4,delivered,2018-07-03 12:56:03,2018-07-05 16:10:30,2018-07-06 07:24:00,2018-07-12 16:58:37,2018-07-27,c1bafa3c38991f0773f366084b98bcd7,2018-07-03
687b6310118e5776dd599634c9dc51fc,3d5cd39f5aa33e0077c536f553f3038c,delivered,2018-01-05 16:53:04,2018-01-05 17:08:35,2018-01-08 19:19:24,2018-01-10 17:17:49,2018-01-26,41ab9a0c4c8076e994dafce98ddd0754,2018-01-05
e6c656a21310d32909eab8c157ccb639,f134e43f36bf18609624f3e587b3b328,delivered,2018-08-06 21:19:27,2018-08-06 21:30:30,2018-08-07 14:57:00,2018-08-14 15:42:51,2018-08-20,54982b0c374191195d5f433c7cccae90,2018-08-06
ec6285d8109f6fc29c8238ce52f20b47,3e362ee59665de4aac17202fc12e8788,delivered,2018-06-18 22:14:11,2018-06-18 22:37:10,2018-06-19 15:06:00,2018-06-29 18:41:31,2018-07-20,e2c30420545a29c61584d6006811c1b0,2018-06-18
cbd400c51bb65a5b6b76f0d97a5a3547,bc6490c74448fdfce186eecf8cdbf50f,delivered,2018-03-29 21:39:51,2018-03-29 21:50:12,2018-04-02 21:38:50,2018-04-05 01:03:28,2018-04-11,ed0088247394e3f816215b2e178bee14,2018-03-29
440fd902b617080eeb9463a65ffae07a,e6c637d802f0845af423f47aa090b095,delivered,2018-01-18 00:19:41,2018-01-18 00:31:32,2018-01-25 16:39:01,2018-01-29 17:36:49,2018-02-09,409fffcdaf4d0eb689458f1df6b2c240,2018-01-18
f2e689a11a0a962aa271e7715b516ee2,37eb443380c8aba9174ef0dbe858fbe4,delivered,2018-08-06 20:19:36,2018-08-07 20:15:22,2018-08-08 13:43:00,2018-08-16 16:27:45,2018-08-31,b3879dce6b4a3b94b748b6c9b567695e,2018-08-06
35b6b206735a826adef009d685f69b16,e73f4aab3c918bbce64b1090c5802120,delivered,2018-03-05 19:53:08,2018-03-05 20:40:23,2018-03-09 00:35:23,2018-03-09 17:16:24,2018-03-15,394ac4de8f3acb14253c177f0e15bc58,2018-03-05
c3ec01314640c6dbadbde5530b7f638e,86dc782593e50cf579660472db0c5a30,delivered,2017-06-06 19:49:09,2017-06-06 20:02:24,2017-06-07 12:11:13,2017-06-13 15:26:08,2017-07-03,09ec14d4d1ccf340866b0614ae388a50,2017-06-06
0bece47d86c4c6000ca551001a15669d,cfd291abeecfeb65e06539b6fcf99b92,delivered,2017-10-11 11:04:43,2017-10-12 02:29:07,2017-10-13 18:56:35,2017-10-16 19:13:48,2017-10-24,178393e51b3aa48645d806d72c5ef47a,2017-10-11
a10ef4b2a1227735d11f3a48a5f5f4b5,9f1639a16ffd645e5dfe76a2794c037e,delivered,2018-08-18 09:52:35,2018-08-18 10:09:38,2018-08-21 13:04:00,2018-08-28 15:40:40,2018-09-05,98a999d2745802e76ee3055041359237,2018-08-18
4b011623f156eda7b6bf757d1a1cb78a,869e496dc7136ad068c0742cebe8ac46,delivered,2017-05-11 12:14:05,2017-05-12 02:45:21,2017-05-12 09:21:42,2017-05-15 19:37:29,2017-05-29,2b700e5ebaf263b6563082bca4f93939,2017-05-11
bf1884f9aca840a9b8738d4bef0945b0,d62f9d8739e6373565e73644f442f555,delivered,2018-08-02 12:54:36,2018-08-02 13:30:18,2018-08-03 07:55:00,2018-08-15 00:12:20,2018-08-07,3cfb64438dca81224571761388af351c,2018-08-02
064558d37369c187c5e1e37eb534ba4d,f8df2a75e0b9e1e6d0dcd77fa80010f5,delivered,2018-02-28 17:22:16,2018-03-01 17:15:46,2018-03-02 22:04:17,2018-03-06 21:47:39,2018-03-13,21be42c508a1b41e783537bc42f24b5d,2018-02-28
8e3944fa77034393e3a23b589af8e3ba,6fd3619d8a965e95354f90d106e9c08c,delivered,2017-10-16 23:38:27,2017-10-16 23:49:21,2017-10-19 18:03:33,2017-10-24 22:23:39,2017-11-01,32ec51f58d2fb4935045b694a5685db4,2017-10-16
ea33d2e32db7734d3c36091ea506493d,1d4e1d2283ec54d6b61c685d0f983374,delivered,2017-07-26 15:38:54,2017-07-26 15:50:17,2017-07-27 16:56:53,2017-07-28 18:35:46,2017-08-08,4152b90e8c32c2d1333fa086aa34f58c,2017-07-26
f6a14749cdfa97ee01f2fed27c0c8b3a,93efa40fb4ab15f038238252720a512a,delivered,2018-05-06 11:38:34,2018-05-06 11:50:29,2018-05-09 16:22:00,2018-05-15 23:17:42,2018-05-30,afcd7724e6b3dbf3aaf9d5bca8e7f28c,2018-05-06
8691ef52aa97f8ba6d500780b5897e04,ce24092edd3791e3991bdabf0c09778f,delivered,2018-05-06 17:07:09,2018-05-07 09:13:53,2018-05-09 16:18:00,2018-05-18 10:22:54,2018-05-30,dcdfef6e28d0a7435f0cc0fe0483283a,2018-05-06
8681115ee9073763981721e9e4cadbe3,7e1485fc18aebbfb8dc5ec5008db0066,delivered,2018-02-27 22:02:41,2018-02-28 17:50:34,2018-03-01 20:58:53,2018-04-05 16:09:24,2018-03-19,12be5c21c3dd91c968ba438dec8804e2,2018-02-27
19ad2d72d688eca2dc11bf19bc9ffcf2,de5d252d0ffeb5ded6a1bf99b6f7e443,delivered,2018-02-20 20:41:50,2018-02-20 20:55:52,2018-02-23 17:38:36,2018-03-03 16:04:27,2018-03-16,1790b6f9e4cef7f6fe5dba7ab79b7004,2018-02-20
683eec123803850e3e35c40fb6d5dbf4,74ba954cb6ddb61646da9c8e94fc6477,delivered,2018-06-07 20:28:33,2018-06-08 07:54:32,2018-06-08 15:13:00,2018-06-14 23:29:41,2018-07-05,886f8fb8f2fe9ae95beedd6fe442c30b,2018-06-07
6e39e72b584a0a07924d364bf5f36941,92a3fbd12ae7c87def9b79895282af4d,delivered,2017-12-04 13:49:05,2017-12-04 16:47:39,2017-12-07 13:26:50,2017-12-20 13:42:32,2018-01-02,0c4565a30cb19f2b06041fa8214adb13,2017-12-04
1ca3ed3e554cd5449cf32d2d7df42d1f,18536e4346f9ce92078c3ce96fb0cc79,delivered,2017-05-05 00:49:26,2017-05-06 02:23:03,2017-05-09 07:42:23,2017-05-16 06:07:58,2017-05-26,f7bfb3f05a81ad00c2e86db943c95990,2017-05-05
efc8b173642cd53d1dc2033b47dbe9f8,bbf257c74411e54169f2f91ce1b9aad9,delivered,2017-11-24 21:19:51,2017-11-24 23:59:45,2017-11-27 16:40:10,2017-12-21 21:42:04,2017-12-22,0efae48cb4ba36016622e290fcfc2f9f,2017-11-24
e3aabf962e916c57a335a4731d479c70,11b9d87705e14c4d101622c838fe9bbb,delivered,2017-12-01 13:58:41,2017-12-01 14:12:08,2017-12-02 12:17:35,2017-12-06 19:09:16,2017-12-19,87c9eb971f4cfcbefa08cb27b21bc9a7,2017-12-01
4b4d5464625e478996dffcd761c4b9a2,b8ad74fa0f4c5b9fad84af6809c95105,delivered,2018-01-06 19:32:11,2018-01-06 19:46:37,2018-01-08 18:56:34,2018-01-11 19:38:56,2018-01-31,2dbb34111f2ad2b0e47bbb8ee29a5b6f,2018-01-06
c3c21324197aea2e6d019d16a7cab5ef,b01464130e1c9d4bc0d5d018ccf34b0a,delivered,2017-10-24 18:43:25,2017-10-26 03:09:26,2017-10-26 19:37:08,2017-11-03 21:41:31,2017-11-21,93ffa4cd6ecd9054c9fc6a003bc6ec5b,2017-10-24
0c67c33a0a66f1eb55919fb2e68a7a51,ab4d1e8f94270a845f887b71343b4814,delivered,2018-05-26 13:53:49,2018-05-26 14:18:24,2018-05-28 11:35:00,2018-06-05 16:08:47,2018-06-28,68ee7ee5040a3bd60474b75ea1cb4e43,2018-05-26
cf72398d0690f841271b695bbfda82d2,2b7fff075bda701552485ef3f0810257,delivered,2017-09-01 18:45:33,2017-09-13 22:04:39,2017-09-04 20:12:41,2017-09-11 14:15:02,2017-09-21,0a230b3fdaae7f47c5a5c39a4b73a340,2017-09-01
929d9422d03dbfb02de6876af6d57db9,d6a95b8b8fe7de0ae2610d32d1a43283,delivered,2018-02-09 10:22:15,2018-02-09 10:30:26,2018-02-09 23:13:00,2018-02-15 21:42:12,2018-02-23,7fe0fcca9811d91b838c889188c0b4c3,2018-02-09
572840084761674356f93543109c23c3,187cd3a0a52354dd3570a2957c753db5,delivered,2018-04-02 19:36:18,2018-04-02 19:48:19,2018-04-04 23:16:46,2018-04-05 15:28:50,2018-04-12,e589ee9cf4be0c1e18077ae33e1fa286,2018-04-02
11433594967d07f9ed0b30827fd35385,50373f94972551a5992be3b0c536aef4,delivered,2018-04-20 15:36:47,2018-04-24 17:59:45,2018-04-23 19:12:56,2018-05-04 19:12:47,2018-05-18,931ef01e3a43fa3688aa67a5a5bea802,2018-04-20
e54493dea108e0cb48f3571e1249d418,446f3fb430933df5a26345961abf84a0,delivered,2017-02-07 16:47:27,2017-02-07 17:02:47,2017-02-09 07:25:55,2017-02-13 10:21:41,2017-03-06,09bc7afc3e8d8dccaffd0b16944a91fe,2017-02-07
5f7577cc4d04d08a6edae39a0b96e281,45d806ce5ead27ab0476dba78e3647f2,delivered,2017-08-04 17:14:16,2017-08-05 02:55:36,2017-08-08 13:33:51,2017-08-22 20:00:11,2017-08-29,8ba4a52e218171f602f076d5eaf339c3,2017-08-04
bfda845524638cc2eb3e891b4f2ff603,d87b280bf2fbaf934442f9e05dfbfc94,delivered,2018-08-19 21:20:54,2018-08-20 13:15:34,2018-08-21 13:39:00,2018-08-28 23:54:40,2018-09-13,eeaa1daeb561d66db4c5e9b14cd427aa,2018-08-19
7978aa5d3192f689ad92bcb96ae2fef0,96ea9ef4efcf7c1f253d6203c56d88d2,delivered,2017-10-28 10:10:32,2017-10-28 10:26:16,2017-11-21 06:12:05,2017-12-09 16:09:04,2017-12-12,7ed95317b0006c3104d204efb64848de,2017-10-28
fe52ddd89601a213e982835b2e24e16f,89a9dfe145aa47ad5e572ed886e18ba6,delivered,2018-06-15 12:18:17,2018-06-18 15:56:50,2018-06-20 12:21:00,2018-07-03 20:38:49,2018-07-20,78b6cbee6550f3f9aa87b40d6d6bb7b5,2018-06-15
135cf1fc795c1f5d5bde462f3bc10c40,49728ab3ca97268c16b1bc1205212d04,shipped,2017-06-21 18:27:41,2017-06-21 19:31:56,2017-06-22 14:11:37,,2017-07-12,086128fec7b737d40b44c216e0f104d7,2017-06-21
01c95de6d0852189b4d6b6d32a3c8e0c,12a9f04e1b2cad4b8f510168f31d5663,delivered,2017-08-03 23:13:48,2017-08-04 07:55:11,2017-08-07 12:52:11,2017-08-08 15:49:31,2017-08-16,0f2489905219a85efa84d4e6f873367e,2017-08-03
0a10c45a73c3213a1499c3989973849b,7d8983250c2d0a3ee2e1deeb1bfd9523,delivered,2018-01-15 23:47:57,2018-01-17 03:35:27,2018-01-20 15:34:50,2018-01-23 19:55:53,2018-01-30,bef011642da0e7fe4c7c73a939dd3cd6,2018-01-15
6a9c9e93c5bcd0e6b308ce42094a569f,9a17a2d857d5a38a7a959f5cd1d1d015,delivered,2017-12-21 13:25:14,2017-12-22 13:14:30,2017-12-27 18:04:45,2018-02-06 23:29:00,2018-01-31,616779283ff7922c3aed6b8e18a39c8c,2017-12-21
a27942f622b629d0c6fcc5245689454e,2fee3bd742b24eac0910410fcb57085b,delivered,2018-05-01 20:30:54,2018-05-01 21:25:44,2018-05-02 14:15:00,2018-05-11 20:54:43,2018-06-01,9d42d5ee226121b6dc867197ce0529cc,2018-05-01
77f479e3e239f3478fe743b319837eb5,a96c2c3cfaba640c3c396da506e3d8af,delivered,2018-01-30 10:32:19,2018-02-01 03:11:37,2018-02-02 01:43:55,2018-02-22 20:34:41,2018-03-05,e0ccc70fadc2a30e09211c4b3cfa04ec,2018-01-30
4213713318b5b2f35bb219d5883c7de3,f33a2230f69e1e9b41921c41a56a964d,delivered,2017-12-16 09:01:56,2017-12-16 11:17:31,2017-12-18 19:33:27,2017-12-20 16:17:41,2018-01-05,2697ebd7aa79632e3720ac2c025c82b3,2017-12-16
cba45d3fa18d26bd7c6935fca4449feb,fd0cce75d1fde9e5c4a2fc87380efca2,delivered,2018-08-22 10:49:05,2018-08-22 11:04:38,2018-08-27 15:03:00,2018-08-28 20:43:43,2018-08-28,008b06aba4b5f5b5b94f525ccf520624,2018-08-22
bbe56245f9be98b922ff6c35992ba2da,8d5de156173d208b9016b71852a670c3,delivered,2018-05-03 12:46:51,2018-05-03 13:11:48,2018-05-08 14:43:00,2018-05-11 16:39:59,2018-05-30,d7b96a32d30b16c6e8c5af7087648ef0,2018-05-03
8840abe0158f5b148bae2172f8c24423,2a570033d6f9a2c38036de631298dd83,delivered,2018-07-17 16:08:37,2018-07-17 16:22:02,2018-07-19 13:36:00,2018-07-26 17:08:34,2018-08-02,a44814538b7bb3700fb8fcc150d34972,2018-07-17
a23f4025d60af6199b5eb5631b070e7f,c69a08ef1c07bde2bbcab44dce1bd0b6,delivered,2017-12-07 20:48:38,2017-12-09 16:31:19,2017-12-13 22:10:26,2017-12-22 13:52:15,2018-01-05,336e748851ceb9da362d2d5e0b2f4b85,2017-12-07
07b56b1c06dbdc14a4031c21261a7fec,956a8bb215a81b14bf7cf65d68d3c45a,delivered,2017-04-12 10:59:59,2017-04-12 11:15:15,2017-04-12 11:55:24,2017-04-28 08:13:35,2017-05-11,bcde9c93596b9295f3bd26ec5a6cacbd,2017-04-12
9010d348aa74847c4c49baf5e87c15ce,96d47208c2a4e444d386719140a0754e,delivered,2017-03-24 18:06:31,2017-03-24 18:23:09,2017-03-25 09:32:01,2017-04-04 15:06:13,2017-04-19,41fd008e55103dc513e6e17932756bea,2017-03-24
1f5d62970c5b3cfedc1b2a8d15ffe40d,0cd8afa06f9985eabdce1fc7b25c7de0,shipped,2017-01-25 09:21:45,2017-01-25 09:35:10,2017-01-25 17:10:19,,2017-02-23,90903e514222249170252e90f6b358fa,2017-01-25
4fee0b89c704a8bb6a4431a63025b6da,29a76ce04ca2385854757fd2c16facc7,delivered,2017-11-21 07:34:00,2017-11-21 07:53:32,2017-11-24 23:12:08,2017-12-06 18:18:54,2017-12-08,727fe706d6d39e6f4b4444ace02a3c82,2017-11-21
0f43f4cfe3c1717621349b811d2a85c1,640cb653663933010fbc3afad1e2fca0,delivered,2017-12-05 17:45:33,2017-12-07 03:16:06,2017-12-07 18:49:04,2017-12-11 16:42:25,2017-12-26,a93807b5aeb1d0c0d622c28a09aab231,2017-12-05
62ff6bca8b763c877dbbacc1d0230482,77359c721d0e91869ab2a4d2d963e89a,delivered,2017-06-13 23:51:50,2017-06-14 00:57:31,2017-06-16 06:12:06,2017-06-26 12:16:30,2017-07-19,1289173768f4b7cb44e4f2f7d6eecc77,2017-06-13
045806c8806bca9909e23a1a79cfdd0c,fa7ff73c5d702b41dd2f88e18484a275,delivered,2017-12-10 20:49:32,2017-12-12 20:52:21,2017-12-18 22:18:59,2017-12-27 18:39:04,2018-01-04,acba7cde2891370b58876bceea6049d3,2017-12-10
0081ce648af7d6a7bac2a93b6035d1e3,21fac8ff24f5231ff8f105323fea28a7,delivered,2017-11-08 13:38:11,2017-11-09 05:31:39,2017-11-10 18:28:35,2017-11-22 19:33:00,2017-12-01,83ae47dedb34563d71d7a406f282d2eb,2017-11-08
58911a5b99a60d9f2f64485528c69a84,b9db2ddfd2fb31580adadd54d2589d9d,delivered,2017-05-29 21:30:28,2017-05-29 21:45:09,2017-05-30 10:29:20,2017-06-05 23:43:58,2017-06-21,db7a89f5c70e987db563fe66b950cabf,2017-05-29
9d57c2295efd51a11106d2d8175c676a,09fb0a39eda61227d0a8c0627a01b9e9,delivered,2018-02-25 10:07:24,2018-02-25 10:28:47,2018-02-27 23:34:50,2018-04-10 13:38:30,2018-03-21,17f90e61c7a2989f471041837a075e5c,2018-02-25
847bbf8a16e79d8128e4fc5f7554d919,aa22c58b4ed191ded6f3a6c1661a6a12,delivered,2017-12-05 16:24:20,2017-12-05 16:44:03,2017-12-12 19:55:45,2017-12-27 21:48:05,2018-01-10,ca5bc321875a1163e3536f597be6400f,2017-12-05
482c052df6392e43296eba90754938fc,4aeab499f910ba9d5d5c8ae745546b7e,delivered,2017-03-23 22:45:46,2017-03-25 02:33:46,2017-03-28 12:28:16,2017-04-04 15:10:42,2017-04-12,015557c9912277312b9073947804a7ba,2017-03-23
09519116d7d66f8a0ed5c02048573c7d,7ff8e942a84a6cac114e1ef9c331242f,delivered,2018-04-05 22:47:52,2018-04-05 23:08:46,2018-04-07 01:42:37,2018-04-23 22:44:59,2018-05-10,3e7d8d6bd7100a5c71cdf2572a0b402c,2018-04-05
673242a6057d4287cb24379d405cf5ac,0d7da1d5507a67dbb512b53744e775e9,delivered,2017-07-15 14:31:13,2017-07-15 14:43:29,2017-07-18 20:12:44,2017-07-28 18:32:36,2017-08-10,a5ba329297100ea689fa263768b35b8b,2017-07-15
18c7a26dfefa3c4686770ca98c0819fb,7cd5270ebafd25ed42d608a9b2620eda,delivered,2018-02-01 22:36:16,2018-02-01 22:51:44,2018-02-08 18:09:32,2018-02-21 19:49:10,2018-03-02,2593f479c73b63716f86ae83fb3c018f,2018-02-01
20d442f17678c469edd1e02cd7da5e13,03dd937b72927cac2c5915a1b41fe012,delivered,2017-09-11 09:06:15,2017-09-11 09:24:06,2017-09-11 21:05:45,2017-09-15 20:37:43,2017-09-27,4cd767976e7592a9bd329d555f9d0aa6,2017-09-11
3bb7e15f832b43684ecf3640069145d2,efd8fc506b3614e1912ea2b6a5a50f47,delivered,2018-05-30 20:23:23,2018-05-31 03:36:12,2018-06-01 11:53:00,2018-06-06 19:58:37,2018-07-04,74cc05ee67b445dccb11257db3ab0b45,2018-05-30
46b822b7e203850a10e485ed02abf2bb,2918c7b5c1e83c25f8d09760067a86ed,delivered,2018-08-02 18:09:55,2018-08-02 18:43:50,2018-08-10 15:46:00,2018-08-17 16:18:33,2018-08-21,ff594a9fee63c3b234d6445ff2fb9b87,2018-08-02
d4ca24b86fdfe3b7d4d13f19974a2bce,d2c7c004e3bbc345edc9fea32d4d26c3,shipped,2017-07-11 21:06:53,2017-07-11 21:43:51,2017-07-18 12:42:41,,2017-08-02,a76d42be0acadb2f694a870d5e8c6513,2017-07-11
3f7fd60d67674509240c45196f94cf0f,897e0d6c102b10089d7bb1a0f0b95e4b,delivered,2017-07-05 16:47:04,2017-07-06 16:03:55,2017-07-12 18:43:53,2017-07-13 18:32:38,2017-07-26,8580e52537aee1b485726636a530048d,2017-07-05
beb460eb01804a14aaee60f14c3247b5,f018c56ce8780824e560b3d4ce8486ac,delivered,2017-08-13 23:10:30,2017-08-13 23:25:12,2017-08-15 15:52:32,2017-08-21 21:04:08,2017-09-06,1e0fa0cd18e9433132c10ff7df409dc3,2017-08-13
db0d1ecbd182db92c44e389118dbcbe7,a181d9739990ed390d7d9ab2565f93d1,delivered,2018-05-05 21:59:28,2018-05-08 04:15:41,2018-05-09 14:59:00,2018-05-22 21:52:37,2018-05-30,728b3c765e2caa589411629209a4927f,2018-05-05
9ea091924b1229de50a0ab7dc63a797c,a25efea1e7000292dffe878497337430,delivered,2018-05-16 19:15:55,2018-05-16 19:37:00,2018-05-17 14:02:00,2018-05-18 16:31:37,2018-05-28,411152b263eb7e1944f361b2e1173d1a,2018-05-16
b5a38afc36fef9a2e97d2c96be884aea,117cc0a31fd289de32c16f4dc9bd5c04,delivered,2018-01-16 17:38:43,2018-01-18 02:12:55,2018-01-18 19:07:00,2018-02-02 19:42:17,2018-02-16,a89b1f67d270ffb3c1783a696d90d5e3,2018-01-16
c63edca63dd5dca1b64cdb6576c9de37,9b38e97d68d9f6fb2f77f43e8645ccb1,delivered,2018-05-01 21:22:29,2018-05-03 04:13:07,2018-05-03 13:09:00,2018-05-09 18:21:56,2018-05-30,f4f01c90afb1166a87e9d0b1114d55a4,2018-05-01
dd38e720f0dd8329b600d6395eb9a4df,3dea99f007f9b9a745a354fe201bf0e1,delivered,2018-06-22 11:10:34,2018-06-23 02:20:17,2018-06-25 12:59:00,2018-06-29 15:12:34,2018-07-25,155be55796f02d42350765e7703821f5,2018-06-22
40a9143b2c41f667d625190a5a1bf79d,050ad1d637ed92ecd404ce115736e73a,delivered,2018-08-19 14:51:31,2018-08-20 12:11:23,2018-08-21 14:00:00,2018-08-29 22:52:26,2018-09-04,d39269ea9bc36fd9f8e24950c35d0d1d,2018-08-19
d02bd10feab6b4f3bb9b00496ac5da1b,82259ff3376efc103845f4f1568e910e,delivered,2018-01-02 08:00:03,2018-01-02 08:17:14,2018-01-02 16:03:03,2018-01-04 19:44:45,2018-01-18,ceadfcba8cbdcf9b75c38d2947b22f60,2018-01-02
90c4d2e0d4fb3de2f573adb5140483e2,da537c09c693dc186a48a5fd18b448f8,delivered,2017-11-20 12:48:40,2017-11-20 13:08:20,2017-11-21 13:05:21,2017-11-28 11:44:57,2017-12-15,d120c049f659246d71b67c12170ec27b,2017-11-20
f71c2b6a8ea453e4e3f2d0e7c3691f5a,d9d8edcc72abf5000061a707eb7aac2d,delivered,2018-02-15 14:10:04,2018-02-15 14:27:17,2018-02-23 14:03:45,2018-03-12 17:33:17,2018-03-19,a80f34443b86a67e4cc19e2c484a9c68,2018-02-15
c5bdb2a2ef0973dbacf33ad45e0fd91f,9291e7976c7aa457a9fa441a5ca9d48d,delivered,2018-01-11 15:47:43,2018-01-11 15:57:25,2018-01-17 17:09:06,2018-01-23 19:35:03,2018-02-05,5795ada01417a5a0123580fd756cbf46,2018-01-11
17e20d649f47e02e332aed60d2937038,5bcd10001c0ff75adb138f94243d3883,delivered,2017-06-06 19:37:25,2017-06-07 19:42:06,2017-06-12 11:13:21,2017-06-19 19:06:38,2017-06-27,4042d0f5f5eb09cd4edf6eb701532ada,2017-06-06
dbc3ca1d6537663640e36dc83a097a68,37d273154d2b2213fb174d4ac3ba3afb,delivered,2017-06-01 13:23:40,2017-06-01 13:35:16,2017-06-02 13:41:33,2017-06-08 14:28:54,2017-06-22,4b2c0749955626d86742d9f8f9b099e4,2017-06-01
ce6d150fb29ada17d2082f4847107665,d8acb46c718975948423dbf1b603b959,delivered,2018-01-25 11:17:02,2018-01-27 12:35:38,2018-01-29 18:32:40,2018-02-21 17:38:51,2018-03-08,3629a4b18f2eb69e03f153158e48d2cc,2018-01-25
c91819424b628993175c3629a8b4fdd6,68d0a58b2129554460a7b477ec8735e6,delivered,2017-07-07 16:46:44,2017-07-07 17:03:33,2017-07-12 18:48:01,2017-07-17 20:52:03,2017-07-27,cf32aeb4e8a323e6499a573ac5c90326,2017-07-07
06dc4c865466794eb744032dc81b2c3f,91fa40257e77a974dc662e0012ae90c4,delivered,2017-04-24 00:15:05,2017-04-25 07:56:14,2017-04-27 15:48:11,2017-05-04 16:11:52,2017-05-15,c4b58a6222c0dde3a93d032e15b1443d,2017-04-24
9f721c43752081baa0310ad5660e6033,6ca6a0afbb8df6facef50d4b7e5ee63c,delivered,2017-08-30 09:42:17,2017-08-31 09:50:15,2017-08-31 19:33:51,2017-09-06 21:34:02,2017-09-20,547ac0393388456dd921e71da2e5ce8e,2017-08-30
d7c09edf772a5c105d8ce1aaf0dde8cc,a1cb01f81d6e4aecf00bdd53b74ed3d2,delivered,2018-01-31 15:48:07,2018-01-31 15:55:48,2018-02-01 18:51:14,2018-02-02 19:51:52,2018-02-19,75823c24d934901d38c96aff6c3323c5,2018-01-31
cbe1915d69c3828d0f5ab98b44fb8a99,99f0dabccfd9f65e7e791cb5387b56e9,delivered,2017-06-10 17:21:14,2017-06-10 17:35:07,2017-06-14 16:13:02,2017-06-24 09:37:21,2017-07-05,3e925cab683e40cd568d52fc84aa5a96,2017-06-10
adcd0c83cc5c1885f8dfcf0f9db19481,4a4df909c2ef2c499e5be7d87d6349b6,delivered,2017-12-20 19:10:19,2017-12-20 19:30:26,2017-12-21 22:15:27,2018-01-03 18:13:28,2018-01-15,fed519569d16e690df6f89cb99d4e682,2017-12-20
95549a3370d5fe86da9749cae8d5aa45,591056a6022efa0e68acb35c04aa2c2e,delivered,2018-08-11 18:37:26,2018-08-11 18:50:21,2018-08-13 06:13:00,2018-08-17 13:22:00,2018-08-27,5a04d5472eb5ee998250f0977b31f772,2018-08-11
44d9570957b8244670f565604344b98e,2b139a6842a26c3576fc0f5c940e1617,delivered,2018-07-14 14:55:43,2018-07-14 15:05:13,2018-08-01 13:10:00,2018-08-08 14:40:42,2018-08-13,67c9b382e621d5d8d70ce1b53743fe3b,2018-07-14
4e4d84946730b8c3c319823ff039112c,7af94381749d6b8894bf335e62875505,delivered,2017-11-11 21:54:42,2017-11-14 03:55:37,2017-11-17 18:56:02,2017-11-27 16:43:03,2017-12-04,f14d96dfa25f4bcd845cf7ebb5a13e2a,2017-11-11
41ccd400a8ae7bb976125bc6c3053f77,fb31ed397fa5c984ed2b93ddf8d57701,delivered,2018-06-11 11:16:56,2018-06-11 11:40:10,2018-06-14 10:56:00,2018-07-03 22:08:37,2018-07-11,47b24c190cab6467e3d0256d506e3fe9,2018-06-11
1f87ac3f856bae9e742538bc551bdf5b,2c32dba7a49f14ff6c477b91e8a7fb06,delivered,2017-10-27 12:38:18,2017-10-28 12:50:11,2017-11-10 00:06:49,2017-11-11 12:57:46,2017-11-13,27882b4ede2bb2b11fbd9aaaa970a666,2017-10-27
eb909cbbd3171dfb60b6827c2b431309,8005f7ee9e4e94db8a679ef78edd9b7c,delivered,2018-06-03 18:54:53,2018-06-05 04:15:15,2018-06-05 15:33:00,2018-06-14 22:52:31,2018-07-12,f217007215711c19de0dff00c3fed838,2018-06-03
d74d166d79f774ff367bfa387478155d,caef58b80b4d10cb35a11de8747584cb,delivered,2018-01-16 12:38:53,2018-01-16 12:52:47,2018-01-16 21:59:08,2018-01-19 20:11:51,2018-02-07,36df0b96cc1d26068f84c4220bd0f144,2018-01-16
f9fcece01e53f6127dfe56deebac3329,5fd6b9027602772efd65c36c7caaa790,delivered,2018-06-05 15:29:48,2018-06-05 15:48:55,2018-06-06 15:02:00,2018-06-14 13:47:43,2018-07-26,84d9bb307602635c41895319bf40c8c9,2018-06-05
5f766dfc65eff86be5b3015dbce0e2c6,f018b0b1208c22cf006962995d3caca8,delivered,2018-04-14 18:20:05,2018-04-14 18:31:18,2018-04-17 17:22:01,2018-04-24 01:04:53,2018-05-21,444d46bc5f2697364d4ea1ec0d4f759a,2018-04-14
d31ccf5695e6ca12b39b5b1f2eb7f6a6,de74037ebc271b8781a9b7d703924ac3,delivered,2017-09-06 19:21:53,2017-09-06 20:00:39,2017-09-15 19:16:53,2017-09-26 15:27:48,2017-10-02,354004e1432bff6f9008ce0a5afd732a,2017-09-06
51cd5fcee08447be92f8eb9852235f45,18c3721ff948a8dfe377499f048a7bf5,delivered,2018-03-12 19:24:17,2018-03-12 19:35:38,2018-03-19 14:12:38,2018-03-26 23:18:01,2018-03-28,30d2d6693d77801c2bcdfafbba202462,2018-03-12
594ede9623d6ce9f955be5b0fd0f0baa,ec79f2106aae0f5720cc62400e567cbf,delivered,2018-01-15 14:21:22,2018-01-15 14:30:00,2018-01-17 02:45:02,2018-01-29 19:59:12,2018-01-31,7fdf820b4278c872acf79acb67277d9a,2018-01-15
845ac06e0873e12e221a7f8a5ad06477,0215ccbc95aee7344ac14c2bacf19d12,delivered,2018-03-02 14:42:43,2018-03-02 15:12:15,2018-03-06 17:59:01,2018-04-02 15:48:56,2018-03-23,9113bbc10bbcdc498c65fcc1b81350a1,2018-03-02
7788769c8b180355458e5f838cc88e0e,779374a01158826a2cb8afa40ad327be,delivered,2018-06-05 21:56:09,2018-06-05 22:11:40,2018-06-06 15:28:00,2018-06-11 15:11:58,2018-07-16,aacca54eba0a1ea22814559057be5c57,2018-06-05
f4bfb8dea9ecdb8ecff6f92691e8f45d,cd3cb8b79efc46cb1b80408d83834df1,delivered,2017-11-18 14:53:42,2017-11-18 15:15:25,2017-11-20 20:28:06,2017-11-24 19:36:54,2017-12-11,2d6c161ff6241d897f6070eb08e408cd,2017-11-18
18a8340e8091e1cec53fad4f26e66a4f,b039caf6bb49c12d8794280c0e25cbd7,delivered,2018-08-02 12:07:03,2018-08-02 13:05:15,2018-08-09 12:42:00,2018-08-13 22:44:58,2018-08-14,d61c3e05bfa0ca24295fa04aa6900d1c,2018-08-02
a279303ffd9d8c583d887dbf8f5666b1,cefd7308cec89db955a4f0521d269f54,delivered,2018-02-26 16:30:54,2018-02-27 20:55:57,2018-03-01 19:49:06,2018-04-04 23:34:25,2018-03-23,74ed854a1d507850912cc7bb29c752cb,2018-02-26
20cfab9d640f9a76956b6a8ff459ee78,366b6bad3f0e22ec09924b4ec6217229,delivered,2018-02-01 18:31:00,2018-02-03 02:53:59,2018-02-06 18:38:50,2018-02-14 15:14:01,2018-03-05,a976f7c2d2b94b9282ac9c869c56696f,2018-02-01
ed0edd95111e6009c09c7bfc31be1e26,196a808de4f5e6cb35825efc47342a2c,delivered,2017-08-26 10:58:21,2017-08-26 11:10:19,2017-08-28 20:16:59,2017-09-01 18:47:00,2017-09-14,76584d9ac14619ac8299245387a7af92,2017-08-26
9b60f439beee2ca1fceaefc864222934,51dbae98361245927ba58cec4da1e66b,delivered,2017-08-18 03:25:34,2017-08-18 03:35:17,2017-08-18 19:25:43,2017-08-25 18:05:03,2017-09-08,bc587014ab07d03222179cad9d1d3feb,2017-08-18
64a34bd8faf1ed47e5d3fa8627431a3a,629be91302eb3245f142822c647712e2,delivered,2017-12-13 16:45:26,2017-12-13 16:53:24,2017-12-20 16:39:54,2018-01-04 18:20:29,2018-01-22,e09bd2c289a2ef05607f183162b557e3,2017-12-13
305c64156d718f215d3d7cdc8be8b39c,f5592494798503e1d31c80b43b00a62e,delivered,2018-04-24 10:58:24,2018-04-25 10:55:25,2018-04-26 15:23:00,2018-05-03 20:19:14,2018-05-29,7a4a9aa0d9218320db34205e04d29b03,2018-04-24
3e084693979a8a6e556cf26d97e542fe,5d70f3f064b3f91857f03e8df646cfa5,delivered,2018-02-28 09:01:54,2018-02-28 10:11:28,2018-03-08 22:38:27,2018-03-19 13:42:51,2018-03-20,d445dabd470cea041b01ec988f984b5d,2018-02-28
03a038679f94b33ae1fe8503c4e30203,ee8a924a530d3ed514d505a0d7324a4c,delivered,2017-11-17 19:49:49,2017-11-17 20:50:32,2017-11-20 20:34:30,2017-11-25 13:28:55,2017-12-06,1fe1784458b68427042663c79f9b0b2d,2017-11-17
70498ad5af42884a122355352f008c14,10e212c9f60b48ec641783c64c05b87b,delivered,2017-10-20 14:22:01,2017-10-20 14:35:16,2017-10-20 20:29:29,2017-11-06 21:24:42,2017-11-09,eb5e77818ce6373c00e2a0808d026123,2017-10-20
5b249d0d2a393d918ffae8d9de5dfb4c,15d6c1a012c2cdb6bb4d8e161bf4c855,delivered,2017-09-09 12:49:12,2017-09-09 13:05:09,2017-09-11 19:13:40,2017-09-25 18:52:10,2017-10-11,a04633dd5d636324908826dceb2fc245,2017-09-09
f85fb1941bed505cf25dd03fb4fc27b1,317dc9bbcfc6353ff09d5468ee56c91d,delivered,2018-08-11 19:56:49,2018-08-14 05:35:14,2018-08-21 19:40:00,2018-08-23 20:39:49,2018-08-31,050e851d9dc8fee1217f1a61ef82d095,2018-08-11
50be1d483c83bc791be7bad19a5b2cfe,857a78938d4eadcbc110a9123dea490e,delivered,2017-02-14 10:44:33,2017-02-14 10:55:10,2017-02-14 11:14:22,2017-02-24 04:05:00,2017-03-15,730e4b7ede33b484516435d39ab4dc49,2017-02-14
0fdf3166230480d0c55e5d70a2da40c2,5d0c9457c263e1d0fa562f42e6d92f79,delivered,2018-01-26 18:43:05,2018-01-26 18:52:06,2018-02-01 20:04:08,2018-02-05 19:34:23,2018-03-05,98883b9e1d9d9c46c298c69146db811a,2018-01-26
48bdee388e83753abcdc2bb0c2e99ed0,c86225a2b8ddbcfa34725730f49ecf63,delivered,2018-04-22 21:42:37,2018-04-24 18:40:50,2018-04-24 22:37:28,2018-05-04 14:38:42,2018-05-23,32344f77dd3f118e5cd6c837f0ddacc8,2018-04-22
45494452d88e4597bc50ae8584a54eef,4293a500bd3509394b698c1cee625695,delivered,2018-08-25 15:12:12,2018-08-26 15:10:10,2018-08-27 15:23:00,2018-08-29 22:22:37,2018-09-13,44118bf5d3da9df65fdb0135743ea3de,2018-08-25
d0988bd14ea2e2c69217c3f0fe979c4e,44045468280808494791ffdb0df2d431,delivered,2018-03-04 22:17:47,2018-03-04 22:30:41,2018-03-05 23:35:35,2018-03-14 21:41:42,2018-03-21,096e392ea0faa5e1208eac3bfc4fd2f8,2018-03-04
d1703ba698d30bb04a48f0238c79c066,22b1ad8cd3406eff0192a04e1dc04e03,delivered,2018-01-18 01:14:50,2018-01-18 01:30:49,2018-01-19 01:58:54,2018-02-14 14:38:53,2018-02-15,db46475ce4bc8ad6de19a1912b6c5b9a,2018-01-18
e44dadf7087dc1b6f41e614db2362e05,7fdc2eaa95af7ee23782559451286547,delivered,2017-05-21 11:56:58,2017-05-21 12:15:39,2017-05-24 09:21:16,2017-06-05 16:24:50,2017-06-26,dee80f4fce050819af63a24b02fc345a,2017-05-21
7eebf0a4be5859d04ca7da2ce039c044,0fd46c0cebabebbd5aeac39506cfe54c,delivered,2017-03-08 16:52:50,2017-03-08 16:52:50,2017-03-09 09:12:09,2017-03-21 18:39:02,2017-04-04,2bc0f9b563cf9b6f7b8e01c45e6ff530,2017-03-08
fc8c45d48a8d811ac01a5422e8cd9409,7fe2219b53a36a3ee066dd8fd13f2386,delivered,2018-01-18 18:22:22,2018-01-18 18:33:49,2018-01-19 18:22:13,2018-02-05 17:14:53,2018-02-14,2bdaf516bda8c7e0b805fee18a2de45e,2018-01-18
001e7cf2ad6bef3ade12ebc56ceaf0f3,d1684ed69f8fd574b7c344de923f379a,delivered,2018-05-19 10:29:23,2018-05-19 10:59:50,2018-05-21 14:34:00,2018-06-04 18:08:23,2018-06-05,43860f86362fea12550bfa19ef73015f,2018-05-19
af267dd4b62acc26802a30eef78e7afb,39794e843253693e05251852876efc86,delivered,2018-06-13 11:40:00,2018-06-13 13:01:02,2018-06-13 15:12:00,2018-06-20 15:52:30,2018-07-25,bea66167e036bfe5a0ce09a97a13610a,2018-06-13
cc4575ec6755d4f1d79ddd2f12b80b12,6e2c5c85fc9a79df79ed81223f74509a,delivered,2018-05-07 20:42:38,2018-05-07 20:55:30,2018-05-14 10:35:00,2018-06-02 10:06:23,2018-06-18,d16fd7d8a67338aa38edea24bfab5403,2018-05-07
a6e164bcfe0ced3f1ce18e4c42202820,e0bd331052497cce876b637b6870f40e,delivered,2017-11-01 15:25:12,2017-11-01 16:31:05,2017-11-03 22:10:39,2017-11-09 18:31:39,2017-11-27,e2ce734f0bd635b4b82317b5e5fcd152,2017-11-01
f2d961677bd1056db59d7beb47787e21,9ce4730c10d4cc17b1e32b5aa02ed56a,delivered,2018-08-08 15:30:51,2018-08-08 15:45:11,2018-08-09 11:59:00,2018-08-10 19:21:49,2018-08-16,0740a75b566002a3d0c0f6c984f85d58,2018-08-08
c9bfc156368eb14aae98ebff0ee377da,ec8456833b489a30a289b163c2b296c7,delivered,2018-05-20 19:05:48,2018-05-22 08:16:14,2018-05-24 07:06:00,2018-06-05 19:38:47,2018-06-08,6a10b7f6208fd4c895ab217865113634,2018-05-20
c124b224a2727ecb4e7c9a378a936d0d,257014a0267d8925a6084a6663ed056f,delivered,2018-08-03 15:43:19,2018-08-03 16:04:13,2018-08-07 08:43:00,2018-08-15 22:52:57,2018-08-29,07fe5a844afcc262e5ab1ffa38946f23,2018-08-03
e90eebea41d76d0c1dbc1253391ca5d3,99b3b3709b00a7b817833b1be4ff0729,delivered,2018-03-27 16:41:35,2018-03-27 16:55:20,2018-03-28 17:36:37,2018-03-31 17:44:27,2018-04-13,32fc029baa8e79b663c095e94a0fd716,2018-03-27
331d7364022bbc3e86770568b39e7683,48c7a67e456b520e7f307887187458f4,delivered,2017-06-11 10:32:14,2017-06-11 10:42:38,2017-06-14 14:14:30,2017-06-26 15:57:30,2017-07-05,f317f2dcf6f62c74d4e82246b8de2979,2017-06-11
a4d9bb727014ddee359b4bdd5c9791e7,aed96da3ee455d1f6663d8eb27989887,delivered,2018-03-08 10:47:40,2018-03-09 02:31:29,2018-03-09 17:11:32,2018-03-20 17:03:29,2018-03-27,2d23cca655714b88208137980cb8a527,2018-03-08
ce7c7e5c6b73492e11c8155ed626416d,be42f75f109a91a62d487847c82d7eaa,delivered,2018-05-17 14:22:23,2018-05-18 00:37:32,2018-05-18 13:59:00,2018-06-06 12:55:12,2018-06-08,bb64a59eadc044eef240a4f8b988282e,2018-05-17
a3870b955884ebd4ac62ddb02b2ff255,d1aeaf4af6e5fba532e16458013a1b56,shipped,2018-06-26 15:19:32,2018-06-26 15:36:26,2018-06-27 11:05:00,,2018-07-24,3d52e015c275261a0cc442f8957bd2ac,2018-06-26
d2ce3fa6247aeec43a75906e36600045,abd7ad911ae4873b985373889e5ba60a,delivered,2018-02-28 22:21:37,2018-02-28 22:30:45,2018-03-01 18:57:19,2018-03-09 23:56:54,2018-03-22,2c15fb58a547b90fd8b6a3588e79cb01,2018-02-28
7f81d8bccb5531846cd177fd590ab260,312ec22f9f8df7a4d0d911a806e2357a,delivered,2018-07-11 19:46:18,2018-07-13 15:25:23,2018-07-23 15:07:00,2018-07-24 14:58:57,2018-07-27,35959524cab90aa984ed033080d984a0,2018-07-11
6990a3eca014dfc85d026ccb49b4a9da,77966b1f338d75236f8405b71cacfa36,delivered,2017-05-22 11:08:57,2017-05-24 03:10:25,2017-05-24 10:45:00,2017-06-06 17:28:51,2017-06-13,e190a0e6d60fe0c069d55c6d568582e2,2017-05-22
9b3c2b8781519d1fe7fe363c5a0e573f,7b6b52357ea318f79f31e816bb6a98e9,delivered,2018-02-05 09:24:21,2018-02-05 09:35:29,2018-02-05 22:44:57,2018-02-21 20:25:58,2018-03-01,9edac7d8bdeeaa1858ad6d6d34bbd252,2018-02-05
1ea9b7f6873a48576305dc42fae0e3da,b8c0da58ebf21a0ab35a3df2033adbcf,delivered,2017-05-22 12:27:46,2017-05-22 13:10:14,2017-05-23 05:55:38,2017-05-25 18:39:25,2017-06-02,8ac4ecbdab8d119d46ccff5adaf3db15,2017-05-22
2fb37826cdb8f506242e4dabb544e516,0cbe168a97e6c609efc3b68817fcc92f,delivered,2018-05-23 20:01:45,2018-05-24 17:36:41,2018-05-29 10:32:00,2018-06-04 22:38:32,2018-06-29,076631f9ad2719c4fde47d451ce18104,2018-05-23
56b50d57e6b735968a48a170b8364893,b0964d76975dbc174b623b5a300973d5,delivered,2017-02-08 16:06:47,2017-02-09 02:55:45,2017-02-09 10:52:15,2017-02-21 17:08:42,2017-03-09,24a5c2b24a4467c37e2f54c1b311de93,2017-02-08
0675116b5556a78cf0413f70aa9f235e,9e2d9c6000d88cd4b51ab4dc2bc58ef9,delivered,2017-01-19 15:21:44,2017-01-19 15:30:17,2017-01-23 11:06:32,2017-01-26 16:52:29,2017-03-01,2d7a88002fb4c6073fbef4f59707a0e0,2017-01-19
0cabc61e5deb17c32904e1b512204efd,13a094bf5c41e311945e058c7a2d8ef8,delivered,2017-07-02 12:01:17,2017-07-02 12:15:11,2017-07-04 15:32:43,2017-07-12 17:33:25,2017-07-25,cdd9ac43ed28dd47c08641f1040ce277,2017-07-02
93e66102f38a99ee0f9f24af6d0ce1d8,2decf78a79d783fb2baaede413ff35ab,delivered,2017-07-19 17:46:36,2017-07-19 18:03:30,2017-07-26 10:27:49,2017-08-04 15:29:16,2017-08-18,729a8e5e518f1221401092b5959e42c1,2017-07-19
1e9c5ca232e1cdb290cb11b20d668c50,01980baf1c23e7437caf43ce20455d0d,shipped,2018-03-07 08:44:41,2018-03-07 08:55:48,2018-03-07 20:59:00,,2018-05-02,05dc31852040e5e6837f220db434be1c,2018-03-07
3180196d4f287c726e7ba95da8f56ebe,29094bc1b31756d584d3c3bb60e5db45,delivered,2017-09-05 21:30:59,2017-09-05 21:45:23,2017-09-06 20:48:31,2017-09-11 17:50:05,2017-09-22,561c3fe241a86774f0764fd533bbf102,2017-09-05
30c47a84e4f1b12042a90134ab4640ad,240c1930c9d4769e7c3f8560e3d30bd1,delivered,2017-10-09 14:35:36,2017-10-09 14:47:27,2017-10-10 16:50:14,2017-10-17 14:49:01,2017-10-27,22d296a5c91c1d3c2404b47e64168707,2017-10-09
8db9d36f54086daa6e0757d6806cca07,38188778b0e63530364a79357c9703d6,delivered,2018-08-09 23:21:52,2018-08-09 23:35:11,2018-08-14 16:56:00,2018-08-22 16:24:25,2018-08-23,462ff63205c9198d9f958dc16618405e,2018-08-09
d77c5cb217e302146127b857e56ee27e,4de333800b45cf46559cc1966187a9d8,delivered,2017-04-09 13:59:57,2017-04-11 03:45:27,2017-04-12 10:26:04,2017-05-04 13:28:09,2017-05-23,977a4ca2757670e68620023f36453157,2017-04-09
9936b936a209fc553fd0d3790ea06978,8d4de376aaa31c5bb9a6c342708def1f,delivered,2018-08-05 14:20:40,2018-08-05 14:35:18,2018-08-09 07:20:00,2018-08-15 17:52:48,2018-08-21,2b4da640a7f35b9bb36d6f2ee4b28741,2018-08-05
a6d23aa5f1190c09129345b363de8e37,987195b161f45601493edb92ba2c831e,delivered,2018-04-10 17:34:43,2018-04-10 17:51:59,2018-04-11 22:38:43,2018-05-04 19:52:04,2018-05-16,9a48fa252a27ed1ab9811959168e8e21,2018-04-10
824f7b83ad5c2c56384f4e6e8a8f2750,524ceccdf42a368fa7f770ebb76b902b,delivered,2017-11-10 09:49:49,2017-11-11 03:10:33,2017-11-14 22:06:03,2017-11-16 19:28:53,2017-11-24,77f76d4dc64277925fe3a7f74c2fc620,2017-11-10
4afc8ef1eb3b8f88a3b495823546ee02,30066327c824070883a9f955c6370033,delivered,2017-05-17 12:24:04,2017-05-19 02:24:19,2017-05-19 10:44:55,2017-05-24 08:41:30,2017-06-06,2c7e4fe72cb7e29f8aa921ed7e9e9ba8,2017-05-17
b7ef6e87085339d9ef7be05148b8ea74,1e09987320988d8b3261d401a5d2c2f8,delivered,2017-12-04 20:17:01,2017-12-04 20:35:11,2017-12-07 12:42:09,2017-12-09 15:28:27,2018-01-16,cd78998a823aed40ab25f6044aad6ed4,2017-12-04
c6d1a5c57fad5bad0bbd84e39faa1d3d,7f1ade3c78f6fa7c27d75391359d5c39,delivered,2018-02-06 18:19:58,2018-02-08 07:55:33,2018-02-09 22:13:03,2018-02-17 11:23:31,2018-03-02,0384a3228ed57a731fc7eeae852a1a06,2018-02-06
7fe6658f268e76d4af99ffc4e5d47541,188ce20a1f8d94228fb9aef6c25aad13,delivered,2018-04-13 21:50:49,2018-04-13 22:12:33,2018-04-16 17:23:35,2018-04-18 17:03:18,2018-05-07,4fb7c05360acede8b9bf7df3002dfdf9,2018-04-13
450c4a4d9a4f339a59165241cfe113db,5d990cc9859982a2e6fd7e0da5c1134e,delivered,2018-07-09 11:39:27,2018-07-09 11:50:13,2018-07-10 14:35:00,2018-07-11 21:25:42,2018-07-20,8577f5582f31bdbab3e731c06d84d5fb,2018-07-09
483ad8e78dc16136316aded1f0602031,578caaf393f2b39426846f3b87066cb6,delivered,2018-01-22 21:16:20,2018-01-23 03:36:49,2018-02-19 15:24:50,2018-02-21 00:47:48,2018-02-23,65942a39d31e4aa627f0f65e0298ba2f,2018-01-22
fd6271b5137f0a12cac31ef41cbef0a2,85968af43705828acf7ef9fc0a61d1b3,delivered,2018-01-31 11:33:30,2018-01-31 14:23:51,2018-02-03 00:38:29,2018-02-09 17:49:54,2018-03-08,2b1ff9585b05c73232a93e5440697094,2018-01-31
17aafa6538c13ff8fc19c1a54fefedf1,4d588fa9f415b28b57f7792812542da6,delivered,2018-06-07 15:59:31,2018-06-09 03:13:31,2018-06-19 15:12:00,2018-06-21 18:36:39,2018-06-18,aaff6c421ec4f859d446b009e7c11131,2018-06-07
ade94781f2b769ed36a08beb7085c82e,b7c96a69834d24b05005de5827a81246,delivered,2017-04-08 21:27:58,2017-04-08 21:42:24,2017-04-10 14:59:45,2017-04-20 11:11:13,2017-05-15,f3d002fe898397efb10f18f278c2a962,2017-04-08
055e4873984d5da3b7d65dc86a3c4149,f4ba748d8b07e14ec640572f6f368e47,delivered,2017-11-20 12:47:41,2017-11-22 02:46:55,2017-11-23 18:22:58,2017-12-02 00:29:13,2017-12-11,e67ffb93f00c3c5ceddaad4c0dbb1f0f,2017-11-20
acfa87544c19d596707d25cf2f7dab61,d5feeb223000c4c6dfdb7219b681e1d4,canceled,2018-08-17 00:55:54,2018-08-18 00:50:11,,,2018-08-22,e50ea15dcac31a9d71774941d06ca5da,2018-08-17
231f7e18395c045198f74f63e3cad304,08e4aec0cb39467c0d89548c9e44e28b,delivered,2017-06-30 11:03:46,2017-07-04 04:45:10,2017-07-05 09:55:36,2017-07-06 15:53:32,2017-07-17,ec5cb2f49e18391a52f4cd8bcdf4a5de,2017-06-30
7570e5e9db9baf79a9d7d6df7bfbda19,11421a5d8282871dea01884e642d35fe,delivered,2017-11-28 14:42:38,2017-11-28 15:06:56,2017-11-30 00:16:49,2017-12-06 23:28:43,2017-12-21,4ba28eef8edfe9aba480e37b23270b92,2017-11-28
161bd443fa0e2430261331e72cd6e166,b6a3374282d47f94690d08d2bd8a8b29,delivered,2018-03-16 14:40:05,2018-03-16 14:55:22,2018-03-19 16:41:42,2018-03-20 17:37:01,2018-03-28,77e9827ff47472170586ac915d81ad7e,2018-03-16
e95da0c5222e85d118b3d1d3c7dba675,aea4269cb4936c3d89d77ca8407c2635,delivered,2017-11-06 07:59:11,2017-11-08 03:55:31,2017-11-08 15:57:39,2017-11-16 23:06:55,2017-11-28,048dbdf8f9bbd1be87b25868d1408311,2017-11-06
151a3f0bc95fa85152c33fb906012832,7c911ec6b24c9a7080141f46e130a885,delivered,2017-11-29 12:33:35,2017-11-29 12:42:46,2017-11-29 21:37:50,2017-12-26 22:23:41,2017-12-22,10be7de7f132105263728f75a7f87327,2017-11-29
0487b902149eab8ec30e844142ee3e3a,817bf570282659feeeea95bd68a6ce1d,delivered,2017-11-13 18:09:53,2017-11-13 18:30:41,2017-11-14 16:49:01,2017-11-17 18:12:35,2017-11-28,5a320cebe0fb0785ff2a0eb7b0c02cbe,2017-11-13
f41b9d67732ba2f147a193ec9d38fd69,9c04d2b53c321f9cdcc997ac84a7f7d9,delivered,2018-03-09 14:53:56,2018-03-09 15:10:49,2018-03-12 14:45:22,2018-03-14 17:21:03,2018-03-21,79f7829d8c2ff219754dd59adb5a2096,2018-03-09
6cac054c444c98466bfa9af759df2f8a,8e1897b5129168a9f7c4ea4d3cc5f4ea,delivered,2018-07-03 09:49:30,2018-07-05 16:13:01,2018-07-05 12:26:00,2018-07-10 19:34:17,2018-08-01,70795e0a9e486fedb068bab7136371f7,2018-07-03
617feb6ceb857d95ee0250e05f43e70e,6429359a6ecee86690028cf416a3b789,delivered,2017-07-17 21:36:30,2017-07-17 21:50:11,2017-07-20 17:09:26,2017-07-28 15:49:36,2017-08-14,cb8bdaab9765fe7a973af8e44c0e0111,2017-07-17
05d4aa8f649013fe68b769fa43ba7646,aea3aff1832af58932ad32617b3333fa,delivered,2017-10-28 19:50:19,2017-10-31 04:06:39,2017-11-03 16:53:08,2017-11-04 13:22:17,2017-11-10,5e2ff86f0ffe206bc6d9cc4776051915,2017-10-28
abf477397730e4da1404a016e901f543,c660c3abf6e4e1ad138d2118b7e442a0,delivered,2017-09-20 22:05:03,2017-09-20 22:15:20,2017-09-22 19:08:48,2017-09-29 19:59:47,2017-10-23,22bb83338a60abd1ad822a4574e71319,2017-09-20
6c32bbf8f06e00eccc363629a0ec6383,83375fbd35401ea072dae5c4840878c7,delivered,2018-06-12 10:01:16,2018-06-12 10:21:23,2018-06-15 14:52:00,2018-06-18 19:26:22,2018-06-26,5f1b4854fe8ae511e3ab315b42654413,2018-06-12
de5c6352db0b15363de90c22e79d322c,a85e53d95fcc45c8f0c1c8cc3e3995fd,delivered,2018-02-04 17:38:12,2018-02-04 17:50:26,2018-02-06 02:56:50,2018-02-06 17:04:29,2018-02-21,9448bf54ca4a047cb99b0dee1a9bfa25,2018-02-04
6181e544115300a8f280b66fb5867454,cf55b6d59f4f02472ed800305c7396d5,delivered,2017-10-01 15:13:39,2017-10-01 15:21:22,2017-10-04 19:36:43,2017-10-16 16:12:26,2017-10-31,42fb2e9f7ed5a626f30bf47b1301d07f,2017-10-01
c465c2b9e4a0112eb7f91383d2386390,a80e463f3d9852c7d74474ef9f1ded02,delivered,2017-12-27 16:13:33,2017-12-28 02:37:30,2018-01-03 21:19:20,2018-01-06 13:05:26,2018-01-22,89bde7528daf1d2ca07cba7366a3eab8,2017-12-27
016e4acfc34b9f2abc69795f47c92f0e,ab53dab22635ae74adb0baa0689afcc0,delivered,2017-09-15 13:53:55,2017-09-15 14:10:19,2017-09-15 20:02:46,2017-09-18 21:40:44,2017-09-27,a6d070c5bb1625afedbac4c019de0176,2017-09-15
fa4ab8250c20f75f121f9ebbfd0a915a,a1d87ae5a106ad3b35345b50f226cc8c,delivered,2017-05-24 18:20:47,2017-05-24 18:30:12,2017-05-25 09:44:39,2017-05-30 11:34:38,2017-06-16,47df3391ba10bd28c75e2e0bc53b5dfd,2017-05-24
4fa82fd6944531bec3422230e90cffc1,8d21ab372ced814e6463f1bdd60f4df3,delivered,2017-10-17 15:44:37,2017-10-17 15:56:45,2017-10-18 18:38:55,2017-10-25 19:27:35,2017-11-08,086c23cd71cfaf4b2e41b18dd4f088c3,2017-10-17
b168d329f34145f3b1bd2d09ba74f0a5,36ad893b6f3eda60c48afadbdff160d1,delivered,2017-12-08 13:01:50,2017-12-08 13:14:27,2017-12-12 21:03:31,2018-01-19 02:28:22,2018-01-04,2a6d464f307f26f32873ba9f9209a96d,2017-12-08
f740a7d1b9dc7f4a02d2c008c913206f,6dc92136a3eb6dfa6434a9cb9c74fa1c,delivered,2017-05-29 09:08:56,2017-05-29 09:22:30,2017-05-29 19:32:30,2017-06-02 13:41:47,2017-06-09,da7e76aa5e9819fda4a0d490861b2b0d,2017-05-29
4a08e5f6aea1c1f9b89d50c87a5f3d7a,f7a749df526f395b70ca5590213ef24f,delivered,2018-03-31 23:09:23,2018-04-01 23:08:48,2018-04-02 17:48:54,2018-04-09 20:22:37,2018-04-18,b48c870ee4482144b6ec4c2f90287637,2018-03-31
9e68e57b1d59b0b5e5f9c13701af153e,4c60ef474c1e9386bed37dc70cbb16c5,delivered,2018-06-14 00:01:24,2018-06-14 00:32:18,2018-06-14 12:47:00,2018-06-15 17:28:55,2018-06-26,73d08d1ca3865838f82af1d5c64e5c64,2018-06-14
4c7913ea20ceb4b0a837e48b8b29c4fe,fe7be3b080abb72b8a95935637da7aae,delivered,2018-01-20 23:30:17,2018-01-20 23:42:29,2018-01-23 17:38:51,2018-01-31 16:17:13,2018-02-06,d6a16f2bd18f8ce697476a3af01a75f4,2018-01-20
b88655bfa5742903fa6b2162ee31ac87,2f74c0a1dd83ec75169070143a2f34fd,delivered,2018-05-10 00:39:06,2018-05-10 00:57:15,2018-05-11 14:38:00,2018-05-14 20:26:47,2018-05-21,23a3e4f1c5d099157b3e3f7551f671b6,2018-05-10
a493ec96759efcf6c10e27b823f9f2c0,6d7ef6a9a812304e55d098a95c33ab66,delivered,2018-05-14 09:14:33,2018-05-15 05:14:48,2018-05-16 14:01:00,2018-06-01 19:37:33,2018-05-29,b23300d8a38e47cd4f2d402c06879337,2018-05-14
05e168bd339a82dc2739b847d4ca99f8,b069a3c6dd74a018f34884bbcd0cf0e2,delivered,2017-09-17 22:44:35,2017-09-17 23:20:51,2017-09-19 22:04:02,2017-09-26 19:48:53,2017-10-09,cbc73c75d15c7292a3defd556c710b2a,2017-09-17
2776f1ccb5f02e632cfad6beddf14af8,be406ce36b2efbc9236b45307af60349,delivered,2018-04-05 08:17:07,2018-04-05 08:30:19,2018-04-07 01:16:31,2018-04-10 00:28:40,2018-04-23,37604742d757533a699692a6e1d1e45e,2018-04-05
93c16dd65eef73dbb7c6286bbacdb734,781d3eea2e1510a0ff9e137878ab178e,delivered,2018-07-28 19:11:28,2018-07-28 19:27:16,2018-07-31 09:20:00,2018-08-01 13:30:55,2018-08-06,79e202e98dce01ba48c18f48d22cf789,2018-07-28
92258ef4b52681cb4b474bc1ed6cd9ed,94d10d7e314f6e8440d7dea79a838106,delivered,2018-03-28 11:33:57,2018-03-28 11:50:19,2018-03-29 23:33:08,2018-04-04 17:37:02,2018-04-19,f6c37206060bfabf8380340ef3ba80cf,2018-03-28
b57278e94a17f53f5a91bb0aab49c397,8c812604bb36f468870e6b5c50d70531,delivered,2017-02-20 21:56:46,2017-02-22 03:05:08,2017-02-24 07:12:45,2017-04-20 12:08:20,2017-04-04,122cc1d03e2d44b142fd5a849bbd3ade,2017-02-20
11a796cad7c6b05637304fc15b8cb488,25b3d4b49c71c69c6066da8886cdb3b2,delivered,2017-10-07 14:34:55,2017-10-07 14:49:19,2017-10-10 22:13:59,2017-10-20 15:53:52,2017-11-01,3bad4ba2bedea9e052bb61ea73fc9f85,2017-10-07
d0b8fae6095efc549a71c97c8c6f4f73,453d9d279e4b526a5cc3b7520a883dab,delivered,2017-07-08 13:19:35,2017-07-08 13:30:17,2017-07-13 19:52:47,2017-07-18 19:58:39,2017-07-28,269efe3d194246cc657a359d08a64822,2017-07-08
5fcbedfee2eec6f8ecdcac610148b4c3,5a9c6e20ad0f70fe45ae3bfe4cd8463b,delivered,2018-03-13 20:20:25,2018-03-13 20:35:24,2018-03-14 22:11:20,2018-03-20 13:37:03,2018-03-23,d1d123410c240b9ab053ce79b566b6c8,2018-03-13
d4de6d0debe2df72c4ccf399d9a7acaf,a1e5248dbcbe64e29f9c09f723033a36,delivered,2017-03-06 09:08:46,2017-03-07 03:35:12,2017-03-07 08:46:01,2017-03-16 18:45:46,2017-03-31,2f6798325e3b704a39dc30b96f91d162,2017-03-06
ad98bfae2e5e9bad9d1010a3459712be,51be975a0c75d5215c87ab06d71faf21,delivered,2018-01-04 00:24:13,2018-01-04 01:32:43,2018-01-05 12:51:31,2018-01-16 23:04:43,2018-02-06,0469bf6f9c40cb4df54d469bf561fedc,2018-01-04
7596db1ba623b5cb1727772fc9bf8440,24b9b2ff23507a5805f354781ff2a847,delivered,2017-11-16 18:16:55,2017-11-16 18:35:39,2017-11-17 20:42:46,2017-11-22 14:36:25,2017-12-06,2ddc001b620bd90d0f4378cfde1db887,2017-11-16
e512a1c0f56b158f913abc3cd64933d4,eee90f0c715e40bfb67ac537e8f192c5,delivered,2018-03-03 09:01:00,2018-03-03 09:10:29,2018-03-06 00:04:16,2018-03-19 20:46:49,2018-04-02,5f0dcfc03cb8320f2c96ca4f659b0be8,2018-03-03
b1cc044d321053348a5e482ca7e6b2e3,d3286ca43aa21423c6045b2806ca8e56,delivered,2018-01-30 19:29:01,2018-01-30 19:54:04,2018-02-09 13:08:10,2018-03-16 01:41:08,2018-03-20,acd02fc85cf6339f896c161af2b6abcd,2018-01-30
a5af18a4ca6fc19e882cc17b9a2a16db,bbc113e812188b9b803c293663389abb,delivered,2017-08-27 17:42:22,2017-08-29 05:33:08,2017-08-29 21:48:03,2017-09-04 20:26:44,2017-10-06,1c82dfc7549ad7d753bb04c607084357,2017-08-27
bbf99c13cca74b92b287695076073f09,4ba3acc57d02d5cf8b6a71c289dd06de,delivered,2018-06-19 23:30:03,2018-06-21 03:38:54,2018-06-21 13:30:00,2018-06-22 17:56:38,2018-06-29,b7737cd1c12adf6a0bc2de497ce2935d,2018-06-19
79c697a71c6bfb37a4c83d238e695404,d02dd1853ff4c18315adcae9b9340446,delivered,2018-06-15 19:19:38,2018-06-15 19:42:29,2018-06-18 09:49:00,2018-06-22 21:21:55,2018-07-16,0ce644689fdc73cce9bd5a911f4a53a0,2018-06-15
0d536196878234ebc112ee9c2cd160fd,f1322b65eb1a2b3aafb6a961d920ef60,delivered,2018-07-18 20:53:31,2018-07-18 21:05:16,2018-07-19 13:12:00,2018-07-25 13:42:30,2018-08-06,ea5ad2fd8dfea48d273ed83f71d0df87,2018-07-18
6c6f90f3d428175f9e09d7f0d4ac4ed5,eebb0de05cd24925e099c9105e231280,delivered,2018-02-06 13:05:21,2018-02-06 13:15:39,2018-02-07 21:51:28,2018-02-09 19:13:04,2018-02-22,b6c55254112a965e3a2f5503bc56a48a,2018-02-06
a4890942006fbfab611850fe91fdcc43,4c857e8864a58b8a028f78637fc7f0ce,delivered,2018-04-18 01:48:47,2018-04-18 02:11:23,2018-04-19 18:09:32,2018-04-30 22:07:54,2018-05-15,e5b5b28edeef592fa19f83aa6f04489b,2018-04-18
3138d38716dc5218c15ef572927fa93e,08df78f80a35d0c06744bf5cb0c1402d,delivered,2017-10-26 16:03:37,2017-10-26 16:31:10,2017-10-27 20:17:05,2017-11-08 23:19:05,2017-11-23,88c2ff8b4cb4b57614e6f920f5072535,2017-10-26
cf0ace73210bae94d34fa3df6476e623,c732fe6581f798f69ed4f58a24ea3e24,delivered,2017-06-06 13:07:28,2017-06-06 13:43:06,2017-06-07 11:34:51,2017-06-19 17:16:20,2017-06-29,e79361a096b39abecd62b325281bff20,2017-06-06
f46fb218fda36639dc39aa3025679a2b,4f1499a33d2d5ae89e66928df783e7ae,delivered,2018-05-28 20:40:23,2018-05-28 20:50:41,2018-05-29 14:11:00,2018-06-01 19:42:29,2018-06-29,dfd8a29cc303236ba280dda15e9077f9,2018-05-28
52b1bc87daf8d1e471663a4715f59310,00d59ed5b36bbeac2deb4e7256a39fb4,delivered,2018-07-05 19:08:35,2018-07-07 04:48:31,2018-07-10 13:33:00,2018-07-13 20:08:41,2018-07-30,e85c47169878ba316206d340b2ba2e22,2018-07-05
c01386219d1d09bb78eab2fc5347a149,83617c8843d329aa9e284869b0cb1926,delivered,2017-03-31 14:54:12,2017-03-31 15:05:10,2017-04-03 14:35:47,2017-04-19 16:08:36,2017-05-15,f28e57ccfa94a285a9ef69407f0df444,2017-03-31
b0e3741786fa0967a1df53f4f0565013,290f50187878d65a9f8bb34374afc31c,delivered,2017-11-25 03:47:40,2017-11-25 04:54:52,2017-11-27 16:37:59,2017-12-07 20:25:36,2017-12-29,2ae691bb52b8c745d507855682a2b98b,2017-11-25
45c435e0e0b054549e2a9237da43853a,7a1aa3b46000539bded75c131c2a27c7,delivered,2017-08-03 11:25:32,2017-08-04 02:23:58,2017-08-04 19:42:52,2017-08-09 18:07:21,2017-08-23,8171070e394e383aa9e30a6caf827294,2017-08-03
f1db3b4ae1a3252075e1bcb338303e7f,53313245c173ce9077b0d33472014ccc,delivered,2018-01-22 17:05:18,2018-01-23 03:36:55,2018-02-19 17:36:35,2018-02-23 22:58:35,2018-02-14,53965f43b1f9fe05ba19b68617df215e,2018-01-22
c0834ece62641e0d8cf5da3a070f4195,0c89a9e6294064d33266e47d26e79f15,delivered,2018-05-21 08:53:05,2018-05-21 09:10:38,2018-05-22 09:40:00,2018-05-23 15:28:30,2018-05-29,a183c677676c01f0b06ed8a8ebdb1ac9,2018-05-21
6d9e993faed56b20fe3f762fd8bbf24f,e9ed9b2bcc5b3985d138e87418f5de3f,shipped,2018-05-14 10:20:53,2018-05-14 18:15:08,2018-05-15 12:00:00,,2018-06-05,e9070d590d0def571e12b7ab2563e380,2018-05-14
05d30aafa32e3fedf6eafb2e75648eec,2142bf7ae61478494829dbaa1694eba2,delivered,2017-04-27 10:17:51,2017-04-27 10:30:10,2017-04-28 10:39:18,2017-05-08 08:23:55,2017-05-29,6681ad9a826614b39ecc67e175aa2575,2017-04-27
9821d27850f7b55f02538c472eaa79f1,a33404f8a18d725b2add46f136119952,delivered,2018-01-28 14:56:13,2018-01-28 15:21:17,2018-01-29 17:09:39,2018-01-30 14:54:08,2018-02-14,fe0de34bc88412db66c817bd3e3c8d60,2018-01-28
1777854e00599d581f88f45af1432949,dec9197cddc4a996a3eb89c1d5df30a0,delivered,2018-03-03 15:43:21,2018-03-04 15:48:15,2018-03-05 21:24:26,2018-04-30 18:51:20,2018-03-28,7d7fe01baffff86c1d2278105110f6f9,2018-03-03
c306c87c6c9e528a77e95eae0ea575bf,b106252b35efc5f02b390bc3f6ff5433,delivered,2018-08-04 16:48:31,2018-08-07 04:35:14,2018-08-08 14:53:00,2018-08-13 14:12:09,2018-08-15,e02e585b8b424bcdbf55e356e7eaeb91,2018-08-04
5f98eca70415773e1187c9309b38acda,028ec50772515edd2a7c7e6f212cc27f,delivered,2018-08-06 22:12:52,2018-08-07 22:10:22,2018-08-09 19:30:00,2018-08-14 17:56:59,2018-08-31,58386f30fd7958103a4a30bb0f2217cd,2018-08-06
f2d16f462937b4496beecdb680e7e199,e6dc2d10891fc75c1336840c699d1d88,delivered,2017-04-02 20:17:31,2017-04-02 20:30:09,2017-04-04 15:03:57,2017-04-10 15:44:10,2017-04-26,0e189e816b30a1f9bf0a3175785a2030,2017-04-02
4b88668564375e386936d591619a422c,ff4ead15d934b5b5896ca73904d07f66,delivered,2018-04-17 17:05:07,2018-04-17 17:15:18,2018-04-19 02:13:31,2018-04-20 19:28:50,2018-05-04,2ce81600d264e61fe46c8cadffd18db5,2018-04-17
332c6742772f2df936696b6512b10edb,713b64f2b0813a55f85ad855aa1b6bad,delivered,2017-06-19 00:45:04,2017-06-19 01:03:08,2017-06-20 10:42:07,2017-06-27 06:45:30,2017-07-11,da9301e93c92fe00d509f6ab1a45e88d,2017-06-19
c303d8cc27dfd5c2ff42a652eb5a5e21,c3e759f8a4477786ad2034d2a6d21b3c,delivered,2017-08-14 23:18:10,2017-08-15 00:05:17,2017-08-15 15:44:43,2017-08-28 20:50:01,2017-09-14,630aa56bd010c4f4e671a046c637f519,2017-08-14
87d00f7459555e68a3c90362d9855b03,0d0b9448ab3c8ce2a3fb0ace37b5ad6c,delivered,2017-06-22 14:37:04,2017-06-24 02:23:06,2017-06-26 12:38:35,2017-07-11 19:04:48,2017-07-18,6fc0ebd2a0b5d9ca1bc253f27b09cd06,2017-06-22
683bf306149bb869980b68d48a1bd6ab,4ca9d029df38b5b513980f0508bed78e,delivered,2017-12-12 19:01:53,2017-12-12 19:10:32,2017-12-13 18:53:25,2018-01-15 22:35:36,2018-01-15,97e1b81bc233b224f3355ad9bc667d46,2017-12-12
0c38c51b8a775bccbf8a0e340be3cece,1b8d4b28ab60427100f70a7232fdf094,delivered,2018-07-29 17:56:09,2018-07-29 18:05:11,2018-08-03 12:37:00,2018-09-01 00:34:24,2018-08-20,7ae91d0327fb06c557aaa56c16409150,2018-07-29
1c319576cde33909a59cb779cd50b2b1,3d568a09b7dd9de340acc65db8411388,delivered,2018-03-03 07:35:45,2018-03-03 07:50:26,2018-03-07 23:48:02,2018-03-29 18:54:47,2018-04-10,8bd063ff69f5c32673997fde76309c5f,2018-03-03
0e6cf8f20e333a20382f95ad56c9c676,9a24888390afa8d1f6cc10c4d342875d,delivered,2017-08-18 02:04:43,2017-08-18 02:45:40,2017-08-18 20:02:34,2017-08-29 19:29:56,2017-09-13,ae35303b6ccb7d95047199a3cc058639,2017-08-18
d59d424384cb6fa0956cec1af3f179ac,26f4715ada42676902af0e22a0b091b8,delivered,2017-04-21 13:25:21,2017-04-21 13:41:47,2017-04-24 12:09:19,2017-05-06 10:44:04,2017-05-11,a8805dce2afcc13b0b228cfd97b45904,2017-04-21
0286c83491d80e29a5f16c150abb76b2,c9d83efae10ff5d47b75d591e2bbbffe,delivered,2017-10-29 16:45:18,2017-10-29 17:06:08,2017-10-30 19:03:52,2017-11-01 15:14:28,2017-11-10,b79ef39b80b9ed000478244ff8d40cef,2017-10-29
e8e4b07d5ef7b47ef02076c4e41f3cb3,7c29bb0ef87e4fa0735b694fcf30d7e0,delivered,2018-05-09 16:24:35,2018-05-09 16:57:43,2018-05-11 14:37:00,2018-05-16 20:11:30,2018-06-04,847ccb72903181d30dbf321c3d0b10ad,2018-05-09
0679f01b97036fd74d1ee72a23c45426,cbdff4a20dc832dde15dd8b704801e8a,delivered,2017-03-03 15:19:52,2017-03-03 15:30:22,2017-03-06 09:39:22,2017-03-14 11:11:56,2017-03-24,aa4418ff6da1335a7d1391f8b81e100d,2017-03-03
9990874dbb760114a8bcadec87b20b2d,626d58a0cc568a4f0e5fca51e22b7761,delivered,2018-04-08 13:07:51,2018-04-08 13:30:18,2018-04-10 09:39:01,2018-04-13 19:58:30,2018-05-02,b50e2c316ac14c5ad88a269716fe3662,2018-04-08
ab97ff9b268ca7e6f9f741cd843363e3,6fa7a221fb6f0690ff40df40ceb7c786,delivered,2017-11-30 09:01:59,2017-11-30 09:12:19,2017-12-04 13:58:54,2017-12-06 19:47:04,2017-12-18,0b8ed32525608a907c7331b613b5b67e,2017-11-30
8bda067505e4a3f51647bbb470bf481a,d2004a3dd527c759eea2ca9571a9d966,delivered,2017-05-15 17:04:10,2017-05-16 06:35:25,2017-05-18 08:37:12,2017-05-23 13:31:12,2017-07-05,174f07253adc92f1cd0d6abf74c961c0,2017-05-15
09f08a5ef3dbd9a7c895c647f30bb059,3aaee00fc9ce5f6dbbd2f378254f7f65,delivered,2018-01-24 11:40:54,2018-01-24 15:07:40,2018-01-29 18:07:10,2018-02-02 23:42:07,2018-02-08,790352c18a7b36b50eb483aa9eba0a43,2018-01-24
72b3e44d921d5ac99bd4a388569be765,bc1d38df5dd1a4b4a8e859cf4458fd66,delivered,2017-09-15 16:36:05,2017-09-15 16:50:19,2017-09-18 16:09:53,2017-09-26 11:28:11,2017-10-04,8a10184c79a42e181ac6095920275e3b,2017-09-15
6db79d3150cfe0cfaa09cc8e09acdca0,83584c4329669450ef4331e7482e13cf,delivered,2018-02-03 14:22:59,2018-02-03 14:35:34,2018-02-05 16:28:43,2018-02-07 20:08:44,2018-03-05,57a529b6415be1e63176b69d35f63c88,2018-02-03
00858d03144cc35cfd1dd043647e7c88,54f0f481cc9257023435b76aa5e647db,delivered,2018-03-14 22:53:09,2018-03-14 23:09:38,2018-03-15 20:34:31,2018-03-22 23:45:59,2018-04-25,89ec7229219bb8b0c1d0da3b74977e23,2018-03-14
05a8c94a9361d5496501f6577cf82841,c62d3321fbc841fce665169b9f3218a7,delivered,2018-03-17 19:39:17,2018-03-17 19:50:31,2018-03-22 18:46:42,2018-05-04 22:12:27,2018-04-20,536491a3d3f8b55d8918c108d0f1f5ee,2018-03-17
0a8fa6b5910d2d1326480e5837f6b51f,658edb643c1de24ab48d5fc95555001b,delivered,2017-08-23 20:41:56,2017-08-23 20:55:21,2017-08-24 19:53:35,2017-08-30 20:38:12,2017-09-15,ec0bdc2b6dbe64b6b214415f5ba4e7fb,2017-08-23
18f924aff0390f3ff473127ddecc73a0,2f16b5574967005f60d394d874b205a9,delivered,2018-07-21 10:09:19,2018-07-21 10:23:56,2018-07-23 07:59:00,2018-07-27 15:38:47,2018-08-09,754930beac1344cef117a650a010e18e,2018-07-21
5ed3cdc2df4c7cb624fc3ac0f66d4a02,4a8ce9a8cb458c67086e351552936cd2,delivered,2018-06-07 22:36:58,2018-06-07 22:56:02,2018-06-11 18:22:00,2018-06-21 18:17:37,2018-07-16,abd388edf0df9d046ec7236bc00e89ce,2018-06-07
72c3f657842e35f5d5279cc0fd06826b,2b807a72efe83313165d8483f02d95dd,delivered,2017-09-01 10:26:27,2017-09-01 10:44:48,2017-09-04 13:57:56,2017-09-11 18:52:51,2017-09-26,36e0e119cc6c81d22ec365f13c156ba1,2017-09-01
65365d9994a1ed9d758d858e432d74ef,2d5a180345702da26f3319ae19b7bddf,delivered,2017-08-16 14:03:37,2017-08-16 15:10:19,2017-08-17 20:22:36,2017-08-25 04:04:42,2017-09-08,453a6c4b2765068a3a5b43dacbe94407,2017-08-16
d1b1a90a35eab67950b29a4a38f9a04c,8e899fa0db613636d5e7aaf46c221597,delivered,2017-11-24 17:56:30,2017-11-24 21:16:22,2017-12-05 17:53:04,2018-01-08 19:20:15,2017-12-26,43cfb2f02ec8067b1fe8be83b4fc5104,2017-11-24
2ca97597bd5b2e4c419dccd661439910,d8182d3b7072af3e484473ccf2b7a6ca,delivered,2017-08-29 23:01:58,2017-08-29 23:15:17,2017-08-31 20:02:57,2017-09-04 15:15:57,2017-09-25,422b5cb4833a4703a318b73c3cf5fa3c,2017-08-29
8908c3c6b8591a4d779bc5a4abf4f951,00e13fc0014cb95fde8d8eb1d3d84195,delivered,2017-04-05 14:54:55,2017-04-06 15:03:08,2017-04-07 14:22:36,2017-04-11 14:25:22,2017-04-28,6e8180fd61b4280c3d74dc2056256940,2017-04-05
4eec0b5ff6aded761dc1f21134fe5e85,d9f9f09b7191b910ddaa29d8f57d4249,delivered,2018-02-20 10:25:52,2018-02-22 02:31:14,2018-02-22 19:08:42,2018-03-08 18:38:49,2018-03-26,acea6bd29b8c1e3c6a8b266a8fb4475e,2018-02-20
ecb1a8e8b5c6316fe7891f7b556fee28,e14de304ff77ad69b22fc75b5e6c9e69,unavailable,2017-02-07 00:18:03,2017-02-08 03:25:31,,,2017-03-16,ccbcd41f7a50ba6d88de23f8b3c5fa2e,2017-02-07
2226642559abeae5cfd2badcca397b6b,1c0e734d1feded71e62583d4c8161d14,delivered,2017-12-16 18:17:16,2017-12-16 18:31:04,2017-12-19 22:32:05,2018-01-10 19:28:24,2018-01-17,bd025dd90706f85a73f01b3eacbc9666,2017-12-16
4c4ac3e2dfb16b17d057cf101265b24c,6fbe4775f3b882bef0f10d86a55ca4ae,delivered,2017-10-11 11:38:12,2017-10-11 11:56:09,2017-10-11 21:29:56,2017-10-23 19:43:58,2017-10-31,00b309d0151d92709de70e43d662711b,2017-10-11
1b3536ddfe2299bbc8c552672462aefe,23fb04c3937f6575ffb5aec1eed1a1ca,delivered,2018-03-23 16:54:20,2018-03-26 10:27:28,2018-03-26 21:41:26,2018-04-04 22:19:14,2018-04-18,90d7313bf1a26db76e648a5499f99908,2018-03-23
0260b4ed1d24feacffa9d9783016a467,b8cc30d4bb91f771891ae6aace4270b5,delivered,2017-03-21 17:14:02,2017-03-21 17:14:02,2017-03-22 10:26:58,2017-04-08 03:03:48,2017-04-11,3e970efbd0047e980e384bbc61ab1341,2017-03-21
6951c3fa48b145ff2b579b11554d8116,47377a11634958c58ce218a27af0854c,delivered,2017-11-20 20:02:06,2017-11-20 20:13:30,2017-11-22 18:38:59,2017-11-29 21:13:33,2017-12-11,21df36b620b4c4718c8e6b3b20ee70cf,2017-11-20
bce2a9ffe2e596e54d92ad2a47a10a36,44a1ff0b539aa8b17c16cc9c98294420,delivered,2017-11-03 10:26:21,2017-11-06 23:32:02,2017-11-07 18:37:38,2017-11-16 21:38:59,2017-11-28,ec9d1e3858c98ea5532e280fd248dad6,2017-11-03
7b2a6419f77f1f76cb8ec21cb81c1da1,0f93a71fb111947502dffea3365f5861,delivered,2017-12-02 19:06:04,2017-12-02 19:16:24,2017-12-04 16:48:53,2017-12-11 10:49:03,2017-12-27,6ef12e7a9bd73d564cc2008945b9bc38,2017-12-02
043332e857863b02677c1e075e3cc0cf,2b73a8fa9430b526be65472668b11004,delivered,2017-11-08 15:26:16,2017-11-08 15:47:14,2017-11-14 21:03:12,2017-11-21 17:41:37,2017-12-19,10afb8c989b931b11e486b35bc422419,2017-11-08
5a00cce1aa1bcbcfb4b1f88cc126afb2,b4fe49de4099d1696f0d7d6d00abda0f,delivered,2017-05-03 16:29:08,2017-05-04 02:55:40,2017-05-04 14:08:19,2017-05-18 08:47:29,2017-06-07,1c0ad53bbac159e9a38bcb2ddc56afe2,2017-05-03
f3c0148d00a2ed7692358f4d849c7e46,3214df52832052e2ce7dba47e94dd267,delivered,2017-11-27 13:35:41,2017-11-27 13:51:51,2017-11-27 20:38:53,2017-11-30 17:19:11,2017-12-28,2b305216553c03d3a00b02c1b879fbc4,2017-11-27
02c13bb9b84866055ea2074cc6a83a16,bc9802f1680047c23503920524d21e8b,delivered,2018-06-27 00:18:16,2018-06-27 02:55:42,2018-06-27 09:19:00,2018-07-10 18:31:54,2018-07-27,3b56adfeb1d2c2eee42db2080b03cde0,2018-06-27
9baba2001be25ff76212cddad73139de,346a1210995a24e531bfeccd3d9d3684,delivered,2018-02-14 21:38:17,2018-02-14 21:50:26,2018-02-16 21:22:26,2018-03-29 21:06:03,2018-03-14,8e56dc74df943cf6a545501272646c80,2018-02-14
f244880fcf6548e9e5f1c2dccc19ed8f,c7f5f60f8e2e8d7528c25644f57c885a,delivered,2018-01-21 16:27:47,2018-01-23 03:36:55,2018-01-24 19:43:32,2018-01-26 22:14:24,2018-02-14,7b849a032b16ff09dd58c4923a9cfa1c,2018-01-21
23c5dff7c1173d8220f26bb0e881e2c8,049393fef7b67922535cadda19054cae,delivered,2018-03-03 12:00:12,2018-03-03 12:15:37,2018-03-06 23:24:31,2018-03-14 19:49:39,2018-03-26,b3d3b280e7cc9eb88110b820ba5fc75c,2018-03-03
3d2919530aea3496b5773b143910145f,497a43267283462f5fd26a1438489edd,delivered,2018-08-14 09:35:14,2018-08-14 17:55:16,2018-08-15 14:33:00,2018-08-20 22:42:01,2018-08-20,2b0e1bb3dab9775004ec764ce399228b,2018-08-14
708d3d7c0c996a92a48a8cf501f6fd8b,005196c65bab2861e397cc85bc7664bf,delivered,2018-01-17 14:35:51,2018-01-18 14:33:13,2018-01-19 18:42:16,2018-02-09 20:38:38,2018-02-08,fd03997c82649affc061d275ddf1f3d9,2018-01-17
86578f0c3f981f1375949e7239ae1adb,b08151cca67ea744b3acbe132491343f,delivered,2018-01-10 17:30:02,2018-01-10 17:37:27,2018-01-12 21:12:31,2018-01-31 00:33:37,2018-02-16,24c206cdc0a8a9f8c0fef7934132af8d,2018-01-10
a92c33e0fb8e030045104ef9853b1d7c,9edcfe541bc9ae76fffdda458d4ac87e,delivered,2018-03-12 14:34:27,2018-03-13 04:08:13,2018-03-15 17:22:26,2018-03-20 00:03:37,2018-03-28,a00c55db1df05900d9400feee40d5a2e,2018-03-12
eea78051bcf00afa8b82cbc3a31008d6,a8d4a311043058ae3972469000b95017,delivered,2018-01-10 17:36:33,2018-01-10 17:49:15,2018-01-12 01:12:34,2018-01-19 18:12:30,2018-02-06,5058de16f0bfee426f45e4e050380c48,2018-01-10
cd302cb2dc6786acab6add1e4867c38d,215ead536a59b4ba1a25dc2af4f7e53e,delivered,2017-12-05 20:56:51,2017-12-05 21:18:20,2017-12-07 22:56:59,2018-01-04 16:14:32,2017-12-29,eea1b296cb9b28fdb06a3927731c24c9,2017-12-05
6c983b6b465b11087129a008c89a4829,ac78af59b222aa3851820511b5c6ff67,delivered,2018-05-05 09:25:48,2018-05-08 04:55:33,2018-05-10 15:39:00,2018-05-15 14:26:52,2018-05-29,c3250286ba5655a8d4a12ded47a5348a,2018-05-05
4dec20e5f3480964ccd41880b79b3863,8316cef1a2b38dc035e13601828dfb91,delivered,2017-12-07 09:22:06,2017-12-07 09:32:20,2017-12-11 13:14:20,2018-01-03 21:42:23,2018-01-03,320518c1bd52576db66dd8fcd465ec55,2017-12-07
53c54da97ef9aa777d1c6b1bdf469c92,822cee55c1cbc6a629ed328ae561ebbc,delivered,2017-12-21 20:16:54,2017-12-21 20:30:31,2017-12-26 14:17:39,2017-12-28 18:49:28,2018-01-17,98ea4fb465ac3dcf7f4a08f547044edc,2017-12-21
3c0a8fee9785ffbf4381ff1eac0d220f,32b1d8089a0d72d4c54f9617d432ddbd,delivered,2017-10-15 12:28:54,2017-10-15 12:49:12,2017-10-17 13:19:47,2017-11-04 14:22:41,2017-11-10,9067617dd6b937725bc0664eb5392a80,2017-10-15
aff4e35a92033577c37cf3a99f640cd9,ff98ff0b59431751c0e90ff8c77db92c,delivered,2018-03-20 22:36:58,2018-03-20 22:50:39,2018-03-23 21:52:33,2018-03-29 20:28:42,2018-04-16,00b8076004092a29c2c934570c356fc7,2018-03-20
0ff41d0741d36126966da6f95318918f,cf32c953e3f9c1fe1e99fca3d3dd56d1,delivered,2017-04-03 15:54:23,2017-04-04 05:45:27,2017-04-04 13:37:38,2017-04-17 10:14:46,2017-05-03,42daed543c3d0dc96eb236e24c20394d,2017-04-03
e1e968a372e80f44b16ab1dabcbca579,554533e5956bfe27940d1f0ef02dcd69,delivered,2017-11-15 10:09:38,2017-11-15 10:27:02,2017-11-16 18:26:37,2017-11-22 17:27:07,2017-12-05,f87108f2ff59f6cbc898ca230483c0ab,2017-11-15
db18c3a700202016c801626db03e7131,7cd5e2de48001275a79e17e6348c6a1a,delivered,2017-05-29 23:05:45,2017-05-30 23:15:13,2017-05-31 09:58:06,2017-06-22 00:32:00,2017-07-03,36414dc6b57449efcd078f612e0da33f,2017-05-29
e41e11b6bbfb361583ab92eb18bc9018,186946421a317f7f97a34b24f2962f51,delivered,2018-03-20 19:16:00,2018-03-20 19:30:31,2018-03-23 00:47:53,2018-04-30 16:09:07,2018-04-20,1525c29997724d87a8cd9a7654738f26,2018-03-20
b727ce8aa4bb6701e5aaa359ede7c6f6,bbe816e2a62258c7b4328b3cecc3caa3,delivered,2018-03-27 16:39:13,2018-03-28 02:47:45,2018-03-28 19:12:31,2018-04-04 15:19:23,2018-04-13,d3a5fa065a68c1f357e6d8f4385938ee,2018-03-27
ae2d40bcce219afed2410275946c8eb3,59e890e32525bad97fccd7c24130134d,delivered,2018-06-01 23:08:25,2018-06-01 23:31:11,2018-06-08 11:41:00,2018-06-12 20:28:26,2018-06-26,d7b7d65fd99abddb122942599841315e,2018-06-01
988f13625d65d9a81777bb4d93d01e1b,5e314ae29121bbbcd0e1480d21211017,delivered,2017-11-25 09:55:39,2017-11-25 10:14:45,2017-11-29 22:52:03,2017-12-05 16:37:04,2017-12-27,8ddf73854bce3c19ed1205565ca403bf,2017-11-25
d5bd25a973bf9ea4a5fb210e058ede88,7783f4e9ee759a514cf6cb3c1a069dde,delivered,2018-06-01 18:39:25,2018-06-05 04:52:00,2018-06-05 15:03:00,2018-06-11 17:24:45,2018-07-11,b96a9b64589ccff3640dbb9587bfe0a6,2018-06-01
3859aef969659dcc5439967f8ffbbc07,8210d3d4c6ffbe4d7cbe7aa1f0e73f00,unavailable,2017-07-12 08:13:51,2017-07-13 07:23:36,,,2017-08-03,7ad7f6b3f1e1b843fc5b9a5713ac895a,2017-07-12
cf9541520b3cd1d4ae5ba9ac95d0d65b,12ae263ff39c5cdbe34be2f50d6f2b6d,delivered,2017-10-11 23:31:52,2017-10-12 23:28:24,2017-10-13 21:43:11,2017-10-23 17:53:47,2017-11-07,ba8c3b571e5368e1edad210d5f937586,2017-10-11
4667b0530b09d78c08bbbc0f8b6f899e,4f5228be61dda0c073c8e0aa01521fd7,delivered,2017-06-13 11:43:54,2017-06-13 12:08:00,2017-06-16 15:04:36,2017-06-30 14:32:22,2017-07-06,6107bc2e5c7c1afd90c49aad9059322c,2017-06-13
54a05520cf3e089ebf5dd8575f9ac38a,b960619287d45d12e27d0098a2969be8,delivered,2018-07-18 10:46:33,2018-07-18 11:02:00,2018-07-19 11:14:00,2018-07-24 20:07:43,2018-08-17,b51ded65586f5afcf1a1ec517cdbdd7e,2018-07-18
fd2abbf4e0f632ba709f0059c02da633,a464b0eca19ee9d50c583227d90941dc,delivered,2018-08-06 07:34:57,2018-08-07 04:10:16,2018-08-10 14:52:00,2018-08-15 18:21:53,2018-08-10,56b2223fdb44fe84354175cfc2375dca,2018-08-06
976a0661dde5bced1e33afea59986424,233e192ed835b34252d45fdcabedbece,delivered,2018-02-21 15:09:11,2018-02-21 15:29:58,2018-02-23 22:52:14,2018-03-02 15:15:01,2018-03-15,5c235aab3109ea0f85883bee23fb378c,2018-02-21
12cd98b885d11fa8260badce51a54ba0,26f4306360d0b8511d908e4647478b46,delivered,2017-03-19 15:23:31,2017-03-19 15:23:31,2017-03-21 10:58:07,2017-03-28 15:37:13,2017-04-06,163d56695d931f78edcc4dca5d685d58,2017-03-19
5f42573c60286a6f9d6a3809352c86e0,4b17aa73ba6fa555940aab81c6dbe893,delivered,2018-05-26 19:36:13,2018-05-26 19:49:43,2018-05-28 13:45:00,2018-06-01 13:32:45,2018-07-18,763fdc2fabcdf51c41c5f7c838e805bf,2018-05-26
4477f0fa7855f6d43e17f4b8e6612898,ab1b4c71bb887a820db3346f0af72b14,delivered,2017-05-08 22:37:02,2017-05-08 22:50:10,2017-05-09 14:19:21,2017-05-27 11:42:11,2017-06-01,152fc02825ebb754ffcb79393de6914f,2017-05-08
5445045bb9472644788ac5e2d93ca2a0,8c71a37e7ed016cc6925f0c79487773f,delivered,2017-02-28 10:08:49,2017-03-02 06:45:11,2017-03-03 15:48:50,2017-03-10 08:03:59,2017-03-20,b431ccf71994c411287941dbccf54ca7,2017-02-28
241decf89353e0c1f231b985214d8404,8a88023862079f7d48e367e090d5318d,delivered,2017-07-19 14:45:40,2017-07-21 02:45:22,2017-07-26 18:14:29,2017-08-01 19:32:35,2017-08-10,cbbc8eb129cf12581396585b117fbfae,2017-07-19
9ee391a01004a9f330f16ebf9f7f0966,9c2344a071565e12fbf3fae2abc986da,delivered,2017-01-27 15:28:18,2017-01-31 04:41:19,2017-02-03 14:25:25,2017-02-07 14:51:41,2017-03-15,293c7d76ee9907ebe673abe57a230ba2,2017-01-27
59b931645b38766a41bef9244d4ee476,3fcc0d2a43e27e5cd14cb2d881434777,delivered,2018-02-07 18:58:16,2018-02-07 19:10:32,2018-02-09 23:04:42,2018-02-11 16:42:41,2018-02-23,bedb32508ad162c6f28871cf3daa90fc,2018-02-07
75f377de08069316accd713c6f844f19,db4ffdc69a26c7e3fc8858bd647e157b,delivered,2018-06-02 23:36:30,2018-06-05 04:31:07,2018-06-05 10:17:00,2018-06-15 17:22:01,2018-07-24,00fd18b088edb95d1a35457f1c0e1bfa,2018-06-02
a9196394f683e767c4c6f64dd7aeed82,906240da12be29400c2914d820793e4f,delivered,2018-05-02 22:13:15,2018-05-02 22:35:06,2018-05-04 12:12:00,2018-05-17 13:03:45,2018-05-28,3e7d8098857e14a895d117c80f91e547,2018-05-02
0c2b241aa0c85f5e27ad334225793b87,eab17001b1d7cde27c1f1234af12d4e6,delivered,2018-04-02 15:21:10,2018-04-04 03:29:29,2018-04-18 22:28:34,2018-05-14 23:28:30,2018-05-18,01bbbfc56b8ec1052e46f260226e34f9,2018-04-02
7785a907a1eb9355527aa59cb42a8e5b,6cbfd3701bca0484c69f2996f1c5f930,delivered,2017-07-13 17:49:51,2017-07-13 18:04:41,2017-07-14 16:07:48,2017-07-24 16:42:31,2017-08-11,04286686c86ebb7e5f9276bb33f8fbe1,2017-07-13
3f31568dd41d3ddbffcf00a0f0179dc9,3dfc3f11bf33974dc280bf3464219b85,delivered,2017-11-07 17:47:14,2017-11-07 17:56:08,2017-11-08 16:02:51,2017-11-22 22:51:06,2017-12-06,cc83350a9ee5b12f4df0a64860ef5d07,2017-11-07
39948b49e7e68844f9f5a31d12a3c4c6,810d6e6ff6e67c94075b39488b77632c,delivered,2018-03-20 17:23:39,2018-03-22 02:50:09,2018-03-27 19:03:57,2018-03-28 20:06:36,2018-04-06,384d6654ad80e9f1426b7a4ef9e40997,2018-03-20
7b83e981cb83af28a12a1c35c81d13c2,e1344b199f8d28228c7d544e111493dd,delivered,2018-02-18 19:16:55,2018-02-18 20:27:05,2018-02-20 00:48:30,2018-03-02 23:09:39,2018-03-14,7bccb8c041188fa856bf7e70e642998d,2018-02-18
1e99772772632294dae0c56c2b83bb1f,8fcaa1386b9c1b73fdf89b7ee07d0571,delivered,2018-03-11 20:19:22,2018-03-11 20:30:29,2018-03-13 19:28:41,2018-03-19 20:34:50,2018-03-28,25aa30f9f381e3033eddf76ae63adc1d,2018-03-11
09dd119f5cafd6888b0e67ebcff86a45,084c08c188cff70f6cc25048290ffbae,delivered,2017-11-26 21:38:50,2017-11-26 21:54:12,2017-11-29 01:16:45,2017-12-22 14:04:16,2017-12-15,2af34d418eacbc521ce72160fdea52d7,2017-11-26
31ce9e3b5b94389a0b2597743083ff98,0cae7459bca371e0607a9c1580c6dfed,delivered,2018-05-23 07:42:43,2018-05-23 08:54:50,2018-05-23 14:03:00,2018-06-05 22:53:31,2018-06-07,1ba069cf440ec45a011e1f5848965a7b,2018-05-23
d1158619ad4cc6e0de905250f28ade12,40cec67ca5cd920ec76d1516d45cf89b,delivered,2017-11-21 12:27:02,2017-11-21 12:46:50,2017-11-23 15:45:00,2017-12-27 20:49:02,2017-12-19,df29f47875551e7560d400281cc8bc85,2017-11-21
690ce80c28087f2dc808a71e7ea057fd,ea60b3dc0208675595c928338d86973e,delivered,2018-03-12 14:41:24,2018-03-12 15:00:47,2018-03-13 00:26:45,2018-03-15 17:57:22,2018-03-22,afc95b7a313b307027e7287558fb1fbe,2018-03-12
2ee31a66f128a2600acad318260c9e01,9b664da3a5e00d8fb61180a99fbba5ff,delivered,2018-02-26 08:38:32,2018-02-26 08:50:25,2018-02-26 20:24:36,2018-03-15 18:12:17,2018-03-28,6ecae395621d20aca9711709fedacade,2018-02-26
4907acb41ae167489ddb03c61fb7c084,03ab2881558f2bf456eb10e4de32f380,delivered,2018-05-20 11:16:33,2018-05-20 11:38:17,2018-05-22 11:22:00,2018-06-02 17:28:46,2018-06-07,68331f01178d0f907586051db642b677,2018-05-20
58c4df4904044782bb1361c5cb001538,c58bac169ebd138ddf0f18ff9a786ef4,delivered,2017-05-14 21:52:01,2017-05-15 22:02:47,2017-05-17 10:31:10,2017-05-18 08:07:38,2017-05-24,bd8483bb4a89a0734108e6d2d979e707,2017-05-14
83ce09b55f29086739212db0e38aaca1,978ab92450ae467eee081d04e8b665bb,delivered,2018-01-22 12:26:53,2018-01-23 12:29:58,2018-01-24 14:26:37,2018-02-17 17:41:55,2018-02-19,1aaec8552fc6ad98536f506aa9b56074,2018-01-22
9fcb5798168a0661c0dec96bf0682e92,78df7ce019cde6270c121fcd2287c576,delivered,2017-07-09 14:26:36,2017-07-09 14:35:10,2017-07-10 19:52:18,2017-07-28 10:09:35,2017-08-01,076aefc14321a07d2e4bc277afea2c77,2017-07-09
247775a3bf20c748cd22b1521899ffa7,872a7af223e657c4e5cc1c8262dd22db,delivered,2017-03-23 11:38:44,2017-03-24 03:33:05,2017-03-24 12:18:04,2017-04-05 09:47:39,2017-04-13,ba54f40bedb59c8a4cfeb3cef1a4f8e8,2017-03-23
53f4d907417af64c33b736f1c53d9d1f,75e63d9dec3fd2f8113350b847aada4c,delivered,2018-03-07 12:02:57,2018-03-07 12:15:37,2018-03-07 22:38:38,2018-03-20 14:51:37,2018-04-03,6e8c0e15a8a6d670899110476f993044,2018-03-07
d725a73ed0e99e678f0a6862e3d09539,431431bf5ddc49e07b516dacb7967b82,delivered,2018-02-21 20:16:54,2018-02-21 20:30:31,2018-02-22 20:58:59,2018-03-16 21:32:59,2018-03-15,a7ebeb22bcbff831679c027ea3b3b03c,2018-02-21
a52afc640f675ddcbf056eb1e7967bc0,9fdb460823d003d8c9cee8a9fa8a6caa,delivered,2017-03-11 21:55:28,2017-03-11 21:55:28,2017-03-16 12:18:29,2017-03-24 14:33:17,2017-04-13,2878289928927b75d078057c8d91405f,2017-03-11
d472f8a450e5c7df3f9cfd6225af7243,ebaaed8f43aa1e32eeb972dc57d35840,delivered,2017-12-05 14:33:07,2017-12-05 15:21:25,2017-12-06 21:22:00,2017-12-28 20:19:22,2018-01-16,0af4f5208fc65cafcc208da4ee8b2988,2017-12-05
cd201e0f6a37139084fa4f76f87e684d,d51f51313fb0308cccef08b4cb4ba6ba,delivered,2018-07-17 19:09:24,2018-07-17 19:22:08,2018-07-18 13:11:00,2018-07-24 20:14:41,2018-08-13,2d6df557089ee20e8c1eb81fa9faf71d,2018-07-17
9d62401a06bbb0dc190562ce8b24f0c7,ab95619729662c9ec3f0dc3c7642fe7d,delivered,2018-08-07 17:06:23,2018-08-07 17:15:14,2018-08-08 14:33:00,2018-08-16 17:04:39,2018-08-28,98a03156be35672ba83b57d01af7a424,2018-08-07
d5f143e9c159a5f1c33f7477c89db770,4f0da4955b04c7b24168eecf63581092,delivered,2017-12-26 18:37:30,2017-12-26 18:48:04,2018-01-02 22:23:21,2018-02-22 11:14:56,2018-02-01,774c075fecf66d485d49c837d03c71e9,2017-12-26
df54015966b3fa00a42222b5a0e21348,a100558331df579cc459520c1e39fd0f,delivered,2017-09-11 16:11:41,2017-09-11 17:45:21,2017-09-12 22:13:27,2017-09-18 20:11:57,2017-09-27,7d290ad006532c0431d896763a9e5556,2017-09-11
84ea561a36501265e6a147837868f416,3a2165661e60e1228dcf99a3e2b3bd78,delivered,2017-10-26 14:26:14,2017-10-27 14:27:50,2017-10-28 14:19:55,2017-11-17 13:22:59,2017-11-16,66e751cb04a8f83a0975af9b491cad59,2017-10-26
1b68a09aef174135ac2b4a138c3a1eda,e60ebc9d994111d8e79b327cdd633ff5,delivered,2018-06-11 15:55:22,2018-06-11 16:52:05,2018-06-13 15:18:00,2018-06-20 17:12:33,2018-07-18,f0fd988c7c2a4cba167138a8adada6ca,2018-06-11
004ba47bb589cdbc485e6025bd6d3c81,ab30bf72cae845f3814c7baa50ca549a,delivered,2017-12-25 20:40:15,2017-12-25 20:48:10,2017-12-26 20:39:05,2017-12-29 20:24:23,2018-01-19,8b9c297f4874622ea42c249bba3854d7,2017-12-25
e49a75711850aedf4206b050286373a1,5f311527c9f99f7ee2789c2e8cc3b343,delivered,2017-10-25 16:29:06,2017-10-25 16:49:25,2017-10-25 22:46:48,2017-10-31 22:32:35,2017-11-16,2b594769444021e1d4868c56713477f2,2017-10-25
91cad3260fc3d7cb677fe27010618ab1,e5665fe8abdc4826e0f15a3d8f113caa,delivered,2018-08-08 16:05:52,2018-08-08 16:15:21,2018-08-09 09:40:00,2018-08-17 16:06:28,2018-08-27,f5701b11f50fd7209dbed89d10c84e8d,2018-08-08
51f15a10614267de8d770ec0ec09febd,3452bc25e2ce8675c1e0731cf3933b33,delivered,2017-09-06 16:23:56,2017-09-06 16:37:28,2017-09-08 20:45:47,2017-09-21 18:44:52,2017-09-28,a68c9c34242f5364df4ff3e06debd8c7,2017-09-06
a18cb2293847a707b8ab9ccfa6445bbd,074fe3d7d1bfae730b41be9c647ff8c8,delivered,2017-02-08 11:55:59,2017-02-08 12:32:02,2017-02-09 13:43:16,2017-02-20 14:32:22,2017-03-09,7683f02dbd456db211146f37cb56db4a,2017-02-08
9dad38398350a321d0965104dd7ab793,e70c671c60cdf3f27f162c296e5d7e0c,delivered,2018-05-13 00:27:05,2018-05-13 00:51:22,2018-05-14 13:09:00,2018-05-18 16:56:24,2018-06-06,da86766444b32f9b8cf1eb2ff2db07a9,2018-05-13
5c9662fcebe9b346457f1a2b7465e1e6,4808f72c0758768e1055cd9becfbe4e9,delivered,2018-04-18 18:03:21,2018-04-18 18:50:11,2018-04-20 15:21:30,2018-04-23 21:32:34,2018-04-30,1304f8cb4d638a64ae3e56f02641693c,2018-04-18
92acd9b1e9af0117eee9aa972e0a4841,e9be7eb31a9fc54d1ae7abc6c3595ac3,unavailable,2017-11-22 20:57:12,2017-11-22 21:07:31,,,2017-12-13,0e2dd49a0c6db3c423b88bf67ab7985b,2017-11-22
c4e1529b643ecfaa202d2805ee2d17fa,51cfd300bbc06c4c9de353b7c56c0dae,delivered,2018-05-03 10:00:21,2018-05-03 10:34:46,2018-05-03 14:25:00,2018-05-07 15:57:46,2018-06-14,4ef2ccedd8de7aa9cf461df28951e832,2018-05-03
9a3dd3cc9b84a29bcd07f44f82866ce7,b7f8ebb0fe3e37a0d1b43b7b565af0fa,delivered,2017-09-19 06:58:27,2017-09-19 07:10:15,2017-09-20 21:42:22,2017-09-26 22:44:53,2017-10-06,ad448d970165975c6039c1ad4eb22c9c,2017-09-19
6f806fde47aba06190ac3c525cd901ed,c6e04ca05bff626899b98ac1e68a03d1,delivered,2018-01-08 18:41:51,2018-01-08 18:51:31,2018-01-09 19:27:31,2018-01-15 21:59:06,2018-02-02,11cb374299fc168cdb79345ca63371d1,2018-01-08
76798592e95b1f75ed2b348e55ba742d,f31c345639891fdc347c83b03e2ca2b7,delivered,2018-05-16 16:47:20,2018-05-18 01:57:25,2018-05-18 09:17:00,2018-05-23 16:27:36,2018-05-30,8c4f1ee04e97bc9c43c73916cbb78479,2018-05-16
02c9fa29186a8d00b3e73d3837ea40e5,caa73ab2b4679f1525c5d8281a7efe2d,delivered,2018-08-18 18:52:16,2018-08-18 19:09:45,2018-08-20 14:58:00,2018-08-23 18:47:36,2018-09-14,2c0e2b55cfd436b75a426f34ba921fdd,2018-08-18
479765879ed1ad45202a56cd35a89e8f,759a607575ac0f83a8957bf7d3228083,delivered,2017-07-16 08:12:51,2017-07-16 08:25:07,2017-07-17 16:53:57,2017-07-31 17:42:29,2017-08-18,cc92371c9935f75b0b06e9c10ac62dfb,2017-07-16
8a3ec851fda600089ac1c69ca40215c0,ab4d3930d2f105d8591fe814d9c44e2d,delivered,2018-06-06 15:45:33,2018-06-06 16:14:11,2018-06-28 15:18:00,2018-07-03 09:39:00,2018-07-12,34d586f6ae1a045b64ff7a21493755fc,2018-06-06
0010b2e5201cc5f1ae7e9c6cc8f5bd00,57ef317d4818cb42680fc9dfd13867ce,delivered,2017-09-11 17:39:33,2017-09-11 18:04:37,2017-09-12 17:02:57,2017-09-23 13:21:21,2017-09-27,e883f26917e2095c439f70c2cf8c914b,2017-09-11
6e81be400198dabb3a353cc5c25f7fbf,e3641dea8a807c50682b13b2aead655a,delivered,2017-12-30 10:07:59,2018-01-03 04:16:43,2018-01-04 18:20:24,2018-01-08 17:19:31,2018-01-19,be31a1e27da956701733eb601f0738ae,2017-12-30
f205470bad958fb87ac74b7b8d50dc48,68eb80c7d573311b901842f7ba30347f,delivered,2017-11-27 08:51:00,2017-11-27 09:15:57,2017-11-29 17:45:44,2017-12-07 01:06:05,2017-12-15,f7845e9451417a01bf9c61cf757ac23c,2017-11-27
477f4b85adba162dd1e74def115aefd1,7c5fd947724ac64e7da3c1c23dc613ea,delivered,2018-01-05 16:31:27,2018-01-05 16:47:54,2018-01-08 20:28:26,2018-01-18 13:19:46,2018-01-31,d4d640721be2a077086041af8f9857d3,2018-01-05
ab42eac47de85e36ba4622c26f9c9dcd,3fa34ec1800a5e12a373e3df9263e05f,delivered,2018-07-10 11:43:41,2018-07-10 11:55:13,2018-07-17 13:46:00,2018-07-25 16:31:42,2018-07-31,fd54659942520455e8899261da7ea68b,2018-07-10
dde21840bf52f7327e815543b86afacc,3428f4c30457380e2fed1f1b46120813,delivered,2018-01-23 15:55:32,2018-01-25 02:57:31,2018-01-26 06:32:43,2018-02-01 11:22:44,2018-02-15,bb67b4b0f2f84a56c0ca92111d4f9197,2018-01-23
237b7387b0657475c4aea69a0fdd6ab4,a517c2e33d74166672a1c9424c27cc49,delivered,2017-07-04 22:16:43,2017-07-05 22:10:18,2017-07-06 13:58:10,2017-07-11 13:19:42,2017-07-26,3bbf81ecb17fd43eddb6bd7ee794e094,2017-07-04
3d12931b79aac8b5936c7845d6e997ef,3e90f772b0825fa105cc50b5b98fddfc,delivered,2017-05-12 07:18:05,2017-05-13 03:02:54,2017-05-15 12:13:09,2017-05-16 09:16:31,2017-06-09,763f67bfd24cf201e03ceae52831eff4,2017-05-12
d359e2c7de603d9b72bdfe2dc3840275,19dc2be7592f399eb8b754a5b44d847d,delivered,2018-06-05 22:33:06,2018-06-05 22:51:35,2018-06-06 08:37:00,2018-06-11 21:04:12,2018-08-03,617332f00c4600f237bc2127f57aa750,2018-06-05
d80dec5549fb36ee6d86d10494aa5d89,2847f7207c882cff92388c582150ae86,delivered,2017-11-28 22:25:53,2017-11-30 02:22:24,2017-12-01 19:21:44,2017-12-04 20:10:08,2017-12-12,0b415c9d915a5325f1d79d6ded1f1912,2017-11-28
da383ff6aa9558f3bd909b1d76789381,1e2805c0173170a09ce422b2dab60c30,delivered,2018-08-20 13:56:52,2018-08-20 16:11:39,2018-08-20 13:55:00,2018-08-27 23:32:23,2018-08-31,8929b9f8e7f1a900939386dcf9933241,2018-08-20
b2f5372efb1b2840cea18aead69e4e1a,53b5afd7f0cb54fc2713d4f2de898633,delivered,2018-03-19 11:23:39,2018-03-19 11:35:38,2018-03-20 13:42:26,2018-03-27 23:53:21,2018-04-10,1884376f91d4dd4a056030b3296c03ae,2018-03-19
b34ad58b81cd238099ff8a4bc5ff84de,6112dec9ae2e342f21cd2cc473258746,delivered,2018-06-28 02:12:31,2018-06-28 02:27:53,2018-06-28 11:57:00,2018-07-10 17:14:39,2018-07-30,6b72249ecff4348bd469e64725403973,2018-06-28
a30c919a89ae0abb92170254dcf8ff02,0691838627fb0142895c23d5459bed3c,delivered,2017-06-08 10:17:53,2017-06-08 10:25:29,2017-06-08 16:35:50,2017-06-21 17:19:11,2017-07-11,3c1bed581fd6dc040ff1635dfd1b30c6,2017-06-08
9303669209932e3a6996a76e56620d5f,caf4b8fd7772079bf3589d844365e689,delivered,2018-06-12 11:48:26,2018-06-12 22:59:48,2018-06-13 18:58:00,2018-06-14 13:34:48,2018-06-21,ce7de4f4bfbad6fa8f517283d0ff0095,2018-06-12
788c740eb8e85e60ba673175e96f3a76,87e0d8c98901635a02de3d22ae4c2e84,delivered,2017-11-27 11:55:16,2017-11-27 12:14:48,2017-11-29 22:24:47,2017-12-01 17:42:57,2017-12-11,7261a322286b204949432e6dff9153c8,2017-11-27
b10bb212c9f36af4c11fae51593de14d,e74c41931c0fa48e37c07bdf0aa5a8d1,delivered,2017-03-20 13:55:36,2017-03-20 13:55:36,2017-03-21 11:42:33,2017-03-27 11:12:24,2017-04-17,a367c26ba031fb9f19cef6188426004d,2017-03-20
45fdccdd0ebed851dbf707b98ba5fef0,412f5c0b538eee4c424489926e281ed2,delivered,2017-03-17 21:48:51,2017-03-17 21:48:51,2017-03-27 15:22:37,2017-04-03 16:32:45,2017-04-12,11b4e738620fcddc5abe37a1cd298d15,2017-03-17
46bbd69cb8d68f6c34fc754e569b4630,677dbf5ff3bed8560f9156c76f8d0a88,delivered,2018-06-26 08:30:04,2018-06-26 11:56:57,2018-06-26 10:51:00,2018-07-03 16:28:47,2018-07-19,3b006751f006182dace8576eace9c526,2018-06-26
efae23362f729d2c5bdf799f883d086b,954f29bc29678fa9c02de69cbdce3b29,delivered,2018-06-22 21:13:52,2018-06-23 04:18:36,2018-06-28 10:49:00,2018-07-02 19:50:57,2018-07-19,1c7a7de1db8faee1a65b679525385039,2018-06-22
16bf4bebb63fe2842793fa1e3fbb83d9,55c9db9425ab8c9ee904753ebb3e9718,delivered,2017-09-26 18:38:52,2017-09-28 02:49:30,2017-09-28 19:03:13,2017-10-01 18:32:39,2017-10-13,e1ea7d8ad8c1ff3197216e53eaf035c2,2017-09-26
32de90a35e2a57a276be3e36d3c51ed2,20d3e36b53a68bafc960d7af18c91d85,delivered,2018-04-01 18:05:00,2018-04-01 18:15:17,2018-04-04 18:54:45,2018-04-10 02:32:19,2018-04-30,3fc87b547ae5ffb957ce62db0f550643,2018-04-01
2c6d7710827b473b87550d228500098d,b94afa1536154b937c32785ad8263141,delivered,2017-05-01 12:25:44,2017-05-01 13:05:26,2017-05-02 07:57:11,2017-05-25 12:42:22,2017-05-31,aa0b2eaabf40dd1b26af1f47b7d42865,2017-05-01
33cb48a8f9d0e5bf683cda9881aae15e,4a3efc742773d796e3e990b5de3e0616,delivered,2017-03-13 08:43:09,2017-03-13 08:43:09,2017-03-14 13:21:49,2017-04-05 12:11:00,2017-04-12,7263bdaf8bd8ca9e023f521f8ae50970,2017-03-13
e7a494d4b7aa999d59f8f2e6809a5270,e105da24b204e15cbba1a45b382ec131,delivered,2017-06-06 15:55:45,2017-06-07 15:55:17,2017-06-09 10:05:06,2017-06-12 15:26:37,2017-07-06,6895f5f49004b16f399f28742aa26d80,2017-06-06
a14d7576c8e4ff4378798287af2faffb,d8c88eafe65e8e7210a84872fd488edd,delivered,2018-06-10 13:34:49,2018-06-10 13:51:36,2018-06-11 06:47:00,2018-06-18 15:58:28,2018-07-26,22b04aabcbf2a01fd2c923338c560559,2018-06-10
9e59025992bd64bc26551391ed44a450,11f99e3f5828621c1a9930164eb85eb0,delivered,2017-05-13 21:52:30,2017-05-13 22:02:43,2017-05-15 09:53:14,2017-05-25 16:47:36,2017-06-05,45134d1b1e875ff5216c0c35c9a015b6,2017-05-13
371b049c9d62976cab18a153edf57963,f9d02ecfae118c9abd105ad3f91c307a,delivered,2017-07-19 12:24:45,2017-07-19 12:35:16,2017-07-19 20:00:01,2017-07-20 16:39:50,2017-08-01,512c57283013f96199cddeb8cb76cab5,2017-07-19
f3cd1f125e0e08854ac5e58ab441cf67,00e6ef8a68edd7a3d2221bcf18656b7e,delivered,2018-06-28 14:38:53,2018-06-28 15:42:10,2018-06-29 12:13:00,2018-07-06 14:04:06,2018-07-30,9294c7088c7a37baed4923945669de99,2018-06-28
11482cc48ea1ca80d6672a16eef373f3,ffe163d4aa503e6ea00db9eff31f3d76,delivered,2017-11-28 16:01:45,2017-11-28 16:18:26,2017-11-30 17:18:51,2017-12-12 13:23:03,2017-12-29,0d49a66ab2d6b96321f22021fb2e2829,2017-11-28
1ca552f5ea38aeab2f2c52a03fa32942,e423c0347c0e52135f96459b6fcffc61,delivered,2017-10-11 08:17:44,2017-10-11 08:28:19,2017-10-19 18:15:21,2017-10-20 18:05:21,2017-10-24,78e97085c6d64dac248fd343b536ce28,2017-10-11
83c3246595fc5058c7c66a99cf9b74a9,a315fcfe43f26b429a9dc25518afa11c,delivered,2018-08-15 02:07:43,2018-08-15 16:45:14,2018-08-16 14:48:00,2018-08-20 18:08:36,2018-08-29,84dfd767031aa71218737ef85c85bc12,2018-08-15
63d4d2ba9babefe5a2e6fc840e69a9ff,f3439323102e853085f8e9af435de8d3,delivered,2018-04-26 11:53:46,2018-04-27 03:35:21,2018-04-27 13:47:00,2018-05-02 20:43:52,2018-05-24,88c9a3a1710136a80e601e9d308905eb,2018-04-26
1777a8edd4a86d8162c65687bce598b4,6b3b47e89d4f0d5784fa3225a598f331,delivered,2017-07-09 18:21:19,2017-07-09 18:30:11,2017-07-13 21:47:30,2017-07-26 10:57:43,2017-08-03,a033a443d4d40bc67fa846d8cf5a5f73,2017-07-09
e74d9198ddaddfc8e8090f5028697eaa,0373186c0d9c262cb4e09c6271e128b5,delivered,2018-04-29 20:42:30,2018-04-29 20:54:42,2018-05-07 14:51:00,2018-05-10 19:16:46,2018-05-29,931a338cd92dd8c0e6e3c322db7083ab,2018-04-29
83bb596248fd091d99fa8d5aadde8fa7,d108157033079e1a1a7ff80773654263,delivered,2018-06-20 00:40:49,2018-06-20 00:55:54,2018-06-20 10:29:00,2018-06-21 15:41:24,2018-07-11,3bf67d55305b73f9028d80344b68ddc4,2018-06-20
bfaf2a2f0abc56602d3b0fcf99576126,0f0242e95194275e6fcb0660f728b7c3,delivered,2017-07-27 18:19:56,2017-07-29 02:23:32,2017-07-31 20:19:08,2017-08-25 20:05:52,2017-08-30,c7ebaf88b0022b8aa6893bf62abaf74f,2017-07-27
637433ce28e2f35eea8795cc19d36d95,9c0bc166e8946e321f74fc6020a0f6dc,delivered,2017-06-26 18:26:25,2017-06-26 18:43:24,2017-06-28 10:11:41,2017-07-06 17:12:13,2017-07-20,4488bbbe7127060a8b52c8bd3253dc05,2017-06-26
820dae5229a9c2f6d7cfcf9e327c46a7,467247d869b38526a64ed79e2b96211a,delivered,2018-04-29 15:18:48,2018-04-29 15:34:52,2018-04-30 15:13:00,2018-05-08 16:23:35,2018-05-22,4e028cda495e1923851032da7ce43a4b,2018-04-29
f729e44f11c7a06db2838b465e8dd090,4a1bdb795a09dc4baecc328caa3e46e8,delivered,2018-03-08 10:39:48,2018-03-09 08:55:48,2018-03-12 21:29:31,2018-03-26 23:03:31,2018-04-05,436791bb96065a2204c91b812b82f96d,2018-03-08
d78f37563bb2b393bb33db35d835b390,7d50e349780d01d65771d942782b7349,delivered,2018-02-22 09:39:22,2018-02-22 09:50:33,2018-02-22 21:22:43,2018-02-23 15:48:55,2018-03-08,75911973553414cf548f0d62eb2f0fbc,2018-02-22
344b231153370562595043fd9747b922,b5c718dd1d2183428f7e6e2832958a64,delivered,2018-07-16 15:51:54,2018-07-16 16:00:24,2018-07-17 10:38:00,2018-07-20 15:02:55,2018-08-06,14bfb30e1d078782ac8c1771f9f8e4dc,2018-07-16
1bcee4703d916a7dead99492b946773e,1676edf55749e467544f15922750a231,delivered,2018-03-02 15:16:38,2018-03-02 15:30:28,2018-03-05 17:33:12,2018-03-22 16:33:44,2018-04-06,7a735b500033f8e5957f28a80a3d6fdf,2018-03-02
cf8565a85deb141e6113476f67622a70,80acb3276f8c1309c044141f104f85b9,delivered,2018-04-27 12:59:22,2018-04-27 13:40:51,2018-04-27 13:47:00,2018-05-04 21:24:55,2018-06-07,2f2f4b5a5700a5b108e6da7f0f5f5bb3,2018-04-27
1446f87ab63443ca948c7faa3d7ef194,eb01d4ef6bd5691607289b7f83bbfd7e,delivered,2017-11-08 15:13:33,2017-11-08 15:26:56,2017-11-09 18:41:49,2017-11-14 23:18:56,2017-12-05,7b7d74f88fc2cd98a1d69ec802f7d802,2017-11-08
5b3d2b157ca74d2d34ad885558069f76,20b718f118c003df537023fc0f80cbe1,delivered,2018-04-08 11:34:22,2018-04-08 11:50:07,2018-04-10 23:19:19,2018-04-19 22:41:48,2018-05-02,d7d33487abc536a2580f486ec81d6a5c,2018-04-08
78a4201f58af3463bdab842eea4bc801,d39c97549a412a82dacf30fe5f144cb0,delivered,2017-09-04 15:17:12,2017-09-05 15:24:13,2017-09-06 20:17:46,2017-09-20 22:24:03,2017-10-03,91ffaf5eb7f4bd6a48b07f3546fb7a99,2017-09-04
606a4d197c2fcc7ea1b91a89c0843f1e,3ba4c54a45fcf215d16b7c5fd916deaf,delivered,2017-11-16 17:02:47,2017-11-17 04:26:12,2017-11-23 18:29:09,2017-12-22 20:45:13,2017-12-14,4e2921718ee14388ff9d798ba49528a5,2017-11-16
c02ba990f9573a840c307babf93b3416,fac62f659b6e79c9004f4df20f81e56c,delivered,2017-09-03 18:42:46,2017-09-05 04:36:04,2017-09-06 22:59:07,2017-09-21 22:18:05,2017-09-27,0f5f1f84c0b3477566faed7897d4c89a,2017-09-03
ead9d718dbe26ebdb5a79beb5f31eff6,28eee84b2c56deabb471108afe34f05a,delivered,2018-04-19 11:13:02,2018-04-24 18:25:22,2018-04-24 00:15:12,2018-05-09 16:37:37,2018-05-17,77df20310be408aef2232f007322f795,2018-04-19
113c27b79eb067ecd214d592db312190,d3f60e1e5172b9cde50298bb5bb0de2b,delivered,2018-01-16 14:09:55,2018-01-16 14:30:15,2018-01-17 19:28:58,2018-01-29 19:28:49,2018-02-09,6af1b5063e79ff8ebf1b7dae769fd7a6,2018-01-16
382bd2a77ebdc4326381e5abe788a6e0,ffa5f79d25122d389eda319a07f2f713,delivered,2018-04-05 11:20:34,2018-04-05 11:30:14,2018-04-05 23:06:41,2018-04-28 11:58:40,2018-05-03,650230b7f50c042bccc1a7915839decb,2018-04-05
04287a84357d7a29361c0948ee9bb4b4,1a6619159ba150721453e7a7650ae0ab,delivered,2018-06-24 17:55:27,2018-06-24 18:15:19,2018-06-25 14:24:00,2018-06-30 15:28:25,2018-07-17,e7928873aa29a8b16ac777ce228c92cb,2018-06-24
ffeeb911d070bea3dd20bd5fd01da5e8,c580ed6ed2fe3533df6af1dcb43bac94,delivered,2017-10-06 19:10:16,2017-10-06 19:25:54,2017-10-20 18:15:59,2017-10-25 18:17:06,2017-10-30,2ccfd5dc1ea812c6386a7a282e5bf180,2017-10-06
3bee2e950ef2b2811ae57c743f57002b,8e36e53f2e3e9edc6bb47c5bba41a4dd,delivered,2018-02-18 21:30:04,2018-02-19 10:15:32,2018-02-26 15:39:23,2018-03-01 00:48:38,2018-03-07,dc3c039d7e42558e1d230dafba00d888,2018-02-18
9aeff482efab96799fcef240b00a589e,a47435a823dad91fcca89385ec106e7f,delivered,2018-01-08 18:26:19,2018-01-08 18:36:21,2018-01-09 16:25:37,2018-01-22 14:56:25,2018-02-06,beb7f6b7e8a64d62dbdee8a7d04387c2,2018-01-08
0dcbdac8c6463d75e774a3ba98d11561,c9785fad52a0529dc731d1c2444f0873,delivered,2017-10-09 17:34:15,2017-10-09 17:51:31,2017-10-10 19:20:13,2017-10-16 21:02:49,2017-10-20,0be35bdbca431cbd320ad12d7ecfd211,2017-10-09
fcceb7beda0bafc845956f10e4aebfd8,0143daf7466a5e7886eb9d1738d293b6,delivered,2017-07-19 20:41:36,2017-07-20 21:05:13,2017-07-21 16:22:27,2017-07-31 18:14:37,2017-08-18,51e1a99e6888fce6fe3a58ef48cc8fe1,2017-07-19
855632576dae35f0e89fa6c955282642,edbb8ac50121765cfc23dc7691aaaad2,delivered,2017-06-15 12:25:39,2017-06-15 12:35:33,2017-06-16 14:09:40,2017-06-23 13:12:44,2017-06-29,2f3969c0e722e4b3959680a7e89f7221,2017-06-15
8c99ded071cd4b62202e613d2335bc27,a4cc880564ad5a16d186f1b9e65fb61a,delivered,2018-04-09 18:26:35,2018-04-09 18:35:20,2018-04-10 19:08:51,2018-04-11 20:03:49,2018-04-25,d1fc384efdb06155d019860f302d40f1,2018-04-09
842f46cb12e63f6ed6e5266efd2959ce,37b1637fce7efc4438e4e9345d781600,delivered,2018-04-09 13:36:03,2018-04-09 13:51:04,2018-04-11 17:52:45,2018-05-03 15:37:01,2018-05-04,8c8599d9df59347ee1ff99500b68bd94,2018-04-09
647a878dc34645d35999b5dc9d506373,945c16aa5965b3a95580ce93421305cf,delivered,2018-05-13 12:19:44,2018-05-13 12:32:45,2018-05-15 14:12:00,2018-05-19 18:11:47,2018-05-29,2e46b03b6d9169b272125214b37d1e18,2018-05-13
607151a6fd6a09510f6ca248e8fe1bc3,5a6cb5527c25e5b4e0264f547a089635,delivered,2018-02-16 09:58:19,2018-02-16 10:10:25,2018-02-16 20:52:15,2018-03-06 18:58:37,2018-03-14,d1eab95c2da60a550b7aa846cc6e87b3,2018-02-16
17524778aa49be21fc28936461d0c5ff,159399fa0233cdc4ace4dc9d61910804,delivered,2017-03-18 20:49:05,2017-03-18 20:49:05,2017-03-20 14:07:03,2017-03-23 16:44:07,2017-04-10,8ea937173be193ad74b69630292333c8,2017-03-18
50aff4b82439e01c5e75e12dcecac8c6,efbbcc8484d169b9258bf1fae14a1d7c,delivered,2017-11-16 21:35:08,2017-11-16 21:53:21,2017-11-17 21:07:37,2017-11-21 22:17:28,2017-11-30,e04d39bb866af68dfe6903321fd170de,2017-11-16
594be2ebade43b59e6b9a29886de1de2,3a5394905de8ec12896dce1ab2c8d1ab,delivered,2018-03-27 13:41:56,2018-03-27 13:55:09,2018-03-27 23:08:44,2018-04-10 18:49:19,2018-04-13,f63b9613b652038ca11de8ac327106a0,2018-03-27
8752bda3e45c2207f9dc0f94146cd228,cdad404012d87f4b60979ab87a197661,delivered,2018-04-07 19:20:42,2018-04-07 19:30:17,2018-04-10 23:38:51,2018-05-05 17:43:01,2018-05-08,5cb0e074df43a9cd0f662f776c4ea0b5,2018-04-07
19c69edb627a5967124863535d497453,3fa5e2b281cc8eddbeb536357a9e5f2e,delivered,2018-05-18 08:49:05,2018-05-18 09:16:21,2018-05-22 12:43:00,2018-06-08 17:14:48,2018-06-12,ddc8f013aa0b28c46230152ce041a74e,2018-05-18
3e9fee97691551e4a1444f095899d5f9,b3e3fe3971fb3b7c1776e69da97eacea,delivered,2017-09-01 11:49:24,2017-09-01 12:04:33,2017-09-05 15:43:30,2017-09-14 19:12:26,2017-09-21,7898f066e7ca1be625589d012a52db34,2017-09-01
2aa14f19125c2bff4127b08c872a8b59,24837e3e2c1cf723f71edc1a281e7bf2,delivered,2017-06-15 14:39:43,2017-06-15 14:55:06,2017-06-28 15:33:04,2017-07-11 16:41:51,2017-07-20,aca14f8a22e212118aa41758e2af2e76,2017-06-15
b44d57df8658ffbfb846852cee8d87d2,dc13d8f53bb887e4d6dde17d3a3299b0,delivered,2017-12-05 19:02:21,2017-12-06 07:13:50,2017-12-12 22:33:56,2017-12-28 18:18:08,2017-12-28,113ae50e040db6763fc77e16b7e3f7f3,2017-12-05
db0d6bd65ccfca6371985ebcc2227efe,f40ed29ddf8d56ce6055e1a37094ab0e,delivered,2017-03-15 08:17:32,2017-03-15 08:17:32,2017-03-15 10:34:06,2017-03-17 11:52:03,2017-04-03,86c1cf9b50b98e75441353563862cd14,2017-03-15
7a5098bfacce471e5cec8583f0dfe4c6,05504b0007f99eaae8d5fbf8cd780798,delivered,2017-10-31 11:16:00,2017-10-31 11:30:33,2017-11-03 21:19:44,2017-11-08 17:28:43,2017-11-24,ff529b441e5bcac64f7850ed9b723079,2017-10-31
a3158596d75b867b743226ce715f340f,accdf10d0b06f66eed89b656dbec776b,delivered,2018-03-22 16:02:53,2018-03-22 16:50:35,2018-03-23 18:48:49,2018-04-03 17:07:33,2018-04-11,267a2a8505fffa1e8718b6ccc36c0d19,2018-03-22
77a6d5a1a8e5b3e165b43761f761cb1b,fd07236975eca474cd2ecd2bbd7f8e7e,delivered,2018-08-11 20:33:13,2018-08-14 04:25:07,2018-08-14 14:31:00,2018-08-17 21:13:15,2018-08-24,dd6cd964884070fe44be250342f3411d,2018-08-11
e45956d693225b91e3cb777279bce585,d3c49195f47873af8ff680c4bf942c5c,delivered,2017-07-14 13:51:46,2017-07-14 14:05:54,2017-07-18 14:38:39,2017-07-26 19:39:39,2017-08-07,2cda8c47318d9419bcd27c8fb84ce421,2017-07-14
635f576ffd2031b8aba271d85a739949,aaaacadacc4a1f2d0df016ddd73609cb,delivered,2018-06-18 16:29:28,2018-06-19 09:18:23,2018-07-03 11:28:00,2018-07-06 17:41:00,2018-07-24,30e53440b7eb1c2402089bc4b2d9f7f4,2018-06-18
a376f17ec68dd516869482e28ba976b4,6fb54da47c0032684f348042cf61fd1d,delivered,2017-03-06 18:25:02,2017-03-08 06:35:36,2017-03-09 05:36:06,2017-03-17 13:48:04,2017-03-30,4ebbf4f17d293f4f0195b3f6e76bb766,2017-03-06
0903e0b7f189735c47cae28e5e5766f5,1bc16e02bedfd980cd935973425f1cd2,delivered,2017-08-28 21:35:08,2017-08-28 21:45:37,2017-08-29 15:50:09,2017-09-04 19:09:40,2017-09-15,003035f5ec76f2220098377482de93c9,2017-08-28
f88acff83deba351d28bbe79c34eeeb8,830d879ff68fae5fef0930cbb6cb8799,delivered,2018-08-13 21:58:50,2018-08-13 22:05:17,2018-08-14 14:17:00,2018-08-16 19:08:43,2018-08-22,7375e5404563c99a1f80ef5e6c0f1795,2018-08-13
4a82a56f850507b43e8aceaed75a091b,ce592ad7925e24b891730859400babe3,delivered,2018-03-26 11:29:37,2018-03-26 13:08:34,2018-03-27 19:13:06,2018-04-13 01:22:37,2018-04-23,b0c133597229819ec06cbc7eace5403a,2018-03-26
674ad026128b13d3d0c0bd4a6e0b66c6,553c9508cf896661953526c7a0d46e66,delivered,2018-08-16 20:55:38,2018-08-16 21:10:15,2018-08-17 14:53:00,2018-08-23 18:12:22,2018-08-28,79cb10643c4c675f8b4ec966ebbd14db,2018-08-16
f6315cf6215547825532e27ff0be9401,0acea968cdada6a3801218d72ba2f8ae,delivered,2018-03-19 17:39:48,2018-03-19 17:55:36,2018-03-20 19:12:13,2018-03-29 23:13:22,2018-04-13,3a93b058ab7eaad243c67fc2f88ec591,2018-03-19
b0c6259cdeba00d7ffe88f50be25f57e,880debca84176936aef2ede72ff166e8,delivered,2018-01-22 14:14:28,2018-01-22 14:33:10,2018-01-24 18:08:52,2018-02-15 20:47:02,2018-02-19,c718a9c03087a2057970360fc7d031a8,2018-01-22
e619222dc1c471bc9cc8375cd448af63,f488d5cab7cc4def4a186af6a74722b1,delivered,2018-03-21 13:34:11,2018-03-21 13:48:14,2018-03-27 19:21:34,2018-04-06 23:47:55,2018-04-09,7b7f5820636001def9f79c961c40eb7c,2018-03-21
8dc67de08c1738a90e70f62f2920b432,7345796de7fb5b3566b3564b2b10f9d9,delivered,2017-01-25 01:29:42,2017-01-25 01:42:12,2017-01-25 09:22:00,2017-01-31 18:06:24,2017-03-08,1c4b42ca9386909cddeb8ae649be0f9e,2017-01-25
521bbed0033539e0f0a361abacccc71e,46c8ce63c792dd00af67439dccb2a617,delivered,2017-10-26 23:16:28,2017-10-26 23:30:20,2017-10-30 14:14:10,2017-11-06 22:14:47,2017-11-14,14e9d0a61e95b99344f0fd3cea0ab51c,2017-10-26
79e2067169f58128a02eb6d4ea2a7372,552cbaf65982cd192f15260374cc0ea4,delivered,2017-07-14 15:51:29,2017-07-15 03:25:45,2017-07-17 14:05:27,2017-07-20 20:23:29,2017-07-31,ada6df32eb58762e6426f724772425b1,2017-07-14
2f7e28557591670c3bafadee171c72b0,26f9fd598531fc99fba0352f45cbbda4,delivered,2017-10-09 19:29:20,2017-10-09 19:42:18,2017-10-11 13:43:59,2017-10-24 17:59:42,2017-10-31,21c8aa0cb27943cbf33d75985e28da67,2017-10-09
aff213550fc5337dae6c2409de97807e,b71c4219b9a9d3099bb874afb7a44df4,delivered,2018-01-17 10:45:45,2018-01-19 02:37:16,2018-01-20 12:24:23,2018-01-26 17:29:22,2018-02-07,2c915ee0762762ea68803523115eb2e7,2018-01-17
0cc9e18508708774c1c956cd3ad9e910,a08e096b01b1231d0e7b11cb0cbe0fcc,delivered,2018-03-12 10:34:34,2018-03-13 04:40:28,2018-03-15 03:12:14,2018-04-03 17:38:10,2018-03-28,c4ae87fce2efe3519539c085b11b5bb7,2018-03-12
e21f1d324fae5b5f66b4f4347503fe40,2090ba0c4f3d786d822c4a4ceacea7f2,delivered,2018-04-30 08:42:58,2018-05-03 04:35:18,2018-05-03 12:36:00,2018-05-10 19:40:43,2018-05-29,d3e4ad9dd52a42086f679143e093168d,2018-04-30
8c007d0c7bfabe041dd7bc0514210ed9,e9a8ec739f5a59dece9f715ef4c8aa3d,delivered,2018-04-16 17:24:04,2018-04-16 18:55:26,2018-04-19 00:16:51,2018-05-10 19:51:27,2018-05-16,4f74deed8a65a5db0b1f5d82eb79d723,2018-04-16
e0c8e19935331054195ca859f10e056a,9e9e461189e83078ae06674afdd94eb5,delivered,2017-10-16 12:28:39,2017-10-16 12:46:10,2017-10-18 18:53:28,2017-10-24 18:38:39,2017-11-01,a518c60e2e7f3a2820b4ef5cf5107189,2017-10-16
71d81a35f1b361216ed02aab5d56325c,ba12c55c5bcba69b43a893e430f972dd,shipped,2018-01-19 02:49:33,2018-01-19 02:56:18,2018-01-20 00:48:31,,2018-02-09,72dd86f7a69a6b31fabc767b8a601b7d,2018-01-19
94ab04bddd7b1b7e183c95cce062c3f5,eaa1126189a8602421bc4c206273ff41,delivered,2017-07-05 17:00:12,2017-07-08 00:10:26,2017-07-10 12:22:12,2017-07-26 17:36:55,2017-08-04,c1bd5a764a8e8e6a97b12651683d2deb,2017-07-05
5f064781620790a450c0308f09adfd8d,28297d9e3d16e0239dba1fddf699137a,delivered,2018-01-14 16:01:56,2018-01-14 16:11:21,2018-02-07 18:34:14,2018-02-14 22:09:13,2018-02-05,d1ddf25f8dfbc742221426815c73d887,2018-01-14
b43df491e0d3baf726d66ac133ddc15e,0c71b597b4ce46a087162c4562843000,delivered,2017-10-06 12:24:56,2017-10-10 04:08:08,2017-10-20 22:34:40,2017-11-04 13:31:38,2017-10-31,ccef77f3084b87408c1b76af981d925d,2017-10-06
e10cd38d4b2c2c6a369d7e4a15645aee,96da9677673906f17526f0e038e826dc,delivered,2018-03-07 13:05:03,2018-03-07 13:15:34,2018-03-09 05:21:23,2018-03-19 22:12:41,2018-03-23,b8376d9f661bc58e3b1340459954d3c5,2018-03-07
0ff97226c07e92ca14cbb9d324c624a0,c8ece683fdd660e0bef8c967d4a275da,delivered,2018-03-18 03:25:48,2018-03-20 03:28:51,2018-03-23 20:37:34,2018-04-02 18:56:26,2018-04-10,83c69c716404a358893f81c6497e6ed3,2018-03-18
8b811ce1136aa62076a39e8b8957dcd5,5c664af0ac60101f1ca9f331b338e66b,delivered,2018-05-10 08:41:04,2018-05-11 03:10:25,2018-05-16 14:39:00,2018-05-21 16:11:01,2018-05-25,2fee29299e39b16c4a6148c70626d1f0,2018-05-10
88495a304ffc01e1af6d23769628f3b0,f5d424d732a0df26a3f0e85276ce7664,delivered,2017-04-16 20:08:33,2017-04-16 20:21:37,2017-04-18 10:18:27,2017-05-08 09:43:45,2017-05-22,0c1ddea173c72be4365ce597afae1709,2017-04-16
7533138abe254f5d3856101e4a21e5f2,5164e21ce84142db5439f4ae25f579a5,unavailable,2017-11-17 19:42:36,2017-11-17 20:35:41,,,2017-11-30,892359f4ba99a24f1addac26ba108a90,2017-11-17
f7f4ddbedac13a064aeb2fe0d513cabd,4772675e2dcf52a460be40d34c3d6d28,delivered,2017-11-19 13:21:52,2017-11-19 13:31:27,2017-12-05 18:26:32,2017-12-09 11:22:57,2017-12-19,e9c65641a4717db15d3561f386e99298,2017-11-19
7bac976651f930dc34309b61897ce46c,6142dbf032917a89d9fdd387b8258cc3,delivered,2017-06-28 20:08:40,2017-06-28 20:23:38,2017-06-29 12:57:28,2017-07-03 14:21:43,2017-07-18,85d68668dd9a06dab771bd981139423a,2017-06-28
a8ab159f82af4257ef7c239358b1221a,4ae0e56fdf4e50a702d17c18f46c1b4a,delivered,2018-05-11 14:29:45,2018-05-12 14:35:14,2018-05-14 14:49:00,2018-05-15 13:29:09,2018-05-24,8ec956cfe8bed61c0878a7159c26c52c,2018-05-11
6ca65e175a893a8e77348e059f44d6e7,b6821724e95a5a71d7eeea00d6572f33,delivered,2017-04-29 21:36:00,2017-04-29 21:45:10,2017-05-02 16:04:42,2017-05-24 05:19:48,2017-06-06,609c04ed699f0e3a99bf562bf5627a25,2017-04-29
416947793fcfcfdb8304c26bc40fcb67,c386aa441b01ca7a484d2763114ab2a1,delivered,2018-06-09 10:52:31,2018-06-09 11:11:17,2018-06-11 13:54:00,2018-06-12 19:18:52,2018-06-25,1d5037eb2695392bc7e8fdef8d0f6c04,2018-06-09
b8fdf0a70040d5461adca8f95ba4171a,a56a99918e8686b7d35af612dd30e86e,delivered,2017-12-01 12:18:11,2017-12-02 02:38:25,2017-12-04 17:52:59,2018-01-05 17:06:15,2018-01-04,45df9d71b80f651fcfd26763eebd027a,2017-12-01
9d1e1148a27502fcc6fce14e7707a2a1,07318eaf837742e434a89c164e278d4d,delivered,2018-02-07 13:51:11,2018-02-07 14:10:03,2018-02-09 16:28:48,2018-02-19 16:25:04,2018-03-08,fcbcdff7cf8a3d3291f4526436df9227,2018-02-07
c1fad8c885084c5b05f3bd5e2dd56218,163d02fbf4c0a8c056d41c7a0862f596,delivered,2017-09-21 09:31:51,2017-09-21 09:44:54,2017-09-22 18:27:52,2017-09-27 19:06:30,2017-10-20,2dfafba03464ada6371a57ef1e94cc4b,2017-09-21
13b7cdafde78bebb404d4dc74c04fb82,07c9872dff5069c277abed8f425e133f,delivered,2018-02-15 15:34:46,2018-02-15 15:46:50,2018-02-21 23:37:05,2018-03-29 20:51:28,2018-03-14,e441de09b3cde535ce9996b999a4338e,2018-02-15
992ceb46113db17e36d49903c2c31e12,c4017d1e1b7eeff63fa5f41373ab7527,delivered,2017-11-16 13:29:24,2017-11-16 13:49:52,2017-11-20 14:27:52,2017-11-30 21:43:23,2017-12-08,ddd9fc3cb22146fde34d614a498710a5,2017-11-16
a7812cdb3ea9fe478b52292849c0c261,25c64139f2f78f45984425a76135b2e0,delivered,2018-08-21 15:22:16,2018-08-21 15:35:23,2018-08-22 12:48:00,2018-08-27 10:41:38,2018-09-19,3e4e094846680d745e8769dcbe6732fa,2018-08-21
6fbe92e0f9d5a728e3fd2be036b5ab05,b2e007cf7c50903380e2bda1c32ec398,delivered,2017-09-04 15:51:41,2017-09-04 16:04:37,2017-09-08 21:28:46,2017-09-12 16:12:32,2017-09-15,7b33826522b69e307e436235a0a6980a,2017-09-04
b9886766c7d03ad40eb4f341af209a88,773e44148a162cd665cec3f70a9f4fa2,delivered,2017-03-25 09:45:45,2017-03-25 09:55:19,2017-03-27 13:45:14,2017-04-03 15:43:56,2017-04-27,42ec23281be69bee5dcc78d687e4a416,2017-03-25
fbe00a3fcc28965ba29bbe674f7672e6,c18f79251c0fa3911b0dc69861eb8e9f,delivered,2017-08-25 11:14:44,2017-08-25 11:30:10,2017-08-29 18:33:34,2017-08-30 23:56:10,2017-09-08,2ab9d099a3848dd313d2c91159ddff27,2017-08-25
9ae55f703836fe363393a3873c1b42b4,735df4af3d58741f56fe349cb94aa54e,delivered,2017-03-01 22:03:30,2017-03-03 02:15:13,2017-03-03 11:35:11,2017-03-13 11:52:43,2017-04-05,c9ea03d6d70c919ca3e379cbac8299a6,2017-03-01
707b67c6036569d9eba912e2c8609ee4,111a2956d57d20d510a33b3e06281f02,delivered,2017-03-26 08:01:21,2017-03-26 08:40:07,2017-03-30 16:32:08,2017-04-05 13:53:06,2017-04-25,8ad100bc542bf49fb222d70f6b0953db,2017-03-26
b73517c8c0f185cef5f704b9191f994d,83f9a2d3f4a98dcdbfb23e433998ec34,delivered,2017-10-20 20:55:17,2017-10-21 03:06:01,2017-10-23 23:33:41,2017-10-31 22:12:36,2017-11-09,377d4b6bb6f623575cb79847f79f27d3,2017-10-20
34b630a20e82d7e009b8fd8347596cac,bf6c410fe2a50bb23239b57ee1fb8f26,delivered,2018-01-23 09:26:49,2018-01-25 02:38:12,2018-01-26 02:06:51,2018-01-29 20:27:39,2018-02-15,898a745dde6d9ee0fdde3c14c2a3d7e2,2018-01-23
c111a2ee4155c4150716cf0e50311d06,05a87ac6766c8ae5ae93c0a249b5508d,delivered,2017-03-30 13:34:50,2017-03-30 13:45:15,2017-03-31 09:59:05,2017-04-15 13:22:36,2017-04-19,357488646eef476ce86972632c0d64ad,2017-03-30
22ee2aa8eabfe51f0ed9d8b92824cd53,fde64bde51785db002967d3ead4b36de,delivered,2018-07-18 06:31:49,2018-07-18 07:01:33,2018-07-18 14:24:00,2018-07-27 14:17:27,2018-08-06,3047bc393f873605e96b867d3cd41252,2018-07-18
8dd157f9e9b6d962be4a88d78a5c1d45,7fc9c2205e1c413236bd7c1e4fb0f53f,delivered,2017-07-22 14:42:47,2017-07-22 14:55:14,2017-07-26 10:36:03,2017-07-31 19:38:00,2017-08-11,1fb7ae468beb3400c967b001713b317c,2017-07-22
b67ec1ba150cc097d3ab518272e6cf3f,d383ffa554accda33e87d9d5df2d7bd7,delivered,2018-07-16 16:41:20,2018-07-16 16:50:19,2018-08-02 07:18:00,2018-08-10 17:16:53,2018-08-03,5c010e8ba6c494b6e3056be4760af4d8,2018-07-16
fef894b62a0f41d0511cdb289f554533,0769ab693e5378ff144663d3fb3eb792,delivered,2018-04-18 08:22:18,2018-04-19 02:15:23,2018-04-20 18:13:36,2018-04-24 16:07:43,2018-04-30,1d68d3bf3238474b34a84421bd4e64c1,2018-04-18
859baae7fe80b6ffdc2904cc16e16431,9a926a6d7f4cfc314e04fd9b4eed0672,delivered,2018-08-02 12:04:42,2018-08-02 13:30:53,2018-08-06 13:58:00,2018-08-07 10:58:40,2018-08-16,c4c35b9d3d1e2564334d3154ff7d28a5,2018-08-02
e7f8b6dad6d14bd7555e2bcff5790f33,fc79438f18212d55e578ffd235a6f95f,delivered,2017-11-09 16:05:46,2017-11-09 16:26:33,2017-11-14 21:59:27,2017-11-21 18:47:27,2017-12-05,189d1b0062537dd02fab4db954e2d102,2017-11-09
3cb3f6f3260322db164ba9b44b6a07af,c98b7957f7c40a66e916512d00d46a2b,delivered,2018-03-12 18:10:59,2018-03-12 18:29:35,2018-03-13 21:48:31,2018-04-19 04:28:23,2018-04-06,7c6b2fc91c2ced8d8142ed5072677359,2018-03-12
ba1f6216a5c2428edf225c23708fb2a3,0677c160b8b19e0873a5096b5bdac0a5,delivered,2018-07-31 14:56:12,2018-07-31 15:44:33,2018-08-06 15:09:00,2018-08-09 19:03:08,2018-08-27,c930522d8f6d987ea43231c01b3cd582,2018-07-31
1fc96c24536a72f7707e0684d6886610,0e02bdf960198a4a18cde1eb87c230b3,delivered,2018-02-27 14:12:54,2018-02-27 14:29:13,2018-02-27 23:07:49,2018-03-19 23:34:33,2018-03-26,0fb758803f59157ecbc08969068ec723,2018-02-27
687360c3a0855ebff512cb8b6ccab95f,1b1dfc50053699ae79b11eb126c0bca2,delivered,2017-11-24 22:00:23,2017-11-25 00:35:19,2017-11-27 20:03:48,2017-12-04 21:42:23,2017-12-21,fde78af2c33b53c7e9077e6ef7271bb6,2017-11-24
f2a981144e3633e7a6283e0dc92e62a7,593b02bb67c69b21a32bf4f28fe3fe6d,delivered,2017-11-16 14:39:39,2017-11-16 14:52:02,2017-11-21 09:38:31,2017-12-07 13:59:05,2017-12-13,fd19870765bff85d0c1e1f6819f16989,2017-11-16
715001949a42ea3ce6599c13f748dbb5,3cbb1f9baf4a4cc2e574a514091d9c6e,delivered,2018-05-02 10:47:01,2018-05-02 11:13:41,2018-05-09 12:44:00,2018-05-10 20:46:51,2018-05-17,7041cc1374ed6c2202f4cd8c3fcbf4d8,2018-05-02
fa3d745324c8a96e112e217b025689f1,ac1a389528fe61d073b809c5cd02d95a,delivered,2018-02-05 14:38:57,2018-02-06 15:56:02,2018-02-10 14:27:04,2018-02-19 16:04:36,2018-03-13,7d35f5764e668c9deade51c2fd31758a,2018-02-05
46d45c02db0c16939f8f1c45a9c8a344,56ef7b991567c06caa6eb5f470716ee3,delivered,2017-07-03 20:29:51,2017-07-03 20:45:12,2017-07-07 19:21:54,2017-08-15 11:47:30,2017-07-25,fc4f552426fd20dd5e94b2cc88d2214d,2017-07-03
072916d00b6a53edec9ccdb3eba1bdf4,a4f138dbdd2ad412bc7173fedc0e0bfd,delivered,2017-09-14 16:21:19,2017-09-15 16:25:16,2017-09-19 19:36:11,2017-10-04 11:23:00,2017-10-11,1c0021da0039ca9e7ed770e4b2a1498a,2017-09-14
108173215646e9b5697cc0da5140f13f,355670f34587eb802a40006a0fe3374f,delivered,2018-04-10 10:04:14,2018-04-10 10:15:13,2018-04-11 17:07:34,2018-04-12 17:36:43,2018-04-26,e57884a347f585cce8f8b6fb08ba39c2,2018-04-10
ce330ce003991988582d2fac28b901df,9145fc506c5f6bc8ba41754b1950da05,delivered,2018-05-04 15:44:40,2018-05-04 16:13:22,2018-05-09 15:13:00,2018-05-16 13:06:38,2018-05-22,a9ef550a2e94766b3491bffc789ad91c,2018-05-04
60b17021cb20c803ad265dc1847f06a4,1435646705531d9d7ecba595d247bd50,delivered,2018-07-24 17:06:32,2018-07-24 17:24:18,2018-07-25 14:17:00,2018-07-27 15:38:32,2018-08-08,d236006dffb32725e28fde955d09fbc5,2018-07-24
632d2d4329144ecd9b722a64e8756021,a0c9a96bddda514e326768ea17f07e3b,delivered,2018-01-31 10:00:15,2018-02-01 09:55:37,2018-02-05 19:59:00,2018-02-19 20:39:14,2018-03-01,0f9792c89b45f7ebf533c7d66f65b30b,2018-01-31
e2d092db21e901d04985350bf0e748ac,08fbfcc1b6c48f73ddca8312c78f6f53,delivered,2017-01-18 20:11:57,2017-01-18 20:25:10,2017-01-22 21:41:59,2017-01-27 09:37:35,2017-02-28,4d30f9e0514e084c4ad6368a3afeeceb,2017-01-18
96bd9c3ad7366522a8a0ef40301faeb5,889cd3474f77acd3ef0855d052106597,delivered,2018-02-26 12:30:46,2018-02-26 13:20:27,2018-02-27 23:56:42,2018-03-17 01:06:37,2018-03-19,952a24995ef3c80aa867df313ebaf40f,2018-02-26
5fb4ea19db61afd32a7c48b4200b9455,42d652cc2f5e6c9c6c553bcd3a9b55a5,delivered,2017-11-24 15:03:08,2017-11-24 17:20:35,2017-11-28 16:02:52,2017-12-13 18:17:09,2017-12-15,f7b8e66ce4e958b120376498e38a44d7,2017-11-24
f89525a2a79be7efb2afb5844cf2652d,95b4a36f930a1f9f697ec131a1a20729,delivered,2018-01-24 11:18:06,2018-01-25 02:58:15,2018-02-01 00:58:40,2018-02-14 10:46:36,2018-03-01,2a532e879c1278727d9d7001890cd333,2018-01-24
ae9da8a9447f05b1310ecf197fca8bb5,f1442ab94c95e9913594b849c1e217fe,delivered,2018-04-08 07:57:38,2018-04-08 08:10:14,2018-04-09 22:19:46,2018-04-30 22:46:46,2018-05-08,1c9fe07351b25b3c75c6e480fd607047,2018-04-08
3174b803120ff7406c6d04c542a80bfb,dcbedfb087496e64857829044630a2b2,delivered,2018-02-19 15:51:58,2018-02-19 16:55:51,2018-02-20 19:58:57,2018-03-07 17:48:45,2018-03-21,1f730c825bb084addd4914f9c2390f35,2018-02-19
1babfee437780308ec561f18fe055a6f,60d789c27fc12b99518a66072e501ad7,delivered,2018-06-18 12:59:23,2018-06-19 04:16:40,2018-06-20 08:42:00,2018-06-21 20:36:36,2018-07-11,328dae7e902bc7ed98e3089e3f3bf412,2018-06-18
491796bba785a397014b993ef8006380,7ec2fa9e2ebba90c99f413e7b8c5f3cd,delivered,2018-01-26 12:03:26,2018-01-26 12:21:39,2018-01-31 17:34:03,2018-02-19 19:48:57,2018-03-12,22fca38d04dfbc312a3f14bd5b033124,2018-01-26
3c79ec251c0c9e0831dcc2cf541c5dda,02f615f19af07c54a0d4653308f6674b,delivered,2018-01-25 23:41:44,2018-01-25 23:53:19,2018-01-26 14:24:32,2018-02-14 16:17:01,2018-02-21,661bcc412eb64f26a12a5c0c46cbb449,2018-01-25
3ffd7375839be4547d1c419c90403c27,b062e21ddddbe16aeb797c181e1781e1,delivered,2017-11-25 21:39:12,2017-11-25 22:16:48,2017-11-30 12:02:53,2017-12-11 19:22:33,2017-12-19,ab2833d17fa6bccadb045eaf458e7e5e,2017-11-25
49410e2fb311cf8b70baeea98a3cdbf1,973d4d86f73cebd0e362b5e7b1ff21b6,delivered,2018-08-01 22:05:17,2018-08-01 22:23:53,2018-08-03 15:03:00,2018-08-13 12:03:53,2018-08-29,5e8da91e476f88a5793468512a8c4ea0,2018-08-01
bec6392d5d6a42bfd3a09e8732127f0e,9e6b8ac2dc1c8ba93524d13cbb88eef2,delivered,2018-04-24 11:12:33,2018-04-24 18:56:35,2018-05-02 14:50:00,2018-05-03 22:03:59,2018-05-09,095b7524beb39e2aff07a9ad5bda12cd,2018-04-24
6c2dcfbb6b7343d1baeb186ccfc217f0,29ab6f0efa83bad4156309c2ca057e21,delivered,2018-03-21 12:06:36,2018-03-22 22:27:30,2018-03-26 21:00:14,2018-03-28 16:36:35,2018-04-10,d85e33fdbf3df6f1d614bf71e6b4f86c,2018-03-21
6fa507b714ac24b88af01fdc92ccb77c,a0f6c55b4629fe861494feabd08f8e91,delivered,2018-01-28 12:14:09,2018-01-28 12:39:55,2018-01-30 02:36:45,2018-02-20 17:20:08,2018-02-21,138decda40ca65000051f0c730374830,2018-01-28
bdc8e349078c5028fba22d1da1066974,29b4a67a15ed1f8e7a4927595c80363d,delivered,2018-07-31 23:25:20,2018-07-31 23:44:07,2018-08-01 19:33:00,2018-08-03 18:48:54,2018-08-03,cbaf7f97e762e8042be7e067c91b4918,2018-07-31
33c97c0983409cce4352fd750138e556,5315024f901f933bd377d1bca7928057,delivered,2017-12-02 12:02:34,2017-12-02 12:20:26,2017-12-05 16:08:59,2017-12-15 18:47:22,2018-01-09,0042dcca0ae57aaec6e808edc31a2d48,2017-12-02
67e09c3ba79d3041e1653c7dbf03425f,bd930a85ef27d61b7f4b99458ada6956,delivered,2018-01-30 16:11:21,2018-01-30 16:34:56,2018-01-31 23:39:53,2018-02-21 00:57:43,2018-02-23,e11e6bf5e7ed9524d704de9a940e9232,2018-01-30
4bd99e53cba81bfc30dea95659b864e7,a5bfea387ffb4b85ef0e5f849d2ceee2,delivered,2018-04-16 15:03:22,2018-04-16 16:00:42,2018-04-19 01:50:54,2018-04-26 17:42:09,2018-05-11,cf0eafe7f379f346a0a59994f393fd44,2018-04-16
8e238195658d4539944106a75adb0d60,2cb5c5492e971898f891f51efdf57042,delivered,2017-04-23 20:30:30,2017-04-23 20:42:15,2017-05-05 18:44:51,2017-05-15 15:08:41,2017-06-08,ff88dcb0fdf8854d0eadfa10ea548aa2,2017-04-23
21fb27ca0d5674a275138792e721612a,1e2c638fa75913b65fe1dc2978620ac6,delivered,2017-10-29 12:41:22,2017-10-29 14:05:45,2017-10-30 21:43:46,2017-11-07 22:12:41,2017-11-24,90d39734b3ccb2aa60e87f0180dfc03a,2017-10-29
6be0accbc7586ba7eb6b9d35bb2023f4,ec98c7a2e610280ce0d0c0c699f3ffe5,delivered,2017-03-07 17:48:51,2017-03-07 18:03:25,2017-03-09 14:39:15,2017-03-15 10:51:59,2017-03-24,8d7a36878f064a2a94c8a311a97ad92f,2017-03-07
694171d7d81744391df6d1b79dd82695,bdd0f17022455a9b45e7d5db47fb6598,delivered,2017-05-08 16:35:04,2017-05-08 16:50:14,2017-05-09 12:02:47,2017-05-16 14:57:47,2017-05-29,d83533715a8843e3a26adf36d889e9b7,2017-05-08
24ae0d766df69840feedaece7acfc653,c5caf3ba9c0bec1cb22624b0759839fb,delivered,2017-03-13 07:54:19,2017-03-13 07:54:19,2017-03-21 09:08:17,2017-04-13 16:42:26,2017-05-08,0424c5ebdb5ce70bcd7b596efb17b561,2017-03-13
604d4d8f967d87d742da674124602dfe,d3f56203c997766f1acc7949ce48d1fa,delivered,2017-10-08 20:09:53,2017-10-08 20:25:01,2017-10-09 17:25:12,2017-10-17 15:47:58,2017-11-08,d92fbc593037182905e2307cc70dfe01,2017-10-08
03fa3f4dec4b3647d00532079f723fec,b81c7ffaa716801ef032807a715af762,delivered,2018-02-26 14:18:54,2018-02-26 14:35:36,2018-03-09 22:05:48,2018-03-21 22:38:48,2018-03-29,10867a902e32dd54061b2cda9c55b0b6,2018-02-26
eafad4b2586c3b611bd4091b1cd796eb,9740426f6754e2dc6ef38d65023ee4ee,delivered,2018-05-04 13:18:22,2018-05-04 13:33:19,2018-05-07 13:55:00,2018-05-12 19:03:57,2018-05-23,54e1e57f3519010cd5d60a2ccb694607,2018-05-04
3eceaafe1639eb6b25f3cd604891c218,a9f4c806882b64a1a745053ae9f90d7b,delivered,2017-01-24 22:27:20,2017-01-24 22:42:04,2017-01-31 15:21:53,2017-02-06 10:55:55,2017-03-03,9116ad81ecdcdef227dc53265879ce1d,2017-01-24
756a548a4e48d6c87648cfc577b08a86,fb416182d6b5de459541c674a8708107,delivered,2017-12-04 10:10:12,2017-12-05 11:23:47,2017-12-05 23:09:47,2017-12-19 21:11:35,2018-01-02,6b9144a4f711402f2a709d175c210271,2017-12-04
0d906917988b5c890f8a5d80c26f8f32,88cd6a53a7d139e711f3fcbb57675255,processing,2018-02-04 14:21:50,2018-02-04 14:35:32,,,2018-03-07,b69c1144cbf04839bb09c69e0efe2526,2018-02-04
45f538a7067ec91ebf71a1bc95a63be4,5996053930f57df892c5c73d6d2ef325,delivered,2017-10-22 19:54:34,2017-10-22 20:07:14,2017-10-24 21:36:06,2017-10-31 22:51:41,2017-11-10,adfacc2d77dedee0e194365d17882f7e,2017-10-22
a770d696d001cb50c7ef69105c3e06f4,8bb43b5293f09bc087cedf01a2de7b47,delivered,2017-11-23 10:14:39,2017-11-23 10:28:28,2017-11-23 23:32:12,2017-12-20 19:29:09,2018-01-11,90627eb84a9a5a7047c0d8d10101cf05,2017-11-23
0ee55c31a39d19fd857c0c8a80b2001f,15de0ec010b2ebd460855dfffeaa9845,delivered,2018-04-14 10:50:26,2018-04-14 11:12:21,2018-04-16 17:58:29,2018-05-04 17:28:35,2018-05-08,edb762368abb7a40b070e821c3322a60,2018-04-14
7775905e7b5449352cb062950d854bed,5e93191479d3fd4ab6079da767193ad2,delivered,2017-12-02 21:54:18,2017-12-02 22:06:24,2017-12-04 21:42:16,2017-12-15 22:47:55,2018-01-05,02d8301419d25947683ed2537556d0d3,2017-12-02
ce6cb2b1ad992ad81325f7672d407696,ba0521336f7c439f03c46e2d99001345,delivered,2018-03-08 23:18:19,2018-03-09 01:27:35,2018-03-12 20:33:04,2018-03-21 23:33:20,2018-03-29,cbe722ee9c0986fb2d4d237d336d385f,2018-03-08
1ce624df940711ffea6e5176a18eee87,de5eeb7f22e90d51b4ed3d6d43905397,delivered,2018-07-12 10:40:34,2018-07-12 10:55:11,2018-07-24 13:21:00,2018-07-31 19:52:38,2018-08-10,6a0d68294a58730f94eab8de2abcf050,2018-07-12
a0561ee24fed493c610bc0c25d2ec9bb,ff8fb04f5d19bda82fe60888da7b0898,delivered,2018-01-16 21:31:29,2018-01-16 21:50:52,2018-01-25 23:23:02,2018-01-30 15:16:41,2018-02-14,a3ea054806dcb0af77fcd797451937b5,2018-01-16
911e92767c07ba9926268bae6b4362b3,93e2e45487cce23a08f3cd756a8f0bd8,delivered,2018-02-10 21:55:42,2018-02-10 22:08:58,2018-02-15 19:56:34,2018-02-22 23:03:56,2018-03-19,f8955c81bf79a82cd83f5e2572034e2b,2018-02-10
4b186efcda6f283e9c4a71332f6d3ad0,cb58cd7d199d31c8320261119c8eca20,delivered,2017-04-07 19:27:31,2017-04-07 19:43:04,2017-04-08 08:44:39,2017-04-18 13:46:56,2017-05-03,8247de12f35a00cf569c5b6a00a746ec,2017-04-07
047d7bce997c4e73c6efe724711fd3b8,f0edfaa912ad71ab12fcb5495bdba415,delivered,2017-10-15 21:28:17,2017-10-17 03:56:21,2017-10-23 13:40:03,2017-11-01 20:47:49,2017-10-26,137979cbe1d895efb140ca1aad7e9915,2017-10-15
df88b0cc3e7f259f624f37b5a9c8eae9,f146209286bbd669b4dbdfe4ef50422e,delivered,2018-01-28 22:35:06,2018-01-28 22:54:24,2018-01-30 17:41:43,2018-02-05 16:28:56,2018-02-20,a3fc5608be333fc00b3f70f422257e1e,2018-01-28
63cf2db4fe1c8f21a8a02023cef68212,f185bbcfd9e3dfabdda0f27cf2fb4364,delivered,2017-05-22 19:49:12,2017-05-24 10:02:25,2017-06-01 14:27:39,2017-06-13 14:12:24,2017-06-20,09d7c538023c2c4fb0553c831c12f084,2017-05-22
bff4ece9fb17abc1ce53f6fcaa7949d5,2758f5c95b77928e1a1b34ee48e6c8ff,delivered,2018-01-18 14:07:53,2018-01-18 14:18:26,2018-01-19 00:32:44,2018-01-19 22:09:00,2018-02-02,82688481083063f3400d68f9cd676211,2018-01-18
8564fe80e76566e25b05d31fca8a2393,0fe5a52d97e7498989f1c52b4abda1f5,delivered,2018-08-17 13:18:00,2018-08-17 14:30:40,2018-08-20 13:35:00,2018-08-23 16:44:51,2018-09-11,e59cd587c54b08a0e738826916aa3c90,2018-08-17
34d92634e60b8234ac42750fd4b76fec,09fbecf8830f7101507de86b623f24c2,delivered,2018-03-29 19:58:40,2018-03-29 20:15:16,2018-04-03 23:46:33,2018-04-10 00:32:24,2018-04-25,20134a16b116e15ae14d29d8511ff81e,2018-03-29
9d70bcdf379a446b3a834de708aa7781,47a50cd83d2890b1adddaa2ef6548670,delivered,2018-07-03 23:26:30,2018-07-05 16:17:23,2018-07-04 11:55:00,2018-07-07 13:14:44,2018-07-23,327b3e0e7c587528d5a3255555c132ab,2018-07-03
543208567174edffa48d4c3262b0343e,f5d02e908f5fe2c6c7f1207989c1b114,delivered,2017-07-03 14:52:37,2017-07-04 03:43:45,2017-07-05 12:04:09,2017-07-10 18:13:53,2017-07-31,14b7cfde02a83da4d098a3e8759410fd,2017-07-03
17c7d18b95217b2fbbc15a88ef4f564f,5c84a8216347ecb5dd3f89878d453966,delivered,2018-05-29 20:20:20,2018-05-29 20:35:20,2018-06-04 08:00:00,2018-06-12 18:18:31,2018-07-24,4909ae7a6eca08ff2e4252983d75f3d4,2018-05-29
0382a4a9c39917c21b842b7c15f4be23,3e15b2d3a5fac27b51a5d2dbd01d18ec,delivered,2018-08-14 18:17:36,2018-08-15 03:23:59,2018-08-15 11:57:00,2018-08-20 21:18:53,2018-08-23,1b25ea1318d69e729374305c521abdb8,2018-08-14
26e3ef9735227d94c5e14a0a461d0ab5,ee0d30f65ed72f4041f9a5ced21e762f,delivered,2018-05-11 03:40:43,2018-05-11 03:50:36,2018-05-11 11:43:00,2018-05-17 16:12:25,2018-05-30,54e0a7cc9c09c591bd186e4569c7bf30,2018-05-11
39088c337dc4bbb9ff7797fcfdeb6f3a,bdc88e3fd56ab201e8145c35184bbd86,delivered,2018-06-08 20:51:57,2018-06-08 21:15:18,2018-06-11 12:37:00,2018-06-18 19:35:49,2018-06-29,6230c0fe2c8196044a997f62f8983986,2018-06-08
9d1eb64210d5032e71bfef36f9796c53,052b1f40f45996ad66092c6a6fd85877,delivered,2018-01-19 23:43:48,2018-01-19 23:50:21,2018-01-22 18:51:33,2018-01-25 18:04:21,2018-02-15,b70d2761ba7470d860109271badd6b4c,2018-01-19
f3b26a8dbd85e93a90ae813f6d67b2a0,53225ce513466acef19da0494fa7a7c6,delivered,2017-11-24 14:54:11,2017-11-24 17:10:38,2017-11-27 16:49:59,2017-12-06 22:32:58,2017-12-26,a34a264de3621c224347b4ade9155c5d,2017-11-24
6727a4e9eed7135cefc6d0f9de7f88a3,ce9c84a5a9d089aee9b8fa2a5fe5bf77,delivered,2018-07-23 08:06:43,2018-07-23 14:31:35,2018-07-24 08:11:00,2018-07-27 18:58:20,2018-08-06,9e53fb0e13cd5d5f61fd0b8a3236ab93,2018-07-23
cbfe74ef856d2073108d99d7c6407e80,8ec31207d29ab8044ced7bfbc6595c3f,delivered,2017-11-28 15:05:44,2017-11-28 15:19:21,2017-11-29 22:18:03,2017-12-02 00:32:50,2017-12-12,7ef15a4426641bd3343b717007cc01d0,2017-11-28
c4f9374ecfc61f98f4b58ea449f81087,b7d67bc07c5cf3009890399f81416a9a,delivered,2017-06-18 19:36:46,2017-06-18 19:45:21,2017-06-19 20:03:42,2017-06-26 10:06:59,2017-06-30,303ba11fa5d79bf6bbb41582f3dde9f2,2017-06-18
e351155ff64b9c7d91161289dc6e69c2,a2e02f003a155f5ca89a4fd48cfe2068,delivered,2018-01-04 20:17:29,2018-01-04 20:28:32,2018-01-05 20:38:46,2018-01-31 16:48:54,2018-02-23,37f189dbcb4d9c62cf25ffc3e16c5bc0,2018-01-04
a14df9fc5ca3766de545916e143acb06,4c64c0731b98ff02f7060fbad0d85c0d,delivered,2018-07-15 14:54:03,2018-07-15 15:10:10,2018-07-17 07:02:00,2018-07-23 17:11:48,2018-07-30,9b4cdc259611cf2a829ef7b6abb584c3,2018-07-15
9d532b51b8f3d1f0103c34fc72fe1816,197db000773478f3cf1bbca20cdd20fa,delivered,2017-08-03 20:01:55,2017-08-03 20:15:20,2017-08-07 20:18:41,2017-08-19 12:07:53,2017-09-01,290ce5a6a8a3f663dc629e8f39726aca,2017-08-03
bbc6d3daf51cc53198aea4cf9950cfe2,994893639c0c67587064238a90e33a8e,delivered,2018-08-18 08:22:36,2018-08-18 08:35:11,2018-08-20 13:35:00,2018-08-24 17:33:05,2018-09-04,954b7bf38f6844c27fc1d08957e5a500,2018-08-18
13c9b5d9c2ccb662b1d4e636b424de20,492275f120fd0402e55df89dafa24276,delivered,2017-11-24 08:49:04,2017-11-24 09:14:37,2017-11-27 20:36:53,2017-11-29 20:55:10,2017-12-08,9c92051d99c50e47f33f1955a74e0681,2017-11-24
a2d8aaf39efc96fe140eda3e8f2e337e,2c8f11d30a852df3dacc6f0ce6ed357c,delivered,2018-03-01 16:43:57,2018-03-01 16:55:57,2018-03-05 11:32:18,2018-03-17 10:08:29,2018-03-20,28ece7b2c1174e87393832aa7f64b475,2018-03-01
de3205739b43c0284c856d5bd725dc55,bd6292322eb6573fc98ac5931d04f5e3,delivered,2018-01-31 21:39:27,2018-01-31 22:09:43,2018-02-06 17:15:06,2018-02-07 23:22:55,2018-02-16,b6ea04eb4b04276bb4e9731099c85443,2018-01-31
c977f4831578bc1ea3d13592827eb6fb,afad943e741ecb9987d3be8e8bf37b7a,delivered,2018-06-26 22:40:37,2018-06-27 08:12:16,2018-07-03 14:01:00,2018-07-06 20:26:34,2018-07-26,68cba357718011b646bed93018aabf8a,2018-06-26
459be7860aaac045ee0b2f5a1fb8489e,a807a66ad2325ee7f76132fefb05ca95,delivered,2018-01-06 11:46:43,2018-01-06 11:57:52,2018-01-13 00:26:45,2018-01-19 15:24:21,2018-02-01,815161dd095d48c21f6376a792b5015f,2018-01-06
a966152e4fc6b7e1891aadd4406c7c4a,d339a723a489601e585d4f733a94bfe4,delivered,2018-04-02 21:10:31,2018-04-04 03:08:55,2018-04-11 02:32:39,2018-04-13 20:06:34,2018-04-23,3703c49786e40fce8e26f0537ae7c365,2018-04-02
82a11e82ea02c7e3381366e935c1126e,ff6b440b2465bfaef05c675efb48cd15,delivered,2018-05-23 09:07:46,2018-05-25 02:54:54,2018-05-25 12:11:00,2018-06-06 16:18:51,2018-06-07,e38a27b979a552e019e297ecc22dc67b,2018-05-23
c3fc148b164409876f756553d99a1e6a,25da2fe41a3784f15e6863b462af834e,delivered,2017-10-10 15:57:11,2017-10-10 16:08:55,2017-10-11 22:18:44,2017-10-26 17:19:55,2017-11-10,92b69412e014e4db420267d05239645b,2017-10-10
17aee91466443df022e04e60326597b7,0eb2609516b927fa417f07ad4aa38fc7,delivered,2017-12-02 18:31:53,2017-12-02 18:57:09,2017-12-04 19:16:47,2017-12-06 16:17:05,2017-12-20,bdd146ec7f514a9836f49417962f5158,2017-12-02
87317718d67eda6146e87be5a4688d63,df6cad6f4f2bd25475d9c36db3c65331,delivered,2017-12-28 18:59:26,2017-12-28 19:07:39,2018-01-05 19:15:36,2018-01-24 00:09:48,2018-01-31,e98a35151bed94229f302a45d4672244,2017-12-28
922587c6bf637f545a82eb3f9136ae30,dfd264259bc12c0eacb0fd8c51d6a09c,delivered,2017-08-18 10:58:15,2017-08-18 11:15:08,2017-08-22 19:45:34,2017-08-28 18:13:15,2017-09-22,ae4f9fcbd4271a3a2d41070ed14df069,2017-08-18
200af1dfa6b1bbe29adcddac8ed2a00b,11a5f3092fc00cabdee343a56943d40b,delivered,2018-01-15 16:56:30,2018-01-16 04:31:01,2018-01-17 17:24:48,2018-01-31 21:06:53,2018-02-06,c491d53abe7583f1d46046916ea6b01d,2018-01-15
dc0c4c970ae6b97b389d2e44a500f931,c78ae6d35d08ea9b9fbbd180c70b0ba5,canceled,2018-05-05 15:04:54,2018-05-05 15:15:16,,,2018-05-17,d7b48fa632113889fa15900fcd9d20bd,2018-05-05
07ac5d2775e382ce0fa8132f74330cb2,338e6042821357f927ba8e5bc128c832,delivered,2017-11-27 23:45:14,2017-11-27 23:56:21,2017-12-08 12:41:32,2018-01-07 11:22:18,2017-12-29,7f503cdc59bbd60d0112c66fb7ff91db,2017-11-27
845f4b93a5d0c16feb325ed52d31799b,66b12893cb142f674e7af2e91f9ee2d7,delivered,2017-03-29 02:52:55,2017-03-29 03:02:36,2017-03-30 16:09:41,2017-04-11 13:23:05,2017-05-03,8a0aa331d10b637ff5b419db27e4a70e,2017-03-29
d809ddde66fee6223df16b11231491f9,ec512aec44574fceef73903803b3b382,delivered,2017-01-07 17:20:56,2017-01-07 17:30:21,2017-01-12 10:17:41,2017-01-25 10:14:08,2017-02-17,13c8cbdeb5bbee831faae66bcd11f9ae,2017-01-07
b7cae694c780d4c511f348d882008f63,f789ba37b1655d236b536758e073e0fb,delivered,2017-11-24 01:27:23,2017-11-24 01:38:47,2017-11-24 17:19:11,2017-11-26 12:14:01,2017-12-08,c7a85bbfa63de62bdcb866b0f4fd8b13,2017-11-24
13badfaf0fa0a80d7dc85eee772ffc98,0cffa37771adf197371fc9f829c6573d,delivered,2018-03-18 23:01:00,2018-03-18 23:10:34,2018-03-20 14:17:21,2018-04-04 20:28:38,2018-04-12,c856450197a312c307ee94c49d3bdeba,2018-03-18
d9a773e7df6786848cdbd6049d1ce793,4bdb4fcbc7298ab2366b361cc088d5cf,delivered,2018-03-11 20:26:20,2018-03-11 20:35:38,2018-03-12 23:48:27,2018-03-26 14:22:56,2018-04-09,90e864ce5469f00feabd532047c10b2b,2018-03-11
03708181cb41c558287d1feff6df5cb6,7a2a4f108f5de77e0e1ed87dc208a267,delivered,2017-12-12 19:01:39,2017-12-12 19:29:53,2017-12-15 17:12:55,2018-01-03 18:24:47,2018-01-12,94f6f1fee9a7e57454c1dc85ec7012f1,2017-12-12
7bcd0046dcddeefcc87ed07ba748966b,04aac1179f493ca4027fdb822789e857,delivered,2018-02-27 15:39:48,2018-02-27 15:55:26,2018-03-17 00:08:25,2018-03-19 22:11:02,2018-03-13,6dfdecc0c2a082e027bb73a10fc477fd,2018-02-27
0b17b204a1785111272edfadb2aa9e94,0db0eb41bc86fb464a6e175e06304992,delivered,2018-08-01 21:33:30,2018-08-01 22:04:00,2018-08-03 10:03:00,2018-08-08 13:04:42,2018-08-23,792147c07e9f17ec90a0f87ad9304438,2018-08-01
41b0453ab02025f52af28600854f3682,efab8c8d0fb7ce695fb7321e851fd0a5,delivered,2018-05-05 07:12:07,2018-05-05 07:33:40,2018-05-08 13:25:00,2018-05-11 23:04:39,2018-06-06,55cfb6de247440d8b6166e03ce308593,2018-05-05
265e89a62092ab36c7e1852464cdb377,d9099622aba33ba41b04642e07aaec3f,delivered,2017-05-02 20:55:58,2017-05-03 16:03:00,2017-05-11 15:42:52,2017-05-19 12:53:59,2017-06-09,3ffc9e7d9a645567da4f2fbd6a01aafc,2017-05-02
18ea31163ebdbdd5972db7345aca7ae5,51adcd5d6087dc721c98bf88ed9769d5,delivered,2018-02-25 22:49:17,2018-02-27 04:31:04,2018-02-27 22:28:56,2018-04-07 18:54:33,2018-03-22,7b1b5f6bcebbf100465241c3bc58cfe6,2018-02-25
df1a358e7d663001a78f5c0d0ef374cd,54dec9fabb23500ae9c39aa042629cad,delivered,2018-02-05 19:15:27,2018-02-06 19:11:02,2018-02-07 18:38:49,2018-02-09 00:35:33,2018-02-21,54a61767646c3bd9f1923424169283f1,2018-02-05
df5c6aca62db71fbe451c0408bde2817,0db3d540da7eb431e5c5969fca57ca07,delivered,2018-05-31 11:58:13,2018-05-31 12:14:45,2018-06-04 10:57:00,2018-06-12 19:41:28,2018-07-19,79c04f21df92026bf1cd10262a7e0820,2018-05-31
e0e7a5ed15876cb23ebbdbf2879c76d1,0852c9fc981f16e491aaa5a66a0b4de3,delivered,2017-11-14 16:23:41,2017-11-14 17:04:15,2017-11-16 16:21:23,2017-11-25 16:19:00,2017-12-05,8888ad445bb60fd701d5e20238bffba8,2017-11-14
9fcf88bff4cc7f181009e179831e31e5,8192d45a95ffb68fa65b27e08522eeb9,delivered,2018-02-07 14:33:40,2018-02-08 07:50:32,2018-02-08 16:07:38,2018-02-16 21:37:12,2018-03-08,2ad2113142be9f8888396010852a5681,2018-02-07
e72e22dce48aaee824371b8e02641f15,d1ea8164411774eb6b46718f894eaace,delivered,2017-10-16 10:31:44,2017-10-16 10:49:22,2017-10-19 20:37:46,2017-10-25 21:37:54,2017-11-03,8d2fb66164a84b76626513d628bee2da,2017-10-16
9b087af1d905d8987ae126797c9d15b1,3ac536aa3b70068437132144e3a1e1ea,delivered,2018-08-01 13:47:04,2018-08-01 14:04:26,2018-08-01 13:31:00,2018-08-08 13:35:29,2018-08-15,8e12d069731871e72733b1b77c5931bd,2018-08-01
db7ba1651fa9b12357f71dd1606ec722,7a0080167c446b9791171a3d8114cdbb,delivered,2017-12-02 18:25:16,2017-12-05 04:17:24,2017-12-05 22:18:51,2017-12-18 23:04:00,2017-12-28,8e27a1bfaaf4b930a22952c08ec8bbb6,2017-12-02
01c2c8708930c4fb8ed278dfe7ec93c7,bd5367862812e14c7400da5cd1e1b135,delivered,2017-11-26 20:19:15,2017-11-26 20:33:04,2017-11-27 19:21:33,2017-11-30 23:29:01,2017-12-19,c81989ee0fd7cd1cfb866a27f8b796b1,2017-11-26
3a168e53eaf8e5ae8414ebfa6ae255fa,96005b4abb11afe06d571867a50c9816,delivered,2018-04-16 21:12:30,2018-04-17 05:50:42,2018-04-18 03:32:53,2018-04-25 11:17:00,2018-05-08,4f1e3e1a45fcea5f9aca5f8d6428b144,2018-04-16
da9f0f35a47f2c08810250876af67d90,deca74811eafebd0f6bf28394e96b935,delivered,2017-04-06 21:40:58,2017-04-06 21:50:22,2017-04-10 16:32:03,2017-04-18 12:21:27,2017-05-03,b97e5325a1d545f51e4c76832e020a88,2017-04-06
03faedb6f3c4299c7cd934f5242b194c,88624d7d20ec8bcd35a8dbc1ca51085c,delivered,2018-05-04 09:39:39,2018-05-04 09:55:17,2018-05-04 14:52:00,2018-05-11 20:21:35,2018-06-08,9690057545b15c27a800962f3a0e20b9,2018-05-04
194c72d466120c8e1241d610c72cc5e9,4b363e6fce789d1f4e9b86c41fb88c5b,delivered,2018-02-06 13:25:41,2018-02-08 07:35:56,2018-02-09 00:42:51,2018-02-26 19:39:07,2018-03-14,941c336ba35bc4cbd3c5bda62cfaa767,2018-02-06
29f49e25d09d4c903d8b17278b5e59bf,134c4f058da5373cdb64f3b4d0c2f90a,delivered,2018-01-29 17:44:02,2018-02-03 23:31:44,2018-02-01 10:42:12,2018-02-16 18:56:33,2018-02-20,e34062e6dec5792011cd8a2a18aa451e,2018-01-29
9c402f04e5ead60c0a79746ecaa35aa8,eb23a78ca4ccf2c917d46875fc553c59,delivered,2017-12-19 20:57:04,2017-12-21 02:11:56,2017-12-21 22:13:31,2018-01-08 18:15:40,2018-01-16,f6b5803c77d51cd68bfebc6032c1b485,2017-12-19
ab2e482aff4baa52ec6da817af85b981,3fec546fda08f460b090f82fb63bda6c,canceled,2018-06-26 11:43:42,2018-06-26 11:57:05,,,2018-07-19,3bfe747d54d23c0adbaec9387ad312a7,2018-06-26
9a1e4b3e892b5ea975db9c5ab5b97b62,351576a5d351dc7c259a97495e9eb075,delivered,2018-03-08 20:11:35,2018-03-08 20:29:09,2018-03-12 21:18:34,2018-04-16 21:16:54,2018-03-26,4baf96082c76ab851af408317d7f6a7f,2018-03-08
63fe772cad8908ac3cccd51f4b9c7318,18ad9aebfcebb839003218074d82f1ff,delivered,2018-01-04 19:43:26,2018-01-04 19:50:55,2018-01-18 13:18:39,2018-01-26 19:19:05,2018-02-20,ddf42904e2380418f1e9e7b1b25fe33e,2018-01-04
b0aa40cb4d3896dc362952db107dd27a,c963a11c36f0bc769bcf6ae11d514fb6,delivered,2017-05-11 12:17:31,2017-05-11 13:05:43,2017-05-12 12:09:05,2017-05-23 10:12:16,2017-06-02,307cc167a2ddea827ed62a5ece10db54,2017-05-11
f22553f3a2c04eb65ee8f4f8f7371e22,263267862278a76cfe279454cc9c8886,shipped,2018-07-15 16:39:41,2018-07-15 16:50:12,2018-07-16 14:47:00,,2018-08-10,41231c4f7dd28899b2a284c1f523366d,2018-07-15
22a0afb00de21962e96bef9ec5b51223,b75c34f04848fcc6c5e61d1a44bbb67b,delivered,2018-08-07 22:32:02,2018-08-07 22:45:22,2018-08-09 14:17:00,2018-08-13 20:02:33,2018-08-10,1638f897236f626b7da7e04066ad0630,2018-08-07
17c8db71a75ad66669e25fc85341e6a1,417b3de6d7ba51583c7d1d9be3e002ff,delivered,2018-07-24 15:29:32,2018-07-24 16:35:13,2018-07-25 13:25:00,2018-07-30 18:04:11,2018-08-09,94cac7a901fa7a145722dfd0a147b050,2018-07-24
5d246b537802d7ec7fbcf84ba7e43199,e2f21fbbc2e620c9aa5e3a4b418095db,delivered,2017-05-01 20:47:54,2017-05-01 21:02:39,2017-05-03 10:48:06,2017-05-09 08:16:12,2017-05-29,331127d6f55fe7832a64d498df8a7371,2017-05-01
ab478182632e0212e5edd04806d1238c,4b89ec593a026897dbe7c9e2b3d37894,delivered,2018-07-02 11:41:29,2018-07-05 16:03:57,2018-07-04 11:36:00,2018-07-10 22:36:42,2018-07-20,e3f7bf3aab7dac0c97c1a91ad1b7942a,2018-07-02
d4db24d5b411e01abda8e9dc3d1f858b,2860ca56e5fb60bf979dbea037d34871,delivered,2017-12-05 16:37:53,2017-12-05 16:56:26,2017-12-08 14:46:56,2017-12-17 17:04:28,2018-01-03,c1ac8671710678fddc631960cbd57121,2017-12-05
aef85868b291058edac07999dfc93307,14899a7f295c6833b50bc7950eb054dd,delivered,2017-11-17 19:40:58,2017-11-17 20:31:47,2017-11-22 20:58:40,2017-11-23 20:28:00,2017-12-01,50ab31b2abb9d975a443049eadaf8fcf,2017-11-17
afde4304cb6e11145784b6ea2126bb33,2a632e9d40a3a80a44f559f341a36892,delivered,2017-05-26 07:37:49,2017-05-26 07:50:15,2017-05-26 11:26:55,2017-05-31 13:59:53,2017-06-16,37b7803aa979568515830286117f7676,2017-05-26
4edd97a383a190e45e83c16cd6460d63,c3b7eeb9e7073945a7935edf7d6f8343,delivered,2018-02-19 10:15:49,2018-02-20 07:27:28,2018-02-23 01:36:56,2018-03-10 00:03:11,2018-03-12,53f792efaba5dd404baad98e3644d634,2018-02-19
e6af218ec05996c969d34aa4e2dca436,8e513dc76bfa7aab62352652794c038e,delivered,2018-04-16 23:49:35,2018-04-17 00:11:42,2018-04-18 16:32:24,2018-04-24 14:38:46,2018-05-07,10e92acf5a464233662f0a72bcbb2c6b,2018-04-16
94c1ff18eed8c1bcedb78b7e0c27da55,8f7f98641f858a2af6090fde6ac4786b,delivered,2018-06-25 18:41:08,2018-06-25 19:02:36,2018-06-26 14:36:00,2018-06-28 23:23:20,2018-07-16,3ac26522970439defcfbb97e77d02305,2018-06-25
521a5e451c66c756246637be9f54f0ff,6e7be51fe3f3ee26ba10ae6f5e687346,delivered,2018-03-17 23:16:00,2018-03-17 23:28:51,2018-03-20 00:04:08,2018-03-23 15:08:37,2018-04-05,ec7632a0028e0c37c470d63117666568,2018-03-17
1d84d00f6d2334d63f35ba528cd0d99d,488f8793429e555fbc1204d10bf0f5f9,delivered,2018-02-10 16:50:42,2018-02-16 07:56:27,2018-02-16 22:38:54,2018-02-21 01:26:56,2018-02-26,5bd5fc5ccd6596309a8206953ddce7bc,2018-02-10
c27185a2e9d628b1626fcff8538c876d,bfae4dcb0371d8a5a961d6f2658defc5,delivered,2017-08-11 19:18:12,2017-08-11 19:30:20,2017-08-14 20:25:02,2017-09-06 19:25:10,2017-09-15,52533f6c65301d7e2f24b0a002aabbbc,2017-08-11
251541a25df1711d076ab99d854e23d3,e1aeac227ee1fbff8eb722e14d52b080,delivered,2018-03-21 12:05:37,2018-03-21 12:15:27,2018-03-27 00:40:48,2018-04-12 16:38:37,2018-04-16,77ab40ea27f2dd7d66277527e3a3a5ba,2018-03-21
fe64170e936bc5f6a6a41def260984b9,30cd9604d86792fe87c3b31912998520,delivered,2018-04-28 17:18:07,2018-04-28 17:33:39,2018-05-02 14:24:00,2018-05-03 19:11:31,2018-05-22,e13173fd16b572985c50742546978614,2018-04-28
766f2ea906854dba48165692221f51ce,d9dbc1673f25911995d69582277aed40,delivered,2018-05-26 13:11:35,2018-05-26 13:38:12,2018-05-28 13:27:00,2018-06-18 23:58:53,2018-07-19,c558840649b0b61914a384fd85687841,2018-05-26
c11faa9e69b3bc1dcafb2d5238ca7a89,ffa78a5bd171f26facc78c0409e86d3f,delivered,2017-11-03 16:19:56,2017-11-04 05:45:54,2017-11-07 18:52:03,2017-11-21 17:03:15,2017-11-29,1f9729b02f212888228746412a90f421,2017-11-03
b6e190ca29f9376b0743c8e68506a565,10a0f629db265627fe8db34cea5b118f,delivered,2018-07-25 12:20:12,2018-07-25 12:30:18,2018-07-26 14:24:00,2018-08-03 14:11:49,2018-08-23,8689e7e20c973ded968e1bb824ed860f,2018-07-25
164eb359d3649dc1dd4bc6adcb1bb0a8,d724f5ee880fb45b583a2eec850b4e14,delivered,2017-05-12 11:42:40,2017-05-12 11:55:11,2017-05-15 13:51:26,2017-05-19 20:07:47,2017-05-30,a02dfe6d01fc4946b8a6d13f2ff68e50,2017-05-12
87aade85679539a3976169c4ffba9019,26634f5bae862fe171d429a8d632fc36,delivered,2017-10-05 18:46:15,2017-10-05 18:56:16,2017-10-06 19:34:01,2017-10-09 18:24:02,2017-10-23,cf46f9bdd6f58fe079eaa193bcfde069,2017-10-05
fc44e7440e7fc16100498d1cc7d9c550,e4dff965f4c79eab64e4865936e2dfdc,delivered,2018-06-14 06:39:33,2018-06-14 06:55:56,2018-06-14 13:10:00,2018-06-27 18:51:45,2018-07-26,e8b049d1c452735ee29fd6b50842eb84,2018-06-14
eb0786ebf8a32df3392caaf0727e7bbd,4ea4534f03b9bec97d923dc02b404656,delivered,2017-12-23 21:25:59,2017-12-27 04:08:44,2017-12-28 16:52:23,2018-01-08 22:25:05,2018-01-22,7cbeebf9ef9e1ceb0cb5a1374037c1be,2017-12-23
95bdac6e96f88756554972d72c5d9591,57ae8be4f9aabcffb5c7cc4d3b9ff87b,delivered,2018-04-19 20:25:20,2018-04-20 07:15:24,2018-04-26 14:31:00,2018-05-29 20:33:11,2018-05-21,954b8f1bfe20cb7145539dd65e8f89ff,2018-04-19
9fcae628ca1ff23cc32e259e9335fa1e,98abca6196373abc2f6d0b12939b3db0,delivered,2018-01-12 20:09:02,2018-01-12 20:18:21,2018-01-15 23:58:55,2018-01-17 16:10:26,2018-02-01,b0f001a7e31e78281be05554606c5261,2018-01-12
16a182d2e328e5f0b3252d367e17bc14,7c89c189dfacb2f7ab36db6a13414178,delivered,2018-04-24 20:19:16,2018-04-24 20:33:31,2018-04-27 09:23:00,2018-05-01 03:04:20,2018-05-10,8f6d694e050dd28e74650bd30ebca465,2018-04-24
ee5739d57984e7039be92482245df99c,14346935674e0ec87b7c11e2af681833,delivered,2018-01-18 09:36:14,2018-01-18 09:50:19,2018-01-20 01:27:37,2018-02-01 19:28:31,2018-02-14,f514fc7270eef7744141f7ed6d897b06,2018-01-18
4b50fac9970bd5d46f41eab7855101a8,b7e5bee0c729f6d947ea3b7c6cd7ef0b,delivered,2018-07-19 20:03:11,2018-07-21 03:10:14,2018-07-24 11:38:00,2018-07-30 23:33:44,2018-08-10,536dfadbe03a1508f0300502ddb0545f,2018-07-19
4cb7d866ce5acba93c58383df3081469,d2d0c24e073cb688382000972536c1e2,delivered,2017-05-24 11:48:57,2017-05-26 02:30:29,2017-05-26 10:31:56,2017-06-09 18:29:30,2017-06-26,996fdddf8cd5bbb99b221fcaf5ba1359,2017-05-24
fc66187b5a6947e39a23ae1e6034913a,a841fb9010543883845d5cc513cac85f,delivered,2018-04-16 21:41:20,2018-04-16 22:32:32,2018-04-19 00:03:52,2018-04-30 19:38:38,2018-05-18,69414ec37315f745bcafd70cf3deeb08,2018-04-16
178ad6d5050011f2f0e7b7e66d6f02c8,9877fcd27590eefc7315fa5469dfe2f3,delivered,2017-08-07 20:16:02,2017-08-08 20:25:18,2017-08-12 10:48:51,2017-08-18 18:53:47,2017-09-08,d586c10b062e58dae09473b3b4bb660b,2017-08-07
fd3634dbb2f578420b7b7dc1633766ce,2b02213d249d2abc717cc1c6bb4e9cb0,delivered,2017-06-30 14:03:15,2017-06-30 14:15:12,2017-07-03 14:32:37,2017-07-19 18:27:22,2017-07-28,73fa628b0fc190639f48da2667eb1381,2017-06-30
e49d0607832db7c3b1343764225d8df6,f8e05a045de09e7855c9df3bb8815e0e,delivered,2018-05-14 12:12:45,2018-05-14 12:40:00,2018-05-15 14:04:00,2018-05-17 11:35:59,2018-05-23,012452d40dafae4df401bced74cdb490,2018-05-14
62a5349df8243987456fdd17fbe3b823,7fa5b19815a0b5e211dcf4d287f60e14,delivered,2018-03-10 17:10:12,2018-03-13 04:08:24,2018-03-15 21:32:07,2018-03-16 21:50:38,2018-03-22,c849085aa9f5d4af92baaa56a112d686,2018-03-10
482ef538799136578c9ae6ffc2d93252,4d698df81acf0709e8e4390d821431f9,delivered,2018-08-02 15:08:34,2018-08-02 15:25:48,2018-08-06 14:17:00,2018-08-08 14:04:44,2018-08-14,fcfa6e2c4c9029579752f9b10fd1ef97,2018-08-02
fb3cf8c9eb2412b0edc0a00a8f43a869,94595ccee21b11325952776b516a0345,delivered,2018-05-29 14:07:25,2018-05-29 14:39:27,2018-05-29 13:58:00,2018-06-05 21:46:32,2018-07-20,46d42c60487c64480765a312ee6172c8,2018-05-29
f4b046c0db54b6435a13f37ccdaf5fda,746e58d3571eec10e15051f3bfddc921,delivered,2017-11-17 22:20:59,2017-11-17 22:35:27,2017-11-20 19:15:04,2017-12-01 15:52:24,2017-12-13,dcee7a3b18e1c1a9740dc5fec2c47d93,2017-11-17
5c98b0371ccabb3658a8094d57525994,e83fedad0cfc9a0c1bfbfd79463419c6,delivered,2018-02-20 11:22:05,2018-02-20 12:00:22,2018-02-21 17:51:43,2018-03-01 20:06:33,2018-03-14,55f249001b21ed7a1d0888c297182785,2018-02-20
abb76549f54fa02e04e1d3da5e8f3cce,84f8e654b54b0c3a65c2ff7f08ac14e1,delivered,2017-11-07 11:34:11,2017-11-09 04:31:05,2017-11-09 16:22:04,2017-11-14 23:03:35,2017-12-06,3e00bcc9aa892a783fe0ef73a02b6686,2017-11-07
f6c07510a39cbc557247e18f069d38a3,ff55e4b1163819f09cb71434a8e72bff,delivered,2018-08-19 13:12:04,2018-08-20 11:49:44,2018-08-21 14:52:00,2018-08-29 16:48:49,2018-09-26,c0c64d2ec7836c9a9f5be4dcff4ccd2e,2018-08-19
1a6d8f9122fec35f3e394f0b47abfdef,3f97fed1e37bd0bf66b6edf820af2cf1,delivered,2018-04-08 10:59:17,2018-04-08 11:15:08,2018-04-10 15:41:43,2018-04-13 17:08:38,2018-05-16,3895adac45582f6df5322d01c83986f1,2018-04-08
4f54cd2c8e8986790a962e3657390e1d,909fda33beae7afc1c2a8944810fb1b1,shipped,2018-06-13 11:47:50,2018-06-13 12:19:53,2018-06-13 14:05:00,,2018-07-03,c711a3ae860364641f2334f2f2d9c0a4,2018-06-13
70e381b75e694797015e96006a8b78cd,d99d6299a14c16bb64f4ea364c5f85c3,delivered,2017-10-02 10:49:05,2017-10-02 11:04:04,2017-10-02 19:44:55,2017-10-06 15:27:50,2017-10-24,f8503c96d89ea857480f96ab72d2df6a,2017-10-02
a2941bd059891a9336409a22149acf24,4ac22b1186fc5ac2711abbb5ab167f0f,delivered,2017-11-21 15:26:29,2017-11-22 03:06:59,2017-11-24 18:49:02,2017-12-05 22:15:16,2017-12-07,0b2cd89a7b3c4a299f3634228f41cd2a,2017-11-21
ff280fe8985905ec69a41d6510cdcbe4,e63ff7ae3729eaf3129add7373322482,delivered,2018-01-30 20:36:55,2018-02-04 23:31:36,2018-01-31 21:15:01,2018-02-06 18:56:42,2018-02-15,a36e57a672a8f157f62eff071dc25b27,2018-01-30
1354bddf21d7082f73e70872571f55ed,20eca38e2ac0e9eb29a3f670b053389f,delivered,2018-01-20 17:53:37,2018-01-22 13:55:20,2018-01-24 18:59:22,2018-02-14 14:48:45,2018-02-20,2aba7239448982a76a0a79666419e3a3,2018-01-20
4f7a5a0f703ed480db529b81affc0c46,eb32e0270f64f6fcbb667df6fc8dda84,delivered,2017-04-26 10:40:08,2017-04-26 10:50:23,2017-04-27 15:32:17,2017-05-15 15:57:44,2017-05-15,b5f42a53cc42e8aaaac5bc30fb9e3f99,2017-04-26
ee24cd508ad57fcffb82c94f9839b7cb,23f79341ad1ec38bd2395329a90d30e8,delivered,2018-08-10 00:40:57,2018-08-10 00:55:22,2018-08-14 10:12:00,2018-08-17 19:56:45,2018-08-22,9bbd4425ee9d09fee42b757d0ce8fe22,2018-08-10
5f32fe4a0180fa919a3a01ec75e5ba12,6364e6758c586ecffceded7d3a988efb,delivered,2017-11-15 18:44:53,2017-11-15 18:55:35,2017-11-16 17:51:04,2017-11-17 22:32:13,2017-11-29,ac78e99ad54cdae633e5dd5d10eef34a,2017-11-15
ea9a48e8b350731ae78378381394a086,8c3d04e424d330c628d1c1f62342915b,delivered,2018-03-14 08:52:55,2018-03-14 09:48:27,2018-03-15 12:16:53,2018-03-16 21:17:50,2018-04-03,bcc0c7953de6300fd23a4715ad9867e1,2018-03-14
8fad1f3654133d30218cd4b6fae827ee,9111c8e96c761096f6fbe14a3a539f5d,delivered,2017-06-18 11:37:07,2017-06-18 11:45:18,2017-06-19 16:42:20,2017-06-22 15:34:10,2017-07-07,aa682fe324897a3a7e73bf2591ffc4ba,2017-06-18
beb1c748e3742c97274d107f109c6298,a6f72f557361a8486bc61d508d44c31c,delivered,2017-11-04 20:04:11,2017-11-04 20:25:56,2017-11-07 19:32:43,2017-11-16 23:09:00,2017-12-06,715506d20bbcdf6e2665aef32c378cc8,2017-11-04
d19c0ba4c4755afe2a5c8de1c4d52035,4c4c4602b30c46cb420caa46cbf33578,delivered,2018-06-14 12:12:21,2018-06-14 12:41:31,2018-06-15 09:51:00,2018-06-21 15:51:15,2018-07-04,db32e51d9df776410c6695bd902b8c51,2018-06-14
ef800505ac201cb58850d693b4de0512,7a0a0dff83aeefda89b6ee6d372382b9,delivered,2017-07-21 15:44:37,2017-07-21 16:05:38,2017-07-24 19:22:48,2017-07-28 18:06:04,2017-08-16,81b78a4d236acd0b23c624452064fcba,2017-07-21
489e65ffa771589cb1326dcc34f310f2,58b0c4899e2fd8a41bedef6542290bf1,delivered,2017-08-21 16:57:17,2017-08-22 04:27:25,2017-08-25 15:47:33,2017-08-30 22:56:42,2017-09-13,14fa6bc9a40a5bb2088552c5746c0b37,2017-08-21
0ba9cadd4c71572ad9f78e7d3967b323,7db1a1c96774d32cbe8d8a8cc2686211,delivered,2017-05-10 22:44:15,2017-05-10 23:02:36,2017-05-11 10:26:42,2017-05-15 10:51:43,2017-05-30,881bc7f0f7982cdfed5ad1d267784cf2,2017-05-10
ab12a70fb1db89901f89c16464249395,a9686bd14c5592e4a7ada5df264afcff,delivered,2017-08-13 17:22:39,2017-08-14 17:30:22,2017-08-15 20:07:25,2017-08-28 20:29:40,2017-09-05,16612919dcfb3e25002574b6b0087d37,2017-08-13
eac1cf6cb1ee09ff44506b3bde3a847d,056e379e7b68ebed81da9a22a795aafc,delivered,2018-05-04 22:28:44,2018-05-04 22:53:34,2018-05-07 14:23:00,2018-05-11 17:02:45,2018-05-29,f889c8bc6d90f635e82f286dc2327775,2018-05-04
b3f1a526de73a85b4e83ac77cd483a05,c70b3ad842d741da256c02ef08a7159d,canceled,2018-07-02 22:04:07,2018-07-02 22:15:19,,,2018-08-20,eebf1208a40cdce2b3bcf5da4deda37d,2018-07-02
39a8a29adbacd6bb73e50c85e4e69888,0d6e110921c992217068a9abc6053f91,delivered,2018-01-09 17:11:41,2018-01-10 10:32:27,2018-01-13 02:07:30,2018-01-23 18:48:10,2018-02-01,1a4ce905342cda38c8bf207e4f36448c,2018-01-09
b885d5e857bb433aa2d6c530a08e5e44,3696a85a2220475b954ef5bcd6a1f91f,delivered,2018-03-22 17:50:39,2018-03-22 18:00:36,2018-03-24 01:21:05,2018-04-11 18:03:24,2018-04-18,7d500dc6ebad5108a3a34b30ad7307c9,2018-03-22
db655922543a6cebb4a48f8290405a60,26c94ffc59144c1c520e561a857ebbc1,delivered,2018-06-14 18:41:13,2018-06-14 18:58:09,2018-06-15 14:44:00,2018-06-22 17:42:16,2018-07-13,5b6cd16f8b762089b7cf967550a629f0,2018-06-14
18827f4a6a534ed3eae539fe6f17a1b1,b121d308b7867f7c0aeba9ce025a08d3,delivered,2018-01-14 14:33:35,2018-01-14 14:48:28,2018-01-16 22:34:17,2018-01-24 19:33:28,2018-02-07,fc433f426e9c9c9e4f8117d1b83cc298,2018-01-14
607cf95d7f8a8c1590f421fecdf0d95c,b1f66681b5134dc6670fc734a832e94c,unavailable,2017-11-15 18:34:26,2017-11-15 18:50:35,,,2017-12-12,b675d7071b55c36aa1ad1d95c547ca3d,2017-11-15
bd2b27e7b86e92bf9533282715b8de2a,780bc009c04d4dc9256dac9b2b5a5f5e,delivered,2018-01-21 22:43:27,2018-01-23 03:52:20,2018-02-08 20:29:03,2018-02-20 18:52:51,2018-02-14,2c03157be0355002724d72a62d7777f7,2018-01-21
03c939fd7fd3b38f8485a0f95798f1f6,2a35ad9f439dfc62d35a0202e71d6c66,delivered,2018-02-25 21:01:08,2018-02-26 09:35:46,2018-02-26 22:46:40,2018-03-19 21:48:52,2018-04-02,25f3cf83109f636d52d288fa4e797111,2018-02-25
d98fa029a1d4f7a477678c66f0a5d780,a62e891e73a1412941a1ec16d02e1bf6,delivered,2018-04-17 15:07:31,2018-04-18 15:11:25,2018-04-20 02:26:40,2018-04-25 17:28:22,2018-05-10,ab3a48d770989fba9cb833512034f865,2018-04-17
b6ec749459197dc03576375a5b65f5a4,e636fc15d9392987ffb13a9b25bd16c7,delivered,2017-05-15 19:56:03,2017-05-17 04:10:16,2017-05-24 14:39:46,2017-06-01 10:52:10,2017-06-19,1e16fab263da8c710d7a38d8befd2eaf,2017-05-15
722d169b73fb0bc2bb0e38ff703e9621,715eaf0bb188893370ffd5fae46a37c0,delivered,2017-11-24 14:21:45,2017-11-24 16:33:36,2017-11-30 16:42:06,2017-12-08 22:17:57,2017-12-14,9090eb0daea40644066cee1f3de8f198,2017-11-24
5de467fc62321ccf52146c24a059da7b,018c66db66454034193517ab79423f70,delivered,2017-07-15 13:49:34,2017-07-15 14:02:55,2017-07-17 19:13:03,2017-07-18 19:16:02,2017-07-28,afcf95b63cc76b26655dd5caaba3f2b4,2017-07-15
b313fc60227234f6c73ab4f2585b5365,7bf92820488d5d5d8ec42c1251b90679,delivered,2018-05-14 15:26:16,2018-05-14 15:35:25,2018-05-15 13:25:00,2018-06-05 18:54:28,2018-06-13,1aa331096f09d1ef39a3da1a8bf9be6e,2018-05-14
31f2497110f1ac4723c65060cd81dd92,18a4c896676ed4abae6395f7b521ab38,delivered,2018-05-11 20:27:51,2018-05-11 20:56:59,2018-05-14 06:25:00,2018-05-16 14:54:01,2018-05-25,df54a349b0edb7f8420cd864c0561770,2018-05-11
bde70300820015633b5e34e0bda10360,b1d878bd985be25da3e8661e49f79319,delivered,2017-10-15 18:44:10,2017-10-16 19:26:49,2017-10-17 20:48:42,2017-10-20 22:11:55,2017-11-01,c19b3f0be6cbec152296b8383a971ffb,2017-10-15
c87de2d1aece481642a24bae4b964b07,e91409937a0fd26a57310548858d1762,canceled,2017-04-24 09:51:21,2017-04-25 08:03:06,,,2017-05-15,244024d753ef305e66b7ef97f3813ebd,2017-04-24
9b9c3840374552c853105b583849a4f9,f0b166f8352e65d1abc1567cf3d79873,delivered,2017-04-23 17:25:48,2017-04-24 06:35:19,2017-04-25 12:35:38,2017-05-02 13:35:18,2017-05-11,69e79487d1e62c26b2d911799a0e63e0,2017-04-23
25ef8d6057a60c24d6ccd6fe6c5a8633,4f8260c7e20264779c7be6a507d28a87,delivered,2018-04-16 16:44:16,2018-04-16 17:34:16,2018-04-18 15:33:03,2018-04-23 22:24:51,2018-05-14,f9af91ee87f5716f8d3dbc21fcfc33b1,2018-04-16
19642ea4acfa0cbb8b9a990449873396,0c7c88c4e8d60c782527fa7bb1a669cd,delivered,2017-12-01 23:50:48,2017-12-02 00:14:06,2017-12-07 19:33:24,2017-12-20 18:48:58,2017-12-29,3fc348f5f598443996bc826c5160b417,2017-12-01
baf84f7968a36e1c25ec1794330d5cbf,cf4e22300ecebe89b5ec81718544627a,delivered,2017-09-21 16:14:20,2017-09-21 16:25:58,2017-09-22 18:43:58,2017-10-03 22:53:47,2017-10-17,18960b18ced48ec169909231509f7d4e,2017-09-21
0084209c576daad6ff4534902fcb4892,7bfe2d37d3643c4bd9fe6fd5c4228d0e,delivered,2017-07-05 13:14:26,2017-07-05 17:41:17,2017-07-06 15:29:25,2017-07-18 12:34:02,2017-07-27,f3c96794acb463d2a2785d4eb46af0bf,2017-07-05
681a682245f1fd55f98d1be23c2ffbe1,e94493a605537b89d0973dbdc45c9a7c,delivered,2017-08-28 20:31:23,2017-08-28 20:45:39,2017-08-30 13:30:27,2017-09-05 19:11:38,2017-09-19,9857e4db965c7dfd0edf19dc8564abc1,2017-08-28
f5cf1e80b882f8dea8efe57b398c7e38,384c6619249e0c05f0d6378ad0e36b5e,delivered,2018-03-09 14:24:40,2018-03-09 14:35:28,2018-03-12 20:46:29,2018-04-04 22:03:38,2018-04-05,0f2a2b4517c2888720934e5ee58dc30e,2018-03-09
4572e35be0f6c21676fce75fcc79162d,eded77ccac4e612686688d987ea8f1b0,delivered,2017-06-22 11:57:32,2017-06-23 06:42:59,2017-06-23 13:21:52,2017-07-10 20:45:42,2017-07-20,cdcdfeb02df3472c398010522265e5ba,2017-06-22
039330ccdc3eeb07d44541457391fcae,701fcbed6495802efae87463e532954e,delivered,2017-10-20 16:51:47,2017-10-24 03:49:21,2017-10-25 12:48:51,2017-10-31 22:33:06,2017-11-10,5eec660c21f69be45d572cc1ecf29aeb,2017-10-20
c52e91d0960446c0624a5a984188ffba,98532992427099604afabf482a6e476c,delivered,2017-06-19 09:59:58,2017-06-20 10:05:14,2017-07-12 14:52:55,2017-07-28 19:21:43,2017-07-19,18d3c0c7617e44eab9bef19f29bbdb1b,2017-06-19
8f56d95ba4712b40163a057ba5ab89ac,0c5acfd4c2e4abe79d500e8340cf81da,delivered,2017-12-01 19:50:54,2017-12-01 20:09:32,2017-12-04 20:00:07,2017-12-12 18:52:49,2018-01-02,98538bbc1d61e50cb8d72f66d3fc1a5f,2017-12-01
88f79e3079458600cacd188c2550d463,f67b277edbb085ff4a97216ad088b804,delivered,2017-04-05 09:11:21,2017-04-05 09:22:50,2017-04-11 10:06:03,2017-04-18 11:08:44,2017-04-26,a8bdae2504a475cda8ef805c65f48e3b,2017-04-05
79f87452881d9d524d6b06c3541f6e2c,e93530ef9ecbc8bc987f9a8fd1752a4c,delivered,2017-05-02 15:19:21,2017-05-02 15:30:23,2017-05-04 13:22:04,2017-05-11 23:33:00,2017-05-29,2528d823d67e15f39c04866cd79d0ec5,2017-05-02
fb30f702a40235635b55552094ce6f88,e1f20ecfeac4826af6cc57666a2707b0,delivered,2017-05-07 14:22:11,2017-05-09 09:25:16,2017-05-15 13:32:24,2017-05-22 20:51:14,2017-06-16,f6795c60a86e760e327548accfcdec80,2017-05-07
e21e08b6eee6cda8f5cc69981707fa71,308d20f143f513753219bce6d5493022,delivered,2017-11-22 19:04:36,2017-11-22 19:10:28,2017-11-23 16:33:45,2017-12-05 20:22:13,2017-12-13,3f045211d80ea56994305b7e9b22db41,2017-11-22
21403027f4ab40334345e1c8626a6a3c,5b6a981e53b05732cee5c921d502378b,delivered,2017-11-25 23:09:01,2017-11-25 23:15:35,2017-11-28 14:45:49,2018-01-06 14:52:44,2017-12-21,ca78fff00da17f797d47a08069bf9f64,2017-11-25
bfaa65d09b9fd34aa36a23ad90fa7db3,507995dcca9f6ea93714661891d5306e,delivered,2018-06-23 21:46:51,2018-06-23 22:18:36,2018-06-25 13:13:00,2018-06-28 18:07:34,2018-07-19,2dc8656cd6899d986974fab7ecf1fd74,2018-06-23
49bb32cab29be3bbe1a0ae27978edb48,213083b940361e8f479171420a9a71eb,delivered,2018-03-25 13:44:33,2018-03-27 12:30:18,2018-04-11 22:08:38,2018-05-03 18:21:47,2018-04-13,2d3e5076f14d42da578f63cec9644b9b,2018-03-25
45daa18f4e3e34c727128f6a775fff95,3aecaefcdaecb42530fd1efe4becc883,unavailable,2018-01-07 13:49:11,2018-01-07 13:57:21,,,2018-02-05,964cc0393ea3aa2f82125b71c14dbaf9,2018-01-07
df6e0cd0f23b4735b02cb6d9279bb310,ac77fc096334bb131cc25f7c6471566e,delivered,2017-01-16 21:18:10,2017-01-16 21:30:23,2017-01-17 15:18:10,2017-01-24 19:16:47,2017-02-14,7d9d77225e11b7722d0631d6243178e3,2017-01-16
7c70f1c05b2c170358a1765511517175,328bb667dcb2db6801de1b493bb9ffdc,shipped,2017-09-14 14:36:00,2017-09-14 14:50:10,2017-09-15 15:09:26,,2017-10-11,212de5904c4fe864c3a66f26d3043d97,2017-09-14
5b4bb0879cfe7c5a182da9ee3783811c,46346022a137b3fd23b37cba944ec11a,delivered,2017-10-02 17:54:59,2017-10-02 18:07:26,2017-10-05 19:07:46,2017-10-16 23:32:14,2017-11-03,8b18be50aaaadb05500eeb8e43fe2b74,2017-10-02
8645ac05f10c6b2651a6a9a1772de311,df0cb92cbc0d300d1ff9b68b6ed1e985,delivered,2017-09-01 10:33:59,2017-09-05 04:35:51,2017-09-05 17:49:55,2017-09-08 15:32:29,2017-09-21,f947ed70c6eed0a5ade853932cf6a474,2017-09-01
e1c49aeb40d4ab159a18912ea48266d0,d68dcc45ad596ee9462fa6287c79134e,processing,2017-08-11 11:42:45,2017-08-11 11:50:20,,,2017-09-05,4ac5c43947d021688c1a2147bf215ed7,2017-08-11
e87746786779edef45938a6bc4572c0b,817a3322ad71f73a2bd444f27583b4e6,delivered,2018-02-03 23:17:59,2018-02-03 23:30:29,2018-02-06 23:04:58,2018-02-26 20:48:58,2018-03-06,0bc2eeb2d94e0b0e2f16c482043e4992,2018-02-03
c45c354aed442407610326035c6c44d6,98153d5b1cde47994c69ad02de498d26,delivered,2017-01-28 21:22:15,2017-01-28 21:31:40,2017-01-30 13:14:59,2017-02-13 08:08:59,2017-03-09,890428d68645fb2cbb42bc2e46ac2241,2017-01-28
c2efd7dd7ea9e5bad9dffbb89653491d,30f0b55f10d0ee3b0b63d9111350e27c,delivered,2017-05-15 17:41:58,2017-05-15 17:55:17,2017-05-18 12:12:43,2017-06-06 21:34:28,2017-06-12,e07c921004720b39e6cfd2d3f3a77a69,2017-05-15
e4a25d24b8ace6dee14556ace31e9ff2,8ed1e5eaac63359e30d68a40a4734fd8,delivered,2018-03-26 14:51:05,2018-03-26 15:08:49,2018-03-28 18:54:58,2018-04-11 16:08:56,2018-04-26,5b96a6a7d5de5738179accb10c9af8aa,2018-03-26
7e0b49133404be992e9cca3788b195c7,32333436d083cbc8fbb4cca333f306bd,delivered,2017-03-21 16:44:25,2017-03-21 16:44:25,2017-03-23 12:13:11,2017-03-29 12:26:56,2017-04-07,35f7cbc6e96e4500909c7f5fc0d57287,2017-03-21
f638d34835b2bcc16d7c6880954bc00f,abcd1cb598dce7c73f3d819b7dfedbef,delivered,2018-07-01 10:39:54,2018-07-01 10:50:14,2018-07-02 14:42:00,2018-07-05 20:07:49,2018-07-20,78dc91ac9a6fece2e327f74e96cac0b0,2018-07-01
a02dc27653c8ef244fd7d8c4d5bc81f5,36215c1129f4b3642a7cd36350c00d44,delivered,2018-08-02 18:38:57,2018-08-02 18:50:20,2018-08-03 13:57:00,2018-08-21 02:52:26,2018-08-24,325dfeb1809ea61290f5d3f2adafcda7,2018-08-02
7aa1e182024c0f58b54dfc730b58780e,96d3e1ee7a247b85e2b282afc4eeaf5e,delivered,2017-05-08 17:33:47,2017-05-09 17:35:17,2017-05-10 11:23:44,2017-05-17 17:06:23,2017-06-02,f8b712366ae5b77edf34dbb5c5c8692c,2017-05-08
672e3b14b73975f3339583e7eff6091a,6662991993e535704cf68b4931ffd7be,delivered,2018-01-19 23:45:41,2018-01-20 00:17:31,2018-01-25 18:33:49,2018-02-01 14:48:36,2018-02-20,7c5198d8a67f7da5930f067766cb468f,2018-01-19
55404f7c33f7e16a818555a8aafeadc6,2994be4afff3d620830bf66448ab08ff,delivered,2017-05-30 11:13:49,2017-05-30 11:25:27,2017-05-31 08:13:57,2017-06-06 11:10:00,2017-06-26,2839a8e407fa2cdf4feed75bf03341ec,2017-05-30
5dc381c7b65e21b5912100c620d09615,f5bff9c30853ac89a583738f8fa7dd86,delivered,2018-06-07 10:10:16,2018-06-07 10:34:25,2018-06-07 14:27:00,2018-06-15 15:21:35,2018-07-19,d927c43733976edc05ebb398b92266e1,2018-06-07
3d6de6859857d943fc208268b533c0a9,10c56b290bcf8ac9e21b5365b7ed55a0,delivered,2017-08-25 18:14:51,2017-08-25 18:33:09,2017-08-29 19:39:56,2017-09-04 18:04:45,2017-09-19,37ec70bc2dde8413d868703ab18e17b8,2017-08-25
541c0eac677c2bba8a6417b7e9d8667f,56f8e10d9247aeeb8a1dc16ee66dd917,delivered,2017-05-26 14:11:19,2017-05-27 03:10:17,2017-05-29 12:42:40,2017-06-06 16:20:20,2017-06-20,55ac0a37e452fb828823ab5f1d974c10,2017-05-26
5cc09f9c0de29bf3a52fb5f7108c4cbf,8d096e5cdbd25cc368feccce3b1d94d7,delivered,2017-11-27 13:49:33,2017-11-27 13:56:37,2017-12-15 16:16:37,2017-12-18 20:08:13,2017-12-21,743696917d3d34a3df846bbcf3ffef82,2017-11-27
1b55d5825b9f0ea76d9f105222eb6910,7230de3e56839c3629d3f5112470b85a,delivered,2018-02-22 22:46:46,2018-02-22 23:28:08,2018-02-23 23:28:50,2018-02-26 19:55:42,2018-03-08,0ef696905278c52ffe087778e1457d97,2018-02-22
ee3e4667c7774f7a6b61e1990ec78cf4,ad21195ebbb59e7ee06a5f4a769037c2,delivered,2018-01-09 15:31:14,2018-01-09 16:32:35,2018-01-11 22:10:46,2018-01-12 21:56:11,2018-01-26,905b89dd80ce65b3247beb9bc387019e,2018-01-09
c936c86815bcba6aef0825e37ea215f9,e5b8bec42a996dde88d734fe7d1a4f8b,delivered,2018-05-15 22:41:38,2018-05-15 22:55:27,2018-05-16 14:08:00,2018-05-29 19:03:52,2018-06-07,43e758e42b454d17bb5ec95b9b402864,2018-05-15
3358a4c41e5feb5bb73829eb6cf42ba4,606adeb1561d4d6a7c6632eb4f0fb7b7,delivered,2017-09-27 16:00:07,2017-09-27 16:14:18,2017-10-03 17:54:56,2017-10-09 19:37:55,2017-10-31,3f94aa715c1fbf7fa123eb0e79db991f,2017-09-27
711f88786eb588f0a5925cbc8282f3e8,25a4d8c5a24540395cda3d9a9d258c4f,delivered,2017-09-28 00:20:50,2017-09-28 00:49:13,2017-09-28 22:04:01,2017-10-05 21:46:50,2017-10-20,89f9d834db1e0de91ba5d7f0a15f7b4f,2017-09-28
3d405e0a87373212241dce93b31909ad,4e0cfad7fa27ffa947ecec52cf0bfc20,delivered,2017-10-29 16:16:06,2017-10-31 03:50:28,2017-10-31 16:45:31,2017-11-07 20:58:32,2017-11-17,c281bfa7682a42e7d9b7a95d5dc2e50f,2017-10-29
8be6c4274ca6e725ec732002b95ccab5,2a488b993ba9794cb757436f398489d8,delivered,2018-03-05 21:23:10,2018-03-05 21:30:36,2018-03-06 20:13:33,2018-03-09 23:58:53,2018-03-29,07597096095d50d3235d4145c7f98cc4,2018-03-05
2f714aaa644b07c24034a4bcd08f14bb,859150e2ecae6575ce16e1c6b0ea78fe,delivered,2017-11-07 16:41:36,2017-11-07 16:50:47,2017-11-10 17:56:42,2017-11-20 20:09:26,2017-11-27,3fd88e8dcac55f1e51d6c70be672ed3d,2017-11-07
ccb5c19912ff449794d696899012aa3c,aa29463de3a2b83553ee6fd9efd7ef74,delivered,2018-08-19 16:57:32,2018-08-20 12:30:11,2018-08-21 15:22:00,2018-08-23 18:07:02,2018-08-29,b9d52f059c8dbd364ac0935f40ec765e,2018-08-19
66bf8e132d14cff2d0ae1145e3f70795,12263c794936bb8d261c59e7a5edb234,delivered,2018-08-05 19:29:25,2018-08-07 04:25:23,2018-08-10 14:36:00,2018-08-16 18:02:26,2018-08-21,998f20f15dcdc4cd0dcc8ae495645864,2018-08-05
45cabff7376f8c028274aea4f717966a,7e3e2bba2553232583eb9e5907adc6b7,delivered,2018-02-12 17:56:55,2018-02-14 09:50:28,2018-02-15 22:08:08,2018-02-24 12:07:17,2018-03-20,027835b35f861ba108518b2c529e308f,2018-02-12
47eb4e8c8baad88de8c4eec4c107c698,f34578af93a5e63ae03ebcb41e05e7eb,delivered,2018-01-14 17:39:10,2018-01-16 16:32:36,2018-01-17 22:56:39,2018-01-19 18:06:36,2018-01-30,ecc3bfc3b4e96b792b65523328baf92f,2018-01-14
1638195b2d78db679e9469a879279212,9601347c41eb3f6dddb9b60f35e3007f,delivered,2017-11-30 11:06:14,2017-11-30 11:14:26,2017-12-05 22:54:53,2017-12-11 17:42:08,2017-12-27,71519cf8325ff88d4db9a5d082f22b89,2017-11-30
1c35f8855d403c849e5923441dcb9f71,f5661c49c959f34c5054a42ca1e59dab,delivered,2018-04-19 17:28:52,2018-04-19 18:30:46,2018-04-20 20:32:59,2018-04-25 19:28:29,2018-05-14,4273bd9578aa7c79a5bffb3b16fd3fda,2018-04-19
c95a42645e0fec7c31dbde889e43cd71,5275da994b65c2c904c9d609d245c51e,delivered,2018-04-12 15:02:05,2018-04-13 02:11:09,2018-04-13 21:24:33,2018-04-16 18:42:49,2018-05-10,2705430e1e6f8d47e3774ec145703860,2018-04-12
bbdf47a1093584db5d4cd4e557c07183,81eaa0c0dfb54f5f9d7d11734f162e65,delivered,2017-09-21 14:47:58,2017-09-21 15:04:34,2017-09-22 19:22:02,2017-10-09 20:03:21,2017-10-19,b0369cc51e0e1618a76c7174132b93cc,2017-09-21
672d0085da7d96c6350cb54170e4b944,cf544342dbae7bd5aeec9184995191d5,delivered,2017-07-28 19:12:29,2017-07-28 19:25:13,2017-08-01 20:42:40,2017-08-02 18:33:57,2017-08-23,ebeeaf8cb797f6b00c9170a18a7b7ecb,2017-07-28
fca06e65bcfd3b76fda84c5aa02fe908,99445650caf90f9e752ca490641e3528,delivered,2017-11-25 08:55:08,2017-11-25 09:11:33,2017-11-27 19:48:30,2017-12-07 17:23:03,2017-12-26,4e265b2c2cd840ab6172ea570ae8be79,2017-11-25
9dda75f3a1a15b58eadee893d4d4263a,bed92abe099aacedbaf421dc231f0e82,delivered,2017-07-06 22:35:10,2017-07-06 22:45:18,2017-07-07 17:53:18,2017-07-13 17:33:05,2017-07-31,dba932868cfb1b072b81bd3ff5382e61,2017-07-06
a7ff25f0e4f6914216004204460f5797,65855f1523c77cf7936981daba756ae6,delivered,2018-08-13 20:22:33,2018-08-13 20:30:16,2018-08-22 15:52:00,2018-08-28 19:35:52,2018-08-27,a6417f4ecd2487db46152b08753e3af3,2018-08-13
ea61446163797d406b8af3569fbad43f,539a6c4707fc9cac00b1f5bb6af8cf33,delivered,2018-08-17 15:49:08,2018-08-17 16:09:45,2018-08-17 18:11:00,2018-08-18 16:58:50,2018-08-27,5a0137cf7dd0e5de477f414f59aa05f2,2018-08-17
dee78f5da82e27d7d397d61769012fe9,4823dd520ba3df9205403d2d51e241d0,delivered,2018-02-13 18:52:50,2018-02-13 19:10:33,2018-02-15 16:47:53,2018-02-21 22:45:11,2018-03-06,1ddfab2a9be0a37956850e36614de199,2018-02-13
0fbcdf8a6cf235b555a916e0ade5ef07,2087b0fe8fca281f98a37e5423a9a659,delivered,2018-02-15 16:16:35,2018-02-16 07:50:53,2018-02-19 21:42:33,2018-02-21 15:13:25,2018-03-02,66294a8f8337cfe28cd01216135e4355,2018-02-15
0347e77ba3ffb1d21339231e1f882b5c,d98cc303c53b826e8a2187c4f04c100e,delivered,2018-02-05 17:50:42,2018-02-05 18:11:27,2018-02-06 23:23:55,2018-02-15 20:12:13,2018-03-09,357db15188917085133588f0fd96950e,2018-02-05
1bfde5e32fa7b177c2c0f313c67ee333,dc60e1b5792573348c43cf1ef5048d19,delivered,2017-10-30 08:15:05,2017-10-30 08:31:05,2017-11-01 20:30:01,2017-11-13 20:52:40,2017-11-23,635451f4325ea65545c03de17332e1ea,2017-10-30
b23eb2ef586c84a977eb1bf118ddc81b,649fd102478f2df9972510dfa46c40c2,delivered,2017-03-22 22:00:20,2017-03-22 22:00:20,2017-03-23 11:36:08,2017-04-13 10:12:57,2017-04-20,33e2e4bb22badff291de6f2302f01579,2017-03-22
ce361366b38e58d923fe2e3cc60521f9,dd2806a552e8e9bdb0a8196c0f192dd9,delivered,2017-08-31 21:21:18,2017-08-31 21:32:19,2017-09-04 21:03:04,2017-09-09 12:58:14,2017-09-19,ef5c74f58c44c4ae921519006ece96bc,2017-08-31
c639d319e7a759b47c407201b57d5522,e3b3735a02b529ea7dd29c622dfb8678,delivered,2018-01-18 19:27:58,2018-01-18 20:14:08,2018-01-19 16:03:22,2018-01-29 19:56:47,2018-02-09,ec7c3e7a2b9a001eda260c218be130d5,2018-01-18
594bad57a253656f86d8282c5365be89,2f58bb32416886045970ba0c48719094,delivered,2017-01-27 22:01:41,2017-01-31 04:33:42,2017-01-31 19:32:20,2017-02-10 20:42:16,2017-03-16,cc80ae8fd9fa74580d1f502543704c6c,2017-01-27
7019458b7daa836337aa0601b272dffa,84cea6b19cac55bcaf22004efc66e2a9,delivered,2017-04-19 18:25:19,2017-04-20 02:55:40,2017-04-27 06:53:57,2017-05-10 12:08:02,2017-05-11,78bbad9dd07b52cf3c8600ec1cc1510c,2017-04-19
40703c6f5fddd57d70b483c063a53c24,0689717ef06f65d8a5c53038dfdef222,delivered,2017-05-06 18:20:55,2017-05-06 18:35:16,2017-05-08 11:44:41,2017-05-22 14:33:57,2017-06-13,b6cb19f417ed8b54153d8b32f2789449,2017-05-06
4f917f92cc24478eff10b08c7a8d0d3c,e94bc388ebb638442a3002cb89b303f8,delivered,2018-08-14 06:25:24,2018-08-15 03:05:25,2018-08-15 08:52:00,2018-08-27 20:41:47,2018-09-06,47af326d2a6a556ac6b589a1fd9e4195,2018-08-14
7743f1958c77de9ebc175860fd1773a6,3e31d1fcad9240d892e34d9a50157d1c,delivered,2017-03-09 17:35:46,2017-03-09 17:35:46,2017-03-14 00:08:27,2017-03-20 15:18:12,2017-04-03,5c1754ab1c8a81f6ef31fd8233a1749c,2017-03-09
6edc82aed8285a03faae5a51ed36eb0e,bb10386818dda2842a580048ccb08fe2,delivered,2017-05-05 00:01:41,2017-05-05 01:25:29,2017-05-05 18:09:44,2017-05-17 13:49:59,2017-06-02,2e636fd512179efa9c6e1b1a28ac7f98,2017-05-05
14276b4f803d028dd9b569f6c22a27ca,b6f4ab34c080a9fdfb070a6630cd65d9,delivered,2017-11-14 09:05:04,2017-11-15 02:35:48,2017-11-16 21:34:35,2017-11-21 20:51:40,2017-12-11,12fd59aada4c4cbd526e551995410993,2017-11-14
2c9412a5ce9b92f719fe2dbd54f6a16e,47698e7bb509cbcb0c50324686373b8b,delivered,2018-04-16 20:03:14,2018-04-17 14:11:37,2018-04-19 22:05:00,2018-05-03 05:26:26,2018-05-15,27a6ed43c623d0ae63051aa18cff700b,2018-04-16
9a4127f371426e180aaf7e0f4bf1b4fb,50be62f7ec43c7363188a381ac10757b,delivered,2017-11-14 09:41:41,2017-11-14 10:48:18,2017-11-22 17:17:31,2017-11-23 17:18:10,2017-11-28,4d40a08bdae00bbe6bb0f97877ef6a43,2017-11-14
adadbd25a12e0e924896b366cdf22f70,fd4f4401b76a6faf81ce84220002bdcb,delivered,2017-03-27 19:27:00,2017-03-27 19:35:20,2017-03-29 14:46:46,2017-04-06 16:15:28,2017-04-28,59a37aad1a3f28f9bd033ac6cf7a39d0,2017-03-27
3591b137120676965cee41e9cdb29cd0,b20d566928943834c831f5db761cae5e,delivered,2017-11-20 10:59:31,2017-11-20 12:15:23,2017-11-22 21:32:55,2017-11-30 21:34:38,2017-12-14,c5cc0c3d16da93d503a239a65812adae,2017-11-20
cfa1591318ed6c901b0c80debfd4b811,a18c450e6894a2463743b1136a8ef609,delivered,2018-03-19 15:00:57,2018-03-19 15:17:41,2018-03-23 21:34:31,2018-03-28 19:33:14,2018-04-06,9a1c494f8a6f4eea5af94cd55b370780,2018-03-19
b2b4ad3f3df69da791d642a9bfc387e6,30810a37ce547250cbb4f6be12dd8e36,delivered,2017-07-02 15:47:45,2017-07-02 16:03:29,2017-07-04 09:12:31,2017-07-06 10:32:31,2017-07-21,ae7e8acd856b834e7f38780d50dd0814,2017-07-02
3c0a028d6a294443cc9ca066194db51d,bdc5f50689f6e9b7e3234eb7e5c808d5,delivered,2018-05-15 18:24:27,2018-05-15 18:59:04,2018-05-16 13:25:00,2018-05-23 12:52:48,2018-06-06,f405bb091115b90781b5862127ebd175,2018-05-15
aec60126960aee6d77661b2358b6cea5,02ec1c4b32120c4399b8f52a36dd651c,delivered,2017-10-18 20:14:03,2017-10-20 09:49:43,2017-10-24 23:47:56,2017-11-03 20:22:20,2017-11-22,f72a6b234ff877fd24f7944c3390502b,2017-10-18
98a2a4cca9f2d2ff187a6b456abb7c74,9ceae1d64cf028a9a55f4c0bc3971d24,delivered,2018-03-17 23:55:37,2018-03-18 00:11:13,2018-03-21 22:41:46,2018-03-26 19:12:00,2018-04-05,8db4c0ab135f94883792c18d2a7a1b89,2018-03-17
aa7e3a2bfaf2aa8869ba241172c7ee1a,5f5147e3ab165c9bd8caa7c7beb0231c,delivered,2018-01-28 20:46:15,2018-01-28 20:53:22,2018-02-02 23:08:37,2018-02-16 23:14:51,2018-02-21,b10016d13ffb39d79375b4646abb2aa8,2018-01-28
53595a8aa421790cc9d2e85db64cb3c1,ae08c85c944806edb02d28ad32e03fa4,delivered,2018-07-23 17:45:45,2018-07-24 10:31:27,2018-07-24 13:40:00,2018-08-10 23:02:55,2018-08-13,7c7bfb401444a00bbde18756aba06ee4,2018-07-23
520b343a3cfee76d9517d96e84b03277,37ee9d51ad9968848aa06f86185d8d42,delivered,2018-05-05 14:51:00,2018-05-05 15:10:42,2018-05-07 12:08:00,2018-05-16 19:25:36,2018-05-30,d4b96caf30925ba6e6ec36d0a449fc52,2018-05-05
3e77cb3c65a1bac64d0516085c2dda55,6d60475ef70dcd117852c6910243e357,delivered,2017-07-28 22:38:52,2017-08-02 08:35:21,2017-08-02 14:52:18,2017-09-12 22:27:23,2017-09-01,be1944d3930fcb7a08411b62f8b06f72,2017-07-28
40ef39d72e573867de1282d22b03b6be,74167fa986badc6600b60439162a8619,delivered,2018-02-13 14:40:56,2018-02-13 15:07:55,2018-02-19 17:51:26,2018-02-26 21:57:48,2018-03-06,ebffd9d1340266f1ed93232b8200699a,2018-02-13
fc8b139247ab8779064899bfa03b2b80,57e1efa13077a20f5043d6f810814fe6,delivered,2017-10-04 18:40:47,2017-10-05 02:44:14,2017-10-16 22:34:14,2017-10-23 20:34:46,2017-11-08,410ae8ad93fdb3c3beb35fdde79d878e,2017-10-04
7b20d43785c16252f51ca77bceaa5ea0,4e925410d560e1beb3420e0dc2424526,delivered,2017-07-28 19:53:33,2017-08-02 02:36:30,2017-08-07 17:57:53,2017-08-11 19:47:48,2017-08-21,862bcdd9344546914b93a16397a78791,2017-07-28
63a58b050ce1af7f294f4d612c28c0d9,23f25c57cabe3d0b2bb6c26448abd410,delivered,2018-03-22 18:28:41,2018-03-23 18:30:44,2018-03-27 16:46:32,2018-04-02 20:26:43,2018-04-10,b1c8ede634a112dfc7b44f08524561f2,2018-03-22
f6d9a259f1d0e93273707909a8e59fc6,30fcc8d14dbfeb74241a95b353c42cb1,delivered,2017-11-20 18:09:45,2017-11-20 18:26:33,2017-11-21 18:46:46,2017-12-04 16:23:40,2017-12-07,7bfbafc4d351ff632afc079bcfd93516,2017-11-20
fce2da39dc4a45bf9c9703d01026f106,c7c4407db1030942d44f3460b5355efc,delivered,2017-12-29 09:53:22,2017-12-30 09:06:41,2018-01-02 19:26:43,2018-01-17 16:29:26,2018-01-31,3e81c618456d0a883572232be61d2ab1,2017-12-29
35546dd6349a2065ed8ac6ffbd2b7aba,32c6009661db53f56c198466fab06e9d,delivered,2018-03-06 10:35:46,2018-03-07 02:40:30,2018-03-08 23:46:25,2018-04-24 20:54:57,2018-03-29,c804d7dab083f317eb1d6dcd8f286c7f,2018-03-06
4cfc21861f949b1bb4f23340193a2138,882d74a40dd3c00c4bf5e3b6ba55798e,delivered,2018-05-04 10:59:29,2018-05-05 02:35:11,2018-05-10 15:40:00,2018-06-04 18:33:59,2018-06-04,01dfe4b4e19154abdebe71e50f52f88d,2018-05-04
f679a32d796c71a12390e0f05fbba42d,8840ec1b326ad96d0418daace601c0b3,delivered,2017-09-26 12:49:18,2017-09-28 02:50:05,2017-10-02 19:14:07,2017-10-05 20:48:32,2017-10-23,dff98074d63b08b4581e6acef9ff17e0,2017-09-26
93b35affb86435b71ca01a6dd1eab2b1,3db635076c27c1d6a8618bc5a6e70ad2,delivered,2018-02-15 11:40:57,2018-02-15 12:40:28,2018-02-16 00:07:53,2018-02-27 19:23:00,2018-03-13,011b4adcd54683b480c4d841250a987f,2018-02-15
44eebc94f0d68e1da78cc8e088db945a,36ecf4d5a749ed21354fabce2886b933,delivered,2018-01-29 22:29:17,2018-01-29 22:53:32,2018-02-05 10:22:56,2018-02-20 03:09:08,2018-02-23,b8a64454f7eb8fd6155d5d62298f9603,2018-01-29
1175cf55b833823e2478956d6bb6e43c,6d0c650bd30f4160b84c3634dd05b509,delivered,2017-06-23 07:15:39,2017-06-23 07:25:15,2017-06-27 17:04:03,2017-07-04 15:51:59,2017-07-18,93ed83850b569c655375e8a8433a17d8,2017-06-23
c4de71df747f541f59a618d019281366,aaefbb85ab9583c7912ddb3d9b5e6238,delivered,2018-05-29 18:09:36,2018-05-29 18:36:47,2018-06-04 12:02:00,2018-06-06 17:32:54,2018-06-21,636443768344855307bfe5f2f2f6ba2e,2018-05-29
f37110e24979533292f678ff6decd468,be6ebc8e1b9d59877654e5e4493976a3,delivered,2018-01-07 16:12:14,2018-01-07 16:24:24,2018-01-09 18:03:56,2018-01-26 17:48:51,2018-02-08,068b769463d8f41482bcd34be57ece04,2018-01-07
d79f59ff4de7f665a1e43990736db137,eab1cdfce786eb82b2b9888030c504d1,delivered,2018-04-02 22:31:19,2018-04-02 22:48:09,2018-04-03 22:39:13,2018-04-05 00:26:57,2018-04-12,76b69af57711b9d5d711208106392700,2018-04-02
7e41bd90616fbe90fba3dd8989d91af4,b32fd4cf133d634bf41e5bbb7d09febb,delivered,2018-07-21 08:09:08,2018-07-21 08:15:12,2018-07-23 12:39:00,2018-07-26 17:08:49,2018-08-08,7b2112b44bcd0be24a0ae321f3e6f532,2018-07-21
89aaf44e5c7771fbdeacb9baa428988b,c4bd81441055a6cff67831bd36c17c3e,delivered,2018-03-17 10:59:34,2018-03-20 03:15:44,2018-03-20 19:41:56,2018-05-23 22:47:50,2018-04-13,0e1488091ea7466578a41a1110ce6292,2018-03-17
2e0238ae6a7887fa19d5b34a3f932d8d,695cb0412616b61cb92fda362d19440f,delivered,2017-05-22 22:49:30,2017-05-22 23:02:54,2017-05-24 11:54:15,2017-06-02 14:57:48,2017-06-13,63b6869819505cd39cc9ac34ae18b0d1,2017-05-22
c2b4140e1e7ac4f534dfc6713cd6b93a,e5e5488b77590813f1267ef08a895f86,delivered,2017-12-04 13:09:20,2017-12-04 16:33:30,2017-12-05 17:34:02,2017-12-16 12:18:41,2018-01-05,6ca8e57443cfdbce37796f51d35f0ed2,2017-12-04
4c8ffc819023190c92509d65b409baa8,8acfdf64be495eac336a26d800d6a976,delivered,2018-02-19 14:58:06,2018-02-20 07:15:47,2018-02-22 17:33:03,2018-03-17 01:07:23,2018-03-13,778d98a530462d86d9ef651947b76e6f,2018-02-19
cebd81d91393b014d64df92a97a7f80c,862d78ca89647c96068b98673b2de19d,delivered,2018-07-30 16:17:23,2018-07-30 20:30:57,2018-07-31 15:18:00,2018-08-01 11:06:34,2018-08-02,8409538dd13716baf525432c99d7fb79,2018-07-30
8d3882299a9f08603a9617dad43be00c,8a17cb16f66088fba12d9e061b0526b5,delivered,2017-11-11 19:09:17,2017-11-11 19:26:24,2017-11-16 12:28:52,2017-11-23 17:17:50,2017-12-06,7e8cf7d667f2dd08a061422691e05e11,2017-11-11
9e9d4673d9d0f8c0d68a48c13638c606,8d36aeb3b2106d94058949c699d9077c,delivered,2018-01-08 20:49:35,2018-01-10 10:31:37,2018-01-11 18:27:23,2018-02-07 20:38:47,2018-02-01,96f4d40af611346b526e466127abf78b,2018-01-08
688f9f7bf06856abf4f9bd73e57cb5a4,5f93f330ff0dc45aed4db06da679d7dc,delivered,2017-12-28 11:20:27,2017-12-28 12:16:32,2018-01-04 23:32:49,2018-02-07 01:06:34,2018-01-30,442419f0d04d174a8fe36aae25e4c109,2017-12-28
ad0e80cb90ad456f01f1533e4cdc1f0d,38a210aed00016125db0e5206d6f300f,delivered,2018-02-07 08:18:53,2018-02-08 14:10:44,2018-02-09 18:58:59,2018-03-01 23:59:05,2018-03-21,5a989673ac02813d30ffee0254885032,2018-02-07
9deec776b35252a1660b2439abeb9e38,70a8c394877add5aef4577770c71acf2,delivered,2018-06-03 14:57:09,2018-06-03 15:11:10,2018-06-04 10:54:00,2018-06-20 18:58:48,2018-07-24,ab72bb0f2a4d33072182f33077497024,2018-06-03
54497c0e9ae7aa2ffe4bbb29883d59cb,a0c82d6b1c8f5afa2744d37b9bab1082,delivered,2017-08-03 21:30:20,2017-08-03 21:45:16,2017-08-04 20:05:57,2017-08-07 16:42:07,2017-08-29,85603f898910f04d9cfd699ee9803837,2017-08-03
c0e1586eda89047d683b2bc7d902037c,0266506e68e7eac1c7f726da057c28a9,delivered,2017-12-12 23:35:51,2017-12-12 23:49:55,2017-12-13 20:03:34,2017-12-18 21:18:56,2017-12-29,3341514b8049f4a268e4188fb0211d34,2017-12-12
09868b0eb512bfbbe98900f16d79d055,09b383911c9df8366e4c4ecff5220f2a,delivered,2017-03-21 16:04:32,2017-03-21 16:04:32,2017-03-22 09:12:28,2017-03-29 14:06:16,2017-04-11,690320ceb16aaf86de5c68d93dbf6721,2017-03-21
18c3c1366ee83a4162a2eefe7bb66f23,79b14a47cb76b8a85cbb4fccf73a1b2b,delivered,2018-03-21 21:42:56,2018-03-22 15:35:35,2018-03-23 21:51:45,2018-04-03 20:06:32,2018-04-11,5ab9abfb98d886a5e80710ea88e4d520,2018-03-21
d858299446e4d2e4a686d1dcf9a93359,6ec162d7f7fafad0e98a7a8527f9a0fc,delivered,2018-01-07 10:18:32,2018-01-07 10:27:13,2018-01-09 23:39:14,2018-01-16 22:41:40,2018-02-02,27f804545d7319ff0e9e0d84977337c1,2018-01-07
3d99e7d777a95ec05932b38e114a14d3,95c977354da77e673421a2bf0f4871ab,delivered,2018-04-27 10:24:06,2018-04-27 10:35:56,2018-05-04 15:54:00,2018-05-11 20:21:18,2018-05-28,ec50dee730590325a5d4e83574cfb67a,2018-04-27
a90f2cf8d5c323e4a3de7437de1ff1b7,db67f7fdcc6e85b2d040459c6fab854f,delivered,2017-07-11 22:11:02,2017-07-12 00:45:15,2017-07-14 14:39:42,2017-07-18 08:56:09,2017-07-24,40921126ef2b8273269c1647d0336b78,2017-07-11
b85614e04ee9ee71f2632faf63ff3ac9,e0228d0d1af80aa872001373c79171df,delivered,2017-02-07 10:43:31,2017-02-07 10:55:22,2017-02-07 15:34:08,2017-02-14 14:05:13,2017-03-09,e9e1835cdd42b98c00a9901f3560b498,2017-02-07
e2fca022373f1b683cf49d41e76ec1e8,e6428b88ea8513d718bb4199f280cd77,delivered,2018-04-01 21:29:34,2018-04-02 21:28:58,2018-04-03 20:58:26,2018-04-05 23:18:46,2018-04-26,003800162424b7b5b3d75c9cf22a66e7,2018-04-01
acbcf9f01dae9955841ae74fa15840fc,ab3f362c25285fc675fce6743239026b,delivered,2017-12-06 10:42:54,2017-12-06 11:31:04,2017-12-12 17:57:46,2017-12-28 15:53:38,2018-01-03,bd91d32da39e118c89f20b3229318d57,2017-12-06
2953829633f43edf7636a856d6f3555a,199a46cca959e77280f20e3a5211fe73,delivered,2018-02-05 09:21:30,2018-02-05 09:35:23,2018-02-05 18:06:55,2018-02-15 17:17:09,2018-03-02,ffab104b9ba797387c58820356eb7551,2018-02-05
41159ff064a2cebfc663d0eda2a35d32,b5046b474af449caec29ccf426c8fb73,delivered,2018-07-05 14:24:57,2018-07-07 04:48:32,2018-07-11 13:54:00,2018-07-23 21:42:08,2018-08-03,c115029b5079bddc63dc1efa2d54ea26,2018-07-05
dc5542aeff4f9a938c0de66cd4384080,dd6b2f437b15fbcc9cf035ee3032270a,delivered,2018-07-19 14:25:22,2018-07-19 14:35:15,2018-07-20 11:34:00,2018-07-27 20:38:37,2018-08-14,8e6060b905826dbb36436b7b8da5bf0d,2018-07-19
3f1d84cdd6ee41fd2908f52f5f0bbcd0,4c2e10872d85a8372d2997ad653d8ba1,delivered,2018-07-10 14:56:42,2018-07-10 15:10:13,2018-07-16 14:02:00,2018-07-24 20:18:01,2018-07-24,0ca5fcfba692bc768d77862e5418bd73,2018-07-10
a604a2a16f8f4829f66b913199557243,11d57245f97c362a3fbf65cd5c8fdd6f,delivered,2018-02-18 09:36:01,2018-02-18 10:46:26,2018-02-20 16:08:59,2018-03-14 17:12:28,2018-03-22,34fbeb535f3ba8b34bb0f919b0ad36bb,2018-02-18
abc95e6defdc8798b2f646d23e3ffcf9,0a3ece42f8e175de4bf4776a4955d61e,delivered,2017-10-13 10:32:31,2017-10-13 10:49:36,2017-10-16 15:10:44,2017-10-25 19:18:00,2017-11-14,7153ccbce74975754179a82499327e26,2017-10-13
0bf20dbe580a4ca2a717523e7bf6c610,076ef990626d218176fa27d3d6e2773f,delivered,2018-01-22 18:30:11,2018-01-22 18:37:27,2018-01-24 01:53:11,2018-02-04 13:37:40,2018-02-06,083ce299ea3fc1eba79bd0b17f64555b,2018-01-22
35572bdee2c8dfe1085aa9f6fd8ac60d,1170fc66040cf84306fddb7b7db48b3b,delivered,2018-05-15 22:52:30,2018-05-15 23:14:07,2018-05-17 10:16:00,2018-05-22 17:22:32,2018-06-05,6b7813577a5e9b832b586d0fbac9a270,2018-05-15
0df6d3734fc28f15c08eb4a9f931e3a8,4758f24482bbff3b42a2bd920df9a615,delivered,2018-02-05 15:00:28,2018-02-05 15:15:50,2018-02-05 22:58:55,2018-02-16 21:47:35,2018-02-21,d30ec8935d06639f30f9ba97d7df8d18,2018-02-05
31c9a3f10eb368b62e102608adbec724,0be2b81be62adccc0f01bd6dffb0dad4,delivered,2018-07-17 11:26:43,2018-07-17 11:41:16,2018-07-19 13:30:00,2018-07-26 19:57:36,2018-08-14,8183af415159fdfb156e806b3d97b25f,2018-07-17
42f16bb187fd5584e599c7c2e74aa39e,da24c1873842ce03c2cddfc31479a720,delivered,2017-07-17 14:45:25,2017-07-19 03:55:35,2017-07-19 21:46:34,2017-07-31 21:17:41,2017-08-16,3a0908dd47b9afa6eae2fbd1ddaf50fe,2017-07-17
bb11bd84ba7a993e4e1bb28321f8e573,f2c1deb58ec5364f5d4b8b0c8f78bc88,delivered,2018-08-12 23:46:51,2018-08-13 00:05:38,2018-08-13 14:26:00,2018-08-14 21:34:46,2018-08-17,e29a29f9799529c624ca16fcc7506c83,2018-08-12
c76a6443089b04febab166dd0156c5f0,c116c6d91212370ed7f5ee7313986c5e,delivered,2017-11-11 14:10:29,2017-11-11 14:27:34,2017-11-14 21:51:38,2017-11-24 23:46:34,2017-12-12,733848ff8eea7836ade733695a1cfd5c,2017-11-11
404056a6129e2c8e668b8ea4d5a98297,2875e22397256efcea0111baf6ee3d19,delivered,2017-04-03 16:28:28,2017-04-03 22:50:19,2017-04-05 13:48:09,2017-04-18 13:55:12,2017-05-09,70d4bb2e0fc1ef726ca7e321c8cfd330,2017-04-03
e23b12899aef6772719cbdb98dd5bf8c,bc19d307573bfbeb957808cf9b4cbdaf,delivered,2018-07-24 15:41:01,2018-07-25 02:44:22,2018-07-25 15:27:00,2018-08-01 18:54:36,2018-08-23,4e5438f203266aac84d9dff6c46b777b,2018-07-24
bde4e874383e1817284c013ec6a2d72e,73cc6855993434b678f45020e7389ff8,delivered,2018-02-07 23:24:06,2018-02-08 01:35:26,2018-02-15 11:29:00,2018-02-26 15:52:45,2018-03-08,8f2f0917e7310a106780a8750741091c,2018-02-07
ac0f0875604883bfc9fa15344f01a207,514fd56e2405925fdaf25f9431b38e6a,delivered,2018-07-22 21:09:37,2018-07-23 12:32:14,2018-07-23 14:44:00,2018-07-26 17:42:59,2018-07-31,23c77f83f3c1b81420911c38579b8766,2018-07-22
b54d41998c16a54f3d93eda0940d1cb8,0547440e828d7b3fc00dc7cd355b9fba,delivered,2018-08-22 23:52:12,2018-08-23 00:05:16,2018-08-23 14:10:00,2018-08-29 16:48:50,2018-09-05,d5d6f472839ac7cb7e30ea595fcb6bfe,2018-08-22
7c6a400b3bbaff6cff070e8c6cdd17aa,0e6dc68c45be8a533f75d733eeaaad1f,delivered,2018-05-09 09:51:16,2018-05-10 03:36:58,2018-05-17 13:52:00,2018-06-13 20:41:55,2018-06-04,7cbf84875196ee1d04dc880ebbfaa7ef,2018-05-09
6c714ec645881d7a96e3193eb2fb10f3,0e4c745efdd0bf2b7dc380ef27da4844,delivered,2017-04-25 00:15:22,2017-04-25 00:42:18,2017-04-28 07:17:52,2017-05-23 23:42:10,2017-05-26,c7392502d34b8a5b56dc2b063722a28d,2017-04-25
a523c396a29386423aa594fe448ca713,e2431d4ec21d4a66b411af4e65c4cb1b,delivered,2017-11-29 15:49:41,2017-11-29 17:30:55,2017-12-04 20:39:11,2018-01-04 23:48:54,2017-12-28,7a2cb8d19676becd361d051a9684d084,2017-11-29
a8837bf09c5bd183b8c83204744e5a98,e66d8346bd198b15fe6432ef72beaba8,delivered,2018-02-27 10:08:49,2018-02-27 10:28:53,2018-02-28 16:47:44,2018-03-05 18:48:34,2018-03-19,addc1082e059523e5ef2e7486d1d8905,2018-02-27
1840aa65dea7f5258483a49b4558417d,278f8c368289d78d344c85126efdd50b,delivered,2018-08-15 08:44:39,2018-08-15 08:55:27,2018-08-16 11:17:00,2018-08-22 23:21:23,2018-09-05,d1b4a44a8df8bc95236f14ce71d746ca,2018-08-15
d3ab179ddd49a5edc0540beb88baa168,ab1b249b05fa46a44b900919ab2b0884,delivered,2018-01-11 13:54:11,2018-01-11 14:31:55,2018-01-13 01:58:27,2018-01-16 13:18:59,2018-01-30,2eae6561332a5262ba736bd4d6b0c859,2018-01-11
55b853b7f8c102926b63840137c88ff6,c1f49f7ab9fd8f8de7db240eb3748324,delivered,2018-04-27 10:59:01,2018-04-27 11:15:26,2018-05-03 12:09:00,2018-05-08 00:52:29,2018-05-21,8dcb69575b6c96d06a631f075808946f,2018-04-27
8119174bd1dd63d869875de9844752a8,3a5cad64482bcecb235e7542db8448f1,delivered,2017-10-27 17:57:33,2017-10-27 18:05:35,2017-11-07 20:51:47,2017-11-29 17:09:24,2017-11-29,6f7aa71b25523a8776065427c6cec103,2017-10-27
74a821d17475458a217623b9464147eb,06a3bbda6d96de922ebe82f3416f8c3b,delivered,2018-03-19 17:51:18,2018-03-19 18:15:43,2018-03-20 19:48:31,2018-03-28 22:12:57,2018-04-16,e7173600ee0072bfbe47fbe32d301888,2018-03-19
42837323a59d9927261e3ba712300341,22ec1fb693e521c560cbeb62f9f46cdf,delivered,2018-07-26 11:19:45,2018-07-27 02:10:17,2018-08-01 15:07:00,2018-08-06 17:12:35,2018-08-21,7834dc05d682d73517451bc1655add08,2018-07-26
148946b469e7c2af2231c7c2ba0c5681,475a8fb3ecf9ce05d2ee1b6944d1a04e,delivered,2017-07-06 14:42:13,2017-07-06 14:55:24,2017-07-11 14:06:31,2017-07-14 16:54:02,2017-08-01,c83043f2a1e980a890c9d34bcb3987a6,2017-07-06
520ec98515a0d6965012dfffa92f9e27,7ec9ea9d385e8c923d17aa2871c020dd,delivered,2017-02-06 23:05:26,2017-02-07 23:10:20,2017-02-08 10:28:04,2017-02-15 14:33:54,2017-03-03,9e3300dceea09679f1a85d33a5631824,2017-02-06
566919db57e507da7ace615456eeba3a,d87f631065d2fcf938c7baedf2299bda,delivered,2018-02-02 23:02:49,2018-02-02 23:15:25,2018-02-06 02:07:59,2018-02-24 14:59:01,2018-03-02,799c01db22128166410ca3a1b4013b0e,2018-02-02
0256530d814cde05587fcd8e1b992bc8,023d1d56f9187c91230a4e8b50ab6fb3,delivered,2017-09-28 23:57:42,2017-09-29 13:56:12,2017-10-02 16:10:19,2017-10-16 19:42:30,2017-10-26,d87cc9520e3fd47ef88f7098e51afe8a,2017-09-28
fe8f6e9edccb4f8712d0fc92f9b5e88e,96a516cf5e43184f7684798019140793,delivered,2017-12-20 07:43:29,2017-12-20 07:52:22,2017-12-21 02:12:57,2017-12-22 20:51:41,2018-01-09,db4c9085c1ccf23770e0808447945140,2017-12-20
758ad4ad8206be158e3d67c55c82e9d5,c7fd3571ba905f15ab33cc108103bef5,delivered,2018-01-02 13:26:14,2018-01-02 13:37:22,2018-01-03 17:49:07,2018-01-08 17:45:09,2018-01-26,87c76f09e08d1ecc56a539ae8129f08a,2018-01-02
8102ed72fe93cfe6ff25c794e15233a1,f456228855b27815fdeae0ad96dc17ca,delivered,2017-09-06 11:59:05,2017-09-06 12:10:14,2017-09-06 19:26:43,2017-09-11 21:57:31,2017-09-19,f4a8d1cda35738fe71e53e1715302e54,2017-09-06
c9cb31bb489f9ed567f42b13d15d8d28,d6f526d5e848625b6044aeada9bef7f9,delivered,2017-05-21 20:10:48,2017-05-21 20:25:15,2017-05-22 14:28:05,2017-05-31 16:32:52,2017-06-26,39ea1c331342690ef67ea5e6c6113e30,2017-05-21
ab07b6c48672e9876b9f11c746d98d3e,b1d1ede48fb8245ecb50d744ecd46068,delivered,2018-02-06 17:15:04,2018-02-06 17:32:27,2018-02-09 16:28:47,2018-02-14 15:15:21,2018-03-05,dbef23605a05b01df0a82fa9d66c90cb,2018-02-06
de17623947aaed64e2babfa41a212a91,e7898529cfcb20848578459266c3c633,delivered,2018-03-23 22:30:39,2018-03-27 03:48:31,2018-03-29 00:18:51,2018-04-02 16:25:53,2018-04-26,ee2633c43e97c532fb22159d8c7975ae,2018-03-23
99239be2fbdb186e7285b71a4bd782ac,90b44ffa2cd85107a062845135520fe6,delivered,2018-02-13 16:23:29,2018-02-15 06:35:45,2018-02-15 20:08:51,2018-03-05 16:33:35,2018-03-08,b9bc9bff513bbaed5de7772ad0993461,2018-02-13
bb9ba5f4ae44424a81aa5d9e8d322835,b152769322266f9c1f34b91179e3071a,delivered,2017-11-07 22:25:49,2017-11-09 05:31:37,2017-11-09 19:41:39,2017-11-18 00:18:46,2017-12-04,4433023fc43af2bfd124a3bd6fb49415,2017-11-07
4d9aeb0219e736ad9dd72af9f25b3f88,28783e4198a64a0285d35e5967d9956c,delivered,2017-01-12 00:06:12,2017-01-12 00:15:14,2017-01-12 16:53:43,2017-01-19 10:53:53,2017-02-20,7f11d8cba2b0b40ef25915bf8e0c48c0,2017-01-12
6902f0d9d7309f56f50b8713c3b6a4de,7e563dc9d970b3b371715bdf1ad35f2b,delivered,2018-06-08 12:00:50,2018-06-09 02:57:22,2018-06-16 10:03:00,2018-06-26 18:37:34,2018-06-19,fb83cfe9c57b3fd0c1bb69d8b9664b08,2018-06-08
8482a6243b3e7ea5b3a26d6bdb586956,e6e2df36e311e956395ce969154bcce5,delivered,2017-06-01 13:26:32,2017-06-01 13:35:19,2017-06-07 10:57:47,2017-06-14 15:44:46,2017-07-03,b2367e7214a40753edef8c4dac2717ca,2017-06-01
118e7d34435b8eae298699b9bb66af98,3fdf7e0abd67bd9c56395d0cdcd7d63f,delivered,2017-12-10 20:15:54,2017-12-10 20:30:25,2017-12-11 23:59:04,2017-12-14 03:08:21,2017-12-28,5a6f38a618c025dd4d5523a5146ffe3f,2017-12-10
3fb4d82a992d06f85994158787a76ff0,aa20ad2bfaa8f55b0ce4d1de0f27dcff,delivered,2018-03-07 15:28:38,2018-03-08 02:29:15,2018-03-08 18:18:34,2018-03-09 19:22:38,2018-03-23,a2596fa6758abf05b1c525cec976602f,2018-03-07
649b01370e30b79f0df619bf8ebc9201,9dd3d654d1cc127f5b0689812509ebbd,delivered,2018-08-03 03:08:17,2018-08-03 03:24:02,2018-08-03 14:59:00,2018-08-11 15:43:11,2018-08-08,60863e9f13562f664b73e6f76ff85910,2018-08-03
f340f140ae72544b6df944a32ccba7c0,18207bfa3ee93516926cc203d7558453,delivered,2017-08-16 15:51:03,2017-08-16 16:55:09,2017-08-17 19:29:37,2017-08-18 18:42:35,2017-09-01,3ba794446d7dcd78767a2683f3ebcfa7,2017-08-16
f54121f8a2be85c0f0014bd1ea6c9136,1adcc89514838ce6dab7b1d17e3a721d,delivered,2017-09-19 18:31:39,2017-09-19 18:45:13,2017-09-22 17:56:26,2017-10-10 19:59:13,2017-10-26,54f91c030014372564a46b8c7e7c7f27,2017-09-19
097dcfb34c6a0d697daa747d943dc1e8,465b31d7c23135270135b437d3d15fdb,delivered,2018-03-18 17:44:13,2018-03-18 18:08:00,2018-03-19 20:38:10,2018-03-23 01:20:59,2018-04-02,99eb07ae933cee8b3f53b7a7d2d6facb,2018-03-18
e7d99cde4408565cb8aa944a642c61bd,0d82d1ebd453d1f27f89f3999edda575,delivered,2018-02-13 19:05:47,2018-02-14 10:27:16,2018-02-15 00:52:45,2018-02-28 21:13:42,2018-03-07,b065a51c02cacf81aa7511607eb96d9e,2018-02-13
f11629e7c6c4597bf578e1f3ba39dd78,1dbeb177782cb653f0cb867e3a63e738,delivered,2017-09-14 08:13:47,2017-09-14 08:25:16,2017-09-15 17:57:47,2017-09-25 18:42:30,2017-10-03,7254841335b9d98174286e4ed6c33c52,2017-09-14
c1218efc92c0cfa49a96b164b6bc49c7,60887cbf71e8f7b3729cfbebe22a0a01,delivered,2018-01-14 09:15:18,2018-01-14 09:29:59,2018-01-15 12:38:32,2018-01-24 16:16:55,2018-02-07,8c375cb8f76be2870563b67a88266213,2018-01-14
78f48d9a0bb09969516a9fb25e05311e,df17fef4f9d03187862b78f95ab3be15,delivered,2017-07-18 13:47:58,2017-07-18 14:05:33,2017-07-19 16:17:31,2017-07-25 22:36:00,2017-08-07,a5e41393e9f2a8f257215af86413b958,2017-07-18
fbe41a4974e4a492e085d90e5be0b3e3,3afe7d56a3df6e202fc6b851b1cfce3b,delivered,2018-01-01 08:45:04,2018-01-01 08:55:31,2018-01-02 22:33:59,2018-01-05 14:18:41,2018-01-29,0b204f7a8ce8a7b5575b7e5861e3d3ef,2018-01-01
93551f1b5b26ad94ad36349d4a4ef81d,74d4c2d4ff3efbad79ab4b8c9f1e3675,delivered,2017-07-29 15:07:27,2017-07-29 15:25:13,2017-07-31 18:32:44,2017-08-04 17:34:15,2017-08-18,c9e92e654a37c868e12e07ee6698f765,2017-07-29
b5b103fe531168050d785d5b8de74174,c3ab6358d2556844d38ed5dbab0b41ce,delivered,2017-01-30 13:13:59,2017-01-31 13:33:25,2017-02-02 09:37:34,2017-02-21 12:01:26,2017-03-21,bd8717655febcdf30f106e9f3cb24628,2017-01-30
ee0b134993ab33ad14fbebf2da7e8b59,7e9f5d87ffd011fd1f5084329b4b7613,delivered,2017-07-11 21:40:26,2017-07-11 22:15:08,2017-07-13 15:12:46,2017-07-19 19:29:47,2017-07-31,81ca8250e79d5f258b256c12a2377c6e,2017-07-11
8cfc6624adef5f59e3ddd7167bc07107,6a6cfe6083ae2b03b9b0cfd58d0f8c74,delivered,2018-02-05 10:26:45,2018-02-05 10:50:01,2018-02-06 22:43:00,2018-02-19 17:15:06,2018-03-02,bc877a9f97bb3f3d4fcd5f86028f81a9,2018-02-05
9eca111d23db1c30d8fd90317ebc1354,c41e2f7d5ff0bb642601009cc50a0980,delivered,2017-08-21 15:50:49,2017-08-21 16:06:00,2017-08-23 14:31:25,2017-08-24 18:20:20,2017-09-06,05f023978242de0352db27c04bba282e,2017-08-21
40bc1f323f6bb2c5fb7d2cae41952a21,c9a85d631448cbcb9158f6aef1d2d853,delivered,2018-01-07 02:39:53,2018-01-08 16:52:29,2018-01-10 17:36:03,2018-01-15 18:08:45,2018-01-31,c2c59bdab66a82b4c6c6cbb024ce2ebc,2018-01-07
47d2d6e69a59ff6305ecb0b540e702c0,c8d8a6d906f9007f70b24c16e2e9d378,delivered,2017-11-25 10:53:05,2017-11-28 03:33:37,2017-11-30 20:23:10,2017-12-11 19:32:46,2017-12-20,2d8a123a57292aae47580aac65f55d4f,2017-11-25
bebbd96f5d06549b7788e07e613afaa1,3c9da03267ca6b753f243c2b23f461ad,delivered,2018-05-02 19:43:20,2018-05-02 20:38:40,2018-05-03 14:27:00,2018-05-08 15:16:41,2018-05-25,683f43f9a0c999218102c695f329cc32,2018-05-02
d6418b6fa2a27ebf8c1e2d4ca0d14492,e785a41a19890a8f11551aa3b026f253,delivered,2017-03-25 11:58:44,2017-03-25 12:10:47,2017-03-27 14:51:05,2017-03-29 19:52:23,2017-04-13,fe3f83cec743f3a26ffef06741b63ab2,2017-03-25
07d23ebd900562c310938c158c23d6be,eaf6adf12bafd0a65d373221cad2dacf,delivered,2018-04-21 18:07:17,2018-04-24 18:57:00,2018-04-25 00:24:23,2018-04-27 17:07:32,2018-05-16,f410f5e94bd5618b2b801de22c52b07f,2018-04-21
ed3b1288663333783b30c22397f44b36,6a66c358fee2cf939437c490b2f408ef,delivered,2018-02-18 13:54:27,2018-02-18 14:55:30,2018-02-26 15:25:44,2018-03-02 02:13:57,2018-03-07,4826ee6e1e5a8779b343bd3f9ad078a5,2018-02-18
587c66847401b1ad23c2e9e6aa078b32,532df3d52ba1086890516792526b1d0f,delivered,2017-08-03 13:19:58,2017-08-03 14:30:11,2017-08-04 20:34:38,2017-08-11 17:13:44,2017-08-25,846e4612bebdefeb3a65aa63fee59e3a,2017-08-03
c24a00c414738de9ee6121f179ebba9c,1c40682a425bf050f6d2d827d4bf2c3a,delivered,2017-05-22 21:16:37,2017-05-24 02:55:28,2017-05-25 13:56:28,2017-06-01 10:33:44,2017-06-20,d336cd5c3601279d32f5ab1cd9717664,2017-05-22
e5d8928be637c8681b509d5188b3d979,657bd5dd862e0780a9bbfa171110cd93,delivered,2018-02-17 01:29:27,2018-02-17 02:07:50,2018-02-19 16:34:51,2018-03-18 12:25:40,2018-03-09,4dae8bfe22f589ac7f8f13566be3b24e,2018-02-17
0fb7e532c96ad6dbfc254b11e9ad816f,084f8b0a341a5654055220f513ebd14b,shipped,2018-03-08 23:02:32,2018-03-09 17:40:54,2018-03-14 00:51:42,,2018-04-02,6b9f4d0dffcaaaffd20d177cf631f78a,2018-03-08
edbcbc39d85acf83baebe618eb4afd4b,2e77a712d5203f4f849c1521ba1c87b9,delivered,2018-04-08 17:24:17,2018-04-08 17:35:11,2018-04-10 20:02:46,2018-04-17 18:56:55,2018-05-07,27b604126b22c46cdd5dc35373f3c262,2018-04-08
b3b286669378f5262f42a944d52ad221,99aea4c52a71ae690266086cfacccfd2,delivered,2018-02-26 18:19:17,2018-02-27 18:10:49,2018-02-28 22:17:53,2018-03-05 22:57:52,2018-03-19,f60f5265d0355776a088b7d97ffa7225,2018-02-26
fa0ceb77da58d23cad52bec9ee895d7a,32341088e570b208d83ec4bbad2281b0,delivered,2018-04-17 21:08:23,2018-04-19 02:32:21,2018-04-20 02:16:41,2018-05-03 18:12:34,2018-05-14,aaa7d53cd254031d7cc15a2d60451fcf,2018-04-17
149e05c35b52f83ae401b6402b2bf7c8,443850769486436d23a770bec8803067,delivered,2018-08-08 10:08:47,2018-08-08 10:25:25,2018-08-09 08:12:00,2018-08-13 15:11:39,2018-08-24,2d30d103867f9b1e2295ae67595a6c8f,2018-08-08
0020a222f55eb79a372d0efee3cca688,0c45155afd8ff99622c40824057f9b34,delivered,2017-08-15 02:45:18,2017-08-15 03:03:44,2017-08-15 16:40:22,2017-08-24 19:19:56,2017-09-06,87ae4c644c15d9c6b6f826dfec33b340,2017-08-15
8c673a44c78e62473e4ca9e2a2e2f14b,7fd2ba66b45de1c0eeea4a725423204e,delivered,2017-11-24 12:08:06,2017-11-26 12:11:19,2017-11-27 16:47:03,2017-12-16 20:07:30,2017-12-27,42c5e4277ac298f839fd4e857ac37873,2017-11-24
a731b7db34fa6e6897216789ec1543bd,3a116aae86b766a271a6a389bc5eb3c1,delivered,2018-02-10 20:36:12,2018-02-10 21:08:31,2018-02-14 19:31:43,2018-02-22 14:55:50,2018-03-06,cd075a6a1a43c9bf18e2c2cf6a210275,2018-02-10
1d5182e38de4f122947727324f2870be,dc657a228881825237f4957775272d1a,delivered,2017-01-26 13:43:07,2017-01-28 02:32:25,2017-01-30 11:41:12,2017-02-22 13:08:33,2017-02-24,c3662e23d896956c1084e3160c03fed4,2017-01-26
e2183a14b1ae4b679f96be80be081c1c,eac5cedd4ef3c39f81bde389889fef60,delivered,2018-04-14 17:38:24,2018-04-14 17:51:12,2018-04-17 22:21:21,2018-04-18 22:38:33,2018-05-03,1dae35cd9a57a7a56f814de665a60f2b,2018-04-14
b0818558532a035f032bf55d07371d16,7274039551abb48cd9780520a09e6254,delivered,2017-03-06 15:58:51,2017-03-06 16:05:38,2017-03-07 11:52:13,2017-03-10 10:47:48,2017-03-23,80b758aa7d0e471b4d98c1e107951dac,2017-03-06
22f469f96aaa1fdd00d0ac66369a950f,3bd97ea24b16619feda927af48da9fca,delivered,2017-05-14 21:56:13,2017-05-14 22:10:16,2017-05-17 10:37:38,2017-05-24 15:28:04,2017-06-02,31d332d20895c5c0baefe55207a0fead,2017-05-14
c1f3674061e410426560d52e7bf096c3,11939d73fbc698c56a82e59a34e2bc77,delivered,2018-01-10 11:15:06,2018-01-10 11:31:41,2018-01-16 14:17:39,2018-01-22 23:24:30,2018-02-02,08ca5b5b0252552bc1dafff22ad81ad8,2018-01-10
d23f875f926f3aa507fece98b8e8d80a,93f774376458d072ab89decc29df4cb4,delivered,2017-10-16 18:24:13,2017-10-16 18:45:44,2017-10-18 22:05:56,2017-10-20 17:39:21,2017-11-03,362a9847480149ea6dda85f669ef7347,2017-10-16
338fbd3c36de682efeb03bf89d62ae95,c54724802874343ade44ba9e89f5d6d6,delivered,2017-11-20 23:27:27,2017-11-20 23:34:44,2017-11-22 21:07:55,2017-11-23 14:41:51,2017-12-01,ecb12d670b10e511edd56ecda04c7314,2017-11-20
05fcd933547be81890bc4d62357fdf3f,a38a9ffb610562b589318c8b263e0d5b,delivered,2017-07-19 10:17:34,2017-07-19 10:30:13,2017-07-20 15:27:45,2017-07-26 13:45:35,2017-08-08,0b301ba858fea6e878faa5da12b044c6,2017-07-19
8264f3d37aec1e2076e41b2af5cd23ac,550928a8edc4e99aaf5e530c3e3759ce,delivered,2018-07-30 12:08:05,2018-07-30 19:31:48,2018-07-31 14:52:00,2018-08-03 17:38:51,2018-08-13,abe400901c993bb696f6212598ab5f20,2018-07-30
be8e4e9dbf3bf93f4165a1a14d1455ea,1abdc49c7bd22f2db9b6a05c45628561,delivered,2017-12-21 16:10:35,2017-12-21 16:30:16,2017-12-22 20:47:51,2018-01-03 20:53:15,2018-01-22,76f7cecb1340e42e88f022c13d4ee453,2017-12-21
d02b32c3bcfb76481817b2222b990e84,749c63c19351b82200cd06b240518440,delivered,2018-08-25 12:13:10,2018-08-25 12:25:11,2018-08-27 09:50:00,2018-08-30 19:24:30,2018-09-10,90432b6223fc12d096b178932f19043c,2018-08-25
9f9b0cf9d794e40cdf1c4cf909d65ca4,0f7e602a322f750f5d36451395bf2273,delivered,2017-11-27 10:05:44,2017-11-27 10:12:24,2017-12-01 20:49:49,2018-01-09 21:22:48,2017-12-22,27caa98e53666d29364fadfdaaf04146,2017-11-27
3957b45bce42070cac232014ad4d001b,16f5cf0023d5d11a905dabc8ffe04c02,delivered,2017-10-13 23:59:12,2017-10-14 00:56:25,2017-10-18 15:34:34,2017-10-23 21:44:56,2017-10-31,5ad895e7b7ce9007c007cf5a524d01ae,2017-10-13
9052b9e9831316aa74d32b45bbcee6c8,1ead7fec449a8822f1cc825c23e798a0,delivered,2018-07-31 21:53:26,2018-07-31 22:24:13,2018-08-02 13:09:00,2018-08-14 22:31:39,2018-08-17,5024a905691936575a6ae846c93a3b02,2018-07-31
2571a6c25fdc11a26075a9258d73618e,33588571175c9bfb3f6c7798bbbd0914,delivered,2017-08-21 15:11:36,2017-08-21 15:27:05,2017-08-22 20:06:57,2017-08-23 14:36:46,2017-09-13,21e4d2c611e316d9af4b4457ea49c1e5,2017-08-21
d4a16ee6be0a801a99aa5746b2eb169a,8baa94c8eb84e7efd1fc8d0dc61c2f20,delivered,2017-11-15 20:17:32,2017-11-15 20:31:00,2017-11-17 19:36:50,2017-11-27 17:09:47,2017-12-07,945c5878599a9d3a82348d53adc63bab,2017-11-15
a31b5fae4fbd29cc31b52b48e467e607,c6d5fa62a0889f8466ef3df2398cac5a,delivered,2018-02-19 22:45:44,2018-02-19 23:47:28,2018-02-22 00:27:57,2018-02-23 19:59:05,2018-03-05,7a674bb396f3c96066e05417f0404dbe,2018-02-19
f3bfd148f6fdc632cf76d4b4e443c34e,133eee4cb72bfa75495f89f416d7aa36,delivered,2017-11-14 16:24:47,2017-11-15 16:30:36,2017-11-16 16:08:53,2017-11-22 22:06:33,2017-12-07,6e84d69a764c0b32822fbd642c66a2da,2017-11-14
4cdbab26daf6a0dd8c5c0eb2acdd0e96,a136ac4f4161fa13190fe9bb6f7402c4,delivered,2017-11-26 19:22:32,2017-11-26 20:31:51,2017-12-01 22:44:42,2018-01-09 20:50:30,2018-01-04,1bfa102027f8ef03f79f96743f20afbb,2017-11-26
bfb7ce007bc3f08b946a9c620bbf344e,af77f7950abbc218e7256a09728e3486,delivered,2017-07-13 14:07:48,2017-07-14 14:15:12,2017-07-20 18:34:59,2017-07-26 18:59:48,2017-08-07,5cae4d2e1ad16f70f4659080c57af067,2017-07-13
1904f9d81f67036679dca4b431f11a46,5471f9f34bf3592903ece0d8ca56c0b6,delivered,2018-03-28 22:01:11,2018-03-28 22:10:23,2018-04-03 00:41:21,2018-04-12 21:17:39,2018-04-23,fcea52a5474c594dfc3b09dfdcf7f111,2018-03-28
fb6343faebbbee8c21d59d4ae59477a8,2bf5aa399d0bd03761889addf677d650,delivered,2018-07-04 11:27:08,2018-07-05 16:33:04,2018-07-05 15:51:00,2018-07-11 19:26:27,2018-08-06,6aed4780087d19b458dc4852efe0ceff,2018-07-04
fa9b8a7442683f57d43860dbf63676dd,d7e4ce8d1926df9a37737109b521defb,delivered,2017-10-19 14:58:39,2017-10-19 16:07:41,2017-10-20 16:18:21,2017-10-24 19:27:55,2017-11-09,da457e33e4003d71586d3145f5fe7c93,2017-10-19
5d1af85a51beb3a9787bdbe3152a024b,16b5fd683d2eaa014db25dce0960a3a0,delivered,2018-06-25 13:42:39,2018-06-26 09:55:23,2018-06-26 14:59:00,2018-06-27 17:34:27,2018-07-05,4a840d6b55807dada0e61773ddc20573,2018-06-25
e29f025b0eed4d3bdcbe5acc0f18954e,e63af99cef4e0622dbc0aed92c867c94,delivered,2017-04-12 18:49:59,2017-04-12 19:02:23,2017-04-13 14:25:09,2017-04-18 09:03:57,2017-05-04,145cdf712afc32bd83bdb8d733f11bde,2017-04-12
0ec153c68d6e5b0dfe5128a34ffe6490,e2d7302d9765c89609899067c37f4722,delivered,2017-12-17 19:36:19,2017-12-17 20:50:04,2017-12-18 19:38:57,2017-12-26 14:13:22,2018-01-18,d7a86208b8dd2e697ddf825c386a0402,2017-12-17
31228e47008f9cc210b5e033723dad1d,73d09ca227c5225e02b98e99f20d0ebc,delivered,2017-12-01 18:00:53,2017-12-01 18:12:24,2017-12-05 00:26:07,2017-12-14 12:53:14,2018-01-03,131d6890593a3ec8294238e05ae72adb,2017-12-01
1131e3e4aa9fba7bbfbb2acb07718ea1,62ebd1175fa5b4e5529ceabb27f72b1a,delivered,2018-01-07 00:18:27,2018-01-07 00:26:58,2018-01-09 19:55:25,2018-01-12 00:26:00,2018-02-06,2df1c82be7fac3b14a4305bfd8de01bd,2018-01-07
4eff3ad36f5e69d4d33d9798ecf22bf6,79d91f6e603cd745fc42fd6c57e005a3,delivered,2017-07-15 13:14:41,2017-07-15 13:25:18,2017-07-17 21:09:10,2017-07-24 19:45:50,2017-08-11,db02349a8dceb69414ac2a0e682c838b,2017-07-15
ff69de2237431040b7e8d1fcd79c0a7a,b4a1c1ee2dddacc1e25bd59637f0b4b1,delivered,2018-01-08 22:16:01,2018-01-08 22:28:48,2018-01-10 12:30:07,2018-01-15 19:36:58,2018-01-31,6f807268a991d94b9e9b5734240bfd63,2018-01-08
8b12069891e5fff6b77a312c835e3904,e5972b54acc71c33416ba4c2211f6cc2,delivered,2018-02-06 09:52:54,2018-02-08 07:49:54,2018-02-08 18:57:47,2018-02-10 00:59:42,2018-02-22,f50132b52a977fc5b57d762b2ad91d4b,2018-02-06
59f87094523d9fdf75be312f4dc19303,7a49b5bd9eedd0959226f6b7efd43d0f,delivered,2018-06-26 21:07:21,2018-06-26 21:15:19,2018-06-27 10:41:00,2018-07-07 14:15:46,2018-08-02,de0610d23c86af1cd01291a768373d7a,2018-06-26
b7325b56293265df2689c15145274dfa,df70c9bae41a54346a85344839a3cfc2,delivered,2017-09-12 11:23:04,2017-09-12 11:38:33,2017-09-14 18:17:56,2017-09-20 19:25:20,2017-10-04,eb19e5dddad5b3333c4f88732918a7ab,2017-09-12
255f9f53c24c0cf657d03d7a4b67c1d6,86467331d8e19c403ada1856447f6645,delivered,2018-08-02 13:07:42,2018-08-02 13:30:28,2018-08-03 09:02:00,2018-08-13 19:18:25,2018-08-14,4a3c199753ba02224a21c7421a6398bc,2018-08-02
b9cc63896ef69b7d771e5ab5ffdc5388,fce904facc2ae9feb164ae30cd7e9a0b,delivered,2017-12-24 03:44:33,2017-12-24 03:56:26,2017-12-27 16:58:11,2017-12-30 14:29:20,2018-01-19,28c1bc12ebbbf90449b82276058cc6e1,2017-12-24
f3f48b527972908a9a5c7f5593eea307,01a1579cd07b292799675eeef1e9561c,delivered,2017-11-24 23:01:29,2017-11-25 01:58:27,2017-11-30 18:15:33,2017-12-11 18:14:54,2018-01-02,8d6097a076567b93aead8d628a814b2f,2017-11-24
5b04f0ecb275afdd0e5d3f09ac07453c,feee0f137be45ee89865eeef68f652f2,delivered,2017-07-04 17:45:29,2017-07-06 03:23:50,2017-07-06 13:38:02,2017-07-21 16:27:39,2017-08-07,e4c6571b17e09eac2429e6b3731b53f1,2017-07-04
9afbd107ffa1b363cbdc3e81895dbdbb,0c049e412a34041312b948a94570d51c,delivered,2017-09-15 12:14:09,2017-09-15 12:35:08,2017-09-15 20:02:44,2017-09-21 19:37:58,2017-10-03,a484d6a80277ccf24d9980cf34c47546,2017-09-15
7085eaa515a6aed1d7f7e9f86080db97,ed3410f81a985621cf17806ecbba8a9f,delivered,2018-02-18 15:37:14,2018-02-18 16:35:31,2018-02-19 21:19:01,2018-03-19 22:38:33,2018-03-12,9a68261db8f5013c08de1b5f293acedd,2018-02-18
b112f026e8295ce7ec84e17bb8ab3988,be298cfd3f9415e4914f1d44329ebf6d,delivered,2017-10-22 12:50:27,2017-10-22 13:14:24,2017-10-26 18:04:15,2017-11-06 18:51:45,2017-11-22,c1b4427dc13af0fa51d44306cdef0e3e,2017-10-22
2ccc09c6c27e9be6d9723883f81ffeef,3618f2bd35ae410130b218c9a8966946,delivered,2018-04-17 21:27:24,2018-04-17 21:51:58,2018-04-19 19:50:55,2018-04-26 20:04:02,2018-05-22,733858a1e2e63a8b9e193428dc5aae57,2018-04-17
ce0e053019fe2441df8363b9bf4208a7,eb0e5e03030a71a038d3e71bdbe82d86,delivered,2017-12-04 20:15:28,2017-12-04 20:35:14,2017-12-06 12:16:59,2017-12-14 17:26:49,2018-01-02,5c24d39d21e33208728bc83e7e09ab77,2017-12-04
08f6cddc0499702a4dbbd26f2b04b986,8ba3070c820fce3edee16917b2ef6de9,delivered,2018-07-23 16:16:37,2018-07-25 02:50:16,2018-07-25 08:49:00,2018-07-31 21:12:26,2018-08-14,ab73bba6ba7821dce1a640729e5676fd,2018-07-23
c96eb9c4da11e7df402259beeb330f15,e36a9aa169049e117a9f775f945bc6ca,delivered,2017-02-06 18:57:19,2017-02-06 19:05:21,2017-02-07 11:06:24,2017-02-09 09:13:58,2017-03-01,dd039ee577bae280abdeb92322f04a49,2017-02-06
e913fc58681b70f1a0fd48176d9b0763,1abebf6a7dfb10754a6ca0230df8aa02,delivered,2018-04-24 09:04:54,2018-04-24 17:44:17,2018-04-25 16:55:00,2018-05-03 15:33:25,2018-05-21,f587542a3e4773cfbbb3aa62725bd13d,2018-04-24
1d64a3cb77efc4437f3799929de08008,900bc7fb2642d0770cf287e75b7a525d,delivered,2017-09-03 14:00:03,2017-09-05 04:24:43,2017-09-05 19:33:12,2017-09-11 19:52:05,2017-09-28,dd061ee65123feac621b35f19696106a,2017-09-03
56609bbe4e49470d654680a5c0a03c85,9f72d50077337c7f7b8e507da76a6426,delivered,2018-05-07 17:53:48,2018-05-09 02:35:10,2018-05-09 15:42:00,2018-05-14 18:37:29,2018-05-29,35e511c2aa4a46a8367c1f8a3adc6440,2018-05-07
fa68c8eaee429c95ac88e1034d583057,5a18e9547d424e7d7085c7065bb48686,delivered,2017-09-01 10:06:03,2017-09-01 10:25:16,2017-09-11 18:25:49,2017-09-12 20:27:23,2017-09-15,c51b7c7e4d47f0c75c531ae14be3f7d6,2017-09-01
9422152046de1f3e7d41b2f047227067,b2395512cb17391a8a51715873f50b93,delivered,2017-11-19 18:29:01,2017-11-19 18:46:09,2017-11-22 17:37:00,2017-11-23 23:32:38,2017-12-01,14ae99a8c9f2b81b9947c53e597f1ab3,2017-11-19
6cfe6353d8643785eeccb1f3378ba401,baf986694ca78eadb2db3922ea0d2e4b,delivered,2017-12-17 21:56:40,2017-12-17 22:58:27,2017-12-27 19:27:11,2018-01-16 20:45:15,2018-01-26,a402576f8c348a51dbf00f9a615737f8,2017-12-17
a05955b3170a4c7a3e758f164a61376d,44b63b4dcaf4535c4f5f2fab7262fcc7,delivered,2017-12-10 10:48:31,2017-12-10 10:57:27,2017-12-11 20:35:25,2018-01-09 22:59:04,2018-01-05,00c916ff33b521444787ac76ac6b029d,2017-12-10
5f9f4bf8ef5d9068d9753c5964f5b50c,6de0157fcf255d9cc9f4e6115403eae8,delivered,2018-01-06 23:11:54,2018-01-06 23:27:01,2018-01-12 20:13:25,2018-01-21 12:03:22,2018-02-14,5d1e0993152cd3281cc384879167609c,2018-01-06
b8bbc0cd7d3fd77fba9ddba23261efc8,e5a1150e2739b284aef951df6179a8da,delivered,2017-07-14 17:24:44,2017-07-14 17:35:16,2017-07-17 17:51:11,2017-07-20 15:22:05,2017-08-09,e64bf18b342e0929db987c7ebb9e597f,2017-07-14
6d1a52060faffae010ab6d691f913b7f,e911b98a78cc611363070276582bb7ce,delivered,2018-06-19 16:58:12,2018-06-19 17:26:40,2018-06-20 15:51:00,2018-06-25 21:04:04,2018-07-24,dda24f6536ae79e4f92c12c27207336f,2018-06-19
a241bea87dcdd0160ca94ebdba5bdbb9,b031d0752ca02dd1a780af8278140571,delivered,2016-10-06 09:22:35,2016-10-06 16:03:06,2016-10-10 16:03:06,2016-10-13 16:03:06,2016-11-28,ee1b69039bd20877692d8622dedbc3ec,2016-10-06
9b496783c3754fac34c3f4ac1eee7d9e,4dfc75675487dc043a8db9ed96bf7422,delivered,2018-02-23 15:38:27,2018-02-23 15:54:40,2018-02-26 22:46:36,2018-03-22 21:16:36,2018-04-09,9f635578d5cb8dbca4fa0c4548e97c8b,2018-02-23
a9f6ce91a31d7e8dc4af0d3c847a5639,53bdf757344da65bdfff7e0b2b23a020,delivered,2018-02-06 12:28:51,2018-02-06 12:52:03,2018-02-06 20:25:48,2018-02-16 00:59:58,2018-03-06,7109096acbc6d83d5ec7cf28a1919c7a,2018-02-06
d7d09bb28b0aaf12389e3109664c1377,66ff55b6d499c819ee2ab54d7b7e198e,delivered,2017-05-28 14:09:26,2017-05-28 14:25:10,2017-05-29 13:58:12,2017-06-09 15:53:11,2017-06-29,9366f99955dd87083cb71ea840164cb1,2017-05-28
deb8ce115f74e504ae38e7db9bdd42e6,a8a702b6be013bb059beb57f4f555800,delivered,2018-06-26 14:22:38,2018-06-27 14:32:13,2018-06-29 14:21:00,2018-07-10 21:27:36,2018-08-08,f1bb00cce253873aa7ad968dd4ba10a5,2018-06-26
8b5f626276db26826fa773137035309c,e5520637c495446fe29714a809c6e72e,delivered,2018-01-11 19:26:03,2018-01-11 19:34:30,2018-01-12 20:21:51,2018-01-18 14:04:12,2018-02-05,3b54ec3e11e5befee527b120ef8b0f02,2018-01-11
a824faec1bb9e0196ae712df257ab203,9932c83505a04f3a77be0d19a98230b7,delivered,2017-11-27 18:40:21,2017-11-27 19:12:02,2017-11-29 21:37:13,2017-12-04 15:37:47,2017-12-11,5178f6720d4bdd39cbe882321a37cfd2,2017-11-27
f19a5ffad88bd1aa13a80debd778bf2a,e72c69e2209bb33f8e2d8ca3e9bb056c,delivered,2018-05-07 12:03:24,2018-05-09 03:11:41,2018-05-09 15:50:00,2018-05-16 16:18:41,2018-06-05,cb721096cdff34702d4ba282ff0b86ed,2018-05-07
946d0f6c2be5f68f7a11380b3b2ad702,d9f9425a078997c63496609bbd812501,delivered,2017-05-13 11:20:10,2017-05-16 03:35:36,2017-05-18 13:55:38,2017-05-26 11:05:23,2017-06-12,af3729c6e1d8559e4362e34fca43987a,2017-05-13
5047f709b6661ac4e79c4818271ee799,db1053780ab8c64a8fa659eb40e14e3e,delivered,2017-02-16 13:35:44,2017-02-16 13:45:19,2017-02-17 12:38:18,2017-03-06 14:13:59,2017-03-17,25bd2e01c3b803c09d2fe683f7f7b79d,2017-02-16
a2c9ce528c29a470d38bc5085ca59584,95ebc0d133b10d276e056a4b7f7141e7,delivered,2018-07-22 21:10:10,2018-07-23 12:31:58,2018-07-24 14:16:00,2018-08-07 21:18:23,2018-08-22,76fd1df54cf7752d829f556f5e5d1827,2018-07-22
57dd83bf1021dc5613a4e19544a99915,953685e0b65f9e97278a0c2caea55e1c,delivered,2018-04-16 21:18:45,2018-04-17 21:10:19,2018-04-19 21:28:40,2018-05-14 14:52:38,2018-05-15,b44c8d45a4be6501f69e0e2d154ad06b,2018-04-16
631634972c0899ddea4c90cc4d0f186d,bf1765ef1bb549921272f93e804cfe9e,delivered,2017-03-26 21:28:40,2017-03-26 21:42:18,2017-03-27 14:27:28,2017-03-31 11:42:09,2017-04-18,1359080eecd43d0c7523e6db03b57cac,2017-03-26
100db0fb5000a9f02f0d3ee2470c85c1,44548d1fd6761aa2423f6713c0d8ca75,delivered,2018-03-18 08:50:06,2018-03-18 09:08:01,2018-03-21 21:25:44,2018-04-09 18:08:35,2018-04-05,b6da6ab100de9d85d855bb67aaa2157d,2018-03-18
35cd360339571c02b1d4974ac1807d9c,1dc263ed63c9e97d12f3541f9c1e69dc,delivered,2018-08-13 12:30:06,2018-08-13 12:44:29,2018-08-22 14:19:00,2018-08-27 23:11:58,2018-09-11,0478a6ce7961c89622e3de039c9c060a,2018-08-13
300998e3030b6188e511f183f94a5068,ba4169c960af5964c480e2059170bb9b,delivered,2018-01-16 15:47:41,2018-01-18 02:11:43,2018-01-20 00:47:42,2018-02-15 22:24:54,2018-02-15,842179805374fa47ba9be8dc1e8363db,2018-01-16
57ccf855a2dcef1cf0583b5c649a5c75,e8ea47ee27f388f989f2dcb0957d97cc,delivered,2017-04-01 18:47:27,2017-04-01 19:02:35,2017-04-04 15:10:41,2017-04-11 12:18:26,2017-04-25,1c4c126638c96ae183ea9c6249fda9b7,2017-04-01
592399454ab1293dd375db727ddb5947,f4070dd9e6712ce1432f11b759975fc2,delivered,2017-09-28 20:54:00,2017-09-29 21:07:18,2017-10-04 15:12:35,2017-10-11 19:33:50,2017-11-01,389addbd2b0508fd060712ea3a706e48,2017-09-28
36b12d9500838b05b9b9e8e3e13d2745,4ae7383665c0c6ee6b30906220a3ce79,delivered,2018-07-28 16:48:39,2018-07-28 17:04:32,2018-07-30 15:19:00,2018-08-06 22:04:36,2018-08-15,997871867623123ec99795f318b62c81,2018-07-28
e2dac37a89ee550da5d7008a6fae1335,9967e7656abecb71be5e607f33221570,delivered,2017-10-12 22:36:29,2017-10-12 22:49:51,2017-10-13 19:03:01,2017-10-23 19:54:59,2017-11-01,2d1c5db4279847c25d84fe9daf0a6f59,2017-10-12
37291588c0c8db280d64f1921165d811,230f02d405eb62c87ccf953090671e60,delivered,2017-03-18 13:48:43,2017-03-18 13:48:43,2017-03-21 09:35:16,2017-03-27 14:48:48,2017-04-10,5d67dca5f030100d1fee3c30619827a0,2017-03-18
7209ee6fd6e98942079c767741b71e3b,7e3454d387158c5f9a9c2a112ae4d265,delivered,2017-08-24 11:27:20,2017-08-24 11:44:33,2017-08-25 19:27:23,2017-08-28 14:53:35,2017-09-20,199f86c77eb3f8bd9cad75c39672f053,2017-08-24
fd965a5e6e0a6b5d4e631551ecd45b9c,0166c4ebd26a021fe864a0b91761f50f,delivered,2018-05-12 17:59:06,2018-05-13 17:55:11,2018-05-14 10:10:00,2018-05-17 17:41:10,2018-05-29,c3e6117687010fa03915fb7f58a03648,2018-05-12
64c8df7b4890817fdc2023304306f58f,f33a18deacf7ae36ae065eca09113bf1,delivered,2017-07-09 13:44:10,2017-07-11 03:55:46,2017-07-13 17:55:46,2017-07-26 03:17:32,2017-08-01,d9856f528637e5ebca3003f8a60309c0,2017-07-09
fa8eced9ca9993bda37ff154b012998c,e1f370ce20fd1d078f33338c1da89c49,delivered,2018-02-25 11:04:29,2018-02-26 11:10:03,2018-02-27 15:28:22,2018-03-12 22:41:11,2018-03-22,757f2349b6a6fa6baca2f3679bdbf356,2018-02-25
44003ab575a9154a1560d283e5bfaab9,15a5151fa4345e946b0528df9d8707e4,delivered,2018-05-21 09:27:06,2018-05-22 09:14:29,2018-05-22 15:00:00,2018-05-23 15:58:54,2018-05-29,326c2d39657763006064f05a85c14728,2018-05-21
ff6f1daf334ab85e84a3aa32c8afe179,432f78b4077cf2df78714cb592e66c1b,delivered,2018-04-14 10:21:41,2018-04-17 04:11:49,2018-04-17 19:36:36,2018-05-07 22:12:12,2018-05-16,f2a4d8c198cecc40e4da8ba8fdf05e69,2018-04-14
19428d94d47ebaa715faa60f63186de6,35305c48e57a6259af306e3f2c9fb553,delivered,2018-01-29 11:30:46,2018-01-29 12:00:23,2018-01-31 21:13:23,2018-03-02 19:07:20,2018-03-13,e15ddc17ac4c09c9fc57687dcd40eec3,2018-01-29
770be1c6a043c4e99e830bee3f5eb024,a46f748a19e1184d21a589f764a055e2,delivered,2017-05-01 23:51:42,2017-05-02 01:03:02,2017-05-02 16:47:37,2017-05-11 09:53:07,2017-06-01,f3f632bf7da587d94ac118c8c48b5a11,2017-05-01
49123f75e5d9507cec9455b2ed989913,5cfe32da5d3a6c6cc7c169d74da8e100,delivered,2017-03-31 08:48:59,2017-03-31 09:02:08,2017-04-04 16:01:58,2017-04-10 11:36:16,2017-04-25,ed31f1abb1f62d32ba7e02f6aae16ed9,2017-03-31
d83c6337cdf106c0818f7cd984240f59,fa4564a01977f94480c920221fc48f1e,delivered,2018-06-18 22:31:27,2018-06-19 06:56:57,2018-06-21 14:18:00,2018-06-22 21:11:32,2018-06-28,0362e8cd9f08e6170923576a577fc748,2018-06-18
a10d28a5b468b2812345d39efa239454,90d4df218c97c907b52ed814f88a90bd,delivered,2017-11-29 18:10:01,2017-11-29 18:31:06,2017-11-30 19:03:43,2017-12-01 16:22:01,2017-12-13,190d54deb242bd8c5b697e5bbb9a3fc5,2017-11-29
c2fc568bac1a8c9f99c41a918cfbc6b0,6c83be548d91172d26144f4b00363c47,delivered,2017-12-13 16:16:13,2017-12-13 16:30:52,2017-12-15 21:26:45,2017-12-18 18:08:56,2018-01-02,b0656bc27385ee7583fb87bbfbf9416d,2017-12-13
7efedf2c0bfaa6cae462a2d447584503,a857959cc4db4edd934295addd68971c,delivered,2018-01-02 12:34:29,2018-01-04 05:12:31,2018-01-05 18:34:37,2018-01-16 22:39:00,2018-02-02,aa49c84b41e49151aa551516e16fc021,2018-01-02
e19a1b398beea6784e6dc219eb0a6a89,a4c4409161fb97bc07935f38eb966479,delivered,2017-02-01 22:29:34,2017-02-01 22:41:29,2017-02-03 11:07:53,2017-02-07 12:05:41,2017-03-14,b62f89621c53271b37571d7f0aaf380e,2017-02-01
721b6eed5d18982b6869d2b1440e0fb2,e8c4c210ad973d32a51464962e2b81b1,delivered,2018-04-21 10:13:19,2018-04-24 17:27:06,2018-04-23 18:22:02,2018-04-26 03:12:03,2018-05-08,e19d32f370abbc19d9d1a14943a89f88,2018-04-21
f58228001d45c09c8447ef1f2fa6a2df,2169bbd3d372562128f8af6eb7b9317e,delivered,2018-01-17 14:09:31,2018-01-17 14:15:31,2018-01-20 00:52:42,2018-01-26 10:47:54,2018-02-23,87925203123fdd582ba23d2920efa983,2018-01-17
0712d5a2573948df98ba556ab362ef06,d5e9eb9208e37c9f39e6f19c0941b675,delivered,2018-08-22 16:52:17,2018-08-24 03:10:18,2018-08-24 12:26:00,2018-08-30 18:51:56,2018-09-06,79066fb583868e4fdd17fc83a96db5e8,2018-08-22
245edde3bd6cdd0590cdfba00d88234f,7997f044ffbdd14949dfd8c786c051f8,delivered,2017-09-11 16:51:37,2017-09-11 17:24:29,2017-09-13 20:42:49,2017-09-22 18:06:08,2017-09-27,02b7724060835bd13b499a886cbbcef5,2017-09-11
61195bf75f057881046ec1ee19f80037,6b389e2ed2c71985c9a40be057537959,delivered,2018-05-05 17:53:11,2018-05-05 18:13:39,2018-05-07 19:09:00,2018-05-08 20:12:05,2018-05-18,08b57f87bc889756ca453bf8106d48ce,2018-05-05
ca4b9f3ce6fc19e8533501cf8c6b832e,8e54a1f4e992629b3c41f7905d6b46c3,delivered,2018-07-30 17:46:46,2018-07-30 18:40:10,2018-07-31 14:03:00,2018-08-03 19:26:49,2018-08-10,967d07493b6792043f97262a0a4b15f8,2018-07-30
0bf01f26ad0f401b182bd0491ee79d34,cdb061c59e7ce1676b3246012919cde2,delivered,2017-05-05 13:46:32,2017-05-05 13:55:23,2017-05-05 15:53:57,2017-05-15 18:37:24,2017-06-02,6919ba537f29bcd395c42b3d910db37f,2017-05-05
7921190dc054e6839a4cfc253a578377,07bb08bd7097f09f2468ea420756160f,delivered,2017-10-11 12:01:42,2017-10-11 12:14:13,2017-10-11 20:20:00,2017-10-17 15:37:03,2017-10-24,94552241df1b5b866acd40dd5fdf5c41,2017-10-11
e62ce8112cc3ca14e60e08b4766480fa,54a906f745636ed9b7472cfd352309b4,delivered,2018-06-07 20:40:02,2018-06-09 02:57:13,2018-06-12 07:49:00,2018-06-20 20:08:21,2018-07-03,f386794dff4d1b7c23d4c55a396429f2,2018-06-07
beaf95465b542dea76df78b2fb86a97a,d14930bf3da4e0ba5a02cc8d6ac80f6e,delivered,2018-04-19 10:12:12,2018-04-19 10:34:35,2018-04-19 19:26:57,2018-04-25 17:58:54,2018-05-15,ea199d74b67abcbc68155ad47b199c99,2018-04-19
83497c05dd75dfe740fb8b0c5482da3b,0660653f7367d760f49c8430de9c6263,delivered,2018-04-08 21:54:08,2018-04-10 04:15:42,2018-04-12 00:22:48,2018-04-16 22:42:32,2018-05-11,f8c7bdb2c23d2bc05cf1594ef8dfcde8,2018-04-08
bedbf618cd67567fa8f4c27729ffc9f1,66f831483a864aa7e889cc4ccd46315d,delivered,2018-02-09 17:53:34,2018-02-10 17:50:24,2018-02-15 18:38:32,2018-02-28 14:37:14,2018-03-07,d8a5be9cea1c7dbc1b22272e9a3ea010,2018-02-09
2fbf5b0affccbe063b648b85eb6480a8,3f6b4e845db4701bdc25130263904e6c,delivered,2017-06-27 21:35:25,2017-06-27 21:45:21,2017-07-05 17:34:38,2017-07-12 19:53:45,2017-07-17,2f4ff92265ac1856ca10248723703b05,2017-06-27
7de128de4c6d4ec918618030361c8e3e,e14ec92a8ec13dc650f6da92178142a8,delivered,2017-11-10 19:05:29,2017-11-10 19:27:18,2017-11-14 21:44:55,2017-11-23 23:11:40,2017-12-06,44364f14110f2f9fae86aa6747101704,2017-11-10
26afe95380acef2da970a89cc128ebe4,fe827c1dbce8d1b8e4d12beb310efdc4,delivered,2017-07-14 12:28:30,2017-07-14 12:43:51,2017-07-20 16:57:28,2017-08-02 19:49:52,2017-08-09,87eeb58e73c33dc52476a0b202742dd3,2017-07-14
b3da12fe6af5c45b08a663e62d282487,1b9e248f63ade22b53e22b3e4140e6c5,delivered,2017-09-09 21:18:15,2017-09-09 21:30:23,2017-09-13 16:28:48,2017-09-16 15:03:57,2017-09-27,ec0677ae604532f5981e9fdf89094e52,2017-09-09
2af07ef80eaeea49803f4f6a3dd99280,8e0d5257ac46d3f8ef385707ee27fd0e,delivered,2018-01-30 19:01:59,2018-01-30 19:14:47,2018-01-31 21:28:38,2018-02-14 21:33:22,2018-03-01,4e9b39f2d300bc02c1d462ad82c6a6a5,2018-01-30
f036b00e17fcaef60868e806043a66d3,1c960186a40f56265429edb6f3f60407,delivered,2018-02-26 12:39:17,2018-02-26 12:50:29,2018-02-27 18:42:53,2018-03-15 01:18:24,2018-03-28,7e0d88162273d619f566200f1164e0e9,2018-02-26
653fb84a9e7359c05777a5332a48a876,f8ccd744c489a7cf8929be838c81c635,delivered,2017-07-21 06:06:25,2017-07-25 03:43:51,2017-07-26 10:32:28,2017-07-31 18:45:37,2017-08-14,c5c8349390248aef203390b693cabc8c,2017-07-21
f83a57cc6e5cab20740d40eaa72dff00,f07b4d8af7bc9621789136d1a3082cc3,delivered,2018-01-03 09:11:36,2018-01-03 09:26:48,2018-01-10 21:37:49,2018-01-19 12:58:30,2018-01-26,07f2fe90e158cc9e7fa8c921f2e22644,2018-01-03
055148178e6fef1a7c02a3a04b6ef6e2,6159a210523abcf7fa166f7cc088bab3,delivered,2017-11-10 02:02:37,2017-11-14 03:50:38,2017-11-14 22:51:20,2017-11-27 16:32:51,2017-12-08,4e645a53f570db099324b8427b360c60,2017-11-10
af7ae6bafcf0885e40e8c5fd1ef4c745,88d9941d5993f28e7017bc9d2f540a24,delivered,2017-03-19 15:20:25,2017-03-19 15:20:25,2017-03-21 09:17:46,2017-03-29 12:35:34,2017-04-10,6da4e04d67ebb3ec08bebfa3b03158ac,2017-03-19
c1ce7c20699d83bcfb424c8e800a1788,2b0a5b85deac8b6d317d15ac41b14734,delivered,2018-05-14 15:39:50,2018-05-14 15:56:58,2018-05-15 13:32:00,2018-07-24 18:28:27,2018-06-07,85c6ac27accabece375373868f934bc5,2018-05-14
ec02fe36bde29efb02d86ad842b6f512,285c8d64abdb53be68b4daa9f580327b,delivered,2017-12-22 12:16:14,2017-12-22 12:33:26,2017-12-22 22:22:15,2018-01-04 14:53:56,2018-01-12,ea1e4054ee2a36bd0d0610a9f79da400,2017-12-22
759f94e96d5f349e21653a23e4104bf9,3cddce665511ae4a0a9dab14c29a0486,delivered,2017-12-24 19:46:42,2017-12-27 04:09:30,2017-12-27 18:32:33,2018-01-08 18:49:19,2018-01-16,faf2a3b90af9ad490765850cd0d23880,2017-12-24
8f649220cbd4ddee3bb61401b5c230a7,710051874af08b3bffde8e19cd95733c,delivered,2018-01-16 12:23:35,2018-01-17 03:37:31,2018-01-17 20:22:22,2018-01-19 23:06:24,2018-01-31,6bf2e5d1bf38f3cd855f0e9101809c07,2018-01-16
4beacb05ac875340b9874e53f3f4bbbb,945de19aa8e05f7328c1de8f7a7a048b,delivered,2017-12-15 12:13:42,2017-12-15 15:13:25,2017-12-18 21:51:52,2017-12-28 13:21:40,2018-01-22,a83eb530aa080e7d3d2ba962e9b3e4a5,2017-12-15
f494d83d0d79852364e3128ec6cc44a1,73de2219957260ffbaaf0ea5bcc4e208,delivered,2018-04-03 10:41:06,2018-04-05 02:27:56,2018-04-05 20:03:58,2018-04-13 20:48:29,2018-04-26,422e3a837e4b97707cac86272dc8baa9,2018-04-03
0b8c6aefe987f59ab3cea15927aedc8e,42ed4ae976789164a88e41d1526a5c3a,delivered,2017-12-19 20:39:43,2017-12-20 16:11:26,2017-12-21 21:56:47,2017-12-28 13:13:48,2018-01-16,fceab0ea1003563686037d3ac74081e8,2017-12-19
0da25668cbbfcf7a7b42a0bfe2c0b17a,90f6906ac49a9c660fbe41ba45800bb2,delivered,2018-01-06 22:30:05,2018-01-06 22:37:22,2018-01-08 17:30:05,2018-01-16 19:27:47,2018-02-02,50b1d0db3c5c87be7d767f483e520263,2018-01-06
40ea2ea8a722cafe20d875802ea20dd7,d5f6d8f3425f5f505c5662c51ef396f3,delivered,2017-10-21 15:44:17,2017-10-21 15:56:21,2017-10-24 22:51:57,2017-10-31 19:42:55,2017-11-10,fe645fe26b82078d3a95d82a017aa396,2017-10-21
a372a7d11ca9ccad9fae880a4a79cbfc,c44d3ca3ce519c558527cf785a72011d,delivered,2018-07-22 21:39:44,2018-07-23 12:31:44,2018-07-24 13:11:00,2018-07-31 16:54:54,2018-08-20,e4c90e78c9eb1d52ed85ecdac5079cc3,2018-07-22
36e898331478ec7492555a7f46d4e9af,ce3eadd4150c6ebc41296a9003b36f41,delivered,2018-02-15 19:54:14,2018-02-15 20:10:22,2018-02-16 18:07:14,2018-02-27 22:52:45,2018-03-07,0676ac169eae634fda13748200865f9f,2018-02-15
66d55d4156f12c0517474cdbf5589c56,f646e0b3a9bd8785aa85b0b2b0ed9b38,delivered,2018-04-01 14:43:51,2018-04-01 15:08:33,2018-04-04 11:43:29,2018-04-17 20:32:36,2018-04-25,518e3cd9ee4c8b1fa38a86815c1141ce,2018-04-01
78f36af48bdfeb73392e3250be7a9b47,4b5776d05ded0f5a435b56193b33003b,delivered,2017-05-05 20:33:28,2017-05-05 20:45:12,2017-05-09 14:19:21,2017-05-19 14:09:51,2017-06-02,04ccbcbbef2cab112c2b5e1589bdf9dd,2017-05-05
be87dfb4eb3793dbb2bf37443ab1e239,1dadf2ecc748cb4a42716535a239593e,delivered,2017-12-20 15:41:13,2017-12-22 02:50:56,2017-12-22 17:24:47,2017-12-28 12:15:03,2018-01-15,f0d7b2ac905dd3bf1d3cbd5fb934f758,2017-12-20
ec7b08d39b75ac7d28c6fda42d3847b1,a6428eedd97ea9606d58e6baf716223e,delivered,2017-11-24 13:30:31,2017-11-25 04:54:03,2017-11-27 16:54:00,2017-12-05 01:06:38,2017-12-18,1f422237b9ea14c9d78f55bdb74e12a5,2017-11-24
3233701bc7c9824c3d7d3e474cc7addc,78aa9e1540d2348c8f58f6ae5e359ce8,delivered,2017-11-24 22:06:20,2017-11-25 00:36:22,2017-11-28 17:32:17,2017-12-22 19:24:19,2017-12-15,f52f8d5f3999646f9c4dc2873274252f,2017-11-24
35ae6fcf66dba4f6760a20b921867b2b,21c15e55f2358a82a62bab48ff52c772,delivered,2018-07-21 14:51:28,2018-07-21 15:04:14,2018-07-23 13:20:00,2018-07-30 12:03:59,2018-08-17,d2212e9666e230754f64c958348e5d1d,2018-07-21
ddcdf215808306b8919f3cab54d88247,c1b6deabce3d7c0dd9a3b178c424d618,delivered,2018-03-09 09:39:04,2018-03-09 09:55:39,2018-03-12 19:02:23,2018-04-06 19:19:15,2018-04-02,4ff53298a7ccba6f4f7af157c01296fa,2018-03-09
fc94dbb82eb02d7913d9f0c02eb547da,c80b6c4747849e18370b9ed8581cadcd,delivered,2017-10-12 19:45:22,2017-10-12 20:49:38,2017-10-14 14:52:23,2017-10-20 16:38:54,2017-11-07,f9ca24d696e644a500128f8b4848fec6,2017-10-12
ce4c70f737d1a9edba23290f6031d076,3e4b0745edd000022ba7bbeb4918104c,delivered,2018-04-04 10:39:30,2018-04-05 02:28:06,2018-04-06 02:46:29,2018-04-10 16:37:57,2018-04-26,f2f2b7736b9efe4f574aa8a0e4dd2f7e,2018-04-04
c6d5501e88e1bdffbc13792a7f4dadda,0581c965ce68e0b4be312e116c15a31a,delivered,2018-05-10 15:47:59,2018-05-10 16:20:36,2018-05-11 12:37:00,2018-05-15 18:24:54,2018-05-28,91a116717ec31215ffc38c8cab031a6e,2018-05-10
6338011716bfe53b960847be47479662,74671791c2cc61942ae043b7da20b07c,unavailable,2017-11-16 12:28:25,2017-11-16 12:56:02,,,2017-11-29,698e6df3af8163cec0d3c134055e1fda,2017-11-16
42fdf880ba16b47b59251dd489d4441a,15fd6fb8f8312dbb4674e4518d6fa3b3,delivered,2018-05-21 13:59:17,2018-05-21 16:14:41,2018-05-22 11:46:00,2018-06-01 21:44:53,2018-06-13,4291db0da71914754618cd789aebcd56,2018-05-21
80abbc325d8a084990586d706a61d534,6f4184a789e441d13698cb3e51a2f4d6,delivered,2018-06-03 10:59:51,2018-06-03 11:10:48,2018-06-04 15:12:00,2018-06-06 17:52:03,2018-06-28,1c118e601bf769b901be570ebeb68301,2018-06-03
f69fdefb076eab898275116d3af13742,0763c0d40237127124928fd4bfbcb690,delivered,2017-11-24 19:14:06,2017-11-24 22:39:31,2017-11-29 20:36:28,2017-12-01 15:22:23,2017-12-08,6e55113346cb7cf3989fdd61a41152a4,2017-11-24
c7e64567d07503e82847c129519ea90c,718ed7b0762650c7764a7190183c79a3,delivered,2017-02-12 14:25:19,2017-02-13 14:30:18,2017-02-14 12:12:13,2017-02-21 17:17:45,2017-03-15,ac88e529f52764d13b9b63d37a8f12f8,2017-02-12
da10ccdda2c75ef56689e000a5ef9e1f,577f96503bd03b26bb18ab20abf41c1d,delivered,2017-05-06 10:58:50,2017-05-09 09:50:19,2017-05-10 08:44:48,2017-05-11 13:25:46,2017-05-29,e35506619ad6166b9806ee9078bb1a56,2017-05-06
a07190c439d2e3c83b6a6952ae53ce6e,9d861a511b20ac6c0e95d9683fd6a657,delivered,2018-05-27 15:23:47,2018-05-27 15:35:31,2018-06-04 13:36:00,2018-06-09 14:13:37,2018-07-16,49fca40646e3b5b1153bed3d348908d3,2018-05-27
c628feb26c9b967296fcee33fbdf2fd1,74d2e177ebcab90583b1b652554a24fd,delivered,2017-03-17 14:12:21,2017-03-17 14:12:21,2017-03-24 10:34:22,2017-04-04 21:12:50,2017-04-12,5725b67b2a112e3473171ee49319b1a3,2017-03-17
a8d3b917ee2d31e05a2b76df5f9694a5,99b713d753764b3169c1cae913d89f73,delivered,2017-12-12 13:55:04,2017-12-14 13:54:09,2017-12-14 23:18:32,2017-12-22 10:14:46,2018-01-05,a959930943d29ce5b8dfd084c607647a,2017-12-12
64397bf4c493c0fa84f413977e87da93,801cf4cbead385894fce01a5edc979ff,delivered,2018-03-16 12:59:25,2018-03-16 13:10:51,2018-03-16 21:59:35,2018-05-03 20:16:39,2018-04-09,178037c9f75834915cfa3643caec3d50,2018-03-16
11bc84df322a800171eefbc060d1b69f,48032b5aac0bde21fd3d1a919f36bc7b,delivered,2017-09-11 14:30:41,2017-09-11 14:45:22,2017-09-13 16:07:04,2017-09-15 21:41:51,2017-09-27,1417681895bd63e981066de2a87fa4f6,2017-09-11
621b8e90f6fd06a792af8bdbbaf64a92,71aa01cc47a448e60c96835dadd9fa8d,delivered,2017-10-08 00:33:01,2017-10-08 00:49:15,2017-10-09 19:44:00,2017-10-23 19:56:40,2017-11-09,76009d41d2dcf4b23a9f4801f961c7f9,2017-10-08
cbd72908cd519d4501d42b94604a313a,dc731b7b1ea79314929ca4e222ded652,delivered,2018-03-25 18:29:27,2018-03-26 18:35:23,2018-03-28 00:38:55,2018-04-17 20:58:32,2018-04-23,f5dc702f5cb2bbcf543ecc755729a99c,2018-03-25
5a311f01535e27f8bcdade4c7834bdab,863fdd89fb0a41659f0a837fba06c45a,delivered,2018-04-24 19:19:41,2018-04-24 19:30:17,2018-04-26 14:04:00,2018-05-02 21:51:59,2018-05-04,30302a2dfcea730160616fb856eb1231,2018-04-24
ea10db65e0559d69b56effcfed6a41c1,2c3bd36048f62f4a89633435b5e2a094,delivered,2017-12-04 08:24:13,2017-12-06 02:35:46,2017-12-06 21:48:57,2017-12-18 15:52:52,2017-12-28,eb6498bc3ebfad8980c0e5a34a996a46,2017-12-04
f3e5c962f3e54c9eb2148bcdfebef26c,9ad093e3c09e370f0f79dd573a9b2f34,delivered,2017-11-24 05:26:52,2017-11-24 05:38:20,2017-11-30 18:29:14,2017-12-26 16:48:38,2017-12-14,eea6fb5145bce7ab4d3e2b04315702f4,2017-11-24
a6a07a5ae4af92b749d3265d6f459dd3,0ef5b253d785cfc72f6a7c4d28787983,delivered,2017-08-02 11:48:46,2017-08-03 13:45:11,2017-08-07 14:56:55,2017-08-11 16:43:38,2017-08-28,5194da8c46e3c476a0a031855604ab10,2017-08-02
fee5caa0bafc2ce76161488d400a7c12,a3428826c15d1fa3148d20ab899e569e,delivered,2018-04-01 21:11:45,2018-04-01 21:27:53,2018-04-02 21:42:15,2018-04-07 17:12:20,2018-04-25,b3867eacb515dc0d32f7bc208bb6875c,2018-04-01
778c4b126dadc4564077343c319a97e7,dfc367771a8b31b609450bf80083a03c,delivered,2018-05-15 15:10:31,2018-05-16 02:55:09,2018-05-18 12:33:00,2018-06-09 19:03:18,2018-06-04,98d3f807996d6469427d29de3396a03e,2018-05-15
318d20803b9e970fb4d7138c443ba472,7e3f0b82fa1fe7ad7646c76393490c88,delivered,2017-12-15 19:16:36,2017-12-19 09:33:31,2017-12-20 20:18:44,2017-12-27 14:05:52,2018-01-11,7b061d705210e0272a67e32c3cb124f6,2017-12-15
390f7b0eca6e233bfe1584c54f97c39e,154019d49417fd66f52109220b1c6e43,delivered,2017-05-17 21:21:13,2017-05-19 02:23:44,2017-05-19 14:41:50,2017-05-29 09:09:40,2017-06-08,760ec8cf264a0874772be65e6c9481bd,2017-05-17
e737af03de32cf2b9d013f5831754def,cb6ee48440ab278231e74bc2a55835b8,delivered,2017-06-11 17:09:52,2017-06-11 17:25:10,2017-06-13 15:24:09,2017-06-19 19:58:24,2017-07-03,cd6c68c5fad15e0a5a5c1150546704e0,2017-06-11
6719ad7e3fe40d976c5db31f716bb5ec,07d91ab1cc12928c32ff2120bdf6b6d1,delivered,2018-03-17 11:48:28,2018-03-17 12:09:04,2018-03-19 22:41:15,2018-03-20 14:59:21,2018-03-29,599ce74aa31e43063c7cda3700ad5644,2018-03-17
7b00b75d81cf399870662223f3a8cc62,2bd2e5383324dceb79bfd76eb580e1bb,delivered,2018-03-30 22:34:05,2018-03-30 23:15:11,2018-04-11 00:52:07,2018-04-16 23:33:04,2018-05-07,703a328ef6bc82022db191222a960b19,2018-03-30
c8690529d708337d1fdafbe5cc2e6e7a,8b3d7bf9cdbc9c94481c2a0782e849bd,delivered,2017-11-25 22:56:23,2017-11-25 23:11:47,2017-11-29 19:06:55,2017-12-13 18:05:01,2017-12-28,4b10e2a48565bff4d771bdc7f9d4144e,2017-11-25
c913d38589fa350791d4d89dec949c4a,096e87e7d0425ddc6bfe0e3473ed43e4,delivered,2017-05-09 23:31:05,2017-05-09 23:42:32,2017-05-11 10:22:21,2017-05-15 11:54:07,2017-05-25,0430815838853d88dd12f38611b8646a,2017-05-09
88619b87b77a72ba17043ae30bd6378e,603b593ecf6cab6b621a15778354688b,delivered,2017-12-06 18:03:50,2017-12-06 18:16:28,2017-12-12 22:11:54,2017-12-14 18:27:08,2017-12-22,52395d8ded324e582b696c94430e2267,2017-12-06
93f1a4071d3c96b7aa72f3fa4d5be36b,f15411e1a358276f492adda4038eb839,delivered,2018-08-09 12:06:24,2018-08-09 14:26:11,2018-08-10 12:26:00,2018-08-16 15:16:51,2018-08-27,6873126f83a50571c29ddf214c81e9d0,2018-08-09
3ffa506c19577dce30f9dbce07028c38,42990531f1c563abd40f0a87b783c0c1,delivered,2018-08-15 21:09:19,2018-08-15 21:23:53,2018-08-17 14:36:00,2018-08-22 21:32:02,2018-08-31,f70071755f8beaa1d2b64ae9bcb62af7,2018-08-15
75102f3276e78ab1bcf13aef73b4ab37,a130d7c624db60ba317639698e7831b3,delivered,2018-01-18 10:27:40,2018-01-18 10:36:24,2018-01-23 19:59:14,2018-01-29 16:18:30,2018-02-08,dec06246df7bbdd8f6f58ccf231958b3,2018-01-18
aebab300abbae798a2b725d92a3f6132,fc06f51927d8d0f9efbe01a62030de1c,delivered,2017-12-11 10:06:21,2017-12-12 03:53:25,2017-12-12 23:08:46,2017-12-27 13:38:09,2018-01-12,984a33b0c5eb64a5e2ac170023cea0a2,2017-12-11
a5274036a39a838ac50a4efaf8d0d66d,00b2fdba41164ba7de5052652fb86231,delivered,2018-07-22 16:13:00,2018-07-23 12:32:20,2018-07-23 15:05:00,2018-07-25 12:57:26,2018-07-31,02bc079a58dfe937bdc5d97c8bac00ac,2018-07-22
478b98b4c7442950e6911539465abc95,0cd004313277890ddd43f33d5b81a266,delivered,2018-04-21 00:33:15,2018-04-24 19:27:57,2018-04-24 18:19:48,2018-04-30 21:57:49,2018-05-18,1d3f38a44bc78323403edc862d8001e6,2018-04-21
db91650415685ed0ea57e9d3e47bf887,bd2282f117ffd3465fb7047d92002806,delivered,2017-03-20 19:08:46,2017-03-20 19:08:46,2017-03-21 09:46:06,2017-04-11 10:30:13,2017-04-10,c3510151fa915096c984929abdec3805,2017-03-20
7b88910a9e8c55290806a85af1b796a6,4d7709e05925f067a311701de16c59b6,delivered,2018-03-14 11:19:21,2018-03-14 12:20:30,2018-03-15 20:23:25,2018-03-27 21:44:45,2018-04-05,4d66a989c3b48ccc474bf0b8c0fee918,2018-03-14
af4de5572edcf4dac89b10578b09c496,f618a0c08e27e7ef7b4761e39d3ba6ee,delivered,2018-02-26 19:07:19,2018-02-26 19:15:40,2018-03-02 20:04:22,2018-03-05 19:04:55,2018-03-13,554e48f32c5c092f955c607fbdab5e5d,2018-02-26
85514951847547917a4f611d605a9085,750f14ea5e0f226e42bd9d77d4af541d,delivered,2018-08-20 14:39:22,2018-08-20 16:31:37,2018-08-21 13:16:00,2018-08-23 21:34:58,2018-08-24,5ef749f2915e7196dba56703be6d9eaf,2018-08-20
fceed72ef6fde5b43c8bcefbdb223edc,c8a712693691a5b46fd2d942540b36c2,shipped,2018-03-29 12:27:47,2018-03-29 12:48:58,2018-04-02 15:29:45,,2018-05-07,42cb8b978da377b095a349d95935f4e5,2018-03-29
da16683d5e9f82e544d3c87d79a74a4a,8eb90c8fee300fde9364d8128df008fc,delivered,2017-11-24 11:01:15,2017-11-24 13:14:40,2017-11-24 20:38:47,2017-12-04 19:38:56,2017-12-15,e09f9f70a977ceea98c277df16abe860,2017-11-24
bced2783b02e37169d1ab308b2d5eda4,3a0fcae5af99cf4253c74d5ace0eb30f,delivered,2017-07-30 19:30:59,2017-07-30 19:45:13,2017-08-02 13:32:10,2017-08-10 16:44:24,2017-08-22,6ec281898cf517a639f8110fc842a4c6,2017-07-30
ba708502fb9111dc0e00caca9c386b21,b39defc25f6136cf6c7ebac94e4ba2b8,delivered,2018-04-11 13:05:11,2018-04-13 08:31:55,2018-04-16 19:29:04,2018-04-18 20:14:55,2018-04-23,4593219d4fdf421ccc0f4726d6649da9,2018-04-11
5dc60558e06256f411fff50ee8e785ca,c677745cc868786f19c18ce55363ae6c,delivered,2017-08-26 22:17:51,2017-08-26 22:30:17,2017-08-28 19:37:45,2017-09-08 19:57:55,2017-09-19,89d9478cdb7b68cf83c892a990daccfd,2017-08-26
2a8cb6405aee52f3b246ccae8bd4fe11,6c12ba0696cdfa81f4d7427d78dc91dd,delivered,2017-11-30 21:25:45,2017-12-01 10:31:15,2017-12-01 22:56:55,2017-12-15 16:35:08,2018-01-04,0706628eab2c8462575ebe7e1d0633ac,2017-11-30
895b3de213f9fd7efb2f3896bf21babf,d3d6ddc97ece6d0ba9cec858f5db221f,delivered,2018-03-23 12:13:44,2018-03-23 12:29:14,2018-03-23 22:54:43,2018-04-06 22:22:53,2018-04-27,67f493e5903747b4a22ed28645c6eb88,2018-03-23
e80c013ed85f10721afbdeb2808bf4b7,c36f59caf7733f320200dc0ef73e450c,delivered,2018-05-10 16:06:17,2018-05-10 16:20:59,2018-05-14 06:35:00,2018-05-18 21:33:09,2018-06-12,6239031aefb6e819108331e66ecbca75,2018-05-10
03af220bbd928b7dac065e6febed1c5e,3dc408efa49b52c61d521247efe4a270,delivered,2018-02-19 22:08:23,2018-02-19 23:07:33,2018-02-23 22:25:14,2018-03-02 12:48:58,2018-03-13,2b4d2f593e447bd31d2cbb0130ff78b0,2018-02-19
8a3b0656569be8cae2c31bd2718b3f63,7bc83bfe8058b1bdefa4a84bcfc8af0b,delivered,2018-02-27 21:50:36,2018-02-27 22:35:24,2018-03-02 00:52:09,2018-03-07 20:36:51,2018-03-22,56499d19a0dfa7e0219fe765cfe6f1c6,2018-02-27
7a411701d358d7be1e457ec66ceb4731,69a802e5bb4b4ae5ccded0cda1d0e40b,delivered,2017-11-30 19:27:38,2017-12-01 09:30:48,2017-12-04 16:12:06,2017-12-30 00:10:30,2017-12-26,b1b8547d1b252e5f9e863bad9ff9e978,2017-11-30
fba03bf5e3db2585caab95fb6ef71c45,16324800ab15f5fd4d14eaacf6925e90,delivered,2018-04-22 01:19:36,2018-04-24 18:59:06,2018-04-23 19:22:54,2018-04-30 14:51:56,2018-05-16,562a16a821bbfe45c291d70ebce8a943,2018-04-22
ad679e9379f7d33db28625c0c859114f,bca8a4550d2cbe049461040480f57b7e,delivered,2017-07-24 20:49:03,2017-07-24 21:03:14,2017-07-28 18:22:08,2017-08-03 21:51:27,2017-08-11,f97502ec5112069fdb747c5f85c99a66,2017-07-24
46936461f0c4e3c80b9289ce5fc1682a,f6295486d5e27c0de0101b3f1b63b6d1,shipped,2017-01-08 19:27:22,2017-01-08 19:45:02,2017-01-11 09:34:18,,2017-02-21,7d08a8005756c215935d45bcc0e9a760,2017-01-08
1de8f07a2c99c2a100504ee992d3f40c,d26369eedad84bda287c3a7c457c2190,delivered,2018-04-26 10:37:38,2018-04-26 16:35:18,2018-04-27 11:35:00,2018-05-04 19:05:09,2018-05-23,ad72f10b475c641624b00a5d321c37e6,2018-04-26
eeba1dfa84dff855a9bcedcb487549dd,40c7d59d0ca882ee31615c188ee54593,delivered,2017-11-06 10:32:23,2017-11-07 07:30:33,2017-11-09 20:48:43,2017-11-16 18:42:16,2017-11-24,ba7fa0a94a106bbf587f5813d19b63b6,2017-11-06
75ad3bc2c20ac416220546b2268066dc,810eaa5351d02199e8f4b53de15008df,delivered,2018-01-23 11:03:58,2018-01-23 11:15:21,2018-01-26 17:09:22,2018-02-27 22:41:44,2018-02-21,1449406fd26b9eb3280eaa20ec068a8c,2018-01-23
04ffe2f01e4967bb8dd86f8d1db29d89,449baad385972ba0072cbf4dbfc18e34,delivered,2017-06-26 15:25:02,2017-06-27 03:45:07,2017-06-30 11:42:26,2017-07-02 08:26:32,2017-07-07,dd3718773d0c3e14bbe8b2b5405113ab,2017-06-26
4f017431bb604b83864ddacd57e505e4,bbbbb2b0c3acafd69a8ce2c286802458,delivered,2018-04-22 12:33:15,2018-04-24 18:40:18,2018-04-24 19:32:45,2018-04-30 17:12:17,2018-05-16,ff1365a18f869f23403469811572c1c3,2018-04-22
d6fac5cc8d7f57c8716d70da38b27d3f,f78ba3d51a74f062acca983c2face18c,delivered,2017-04-06 23:17:59,2017-04-07 23:22:37,2017-04-08 08:44:35,2017-04-13 12:22:41,2017-05-02,7be2664f71e8cfd2cab6c6cd4245f10d,2017-04-06
9a50b650295303f506477ad430996e9d,83393704da3eacab2980fb5c41db4fab,delivered,2018-03-09 03:53:22,2018-03-09 04:05:24,2018-03-09 23:28:24,2018-03-13 21:12:23,2018-03-21,640e0836427ba779695829b5ea1f6dfb,2018-03-09
32d264c87f67556abfb9ddeb89d4277b,a83fff8f9329c20467c26695d2be23ad,delivered,2018-07-22 13:14:39,2018-07-23 11:31:40,2018-07-23 14:18:00,2018-07-27 16:28:23,2018-08-07,8763996f778ee9e22934cadfce1b677e,2018-07-22
5a349f273f2b09f31ea9e761ae655586,0e077e2c9e518b1443382b33e00ba95c,delivered,2017-12-29 07:36:46,2017-12-29 07:48:33,2018-01-08 19:07:43,2018-01-13 01:29:02,2018-01-18,212b42cfcacfe76f9c92ee59abf8ab54,2017-12-29
4af03386addb99dc44451b81b470a609,58e1ef40232ef2763c4a770d2cff4b49,delivered,2018-03-09 11:32:48,2018-03-09 11:55:44,2018-03-09 23:57:02,2018-03-11 14:06:26,2018-03-21,93603747aa73507db172820142fb3b81,2018-03-09
1e48885ebbfefb5b48f97437f0104855,e150e46dae622d09f19b64a34f9387df,delivered,2017-11-10 20:37:46,2017-11-10 20:50:39,2017-11-14 19:41:23,2017-11-28 15:39:18,2017-12-05,34a7b25bf23db492284fbafd5b487ba8,2017-11-10
180c9fcf056bcb72bbf79029ddfa0132,6292bb80d44fd214eacb6928310b1812,delivered,2018-05-07 11:19:05,2018-05-07 17:56:51,2018-05-12 08:14:00,2018-06-05 00:08:55,2018-05-30,8e198f8a96d95b17bb5d6b48ef567681,2018-05-07
ee2c523648f8d3fddba9f09bc16a6490,22d503cfcbf60af5fbe6a0dea1b48102,delivered,2018-04-22 03:25:16,2018-04-24 18:59:39,2018-04-23 18:51:29,2018-04-26 10:48:46,2018-05-10,42480be47757c8ab621b02d85a564fb7,2018-04-22
88ff50ec153428aa5372c0276c7dd75f,623750c8ee9b83640f13062371538e18,delivered,2017-10-26 11:15:43,2017-10-26 11:28:38,2017-11-01 15:18:54,2017-11-07 22:28:52,2017-11-16,1f18edb416441cc1b371a2280da8821c,2017-10-26
2292c00843a93f0cff36af4ad5791098,39660be50b511acaa1d93b9ecca96ff9,delivered,2018-07-31 17:19:49,2018-08-01 21:15:18,2018-08-07 15:49:00,2018-08-23 10:34:45,2018-08-20,66596e08440320718dd23ea4d89ed37f,2018-07-31
96713ebe8541837da0ea44778dd6f2e5,ca37e3d5cd0eac978ea74d8c46ad4ca4,delivered,2017-04-22 15:23:53,2017-04-22 15:35:10,2017-04-24 06:45:53,2017-04-26 13:30:33,2017-05-15,7f9583a3439f2b40a4daf2b82170d1e9,2017-04-22
d23b1afea718882b7c22f47dbb27a482,a7d1cae474ef2486db64b48d04514278,delivered,2017-09-24 11:49:35,2017-09-24 12:04:19,2017-09-27 19:03:04,2017-10-10 15:10:08,2017-10-26,ac4cd9cc15e9ab03c130907f88d0affc,2017-09-24
1a597bd140cc8bacc4af88ba909da8d7,a205ba469f164f3a289aeef5e303f1fa,delivered,2018-01-05 00:29:14,2018-01-05 19:15:24,2018-01-09 16:20:03,2018-01-16 13:55:53,2018-02-06,dfae1a0a06e39db89dc7cdb230b651fd,2018-01-05
9e62fc0a630c85e43bfdc26218538c5e,96dbb9d7776265abffc80eb7dd111a18,delivered,2017-12-01 23:27:17,2017-12-01 23:37:24,2017-12-05 00:12:03,2017-12-13 14:34:59,2017-12-26,9decc50daf3b6a88a11531bb1c5aeb4e,2017-12-01
0eef7e4ed65516867584806c217bd0f4,aaf3349aea48a03e9d7f4900f02b4592,delivered,2018-07-07 13:21:57,2018-07-07 13:35:13,2018-07-26 15:11:00,2018-08-01 22:02:41,2018-08-10,2a72479f6b38d9f909439ac745663c2d,2018-07-07
a60241fca336b3f14485dff30a172cab,2a3caad976ff659d519660a7c9357122,delivered,2018-07-27 22:05:26,2018-07-27 22:24:21,2018-07-30 09:15:00,2018-08-02 13:45:01,2018-08-20,0b7a92bbb834394fd894c370ba568278,2018-07-27
8273d2fc0ec9b9e27e2f3998daebb8ed,ec3a243dd7e47824066db2ecbf683723,delivered,2018-01-24 17:02:52,2018-01-25 02:57:56,2018-02-21 22:19:21,2018-03-03 00:38:48,2018-03-05,c41e7f324ff94cdab5eadd2d87e150a2,2018-01-24
7286bf3202c0810432f147c3ba4a5475,af20635d133ba319a23244c17b35b008,delivered,2017-08-15 08:28:02,2017-08-15 08:43:56,2017-08-15 19:27:22,2017-08-24 21:43:45,2017-09-06,cbc1a4378e51200ca3a2bfe7cd620efd,2017-08-15
21f088502aca17fa9e009f1fefdf6e21,4d9205387c3f51e4de2547ed1ba62a52,delivered,2017-05-19 14:05:32,2017-05-19 14:22:44,2017-05-19 16:21:39,2017-05-22 10:04:20,2017-06-12,72cca764d90d1bca6be6ab9ab34d3cd6,2017-05-19
d302e003dde44567f42e14c42b2c48be,9b19eff415dc894c44e32ab97355c506,delivered,2018-01-06 20:59:11,2018-01-07 20:51:31,2018-01-18 22:39:11,2018-01-23 14:26:57,2018-01-26,7c7725a91776791076e6468489afa661,2018-01-06
feeca366b9564e8753ab062807da307f,cdbb6829962e9f8e21779475a2f21dfb,delivered,2018-01-14 20:05:44,2018-01-14 20:15:29,2018-01-20 01:06:35,2018-01-31 19:04:18,2018-02-09,3ff7348e1688263b4d6cf7ff9f7a525b,2018-01-14
cbe7720057164f59152cf8d2baab0722,786657bbcd04e4eb9321494bad1e4842,delivered,2017-05-24 10:08:51,2017-05-24 10:22:48,2017-05-24 13:51:45,2017-05-26 10:52:16,2017-06-14,8a363e10a33027136750fd7f94f03236,2017-05-24
65e5dec6096c490c59b838a21727807a,ace2dcf6d9830137bedf84a0d50e2656,delivered,2018-03-21 16:55:51,2018-03-23 02:07:36,2018-03-27 18:06:43,2018-04-10 17:04:19,2018-04-19,0c2e9bf17eeed87768d58f58a2aaba3b,2018-03-21
075a544c5f4ed4bb75f82b160465fe76,8c0a260a33c95286a9a851fe8bf42797,delivered,2018-02-22 15:17:38,2018-02-22 15:35:27,2018-02-27 19:23:49,2018-03-05 20:58:53,2018-03-20,c385f43894ac5ac31c50339ccf16e8f0,2018-02-22
5dbc20fb1b96be418fe609dd113655a8,1e04f6c665111394a7c7b9fa99e4d66f,delivered,2017-11-22 12:58:17,2017-11-22 13:07:31,2017-11-22 21:36:57,2017-11-23 21:13:41,2017-12-04,3eb9ec43785a0d845cbcd1054a48791c,2017-11-22
2ec795cf2d2eb7925def2e207f6f648c,ebbe0203a019049e4f025a9ae4c9bc5e,delivered,2018-02-04 18:28:57,2018-02-04 18:49:00,2018-02-06 14:58:51,2018-02-16 17:12:20,2018-03-01,c8906d494e8e9426dcd48710c8319bed,2018-02-04
f79bd0b3bacc5142f90f81a15b4a602c,49b099ab9bd4ef041b24a864b39167d5,delivered,2017-04-22 13:55:16,2017-04-22 14:05:16,2017-05-04 18:42:45,2017-05-12 13:55:55,2017-05-18,4018dfd7ddd89df122db84f6279a4864,2017-04-22
f15da8ecf7448df2333a470d2637bffc,b94d4638ba49563832d89026674e1faa,delivered,2017-09-10 19:50:02,2017-09-12 04:44:55,2017-09-12 18:43:50,2017-09-19 14:10:30,2017-10-11,8e2c92b2442298bd653b0e9aadf4c313,2017-09-10
29bd9da0c830f4911275d768a70079ab,2569c9cdd69b64dabbe2ce31fdcb1d9b,delivered,2018-07-30 17:02:36,2018-07-30 19:31:47,2018-08-01 12:43:00,2018-08-08 17:48:54,2018-08-22,d4f1b8b37af3041bbee29d0404ea91d2,2018-07-30
278d8871aa19200fc6947eaaeaba473f,aa86e8a287d4668dfd4665eb022c0c03,delivered,2017-05-09 21:27:28,2017-05-09 21:42:39,2017-05-10 10:55:11,2017-05-16 13:58:54,2017-06-07,2a767cc64910d05e2d6456aeb8fe55b0,2017-05-09
e6c7306ef73b84f65ebd6c37dba05b6e,c956323b52824a4e15cdf08d452f68d5,delivered,2017-11-15 22:09:08,2017-11-15 22:26:34,2017-11-17 17:21:39,2017-11-30 18:48:34,2017-12-14,46c54f2bc3965fb5a8e3136c2e32e116,2017-11-15
e91651e27c97f458eb35e67d8cee206b,e1f0628e6af27a0bc119d2e597c619bb,delivered,2018-08-23 12:08:51,2018-08-23 12:25:17,2018-08-24 15:16:00,2018-08-27 19:58:38,2018-08-29,2b8649d1a9912afc25d2943a04782756,2018-08-23
201691efe89d4d71f36e5ea279a8759a,41f7392232f044ac07529df63336f9bc,delivered,2018-02-21 14:18:43,2018-02-21 14:31:06,2018-02-26 15:57:12,2018-03-13 15:18:26,2018-03-15,533a17479e9f1cbe8d564a3c7673ad32,2018-02-21
5029ba60b47d5397fdfe41f9923b7b8b,ba652878434f2ef707743bdf9444b46d,delivered,2017-07-27 22:01:22,2017-07-27 22:15:15,2017-07-28 17:56:27,2017-08-03 15:23:32,2017-08-16,f7a5bca390735dfcf029b4e292df7815,2017-07-27
b647577bafd629cca1b1c3b7aed598ed,1f1fab4313a5a8c7382720ba5f28acdd,delivered,2018-05-02 10:47:00,2018-05-04 03:31:53,2018-05-04 13:39:00,2018-05-10 20:17:49,2018-05-29,6f28965cb68a5b0a11b0a11ddb0db5da,2018-05-02
069d921a767dfeb76fb4a7f39bc4217c,5eecda6ad529c01c64a0dc71cfc02f17,delivered,2018-07-05 15:49:02,2018-07-05 16:35:33,2018-07-06 09:00:00,2018-07-11 18:03:10,2018-07-18,14836decc7195459c2fb090c8173fac6,2018-07-05
72a055afec5322997eace70e9f743482,54da5dbc494349153af7466f6e030d7d,delivered,2018-02-24 20:04:09,2018-02-24 20:15:27,2018-02-27 22:09:30,2018-03-21 23:52:38,2018-03-16,d2524b4bb93d8dea03746873f83d10fe,2018-02-24
edc9fcd5f5ab3aa69901aa991026ee0c,07c457249ec4f7f19f0244025b671ccc,delivered,2017-06-03 11:55:09,2017-06-03 13:05:18,2017-06-05 08:52:20,2017-06-14 15:38:09,2017-06-28,e5d380f1cd5c220fdab47e0245471013,2017-06-03
a6055e208086fe169c0a0f191b43445c,28a8b3e9e93103e57dfbe8df0cdbce5f,delivered,2018-05-04 18:44:15,2018-05-04 19:10:01,2018-05-07 17:14:00,2018-05-08 20:12:09,2018-05-17,0509ab034845adb0b4c91b6f0e7b7260,2018-05-04
0cf80be143500050973f324c3e068196,d45cfb2ed69ddf56d6fadc0c3e8b2767,delivered,2018-07-26 14:33:26,2018-07-26 14:45:08,2018-07-26 13:32:00,2018-07-30 22:22:08,2018-08-15,3eadcbb5a228a4a978a8112bcbffe573,2018-07-26
97a23886ea66e6988046edef6bbedf19,5165d466a49c784db618c53d61743091,delivered,2017-10-09 14:55:15,2017-10-09 15:14:10,2017-10-13 13:50:37,2017-10-18 23:13:32,2017-10-30,5928064347952cf183a6d7ebc709f5b5,2017-10-09
97a3784af9d034ddf29b8a15f7a2faa9,c84171fac5ca03383b6bc51d043c14a8,delivered,2018-08-13 16:52:45,2018-08-13 17:04:37,2018-08-14 17:16:00,2018-08-17 17:08:31,2018-08-23,8cd6f80d3c3994e2060d46ec07ff0b0a,2018-08-13
0f016423033058b7bef153a01ff9100b,3ace70c2a53c63bdd0f8b12c02b1e4d6,delivered,2018-02-24 09:02:10,2018-02-24 09:15:27,2018-02-28 23:13:20,2018-05-03 11:46:32,2018-03-26,0d063c0af63deb742dfa531f972b8c9d,2018-02-24
f81d11112171f1ea416d591f864d960f,2f4e25590a0019db4998de8bd7cc498e,delivered,2018-01-18 09:12:58,2018-01-18 09:37:01,2018-01-18 22:19:21,2018-01-23 21:32:47,2018-02-08,55c276c1ea907af3d8693e344a481f25,2018-01-18
33d89aec64b61f0dbd880fa8d8dbec5f,5833a641a3ec9e804da73d17e57ebca5,delivered,2017-08-30 11:45:20,2017-09-01 02:24:31,2017-09-01 19:03:55,2017-09-05 21:42:36,2017-09-12,0e443e6576fe27ebfd16507be8c0b50f,2017-08-30
4041bc9d1b1fce0b58abecb8060fab29,58803ced08e52f5e3b028ef81d8c9563,shipped,2018-03-05 03:47:11,2018-03-05 04:15:24,2018-03-05 23:23:36,,2018-04-03,e1ea386ca075b353d9391bdf9e4232ac,2018-03-05
13f0a8913015ac1227a6b09f518c475d,c6a61ca0eb08e3c60bdcb638c921691a,delivered,2018-04-02 12:24:41,2018-04-02 13:35:21,2018-04-03 17:56:37,2018-04-14 12:11:34,2018-04-19,f71b1891b7419536fcd70055efaa6951,2018-04-02
4baf66d022680c163d31c85a42b6bbd6,c58715ca3ace911c2dca3f824abc8b8d,delivered,2017-08-23 20:08:27,2017-08-23 20:15:12,2017-08-26 11:23:51,2017-08-31 20:09:05,2017-09-05,5ffbdeaf6e351755f4816fc2068bb161,2017-08-23
38173930252d680d26301b01fbc43de4,90dbcbd73383508c89e1140a3c4d65a9,delivered,2017-03-28 16:04:16,2017-03-28 16:15:12,2017-03-29 15:39:53,2017-04-03 15:23:42,2017-04-17,5215b710016df14dc0d96d13342d30a5,2017-03-28
1069874467b6a425853288c450f68fc9,cee53b7d3dd56da687a4fa61c6ce8d32,delivered,2016-10-07 22:51:32,2016-10-07 23:13:46,2016-10-11 23:13:46,2016-10-28 13:51:23,2016-11-29,4403513209514871ac9d0fd681f7cdb5,2016-10-07
1c8898140458c37fbbf0be37d47193b9,175dd7b2bfca46e0ff5cbca65b9c6e7b,delivered,2018-04-01 05:03:10,2018-04-01 05:15:16,2018-04-05 00:19:13,2018-04-26 22:16:26,2018-05-04,44631e051ad47014e6da99055ca996b3,2018-04-01
c2915f1e4570dc14bb429295f925507f,7aa99a903d05793582d4b4b678f55300,delivered,2018-02-12 17:10:02,2018-02-12 17:28:24,2018-02-15 22:17:04,2018-02-26 17:17:48,2018-03-08,da57d50d6b9efdd598b3a52ea8a7b850,2018-02-12
45a6db7c0c90c420e4659ae681f7e761,37ae206bb3c1fb4f09b26efdfea782a6,delivered,2017-05-09 22:05:09,2017-05-09 22:22:48,2017-05-10 15:30:08,2017-05-15 11:24:41,2017-05-26,f76e008f92f0fea80b3d30be49945788,2017-05-09
b63a4baa025f1db7cd7f3bd5f4336c11,0713f33e5e39aab4a6ceba626f05b914,delivered,2018-02-02 23:15:07,2018-02-02 23:30:28,2018-02-08 23:54:33,2018-02-23 18:29:12,2018-03-12,e4b21e46d04195f78e024beff0b19127,2018-02-02
3b91f4d4c8c900e3cbca45d17a5c2cfb,039b0a43d31bd90051298c4c41a277ea,delivered,2017-11-02 21:48:41,2017-11-02 22:06:31,2017-11-08 20:19:39,2017-11-22 02:06:36,2017-11-29,f13d5dea2335435fe7c9b8a1901c1d1e,2017-11-02
eb9467fb82e562d5d44ece6d6b8a42d0,b0cd3f867f1b5e1b8d41c7712c19a889,delivered,2018-03-06 16:23:19,2018-03-06 16:36:25,2018-03-08 22:29:34,2018-03-28 01:38:44,2018-03-23,8ccc334fb1c5aa3f2bd12ae5939d3405,2018-03-06
c2a550cc5f966506b717532441c221e5,fc99aeadad12e8925f558305956a08aa,delivered,2018-01-12 15:38:34,2018-01-13 15:33:31,2018-01-15 15:46:55,2018-05-23 20:56:25,2018-02-08,4fd742055ecff67e27469f9b2ef1a72b,2018-01-12
8c760e278dae85ccf9365fa1653bf04e,00efae0d386ce3132b63e35b3aa79ec6,delivered,2017-06-29 23:22:27,2017-06-29 23:35:20,2017-07-03 14:32:21,2017-07-13 20:25:53,2017-07-21,28f000c72e013f25af51a91469b4665c,2017-06-29
076b2c2ebef1ce8600aec810d3bf6286,7969565285115f37d943df3f762ca81a,delivered,2018-02-06 13:50:32,2018-02-06 14:15:49,2018-02-09 00:38:48,2018-02-26 17:26:01,2018-03-13,0749df484e601a0519f9e24e2bc4b38b,2018-02-06
201ad03a4a02b4aafe81bcfdb0e71627,8ea3b6bb64805e8007638d84577686ea,delivered,2018-05-21 19:23:46,2018-05-21 20:55:05,2018-05-29 09:26:00,2018-06-06 18:42:18,2018-06-18,c8c674baf9b5d1c9dd4f9cc1d942915f,2018-05-21
f8a93d345f9735b3e95c7d307b80bbe9,e319a29c050e39145b04672558a1c559,delivered,2018-05-12 16:55:49,2018-05-12 17:17:37,2018-05-14 13:01:00,2018-05-17 12:17:30,2018-05-30,14fe1fe097374529fbfeaa1a3968a193,2018-05-12
6ac559b49cbb0d6d7c3eb071891785c7,16cc3f64905e653b68d869cb6f63ba25,delivered,2018-04-16 18:58:04,2018-04-16 19:51:47,2018-04-20 20:04:39,2018-04-25 19:48:32,2018-05-11,30252a1d57cd506ae0f8e4d17ea834c9,2018-04-16
16c9dc0ba34547f2eb228bcb2971815f,b73be6f00df5391f3b315935ec0341ef,delivered,2017-04-07 13:22:40,2017-04-07 13:35:11,2017-04-10 09:10:38,2017-04-18 14:54:36,2017-05-03,c4b36529306c541de778d6b5a3a7b298,2017-04-07
f232f2ea81a3f61313f6bb0f759e624d,d1b373f540c9e9081095b729cb55e953,delivered,2017-06-13 18:15:36,2017-06-13 18:25:36,2017-06-14 16:04:11,2017-06-19 18:32:15,2017-07-06,f2fe22b3ba029cb104f5f306b4fb5310,2017-06-13
f7200ad3e68f02597521f8c0864de400,b7d9cfc07534e3fa839cd6c4bbb8f29a,delivered,2018-05-11 08:27:06,2018-05-12 03:35:16,2018-05-14 13:18:00,2018-05-18 21:12:11,2018-05-30,6ed2eeda8a410794ac60b3bdbb663800,2018-05-11
c37e2b2752a33b18419055e591329f5b,2e18d81f24d69a3d10e46a230bb466d9,delivered,2018-04-16 00:25:51,2018-04-16 00:35:31,2018-04-19 16:08:53,2018-04-20 16:41:59,2018-04-26,59677f52c0b440b47db59724c5e321a2,2018-04-16
f604358c0baff3de069eed26f7a923d5,de956ad243196560aa9e66ca05681f65,delivered,2018-03-15 12:15:07,2018-03-15 12:30:22,2018-03-15 23:14:57,2018-03-27 15:33:05,2018-04-03,af4e6f96718efb093cd3c91428bcab10,2018-03-15
3ff5709e1eed2f4bf1cfdccaf65c6337,9e7a0c5b509890c8ed65fde7d8a3302c,delivered,2018-03-01 10:08:45,2018-03-03 02:51:32,2018-03-05 21:37:50,2018-03-16 21:41:48,2018-03-27,fa958692cb51d0bde2687f702c51dec6,2018-03-01
b218243f33a7a07db609c34312c95c96,c03bc660c6d5ae4ff54845c3d7917686,delivered,2018-08-05 15:05:43,2018-08-05 15:15:13,2018-08-06 14:09:00,2018-08-08 22:28:29,2018-08-14,b91d537bc52a60759e99c7d7611d1079,2018-08-05
7955a52aeb9d87cd04d970f6cc22c98e,b7dc27ac1b54155804e7550da93aaa01,delivered,2017-06-22 11:14:21,2017-06-23 02:30:46,2017-06-26 14:52:14,2017-07-19 16:35:41,2017-07-14,940220c039a36e97a4878259c02325ac,2017-06-22
60cbc2a85ecd535c911397c150d60627,910636a4f7f8671c368176ea6dbb4277,delivered,2018-08-11 11:27:17,2018-08-11 11:35:19,2018-08-17 15:41:00,2018-08-24 14:34:46,2018-08-29,5ac868e117b9ada5e11590ef74144102,2018-08-11
f7203d9ccdf6519081031222d1f49788,78a3b5cdc93c178a8dcc9580a504a7fa,delivered,2017-11-18 13:32:20,2017-11-21 03:46:13,2017-11-24 18:24:47,2017-12-15 17:55:26,2017-12-13,1e139840cadff366a5aa72c0f0340e1e,2017-11-18
3032417cfacc8603eb6cec97030060b2,03be246c6a30b0be83a6de87cc6afdf3,delivered,2018-07-30 11:55:51,2018-07-30 12:30:54,2018-07-30 14:50:00,2018-08-02 18:16:52,2018-08-13,d1958f7c544c374faaf63e6b6ae98b2a,2018-07-30
f57d1c0df61322155f9afd92596de339,1eff2b97ea85a4a43eb612a29a2c169f,delivered,2017-09-09 15:07:43,2017-09-09 15:30:22,2017-09-11 18:10:50,2017-09-20 22:47:00,2017-09-27,c29153b4968032a063b623e74ecc48b0,2017-09-09
600d041553eb72147b8e475e08156864,0c4a0b8d4ec522828d3c1cb06797222d,delivered,2018-04-09 11:17:40,2018-04-09 12:00:09,2018-04-10 21:48:54,2018-04-26 21:14:53,2018-05-02,6c6e3b551c7a583ac16646981921ce6a,2018-04-09
ec69be9fc7fbfea191b1252ccfad7732,c470b8a12dfb575e2e9427903d02af4c,delivered,2017-12-08 15:51:52,2017-12-08 16:11:43,2017-12-11 23:58:28,2018-01-13 02:22:05,2018-01-15,43ecfeca9c9b1fb7008e105c473607a9,2017-12-08
4abc7b5330425bcf9c2f7f48151a88c0,d1568f1104d2015dc70bdf7d9ab88dd2,delivered,2018-07-31 21:05:49,2018-07-31 21:40:18,2018-08-01 16:00:00,2018-08-07 23:56:48,2018-08-17,93b52b7591ca73fc44cdac70146a1b0d,2018-07-31
5c07b7c36b41a0b6a841fa9a8bd26ca7,d18a3edaf7f0a96519805924ea52d3d1,delivered,2018-02-27 22:37:13,2018-02-28 22:35:30,2018-03-02 14:36:05,2018-03-09 20:37:47,2018-03-22,05a44bb9e10fbeef34e7641d21d729b1,2018-02-27
4cfe0eee95cf16affb0b1b647b379e51,ba73e78b0ba65ced564cd836853e7fce,delivered,2018-01-19 21:04:41,2018-01-19 21:14:17,2018-01-22 19:46:41,2018-01-24 13:39:38,2018-02-05,aa815f1078d52c0372c2afb4ec151b2d,2018-01-19
15f51fa174f4b9b412e245aa5d723db8,9139413a8af28cd2c28e150c393b8f7a,delivered,2017-11-23 22:00:33,2017-11-23 23:12:29,2017-11-27 22:26:39,2017-12-14 21:03:27,2017-12-20,e836381547381cdee94f6da504a5894e,2017-11-23
e751df080556bc6d287bfb067be23393,249f741b40d98efc8b5cc7bc2d8f3b1a,delivered,2017-11-15 17:34:03,2017-11-17 04:06:24,2017-11-17 21:36:56,2017-12-05 18:58:52,2017-12-08,e7f7c99737b969aa22482c62d9b10071,2017-11-15
07bd0c7e13ac7c3a408dd3bc8f18fc78,6888824f6a0a78173ad41847d2dac2f0,delivered,2018-01-30 15:18:07,2018-02-06 17:15:32,2018-02-09 22:05:05,2018-02-14 23:06:46,2018-02-22,e246473a236ca29747182e7986dbdb7a,2018-01-30
1a7c68f8b0d5a140d89aa6ab7f7b4409,f3aba96f3eceba3cdf6bd72d2bccb867,delivered,2018-06-26 10:48:18,2018-06-26 11:18:07,2018-07-03 14:41:00,2018-07-07 16:18:27,2018-07-30,4d76635686d810162916423d8c83716f,2018-06-26
bb1d4525338473e108ecf58d9cd57a6b,40d6f365c521be62b2d8d1eb59cb075e,delivered,2018-03-28 18:14:55,2018-03-29 18:11:01,2018-04-02 21:24:30,2018-04-20 15:11:43,2018-04-27,7952743f005c2320e76467f9ae6b0c11,2018-03-28
00337fe25a3780b3424d9ad7c5a4b35e,4b1b5c848616a4b5fa9d76cb1d12067b,delivered,2017-09-25 17:39:29,2017-09-25 17:50:16,2017-09-26 22:31:51,2017-09-27 16:52:40,2017-10-10,3c857a6f7828bfb70fb712e2393cfd1b,2017-09-25
70303c8f09c18171b0c0b226b699436e,12c0a2ff9cb14a1215dd2b9b8616ce06,delivered,2017-11-25 10:31:33,2017-11-28 03:40:14,2017-11-29 01:46:35,2017-11-30 20:04:24,2017-12-11,1af9e09c5069223f8fb24c5f20fcbe74,2017-11-25
2c23f1e95bc8b5a7a891d3d4a7651c3d,a47edaa032738bb960410036a140f2e4,delivered,2018-08-01 11:04:47,2018-08-01 12:30:27,2018-08-03 15:45:00,2018-08-06 17:46:34,2018-08-10,2151650ef25043d6c9631829e8a634db,2018-08-01
78319eed3d0e14a32693dcb23db4c0d6,c8312397127d7b1cf18e77a37efcbe01,delivered,2018-04-12 15:21:23,2018-04-12 15:35:25,2018-04-14 03:11:08,2018-04-18 17:32:31,2018-05-04,5d923ccb7548741c453df5a825da2515,2018-04-12
30828ec5d05237d99e2ffd4d77e5b492,7cdc15c0092dd54a106da374009fc73b,delivered,2018-08-17 12:13:41,2018-08-17 12:30:12,2018-08-22 16:07:00,2018-08-24 23:22:34,2018-09-19,1f13a9716fb2039f8df0a0dfd8bac2f8,2018-08-17
1e6e729cbdd94df526b317598aaaaf62,9452bc0fd2c071a21ea6fd2373fe0c23,delivered,2017-05-02 12:10:15,2017-05-03 15:32:12,2017-05-04 14:46:14,2017-05-19 08:12:19,2017-06-02,7d3c23d715240f2f77f201483d3cb276,2017-05-02
0985a44f5d8e8bf1d6a48717584cec06,f82b51953c5ce4b803faaf7e95e1c858,delivered,2017-05-04 19:14:54,2017-05-04 19:25:13,2017-05-05 09:26:02,2017-05-10 08:52:54,2017-05-25,c37449d8b51eefa148cd87b2c605a1c1,2017-05-04
ab1f91e3f37cb07da2a18c32782ad717,157475701b1e42fd2f2aa734881452c4,delivered,2017-06-13 18:26:21,2017-06-13 18:36:09,2017-06-26 14:32:57,2017-06-30 15:12:59,2017-07-17,40499c54ed0f69e730b9596af397f886,2017-06-13
6a117de68e34eca0b676d6813e59b48b,8ba554a112ffc1d5fa1b0127f12fbaf1,delivered,2017-10-26 19:00:04,2017-10-26 19:15:09,2017-10-27 20:03:59,2017-11-03 21:25:43,2017-11-16,413b6ee685362f28c3c51801b46d6a30,2017-10-26
eeee28417bb0a24c511c9b96a03fb29b,e8435133133d4eab7ded41332934b2d6,delivered,2017-09-07 23:18:04,2017-09-07 23:30:18,2017-09-08 19:57:48,2017-09-13 17:55:51,2017-09-20,ff48228323a1d52f3b3108316bdc4314,2017-09-07
3a340d73b238bb50736793ddb808d21b,8c5954d084c86eef965e4e4800f4becf,delivered,2017-05-28 23:01:27,2017-05-28 23:10:16,2017-05-31 14:29:36,2017-06-14 14:44:08,2017-07-03,6be5f59bb7255a65ff5415abc3ae2cda,2017-05-28
b13b0fdb62f3213d2d55a93da49c72a4,693150edb86213500719059c108a7ca4,delivered,2018-03-21 08:05:26,2018-03-21 16:48:21,2018-03-22 20:47:27,2018-04-17 16:59:35,2018-04-13,bdf10f125e125adbd467cbca77d80ab4,2018-03-21
9cff260db4eb043dedd6f2f62286c602,8fea6ef2e4738eaf898ed6973c9a1153,delivered,2017-07-23 10:49:55,2017-07-23 11:05:09,2017-07-25 19:14:16,2017-08-09 17:54:11,2017-08-25,764d86a6a8eab18a878e2a241eae3c47,2017-07-23
90e258ad907d8401c4f1107ea9e55f1b,358a7b26ad67e3a183c191ed367e64b3,unavailable,2017-09-25 16:03:27,2017-09-25 16:15:19,,,2017-10-31,cbd2fdeb27b04ebb48ea691a7cfd4023,2017-09-25
fc1095da158f0fc66f917a4f7a257183,2996ce648d9a96c6db31d26d4fcf4824,shipped,2018-03-29 13:03:45,2018-03-30 03:26:51,2018-04-03 17:58:40,,2018-04-17,321f74bf94aed1a80cbbeae7469e1333,2018-03-29
d955112528af770639e476af3ad63f45,9597ad6c62f26f85a58cc2ae70586c2c,delivered,2017-05-29 10:34:41,2017-05-29 10:50:13,2017-05-31 12:40:20,2017-06-05 11:07:56,2017-06-21,33ebf67104557bf5bab89f4121487e4e,2017-05-29
69e42c96a24341d71f2e4a4bd04ec4ef,db2da0a7e8fe9eff4dca9a362ce81f2d,delivered,2018-06-22 12:36:53,2018-06-23 01:40:07,2018-06-25 11:40:00,2018-07-03 19:32:50,2018-07-23,75d62b9a2050292984f91605099ca0c6,2018-06-22
5285adf1727ffbee7efefc81c465393f,be170bc588de8c9e15587dc0d6ba25d0,delivered,2018-06-20 15:21:13,2018-06-21 07:16:35,2018-06-22 13:34:00,2018-06-29 14:25:29,2018-07-19,809fc20b31145a22236be77daa2d1280,2018-06-20
0fdcadc1ea2d7ca9f59b5085aad894ad,1b1ef9257b656045dfd12d3daf77826c,delivered,2018-01-16 18:33:14,2018-01-16 18:51:09,2018-01-17 19:58:55,2018-01-23 09:07:05,2018-02-06,4e0fb9a4a1c451212529cdaa809227ff,2018-01-16
2ed947abad5777127c51b3c509163ec2,2f62c5faeae4b39d3765b0fbda32f249,delivered,2017-07-25 17:06:12,2017-07-25 17:23:20,2017-07-26 23:21:37,2017-08-01 20:04:30,2017-08-28,dacb871b9ca08ed2641425e463b567fd,2017-07-25
cf32d57010a44f75a008544d13445ad9,7b962215806a3c1e6bdb02a9489ec486,shipped,2018-04-07 13:12:24,2018-04-07 13:28:24,2018-04-10 21:33:25,,2018-04-24,f43631b724c7704d75fd3b41de54e724,2018-04-07
495df6b807cb718b99cf24a4609fd323,b4280f8c7c3c49fda3cb526f0bd5d568,delivered,2018-08-06 08:20:59,2018-08-07 08:35:16,2018-08-09 14:16:00,2018-08-13 12:51:27,2018-08-14,8da9991adde01d555abcf1c515bed034,2018-08-06
245b2a09d0f787df368d4a370a63eb58,024dad8e71332c433bc9a494565b9c49,delivered,2017-12-06 19:26:02,2017-12-06 19:33:19,2017-12-11 22:55:03,2018-01-10 20:45:23,2018-01-11,312ca503ca7b19889f1db32cd18cb120,2017-12-06
182979a3f93e0a1c87b891184ae126cd,7ba2998eb6ac06bf80e1c14a7f249f4e,delivered,2018-04-26 23:29:55,2018-04-26 23:49:41,2018-04-27 13:50:00,2018-05-03 14:09:46,2018-05-17,3325a8936160bb010efea381884b53d5,2018-04-26
6257920a3e9d55dde77fe023d8a24979,8d5c51c33a0c3ac2c2a285ab3f5d7f51,delivered,2018-03-12 10:07:06,2018-03-13 04:08:19,2018-03-13 22:22:08,2018-03-22 19:04:27,2018-04-03,911a4db372a4c14d2b3e48f62483125c,2018-03-12
36543b4a82c2c12ec60edfe8b5f67e3c,10f89eb78b39c530ee01136e32381f1a,processing,2017-10-30 14:48:41,2017-10-30 15:06:50,,,2017-11-17,1897e5d4555c5f0aad67e6a0a4ed6468,2017-10-30
2c6fd1ff4fd89ac1fed1ca1d12af7e26,d2bdc208cc30305a66f5b03a3392c9bb,delivered,2017-07-23 12:23:05,2017-07-24 22:30:08,2017-07-25 19:14:58,2017-07-31 19:15:53,2017-08-15,4b2a12ab3ef5eb1772332040f5945305,2017-07-23
02119fc90b970a6b0f5f554659843ab4,247eb12909a8db3cc579b1260c3061e6,delivered,2017-06-28 12:47:50,2017-06-29 02:45:31,2017-06-30 08:11:54,2017-07-20 15:49:38,2017-08-01,ceb4a58a238175053bbbf54ca503de8c,2017-06-28
c2e3454f93d7b6dfdf292ec8c7ed9f99,cf5a949abba8b491211250ecbcc634e3,delivered,2017-10-22 17:18:07,2017-10-22 17:28:19,2017-10-23 21:07:59,2017-10-24 19:06:00,2017-11-03,2cc8268b531325af4ee0657cbedfd572,2017-10-22
275bdc3d32ed65dee689eecaa10e7a80,b2ac8556d487da9ab904b45d97e5e779,delivered,2018-06-25 12:34:17,2018-06-25 12:54:25,2018-06-27 11:41:00,2018-07-03 22:32:54,2018-07-20,a0bbc557b7ca182b9271319d603d6922,2018-06-25
fc96b98d9e8a75af45c0d41844b50f35,889a1cac67c44cdf76924df5b1fd3bc8,delivered,2017-07-28 18:42:32,2017-07-28 18:55:21,2017-08-03 17:55:06,2017-08-08 20:12:55,2017-08-24,c5140e2137cab4c6aaeec83250ad94b3,2017-07-28
774b04fe6502917d1952476fd1f3dd60,514dd9fb6e10790e3e4ff173318d67e3,delivered,2017-04-24 20:06:41,2017-04-24 20:22:24,2017-04-27 05:37:04,2017-05-05 10:22:27,2017-05-25,76d2ae8445e64a5e57e2cec9cf1d0ac5,2017-04-24
db2471b04ede0dfe4af0853853885267,55007379dd2d99a14efabde99644dbb9,delivered,2017-11-26 11:07:17,2017-11-26 11:18:29,2017-11-29 17:29:13,2017-11-30 14:15:00,2017-12-11,57b0512a3f1ecf2b77466fd825f26f43,2017-11-26
e1291e09e6eacd07121773233376f025,3f45162d0e6bf5444b4ccfac3bde919e,delivered,2018-07-11 08:53:14,2018-07-11 09:06:00,2018-07-11 15:07:00,2018-07-12 17:37:37,2018-07-20,3e214f1c2a595ca923e28695c19cee01,2018-07-11
e6e29c88d11adad7615c63b147dd55d2,96394ffdc6e79741b4b319e7651c4434,delivered,2018-01-15 23:13:09,2018-01-15 23:29:53,2018-01-19 18:19:28,2018-01-26 12:28:06,2018-02-14,668df67ce3e6c7bf923c65841a8d7621,2018-01-15
f6118c73253ff6218a76c8b2df6a05b6,7c9499f653ff26514a950815136dd35a,delivered,2018-04-04 06:33:47,2018-04-04 06:48:56,2018-04-04 22:42:56,2018-04-06 22:20:49,2018-04-16,d60483078c0c81748581f80d355bbcba,2018-04-04
eec93f9fe0cc92067ebff02639cfd67d,c4625d593149bc87239dba55f73c14a5,delivered,2018-08-07 23:54:36,2018-08-08 00:05:08,2018-08-09 12:18:00,2018-08-17 20:51:52,2018-08-28,35edcc3677135912a62091c6fc98a12d,2018-08-07
1f0ab4d9a83fe935e1e0bf1061890186,a28729cebaa2360d1450dfc0b3b3a12c,delivered,2018-03-19 21:52:58,2018-03-19 22:10:22,2018-03-20 22:24:43,2018-03-24 12:11:53,2018-04-05,5e13680e5957293bead2ce5abb087f6c,2018-03-19
a9e69217c4501f0f3f8159a6f262f80a,14c720f7ac4e21376dd311697d40175a,delivered,2017-07-20 15:09:58,2017-07-20 15:30:20,2017-07-20 21:18:36,2017-07-30 18:32:20,2017-08-11,999e500fcd3619146877edbebccab429,2017-07-20
832e5f3e2e98919a84d3e224bd9c21ed,afd033936eeee492f12832e2fdda2e6a,delivered,2017-05-29 22:34:56,2017-05-29 22:46:01,2017-06-08 11:43:44,2017-06-16 14:12:34,2017-06-28,ad918c14c8f5b5fa33e8bdef8590f11f,2017-05-29
8fc32fd1d663bcad34398d254fcce471,90d23f29955fce59c41212f0614a388d,delivered,2018-06-25 19:21:51,2018-06-25 19:42:23,2018-06-27 10:43:00,2018-07-04 16:51:47,2018-07-30,508a43028aa2e5aeeaae7d857c6746ac,2018-06-25
dd12f57a8bc06b6105b3e8c0c1bdbabd,315205cda3082eddd7f02842f2849062,delivered,2018-07-27 05:39:01,2018-07-27 05:50:11,2018-07-27 13:45:00,2018-08-08 16:44:43,2018-08-15,f377461b37160ea383bbb3535714ba31,2018-07-27
48ba3085b546be02a30dc763f2e3215e,80eb352548a102a3cf822da58237ce6b,delivered,2018-01-27 20:03:57,2018-01-27 20:11:29,2018-02-01 01:17:48,2018-02-05 18:12:47,2018-02-20,b89c7082b503777ae859ad65f18ab92a,2018-01-27
1498068c608b11a2902e212d4d65d62c,ea26c56ff6442484745579ed30526f01,delivered,2017-10-20 16:32:59,2017-10-20 16:49:11,2017-10-25 20:15:36,2017-10-30 15:22:47,2017-11-09,8dfbc9064378d19ac99a21ac353072d7,2017-10-20
4ffd41fadb59bd398d869be78f1b2be3,cb3f24783eb4c4a37cfd6e35b41f3e4c,unavailable,2018-03-26 09:37:59,2018-03-26 21:47:35,,,2018-04-10,7c6fc58a573a35da82e23588f6c0b42b,2018-03-26
92ae7ea2c6f759b8aa53b32b59e0d142,0b0744596a26951c22c400dcf85c6e96,delivered,2018-08-05 14:50:19,2018-08-05 15:05:17,2018-08-09 14:04:00,2018-08-13 16:18:27,2018-09-06,77b32e765fd8cdded5c63bcb0ff889a4,2018-08-05
dea1c68b20fccbaec97b0d385e91d0a2,1f5e6def6c9ec048f09bdd632e0a3f13,delivered,2017-07-27 20:47:16,2017-07-27 21:03:11,2017-07-28 15:33:57,2017-08-15 15:33:44,2017-08-18,c2803fb3a3cf400b6ebc94437b92173b,2017-07-27
6ee3801dff06972f74e0b9a290699475,b3d1ab2d4c786d2883b07de6f13d9323,delivered,2017-03-27 22:16:34,2017-03-27 22:30:16,2017-03-30 16:47:53,2017-04-05 14:28:55,2017-04-20,ac270776393b29269ba6a646d6654e95,2017-03-27
ac28921ef185c0a4f81b4fbbdf4d645e,023a2dda10505c5b757b7f9887f5c41f,delivered,2017-10-28 16:36:44,2017-10-30 22:31:39,2017-11-07 17:08:46,2017-12-05 04:10:01,2017-12-08,7cab13ac15c283902976af92cc304a08,2017-10-28
d8a72b506828f3aed76e36c3f4fd47bc,bffdf95e4245d60c87bf158396ce1005,delivered,2017-09-21 13:59:28,2017-09-21 14:10:18,2017-09-26 16:41:50,2017-10-17 23:02:44,2017-10-19,7a674ed79e331684053a0f36fcce0b16,2017-09-21
845af9472cc76e66fbf445931b511755,f129d18d11f1018ce2e6d436f24649fa,delivered,2017-12-13 09:15:58,2017-12-13 09:30:52,2017-12-13 17:51:35,2017-12-22 15:53:50,2018-01-10,1d0317b80cfd8690d8beafabfd659b8d,2017-12-13
8d69a304424d2948038f16d6a73209ae,2289a9558ea36b40edd3c8a83194f701,delivered,2018-04-14 13:14:33,2018-04-14 13:31:41,2018-04-17 16:03:23,2018-04-25 00:58:57,2018-05-11,8b433c0e7b7d2a1f1148b4277cc673f8,2018-04-14
15dd36b746e48dfec9824dcebef22b7f,4bcc54d7aaf19f0ab804101e8aab291d,delivered,2018-07-04 09:53:34,2018-07-05 16:33:13,2018-07-06 08:32:00,2018-07-11 01:10:47,2018-08-08,5c00e849b56a56ea31560d5d66f933e9,2018-07-04
aa1a6dd9036736db780b2cd007f68a52,0d443e5f5c30261d76551bd8f689a8a7,delivered,2017-12-13 10:20:03,2017-12-13 10:30:34,2017-12-14 23:33:22,2018-01-03 15:39:00,2018-01-08,d880157b37b95c9eb6487acedb91bc5a,2017-12-13
39444c4357a54def3a087956dbb17e62,8c1c6531da36aa724b50271c55a29ecf,delivered,2017-08-17 20:09:29,2017-08-19 02:30:17,2017-08-22 18:27:57,2017-09-15 16:24:43,2017-09-13,231a0b20227b9d5b4967016e775415d6,2017-08-17
787ae1110521f3a8bc19a7ac93b8c914,06d59aa5dcec13f7cb753276300a499b,delivered,2018-03-11 19:24:31,2018-03-11 19:35:50,2018-03-12 22:32:22,2018-04-03 21:28:49,2018-03-29,7cb9a6b438fe0a5f228bfd32ff9e1a11,2018-03-11
6c06e4f4212e106eaa318b8330944588,0eb95372a58d93d987ae574866f866c8,delivered,2018-01-01 22:30:08,2018-01-01 23:36:58,2018-01-02 18:51:32,2018-01-05 16:36:07,2018-01-24,6b16013d555315b2a32a7432815d37da,2018-01-01
aa0bc25a48a3d53cc009df13ed116b23,629abd181c1d9ef4bb09740b75ad1cbc,delivered,2018-03-19 09:32:37,2018-03-19 10:07:24,2018-03-19 21:06:00,2018-03-29 18:23:06,2018-03-29,21f3e8fc2cbd789feeb985a80f6a55b1,2018-03-19
2ea63ebcda77acab196880c1dfb295d1,09d0dde3c6bfdc1a27a4ce32c54b6599,delivered,2017-06-09 18:52:57,2017-06-09 19:05:16,2017-06-12 15:53:29,2017-06-21 17:59:25,2017-07-14,4f14fa8a19f20a4b62fcbcf4ec3b3814,2017-06-09
db6fc36ce2a94f3e7af05707163314d4,2adc5a6e729b462802e8443f719d9255,delivered,2018-01-09 06:05:58,2018-01-09 07:16:05,2018-02-05 15:51:57,2018-02-15 23:35:32,2018-03-07,e10b68125f54adc15562b1fa412e655a,2018-01-09
2a93ea3d6dc877b7e20d51aa102aae6a,4c976ada6cc4aea853a93f97d0120e31,delivered,2017-05-02 16:27:09,2017-05-03 16:35:18,2017-05-05 15:19:04,2017-05-22 15:56:14,2017-05-25,1bca64c1d8526f90ee9ffa277ecd4fa4,2017-05-02
6d15a355fd35494ccd207bec6a3a04d4,da8904f0f0d5fb9bd191b004bac41757,delivered,2018-05-20 15:40:23,2018-05-20 15:50:25,2018-05-23 16:52:00,2018-06-02 00:18:55,2018-06-06,10f57d64697b2ae9dad1d4730daf7afe,2018-05-20
99beb0ca1e257ea579db2f8e68d0165c,b9d25a78c4295ec207824ac5dc4d327b,delivered,2017-03-14 11:32:40,2017-03-14 11:32:40,2017-03-14 15:31:03,2017-03-23 10:52:06,2017-04-06,1cddf0b0b512899f95d246458d21ee3e,2017-03-14
0582e17dbb2d3c6052b964ab8e62dff5,87a86ccfba74e1253a8866e5c7b1de2c,delivered,2017-11-23 18:52:49,2017-11-25 04:56:25,2017-11-27 14:59:17,2017-12-12 23:44:30,2017-12-19,f690431ae9441d78b436b0ed380101c5,2017-11-23
9ff880794dc0a00ad4856e0de2c912f2,b27bb08f277571e3c41d44e9826df158,delivered,2018-05-29 05:07:54,2018-05-29 05:30:38,2018-06-04 16:03:00,2018-06-18 23:44:33,2018-08-06,05c5a0912e201b4702af1f2c46a1c695,2018-05-29
8f6467bcaef44e076b48a04fa38557f3,94ac0b7d1d98d01b218caf186fb00d1a,delivered,2017-10-02 15:27:18,2017-10-02 15:35:23,2017-10-03 18:23:24,2017-10-07 16:15:45,2017-10-24,80be5593177c5863d92b84a8b3e2361e,2017-10-02
60c6581ec5ed9187370902a251501b8c,79561349b5e45232d00d360ce0f1d4fa,delivered,2018-01-04 17:16:49,2018-01-04 17:28:42,2018-01-08 19:19:48,2018-01-17 15:28:04,2018-02-01,78b5cbc4b9ad61445b6609593addca37,2018-01-04
adf684f287283640cb375a2e8ada8c82,738ebe48e12040500665dd143aa28cdc,delivered,2017-01-31 23:18:22,2017-01-31 23:30:12,2017-02-03 16:04:04,2017-02-16 11:49:01,2017-03-09,ae96093146108e55367c723d76ea54a9,2017-01-31
62492d216bd7ca39cab1f24109b6bfd7,0eeef532854817bddb1fe6fea6c20b6b,unavailable,2017-11-05 08:26:50,2017-11-09 16:07:14,,,2017-11-30,a48b10541da559f610aa549f4eb59538,2017-11-05
b9ec9404685b3beb2a2eb3d2c57ce666,60c4d9c8c56613fc699cd65274408f31,delivered,2018-05-14 14:38:14,2018-05-15 05:14:56,2018-05-15 14:20:00,2018-05-16 18:13:59,2018-05-30,a3e12e9f31289b91c80634e5c251b40d,2018-05-14
89ed66ec9a5952690d30aeb514f46dc7,2635b90e29bd6245ddc5051be501cdbb,delivered,2017-02-23 17:50:02,2017-02-23 18:05:11,2017-02-24 06:51:29,2017-03-03 16:45:54,2017-04-10,e964c342451645668793df083ac4531f,2017-02-23
0ce9a24111d850192a933fcaab6fbad3,5bb8de60ca2ca8b01a5ce471802fe10b,delivered,2017-11-24 01:40:48,2017-11-24 01:49:34,2017-12-06 15:19:09,2017-12-13 00:28:44,2017-12-19,75a8009b779f5925f34196f17b19962a,2017-11-24
6660a709a26684b66ea12d604ddf0579,4356b8d02549aef5b23be49c9824ce56,delivered,2017-09-23 12:10:18,2017-09-23 12:30:16,2017-09-25 19:08:00,2017-09-27 19:25:34,2017-10-10,8b802e7e072f89d661b088036bfdd9f8,2017-09-23
8b69e25aaf296391c63e1158984ed9ce,d6a0262aa7ea8989db06e29f944eee82,delivered,2017-11-11 11:48:16,2017-11-11 12:06:43,2017-11-13 15:22:02,2017-11-21 15:06:36,2017-12-08,fd8cb1bbbf12eb443bc2876331db7cc1,2017-11-11
10b6352081cd9c4b594e4be0c491ee62,863b6381550660b774a6f43d857d2b0f,delivered,2017-01-24 11:16:26,2017-01-24 11:25:20,2017-01-27 10:14:38,2017-02-02 13:34:19,2017-03-01,c4601f3d0e8da101aeba12d2ed530285,2017-01-24
824ed066dde5116b8bcf4d75381e056d,22c6b0b3951f5b1c04627cb184f1d220,delivered,2018-04-05 11:24:37,2018-04-05 11:35:27,2018-04-10 00:38:40,2018-04-12 02:14:30,2018-04-23,e61589f7f8898d60d79564f062dfce8c,2018-04-05
f3730b23378f3e3415e54360e5a7c844,d43e617665b9a99e6e9b0ca80101867c,delivered,2017-11-23 22:55:19,2017-11-23 23:08:24,2017-11-25 17:58:41,2017-11-29 20:42:40,2017-12-07,4f6321b97c6e05bd8638c53e6c8f05a1,2017-11-23
ad23fcc73cd109e39f5e7d073311668b,a2b0b2f705c2fe6a887a7d478cadeeb7,delivered,2018-02-01 09:23:11,2018-02-01 09:35:31,2018-02-01 20:11:29,2018-02-19 12:38:44,2018-02-23,a67935feb59d8917ece24f3128ca8f87,2018-02-01
c435a12c69420ebee5a5e0f5cfded1e0,d8f36d0b4ad0276f450d447c5e9d5fdd,delivered,2018-01-25 13:11:59,2018-01-25 13:38:45,2018-01-29 23:07:54,2018-02-16 19:26:40,2018-03-02,2ba177926f4acf1634e1227b4446e6fd,2018-01-25
b56797ea631520e4e802653f5b16f58f,42e12c826887f33a3399c76584879494,delivered,2017-10-24 10:16:27,2017-10-24 10:35:18,2017-10-27 19:13:22,2017-11-03 18:57:40,2017-11-10,1e7665bb564b08b59fcd12870bd49351,2017-10-24
14f75c9606fc12baa607bebe380d7237,38e7bc65880a2256fd6496257dd42ae8,delivered,2017-08-10 18:04:32,2017-08-10 18:15:19,2017-08-14 14:16:01,2017-08-25 20:26:41,2017-09-01,6292600f71fe592f716a3e542f184d18,2017-08-10
41901ef295b6a4e15de7843558af4ebe,66ba6a98a3d5bbde6d5c665d1f4a8749,delivered,2018-02-20 08:28:27,2018-02-20 08:56:17,2018-02-23 00:15:09,2018-02-23 19:06:43,2018-03-06,e3b49af945b97f97fb6d0c8f80216e9f,2018-02-20
77f2e7e62b82f2c771bde410b1b3e086,ef2552ba67c885431531f4276bc8c187,delivered,2017-12-05 11:56:43,2017-12-05 12:08:50,2017-12-08 14:46:57,2017-12-19 19:52:38,2017-12-21,157772c1170289d2261dc99ec1eac05c,2017-12-05
455c8cc6fcb8015c8fa06b087cf373b1,aedcc029d706666f925832dbece29f27,delivered,2018-08-06 19:27:20,2018-08-06 19:44:28,2018-08-07 10:12:00,2018-08-09 16:21:51,2018-08-09,309b2d3929bfb28ea14294b0e5112035,2018-08-06
dfa1e5a290276c05629e2d4180ce6aff,1cb19e72dbe69d9091b464032caebb40,delivered,2017-03-13 14:17:40,2017-03-13 14:17:40,2017-03-14 15:05:58,2017-03-17 17:51:45,2017-04-06,20998bddec67bba3cc5765fc21ed6f89,2017-03-13
657e64a0e86917e93318c0c3159bec13,e9b278eff4b7b9f79537436311b2009b,delivered,2018-03-15 09:06:34,2018-03-16 03:45:21,2018-03-19 19:22:25,2018-03-24 01:22:07,2018-04-11,e88585846e5194ad85abdff1497c252f,2018-03-15
1b729e56124765cedd186f2e66605e67,db088f7ba499667ca71c3e4c92b4e4cd,delivered,2017-11-11 22:28:30,2017-11-11 22:46:35,2017-11-17 19:28:55,2017-11-24 20:12:18,2017-12-08,cf898ff64d3d0949e8f746b7d78c4a47,2017-11-11
4035b52134bcb1bdaf305b4671495372,c590510c46287c15188b2263bd0bdc1c,delivered,2017-12-03 20:37:09,2017-12-03 20:55:19,2017-12-05 20:48:48,2017-12-13 20:09:37,2017-12-26,2dcbfb99d95c7ba6eb992a98627f45b8,2017-12-03
509b3c9816121d1f5ac14d58ca482170,ba47d58ee731ce8d729dc0fcccfb2739,delivered,2017-12-31 00:57:27,2017-12-31 01:07:23,2018-01-02 18:35:39,2018-01-09 15:22:41,2018-01-24,de3db263f702dd8fbb39bad7ccab5d62,2017-12-31
9475f5241a5ee6260ce4aee70f4e7ca5,91fd468b0c6209286b3a9331612136a2,delivered,2017-03-16 21:08:13,2017-03-16 21:08:13,2017-03-20 08:02:09,2017-03-30 12:15:43,2017-04-05,09ab2be7e04f31083965bf71449ac23e,2017-03-16
45ab99a963685fce8c888625858abc02,5d82379a7d66ddb784de681c9138b002,delivered,2018-01-04 19:08:46,2018-01-04 19:17:19,2018-01-10 17:15:39,2018-01-22 22:23:55,2018-02-14,b37c2fd313afdae68cd1123fbacc7d15,2018-01-04
c729462935fadd2c85ec76f13e0421f2,6685161064744cb72ce07973f240814b,delivered,2018-04-09 17:46:23,2018-04-09 18:10:14,2018-04-11 18:34:32,2018-04-12 19:08:39,2018-04-19,0bbd9d311efba662184b871b23916eec,2018-04-09
51bc785c184f3d80c5f0505a63712fa1,f84175c9fb5800838c57a1676f9d9e29,delivered,2017-08-10 11:36:24,2017-08-10 11:45:16,2017-08-15 15:33:45,2017-08-16 18:53:48,2017-08-23,2121236c4b6dae7826b246ee636d7860,2017-08-10
0b850781696042f7d33b6246dc49bd31,1eb1747994dbcb25f83cfc9490e833f6,delivered,2018-03-17 10:37:48,2018-03-17 10:50:26,2018-03-22 20:52:44,2018-03-28 21:08:41,2018-04-24,72c05cb43fc0b7e4d48b4149cd386a02,2018-03-17
5481cc369cb2fe41d87a0eb98c512166,5d442e2ce67bda00693d989b8ee6232d,delivered,2018-02-26 15:06:05,2018-02-26 15:15:53,2018-02-27 15:09:12,2018-02-28 15:42:12,2018-03-12,5b108d7efd70c1cba1a035f2dd7dc4da,2018-02-26
03f9705f9135ccb809e74e902f19b2e8,22fdc6255f0b1dd9fb663cbf1e8f9db9,delivered,2017-04-25 21:15:01,2017-04-25 21:25:13,2017-04-26 15:28:53,2017-05-06 09:24:06,2017-05-19,96bb17715acbdb1da4c67b365068a634,2017-04-25
7ad7466bf5dc89ce001a735997506fcb,f542b8c433c24036f7c50b5857b8f72c,delivered,2017-11-25 11:46:39,2017-11-28 03:46:59,2017-11-29 22:22:20,2017-12-05 01:17:51,2017-12-21,5c1f0e9af062b1718a3c94f8cd6cacad,2017-11-25
800b8ee7ba7b89e615910b52e4b2f4f0,4abaaf9e868ffb8524297684c31430e2,delivered,2018-02-06 15:04:24,2018-02-06 15:28:36,2018-02-07 22:42:38,2018-02-19 20:16:47,2018-03-05,e50994818dfd38cfd8d56e891dcb12bd,2018-02-06
3d9b5cf13225583103d0ce6b29cad9c4,daf42eb505435407c0998961d3434c3e,delivered,2017-03-20 02:06:43,2017-03-20 02:06:43,2017-03-21 15:31:39,2017-04-06 10:34:35,2017-04-20,55481ae32ead3c8c734d8acee5ccf3a2,2017-03-20
119b654c77fbffcad6cdb07398506c93,a1674724305cdde2e900f8f50583f764,delivered,2017-04-20 13:07:05,2017-04-20 13:22:00,2017-04-20 15:44:29,2017-04-26 08:56:43,2017-05-12,dd8c586651f9232e473ad86cf89c143f,2017-04-20
369d7f9f1c7cf25b5b840af3ddcc105b,0763f7a445bf21f1abd367c516f468f8,delivered,2018-05-10 23:12:31,2018-05-10 23:37:08,2018-05-11 13:47:00,2018-05-17 17:44:00,2018-06-04,cbe421944bc758b58a14097e2289cde6,2018-05-10
e78b67e290369f9663f14d37b7f64c52,8891c02b39e08c241fd6c4372c689d60,delivered,2017-07-21 09:26:18,2017-07-25 03:30:35,2017-07-28 19:25:45,2017-07-31 14:09:22,2017-08-15,e29d2382be75948d66c04b3990095f07,2017-07-21
591c776946bf5814d5438574a5b42327,2e6ae98da5c04efadf7992e149fd1155,delivered,2018-07-31 15:48:32,2018-07-31 16:44:09,2018-08-02 15:29:00,2018-08-06 21:46:42,2018-08-15,f4675c844b105eb17c3dfa1d50ed0c52,2018-07-31
2fd12ee976f68370d5397cffb377b4b5,e8f59674641779a204cefacfc83107c3,delivered,2018-04-10 18:41:37,2018-04-10 18:55:14,2018-04-11 20:34:27,2018-04-12 21:04:05,2018-04-26,a5584cfbabd9bd2d0ffba5ac6ebc28fc,2018-04-10
dce5adb99dbd09afb1a7b9a402df9f98,217fd8f56b30bdad4ee2d74dc623ee13,shipped,2018-03-21 13:50:42,2018-03-23 02:10:53,2018-03-23 21:43:54,,2018-04-17,ed37e569ea1d83b7064d6a5a7f578da9,2018-03-21
444444b7f836b844b14afe3e0fc9929f,df05a8b6699cafd41f8a5ca0d2eb7e03,delivered,2018-07-22 12:31:00,2018-07-23 11:31:25,2018-07-23 16:55:00,2018-07-26 17:03:13,2018-07-31,f3060c7259817aab5d178974e6f1fbeb,2018-07-22
8efea0c3d02c48c7c99f50109fa108f6,4032c0b1b0ed2cd232a2e9c57520e889,delivered,2017-02-04 14:16:17,2017-02-04 14:25:17,2017-02-06 10:32:16,2017-03-02 10:27:58,2017-03-03,999233e1e8c45084e222e29c5c36c6d6,2017-02-04
cf83caae8eba6306ab83c98f7ce4f063,3087955b73b6ad787e47adb991c57cb4,delivered,2017-11-18 13:14:16,2017-11-18 13:30:44,2017-11-21 13:51:32,2017-12-04 20:33:57,2017-12-14,9846c216ee14a40400f4aae954eaeb59,2017-11-18
49d611a6db43f09965cd45ac828fc656,d7425df47f8b1f5432216fc66056e270,delivered,2018-05-06 11:23:15,2018-05-06 11:35:19,2018-05-08 15:03:00,2018-05-15 21:17:41,2018-05-29,61e261fc9720d6ef05f167484504d0f2,2018-05-06
4e5fc24885f6bdf62a3179c0b6fd302e,1c5a18f7ecfa0ac0afbf4560a89f7dd9,delivered,2017-11-06 23:09:55,2017-11-07 23:10:56,2017-11-08 20:41:44,2017-11-16 17:12:58,2017-12-01,5d7f220dd3cd7c3cf75aac537076c60a,2017-11-06
2027c6ba8a58df2e69194531ff9abfa8,df2cd9d9af76f334696a190d35cc6687,delivered,2018-08-12 16:21:57,2018-08-14 04:25:11,2018-08-14 12:47:00,2018-08-15 18:44:35,2018-08-20,a745d59b0280432d80221b750b1e61fb,2018-08-12
45ee8ea280c9b83f9ca39f76dfe23919,e6a6fd39cceb8406bee8db3c4d4708da,delivered,2018-03-07 22:02:28,2018-03-08 21:55:43,2018-03-16 21:38:39,2018-04-10 01:14:51,2018-03-29,fb2fc2958b9ffd551e323f51b9f10fd7,2018-03-07
4e8462f123da7fae9cd5d28500ba601d,53e8ccb24280ca4f6faa80b23d081f40,delivered,2018-06-11 12:37:05,2018-06-11 12:58:00,2018-06-11 14:16:00,2018-06-21 21:12:14,2018-07-03,ed91e29ad9cf4fad5935469b0e91e792,2018-06-11
d9d6c371c6721e2fb73fc7ed7b5cc856,5d3820cc56ad55f3fc4b58c32119e21a,processing,2017-08-25 17:50:50,2017-08-25 18:08:20,,,2017-09-26,e100de1a9c208e100335e6b948678b4f,2017-08-25
8a0164c3828be538fd5a402c8bcca508,8024af9135f058848c0c8400a9de55a2,delivered,2017-07-25 12:31:12,2017-07-25 14:25:22,2017-08-02 22:32:30,2017-08-10 15:08:01,2017-08-16,3a11e3ca1391e17d59b51a6bc0f48254,2017-07-25
5520cb02f3be1a666c327b7357e7da18,f49404bab9efcd0823303fce9072098b,delivered,2017-05-16 13:32:01,2017-05-17 03:50:30,2017-05-18 16:23:09,2017-05-30 09:38:32,2017-06-20,1944e8ce040fc5d1ed5892217f2511d0,2017-05-16
3db932725b90f4f388d2e361b0f1247e,fc34108ccfb5cd9c569ae7531fe9435c,delivered,2017-08-01 19:11:08,2017-08-01 19:53:53,2017-08-03 17:29:24,2017-08-14 18:16:09,2017-08-23,6eefa309faab7725bf4b9dce147e4ae6,2017-08-01
dbe6677f2b80aadfa0b4b87ed71e7619,d344b8b2d5520c01fed185f5d0cd972b,delivered,2018-04-07 18:23:26,2018-04-07 18:35:20,2018-04-10 00:31:21,2018-04-21 00:52:21,2018-05-15,4cd4790c70725ca2f7aba9b1ecafbe0c,2018-04-07
49339749b24288f34c827ba8f470a1e2,1e25825127b762cf429607fb83d14e32,delivered,2017-11-24 20:26:33,2017-11-24 23:32:50,2017-11-27 21:35:08,2018-01-08 20:59:33,2017-12-19,d06ecb8ecbf9f74d51e9247009bd7397,2017-11-24
71cd324a1b352121198937e95b18f4f4,c96a23bfabccf9d49a7315fb4a36a4d0,delivered,2018-03-12 14:48:56,2018-03-12 15:01:18,2018-03-13 22:04:05,2018-03-15 15:32:34,2018-03-22,7f33356cd11c606ccd117a2d06308b23,2018-03-12
eea3254200d621b24b7741950693e956,717745a08d23a23e66d92be837d3719a,delivered,2018-07-26 07:16:24,2018-07-28 02:45:09,2018-07-30 14:26:00,2018-07-31 16:16:34,2018-08-03,b5cbb082f005ef8136d2b17f85fbbda8,2018-07-26
c9af6b168a81fd8a714317ee3d7daca1,0fc8a32d72f15950f51b7d5b66b79825,delivered,2018-05-14 15:04:28,2018-05-14 15:33:27,2018-05-17 10:16:00,2018-06-01 22:17:43,2018-06-05,2b82b0425a030d4dfbb222cbdf5ea631,2018-05-14
d62dee82fbbff8937958215d8eddf5dd,0131193f8b1b149f85f1326ac337effb,delivered,2017-07-09 08:58:27,2017-07-10 09:05:18,2017-07-12 20:03:36,2017-07-21 12:44:38,2017-07-28,3052fa07cdb3c836b158402ea4ee6fb8,2017-07-09
67f45b915d20c7c02c711e0fbf871a3a,3198dc1ea5691b70e1e47975503664bf,delivered,2017-09-07 18:21:49,2017-09-07 18:35:11,2017-09-08 19:36:23,2017-09-23 16:20:14,2017-09-26,9130059f7c7d7f3c6f270e9141a90ece,2017-09-07
ff3d74e7a6f632103cf96ffeb8ee9a99,f1cf04d23b4eb09ac829c8504b6a4e1c,delivered,2018-07-12 22:14:53,2018-07-12 22:30:11,2018-07-24 16:07:00,2018-07-25 20:44:32,2018-07-30,0f4234c79ad61fe9ab42470466c3ce95,2018-07-12
3d76808da6242e8c7476a606fb6b5935,1a2c6469954e0f56da59bf0ac75007ed,delivered,2017-08-07 13:01:04,2017-08-08 04:04:48,2017-08-09 12:20:03,2017-08-15 17:27:37,2017-09-08,c4886396b3611751be07179df0696331,2017-08-07
e1a818b056b700bd7b25f1089d897239,90e8c848cdfd95e64ea46179d33443e4,delivered,2018-07-31 22:45:09,2018-08-01 22:44:01,2018-08-02 14:13:00,2018-08-08 19:27:30,2018-08-17,5ef2199b05665d461d5e6fdd13f60f75,2018-07-31
54b73f808b0ff25da4276773c30ac269,e154e499a4edf9f98c29f41476f96d1c,delivered,2017-05-27 16:31:57,2017-05-27 16:45:17,2017-05-29 15:44:53,2017-06-02 16:03:41,2017-06-22,9ee207a1a862bae0bd7c0d251e5fa291,2017-05-27
75d3527e66e8fc1d5f941e849c0de41f,58ffeb6d4f1b69883968cd8c383eaa0f,delivered,2018-01-20 19:20:06,2018-01-20 19:40:02,2018-01-22 23:38:40,2018-01-23 20:26:42,2018-02-06,d294321fde174c93a6ddb0a4035a392d,2018-01-20
6f1a5c9e21e2e48b21bbe4519b8cafc9,20e5e35459943649df4ba95019a7e60f,delivered,2018-04-13 11:37:51,2018-04-13 12:34:07,2018-04-18 14:33:33,2018-04-26 15:07:50,2018-05-10,5aff34796f966176a616b9b66b475c39,2018-04-13
22186fa7212dbcf34309042f929b7c00,9ce31d55971db15e0c3f851de4d9fd24,delivered,2018-05-14 10:43:32,2018-05-14 10:55:12,2018-05-14 13:44:00,2018-05-21 18:03:58,2018-06-04,463d3789e69318871004f0aa503a8602,2018-05-14
7fe630fd69c00ef54c9124d78e124256,a3c0a165194392d6f1feeaea3e8437ef,delivered,2017-07-07 11:51:03,2017-07-07 12:05:22,2017-07-11 21:59:47,2017-07-24 22:39:39,2017-08-11,04fe4ed7afa55ab5fee4dc94ec7ef77f,2017-07-07
37e63825a987137ad373f0f248f538b8,e4210fedf32208730477bf8fee9d663b,delivered,2018-03-12 22:52:44,2018-03-12 23:28:28,2018-03-13 23:18:55,2018-03-22 03:13:32,2018-04-11,871132a85a4e19d6f8fe187411304ec0,2018-03-12
cc809786d515550e76739eda2f98973e,055b119daa2b0c88aa10a4e00a2dd728,delivered,2018-04-28 16:17:34,2018-04-28 16:30:42,2018-04-30 12:35:00,2018-05-04 16:18:00,2018-05-29,317e5ef91769a89936c1b1854a07dd8d,2018-04-28
96d307dc05503506515055b86a580e86,cc4f268918146f839fd6d93f92f20141,delivered,2017-12-12 01:18:43,2017-12-12 02:03:49,2017-12-13 19:53:55,2018-01-18 12:30:23,2018-01-16,e833a9fe0c73db19b4310250e75329e9,2017-12-12
aa6e1f3a2b645a2b22e70084a30d2cd0,9ebb135e8db1fb56993ab9b2486c7aea,delivered,2018-08-02 18:29:03,2018-08-02 18:43:56,2018-08-03 08:00:00,2018-08-08 23:32:43,2018-08-21,04fd5a9e4651e819c4394aab66caed2a,2018-08-02
dd65c324819cce121f105ad9d9afa866,b829fddbce42cead675773ee8daaa179,delivered,2017-04-15 12:12:15,2017-04-18 03:50:58,2017-04-19 14:51:55,2017-04-27 16:30:30,2017-05-19,d27826efcf22fc60cbd98d7558e0c723,2017-04-15
2636a02ee7de9590df86a4c24b739c49,1fd1e40209824b4d0782d64047b915fb,unavailable,2017-06-29 09:10:37,2017-06-30 09:23:08,,,2017-07-27,aadb3c9ba93f015a634f0af9a4a6292f,2017-06-29
bece5e930ddaed72094b5818d4e1e0bc,2c60943e5f008960cde115632694d93e,delivered,2017-08-15 16:17:41,2017-08-15 17:26:12,2017-08-16 18:18:03,2017-08-30 21:10:55,2017-09-19,d586e02cb6b6902a5ff80ec04bdaa93a,2017-08-15
9ba2ade828138782788e9a94fe1b2770,e65635fcd41c888f45a237efca197c20,delivered,2017-09-22 20:48:35,2017-09-22 20:55:19,2017-09-25 17:16:50,2017-09-29 11:05:23,2017-10-09,b0779d7d0f1ff5e196b0e63db71486e1,2017-09-22
f88037e9ca23f94718a8360aa4840734,d44ab03c3323d22400a0f5bd6943d9a6,delivered,2017-11-24 08:05:07,2017-11-25 04:30:44,2017-11-29 20:27:51,2017-11-30 17:13:02,2017-12-08,c762dc3a005b4d25c11900caca413a75,2017-11-24
ff08bd71c0a7128029fa586e4a8efc0c,9df66a391248164f3e286f6d5b84002b,delivered,2017-10-31 16:32:24,2017-10-31 17:32:16,2017-11-08 19:03:14,2017-11-13 21:32:08,2017-11-17,45e8e93c55a17742e7a6a17e373e6130,2017-10-31
8aa1b241d97b02dbdb9a617b54added8,32e9cd29933427903b9a2a0f2d6812fe,delivered,2018-02-22 09:40:07,2018-02-24 02:35:49,2018-02-26 15:59:01,2018-03-01 01:13:45,2018-03-08,03c8ca2c50b62610046f79db89de75b5,2018-02-22
d95cb2dcbf2eb01c15e4633df807d2e4,b61c63aace73cb64dcc63b841463dc11,delivered,2018-06-04 11:59:52,2018-06-04 12:10:44,2018-06-05 10:15:00,2018-06-13 19:32:11,2018-07-25,daf2b5ffdd2ec8c069a516cfb9543d22,2018-06-04
cdeefca5ad0ec35c4d7c5b48ab52e85c,190e6fd65f805d63c39c25217e4acac0,delivered,2018-08-12 08:16:04,2018-08-12 08:25:09,2018-08-14 13:03:00,2018-08-15 17:46:56,2018-08-20,a562159e3d08acc0eed0e08886989fcd,2018-08-12
e1cb06b1ce820a025fed0669adf9a7f9,c7d01474e137ab202e9d31f379d6ad02,delivered,2017-05-14 23:34:25,2017-05-14 23:45:10,2017-05-16 12:34:01,2017-05-17 09:52:18,2017-05-24,fa871e15486f566b66214a214b78576a,2017-05-14
e03c816c5df8276cc2e317550963663a,736dd0d4650ac60d526cf4d878feb562,delivered,2018-01-16 21:46:52,2018-01-17 03:35:46,2018-01-19 20:42:44,2018-01-31 12:58:03,2018-02-14,e657c9b7ede1829253030e388c916fb5,2018-01-16
c5625e0deb904fd1ae3c6c4a3a4a55d5,264bb2e28d33a8ab98b8c8e1907d7754,delivered,2018-07-26 14:11:55,2018-07-27 02:05:11,2018-07-30 13:20:00,2018-07-31 17:18:42,2018-08-13,7cf08ae31d63eeac393658332093b3ba,2018-07-26
ba063008dcde6cd0ecb0c72f82a4542d,1fa51f227dca1a772254a612a2f5e834,delivered,2018-08-07 08:08:47,2018-08-07 08:44:50,2018-08-08 13:06:00,2018-08-13 17:36:41,2018-08-24,8ba0ba267bf46da2f206e78c3750e387,2018-08-07
1aae876e8a8dcd3f41f6ec9aae3de9e3,adf8954ffb6abeb41d3ca91f01451710,delivered,2018-01-09 13:04:37,2018-01-10 10:35:34,2018-01-11 22:34:16,2018-01-22 19:22:33,2018-01-30,dfce1af80d52bc2bf1e640753b01afaa,2018-01-09
8fdc71858c110d23e8af0fa7baab541f,c359ce92d4c60f27d024a1660068fbd3,delivered,2017-11-15 09:53:36,2017-11-16 09:46:53,2017-11-17 16:00:43,2017-11-23 22:03:05,2017-12-05,4949d80cfc48df4f86a72f07821cbfa6,2017-11-15
aefefdda7b7a272ca35c44b82b643104,fd129ee6af6e2c7043f8029e814a7ad9,delivered,2017-10-01 00:15:12,2017-10-03 04:05:06,2017-10-04 10:18:15,2017-10-09 17:48:09,2017-11-01,6349ef91b6fd64652c8dab6fda20c2ee,2017-10-01
36e138bc060bf5e8b34ff5a25cdef48c,4d31a630dc3cd14ed82fe2930834841b,delivered,2017-04-02 15:25:31,2017-04-04 05:55:27,2017-04-04 17:32:29,2017-04-12 18:09:07,2017-05-12,8834fc0d71c8c6052a49cb5c4ebb9fb1,2017-04-02
f25c779f3e424ad932e6ce1e984e2247,c3b02f862370ca59d28f738fdaf73d5b,delivered,2018-07-15 07:56:27,2018-07-15 08:05:08,2018-07-16 14:25:00,2018-08-01 22:26:39,2018-08-08,b5f9746c29e70609cfb144a344f41a4a,2018-07-15
2abced8dfd803bbf4dc2347d1123cd6a,53732b9a535954d2f6ab24f8a181fbc2,delivered,2018-02-19 11:20:04,2018-02-21 06:20:06,2018-02-22 20:22:49,2018-03-01 12:29:40,2018-03-16,47c176c5850f3c595b0b50209e861df6,2018-02-19
2c8bf07fcf5c57d898ff1797efa33379,3fd171b35b40e2251a46796b89d4466e,delivered,2018-07-27 19:05:14,2018-07-27 19:24:12,2018-08-06 11:50:00,2018-08-08 23:30:52,2018-08-15,ac234ce93625f413215b32d92af36d44,2018-07-27
50703a5cdfb2b550cebacccaef68c958,6ce5f54807e3a5677425dcb53f151734,delivered,2018-07-25 01:00:29,2018-07-25 01:10:09,2018-07-25 15:07:00,2018-07-28 13:53:32,2018-08-02,50506e4bd541cf64d10b8568e5d06083,2018-07-25
7a685062c7fb83498153b46a3abd21e0,3781c04595192f3e9104d3a3c262f8f7,delivered,2018-04-25 09:24:56,2018-04-25 09:49:59,2018-04-25 12:18:00,2018-05-07 18:16:58,2018-05-23,f97f5e6365e9c9d994b3d4698f40bb54,2018-04-25
2904c252504167d25044631cfa95a558,d858c8a1bd7dca425c880be55b01a581,delivered,2017-11-04 14:51:41,2017-11-07 07:30:38,2017-11-08 21:43:46,2017-11-15 18:59:18,2017-11-30,95295e9cda1d086d82030c9485f14c74,2017-11-04
6c6e45db63667bd55633d47a10d77607,901aacf1c5d565bed32a8e095c72996b,delivered,2017-10-17 20:10:25,2017-10-17 20:24:57,2017-10-18 19:19:48,2017-10-25 03:49:17,2017-11-08,a6e133827723fce5495b107deacfbace,2017-10-17
16e6eb900110dfb1f423bfc65820ff87,b453edb9fb0a8f0fa061a9f7b28f0ea4,delivered,2017-11-24 19:34:33,2017-11-25 17:13:16,2017-11-28 15:59:53,2017-12-07 17:32:23,2017-12-15,28d64a00b231911701d6a6877ea0ce17,2017-11-24
e29802498c81638fb4377d7c7137031e,95ea5897e2fc6140471671f079a3e6d0,delivered,2017-11-24 12:40:26,2017-11-24 14:53:57,2017-11-28 21:09:09,2017-12-01 19:58:38,2017-12-14,f5b5ccef4e3e00975bd50eb142442eef,2017-11-24
378f58a3d4b989b3517b56488dc4e3cf,de0403a67561b363c7c6f66fe6d21779,delivered,2018-03-13 07:30:48,2018-03-14 02:55:30,2018-03-15 22:57:31,2018-04-02 16:54:27,2018-04-16,ae3b3b982c1ec166edf6883547f6567a,2018-03-13
a35238675f91b99761c23af5c842d5ef,ef7dee73560f32c17dd064b78716ded6,delivered,2017-10-19 18:43:03,2017-10-19 18:56:30,2017-10-23 19:12:18,2017-10-26 20:36:44,2017-11-09,d1e83176d621e2f9623d7c2f8f86b223,2017-10-19
649caa9b6696d9b2bca095239ecaa00f,ff7d7815195c6869f62b1066a1032773,delivered,2018-01-29 16:51:03,2018-01-29 17:17:52,2018-01-30 18:33:20,2018-02-04 11:02:36,2018-02-26,9a695caee5ab2309ab39824d9f462843,2018-01-29
b560ced1765e243b3ebf765d80a8873d,13a0d7f2b07e2198b22ae011b5ff6acd,delivered,2018-07-19 12:27:17,2018-07-20 04:45:07,2018-07-20 14:37:00,2018-07-25 18:28:33,2018-08-06,de7a428e09364ae6610486cebe43aa99,2018-07-19
32b72e8b9ce039ddb7a5d884d7b4d30b,c807ea41bde178a5ec5a855a6c7105dd,delivered,2018-06-10 16:10:57,2018-06-11 17:01:43,2018-06-12 17:05:00,2018-06-18 23:48:27,2018-06-28,775678efa137c9a3f36ea8659f128a0c,2018-06-10
56c31c03a2fc4a10abafed9320733788,8c847a3d8d8f7b7fde182ad0f4857b83,delivered,2017-11-20 11:27:55,2017-11-20 11:46:26,2017-11-21 23:12:25,2017-11-22 22:46:46,2017-12-01,9a1ab866d950aa4cb024750c183b5d15,2017-11-20
663918d7ceace41e4d29388d75162e8b,fac1698c524c18637b8557cb95b2677c,delivered,2017-10-10 20:56:54,2017-10-10 21:14:15,2017-10-11 17:56:42,2017-10-13 17:47:01,2017-10-23,b694b7260fdefe4a4e77ea2a7d749637,2017-10-10
1824eec8dca4bdc04b3bb13cb7451e0a,0e1f0feb7a225bb2d8780b3ea5087297,delivered,2018-04-29 15:48:33,2018-04-29 16:15:19,2018-05-03 14:47:00,2018-05-15 23:03:48,2018-05-25,c649d8bfec96a07aef30b9179564de80,2018-04-29
677d1a451e724a484b806dcad91e266e,96593bfdf740ec98f80d3514e2c017f1,delivered,2017-09-16 21:58:40,2017-09-16 22:10:14,2017-09-18 14:27:55,2017-09-27 21:56:04,2017-10-05,37450a28f47f2b7305455c405591c538,2017-09-16
cac00f6d5c47ea72c4a8f62a307edcda,edf56c9b71642c3f73252ca6f3653c36,delivered,2018-03-30 22:22:40,2018-03-30 22:30:24,2018-04-03 02:03:28,2018-04-06 19:58:47,2018-04-25,e9b6ce846fd1564ad4eae8599bf6e774,2018-03-30
bad9f9185410578b6c9c9aa9d544d0b2,5b6a2c2aa5f266b09ac1be50bacff2ca,delivered,2017-10-16 00:29:46,2017-10-16 00:49:24,2017-10-16 22:11:20,2017-10-19 18:44:10,2017-11-01,e2b3df8e193c2e5c8d33625ffe84bbea,2017-10-16
d7bcd768f38943877c3298667ecdfbdb,bce98ac8bc5881286baf132ea18db46c,delivered,2018-05-08 09:22:36,2018-05-08 09:36:10,2018-05-08 15:41:00,2018-05-22 18:31:09,2018-06-12,ad2ae8efeb838a2257713600b0f74827,2018-05-08
4a71e2b3cccb7dba085c8961c746578f,7de868d6c387e60f129e85ddaf6de179,delivered,2018-02-22 15:23:48,2018-02-23 02:15:48,2018-02-27 19:28:38,2018-03-09 03:08:22,2018-03-19,579a8e5987c00f125ea993640855f3cb,2018-02-22
a19b529d70b6aa8addb01c2721350ba3,9c6ddba61e8aaf823ff96b25337238c7,delivered,2017-05-21 19:07:08,2017-05-21 19:15:24,2017-05-22 13:22:04,2017-05-25 10:08:09,2017-06-13,c5362308361f987c960c106c0a88f5ab,2017-05-21
2e59ddc3574c1fcaf87f89f7b0a9eac5,f2f034384d1385b0c0443d495384a777,delivered,2017-04-19 15:42:32,2017-04-19 16:22:08,2017-04-20 14:04:12,2017-05-03 12:13:02,2017-05-16,101a6f4e90d0de5d7690808f5be8bd44,2017-04-19
3a572776650593b33c1a7bb4e7f8f650,326d8a01743aa13fc9b17fe87f13d784,delivered,2018-08-03 15:31:53,2018-08-03 15:45:20,2018-08-07 14:48:00,2018-08-09 15:36:51,2018-08-17,552e9107c35b874bbdf2abb8515f4d84,2018-08-03
423e9363ad13622c0deb3615c736eb0c,df7e5dc6c512398a722860afe9548e18,delivered,2017-06-11 09:07:21,2017-06-13 04:50:31,2017-06-13 13:11:30,2017-06-30 14:42:31,2017-07-17,cc22a0a23d485416de881b847c8b7979,2017-06-11
c09eea5faf2f865d54fac5b97b961a75,1e34ef28ff6a12d56dcd123746e11367,delivered,2018-01-14 19:35:10,2018-01-16 03:51:04,2018-01-16 19:17:19,2018-02-08 17:06:45,2018-02-15,8bc8865248ec13ed35a52a0d021cd019,2018-01-14
73421a5bdd55f86529569549055d9e82,633bca8614f7a9f458a5e0d222515aa8,delivered,2018-08-02 12:05:28,2018-08-03 12:04:33,2018-08-06 15:39:00,2018-08-09 22:24:35,2018-08-17,8850bcaf8541216fa9c321f189af8031,2018-08-02
1f7200706718ab1994100352fce22015,7795ad64f8c82d9dc38060df2f3ceab2,delivered,2017-06-11 15:25:31,2017-06-11 15:35:19,2017-06-12 17:04:12,2017-06-19 21:44:26,2017-07-03,db94b7a9542eb59e1d8d0e7191013354,2017-06-11
7eec39760bfb41ecc9d7fd0ad9d6dd09,bee4fda0042266fc0d05b2a3dc7e1955,delivered,2018-05-24 17:25:47,2018-05-24 18:38:42,2018-05-25 14:30:00,2018-06-02 19:02:52,2018-06-13,bbc94fb2c07fba8430a626b7e6789793,2018-05-24
4f9b9fd2455e28c59c7b35969692bfe8,0e897a74275d2bd19eb0317a04f228c0,delivered,2017-06-11 14:25:41,2017-06-11 14:35:20,2017-06-16 10:27:57,2017-06-26 16:04:37,2017-07-07,23ae89f557d8a29d011efd0c15607aee,2017-06-11
17e8552f435a2ecca2d7a06c1e7fd085,d52d0c11bb53eb1d4258f54ea1b1f004,delivered,2018-08-10 09:49:54,2018-08-10 10:04:55,2018-08-13 15:42:00,2018-08-20 14:05:16,2018-08-24,fee97d8bfb868820d381f84174d9262d,2018-08-10
9a4742a473129e5a7814d5319bae3092,bef22d3d96d9fde94ddcb3e94bd692c5,delivered,2017-10-11 15:51:34,2017-10-11 16:07:15,2017-10-16 16:25:45,2017-10-31 17:25:47,2017-11-10,2255f2032f5376177c2b40499c881c84,2017-10-11
6a4331f30cfdb92d9f0485ced1fc0878,5f5bb7191d447708ef7e924a91a676ac,delivered,2017-12-10 17:32:24,2017-12-10 17:50:33,2017-12-11 17:17:11,2017-12-20 18:53:55,2018-01-10,53d214028d0015da3ccbfed9573cde1a,2017-12-10
14320a05ad27fce607fa0c0c8304cb9d,76f2067f49c7969f0f3186d23c13d6e1,delivered,2018-06-14 18:36:45,2018-06-16 15:59:19,2018-06-18 15:10:00,2018-06-21 18:34:45,2018-07-05,da1c00cb82cb526b43d67fafe2ac33cb,2018-06-14
9800ab70491d72cc23404e99a34986ba,23ba08671cfa9af47bf10ff731afb507,delivered,2018-05-08 08:13:57,2018-05-09 02:54:15,2018-05-10 18:29:00,2018-05-21 16:08:47,2018-06-01,cd25cc61a230a10b9bca768b5aacd81e,2018-05-08
2fcaf8d9c9070537c1c42e1e159fbd8b,21745c90452f6b949ca4be4112d7de47,delivered,2018-02-13 11:31:49,2018-02-13 12:35:29,2018-02-14 18:48:45,2018-02-26 18:53:10,2018-03-06,1b78ccb797c7ef9e027da47e4c17c624,2018-02-13
f1b7d9797859f45fcdf77b86d09e1bd4,f6ed395f32c2fa65da08bcb5b7cc61f4,delivered,2017-06-13 08:55:04,2017-06-13 09:05:19,2017-06-13 12:31:33,2017-06-19 13:27:49,2017-07-04,6fcc1b7a45c7bae1120eb70ba7a0cd77,2017-06-13
9e73c8381ca5e26d2859ff9f6479028d,5a95d8f2ca0a97bc79d89871c02456ac,delivered,2017-11-26 23:13:27,2017-11-26 23:32:44,2017-11-28 21:36:06,2017-12-20 22:58:11,2017-12-19,d02480ee5ea9956d1bbe0c517c3d536c,2017-11-26
c707bf13a0edadf77e273f5e862b4b95,1f8813bff74260e6276531269a297620,delivered,2018-03-09 01:32:41,2018-03-13 04:10:59,2018-03-13 16:12:38,2018-03-23 17:21:56,2018-04-05,b1b6d206cf1e91300468f16b1f39fd34,2018-03-09
b23fef1fa296cd791a57b465a3dc3827,ddd6194380aba67e254f45356dffa800,delivered,2018-06-05 18:22:13,2018-06-05 18:35:12,2018-06-12 08:16:00,2018-06-14 14:47:49,2018-06-29,af0644e81b5148bb5a03ee95fc94a45e,2018-06-05
2b86248935bc0815bedf6857267be978,cc099984022170d3d95fbdaf568e7637,delivered,2018-08-21 16:40:15,2018-08-21 17:08:45,2018-08-22 15:15:00,2018-08-27 11:37:30,2018-08-31,388d4116976d6a8a99dd31e6b027ec16,2018-08-21
362e782b3f0873199d38f62772c2c882,1db1cf9ec037c7b4d6f48b33a9cad90a,delivered,2018-05-02 23:06:44,2018-05-03 00:12:56,2018-05-03 15:34:00,2018-05-07 17:53:02,2018-05-24,212fbbecb34898b9c618a7b1d1b843d0,2018-05-02
1a358c4ef8c7d066e7e526670d486f3e,4e99533d9f44d1f5a66cae1bb9e42ba4,delivered,2017-11-22 08:01:01,2017-11-22 08:11:22,2017-11-23 23:15:51,2018-01-03 20:58:48,2017-12-15,284c24639d06fd022ad9105c46f7f923,2017-11-22
2d1532a0e5de7237f34903019cf8f3d3,af17ae87ef93470274e600086e3949bc,delivered,2017-05-07 21:35:30,2017-05-07 21:45:16,2017-05-11 13:44:57,2017-05-19 13:44:14,2017-06-02,6f82c9c2bf87a5c75a6667e39dbb4997,2017-05-07
70263f30f6180c7ca277e4dc6c4c19c8,c22ee415b6474778375b4a8bac4e6054,delivered,2018-07-21 19:35:05,2018-07-21 19:45:14,2018-07-23 11:39:00,2018-07-26 02:12:18,2018-07-31,f5ac2100b41aa5ec969d0c252800a23f,2018-07-21
31339e08b23bc094968740000fba12f0,e3cce53d395f9c39230a95b77cee5595,delivered,2017-04-03 22:57:24,2017-04-03 23:05:09,2017-04-05 13:53:09,2017-04-11 04:48:03,2017-05-02,9d7afc91cde0d8fcc392a26d8a343aad,2017-04-03
f046d54c32beae04f22c7f3232425f54,88a9bef2169cc0595576e122ff55c20d,delivered,2017-11-07 16:09:29,2017-11-07 16:21:15,2017-11-08 20:19:46,2017-11-25 15:54:45,2017-12-07,7903689bafe7ce39335eaf8db300dc76,2017-11-07
fee41f55534a71ad5fd16ac61bc5281c,96b846b2e764efc19d7e33e7a482a603,delivered,2017-12-18 19:36:46,2017-12-20 06:57:38,2017-12-20 18:29:28,2018-01-06 18:04:13,2018-01-16,7984bba13556b3f128d02b110e70ec4a,2017-12-18
0918eb0a00743c2cfeb69cce4fe4fe1e,8568c1a8472b76f6399440bdf4578f1b,delivered,2018-07-10 10:33:17,2018-07-10 10:45:32,2018-07-11 15:07:00,2018-07-12 21:12:49,2018-07-18,4ccc4c69b98f35700ce5544a88221a1f,2018-07-10
552c8124ce312cfc961d6ea0ca4387e2,814ef258c4e3cf5d8687d5a6d13d5b13,delivered,2018-06-27 18:03:46,2018-06-27 18:31:41,2018-06-28 13:13:00,2018-07-03 14:44:30,2018-07-24,af951535e9bcb0aa23ebe54bd60c4056,2018-06-27
4fb986c500500ba4b2c0cd7704d4124b,c72da0fce5a6a57c138f06fbceb1d21f,delivered,2017-04-20 21:42:39,2017-04-20 21:55:17,2017-04-24 12:53:14,2017-05-09 10:41:35,2017-05-17,dadce09d83711eeb8c976bb1632f8b85,2017-04-20
d89d67960e5c163e8afc1d83cf53db77,9c586f7527698db490c7be46d493a751,delivered,2018-02-08 12:48:55,2018-02-08 13:09:04,2018-02-09 18:27:37,2018-03-14 19:48:38,2018-03-07,11750ae98eb52922becccc0e01c66804,2018-02-08
163653bc8aa631e85ac4af4a4f6f3535,191057ac1a2c11230cd526aedff60212,delivered,2017-11-24 13:04:08,2017-11-24 15:33:21,2017-11-27 14:26:36,2017-12-05 00:22:29,2017-12-14,be1688ba9cd8362384fc8cd6615118c2,2017-11-24
d1574473ad1d4a427f66f0d1d6bf7985,e1848973a1112ee837932651fd29470f,delivered,2018-01-14 16:43:17,2018-01-16 13:55:39,2018-01-17 12:53:34,2018-01-30 00:35:11,2018-02-09,e998fe2c90ef3b9651190d78d026eea9,2018-01-14
15cc05afae8fa894c83b39ac8d46c9d5,5e80a3343a853add61ea8d1c192cbfed,delivered,2017-05-12 17:03:42,2017-05-12 17:15:12,2017-05-13 08:02:40,2017-05-22 15:14:07,2017-05-22,cde29500e4d812116a05a19386a11b55,2017-05-12
078d2f79c229fd2c2759339ac97242f4,8c476a43d105e52524d6a1fa3fd51d13,delivered,2018-07-26 07:47:36,2018-07-26 08:04:32,2018-07-26 14:41:00,2018-07-31 16:06:58,2018-08-15,73d96942cdfb8fea36382781503ebdd6,2018-07-26
4c0e7658ee833bf5d9523ef57e6c202f,1c20529edb5645a924ca04b00315f515,delivered,2017-07-24 12:35:14,2017-07-24 12:45:12,2017-07-24 20:17:18,2017-08-18 13:17:22,2017-08-21,9763485df596d0431754bbe9674228cf,2017-07-24
8b1f6556b4b14ed4fb238e3a2128c592,7fc03d07013bfd7488ce444fc270cb83,delivered,2018-08-09 14:20:29,2018-08-09 15:05:34,2018-08-21 15:00:00,2018-08-24 14:44:36,2018-08-23,1c69e121838730cf0680995a1ece611b,2018-08-09
c45cea88d8d8a8e752ffd0b274b25aa6,817050e4884521334171a7eb35f07a6b,delivered,2017-12-20 17:51:45,2017-12-20 18:10:56,2017-12-21 16:43:34,2017-12-30 10:26:09,2018-01-15,687f050960a5721fe9a456227db250e3,2017-12-20
88130f20a472f28fcca9dd5d50358820,8eff66e5b7c425dfbbe9a2cbf0f3883f,delivered,2016-10-04 21:35:54,2016-10-06 15:44:28,2016-10-15 10:29:52,2016-10-18 22:57:42,2016-11-28,b2272a60af3b7f5afe04c6cbf1dcfb15,2016-10-04
2c113cbb0811cf0b32479bd0bce3379b,078e99036000210bb0d5abb62fdeecee,delivered,2018-08-12 18:24:04,2018-08-14 04:24:16,2018-08-22 08:46:00,2018-08-27 17:21:49,2018-08-29,ee0a502ce0f319eb6a2f8de3ed0188da,2018-08-12
b7664cfd894b776f4c7743e5e2fb917b,aced25f43b03cc78fa8bcb93c7113d25,delivered,2017-03-13 22:07:04,2017-03-13 22:07:04,2017-03-14 15:09:35,2017-04-04 14:27:55,2017-04-05,46fb91dbc46fb25d7761f9dd6f308d21,2017-03-13
5f7d84d0a7cea1633979f2b458c740b6,8dc52e5ad5b73b2c4f559a80c7bee085,delivered,2018-04-18 10:23:16,2018-04-20 07:11:00,2018-04-21 00:33:41,2018-04-26 16:13:00,2018-05-09,e0cafb8345b4e137805193e207797ddf,2018-04-18
d5a71b64c3592b5ca24b856cba608940,376c9debfe03d0575c0126e4803feb8f,delivered,2017-07-31 16:24:06,2017-07-31 16:43:29,2017-08-02 18:36:00,2017-08-04 17:54:44,2017-08-22,09bb53b69206dcf2a8fc66b3eab2735b,2017-07-31
bbd8f1074f27019f9acf680f5fbab20f,4325c54ed368291d45bb4e42dc2a15dd,delivered,2017-08-22 12:03:53,2017-08-22 12:15:20,2017-08-28 18:27:58,2017-08-31 19:32:04,2017-09-18,150e516209293bf6f3ceb2cdaf97aed4,2017-08-22
b4b6e2f2f9dd2c4cfe524993ff72f49d,13fe07f5797fee846b2064d426ca4b71,delivered,2018-06-03 14:10:52,2018-06-03 14:31:08,2018-06-05 14:45:00,2018-06-19 18:59:48,2018-07-05,95f74eb6d7030f1a9367cfd1e063a6a1,2018-06-03
03e53a3c2ea313a49e89aee8f8c44970,af80fb37305133fe068ba9c0eecc7955,delivered,2017-06-15 15:24:45,2017-06-15 15:35:09,2017-06-19 19:32:29,2017-06-30 13:18:03,2017-07-20,bfca360f42d8ab1665ed2af91ac99185,2017-06-15
34c2e5cfc0bbfadbe4ed3e527e38e17e,306ffddde392e35b10426da5eb197e26,delivered,2017-12-04 21:45:23,2017-12-05 08:41:18,2017-12-05 21:42:33,2017-12-11 16:41:56,2017-12-20,7c2d59bee4efdc79ffa3dfbd0a1113e5,2017-12-04
61eb36486085131ba4b25409a0366ef3,42827ccfc64d84025ca7d1438f031d51,delivered,2017-08-18 15:43:09,2017-08-19 15:44:15,2017-08-22 18:09:19,2017-09-19 17:32:21,2017-09-08,b18393bb20fd27b149652e9c156272d1,2017-08-18
953b6636ab2347a8ba37a16770db47f9,9aa80598793253cb8a7783ac17cc9c60,delivered,2017-12-21 16:29:51,2017-12-22 17:31:30,2017-12-26 18:23:14,2018-01-05 18:04:31,2018-01-17,692913ce7e2229e290242c8df3968490,2017-12-21
3ddc60b196555a5b9632e7b59f655dc4,4a45bbc350fbd889367ab6607e247830,delivered,2017-05-04 21:25:53,2017-05-04 21:35:21,2017-05-05 13:30:52,2017-05-15 10:32:22,2017-05-29,d18db832c17e0a7121ec0bc97bdf0e82,2017-05-04
50bc1ac9db5f38b0982adba11e35b948,71ca22f53f754920cd75ffae69cf2343,delivered,2017-10-13 14:30:14,2017-10-14 03:56:28,2017-10-16 19:42:24,2017-11-06 14:42:01,2017-11-06,606841106ac1ccdf9bc8e06957594c03,2017-10-13
707a334be449a3283d0312d4290d8077,5ae4cf7d782d80c9c6a74d92f332d6ec,delivered,2018-07-10 15:07:15,2018-07-12 03:26:02,2018-07-12 14:24:00,2018-07-13 19:14:24,2018-07-19,7941f06a7b6fe674e6bd3062b633a348,2018-07-10
550e1d4daa21983f7bac6b2f83c40365,a2525dd8bdfff742ec033935e24d66ec,delivered,2017-03-05 20:49:55,2017-03-05 21:02:47,2017-03-14 11:21:55,2017-03-21 12:27:54,2017-03-27,afd7854781ccdc3222b69421f9c7c6ee,2017-03-05
233dd5ff8fcf29748ef3f96a24750ea8,714297caf60e50119e701dba79157c9c,delivered,2018-07-31 14:56:15,2018-07-31 15:44:31,2018-08-01 12:12:00,2018-08-07 17:24:03,2018-08-21,9e896005b47d42510d69930e898aec19,2018-07-31
20c87f647466d582c7f188b6dc4c6b14,6442504c76c94895e7a26f621fa42b8f,delivered,2017-08-18 22:28:41,2017-08-18 22:44:23,2017-08-24 19:25:31,2017-09-04 18:35:35,2017-09-14,b0dce84aef2ab89f466ee4a9c96dbc43,2017-08-18
af006979017f225d80e49985aed847b3,76cfe843e966f172cf2c2ec811e9da4b,delivered,2017-03-29 16:53:32,2017-03-30 02:11:01,2017-03-31 18:23:55,2017-04-20 10:09:24,2017-05-09,f3d7cb12e7dc54a424d935aae4426461,2017-03-29
260e68b2fc1a2d642a00af60af19b0aa,cba53db1f015658c808d275f18db5607,delivered,2018-08-19 09:51:24,2018-08-21 04:50:06,2018-08-21 15:24:00,2018-08-22 21:20:45,2018-08-27,ca4268e8ba8e38e524e996158f9ab200,2018-08-19
1004139d05100b9f27b8eda1b40b516a,e6738c77845097c64b4aeb5839286755,delivered,2018-06-27 10:33:01,2018-06-27 11:16:06,2018-06-28 14:52:00,2018-06-29 10:29:36,2018-07-12,cb62e99d50d6417e5e9ab9a5631ab29b,2018-06-27
1749aa0c3e963525049e36964941cee5,517a6168cf0a6fd2b59beece3b70b9dc,delivered,2018-01-26 20:29:27,2018-01-26 20:37:25,2018-01-30 19:53:47,2018-02-22 21:46:51,2018-02-21,b8d5624bd4c409fcb66439651dc4909b,2018-01-26
1b4cabee44fbb9bb7a27f9748bc71fab,1e9eb73e80e3c263a07ff3f7eb7b4e05,delivered,2018-05-15 22:30:44,2018-05-17 02:37:20,2018-05-17 12:01:00,2018-06-06 15:52:17,2018-06-06,a5995073c37303b62da4ae07928f0688,2018-05-15
480eaa4ce1cc7cf344ad094e326f373c,4af472ab3d969ee3066c37f7a11b7f62,delivered,2018-03-09 12:40:46,2018-03-09 12:50:27,2018-03-12 20:46:29,2018-03-23 19:16:29,2018-03-29,70c784e56dbb76f5bbbbeda25af36807,2018-03-09
4a8fe18e8771bd810821df6dcf3428e2,ac5bb07473c4f65c7de7b65c1374a734,delivered,2017-06-29 15:09:34,2017-06-29 15:23:50,2017-06-29 15:33:38,2017-07-04 15:25:40,2017-07-19,33d352eefa8484bf716f767284490592,2017-06-29
91e0d368c8f5eafada0d1ad09395698b,2dfe1da1d0d6c244dd20a0dd41d88516,delivered,2018-02-14 19:50:41,2018-02-14 20:07:21,2018-02-16 19:42:03,2018-02-19 20:43:06,2018-02-26,83f8d55d76bef02be576cda81d97f901,2018-02-14
4be9e4b74b98f6f4ef1fc829e2a41148,ba91d8d4f43c684f071274292c2aee5d,delivered,2018-02-18 12:55:10,2018-02-18 14:06:35,2018-02-19 20:23:59,2018-03-05 16:13:21,2018-03-22,2364ef5bad66038d7345fb7460b6322d,2018-02-18
c58bd581144192869f091dd6fbabceea,3ff05485c0ca23db85b36f0496d71d5b,delivered,2018-01-29 13:35:39,2018-01-29 14:38:24,2018-02-09 19:13:00,2018-02-10 16:30:26,2018-03-02,31ecad36683b9b0ba61de1140f4857bf,2018-01-29
6053ecddcbc1052ab24f7bc72341544f,700804a891a8c97c36fba2386520bd61,delivered,2018-04-04 22:06:47,2018-04-04 22:28:40,2018-04-10 21:14:32,2018-04-16 20:18:29,2018-04-24,1c39693424c4a52777303876787cc1ba,2018-04-04
fd117d65267f58ad33d914a3cc317543,f7c89da122bf0065f6157a4c19bfe24e,delivered,2018-03-19 15:53:24,2018-03-19 16:13:55,2018-03-20 18:53:39,2018-03-23 16:32:23,2018-04-06,f03010990971a88c965c821171f93010,2018-03-19
c43de9faa95d5014569aa1ec9ac83554,ab3f65f2a61ccb5569a2af3c163330ec,delivered,2018-07-11 08:57:31,2018-07-11 09:10:15,2018-07-18 13:31:00,2018-07-27 21:14:43,2018-08-02,a2d2201f14b81eb836de9fef6d305311,2018-07-11
c344961ac6be05910dfb619e443ca671,a0aefa53e4e63806160cb3b94eccd85d,delivered,2018-01-22 15:31:11,2018-01-22 15:52:47,2018-01-24 01:06:49,2018-01-29 20:33:38,2018-02-20,776a54ce06e59ac4d20f47de28867955,2018-01-22
f0680fed8d1da7afd02cc656cb6d57e9,c8aca2f8d04ca121e88c26b61d3823a8,delivered,2018-02-16 11:29:55,2018-02-17 11:26:51,2018-02-19 20:52:55,2018-03-28 22:48:44,2018-03-27,91514bfafe292544a14718db89442ec7,2018-02-16
6ac28bc08c8053bb1c00241b19daea2b,6ec0f068eeb7a1906252032ef310d39f,delivered,2017-11-25 15:03:17,2017-11-25 15:14:31,2017-11-27 17:32:46,2018-01-03 20:46:38,2017-12-20,635b217806b95a2d5351a75b895819b6,2017-11-25
9bf093b4e3a4940de879b4d0fa32f8db,bafb31305e910acb4e6750ae4c40f547,delivered,2017-12-30 19:51:40,2017-12-31 19:46:50,2018-01-02 21:49:09,2018-01-05 20:27:13,2018-01-19,575b187a8fce085360e2f499f1c70561,2017-12-30
26fb29a5260c65b791f11eb219d2d019,80e0bf8407fae789e9ddecd01e40625c,delivered,2018-04-19 12:07:02,2018-04-19 13:10:59,2018-04-20 19:07:48,2018-04-24 16:16:54,2018-05-08,f2d9bff8a9f76f6d2e8b7bc3a6736c5c,2018-04-19
9d0ad9e3a6c8ade53a107a1008214396,e31bf09ec8e356fb6f8786901433631f,delivered,2017-09-07 23:09:05,2017-09-09 05:15:18,2017-09-11 20:37:00,2017-10-13 21:17:41,2017-10-02,4b4b39322133297ca7058789b5089b1a,2017-09-07
b9a089706e16d5490f7a2feb363e32e9,4c05711e49e74253cb18247213e9d6cf,delivered,2017-09-25 17:57:28,2017-09-26 06:33:42,2017-09-27 19:03:48,2017-09-29 18:48:02,2017-10-17,5d60c6925979ce7923d72a13215fb74e,2017-09-25
1e0c8f775100348bb1d30910f43b7f75,447e4628e73ca8c7d2ec808ea4e366f6,delivered,2018-03-18 22:23:16,2018-03-19 22:28:03,2018-03-27 15:27:53,2018-04-09 11:32:11,2018-04-17,7510ded3db0e669cdaa878e478f1bdb6,2018-03-18
66cbb0cde3699c5813d4ed8c9576a966,04ecafc940e602c4fd1fe544506c766d,delivered,2017-12-04 13:44:41,2017-12-04 16:47:43,2017-12-12 22:43:20,2017-12-19 20:13:53,2017-12-29,d4989bc70976712e3343028803969d3f,2017-12-04
ec99cf3ef9a84993f1e55aa4fc615c42,d9318914bd9ab813e68a255c4127fa11,delivered,2018-08-07 11:29:30,2018-08-07 11:44:46,2018-08-10 15:29:00,2018-08-17 16:51:27,2018-08-28,5ff3b50583f44ecf55b7e7f704ca97bd,2018-08-07
cf32e5a0f188cc90992084bec043a9c2,b765b8c3307726d36d7b3f2d24bf1e18,delivered,2017-11-05 07:40:50,2017-11-05 07:55:26,2017-11-07 00:09:19,2017-11-18 12:15:26,2017-11-27,252e03cd7121b3b9d61d9398a6db7647,2017-11-05
efeaeef213e3c173e91d9ffe670ba677,d0128f8d239e6045e358579e174accc8,delivered,2018-03-04 21:25:15,2018-03-04 21:48:59,2018-03-09 23:58:44,2018-04-17 23:31:54,2018-04-02,fcb4c1f6d6dcbe782aee65386d379aee,2018-03-04
48dc9da96439abcac0c2f2b7fb9ca3aa,1f82cfb74094dab5d6590e2288ac79ee,delivered,2017-10-10 20:56:12,2017-10-14 18:35:12,2017-10-17 17:37:54,2017-10-24 20:16:59,2017-11-08,3424bfadb98f8a7f1f7a24857a1825d9,2017-10-10
45577a64b622828ac871fc4ed9366548,1066f617a4306bb8ed3589fd5cd8f8a5,delivered,2018-02-06 17:04:31,2018-02-07 02:52:34,2018-02-07 22:19:41,2018-02-20 19:33:19,2018-03-02,cb6caa4a4bac06278b981e8e9808bf56,2018-02-06
ef817249ab50122bb09c57770019b1a7,f12306737df3c62af03422d9ac2705e3,delivered,2018-07-17 21:05:06,2018-07-18 21:02:31,2018-07-19 11:27:00,2018-08-01 23:34:24,2018-08-07,ec5868a22faa800b4ba27c5cd2f2f096,2018-07-17
49fa096844c2241fc5db183cc11bd550,668719742fade470e60fa657269c7784,delivered,2018-02-15 17:24:18,2018-02-15 17:35:27,2018-02-17 01:33:29,2018-02-22 13:48:50,2018-02-26,a43149b43ab4253753f89fb6909d1371,2018-02-15
ac9ec0af6e2e654e5b2b88f0ee326b4c,95d79a8ccca128b750566cb18e316ad1,delivered,2017-08-01 14:34:44,2017-08-02 02:36:19,2017-08-04 17:06:03,2017-08-17 18:44:30,2017-08-23,9813d3c026474649f44a7c540d267070,2017-08-01
3e6c47c1a5871e1a0280ff8bf3a236c2,f1705bc97af56d046b5cb6fc66f21c5e,delivered,2018-03-17 21:30:38,2018-03-20 03:48:52,2018-03-20 17:16:31,2018-04-03 21:32:51,2018-04-18,96e309c9b23196ac1a299910b54b6ac8,2018-03-17
170cdbf7e3806693dce1451299ee4ff7,684c373513ceb1c2ccf7ff48a72905ca,delivered,2017-09-02 10:26:03,2017-09-02 10:35:17,2017-09-06 21:33:08,2017-09-14 20:59:48,2017-10-03,d5521a550c8276ef263a830852342242,2017-09-02
186d3cd768be1890d832106f914ba37c,07b0857255ede98368d11c60ae263bfa,canceled,2017-06-09 10:16:21,,,,2017-07-05,1ae74ce9e72b6d6ea7ac1d017ef32847,2017-06-09
3ea37e479ca4fb57227d43b806c98174,4ec9fdf2038cbe32c118593bb6ad7d16,delivered,2017-06-09 12:11:58,2017-06-09 13:05:41,2017-06-09 14:37:40,2017-06-14 14:15:57,2017-07-03,29b22a981f0b959de96e78cade62090a,2017-06-09
3a5c53b7345f82b31c0d656d63f3b8fb,cc5182b642198e3b0390fd6244faac1b,delivered,2018-08-08 20:13:05,2018-08-10 03:15:21,2018-08-10 12:16:00,2018-08-13 18:32:15,2018-08-13,ac960c0979155ff8dbfdffc1c94ec676,2018-08-08
c589bcc1414f7d7d949f353b1d1a45d9,fcf20d66055eec63cd40b5c41e1af520,delivered,2017-12-30 13:21:54,2017-12-30 13:33:22,2018-01-05 19:55:14,2018-02-24 15:04:49,2018-02-02,54ed8e2bc9f92e1b10ddbbfecad0cec0,2017-12-30
ddbcecddeac25c47d0e7fe54d81640fd,6c6ecb0678cda04c3ff926b0d091cc1a,delivered,2018-06-15 19:16:33,2018-06-15 19:42:21,2018-06-20 13:29:00,2018-06-24 14:56:49,2018-07-11,9f2a26558df0ceb29f853cb9c697f345,2018-06-15
dd61367732ec07075b1e42b8772b1517,422b2ec0d521061638cb428548edb1ed,delivered,2017-12-17 11:59:58,2017-12-19 09:30:58,2017-12-20 21:47:10,2018-01-08 19:38:59,2018-01-17,1318fa4224534be4a991c76a4396716a,2017-12-17
3d320afe6c5a89ea025c81254ecfdfae,07d974be948a5520179bb45d799fa0d1,delivered,2018-02-25 10:41:14,2018-02-27 04:30:55,2018-02-27 17:33:00,2018-03-13 22:59:42,2018-03-23,818c5267380dd59eaf5d3caba3623493,2018-02-25
e6d97bc4704949a17341d5c9aa85a050,a4b335b12eb32aaa328358a6e279deb1,delivered,2018-08-08 14:33:34,2018-08-08 14:45:16,2018-08-10 10:06:00,2018-08-21 21:44:33,2018-09-13,ee701a5d14904e3fe7c315843db6c39e,2018-08-08
02e275a40a23c32f81e13045c84b5a19,47acf38bb484855c8e70a956e4807145,delivered,2017-11-10 21:49:33,2017-11-10 22:06:55,2017-11-23 00:57:49,2017-11-27 22:42:10,2017-11-30,6b0dd175b453231b94a184a1b97faa43,2017-11-10
39010dbe92bbbfaf08e8d13f7c9bb118,8054f5d9f52b925f4e23a53ed959010e,delivered,2017-07-05 15:59:34,2017-07-05 17:54:19,2017-07-07 13:34:37,2017-07-10 16:04:32,2017-07-25,173cafb1d2515406269c57e914fe2fbf,2017-07-05
a85de20f557d7c93da92888cde9b7aef,0c82057d8f7095f51c7b46cbe30229a6,delivered,2018-04-08 20:44:56,2018-04-09 15:51:46,2018-04-10 22:28:30,2018-05-03 22:32:49,2018-04-27,e49711ef161d2a621285a0ddd51a7d98,2018-04-08
31afbc557a75e6fa50e0a81391004fb7,152bc5fc51c6d387319a9c653c2ffbe3,delivered,2017-05-10 16:04:38,2017-05-10 16:22:42,2017-05-11 09:16:20,2017-05-17 16:25:59,2017-06-02,c60e5f46f049a65af202a4bc602aa347,2017-05-10
6a493ef26bfda3fa2b546080e17a7903,42954d34b6eb63fab01f7d08f90713bc,delivered,2018-05-21 14:43:44,2018-05-22 09:15:15,2018-05-22 14:52:00,2018-05-23 13:11:55,2018-05-29,96a73ff11b9828e8f2e1155e15d44074,2018-05-21
88d29e2e31284a2d643ca7a77458675d,d2ad5766873874573486b1af06c74dd8,delivered,2017-12-07 19:29:52,2017-12-07 20:32:01,2017-12-08 21:38:50,2017-12-17 13:49:31,2018-01-08,a660922fe618cf38f4e0e54b39617f07,2017-12-07
c49d07f9806a006e5b310764f661e911,1018405e6c2d86a48cd8ea8f2ca0ebaf,delivered,2017-04-27 18:10:14,2017-04-27 18:25:09,2017-05-02 13:27:42,2017-05-10 10:04:37,2017-06-09,3e55d286eef9b4650f9d00204bed24bf,2017-04-27
79ef4ff8ef06547d209ceae576bf9f52,59ee1a82b5aa6bdbc05816e55414b562,delivered,2018-06-17 20:07:20,2018-06-17 20:17:56,2018-06-18 14:55:00,2018-06-19 18:28:30,2018-06-28,b7dd87f2aa1feee137225eec964ab7d6,2018-06-17
d581955a73c95a699d134ef77bf6b768,0b59665de8b9b2f0a3dd51fd1466300a,delivered,2017-06-03 12:03:16,2017-06-03 13:05:20,2017-06-08 13:03:37,2017-06-10 05:49:38,2017-06-28,7dc0dfe8b96d050f7189970017a693e8,2017-06-03
e8ddd60abf2ceeee18ebd986311f3630,e031764f2e443bb3e7d8c54c3421a5f2,delivered,2018-08-27 11:57:38,2018-08-27 12:10:18,2018-08-27 19:43:00,2018-08-28 17:32:44,2018-08-31,0b4983415f4105b8c247a4eb8124471d,2018-08-27
50a04b6bf216061cb0f7d4a120d6a85a,23157f439f941d147f552ac180d68323,delivered,2017-10-09 23:26:55,2017-10-09 23:49:23,2017-10-16 16:12:32,2017-10-18 18:19:04,2017-10-20,9ac370ba1e5aa108afc187fd57ce9442,2017-10-09
fb8d6e92e3a08fe6485d4fb08d23ae0e,a7a6317157ed158a0e6fbf682b64a578,delivered,2018-06-23 12:08:46,2018-06-23 12:34:52,2018-06-27 06:22:00,2018-06-28 17:21:40,2018-07-05,daf8f32d76049be93d30afc42078e6e4,2018-06-23
08ab4cd4d921b31bd7719eec989aee97,7e2fc634b12c4c3779cdcbe1e8c9bbc4,delivered,2018-02-24 18:22:14,2018-02-27 04:31:10,2018-02-27 18:18:32,2018-03-01 21:04:43,2018-03-12,8194a6cea93c5c653e7956f0b962b5f7,2018-02-24
7b7b366f9d788aefadee50f44974b9d9,0a80c615ad59007c4745f7b74a9759c5,delivered,2017-11-11 14:47:09,2017-11-11 15:06:37,2017-11-14 21:28:46,2017-11-16 18:33:07,2017-11-27,a4b2fd32d91063b821961ac5fb4dcf8a,2017-11-11
04ca915235b56ef2ce81703cdaa6a24b,63adaee377092616c26dd4b26b4cc633,delivered,2018-07-04 20:46:09,2018-07-05 16:20:57,2018-07-05 11:14:00,2018-07-10 20:38:39,2018-07-27,40252e08bcaf6258ee91b34e6b16adde,2018-07-04
6b10bcc45d0801d7ceaabf248641a3a1,c3061bec9f31ab432ff4085ac347df7e,delivered,2017-04-25 18:06:07,2017-04-30 20:31:27,2017-05-04 06:53:27,2017-05-08 12:13:14,2017-05-12,576047999633e4d581fde3be6a913355,2017-04-25
6bdee91009b22f7138ff28b4b3650ace,6a2641f4a76f73594fed753d6d74aad0,delivered,2017-09-18 19:12:20,2017-09-19 15:15:21,2017-09-20 17:20:27,2017-09-25 17:58:34,2017-10-10,6a4d2ec2218999a8d584bcd36f9e7d68,2017-09-18
88b6c7abc4434ef05f56d22ada8f957a,c4249444a5efa8be73918ae172b93c17,delivered,2017-10-13 20:45:20,2017-10-13 20:56:27,2017-10-17 17:56:56,2017-10-24 18:13:01,2017-11-22,a06cdd8437a3c613f45653af454d9964,2017-10-13
21799a54bd487cd78f616aac588377de,5f939670e359f53676cdbdee12e5e2dd,delivered,2018-08-23 10:22:59,2018-08-23 10:45:36,2018-08-24 13:52:00,2018-08-30 21:36:39,2018-09-06,2e002c27ac2b7f8ca51cb8c4ccef272b,2018-08-23
60787bfeaae0862411713fa2071d87db,3a6968ced25621f86fc2ad61f2eb90e8,delivered,2018-03-28 09:09:21,2018-03-28 09:27:46,2018-03-29 20:33:49,2018-04-10 14:06:25,2018-04-17,191ecb8e7c6ebe1d8c812e2523c8c89a,2018-03-28
e916d25bf69bed22eaf192830220fee3,0721e1c4b91bc6ded6579edace8659d3,delivered,2017-10-12 00:23:00,2017-10-13 16:49:53,2017-10-16 14:55:05,2017-10-24 21:18:04,2017-11-07,575523447cb7272877b2840e4a4efb59,2017-10-12
0739104e30e20de6c0956c0889a9b9dc,066a9e746ce5eead40d2afa9bccd3d7d,delivered,2018-08-17 19:00:16,2018-08-17 19:10:44,2018-08-21 06:04:00,2018-08-27 16:02:46,2018-08-31,227dee340139e8c2f57bf05bcb1246f8,2018-08-17
6ceabf34d230c31f161988dd2ff8fa92,4f6f5e2d1fabd46160eaf3c2e71c9cc6,delivered,2017-10-10 20:21:13,2017-10-10 20:35:17,2017-10-11 18:23:35,2017-10-31 19:47:24,2017-11-10,f50ca6544a0ed8a52cc964e15cbe9cf9,2017-10-10
9b5038dbc6702b00b24b9d493c82c371,593b8fb1133c71b53bac24805aa13d06,delivered,2018-07-05 08:52:07,2018-07-05 16:10:18,2018-07-05 10:44:00,2018-07-11 21:04:54,2018-07-24,6aeda374388a88b53009e1ed989a7c23,2018-07-05
5b431846416d0c400a970fee0d33b654,b05bd08872af166cba7eba25b0bfa580,delivered,2018-04-21 19:04:31,2018-04-24 17:43:39,2018-04-23 19:03:11,2018-04-27 21:25:38,2018-05-16,67376b5d0924ea581b587d0ef8032fd3,2018-04-21
7088b5b4d20474ffa19951ece4248621,71f9bdb4f628bd0fac32dc9b10599daa,delivered,2017-11-17 20:18:22,2017-11-21 03:48:23,2017-11-22 20:51:24,2017-12-07 22:47:08,2017-12-15,6c59594879b0e469d5edb970c1139903,2017-11-17
af37018fa60dd6b208ca5c88052cffee,5e4f709a4a624c0ebc1c53a2e3ba7c80,delivered,2018-02-01 21:50:26,2018-02-02 16:09:01,2018-02-05 18:48:28,2018-02-16 19:36:51,2018-03-16,91e82cdac418e8b9775db511aa9d6129,2018-02-01
acce8f40fcce1d7eb0d4211d183fe9bc,e0b13e789ef1ccb8c2622aae521803f4,delivered,2018-04-19 17:50:07,2018-04-24 18:53:31,2018-04-24 23:07:48,2018-04-27 15:48:53,2018-05-14,602675670725d3260f73308d77b66ed0,2018-04-19
59be4c2310298e01725dd55622c4f038,bb5b450ce69fa8c16e0e26a68e04f56e,delivered,2017-09-23 13:53:09,2017-09-23 14:10:16,2017-10-06 17:33:56,2017-10-11 19:04:01,2017-11-30,dd4478f5ca770b36d8ad417c8554ef67,2017-09-23
c1eee1544b567f58a25bad708d0d41bb,da31d17d88b6d4134d2c955c60b92ce8,delivered,2018-04-23 14:49:20,2018-04-24 19:24:32,2018-04-24 18:02:25,2018-05-02 19:38:28,2018-05-17,440c64b4b6d9ee3d397397020dcff0ca,2018-04-23
432ca501b6803f37fe26134bedda2972,f85cc0ce9a08512570a38e27d2322a32,delivered,2017-10-08 09:52:27,2017-10-08 10:07:14,2017-10-09 19:38:29,2017-10-11 21:27:54,2017-10-27,3620cc23ffb1050d0bc60b76279a9625,2017-10-08
f0dd7f3ebe1b0ce1db4e4da55000d43a,6997c3deb214030818b1fd735ebe2581,delivered,2018-05-07 13:26:02,2018-05-07 15:31:43,2018-05-08 11:52:00,2018-05-17 15:22:42,2018-05-29,71c34f81cc9dcf70dd74a8cd883bd8ce,2018-05-07
5883da330a000a37d4929a4a68247c91,fca30e1c331e32b968a89eec1770ba7a,delivered,2018-02-17 20:06:21,2018-02-20 07:15:36,2018-02-28 19:34:59,2018-03-16 20:03:19,2018-03-12,a6cc06100608b125aa09ec6733685357,2018-02-17
9f5bd892aa4c461b116e5c163f16b40a,92baa75758b3a5fa0c403aa0b44e76c0,delivered,2018-02-20 21:00:39,2018-02-20 21:15:43,2018-02-22 20:37:22,2018-03-16 10:38:40,2018-03-12,317f563ca3576550955f39a346b15be5,2018-02-20
3312588178a16638759fca54495ef50d,08b0db04ac8d73532750572156241d88,delivered,2017-01-16 18:36:49,2017-01-16 18:50:16,2017-01-18 15:49:05,2017-01-25 13:58:39,2017-02-28,0fc4512b047ebec6da8414a427494244,2017-01-16
9bfbec629efb859b1f49fcdc59e6fec4,3342f871d6f35dbde61a00ef890f6f4c,delivered,2017-10-13 19:11:45,2017-10-18 03:27:12,2017-10-18 14:49:06,2017-10-19 19:52:30,2017-10-25,2ee5d8364e9f0e5d24de9fedf5450d74,2017-10-13
ea6ffb995c7f69175be7e15ed631b15d,b92426d90dbe2a340cba7eb1ff4d500a,delivered,2017-03-30 21:09:23,2017-03-30 21:22:33,2017-03-31 20:00:08,2017-04-05 14:39:50,2017-04-20,1057f54639afe5be6643510edd1b9b84,2017-03-30
29899d145a05801c8075dfdfccf5c475,ac26dbc47d6b5293504ec66e77d40822,delivered,2017-11-19 17:05:31,2017-11-19 17:15:32,2017-11-21 19:11:47,2017-11-24 19:22:39,2017-12-11,aaa9a60bfb93ef5e672104bc3abc204b,2017-11-19
f4ee4273538924bda6212f5948e80fde,8871d0db2013a98a58576b50ff9a1c1d,delivered,2018-06-12 08:59:54,2018-06-12 09:18:15,2018-06-15 16:36:00,2018-06-25 16:08:40,2018-07-13,8cebd890b95f34cd04b08f958c1af21c,2018-06-12
5372b6093d8cd9a8bd5b2f82743ad081,fb2a5ffc3d8318211cf1c878d8ef3013,delivered,2017-08-18 09:35:01,2017-08-18 09:50:22,2017-08-21 21:50:08,2017-08-25 19:32:58,2017-09-08,7be3d93adea6e0d6979cd0a01919b795,2017-08-18
3f76c80c72931658268f24765a09ebae,adc505e7e2e015260f92b0b2aabc3e0f,delivered,2018-01-31 23:30:07,2018-02-01 03:12:23,2018-02-01 20:44:52,2018-02-02 21:42:09,2018-02-16,01e8feee57ec1b6447fdd4fbea8093cb,2018-01-31
d5126e0c4988c70a3808041792214dcc,aca9f3d4889f7141d94840387c9e3d5a,delivered,2017-04-30 19:14:32,2017-04-30 19:25:10,2017-05-02 12:26:35,2017-05-15 16:28:14,2017-05-23,039a597bb045646b899477a8480bdd93,2017-04-30
cf1748350d5972bde01008c436083c4b,b3a9a8efc10d7d2ef76bc4645c0b3c5b,delivered,2018-07-03 09:08:15,2018-07-05 16:08:04,2018-07-05 10:44:00,2018-07-10 15:22:09,2018-07-27,d67ecf48dff067edaadcf476772111b9,2018-07-03
989829039549b9b62b547646ee72c034,c947bd7320af6ca068c7ef4389693173,delivered,2018-02-17 19:34:10,2018-02-17 19:50:25,2018-02-21 22:05:26,2018-02-22 13:49:08,2018-03-06,28b358cbc7d077bc3bfcc788bade155c,2018-02-17
3d80b910459d47a70e18d444514005cf,0bd683b7ceca26b5bba4e327682275c5,delivered,2017-10-28 20:16:56,2017-10-29 20:10:22,2017-10-30 18:02:49,2017-11-14 18:07:49,2017-11-27,a68cad6fa267ebb67ed54e2cef2b6a6f,2017-10-28
17c70949f9ee364f767f1f54395597c9,1711a649a717aa2a1de1664bb40cc2ba,delivered,2017-07-17 14:27:24,2017-07-18 06:05:47,2017-07-18 19:44:52,2017-07-26 16:59:54,2017-08-14,db66ca7106fa4e5ec8568de04f6cf6be,2017-07-17
6d4376b400a766f89e562e40696dc4e0,1b47e01868a3afb430c5b11dd4a64c19,delivered,2018-08-05 23:40:40,2018-08-05 23:50:17,2018-08-06 11:50:00,2018-08-10 18:03:05,2018-08-23,2e2c8f84cbaa2d64dfcee2648ab1e5d7,2018-08-05
7d9a11d31b7df7db17e3378158f465d2,941928ba996c6599f39b5e4b9f1c1b51,delivered,2018-04-06 12:50:56,2018-04-06 13:09:10,2018-04-10 00:08:26,2018-04-10 16:26:50,2018-04-18,77ef666c0ace4dc01653f90dd7090e45,2018-04-06
3ed26cafd58917f71e9044701fe9e7cb,6238908ec39a972e1bb80c6fadec03fe,delivered,2017-08-31 18:54:14,2017-08-31 19:05:38,2017-09-01 15:14:34,2017-09-05 11:13:30,2017-09-19,6f1b52490e2f1dfbb7cd7309230dbb36,2017-08-31
01fba151a6fa8315ff6dc6f29fe2f2d4,414aa2fa7df5bb8836e17bfe8e2a0658,delivered,2017-07-10 14:06:20,2017-07-10 14:23:25,2017-07-11 12:12:25,2017-07-13 14:15:46,2017-07-26,1aafbf7397e87ee25859a246e1304c8f,2017-07-10
dc939566a9c408333e76222972bcc0a3,8a309deb4ab26233b41e32cf441781a8,delivered,2017-03-14 11:14:06,2017-03-14 11:14:06,2017-03-15 10:03:31,2017-03-21 11:58:39,2017-03-31,b76a67964ceb12ab166c7c36a0103636,2017-03-14
8603de8fb5551ed7faf81d2a31b8bf0e,0037d14e53af1d555a582504a4058f4c,unavailable,2017-06-11 17:40:22,2017-06-11 17:55:17,,,2017-07-05,442bdd695caba6183fc44d6cfdd4f094,2017-06-11
16d24a8a330d9b6c2f6da0affce94de9,5bf991bebb6a7053340479fe6ab89f40,delivered,2018-01-24 13:36:55,2018-01-26 03:18:33,2018-01-26 22:09:21,2018-01-30 15:42:53,2018-02-20,db93912887d47e0872ab026db865e4b2,2018-01-24
44905b3e611d2f738de87a2cca4961b2,93a705448fbbe8d2c10f151c0510cd0c,delivered,2017-08-06 21:03:00,2017-08-06 21:15:17,2017-08-07 15:12:13,2017-08-14 19:36:05,2017-08-29,1bbae4260b7887325fccae14a592c130,2017-08-06
8c4e6faa1d8e601c6d90c6ac2ad3c1db,056827462dbbffcc91782f742346c169,delivered,2018-01-26 17:16:34,2018-01-26 17:39:18,2018-01-29 22:19:08,2018-02-03 03:49:26,2018-02-14,39a5526d941c34f4d1afaff6c3cceead,2018-01-26
b1b69f51bb6761e529b47d528ba4470e,673c61d5732c61eb711c2826cc621e6c,delivered,2018-07-13 16:55:50,2018-07-17 04:31:56,2018-07-17 13:46:00,2018-08-02 23:43:44,2018-08-07,d25665ea3b403d331df8f7c8bbe44755,2018-07-13
b456b02d6e30be4958f9d83b68ddaa8b,25fc569426903a40f2cb2867dcff43a7,delivered,2018-01-18 16:43:05,2018-01-18 16:57:53,2018-01-23 01:27:07,2018-02-08 18:49:07,2018-02-20,26f86c5c538345963514703d119afb15,2018-01-18
0fd20b806c512adae3aba82a69847513,601beb3c893f54bed47fbe73369cb1e3,delivered,2017-11-28 13:56:44,2017-11-28 14:20:01,2017-11-30 17:03:24,2017-12-04 13:32:44,2017-12-18,7081f610ecfb1912f8f2808e64dfce07,2017-11-28
ef08f51be577a5bafb5749e93f102591,98b755cc59f5c55c1c131cf354ddbff5,delivered,2017-03-18 12:17:37,2017-03-18 12:17:37,2017-03-20 09:06:06,2017-03-27 12:14:11,2017-04-10,4df2ff0286227bf3162718665b383aaa,2017-03-18
c367f22647d3051bba338f9026973607,6e726e39318dcf12b4fd82367b0315b9,delivered,2018-07-28 19:11:07,2018-07-28 19:27:42,2018-07-30 12:26:00,2018-08-06 16:32:28,2018-08-20,495f88c975e91fdb2480dd4a61a3cc92,2018-07-28
0216b8a71f44f126ac083fa5d639fe47,6721f296aee89a6caef0bf53c7547103,delivered,2018-08-19 00:17:45,2018-08-20 10:55:11,2018-08-23 12:56:00,2018-08-24 18:42:37,2018-08-29,68eb9953a8ab7328ef60c98bbd84bc5c,2018-08-19
eac1f51413723e3cd22fd297ecb65306,aca95283388edd82420431b36ac4812a,delivered,2018-01-06 13:03:51,2018-01-06 13:16:25,2018-02-09 12:43:30,2018-03-01 14:53:45,2018-03-13,863839e5e4557e991c4915c80f97b7e1,2018-01-06
bde5891c6b5d690163ceae7143c288f4,c4cdce4f982f9bb93096b4ba5cda6e5f,delivered,2017-11-08 12:42:07,2017-11-08 12:56:53,2017-11-09 15:16:51,2017-11-16 19:27:43,2017-12-01,e172b745f906d16a3ab5ee68b06df0ae,2017-11-08
30f610db02d0880c9687dd1edd8b8710,38fc30b75b381342c67d25e2f11ccec0,delivered,2018-06-03 18:46:18,2018-06-03 18:55:12,2018-06-04 13:35:00,2018-06-14 19:56:43,2018-07-18,ac32c69c438fa163767f5aa5c4d0b6e1,2018-06-03
1cb9066744dad3ef7abc18134fd8b4cd,8a9ed51eb58548e99f250b99d1df6940,delivered,2018-08-10 14:12:57,2018-08-10 14:25:14,2018-08-10 14:55:00,2018-08-11 15:21:32,2018-08-15,db841e5d524a5a5e50fe240525187c4c,2018-08-10
1f453524ca7946b73a175299b82a66c0,6ddef3de281b5bba1e7d35085374f54f,delivered,2018-05-18 09:55:02,2018-05-18 10:46:27,2018-05-21 14:36:00,2018-06-07 20:47:24,2018-06-11,0e42212ad9cfdde8a8fe3df29d682cef,2018-05-18
febc913d8a07693e87fe06bdd4afb232,0153b54842840a90cf35a8cd645c6732,delivered,2017-12-12 18:55:29,2017-12-12 19:09:57,2017-12-13 17:08:04,2017-12-29 21:37:41,2018-01-09,339f58f9d7a6a777891869a46af5be25,2017-12-12
bfd5bdc455dcaf5b1d5e9fd8a75c2715,496bfb4137a46ba9abfe3f4897bf3b4d,delivered,2018-04-04 15:06:05,2018-04-05 02:08:36,2018-04-06 20:49:35,2018-04-13 23:02:21,2018-05-11,dfb5add76c4b7a9c261c7e1a70af7aef,2018-04-04
2b33526ad18e84975c07ed2d5e513b3c,3054d43d379c9c52f4053d52fa9bebb1,delivered,2018-08-10 20:02:10,2018-08-10 20:10:18,2018-08-13 15:06:00,2018-08-18 20:21:25,2018-08-16,78d1762e8291fc6ea2ce82c42055b78a,2018-08-10
16651b7711b8c360e79e0ac07fc8a1a9,ac38ab1550dde747564ff2f7c70d8648,delivered,2018-04-19 13:16:47,2018-04-24 17:43:05,2018-04-21 00:03:26,2018-05-02 22:58:44,2018-05-21,b7202a7f3f527ef443da3b3b28d0c306,2018-04-19
78992d027a6b96141150b632f446ff18,b6edd5d18e1065259987dab494973de3,delivered,2017-09-21 07:47:54,2017-09-21 08:04:35,2017-09-25 19:23:25,2017-10-06 17:55:24,2017-10-24,1ff76e1344b3e4f12662b776d0540e06,2017-09-21
93a804dadb1564950a0aa38cfb23def6,9589ed0f9953ec9c48be54a2249c44c9,delivered,2018-03-03 09:19:32,2018-03-06 03:55:46,2018-03-07 20:48:41,2018-03-17 00:08:30,2018-03-22,0567da3da02026dc5c168ba90480cd94,2018-03-03
7de9ba0e3bb1b03706d71286a15a2945,fb824ff5ee20dda91c3f4aa7154a5040,delivered,2018-01-05 01:02:03,2018-01-06 02:08:49,2018-01-08 22:44:34,2018-01-19 00:13:27,2018-02-06,74c42a60d55bc63f8a84458404e8ba2c,2018-01-05
1fa81aa109831fb7e6dc3d039ea82df9,48467c18118feadad27c77882da17008,delivered,2018-04-27 22:25:33,2018-04-27 22:50:15,2018-05-03 14:16:00,2018-05-07 13:05:24,2018-05-16,686533816e3f79af8b839a257b29d863,2018-04-27
1105262adc6ab25e5b789a33ea9e977b,beb5a969035bb9ca6105f525935b04cf,delivered,2018-07-03 13:46:03,2018-07-05 16:20:54,2018-07-05 16:56:00,2018-07-11 18:22:23,2018-07-20,717784d244d9bd070900adf521f2394c,2018-07-03
3d782e9c655f398bd57fc44d3f02b515,7ae2e03f758deff7b5066b9314da5ed7,delivered,2017-09-12 13:49:33,2017-09-13 22:05:44,2017-09-15 15:12:50,2017-09-20 19:48:10,2017-09-28,5c09ac095bae0ce431cea9cd2b603ad1,2017-09-12
c2fdaa1b60c55ac8d318c4adb4b26373,589e0b5121a9d32dfd142a439c735d73,delivered,2018-08-05 11:17:42,2018-08-05 11:25:13,2018-08-13 10:44:00,2018-08-14 18:48:48,2018-08-21,13b2d7e597093947b683af7e23bb437c,2018-08-05
0db053a048333680c09114ac4f231a79,483bee82533502236b68f79d985e327c,delivered,2018-02-26 19:25:21,2018-02-26 19:35:24,2018-03-01 18:22:22,2018-04-18 20:24:31,2018-03-23,0aa1a77f5508e70a597bac267939aa02,2018-02-26
4856100f6860747b156ecf6405386b7b,a7961e607552d0cebcc486ef283b4c47,delivered,2018-07-18 10:52:14,2018-07-19 02:50:21,2018-07-20 15:59:00,2018-07-24 18:40:46,2018-08-10,3f0454458b119008c146b74030cb324a,2018-07-18
49fd5cd566e1e24b0c403afb8996728a,01156d307fdee5870c27d63afb938bd9,delivered,2018-07-09 13:42:05,2018-07-10 04:30:23,2018-07-10 11:41:00,2018-07-13 21:08:41,2018-07-24,e54bf1537a0fd448ebb99c14ab6d52bf,2018-07-09
cb459c6af32347f6dd511553117bd080,7b0b3ff8c45390829d0e80dcc2a0079b,delivered,2017-03-01 09:56:20,2017-03-01 10:05:20,2017-03-01 10:17:03,2017-03-08 14:54:01,2017-03-24,bf6656ef50e6fd00e7517b01d615b4f3,2017-03-01
61b40f2b303f6b312a3563e508baafb7,4209c2248f1d9e2a244d179a52053ffa,delivered,2018-02-22 08:04:09,2018-02-22 08:40:20,2018-02-23 21:53:02,2018-03-01 02:52:53,2018-03-16,91b721d32e8d30023ad17bddb6f6eee7,2018-02-22
395286e0dd44e422c5f292567f0f694c,4ea3538201e62ed2557920fa99bca632,delivered,2018-03-16 17:04:27,2018-03-17 03:08:54,2018-03-19 18:38:36,2018-03-27 21:22:10,2018-04-10,8c26a77dccfb9de3ea9e36048b53a09c,2018-03-16
25cacb44fe990ecc6911866d487796f1,74c39eda7e8265336e999388c86236ab,delivered,2018-04-30 16:38:52,2018-05-01 05:15:18,2018-05-03 13:28:00,2018-05-07 21:16:43,2018-05-15,3e2ebb072268f02e950737b50723d19d,2018-04-30
421d08636eed6cd2041826b40405c194,52c7b6cbdef65469b3e42ada5bda15bd,delivered,2018-07-05 13:45:51,2018-07-05 16:07:14,2018-07-06 10:50:00,2018-07-07 14:17:27,2018-07-18,f6a0ba639e185c1b11c1712fad9879c2,2018-07-05
f6f1f2a565bc0c1d761799e42d923401,410416e1364a0c589538c2c856ec97a9,delivered,2017-11-05 23:10:41,2017-11-05 23:27:09,2017-11-07 19:03:19,2017-11-18 16:22:52,2017-11-28,c9b3b24308b1a4587ffa3e60fafc2b1f,2017-11-05
23f99f3d6a5974cd50c00ebb3d6540a1,6bb27f3a855cdd5add35978c61c8fb1b,delivered,2018-08-07 20:49:21,2018-08-07 21:05:12,2018-08-08 15:01:00,2018-08-20 16:56:36,2018-08-24,240f980f7c03e873c538e86792646919,2018-08-07
07161bfb5748163ca6d0478bda1b0a5a,863464634cc4fc94f9d67cd9da10cbfe,delivered,2017-03-31 21:18:25,2017-04-01 10:02:32,2017-04-03 16:34:08,2017-04-10 06:23:49,2017-04-26,a38b86dce31f7c014a0c958b548f6a64,2017-03-31
a698eb7ffd8072c3664a4950b259ff0b,0f086b70ff8bfcbba5e47b378242231a,delivered,2017-12-06 12:16:43,2017-12-07 03:12:02,2017-12-07 19:41:23,2017-12-11 18:37:39,2017-12-22,45f798bf156eb30f70fa7c5392e90971,2017-12-06
05b7b6d543fe8045020d831080945bfd,bb463a696f34481aedd8de6488bdc959,processing,2017-12-03 17:30:49,2017-12-03 17:38:26,,,2017-12-27,dcbccb9a6e118d352f497b94cfa57f52,2017-12-03
08d862895d238cb8405dffe9b981df25,83e1602374f1c008027bbf8828fc785b,delivered,2018-06-01 19:57:06,2018-06-01 20:11:26,2018-06-05 14:15:00,2018-06-14 19:38:41,2018-07-05,7f77e7790a5b56e40a0ba156506a517c,2018-06-01
6345437ab1ffa04f5a791c668934e196,24b6516fc43836e57e9292a1d919ed3e,delivered,2017-08-22 11:03:51,2017-08-22 11:15:12,2017-08-25 17:42:47,2017-08-28 18:14:24,2017-09-04,130ed01dc02c7f30cea9a7faabda07b7,2017-08-22
9ddf4a39b3954edb7d4d84471f3229ea,069a724b11ade79937f258ebc58c74ef,shipped,2017-10-22 13:52:32,2017-10-22 14:14:15,2017-10-23 21:19:53,,2017-11-09,611b8fe01324647fa20c6f629dfa5b6e,2017-10-22
5e414a0babe7104b8c528527c3ca4dca,3823d695c3047ad1fb0e48322d6c926c,delivered,2018-04-26 23:31:23,2018-04-26 23:49:42,2018-05-03 15:41:00,2018-05-12 15:32:50,2018-06-01,8d836173285f9a482a8be13cacc2ce85,2018-04-26
372eb74837659ae6a3bc25f662bfa2ff,7e266e112c63aab2643a15c21f8bc1f1,delivered,2018-07-29 13:19:43,2018-07-30 19:31:42,2018-07-31 14:30:00,2018-08-09 19:37:59,2018-08-27,b13dc4ed163b263501d5c3cd16512bf7,2018-07-29
18744489f4f9774fa36be74698e7bc8f,f030c21560cd53689aeb6089340bff9f,delivered,2018-01-19 19:15:06,2018-01-19 19:37:07,2018-01-25 22:29:21,2018-02-27 22:08:20,2018-02-23,ba750f8222a1eb081c0e8d70985a5cc5,2018-01-19
f418cfdbf862af4c22c4484651aabcb1,274c6ab8594fe49c5dc5b48e5479329d,delivered,2018-03-14 11:55:40,2018-03-14 12:08:57,2018-03-14 22:26:56,2018-03-16 15:51:44,2018-03-26,e2f3fd7f1112dfc9e787517daeeaf87d,2018-03-14
98974b076b01553d49ee6467905675a7,dc7cdb748679fb6f280f66d7582c5e59,delivered,2016-10-04 15:44:44,2016-10-06 15:57:59,2016-11-11 15:29:15,2016-11-17 08:38:57,2016-11-24,eeb1b66fee35b3f1e3dfc27ff80fc0a2,2016-10-04
95d8d3c4c0f3ac475f40696807344776,27f70c74b4da9a594a8eb1624cf5bc03,delivered,2018-07-05 17:55:26,2018-07-05 18:10:50,2018-07-06 15:10:00,2018-07-11 16:11:02,2018-07-30,f08b59bf2c824a6f0fb175986bac599b,2018-07-05
ae168dfba236919411fe08f336fefa44,63572a1269de35c881dc1ca268e20fa0,delivered,2018-02-27 09:10:07,2018-02-27 09:30:27,2018-03-07 22:07:22,2018-03-16 23:56:32,2018-03-22,862c48ca034901de6c270480e9aee0c2,2018-02-27
e384d0296a755e6bdb36620e29841159,82d45624329bcc06635f6400bfc2f150,delivered,2018-04-13 21:20:00,2018-04-13 21:32:39,2018-04-16 13:38:27,2018-05-05 19:03:46,2018-05-08,ed6464d19038ddf58088f4fd6a13f3b6,2018-04-13
b7d87e06832b932da4cd4ae7dee2974f,4832ff6e69065ec24c80254d54e3f6e0,delivered,2018-04-30 17:16:27,2018-05-01 05:54:25,2018-05-03 13:36:00,2018-05-07 13:31:51,2018-05-25,410ce2b86dca642e6f1b0b7832a8a404,2018-04-30
be05142bba741bcf0fde07b5c9c40f48,96cb3c4020c63988bb978621e267e156,delivered,2017-11-02 14:40:11,2017-11-04 13:30:23,2017-11-07 18:55:33,2017-11-23 15:17:28,2017-11-23,3e32aaf1cc485f176c9f19ab91943a5f,2017-11-02
79ecc3e68b2d54e056223964de8bca98,568d5759e341018b8a9fb7d0aa2d4c25,delivered,2017-09-04 01:18:42,2017-09-04 01:30:13,2017-09-05 18:33:27,2017-09-11 19:13:32,2017-09-27,7011c18021a7ba540f53349a324677ed,2017-09-04
155b201ebf7d8510e7cba0659dc01ecb,b0ea0c1d77d78cb378c95626fadcffd4,delivered,2018-05-08 20:10:20,2018-05-08 20:55:05,2018-05-10 18:29:00,2018-05-16 22:56:41,2018-05-25,512f0635790564850446909ce00be3df,2018-05-08
0b4bc06ede46442d11b5b22710cefcf4,fa1925cfe642740f5d758dcd83696629,delivered,2017-10-15 21:00:40,2017-10-18 03:27:32,2017-10-18 18:07:47,2017-11-10 20:21:30,2017-11-14,778a5135345d4387a2749cd2816ec1c2,2017-10-15
bc50c4b649fb077defd8c5b6f1337468,31edfd4653cfea85babbf961ec4ca923,processing,2017-10-10 11:49:24,2017-10-11 03:49:26,,,2017-10-27,f994fa16f4061b976b0c2ff8af3e54e2,2017-10-10
db3da16505a1f133612db0c345dfaf4a,1c13acd171a7c659b2130dde04e6947f,delivered,2018-06-06 17:07:01,2018-06-06 17:33:57,2018-06-11 14:39:00,2018-06-15 16:35:32,2018-07-27,177b1d2638cdcb80915b829a2c81b19a,2018-06-06
a5b36a263c9692d52e2243b9ef05c6d6,7f25ffaada2024d3e809765b76d3507a,delivered,2018-06-20 12:34:14,2018-06-20 12:58:07,2018-06-21 10:05:00,2018-06-25 14:26:38,2018-07-16,394ac4de8f3acb14253c177f0e15bc58,2018-06-20
fa501c06e7a60e98b43e678fd5205c37,be930903506aa698f5dabbb2c0ca2c9b,delivered,2018-08-01 12:31:30,2018-08-01 13:24:12,2018-08-02 13:56:00,2018-08-07 14:18:34,2018-08-22,e2d8dff7c014ff45d4aa5d3d5ec9746e,2018-08-01
1d88068495a8986f241f769664ac98de,31efef58795097e1299b55a30bb57f45,delivered,2018-07-28 09:29:12,2018-07-31 06:35:18,2018-08-09 14:41:00,2018-08-13 21:54:25,2018-08-21,00196c4c9a3af7dd2ad10eade69c926f,2018-07-28
19fe6cd13dca5943f17abd2c37c46abd,ee2cb1f148f1e7ac8293287c6c8b1d0a,delivered,2017-09-09 08:41:10,2017-09-12 04:46:01,2017-09-13 12:48:09,2017-09-14 11:39:50,2017-09-25,1803287d1e7138aec6ea9d3c963ed87d,2017-09-09
d0317266c850466c6599360d6c376200,e806a2e7d1f1f49eeb93379e66389e6e,delivered,2018-04-08 16:26:49,2018-04-09 08:09:31,2018-04-13 00:44:31,2018-04-18 23:11:54,2018-05-17,db0ac423fcf1edfb392a54292556c027,2018-04-08
cfd085695f8aa8900050cd7b077f412c,18bc08c026ac77856ace97552760e768,delivered,2017-11-26 21:30:43,2017-11-26 21:53:40,2017-11-27 17:49:00,2017-12-04 19:48:49,2017-12-15,d7fbb11974d2c2abaf0ce7fb0ffc3f85,2017-11-26
6fd8bc9e42591f17f566b1fba8bb912a,14ed3e209d3c30fa876e039840c8c515,delivered,2018-06-14 19:05:05,2018-06-14 19:19:25,2018-06-15 13:46:00,2018-06-29 15:02:57,2018-07-17,8e2c68e109883b66b7f0abe030ef3cad,2018-06-14
67ce91ca34609ef6434a9c3050ebb71b,ab330800338fa26477bf10f6773f538b,delivered,2018-04-14 16:48:42,2018-04-14 17:10:35,2018-04-17 18:51:47,2018-04-18 19:03:10,2018-05-03,caa255455779e909e6bb234b2a88ecc7,2018-04-14
f5ffe8d91be29c41069321b0704e1a06,ee6607298affc3b56c7105a97e0fb218,delivered,2017-02-06 13:36:33,2017-02-06 13:50:15,2017-02-06 14:25:32,2017-02-13 17:18:55,2017-03-01,9b874554bd1f4a4b62c06f57ccc288f4,2017-02-06
dfc7b55ee482374556356b94afc9b841,486ac3fc1555e83b7b8d8853f4d82941,delivered,2018-07-19 15:39:14,2018-07-19 15:50:11,2018-07-20 11:10:00,2018-07-23 15:29:02,2018-08-10,9025915118e9f37cf8c3f480d4745d9e,2018-07-19
23e3e258cb0914459e129f704d04733f,ad1d759ac34436287fef54f18ba06157,delivered,2017-09-13 21:29:13,2017-09-13 21:44:43,2017-09-14 17:12:53,2017-09-24 16:33:36,2017-10-04,c1d6aad2bfaf1b44e383c7281c38d591,2017-09-13
b890678ef6e89550a3a5bc432c3ce744,732fecf2db4d419a69a38f2763246dc4,delivered,2017-08-28 20:36:01,2017-08-28 20:50:20,2017-09-01 18:02:44,2017-09-15 15:44:30,2017-09-18,5edc602351d833ccc628d399a36d2a64,2017-08-28
afe8d7e9dde448bad109d536c3dba7c7,c0e6a15a6ebe6629df053fd185f729d4,delivered,2017-07-18 20:14:37,2017-07-18 20:25:30,2017-07-19 17:42:38,2017-07-20 14:37:50,2017-07-31,b372034ccedb71dcfea0ab8ef114f35f,2017-07-18
561dd928c7f7e63277e02e6662bcce48,73635479fad73f30aaa47cff4accb763,delivered,2017-11-06 08:53:06,2017-11-08 03:46:17,2017-11-10 22:50:54,2017-11-27 18:02:43,2017-11-28,74ac946f1e9d688ca07e592a8dc816ef,2017-11-06
498964d3c3eddfc0d670e6be2ea2d5b2,72d97c01c1b9497a30172c51f3f4072b,delivered,2018-05-10 11:35:55,2018-05-10 11:55:21,2018-05-16 11:00:00,2018-05-30 14:48:43,2018-06-04,9851d4b6538bc072da032de08ca8e90a,2018-05-10
9e12d0b2e230c41566ece579e1e88bbe,bc427c5ef4bbafe2a17c72da491147ae,delivered,2018-08-13 15:47:13,2018-08-13 16:05:05,2018-08-14 12:56:00,2018-08-27 23:54:43,2018-09-10,fd40b61d22078726c04ca43787b451db,2018-08-13
cdd61af8ec58bfe7f1fe17f86bf64a28,a6a2d1fbfade42858509916078837b0b,delivered,2018-07-16 15:50:26,2018-07-17 08:15:17,2018-07-17 15:44:00,2018-07-28 20:34:29,2018-08-06,426de7df23e97a8895ff227b87bd51d3,2018-07-16
044cbf8cf2b8839acd8f0fbc6faeeabd,51af2e3b06f7854a87c08f4e957f168a,delivered,2018-08-16 01:14:12,2018-08-16 01:25:17,2018-08-16 14:39:00,2018-08-20 21:03:57,2018-08-21,f0bca8c4eac3e23397b131fcf6c70f0b,2018-08-16
c853154a864decd8d273d8c6aa17ee60,614fed65a3bda07d6dd3cd3b47dae585,delivered,2018-04-13 15:09:55,2018-04-13 15:33:19,2018-04-17 00:41:52,2018-05-03 00:32:37,2018-05-10,ecb876c352cd60c4b9d83ef6f52e19a5,2018-04-13
adc9f082768884dcb46b8b3d26851ca0,cae68961658812a8ad198ed27fb51200,delivered,2017-08-17 12:51:48,2017-08-17 15:50:14,2017-08-21 18:08:10,2017-08-22 22:21:40,2017-09-01,474ca13daf52d941cc06e5a601d86f66,2017-08-17
9864e42f543cd23bd3854610732d94b4,68d7fa1466056bfa867ade66120b4042,delivered,2018-01-09 11:21:46,2018-01-09 11:32:43,2018-01-22 21:13:18,2018-02-10 03:42:30,2018-02-15,00af5c2c9fd47849143be82aea5ab2cf,2018-01-09
608423eb49f078b0c2095dbdbe03c210,c01b3c4d988ecf7508a87bd501efca2e,delivered,2018-04-16 15:28:06,2018-04-16 15:53:13,2018-04-18 22:48:39,2018-04-24 22:11:51,2018-05-11,9d8a7120b6caaa362e8fd0232d78f6cd,2018-04-16
239f74c0158f39fe889ec4ee537aa964,c6ef676541ec035096f50604b5d0670d,delivered,2017-10-26 14:51:19,2017-10-26 15:08:06,2017-10-31 17:05:59,2017-11-06 21:07:03,2017-11-23,f1f4a84ad13f55cd52871e225dc7d569,2017-10-26
943f2c6249d63bbe967734f5ebaf0a07,b1da6f6f3e921af6587405ee904b8a44,delivered,2017-09-23 09:45:33,2017-09-23 10:04:03,2017-09-25 19:12:52,2017-09-29 12:57:38,2017-10-23,ae7b79796d47ab59f417a154efcdbb77,2017-09-23
c1459f8c6638b835a54df0c0246ce486,3a7e244f1f8ffef81a86d8d5d69a3c4d,delivered,2017-06-12 14:07:14,2017-06-14 02:30:22,2017-06-19 21:03:16,2017-07-10 19:03:10,2017-07-05,a69caffc8e3b86f4d49a3d0510745ecb,2017-06-12
e112dc2744c9e024795bee7be6ff73de,7f39dac97083a76136cecfcc6fe71b73,delivered,2018-07-02 10:19:49,2018-07-02 10:30:12,2018-07-03 07:33:00,2018-07-09 19:12:27,2018-07-30,4829414a3bf5517e6207317271ef6c6b,2018-07-02
d708807b9e8f75432049fff5ef066483,aaf16f8cf836474409bb5c539b3e3c30,delivered,2017-08-25 15:16:28,2017-08-26 02:24:54,2017-08-28 19:07:51,2017-09-08 18:03:26,2017-09-19,c30f2402823f677894a1aaa45d19c056,2017-08-25
ac9e4245e041d3da53604ad5c2e352ef,803e5221686e0b2a516700acdf8cfb8b,delivered,2017-02-14 12:56:01,2017-02-14 13:05:52,2017-02-16 04:14:20,2017-03-01 10:03:12,2017-03-23,719c22fa3c6901cd71bd4010d3c71bac,2017-02-14
cf38f096dc6fb592f56dd68bb588e84c,66ec8d0fb367fcad9f43c50264036a4d,delivered,2017-10-25 18:14:07,2017-10-27 03:15:23,2017-10-30 20:45:48,2017-11-06 22:18:45,2017-11-14,156a8a82cefbfacedd5745f145506afa,2017-10-25
e147eb86ed23b0e106ce62cec5c6df6a,9c701fa0ca8a580d86ec245af013d65b,delivered,2018-06-03 11:28:20,2018-06-04 15:55:24,2018-06-06 12:01:00,2018-06-19 17:48:43,2018-07-20,3c023c5cbc1bb587bd05639d561ca0b8,2018-06-03
10221b5ef57cb66fe37a3b1e594918d1,fdff81b769f15aac39439e70eb1f72a0,delivered,2017-01-11 22:36:59,2017-01-11 22:45:12,2017-01-12 15:33:47,2017-01-19 16:41:31,2017-02-21,72025949535cc5d91386aabc4fa7ad86,2017-01-11
20059d45d5d6464cbf4fa0515c3830a4,f0bfb0e899e6c59163c3d76819d87128,delivered,2017-12-12 11:58:48,2017-12-13 02:33:31,2017-12-19 18:29:01,2017-12-29 19:29:07,2018-01-08,862bcdd9344546914b93a16397a78791,2017-12-12
0d1125edf803ac46b5804fc0d29730c3,e36484b4a238d86345cbcf71330493ce,delivered,2017-02-27 20:00:10,2017-02-28 20:05:15,2017-03-01 12:53:50,2017-03-07 07:57:57,2017-03-22,60f514ea32fbb451466b6359833e6830,2017-02-27
2f126b65184ad1af3f36fcbf07ae078c,dfa2bf31dd8d1c1a393ee8420947334d,delivered,2017-10-08 16:45:51,2017-10-08 16:56:27,2017-10-10 16:50:16,2017-10-11 18:29:14,2017-10-27,8f710a282ee4fff06ee62707d7f18ea3,2017-10-08
a092499a9f4bcd992aadbcdc2d5f7843,53b750baea96bc81ee0579b3823f14bb,delivered,2018-07-04 13:35:35,2018-07-05 16:34:40,2018-07-10 11:12:00,2018-07-25 10:47:22,2018-08-03,a94c74a0431c653d53e59bcd1500e088,2018-07-04
4e71869ac934be7c5510f1d24c0c8672,60afb58891e76ebf543ce66cf692e8f7,delivered,2017-11-24 10:15:06,2017-11-24 13:13:38,2017-11-29 21:32:24,2017-12-06 20:53:53,2017-12-14,66980800215cdd2e8bd9aaccd7e7953c,2017-11-24
0e4fb9a4cd0c097933625d17613d1191,553454dbd62af3359355d126150993b4,delivered,2018-01-11 20:04:59,2018-01-11 20:16:19,2018-01-12 20:21:59,2018-01-18 01:22:19,2018-02-05,0b75e465362af49d38d00f40d7306a0f,2018-01-11
b58c3c4c4ccd814cbec253fd380d3939,e8a5e2706d9416db43d9816bef925724,delivered,2018-02-08 15:14:27,2018-02-08 15:29:21,2018-02-09 18:22:08,2018-02-20 17:25:07,2018-03-06,b63e1cc25974435b1cbd3ef0c38fe288,2018-02-08
9f0b93157ce9331253cad4298ce6af61,31d5d04d4657892a68bc9f5deff51709,delivered,2018-05-27 15:26:14,2018-05-29 03:31:15,2018-06-05 15:05:00,2018-06-08 15:43:49,2018-07-05,3fd6764780fd9bcfb3c433fa5875b52d,2018-05-27
ad027a119833cf7571f234523b2c5522,ad33089f3dc319f48cc1877a5d4f8a48,delivered,2017-07-26 14:36:38,2017-07-26 14:50:16,2017-07-27 21:27:50,2017-08-04 20:23:04,2017-08-17,df924fa71a293b65069016d31cd28a2e,2017-07-26
643440e9eec13f7a1e08f634486e931b,ab802882cb2d0e3c351e08bac43e5e34,delivered,2018-02-13 17:33:07,2018-02-13 17:47:54,2018-02-16 16:12:08,2018-02-28 20:23:34,2018-03-09,2761b9ad516ff6a8a35c784254ec6209,2018-02-13
11a6156f787eb963fb211db50db44d99,ee517d3a38e003aabc2dc2b08a0bc6fb,delivered,2018-05-11 20:26:43,2018-05-11 20:57:13,2018-05-14 12:56:00,2018-06-07 00:08:47,2018-06-04,1eb6f015c37dc8e3f5b531fbca809a49,2018-05-11
a6a81ef0cba0e11e230b4d19a6e8c559,d3734b07069f813524d5e7b0787b3a3c,delivered,2018-07-12 01:27:52,2018-07-12 01:46:00,2018-07-13 08:54:00,2018-08-06 19:12:26,2018-07-24,5568fb2b583235812ed08eb9587d0465,2018-07-12
b34f46c28be69a2d65c7f3f3c01c3673,d59dcf5325c3705b89e66b28aec164e1,delivered,2017-05-19 09:11:06,2017-05-19 09:25:17,2017-05-23 14:42:15,2017-05-30 12:37:55,2017-06-12,b4cbbdb27acf4ab5cea849cc2c8ca64a,2017-05-19
50345d40b0f9c76464f67c9971bf823e,f2500b54d9a34de6420a501b60d17a06,delivered,2017-07-11 19:33:04,2017-07-11 19:43:47,2017-07-13 19:36:11,2017-07-18 22:55:04,2017-07-31,fca2a6843b123eaa708e2017cdd64b5e,2017-07-11
2227a4ee1734c34fcc4a327f6fe0e3de,1d9e62aa7f57d92badc22e5d83510f77,delivered,2018-04-19 22:10:58,2018-04-19 22:29:33,2018-04-20 21:42:37,2018-04-23 19:34:58,2018-05-08,484b8e4e904c60aff21c94985ab00f95,2018-04-19
1ec0f6dd4813ff79c33a11b6c372cfb8,880d3d3c4199a399b6303b5417a8990f,delivered,2017-05-14 10:15:33,2017-05-14 10:25:10,2017-05-15 11:43:46,2017-05-25 09:46:54,2017-06-02,1274848be85e0ed217ac54e2dd959daf,2017-05-14
0e8d721c4684c9d5ea89f2815bafc708,ad7444d174fcfbc99c827d57b8d85fa8,delivered,2017-05-29 13:38:48,2017-05-29 13:50:17,2017-05-30 12:27:36,2017-06-05 08:57:31,2017-06-19,f5d7f85fb566eb1464868ef39e887fad,2017-05-29
c2d227e33004969c49215bb63c53cc67,0abfc3708de5203597a8e7a5c14aa2ec,delivered,2018-08-04 15:16:09,2018-08-07 04:50:34,2018-08-07 11:55:00,2018-08-10 17:48:54,2018-08-17,13b9a05fe8f9f08a09933cab3b0c2107,2018-08-04
34cb76e87d8ca6d4a5df7732d583a7eb,5a121801b68d4c196fe4d066e63e9f22,delivered,2018-04-12 11:54:27,2018-04-13 12:34:43,2018-04-19 14:58:49,2018-04-20 23:51:33,2018-04-24,7ff1878b5bab79fd54335e9c12c16ad6,2018-04-12
5b93109649fd0855758bb61ef5fc3d37,90a58b8dfd590f9303aab89bfb08a33b,delivered,2018-04-10 17:50:13,2018-04-10 18:09:12,2018-04-11 17:03:27,2018-04-25 22:37:27,2018-05-07,d44c19aefc1789bd4aa346b92b851c0d,2018-04-10
741c75a2bee4e666de0415b10cd0cad7,5439c0705e236fe55615eea778047fbc,delivered,2018-06-04 22:07:21,2018-06-04 22:31:45,2018-06-05 13:21:00,2018-06-09 18:38:32,2018-07-05,1298d59af305e88a7c1005c2b5e655be,2018-06-04
8d4a13b4aa372bfa76ea05bd687eb2e2,0d1c6d3ab7a00dfdb6f5eed84d51d543,delivered,2018-02-19 14:52:19,2018-02-19 15:50:38,2018-02-21 17:51:43,2018-02-22 18:21:30,2018-03-05,94ab479efeae0b99060996d25748afbd,2018-02-19
34d4a23b2feef52646bade360b2b5557,f4fdaa7dd25d23ceb2b4d11491c09c67,delivered,2017-06-04 10:29:25,2017-06-04 10:45:05,2017-06-05 13:00:47,2017-06-06 13:50:46,2017-06-20,37e3cf8e87e7539ee29e8c0138d9e386,2017-06-04
4b887b761d172d69c3e9f5b51936d646,1234d11db7afbb4f3e12e7eb15ba911e,delivered,2018-04-22 21:28:26,2018-04-24 17:41:34,2018-04-27 12:26:00,2018-05-09 23:42:45,2018-05-29,faf3da01768e284a7fdfc00a2428d9bb,2018-04-22
a8881d1aba506278afbbafb1aca58b5e,47acac1e16bf1f2bf6ad556aba1e4e86,delivered,2017-12-17 18:17:33,2017-12-17 19:29:50,2017-12-22 23:13:43,2018-01-08 15:55:35,2018-01-11,ef7200d5b0b899369c77c7407ec5502e,2017-12-17
9532b1405815b30b0817164c1da6440e,c4e7d5a63e02521c1cf83e348cbc8bf3,delivered,2017-05-15 10:25:23,2017-05-17 04:10:22,2017-05-17 08:56:47,2017-05-26 06:10:12,2017-06-06,748a98f77b5f860af4878eebc373cf27,2017-05-15
e163e5d0bd1d8d33300401819c279e06,2bc5c92da6f86fad8ec9dfdd63a2b8f2,delivered,2017-09-24 20:00:32,2017-09-24 20:15:12,2017-10-04 14:06:13,2017-10-09 20:36:58,2017-10-27,482b517bebe057b7151e0504eb467424,2017-09-24
c087855fe6f303205c09558f7f8103c8,5d0c6c3c37720178553332f2509b2568,delivered,2017-05-19 21:20:54,2017-05-19 21:35:16,2017-05-22 13:20:39,2017-06-01 18:05:18,2017-06-12,ff44401d0d8f5b9c54a47374eb48c1b8,2017-05-19
e6acd035a11603d3f61a37185f681a5c,018d3918d60c2e821b654b8eb4cfde55,delivered,2018-05-17 16:36:13,2018-05-17 23:18:10,2018-05-18 12:45:00,2018-06-11 23:48:41,2018-06-08,2d76a299ed106e5d6c3ad726c1397376,2018-05-17
862f4500d51d135cb73915f0fd89bdbb,0945ed78b149ffbae1b0b91ccc34f1e4,delivered,2017-06-04 16:07:45,2017-06-04 16:22:11,2017-06-05 15:28:16,2017-06-13 15:10:13,2017-06-28,1dc8092b786904665ad3104a4ae96f12,2017-06-04
5d8d75278e117304f2e8c3df4ce3c41c,585efd953bdf0c0feed085f3a757c9d0,delivered,2018-04-05 12:28:28,2018-04-07 02:50:24,2018-04-12 19:28:35,2018-04-20 19:21:21,2018-05-10,bb54950f563e3830573427ca104ce447,2018-04-05
a9c59a24db1cb3aee329ebd6dff06156,8972d832ae26a312a894f6c2093913a5,delivered,2018-01-06 10:12:32,2018-01-09 07:24:37,2018-01-09 21:48:50,2018-01-19 19:12:55,2018-02-09,82531daaa7ffd6e710d9aa041b64f4fc,2018-01-06
5f9023a84ef9e64c87bc7c1970da5680,6ae24eb8875716251130b7156d33e7ae,delivered,2017-09-12 13:31:54,2017-09-12 15:55:47,2017-09-13 18:47:59,2017-09-25 18:29:55,2017-10-24,2982819bdec3271f3780b6a2ab35692f,2017-09-12
651e1fca4fb4f7aa369b38ffbf204a62,adf36c1b48383058709109a2e2ffa700,delivered,2018-04-18 21:04:44,2018-04-18 21:15:13,2018-04-20 01:47:40,2018-04-26 00:06:45,2018-05-10,403b48e743f8d0c417dae2af624c25ba,2018-04-18
2f4597354cca1be196ca6b609711c109,7539ebe53893b272e154928429cdbce4,delivered,2018-02-02 15:06:48,2018-02-02 15:27:28,2018-02-05 21:08:04,2018-02-14 20:41:44,2018-03-05,ed4e506d123392094f41f8eb2a9cd5dc,2018-02-02
8cfda98bcf56276214f825ebb636de75,f5955da49db5a0445eadb9dca28c1098,delivered,2018-05-15 22:07:28,2018-05-15 22:33:51,2018-05-18 12:04:00,2018-05-28 17:18:25,2018-06-01,75d4e65b7b8d1a9d8940c0c49ea24593,2018-05-15
f09bc0ed04e322d111f6df0db249d65f,96f7ea776daa0aaa7973638cd54e8a17,delivered,2018-04-25 15:51:26,2018-04-27 03:30:42,2018-04-27 11:30:00,2018-05-09 00:24:53,2018-05-23,f281827721447bf90c4145fa33fc5314,2018-04-25
ed965f5b2d371fefa5afc3ded3835a0e,37a35978aab474b5f6ca6b43cf03c19a,delivered,2018-02-15 15:37:41,2018-02-17 03:47:42,2018-02-19 23:16:49,2018-02-21 17:07:36,2018-03-01,ecb5118a9177b2f28a53d943ef7377f1,2018-02-15
7e24e731800bb0c5a1c85658bd140da6,2ecabe3ee2fdf7a80ecd4c0a8121649e,delivered,2018-05-13 22:35:53,2018-05-13 22:54:02,2018-05-16 11:07:00,2018-05-28 16:28:33,2018-06-04,31ac267d8742b8784acf15ff27cc9810,2018-05-13
15c371c7aa7f65f363f03818e30090ad,bdff986fd1c3b55217d54d9cee4b49d2,delivered,2017-11-25 20:15:32,2017-11-25 20:34:42,2017-11-27 22:32:50,2017-12-29 16:39:54,2017-12-26,f8a516cf1a6f3db5eea22e25ad424a59,2017-11-25
f3d73893c5b2bd8aed47d188dd5484ae,10bd0e79bb50988c58efb453331c88cf,delivered,2018-07-22 15:49:31,2018-07-24 10:32:15,2018-07-31 14:59:00,2018-08-07 20:05:37,2018-08-16,2514de05d7364db53325196cd9e1b2ab,2018-07-22
7f40591eeef659da2bc93d2735fa9476,e98d4459ce911f6ae3aa3c9c0f3d94bd,delivered,2018-01-22 23:27:48,2018-01-22 23:38:23,2018-01-23 21:15:40,2018-01-25 23:46:54,2018-02-06,01a22e2079ea71e17313b88e5811e54a,2018-01-22
30df106d8b4158732fbd567a8a81b08d,dac63a8c4ccb25d6bb1500bd5159f4f6,delivered,2018-05-17 11:25:17,2018-05-18 13:31:19,2018-05-21 08:36:00,2018-06-05 18:44:28,2018-06-06,656b44f52e41c563564ba6cb8d1b0a27,2018-05-17
86d98161e71a519565b571ca0e1ed87e,246cf7075108c701caac778132a2a9fc,delivered,2017-06-19 10:01:51,2017-06-19 10:10:21,2017-06-19 20:22:46,2017-07-03 12:41:16,2017-07-11,e14eed372b76d7e9790a07dc3d5d6d38,2017-06-19
668cc6e441f0a986cf09c787ff80463d,e0b7c97d75cf1fe355964ae5820b1b11,delivered,2018-05-21 23:36:23,2018-05-22 03:15:23,2018-05-22 15:08:00,2018-06-07 19:52:41,2018-06-07,d861186a0ed5266644b37970f82c0063,2018-05-21
9a5c80e67090c3a500008823e3dd8eb8,3da872e0be6b82cf0de436807999fc40,delivered,2018-05-13 20:35:01,2018-05-13 20:53:18,2018-05-15 14:20:00,2018-06-05 22:45:29,2018-06-04,c4a58ea565ede873f6d96786fd10b14a,2018-05-13
3ca2a1e3c54b928f8ff41213afc6b9bc,a9d39f7dc9e3d40779ef2a528dc8ff7a,delivered,2018-03-03 20:47:02,2018-03-03 21:08:48,2018-03-08 13:17:46,2018-03-18 14:19:33,2018-03-22,7e6977a143b9420c9c2f5d4452f70fbd,2018-03-03
7d9648a2cdd2164cead7a7f126262c0c,a298546d62e795b9cbe36b4aa04fa18d,delivered,2017-12-22 13:57:43,2017-12-23 09:48:20,2017-12-26 18:09:26,2018-01-13 02:13:33,2018-01-23,a286aeced7b21e444987a4ff818452a9,2017-12-22
0791c9a8e89bfcc422ab718dd43f2dca,d3957fb48561ebaa908d640c7452f8dc,delivered,2017-07-02 18:08:33,2017-07-04 03:43:26,2017-07-04 13:43:46,2017-07-11 19:03:39,2017-07-25,82a942ca919e963244fbf83c6ae50ab7,2017-07-02
8deb9479ea624f4faf5bcbf20f4499d8,0a9c8e9d3d60525baec492c633d55282,delivered,2018-05-26 15:10:08,2018-05-26 15:38:14,2018-05-28 14:31:00,2018-06-18 12:52:32,2018-07-11,2a2a89289a3c302f210f17d164f5440e,2018-05-26
d51efba225d758550821c63b23bcf48b,976f4427a843637b2c00d0bf94055f49,delivered,2018-08-22 23:21:20,2018-08-24 03:05:20,2018-08-25 09:00:00,2018-08-29 16:48:34,2018-09-05,87c8b245d1214d5f14c62fa3c6b4a7ef,2018-08-22
6c62b87c92fad9d97f686af40cb5bfd1,d26850649dd913b91764020587e48f43,delivered,2018-01-22 23:37:23,2018-01-23 23:34:10,2018-01-26 21:12:50,2018-02-02 22:37:07,2018-02-19,18da3b088c711ee5061a1d43f48c9bea,2018-01-22
35e3f3cac84a02e430e53ca318ce9791,b76b87175551ebd3a0402fc8e593571d,delivered,2018-01-30 17:07:26,2018-01-30 17:29:54,2018-02-06 23:41:12,2018-03-15 20:41:20,2018-02-21,dfc8c1b8f452a51070d587e7faec476d,2018-01-30
52b45c2b5d96bbc9c9a6f79c406884e2,8cd7f0ed495e8f7f39ed6c305c1c7250,delivered,2017-11-24 01:02:05,2017-11-24 01:19:26,2017-11-27 17:27:08,2017-12-11 19:07:20,2017-12-19,f93e9441c55814d601a632434e4754b8,2017-11-24
8e273b415f677580d23c68ac51bcc470,ce5a5964cd6cf4305cb68f14f2df4b62,delivered,2017-07-30 03:53:07,2017-07-30 04:43:11,2017-08-03 19:39:00,2017-08-07 17:53:46,2017-08-28,0250e6330823590753c1268c9bf15446,2017-07-30
870939e9577d3981c107477c5a27b7f8,ff898eb678319bd6f600449bb0713f87,delivered,2018-03-02 22:46:57,2018-03-02 22:55:39,2018-03-09 00:37:24,2018-03-22 19:48:32,2018-03-22,4850bf2ffaae5bc1612b55060a71bb19,2018-03-02
496c7edde87a9059e9887b3f1fc62523,0ec94dc37e4e44d1b7a9eddf4a8a3da9,delivered,2017-03-07 12:38:40,2017-03-07 13:04:09,2017-03-08 12:10:03,2017-03-09 13:48:02,2017-04-04,e515dfc7b46b0281f0462ef9be3823f8,2017-03-07
a6f980db92567852107fe54fa64726f2,f7e9bfeb793e02ca1a2fbadb9e1f4a69,unavailable,2017-10-28 10:33:24,2017-10-28 10:45:51,,,2017-11-24,fc9170d271849ae24c1a0a70c4824b61,2017-10-28
9a5052c5b35166324a4fb52e3ccd37d3,93e2f379660ee23d726cb11877c73bf0,delivered,2018-03-14 20:04:34,2018-03-14 20:28:27,2018-03-15 21:11:42,2018-03-17 13:03:15,2018-03-26,ab7d4635c8ab86d344193003bb913287,2018-03-14
f8e14f9760ef6679d468a83bc48d8de4,559b04c66cad9ea2999fdcf15549b780,delivered,2018-04-07 13:48:36,2018-04-07 14:08:24,2018-04-16 18:26:05,2018-04-19 18:15:31,2018-04-25,9bf44d89fadc094d58fc90d56eb6b4de,2018-04-07
ced1aea35f3b1e1474390a452a02d750,5a60c7fb98639f84e7b3779748fe0ac0,delivered,2018-06-26 22:24:02,2018-06-26 23:07:48,2018-06-28 12:56:00,2018-07-04 15:11:58,2018-07-23,c7fc957c7b333e50bdebbef056349225,2018-06-26
03f3ce5c73e3eaab0bdef61d0713ca0b,7bdb92316a87205522ada80a430b87dd,delivered,2018-03-11 21:02:02,2018-03-11 21:40:28,2018-03-13 00:03:34,2018-03-19 16:39:44,2018-04-09,54e1f666a8e47e1c375543e70477a863,2018-03-11
9cd4ed9a91b520c126c71e7f898b24dc,3ff029303975ebb929236a6ab8c85311,delivered,2018-03-20 17:08:42,2018-03-20 17:28:21,2018-03-22 20:38:38,2018-03-29 22:06:40,2018-04-17,f3b539185a3c4b4a13f7d32b7444e963,2018-03-20
410a396b1c7bbf059e3f2d028342177b,9a05001f24b3be9b63a671530944fdfb,delivered,2018-05-16 17:49:57,2018-05-16 18:16:16,2018-05-17 14:41:00,2018-05-23 17:24:32,2018-05-30,bc03e1579419c39e07816c7a5d681590,2018-05-16
1bf58291ea0f8500caa766193e776307,70710a1c05d85f29a67c7641e376daf5,delivered,2017-07-27 21:12:52,2017-07-29 02:23:43,2017-08-01 21:19:25,2017-08-07 21:13:09,2017-08-16,2d346635f1f49be739f95458a801199f,2017-07-27
34f18b550eaf850333060c58ac00261c,38e7616c61cbacf4cdece5605db687c1,delivered,2017-11-12 22:07:39,2017-11-12 22:26:33,2017-11-16 21:32:34,2017-11-21 15:04:36,2017-11-27,7eb999fc8127f6ce499a7adb44ef1b74,2017-11-12
20f124e5fc78bf859173b67e02ae2671,fb50abded81d6b84b281463eb0cfc7f3,delivered,2017-08-03 18:36:41,2017-08-03 18:55:07,2017-08-04 16:05:42,2017-08-11 20:23:11,2017-09-06,318abc8bb78861a558cefed27f4540fb,2017-08-03
fb12e9f8e4aa61f0bce6b3afc7694dcf,33ce94762a05c3a8bb9c97487c94b2d1,delivered,2017-12-04 19:56:20,2017-12-04 20:10:25,2017-12-06 23:28:06,2017-12-18 16:55:07,2017-12-27,d81785b6d65605aeef42c591602ac3f9,2017-12-04
37d089b7d517ada3881ba31935310e4f,afd8a87f50245eae509882b78dfc038c,delivered,2017-08-06 16:35:54,2017-08-06 16:50:07,2017-08-07 18:07:06,2017-08-17 18:42:50,2017-08-29,6fe6e3e376430dc74ce3381053f84e61,2017-08-06
8fa4922556e8eec12e5679c289fccf51,75b29daf32c9b550b77a836d3223959c,delivered,2017-05-22 14:04:15,2017-05-22 14:15:09,2017-05-23 09:46:07,2017-05-25 09:16:48,2017-06-16,4067ba7df47a2bcb753ae5f7530fc7cc,2017-05-22
e9b6e40d2bb6586f7be9c87170ceaacf,24e316e6677cf2d79c36e9d56314926a,delivered,2017-11-27 20:04:48,2017-11-27 20:19:35,2017-12-06 14:03:53,2017-12-20 17:47:00,2017-12-18,c6e9898e783e5d990c462199a8314ba8,2017-11-27
15f90e8c1633db2288d96c9338c302b6,4f22f1b3c2bf5957b9bc6465b4902444,delivered,2018-03-19 22:16:30,2018-03-19 22:28:02,2018-03-23 00:03:48,2018-03-27 22:12:07,2018-04-11,caae2b67797a5a9d6a8eaeed898ccd9e,2018-03-19
0ae42629f60238674d1b98c5651c8d68,52bb5fa693affe0c16d28988440ce8e1,delivered,2018-03-04 22:13:31,2018-03-04 22:49:10,2018-03-05 18:05:08,2018-03-22 17:06:36,2018-03-29,08120867e4e7505f99b694ff4e64411b,2018-03-04
a19b1e8a877c19f80257b15207bd186f,02f8e44a560ff53db97e57913234593b,delivered,2017-08-04 22:51:08,2017-08-04 23:05:26,2017-08-07 21:14:54,2017-08-21 10:45:47,2017-09-01,c7e928c4346d37e393237d9f91139f24,2017-08-04
b9968318b0149a5239e1b401ffb54ace,eb6e86744bdbcb48c0f9129bc8cfb9c5,delivered,2018-03-07 01:02:51,2018-03-07 01:10:22,2018-03-09 20:03:44,2018-03-13 17:24:22,2018-03-19,f8220d8a739cf896eb351765da7daca1,2018-03-07
8798b3a8e3d4a597bcde0dab8ad1de17,1a55eb1f27ee730a8fb638821c22a4c9,delivered,2018-04-04 12:18:48,2018-04-04 13:10:03,2018-04-10 19:18:37,2018-04-13 13:52:50,2018-04-24,ca456b58534be99055e50781fe92b780,2018-04-04
8219ae90c37589227838ee62848266ca,54b10e6a0f0385f3d3dd3e6f126043da,delivered,2017-03-25 16:27:41,2017-03-25 16:42:37,2017-03-28 11:36:20,2017-03-30 12:49:57,2017-04-20,2efe3435802972b0525951a5bb2201a2,2017-03-25
1e8653b2cbcdd39e513300acd653dd60,ac578952e6d0be848f907f8c4f4ac86a,delivered,2017-05-23 21:17:18,2017-05-25 02:45:28,2017-05-25 11:54:14,2017-05-31 08:33:39,2017-06-29,dcb0a43ddd8d5cbf5c5a7bd636e218e1,2017-05-23
19bf277fd1836e749b4c150b1d2ebea2,b4241348c529551cb7ed00edc970540d,delivered,2017-09-08 23:28:34,2017-09-08 23:45:15,2017-09-12 18:59:32,2017-09-19 16:02:47,2017-09-27,f6cccdd0e0ab37a2e1401cced6fea14f,2017-09-08
024bee763e8abbf0cd46fa7f440c41ea,110da78c3da35776c00e4ddee0646997,delivered,2017-08-06 22:47:20,2017-08-07 15:45:30,2017-08-11 18:42:19,2017-08-17 18:12:46,2017-08-31,e404115ff39e5242084948aa3e824953,2017-08-06
bf99c65e08505b49813ebded6969d109,c860a72a0da1a25ed1b3b3f4d2fe7691,delivered,2018-06-22 11:29:13,2018-06-22 11:56:42,2018-06-27 08:39:00,2018-07-03 21:47:04,2018-07-27,e9e06a3f61cfc6be643914629535b519,2018-06-22
7311286f78c8201da664e23a95803967,ca6885a75616ff8f29a452e4283642e0,delivered,2018-05-25 09:06:12,2018-05-25 09:16:28,2018-06-01 14:42:00,2018-06-07 19:31:49,2018-06-20,66e56177b9bf464a930e57edc3694403,2018-05-25
6a795efb2654a56729bd429117198807,54a79df16c4a4820e618925fbb7b741e,delivered,2017-11-11 19:29:52,2017-11-11 19:50:29,2017-11-14 17:04:50,2017-11-22 19:49:36,2017-12-12,4887fbd9b2fc8a9e9682c8e5f124901d,2017-11-11
c0fd44a850f90e4e1276d407876e28a8,bebf020dfc5b251bcb6015307462aaa4,delivered,2017-07-26 16:45:44,2017-07-26 16:55:16,2017-07-28 15:33:57,2017-08-09 17:28:25,2017-08-25,647fbab00ce3fa39333d3ceff865d3c3,2017-07-26
e3960d3d8d627408b6715b07daa508a0,044e0f4d0ae3c40e9e66fcb49a4b5cd0,delivered,2017-07-07 12:59:24,2017-07-07 13:10:25,2017-07-14 19:12:14,2017-07-24 16:35:30,2017-08-14,31fac402b273df2354484c1a8c9145ea,2017-07-07
a2bdc6e2bf658b3187d81eb953ab1689,d1a5085fd6ed8845fc5c42791329cb32,delivered,2017-07-15 10:12:14,2017-07-15 10:25:08,2017-07-17 17:27:52,2017-08-03 22:21:59,2017-08-18,c7f407b9a6ab63dd8cadee5a5f7546de,2017-07-15
6e0e5e93c12213702b1bdac5a742b828,6a5f12dd53b794b45d03b7ab7c98aab5,delivered,2017-12-28 20:50:29,2017-12-28 20:59:22,2018-01-02 21:18:44,2018-01-04 17:13:50,2018-01-17,0f89f8767a6651286a6943f6084f0489,2017-12-28
b307b953816cd44203e46c6216934790,7a09c60239d9f623cd85ab571d9880d7,delivered,2017-02-15 20:49:15,2017-02-17 02:10:49,2017-02-17 14:59:03,2017-02-22 14:48:52,2017-03-14,0a6ba918e468b2dbe37a37544162de2e,2017-02-15
81808049a8014d165b0ea6e1d2fd2c27,7ada717d4b7b270ffa1f2c9dfe585e18,delivered,2017-11-24 21:43:56,2017-11-25 01:31:48,2017-11-29 21:23:00,2017-12-11 17:48:26,2017-12-19,ef885eb5f7285a17a8ad732fae8af8e8,2017-11-24
2645cc89531b7de88149e18d83a13263,bffbcf07c00f5346d8ba5ad4b5cc3019,delivered,2018-08-12 00:16:39,2018-08-12 00:30:11,2018-08-13 14:04:00,2018-08-20 10:41:49,2018-08-23,ee2ae386ededd7a2d330328f06927ac4,2018-08-12
ab2dca30f9aa2566e582854315d22d95,207b2bd9ffdda81bdc8af0c03f5e3807,delivered,2018-02-07 11:53:51,2018-02-07 12:10:39,2018-02-07 22:12:13,2018-02-23 17:52:15,2018-03-06,ac584f04e3bf59672590df9e6d99bb5a,2018-02-07
ceba50755e5b8a3009945798f45ead9f,a36cd0a7689f87db4dae036352fb2f1b,delivered,2018-03-14 13:51:36,2018-03-16 13:35:38,2018-03-20 20:56:21,2018-03-21 21:47:33,2018-03-26,4c80984a6f5737fbfda85463d82823d1,2018-03-14
f83bf700fd487b12bd7eb71e578575a3,4460221f20575ff95cc9c3997f5170a1,delivered,2017-02-12 22:51:56,2017-02-14 22:50:11,2017-02-15 12:05:54,2017-03-01 11:07:59,2017-03-22,a7ed7dc3e122c72ad0a9242b5e075547,2017-02-12
6dd0712b5d9d31ab2b006f7b510e8720,f0c4303cda50a26c785fb217713ebd0b,delivered,2018-06-20 07:52:05,2018-06-20 08:16:52,2018-06-20 12:36:00,2018-06-22 21:52:28,2018-07-12,0dbd8ab8acc3621736020f69c5b9bc72,2018-06-20
5dacd5be3242e33184345b90ae5ef770,cd7f3a5aad9d5c00db3b02a051df14c4,delivered,2017-12-29 00:49:20,2018-01-03 04:32:29,2018-01-04 22:35:20,2018-01-24 19:33:59,2018-02-06,57dbf5c301de35095ad94b4b8ebcab3a,2017-12-29
87fc097f0342e12e5eeb4e772b40a96a,da06926e9e4d41c662c606df13c08f33,delivered,2018-02-07 11:32:09,2018-02-09 10:11:24,2018-02-28 19:26:50,2018-03-16 19:07:13,2018-03-15,d85413bd3090d6a1940f4d349ddbaac7,2018-02-07
c5d63349822280ab188ac2cb0966668c,43e8636f132b4e9a972b5bf396b1acd5,delivered,2018-08-07 11:24:59,2018-08-07 11:35:27,2018-08-07 16:52:00,2018-08-08 12:06:35,2018-08-14,5f775bffbca1a693a2546917dd5b2ed9,2018-08-07
4be113099bb298f6c81d468e7232cd0f,7d2671576061ef532adec03d895eab6d,delivered,2018-05-20 19:38:12,2018-05-20 19:50:39,2018-05-21 16:43:00,2018-06-04 17:51:27,2018-06-12,67f866c5dd2498779fd4b97b6b3fb484,2018-05-20
023a60303ff8d9e08b99e7474f7416ce,3570b59a7408f4a3aaa95d2c0485f243,delivered,2017-06-12 21:16:00,2017-06-14 02:15:17,2017-06-19 11:52:44,2017-06-28 14:27:54,2017-07-07,dbdb8cb37ab46bc6abd4b6cb246260ea,2017-06-12
f5c7fcc9933ae8861462ee79735d9993,d70e1d82169a6e535f36694a6f1aa3f8,delivered,2017-11-24 12:36:02,2017-11-24 14:56:37,2017-11-29 20:28:49,2018-01-04 18:19:53,2017-12-22,2c2e4fdc9e97bdbc4398c060374324d9,2017-11-24
d245d1728ad7cc2081cb50838d7d6fcb,49d1638db99abf0e8d8c03b9c15e869b,delivered,2018-06-01 08:19:07,2018-06-01 08:32:24,2018-06-01 14:28:00,2018-06-05 21:33:58,2018-07-11,6a63f8c323a91d9c51502e4d6274645e,2018-06-01
d4a07b48835f3637cdf8baeab13c8a9a,17b48c3c14659979aca9d9bb5e057dee,delivered,2017-10-07 14:59:47,2017-10-07 15:14:13,2017-10-11 22:46:28,2017-10-20 19:36:36,2017-11-07,29a553dd8a1a0a22d1ee92263463abe9,2017-10-07
843fae0263cbfc12d1126522fb216aa7,17bbadf6276485131a966dde427de51e,delivered,2018-03-27 10:03:17,2018-03-27 10:15:21,2018-03-29 17:45:02,2018-04-02 16:12:24,2018-04-09,f6216435228d605d5fa199585645fdc9,2018-03-27
62556744f37b7cf57d9128e264b4b733,c323fba17fa4817ccde3421f15ddb84c,delivered,2017-11-25 11:31:54,2017-11-25 11:51:31,2017-11-27 20:58:42,2017-12-16 00:33:46,2017-12-20,7f5fd61b2f13adf2fefdf8285ad8ef5e,2017-11-25
d93ef0caa7a160caec60b4d6833415a6,6fa5afc4dfe6e55bf4117e62425122ed,canceled,2018-06-25 16:20:24,2018-06-25 16:38:27,,,2018-07-23,16e0c92fa133c05b8044b31a29c22e63,2018-06-25
45a560d32442de061369b53f158fc828,439bc92927a921a224859030eb519c31,delivered,2017-05-17 04:45:44,2017-05-17 04:55:07,2017-05-18 06:46:56,2017-05-22 17:33:47,2017-06-06,615414b7fa0cfd06209e0b4d195cdaa8,2017-05-17
46944b54ffc20e22cd2792f7b7b12a82,0240a546849fb56346f3f602aac8e04c,delivered,2018-05-31 13:47:07,2018-06-05 04:12:28,2018-06-08 15:55:00,2018-06-11 23:27:21,2018-06-26,7dae1baa2a566d6edf4b5ef4429bea1e,2018-05-31
af08253b9001685eb1df111e7134a4c3,3ac551c3da30b01bb5284211fc704d8e,delivered,2018-07-04 21:47:20,2018-07-05 16:17:49,2018-07-13 11:06:00,2018-07-19 00:18:27,2018-08-02,fd48cc38dbe99da8801bb0ab4d537a69,2018-07-04
437af138254343c9da834bb2a8eaf540,09effcd6d3327e6cf34133be919506c1,delivered,2018-06-19 19:48:57,2018-06-19 20:16:09,2018-06-21 12:41:00,2018-07-15 14:28:41,2018-07-18,a79738f63a36bcb4f4cecf3b8fac3cc5,2018-06-19
4fb9c9ddfd0e850bd7523714d7e90d7a,65b480f423126b4869b4f8a2e6f8c5a6,delivered,2018-01-04 13:33:42,2018-01-05 02:38:05,2018-01-05 14:57:09,2018-01-09 19:49:09,2018-01-23,908e8cf6c8ee80a2ff1e955d0d45f568,2018-01-04
3fc0be2b864e9efc63373bcbafbb16ea,e189c894a1fb377f16d96b3ecbab9829,delivered,2018-08-03 16:57:59,2018-08-07 04:25:15,2018-08-07 15:23:00,2018-08-08 15:18:52,2018-08-08,1db732151d934ac1075ad87efd82a697,2018-08-03
0e7ce95d19235a4bed2b0bfd4e9111db,5147543c7fba3cd0cdade7d54a1101bf,delivered,2018-04-16 09:48:48,2018-04-16 10:10:47,2018-04-17 14:32:51,2018-05-10 03:03:01,2018-05-16,b81405a1fb356507e1a51b8a56a4fcd3,2018-04-16
71a41b640ae7a650cef9587dd0f3cc86,2fffab1b015baa38f20ed1e3a73e3936,delivered,2018-01-16 22:32:22,2018-01-17 22:29:53,2018-01-18 18:05:31,2018-01-24 14:12:46,2018-02-07,f0e8148270bb4c824828dd0c2edaf1ab,2018-01-16
423bacebe695187f7c0f4c416adf5a37,63d9ab3860865d1ca636bae0f5480d6d,delivered,2017-12-01 16:01:06,2017-12-01 16:11:24,2017-12-04 22:37:37,2017-12-14 17:02:48,2018-01-04,b8d36e8551a637e3bb847456069fae9b,2017-12-01
2d4f87cbbe8820ed575c631218efb06d,63dbef7ec1d45a732e855e839d7c3e31,delivered,2018-06-30 21:47:38,2018-06-30 21:55:14,2018-07-03 06:08:00,2018-07-10 19:06:46,2018-08-01,34a53ade3d760aed24b26c2c9aac8a6b,2018-06-30
208edba34ba9cf8d8f603672e1966b75,41b48c909c686ce16083f7912ba43196,unavailable,2017-05-08 17:41:44,2017-05-13 20:32:52,,,2017-06-06,46374b8a397978c30de28705c098a9d4,2017-05-08
a5396462aef45aa15381d92b777b7cfb,6381ff1e268f6d25f9100f30d333f60b,delivered,2018-05-05 09:39:00,2018-05-05 09:55:24,2018-05-07 08:20:00,2018-05-15 00:11:47,2018-05-24,0f8de7289b569f01612d09f35bc8692b,2018-05-05
0e387099da9e67758ef1bee4f17095d3,30cfa2d8b4d06d31dc4caab4d3364e08,delivered,2018-05-09 08:09:31,2018-05-09 09:00:52,2018-05-10 10:52:00,2018-05-16 20:08:53,2018-06-04,1c3d5b4553fa2f3d68aa846c916e8e0f,2018-05-09
a0fb1c238c7bcff487ee3095d577be86,cdc7e49dd029bf91db3bd652c2353ffb,delivered,2018-02-21 18:12:18,2018-02-21 18:32:19,2018-02-22 20:03:49,2018-03-05 22:35:10,2018-03-13,eb1b2be611df633efd1e7b41a5b54ba7,2018-02-21
dede3c730917196be4447afe5e985528,9fb2a50e1626149875659631f35851a3,delivered,2017-11-07 22:51:12,2017-11-07 23:06:18,2017-11-09 21:51:11,2017-11-10 18:48:44,2017-11-23,12b62a8d3c4911b9a80b935037842fc0,2017-11-07
c1aee3898c27b4b86706a7a0259efd19,eb2a5bfb253eddfafaf07ae743a90b05,delivered,2017-11-21 10:29:16,2017-11-23 02:47:36,2017-11-28 20:59:17,2017-12-20 12:47:02,2017-12-06,fb22cab15a8656528c3d36648860c9bc,2017-11-21
2c7f30a5aa9213081d9b5fd15877ebf9,7c298b47184d0cd18d4bf469bb5e1328,delivered,2018-02-08 19:18:16,2018-02-08 19:30:39,2018-02-09 20:07:18,2018-02-23 00:52:51,2018-03-08,085ca6703d6fbb5d59c135b3690d35fe,2018-02-08
0e8dad04a1195ace383f6a2392ead013,6c1ccc08a44926bbfcf90f475942e84a,delivered,2018-01-02 12:30:15,2018-01-02 12:48:48,2018-01-02 20:36:56,2018-01-22 11:44:00,2018-01-30,9c7aa9e51d8300f7c9be4adbaa44539e,2018-01-02
4a3798db024e5f7ec925bd803ec5567c,810a5491fe59470da18d8c7c65f867e5,delivered,2018-07-08 21:59:51,2018-07-08 22:10:09,2018-07-25 15:52:00,2018-07-28 11:20:45,2018-08-14,726307c405409d3187974c84ffff97e6,2018-07-08
f2fd4e0fc194bc29e11d7d3f83151996,69af39aa7ea31fa28a84d12409e4a019,delivered,2017-12-23 18:17:06,2017-12-23 18:29:08,2017-12-26 17:32:27,2018-01-04 21:41:37,2018-01-24,2b82aa2786eef38fbc5f6b51dd496ff7,2017-12-23
8b834cd52afbdf1c2837ce5b7e9c6f21,aeaf1fb7be72ad24e2d1402992ca1712,delivered,2018-06-28 09:16:08,2018-06-29 02:53:16,2018-06-29 15:01:00,2018-07-04 23:06:51,2018-07-25,a26d764d8cf59a30f3d4f76ade4ab880,2018-06-28
a56e37d8a5dac95d919eaff11259c597,fd88b35ff441b1536cdb975e1f804480,delivered,2018-04-16 10:31:31,2018-04-16 10:50:48,2018-04-30 16:11:00,2018-05-28 22:20:51,2018-05-22,f1943a265a96f9fcd3fabb7d44707b00,2018-04-16
21ab5b80c7c152432a699cde9af9a04c,eb1a2b4ca1a86cb1a0416b30997add33,delivered,2017-05-22 22:05:40,2017-05-22 22:23:23,2017-05-23 15:48:53,2017-05-31 17:35:25,2017-06-14,cbcf5d6adc3bc08875452a3c7a2346d7,2017-05-22
8c2ce0a5a34c3f1e1a56aee2283a45d4,e43ba73efbce0b4dd005c5d76a88629d,delivered,2017-05-19 08:48:02,2017-05-19 09:02:31,2017-05-19 14:55:19,2017-05-25 15:41:35,2017-06-12,45a62f8ee5983a31af8d995fb68aa7dc,2017-05-19
5714245e554b639710146cab5708287a,8c0e2e1b5fdff3b779b6db5f1742b033,delivered,2018-05-02 21:17:31,2018-05-02 22:35:05,2018-05-03 14:47:00,2018-05-11 16:36:53,2018-05-29,b9ecd9949390bc0f0e57756f0db1ec1f,2018-05-02
e4c09ee4522daa0f32bd2e6b2f5ed048,cccd5136fc9518bcbf7eea735c6c2ae1,delivered,2018-08-04 22:22:59,2018-08-04 22:35:14,2018-08-08 09:48:00,2018-08-11 16:21:54,2018-08-16,9c159cc781864a35bd6148db6e364aab,2018-08-04
6a587a7eb18089ffa1628bb4eb427c19,4baf3238c64c1f21f51229d522f83906,delivered,2018-01-14 17:34:15,2018-01-14 17:48:53,2018-01-16 16:09:23,2018-01-18 16:23:25,2018-02-06,200c660e772c5276e0d0216dedd8ee3d,2018-01-14
7ef7d4f03d667e9166770e61047606f3,080d63b6675be4326b6dd60b6fc912dd,delivered,2017-06-09 23:53:11,2017-06-10 00:11:07,2017-06-12 09:09:35,2017-06-23 10:59:32,2017-07-14,cd7dfa92564753240d16519f1590e0a2,2017-06-09
29c5f9828f58dd08c018601e91da6759,884f41c5da7d2fb4260c07ac2107fd72,delivered,2018-05-17 11:04:50,2018-05-18 13:31:15,2018-05-21 08:45:00,2018-06-04 22:32:47,2018-06-07,36f65f4678e9f39634c967ca1cc74428,2018-05-17
4041c1aa491fe06e3fd3fd402f24af61,92a90349b67754dfe260e8f6a79505fd,delivered,2017-12-29 10:57:42,2017-12-29 11:10:23,2018-01-02 18:09:55,2018-01-17 15:25:05,2018-01-29,6848131b5eb3fa673a4f195a71e2f500,2017-12-29
f233e323b22b8b7b4e522b3506ee34b7,64c2d3cd8c008e1c280cdad555b2970f,delivered,2018-05-07 22:51:08,2018-05-09 03:51:45,2018-05-10 18:29:00,2018-05-17 19:58:50,2018-05-24,398a99f30254a5ed9fc4582d31adf14a,2018-05-07
035b790fa740b68de2d6f1a74f9b2098,30a09a314fcba2f8ddb8334844953702,invoiced,2018-03-25 18:27:09,2018-03-25 18:48:01,,,2018-04-06,845ad037b6e39255ab457e1c587eb455,2018-03-25
f8ff4b3861d957e056ce454bffbb4ff0,011263a2375678dc8d8fcda1c3e11cd9,delivered,2017-03-23 12:27:39,2017-03-23 13:06:14,2017-03-24 14:47:12,2017-04-04 15:17:57,2017-04-27,c6781a2c32fe1084d3aaa4eaba5f11e0,2017-03-23
c0677fabaec4a0491225d78c6ee269f5,11e9bbf2b2029587516b04cafb81a3fc,delivered,2017-07-08 23:07:10,2017-07-08 23:15:19,2017-07-14 19:12:14,2017-07-31 15:02:45,2017-08-15,d28cfb8bdbd4af22381e7e30a11da106,2017-07-08
02d3eba685e8150e0e3abacd9c230642,0ec44d686aef3c798a6e8d336cb3a2c8,delivered,2018-05-29 13:55:57,2018-05-29 14:11:48,2018-06-06 14:57:00,2018-06-07 17:35:58,2018-06-21,1c6f70cd9100849862278f9d236bbb3e,2018-05-29
03caa2c082116e1d31e67e9ae3700499,1617b1357756262bfa56ab541c47bc16,delivered,2017-09-29 15:24:52,2017-10-02 15:28:20,2017-10-10 15:43:17,2017-10-17 18:22:29,2017-10-23,0a0a92112bd4c708ca5fde585afaa872,2017-09-29
1477de0726169d2ad17e417783d332e7,b7b53a71a9f9b0cd9d4646976261afe2,delivered,2018-01-08 11:30:09,2018-01-08 11:39:31,2018-01-08 20:33:56,2018-01-21 19:08:54,2018-02-05,63ded44f46d409896e3b7c47daa688ae,2018-01-08
4709e1e06850115eafef3681e478ca3d,1870e7a8977c45de3b3972efcc6ea9a8,delivered,2018-04-03 23:04:28,2018-04-03 23:15:15,2018-04-04 23:27:37,2018-05-03 14:47:58,2018-05-09,86abf43f4071842e9d3622e6f710599c,2018-04-03
e12e00057650090fead5dc4e44cdbd0b,a3ec634b294a29ac054260888614fd40,delivered,2017-04-25 02:42:23,2017-04-25 02:55:10,2017-04-27 15:48:08,2017-05-09 09:51:41,2017-05-12,71e55846b128ffcbd7c16b2e5c8b2218,2017-04-25
9fe7878dd156cead30e4d3005fb93de7,072def7c90aeabad0f75ca64f1f5c093,delivered,2017-08-16 09:28:07,2017-08-18 02:26:04,2017-08-18 18:39:45,2017-08-23 18:53:02,2017-09-05,befa1e6fe062bc9195712a082f653844,2017-08-16
54ac92ea720b2574ecf18f372f41ea71,4a2a55eb047e3c1aa195fb12627d11cc,delivered,2017-05-22 19:56:10,2017-05-22 20:05:18,2017-05-24 15:23:11,2017-05-30 11:37:07,2017-06-13,01e80828765c999c3f5a7713f3912309,2017-05-22
0a6e242b5cf18e140304453da637866b,e11c517db05b111d2682bcb3ab61e327,delivered,2017-12-10 10:15:54,2017-12-12 03:38:24,2017-12-12 21:03:32,2017-12-27 10:07:19,2018-01-23,4f36b8f2e592e796ecf4c62f299b7a66,2017-12-10
abc7580b562d8de4d5471356c6c25aef,94dd77782ae0b4fb8c816bc1eab33f6c,delivered,2017-02-26 20:47:27,2017-03-02 04:02:28,2017-03-03 08:50:26,2017-03-09 14:24:45,2017-03-22,c8e9b2df7f6f20e16f172176f03b8c27,2017-02-26
a1ad04708ac63bf780235612020e647e,2a7538a3a9b5de992de6fda7e4338624,delivered,2017-04-30 18:48:05,2017-04-30 19:03:24,2017-05-04 08:39:40,2017-05-23 05:12:03,2017-06-06,5a868d74b4b972b5a132c20e67bc4cee,2017-04-30
d022bdad33a575ca5edb8c4d51e44310,403ac22a4f570846d684cdc9e0d47eb0,delivered,2018-01-14 18:58:26,2018-01-16 03:50:49,2018-01-17 00:29:05,2018-02-02 15:48:34,2018-02-07,ff892cc741cb946aa3d909c57d905b88,2018-01-14
19d18829a26fa8fcf9fa728de1112893,7ff34226960dc48e31bf5bf5188201ac,delivered,2018-07-16 13:53:53,2018-07-17 03:35:08,2018-07-17 13:26:00,2018-07-24 21:38:41,2018-08-13,8a5e26dbd3d85e77d0cf6cfeb7fa99a6,2018-07-16
8fbcb92faf1aa60361f61ed7ae721a7e,6059aa1741543dc3611f547d6c21917b,delivered,2017-12-23 19:22:18,2017-12-23 19:31:40,2017-12-26 16:24:19,2018-01-05 20:39:30,2018-01-22,c8539b829959902cdab9e9b0412f04bf,2017-12-23
b4ef3881b4bce051c6ffcacae8ff12f6,a0b769031a6f66c3f6cc9a799127c120,delivered,2017-11-01 23:32:29,2017-11-04 04:56:19,2017-11-06 23:09:37,2017-11-13 18:13:01,2017-11-23,7c91d411b91063ecbf088d9835b0912c,2017-11-01
50cb20f783b26639e858a27798b315b6,f39a5467ddf0e94e79e09672905b50d0,delivered,2018-08-11 13:00:33,2018-08-11 13:10:12,2018-08-14 08:30:00,2018-08-21 20:58:32,2018-08-30,b31e2af882f59c495163fd60c09cc9a6,2018-08-11
28fb57d39d543fade1e8fa4804f7483e,b4e80468d1f6c1fd97421d658e28febf,delivered,2018-06-07 14:47:17,2018-06-07 15:18:51,2018-06-07 14:09:00,2018-06-20 11:28:36,2018-07-11,54fc726c4b8d094c9ae969557e8927f6,2018-06-07
5be7f054903b5a91262819cf4fd538d9,6c03dce7254dd203f7e975c4df32a7d8,delivered,2018-02-05 11:32:06,2018-02-06 11:35:28,2018-02-16 16:48:36,2018-02-19 17:42:13,2018-03-05,65f9e8cbaa4cde5f6d70ae49cbb6976f,2018-02-05
766d4eed8b0acec143fd1f1206a8daaf,7628fc111b9085fb727f1851445623a4,delivered,2017-02-20 08:30:20,2017-02-20 08:42:21,2017-03-02 04:55:33,2017-03-08 10:34:48,2017-03-17,f090f629be1b7882aaac379b456185b5,2017-02-20
166db3218dd1e8c6d6be4c37d21b5045,622e8e95f8aaf172b44761f5f6b5ac2c,delivered,2017-12-05 21:34:43,2017-12-05 21:58:36,2017-12-10 23:59:13,2017-12-28 17:46:51,2017-12-29,a05cd7af9b2b778529c6d2cb3785bee9,2017-12-05
d8b57220afe3f1416bb889cc0e61aa67,69eb26a67cff49ff2040a3817602061c,delivered,2018-03-12 17:23:56,2018-03-12 17:35:56,2018-03-13 22:48:38,2018-04-06 23:51:04,2018-04-04,d975a54519948041a4365850cb594836,2018-03-12
e82a0445876919a068e9a6101a00b14f,fe5354f706b809fd278ab2bd1bed05c1,delivered,2018-02-17 12:11:03,2018-02-20 07:06:53,2018-02-23 00:42:42,2018-03-03 09:59:04,2018-03-13,f9b208b3f0a8ea19f8088c8b14875bbe,2018-02-17
1a993d55960f4e94f4ab432458e08e39,9cb4fce9998c3765ef9e7a4eeb9a16c3,delivered,2017-12-26 21:39:23,2017-12-27 04:12:31,2017-12-27 21:54:53,2017-12-29 18:42:14,2018-01-15,cea7577c7653e0d27dd6f59bf366445a,2017-12-26
b15dd5ea3b0c1ceb4ae30ed323a24c9a,d18c5bce9efcdbc323f5fb3cc9b395a6,delivered,2017-11-16 13:17:03,2017-11-16 13:31:03,2017-11-21 21:03:33,2017-12-02 15:12:14,2017-12-06,de389e51503f62d466eae68735397ccf,2017-11-16
45239cd99e3e244465ad2d2ef26c56b9,985a2a3366fedff76c0a01d1204cae8f,delivered,2018-05-23 15:54:43,2018-05-23 16:16:13,2018-05-24 14:07:00,2018-05-28 16:38:57,2018-06-08,956b26bb6b37e908eb589c6dbb14f058,2018-05-23
4cc5e8564e986df9c0189d125236a10a,278eac70c1cc3f8814d1ce319b0937f3,delivered,2018-07-22 11:48:27,2018-07-23 11:31:42,2018-07-23 15:05:00,2018-07-26 19:48:28,2018-08-09,31c733afaf6875ccb2a96b7d5cb79b64,2018-07-22
061ba2e2d7544790b6ed6b5b4dd9278c,45a5c55de4dd108a83c8f746bec3ef2b,delivered,2018-05-03 22:56:36,2018-05-03 23:10:46,2018-05-09 15:48:00,2018-05-23 10:33:08,2018-06-04,b827fea57cffd3dd3389cfff90963c90,2018-05-03
6e5cff6677f960e7b16b2bae2b941c9d,ff3aa468b3a7f789f855f858cc6a2438,delivered,2018-08-11 09:21:01,2018-08-11 09:30:11,2018-08-13 15:24:00,2018-08-16 19:56:40,2018-08-27,19a4c35463da4ec8db87a8e2222f5911,2018-08-11
211635839640ec89714ed4410c5d9eea,39ea5fecfa8dd33f8dc7abb45fb29d82,delivered,2018-05-27 16:00:16,2018-05-27 16:15:05,2018-06-04 13:45:00,2018-06-05 18:28:36,2018-06-20,faedbbe182b58bf796b021a37fe5a5f0,2018-05-27
21068b8eb0d85fa340b2cfaecaec42a8,99e39303c6136e74340a46d9b858b3de,delivered,2018-06-14 22:43:46,2018-06-14 22:57:01,2018-06-15 07:00:00,2018-06-27 17:08:43,2018-07-30,7132bbc9136b84e879ba3d5b3df45d0a,2018-06-14
4a74e1934860e224f8750db3cbc1e991,ade739c544405b3c2ddc9c52677be125,delivered,2017-08-28 14:01:06,2017-08-28 14:15:21,2017-08-29 19:38:02,2017-09-05 20:26:02,2017-09-18,4a3b3b08935d12f9ac93478fccbb41cb,2017-08-28
7ecd6da80b57a803fc59819f59bcdc4b,db31c70471654ee86b2d2d33de44052c,delivered,2017-10-27 11:43:49,2017-10-27 11:55:22,2017-11-01 20:42:09,2017-11-08 16:51:50,2017-12-05,4da8e8c3c00a1a2015e0521646d370b3,2017-10-27
882d0ad1f2cb3bb80acfb9e6667be1a7,0095298db7c70d082c2584d4eb496654,delivered,2017-09-13 18:37:01,2017-09-13 18:50:14,2017-09-14 21:27:49,2017-09-25 19:52:45,2017-10-04,18ae61c98401cffe6c25c525f8ecc7bd,2017-09-13
7d88ea8967e298bd75f4872d79973c81,26d65fc97a624b5c2599d93eccbe58b3,delivered,2017-05-25 14:07:02,2017-05-26 02:42:36,2017-06-01 14:48:28,2017-06-06 13:26:39,2017-06-16,ba67e0c03c82d74fb7751e121355e710,2017-05-25
ab85079cf6e3ab3495bdb5dc789f8b63,42530e1c510f7b7f83885351568619ba,delivered,2018-01-25 19:36:19,2018-01-25 19:52:35,2018-01-29 20:03:41,2018-02-02 17:32:40,2018-02-19,63e24a46d814600391af3768f5dc7dfc,2018-01-25
dd45d98300be58b78e0294efbe19d1d0,180831157f2fd84ffe435ec095d55ce3,delivered,2018-01-17 07:52:32,2018-01-17 08:11:19,2018-01-17 19:12:57,2018-02-02 15:47:45,2018-02-20,cbfd1c116c4c68287304489731c67781,2018-01-17
462972b78b68d10c722c8ba3f5ba4cfd,91f4aa4ff5d3ddf68322f4df3ed44212,delivered,2018-01-14 16:03:51,2018-01-14 16:12:24,2018-01-17 20:29:02,2018-02-07 18:23:05,2018-02-20,ecfe549039ca14574c34d8e5f2e2bce8,2018-01-14
723941d77928846a4b2ec4612303bd25,a1922ec4d4717efb23f7175f5de9a9b6,delivered,2018-06-13 09:34:53,2018-06-14 02:17:34,2018-07-03 13:34:00,2018-07-29 14:57:36,2018-07-12,5c31a91185eda8bf28dcb69d14c0711a,2018-06-13
c760d54a108adc3592bbdb55b83f2208,d2849e2b3c0729a10bec542165219dc5,delivered,2018-05-14 11:15:07,2018-05-14 11:34:48,2018-05-14 13:13:00,2018-05-21 19:03:08,2018-06-06,e86d400bd1f258912eb36d32ff1e2a50,2018-05-14
798e8ae05dcd7821a15f79ae8e6503fd,7ffa51ecfefb0fd06f8d129402ff5df7,delivered,2017-11-17 19:49:47,2017-11-17 21:06:20,2017-11-21 18:22:19,2017-11-28 18:03:28,2017-12-11,86d1c2012f7136f72e39dae07cd3993d,2017-11-17
cc37a61fa8201c91170d102918162eec,2d6177d6c4d2effc7541364dd210d5ff,delivered,2018-08-19 23:20:49,2018-08-20 13:50:26,2018-08-20 15:07:00,2018-08-21 18:34:59,2018-08-23,fc11f51d09aa42ff0c7e43dfe353d7b1,2018-08-19
b951958a518d9186c1b3196e445ccb08,dd15d636cbf48f2cbf86149ebf9556c0,delivered,2018-01-26 10:03:01,2018-01-26 10:19:15,2018-01-29 21:58:30,2018-02-14 11:38:54,2018-02-21,1230b2aab9f9a6b34fea01682598093a,2018-01-26
5102eb8dd13b0cc9991a7686a229e96f,3f83e3f0ea569bd71cf9e9ae64704fff,delivered,2017-02-07 23:35:02,2017-02-07 23:45:16,2017-02-09 12:31:03,2017-02-13 06:34:05,2017-03-06,0e9e7dc02d95efbb9359c7ba80ac4e1d,2017-02-07
7bd43b920b9c4ff98cf316ad9fd43b93,0483f71fdde66e16477095fe7d310375,delivered,2017-11-26 18:31:43,2017-11-26 18:54:31,2017-11-27 17:58:46,2017-12-06 16:07:14,2017-12-15,05401081ef59ed0b257831b4c3b0d3fe,2017-11-26
c038b4c610ae79ae8e3d191f7293fbae,f678799cf04c0c8c731552419b6a03cb,unavailable,2017-02-01 13:56:13,2017-02-02 02:41:20,,,2017-03-01,f869da1366f36001d8408336a00a5765,2017-02-01
53f4a393eb9126386cfc207f1aa6ac34,e2b04b6f3c6db2cc2233107af21b8b7b,delivered,2017-07-10 20:18:33,2017-07-11 20:35:10,2017-07-12 16:52:17,2017-07-20 19:07:27,2017-08-01,e664e17fa897fc345bb97661a57a910b,2017-07-10
2148d1d6458e2aed4af9ddd978c48ac3,862619252ab047cfee12fbe748562b50,delivered,2018-01-29 11:01:51,2018-01-29 11:21:14,2018-01-29 20:09:08,2018-03-07 00:28:54,2018-03-08,fca6b333c5d897df9af0bf465469b378,2018-01-29
bd6a23b926eaaee84f90244b9bcb12ac,e92e2b7d6b397c76ae6dbbc5b351e9cf,delivered,2018-08-10 10:10:06,2018-08-10 10:25:17,2018-08-14 14:24:00,2018-08-21 14:58:42,2018-08-28,275f2448ad7d14563c3c355f982cc313,2018-08-10
669b9b0a3650913de5b761ff980d8c06,29f5c33a86e4c8f7a5a429a4cea50b5c,delivered,2017-06-09 17:15:38,2017-06-09 17:30:30,2017-06-14 12:28:53,2017-06-23 10:28:39,2017-07-17,84f338b13c27803e2334e16235c2b8af,2017-06-09
b8827e3fbdce70200068de321b62f11c,ae4776734a6c3d0a014d64732168ade4,delivered,2018-05-10 06:47:13,2018-05-10 07:09:43,2018-05-10 12:35:00,2018-05-12 17:28:26,2018-05-30,32d538c0f28824fcce8e8411a67e3d9d,2018-05-10
bdd088a2478c856bd6e60baeff782f8e,bf3591893cc76c60754a3537bb053ee5,delivered,2017-04-23 15:03:19,2017-04-23 15:10:18,2017-04-24 14:12:52,2017-05-03 13:28:05,2017-05-22,b64c1738ccd9af56fafe8dc5f0d398a7,2017-04-23
bfd31e74ca682f18d424329f90be0c0b,dc1d5b5f79066d5d533a3a964290f56e,delivered,2018-06-12 17:39:08,2018-06-12 18:27:23,2018-06-18 11:55:00,2018-06-19 18:29:42,2018-07-03,e0b3358c3019b99179c1329abcf007ba,2018-06-12
57e4d66f6a96e23b22aa96ab91040275,045af42c1cdb848f5364dece77e9e08b,delivered,2017-07-28 17:38:57,2017-07-28 17:50:23,2017-08-03 16:34:41,2017-08-11 19:14:19,2017-08-23,1b2d658aff066cc4c104cd74093101b6,2017-07-28
37e2f07d315a41d5a272a4bb61fa0b01,e17af9a9943121826e8b03d00d7e8839,delivered,2017-10-18 07:44:18,2017-10-18 07:56:17,2017-10-18 19:12:36,2017-10-23 20:43:55,2017-11-09,ce3fb98957fc518a6182f185147b507e,2017-10-18
da1b656d5535a2420f9010ab910d1fa5,44421231c1294bbe465099950bf80bc5,delivered,2018-01-04 18:01:00,2018-01-04 18:13:17,2018-01-10 09:57:18,2018-01-17 16:33:50,2018-01-30,947c251d1be20c2a2de0041189dd19bf,2018-01-04
3eb9ce2fdb2296e4f0e24e3b55792c3e,6dc14e18b3576cd71226e1b59c1d223b,delivered,2018-08-10 18:47:53,2018-08-10 19:04:31,2018-08-15 13:50:00,2018-08-17 20:39:44,2018-09-10,5c370ae01de98718e08950c11ad618b2,2018-08-10
65555c6b04142c5f409c5d29398671f2,efe49ce98eaccdc026066a40579cc862,delivered,2018-05-31 13:11:44,2018-05-31 13:35:19,2018-06-01 14:48:00,2018-06-05 21:21:56,2018-07-03,439060f6ce31dc626c6b068dabe4b22e,2018-05-31
9aef5cb54685c53c5dd0b28727ff1203,9307cfa073da17b120a650f7b2361afb,delivered,2018-03-04 15:21:49,2018-03-04 15:35:29,2018-03-06 16:30:05,2018-03-13 10:32:21,2018-04-02,7ae296f2184f5c597a08c3a962b23eae,2018-03-04
87276b621cf05e7f2afee8be6c9721b6,7e44a2ca0368138091e7d001d33b1adf,delivered,2018-01-10 12:19:11,2018-01-10 13:29:09,2018-01-11 15:32:41,2018-01-16 15:37:27,2018-01-24,1971f30a2d9430d12a4c3540e1fae21e,2018-01-10
caa54c0c98a40fedc7ee2dfbae713846,065b47f0ea2d91cf34ff11a1cae7eb8a,delivered,2018-01-12 06:56:37,2018-01-12 07:08:20,2018-01-12 14:32:41,2018-01-28 17:18:05,2018-02-14,5b33d88972c6ea3d698ee5a0b2a12647,2018-01-12
3e10fb31e08ba1bc6103b56c474610a6,541e9e847262fc7a495e3e595195d693,delivered,2017-04-02 20:13:33,2017-04-02 20:25:11,2017-04-03 09:41:33,2017-04-06 15:03:33,2017-04-26,1d72aaec15863f7532b2dbf4a5c4247d,2017-04-02
d29601cbe18ae8190a14e560a413b890,8de5fd2a823d3738c14291b302a72054,delivered,2017-10-21 20:59:53,2017-10-21 21:14:50,2017-10-23 22:25:58,2017-10-30 17:50:20,2017-11-10,9876ec3e48aef3ac7c5673d526f078e5,2017-10-21
a7798126c7238a769777af04c3d19e71,4213d56a7812724b33d83ec2c5bc169c,delivered,2018-02-14 08:50:48,2018-02-14 09:07:52,2018-02-16 00:11:59,2018-02-27 21:04:35,2018-03-08,ab67d04f3fd32cf1cd4ee0cd809f6bb3,2018-02-14
d6b1ddf39835687468c4477c1aa9cba0,e9b52538b701f2947aa6fc2f788ab9bc,delivered,2017-04-09 17:50:35,2017-04-11 03:50:21,2017-04-13 16:16:16,2017-04-18 15:28:27,2017-05-02,4edecdc20ba574d202b84ae59e078423,2017-04-09
dbb763c04b5beadac2bbd9d8560f8728,e8eca07ef914ed5dc59f011540237b2e,delivered,2017-05-31 20:24:40,2017-06-01 20:23:11,2017-06-02 14:20:00,2017-06-13 16:27:43,2017-07-05,f32a228a449b934d8322467b6a854757,2017-05-31
76ca2de6bcacf629bbc125255becc15b,fd4c34140faf2931bdb3856d379019cf,delivered,2018-05-01 10:18:06,2018-05-03 04:13:01,2018-05-04 12:09:00,2018-05-16 20:51:41,2018-05-28,be1e1e4e12d559ec403171f1fa64428a,2018-05-01
5f673b3f9980fdd744937e959c80dcbd,a79a5a422868c5d292c0e0a4af915e7b,delivered,2018-03-21 13:09:40,2018-03-21 13:27:57,2018-03-22 19:43:41,2018-04-05 16:08:53,2018-04-17,104fa0c0090d3bc37b3b6131b690e9ab,2018-03-21
93ab2952953f8810d320c99c1ddead0f,dc5fce1603613e44124062e1b7d3df25,delivered,2018-06-02 12:04:57,2018-06-02 12:15:12,2018-06-05 07:52:00,2018-06-15 16:30:04,2018-07-11,89e4880cac6a717819442b1d06405009,2018-06-02
022cb45264ced2571bbbd8e231838100,aafd4a30b4fc87b9ce204df17db5196d,delivered,2018-06-03 00:21:24,2018-06-03 00:30:19,2018-06-05 08:45:00,2018-06-12 16:09:02,2018-06-28,c09214ba56100e782501686ca3bbb119,2018-06-03
e74ec53d6094ebeeefe46e785d0eb197,ce34a9292c0c51ddf8171b9b333aa625,delivered,2018-02-02 15:12:10,2018-02-02 20:31:28,2018-02-05 21:35:42,2018-02-22 06:12:14,2018-03-20,b965c6d1fa94e2884f470742038a5ec5,2018-02-02
052b35671e2bdd45aa889c5fa09e2809,29509a171c5d01602fbd7afb4ecbfa06,delivered,2017-12-21 17:21:44,2017-12-21 17:31:08,2017-12-26 17:55:10,2017-12-27 21:32:58,2018-01-11,a52ac631c202bdc67ee904e0a6eebaf5,2017-12-21
644da50308e4b34f47ea4a9c82557863,f55f28031bc974b2749c7cda16af0492,delivered,2017-03-04 19:44:37,2017-03-04 23:25:11,2017-03-07 09:04:32,2017-03-14 18:05:09,2017-03-23,40d63a555cb669bad5844254cca64b9b,2017-03-04
d7455c47afd27f9cc57ca0cc96b9cdd1,4f6ffb9b1a647de61af14aa4a7186945,delivered,2018-03-24 17:40:59,2018-03-24 17:50:30,2018-03-29 20:55:40,2018-04-03 21:48:33,2018-04-16,4fcead3256f268243c85596047fa3892,2018-03-24
41b8a729842b63f68d70c04c7f250f09,1afb15b3e9553523d6eccae1c42ac169,delivered,2018-04-02 11:09:02,2018-04-02 11:29:25,2018-04-12 20:44:49,2018-04-19 19:21:34,2018-05-03,90a8efa66018f1c290913647f85bc9c7,2018-04-02
1cc1ac3bb7e6e9a7049ee81d4888dc4a,711464e4c54565256d2a20f481a8eead,delivered,2017-12-14 14:39:52,2017-12-14 14:50:42,2017-12-19 17:13:31,2017-12-22 16:16:53,2018-01-09,7ef05b51a875ce5daf1fd450d0a8c57f,2017-12-14
b86aa640f28555eb00a59fe9766eff4a,c5c7643873cf761b588d741cfce6c331,delivered,2018-01-03 22:25:41,2018-01-03 22:35:28,2018-01-04 17:42:46,2018-01-24 20:46:57,2018-02-05,b0d6f35277a168b76fcf334d9ea0eefd,2018-01-03
21a550eeac28a30d4b59a0fd91c9cc8d,ace63d531dc37c74d62c8263d161f8f8,delivered,2017-11-10 20:31:29,2017-11-10 20:46:36,2017-11-16 14:08:58,2017-11-27 23:58:30,2017-12-05,178a58ded2b9be43b90300e0e0e8e66c,2017-11-10
7168a9782b83f485331f93c31922bea3,ab23e42942c8611fa3d2b25e29bfbb32,delivered,2018-02-21 07:04:56,2018-02-21 07:50:20,2018-02-26 20:17:58,2018-03-16 19:27:01,2018-03-16,74657072bba23cb1f733815d9497ce86,2018-02-21
6409da66534414b64138b8202ac53bc7,a80352353b462d86640b2ff29d16a7db,processing,2017-03-28 16:59:13,2017-03-29 02:05:15,,,2017-04-19,0fd23835414370d4d8d637d3279198c6,2017-03-28
713638fce61820946eea7e0773d1df84,f72803d7329ae3529dd2dff0b97410cb,delivered,2017-09-13 14:43:01,2017-09-13 14:55:24,2017-09-14 18:25:08,2017-10-17 21:30:03,2017-10-06,76fb756cd09ed11190000c25412a5985,2017-09-13
5b1c6bad461d722c0e428b2ad4e5cafe,fba40866bbdb9966b507e565aba87490,delivered,2017-03-25 20:21:56,2017-03-28 03:51:19,2017-03-29 12:08:25,2017-04-03 13:44:33,2017-04-13,6ba1141082a8689cb8ad818255306988,2017-03-25
e28239311822ec827e9fbadde0649f3b,1ab643f32a4d584b7a56a9de6779228c,delivered,2018-03-07 14:59:13,2018-03-07 15:15:43,2018-03-08 00:09:53,2018-03-12 23:18:26,2018-04-02,13bcd0facf33cbfb8068a4a59a3c84af,2018-03-07
6df6c9c9af6ef75b4f06f8a7b9f47e9c,2e1a3155fdbee565b7ad55cb75ce8f78,delivered,2018-07-23 08:50:48,2018-07-28 23:31:06,2018-07-24 14:47:00,2018-07-26 17:03:43,2018-07-31,ae7f543e349dd405a2ff5d6ea850cb8d,2018-07-23
aede175d9f89edb69b1a98b4d80470ed,028ef41231e80887d8be309e5a28aaf2,delivered,2017-12-30 10:35:36,2017-12-30 10:47:08,2018-01-04 22:56:58,2018-01-11 14:57:02,2018-01-24,e481334d0c868076c77de19c4b23cb5b,2017-12-30
b0b89f2837ca16ee790c20e55c95ea4a,9a7f90d818c30f76c42ba0959c16161b,delivered,2018-03-23 15:46:24,2018-03-24 02:28:43,2018-03-29 17:32:00,2018-04-11 21:54:27,2018-04-17,9cde69e59d836d12b19ed79fc0ff8908,2018-03-23
2f0d70560615459213d3ea85549554a6,28df59294c71a63c40ff8ab5f97d2d84,delivered,2018-02-04 18:56:06,2018-02-04 19:10:28,2018-02-06 20:07:24,2018-02-07 18:45:51,2018-02-21,d439c1a4cbd97e0057133755f9ed0c42,2018-02-04
4172088f591c8a42cad3f5ee56f678c8,727d0eda3f67ce09cd6062748b414523,delivered,2017-10-16 16:47:23,2017-10-16 17:10:19,2017-10-18 13:36:32,2017-10-20 13:59:59,2017-11-01,140b44f749d9ac6cf2dbcf6dd9a81089,2017-10-16
3eaa049d12010ae119bb075092d421d8,d5c9fcc1352a2294717d4a849e6cac53,delivered,2018-07-19 16:47:11,2018-07-19 17:04:01,2018-07-20 12:52:00,2018-07-25 13:17:42,2018-08-02,879e51352d2d1acdb2f6d9e50c02fd81,2018-07-19
d2a1c1e78726b6c25a324476d86f57ed,0c1d9404907345641777e5dbf8062c09,delivered,2017-05-06 17:25:41,2017-05-06 17:42:08,2017-05-09 08:06:00,2017-05-22 08:30:48,2017-05-31,f8bb7b52f108696bf4b46a088b3279dc,2017-05-06
d8d0488eb1aa33a391551c5bbe00e93f,7f4802bd5d7365cd23b2dab76a07fae8,delivered,2017-04-25 16:33:17,2017-04-26 09:35:18,2017-04-26 09:44:29,2017-05-04 11:52:06,2017-05-16,a8f43239cb0010e01e3d2d9e8be70419,2017-04-25
172eb17b2fa12d49f274ad27404ad1b9,d5c5cfa0d8946f798c28c55c5e78b55d,delivered,2018-02-22 16:48:54,2018-02-22 17:10:45,2018-02-23 23:08:37,2018-03-09 18:35:24,2018-03-19,772a9ce93e9415f94ca3afddeb78884f,2018-02-22
da6c1b5c9a1106ebca4a15148d062c0f,3bc2fc702019bd075e33a4ee86cbfbef,delivered,2018-01-25 15:32:04,2018-01-27 02:41:26,2018-01-29 22:26:41,2018-01-31 18:27:14,2018-02-09,a1a374f4c131638dc698c76bebd11769,2018-01-25
25727c3a1c2ebe88d357a3ad2450c1ef,5705d595d97d36adae65ac02d74fdbed,delivered,2018-08-17 18:49:24,2018-08-17 19:10:32,2018-08-20 10:50:00,2018-08-28 02:09:42,2018-09-10,240376bd4c65d3e2ad7c6c9256d5cdec,2018-08-17
300f22cf9178ce8ef0db12b477f29e8f,75a392a3473036889864df63812e830f,delivered,2017-04-24 01:53:11,2017-04-26 09:33:34,2017-04-26 12:14:04,2017-05-05 12:26:41,2017-05-11,a1f24259f50aa458eac45c8db044550f,2017-04-24
ccfa6e3822b06cf58321331e07db2a2a,94633c1543af42cafa3898371bc650f8,delivered,2018-05-16 10:00:09,2018-05-16 10:15:15,2018-05-18 11:02:00,2018-06-04 18:52:47,2018-06-08,942d33c43df4f1c3dbc09b29e7a0e6f9,2018-05-16
4172384c4b3c2ef103c55f5dc3086b9e,760119a92dd09c116c57f97d1d1bf346,delivered,2017-11-05 22:45:45,2017-11-07 06:31:22,2017-11-08 22:24:37,2017-11-09 19:06:57,2017-11-17,6db51553e2c20e18d99b2cad5d06be76,2017-11-05
70f6f2f587c842e64ec959f749d50af5,9d8197b0ebed82e5333d2d01a7f808cd,delivered,2018-05-16 20:18:16,2018-05-16 20:35:20,2018-05-17 12:50:00,2018-05-22 20:36:51,2018-06-01,0385202835886be536b884d2177cd4c7,2018-05-16
bd2f31f2548344a9d1f4ea1c03625e93,1f763783a93e0c559a0c7dc847b31eef,delivered,2018-05-17 16:37:22,2018-05-18 00:14:47,2018-05-18 07:13:00,2018-06-05 18:16:34,2018-06-22,158da4c494bfc8f41b20366129483924,2018-05-17
511812fa8f384ecf987128b77cdfbc18,87f95f9915fdd883e0246ac6103b7176,delivered,2017-02-06 00:37:19,2017-02-06 01:05:38,2017-02-07 08:49:01,2017-02-09 15:25:01,2017-03-08,3d05f072d3052a4bb5adc28fab02ec4d,2017-02-06
cb1134f9010d242e9515ad1c78ec0c39,2fd33ac77677bd214b1882868317eeed,delivered,2017-07-16 12:35:34,2017-07-18 06:03:50,2017-07-20 19:22:02,2017-07-19 14:13:28,2017-08-08,8518c7888966eddd34b73abcc5165b07,2017-07-16
d821c07a40e746ac3f4ae3799b19ddee,ed678437e137359ba38a1f1b55dea52c,delivered,2018-02-23 06:14:54,2018-02-23 06:30:43,2018-02-27 01:04:31,2018-03-14 17:58:18,2018-03-15,5c188cabcf0eadc19f9f539af74c9aa2,2018-02-23
51cb8de840f89dc3988470b2ee262f1f,c8db658e8d844bb647932fa9f1d4dcdc,delivered,2018-06-10 10:59:10,2018-06-11 10:58:56,2018-06-11 15:42:00,2018-06-14 20:05:27,2018-06-28,e7187a3ac2eb96ecde3edd955c440438,2018-06-10
9272fabd5bfa9acee9ae3fd87af61a0a,41740b03cf7ce275a840cc38f1ab04e0,delivered,2018-03-28 09:21:11,2018-03-29 03:10:13,2018-04-02 14:40:43,2018-04-12 20:02:24,2018-04-16,ddcdb2dacc7bdddf4b7eb322444168ed,2018-03-28
5abfc2c21926dd42e4e2a94abd87e23e,702c309288b89d7dffc52be2907d7530,delivered,2017-09-06 11:42:49,2017-09-07 10:33:33,2017-09-08 15:10:13,2017-09-11 18:57:39,2017-09-19,3602c0b7f977119a685bd6031eb44723,2017-09-06
0ff4f1ed797bbfac9a16714dfa5162aa,0e7292b365653509f4f2f1953fdd2ced,delivered,2018-02-26 12:58:20,2018-02-27 12:55:37,2018-02-28 19:06:22,2018-03-09 01:35:30,2018-03-23,08fb962906a9c56eaf30429574fecb30,2018-02-26
bb4eb0196897c20281a61f75ce23211c,c7d65abc07da65a413738fc854d8112a,delivered,2017-07-24 14:36:16,2017-07-24 14:50:11,2017-07-26 20:22:05,2017-08-03 17:37:42,2017-08-15,81fde78227bbac716944e215b6895639,2017-07-24
a588785e8399e5c1a0416e1101ef85b3,01389f4d25fdacc049ce7dfe96c259e3,delivered,2017-11-25 22:27:12,2017-11-25 22:34:25,2017-11-29 20:41:43,2017-12-16 16:52:22,2017-12-20,2e0c25db86332e0bc2f391c885747c3c,2017-11-25
bb9312c3f3c390fba4d05856798016ac,a7ba79339a4c302e1cdeda58e60e7733,delivered,2018-01-08 13:27:02,2018-01-10 10:32:31,2018-01-10 20:48:29,2018-02-02 15:42:23,2018-02-01,286375ee3769d3bc535fe8bc65de0126,2018-01-08
281962853c1f4b3b4ea3bed6e4647759,091d88b3729e671ad17a6c41aaf7c44d,delivered,2017-03-01 16:40:27,2017-03-03 02:10:38,2017-03-03 15:21:11,2017-03-17 10:17:36,2017-03-31,f20558add423d3a6a6cec67d4741d26a,2017-03-01
afe9b142aa12b2e05162e32e1e25fd95,a0362a2d1b45a45174f4159cb281a473,delivered,2017-11-24 18:30:43,2017-11-24 21:39:32,2017-12-01 19:18:51,2017-12-07 15:09:47,2017-12-14,bf8c40890ee9f999dd0497c10bb06f58,2017-11-24
30eee244a7d32cac1de9617e4b9ae312,0e87f7e6262f9b3ad93cb19a32bd4a1f,delivered,2018-08-16 08:17:15,2018-08-16 08:35:18,2018-08-16 14:03:00,2018-08-30 21:32:40,2018-09-12,d89174c51b776a359ca147436ff087ff,2018-08-16
164e64521973407e1e6e44d1e2262176,3fb036e3e6bd42588cf0490ee88dfff0,delivered,2018-02-23 05:23:56,2018-02-23 06:00:19,2018-03-01 00:39:06,2018-03-13 21:48:46,2018-03-16,a39008b7ad3b4b21ec43f65f9517c6b3,2018-02-23
879a6ffe6389453946ddcaf7bde51975,4c2e38f82eb2b66258218c1c2393f5f9,delivered,2018-05-15 07:11:08,2018-05-16 03:54:59,2018-05-18 14:42:00,2018-05-24 00:04:33,2018-05-30,90cff256277583b951f72c0d7fd4ade2,2018-05-15
3d3bf2f6415d93b07c9b1fa798a19239,c728a9ca56cbf45a1d9332d0ecb0a409,delivered,2017-07-12 10:35:49,2017-07-12 10:50:16,2017-07-13 21:37:37,2017-07-19 13:41:20,2017-08-07,90ac83218218bc94c831f04990537026,2017-07-12
cf0df64aec6d7f8bf60b0552a954b3b8,fa20d3825267b677fca67a5f6fda32f5,invoiced,2017-08-27 17:13:46,2017-08-29 05:32:04,,,2017-09-14,35b7ea3288096438f6dbe164d1f02aa0,2017-08-27
53d2ed65a0e7a0761bd6000d5dada878,40d09f4385972836121ca581b33f89d5,delivered,2018-06-06 14:19:52,2018-06-06 14:35:36,2018-06-08 14:23:00,2018-06-25 14:51:36,2018-07-17,f5d32f2ee3d4caec1870de481c276bd8,2018-06-06
e5cefdab54d9844f44c6d68f3611f145,abb8d12e5424bc6094f8e78adf29aaf7,delivered,2018-05-09 10:59:15,2018-05-09 11:11:40,2018-05-10 19:07:00,2018-05-11 13:26:59,2018-05-17,f5d910eb3b94c769729bc4312e30ee6a,2018-05-09
a92334f188d0def0f230671c7dec9b0e,4e495cb383a251b2a0b73491294268b6,delivered,2017-09-11 10:44:28,2017-09-11 10:55:32,2017-09-11 20:59:37,2017-09-14 17:58:32,2017-10-05,46e7ed1ef9223b2026fb4919fc7c7f05,2017-09-11
c8c288995f09b4167f89687f7535c75a,ec7067023c9bf1a4a44aea980e45bb21,delivered,2018-01-28 21:22:11,2018-01-30 05:31:33,2018-02-05 09:45:38,2018-02-14 17:35:43,2018-02-22,85e2d284523511fe8f6cd5488ac07751,2018-01-28
53f4c1e58cffdfc604925afb8d8537c5,5e819d27ab1c45603c984f7c2a1b2254,delivered,2017-06-06 23:34:50,2017-06-06 23:45:15,2017-06-08 16:16:47,2017-06-10 09:09:35,2017-06-20,ec5237e695df436ab71d90178d10ecdb,2017-06-06
06d7e8a85f5cfef576c5303ed7d7f2e5,57108de6e1cf238dfd0ed00e3d878096,delivered,2016-10-07 12:06:30,2016-10-07 12:36:07,2016-10-15 12:33:48,2016-10-19 18:51:24,2016-12-01,5da3ad487547da6f4f3011269b38f324,2016-10-07
b6007bc0214a24634dff19daab40bf21,468a18f15d1d03df1552394fd2551441,delivered,2017-11-11 13:02:47,2017-11-14 04:06:43,2017-11-16 19:12:12,2017-11-22 18:16:54,2017-12-01,2a3f4536e732a04cfad59b6e50c2e925,2017-11-11
2dce4900da65c78bfeb7b56efa0dd59e,9e67b70448804fa0543cab844e3f3f45,delivered,2018-07-17 16:48:33,2018-07-17 17:01:37,2018-07-23 14:28:00,2018-07-24 14:37:57,2018-07-27,36af2af365877fd171ff7126cb37ab5e,2018-07-17
b170989c8ac091e327b7ce5b07e72f4d,102f564fbe8648d75733d8903cdcac2f,delivered,2017-12-11 23:18:12,2017-12-12 00:05:07,2017-12-22 15:28:55,2017-12-28 15:42:24,2018-01-04,f4951067ecd74d19acc4e6ecbe519258,2017-12-11
109f6898323e99a194948043ea99cdd8,b2db54577f76360c6fee00282c4fc10e,delivered,2017-06-05 14:30:00,2017-06-05 14:42:08,2017-06-08 12:46:48,2017-06-09 09:13:43,2017-06-19,f51fa7587d5a66e932a62559b501f25e,2017-06-05
2850436e0937a8f3408d9b9929a455dc,88bd3bf7091b8694cc99610181ffb91b,delivered,2018-04-27 16:58:21,2018-05-01 05:32:46,2018-05-02 14:37:00,2018-05-03 17:17:39,2018-05-11,f6efbf2bbe37844ff909ac229cca3cad,2018-04-27
f17c68f902fd50e36d9c37ccf4c85870,7f6a3aaafc26964ec75650f5b487de99,delivered,2017-11-27 20:47:54,2017-11-27 22:37:24,2017-11-29 17:12:38,2017-12-03 13:18:35,2017-12-18,01886ef98f995e4f2dd75a1d04c97397,2017-11-27
4faae91a65b5f993113cb0c78ca14a61,75f2aa057dcfd5d621262193e3db1d34,delivered,2017-12-04 17:48:47,2017-12-04 18:30:29,2017-12-07 18:18:53,2018-01-12 20:27:54,2018-01-12,dcee1e44ded6f1bfc5b4988d771243da,2017-12-04
11a9988a43e7b48ed7012619bc6720b3,13f03b81a68102e4ce9b666ea26b7ecb,delivered,2017-09-25 16:05:50,2017-09-26 03:49:29,2017-09-26 18:35:06,2017-09-28 23:00:15,2017-10-19,aa3a82e3a970842ab3cf0f56dc5a7f9d,2017-09-25
789eec4aa6c40d54f13b10fda63ed34e,9aba3f44aa5e37e14cb9a0a4ec14a1d9,delivered,2017-08-06 15:06:19,2017-08-06 15:43:06,2017-08-16 10:14:00,2017-08-21 19:15:18,2017-09-05,e71fa25e24cb44e39327fdc301c41a50,2017-08-06
79ad637a926169cb9163785096512c03,cde54701b36d75afdffb70b5e471f804,delivered,2017-07-24 16:11:34,2017-07-24 16:25:12,2017-07-26 14:32:53,2017-08-02 17:06:01,2017-08-24,a43e7f33f4690987638de094a4a50e93,2017-07-24
08d3b6ee17b7cb32e530f4488c3f6abf,1a954bbd169e7813291d468aff07267d,delivered,2018-07-27 14:32:05,2018-07-27 14:45:08,2018-07-31 14:47:00,2018-08-03 14:06:49,2018-08-10,a8e08d4f5f9bbf0b7834866de94b6aee,2018-07-27
f17562c57401466801e6a378f504a6d0,4dda91288c4169e5208ad102eb7f16d7,delivered,2017-10-10 16:27:48,2017-10-12 03:00:19,2017-10-19 18:25:46,2017-10-20 18:44:11,2017-10-23,e0a435b6106cae0bc42a2cef0565b622,2017-10-10
ec62b3973b3cc7a8d4d94daeb883b9d9,917d3161154899b08b3b1a58bd6637c7,delivered,2017-08-28 16:34:35,2017-08-30 02:10:19,2017-08-30 18:00:03,2017-09-04 19:57:35,2017-09-14,4fb28170158ccac4252f5d7572487bae,2017-08-28
2af130bb551b499de50516b1cd687d0c,3f3c8874a3892a68229b6a07ba06a0a2,delivered,2018-08-10 10:03:27,2018-08-10 10:15:16,2018-08-10 11:53:00,2018-08-21 16:51:02,2018-08-24,2e8448d6d72c0472ac0907e6ef487d5e,2018-08-10
1efcc6ba75b519535a510c53153a9256,27a878219114302047d41366ffeeba1e,delivered,2018-06-20 21:40:18,2018-06-20 22:20:21,2018-06-22 15:23:00,2018-06-26 20:06:25,2018-07-17,6cd62cc4c0a89fb414ae292c6da98efc,2018-06-20
48fe5083b6d757cea683f2f5f35e6703,04128fa0eb7d1b35ff952cfc5a0fa971,delivered,2017-08-27 10:26:05,2017-08-29 04:26:02,2017-09-04 19:39:13,2017-09-05 22:39:45,2017-09-11,713d710e9e78884aafe392f75e375a3e,2017-08-27
9244c5e7b61a5ec0c86191bb1a727ed2,59ba651277a43bd5a948a7613b731907,delivered,2018-07-22 11:56:07,2018-07-23 11:31:28,2018-07-23 13:53:00,2018-07-27 23:42:33,2018-08-09,a14b178930d5095e2beda5ffa0641e7a,2018-07-22
866aba819ecb20582614f90f9889da26,f4b4667587b2dfb3a171da98b30fedbc,delivered,2018-01-12 08:35:32,2018-01-12 08:47:58,2018-01-30 19:58:57,2018-02-07 14:58:32,2018-02-02,85ba309e8ae709906b9b7238fa09c167,2018-01-12
72ee7eb0e76d4ca92b2cbb5fbab792a5,545d5bb570b4c8a58357fcdbe124e0bb,delivered,2018-01-04 14:11:25,2018-01-04 14:28:20,2018-01-05 16:08:38,2018-01-16 20:51:32,2018-02-05,9a725eadefd5d52573de7df1c762b244,2018-01-04
a05d9f0572c423875de7dd4d2c24e34a,35a27dd031233d1d0f5080ef6d09198f,delivered,2018-03-03 18:15:25,2018-03-03 18:35:31,2018-03-06 17:51:57,2018-03-21 22:28:46,2018-03-21,fe337543e79895a128634d2f9d02dcab,2018-03-03
14e741c1e9b28bfb6dbfcd4f9910a0f2,c2c1acd921ffbfaa638922d1ce015711,delivered,2018-04-16 10:38:17,2018-04-16 10:51:01,2018-04-18 00:38:36,2018-04-27 17:42:02,2018-05-24,5c3a3f24b3489d655e3d993907d7e016,2018-04-16
7f126ce314da7b5c37034cc7b24873a5,4b9966a134d8d1dc47d327095a63ece9,delivered,2018-03-13 01:17:45,2018-03-15 03:15:51,2018-03-16 01:18:44,2018-03-16 17:27:33,2018-04-13,f588b3e8c3a92284c02a5f3b0728d987,2018-03-13
e47bfd40dd32463a27120cccaaf5aad9,2037fabeb61ec611127657814c6a8a00,delivered,2017-12-12 17:48:18,2017-12-12 18:10:46,2017-12-13 21:53:00,2017-12-19 13:48:50,2017-12-29,cb2d0feeee92a4f519b0c74f336dbc5e,2017-12-12
8a7c3a3a48dbc1c76fb4e7e5844d5584,5f3e50e8dc4c51b4bfafd5f7039a65c9,delivered,2018-07-25 13:00:01,2018-07-25 13:10:17,2018-08-14 14:39:00,2018-08-15 14:57:10,2018-08-16,77bef31f6f788d1649b8b918295c738c,2018-07-25
6768cb78210385f2578f95a1329fe903,3c278b64635e0f03e12d2dc862f49e72,delivered,2017-12-12 21:08:28,2017-12-12 21:31:16,2017-12-14 16:43:40,2018-01-04 17:09:58,2018-01-10,46dc9c11291e0d72c0f9cf45ff603de3,2017-12-12
05e52cc535bf067c2eb8337443ca0fc0,15a5a319296eccdc3073c103ab791b84,delivered,2017-05-21 16:55:28,2017-05-22 17:03:20,2017-05-23 12:08:05,2017-06-01 14:05:57,2017-06-26,ea220735eeeee3326ebc6dbe42e2a00a,2017-05-21
578e93018456eabf67495ce86d6e6315,bfb4818d76854787283fd72c7b5f84f8,delivered,2017-02-08 21:53:29,2017-02-08 22:05:14,2017-02-10 07:05:18,2017-02-21 08:13:55,2017-03-09,9f87499f6c7ccf05c3daa03d76bfdfc0,2017-02-08
46010c67bec146f0c9db27f42149c5d2,6929b4205121245fcddb29a451082a69,canceled,2017-05-30 11:43:14,2017-05-30 13:08:11,,,2017-06-26,54c7188c8d28bfcbb61c9bff1f713097,2017-05-30
f62eb25e3aa165fefd61b028961ced6b,c039cd6122748ec8473ee84299db469e,delivered,2018-05-14 08:18:21,2018-05-15 08:12:43,2018-05-15 12:37:00,2018-05-21 20:09:52,2018-06-07,387020c0200a6fcf461bff9f8ce28709,2018-05-14
631e74e14da293fc4c6a8f02253aac6e,12ea59d011e70de7c80a1c8078036a11,delivered,2018-08-26 11:23:04,2018-08-26 11:35:19,2018-08-27 15:33:00,2018-08-31 03:11:38,2018-09-13,69438114b54f18813004b8a6249b19e7,2018-08-26
ebdaf57f968f138db2203c944dafd49a,01287ad2456ffbd365f2e955dbbcebc7,delivered,2017-09-11 19:54:38,2017-09-13 03:36:05,2017-09-21 15:59:22,2017-09-27 17:15:40,2017-09-28,27d873fe972585d1c6feb87449bf91bc,2017-09-11
3388fa275fc1b344e275af704e8d3156,6da78d4e5ce1e5cefc6974eeb54563f8,canceled,2017-12-11 09:25:26,2017-12-11 09:33:21,,,2017-12-28,4bacd0426f63fae437e148380f9758cb,2017-12-11
ede7067a4e876ebdf35794ae96c23876,8eb0e0af25f96786aee5d91f687443e9,delivered,2018-04-09 09:05:42,2018-04-09 09:30:41,2018-04-09 20:08:49,2018-04-10 12:34:31,2018-04-30,66951b8401481a66d313297612f09a0a,2018-04-09
932e09a4eba5fe1c7b8333f5b0d83d99,f0b52c0c57960c784ea298c65ec826d6,delivered,2018-06-12 19:14:34,2018-06-12 19:46:07,2018-06-13 15:16:00,2018-06-14 19:21:55,2018-06-21,708e931f4d6fcccd3b95cc42b4da7d29,2018-06-12
0978a75c5390506e56614f327e7fa342,0a11e66468367c652e30429655d26fc5,delivered,2017-05-26 16:33:34,2017-05-26 16:45:16,2017-06-01 16:52:12,2017-06-05 09:17:44,2017-06-20,8f4b59315f664705fdf746a775cbab63,2017-05-26
8ed33ce2fa4294f5f8d8967467a26b23,afe9351b7f4c24f7a4fd4f621681be02,delivered,2018-03-29 12:41:26,2018-03-29 12:56:03,2018-04-04 19:58:41,2018-04-05 21:04:11,2018-04-11,9f3495fec7de50e7f0e31d3f1ed3c526,2018-03-29
7b177fcb9ffb753496f019d4ca317479,deb908d63b07cd65667ac2e526243abf,delivered,2017-02-04 07:58:07,2017-02-04 08:10:08,2017-02-21 13:56:18,2017-03-07 13:16:19,2017-03-31,75ff587e87e047a7e00f75bbcab17c00,2017-02-04
117c312b89fc4ef46fca3f4b0c53829b,bdb8bc0a87a7105abf20423b8a616104,delivered,2018-01-20 16:40:34,2018-01-20 17:01:07,2018-01-22 20:05:05,2018-01-23 16:26:47,2018-02-06,1916c444ed999688e2ce7e4ca7fa46dd,2018-01-20
695eed4f6656d10f32a49760523169de,a11b36966cf39cc44a686c7c6a085375,delivered,2017-02-14 19:54:06,2017-02-14 20:05:12,2017-03-13 15:31:32,2017-03-22 04:04:15,2017-03-13,eba231172aaf34a3cd4094bd11dcad08,2017-02-14
e5ddbd23174123100cd4e3eb36be5b2b,27b24ce83b670fb79213398c6944d09f,delivered,2017-09-23 21:26:33,2017-09-26 03:35:42,2017-09-26 19:12:22,2017-09-29 23:32:19,2017-10-17,8ba5855aea8e890fbb5c1bf3f5fd8d31,2017-09-23
b91b89682b68b44b95f65cd872c65b59,2af7929f6d6289798a0836e5b350d77f,delivered,2017-10-24 23:12:43,2017-10-24 23:28:09,2017-10-26 20:52:46,2017-10-30 20:45:52,2017-11-28,91ad1af55cedd0a91681650a7eb30837,2017-10-24
7aa50aad959e4345b45b9732bc346a6e,f0426deff141dffab4da4832186f4a36,delivered,2017-03-01 02:16:01,2017-03-02 04:03:43,2017-03-03 14:01:24,2017-03-06 15:34:28,2017-03-28,12072fd221c97ff598515f5a8b94d08e,2017-03-01
16292a9c0445a1d618c28b154f1a6fbe,94b0aab2e79d1fba20520b2cef320dc5,delivered,2018-05-31 13:18:45,2018-05-31 13:35:19,2018-06-12 13:53:00,2018-06-22 01:05:59,2018-07-11,134966dc47d2dd9329d09a427c5c6b21,2018-05-31
3dcab1487bcd1dbcc6c968fdfe0511fb,fbbd7759305c446d285fa335394e4809,delivered,2018-02-04 21:19:44,2018-02-04 21:35:23,2018-02-05 21:33:42,2018-02-06 15:42:58,2018-03-01,1aa85e14d63e3f290326d01b5f1b106b,2018-02-04
24197cf765af52797f30b528ab2af7ea,5d83fb6702300aee684f3e30a1682754,delivered,2017-03-31 16:18:40,2017-03-31 16:30:16,2017-04-03 09:41:33,2017-04-06 14:54:32,2017-04-20,b8649db3230d11e3747b83a461aabb62,2017-03-31
f9721d8a3f37d470af43db1d74cc9f78,9ac5e9b962006e33f3ec6d079b721b1e,delivered,2017-10-08 21:40:15,2017-10-08 21:49:28,2017-10-09 17:54:54,2017-10-18 23:08:53,2017-10-31,275d99f8548f195d6c56c0240703b783,2017-10-08
9c9e682bee9157ebdd3875801b35e626,64c576ffa455a2dbeb018c35fc167916,delivered,2017-05-11 14:47:29,2017-05-11 14:55:19,2017-05-12 10:41:18,2017-05-15 06:53:47,2017-05-19,deff2c7ac22cbeadd688e67271ba57ba,2017-05-11
54359cee0d9645cef070695ce5539d7c,b388b2797830d21dcad966b748af7a9a,delivered,2017-11-25 00:32:14,2017-11-25 02:52:55,2017-11-30 18:53:48,2017-12-03 11:09:03,2017-12-11,d6596b360d7098e1fc0eacf0711cfab8,2017-11-25
b94d017913e0b697201de9ec22c23f46,cf48656f8158483ef39e8c31b49d7033,delivered,2018-08-16 10:11:23,2018-08-17 03:31:08,2018-08-17 14:50:00,2018-08-20 19:54:35,2018-08-22,2ec53a1b618762c17d71cba7442ad27e,2018-08-16
01422b2c3c27fa3bc464e72eaed9676b,f864bce0fe28292472d76696b4c4639d,delivered,2018-04-09 10:11:17,2018-04-09 10:30:30,2018-04-09 23:36:54,2018-04-19 00:41:22,2018-05-03,bb81df0a218bab2667f272adf597a188,2018-04-09
114cc5b2956361cfc8f63709a9e453d7,106f1678c5c49be2647e906dde7dbd71,delivered,2017-05-06 12:16:19,2017-05-06 13:01:37,2017-05-09 15:17:25,2017-05-18 12:27:50,2017-05-29,9e22c659d0383dfce29dd8008e577b1f,2017-05-06
cc5a504c7761122bceafca452e63c2de,dde349ab91bfc0a8136adadc4d994d5c,delivered,2017-09-16 12:08:34,2017-09-16 12:24:23,2017-09-18 19:42:05,2017-09-27 13:06:41,2017-10-17,0a4a27582bac544f8c49b08bb4da0207,2017-09-16
35011b1b3211ea7c58a699e4b8bfe93d,9c9da709db4d73a4b732e11026252c3c,delivered,2017-06-22 15:00:45,2017-06-22 15:10:20,2017-06-26 15:39:44,2017-07-03 16:54:58,2017-07-05,0c45dff0741b5a083effb76c24e8c3bd,2017-06-22
e7491f08b57bef17828a270bbf0354bd,e3073ba30dd23de0248225e53d120b08,delivered,2018-03-15 13:14:27,2018-03-15 15:29:26,2018-03-20 18:16:43,2018-03-27 02:16:33,2018-04-03,07acf04e437284134458cd177b0e73b8,2018-03-15
69644a0087c6fefeb4f90eeadc03e80e,7eb4dea79d49dbcba6ff501c2d408774,delivered,2018-03-18 09:30:05,2018-03-18 09:47:54,2018-03-19 22:41:54,2018-03-23 03:33:20,2018-04-16,6e0e92be4298dc2648e96d67d4a44c96,2018-03-18
ba09602fc04f661e829787eb7ac331e7,ca78e91b282bb706105233eb5762441d,delivered,2017-04-11 14:27:51,2017-04-11 14:42:32,2017-04-13 11:22:33,2017-04-19 11:10:39,2017-05-05,e65862da4f9f183565831cf7e1cbb7a5,2017-04-11
44c279ea1dfb53fe8e70511726cddece,d60f34d94e5b6efff0551f21abbd191e,delivered,2017-07-12 11:49:20,2017-07-14 02:26:08,2017-07-17 18:32:20,2017-07-27 19:23:42,2017-08-03,e66418bf851302ea9fa40de89d719cf6,2017-07-12
3282bc9c548b4d233a43f5c6d96fade8,da9c8d08ff43e0e3f90bdb93eaded55f,delivered,2018-01-23 09:36:08,2018-01-23 09:52:16,2018-01-24 12:52:51,2018-01-27 12:23:06,2018-02-19,5fcd606cdcc2c5994b9c80240d683ab9,2018-01-23
507884ae55f4e205891f59bf60e22b71,0d71c0379d76db8625afcb70e9a1e519,delivered,2018-03-07 09:16:05,2018-03-07 09:30:35,2018-03-09 23:08:26,2018-03-12 21:04:37,2018-03-19,8a226399ecdddb730d06751dee2614f0,2018-03-07
9406240a4e41945ba492020a2702f757,8b11a6a651a679c460d857345bb7dade,delivered,2018-02-27 10:55:44,2018-02-27 11:09:56,2018-02-27 23:56:46,2018-03-13 21:32:23,2018-03-29,b2bd387fdc3cf05931f0f897d607dc88,2018-02-27
e077480e5c55c37d64833e295eab9b3b,d9ea749aa16d62d68ba87384a95091cc,delivered,2017-07-21 15:24:08,2017-07-21 16:05:34,2017-07-26 10:34:52,2017-07-28 18:22:39,2017-08-10,20bbae82efe96e75bf01f68f8ee437ed,2017-07-21
7c2a808149a46c168db73bc877f73cb8,ed6b560e8ba78cdb7670a08005b61f85,delivered,2017-06-23 11:17:39,2017-06-23 11:30:19,2017-06-27 16:04:20,2017-07-07 19:49:37,2017-07-20,4577dcc0cecf8e2b0f712ed4af103da7,2017-06-23
7ba156322cab03ab9b1d3ecc8cd31d33,c2a9cd46541874a32b92b152f093c098,delivered,2017-08-28 19:01:06,2017-08-30 06:44:53,2017-09-04 21:25:54,2017-09-12 17:55:33,2017-10-02,0de8fca815c152cde2197d1f7e191f75,2017-08-28
64fdcfcc36e4054c0854fc86a7415de5,16f982c42f0e5baa7b9763bf266ecf1e,delivered,2017-05-07 12:08:13,2017-05-09 09:30:29,2017-05-09 11:29:49,2017-05-22 12:40:09,2017-06-02,2738af56a279cc7301fee8cfd6dcfdc9,2017-05-07
182fb1824c0cd548ce120c6108630e37,53e36864f1b9213f02300d3ca6c72523,delivered,2018-02-01 15:20:40,2018-02-01 15:35:15,2018-02-05 12:42:37,2018-02-20 20:42:34,2018-03-06,ac3c7067a82f6ecca81065c90fdb932d,2018-02-01
3c49ac24936ce58ff09050d9878c2130,e92cab1b223966170902cdc2fab8c41c,delivered,2018-08-16 01:10:07,2018-08-16 01:25:14,2018-08-16 08:52:00,2018-08-17 18:02:29,2018-08-30,67d10e7cba2463af38fed39867efcc85,2018-08-16
dcb29bfbbef4b1df25a15c4e182e8dd4,ee393ae9eb936e1c6b67cf63937a1c19,delivered,2018-07-18 09:37:45,2018-07-19 09:30:20,2018-07-19 13:05:00,2018-07-26 20:59:44,2018-08-06,04a7a56a0a465fcbd3396bd3626a803e,2018-07-18
3a554e98b0dc0cef33a8df6e1b687a04,533271407b61719b4d9ab43efb207650,delivered,2018-06-07 10:43:15,2018-06-07 11:15:45,2018-06-11 19:10:00,2018-06-12 22:18:23,2018-07-04,47ab1ba0f4339a245d86e2b3783efd91,2018-06-07
9bc38db4ef1d6f4fd1844e03b30b843e,edb1c5c35746b4a1d65ad8a98fa84570,delivered,2017-12-04 13:44:44,2017-12-04 16:47:31,2017-12-06 20:57:30,2017-12-08 23:34:16,2017-12-21,b012fc925ed2691641a07ec86d2e9805,2017-12-04
53183a96aacc31f11503c049f49905a3,67260c60edf9d4c22831ad47718a0e5e,delivered,2017-12-04 12:42:38,2017-12-04 16:33:37,2017-12-06 00:57:09,2017-12-24 14:58:31,2018-01-02,53066992dc890a9e51efb554c5bbcbf5,2017-12-04
d7adae346e57bdec9293128a1130a183,1edfcdc4a172cc6fc9e97a8e42ca5071,delivered,2017-02-06 16:00:46,2017-02-08 03:23:20,2017-02-13 16:13:05,2017-03-02 15:15:26,2017-03-20,1dcd5235c92f74a05c76b538ca7e7d62,2017-02-06
ee7e0b3ff2c214d195f4dc6f9ae0d060,b4ba976c2d0a72877d597f4344c7513f,delivered,2017-11-03 09:26:13,2017-11-03 09:45:28,2017-11-06 22:10:46,2017-11-13 22:32:31,2017-12-04,1e3a18d52c7ff0af7a6f8ff80bafc907,2017-11-03
d06353378a1ff1ae9d69e21e97c78906,d58f01135270a218552f603d0ea56103,delivered,2018-07-04 09:16:49,2018-07-05 16:33:24,2018-07-06 08:30:00,2018-07-12 17:34:49,2018-08-01,d450123d66ab9f1aefda832b70a33a3f,2018-07-04
a0cedd10b5dd769809832f5b1cfddeaa,91e4d048963e92e24b9376fdb5fd421a,delivered,2017-05-16 19:55:13,2017-05-16 20:05:24,2017-05-17 10:21:14,2017-05-21 10:47:58,2017-05-29,3ac79816070e2d3f926cb7fdc18b8e01,2017-05-16
ceb00469647175837056a5f7104b5fa6,f88328e12496a0c34f6d208a280f3b3f,delivered,2018-06-08 18:52:13,2018-06-08 20:43:59,2018-06-11 14:54:00,2018-06-14 16:21:45,2018-06-21,db76627ce1965004b6a177ce17343e91,2018-06-08
560cd8ba09ed1425cee6fec9ded348cb,b533bfd5e9b9ae57a20ba6fc4bece106,delivered,2017-11-30 13:30:58,2017-11-30 13:56:30,2017-12-04 23:03:34,2017-12-16 00:38:52,2017-12-26,194a20432d8509f2fd3d6056cc2dce4c,2017-11-30
12767fe9ec8d9dcab0b972043cffb8d3,08fee29b9ac63d1bf53d160c88714bb1,delivered,2017-10-10 19:11:18,2017-10-10 19:28:50,2017-10-11 18:22:30,2017-10-14 17:58:30,2017-10-23,75501360bec8e69075922065568121d4,2017-10-10
d4ff9293d6a76a8bcc5fc1fbbbda35e5,ef1192e27b5de61a028229cd14aec176,delivered,2018-04-11 00:10:07,2018-04-11 00:31:47,2018-04-11 23:04:57,2018-04-16 20:43:35,2018-05-07,d35272eef2f7566102989e34b13225a7,2018-04-11
c6326ae8b5f5ff46ff030d8bba995cb7,a99b14b9f830058b2f3b5dad85b43559,delivered,2017-02-25 08:39:09,2017-02-25 08:50:11,2017-03-01 08:22:27,2017-03-03 08:53:58,2017-03-24,4def5852dc14df120c88434d762623e1,2017-02-25
f942f4561527e662c38b37acfc493464,5668bcba2e56a2b470fb15e7bdd92021,delivered,2018-02-26 10:13:23,2018-02-26 10:32:26,2018-02-26 20:22:56,2018-03-04 15:22:54,2018-03-16,d2aa010940681745d17dd064b4e39808,2018-02-26
f6974499820661b92dd1922750d6f0d0,2b2d33994e74b6958e20bae94221c036,delivered,2017-09-09 17:13:09,2017-09-10 17:23:39,2017-09-11 21:46:53,2017-09-12 18:11:12,2017-09-21,606a5bf59d47222df4bc2c3518dbbeb7,2017-09-09
74ce493078c5a7c96f4854875b85581d,fdce567416b7b96de1c0621e6a88a7d3,delivered,2017-09-10 10:49:33,2017-09-10 11:03:28,2017-09-12 15:36:54,2017-09-14 22:05:33,2017-09-27,8ecde9a39b424927b423852dfb2c1d47,2017-09-10
32c028ae9ea23ed2b32e239ed6b672ee,8144d579d4e4aeb84033488716fcea97,delivered,2018-04-01 18:27:04,2018-04-02 18:29:56,2018-04-05 00:57:23,2018-04-05 17:18:39,2018-04-12,f461abe0caf9492f5c00ca3d1b39be41,2018-04-01
5d5d392da798eba40e212a051377510a,4173be7a55f2bb64ffa1cf94e6a96bf3,delivered,2018-08-13 20:25:15,2018-08-13 20:44:26,2018-08-21 14:14:00,2018-08-25 16:58:28,2018-09-14,0a7286b94906c271a4403cf16cafeb96,2018-08-13
bab98c05fd4887a8b9f9bfae0fa0ac3f,8820a10be480ab58c6cccaaeb887c15b,delivered,2017-08-25 11:49:25,2017-08-25 12:04:46,2017-08-29 16:58:12,2017-09-04 18:55:33,2017-09-19,fd92f269caf698d36cdf0f6d5ed4685d,2017-08-25
a9f74494ac9e8a4bf8aa69188be50c97,4bd7d9bda2306bd1bea06503212e6aba,delivered,2018-01-18 22:23:16,2018-01-18 22:37:16,2018-01-19 22:58:01,2018-01-22 18:33:03,2018-02-05,4871682afc3f9da583f0131dfddc60ed,2018-01-18
d1f4276166cee5a37d01beb15e2426fc,4eadcffca4cbd545ee337b830acd0b6d,canceled,2018-02-26 06:37:45,2018-02-27 04:30:59,,,2018-03-12,e98bdc1c38e484a648ab98880a509aa6,2018-02-26
d4005327f11da579bc626fa9c21518f3,da1f894df056e60dd4853cce505a13fc,delivered,2018-03-23 16:08:25,2018-03-27 04:08:34,2018-03-29 22:38:37,2018-04-15 16:51:46,2018-04-12,c1ed3accba08c7e77f2af9804859b076,2018-03-23
0eddcb4ff71cbdcd60daa73534248d92,dd8f0b8565c4c31e908402ef0885e4c8,delivered,2018-05-18 20:50:46,2018-05-22 08:33:42,2018-05-22 13:28:00,2018-05-23 22:58:19,2018-05-30,9a452a6fd0514723425df4b8e4747a5e,2018-05-18
ef1fd60487d3a1c1bb971b4e46ca6271,fe33c34eacec600bf102a2cec69327bd,delivered,2017-05-31 17:45:37,2017-05-31 18:02:28,2017-06-07 16:58:53,2017-06-08 08:42:42,2017-06-13,bed57bf20795aa0f8870973460381d7a,2017-05-31
5495e34062773c6ae356fda1b241901b,ab6c37442d76cc4a7f3da53183720e43,delivered,2018-05-08 10:52:16,2018-05-08 11:09:49,2018-05-11 14:38:00,2018-05-18 00:12:57,2018-05-25,b5ac1f1403859651fe2aa0d02711fc09,2018-05-08
a9c6522843143edb2599748ae6aef2ea,56283bef437a7c418696a496c73b9a89,delivered,2018-06-21 14:31:17,2018-06-21 14:59:57,2018-06-29 15:24:00,2018-07-06 18:44:37,2018-07-31,fdff48999033a0be912926b6a4232680,2018-06-21
26285799693768c960e1c2c70e017654,bf88f522fe7bc3e2f0d89a24b73b7626,delivered,2017-09-27 18:47:40,2017-09-28 02:56:15,2017-09-29 20:29:51,2017-10-09 21:57:50,2017-10-25,8c39d11226fe6e71cbf5f11484c15ccc,2017-09-27
20cebe1097b0f1c09cc5f22570566d1a,4264cfb1465f313419a9c2dad9e511d8,delivered,2018-02-04 23:32:38,2018-02-04 23:49:50,2018-02-05 16:42:15,2018-02-27 20:47:57,2018-03-09,120fea94e5d7c2df66150b475a07ff2c,2018-02-04
57cf6eb1706dddd95bd2f102339400a1,507bd98ffee3ec255833c4233bccfb5b,delivered,2017-08-28 17:01:45,2017-08-29 05:32:16,2017-08-29 19:51:24,2017-09-02 13:28:13,2017-09-15,273ccb8d8296ab3f9aa5cc8d37784123,2017-08-28
1e694578c3bfb0d61227a5261822af1b,53ab1397818d9580f807df23f41084d6,delivered,2018-03-29 08:51:58,2018-03-29 09:07:42,2018-03-29 20:08:42,2018-04-13 16:44:25,2018-04-27,5f09cc197ad040a8a8007a669eaaf45c,2018-03-29
6a3d65da103828be4fcd1d381ff863e4,8805608b298001962c13dfa81a96229f,delivered,2017-04-04 22:28:42,2017-04-04 22:42:27,2017-04-10 13:35:46,2017-04-17 14:55:14,2017-05-03,4700fb5c5be4d27d6bed7cb5185e6c48,2017-04-04
61d158e103c596593eb48b325c8fe035,fd3b44dd13dab141361b58172c65b84d,delivered,2017-11-26 01:04:33,2017-11-26 01:13:22,2017-11-30 13:38:22,2017-12-28 21:12:56,2018-01-03,f8cc76040ce7f952d1a4b4ff8af43d61,2017-11-26
9ccbbf2108a513e80caafbde31524683,1274bc4ae8d810e5ac7da7a8df2690db,delivered,2018-02-23 16:03:19,2018-02-23 16:15:32,2018-02-27 00:33:35,2018-03-06 01:42:20,2018-03-21,2fc793a35097875f735d9d9605148f9a,2018-02-23
5f0d307ca60a8b9329b9e6ea49a17190,5b743ffbe37cb532ea15866fd0e5d572,delivered,2017-01-30 15:44:00,2017-02-01 04:35:12,2017-02-02 10:06:00,2017-02-13 18:25:42,2017-03-22,f4d1ea62b8dc58a9fe1bd141080d624d,2017-01-30
83ef226cf3b661d1cc190b0a983e2619,a5cddf2c05cdef8335fc89d9dccceab7,delivered,2017-11-24 11:08:53,2017-11-24 13:57:36,2017-11-27 19:18:14,2017-11-30 23:28:32,2017-12-19,eaa5d6d49e2ac371ecd55efddfeaf4e2,2017-11-24
fda462df0b5a0cf1f8316eabeb9525b5,6e4240128fc3c9e110f429b72a92822f,delivered,2018-04-25 09:28:02,2018-04-25 09:35:31,2018-05-02 14:51:00,2018-05-03 18:48:23,2018-05-09,6d1169485cdd4e5d84501d6f6241bdea,2018-04-25
1996623a04f4179e755f57dbcb67d5b3,df04a2262d2069204573b761b298526a,delivered,2018-05-07 17:39:18,2018-05-07 18:10:41,2018-05-08 13:04:00,2018-05-14 16:12:47,2018-05-22,e2efa5605a52871729a185616aadc6e8,2018-05-07
c1a5798b5aeecb07fef65a224caab385,4254ed4fe146233db997e3f4ba6d8183,delivered,2018-01-30 15:24:11,2018-01-30 15:35:37,2018-02-03 00:22:48,2018-02-06 13:44:38,2018-02-15,6836229709adeb6228f0e4397933975f,2018-01-30
442f0e41adb26151ced75873822b96c6,1f12e0cb311968524fae60d08bc8c265,delivered,2018-05-31 09:30:16,2018-05-31 09:51:08,2018-06-01 11:20:00,2018-06-13 17:24:26,2018-07-05,04dc693818a94b104356b6a89197fedb,2018-05-31
3aa779fc4b813797c16ac4f02fe808ec,8d17a0679312b6c68213eb0c197b3c48,delivered,2017-01-13 22:21:41,2017-01-13 22:30:11,2017-01-16 14:22:07,2017-01-26 12:24:38,2017-03-01,d4ec1db68ee6fafe0ce4293bdf2c1b4a,2017-01-13
556c0a42a8e9e57a6e411701908f0fd3,caf48213c41ea6497001587eb1456a4d,delivered,2018-07-09 03:40:22,2018-07-09 03:50:07,2018-07-18 15:04:00,2018-07-23 13:08:31,2018-07-27,44a54d4f93db984a4977dddf28224d82,2018-07-09
34ae480fe2cec3fa921d33b72b32572a,696519087c698748e61374ff4f3f2624,delivered,2018-08-17 11:15:25,2018-08-18 02:50:04,2018-08-20 15:54:00,2018-08-27 18:07:35,2018-09-24,b02bd9f01b3253917bc4d51b022f1cad,2018-08-17
0110688c40ff035d672af3aac1f38f10,f66684cd226d7d5cbbc43491ac08390a,delivered,2018-02-01 14:20:22,2018-02-01 14:35:32,2018-02-02 20:03:15,2018-02-27 23:34:13,2018-03-01,f724ca9c02bd1befd3b12acce13f45fa,2018-02-01
a512132380fbd3ae24feca8ee9512efa,3a9686af66e7ba1291b19d2e41d584ce,delivered,2017-11-05 10:22:05,2017-11-05 10:30:32,2017-11-08 19:11:31,2017-11-21 14:42:21,2017-12-04,c85df1c6ef6f7bb605e1c49d34f172ee,2017-11-05
3637d99e5d76dd27c46e8c423c4c58c9,42367ae6454e6a4acf379215806a9957,delivered,2018-04-15 18:38:05,2018-04-15 18:50:59,2018-04-17 14:32:56,2018-04-26 13:03:02,2018-05-09,dc2a9dbfdaf29cf29273bd7192432656,2018-04-15
0de4d95a869f06b9c637cb46e463d261,0ecbac9608e740d7d0a60756a0c4e8f1,delivered,2018-05-23 15:57:28,2018-05-24 09:39:46,2018-05-25 11:13:00,2018-06-05 19:54:38,2018-06-21,4dc331b70d624ca01f9fb5df8dad37b5,2018-05-23
f7d991e51703014752000a5a1dabc152,69ce5cae4fcba2d8952984eed57c7c02,delivered,2018-07-25 08:56:28,2018-07-25 22:30:21,2018-08-15 15:41:00,2018-08-24 20:59:02,2018-09-05,d8ca4d497a10dc7e022fdfdb4b0a4ab6,2018-07-25
dddfec61fb1cf6bbba0c10703db126ae,e735c49ded59e8315bb578c4663e6b56,delivered,2017-12-26 13:53:29,2017-12-26 14:08:47,2017-12-27 23:07:23,2018-01-10 20:28:50,2018-01-23,0909a00079669e28cff0aa9885d772db,2017-12-26
e158d5c24705aa1915440227823e4573,db8ffe8f3248ea6b4fc7c6ca1d9481fa,delivered,2017-08-02 20:30:31,2017-08-02 20:45:15,2017-08-03 13:33:56,2017-08-10 20:18:39,2017-08-24,568673ad2cefd34104775f421b9f3e4a,2017-08-02
4c5db134eb6b1acaccc406e82f34b09f,357c3f43a28dfb459f87e0ddd599f0bb,delivered,2018-01-26 01:08:39,2018-01-26 01:19:23,2018-02-07 16:52:49,2018-02-16 21:25:10,2018-03-13,4bee7af3f0e6bea62646a18d6d87d86d,2018-01-26
ae5956d043fe24a8f03be1b0a327621f,cfd454834198153cde18325c94106b81,delivered,2018-06-14 22:09:26,2018-06-15 09:37:53,2018-06-15 14:07:00,2018-07-05 22:48:23,2018-07-13,12b4a9bacfe42fe4e577138bc6df6c57,2018-06-14
31593a3048f6d0e061a4101a6e5fe24f,b6623d5bf68c77aaaa0033d082ef2e96,delivered,2017-10-05 09:53:37,2017-10-05 10:07:21,2017-10-05 17:49:01,2017-10-16 19:15:44,2017-11-03,598219425972fccc56733fc7919793a6,2017-10-05
2ba2becdde8cc656098cdc16496a90c6,a90e9e085253a28c9206dc0580944a06,delivered,2018-02-21 20:55:23,2018-02-23 02:31:04,2018-02-24 01:18:37,2018-04-13 21:54:28,2018-03-15,b8c5ccc844de0242c85efacf5b6a51da,2018-02-21
6e821c1f2504ac8ae2e154ab1e4f933e,f6191786cb5b551812e61a8c45ba8a44,delivered,2017-09-06 10:54:12,2017-09-12 07:35:19,2017-09-12 20:32:24,2017-09-26 18:07:35,2017-09-29,8d2ac331a29d2be880cfd7eb3448b889,2017-09-06
90352487a09548f7ab71f4b1cedcf818,2ecde8027255d1d2be3a6df838cded70,delivered,2018-03-06 10:19:27,2018-03-07 02:15:53,2018-03-07 22:43:03,2018-03-21 01:28:28,2018-03-22,3c8f5ac25df2467f93f47c28b55750fa,2018-03-06
40789dad22231468ebb1cc58cc892d6b,683c9c1fe268212d92bf51fa976d136a,delivered,2017-10-07 23:05:39,2017-10-07 23:14:25,2017-10-09 19:30:17,2017-10-16 19:52:45,2017-10-31,74e47c7359894ed69d32ce004a3ebd2f,2017-10-07
015975a1ff4fdab8ae6f42eaaffd39fb,5f3f5e9d45914b3cecccafe39f3f3028,delivered,2018-01-09 20:58:34,2018-01-10 10:32:12,2018-01-15 16:42:02,2018-02-02 18:51:52,2018-02-20,2d14556024f4bbe01f147576097c42fe,2018-01-09
b5a5f8ac4bb761fbe9b16518c8107543,da13ef53fdf32f2f00c598010e003e87,invoiced,2017-11-28 14:39:06,2017-11-28 15:06:42,,,2018-01-03,3f38641e3d1ee1333527be639a7da4f6,2017-11-28
d14f47d31b1e3717cd25c3876b276523,d95a7bb0052789198699953acc4c64ce,delivered,2018-07-19 20:21:23,2018-07-19 20:30:16,2018-07-23 14:30:00,2018-07-28 19:21:51,2018-08-10,fd5dccfca02c87ef9fce6de127ee2bb4,2018-07-19
6fc7f8b453f5c366762afbf392ef9b37,b0731302b2c38aa2a3846e95b4e0e7a8,delivered,2018-07-03 18:18:28,2018-07-05 16:07:14,2018-07-16 09:35:00,2018-07-27 16:29:27,2018-08-03,b7c2260b3edf797ec378ac3c0f3bd586,2018-07-03
3be113c6f46b175e08325d580637fa4a,fea395b0430e0a53e6981c8e13179c48,delivered,2018-08-17 08:57:16,2018-08-17 09:10:13,2018-08-20 13:40:00,2018-08-21 21:03:18,2018-08-24,59352112760f13affef9511f77f9fd9d,2018-08-17
338f1fcf8a4a0adce13c69c7c8a342bf,569c1a1374856d156162de1421ad9f59,delivered,2017-11-24 10:48:36,2017-11-24 12:32:48,2017-11-28 00:05:08,2017-11-30 21:52:58,2017-12-08,7c2c6831120f7c1aeea02c264e7012c3,2017-11-24
8568864766afc1fb05611b15e7f7f83e,406300dc1b41b134fd12bedb592bd894,delivered,2017-11-06 21:32:10,2017-11-07 05:31:35,2017-11-07 18:57:37,2017-11-23 18:26:58,2017-12-11,7b4d9a68fc8cb79d8bc35bed1d4d9ed5,2017-11-06
8eac09785112ead8f11813bff461fa91,ab4d83dd19d7e9c82d5b9aa764685a1a,delivered,2018-04-19 15:43:08,2018-04-19 15:55:18,2018-04-25 02:24:28,2018-04-27 20:38:44,2018-05-14,3e36afbf5d9f5e833d612294f376526d,2018-04-19
785ceb77eb42e247a85b8e65c7724ac8,ae83036a02bba05dd6b35f2d1b236b97,delivered,2018-05-30 22:30:34,2018-05-30 22:55:25,2018-06-04 06:21:00,2018-06-18 18:12:02,2018-07-11,0ce2692ac65d393485ae01cf8261c9d2,2018-05-30
7ada2c142f3ce316bba23245026e5807,575ad488a2bd96a02ed94e13da1baa2c,delivered,2018-06-19 11:21:56,2018-06-19 11:35:24,2018-06-20 14:10:00,2018-06-21 18:28:47,2018-06-29,e2efc8789a542957151241b924fe544a,2018-06-19
bb07507a35cae0089d4c6d94ed9476ca,21ff3e20f59960be865825e412190684,delivered,2017-07-18 15:49:25,2017-07-18 16:03:42,2017-07-20 13:13:25,2017-08-03 20:03:59,2017-08-11,9e1a43ff4b344d86253ffc4afe5fb870,2017-07-18
4f887591abea8a000c18b3837a1f505f,ec0f3f17fefb4dbf276256fc07115b18,delivered,2018-06-22 18:34:49,2018-06-22 18:58:20,2018-06-25 17:50:00,2018-06-29 19:52:31,2018-07-16,9597ede386d3c38d9359b7a40705fb9c,2018-06-22
6ed2b496c2636a4506578ba1ff462672,29f6bd1b03efb0a649ed019fc4157ca3,delivered,2018-05-13 14:25:24,2018-05-13 14:35:23,2018-05-18 14:11:00,2018-06-06 22:18:57,2018-06-07,38cc05595095af995bdea5dd21cdac48,2018-05-13
708e29e2e9ba7ec969db5cf4cf84e9fd,a052a810841e4bf122808475ee9c4ca0,delivered,2018-05-05 21:11:24,2018-05-07 17:29:58,2018-05-08 13:57:00,2018-05-15 20:10:53,2018-06-08,a3946fc31434b6fb6ac26f52a2b5d107,2018-05-05
64c62ba0c1c347994fbc56da00ce2dae,60d76c8b07dee343a0916bbc6ca1d6f9,delivered,2017-03-16 11:41:41,2017-03-16 11:41:41,2017-03-21 15:54:30,2017-04-10 10:33:02,2017-04-04,31d93d58bb9db4942b13135a914733a7,2017-03-16
931eb9b18a6471d1f635ff15fcbde0ca,0574cae13bbc7aa1bf0ea2f16ebc138f,delivered,2018-05-16 11:50:30,2018-05-16 12:13:46,2018-05-21 08:52:00,2018-05-22 17:52:21,2018-06-04,bccf4ab3959cdc57e57b10e7cf35c5aa,2018-05-16
8e210b98003eece014e3e650fc111c72,ccace14c820966d438707dc902d208f7,delivered,2018-01-14 18:05:37,2018-01-16 03:40:17,2018-01-19 22:26:24,2018-02-14 17:22:51,2018-02-14,d18801986f1018abdb3cba0470a6b9a6,2018-01-14
65b76eab1b7bef2a037efa6611e3b021,59c3542c299825b59916fc5f4a59799a,delivered,2018-06-20 21:24:50,2018-06-20 21:38:28,2018-06-25 13:31:00,2018-07-03 20:10:14,2018-07-20,a7924ad9a906d30a620f8ab92609df47,2018-06-20
a8d0b508b8328e380a5bf1ddc810b911,bd9dab220a858d41057ab2a01737851e,delivered,2017-10-24 11:17:01,2017-10-25 15:27:38,2017-10-26 17:13:28,2017-11-10 12:55:32,2017-11-29,f27c05c74dfcba909a9b8c31e0fe4eb9,2017-10-24
edaa372913b1dc07209e39b2f15f605c,d4016388ffade93a5b1fbcd19803e107,delivered,2018-07-03 08:54:06,2018-07-05 16:40:34,2018-07-04 11:28:00,2018-07-10 16:56:45,2018-07-31,13073ea0130f0628f46327884eced47c,2018-07-03
35b8e54d765e6b217e2dc5ab34f6b323,1aaa5eaa9dd9bafb385aadc1930ef8e4,invoiced,2016-10-06 12:23:07,2016-10-07 03:10:10,,,2016-11-30,854e546b53f9b86fecc634f1cc7587cb,2016-10-06
143b864e7d873503cfa334367580b6b7,dcaa7435fbdd07d674a8ea6269f6fd95,delivered,2018-06-10 11:54:10,2018-06-10 12:17:26,2018-06-11 12:30:00,2018-06-25 21:08:49,2018-06-29,aadb965c28e1d3e9933c689da0ee5dff,2018-06-10
518407e9cd288a59d32297bc40aebfaf,827903260f8591b58cd908ddc82ba639,delivered,2017-10-22 13:08:52,2017-10-24 03:15:02,2017-10-24 14:38:34,2017-10-30 20:41:35,2017-11-16,2a3630241dec9a716bca43c506653394,2017-10-22
1bfae7c85ceb412925413891786a6216,c70c4c18079a085fd17ba3f91f3687f4,delivered,2017-12-22 11:55:01,2017-12-22 12:11:50,2017-12-26 21:23:41,2018-01-05 19:10:17,2018-01-12,b31adb48afd5127f08ede578ef38acd5,2017-12-22
80a26b4ee1a6aff31f37986403491366,d948634c15b10fd34979b0d2d27ddfeb,delivered,2018-07-31 12:52:57,2018-08-01 03:32:07,2018-08-21 15:41:00,2018-08-23 01:07:55,2018-08-17,3796a05fa0711926a786f151fe8124d1,2018-07-31
261894b972bbc843c4c694b4bc74e892,b25802942d9e7b44d46886163ad42d9f,delivered,2017-06-16 11:32:58,2017-06-17 03:22:57,2017-06-21 18:11:57,2017-07-04 18:14:38,2017-07-18,70ab04e3b57c3906f0773f929169c445,2017-06-16
d8fce10541af787a5946afd52056e8ec,60b8cd2121a9f39630be3a3a123d27fd,delivered,2017-09-13 09:41:55,2017-09-13 10:07:12,2017-09-13 21:16:57,2017-09-14 18:13:13,2017-09-25,517b7fc61e9aa8194ad8f298c015e97d,2017-09-13
286ad679e2559b24b6a621c4908a4511,a51f6a6882b34bee79a605dedb9100d2,delivered,2018-02-23 10:41:23,2018-02-24 02:55:28,2018-02-27 12:39:12,2018-03-06 15:14:23,2018-03-26,58da8fca2126a7ea6c6e87f4f8c6ceef,2018-02-23
723f99b0beda55330ece6bebc46b3d5b,a6815e1388c9b1d8815d1f9e2de59ca9,delivered,2017-11-29 10:09:18,2017-11-29 10:30:24,2017-11-30 20:58:41,2017-12-12 17:24:11,2017-12-22,d9aaa8544dd466a3623226d67b722880,2017-11-29
f655ae6fff7b523b34ac845cd918b87f,ec0710f70b0a66de2e21b51a29b9850f,delivered,2018-06-27 11:54:37,2018-06-28 02:15:40,2018-06-28 14:12:00,2018-07-02 19:07:36,2018-07-18,9818f8aa559a92d5ca794743ce6d9acd,2018-06-27
e880c960b083af6aae64e809acf0693c,7c5df4a2ffa11a657198a578c83fd58f,delivered,2017-07-14 00:08:37,2017-07-14 00:23:56,2017-07-14 18:29:50,2017-07-28 21:07:30,2017-08-09,9832ae2f7d3e5fa4c7a1a06e9551bc61,2017-07-14
edf0c87086ae34eca8a6f72c8b31eeae,c5a4107bca600a202e2de778a540464a,delivered,2018-04-25 23:33:01,2018-04-25 23:51:43,2018-04-26 13:32:00,2018-05-03 20:25:36,2018-05-16,5afbb1d2cc7c072e60088e682aa600a3,2018-04-25
a66a0d868cc06abee5b71f206da03f4f,e9c505b4b9d21fde74008d694abd9bb2,delivered,2018-06-16 10:57:55,2018-06-16 11:50:33,2018-06-19 11:32:00,2018-07-03 15:22:52,2018-07-05,c6b9d6795c596087955f39001d7d9ffe,2018-06-16
6a2fc7eef1fbf09f3c5cfae4aaff3bb5,8ac42b41138a86c0053beaea5a83bb16,delivered,2017-06-08 19:21:56,2017-06-08 19:35:06,2017-06-09 13:42:29,2017-06-21 17:32:24,2017-07-05,892d1dbec67c43926513c868cc75f059,2017-06-08
5f870d202957d203f0394b9699446bab,a1b26ac54f5a3c6aa1a0e6c70222e491,delivered,2018-01-09 06:43:33,2018-01-09 07:27:45,2018-01-09 20:18:25,2018-01-16 00:11:30,2018-02-08,2b11ea778f5a8b4870b106d95ae22389,2018-01-09
f4862945a4aa6be4ddc6473ea51970b4,be458a0bf361768909f847b9bd54c8ab,delivered,2018-06-26 15:58:17,2018-06-26 16:16:45,2018-06-27 11:31:00,2018-07-02 23:18:50,2018-07-17,0d312c82ca29ab2d5d5e29f30f5168ee,2018-06-26
236636425340d1fcd5ba19f6b9a38319,7f0159ff5eb1228f2805de20fc5b6c25,delivered,2017-06-01 16:10:08,2017-06-01 16:25:19,2017-06-05 13:52:09,2017-06-09 16:12:46,2017-06-30,0ec57e353a27f48724371492a3575033,2017-06-01
b7c91c3a97f9089e9b438320b5b34f37,feb79df2e42094b3e696c11cfa7ae70e,delivered,2017-12-04 22:50:48,2017-12-06 22:49:39,2017-12-07 23:14:47,2017-12-23 11:49:10,2018-01-05,f413692763baace874019f418084adf4,2017-12-04
9ac562006aa17a79364b32560651dd5b,5d8712db3109f5c3b2b82ba5051220e0,delivered,2017-11-08 20:35:32,2017-11-08 20:46:19,2017-11-09 16:18:42,2017-11-22 14:07:18,2017-11-22,50ad7151ad494370e8dc57a57351d17e,2017-11-08
5b181a5480a2873bf4689add4630e731,820bf18651a64c92a919cf664e31635c,delivered,2017-12-04 17:24:58,2017-12-04 18:30:40,2017-12-05 22:42:17,2018-01-04 21:32:52,2017-12-27,cb57be427d5e8c06c10cdd1540df1e00,2017-12-04
208215ef3138230b69b97f3fb415e9bc,7623c50c3ce45f453c6e25d930dda2e0,delivered,2018-05-12 21:13:56,2018-05-12 21:30:23,2018-05-14 14:04:00,2018-05-23 21:36:53,2018-06-08,3f9bf0cdc9acdfc5d60a8cdbee567cc2,2018-05-12
d8dbb44d7c5b1fd8e7f41b49e27053d7,4fdbaab85bcb2657b6b6c9fea1b0ccb6,delivered,2018-05-07 20:03:32,2018-05-07 20:15:15,2018-05-08 13:08:00,2018-08-20 17:14:55,2018-05-16,e5a197b88d04fe99fe96b95f41a686f4,2018-05-07
a7922e61977e317eaf72be813781b955,4771e65bd54db3a078d3f03e1f468115,delivered,2018-04-19 08:30:20,2018-04-20 07:10:53,2018-04-20 20:36:49,2018-05-02 12:34:43,2018-05-16,a1dcd10deecb96935b3d436e225e34e9,2018-04-19
e7ffbd51295367d5f8a78ba036ac2b49,7fff937af7bcc6951ef56ecce816f62c,delivered,2017-08-20 17:17:25,2017-08-20 17:30:10,2017-08-23 16:03:15,2017-08-24 20:06:05,2017-09-05,43f7b15970f7fff0f1229e1fd4a693d9,2017-08-20
e823ca8c2818557c5f8afc10f1e2cf2d,1040d4f84edfeacc8484bd46011c6aac,delivered,2018-02-17 15:49:54,2018-02-19 10:10:40,2018-02-21 20:08:31,2018-03-13 18:52:41,2018-03-16,30c9215fbaf3f2ab6b6566f5a32ca75a,2018-02-17
4db34232e511af6c285aad652d4e5367,a82c45df031c9225b534ee1b02f9917a,delivered,2018-03-23 17:28:26,2018-03-23 17:50:36,2018-03-27 17:46:56,2018-04-06 00:35:42,2018-04-13,a676674630bb75afa401d173d691473e,2018-03-23
ddcd959778bf4fcb56c41d1656f1e0a8,76601667f2d7598d3974f15b2b13b6ed,delivered,2017-05-07 14:04:26,2017-05-07 14:15:20,2017-05-09 07:40:04,2017-05-12 12:27:56,2017-06-02,17b829c64410d1780d05f5c1f2aa7585,2017-05-07
896be850be41b2bb0343240c4f3dce35,3bfc56d74bd9034653df36bb0de5cdf0,delivered,2017-02-18 21:21:58,2017-02-18 21:30:13,2017-02-20 08:15:18,2017-03-14 11:47:28,2017-03-31,01b0d417af24703a0b20cbe71f354285,2017-02-18
03e2511c3ad8af9188ef59218b1e8a2c,ab6c292f7ffe934c4f9d7d7529e7ce2c,delivered,2018-07-13 00:12:56,2018-07-14 03:05:12,2018-07-24 16:07:00,2018-08-07 16:07:28,2018-08-08,b64d39d1e77c4d9a7e7d002ad7552178,2018-07-13
4ec30ce1f0c742448a0b1a4343c4b671,df0ec86a6c614ee79015aca7cb821316,delivered,2018-03-16 17:14:12,2018-03-16 17:28:54,2018-03-19 18:34:24,2018-03-23 16:44:42,2018-04-05,a2fd4291f10d19ae29da6126c6f08ad0,2018-03-16
ad6e2d7ca4c63441edb8d4ca6d5c2b21,dc381fd6cdba3fb87094ccaa10e6fe00,delivered,2017-05-21 20:31:43,2017-05-21 20:45:12,2017-05-22 10:03:00,2017-05-26 10:58:03,2017-06-13,eea29992cb52b0661b3d32bbaf76b8f0,2017-05-21
c3514d46a6cc5789769fd473b39ba599,7e88f83778a1c613bfa02955686b07e0,delivered,2017-03-31 21:36:53,2017-03-31 21:55:19,2017-04-03 09:36:46,2017-04-05 12:07:04,2017-04-20,159e5c27681a44a77ed36389b79353b8,2017-03-31
d04051e8bfce56a92e0834faa72d7a7a,14c371217da5521396b475dd7a0ac8ce,delivered,2017-12-06 08:24:57,2017-12-06 08:36:22,2017-12-11 17:12:46,2017-12-27 17:34:59,2018-01-08,3fd678676acfd7898c46faee091713dd,2017-12-06
b8684227da189137e8ecfd39564f85e1,8c76a7242d91d55fc0d21204466c748b,delivered,2018-04-22 22:23:40,2018-04-24 18:11:28,2018-04-23 17:07:40,2018-04-26 18:08:49,2018-05-10,d46c82a4f634a8618ef07ea0297f445a,2018-04-22
8201710c8abafe9ee0d51cd25fdaedde,c6b5c23bb384412d4f9c7b21acbcc2aa,delivered,2017-11-24 18:04:25,2017-11-24 21:16:43,2017-11-27 22:59:05,2017-12-05 01:18:38,2017-12-15,2592e7fab9a4b565c25aebb9faaac2f4,2017-11-24
a526e882f6671f5be8f287590852f7f5,2faab7139b1701f7cd97532be51b6480,delivered,2018-01-22 13:30:33,2018-01-24 02:35:42,2018-01-30 21:58:53,2018-02-07 16:48:34,2018-02-16,c4af1bc17e4ae73f4d676ac4b7781b96,2018-01-22
5d5a1fdc7da7731796374082a2d8d1e0,75c0bf886809c6971760439a7a71a89c,delivered,2017-02-24 01:31:56,2017-02-25 02:10:29,2017-03-01 13:01:08,2017-03-08 09:07:56,2017-03-21,d17419863ca06ed79a31857bda44bda2,2017-02-24
e13722c0887b5fecfbcf9771b23ddf36,21bc5deff554165a2c5c8c7ff3b99b0a,delivered,2018-02-17 13:47:34,2018-02-17 14:07:51,2018-02-20 16:24:52,2018-03-08 19:54:24,2018-03-15,c2060e627ab1ca27114c573b07449269,2018-02-17
a8af9679f12573cf207aed249bdabd09,9690ae359573ddb7eb6ccb02ba8ec568,delivered,2018-01-06 15:10:44,2018-01-09 07:22:21,2018-01-09 18:43:14,2018-01-10 21:38:14,2018-01-24,c3d1d99aa10c2e90ceb77c2197e1ae16,2018-01-06
f12e95396a91baaadc20348d68728946,a4281c769d0b18874653319a49618bbe,delivered,2018-08-05 18:44:29,2018-08-05 18:55:16,2018-08-06 11:50:00,2018-08-08 21:38:41,2018-08-09,286af58dd53e53cac21c7985527712ce,2018-08-05
886a55792a14cb019feabb58baa814c7,0f8bd0c5f640add890a66bf230c31929,delivered,2018-04-17 04:58:02,2018-04-18 08:33:33,2018-04-20 19:42:40,2018-04-28 16:48:27,2018-05-11,2fc542a3487a8ffc8ab142dfcae40571,2018-04-17
3fe9e1771e3c0ddc3de0af1b15850664,68e5402f252403e82e5b759009377b08,delivered,2018-03-01 23:47:36,2018-03-02 00:09:39,2018-03-06 03:45:09,2018-03-27 17:41:12,2018-03-19,4718ef407a8ec498eb8f6f6b3dddd425,2018-03-01
049bad09d9281445edb6dd1d6ece7395,95ef10c6dea554e64f436a44e8fd723f,delivered,2017-07-14 11:36:41,2017-07-14 11:45:20,2017-07-18 14:47:35,2017-07-26 11:22:08,2017-07-27,e0fc0a290b1d791ac8e3c87a44cd95ae,2017-07-14
67e2b633b65efc08fed5fb68e325761b,bbeef4c749841c05d99c16fbc63a89ea,delivered,2018-08-12 23:05:02,2018-08-13 23:04:10,2018-08-16 13:00:00,2018-08-23 23:32:43,2018-08-30,620f32b6cc324a0f6b00348eed5b9f28,2018-08-12
a4b276bd4a9eba543ec90cdf29a67308,9d20953453325b0f8badf470f570f98c,delivered,2017-06-15 08:53:26,2017-06-15 09:05:08,2017-06-23 13:33:00,2017-06-27 13:59:39,2017-07-05,186e4b97d2704e8b76235b8d7c5d38ab,2017-06-15
1a62946a1ba2a18532e900bc385e972f,d16bcf0555e8a602f65c56993ee91b51,delivered,2017-10-21 10:57:12,2017-10-24 03:15:07,2017-10-25 19:17:35,2017-11-08 21:54:51,2017-11-22,ee22def0cb28095779ec6260f74ef07e,2017-10-21
815bed818302adfd6b04958662e7bbad,1a668d4900615c78f8091304850dea1a,delivered,2018-05-21 13:16:22,2018-05-22 07:55:07,2018-06-04 16:03:00,2018-06-19 14:38:42,2018-06-19,b76c76fd1f31be4294427aed55b28c55,2018-05-21
b7500da4a02eac89b7dcbeaf4efaf00b,9b1f58aaf85fa158888a1f21ef45d26a,delivered,2018-01-13 15:14:06,2018-01-13 15:28:49,2018-01-15 19:59:02,2018-01-30 16:22:47,2018-02-16,ba0931def8f10fde482522e049eb5301,2018-01-13
783a40d000d79fb04de5aaf89cf7f69f,81481335ea9181565d978b1943ce5f4f,delivered,2018-01-14 17:27:16,2018-01-14 17:36:37,2018-01-15 23:35:06,2018-01-30 19:43:05,2018-02-07,a6127fb5d4bacfab91be2d91e929a86d,2018-01-14
b6f0a8d06c025c6aed95229f1bb0421f,537e341fa7460c3734d91fc0b65cbdd0,delivered,2018-06-11 21:55:13,2018-06-11 22:19:17,2018-06-18 11:55:00,2018-06-19 18:46:31,2018-06-29,c462aea965b549ead7f1ef47d3cbbd4f,2018-06-11
4662119a5b84b9a8bf3b4c50e8c868dd,64cdffaf30a5eb5ac081ee4ebf582547,delivered,2018-02-04 22:26:26,2018-02-04 22:49:54,2018-02-06 20:45:10,2018-02-14 15:52:41,2018-03-01,85cab64f191e004bab32aca3e8572100,2018-02-04
1016b48b6d8c68e73002bdeb36e3deb1,5f33ba7aaab09fdf7bf51782068e7895,delivered,2018-02-04 00:31:37,2018-02-06 04:32:10,2018-02-07 00:43:54,2018-02-22 21:12:32,2018-03-02,1b973f8a586b226fbb5c09fc4604405e,2018-02-04
03705afa0a4aabe1a734ddb11c1df3f0,e165d4c6a0d945a813e8a3bf42faa500,delivered,2017-09-27 08:42:08,2017-09-27 08:49:34,2017-09-29 19:55:50,2017-10-06 20:39:46,2017-10-26,4ef21f52dd7c061a646005b11918cbd3,2017-09-27
6d17ce9c5d7c673c218ff5b2c8aeb9d2,cd72c28d6c68a8535de92733f591b331,delivered,2018-01-10 23:42:15,2018-01-12 02:35:46,2018-01-13 00:12:31,2018-01-23 16:32:46,2018-02-05,7a112f716c1ccfeb93ea62957602a134,2018-01-10
2ebedf24a4ee36078226242023978247,27ae6db6c6302444d88b728297180dac,delivered,2017-12-05 10:40:02,2017-12-05 11:23:08,2017-12-07 18:28:06,2018-01-10 22:58:58,2018-01-03,31cfe4886266d67b1797af6638875034,2017-12-05
3d7c4455b009850d0c83c70fae3df22b,cc1e52b3e5a11fb575ca9d9d6f97a77e,delivered,2018-07-14 20:57:13,2018-07-17 04:31:40,2018-07-17 14:28:00,2018-07-25 18:34:35,2018-08-14,7e15fe805abc9a7ead05b976ad291ea3,2018-07-14
76af817018cd5fa5b739a3c2ba34ee70,c8b57f80f80e9d624179e71107b48c40,delivered,2018-03-08 15:37:42,2018-03-09 02:10:24,2018-03-09 22:31:57,2018-03-20 23:31:58,2018-04-05,5325502d065de0750dcdc41c5bbed846,2018-03-08
8849f02bf66502f56ce8c5173bb954df,905d0f8557f4baccd218a45692ec9d68,delivered,2018-07-29 15:49:54,2018-07-31 04:31:36,2018-07-31 12:58:00,2018-08-06 18:41:33,2018-09-10,92fb3823253d4c62c401a94adb8ef864,2018-07-29
b8b9d7046c083150cb5360b83a8ebb51,ec271753df25bad1135a375ed6d7f113,delivered,2016-10-06 12:51:54,2016-10-06 16:05:19,2016-10-15 12:24:17,2016-10-18 13:24:17,2016-11-28,6d0572dd5acc888fae43a2e5789bb990,2016-10-06
41413d39ecc484efad18a45e9d06d53d,2911e5c9438cd8fe00adcd7966bb1ee3,delivered,2018-01-29 22:08:10,2018-01-29 22:15:34,2018-01-30 17:18:43,2018-01-31 23:26:48,2018-02-14,74cb1ad7e6d5674325c1f99b5ea30d82,2018-01-29
8fabd912f4e4dd0372ada8ca6633a738,887193b0e6d96de4991ec1858cf75220,delivered,2018-07-18 20:57:45,2018-07-18 21:05:19,2018-07-19 10:22:00,2018-07-26 12:08:52,2018-08-03,5317c09d1475f22e0e3bcfa4fb04f32b,2018-07-18
ab9244e30226615cfb558ec7b5815ed1,c98e22879c4e41d132a2487a2cc6513d,delivered,2017-07-13 23:35:09,2017-07-13 23:50:14,2017-07-14 18:34:26,2017-07-31 21:14:14,2017-08-16,e51c7cf7e0cef9aa78aff90643789050,2017-07-13
8eebf60f909df07356a7d8110dc9946a,a3a647c9ff79e6354b9d49b7ddb86a00,delivered,2018-01-03 21:21:00,2018-01-03 21:28:24,2018-01-08 14:17:22,2018-01-12 21:14:03,2018-01-26,e55f185cef7cd770d2707e2ecc801192,2018-01-03
b1e0eb7a7bfee5485a404147109a9189,7e53786f8b01ca25f30bc6afaaa09046,delivered,2018-01-30 14:03:19,2018-01-30 14:15:35,2018-01-31 21:35:55,2018-02-07 09:33:55,2018-02-22,a1bdc07a1e09726bbbe6df6b8a6595c6,2018-01-30
834bdbbdc1729b2ae17520e7a32397fb,0f3cff4437692098bc1a61b7539d5ab5,delivered,2018-03-31 13:05:33,2018-03-31 13:15:18,2018-04-04 18:54:48,2018-04-10 18:38:35,2018-04-18,5d923ccb7548741c453df5a825da2515,2018-03-31
ca907d8c04d50f8377a1a77a216d334c,50d5bc15e0f7e9ccf5b8d151c555c062,delivered,2018-05-20 22:04:41,2018-05-20 22:18:39,2018-05-24 13:20:00,2018-05-25 15:44:28,2018-05-30,4f4943d1a8ac2c4a65d4fba25ee8c0bb,2018-05-20
2e3cadd5483e3ed34ee082b1e099fbe2,c4ff23fb1fd220525bda9c4470402c9d,delivered,2017-12-16 11:24:46,2017-12-19 09:58:33,2017-12-20 08:55:29,2018-01-08 23:08:38,2018-01-16,02359eb55cd801c825452c46c59d416f,2017-12-16
0921e6115b1fcc24d5dcf35570b68933,214270a60aed81931980eaed78e631f4,delivered,2018-04-04 10:40:04,2018-04-04 10:55:17,2018-04-05 22:32:39,2018-05-07 13:35:47,2018-04-26,5db0e24b2c898dae46aad6b8bc8c947c,2018-04-04
a31641e9fb81890172b8a92348a5da1f,be36cb7552303ca526f4b7177d6b5b14,delivered,2018-02-06 22:31:03,2018-02-06 22:49:49,2018-02-07 22:38:48,2018-03-09 23:11:56,2018-03-13,ae55c14071bbca075fece5f5bbb4c963,2018-02-06
3d60cbc30fe424ccaa1b75c0c2e1cd90,adc067863a867fe26b2313ab479df918,delivered,2017-08-20 14:46:04,2017-08-22 03:45:25,2017-08-22 18:07:06,2017-08-30 16:06:06,2017-09-25,295ce59ab88364adb47d20e7e8dc075b,2017-08-20
669eb4808ac7fe964a716a368943ddfa,0c562074c5f964adc5bcfa39d647a834,delivered,2018-04-10 18:32:57,2018-04-12 04:55:24,2018-04-16 21:04:15,2018-04-30 16:28:31,2018-05-15,bfec92e1ec04145002c3827e2246afd1,2018-04-10
c1d91e3480554147fdc3523ddd32409b,2d5687839cca196b8929cd9430c3821a,delivered,2017-07-18 15:17:40,2017-07-19 03:45:35,2017-07-19 18:44:38,2017-07-26 20:04:18,2017-08-23,b73f3c51b9dab759d34be346a30e4bc9,2017-07-18
332cccabf2107750bda6430e1696198d,71b53f38663e8be6c14b3fb0e498e4b8,delivered,2018-07-23 23:59:54,2018-07-24 10:31:07,2018-07-24 11:01:00,2018-07-30 18:21:52,2018-08-14,f38b869e299ead370a8f9a0c61ccce96,2018-07-23
d6cae08d072e981cb8ff02592b04985b,69ba3a372c54f057939e1d3045d8e653,delivered,2017-02-13 20:16:42,2017-02-13 20:30:19,2017-02-15 18:18:52,2017-02-17 08:25:57,2017-03-14,4bc947decbcda56601d0067e94fe84d1,2017-02-13
fa8532f1342354a78b42f2072b1d6dea,6605f055f23f5ea379920ccf7b35255f,delivered,2017-09-10 19:56:58,2017-09-10 20:05:26,2017-09-11 19:38:05,2017-09-17 18:39:56,2017-10-02,d4ad0b3496fe86b84cc9f089df25cdc3,2017-09-10
fa4f63175b284248b89a46c3b7e7bc12,7c2abab8ee489e71b5c91a03f49baab3,delivered,2017-04-09 17:31:56,2017-04-09 17:45:15,2017-04-10 15:35:11,2017-04-12 15:30:00,2017-05-04,0ce698163308182b6b1e9c03af6839ff,2017-04-09
b3219f865b978d4397a10c20e399ecef,5dd0ee33fbd7733740ddb4ea0d55855c,delivered,2018-05-04 19:16:41,2018-05-04 19:34:23,2018-05-07 15:28:00,2018-05-10 13:06:44,2018-05-24,c1dade4b4a88703da192326edcc9fcb0,2018-05-04
5d155d6d17992a253e6ad3586f7739d9,3ce0a1f76b4518e1cd3caa673f6a5856,delivered,2017-06-03 18:16:51,2017-06-03 18:30:08,2017-06-06 10:23:52,2017-06-16 17:04:43,2017-06-19,f1b1f9667eca890e7e72207eb7cfa08c,2017-06-03
bf593abe2928b23b60cee1ff3471a4dd,9deff18f168c804c9ef00f47ccb2f6c4,delivered,2017-06-08 23:17:57,2017-06-08 23:25:16,2017-06-09 11:18:16,2017-06-16 12:51:59,2017-07-06,a1bb96820529725c3c79a77c69e7e792,2017-06-08
2f3efd5594cd02b721bf3a23bdd52aeb,1ccbbc8bf31f3641a48c52432bc44c61,delivered,2017-07-08 16:19:41,2017-07-08 16:30:19,2017-07-10 13:47:31,2017-07-17 20:49:50,2017-08-01,08f4102d5999eec21c6d819175a93a07,2017-07-08
7d69596773fda163751de780f18ad9f3,54e147bce661da8b3f594449d801c871,delivered,2018-03-16 14:39:56,2018-03-16 14:55:24,2018-03-22 11:06:47,2018-03-28 22:26:39,2018-04-12,9b5e09de89364247a5efb6434d02b124,2018-03-16
f6ab013773ba1820dc3239e7388ab5f1,ba502bf0939a37587917bb56a38081cc,delivered,2018-01-25 15:58:23,2018-01-27 02:42:26,2018-01-29 18:09:04,2018-02-28 16:22:45,2018-03-06,9381107ab673d20a7892b87a8fb7da6c,2018-01-25
8238976658bee9703e39aad674ee1fab,381203b231c4d8177a36dde3cf607251,delivered,2018-01-15 21:48:07,2018-01-15 21:59:22,2018-01-19 23:58:40,2018-02-23 12:53:07,2018-02-05,3b8505817df87ca56fd21866bae922d6,2018-01-15
00fb278a99144cc1004b3ed1452ff5e1,7a186a2e9b7fb35a7d158a5a43447b3d,delivered,2017-03-05 09:31:07,2017-03-06 09:35:22,2017-03-06 11:41:52,2017-03-10 11:38:00,2017-03-23,0a4a2b4c194b982d2ded16856464ead0,2017-03-05
7db0ac143ad1d1fdb64f9ddf710979f2,acfbf192b064509688d3264cb5bd8a37,delivered,2018-07-24 17:22:46,2018-07-24 17:35:17,2018-07-25 13:55:00,2018-07-30 23:59:16,2018-08-10,56b7b493361cf14f3bc96d81c0efbc3b,2018-07-24
3cfd0a41e3256e003a751ae76649b197,b1e0de67cae65d9701fecebbeef6ee1d,shipped,2017-08-19 11:32:04,2017-08-22 04:25:56,2017-08-22 15:08:16,,2017-09-13,22622fc58c4c0688fd3e01d2f166aa11,2017-08-19
8a3faec8dc9fc14969c3ec8dc757abdd,20117e36945a163031abca6cc3cfff84,delivered,2017-02-28 11:27:39,2017-02-28 11:37:39,2017-03-02 15:35:22,2017-03-06 17:48:36,2017-03-22,3b0610a6b6c37bf5e849e71914f238c6,2017-02-28
01c0514b1f2a7375948323b959cc5682,10e63f80462d8c370b091205b8f6d005,delivered,2017-07-25 20:38:52,2017-07-25 20:50:19,2017-07-27 14:17:35,2017-08-11 20:18:02,2017-08-28,165da6d1832da52e2e9de79d562975b1,2017-07-25
e90521e4a0c9bf0152ce919b11442d99,0a609dd8db7a72373f02ac17f3202516,delivered,2017-06-24 22:33:38,2017-06-24 22:42:50,2017-06-26 16:54:57,2017-07-03 08:12:00,2017-07-27,95ee93ba24b431926b282590f4341d6a,2017-06-24
2d7312746088a0bd8d60f8db6c6fcb46,370da8bc336d0b2d5bc884e65bff4c68,delivered,2017-03-31 17:02:20,2017-03-31 17:10:16,2017-04-03 15:50:12,2017-04-22 06:14:36,2017-04-25,1a2c2b108bb52869a5b85dc63b2b70cc,2017-03-31
79cbf4d951de5535d9b05fd415ebe9ef,f1c0c55b64e90f509f8c8fe78d25bc71,delivered,2017-06-24 11:50:23,2017-06-24 12:34:59,2017-06-26 17:03:39,2017-07-12 21:26:36,2017-07-24,6c5e580c237df66c21d27990335fe7f8,2017-06-24
7dc42eb6de5f2be1c800534aa6f8a778,75468b1556d284aae0e3b57fb4eab7df,delivered,2017-12-29 08:09:27,2017-12-29 08:27:34,2018-01-05 21:03:58,2018-01-19 23:48:59,2018-01-26,ba990b2f21d47022a947330de317ea22,2017-12-29
15f87e8764a5e47beae5ebd7eb815397,011ec289931a2dddb4a0e40191748b3c,delivered,2018-02-28 20:29:52,2018-03-01 02:48:54,2018-03-02 21:56:50,2018-03-05 12:13:34,2018-03-13,5ea08622fea6aab9f58925930cfa7edf,2018-02-28
2276cb7758bd76c104cd5a3971f47e9e,9891fa5f230a468c896c05e09509b451,delivered,2018-04-09 15:00:57,2018-04-09 15:15:21,2018-04-10 18:22:38,2018-04-16 17:48:22,2018-05-10,84fa4ef93ec67a77a0329933dbf190cf,2018-04-09
2a9acc818cc4e94fd11325509013b433,563c88d60cdaa237cb6e9eb0e291bbd6,delivered,2018-08-14 08:34:50,2018-08-14 08:45:18,2018-08-14 16:37:00,2018-08-18 13:46:50,2018-08-28,5e1748ead74e7c7de4f511a0800319b4,2018-08-14
a33e332399ed231007a28d4fdac21158,8e5cf16a327fd2551d1a7ce0a5bd9f30,delivered,2017-10-10 11:37:45,2017-10-10 11:49:35,2017-10-11 19:54:05,2017-10-18 00:08:06,2017-10-27,e2656e878316ea7c3877ae25a4081e62,2017-10-10
4511808da5e0e3085995a9734ea693a6,f87daeee183d98a74622d6f901f5aba1,delivered,2018-01-06 19:11:04,2018-01-06 19:19:21,2018-01-11 01:06:04,2018-01-17 16:52:03,2018-02-01,81af76c39cb9a7acdbd7eb13b8c465aa,2018-01-06
efd4b23521a036f85f700bc5cb8fe971,29faa8c473b12f62ab8f783c18fca3a9,delivered,2018-04-22 19:50:09,2018-04-24 18:14:36,2018-04-23 21:56:43,2018-04-30 19:54:50,2018-05-08,6e9e3d73c39881c71b48514dec025a79,2018-04-22
61e23a6264d97339d6e7f3d113582713,e07317728c676686faedfe41304c7fbd,delivered,2018-08-18 01:02:33,2018-08-21 04:10:38,2018-08-21 14:20:00,2018-08-28 17:21:15,2018-09-11,bb8be4ef1bb83c4165e071e88f6d7829,2018-08-18
b2ff3ece711737a6009cbb7513ab9ac4,2ff94475324cba16890704450f6eabc9,delivered,2018-06-26 00:05:15,2018-06-26 00:57:40,2018-06-27 09:32:00,2018-07-03 02:27:52,2018-07-26,9250f5dbfd635c803872a20c589e46c8,2018-06-26
a90afb6b2b3258b9dfc870b1b8e8acf9,405ba2f314130555564c47a8e72c5488,delivered,2018-01-14 19:56:58,2018-01-16 17:13:34,2018-01-17 17:22:27,2018-01-30 21:28:55,2018-02-16,dd8aa92b03446347ae752765bb2bb9db,2018-01-14
d79acd725bc4a0f28c6b42a9471d783e,2fbc8b0a61f041665380a5a931b321a5,delivered,2018-04-02 12:09:49,2018-04-02 12:28:37,2018-04-03 19:47:15,2018-04-06 21:04:23,2018-04-18,94be6e53f703a58e5d868471c18b4726,2018-04-02
d802b8adcfb2cc03772c0645c9257a4a,79ebb74bcfcaf62a7231989dc05cf593,delivered,2018-08-06 11:28:35,2018-08-06 11:44:24,2018-08-07 10:58:00,2018-08-16 16:41:47,2018-08-30,c023bcf1177170182cfc1ac352129f55,2018-08-06
299a083b6bd82294402dfa7d0df9980c,8b86ea1169fb96d2658eac99258284f2,delivered,2018-03-21 10:01:08,2018-03-21 10:10:37,2018-03-22 23:25:52,2018-04-04 18:48:47,2018-04-12,5f01125bbbf914beeb07a673aebd31cb,2018-03-21
d0c2b14d5be05ca86f4863c0b0d3a987,30896c84e8d1a0305ed954baf6d7bf77,delivered,2017-05-18 12:48:39,2017-05-19 02:30:38,2017-05-19 15:37:09,2017-05-22 17:51:56,2017-05-31,477dcd81aa8e72c9945184da3d685236,2017-05-18
a2cc46310eb1cf60d0032c6c78443368,63f7aa07b0f29e88dcc81b0b18853618,delivered,2017-12-03 11:30:36,2017-12-03 11:37:31,2017-12-04 10:53:27,2017-12-11 22:44:53,2017-12-27,8c14c2641f8b24e5968e868dce6f7922,2017-12-03
4dcd791c3c9b8f462aafe31901e34826,b10e79e34f69dcc8f2c85d5cd6873795,delivered,2017-05-07 18:46:03,2017-05-07 19:01:53,2017-05-09 07:56:46,2017-05-12 12:46:49,2017-05-22,eb5f82d4beccf79353cb399cedb8707e,2017-05-07
cf46aedfff0210c6a74eb6252fe3a631,57cc2720e045bc7e62abdfcb9f23f643,delivered,2018-01-14 19:37:17,2018-01-16 03:39:57,2018-01-22 14:17:25,2018-01-23 18:51:40,2018-01-30,a83bd84d505040ee31a4ed6e1edf4381,2018-01-14
30c03e784f1c82b58bdbdf321132067f,e1892c28d1493eb6be3661e8daea168f,shipped,2017-07-16 14:44:13,2017-07-16 14:55:07,2017-07-20 18:03:13,,2017-08-08,0524902d85f78a73cad0686ab836581f,2017-07-16
f5b3403a61cf8a308100863929f376a9,382ed284feca2ca4dc88196d0fb6b420,delivered,2018-07-10 13:20:17,2018-07-11 03:30:28,2018-07-11 15:31:00,2018-07-16 10:32:01,2018-07-31,7d9d844cb667e21e8827654a2ec7bb25,2018-07-10
97bfa91db4bea5977d7f4d5802d186b1,5e772b004f705143cc7b1930de75284b,delivered,2017-05-04 23:31:24,2017-05-04 23:45:07,2017-05-05 11:37:50,2017-05-15 15:41:39,2017-05-29,d8affa4d71cb3ab186436bad8862f470,2017-05-04
eb51a3baab302140a62ffd510647c546,69f3d5d216d99079f72ead4326908012,delivered,2018-02-25 10:43:07,2018-02-25 11:20:23,2018-02-27 16:33:16,2018-03-13 14:22:17,2018-03-19,d226bcbe992e1690a6ccae6453690f79,2018-02-25
230cb5ffb43a10662e4b64e7d02cd171,5f2f8ba9528293da66c5f14a559cdaa6,canceled,2018-07-31 14:24:39,2018-07-31 15:04:25,,,2018-08-08,c96a56896b543daee325030b2752eafc,2018-07-31
8c7202d3273d8e64094815668d97a374,c6a3988a6cbcf5cc9c593b5151b7788f,delivered,2017-02-08 14:04:09,2017-02-10 02:43:19,2017-02-13 10:25:02,2017-02-20 10:34:00,2017-03-07,d7baefcd9b8185520aadc5aee9ee8df8,2017-02-08
4918be3d76a4285405505a705b49d8c8,3421bd7491b7d9ddb3bc8c8e9261cc50,delivered,2017-12-24 23:38:23,2017-12-24 23:46:30,2017-12-27 00:35:17,2018-01-08 22:15:50,2018-01-26,e16e99889e04b64fcd49b596afab2a33,2017-12-24
c101cfbed640cb03705a030acd1153de,b768e81b4204142272b0a8a1d66bb322,delivered,2017-11-24 08:47:09,2017-11-24 09:51:57,2017-11-27 18:18:14,2017-12-12 18:59:06,2017-12-15,f6576c93170b94822a94d66157ede3fd,2017-11-24
9dcd7a1aafd5c28e17364a7f52ede762,656a9fd1bef518174034482b2af7fa50,delivered,2018-05-04 08:42:28,2018-05-04 08:55:20,2018-05-04 14:12:00,2018-05-08 20:18:57,2018-05-25,9c92cef275f17ce9e296b722fdc5465f,2018-05-04
90b3ad8bf9574cb0d847fca8a31bdb75,537d5750de69a9a4f8d1cbe5652bdd17,delivered,2018-06-11 11:11:00,2018-06-11 11:39:44,2018-06-11 14:56:00,2018-07-01 16:32:53,2018-07-04,bc44ed0b2f2ebe13739fa3f100b8a03a,2018-06-11
284d6741506f9b2791aacfb14b53c525,1ba27dd3d21d68e40a49916af05cafef,delivered,2017-06-24 13:43:54,2017-06-24 13:55:15,2017-06-26 15:16:38,2017-07-10 18:54:43,2017-07-20,59bba92de9b8f6be0808e4d9d64b4b43,2017-06-24
76a999805013581d028d7f8f8202dfb0,876f9a6c202666e676262ce4e5225dd1,delivered,2018-03-13 13:31:24,2018-03-13 13:48:30,2018-03-13 23:18:45,2018-03-17 01:48:46,2018-03-23,0e475ef672ef3e51df0bf896b5949edb,2018-03-13
5077d279a7a371e5e70eae983cb3bccf,bd07f957967b0f67e147585478c3f2c0,delivered,2018-04-25 06:11:28,2018-04-25 06:30:56,2018-04-25 13:48:00,2018-05-05 01:08:34,2018-05-17,6627423ddfa79c28e4488b16b7b9d6c2,2018-04-25
256d7c10e54af14e81340da966349b3f,066e5acdd1a429b05b4bcb0c8f8273d3,delivered,2018-05-13 21:50:26,2018-05-13 22:13:35,2018-05-15 10:44:00,2018-05-21 20:04:53,2018-06-04,36cb06fed5371d8e5ae0074141da1ae2,2018-05-13
0629771ee9bc4f49e6d2fb6d637f00a7,b425056573e43472de6a94a4327f3cc4,delivered,2018-04-12 19:30:55,2018-04-13 13:14:23,2018-04-13 22:06:56,2018-04-20 22:03:03,2018-05-08,b16443e1ab9431cf6087f9f11090a62c,2018-04-12
64a6930359fc275c86dcadea2086895c,01de8fdab9ccb256665253dab73c1509,delivered,2017-03-27 19:22:16,2017-03-27 19:35:23,2017-03-28 14:35:32,2017-04-07 14:25:35,2017-04-26,6af4044a36cafc05bb7c43494a3fd874,2017-03-27
319ccdc182a8c5d60b228310a6432460,f9e8bac3b69529d543bf179ce64ca6d7,delivered,2017-01-22 16:03:50,2017-01-22 16:15:20,2017-01-26 12:06:47,2017-02-01 12:32:27,2017-02-20,d6779a4b34d196a59ad0d562c5333dfb,2017-01-22
541bb2ccd254b84fbaabf01e82324cb0,51b1df4fa4d7ae06535610dbf5e2176a,delivered,2017-10-06 16:09:48,2017-10-06 16:26:23,2017-10-09 19:13:32,2017-11-07 17:02:28,2017-11-07,b99a068bbca3d4d346d965f1ad2e2c39,2017-10-06
940e9dfa68e117c7227f0f20cb1bd2af,de9bdaac8c69af8c5b5be278f8b69b93,delivered,2018-08-13 10:58:55,2018-08-13 11:10:10,2018-08-14 14:16:00,2018-08-17 16:48:26,2018-08-24,c03ae904c7b4c928257203e45a470dcb,2018-08-13
cd16f813564f0f00a030ac0b273958ec,30b882d792e7c674b96146e7a4854316,delivered,2017-08-10 01:03:27,2017-08-10 01:34:12,2017-08-10 20:03:08,2017-08-18 21:51:20,2017-09-01,35aa9ebfcaec22160e6f50406b4c89d1,2017-08-10
bd7311457afeb962da1655881b558a1e,382052b8a8ad938d68c48bf1685b9d67,delivered,2018-02-17 23:05:57,2018-02-17 23:15:44,2018-02-21 00:35:13,2018-03-07 15:07:15,2018-03-19,a5f2802953857124426cc5c0bacd92fb,2018-02-17
ebdf9151853ce53a5b0606bcaecfa496,3693addb34dbece0338f511bf16bb99f,delivered,2018-02-11 16:39:25,2018-02-15 04:10:57,2018-02-15 22:41:44,2018-02-21 18:34:14,2018-03-05,98f6aa867269eaf37acecb0a42080604,2018-02-11
24856b1405c00060240a744e82838266,0ba31c6990ca00aca5d0818cd491013c,delivered,2018-03-26 15:35:45,2018-03-26 15:48:27,2018-03-28 12:19:09,2018-04-05 17:44:23,2018-04-17,85740013af25892ebf157244609328cf,2018-03-26
d3476282f08ffd2be3c9a7aeae6086b2,dce7853078903a15951e0eaa64fd7359,delivered,2018-02-19 21:38:38,2018-02-20 21:30:28,2018-02-22 22:13:31,2018-03-09 20:57:45,2018-03-12,6d8c8089fc5392ce169df567dd258724,2018-02-19
36171c1a53103b4062540c678efb379b,7fa203a025a78fcfa280dde33ca994cc,delivered,2018-01-25 12:18:27,2018-01-26 03:16:45,2018-01-26 20:58:47,2018-01-28 12:47:51,2018-02-09,99b9aea00c30fc7a4e5d6644ea01edc8,2018-01-25
b01d2b10f2ee7aa7aad90c41c372e2b2,cdd6b7850934e9ef0662f077d0d94671,delivered,2017-10-22 12:00:02,2017-10-23 12:14:11,2017-10-30 20:22:19,2017-11-03 18:22:45,2017-11-09,6d6e2291b974371473483ca1ac1899cc,2017-10-22
778ecbd9f15071b1fdcb6047e26a6acd,84d90b451172327d44d8f0873241e853,delivered,2018-07-19 16:55:50,2018-07-19 17:05:30,2018-07-20 14:42:00,2018-07-23 18:51:01,2018-08-02,71e715160b66765c4a418dcd0bef9a3e,2018-07-19
400d97d7e7ea05ffb7cbe05507ceee5a,d30fcd6765345deae1e9bfb00cfc1068,delivered,2018-06-27 19:02:30,2018-06-27 19:11:58,2018-06-28 12:14:00,2018-06-29 17:03:43,2018-07-12,9e338dc7cb2942199ea2b7cc9f86451a,2018-06-27
22a4e269c7e62e9aab7536d9f1180d09,4d132450980ea1d6d7d7ba282e4c7626,delivered,2018-06-11 08:33:53,2018-06-11 08:58:13,2018-06-12 15:24:00,2018-06-21 16:26:49,2018-06-29,f43a741f2b86fc593b013959d7b34083,2018-06-11
e73c844f36e48f6d0cc8ae6b97a6176a,eb306b242f7bf44f262523b29c0f5883,delivered,2017-04-04 14:49:25,2017-04-04 15:05:15,2017-04-05 14:13:08,2017-04-17 13:58:03,2017-05-02,ae9d97a1ea6b874f00e59685354e587c,2017-04-04
1f32e76e92fc0ebf756639dad26ebaa9,f4dd96cb420c457ddfe5059609035b9f,delivered,2017-07-05 13:39:22,2017-07-07 02:46:03,2017-07-07 17:59:52,2017-07-10 19:57:28,2017-07-19,881b414b317ce75bddc5d2a8167da37f,2017-07-05
d9374184c685550085112ae190d8f9c0,681e1722bde7781f6fba4cb385af0ba5,delivered,2017-06-14 15:29:08,2017-06-15 15:25:10,2017-07-07 16:09:32,2017-07-31 18:22:54,2017-07-17,af366f48405f787edafa83d61e9ab5c5,2017-06-14
95aea1bd0c0c6fc2b84567b86c270a3d,b6d19ed0a631e2f208333b2deb9e792c,delivered,2017-07-30 20:00:48,2017-07-30 20:23:33,2017-08-01 15:37:35,2017-08-07 20:39:53,2017-09-01,e4d307387a7a0a41741a538eb53bff5c,2017-07-30
d2709c18f4c1ab5ff4663b1e5a2ea477,549892b83bc7e46e003b80a50affc103,delivered,2018-01-19 07:58:46,2018-01-19 08:15:41,2018-01-23 00:12:15,2018-01-29 17:24:57,2018-02-20,887d1482241c4b1d7295ef609eb91e0d,2018-01-19
f1a325f15bbf16509adf17167330a905,6b6250301e22444b703a4d0c5c9c099c,delivered,2017-09-23 12:30:56,2017-09-23 15:15:14,2017-09-26 00:11:43,2017-10-05 18:43:04,2017-10-18,17e873c00e3fef97c9f1347c6681bd1a,2017-09-23
2276cb38c742033aac3f4a4d67b57ab3,39ecef3d8a542ee6b91e7bfd7e9a6b87,delivered,2016-10-06 17:42:49,2016-10-06 18:11:59,2016-10-30 11:38:48,2016-10-31 11:38:48,2016-11-30,e08b2dabdfac348704d3b031dfbf6d5f,2016-10-06
0b3457e0c4ca3f53aed80917d932b787,b59e5cd1348f825f57941afe947635dd,delivered,2018-04-04 08:17:28,2018-04-06 03:15:38,2018-04-07 00:56:33,2018-04-14 17:12:20,2018-04-27,0a0fa442c401952fe854264257c18775,2018-04-04
b6de63fa8c62aeba6eb781539030a825,ef2c16de41a7b62247246cf07d66616e,delivered,2018-02-23 17:28:36,2018-02-23 17:49:30,2018-02-27 16:42:56,2018-03-28 18:34:53,2018-03-16,9d6b6fe30f2c4bb2506c315c391d8a0b,2018-02-23
91c52e15672343c61768b4d10597eea8,56d6226f23b849ac14f6386041dc492e,delivered,2017-01-29 18:35:23,2017-01-29 19:31:06,2017-02-02 13:56:33,2017-02-08 11:32:48,2017-03-17,a327e19095ffb086d25f7ee477c9d3c6,2017-01-29
9f23214f021883350f10518588c2ad74,f2dd08d67a0f435788ea8ed3e5225590,delivered,2018-03-28 00:32:25,2018-03-29 18:35:47,2018-04-04 11:44:47,2018-05-03 21:04:09,2018-05-09,ed068241cea82c7b9d6885ab97dd96a8,2018-03-28
d8711cd641288f4e2e1a84dc3c6ade21,2136055ed9bb96ae2c2a47e727f791ae,delivered,2017-07-25 16:39:25,2017-07-25 16:50:19,2017-07-28 20:39:45,2017-07-31 20:32:58,2017-08-09,fdb1f3e0dd15b657acc64314ce89688f,2017-07-25
cd7af87d109a2d47a87bdfc23a259052,f420ea368e90d1796c8a75c5a65f431e,delivered,2017-12-09 19:15:30,2017-12-11 10:31:44,2017-12-15 00:14:47,2018-01-15 15:49:05,2018-01-12,09ef00803a68d4321a1b25d4174552a0,2017-12-09
061abe3150d5be34c25d2d6055a88575,49ac285378c4259393ffdde8471df62f,delivered,2017-07-30 19:43:25,2017-07-31 19:35:14,2017-08-03 15:36:44,2017-08-16 19:13:26,2017-09-01,041ecd93f392ac99f53809f2fc47c7fb,2017-07-30
4596e478534478a8bf0c5f7ca972aa1a,dc1834da069ea08c451cbb03961ee644,delivered,2017-04-28 20:43:59,2017-04-28 20:55:19,2017-05-04 13:08:14,2017-05-09 15:52:24,2017-05-24,f851ddfafd2e30ed3944f49411b0f551,2017-04-28
ab7668e66b0f2053a4ba0baec415d511,9a19695e6d81c0eddda784a2026b70cb,delivered,2017-10-05 09:45:38,2017-10-07 02:25:08,2017-10-10 21:33:56,2017-10-21 14:53:37,2017-11-06,c01dec3a0733b3e3eccb3073245ba9ee,2017-10-05
8571f5b695cac36f5124691c0e102b41,2d83c00c8752a076653bf562c2530ac8,delivered,2017-08-23 15:51:20,2017-08-23 16:07:39,2017-08-24 21:44:56,2017-08-28 16:52:21,2017-09-05,db66f0f2bc1db90affdf2b8bf67f973f,2017-08-23
b030a71673f17a9eebed29d9a7dfa2d8,276d837f05f017a708409066dff401a8,delivered,2017-10-11 19:36:31,2017-10-11 19:49:12,2017-10-13 14:27:55,2017-10-16 12:37:56,2017-10-24,6bea1ab8db5d65ec458b72229345a771,2017-10-11
9c62704f17ec0709183bec5c8695f34a,e17515c60c24f140cad7e6bf1f818e77,delivered,2018-01-17 19:29:49,2018-01-17 19:49:51,2018-01-18 22:48:40,2018-01-20 16:57:48,2018-02-07,9cda91a63ff82b0af401132416f4a98a,2018-01-17
c5732e63477fd9b1c12f62ad4472fc6c,3dfe77e7e9e11249eab5f54ff0c8e26d,delivered,2018-01-18 01:16:32,2018-01-18 01:30:54,2018-01-19 20:46:50,2018-02-16 17:47:06,2018-03-12,831c086692f020a200828871ca93df1d,2018-01-18
15575c6a363e9f5da19a7b7f364976a1,779b194af1ede0fd0747dcadd6de76d8,delivered,2017-11-20 22:20:55,2017-11-20 22:33:49,2017-11-22 21:38:35,2017-11-30 22:41:39,2017-12-19,08f6034e4df4101cdf09d5974023e69a,2017-11-20
3304c0c857a9c77a201a551f5a3cacb8,5a47dac0d86df8b85578ff714c28b4f3,delivered,2017-05-04 12:57:21,2017-05-04 13:10:46,2017-05-05 11:50:12,2017-05-08 10:27:31,2017-05-25,cd336c2a4679b726894657837bf1dca7,2017-05-04
3282779fe3b8973d9139f7b8fd8e22c0,43cb5af4ad1ccd528624f1a67ed52d50,delivered,2018-08-15 17:34:38,2018-08-15 17:45:24,2018-08-17 16:47:00,2018-08-21 01:22:56,2018-08-23,a345376a6d523d2178339d26feb7f2c4,2018-08-15
34d981c2cff2bb39afd6bb3f424c2173,d3775d8d2c341f2d6d1e52ec4218b607,shipped,2018-06-04 19:34:00,2018-06-05 14:31:47,2018-06-06 15:47:00,,2018-07-19,360f86da5d33b620b9f38bfcf717c89e,2018-06-04
c456339d894d329ad45d39e3d6796b90,7fb62e47282b83f023cf1fef8d8309c9,delivered,2017-10-17 21:50:00,2017-10-17 22:05:18,2017-10-18 22:03:58,2017-10-19 11:57:46,2017-10-27,48f2f72862e37acc97f50b4484ee2af4,2017-10-17
9f2092eca1ec4584dd2b7ccea8fdf0b4,f8dbb4dbff56646bce76b5929e83cc7c,delivered,2017-12-06 13:36:17,2017-12-06 13:50:46,2017-12-07 00:04:57,2017-12-14 22:52:31,2017-12-29,8b529b20db109479d1323f42e6ab9956,2017-12-06
9065f0f184de06fb424d560a65588041,cabbd0a88757abe83b169e538a0075a0,delivered,2017-06-22 15:53:28,2017-06-22 16:05:25,2017-06-23 12:05:45,2017-06-27 12:32:32,2017-07-05,4eb91502ca0d2b27b41e246b6a704801,2017-06-22
77f1ce3b8d86fff49b9c811f00f4dc13,7df771c7ffd3c5162105a5255e625d8a,delivered,2018-02-22 12:33:43,2018-02-22 12:48:40,2018-02-23 17:27:16,2018-05-30 23:50:44,2018-03-21,6d373c267e57e0d7dd094bd564e2266f,2018-02-22
77ef3216467887c78ddec18de86a58b9,15e8864e8fee53b6d9741f1a084a1007,delivered,2018-07-18 18:25:54,2018-07-20 05:05:08,2018-07-20 15:02:00,2018-07-31 21:54:43,2018-08-03,db8e4be2382fc04a998f0f1875767ee1,2018-07-18
f9343167f98d74b2f82a3cfb3d6b880d,2716c83697c166617d8844a4bcde50e3,delivered,2018-06-02 18:03:22,2018-06-05 04:15:11,2018-06-05 12:34:00,2018-06-11 19:13:18,2018-07-05,cfd02bea61d8e85869110ad85bfc9ef5,2018-06-02
a74e20d8cad4ae7bedf7ec5e8dd55c75,3d5ec0c227f2ed9de5fa6d9ac438d350,delivered,2018-06-11 17:45:17,2018-06-12 18:08:09,2018-06-13 14:29:00,2018-06-22 13:27:38,2018-06-28,40e69ff87baa43d9cf28e138d6152af7,2018-06-11
dd43808dd9194cb01cc2f50bef6092a4,7a0512170b6b35f50a4a604cba1f5ed0,delivered,2018-07-26 12:43:57,2018-07-26 13:04:17,2018-07-30 10:35:00,2018-08-09 16:12:52,2018-08-22,db8c45be1c952ca0d0938c85dadc8cb2,2018-07-26
63e6d960f6bda4b21e30d30c6fb975d8,92783a547d933b2fcce1f331d369d324,delivered,2018-03-19 13:23:15,2018-03-19 13:35:36,2018-03-20 20:33:14,2018-03-26 20:42:20,2018-04-10,119b2366171ec16d7e894952a936a805,2018-03-19
918c8964de139753f073e73843b677af,11e53b58a98a3808507765f001e0b972,delivered,2018-03-15 08:30:32,2018-03-16 03:50:18,2018-03-16 19:54:36,2018-03-22 21:36:34,2018-04-05,b03e447d5432fe52a0efaaf6942178d7,2018-03-15
081857a1fe99545a55e83b3b1e8a8ce0,3f942b4762a240bbefcc1ab22b83bfcc,delivered,2018-04-19 23:10:25,2018-04-20 04:51:39,2018-04-20 19:07:42,2018-05-02 18:47:39,2018-05-25,208ac51a3dc87c9de81f6d95a52ddd27,2018-04-19
fba03e479515f8c1325bb25a8704418c,b6d487c7ca055e980a212615f456ece3,delivered,2017-12-14 00:27:33,2017-12-14 00:35:30,2017-12-14 17:18:57,2017-12-27 16:42:20,2018-01-11,db110e719245e6d457798df912c693d4,2017-12-14
e2c9f858f7f4d4291add68fd7fcf8090,250d070dccc06bf15a6e4e2f2b1b5870,delivered,2017-10-27 23:57:47,2017-10-30 16:31:54,2017-11-06 11:51:08,2017-11-09 18:46:30,2017-12-08,a62f8fe9d5dca0dfb914de5fe07762e2,2017-10-27
b00122d54463704c33f4768470c6db03,0cd43fdae479c385b043dcbe71f99bbf,delivered,2018-01-03 19:00:56,2018-01-04 16:50:29,2018-01-05 22:58:09,2018-01-16 01:22:16,2018-02-01,b71c64d5f90f3116ff65fe1327f5bc5b,2018-01-03
0352646a95973b0e19127d2b6a6fb6db,964774f215ba0b9375ea15b85fe87f3e,delivered,2017-12-27 20:12:02,2017-12-27 20:19:25,2018-01-17 20:28:11,2018-01-31 23:36:43,2018-02-05,c59f1c7d4d0ec84a1e1d7d6c2bdfdc42,2017-12-27
87649d1e24dd22384132f1deb135940e,35b76a23094463a80bd6f5ad1f2eb8d8,delivered,2018-02-07 09:19:05,2018-02-07 09:31:35,2018-02-07 18:16:34,2018-02-22 17:35:50,2018-03-14,271914a49066332869b3cd825b956f37,2018-02-07
a5049397ce179d0a0b31a46211fad358,a84d957fb58ef44bf240ab360e917fb8,delivered,2018-01-13 10:56:27,2018-01-14 10:49:43,2018-01-15 17:42:36,2018-01-16 20:43:39,2018-01-30,3aa77488dee852221d753de8f8e01285,2018-01-13
24b53730781f4921d543c4683b26c072,d71c1740fb0546da670a5c92e4aa0feb,delivered,2017-11-05 19:07:02,2017-11-05 19:26:10,2017-11-06 21:06:30,2017-11-14 19:12:02,2017-11-29,c7cbfde15c23e2adb6234e650d2ab92e,2017-11-05
4d3acbe72723c00c24fdbf452160d13b,3bf56fc92ac737837d5f7975c335e01c,delivered,2017-05-19 15:09:17,2017-05-19 15:22:32,2017-05-25 08:43:23,2017-05-29 15:49:58,2017-06-14,9d31457a03125fc870787a251760315a,2017-05-19
d7d8ca5f25aac4f5efce2a0dc6133672,8a19df887008d330bdd7aad269118f79,delivered,2017-02-03 18:43:37,2017-02-03 18:55:11,2017-02-06 13:29:48,2017-02-20 12:53:50,2017-03-20,077d1d4b18c096ea1ec611d6a3701056,2017-02-03
de8f6de451fff81802c07436b095e52e,b1f1678b3d52d09769d35a9a3c1b200d,delivered,2017-10-17 23:36:08,2017-10-19 02:49:45,2017-10-19 18:48:09,2017-10-31 21:37:46,2017-11-08,269e9310d76fc671774db3c52a523b9e,2017-10-17
4ae41a4932898dbf49f39d10745ba16f,82f7651d498a901c651f2aea61b7262e,delivered,2018-08-17 19:58:50,2018-08-17 20:10:14,2018-08-20 14:46:00,2018-08-21 17:21:06,2018-08-28,7ef7b38de97c7ed8593b9e6651497213,2018-08-17
9a2e51589ecc5ce80f0403a55a8f789c,b36a279ac785c46a2207c976a283040b,delivered,2018-07-30 08:49:33,2018-07-30 18:31:02,2018-07-31 08:40:00,2018-08-07 15:03:17,2018-08-16,4dadd95b67d24306c066d6cffd452a7b,2018-07-30
e30a7c7a102b26de0c86e424f9eada78,c21ba0e1437939ee2572b055ac33a307,delivered,2017-09-24 18:37:18,2017-09-24 18:50:10,2017-09-26 11:44:31,2017-10-05 18:58:48,2017-10-17,df43d2ef6938f4978bcabad4a8b9135a,2017-09-24
a9cd27fff067ca1c5289e063ba082022,9a75daee12fce99fae956e8ae373e99c,delivered,2018-07-17 21:38:55,2018-07-18 21:35:24,2018-07-19 11:29:00,2018-07-21 00:22:27,2018-07-27,485ead09f7e0fcb09f54b1f489bfccdc,2018-07-17
72ef7195413663ba7dbe40abbdf02617,c2fde72b6ea882174c3b30c61bd65ebd,delivered,2017-04-12 18:02:52,2017-04-12 18:15:09,2017-04-17 14:47:12,2017-04-20 12:36:55,2017-05-04,d19dc878423f423680ad50ae40a68a64,2017-04-12
40037fd9de94c4d8a594844dd35b52c2,a9cf2d516b52eff855210976c7fd1772,delivered,2017-03-22 19:07:16,2017-03-24 02:43:59,2017-03-24 12:52:24,2017-03-31 20:13:55,2017-04-12,675e48868bfbb110d7b97adc6c854e56,2017-03-22
f2664c7a8066f3a82b36c7c8f916eab4,ad5f23d9b1bace5cd40bb06d67f0f58f,delivered,2017-08-04 20:50:47,2017-08-04 21:05:18,2017-08-07 20:32:47,2017-08-23 18:57:39,2017-09-01,1c989fec2674afd38218559043392974,2017-08-04
adf57a7b23c7c3f88e98a2fe2c22fcef,0ee5ffdc9a611f0100258012cb35ffef,delivered,2018-06-12 21:24:00,2018-06-12 21:43:15,2018-06-14 15:12:00,2018-06-19 17:58:43,2018-07-11,02944edc74d278644e63112966608f62,2018-06-12
3867580ea8e69d938d45ac7203bf6a61,7ab0fb5974a66f9941487996e432d728,delivered,2018-04-30 19:42:26,2018-05-01 02:37:59,2018-05-02 16:03:00,2018-05-18 01:58:27,2018-06-01,fae9e2a47b6a40824017d13321cf0fed,2018-04-30
c31f5afc2aa6a048ea1d0f84afd0b762,c79d43c929338d5bbc433d57acc3d456,delivered,2017-10-11 11:41:40,2017-10-12 11:49:18,2017-10-16 21:21:42,2017-10-17 16:27:31,2017-10-24,360bd75a5eb239fcf08f8d25f9d430e5,2017-10-11
19862cd4c12c9f52dce9cdb8df1af979,c873e267df51084e4778687cdad0c774,delivered,2018-05-05 21:37:55,2018-05-05 21:50:50,2018-05-08 10:21:00,2018-05-09 17:48:52,2018-05-18,8d2d7bdd63b8b61be03847a0c42820ed,2018-05-05
2452a055c236acef27397590cf35f737,dc08b3b53ce8c2f1740f64b4c560f4ac,delivered,2018-06-13 18:15:46,2018-06-14 02:17:36,2018-06-14 14:15:00,2018-06-15 17:51:09,2018-06-25,75fa413ea0f1c847a8f3da1ca806d795,2018-06-13
fb48412e17956a7f4696c7724d60f330,872a25f014b99c4c17341cd9ad0d468f,delivered,2017-07-09 17:49:06,2017-07-09 18:03:12,2017-07-11 12:59:36,2017-07-17 18:13:44,2017-07-28,636f22218f8430a8463c5ddc5f68fc62,2017-07-09
19e985f2f060675c813b7c9d094cbe07,899adc6970ba5932f40b7e42b465d933,delivered,2017-03-08 09:48:14,2017-03-09 09:44:10,2017-03-17 14:58:02,2017-04-05 16:10:06,2017-04-13,447f7f85bb41620cc5e833f7d027e43d,2017-03-08
1ff2e9584155b7fe38ee7718f5cd6ed7,fdf56ce840be0fb884b3b02c6f6e7ebc,delivered,2018-01-19 11:13:14,2018-01-19 11:36:12,2018-01-23 23:39:06,2018-02-07 21:05:50,2018-02-21,6d1762e5c47eac10fe437e7e04acf7e4,2018-01-19
933824572e25f2482e2b59e73b1c9858,0f5a50334bda1f5cd66df24f8c4787ab,delivered,2018-07-04 22:45:03,2018-07-05 16:13:04,2018-07-05 10:21:00,2018-07-11 19:08:27,2018-08-06,5a689ab0069d25bc6c2be47d4b3863d4,2018-07-04
6b2db6289d13d627596a319150551fe2,bd466b03300d3a0d924ecd7c7121a784,delivered,2018-07-02 21:45:27,2018-07-02 22:10:35,2018-07-03 08:01:00,2018-07-11 22:31:58,2018-07-24,0180d29fed77d26d59490f37198514a1,2018-07-02
4faa39a0be8eecc06da4367b6ed2757e,ace99095377fd73ab9b5e642fcdae97f,delivered,2017-12-06 12:31:22,2017-12-06 12:38:31,2017-12-06 23:42:00,2017-12-14 22:42:19,2018-01-09,b59b1a2a3117a1580805db7b0e11afde,2017-12-06
a247dd396d56ff49f7b4f4b8f9139f5c,478e996ead8acef6cd1116876dc60d14,delivered,2018-02-25 09:25:40,2018-02-25 09:48:24,2018-03-15 21:51:19,2018-03-18 20:19:30,2018-03-26,51bc7e97d44cf34b962b5301810d45dd,2018-02-25
b8e11074d7fd4b6123ebcc4af964381c,deec229612812deca98cf48ee50e5922,delivered,2018-08-14 22:51:23,2018-08-15 03:35:22,2018-08-20 11:39:00,2018-08-23 16:24:48,2018-08-28,1e9fcfb163cbbb23c71dabbd9167f73d,2018-08-14
09ff9d4a5ba285dcea027de9e7c3adba,a883d37662d991238399a99208034bf2,delivered,2017-07-04 10:38:22,2017-07-04 10:50:17,2017-07-04 15:28:26,2017-07-07 18:33:21,2017-07-24,3390b0d3b5cb38937f742d16e3dc343e,2017-07-04
5cd1f67d76b653cb354391539321edf4,3bf2b91d6c9c0933d394da0b929d6226,delivered,2018-08-26 18:28:36,2018-08-27 11:25:11,2018-08-27 12:05:00,2018-08-28 21:46:48,2018-08-31,5de800818b163722702b209e372dcb33,2018-08-26
d7b9c4908a586d159712be1c7142903b,d9fa3536203bde0f33d22c61326df332,delivered,2017-12-22 04:29:08,2017-12-23 02:15:22,2018-01-15 16:33:31,2018-01-24 15:13:36,2018-02-15,3ed1c7a7fff4c3a4cd974aa106bb3f05,2017-12-22
dc7997edb72a765e7b39dbb9be3a63a2,ef3a66154372e62de501a93651f293da,delivered,2018-05-05 15:16:04,2018-05-05 15:33:15,2018-05-07 15:22:00,2018-05-08 20:28:49,2018-05-18,59444f6f085c003842225067881d5e03,2018-05-05
4fcde2536e61edddfbf8d3be91b70eec,579b9c047a10c44f35aa4486c0536bbe,delivered,2017-07-19 12:07:16,2017-07-19 12:23:13,2017-07-20 15:57:35,2017-08-14 19:45:50,2017-08-18,8c92e7c1c1955093192afc5ec4241f4f,2017-07-19
e1e5a84a3748808d3ff0dcb4b58ac5dd,070571ebd72c8abf80e793aa0faa32f8,delivered,2018-05-19 20:40:42,2018-05-20 00:23:31,2018-05-21 13:57:00,2018-05-22 13:58:45,2018-06-13,ce062bc310d6e7ef233195118e090f1e,2018-05-19
eea61355af8b855cb3b052efc66b588c,16954e328eb60c928b51850c43b50066,delivered,2018-08-07 16:28:00,2018-08-07 16:44:53,2018-08-09 16:12:00,2018-08-10 13:26:44,2018-08-14,191613585d1a037fdf560067edcd0527,2018-08-07
0bfdd5142412ff5070415391f78d3cf9,22daf6df7eb403c07f9185ca3851a9b7,delivered,2017-04-14 17:03:06,2017-04-14 17:15:15,2017-04-17 14:28:13,2017-05-04 16:25:44,2017-05-10,3bd390081db06240cf1c4197f53dbc04,2017-04-14
1221c36a98cc5135bd2a4933f8512c47,b67ea8e4735c05c260e626faa70ad340,delivered,2017-03-09 16:02:27,2017-03-09 16:02:27,2017-03-13 09:55:16,2017-03-22 15:36:19,2017-03-30,23bbb44e4c2419e01487ce84589e5fbf,2017-03-09
6e68d4f670783e41ced4e82d14debce9,6d4771e7b12516d2f6b98a6efcd88fc7,delivered,2017-01-31 17:15:33,2017-02-02 17:10:21,2017-02-06 09:38:07,2017-02-10 14:53:49,2017-03-03,0b4f18a0cf7872514b14ebf56c56e68f,2017-01-31
1b20ddca2df7b609d3847389ab9dae74,6fcf97197c5a7f107a6057e93247bff0,delivered,2018-02-14 14:37:42,2018-02-14 14:48:00,2018-02-19 16:14:13,2018-03-02 14:16:47,2018-03-09,52f8f4376865370be0bd2efb2a067140,2018-02-14
615e1dea1409a7cbeae7afc1bf75c305,84033f39d35b5c80c734e62cf0e7b586,delivered,2018-04-19 14:14:48,2018-04-20 07:10:51,2018-04-20 21:04:27,2018-05-11 21:37:26,2018-05-24,14686bb2d6daea35e6fd05f033c6569d,2018-04-19
8bb46e03bff515e6fceb90c2185880a9,4593a3eea21017c68c24e20ccb25f38a,delivered,2018-04-03 14:02:35,2018-04-03 14:15:24,2018-04-04 18:42:15,2018-04-05 19:48:28,2018-04-18,00ab80210f1875276065f3c1911a2110,2018-04-03
b198ccd6b70f2462922861e8c5a571cf,2f0aebcd82ba332e4031d14fab704ed9,delivered,2018-08-10 11:48:43,2018-08-11 14:55:20,2018-08-13 20:07:00,2018-08-17 18:16:53,2018-08-27,f5077e018f5ad2cf539a5a6f698654f1,2018-08-10
ee8901b336ba6d83efea88efc3aeca49,cae6796042db16178715255a22500a32,delivered,2017-09-26 13:23:57,2017-09-26 13:35:22,2017-09-29 18:15:19,2017-10-06 20:08:58,2017-10-26,cd3859be0834f36be230cda086ee8665,2017-09-26
38ac62af1b354671501c9bbfc55bf187,d14a98aaff22268ebdcbcd6acb7161be,delivered,2018-02-02 12:15:33,2018-02-03 02:53:24,2018-02-27 22:51:34,2018-03-06 19:35:44,2018-03-23,2af0911d94538ca50b926691a15d98d3,2018-02-02
7797a381b974bc0ac41437132b2cb19f,a63df53f5e6b3799d5f2b9782387d564,shipped,2018-04-17 00:37:46,2018-04-17 00:50:20,2018-04-20 01:18:30,,2018-06-01,ea59b7ed0a86205c1f39495a703bdb3d,2018-04-17
170dcd772ea4f51c3a859f9beef5d297,49173fd28a263996bc1d69b301aad528,delivered,2017-09-04 20:39:06,2017-09-06 15:55:16,2017-09-11 19:38:52,2017-09-18 20:44:28,2017-09-26,0f706c0bd2502557acaa2f94d01a0d23,2017-09-04
b1442c6b35c5a2551a41ac13f2624b10,8edb5fc64d0164779ea9fdc298113cf7,delivered,2018-01-18 00:40:53,2018-01-18 00:51:11,2018-01-20 00:12:47,2018-02-06 15:04:43,2018-02-15,6e2b83fe25a8f441711b5c3ee48535a8,2018-01-18
53bc886b1ad60443b3169542b7947f3b,81d8e3b6ba54d1dcc3f78a4099d2a192,delivered,2018-07-26 16:08:40,2018-07-27 02:10:47,2018-07-27 13:45:00,2018-08-03 19:34:29,2018-08-13,40fc602f9c25e7f471d2e5b348c100f3,2018-07-26
e9fd118cfbbc3ee32e556d653625271f,5f870c404cc888022b6366af6219fbb7,delivered,2018-03-29 21:53:28,2018-03-31 14:27:20,2018-04-02 16:13:36,2018-04-03 18:52:52,2018-04-18,e427964e6f0dfbba41df5433279b4b66,2018-03-29
ee001aa82afcebbc4d2cdc1214cf276b,ff867639e5f7ca1f857b05dd3aaac021,delivered,2017-12-07 14:11:04,2017-12-07 15:29:30,2017-12-11 13:10:19,2017-12-13 15:58:43,2017-12-26,c3803e151744ef0521a857f31e56de28,2017-12-07
126e645df0c526ccbc4b5561c91feb56,b5653ab4c41ba71e717a95be08dc31dd,delivered,2017-08-25 14:53:14,2017-08-26 15:04:21,2017-08-28 18:16:30,2017-08-31 19:53:07,2017-09-19,b50d4e8478d5d969ecf794e4ea090e20,2017-08-25
3b0e2a09a2ba5ae468fee216d5cd1a22,afac7ff50ffd18212de3818f997d9f63,delivered,2017-04-08 20:44:36,2017-04-11 04:02:01,2017-04-18 17:00:03,2017-05-06 06:49:57,2017-05-15,db095fb465d1953805f0a25b1618de77,2017-04-08
6b8dd07cb17dc25d9b06936cea822e90,d8c7a6e8f9e10ebb4c1fd2d31ffd485b,delivered,2017-04-11 15:59:58,2017-04-13 02:42:40,2017-04-13 13:42:49,2017-04-27 09:34:59,2017-05-05,8fd232dc0c1648e549e2811728f6076d,2017-04-11
3438da19facb0815f531bc3352447e29,d01595735e3e3c4d5fc7e3479c147c26,delivered,2018-04-15 20:59:12,2018-04-15 21:15:09,2018-04-17 20:06:24,2018-04-24 18:42:32,2018-05-09,4e68b737a8093584f62bcc8f617d3e92,2018-04-15
0d41469b51221ce43524f07c73a94878,bdd18a912896b89d0d760816f8d09a4c,delivered,2018-04-16 12:18:43,2018-04-16 12:35:31,2018-04-20 14:45:39,2018-05-09 15:26:56,2018-05-23,8880dfc33bc17f0f3e095b1836bacf1d,2018-04-16
beff862ded25ef1ad1087c93317e89f1,6c65e02bed0847d1ba27fc06e4032d5d,delivered,2018-05-05 18:07:13,2018-05-05 18:15:19,2018-05-08 12:27:00,2018-06-07 14:41:24,2018-05-29,a9a8e12cff7baec85574adf13b864f86,2018-05-05
d14639e8e6808119a16fde091d30b2d2,f9e5de2b9cdd6adc08fcf8a858a0c1a1,delivered,2017-06-11 13:29:42,2017-06-11 13:42:32,2017-06-13 15:02:02,2017-06-21 15:48:45,2017-07-11,f16a7418dca2619d9524be10babfeb5f,2017-06-11
6ff77ab4a4fe200c8684302532f8e2e0,5a7deacbb289cf8c806204f6b02fc0e5,delivered,2017-11-27 20:53:18,2017-11-27 21:04:23,2017-12-07 16:39:47,2017-12-28 11:28:50,2017-12-28,40bdad7aea3ed7f260960ef2ab0cc60b,2017-11-27
f50e54b63f3aef3514497d67977256f5,c6806b56d02b81f94a7579c5a8ed9363,delivered,2018-08-05 12:28:36,2018-08-05 12:44:15,2018-08-06 11:47:00,2018-08-07 17:35:18,2018-08-10,22a07b6d7ab3667efbe93ad136c0f100,2018-08-05
de74cb2fd733e35659ccfebf498ca02b,004937d0f9d6ce15c2830c00c2f482e5,delivered,2018-01-27 17:01:48,2018-01-27 17:17:10,2018-01-30 22:14:37,2018-02-21 12:08:56,2018-02-20,a590fdd68e210fa5f42764a2493f6223,2018-01-27
c5a6b3f14e7ccc01bd3cec98d73b7c42,ae741f089a165f8bb8b0737a6b903c33,invoiced,2017-11-20 18:19:04,2017-11-20 18:27:02,,,2017-12-12,d509dd3d1a5f5bc8448d71dfab057078,2017-11-20
830b06516f47e7336e2cb585284dfeda,83379feb9c6a054d1019e9a079775a3d,delivered,2018-06-20 10:05:55,2018-06-20 10:21:53,2018-07-05 15:03:00,2018-07-07 11:52:51,2018-07-13,f3b7aaba2ec5e60963dfe3bf537a54e0,2018-06-20
2fb340dbc607498b2929f3f6b2a29fb4,3fbc35a0bb3ff10f1e36f7ed1a1da121,delivered,2017-07-02 02:26:30,2017-07-02 02:44:09,2017-07-03 14:32:38,2017-07-04 16:25:55,2017-07-14,f78f551d7b3f0151f042b85c7c7a74ec,2017-07-02
9f451cb2b129195fb4006bfe9f9882ee,871055bd7d5ce8c492d02ad3ed010793,delivered,2018-02-13 00:19:51,2018-02-15 03:47:36,2018-02-15 22:05:14,2018-02-23 23:14:45,2018-03-09,5a174bb71d5ec2d4acce5732fbad85cc,2018-02-13
97a1a97ba78cf7a92dcd42d2d9a7dd6c,9724f043fd2a731796ad831fdc95471c,delivered,2018-03-21 12:59:12,2018-03-21 13:10:33,2018-04-17 17:32:31,2018-04-18 17:26:37,2018-04-04,8021302579cee7312c300290e35d490e,2018-03-21
6711d32f6b3652ef28afeb71bcf586f3,3e9076ccb5adcbd5279603dd989c2f70,delivered,2018-08-05 11:59:59,2018-08-05 12:10:26,2018-08-13 11:53:00,2018-08-17 16:32:31,2018-08-31,05af29c66d8591d7e3d1c6e8331e60da,2018-08-05
7489466aa2aad065d81a6b70e516a562,8bcad790cb9a45f7cb07be9ed4765cd9,delivered,2017-02-01 11:42:15,2017-02-01 11:50:25,2017-02-03 11:06:16,2017-02-15 15:14:57,2017-03-10,96c8f75306459d1c914f6f702db087f1,2017-02-01
e3234cd6072b07fce570475325d2ca5f,5d8ec993e080395927c305ceed2ca621,delivered,2018-05-04 10:36:42,2018-05-05 03:33:40,2018-05-07 14:28:00,2018-05-29 20:28:48,2018-06-01,b41221a81fedc51a03df881e28b99922,2018-05-04
070a62ae87136bfbe6ef6d0e2883cda5,6957a0b44d49ff48e3bb939fe3432f41,delivered,2018-06-23 19:34:03,2018-06-26 05:37:28,2018-07-23 14:05:00,2018-08-04 00:08:26,2018-08-09,a1d6418fe32f5acbc6780e5840df0408,2018-06-23
3d7bbb0855485cbe41eca68eb774caeb,4232d226aaa704e6fbeba6ab06ca578e,delivered,2018-06-16 18:23:13,2018-06-16 18:37:24,2018-06-18 14:35:00,2018-06-25 17:31:21,2018-07-13,7c2452862c9eedace91eeb02990756fa,2018-06-16
d5785b236c4f065f0ce6432814eee6d8,7afdc9c18520131dea27905ddd17695e,delivered,2018-02-09 13:48:29,2018-02-09 14:15:33,2018-02-16 13:45:19,2018-02-25 20:21:55,2018-03-06,134b92863209592d2a044777428cc711,2018-02-09
0d0b7c65e71700ed5fe8ae8d2baac37b,ca1acfe5e122fab31e4609bbfd711b67,delivered,2018-02-04 22:14:40,2018-02-05 22:10:33,2018-02-06 21:45:47,2018-02-19 23:43:42,2018-03-07,d366cfc097d250c153a712cebfc7d94a,2018-02-04
1662797f04736ea5acb5de67d5672fcc,c82367a413b58dcccbad4eb8a50e8945,delivered,2018-03-16 19:39:14,2018-03-16 19:55:22,2018-03-19 19:51:55,2018-04-05 20:59:37,2018-04-05,2ccc5d0620e07e3b54b83848c31a08fa,2018-03-16
4765a33a4ab50002a81f461694f64563,d50f7f68a99fb83deefa52745bc76961,delivered,2018-07-31 20:53:59,2018-07-31 21:31:32,2018-08-01 09:14:00,2018-08-06 19:37:46,2018-08-13,fdf3a8eb3fc963cf1faf6314e77ecf25,2018-07-31
759ceb2a861358153b8c0727e3552c65,5f9c259ba6cfe5bc61908671c4455f70,delivered,2018-08-03 17:17:12,2018-08-03 18:00:07,2018-08-08 12:58:00,2018-08-13 17:18:49,2018-08-21,45e07930fa58c10fe8c8b1278c343f2c,2018-08-03
ff2af9c3633c70f37990bb59b0bed378,867fc3f851326da797d03c31e93717e9,delivered,2018-04-03 19:40:38,2018-04-03 19:50:18,2018-04-04 20:58:48,2018-04-05 21:58:55,2018-04-13,043fafc395021cdb15f9c86c835bddd0,2018-04-03
50d4fe343ec872ddb397502ccd3afeed,94779eaed3b9e3b1b2789fc6c1e0022a,delivered,2018-07-05 15:41:33,2018-07-05 16:35:31,2018-07-06 11:18:00,2018-07-12 12:03:01,2018-07-27,a84965c16544f396b6f8aa1236497bb5,2018-07-05
c439a063d60f29fa2a257b40cef5c379,fec991b4de20b2284f4c441df760a6ed,delivered,2017-09-26 22:22:38,2017-09-26 22:35:17,2017-09-27 12:52:15,2017-10-18 21:37:57,2017-11-07,0d03c613535cac801a444e62412fd28f,2017-09-26
1bd0359d89e511c3c49753133e831bb8,f75bc4f44ca718dcc8eff4ea5ab8e7ee,delivered,2017-10-14 10:58:20,2017-10-14 11:14:35,2017-10-17 10:55:10,2017-10-25 17:37:51,2017-11-29,617f1d791e1c0306ee1dbfcef62fa8ae,2017-10-14
4ecaa89890ac8e7f9735c36fa6663dea,9127563d037bc55fcab2dab414304436,delivered,2018-05-22 17:44:18,2018-05-22 18:37:08,2018-05-23 06:46:00,2018-06-06 19:58:26,2018-06-11,6bae3d248c2fcb847d59a027b4c30c89,2018-05-22
5a5896dc84244c4c26d3b06c22167422,bde0289b3e5c6b604b8367b261152c44,delivered,2018-04-29 00:53:51,2018-05-01 06:12:51,2018-05-02 15:21:00,2018-05-09 18:58:50,2018-06-01,7d53db31fcf3878cbac1e8766e1dc06d,2018-04-29
72da473ce9c065b6b7120da52ad4ac02,927ed0be87912a8b3a9a1cf70e159219,delivered,2017-03-02 19:08:58,2017-03-02 19:22:06,2017-03-03 13:51:28,2017-03-07 16:00:43,2017-04-06,4b137731b76d7bc1cb5c79d9c8cf2377,2017-03-02
9d7df8739e1e4f14bec5bc3d090e1ab6,bf5ed97bec9672df528c128bc44f28ea,delivered,2017-12-13 19:30:39,2017-12-15 19:31:16,2017-12-18 21:07:16,2017-12-28 19:12:37,2018-01-11,1127d5b7268d9b7c6aebb57933aca87e,2017-12-13
d1ccf9110e914e714e76f6434142710f,ae43fa31e3049afec30101c2c05cf2fd,delivered,2018-05-03 17:36:45,2018-05-03 18:14:52,2018-05-04 09:17:00,2018-05-14 19:48:48,2018-06-05,944779ed5e0464b49fbb2108382b0ddf,2018-05-03
9baa1fea77be1dc7d5ef2ad847110a14,cb32fe2aeb8e53ae62644d5afc5b2bc9,delivered,2017-08-05 13:31:17,2017-08-05 13:45:16,2017-08-10 17:48:07,2017-08-21 19:18:42,2017-09-18,c0a2e2e17f16e2d424667e45e501c39f,2017-08-05
294b367987f073eb316ecef17f1078a0,b2faeb7f4e8636d79e2059983c5e6cd0,unavailable,2017-09-22 10:00:20,2017-09-22 10:15:10,,,2017-10-19,0e4348d43e951a56ecb1847d9e60581c,2017-09-22
473b38a35912884a11231cd5d0bfa5b0,b973f4a7f7d846d2a1d8d0ea0793e219,delivered,2017-12-02 17:29:19,2017-12-02 17:38:26,2017-12-06 22:22:18,2017-12-07 20:18:54,2017-12-21,02e5f63d2706fa1cdf1b54b66155db73,2017-12-02
e0bb8d950282b26db2d1090b296244fe,8defe1397196855efc5abc7f4a806bcb,delivered,2017-09-16 17:57:35,2017-09-16 18:10:16,2017-09-18 16:57:52,2017-09-25 18:23:32,2017-10-17,4734fbf54dc311bb5593c823625133a5,2017-09-16
a66196d313e431749d0ac48fe827ab1b,ec9a7d378b0d04898043ca0bbd08da11,delivered,2018-08-18 19:00:55,2018-08-18 19:10:09,2018-08-27 11:37:00,2018-08-30 17:57:34,2018-09-19,622e0790cc617e9cf5ed9f1075e5196c,2018-08-18
d39cd8aec30c3829bad1c1b4194b4fd8,87c10876090200b63f130ffb699b2e82,delivered,2017-08-25 14:34:50,2017-08-25 14:45:50,2017-08-28 16:13:19,2017-09-05 22:37:39,2017-09-21,f63995310ef953fe62d42ed1a1a7f973,2017-08-25
a768049a2510d97366b9493ac06571a3,bf0aad41259a64a31d5c0ad70cb7d664,delivered,2017-12-13 12:56:38,2017-12-13 13:12:06,2017-12-14 00:03:29,2017-12-19 00:43:25,2018-01-02,8ea6a7d55ff9167c3e6b68268ea02a0a,2017-12-13
34dedd5cb5e0f12df565171392540a8f,ca501f1553445b00533c1596108fbc32,delivered,2018-01-12 17:31:07,2018-01-12 17:49:42,2018-01-15 20:36:45,2018-01-19 21:08:57,2018-02-09,d7d225d531a9185f3fe6b6c8818c1614,2018-01-12
789f80b9a080ec60edf11f458b268b01,14df7c5740124d76b693cda86ce46b86,delivered,2018-02-25 18:57:26,2018-02-25 19:27:46,2018-02-27 16:55:52,2018-03-01 19:05:02,2018-03-12,5f95abc7628cc1561c58588e87da2fa9,2018-02-25
e6f4552718815a4804aec218dce78af3,6ebcc946fecf3e62b0af4168f99a5e9c,delivered,2018-08-03 10:00:14,2018-08-04 04:10:30,2018-08-04 09:11:00,2018-08-07 14:16:34,2018-08-13,7539138e26d0cb7e38835cc7b00f56a2,2018-08-03
4e83394be5549984fa381766d2e989da,e054ddeabd063a5f32a0f0ed5909deb0,delivered,2018-08-20 21:11:22,2018-08-21 04:10:25,2018-08-21 14:26:00,2018-08-22 21:08:30,2018-08-23,a8b4b512c8bfe17177791db87cc83a95,2018-08-20
8288bb5ead7afd8740aab37dbc902214,dfa240e72bee78c1527a3b8165685fc2,delivered,2017-09-11 19:52:46,2017-09-11 20:05:20,2017-09-12 23:29:08,2017-09-18 12:18:41,2017-09-28,6b0089bbfebb0ffbae18f1889135b3ef,2017-09-11
8193580d95dea97d43937711060b2846,4227cf6df4208d3ff1ce0aaa14e265a9,delivered,2017-11-09 11:20:34,2017-11-10 02:55:59,2017-11-14 21:22:54,2017-11-23 23:09:52,2017-12-05,da1e7179b9c5a1494d78528cbcf05aa0,2017-11-09
27305b6f34b0b06a5323934d520c62b4,3bf731f03ad7f0f5dde64a331ff40354,delivered,2018-02-06 00:36:22,2018-02-06 00:50:05,2018-02-06 23:58:27,2018-02-28 12:37:06,2018-03-14,606e9cb1cc39c66ca46b24f302ad52e6,2018-02-06
0700ebb6d2f93a025b6ba09074cb57c2,b28df93f277b995d67fd7b31e40a932e,delivered,2017-04-12 13:07:44,2017-04-12 13:22:38,2017-04-18 14:45:52,2017-04-27 06:51:34,2017-05-08,8d19a071f7a43b7c1bb71f878864d6e2,2017-04-12
7e22f51e3776fdeb688dfb2af5bc7147,39183ddffd0caeebdcd53dcfd486e000,delivered,2018-04-23 22:57:05,2018-04-24 19:06:38,2018-04-25 16:15:00,2018-05-04 15:21:56,2018-05-21,110273b45c1888a8ef4088a522d60d69,2018-04-23
1ec5c99642df4c4c2469179b48e0343b,1f052326d77ddba70bf6747a402e683a,delivered,2018-03-07 20:42:01,2018-03-08 14:29:00,2018-03-09 21:04:15,2018-03-20 20:48:33,2018-04-03,3124024ba0f91794170d3d64dc9f57bf,2018-03-07
eabf14d3801fb19197cd5305f40fe8c7,273c6f662c38f1ede258db91b1a53f46,delivered,2018-01-28 15:48:58,2018-01-28 15:58:50,2018-01-29 20:29:01,2018-02-05 17:03:09,2018-02-22,a61d4bc7f6774fa131d94675adfe1c00,2018-01-28
2c293bd3c9f41735731112a36cbcaf81,b42845800e932aa00790fd8ef2bcfa57,delivered,2017-10-14 13:22:39,2017-10-14 13:49:26,2017-10-17 17:19:48,2017-10-23 20:27:44,2017-11-08,da0161a3715285aa96579834b9ee8597,2017-10-14
5946778f2ee1bc2f6514f8e1cad43971,eb6e09be276c91d873889d2868595748,delivered,2018-04-30 14:27:22,2018-04-30 14:54:50,2018-05-02 12:31:00,2018-05-03 18:42:51,2018-05-09,c8abffe7e68de3d6c4b6dd6d4c320dd4,2018-04-30
f283f9e890416ffcfd4d5d86821cfd46,bada0d55f95ceaf4f6744c5987501c90,delivered,2017-12-22 14:12:35,2017-12-22 14:31:44,2017-12-26 18:48:03,2018-01-04 17:09:04,2018-01-19,ffac330ca7f9bff857210af3a40b08d8,2017-12-22
486624a60deed853a5e30a50fd5df762,80255b4d66957ab58626ef18f9c5f16e,delivered,2018-06-28 12:04:03,2018-06-28 12:15:19,2018-06-29 14:03:00,2018-07-04 00:38:37,2018-07-19,d846745ab9139733b75864c6bcc859f3,2018-06-28
7c2ee08449e6b8b55158e518778dbe83,58456fe345a47eddb73e11a8c91a1b69,delivered,2017-06-12 17:14:01,2017-06-12 17:25:22,2017-06-13 14:43:51,2017-06-14 15:17:00,2017-06-30,defbae0ddd4aeca563944124fbcc4bae,2017-06-12
b1d6b79bb981ccf6f6d824232cfc3884,d6123842c48302be7a8d2d21e0512d7e,delivered,2018-02-04 09:50:38,2018-02-04 10:10:08,2018-02-05 17:44:12,2018-02-06 23:18:43,2018-03-01,ca9562eb7729466f4c31182bb6da239e,2018-02-04
74df7f96ed0e23d9290b02f3534eb597,89faec4c34040789ece5e71144d0c4ca,delivered,2018-08-05 14:52:28,2018-08-05 15:05:13,2018-08-06 08:15:00,2018-08-17 18:26:38,2018-08-14,e64494c8d47715e6604862013761e07b,2018-08-05
b54fae7a3880a8421f9f38a8aba5e745,28a45e2875e825355a024a856016bc2b,delivered,2018-05-07 10:45:23,2018-05-07 17:56:10,2018-05-08 14:11:00,2018-05-17 20:40:40,2018-06-01,2bc5699d49315864b9444fe4ab2ba6c5,2018-05-07
4d2997398817763e25ae074190f98a32,a02db36cdd670da64c5e7c941dd95f29,delivered,2018-07-19 11:44:03,2018-07-19 11:55:23,2018-07-19 12:53:00,2018-07-23 17:18:57,2018-08-07,f257d52f508db8a759f842cd826f6945,2018-07-19
71cc257b20c7f9b439b625fa41c3fb36,c609385ba193036d6348ba274c22fe7d,delivered,2018-01-03 23:07:36,2018-01-04 00:56:53,2018-01-04 20:54:42,2018-01-11 21:13:04,2018-02-02,6f8a1da5ba79213b20f46949fd47589f,2018-01-03
e80816e94dec73e777b4951533d8f50c,6a22bc47f4e4d19f68ea3691bc6a49fe,delivered,2018-01-11 07:36:59,2018-01-12 03:32:29,2018-01-20 00:04:26,2018-02-05 19:43:10,2018-02-16,b507103bd81e5d0dc3e6c3d50a732f36,2018-01-11
735ad119a24ea4a9d6fbfcd9f296920a,424ca0007f462e65164136500127e8f3,canceled,2017-07-24 11:38:43,2017-07-24 11:50:18,,,2017-08-07,0cbfd6fe37a4c1c3248861ece0263dcc,2017-07-24
eb92f6fdb8dcd9a9ab21c341b4a3ca5f,78a0a4fe355394a8f2ab9efd5fa38206,delivered,2018-02-09 02:14:32,2018-02-10 02:10:23,2018-02-14 18:38:23,2018-02-22 14:37:50,2018-02-23,44b5ed236201a54be80b177c14cc9379,2018-02-09
17f7971d77f3b781ed3a2846c5d41946,7fc7c15105f0df0bf815b5b149eb04e6,delivered,2018-04-15 00:15:32,2018-04-17 05:50:39,2018-04-17 20:07:33,2018-05-04 18:21:23,2018-05-23,241c823bc40b844874ac22c62238e740,2018-04-15
878697957b3d5ed7b037b0dbd7b8af8c,36c540c5c82e28dd7b58e34234911285,delivered,2018-03-20 17:10:00,2018-03-21 17:08:53,2018-03-27 18:42:54,2018-03-28 20:14:37,2018-04-02,5397ad82386afca0aad93e8c247afb68,2018-03-20
a69aaa894f707814637e9794aa556f0f,ec27f1360f5b6f250aadf778bce052d7,delivered,2018-05-05 20:56:40,2018-05-05 21:10:36,2018-05-07 12:11:00,2018-05-11 13:09:03,2018-06-05,ea4798e8c4af17606c73803add57526f,2018-05-05
786e854dd138995a512da0678ef48241,a2efb37fbb4d500fa86997d70eb49938,delivered,2018-04-11 07:16:59,2018-04-11 09:11:46,2018-04-11 22:42:07,2018-04-13 22:41:40,2018-04-27,75b371129ea83ed25e1826394511c4d6,2018-04-11
a4ce473749f3d49434d83a58607881b6,cbaf352110520ce35f32c8e4e22028ac,delivered,2017-09-11 15:09:42,2017-09-11 15:30:27,2017-09-12 19:14:34,2017-09-13 21:42:03,2017-09-21,bf34f637333160aa0d0698053e907b96,2017-09-11
116f5088fd9393bef556fc932533e3dc,ea5cb9da00ef93de9dc60b6b4286589e,delivered,2018-08-07 23:02:24,2018-08-07 23:15:16,2018-08-09 12:37:00,2018-08-16 23:41:10,2018-08-30,1a35f28e0a73098a686e8cfa59cdfb34,2018-08-07
027d2a0c2a94018f57fd1b15f32a18a3,96fde6eddc46595a15abddb41f62af9e,delivered,2018-01-04 16:52:07,2018-01-05 16:48:03,2018-01-10 13:22:48,2018-01-15 21:03:35,2018-01-29,5c0662e09dd48f38f85fbb079ad84580,2018-01-04
dc87bada73c00ce3e2e2c2b985c9c647,9f8a7c7f427769d962c96e719c332bef,delivered,2018-04-13 09:53:32,2018-04-13 10:11:20,2018-04-16 22:58:59,2018-04-20 16:58:39,2018-05-08,bf9d60c2fb1a8b2734313b9b6e211668,2018-04-13
116debdd5705aaa51630c3e292565d06,eff65eeeea88dd72b5d427f2071b3751,delivered,2017-08-04 15:56:10,2017-08-04 16:10:21,2017-08-07 12:50:09,2017-08-16 18:44:09,2017-09-08,731a7cfcd37a25cb4bbe606e4f0d2f87,2017-08-04
afbb859246fee92c1850a6e8bf1a9854,7cbabbc325ead8aff30d16680d346c0e,delivered,2017-11-16 12:33:17,2017-11-16 12:56:21,2017-11-17 16:16:27,2017-11-27 19:56:45,2017-12-07,ccd2f7d983d761b9c7520a266bfcfc81,2017-11-16
a9a01a2ee8432d4acf4e023f5259211c,6eea3177ef3d1e93fd00e05ce4fa1c70,delivered,2017-10-27 10:35:04,2017-10-28 03:07:51,2017-11-06 16:45:24,2017-11-10 21:34:33,2017-11-21,d53639299eeaf62391a0fdb524dcec5c,2017-10-27
28cc666d3c85564ac6854085a36582fb,9bad93b17d6f93ac3ec4f63c2fc3b7dc,delivered,2018-02-23 13:08:12,2018-02-24 02:35:46,2018-02-28 19:05:03,2018-03-01 21:05:04,2018-03-16,6497054082a747cc31a97fa236f977db,2018-02-23
72a052a9ab8a74244365ab1abf627bf3,3af9ceb92649140512cebf7ae5c3b8f2,delivered,2017-11-05 11:03:50,2017-11-05 11:10:26,2017-11-06 19:28:53,2017-11-07 16:43:19,2017-11-17,79c38419d77b549344a137b38f0ee31a,2017-11-05
4bd68cb4a5f7a692f05af3eb298c4039,737e7f52d173df59ee17f5f0c6e86db2,delivered,2017-07-31 16:33:37,2017-08-02 02:35:05,2017-08-08 14:48:37,2017-08-14 11:54:03,2017-08-11,6b1549c509ef8c31aa1eaa92f318e5b8,2017-07-31
103ccf024ec97c46c81001a91c2faf01,49a3c4e0ed2d5e1d35a1b81b1e6cbe10,delivered,2018-02-20 15:27:42,2018-02-22 02:28:38,2018-02-26 19:06:50,2018-03-23 17:49:38,2018-03-22,e44d546be96c82a9d40e414da2d5a8dd,2018-02-20
731369a05548c07e8406df981f3fbef0,e9c7016df4cc90649c235d90f55ecc2c,delivered,2018-04-04 21:53:53,2018-04-04 22:09:11,2018-04-10 22:48:40,2018-04-11 23:46:37,2018-04-16,ed33f787f6431b04641f53e575b2648c,2018-04-04
ea8458d25568c5313d501ba2b21c68f0,897ed9ba7466250d5fbe3a8e6bc311a1,delivered,2018-02-14 14:41:04,2018-02-14 15:08:10,2018-02-15 20:37:08,2018-02-17 18:08:04,2018-03-01,0c5950b494467e7a402b0713ae6a50c8,2018-02-14
5716624efc4b08c1811ea65d40e31427,0d9eca4e834f2d5266531df950fcb6b8,delivered,2017-07-04 18:01:08,2017-07-05 17:40:42,2017-07-06 15:35:40,2017-07-14 17:39:41,2017-07-26,5f6bcc49296a9884181ff3e02f0ee62e,2017-07-04
55d03c0ad1a4743f9845da6d9444beaa,b6a13d442a0f608803b016b15f09bbc8,delivered,2018-07-07 13:27:57,2018-07-08 13:25:26,2018-07-10 14:16:00,2018-07-16 12:20:54,2018-07-25,423f5b009686148ea66d352a321bb87e,2018-07-07
4a0ecd7c37432ea5916a1f36f7c402de,4d65fbe8c330d7b0f616d38fb9e46efe,delivered,2018-03-18 23:47:19,2018-03-19 00:50:21,2018-03-22 19:09:07,2018-03-26 23:36:54,2018-03-29,7fd50b75c22e82c5837f314be3da0c8a,2018-03-18
cc80e8ed42d1d4ac3dbe8e800672d01c,9553d51cd9913b2976ba7c1ccc4e4f09,delivered,2017-06-06 15:01:03,2017-06-06 15:15:18,2017-06-08 16:58:11,2017-06-14 13:55:00,2017-06-29,e136d629f4299e3663b4c4836a9056da,2017-06-06
09d557bf440b6c3b40cacfbb24fd5e28,c95fd5ec9cb15e99cbd4b8a9ff814ff6,delivered,2017-01-11 20:12:38,2017-01-11 20:25:06,2017-01-12 10:07:12,2017-01-19 16:32:01,2017-02-27,542736940dd0e914178cbc58a979c303,2017-01-11
820f61277104e987fc722e2e02ddeccf,0c9ac93ad6076cff6698e19b74bda63d,delivered,2017-09-18 17:27:14,2017-09-19 03:38:19,2017-09-19 22:29:39,2017-09-26 22:57:54,2017-10-13,481076c0b553cfcaf790314d557c0662,2017-09-18
be3522915c149522eb45df8854a71155,258409af397c249e483779937a4621d8,delivered,2018-05-22 12:51:11,2018-05-22 13:14:05,2018-05-23 12:26:00,2018-05-24 14:57:18,2018-06-04,0959acea5d85f9c1813cc6a5d551f4f1,2018-05-22
aebe4edc785354fcde0254c24c2d8e72,ae4bd86dee7a02e33ab573f70f141ee6,delivered,2017-05-01 13:01:41,2017-05-01 13:10:21,2017-05-02 11:25:38,2017-05-05 15:20:17,2017-06-01,2f47072309ad4f98ae752ee4a30ba34a,2017-05-01
30b7a7da48765c0f01627fe593e88358,cf8f5aa07d29c71ffbfeb95f3ac3f39e,delivered,2017-05-22 18:18:09,2017-05-23 08:22:48,2017-05-24 07:56:17,2017-05-31 14:24:45,2017-06-16,46c850e2d990302ab74ae150807ce78a,2017-05-22
5f2b11a0394b442df7e5f4419d5f9f2c,289fb34f7ddd8341499fa6d01022c84a,delivered,2018-03-08 16:52:11,2018-03-08 17:10:43,2018-03-12 23:16:28,2018-04-11 00:38:19,2018-04-02,1d3d1e52bb9e6223454758a01af2511e,2018-03-08
87362ced3e155e82485e17f95f7f79c6,cdc8a72f10450759bd9aafd76c7a11b5,delivered,2018-03-28 11:29:56,2018-03-29 03:29:24,2018-04-04 13:58:55,2018-04-05 15:07:51,2018-04-10,73e36e84433216c72ad58b4a63655fb4,2018-03-28
3e238891b4618a7a2224ea32becc04d2,89f529003f346f0440f42bedcc152771,delivered,2018-07-23 22:31:30,2018-07-24 10:31:06,2018-07-24 12:32:00,2018-07-27 20:18:31,2018-08-08,d0f146964d5dda4a7f837b5d8198d4ad,2018-07-23
6192897f85cb2aff6dd1fca56fddb45e,f77559535865a660bd328db79a177749,delivered,2018-07-18 13:34:22,2018-07-18 13:50:12,2018-07-18 11:33:00,2018-07-26 15:02:53,2018-08-03,f06f8aa9b9f71ec418c76b2883526e8a,2018-07-18
56286095ef8730771df8d223978236ed,a3b126a3b563ea3548afd53d78b7807b,delivered,2018-04-19 16:33:33,2018-04-19 17:07:37,2018-04-20 21:04:01,2018-04-27 20:02:50,2018-05-17,5b3b19201bb81179198a9ce0d26ae56f,2018-04-19
206b14014dd486bb4ca7b21e6927f5c8,f3ab792588cfcc343d4c21098e34706c,delivered,2018-01-30 10:24:58,2018-01-30 10:55:54,2018-01-30 22:42:44,2018-02-01 21:18:28,2018-02-20,9473d390db618afddbd04e915b2bef1a,2018-01-30
1d4eedab93656360bfea837a37784384,303f7461bb2ffddd93a3b9d26f6b5048,delivered,2018-05-16 20:42:25,2018-05-18 04:54:25,2018-05-18 14:39:00,2018-05-25 21:36:48,2018-06-05,d11093dcaa67d6f4e30f1d1b99375536,2018-05-16
2e61fdb90c06ee4a04c2ed31a1092574,4f9bbd7e6a8d672cd4cc69e09ffee46f,delivered,2018-03-22 23:28:21,2018-03-22 23:47:32,2018-03-26 22:41:25,2018-04-11 13:38:51,2018-04-12,be9b53a0fdc764c7362bb9f8414090f0,2018-03-22
4243bef9583d689a9c8fe6f055cef332,b2a6600fd626ac2b80a6dd5f98223029,delivered,2017-04-24 12:34:03,2017-04-24 12:46:00,2017-04-26 09:57:54,2017-05-05 08:44:34,2017-05-11,a52327252e5d68739d85eadb7dd461e4,2017-04-24
06d991e11738ba4a916a39cafdc75bff,93374fd993a5d1fdd8ced26018a7625f,delivered,2018-02-28 12:07:29,2018-03-01 12:40:21,2018-03-02 21:41:29,2018-03-20 01:21:44,2018-03-29,75401aaff51443612bab3796255b1d82,2018-02-28
2ef81da37176cfe633d519636052f2dd,cb209afb7b4b522a2f22a76c0865aaa1,delivered,2018-03-18 15:50:21,2018-03-18 16:05:33,2018-03-21 16:33:19,2018-03-24 13:41:58,2018-04-03,4b8b7bf8d90bd492c7a61ec3ce264a0a,2018-03-18
d1139f6bff6d301aca5bed7bfe9e7574,30bf53ce083c9ae5e77f2e9c7b3dfb3d,delivered,2018-01-08 16:07:42,2018-01-08 16:18:27,2018-01-09 21:53:58,2018-01-11 19:39:32,2018-01-24,56c59a093f47a0f71877f63943f81e7f,2018-01-08
dd8895e91847869a1317a8ef7313e241,ff8b98236a695505512aa2ea79e17c98,delivered,2017-09-25 22:12:33,2017-09-25 22:29:19,2017-09-27 13:18:15,2017-10-06 17:48:07,2017-10-17,4b66b83ef70065c79f4ebe6875902f3f,2017-09-25
a57ec1ab15e32bbd96dc388716a9193d,f74078b8c7665e05f5192f8c7bd95046,delivered,2018-07-17 20:04:35,2018-07-17 20:15:12,2018-07-18 10:09:00,2018-07-24 17:21:23,2018-08-10,0db6b854133b3ee6a248e68e6ffa5476,2018-07-17
6912f9577b4156d72ee607f78328ed11,9c2203adbf4d1a125282d868ee0df322,delivered,2018-08-26 19:39:08,2018-08-26 19:50:14,2018-08-27 13:34:00,2018-08-28 20:34:32,2018-08-30,4664f627d5c347246564d2df85a394d3,2018-08-26
955905cdf6d624f57f4eed64285077da,26233a1c81079a34ea562cc3af21c754,delivered,2018-07-22 21:07:56,2018-07-23 12:31:46,2018-07-24 12:42:00,2018-07-30 18:51:13,2018-08-06,39b98c468a5e77a2fbccd907f7f093a1,2018-07-22
f6952ea226398c9ef2809ed39031f768,def9aaea0b18418bc3f64d5a8139906f,delivered,2018-01-05 12:33:56,2018-01-06 02:08:25,2018-01-09 21:19:50,2018-01-26 20:11:47,2018-02-05,98ee60e61674cfb5038c83e000865605,2018-01-05
b945375051aa88d28c30fb42485897d6,33158e40adca9e94c660c997333e8b28,delivered,2018-06-13 13:35:02,2018-06-14 02:57:10,2018-06-14 15:14:00,2018-06-15 19:07:39,2018-06-25,4a7d0c3dd4e2ee7ce8066d880f132b19,2018-06-13
b2b9d8d0e06e619181a4436475ca7943,dd98d05326633211a367269840504010,delivered,2017-10-18 11:34:50,2017-10-19 02:56:33,2017-10-26 20:33:20,2017-11-06 21:51:14,2017-11-10,dcb6c5eaefa9af89380d8d22fc57a414,2017-10-18
25247d0d0e85887c565090cc16ff0255,6cb393c4edd43586fc9eb664579e6622,delivered,2017-12-11 00:04:29,2017-12-11 00:15:24,2017-12-13 15:49:07,2017-12-18 17:17:05,2018-01-04,38e31fda99a5fb901d27134d18d36c75,2017-12-11
139f77f83936e3fed4788e6675c1a64a,3123f2ece46a6a1aefbb82dbea259cd2,delivered,2017-03-03 17:42:10,2017-03-03 17:50:24,2017-03-07 10:15:12,2017-03-17 11:55:05,2017-04-07,7c5a7e345e74fc2a92fdf3a186bb142d,2017-03-03
69b3f018d682534a4f1d07ff49042957,665e87f87540962c2ee6844b7b4e2d05,delivered,2018-02-08 15:33:53,2018-02-08 16:59:16,2018-02-15 00:22:31,2018-03-07 17:12:21,2018-03-08,b262e01e7901b019821d3c77973ba254,2018-02-08
acaa91b87fbd9e2ff9171781226f73e9,645f164621ad4a048163ff95076755fb,delivered,2017-12-27 20:52:43,2017-12-27 20:59:30,2018-01-04 21:03:52,2018-01-05 21:52:30,2018-01-16,09f71385d535ad7ba7f1c6df43cc844f,2017-12-27
03d9d682de9c41158e00e17ee26d9070,bbfe9dba014344feb9e3714b0b541885,delivered,2018-08-11 01:10:24,2018-08-11 01:24:25,2018-08-11 08:51:00,2018-08-15 01:12:39,2018-08-21,59683b9b04171ba51cf17632a8e8a9ce,2018-08-11
a887a98a44fd41090859072971661ece,1909e865c04d42c1e5e5295c9890a779,delivered,2018-08-02 12:06:09,2018-08-02 13:04:12,2018-08-02 16:30:00,2018-08-03 14:45:00,2018-08-08,c6f4477475d8880485fe593056e1bbff,2018-08-02
1788d3cfde665564a327c52dd1bcb7c3,4685b8cfb7cdc5093ae2d972b5d0ba05,delivered,2018-08-08 18:31:54,2018-08-08 18:44:54,2018-08-09 14:12:00,2018-08-10 22:28:36,2018-08-13,582d5652f94a284e67644cbe0bb48ebf,2018-08-08
bbff6155059675574b04a09d10cbb76c,919f7e4b0905fe7efc81ebe88359031c,delivered,2018-05-28 22:31:13,2018-05-28 22:50:39,2018-05-29 13:44:00,2018-06-15 17:03:48,2018-07-16,144fddb3cd5ed0e313d70eb0a8df5215,2018-05-28
15b5cb72b88eef3759d55a8d7cbf0a6c,912c39e31c96d11b74a4711d64c6740d,delivered,2018-03-20 14:27:40,2018-03-20 14:49:27,2018-03-23 00:38:41,2018-04-02 23:31:54,2018-04-09,7d5e8e63f6ea07b707666991205d29ca,2018-03-20
d1b78e9aa448923bc97828d395174fb6,b6182b95308bd0134f350c2ca015d155,delivered,2018-02-19 22:41:32,2018-02-19 23:47:26,2018-02-23 15:07:58,2018-03-01 22:25:42,2018-03-14,6c7a57b0486ccff2607a8607155d1b46,2018-02-19
9d3086bce114e0c19770559e454cee69,7340e81f47c6ff6704d2e7b9631f9680,delivered,2017-11-24 16:56:28,2017-11-24 20:37:45,2017-11-27 18:13:06,2017-12-06 18:27:46,2017-12-19,4172c15937506e4cf9c00fe988689c8e,2017-11-24
eed6f74a190f23b5a8ac54a8b86aa79d,1c9d47c53485b0745f9b85d21a13581d,delivered,2017-10-12 12:08:21,2017-10-12 12:26:33,2017-10-17 19:37:52,2017-10-27 18:53:47,2017-10-31,05419d806a7acd2b01320e4909a933e8,2017-10-12
4c90c0f02994da677a91bd21fda04461,4036b2b89fc1fbbbe40175b8bef92bd6,delivered,2018-01-05 05:53:49,2018-01-06 02:08:00,2018-01-09 11:56:27,2018-01-24 20:22:44,2018-02-01,237ba31f40e910ae4bb9532999f9c04e,2018-01-05
07a394899e1b5de598df8ff3ea5edf37,10cb32f6df39982b4a0205a5c7bfd8d0,delivered,2018-08-09 19:37:47,2018-08-11 02:35:13,2018-08-13 13:02:00,2018-08-17 20:38:44,2018-08-21,238078f2d4bb00e77bec9b68f980d5ee,2018-08-09
58b82716262632e133356566b8a5e10e,ba6b908db045e2700baef18f408166bc,delivered,2018-01-03 19:48:29,2018-01-03 19:59:37,2018-01-04 21:54:53,2018-01-15 19:33:10,2018-02-01,7ad3aa7d0b5590e92e31234004cfe4a8,2018-01-03
a42e0d143aa73cfc5268d6756f36e7cf,7eb37bd5885d04ea620b7b832152e1f2,delivered,2018-01-08 20:49:43,2018-01-10 10:32:43,2018-01-10 20:56:33,2018-01-17 20:58:47,2018-02-05,3e51583cc9801a5065127e7d65fea4e6,2018-01-08
42b6b03433736aa4bf2d0c5861b17879,8c3ffcc8a92c7cf23426b0b9fbde5fc8,delivered,2018-01-19 23:08:48,2018-01-19 23:18:27,2018-01-22 14:35:08,2018-02-21 13:15:05,2018-02-16,214eb8193f173fd6333f89481e596099,2018-01-19
17635bd7488306e5da70e0c945e5fe83,2fdcc8d5431fe439ecf804319253377f,delivered,2018-08-09 17:01:54,2018-08-09 17:45:10,2018-08-10 13:33:00,2018-08-14 18:58:49,2018-08-14,c9c95b3008a12b91d3597b86d704f5d7,2018-08-09
a5e7b733ac9f9e3d9bafeacd10b5aff9,4ae745c1702dfdb655e2c1147289887a,delivered,2018-08-21 21:44:04,2018-08-23 02:44:30,2018-08-24 16:06:00,2018-08-27 16:54:45,2018-08-24,c678ab1dccbc0f934a182d2877644ec3,2018-08-21
7c921161980003eac272f619f2fa5776,c155fc0c74e24ef74f2f62258b8c4bbc,delivered,2017-08-10 00:17:45,2017-08-10 00:30:16,2017-08-15 21:15:53,2017-08-26 14:19:59,2017-09-11,438aa2b994cbb567b3a42e7c23185eed,2017-08-10
a1fbfc9aab174eae636440b4c8930479,b97fbf4bac9d15cbe025fc985e559c55,delivered,2018-07-14 00:37:21,2018-07-14 00:50:21,2018-07-17 14:42:00,2018-07-20 19:41:54,2018-07-31,e31cd0c9979952df7da46c91d8ffdab7,2018-07-14
7a36ddcacbdd80a7dd8771aa4c6e465e,e988b94fc82408ecac8299c744959c58,delivered,2018-08-06 06:42:46,2018-08-06 06:50:13,2018-08-07 07:38:00,2018-08-16 19:25:28,2018-08-27,d01e20bfb741f8a5a4c2c8582617c580,2018-08-06
c4923e01d78f318874e4a7752eab5dd9,cd478939cf2d29034aef4926535ac730,delivered,2017-02-16 10:51:45,2017-02-16 11:05:18,2017-02-16 15:16:51,2017-02-20 13:15:28,2017-03-15,42845e82cb6f10da2c4c8df163635a63,2017-02-16
3d3796e51ab31becaee3237763ecd690,6c552aa46fd3bfd27ef17d473f90fe70,delivered,2018-08-08 14:28:38,2018-08-08 14:45:09,2018-08-09 14:47:00,2018-08-17 18:14:38,2018-08-22,20185c8c9a8735753b2cb000d6024c14,2018-08-08
71ee60584962dede5dd9685e8bf397f0,b1a053d99f314f3641d2d09f356b5701,delivered,2018-01-26 20:17:07,2018-01-26 20:37:19,2018-01-29 13:29:48,2018-02-01 01:22:17,2018-02-14,7f3dfd894190e75971209dc602e43cb4,2018-01-26
b1060e1be953d38ce9cdf6140c7d27a7,daef48eca627cd84e93d4168615f7ee4,delivered,2018-08-22 13:57:22,2018-08-22 14:05:10,2018-08-23 16:28:00,2018-08-29 17:51:40,2018-09-17,782d02779fa7cf0981341f04323c41f0,2018-08-22
8b86d33f9f1ddd6dd357b35d1670bc29,a158a8ccc50c09ac24b651ce59561d27,delivered,2018-07-19 15:53:53,2018-07-19 16:05:25,2018-07-20 15:22:00,2018-07-24 22:03:48,2018-08-06,3ed6ddb612630dbb5e74bf1e07910797,2018-07-19
ebcb685bc1704615fc22e5a0b73f2dc7,a4747f37f033452617ad330896f582c6,unavailable,2017-05-24 19:10:03,2017-05-26 02:35:26,,,2017-06-13,9a5f4a671f4a0f580f0631021befd2f1,2017-05-24
c6a9e39db5f61068d017ee903b277478,a44a037a63d6afc0e4e241e95abc4fc0,delivered,2017-08-09 10:22:04,2017-08-09 10:35:13,2017-08-11 13:36:55,2017-08-16 21:21:57,2017-08-31,020aa2d69bca8c7a0b3da5f8e602c26d,2017-08-09
2c78914d7d6e6d7a648d2fcdd67e8c3c,d2af3edd6b796f2a252e76b0ecce3fc8,shipped,2017-07-13 09:57:08,2017-07-13 10:05:13,2017-07-14 18:38:53,,2017-08-10,e6bc2428864d779914fcd076ae336b88,2017-07-13
6fa1dd5611d4b380144fbe44fa788ad9,e3f70a618d0f9b0d7c21d43b5abc463f,delivered,2017-12-01 13:29:07,2017-12-02 02:38:05,2017-12-05 01:06:51,2017-12-12 23:37:41,2018-01-05,f4e5cb6321ff7e6acaf8eb6dc0bc3580,2017-12-01
bbc82e918e96057462aa6983e7035fe5,79c719bd423a3670aad59272146350d7,delivered,2018-03-17 16:05:06,2018-03-17 16:36:27,2018-03-19 19:24:51,2018-03-28 22:18:24,2018-04-11,c570e42e1916530394564f6df7392db0,2018-03-17
f9dd9a8cfc84d41422b687402ab4619b,b4f0cbcbbb88bbb7db67ae08a77973b5,delivered,2018-07-23 06:57:36,2018-07-25 02:45:12,2018-07-25 15:46:00,2018-07-26 21:12:40,2018-08-01,0e44996ca651d01af85346e582edc204,2018-07-23
e5f642cd02cde85e17b08c8c1534801e,0f24a3bab61713ae6326c93112b0b368,delivered,2017-11-06 17:33:18,2017-11-07 17:48:07,2017-11-08 12:48:36,2017-11-16 21:47:36,2017-11-30,60b8395018e55124548d780d23b9c02d,2017-11-06
676ad3c00d76971326e0e1a03f976e2c,e4817c123974b4d71409d4b74f05c6bd,delivered,2017-12-24 13:30:03,2017-12-24 13:38:19,2017-12-27 21:59:26,2017-12-30 18:58:53,2018-01-15,ad5adbaf02299dd88836987a3933b833,2017-12-24
13917780488fcc5fa2f9fa3c45549c80,b4593b19fb4a0179fea1ea466613b3e4,delivered,2018-08-07 00:25:55,2018-08-07 00:44:42,2018-08-09 00:28:00,2018-08-14 16:51:55,2018-08-13,d022bfa0609143421208636914d0e4d4,2018-08-07
9e844ac3fb9440b1393bf80ab5b59860,b5e540c572020f7fbe4801e8f0a807ad,delivered,2017-11-03 22:18:57,2017-11-03 22:31:32,2017-11-07 20:21:15,2017-11-21 16:38:45,2017-11-28,a4fd91dd92817169a032d202f2c1aa06,2017-11-03
56203d7ad8ce86a53281778d2dd2c9b7,3c12346ea1f05ce151ba3029c1cbf60d,delivered,2017-04-03 17:52:36,2017-04-03 18:02:58,2017-04-04 14:34:53,2017-04-19 14:46:09,2017-05-09,9bf9e8c962ab8bce4daf3ec7d0a59e13,2017-04-03
3b97562c3aee8bdedcb5c2e45a50d5e1,065d53860347d845788e041c0dae53e7,delivered,2017-04-14 22:21:54,2017-04-15 22:30:19,2017-04-17 09:08:52,2017-05-17 10:52:15,2017-05-18,2010e127a34623e7e0b0728f43264e89,2017-04-14
2b413cbffec6d32139cb697b20560b04,54f6f3113f4bdb3f6ff66441550e1ab3,delivered,2017-11-25 20:39:55,2017-11-25 20:51:52,2017-11-27 14:17:41,2017-12-05 22:14:33,2017-12-22,c9e8f9c726966e72a880beb31787a217,2017-11-25
d19b8c6b433223ffd798af28489ccc02,66bf5445b228f0426252659775544d3b,delivered,2017-09-09 13:04:18,2017-09-12 04:55:11,2017-09-12 16:35:43,2017-09-18 16:03:53,2017-09-27,5a1b26f24321efd9bdd49dc98aed8384,2017-09-09
37e1410b5454961bcf08c55ba72613e7,120fefe7ea516ca694e3fc027e0600ed,delivered,2017-06-05 13:54:42,2017-06-05 14:05:20,2017-06-06 11:40:27,2017-06-13 17:16:16,2017-06-28,65137cb40a0b22abd45ab2213b89d7eb,2017-06-05
2078512e84c5104a45f4a1b80cce3ed1,94d5f4cb359028e2e43c3c240f4d5c81,delivered,2018-08-06 18:01:54,2018-08-07 04:24:38,2018-08-07 15:55:00,2018-08-17 22:48:43,2018-08-20,248bf919367fa1e37a5af84d254e9adb,2018-08-06
243a969145fd8c5e4b6789857fc5d877,5db6c3bfaa53d6ed2ecfabae96c8039f,delivered,2017-07-07 21:46:44,2017-07-11 03:55:31,2017-07-11 21:14:04,2017-07-13 20:42:38,2017-07-24,29e751a66e1fb18552766444a32c14a6,2017-07-07
0fb2bd6c42efa12c5f32ee37e5f9fd34,832a01736d438b4fec97d9c2b098274c,delivered,2018-01-26 15:01:14,2018-01-26 15:15:05,2018-01-29 17:28:29,2018-02-03 12:51:30,2018-02-19,833b4c56ae7aaccf8683a8ff39f330e4,2018-01-26
28e7148abde825a20fa617db02f92c99,89a4039536234dda76270ebb007d3d6b,delivered,2018-05-13 20:23:19,2018-05-13 21:35:21,2018-05-14 14:57:00,2018-05-16 01:22:39,2018-05-22,e51f7a0bf2bc5a3fcf6ef18319cd4456,2018-05-13
e47a63ad65b54953702eae37cb14632b,d4393ba8ed1362c5f26246aa6a2676fd,delivered,2018-07-13 13:10:25,2018-07-13 13:25:22,2018-07-18 10:26:00,2018-07-24 20:48:42,2018-08-03,dd3b43978ac68412d41f09c8354bdf7c,2018-07-13
810a275a39d5f6934c225713d5aa9568,8e45de2e73431d2fb731feb8112bd110,delivered,2017-12-07 09:21:27,2017-12-07 09:34:34,2017-12-11 22:26:47,2017-12-14 16:07:09,2017-12-26,2a01b3809c12c71b5a54f5cd7fbdb1a7,2017-12-07
17313705481d054edde23cd5c42a0819,0efffa0f614cc54997bd7401a60fdcf6,delivered,2018-01-08 21:43:53,2018-01-08 21:55:19,2018-01-09 20:47:08,2018-01-18 20:06:21,2018-02-01,cef44ce121b124fdc3438472b1ac4e9a,2018-01-08
00119ff934e539cf26f92b9ef0cdfed8,7dd2e283f47deac853cf70f3b63c8d86,delivered,2017-08-06 00:42:49,2017-08-07 00:35:12,2017-08-07 21:12:34,2017-08-16 17:29:59,2017-08-31,13df7b623839b4edc579ee40279d57c8,2017-08-06
37a17c5250faaeed1cd077f903e08994,1339f8ef4694fe3903a7591c5e890c22,delivered,2017-05-29 18:08:51,2017-05-29 18:22:49,2017-05-30 08:25:25,2017-06-09 13:23:56,2017-06-29,71bd6ff3f70090f785e26643f22c6484,2017-05-29
7599f0394aa4e7aea57ca87897378014,b3d94a7947f1b122459d6494760708e8,delivered,2017-07-20 13:34:43,2017-07-20 13:45:16,2017-07-22 14:14:45,2017-07-25 19:33:08,2017-08-04,f0ac405c280fab1d087b8982e7801b54,2017-07-20
ac8a707fb4b1197afa70e75fa66f187d,2132a8bd65234b13e7550a593315e747,delivered,2018-08-03 09:04:28,2018-08-03 09:31:14,2018-08-03 17:04:00,2018-08-06 19:31:49,2018-08-08,be860dd3b7e6d4fee6116fdffebcf8f3,2018-08-03
ed4681677f54e700fbd94ae70f1a85c6,91c66f98e2690e4f7957e24809a03266,delivered,2018-01-09 14:19:44,2018-01-09 14:30:23,2018-01-11 23:22:55,2018-01-17 19:17:12,2018-02-06,325f60d5e465e5ba4983bfd1ea216f37,2018-01-09
a00d80133807b3fcebee86be41116908,de4c540fcac301e3bf0dd6a9ffcfaa8a,delivered,2018-04-22 17:44:50,2018-04-24 18:35:49,2018-04-23 22:37:31,2018-04-25 22:56:48,2018-05-08,96681aa4276748a9133ab6c0cb7f2111,2018-04-22
81923dfc527e6776a83b7e7d7b2c8dc4,1f22b24610582cb3c91d898e137f9ee3,delivered,2018-05-04 20:47:16,2018-05-05 02:55:14,2018-05-07 16:05:00,2018-05-16 20:02:08,2018-06-01,4ab8a5648f2476603ab06f5b42f457de,2018-05-04
88407c8c6e12493ff6e845df39540112,e902cb9d9992a69a267f69dec57aa3a3,delivered,2017-08-15 02:03:01,2017-08-15 02:15:13,2017-08-16 15:52:29,2017-08-25 21:59:26,2017-08-28,28adbfbaf0b9c5e5a0555a8c853a7534,2017-08-15
efc7c29e1816bb3d30c1e8c207bf87ca,7d455392cb88ae54b111bc3a6c90c721,canceled,2017-06-23 01:15:59,2017-06-23 01:30:08,,,2017-07-17,73ae4f70ede92dc7822f5c1253bc8906,2017-06-23
6d2d513c85c6b40a59a24c477959acdc,ba6690c4e90188834da0273f567afe0b,delivered,2017-10-04 23:16:47,2017-10-04 23:35:09,2017-10-06 21:18:31,2017-10-16 16:45:32,2017-10-23,7fdc7bc8acb4c2a7ea0025b571f1335d,2017-10-04
0e85c36b701220fa1147e7e7012974dc,c861e6d97d36e0ffd13a5671a8a06fee,delivered,2017-11-24 22:34:03,2017-11-25 01:37:21,2017-11-28 18:09:33,2017-12-08 17:52:41,2017-12-18,874aa90b3d6b99086090388c5088c42f,2017-11-24
fe9dfb5a8e406ad9ebccdae758e0bdaa,0eede221140cc1e3830add38c6338870,delivered,2017-07-25 19:42:51,2017-07-25 19:55:16,2017-07-26 18:49:43,2017-08-02 21:57:53,2017-08-16,8ac0c45f8e89a3d25738b3700ee9e132,2017-07-25
f37a42c45897de143426b05fa30298aa,601cd8ec28f2fa70e88703d1263cb7e3,delivered,2018-05-24 19:05:16,2018-05-26 02:31:46,2018-05-30 15:44:00,2018-07-04 18:36:34,2018-07-04,b4ad67431146fdf3b8243bff534a61d7,2018-05-24
91efb21be6a9b69ab5e7f13f7dd74b3a,3b50ec863517ca1ed754cfd466fde4cf,delivered,2018-06-27 13:14:27,2018-06-28 09:10:39,2018-06-28 16:16:00,2018-07-11 23:08:25,2018-07-25,ffab5330bd7b40979ab6726b2e02292e,2018-06-27
8a03e73a80b701470a167fc0291836b7,4ddab76c82c365030cacb12a8e953dc4,delivered,2018-04-06 08:52:45,2018-04-07 09:08:08,2018-04-09 22:51:06,2018-04-13 18:06:54,2018-04-25,e45db642e7d86b11ad9991a32a961032,2018-04-06
9caec5f70676fea541e3dbcd2ff307e0,ed64b2141d2f8060d0ba07dd068d1d09,delivered,2018-01-18 13:25:36,2018-01-18 13:34:55,2018-01-19 22:29:11,2018-01-25 17:22:50,2018-02-08,1eaad07729f8be9fda642087be10056d,2018-01-18
c14cb154425639c9d91bd601bd5afe89,cc651839aaf53eb034cd0c8066e266d5,delivered,2017-07-13 10:36:40,2017-07-13 10:50:23,2017-07-18 19:04:00,2017-07-22 15:33:22,2017-08-02,145b5b9990638ea1e94adec4614812ad,2017-07-13
5b30af3b150295616c6564e91b8ec214,d0a0d79eda588379e44274ebe88f9b0a,delivered,2017-07-22 16:49:50,2017-07-25 03:50:20,2017-07-25 21:47:42,2017-08-04 18:39:44,2017-08-11,477ebceaf95a02964db3c4f639401008,2017-07-22
c7b067d8096220dcce7d81962a34f8ea,d5db5be412dcda8e69115414c61042a3,delivered,2017-03-17 21:50:50,2017-03-17 21:50:50,2017-03-20 09:49:08,2017-04-12 10:06:12,2017-04-20,14d46ad43ae7e3cd6944258b9840373b,2017-03-17
e12ba59fec6cde9a2cf1af5c0772185c,7944aa925503f8784ff4d2edaafacf9f,processing,2017-02-19 11:03:43,2017-02-19 11:15:10,,,2017-03-23,fd0e843308b676214ea30ea480295e3e,2017-02-19
88c8805f126160713535daf5badbd485,19eef015d1a30b6ef039a81c30ca3ef0,delivered,2018-01-28 11:43:37,2018-01-28 12:00:29,2018-01-30 18:33:07,2018-02-06 15:17:33,2018-02-20,2b540c3f6651e8e523e4a9b7904497b7,2018-01-28
d2feb2f430d7d97b41873672953fe944,e771c277cf012c1eb07d5986a5409137,canceled,2017-08-16 16:15:31,2017-08-18 02:16:03,,,2017-08-29,63886f940a92212edba1ced79bd6b0e5,2017-08-16
544317d6ff28d37495220e2bf024a1ae,fdcfb97fe3dda03be89b37e04d333e73,delivered,2017-02-22 18:04:01,2017-02-22 18:15:16,2017-02-24 09:07:36,2017-03-02 10:52:23,2017-03-23,f47b6531a2541941e5658210caeb43aa,2017-02-22
d2485e80a65cd94cd4a4755e0934bf47,74eeb796ef7b6f78ccfb0602376bc8d3,delivered,2018-05-28 14:37:22,2018-05-28 14:50:37,2018-05-29 14:22:00,2018-06-04 13:38:43,2018-06-20,74a34832eab03f8152e1e22bbbd78164,2018-05-28
bca32e22d44a9179359d3ee73a26ce49,e998acff98f91507e5d00ca8b10e76e2,delivered,2018-08-12 16:14:44,2018-08-13 16:10:12,2018-08-16 15:18:00,2018-08-21 21:20:38,2018-08-28,3301ed311d556f65038f3c50002eef18,2018-08-12
39be447fc734f6f66df4cf138f6582dc,551a7e7fcf65c22ba1253ea5cbce639e,delivered,2017-04-27 22:05:13,2017-04-28 12:53:51,2017-05-02 11:57:51,2017-05-11 10:04:22,2017-06-07,b3db13e8b7b325151c12ce826234f338,2017-04-27
ba657defc0b541ac3a861fa8827f1866,7e4e6696dd707bdf75a3cf6bf63b0e8d,delivered,2017-07-30 23:01:37,2017-07-30 23:15:09,2017-08-01 13:29:52,2017-08-07 17:02:24,2017-08-22,402c4b871c252bc20148f7cf9bd344ea,2017-07-30
dfd5946b221179472e8f929f1d7b41ce,d91f4781cb2fa1f5845b9ea420dd7eb0,delivered,2017-08-15 16:20:02,2017-08-16 17:15:14,2017-08-17 18:38:56,2017-08-30 21:04:13,2017-09-20,de305db623f8801d9641425f6e2339ec,2017-08-15
6155f621f8b443117634830dbf1ecd62,a9b523c9e67b3f3b12eab77b21122aa6,delivered,2017-07-03 18:31:22,2017-07-03 18:45:19,2017-07-11 18:22:54,2017-07-21 10:54:02,2017-08-08,619aa35016b1e5c4c3fcae6e45b27e4e,2017-07-03
093e88889ed876560de2968023715771,cc8f009a3720198ffbe68014fb567cfc,delivered,2018-04-04 11:30:28,2018-04-04 11:49:22,2018-04-05 18:32:09,2018-04-11 19:38:28,2018-04-27,69a703cf1a1a742e6b88ff86bd82b36a,2018-04-04
0eb90012b8c41dfd386552415c3b1760,6f380f1105060ce0abf373c93619c6ee,delivered,2018-05-08 09:03:53,2018-05-08 09:15:19,2018-05-14 09:30:00,2018-05-24 21:21:29,2018-06-08,9aa2ea826dc09dd76e04f020f22af5bd,2018-05-08
b1069dbe8202837514af3badecb431ab,562d3c3ceba1345be4057a414b9b1de8,delivered,2017-03-13 22:19:52,2017-03-13 22:19:52,2017-03-14 11:47:16,2017-03-17 12:58:12,2017-03-30,10cd1082f9f9c210733111429f3d0a85,2017-03-13
14f71e03c472d2b37384b55708ac8354,4c218eca2a721ce320b45f9cd190d7b5,delivered,2018-07-19 15:44:59,2018-07-20 05:03:25,2018-07-20 10:08:00,2018-07-25 20:48:43,2018-08-09,ac2a428ee8e0732d74df9340667b0f30,2018-07-19
c3038ab3b07ac682ba60729b1d74b24b,ab8238abc2ffe92f45b9c14b9f7f33f8,delivered,2017-05-07 22:49:19,2017-05-07 23:02:12,2017-05-09 14:19:30,2017-05-22 07:02:49,2017-06-13,8d5b0f019c3795f5639224a05ef3a4c5,2017-05-07
c05fcf75b5890915b93e39b636ec81be,f3c2a020a7e0f738d511f27c3db860f9,delivered,2018-01-26 10:42:46,2018-01-26 11:00:56,2018-01-30 22:21:38,2018-02-09 00:14:17,2018-02-21,974f9ef7de96bcdec15d2d8b4d8adbd6,2018-01-26
17b8a04ba7a415fb05b7f8cf67b27255,ffa6685e943cc587dcc80d8de8e9ddcc,delivered,2018-05-09 16:54:46,2018-05-09 17:36:07,2018-05-10 15:04:00,2018-05-18 20:03:11,2018-06-13,864793bc45eb84a40f2f9ff90c2a94a5,2018-05-09
e69a5e21c8b1ef4923a65be7357b67f5,689b6c41f6bd5339d3cb70b71ebc2f28,delivered,2018-04-15 19:42:06,2018-04-15 19:55:22,2018-04-19 14:21:33,2018-04-20 23:40:38,2018-04-26,d01cf8c6c7c836c5dd9320585928f42b,2018-04-15
f232d1da0838df24b1d767072fb6ad31,34113dc1804eb1c698d17556347b8d03,delivered,2017-09-16 12:19:44,2017-09-16 12:25:14,2017-09-21 16:38:12,2017-09-26 22:22:24,2017-09-29,70d4de5b5dd8d4cd9b1838643e82534b,2017-09-16
6cb37002aac9e0a0d9391f62e860dd7e,f09077c150a6709d8fece7e4907b1653,delivered,2018-01-08 11:44:08,2018-01-08 11:53:28,2018-01-10 17:59:30,2018-01-25 00:15:00,2018-02-16,d92cfbf017bcd7981a8f3f6039fa547f,2018-01-08
e23ad32d5c15d9ad308baddc6262afea,a4413edae691fd0d28bd04b8a38b259d,delivered,2017-12-01 09:30:36,2017-12-02 15:50:49,2017-12-13 19:41:21,2017-12-27 17:22:30,2018-01-09,3e43e6105506432c953e165fb2acf44c,2017-12-01
99c33bf1ceb89684e74a6438a277eef0,c53de8d7e9d4a9efbe33225951ffe8e3,delivered,2017-11-26 00:47:36,2017-11-26 00:57:32,2017-11-30 17:17:07,2018-01-10 17:06:59,2017-12-28,b17919a00da579882ac6b83ae2a224b3,2017-11-26
f097f3fe42fc73b4c2aa07e3cd149f0a,9175d54249e3be30456ba3e4ef216af8,delivered,2018-04-10 20:13:05,2018-04-10 20:29:48,2018-04-13 23:14:40,2018-04-23 11:54:44,2018-04-24,5bba30de8d2d5ba78a8c71b0ef147719,2018-04-10
af5135a5de31b24d91e4e3b75b44b896,77d9b095e49c4e2e9dc30044047e4295,delivered,2018-03-06 14:35:51,2018-03-06 14:55:47,2018-03-08 18:09:29,2018-03-22 11:58:22,2018-04-10,09b0c22064d0d0f4bf41db027ae7be5f,2018-03-06
c0d74e15535e242afea299f2edb23394,a0b2014ff906d045328fe8c8e01bd452,delivered,2018-03-11 18:38:33,2018-03-11 19:20:20,2018-03-14 18:38:35,2018-04-05 18:06:49,2018-04-06,6909c33753c76c7a1ead3ea5a6a6dfd4,2018-03-11
d5da3d3e9a68ba109b6f8f0d2ad567cf,28fb236e49de5398f663ca126533b457,delivered,2018-07-04 07:56:23,2018-07-05 17:35:17,2018-07-06 09:20:00,2018-08-17 21:22:01,2018-07-30,e941b520382ece7828e0b491666a9a64,2018-07-04
21d4d409001930a8266042afbc040039,85767455bb630bfef897cb4e78647be6,invoiced,2017-11-08 12:38:38,2017-11-09 04:31:08,,,2017-12-05,eafda923ca6479e3b9419010f0d96ade,2017-11-08
ced5db30352d0862742574c70723c843,bdc8a19ad9ffdc542bd7ab318a3317fb,delivered,2017-09-20 13:00:51,2017-09-20 13:15:15,2017-09-21 16:38:49,2017-09-22 15:53:11,2017-10-05,e419ea0591aac37591b82b409ccd3d9d,2017-09-20
fc8a722f0277169552e46a0e91d7f0b3,3718162f0a9e4fbd9569501905e5817c,delivered,2018-06-04 23:34:33,2018-06-04 23:50:21,2018-06-05 08:39:00,2018-06-13 18:08:58,2018-07-11,2919a0b66e5ea3e6f8188140bb2fac89,2018-06-04
ca7a1fb7f48340db25ca883063be2891,faaa03ee62ec3acff02581d11b3c3ac3,delivered,2018-04-17 13:46:11,2018-04-17 13:55:22,2018-04-18 16:54:44,2018-04-24 15:58:25,2018-05-09,408fcdee252316a1f5bece0b1e9c343a,2018-04-17
be9352379a16b3dbe8ef3a66a85b656f,256641e5b8e16b8004b8e6ce550e9a86,delivered,2017-12-05 09:55:18,2017-12-05 11:28:12,2017-12-06 22:35:17,2017-12-17 16:53:13,2018-01-19,39a2dd30b02444e1e1e3ea587c38adcc,2017-12-05
a36a813c74f1991b48c5e3403bcebba5,0a3bc6054705cbcbc069154c83ab3df4,delivered,2018-05-08 16:06:32,2018-05-10 03:36:53,2018-05-29 13:18:00,2018-06-04 20:51:52,2018-05-30,3b880d16945e9d8fca79af632c433ced,2018-05-08
bd7ed28cedb8147c71f09e3ab23c369f,7b57816eb86d27beaec4487edb99a0b8,delivered,2017-06-19 23:24:58,2017-06-19 23:35:23,2017-06-20 09:47:30,2017-06-26 14:32:56,2017-07-20,11fb9ab1fb8ca11233c6226932335408,2017-06-19
b767b52e7ad7f246f18d851bf051eed2,b253f8a8c5e468678030c70c065393e7,delivered,2018-04-16 15:23:08,2018-04-16 15:35:18,2018-04-17 22:56:34,2018-05-02 18:34:47,2018-05-09,df0cbe9046810c2bd196fc64954ddbfa,2018-04-16
71f52dc8aed2976ea632b8888e4c18b8,5a8b618b284eec058d5f85960fb7509b,delivered,2017-07-31 10:33:10,2017-07-31 10:50:18,2017-08-02 19:46:14,2017-08-10 16:47:39,2017-08-22,234213b42f54101ed82af417d4274ad3,2017-07-31
4876a2f1355adc2345aac33e913f3939,8acf16482c568e6913258237828de442,delivered,2017-12-26 18:57:45,2017-12-27 04:07:27,2017-12-28 18:28:04,2017-12-29 19:48:47,2018-01-15,b1cff3d1f78327e92091c43550586094,2017-12-26
53022bc7203c0c8ce655a82521c8867c,1343e92bc9b2136df6dc8172d1b5b6e8,delivered,2017-09-26 15:00:41,2017-09-26 15:14:17,2017-09-28 11:53:42,2017-10-06 18:12:17,2017-10-18,51e3e786fde8f4bb76698d6371a35ffb,2017-09-26
469dba1d869ad7ac257e09c9f8947b4e,25b117fcdbc20023b2bd7b6ae0b04535,delivered,2018-07-15 17:29:25,2018-07-15 17:45:16,2018-07-16 14:19:00,2018-07-20 16:57:49,2018-07-31,3c9489e7b4598307f530c77a25d1612d,2018-07-15
5260625f881ed6e315cd3eb3f4bc2d42,7296759d3f62aaa038c223494740137c,delivered,2017-04-07 12:03:36,2017-04-07 13:06:05,2017-04-13 12:33:05,2017-04-19 06:34:27,2017-05-19,194be31520cde5c527bad17720119e85,2017-04-07
57b25dbf1f14d444551d5e3c67eb33e1,342edd62bf443f87606934280617cbc8,delivered,2017-12-28 16:49:51,2017-12-28 16:59:43,2018-01-05 00:58:47,2018-01-05 19:28:55,2018-01-17,4a9fcac7f4a4275e6afdf313e73f96cb,2017-12-28
48deb2ad89d3685d28a6afd89dea6733,8a2ef78157619b780f710183a85346ed,delivered,2018-01-04 16:55:54,2018-01-06 02:08:32,2018-01-08 21:39:02,2018-01-18 22:19:56,2018-01-31,017c17dd6f2e7859373a5724b863801e,2018-01-04
d3e393e0070015bc43d8c9973d2403e6,aca1aabcf3fd1d0efb08cc866cc5da77,delivered,2018-05-19 12:03:47,2018-05-20 11:55:17,2018-05-23 14:28:00,2018-05-25 21:07:03,2018-06-12,92da8523fcb13b3941b639d03d6e6f30,2018-05-19
83ed7c4e0711f817afe5a101582b8a6e,cb2dab511d7694847187ce7efa1343c6,delivered,2018-05-10 08:51:09,2018-05-10 09:11:42,2018-05-14 16:28:00,2018-05-15 15:28:41,2018-05-29,7ff147dcdbedd33f8508f93823a7deae,2018-05-10
019ccfeea1ea9afbebdad57d65f2e36f,7b46de2ef0b70225f5ead1ebcb2954ac,delivered,2017-11-27 15:31:56,2017-11-27 15:58:17,2017-11-30 20:56:43,2017-12-07 21:12:30,2017-12-20,53d1cdbad1f545453eb373aa2d834609,2017-11-27
a1ebec3b404746545a11186a23a88baa,b42a98271ac6f75bed2e975df1bb375b,delivered,2018-08-07 09:25:23,2018-08-07 09:35:12,2018-08-08 11:05:00,2018-08-10 17:21:30,2018-08-22,a661964801ee5538806fc9b4186d1536,2018-08-07
e13713108caa1e5a2604672467aa9d8a,d634d6e1af671a92e9a459b53eb37afa,shipped,2018-03-05 19:45:44,2018-03-05 20:09:09,2018-03-10 02:18:24,,2018-04-02,53accf5836122fcd465fdde1be42b52b,2018-03-05
6f1651e4c1a0b1e952c2510138563e47,59dd4b1b3258f572d837fac05401ec3d,delivered,2018-05-15 14:31:21,2018-05-15 14:55:20,2018-05-16 13:45:00,2018-05-18 15:40:16,2018-05-23,143a250ab88bd25b2fb96a0b9ae60edd,2018-05-15
a713bcbeca6421f5c01ea32964ac2b94,f452a1351e76f144ffc4ca01bef3bc44,delivered,2017-09-30 15:56:36,2017-09-30 16:24:36,2017-10-02 20:19:59,2017-10-05 18:07:49,2017-10-25,d03aed27d8d6972032feba7367fbbe9d,2017-09-30
7c0fd982d3023d25cbdf1f8f1fe7407c,8abb94e8442d2461166a3e7dd5116aa6,delivered,2018-03-16 23:54:52,2018-03-17 00:49:22,2018-03-20 00:25:37,2018-03-23 14:11:13,2018-04-04,e58fcffa17dd97d4943bd5e7e342286e,2018-03-16
ab7903b95175ea31f7bd33718a583e88,4f23f4877a66047ba1190befacdca13c,delivered,2018-03-20 10:01:57,2018-03-20 10:15:34,2018-03-22 14:18:43,2018-05-03 02:04:11,2018-04-10,333d1636b8e88a57ddf0e9188e131437,2018-03-20
9b32795311e821b3314911f55bb8a327,d9946163c70bfc5dccb45abf8786ef0d,delivered,2017-06-09 13:52:07,2017-06-10 02:50:38,2017-06-14 07:37:02,2017-06-19 11:53:36,2017-07-10,8ee8b7d504a2a0f5a7e2fdcd6b984208,2017-06-09
168d3552147af1da6282c46975968c45,5f009a508f2a4bff928bae59151e9587,delivered,2017-07-17 15:14:19,2017-07-17 16:15:53,2017-07-20 18:27:42,2017-07-21 15:47:21,2017-08-04,9f57a690cec758524945e9e990cc2255,2017-07-17
38187389c2f33340aa62db07a30a5c89,59d79f98f34e1e8efd46e293382a8de1,delivered,2017-09-27 20:42:00,2017-09-27 20:49:27,2017-09-29 12:51:27,2017-10-05 18:37:40,2017-10-31,83e62ab4d504cdf419c2b24114e7c923,2017-09-27
3d65ef7325cb471f8095e1c0f4537f48,cd7d6a1bf49894528c2506b3ed5c9d13,delivered,2018-01-16 16:56:35,2018-01-16 17:10:12,2018-01-17 17:51:39,2018-01-31 19:52:52,2018-02-06,b2ecb2a53f53a0beb130b94bbfa9709d,2018-01-16
80f206a25c4f2cfb8f12febcb3c3baba,fa84e29eeeb4975e87f5247804cba2b4,delivered,2018-07-12 19:09:18,2018-07-12 19:23:58,2018-07-13 14:01:00,2018-07-24 00:27:29,2018-08-06,9db4ddcbde20d5e3cda6e016bdcc762f,2018-07-12
d2975b514d409e2944d8d63ec7156292,ede73651e88f588294ea758d2145d22f,delivered,2017-12-12 14:49:05,2017-12-12 14:58:24,2017-12-13 18:44:29,2018-01-09 20:44:53,2018-01-08,9795a7e06175b49c6d9dacf5e400aca7,2017-12-12
6a1a1bf2fd36dee014df573300dc3ac0,36175e3da7afbfa75d52b672702c36ca,delivered,2018-07-06 09:07:58,2018-07-06 09:31:27,2018-07-09 05:41:00,2018-07-23 17:04:36,2018-07-30,a7c0915b5359ea4388eaed4ac4f40c46,2018-07-06
70e6329357c33a4f1c54d27e53a38231,988d6a25b8787e321e18ec0cede4acba,delivered,2017-03-24 17:36:09,2017-03-28 03:50:31,2017-03-28 13:01:02,2017-04-08 02:30:15,2017-04-27,29db941a9cb48054e4d48f5feed6eefa,2017-03-24
2372d0c3ea71f023b269f1c1ba34f675,a01515e4086971d3bdd9b13283c6c5b1,delivered,2018-08-08 17:42:30,2018-08-08 17:55:10,2018-08-09 14:32:00,2018-08-13 18:19:37,2018-08-21,c7d0a20c76156bfdb46296ff08c36537,2018-08-08
8e075f06285446d7a9e69956e64309ec,60228c33dfb376c26f079c73e5a39ea5,delivered,2017-08-26 21:53:54,2017-08-26 22:16:12,2017-08-28 18:56:07,2017-09-08 22:42:27,2017-09-22,63bcee47cacac3b19195b5519eb71a1c,2017-08-26
67b2796561ac2c941f6daf9881b510ae,e9624a808ce6214efe9b4b0e15d50dd1,delivered,2017-02-14 21:00:15,2017-02-15 02:45:42,2017-02-16 03:37:44,2017-02-24 08:53:48,2017-03-13,cfffb20cea7b66ffd6fd1217b4605628,2017-02-14
b26d21b6d1c33dd959e1ece6cbcce322,e996e13b2036d27c07ee1c861426d7de,delivered,2018-05-16 17:04:10,2018-05-18 05:16:45,2018-05-18 13:45:00,2018-06-05 20:23:33,2018-06-07,4a847ab1808172e47040fbf675256c01,2018-05-16
a4131292599279a50b734fb7fbf83c0c,1e0f911566b6b2b5f3baa386b315d2d6,delivered,2017-02-28 14:46:06,2017-02-28 15:01:34,2017-03-01 14:15:02,2017-03-08 09:54:03,2017-03-23,4a8a9be2b79e2f4ee4c135e165cc5dbb,2017-02-28
8acf6bb5ec0d534f95eb4048e9270f6e,cb4a25628c79aab4a0f96c836c960eb8,delivered,2018-03-11 18:22:45,2018-03-11 18:35:30,2018-03-13 00:28:25,2018-03-16 02:28:21,2018-04-05,5bc38558c3a2d35e9106c1ea2401f706,2018-03-11
49bbb428c234dcf31c4d66d4e8e1c04c,4c36169fa0fb2131640c936269b87ea5,delivered,2018-05-01 13:31:21,2018-05-01 13:50:38,2018-05-02 13:39:00,2018-05-05 16:08:41,2018-05-14,19af6e0c256fc911a7a63c644a38d34c,2018-05-01
aecfda74ec8e7c93765ba62e09a995d2,dc3f176f60d9cb50f4c72657dedd9824,shipped,2017-05-29 18:59:38,2017-05-29 19:15:12,2017-05-30 11:39:31,,2017-06-23,8b86b3fc25d9b454bb1d4035c070c232,2017-05-29
eb3def506468a28e922792bce17156b0,adfafa26756e071b2715e7ca34d235ce,delivered,2018-07-01 13:07:10,2018-07-01 13:15:19,2018-07-02 14:24:00,2018-07-05 18:27:39,2018-07-27,c2404b3a845ba6c85b3cfd90b10b2a4d,2018-07-01
45f14ab2b316bbd9eec1c8af6458e2c9,f540872f1ed8eea80a8e40d1a424cb2a,delivered,2017-10-31 14:30:08,2017-10-31 15:31:21,2017-11-07 18:36:52,2017-11-14 14:47:10,2017-11-23,ab2655086be0d4db4757a151bd8446c7,2017-10-31
749309f96df588c96621963117e9530f,7cbca7bfacc12d22b0c5ec54733013d0,canceled,2018-08-14 17:57:15,2018-08-14 18:25:19,,,2018-08-17,b72d743326f19757ead0ea5dc29ffda5,2018-08-14
60229238a1d7386617d6f8352e246cbf,b42b9d560b787688809b95ff0f48bfdc,delivered,2017-07-19 19:46:54,2017-07-19 20:03:08,2017-07-20 16:43:52,2017-07-25 19:21:30,2017-08-10,366b6a5ecebc06e7b1a18aecc5502adc,2017-07-19
104a64ec4b4a7f18e2427f0ec5faf401,0a986427b1138350ebc9779dca1e4993,delivered,2018-05-20 17:31:30,2018-05-20 17:55:06,2018-05-21 20:06:00,2018-05-22 13:52:12,2018-06-05,4095106fa4df8e377a44cd7dc86593a5,2018-05-20
b1873e7f1c0220c132db2642ecf2bf1b,389efb68674e38efb4ce37a9b72ca36f,delivered,2018-07-16 18:55:19,2018-07-16 19:10:16,2018-07-18 14:02:00,2018-08-07 11:20:45,2018-08-22,e2f6bab7ca0c3df4cdbddfea495732dc,2018-07-16
59668dbabb7fd2151ea6d80d1ea0f251,3c9792a69423a23cb1fba107c5079981,delivered,2018-03-02 11:20:41,2018-03-02 11:30:44,2018-03-03 00:17:30,2018-03-08 21:06:26,2018-04-02,a5d1c2c3d4291671247752816fd0771f,2018-03-02
64e827a2a04dc6dd5adcb685b1d26ed1,f4c527f30d0af8124485642436b910c1,delivered,2017-07-02 12:18:48,2017-07-02 12:30:12,2017-07-03 15:21:15,2017-07-11 18:19:34,2017-07-25,d74852399997aeed6d69e0cac91eff29,2017-07-02
9f1cdc0e091b90e61836ddc009a60ef2,9a6fb2784ae4acd6acca8b15eae329e3,delivered,2018-03-14 10:11:42,2018-03-14 10:28:10,2018-03-14 23:21:07,2018-04-11 21:36:50,2018-04-06,145dbc20342ed56747cf61b441dbb802,2018-03-14
502e5055c2b73646d58038d1ece95cf1,6a0da511a676532c35e86ca579164242,delivered,2018-04-22 18:37:24,2018-04-24 19:06:42,2018-04-25 11:58:00,2018-05-14 21:16:49,2018-05-21,125b9ea5c9896f415d5470e21cf8ba42,2018-04-22
a0fd8189420447a19f96862d4e128d57,4c36e9c525a942e63ece24d3656244de,delivered,2017-08-07 10:36:36,2017-08-07 10:50:19,2017-08-09 12:20:06,2017-08-16 18:28:55,2017-08-31,bd4302a8595990b14f66871f153a772a,2017-08-07
8da21fa53a570d0624c7a5d0c14c617a,df7338a04458506a3b2f23056c466e88,shipped,2017-06-07 17:02:27,2017-06-07 17:10:20,2017-06-09 12:03:00,,2017-06-28,2bb098f6ef443af3c2cec6f2a5d73441,2017-06-07
d025ee065bc1ef9e329d049e64d06ca8,8c0dee2ed4dd58189790ce7c7e378502,delivered,2017-10-30 00:45:12,2017-10-30 01:06:00,2017-10-30 20:13:54,2017-11-16 17:32:53,2017-11-28,10c6de3e44e7d6501c9b319daae16822,2017-10-30
8f4af0beb1760e835b5a30e97e8920f5,c25e0f563bb2655bc1328ec49a60b540,delivered,2017-12-14 15:44:30,2017-12-14 16:11:51,2017-12-18 19:29:00,2017-12-30 14:38:08,2018-01-16,86e3c3174eef20d07f23b182db38ab80,2017-12-14
8b43a48f7c3254d79efa87d9d4b68578,7b43541b68a832baf60802c3119dfe80,delivered,2018-01-22 23:53:16,2018-01-23 01:24:51,2018-01-24 00:38:26,2018-01-26 17:29:07,2018-02-14,f8977117beaf7f10282fd90bc9bde423,2018-01-22
38e2829123a2bd1cbe111564824d0abb,4d27341acd30a36bca39008ee9bb9050,delivered,2017-01-26 11:14:58,2017-01-26 11:25:21,2017-01-27 12:19:14,2017-02-09 12:15:20,2017-02-22,e021e698833bdeb89dfef3acb2e91f37,2017-01-26
90ce0511d1c55fdb081fc064ff96ecd9,e12983aa0f1b9040ca5facb911f07600,delivered,2017-07-13 12:34:30,2017-07-13 12:50:11,2017-07-14 20:03:02,2017-07-17 15:22:42,2017-07-26,28566069f69028aaa19a201e5d9b96ba,2017-07-13
a73c3ddde7053504491569e480840e6d,e5fb6cd64fec5359007cd7aaba77ec82,delivered,2018-03-19 21:01:43,2018-03-19 21:28:32,2018-03-21 18:48:36,2018-04-11 17:52:30,2018-04-10,8f1b2a0ed53fb9a524d1d4602f8d533e,2018-03-19
a3e2d1518e63601f43da9b2ed1ac900e,82782a8ab4c15acf2e65f35f6ac6237d,delivered,2018-04-14 19:37:38,2018-04-14 19:51:36,2018-04-16 15:39:50,2018-04-25 23:08:21,2018-05-08,6ceff3cb853ade32dd240973b6812e62,2018-04-14
b7baf4f0b6c65476ea5e4bf388710a09,3efd90addf25f86498def3d8aed02174,delivered,2018-01-02 20:21:06,2018-01-04 08:58:57,2018-01-04 16:30:14,2018-01-05 19:09:34,2018-01-18,d64283953b232234dc6a8f6ce12afe6a,2018-01-02
ef3cb4aad45c5799a70caabb84e7b62a,88e7f69e0084b4abd65fe6f19be36871,delivered,2017-05-18 18:01:52,2017-05-18 18:10:18,2017-05-25 07:10:00,2017-05-26 09:25:40,2017-05-31,f2622816b74145e2a00771e1189ea5d8,2017-05-18
f84774cb3dcbf3aa3ce51aa77d0f5ddd,60ce2ffc10359a9d9bbbf106440230de,delivered,2017-06-11 13:25:41,2017-06-11 13:35:19,2017-06-14 10:10:00,2017-06-19 14:52:23,2017-07-06,b19113a45e82b57d787148be17eb9bf2,2017-06-11
01b02139ac5f79a5de2c56284af7bb3e,58ee8c095bfa7fab72d5ab65d411c975,delivered,2018-04-24 18:27:38,2018-04-26 04:15:24,2018-04-27 17:48:00,2018-05-02 13:44:24,2018-05-10,33a189c27c13eb6f9609976cf628bd9a,2018-04-24
1886d25a5ec0c9494c99ef246359cde6,447d75dd121db27fade133f7cec0e721,delivered,2018-07-15 21:50:53,2018-07-15 22:04:12,2018-07-17 11:34:00,2018-07-24 22:51:46,2018-07-30,541f15d6795dfc0839f3a4cdc32dcda7,2018-07-15
5c424723e6c31ecf7f61cf7b048c11d5,3363c6dd97eaf38cf514fde1ba912b66,delivered,2018-01-23 14:50:23,2018-01-23 14:59:24,2018-01-24 17:37:00,2018-01-25 15:07:03,2018-02-07,15ba9bd3457d36c576ef7cdfe3db3b1a,2018-01-23
48c35042cb072a8ed4da07c418f0b125,aec46c70ee4de5fa0bbd56a89a301ae8,delivered,2018-03-21 12:57:24,2018-03-21 13:47:56,2018-03-27 17:07:49,2018-03-28 18:26:47,2018-04-03,dace0e70f9cc4498566fce71f5b1f3c9,2018-03-21
97d2d4d4e4016a1ea008f1e3a3e35ea5,8e5e71fc2fc91792644214a1cfd64bae,delivered,2018-08-15 20:57:36,2018-08-15 21:10:17,2018-08-16 14:13:00,2018-08-22 22:29:40,2018-09-03,e138c913b233c23a598a9c068b90808c,2018-08-15
de63e691acb3231890dcb063f627657b,018ffb868962388b3ac93b203a8dcbe0,delivered,2017-08-04 19:17:37,2017-08-08 04:24:38,2017-08-08 18:32:29,2017-08-15 17:44:13,2017-08-28,a00921a9052e43763c4a7f1a7dbd7f18,2017-08-04
515ff4f26a0c57c5011d891e45f3ed2f,5225567e83a39dbc0e509585158c7571,delivered,2017-12-19 14:31:31,2017-12-19 15:54:28,2017-12-20 21:42:40,2017-12-28 18:02:55,2018-01-12,de038c878113042bad53a835ecd65502,2017-12-19
f82c97fae29a4711ae4800dadd3487b1,9ca7ead018eac070d9bd5e5604e51d20,delivered,2017-11-24 17:47:26,2017-11-24 21:13:02,2017-11-27 15:28:49,2017-12-07 19:11:49,2017-12-19,a23dca3544b12649079acc1240c7c663,2017-11-24
f71e06568edf59fbeb7f65cb4cec3215,8d3ea4ce4db4c0149f00a88699022ebf,delivered,2018-06-28 13:06:53,2018-06-28 13:31:26,2018-07-04 09:26:00,2018-07-05 16:28:42,2018-07-18,1e8ed90c0d2de9aab166e5761db0dbae,2018-06-28
2972bf7609b0a30508f2a31d49bc6f84,923d0e3c2ccf0e2a6b23bbad552934dc,delivered,2018-01-12 12:12:02,2018-01-12 12:19:32,2018-01-16 18:16:58,2018-01-19 02:19:17,2018-03-08,02de760072b85fac1d78e167227a03fc,2018-01-12
e1fa2787ce8e0bf4ddf128a263acad6c,d1bf39dbe7edffd63bd0b06407b12446,delivered,2018-08-09 12:17:42,2018-08-09 14:26:21,2018-08-10 14:24:00,2018-08-16 19:50:57,2018-09-04,7af162f1dd9504838abdf4a5e225701b,2018-08-09
d8eada63874f4ad83911e6c388521ba9,f7e31a326f42d4b02b94795a2d3aee77,delivered,2018-05-14 18:04:13,2018-05-14 18:37:16,2018-05-15 08:36:00,2018-05-22 09:31:56,2018-06-18,56e615697258bdade82ec5d0bf6996a4,2018-05-14
4ad67779ba72ded4178661f3872b91da,68a75be7ad2d974aa966c9b0a9ed89e5,delivered,2017-06-07 13:47:35,2017-06-09 02:35:20,2017-06-09 13:02:52,2017-06-19 16:18:48,2017-07-06,d4fc459f48f255df867a2c4609857e22,2017-06-07
163b53e265c530cded6553a3b5d485cd,7b92d2af2f3ce0611b68dfbc5db7870f,delivered,2017-08-12 15:07:19,2017-08-12 15:23:52,2017-08-14 16:22:59,2017-08-15 14:52:17,2017-09-01,116e9cca974c7fcf42b2e9b8b737da90,2017-08-12
44b87222a39cf1f615e23599913b099d,ac959e22b0cd67aec6bdc0e3e4aa2ad1,delivered,2018-08-16 13:02:09,2018-08-17 03:29:52,2018-08-17 15:02:00,2018-08-20 13:34:46,2018-08-21,3ca364ff88dc112d45daa31211480103,2018-08-16
3bf55ff583973c0c06914babcbb30891,8a6d71ee4abd5374542ced36a5c53e40,delivered,2018-01-15 20:35:23,2018-01-15 20:50:45,2018-01-19 01:10:09,2018-01-22 18:52:01,2018-02-07,4ca9b63a52fb1557ae6877c4129a8bb9,2018-01-15
68d6a88ad21deaa5a9e4ae18d4099432,4f4cd251d75704c981b55116cf3f7ee7,delivered,2018-05-06 16:30:40,2018-05-07 09:13:27,2018-05-07 13:08:00,2018-05-15 17:32:08,2018-06-07,c3460ac44417c13fc9dd990ee388c3ae,2018-05-06
7edf26c8a1e67ce26c2d1457302bd03e,62500b6c311fa15e3014b4a13391258d,delivered,2017-05-04 09:16:16,2017-05-04 09:30:09,2017-05-09 07:19:56,2017-05-22 11:06:51,2017-05-29,98710e2cc353c64a7409de6f589a1604,2017-05-04
aa7de25bfe161881a47a6e8b62ee4dcd,c8b2ae2852e70c98109dc79300214954,delivered,2018-06-08 22:27:24,2018-06-08 22:57:14,2018-06-11 14:05:00,2018-06-15 01:06:27,2018-06-28,1a58ae3b5ece841b4ff7cc13f9de4cb7,2018-06-08
7f78e1965c91c6922ecca587c78b4a2d,82ec000ce5e9a86a39ae08553c9fbd13,delivered,2018-06-11 14:16:37,2018-06-11 14:38:38,2018-06-12 11:50:00,2018-06-18 13:39:30,2018-07-11,efec9dc905376e712d26dc7df25e58c5,2018-06-11
bca88b3b35d1223abd0d2a29ddc7166e,eb914f782da6a9bb3aeeabfd71c3966b,delivered,2017-12-28 20:05:33,2017-12-29 16:13:29,2018-01-04 21:52:13,2018-01-05 22:35:34,2018-01-17,08ffe6a08d671b0f294897bd26b447f6,2017-12-28
300e2dfe7d37393693973f78426a0807,9890637cbb5c311fb67564a3f6b09ed4,delivered,2017-08-11 13:05:16,2017-08-11 13:23:43,2017-08-14 19:12:35,2017-08-15 17:25:02,2017-08-24,7db56f383a280aaa5da0a940cd503d37,2017-08-11
8915744dea1061d8cdfed128c6c7b546,fd296940ea15b437d576eb81a265d3ad,delivered,2018-03-07 07:22:40,2018-03-07 08:00:25,2018-03-07 19:09:37,2018-03-27 20:18:39,2018-03-29,6e13d840dffe7d6f5eb7d31b66a78c04,2018-03-07
862510fc0a355d6cfe5c4add63ae9566,a83105a7f769fb04c0209dca18f3d17c,delivered,2018-08-07 16:05:28,2018-08-07 16:15:21,2018-08-08 14:59:00,2018-08-20 19:25:25,2018-08-27,78f3629c3005c8f367f6187ac9f99472,2018-08-07
ec01061fb5f4ee5c6f97b1f7a53f9d0a,b1c4bde077e0f4f75f8ea179373ab393,delivered,2018-03-18 22:15:47,2018-03-18 22:30:34,2018-03-19 19:58:58,2018-03-23 00:38:48,2018-04-16,b9e07e53d1adc575a986f9843feebaf9,2018-03-18
4107a5429304c314c4b73f29822ba268,0f9fc4ae62bfcdbcf167260cbf33695e,delivered,2018-01-23 20:14:35,2018-01-23 20:38:52,2018-01-24 15:52:10,2018-02-05 12:15:19,2018-02-26,a75acaa5bea6b145d38821199b1c8edc,2018-01-23
c7c28a159a907d1d0ff580856daffa72,167be5b45cbb0ea5a6ef63a599c16c8d,delivered,2017-04-20 11:56:40,2017-04-20 13:05:29,2017-04-20 13:37:53,2017-05-16 15:36:43,2017-05-11,e3301490c373db9263c15a73172d0c6f,2017-04-20
6fd39a1adde54d0a5e6fe5ddc6c8784a,4e364c106217fcf45f21a4db793866bb,delivered,2018-04-01 19:57:10,2018-04-02 21:28:58,2018-04-13 01:51:10,2018-04-19 16:04:20,2018-04-27,b18983823f3259d8f50a36496ea84a8d,2018-04-01
9beb8f36f52444f84ec529e84439522e,0c3dd62fda9b8c9acd32576cdb189057,delivered,2017-10-08 16:50:45,2017-10-08 17:07:15,2017-10-09 17:28:16,2017-10-18 20:22:40,2017-11-10,4b652b7abac75861804c1ad973ee66cd,2017-10-08
75132ec71e262337d5239bf757ce228f,e1e500758ecfd8eae3ac31f50644d393,delivered,2017-12-07 16:25:37,2017-12-07 16:34:25,2017-12-08 18:24:45,2017-12-12 17:33:12,2017-12-26,09bb61988a8164c739bdfde213577ed7,2017-12-07
3da480f0b570c286f15f34efa2cbb2d5,8652ac0dcc743b8038987ef63a522ce4,delivered,2018-03-04 16:17:16,2018-03-04 17:20:26,2018-03-16 00:52:43,2018-03-20 15:34:39,2018-04-02,c49c236a96f8e5b983ce6467af4317b9,2018-03-04
ff3e501f56dcf0752578d86df833558f,fd3a4a98872b8a7531de4db63bece852,delivered,2017-10-16 11:52:30,2017-10-16 21:14:33,2017-10-17 16:28:55,2017-10-31 21:51:23,2017-11-23,c210113b5b46eab76bafeb6053bf8d31,2017-10-16
0c1426109d8295a688ee4182016bba59,d5114ea20c2a52447a40aa1e87bfd5cd,delivered,2017-11-24 21:24:29,2017-12-07 09:50:08,2017-12-08 18:15:14,2017-12-14 19:48:30,2017-12-21,f9425b912468993ef72b5056801b1957,2017-11-24
803e822a03730624352b85d6bb2727c3,71a1cb321823bfbc0f0665edca5b63e5,delivered,2018-01-08 15:09:19,2018-01-08 15:17:20,2018-01-09 17:27:33,2018-01-26 21:14:25,2018-02-02,7d53407a511f2a7476541a688c962833,2018-01-08
c884d72c3ddc5b65c6eb6c37f2d14578,16a3b1c043fac7263aff62e7cb65fad5,delivered,2017-07-16 22:01:32,2017-07-16 22:15:12,2017-07-18 18:26:39,2017-07-27 19:57:33,2017-08-10,664093750534b820f3cee8880785e3e9,2017-07-16
91c4fb2a013280c780ea608101fcac7c,6ed78cba5e474a9a429c802ff901218c,delivered,2017-10-30 21:50:04,2017-10-30 23:31:09,2017-11-01 20:39:39,2017-11-18 14:38:35,2017-11-17,448edc09db89e6e1d1f4a44bcee690a4,2017-10-30
a850819097762e4dd825ae3d911f5861,ff06c41711731780b94fb5b060a45893,delivered,2018-07-22 12:16:24,2018-07-23 11:31:42,2018-07-23 11:21:00,2018-07-31 16:10:37,2018-08-13,1b05903fcaa109be8026cae17a22422f,2018-07-22
8b3c2785144e72ccba9b0213f0f1cd1e,e6138dce24962a66623898c89db41ef7,delivered,2017-08-30 06:22:57,2017-08-30 07:00:05,2017-08-30 20:43:45,2017-09-06 20:27:43,2017-09-26,46958f708ade6b6a88b2e5aca1e66de5,2017-08-30
d87739e1a489341831ec68b0876174f0,d221d7e0deaaaa2353d2128ec942ba0f,delivered,2018-08-21 10:43:37,2018-08-21 10:55:22,2018-08-22 11:24:00,2018-08-23 19:11:01,2018-08-28,bbf1e9a6690015ed6701aabe935d5611,2018-08-21
bd3b1eb371dd6c8ca77447b363de08cd,cb42e9b62886938ce8d9bd209bc68d09,delivered,2018-05-11 23:03:20,2018-05-11 23:36:26,2018-05-16 13:18:00,2018-05-23 16:36:51,2018-06-04,602438465b89ae09e0724d4961b7ecf1,2018-05-11
5077287aeb4c2ee7662411de334235ab,c970514793f89e388fee0d848a07ff05,delivered,2017-12-04 12:25:33,2017-12-04 16:30:40,2017-12-08 17:38:35,2018-01-07 12:53:38,2018-01-05,97e790c3a3764f09eba946551249a459,2017-12-04
2e82ec02fd250aec723a595b1970500e,12adcfa1159b10e015efd87a682e579c,delivered,2017-11-15 10:00:44,2017-11-17 04:26:11,2017-11-17 23:12:08,2017-11-24 18:14:47,2017-12-14,8ddda14bd51b164d2f407b72e75ecbca,2017-11-15
c813c8ce58b2cb2f903c4e6a3aac9f5f,040cdacd2e48d9702c0f6a9347f414da,delivered,2018-03-01 22:20:35,2018-03-01 22:30:32,2018-03-02 17:33:54,2018-03-14 21:26:26,2018-03-26,88e5b782558241f9aff95cecbe346428,2018-03-01
d6cd6f2a2537414f83cadc49e6e02e3f,03d68326e3785e49748a00805e89e61c,delivered,2018-01-18 00:25:51,2018-01-18 01:30:54,2018-01-22 22:37:02,2018-01-30 15:41:58,2018-02-16,836b645f3cd1d658972aca6ac007c8f4,2018-01-18
ba3dfe274b92578ad6af3b17d141033c,7d3b9525b38ede555351e75caf596b4d,delivered,2018-03-01 14:32:59,2018-03-02 14:35:34,2018-03-06 19:08:16,2018-03-26 23:21:06,2018-04-02,a08308dfb30f3ed8b21866524b6f9098,2018-03-01
98ffbd84c7dcfaca87f6a248719b9bb7,e09c9ad5a286eb60a8782f205629b53b,delivered,2017-02-19 19:14:47,2017-02-19 19:25:13,2017-02-23 03:09:13,2017-03-07 13:03:37,2017-04-06,d091bff638f800d2e30a8aba790f74c1,2017-02-19
3ea870dceaaf86d0d1f024d34139d5a5,54f83d1beac65b66bc24f2f0d72d52d4,delivered,2017-02-05 15:34:17,2017-02-05 15:45:18,2017-02-06 10:16:16,2017-02-09 09:32:06,2017-03-13,bd6c0d11c376dfbe3fac6650e58959d7,2017-02-05
6b1f68a2d5c9524f453ea9e273baf918,d465b125655487b477f02c1e613f5c80,delivered,2017-09-29 10:43:17,2017-10-03 04:23:50,2017-10-06 20:59:50,2017-10-16 22:34:09,2017-10-26,f6ee8291b6a190067c03176e4b5ab465,2017-09-29
6e3febfbf4c5231d475e996a192c7076,46edcf2abf681a6c54768fee4a68f795,delivered,2018-03-16 10:13:27,2018-03-16 10:28:07,2018-03-16 21:48:25,2018-04-10 21:32:13,2018-04-05,f405524088dd4b9370dde4f8183158cb,2018-03-16
3703de7642fa764089c3bf77e41870d7,1128a133c281106fc866773b4a79888c,delivered,2018-06-26 19:58:54,2018-06-26 20:10:17,2018-06-29 14:08:00,2018-07-04 21:38:40,2018-07-30,d56d3e8b9e6fa64ba9165297d48cfd0a,2018-06-26
739e2bbb1a8b8d9d27c37a0b9d16d0a2,4f90b60d6c2988dc9b2842809df82e2f,delivered,2017-09-12 20:46:24,2017-09-12 20:55:14,2017-09-15 20:27:00,2017-09-27 18:53:51,2017-10-06,1b77cc218567e59a749ce9a68f10a379,2017-09-12
f916cacb752116d552d42759c8da0cca,8d4093a730c51098399f993544697e73,delivered,2018-03-05 18:12:15,2018-03-05 18:30:41,2018-03-08 00:58:00,2018-05-04 20:28:41,2018-03-28,e9dd12dca17352644a959d9dea133935,2018-03-05
4cd9b9d1035b07b0439d6d3e934a75b7,91e69f300d02ffb32f57621542b728c7,delivered,2017-06-25 13:24:01,2017-06-25 13:35:09,2017-06-28 14:57:27,2017-07-13 18:09:50,2017-07-14,41b75c0712e41a7c79c204158ee83f72,2017-06-25
1032cdde705c24776a43441b77855fe6,d03e957168b70cdef000379fa0aab72b,delivered,2017-11-24 18:40:50,2017-11-24 21:55:56,2017-11-27 19:04:51,2017-12-04 15:49:00,2017-12-18,da0e31c87bf4dabf44ea70f7a990f685,2017-11-24
5d1e5995e3ceddeeb9883bb9e449bd5f,6346d7fdaba4e9058e9c62d4424e391b,delivered,2017-11-11 10:47:58,2017-11-11 11:06:48,2017-11-16 15:48:29,2017-11-23 21:27:28,2017-12-05,b2254159af2f807dc144313e28cb6966,2017-11-11
cccd9de9d481ae418dd03dde0ca78106,acbb93f4802582a3ecc54a0934a8ab2e,delivered,2017-11-07 21:02:20,2017-11-07 21:51:41,2017-11-09 17:07:00,2017-11-10 21:09:14,2017-11-21,9d74adedec2d8b3f568c85f97e0563c5,2017-11-07
c5f72d97d28261afcce1192481123758,fc4082499edb3980c3d510943cebbd8b,delivered,2017-11-06 12:38:32,2017-11-06 13:32:04,2017-11-10 18:14:44,2017-11-22 20:32:07,2017-12-08,5f2360a071c8251e652488064a26200c,2017-11-06
e4792daf8d9ddb74de6985c5d6980409,f26ab0f57449753ea2109ca8b35d1034,delivered,2017-04-27 14:00:44,2017-05-02 23:32:29,2017-05-05 12:23:45,2017-05-15 09:07:51,2017-05-29,5277f4f4f336c75c826ec3958286dd13,2017-04-27
83770d60d218596bb63572242c2a2a26,9b19611cde9d30a2bab502ee94b70643,delivered,2018-03-16 22:23:48,2018-03-16 22:35:35,2018-03-21 18:41:38,2018-04-06 23:16:31,2018-04-09,6bdfe930d9eef8346b551c53e41778b9,2018-03-16
bb39dce934e697a81c9dd50236b8d8cd,5aa3cd667f15ab59d08f0467df70f7ae,delivered,2018-01-21 15:44:24,2018-01-22 13:52:42,2018-01-23 22:38:44,2018-02-01 22:57:45,2018-02-15,ea878b525d175476e7cf516a08e355c2,2018-01-21
67769a73846d87e262821ff4761545d4,f158fc2fa2ef6499597207f4dcc7a6ed,delivered,2017-04-25 16:33:00,2017-04-25 16:45:16,2017-04-26 12:18:13,2017-05-02 11:14:41,2017-05-30,b071c84fd7416703e235386f5cdca35f,2017-04-25
6893c39daa6589e577917e3325ec2eec,a51c207dcb5aedd5e42697d95e5e34f5,delivered,2018-05-11 19:18:35,2018-05-12 19:16:28,2018-05-14 13:57:00,2018-05-18 15:08:57,2018-05-24,655f4a4ee67eb11e1c2015ce03235c91,2018-05-11
f6c39c67509d85f483f3bf334bd510e3,666ba9fb28db6b352c8cf2d0091164cb,delivered,2017-12-16 16:05:46,2017-12-16 16:14:29,2017-12-20 17:38:25,2018-01-09 19:35:51,2018-01-17,cb567730307956d4cc1169fd6ad017f9,2017-12-16
86f18e8bfc05ddce85ea8e1146eac6ee,fa4351ea18b92a5f0ae15a5207738302,delivered,2017-04-30 11:07:40,2017-05-03 11:35:54,2017-05-04 16:07:38,2017-05-23 11:31:40,2017-06-07,2db9428c0db436ef77b83f60655dceae,2017-04-30
c12a024134a5c992b724942a160a99c6,800d77bc87900f401bd9109dad6f0d84,delivered,2018-03-19 08:56:43,2018-03-20 03:28:43,2018-03-21 21:05:17,2018-03-26 18:28:30,2018-03-29,0113282a7fe79b3d8489193ccc601efb,2018-03-19
b965255594edcff29330c2ce35e85585,55f7c133632005298327e54f1ebbf885,delivered,2017-10-31 12:58:38,2017-11-01 12:55:29,2017-11-06 18:38:05,2017-11-14 21:28:58,2017-11-16,9f825bed65bc82e86378d517a8fb4238,2017-10-31
1c67e99dc37224bf3ad220ae2368c068,f68313aa890cb1f32ea402439c6f1c4d,delivered,2017-06-08 22:00:07,2017-06-08 22:15:22,2017-06-12 09:38:14,2017-06-13 12:03:26,2017-06-23,2090a6ff83e24734f0663e29f976909c,2017-06-08
220f16b082fb12df459a193b4bbf9dbf,31db7b9f58e06664aeb89a82f52240b8,delivered,2017-03-22 14:09:46,2017-03-22 14:09:46,2017-03-24 11:36:27,2017-03-31 11:12:55,2017-04-12,16bf55d18664532f1b4c10bc1f3fe29f,2017-03-22
9e929678356c7476ba7a7f94d9715062,6e83cb3151777d36475c5b2dc6790e11,delivered,2018-03-27 22:15:44,2018-03-27 22:30:11,2018-04-02 19:40:57,2018-04-06 22:32:02,2018-04-20,3c30ca1fb6b033d812406fbd73a6d481,2018-03-27
f94445f68d1478fe6be0b1c7bea0e646,c264cdc70ef83d574f3060b9e83f0e23,delivered,2017-02-21 22:38:15,2017-02-21 22:50:11,2017-03-01 16:28:48,2017-03-06 10:09:17,2017-03-30,643739da17021dc34f5603a1e96bfd38,2017-02-21
ea33aded94976ddb4b9ff4eda6c2eac9,32a81f532a1fbf51f944327bfbc52152,delivered,2017-11-21 17:34:43,2017-11-21 17:48:28,2017-11-22 17:48:42,2017-11-23 17:38:50,2017-12-01,0093aeb87eca387dd153f965aa10c060,2017-11-21
2aedaa475bd0650b62bfadfdeaf83132,5477904d7453e761b2942548b8effcc5,delivered,2018-01-30 16:01:39,2018-01-30 16:15:36,2018-01-31 21:15:11,2018-02-05 21:41:53,2018-02-15,f26ab6c4cd9719e208e207de065882eb,2018-01-30
f8b5b03c257fa65413876c7417959439,add2a2eb1dfe0db6e56ef0edd97e9969,delivered,2018-07-09 22:27:39,2018-07-11 03:26:06,2018-07-12 10:47:00,2018-07-24 18:28:25,2018-08-03,9ef4b197ea9652dc0f0f5e834da66707,2018-07-09
e7eae9fb17a9b0cae9fdb0dad8afccdd,6201e25b347bf0769399c5767099278a,delivered,2018-07-31 19:28:02,2018-07-31 20:04:11,2018-08-02 17:46:00,2018-08-03 13:26:43,2018-08-07,097127087d9c8894edcff5cfdec8f06b,2018-07-31
6f51c1344ad020aefab85b67a98bebd1,4cb1a8448844265aa0e0265f8bba2d9f,delivered,2017-12-15 16:43:26,2017-12-15 16:53:25,2017-12-20 18:32:48,2017-12-27 18:48:40,2018-01-10,e5be4ac6d2046988ffaf9ef6321bda6b,2017-12-15
c76b75e541b06461ec9cf363fd962ee3,90df085f8a512665dce9ae9e923b0b83,delivered,2018-05-23 15:50:05,2018-05-23 16:16:01,2018-05-23 14:51:00,2018-06-07 19:31:51,2018-07-02,a1874c5550d2f0bc14cc122164603713,2018-05-23
f6f02e9abb77e86bfac81d2912451366,06209669ef54abc607e5e6bc430676c6,delivered,2017-12-18 22:26:02,2017-12-18 23:30:14,2017-12-19 19:49:21,2017-12-27 17:24:42,2018-01-15,e1ceacfd18ace7eb57e489c8e409ba0c,2017-12-18
e11fec6c25945565c1ef4f14fc3c03b7,fdf0fe7cd1365ffdcbbc3b95273a20a5,delivered,2018-05-25 10:33:39,2018-05-26 09:10:31,2018-05-28 15:01:00,2018-05-29 17:29:47,2018-06-12,6e328f26167e5c9f1c9ac765e6e95f4d,2018-05-25
e0353eeedba2f065dcb285de34e49f03,eabb7326f27bf091ea64344244274c24,delivered,2018-06-13 09:32:06,2018-06-13 09:57:10,2018-06-21 14:02:00,2018-06-26 01:24:50,2018-07-13,bc1fe0dfd08f7ccb85f9ed22f7f4c737,2018-06-13
444baeba76a46804ce48bc19d0d45453,ff7aac0fdcd478b2586a812fd44f3b67,delivered,2018-07-19 14:01:10,2018-07-19 14:10:18,2018-07-30 13:39:00,2018-08-02 17:05:00,2018-08-16,4c80361ce859da530add83fa33082365,2018-07-19
8163efda614023e2abc96657b804f15d,a6e5072e7e0797c72ee9a602f6ba2cdc,delivered,2018-07-05 18:10:54,2018-07-05 18:32:05,2018-07-06 11:14:00,2018-07-12 21:21:30,2018-08-02,0cd32c8eb5c560e60490f220f2b35d6e,2018-07-05
d191ac7a9642a12d39419f26f43f800c,cca714a45e5835370a3da95bd5bc6b1f,delivered,2018-07-17 23:49:21,2018-07-18 00:05:19,2018-07-18 14:22:00,2018-07-23 16:33:07,2018-08-01,b8beb7a6bfb7ed884386a8da46be8f8e,2018-07-17
2f8691a66c1a37780996a2479e8bea62,5692fbc657396192e5fc13d68909c77a,delivered,2018-06-08 13:13:33,2018-06-08 14:30:49,2018-06-13 13:55:00,2018-06-25 19:36:40,2018-07-11,fb1c92d3c484b42976aa3b385237ecb9,2018-06-08
c577af5e9d5dbecf0ac65ff28cb8ad45,4877c8bc9b7438703b2e63ee5396335e,delivered,2018-08-09 20:25:54,2018-08-10 20:25:11,2018-08-14 15:54:00,2018-08-22 17:09:03,2018-09-05,c82fcd6d4d15d0b52c8dad81603e46f8,2018-08-09
3854d919f4a87c320706a32387a53c86,b3d7fac705120ac1aed5bae3a5abec4d,delivered,2017-05-17 18:34:39,2017-05-17 18:45:13,2017-05-18 08:29:30,2017-05-26 16:46:36,2017-06-08,f91cd6248afee7cd432d7ed4b6be3be6,2017-05-17
b0b49de4bb38c36e7acd74d879631d6f,2bcb866f83a922fe129eee30d6657290,delivered,2018-02-20 18:15:43,2018-02-20 18:30:41,2018-02-21 21:23:57,2018-03-05 15:04:39,2018-03-12,cfefb679a146c112056e223b1099b591,2018-02-20
6f0da4a159750a1e24884ed5b38a1ff4,d487aaf45b0fcddf9017e018a06d43d6,delivered,2018-04-17 13:57:32,2018-04-17 14:11:33,2018-04-17 23:35:43,2018-04-23 13:36:40,2018-05-04,6438672dbcf093a19b3662ac6730994b,2018-04-17
c1bb430ee85802d59d07d0f769d32e2f,24eba626a3ecd25108018ea7b111e766,delivered,2018-05-23 10:49:50,2018-05-23 11:18:41,2018-05-24 11:42:00,2018-06-04 14:39:01,2018-06-21,e9184319c824764c71797e4416294a6c,2018-05-23
3b8a3138cb95908731feea1a6e456ecc,895dc6310e03a3a99b01e8224e7086a5,delivered,2017-02-07 19:37:14,2017-02-07 20:42:19,2017-02-09 15:48:14,2017-02-16 10:57:31,2017-03-14,a4243202d5d59577f78e2c46820caae6,2017-02-07
4e7c5bab2c0ee8406eb8aa8b2fd24d5d,5a5a2395b3f4e05559e4d319a85bb8f0,delivered,2017-08-10 17:55:22,2017-08-12 02:45:59,2017-08-16 19:42:22,2017-08-24 17:14:13,2017-09-08,4d64a7f813df8b820c2c0f2f6ed439d2,2017-08-10
8a83c8fd93adfaa18ac3977636afc8bc,f5fc92d4bf1733a6700f10d06756b5e5,delivered,2018-01-12 22:34:15,2018-01-12 23:16:27,2018-01-15 20:32:50,2018-01-18 15:42:20,2018-02-02,c03de2988b6725b520eac2f77e2b1931,2018-01-12
824417a658c64fabf08b55e981b184fe,38eb52ab52fb7853f347f9d2f8bbc2b5,delivered,2017-07-05 20:35:07,2017-07-05 20:50:07,2017-07-12 13:32:06,2017-07-17 15:14:47,2017-08-03,46bf380ec6fdb4b95d93f1c75f5f26d2,2017-07-05
faa54bc5aa33bf46cfeb7574c19ee20f,095c3d551714febc24aaaf002f8efcc5,delivered,2017-06-01 16:04:37,2017-06-02 10:55:15,2017-06-05 18:06:44,2017-06-19 15:08:42,2017-06-30,23b03fc860a933bf78f306a976373467,2017-06-01
67d53222525b2b5b1e913487b953e2db,a78a279f5cf0cf0f217505c4fe856432,delivered,2018-02-14 22:36:40,2018-02-16 14:29:50,2018-02-15 19:25:54,2018-02-28 23:58:37,2018-03-15,a84cfb595b67b68c6f3f3c6f0b019c80,2018-02-14
7b6f8f9952e11aa804c472ee11a298f2,587e813286f057988808033be2a63a4f,delivered,2017-11-27 08:48:59,2017-11-27 08:56:26,2017-11-30 16:06:37,2017-12-21 19:44:36,2017-12-19,5b1820b3e006c37c9b6ec3d91ce75acc,2017-11-27
510bff1cf06be1143d3b6698df2fd486,65e4681470e66fa92770a629a7ec0884,delivered,2018-02-20 19:24:41,2018-02-20 20:40:59,2018-02-21 22:49:18,2018-03-23 19:50:50,2018-03-14,8d21b846e69c263edf74b4c8211d99a0,2018-02-20
7a6ff0df4e3355199375d34e7bb165c7,8608a90de2799297534401ce912e282f,delivered,2018-05-05 18:28:30,2018-05-08 04:14:31,2018-05-08 15:09:00,2018-05-09 20:45:38,2018-05-18,91bc9f7f35b7cd7f330c13070836aea0,2018-05-05
8549f693ac0aefd770eee2cdd7e18e08,b1b2221afa08f6c771c5974659000cda,delivered,2017-12-27 21:28:45,2017-12-27 21:35:27,2017-12-28 18:42:16,2018-01-11 15:57:42,2018-01-30,91bfbff94623bda13fddde0d65acf76a,2017-12-27
855f884557e71149b525fa5fd8bf8a30,87a4ee899da050ef80de6de979521e12,delivered,2017-07-03 20:05:19,2017-07-03 20:23:45,2017-07-04 14:45:27,2017-07-08 15:51:38,2017-07-25,b78b62961e25d84947c5cc89cecab2e2,2017-07-03
00e054d0da011d5016f31011af488f4f,fe43b2f349c9ab46883ce0e02491432c,delivered,2018-03-11 19:46:58,2018-03-11 20:08:42,2018-04-27 17:50:00,2018-05-08 15:44:31,2018-03-28,4c4446c628c278bdd121aa0d5aaa147f,2018-03-11
2717f4c53530f00ede208ee51da3c3ee,1a73ff2c67c54afa2e31d620071f1156,delivered,2017-03-01 13:21:14,2017-03-01 13:30:20,2017-03-03 11:41:57,2017-03-07 05:17:30,2017-03-20,30126f998d4b00729e418b3e8cc5ffff,2017-03-01
3681bab4effe9b62e6ad70e65a7637de,030f3b54dff06714de54aae2962cd461,delivered,2017-12-20 16:06:05,2017-12-21 02:11:59,2017-12-26 19:08:53,2018-01-08 16:20:06,2018-01-15,b02d3d11ad737fe1e6f82ddf15790072,2017-12-20
e3827a4f142b13b7ab9bf72aea5d2391,bd9db7149b2c40d17315958f3f21fc8e,delivered,2018-01-09 15:12:54,2018-01-09 15:29:40,2018-01-11 13:57:19,2018-01-17 22:08:53,2018-02-21,c7035f751d6dbf8da134389d772362f9,2018-01-09
db738d19eb9fe6721be783d4e46f1c4d,adad0151d1c1f4c056b59dd6f9146d58,delivered,2018-01-24 08:06:36,2018-01-24 17:59:15,2018-01-29 16:28:14,2018-02-06 18:16:30,2018-02-23,95fc0e6f6939f521e44a588ff18eacb9,2018-01-24
0a0090ae69392fa38ee742006f8c0a90,5b39c82ffd108c049f679ceed482f7e2,delivered,2017-08-11 21:59:05,2017-08-11 22:25:10,2017-08-14 14:58:03,2017-08-22 18:05:55,2017-08-31,a7d9a3e447614288937ad2bba991676c,2017-08-11
99ca85d0497f1b958fabcd12b46168e6,f61b744f032d3de6c01387227322b865,delivered,2017-10-15 14:31:50,2017-10-15 14:45:02,2017-10-18 21:58:53,2017-10-23 17:20:03,2017-11-10,ba9092f02be0cdd12bc6660489fdc700,2017-10-15
1a66f333fc14fa09a218cbb11f00233d,0c34c6b2040903846896ec9e587e61d6,delivered,2017-08-04 11:33:53,2017-08-04 12:20:09,2017-08-04 18:13:40,2017-09-12 21:02:59,2017-09-08,1eba2c022ae2202d0999a7c547671f7f,2017-08-04
f57f638b140f81ca2f2df180747bb46f,8b1ac7ae8682963fd0186940a8289a53,delivered,2017-11-24 12:26:09,2017-11-24 14:34:33,2017-11-24 22:43:25,2017-11-30 16:38:09,2017-12-14,065101bac8cea1e48c1b1416b816597d,2017-11-24
f848632484a14e56ee4ae609d013b95d,92e02a38a2d6043f4b2d8dcc5859b766,delivered,2018-08-07 10:09:04,2018-08-07 10:24:53,2018-08-08 14:50:00,2018-08-16 21:48:40,2018-08-29,fe48b5c57e214915cacec65146b8471a,2018-08-07
c9a54f6ed83e951ec2cbec315d2333cd,05fd3454ddf16d297616f9167700ab80,delivered,2017-02-09 14:00:53,2017-02-09 14:10:19,2017-02-21 06:19:47,2017-03-02 09:14:04,2017-03-15,87a7c3090f96d9da963125a0d7f8193a,2017-02-09
13f68da1f137146006b4c0c34b6824e8,68b3d6ac0b851622aa7e60f808a8c38f,invoiced,2017-01-24 13:02:32,2017-01-24 13:15:20,,,2017-03-07,cf535b89614daf41d4d6ec7d3226c5d7,2017-01-24
ba701392524db7f9964b35a87de91a03,400c20f2719430f4366f2619fdfc2d1d,delivered,2017-12-18 23:34:03,2017-12-19 02:50:36,2017-12-19 19:52:57,2018-01-08 20:15:25,2018-01-16,80aac3f3538c44e6c724c5d6faad48ea,2017-12-18
fc6e9a6cd6985d3d454cccfdfdf66931,bc24781aafb6ba52afdae67ebb4ba3f0,delivered,2018-01-25 19:50:58,2018-01-25 20:15:38,2018-01-29 20:12:52,2018-02-06 00:34:19,2018-02-19,4bf12ce50092fd6a873cf2fc560ac6a1,2018-01-25
bdef1c734c8b9acb8b68c7ca2e608a63,098dd85ba7d190a7ac3f80a3e6a12b93,delivered,2018-06-10 12:08:05,2018-06-10 12:31:33,2018-06-11 13:54:00,2018-06-20 23:56:44,2018-07-03,5c6e46c8c14d5afd094494168ea565ab,2018-06-10
eaf817b1e9460ea656747c70aa8d9c6b,69fa5d6edaf3d036a97be94a97c172e4,delivered,2017-09-12 18:00:13,2017-09-12 18:15:10,2017-09-13 22:07:34,2017-09-18 18:22:12,2017-10-02,a5d27d30180bb09d1aa563049cb43e8c,2017-09-12
afde95a684781b6fa700b1e2fc79416c,ab23995b2f7c718cd8c3b812ffd4d2e5,delivered,2018-02-05 09:49:06,2018-02-07 03:10:19,2018-02-07 19:56:01,2018-02-22 18:28:15,2018-03-08,e90c83ac8c8dc897f5c2d7b7fa0c58bc,2018-02-05
20b9ddb6d4a3df0ea06f860c983662b8,b4637a197cfe9186fd3fcebc55c596f2,delivered,2018-03-19 22:14:58,2018-03-19 22:28:05,2018-03-20 21:25:49,2018-04-11 12:07:56,2018-04-13,513f55aed147eafaf7afc2b73fb78a4b,2018-03-19
c70fef01838263b8faae59464fd721a3,f2fcceab5c13703768b77087d19d62ed,delivered,2017-11-02 10:12:54,2017-11-04 11:30:56,2017-11-04 21:27:48,2017-11-09 20:53:11,2017-11-27,ed83458aeab7795e07b8b53bc983c008,2017-11-02
c3ce4348607876c449622d8803771aa8,ce86000b63d23d299c139b9b50246e03,delivered,2018-02-22 09:55:25,2018-02-22 10:15:39,2018-03-14 21:48:38,2018-03-16 23:23:41,2018-03-08,1f6303d777fbad09ff64a4377ed1751e,2018-02-22
3d2e1f644275225a005ba11e6add8b4d,af3fcb590355fa0b0a71e1e5feec7b2c,delivered,2017-06-24 09:20:30,2017-06-24 09:30:12,2017-06-27 12:33:34,2017-07-08 12:58:03,2017-07-20,3acca5ead7853e20f34528166fbbfede,2017-06-24
85008a8fe3cde72dea5abbbc2be0a2f8,642ca6837fc987be7fb4c37628647b46,delivered,2017-09-26 19:39:16,2017-09-27 15:24:47,2017-09-28 17:26:11,2017-10-09 21:28:01,2017-10-23,f3ddbf26e38c05a810f73a77f2bc06f1,2017-09-26
0f9dcd718955037bf65c97edcee390ff,1b0a218005553bbb622b569970807457,delivered,2018-06-26 23:44:15,2018-06-27 01:35:26,2018-06-28 14:35:00,2018-07-03 20:16:46,2018-07-25,291c0ff050cf97149f73b6d78705b090,2018-06-26
339c4a8fdff27916641be1118b71ddbe,e8734195811f8f934b1fc92f114f12c4,delivered,2017-11-09 18:41:09,2017-11-10 03:10:27,2017-11-10 13:32:02,2017-11-14 17:21:46,2017-12-04,35a82f280655f621b4257db3c7c4b086,2017-11-09
5bab7c4dc62f5bae4f349ceb09639444,6318e5484de466af8092d9d252c3d6a2,delivered,2018-03-29 22:59:32,2018-03-29 23:15:11,2018-04-02 20:27:01,2018-04-27 18:37:52,2018-04-19,22e1c91dcd5b19577d6db6257ee8b647,2018-03-29
519848aec23e707e7000d416d01c5054,6f7603719ae4f4d0f8be78f8f266bf0a,delivered,2018-04-18 22:51:58,2018-04-18 23:11:17,2018-04-19 20:20:43,2018-04-23 18:24:44,2018-05-08,2395ae7b0586dd75a8ad87e06ccbe593,2018-04-18
e9fc4383978e3a12dcb8a7f429d12a9d,8627b27e02dbf7c31fbd7f80bcf86f77,delivered,2018-02-28 20:08:29,2018-03-01 20:09:32,2018-03-02 22:07:22,2018-03-12 16:16:36,2018-03-20,5abec77f25448f05e114df428f92dccf,2018-02-28
6370ed5bf9fc597975726885bde6ccce,efcdbbccc08a32f714e032c13febff25,delivered,2018-08-21 09:10:09,2018-08-21 09:29:47,2018-08-21 14:58:00,2018-08-24 16:38:46,2018-09-03,18add9866a5b48978797303297604c43,2018-08-21
bca5de0cd7c36e900e23525477c2a446,ca6cc391290f8c43d6c2355a7e99052f,delivered,2018-02-04 20:00:08,2018-02-04 20:24:18,2018-02-06 22:38:26,2018-02-16 23:07:59,2018-03-09,f9e38bdfe8b033a50aabfdb49a648d79,2018-02-04
3a96902e49651bc6e89660a93d5c6f60,1ed444f5d0c06b8fe5c17d80f7400c4f,delivered,2017-10-06 11:10:38,2017-10-06 11:25:44,2017-10-09 15:37:23,2017-10-17 22:34:19,2017-11-07,48f66f674fd74202b598a7f3b883bc8e,2017-10-06
ce5a9de9a8a2c2a47c627c3615f90700,ee2e42a5fcbe3dbf6fce1d07639c8121,delivered,2018-05-29 21:08:28,2018-05-29 21:35:04,2018-05-30 12:05:00,2018-06-05 18:41:39,2018-07-05,d5b4fce33a7ef8e6025bff334e6bbf1d,2018-05-29
6260a1de134b2ed0e97c3763b0c28aee,b7195944c3ced9b70bb7476dee99984a,delivered,2017-05-16 20:09:16,2017-05-16 20:21:59,2017-05-18 08:15:51,2017-05-31 08:29:32,2017-06-22,d13fa2a2695c021fd9fe5a02f2d57186,2017-05-16
0ae6247166276150abcb71aaa91b0498,6d7e3bca55ce37a6c791ee1e96f4e6bc,delivered,2017-05-24 16:21:26,2017-05-26 02:30:23,2017-05-26 11:37:30,2017-06-08 13:42:51,2017-06-28,285c863b24e651c7fc879928cbf422ca,2017-05-24
16a73b59c868ed5c7152b96b0ebc7693,63e7a08af483dc834e72063957f82e52,delivered,2017-10-18 23:21:35,2017-10-19 23:28:21,2017-10-20 20:42:09,2017-11-01 17:49:38,2017-12-04,7d3641e1a17c8331e758e3cf3eea199d,2017-10-18
0e4d9bad6fdffcf00307782a4200ec64,cf7465a3698b4378c6f53566da7d8381,delivered,2017-10-27 12:47:03,2017-10-27 12:55:28,2017-11-06 19:54:38,2017-11-14 18:17:43,2017-11-16,15cc9d6fa95639141a556a3a5b92c5f8,2017-10-27
8284b00d4745bed4c4823f738941718f,eefadc15137f7f3499538969c14ab29d,delivered,2018-08-24 15:40:41,2018-08-24 15:55:15,2018-08-27 14:46:00,2018-08-30 21:57:50,2018-09-20,fa9d4af0c32cb8ca710e7fb0536fead8,2018-08-24
58f999d3fc97ccaa6ce17d0488658cb5,9a4df08b3ba855822a7d5e8c8a4c4f9f,delivered,2018-06-14 11:33:06,2018-06-14 11:59:39,2018-06-15 12:03:00,2018-06-22 17:39:51,2018-07-13,3a74b8f2bb21642f3d1a27e612ce0856,2018-06-14
318f17dd3da19e3c819d905940547755,57bcc7ac5cfaa00fe722919fa7a2eb02,delivered,2018-08-06 17:27:10,2018-08-06 17:44:39,2018-08-07 14:08:00,2018-08-13 20:12:42,2018-08-21,a4b357709fff755b2816f24acf4852cb,2018-08-06
c05ad5099c122aacdc8f3c894c4d8648,c0af46300ca8b8f6cf17581e808854f4,delivered,2018-05-16 13:03:29,2018-05-17 03:34:51,2018-05-17 13:47:00,2018-05-30 17:10:45,2018-05-30,ab505aec1a167ad85d7d9fa82f51f246,2018-05-16
326c33839b23462fbe6d538942f54dec,0fcf5d619e3c4471fef24dec09cce351,delivered,2018-01-26 10:54:37,2018-01-26 11:13:58,2018-01-29 16:19:07,2018-02-14 20:48:38,2018-02-23,7136dfd4fd973cfbba323b7fcd4e208a,2018-01-26
daf7924c5511a9ba51d2fccbf42305be,0ab15f44d01c48d43ada758313530fd8,delivered,2018-02-19 11:15:34,2018-02-20 07:40:24,2018-02-21 23:22:26,2018-02-28 17:06:33,2018-03-09,518011c65ce63c1fb5154ed66df8bbfe,2018-02-19
953e5c1feb295e2fc31bcc8ee7a9f58e,95bed2046015bdb70ca082d4457cde38,delivered,2017-03-05 20:18:30,2017-03-06 20:25:20,2017-03-07 11:02:07,2017-03-09 16:34:41,2017-03-27,c5028993f05dea753d3f863168ffe23d,2017-03-05
6484880197398c11ca3f6a7709f60aad,9bca12f2eb7f971fea59d3dc857f81a5,delivered,2017-03-22 10:57:31,2017-03-22 10:57:31,2017-03-23 08:42:40,2017-04-04 12:38:16,2017-04-19,fae87031c4f2631d0115d651abb7c942,2017-03-22
c503f01e35a4c24abaa34ddaa0c2b3ff,2580fc1a44544123dace69c650eb0f55,delivered,2017-07-28 09:31:59,2017-07-28 09:45:08,2017-07-28 19:58:40,2017-08-08 14:53:42,2017-08-23,c00d04864517b63263e44af5fad6eb43,2017-07-28
aebaac58f78e552681094063704db84c,665ea0a2c6cf62926e2066a3beb07203,delivered,2017-09-13 23:31:50,2017-09-13 23:43:55,2017-09-14 16:12:37,2017-09-27 19:12:39,2017-10-03,be40af4040733b7b713ecf2d8daa457c,2017-09-13
2d56f831faff17de02fb49d2155fb2e5,796719bd21d5e64cb7a86d90781b9cbc,delivered,2018-07-24 09:55:40,2018-07-24 11:44:11,2018-08-02 14:07:00,2018-08-08 13:20:51,2018-08-22,3b2aa6306d89754f8563a8e569f99a41,2018-07-24
c1dbad5d0fae5060e2be3adf8d36839c,6af16317a307b76ac9cd103aae0d064b,delivered,2017-07-09 23:22:35,2017-07-09 23:35:16,2017-07-14 18:56:32,2017-07-28 22:06:22,2017-08-15,68102ce387529677dff4aeeb296d6d4e,2017-07-09
567ca196ed2fefd9a66f852f8fd67058,3cef4d46fcd245e3fe6705607bd1d9ba,delivered,2017-11-06 12:10:05,2017-11-06 13:31:25,2017-11-08 17:58:49,2017-11-16 13:06:40,2017-11-24,f4cb29a2884554c257a90856b70d2f54,2017-11-06
a85b39b522ebdc78718abeca337444a5,b195bc90f08a925b3fcff60a27e14e45,delivered,2018-06-26 14:08:31,2018-06-26 14:33:59,2018-07-03 12:32:00,2018-07-04 18:41:55,2018-07-13,7bb60ba80bdf284752528b6839693554,2018-06-26
323e8735fee7a155e91c37cc2f66c19d,0a3a69ed8321984a63be9ae06d997c4a,delivered,2018-01-04 16:11:19,2018-01-04 16:28:09,2018-01-05 21:24:41,2018-01-09 14:11:12,2018-01-22,aac2d2806373a68287b29825b4496317,2018-01-04
7219b463820695c30f441c2c3e33a393,aabf7f3dd34880c87118c7608e4a5bd6,delivered,2017-02-01 11:53:55,2017-02-01 12:07:02,2017-02-07 09:32:29,2017-02-16 10:54:34,2017-03-10,f172e87cb8cd89e4e34bce37f28ce713,2017-02-01
60bcba6747ee878b9007f61275f4cd1f,7835a6511365b268b2ec938703f716f0,delivered,2018-04-17 18:02:40,2018-04-18 17:58:45,2018-04-21 01:28:27,2018-04-23 22:54:04,2018-05-04,7874393cafc44215dcc74c2b57726527,2018-04-17
2e03cb2541b48c78aebca2dbfb2fc7b8,fbeb0b67308075646eceeaf2e071d729,shipped,2018-05-11 18:24:01,2018-05-11 18:35:20,2018-05-14 15:49:00,,2018-06-06,a8d973624c90c35a007346b82dca04c1,2018-05-11
9a58639b7ba6a6e4983d68f50694f34f,2276bc8327dd51ddcadeb3e17b6a30bb,delivered,2018-08-24 10:49:21,2018-08-24 11:05:06,2018-08-24 14:33:00,2018-08-29 19:13:37,2018-09-04,be94d22dbfaefba68b11213bfcd8299b,2018-08-24
56de333dae82ab3c1d1d123e55d882fc,c5e4bf46280130708fbd6190c1b50cf6,delivered,2018-05-11 21:01:04,2018-05-11 21:11:01,2018-05-15 09:08:00,2018-05-18 23:28:52,2018-05-30,f608ac0878b1a4edd6c861af42ab3746,2018-05-11
250eed4e5a0d6ef2d21494b5f866ae58,6bef7aeee709b60763e7cf850e90db76,delivered,2018-05-07 21:14:37,2018-05-09 04:31:33,2018-05-11 14:30:00,2018-05-23 20:17:06,2018-06-01,5922ce0b65492e91ac07ffa3b77b2cff,2018-05-07
51520d3bdef580c2ffd3b8fea209172a,c01cb514d2cdef5688096a4c372f31c5,delivered,2018-08-06 14:09:01,2018-08-07 14:05:16,2018-08-08 17:02:00,2018-08-09 18:41:25,2018-08-09,060fb87bcb9f60275f3fc857b35be629,2018-08-06
b0e40a3e61447dd4231b10489ab96b8e,0d81bc4671f67261b0e16c595da352cf,delivered,2017-07-24 22:55:48,2017-07-24 23:10:16,2017-07-26 15:23:50,2017-07-28 18:57:41,2017-08-11,3ba80dbfe6e6bda70a58aa37459c16dd,2017-07-24
3457b7151b16352dca4c597fb8b9bba3,68fe7e1f30525154073a3758b801ea9b,delivered,2017-09-10 21:12:36,2017-09-12 04:45:45,2017-09-12 20:32:24,2017-09-15 18:27:55,2017-09-28,94f27b9c70d7d079ffbf43da76486417,2017-09-10
93be45ffc4c8eaecb1eaf7654308acc1,ac1cbf83413f4663dd2b928f7a41976a,delivered,2018-07-20 15:37:33,2018-07-20 15:50:12,2018-07-23 13:32:00,2018-07-26 12:06:27,2018-08-10,449a99af7d03b064ce3868eb9d972e08,2018-07-20
4fb497a94478d176225d6cb62333e296,1384b3ab68397b7f0b67e1ed626c5736,delivered,2017-06-02 15:04:27,2017-06-02 15:22:49,2017-06-05 10:47:42,2017-06-14 13:59:59,2017-06-27,0f47b99a7a474c43f7d1bc1ef3fd85bd,2017-06-02
39774525e32164b147737bc4932ec02a,25349dd5f9f05ea1fbfddf1f5556d5fc,delivered,2018-04-02 16:58:20,2018-04-04 03:10:31,2018-04-04 20:16:46,2018-04-05 21:08:26,2018-04-12,15519876b62cfc50b46f347b895284ea,2018-04-02
ebb0572173c1ff1b9b126bf4d2ed9114,04a25a04ee81a4fd6a28bdfab5545fe1,delivered,2018-03-06 11:46:07,2018-03-06 12:10:12,2018-03-07 21:18:54,2018-04-11 00:03:59,2018-03-27,c057231ec14d6d9422537205c202ab64,2018-03-06
9ff8a9b56d0dc60ce426a0c27ad77953,6bf58f26436f3983d234ec06083d704a,delivered,2018-07-13 11:37:00,2018-07-13 11:45:15,2018-07-17 15:38:00,2018-07-20 17:54:43,2018-08-10,820caa0a0719ccd644acb88c7ddc0cdc,2018-07-13
778b33a6ecdeb14d0fc40bdd972787bb,717c8184897190478e794b2f0a2ed22f,delivered,2018-02-06 21:31:25,2018-02-07 03:10:14,2018-02-07 22:29:54,2018-03-09 22:44:27,2018-03-02,bd9f44de8ade51e5fb1e37d49ca2e5af,2018-02-06
339cfa1a6bf1f4f0c50db99c5255b714,3c3e4944db82d06e6413f8111e7a7a5c,delivered,2017-02-02 21:40:21,2017-02-02 21:55:14,2017-02-03 18:47:30,2017-02-16 15:27:45,2017-03-02,1ddc4c53473fb7a35191516f1a32a6ed,2017-02-02
5ca70501fc222cd2653be2b9993e4a8d,e0823accb8c5a10158bdb45081c58d68,delivered,2018-03-12 09:56:01,2018-03-12 10:15:50,2018-03-16 19:05:59,2018-04-20 16:18:47,2018-04-02,ce0c4fe9aa793de8e8c27c882c73ce14,2018-03-12
e3095d728011efc529f2db0e0f4cba46,035aed905c76a63603e6ed5d1d21ae65,delivered,2018-05-26 13:36:22,2018-05-26 13:51:04,2018-05-29 13:40:00,2018-06-15 19:51:20,2018-07-04,e2025751a68d76ed85d7f8aa53738f46,2018-05-26
f8269b176544d1f16f51e785046d1785,a04c1a8fb4d90f1acc305482daeba5c5,delivered,2018-06-19 21:08:40,2018-06-21 03:17:29,2018-06-21 15:40:00,2018-06-28 21:54:49,2018-07-20,15a8c734ce4d2b6cd9bb2a52c6347d89,2018-06-19
bb0ef554fe35f069cb84d62115f885f0,80446c9ca01b14a65601abf14d15bf61,delivered,2017-01-29 17:38:09,2017-01-29 18:31:29,2017-01-30 14:16:19,2017-02-02 23:57:48,2017-03-16,ac9356cb7ca89ff80b1262257580468e,2017-01-29
9dd9df2aeed4645e230e7528a5b1d9ba,3f4446ccd6aee1d0a6ec1b50a93a2b45,delivered,2018-05-10 11:26:21,2018-05-11 02:57:38,2018-05-11 10:27:00,2018-05-16 16:08:57,2018-05-24,66b9db089e830a47c4be2e3a4dffb9d4,2018-05-10
35084b4c2264dec95673bc5b657289c0,e1a68d9a0e7fbb2ab08a83dce5dd7b2d,delivered,2018-04-09 17:37:51,2018-04-09 17:51:35,2018-04-10 18:38:43,2018-04-17 18:04:22,2018-04-27,0f0bf5903614594ea042384fa3c86770,2018-04-09
671f4219ec92ca6613eb41280aa6ff0d,8fbc0368fd1c18442dd99d4a048ce827,delivered,2017-11-23 16:33:54,2017-11-23 20:49:30,2017-11-24 17:37:06,2017-12-05 22:18:42,2017-12-14,169f39dc2fb2fea0f9c32e97a7eb79f2,2017-11-23
abb27b3995f56205b2545e3dccf1aa16,d46f75768c1621316f8f22e70ce722df,delivered,2018-06-21 11:14:17,2018-06-21 11:41:25,2018-06-22 13:47:00,2018-07-06 14:32:45,2018-08-03,6fbee271a266c01a5f0f8cc10469a013,2018-06-21
7aafb177131ac6a45ad8e3facf689f27,ee766a73c369b2e79200cfc2441c1292,delivered,2017-12-29 08:44:55,2017-12-29 08:51:23,2018-01-02 18:58:26,2018-01-08 21:43:58,2018-01-18,0c51f8d486aa3baded1b77aa5439812d,2017-12-29
d0b9bcb0d474f6525456037afe12820f,2234c43d78384c202447f319adeba1c4,delivered,2017-09-02 13:20:52,2017-09-05 04:24:49,2017-09-15 15:17:29,2017-09-20 19:10:45,2017-09-22,e725bc81f23cb13cbe705fdbcf49f581,2017-09-02
628365400ec276cda9dbce783340e906,d1ab1355d889d31e0140106dead20579,delivered,2018-06-10 23:04:05,2018-06-10 23:15:18,2018-06-15 16:37:00,2018-06-29 20:55:08,2018-07-13,fce06047bb27b2c778bdb36be2e58386,2018-06-10
a85b0a5e87b520e0315a4aa50771e9f0,9db60441422191db18225cf1e58e561f,delivered,2018-06-10 12:51:50,2018-06-12 07:37:11,2018-06-14 12:30:00,2018-06-21 21:56:19,2018-07-11,1aa553a56fdd7888ae5839b07e14148c,2018-06-10
d5c37bf9b766c837b99457b183fbe2e5,c7135d8480656a29036f329b46d36611,delivered,2018-02-22 21:24:00,2018-02-24 02:35:51,2018-02-27 18:02:59,2018-03-13 23:51:45,2018-03-20,91a343cf224256aa312de59b6c059895,2018-02-22
0758eac62489b47a99c64b7d67c5ff18,ef75d5dbdc414838beb621629a99bad2,delivered,2017-12-09 21:05:10,2017-12-09 21:40:15,2017-12-11 19:55:50,2017-12-19 17:52:04,2018-01-11,b1a6621008f2bb41784232794e2ef0a3,2017-12-09
29a5e96ed1133228a266d52f12bcba32,3f8ad8c7cf1b77d45a23ee2f646eb06b,delivered,2017-08-30 13:46:39,2017-08-31 04:31:29,2017-08-31 19:34:48,2017-09-14 21:44:00,2017-09-20,15373e1af6ccceb6dbff6cf49a4ca9a4,2017-08-30
cf0e37f46e8d7069a7488a26233cbe8a,36a6a653181b375a3ebaadafe70f5fa4,delivered,2017-10-03 10:40:18,2017-10-03 10:51:48,2017-10-04 18:46:13,2017-10-11 11:12:06,2017-10-31,983ffa983c349759fb7d0b7aab30c3cb,2017-10-03
1924c6aa8ef1e715f7593d5b36bc596f,05551733f29422ff885d0a28f4f04186,delivered,2018-08-07 10:11:48,2018-08-07 10:24:48,2018-08-08 11:11:00,2018-08-16 11:12:47,2018-08-29,6e6a6567e76bd5bbc112d7d7f9a9c0e5,2018-08-07
eafdf1e146bde4f014a36fe9312495c2,42cf7a27c6349fe903d03f309ab51e4b,delivered,2018-04-11 18:56:21,2018-04-11 19:11:10,2018-04-17 18:36:44,2018-04-26 18:21:01,2018-05-09,b1053f51d4b97bf522bc083b6a30bb48,2018-04-11
67801f243da7ba900390b8be2515605e,1805b89e07a3dab7e94b69b5b47be1bb,delivered,2018-06-24 15:37:09,2018-06-25 15:35:18,2018-06-26 15:48:00,2018-07-05 15:28:39,2018-07-19,6c3f506ef7926bf4d17c7e71b2581377,2018-06-24
f2b4e20a7eeef7fd7c9b088363bd6183,edac3e4408c2b26f0d0b3a9f9a2895eb,delivered,2017-10-09 20:10:04,2017-10-10 09:14:48,2017-10-13 15:58:13,2017-10-17 20:44:24,2017-10-27,df016cae74bd4348d60f96d9071c5544,2017-10-09
5fb3f389f87dba24283f9926bddbf546,f27efac838b19c4a200edc175ecf4f38,delivered,2018-08-17 13:48:52,2018-08-17 14:35:30,2018-08-21 09:47:00,2018-08-27 19:51:31,2018-08-30,710ec146adadcefce620cb2e08da0544,2018-08-17
9dfd3a56fdb17e1806b96edf77f39fef,9ca0fa8b4167ba39b65483fc4e420675,delivered,2017-09-19 10:37:23,2017-09-19 11:20:17,2017-09-19 19:44:52,2017-09-29 21:36:53,2017-10-05,45d392980cffb198e779ed5dd674223a,2017-09-19
704374e26cb18a00afd45c327fe8d3ce,a1af09f3b94b902d137ebf59e75fc3df,delivered,2017-10-27 12:32:02,2017-10-28 02:55:33,2017-10-30 17:58:44,2017-11-08 19:02:16,2017-11-16,fc9dfb320f6ce4ff0fe46425e6475a0c,2017-10-27
7bda50539ea6db7dbafdd8ef17ed726e,bca3ddf75837804729dcbdb02374b329,delivered,2017-09-18 14:33:15,2017-09-18 14:44:04,2017-09-19 15:57:44,2017-09-25 14:21:42,2017-09-29,a3a789d7f04aed7d52daed6b622f9318,2017-09-18
963cb654293e98ba41a3c609d2c3ca4d,34c7072b051e4df2c2a048d2db72edaa,delivered,2018-01-23 18:58:56,2018-01-24 15:58:05,2018-02-01 01:21:15,2018-02-15 18:33:12,2018-02-20,a8953e3d7677addada63eee79b91e7ff,2018-01-23
9a2f7e3d9d90fc6b50f6f562541af986,b9cccb3fbc3d435d5886e2b614b6c8f5,delivered,2017-11-25 23:56:58,2017-11-26 00:19:44,2017-11-27 21:58:39,2017-12-13 11:42:40,2017-12-15,bc458f34f5171301234090fbb62ebacb,2017-11-25
04aecd02392f7ec523e0e3f208d7e890,1b3a5726a67f0222890dc9c922f19809,delivered,2018-04-04 16:37:52,2018-04-04 16:49:52,2018-04-05 20:07:42,2018-04-10 18:44:30,2018-04-16,6e576eaae1a8076ef24c487f08cd1bda,2018-04-04
b194904b5bf02c6fc117d73c33cbb728,02bfeafb0e3047092c4191501c41d930,delivered,2017-05-10 00:37:53,2017-05-10 01:25:20,2017-05-10 14:33:47,2017-05-15 10:53:11,2017-05-29,8718acf42b0898402b83ff569c9c04db,2017-05-10
2ff94b5adbd4735e19153ea5bcaf8ebe,00fb3db8be6fffc03c156297ff70c1b9,delivered,2017-05-07 18:44:18,2017-05-07 18:50:19,2017-05-12 17:19:38,2017-05-15 13:09:33,2017-05-19,98d9a0f7e940e0750fbf72f9aaab1210,2017-05-07
bcfd690e502b1c8c81c587996c60db9e,362fb55878be69134ae94f39da032183,delivered,2017-12-30 11:09:12,2017-12-30 11:17:30,2018-01-03 21:34:33,2018-01-12 22:14:15,2018-01-30,a964e7b58956493aae6d527b20a64e87,2017-12-30
e687c9cd3e2434f95fc04a1b0c6c14d0,a938c9d9100a63faa355d2286d204d7e,shipped,2018-04-18 09:28:00,2018-04-18 09:35:16,2018-04-18 21:56:43,,2018-05-21,d5a328c92c7a2139b37c14e12e69d0f5,2018-04-18
82f9d29b3ba3f050c96ecc1fc879d58c,b0a59e1efebe412e0c594fdea8966fa2,delivered,2017-04-04 21:35:50,2017-04-04 21:45:15,2017-04-13 16:53:15,2017-05-02 15:49:20,2017-05-05,d4a51c85abe4e64a4215d46b4177a44d,2017-04-04
8a5df58ab18abdaa52f8f595c1af1197,0ac0031856fb81fc012fbd6abc872085,delivered,2017-11-24 23:17:51,2017-11-25 02:14:28,2017-12-01 00:23:03,2017-12-04 22:13:18,2017-12-15,5c877400f924dc7f63e90d9a54e6ca79,2017-11-24
79164f97a0f684659f0881551ed73a2e,f50f74cdbbcd7aa7c75b1674ae919c15,delivered,2018-02-14 17:39:50,2018-02-15 03:50:58,2018-02-15 20:21:41,2018-03-13 23:03:32,2018-03-13,3c0b1de96eda92c3108a3ee0e4d37cc7,2018-02-14
b2f6d9c004d4df667af498c97106b8f1,1e43f63c1584c4703baf3b71577f0bc8,delivered,2017-07-21 10:49:31,2017-07-21 11:03:29,2017-07-21 17:36:48,2017-08-02 18:33:10,2017-08-16,9832ae2f7d3e5fa4c7a1a06e9551bc61,2017-07-21
e61eef70c6a825396525e3f3d9a82ec9,4388a78467a347df7bae385d0cdd93bd,delivered,2018-06-15 16:54:57,2018-06-15 18:21:32,2018-06-18 14:48:00,2018-06-19 11:12:09,2018-06-29,74dd84d3790c6d58bf1f465e5732abe3,2018-06-15
0191ee5deb2474bc1f4189fa709289b2,427193866d6c04a3fb307afdc2731b6e,delivered,2018-06-16 12:55:53,2018-06-18 12:37:26,2018-06-18 16:57:00,2018-06-26 21:21:48,2018-07-19,a6f83c597e714375c62c75d9f6e674b0,2018-06-16
af19069eeb42e10ffc3f2eadee886c49,b635957da0091ef9421c4405050ca614,delivered,2017-11-26 22:11:05,2017-11-26 22:33:41,2017-11-28 22:03:59,2017-12-04 20:27:04,2017-12-18,b88ab79fafd93f0ae465d82e71e69962,2017-11-26
b7bb38752b1d8e0b56a6a0633907e66f,465c85475574bd5c51ee1e4fc4d3ad64,shipped,2017-04-22 11:35:35,2017-04-24 16:45:13,2017-04-25 13:45:05,,2017-05-23,afc79cb8de7d350f1909eb6dcd0cb8dc,2017-04-22
b2b34605d25df88c45e5330a376dc8b3,f1c9108faec06a72a4e597c922ef2622,delivered,2018-01-05 16:27:44,2018-01-05 16:35:34,2018-01-10 21:05:55,2018-01-11 22:58:33,2018-01-23,26c9cb11ad1169f145cc96dc263cbb29,2018-01-05
d322a3ba4223a4f30fb7c76c8202563d,2ccd7390eddb1ba50145dd9ac6e6284c,delivered,2017-10-10 13:29:51,2017-10-10 13:49:48,2017-10-19 19:42:47,2017-10-20 19:48:54,2017-10-23,82ed7c6aebdb7721e9426f254e4677bb,2017-10-10
93dbea6be0ad39924a14fe9360679560,001f35d9f262c558fd065346fbf5801d,delivered,2018-01-25 17:33:55,2018-01-26 17:39:23,2018-01-29 19:29:31,2018-02-21 01:23:27,2018-02-22,ed5340f0e2a52fffa065298aeb875e60,2018-01-25
b819d4bf7ee713f4efbbf5328a3eeeaa,14f8cc584e623e4d3c92fd134fd9e8c4,delivered,2018-07-14 13:41:00,2018-07-14 13:55:12,2018-07-20 12:50:00,2018-07-25 18:52:04,2018-08-27,686898d44fa25e79351c5a7bd92e2cb5,2018-07-14
a5005eed826f3e8454d90b149ef8e6de,a17dd8395f84735ded00a43107b1b58d,delivered,2017-12-10 22:15:11,2017-12-10 23:12:29,2017-12-21 16:26:55,2017-12-26 15:52:06,2018-01-04,55be166edf74ab9e31cac5405121ca37,2017-12-10
98e84c5fef5422dde7fa1927c43adab0,3f14386448ceda077f073218a95e855e,delivered,2017-12-07 10:46:21,2017-12-07 10:53:26,2017-12-19 22:59:29,2018-01-20 15:43:39,2018-01-05,de710dc3e3ff1f28149f1ae6f234ed3f,2017-12-07
deb21a069a630275a86d9f571e371d22,afd9ea67436a624c5430af8d663b6ddb,delivered,2017-06-23 00:24:20,2017-06-23 01:25:21,2017-06-26 09:17:30,2017-07-04 13:49:59,2017-07-19,665abf32af7598d674235697ead971b9,2017-06-23
27c6771e4bc936d8ef460989587acc1a,3f2e51e61d65ef449d876636ff3f1364,delivered,2017-12-14 15:16:42,2017-12-14 15:31:23,2017-12-15 00:05:03,2017-12-29 19:24:35,2018-01-10,00cc2d4fcb3a1864b4f900741915aa85,2017-12-14
0220b52f0b019739726d80c64bd4bf08,3f887ff09d642f0cfc712a5f6751c5c7,delivered,2017-12-20 08:36:49,2017-12-20 08:50:02,2017-12-21 02:12:55,2017-12-28 20:52:40,2018-01-23,895ae7e95f846cf2a68eb3e693c01950,2017-12-20
673b85fc62a811fd9de6f499d5a4c9c4,7d5bb66a437018329f3c334e0b1d305a,delivered,2018-02-17 21:41:21,2018-02-17 21:50:30,2018-02-20 00:42:15,2018-02-27 18:52:56,2018-03-21,35beea2e5b36aeb0d95610ce5c4ebf81,2018-02-17
cf8c042aa438ebb1b961dac5a8b0b164,555992ee968f81e65d56e2884f103807,delivered,2018-03-28 10:13:44,2018-03-28 10:28:46,2018-03-29 12:55:52,2018-04-07 14:41:35,2018-04-16,aa45ed132b071dc9afeb2a2c0b6bcdc2,2018-03-28
dc8e7d66422ec37c6fa1cd4f6d29a85a,d457b3332a59dfd741d7bd9bb57b73c1,shipped,2018-07-15 14:03:37,2018-07-15 14:15:14,2018-07-16 15:52:00,,2018-08-02,5c72a10bd7b9d78cae145b0b9ec26eb3,2018-07-15
2b7348f9efa4c873465d66aba3fa20a0,89c84aeb59d0a7ff9bbb7caf35ca29e6,delivered,2018-08-20 21:01:51,2018-08-20 21:15:07,2018-08-21 13:55:00,2018-08-27 20:47:36,2018-09-10,0809311c8e92e97d914b492cf98f4470,2018-08-20
2d48e0823cd1b60fcd0653613d712e27,0a0cb67a965b9c7e35f5595053b79bd3,delivered,2017-12-01 14:16:47,2017-12-01 14:39:00,2017-12-04 20:13:35,2017-12-05 18:41:29,2017-12-19,730ae8c327cf72c645de5fd7238ae4dc,2017-12-01
7b8c32f57706909aaebed84fe68d191f,4f7d09d7800186530a64236919693655,delivered,2017-07-11 17:41:16,2017-07-11 17:55:26,2017-07-18 20:05:34,2017-07-24 19:07:34,2017-07-31,37bbbbc2dbb5e91c6d75dc5494332961,2017-07-11
ad011a3e400b99be12aa7d90ceaba499,b9c45504891563b2ea4c08f027a8d7a8,delivered,2018-01-30 19:15:22,2018-01-30 19:29:03,2018-01-31 22:58:39,2018-02-25 18:23:32,2018-02-23,1412559410af5e92c35e053fd6acd006,2018-01-30
b67b6f2b2675c892382cac4ba30ef88d,79e35a8cf48a05893167fd04dbd226a8,delivered,2018-07-18 10:22:56,2018-07-19 02:42:48,2018-07-19 11:21:00,2018-07-25 15:52:44,2018-08-02,9469cba934075437bf33275412b11eb6,2018-07-18
feb4e69949791cedc24d210212eb73ce,99a24036cf2d3673ae33a0c9399d4834,delivered,2017-08-23 18:31:06,2017-08-23 18:45:27,2017-08-24 18:39:08,2017-09-06 22:23:52,2017-09-27,317b51d30ebbeaaf74e32475019b0178,2017-08-23
4d88d13cc873bc02567931e0c1725dd0,4c5307b6e161dfcaef72525344e6d663,delivered,2018-03-26 12:15:39,2018-03-26 12:30:29,2018-03-27 17:24:50,2018-03-28 18:46:31,2018-04-11,fc96b151e3ed7bd7e6794dfe835c19b8,2018-03-26
14603d35d2aca640f2cf981ed98a991a,1ee137ba69656f5c76f861ff10702342,delivered,2018-04-19 18:22:55,2018-04-24 17:12:48,2018-04-24 21:52:02,2018-05-03 23:22:17,2018-05-17,670a5ab5b58f27b106b2b58f41b7c08c,2018-04-19
dbeab9b9e1d8a9f391a133004bf1fee8,9c3e43a20a1448c10ac65af068550afe,delivered,2018-02-08 11:22:07,2018-02-10 02:49:29,2018-02-14 15:11:51,2018-02-23 22:23:41,2018-03-12,3c17f7e0c06a2a37e2a3a6f55e1ba73d,2018-02-08
40a53ec6d0f15a6e4366a5e07c5f6ce2,7d58157ef9ab184d29d36f009c7ad786,delivered,2018-06-16 19:20:49,2018-06-17 19:15:14,2018-06-18 15:11:00,2018-06-20 19:56:40,2018-07-16,4dd678b3eb5be4a5589f5566ec386e09,2018-06-16
449701a6fe005e6ccd257c9096e85b3f,3c0562c182c693699c1c5e3cb4e455a3,delivered,2017-07-12 11:25:23,2017-07-14 02:30:20,2017-07-14 20:33:59,2017-07-31 20:45:32,2017-08-11,3a6a0f7f02ef1ef2125f6e17f2544bb0,2017-07-12
76fd5bb49ba9bda8891b61cf1b45f0f2,f8918ddf3473b27b6806714fd28f1df9,delivered,2018-04-11 15:27:25,2018-04-11 15:51:07,2018-04-12 19:35:03,2018-04-18 01:11:39,2018-05-07,cf47e035620e6ddebba30fe6cd0c27f0,2018-04-11
f586a897746d5f33a2c16ba86ea730af,7b81be94772b2c08ef5e672ac3cfae55,delivered,2018-02-02 17:06:48,2018-02-02 17:15:29,2018-02-05 23:18:26,2018-02-15 22:49:05,2018-03-02,89b23702437ea2222bc262a0c0258477,2018-02-02
620f2b2f6cabdf0426262c47bf3a883c,3c84e38052e77f837c05363ad8a2b16b,delivered,2018-08-01 13:23:02,2018-08-01 14:00:13,2018-08-01 15:54:00,2018-08-03 20:52:42,2018-08-13,a4931ede16fa41135066b3c7f054e287,2018-08-01
30912e56cd416bbcbd9d3282e643c27e,333a913545093913245d9bef9d363d4d,delivered,2018-07-26 13:19:41,2018-07-27 04:05:20,2018-07-27 14:31:00,2018-07-30 18:08:56,2018-08-10,c084f0e0a76da58d603304288aa7fa32,2018-07-26
d92658650a56cb92f81df5c404505eb5,200d118d9392a4687572a02f0a1cc6c8,delivered,2018-03-25 07:57:30,2018-03-27 04:10:25,2018-03-28 20:08:45,2018-03-29 12:29:35,2018-04-06,e3004e5693de98d7a5302a06e0e0a3fb,2018-03-25
63a4d7a71c43e2f008340552233931ed,ffeac04ef924e20238b3ad2f9cecfbfa,delivered,2017-02-01 21:13:54,2017-02-01 21:25:17,2017-02-03 10:48:02,2017-02-08 12:15:36,2017-03-08,131dcb7ab428e245ce73122bfcfac12c,2017-02-01
63d5822f37657544e6a446762e310267,62bfe1759d3600c7dadff0b3d0d389d0,delivered,2018-06-02 12:00:57,2018-06-02 12:11:39,2018-06-04 15:01:00,2018-06-19 00:42:05,2018-07-24,a714a8aecb9f992c0ac8a09db451fcdd,2018-06-02
a92364d98a6fdd24699369e932fa1a4f,d4b78333966d7c8eeb85730b617edc3b,delivered,2017-06-28 10:57:43,2017-06-28 11:10:21,2017-07-10 16:03:48,2017-07-17 15:32:02,2017-07-20,3ccdb773109127443b9c9a88d6639ee2,2017-06-28
9edec07b1f5b49856627e878dc1a41b0,d722f8014bdb3c165931ad14c62e02d3,delivered,2018-03-12 08:34:03,2018-03-12 08:48:59,2018-03-23 02:29:01,2018-03-29 18:04:01,2018-04-04,9eea8c3c95fb5df35e20c35d625e4278,2018-03-12
cd5be8f92135682a584bca7d11218aad,8a7636a8f5d5c27a5cb9aa255586a322,delivered,2017-11-25 17:46:11,2017-11-25 17:58:23,2017-11-28 18:10:11,2017-12-16 18:19:56,2017-12-26,da9e4c6e24c2b5aff7d0bd5d98b12fbb,2017-11-25
399925b6edb5695cad0f5d06f861f726,8584492d0dab36e713b96246b0500d54,shipped,2018-03-11 21:21:10,2018-03-11 21:30:35,2018-03-13 12:14:09,,2018-04-06,e775b16ae9ab052b428b08919c54f623,2018-03-11
36863ac8590d8776002418d844275735,11164408a37998c0a3000919109c2e28,shipped,2018-03-11 23:18:37,2018-03-12 23:10:21,2018-03-15 23:12:52,,2018-04-12,354786594ffe758a2f3737c071b0e298,2018-03-11
33c710d17ee5ae150eff517c42da2571,1b98db36725c927ec85d606746f4817a,delivered,2017-12-20 09:59:33,2017-12-20 10:12:26,2017-12-21 13:08:02,2018-01-09 18:19:41,2018-01-19,d9a83581a9401aa4af643c738ba0df79,2017-12-20
f30cdd89599d62694b4926d9e38ea3e7,bf4492055d844225c39468984e78f450,delivered,2018-01-15 15:56:53,2018-01-15 16:12:30,2018-01-15 23:09:48,2018-01-17 21:21:09,2018-01-30,dc313d7f26eb16e2022662a5a962bd22,2018-01-15
9566b36fbba7756a79b5d2cba4e058d9,6c60cba0b553924964bcbf588c7fec36,unavailable,2017-07-10 16:47:00,2017-07-13 10:04:11,,,2017-07-21,6d0e13048784385ccb8e360e1567f82e,2017-07-10
7b6900f9a0d0ecc69d4ac5bdc8b3ffd3,4282ae54c83a5c20bc9b0c199964be41,delivered,2018-03-05 11:08:22,2018-03-06 11:15:35,2018-03-06 22:59:03,2018-03-17 17:28:39,2018-03-28,60a0f9402ae738b57554538616ee338b,2018-03-05
bcb1a89f854e5f014a0e07fe76c08539,a25d9c029c9a3458a9c8fc681e08a651,delivered,2018-04-08 13:32:41,2018-04-10 04:10:21,2018-04-10 21:08:47,2018-04-11 21:37:55,2018-04-25,de68652a618bc99e940175ae50c357d9,2018-04-08
eede469df41846bdb04500adce0d8120,f37333ebf81ab0b826f17eacd92f6c3b,delivered,2018-03-09 00:27:13,2018-03-10 03:55:35,2018-03-26 17:56:16,2018-04-12 19:03:15,2018-04-13,d0f8c4f5cd095f457c87c1fe0bced8db,2018-03-09
0fdb6f73fab7005c84d4a43d8a93682b,33c3a199bd245cf5ff352a8f4f84da57,delivered,2018-06-11 11:51:21,2018-06-11 12:22:21,2018-06-13 10:29:00,2018-06-27 18:41:32,2018-06-29,175e036885f87a68cc0c62c4ec130d8d,2018-06-11
47e90f9c867597102381120afab2be4c,b991e9e7738b7e18b3c43e28c3d34039,delivered,2017-07-09 15:40:45,2017-07-10 15:35:21,2017-07-13 18:22:17,2017-07-21 17:22:13,2017-08-10,0ea801eadaffd685381397074de02bfc,2017-07-09
c4ce02b0d68f5bf60e5d6bac4701350d,313825356d816b54b2c6b55d2e934b02,delivered,2018-08-04 12:56:08,2018-08-04 13:05:15,2018-08-07 09:20:00,2018-08-13 18:02:49,2018-08-16,4b0f1a28c6fd7af4705d217c728f22de,2018-08-04
2df9e1004dbadccb93c8e2555f039053,2e1482ce4086b423493b5b5a488f17a0,delivered,2018-01-16 08:42:46,2018-01-16 08:55:03,2018-01-16 20:12:45,2018-01-23 11:13:55,2018-02-06,268f128415d66208ed602e113b9f7bd5,2018-01-16
0b3e1c68302779e0c67d97c5b8ed17f7,e653a6824f067a75cfbc70b978d512b2,delivered,2018-08-01 14:22:28,2018-08-01 14:35:07,2018-08-03 15:16:00,2018-08-08 21:51:51,2018-08-21,c8962f9086851614997e9c46b10806af,2018-08-01
572e5973c80ab933d719e73b89b29743,4c059976e75f2bfbcaea907a147e77c7,delivered,2017-06-11 10:47:28,2017-06-11 11:02:48,2017-06-12 15:45:03,2017-06-13 13:08:01,2017-06-26,7d729c2a561745ecd0eccaf6eaa78167,2017-06-11
bb9e3fdfc33f7fe56fd38f6adacf760f,36d29f1c80a81a79fbf6185b00b5ce3c,delivered,2017-12-26 14:45:54,2017-12-26 14:53:21,2017-12-27 17:54:42,2018-01-20 00:18:46,2018-01-29,d1c19268fffc2d095bf27843b7435130,2017-12-26
37d4f4fa2c96f2b37291fbb0e85ff90e,bea4dd01f3c88de870e94eb9447bc0d7,delivered,2018-03-12 16:10:58,2018-03-12 16:27:57,2018-03-13 17:26:20,2018-03-22 22:04:11,2018-04-12,3e7ae105da658a01e2fa1a430464a5ae,2018-03-12
fb87b2f1cfc7b5cbab3f7bd911bab6ca,418a80c6d9f0765b153c7c1d42d0fbfb,delivered,2017-04-05 20:53:42,2017-04-05 21:05:13,2017-04-07 11:48:30,2017-04-11 08:26:41,2017-04-27,901a3eeb0f9e5fb7ee01b7d2bde44cf0,2017-04-05
1b5a25c6c507c850755e92c42bc30359,69d393ea15389752f210177bf43b97e1,delivered,2018-05-04 16:04:30,2018-05-08 04:53:58,2018-05-09 14:59:00,2018-05-28 17:58:29,2018-05-30,eb21f863a49a0d183c4fe97fb5e6b48e,2018-05-04
24523db64c1af3f40f27cb4416fa5ea6,a6070315382f5f1e536be705f64ab209,delivered,2016-10-07 21:19:32,2016-10-07 21:32:41,2016-10-15 12:49:02,2016-10-20 00:47:34,2016-12-01,be8375783b7439dd7ef30b89fb46188b,2016-10-07
c832d3bb0e9e7f7eaead6a21ed509d83,8a93b11e28f4ac2bc7829a9a1cdcb4cf,delivered,2018-07-05 22:35:20,2018-07-07 04:50:12,2018-07-10 11:30:00,2018-07-11 23:18:25,2018-07-18,754629999a6a5b26e9b5ee411ce6fbfa,2018-07-05
63a301cc49568c5b437aa940f1fbb388,e132dfb01ae495fcba5615e9945e233c,delivered,2017-04-03 00:14:44,2017-04-04 05:50:41,2017-04-06 15:27:55,2017-04-11 15:51:55,2017-04-26,db539c729198334582efc7b53c803c79,2017-04-03
1308f542d82d3b18c50659be0f12a323,1cb2963b96d7da644168b9282330a809,delivered,2017-02-01 18:22:02,2017-02-01 18:31:14,2017-02-02 08:06:33,2017-02-17 13:42:05,2017-03-22,5ee41241785af239cd4ccd226927cc08,2017-02-01
1b808946f01b032c2ff882e814352ef5,206fad0e99ffd9e1aafde4f899bd097f,delivered,2017-09-13 09:19:54,2017-09-14 02:45:21,2017-09-15 14:47:33,2017-10-02 18:38:41,2017-10-09,3291feec93bac7c3a526a46203f48788,2017-09-13
498081e5523106ea57b698fb881fb1c8,d894f02e84fea96e3008412ccaa861d5,unavailable,2017-05-16 17:26:24,2017-05-16 17:35:18,,,2017-06-09,eebfe57d9a10601a67fb9a1c351f90ed,2017-05-16
95209d82e56460c0324aefe008010b82,3e5cc15b21b9977057ff8c00b64be840,delivered,2017-10-22 16:02:36,2017-10-22 16:14:53,2017-10-27 19:42:32,2017-11-16 22:11:38,2017-11-09,7d0da8d4151694f43095acfe2496f321,2017-10-22
8e2b743537ff14af3c1a7713b7d4241f,1eae560bcc8d88e8b8828be3e1483625,delivered,2018-06-23 14:01:30,2018-06-23 14:21:22,2018-06-27 08:50:00,2018-07-09 21:51:27,2018-07-30,4065b9716a5b8a8bbb1f21c164268dee,2018-06-23
31cd476a021f79cd3a1d23ac3321a0f8,318333879b57234a05a3f72094809c7a,delivered,2017-06-04 18:08:02,2017-06-04 18:22:24,2017-06-06 08:52:14,2017-06-13 12:24:18,2017-06-27,594ede005cff2f26d4164325737a49ac,2017-06-04
61685f5d646af5b5f7fbba31e885c7ec,e719dc400017e0177378ddef1c9c757f,delivered,2017-07-06 21:10:53,2017-07-06 21:23:38,2017-07-10 21:42:45,2017-07-18 14:32:16,2017-07-26,f3e76dbdb71ca99e1ab351937ce9aace,2017-07-06
52d5bd7c9cfb54cf72f3c9ac55bbb0dc,316753cec5369bfd78e86ba7d93c3e67,delivered,2018-06-20 12:22:43,2018-06-20 12:41:13,2018-06-21 08:50:00,2018-06-26 15:31:57,2018-07-13,91f9a9a13a5c222bb480e5acf8c5d04a,2018-06-20
8afd15d26436c60441bf3ee71d2a91a8,65d631d0de3181168bc5699f5c766861,delivered,2017-08-29 23:59:19,2017-08-31 02:35:21,2017-09-29 21:04:02,2017-10-05 21:29:06,2017-09-26,78fcceb499ec9008fcecbaad21efefc6,2017-08-29
035a721e5bfc1bc3f4e1ba0d7923cc84,fb701899863331f841d102ec35e0f4be,delivered,2018-08-10 11:16:45,2018-08-11 04:35:14,2018-08-13 14:53:00,2018-08-14 20:06:45,2018-08-15,2ff85a88d2a10e213a173eeb015e8d20,2018-08-10
65a922b4c66d6c7389088e16d37a85e9,7f6b2e3e2f12b066757ab8e9f5795d33,delivered,2017-06-02 10:14:17,2017-06-03 08:55:11,2017-06-05 16:13:15,2017-06-12 17:32:11,2017-06-29,06791add1b4b5c8530f8090bb63bb2ab,2017-06-02
1fc5c0bd6efc980c66dac929f708ab00,9908bb812211943141a3d2787e8106cf,delivered,2017-09-04 18:49:57,2017-09-04 19:50:43,2017-09-05 12:18:40,2017-09-13 19:06:45,2017-09-26,8f2c6409ef5f2bf5045837dc739e8db0,2017-09-04
f01cedbfe57601b0145a8331f8289138,c239969d43647ffabd4ca8db135b7a87,delivered,2018-02-08 15:39:25,2018-02-08 16:59:20,2018-02-09 21:04:57,2018-02-19 22:04:33,2018-03-15,913e4a0664572d0652473b98b808e7b5,2018-02-08
82e0f787cf4f5fb705f28869efa468d5,b7a1437787fc4b7ca69b14ca6e9a2ae1,delivered,2017-02-26 11:23:35,2017-02-26 11:35:12,2017-03-02 12:47:26,2017-03-04 11:34:06,2017-03-20,51f4385862790db5b9bc01d38ec53292,2017-02-26
cc9760bf7b5d5b74c4d1eb1ab6405b50,e618ce61b7a6c510ada191f657306c68,delivered,2018-07-17 13:32:49,2018-07-18 04:35:13,2018-07-19 15:00:00,2018-07-23 18:20:48,2018-07-27,4b7f26d90bb264ade7e4281db1b739f1,2018-07-17
62c58d2be94d38380892b7e984d67bf1,c4bf56703094bfd42c04acc898184c2b,delivered,2018-07-18 16:48:57,2018-07-18 17:02:30,2018-07-19 11:28:00,2018-07-24 19:51:50,2018-08-06,1588c72819d371d7aa1c8a5e88189326,2018-07-18
79b7b2178c759fa227cafb377193cd83,2c5d8d5b0c34625a285c2a0380a0785c,delivered,2017-10-30 19:28:36,2017-10-31 19:34:37,2017-11-01 14:22:12,2017-11-03 16:42:26,2017-11-07,74dca03616dc0fb2a5e2b8fb83b025d0,2017-10-30
0f405243033441a7910849f7f26fec2b,a45f062b272abac9d99bbe7497247ba8,delivered,2018-04-27 14:14:17,2018-04-27 14:32:16,2018-04-30 18:48:00,2018-05-03 19:03:39,2018-05-11,54653f06e7ac2838ec6762132575c281,2018-04-27
6bbce7cdd358fd4f4864fc3270e02274,89286f5f8c322c87f4ce449f73759b26,delivered,2018-01-04 17:15:21,2018-01-04 17:28:38,2018-01-11 16:56:56,2018-01-19 15:58:44,2018-01-29,7e3507252a0cd53dc81e679b39c45a09,2018-01-04
47d3b12983a4e86dee49b220a689f1c7,6ddc4f2f3bae9ea980c7cd0a84c1058e,delivered,2018-07-27 13:32:23,2018-07-27 13:45:14,2018-07-30 12:33:00,2018-08-08 16:05:01,2018-08-20,2e0008e84752474d11070ea036133aa8,2018-07-27
41f781868928a7895f5ca4595af616e1,b6b23dc32bc247d86e733510cb38b276,delivered,2017-11-28 22:57:16,2017-11-28 23:11:04,2017-12-04 21:22:45,2017-12-06 18:19:27,2017-12-22,8ef82f1a85231cf0d5e57d1668c76bd1,2017-11-28
88040d9d01657ab39bf19c2f0a90f6d3,3ff46fd67dbe9f158238070d47821cf4,delivered,2018-02-08 09:23:33,2018-02-08 09:35:26,2018-02-09 19:56:44,2018-02-15 18:21:35,2018-02-26,643dd0536b1899e5f075f41751f1c832,2018-02-08
dcbb8d460d1c315bd4cdd96a4aaaf258,0f634b25f5a963fdf1072497e5027f91,delivered,2018-06-02 20:28:27,2018-06-02 20:51:50,2018-06-04 15:27:00,2018-06-07 18:24:48,2018-07-31,91b06e7f118797fea3e4fdf5b9432d7d,2018-06-02
ff2fd424f5c50867458c35dc9a2daa69,6de64ef326df82caf572b9f9b164eb48,delivered,2017-05-12 16:58:31,2017-05-13 06:35:26,2017-05-15 07:38:45,2017-05-31 15:52:21,2017-06-19,6acf8b25ffba002d0a01a06db2066efa,2017-05-12
9df7c08a42d7b4f7a2d7c743a14948f8,53909918b92227739927fd6d20127a69,delivered,2018-05-04 09:35:48,2018-05-05 03:50:25,2018-05-07 13:30:00,2018-05-14 17:10:24,2018-06-04,6be6f25b5c6e48a53dbb51513ef097df,2018-05-04
6ce893d804dc1a09876e09ef2537b8f4,18dff7c2afb1ce5fb0bcbad957ef233d,delivered,2017-11-24 12:59:43,2017-11-24 15:13:44,2017-11-28 20:57:02,2017-12-04 19:47:34,2017-12-14,d95d145a21fbfd63292105fbca7116db,2017-11-24
4aa36d64bbdf0ebd46f1910fc4595373,9446db83b2d8316efff593c7af5672c1,delivered,2017-07-16 14:46:09,2017-07-18 05:55:22,2017-07-24 18:42:00,2017-07-27 19:36:02,2017-08-04,835a7d2ca32c5dc3e5bbbd4f00c4a36c,2017-07-16
e64b1aa159a2f6c90c5968912370de44,53ccb9fddd51b9569ea4eed90c219193,delivered,2017-11-13 11:07:51,2017-11-13 11:15:38,2017-11-24 18:37:38,2017-11-27 20:46:51,2017-11-27,bb9a095d646356384f1281fad1146eca,2017-11-13
a9f99ebcef2a23dd06a0bd5ed649080e,5f427723d7897601d55d042eef16c3b3,delivered,2017-04-16 15:07:19,2017-04-16 15:21:58,2017-04-17 11:05:25,2017-04-20 12:41:36,2017-05-08,1a12ff4a5fddef949bb09b3a6b8e5146,2017-04-16
39b9e0d03c6b33e01332ca4c06c6aa2e,8f183eb14d2ba88e065081df43bf5d5b,delivered,2018-05-13 20:25:46,2018-05-13 20:35:12,2018-05-14 14:05:00,2018-05-22 13:08:00,2018-06-11,6a65e26ffceb97d68249f3c0568d6172,2018-05-13
10d9871bed9fb8d0887d3b9022edd1ff,778d30bc8e6a57dac20217ae0838b95a,delivered,2017-07-18 16:17:23,2017-07-20 02:40:06,2017-07-21 11:59:28,2017-08-22 20:51:23,2017-08-22,f384ac31b4473faf74a4672c9d0d9c69,2017-07-18
1313a242a48f98101da4d48b310bf517,37779cec31bdca64306eafe2b5aa7e28,delivered,2017-10-16 15:39:02,2017-10-16 16:20:41,2017-10-17 19:25:34,2017-10-25 11:09:28,2017-11-08,41821bb21937e0d1d1603b126d449ae3,2017-10-16
b551afd1cbe632e6dd51f14132235d27,caf4321dcdc977aa376dfd9167a84ef0,delivered,2017-07-13 19:58:59,2017-07-13 20:15:10,2017-07-17 16:47:23,2017-07-26 19:27:49,2017-08-07,7ae8ff4883db8b5c974a379b3d2436f2,2017-07-13
8aa3866b203e8d7afaf21d53331f716c,840bb79be81df04d60152060690d28ba,delivered,2018-07-14 12:27:30,2018-07-14 12:35:24,2018-07-17 07:02:00,2018-07-23 22:41:37,2018-08-14,1db95e2b0f110b5bf9eec898beee791d,2018-07-14
494df7e03a951e947ea15c177503ef84,0bceac9cc152b61d82f0956d301a63d1,delivered,2017-05-28 14:36:08,2017-05-28 14:45:16,2017-05-29 20:57:49,2017-05-30 14:52:20,2017-06-09,1a3c5d92c5273cce2508cbbcf40d5267,2017-05-28
18a157fb5a99a76e5819433e7df0b1a3,a98eadfbe8bf954e3d3f69c9e8daa428,delivered,2018-04-27 14:25:03,2018-04-27 14:52:27,2018-04-27 15:08:00,2018-05-05 11:55:33,2018-06-01,1e287f6b56b14ef409deca63dc131202,2018-04-27
0c38244c47b653d8aa8052e9282c23f8,ec6fcecd3e931a460eb12b2c00a586f7,delivered,2017-11-24 19:33:10,2017-11-24 22:55:16,2017-12-14 15:05:05,2017-12-14 23:14:49,2017-12-27,e60511f7b1f8fe31832ff8e7391028c7,2017-11-24
44a04882ddb9f1358c4d11d83027bed3,5f62afdc1739c7386e50cb62d45c64db,delivered,2017-04-18 12:40:51,2017-04-18 12:55:29,2017-04-19 10:46:16,2017-04-29 08:36:49,2017-05-16,89e011107999365d7033087c4726cd35,2017-04-18
4f86e34b9a8a8f4a15b197277a880cd8,49230f693cd117ce90fc3bfd8a148ce3,delivered,2018-05-03 15:24:37,2018-05-03 15:35:36,2018-05-04 17:26:00,2018-05-11 13:35:44,2018-05-22,761c45dcded7b4298663f201b1e11444,2018-05-03
a3a0be41e7611973435cc81280f76bee,5d682c38b328e23a009a3e95cdd874c0,delivered,2017-11-29 19:21:32,2017-11-29 19:57:15,2017-11-30 20:38:34,2017-12-04 19:21:57,2017-12-15,ea0f13c388c2ff9af9ed5b5058ebf083,2017-11-29
888c5dc2b24b36d92619a1dbee973da3,aa5e99afaf6a4dce3da0dee9f41beac8,delivered,2018-05-01 19:06:48,2018-05-01 19:15:27,2018-05-03 16:45:00,2018-05-14 12:12:26,2018-05-23,dd613d7862d1b44afea161b019cd450c,2018-05-01
0132158c30672a8c52997a2492613ec2,5a3f73cc3e52ab64478beb5ce8756f4b,delivered,2017-03-13 23:23:23,2017-03-13 23:23:23,2017-03-14 09:35:36,2017-03-15 09:27:54,2017-03-30,520a88dae0fd97b3230c7d36aea4196b,2017-03-13
da03317cf4ac20f61db6a8c363cd4ea7,b85146a2e8b192329a2091efda55d171,delivered,2017-08-19 14:10:54,2017-08-20 07:04:49,2017-08-21 21:17:23,2017-08-25 13:52:43,2017-09-01,5da4b51a1142dd1e76045c6a951213fa,2017-08-19
949c2f6937345ac501a7eab23b97bf06,952e1e91df6ac8e016c891075ec23aa0,delivered,2017-03-29 19:09:42,2017-03-29 19:22:34,2017-03-31 11:36:12,2017-04-09 05:39:35,2017-05-03,02e4c56fefa30628768ffe326d332e2f,2017-03-29
71f344dcca43baaa095dc61c9a998917,2dbe392b39bfc3fc6080a23ca79790bf,delivered,2017-06-28 11:19:15,2017-06-28 11:30:17,2017-06-28 16:49:31,2017-07-04 15:34:36,2017-07-24,cff2e70f7fd43f570fd3ba208bef731e,2017-06-28
0f8cf123486438ffdee527bf82ec87d4,48edd605f2b0aa7b701d54771e388335,delivered,2017-02-03 11:58:30,2017-02-03 12:05:32,2017-02-06 08:37:51,2017-02-17 09:54:03,2017-03-20,27158bdf1ae9e4efb6e48696a7bfe81f,2017-02-03
60fb7d6bc05727392e673b4035dfee7e,ae036209dfd6655f7acf9a485fd04dc6,delivered,2017-05-12 19:20:57,2017-05-12 19:30:11,2017-05-15 13:44:05,2017-06-01 12:32:56,2017-06-13,9de5b32ef8ad0ee77d9625a00e03f8ca,2017-05-12
4d178c8435a1d6d81ded1bfde1083628,053b2e588e54bdf1d4892e8e96fd6f94,delivered,2017-05-13 22:51:29,2017-05-13 23:08:52,2017-05-17 09:55:27,2017-05-26 08:46:57,2017-06-08,d75a854dd5534f42bfac3299ac2d0b33,2017-05-13
d82845f8b7ebd4d9b7ebae995e0ff08b,7ee0a73367a6b31aead3fb9cac8cb1fa,delivered,2017-05-23 23:25:37,2017-05-23 23:42:44,2017-05-24 09:50:24,2017-05-28 02:48:50,2017-06-14,ff2cfbe44d7249b98eed0e860fe3e53c,2017-05-23
fb62aa29e367375132b9adaad39478c0,2999cc0c4e1eed40a05f564daa3a366b,delivered,2017-11-24 10:52:36,2017-11-24 12:32:44,2017-11-27 23:38:30,2017-12-09 17:17:17,2017-12-14,bfdb739a5c2566db0c8a6a4521570e63,2017-11-24
afa891fe2077e4e3301629891009a47d,6d6414a8eb7e7e516280747b41470e55,delivered,2018-06-21 19:07:44,2018-06-21 19:21:39,2018-06-22 12:26:00,2018-06-29 19:06:44,2018-07-25,bc7255f614505505a35dfe93574be62f,2018-06-21
25f43575fa101103e2246a97e03fb705,a14c53821824724db5ab1efc53be109b,delivered,2018-08-06 12:22:58,2018-08-07 04:35:22,2018-08-07 11:40:00,2018-08-14 11:47:42,2018-09-11,d034b95cce3e920a2b8157c196e92505,2018-08-06
3e1298fc81396a1e3ad660c0cd0fab65,d45f5ececd49006ee69bd7e852bb26bd,delivered,2017-09-28 15:55:37,2017-09-28 16:07:10,2017-09-29 23:36:58,2017-10-05 17:40:08,2017-10-20,33edf95746326a241e75697cf52fb603,2017-09-28
03c8468d3001db38cadd59ac670341cc,ecb809e65ff4dda823037481d5a64741,delivered,2018-07-22 16:21:23,2018-07-27 23:31:15,2018-07-24 14:02:00,2018-08-02 01:46:31,2018-08-07,653be8468290908dd1c11327eb9dd8a7,2018-07-22
5572d4ad6969040fe377a8d6be53c0bd,ee75c4c1d9856dcb231108038175ee7e,delivered,2017-09-24 15:36:10,2017-09-26 04:04:38,2017-09-26 14:28:18,2017-09-30 14:07:41,2017-10-19,f228261df09d701ae78efe17b0d67b7f,2017-09-24
0e3743eb1b447eb4747eaafc9221fb41,a0dd74c26f554c5ffd5bb25aab74fa1b,delivered,2017-12-16 14:20:01,2017-12-16 14:31:19,2017-12-20 19:36:21,2018-01-12 20:22:54,2018-01-19,42c3f6b926a5c457bbd69df07a2da8df,2017-12-16
810866331b08e6226337a3b29fd8c980,edf2cbbe8938f4db1da137cf67b56ac3,delivered,2017-11-06 15:49:24,2017-11-07 15:46:36,2017-11-08 20:07:40,2017-11-18 01:38:42,2017-11-30,89698c8bbd68babe5edec47450537a05,2017-11-06
ec149fdcafd89d783f2942078e182e1e,e72eaa64d93891becb7b33bcbb385b11,delivered,2018-03-15 22:45:30,2018-03-16 16:30:44,2018-03-24 12:46:43,2018-05-03 04:17:01,2018-04-06,ff0d89b5aa8cbd766e14456e2bd869c7,2018-03-15
e8c12bea30d2a23cd334b456cf469112,0613b148440366189657a47f27dd5c5f,delivered,2017-09-11 15:20:28,2017-09-11 15:45:38,2017-09-12 19:49:41,2017-09-19 16:04:17,2017-09-29,b0244718d4393188d94d5dce8224f2ff,2017-09-11
d8cbc79d1dd84f3c87cb2ca7663c930e,258dfc4e0ec8a8bfb253914f9550a544,delivered,2017-09-18 00:28:52,2017-09-19 00:35:21,2017-09-19 19:26:47,2017-10-06 15:37:47,2017-10-24,37545efd489b0b7c9aa20690f344271d,2017-09-18
fdf8b612a318d48e808e069e22f8222d,8def39c0823160f446eb05a81d87ebad,delivered,2018-08-14 10:24:45,2018-08-15 03:15:36,2018-08-16 17:15:00,2018-08-27 10:42:28,2018-08-31,6a1789624e4dd9c4e708f5f886a65160,2018-08-14
2e9d8db9e132a9b5e1236618b7e8ef4a,51c6f517f4492a9c2ab4153e998b018e,canceled,2018-08-09 18:42:38,,,,2018-09-04,a036e6c348830e037eb23a014fa24d45,2018-08-09
303deafb916b70339ff5c11be8039888,6c1521328c187bc1606678a7dcfa955f,delivered,2017-11-25 11:51:25,2017-11-25 12:12:56,2017-11-28 20:33:41,2017-12-11 13:33:59,2017-12-20,16b74dc30cc690d1bc9a33235cb03b9a,2017-11-25
82f73104c80fa2798cb0886231932bb7,01cca8f48e415e8612b70b1c5ee759af,delivered,2017-11-09 23:09:53,2017-11-11 02:51:00,2017-11-14 22:21:38,2017-11-22 18:15:00,2017-12-06,ee226c6ced4b9ec3a0beebbd59942d69,2017-11-09
e029f708df3cc108b3264558771605c6,d2aa6bef2582c7482ab992fa89f965bd,delivered,2018-06-01 14:12:09,2018-06-01 14:32:30,2018-06-05 14:48:00,2018-06-12 19:41:53,2018-06-29,08b2a675de579ef181675f82c081fca6,2018-06-01
25be4c1614c609d9063279e155d7492b,c2b33b013ccfe4de377fa0e06c7f6ab3,delivered,2018-03-02 13:03:49,2018-03-02 13:15:37,2018-03-02 23:38:28,2018-04-17 17:21:46,2018-03-27,2a832ee3295d62542f3fc3dfe2713bbd,2018-03-02
17f6265814025fb8df1b31db1d8545e2,35fe44c88688bcbca1ec3b92d7930e59,delivered,2017-12-07 17:07:06,2017-12-09 17:10:51,2017-12-12 00:38:33,2017-12-21 23:32:35,2018-01-11,99a6c03de00a86b302d05d0eedd6e0e0,2017-12-07
8a6b15db7cea5a4cd260873d4489bfb0,d402764a7ce0b2bc443330e94523f26f,delivered,2017-09-03 22:09:54,2017-09-05 04:15:26,2017-09-05 20:17:44,2017-09-14 17:47:46,2017-09-21,9b9035de65d332968851b326ee7463b2,2017-09-03
5b10bae6d8bb45da2e1bb606f76b5032,098afef7287e209fa5ab0fcd6981a45d,delivered,2017-09-08 09:08:16,2017-09-12 04:15:22,2017-09-19 19:02:22,2017-09-25 21:21:42,2017-09-28,2fa56046de7e875be1cac671574efe87,2017-09-08
27ea1775a86c796168b08511e529d0a3,7a0c5469cba3eb88c664cbb7d680ee56,delivered,2018-02-27 11:11:21,2018-02-27 11:35:42,2018-03-07 23:32:55,2018-03-13 15:11:40,2018-03-13,2b161eaf4956b131691842e87b3c39c7,2018-02-27
55539e6edbbf2276dc9e2eab8af0fa8d,22798759bbc3bb723550e21d0ac52c70,delivered,2018-03-15 13:22:15,2018-03-16 03:45:30,2018-03-16 23:18:40,2018-03-22 15:34:57,2018-04-06,45ba2050884ea74c25063f2a6c887f45,2018-03-15
2f3af8ee559ca3311975ba1ee20e94bc,f7c5a26a8b89e451921dee86a56ff29c,shipped,2017-11-24 19:47:17,2017-11-24 22:59:07,2017-11-28 19:21:21,,2017-12-15,b3af6f6fdefc4676ee8fcba320a583aa,2017-11-24
617b248faca8fe758da0640030f82f00,49fbaec7f8c365d12595c7b6cb6db285,delivered,2018-06-15 12:20:19,2018-06-15 12:45:55,2018-06-15 15:51:00,2018-06-21 16:21:59,2018-07-16,0a1cc18f6cc79796094e6ebae4ff4f62,2018-06-15
061b13cf87863db16e1a03178285ecfe,5bf28a338133045e3bef23bde5a55b4c,delivered,2018-08-11 13:33:50,2018-08-11 13:50:09,2018-08-13 13:27:00,2018-08-25 00:53:54,2018-08-29,79508a74919b6f31fedae6afd1323c6f,2018-08-11
90a6ce43261478f0aab250a72e3cdfce,f62f53a0df8676374de8c463dd8a9564,delivered,2018-08-26 19:04:40,2018-08-26 19:15:24,2018-08-27 13:55:00,2018-08-30 22:03:49,2018-09-12,0e2b1b9ab8ae4d02d15861f4aed08295,2018-08-26
dceb62e8fa94b46006c9554fed743df0,2721900eb4e0f1cc2c836dd7bc1b1e11,delivered,2017-07-20 20:58:05,2017-07-22 11:45:11,2017-08-01 18:23:30,2017-07-26 18:09:10,2017-08-11,5e33331e26d0a4e1f3fe84b3f9c5549b,2017-07-20
a48183f8e066f2c15072a58ff763cccb,0f8de29544ff9f26453be9d5b3f730fa,delivered,2017-12-03 23:21:05,2017-12-03 23:33:26,2017-12-04 21:23:04,2017-12-20 23:52:51,2018-01-09,4b45c0581c1dc03a0b63fb3aa98e1c4b,2017-12-03
d70b7dce9b527096fbd9e4d0e54ab451,e3a899173e31bdf2f8f721a58cfbc0bf,delivered,2017-05-09 20:21:33,2017-05-11 03:56:10,2017-05-11 10:39:02,2017-06-05 15:32:42,2017-06-09,9a52192549350390821ea7db1a77b63c,2017-05-09
3ad7eae98c8f120f7a4e4cc64f4278e9,5164d5161dc1cb3e6ef5161f0e5c53bc,delivered,2018-03-06 17:43:49,2018-03-06 18:20:34,2018-03-07 23:07:46,2018-03-17 01:11:18,2018-03-26,35f78a1fb60315c32117cbe31d91e7a1,2018-03-06
33d3d6ef8e5cb45848d12d1a05bc1d1e,bad9465f854efad22cb4b4b376224b71,delivered,2018-05-03 01:54:33,2018-05-04 02:35:11,2018-05-07 11:09:00,2018-05-08 15:39:06,2018-05-15,74b0c4459430b807fce50b7894607742,2018-05-03
4e27a3667aaa54029e7fbb736175a255,615728959216e5763f67a04b25d2c442,delivered,2017-06-10 15:22:55,2017-06-13 04:43:04,2017-06-16 13:47:13,2017-06-26 15:47:52,2017-07-07,03860720a9bb240fe64390835d7c1b7a,2017-06-10
f2d850d01efdfbf69fb172441527d824,082bd50faa2c013e9f07d018d1a627b5,delivered,2017-09-19 21:16:51,2017-09-19 21:30:18,2017-09-20 13:42:16,2017-09-29 19:45:32,2017-10-09,62204ea371bf14716930a74c996332a8,2017-09-19
2f972348117659ed047953f60257c3cd,f3fb0bc387b5a0742130f65abeecb5a7,delivered,2017-09-11 22:03:59,2017-09-11 22:15:13,2017-09-13 21:59:42,2017-09-19 20:39:52,2017-09-28,ae20947231d4d44dde1680a7ab14d90a,2017-09-11
497a5004e62efcb3e0bfc7606c4fd50d,726e584ace79aba2cbe1b1fb84ac40db,delivered,2018-08-13 19:26:48,2018-08-13 19:35:19,2018-08-14 10:55:00,2018-08-17 20:43:45,2018-08-22,b41aa8ddca9511e49da1d571e7cf52fd,2018-08-13
35575d651196f286d8d73c2b92653aa1,11fed1c811bad9120464349fe781821a,delivered,2017-11-13 09:45:44,2017-11-13 10:07:05,2017-11-14 22:02:26,2017-11-23 12:14:55,2017-12-05,71511cfecc25f72fa3b05fd5795a3cd2,2017-11-13
9653aa56f1bb2b338e77d1ea26a885f6,80157a9c83336266127e05e9fcfd4f97,delivered,2017-06-22 13:45:08,2017-06-22 13:55:17,2017-06-28 13:55:38,2017-07-04 12:29:45,2017-07-20,5a1b7cd1a94f3483b6415f8609db83dc,2017-06-22
f21047183b971c406e3fb28df8e9d5a8,114ea8d0bbcf1c2c689ebe02cf3e8ec7,delivered,2017-05-15 13:04:41,2017-05-15 13:15:12,2017-05-17 10:36:46,2017-05-22 15:26:06,2017-05-24,1de511947aaa6cb03c498c8d7f27964d,2017-05-15
ec91a58a83b62633311320a62097c129,6d3df1ec250077e1044d6aa6ce83abe2,delivered,2018-08-16 18:20:48,2018-08-16 18:35:24,2018-08-17 15:17:00,2018-08-22 17:30:02,2018-08-31,3fee181a16778a8dec8eaf2470c6cd3f,2018-08-16
9199ef819b1eae5b4357b78419b8a92e,ea80930c3eb5464c51744bc92c51a0ae,delivered,2017-09-20 14:04:17,2017-09-20 14:15:28,2017-09-21 20:20:14,2017-10-02 15:37:54,2017-10-11,fcb69b41524cb045cc6962a343bce5dd,2017-09-20
075a1f22c075396feebed8c71f5ccdb2,201aa779382d46a8f743d746f12e102c,delivered,2018-01-29 21:35:35,2018-01-30 21:31:37,2018-02-02 19:51:56,2018-02-27 14:48:56,2018-02-22,defe641055e73bd49be86650babb31ae,2018-01-29
45f317168a53e2f24b57f004b6200f39,77868e0843a6b67636e8916c2d213f3f,delivered,2017-12-31 08:16:15,2017-12-31 08:27:34,2018-01-10 00:32:51,2018-01-31 21:28:36,2018-02-01,f6312aadf32933462dcc7b428264d839,2017-12-31
f206285a782792c515e2177dee4bc04f,8a59ced4559c4bf4e9149b92dbef97dc,delivered,2018-01-22 17:38:49,2018-01-24 02:53:34,2018-01-24 16:53:24,2018-01-30 20:28:43,2018-02-22,d631d4d9d399fd073e637d7feac14cd1,2018-01-22
a5a854651cfe0d8da9f1669266fd4063,d9cb8278a776ac48ff885e81a08e93d7,delivered,2018-05-06 17:45:59,2018-05-07 22:52:27,2018-05-08 13:58:00,2018-05-15 02:38:43,2018-05-29,39cdaeada25d8130a121c1f70f70c25f,2018-05-06
1f40ace91ba066aaaeb2a36066eb5391,a6cda32c8633809ee6f66fd93821005c,delivered,2017-07-02 21:49:22,2017-07-04 03:43:37,2017-07-04 16:03:56,2017-07-05 14:42:42,2017-07-14,b85b31b04e9ec8578957871efeab5cad,2017-07-02
4ecb7b84b78466108b99fb193e6898d5,cf1505cdc6d77f257483919755e7f0f4,delivered,2018-05-25 22:00:21,2018-05-25 22:17:38,2018-05-28 14:02:00,2018-06-09 16:06:27,2018-07-05,cefdb91357475980574f85364e5c8fa8,2018-05-25
cc91ae24c277f0bfc31ff525577f8cd4,00a1edfeac0ce7adf9357b89c9659eb2,delivered,2017-10-25 16:47:49,2017-10-25 17:56:22,2017-10-26 14:47:38,2017-11-03 16:06:55,2017-11-21,0fa9d11d5ad31c53125b31b3f9fa5398,2017-10-25
a84f2bf7fd1e2c2f29199f76c46d5238,361b489a269ec4bfcd217ab600c15a48,delivered,2017-11-24 21:03:58,2017-11-24 23:59:25,2017-12-04 15:57:06,2017-12-22 19:38:50,2017-12-21,667b0d5f9c019e735efc7dc93e2cac87,2017-11-24
bb45d77c66b6a32f77813252457545a5,0b10808638c701826d8c83ed1a123fb1,delivered,2018-03-15 14:19:11,2018-03-15 14:35:19,2018-03-16 17:03:00,2018-03-21 00:11:47,2018-03-27,5202bcf04ca5047d3fd3ec7fe7bde7f2,2018-03-15
cb4fa9a6d95ef2b84743087f2cac2b17,5fb55a301ddbdc32411e1e40adaace7e,delivered,2018-08-20 13:38:57,2018-08-20 16:10:42,2018-08-22 11:24:00,2018-08-24 20:03:55,2018-08-27,c4a304802749361b1a0e062b27288130,2018-08-20
f750e148543e798460383fda407de8be,c7432c6d237ffd6aa36a007b4237ec38,delivered,2018-06-03 23:55:46,2018-06-04 00:10:23,2018-06-05 07:24:00,2018-06-06 20:47:35,2018-06-20,9a897ea48bf988012c00b802f1104a92,2018-06-03
d40934bd791cef9f61becafd56317f6f,6ada75a7b87d43058fa67bb52d07f2f8,delivered,2018-03-01 10:18:55,2018-03-01 11:23:06,2018-03-02 01:16:51,2018-03-16 13:19:55,2018-03-26,053512da48b81050b5422b1c48d44c65,2018-03-01
bb22b1f374b71ea416e466ba7ff99cea,93df0957b940e713f6615f72c9d0e76f,delivered,2017-10-25 11:06:35,2017-10-25 11:26:19,2017-10-26 20:59:01,2017-11-01 21:06:56,2017-11-21,fa7b428394b88f4f3e244cd84163e81d,2017-10-25
a9235f1e4fe944ca268711a1e13195b0,02741679e7e1336202c883c695beea16,delivered,2017-11-23 23:46:57,2017-11-24 00:39:27,2017-11-29 14:57:03,2017-12-05 23:32:55,2017-12-07,0d7599cdcbd5417a51a18fd6e244bedf,2017-11-23
f0fbc60d51bb40c156688d9ce008237f,224a8eb01d48f0126078cb3edf3d765f,delivered,2018-01-05 21:18:08,2018-01-05 21:29:27,2018-01-08 14:11:38,2018-02-02 03:39:12,2018-02-09,69f2b91e480abdf906b7ea6c430397d4,2018-01-05
f0c00b0c02ed4f14f20fad7c26002b9c,67ada02dc1c10400e1bd19e1d84541ff,delivered,2018-03-06 09:06:58,2018-03-06 09:49:38,2018-03-15 23:35:37,2018-03-16 15:41:57,2018-03-27,10811ce4adce690edaf95b2e8eb3845a,2018-03-06
35b8813b39f533c1ed224ab90b5cd609,e1cd039e2d370689b94de10d09e99ad9,delivered,2017-11-07 12:42:28,2017-11-07 12:57:12,2017-11-08 19:18:38,2017-11-10 18:54:46,2017-11-21,ac4608633d6d8d850b874a1a7d17de4c,2017-11-07
a7033e4a96abe52d0f74e9bd404a996d,c68309db6c0ca65f8828973a86524c6a,delivered,2017-08-08 13:37:37,2017-08-08 13:50:13,2017-08-10 17:18:12,2017-08-11 20:11:04,2017-08-23,4013fe69a1a2188578ab19e62529acb6,2017-08-08
148634e0774ce5a1273806a9e639bb93,9bb3cfdc72768948a96a5c5c3e663e66,delivered,2018-08-06 17:26:05,2018-08-06 17:44:39,2018-08-07 15:59:00,2018-08-10 23:14:26,2018-08-15,2b6aaeb06d9fa42428020e78ea607ea5,2018-08-06
cfd5e54c14f22b62683cea7ed91caa24,553e55d7745de3a3f32d8d30914a3212,delivered,2017-01-31 17:36:56,2017-01-31 17:50:11,2017-02-02 10:52:36,2017-03-15 13:11:53,2017-03-09,b431e4fa975171eec47c6e346c4dfdc2,2017-01-31
a942adcbb3d69d5e7ec1d68a0786b52d,94e1d9d5d478d6c6ab184b542bffed78,delivered,2017-05-21 19:36:42,2017-05-21 19:45:18,2017-05-30 14:29:58,2017-06-03 10:05:41,2017-06-09,f15712efa082ccd3a7237288cd4378a1,2017-05-21
790e0b2139af1d5c7719c82db89f56d1,6d05f45a66bd81b14e17504d8c64f14c,delivered,2018-08-24 19:08:03,2018-08-24 19:24:23,2018-08-27 10:42:00,2018-08-28 20:32:25,2018-09-26,d0981e9886ae133471b24e1e0b4a5d96,2018-08-24
39ebbbb18aec8b7d8de948019c3298ab,3df5f3d6b4cbb719bc6d35ca6f601568,delivered,2018-05-14 14:42:21,2018-05-14 14:51:28,2018-05-15 13:45:00,2018-05-18 17:58:55,2018-06-06,c6ba690689624400c05e4502dd69616c,2018-05-14
b250f7cdd416f74eabbcd4036c479be4,1d3dbe6581f7349da12dcf287edf231c,delivered,2017-10-14 10:47:33,2017-10-14 10:56:20,2017-10-16 21:04:58,2017-10-17 21:49:43,2017-10-26,71c6f0f77ffa3b6232629c3ecd056061,2017-10-14
99496f27b38d83724e8dea944a320b44,13fb43880f01c5169ed9b4fedf122823,delivered,2018-07-23 10:26:53,2018-07-23 13:40:32,2018-07-24 13:38:00,2018-07-25 17:51:25,2018-07-31,8eb5eca7b6879807fb801224555d4231,2018-07-23
cfd2fa043913decbf8554ea5ce59d723,4a0f043ab94c7e6b5abda776c02ee946,delivered,2018-05-26 21:43:54,2018-05-26 21:55:10,2018-05-28 15:36:00,2018-05-29 20:33:01,2018-06-20,9633dc1f4531b2c9a9308b5e1083d649,2018-05-26
a3d09160e24a1850b3ab0d86e6281ab1,fb2789665d5069bf4927ac9794065e3d,delivered,2018-07-25 15:41:42,2018-07-26 03:05:15,2018-07-26 09:33:00,2018-07-27 17:18:50,2018-08-02,50062688859efc9b34ffd4629bea6aef,2018-07-25
3ba0099be6c2011cb3eb986b4e0a8efa,185f53539955ab85b3b2e5ff2c8fa7c7,delivered,2018-03-07 12:17:30,2018-03-07 12:35:39,2018-03-09 17:36:27,2018-03-20 16:42:39,2018-04-05,a783997c6d6e57782d4d2dcbc5c9edaf,2018-03-07
3c108bf0b4c9a78ebb9a049d90a9ceaf,c77631595ddabebc103077b4b96f77c3,delivered,2018-04-04 08:54:03,2018-04-05 02:15:08,2018-04-05 22:50:50,2018-04-06 21:07:54,2018-04-16,b0bc7735ebffb3e29e10de1ea339af6c,2018-04-04
0214781b6f9215eb09fb1b78de35b07e,03fcc171d06123c951b373d1bf113748,delivered,2018-08-12 00:34:21,2018-08-12 01:04:13,2018-08-13 14:44:00,2018-08-14 21:22:45,2018-08-16,f11173fedbf10c2913afef5844d86c9f,2018-08-12
86fa33b8dc93e71a9aa76df6c0076c5e,b7579225852eabd84276dea92fc30daa,delivered,2018-04-11 15:09:43,2018-04-11 15:29:50,2018-04-13 02:11:50,2018-04-13 18:28:36,2018-04-25,d378c312e31c54a71805ec0545c09749,2018-04-11
d301e4651c2fb09b847fce76b3f73885,5bb539b873ec166dc8588ab1da327c03,delivered,2018-03-06 11:11:12,2018-03-06 11:49:52,2018-03-07 21:04:45,2018-03-08 13:04:58,2018-04-02,71ac6762f2c55153a2379a74ac294b9b,2018-03-06
8e6e7d37d25c7e66e66f8be5a34da04d,bcb0cb957b42fb885cf27294430be992,delivered,2018-04-24 08:36:26,2018-04-24 17:25:59,2018-04-24 18:42:02,2018-05-03 18:59:34,2018-05-15,b1153ed93605e954b8710b36c8c5f5e8,2018-04-24
82e77a081a87b4df3966d2fce4962e3c,2edaf07ef089f710835c62966310c02e,delivered,2017-12-29 01:22:14,2017-12-29 01:33:18,2017-12-29 16:04:01,2018-01-23 19:51:52,2018-02-06,c742460de9dfeb363b9f7dec701f45b8,2017-12-29
1415b17c0425330751b1b6770dc5db23,a8e569a5a0b98b1e496270dbaae45a27,delivered,2018-04-19 14:14:14,2018-04-19 14:34:54,2018-04-19 23:36:20,2018-04-24 13:53:05,2018-05-09,f093103a10c06aa1cd7914c7f74af3b2,2018-04-19
43ceb3a1cbff88e05eab7e0bea014063,42181d2a18624a4742ebf8c8c11d8b55,delivered,2018-05-23 07:59:31,2018-05-24 02:34:29,2018-05-24 14:17:00,2018-05-28 16:28:49,2018-06-06,50010028eb2c37dcd1e73ec2e35e9657,2018-05-23
9938a967279700714d16f4c8437390da,ca474de0f63d3e88b4b28185fe6ff714,delivered,2017-11-25 00:16:56,2017-11-25 02:32:29,2017-11-27 17:51:49,2017-12-01 18:48:51,2017-12-20,2e9399fc2fe209771a6f719e14bdb6fe,2017-11-25
cf27162439419d0179b62ebc5a6dccd1,a0781e0c345c3b0ef05ea2ac86852fd9,delivered,2017-12-01 18:18:23,2017-12-01 18:38:32,2017-12-02 18:23:07,2017-12-06 18:57:20,2017-12-19,6c5cdbf69b86d886a91b3e872cd15f60,2017-12-01
263c5916eca59eff23f65a1cab611380,57be70fcc02f8ed61c1216c07d4fa1a5,delivered,2018-03-20 01:47:44,2018-03-20 02:08:32,2018-03-20 20:33:03,2018-03-29 14:22:07,2018-04-03,9ea088b1fcac9a7580a7b90d2bae2836,2018-03-20
88b0d1de10197395da81fd94176b7562,bbd28269922a1ffb57ffdb992adae636,delivered,2017-06-28 14:18:33,2017-06-28 14:30:20,2017-06-30 16:10:21,2017-07-12 22:24:37,2017-07-24,f80a32cf757a7187d6b312e28b4f831f,2017-06-28
c10600160de02ce63a426cc0e410e7a7,7747be8246865477bfefa139eb888de3,delivered,2018-02-24 22:12:32,2018-02-24 22:30:39,2018-02-27 22:09:17,2018-03-21 13:51:04,2018-03-26,2dd33269ef4cd004e2d2536fee365b56,2018-02-24
d1e4ea32fa9aa0cb1851fb7f6209f70b,6cd7a706016e9712540ec0eaee4dfecd,delivered,2017-09-20 18:00:29,2017-09-20 18:10:14,2017-09-21 17:50:22,2017-09-26 16:45:19,2017-10-11,b73a0f3ab81c23e2c6f14f27375ed040,2017-09-20
73eedc4ca4a789813a63fe30856c805f,ae3066cd1bf4fa2aeae850db53d15c1f,delivered,2017-06-03 11:36:56,2017-06-06 13:06:05,2017-06-06 15:39:55,2017-06-19 19:17:57,2017-06-30,d31905ed6e3ebfe42660d93aec0c4472,2017-06-03
46cede2272077facfeb5aa257851d0c3,2299bcdc88bf79c9062fbd443899ae0e,delivered,2017-08-18 20:27:48,2017-08-18 20:44:31,2017-08-21 19:16:33,2017-08-22 18:34:27,2017-08-31,f5479eed84b3486132141fe08c598b95,2017-08-18
b9f14287907941850bc05380427903d0,19142c2d7d688a19328fc198adf625e9,delivered,2017-11-16 17:42:41,2017-11-17 09:55:23,2017-11-21 17:19:17,2017-11-24 16:54:46,2017-11-30,6ff00585ae91138291404c98355b620b,2017-11-16
ea2b2e907341618980eb6f87436f1c4a,daf3eaa2eddf5bdf79f12d1702343fc5,delivered,2018-03-27 20:37:35,2018-03-27 20:47:14,2018-03-28 21:51:39,2018-03-29 22:46:50,2018-04-09,bad142d6267addc63919086f21e13431,2018-03-27
0928f756f49fcb66326d54f5d1bf7830,dc9840b87b465383f8bba501d6c07657,delivered,2017-08-15 14:16:57,2017-08-16 07:04:50,2017-08-17 14:16:41,2017-08-21 23:08:30,2017-09-11,29339c8e65ceb0e5743f50a8dfac0e28,2017-08-15
4a110536f892fd4dd11c3c74dada0d1a,3b4045e6537d8e41d9c827d51a5f28e9,delivered,2017-03-01 16:21:50,2017-03-01 16:35:22,2017-03-02 09:41:26,2017-03-09 15:45:19,2017-03-24,85559e6e6b4a10fd8171a9ad0de5be67,2017-03-01
3efbba59c62e36ad9b0463ebbb3ff6a5,01f619b964e6c75d7a6e529951848001,delivered,2018-04-30 19:35:39,2018-05-01 02:37:36,2018-05-02 14:09:00,2018-05-08 18:28:33,2018-05-25,11306fd95d7609c636b6e375f81baeb4,2018-04-30
35feb4a5e2fa951053a5bf703cd631ef,4a958cac8a69ccf43953b9309bf8b762,delivered,2018-08-08 14:13:58,2018-08-08 14:25:17,2018-08-08 15:47:00,2018-08-14 00:02:49,2018-08-27,486ffc689e774a45f98f9a10f369a65d,2018-08-08
a686da5114d82b27240c406fcb88823a,6ed07a89028c70e72899916c5ad3274d,delivered,2018-03-22 16:08:10,2018-03-22 16:50:33,2018-03-23 19:08:59,2018-03-30 00:38:35,2018-04-11,655d4924a24ac8a7fb17a87cd9f6122b,2018-03-22
7a44fc15512ee942a70089553f28dccd,ee977261d6f914894ef5ac1a21968224,delivered,2017-09-23 15:34:57,2017-09-23 15:45:18,2017-09-26 15:12:46,2017-10-01 14:14:50,2017-10-17,db0b16bfd9476c6a0409a18a53fd6079,2017-09-23
2b02b803da2669d8124f759b338c3b4c,228f37a3380620e2ec5c239f5b7a245d,delivered,2017-09-02 22:22:40,2017-09-02 22:30:18,2017-09-06 18:16:45,2017-09-17 08:32:37,2017-09-27,4ba725239e7c2375b894c067dc94a25c,2017-09-02
0f75f2844ce21ea30f36b770fe2459c3,702642d82c455d0a5b156b8fc92f8f38,delivered,2018-07-03 22:46:47,2018-07-05 16:33:00,2018-07-05 10:22:00,2018-07-10 17:32:04,2018-08-01,920d4709f3c3c298bdf5f08777193805,2018-07-03
84115cf79df5dc6736a1c4ce08daf081,5e08b0deb0e41e0e43823ddd9d33ef10,delivered,2017-03-11 15:57:43,2017-03-11 15:57:43,2017-03-13 13:11:24,2017-03-16 17:17:38,2017-04-03,28931bf387333c768da12908d7427426,2017-03-11
f2aea068a8c3e1b4b9ec9dd781ee5bca,e36d98b48eb5d1b52eef30063bef6924,delivered,2018-08-01 13:51:58,2018-08-01 14:04:29,2018-08-07 15:11:00,2018-08-10 20:33:04,2018-08-22,6b326d132ac040958c26535e9e14d9e0,2018-08-01
c13e96ee541f8f115bf9a364d29a6169,6a6c7092d00c7aa351fc18cdb5a8e544,delivered,2018-06-23 11:12:17,2018-06-24 11:18:31,2018-06-25 14:06:00,2018-06-28 22:35:02,2018-07-17,09aa266cdca6fb1fa7a716fab9107a89,2018-06-23
7916e8283be68b0f8c475ec68cf0f333,00e4dd8d5ecaa00de8c6671679b58045,delivered,2018-07-03 10:52:13,2018-07-05 16:26:49,2018-07-05 14:13:00,2018-07-13 15:12:50,2018-07-27,b7cee8738797d3056f09669a12a4bea6,2018-07-03
2a84eca20d61a342eab0147df08293b6,179c7e1bce3651c078ea02b0289d6cdf,delivered,2017-05-01 22:35:50,2017-05-01 22:50:15,2017-05-02 09:34:33,2017-05-12 12:13:03,2017-06-06,6861bf3b9c1de73050f828c913ba3505,2017-05-01
77e925036de689ed484293229bf0f152,8639fc85191eb49fbbdabc2c17f71992,delivered,2017-05-15 17:16:53,2017-05-15 17:30:23,2017-05-19 10:37:46,2017-05-22 23:32:33,2017-05-26,6cbf40a0339ac3270f6a233fb633537b,2017-05-15
b87c9466fb7a6b04a632222b07c1922d,f69987b9f125768a2cf3243679536a80,delivered,2017-09-15 11:59:48,2017-09-15 12:10:17,2017-10-10 19:39:53,2017-10-20 21:42:47,2017-10-04,2a7afe87962d34ed975f90f50eb1da13,2017-09-15
feb1e26e42fcee9ab068a2a4c7334707,52dec4d958b13202f815736a98b4cae4,delivered,2017-11-16 23:06:43,2017-11-16 23:16:41,2017-11-17 22:32:24,2017-11-29 20:41:50,2017-12-08,75905d0fe4b3c5ddb7740493c2c9304c,2017-11-16
3cbf332e7f3e5a7c73f6106f0ba94967,e57ef0c1f8cf325c4269702397720d09,delivered,2018-02-10 17:26:42,2018-02-10 17:45:45,2018-02-15 01:56:50,2018-02-27 21:49:08,2018-03-12,4cba4382020c8e217faee72173ecb0fc,2018-02-10
6561717586fb2d3ae85fce2964f600e1,8fab9aa39f21411bfb85a0fc581f9839,delivered,2018-02-28 13:40:34,2018-03-01 13:35:29,2018-03-02 00:55:09,2018-04-03 23:31:09,2018-03-28,85f1c5f9eee209d9dfb0a3e155209511,2018-02-28
cee1a87ab4ea96b3259a9e2d1f02589b,51ef2b9467ee634936c2f1ec126434c4,delivered,2018-06-13 01:26:29,2018-06-13 01:56:26,2018-06-14 15:02:00,2018-06-15 19:22:37,2018-06-28,ad2ab34534ee647a060d127a35a271b2,2018-06-13
655b20c809450d9f4e2d3b62d5b7f416,5fdc897ca5f1dfbeecfb4f55ceccd011,delivered,2017-04-01 21:10:08,2017-04-01 21:22:57,2017-04-05 17:29:49,2017-04-19 08:48:08,2017-05-08,fa2b68fd80b323901db1473bb98ad68f,2017-04-01
deb08269080b64b8e69bcd06b808889a,2605d144097120a05a112c61bd1c4397,delivered,2016-10-08 15:47:56,2016-10-11 01:01:29,2016-10-14 18:00:00,2016-10-15 01:01:29,2016-11-30,8f800fc6d16456d0e952825096c0f40e,2016-10-08
cdcdd974adb1606df89687f10cf130eb,f2279bf6a0160ef6fbb64df126f5e42e,delivered,2017-11-26 15:32:11,2017-11-28 03:32:24,2017-11-29 17:16:49,2017-12-20 20:08:17,2017-12-18,d09484561c33439590b44e4ec6ccf2b0,2017-11-26
b2d0debc1f9d4d6effd6bc476b949083,9e9d6b4d5b6cf2bb1c710a3be2f5afa0,delivered,2018-04-02 10:28:06,2018-04-02 11:30:22,2018-04-03 16:12:28,2018-04-05 02:37:33,2018-04-12,2a6e8e739d1617176508f585698a64f8,2018-04-02
fb31bfd260ee565cb546aab5a4a28803,ab443ed768f8d61a0672c68b756c5d0f,delivered,2018-07-30 23:16:34,2018-07-30 23:31:43,2018-08-17 15:55:00,2018-08-27 19:07:41,2018-09-11,9dbe78aa2dd8b7f5247ceb88038f1292,2018-07-30
bfd78b312cc39789d717553c3e611abf,162580846012b5d598f38dd5039737a0,delivered,2017-07-13 16:42:17,2017-07-13 16:55:10,2017-07-19 18:26:56,2017-07-27 21:29:37,2017-08-04,ef78ac6c1ec24fc4bfc2a750471f1421,2017-07-13
9e9c1e31a65ea01ec87996c0369e8319,c0cf2215b00d08e71d80d9d353103fdc,delivered,2017-02-24 16:14:08,2017-02-25 02:22:39,2017-03-01 18:07:44,2017-03-07 12:17:57,2017-03-21,3cdb6421f2746df350ad91db329028c6,2017-02-24
5d790fe3637a350e66c1f7f6d91f4c4e,af2ae43836ce7dc21710105ceddd1644,canceled,2017-07-03 09:43:13,2017-07-03 09:55:19,,,2017-07-21,842ad135d6bf78e814d79337d77794f2,2017-07-03
8ce27cfd1cf723e54eb8a517a0f687af,d84fed1d60d32319a7006df034d24a34,delivered,2018-02-26 15:21:10,2018-02-26 15:35:38,2018-02-27 20:18:40,2018-03-05 21:26:53,2018-03-16,dd6430fc2abd9bac4519a73948937154,2018-02-26
1fab4ac9d85079b3da72a11475ae1685,f831c1fa80308975ec2b58e4877328e0,delivered,2017-09-01 19:04:22,2017-09-13 22:06:11,2017-09-04 13:10:23,2017-09-08 20:13:03,2017-09-20,d121ceaccf4c241eae9a5f97cc661ccf,2017-09-01
76aa4331248df0c7d222f16901a12597,66e822818cfda1db261d52e9e2a9f19e,delivered,2017-06-18 13:04:41,2017-06-20 10:25:11,2017-06-22 13:28:02,2017-07-04 14:09:52,2017-07-07,8a1f02ffc4e03beb2a8af436331043fd,2017-06-18
36a55da00696783d804dcef6c490cbf9,d6a517f605004a40b8a4c666e39456ca,delivered,2018-03-22 14:08:52,2018-03-22 14:15:42,2018-03-27 20:56:50,2018-04-19 17:35:53,2018-04-18,9a58733da0c7c3ec5faf01ec89d9c115,2018-03-22
13100b3a31729e96b34e7eeaf3cadb2c,89d8adfeb3cbb0bcaf7431ed965d2182,delivered,2018-06-01 11:01:00,2018-06-01 11:15:09,2018-06-06 15:13:00,2018-06-12 01:12:19,2018-07-04,903f86e311cb1d293da2b073e8fef44d,2018-06-01
374624ffc15396737a3f35d464fa8ae5,6c0b2d544e2762cf83631d45fac693dd,delivered,2017-06-23 09:18:17,2017-06-23 09:30:18,2017-06-23 12:55:54,2017-06-30 16:37:42,2017-07-17,d7c26282de6ee7d6b9bf65fdfbd9b263,2017-06-23
6ecdb27739986bd7ba9b2817c39159e9,1b293346430a8dbcd22f860a05a642f8,delivered,2018-02-28 01:19:42,2018-03-01 02:35:30,2018-03-08 19:46:31,2018-03-20 21:41:45,2018-03-21,ad4ce702671fb943b1820a1a1b730d1c,2018-02-28
9eedca0abb31d377cd420b89775a64a8,aae6057b8281efa34faf1d9cd3f7cbc7,delivered,2017-11-28 13:58:56,2017-11-29 02:23:15,2017-11-29 23:38:50,2017-12-08 23:28:28,2017-12-21,d92e065f815b20aa0535f71f00efb6a9,2017-11-28
231acde8e06eda65e8b7d6b04bc7260b,7a47e4aad867b455906f7c4c5347d764,delivered,2017-07-03 21:31:45,2017-07-05 02:45:11,2017-07-12 19:32:48,2017-07-21 21:29:44,2017-07-25,6874056f7958d2dcea3728db30bac8a7,2017-07-03
25735b38f376510aa1e9762e25343124,bb514cf4c072f5b604be110df9585d95,delivered,2017-05-24 09:46:11,2017-05-24 10:02:31,2017-05-25 10:03:42,2017-05-26 16:13:44,2017-06-06,e58c0f78a7e98fbed6df464265855d37,2017-05-24
53639d3483b91d202af2934021b5e2fa,0309b2a47dddf69e60c888db00cb5858,delivered,2018-01-07 10:16:22,2018-01-08 10:11:22,2018-01-09 20:45:04,2018-01-13 01:03:35,2018-02-05,5dd27319cab49c620f28cd6e4e378570,2018-01-07
f7530604856bf59bca16e5110e476c59,8b828d6a4f94c2a33e7a705c2374199b,delivered,2017-05-15 22:48:37,2017-05-15 23:02:52,2017-05-19 13:22:35,2017-05-23 10:17:35,2017-06-13,32863ce9d466062692824a43bfa65de1,2017-05-15
662c204ba347d430c0fc3a5df267478f,1e3512ce753ab87c643855569b8b23e1,delivered,2018-03-30 19:08:13,2018-03-30 19:50:09,2018-04-13 17:42:12,2018-04-16 23:12:03,2018-04-27,cd63e4467d55a05d5218763e279d2b3a,2018-03-30
d68b0945df8ef41eee78fc3a864742da,cbbf757deb261a38eaba0e76577ba73d,delivered,2018-01-28 13:54:01,2018-01-28 14:09:26,2018-01-29 22:17:41,2018-02-06 17:33:33,2018-02-23,f78480ea29f9b47f502b2e884eb21cdf,2018-01-28
8c2189f32103647dde2d19e9045c2a76,58db7d715512621026cea08f56d283b3,delivered,2018-07-18 10:31:28,2018-07-18 10:45:12,2018-07-20 12:59:00,2018-07-23 11:05:31,2018-08-06,4b6c3905e97f49de20df3a286b423f54,2018-07-18
9d3704763c7a62e8cc450c779bc811b3,3625ffefba6b5cea39effc685c016ef6,delivered,2017-12-01 12:43:52,2017-12-02 18:57:19,2017-12-05 03:10:51,2017-12-15 15:25:27,2017-12-28,933d09bc2bcad9d9d322dd7df9f3c908,2017-12-01
aad035e568a4d856b8cfe95cd55907f2,8b771adc0441ac4fdbb0f3304f284d0a,delivered,2018-08-04 13:37:43,2018-08-04 13:50:22,2018-08-06 15:07:00,2018-08-13 21:28:48,2018-08-22,81e481d14580da9f6a46a942be25a6ff,2018-08-04
0d5ce32fbaa548555dac4bee840d7705,188aa21ac1cf80f11848cbcd18973315,delivered,2017-07-01 15:47:06,2017-07-01 16:03:36,2017-07-21 15:22:51,2017-08-24 18:35:30,2017-10-19,147946615070313e4fc00fb602b39c68,2017-07-01
e39e5c5582fe3b14f62bfdf4f721b40f,0f0f0708cb128767fa11e1b6daefe426,delivered,2017-12-27 23:09:37,2017-12-29 02:09:49,2018-01-02 17:42:01,2018-01-09 20:44:05,2018-01-30,2ac356d0dbef7022ef6e7d96151744f0,2017-12-27
6b11e7b75e0feb0302e6054a2e65be71,fdf4c0a219286d7a9b9c69c6924cef5e,delivered,2017-11-24 23:47:36,2017-11-25 02:34:02,2017-11-30 15:25:14,2017-12-08 20:51:49,2017-12-14,6e6f2145f990db6dbfb520de52a208a7,2017-11-24
54a33eb07a24da26f790d99fa2adfd7c,5c5020458933e2ca08b7aa21614a2c4c,invoiced,2018-08-06 23:23:11,2018-08-07 12:05:19,,,2018-08-23,b03a311d59fb5151a8a836fc0a8d14bc,2018-08-06
b92fc3d1e14e2ff2051230fda1012db2,db24cde3f582d45c6be2809ff57d6598,delivered,2017-08-21 13:56:53,2017-08-21 14:10:22,2017-08-23 13:38:06,2017-08-24 18:09:08,2017-09-06,851eefea71a07755f017e75fae31f2fd,2017-08-21
2ae4550cd93c502fcca8f1b07c6d1641,053fd2ab2e3ceca5d4aef650327d1689,delivered,2018-03-17 15:19:57,2018-03-17 15:30:45,2018-03-19 21:42:38,2018-04-10 20:03:51,2018-04-05,7590dea9fc7279d54050da9c98d4752e,2018-03-17
4abc781b3e88962a7e098bcb42ed44c6,dd9013b8f9a0b85bc923959071a8b800,delivered,2018-04-24 17:13:31,2018-04-25 14:51:43,2018-04-26 12:45:00,2018-05-09 21:06:10,2018-06-05,44c1f911a4dd360e5df107f7e302f3c8,2018-04-24
93f3ccc863d3ac17381f6505ccd752de,684c85fb35942a14af3a594427026a8d,delivered,2017-12-20 20:50:54,2017-12-20 20:58:28,2017-12-21 23:22:27,2018-01-09 15:09:15,2018-01-22,44e362ab816997af40db8f23b2b82cc6,2017-12-20
5d9e1e0e7084f2f9e90a7069e64cba61,5a0e3721a8ca7e273f07af1ead76605e,canceled,2017-11-05 13:58:19,,,,2017-11-17,cda31ad527f32bfe5d75029c8aa9c0bd,2017-11-05
45ce1b15635a07669cbb35c8607fbeeb,ce40e584f62a6cfebb0cc89047975163,delivered,2018-04-26 17:06:14,2018-04-26 17:31:47,2018-04-27 15:41:00,2018-04-30 16:32:35,2018-05-09,2d79718171cd28e2c600072ff0399745,2018-04-26
ecc6c5d76a4d38a9b95c0fe288b3f220,cfad1ce34667d10a9c81fc26061f0d6d,delivered,2017-04-09 17:24:08,2017-04-09 17:35:17,2017-04-13 08:19:41,2017-04-19 14:25:09,2017-05-16,49a7d7f106f6adbd40721e2685278da1,2017-04-09
8f3f26027859349e29776a53fcf17963,77678cf0733734587184d89b548c3517,delivered,2017-04-06 12:12:21,2017-04-06 13:05:36,2017-04-07 15:39:46,2017-04-13 07:39:05,2017-04-27,4c0a0414fa9d6d8b696368dacdb50a5b,2017-04-06
fca3ff759e8d69e522e5d0ceebb89059,ca67de53c6d54f8e8a64b09036387c0f,delivered,2017-04-30 10:40:52,2017-04-30 10:55:17,2017-05-03 10:02:35,2017-05-22 09:03:45,2017-05-25,7a502c12cc7cd8cf64c562e8bbe18f2f,2017-04-30
fd6f101a1afb677198cf40cb3feb147d,ddf0bb11382100ff332835fbb45e8117,delivered,2017-04-02 14:07:23,2017-04-02 14:15:13,2017-04-05 16:09:58,2017-04-10 13:48:01,2017-04-24,966b5b87d2d0342c86217c18ad54573f,2017-04-02
186ac860f8928db64590e1fdd744c9f5,c4fb1c069ba21ade36983cf6ad7069c8,shipped,2018-03-08 16:10:21,2018-03-08 16:56:03,2018-03-12 19:48:36,,2018-03-28,8a76f6caba5736d6309877ea9d99f4a3,2018-03-08
c455e8ff84c22c9e3b3e1f5c8c8ef95c,19cb26eb0a9a6980367bc7952ee138ff,delivered,2017-05-30 08:13:45,2017-05-30 08:25:12,2017-05-30 14:01:53,2017-06-09 23:54:50,2017-07-04,3a432040f71c62080e08b21afebc370a,2017-05-30
414c2d0aa3ca7ba2ded1e645b3dc42d8,66e959a44387b5dfdd7e743181715998,delivered,2018-02-28 21:58:05,2018-02-28 22:30:57,2018-03-02 01:15:10,2018-03-10 14:12:17,2018-03-19,66996378f67378346454530b8affe13d,2018-02-28
07172761566bda50929a3b449eae02ee,f1b39a3f57ab0e618b294bd1a9698ff6,delivered,2018-03-17 17:22:42,2018-03-17 17:36:20,2018-03-20 17:11:21,2018-03-29 22:31:16,2018-04-05,088d39d3b4e2242bcc593956f4578957,2018-03-17
29ae62fd6471b0273901154265c09fd9,c1bf32b941087fc7379e2897279b3b40,delivered,2018-01-16 13:44:45,2018-01-16 13:56:05,2018-01-17 22:28:40,2018-01-25 21:08:45,2018-02-09,9173fcef0550bc27e0d9b9dc99f5b2e5,2018-01-16
c912c210c22a9527553521d8fda44563,6eb257a208b7082dbd96413e6d139602,delivered,2018-04-23 09:19:59,2018-04-24 17:23:05,2018-04-25 12:31:00,2018-04-26 19:32:09,2018-05-08,df419aa863d47a311b6c563225f898bb,2018-04-23
9211ad9b7860612a689053307f1de3e7,6cad4a49ecca28f0e402acc2ffd1d67f,delivered,2018-04-14 14:13:39,2018-04-17 05:50:13,2018-04-18 23:44:55,2018-05-05 13:32:43,2018-05-10,2703e9529e5fc34e102971bb838b81e2,2018-04-14
0874cc8e3901cd3d61e47bd8041c2e8d,bff79ac2dd5a3735291910b86f6de25e,delivered,2017-08-18 18:55:02,2017-08-18 19:10:16,2017-08-30 18:37:56,2017-09-05 19:04:19,2017-09-20,bcbcdf6a5c1d0080b661d12b5f09729d,2017-08-18
7ee85d0975cba23862989df84a6e13f0,407f9b965b69734ec538ebde7febf251,delivered,2018-04-17 23:28:21,2018-04-18 23:15:20,2018-05-02 09:04:00,2018-05-16 19:18:43,2018-05-21,b367207d2ca3105f76e9e428c0617da1,2018-04-17
608f10c703cf4a52527bfe0ae0afbddc,91ab3a17f5312a32f85bf6d567488b94,delivered,2018-04-30 08:34:14,2018-05-01 06:13:06,2018-05-04 14:22:00,2018-05-07 13:21:05,2018-05-11,0138dff42973f40e8f5225472526f278,2018-04-30
69933502bb7f9b4aaac818858f964553,8cab6013b5bb046a5b91c60f05208cba,delivered,2018-05-15 16:46:45,2018-05-15 17:38:08,2018-05-16 12:31:00,2018-05-30 12:02:53,2018-06-12,7453e76897787f054cb8194639518062,2018-05-15
d68d5c93a1000f0278b511ffa6aeaa50,1b8cd2bc8b536be7634caf5929c70704,delivered,2018-08-06 12:11:14,2018-08-07 08:44:48,2018-08-10 18:11:00,2018-08-13 16:57:42,2018-08-13,71a5cdf7a8c5994c5845613c8c011057,2018-08-06
71e46015f37d1839f5feacddea47add2,51632735d9435e3135faf0a7a51897cb,delivered,2017-02-25 21:33:16,2017-02-25 21:42:14,2017-03-01 10:22:16,2017-03-08 14:33:15,2017-03-22,560046dc7dd7b822bb2f7f1e5e33a2c8,2017-02-25
b6cc7bff663bc68317b27e915be941ca,a964e30ab4f1b606fba4cd1f15806048,delivered,2018-05-14 07:37:20,2018-05-14 07:52:17,2018-05-14 13:00:00,2018-05-17 20:18:51,2018-05-29,5d0534b614a3252fb1269c05d7893395,2018-05-14
6df5ccb6ecd13e123c2a9a0a5ed0ae9f,1266651e5dfcd12269d5242ab75b2064,delivered,2018-08-04 13:20:19,2018-08-04 14:00:09,2018-08-09 13:06:00,2018-08-10 16:38:35,2018-08-13,dcef3399bb685b394b3c6897fe7d64cd,2018-08-04
0556fe7a6dbdc95276ba0513ee5f0471,8e8ece09f913df64cbdcf2188e9a7d85,delivered,2017-11-25 19:14:14,2017-11-26 11:15:21,2017-11-29 22:41:43,2017-12-13 14:54:45,2017-12-15,c1b204fe0f64d6dc1e022ca2bd46ccb9,2017-11-25
d3f661b49e6bea433759048d761d2035,56a914c4b8d40096b2b7074f4c2f62ec,delivered,2018-07-05 00:07:41,2018-07-05 16:27:10,2018-07-06 06:32:00,2018-07-12 21:18:35,2018-07-25,5d554d2d44fe0ab8b51c262db7de2cff,2018-07-05
cf236022e4e2a6dd53ae41f8c87ea653,c1c387df7d732899f30a909c8b084e56,delivered,2018-08-09 19:13:39,2018-08-09 19:24:50,2018-08-10 12:40:00,2018-08-13 19:37:57,2018-08-23,d4a1d48d6622425b6f5f29172d229e5c,2018-08-09
8207dc60d7f55f4ac2b9601f02eeff29,93d5fd8f7db0fa4ca0ed24b83f12505b,delivered,2018-06-02 19:52:07,2018-06-02 20:12:16,2018-06-04 14:02:00,2018-06-14 18:50:01,2018-07-24,3f9de4e584f4860b145d95ac29c06ea1,2018-06-02
e31ea4183de6b416446423888f5dc3d8,02c6b472654adef5ac65870849c73444,delivered,2018-05-07 13:51:40,2018-05-07 15:54:33,2018-05-07 16:17:00,2018-05-17 16:38:02,2018-05-24,0078108af1d2dc4b1601c744ca581b4f,2018-05-07
f9df671328c983159e6f49c929679f5c,2f183950f835c2a00409f15423ed1ad5,delivered,2018-05-06 10:31:40,2018-05-06 10:52:54,2018-05-08 09:53:00,2018-05-10 18:51:52,2018-06-12,d53fd8d81fe9b8df7ec6e455adbbcb94,2018-05-06
ea3c8982e2aaa8f92872beb90375f41a,ba1592ad9a1c31b32f80c80bbdf039c1,delivered,2017-07-18 16:55:02,2017-07-20 02:25:46,2017-07-24 20:13:35,2017-07-31 19:33:47,2017-08-16,0e3e01275a3d617393b91e4c1029e3dc,2017-07-18
ee23103ab94d84788e8fb686103c0954,4eee666d81e4820818ac51c38b46da8d,delivered,2018-02-04 19:23:01,2018-02-04 19:35:30,2018-02-06 01:03:42,2018-02-16 15:45:22,2018-03-07,98468b83f97479f4e474be5a4ad3b5b8,2018-02-04
9a09c8f0e971786c75d28809043dc55d,1c2d16e090fbe137760a0d66d2258c5b,delivered,2017-08-15 11:25:22,2017-08-16 12:10:17,2017-08-16 18:28:08,2017-08-22 22:14:35,2017-08-30,5b8c80a20366ff668e44bf7571988b72,2017-08-15
3977c54327b2593940b72e8c6b2c3605,c4fd732e1aec2b4dc65d4e3bc60c838e,delivered,2018-02-05 10:19:30,2018-02-05 10:35:39,2018-02-09 23:27:10,2018-02-24 14:53:20,2018-03-09,b792eaa2a35d283a5476d84b9f38f362,2018-02-05
446461e627059dcc66c0d83df1d3fadf,a5501dd3eaffc14bb37c90c70a2099af,delivered,2018-05-07 22:48:45,2018-05-07 23:12:22,2018-05-08 08:08:00,2018-05-11 02:21:46,2018-05-21,f4bfa7d75a394df13adaa6b672dc0407,2018-05-07
1c4f7f07e974a6d951ac86cd8d4d450c,f746bee856810072fc78dfd15eef717d,delivered,2017-08-07 11:23:17,2017-08-08 03:50:42,2017-08-10 21:13:52,2017-08-23 20:42:14,2017-08-29,a50e76bad6ee62455c787e48cf37c09d,2017-08-07
15fdda39515f8ebe0bc8d067fa136a83,1f91e5b12976cbf0cc92a143dda96e0f,delivered,2018-06-05 18:15:38,2018-06-05 18:35:26,2018-06-06 13:12:00,2018-06-19 23:29:49,2018-07-24,a734b778c0eaf878d7954324c135d3e2,2018-06-05
dec1d79085ef3e4503d07d746591a446,a0c07443440c1810d9fa7dbb31cf8a96,delivered,2018-02-28 19:25:26,2018-03-01 15:40:24,2018-03-02 21:37:21,2018-03-15 19:23:25,2018-03-22,fce1a2a5d157072b7c7251ab95839541,2018-02-28
0343fa2096b6d04743321f9b9f62c1e0,24a982bba67ae6828be5c20e4b24dbf7,delivered,2018-08-22 09:43:46,2018-08-22 09:55:13,2018-08-23 12:53:00,2018-08-24 22:18:35,2018-09-05,83457c761b6c00823416ee26ae189fc4,2018-08-22
851ca56d98d52355e12410122fe07fa6,6e142629fc0c8f867cdf17fa378ca709,delivered,2018-07-19 08:46:03,2018-07-19 08:55:29,2018-07-24 14:37:00,2018-08-02 17:44:36,2018-07-31,b5f76c3201d925951a9a78bc0c2ec81e,2018-07-19
e699db09ff2550edf641974c32caab55,1b2ab6eda1946a6ff386b1ae51431344,delivered,2017-11-24 10:41:43,2017-11-24 12:18:26,2017-12-08 16:46:58,2017-12-13 20:57:14,2017-12-15,94183723d784d37f33a1f6dd09ac7567,2017-11-24
6376db8b01455ca1b4a1c3d89ad69316,ad7544bc1e8bd63b6a36063a278b16b7,delivered,2018-02-16 01:51:04,2018-02-16 02:50:30,2018-02-16 18:18:34,2018-03-29 17:24:48,2018-03-12,b4bd5b8eddca5e0b8e0a80a3b4d5e9f9,2018-02-16
4576ccc69bb4a9402048a8672467675b,d51a769f71cfbad7bed52a8e4b3d1ceb,delivered,2017-11-27 08:18:47,2017-11-27 08:36:53,2017-11-30 22:44:51,2017-12-03 15:33:25,2017-12-12,a63a8ec617c37e99ab2c48af8b442ac6,2017-11-27
7416cd841f14bf1c92f1b57253035aef,38d924d151edb55aaa61217e9f319919,delivered,2018-04-18 16:56:06,2018-04-20 07:35:26,2018-04-23 10:44:19,2018-04-27 22:14:30,2018-05-22,e1b65176f153a0a4e72efc3c949d4bbd,2018-04-18
a932657c2a8f532655a478c7170642b1,cd4d82ed08b7482d755adbdad4243dae,delivered,2018-07-11 15:28:16,2018-07-11 15:46:27,2018-07-12 15:07:00,2018-07-13 17:04:00,2018-07-19,52e6144777fb6576a257d18130104f54,2018-07-11
a73a38a5eeac4ab94ef2bcbd90f92e43,1fb3df5efb074be6ef543b2ac76833e2,delivered,2017-01-27 19:55:05,2017-01-28 10:31:22,2017-02-01 10:04:37,2017-02-08 14:05:11,2017-03-07,0af9e2cf24bbd44ec390c828b1eb7356,2017-01-27
e4042b31d83d0e39b199d1c5a0c48615,f784d05709f75b9b78af51b32dc4e26f,delivered,2017-12-29 14:31:47,2017-12-29 14:47:04,2018-01-03 17:13:21,2018-01-24 22:42:48,2018-02-01,6fc4b690e7e8c341db781cf41e770f4a,2017-12-29
96d44b6cb21fc7fdc07088201dc2230e,241876a1ed49df23861e46023dd726c3,delivered,2018-01-11 13:56:51,2018-01-11 14:31:51,2018-01-12 20:51:51,2018-01-25 21:05:06,2018-03-09,ecba9eff0f192369d604bfb777176e4d,2018-01-11
61a194ec0be86b956a275ea1fd86023f,1002cb40a48c938a607997948c187056,delivered,2018-02-07 09:19:21,2018-02-07 09:31:37,2018-02-09 19:53:28,2018-02-16 18:45:04,2018-02-23,891ddcbb4402b475eca3c95463ee9e2e,2018-02-07
982d82bc18646c6288463c134c89fc3e,37aa35bff555a25b9de984deaa0b514d,delivered,2018-07-26 22:05:42,2018-07-28 02:35:13,2018-07-30 12:15:00,2018-08-07 23:36:49,2018-08-13,567f80d13acb77cfc2b4e3a516925eaa,2018-07-26
d1bc18e9f697ab4e206197e4ee23494e,b3ab4dc624a32ef498c517285c6e1fb6,delivered,2018-07-20 14:34:08,2018-07-20 14:45:31,2018-07-20 16:30:00,2018-07-23 13:37:33,2018-07-31,7b850baeeae653a201ad36ba35fb62d0,2018-07-20
4cd5aded458b2bb658108cfe0f705ab5,fed5b7561b589c773a4a7d7028d0ae9b,delivered,2018-02-05 15:18:14,2018-02-05 15:35:43,2018-02-06 23:51:23,2018-02-19 18:48:47,2018-03-12,74ba3ec548ea09a1df6d06fd31072d71,2018-02-05
819c95d80987748e1ce29b9b637cc920,92b9aa277769ef0bf861d4fdf17cf5bb,delivered,2018-07-20 16:53:27,2018-07-20 17:10:15,2018-07-24 06:57:00,2018-07-27 18:51:34,2018-08-22,0eacec5e36604dae4b3573af0a72c4fc,2018-07-20
92513c17b1e446ae2b162527361b595e,8fbbfd71536431f7d84abe07956a4608,shipped,2018-07-14 14:01:18,2018-07-14 14:15:09,2018-07-16 15:22:00,,2018-07-30,21c70ca659a7fead354850e57d4254f2,2018-07-14
b8831de8421ce05d880cb13b8610f9c3,6624813688ccf41b6807e77a9f194c2b,delivered,2018-08-10 15:00:29,2018-08-10 15:10:22,2018-08-15 13:34:00,2018-08-17 14:45:01,2018-08-21,e6a357e59fe2d9269e1a87bd55f0425f,2018-08-10
2c44ef48e157c9a43e9998da9a3248bd,1b38122bd6186b187d3af336471189e8,unavailable,2017-07-17 15:43:37,2017-07-18 06:35:14,,,2017-08-18,37a7a61acf8d952ac11e756c8ff1ba4e,2017-07-17
8bd98fd451da26c29d29a56507b168a4,3aca5bf74140f4549d0d2414606f554f,delivered,2017-04-23 16:41:17,2017-04-23 16:55:17,2017-04-24 13:47:26,2017-05-09 12:41:37,2017-05-25,b58b786c05946b12b4028f3b76099009,2017-04-23
77e18878827762954f8e0697901368de,974eb9367ca53bf145e7cb9b9a58171c,delivered,2018-06-06 15:15:53,2018-06-06 15:34:30,2018-06-08 13:45:00,2018-06-11 17:41:58,2018-07-03,03918c171b9f3f81c1a0799589d63b78,2018-06-06
d8ff993abef623e4c9956f245c4345e9,924a7950479b075b9605579a24456054,delivered,2018-08-04 04:59:37,2018-08-09 23:31:23,2018-08-06 18:18:00,2018-08-14 00:07:41,2018-08-16,11cfd70926d42d92ea668b4abd732abf,2018-08-04
9ae0dde43abc889af3f66f1408bd49fe,deb60000dabb838efb3cc3e9de7961c7,delivered,2018-03-26 23:31:51,2018-03-28 02:50:39,2018-03-28 20:16:51,2018-03-29 21:08:29,2018-04-06,646a477a284813d608b840018b84590f,2018-03-26
a0f6d215b0e99072f27854fe0b1945b3,a0a26b048df822d9a1ac3c74f2418101,delivered,2018-07-19 19:49:29,2018-07-19 20:05:10,2018-07-20 14:30:00,2018-07-26 21:48:25,2018-08-06,697fa5666dfd5b8cec3c999776633db8,2018-07-19
abc7e319cb9e3bb886909c5ec18969a3,33c20edf6ed3d5c9784af0eeb91c665a,delivered,2018-03-29 09:11:53,2018-03-30 03:09:00,2018-04-03 00:57:45,2018-04-10 20:13:35,2018-04-20,21aeb1983c7c9bb52846612aec1ba3de,2018-03-29
82bdf2be6cd75f6a34999c235f18948f,315a9cfa0469acc52513edc34b1987ca,delivered,2018-02-01 09:29:16,2018-02-01 09:53:13,2018-02-07 17:33:39,2018-02-15 21:22:25,2018-03-01,4f0ab9bfba4049bb96fe92677cb21178,2018-02-01
2485cabe7d4efbfa58650ef56a0ce6aa,a521ab3b55dcdfd47152d5af2a0c9555,delivered,2018-03-26 11:13:03,2018-03-26 11:47:43,2018-03-27 18:16:51,2018-04-18 22:31:09,2018-04-26,1c7acdc2f369d7a7fdba3a021d372bc1,2018-03-26
8ecd4e086e06a6e3b98920c11b565fc8,76dfc9b4b9bce12fcd7523f8202f97f5,delivered,2017-12-14 01:05:06,2017-12-15 02:19:40,2017-12-20 00:39:08,2017-12-26 20:10:19,2018-01-17,40cbe4b0f2cefb5dcd46d4ac9e11a277,2017-12-14
e78a6ebf08a820b5ce4a82208d912130,3155d972f9e19ec1a465e5d8dda5c8d0,delivered,2017-07-28 23:38:46,2017-07-30 01:35:15,2017-08-01 18:42:13,2017-08-16 16:07:08,2017-08-30,0bb85361669cd1fa8ebaae65fe43095d,2017-07-28
08ff2ba0393c3492409f044754015f74,56068ca6fa66573a884fd01f7394ffe8,delivered,2018-04-27 10:42:14,2018-04-27 10:55:19,2018-04-30 14:02:00,2018-05-03 17:04:01,2018-05-11,ab6ec178286e6a6d70e9bfe90378bd95,2018-04-27
876bcc47b24377b358f9f3e7f59b48da,255e3c4d9010ae035ddc3c962804bc83,delivered,2018-03-27 10:40:36,2018-03-27 10:55:25,2018-03-27 20:16:35,2018-04-04 17:07:04,2018-04-18,02f1bf7b0a3e8e4f916c2584908314e7,2018-03-27
1e50081a481cd77d211e822a33a0f359,aaa5e08722a68431c83261503552ead9,delivered,2018-03-26 22:29:46,2018-03-26 22:47:26,2018-04-20 19:48:53,2018-04-30 22:11:59,2018-04-19,e669d4a77d078eb9e1f0e2e0d8faf814,2018-03-26
1d1db2493f621bd8ce091e28018ea24f,919032f506767422e7e288dfa4850c4a,delivered,2017-06-19 15:21:19,2017-06-19 15:30:27,2017-06-21 07:52:55,2017-06-27 11:39:56,2017-07-12,acbfaf28622f6abc50961761e28fcbbf,2017-06-19
eb648c502f9756a959be78b19b069bc3,dcf29d92b5428a9fbcdff7b35442e1c2,delivered,2017-11-26 23:03:38,2017-11-28 03:31:16,2017-12-04 15:22:18,2017-12-12 16:22:50,2017-12-27,2e46c6ed81f552fd73f50e758de5e577,2017-11-26
ec604748dfe7d284c0316cf22cac3b33,91bf684a5ca3e82ecc3519637197bfc8,delivered,2017-07-13 16:00:55,2017-07-14 02:24:58,2017-07-20 22:07:27,2017-07-22 16:12:18,2017-08-01,a12a52a129241056f2224794d70774ee,2017-07-13
c71aa75fb0d0bd33c5bcc758608e7812,31f1c0fd8437c853ba570d7ba55f64b8,delivered,2018-02-09 12:24:45,2018-02-10 11:35:30,2018-02-14 20:21:40,2018-02-26 15:41:53,2018-03-07,82e9bf33e750d1eb9d559d80fae0686b,2018-02-09
ffe2b9e50ccbd9695f42c906f6d9010c,d8eaef18d54f26637bdd57fb1254bbb6,delivered,2018-03-16 12:02:38,2018-03-16 12:15:33,2018-03-19 12:47:54,2018-03-23 19:52:04,2018-04-10,09f54e88196d12eba479017f13f0e237,2018-03-16
c13a4b8b536a4584745b7d62ef958ee7,973a00fde4f53076b6eb120482a4a76a,delivered,2017-12-14 14:20:09,2017-12-14 14:33:03,2017-12-15 17:15:55,2017-12-18 15:42:45,2018-01-04,0a2d50253b6e0f18cd0c7dba3b075378,2017-12-14
5bca8968c7bbe677fbb54e8d8b3d331e,ee7bae6bffd1ba8fe5fb033bc6dd4d74,delivered,2018-02-21 23:10:29,2018-02-23 02:10:34,2018-02-23 20:35:41,2018-03-07 23:28:46,2018-03-20,d182559bd3e0797fcda8a1701df613b4,2018-02-21
0e64b89242bbb62b8ea29c57fc8073fb,8383f6013f8c865be8aa873dce7f43a1,unavailable,2017-11-23 10:53:08,2017-11-23 11:08:21,,,2017-12-20,2da54b98229287d62e9416b22c7c701d,2017-11-23
c6c76014b61dcf511dd9db142760ae34,3ed78738cbc1086f8dd31e456bc27fb2,delivered,2018-01-13 18:35:08,2018-01-13 18:49:46,2018-01-17 14:39:09,2018-01-26 23:05:41,2018-02-21,2276826960ad5a23a0f17bc47bf49880,2018-01-13
75ac959e92dad3a1807efc845e07e439,88589a4b7082d5090f4816f21f07a2b8,delivered,2018-04-28 14:55:05,2018-04-28 15:11:21,2018-05-04 14:39:00,2018-05-05 16:38:30,2018-05-17,b2c821f5beb5a3e773a0ab07133de2c3,2018-04-28
c35c0040e09990a95e79c617fafe8c10,3d32aac5bce2d5bde5b0645ef8b319bc,delivered,2017-07-13 19:40:00,2017-07-13 19:50:20,2017-07-19 15:05:49,2017-07-26 01:36:42,2017-08-10,d6caf670c8bf91aed723f242cafb71c8,2017-07-13
37a8e5d9b2e5863960037179b26da448,a53d0a93c43728928e650fa9594d5f61,delivered,2017-03-06 16:08:25,2017-03-06 16:22:52,2017-03-08 13:03:26,2017-03-15 10:53:51,2017-03-30,137bbbdc413c31c44d77c2804c1c90af,2017-03-06
2ee460773e708be4e0208745a3864b8c,3bd12f7c1ad3a3908905785e43de8603,shipped,2017-06-22 22:34:26,2017-06-22 22:50:09,2017-06-28 15:17:48,,2017-08-07,2e5fb502adb87cf265468f4d2096d724,2017-06-22
8649e59f7e617fa93150e6f518d35006,7b33c58fc681f57e0b77b61f268771ff,delivered,2017-08-02 14:49:09,2017-08-02 15:03:30,2017-08-03 20:49:45,2017-08-08 19:03:41,2017-08-24,7a9ee77d85a48e4eb2f93055ce667d67,2017-08-02
9bc5cf55f8c2f895c92856ca5a179139,41445dea0c353d122f5d5e6a88de7c83,delivered,2018-07-26 08:41:31,2018-07-26 08:55:21,2018-07-26 11:03:00,2018-08-03 13:58:57,2018-08-21,2a755533cd57e55764b968b579014ba2,2018-07-26
a3ad5f7522d495d4d61684337167bdf0,970d1d8e9561b6ca86619acdbb7ed338,delivered,2018-04-01 17:22:23,2018-04-01 17:35:09,2018-04-02 19:41:02,2018-04-11 23:15:18,2018-04-23,e3fea38d149f20b12c98a35ad47df5e4,2018-04-01
d8651642157a4517771c50eb1e699109,96f23010acf228a3e2c2effec8ae8337,delivered,2017-12-14 15:39:22,2017-12-15 02:31:40,2017-12-15 21:33:38,2017-12-20 13:58:47,2018-01-11,3ec55dad9c86ffc41fc9ee5695febf82,2017-12-14
3c34298915dda196e053873162f24bf4,203787a9001501ba8c7a57471254a1f9,delivered,2017-09-26 08:02:09,2017-09-26 08:14:19,2017-09-26 20:22:20,2017-10-02 23:44:08,2017-10-24,a8ff40216f48e620d029befbda1ebf90,2017-09-26
dd57685b48de5c49dd9c140d48079aab,4f7ed4b389ad186dc3c13180b22cc69f,delivered,2017-07-03 20:36:21,2017-07-05 02:45:30,2017-07-06 15:06:51,2017-07-13 21:46:28,2017-07-21,49f1e514ff1f7be6aea5978a4c9cc974,2017-07-03
491c5fb7589518eeceb842216e1b4441,6f7dfa99456b9ecdec0fa258ba7449f5,delivered,2018-03-14 14:37:15,2018-03-16 03:25:20,2018-03-16 16:58:27,2018-04-02 19:12:23,2018-04-05,ee4de52e707ecea5db59cbf376e37855,2018-03-14
bdd49e833a618b2e10096e4bd5725977,9edf4e2bfac35f5d2d41782e8c06f0b3,delivered,2018-03-14 22:19:41,2018-03-15 17:35:37,2018-03-19 18:38:47,2018-04-06 19:55:37,2018-04-02,acb4cd0897df8fd166900c6a336edf08,2018-03-14
2352f0c7b4fe903c071e032c9d6d6593,b115c9e03fe6ed4c0b0ad50733f1ae98,delivered,2018-04-13 08:15:49,2018-04-17 05:50:08,2018-04-17 22:46:21,2018-04-23 13:32:23,2018-05-18,6f692962aeac7cd4a868499095b24849,2018-04-13
39ea1041ff8ce5011a3032a46ccf30e3,61347faa162c1fbbcaf9020a7111a82b,delivered,2017-07-31 23:07:04,2017-07-31 23:25:24,2017-08-02 15:19:36,2017-08-03 17:25:55,2017-08-15,de7cad0a39eabfa2285ef0b891ef404a,2017-07-31
743f0286b8d819a10c071fdf2c1e2f5f,36f6485541648e3f97ef663f7ae83043,delivered,2018-05-31 17:08:38,2018-06-05 04:12:40,2018-06-05 12:06:00,2018-06-06 16:12:11,2018-06-26,8fef1402fc52f6ac004a4371e88c88c5,2018-05-31
465bd6cdd5535737b0839fe6b722c9fb,19faaa8953bbd5166298b6f2a3f84298,delivered,2018-05-04 00:25:23,2018-05-04 21:50:22,2018-05-07 14:08:00,2018-05-25 23:21:40,2018-06-27,3246cc1ffb8b0e719e5ba4db0443185d,2018-05-04
a5f48911613f243e89209587f3d37aff,eaa4ae8e2814593f6ff4277e539a7874,delivered,2017-12-16 10:35:37,2017-12-16 10:55:07,2017-12-18 22:17:04,2017-12-19 20:28:26,2018-01-05,d65e3a3acdcbd4a46d053217383125ff,2017-12-16
7c9956750739a47dba7a6928ba2f0245,b65dda35fa1e480e28ded92bd5efe474,delivered,2017-08-28 21:57:49,2017-08-29 05:33:05,2017-08-29 17:49:11,2017-09-08 15:56:52,2017-09-14,1bcf153b346692b403d5454e3bd3a209,2017-08-28
5dcc65f0f55ef1d3cfe2d7c90349e23c,7308c3369ae037a966d083e24201f698,delivered,2017-08-13 22:04:51,2017-08-15 03:43:53,2017-08-15 14:22:12,2017-08-24 17:39:49,2017-09-05,ed4a2d895a3ce9ec6296edd3fd6b3339,2017-08-13
bfaefe509209a9477bd599fb0658f4ec,0cbc00da55924e1b714a2884440e8026,delivered,2018-03-02 13:55:22,2018-03-02 15:55:35,2018-03-06 17:08:14,2018-03-27 14:53:34,2018-03-23,fe8d4a61937a1fae6bf734851f6b4c32,2018-03-02
2cfc79d9582e9135c0a9b61fa60e6b21,f530197ea86ced9488a03d055e118ebf,canceled,2018-02-19 17:11:34,2018-02-19 17:20:52,2018-02-20 18:58:43,,2018-03-15,0058f300f57d7b93c477a131a59b36c3,2018-02-19
05981a7bf1a18eb991af55a8a8dbdf83,888c9e6c1b81d921be22d597e458b16b,delivered,2017-11-24 16:03:41,2017-11-24 19:52:38,2017-11-30 23:56:57,2017-12-19 19:16:59,2017-12-14,798b4acd0a8a992da690fff78c5b01d8,2017-11-24
b64e487c58e0790f34911fc9b7939827,1c78fda0fe9c74e5e305a729e2734c82,delivered,2018-06-21 17:33:53,2018-06-21 17:58:40,2018-06-25 14:58:00,2018-06-29 14:08:55,2018-07-19,0303ef40ef95a500ba038e141c9b935b,2018-06-21
27154322ce3aa2a60d8f005b929e9567,59b2f4f1611eb365ba738a5747caf5a6,delivered,2017-11-11 10:41:52,2017-11-11 10:55:27,2017-11-14 20:32:39,2017-11-16 18:09:28,2017-11-27,55346ecd00d282146cf1b4c0d6aa5ae4,2017-11-11
b3729cd1670144c7b451137853e3f46a,3ba877fb77cb9ece0df17fdad93f64cd,delivered,2017-07-25 18:48:04,2017-07-25 19:03:01,2017-07-27 20:27:55,2017-07-31 18:39:56,2017-08-21,3316d7f08c52aeaff37ea6129b2419c2,2017-07-25
ad15ae08ead6006cdba6fb5f19b055c8,1b337e561848c1abff24332c0eae028d,canceled,2017-10-14 10:36:31,2017-10-15 10:49:16,,,2017-11-10,a29ba61637aca308197ba043c7ccb95d,2017-10-14
72c215040979a13fe5e07708ae8b326c,7aa14025568b31b93e538fcb0a6931b0,delivered,2018-03-10 15:23:53,2018-03-10 15:35:31,2018-03-12 20:46:30,2018-03-20 13:54:50,2018-04-16,48680892805d48a4e6f5123eaea078db,2018-03-10
cfbf0360f6ea9dfe49992b49018f6ceb,d20bc6c62112b142b4644ae1420c97aa,delivered,2018-08-23 21:18:01,2018-08-23 21:35:09,2018-08-24 13:59:00,2018-08-28 03:28:31,2018-08-30,5bf6014626aaa36cdb6f1d0d955ded28,2018-08-23
23656d2d2cc437bb9aa69984ee84d980,03f846ad03437d864a8d2a22976dcafe,delivered,2018-02-20 11:34:50,2018-02-20 11:47:43,2018-02-21 18:29:11,2018-02-22 19:11:38,2018-03-06,7677c213007e9a6ec9267ea50b5ce5bc,2018-02-20
bbc796bc3e529de379f16c90fc437a82,278caff61fce8ced765f0d0e5662df07,delivered,2018-03-29 00:40:59,2018-03-29 00:55:28,2018-03-29 23:32:31,2018-05-02 19:57:23,2018-05-03,dd6b9136eebc129b87f972d905c70ba4,2018-03-29
ca5a6a09733f353ede92562e5d858d88,cbb7249c2aa52f4846b369bd6ebc4ff9,delivered,2017-12-02 22:49:38,2017-12-02 23:23:31,2017-12-06 20:41:40,2018-01-10 17:28:30,2018-01-02,4e1a01d62c1bb9cb41ba38be0f7fde90,2017-12-02
ddc3d480190a889acc51fb21d634c044,8ae23a65de42e37af02009f57d04ac19,delivered,2017-09-06 12:34:01,2017-09-06 12:45:22,2017-09-09 13:23:11,2017-09-16 16:46:00,2017-09-25,4ecce88e67e0fd22a0bd2fdab3ea9af9,2017-09-06
44579d02e209aa42e391a4af78ec74fe,ffa06e399e68881a89fa0f38f21c136b,delivered,2017-02-04 16:30:43,2017-02-04 16:41:46,2017-02-15 15:54:15,2017-02-23 12:47:38,2017-03-03,ab291f8f0c15544c4cdd0593b7364ca5,2017-02-04
a12313a4de4327d266a444688c8e8add,bb8550dd2865e7d008d7a77ced99769c,delivered,2017-05-16 13:47:21,2017-05-16 14:02:37,2017-05-16 15:25:35,2017-05-25 10:40:00,2017-06-07,16ea24232dc37a31c097d5f55edf17cc,2017-05-16
1b4dc1c360e958d57a893d4e5d9cd608,883c939afd787c8b502bf3e9006cf506,delivered,2018-02-17 23:00:07,2018-02-20 07:26:56,2018-02-20 19:39:03,2018-03-03 17:05:30,2018-03-13,c5e61ce1afc2362140b56a5eb51b7273,2018-02-17
76814cecb4b0b51bff1b1843f9ee45d4,be0948f5348ad6732797b8917737b441,delivered,2018-01-19 13:40:41,2018-01-19 13:53:59,2018-01-20 00:22:12,2018-01-29 20:33:24,2018-02-19,7c5cf4c9fc3f23aa16e9222e4ca63f24,2018-01-19
c6fe97ef4a94879e61bd71568ead79b0,3610566c1bd35ade63452acf27133f22,delivered,2017-02-20 13:23:36,2017-02-20 13:32:20,2017-02-21 08:16:03,2017-03-02 12:14:10,2017-03-17,51ff8247356916c4e62abd8ec002e0c9,2017-02-20
3c8703b04f446890b1ba92cb79c3b37d,c80a28aee3a9a5f9b0df6a7ea442c385,delivered,2018-01-19 12:38:28,2018-01-20 09:09:20,2018-01-29 22:48:30,2018-01-31 18:48:55,2018-02-16,73896b36312ac201e74c93940f96a12d,2018-01-19
13bd28c9fb3f72368af23530f1231cb2,f6398ecd9c86a2280e6e4cf8e5bb9fcf,delivered,2018-06-17 12:58:12,2018-06-17 13:13:41,2018-06-19 13:40:00,2018-06-25 21:46:38,2018-07-12,5edad4bb9c693e86e16632b7912e78ed,2018-06-17
edb87b920c0d70259a62d95cd4922c87,2a03419803b591a0c0f37ca997c84875,delivered,2018-07-06 10:19:18,2018-07-06 10:32:04,2018-07-10 08:09:00,2018-07-13 15:35:33,2018-08-01,2abafbfa7385c2386184f1fc5842463c,2018-07-06
305af4823119256511e64863ca221c60,c9c97a0dffedebf3619790954219437f,delivered,2018-05-13 14:56:49,2018-05-15 05:14:47,2018-05-15 15:05:00,2018-06-04 14:26:45,2018-06-20,048a6567af76cdb111594400e03199fd,2018-05-13
655cd199cc9b3c52c523833837c1921b,5139dcd086c2e4427ead53c4e925d40f,delivered,2017-11-13 12:02:55,2017-11-13 12:15:45,2017-11-16 15:51:41,2017-11-18 13:33:00,2017-11-27,b7979835a978951b84dc2c7641a4adee,2017-11-13
cf90a0857f3c111d3fcc73aea40c7d11,3888015de3760a1c1c74aca7e48eb4cb,delivered,2018-05-14 12:44:20,2018-05-14 12:55:34,2018-05-15 12:16:00,2018-05-21 22:40:45,2018-06-01,2b6e41a292192e2258ec4af368c77819,2018-05-14
9e7137975355579bd52d6ad4e682f833,d7f9d42d9ed5c5d53824a2c8be1b64b5,delivered,2018-02-02 13:45:00,2018-02-02 14:51:46,2018-02-06 22:29:05,2018-02-07 21:22:59,2018-02-21,1a92c813c2da6316af4ffc3b47feb31a,2018-02-02
ffcbf9b4459704e9185c5c630d11b69c,1e7f26bfc1b72023a4e9b1800f281912,delivered,2017-02-25 07:53:03,2017-02-26 08:01:52,2017-03-02 14:35:13,2017-03-14 09:41:37,2017-03-30,9a59b05e3a8a01af6c3081c0000fd0c9,2017-02-25
482e2b33358915d170f8430d8094c0e8,4434bdcccd4c540f8d525f693f78b43e,delivered,2017-12-07 11:59:51,2017-12-07 14:52:54,2017-12-11 13:47:55,2017-12-29 19:40:45,2018-01-04,5d492c7e391381e8f679d08440606c22,2017-12-07
b14127bfb817fb9d5883aacd257bb447,b9269719481dedccccbd738332211605,delivered,2018-08-05 10:03:00,2018-08-05 10:24:14,2018-08-07 12:25:00,2018-08-16 21:24:46,2018-08-21,79a0f98ef4cdf14d8fa7305febafe5b4,2018-08-05
de0fbaf67bf0e605797e7ec002340869,f96edb3f641399cade279262e38fe02f,delivered,2017-07-18 09:29:10,2017-07-18 09:43:13,2017-07-18 19:19:26,2017-07-25 18:54:02,2017-08-07,cffb34d21948c68fd8b169cd62136960,2017-07-18
c4af0542c4e80ac8948b90a8e681438a,c67a8cad742b0690b21e4f3dd47e5e36,delivered,2018-03-28 07:16:09,2018-03-29 07:07:06,2018-03-29 17:46:43,2018-04-03 01:36:54,2018-04-10,e77f7054adbaaf2a2c70c13752ace48f,2018-03-28
ba18b031056935e90cd1691ae9e6d065,49339eecd8a8cc71ca36ede96a05175b,delivered,2017-05-16 14:47:33,2017-05-16 15:02:13,2017-05-17 10:40:44,2017-05-22 22:32:58,2017-06-07,83a7ace6f095bf0db43421e33d358c17,2017-05-16
d03a0b22ce2d8c97001fb537aa6340b4,18a43505c6a3ac1bab80c3ec5ff3dfba,delivered,2017-04-05 08:53:24,2017-04-07 03:10:40,2017-04-11 11:56:45,2017-04-18 13:27:58,2017-04-28,6a0d737e3c5866199a1a6262521e5a61,2017-04-05
cfeabbe55161aacebc485e4fed2ec234,9aa6c220e3046bb40fb8b625fa1237c5,delivered,2018-03-27 12:41:26,2018-03-27 12:55:21,2018-04-02 17:04:21,2018-04-10 12:17:36,2018-04-20,5b5d41538261f46fcad28cb5c50c416e,2018-03-27
c4dea722964c1f4d4a32417dd68947b2,5c8b211080a8e9360eb536ab712f4993,delivered,2018-01-17 11:26:30,2018-01-18 02:11:32,2018-01-23 22:23:24,2018-02-05 16:57:40,2018-02-21,302512037800a43d583f48e81a790dab,2018-01-17
0b7d200784c21ea7b4f3484da9a4a484,dcff087012e7cf0b21e5aa1e83f12a20,delivered,2017-10-05 21:02:47,2017-10-05 21:15:21,2017-10-06 19:12:30,2017-10-07 14:18:21,2017-10-24,564935b7af878f03c1b137d326c005fd,2017-10-05
b34eea540a919377d376dccd30ce2ac8,f52cd6ef242b7b7a48f5823b7dbb5758,delivered,2017-11-14 18:25:42,2017-11-14 18:35:31,2017-11-23 22:10:31,2017-12-08 00:18:54,2017-12-14,c6f8e1db66045b7e49203b47b5ce816f,2017-11-14
1601df22ba2f78168443e6f729e74868,eba1b8c8550dbb4a9e8d60dc99291454,delivered,2017-08-21 18:36:21,2017-08-21 18:50:19,2017-08-25 19:33:57,2017-08-28 16:20:05,2017-09-06,89905de8a3929a6bf26b2ecdf545351b,2017-08-21
04d73d34ddd1f5ebc0c603615093e2a1,1820fb81da1c085080a3620fc0383f72,delivered,2018-02-23 09:16:00,2018-02-23 09:29:36,2018-02-27 20:22:50,2018-03-09 19:42:47,2018-03-28,af75831d1982e9fd6d6820b4ad41d523,2018-02-23
427a58275f0da4b6f1f58f4df099af34,2c690c890e30218c44b843a82ef614fc,delivered,2017-11-18 21:33:21,2017-11-18 21:46:11,2017-11-23 13:54:45,2017-11-27 16:43:03,2017-12-11,dfa771f810eecd48a9b1101b71577071,2017-11-18
0deba00189593870535a63ad3e6d9ab9,c255713385e828168bbe09b0ef8daac6,delivered,2017-10-30 21:01:41,2017-10-30 22:31:36,2017-10-31 21:59:45,2017-11-17 19:46:38,2017-11-17,9cf7324fd017fe2411c1633eb6cfb38d,2017-10-30
92b025d6e3f58997660214d172a8aacd,cbe980af58b127997844f9bd37f48598,delivered,2017-11-23 12:14:22,2017-11-23 12:29:28,2017-11-24 21:08:59,2017-11-29 17:38:48,2017-12-14,a7572724315b9848d41ad5ea43a529c6,2017-11-23
4405dd1dbfa6260371541a45422c0840,583c04eb909c371a1bb82915e0d57881,delivered,2017-08-27 19:52:34,2017-08-28 19:55:26,2017-08-30 19:42:09,2017-09-01 12:10:15,2017-09-08,afb873280d37423f946c4596fc7489d9,2017-08-27
419cedb4dcae30595f71c28370d1a7dc,5b1d8686db6be9b73f405abac870afef,delivered,2018-07-11 19:44:12,2018-07-11 19:55:20,2018-07-16 07:31:00,2018-07-25 15:46:50,2018-08-06,ec4effcc3fe78b16bd6b9017bf5e258d,2018-07-11
6c241acf57ed5ad34e75d73e49f80f0e,b514422efcf14bef34858a0829bef189,delivered,2017-12-28 04:31:58,2017-12-28 04:47:24,2017-12-28 17:59:29,2018-01-23 22:36:08,2018-01-30,b436a108536c1dabbc1d3e808d782df9,2017-12-28
6a7509b21939697564bb0b5aac2c8187,e6b780bb93376355d570c29b58b07f3f,delivered,2017-11-24 20:30:47,2017-11-25 00:18:54,2017-11-27 12:39:17,2017-12-07 01:42:07,2017-12-15,5416f8ad5bc33953624084ebc8738307,2017-11-24
e32d08364176af6d650ccae2520230c0,5bfeda29575b8208d4413d168af49d02,delivered,2017-10-11 15:13:23,2017-10-14 03:46:42,2017-10-16 21:21:58,2017-10-18 21:44:52,2017-10-31,156f46f75eb73ea44504e0e7e8957217,2017-10-11
0b5de0076d26726a10d457e57b93ff25,ebddcc1c8f109e88a0f971a3c4aacfe6,delivered,2018-06-16 18:04:14,2018-06-16 18:21:10,2018-06-18 18:57:00,2018-06-28 15:24:45,2018-07-05,3b2f809a7f9407e51e9173b4a96d659a,2018-06-16
160e42cafe7b4cd5750459a45e25e307,1b4aa4d4bbcb6406462f503df14847a0,delivered,2017-04-23 20:30:07,2017-04-25 06:35:21,2017-04-25 14:12:08,2017-05-03 13:26:38,2017-05-17,8ed8e1690ff8407ece677c5fadd79f22,2017-04-23
8d4f2bc3695c3c45f37da3245b22a491,4eeb60f8e7ba516b503ea5ed5b1f8642,delivered,2017-09-07 19:13:55,2017-09-07 19:30:11,2017-09-08 19:53:00,2017-09-15 21:57:55,2017-09-28,de9d54251e6daa7a7ed87d40be1c4bbd,2017-09-07
32df6498467c68b5be43197a49d3d14c,9d27866ffbda2d34aa37bf94bd3dc641,delivered,2018-01-26 00:51:03,2018-01-26 00:59:30,2018-01-26 19:19:50,2018-02-05 11:45:20,2018-02-19,86cc04e5bc655593599274e0dd520aa4,2018-01-26
d451da9b109e1786f303924d04ed72a1,203b4eb5d710f7c355f91f14b51e4277,delivered,2017-05-17 17:06:24,2017-05-18 02:32:26,2017-05-18 13:21:47,2017-05-19 14:33:20,2017-06-01,e3e79b00fec0242e78f6d0bc5a17a15f,2017-05-17
e18101fc0fac0b563e1b8b3e99c93deb,e0794148a5ca03766b58cd89b81acb4b,delivered,2018-01-20 18:23:49,2018-01-20 18:31:12,2018-01-24 15:22:34,2018-01-26 17:49:11,2018-02-14,361d347954db0497a7c7772a0e48de75,2018-01-20
480bcd149d31afa20c3bc68c536e5e98,379c3e76fd8e9b835118c773be96ac2c,delivered,2017-04-25 12:34:09,2017-04-25 13:10:13,2017-04-27 13:37:21,2017-05-09 09:23:07,2017-05-23,45bf3782c2b705afcacef32d217e2908,2017-04-25
a2dab3609509cbd5ea851ecd77d6097e,db226443fd1202670a8e85dead125d7f,delivered,2017-08-18 21:05:22,2017-08-18 21:44:16,2017-08-22 14:55:04,2017-09-02 15:49:53,2017-09-20,dac276c0022e57b8a509bf88985f185a,2017-08-18
c895733b4c132c39372f228b48f4ee8c,2f5caf59c8111df78da9b842e756ae88,delivered,2017-11-03 08:48:02,2017-11-04 03:30:32,2017-11-08 19:15:01,2017-11-30 04:58:26,2017-12-06,097c0318a14019eb5fb6de2b84834835,2017-11-03
93aa3771306828f17309cce989a90e5f,d73a7b09f610f81f5c49adb582aeccf6,delivered,2018-03-05 15:32:14,2018-03-05 15:49:36,2018-03-10 00:18:43,2018-05-02 21:42:47,2018-03-26,2947c03745112e23dced5a2ab3f8c568,2018-03-05
f7b3c2de1c7a37fd769278e67f5477d8,ed6a68560003ab03b059e3a7441be692,delivered,2017-05-15 11:32:16,2017-05-16 03:22:46,2017-05-17 11:55:19,2017-05-24 12:07:11,2017-06-02,b06f715187761642359df4eebb484b91,2017-05-15
d8a529e5911526f5848f48c0905166d2,81a788bcab6b11f15c3dce69b69d83fb,delivered,2018-04-06 11:05:47,2018-04-06 11:29:02,2018-04-09 21:46:23,2018-04-11 15:27:51,2018-04-23,bebe92b48cfd151634b42af1cc872d78,2018-04-06
20d048f3efacdd8763fa0ede14313a6d,2a889a766b7eac565df2ccec2c2d5fd3,delivered,2018-04-05 10:05:54,2018-04-05 10:28:53,2018-04-06 22:48:59,2018-04-09 23:12:02,2018-04-19,726ba749c51ab7888f48dcdd9583d971,2018-04-05
cb2932cadedc450a82a49823652f35f9,dea3439a6cd34a2a2642d0740ddae76a,delivered,2018-02-27 19:49:12,2018-03-01 02:50:49,2018-03-01 23:25:00,2018-03-15 12:37:50,2018-03-21,27c037b5700d66d3b1ff947b7293a9b5,2018-02-27
043ba86e4e3f73fe5cb856f225fd8aa4,d622044922797113496050e877560694,delivered,2017-11-24 00:24:00,2017-11-24 10:31:08,2017-11-28 23:25:42,2017-12-28 13:09:00,2017-12-26,85a62642683d10581180c5f2bcc7b145,2017-11-24
c35fad70e651ed7c175cc85284d88d65,f238159a310de7dc70ec186f22d204b0,delivered,2018-03-09 19:11:24,2018-03-13 04:48:01,2018-03-27 23:18:53,2018-03-28 15:48:44,2018-04-06,bfe5c33fdd17de983aebbfc4a87950a4,2018-03-09
d105b386fa5b4aab107c43ba2760f64b,10bb14670e48f06473415ea7433f7143,delivered,2018-06-04 10:38:55,2018-06-04 10:50:54,2018-06-07 13:30:00,2018-06-11 19:21:48,2018-06-28,f47fe7d7281683160c3468c9298eb74c,2018-06-04
69dd3667f61aa14581938cb3ba3e1058,79d0fe336622ba1795f8d172ece03758,delivered,2017-05-14 14:48:11,2017-05-14 14:55:12,2017-05-16 11:36:19,2017-05-18 06:59:38,2017-06-07,a8b8241c0387c05517b99f04ae8c4910,2017-05-14
a84a154c67bdaf74f92aa059d7f84025,73c2e0c2c8637773386d8ef6cd938a43,delivered,2018-07-18 09:53:17,2018-07-18 10:05:20,2018-07-20 14:41:00,2018-07-23 12:54:53,2018-08-06,6f61bea8c9f4a5d1cf85dcdd83cf4c35,2018-07-18
39b18d551e1accb764651ec6d8abd39f,b0cccb80f399ec0c307474e044791654,delivered,2018-04-16 15:07:16,2018-04-16 15:30:50,2018-04-18 17:12:41,2018-04-23 15:52:41,2018-04-27,752ab59899506dd17cc7ca4065a59347,2018-04-16
2610d2bf99596ad39295eda07c7f6b01,1770a1b01f679a013b14e30f222910ed,delivered,2018-01-17 08:48:37,2018-01-17 08:59:21,2018-01-17 21:47:06,2018-01-23 18:43:39,2018-02-07,40880e9c58d916a5a908452615a3c191,2018-01-17
2f3e82f47fffb5e28d966cb7dde890e8,16c373333b2805831b9b08896f408126,delivered,2018-05-15 17:55:22,2018-05-16 02:54:02,2018-05-16 12:44:00,2018-05-21 19:28:48,2018-06-07,5b5a47e4719b0384e4c3c1a0d3773226,2018-05-15
44036c03a555d7f9bb0b727b97f09d6d,15f206410c0905662708a12162a2f52e,delivered,2017-11-15 21:25:38,2017-11-15 21:46:43,2017-11-22 12:28:47,2017-11-29 22:02:49,2017-12-05,da92bfd06f26dbc4aa55d613274bad37,2017-11-15
61472244e66c39a49da3b3ffb3d28f7a,57bf3690ab469dbd660d94f7e072d4a3,delivered,2018-07-22 10:38:18,2018-07-23 11:31:36,2018-07-23 15:00:00,2018-07-31 16:32:39,2018-08-08,e50e53d97c4955e406bbeeb12c53fd90,2018-07-22
28ea88a8bad588a92fdc8933affa2d09,2d9491955f2aaa6964262a95b669b034,delivered,2017-12-11 15:30:13,2017-12-12 03:54:27,2017-12-12 18:44:53,2017-12-18 18:24:51,2017-12-28,60f6e8ce5b18e216ab74cd00567f7934,2017-12-11
e4a15d634030ab198f2c262701ef1a43,2f32a98fe19fbf324593daea7c67fc39,delivered,2017-07-18 10:39:16,2017-07-20 02:15:13,2017-07-21 19:41:26,2017-07-22 12:11:59,2017-07-31,81865792a5df52436b4e759b4ba21412,2017-07-18
99441b33a55fabb1cf8b56dc883a29e9,cf6abcbcfab5116f3123f0310101b7da,delivered,2018-07-26 10:56:20,2018-07-26 21:05:13,2018-07-27 15:54:00,2018-08-02 16:26:44,2018-08-17,f406dbec9982332267dc8fad5dd93fb5,2018-07-26
f0c8f501afe22bb7a23e3721bcc6221c,aca18b64dfc4ffb2db3fe697768b37b2,delivered,2018-01-23 12:22:00,2018-01-23 12:33:26,2018-01-24 22:24:49,2018-02-16 22:12:34,2018-02-16,50b82eb0295bb83fb354bb684d530caf,2018-01-23
a475f984a1a51c9e1f8a76e8a8e8b955,b66b3c9110b9c8bf6d402a76fdbfbc49,delivered,2017-12-29 11:36:45,2017-12-29 11:47:28,2018-01-02 23:38:46,2018-01-05 21:37:30,2018-01-19,98e3117841a2431959d17808f04bf23c,2017-12-29
82df1040816137c724988769a4370203,e6ce271e0434f689d364f931dc448a61,delivered,2017-10-19 21:10:03,2017-10-19 21:28:11,2017-10-20 15:51:31,2017-10-24 20:27:53,2017-11-07,f21056297dc6ed2d0ede07eeb264bedf,2017-10-19
a0f1211e31ceacafc826779466a6d82b,a25cc1f847939083e2562d39a02cf4be,delivered,2018-05-03 11:47:28,2018-05-04 11:51:44,2018-05-04 14:34:00,2018-05-11 02:06:58,2018-06-08,94cf5ed198257bcf58ee59bfb7099bb1,2018-05-03
b01b7777b351f49d79288d7ea2f56ffb,715345015489c916a5622ef164e62fff,delivered,2017-09-20 07:44:21,2017-09-20 07:55:15,2017-09-20 20:52:17,2017-09-21 15:16:48,2017-10-02,7379b57a7a2b9aa2741a1c564138b99a,2017-09-20
c3045d518b2aca558afda924bec62be2,8900bb1e44ca6429bd3cb94995c4d99d,delivered,2017-08-20 20:50:18,2017-08-20 21:05:18,2017-08-21 16:04:13,2017-09-08 20:09:23,2017-09-19,3ad8273c770b9d7defcc1cd5038152c8,2017-08-20
2bd6b3624f76c45ee232f01f7fe6fb7f,ac6495ad2de6a74267e37884b2939608,delivered,2017-05-06 11:40:50,2017-05-06 11:50:17,2017-05-09 18:16:58,2017-05-18 07:35:49,2017-05-31,f65c8b0c2fef64995e11d3620fec61fa,2017-05-06
be5cae366c82f548c9a28b353ab44dd0,0d161cbc6e76ebb664969c45a8ef1862,delivered,2018-06-07 13:40:18,2018-06-07 13:57:39,2018-06-08 15:16:00,2018-06-18 15:08:53,2018-08-06,dec89c5c369cecbc707083a24f1246f6,2018-06-07
2562ccbc8b82dce043c308d63e884370,082bd75ec981a16dbc59f045c923e48d,delivered,2017-10-25 16:52:00,2017-10-26 03:09:46,2017-10-27 18:42:51,2017-11-07 18:24:39,2017-11-17,8b7297a4e0eceafbd20576b774f09809,2017-10-25
28f6e619a89b10d9c70bc35eb43adca1,771599593e37a3e2f6b20cbfd31bf90e,delivered,2018-08-18 21:12:42,2018-08-18 21:29:41,2018-08-21 13:52:00,2018-08-23 15:42:01,2018-09-04,613e666e3bca361445747f748a2980f1,2018-08-18
1ab592bcd5d82491578a95e113886d3c,15ddd9dc07f311ce66b456ca3337c8bc,delivered,2018-03-03 19:47:08,2018-03-03 19:55:27,2018-03-07 23:42:13,2018-03-12 14:08:35,2018-03-21,c5c6a8c6cfd8ec52fbfc483490106186,2018-03-03
21c4eaa80017bdc1e03506f96acd248a,14e3d8019a9d9d2dbb8cade45a30ed97,delivered,2017-10-09 22:26:15,2017-10-11 03:14:41,2017-10-11 22:22:41,2017-10-21 17:13:47,2017-11-08,58f40aaf4f3645948aa9f9b00c10ad46,2017-10-09
fd7bc10be53abc6d0c38867a72503dd9,2dae2913aa62719cae8a623eb8cf2f25,delivered,2018-08-01 13:01:50,2018-08-02 05:30:47,2018-08-06 09:50:00,2018-08-17 17:16:54,2018-08-29,cc759acc27c23ac89d82ea1bb8fea2e9,2018-08-01
ba0f1e99132c6f69e4622597e9853599,4624a495981365fa48c8ac2ce5fc3b3d,canceled,2018-01-24 14:16:15,2018-01-24 15:15:57,2018-01-26 18:32:47,,2018-02-21,b525df1095f360e960ac9f55ac921cd9,2018-01-24
da3b31201f3eb351160956d5aa12deb6,3ab5ae0b0b6c2225b6072807d82fac8f,delivered,2018-07-30 12:45:54,2018-07-30 13:04:43,2018-07-30 14:59:00,2018-07-31 20:06:19,2018-08-02,d75fbaffa53ea95126feec02bd87d8c4,2018-07-30
bd4937d306741b31e9a738f0ad9da78f,bc03dcda353f7288cb3b96f09e3d1c04,delivered,2018-06-08 22:56:48,2018-06-08 23:13:59,2018-06-12 13:45:00,2018-06-19 13:28:46,2018-07-11,589e3598151e35931768b97acbdd381a,2018-06-08
9a0a251a3ac90a0e31fe227f08520cb4,f60343ab919f4c92c6684d9fff0ed1ee,delivered,2018-04-27 13:33:36,2018-04-27 13:53:04,2018-04-30 08:22:00,2018-05-08 22:52:07,2018-05-24,7d301c7cfc8f8c7a4c1d96a7ed83198b,2018-04-27
158a05ea7d6a7268559ca2f97476ee0a,50132e9321ecf2c2c284e87fdedf1f72,delivered,2017-09-14 10:30:22,2017-09-14 10:45:10,2017-09-14 23:49:52,2017-09-25 21:22:25,2017-10-02,2c98316ef32eba5280f5d4cf2a505d0f,2017-09-14
39a70e9e9b729b11dee34ac12478597f,20c678bfce3c8252288f70dd2bee5e51,delivered,2017-08-10 21:26:25,2017-08-10 21:44:13,2017-08-11 19:11:16,2017-08-22 16:45:00,2017-09-12,a59129ed35da4c3e3f2a005b4c6582fc,2017-08-10
ed1a199d7a96763832c8e127a4f7736f,1c506b7ce767bed0b88f0861d9c4be89,delivered,2018-04-07 10:29:32,2018-04-07 10:47:50,2018-04-10 22:52:03,2018-04-11 23:18:34,2018-04-20,d06f602dda48a44152a5c81c6399a731,2018-04-07
93f13382cc5261b3bb59d8f2edc52b73,0de84b359329591444e651ce02ee9ee9,delivered,2017-10-25 07:46:10,2017-10-25 07:56:10,2017-10-27 17:15:46,2017-11-01 15:26:59,2017-11-14,e1c7d3ab85926345afd5a30b83a4c4ca,2017-10-25
fe9ee959acb4aa3fd81440e75ccbe0cf,1cd692deef2d7185f844c03f3f29599f,delivered,2018-06-01 07:29:26,2018-06-01 08:22:46,2018-06-04 13:10:00,2018-06-08 17:42:24,2018-07-11,f2a9551380c53ba8f5950fe1534b37a5,2018-06-01
83b11638ea5fdb78656168614f8afdf2,b511725689f49bbfdf34541b28780926,delivered,2017-12-10 20:28:09,2017-12-10 20:35:22,2017-12-12 18:36:51,2017-12-23 17:18:48,2018-01-04,5ce16898c9bd69dd391793100328af1a,2017-12-10
f5e82fd73a7ac75d9b2d34bcde06ed08,0cc5af9c8d63b5f7db48aa4e0085d256,delivered,2018-03-08 16:13:50,2018-03-08 16:55:48,2018-03-15 23:28:41,2018-03-19 14:27:38,2018-03-21,d0a3f3bf639616bfd2f9e851fdcbb9b0,2018-03-08
cc9c27c90afa88462b4d852d81b367fc,1d24d360e58d87eeccd278bc19057948,delivered,2018-01-28 15:09:08,2018-01-28 15:21:28,2018-01-29 23:51:34,2018-02-02 21:17:09,2018-02-26,2b4efa2bb0d9e62ee5e197cacd93c0d6,2018-01-28
da36e5a5930096aac1b8900a3c4cfe33,adb85ff55e0f765c156f8738957050d1,delivered,2018-01-31 08:22:31,2018-02-01 03:12:08,2018-02-03 00:57:28,2018-02-09 01:33:20,2018-02-16,6c3149b464ba67c6ce241be6d89c9a75,2018-01-31
9f7b080a95ae234fcd5614181167f158,1d27c6ba146cd92a1831a57346065da5,delivered,2018-02-18 11:06:13,2018-02-18 12:07:36,2018-02-19 17:22:13,2018-02-26 21:57:01,2018-03-12,297f504a3bba9cd7996090871abdca70,2018-02-18
6ddfbf514959b49b6410c01ad93054bb,48c4bc0a9a1ef619c41c102912dbf1a0,delivered,2017-11-23 15:10:22,2017-11-25 15:10:57,2017-11-28 23:33:02,2017-12-20 22:58:14,2017-12-22,aa4e2575d36a7b89546ca2e4087e9396,2017-11-23
5b46b8a8da766ab67735748a7d1542dd,a53a6b671ec4fc6c55839c50bfcaf3b5,delivered,2018-08-10 16:55:22,2018-08-10 17:05:17,2018-08-13 14:24:00,2018-08-17 16:47:41,2018-08-29,6fa30a5917169e7d5b000cc166bfb8ca,2018-08-10
1f6cad97a0aa4e6f24ed24bcbf098a98,29897a8ad8b964a9103acfcd3a0b9372,delivered,2018-03-18 18:33:13,2018-03-18 18:47:41,2018-03-19 19:21:07,2018-03-27 21:17:26,2018-04-09,131ea4c375e64ad9475841e548c9cbab,2018-03-18
6cc1d2351291e69abe5a9ff91fcdd59f,707bf1f260715b8dab6999a5b3cbfb79,delivered,2018-04-11 19:20:07,2018-04-11 19:35:12,2018-04-16 17:32:07,2018-04-24 00:31:58,2018-05-09,d042297c060b9e153d38a78fb0273f50,2018-04-11
e70aa4ace2e2d3140d4b09564030f5b9,722241da9dd0e3308f36d45e69d28de3,delivered,2018-08-01 21:56:59,2018-08-01 22:10:12,2018-08-10 16:57:00,2018-08-13 16:27:45,2018-08-08,a84784bb897aa066e5ab29eddb7f1937,2018-08-01
3e83b4493a5781b84799b5516cb2667c,5b0c03df2a65f352813ff379d575b42b,delivered,2017-09-15 09:07:56,2017-09-15 09:25:16,2017-09-20 19:18:18,2017-09-26 20:57:43,2017-10-05,2fb7fd7d24ff3f368476c4c14d77ce5f,2017-09-15
79d2ece798690d902556990b5c617be8,db7822800b949810547673c25902bca7,delivered,2018-01-28 18:55:36,2018-01-30 04:31:15,2018-01-30 16:22:52,2018-02-05 23:33:43,2018-02-26,0ae747093ba6baeb22671a70bf87481f,2018-01-28
6f51907687d51529d5d0a147cf761f0c,db2cd76dfa613aae8ec025a8bda2b3e3,delivered,2018-04-17 08:45:43,2018-04-17 08:55:36,2018-04-24 00:42:12,2018-04-27 18:07:52,2018-05-09,77bd6a038c46d39d2cf808891fd1bf21,2018-04-17
c4250307d08bb97eee63ea4bf7565329,0c851ae2a8765037fce6c6482ce93c8b,delivered,2017-11-27 14:20:47,2017-11-28 03:39:44,2017-11-29 14:19:03,2018-01-04 00:17:11,2018-01-12,9ebed8d67f69d67295c405cce49e6fa4,2017-11-27
d177b1b7ac6d0284008b2f610e461e54,2a4d574e68f62d469284d2b313fa5cdb,delivered,2018-01-18 12:24:35,2018-01-19 02:36:49,2018-01-19 21:19:05,2018-01-22 18:15:07,2018-02-02,4f2530392499792260517247376f3561,2018-01-18
a19b7b1cfd5954c32d0c1cf396c9c951,867ed182e8e455802fd97dc444f8d88d,delivered,2018-04-24 14:25:13,2018-04-24 18:05:54,2018-04-25 11:06:00,2018-05-04 16:14:54,2018-05-17,9befe194ad5613c5069dc00074620e8e,2018-04-24
ec4dd77cb91b7689d123349c0e06f121,0535ae315864cfff5c19849a12720b7f,delivered,2018-02-05 08:19:45,2018-02-05 08:35:22,2018-02-06 21:21:45,2018-02-20 17:48:38,2018-03-05,76874eb4fca88317a82e68534d250268,2018-02-05
5abf37ab57e23f69a9c8ab98c4800273,19a045432879d6ddb4fd5611a0e2ba5b,canceled,2018-01-28 00:25:15,2018-01-28 00:36:35,2018-02-01 20:07:57,,2018-02-20,6472bdcbf7c12cef720eb284dbb68048,2018-01-28
3b3d9117cf5f394da380582b1c3a46f9,7c84df634f2eb14bf9149dcc122a0ca9,delivered,2017-11-24 00:47:25,2017-11-24 01:14:24,2017-11-24 21:07:54,2017-12-04 18:19:03,2017-12-15,25df90c0c58c4784d838efbd78d6a3ae,2017-11-24
ce57e26ac36a4383eded595d2e878000,648d3b4bd99e24a4572a85c71c39f681,delivered,2017-11-24 12:10:06,2017-11-25 05:10:57,2017-11-27 16:09:15,2017-12-02 00:22:41,2017-12-14,025e14cd691e409911edc1cc255115a7,2017-11-24
36f03c686bcee7c593f6227fb80b7109,f6e8c30f4b6a4708456c8a47279a22cd,delivered,2017-04-07 19:33:15,2017-04-07 19:45:11,2017-04-25 16:35:08,2017-05-12 12:13:00,2017-05-09,0545ab6349de18e6a015b68c6eb2a377,2017-04-07
e6b945a54e2461068b09cdc3d465304d,0adbffeeef81b01449777e0ac65623bc,delivered,2018-05-08 22:49:39,2018-05-08 23:11:41,2018-05-30 13:57:00,2018-06-06 22:11:16,2018-06-25,622be3abf5853ebb483f789b34b08d1b,2018-05-08
b653d11a2d36e5f0ef423e03e28e7682,e9c74734e04f65160a26264b5524a3dc,delivered,2018-08-02 19:54:25,2018-08-04 04:23:58,2018-08-06 13:30:00,2018-08-09 20:28:23,2018-08-17,9044c1fa9dd82b9792f6d2faf209c131,2018-08-02
4072620bfe789dfeb38ae264e8e7fb35,9478ebf211e29b9ca87768444aaff35b,delivered,2017-07-11 21:01:13,2017-07-11 21:43:49,2017-07-18 12:15:59,2017-07-20 18:17:52,2017-07-31,7532e140fc9aabdcc201730b87f2cf55,2017-07-11
897ef7424df8edd3139511b631ae8e94,d7109f11469a12c911531a1d40e078ed,delivered,2017-09-14 09:51:02,2017-09-16 02:55:45,2017-09-18 18:42:10,2017-09-26 17:05:39,2017-10-13,c47b58b984cd3238a7ce406515b2467a,2017-09-14
fa643944a0153ff767c0df7baeedb902,e9e1962df1b6d60d3b3046c0116df408,delivered,2017-08-17 11:57:03,2017-08-17 12:25:10,2017-08-18 17:03:43,2017-08-24 19:51:43,2017-08-30,4379e59d6acf10f68437ad6976034380,2017-08-17
bdbb8c171bf0fe78ba7607be04099506,2054ad4414cf4a7a70e5e33150efaa38,delivered,2017-03-02 22:09:37,2017-03-02 22:22:14,2017-03-03 14:05:34,2017-03-15 15:48:07,2017-03-24,b71c5db5eb2532fbc1c88f8991dcf45d,2017-03-02
92ef3140d9d92187a04b1bd643f32dc1,35852763df46e976c158536d6b99b982,delivered,2017-08-28 15:30:28,2017-08-28 15:45:40,2017-08-29 22:33:44,2017-08-30 17:13:56,2017-09-08,b7d8524e14913b79fe082a5fc2efffd7,2017-08-28
256aeafecb4d20915af4655d87085173,ff68e8842edcab65d1f8de4dfe4236ed,delivered,2018-07-06 23:38:02,2018-07-07 10:15:17,2018-07-09 15:12:00,2018-07-12 19:48:30,2018-07-25,f3a5ef0810576a742eccd0c933c8112e,2018-07-06
033e33708df28579692a3d19492c6553,7d46ad28611679afbffbce56cfd2457b,delivered,2017-12-11 14:23:38,2017-12-11 15:32:12,2017-12-11 23:18:35,2017-12-18 20:19:07,2018-01-05,b3eada830eb86f5a77d55718162cd13c,2017-12-11
0897cfdc3612d0942f33b22a3dd9cd8c,3de54af5bcf3d0ec23cb153a187c9f3a,delivered,2018-07-13 22:05:44,2018-07-13 22:15:14,2018-07-16 10:53:00,2018-07-24 20:14:48,2018-08-02,513c65ee62da825036ba50177279b68d,2018-07-13
4e8d00122c326964c257d9018bace447,05a76b868de36a1723b93d8879251186,delivered,2018-05-12 20:03:47,2018-05-12 20:35:46,2018-05-15 07:03:00,2018-05-17 18:49:48,2018-05-23,4c73e2072f84a2741e75bfbedb59d20c,2018-05-12
20488170c0793bc73f2b06d5b5457729,c33e83f45c633a4da0cefaf88bfc46e9,delivered,2018-05-17 16:59:40,2018-05-18 01:56:59,2018-05-21 11:58:00,2018-05-24 22:07:41,2018-06-05,b3fc17304e79650b12ef436bf5e7e133,2018-05-17
88aa3c3fb095aabfed68ad9cfe82c151,7ae76f3a7ec39dfacbc944e1aea6fdd3,delivered,2018-03-27 18:06:07,2018-03-27 18:15:19,2018-03-29 01:04:04,2018-04-13 21:41:42,2018-04-09,5d5b80c31f832f14aae3b29763e803ca,2018-03-27
2d69f30fc9b478ec8ed398d396218886,c238e28ef2f7743e9224d4a7db9b9d3c,delivered,2018-05-14 12:38:18,2018-05-14 12:52:43,2018-05-15 14:41:00,2018-05-16 18:35:47,2018-05-24,f34e5ee5a39e7b9f7424e31919f4e1d1,2018-05-14
d3f5bfffaeea59a28e11e01a94a25fdf,2228ef28a177714112d1537f8b825301,delivered,2018-05-02 20:22:02,2018-05-02 20:53:42,2018-05-04 15:17:00,2018-05-09 20:03:43,2018-05-22,0d316f0f0b685b8c16f12cb3a30e4c0d,2018-05-02
755cf67137ab32121faf4035cc4e97d0,4f68a907849fd57a95e09496b2373da3,delivered,2017-06-15 07:53:54,2017-06-17 03:48:55,2017-06-19 19:59:20,2017-06-21 16:51:57,2017-07-04,9a9ff4926829d34be58da4036239f095,2017-06-15
ed3c1f5d71f3d6ca31d19d9393eb950d,7ae4bb636de942d65a6f182cafb0b857,delivered,2017-07-18 16:52:16,2017-07-18 17:05:09,2017-07-19 17:39:50,2017-07-20 23:12:18,2017-08-02,98a50bee84861e9791db5d436b08babb,2017-07-18
9ac3e0dd6aeb10079e605b2e0f1cd7de,020c87503e1eeb262f17c9e7c0b556b5,delivered,2018-08-12 00:13:50,2018-08-12 00:25:12,2018-08-20 12:31:00,2018-08-24 15:16:37,2018-09-06,541605c030a175016e7f070836946584,2018-08-12
64efffeec4731f7a196d327531aa95a3,bb899c1c0f8263080ff9d6254c64cc94,delivered,2017-05-06 16:14:10,2017-05-06 16:25:14,2017-05-09 08:08:46,2017-05-24 10:04:59,2017-06-06,671154fc1f75d4545783ec12d8497ce1,2017-05-06
c66e28952e51a57ff70ac6b6d5a4d30c,14a4422e890f96a180784c552d7bab5e,delivered,2017-06-03 20:30:21,2017-06-03 22:25:12,2017-06-05 11:06:56,2017-06-13 16:23:14,2017-06-30,041d8c4146c8cd3589311dd7d1ad3497,2017-06-03
2cdb36d9bc19f7932741062731fa9371,b6783ebcec6ba698f8d70ee5be3dba5c,delivered,2018-03-26 18:12:36,2018-03-28 02:50:22,2018-03-29 22:03:44,2018-04-18 17:08:29,2018-04-12,9d76b296f0e28b469bdbf08b32aaed94,2018-03-26
c468889241b5b0b1e079f4ef8ff2b86a,7a4fbe21b63f57e0e6f3df6cf0d63f84,delivered,2017-12-26 09:40:09,2017-12-26 09:48:44,2017-12-26 20:28:52,2018-01-03 16:34:26,2018-01-26,a1b195f029dfa7cea8b3f1825c4c771d,2017-12-26
8f69c5872bca5b495397ff0a5d681219,4c9c41a8c1965305e2e1978666bd6d09,delivered,2018-04-26 14:55:21,2018-04-26 15:11:16,2018-04-27 13:19:00,2018-04-30 15:22:08,2018-05-10,801b53359d2880a9bff63574103fb74c,2018-04-26
8c732378425fb2cff245875c583e5940,3b88328d97cf71ef65260850f89afb08,delivered,2017-11-03 21:56:38,2017-11-03 22:31:29,2017-11-09 15:39:23,2017-11-17 12:14:38,2017-11-30,2ee77d43be5a64c61343323bd5b1ce16,2017-11-03
9100fae7ed5a8787b6d4a9e50ffbf273,e2953f49e59522116ba3dcc05f65f2c4,delivered,2017-07-17 06:44:18,2017-07-17 06:55:20,2017-07-18 18:56:52,2017-07-25 21:59:46,2017-08-04,f3d176999f9c1273045f770712608944,2017-07-17
83b168c70ec0325445963b36cda1eef3,2dd3795ab63cdf3a8a43473456101b25,delivered,2018-04-21 23:25:36,2018-04-24 18:59:21,2018-04-23 21:11:20,2018-04-28 13:44:42,2018-05-18,5b49c1da69382cdfaacbbfb849603a99,2018-04-21
a8a70200cb729aed9b87cf7a11c814ae,9aeb9ff1edd568a9d4f18a7e31c872c8,delivered,2017-10-20 17:20:32,2017-10-20 17:35:11,2017-10-23 16:43:20,2017-10-25 16:12:57,2017-11-09,45c30049d2e437e74c58ee897800fb2d,2017-10-20
c1d16d2238787555fb7bed98f8fbd99d,f5e7020383fc2140c6ecc783105bd4b3,delivered,2018-05-29 15:51:38,2018-05-30 02:32:16,2018-05-30 11:04:00,2018-06-04 17:38:26,2018-06-29,24de1953475c421e67f32f582c307f87,2018-05-29
72378705715d65c4c66b78effc08aae8,96362ab13c5a9ef8d09e4b439e8cb416,delivered,2018-03-15 10:39:49,2018-03-17 02:50:49,2018-03-19 13:55:41,2018-03-28 18:21:17,2018-04-13,2a6fa2d06c29f25077fe074269eeeda7,2018-03-15
aa5b3183bf6d537dc1685ea84df0aed6,d8dd1f88f7fd02a5009a383f57e48006,delivered,2018-04-11 15:07:44,2018-04-13 02:15:43,2018-04-13 19:39:02,2018-04-19 18:01:47,2018-05-15,4292cc10719dbfddfba7d84653d2ac7a,2018-04-11
8bd34a173d34d6aa86d5e4a0627f7b97,8ef6bba5213cf13e716b0e72657c7118,delivered,2017-07-26 16:02:36,2017-07-26 16:15:25,2017-07-28 13:27:46,2017-08-04 20:25:47,2017-08-15,55ac08310d6f70c69f92a78367dd8ff0,2017-07-26
108f4fb029e55a72b96fac9b9f489c1e,0a9c7afd18d81b7b1c18257cb9888fee,delivered,2018-04-29 11:34:53,2018-04-29 11:52:08,2018-04-30 13:11:00,2018-05-03 20:58:56,2018-05-14,bd44a184a9cbeee5b8f0c50c36e1543e,2018-04-29
b28d5be82c0088c66d57a28686db4e39,e2f6148811e74952ae6014df0032018f,delivered,2018-01-31 14:00:34,2018-01-31 14:15:20,2018-02-02 00:22:55,2018-02-15 23:48:22,2018-02-23,1e05761e47e6a4968ac2ee128b0d42a4,2018-01-31
197206acc133317e6322eaab5f8e6937,322a4545615d86184e5fc82a9f03486c,delivered,2017-08-05 16:50:38,2017-08-05 17:04:09,2017-08-07 20:39:30,2017-08-20 14:07:53,2017-09-11,e9301a032e5cd5ec4e18fc957b764e19,2017-08-05
4cb385f74038f0750930b7baa3aaa3fc,5127ea0ef8fa50726cca353b637500e6,delivered,2018-08-15 18:21:14,2018-08-15 18:35:13,2018-08-16 14:07:00,2018-08-24 15:48:54,2018-09-06,c802e3b895363f40d8e59d220b03258c,2018-08-15
151dd2f1d99d17f6c210997e09d67506,9b44dad6f8b4374f3635844250e12cc5,delivered,2018-02-10 23:02:06,2018-02-11 00:15:27,2018-02-15 21:33:10,2018-02-25 11:52:38,2018-03-07,8748bfe42a49ec1d8ed9108d0ad0a2a1,2018-02-10
aa99d4d374a4defa38916e38322b1749,e98243b9c86d2b1f80a9186caa633023,delivered,2018-01-17 10:21:20,2018-01-17 10:31:22,2018-01-23 22:42:04,2018-02-10 00:08:34,2018-02-16,81f08296bfd8ca38b50fc96163880b03,2018-01-17
265ce9ee4cd51d2ebe4933dd49490f64,324fbcb28c091fcd80fd3d135a898012,delivered,2017-06-27 10:59:32,2017-06-27 11:55:29,2017-07-03 13:08:28,2017-07-10 19:46:08,2017-07-19,67b8674f8fbe7b586bd19331daba59e6,2017-06-27
a235dd3be106ba5b2ea4610274402898,ff276f0cb2bfdd357bd5c9f717921b29,delivered,2017-11-03 18:34:16,2017-11-03 19:30:40,2017-11-06 20:51:42,2017-11-09 17:48:47,2017-11-16,c7fb8ec1ea35af7e89f989b6e17e2bd8,2017-11-03
beca5b5e9460824d84352c01cb89b421,18c39fea8fbb5612f4e5b8bbecf60d5b,delivered,2018-01-30 11:03:14,2018-01-30 11:15:52,2018-02-05 15:44:53,2018-02-21 17:53:31,2018-03-13,aa28df52f6f4d313847d126b4db11717,2018-01-30
a788947482c8920713e5a3b4294559c2,eb163310f04fd3ff8bc51057d9664994,delivered,2018-05-17 14:20:08,2018-05-17 22:30:40,2018-05-18 14:09:00,2018-06-09 04:47:36,2018-06-07,f465cc2efebd5bca70d5043f14a89837,2018-05-17
13f13b57aacaec347d9d8f974528cf62,8a18c4c88b1fdab8df6d2b5af90694b9,delivered,2018-07-24 10:50:46,2018-07-25 02:45:09,2018-07-25 14:21:00,2018-07-30 15:27:42,2018-08-16,664a249a9c711041a0357f005a20dca3,2018-07-24
62019f35fab0f9f60e1f25a8b17de426,9b5f918a0c218ab567798a49c4b604e8,delivered,2018-08-21 21:32:17,2018-08-21 21:45:09,2018-08-22 15:10:00,2018-08-28 19:51:48,2018-08-31,e818c8b2e6e424d2ea096f4da494dd4f,2018-08-21
cee43113ca0a71b50e899098ec4c5911,31819535fe8ef8d723716672b3abb4de,delivered,2018-04-07 18:22:27,2018-04-07 18:30:19,2018-04-13 21:48:55,2018-04-17 18:49:42,2018-04-19,02e9827c15167f699df7bf90d326ffdb,2018-04-07
a0f78194e157b1cd941207bc438c3af6,fc5897047dfcc11a5343e1d8eb25257d,delivered,2018-02-19 14:38:58,2018-02-21 06:10:27,2018-02-23 23:04:19,2018-04-04 17:11:18,2018-03-20,4f3172824426870b6b0440cac764fda9,2018-02-19
4b13014a5302b496d85822e47906556c,436dfa90e6b1c6ec640492f4b7a39ffe,delivered,2018-05-20 18:46:16,2018-05-20 19:10:28,2018-05-23 14:37:00,2018-06-08 15:56:43,2018-06-13,661cb49d3e85d45012f4d977b577e72f,2018-05-20
c43065765ea0096d728066fe48cc6249,988cb082e8a1d1668921753b1335d828,delivered,2017-08-06 17:49:08,2017-08-06 18:05:26,2017-08-07 22:09:29,2017-08-16 17:06:21,2017-09-11,8614537cb1ae9509c1cfb9e823eaa20a,2017-08-06
7e37205095a33d75e22174f95e4d0ddd,0cfaa39c9decea286fe63edb1cf51507,delivered,2017-07-14 15:24:39,2017-07-14 15:35:13,2017-07-18 20:12:24,2017-07-26 10:05:05,2017-08-03,a95d231f95b332299c4134d1da77ffdb,2017-07-14
8b17d9b0ca1fcef1952990014a1e099f,60d3d696d3ad1aa3bc4e6727abea6824,delivered,2017-10-03 12:57:30,2017-10-05 02:49:16,2017-10-09 21:36:00,2017-10-18 20:11:51,2017-11-01,bbfbf00ca35317821c1d773e7509c4d1,2017-10-03
9843b547a4604774985b674a0876c87b,a4e810cf60c264b677fd0f5739af70d2,delivered,2017-03-23 14:28:37,2017-03-23 14:28:37,2017-03-24 07:56:40,2017-04-04 13:57:18,2017-05-03,24426f9de8e823284c971fb030940901,2017-03-23
7547e3b174d5790cf512240bf8a99bf2,5f413498abb3c1c25c379320bb68c342,delivered,2017-11-18 10:10:39,2017-11-18 10:27:04,2017-11-22 00:09:38,2017-11-23 16:58:54,2017-12-01,22438aa7e1fc712081f9a61b53a01757,2017-11-18
6f7bb8ed3fa820411a624a11677ddd9c,1d7e831db788682b2ed3a961e3c3ca8d,delivered,2018-02-02 18:30:42,2018-02-02 19:31:18,2018-02-07 22:27:47,2018-02-22 22:08:08,2018-03-05,6995e78c2a2a7c37ca2273b236dfedce,2018-02-02
b94cb06da9bf9f6f9b4324b294666f4d,d7be0f1f564375075f24872f6355b336,delivered,2018-01-26 10:23:43,2018-01-27 02:41:28,2018-01-29 23:18:56,2018-02-07 23:04:40,2018-02-22,afa68da29b9789dd7137d5ff8d7b66cf,2018-01-26
a9f2178e0d196086f0124a23965d79f5,2484d57a9c4669c2db7c83d94b427c5d,delivered,2017-09-01 17:50:46,2017-09-01 22:31:29,2017-09-05 20:22:46,2017-09-12 18:27:47,2017-09-27,b705ab2eacd1109f8c38ecdc7a3830f3,2017-09-01
87ce6f9094188f36623b250901635869,6eb8d127e41e5d1de3049a6bc7bd912e,delivered,2018-08-27 14:54:22,2018-08-28 04:04:01,2018-08-28 14:39:00,2018-08-29 14:54:46,2018-08-31,149408087e7c2a2c349f11a171b53dba,2018-08-27
601316c0f92a0da733702a7b89304189,07f96b6867d9a170014744b286362436,delivered,2018-08-06 01:53:32,2018-08-06 02:05:10,2018-08-08 13:52:00,2018-08-13 15:48:36,2018-08-29,0fb8f35586a814c879899f53c98b442a,2018-08-06
65f2ded7b4a33849b967662492370923,a4b8d55efb639d9fa404ab1fbb1b722b,delivered,2018-03-21 12:17:32,2018-03-21 12:27:57,2018-03-22 17:32:41,2018-04-03 21:22:34,2018-04-11,c07b3995533b3acef9b3a7e9353163ee,2018-03-21
eabc20c259ef6e04089307feb92aa0fb,65e65a6d8fd1db7166ba4811d3c5457c,delivered,2018-07-05 21:39:13,2018-07-06 21:30:54,2018-07-10 14:49:00,2018-07-12 15:34:37,2018-07-24,24bae4e0f7e3daa49147b006d8f96af7,2018-07-05
e0be013981866fa58c41c93cab57594a,ac2c4889c5a253bb3cd48204cf7c93ee,delivered,2018-03-01 16:36:58,2018-03-01 16:50:26,2018-03-08 02:16:44,2018-04-10 17:29:54,2018-03-22,0969ecf623dcc79ba129e88b63317740,2018-03-01
048741d7885a7fded1de887eb956fff3,66f367ff21d8f67aa80a9cf3301fa4ca,delivered,2018-06-13 17:00:48,2018-06-13 17:20:44,2018-06-15 14:58:00,2018-06-20 17:37:30,2018-07-03,9607ace378224a18045abf5fa2d67134,2018-06-13
5a12e0695f758c08f1fa74925c3dc4dd,790de1ff689b80e2cbd3b7dd5e8730f4,delivered,2018-02-11 16:46:17,2018-02-11 16:56:08,2018-02-14 20:33:20,2018-02-27 22:16:34,2018-03-12,342d33f4572a24efde0ebcb8caa34e8d,2018-02-11
9f0a75259f61f692aadf8400a97e46a7,de70193bb084d0d3b180fe80e3aab2c1,delivered,2017-10-09 18:53:48,2017-10-09 19:14:25,2017-10-11 11:34:07,2017-10-16 16:17:55,2017-10-20,5772902eccfd3f76ba756f24b6e17914,2017-10-09
8df3b9ee87391ad43854a0ea83da2b93,c142a0c1cafdbc0cdd3a2f017aed7b27,delivered,2018-05-11 17:50:29,2018-05-11 18:16:40,2018-05-14 09:04:00,2018-05-19 20:42:39,2018-05-29,def968e4b11de940e3b4eaef72bf290e,2018-05-11
92af4923fa117b98bd7f151cead10c13,2ee68130c950ca450a8f1d6983b90de6,delivered,2017-11-18 15:38:54,2017-11-18 15:50:31,2017-11-20 12:18:55,2017-11-23 22:58:46,2017-12-07,ca3f34ae772b5c96dfc03bee5e10c6b3,2017-11-18
ad36f179defc59af185b045c6e700ada,dd5e48c0ef4682875574ee7b9c6c2f81,delivered,2018-03-17 18:15:46,2018-03-17 18:28:33,2018-03-19 19:52:50,2018-04-02 22:31:11,2018-04-10,68f909b9de5801aa52b53d8ae352ba0b,2018-03-17
b34456bfbeeab3b57566ff099173e885,c7f1bd63e0681d50969d7f0eeb4b6dc4,delivered,2018-02-12 12:48:55,2018-02-12 13:08:10,2018-02-15 19:56:33,2018-02-27 16:33:09,2018-03-21,fe5c588a028e60c1314aabf77d04ee24,2018-02-12
5226003c0580585a8fe4e9b6d2935c2a,1dbf434ac2c0271c0a5222be25c8fe62,delivered,2017-07-19 10:28:38,2017-07-21 02:45:08,2017-07-24 17:45:50,2017-08-08 18:23:52,2017-08-14,a98127f5902b8118fd702de874f1287c,2017-07-19
d19e65e88e48b013c91b0e77c852d06e,186225e3a0cbe611c2f5a992977ea60d,delivered,2018-06-08 16:40:18,2018-06-08 19:31:01,2018-06-08 15:31:00,2018-06-23 18:28:47,2018-07-18,5c2a86ff1847474432466ffdd1ee72ac,2018-06-08
26ef05ca1105e34d67dfaccab65e1100,8cb1af3bd886d07afd941b6dd5a73c95,delivered,2017-03-21 20:55:05,2017-03-21 20:55:05,2017-03-23 16:00:01,2017-03-29 08:22:18,2017-04-07,41dbbade44497ba4b3f61356a5acc949,2017-03-21
b8d94c2eac635cfb72f45c947793d1e0,2acd2f4e868c1f1c06d7c3b68e687489,delivered,2018-08-18 16:43:27,2018-08-18 16:55:29,2018-08-20 13:55:00,2018-08-28 18:58:26,2018-08-30,38dc6bac2ab46dd484d3548b84d91956,2018-08-18
e46fb51d8715ef0a91c9e18e9d6f2470,938c90091f4f87dcd079af568de52375,delivered,2018-04-05 21:33:03,2018-04-05 21:49:08,2018-04-06 23:32:46,2018-04-20 23:08:50,2018-05-07,1b87dfc6e656fb041251bb5d271ca9a2,2018-04-05
5b3a827693de8853bedacce89b3cc8cd,87ee77b8ae3545576881cd6327ba641a,delivered,2017-05-22 15:17:24,2017-05-22 15:25:20,2017-05-22 16:36:02,2017-06-01 14:11:03,2017-06-13,d47283d16b3a0e7f303f7f6119b23fad,2017-05-22
8dde8a7517f12da7ac022d2feac7db9a,0c494e7b47af78f1d766a4f5548f0c08,delivered,2017-10-05 07:35:06,2017-10-05 07:49:18,2017-10-06 12:57:46,2017-10-14 15:18:57,2017-10-31,49f8ff167da44aef10c1aff88b5c1f21,2017-10-05
b325a4afad33f2c09ba50df161457bdc,517eeef342ebffcc00ee0fa2fed5f6ef,delivered,2018-03-25 18:27:38,2018-03-25 18:48:00,2018-03-26 18:14:57,2018-03-27 21:32:43,2018-04-06,2a34af7c4b1b83d78b14cf6b9c32c3b9,2018-03-25
54e988b8e764a9967caeacfd27f8942b,0617ee0875e1a3b497bc892d82e38ad0,delivered,2017-11-16 22:18:50,2017-11-16 22:36:40,2017-11-17 20:03:53,2017-11-24 20:34:38,2017-12-08,8fd542b72ec7b58755ebf2b8cd900da2,2017-11-16
ab4b599b4beedfa0477ae471de03ffa0,ec84a4abc8b1a0923ac19c6f28b85388,delivered,2017-06-22 17:45:24,2017-06-22 17:55:11,2017-06-29 17:43:03,2017-07-10 17:23:19,2017-08-03,fd9b3e2e8a77de13dff5efbd4af4412f,2017-06-22
953ee7496af2a4597b4a05df5ab44c1c,ae4f641ff7e13a5123a1ad793a18c040,delivered,2018-05-15 10:17:03,2018-05-16 10:15:32,2018-05-16 12:23:00,2018-05-17 16:53:40,2018-05-24,e619ed52c7b30be9d83d970795c630a0,2018-05-15
961b05ccde2a3c54534ec4a8cdca598f,947f6c194bfea2456cd57d447a64f2d0,delivered,2017-04-09 11:20:27,2017-04-10 11:25:14,2017-04-12 14:06:37,2017-05-04 14:48:17,2017-05-04,0a7fc8f27d78b5c59cab0068250717cc,2017-04-09
e696067860c4351d739a8fbf197d30b7,6e48d6ed38d6d0769ba557106d3a6fbe,delivered,2018-06-13 14:46:59,2018-06-13 15:24:18,2018-06-14 15:08:00,2018-06-20 13:54:22,2018-07-17,8af3bf05a1bed6b602640e3af01305c9,2018-06-13
2701d162dabcb83a27f19ae30e8fea47,25bb25c747ecbfb534372b672a0e859b,canceled,2017-03-12 21:28:55,2017-03-12 21:28:55,,,2017-04-18,43b7231618d64561df2c15a78fd41dec,2017-03-12
a4c94baa526c2e39251e807cda61c524,0c624662dad9870159b81a817fd1f147,delivered,2017-11-24 17:31:37,2017-11-24 20:57:31,2017-12-07 22:37:53,2017-12-13 17:43:56,2017-12-22,7afecfba25309e87edb8cc95d6bdca75,2017-11-24
ee789d8c9f580179177f5445b0e92a1f,b53d492bd12be0c61763877147a919ed,delivered,2018-04-29 21:03:17,2018-04-29 21:15:15,2018-04-30 15:09:00,2018-05-03 18:55:25,2018-05-14,99abce227f20bc33f1e1b601b2b03ea4,2018-04-29
5f01dcad71ad545ba83a3bd4df58d6a1,8399720f623af70e646594b6364ebd7b,delivered,2017-08-12 15:29:22,2017-08-12 15:46:17,2017-08-15 19:13:43,2017-08-21 11:05:59,2017-09-01,992acdbb71f204e17d280a9591c97716,2017-08-12
77e0e2f3250d4f0ce9ec0e9b5c151355,16d73e261aea495e0711671d3d20c1d9,delivered,2018-03-04 20:30:49,2018-03-04 20:48:46,2018-03-05 18:39:08,2018-03-16 17:56:44,2018-04-04,75d7b3d3c1f82d817e112d37932e6ced,2018-03-04
16ee19fe4df0a090015e2fa16f3bf3e0,c9ecc0e06e2ac8485acc3a539d0ae727,delivered,2018-04-23 10:13:38,2018-04-24 18:39:58,2018-04-24 18:34:54,2018-05-02 19:33:37,2018-05-22,990bdb18726e889e74b7bb975c831c83,2018-04-23
90f6254d7d1be81c8b501dec6668d86a,436ec82d0ad7e72aaa76582eecc47ad5,delivered,2017-11-08 23:28:18,2017-11-09 00:31:18,2017-11-09 21:14:31,2017-11-13 20:54:39,2017-11-30,29b36e8709db24db3e302e60a2245a1c,2017-11-08
2074522aabccf07984a2e77f7219ece5,c6a15026437250fd96680f784d665e01,delivered,2018-08-11 18:40:05,2018-08-11 18:50:19,2018-08-13 14:07:00,2018-08-17 21:48:29,2018-08-23,1427d43f0ca16b9d318d4bc18dd1a1b0,2018-08-11
30f6b446907427d28df6c87fe5ef5947,1f2b38551248a3c7774f35b71e016ebe,delivered,2018-08-19 15:16:58,2018-08-20 12:11:00,2018-08-20 14:21:00,2018-08-28 22:21:25,2018-09-12,d883909aa97aa399a6eb9f00d012861a,2018-08-19
4ff9dba5338caad2754b1560f3b27c0d,8828c9fbfb4cd0052136708d8c7c1ff9,delivered,2018-04-03 18:44:13,2018-04-05 02:27:52,2018-04-09 19:11:32,2018-04-16 19:17:35,2018-05-02,99ea1f50c4f28be31b198c3173d21051,2018-04-03
185f9c92a4ee09b897dd441dd4c45a71,85a32fc38d734c835c333a0a19c66090,delivered,2017-12-14 14:11:01,2017-12-14 14:33:00,2017-12-15 17:34:17,2018-01-08 12:36:12,2018-01-16,5b52ba553ad97d0fc5993bdffcdcd4be,2017-12-14
61af896f4ec21290693a537f0671f6ae,d48c7551c86480a54488115cbe7385d1,delivered,2018-07-24 05:38:46,2018-07-24 11:20:38,2018-07-25 14:04:00,2018-07-30 20:12:28,2018-08-10,e2e837f34a7452e60dfe4473b226ee63,2018-07-24
76020f0be1e0d6421959f71f724f5048,4a6fa365ca4f8199ec1bdb357c935d93,delivered,2017-06-13 20:13:52,2017-06-13 20:25:35,2017-06-14 13:07:53,2017-06-22 15:27:05,2017-07-07,e76c6b66892fdab38f6bafcd081e034e,2017-06-13
0b8f73a9816cb775a1bf1492c3bca4e7,b9571bbf4f62e879a3c8dd9ecad479c9,delivered,2017-11-26 13:45:33,2017-11-26 13:55:58,2017-11-29 18:48:52,2017-11-30 16:00:09,2017-12-11,58c0878be3d8bb2330dcf9ab5fb127c8,2017-11-26
8facae71080d66f3601522b0f6e143bb,ffe642291d0c94528389d64c07ec8341,delivered,2017-07-02 11:53:10,2017-07-02 12:05:41,2017-07-04 12:29:44,2017-07-25 00:26:37,2017-08-02,f3cb4bf78563e8f29fb8df63f3ae2748,2017-07-02
203dbe40ec45996d84616718e573d60f,f537950a5a7658bf0ebb7a8bc04fd6a0,delivered,2017-07-23 21:53:09,2017-07-23 22:05:17,2017-07-24 19:57:41,2017-08-03 13:09:42,2017-08-17,a4f7c9d0d6177ce61e8d957c8201cf8f,2017-07-23
3e191ce3f3742cbcfedc1d60b15254d2,6ed977477908860b2d486259c0d5eb0b,delivered,2017-11-01 14:27:51,2017-11-01 14:45:50,2017-11-03 16:25:42,2017-11-08 15:02:38,2017-11-23,cf78a9bb84d3893c1d378adb4a42fdf5,2017-11-01
e0518b3fd5b5df7c59529f4a7485ae71,9e0ac2866b34e103af7089323e2e8bda,delivered,2018-01-07 12:16:56,2018-01-07 12:27:07,2018-01-10 19:49:41,2018-01-15 20:52:54,2018-01-31,7be105851c92cec66363684a31adc8c1,2018-01-07
557e4ef52fd0e240cbb18bcee0cbaddd,45935e1e7dca816af4bf89f59978aed0,delivered,2017-11-27 16:33:31,2017-11-29 02:19:10,2017-12-15 16:21:30,2017-12-26 21:06:30,2018-01-08,576c392e06603cd2a1fb1e6517f21abe,2017-11-27
612d5630822f4796875619b3a6a7b481,1651d9c8b1860f3af49d1a908b8b47c2,delivered,2018-05-03 10:55:03,2018-05-03 12:19:51,2018-05-03 15:28:00,2018-05-14 17:16:00,2018-05-25,1373e04979cfa0fb2092909abbd57f25,2018-05-03
290fd15a601791489cc89d22dd315800,ed6ddbf1b0e96956333f5dc10311d328,delivered,2018-03-13 10:55:36,2018-03-13 18:15:36,2018-03-16 18:04:00,2018-03-28 19:48:22,2018-04-06,5637ad932803f1f8859cadb575f98d9e,2018-03-13
93a686fc1054246c9ea31196b531abd7,c0739ec09fcfad6351356a7f70009802,delivered,2017-05-17 06:58:53,2017-05-18 07:05:09,2017-05-31 12:04:00,2017-06-02 14:48:02,2017-07-21,96ac03b453e03d98787cbf7ce05196e8,2017-05-17
975f28e09eb89fa0ef85557c52aed6ec,a411c6e73040ee030a1a108fb226ae96,delivered,2018-06-30 16:29:33,2018-06-30 17:10:12,2018-07-02 12:51:00,2018-07-10 21:57:20,2018-07-27,9642985d03ebb10ead7cd4b9e20a5519,2018-06-30
c55e1514675dc10976509a057394e27f,4a96727d27c9457588c88b83ce91be1b,delivered,2017-09-15 22:24:56,2017-09-17 01:10:12,2017-09-18 21:18:35,2017-10-17 19:13:22,2017-10-11,c735648190da683d5fa4b8dcb3e86e2d,2017-09-15
76dafeb35f47c9cdb8aa7971022e0978,d219742971396623f8e4730e2e659dc9,delivered,2018-01-29 15:22:41,2018-01-29 15:32:26,2018-01-30 17:32:13,2018-02-06 12:57:56,2018-02-14,efaf98dc52d15316e054c656447c7620,2018-01-29
5e4ffcfc6e50a0ff6311ad87a727280f,2a3578db502c3ae037d92f70b089cd9b,delivered,2017-11-07 09:54:46,2017-11-07 10:10:47,2017-11-08 20:09:20,2017-11-14 12:44:29,2017-12-05,167d383796431b64c2272cc414b9633b,2017-11-07
5577ca55c1ff01d19567de9f6ba00a7c,0353a6805a33d54bc0910b25653e9981,delivered,2018-08-26 16:53:09,2018-08-26 17:05:17,2018-08-27 08:41:00,2018-08-28 17:51:54,2018-08-30,3bb10208b3ed9eeca8e7cfe769fd896e,2018-08-26
9d57e7a9c3dae94772187f73e97d9854,7ebbd71d486f47070362e2e9be10898b,delivered,2017-01-26 13:51:54,2017-01-26 14:02:11,2017-01-27 08:43:07,2017-02-02 07:29:05,2017-03-08,16a860be408af5ee2e9f8a8dad56ef17,2017-01-26
10a154c430a23bb8a3ecb2ffc52bf81e,5e57094d1ada2e661c8181b09765e0b5,shipped,2018-01-16 11:54:50,2018-01-16 12:16:47,2018-01-17 21:38:42,,2018-02-07,5827a5de2baaea8fc423b608e06e1fb9,2018-01-16
eee7aef88b4727c5596766f256bb4267,2e52ccdd230e847b69e75252e2e193c6,delivered,2017-04-28 22:48:11,2017-04-28 22:55:07,2017-05-02 13:33:53,2017-05-08 07:09:27,2017-05-31,d236ec5977383e29fe35b0c43906d580,2017-04-28
c18fb51b8721133cae9014ed7923385b,72238ef20039b25faf6a996475017e5b,delivered,2017-12-10 11:45:13,2017-12-10 11:55:29,2017-12-12 17:12:09,2017-12-28 17:14:22,2018-01-11,541175b4493773e4623d0642d907d509,2017-12-10
283e2ad0406e48e2857db0efc44b7945,9ee6c738d86f0cd73b44e943f099c17b,delivered,2018-02-10 19:00:49,2018-02-10 19:10:24,2018-02-20 20:43:53,2018-02-26 23:39:06,2018-03-08,df45f6dc82500cda20711027e8bd3800,2018-02-10
aac634f35cf463dc4251abaa15e604e7,9953831663e9cea0823e292888b62b4e,delivered,2018-03-28 20:31:08,2018-03-28 20:47:22,2018-03-29 22:24:44,2018-05-02 15:18:39,2018-04-26,bd86b1862fe796149a4d2af57bd85451,2018-03-28
36e694cf4cbc2a4803200c35e84abdc4,fd826e7cf63160e536e0908c76c3f441,delivered,2018-02-19 14:38:35,2018-02-19 14:50:37,2018-02-20 00:03:39,2018-02-20 16:25:51,2018-03-05,addec96d2e059c80c30fe6871d30d177,2018-02-19
bf99266f91395a536eec2caf09bad879,dc3228becc9cda34ba2ee67aec398f88,delivered,2018-01-25 09:49:02,2018-01-25 09:58:29,2018-02-01 13:04:51,2018-02-28 20:34:25,2018-02-23,fef4049e57292e6a12d1aa76fd65637e,2018-01-25
7af964692dbab0c7e5f70ff30f03b7df,b2930651f79c65466a1bab5fb5baf7e5,delivered,2018-08-14 03:22:04,2018-08-14 03:30:08,2018-08-14 14:21:00,2018-08-17 22:41:13,2018-08-23,bd260558a19c1577f663eda16fb79224,2018-08-14
6fb4ab660fb3e6b8ec8a45e926d99933,d00cfef8ff754413ba08a56924d883e8,delivered,2017-11-30 13:30:08,2017-11-30 13:56:30,2017-12-05 15:35:11,2017-12-07 19:29:00,2017-12-26,c11c88630a67a638e5fe746313ebae63,2017-11-30
fd61441ba2a7b57e6342862e779b10b0,e36917a47d5bf39bd3f38bcafb3d438f,delivered,2017-09-29 14:46:58,2017-09-29 15:04:28,2017-09-29 20:33:31,2017-10-13 13:50:07,2017-10-26,000bfa1d2f1a41876493be685390d6d3,2017-09-29
d894c56b9292fab569a34d58c6051772,53314596a7362597c8e6781b8f08d6f1,delivered,2017-05-22 14:15:23,2017-05-23 02:15:18,2017-05-26 06:36:35,2017-05-29 09:49:07,2017-06-13,b0e2300fbc4b502472c6e93767f4a1b9,2017-05-22
7741a0c0ccbb42c74fb27c570c7e5354,07cbe547b6dec2535abda65b57733754,delivered,2018-03-04 13:00:43,2018-03-04 13:40:28,2018-03-14 19:21:21,2018-03-16 20:16:47,2018-04-02,53ce59821e6c5041654f61c58e99bcc2,2018-03-04
430cd6b6d3066421a8bc48ce72541ba3,fdd862fcaef60c5198b49bcb033c906e,delivered,2018-07-01 14:58:48,2018-07-01 15:29:53,2018-07-03 06:30:00,2018-07-05 21:04:53,2018-07-20,faba26afea60683ac96160ea1ba409f2,2018-07-01
3e83ca3523a68abaf07131a5ecab7319,c3d7323f3c6da4f6b1c1ab44328b2637,delivered,2018-02-22 19:06:44,2018-02-22 19:15:34,2018-02-23 22:41:35,2018-03-22 22:09:01,2018-03-21,00196fdb2bf9edfc35e88ebfbcf8d781,2018-02-22
6c29a1600608d3f50e40bb2543cc32e1,abd4cf567f36e6394e9d06147c4b125c,delivered,2017-09-06 17:38:59,2017-09-06 17:50:13,2017-09-12 15:18:42,2017-09-13 18:07:47,2017-09-21,08fd77878700d65686c99b27213f5b61,2017-09-06
93b32e4591668ac8577978faa21e1fb0,ca9ebbb2c3b294c7c01170289b73486c,delivered,2018-03-27 15:08:32,2018-03-29 07:35:11,2018-04-04 21:34:31,2018-04-06 20:48:51,2018-04-11,9c0266d673c3609042389b136327bd00,2018-03-27
2d5300bba84cf82131127fb8661c095a,016b15d60fe523cbfb8bda340e0cd769,delivered,2018-05-30 16:00:47,2018-05-30 16:16:34,2018-06-01 14:00:00,2018-06-05 11:41:17,2018-07-04,6565bec16e94ea6cf4486738d50c99a0,2018-05-30
2002527d89799a0cfb0adf6f4710bf95,0c19a1c2402dd9f603b519f1686b9e80,delivered,2017-10-10 17:02:45,2017-10-10 17:15:39,2017-10-11 16:15:09,2017-10-18 21:29:55,2017-11-01,fcff1cddc01da8804e63ea5176fdbe49,2017-10-10
aee9facfd58252a3edd95e9c3d6e7e1b,5916dbb1df93e4c648fbf7a263e0ac94,delivered,2017-12-02 13:11:00,2017-12-02 13:18:32,2017-12-05 20:34:05,2017-12-29 20:10:32,2018-01-09,c35e903f1cc78a29af8247d42cd17fd0,2017-12-02
1c366a6fab2801f8b19036b3fc66ef17,71021b16c54b62203d60e527aafc7095,delivered,2017-10-02 22:11:10,2017-10-02 22:28:16,2017-10-03 15:08:02,2017-10-10 11:54:13,2017-10-25,d278b814a0d0333c7fa5d64c9cdaac53,2017-10-02
3b64ff25a4610fb5599e4fd09f907501,d1d259ce7187c9deb7e86de58e65a81e,delivered,2017-01-25 13:22:05,2017-01-25 13:35:19,2017-01-26 06:06:34,2017-01-30 14:36:32,2017-02-20,0de3f5cbeaedc8f981622dcefce0686f,2017-01-25
12b2eb7fee1eb7a195452bf2eff4028f,e3e3b4a3e519f39ff9f674ebf3d807bf,delivered,2018-01-19 11:09:02,2018-01-23 03:52:25,2018-01-24 15:48:46,2018-02-10 01:59:31,2018-02-21,1650819cd492bbf4b9d189c7d4126475,2018-01-19
61d430273ff1e88f2944acb53e99eab5,345a9015c65f954a3828232dce3a2d0e,delivered,2018-05-06 09:48:42,2018-05-09 17:35:59,2018-05-10 10:28:00,2018-06-05 12:09:51,2018-06-06,62fb3f833ed1971036f81095987cf3ac,2018-05-06
f05357e2049ed23ef3cd55f90ab5f714,feb21f1d9c67d7dc149e4739e2025991,delivered,2017-10-10 14:12:01,2017-10-10 14:46:33,2017-10-11 21:13:52,2017-10-18 18:23:18,2017-10-31,d16e82e5ac833ac4b3fc574005b08e34,2017-10-10
d054a3b4ad29e6dfbf833d1be8ac3779,f387af8fe303eae6417485949704b5ef,delivered,2017-07-03 15:01:01,2017-07-03 15:10:20,2017-07-06 09:24:36,2017-07-27 18:49:32,2017-07-27,2792a2868cdc9fda3a63fcec91f6c2d9,2017-07-03
5210991b886c9005de084d0d4fcff0c4,daeeb6112b6a95a19e34eb053141ad54,delivered,2017-12-29 19:52:03,2017-12-29 19:59:29,2018-01-05 21:19:30,2018-01-11 20:07:34,2018-02-07,a97d43b24d76819903192611aca17914,2017-12-29
99154e0d0a403c1c7dc3f38886f6776b,005596395ca3acd0433fe7d6f95a028e,delivered,2017-08-25 23:07:33,2017-08-25 23:15:18,2017-08-30 21:58:48,2017-09-06 15:52:23,2017-09-29,dff41d762e4e7b68b73af7203a429072,2017-08-25
2a952f9ea7fad0c8238967a2c4df72b8,05a7b3e0ed7ab2ffe65411141fe27234,delivered,2018-02-24 07:55:10,2018-02-27 04:31:19,2018-02-27 23:52:49,2018-03-28 18:46:24,2018-03-21,88960be7068e1dd21ac6e59aab6315ef,2018-02-24
429621553c84a98a8760c1aa822dbbfe,e33baaa91aa1ee5a0c4467f086d9d78c,delivered,2018-01-11 12:57:47,2018-01-11 13:10:36,2018-01-15 18:33:17,2018-02-08 21:36:39,2018-02-16,7f901d7f9965e1452180963710317fc3,2018-01-11
bb1d715aef7774629f3b397e11807b87,6ce505c51013373ffe38339fc149552b,delivered,2018-06-07 21:23:10,2018-06-07 21:36:25,2018-06-08 12:58:00,2018-06-13 21:07:48,2018-07-16,45ece41ffecf53fde110686fef8b8381,2018-06-07
6d73ecf533649a9f6e32b3c803c76e57,f5f4bffea16feffa768852f147a1a15f,delivered,2017-09-15 22:36:50,2017-09-19 04:03:37,2017-09-25 20:27:49,2017-10-09 20:30:07,2017-10-03,ef87760179d8327e84704bcc31e39611,2017-09-15
0372d2e3d0ac2600aa8e08e6c46cb7dc,cf9d02b5881ac8b8c6c2c5d4be462589,delivered,2017-10-02 12:47:27,2017-10-02 13:24:27,2017-10-03 17:25:54,2017-10-06 18:42:10,2017-10-27,02d01e34105848c4f70c643817d8b904,2017-10-02
1171937d77aa6201e76bccec4b87d8a9,a0b649480ecd9fffec9bb37ecddc6de5,delivered,2018-04-11 23:53:59,2018-04-13 02:31:36,2018-04-13 20:28:33,2018-04-16 17:52:02,2018-04-23,fdd7f0e4967fb03fd9b8821428908ed7,2018-04-11
3db2830b62dedb5fa0e6212cb1646106,6f5f6c8d2ef266f6e4f078f1d2fe5dfd,delivered,2018-06-11 23:15:25,2018-06-11 23:35:41,2018-06-12 09:02:00,2018-06-20 19:31:58,2018-07-05,47fb796ccbacfc6f51292d51b4c4bb4c,2018-06-11
e4962e485218f19e917d64b00c4afe7c,c573647876009a14fa4e58adfb2531d5,delivered,2018-02-24 19:51:41,2018-02-24 20:08:03,2018-02-26 18:14:42,2018-03-07 23:28:52,2018-03-16,a8cbb9e5d8df4f4750d87964ab5c23b4,2018-02-24
6cc40732b6bc944a2b6cb8aca515bfe5,ba4eec713eeb24b401bd89b380363910,delivered,2017-08-14 20:02:20,2017-08-14 20:45:14,2017-08-16 19:03:48,2017-08-18 21:17:08,2017-09-06,aa9ca97f1eada76cd97fde1b8a4db3b6,2017-08-14
712cb14ddeca38aaeb49dea61f811018,2407b981de425b0b444dda91186d0440,delivered,2018-02-27 15:22:01,2018-02-27 15:35:34,2018-03-01 17:13:07,2018-03-09 23:08:38,2018-04-02,3a5b0d10ee72cefb504df217532a4e6a,2018-02-27
00e1bdb3f1388c8ed222597ee4fa01e7,ddd97c5c66119bd2fe33f8709f77ab7b,delivered,2017-05-15 22:41:31,2017-05-17 04:10:29,2017-05-17 11:49:48,2017-05-24 05:57:57,2017-06-07,c9fb70924f052a5ca6c30588acd6e87b,2017-05-15
35a10c7737aa07bb2264cc0cabfbbfbd,7f333232c7cf28e0de2668caeaec42b5,delivered,2017-06-08 11:53:41,2017-06-08 22:32:04,2017-06-13 09:46:46,2017-06-19 10:32:18,2017-07-03,e21393db40e3ab3e880958fa055b5fc9,2017-06-08
233d763b10db673443077fb3090dfb37,6aa0f075a2225b4dd35cabe869eb4dcc,delivered,2018-06-12 14:30:30,2018-06-12 15:05:54,2018-06-15 13:38:00,2018-06-20 18:52:34,2018-07-03,52b63667183d16162474ff1af96ae048,2018-06-12
d38165ac0823af98c6668c357fe19b5c,4540228750c81072a5cdc5bdd36f9e5c,delivered,2017-12-10 13:56:27,2017-12-10 14:10:31,2017-12-15 14:28:52,2017-12-18 19:22:41,2017-12-28,d57b24494af90d1e145fe6892401bf9b,2017-12-10
3971a8d658593643c85790cb67105832,946cc8dd1a10dcc7cf3ee2750618dfa1,processing,2017-12-12 19:00:37,2017-12-12 19:10:05,,,2018-01-10,ec2c780f94092978b2006ccbea7e5e22,2017-12-12
1315a48b9968c471921edaaf59d901d7,90a6d60d171dc59884c02ccb5156befd,delivered,2017-11-06 16:35:10,2017-11-08 03:36:15,2017-11-08 19:22:28,2017-11-13 20:41:57,2017-11-29,0470135d506f45f407a71c9094f62d6d,2017-11-06
96391307abf5b25e205b1049789cf2ee,9a7ae4cc912dc4d2639cab8bc5c72fa0,delivered,2017-05-16 21:35:52,2017-05-16 21:50:09,2017-05-17 15:37:03,2017-05-25 10:05:53,2017-06-07,6d7e00801a00c911ab9124048a5037f0,2017-05-16
0e19aa2216bf89063fdd8849774aea19,ea1bd589cf74abf3eb075a399bad0b95,delivered,2017-12-04 15:28:18,2017-12-05 04:13:59,2017-12-06 20:15:00,2017-12-12 23:47:07,2017-12-28,fe36ffe7c25e22b2276fd6e9f0056e24,2017-12-04
87e81e96bb33e3163f7f8ed4123b6787,b56ad5c178c72dcbd9d36082b40acac8,delivered,2018-05-02 19:40:24,2018-05-04 04:01:26,2018-05-07 15:03:00,2018-05-17 16:56:30,2018-05-18,2009f2cba3df41ca586354132db9921f,2018-05-02
dfeb385531b47a17e24ab43992ebf15e,0d9c4b5c91997a61af84d12d72e91fc7,delivered,2018-07-12 21:38:26,2018-07-12 21:50:17,2018-07-13 13:32:00,2018-07-20 17:28:28,2018-08-03,dd47740f3c285d15d8c9c72fc204e78a,2018-07-12
2b4b69b119c4446626f617bd54ff3147,456664e611e20956682bafced4ecdb19,delivered,2017-09-05 18:28:30,2017-09-05 18:44:08,2017-09-06 17:06:54,2017-09-19 21:43:03,2017-09-26,9e64023fa21c8dc095fdbd1a0568ae62,2017-09-05
f2d28c33d6ebb5cc6c33ccab50b0fa55,f6b3f6d16ddf81370e2d5147832316f5,delivered,2017-06-07 10:37:39,2017-06-07 10:45:31,2017-06-08 12:50:03,2017-06-15 11:56:06,2017-07-06,bb1243066960027efc0a14d7b1eab921,2017-06-07
d719d2c72e0dfc9d994ee85c1d594861,bcfd3b40a37ce48e8658f339cc31665c,delivered,2017-11-24 16:06:14,2017-11-25 13:34:00,2017-11-29 02:07:43,2017-12-19 21:57:00,2017-12-19,68879d9986551c8c9e7bd1686195402d,2017-11-24
c22857ca01052cca0c4dea70902c5a92,ac430a00fccee6f43a93836facc4eb8a,delivered,2018-01-17 22:20:43,2018-01-17 22:30:04,2018-01-22 21:47:53,2018-03-01 23:57:22,2018-02-16,a9ce972d16bad2eb50d2df0eab411e46,2018-01-17
364d9bdfd849c1092558945df309c280,6cda1d04141717b4d21a31c101d1414c,delivered,2017-05-09 20:24:50,2017-05-09 20:42:20,2017-05-10 13:23:01,2017-05-11 10:04:55,2017-05-17,2b13d1a22b8354071b464d3ec28d7e6a,2017-05-09
741e8e0a228d10eeafd9ff29fbaae693,3285874377adbb5480c7730e0788e575,delivered,2017-02-27 17:25:10,2017-02-27 17:41:29,2017-03-03 14:24:03,2017-03-11 10:28:55,2017-03-20,c10aa87095ab7e631efa980663798cae,2017-02-27
58feb997b7e395036cd8d59980e85a94,ec70d161cd95ea2fb9be51c71807be76,delivered,2018-05-29 15:18:22,2018-05-29 15:32:35,2018-06-11 14:23:00,2018-07-04 12:05:17,2018-07-24,57223ccf4343eb3a85357daac5317180,2018-05-29
5ad674ed6e835a39a6a7d73bc989ce57,7df9914b5cd074d81dcb343a7107765b,delivered,2017-07-30 18:09:19,2017-07-30 18:23:08,2017-08-02 11:04:30,2017-08-04 19:45:51,2017-08-18,eb51871bb18a99294b2130d3976cc706,2017-07-30
bc47e570a3968e7584d8b987f51ce04a,796ec2eaa4b2d7ec61a9519d05cfc4f6,delivered,2017-10-16 18:47:37,2017-10-16 19:40:13,2017-10-17 19:16:42,2017-11-03 18:55:53,2017-12-06,9c2ad437f37e944ce2fb1f1cd0fe8ac3,2017-10-16
6b21d4143acd1caff8e127e69aba3881,b80e22125311f4027c9e8d27f0ff9c26,delivered,2017-03-03 18:29:14,2017-03-07 04:10:34,2017-03-07 12:38:14,2017-03-17 14:45:49,2017-03-23,270998894092f5d408b78a4a8b9835c8,2017-03-03
daf7a55aa310de14e9b2409edfedc2b4,a9e6b6a8984c388507d841184655052b,delivered,2018-07-21 16:42:24,2018-07-21 16:55:24,2018-08-13 14:26:00,2018-08-21 15:08:33,2018-09-03,192c01f38c11a232c09098cf73f10d7d,2018-07-21
c6122e6a623a45c8dfc876f10733682f,bdee28f68e11d29d4fdc2766e00696af,delivered,2018-05-16 19:30:53,2018-05-16 19:54:36,2018-05-22 06:53:00,2018-06-02 00:20:44,2018-05-29,295a7ed260876764d707e2ae1c62f22c,2018-05-16
03e327642028582cff3316f1726a9f00,ec502d64c6fc7492e3957073459f1d00,delivered,2017-10-27 07:55:57,2017-10-27 08:10:08,2017-10-27 20:23:50,2017-11-06 19:22:51,2017-11-22,e6c7a00e164a7d5a74f5f0414de8a8dd,2017-10-27
fa2e9a883be0ffdb96cd579ee1c935fa,3496529d577177be0fa71ee60b497e0f,delivered,2018-07-06 23:09:15,2018-07-06 23:30:10,2018-07-11 13:21:00,2018-07-16 14:48:29,2018-07-27,39950ca08bcb5718fd80bd746730ad93,2018-07-06
fe784ed3dfc728fd4de44fa9918fe1eb,534ae76adc5da4b4f9c7b505a756d59d,delivered,2018-07-31 18:24:05,2018-08-02 03:05:19,2018-08-02 15:22:00,2018-08-06 16:47:28,2018-08-22,678939d60a25a0085362fea2de179f2a,2018-07-31
66dff1d3b5b10688eb5f5404045bf561,fcd47b43cac861c981572131ac384b4d,delivered,2017-09-26 14:48:58,2017-09-26 15:04:43,2017-09-28 15:49:19,2017-10-02 20:27:49,2017-10-18,62b51994b2d741607f9f24775a92a355,2017-09-26
f861cd4fdb01ef5140e9a260279f0a26,950322a8be6e8e0e0e91516847779161,delivered,2017-05-29 09:58:04,2017-05-29 10:05:12,2017-05-30 07:29:33,2017-06-01 14:50:10,2017-06-21,dd18aeb36ab0433738b4c3c357cd831f,2017-05-29
a548bc6afbda383e174fdcfb79a92581,ef60712cc7d090f88ca4c0adef53e4d0,delivered,2018-07-12 00:46:31,2018-07-12 00:55:26,2018-07-12 11:31:00,2018-07-23 16:18:47,2018-08-06,9ee8fe93d7c4700c0b81f805c9b0240e,2018-07-12
41ba50bed1e26c9e103322822236a3f2,2278e9011d364b2ad3dfc2ca4b1eda17,delivered,2017-05-28 18:10:16,2017-05-28 18:25:08,2017-05-29 10:31:10,2017-06-05 08:32:39,2017-06-23,f6e984e0e2a6d1f4a35f84deb8a65580,2017-05-28
9415b8205e1a211b3a930ab130b9ce60,0d3f40d529b79a9caaa29f2c9dc08ede,delivered,2017-08-10 21:05:33,2017-08-10 21:24:10,2017-08-11 19:49:57,2017-08-23 21:22:31,2017-09-12,8aeea9502babdd311b3acb1c27a41b83,2017-08-10
5519f6280de7d1712691ab0654fbd0c0,4b6cc748c9b98d12cef260aa6d33d5b7,delivered,2017-11-16 14:12:24,2017-11-16 14:27:08,2017-11-22 17:41:18,2017-11-27 19:42:45,2017-12-04,efba941329ad1c804de0de92ebe0d891,2017-11-16
d6499996b16da6981a7bb82d562d6c4b,bc345481af806e7f82d41182101d563f,delivered,2018-04-23 19:50:31,2018-04-24 19:53:35,2018-04-25 15:18:00,2018-04-30 17:48:44,2018-05-11,391321e6abd0f7924e416f8506906898,2018-04-23
923e0c030350975afcfa4ffbc70c0146,30499bd0b4374d37074cfabc399c9f85,delivered,2017-04-29 20:51:41,2017-04-29 21:05:17,2017-05-02 17:09:37,2017-05-04 17:12:10,2017-05-23,95dfc7f1e187969d960313a3a0964705,2017-04-29
4603709e5e41c0247684e02398ef89ba,db722d5d0a94bf93c8a0a000a4dae533,delivered,2017-09-10 22:15:02,2017-09-10 22:25:20,2017-09-12 12:57:01,2017-09-21 20:13:29,2017-10-02,d313a49fc2b3be04847bbd5eb5056a7b,2017-09-10
a63104c1bbc7fe65734b02c43c1e996c,54537c7b19c52766510964c6173013f8,delivered,2017-08-24 14:48:32,2017-08-25 02:55:46,2017-08-25 14:32:26,2017-09-12 19:04:42,2017-09-20,678e97828bd734ceee42ee5e60c5113f,2017-08-24
0c2989120592c0873f156da4204fbfb6,422b9136bcee509400f7e79feeb2df3c,delivered,2017-03-17 18:15:27,2017-03-17 18:15:27,2017-03-24 10:13:49,2017-03-29 16:13:19,2017-04-10,51378a8908cdc12c6545fdf842383c97,2017-03-17
eaca2f45fbeb00cc1d069840f0f13990,a920cdc19a22af73b009c33354e5f442,delivered,2018-03-07 17:15:23,2018-03-08 10:08:59,2018-03-09 00:31:29,2018-03-19 22:56:18,2018-03-26,c634065713003ca1f4724a0d7e0a050e,2018-03-07
10271ddf4e66d7ebde86598c2447761d,f1b4e52c63caa18218f3d64e9f402638,invoiced,2017-01-30 12:15:14,2017-01-30 12:33:50,,,2017-03-17,712f57b0313fdcf9ebbae22e13082da8,2017-01-30
225ce7a56330d0d477b097a8752b22cf,43eabd043baaab5f73193fae5eae4af9,delivered,2017-02-24 16:37:19,2017-02-24 16:50:15,2017-03-01 10:45:51,2017-03-30 14:23:58,2017-03-31,2250f262fc767f785309548438ace190,2017-02-24
af6cf105471a4c8fc88ae0af594fde44,4804d03d9f6e3df5e2ca9f8cf6b07758,delivered,2017-06-30 14:49:14,2017-06-30 15:03:57,2017-07-03 12:35:47,2017-07-08 15:11:57,2017-07-26,209d8ea9266fe943ced25ea4ea1a048f,2017-06-30
48cf133bab6e70fec7896820b325dc9b,f6db95631c0bad789edde606121bca76,delivered,2017-11-27 16:38:04,2017-11-27 16:50:30,2017-11-28 19:18:51,2018-01-10 17:11:27,2017-12-21,92c50a9a268f9f35ac5e97abf0de997c,2017-11-27
d265c4938775151455ccd396e3261cf3,2dc3ac5aa15ab1f73e0a967eee09c436,delivered,2017-05-20 00:19:41,2017-05-20 01:22:47,2017-05-24 10:57:58,2017-06-01 15:09:42,2017-06-20,ba0648036da25dc217dcc634c436b614,2017-05-20
fc24b77521e400e8290a902026efcc85,66cc929741c3d1d277e05b4540bf9a8c,delivered,2017-08-01 15:14:40,2017-08-01 15:35:30,2017-08-04 19:49:40,2017-08-07 21:15:05,2017-08-23,1bdff446efb5846d0969eaf8978d4342,2017-08-01
5791377a72320ea9128214180b17c54f,e76321220dd8fd5186c478b2ad214265,delivered,2018-06-20 20:02:11,2018-06-22 02:58:39,2018-06-22 14:53:00,2018-06-25 20:54:39,2018-07-12,7831e0249ea8a971fa69a10bd3686395,2018-06-20
20ed4cb22ba9f7978081410cd6400ba7,4fa12f3ae394aa81c4ac1faaa5a52276,delivered,2017-04-02 22:06:05,2017-04-02 23:10:13,2017-04-04 13:35:39,2017-04-10 09:44:06,2017-04-24,c10e222e853f7723debcf19f1c8b00ab,2017-04-02
e5277018d6ad784647a82c8d0f7f8dcd,0c7aa3b3d34237d58e07d8458c5683ba,delivered,2017-12-30 15:13:25,2017-12-30 15:27:18,2018-01-04 23:13:00,2018-01-16 21:03:12,2018-02-02,22d75e219121547b55f0496759d32929,2017-12-30
6219ece1f053a3ffa649340e87cd93d2,356e49e06716cab5d634234a371dba70,delivered,2017-01-20 15:08:05,2017-01-20 15:21:48,2017-01-23 10:17:42,2017-02-02 15:15:52,2017-03-08,8416fd034dbaeface8a52c0819d3dffa,2017-01-20
2dceebebb97f2c0222194e9c24c28296,494fe6ed11aa9695f8fd1fddd3a5ba14,shipped,2017-10-23 21:44:35,2017-10-23 21:56:09,2017-10-24 16:33:55,,2017-11-03,1ce10f79b3cccc47a14584c36d9cf4fc,2017-10-23
b4d46147f1aaa1a984aa0ab1cd7b2e4c,685fc2b455c29d78ce11a7cf9fe57fbd,delivered,2017-11-28 21:31:37,2017-11-30 02:22:34,2017-11-30 23:17:31,2018-01-02 20:06:26,2017-12-28,43e979a3439766ff0204f6f0ec74b9bf,2017-11-28
45d6ca6a1aced4acda59dbae2035c8b0,e11ca2a0794a6a0fdabcace5ffe86ecf,delivered,2017-03-30 14:48:27,2017-03-30 14:55:18,2017-03-31 13:40:00,2017-04-11 10:29:00,2017-04-26,8ceed933f707d158fbc5334f09bd7517,2017-03-30
bc35165f6ff628a1090f8b0074929de9,0d2234a021135cfc68d38e08f7328544,delivered,2017-06-09 16:05:48,2017-06-13 04:35:17,2017-06-14 10:03:57,2017-06-19 17:24:48,2017-07-04,1cadf1dc88bf9e3b2e77d5ee00316668,2017-06-09
aa7565b87e9b5f1ecf8b8ea7f745899c,ac4a808a6356938bde38be82ee979826,delivered,2017-09-13 17:10:22,2017-09-13 17:27:55,2017-09-15 17:57:44,2017-09-18 13:24:34,2017-09-26,fa0cf5b25732a933725b83d2f716000a,2017-09-13
30fb0666d9729c95bc9923e57c0ff4f3,df9d58f5f99aaf04a5865261038e72eb,delivered,2018-04-14 14:35:01,2018-04-17 05:55:21,2018-04-17 17:28:36,2018-04-24 16:36:45,2018-05-11,f6631c3a50c50e5ccdfb090c09031c31,2018-04-14
157972ad87ad74e792dc1c49ead0f733,c062ee6149be02143c82725143e49438,delivered,2018-07-08 15:33:27,2018-07-08 15:50:14,2018-07-10 13:56:00,2018-07-12 23:08:29,2018-08-03,0a4fe44c4700ee0263551736ea3e5c74,2018-07-08
263f5778d1130e9c186958780172a107,7324ecb0ff143f561193d22bea7d63fb,canceled,2017-10-12 08:39:30,2017-10-12 09:06:26,,,2017-11-06,c6be127fa6e30c6f705a205236a1f310,2017-10-12
b6900b09afec4ea5ef8879a9b1e3881c,04065ecc8bc4cfd1228121cd5426e8db,delivered,2018-07-21 22:34:57,2018-07-21 22:45:14,2018-07-23 16:55:00,2018-08-05 17:35:27,2018-08-09,7a921def610c60bdb6f6a13ecc2271c3,2018-07-21
a5a4c85af7827f2a7ec7221ee9a5fc9f,98a122d3f5c1149f63abe85d539ffe44,delivered,2018-03-11 15:45:24,2018-03-11 15:55:29,2018-03-12 17:30:34,2018-03-25 09:26:51,2018-04-18,a31afd5504f618a4cd9f19a215db2705,2018-03-11
7199dc9a44c0b42b4341b93f376623e5,bb8d51f8ac80fa7cfa96dbe23914a31a,delivered,2017-06-08 17:55:10,2017-06-08 19:03:18,2017-06-09 14:02:53,2017-06-16 07:54:30,2017-07-07,72a1dace457b5b4565b174be16891f09,2017-06-08
c5f30bdd01bc931c09429dc3bba5ac58,ca6fe18d9474b6e6bd41278ca47b19cf,delivered,2018-05-28 21:38:55,2018-05-28 21:56:18,2018-05-30 06:37:00,2018-06-02 16:04:16,2018-06-13,c09049ee8be2608548fd850af7c0a532,2018-05-28
82598d1412ae8a6ab0939b8d0d12e16d,c433eba178357789342c520620927b0e,delivered,2018-01-17 18:17:42,2018-01-19 02:37:45,2018-01-25 22:24:30,2018-02-23 01:03:42,2018-02-09,92ac990218b21fa296b928240c5fed35,2018-01-17
3a8120ab24d55fb6df380a431836a916,915324f5c372a16f2cba00005464110e,delivered,2018-05-13 21:23:10,2018-05-13 21:35:14,2018-05-15 10:46:00,2018-05-22 17:09:55,2018-06-11,213489684133d855d27b9ae5661b468d,2018-05-13
8ba92873ddb8c69bb828989dd281f3fc,a3d8f7ad39bef6d2012736a8cb4fac7e,delivered,2017-08-27 20:35:18,2017-08-27 20:50:19,2017-08-28 19:28:31,2017-09-05 21:08:07,2017-09-15,26c33939876986b38b389a532ff0f655,2017-08-27
f8976b3a54975401f39462dde83413a4,9bce3308d332422ae1c773b3c5a58882,delivered,2018-01-19 16:46:37,2018-01-20 09:08:40,2018-01-22 22:17:57,2018-01-31 19:30:18,2018-02-09,3dfd1920eb5e99f2074802754383243b,2018-01-19
8d0e3776d347eaa9972bc7d4d37eafe9,932dc3b0da4e1489a9f2c57b2b1741be,delivered,2017-08-05 20:30:38,2017-08-05 21:03:31,2017-08-08 19:49:41,2017-08-10 21:07:19,2017-08-18,87a67f4c4b54d137da86878699560df2,2017-08-05
259755d38865ba5eb5781ad6e24e0be9,6613171b30e9521c4438732b3d0fe8ec,delivered,2018-06-17 11:31:55,2018-06-17 11:54:01,2018-06-18 14:14:00,2018-06-22 19:20:06,2018-07-13,fec988833dcc237b50f1ce9a6be231e6,2018-06-17
c6b91873827689f33c1a45cd4bccd049,d21a68ee5ebdcbfb2ce1b22736e29f28,delivered,2018-07-16 20:35:18,2018-07-18 02:41:47,2018-07-18 16:57:00,2018-07-26 19:18:51,2018-07-24,4482c69515d79132ba4e52c955d201ab,2018-07-16
df545fca1d6c9f96b0eeeb751a6f2650,f510b8376e50c3541d4f8b0276014635,delivered,2018-06-14 08:55:01,2018-06-15 02:36:55,2018-06-18 14:18:00,2018-06-29 22:26:49,2018-07-11,85a310508f84217a21efdb16eb7ff5fe,2018-06-14
c7c9aa7dc61f395e914d6946cf62219b,087416058efed159681fcaf612d0d54f,delivered,2017-05-04 15:23:04,2017-05-04 15:35:12,2017-05-05 19:00:07,2017-05-15 13:28:32,2017-06-02,ec3127cf41d16e8ef977791aafcb9d44,2017-05-04
79fea4eca2e5b9c77d549cbcdc60c8be,84ef3db1e67c71e9f2631d3b69fb651b,delivered,2017-12-11 19:09:10,2017-12-11 19:30:51,2017-12-12 18:21:46,2017-12-18 17:58:47,2018-01-08,9c996103b1a18d34dcbd1421df8f86fd,2017-12-11
4a0f21a285e2769e21ddc01161c7a6bf,04d35bc9d1149697fc480f6fd6da8247,delivered,2017-05-29 09:37:09,2017-05-29 09:45:14,2017-06-02 16:08:09,2017-06-05 11:33:11,2017-06-09,7c080c2d5dd47b15522a29575194dbfc,2017-05-29
f294b6c586ebebae6fcdd9818f7381ff,4ece58d95e06b994bfdd6006d710a4f7,delivered,2018-06-16 07:17:49,2018-06-19 03:57:13,2018-06-19 13:09:00,2018-06-25 21:12:01,2018-07-13,6b4c9a7a3363204f45e46391d3e32cf4,2018-06-16
a10a8370fcfb9246aea821e3a4778863,48e6b0bcf07e875ac11d750a5ca6db37,delivered,2018-03-08 21:32:47,2018-03-09 21:28:36,2018-03-13 10:42:25,2018-03-15 21:34:28,2018-03-22,9988d8cc269d89577da14473ecd4c55b,2018-03-08
56f663cba1638e1a90a2fb8e4716a2db,1d68bd2a2634f0efc973f13b9ade0384,delivered,2018-02-13 16:43:33,2018-02-13 17:27:17,2018-02-15 15:23:14,2018-02-22 19:56:35,2018-03-07,458e853410c62ec3c56ddb76250e67a8,2018-02-13
e1bea0700731c9179b4e7e2e0183aa14,af69c0e9111bb4c346dcd2d74a37c02e,delivered,2018-08-03 15:37:48,2018-08-03 15:55:20,2018-08-03 15:09:00,2018-08-08 20:28:35,2018-08-15,bc6fde4d63f48695ca6cd049d93a4e66,2018-08-03
0c92ac263657a43f18927cc6392e3816,1acfa2218cb27d4f3d8a50e94d01b7d6,delivered,2017-05-30 16:14:58,2017-05-30 16:25:17,2017-06-02 13:09:03,2017-06-06 11:49:51,2017-06-22,5e8004bfb7deabbbfdf5e1aa231b1fb5,2017-05-30
26f078c600b86ed6c916be331d3dc1b0,ae5b535b75ca9bfa696cbd865be253ec,delivered,2018-08-14 20:32:58,2018-08-14 20:45:21,2018-08-15 15:07:00,2018-08-17 18:18:50,2018-08-17,0d67ad11dcae1b1a8d1d7e4e78f2f201,2018-08-14
ac7735eec51a3fe9e31e51210ecbad34,96f2ac447244a8c35b76b180e8d7cf64,delivered,2017-02-05 02:16:12,2017-02-07 04:03:33,2017-02-07 15:26:46,2017-02-13 17:58:47,2017-03-27,68a5110e446e706a65a36242f7ea7a24,2017-02-05
586acfc7e057938293e006ece947648c,747a389f1dccc08597ac02849b08acc9,delivered,2018-03-31 18:18:07,2018-04-03 05:15:30,2018-04-03 21:48:43,2018-04-23 21:32:12,2018-04-18,f28fbb32a8241c93945a1047421a270b,2018-03-31
f2337d9b4a21ea7114a3559a895cae9e,0fb2c6fb8cd166fd37f894932d1b744d,delivered,2018-07-31 16:48:16,2018-08-02 05:30:54,2018-08-07 12:31:00,2018-08-14 10:03:31,2018-08-22,3f0a8616a74ac61fd87f3c0a49f36c0c,2018-07-31
ed329ebc4bca317d28016c839ecc714e,059dbf90df50f39161c4549cc35057bc,delivered,2018-04-19 00:00:45,2018-04-20 07:11:19,2018-04-23 19:06:36,2018-05-24 18:48:54,2018-06-05,c5e0842936ec399ece5ceb793b7d8cfd,2018-04-19
47c5847c6d4b31c6ad25269c40be3ab3,de98b87b6e81417f1a3213dfd2c4c7ef,delivered,2017-12-05 21:59:46,2017-12-05 22:12:26,2017-12-15 00:14:18,2017-12-26 20:36:55,2018-01-05,aa425895725045ac19fd8792c807d374,2017-12-05
84b3b056e8c005f680939ef08864292d,156a7210c6a717b04dbc076b8ff2c528,delivered,2018-08-07 19:13:52,2018-08-08 03:25:00,2018-08-08 12:40:00,2018-08-24 22:43:50,2018-08-20,9b352d0736779ff0e21fcbd59a7141b3,2018-08-07
bb4617e746ecc5f06f704eaafaecb955,0f80cddbde03d06405371ce5e0a6f07a,delivered,2018-05-12 09:38:36,2018-05-12 10:46:36,2018-05-15 16:48:00,2018-05-16 20:03:09,2018-05-24,9aa77033cbc28074b161f96cbda9b7c4,2018-05-12
95d01aa47c6ad56612e6c8e9057647bf,734061465fe7d5790e21853ba9721acc,delivered,2018-03-01 10:47:09,2018-03-01 11:14:28,2018-03-06 14:12:35,2018-03-11 17:54:38,2018-03-23,3c55426c2c84b47034776b4eae01a1e6,2018-03-01
e32ca528936e670ce37f0404d59ff5a1,eb99a8170945eb338e6511d467d5694f,delivered,2018-05-09 10:18:27,2018-05-09 10:31:37,2018-05-11 07:35:00,2018-05-17 17:28:22,2018-05-30,0d928c9cc70678c298748afa20bd706a,2018-05-09
3a162137f82297cdaf8349d510549616,113a889998deb4685ea30a7bda3bcafa,delivered,2017-08-22 13:30:45,2017-08-23 13:35:14,2017-08-23 19:42:44,2017-08-29 20:46:35,2017-09-22,79b5a2fa58c611ef4c028ad1c6fe811c,2017-08-22
a15a149fd87880e3377135d01822240f,620425296fc21800ec76b9dc986e27bf,delivered,2017-10-17 17:09:28,2017-10-19 02:49:34,2017-10-19 17:37:45,2017-10-28 15:14:40,2017-11-10,54da3618e35f9f35be642509764c8216,2017-10-17
bcdbeb106ccaddd04d88f709dad0f169,56d732fd476e4dbe6a73a180fc3d5ea2,delivered,2017-12-06 20:10:13,2017-12-07 07:11:01,2017-12-14 19:35:00,2017-12-28 15:08:13,2018-01-30,9c78b37dca6bc610f0907f61b804d5e5,2017-12-06
f002422b59aa21ebc2c12136d1ab4019,752b76f403f16b021896686a71396435,delivered,2017-10-25 17:18:43,2017-10-27 02:55:18,2017-10-30 15:55:01,2017-11-06 18:32:00,2017-11-24,c957b57bcaff0ed3a494d95c865de4a1,2017-10-25
a5eaaae3cb498d839ed901303844db56,9c1381cbefb413e3b4f4be6fb53f5150,delivered,2018-02-01 13:10:00,2018-02-01 13:35:19,2018-02-02 20:13:30,2018-02-17 09:56:55,2018-03-01,ef481fe879107e68038a25a8bdc73349,2018-02-01
afd45bab98f18c383881df9850a519fc,7870ab8f62d9d80cc37ff5482d6cb2b4,delivered,2018-06-19 13:26:42,2018-06-19 13:57:23,2018-07-03 14:45:00,2018-07-06 18:32:51,2018-07-27,9427a0c3c82e8ba5ab2f027d5ed85282,2018-06-19
e1ba0359337d59993c07c47f1d803681,922bab90749009d3f97eb23d2e29bb2c,delivered,2017-12-07 14:08:14,2017-12-08 02:54:11,2017-12-15 13:39:15,2017-12-27 23:35:19,2018-01-08,84b7b98789409ed1c4855867f83c792f,2017-12-07
fd3d7abaecfb6a9be0b4b59e35e59f4e,22f687d3f54d8409933ee0623773b2bf,delivered,2017-12-21 12:32:30,2017-12-22 02:51:00,2018-01-17 14:22:14,2018-01-24 20:42:19,2018-02-22,cd2380e5e46ea2443fd6b9be31c04fd0,2017-12-21
578c276c17c1fe56c31270a2a20f9982,477d86c69046e0524d097ce4619f78c2,delivered,2018-05-30 16:06:32,2018-05-30 16:16:46,2018-06-01 13:36:00,2018-06-05 22:49:58,2018-07-12,8b5abccd4c5a3b4e81ce4755b80a7930,2018-05-30
e7a9a4e0aae16d3a2f05bf2e75cf678d,9b1890ee72453831390557c7431dc6b8,delivered,2018-08-21 12:22:51,2018-08-22 04:05:21,2018-08-23 14:25:00,2018-08-24 13:51:02,2018-08-27,c511eb3cf17332bc009b84af382ff7e4,2018-08-21
9fc6440104c0af2d54ef7ff9e71703eb,fb773c7a9e646f63b60eb93ca7c12abb,delivered,2018-04-11 12:14:40,2018-04-11 13:30:38,2018-04-11 23:32:29,2018-04-25 23:08:45,2018-05-18,2699c84172e7610171dca87d920480ad,2018-04-11
219fda9e83f9a3ac8e1baa10d6cc6366,9e7a24d6f6c9076bcb0fdc71fdf19299,delivered,2017-06-08 21:53:18,2017-06-10 02:50:38,2017-06-13 14:28:16,2017-06-14 15:18:20,2017-06-22,1290fba514887e566603d7bbab49208f,2017-06-08
316c1fa727d9048a98c36aefbfd84e19,19cc846bb81d9669e98a8f410820fe0e,delivered,2017-04-03 13:52:26,2017-04-03 14:02:36,2017-04-05 15:05:21,2017-04-28 14:52:42,2017-05-09,169d2624b05eddb1fe594c7e3f135c00,2017-04-03
196427c776696ff46b1edcaf8f000dbe,4005256fc4a95f24f61fb7dccb7d6b97,delivered,2018-04-10 08:17:31,2018-04-10 08:30:16,2018-04-12 17:12:16,2018-04-19 15:55:43,2018-05-08,d64023c35e5c1452ce568e993ac12c86,2018-04-10
90daf8a4be0209f5561c754e9461925f,51722798df7658e633810cc6e0fa40a1,delivered,2017-09-06 12:19:55,2017-09-06 12:35:18,2017-09-08 20:51:21,2017-09-21 22:18:00,2017-09-27,3876fbca6c768943f0eae43e390256a1,2017-09-06
7687a7e01201cd5d9a13d6caaf17949e,dbfeff192be593c120aa3e9b4c8dab62,delivered,2018-07-23 17:32:49,2018-07-24 10:32:13,2018-07-25 11:24:00,2018-07-27 23:12:40,2018-08-07,44697669c48b44a36a5d7f6f4af0d075,2018-07-23
78cb9a560d2efd85da4adc637aab727f,fb51887c8244b5ca1d8f1f9e1b3bf4e7,delivered,2017-06-03 10:16:52,2017-06-06 13:35:33,2017-06-07 13:27:48,2017-06-19 16:32:27,2017-06-30,673e1a98d359aa4eebe7722f4864c86f,2017-06-03
a1b80d424c933786ee29fa4759d028cd,f86bc8b9c211984e6411e8fb3a4257b8,delivered,2017-04-22 13:35:46,2017-04-22 13:45:21,2017-04-24 17:06:15,2017-05-04 16:39:34,2017-05-17,10b08bdb1f35952c0ca17c39a471882b,2017-04-22
073f64b0ac2c4ba51efd4327faca2d39,cf59457e10b5553577503d3039b1ad7f,delivered,2017-08-05 17:47:16,2017-08-05 18:03:29,2017-08-07 17:52:01,2017-08-16 19:45:42,2017-08-29,16a909e83380bb2ae4676ca69ac30886,2017-08-05
8185a97f66edcfa0f558a3c6623fd8a0,67bf978c2017afdd83d5787655b02d94,delivered,2017-03-04 10:34:34,2017-03-04 10:45:14,2017-03-06 08:43:41,2017-03-16 10:31:20,2017-04-06,bce6d76e9cc90c466ba8a3d94cc42e4f,2017-03-04
55b8dc586cc360e553bf09d7f81ee36d,aa3f66cac5958025414f44650bf95ccb,delivered,2017-11-16 19:11:10,2017-11-16 19:34:51,2017-11-22 16:50:56,2017-12-15 00:16:52,2017-12-20,451dee688ac2dd6537e1f7d8da13d8f0,2017-11-16
0ab3d92f71090c758d1df7ff889a9335,6eeb0d55dcc3c0d2973619f1362da7f5,delivered,2018-07-10 20:08:33,2018-07-10 20:35:11,2018-07-11 15:59:00,2018-07-12 19:41:21,2018-07-18,657bfb35ce6639dadf558f9da1a15755,2018-07-10
8a4c749f6b6350f68770c00405f8612a,1dd35f79f890a122b4d634d1855c026f,delivered,2017-12-02 11:13:19,2017-12-05 04:18:32,2017-12-06 19:17:02,2017-12-22 01:58:33,2017-12-28,30064bf53a90a5f47e4ab33632e41b69,2017-12-02
7b186487147f406839316cb0a719d4b1,c87bdfa527f494e256901a8eaf082ec2,delivered,2018-08-04 13:18:33,2018-08-07 06:15:13,2018-08-08 10:30:00,2018-08-16 09:56:47,2018-08-28,70af4c53ef8785a916deae4611f1ad24,2018-08-04
5b5000f42c9f7a3bd25a2199e7f9d943,916ba025651123ee5d0e8443e16c6baf,delivered,2018-04-04 13:47:39,2018-04-04 14:10:19,2018-04-05 18:35:35,2018-04-06 15:18:32,2018-04-16,d34a190fae089f2ab716f4fe20748638,2018-04-04
572060f1be47253575daf3b88019195d,79a44abc3163fc1830f6afd0dc9acfc7,delivered,2017-11-10 11:05:17,2017-11-10 11:27:15,2017-11-14 22:41:55,2017-11-16 13:34:29,2017-11-24,da6431c5b14f192799af5fc3fde36257,2017-11-10
6af5d028aa14031c4afa3b5dd2d427ab,7388c946a76eef51eb68a9b11bd84efc,delivered,2018-05-11 13:24:45,2018-05-11 13:37:14,2018-05-11 17:09:00,2018-05-22 18:25:04,2018-06-01,bce006e903be688f122a39f45b210090,2018-05-11
a75dc59fb32aa2b2ba7db8573eabd774,2428a522e85ec8ffd6e3756fe7ddc782,delivered,2018-07-04 18:32:44,2018-07-05 16:30:53,2018-07-05 14:10:00,2018-07-09 17:48:53,2018-07-24,8b933910659ec0990aa151485e492b69,2018-07-04
b5ffba2e8295cec77424fe5dc22f2dd7,245ee3cc4d7ff145c25ff1d7ffb6a27d,delivered,2018-06-10 15:02:54,2018-06-10 15:15:11,2018-06-14 12:00:00,2018-06-18 22:38:54,2018-07-12,6bb2b298d1520cc82a31c5840dbf8683,2018-06-10
566aa88269ebf1551f8e2da76e215e08,835aa892fe91f66be24db3a0c91208e6,delivered,2018-03-31 23:52:42,2018-04-01 00:35:07,2018-04-03 20:41:55,2018-05-21 18:43:24,2018-05-08,264f4cb827da92a17f8296f54595aecf,2018-03-31
482b1368b99291637ea2882146292e37,c892c369241b3684e3c45864a2676648,delivered,2017-06-01 13:32:10,2017-06-01 13:42:26,2017-06-02 16:03:09,2017-06-12 14:17:35,2017-06-26,e5226aca1f153cc7e1de202c2a259035,2017-06-01
e9d187b8dc64f35026cf54590f38f6df,944a2a882a05e28038d5469d405badfa,delivered,2018-02-17 15:17:10,2018-02-20 07:46:10,2018-02-22 02:56:49,2018-03-14 20:24:55,2018-03-22,474dc55152d9636a4f660ca32374afcc,2018-02-17
aa87c4af248b5041ab8aa98338210d88,38189f2abad60e8555889178b232b953,delivered,2018-05-22 20:40:08,2018-05-24 02:34:56,2018-05-29 14:06:00,2018-06-14 06:14:35,2018-06-25,d46587a19ca3839ca9c3ece22f681a06,2018-05-22
88fee4747e42f5d4b4bdbf2a730d6e2a,d3d0223686600adaa14e86bbf6701f92,delivered,2017-12-29 20:20:52,2017-12-29 20:28:19,2018-01-03 18:54:55,2018-01-04 20:38:34,2018-01-18,00a78b45ea275348c1a8081bef9ab61b,2017-12-29
8c80df0eb894f3154628aa231b9eca9a,ccfceced361a54b2400e5132d160c8d8,delivered,2017-09-05 21:04:35,2017-09-07 02:50:37,2017-09-11 21:48:37,2017-09-26 15:12:07,2017-10-05,b2387b8bb8016bffddb4ff61265a4fd4,2017-09-05
1ab3bd545139c5b34144d589593b6755,0d40823f18a472145b6f7bc7e5e03134,delivered,2018-01-27 22:03:41,2018-01-27 22:16:17,2018-01-29 18:26:54,2018-01-30 15:42:51,2018-02-14,e4d322d40ec6ea84923d0cfb50a7eefe,2018-01-27
8d4b407022b632729179432fdecbc16e,d516b3d67e888a60101647dc1c73edad,delivered,2018-03-03 17:52:05,2018-03-03 18:08:58,2018-03-06 05:26:37,2018-04-11 16:46:37,2018-03-26,a889c50fed679f7833b0278c43e8e33c,2018-03-03
4c689245ea93c43c3bd76bda4dca1403,1d5049f05b24a406472459b56ee9502a,delivered,2017-05-06 13:45:58,2017-05-06 13:55:17,2017-05-09 07:38:06,2017-05-16 10:03:33,2017-06-07,def2e3c3c00fa219940b7215d8645d4c,2017-05-06
a6711e454e2bbe3bb021ec7fcfd3c6ac,1fe4bb7f2ece4888bdb2a9d107cb9fbf,delivered,2017-09-11 21:04:03,2017-09-11 21:23:28,2017-09-15 21:32:35,2017-10-03 19:49:55,2017-09-28,dd323ece3f697c242c8cca3acab52c51,2017-09-11
71145a0b672202052255b5463b5ae691,a09b097486f73f4377dda587823a04a7,delivered,2018-05-14 16:06:14,2018-05-14 16:36:36,2018-05-16 08:13:00,2018-06-12 22:42:47,2018-06-11,49fc8b93d4446f7f7ea0ca58c1444753,2018-05-14
292690a1c17b64307e5b90203f3adc84,1d456d2cad6541c5722961039c02ba09,delivered,2017-07-01 20:23:30,2017-07-01 20:35:14,2017-07-03 18:22:10,2017-07-10 17:44:03,2017-07-27,e6a223d0cf77662bdccf885c06cc5698,2017-07-01
920681fdec081e8ec3281225dd17487c,428e53086b257c10986247109dbcdad9,delivered,2017-03-11 22:54:26,2017-03-11 22:54:26,2017-03-14 13:40:00,2017-03-22 16:35:32,2017-03-30,5669148723002fdd7645383a967f622b,2017-03-11
275e4e88329d7a94af4043495a8a1047,accc74ec6e22e46c2685fa8dc84b4335,delivered,2018-05-16 21:19:03,2018-05-16 21:36:09,2018-05-17 15:06:00,2018-06-04 16:12:31,2018-06-18,b869eb95a44f9273813d31d9e20999e1,2018-05-16
37b8c558c5edf11ec6b82f288bcdcf8c,bca6eaf28cd32203c825bfdf794b188d,delivered,2017-10-06 01:07:20,2017-10-06 01:24:58,2017-10-06 20:42:27,2017-10-09 19:40:14,2017-10-24,7f4fe4d702d4a332568ce3510ddc6802,2017-10-06
2f1722b42c42fe13229264df753dfbfd,401827e8f25b227f54075e36b6739463,delivered,2017-12-12 22:10:20,2017-12-12 22:32:26,2017-12-13 23:52:39,2018-01-09 21:35:47,2018-01-16,171329b53da535931e000f1350ea56f6,2017-12-12
5b4251adca774e23a1d0d74ae856a44c,cbc5c2f15d8c9f82ff20cbc15f656b80,delivered,2018-04-20 11:04:07,2018-04-20 11:15:17,2018-04-23 17:28:49,2018-04-25 18:08:59,2018-05-10,954456f376f79dfa36460750500f7dc6,2018-04-20
deb805b3a0cb1a415c66ddda0f92e0a0,a0ff04ef67911eae8a588690b2149379,delivered,2018-03-02 16:37:13,2018-03-02 16:50:34,2018-03-06 01:08:25,2018-03-20 22:03:52,2018-03-20,70473c38b2a45f3bd53dc2e72226b182,2018-03-02
2bf122032657da71d81f97a2e1e1ce66,84ccde4ae523c9ebc2eb42f7e6211e93,delivered,2017-12-27 20:54:09,2017-12-27 21:07:04,2018-01-02 18:51:46,2018-01-04 15:06:00,2018-01-22,4735373c70fabcc3c705771f828362d7,2017-12-27
634e84824a339bf4b256a2cc09a0b3d7,06814f4a12766195eeb2d31fd70ec87a,delivered,2017-11-29 18:10:52,2017-11-29 18:37:21,2017-11-30 20:28:52,2017-12-28 21:43:42,2018-01-02,8eb7aa218cc6f14f7fe4bddf283fbb7e,2017-11-29
5b4f00a35fd58a123ce23e316367c174,da10d7aedd0897e941cc1fbe49b9c89a,delivered,2018-03-21 12:27:19,2018-03-21 12:47:37,2018-03-23 22:18:54,2018-04-02 19:35:06,2018-04-09,5f2ddeba1982e2cabfcf6d25bf00b66b,2018-03-21
b394c91714441e1146cc0091a94f99bd,7c401a6dc3bd9b73306079c94feb8e16,delivered,2018-07-18 21:56:16,2018-07-18 22:10:07,2018-07-19 13:25:00,2018-07-24 18:32:13,2018-08-06,2c97c0c366a208653fe4cd1b80c7775a,2018-07-18
430ebc81b5194447480aeaf0faf6c7a0,47d4c5b044b1b17904b1dfe28315fd4d,delivered,2017-12-04 09:44:24,2017-12-05 11:29:55,2017-12-08 16:24:56,2017-12-09 13:55:51,2017-12-20,fd9c282bd2b519ae5eaceed1c033e87f,2017-12-04
983416e50ec1adc19bffa333e3dc5bdd,73d4bf798b5fb0949f37e05e44ce606b,delivered,2018-08-01 19:19:09,2018-08-01 19:31:25,2018-08-06 14:17:00,2018-08-07 21:13:53,2018-08-13,249edbea73721545a4705796bb38f128,2018-08-01
a4763f72a6a9ff012d96a0e2b4d4b1ea,87149a37f6af0099e38270936d08c938,delivered,2018-05-01 22:12:28,2018-05-01 22:31:25,2018-05-02 15:07:00,2018-05-21 19:46:32,2018-05-18,343df898b9cd79daee03ad3ab687597b,2018-05-01
1712eb2031d48d8ea695b82d52759888,399c61a267a438e9b87d0e3eb7d322c7,delivered,2018-05-07 10:51:19,2018-05-07 17:56:10,2018-05-08 14:55:00,2018-05-09 20:06:45,2018-05-18,89d40b7d698af69add2d8f7248936740,2018-05-07
9451af299c7a1f4f25e00283ec35f778,1426c24b523a0802bf75b623ac310ba0,delivered,2018-07-12 08:42:08,2018-07-12 08:50:16,2018-07-17 14:16:00,2018-07-23 22:38:30,2018-08-17,4264ba16cd23f9d9b378358052ca9290,2018-07-12
57c8b21903ac8ad8de52488bbb4ada7b,dff7d214d0b7746cf254bddfb43add02,delivered,2017-11-25 08:13:21,2017-11-25 08:29:55,2017-12-07 23:48:51,2018-01-17 23:07:14,2017-12-20,32017730871ecc9c37152bf5c7a3b408,2017-11-25
fb0a1a5bc897d399e60669acf0063044,1a74f36a8fef5459af7347cd87e71794,delivered,2017-08-09 06:24:43,2017-08-09 06:43:33,2017-08-09 18:46:19,2017-08-16 19:04:57,2017-08-29,eb129673a452c0e5436b12fd03d5e815,2017-08-09
2cacbc4da6d979f44adb568674fe8763,369aebea9369c6003d6713c2432645f2,delivered,2018-05-07 20:15:59,2018-05-07 20:34:24,2018-05-09 15:48:00,2018-05-15 00:51:52,2018-05-24,11b336d1a673e4bae7db4ac857415347,2018-05-07
e84f839667bdb61865f74a90bc11ec11,3d20577b680eba8c0f24f1012404171b,delivered,2018-07-24 20:45:59,2018-07-24 21:04:15,2018-07-25 13:04:00,2018-07-26 16:22:03,2018-08-06,c78cd512115cd7973b8a132893866cb6,2018-07-24
048860a9cc82e1ab85c2d34174944cc8,98b76889a5a14021b4a1f8adf2f69665,delivered,2017-11-25 09:55:39,2017-11-28 03:19:34,2017-12-05 01:25:43,2017-12-11 12:05:16,2017-12-22,85310f2d3d0bfb31ab8657669422dd3c,2017-11-25
2e0f8d9b7a9374b8fe5ab2d24a44364a,d08b0eaa94f846b96666d81ac5233aa7,delivered,2017-06-01 10:56:37,2017-06-01 11:05:19,2017-06-02 11:42:32,2017-06-07 15:35:35,2017-07-04,131fccdb803e8d111fd74621f3c0d491,2017-06-01
186d853ccb29e4bc2470952ec61dbb39,68b3e1831221e63cd8e1ed2c2817c0d1,delivered,2018-07-13 14:29:51,2018-07-14 03:10:19,2018-07-16 14:52:00,2018-07-20 16:51:30,2018-08-02,f04be0cc31fe4e1778daa3d6c8929a0a,2018-07-13
c81eab32f3779536b6545c35604f70d3,173ea7007d1ac1d879e97fca6ef9312b,delivered,2018-04-12 15:49:12,2018-04-12 16:09:30,2018-04-13 20:10:53,2018-04-20 18:28:37,2018-05-08,55793e34e09ee9b1ff6cfdc7398257dd,2018-04-12
917971c9015d85949419eee8f288ac07,384d4edc7045d76d87dedede481fb4c5,delivered,2017-11-12 17:50:32,2017-11-12 18:07:15,2017-11-21 16:46:03,2017-11-30 23:44:48,2017-12-08,1e5444b2da8654b906232d77912d59bd,2017-11-12
055881c8e807f4d1147c2f075d51d604,e160fbbf934ea781f3f302118e931029,delivered,2018-04-26 23:38:08,2018-04-26 23:50:15,2018-04-27 15:06:00,2018-04-30 22:58:55,2018-05-10,4bc469b926091d01ac33aeabae48c415,2018-04-26
551320e40e766057c633ff653094bf5f,38f43bd87473e4c3c9a068a8465b27cf,delivered,2018-02-06 14:49:32,2018-02-08 07:49:58,2018-02-19 19:12:52,2018-03-06 17:16:09,2018-03-22,1b583b6ce0cafcf4c8dd8a23e54e07f4,2018-02-06
b3a60e4531d82485b6ed7c49ba266c66,5844a62772b729f3f92ba756dc9411e5,invoiced,2017-01-28 22:54:48,2017-01-28 23:31:44,,,2017-03-17,a4618346ed2c851bde1ab02759ea2e76,2017-01-28
e9e137d6138cddc86df8040508ba33e8,74a2c198ef667f0d4e2883108de0af74,delivered,2018-05-12 19:22:46,2018-05-12 19:35:22,2018-05-28 13:29:00,2018-06-04 22:09:42,2018-06-07,94626dc780fb071c48037a719449bf98,2018-05-12
9b89cca19e5d0e3f239ba4f8cb120d99,e7e6ea19adcb62ed5c15c332177c7028,delivered,2018-03-19 15:54:43,2018-03-20 03:08:32,2018-03-22 20:22:14,2018-04-06 23:36:33,2018-04-09,0d9adda6fe5e289ab3e35e3a88281f76,2018-03-19
1f448aec779fffc0060134f9c1c19370,b7bf1e5068f7f1f96b79256cf09a6f56,delivered,2017-11-24 15:56:20,2017-11-24 19:37:56,2017-11-28 20:37:09,2017-12-06 02:08:57,2017-12-14,a69bc3bdf000ea4e9d4ab48291597c2e,2017-11-24
75d87a7050b2959f4d5c51a28525e2d7,b69013f022544024af2ed8bf7fae976c,delivered,2018-01-08 20:04:04,2018-01-08 20:12:32,2018-01-10 18:45:17,2018-01-24 18:42:59,2018-02-02,535e76c08668acc7f9c8dff6161c866d,2018-01-08
8b030516b5067d6a711fad2df0bab663,81289e1391c93ec72b21c3ab59b5feee,delivered,2018-08-05 12:01:28,2018-08-05 12:15:23,2018-08-07 13:07:00,2018-08-21 16:03:14,2018-08-27,3c103d77bd410537ae2a32c2b8155477,2018-08-05
7d61ebcead33128e9bf98b49d336a1ff,8985b6d5bc22fc4a681e47ec3a5f3679,delivered,2017-10-14 07:31:28,2017-10-14 08:42:20,2017-10-16 20:09:55,2017-10-25 20:34:05,2017-11-07,1a85d10e646676972624f9b6673b1753,2017-10-14
232ed087a5c59841a1a56af1fe8d797d,e59077fac70edaa674a4967aa316e48d,delivered,2017-05-03 21:09:15,2017-05-03 21:22:28,2017-05-09 16:07:57,2017-05-23 10:47:57,2017-06-07,1ad1e13cd5548d43d147e73635e5ba3e,2017-05-03
ca8ff03738f16d623d89e6d57e54715c,1755c0ab132e1558aa343d3c666ecff0,delivered,2018-03-20 12:24:39,2018-03-20 12:49:26,2018-03-21 20:03:58,2018-04-07 12:08:38,2018-04-10,7aa421cd0ccf7b0d96499d976462c379,2018-03-20
5dc4353ecb73877d7222007f37958d82,b065dfae5c48e97372da9efe325b9bfb,delivered,2017-02-17 19:05:22,2017-02-17 19:23:02,2017-02-20 10:53:54,2017-03-01 10:05:09,2017-03-20,4394cce7a16aac93ea8f2c18124b1f92,2017-02-17
eeabc78605ac96ecbf5faa71117f660f,383073f9c52568d5a7dae0bc6c053b75,delivered,2018-06-16 19:40:23,2018-06-16 19:58:31,2018-06-19 15:37:00,2018-06-26 13:58:29,2018-07-26,09c8b6fec6774e8929bd5e826d57ab1a,2018-06-16
9bd46627fb3249657cec3b1320aea004,a35d47ce1242f49f967829e717bdade4,delivered,2018-08-01 00:02:17,2018-08-01 00:30:38,2018-08-15 15:07:00,2018-08-16 19:34:30,2018-08-14,ff946932c3126fc35f53628633d103b6,2018-08-01
c30a8d6054a170a67ee0986a7f1843bf,e6a54ff64a0d3bfa1c9f6a906f6b246a,delivered,2018-04-11 11:47:34,2018-04-11 11:55:16,2018-04-13 17:41:57,2018-04-24 21:07:06,2018-05-09,9426ebb67eb209eee17f84ce720b6493,2018-04-11
9f7f0cc34b8ad3893948112ddffed4f8,4384adc463626cb85f6d66d6fd94b5ff,delivered,2018-01-07 15:40:11,2018-01-07 15:51:22,2018-01-09 15:57:31,2018-01-17 23:17:58,2018-02-06,15bed8203d4a7b24c5f419810c23dd5e,2018-01-07
41718e6c54168559662771564e0cbaa0,f7f2c35d4c8892196a55e000c538005f,delivered,2017-06-23 12:23:53,2017-06-24 02:23:09,2017-06-27 14:57:12,2017-07-06 15:03:59,2017-07-25,6aeb4d907438bc718a6a13276f4d2246,2017-06-23
32e839df202e265a92fc882a73aca02f,68f99cdb70a1deda1e1e9b2c4f591987,delivered,2017-11-24 23:39:51,2017-11-28 03:33:23,2017-11-30 21:08:18,2017-12-07 15:22:23,2017-12-14,c5ae8dc077209a38cc64ba830ac26bbd,2017-11-24
224bad763c3bcc7aea8ca8f87fce6608,994901274206b0378c729c1c2146e3c6,delivered,2018-01-10 17:48:48,2018-01-11 17:39:20,2018-01-12 21:41:42,2018-01-17 18:02:51,2018-01-31,1136d74a0592e975b5be3035d78c6e7c,2018-01-10
600b6a5fc944f990a4163f99a9fa69c4,d76fd8ce78bd4ae0507c3e9d32c07f5b,delivered,2018-03-02 22:59:22,2018-03-02 23:10:34,2018-03-06 20:56:29,2018-03-15 16:36:55,2018-03-27,31ee6e1effe34e41549635db29aa9e78,2018-03-02
eefc2dca61d7ccab611eb2ef18eea94b,fef307b2eb12e7d5fb8aada30eae84f3,delivered,2018-01-07 23:08:30,2018-01-07 23:15:27,2018-01-09 21:37:18,2018-01-13 01:39:17,2018-01-31,effa3ddcc2156bd137b576c00aeab4ff,2018-01-07
0a8ab5666933ac4865f2c36c5e7b5a0c,5697cbe94d562410848751c5866649f6,delivered,2017-07-24 16:20:10,2017-07-24 16:30:18,2017-08-02 10:35:46,2017-08-09 17:23:08,2017-08-18,f3516af096848f3db0affd21223aec16,2017-07-24
d9e4018a5f1071690492d2b2b8c20f08,fcdcf40bd237e50b456209e14fd10ce4,delivered,2017-08-26 20:10:00,2017-08-26 20:25:24,2017-08-29 20:27:37,2017-09-04 12:17:51,2017-09-18,e6f1cccd4050b4ebccc3e5dc9b5993f0,2017-08-26
f3da2b9ffe90fbc13a8edac78c5ed5a1,59324caceae2cc1a5b246483864d7a95,delivered,2017-11-25 15:31:09,2017-11-25 15:51:47,2017-11-30 00:10:56,2017-12-19 16:22:11,2017-12-19,53ccf70665dab6af0ae44b370d84b61e,2017-11-25
bca2c019b40c204248a56707eabb2a2c,abd1cbc79c4a8e29986772e6ac493431,delivered,2017-03-29 20:06:38,2017-03-30 10:22:37,2017-03-30 18:46:09,2017-04-07 16:28:24,2017-04-20,38e88914df81a235886f2aec90904cc9,2017-03-29
9190e04b74994426c12aaf9723f5d959,734a65f3cae9b9996cb75bd89701f283,delivered,2018-08-09 12:24:54,2018-08-09 14:30:20,2018-08-13 15:27:00,2018-08-15 16:52:49,2018-08-16,e3683a4781cf392142a1f8142ac17cb8,2018-08-09
62a67b702512a0fa8e5b70d26369bdd3,7d24a4f248c9d34b88eae8d6e120e49c,delivered,2018-07-07 13:42:50,2018-07-11 03:45:43,2018-07-12 14:53:00,2018-07-24 18:58:33,2018-08-10,1cb2ccccd3f348ee0c632f8dc2e39da6,2018-07-07
9a3a5d9f44aaf3084676e57886d5c660,25f9e229977750c7c6d947171981014e,delivered,2017-06-02 15:58:47,2017-06-02 16:10:17,2017-06-03 08:03:06,2017-06-09 15:12:31,2017-06-29,55efbf9067365fe71d6b141a31f3f2a2,2017-06-02
f4acccb08d320d53aaec17225c6c7198,240c865a9f8ce153b1a4a0a3aed150b9,delivered,2017-07-14 22:42:19,2017-07-14 22:50:18,2017-07-17 18:04:00,2017-08-01 16:05:58,2017-08-17,4932f15020489990d03ecef264177e0e,2017-07-14
96b0216db4b7f5a35e9b0c7639de9f54,e56e4a76b25bcdd63c4524800a06dbc7,delivered,2018-03-10 13:32:03,2018-03-10 14:27:51,2018-03-14 19:08:33,2018-03-22 23:04:47,2018-03-28,fdc85558580c10498bbe86fe0fb9d996,2018-03-10
a24a47282e13a3896fb83d6f49403e95,fcf0a8e930625f8e0e76ee66eba88402,delivered,2018-07-12 09:40:48,2018-07-13 02:43:53,2018-07-13 12:47:00,2018-07-20 17:22:35,2018-08-01,4e12422635d70f004d852b15b3614751,2018-07-12
a9d514cec7786e74cf3b22b24b5562f7,632f6a3130e170ad74c54618b0a52fa3,delivered,2017-05-09 15:59:45,2017-05-09 16:15:17,2017-05-12 10:39:47,2017-05-19 16:05:58,2017-05-29,4bf595f17496ac8af412583acad4860b,2017-05-09
c8899924318a9e94b6bb939c2e0413d6,482b479c313204de48a1ceb1c2f9bdd4,delivered,2018-02-27 09:47:35,2018-02-27 10:09:40,2018-02-27 19:58:45,2018-04-16 17:19:19,2018-03-27,7a7918e12ba969acbd0991630e822efa,2018-02-27
19549a52bf4ab2fd2bab7f190e21a4c8,54bb3252daedb55292a31a3f4c18ba96,shipped,2018-06-09 20:18:40,2018-06-09 20:31:28,2018-06-12 12:16:00,,2018-07-12,079a55fef0145a0d809cba7dc3560e3c,2018-06-09
ed9662408a3bd79535370790a55d14f3,059d7492e1202078ff3b15924d42f765,delivered,2017-06-11 04:37:14,2017-06-11 04:50:15,2017-06-12 12:22:06,2017-06-13 16:04:29,2017-06-26,272e809ad03db04778059764d26e80e0,2017-06-11
9f2c1798fe24e69bf3317bc7b319c96c,150a3d642b9738fe8f8d6876a7168f96,delivered,2017-09-20 15:08:28,2017-09-21 03:04:47,2017-09-22 17:23:06,2017-10-04 19:46:33,2017-10-05,894382535eef1ce243ec19088626be0e,2017-09-20
b154b6c273af25ad4864ee4dcf0e47b8,dd0ebe50a2f4bf520764807c1d5ab294,delivered,2017-09-18 02:23:36,2017-09-19 03:38:21,2017-09-20 17:02:46,2017-09-21 21:16:36,2017-09-28,8a3e2983c35b5d2fb78686794986f7da,2017-09-18
ee1e5461125181b29a98058b3e16d26a,791e0f733f0569448daee59ca0573b4a,delivered,2017-09-10 18:30:54,2017-09-12 04:45:43,2017-09-12 13:42:39,2017-10-02 17:05:47,2017-10-06,85b33fdcff5e20584ac9ec8e3c559ea3,2017-09-10
3d15ff4099fc39d6eed5f8c1200521b7,f134b34785e8dac47c9ef048c49f0916,delivered,2018-08-05 19:38:18,2018-08-05 19:50:14,2018-08-08 13:55:00,2018-08-15 09:34:30,2018-08-21,e3259b1ff361ce816be518b2a3efed3f,2018-08-05
ffe3153dcf1c03911848f64ed557764b,9e73c9ebfd2c3c58898f89e7d0409ea4,delivered,2017-04-10 18:36:47,2017-04-11 03:55:09,2017-04-13 07:56:06,2017-04-20 06:42:41,2017-05-08,21b5bd1b2c31a2baf0f6f49f3d35ae5c,2017-04-10
79562db78b573c385bac088ede3973dc,e7b047f3e2c9bddb8f4dee625e0c0ce7,delivered,2017-04-26 09:43:36,2017-04-26 09:55:22,2017-04-27 14:08:03,2017-05-12 14:12:20,2017-05-17,f96342be3c45d47e6df6786297b04f84,2017-04-26
d03db25190f9915dd3f9df74b394f63f,e6aae10414e072fc934b448c5e4aecb8,delivered,2017-07-10 07:59:30,2017-07-11 04:03:40,2017-07-12 19:53:32,2017-07-18 19:48:01,2017-07-28,2649e2555733b0b99cab50a932390f8b,2017-07-10
6b58f3523e45f9838f702acbc21e2f51,ded54c534eae8f885d98e8a9dfa65b90,delivered,2018-05-07 16:17:00,2018-05-07 17:56:22,2018-05-08 13:54:00,2018-05-15 17:48:45,2018-05-28,0034c76b7e6a17d738375b99afc2f01e,2018-05-07
814d6a3a7c0b32b2ad929ac6328124e9,fffecc9f79fd8c764f843e9951b11341,delivered,2018-03-29 16:59:26,2018-03-29 17:10:27,2018-03-31 14:29:38,2018-04-10 17:20:49,2018-04-27,e5794df8573fa179a90a7b797fc4b71f,2018-03-29
3e02b2b05d2244a9fb8f748eaf4ab3ed,0df7ed475af4782bbba1363517a9ec16,delivered,2018-05-04 15:22:36,2018-05-04 15:35:14,2018-05-08 13:34:00,2018-05-11 23:28:43,2018-05-23,ad2496612be484d26991e7af767f29bb,2018-05-04
4b5fdd555b6aced1f150146b9c7a9e1d,bd5eec32a64e9b19766a2a9f9dfb2a77,delivered,2017-10-14 13:59:48,2017-10-17 03:56:19,2017-10-18 18:02:57,2017-10-31 18:08:02,2017-11-27,b197f4af65829575f2f333bd0e9fd204,2017-10-14
d9432bd8e6dd2eb13a3a1eb8b6f0aaf3,4a299ab1a7b9fe9a892f9d95a87faa4f,delivered,2018-03-24 18:47:50,2018-03-24 19:07:43,2018-03-28 14:48:55,2018-04-02 16:48:51,2018-04-12,5cd5ba782c132960c87ec86a9fc3ca9b,2018-03-24
d9824f21d1f1d7e95d054b0becab9790,8955805943d3a763a7f487f068a7f753,delivered,2017-12-26 20:25:27,2017-12-26 20:31:23,2017-12-27 21:03:23,2017-12-29 17:47:18,2018-01-15,9513bec831ef746d34736d4f3aaa0145,2017-12-26
defab1e640d2aed0c5c98b1465ceb7b7,9e4647d044b9cc509bafc345ce2fe5b0,delivered,2018-07-09 17:33:20,2018-07-09 17:45:15,2018-07-11 14:58:00,2018-07-12 20:15:25,2018-07-18,93f0dfb62bef782f0b248268f81f7681,2018-07-09
a201a3d5774c7b81c6a50dad1be5f488,f2d6a280d9aadd9fc04f2e1e4660e2b7,delivered,2017-07-06 22:50:32,2017-07-06 23:03:18,2017-07-07 16:37:40,2017-07-18 15:22:19,2017-08-07,07395d6e7fd36ef9c2c1c7fc2f0a2bf0,2017-07-06
a6943daaa93816310c2f34c75774e9e2,efa537b5cfd40d0e7205417f2269ad60,delivered,2017-05-16 15:04:15,2017-05-16 15:15:16,2017-05-19 21:54:27,2017-05-23 12:04:08,2017-05-30,2f106ac00fa01188cc5277f62cd2b101,2017-05-16
b4e3e891ffa5bf190cd6ebce16e4482d,895f2539c30e6bac09c33029e98cfbbd,delivered,2018-01-21 10:11:55,2018-01-22 13:46:14,2018-01-24 20:04:37,2018-02-02 00:06:37,2018-02-15,5bd72a5ba72683010f8385cff8bb92fd,2018-01-21
2b4da54d791ba338407fa772e336b880,ea2196dc456ba36fe4f6b81dca4867d4,delivered,2017-10-06 08:37:41,2017-10-07 08:44:25,2017-10-09 18:44:06,2017-11-03 21:52:12,2017-11-07,4a4de987b37555970ffcc9608d858a72,2017-10-06
b2d30dfaf7114de8ab3f737d062032fe,b498a2691a3bd3fcc7107cbdf3d5633a,delivered,2017-05-09 10:19:17,2017-05-10 02:50:18,2017-05-12 10:16:01,2017-05-24 15:04:42,2017-06-26,c5b5d779a0a9bc39e2d353566b29ee12,2017-05-09
f0fc39347a86802c8df13bde9111b01a,ced8cf14f3a428194fe15bb151edec3d,delivered,2017-03-12 17:42:52,2017-03-12 17:42:52,2017-03-13 11:13:36,2017-03-16 14:34:11,2017-03-30,934eaf954e2bb5c0787334b63576854f,2017-03-12
d53cd7a9ac75ec82c356f175ab8a848f,e169b3a3318da2c15bf0a83aa4e4da4d,delivered,2018-04-08 10:29:27,2018-04-08 10:49:54,2018-04-09 19:32:07,2018-04-10 21:21:26,2018-04-19,c356a5ece9a30aa1f4873db139587fba,2018-04-08
ce2b74275022f728e4d0c3302e07f13e,7737d8841ed827cfc36e025cd99b13d1,delivered,2018-05-19 22:28:49,2018-05-20 22:30:16,2018-05-21 15:51:00,2018-06-08 22:12:07,2018-06-08,33d6225e8b8048118b86ca866b44fbd8,2018-05-19
3be0ae91dc77cae9d86932b984c9d5f3,f584335e7322d7ad8ad035031214458d,delivered,2018-06-15 18:56:17,2018-06-15 19:19:25,2018-06-20 16:57:00,2018-07-31 17:31:58,2018-07-17,7982a126838b4905453367b0dacf075c,2018-06-15
fdda37c607e545cc35b20ab1eb1a057a,1d1c736115642f774623a24b4253bfdc,delivered,2018-05-10 22:08:11,2018-05-10 22:31:06,2018-05-11 13:41:00,2018-05-23 19:31:52,2018-06-01,f5b37fd5153213f3df6525903a8221c9,2018-05-10
a5da3a396df7ad64a8bba4f78773d557,905c292434c3a4f6e78a5bf3468a1488,delivered,2018-06-13 14:08:57,2018-06-15 02:37:27,2018-06-15 15:12:00,2018-06-20 16:56:57,2018-07-03,14874658d29b39139314051fc7892a11,2018-06-13
2336989704d5fa89aafab6b5a5132317,1869021f36753921537debb6357c18be,delivered,2017-11-17 13:11:12,2017-11-17 13:46:38,2017-11-22 15:55:30,2017-11-27 12:11:21,2017-12-06,eada36d54431c3fea3af17933c7db143,2017-11-17
a44e2259c6908814d76871d497766ae9,e93078b6816a4bf9e651abd16a29f9d0,delivered,2018-05-27 13:47:53,2018-05-28 13:54:40,2018-06-01 13:25:00,2018-06-13 19:41:17,2018-07-03,3f654376253697ad9c4458b7705d8c6e,2018-05-27
544d4de462a8ad0d9492999b6708ebcc,c6bd3c920258b9d27dc6d8766cfa0b90,delivered,2017-05-23 17:12:01,2017-05-23 17:23:09,2017-05-26 09:29:21,2017-05-30 05:47:59,2017-06-06,6829a606f6bd8cd46ca15c799d2dd71e,2017-05-23
840abd3649abc9df0cb782947a823490,c30edba688f5e5116e3d8c77856fa165,delivered,2018-04-19 14:32:03,2018-04-19 14:55:56,2018-04-20 17:08:54,2018-04-25 16:23:48,2018-05-17,86b64edb4f1a808d78b4792b0efa9eee,2018-04-19
57ffea3f7ad916af235cdde3811edb6f,3612f0bb7c0079715d6202d9a84cbcfd,delivered,2018-01-03 14:26:16,2018-01-05 09:57:23,2018-01-05 22:24:52,2018-01-15 16:12:28,2018-01-29,1bf6765c243d6039297f4f49948e53ad,2018-01-03
0361f3d4648b016237d77833005e4cfc,65b9e6171c6a2d994dcb5a6305317066,delivered,2017-11-06 12:34:37,2017-11-06 13:30:56,2017-11-08 18:03:56,2017-11-13 20:13:08,2017-11-28,bc7b9e0d078c0c01f622b38cfcd7ee9c,2017-11-06
5fa78e91b5cb84b6a8ccc42733f95742,c15eed3881abc9e06763c989679c5094,delivered,2017-11-30 01:51:23,2017-12-08 16:33:14,2017-12-09 00:53:08,2017-12-13 20:52:32,2017-12-18,48d6d950c0aba132537fc335c0c56e01,2017-11-30
c32264206a3adeaf75964372f602b40a,54e1a362d386863805db2b1cef80cdd6,delivered,2017-11-24 10:52:28,2017-11-24 12:32:25,2017-11-28 20:15:10,2017-11-29 16:36:58,2017-12-11,7659618a78ef6a37c80116d50c2ad901,2017-11-24
cd6fd1a1cf8a16a344a25ea0947af231,ce0e04764d4d76bf1001bfd5dc5d8779,delivered,2018-04-20 10:41:21,2018-04-20 10:55:26,2018-04-30 16:45:00,2018-05-07 16:46:50,2018-05-15,52c94e8b76cee46397ea911039c8820e,2018-04-20
f2773a0bd567f311e593f32952c57422,964f83e96d69b6e3c2a26da9e0fb42d2,delivered,2017-11-27 09:52:44,2017-11-27 10:11:42,2017-11-30 23:56:57,2017-12-04 13:27:48,2017-12-12,c480cddaa773445915dcbf23b1fdb450,2017-11-27
4e67f143b0c25b22aeab8e13b0dfba81,f070c29c9efc29501d6c7540ac317aa6,delivered,2017-09-26 22:17:09,2017-09-26 22:28:22,2017-09-28 18:12:59,2017-10-05 17:47:53,2017-10-13,74cb55ab807c4e4473ed0c7046ba9b58,2017-09-26
ecdec61b6acfa5ba6f5050cb64d166aa,d98ddec43f47c6057e4fdac2264c768a,delivered,2018-06-29 09:01:23,2018-06-29 09:10:32,2018-06-30 06:25:00,2018-07-04 19:24:47,2018-07-19,e6de3c7dad669dfb6d41d3a2963a6b7e,2018-06-29
538d5b9c472ee5e0f766651adc2e016d,6257a012a2882532b055d565322107ce,delivered,2017-10-27 14:40:36,2017-10-27 14:50:15,2017-11-01 15:18:52,2017-11-07 18:39:44,2017-11-10,679c2bd2f552f511d9608d01cdf1cd7f,2017-10-27
9e1813e190e6bbc1b75385fc8c7d7202,af2737c9aae345ba99928fb67331c3c5,delivered,2018-01-28 11:13:47,2018-01-28 11:30:17,2018-02-01 00:33:07,2018-02-25 13:36:48,2018-03-02,e41750f89cd6692aac1df600a44f1cb2,2018-01-28
ec53db0c1e77c52175b84c424d5f4ef7,b40548fc33e3fc04574918e88a8af0df,delivered,2018-02-24 23:49:37,2018-02-25 00:07:42,2018-02-27 23:09:28,2018-03-03 02:12:06,2018-03-16,0b8f24b53db0a16a598d6077d0d86232,2018-02-24
8046a8ff5327aee0844fc04bbbdc2780,745b217bcdd43c77e53db795a8cce73e,delivered,2018-01-10 09:46:59,2018-01-10 10:31:48,2018-01-10 18:59:15,2018-01-19 19:46:52,2018-02-01,369844e2fcfbee77511d04b97fe0dc0d,2018-01-10
ace3b21c5c57456d2e2215452829073b,6eed6b5d8b1ded4577be75de1db03132,delivered,2018-07-19 08:44:59,2018-07-21 03:30:19,2018-07-23 08:21:00,2018-07-24 15:12:29,2018-07-27,216a722b5668d566af889be36d892dad,2018-07-19
e36285554df73e171f9f41dbcf487b50,50044df9ed4639e4027eb9568c64c0b2,delivered,2018-08-01 20:50:46,2018-08-02 05:30:46,2018-08-03 12:00:00,2018-08-06 21:38:34,2018-08-07,350cf2359f4dc8e9c0681754e1556972,2018-08-01
63d2c28920a6381ffb2fff191e6e0ff9,e3b811c775c529afa4bcffcad0a28c40,delivered,2018-02-27 20:02:55,2018-03-01 02:48:23,2018-03-02 01:24:53,2018-03-26 18:22:43,2018-04-02,13b92150914d5e20e5cdba2d262a374e,2018-02-27
ff96d596c25445650eee60b94fa62244,8e2558cb3ad7b7a9d7ba47481b78fa64,delivered,2018-04-27 14:01:01,2018-04-28 13:50:07,2018-04-30 15:32:00,2018-05-10 20:21:59,2018-05-16,277a7a33e3cbe4eb57c740cf4195d816,2018-04-27
9bc65ad3f5f3bf9731bb7c9d73ac3756,ae71b6eabceb10fc65bd4c7edb0b24a1,delivered,2018-01-03 11:17:39,2018-01-03 11:28:25,2018-01-04 14:39:25,2018-01-09 16:25:02,2018-01-26,95c0f97a99204a7dd5a98d27e3c53933,2018-01-03
7ed96ba7a198e5f00ff7c88f85ee2c17,dacd6ae2592c8f85f7e5e5c7d7846af1,delivered,2018-03-13 20:05:11,2018-03-13 21:00:27,2018-03-16 19:41:51,2018-04-19 16:36:37,2018-04-16,d2801e87e161b485eb85e914c2524d3f,2018-03-13
9587bc545d7f5e1b8687a14fb3d2f6a9,85b6ce716956cffdea26fe7feb2379be,delivered,2018-01-13 21:30:26,2018-01-16 03:36:34,2018-01-17 22:51:43,2018-01-20 15:12:18,2018-01-30,13ac8c71beb3b21064cdc42fe696ec57,2018-01-13
f9af701b20215d529fbc24a4884ccf73,d95597cf8fd578a1e0e09891c81afbd6,delivered,2018-01-15 14:27:12,2018-01-16 03:40:05,2018-01-17 17:13:19,2018-01-31 17:13:00,2018-02-14,24fd425eecb638b532337c70bfe78be8,2018-01-15
6851ec30263a7e8975ca52c3e0772a00,2903d0c277c788ada0296a7370093152,delivered,2017-09-23 15:25:21,2017-09-23 15:35:13,2017-09-25 14:10:27,2017-10-16 23:09:37,2017-10-18,ece009c098adeee7f5a6832c62bcc824,2017-09-23
7d9bff34ab96999cbb7b18cfe622c731,f0b859bf10be8f9953db9e34fc3baca8,delivered,2018-03-01 23:45:15,2018-03-02 17:49:30,2018-03-06 02:42:14,2018-03-29 18:22:44,2018-03-26,7fcafd16846ad802c6e17347e4dccaeb,2018-03-01
49d37a348d815c6538b55ab71396e8c3,bc9a4eb297265a4ed697391e22fb3b32,delivered,2017-05-31 18:00:15,2017-05-31 18:10:12,2017-06-01 10:50:03,2017-06-06 10:13:50,2017-06-27,fbfa833214bf1b4ae5844aad3c4f3455,2017-05-31
b1737a1ef657350ee5e90c4035ad2aeb,69d4bf26c29d3e86be7ab9126b9a7e4d,delivered,2018-07-25 22:53:40,2018-07-25 23:05:18,2018-07-27 08:55:00,2018-08-02 17:51:39,2018-08-30,0a0bc01025ce6dbecc33717834faf717,2018-07-25
765077a5aa4353d785afcdccc40cbfd9,ab1a448195bfd64f02c4114a20292032,delivered,2018-05-04 14:46:10,2018-05-04 15:10:04,2018-05-08 15:13:00,2018-05-14 16:43:44,2018-05-23,1364b4c4c60ee8721ca021ed0629ea25,2018-05-04
9d53272cfdce55bd62a920f66ad66e47,ade97eafe40137331349c0826bdaec00,delivered,2018-07-04 14:47:16,2018-07-05 16:32:52,2018-07-05 12:23:00,2018-07-09 23:07:19,2018-08-01,3023ebc7c8f5f74ba9105ef666984881,2018-07-04
1bacdc28aad23d1396a3fd39fdaa6c4f,967afc6202a8b72db982bbd579fda7a7,delivered,2017-02-03 17:20:12,2017-02-03 17:30:16,2017-02-06 11:51:55,2017-02-09 09:51:35,2017-03-15,b0f6da4d4c644dd57ec5ac0aeaec92b2,2017-02-03
10e9f4b926adf55cefc13979e6b1d62b,cf96b5af1c0b18a84eb35a144c85f142,delivered,2017-02-11 16:42:22,2017-02-11 16:55:12,2017-02-13 09:59:57,2017-02-17 09:15:50,2017-03-16,e7c0adb16c7fea6d7f75c3d9e72f813b,2017-02-11
a201df9049369ecb87e5c87029a23e1f,1c91bcd4142213a9d1926d24ed87c255,delivered,2017-11-24 19:09:02,2017-11-24 22:53:04,2017-11-27 21:49:05,2017-12-19 22:44:54,2017-12-21,d5ac10e3a885ac4d3fd275a2c6c0891f,2017-11-24
f1e26a3e572b95d4a002309cc2ae18d7,2818329e7e6a36bf743c1ff39728cce7,delivered,2018-01-31 21:21:14,2018-01-31 21:35:28,2018-02-02 18:46:52,2018-02-21 20:43:11,2018-03-01,8a0bf5d1cb7b355fef3e3031608317d9,2018-01-31
923d48cd8689f993193b111a78125607,6caa2fa96f87d55a2a2d987df5410a78,delivered,2018-02-16 15:00:11,2018-02-16 15:40:22,2018-02-22 15:39:04,2018-03-01 16:08:55,2018-03-14,e255864a02b1ca7b163d6c603074e286,2018-02-16
6da21e87575fbed74117b812e9c31923,17283402d5531dc5425584148e479e22,delivered,2017-12-03 22:52:28,2017-12-05 04:13:48,2017-12-11 17:19:06,2017-12-29 21:18:42,2018-01-04,0fc53a0b4ce1b947356ebd10ed16e145,2017-12-03
de398ddd3c112d03a83aacdb609def35,8541c88bbd489fe5593ab37fcca9f6bf,delivered,2017-08-16 20:52:44,2017-08-16 22:35:31,2017-08-17 18:20:10,2017-08-28 21:49:58,2017-09-08,fd33f75cc59712d6fde968ddfb105e6b,2017-08-16
dda0996054bec18cafa1ede0d62dd3cb,fee8071ecc5ad2f5b2831c4fbd9b3cdd,delivered,2018-08-03 18:54:39,2018-08-04 04:24:17,2018-08-06 13:49:00,2018-08-10 15:44:27,2018-09-11,964419499a4f095f129f60a9e45e419b,2018-08-03
c0902caa9df6e499f3aa6d5acb55f6c5,1b4c056dff354094ffee2ecf97ae4d46,delivered,2018-07-16 14:23:51,2018-07-16 14:40:11,2018-07-17 13:29:00,2018-08-13 13:21:55,2018-08-06,12699f2ca13795bd21f3c9d4225bfdc3,2018-07-16
19eb6d9e0eec2ce9755aa5c2a0969eb2,d833ba377565bc8eb41c9d09e6068bdb,delivered,2018-07-27 10:09:56,2018-07-27 10:44:14,2018-07-30 11:31:00,2018-08-07 18:41:13,2018-08-21,4e8c732957439ada25d816c98f786697,2018-07-27
5d1aca6ae03324b5398c241b3b402be7,b36aecddfe5ccb0971ba9de40729416e,delivered,2018-06-11 13:34:54,2018-06-11 14:02:11,2018-06-12 15:05:00,2018-06-13 19:59:46,2018-06-20,29ca20390ebb1a670b4f22c0bf757b7c,2018-06-11
15209a5ea170d24d393e34f8bd52dbaf,c9211a09e264776a9be83b307ec11464,delivered,2018-06-07 16:12:03,2018-06-07 16:41:21,2018-06-12 15:11:00,2018-06-14 19:34:43,2018-06-25,5d7ff357d021646cf8adf2601713f624,2018-06-07
a1ac1b3f6c83ff04fe882ec7f8bf8a1f,62f6fda250fc0df6e11095f86f4316bc,delivered,2017-03-31 13:32:04,2017-03-31 13:42:18,2017-04-04 08:32:13,2017-04-10 13:40:00,2017-04-20,308164cab318a5f0779afaf2ac622679,2017-03-31
31398ae05a544e53c4d51d3866f416c2,a8dba309b5d223816d3baa504542c819,delivered,2018-03-20 11:38:41,2018-03-20 11:55:28,2018-03-20 23:07:36,2018-04-04 21:24:40,2018-04-10,eb20f592319d1527c3f1e497aa78d5bb,2018-03-20
9ef93df3442de1d9dd3a6b71322c1c3e,acb2bc172e66ed2aef88e4663e734e39,delivered,2018-03-11 10:15:14,2018-03-11 11:00:25,2018-03-12 23:12:10,2018-04-18 12:23:39,2018-04-10,225fc72a9127e4dc99f2cde9d08d28c4,2018-03-11
e0122dcea3d741a8fd7ab4cd7f770a63,f9f8a5b57c9a363b0251b3784c795423,delivered,2018-02-10 13:35:25,2018-02-15 03:56:22,2018-02-16 10:18:59,2018-03-01 16:11:48,2018-03-19,ab7b46f7ae1ea2049f143446131499dd,2018-02-10
a00c2705f34c2a1714b0f36b80ba8fe1,e22b62ce9c894895e17576fc4c701103,delivered,2018-02-19 13:47:17,2018-02-19 14:07:31,2018-02-21 00:12:56,2018-03-05 18:12:26,2018-03-09,aeeb6502629453606f6256a2c2e134eb,2018-02-19
897f5080530ad6a04d3aedf0756706dd,91e455beff1f9658ba509cb45983fc19,delivered,2017-06-04 23:49:13,2017-06-05 01:05:12,2017-06-08 14:19:18,2017-06-19 13:55:57,2017-06-28,6419a1be8feac26ec793667b71cbaeb4,2017-06-04
99daacedd8423e3b5169338429be0110,29cd5d64c1d683f8d652670417b62b8a,delivered,2018-05-29 19:12:11,2018-05-29 19:32:22,2018-05-30 07:56:00,2018-06-01 22:21:31,2018-06-29,c8363ce0bc801747400bc4af34cd1705,2018-05-29
1f7909465078f50556e6885d980da7fa,36da7d91971708e84091a9880562fbd0,delivered,2018-04-12 15:43:10,2018-04-13 02:32:07,2018-04-13 22:12:04,2018-04-17 19:39:51,2018-05-02,f195ee766317069e1edc7568f7f6e8de,2018-04-12
00fed9e582d5a3e38566872eec164ac6,8eafffbc006c6986450ed2a5e6f519c5,delivered,2017-09-26 14:49:01,2017-09-26 17:07:16,2017-10-04 08:33:14,2017-10-09 15:15:38,2017-10-24,b5b46581465f851df3529a30d2503f59,2017-09-26
200331f78002771b79409a9cf7962dfa,acca74d2a60c03b46a5256c02cef9244,delivered,2017-08-22 12:49:28,2017-08-22 13:07:26,2017-08-31 13:55:04,2017-09-05 18:40:50,2017-09-18,f34cd7fd85a1f8baff886edf09567be3,2017-08-22
d2c1f29355ffc2e07756f267aa965c28,5d5bc8b660d3dabde0c61511bd38b93a,delivered,2018-08-07 12:27:58,2018-08-08 03:25:15,2018-08-17 13:59:00,2018-08-23 18:22:49,2018-08-27,2b155682ad857dd6c196b58c31f24d6f,2018-08-07
66b7aa4a53c5c138ffe0aa7ac74dbea1,defdee1ccbcae0df479d0152602383a4,canceled,2017-10-26 21:33:43,2017-10-26 21:46:43,,,2017-11-14,a891c118adb7698d20d44612ec045a38,2017-10-26
d1ce1812e480013ad383372f2326fbb3,c9c174ab040e0d410c0c32e94582ef5d,delivered,2017-11-16 21:34:10,2017-11-18 02:29:13,2017-11-21 18:38:47,2017-11-23 18:47:42,2017-12-05,a14591d44d31cea5b4132c698b961067,2017-11-16
fa28b32a0c26a05aed07e5fec4c54b3a,6f7ed8a8514d8791f26e4b919cd28d4d,delivered,2018-08-01 10:27:42,2018-08-01 11:04:19,2018-08-02 11:54:00,2018-08-06 21:28:34,2018-08-10,8f5296bd464fb76bec1a7b45bcf5fc01,2018-08-01
04031f8b12339dcc12fa340fe96f00a6,dc61daf0c8964ce718ba769ac2755caa,delivered,2018-06-14 11:12:15,2018-06-14 11:42:36,2018-06-15 13:57:00,2018-06-23 17:34:44,2018-07-04,ac28016be4a1388484adf6576b9eb426,2018-06-14
2d1442daed29bb41ee9c31649d1b76ac,b5a7f6291839bbd290df4731d46146b1,delivered,2018-07-16 22:03:18,2018-07-16 22:15:21,2018-07-20 14:26:00,2018-07-25 19:15:31,2018-08-01,1a587b838a7e07d33c9d581e268d802a,2018-07-16
2846eb8607ac61c072c49f8c3d928691,0a312ef8311e4d1c2a9855f3b192878d,delivered,2018-07-17 13:40:35,2018-07-18 02:41:46,2018-07-18 15:06:00,2018-07-30 13:48:30,2018-08-14,aecbc868489903eb0eec69ec7a088344,2018-07-17
e6249cf2ec8f9ed63814e33eef1536bd,2437896c0fd2db6eab2c59f5e47be2ee,delivered,2018-05-17 16:37:14,2018-05-18 00:37:54,2018-05-18 13:05:00,2018-06-01 18:58:30,2018-06-18,d15398e68e82f5db291bc6c94675bce1,2018-05-17
d40dbedba7f8e8c83567c4096c8ab8c1,1212da3795e784371c8305d0e0dae7f8,delivered,2018-04-03 11:34:06,2018-04-03 11:49:04,2018-04-05 00:21:45,2018-04-11 00:47:42,2018-04-26,fb98fdc5f7cbfd7fc0e0553becb1e413,2018-04-03
42a182a5a785313dbb216c2d68c8c50b,5df146d8b2e237a0282c5cc2f495c5a4,delivered,2017-11-12 21:23:39,2017-11-14 04:31:04,2017-11-17 16:47:00,2017-11-27 20:12:51,2017-12-11,0651caa95e6a01a713ef3918e1f3e466,2017-11-12
0cee13b4c26d8a1508693a49a3859285,ebe05f984c0130e49c774ce2c9688835,delivered,2018-05-22 05:26:37,2018-05-22 17:14:49,2018-05-23 11:38:00,2018-06-06 13:26:33,2018-06-07,81133c6f891edaf2cd1193b262ab2ba7,2018-05-22
5b3a129d267d949715aa05716b21cc81,e5e1d1173b32986df5c489e8f192b6c2,delivered,2017-11-24 03:08:47,2017-11-24 03:30:19,2017-11-29 23:45:02,2017-12-07 20:59:50,2017-12-18,09ade7f71421811e0f29b115713ed463,2017-11-24
fb8704a67f800f55f7ae2d4e85e2782b,e39a1b2ef7580c7d050e6e2d941b1ceb,delivered,2017-08-21 14:19:29,2017-08-21 14:30:20,2017-08-22 18:24:11,2017-08-29 17:09:36,2017-09-13,444849193b432d1a714c0cbfe34a1845,2017-08-21
8698d57db8a2ba613af09a41102498a0,d92de8b66a60b56ab289d8418f45946e,delivered,2018-04-10 12:35:41,2018-04-10 12:50:12,2018-04-11 14:34:47,2018-04-13 15:08:37,2018-05-03,c52789521c1bb0c65919536ed5086b1d,2018-04-10
feefeb75fc11328c8bd36a9e6a691cad,b7fcefc029ee36a5d424ce99e18647d9,delivered,2018-03-21 17:17:47,2018-03-21 18:09:29,2018-03-23 02:18:43,2018-04-02 17:16:54,2018-04-23,d9162caaab9307aea4ddc43bfbfd48ba,2018-03-21
f8e766dd8b4fe03b6f897a862ce9240a,aa191250e4b72685f247d1f2ce7988ba,delivered,2018-05-02 17:34:45,2018-05-02 18:18:44,2018-05-08 15:03:00,2018-05-14 20:42:14,2018-05-29,ba58629f70cbcd89a22c6b146b52b858,2018-05-02
8acc03c83b14de718a6f275727b3001d,cc0dc6660942e0b9ba94d4ef6e6a18ff,delivered,2017-05-17 18:29:03,2017-05-17 18:42:20,2017-05-24 11:17:48,2017-05-29 13:53:44,2017-06-08,ff0053f211cda47ef0b3c139e7c07dc2,2017-05-17
485f9c30887ed3b1fb49d2f123ac3b08,a11e1fd66f38ab316781473a2fc2474c,delivered,2017-07-17 17:49:16,2017-07-17 18:23:21,2017-07-20 20:23:31,2017-07-21 17:03:45,2017-08-01,aa2ffc76040384f4dcc63d1ff2bbe4ff,2017-07-17
67ef29c9ba12b789eb12ac5ee9743826,f32407d844ff78bc0f0041b5fd29c1d6,delivered,2018-05-10 00:40:38,2018-05-11 00:58:33,2018-05-11 12:49:00,2018-05-14 19:31:36,2018-05-18,40a8a222280826e2de19cb02a7675489,2018-05-10
bb475ac6012993a0cca1bad5f52ee163,4f5fb5d2d93fc4cc7e43c29db4c0589b,delivered,2017-08-24 16:24:09,2017-08-25 02:50:12,2017-08-25 20:08:01,2017-09-05 17:36:35,2017-09-20,f9a4ab9ec987223ec43a54fa9abfde3b,2017-08-24
03330e2f4e93c51662a7c77d92a4e0fd,cc6a4635d81132a30bd989836fe9ff82,delivered,2017-09-17 10:15:49,2017-09-17 10:30:09,2017-09-19 16:46:56,2017-09-28 17:53:55,2017-10-10,e66926d000cad7d9ecc9c5f28537741e,2017-09-17
0f884853f408247bc673050f33f2c5e5,652401990964326fac92dbdf8ebd673a,delivered,2017-08-11 14:40:12,2017-08-11 14:55:14,2017-08-14 19:53:40,2017-08-21 20:36:23,2017-09-04,d06c02b1ffc8eec2c5a45d968354cb19,2017-08-11
974fd219891927f0d01b357f4400a622,a1938d6eb0dc6c5fdf04e33f6e7c74f8,delivered,2018-03-15 18:22:41,2018-03-15 18:35:34,2018-03-16 19:06:01,2018-04-14 09:34:45,2018-04-09,f2c08b92fc8f8634e72f8cc74f06a8f4,2018-03-15
6dd1e9171ca5bf5283a7ba404d491d7f,e62e830af196c5e53f3d4f39677ddb04,delivered,2018-03-14 14:01:13,2018-03-14 14:40:20,2018-03-16 18:24:29,2018-03-21 18:27:36,2018-03-26,c6fe82af3c1fdd1a71482fd267d989ae,2018-03-14
81a7125e95ebd20c40de58599400fa57,e72d423805669242172f8aa4355838ed,delivered,2017-03-11 17:00:35,2017-03-11 17:00:35,2017-03-15 11:29:52,2017-03-21 05:13:51,2017-03-30,dd94062410a20a56b8361c5215135509,2017-03-11
7e0887f9493193dc6b5b76f352088c90,64070c5f2b01790e6eb66086e9cc852a,delivered,2017-12-28 21:35:44,2017-12-28 21:47:45,2017-12-29 22:38:51,2018-01-03 12:05:14,2018-01-17,014dc284927e986549bf255eb79eb3ab,2017-12-28
a95678d13aa1133eda68827e63e5f769,1b49d294f87dff4d42dbe0a33b640e05,delivered,2018-04-29 23:56:01,2018-04-30 00:25:25,2018-05-08 15:07:00,2018-06-14 21:28:41,2018-06-01,211bf9e51be39cdf556b698de2b5b976,2018-04-29
29366ce497e0e082bda891ae3513f2ee,e815a1228ed484c069943e1fbcb2ec60,delivered,2018-08-16 21:55:21,2018-08-16 22:10:16,2018-08-17 12:22:00,2018-08-20 19:40:40,2018-08-23,f928fe29999315b76b70e8a7306cea58,2018-08-16
ecbda892f221f0914a655563629cf183,10ab967a88ce7fb40204d2e291a101ad,delivered,2018-06-07 13:40:15,2018-06-07 13:57:36,2018-06-11 13:37:00,2018-06-13 17:51:38,2018-07-16,eec478c640004ed81ae8d02e8657d677,2018-06-07
416f576fa91c3f4b9ea65b01c99928af,10806c478c2feed9f7e1638f26ac5de0,delivered,2018-02-05 13:50:59,2018-02-05 14:10:43,2018-02-14 22:36:29,2018-02-19 23:35:18,2018-03-02,5e7c819b29e0dacf54bb94c682097309,2018-02-05
60a492c2bbc08611ea853991c8cc8515,2a38d8241b0de1514aca7ac8f8114249,delivered,2018-01-17 20:07:34,2018-01-17 20:16:22,2018-01-18 23:52:45,2018-02-01 14:58:56,2018-03-02,92d64c6ff7a4ba537a0362f8c8af448a,2018-01-17
ef0db33f981ff522a3a3ad0212e9148e,2a724c261acbe630a47763c5af9e119c,delivered,2017-04-23 17:25:09,2017-04-23 17:35:16,2017-04-24 14:55:45,2017-05-02 16:32:53,2017-05-15,54bf1780705493f3224d73bd48e53186,2017-04-23
4b90912a086907b087947c385e8d13b1,aa9ca3127430c2e14db047a199e3d591,canceled,2018-08-01 16:39:52,2018-08-03 02:45:36,,,2018-08-06,95f2b2cbceea5975a3f2327282408348,2018-08-01
3d3047f50d4d6bee7d15f08de007146a,f4a6186958b0d272ad9a39b847891a87,delivered,2018-01-17 15:35:48,2018-01-17 15:48:36,2018-01-19 21:26:05,2018-01-26 14:18:27,2018-02-07,f9ba9d121b44dbe3f51d23097357f0a8,2018-01-17
697705c05da5ef945de721dd31bf23c6,635104f101d5c2725e94b44eeb8b0327,canceled,2017-02-03 11:31:48,2017-02-03 11:45:09,,,2017-03-28,ffa0ba4c9a6a0763879efe7c2b8d5b93,2017-02-03
ef28bc8d9d1354d38bf6c60248bae866,54f1fc5436af44e9d4ba8a542f63ed52,delivered,2018-07-22 11:46:23,2018-07-23 11:32:09,2018-07-24 14:24:00,2018-07-25 21:12:21,2018-07-31,df88cdb1c5581e5c0616741e2d11950a,2018-07-22
e995849d624de031646bce4313b6d2fd,ef7a6126dda7c82112244fd450181372,delivered,2018-06-11 21:29:44,2018-06-11 21:59:40,2018-06-12 15:16:00,2018-06-20 19:32:07,2018-07-18,d88fe035f4f3cdc57fbbcf9f2bd72ec6,2018-06-11
b0fc04e9a0f041eda1412e119b4046b4,2e44d5cc3d54587575b3b5143b284cf9,delivered,2018-07-27 15:55:26,2018-07-31 04:31:56,2018-07-31 11:17:00,2018-08-07 18:33:01,2018-08-27,254051b32617c41ec4f5120de0af0217,2018-07-27
d3338a2d613211c38ed44d8e63bce9a6,889caa9673bf7234670693f70a8adb5a,delivered,2017-11-27 20:02:37,2017-11-29 02:17:30,2017-11-29 21:13:19,2017-12-04 14:46:41,2017-12-19,0e437b2e6dbd55d677d0799f30a1dd89,2017-11-27
4a3c2e7b734aa3f1d81ab508964e0824,22f9ada7e24f7c3120649acbf2dfa44a,delivered,2018-03-02 18:19:29,2018-03-03 18:15:32,2018-03-07 19:31:37,2018-03-13 19:11:33,2018-03-28,cc5114f4de3aff0cb9652d63aa842185,2018-03-02
256d312e964585fcdb955a8e8edb7081,22dd57dda1a7124a255bec1538c5668e,delivered,2018-03-24 10:29:26,2018-03-24 11:48:17,2018-03-26 22:16:50,2018-03-28 00:12:22,2018-04-06,efcd1b1ac37b14b9b45dfc697aba1c7a,2018-03-24
716d6448e8cba0c1f833ff326041c66b,87ee52278f49510a6573beedd409e43c,delivered,2018-03-21 13:30:12,2018-03-21 13:48:02,2018-03-22 19:38:43,2018-04-10 13:29:53,2018-04-17,b619178eb4f697c3283943612910230a,2018-03-21
317c1b8ef01e3a3f2cf00c255bf96d5a,5333af7c373a807c80c7c4b10add41b1,delivered,2018-06-10 10:38:57,2018-06-12 05:16:28,2018-06-12 08:16:00,2018-06-18 12:49:46,2018-07-04,7c6ae0f1756e9e0c3be97c9acac60964,2018-06-10
e854923cb2654b1949879cbf0d84c8f5,906e9dacc899d7bedf34e9e357eb029d,delivered,2018-05-01 11:07:23,2018-05-03 04:32:46,2018-05-03 12:23:00,2018-05-08 20:47:29,2018-05-29,372c532b2c88f64b17135886b97e419b,2018-05-01
b41cc5a0872a7fd886b2cb2e300dbe7a,0e7dc1a303c6c24a96103b216d443185,delivered,2018-07-16 10:53:45,2018-07-17 04:31:56,2018-07-23 14:28:00,2018-07-24 14:21:35,2018-07-26,ada8dea5e28ec3e93fc7d67ac4428363,2018-07-16
48f9d17c83c033294536fa2933ca9324,c1e0bc20c20c0d70de759b3926524e38,delivered,2017-11-29 16:23:20,2017-11-29 17:24:50,2017-11-30 17:12:52,2017-12-12 21:33:19,2017-12-19,76ba7990f4fe3c00bb2786fe11167984,2017-11-29
4c44a8ec249fe349a7e4edb44665bdd4,cc8584e8f2f63e26a6fb913173ae9425,delivered,2018-01-15 13:54:27,2018-01-16 13:57:43,2018-01-16 23:09:52,2018-01-23 00:17:49,2018-02-09,06818129744f066c409e2894f0d0769c,2018-01-15
10988ba9421ea800479bf84c9e8ae1a0,bb11a0402a21bc1623466d259f60e763,delivered,2017-12-17 11:32:45,2017-12-17 11:54:25,2017-12-18 20:26:26,2017-12-21 21:09:08,2018-01-05,62f1e9dab5ffbb3c4be216c1a68840f1,2017-12-17
c0671cda25f7253fc814a9d6c9171583,6afa300ba4092c15e92ee6a1d6732310,delivered,2018-08-18 20:29:53,2018-08-18 20:49:46,2018-08-20 16:19:00,2018-08-24 23:03:11,2018-09-12,80d29c5d01827c0bcbbec7dd1f76fd13,2018-08-18
a885bfb7eeb7cadbafdbe6d2d40e2b29,ecd00d64f343a325711e5a5b1f189fa8,delivered,2018-02-27 22:01:08,2018-02-27 22:10:33,2018-02-28 20:37:59,2018-03-13 17:51:50,2018-03-22,5333a9644e22620ecf7b70dd05d3f9ae,2018-02-27
d2a113300be1ad556e4d030e6b83a0e0,920cff83215b879c9ace7a9f450c5238,delivered,2017-12-23 14:04:47,2017-12-23 14:13:23,2017-12-28 16:19:15,2018-01-19 19:07:06,2018-02-09,5fa98daffc39515dbf7e88a6d276e761,2017-12-23
3afe0a2538a748619bef413a2699533c,2b41897755f70536c8cb5d7b6123fbeb,delivered,2017-09-10 21:26:55,2017-09-11 21:35:22,2017-09-14 21:37:48,2017-09-25 20:12:29,2017-10-04,0616cdd8f0aa170f86bbad4b6129f752,2017-09-10
b7e0d9af89064d2bbc6b52c5dc4f6346,a701b36a1c16c14825fe0910734a9b31,delivered,2017-11-25 11:19:26,2017-11-27 19:58:21,2017-12-08 15:59:56,2017-12-10 18:57:02,2017-12-12,ccd2c7d551400f797ed2f8dc95404f91,2017-11-25
0c162a9eb881c1a8a2e5bcec41cd2cfd,0a431c57145b34aa4645a7c3b85bb149,delivered,2018-06-16 20:52:46,2018-06-16 21:16:50,2018-06-19 09:59:00,2018-06-25 22:26:48,2018-07-31,e6b62862f16a5a748d0b9ab37670a673,2018-06-16
237ccef2c5ca5a50e534a668cbfa9bb5,b0a4a3a6fd78feba9c40a924067fcf25,delivered,2018-03-16 16:16:33,2018-03-16 16:30:44,2018-03-20 22:11:51,2018-04-11 02:51:18,2018-04-18,3c845fb06d17e8e29e3780e25e995258,2018-03-16
58b8116d6f22fbd86cdf016608ae5641,b18d7d5d2afb593e538fd52b74c3eba4,delivered,2017-06-08 09:01:10,2017-06-10 02:50:12,2017-06-22 14:40:33,2017-07-06 16:47:51,2017-07-07,de8842603c4ac178323a8aedcd913d36,2017-06-08
a9748189a6d0793f59bc792194cf6e16,c3d92a27cd6ea267a7b86042bbcc9681,delivered,2018-03-22 14:48:14,2018-03-22 18:47:34,2018-04-03 20:13:13,2018-04-10 13:51:47,2018-04-23,906eb84c793b1dfca2424d233f098692,2018-03-22
24256430147a570d85ee2c83015eb905,46ff11393d08824c31df061cb7c785cf,delivered,2017-12-30 12:16:38,2017-12-31 12:11:27,2018-01-05 17:10:15,2018-01-25 18:05:40,2018-02-06,9408eba9dd5643f8587dea542db175c5,2017-12-30
f6b99780deb1f264dee5f8b809a3a34f,adb5acf675d7aa2740ab319260930714,delivered,2018-05-30 23:55:46,2018-05-31 00:16:20,2018-06-05 19:03:00,2018-06-06 14:15:54,2018-06-26,364dda50659741ca248d99f52aa93e46,2018-05-30
c844ef91766997bb8837db54617f605c,c60e3aaf686d1977964fb0f7120b21e0,delivered,2018-03-19 10:39:22,2018-03-21 02:56:08,2018-03-23 01:58:38,2018-03-27 15:07:44,2018-04-10,661e47af64e226f008685d742e52c2a4,2018-03-19
cc2ffb3f5021c120c807461757f214fd,5bbaf8d6878b9390faf46766c2efbdfd,delivered,2018-06-19 10:48:43,2018-06-19 10:56:10,2018-06-25 18:12:00,2018-07-03 00:36:38,2018-07-17,c1c431509360faa8a6344ddc22650d2e,2018-06-19
d17028f98cba67bc45687d1ca54cae08,1e23fba784387afc6669c56204668830,delivered,2018-02-01 10:08:06,2018-02-01 10:31:36,2018-02-02 19:27:04,2018-02-14 19:47:45,2018-03-02,1868a6ff6c20516cb45c3ef41360a94d,2018-02-01
b86c548c0f0a5812048bcae563b28443,d26f8a26188ffeddf91658e6e911fb24,delivered,2018-06-12 12:08:12,2018-06-12 12:43:59,2018-06-13 14:58:00,2018-06-14 20:23:31,2018-06-21,e1c85f77bb34db0755d61ea596e11ec1,2018-06-12
ce457974a91b6bddfebdf60b46c71b45,e52568b154e5cdfbfa1f8cf33736dd56,delivered,2017-03-21 21:23:44,2017-03-21 21:23:44,2017-03-24 13:20:00,2017-03-28 17:52:27,2017-04-10,44ac3628e86ad7c0f7ecadd40de7bdea,2017-03-21
1962f977f7b7b5eb73a3c2c39bbc93b5,a154f40a53dbfc81340f0834f035e89e,delivered,2017-01-26 16:28:04,2017-01-27 10:41:55,2017-01-27 16:30:24,2017-01-31 07:05:00,2017-03-02,b24f550daff91e457c446db85553ede0,2017-01-26
7729bd24067381622a58a0231d77fe2d,4c821ba0470f6b6f5e0bc7f230f8d143,delivered,2017-03-28 11:26:02,2017-03-28 11:35:23,2017-03-28 13:22:17,2017-04-04 15:27:54,2017-04-19,379d171e0e9e9c93992d8ad87d9f7513,2017-03-28
497e5e92e62cf84d974cd4345971f57a,7ca37e6a93a56f66b7752682d60ba176,delivered,2017-06-16 13:45:02,2017-06-20 10:50:29,2017-06-20 14:07:30,2017-07-11 21:06:38,2017-07-20,59f65444dd66028dcc0cf4d88bef9a07,2017-06-16
2fd13e188541306cd666e921f2f4dd4e,8fc482a4ca67de29baf10e76de6f1b4e,delivered,2017-08-08 16:13:36,2017-08-09 16:23:43,2017-08-11 15:57:36,2017-08-18 22:03:55,2017-09-08,f82a4c2fd4305e933440ab6ef82efba8,2017-08-08
cc7a01248e3779979631ce8dea5c8292,bafc01a86a63039112af25baf2791982,delivered,2018-02-26 09:47:27,2018-02-27 04:30:58,2018-03-03 15:24:32,2018-04-17 16:03:23,2018-03-20,689c86311ffef9f2c5c525cad2717e53,2018-02-26
e0e3cde1bd7f993b460771481843727f,c30def9299a42a45fc635a77f7aa8d10,delivered,2018-04-15 13:42:02,2018-04-15 13:55:19,2018-04-16 18:46:35,2018-04-24 18:32:48,2018-05-09,053ee39e5fff8053a860892cbd54d1ed,2018-04-15
107c13bd61028594c5dd87a1acf92f45,b0a0e63ecef4a8b34f52679ca8f9f64d,delivered,2018-08-03 02:06:57,2018-08-03 02:23:54,2018-08-09 14:45:00,2018-08-18 14:36:26,2018-08-23,a0cb03819b1c21f845ea582427946628,2018-08-03
b399bf8460a4972b832cc6916c415454,9c155d8731e0b25e5e6e46908796ee52,delivered,2017-12-09 12:08:24,2017-12-09 13:11:44,2017-12-12 15:17:15,2017-12-26 22:09:18,2018-01-12,294ca425012a525f935fcf48fef113b4,2017-12-09
8515799bbeff7b1ede702dfeef295abe,871f061b7cf76e14d610d2b1408f925e,delivered,2018-02-25 14:16:29,2018-02-25 14:47:36,2018-03-01 20:12:10,2018-03-13 23:56:26,2018-03-20,0ef5fe2f1bde0af1deb30f5d11c524cf,2018-02-25
fe99f8be754e8a75c4201c7156bd99ee,829bef4f2034240ba8baa923960704f5,delivered,2017-06-02 14:32:06,2017-06-02 14:43:00,2017-06-02 15:17:29,2017-06-09 17:22:45,2017-07-07,14fbd0f5e5857af4b2b8f6062d7ca0be,2017-06-02
b808172914c4ad1d4c3b7917097b33ea,ba31215f5bab89b26ac8a363565af45e,delivered,2017-12-15 17:47:00,2017-12-19 09:34:33,2017-12-20 20:43:14,2017-12-27 20:16:35,2018-01-22,b4b0c2a72f9cb454d86064e21514b036,2017-12-15
2779755b606fbe6d1b4b843771756dfe,74dfb907a60cfa132eb67a88446eea41,delivered,2017-06-23 11:56:55,2017-06-23 12:05:38,2017-06-27 14:51:56,2017-06-28 10:21:45,2017-07-06,024741ae16493ea617e06ecc277c7069,2017-06-23
7bafef951403e7a27d9f262007842004,9d72a071f26e369dfc41e8805ceb3c2f,delivered,2018-04-18 11:48:34,2018-04-18 12:10:23,2018-04-19 18:56:50,2018-04-27 18:14:46,2018-05-15,e15f454eddd940c51be37a92d58394d1,2018-04-18
8d63ca46a0e069de89f99f9957fbe517,e47985eaac8e59b10c9fee59fa57ae92,delivered,2017-07-17 22:04:38,2017-07-17 22:15:22,2017-07-18 12:17:54,2017-07-24 17:52:51,2017-08-08,7eff2793b08e03fb7949f498e5a9d3f0,2017-07-17
8809eb241de20bada1a2eedfa3c47504,b4d65a5315229c8b228ed56e5eaf3af6,delivered,2017-10-17 14:36:26,2017-10-17 14:49:38,2017-10-18 21:04:26,2017-10-27 19:28:50,2017-11-13,375369861db1f30642981bbbed0c940e,2017-10-17
00fe20fc069833ab95021b46d6862646,ddb83a5b3161520fcd64863c1a266ec4,delivered,2018-04-25 21:35:14,2018-04-25 21:51:22,2018-04-26 14:43:00,2018-04-27 18:04:46,2018-05-28,9b06f6c009832ad8a108a8ae7367ad4c,2018-04-25
59153dae34968fe90642c6a919d61c09,4b39f228d411b11780571eee7621b6f4,delivered,2018-04-22 10:21:29,2018-04-24 17:44:10,2018-04-24 20:11:02,2018-05-30 19:16:37,2018-05-15,0a457028c201f7c7fc0236b4eb1bc128,2018-04-22
a97db97f3de8482639f040b8e6a81be3,e07998356beee5173909c8a6df66b48b,delivered,2018-03-01 02:46:15,2018-03-01 02:55:29,2018-03-15 01:58:41,2018-03-27 19:27:43,2018-03-19,308ca2d98630aac1d7fb9b1951cc63d5,2018-03-01
b9bb7dc5b3014d158c4d61d500c97a18,b34c248b00a925d02d3d4a1c5877e482,delivered,2018-06-20 23:03:42,2018-06-21 01:17:15,2018-06-21 13:25:00,2018-06-22 15:06:30,2018-07-03,e533c359f12f908382cf31d51ef1e684,2018-06-20
5a94fd90d3f89448e9e870e7cec75c52,772c0cc8054e2559cd15a12f7e4116bb,delivered,2017-08-07 20:34:03,2017-08-07 21:30:17,2017-08-08 18:09:44,2017-08-10 19:07:12,2017-09-01,374a0f57bae9d619b5f609f34f1ea113,2017-08-07
e5461a7d20e6f38be093afea98b3af5c,150ee9a5d40c5a45658e245b3e05bf65,delivered,2018-06-30 19:54:29,2018-06-30 20:10:12,2018-07-03 15:44:00,2018-07-04 20:41:52,2018-07-19,a0dcdc41c00a801fba589f79dcd3c8f3,2018-06-30
c79bdf061e22288609201ec60deb42fb,fe4176df564772c058286208c0daa2a8,processing,2017-05-01 18:58:54,2017-05-01 19:05:20,,,2017-06-06,a78c7a68877d33bacf81b01bc4a4d2f2,2017-05-01
89feba7ceb08111c23997213c7533474,5d43a0a7bc4fc42a39f0d83b643a76b6,delivered,2018-01-22 08:51:39,2018-01-22 14:13:16,2018-01-22 22:18:33,2018-01-24 16:44:58,2018-02-19,80db7607bb2c656e30f2bd272ca44e37,2018-01-22
f776c57636792f1caf6b4611aa890464,4dd59a7d17b585dd01c57a0898e7ac37,delivered,2017-03-19 12:39:59,2017-03-19 12:39:59,2017-03-22 12:57:45,2017-03-28 13:52:37,2017-04-06,f2a4f4165b72d65a5e7d10bbce13cecf,2017-03-19
f265f016642c24f79e490f7d201b7e36,714a0994b31a6d165fadcc089827fdbf,delivered,2018-07-19 09:36:18,2018-07-21 03:25:13,2018-07-21 08:56:00,2018-08-01 19:19:03,2018-08-02,c4854939d499d4786a9273c855fa6b77,2018-07-19
34cf44f59601c4ff2198022ce3dd8bf2,714ec4fb218c4a92ff8b5ae8f89395fc,delivered,2018-02-08 13:23:41,2018-02-09 10:11:24,2018-02-09 20:38:56,2018-03-07 18:38:42,2018-03-14,4c9d6be7ac6cbc8f5477ea7e956b27e3,2018-02-08
328992b5e36f5977542f8aa16b0ed161,40d7aa838f40cb4af3266f21abd232b0,delivered,2018-06-01 16:39:49,2018-06-01 16:51:20,2018-06-06 13:21:00,2018-06-14 16:38:25,2018-07-16,890dde15f8e7f3d289a24ce834659c7d,2018-06-01
830f207231f6336678cc44594aa941d1,8cf9ef26c14f33abb31bc42e6446ab12,delivered,2017-02-08 12:05:04,2017-02-08 12:31:36,2017-02-09 11:52:14,2017-02-17 12:51:54,2017-03-13,d2668f07dbe21a92c87ffd259e6abb55,2017-02-08
a6859146a0ab98919db0eb3f48940ab8,ceb895511e0b3071a9dae1c936e9f218,delivered,2018-05-15 19:35:01,2018-05-15 19:53:13,2018-05-17 08:25:00,2018-05-21 15:08:45,2018-05-30,aec5d5e49b0816f47f2c8afff624ac54,2018-05-15
9476b4b16d22b40903f24895e4038590,e291006078a197e3e671f521e7a2da9b,delivered,2018-08-06 23:54:10,2018-08-07 00:05:33,2018-08-08 11:30:00,2018-08-13 21:16:34,2018-08-24,64faf0e0d5618314500d43f4c26f254e,2018-08-06
437f9569f80867dcf497500e087d8851,1a8e3bea3bf138835edea5f557354df3,delivered,2018-05-11 18:35:29,2018-05-11 19:01:21,2018-05-15 14:34:00,2018-05-21 13:36:46,2018-05-24,348b0bc12d0d1c2c385e90b1876bdcb6,2018-05-11
f5d449b4250520f5f0ff34a6e557f510,60d46256c7eb83cdabcddb33162392d3,delivered,2018-05-01 13:36:34,2018-05-01 13:50:32,2018-05-02 15:20:00,2018-05-21 18:22:10,2018-06-04,1805cf17dbca7e07af3ad3ac6d734b4b,2018-05-01
675796182079d67e4aa305e1e98e9eda,4d6fbcefdd7b6cdb4e2b7d45176fa670,delivered,2017-11-22 13:20:44,2017-11-22 13:29:01,2017-11-23 18:03:09,2017-12-01 00:42:10,2017-12-11,52a742689eacfe902565b680b690cf17,2017-11-22
62bd1bdb09eaee292d99c84bb06ad4af,b8122cc4df7b9f954befa38e17b1f103,delivered,2018-06-12 15:58:39,2018-06-12 16:32:39,2018-06-14 12:03:00,2018-06-22 07:47:45,2018-06-21,27edf5f5ae25d2e4058ff90231d6381b,2018-06-12
9025b1ef6fa4866273bb59262b6ac2a7,fd1cbf66b9bd7955cc46ea70fcef8eb3,delivered,2018-02-16 10:02:31,2018-02-16 10:31:07,2018-02-21 20:58:46,2018-02-27 20:26:43,2018-03-09,8437cb35ad639338a15d5d952434aaa5,2018-02-16
8af6e63a87680604c9bb2098f866505b,e1acd257a377d00f70710a438c472cb5,delivered,2018-08-12 15:36:52,2018-08-14 04:55:25,2018-08-16 12:26:00,2018-08-20 18:04:28,2018-09-05,7d2df5c2566f1fa43f9cd060da58e489,2018-08-12
00a690becda145533fa5a54daa7b6ad5,2826dbfaa1d90ea2b97c93c35fc4cd92,delivered,2018-04-08 21:55:50,2018-04-08 22:09:40,2018-04-09 22:28:54,2018-04-24 12:57:05,2018-05-08,5d5fe6ce70b1d9f2163eca85df9e6f85,2018-04-08
448153a49cab173332476ab64bc6f815,7fc236b7ae04cda8b15ed7d22e40b790,delivered,2018-05-09 19:09:53,2018-05-09 19:34:15,2018-05-17 13:52:00,2018-06-21 19:15:23,2018-06-04,80c663ae112847b03d69e4eb1e041024,2018-05-09
892d14cfe4157476879d57275df6615f,8ec8f7e04ca4ce33fcf8fddd94bda3e0,delivered,2017-10-17 22:36:32,2017-10-17 22:49:54,2017-10-19 23:18:38,2017-11-09 21:49:40,2017-11-16,b89347929e7c28af4cbcd8beda5cc59f,2017-10-17
538e2ceda8430c002071a7f8f4bdae31,3f5b7fa73e86b9429183fcf404460935,delivered,2017-11-24 11:33:08,2017-11-24 13:32:53,2017-12-01 20:08:52,2017-12-07 15:48:29,2017-12-19,2edd59a104a0ba87daa75d74306f9203,2017-11-24
222c6bc1698aec767223c052bf66327d,f78f9e3b2e5a3060c957bf427cf94485,delivered,2017-05-22 21:53:14,2017-05-22 22:03:01,2017-05-23 14:27:19,2017-05-24 14:43:09,2017-06-02,58bf69d651632f0a65f9550935e881c3,2017-05-22
2446d3b0814e1baa4253e67f59f9c509,32cec5605991647cfc79741f0aad7279,delivered,2018-02-05 21:05:31,2018-02-05 21:15:30,2018-02-06 22:48:34,2018-02-26 21:05:18,2018-03-02,b98101cc8a39eab9983f9aa5a110f5e1,2018-02-05
f19d5645511d4cfda32b81bf9a99d98d,98f5db9fd1135993364b831199cccf69,delivered,2017-12-15 21:34:45,2017-12-17 22:33:01,2017-12-19 23:36:36,2017-12-28 16:44:14,2018-01-15,3d25ab6dc38dc1a65011ef99b4c0a8c8,2017-12-15
f76a4a871a67dc644379c09dc683c967,c1b119e6aba121f22bbc8c84b41dd47a,delivered,2017-09-22 00:12:54,2017-09-22 00:30:14,2017-09-27 19:52:49,2017-10-13 21:52:21,2017-10-18,290b9cb882e7c0f2f5fa1cc30941e4bb,2017-09-22
8118912182c883b35f48b81b7f65bbf1,910698aa47722627838e6927a4ad45dc,delivered,2018-03-15 16:04:59,2018-03-17 02:40:30,2018-03-20 23:38:48,2018-03-24 13:26:22,2018-04-06,dee1229521d4447a7b8043e1c990daf9,2018-03-15
8057c793245dec5326e574b4c692e82b,0068b31b2dd799c334e7b6283333f84a,delivered,2017-12-22 18:18:06,2017-12-22 18:29:35,2017-12-27 20:32:16,2018-01-19 19:35:06,2018-01-22,d7104510a89e6fb895b8104650173787,2017-12-22
abc61b624c9611e850c2f84c17acc0c3,f91986733d4a59b9fa58b33468548c70,delivered,2018-03-14 22:09:41,2018-03-14 22:29:48,2018-03-15 18:58:50,2018-04-03 13:58:23,2018-04-02,b771739d471577fbd7ad052bbf3a801d,2018-03-14
811acfa349a56222b8ca357b548123bb,213b3c211d63fb0852d95fc3b7a0a243,delivered,2017-11-24 21:33:21,2017-11-25 01:31:45,2017-11-29 19:33:24,2017-12-07 02:29:05,2017-12-18,d472904134d53e7a4c75927ab4138c19,2017-11-24
e289e03a994a1caeb6035f1a6a7c3627,7fe8ad3da0eed925b63b9e35391c6770,delivered,2018-07-13 09:09:53,2018-07-13 09:26:16,2018-07-13 14:07:00,2018-07-25 18:18:41,2018-08-02,96492ffd14f67df53d96fed5fa5409c7,2018-07-13
87f5459154d93c683a3c80852ca35dc7,470130101d8d9784d2a135c0f3b56b65,delivered,2017-11-28 15:57:03,2017-11-30 02:20:05,2017-12-06 16:52:21,2017-12-13 16:36:58,2017-12-26,398a0d7341805ed8598aa95a98aa8f2a,2017-11-28
3a9ddae8c6c9ec787ccf981dbbf34499,5b80475c957227ff5f0a5f256e9b0274,delivered,2018-03-29 10:06:59,2018-03-29 10:27:59,2018-04-05 12:08:42,2018-04-07 19:42:49,2018-04-11,671752cd392a11e2876ec45578684857,2018-03-29
e27d61d435972fe5632bbfcdee617adf,b829f33e3253c0c72d8079a19bc37a19,delivered,2018-02-28 21:37:09,2018-02-28 21:50:39,2018-03-01 19:41:52,2018-03-16 00:32:46,2018-03-13,0a7ae5b58e1e8ceada8ba1d6510d30df,2018-02-28
cfa77ac0694c1a3fca0789c087b84411,83bca7f247f86f58f2361abf24b61726,delivered,2017-03-06 19:35:44,2017-03-06 19:50:20,2017-03-07 13:57:57,2017-03-13 11:18:09,2017-03-28,b7eab7a6fd456a4a5971575074a89b50,2017-03-06
b3b2a51d0203c5d48964aeea04d9304f,ac9baec685205327bffcb02ff3164a98,delivered,2017-11-13 12:16:11,2017-11-14 03:55:24,2017-11-14 20:51:45,2017-11-24 18:41:25,2017-12-04,58d8ef59562e6739d535a4a3d7863ce2,2017-11-13
723e462ce1ee50e024887c0b403130f3,1353b6db7e448ecfad1a4cd13b95f832,delivered,2018-01-06 20:03:11,2018-01-06 20:17:25,2018-01-10 18:09:48,2018-01-22 23:18:57,2018-02-08,8fcf63613662e902d775fa5aa245c5e0,2018-01-06
59b115dfb1007eca4cb7cd1a4cf2c790,c36218bce6a33d4814601c7744386d9e,delivered,2017-09-03 15:10:42,2017-09-03 15:23:49,2017-09-06 23:49:54,2017-09-12 22:15:44,2017-09-27,8ed5f159139eb38172d25a57e129e87f,2017-09-03
58d6b7ad12ad08c7c8031d623ea2219d,2202f25c6279be61c311a3af46157e32,delivered,2018-06-19 08:56:08,2018-06-19 09:18:25,2018-06-22 14:57:00,2018-06-28 13:03:56,2018-07-16,3633902a0addd1ffc74cbc13d96da288,2018-06-19
f0e01d6f2b6f8e6d1284230a837c26c1,5978229cd0ad3adfd6347768eceb13cb,delivered,2018-01-20 00:38:30,2018-01-20 01:07:36,2018-01-30 20:32:05,2018-02-16 19:29:13,2018-03-07,df69d28fe8c261fae0054eba1168f533,2018-01-20
c6288a2ebaec7be15c86e33857a13533,b2989fe3a7b80cfcada834cba8c771e1,delivered,2018-04-05 19:05:13,2018-04-07 02:50:21,2018-04-10 21:19:14,2018-04-11 21:47:50,2018-04-20,da2a27ff533f2565125f74f7b062afee,2018-04-05
9d525e537711d24dba959b750dd6fbbc,4bcfea5b436d2fce8a78497c515a56e4,delivered,2018-07-23 10:51:17,2018-07-23 13:24:29,2018-07-31 14:27:00,2018-08-07 18:33:02,2018-08-06,3c943fa0307df17ea17cff5d8af3a96c,2018-07-23
f4e3efa8e78dfe5fcf02d849dabe3869,01aed44f9b372a8b9a40201cf7c155a3,delivered,2018-07-31 17:46:53,2018-08-02 05:30:52,2018-08-02 10:20:00,2018-08-06 17:54:58,2018-08-09,023626329895d11d199a1bf57dcbc546,2018-07-31
39db680b351ff2d7cff66f66d73083d1,1f8a895c0b8586884d309779642266d4,delivered,2018-05-03 16:21:45,2018-05-03 16:35:29,2018-05-04 12:50:00,2018-05-14 20:37:25,2018-05-28,3b8fa5764ce2909afcc708128463da8f,2018-05-03
becc93b30e0f67e640b3a43ef08f396d,9fb1e1afbab6acc30878852fa9bb1f6f,delivered,2018-08-09 17:38:44,2018-08-09 17:55:18,2018-08-10 13:04:00,2018-08-21 17:27:33,2018-08-27,29a42800a23063e555b08f02bbabb3f3,2018-08-09
e4d61351ce186ccc134b684f991a3abd,d7a062140afd5082a93efc3115b6bb53,delivered,2017-11-30 13:52:30,2017-11-30 14:17:12,2017-12-05 01:16:37,2017-12-13 20:58:32,2018-01-03,a6746560f0f9b780b644b150b04051f9,2017-11-30
7cb2307c0136a7780ba260708d733818,b557dd6908ccbfa7cf80582fa8c29421,delivered,2017-08-15 22:22:14,2017-08-16 00:45:12,2017-08-22 20:40:03,2017-08-28 16:58:51,2017-09-14,cb1ee2e01b9af016ea99da7ee32e28df,2017-08-15
26a44b28ac942b09a771479c880882d9,5eb5db738b8f5ebe2a07fe4fd5af2b8c,delivered,2017-07-30 19:23:33,2017-07-30 19:35:18,2017-08-02 19:24:00,2017-08-09 17:37:26,2017-08-29,8fbefa23ae0c37b2b4ca94dd96abdb78,2017-07-30
0605918e96aec0f42a10810d92b5e864,f97b261874e04437f1bf4586dbfa1f03,canceled,2017-02-22 10:45:45,2017-02-22 10:55:19,,,2017-03-23,4c56975eb8d4dd3989e2ae19903ef4d1,2017-02-22
261db23c1e364b89c28dc5605923c75d,e182e74f04b76814710d43aa2fe4c99b,delivered,2017-12-14 12:59:59,2017-12-14 13:12:13,2017-12-15 15:30:12,2017-12-19 19:14:36,2018-01-09,fa40c0a4f499e921d803b074b2ccb688,2017-12-14
da4b750c427bc88754c6c019045f7536,3acc9474e20338145d7a9e31318152ea,delivered,2018-05-22 09:07:01,2018-05-23 01:18:05,2018-05-23 11:29:00,2018-06-06 20:58:28,2018-06-08,d0c62583f73531eba6338b2390e7a861,2018-05-22
181728774174bd10684323a6cd0759b1,dd2fda0e298105194ad66353d757595b,delivered,2018-01-11 14:50:37,2018-01-12 12:31:30,2018-01-18 22:58:44,2018-01-26 14:12:36,2018-02-01,949970123579e8829ddd1ba3d32ac18d,2018-01-11
238652e39c5fdf89a8fd44776f532501,fc041ede47154c40f55455e20c1a1954,delivered,2018-07-25 09:15:28,2018-07-27 02:05:11,2018-07-27 13:49:00,2018-09-17 14:37:09,2018-08-10,8435a9cfc61e4cc170e657e9bce90f22,2018-07-25
92c3bd12618b0bd55aa74fb8b67f5a40,19a2ee3d69f67e18f7b27cb6ef3547c0,delivered,2017-09-04 11:54:33,2017-09-04 12:10:12,2017-09-12 13:14:06,2017-09-25 16:27:49,2017-10-04,d009d8efd8f6d7754401c2b77539d35f,2017-09-04
ceff388a23c12ac5dce0b56dad25602a,cc991d49b1c85603387b0e1f16c57474,delivered,2018-02-19 14:02:29,2018-02-19 14:15:21,2018-02-23 17:29:05,2018-03-10 00:03:17,2018-03-19,5610b0083f65fb633e300f6a55916292,2018-02-19
420b8fd243de13ebf2c9096ce7a69750,689f272b532e7adc97c7b821db590437,delivered,2018-04-23 17:14:48,2018-04-24 18:15:24,2018-04-24 18:58:02,2018-04-27 20:53:37,2018-05-09,a41766dad9ce706e480197e9d7124374,2018-04-23
657092a7391a08ae27775a441765b3bc,4fbf0176a2c1388737959517e72c01fc,delivered,2018-06-09 10:48:27,2018-06-09 10:58:44,2018-06-11 14:19:00,2018-06-23 15:23:23,2018-07-16,095522f142e4c77851d1d6e70c09d892,2018-06-09
f45fbe1612ac86ee79745d5cdd1ae56f,1778fcb0be86a03114cb65eb6dd45a71,delivered,2017-08-27 22:00:21,2017-08-29 04:44:39,2017-08-29 19:49:01,2017-08-30 19:44:48,2017-09-08,f55b6904b17ba1ce20225793bc4a5c8a,2017-08-27
1206cebaf41495dd699545d37c1b3e64,950068271820c29cafe329a8ac678b9d,delivered,2018-07-05 10:13:48,2018-07-06 02:55:13,2018-07-06 09:25:00,2018-07-12 20:28:36,2018-07-24,f800f4fee308e83d575f98917229bc6b,2018-07-05
a7ed41d2a370f87893bece4852f9404a,f980c1371e138aaeb734e4fecb343289,delivered,2018-03-09 15:21:39,2018-03-09 15:49:47,2018-03-13 00:06:38,2018-03-19 16:26:42,2018-04-03,49ed736beb1f15e2190ae7add6278f1d,2018-03-09
d93de78534604415426f7206d1b8f641,0d6e79224f6c950f2fbf5642cec14cd7,delivered,2018-02-14 11:45:21,2018-02-14 11:55:30,2018-02-16 22:56:37,2018-02-28 20:11:31,2018-03-07,dbcdf0c28b58b76a945b6fc100141f5b,2018-02-14
d81dff089ae648dacea746f77643f86e,5e6c17c1aac5a1acf6e38746eeebc11d,delivered,2017-01-24 22:16:05,2017-01-24 22:25:33,2017-01-26 10:19:05,2017-02-01 00:47:45,2017-02-17,2fb4183605995aad1ff94ef572b91a21,2017-01-24
b9cd12cbf3bc726135ede88877aca4bf,1555b4c59a0efad68a20978804cefdf3,delivered,2017-07-08 19:09:56,2017-07-08 19:25:11,2017-07-11 18:37:25,2017-07-17 21:18:17,2017-08-03,3c8b66dcc7c613938aa90c8d844b98a0,2017-07-08
5dea3bf3570049323c58794169b7638c,1624ad809098f4d1504b6115b8073660,delivered,2018-02-05 09:38:08,2018-02-07 02:52:16,2018-02-21 02:35:48,2018-03-02 15:23:13,2018-03-02,d0bce8dc54dd1b03b682ebfa95c38ec1,2018-02-05
3a391869ded1afe6a2b03e4205aa9a2c,2b9ce46a222ca88284736ce346d405e7,delivered,2017-04-08 16:15:42,2017-04-08 16:30:11,2017-04-11 10:51:53,2017-04-17 09:40:12,2017-05-04,bc250888db9315de2e4d496c9021bd79,2017-04-08
dd416a83ddfde887da5021bae60bb919,eed9cec509f28fe1b2744f653789d7bf,delivered,2017-06-13 08:42:34,2017-06-13 08:55:17,2017-06-16 17:03:14,2017-06-30 14:07:55,2017-07-06,c168e02cc9475165729e30186cf47733,2017-06-13
9d8b9a9cc92d7f5e907cf13a99a705e9,3a27d6401473a9ff4ab309448702d4f3,delivered,2017-04-08 21:07:21,2017-04-11 03:55:31,2017-04-12 17:04:17,2017-04-18 14:35:37,2017-05-04,ff8d27e48d6492ebb97e3052142c47bf,2017-04-08
c1a86ab051ab4567d31bd8ffc3feec55,035fdb541390672b9938ad46570dad75,delivered,2017-03-20 14:39:19,2017-03-20 14:39:19,2017-03-21 15:16:59,2017-04-15 09:12:20,2017-04-19,7fc3cdf9b7da8a526fde4bf5368d73c6,2017-03-20
7a18a504c1a4b32d883e68de2e1a7db0,e6bee29442c761ff0dfb9a4414922a5c,delivered,2017-01-05 12:09:08,2017-01-07 03:44:08,2017-01-11 15:35:53,2017-01-16 15:43:29,2017-02-13,728e4a7d0db4845270091ded0923c71f,2017-01-05
e71fb32bec49dd4112bcbcc19126d388,f6c383cc79b182ce1550bc57504941c3,delivered,2017-08-02 22:12:03,2017-08-02 22:25:18,2017-08-04 13:39:51,2017-08-08 17:56:12,2017-08-15,59b5158dcd4ab8fce908aba30ea36cc9,2017-08-02
c239d27bdaa2e41d739d0497a59900a9,940c14f5ac010931aa658e14bb9c6cbb,delivered,2018-06-17 15:40:05,2018-06-17 15:55:17,2018-06-18 13:21:00,2018-06-19 20:04:11,2018-06-28,9ea5189ea8097b1d2887448e0ae709d3,2018-06-17
03286323ba721edf10e38e1abeb159be,fac3ea363fc5621bc4b66c92de5e94f0,delivered,2018-03-07 19:30:53,2018-03-07 19:49:27,2018-03-08 18:39:58,2018-03-15 19:12:20,2018-03-23,e4a37948479bc5b38ab66ebc6d9e89a5,2018-03-07
e95ff7994939eb1563b12008893b1576,be0518184bef64aec7295d3eb1076336,delivered,2018-05-21 15:07:01,2018-05-21 16:35:50,2018-05-23 12:46:00,2018-05-24 21:51:46,2018-06-01,a1ee7d2abd6aba2ed5fc07cfe833d7db,2018-05-21
8cf765eeef8f04ca929a1cf64ffa2584,b8fca18186053a557dba3904f6015856,delivered,2018-08-17 15:14:20,2018-08-17 15:29:37,2018-08-22 14:52:00,2018-08-27 16:04:29,2018-09-05,fd631c05b9c2caa987cb7430a8ad1993,2018-08-17
5544b752d8491d6ddeaa9297e18be42b,eebbee10df4f9ca1b74e4297ee600855,delivered,2017-05-29 11:39:07,2017-05-29 11:50:12,2017-05-31 15:04:39,2017-06-14 14:06:05,2017-06-23,0ea3350a7ebab4d14bfaf80ff3d933cd,2017-05-29
898a1fd98d5540ee9b96e742c76877df,39ca60b69b27e7490c2b5ca631644269,delivered,2017-12-25 19:52:56,2017-12-25 20:08:56,2017-12-26 19:16:01,2018-01-03 22:36:30,2018-01-23,6b2d847a2beb67979c9dc075351c328e,2017-12-25
cc82a53fe1a3af9541b2ae5c8290262a,5aaefd5060b7dba8374c3d9f236a080d,delivered,2017-08-28 15:23:29,2017-08-28 15:30:22,2017-08-31 18:04:17,2017-09-01 19:17:07,2017-09-08,a451b7ab63b6f7fd7c9f06a2ce0399cc,2017-08-28
0abc76160f3b4b423ec1bcece0ade723,f166734c59f0606a6c1ab33ada902aa4,delivered,2018-01-12 15:10:08,2018-01-12 15:28:34,2018-01-17 18:53:26,2018-01-23 15:04:25,2018-02-06,bd335beb8f3ec4525fd0fd5d568cc87e,2018-01-12
f35ff8b8e2e627ad2a1ae6b89b4806e7,2894cb87675e5f72fd95259f0ca37eca,delivered,2017-12-01 13:49:11,2017-12-01 13:58:49,2017-12-04 19:38:36,2017-12-07 22:17:29,2017-12-26,a177014a6f3e42854c24bf59b6871447,2017-12-01
7a944e7886782c8767505df5fcdc0604,3fca0642b898ffd08f363e33f3468de1,delivered,2018-07-26 08:44:57,2018-07-26 09:05:15,2018-07-27 14:49:00,2018-08-02 22:02:54,2018-08-20,1b32a259d74e2cebbcfda6754e39d421,2018-07-26
27f4eecc66d136a3781f422342dfd424,3c91ba1942ac3625e57ca5c023ca2305,delivered,2018-06-05 11:23:40,2018-06-06 02:35:10,2018-06-07 09:38:00,2018-06-12 18:32:16,2018-07-11,b6da8c6b219a8517245fb2f173a36f2f,2018-06-05
f7a94ed5a5cf7c0680e0d3271163bb3f,efed398f3de8a78b7947750a5f1435ba,delivered,2018-06-27 00:36:23,2018-06-27 03:35:24,2018-06-28 12:48:00,2018-07-02 20:46:54,2018-07-20,22aab04ea2ba051c2a83f713661f6850,2018-06-27
16cdedbb1542ddfe411a0b979b43aa64,c5aad2d16788dbb223b0e53e18f9bfe8,delivered,2017-07-05 01:51:23,2017-07-05 17:41:05,2017-07-06 13:58:19,2017-07-12 19:38:40,2017-07-31,9234036c632137baacab3ea380928f96,2017-07-05
6739ec850ef337d6dd99504b01b4574b,7b92d7498d0b87efd760bb2ee0435662,delivered,2017-10-24 17:10:54,2017-10-25 02:08:07,2017-10-26 13:49:51,2017-10-31 21:21:58,2017-11-13,c3d0a36abf249201f8cfb3583a229202,2017-10-24
61c43e2be518cd9179a53918b43fba4e,1c28481d143e1a14d3943639f5b5340a,delivered,2018-04-03 20:12:50,2018-04-04 03:30:28,2018-04-06 23:21:33,2018-04-23 12:44:30,2018-04-25,e5402cd5f610a62fa80db20de9578490,2018-04-03
660a6fbde01967fda369dc69c3d4b50a,5f15513fd19ab7f204e5f6b75375212b,delivered,2018-05-27 13:49:20,2018-05-29 03:31:15,2018-05-29 13:43:00,2018-06-08 13:36:46,2018-07-12,71d51db38ef92c129499061c9cb227f9,2018-05-27
6b092965cc5bcd955107ed81c1acd489,303020d38fd6cf2ffae75ad54e1b7a8b,delivered,2018-07-20 10:39:19,2018-07-20 10:50:16,2018-07-20 13:19:00,2018-07-24 17:59:39,2018-08-03,da9f08fdfda2affa2913cfd587f50841,2018-07-20
3c7299e1335df876b15d9b4cd3858fa9,dd2da85964bbf3fb09d6c632445137a2,delivered,2017-08-09 21:50:54,2017-08-11 04:26:06,2017-08-11 16:58:33,2017-08-24 16:12:34,2017-09-06,ee688b708ac82b5117738cedfa6c09f2,2017-08-09
e3cb83718e69525d753588e2975be0f7,15bf77d08db3e89f1ef88b843a5da8be,delivered,2017-11-22 17:20:48,2017-11-22 17:29:24,2017-11-24 16:12:04,2017-12-07 15:46:40,2017-12-13,65b6d4a4dec23e603d1c31d3ff027d0f,2017-11-22
6066fbcebeaf378770ad9fbe8e30d1f0,f341217aef1ab5b52f8ec77803e18219,delivered,2017-07-22 00:37:22,2017-07-22 00:50:15,2017-07-24 19:33:21,2017-07-26 01:05:45,2017-08-04,dbd74164682e2397d489169439362184,2017-07-22
316c3d2d083fd55435c0ec00cae49716,6a8396ea8d5aa832f1358a3ff2357ed9,delivered,2018-05-03 20:48:44,2018-05-03 21:11:05,2018-05-09 15:13:00,2018-05-16 19:40:53,2018-05-22,764236c71e547f516d88f0c6fb3930ff,2018-05-03
21130e626fd68f2df9fa4eccd2eec25b,139221f20de9ea67cbcc20d1e1beec46,delivered,2018-06-15 13:55:34,2018-06-15 14:25:21,2018-06-18 09:27:00,2018-06-21 22:51:08,2018-07-17,1c55b6f2a69426ee5e4d3c374bb1e372,2018-06-15
4d176bbefbf167c712ff9ea39cd6f233,58e014fb44456ac35903d4996263087a,delivered,2017-03-14 18:00:11,2017-03-14 18:00:11,2017-03-16 06:43:33,2017-03-24 17:07:59,2017-04-05,cd49de24ca82018aad95e024d5ca5b56,2017-03-14
c13a062c19003147450d2f42e7b7239b,4bcdec0da540bf66afbe39d36b87eab6,delivered,2018-07-04 23:39:56,2018-07-05 16:32:44,2018-07-05 14:15:00,2018-07-06 15:45:00,2018-07-17,9bddfed0ac8c092991a3c8162766ffa7,2018-07-04
920556e97c74a0f169a8e9b85a82e17a,246dade4c119fdc0bdca13e37fe88da8,delivered,2017-11-25 10:30:50,2017-11-25 10:54:10,2017-11-28 18:35:44,2017-12-04 15:12:03,2017-12-20,9ed222265120ddece7ea9ecb312a8e50,2017-11-25
563f239c78985c49134eb52e6b06af35,e7c1ebf211a1f26de5a2a2f01672344f,delivered,2018-01-07 01:19:47,2018-01-07 01:28:21,2018-01-08 21:59:05,2018-01-15 20:09:08,2018-02-05,bd2174690fcac845456f2a3e3e936565,2018-01-07
8c3b7db34a579c7e50cdd4c8146a43b8,efda60e3dad25250fb5de383b8ffb272,delivered,2018-02-08 21:56:53,2018-02-09 21:55:28,2018-02-14 19:34:01,2018-02-18 13:32:22,2018-02-22,8d3c50dd34f4186cd28c7ef4aa9d1b2a,2018-02-08
5cd0bfe5f8c93fa85da717bcf8987fc5,d2f293555622eeddc13693f3e676f570,delivered,2017-10-01 14:21:47,2017-10-01 14:35:15,2017-10-03 17:38:12,2017-10-24 20:53:53,2017-11-06,5de753d9cbb4c952f125ada51093087a,2017-10-01
049999b745ab7d4bc3ddf00181c39d56,5cab98a898f6810fe56ec4681fbe9607,delivered,2017-11-06 01:15:08,2017-11-06 01:26:19,2017-11-07 21:52:49,2017-11-08 18:55:05,2017-11-17,39c27daff7dd7ad6f534c53970fe8e3b,2017-11-06
6800d99c79f85a09a82645ff194ba86e,c04d524b349a3ece930bf77e623cdbfd,delivered,2018-06-27 17:56:47,2018-06-27 18:12:49,2018-06-28 14:03:00,2018-07-03 17:18:48,2018-07-19,5b5c96a57b90dd238dd79f6079021707,2018-06-27
d10471750e335e783fff1bc755988a86,3c89cc8ee29eeafc70dc2d36cc523bda,delivered,2018-07-23 15:53:16,2018-07-23 16:46:14,2018-07-24 13:34:00,2018-07-25 17:38:55,2018-07-31,0697142614905a50813d854fa08b8eaf,2018-07-23
1b62de526ac8804be889b4b51c7dbef5,f2967db72dab04cdb80d1553ad75a7ad,delivered,2018-01-11 11:56:03,2018-01-11 12:48:23,2018-01-12 20:46:46,2018-01-15 19:15:10,2018-01-30,ccfbe181ad7f0c105f43d0e0ec6b1acc,2018-01-11
8a8c365841ef48982c95bbf95f9b7d02,d3f76c1e8931fc6ee2d5668ad9fa7c36,delivered,2018-05-09 14:40:37,2018-05-09 15:11:08,2018-05-10 12:56:00,2018-05-21 14:46:50,2018-05-30,1f9127ae1fce2f368bfc3837ab3b1f69,2018-05-09
df0a2eff6f0fc7262189d138f3defa0b,3325076d2bbc0b97e626ed18613f0e3b,delivered,2018-08-18 00:14:09,2018-08-18 00:30:07,2018-08-22 12:35:00,2018-08-28 21:51:46,2018-08-24,703afa585e769a0a4f90ba4540b3c80b,2018-08-18
9a68458f7da8a7a7b0840286b638dec2,c6009ed886124053d438bda8e7e8e7ca,delivered,2018-04-01 10:46:51,2018-04-01 11:30:09,2018-04-03 19:47:14,2018-04-06 20:47:36,2018-04-19,81dda950ceecf790dd1d1109177c60ab,2018-04-01
399775d0638168dfd529422f995fcc41,532719903d588d324f360c02d3b1706f,delivered,2017-01-29 14:57:59,2017-01-31 04:35:34,2017-02-01 12:44:17,2017-02-08 15:32:40,2017-03-28,f20b97897894d369d80ea3a23263bad8,2017-01-29
8d09a7e7d220830b7dee508ed8ae1e01,a867c68a9fd7aecc4b1be83aa18f36a7,delivered,2017-11-27 15:38:28,2017-11-27 15:58:33,2017-11-29 19:12:41,2017-12-20 15:14:11,2017-12-19,03d23be2f66b1cceebe6ada221651187,2017-11-27
db7d019ce87ceb1539bd37353ab408ba,bd2c13f9aff19c6adfe232373946e6ea,delivered,2017-01-26 20:55:09,2017-01-26 21:05:20,2017-01-30 13:59:59,2017-02-07 08:12:06,2017-03-08,1842d12ff8f27b3e8a95f5a98a14dfb3,2017-01-26
efade7725d5dfe59a8c281511cea69e2,d16c4d8784780fd06b8690d1dfd8b327,delivered,2018-03-25 13:53:10,2018-03-25 14:08:19,2018-03-26 19:58:51,2018-04-06 20:38:41,2018-04-23,0a146272aaf254020ecc482c21f2e463,2018-03-25
f5936f84680ad3dbe5073acb9db493b7,fb3a1bc3a71559f316726f0538b0fee4,delivered,2018-03-01 21:23:52,2018-03-01 21:36:05,2018-03-03 16:56:54,2018-03-12 21:43:41,2018-03-19,38a480ca2ea2ef5d49f1d26f314b59d7,2018-03-01
80d42608ec46066a22bc8261471c7a21,5d2798ebf98673c2c2f53e27481ac195,delivered,2017-05-02 16:49:55,2017-05-03 14:45:34,2017-05-04 13:22:23,2017-05-10 13:44:29,2017-05-29,b18e8e78d8bacf67b64a2fdac539eebd,2017-05-02
376cc9a8f827d17966ea7c4b182f4426,e9a5cb5d9783e1fc38e23730ff24c51d,delivered,2016-10-07 19:16:49,2016-10-07 19:28:39,2016-10-11 19:28:40,2016-10-14 19:28:40,2016-11-29,de51ac050e580a6f05fdf0d56fac2cef,2016-10-07
bee08350422327a5173380c04d5e9fbd,35ed0cf0ec1010aa0d339858b1648b33,delivered,2018-07-24 13:22:57,2018-07-24 13:35:19,2018-07-26 11:04:00,2018-08-02 18:58:52,2018-08-15,f28907f619f7d3457c109d49907d3deb,2018-07-24
b459355536a8e3dcec10c0a4ea6f9f86,04544ddbd5e2606f1dd899339acdc9aa,delivered,2017-06-16 20:29:27,2017-06-17 20:25:17,2017-06-19 21:03:06,2017-06-21 17:32:49,2017-06-29,b78ca8edc230270959653800d7757bef,2017-06-16
48d2c84bcaaa40dfb9f0cf5edcb614f8,6fdbdfbbdd322dd299234a3adb67f4b2,delivered,2017-10-14 19:52:37,2017-10-14 20:20:34,2017-10-16 21:00:19,2017-10-24 20:04:55,2017-11-06,568694a0655ae3b54872699d7a156a39,2017-10-14
16e8745a21790f6d7b84f8d8ea5f1038,6ce393b445eeaed7a97862eba6f25673,delivered,2018-03-03 18:09:45,2018-03-03 18:29:13,2018-03-06 19:12:55,2018-03-09 23:28:23,2018-03-21,14576e018c6ace73e1e58fdb851b0650,2018-03-03
78e175d0771c10c3288b4d4327ba2b57,469b0de15b3c3c4dc556c3383e72ed7c,delivered,2018-01-23 18:19:36,2018-01-23 18:38:40,2018-02-01 21:37:17,2018-02-08 00:28:48,2018-02-15,663eec8a624470d7c901e68e72eb06a8,2018-01-23
935f0d2ac8ce7ce29f5712d2637ddb33,347542b2d5ff3990248773f2c840801b,delivered,2018-02-08 16:33:49,2018-02-08 17:07:02,2018-02-09 17:05:48,2018-02-19 23:39:07,2018-03-02,f978e2ab493a24c277e20268587b5667,2018-02-08
4537d337a107a7bc0ea9212bd197d624,e7fb9bd5c18c3f79001879c77404b7fa,delivered,2018-08-18 15:06:20,2018-08-18 15:15:22,2018-08-20 15:25:00,2018-08-27 18:32:47,2018-09-04,d1c5eea494605e0a22264da07b0e8b72,2018-08-18
133a94aa41cab8ad1d4cf02c2636b9cc,768eba0592dcb00cff1bd76eda466c96,delivered,2018-07-26 09:20:03,2018-07-26 09:30:11,2018-08-01 18:13:00,2018-08-06 19:42:34,2018-08-28,6f35424ab0a4f25807ac4e03b155832e,2018-07-26
76705ff9a7f4bf78bb4f8918c2dc564f,83ec82bab2f3e88afecf438f7c7ed28f,delivered,2017-10-30 10:48:59,2017-10-30 11:10:10,2017-10-31 23:35:39,2017-11-06 21:28:28,2017-11-17,dc19c505080cc563e7377f124d38aee3,2017-10-30
feafc8e3422f6e1f4c00bd29dd9c2921,e5ac0347cb35830f7d7a5df7fe08fa7e,delivered,2018-08-22 16:31:45,2018-08-22 16:45:17,2018-08-24 09:07:00,2018-08-30 13:28:51,2018-09-12,1ca847a7ae5278f0a785fbaf9ed50cfd,2018-08-22
889e1d99762dd368ffbc599fca39bb91,a6213be5160f76ac6fa665067ecc8a82,delivered,2017-09-08 08:49:01,2017-09-08 09:03:33,2017-09-18 20:02:49,2017-09-25 17:46:29,2017-10-03,06affe57122d4135e624fa1886f4ff37,2017-09-08
d5881d54a4846fd1b09414dc09de1b38,99b1bdda5abf7eb97c5f35afbadb1550,delivered,2018-06-09 10:34:20,2018-06-09 14:31:58,2018-06-12 12:41:00,2018-06-19 18:37:34,2018-06-21,bbb958a40966230acc157e1b4684cf51,2018-06-09
777fcaf946b6f903bc6549785d3b3c2d,9253f3129e589ba0f06b50c306a2d2c8,delivered,2018-06-07 22:05:22,2018-06-07 22:16:28,2018-06-08 12:05:00,2018-06-15 23:32:27,2018-07-03,4b163b67a4953c1234e7d932d6a8cad2,2018-06-07
dbe715996d171c4b2877daa01c0d6aca,cab77812cc7fd13299f17d2c04b88654,delivered,2017-05-14 16:13:18,2017-05-16 03:25:26,2017-05-18 15:06:24,2017-05-23 14:19:27,2017-06-06,367a6fabffa39e72823a2a2c836a89ff,2017-05-14
cadf799bab2fdd6d82d549d720595d8b,b723168ba52134973f10c2f1e2818faa,delivered,2018-08-14 18:04:59,2018-08-16 03:30:17,2018-08-21 13:52:00,2018-08-24 20:58:35,2018-08-22,25238cf185493ea8e19a5733165a0f56,2018-08-14
0dad7d1ff2920dfb357bfda892dca601,e877254b340342db8d85627f235bec4f,delivered,2017-08-21 00:02:16,2017-08-21 01:33:27,2017-08-22 15:35:11,2017-08-28 21:03:38,2017-09-14,9d60f12abe81ad0619fff2f412532c29,2017-08-21
4c6f9b20086e811c15722d15f8becee1,1913c0c2889d3e40b654d65f9611b750,delivered,2018-07-25 19:00:24,2018-07-25 19:10:12,2018-07-26 12:57:00,2018-07-30 18:07:56,2018-08-08,4e5aba2c9b150920c8c7b5b4ee0c197d,2018-07-25
34f44d3f393579e65a58c014b825cf81,c9c7b9fb75b1ab9f0bbcd37f1c77c4b1,delivered,2018-03-20 19:10:17,2018-03-20 19:30:24,2018-03-21 19:12:06,2018-04-04 00:12:51,2018-04-18,cd01cdac9dfb56b2b6484497bbceb0cd,2018-03-20
cf2c702bc3b60b945e5efb11e99c97ce,093f449ae2e959ed548c3a71c767f609,shipped,2018-06-15 16:35:58,2018-06-15 17:02:32,2018-06-18 16:04:00,,2018-07-13,8f4b0cee54d29dc996e4535d8ab3713f,2018-06-15
5a34dfccd6fb223c870ad34652d64274,e9353d11c4dfb289a1ecb1ebf502c3c3,delivered,2018-02-14 20:44:25,2018-02-16 02:07:25,2018-02-17 15:38:53,2018-04-24 14:17:29,2018-03-06,2a48c03948d46c466a55958469cf6af3,2018-02-14
b8834035b657b559585c6c1243e82f9b,cd8979d14712c57fc193aecac517da3a,delivered,2017-03-07 14:13:56,2017-03-07 14:25:10,2017-03-10 13:23:16,2017-03-20 05:06:55,2017-03-24,2a3544b5d01a4f1107ae0fb7f10f2489,2017-03-07
56f4ca489c9843f27c5550b57b70362e,483eaa3ad72e3ceb7e6e3105dcb8bbce,delivered,2018-01-22 22:32:56,2018-01-23 22:34:52,2018-01-29 20:33:34,2018-02-06 15:18:59,2018-02-14,0cf05b6d8858e88f45279c519f779ef2,2018-01-22
aac83029cedfde867c3b10c7762d84cd,e0914eefae8c413678da6e1c5fbb1ca2,delivered,2017-10-03 23:55:15,2017-10-04 00:07:19,2017-10-05 15:58:13,2017-10-13 16:39:50,2017-10-31,76dd0c4744aacba27bc9e82984f9da5b,2017-10-03
01908071e35fdc75bc0d7764f153abc2,e30bdf332b6c38f5f22d50dec12282cb,delivered,2017-10-25 20:49:59,2017-10-27 02:55:19,2017-11-08 23:03:43,2017-11-13 20:19:05,2017-11-27,54f3fab90f8879fc698930fb6de60758,2017-10-25
8b54ad5dd057cd34a1308553e2bba5dd,3ed790a63e61a86231274a97e1b27fd6,delivered,2017-10-20 09:10:06,2017-10-20 09:28:15,2017-10-24 15:33:35,2017-10-25 16:27:39,2017-11-01,945d8abe1a8d969b0befe6228a801f92,2017-10-20
b0a7ddfbe7525d29957d05b71bb977ca,012087f1c663428b54e53b0f69e700db,delivered,2017-06-04 21:23:31,2017-06-04 21:35:24,2017-06-05 14:18:06,2017-06-12 11:49:40,2017-06-28,dccde35aac11d5e4c5e88479cda1284b,2017-06-04
a63dc2ae83b911134a651fb6fbef3f8a,84c808c10ed2620dd1829f47959d9835,delivered,2018-01-10 13:22:49,2018-01-10 16:35:56,2018-01-12 20:46:34,2018-02-01 20:11:49,2018-02-14,a362a52be081e5916f115653adc38470,2018-01-10
445d0f90bcb70f0d6c8edeb350b3dd19,2685bfd3f19974ad8447c6adc27b40af,delivered,2017-12-25 16:14:32,2017-12-25 16:29:18,2017-12-27 22:43:28,2017-12-29 18:27:28,2018-01-15,f4d97980914a31b67c98665273c3b55d,2017-12-25
91bd70d2eea039bdce8aa710d69ad630,8e1e8844385685014f126c0d6c39c27d,delivered,2017-11-13 17:12:26,2017-11-13 17:27:21,2017-11-27 14:13:21,2017-12-30 15:43:26,2017-12-11,2ea575d4c76466d653716d251c047224,2017-11-13
686b0cb3ce6ab944288b952ba880080d,357d4eb0ea92d81fd60cf51d9e6f05a3,delivered,2018-04-26 20:57:34,2018-04-26 21:10:15,2018-04-27 16:00:00,2018-05-15 00:51:05,2018-06-06,fba27b14aa22f909e523ad553978ceba,2018-04-26
610cb5d8ac9938a7e80ee9e3b9c04be5,f2b7336ac3fe71e13b8232380cb34a07,delivered,2018-05-16 23:00:54,2018-05-18 05:16:19,2018-05-18 13:55:00,2018-06-06 18:29:51,2018-06-14,06d17cdfefd3949b0539e6d082de6d99,2018-05-16
c926bd8d23b10840238793adf349b2e5,98b98ecd947a56dd51028c1d56ce0a95,delivered,2018-06-18 16:54:57,2018-06-18 17:20:34,2018-06-19 14:01:00,2018-06-25 15:38:29,2018-07-05,18456c8e7ea3999df004a87121851ef4,2018-06-18
4ba72cb793dc362c1195e6237b2c936f,61bc2c21e6442ddfeec440244439068a,delivered,2018-04-17 21:21:49,2018-04-17 21:31:01,2018-04-19 22:41:17,2018-06-07 19:43:45,2018-05-16,513dfbdcca52825854ee8f071a2f6cf0,2018-04-17
995b5da66f9cd51fa907e9a10e91054b,73727f0fcabcafd666a604f7bf8323a0,delivered,2018-08-07 08:13:46,2018-08-08 03:30:26,2018-08-11 09:12:00,2018-08-16 19:26:31,2018-08-23,68192e944ee4ef3826622717118cb180,2018-08-07
08cbb1d4cd574b126569b208fd4b26ea,51478fa6f626871ba9023c80585e4952,delivered,2017-10-15 19:25:02,2017-10-15 19:35:15,2017-10-18 20:25:56,2017-10-26 21:14:04,2017-11-07,c72e291ccf98df8df8bdc3fcadf64f35,2017-10-15
35dbb412511cc6e271f4d44dc8195292,7f916f494039b6a9cb57a8a40a34750b,delivered,2017-05-27 08:33:55,2017-05-27 08:45:09,2017-05-31 05:08:06,2017-06-16 10:59:44,2017-06-29,f9632576b5a246b9bd4ddd731f5e6ccd,2017-05-27
9ff2778f635cf563342d87b8e53212de,4294e414ae0b067f21f15901eb54ece6,delivered,2018-03-07 20:12:33,2018-03-07 20:29:28,2018-03-08 15:23:01,2018-03-22 17:42:27,2018-03-29,cfbfda1dfc473038374c320ab6dc0c71,2018-03-07
24014414a15d7274cad8a2917fe1f040,41b3c5c585822fbdee3b0b136b9696c4,delivered,2017-05-11 17:30:39,2017-05-12 13:35:20,2017-05-15 08:46:01,2017-05-23 11:04:51,2017-05-31,f0daba1cfcc18d5a3229e1a911313e3e,2017-05-11
31641d348e3b49cd143c3bd490c100b9,29667dd522207b9db84b2ae8bccc0069,delivered,2018-03-05 08:28:16,2018-03-06 03:49:02,2018-03-06 18:51:59,2018-03-22 02:07:11,2018-04-02,7b80d4f273b022b3fbb3e7c0ce75c763,2018-03-05
7f5a0ffdfa3894a89b8436bb48f66719,7c7378d8b1eabfe7416a90059bda99f2,delivered,2017-08-17 23:38:34,2017-08-18 00:25:38,2017-08-21 20:03:05,2017-08-30 14:34:49,2017-09-06,a3e054057e4e72180f8fbaa946faa553,2017-08-17
a103ca0d5926c0afb6a2892545f93a7c,9bee4741cacc6088a036a3068f485287,delivered,2018-05-16 14:37:16,2018-05-16 15:18:06,2018-05-16 14:05:00,2018-06-02 17:27:55,2018-06-07,237c9df24439ea1dd91d2feba11ea067,2018-05-16
cbfed865ebb274e534eed412710b225f,7d9203e4350d582ae26d254399c05e44,delivered,2018-01-25 10:21:10,2018-01-26 03:16:04,2018-01-26 18:59:17,2018-02-02 12:18:23,2018-02-20,cc47f99364c6a2b50a87c1bbb3e4f0f8,2018-01-25
81508881aee7b223104b4a5d4b28f786,8bbdac7ae491e490068af09085995b3b,delivered,2018-04-11 20:20:03,2018-04-11 20:35:15,2018-04-12 19:36:20,2018-04-20 18:18:37,2018-05-07,e111e76807bcb8dd5bdf497521068b82,2018-04-11
2d75634456c941f14be2f3f96e4b2bb7,2dd612c7a67990dd6bc16bf7be867fa6,delivered,2018-03-25 21:21:30,2018-03-25 21:35:22,2018-03-27 00:12:59,2018-04-10 14:44:29,2018-04-24,73a541a28349d941ae834607807394fd,2018-03-25
a7bc4bc04f601abb381b240812701777,40e7cb5ddc9d4a4b176615df6ec20877,delivered,2017-05-12 21:25:41,2017-05-12 21:35:17,2017-05-15 11:36:16,2017-06-06 17:22:18,2017-06-16,f48841d7d5532186af64171b32e23531,2017-05-12
dd6080fd238b70c9ebb44a038b77c410,bc29931bb08306c3fe8dbaf4587ced16,delivered,2018-08-14 20:21:38,2018-08-16 03:30:15,2018-08-17 14:32:00,2018-08-29 20:16:31,2018-10-03,589d385bdb6ea79dde137bf8ed137491,2018-08-14
0412356b9ae3ad8db617e892afb02204,d8c75086006d46bf0e3f33b17a2404b9,delivered,2018-06-19 08:43:13,2018-06-20 02:55:01,2018-06-25 15:01:00,2018-06-29 20:18:33,2018-07-16,ae4a04f0b8b5b2860f4d32b1490314b8,2018-06-19
e8c1420ad4481bb6f18daf1e95ae97a1,53c22abafe0ae32720fac7aff5c9309b,delivered,2018-08-20 10:52:36,2018-08-20 15:10:31,2018-08-23 15:13:00,2018-08-25 18:03:27,2018-08-27,7c3de819c5c8202f72ba56ff8f51ae39,2018-08-20
19bff24eb480b8d6bd8973c7deb1e116,93b01f9f8ba7c1fffb6b8b5763f9b06b,delivered,2018-04-11 20:45:38,2018-04-11 21:09:42,2018-04-17 19:23:45,2018-04-18 19:50:44,2018-04-30,38cc0262f58c61f3bb6543538b92189c,2018-04-11
79616b0bd8740197588c3825106037d0,96f7a9ae1b47e794058d0591ce2477bd,delivered,2017-11-26 23:09:28,2017-11-28 23:11:02,2017-12-01 14:47:04,2017-12-18 19:14:44,2017-12-26,c515e97349f153be6e4d1d85c037570d,2017-11-26
189f6ebeadf450bb5abaff2b8a55ffd2,fe826d3b6cfb3ef2dcade4fdc9dcce4f,delivered,2017-12-01 14:12:58,2017-12-05 04:12:27,2017-12-06 00:12:47,2017-12-15 20:44:53,2017-12-29,8266a33ae45def22e9a5142f504746f1,2017-12-01
9b8e74aa515dafc41a1485ea61c6c3bc,b77fe56b152475e858e79d35811bcbf2,delivered,2018-06-05 21:07:26,2018-06-05 21:31:38,2018-06-06 13:40:00,2018-06-19 19:03:26,2018-07-17,d4141c6e605904528699a2ad1d5e1787,2018-06-05
9770c3f4247444a2eee4669344bc4955,e71691d525acc2491f67ddcdf86ea428,delivered,2017-04-20 09:48:42,2017-04-25 08:23:10,2017-04-27 10:41:37,2017-05-09 08:38:06,2017-05-12,71e132555823edfd98ab15ad8da23612,2017-04-20
1cc1119de21902e3e78c9c2a217a9ad4,c9a8614ebfdc93d16a98274a78580318,delivered,2018-08-14 07:35:34,2018-08-14 08:10:16,2018-08-14 13:19:00,2018-08-15 20:21:42,2018-08-17,ef35633b50a08c3096ca6e753bfa3995,2018-08-14
57d798526b7fee5ec54a74014382445d,527f4e8e7c8c239ceb7727ab49065217,delivered,2018-04-08 11:11:00,2018-04-08 11:30:12,2018-04-09 21:56:02,2018-04-15 14:32:19,2018-05-04,b72913217a67b3a7acceec9c041e2c03,2018-04-08
a8f6d89fa954e7d94c69fd13b6a71327,517d0c5ba97d755ff3401a0a4a1b9683,delivered,2018-05-03 01:31:49,2018-05-05 03:33:36,2018-05-08 11:51:00,2018-05-11 16:35:36,2018-05-24,1cebf1f65b1a8b783b7d93b2c187216c,2018-05-03
34460fd86afdbe00b34351b5187d1519,9df1046f1b58fd8e2476e06ae75fae34,delivered,2018-02-19 17:06:57,2018-02-19 18:10:26,2018-02-20 19:36:53,2018-02-26 21:18:00,2018-03-16,bb4f4d95d599a6926ec676044778b012,2018-02-19
08d2ae79008d5da4528a04f28c72f839,aee502ec5b607b81286852ef7009d3cd,delivered,2018-02-27 19:44:11,2018-02-28 10:10:58,2018-03-02 01:35:31,2018-03-06 18:41:39,2018-03-21,ff1595b176859956405b859adb938cb0,2018-02-27
1479096c26c6fa5150e7b39fde03d5d4,52d954a9a78371248c768d562824c212,delivered,2017-03-13 22:11:59,2017-03-13 22:11:59,2017-03-20 12:05:42,2017-03-23 16:08:29,2017-03-30,8e42446fd2d6165f5e5c11992761960e,2017-03-13
ad7b0c3373368e658cc9cf31893c6413,162e0d0e69e279de6dae202082e45c63,delivered,2018-07-15 16:54:19,2018-07-15 17:10:11,2018-07-16 14:20:00,2018-07-20 17:14:44,2018-07-30,6aaf48f89c871980e35d3e1f5f549635,2018-07-15
497d0bf310db54cf903becf62f8ac606,1bbcfdb8f367ab8f6de86459a62febb8,delivered,2018-06-23 02:38:42,2018-06-23 03:29:58,2018-06-27 09:33:00,2018-07-02 11:48:49,2018-07-27,a6d4a66c1e6a8aabd6002eddeca18c26,2018-06-23
b1290930402d6e29a52dbd6efcab1c3e,2b57de8fb59ff0a7c459161dcbac34d7,delivered,2017-03-26 11:30:41,2017-03-26 11:42:16,2017-03-28 13:02:16,2017-03-31 19:57:47,2017-04-13,a63f6730c9da2ef5703717a1f36f09b4,2017-03-26
6f37ff3b4769ed4a683eec4de7f38a5a,50bf56304211dfe00c06f3eef86f49fa,delivered,2017-09-18 22:32:39,2017-09-18 22:44:16,2017-09-20 20:37:39,2017-10-03 19:29:01,2017-10-16,341239d242c4e123125d42e14b7132b6,2017-09-18
2411cb047e826a4e70e9c23740e72a30,1849415f478cec50c87980583d582ceb,delivered,2017-12-12 23:33:25,2017-12-12 23:49:50,2017-12-14 00:10:03,2017-12-20 21:09:26,2018-01-05,b1e0929d28e9c87446ca5c528017fc4c,2017-12-12
0067c6030d65af0ff98790158ddb0020,a780c20430b67279f7a0b43cf94b1738,delivered,2018-04-27 21:36:27,2018-04-27 21:52:36,2018-05-02 14:41:00,2018-05-07 19:42:40,2018-05-16,8a44fe7a0a9fa910c26bdf99933e36aa,2018-04-27
721d20e34ddeec4f5e9f11d198e60de9,660642ba131f6e30f6c316449fb6f07c,delivered,2017-09-22 00:13:09,2017-09-22 00:30:13,2017-09-22 16:03:45,2017-09-27 17:34:51,2017-10-16,b2ddd9981dc33d282bf8d67f52856d44,2017-09-22
e151e57b4f9e794ebddd2ac390d0ba99,3c7b80343c2c11f71434110e462e3de1,delivered,2017-12-03 12:11:59,2017-12-05 12:08:47,2017-12-07 02:08:55,2018-01-04 17:49:34,2018-01-02,ff4befb3408bb43643f743991ccd282c,2017-12-03
240c0f6bd7e77f416cff9b55d12d10c1,382b6d3cafebabe22fc619ce35aae804,delivered,2017-05-08 14:35:48,2017-05-08 14:50:15,2017-05-09 12:44:37,2017-05-24 07:37:55,2017-05-31,47c5e0f72f19e85d15e62bb3cf8a4d4d,2017-05-08
b4472226dccdf2b8b06bbc4256cf7b64,27a1881f4dd60525c887d0fc446513c3,delivered,2018-08-07 18:50:30,2018-08-08 03:10:35,2018-08-09 09:35:00,2018-08-14 14:39:36,2018-08-22,a629a3e0e409e310d6ff4c9e4ee1b843,2018-08-07
0896d006da3ad8dc1b39b408ea428eb0,328940eae1f0fc2517af314e26854533,delivered,2017-09-12 11:15:53,2017-09-13 11:25:21,2017-09-13 19:15:42,2017-09-22 17:19:50,2017-10-04,a09a1aed3df952e2716804bdaf2b04e2,2017-09-12
c7a4ffb79734f6b1d3c4d411593a445e,a958c07e4879ac130f8978fa1c1146b2,delivered,2017-11-16 13:21:17,2017-11-16 13:35:41,2017-11-17 21:18:52,2017-11-20 22:57:31,2017-11-30,8fd349bd693826a5fd911ba913456f73,2017-11-16
2222dbaded2c9c8406d1cbdeae118948,b43982f5a660861f2c4896a53f2358be,delivered,2018-07-03 08:30:36,2018-07-05 16:32:56,2018-07-05 13:25:00,2018-07-10 17:52:28,2018-07-19,d5c375d46806354f4b5361851f4015ee,2018-07-03
cbc1313784eb82530ebe4cfe63900601,c37e82d43dfbaaf6fc5f7d4afae8a197,delivered,2018-06-11 21:42:58,2018-06-13 02:18:46,2018-06-13 14:46:00,2018-06-18 21:43:36,2018-06-28,be6eed3e20141b5e92422b03e83ed08b,2018-06-11
e387920071d53124f3db7d7b1a42c257,8759651d4fb2b9d5535aa90adf058d93,delivered,2018-03-22 20:44:45,2018-03-22 20:56:23,2018-03-26 19:06:40,2018-04-02 16:48:46,2018-04-19,b4da3c8deec3e1c31023d39ba20bb40e,2018-03-22
2a3251c95a3d5c57ed230021faa588a0,d59025c30cdd8d747f2acfa5fdc2925a,delivered,2018-03-25 10:28:16,2018-03-25 10:47:51,2018-04-06 17:21:06,2018-04-18 23:28:43,2018-04-27,114c08b859e275589938f3af9b2c6773,2018-03-25
531a74ff9a6617b0cae88c4b67646988,177a576c3346d73fa4b179ee92d61dbd,delivered,2018-02-03 09:19:06,2018-02-03 09:30:19,2018-02-06 18:28:54,2018-02-19 15:33:49,2018-03-05,0b4c8216356414f6b079d5cb85bad4aa,2018-02-03
6a87a0371f263aa8c1779c2c115c1427,4dbe5e9eb8cc354eb79fa6e9971d0a3d,delivered,2017-11-25 15:51:01,2017-11-25 16:13:44,2017-11-27 23:38:43,2017-11-28 12:49:43,2017-12-11,377c26c9b730b15b237991e2ec5a04d3,2017-11-25
7b552795a31c3247f5e0d3bc02addcfe,1c098ad91b1234eaf6148dd9f163b21a,delivered,2017-08-17 09:41:02,2017-08-18 09:50:18,2017-08-22 17:33:03,2017-08-25 14:07:02,2017-09-06,e44dbcb1c664adf8b2510799844d75be,2017-08-17
7a5472f7c8cecc2e1cf43d12271e4eca,2696ed45e2583bdcb7b6bfd0a8f0f2fe,delivered,2018-06-22 17:37:08,2018-06-22 18:58:37,2018-06-25 13:31:00,2018-06-29 20:41:57,2018-07-25,9789c872c721af19e428c304beaf6472,2018-06-22
adfc15ddc7db115f9785cf9893d93031,665912947056efcc3f35f77e7f67cf9f,delivered,2018-06-12 18:16:03,2018-06-12 18:46:40,2018-06-13 15:26:00,2018-06-14 12:14:37,2018-06-25,18d9ea1c1cf16ea275973030b3e39101,2018-06-12
4c103cf6b4ea5afded1030501ce5fb3f,31a6a86cc2b046308df43d046a46ff8e,delivered,2018-08-22 12:20:06,2018-08-22 12:30:21,2018-08-23 14:16:00,2018-08-27 18:14:50,2018-08-31,68ffbee8870781bba0eaa257c8160788,2018-08-22
b76e9fd67cc3333ce3d289964a47fd0f,8caff5de8d8f2db8617ff4c04168439c,delivered,2017-12-08 23:08:21,2017-12-08 23:17:28,2017-12-09 16:31:27,2017-12-19 22:54:44,2018-01-03,c8773793e5ee8e3640dcd909594061dc,2017-12-08
6122108ba6a69151ca91c80d6ce5eb75,61238ee709250f8eba322d023775d9cb,delivered,2017-06-05 21:32:39,2017-06-05 21:45:16,2017-06-07 12:38:03,2017-06-19 14:16:52,2017-06-30,0189cca3aa2a0f75ca0cde94ee38be57,2017-06-05
43776dfb549a4d0a2d069bfabfc4b134,93e860f59b9c3f64328ee86718f7612d,delivered,2018-02-05 07:13:25,2018-02-07 02:35:46,2018-02-08 15:05:08,2018-02-19 20:58:52,2018-03-01,a889779509d4d33dc2edb4d1ad4bef38,2018-02-05
ec98ce3407cb6d360ad1315044bfc774,304a41e167c190e1d39396426f0ba90a,delivered,2017-11-30 10:00:50,2017-11-30 10:22:04,2017-12-06 20:07:22,2017-12-08 16:04:45,2017-12-18,3bd86cbdbfbae478211dda5de0f75a8c,2017-11-30
bdbe67b7e2faaeff27efc72ea1a1bf0b,346be88910055e5e31770b8278085af3,delivered,2017-07-13 14:18:01,2017-07-13 14:30:20,2017-07-14 00:27:56,2017-08-04 18:22:34,2017-08-16,099fad9e8f7dfbd0412c300bcc697e0b,2017-07-13
e6a6d96ae279ae5a454516029a7c43f0,bdebf3864c17651e6fff4ef53f155b05,delivered,2018-07-12 16:53:30,2018-07-13 02:43:54,2018-07-13 15:11:00,2018-07-24 11:23:37,2018-08-01,d60f6870e44d4eee8976d251eb6a4772,2018-07-12
fcad30a9bb90bebcdd23bb5e3aba00e6,762b4358bfc0776647150052efc68ff5,delivered,2017-05-05 14:56:48,2017-05-05 15:05:13,2017-05-17 07:53:58,2017-05-23 12:01:46,2017-06-05,be39d155826a326afa74f2f08194bbc3,2017-05-05
78febd227f47ed46eff1966e2b0b9b97,388a43487598d630805ec56499bc6ddb,delivered,2017-10-19 19:21:26,2017-10-19 21:49:19,2017-10-20 20:45:36,2017-10-30 21:13:38,2017-11-10,7dc06f440f8107432896e33a18da3e38,2017-10-19
7a8f4f62037bb98afd289fc2ee3da497,c486f733c3f7336536bd060b9937064a,delivered,2018-07-14 14:05:43,2018-07-14 14:24:00,2018-07-17 10:42:00,2018-07-23 18:36:28,2018-08-13,d8fb9d116b3443955e634e0aa1ec43b8,2018-07-14
aeebf4abbcfb9bac43b6a31399a3e93c,500e98ff3cb33cf1f3095ac781234e29,delivered,2017-09-04 11:02:40,2017-09-04 11:15:18,2017-09-08 15:28:08,2017-11-18 13:32:09,2017-09-28,55d9dfbb0709232b92bd2781c2d03858,2017-09-04
94289b7d9dbb9e497157dda056a90418,4024d0e498be8916e2aa071556abd2d1,delivered,2018-02-26 18:20:32,2018-02-26 18:35:37,2018-03-01 00:23:04,2018-03-02 18:33:18,2018-03-12,de17a025422b77b1cc080dedb8c4426e,2018-02-26
999dc37323684cefef388a9b58436118,321620138e47faf163d861b8dcd7119d,delivered,2018-03-04 10:30:46,2018-03-04 11:10:22,2018-03-06 23:43:28,2018-03-08 19:32:19,2018-03-15,43a1e77261b73a1f6f821295cc66e26e,2018-03-04
48e44243f3ee11d238f75a74b76b8ef9,6393f087c75d6b206c035cb648d480b4,delivered,2018-04-25 14:30:02,2018-04-25 14:51:36,2018-05-02 14:59:00,2018-05-04 21:29:38,2018-05-09,929ef7086a15c4d9fea8d3f33ff59c1a,2018-04-25
e72f85f6fe5543d0e70e5ffc67976643,4d2219481428c1004c9275a686169e01,delivered,2018-08-01 12:16:08,2018-08-02 03:05:15,2018-08-03 13:23:00,2018-08-08 21:42:36,2018-08-23,b1d331d598346f4682c504045921b326,2018-08-01
4519ce49b67354e83892e20c66e45b65,d6c4d064035d547e04a19ce3ebcb4de5,delivered,2018-04-11 07:55:20,2018-04-13 02:15:20,2018-04-25 15:31:00,2018-04-26 22:58:49,2018-05-04,9cc816ce67e93e5ace9b5e59f8b292f0,2018-04-11
27a186a0cfc53be941fc115cc408bfbc,11ed1a861563b383cb85ee4dd5e2a3ed,delivered,2018-05-09 19:36:52,2018-05-09 19:52:38,2018-05-10 14:48:00,2018-05-15 17:56:42,2018-05-29,79cd4aa52496125d2b3af331e6639a4e,2018-05-09
8d4defaad3d1206dde5189a813b794f2,76f918396bc39bf619c74a1342f31368,delivered,2018-02-24 16:03:38,2018-02-27 04:31:10,2018-03-02 00:56:49,2018-03-23 19:46:36,2018-03-21,5700e3ffb7f0709a625b50dc0f0a3324,2018-02-24
248526cd316de31c949ea70859c1a229,93ce9a6cacc23c3350af92246db9ec67,delivered,2017-11-28 12:08:52,2017-11-29 02:21:31,2017-11-30 18:31:44,2017-12-14 19:35:08,2017-12-22,37d84cb1a9131b83210f3b6b188187bc,2017-11-28
94111a59e0311e2720ce96b0b8327eee,0935c74ff02b70ca566f7252cc8fcca5,delivered,2017-10-02 15:52:50,2017-10-02 16:07:08,2017-10-03 16:18:14,2017-10-13 15:39:06,2017-10-27,f043529722a354cd3f185270e0c6aa15,2017-10-02
f292c124b9885e687193451c4932a1fc,423b14adf6348b5958abf3dfef05fefc,delivered,2018-03-06 10:30:56,2018-03-06 11:29:50,2018-03-06 20:35:41,2018-03-24 21:27:35,2018-03-28,b75c78386f87913e17a599a9f175a16e,2018-03-06
8469ed2398a6fba32a54609f9ffd20bf,0396f0569d196840d98d0337edb142f8,delivered,2018-02-12 11:10:45,2018-02-12 11:27:55,2018-02-15 17:55:19,2018-02-23 17:22:37,2018-03-09,d8a479c34b62d02ef2cd5e16a46befc7,2018-02-12
92aac24381f1c7944500e5b66d70efa7,fea17bb8e53883e582765264d13f28b1,delivered,2017-12-14 22:30:58,2017-12-14 22:55:47,2017-12-15 20:13:20,2017-12-20 21:30:04,2018-01-08,ccd458a4dac83ca8f1214479c65085df,2017-12-14
82261ff3dcd4a370acb65149a5507506,199e7ab738d50c057c66a47000fb3fed,delivered,2018-03-04 15:00:51,2018-03-04 15:10:35,2018-03-07 17:07:14,2018-04-13 20:08:53,2018-04-03,2598d17683e704949978dbba6d688d24,2018-03-04
fa3b5273908399cce287019297580550,6d3456dcfbcabb855d83191828c82113,delivered,2017-12-13 00:16:46,2017-12-13 00:30:29,2017-12-14 11:38:51,2017-12-21 23:06:56,2018-01-02,2f76dd7e97095b2552ea9e2a2fbe4d62,2017-12-13
7945d0d21f1940b67932b2541985e179,5dc17bbd94322aabc8b47adab7db1f90,delivered,2017-10-12 22:32:15,2017-10-12 22:46:50,2017-10-16 22:10:12,2017-10-19 17:36:24,2017-10-25,ddffdfc1fdb12708fb60a4e62796a778,2017-10-12
14bc0695cb3e3a338887d250c7cfafb9,cdb128471a62ef514b60f6f40a15d35c,delivered,2018-01-15 17:43:06,2018-01-15 17:51:35,2018-01-16 23:17:24,2018-02-06 13:57:49,2018-02-05,6265dcf485656c1b82c02df4e54ea739,2018-01-15
281ed84706b4bd965fcc7e842394aaa4,895fcef12a75ffc54d655f9c1a58a49d,delivered,2018-05-14 12:24:03,2018-05-15 03:35:13,2018-05-15 11:33:00,2018-05-30 20:20:55,2018-05-30,864a9493c7875925d546900dbba7e64a,2018-05-14
182da967fecc5ce77f31cbdf8c33f95b,a04d6980f5f8afd4e337c7cba0014af3,delivered,2017-07-17 15:22:17,2017-07-17 15:35:09,2017-07-19 20:26:48,2017-07-27 23:39:01,2017-08-08,52b5e5d99cddbd61d544e5d276e25226,2017-07-17
aaa67a6164a6f353f9da9ab91dcd2509,c5b17d08505dd3db2752fe8806022a13,delivered,2017-09-24 19:59:46,2017-09-24 20:10:14,2017-09-28 18:45:22,2017-09-29 19:03:09,2017-10-10,b40d366bc58b6a07ba727ffcbf5b0e06,2017-09-24
eb05475e3bda2bfe63d09299a231f42b,5b5aabbf6b9bbac09d76cd3b2f186584,delivered,2017-10-21 09:23:42,2017-10-21 09:35:15,2017-10-24 21:58:37,2017-10-27 21:19:56,2017-11-13,e9ffaae2457c73cc22dcef7b7f56832b,2017-10-21
fa584838f0f64e25b892b5e883b2c606,05690e3a455d0a0ce461ba6f50b39fba,delivered,2017-12-04 02:45:49,2017-12-04 02:53:22,2017-12-05 00:56:58,2018-01-22 16:44:17,2017-12-29,236dacbc1f324d6a99fb16c7a7fa22cd,2017-12-04
cc7c5328fbf984cfac3d461dfb85de23,9050ff09700689cfe2d4ecab1008fd0b,delivered,2018-02-27 19:48:43,2018-02-27 20:09:35,2018-02-28 21:04:50,2018-03-14 18:42:22,2018-03-23,6c3213e6bdbc378b1953840c7133ace5,2018-02-27
5fd641e5e16c3b056b1fb4dd6e429c43,4948d9d11ebcd4d241a0b291c15d5779,delivered,2018-01-07 22:59:25,2018-01-07 23:09:21,2018-01-10 20:17:19,2018-01-11 22:20:23,2018-01-24,000d460961d6dbfa3ec6c9f5805769e1,2018-01-07
6935b759d76562923a21746fce73fe75,a148f10ca6771ae483a760a535cd3f2e,delivered,2018-06-28 21:17:37,2018-06-29 02:53:15,2018-07-03 09:26:00,2018-07-09 19:22:09,2018-08-03,3af1bdb7c97ac944bac8675348ab7cc2,2018-06-28
0ec373cccbb9d0a08243467c9d81a0c5,a5e6ac3a5ce38448f898c1d7f60ee6e1,delivered,2017-12-04 18:10:46,2017-12-06 02:35:26,2017-12-08 18:09:26,2017-12-21 18:08:07,2018-01-02,bbf8e004f0bc05caf5d2214ef1245220,2017-12-04
5cc643c866ee7077eea087b9a7bb60ac,c777c1f4d4d5760dae06502e966f7cca,delivered,2017-10-29 20:29:12,2017-10-29 20:45:11,2017-11-03 20:03:20,2017-11-14 12:18:48,2017-11-23,8a7710185e7ca6d9c40fb919c5368010,2017-10-29
278f41386e50a73ab83b1253a6f98267,b5ded9bf40588418007caa3eec589c6b,delivered,2017-07-17 21:25:25,2017-07-17 21:43:13,2017-07-18 22:47:34,2017-07-26 11:14:18,2017-08-10,66f271f1fcea9468fbaa6aaf5f78bb73,2017-07-17
b6fa6ea37aeeb90c905eb2a488fc5dc5,e2dc0b0cef178179300195205e3788ef,delivered,2017-04-24 10:31:35,2017-04-25 08:02:25,2017-05-02 11:30:15,2017-05-22 16:07:20,2017-05-25,4f308d513ccac2840ecef09e3f27834f,2017-04-24
0f7384f686835a44a5051256f65b5b8e,50984928ebfb25a78ae17e6f74947d2f,delivered,2018-02-15 21:07:09,2018-02-16 11:50:29,2018-02-22 20:29:00,2018-03-07 17:08:41,2018-03-19,9e94170c1a57f87d6d6ff89df634fef9,2018-02-15
b1032e720a318564d740657f403230f7,1875ec73420a9c9239ecdeca65259cf2,delivered,2018-05-09 21:55:55,2018-05-10 21:51:20,2018-05-11 14:25:00,2018-06-01 19:57:42,2018-06-04,7b3f94b85ef0c6bb88725c754050a9f5,2018-05-09
7ffed19d85558d51da23bf236eb944fc,81e968a75b2d12bccd71f79ed5490731,delivered,2018-05-15 22:09:04,2018-05-17 03:35:21,2018-05-21 15:26:00,2018-06-05 18:58:30,2018-06-01,574eca8aac95f1f947e3bbc2564d1e9d,2018-05-15
0eee1a4b63289dc4fd740238702f8fe8,73b6a50630029d9ec4d6c63ea31d17a7,delivered,2017-04-11 21:22:09,2017-04-11 21:30:19,2017-04-12 18:39:53,2017-04-18 10:18:19,2017-05-05,b0f2771cc4bc777b3e9d20764007cd6e,2017-04-11
bddfffe723d38edce40f64c4c4794249,04ccfcc900bf0d659f82f44c03001d53,delivered,2017-07-29 19:29:35,2017-07-29 19:43:49,2017-07-31 22:07:42,2017-08-07 19:42:04,2017-08-22,3d685f44a510ff2a42d9c8daefe9610c,2017-07-29
45b62a8b5201fc31f705344b2d9e55de,1e55ff6f2dd9f787bb907ce309a58715,delivered,2017-09-12 12:55:07,2017-09-12 13:06:03,2017-09-14 12:58:15,2017-09-29 16:08:02,2017-10-10,24748851d3d794eddfe0f5f45c5b2950,2017-09-12
57a7b18332c1b9b26d96e35379af3a38,209e7cf8adaf4498f82df1fe2b8c25e7,shipped,2018-08-06 19:25:14,2018-08-08 04:35:15,2018-08-17 14:32:00,,2018-08-22,91544d22848a922381b73b5e21ad58ff,2018-08-06
4dc11c34257c9f9048d839d56ee0a7c2,93ddf78c4c10e009a2b846d1d96e90e9,delivered,2017-05-16 02:35:50,2017-05-16 02:50:06,2017-05-16 21:25:48,2017-05-20 08:42:08,2017-06-05,6bf65a350ecdd81286038e729fc2aa01,2017-05-16
7f95c99388c7aa1157d5992428f2e94c,8ceebf4d88625946ce9c0956401d575a,delivered,2017-09-10 14:02:32,2017-09-10 14:15:11,2017-09-12 18:44:34,2017-09-13 16:23:37,2017-09-21,acfd8b4b99b7c67d912bedc264fa8780,2017-09-10
5ca7bc597308f95f15a146dae930cb7a,a87b62ae912a22495d5f5bd919019b49,delivered,2017-12-21 13:43:16,2017-12-21 13:53:27,2017-12-22 22:22:04,2018-01-05 17:33:12,2018-01-19,2a315ae106795be2e30cfb8d6be4871f,2017-12-21
bd088ca6ce1e557aa5a095aabc217990,0fa81b29772104f6ee52214772fce439,delivered,2018-04-27 00:11:19,2018-04-27 00:29:23,2018-04-27 14:15:00,2018-04-30 22:39:24,2018-05-10,68b2b28e6df46e24f76c2c442ab8187e,2018-04-27
8caf289ab5d7e3ec7b4522aa22dabbec,dca1d784fd6b8dd1f223bb76482fa053,canceled,2018-02-14 10:37:17,2018-02-14 10:50:27,2018-02-17 00:04:14,,2018-03-07,5dd7c998ea73207f1e1f8b04866c3f83,2018-02-14
a95c742fa7426798396959c1bd1d6ab8,deccef8e76b297c735efd35686db0bf9,delivered,2018-02-05 23:57:56,2018-02-06 00:50:04,2018-02-06 17:19:10,2018-02-21 23:06:02,2018-03-08,7e6d5d468dee1bdb289c8b85f7e839c0,2018-02-05
453c644fedbe45275213438c93f3d0ce,d480546bdc6b03fca735f10fad331dcb,delivered,2017-09-07 19:56:30,2017-09-07 20:10:08,2017-09-08 18:56:50,2017-09-11 21:42:01,2017-09-26,60f045715d5f78c8481115c2e5cd8526,2017-09-07
cb1ba18d16a7bfa79c87de73dbfc46db,cf0543a398b016a8da85094ebe6eaaeb,delivered,2017-05-26 00:39:37,2017-05-26 01:22:36,2017-05-26 07:44:46,2017-06-01 13:18:47,2017-06-16,43cd51a4b02275e616fd1679e62ae281,2017-05-26
904fe483a657d106e1801556704da474,8e55628b82ea63dc22fef3bd6b2298a0,delivered,2018-02-27 20:13:13,2018-02-27 20:28:55,2018-02-28 18:36:42,2018-03-09 00:42:24,2018-03-13,6d4eac25f8e8188dda0f65745024ad82,2018-02-27
8d6b1b6428e4c189d70db5930ccace74,68795255746d33fae2c9d3557d4e64d6,delivered,2017-11-19 11:15:29,2017-11-19 11:26:32,2017-11-23 21:16:49,2017-12-01 19:53:05,2017-12-19,abd0a39a682f8ebce24fe26826e47eaf,2017-11-19
3edb50273f0fec7a7e340030467076bc,fac377fcf30218090635992d2467f12e,delivered,2018-01-16 14:56:56,2018-01-17 14:51:26,2018-02-07 14:58:29,2018-02-09 20:16:37,2018-01-31,4c4584a82633ac90e58fe2d141d7433e,2018-01-16
1092bd1c4047de3d8b0445f8539f4dc6,22705c3b9d99040b971bd4aeb236ecdc,delivered,2018-01-28 13:38:18,2018-01-28 14:00:14,2018-01-30 17:18:51,2018-02-08 17:13:05,2018-03-06,f38c2ba31f000079afd5a0416d37eea6,2018-01-28
8892341ba39887f2133640516707066b,2f2b3604cde42f8268be1b41e0fe19f9,delivered,2017-07-10 12:45:06,2017-07-10 13:05:16,2017-07-11 14:44:28,2017-07-12 17:33:23,2017-07-21,ca55ba94b18238fab20c54e2f0f3ac5e,2017-07-10
8984f6ffbbd78890bbb841530b225041,cd4e634c58edf9148d05231458140fb6,delivered,2018-02-27 08:22:41,2018-02-27 08:35:26,2018-03-03 00:56:41,2018-03-15 21:18:54,2018-04-03,1ea622900e01800560a43bf44dd98a80,2018-02-27
0e7a95096a126bd49633059c546f38c6,4c2cb3e121a25e566c2872b6d653291d,delivered,2017-08-31 08:57:17,2017-09-01 15:15:19,2017-09-01 21:06:10,2017-09-17 16:36:39,2017-09-26,2b348b43b3da133def78bf665998447c,2017-08-31
077ba6845168434024e83698d3f8fcae,b7316a502ebd69f8b4def2170d89e5b7,delivered,2018-03-03 14:00:36,2018-03-03 14:15:27,2018-03-06 23:24:01,2018-03-28 02:55:41,2018-04-13,a78fe1a6ff01727b77a4070a49d783b2,2018-03-03
a5b39819520d7e72a834f69462af01f9,51941e2c687d5e10b048f5364c5ba157,delivered,2018-04-05 17:22:21,2018-04-05 17:35:24,2018-04-07 01:42:42,2018-04-13 11:58:49,2018-04-20,6bd758d23e7363190c90efe439373aac,2018-04-05
27d4565688530c96555c05e21f6740c1,33297d2af8f199cd9cc87abb71a3b8a6,delivered,2018-07-01 12:02:17,2018-07-01 12:15:13,2018-07-02 22:47:00,2018-07-04 21:23:37,2018-07-19,6a8fb2c3e672cc4a55abaad6b000ba49,2018-07-01
bd6a1bf9e611f39801013f5c1f0f14cc,11d40dac62f72f261e07972e70617fbd,delivered,2018-03-23 17:03:49,2018-03-23 17:15:26,2018-04-09 20:37:54,2018-04-12 14:15:19,2018-04-25,88133d61eda1c59a2db4266167f5747a,2018-03-23
04164ec24abde688d0451ee982797344,6edfc5bd75a056281193727926d99a0a,delivered,2017-11-30 21:30:36,2017-12-01 10:31:57,2017-12-01 20:00:26,2017-12-07 00:51:40,2017-12-18,065dcef61d5f66b30d2ee51b5343d023,2017-11-30
1df3e6364beb175319d6e20f502f550f,c5380b66e187b0eb17c05d632db8705f,delivered,2017-08-03 16:57:03,2017-08-03 17:25:22,2017-08-08 19:51:20,2017-08-11 18:51:32,2017-08-16,cbebb963325989ab6e95fc1df135ddfc,2017-08-03
df3b978476e9f9edba154f427c2f4add,a28c4592ffac2cd667bcd6878dd111c2,delivered,2017-10-30 21:45:33,2017-10-30 22:31:41,2017-10-31 22:06:48,2017-11-14 18:14:34,2017-11-17,0b245ab8c277769fc9517581dd0aef36,2017-10-30
e7d88c2bc8575dcebb7cc0c72c2d22c2,92715e9c90e1d9542bd5a8a8b2959af4,delivered,2017-10-31 14:31:17,2017-11-02 02:46:30,2017-11-07 20:41:48,2017-11-17 18:15:55,2017-11-21,e83806e4e84ef029b8547983939597aa,2017-10-31
f8f19f291b784fe1e1bd40de20adf4bd,38045eab76ba7a85aa85f21a100f56a2,delivered,2017-08-27 18:32:46,2017-08-29 04:50:15,2017-08-29 18:43:10,2017-09-08 18:19:58,2017-09-18,2bb9fa7ec912785d8e0c8643e67a9e9e,2017-08-27
aee7414ea78fbc7601f88ecb530038aa,b3e37f0c3d63bf5b5868aaf6feb3dba5,delivered,2018-02-07 17:47:48,2018-02-07 18:15:30,2018-02-08 18:50:50,2018-02-18 18:13:20,2018-03-06,17f26f596394f88db3fd6bcb219df8b9,2018-02-07
abfba6cce1c9932387e102816c424f50,ec1296ed57da70c92b15ea79e73292bb,delivered,2017-06-08 16:37:08,2017-06-09 02:25:34,2017-06-09 14:09:42,2017-06-19 17:04:42,2017-07-06,591a7930ab1eb35eb7f5928560559648,2017-06-08
964c1e8e56d744d63b0087e6f30692e6,30a041bb6eaeea6d6d9720d4467b692e,delivered,2017-05-11 08:58:23,2017-05-11 09:10:19,2017-05-11 12:26:17,2017-05-23 16:39:32,2017-06-02,ee38964ff5dce9236b6aca9fb0046038,2017-05-11
d6f2b22f3f3a929ba65545667610d26e,0b4655859a571e68c65fdd20ba7777d6,delivered,2018-04-25 08:14:15,2018-04-25 08:31:20,2018-04-25 13:55:00,2018-05-11 00:41:03,2018-06-01,320f87e0bbf9af5a673dd836c7f91e2b,2018-04-25
707c884622a611c1c2c7b247c01f0121,dcd522c6b3569f1e5b62b69a56a3b815,delivered,2018-07-05 14:48:43,2018-07-05 16:21:30,2018-07-12 13:17:00,2018-07-13 16:04:43,2018-07-20,cc2bef54fa72102dca9777ff483f75a5,2018-07-05
37dbd3a9ef03223ca93bad0442fd91ba,671b584a1331d1828d621e2e45ce71d7,delivered,2017-11-18 21:28:56,2017-11-18 21:46:10,2017-11-20 19:12:09,2017-11-24 18:51:54,2017-12-08,84ad62f33ddb6b13553a850fd3dc2b08,2017-11-18
10fef716a1d9fb11eb624a9625853eea,f4bc36ec33804416487b2a7051214db6,delivered,2018-04-25 09:33:30,2018-04-25 09:50:18,2018-04-26 06:30:00,2018-05-03 12:46:31,2018-05-18,e613f7834ff4bd901915744d6b7a1a83,2018-04-25
b22a25c879419b2e54ca118ee3933dcc,ed9c2af7dc024cd1b8668296f64059e3,delivered,2018-01-15 17:24:34,2018-01-17 12:50:06,2018-01-18 16:29:40,2018-01-24 12:39:25,2018-02-05,48a174140ed74945b5caeda85815e092,2018-01-15
56a70a9c3a1a43d7c820316f0d2ed67e,c259c8db30799313c68a6d56731821fb,delivered,2017-09-28 16:55:37,2017-09-28 17:07:26,2017-09-29 19:00:11,2017-10-05 18:27:47,2017-10-25,f24be44b82d7396af2d32b180e8992c7,2017-09-28
8c2228de3ce29abb8e11211b8fa27001,1a8f9797e26ad6be74e0ded9c94f727d,delivered,2018-06-05 00:05:17,2018-06-05 00:15:18,2018-06-05 13:21:00,2018-06-18 23:18:27,2018-07-23,d3018e29f87b46882567c57954dfe252,2018-06-05
7e54f2e2af1f04c407423998a9812c73,f87e7eafa193599180f8b7006aa01e51,delivered,2018-02-23 11:53:38,2018-02-23 12:10:30,2018-02-24 00:08:55,2018-03-04 15:33:46,2018-03-15,216ab90e27f18940cfac8f9f02fb4239,2018-02-23
b8cab60cb755ff3798f7eda51e6634f8,773032786101d756fc62073bdb3fa505,delivered,2018-03-30 21:28:48,2018-03-30 21:47:09,2018-04-02 20:03:31,2018-04-03 12:18:35,2018-04-12,f247b7fda7279d2f88147c7bd0e7867f,2018-03-30
38303a6a61c69a067203b03e3e839e3e,bc4426e195e7702bf83343db924fdffa,delivered,2018-01-20 22:53:31,2018-01-20 23:20:13,2018-01-23 00:24:37,2018-01-26 14:22:09,2018-02-14,d08ab974e10f76911019491179ac636e,2018-01-20
38d53048cadc43042f82188a761f6765,ccbd8555e574d889b4c79b3ec6f35fcd,delivered,2018-07-15 19:35:42,2018-07-16 19:31:19,2018-07-17 13:41:00,2018-07-27 19:11:56,2018-08-09,3850ea9ef85d01dfcfa3d7001fb0b4b4,2018-07-15
9c5e0415bc4c4c089aa772c9387e0f8e,62dee8b517273bba680eb604ffbb7726,delivered,2018-05-16 10:40:30,2018-05-16 10:54:21,2018-05-17 15:06:00,2018-05-22 02:22:50,2018-06-05,473d9165586cfc6708841d07adf6c020,2018-05-16
e2a5a9157ae607d38cdb1593f74c0686,f81114079f5dbe4fd576d9f5a0c243fc,unavailable,2017-11-24 13:40:14,2017-11-24 16:16:30,,,2017-12-13,88713cb3f8b6c29c4984f303b460f4a7,2017-11-24
1d1f85267347878da2291cbb1bf6ba84,d5b12b50bd73a2202321b2b094b80344,delivered,2018-07-01 18:14:07,2018-07-01 18:30:30,2018-07-04 13:34:00,2018-07-09 19:37:34,2018-07-25,2fed7f906c785141f560c6e84d3c2b5e,2018-07-01
150fae57c8b1d3015eb9f7147073cb81,ac71f82b7f95c8723da67b5a764ec9f7,delivered,2017-10-17 10:08:38,2017-10-17 10:28:03,2017-10-25 21:09:51,2017-11-03 14:03:20,2017-11-13,02333854bb2fa366a65a44ff189a55cb,2017-10-17
38aedddcea7705d2d202027e67a7ddd1,b4de78dfda376465ee40da9a83d2bb77,delivered,2018-05-07 15:32:41,2018-05-07 17:17:43,2018-05-08 15:26:00,2018-05-18 13:51:46,2018-05-25,b457be6b6697fceb8d4863c876f7a6cc,2018-05-07
8ad27f298f11ab1248784468b3fa24e0,a5b99bf549cd3aebde88c53e7fb9f70a,unavailable,2018-05-07 15:27:22,2018-05-09 04:31:31,,,2018-05-24,54dcd10897e9d1cbb96e4eb8ed26749b,2018-05-07
e11d12748e702fcf969bd107eb604d87,995a364de8b90858127c4c131f8aa442,delivered,2017-06-27 15:12:17,2017-06-27 15:24:01,2017-06-28 10:41:40,2017-07-13 16:03:30,2017-07-27,8257f5fe71afed0d494554b7b0ffd125,2017-06-27
2d5179fa58ed22b21f86902df78f8584,1db08c206aef92f4f7727a98db210397,delivered,2017-10-14 19:03:05,2017-10-17 04:25:05,2017-10-18 22:28:39,2017-10-19 17:34:04,2017-10-26,b9ddbf8c1add8d434d625d6bf3413e42,2017-10-14
fb37491ec3b44ae85c9911fe79cc0193,9e5d200ee3887ac5a25699b622bcaed8,delivered,2017-08-15 15:51:52,2017-08-15 16:45:02,2017-08-18 17:05:37,2017-08-24 16:13:38,2017-09-08,e497441e71253e4542f176215243998f,2017-08-15
92e0e57ece13a66d7232aa795367d00b,d5a4979618ec6fe5b7f120ccb95821c6,delivered,2018-06-07 15:58:28,2018-06-07 16:21:09,2018-06-08 14:22:00,2018-06-11 17:12:13,2018-06-25,b826ee59f1655f2ae8e6d494b87ab2e2,2018-06-07
bf3a60e4735ec22f0cb309856fedfdf1,745ebc5319fd96d44439c0dc56a2fb62,delivered,2018-01-30 18:11:27,2018-01-31 16:15:22,2018-02-02 02:05:27,2018-02-16 15:21:47,2018-02-23,680f6342172f7caa8fe7fc08f30da574,2018-01-30
5a55b4fcb288fcd4e03766ee8dae6a41,bcc7823ae0dd5759454940c059428ce4,delivered,2018-03-29 09:27:04,2018-03-29 17:30:56,2018-04-03 19:22:58,2018-04-13 22:58:43,2018-04-25,34babc28e63a02e3909092453a8b75e6,2018-03-29
135d65ad3e989409c7acf6ec3a27bd33,9bef49530eb680901891b024cb4cdde3,delivered,2017-04-24 13:26:15,2017-04-25 06:35:35,2017-04-25 11:39:39,2017-05-08 07:49:49,2017-05-17,23b2faaeb690cf9b27506bcaceaaf40a,2017-04-24
c410d85093b93e495da87d8041af5ffa,f8578672384385a1888677c3bac69dfc,delivered,2018-07-21 12:19:00,2018-07-23 11:31:46,2018-07-26 13:39:00,2018-08-01 22:58:57,2018-08-16,4512ec8ef3c5ef84bf0a5609da3a7f5a,2018-07-21
41ce93449a43ac04521c49ec611fd11b,83e521ff7d17c21b4f80b173568ff06e,delivered,2017-09-17 21:55:13,2017-09-19 03:33:37,2017-09-19 16:22:57,2017-09-27 22:37:36,2017-10-13,5b793122cd209a07e85165695288fb0a,2017-09-17
09afbfa0da8baf5f4eb28c82f7209afd,a3986b549407adaa2cbef268e6e930ff,delivered,2018-01-20 16:17:30,2018-01-20 16:40:19,2018-01-23 12:15:42,2018-02-19 19:28:58,2018-03-02,379e4b6c7f7a996e735ba50e7dc353c8,2018-01-20
82f4e36c3e5c7a517807137477657336,068e1b93e18127f5d03e95308211c438,delivered,2018-05-17 16:59:11,2018-05-18 00:55:33,2018-05-21 07:09:00,2018-05-25 16:43:47,2018-06-06,1995bda245d2c7b62867c5113a2d9949,2018-05-17
1361ed772d73c4ca679d9679c7266142,42f2079a590ca777d54f3ccad03c29f2,delivered,2018-02-02 13:36:05,2018-02-02 14:51:44,2018-02-06 00:17:20,2018-02-16 14:22:29,2018-02-26,8057782b9fe4e1c8f53e7f0c3a052c92,2018-02-02
dceea990c8cf652d8a6abcb265f27301,92186910fbcdfc07123e833e722bc41d,delivered,2017-11-16 13:38:50,2017-11-16 13:55:49,2017-11-22 17:26:45,2017-11-30 19:05:09,2017-11-29,ccdfdbe77cede39a91e324e55c234593,2017-11-16
8462f0be98b582991e37cc159d74781e,b76749d52476f8c463c2325f2b856ddb,delivered,2018-07-23 18:15:53,2018-07-24 10:32:37,2018-07-24 15:12:00,2018-07-25 19:06:45,2018-07-31,ad2bc20cbbcebc703b4525baf8d475b2,2018-07-23
04a2349771026865337d7e70a2ae0af4,c99ecf7cf706ac542dd007e0cbbd0fcf,delivered,2017-08-14 23:42:48,2017-08-16 00:30:35,2017-08-17 20:51:50,2017-08-24 23:25:28,2017-09-05,ad5d9130cd9cde7a5ea7e9be7daf8484,2017-08-14
eb3c78fe8b35f52d4369d69d383fc212,263f9cd6ec31b2a2f80e4e26cb235335,processing,2018-05-07 22:40:38,2018-05-07 22:52:41,,,2018-06-04,c0a0fc9a402b0e6f49a05ecdac06519f,2018-05-07
500102fcba02a3eebe20afee72de2f33,587813508c0cb2f73223f55ce3564a27,delivered,2017-06-23 17:37:14,2017-06-23 17:50:20,2017-06-26 16:45:58,2017-07-06 11:39:37,2017-07-17,4527daf8c106f729aec412f367bbcaa2,2017-06-23
4428ed14e5a837c99231835f3fde0b9d,d05b620139275e5bc703e935d448d598,delivered,2017-08-04 07:18:34,2017-08-04 07:30:10,2017-08-07 15:47:27,2017-08-13 14:13:26,2017-09-08,7fe5de4fc2e3d9eb1407f4a3b95a4028,2017-08-04
ad7d9326d258f80eb37b239345f12bab,9eac01273a3af8693258b4e2cba53b68,delivered,2017-10-23 00:05:04,2017-10-23 00:25:14,2017-10-23 19:09:09,2017-11-06 18:34:04,2017-11-16,dc6502a8fc5ef5239994a36192e7a0ca,2017-10-23
4c0b506d42a6b9fe0951c6cc05419141,f225771a2f46c4efd6ab6967f5c23070,delivered,2018-03-08 22:38:54,2018-03-09 01:22:10,2018-03-09 21:58:38,2018-03-21 16:22:29,2018-04-06,7e43696e1ae594af82dd11f481dc232e,2018-03-08
da416b186e48cb56bf0036a91b66d8b0,2e017d08bf6e0a7b1af5d632f3bfd053,delivered,2018-01-18 01:13:29,2018-01-20 09:10:26,2018-01-24 22:38:43,2018-01-29 19:58:51,2018-02-08,b7946256e5a8ccadd19a6a74ab022df2,2018-01-18
352a453381020ddaabdb65237a187e9c,83b30ad928204e529d9df916d8e5539b,delivered,2018-04-29 12:58:37,2018-04-29 13:11:09,2018-04-30 13:59:00,2018-05-07 19:50:35,2018-06-08,64ba9a3483bc075629f887fc323f17f2,2018-04-29
f6b066fe810a20c879b7a4aa8ffd30af,a01b1970efe8b573e00c01cf5ef8b758,delivered,2017-05-21 19:59:32,2017-05-21 20:10:20,2017-05-22 13:47:07,2017-05-24 15:56:57,2017-06-09,5edb5e94dde197f8fd914eec2975b891,2017-05-21
1bc2c38cb1ae7c211bef71067808a22f,81f23b87c6d4f9f35623839be4c81a06,delivered,2018-08-19 17:20:11,2018-08-20 12:30:18,2018-08-21 14:25:00,2018-08-22 20:56:36,2018-08-28,102dd31ab68cc7c43e9de66ad9491184,2018-08-19
654b59e70552dabe9932c36967607cfc,a8df01b4468008cc56f702a059a898e5,delivered,2017-07-25 23:32:39,2017-07-25 23:45:14,2017-07-26 18:09:30,2017-07-28 14:12:23,2017-08-10,35d136d4abc8282e403dfe594e3634ea,2017-07-25
136c6d8d429f92dcbc6876d47eb61b05,5c220bc37df60715575a60d3ec7b72a0,delivered,2018-05-10 11:32:29,2018-05-11 03:10:34,2018-05-11 15:03:00,2018-05-14 17:36:57,2018-05-23,62371bf5bdb7ee1574e7276529e792c7,2018-05-10
1a0c96a409c1c324fd17fde3f76833cb,6117bf62437ab37582b8845a700f2836,delivered,2017-04-27 21:30:31,2017-04-28 11:46:01,2017-05-02 07:00:06,2017-05-12 15:03:54,2017-06-02,04e5a8efc73cc750a235284e801a2d28,2017-04-27
b8509b6824fafb1bd28f795de8bd0008,ea528d62fde66930f81e0a4f937347a1,delivered,2017-12-21 17:06:16,2017-12-23 02:13:30,2017-12-28 15:13:57,2018-01-04 21:29:59,2018-01-17,8b66ed3bc466b529679216104ac96f3e,2017-12-21
164bcbb466afa4e7b9eec1760f0d7096,f476fe54d688e5e018ed94d537d7c5fc,delivered,2017-01-25 12:49:36,2017-01-25 13:02:09,2017-01-26 10:40:10,2017-01-30 14:08:07,2017-03-06,910a4a6cbd33eefa52d8b521bbf3661f,2017-01-25
e4629b63b30cf97fb793509e92dbe84f,a7d491d279e4dc3bcba9ffef195a1ce2,delivered,2017-05-26 13:21:11,2017-05-26 13:30:23,2017-05-26 14:29:29,2017-06-14 16:55:03,2017-06-27,2961a17daad53fdddfa8c981a29ea0b1,2017-05-26
010d15deea8cae96ae86ea8097917a17,bfab01097454f7cf7d2ba80d7af6125f,delivered,2018-04-05 15:04:05,2018-04-05 15:15:25,2018-04-10 19:12:18,2018-04-17 18:41:01,2018-05-07,c5d371601018aa18e6c3a30b5678fb1e,2018-04-05
6e4136c5ace9e2c496768e5f6e97abe5,76e74ccff5d76c6405eb8bb84e38bf1b,delivered,2017-06-18 16:14:06,2017-06-20 11:25:31,2017-06-26 17:35:36,2017-07-10 15:16:50,2017-07-27,ff8d5a4820b9e8b59cdbc2f6102e64e4,2017-06-18
cf95215a722f3ebf29e6bbab87a29e61,e2a8d07201639004b090670ce5efe355,delivered,2017-08-25 17:14:15,2017-08-25 17:30:13,2017-08-28 13:14:14,2017-09-04 20:13:06,2017-09-15,ec103b892f579de25189dda196a4c5b3,2017-08-25
d0aeffcae647a9361f9d3fc33a2479f8,2cdbfef7526be4ced7b73926dbc61a59,delivered,2018-03-27 22:47:11,2018-03-27 23:07:10,2018-03-28 18:11:05,2018-04-06 21:25:59,2018-04-24,d6c9a0985428af8b19d4a403dd43242d,2018-03-27
5c85debdfc8ce1c52ffca18216568be9,55eb63ec4c4a5e4146da6ff2ab13f62c,delivered,2018-06-30 20:06:44,2018-06-30 20:30:03,2018-07-05 14:55:00,2018-07-13 14:59:42,2018-07-24,9b979f8980f1492f01b9a4d09f942854,2018-06-30
5899e054139c0623eb7e33c47f32b68a,f34afe6fe7de01bd85eae362d9b8c20b,delivered,2017-06-12 14:57:01,2017-06-12 21:10:19,2017-06-13 13:38:34,2017-07-04 07:21:33,2017-07-06,0f7b20aa5489a0c047229784fe53f9c8,2017-06-12
27f34f7957260b0d9e561139a5752836,a047fd04d7b42d53c6f321e077c6a037,delivered,2018-06-05 17:18:36,2018-06-05 17:31:39,2018-06-06 09:13:00,2018-06-22 14:58:44,2018-07-20,39e175316b8393526b40c9797b95ce92,2018-06-05
8fa52fe9cf624cb965221608a8d178a4,6995b3a491bbb2ec972952afa7b8c684,delivered,2017-11-24 22:21:04,2017-11-25 01:17:31,2017-11-28 13:41:24,2017-11-30 14:43:11,2017-12-08,ea1247ecd4957201f8b78eb029ea5dd7,2017-11-24
04b3135bf087618b410a00680576242f,cd49b1a9bdfab0fa34b0ab96a9696d98,canceled,2018-07-29 19:58:34,2018-07-29 20:10:14,,,2018-08-13,6f59eba24fd00a27069b57c896d8899a,2018-07-29
ed508ca755bf69c5c742f7cbc19f3ef5,ff1c9d04b609c1f86948a391c16e586b,delivered,2017-10-25 00:00:09,2017-10-26 02:56:26,2017-10-31 22:19:54,2017-11-06 18:48:39,2017-11-13,66e4be6d20670c8bbe8e3e3b11e16422,2017-10-25
9f817d8c0e8b270ec0715cb1c5e1305c,e8d83f6d852a30443910d6da1bbcbb30,delivered,2018-02-12 11:32:30,2018-02-12 11:48:17,2018-02-15 20:53:13,2018-02-19 15:05:35,2018-03-07,09a5500c310736fe2ef96d35c87efd03,2018-02-12
cfcb1e7c684257721d28ca81c394714c,2635801cfab2ae4ff5d014de14d703c7,delivered,2017-02-14 07:59:57,2017-02-14 08:15:13,2017-02-14 11:14:34,2017-03-02 20:26:00,2017-03-21,b56c60ed244eed72ff5640a41bf254d5,2017-02-14
4e1d97aa676ca543b36d9961958831cf,e04fd5d40b1f6994876783e748389097,delivered,2017-11-20 12:47:40,2017-11-20 13:07:08,2017-11-21 19:38:28,2017-11-24 19:07:47,2017-12-11,1d56784e942bcba5ad1bc9cefb5a32ff,2017-11-20
991822bb734dbc3bbda5554397c3d957,f55791b5a2b3a4f027ad2523dbdf7b2f,delivered,2018-06-21 22:14:25,2018-06-21 22:38:24,2018-06-22 14:08:00,2018-06-29 15:22:57,2018-07-18,6ad3401228c2864c4158ce9dab5169f3,2018-06-21
794651af98ca9412aa91961e14c0a796,5f4d146ec198ef05d2582c0744068489,processing,2017-05-10 20:35:15,2017-05-12 02:50:26,,,2017-06-07,a0668f386d869212ec24abf9fab0bc84,2017-05-10
c43c85be1846e97fe6554a68837c9f75,54cea802a045d175aec6375889f82d4a,delivered,2017-12-15 23:17:43,2017-12-19 10:10:46,2017-12-20 17:07:59,2018-01-03 19:17:52,2018-03-12,2867db65e2abb07a5b9b07b1a7ada5c3,2017-12-15
6ed1103fd0fa6171c6ecfb3622fef9d2,a2ce605ad71565602e3af6adb8bd6ebf,delivered,2018-06-18 09:22:13,2018-06-18 09:41:18,2018-06-19 15:23:00,2018-06-20 22:03:37,2018-07-04,7c1f9d4f6823a70d630ee292b6b8072d,2018-06-18
de6db4f3c511147d4ab0a44149a38960,1b27e7f38dac493a9d3c98d25a346edf,delivered,2018-05-15 17:40:40,2018-05-15 17:55:33,2018-05-17 14:44:00,2018-05-21 13:38:22,2018-05-24,0a2f7583eb36287f4066e3dbcb5d678d,2018-05-15
efd5f6d335841ef212ce657580faf95d,51e1fc8a17cbfb73d2374b9606c77c3f,delivered,2017-03-03 08:05:16,2017-03-03 08:15:06,2017-03-06 14:15:01,2017-03-20 07:26:03,2017-04-05,65432db1dd83d868469ce900ecbb883b,2017-03-03
1a7a8e3660a0903b0d7c43928700edb1,dae5221bda68a557972606b040facf0f,delivered,2018-04-01 15:27:20,2018-04-01 15:47:52,2018-04-03 19:58:42,2018-04-09 20:28:27,2018-04-18,f5dab8ccbb67753f6cff469746dac6c8,2018-04-01
6e25453a992842c74dad4997432fa104,76590fc86395e0ce669099e608aa3432,delivered,2018-08-15 14:18:13,2018-08-15 14:50:21,2018-08-15 14:55:00,2018-08-20 18:08:32,2018-08-20,99eb84fd8716615abf2e294d20f306a2,2018-08-15
03227bf7c543bbee4efa38bb6c6763c8,416d631088217221eb0b4c18b9b8992f,unavailable,2017-09-08 17:57:39,2017-09-08 18:15:20,,,2017-09-25,40ef2e9398b47d1a87a70ba2f4757fdf,2017-09-08
c7e5dcc08eec0d2beca3642ca762a0b7,8779b7dd61306e3fb566468b116c1289,delivered,2017-11-24 00:31:58,2017-11-24 01:09:57,2017-11-29 22:34:43,2017-12-19 20:19:15,2017-12-18,e461a45a8f58e04f9041d7b1387ebcb9,2017-11-24
f57ef42b585d020c6a058a8334fae1e6,6c185ed34983b0d80f77402efb2453bc,delivered,2017-04-29 21:24:41,2017-05-03 11:45:09,2017-05-04 14:33:26,2017-05-19 10:24:50,2017-05-25,1dcb953ae69a83984839d5293191915b,2017-04-29
614c5cb06a982f6034ec63bb29030868,33be2c117b7d66949a335c3153d3bd9a,delivered,2017-09-18 12:37:24,2017-09-18 12:45:53,2017-09-18 21:18:35,2017-10-10 16:03:17,2017-10-05,da29b8a3970adddb9ed2dc8a492065af,2017-09-18
483c0f7f44eec6fd0fbd90914d187226,0115fdf642d451174def967bd1d55350,delivered,2017-10-31 15:30:24,2017-10-31 16:31:15,2017-11-01 21:18:32,2017-11-21 17:08:57,2017-11-21,99463c65dc4f7d011709ce9966da32f4,2017-10-31
1b5c359c2188ceeab2777c0d27e7c343,2920fb46b9b54caf47e17d137ca38985,delivered,2017-12-25 06:44:48,2017-12-25 06:54:18,2017-12-26 20:19:34,2017-12-27 22:59:36,2018-01-15,bfcdddab5a2fe5dd1d1b8330795f4061,2017-12-25
fc046d7776171871436844218f817d7d,1458a88f3713f047a6d4a23a8ee0f3e5,delivered,2018-02-20 18:07:05,2018-02-20 18:20:44,2018-02-22 00:22:55,2018-03-19 14:34:39,2018-03-19,4ea3dd6fbcdc60a8ac2ee17617df1955,2018-02-20
8c3fc6bc1bb3cd515f5e18c50935c472,81a82901839c23acc4de55eb6bd08a2f,delivered,2018-07-19 11:07:26,2018-07-19 11:23:01,2018-07-20 12:26:00,2018-07-31 21:10:52,2018-08-09,ce68e3c7989437c4e6b68ebf5cad704e,2018-07-19
c8149ea29f0a2d421ed6f7a82b6ed188,8d09c9c7c87997b0394c545088aa024a,delivered,2017-10-07 12:55:32,2017-10-07 13:07:24,2017-10-10 16:22:30,2017-10-20 19:43:50,2017-10-31,784554eeed8362b391bbf0466175684e,2017-10-07
dff3e288033f5ee1047beaeba16bf081,c444d6c8dca3873fa507af4a27a2b9eb,delivered,2018-03-22 22:58:20,2018-03-23 09:55:37,2018-03-23 20:12:48,2018-04-04 12:12:30,2018-04-17,1d6baa55097a3c34d01a302201bf5750,2018-03-22
f3e0072b748ae50d569e3cd2c1e3ea38,3c9f5d85b884965667dc59d90aa2df48,delivered,2018-07-20 12:25:50,2018-07-20 12:35:15,2018-07-20 13:43:00,2018-07-30 18:37:51,2018-08-07,8e12975d0449c64a62aa04f1a1863b90,2018-07-20
f80bb64f9bb2ac4ced01632c44a67e0d,fbb704b2c1a3373c27c8a59d7d0d45f5,delivered,2017-02-01 13:01:34,2017-02-01 13:15:14,2017-02-20 11:04:57,2017-03-02 10:14:01,2017-04-11,fb78b34d4270dcaba9234e86ee14e987,2017-02-01
356e20d37981e953b14b5116b92979ff,edd24957d66c8ce27cdf701398661cc0,delivered,2017-08-11 16:59:04,2017-08-15 03:45:23,2017-08-17 14:42:29,2017-08-28 19:43:10,2017-09-04,504152ffd6decedefa322cf4cef2e0b0,2017-08-11
e309cad34ebb9d0ac6278ca36f3dd286,3831925c77c419ed9abd8dd139ead3f0,delivered,2018-01-09 22:55:21,2018-01-10 10:32:13,2018-01-10 18:10:54,2018-01-16 00:34:50,2018-01-31,413c5b2d06306ffdac78a6805ff6b0db,2018-01-09
2daeb63be09fd5dc894a806f32559eef,618574d8de4772230f589e9e6bc858c2,delivered,2017-11-27 17:46:48,2017-11-27 18:00:34,2017-11-29 19:38:47,2017-12-12 13:07:22,2017-12-11,5dd8535d927b30b62c8b452c5fdd5c42,2017-11-27
ec038c4d9946cec9042787452aa18aea,4c2f1e6644d4970084340cd3a4032151,delivered,2017-07-05 15:39:42,2017-07-05 17:43:00,2017-07-10 18:16:09,2017-07-19 21:04:37,2017-08-02,eff312525b94314bef8881542cef4989,2017-07-05
ec50de155ee50e1816b6a6df4371c4f1,d086482636923b9b7bc961b6869950e9,delivered,2018-04-16 08:32:18,2018-04-16 08:51:15,2018-04-16 22:45:28,2018-04-17 22:42:33,2018-04-26,890e2f88a5e6531a5c98b52abd1f9a16,2018-04-16
ace1fa00a0f5414248ce3e4c1ccc0c0f,d8a448d4a6c91ce90242692a8e5eb318,delivered,2018-04-08 10:02:46,2018-04-08 10:15:15,2018-04-09 20:33:00,2018-04-23 19:58:26,2018-05-07,cdd7834f87259e59ca9879e3649763fd,2018-04-08
88d482d263a239a1fa53ec9975895f8c,12f4edd6eb013fa0324c75df31cf42f5,delivered,2018-03-04 16:01:15,2018-03-04 16:15:26,2018-03-05 18:19:06,2018-03-18 14:52:51,2018-03-28,fbe8c53553220646741e6d717a55e114,2018-03-04
153a49ded28e0fe861f537fc2b881f93,151de0760cbd861ecf7f1916416da894,delivered,2018-06-13 14:34:17,2018-06-13 14:57:09,2018-06-14 11:45:00,2018-06-20 00:08:49,2018-07-18,186638bdb0f600c9bf2bd60e4b14537c,2018-06-13
b5247f083ab1483738dc1a173aac237a,f0e79a1f29a02c9c0af513d340f48e1b,delivered,2017-07-11 22:27:14,2017-07-12 00:25:14,2017-07-21 18:57:20,2017-07-31 17:26:45,2017-08-10,6a173492eb808e4654fba73da730a5d3,2017-07-11
61bfed38f9921edce07bf34cbbacf25f,e2272ac8bf459f44d6c463d1b75afb8b,delivered,2017-08-03 11:45:23,2017-08-03 14:05:35,2017-08-04 18:31:46,2017-08-10 19:13:30,2017-08-25,fc6110afce6807f3b7834f7091a032a3,2017-08-03
469c998a970002ef15d7e16d4b716576,b9c6a2e20686e1df4f0e9b4def253369,delivered,2018-01-26 11:00:07,2018-01-30 04:31:21,2018-01-30 21:53:03,2018-02-06 19:00:02,2018-02-22,292df58e8af8856d8fef661184d7a7f9,2018-01-26
7a78a9a8b6fbd55b017d8d8da0e035ff,0ca1fee2b0a940d345f188b63061bae7,delivered,2018-02-16 12:50:17,2018-02-16 13:06:52,2018-02-20 12:38:39,2018-03-24 14:28:39,2018-03-20,2a2efb28272f090f2efaa256a5c57692,2018-02-16
f123bcb9f930077822decd40b6b633f3,86de6ff695c68ac67ab271db8074219f,delivered,2017-07-21 23:53:40,2017-07-22 00:42:44,2017-07-24 12:13:55,2017-08-03 18:31:34,2017-08-14,7184da4e252bf14cbaa9f0b05dae027b,2017-07-21
18d03c24d935b80a422c0f6ce80a2457,d16d0af538e904235b4e054ac80bbf91,delivered,2018-02-01 12:00:30,2018-02-01 12:15:42,2018-02-06 15:58:39,2018-02-20 20:21:44,2018-03-05,c83c41456526926a16e2f95d3652b6d3,2018-02-01
73af716749dce46fbbc5b2c4530ab2e9,9193190ad33400f55c47c4e780595bd9,delivered,2018-04-28 11:20:00,2018-05-01 06:12:49,2018-05-04 12:27:00,2018-05-12 18:42:43,2018-05-29,bd4551291e7776a13a62fa67f89ea76d,2018-04-28
512c6d2dd9904e8ce639b106a7689949,ed9906094c482db4ff0708204f6165bd,delivered,2018-04-18 22:04:04,2018-04-19 02:10:51,2018-04-23 22:58:53,2018-05-15 02:08:46,2018-05-30,b286ef114fcc3e79e16ef53e6e33f7d2,2018-04-18
35df0cf1d7650c5c0ad88837c4dfde89,56d4e564c90c03ec7bdc5958321f3874,delivered,2018-07-04 11:02:43,2018-07-05 16:13:16,2018-07-05 14:05:00,2018-07-10 15:28:43,2018-07-24,62531ad6dda5572eb4d184fc19325d4d,2018-07-04
9b17ed1512fbdda27807b8f2f5de6584,fae59c665a33d4343581973b75e1de5f,delivered,2017-07-10 23:50:38,2017-07-12 02:10:12,2017-07-13 19:06:06,2017-07-28 22:32:33,2017-08-02,323400aebd4890a3f07d13b995b36d60,2017-07-10
f1f4f8ff819c5510c061520a5485a6b1,d47b5f967dc9b5c64333afcafaac1d61,delivered,2018-08-13 18:02:02,2018-08-13 18:15:11,2018-08-15 14:20:00,2018-08-18 17:19:54,2018-09-03,ab81aac5562f98c094a0a51b98f09eeb,2018-08-13
aeb42a43f79770a6814d16704d4e1f58,cc4806fd92b5bc52c76bd55c80641b06,delivered,2018-05-09 16:00:10,2018-05-09 16:17:06,2018-05-10 13:58:00,2018-05-23 16:22:21,2018-06-01,5941e69ecce17afb03f8f03c9568a759,2018-05-09
b5f3769de78cc3dcbfce6616de4e266c,861ac4d275be7ea89f9c1102a560fb6a,delivered,2018-06-21 16:58:27,2018-06-21 18:20:45,2018-06-22 13:47:00,2018-06-27 14:37:55,2018-07-27,2b8308ae10aec89034e0db68554702bf,2018-06-21
66308a10b1b08b360f9a7378a2ff254a,c20242d9e3109c0f8db6b5786d6f9e15,delivered,2018-07-13 13:14:59,2018-07-13 13:30:10,2018-07-16 12:41:00,2018-07-24 22:36:52,2018-07-30,4b5d93376bd555ed80549865a47584fc,2018-07-13
fac9ad2862283f6ebbb3c67abc842db6,edc71b62253484eedad052d49feca6a2,delivered,2017-02-07 12:25:03,2017-02-07 13:05:21,2017-02-08 05:35:00,2017-02-10 11:09:20,2017-03-02,f8efb2c458c7696b7e70ab9698adddd3,2017-02-07
4a6309669545b27a89528e2afcf76b6e,676d6d9a4865e261e3df7dc505e3383b,delivered,2017-07-06 09:07:17,2017-07-08 03:30:44,2017-07-14 17:51:37,2017-07-26 19:13:29,2017-08-08,ecc015a022de7abbaf3827302086864b,2017-07-06
fce7ca4f8fc4109d4988bd6de96da69b,58224fdd02a2366020f78dd65bf6c07d,delivered,2017-07-14 17:20:38,2017-07-18 05:50:38,2017-07-19 19:06:56,2017-07-28 19:04:45,2017-08-09,fc090df65f93446022b5d905212f2766,2017-07-14
4474caba80193ac70c8175e131162240,d1708296fa2d1858568bac4e9ea907bf,delivered,2018-02-05 08:33:59,2018-02-05 08:50:23,2018-02-07 19:52:34,2018-02-19 16:03:50,2018-03-05,4867378aa2b93cdcdcc1911ba28beec3,2018-02-05
07d393eec6ab2c8c4a90dd4344b6abf9,c4d2b21d80e07bd6d1b8e170b9ae4d9d,delivered,2018-03-03 14:42:08,2018-03-06 03:55:46,2018-03-07 19:21:31,2018-03-21 21:33:35,2018-03-26,4766c34deb79566d30d1c7a51ea898f7,2018-03-03
fa1ad0a29c6a88101f0eb2e1504eb9ba,ee999a46c24288f09a34987a6886ca1e,delivered,2017-09-18 13:48:16,2017-09-18 14:04:52,2017-09-19 20:35:43,2017-09-25 22:18:34,2017-10-09,d43c1a4a9df72505fad488563ad793a5,2017-09-18
8b7d20431612adc12a56218cbefaddb1,3ddb718532ca50ad1bc6895d5a9032ef,delivered,2017-05-02 21:15:15,2017-05-03 15:22:54,2017-05-04 13:44:06,2017-05-08 09:13:58,2017-05-25,a694d32f77ef3b51fac251f40b0700ab,2017-05-02
2c5797ccf0b3bf61a051628659a6d535,33859246ea7a0167422de9864bdd65b7,delivered,2017-09-26 08:14:36,2017-09-26 08:28:12,2017-10-02 19:51:18,2017-10-10 20:23:36,2017-10-23,8702c9726f560244d1f952836eb7cf82,2017-09-26
f5ccdd828561c205992f7e38be419560,78aabbf61cb7310258ff80e339d6d464,delivered,2017-09-27 16:20:41,2017-09-27 16:35:16,2017-09-28 19:43:34,2017-10-09 18:39:00,2017-10-25,3ed1a356fc39d55702a0637ee0f16cb2,2017-09-27
2b1e4967ed6ca5b1edd58b616b4da7e8,b5c48451a5d396c3ce2a7bb9ecfd0113,delivered,2017-04-26 16:16:23,2017-04-26 16:30:14,2017-04-27 16:27:41,2017-05-03 08:16:34,2017-05-16,8a45c522ca8883aa0ef5c24dd8a2a6d0,2017-04-26
daa41ee15e241169ca681b61b93bae77,4264e24f36aa1ed42c41aa53c87e28a9,delivered,2018-06-10 19:59:30,2018-06-11 20:05:06,2018-06-13 12:02:00,2018-06-25 21:59:30,2018-07-17,67af0af8a37d21b9df410fccfed86729,2018-06-10
93360105ca495a4a0a6f794ceb678ffa,3ce34bb8e367bf73269332c55df37764,delivered,2018-08-13 10:47:03,2018-08-13 11:05:06,2018-08-14 10:25:00,2018-08-20 22:45:55,2018-08-27,55e63b514e461b8929512bafd0bc0735,2018-08-13
2b101e802b6712f2fc129966a2c518fd,91f514d2637f3d11c0394fd89807f69e,delivered,2017-09-19 15:49:02,2017-09-19 16:04:41,2017-09-26 17:09:03,2017-10-03 20:41:34,2017-10-11,d98f42f66166ac939d5523b52cb53841,2017-09-19
c69c18eaa4efb1da1d0a89ae4e9ee485,a8c58a2803895dbfa679c57766ad69c4,delivered,2017-06-14 14:13:14,2017-06-14 14:22:55,2017-06-20 11:54:21,2017-06-26 14:47:55,2017-07-18,b7bb435d908328e2ce343fb77bb88a74,2017-06-14
36d41a5b60875876ac9f3dea8d233a1f,9525e9588f32cbc9dd5eecd6c63da24b,delivered,2017-11-27 08:41:22,2017-11-27 08:50:53,2017-11-28 17:32:32,2017-12-18 23:08:06,2017-12-19,ce41a50f9ff95ef577cb759483fe9165,2017-11-27
2e714c63b48a7f01b1bcd40c2621b813,608d1467c0aa3e122509bbe443173525,delivered,2018-01-22 13:11:52,2018-01-22 14:54:59,2018-01-26 21:58:41,2018-01-31 13:58:03,2018-02-06,43714f2590bcb9f935ae68073d6c34f1,2018-01-22
31a9fc3107df7fca6d3e9d14f7b2da84,1d350be5c2a21f6aed74c0f3ecea8f45,delivered,2018-07-26 13:59:24,2018-07-26 14:40:05,2018-07-27 12:52:00,2018-07-30 18:08:01,2018-08-10,dde44c6e0a6e6a57bca15a4b2892aba8,2018-07-26
8cb5fe50fcb1a1155fa2f27857895eaf,6822b63b51497118744724b12cfef448,delivered,2017-12-14 10:15:47,2017-12-16 02:36:40,2018-01-09 17:14:52,2018-02-19 23:35:00,2018-01-19,bced841287e3c8ae37e0382a6fd2cb64,2017-12-14
059d893dde97f787f2f608d5a5d13e0b,e813177a243614efe9ee7d4b466011c3,delivered,2018-03-29 11:34:59,2018-03-29 16:46:06,2018-04-02 23:37:31,2018-04-06 18:31:24,2018-04-26,0d19ff85f8ca735106869df70411f011,2018-03-29
31b7099f02dfb1ef54bf9b3c44aaf417,48ccf3a1988ef7c484efc8142bd0a8ea,delivered,2017-07-06 19:35:07,2017-07-06 19:50:14,2017-07-07 18:59:36,2017-07-14 15:57:42,2017-07-26,2d1768ecedef896a26c0d5db869a4c45,2017-07-06
719c1d51ad40a458c511ebcfcdd0ebda,674726e22be3793ff1ca03835381d770,delivered,2018-07-17 15:23:54,2018-07-17 15:35:16,2018-07-18 15:31:00,2018-07-21 14:56:39,2018-08-03,9e8396345edb2e6a17ea3090995f2805,2018-07-17
d3f188004b9a9be7084c1f771e594963,e6b4ac526bc0cffe935360815bf63a8d,delivered,2018-02-03 17:15:30,2018-02-03 17:30:03,2018-02-05 20:12:26,2018-02-07 01:07:59,2018-02-21,92c483faf90d0052314924e898667e8e,2018-02-03
0132f39e8ad9b42ad2d41c847f44c0ed,a09467d10848ae399caa6f3fb072c6cd,delivered,2018-07-05 14:49:56,2018-07-05 16:22:32,2018-07-05 14:58:00,2018-07-06 21:09:08,2018-07-18,25511fcf533a8ec723b46f105394da12,2018-07-05
207899590ac0ec260af0446b68101b21,a890c03e9d0445e3f23f331a4fa21a1c,delivered,2018-02-25 21:43:00,2018-02-26 21:48:16,2018-02-27 23:53:00,2018-03-27 18:56:49,2018-04-12,aadc40788e65bfd96c733803daeebbcd,2018-02-25
5a79a5d66715f65b1d5da094777cf64c,76f6213a7062e68ac72d4d7ba53cb190,delivered,2018-04-19 19:25:33,2018-04-19 19:35:21,2018-04-20 15:41:35,2018-04-26 23:11:41,2018-05-17,5dffd7b4ea1a20571430c4cb5463cc82,2018-04-19
2c8740f9df6d253c15dc035eba80ebed,5a073c41c1e7729b4538e4018a6cd170,canceled,2017-04-12 11:23:01,2017-04-12 11:30:25,,,2017-05-11,a6b44587e9ee322a9dc6e8b6adb1a3be,2017-04-12
e5d30ef739b1ed6f89f11ff5fd9e285a,31bf991e13d77e9989c3ead0765bd1c2,delivered,2018-05-06 16:07:47,2018-05-07 08:33:16,2018-05-07 13:19:00,2018-05-18 23:36:48,2018-05-22,8a7f15899602fab65322f08a92dd7a10,2018-05-06
8e3e95c75ca8b9168011d70008721a8e,5ef06f93b1fbac078908745ddf166733,delivered,2018-06-09 10:09:59,2018-06-09 10:31:47,2018-06-11 06:47:00,2018-06-18 23:05:10,2018-07-04,4ce423721c74231c174d0bb22367645a,2018-06-09
81c53fd7fc60655da24e455974b880ce,b8829548983e5e22ebd65f1912aae3be,delivered,2018-05-07 13:03:38,2018-05-07 16:33:58,2018-05-08 09:09:00,2018-05-21 23:38:44,2018-05-25,dfaedec84cf126e85337adcc7eb36b36,2018-05-07
44d8d6537512d2e5754fb6b3c19b602c,3302a1ea4704c28ed03c480d2adf369c,delivered,2017-09-12 12:25:13,2017-09-14 02:55:43,2017-09-19 20:03:44,2017-09-29 17:48:54,2017-10-09,e91359c5de7a2e07691bf53ad392deee,2017-09-12
7a1bca69f79d87467a917e1fdc8cda7e,5cf22a974923bb5a481327e3d2a0dbd3,delivered,2018-06-11 10:08:39,2018-06-11 10:32:19,2018-06-15 14:58:00,2018-06-19 18:18:49,2018-07-16,717ab91d64dbbb8d498cd98f6f26c939,2018-06-11
bcdc0a3ff14ce03999d56620cb4e1a01,69bf47236b3b6d2da24ec0a6df47e9f9,delivered,2018-07-25 10:19:30,2018-07-26 05:35:18,2018-07-27 14:09:00,2018-08-01 21:52:44,2018-08-10,020299859eabbac628a0b2d6ea22bb9d,2018-07-25
5daa414749c292efd9d970aca5097a8e,75ea68485f36b8c728d852ba4fdeef28,delivered,2018-07-24 22:49:42,2018-07-24 23:04:22,2018-07-25 14:56:00,2018-07-26 17:38:56,2018-08-01,a30af9d68fbfcafb8451854c528587f5,2018-07-24
16a734cfaa6c702038169458cbe82e8d,bfd5bf632f6b9a12533562e4d41df443,delivered,2018-03-30 16:48:58,2018-03-30 17:30:15,2018-04-02 15:28:58,2018-04-04 02:05:25,2018-04-12,0a117b004292ddbbe559928633874801,2018-03-30
e179226f2bce4372c9425cf0a6948201,23e138f6446b78ec7e1ce525a6b58680,shipped,2017-12-12 16:59:08,2017-12-12 17:08:54,2017-12-13 22:38:40,,2018-01-08,fe748aca39dd588cad3184f297c78e13,2017-12-12
7a04a9036cd32390e8f17eaccd2dcef4,53fb54e7d01b29d01ba8fc1e6bc911ab,delivered,2018-02-05 23:26:08,2018-02-06 23:29:58,2018-02-07 17:17:42,2018-02-19 23:17:56,2018-03-09,734fcdee25b4146a710c1465181ea45c,2018-02-05
8e7f64e866bf825d3a947aceba789a11,23543bec99fb61d6e26e3c4b0e76943e,delivered,2017-12-19 02:46:32,2017-12-19 02:57:21,2017-12-19 20:42:37,2017-12-20 18:42:42,2018-01-08,a08f304a6de13bbfdc5686bb4958dc4a,2017-12-19
e5121f24a3ef1cb4b742aba33736755e,eb43bbaadb2127e8e40ae1c3f5cb3d58,delivered,2018-07-13 06:04:56,2018-07-13 06:15:10,2018-07-13 14:14:00,2018-07-23 22:53:23,2018-08-02,f90479482163c5c3e4a43c77285d7b49,2018-07-13
cf0e03e1812c8c676e5f37237bd08af0,81d403f18add253c6ed54f5105cf07c1,delivered,2018-04-05 11:16:24,2018-04-05 11:30:15,2018-04-07 00:50:41,2018-05-05 14:41:56,2018-04-30,5d792771f3a7a022dce2c961c63bc378,2018-04-05
5e50a22ce9e50818a296f991c4035540,781db10a11a21cbfc43467e1104341d3,delivered,2018-05-14 16:09:54,2018-05-14 16:36:47,2018-05-15 15:17:00,2018-05-24 12:48:47,2018-05-30,43f36759a3c130b73fe394747b59657c,2018-05-14
ec3352dd1b10d126a76972b35d676210,e831ead649a497d0ca8bc035f8fbea7b,delivered,2017-06-12 09:43:41,2017-06-12 09:55:19,2017-06-16 15:13:19,2017-06-19 14:07:49,2017-06-28,6eaf641f747b759f77ee6ccf0d97c81c,2017-06-12
f17168721437c520f0336574d898eacb,c46ec098607e9c34bf0489ef525d0b85,delivered,2017-06-23 16:31:54,2017-06-23 17:35:37,2017-06-29 09:12:02,2017-06-30 16:05:53,2017-07-06,a21985a663c328082efe68ee86bc7a42,2017-06-23
3b43489e5e595593e63470f9e524d325,0f4e6706036eec942d3b94d1d00ba58f,delivered,2018-06-22 21:24:55,2018-06-22 21:58:37,2018-06-25 13:20:00,2018-07-24 14:41:46,2018-08-01,e3dc9a16e9ff319f01e8be00a9db6c38,2018-06-22
cae916a392d51a600dd6d7b5eb9b8106,1d266d86834dff1ab24930ccf69c2bcf,delivered,2017-11-25 12:46:12,2017-11-25 12:59:17,2017-11-27 19:10:11,2017-12-02 19:18:45,2017-12-18,5a65b9d8413c282c9fc12da40c432762,2017-11-25
d8315a97f7666b5ec33f0f34dabc7856,6536b7e35e2598371da42ea384a43ddb,delivered,2017-07-01 02:53:19,2017-07-01 03:03:34,2017-07-04 14:16:31,2017-07-10 17:12:24,2017-07-31,760aa83faf9321a80f455369d7339a0a,2017-07-01
0561429ac3333cdeaff4cdd6bd1ebfb6,8d2707128b67193f8346e9568d4f16c6,delivered,2018-02-11 00:50:02,2018-02-15 04:11:08,2018-02-15 23:28:34,2018-03-07 00:09:34,2018-03-13,0765eb6e6e907f3e523294060bd6c51a,2018-02-11
92e569b96881cdc062cc199bc7465002,6b50e8e8f944c111ed859a1df91e8138,delivered,2017-12-01 15:52:41,2017-12-01 16:10:20,2017-12-04 18:13:41,2017-12-13 00:09:36,2018-01-04,5ceb31e960b2c44e38fa80db623b26bf,2017-12-01
a48f45594f50b8ef8b1f29ca12a3d2e3,699b80206570f18885590c8bc671cd9a,delivered,2018-02-23 11:29:58,2018-02-23 11:49:36,2018-02-26 22:53:45,2018-03-01 16:18:14,2018-03-20,ecaa9854a499f5ebf25cf56e0a38e8a5,2018-02-23
fcbd9f7c8203db7648e20538075ee96f,14e866d63b658a85948f6b785ea82d2f,delivered,2018-08-13 17:24:24,2018-08-14 17:24:03,2018-08-20 13:44:00,2018-08-28 21:41:36,2018-09-12,8787cab9a95fe5a494b21e2fd1047e7f,2018-08-13
40bc2b2661f13c1a9888396ed56ba79a,9c223d53ab7486b96258509a886d7017,delivered,2018-04-23 20:23:04,2018-04-25 03:15:15,2018-04-26 11:43:00,2018-05-03 18:39:48,2018-05-17,c96018286f0ea87f874052540d9001d9,2018-04-23
ba410d3716d84da98d4c313d16b13bf4,b72f83ceb50b170acce9cf406fde5f00,delivered,2017-02-06 14:19:04,2017-02-07 04:10:34,2017-02-08 08:35:00,2017-02-15 13:43:56,2017-03-15,ad6b83aaec330b0f3d70d15875e07175,2017-02-06
5b3e6244d63f344c1ec9663776e1ca97,cb5012c6bff7312d0e432b30c005a2ac,delivered,2018-01-18 18:20:45,2018-01-18 18:33:46,2018-01-20 17:25:26,2018-01-27 11:18:32,2018-02-15,b04a0f9269d09d1361593f23fd5568a3,2018-01-18
906268a28f453b77e24e45f921af13b7,b48c81f358ef89322c24e2a5ef52f249,delivered,2018-03-08 09:42:27,2018-03-09 02:31:20,2018-03-09 20:06:44,2018-03-16 10:46:34,2018-03-26,406ef26b128bb9a0468d0ae3de6514a9,2018-03-08
ae825c311734d9ebfd9e6e67a8e3625e,9ed9fc5345920a68a9d9f08fb58e61bc,delivered,2018-03-01 00:09:51,2018-03-01 00:29:05,2018-03-06 23:06:34,2018-03-14 18:41:48,2018-03-19,8eed85940a1552384f01a841bb679f9a,2018-03-01
429db7656bb9bd2a1fc038fcbc4fa159,0c72632077a893989155f0507aed5927,delivered,2018-03-04 23:59:33,2018-03-06 03:55:51,2018-03-07 20:07:50,2018-03-20 22:32:57,2018-03-29,3f674fe4ac8e1484400c756eabdff69a,2018-03-04
7af818e6d3ff877a6fd091e86a17a285,4b1cd5f6a4b5face33e57509a38b3c57,delivered,2017-09-22 12:56:59,2017-09-26 04:14:13,2017-09-27 19:53:21,2017-09-29 14:52:18,2017-10-16,fdf0a7da39d807b7f0746065949d0276,2017-09-22
938c8cbe289e7aa04f8eb3221cf19574,24417cdc12fe255a7cdd87ff914a9af8,delivered,2017-04-19 17:01:47,2017-04-19 17:10:17,2017-04-20 08:35:44,2017-05-24 09:41:59,2017-05-11,9b4bb9d14ad112db54cc539ab2b8fd05,2017-04-19
d2ed4eefadea4e4e8294cca0006e39f7,2ac15321c365353c71bb07e03d5978f1,delivered,2018-03-25 09:32:40,2018-03-27 03:49:12,2018-03-27 23:42:03,2018-03-31 17:40:27,2018-04-18,2afe4c6bfd55a706f7398a44c9d79aa8,2018-03-25
83f40343811b7a7641af81d74e1a7875,9470c8136f65b36188e06ba951759b7c,delivered,2018-05-03 17:51:52,2018-05-03 18:14:55,2018-05-04 17:26:00,2018-05-05 10:56:27,2018-05-22,023d64edb6716ac1a0a5da6e6277a713,2018-05-03
30b3bd0e05a2c3cb7022f019e9798a57,f6a7ff431d7ed9734bde2600bff37a2f,delivered,2018-07-02 21:17:58,2018-07-02 21:30:26,2018-07-03 14:16:00,2018-07-06 18:35:38,2018-07-25,c64bc8e9176adb610bdf67079a2dcfae,2018-07-02
a650c3b90a4fe07df3649652c1571200,c7d46d38693dda374be909b1fade2047,delivered,2017-12-06 07:41:06,2017-12-06 07:53:29,2017-12-07 00:12:28,2017-12-08 19:43:17,2017-12-29,0967b32e3f4804e0fcdef60f9f1f0237,2017-12-06
cb81db8b34483bc0d7852c6d862fcff4,943bc4889db0a521065764e8787ecfa1,delivered,2017-11-29 18:09:33,2017-11-29 18:19:32,2017-11-30 14:58:53,2018-01-10 17:03:38,2017-12-28,9a1f66ea27afcbbc4f1047c5579173ab,2017-11-29
f829f185f0ec92a117ee3d8c9e9ed19b,12658d23a028a4fd61c6ed1baddf98ad,delivered,2018-04-06 13:51:26,2018-04-06 14:10:22,2018-04-07 01:27:44,2018-04-09 16:32:55,2018-04-18,8a84816d00bfa9d90f315a55e0e9bfd4,2018-04-06
0da14a6f8cfe93767dae5dd80ffae245,acd2729e1d77ccc2761fe33480c72208,delivered,2018-03-27 09:56:19,2018-03-27 10:10:18,2018-03-27 20:12:29,2018-04-04 17:03:50,2018-04-19,f5d3aa5172378935ac681af12627f278,2018-03-27
e224d9d6fa66b26b8b86e73d2852136c,922955184e7e92d55ad006fbe9f14d74,delivered,2017-01-15 12:41:31,2017-01-17 12:41:57,2017-01-18 10:55:18,2017-01-27 12:13:56,2017-03-14,cfdb7df7f1d257ca5779f967d259cec9,2017-01-15
4ee98e5c36cdadbb40216412e0364478,a1c1b7bc5b4c7e44bd662900ea448b05,delivered,2018-03-06 14:40:32,2018-03-06 15:21:10,2018-03-14 06:38:41,2018-03-22 17:57:29,2018-03-26,5e8f38a9a1c023f3db718edcf926a2db,2018-03-06
ba6aaf63c5d2bf742be03bf21eaff7f3,0b6f61f6034f1009da19848463ad280c,delivered,2018-01-08 11:53:35,2018-01-08 12:08:41,2018-01-08 20:56:30,2018-01-18 22:43:06,2018-02-14,1d6f7c413799e94a179e9c079908527d,2018-01-08
faf24d720d9868ca8f55193b656161e6,a7224d3689032ea4ce1a723a888f8d8d,delivered,2018-04-30 11:50:46,2018-04-30 12:15:36,2018-04-30 13:35:00,2018-05-08 20:21:16,2018-05-25,3495e5b57a89c3ae5d6264e47f073762,2018-04-30
6393706cdc8de0c4a17854e747f0795c,e76a9bc6c11c6ce349ea66fbdcff4fe2,delivered,2017-11-16 12:50:24,2017-11-16 13:11:05,2017-11-20 18:41:34,2017-11-27 21:47:09,2017-12-12,72018bf053f2e1a34052550cf276b030,2017-11-16
2a6e8337ac5b1fdb4aa243c834525f66,5555fef9ff07b9b1368c78c29cabf396,delivered,2018-06-06 20:18:06,2018-06-06 20:34:21,2018-06-07 14:22:00,2018-06-15 22:46:48,2018-07-17,5c7f6a58e76fe2d541c491728f7e28c4,2018-06-06
0b6e75056fea21ce5208e0a4d56a058f,bd835f90053d2e51c506a5a0d2ed9c68,delivered,2017-11-12 12:29:44,2017-11-12 12:46:46,2017-11-17 18:56:57,2017-12-05 23:29:06,2017-12-13,2cdaeb8983b14a78dfc7e97294f45f47,2017-11-12
3b8b089bc022c76fdc8a31a7db000bb0,3afe0ffbdcb5358c7a908b96ac0b4d6d,delivered,2018-04-20 23:36:29,2018-04-24 19:05:10,2018-04-25 13:59:00,2018-05-07 20:58:50,2018-05-29,c6877f663ae99ba628ad49608f85309b,2018-04-20
e5d242a2715fffa5cd81b14e3587b571,e1ac927df4788454117fefd0c765f80b,delivered,2018-05-10 11:34:01,2018-05-10 11:55:19,2018-05-11 09:14:00,2018-05-16 16:02:47,2018-05-30,f5a0022a16475713f93c7013446a725e,2018-05-10
2ffda1267c5facd329521f983872a4bd,507325082e0594483c3d905e6121171c,delivered,2018-04-02 11:02:07,2018-04-03 20:09:09,2018-04-04 22:16:31,2018-04-24 11:16:39,2018-04-26,59f48bc039f9e698e71ff35e3c366609,2018-04-02
d5b96096b282a551c36fc1d4a9bb2f75,a8c3aa97105dafd8f641edcb5cf6a341,delivered,2018-04-30 22:12:33,2018-05-01 03:32:37,2018-05-03 15:12:00,2018-05-15 15:28:57,2018-05-25,98d82fd3e5e584fb89d85e1a65edf10a,2018-04-30
121272279b30a29c68123cd40843a040,3adda932fc75b073dbd12c842cb18f6c,delivered,2018-08-15 17:48:29,2018-08-16 03:25:24,2018-08-16 08:43:00,2018-08-21 23:13:34,2018-09-03,0c4c23dd769dfb65e2085dd62b61ab7b,2018-08-15
a729a5577a90047af954bb2210ebca66,0b3495408fdeebce89762ce64a9ae7f6,delivered,2018-07-23 10:52:58,2018-07-28 23:30:57,2018-07-25 14:12:00,2018-07-30 19:05:09,2018-08-02,1abb99e02611f2a9d4540470575ac3b8,2018-07-23
512485d4e17f424aef2b67cb443172ca,b69172b3a131c3a94f90353e16441b19,delivered,2018-05-09 21:07:30,2018-05-11 03:50:19,2018-05-17 12:42:00,2018-06-12 23:36:40,2018-05-30,a1ab8b0f81af19b4b5bf31c33525caa7,2018-05-09
eb5daa33a38be17a7386908ce4561ae0,a668e9cf6bc4af7c7a6746f74b6be94f,delivered,2017-12-03 18:04:49,2017-12-03 18:15:26,2017-12-05 23:28:37,2017-12-29 17:43:46,2018-01-08,325d5287a5c220f650095d27f51dbd32,2017-12-03
9f49bd16053df810384e793386312674,98ef9188ce9357bd77f60150a935c7fb,delivered,2018-07-29 11:41:33,2018-07-31 04:31:32,2018-07-31 13:40:00,2018-08-06 20:07:34,2018-08-22,c6f70f6262d971489361b0d4fb0936ed,2018-07-29
3bc1ef297e5cc49434e331eea09faec4,153407ddd1d1805eea9f2ee7596630c4,delivered,2017-10-28 13:51:48,2017-10-30 22:31:42,2017-10-31 16:39:55,2017-11-03 14:48:44,2017-11-17,7494c4f405b05ca2530038d5610e9400,2017-10-28
7cf4d6735272dc5678263c8d9c1144d4,90e6e01cd1fecee19196a73260c9f845,delivered,2017-09-27 21:30:35,2017-09-27 21:49:19,2017-10-02 14:46:28,2017-10-04 00:41:47,2017-10-17,1c1075866af31b51fb3c17ba99925102,2017-09-27
bfe0ea9bbed24adc7b8264ebe10401e8,bca8bba0ea1eedec5c8490b408d6b97a,delivered,2018-07-30 14:36:29,2018-07-30 18:31:10,2018-08-03 13:15:00,2018-08-09 22:18:23,2018-08-16,268a7f591b53e9d437da6fa851aecd9e,2018-07-30
3241db830366645e6a88f6384ee36cc7,439272beaa5c881ca48058d7c72109b8,delivered,2017-03-04 16:07:37,2017-03-04 16:15:23,2017-03-08 15:33:09,2017-03-14 13:34:39,2017-04-06,5af103d3f12fd83434cb97578a1e8d49,2017-03-04
b5bccf69e002eae737904e21c79ad3e6,40ffe3a318a047641bda2ce07fb12b6a,delivered,2018-01-30 17:38:37,2018-01-30 17:58:02,2018-02-01 13:38:20,2018-02-09 15:12:26,2018-02-22,95c0479b3e5aeddc286db31959123901,2018-01-30
ff7afc3a494e5d28aab8559a5e1bb1b4,501369ec46283ac3440665496c7c1ddd,delivered,2017-05-14 08:39:56,2017-05-14 08:50:12,2017-05-18 13:41:49,2017-05-25 12:07:43,2017-06-05,dbeac02332be5a049c510d22fa728ea9,2017-05-14
f0f8ddca6e245aed05b58e2ad7986a0d,6e9fc33f111f0719202f45c24204acd0,delivered,2017-11-24 02:48:07,2017-11-24 02:57:20,2017-11-24 17:54:00,2017-12-04 15:34:04,2017-12-21,3f8d6900f9761a6c9d65d9fd819bc38f,2017-11-24
7cc3506c6d4d61a98dc64418c1026d0e,726a065bb91c9e5df726bfe805f2d1ff,delivered,2018-05-16 09:50:30,2018-05-16 10:12:32,2018-05-17 12:56:00,2018-06-27 17:45:45,2018-06-07,eba2de5c64558d5d4f36a93174adce85,2018-05-16
b3096cede7bf1dd20ff6607c7ee786e7,7bcb3207fc35ea99f2c4c2be2d9b8e00,delivered,2018-08-01 23:39:17,2018-08-02 00:44:02,2018-08-02 12:56:00,2018-08-07 09:36:39,2018-08-07,125b9dad7c07c92db65ad372a820ed82,2018-08-01
f5ac2f2da6f2f8228a83d6ee71909439,5cd3b70cb7cf755c4c87a1f9ebd19b0f,delivered,2018-02-01 17:53:21,2018-02-01 18:43:35,2018-02-06 03:24:54,2018-02-15 19:16:48,2018-02-26,6aeb93411f1e315cb0ce3ba83184a6fb,2018-02-01
019c4b64cf3d733807ef5bc8bcf6d123,48d85e07af2e0cf0dac271b518829138,delivered,2017-10-16 14:05:06,2017-10-16 14:27:29,2017-10-17 18:55:51,2017-10-23 20:50:08,2017-11-03,917b380ce5d462b47faacf6f323267b1,2017-10-16
e9a22dcbd75fcabceb686e5d6745b07b,16ea6215d04210ee5847d91040024792,delivered,2017-12-01 13:35:32,2017-12-01 13:58:27,2017-12-04 21:42:57,2017-12-08 00:23:24,2017-12-29,597ef8cb19501376ed11206094c0f3dc,2017-12-01
4c48c455b847c7a5d291a519e1e42d28,8001a46c331af9144942c30dc5b12141,delivered,2017-12-04 18:58:06,2017-12-06 18:51:26,2017-12-11 23:35:35,2018-01-09 22:25:59,2018-01-04,192469a3c6edc7f642f1ca0f6ede8c0b,2017-12-04
af3b41ce890eefbd6ee273bf7df396dc,fcb443ac4ff760d0bfd548ba32abd938,delivered,2018-07-07 21:22:30,2018-07-08 21:15:19,2018-07-12 15:57:00,2018-07-23 11:04:34,2018-08-02,765e14d59c40f49cb6948f154d6c321b,2018-07-07
cde3a38426f2025992e76394bfed732c,15ea74654519544cdcbd136566f47a8e,delivered,2017-10-16 15:04:24,2017-10-17 04:14:15,2017-10-20 22:15:29,2017-10-31 17:46:07,2017-11-10,1c634267830730a9acab5e198fd500c6,2017-10-16
38df543e1956e91a0b4ee89c4a49dbf3,a51a285ffe58e0184d1a7879a179c996,delivered,2018-05-09 11:38:44,2018-05-09 11:55:14,2018-05-16 13:41:00,2018-06-05 19:43:41,2018-05-30,a2782f8a873c523ba49a501305c2c11b,2018-05-09
052d3bf6e40dd9000d1497f6f10db0b0,d8f6ead838ecc7e795a6b88a85d0d274,delivered,2018-03-16 12:11:18,2018-03-16 12:29:22,2018-03-16 23:04:10,2018-03-20 22:21:31,2018-03-28,729ae294ec6bc065b3388b026ec040e1,2018-03-16
d3eb95a405998c3aebc7350f2273bc24,3041378c1db16f083d4b3f9f6d38991b,delivered,2017-12-20 09:08:27,2017-12-20 09:30:00,2017-12-20 20:13:17,2017-12-28 22:09:20,2018-01-15,552aa00a681ce30831c4daf3d4be13e5,2017-12-20
b5c7eca14b937c34c4eca801d71668fc,4907ba2deda6f3cf96409a181c097ef5,delivered,2018-04-17 16:12:04,2018-04-18 03:52:10,2018-04-18 20:04:06,2018-04-24 18:25:47,2018-05-11,3e914dfdad6b63aefb9ca168ca7ad94d,2018-04-17
823e4c9d908f5ec1cad58e1e3e7d716d,7602193faf4a04077a96dbc64e25e571,delivered,2018-08-22 21:56:07,2018-08-22 22:05:18,2018-08-23 14:38:00,2018-08-31 02:21:48,2018-08-31,2c4f12ef543ba44eead3e3a43c229c11,2018-08-22
e594644501ac2bce6c65b6c21b0c625d,50120b2e9525017c97134c87a2e04967,delivered,2018-07-26 16:51:49,2018-07-26 17:05:10,2018-07-27 15:10:00,2018-08-10 01:42:20,2018-08-22,29fa253f2dcf257608c1d2296560d60d,2018-07-26
501c116653eaf88cfccc776f8066c13f,68e2315bb68097a47af6f93db20473bc,delivered,2018-06-25 06:57:33,2018-06-25 07:17:37,2018-06-25 13:43:00,2018-06-27 21:04:59,2018-07-16,f9b752c739b24875babd3d3207928767,2018-06-25
c0cb48c270009fc128318b2f9eda3bec,246295516c97fc54aa274c6fd2222602,delivered,2018-04-22 17:47:10,2018-04-24 18:34:06,2018-04-23 18:02:33,2018-05-04 18:17:35,2018-05-15,7d3d94b4740895a17760e976797f9f0e,2018-04-22
40b36d6345e694ab69d96b2fe390ac48,2625bfe2272090a61821551e909c2aae,delivered,2018-03-28 23:21:14,2018-03-29 07:50:22,2018-03-29 18:18:33,2018-04-12 23:02:31,2018-04-23,82e6c84b6004988f9a7d0d69f057e96e,2018-03-28
255f9d6c9f38ecc3ad31ef908b7a2e7b,13b9dffa5f31e11219f201acf338c7d6,delivered,2017-12-13 21:53:08,2017-12-13 22:09:59,2017-12-15 16:51:44,2017-12-28 20:27:30,2018-01-15,801c34a3c4c4aab02fc0024fed586a70,2017-12-13
af805f1566d654b87cb6d3505fc15114,4fec8c71b53eec1e656cfe33c0767e0c,delivered,2017-09-27 20:39:16,2017-09-27 20:56:25,2017-09-29 19:45:45,2017-10-13 21:13:10,2017-10-25,cfe96f24bd8c36325e0d92e44324cf66,2017-09-27
aa0f5120dbd7776eb7289031e22a8329,26ab7fc41bcc634a71bf252e0f2e2009,delivered,2017-11-25 03:24:36,2017-11-25 04:29:58,2017-11-27 16:28:52,2017-12-04 23:56:57,2017-12-18,53de55fa655e5c369a9aa667d0ae7a84,2017-11-25
cd81ba816ce2aa9e8c681c321ddf0a22,a0f8f8226dd35e827719dfcac90e5193,delivered,2018-01-25 10:47:47,2018-01-25 11:11:53,2018-01-26 19:51:36,2018-02-06 17:42:51,2018-02-20,6fe632cff832b6b28886e67c3766b6f4,2018-01-25
19d1e5344936559f5f7b21099fdadd0e,3b8977e6367e78587cb5751de37c2268,delivered,2018-07-02 16:41:22,2018-07-05 16:14:55,2018-07-04 10:59:00,2018-07-10 17:32:02,2018-07-30,cf584e1bc9d4aaf9fa2c8186323b4d11,2018-07-02
80234ed83f65ba58f3424c43b86f8bd3,45fc0134bf9167eebcab224b104a6301,delivered,2018-08-22 13:19:37,2018-08-24 03:15:18,2018-08-24 12:29:00,2018-08-30 00:23:48,2018-09-20,e57e1263fa37d4e850f6176b511a2f86,2018-08-22
6fc04dd62f16cf5d1986c91166a2125f,171cc8e936208ef130707982728df024,delivered,2017-10-04 15:09:06,2017-10-06 02:14:12,2017-10-10 17:41:52,2017-10-17 20:47:48,2017-10-27,edfc99be46583f161180412e0d7678ef,2017-10-04
5999d0076050549364f1df892e1aeaa5,28c0c209da1b812e1f01a311024a61c5,delivered,2018-03-22 10:14:00,2018-03-23 10:08:45,2018-03-28 01:52:15,2018-04-02 19:38:42,2018-04-13,56c8638e7c058b98aae6d74d2dd6ea23,2018-03-22
9e0584f7d8ecc18347e6ce7eb7922628,819de07331adbd18c444712e08d51dc3,delivered,2018-07-15 13:52:04,2018-07-15 14:05:25,2018-07-17 09:31:00,2018-07-20 21:58:44,2018-07-30,4779a145687aab950980bf8f709c3136,2018-07-15
c6ceea8c10c1521a2f993bc956800cf5,9a7965465aaa863ad7cdffc0b132741c,delivered,2018-03-01 22:48:38,2018-03-02 22:55:27,2018-03-07 00:07:12,2018-03-29 15:12:25,2018-03-22,0d8245b7c1a190320663e7e1160b20fa,2018-03-01
63bde5725b228500f05caf98f74a4867,58edd19666d5d24a87f3d054f32aa52e,delivered,2017-12-06 19:41:16,2017-12-08 19:30:10,2017-12-12 21:18:56,2017-12-19 12:10:25,2018-01-02,62781e4192946aa760721cbcfd28f46b,2017-12-06
02c9b2b746777e4dadcf72941e5a010d,b9c7a79a20537b1e943044225f0b0113,delivered,2017-04-14 18:09:37,2017-04-14 18:22:15,2017-04-17 14:41:43,2017-05-02 17:42:12,2017-05-25,0451ef5a31cea3e14ce02d768d7c9943,2017-04-14
7540c92bc2fd94372f074954677213c1,95487d0934f136c2742457652f607d7f,delivered,2018-02-02 12:33:55,2018-02-03 02:53:24,2018-02-06 19:04:31,2018-02-15 20:45:23,2018-02-20,e6d4f499586a90c752c6a3402f3c0fb7,2018-02-02
80d9c03bcaef317e3d2ad8d6fe48538d,074de085ef6f81a46dd7118d6d8836f9,delivered,2018-04-02 13:32:16,2018-04-02 13:50:06,2018-04-07 01:28:34,2018-04-16 23:38:51,2018-04-27,cfc348841bd34650bff82a216733ac6c,2018-04-02
86e15c44520932e049ca96660a60b776,13c2dbc76e00f0ef236e19d51354e90a,delivered,2018-06-01 21:24:10,2018-06-01 21:35:12,2018-06-04 15:30:00,2018-06-20 23:34:43,2018-07-27,927f5d7e01917bb3b8aeb3260ca42663,2018-06-01
ac4d3e658ac54a9c801b43b95c792fe6,178850fca63c022ac730d9836256d29d,delivered,2017-12-02 15:49:59,2017-12-05 04:12:28,2017-12-06 20:52:19,2017-12-13 19:17:01,2018-01-04,11abb5530db9840be4b5287c63e6e7e1,2017-12-02
6354cc319780012d87e001f137f6a0a7,5966cf45badedcb1b2427510d42f3d11,delivered,2017-12-20 14:30:44,2017-12-20 14:39:24,2017-12-21 23:09:39,2017-12-26 15:09:00,2018-01-15,215ba263633c6730a803ad69e9278a4e,2017-12-20
e0c83ad159e2cd8db050164ca8b9b9b5,1298e3220772cd4ec57add9b5a818e5b,delivered,2018-01-20 22:15:50,2018-01-20 22:41:09,2018-01-23 18:13:05,2018-01-29 21:37:55,2018-02-07,414490331521a9ef9449a48b71d8c4c4,2018-01-20
43caa2bfbf19b07993e7794248faec20,4de98243699a77c4e13518505c0cf598,delivered,2017-11-03 21:11:11,2017-11-03 21:31:19,2017-11-06 19:42:13,2017-11-27 16:05:48,2017-12-04,88a5947eba137391941e7c0d9a4532d8,2017-11-03
dba28a189fd1425d68f33018e1d88808,53202144475d0cf804633433eb184c46,delivered,2017-11-23 22:24:09,2017-11-25 06:17:42,2017-11-28 18:39:00,2017-12-11 18:12:59,2017-12-19,7cec04a0d309e51f002a2d6521e6bdb9,2017-11-23
2075dec2fbf09cb75f0bfb8140aaea7a,6a4bf830ea406c25860d8ad8f6bfa0a5,delivered,2017-09-16 09:05:54,2017-09-19 03:30:47,2017-09-21 20:58:16,2017-09-25 17:29:05,2017-09-29,4e6fa0d442b575bfda947e3a695105a6,2017-09-16
0519649fc6c78b0e228b6ea8e6767095,513fb11b4affcd68a42726ab18ffa6bf,delivered,2018-07-13 12:49:15,2018-07-14 03:04:13,2018-07-16 14:47:00,2018-07-24 18:36:31,2018-08-01,2b9a8287401c45273d732a57e2119f59,2018-07-13
fbd05af8c1751b972fc6e19b1190990e,6df4246f1cf9de5292f78450941d26eb,delivered,2017-02-09 23:55:19,2017-02-10 01:05:19,2017-02-13 12:21:41,2017-02-21 15:47:51,2017-03-09,9503f4abe0712f09301bfb0fdfc280b2,2017-02-09
cc21ab75e3789696563aa9f32365c3ce,ce642ed845cd30776fbec8f959915f4b,delivered,2018-02-25 20:46:08,2018-02-26 20:48:12,2018-02-27 21:13:57,2018-03-02 23:56:32,2018-03-16,7119998b908fc4812f6135d47f80b373,2018-02-25
e1367e30165c3d215977f5caebcc299d,e8a2219b2fd553c95a488a4e041e3bb6,delivered,2017-11-09 16:40:00,2017-11-11 12:06:41,2017-11-14 16:22:06,2017-11-16 13:07:46,2017-11-23,e2d7429a92ec7e0019f4e76160d80adf,2017-11-09
29d3feafff91c156f661f3cfed630f1b,f54c7a8f5e41902e3b093cce09cb4831,delivered,2018-06-24 21:13:11,2018-06-24 21:33:57,2018-06-25 15:22:00,2018-07-13 18:18:51,2018-07-27,4643aaae2508945f203c64241de705e8,2018-06-24
b1f7fb71499474d31b9352b2e91a5220,9a0093dfa08ee67348a6ac005135a2b6,delivered,2017-11-24 07:29:12,2017-11-25 05:17:30,2017-11-27 17:37:44,2017-12-03 13:59:51,2017-12-18,ccf7e39a3dfdedb6e60548bd54854103,2017-11-24
d116a9f838daeae6ab2e694cad2045f8,f67d9e12ea311010186ea6dd5b1748f7,delivered,2018-05-15 21:12:48,2018-05-15 21:35:24,2018-05-16 14:45:00,2018-05-19 17:46:39,2018-05-30,24c704dfd167ece65ae4b61b2685ed1d,2018-05-15
793c2f0661686b1d7e18efec8c4b43be,580414edf10e54926b0b40b5e9bbfdd0,delivered,2017-07-22 15:14:36,2017-07-22 15:30:13,2017-07-24 19:05:02,2017-08-01 17:51:53,2017-08-17,2d49eaf79111ff286fe657aadbed5a28,2017-07-22
91994f8dcbbc13dc5c10dec21eb19d6f,94f03822b60737e31a4b49f336c96f13,delivered,2017-05-19 10:36:16,2017-05-19 10:55:12,2017-05-22 13:18:16,2017-05-31 07:57:50,2017-06-12,4a2d9d690647a6fa8c469524da7afb6a,2017-05-19
e9613fa6e02ff8ae45f37ca30b0468a1,86025340edc60ca36327c4169f070f8e,delivered,2017-12-20 12:04:33,2017-12-20 12:17:28,2017-12-20 23:09:30,2018-01-08 21:39:27,2018-01-24,132d0bbffd4ef7e3461c6fe4392b65ce,2017-12-20
9a623ce03254eb3cf475d659d0719319,96c128001eb80c129f9356e856f17446,delivered,2018-03-26 21:26:46,2018-03-28 02:55:21,2018-03-28 19:05:08,2018-04-06 23:03:23,2018-04-24,698ded466b27adf5e02289db9fb07765,2018-03-26
c43d9824271456d761379296996811fc,c2cfed40fa990f6204cd545804280291,delivered,2018-07-22 14:46:56,2018-07-23 12:32:44,2018-07-23 11:25:00,2018-07-26 18:46:42,2018-08-06,cfe627e21a0f80c4cc6a4682b6ad84a7,2018-07-22
51712e0d3d1de647e512d95dccbe5a93,1fe167b007e7b6080ef8116d0f35cb3e,delivered,2018-01-31 22:30:30,2018-01-31 22:49:04,2018-02-02 17:09:08,2018-02-14 19:13:18,2018-02-22,1ef42abe04ae66f45e23992767d262e1,2018-01-31
b3a63f4fb89da65142691825fc1443dc,ea737b9e94df65f18bc22b67a2a852b3,delivered,2017-08-05 00:31:02,2017-08-05 00:43:17,2017-08-07 20:32:31,2017-08-19 16:04:21,2017-09-11,49b2302c52db78ebd698e8ef0061d40f,2017-08-05
02de39953ce1cf1f7c6d46aac400ee82,7856aaac2fe87c5394fac93513ff254d,delivered,2018-07-23 13:01:19,2018-07-24 11:32:35,2018-07-25 11:55:00,2018-07-30 13:58:25,2018-08-10,c6427022dca698735b975d8abf0214cc,2018-07-23
c72727d29cde4cf870d569bf65edabfd,964253ff0e4e08180064764a450e521f,delivered,2017-02-07 18:01:15,2017-02-09 02:50:07,2017-02-10 05:32:55,2017-02-14 14:27:45,2017-07-04,31954fc2c9d7b714d49ee440cc8ab01f,2017-02-07
009838529bb913846ab6670d22865381,062cc8c5ff387d407645b93970baee73,delivered,2018-06-14 09:08:47,2018-06-14 09:37:53,2018-06-18 13:56:00,2018-06-26 16:36:44,2018-07-17,062238d27c69d03c3cf38b199d6a17a4,2018-06-14
e59e3805b6853ed31516f019ab44c3b1,fb54e4c6db413239a97873a13c366310,delivered,2018-01-28 22:52:59,2018-01-28 23:18:17,2018-01-29 19:39:11,2018-02-06 00:43:03,2018-02-23,6ae26a85518db1a97bf05b0e85a54f90,2018-01-28
041d5ff28cb7d9b107b7461064dd40e2,8f9415469618cb9fb859cacab18cc324,delivered,2018-05-16 19:30:19,2018-05-16 19:54:37,2018-05-17 14:24:00,2018-05-23 18:47:22,2018-06-14,3d46f3720b481bf721544699010b97fd,2018-05-16
1fbe0504bb91684a36cb3bc56b4f0171,c4149a9313bc56d51e34029d0a6b91e1,delivered,2018-07-20 09:21:40,2018-07-24 11:33:08,2018-07-25 13:37:00,2018-07-26 19:57:32,2018-07-30,7e16dc849b8d954febd4c2ab9a1b1c60,2018-07-20
dfb7ad2750d51f15a654d8734414a6f4,ea61c8208a16fc3b6e9aa23568000749,delivered,2018-03-17 20:00:51,2018-03-17 20:15:40,2018-03-20 01:07:36,2018-04-02 20:42:41,2018-03-29,c72bfb680bdbeb137f098ac6ad5338b8,2018-03-17
8ed6a8a5676ec75090b339386c390967,7bd6207a5b003af1a97ba15f4184e979,delivered,2018-01-08 12:08:09,2018-01-08 12:29:27,2018-01-09 14:30:19,2018-01-22 15:35:21,2018-02-07,954ae4c58d699117aebf7e32399213da,2018-01-08
d181b55979f2c800ff80a62c71731826,70df2cacf9b7a4758836dbf814de2e86,delivered,2018-01-24 21:29:24,2018-01-26 03:16:45,2018-01-29 18:45:49,2018-02-10 00:52:13,2018-02-19,56ce3278f4ccc64c0beec08c5fcbe0eb,2018-01-24
69bec49dcedcbf07e8333244796dd70a,621c23f2d651357cb0c13e71fec8e0aa,delivered,2018-05-22 22:16:29,2018-05-22 23:18:00,2018-05-23 14:33:00,2018-06-07 16:54:20,2018-06-25,30dfe1a7cf380d520bc9b3ff88692b7e,2018-05-22
bd61cca18344a303e8e6bef9861d64c5,640a26640208ad6b8098bca916463a8b,delivered,2018-08-02 12:05:29,2018-08-03 02:50:32,2018-08-07 14:22:00,2018-08-13 21:21:24,2018-08-21,f8e17ca1696bd56e7a614d0bae989f91,2018-08-02
0de9012381a06cf0b025e60e60c7dbc5,f6d97d3f2e16dc3b60bd0c61f0ec68ec,delivered,2018-07-02 21:47:23,2018-07-02 22:10:35,2018-07-04 13:50:00,2018-07-10 20:32:18,2018-07-20,9544bdfe7032a5347e715c649af20fe3,2018-07-02
7bc50ec93f941b5bdf5da2fa87d04131,f2a3918bbc082e10e605d547bbdf8042,delivered,2017-05-21 21:09:56,2017-05-21 21:25:13,2017-05-22 10:52:18,2017-05-26 10:22:08,2017-06-16,a2122c6c28104623dabe6819239f087c,2017-05-21
13745e40e031fc753b072545abbde8e9,9027b069d034d8d8f7cf1f9652ff702d,delivered,2017-08-12 22:00:15,2017-08-12 22:15:13,2017-08-15 14:27:55,2017-08-17 20:47:36,2017-09-05,bef83ea220f4c7096b391b90323f44dc,2017-08-12
c3e9d9951790c4e72c7c07eb6517ac6d,ea66c70e2b9d026070e602f959aecd6c,delivered,2017-11-29 18:05:59,2017-11-29 18:14:35,2017-12-04 18:38:41,2017-12-20 20:22:36,2017-12-27,1e3bf926985ed79be8f1b07348b5c45e,2017-11-29
20fb36f0bfaf10e2d33e99f55369f927,6b78b0252c9cab9a767514065abb61c4,delivered,2018-05-09 00:22:20,2018-05-11 03:37:41,2018-05-11 13:17:00,2018-05-15 18:04:59,2018-05-22,a6c35012e44e39b06488df64401df99c,2018-05-09
7f685e08cef9cb9c0d7dfff90ece93d9,c9f7f8c891c537fa25fd0456acd01b33,delivered,2018-05-12 10:20:03,2018-05-12 10:34:22,2018-05-14 13:58:00,2018-05-15 18:57:44,2018-05-25,9a371e2e79f2b84ab837c96b91e8f079,2018-05-12
34b08d44616ad558fbb0cc8e0f7226c5,6de6ec78a173f0c103d6f090751fee55,delivered,2017-06-13 11:12:52,2017-06-14 02:35:26,2017-06-14 15:38:05,2017-06-29 12:14:40,2017-07-06,22b511da0f3532c4593a71a9e4381be1,2017-06-13
2f547e1278ec9e38b722447379fa08b7,9d69752d450ccf0ae458ea055dbad6e2,delivered,2018-08-05 14:50:57,2018-08-05 15:05:14,2018-08-06 10:40:00,2018-08-09 02:38:29,2018-08-14,6cf79af1832aa0475eb3a0945b792a9e,2018-08-05
317cb7f3391660e97cfeaa2ca5927df0,60f1dec678126bd21045e15d68774953,delivered,2017-11-24 18:25:17,2017-11-24 21:36:59,2017-11-27 20:32:10,2017-12-02 12:22:47,2017-12-20,3a4da0e9212bad03a4258e25895cb237,2017-11-24
c4b7a58ef60f4839159cd08137d4a18d,a90c0553da200832991f1db0e9ca75dd,delivered,2017-07-31 19:55:17,2017-07-31 20:10:18,2017-08-02 16:59:20,2017-08-08 21:44:33,2017-08-22,59cd88cf03bb765f08bdcafaaacc38bd,2017-07-31
61c371c97bc39650300c359853390644,c59a67c7f3942b4756a8e20e46ea5c8f,delivered,2017-09-11 16:29:02,2017-09-11 17:45:24,2017-09-15 22:52:52,2017-09-28 17:37:05,2017-10-02,0afdd270361f02ca3c7b9547d3546b96,2017-09-11
d642656598ae928a250620315d19e87e,caff4f8a777982400b180beef136d4da,shipped,2018-03-07 10:43:39,2018-03-07 10:55:37,2018-03-12 18:20:57,,2018-04-09,679b10fd7a2fa2440d2bd4e93af57059,2018-03-07
a7196aa0b21ab34d46c246d361d6d4e7,840dff94e86cf9881a3e67d32abf9c27,delivered,2018-01-31 10:32:19,2018-01-31 14:06:37,2018-01-31 23:06:53,2018-02-06 21:04:19,2018-02-22,16cf24efc5a65786786dc760d7111cfb,2018-01-31
6da45c88a41888408e61bfe388d93f01,ea94754b4cd71085c914bf60e5a2dd56,invoiced,2017-10-03 01:38:04,2017-10-04 02:44:06,,,2017-10-24,dd992a8605d72dad260930f75d0e13e4,2017-10-03
151204eb9ce2aab5379ea84daffed8e2,7dbbf2eaef71edacbeab83c079cf2097,delivered,2018-01-25 22:10:39,2018-01-27 02:42:23,2018-01-30 23:51:49,2018-02-16 12:29:01,2018-02-23,4c059c502437bcf15e8624683532e3d7,2018-01-25
f9e3b033a477076e2b9e014a852af668,e341b3f8d88fc48a56221bacbe1d7e55,delivered,2018-01-25 12:09:32,2018-01-25 12:19:09,2018-01-26 20:46:42,2018-02-08 15:23:10,2018-02-19,29cae4eac830b7c65e5250dc9ee77ea6,2018-01-25
524373cdfe081410364850a83583b23f,ad93607713cebd330319c9fb27d33ab0,delivered,2018-01-15 18:08:12,2018-01-15 18:15:48,2018-01-17 20:30:56,2018-01-24 14:52:13,2018-02-08,912f867c2770f088ee96073537f289ea,2018-01-15
9b2e5e7107f9b0d28873782803e01ecd,f528cd2e64c47c4d65c1355294c43323,delivered,2017-01-17 20:20:10,2017-01-17 20:32:51,2017-01-18 08:48:04,2017-01-26 06:15:39,2017-03-06,6228bfcc46762217dfb30909688d80be,2017-01-17
9ce8edfd64ca03e850463ed0b3d73de0,291db4200871af918813cb0a7667a505,delivered,2018-06-18 16:49:24,2018-06-18 17:20:28,2018-06-19 14:07:00,2018-06-28 19:14:34,2018-07-26,719f18245d86356b20dbfc6ebff6498d,2018-06-18
5fab3feaceb801a5aceee1ee42ded280,7b9cd72412faa5633a5bef6d7f6921fc,delivered,2018-05-02 22:52:54,2018-05-03 00:13:04,2018-05-03 09:21:00,2018-05-07 14:12:32,2018-05-24,58a2828254cedfd7067b8961a8e980ca,2018-05-02
b6db3da1ed3c1f5a82c7e5456e212d74,6ddb8747bdcad87a91ea5ce5c0c79a42,delivered,2017-10-03 13:20:57,2017-10-04 13:28:18,2017-10-04 20:42:15,2017-10-16 22:03:04,2017-11-07,9192e3c1a19dff9d0fd083d2d1a08398,2017-10-03
d523e3017b5b43a3ce38bfc92347c050,d21097b4b1d179c559666ecf79db44b4,delivered,2017-11-18 17:01:33,2017-11-18 17:15:20,2017-11-22 22:03:05,2017-11-24 21:32:53,2017-12-01,619406de7a0d11aca8ff92512287157c,2017-11-18
f19b492f25812691633dffcf530146f6,00c1cef22f54b3d3935e1c145b0c6ec6,delivered,2018-02-03 13:54:47,2018-02-03 14:10:10,2018-02-05 21:21:32,2018-02-19 13:27:46,2018-03-14,d6ed810cf6ad03d565b645f0eb0d12a7,2018-02-03
45f11d8a4d2495c964276e1b076dfdd4,eb40cea0854ef03e33b8d95642ffabf7,delivered,2018-01-07 00:53:38,2018-01-07 01:07:05,2018-01-26 18:41:54,2018-02-05 18:08:58,2018-02-09,cc5ae8d06cdca41a323c283655e1b6f9,2018-01-07
108e1d5b7a25ff07b49e500b1c7ae4b0,7d1fee2758dd8420cb44dc7f4fdec08f,delivered,2017-06-07 10:57:08,2017-06-07 11:10:13,2017-06-08 16:16:46,2017-06-21 16:19:44,2017-07-10,ca65c81e7896c3011e21508f969035b2,2017-06-07
24ad99d678845d2757bd19e1eff877a8,8097a1c159df9f814f105cad7df336e3,delivered,2018-01-06 00:11:38,2018-01-06 00:31:51,2018-01-09 23:20:20,2018-01-15 18:59:07,2018-01-24,47b34f1699e5c386f0dc9c2e8b896888,2018-01-06
9be002bcd1377fbea7bbc30136885a64,a56934ac6ba4aefa2d26ee8bba42d883,delivered,2017-06-02 18:30:25,2017-06-02 18:42:46,2017-06-08 12:22:33,2017-06-19 16:02:32,2017-07-11,cd96ad378788155fb021e1c6cd1985d1,2017-06-02
db5f0d2b31255bbf42582d67727f1588,aae1194a13036a24c766a265bd81a7a5,delivered,2017-12-04 21:59:19,2017-12-05 10:30:50,2017-12-06 18:53:09,2017-12-12 20:44:56,2018-01-08,103fc8a5e3170bbe027aab9a3b92727c,2017-12-04
971fb1014faca6be7799d127ba892f66,c3e47ef7bfd01c96e06d5c23791fe289,delivered,2018-01-10 19:14:05,2018-01-10 19:24:25,2018-01-12 22:35:22,2018-01-15 20:33:38,2018-01-30,769a324827cf14e7c2f471acdba2bc57,2018-01-10
d866a99eedddb2e64c1dc53d01c9ea15,2448ec629f325bf8416d7f2b5b412d9e,delivered,2018-04-09 10:52:39,2018-04-09 11:10:49,2018-04-10 19:58:57,2018-04-16 17:51:35,2018-04-27,b954441f78c6bbf47ab3e6aa0b9b1a2a,2018-04-09
2d8d50ea5c81b884a2dfac05b44f04b2,377adbb777636f7476c1389734ad896c,delivered,2018-02-21 14:37:41,2018-02-21 14:55:39,2018-02-24 13:23:55,2018-02-28 18:39:09,2018-03-07,4fb950d780c451c207fef88fe1c99985,2018-02-21
9635ce9faca001ffd1c913c8e55deaed,4541fb6085235c60a37508989a808894,delivered,2017-11-24 10:12:09,2017-11-24 10:31:47,2017-11-24 18:57:07,2017-11-25 19:24:49,2017-12-12,82b2c7e623ab782bc767791920cc36a7,2017-11-24
a759ad28933493d22dbaf7c75445cbe5,ca29cf9562654bac7552283bd561bd48,delivered,2017-11-09 23:25:11,2017-11-09 23:36:05,2017-11-17 19:48:51,2017-11-20 14:56:48,2017-11-24,ea49b3c3ece113a056616d58f0270048,2017-11-09
1f3508f1f78349b8223d5de8501b2518,dd1aebf2f6706096d60ff7ea13b5a78d,delivered,2018-03-28 14:44:50,2018-03-28 14:55:17,2018-03-29 22:03:43,2018-04-02 21:07:32,2018-04-16,7d94c9f2049fc3e2283a4b29646ad1cb,2018-03-28
445e35406984b81b3f9109de8994e197,5854eece0da8b269533797089c252832,delivered,2017-10-17 16:07:49,2017-10-17 16:30:04,2017-10-18 19:12:39,2017-10-25 14:53:09,2017-11-10,3cd4207d6ce944798257ac5953640a40,2017-10-17
f3c19ec2622d12aafeb4c32621b951b2,ed8281fe17bd28cb00b79f98fba9c537,delivered,2017-12-13 12:58:59,2017-12-13 13:12:06,2017-12-15 18:34:57,2018-01-13 02:18:44,2018-01-10,165fa6c178075605309f0f6a46ee6e04,2017-12-13
8c6fd4e7cb09a08b5984934adba61c22,46b26f3f1422ec5f866ae49f1be87d4f,delivered,2018-04-19 22:37:24,2018-04-19 22:54:00,2018-04-20 18:56:47,2018-05-10 19:08:37,2018-05-18,484263c1f67961d68ec54a524e2f4c1e,2018-04-19
44057a0c45f90ab0770ae9a42c7dc374,7c15762ae09383a4684b58647065c926,delivered,2018-01-07 16:34:21,2018-01-07 16:47:12,2018-01-11 01:06:09,2018-01-15 18:43:05,2018-01-31,cea96a72885f9f67ab449df61a4f7544,2018-01-07
b4cc15026eee314f397bdfe9767a0a9e,7b35ee727d8a06ebf3585b36583f11ad,delivered,2018-01-19 23:31:34,2018-01-19 23:38:30,2018-01-24 12:19:12,2018-01-31 14:28:45,2018-02-15,c08be040f9fcc99e85bcdc2760217a9f,2018-01-19
7faec2979809e2590815b95ff2d7c3ca,e25e6ee39ce79eeff6b4927b86571759,delivered,2017-02-07 15:46:53,2017-02-07 15:55:20,2017-02-08 16:14:05,2017-02-13 19:42:18,2017-03-14,6a5b2a807a2aca962c4badc649cb40b2,2017-02-07
6b38b67d834db1c3d56ddd487abd313d,f6e133f39ee37a47edf5772ae656baa8,shipped,2017-04-19 15:11:34,2017-04-19 16:22:02,2017-04-20 14:33:47,,2017-05-17,21e621aeae2b4e50c35ce06bc4cbd704,2017-04-19
22c7d5e040008a3a92511cde8f592f06,cf67eba1075cf29bb068152ac8476d24,delivered,2018-04-19 23:11:27,2018-04-20 04:12:12,2018-04-24 18:33:32,2018-04-27 20:22:02,2018-05-22,3813b3c3c7ed0f7844199a64298a8adf,2018-04-19
2299befc86b7b31fc23dcba911582355,ae0417f3c2319e7c7ef0a65b63dbc7ea,delivered,2017-11-16 22:44:30,2017-11-16 23:00:46,2017-11-17 20:26:59,2017-11-23 20:38:35,2017-12-05,6cfeb0d60f06829e81e8cab82cd8f252,2017-11-16
c9b70da85e0373973856f7a37dc6f5d4,edd31c1519304643775736e643962b95,delivered,2017-07-21 20:01:08,2017-07-22 09:15:17,2017-07-24 22:19:25,2017-08-01 21:54:47,2017-08-14,c89c7a08ac824694af0071fb70f4658d,2017-07-21
4a735f6373f45ecb870a1d4dbf3217ab,5bba532e8fdba927a88ba9f33713acc2,delivered,2018-04-18 12:02:16,2018-04-18 12:15:17,2018-04-18 22:41:37,2018-04-20 15:17:41,2018-05-08,375a9ef648b32f9a28eb9f6c28a3a0f3,2018-04-18
6c38cc0437106405b2e22f6c3ada72e4,7018d75138497f39ef79e2f7d0fd53fe,delivered,2017-09-19 20:35:01,2017-09-19 21:43:45,2017-09-21 21:37:59,2017-09-28 16:35:48,2017-10-16,f24197228c953988bccf195cc75c624a,2017-09-19
b575e62716d36f28049cdafc28bd9d99,c0ff1e29f4d781683beca18200983257,delivered,2018-08-10 11:23:48,2018-08-10 11:35:20,2018-08-14 15:06:00,2018-08-17 22:08:35,2018-08-22,5d19139a14cc83b4d1b9a6ad9af11147,2018-08-10
049f68d642ed97629f4f13966b3082af,514c224360b5f3d898bc57052663ba38,delivered,2017-12-25 17:49:18,2017-12-27 04:14:47,2017-12-27 22:59:22,2018-01-12 10:54:29,2018-01-24,f734a61bce870e6fd0918d29ac95d663,2017-12-25
a9f75df1cef311cb1a83706ed6992b41,c84a6e2da1eeb1774d66c63160a82805,delivered,2018-01-19 17:49:59,2018-01-19 18:20:30,2018-01-23 12:28:33,2018-01-26 20:32:59,2018-02-09,6d7881399e0e3ac31c6264c058f92bce,2018-01-19
bd1c5f97d14241d464813493f158ffe6,8cae9570f7b1e0f30b6a31ba75fd8314,delivered,2018-06-29 07:14:19,2018-06-29 07:30:35,2018-07-02 22:58:00,2018-07-06 18:58:51,2018-07-27,500865a5429712efcaa69445bb2fe82d,2018-06-29
c0a8c5b9536ee81202e0c08ffd9abee4,9e9d917a4dcbc69e41a7772dbe236713,delivered,2018-06-29 11:28:18,2018-06-29 11:51:20,2018-06-29 15:34:00,2018-07-04 21:19:30,2018-08-06,bdef31d99f26ca1e24b0372bfec8db7a,2018-06-29
d533465bbc7613d13d848d9ca34c2a21,6910b473b366f1f4d0560bffc6e85b97,delivered,2017-11-28 18:15:03,2017-11-28 18:32:32,2017-11-29 20:07:55,2017-12-07 17:54:12,2017-12-20,e3b87649c553980983b892f6511f48f9,2017-11-28
aa3a8549b44bdf1c12309c0f439f9964,b7496ea4b33eaf521ee4bd4a25ad477a,delivered,2017-05-19 16:39:10,2017-05-20 16:50:09,2017-05-23 12:31:42,2017-05-29 07:16:45,2017-06-13,e4025408ba57e781abfdf15b04f0f640,2017-05-19
8418f6b2abe992eedc0c136424fa139e,848ffdeb191369d63983e8391411cbc0,delivered,2017-10-11 13:14:45,2017-10-11 13:28:36,2017-10-23 21:55:36,2017-10-25 20:53:49,2017-10-30,9299f618a19bc535295cfa394bd9f6e7,2017-10-11
9021245fa468408aa7111005cf498277,b05e470173dfb81aeaea55359fd35db9,delivered,2018-02-18 13:58:52,2018-02-18 15:06:43,2018-02-21 00:27:19,2018-02-26 18:18:55,2018-03-09,436d710d4b8b8906fbccbc13bb9a1eaf,2018-02-18
bda4a979b6d9a0a3993ea2ef51a41497,e467d6ea09ebf67931a3981f7ef5db84,delivered,2017-12-18 11:36:10,2017-12-18 12:37:35,2017-12-19 20:18:02,2017-12-21 15:12:19,2018-01-05,8eeab6b654b35b711d2e33cfc5e685ad,2017-12-18
8829629b95d42763072cd54b7d7abf87,eec9bb4c6bf4c4d80492360075189f39,delivered,2017-11-21 15:01:00,2017-11-21 15:10:30,2017-11-23 19:02:37,2017-12-09 00:23:21,2017-12-12,75662d5614222cc2e7bf5b40f3929642,2017-11-21
6c06950ffc1acaa875164203a8334192,e67cfbdc86ca1f35d2c3e5d3e092f8c4,delivered,2017-10-24 16:33:43,2017-10-24 16:49:26,2017-10-25 15:16:08,2017-11-01 22:48:51,2017-11-17,eb8094a0600c9f9b0baba106b8574cb3,2017-10-24
66c6a58505e03067481f59a56fd5b362,b2b873cd5f2e39108cbd3527ddf9a861,delivered,2017-03-24 14:43:10,2017-03-24 14:55:12,2017-03-27 11:15:09,2017-04-04 10:52:47,2017-04-13,74a3391684af1d94fea358aee3a13676,2017-03-24
32efd401773730f7d0d1c5ae2b841465,2f9b8619efb59affa0046e1c0d708c96,delivered,2018-06-29 17:34:17,2018-06-29 18:30:37,2018-07-03 06:05:00,2018-07-04 17:08:55,2018-07-18,9821c724e352cacada2c61d316486d5e,2018-06-29
0de08476877eca848f61e9e236256b3a,681202b72de12353560c8d17de1187af,delivered,2018-06-20 11:08:14,2018-06-20 11:26:20,2018-06-20 14:50:00,2018-06-21 19:45:33,2018-07-03,c5a87762eee414a837994ba0eb447041,2018-06-20
fc23e88553b5a1dbbbc124972cc4534b,e3c41a81d6fb46980a44244fb90e8e84,delivered,2018-08-16 09:51:42,2018-08-16 10:10:22,2018-08-17 12:53:00,2018-08-21 02:34:41,2018-08-23,9081705446f7325744a32de436236dc2,2018-08-16
546f8ad06a534934fdf15a5b1b10b9f6,34fc1866586bd50cfde68e61ba2fed0d,delivered,2017-09-11 23:58:13,2017-09-12 23:55:17,2017-09-18 19:27:41,2017-09-25 18:07:45,2017-10-03,729f94f1736784228b7b69193fc2e880,2017-09-11
94854459746ccda5ed3c3440739bb202,85f5996744b30a3b1556a17b3c51ce18,delivered,2018-04-20 19:00:01,2018-04-24 18:35:04,2018-04-23 19:23:47,2018-04-26 20:14:49,2018-05-15,1571abf1c1e0bc173267ca382ca94d8e,2018-04-20
a396a3ced410ba6d02ebb907e5c34530,fcc915c201f58b20e92faf7fad1d9c35,delivered,2017-12-01 08:04:37,2017-12-02 02:51:15,2017-12-05 01:25:46,2017-12-28 17:04:01,2017-12-28,77d730851ce35e9b3f2cc1f8b92b03c9,2017-12-01
583778f2a1b6b016b054423277086598,e38c25fd0a93092fa341755e65cd3631,delivered,2017-12-30 18:24:49,2017-12-30 18:46:39,2018-01-05 22:11:03,2018-01-28 09:10:06,2018-01-31,5fbd25db0138045fc198fd215d236767,2017-12-30
f9c78e6e58306dc81efbbada1ac11f24,4740044a9390cc45b2c213e8714129e7,delivered,2017-09-01 22:26:18,2017-09-02 22:23:53,2017-09-05 12:08:46,2017-09-13 19:07:33,2017-09-21,08f7cf00ed9ff3e0a08fc136ec272974,2017-09-01
fc8942567e69a0f7adf0f30d5f154bda,9118ed9ec042f365177a300a886cfb2e,delivered,2018-02-23 20:32:38,2018-02-27 04:31:23,2018-03-01 00:19:07,2018-03-06 19:05:45,2018-03-21,e5ec513f807eb586f0cb8ab492f59e13,2018-02-23
0f34156bfdc1f9ea431eebf0b9343d42,eb00367de725a3a5e7f6fa8367b65963,delivered,2018-07-01 17:21:29,2018-07-01 17:35:12,2018-07-03 15:38:00,2018-07-06 18:42:08,2018-08-03,479a808ead2b7759ac9bb0032011f38c,2018-07-01
0faf8d02fc7c032316ae70b90e6e1fec,7e2df1cd02b3bf50358cbd49758f3307,delivered,2018-07-31 23:30:17,2018-07-31 23:44:07,2018-08-02 14:18:00,2018-08-13 17:14:33,2018-08-28,5474eda88098f9eba4af9be1de8ad9ec,2018-07-31
5128bbf180434cd939884e273629de98,88b0bac2d79ffc97560b013de0f97f4e,delivered,2018-08-07 23:19:16,2018-08-07 23:35:13,2018-08-10 14:52:00,2018-08-13 22:21:43,2018-08-10,ec90a3e080dbd0634384ca481ba3d635,2018-08-07
74af727a6c0d520a3943330d3cf93b42,8ffb408da9f0c62f9f071e319989f259,delivered,2018-08-17 22:52:29,2018-08-17 23:10:09,2018-08-20 14:35:00,2018-08-21 23:58:27,2018-08-23,219dbe91a40560b6acf7df58ad0d029b,2018-08-17
c4b6e7386225d1998cf863991ed1e47f,29bdfd7cb1c6a9ef72c7ddddab1fa3c7,delivered,2017-11-09 12:24:44,2017-11-09 12:35:34,2017-11-10 15:28:42,2017-11-18 13:28:36,2017-11-30,43c73f9043398f0dd2163fc5f825e61a,2017-11-09
d8fdce7c3ba072263bdf443e1d906778,0d597964dad5f9770e7922ae7a64a21f,delivered,2017-04-21 18:56:39,2017-04-21 19:10:13,2017-04-24 08:46:28,2017-05-05 15:53:32,2017-05-24,1879b14c28df60e8bb9c07e260216601,2017-04-21
0ee24d5ae95ccf0552a2ef03dfadb924,62b36a6b0df7e45c871a49d9296a8c0a,delivered,2017-08-17 09:49:45,2017-08-19 02:24:38,2017-08-21 21:31:53,2017-09-06 20:04:07,2017-09-21,61b6a01709e3d754942803765b85eea6,2017-08-17
06a521049a08d59361b1ae229b3efcc7,76e0f58a2cb8ab2aeddd01ac2c97626b,delivered,2017-07-07 19:25:39,2017-07-07 19:43:02,2017-07-10 19:43:27,2017-07-13 17:12:07,2017-07-27,2dc28ee48b23b202878bb72841129970,2017-07-07
938c78d5c2b914b79fb0b344731a5b08,5237c68fcf7877ae3f92cef9c4878e03,delivered,2018-02-06 10:15:32,2018-02-07 02:56:11,2018-02-08 19:39:01,2018-02-16 16:33:44,2018-03-06,b48c4db558212ebfea5894a12969967f,2018-02-06
d6912f804ef9076f6172f0eee4207749,1d6a944bceeba3cdb4ad7a1fe2938fd4,delivered,2018-04-15 03:35:34,2018-04-16 08:51:10,2018-04-16 21:12:17,2018-04-23 11:07:31,2018-05-16,86bad679b2105392469601cac375740d,2018-04-15
b1b42afa1e73f34f90872f5f1ec48391,cf0b077259962737e33cc1ac00e82769,delivered,2018-07-26 20:32:46,2018-07-26 21:10:16,2018-07-27 14:01:00,2018-08-03 12:27:13,2018-08-16,56a4b3c63eed5992fbaccb3550671162,2018-07-26
7b039bcfd98f73afd5973f8ba56c5987,2167f4b3d82d1519048c2a2d821765f2,delivered,2017-11-27 15:46:48,2017-11-27 15:58:53,2017-11-29 00:18:49,2017-12-19 19:50:13,2018-01-02,f89c9c415a9042947705b337d40022f0,2017-11-27
00a4d94df1c9757661679b2f4bd6d311,6fe655df4b9e1e4a3fc234cec27c55aa,delivered,2018-04-26 12:41:29,2018-04-27 03:30:47,2018-05-02 10:20:00,2018-05-07 20:28:56,2018-05-22,c934b7146180892c1d0c54bd452f0fda,2018-04-26
252788350f9dad30b31847845fe119fe,43c2e0c2bffdba58e569a9cf02d9b508,canceled,2017-04-23 14:58:37,,,,2017-05-23,85a682703424ab2ab05bfb24b2a582cd,2017-04-23
164edfe5bd700da6195bc453f107dc17,1c493ec5d1ea416ebfad2dc2a28fe25d,delivered,2018-03-10 21:13:38,2018-03-10 22:00:33,2018-03-13 23:46:45,2018-03-15 16:52:31,2018-03-22,7637489f233fd884fa81d2b3f27a2153,2018-03-10
8c832bb62350baf5d5bf4138f91787e4,ef7b5936f5557d3a908845d80e43467c,delivered,2017-10-10 08:50:08,2017-10-10 09:14:11,2017-10-11 15:47:53,2017-10-25 19:23:44,2017-10-30,273101692e349c908ab73146dd61798a,2017-10-10
ce9ab4cfbb50936abf90ef14408b41c7,43310f2ccac055857c45f0158299a2e8,delivered,2017-05-01 13:11:44,2017-05-01 13:25:11,2017-05-05 14:36:50,2017-05-13 11:57:46,2017-05-30,9180ab6602129588a3561486f7347443,2017-05-01
39b4b4cec1024fa0cddfb5201edc78d2,942ddb99ad63510904cd5346781a9045,delivered,2018-02-09 20:40:29,2018-02-12 09:50:24,2018-02-14 22:18:32,2018-02-28 17:25:08,2018-03-16,5b93447e38d8545639b7c6e21b86a134,2018-02-09
a01074d070fb607d7e92d6a4a13de47a,66878a146ff0935a6889a7646958440b,delivered,2018-03-29 17:18:37,2018-03-30 03:26:56,2018-04-13 17:11:45,2018-04-15 14:58:49,2018-04-26,1e6b1d1d9091b9b2993e08ae393ff843,2018-03-29
52fb3b22b5c78d0b753ffeb820ed01a1,12d6c8927ce18ddc37dc9e74ec9dec83,delivered,2018-04-14 14:06:55,2018-04-14 14:31:32,2018-04-19 21:06:58,2018-04-23 19:38:46,2018-05-03,725ac83d391c3bb912446c52f2507295,2018-04-14
589eac637e68da58add10ee5e6710bac,8bad98b4cfc0bec348b202ea08123680,delivered,2018-01-12 10:59:33,2018-01-13 04:54:59,2018-01-15 23:12:54,2018-01-24 00:12:33,2018-02-06,9764c899917199574678b4d3f1aacfa3,2018-01-12
defc9635e736dc57770092284a0eeee0,fec9e0a6f9f777741e7f3d3b9693a734,delivered,2017-10-01 21:52:36,2017-10-01 22:07:26,2017-10-06 14:46:07,2017-10-13 20:52:07,2017-10-24,70337a181ac6d2e43a4a41c8e23f1ef2,2017-10-01
a1147112afc377c2361f5b27f17675f3,8d2fdef78ee20442bdfc5dca39b6562e,delivered,2018-03-23 20:32:53,2018-03-23 20:48:10,2018-03-26 22:12:06,2018-04-10 21:09:01,2018-04-17,1c12d40bfa739d5204c498c8f9231800,2018-03-23
027042c68ea5fac4428694e17ac50538,f753500e103533c0f47c35ca41d9923a,delivered,2017-12-12 15:23:37,2017-12-12 15:38:25,2017-12-15 19:29:11,2017-12-28 14:19:04,2018-01-10,520af1e295c9d6d6dc0413afa815b0b9,2017-12-12
dfb37d2ceed290c718d7778273ba8b4a,b154a09d611816a2bd59fa2582e5beb8,delivered,2017-08-22 20:05:07,2017-08-22 20:15:23,2017-08-23 21:33:02,2017-08-28 21:12:44,2017-09-20,571541deef1d9400d0a62468d11a9e86,2017-08-22
158efe328e2ddf45e72017374145646e,af3fd22df097ba996e6a79ec214dce34,delivered,2018-01-30 16:55:06,2018-01-30 17:19:43,2018-02-01 01:16:32,2018-02-05 19:08:38,2018-02-15,30858fbd358f9d9e65e92b52eaae501e,2018-01-30
a3e6b4dfa4c321071ce66af89c4903b8,1e226b035e0cf954ea0b6772d939b470,delivered,2018-04-04 08:12:18,2018-04-04 08:29:32,2018-04-05 17:51:32,2018-04-30 18:07:55,2018-05-14,a70fda6633fdc951d43f511f76a08c0d,2018-04-04
609891a2ed5547ff8096ccb06022a826,020b5927efefde521078d6db7ef0317e,delivered,2017-11-02 00:52:37,2017-11-02 01:05:53,2017-11-04 18:02:45,2017-11-11 17:44:47,2017-11-23,d20c006baf398a938c2b1fbbf9aa9c54,2017-11-02
2fd1f537efecf73f84bc7c24d966cff8,e478caf34618a0752f0924ca3847c0e0,delivered,2018-04-05 07:17:48,2018-04-06 03:15:29,2018-04-07 01:24:39,2018-04-10 00:18:37,2018-04-23,1ca845c3b11ba93c4ac5182ab9c1197e,2018-04-05
6cec1e2a7601ff15714a60b8cb6f3b43,243eeeec5f919489d72115136d4c2992,delivered,2018-05-09 11:44:59,2018-05-10 03:36:59,2018-05-11 14:38:00,2018-05-16 16:58:55,2018-05-25,86d99c7fce39d7faea824f2b90365e2d,2018-05-09
cd5d896429fb41469e5414dd0b56cd01,b349d1bf2b2d11bd7d1d066bce229ce5,delivered,2018-08-06 20:29:06,2018-08-08 03:30:22,2018-08-08 14:10:00,2018-08-13 09:18:20,2018-08-15,a08a307263e92900e2368f8cd47b5fca,2018-08-06
a96197cd3594ecdabaeda0841d5a63fd,688dc55db881d83c92c6dca6ac9e6682,delivered,2017-04-02 18:43:05,2017-04-02 18:55:07,2017-04-28 05:37:51,2017-05-04 12:26:49,2017-05-31,bca5579e88566e6bcadda262387e4373,2017-04-02
0a66244c735378791bf14412b6c97df0,a3cc815958a0313f44694efc042434ea,delivered,2017-03-22 18:48:07,2017-03-22 18:48:07,2017-03-23 15:02:50,2017-03-28 14:00:27,2017-04-17,a1dcf2440c6b9aec47d70595ed124ad0,2017-03-22
cd2079cf74c5ccc03fd848508b776152,016c54a71587052826a1ce53c8c6b1d5,delivered,2018-02-06 15:15:03,2018-02-06 16:11:34,2018-02-09 21:36:45,2018-02-14 21:22:22,2018-02-22,d06b22dca368b029778978fe80ffec43,2018-02-06
608570b95a49743971fb82089b960070,fcadbaa8e24272d377d3b8c08c6bc583,delivered,2017-10-09 15:28:45,2017-10-09 15:45:29,2017-10-10 19:27:53,2017-10-17 22:06:16,2017-10-31,af584e2a8da58a0640cf388e15cce832,2017-10-09
86bc68d61da741ce223415cef6a13799,f9941bc637d95827dfe89343c28f1275,delivered,2018-08-22 22:53:19,2018-08-22 23:05:18,2018-08-23 10:38:00,2018-08-28 20:56:43,2018-09-05,55eddae30967e5021ff7569f5b124e00,2018-08-22
83d75e259ccfb20c073dbf2a74dc8fb9,b83ddd8a3dc792e59a8dc90d05f6840b,delivered,2018-06-19 18:55:41,2018-06-19 19:19:04,2018-06-20 12:17:00,2018-06-23 17:34:27,2018-06-29,49d8b9ce67066ab246fcf77b1673feb2,2018-06-19
b52571bcd79c8d0e16272c548228a5a4,cf3772ed0c2c62f2411ec6bafa1be74c,delivered,2017-12-06 10:51:17,2017-12-06 11:14:49,2017-12-11 14:49:21,2017-12-26 20:49:01,2018-01-03,1b34cbc989f331282378969b472d3588,2017-12-06
818682a31ca442be80d20a2ae4330156,9cbbd0d34efa93be40b726a803e21422,delivered,2018-07-30 13:22:12,2018-07-30 14:00:10,2018-07-30 19:39:00,2018-07-31 21:49:27,2018-08-09,c9505928c9f7de42f16f2d3c564ea350,2018-07-30
2e6a1087eb563f7648142859dceb5d90,a738e734d60f6c8e29a2e892b52d6ba3,delivered,2018-02-04 12:26:27,2018-02-04 12:35:33,2018-02-05 17:44:11,2018-02-22 13:23:28,2018-03-15,8c195e3ac2081827508533dc3294e76e,2018-02-04
b51858d1888f8dfa7ffe83f06fbcb3c3,3d55ce02def747007e481ed93b98388c,delivered,2018-06-14 18:53:42,2018-06-14 19:18:57,2018-06-15 14:16:00,2018-06-20 17:41:17,2018-07-04,a86d3a76dc42c8aa3ce593f94b217d44,2018-06-14
6d482de66fa3ace9fc873ae40f19c4a6,010ebb5ce5da9367a59959153f083968,delivered,2018-07-20 19:40:40,2018-07-25 23:31:51,2018-07-24 15:31:00,2018-07-30 18:16:51,2018-07-31,5b7743d8f930a9dd5cfdb503aa8e31dc,2018-07-20
65c103df35abbe57462ae508a41fe3a3,950f5ae7202ebb07431ee23e539e8b33,delivered,2018-07-03 18:38:29,2018-07-05 16:31:14,2018-07-05 15:51:00,2018-07-12 00:40:57,2018-08-02,2d81b697523636d18b7ac4e7397aebd5,2018-07-03
116916cf522fb4386293fb7cfa886e7e,d78f6069da55a04e77ac324ab187c2aa,delivered,2017-08-25 23:55:43,2017-08-26 00:05:54,2017-08-28 20:16:55,2017-09-11 12:46:08,2017-10-02,c316b265607f1c464373e41abd702fd2,2017-08-25
30556d57d6a8a68bbfc00619bceaeedf,4d042e4dc301e869d325e4dd227beafb,delivered,2017-07-28 16:21:55,2017-07-29 02:23:34,2017-07-31 18:22:53,2017-08-08 13:28:03,2017-08-21,ebd514cb5955fbe37dca6f19c0662979,2017-07-28
058af2b14bd6831bf3350cc96b0f4822,22e2382e2526b79392797774d529f259,delivered,2018-05-22 17:19:24,2018-05-24 02:34:26,2018-05-24 17:14:00,2018-05-25 18:44:49,2018-05-30,115030e27b9970683ad81cb05679157c,2018-05-22
27240c0c08c0744d4070effa2394ba4c,07430e92e9f370ce78184e10a07b3493,delivered,2017-07-31 15:14:00,2017-08-01 15:30:18,2017-08-02 17:33:30,2017-08-15 17:08:14,2017-09-01,bbcfc950a75f3f896acc78c240b0f8ff,2017-07-31
35837feff69c830a990c5ecae625bab5,ea4b4e3e3f339a13d491b41ded5bf3ef,delivered,2017-02-08 16:49:29,2017-02-08 17:03:03,2017-02-13 08:49:28,2017-02-15 09:38:01,2017-03-21,eda69f0a0907da23f1dc89f9d6fe6877,2017-02-08
9aeecc9e1b5dc77872bddd35b141fd83,147bdb1d0e42e08333e0c2a3d960a3a5,delivered,2017-11-23 22:05:20,2017-11-23 22:28:31,2017-11-24 18:48:56,2017-11-27 21:23:24,2017-12-12,c7121b2b9e81d55122e3d7a0e2b4202e,2017-11-23
4f8bcc599bf25aa16aa67fd4ebf895dc,473c155bbf0e0ae803bd419e8b1e24eb,delivered,2018-06-03 10:38:07,2018-06-03 10:50:18,2018-06-04 16:08:00,2018-06-07 21:28:50,2018-07-12,2db396fe726c663b1c77300ff38aeb69,2018-06-03
226bdeb6252bfee90f63517f430be2e9,f344a641af9aeeb5dca01be9058eb92b,delivered,2018-02-21 12:09:19,2018-02-21 12:30:21,2018-02-23 18:18:54,2018-03-26 23:24:32,2018-03-15,4b9729eb2124c528cdd6384a9e989d86,2018-02-21
c935e68603928d994d8a444c00f49bdd,4239e5e2e73c44d3112fc1f8216197d0,delivered,2017-11-28 04:24:53,2017-11-28 05:07:23,2017-11-30 16:38:52,2017-12-01 22:33:59,2017-12-12,1fbe6503f9ad5cf195896ff8f6b9002b,2017-11-28
294910a301fb69b5ed0b34e8cd946088,13791d6b3c4243f751729367e1f50e15,delivered,2017-10-16 11:39:58,2017-10-16 11:56:16,2017-10-23 18:04:03,2017-11-14 20:43:08,2017-11-27,ddee6163f0b8affdecc4d7e7b76cc982,2017-10-16
64f1dbc00645c1bd7e70f69b19f95976,4774c5d956128e012215b1f667990658,delivered,2017-10-22 20:23:44,2017-10-22 20:35:22,2017-10-24 23:37:06,2017-11-01 01:13:14,2017-11-10,8ee90acbe93118f8de51f73c4f80b2df,2017-10-22
f83b35bc0a9c439bc1a4a6597f425432,43ea303acc944617d349869c998870f5,delivered,2018-01-12 22:44:11,2018-01-12 23:17:16,2018-01-15 17:09:45,2018-01-16 20:15:17,2018-01-31,a46e277a383f4389ce5e0b642902c72c,2018-01-12
d03ba703f83e314f2bad7505a1031522,44b0e19cde4e2cb4acf0dcd9f314f248,delivered,2018-02-07 21:33:54,2018-02-07 22:35:27,2018-02-08 19:35:25,2018-02-16 00:22:19,2018-03-12,a0abd26659c9914690cbd3320d39fd96,2018-02-07
bc2aaf9052c275755277fc017f9a496e,742897000a2fd0b865e0961386a0147f,delivered,2018-01-09 19:37:12,2018-01-10 10:32:19,2018-01-11 23:25:31,2018-01-17 13:42:38,2018-02-02,2e668c7866b1637ff7669046a2107269,2018-01-09
4e6e19799199fdb9bc1439118a8de912,a12dc90fd049ed5f92608ea917dc8c67,delivered,2018-08-10 15:14:56,2018-08-10 15:25:19,2018-08-15 14:15:00,2018-08-17 19:48:34,2018-08-24,488d52ee8028ef0b0bf8c28b1be59f04,2018-08-10
52586b1b9916f51d8bf0d76295da9f6a,5976aae2978512e829135e2df9024756,delivered,2017-03-02 20:42:10,2017-03-02 20:55:13,2017-03-03 13:51:31,2017-03-08 10:03:34,2017-03-31,35461ead8c98a12af227e4ce9efcfb0d,2017-03-02
019d444bd00f1ccb4643de466f9a1525,44f5f5476eb92ebc9c4ab70c8b1bf189,delivered,2018-03-26 21:51:15,2018-03-26 22:07:13,2018-03-29 20:56:40,2018-05-11 17:36:40,2018-04-18,bcec9b9aa5e994638f1eb6c2e5f449aa,2018-03-26
bfea0767c18bf1f63b7f334b42309ecb,7ac8e8b779cbb5c4d85744765dfc6168,delivered,2017-03-21 10:35:30,2017-03-21 10:35:30,2017-03-22 10:14:40,2017-04-04 13:28:48,2017-04-11,52e744435a65923d3ee3f2068582c2b2,2017-03-21
bab4194a4df4aac8d2cf6386c4979973,f1dd712d9b2488021a1b70d1eec1f51e,delivered,2018-05-16 11:28:56,2018-05-16 11:58:02,2018-05-17 19:11:00,2018-05-18 22:11:35,2018-05-29,f2eed421426bd33e1bf909bd47c37cf8,2018-05-16
08c21d8b98beec294f0dceb8b54cdfd5,c8601345ccaff528cbca46e04f74ff2b,delivered,2018-04-18 11:33:24,2018-04-18 11:51:54,2018-04-19 18:09:30,2018-04-27 19:18:29,2018-05-18,e09e509936d44d03ec876c40b0f6dd3f,2018-04-18
9c0cd6efd7dbee62cebd70b38bf5d5fd,f17f97efbc0e3f1bf2a253d12ba03c18,delivered,2018-06-19 12:32:33,2018-06-19 12:58:06,2018-06-25 14:57:00,2018-07-02 18:08:56,2018-08-02,c5c7a8748a200412a40978afa8f691e6,2018-06-19
25807a51c61f06771f0f60e39ca18c34,53e6fd18cdaab66e127c12ba469517cc,delivered,2018-04-18 15:07:12,2018-04-18 15:44:57,2018-04-19 22:19:45,2018-04-27 23:02:51,2018-05-16,e9a6a9342970294f48ecf0824d1b3709,2018-04-18
6368194f43f0df34f328862f0e48ca56,2d82e56ba3ef22a5602c39d45c04794f,delivered,2017-10-07 14:29:09,2017-10-10 03:35:36,2017-10-11 22:56:33,2017-11-01 23:03:40,2017-11-06,f72084d0a4d6d5786fb6e25edcf0bdf1,2017-10-07
ee49aa5583df0eaab10299357d126386,fe10de536606eabb822d6f46f125cf68,delivered,2018-06-28 17:09:52,2018-06-29 02:53:18,2018-07-03 09:26:00,2018-07-09 20:33:39,2018-07-25,36b1b9d83bbbcd7abac75ea38e9ba59d,2018-06-28
14385cf799c6efba6a9a6d51ea9a1a36,732272e96e63085706cd8920ca92faf7,delivered,2017-12-08 22:48:37,2017-12-08 23:38:20,2017-12-12 00:36:43,2017-12-23 14:09:19,2018-01-03,1ed352843641a9bc726c922805742889,2017-12-08
9782739e52d8ca75167c63bcfd4db9bd,9c7d129ac472598117cec4e30387ea16,delivered,2018-01-11 15:27:15,2018-01-11 15:48:04,2018-01-15 20:32:51,2018-01-23 15:13:09,2018-02-09,696a2f1950c88be3239b808d2fa0e35f,2018-01-11
cdb66326ea0bdac7baf24b38a67af09c,1d44cd7b03a23dfb895280df96602387,delivered,2017-05-20 15:56:23,2017-05-20 16:05:20,2017-05-23 09:52:01,2017-06-01 13:31:50,2017-06-13,46ad66a9f04d58e9ac03147285fe12a4,2017-05-20
2861bde48c258a06a5ded52e540dc6be,ae40128e05a84faf9da0fd8960c4c6a2,delivered,2018-02-14 01:42:20,2018-02-14 01:55:45,2018-02-15 19:04:16,2018-02-28 16:24:01,2018-03-14,cda79a984cb522389ddedda934fd03aa,2018-02-14
cf4b34a6cd499c3d352d90cee37795ef,17be158b549a978345bc5fdc895815cd,delivered,2018-01-07 15:05:52,2018-01-07 15:14:19,2018-01-10 19:23:21,2018-01-24 17:38:50,2018-02-07,65a14de81a0b04d10a45dc96f71780cb,2018-01-07
98b71d23b2914a171ca5c5824a1d38b1,4e8fcd57c9293bf3be7254e1ae469b57,delivered,2018-01-09 13:13:05,2018-01-09 13:29:10,2018-01-10 21:58:55,2018-01-19 00:58:38,2018-02-19,1109e8c5b75fe7ac3b6b9f122c460ece,2018-01-09
d06fe8d6f4bdfe9cd1992aa3322f2f47,592fa548b2b29cc92868b9d78d1a44c0,delivered,2018-06-07 08:44:39,2018-06-07 08:55:17,2018-06-07 11:39:00,2018-06-21 12:45:31,2018-07-16,0e51cf9c63884c4fa72bc7994084aa31,2018-06-07
d1b7637acd3a7a42101faf9066e7309c,a1b3147271766174415e8bed551f9dc1,shipped,2018-05-20 18:58:04,2018-05-20 19:10:36,2018-05-24 06:53:00,,2018-06-06,60863e9f13562f664b73e6f76ff85910,2018-05-20
b041fef38844f3b487478d3c16c3ff90,f537468e5303911f11d30ba313007fc3,delivered,2017-11-04 16:30:20,2017-11-07 07:30:32,2017-11-09 23:51:14,2017-11-20 23:48:29,2017-11-28,d37b5d5b492f667ea230e377a97fe859,2017-11-04
9bb19b2b2a14bfd567fa37c747c6dc96,2b32ccfc1540d4e925f7b53084a26eb9,delivered,2017-10-19 16:38:12,2017-10-19 16:50:19,2017-10-20 22:43:49,2017-11-10 22:18:55,2017-11-09,58182e5bc2e98e9e10ea9bec32e31695,2017-10-19
7d70d52cfcf0813165763717e6d32609,12c49eaf0f0176c573586eaa52d234f7,delivered,2017-08-18 10:34:18,2017-08-19 02:31:31,2017-08-21 19:03:55,2017-08-28 12:08:00,2017-09-11,39a34fdaf81bd48fa0c7dc6800100a68,2017-08-18
20db59f6705840a0ce5c76b77487ad03,930ae890c223dddbd81d9870d9701ec7,delivered,2018-08-28 19:31:41,2018-08-28 19:43:55,2018-08-29 10:22:00,2018-08-30 23:18:35,2018-09-03,e58697e3a253c253e1582f8c4f4c54ff,2018-08-28
db68ee136b9cb2c16d74fa11a7395e5d,de3e71eb1431eff5303930c2ddfefed8,delivered,2018-03-13 09:45:56,2018-03-14 03:08:32,2018-03-15 22:54:38,2018-03-19 13:26:46,2018-03-23,2b161eaf4956b131691842e87b3c39c7,2018-03-13
cd2774a60636ce7ebc1f7efa829bf729,ba3527d8903cfdae4166158ede7c9e8b,delivered,2018-03-12 03:12:59,2018-03-12 03:28:34,2018-03-13 21:21:54,2018-03-27 23:42:08,2018-04-09,efc91e1be1ff490f65140d139e5feb17,2018-03-12
2d13948675eb090c15d5f89f0a98145e,d040d9ddc1c5ab07441634fd6ebe0aa6,delivered,2017-04-07 01:04:34,2017-04-07 01:15:07,2017-04-07 15:03:42,2017-04-18 06:58:07,2017-05-02,490deddb79286c4373aaafa95b213568,2017-04-07
c15a8fc276881ee3f43d709f3ab7792a,ac9bcfbca17d0dee80c0d80125d55b71,delivered,2017-07-31 13:50:04,2017-08-02 08:34:33,2017-08-03 18:23:17,2017-08-09 18:28:00,2017-08-22,0ba0cdb0f7ad9f992ac4bc9c8e0f5e2d,2017-07-31
9a209e12ca9ee385ad1ce1510ecfd6fc,1e4d36637a15225a983ee62a35fe577a,unavailable,2018-05-12 16:03:28,2018-05-15 04:15:20,,,2018-05-29,f364b8ad50a430d19aa09767925b8eda,2018-05-12
1b8dc892aec525e5b60529c26eab5a95,eeccf95c8da631f862a1fc8093b5816c,delivered,2018-03-13 19:07:41,2018-03-14 02:48:51,2018-03-14 22:58:43,2018-04-03 00:28:52,2018-03-29,660e026c982d5edf6d733b15a1acadf6,2018-03-13
faf1b809401b186ca28936c3e1cb07aa,44207bd279cce3ea4df67d246f816533,delivered,2018-05-13 19:17:06,2018-05-13 19:34:14,2018-05-15 13:09:00,2018-05-18 18:06:53,2018-05-28,7d8728a536552b955c9a2844e64f6824,2018-05-13
9a8fb2a3a77dab1c301506cd5af2e845,bfdbe6cffc004496c3db4b194181d3d5,unavailable,2017-07-26 08:37:07,2017-07-26 08:50:16,,,2017-08-08,3c18e9badff13995d42b230ddee0dc10,2017-07-26
43db90131d20061d9a0f70d722c152c1,762430d281be0814b2eab736518f5354,delivered,2017-04-23 18:56:07,2017-04-23 19:05:33,2017-04-24 21:24:34,2017-05-02 16:21:25,2017-05-15,b7be5aeb768bee7e0edf4a2e99140ced,2017-04-23
b4b74b67e8e09c1539e6f838e5eb8fa4,ef2cbe9cce4b8124e9bc080b429451a5,delivered,2018-02-05 16:39:36,2018-02-06 03:35:37,2018-02-06 17:13:19,2018-02-15 17:29:18,2018-03-08,cac9a6c4a1730df83b57b3c89c5467ee,2018-02-05
839cdf42ef00fb4f5d66e449058b4d61,7baa0b7ec74d65b734e3e2ce04663146,delivered,2018-02-12 19:52:06,2018-02-12 20:47:22,2018-02-16 15:59:31,2018-02-26 20:26:45,2018-03-09,9192ec42ba50dfc66c66a222de052d6a,2018-02-12
0be58fa3e26bcefe9530b3e5ec888b7e,c2435f2aefcb4a3b7fbfdfa47db46af5,delivered,2017-11-22 10:58:57,2017-11-22 11:11:24,2017-11-24 02:58:30,2017-11-28 19:57:08,2017-12-04,f2fe55a1d05160523eb0a10613014b89,2017-11-22
048cc42e03ca8d43c729adf6962cb348,12a2c614dfc8926e793516b1638c7471,delivered,2017-11-16 21:28:00,2017-11-17 21:35:39,2017-11-21 22:14:50,2017-11-23 15:39:38,2017-11-29,7139ee1d2ad919a82b6e68a29582264e,2017-11-16
6b69ff282afcd40fc4dc7b4e429d5149,eeef3c3551de3434798cd90c092e620a,delivered,2018-07-28 16:45:10,2018-07-30 19:31:40,2018-07-31 20:04:00,2018-08-01 14:32:30,2018-08-02,9daacbb22d197dc535387716ee6424f4,2018-07-28
635d6eda3af27d4cdcee17a82b7aca92,bdbe54565d106f2e7717db1c4334c6c6,delivered,2017-05-19 16:38:56,2017-05-19 16:50:15,2017-05-22 15:08:28,2017-05-26 17:23:09,2017-06-12,6ba0cd28d9948876fcb3ac08d95fb2e6,2017-05-19
229d160ec07dca58dc7cacf74ccd54b6,77bb7694429ede1d9dd9a1cadc22755d,delivered,2018-01-04 20:32:46,2018-01-04 20:47:54,2018-01-11 17:16:54,2018-01-19 22:54:00,2018-01-29,ab1c2f1933fc22ea328fd444424b09b4,2018-01-04
24b581b458bd83feeea8ad6a179cba54,4ce1c3adcd33424fc2775a0c0bec355a,delivered,2018-05-15 13:35:04,2018-05-15 13:55:14,2018-05-17 12:43:00,2018-05-23 17:42:26,2018-06-06,363c8ecca5b19e58d8cc3fa055d76e08,2018-05-15
b69246cbe19ece82f41f3343cb25999c,4485bea5c677bffda2227e876e8f4947,delivered,2017-11-05 13:52:08,2017-11-05 14:06:42,2017-11-07 19:32:02,2017-11-08 16:38:56,2017-11-23,d888af68574687ee61490379f13f687f,2017-11-05
385a6cde4031f6d16c0c80c96c702580,fec7eb5a3ebadfaf3ba391d8edf838bc,delivered,2018-04-27 19:44:10,2018-04-27 19:55:20,2018-05-02 12:26:00,2018-05-11 19:19:16,2018-05-22,30aaec8cabe3ac4410e840a5eda6a822,2018-04-27
643254f7c3b88cd268ca4524452c265c,c569b5657735d2c76bce703a382cbac6,delivered,2018-06-16 20:11:10,2018-06-19 03:57:05,2018-06-19 15:04:00,2018-06-21 16:39:40,2018-06-29,15f02626b28387b9ed5decff9cd12d87,2018-06-16
40943871fddded9badd0c7a30758807c,e7a6d5ec5bf53d5a915f9a24c0ec7ebb,delivered,2017-09-04 00:48:49,2017-09-05 04:44:13,2017-09-05 21:05:07,2017-09-11 22:25:38,2017-09-21,8156e9b793de0ff0faf06bb7cd6d3078,2017-09-04
bd079e124423421864694666ae29277c,82bf9449be249defb5aefcf47ab81435,delivered,2017-07-20 21:21:53,2017-07-20 21:35:11,2017-07-21 19:12:17,2017-07-29 16:49:37,2017-08-15,e428364c467466fa1b336137f6e9356d,2017-07-20
f20029eae2937bfb674b22b89f0e876b,cdd7ca4b71dd8f94507266b6c29b3165,delivered,2018-02-18 20:34:47,2018-02-18 22:07:12,2018-02-22 00:23:25,2018-03-02 20:58:35,2018-03-12,c650ee502c6c1b12d65c8d0d81c066ce,2018-02-18
da39b7bb959252bc4980dd9bc21d3415,56c8624d85aa10cce32e3e06fbffb34a,delivered,2017-09-12 13:54:19,2017-09-13 03:36:22,2017-09-14 13:32:56,2017-10-03 15:58:30,2017-10-09,7c8045164dc10809e26581a0e7230497,2017-09-12
21f27570ef536f54c3f27f4c9e9c9709,65c30277282c2dcc0d068061054f4260,delivered,2017-10-08 21:20:24,2017-10-08 21:35:27,2017-10-10 22:33:55,2017-10-17 19:16:38,2017-11-10,0153b79c47a4953a7dad6fb93ab45a02,2017-10-08
f05099a928d90c394963b1f0d8360149,511f8f1b15ae846f219dde14f0fbfd5f,delivered,2017-08-16 01:56:09,2017-08-16 02:45:10,2017-08-18 17:42:21,2017-08-21 22:12:20,2017-09-08,62e037b825d1704b51c0e38c70d38623,2017-08-16
48d59c59c85665b1dd3b1f81d0f48016,71382913537508eefcfd40340460e9cd,delivered,2017-11-12 17:31:53,2017-11-14 10:27:38,2017-11-14 23:18:37,2017-11-28 18:09:11,2017-12-05,52c990b686e6dd42fe480abd78465cd8,2017-11-12
c5a304a759ea5ac20be4dbacd15696cb,03e82ff4feec050581d548f628bb4490,delivered,2018-02-02 08:15:32,2018-02-02 08:31:54,2018-02-03 02:52:47,2018-02-08 19:21:38,2018-03-07,4f4d2fe2987efa0b9e4e61a466e8ed8b,2018-02-02
da2b50d5837f2e4ffffe075865ca8b98,4ce9ca52dba093efebe5fcda0d986da5,delivered,2017-12-18 18:59:22,2017-12-19 09:59:41,2017-12-19 23:19:47,2017-12-27 00:52:43,2018-01-15,998b6cba01b8f81af7ad0e068084015f,2017-12-18
aa67be2025a314e506fb322c51d01d65,384fbbcdcf45c174ca6407d4ade90112,delivered,2018-06-06 12:22:24,2018-06-06 12:32:35,2018-06-08 13:21:00,2018-06-18 19:52:46,2018-07-18,b4807b349d0aed8a80e0aaf8a4b0c3a2,2018-06-06
722551f92737b15702800d3c63dcda10,0f5a932fd45302af276e4ad8cf0d9a19,delivered,2018-07-04 21:51:47,2018-07-05 16:23:18,2018-07-05 12:23:00,2018-07-11 20:35:39,2018-08-01,f40891e7e8c9c775fd29c2b82a26459d,2018-07-04
f7fad826bf8b035804bdbe1e8342fd21,1234c1f416fad22c1270638f069f1a46,delivered,2018-04-02 01:20:17,2018-04-02 01:35:15,2018-04-02 17:34:28,2018-04-03 19:58:38,2018-04-12,b3e4b9bc71f52dd2bb3042d15c2ca2a3,2018-04-02
9773679828d39baca17c7cfd64090070,a71ca7819482e010ceeaf3c942577f94,delivered,2018-04-10 20:26:29,2018-04-12 02:11:03,2018-04-17 13:16:28,2018-04-20 14:26:39,2018-05-03,c48858a30f72bcc944a0beca84028304,2018-04-10
be58b0a79d3946b6497f5887f602b0bc,5625c1e57dba8ab0c217b9ed261a6a77,delivered,2017-06-27 10:41:10,2017-06-29 02:55:30,2017-06-29 14:28:59,2017-07-11 21:46:13,2017-07-21,ead869e6bbe0f75457be40f13c31ca35,2017-06-27
028dc52e12ddda803ec1e35eb0b7b0d9,8c89a09d8fb33b6e5dc8a769d6b2bd63,delivered,2017-12-19 09:43:54,2017-12-19 10:53:22,2017-12-20 16:49:18,2017-12-21 14:22:56,2018-01-08,148a35e3469010c9753897362d1eb8d0,2017-12-19
a9cc212b2e3530acd23bbe976dbdede5,45335c34e07f52e1a564973cc7c66165,delivered,2018-04-16 22:13:21,2018-04-16 22:32:18,2018-04-17 21:51:04,2018-04-27 12:28:37,2018-05-09,8412d0d1e390c716c100d6abe6196b63,2018-04-16
0680b3722414028009984ae5c04c5df0,a95bf627a6d55bc2194028e5648c0fdd,delivered,2017-06-06 13:42:46,2017-06-06 13:55:17,2017-06-07 17:36:23,2017-06-17 06:18:00,2017-06-20,226ad1e04e75266d492bcb6bea70939c,2017-06-06
6e49a3d8325755bd3e9d84d84bd8dbf2,917cbf45438cc596762f48ca009bbcff,delivered,2018-03-25 17:33:17,2018-03-25 17:47:46,2018-03-27 05:48:22,2018-05-03 15:46:14,2018-04-27,23d79f5efab47bee80aee4e351829b74,2018-03-25
79fb3469650c71775d1b5cb29fb207ec,3613715ccf990eca10b1bb75ff9f01ab,delivered,2018-03-15 16:53:42,2018-03-15 17:10:20,2018-03-21 18:56:49,2018-04-02 21:53:07,2018-04-03,7ca4833e3a4dc726e49e051637a9bd3e,2018-03-15
98aee9cbf5501420f76b8a290491f272,0e1fe033ad8a4dc4912bd1910d391e7a,delivered,2017-05-10 18:31:51,2017-05-10 18:45:13,2017-05-12 15:32:01,2017-05-22 21:12:58,2017-05-30,3109f64ceed4eb5637cec6e6bf95bc09,2017-05-10
41223ff2c9f99053ad5379603589764b,6bef722b6f3ec6e2a8b802714ebdf200,delivered,2017-05-03 13:34:47,2017-05-03 14:02:36,2017-05-05 14:43:59,2017-05-12 13:41:50,2017-05-26,7c661ab6086601aeda2f6e43c7c2988c,2017-05-03
accbeaeaa58ec74bdebcb425e6336a38,08f09be7e8c38c8ea211c9455bce4897,delivered,2017-09-26 17:26:33,2017-09-26 17:35:31,2017-09-28 17:40:10,2017-10-17 21:42:32,2017-10-20,c9f0b86ded50f9567c9e6899e4b1e6f0,2017-09-26
a56073f17e070c784c5eb0d85da530f5,ba1dc68a7f3a7a8aec8dae0a7242472e,delivered,2018-08-14 07:57:48,2018-08-14 08:10:23,2018-08-14 13:21:00,2018-08-17 20:36:35,2018-08-29,f5c1b7f883109b5a47a191fdc88abbe1,2018-08-14
016c6bb57a9de6b4e8f938fa6dde61b3,f1d4911942d2bc40d520ae47013a7643,delivered,2017-11-27 09:27:08,2017-11-27 09:38:26,2017-11-28 23:58:36,2017-12-05 21:06:10,2017-12-28,804eb66464db178ab95f5f4ced1f4a9a,2017-11-27
c0603a22603d11f1236324c7e8da1478,3d721df95ee50e67024b60dc2f968ae9,delivered,2017-06-10 21:01:55,2017-06-10 21:10:14,2017-06-20 16:56:03,2017-06-25 12:09:06,2017-07-12,c297e9bcd0395171a527a01ecfe8745d,2017-06-10
4ff8e28200e5a7a50b448cfaaf1f8ed3,174156b68563868e1ed48408117d6df4,delivered,2017-05-06 15:22:18,2017-05-06 19:22:05,2017-05-08 11:45:05,2017-05-09 20:40:02,2017-05-19,ec4b05ce75316354ba9b297f64377ed6,2017-05-06
2bac4f3e8f31c3174e87367649517359,98f40e5cd4e7f5ff5d50b78baa32bece,delivered,2017-09-11 15:59:22,2017-09-11 16:43:58,2017-09-14 13:57:51,2017-09-19 21:42:42,2017-10-02,711401bc8dc5152165b2ccc786c97c0d,2017-09-11
31148380343ee0a6d9c87f7e80e574ec,d3577e370718fc67f3a08197db533c12,delivered,2017-10-22 08:34:08,2017-10-23 08:46:01,2017-11-01 21:51:52,2017-11-17 22:48:29,2017-11-23,1e7765a9405dbff1c71feb88d082805d,2017-10-22
bf0143e772b21f9410ee818a9150d6c4,d7cba2f0fbc165d2ec78666bec4d9075,delivered,2018-02-18 10:27:38,2018-02-18 11:26:58,2018-02-19 22:19:05,2018-02-28 16:23:13,2018-03-15,2d7e9062679c16adc25b8a3a5ec9001e,2018-02-18
74ee0534d7473bc5eb71392e31b7bdd5,5a23e1103363f76ce7595538bbbcd11b,delivered,2018-06-11 21:42:05,2018-06-11 22:00:10,2018-06-19 15:10:00,2018-06-25 17:55:39,2018-07-04,26be675c8620df708ca53a1f4231aa04,2018-06-11
738a72a43a2a56d21dbe8874ffddd1af,89e0983a7d1dae20be198c11c8e0251d,delivered,2017-08-19 11:24:18,2017-08-19 11:45:07,2017-08-21 19:22:17,2017-08-24 22:03:10,2017-09-13,50c217b14e1545343291b3ffe31b61ec,2017-08-19
33ec97b423d769023dbd71f138aca94a,728b0d27ba5108af500fed741b7be449,delivered,2017-10-30 21:53:24,2017-10-30 22:31:44,2017-11-01 16:58:05,2017-11-08 16:14:03,2017-11-16,cc073557e57ba3526798e69697e37db3,2017-10-30
edc89efa4164df7e21f701a9fb88bc98,941dd76598eae1249d47b6036a19b3c6,delivered,2017-11-24 23:27:21,2017-11-25 01:34:26,2017-11-28 17:29:06,2017-12-12 14:38:42,2017-12-15,87b7b12b2c89dcd56e1db0c958068ffe,2017-11-24
c0b51ee494d2b45a141887d2d007c915,f56ff455dcbb84c71aacf57d552a4f3b,delivered,2017-06-18 07:26:55,2017-06-18 07:42:34,2017-06-19 20:04:23,2017-06-27 16:32:08,2017-07-11,1b2876baeca3fd46ddea519bd846ac1e,2017-06-18
50a89bcd531ab8c27211eefcd4ae9871,ac80d6edc954b2359e2f6685653c7d2b,delivered,2017-05-30 08:45:11,2017-05-30 08:55:16,2017-05-30 16:04:57,2017-06-01 13:58:26,2017-06-12,2dec3f40616cf22f71005ff490465156,2017-05-30
9aa4615642ca1c84d5158a8281a919b7,5cd1bd59727e5fcecfc26a1042008134,delivered,2018-02-19 16:39:53,2018-02-19 17:47:34,2018-02-21 17:08:19,2018-03-07 16:55:39,2018-03-20,d7618a73e45f60539d9eeb04c5bde1b2,2018-02-19
04d0a4d84d5dc9cc343ca4d0e4120a4d,8e31bcb3d20439f3d6c67160d9df093b,delivered,2017-05-20 18:34:35,2017-05-20 18:50:14,2017-05-24 09:52:43,2017-05-29 09:58:00,2017-06-13,5a83824981b849806e4d02b7c7a18950,2017-05-20
4f405b650a39270ace3d575d308884d4,97ef4e6c5876d3a99800f0314cb2a717,delivered,2018-01-10 13:24:02,2018-01-10 13:36:24,2018-01-13 00:05:30,2018-01-24 21:29:11,2018-02-05,210027da3c19d3fb87969b633244f1d8,2018-01-10
24c3a42d44d3abc0e029451a1d73342a,4fc4a9bfcab21c64c43f8475ff3a6e4b,delivered,2018-04-25 21:28:24,2018-04-26 04:10:47,2018-04-27 16:00:00,2018-05-02 13:56:36,2018-05-18,017c5a91ab1759799a4d68be8091b8ab,2018-04-25
1bf68d6f3bd856a3f205fdd8767fad08,8b96783ff4d45cc3be95581b5eb0226a,delivered,2017-11-29 23:06:35,2017-11-29 23:31:27,2017-11-30 22:32:02,2018-01-09 18:50:06,2018-01-17,6cea89513e174cc57f0bd81e52f5a224,2017-11-29
3237b9aee8b9f159aab615eac7b4038b,5e3480ed6c9ceb5dddb254cec813d651,delivered,2017-05-13 19:45:48,2017-05-16 03:30:49,2017-05-16 10:52:03,2017-06-02 10:44:48,2017-06-08,5845aa94a961d5fb6d14473334bfa691,2017-05-13
f0d233590ac45e46128b3300aee30db9,faf0dae677e3f41793027d0a8ee9e899,delivered,2017-11-19 18:41:04,2017-11-19 18:51:07,2017-11-20 22:41:18,2017-11-27 18:57:25,2017-12-19,d260fcc5e202706a4fbb2262cd2dd275,2017-11-19
d85e7bfbf3642aa30c49c490a914d140,75af5d2401d824fca5859ae2098a378f,delivered,2018-04-26 11:29:36,2018-04-26 11:52:47,2018-04-27 11:32:00,2018-04-30 21:22:17,2018-05-15,5777781eee24b7df08f8b6519917bfca,2018-04-26
3510562077978706f02985af10562837,cd84c5397d4088ed306e9f4791624ba5,delivered,2018-03-07 14:33:33,2018-03-08 20:09:36,2018-03-12 21:29:26,2018-04-05 23:19:32,2018-04-05,e14979e3490e6277c2278eef6e4ea85d,2018-03-07
a901e1670d92dc616c4f1a33b5c0ad42,877f1030d0bfa36ca291ba656804b3c0,delivered,2017-12-07 09:58:05,2017-12-07 10:12:28,2017-12-13 20:11:10,2017-12-26 22:04:54,2018-01-16,6eb3f05e6e6107a2ae85f1a0720c7a15,2017-12-07
11ac4935b48d92b0e8d9b2176da04d80,4ef8b068568a613d1452d9cffa2686ec,shipped,2018-03-23 21:33:01,2018-03-23 21:47:29,2018-03-27 02:26:28,,2018-04-05,ac2606825161d003acfbe4f43af273b1,2018-03-23
5a77e4bc8ac96edc52bed4bc00eaab7c,739a14488c57aa6fce0cf4d30a0c364d,delivered,2017-03-21 19:35:45,2017-03-26 23:32:34,2017-03-31 11:52:31,2017-04-04 13:36:16,2017-04-17,b1ae3f6fa918f097fbada5ea2c8d917d,2017-03-21
598d30ad864328c4254a68e141f9b67f,9476b5829487ea1909d3b3ce7f604685,delivered,2017-09-21 08:30:55,2017-09-21 08:44:29,2017-09-27 20:53:03,2017-10-20 12:51:33,2017-10-19,efd03e4b1277cbcbb31d31379ad84f58,2017-09-21
3d9b458bd64047cef13d3c849d378dfc,027add44cacfb209b0018c5aefbbcf02,delivered,2018-01-08 16:57:11,2018-01-08 17:06:26,2018-01-12 15:11:04,2018-01-31 20:16:34,2018-02-07,d8b54eedf839e36b673eab3cc82d2598,2018-01-08
e7ab20977cf6ea5cc4a63b3ecf897dd3,0938950f35a397c0373882168b080808,delivered,2018-03-11 10:27:45,2018-03-11 10:48:55,2018-03-12 19:47:29,2018-04-13 15:36:40,2018-03-28,5b7b7009010e8dbf35aa64441cd01b25,2018-03-11
8d9e0e9b9c21b1aca2464bb5d5210831,96b2d23105c01cf8692c3d83914ad90d,delivered,2017-04-17 13:33:37,2017-04-18 19:55:32,2017-04-19 13:44:04,2017-05-09 11:42:57,2017-05-22,06130e682d8ee0cba49124f483ea3de0,2017-04-17
10a419c662c88c75ed796f78bc88d31b,42e4ba168ec81ad850d53a5cfd176cf2,delivered,2018-03-07 10:35:14,2018-03-08 02:15:57,2018-03-08 22:02:27,2018-03-23 02:25:30,2018-03-23,987d5b010e191df912565bf4380c4000,2018-03-07
16be5e70ff2ab4fa7caf1f4350750711,1c4c32e3591a802adaf5bab2f8645097,delivered,2018-02-26 15:56:09,2018-02-26 16:15:41,2018-02-27 20:16:41,2018-03-23 16:46:52,2018-03-21,76db01944e8aac8cf2d2a7ff92b41d1d,2018-02-26
a0e058d95d9625fbb9a4bd69fd6d0996,1d46f6ccc4985ed63a309848cad48bd5,delivered,2017-08-01 17:18:33,2017-08-03 03:10:54,2017-08-03 18:51:42,2017-08-09 23:07:40,2017-08-21,2bc00078081fa117b125f5bd5e145764,2017-08-01
154f1e943923c5957737382dcb0dc6dc,20f28dc53d568446389f15f46a540310,delivered,2018-03-22 22:21:41,2018-03-22 22:35:36,2018-03-23 17:48:26,2018-03-29 15:06:57,2018-04-11,6875364aa6a011cd38ce1353c3be5124,2018-03-22
8290b671acbc8848d4af959f24bdcc22,22a3b8485489afd3e3a24434e5b9ee01,delivered,2018-06-20 17:30:16,2018-06-22 02:58:15,2018-06-22 16:25:00,2018-07-09 12:03:16,2018-08-01,abff52be240676ac60d0b841d69b2067,2018-06-20
115a21a6b20efa52b4f92b81bfe0ef62,267894d0c4c7fa22ff3b7eefca26a46b,delivered,2017-11-25 21:44:49,2017-11-25 22:31:38,2017-11-29 13:09:56,2017-12-13 19:47:21,2017-12-18,115f7fd250191a21336b54489f868552,2017-11-25
a9539f1fbe0e0a9eed2c492f6ac40852,2921205fc9fe78f1556eac1ebc0fcef3,delivered,2018-01-12 21:48:47,2018-01-12 21:54:22,2018-01-16 00:04:15,2018-01-19 10:35:00,2018-02-01,ad487bf153e34949be96341c6698cd66,2018-01-12
b14efd202148432e14a98e3a78e4e7de,015aa1d1ff5524c58b9f0d06f60375a8,delivered,2017-06-06 11:23:59,2017-06-06 11:35:10,2017-06-07 21:02:55,2017-06-14 17:42:20,2017-06-27,7e7382610d6c06ffe9f8fc3ff566a21c,2017-06-06
60498cfabd11f25114990225793f3ea0,5faa2a48a9d5b17b0d8ab1efbaa39a42,delivered,2017-09-03 13:48:29,2017-09-03 14:04:22,2017-09-04 22:12:31,2017-09-08 17:37:55,2017-09-26,afc417d351d34124060b2873ec4a7fa7,2017-09-03
9e8b358ee10c7f0194a7a017f1334dfa,2edb1f5440fd7a15efecea507255273b,delivered,2018-07-23 15:52:49,2018-07-23 16:45:59,2018-07-25 13:43:00,2018-07-27 22:14:32,2018-08-09,b0bcc8f488763575cc5801710e7b7586,2018-07-23
a23c7a7d06f1f8e9f6e45f934c7e106b,799967dc41acc279321517694105ea40,delivered,2017-05-22 14:20:45,2017-05-24 03:05:24,2017-05-25 08:29:25,2017-05-29 08:04:44,2017-06-09,0209a0a5c96cc50dd1bbe71e3730af2a,2017-05-22
1a6b1c532300b42629e52ada22f26ccf,5b29fabaacf58cadba768cb44dc28089,delivered,2018-03-25 16:05:53,2018-03-25 16:15:32,2018-03-26 18:47:42,2018-04-03 16:37:42,2018-04-19,14477dd0d95124aaf3b0cbd2d31b5dc6,2018-03-25
b73f0bb5877d41494ae4529efaf5474f,fa0ceb1ca8cf0c151487efbdd2ee774c,delivered,2017-11-14 11:29:17,2017-11-14 11:47:38,2017-11-17 14:02:28,2017-12-04 18:42:50,2017-11-29,1deeabcccc1a694b5e4e2eaf7d7d28a8,2017-11-14
4535637569cc3bf476edc02f8f9f1f8a,cee01ed444a976d0dddbd2c580704ba2,delivered,2017-12-19 06:44:58,2017-12-19 07:49:47,2017-12-19 19:33:50,2017-12-22 18:28:53,2018-01-08,1aef13286f96a7778da0aacc288fb773,2017-12-19
d72a8a7f89ec91dd2f7d1436be8645a6,080ea580ebf890d1b95afdb8d7a5297e,delivered,2017-09-12 10:45:57,2017-09-12 11:05:15,2017-09-14 21:48:57,2017-09-20 19:15:17,2017-09-28,36ab56c6d620321e2acaeabd24cb76db,2017-09-12
6a3c85b24c7f08b934356ece860e4439,8bbdaabf7966228de0c72193b2cde7d9,delivered,2018-01-22 13:53:31,2018-01-23 18:56:21,2018-01-24 17:18:10,2018-02-14 22:36:24,2018-02-16,cd5a39a03489db425bf3715d0290176e,2018-01-22
1a925e694e87b358e9c3732e97146d9b,f664edc095e667896e8d27a238af0bb5,delivered,2018-03-26 10:14:31,2018-03-26 10:31:15,2018-03-26 22:34:28,2018-05-04 01:51:23,2018-04-20,0be7af6c16fbca7eff244788f89146a3,2018-03-26
beea13c1c08f647c1ec5b6f204002516,a46d952f745f149d417e3f21fe73a1b4,delivered,2018-06-25 19:28:02,2018-06-25 19:53:58,2018-06-26 11:14:00,2018-07-03 21:48:18,2018-07-23,29afeaf27252360a55f4b9b2145f0e91,2018-06-25
121752685a1a4cf853bb87fb3b98f3af,b1d9e0fe53450b1be6afe138fce9dede,delivered,2017-04-14 14:16:59,2017-04-14 14:30:08,2017-04-19 16:55:03,2017-04-27 11:46:31,2017-05-11,59b265b9cfda8d25bbc84f722b90b139,2017-04-14
009e11afa25aa95ae78e60a793995c9b,1b7c152aba1c7478309329cfec0bb5d1,delivered,2017-10-19 23:56:16,2017-10-20 00:15:00,2017-10-20 16:39:05,2017-10-31 23:22:56,2017-12-08,b3c1bc5b24affd7cfb96752860b44640,2017-10-19
967cde7a2c0b8ea6e85560f633d3e704,14d33cc0fa27e2987dc450d5352e898b,delivered,2017-08-16 10:53:28,2017-08-16 11:05:15,2017-08-16 20:02:26,2017-08-18 16:43:26,2017-08-30,2489a74df91cb332f3a9563e7bcbc45b,2017-08-16
aee1ebae09f6d91ca6a459bf47b14072,07cc6026f1fba9869ce6efc681fd190d,delivered,2018-04-10 07:39:30,2018-04-11 09:11:51,2018-04-12 02:42:36,2018-04-17 16:58:28,2018-05-04,12bc33b0d41518a36034c53c10e37129,2018-04-10
9dd30e0b12ab98208e3545d20d88e468,17ea3439e1b8cf03542a99b176b65330,delivered,2018-02-08 21:34:04,2018-02-08 21:47:57,2018-02-10 14:38:40,2018-02-20 01:35:06,2018-03-02,a3401792af7b165c0dbf8fbb3f351bb8,2018-02-08
29c414cde56330f1621dfec4880ae552,7ef1e3b2623582caa5eeb84a79fb21a0,delivered,2017-11-22 18:33:30,2017-11-22 18:46:24,2017-11-23 15:51:37,2017-12-09 12:58:51,2017-12-12,080a0367a5a773e61f1639a89f07b712,2017-11-22
4074c8247a20a28ee6bedaa09cd94d76,67e6f3a450dcc747043e42c94085f1d6,delivered,2018-02-28 21:14:19,2018-03-02 02:10:50,2018-03-02 15:33:38,2018-04-05 22:46:40,2018-04-03,a506341e9e65c66d394801e0db0c9df5,2018-02-28
7d941bda521698c6df74824010ddcb36,6d366ad79f5f14df9f838727285a6fde,delivered,2018-08-02 18:11:50,2018-08-02 18:25:35,2018-08-03 20:01:00,2018-08-04 16:54:47,2018-08-08,12c175df95d08f20daa163c5173167e9,2018-08-02
75c3bf5894efc8b022a84404ccd9f603,c8ac1861a313326c4a90b192ab27b8c1,delivered,2017-06-02 10:25:23,2017-06-06 13:10:39,2017-06-06 14:54:27,2017-06-07 11:57:21,2017-06-16,d2f38262a9f66d15aa9fc2b60ea873d9,2017-06-02
67d2ebed93c8cc0effe172a97762e0a7,d070b9f0b542ea7ae9e438e3c8a3fe99,delivered,2017-08-19 20:21:19,2017-08-20 07:04:42,2017-08-22 11:13:14,2017-08-23 14:42:37,2017-09-06,a7431325f4f331611b84b986eefea012,2017-08-19
004eab0fd8f28adaf8d488976f77febe,c476ddfbabfa4624603e0b7f8e245057,delivered,2017-08-02 15:32:46,2017-08-02 15:45:17,2017-08-02 20:32:44,2017-08-03 18:17:47,2017-08-15,5b861df2503dbc8ca307dfb7e18b300b,2017-08-02
2eb11181a958eb5193fd521fd5110b5c,be00488d26c4fe225097e1756a6a663e,delivered,2017-07-06 14:03:28,2017-07-06 14:15:14,2017-07-06 15:13:52,2017-07-12 21:24:25,2017-07-26,4c3df9d024f343ebc2fdc432ac0f7386,2017-07-06
386fb64833979f990b7d61cfa9619572,b4c66ce8761acbc57160f0226e108861,delivered,2017-11-27 01:46:56,2017-11-27 01:55:49,2017-11-28 00:41:33,2017-12-06 18:09:53,2017-12-15,d6ec09fb63945811040991774f053b83,2017-11-27
4f4aab3539f49d375bf09c03c7f9fac1,b3804c2e5b95f6634ff9a52c4b0b80bd,delivered,2017-07-01 15:20:57,2017-07-01 15:35:17,2017-07-04 16:43:42,2017-07-12 10:53:45,2017-07-31,87e8d95ce4525028ba4c91e86cb2a421,2017-07-01
9fa4a5fa8da4a7ef50067bbbffdcf7a2,8f5669832169fa27323c99f919d7f4a2,delivered,2017-12-11 21:50:51,2017-12-11 23:17:54,2017-12-12 20:19:10,2018-01-04 23:24:39,2018-01-08,7188cc3b360062622e43e67f4baf8132,2017-12-11
36dfa993df3e7d1f4907c93a45d880c0,c009b3f516a60de6aef081503ed5c7a1,delivered,2017-08-17 20:42:58,2017-08-17 21:30:12,2017-08-23 20:51:28,2017-08-25 19:34:18,2017-09-14,d8b406d490ede7bca2403b6f083bfabf,2017-08-17
f6020d7ed890e28795ef0bca882cfdf1,1dd34a15a56b97022279d740f5a94e58,delivered,2017-02-28 10:15:13,2017-02-28 10:30:16,2017-03-01 14:05:28,2017-03-15 09:32:19,2017-04-03,103f55ed7f4926c31a68ad8fab284071,2017-02-28
036322082c079184f5bc9e0b338e1f1d,20200721e6df99558d4ab4bd85979be3,delivered,2018-04-12 21:44:53,2018-04-12 22:10:57,2018-04-13 17:12:57,2018-04-20 17:03:41,2018-05-10,8e094d0d1307bb19fe14f772b723cbd7,2018-04-12
2743f5c8d8d1bcee7337f51c781ee474,829109440c61bbde0e106f23fdf002f0,delivered,2018-08-07 12:08:53,2018-08-07 12:24:50,2018-08-11 08:48:00,2018-08-13 15:28:44,2018-08-13,206d34806d7b78f5ec90993d79cf57bf,2018-08-07
7d593cfb475e1e80058d84bbba5aef55,4044c34776305b044569d12d0211b0d4,delivered,2017-11-26 09:28:58,2017-11-26 09:54:21,2017-11-30 19:37:07,2017-12-28 22:28:40,2017-12-20,6dc529493883e512e05071bbb36c898f,2017-11-26
091e624f9b7253204dee183a89950a4a,57f667c4bf3f497494e09c259668960e,delivered,2018-01-03 17:34:05,2018-01-03 17:46:54,2018-01-04 20:49:04,2018-01-09 20:17:40,2018-01-26,6081b3edd5c34496e8826160190d42c2,2018-01-03
7144ca093cbdecfdfc3e76d49da6ffb9,712d8c838062bc45d0567f4ea808866c,delivered,2018-05-18 00:35:08,2018-05-18 04:14:33,2018-05-18 12:16:00,2018-05-22 21:05:48,2018-06-13,ae4395be33e633d0c87010d59847e5ed,2018-05-18
64958ed60e12bac04474ff739271a3b3,bf239a3d9e5fab72059537d02b201d37,delivered,2018-07-30 19:01:11,2018-07-30 20:20:16,2018-07-31 12:08:00,2018-08-01 20:14:32,2018-08-06,b1509fcb21da7376ef86182f65298ded,2018-07-30
0029f17cf0e7640c5cb6825af681303f,687223424c00a708c168301ebb8d16ef,delivered,2018-05-02 11:59:06,2018-05-02 12:14:52,2018-05-03 12:12:00,2018-05-10 23:42:18,2018-05-22,83e1722d7fa45e1393a1226cd68c46b1,2018-05-02
dd42be32e12fb6ede27f5debb852e94a,6b0d003dfb0131daeecea514f9d4f3ce,delivered,2018-07-15 15:48:28,2018-07-15 16:04:00,2018-07-24 16:07:00,2018-07-25 19:41:52,2018-08-01,83ef1f252706449abbfaaaac01e61028,2018-07-15
0b06c30e567314a9dd1c74fab08ad81f,bea2a34b3a4d3ce446b7108e1e8b0bc0,delivered,2018-06-14 21:33:38,2018-06-14 21:58:00,2018-06-15 14:12:00,2018-06-21 19:41:55,2018-07-19,4ea54ed88fe3f53b7a4a491530a977d9,2018-06-14
357577189f4230e0d5fcda6ba4b8dec8,dfaf3ac9723fe17c44a1de7d797ff2e3,delivered,2018-07-13 16:04:37,2018-07-13 16:31:24,2018-07-16 12:29:00,2018-07-23 19:31:49,2018-08-06,85cb1ddf568692dc286f15062c1a33a3,2018-07-13
f3e4a09f99041d910314f9d99b3fc80a,a021c3b18f730e1cb157976d999cba75,delivered,2018-08-02 20:14:29,2018-08-04 04:05:27,2018-08-06 14:42:00,2018-08-07 20:35:52,2018-08-09,e61223d8541c97dcd02bdc3c609db1d6,2018-08-02
6a414822703d8a6aacb01ee832683011,0f93791a30659ec73dce7d53b64fc8bb,delivered,2018-01-30 10:47:31,2018-01-30 11:40:21,2018-01-31 21:12:05,2018-02-15 19:28:47,2018-02-23,0872b1dbbd96c6396d3e34cffa37c851,2018-01-30
41d988f5ce84da983c265612abf2400a,f323f13bb7e95ad8c76e854936a12686,delivered,2017-10-04 15:38:08,2017-10-04 15:49:24,2017-10-05 20:08:47,2017-10-17 22:38:04,2017-11-06,6b10488724fdd3b732b505d771b2da78,2017-10-04
57eec7aab1c162dfb0f60eac30907575,28da6d6b120a1ac64b7e1ed3a287c336,delivered,2018-02-21 17:37:19,2018-02-21 18:30:56,2018-02-23 17:49:23,2018-03-08 20:27:22,2018-03-16,8db4ef610cfc6beff12d2ab8942d6e1f,2018-02-21
0e974c8481f298f818310ac0e3dfd8d1,911446094ce29f50d97fc8f339650809,delivered,2017-12-10 22:21:54,2017-12-12 03:49:45,2017-12-13 11:46:51,2017-12-14 18:04:17,2017-12-28,ae0495df4ced943603ab19ad1e579f0a,2017-12-10
5884e0cadffe0a4162c2bc9456de17f3,b741533955f92986d2f7cd6a241a889a,delivered,2018-02-04 21:42:07,2018-02-06 05:31:43,2018-02-07 00:52:05,2018-02-07 15:16:43,2018-02-21,41b052c13c403f02d91767f64051a2e5,2018-02-04
2dde78819e886082885ebfd1c71d9c5a,c386ff8172f841547eabfa60b2f4aea5,delivered,2017-12-07 21:22:02,2017-12-07 21:32:18,2017-12-08 22:18:26,2017-12-18 19:13:06,2018-01-16,cf30da57bf8666fdef741b935e8ebfa6,2017-12-07
1250f8fc1f64f9c63ea3cd35c0a36a85,4129a074aa14aa3d7a5fea1f15ab73bb,delivered,2018-01-15 09:36:22,2018-01-15 09:50:03,2018-01-17 22:42:35,2018-02-10 00:58:41,2018-02-26,2f24c984d5686c5a6bf36e857f13cce0,2018-01-15
a8dcdaca6b71b71297497af76297b1d0,151ec907c9216e4686bdf942be11073b,delivered,2017-10-10 16:43:48,2017-10-10 16:56:27,2017-10-23 15:04:09,2017-11-21 12:58:40,2017-11-03,7e6aabeda3743baf029985e6d4e8cb83,2017-10-10
9d021928d872dccba86ce3e5358c29c1,70b4f517e70958ae78a7845ea5248d9d,delivered,2018-03-18 11:45:44,2018-03-18 11:55:37,2018-03-19 22:50:37,2018-03-28 17:48:42,2018-04-13,cd0e1d42225b7f4cf78a382e4f57e704,2018-03-18
52550cee1dda83b2c06260891897dc60,93c015faf4f5b94d536b82655d7de06e,delivered,2018-08-06 12:35:39,2018-08-06 12:45:20,2018-08-28 12:58:00,2018-09-03 16:59:03,2018-08-29,29d404644ba0bd6a54aa84f0807f8f40,2018-08-06
77f0ae10c13cc7c78a5393b27d121044,9886b94f586c099a78095b85cbe86038,delivered,2017-10-05 18:43:21,2017-10-05 18:56:14,2017-10-06 19:57:01,2017-10-10 20:28:35,2017-11-06,7913821f73bc849c1c24a8aba1dff4c6,2017-10-05
4dea4753bef29a866f8cc4a9c7ccbf40,2fd3615b81c01c8b491c674f2c7020ce,delivered,2018-08-07 19:12:18,2018-08-07 19:24:59,2018-08-08 15:40:00,2018-08-13 17:56:54,2018-08-22,f4179cc1cdfb0f99ff8c51e829deccdb,2018-08-07
b15c7e972c74684414fb2e659fce916a,7d03bf20fa96e80468bbf678eebbcb3f,delivered,2017-05-10 15:05:47,2017-05-11 04:10:25,2017-05-11 13:36:23,2017-05-17 09:05:00,2017-05-30,931eabdf0636b8fd60369a8d759917d6,2017-05-10
edafb5849135e41d30dcb51fbaa78014,eccfa44833366691af19431333bdbfaa,invoiced,2018-02-27 11:04:33,2018-02-27 11:15:35,,,2018-03-20,530bfffc4fc0e78019043d3158f5b990,2018-02-27
1f4fa11d9dacb1139e8e79ea0cefef86,4a422428ff8372bc3413942eade34b96,delivered,2018-05-18 18:17:35,2018-05-19 18:18:59,2018-05-21 12:15:00,2018-06-09 00:38:42,2018-06-14,2c8e68cad3121e0794c0c0e125a036dd,2018-05-18
36b8c4e12c328ee0e0f34e9ef635852a,4dfa2a81b5f5b9adf8e59557d6aa77c4,delivered,2018-02-23 13:36:08,2018-02-27 04:31:13,2018-02-28 23:28:47,2018-03-05 15:33:11,2018-03-15,a69ea6faefd414d5546892c6203fa0d6,2018-02-23
2c7030a7601b763ef0395501c6063ab3,9a1678c8e3deb80042e5562534fe7060,delivered,2018-07-30 12:26:44,2018-07-30 18:31:00,2018-07-31 15:07:00,2018-08-03 15:05:53,2018-08-09,703826613a480456a32d33a68cd8f1b2,2018-07-30
0d831c5aa932379c1cf5b0b1b40b214b,c49bec5f74f0413130abdaed8e7621d0,delivered,2017-10-13 10:36:54,2017-10-13 10:49:47,2017-10-24 18:58:49,2017-11-01 15:34:37,2017-11-09,67d6f91d256bdf128fc960a166f413d5,2017-10-13
708e9dad5dc7867bc3c61cee01f1f311,37cbc41882dbe4751d21fdf7c13446a4,delivered,2018-08-21 16:35:30,2018-08-21 16:50:38,2018-08-22 14:55:00,2018-08-23 18:34:46,2018-08-28,8efe47cd0f34c081d09998929aed8e35,2018-08-21
4e9090d70e1791a51c8068f0365965cd,f43a0de8b76e7c7f656014f8b48dd11c,delivered,2018-02-01 23:04:07,2018-02-01 23:15:25,2018-02-05 19:38:59,2018-02-08 13:55:12,2018-02-23,1dbd614053111575f2e236e073efe224,2018-02-01
fad1f2027ab155751ea0746b70f81921,a22d55a6ebd23e2239a3bc5de97c7036,delivered,2018-08-04 18:43:08,2018-08-04 18:55:19,2018-08-08 06:26:00,2018-08-13 19:41:33,2018-08-16,6ae4955db9c67243996f71e3572d7678,2018-08-04
64752052885225751d162ea92222d953,58d224b8fe4396a04e4fa66f7a982941,delivered,2018-06-08 11:17:18,2018-06-09 11:15:19,2018-06-14 14:50:00,2018-06-22 16:12:29,2018-07-12,94ce6e59ebca509a8c4cc9d8db48eddd,2018-06-08
5bb65b26f2c6eb5d049658b9aa4b72d3,5ec665633ee56fe461ced28458080399,delivered,2017-03-07 19:19:19,2017-03-08 03:05:17,2017-03-09 12:27:52,2017-03-21 10:41:53,2017-04-03,3ba58ab03c8cb227aec453c2f59cb8ef,2017-03-07
b747a0c744a7eebf585965a27879a49f,e4d1366afd00882f55b08566ebab9792,delivered,2018-05-03 23:39:49,2018-05-03 23:55:09,2018-05-04 14:04:00,2018-05-15 23:42:19,2018-06-05,685b0e72244c3856a3b00c5b17085eed,2018-05-03
ce08f40b106df255b226e0cf2df6a11f,c9a2314ef1673617584d52322a94565e,delivered,2017-11-20 11:46:00,2017-11-20 12:07:34,2017-11-22 18:26:55,2017-11-24 23:57:43,2017-12-01,4e7e89793391a649404570e8186bd839,2017-11-20
34ea00820ec035b5002e8c3b026a3db8,c9e5a8890bb428bf00f7c30e501d8387,delivered,2017-10-27 07:49:17,2017-10-27 08:10:06,2017-10-31 18:52:16,2017-11-08 20:58:45,2017-11-28,168cc7d825185b7c2cc2b0adb898c974,2017-10-27
bcd05b48176dab8d00672b325de126de,b6d34ee4551cabdcd60be5390af46822,delivered,2018-02-03 15:09:12,2018-02-03 15:30:17,2018-02-06 19:11:31,2018-02-19 14:48:50,2018-03-08,4912d12a1f3d3446774fd4a58ec90ea9,2018-02-03
363c3c7c87e46fc1262fbd46cf22daad,c0072e03c956b815b7ec125329939574,delivered,2018-08-02 14:50:44,2018-08-02 15:04:33,2018-08-10 11:31:00,2018-08-16 13:56:29,2018-08-20,85ac153c07851a940770823715ef7604,2018-08-02
9353617a6ed6c70e06f34d0adfe8e4b2,df009a16622ec931a13b2020e6e5a965,delivered,2018-05-17 14:20:39,2018-05-18 00:55:21,2018-05-21 11:04:00,2018-05-22 19:16:43,2018-06-05,4cddec29b7fc075db79ec65786387944,2018-05-17
6513d58f817f52bde8e49d1186c1f1f9,27d1dd1d45d890c2f1dde06e43ab06a3,delivered,2018-06-23 20:08:10,2018-06-23 20:36:07,2018-06-25 07:00:00,2018-07-06 13:13:04,2018-07-18,2c2f2d80001f2f3c4daae5f1a378f56c,2018-06-23
c8ad107bb7f36a8bbfd791d3650ca446,969b6256a32b5b38af652e5a35381a1b,delivered,2018-06-24 22:03:56,2018-06-25 22:16:54,2018-06-28 15:21:00,2018-07-03 15:58:43,2018-07-16,0231f0795b8e38aeb40a26115e75722c,2018-06-24
a14cb0a59ebadf133edc5ccb9ccfc0e7,f5798cfca279c6631c01420e1dffe011,delivered,2018-06-26 15:38:05,2018-06-26 15:56:48,2018-06-26 15:18:00,2018-06-28 21:38:33,2018-07-12,ef52bef059c1a937c54ea492baff2533,2018-06-26
9656b5e1d47c547c84ed07f9da0fafdc,687a3b9cce610e5f1594d904e44394d1,delivered,2017-10-05 16:19:02,2017-10-05 16:35:50,2017-10-09 22:12:36,2017-10-18 19:13:43,2017-10-31,dd83c210f2179d6c893b5c0bf9da0268,2017-10-05
cdcc002fa2228704c9da0dcbebd8d56b,42510cf6f88a1b5a38b09f09867c1f8d,delivered,2017-11-22 20:34:11,2017-11-22 20:46:20,2017-11-23 19:51:51,2017-12-11 17:00:00,2017-12-12,5d0a9c06d5c91117e621b874d8f60470,2017-11-22
5a071192a28951b76774e5a760c8c9b7,0d1e03686af173cf4faca7f25bcd822c,delivered,2018-02-01 23:18:06,2018-02-01 23:33:40,2018-02-02 19:27:53,2018-02-16 23:27:11,2018-03-02,b0d5323be87eb6d77bae24bcb37e9ce8,2018-02-01
bb0f9a40fce8ef9d9cc28a750e4eaa67,bf78cabdf0f3966868c551fb6d1b1127,delivered,2018-03-20 11:54:34,2018-03-20 12:15:38,2018-03-23 22:36:43,2018-03-26 23:48:39,2018-04-02,6350dd53f7e901d3c7f649a67bcd3fbb,2018-03-20
ef814f60d8d32909ecb19879c24c1f53,980847fe0ca85c2ea11845f1b1635a15,delivered,2018-06-23 17:45:15,2018-06-23 17:55:54,2018-06-27 15:31:00,2018-06-30 11:48:53,2018-07-23,3d8d8f40a0e374a9ce0f2a7d1252c316,2018-06-23
4896842ba3beb75beaf555d335e3aa5a,242852cc6560a73920f58dcba47f63a6,delivered,2017-08-28 22:54:57,2017-08-30 02:15:56,2017-08-30 19:36:30,2017-09-09 17:02:46,2017-10-04,077044b4e07695d1fb5e97e9e99eac82,2017-08-28
c770a2c821be1649e3bff529f0e97b7d,4fb0059557dcb01f28a1551fa175ba92,delivered,2017-07-27 08:45:38,2017-07-27 09:35:11,2017-07-28 15:16:59,2017-08-01 16:57:24,2017-08-22,6b9a8da4e47e76ae7184435be338377d,2017-07-27
5ed9945dd12f94f9b11d0bf198bf68e1,95a30d9bc844762418c8d8ecbdbebfe6,delivered,2017-10-24 22:35:35,2017-10-26 03:08:53,2017-10-31 18:22:50,2017-11-04 03:41:42,2017-11-08,5427480639069d42b2c9ac2c55bc3a77,2017-10-24
4c393aa9849047431a6c20ff36adbfb7,84603bd89cf069b7b3c08401409858e7,delivered,2018-08-06 00:59:11,2018-08-06 01:10:12,2018-08-06 19:36:00,2018-08-14 22:46:56,2018-08-21,9ffb4406e0df3460c78afa4080f59738,2018-08-06
66eee0f0bae09aa30b023e20bc83ee80,22c60276d51cf85ff2c70610087ee91b,delivered,2017-10-30 23:10:31,2017-10-30 23:31:09,2017-11-01 21:53:46,2017-11-10 17:52:15,2017-11-14,e58f0403dc02936d911f974a17c5610a,2017-10-30
9c893d6ab03661d6f07382306b4de688,258853ae0cc52bb282d4f52397e22040,delivered,2018-08-06 16:30:01,2018-08-07 08:35:19,2018-08-07 12:04:00,2018-08-11 13:46:28,2018-08-17,dd20866f2a6d0f83a61cf8887a09528d,2018-08-06
005f25968fc854ea16fb16f5bdbc87c7,837cf66598995d5f51efd00d99ced139,delivered,2018-03-04 14:40:35,2018-03-04 15:20:26,2018-03-08 17:27:24,2018-03-20 18:13:37,2018-03-23,d28e54a9487cb4d360a09e7a96681e20,2018-03-04
fa4fc1143935747eb90d660a6fd01e72,7c6f41aab0d1dac58346151d5d7fe17a,delivered,2017-08-22 14:15:25,2017-08-24 03:06:30,2017-08-24 17:43:30,2017-08-25 16:44:25,2017-09-04,045d728ade88ec80f546742429789ff1,2017-08-22
6fb6e809fba02aa50058be7a0e3ad532,9ebe376b5d3f517c3d18461079c1cc4f,delivered,2018-03-07 16:14:54,2018-03-07 16:30:44,2018-03-08 17:51:44,2018-03-21 20:26:33,2018-03-28,9b54d8ce4527bcd6d586d20cbac8c270,2018-03-07
9dcb0d9383ad58ac986c6c8fe850be7b,8b3a35cf9a44a81b1856b082b3b7b40d,delivered,2017-10-16 22:05:29,2017-10-17 03:45:48,2017-10-24 16:56:29,2017-10-27 21:35:00,2017-11-17,7f67691cffedf24a885c5897985cd2de,2017-10-16
0724cc371750e7fdfe769d2a8bdd5b92,650a73a3bd9b9aa96aa43406dd84fdab,delivered,2018-01-19 15:14:29,2018-01-19 15:36:57,2018-01-22 15:17:59,2018-02-03 13:18:40,2018-02-20,da213261705e114a5d85e48535abf562,2018-01-19
0b8b249ad3dde632e5f162167e0b9f07,0f487d3ee79935c828e5317b47c4c9a4,delivered,2017-07-31 18:34:50,2017-07-31 18:50:15,2017-08-02 18:49:56,2017-08-10 23:10:18,2017-08-24,8cb9eb3a92e7bc1e9342a365a72a6fce,2017-07-31
1233c2a7be696e62a9196419365b5be8,beb0b22200844ff94eb65a9438f1a32e,delivered,2017-11-12 00:43:04,2017-11-12 00:55:51,2017-11-14 16:48:37,2017-11-24 19:29:27,2017-12-04,e6d48052b4b13c4ea8b0b4ce98e49b70,2017-11-12
89d027af13df8cb1af1f0da1216481fe,c1858678c3bdfe0f9be8b47d28f3373d,delivered,2018-04-05 11:21:32,2018-04-05 11:35:22,2018-04-11 17:34:35,2018-04-12 10:02:53,2018-04-17,4e97555d3017f2b6c4f43762a0d35194,2018-04-05
019636907d07b2433be000d9d6bed153,2653ffa2adf76d9827e1458918c125ef,delivered,2017-11-16 15:55:19,2017-11-16 16:08:57,2017-11-17 21:41:50,2017-11-23 23:38:51,2017-12-05,b120185218db2a74f354de194405aa77,2017-11-16
0766586a37a3ceaf9623fdedcb51240f,f911f42e1407bd2426dabcf3bad28a14,delivered,2018-04-26 00:39:22,2018-04-26 00:50:59,2018-04-26 11:36:00,2018-05-07 22:03:42,2018-05-18,e3387b72b2b9ca728235879e31e3eb94,2018-04-26
bedbd4ec33763c46cc1043d118e96c27,d879bf41d591e8db2010ac61bf651ac1,delivered,2018-02-09 11:38:23,2018-02-10 02:36:04,2018-02-15 15:15:47,2018-02-16 14:42:04,2018-02-23,90ffc228d37c499dc249b9e04fc9c8d6,2018-02-09
e29fb26d6a4f5223efae23c2b0bdc72b,3a5e81ccdd6a11b04200f1d660c6d15c,delivered,2017-04-18 15:27:38,2017-04-18 15:45:28,2017-04-19 15:05:45,2017-04-25 11:35:41,2017-05-12,922cb381b9cf6840967314628799b1a1,2017-04-18
a4e716425319a6fefa5bf8c58eeccfcd,e665ff378c7fbc9320f3a9507cd7bfd7,delivered,2017-05-30 09:27:49,2017-05-30 09:43:04,2017-05-31 14:50:01,2017-06-06 09:36:55,2017-06-22,093d2dbaa3ef0b3cd2ab570259244104,2017-05-30
a5b03179a6007c62d80e4be38d97d5df,44b0edb932c4fcf2954fca58eff4e2c6,delivered,2017-10-11 22:25:23,2017-10-11 22:35:14,2017-10-13 22:27:38,2017-10-17 17:17:07,2017-10-24,fc8f9194d98ff345ba79c35a34330b6b,2017-10-11
125f791fad1cb7d8545189f70f1be885,f0148bfce62fb7dc6af3415449aeb2b2,delivered,2018-04-24 15:30:24,2018-04-24 18:57:13,2018-04-25 13:39:00,2018-05-17 16:08:52,2018-05-18,1019a3cbbe007947ff736c7f257644e1,2018-04-24
8256c3697a7819795261df09b0554ae5,4c886773ea5e454373c74336b6b99086,delivered,2018-02-09 23:15:38,2018-02-11 00:07:44,2018-02-14 23:13:12,2018-02-22 17:16:47,2018-03-07,fdd6853a1946f2790de4c3c9b492e2eb,2018-02-09
055a2893cb600bebc05a16d06e3de36f,424593758067a693edc0b912ae09add5,delivered,2017-07-28 09:14:22,2017-07-28 09:25:09,2017-07-28 14:57:43,2017-08-08 19:03:27,2017-08-21,fa57fc078415d5327bb4dbb5e5d10d2a,2017-07-28
55dac85c562ddd9e05ddeaffa7631a0b,2802f5d6829832960892bfd04d065e68,delivered,2018-04-18 12:01:13,2018-04-18 12:15:12,2018-04-18 23:56:14,2018-05-15 21:34:42,2018-05-11,bed77ec8bcd07e93809f219a65f533b3,2018-04-18
5ab5ab13fd02495f204ffe2724aecf49,07402722a2b316e79dbd20301ba2b345,delivered,2017-07-21 15:26:07,2017-07-21 16:10:18,2017-07-25 19:17:31,2017-07-28 10:56:42,2017-08-14,5da04694ff3210374cfd712b61400ec3,2017-07-21
fd83958bf029de1ca6903c3d8d9a9227,8ed7c74527fb99661525847f8f6fd96e,delivered,2017-09-05 14:50:58,2017-09-07 03:03:44,2017-09-12 21:17:57,2017-09-27 19:53:41,2017-10-03,bd4e5cb9dfd98b9a6890b4b32b0f09e8,2017-09-05
fb38c57228176747d35f4ee92e751b94,d659a8c040d4fb6237d81ea5f3025aa4,delivered,2017-12-12 15:41:49,2017-12-14 02:16:36,2017-12-14 17:25:07,2017-12-21 21:26:49,2017-12-29,e83ea391b1e8a4947ffb77cb1f209ee3,2017-12-12
a8998c981964bf8bac216e296e00b309,8234b853cf9ba4cee25fea1fe9ab0f50,delivered,2018-06-12 21:07:58,2018-06-13 03:55:13,2018-06-14 14:38:00,2018-06-18 20:52:54,2018-07-04,8ad1d2ae8100995068fbc122a2232c8f,2018-06-12
7ebedb137cfa670cf57c380d94f8a499,68d54b0a5ecb0789396ffcb08b65da68,delivered,2017-12-15 16:08:36,2017-12-15 17:01:08,2017-12-22 22:22:17,2018-01-06 00:46:52,2018-01-15,ab1df741b9b7d28cbf8d4226751e51ce,2017-12-15
cfb5c71374e62ce7dfd7688c5adcd0a9,8e1207f98d75cb9596e584860409c1d8,delivered,2018-01-05 15:19:59,2018-01-05 16:12:29,2018-01-06 11:33:10,2018-01-18 00:23:40,2018-02-08,23d7011ee3b2d9f4a392b72077522fcf,2018-01-05
99aa87bbe1515eb7af7c662a11e95436,79545b43c39d43c0535fdf3c2a982e55,delivered,2017-11-13 14:58:08,2017-11-14 04:26:53,2017-11-24 16:48:56,2017-12-12 00:08:58,2017-12-12,7dad8fac5907c97cce8b740ce67f178b,2017-11-13
474a5a5d176b5d84afe62cdfa7d69dd9,aa75863809ddc7b14204b1040b6f79e8,delivered,2017-05-22 16:17:30,2017-05-24 07:42:38,2017-05-25 10:13:42,2017-06-05 15:37:29,2017-06-20,f82245574a832709076d232ad99d6539,2017-05-22
422c7b02842de5256c6ae63a6898a64f,91bfd6acaab7d4ee573d273bcdf0e21c,delivered,2017-09-11 19:47:47,2017-09-11 20:04:14,2017-09-14 18:33:32,2017-09-18 18:29:43,2017-09-28,21872631fddeec578c4899e357056dfd,2017-09-11
16b4ac6ceeaa0dd48fcff2baebee690f,5b343191baac7b4011469793473a16dd,delivered,2017-06-24 19:51:29,2017-06-24 20:04:26,2017-06-26 08:17:47,2017-06-29 17:09:26,2017-07-17,d0bce985b18b50e0b17fb3a51ae74752,2017-06-24
a8d0bb7e040a27e689f81ab278d3cb89,01f2ee4cddbacc178ecf73bded88abab,delivered,2017-05-13 13:15:02,2017-05-16 03:25:37,2017-05-22 09:57:35,2017-06-07 12:35:00,2017-06-16,ecf2beb50aa1735749335ce3a3bd6806,2017-05-13
458d8f9336efffc85b1efa5dd18aa86f,9b581e0364d30b233f7653122203e387,delivered,2017-11-30 14:37:08,2017-11-30 14:56:46,2017-12-01 22:35:10,2017-12-20 01:17:00,2017-12-28,29c8fe182fa5d31ddaf0d32285d2a0a3,2017-11-30
001b76dd48a5b1eee3e87778daa40df8,a62843b08086d1629415a203a7fd419d,delivered,2018-03-26 17:42:53,2018-03-26 17:50:17,2018-03-29 23:32:44,2018-04-06 18:36:23,2018-04-27,b32ff8caad5902c55fa167e7dc77cc69,2018-03-26
fbb4e83be54abdb39f7b0673acc6beb2,72017fb71ceef1860fa0053590ef62e4,delivered,2018-01-27 18:07:38,2018-01-27 18:17:43,2018-01-29 19:32:16,2018-02-16 11:29:18,2018-02-23,fe9325a72778ec9ffed12c4503b066c2,2018-01-27
c1e00da044e0d7297a2f8cdd0a048fc9,0871641a188da31228226e3e25e5bd22,delivered,2017-03-28 15:15:32,2017-03-28 15:25:20,2017-04-03 16:04:31,2017-04-10 10:27:40,2017-04-19,a5836d5c33d8bcdd5ae3213419c24a14,2017-03-28
4ed01120b6d2cbb2a2fe37897f9611f4,f96128959baa7c240dbfe33c4a2646b8,delivered,2017-01-28 23:41:13,2017-01-31 00:34:42,2017-01-31 15:49:39,2017-02-10 18:22:21,2017-03-27,05138f0e74cada45353482fa3920defd,2017-01-28
2c6909e9d8d1f642b6c8126f985146d0,ec5070ce37f15962fdad5190d11a7f50,delivered,2017-09-15 13:26:45,2017-09-15 13:44:14,2017-09-22 20:37:08,2017-10-18 23:19:55,2017-10-11,9236e502ed0d444425619607638a427b,2017-09-15
c5d4547def055b1ec943673892380a0c,1fcce9fceb2f6c8a555ef9fd999086d6,delivered,2018-08-17 09:43:24,2018-08-18 03:09:32,2018-08-20 11:04:00,2018-08-27 16:11:28,2018-09-12,657136ea94966f0a72ef6c4cf9294670,2018-08-17
fa14c5abc51c6befd52768221284d435,6190a577623194a40b303c4259543aa8,delivered,2017-06-03 18:24:53,2017-06-03 18:35:13,2017-06-06 09:36:36,2017-06-14 14:29:49,2017-07-03,3ac614a52ccee2f7f92e884a59478567,2017-06-03
dcfabd43a5dcce53d1ca781b2efa47e3,dcc60efa738ec9300f4befe74b6cf82c,delivered,2018-06-14 15:12:21,2018-06-15 02:17:28,2018-06-20 12:27:00,2018-06-23 16:51:31,2018-07-05,c73c0c3445f3f189768eb41b718bbe16,2018-06-14
9ec0c8947d973db4f4e8dcf1fbfa8f1b,e7b71a9017aa05c9a7fd292d714858e8,delivered,2018-04-04 08:20:22,2018-04-04 08:35:12,2018-04-05 18:42:35,2018-04-11 18:54:45,2018-04-20,d52a67c98be1cf6a5c84435bd38d095d,2018-04-04
1d0eb66672e5eff7b487f906f5a619ac,7517ff58135290e9df757c3cee7897e6,delivered,2017-09-24 22:18:40,2017-09-26 03:35:30,2017-09-27 17:20:14,2017-10-16 20:47:23,2017-10-31,bf8c5bf7e2f25b2929e342889fa8b187,2017-09-24
d38cfff41619a58ae9fb4bb3be5cdfa6,17eb76b7c89a006386dc854560588172,delivered,2017-06-06 21:24:23,2017-06-06 21:35:17,2017-06-08 16:32:34,2017-08-11 19:25:55,2017-07-04,8bf7d6de7473a9ebab56426d67e7811f,2017-06-06
64bc4bb24614c33812ee58261e887145,a18a9be4bf49ccde0fbd6b0dd5748181,delivered,2017-04-24 14:27:24,2017-04-24 14:35:14,2017-04-25 11:53:42,2017-05-03 14:24:07,2017-05-19,db4c27ec046a24e8d2518c2c8f28ce96,2017-04-24
0d8ac7eb8e52447e022b8e4a30ff6394,60eb53d519b8d5613ed602528bbf133d,delivered,2018-04-23 09:48:25,2018-04-24 18:38:54,2018-04-24 22:22:36,2018-05-02 15:29:23,2018-05-22,e2ec63bf1526efb39fd5646c69fa8d36,2018-04-23
37f9c3b8666bdf2c00d8d6c0de58cd30,441dbe5aa34c7b614be5ceb842001a02,delivered,2018-02-13 15:58:32,2018-02-13 16:10:31,2018-02-15 18:10:08,2018-02-20 21:13:50,2018-03-07,28b506334071b7dfadd7bd023d9115c4,2018-02-13
da48c3a7c7a54b3a4fa8e4f0d0a0e49a,4fdf851814f8f40bdc1a2973b759566e,delivered,2017-02-26 01:05:37,2017-02-27 01:15:06,2017-03-02 17:39:35,2017-03-15 11:51:49,2017-04-03,b88c3bbbc58730f55e8fcd1405c67a8c,2017-02-26
b5938717f4a31095fc54c8b959e7b880,4db5d35daeae658397eb7fafe6801ace,delivered,2018-01-14 15:17:32,2018-01-16 04:31:01,2018-01-19 23:29:27,2018-01-29 20:18:45,2018-01-30,c58d40ab43dba3cbddf86312743be362,2018-01-14
79ff1e2c4405dc4fb530bdaab48ad4bb,f7af1a7247b628687269ab2661ae1f79,delivered,2017-12-13 23:06:19,2017-12-13 23:15:33,2017-12-15 20:09:43,2017-12-18 16:43:44,2018-01-05,07c3f5ee530bcf86a76cd408cb777d84,2017-12-13
8fe62374fc90eef8870d0beed6ded1ae,89c46cb52627885f021d66d9af2b46fb,delivered,2018-05-18 18:35:01,2018-05-18 18:57:56,2018-05-21 08:41:00,2018-06-04 21:53:25,2018-06-19,fe203d7588a60b447f5c5f089b967097,2018-05-18
01be2f7ca246adb9112cb75096af2ee0,9561fb5984d862e686beec844488550f,delivered,2018-02-12 17:47:45,2018-02-12 18:08:13,2018-02-16 01:54:59,2018-02-26 22:38:52,2018-03-06,c896a03511f04a65568335fcf3fad642,2018-02-12
f52da816a21114847a53ef2534f7e1fc,490239c4353f8f99109bf64353087f86,delivered,2018-03-13 20:12:34,2018-03-15 03:16:13,2018-03-15 23:55:33,2018-03-29 00:33:56,2018-04-05,cb525772eb23f6e4d2e29a0414a5f3bc,2018-03-13
5f30e7c17d977e49359a52eb6ea0f738,efdd6452a79503982f6a81742a33d2bb,delivered,2017-05-04 22:11:21,2017-05-04 22:25:16,2017-05-10 16:32:17,2017-05-29 13:55:31,2017-06-02,19989840c7e9a07d0d986de34da373ba,2017-05-04
bbc23131aab4b505c48b17061d069db2,d3c09791fc7ede919353f0488a3375a6,delivered,2017-11-25 20:35:09,2017-11-25 20:51:53,2017-11-28 19:11:31,2017-12-11 18:33:32,2017-12-19,422b5643b144b86f0168965efd90c219,2017-11-25
d0d830a8144f1cb10439b520ea3327cb,8a989db13a6d398c48444402df893c08,delivered,2017-12-03 23:07:16,2017-12-03 23:31:38,2017-12-06 00:19:04,2017-12-11 19:43:28,2018-01-04,cad0b5d8a75081b5002037533074faec,2017-12-03
12665915ce815ae60a756854e522fddf,807b33c3a6959d3e04dd76a8d299b583,delivered,2018-03-07 15:55:32,2018-03-07 16:15:32,2018-03-13 18:18:32,2018-04-11 20:28:18,2018-03-28,96d1be8c3b3b3d9817591b8b2e008abb,2018-03-07
421af404edc91438b69dd2fa20a9f40b,03c23ab69d584dbbed60003db778135d,delivered,2017-11-24 21:33:07,2017-11-25 00:36:25,2017-11-29 02:11:23,2017-12-18 23:36:47,2017-12-27,0ec32a952e4726088cec1b9d4ecf81f8,2017-11-24
9d4638d8518c454d2aa354edcce83182,2a30e5af7916ce1a063a7bc24eb8bff8,delivered,2017-10-17 11:15:51,2017-10-17 11:36:09,2017-10-17 16:47:43,2017-10-30 19:33:05,2017-11-13,6f3a81e6d7aef3af0c420800ec594baa,2017-10-17
e1b4ee0e390fbac1dec439d72b45a115,31f9366e8fbe2412ddbae2d9c49d8adf,delivered,2017-07-21 19:32:03,2017-07-21 19:45:12,2017-07-24 20:05:42,2017-07-28 19:26:44,2017-08-11,aec9d2bee598a5e8f88b3e9a8b29bc86,2017-07-21
7c218bc00f2be6633548cd5ba71e2268,1546f5398ee3f774871361f723b31133,delivered,2018-08-14 14:07:34,2018-08-15 14:10:32,2018-08-16 14:11:00,2018-08-18 00:28:37,2018-08-21,ebd58ba85194aa2b1f60fef2eaad72f3,2018-08-14
07279e06272270e7cb604d1901a4f374,346f3247d517fffb206310b3e8ed6f81,delivered,2018-07-11 00:47:20,2018-07-11 00:55:22,2018-07-12 10:31:00,2018-07-20 16:46:34,2018-08-08,6084496782926c56bf04c556331bf884,2018-07-11
008c3a655c66f4d92370d0d422732f69,f9f9943ef9d29a86f10de3b43cd84356,delivered,2018-03-04 23:15:49,2018-03-06 04:08:25,2018-03-07 00:32:29,2018-03-09 20:27:41,2018-03-15,2b40d79d838a6fa4022ee7f7070bcd6d,2018-03-04
7b1e7ecf29040bd9581a1577a522548d,a7572127a87fabd47f018134f276d96a,delivered,2018-04-24 17:17:25,2018-04-24 19:19:09,2018-04-25 16:07:00,2018-05-02 21:13:00,2018-05-16,869e24ad7a01801912459c8729451cd3,2018-04-24
9226ec3974c021b8d68869985603b685,37ceee20c9b4157368fa41a2dfa0724b,delivered,2018-08-15 14:02:07,2018-08-17 15:50:21,2018-08-20 14:01:00,2018-08-21 11:33:33,2018-08-21,b68c657326beba0209d4e4e72f17694d,2018-08-15
e1113bc148318e5f088060910693116b,e981a08085b8bbcbe96d89633f1c01f7,delivered,2017-07-20 11:04:41,2017-07-20 11:15:21,2017-07-26 11:12:30,2017-08-01 21:43:39,2017-08-15,9d2a36aa08216b269ce53c63a55b2706,2017-07-20
ed99eda830e2097daecfceef436493d4,b472b3b1c7aee42abbbe34ec26549c8e,delivered,2017-10-11 19:50:54,2017-10-11 20:35:18,2017-10-13 19:00:15,2017-10-30 22:07:48,2017-10-31,1c036a64ad2937d498abc5aac860d2a9,2017-10-11
4409219388d83b4e077e0537ac46ec0c,bc303aac3563316de8114c1bb12ac2db,delivered,2018-04-21 13:04:58,2018-04-24 18:05:45,2018-04-24 02:07:00,2018-05-11 23:11:38,2018-05-16,a40521305c5f330ed1f7d80f41b3103f,2018-04-21
0191bbb5166d4b9a68df11797d5acfa9,62b59a64eb786a96516229b7f3612c72,delivered,2017-08-10 12:17:35,2017-08-10 12:30:15,2017-08-15 19:26:45,2017-08-24 18:15:16,2017-09-08,921fa6982e780da7d9e0bb6ca11b380c,2017-08-10
f398d472792fc7b60641d2811adbd93a,70e652de9a39b76185207d7996fcd947,delivered,2018-01-15 19:59:47,2018-01-15 20:11:21,2018-01-16 21:21:36,2018-01-22 23:03:36,2018-02-06,8dc064a641905645d3f763322821aa47,2018-01-15
33526a04c7941ab386cc410962b171a0,abffa9acf0a8f4ae68488c204ba45304,delivered,2018-07-24 13:43:20,2018-07-24 13:55:23,2018-07-24 13:03:00,2018-07-30 12:26:29,2018-08-17,78d500411f37b330a860dad74fb8751b,2018-07-24
c24c7b464d5be50337dc32755b2da963,d85178bdd146b8648278ad6504206c68,delivered,2017-12-11 10:15:34,2017-12-11 10:31:33,2017-12-12 21:48:41,2017-12-18 20:42:12,2018-01-05,f5fff26722a3c0a02da07a2ced7d4d0a,2017-12-11
177b06f07f7d57b07c732247e5f3a179,77ba3722e956df4dcb1d7fe1e1eddc93,delivered,2018-01-28 21:51:04,2018-01-28 22:11:31,2018-01-29 19:04:33,2018-01-31 00:59:43,2018-02-14,852194f9d026bd2a9a8d12bf995191f2,2018-01-28
28f746eeb91e247397a0eb18834a45a0,306a585046357d7895a655e98bce758b,shipped,2018-01-06 19:56:07,2018-01-06 20:07:19,2018-01-08 17:33:20,,2018-02-07,ac22d287f326c0cc247eac27b444747c,2018-01-06
0a082979e13de340740a9883be061fcf,cc32707d2e2f7c92ab449f9b28154809,delivered,2017-11-19 08:43:10,2017-11-19 09:05:48,2017-11-20 19:24:26,2017-12-02 14:26:51,2017-12-18,0d516ca029d6a28d5cfddd80b27a26dc,2017-11-19
fb73306df41afb7ed9222b25f9ebdfb4,41e82f26c88a900c85541441e25faf06,delivered,2018-08-07 21:22:51,2018-08-07 21:35:21,2018-08-21 05:37:00,2018-08-25 17:04:28,2018-08-28,f866d380a54c503be1744eab0f43070d,2018-08-07
21ed2fe3b38bb559c88f45cf6179f2cd,bfcf7dd426c5f7aac0d04a7aa7303c3a,delivered,2017-03-04 12:28:32,2017-03-05 06:45:13,2017-03-06 12:14:58,2017-04-04 10:35:05,2017-04-06,ae99f4ea382ddb241ec576e0d61cc20b,2017-03-04
73deceb3150fdc9ade84ac49e7bbcb85,2fa2ceab7ce768b8a12761aad46f935a,delivered,2017-05-04 12:21:29,2017-05-05 06:35:20,2017-05-10 09:17:50,2017-05-11 07:25:46,2017-06-05,c4897179d57e050171896bd35f4b64a5,2017-05-04
54a81cfa62c4fe0c6df7812ad83b9036,9713347440d60327275fc4124a09f8ab,delivered,2018-04-02 12:54:23,2018-04-03 05:50:26,2018-04-04 20:13:02,2018-04-06 19:32:41,2018-04-12,4bd7bb66afb7dd4a9e3a0579ae6d894b,2018-04-02
6f102b48a7f2f95443550bc4021439e3,a8a98428f2737557e14f0b085fa0d90f,delivered,2017-12-12 19:46:33,2017-12-12 19:55:26,2017-12-15 21:32:54,2017-12-22 15:07:19,2018-01-05,56d4c77ccd8acfc0e52a0b45bc294a00,2017-12-12
bcbd3afc999b3fa9dbd61efb370239dd,87394943aaa0bdfb58be8462b549eb95,delivered,2018-08-16 12:31:47,2018-08-18 02:50:15,2018-08-20 19:02:00,2018-08-23 04:13:29,2018-08-22,a5014689947ec9b1542a0ea854335ae4,2018-08-16
2d5acf84910c01604545f999c9188e5a,e37203fe90f4ea599df8375de9caa9dd,delivered,2018-08-19 10:30:35,2018-08-20 11:30:11,2018-08-21 10:25:00,2018-08-28 18:51:00,2018-09-10,333cc446a591ca3e833a3a0bdbf84744,2018-08-19
6fcd9bd1d3dfdfc1490067e83d7bb63d,cffe921679977ecf1929b2cc52a3ae89,delivered,2018-08-14 00:20:52,2018-08-14 00:30:13,2018-08-14 14:33:00,2018-08-20 20:21:45,2018-08-27,d05303e302c4c8da519ee898a3d7d0dd,2018-08-14
e907255f506a65069535f14d89a5caaf,852109343137246de7cddbded7f4ba64,delivered,2017-03-22 06:15:52,2017-03-24 01:31:47,2017-03-24 12:59:54,2017-04-04 21:27:41,2017-04-12,ef50a01aedcfd085ba81c7ec9902a451,2017-03-22
28146871b31f87883ea5283892d4ff1d,8fee1426502fd108ed8b7cd85280d11f,delivered,2018-05-14 21:33:12,2018-05-16 10:37:40,2018-05-17 15:28:00,2018-05-22 19:48:45,2018-05-22,bff24ae781eaeea64eedeb5e785380a0,2018-05-14
eec3e31d916bb57832b96272c5c5ca9e,58d2109e34ae1b206734bb932063bcbe,delivered,2018-05-04 15:11:36,2018-05-04 15:33:24,2018-05-07 14:23:00,2018-05-11 17:36:51,2018-05-25,cce5b4daedc80d5071dd619c53960b17,2018-05-04
5d3600123565a48b65ad1ae42b48ae9e,a7086654d09a3fadfc0ed962acba11d6,delivered,2018-06-03 18:16:27,2018-06-03 18:31:18,2018-06-04 14:34:00,2018-06-06 19:22:33,2018-06-28,5b54e8dac0a9b3f1fa37f4f9edaa1ff7,2018-06-03
ca3e4f02c7e6d10a27225305edaee9da,d5c0bbff8df7f8d50e94e5fab3272451,delivered,2017-07-27 10:16:16,2017-07-27 10:35:17,2017-07-28 14:49:54,2017-08-01 20:19:45,2017-08-28,d4d13f7f2d183537ba2074adf27b155e,2017-07-27
22cf8f48bb76ab9ba483d585d5fbf098,e4225b65a7ba5fe21b285268584c2736,delivered,2017-11-24 20:27:54,2017-11-24 23:33:13,2017-11-29 20:28:25,2017-12-06 20:03:05,2017-12-19,0a2660145e9abe788832df0b06b2b381,2017-11-24
5ab71d2f8c1457987d8674d6f6090483,926590482fd36ae22ba8bcc7a4bd720d,delivered,2017-10-09 22:45:36,2017-10-11 03:28:28,2017-10-13 20:09:01,2017-10-23 12:49:04,2017-10-27,20086a3dd47c0d0c72fbe0da11012172,2017-10-09
736949a08413c4ce4af7e3f75291fb64,eff7fa81e883948703854337af2c2983,delivered,2018-06-26 09:26:55,2018-06-26 09:52:56,2018-06-28 14:19:00,2018-06-29 21:22:47,2018-07-13,62b3ca3dc185d3d733092b51d9a44000,2018-06-26
b68a6db5c5def0ec7ba68639bf384c82,d245397e7bd8f475d82c38734377094e,delivered,2017-11-12 22:04:15,2017-11-12 22:15:31,2017-11-17 19:38:37,2017-11-24 20:32:47,2017-12-01,6a8406da41b9f26292e637bff198c58e,2017-11-12
f0318f87816b50576e594e45121332b6,a648c69b66f223371753d5bf0fbfa4ad,delivered,2018-04-07 16:48:26,2018-04-10 03:35:20,2018-04-11 20:11:27,2018-04-18 18:39:51,2018-04-24,5e0d4b9fda50f2e2b266eba9d384c5e1,2018-04-07
9117caf70eb0fe8d15d5a79da085be5a,be4be89d5a3ebddc9337dc5e8071b60d,delivered,2018-07-29 09:52:45,2018-07-30 09:45:21,2018-07-30 14:27:00,2018-08-03 01:04:54,2018-08-17,6ea270c94f6954415e7760358195b0d7,2018-07-29
e0889e0656d981add4b6c940b595193a,5c70d6e3e98eb5c6f7dcbea674e6f836,delivered,2018-08-13 16:15:03,2018-08-13 16:25:18,2018-08-14 15:02:00,2018-08-15 11:18:46,2018-08-16,83bcfeb972ccaa57c18425b7e67ff5b5,2018-08-13
fd073f02f85b4b2631ee7f04c82c8004,d40dcad6444b925d32b4cdbe15dac05a,delivered,2018-05-30 15:49:15,2018-05-30 16:16:22,2018-06-01 15:10:00,2018-06-11 20:51:50,2018-07-11,6fff1328c1b32410c5e154b8dc5fb209,2018-05-30
b95a0a8bd30aece4e94e81f0591249d8,ff3c6d35b4927c9b965aa6a68dcf56e4,delivered,2017-01-05 12:01:20,2017-01-07 03:35:37,2017-01-11 16:22:53,2017-01-17 15:38:58,2017-02-13,83e7958a94bd7f74a9414d8782f87628,2017-01-05
61ead1968b0009a553a0cfd8043ac41b,cfa405d1ea008136eda709f547576dab,delivered,2017-05-14 09:14:06,2017-05-14 09:25:14,2017-05-15 16:21:06,2017-05-18 14:44:44,2017-05-31,e589d4d8020799284daefe0dbe157d6f,2017-05-14
dd38c566a34ff9deb93ff05d7bd6d0aa,35e8f2cff4eeed925cfa42f6731a4425,delivered,2018-05-01 17:31:41,2018-05-01 17:53:01,2018-05-02 15:04:00,2018-05-03 18:32:48,2018-05-15,b5126ff357b20f7088484373d346618b,2018-05-01
392240bf6b91914830b77ae8572cc0b7,af90eb9009c119e7d3349fdf659a91b1,delivered,2017-09-05 00:40:31,2017-09-05 00:50:14,2017-09-05 21:53:43,2017-09-19 19:53:04,2017-09-28,6e7dba8fa5766b32a48cb7783a84924f,2017-09-05
fa630bc4aa5f6aa35485ddc68bb56edb,78003bdedb0e24f82a2027221622ed27,delivered,2018-08-22 18:20:05,2018-08-22 18:30:15,2018-08-23 15:45:00,2018-08-29 00:09:38,2018-08-30,60e75f3fa543f352de295b479191fecd,2018-08-22
809cadee53cde56e54180cf5d6631443,833cf609a6aec4b27901837d32aa7117,delivered,2017-12-15 11:38:53,2017-12-15 11:53:19,2017-12-20 11:13:48,2018-01-08 19:27:17,2018-01-17,85163ba34c90e2bd6a3ddbe2995955ee,2017-12-15
155ff86a37e4becb60f238b3ee90775b,19dc731014eb8a2c51459dd57a5b6e34,shipped,2017-06-07 18:40:17,2017-06-07 19:22:20,2017-06-22 09:08:02,,2017-06-23,6ecd33935550d7ce2ff1a8638e5b06a3,2017-06-07
cdc8fc8cc642886abe16af26b0781daf,76e8d47b66ffe39b5573e790dc4b2afc,delivered,2017-04-06 15:57:13,2017-04-06 16:05:26,2017-04-07 09:32:40,2017-04-18 12:46:43,2017-05-04,552ac179c91c1dc7dd6f8328e4999a1e,2017-04-06
44569e91b30111309ef6cdca8bfaaca9,36be2e21057fd071db7cb0db8c84a103,delivered,2018-04-02 21:44:34,2018-04-03 21:49:35,2018-04-04 22:16:31,2018-04-09 20:53:38,2018-04-18,681bb8df054e4202535bb91b4f1cc612,2018-04-02
6a4b27f33e33875ed99945d3e271698e,10dcfefeeb0f0dfe99880248167259f0,delivered,2017-03-02 18:58:10,2017-03-02 19:05:10,2017-03-08 12:16:39,2017-03-14 10:32:49,2017-03-27,4c1e42858be8d86c2c2b40715f28f343,2017-03-02
92a22732300af8e83d6f973c1d000818,1ad2cb5445004208689e51589a5f5e90,delivered,2017-07-11 12:56:57,2017-07-11 13:10:30,2017-07-12 18:12:19,2017-07-22 02:49:36,2017-07-24,2f70aae877035a68637d064a494c4acc,2017-07-11
762daee2f96924ae9dd917fee13176a2,bb0edd59cf79a1b2d152639d6ef210a8,delivered,2017-06-13 12:43:56,2017-06-13 12:55:29,2017-06-14 14:58:08,2017-06-19 20:04:58,2017-07-06,f349c0a473c8ebfa38fe5571babd4e7d,2017-06-13
4f2478354c7836ea575c7e2f38dd1d1d,5a1184a130531482314d389906afee6c,delivered,2018-02-20 14:13:30,2018-02-21 14:30:37,2018-02-27 04:42:16,2018-03-09 21:03:55,2018-03-19,aaedd6c66e55a3656e8a403131599c8b,2018-02-20
aab6724caaf81418088249e2a0ea5d17,fbf7bc76c6c3f2fdd47489cc38542f64,delivered,2018-01-16 19:58:37,2018-01-16 20:10:37,2018-01-17 21:04:59,2018-01-23 17:24:24,2018-02-07,1a7f7fcf7abedb7d4ce32f3ab25b0536,2018-01-16
6f8c85df8511665fc02773d5eba0907b,9523328a28afcbb2b4e2e7e49d729bcb,delivered,2018-03-31 18:26:56,2018-03-31 18:47:23,2018-04-02 21:12:38,2018-04-06 23:08:37,2018-04-13,f7471d502dd946e0a2cb6020bf076808,2018-03-31
e456f27f17ba9259dac72d24dfecc1bb,9cd1d59f23418d24cebc58fef136e7ed,delivered,2018-06-10 11:12:06,2018-06-10 11:37:43,2018-06-11 09:54:00,2018-06-18 16:11:01,2018-07-12,fec0d13c9584cb669d09f222c4b8b820,2018-06-10
c43d312cae83cf5e4a99152bf27be2ee,3d14c748bab7ae77e8dff7a9efb1bd38,delivered,2017-07-28 20:25:12,2017-07-28 20:43:31,2017-08-09 20:14:54,2017-08-15 18:37:36,2017-08-25,c1c7632732a487b1221e7bfb627c575f,2017-07-28
854b499ad9cdbb8d8945d8b0c0459455,7a40171d9866d44cdeb70537d2727fc6,delivered,2018-03-13 23:34:01,2018-03-14 09:35:23,2018-03-21 14:03:07,2018-04-10 19:12:41,2018-04-18,f78a6b62ac5dc9638a4fa0fd5d7b94e1,2018-03-13
58a1b2dbc870bdafa3abfced8d5d9cc5,7e9090dbf2dd453786d83814eb0e5778,delivered,2018-05-29 09:50:51,2018-05-31 03:35:46,2018-06-04 14:38:00,2018-06-11 16:38:48,2018-07-12,3ed84f9d7541a88f7b9b40c4be87ca7d,2018-05-29
629f3c74c9431149b83ae4f647484a38,7c54ea991f0aef5d9f42b1ffa63f3811,delivered,2018-03-28 10:34:47,2018-03-30 03:26:49,2018-04-04 19:12:31,2018-04-12 19:51:14,2018-04-19,8ef3778d6c5e4c40a3ac8a1ba9323a9c,2018-03-28
38289de96763d9d81470f67583f4b2f0,ad6891a1937cb8723a2c08ba1ae59873,delivered,2018-08-22 11:49:11,2018-08-23 02:44:21,2018-08-23 12:39:00,2018-08-29 19:48:37,2018-08-27,9dbb05f5577e862337b93feb8f358839,2018-08-22
1b3d029e5f088cea5910cccc6f480c33,410b9823d7bbf7f9758b5818cb434869,delivered,2018-08-15 17:00:42,2018-08-15 17:15:16,2018-08-17 14:35:00,2018-08-28 00:21:07,2018-09-17,01bc9765e0b1cbb83ec85d576ddc4ef6,2018-08-15
f0b47dadd5f372c41ae2cab6c72877da,30bd2b14e08f78a92bce73780e871241,delivered,2018-05-07 08:42:33,2018-05-08 04:55:27,2018-05-08 15:20:00,2018-05-09 20:06:48,2018-05-21,0f57fa2ba5be868bc5357026f0ec17f2,2018-05-07
74c7bfdb692393ddd530050d9e775b95,b2cf0c263573780cd1baf5cdbbbea26f,delivered,2018-08-17 10:00:56,2018-08-17 10:15:23,2018-08-17 14:11:00,2018-08-20 14:36:39,2018-08-22,df973cc3df4d5ab91f983377e51e3c7d,2018-08-17
3fc92f79759d64684c5d19448a12642f,5c630d7e047635a87090316b73975cc7,delivered,2018-05-16 13:59:05,2018-05-16 15:18:55,2018-05-17 12:58:00,2018-05-18 20:58:47,2018-05-24,8c6b13eba4d8f30c1fd84f181704663e,2018-05-16
b2b374adf21bf99c939e6fe72d186ec7,477ea158d9edd00d50b9fe31d9a9361e,delivered,2017-04-21 22:55:36,2017-04-21 23:10:11,2017-04-25 20:06:48,2017-05-10 16:34:46,2017-05-15,39fa55d841f1c032644b9eafc62e25a2,2017-04-21
2b73fdaa269a7411454b64fea202acfe,025868b2a0b2c0cad5e68c7762074892,delivered,2017-06-17 13:45:51,2017-06-17 13:55:19,2017-06-19 16:49:40,2017-06-23 10:57:30,2017-07-07,9bd9da79f0355157190afe3d551274dc,2017-06-17
70f2c5825ad1afe906cc0c4036a3593f,6a3e7d824a55ef5821a0e327c66cc979,delivered,2017-12-04 20:53:02,2017-12-04 23:30:57,2017-12-05 21:37:11,2017-12-19 19:32:59,2017-12-29,0326b453e609278b3b5251bcf3c157de,2017-12-04
ef785af8a54d7e978562b94e0e20e6ae,9a96a59681d619f8617b0f4a6b414678,delivered,2018-07-14 19:31:09,2018-07-14 19:45:09,2018-07-19 13:53:00,2018-07-23 11:02:49,2018-08-01,a53001b98f0402247da48e45f06bfb20,2018-07-14
24c087010167127767add9f02f8b2019,d2a90be3e7253852568d80763b2df91e,delivered,2018-03-19 00:06:31,2018-03-19 00:15:37,2018-03-19 19:24:50,2018-04-04 00:53:23,2018-04-09,a439177407290b4a5118b05ef53196e0,2018-03-19
5837a2c844decae8a778657425f6d664,31dd055624c66f291578297a551a6cdf,unavailable,2017-07-17 22:11:13,2017-07-17 22:23:46,,,2017-08-17,8d50f5eadf50201ccdcedfb9e2ac8455,2017-07-17
3ec9b11c0ebec3ab928940c1e051f802,c452f30b147e9125158215881568f2d9,delivered,2017-05-31 15:10:39,2017-05-31 15:43:02,2017-06-01 10:26:56,2017-06-08 16:04:15,2017-06-27,1a0f0d0244e2da32031d3c8c322d1bee,2017-05-31
a9eee8decd3e1383ae72091607768f03,bc7ef7204c85eafbe7399a0325c66a4d,delivered,2018-07-21 16:48:08,2018-07-21 17:04:02,2018-07-24 13:58:00,2018-07-30 19:16:52,2018-09-03,a856637b6dd58cf71bfbf7b6a21d8d84,2018-07-21
74e3bb00b7a683932b6fddb70716b39f,612ee478008f38dc47a805970daa54fc,delivered,2018-07-18 23:10:28,2018-07-18 23:22:23,2018-07-19 11:22:00,2018-07-24 21:46:39,2018-08-06,71e2ab4ddf40cf4ad4cc322f1002ca96,2018-07-18
ffe49171e120186dcc4c444b55691810,9be83b1a15980ed71eadb4dff917fa29,delivered,2017-03-29 02:00:08,2017-03-29 02:15:36,2017-04-04 14:09:49,2017-04-06 12:35:00,2017-04-18,71d2dbb6d2f52d568ca9d69c815a4331,2017-03-29
7cb46c0eb2855e57112f72215ac78d47,6e61720c966581034cb3b2be8178a409,delivered,2017-11-22 08:33:09,2017-11-22 08:40:31,2017-11-22 20:47:31,2017-11-28 13:15:11,2017-12-04,937e3ebc5d3a3d0df0458e132dfb5359,2017-11-22
83c21ad12bc2a9a586aabd1334ee4a22,e9f7bc9536bbc683f7b5b18425c48008,delivered,2018-07-08 01:07:10,2018-07-08 01:25:26,2018-07-16 13:48:00,2018-07-20 15:22:48,2018-08-03,57ef2975563992345ca03036a8a5f947,2018-07-08
d40b517fa96d195400e9b446117a13ab,c9ebaae32f477976f9a0f689ee0641fe,delivered,2017-07-03 15:12:19,2017-07-03 15:25:19,2017-07-04 14:51:52,2017-07-10 19:13:43,2017-07-14,3303c9040b67b8f76410091a8ae21281,2017-07-03
2cc53a4aa9a5a0f2c0ff6559260fb1d4,330ada1157ac9512d0a23430c6b771a9,processing,2017-08-06 20:49:26,2017-08-06 21:05:10,,,2017-09-22,29b46d84126aa43c94c6608eab583a8e,2017-08-06
d744afed01f7a27ac2864f952a787ae0,2eb1a6686d8b3a677937ef0fb70ab984,delivered,2018-05-21 23:00:46,2018-05-22 02:15:41,2018-05-22 14:04:00,2018-06-07 16:24:32,2018-06-12,f996e11abe51257c00e339b7003b988c,2018-05-21
790301a78144d82c818df031f7c92c8f,d4145384ff2ca356124f91a503681aa1,delivered,2018-02-16 18:51:18,2018-02-17 15:10:22,2018-02-20 15:06:19,2018-02-21 16:47:11,2018-03-02,bc9c7f53188b9b46d18cf8486b7101a7,2018-02-16
4b95fbb9125e0baff8527de2d1d0042b,407c1406c14156697eab85bf6bc2aa2e,delivered,2017-08-25 00:47:37,2017-08-26 07:05:08,2017-09-14 18:47:41,2017-09-20 18:47:19,2017-09-22,e424731f7e9ccc9f3384b8b71378cbf7,2017-08-25
d673513c79ca55525c1a535452b4b6e4,a14be49c073e5fa0a9a4105c60e8ca8c,shipped,2018-04-18 22:14:34,2018-04-18 22:31:11,2018-04-19 17:51:14,,2018-05-22,217394922e43c19740ea4464e63ca8e0,2018-04-18
0e4947dbfc032a9054b0526c61d37d1f,e29fe453e172399a65852e679b7a6131,delivered,2017-08-03 13:24:03,2017-08-04 02:23:56,2017-08-07 18:13:45,2017-08-14 14:12:28,2017-08-25,43c330d38c136f310dbf14e79b9f8d9d,2017-08-03
161e4f0fcbfb31c1e305d6d228c49345,3439a1eddf3e41206b58b14b812006c8,delivered,2017-07-22 22:18:52,2017-07-22 22:30:11,2017-07-28 20:51:36,2017-08-05 12:34:46,2017-08-10,85866cae87362a09bd14acb45e1e8d79,2017-07-22
bcd7dbf9f460ff7e9553592547797b95,b075a9da8504753b6be39fd18a41f032,delivered,2017-11-23 23:28:03,2017-11-23 23:37:22,2017-11-24 20:51:26,2017-12-01 20:06:19,2018-01-04,298f2c03280731da6e5321530edace4c,2017-11-23
51ee2d580bfba3ac0ba884a8bb098468,2f997ad360d6cc2457e5ee787c24cfa1,delivered,2017-11-28 21:50:11,2017-11-28 21:59:29,2017-12-01 15:36:35,2017-12-20 18:10:43,2017-12-19,38bbdee49c638fb29fdcac9665c27ee6,2017-11-28
91151a1839749882e607fb8d0c0a2a71,007d1c8a4fe2a7d4233d5ad3ea74a29b,delivered,2018-01-10 21:48:42,2018-01-12 02:35:46,2018-01-16 19:06:37,2018-01-26 18:17:47,2018-01-31,68652e69a77dec3f573ef0135541f6b5,2018-01-10
229612638439ed12c6b5dcb6c3ac658d,6b86bf7b0271bb85a4c6ce7f1d0370b1,delivered,2018-04-23 15:58:53,2018-04-24 17:41:39,2018-04-24 19:47:41,2018-05-02 20:18:42,2018-05-17,baf54e21eda9754a90658f03a202edbd,2018-04-23
4970ecf64d47def5d7c4c4b39b7ce8d1,0db0e828827cd9a0e1b73d846c4b346f,delivered,2018-06-08 21:41:29,2018-06-08 21:55:09,2018-06-12 19:36:00,2018-06-15 22:42:19,2018-06-25,b6fb410ce588b265ec1067f15ad2e09a,2018-06-08
e713d3a85b6b64756bc80519c7fb2832,422b9239316539ed8458859e1c8008e7,delivered,2017-09-16 09:29:23,2017-09-17 09:35:06,2017-09-19 23:24:36,2017-09-20 19:20:21,2017-10-02,518a8eef263f993a907d14e2ac76fb89,2017-09-16
2806d068f5d3e46b89e663cb5e53236d,664ee888b9b21c5ed9917c0325643074,delivered,2018-06-18 20:14:00,2018-06-19 03:36:42,2018-06-19 15:06:00,2018-07-01 18:14:52,2018-07-12,8657de4195ae4b5e92ce478f05762b72,2018-06-18
ad366003d331bb0eaa77c1efc5570657,d54371af4fe03138c67f7ad33c8986f2,delivered,2018-01-17 08:03:08,2018-01-18 02:11:30,2018-01-18 18:34:56,2018-01-22 21:23:03,2018-02-07,520db1718625ccf431f0979af42bae89,2018-01-17
3857e06130e8d5979d9a92b2970b4862,79b62a9b5b7c37260d175fc99df3dbce,delivered,2018-03-09 13:54:11,2018-03-09 14:29:16,2018-03-12 21:33:19,2018-03-17 00:18:23,2018-04-02,550a19f5bec27413db2ab0163785c672,2018-03-09
a67834f7995c8979f0268a60dc5ddae4,6937b8b182ca7d01553e2eb0d8cbb429,delivered,2017-06-24 19:28:59,2017-06-26 11:09:52,2017-06-30 16:52:40,2017-07-20 23:11:50,2017-08-07,eeb7346247b026ee29a48803df6ed07e,2017-06-24
4b8f5652792df716a6e936ae0c78a935,a56b03f5e6015f1a502b9810309b98b7,delivered,2017-06-26 12:05:33,2017-07-01 21:33:24,2017-06-26 13:05:19,2017-07-12 19:47:28,2017-08-28,b6cbe1a8674ee23e9fb086e3c61677b8,2017-06-26
0f735e8998215a13c4ba2784eb49fc62,e76699fec544b3c510460f3f9a94604f,delivered,2018-01-04 09:17:17,2018-01-04 09:28:38,2018-01-05 00:53:38,2018-01-08 16:44:09,2018-01-29,248afc533a23cacbf86855d537927c69,2018-01-04
3e46d4c127db26ad30843bd14fcb98f7,e74a6338773e24b2e8a94d82cab4ea45,delivered,2018-04-22 01:36:52,2018-04-25 03:55:26,2018-04-25 13:49:00,2018-04-30 17:17:45,2018-05-17,ef017455ae2472c9e8779ddeb0df4d6a,2018-04-22
1d08b0ef8f21fe7710ecb1e433e25c0f,e0a064d0e84cf242e93460ee647aaed7,delivered,2017-08-11 21:39:53,2017-08-12 02:55:38,2017-08-15 21:08:07,2017-08-18 16:47:53,2017-08-31,f958e704328e40822fe77d7925457e4e,2017-08-11
f76db3311899c16f22f22a735377c6bf,3b56e7504b277a496c1d893d7e9ebac7,delivered,2017-08-07 09:32:28,2017-08-07 09:45:18,2017-08-08 19:49:41,2017-08-09 18:13:38,2017-08-18,4c7f31418ae513cb3a92774991037f95,2017-08-07
a5e7e590a77dc838c0311d33e0c88abb,0a6860bf531cbda0c10e174657d4e375,delivered,2018-06-22 21:49:03,2018-06-22 22:17:32,2018-06-26 14:19:00,2018-07-02 16:03:38,2018-07-19,5f06c03e3868fb73b6c70ac75fac6e34,2018-06-22
8681c22dbe2b9bc1d6a1c524d4ee4c4e,bda36a72c98054f5967c8fcf6aeeb910,delivered,2018-08-24 09:45:52,2018-08-24 12:15:12,2018-08-27 13:55:00,2018-08-30 21:33:39,2018-09-14,e9d8aa15302b19dd4dc56da4342ff63d,2018-08-24
e98847f29202ef61b406a803d8b73240,e16397cf909a6918c0ebbf3c31daceb2,delivered,2018-05-16 14:17:42,2018-05-16 15:34:32,2018-05-17 12:30:00,2018-05-18 21:56:50,2018-05-24,3e626aa6cde6e16beb33797be002b72d,2018-05-16
73f768dd000b1341143872a8b7495ee6,aa1228b6ba1197b9df59d360bd056939,delivered,2018-02-25 21:13:42,2018-02-27 03:31:00,2018-02-28 17:08:19,2018-03-12 21:11:55,2018-03-28,0fd81214aae681cdeafe347dba9bdaed,2018-02-25
1001037af2faeaa0440e04c4cf69413d,bd82f8b438e8a7f9559e2578f9d742dc,delivered,2017-09-17 13:47:09,2017-09-17 14:44:06,2017-09-18 22:53:50,2017-09-27 21:49:02,2017-10-04,b4574ce71d13e73544cdbee8e88af844,2017-09-17
dd0f4670de46d15e75e42d522cb73443,2c38a07bca4ddb34f992f6924dba095b,delivered,2018-07-08 12:07:13,2018-07-08 12:25:22,2018-07-10 15:24:00,2018-07-11 18:22:22,2018-07-19,be7fe2e18b1c47da75f18ff87cd5fe21,2018-07-08
b23dfa1c97d08f8d2017e85dbdc5b1aa,87b0f9495e8483a396c8722f9e5dd2ee,delivered,2017-01-28 17:05:18,2017-01-28 17:30:42,2017-01-30 13:15:01,2017-02-16 17:11:44,2017-03-10,5f2d0693b4bacfc00bfe92a15c42b837,2017-01-28
d7bd54f86fb31296fb1517486f94d888,dde0aa483a06788c74c08f1e6ff6a0c1,delivered,2018-06-21 17:24:55,2018-06-23 01:15:45,2018-06-25 17:50:00,2018-07-02 11:30:44,2018-07-19,d823792ad49a5e4c56a0e8c83c6b1b9c,2018-06-21
836410a2fc31591815fe79d66ec24f10,fd7aed3bd9f6c47d1f2db23d0c6eec3d,delivered,2018-07-20 17:36:10,2018-07-21 03:15:24,2018-08-03 14:22:00,2018-08-06 10:41:44,2018-08-16,20db8475a0682feceb84c00059eb55ac,2018-07-20
ce8f27da5f6a86e0fc4f1846c0740a29,94ae1db4210886b1959b7a4852d08670,delivered,2017-12-04 00:12:37,2017-12-04 00:34:57,2017-12-08 21:37:16,2017-12-12 20:18:31,2017-12-20,306caff15c15aaf471f6d3ecd4c3d5c9,2017-12-04
2f476441218b4faaa8ee368db996f948,ec3b12041b27ac4f88929f9fcc10038c,delivered,2018-05-04 19:24:09,2018-05-04 19:35:15,2018-05-15 14:33:00,2018-05-28 15:33:12,2018-06-07,ec4c4b7f0f93b9871ecedd7b8fc8fdd5,2018-05-04
9edafa4c6dbc4a9dd05637c84bf96605,40dab28c1313cba6be3840cd5205ec79,delivered,2017-11-27 23:57:41,2017-11-28 00:31:46,2017-12-04 22:04:25,2018-01-16 18:54:34,2018-01-04,748676b734193378215287357e4da6ca,2017-11-27
e0dbe64f00bd054951b1981f99a58f4b,a668337cdc7f3d920473a4b15c04f57a,delivered,2017-09-28 14:09:55,2017-09-28 14:25:50,2017-09-29 21:15:36,2017-10-11 18:40:06,2017-10-30,a8d540710a95ca0c383f330d63f8070a,2017-09-28
58ba43739da75a7d57d464e2adedb4e7,cf5116c8a3a4484640454565f54fefe6,delivered,2018-04-02 15:32:27,2018-04-02 15:49:19,2018-04-03 23:41:19,2018-04-11 17:02:46,2018-04-20,9c716774f1360606a27c1d0a2fd5a79c,2018-04-02
76f2f60af7758b8b6db01b8563727086,486f3821dff6f15c3b4c114b12ad1480,delivered,2018-02-16 11:13:33,2018-02-16 11:27:44,2018-02-22 03:44:33,2018-03-08 18:22:39,2018-03-12,e03a7561447875f95f91004d29083c81,2018-02-16
d12102a0ff38b1b1707291c697da95b2,ad78c2c23fccddebab62b1bc114bd51b,delivered,2017-02-14 23:12:53,2017-02-14 23:25:21,2017-02-15 12:31:19,2017-03-06 11:37:52,2017-03-23,f11a41009256bc429b6655cfd2ba1c63,2017-02-14
aabd0efcccfbadac5e162e9ba42b1f28,3a1bc624929fafebe9d31bbdec04deb2,delivered,2018-01-21 23:51:51,2018-01-22 14:04:41,2018-01-23 18:43:01,2018-02-02 02:45:04,2018-02-21,533679879b2d32f5d5cf60b17f61fbce,2018-01-21
1a4514c5462bbdb806d15e6b241c7a70,b70daefdff79ef359e203f7cc2eff2fa,delivered,2018-07-18 15:22:25,2018-07-18 15:35:20,2018-07-19 13:19:00,2018-07-24 13:41:44,2018-08-02,6cea4abf8f997010abe48d8b4ef9c5f2,2018-07-18
fba2e820b816302cc910d1ea2980a21f,d090dff5ad4d844ba73aef3ba808c5f4,delivered,2017-10-25 18:31:28,2017-10-25 18:49:47,2017-10-26 14:40:09,2017-10-31 19:34:01,2017-11-21,27c2a1062dae3c0a6123e3ce934374a3,2017-10-25
72b129617546be2b0e88c7ccb961378e,a79df1f329aed9365b676532f1597740,delivered,2018-07-27 13:11:42,2018-07-27 13:25:11,2018-08-09 14:08:00,2018-08-17 18:07:33,2018-09-03,5e3d08833a705bdc7ebe3709488a00df,2018-07-27
e84fc9bd9b30107feb50736a4763e483,5c1cfd3396dc73c155cbff6e8958c617,delivered,2018-03-09 16:14:16,2018-03-13 04:48:00,2018-03-19 17:58:39,2018-04-05 18:03:35,2018-03-27,1cf241a1ae500b4a6bbb9345b6cceb6e,2018-03-09
070cc53897ed4829689c415f99d37c3e,e6fbb4cd7a63ea4863efc08e62db0186,delivered,2018-05-16 16:00:21,2018-05-17 03:34:49,2018-05-17 15:04:00,2018-05-21 12:21:53,2018-06-05,43bdd205ff0d4bb2249dcc9db98da43c,2018-05-16
5b67d5593db6802b11d266e3c4d0e0b1,07eb1b14bb3ad0b4c5b5a5412d13eea1,delivered,2018-07-16 15:52:03,2018-07-16 16:05:09,2018-07-20 14:26:00,2018-07-24 18:46:35,2018-08-01,ef2c47598d52e611979177d7d03bcc7d,2018-07-16
0b19db7ca9db8caff754ff63f59f67df,5d919c80e16c86df90faf8ea585a052b,delivered,2017-03-23 20:39:03,2017-03-23 20:39:03,2017-03-29 13:06:03,2017-04-07 15:32:52,2017-04-13,99543a715ca26289c0fbb3e8d92c3516,2017-03-23
010061e3aa0c6ed5e393dda0652bbee8,1e427598ddcfbca80566d2bcd92dd995,delivered,2017-11-13 09:49:19,2017-11-14 03:35:34,2017-11-21 19:18:40,2017-11-24 00:58:40,2017-11-27,038301b43811478e1a8dc0e476eaf52e,2017-11-13
85d0c23b95880fa1aa38c08bac7848ca,bc39aff9201f44472ea957177264167f,delivered,2018-03-18 12:39:05,2018-03-18 12:50:29,2018-03-22 19:48:56,2018-03-24 07:17:41,2018-04-03,d2705e2ba83d6358fd95d29bbf8d3c3d,2018-03-18
bf7035d2beda25b2a6b98c676ad04895,3d6fa8d293cda29a0c7ea033b07809d0,delivered,2018-07-22 22:47:43,2018-07-23 12:31:44,2018-07-23 15:02:00,2018-07-26 19:47:28,2018-08-20,4f1a96d7fdc1c50b5b163e16de1c2166,2018-07-22
3afadc6f2579cb7709b4f798bb4b97b6,7324ed1cb1b9ef48a99d8c9f8d4864db,delivered,2017-09-17 17:15:28,2017-09-17 17:25:16,2017-09-19 15:29:52,2017-09-20 21:14:38,2017-09-28,0b7e1cc1bec3e96ed4490c12ab0535c9,2017-09-17
cc1cc1d6081f7f07a16cc1a3e4ba0b78,7117d38240c00f27406372087b55d1fc,delivered,2017-04-23 18:13:00,2017-04-23 18:25:10,2017-04-25 12:02:04,2017-04-30 12:22:17,2017-05-19,e2f1970303ff34a3af0c1d4c587f6420,2017-04-23
bdbe0f3ee1e78fdf85d1a60f200f411c,16a0ebe9c904c1ac4d2787699057b05c,delivered,2018-01-22 18:04:36,2018-01-22 18:16:53,2018-01-24 23:56:46,2018-02-01 19:11:39,2018-02-22,bb880f3b77d2f99e3b5e400bd20a3164,2018-01-22
f2b65e04ebfd135c2194e2c36a9d821e,b436224260ee24be61a6183fba5886c9,delivered,2017-12-01 09:35:20,2017-12-01 11:30:56,2017-12-01 19:38:45,2017-12-11 13:52:36,2017-12-19,215cc2b07a8142021155670b573a671f,2017-12-01
6b51309cb191abb919de57f626c06719,2b4f66c5ead58995d8097a8f3bef9833,delivered,2018-08-02 22:00:40,2018-08-02 22:15:12,2018-08-03 12:49:00,2018-08-08 10:58:47,2018-08-20,5dfc12ff66fbee3b02210e2e98739d9e,2018-08-02
53892f0dd25da0289fbdb0053853bc34,aec95b447885dd28a6dd6bb4d8cb0aea,delivered,2017-07-14 13:12:09,2017-07-15 07:43:02,2017-07-17 18:53:06,2017-07-24 17:33:29,2017-08-03,da938ecdfde4d90f6c247bfa5233c66a,2017-07-14
7124bd2d49c395dc9b4c8ff94d6c919c,f5587866e99f9081654f4dbfa7757d28,delivered,2018-02-07 18:29:52,2018-02-07 18:50:10,2018-02-08 18:02:51,2018-02-22 10:36:52,2018-03-12,2df614fd72018ecf9ffe1077bfd21d49,2018-02-07
f1b69a785e2f47e44415f46f270f1545,ac689b1fabb72a1bb917134bbf6f0d23,delivered,2018-01-22 12:30:16,2018-01-24 02:35:31,2018-01-25 17:33:14,2018-02-15 13:48:50,2018-02-26,e684fd5150dda0614327a268066d7c52,2018-01-22
dc31605d33a65a68258480700bc6f87b,4d4c5aa4d23805530c7bca50641186c3,delivered,2018-06-29 18:44:37,2018-06-30 15:30:05,2018-07-03 14:01:00,2018-07-09 14:45:48,2018-08-03,88f1115b241198e4090c69aed8bcc20d,2018-06-29
0ffcdff33eb40b6ce4b6cef424e1c63f,7dacda3efc762f10146d7d824846c015,delivered,2018-06-13 12:37:27,2018-06-13 13:02:17,2018-06-14 07:42:00,2018-06-15 23:50:46,2018-07-18,62a71b17bb35ca8351f0ab4fdc7a3354,2018-06-13
87363623a5528338d66537070e85971d,ea1e5f694966f31b8c471264d333db3a,delivered,2018-02-10 16:02:30,2018-02-10 16:15:26,2018-02-14 18:14:28,2018-02-21 20:42:37,2018-03-06,7ba3c2ea5883d359084a2c399cc88f02,2018-02-10
ac699d120c768095409c6a373ed364de,82280d9f66eeb3ef6af2243ee764160e,delivered,2017-07-13 09:44:51,2017-07-14 02:25:31,2017-07-14 12:52:31,2017-07-20 18:46:34,2017-08-09,7477e92f762539b331ff9eb3e77c6bcb,2017-07-13
a43482a55cc8d11f47b25992831a794f,f4cbe58e364a58bb9e0ce73f92a8b37b,delivered,2017-10-12 10:56:25,2017-10-12 11:07:41,2017-10-17 20:37:05,2017-10-24 16:33:03,2017-11-03,b6328f8eafa0d7808a7d9c99fc4055da,2017-10-12
327fed75f27dc1aa02c6e3d33ee29ea8,944bb32927c4abd9d6b4b526977583b1,delivered,2017-08-26 13:41:37,2017-08-26 13:55:08,2017-08-28 18:00:16,2017-09-01 22:04:15,2017-09-19,6a3aeedca3ea85cf215bf10009b013af,2017-08-26
a31b5cba0164acdc91b6196825128128,b209a1643829776c9340b2fab705c225,delivered,2018-04-05 21:09:23,2018-04-05 21:29:06,2018-04-06 23:06:45,2018-04-18 22:54:30,2018-04-30,7faff2e2df2eb442e0a8bc56327d614c,2018-04-05
01dd7b32b57e2e5633984f61e456b046,48dc227fd17db8b6dacffb7d2be80886,delivered,2018-04-05 12:21:51,2018-04-05 12:35:20,2018-04-05 21:54:30,2018-04-09 19:51:43,2018-04-17,a94762863997266a89d86350f7f20f54,2018-04-05
04911e590c1c5c9b8e750d3ac1344d54,6ee6a13ac4b3e616824015be6ddc5977,delivered,2017-08-02 15:03:37,2017-08-02 15:15:16,2017-08-04 19:49:40,2017-08-10 20:09:59,2017-08-22,490752d6d25e7b5207da24cb2a870c27,2017-08-02
2576b4cacdd8011f190642f9c42d1522,03ccf99bb960bd4a7a588e4ab472990d,delivered,2017-03-18 12:16:58,2017-03-18 12:16:58,2017-03-24 13:05:30,2017-03-29 14:18:47,2017-04-06,6035ebd6a5c9e5781524a395ddfa4632,2017-03-18
639081c9007c810d12b3f0b01afc7118,171437bfa7315ccc0aa4c38c44d2ff92,delivered,2018-06-02 20:49:21,2018-06-02 21:09:48,2018-06-04 14:38:00,2018-06-15 20:47:40,2018-07-31,656efb15a9c41bab2f31f21fb7a9e719,2018-06-02
a14159f8a3661833c7d9d030e2098861,0937307f79851ecf049744544c8633ae,delivered,2017-05-31 07:55:30,2017-05-31 08:10:11,2017-05-31 13:17:25,2017-06-08 12:57:22,2017-06-26,279dcf84705778ee59bd87481f702328,2017-05-31
a25652096ac097b28b9a7f41d188c551,453f30c948afc44aecdf5cceec18f8be,delivered,2017-09-17 18:46:01,2017-09-19 04:04:12,2017-09-20 16:06:04,2017-10-03 18:53:05,2017-10-09,2d10c61246b96296fce658ae99521d1d,2017-09-17
952da942e2586c7131de1381aba049a3,8abfeeb7b843cfbc0f5844addf3a4880,delivered,2017-10-31 17:32:22,2017-10-31 18:31:10,2017-11-14 21:19:02,2017-11-30 20:03:57,2017-11-16,002cdf87d4c03f08f7eb4551a923affc,2017-10-31
84bf5dfd169eae55102346ea434177af,3f7e3f79b062e4250d7e193b4b8e64a9,delivered,2017-12-19 10:18:49,2017-12-19 10:31:33,2017-12-21 20:28:33,2018-01-03 20:38:50,2018-01-22,e09e509936d44d03ec876c40b0f6dd3f,2017-12-19
153d4e278c168447fd03d0f8494f7f03,8ec13e84557ac0dd85bf56728edbae63,delivered,2017-10-14 09:59:39,2017-10-14 10:14:13,2017-10-17 14:24:00,2017-10-19 20:34:27,2017-11-07,764bba845c091682f828e00769e8c957,2017-10-14
ee45dfe627ec3b1264901bd8b344389e,f3fddc133676aa10028545f367b319e3,delivered,2018-06-11 19:49:52,2018-06-11 20:22:19,2018-06-14 12:50:00,2018-07-09 18:18:54,2018-07-17,a0adb2685b1f871bb73a0967f901e802,2018-06-11
f9847bf9cc7336c6ba07fe2bdbb6cae1,c5a8686eefdcb86e4216dc46cec8b81f,delivered,2018-05-10 18:18:52,2018-05-10 18:30:50,2018-05-11 16:28:00,2018-05-22 23:24:32,2018-06-04,592fa32dca4f04d098afdc9912bd0629,2018-05-10
e0e83bdc2be394626d0f9177dcde0889,45e6b3e3126887fc3767adefb71c97d3,delivered,2018-04-02 15:11:28,2018-04-02 15:32:27,2018-04-05 20:02:56,2018-04-11 19:50:59,2018-04-18,0f64cafdb3e1e4806c99ff165305e27f,2018-04-02
c9b4d99b4e9c827fbf0a40d2aec43d89,ec5b5d7069348dd3284fbeaefc8aa2e4,delivered,2017-07-28 18:32:58,2017-07-28 18:45:18,2017-07-31 20:32:25,2017-08-03 19:23:50,2017-08-21,a5314b9782eadf829791c1363ee2705f,2017-07-28
397ce3ace09621efd4266efa5a17129c,42028750c2c7004a93ba09849e521164,delivered,2018-06-14 20:24:08,2018-06-14 20:41:04,2018-06-15 15:01:00,2018-06-19 21:41:00,2018-06-26,14ba18bb17a304f57719ced2b6b2a280,2018-06-14
07f375fa02d74b14cf7562276d6932f1,0c001e52f187db590c01e00cb5b8a1d2,delivered,2017-11-28 10:22:52,2017-11-28 10:40:49,2017-11-28 20:10:15,2017-12-15 19:49:24,2018-01-05,ac8302986b817117d13bfec24517a5b8,2017-11-28
16e149da07062935e510ddb0f573299b,5b714684671e89795b942c4f37c5386e,delivered,2017-10-23 22:16:49,2017-10-23 22:28:28,2017-10-24 14:27:46,2017-11-01 22:32:38,2017-11-23,c4f967971c3421990c1fd816220f1171,2017-10-23
8f9b22316e1f46393055fe217699461a,a428e5191099df106128d583a47ebf9c,delivered,2017-07-23 11:50:40,2017-07-23 12:05:23,2017-07-26 18:53:36,2017-08-07 18:51:54,2017-08-15,aac5520514c03a4fb4b45c93b6aff2b1,2017-07-23
055d978254ef5cedea2b841646d888f1,44b095b70f75bff71c680d045fbfdfa3,delivered,2018-02-12 13:18:13,2018-02-12 13:30:41,2018-02-14 19:12:30,2018-02-16 18:06:50,2018-02-21,e6ac17748609d067cd1fb0de631adf2a,2018-02-12
6eec967cffa8ad455dbdf0d5b797f912,28494957ff65dc4c08e80f679f42b7f7,delivered,2018-05-23 18:31:30,2018-05-24 18:38:41,2018-05-29 15:40:00,2018-06-06 16:39:08,2018-06-22,de768f47bbb7d6ece9033525d78d3861,2018-05-23
02333096645cf1743050acd043b76e69,f9f3547648b8c4bce58da9e9ab677fb8,delivered,2018-08-09 16:22:59,2018-08-09 17:30:20,2018-08-10 11:09:00,2018-08-16 19:38:38,2018-08-27,3128b02155500306be4504a92c35c4de,2018-08-09
bdbe430ba78a7cff2db4ac139372d5b5,04edcf9c41ea594087f93171236b28e2,delivered,2017-12-06 00:04:49,2017-12-06 00:12:42,2017-12-08 21:22:26,2017-12-27 21:25:03,2018-01-08,4e17943c8edf2f66d70f0e97b81aaf17,2017-12-06
3372398865ef7f00841c6ddeed00230d,a4744f1897b52388a19a1a44fcbc251e,delivered,2018-04-05 08:14:23,2018-04-05 08:29:09,2018-04-05 22:40:41,2018-04-11 22:12:22,2018-04-25,55ee095d554d2b1369ba4f8d98167a56,2018-04-05
43d8b54629756a38a418dfef248957c2,00e20d0af2000bc5415d945981b3bd31,delivered,2018-05-01 22:36:31,2018-05-01 22:55:25,2018-05-02 15:15:00,2018-05-08 13:43:52,2018-05-28,75f5549d76d4a3f24e15e81d76ae78f5,2018-05-01
0a576c94e0a66f147bb4d6949602b85c,a948eaf66310b1a8fab566761234bd3a,delivered,2017-09-26 14:21:05,2017-09-26 14:36:07,2017-09-27 21:54:57,2017-10-04 22:23:04,2017-10-18,1a4fcb5014becfef64f70f86bd9fa0d8,2017-09-26
b0dd307838694a75cf71bf19c41a98cb,af66c0cabc4d69a28bec182d338cf46c,delivered,2017-07-26 09:45:18,2017-07-26 09:55:20,2017-07-28 13:08:02,2017-08-04 21:27:28,2017-08-17,3a06048b2b7f9b26cc0c695dc4d153e1,2017-07-26
a9726615eb24e9b1fa84fe7f8c9a5b54,8e294610f95b78e8de960a10bea8d515,delivered,2018-02-27 22:56:06,2018-02-27 23:10:34,2018-03-02 20:21:41,2018-04-09 22:53:01,2018-03-21,0736c3512f09264b684b2b291a662689,2018-02-27
3c7f51d2d4719b8f3b5af55c167b2fb4,3c2c0a8240bf76896722b75881b676d1,delivered,2018-05-18 15:43:20,2018-05-19 12:31:41,2018-05-22 09:33:00,2018-06-08 14:55:34,2018-06-22,54ead41b207a88ee792c5e5443444d3d,2018-05-18
b776d14b6ced11d944e2a04f0fb06376,3ae8bf49490c1b673d3d86b06e6704cc,delivered,2018-07-19 22:43:26,2018-07-19 22:55:12,2018-07-20 13:28:00,2018-07-30 15:58:44,2018-08-08,5f3417e9a4199b947a7418ff484f8a8b,2018-07-19
3d257c464d0525772e3408c2b25a8c31,b73534f953f7c9cbad86f6bfe75ab43a,delivered,2018-05-22 11:13:31,2018-05-23 02:38:35,2018-05-25 14:38:00,2018-05-26 15:22:40,2018-06-01,c5487f0ac317c36e91ca6355ddec021f,2018-05-22
468c8b5d4cee2be214b52f9602980779,452b4efdbe9336436e03596e054a65d7,delivered,2017-05-09 14:05:07,2017-05-11 04:05:24,2017-05-16 12:28:08,2017-05-22 09:37:50,2017-05-29,bdab0d95ab91d435bf79d62450d39644,2017-05-09
a90caee2f02cc59cf28469ec71681116,e50de73a50d0f161a8a40eee5e0faa94,delivered,2018-08-17 14:36:33,2018-08-17 18:10:16,2018-08-20 13:30:00,2018-08-27 16:28:31,2018-09-24,58d7dccba104a9fa2a08af3eea15ec23,2018-08-17
3cba7817e430400056f23107daafd6a9,14c584eec1ab0ec9dabee7741f6c075e,delivered,2017-11-26 18:59:14,2017-11-26 19:12:31,2017-11-27 17:44:27,2017-12-05 17:54:59,2017-12-29,46ffe7cab19e3bc89e61c151a4ba4a1d,2017-11-26
71dab1155600756af6de79de92e712e3,8c20d9bfbc96c5d39025d77a3ba83d7f,delivered,2018-02-01 18:32:02,2018-02-01 19:37:42,2018-02-19 18:37:35,2018-03-12 18:58:21,2018-03-22,eae0a83d752b1dd32697e0e7b4221656,2018-02-01
c4b41c36dd589e901f6879f25a74ec1d,4bb880cac21c7a9e1371ab1ebd601706,delivered,2016-10-04 12:53:17,2016-10-04 13:26:11,2016-11-07 16:21:26,2016-11-09 13:37:38,2016-11-24,3f4f614c632af7fc7508462a7cb55ac2,2016-10-04
dde8fc032fcad6d3247ce0f0e99472d0,0722f25bcff38c4412bde18b1f87076c,delivered,2018-02-07 13:26:08,2018-02-08 07:35:26,2018-02-10 01:33:14,2018-03-02 21:23:52,2018-03-14,fa1917ffca8ca670a079330d1e10a81b,2018-02-07
3727244af1446bbfc36da7351cde0ed4,cb23f4f0078cfabcc4b4fad59e95c2a6,delivered,2018-03-18 19:27:35,2018-03-18 19:47:20,2018-03-19 21:52:23,2018-03-20 22:47:31,2018-03-29,a63a7ede1d12df306c0af79765796e1e,2018-03-18
89daf16ca38d1dca141ca4b225351c02,a38093df3976acaf05f45407739a8f16,delivered,2018-06-28 19:12:35,2018-06-29 08:35:15,2018-07-03 14:40:00,2018-07-06 18:38:43,2018-07-25,39ddb5a8821c567447331221d9eaf429,2018-06-28
c5d249c736d0e3a5b29868b9c59e30fd,aa1f321662cf8026efb40a41051f68ba,delivered,2018-08-19 07:40:32,2018-08-20 11:10:31,2018-08-20 13:39:00,2018-08-25 17:58:44,2018-08-31,f00d32103a3d7572d18d4a4ba9c9d4cf,2018-08-19
4bfddd9392014699ab2cbae22a27a574,a74615d4b64e4683f4a872ce9035c771,delivered,2018-01-23 11:34:49,2018-01-23 11:50:47,2018-02-03 10:22:52,2018-02-08 20:09:20,2018-02-20,ff93b5e71bd5be1bbf74ac93c52adcf2,2018-01-23
901a41cac3b7aeb09b79bba006754192,5b8c12a0c8d2c8367265925a67d3fb87,delivered,2018-05-15 21:45:43,2018-05-17 03:16:08,2018-05-18 13:44:00,2018-05-23 18:32:40,2018-06-11,4e0e024ecf013f1487910ad3a94c049c,2018-05-15
82e3a65003da8fad958036c94ad785d1,16cb62869f971957141c3cbde7bf3842,delivered,2018-06-24 21:12:23,2018-06-24 21:34:01,2018-06-25 11:41:00,2018-07-11 14:50:38,2018-07-26,c3cc321141423ab8a38b6822367e795f,2018-06-24
4c27ea95884450945b1cb30e6fccdd71,3b144e19efcbef5c244929d2524d0b74,delivered,2017-08-21 12:54:51,2017-08-22 04:16:20,2017-08-23 21:45:25,2017-08-30 22:19:10,2017-09-13,e5afe1d9dddec823a7635bd6601c4d48,2017-08-21
fa962e76e50f3469ae2abfa54e6d5be0,aa80dff2d54c89d3bc5040a9dbe5108c,delivered,2018-07-22 13:07:02,2018-07-27 23:30:58,2018-07-24 14:38:00,2018-07-25 18:21:18,2018-07-31,5b7724b62e5a4740a84759766904e425,2018-07-22
00b4c651133c06fb175123a492f1cac3,965cef866a59a3cd6d1e92ba0ad2c779,delivered,2018-08-17 12:56:21,2018-08-17 14:27:21,2018-08-17 13:54:00,2018-08-23 13:22:44,2018-08-28,9e11a53a57f750f786cf63a2c4543b27,2018-08-17
a518b0e2cc4f320f21cf76b615df9869,dc20dedafe13e7115406d0761505b778,delivered,2017-05-28 21:12:56,2017-05-28 23:05:14,2017-05-29 09:25:19,2017-06-07 15:59:22,2017-06-21,97815a7fb6efce9322ee1a17afeb1b96,2017-05-28
77af255581f9105559c089f67f770dc3,36dc6bb91bda12512a7e6c9734eec98d,delivered,2018-07-23 22:18:51,2018-07-24 10:31:07,2018-07-24 15:04:00,2018-07-30 17:21:44,2018-08-14,1fc8630d25cd738b571a0acc08c2eff7,2018-07-23
0a9c38d73482b8d81ae7f7ccc5d8796c,19af3b88c973b50b29266c10687fd137,delivered,2017-08-12 11:50:24,2017-08-14 06:25:08,2017-08-18 16:03:38,2017-09-04 21:40:13,2017-09-06,25e8912d19240df7c992f0bc0f61ee2a,2017-08-12
c1b677b6a491c2855ba8486d1f5343b9,a7e5bb9b535b732710a58761d75bc310,delivered,2018-05-19 21:37:22,2018-05-20 00:24:28,2018-05-21 17:42:00,2018-06-05 22:51:52,2018-06-20,ac4d728ffba33afd47b701d5f679a123,2018-05-19
be83e11958329610a35de1f743052c66,307f717eca0f4d202f1461f7c6fb290e,delivered,2018-07-09 09:06:51,2018-07-09 09:25:00,2018-07-09 15:14:00,2018-07-12 16:07:00,2018-08-06,caced00ce28ec8bc918f93f5dacbb708,2018-07-09
b4892e6954a2c805cd6512033cc048ef,7a3a2727ecdcd4f135729a00eaab9834,delivered,2018-04-29 18:20:39,2018-05-01 05:32:30,2018-05-15 07:43:00,2018-06-05 22:38:34,2018-06-04,c6e9368bd27ac7498a2ca3d899e9392e,2018-04-29
a0efff1e00b9e23eebde352c8808ce5a,8da3641c15464cd20c78bb4af6ba6c87,delivered,2018-05-06 18:52:25,2018-05-07 09:15:27,2018-05-08 13:58:00,2018-05-16 15:22:56,2018-06-08,4e17562af6de91d7451db89fe4033e6f,2018-05-06
4cc00a9ac85dee3a197d788b827da7e8,450f484b0a3d89d8728a50225c34cda2,delivered,2017-12-02 14:56:17,2017-12-02 15:10:41,2017-12-05 20:39:05,2018-01-09 20:17:59,2017-12-28,fab35b614a719919f0b94a9f5ba0ee4b,2017-12-02
3462b9aa946649acaf4dbd05d3d61269,192020ae5b4ff52ca59614b0de8bac20,delivered,2017-04-28 20:32:27,2017-04-28 20:45:10,2017-05-02 10:34:46,2017-05-18 15:49:09,2017-05-30,603c883d46d5c7c03c1410d3ad203397,2017-04-28
d79f4264e783c7bfb5a7513f811a236a,468a33d90073632f3d419ec748c83fc8,delivered,2018-01-25 20:59:08,2018-01-25 21:12:33,2018-01-31 22:51:37,2018-02-09 23:29:11,2018-03-05,26e7f29d019a18ca03fcdd0104432829,2018-01-25
b456629690b371c6797ae5ff45d343b6,4bd1c4610c711c1d56bdeafd6e127eda,delivered,2018-03-12 01:28:13,2018-03-12 02:20:24,2018-03-14 00:46:45,2018-03-16 18:48:24,2018-03-22,c400522e65a11a2baea82a7955444181,2018-03-12
64e32e79cb2d36bb6c9848e16fba6029,3582e2507041f4f95a243c5033699acb,delivered,2017-04-28 09:50:33,2017-05-03 11:42:39,2017-05-03 12:35:00,2017-05-17 11:38:25,2017-06-05,c53d03f9adc99be09f81483b33682322,2017-04-28
1ffa782d6d367937efeae11231132a6f,c20ef58701f7d633de740985bf553b3c,delivered,2018-06-28 21:24:51,2018-06-28 21:35:17,2018-07-02 14:12:00,2018-07-04 18:58:59,2018-07-13,21a1a3e9b79be7c67875aa2241bab64a,2018-06-28
ffe4b41e99d39f0b837a239110260530,08013618897a5ba0b56ecd80981470da,delivered,2017-08-31 21:15:02,2017-08-31 21:25:40,2017-09-01 15:47:26,2017-09-11 20:57:51,2017-09-22,8fd5129c5fe27a1218056f58e8eac4e4,2017-08-31
7f64d5e4a277230448eebf7956e29706,2badfd9e28b8f021404cd1af9240f064,delivered,2017-07-26 18:42:37,2017-07-26 18:55:17,2017-07-28 10:53:27,2017-08-04 18:45:34,2017-08-17,810a9a2fce946bf92306da103ca1575f,2017-07-26
d74c5191d69390293b9be9c2efaa8d38,4da745ace3f369d78086d6ddb358b532,delivered,2018-02-25 18:29:06,2018-02-25 19:07:15,2018-02-28 19:48:59,2018-03-26 19:58:59,2018-03-23,23228c19192d79bc2a1d082d2f3f4cab,2018-02-25
ee5cda8e001e5e116ecfadae037c5b1e,67ecc6b957ac04df1289cbb717919aa6,delivered,2018-04-23 12:27:19,2018-04-24 17:22:49,2018-04-25 16:07:00,2018-05-03 21:04:31,2018-05-17,2bfd646c3f848bdd2a4d16a26c57b761,2018-04-23
fa527d564307b3b04c515651b1e1142f,e035b640fc55b9c4c1ea81e244a51ecb,delivered,2018-08-11 20:29:36,2018-08-14 04:35:19,2018-08-17 14:57:00,2018-08-29 16:22:19,2018-09-12,1360252aa9edef582a1795a9468cf52e,2018-08-11
26e3e6e840c4d0af240749313bc6a508,f8ca8eb1bb4f5cc811b78d1a13d57b13,delivered,2018-02-05 21:16:13,2018-02-05 21:30:10,2018-02-06 21:56:36,2018-02-23 04:28:37,2018-03-02,11ded45ed82082a421466de053642ccf,2018-02-05
bd35b677fd239386e9861d11ae98ab56,ad2eb5d02c0808bcd8743117f6383cf6,canceled,2018-09-17 17:21:16,,,,2018-10-01,ef0103e9602d12594d19c2b666219bc1,2018-09-17
98beb6d036255a151fd6d5000ad66da8,cb97139155fd2220668ff63d8e970c64,delivered,2016-10-07 14:42:07,2016-10-11 04:56:36,2016-10-15 04:56:37,2016-10-18 05:56:37,2016-12-01,0d527a050dc34913c5c4746cefae5995,2016-10-07
3740acc7e5399d9f0dcce30f5a8fbcfd,94958d1089510b99c667c815f210ac3f,delivered,2018-01-18 23:16:10,2018-01-18 23:30:37,2018-01-19 22:29:10,2018-01-20 18:28:33,2018-02-02,36835006f94474e84f94706abfad222c,2018-01-18
9b1c817fd98473c0a0dab2a95b5979a6,1be70cd84bb8fdc5c77a52054d6250f8,delivered,2017-08-06 19:10:12,2017-08-06 19:25:17,2017-08-09 14:20:42,2017-08-22 14:16:23,2017-08-29,06703931f8c021842382e00efa3aff5d,2017-08-06
4d1e8e1f2a630776ccfc291515e610b8,84d24bedfabf04b1cb2a9214a7dffc72,delivered,2018-01-11 00:10:48,2018-01-13 04:55:21,2018-01-16 21:25:58,2018-01-24 16:28:49,2018-02-06,1834e23915d9816085a29efd2240c6f5,2018-01-11
542a75015e9fb10f090ea35b36cb470d,f2dcf5cfd4494eb8a92205e95ac2b3ff,delivered,2018-03-26 08:51:40,2018-03-26 09:07:24,2018-03-27 20:10:49,2018-04-19 01:22:07,2018-04-19,9eacbc4f4cf8272583b28dbca59e683b,2018-03-26
0e6844f9954c0a475641b6490c3f9739,dea5d6374006a4aa182a73371da9f731,delivered,2018-06-05 03:52:26,2018-06-05 16:55:41,2018-06-06 14:36:00,2018-06-12 21:51:56,2018-07-18,99411da41bbc717063cad61397ddf465,2018-06-05
c12b8710085638bf3b7deee3f4d14db9,b567379ff604724e8cd07c7ea01239c6,delivered,2017-05-17 19:00:56,2017-05-18 02:31:37,2017-05-18 10:24:39,2017-05-22 06:32:43,2017-06-08,3e4ff24b051b3808294d9c5f0ca9678d,2017-05-17
352b9aec1e649ed93ea863e41dc39439,263177b24413a80ea6aa44edbb774020,delivered,2017-07-09 22:02:09,2017-07-11 04:03:36,2017-07-11 18:07:39,2017-07-12 17:27:50,2017-07-21,33bbf7f44390fb043522808c1ce2bb1f,2017-07-09
6fc020b0ec995fb761ee385f34df5a6a,41a657674484cf533a6cf683a1063ace,delivered,2017-09-13 16:59:00,2017-09-13 17:10:40,2017-09-14 21:20:03,2017-09-16 15:25:58,2017-09-25,0bc9c245cd69735af23eefdd89d74e7e,2017-09-13
4c4f5be51183d9cebf3ce5a81a43e38a,1ef627892521e8ab02bb728a2bb2bb65,delivered,2017-02-22 21:31:09,2017-02-22 21:45:13,2017-02-23 22:22:45,2017-03-02 08:15:40,2017-03-22,532c0dcda57eb6d60990536317479e79,2017-02-22
a15faf55395d2eb26441175d360c6646,22c9471e9da562d23be5f48914b7c3b1,delivered,2018-04-10 12:46:14,2018-04-10 12:55:40,2018-04-11 15:51:51,2018-04-17 21:51:00,2018-04-20,a6631520d8a2620bf53f5c235b2310c9,2018-04-10
6f75ffc4f296c878f6d66178f5684825,51ad396d34dab6f8139ca3f03dc2b0a3,delivered,2018-01-31 09:30:15,2018-01-31 13:47:50,2018-02-01 16:34:42,2018-02-09 17:56:52,2018-03-02,e54e29d6b505249e1d94745115f9d029,2018-01-31
1c1f0315904930fe04e649a6eb20c4e4,d05e102089074ece592f77a56e66d08e,delivered,2018-07-21 17:38:21,2018-07-21 17:50:19,2018-07-23 14:59:00,2018-08-03 11:52:40,2018-08-16,3941d548b98c232be3b02321648523ad,2018-07-21
dcb3d94e55f894b0b78edd5c9a8032fb,4919f32743c45e43a452d499eb67ad1e,delivered,2018-04-08 11:33:28,2018-04-08 11:50:04,2018-04-09 19:02:44,2018-04-18 18:35:24,2018-05-09,2030fe66da9ce66d9238bd5dc4eeb370,2018-04-08
e7b51cb01dc5e8dc9823805f84f98aba,624f018ed734d05a9eed7f8a4222258c,delivered,2018-06-22 16:45:36,2018-06-22 18:15:56,2018-06-26 10:51:00,2018-06-29 14:51:43,2018-07-23,bddac61513223aba841e734a78ad27cf,2018-06-22
e3e3076028a1d6f3e94d131d5ab69014,7711a3e3bfaa43b4a7031ea7915c496b,delivered,2017-12-13 18:14:25,2017-12-13 18:31:20,2017-12-14 20:32:53,2017-12-23 16:09:33,2018-01-10,d6349c498dd4ecaac6bfed760fd0f610,2017-12-13
67d7cb75f0cc86ef6b34e80b1b4f02dc,3558747b3ee96652d1c0f55f1e898682,delivered,2018-04-05 15:45:25,2018-04-06 03:10:16,2018-04-10 18:53:54,2018-04-25 18:36:41,2018-05-04,b4758feb40f5497529fd5b4264c4b256,2018-04-05
4b31647c78c9dd5484852a1c9f29a14f,8c3af92a2d4a22018ee148f83dd61296,delivered,2017-11-26 13:02:50,2017-11-26 13:14:58,2017-11-28 09:51:34,2017-12-06 20:32:35,2017-12-20,8bc55eae796d3377e6f27bb6ec4e28c0,2017-11-26
a18a772d7d1f17c95ee1689b669d3727,ea86242f8c6fc6365cee8cc371065560,delivered,2018-06-13 23:54:47,2018-06-14 01:58:13,2018-06-14 14:20:00,2018-06-19 15:12:16,2018-07-12,46573e1e43bf117ec3e2a0452f7c82ae,2018-06-13
a859c431ae458dee74fe2e549bd8e287,0ca32b1a389a605851fe2da8b0e2420f,delivered,2018-03-09 12:33:56,2018-03-10 04:08:43,2018-03-12 20:04:33,2018-03-15 23:08:32,2018-04-02,2d511553aed478aab7c9c1d8041e4be8,2018-03-09
f395e98fb5c1c6ce1306e80de2fe125b,17b84775b092425883616b88bc1bbba2,delivered,2017-04-10 23:12:09,2017-04-10 23:22:28,2017-04-12 14:40:23,2017-04-19 17:57:55,2017-05-11,35f1161ab7820558312737df4d402295,2017-04-10
7b7f464355b0fe4909df56cd8ac93d8d,a28730bf79d0b8a7bba0da57b026bf78,delivered,2017-11-19 14:42:35,2017-11-19 14:55:32,2017-11-23 22:06:49,2017-12-07 14:52:09,2017-12-12,7c9854c1011827838769d95e5f268f85,2017-11-19
8b83e402930da5b2e9bc93a69dbdf5ac,9b9adebba72d5785b4336e991ac4d847,delivered,2018-05-31 10:09:56,2018-05-31 10:30:40,2018-06-01 11:19:00,2018-07-04 17:44:40,2018-07-18,63ded44f46d409896e3b7c47daa688ae,2018-05-31
5108adf7c59ec5c88f7f272084921e91,05985e0f9bc3426aa52509638f5e7ed0,delivered,2017-12-06 10:53:34,2017-12-06 11:43:41,2017-12-07 14:58:42,2017-12-12 17:52:04,2018-01-03,d180c50bde2c0505448cd5c8ab28d017,2017-12-06
ea884b5a25f86e605e1750bd936e0122,f58fc8280d4679f90ba28d39b64c61ca,delivered,2018-05-09 17:06:43,2018-05-11 03:37:43,2018-05-11 13:46:00,2018-05-16 19:48:54,2018-06-05,a08baa27a7207c2b21620abbb8847ffd,2018-05-09
83f55f5d7e22a8596055a21842312edc,654f1f0c2cfec3d5c8c2da4b83db018f,delivered,2017-12-18 14:29:48,2017-12-20 06:57:41,2017-12-27 12:52:02,2018-01-05 16:22:16,2018-01-23,10d3d4dd023f501f45fa8298a59e562c,2017-12-18
09b70d085a1bfb3b4b2ad8b7c7e43353,c1763055037cbee9f13fb9f115aea5a3,delivered,2017-05-20 17:04:34,2017-05-20 17:22:47,2017-05-22 17:07:45,2017-05-29 16:12:47,2017-06-13,58c7ab6f4e2267d572bcf5c3a987a01a,2017-05-20
06a31d324c43e3350e4a83fb663c151a,b80aae7fc5eeb4752b559061d404bc2d,delivered,2018-07-04 10:59:51,2018-07-06 02:51:21,2018-07-11 14:58:00,2018-07-24 16:51:44,2018-07-31,213766e3aaabb648e85d62c75020ca1f,2018-07-04
a9c12c3dbd383763a49141b30627fd5d,488119c700bb3cf6723a3216356f2e0c,delivered,2018-02-27 11:51:02,2018-02-27 12:09:22,2018-03-03 00:04:32,2018-03-21 21:32:40,2018-03-23,ab6a9070b1a32a6ded0bf6410399ab55,2018-02-27
1d41ac5f5e6002b984d0c8609f0019e3,4126088d17550e0903988d5f07b65e9f,delivered,2018-04-01 11:08:04,2018-04-01 11:50:16,2018-04-05 21:18:40,2018-04-16 19:08:52,2018-05-02,64897b2917925a7254a49c92950aaf22,2018-04-01
1814d90928d9d47d2d43a4154827d649,09ab2c2de0ecac3c7cca42e6a9dea0c1,delivered,2018-03-28 10:09:02,2018-03-28 10:28:37,2018-03-29 23:56:31,2018-04-11 18:53:48,2018-04-24,cd694ea528e48cabceeded7137cca7b2,2018-03-28
b242b34edbc41ec738a3ff3cc4c0ae89,99194ab42c89146967b2403939935312,delivered,2018-02-09 12:03:09,2018-02-09 12:15:39,2018-02-09 22:12:09,2018-02-26 17:14:21,2018-03-01,67a0ed029e6d46ca403fb2896297397a,2018-02-09
f060da7770c69e820eb3a1765915c4b2,049c5780679a316a9155f71602ad1db9,delivered,2018-02-20 16:21:26,2018-02-20 16:31:14,2018-02-26 17:19:31,2018-03-15 18:29:47,2018-03-29,ee729f76831657625c5e8414e0fb5ef8,2018-02-20
80012b4a007a0b502a4dd3c0d6224abd,11cc44380a8e2fa7c5e9d0d1cf4adaf0,delivered,2017-11-24 15:16:27,2017-11-24 17:37:56,2017-11-27 19:37:12,2017-12-05 20:22:29,2017-12-20,91231f74eee07a7a867e3068f1b96205,2017-11-24
1ac738eda8e6f03f198f3cd185d60cb1,80982a05bcad06c7ff17a85f5684d05a,delivered,2017-12-06 08:51:01,2017-12-06 09:12:23,2017-12-19 23:09:21,2018-01-13 11:03:28,2018-01-09,b4e59ceaee1a495eb05d5ed677cc0783,2017-12-06
e20301223addaf02a0ffb7025259e21d,448cc8ddc13987be1c7826486e187eb4,delivered,2017-03-17 13:12:05,2017-03-17 13:12:05,2017-03-20 11:32:46,2017-03-27 12:52:18,2017-04-11,1c7267f397e6ab4a4bb183b27dc65e92,2017-03-17
4adf97ca6d3e14379dd9e26d2a6335e0,5a799d964e08de8aba5211f380a2d988,delivered,2018-03-18 18:21:20,2018-03-20 03:30:41,2018-03-26 15:14:41,2018-03-28 20:34:35,2018-03-29,f5b3798ad9cab199ea4200733fd78040,2018-03-18
ed6f828ab9f3f7383d3ba2115000bf34,003b595c764773e20e0949b6fba7b1dc,delivered,2018-04-14 08:18:05,2018-04-17 04:11:44,2018-04-23 15:56:48,2018-05-03 16:57:41,2018-05-09,6d55b4560e6c8ec28f8ba8099b442400,2018-04-14
d8b8d06e649832819245aebd5d4dd9be,4ba0407ef4897d6caad1f5f0afd828bd,delivered,2018-01-23 22:51:10,2018-01-23 22:58:27,2018-01-29 18:48:38,2018-02-03 14:15:15,2018-02-19,d6acb0147ef284dd6eb6eb0280999774,2018-01-23
455f52f12a5c5e4dbb291823daafc2ab,d81067f5a2e50e54cb03a4a2e1294618,delivered,2018-04-10 08:12:04,2018-04-10 08:29:25,2018-04-11 17:42:55,2018-04-12 18:02:22,2018-04-20,b7b2f8a994ca60cf8ae96aef8ce0a9d6,2018-04-10
64c9c64b12678438c07b5ec6cc785976,285c78651011aff5604aa51d533f034e,delivered,2017-08-18 20:49:19,2017-08-18 21:05:12,2017-08-22 20:02:48,2017-08-23 19:30:15,2017-08-31,07d319843d1d8040fbc73b13634acb32,2017-08-18
1ed51c0babffeaa2c1c67f3202eb0042,98274d79719392f9234d98cd5ba12ea4,shipped,2018-05-10 22:06:24,2018-05-10 22:17:04,2018-05-15 12:37:00,,2018-05-29,c0b205cdd191ea3dbdc7bd75a3632c31,2018-05-10
134dd47f025f4b13cd82ce9e771800bb,ddfecd4bb5e482fca16929e5ece6574a,delivered,2017-03-02 23:17:18,2017-03-02 23:25:15,2017-03-06 07:31:55,2017-03-13 14:31:05,2017-03-27,7ec67b7548469c09a2afb714b096be0a,2017-03-02
8451a3ca4e5da55d9398b9a7bdd69ebf,861ecfdc2d94521ac18fa27618a5b71d,delivered,2017-08-30 12:37:15,2017-08-30 12:45:15,2017-08-30 19:24:58,2017-09-04 16:11:47,2017-09-20,14166069d9873725eb2fc3cd14e915a2,2017-08-30
1629176e313470cd1d1bc811b4695065,5a956bc385c532ba9d78bd4948e7f8e0,delivered,2018-03-14 15:47:48,2018-03-14 16:08:22,2018-03-20 21:17:48,2018-03-21 22:16:47,2018-03-26,9ae2dda41ec3dae4c5c780e251223272,2018-03-14
4c3a834add3595c42eaefa65d28d6fbe,9d2b760186a269cef1fbac0a2e6e56f7,delivered,2018-08-13 22:17:40,2018-08-14 22:15:13,2018-08-16 15:08:00,2018-08-21 12:02:50,2018-08-27,d7430df1244bba45228c4ce327d397b8,2018-08-13
93f2d84974e75f96b47844d03c29ad86,b1ce7c5c5dbebb1e606c6951bc7e39ca,delivered,2018-05-31 20:24:21,2018-06-01 08:51:50,2018-06-01 14:12:00,2018-06-06 22:22:07,2018-07-13,8084988c704b5a6e5b45abc717aeb814,2018-05-31
fb34958eef73f87fb9d50297c5cf14d9,ff0150596f14fb58ab4c45ed2abe04ff,delivered,2018-01-04 23:27:46,2018-01-04 23:38:32,2018-01-10 22:55:01,2018-01-30 23:51:43,2018-02-08,e0d435e159cb71fff2fbd138e71aae33,2018-01-04
234cbb8d0d6f7eeb4e98ec3b67e2b228,8da3dcab0dbc48b3c72b777c51a5bdd8,delivered,2018-04-25 14:54:17,2018-04-25 15:12:08,2018-04-26 12:34:00,2018-04-27 21:39:01,2018-05-14,3b55d03bf003a04f9e63d73b3761d270,2018-04-25
c2f4725573134736acc801bfc32b7e5b,8def1d776006a5e1e8f7f0c9297fba54,delivered,2018-03-13 14:07:07,2018-03-13 14:28:37,2018-03-22 20:29:45,2018-04-02 20:05:29,2018-04-11,88c11a241bcbd239da19623bb23891a9,2018-03-13
6573d97e15833bfcf5f1b739d7a1206a,d9e6a03d7111f7c4e22f426a3b8adc10,delivered,2018-04-09 17:09:33,2018-04-09 17:29:18,2018-04-12 00:58:41,2018-04-20 14:53:44,2018-04-30,ba11e311af362935d1c120ce591d5364,2018-04-09
f553b61e2a7f6dc62c5f8de4ffb4a031,3651eda190f21d4aa9cdee8c5860dde1,delivered,2017-07-10 22:58:20,2017-07-10 23:10:18,2017-07-13 15:51:42,2017-07-28 21:17:58,2017-08-03,2bc8fe8dd2b31bb2bb7601ca808b33e4,2017-07-10
cde18b50957133eca08edb6d44b82575,55542e8fcf627ac213a34c15ad1632a7,delivered,2017-11-29 22:12:51,2017-11-29 22:39:57,2017-11-30 17:27:10,2017-12-07 18:52:54,2017-12-21,65a3525318158c0b3f6f83eac306cc6c,2017-11-29
b7775ddf9a56a4bbabff3e2e84c08b07,c389715f8b1f89ba6f0160230cfd95a7,delivered,2017-10-27 18:19:14,2017-10-27 18:31:08,2017-11-01 15:47:24,2017-11-07 20:08:57,2017-11-29,87a7db17f4e44fceb48191d2e5612acf,2017-10-27
7551853e324ae2235f75bdc6d843069a,ad4c683b0602c8844549f3dae4c59916,delivered,2017-07-27 16:24:12,2017-07-27 16:43:36,2017-07-28 16:02:44,2017-08-01 18:28:52,2017-08-18,0cb8192b2182491f4658ebf98df402ff,2017-07-27
c3e3277d66bf2f2038ae5a5ec155cb5f,57f5750cba88748f13624f2e51dafd21,delivered,2017-08-05 10:51:10,2017-08-05 11:05:14,2017-08-10 15:13:25,2017-08-28 20:22:11,2017-09-06,f2460db02a4d0705d636c5eecc8587f7,2017-08-05
d3cb6dffcf96cec441e9f4bf3367d133,1dd1f1efccf6a33c8dc013fa534e8dd0,delivered,2018-02-19 13:26:43,2018-02-20 07:26:54,2018-02-20 19:15:21,2018-03-26 22:18:26,2018-03-20,66fbda5cd3d87484574fecfad9bee36a,2018-02-19
ea5a4621227b0158f41da12e948e6267,6e9e87f482aa06c630751b6c0956d271,delivered,2018-01-11 19:22:42,2018-01-11 19:31:36,2018-01-13 02:51:32,2018-01-16 00:54:57,2018-01-30,fd0973921b50c01984ebf2202e21b942,2018-01-11
6496c94097bf68ceb80535be2e73c766,580b87d0f8f2e58182b45b9bfaebb3e8,delivered,2017-11-03 12:01:15,2017-11-03 12:10:35,2017-11-08 15:16:45,2017-11-13 20:51:46,2017-11-29,ec0aae9b8d824c714e5acda983a82b56,2017-11-03
7fd8bee2cb90a93904966af3fa39ff3a,ef514bcda50ae5f53d2cf47b150a2b52,delivered,2017-11-23 19:17:08,2017-11-25 19:14:36,2017-11-28 14:29:27,2017-12-01 19:48:45,2017-12-13,99d0bb4a16d79b142a11dc868192eced,2017-11-23
3dfb50022bb703d781966370133ed7a5,e0ef4d2528118e7e4798cfac790e0afe,delivered,2018-02-07 00:09:11,2018-02-07 00:30:42,2018-02-07 19:54:42,2018-02-27 02:52:21,2018-03-12,b1b092a083c48b7fad686b8303e8ccc2,2018-02-07
b88ddd9734df34b674aa16d26fc1367c,bd5d9b3038261c433d1423a644c36f9c,delivered,2018-04-19 06:43:15,2018-04-19 06:55:08,2018-04-20 20:26:38,2018-04-21 19:19:23,2018-05-07,706188dba9f27542681f219a0ed57d25,2018-04-19
0f6896ec061c74612b3a5ab4f2146d0e,ee185cc1e2f628edb1634c85c6a8cd20,delivered,2018-03-12 13:07:37,2018-03-13 09:51:09,2018-03-14 18:03:24,2018-04-24 22:11:57,2018-04-12,46d6ef0a0a6ce806b682f0056519cf83,2018-03-12
0eb9e3204a220fb573180f4e6cd1c63a,edf72e78284083f762b37a95cfc7a220,delivered,2018-08-08 17:52:59,2018-08-08 18:05:23,2018-08-10 15:40:00,2018-08-14 17:20:57,2018-08-17,f64bd0c289eeb81ae3b5fe837f2f17c0,2018-08-08
e293272fdd6886bb17a35ba261ecd822,e016bb60e7c016659aff9f49c4e77d8b,delivered,2017-06-28 21:08:18,2017-06-28 21:15:26,2017-06-29 11:00:48,2017-07-05 16:13:44,2017-07-18,1f30d4af01dce28b64986c9ae7dbb3fe,2017-06-28
93a4103fd6a1562ec4442ddb02a38c5d,0ec7fc82a014f62c13bf934aa074185d,delivered,2018-01-30 08:34:27,2018-02-01 02:56:13,2018-02-01 17:54:52,2018-02-08 19:28:35,2018-02-21,f7f66c1c5d97e5e51a60423cdaa4254c,2018-01-30
10d68bf5b2b29ed413ad7b19c7c601de,9a6e18e7ee795e46395603eb78abf0a8,delivered,2018-08-20 16:50:24,2018-08-20 17:10:39,2018-08-27 13:25:00,2018-08-28 21:33:03,2018-08-27,3d851653ff7a4c5393e62039bf02cfdd,2018-08-20
bdb92d2b88b1514aebc54ba49ed0c20d,0808e1fd27de920368bc1c0b7bfc116d,delivered,2018-03-09 11:34:36,2018-03-10 03:49:28,2018-03-20 17:09:52,2018-03-22 20:23:02,2018-04-06,4fb7466a20c5587f2b4d6716ee6cab92,2018-03-09
a482b7aa67b778d023b1907f6d755134,acd31301924a390d6dcd25fa5a4935a4,delivered,2018-05-07 11:52:21,2018-05-09 04:14:26,2018-05-09 14:45:00,2018-05-16 17:29:13,2018-05-30,cfa9a212b3e5986d1b03abe4c2acff4b,2018-05-07
38eec5bb3f0c72a0441c485a07bd99b5,9794742e512848cf1c6fc1a01f0d549e,delivered,2017-11-24 01:26:01,2017-11-24 01:38:45,2017-11-25 14:50:01,2017-12-02 16:30:03,2017-12-19,5451dcc40a5b3ed99be461fcee2d45da,2017-11-24
0d08cdedf9c8c3f61810976bd0ac294d,54bede416120c5f9378ae0cd22b58598,delivered,2018-04-17 22:29:03,2018-04-19 02:51:23,2018-04-19 22:54:54,2018-05-09 00:04:14,2018-05-18,704797965ae2be5d589d40c610a5d6b6,2018-04-17
f756f24c1fc9b46e384943ba538a23cd,20570aa103cfe5906c5fd29bad4a31c7,delivered,2017-11-28 16:43:45,2017-11-30 16:50:59,2017-12-01 21:29:37,2017-12-22 19:42:14,2017-12-20,fe3b68fad5c51c31c9f8f4c907cf1826,2017-11-28
af249ad76f0a378300eb8de655b82166,e72e967bc245b1b81bf29450b7e47e60,delivered,2018-07-18 22:20:06,2018-07-19 08:50:47,2018-07-19 14:19:00,2018-07-26 20:18:39,2018-08-13,a39447eee91a5da5d34e5d0b971ca1eb,2018-07-18
9ac6fbee35025d21c5baed2768928e69,9d7a2bb8edc04ab8c0cb6f07c9bc703f,delivered,2017-06-05 14:25:41,2017-06-07 02:42:45,2017-06-14 16:02:28,2017-06-23 10:46:02,2017-06-29,b7a2031a9c81771331eca9f0f8213ee0,2017-06-05
2045198a6e7202ea847fd4816f7dde74,9d7e77ac76ddfb20e31bbda7cccf6f77,delivered,2018-06-18 21:21:57,2018-06-18 21:35:41,2018-06-19 14:12:00,2018-06-27 14:22:51,2018-07-23,df5beea38bd02a847395710361d254af,2018-06-18
094960a25bb327dca31de0e2b9a788f9,6bc095de9379a75fe58a5aff2570f2a8,delivered,2017-05-29 23:02:55,2017-05-29 23:15:11,2017-06-01 13:48:39,2017-06-05 15:58:04,2017-06-19,4c4b590239dda8bbb2765ef508567504,2017-05-29
72a704e8fb6c499fad9b26bd8873bd39,91bd4ed51ee3835599963b967d9b9bbc,delivered,2017-12-25 20:54:42,2017-12-25 21:08:41,2017-12-27 19:15:17,2017-12-28 21:07:57,2018-01-15,6469f99c1f9dfae7733b25662e7f1782,2017-12-25
bb464b973005de9d4a87e205925f5751,e4d71181686b734c0c6c10eb9a77e8d9,delivered,2018-04-10 19:59:28,2018-04-10 20:15:13,2018-04-12 01:38:42,2018-04-12 18:04:56,2018-04-26,f4f0ab82bfe4450ddf9867607d6ec6ec,2018-04-10
355a4f037048ba07c6bc1b564d6a8448,929a408d132414093579c5a3156f0302,delivered,2017-07-05 20:49:31,2017-07-05 21:03:28,2017-07-06 13:27:06,2017-07-17 19:17:36,2017-08-04,0a5bb44764db318c6e5f36f260f86c55,2017-07-05
190f1efcb8b7f7fdcf6690c0c3e78c39,0975b736f07ef1af2adb4e91cba4a035,delivered,2017-12-23 22:51:50,2017-12-23 23:08:39,2017-12-26 18:52:27,2018-01-11 22:34:10,2018-02-06,43af7184f8a067a1e49b68cd97c94ddf,2017-12-23
35bd296a8ad55ea37b88e2d4c04dca4e,0618ac28167d5d02f1135f98d3d4166c,delivered,2018-08-07 14:16:50,2018-08-07 15:00:06,2018-08-08 11:44:00,2018-08-13 17:51:24,2018-08-17,0e3f036864658ee700ddaeb289c1aa9b,2018-08-07
eccfa9494767cbb5849832af90431606,8f8bb707c5803bbdf5c57fb926b79156,delivered,2017-04-02 17:24:38,2017-04-04 06:05:36,2017-04-07 16:18:09,2017-04-23 14:05:14,2017-05-05,69e153a22aec26236b01d02d97406801,2017-04-02
b642a3e08bfd10119c9b7e948c936e93,f623e071624706724ec88fbb991b6833,canceled,2017-02-03 01:03:44,,,,2017-03-06,cc22bf98f7334481f650e169e5950fdd,2017-02-03
a54247c75dbedef28cd7bef1314b5403,31c37978fdd6d7179196ca3a7937d1e8,delivered,2017-11-24 13:50:23,2017-11-24 15:57:39,2017-11-27 17:28:49,2017-12-14 22:39:40,2017-12-18,7da044eb7a4e468f3fd7c842693aac7e,2017-11-24
aeec431748740b82048a6041aaa69c5d,a3aece79030168b1da9bfc09a9d8e092,delivered,2018-03-09 17:23:29,2018-03-09 17:35:29,2018-03-12 21:21:53,2018-03-21 22:58:33,2018-03-21,014644ae002bacd78bb05521f7e9aaab,2018-03-09
37426c9050d76817b80ce7208f081fbd,a9104554c614b23afc445ac39a802173,delivered,2018-04-22 19:48:14,2018-04-24 18:09:44,2018-04-24 02:07:00,2018-04-25 19:26:35,2018-05-07,abfbac96a5247e371a3767d939516151,2018-04-22
04093e1c2379ed67d202eb2914ded68f,dc65bea8cc50fddf15c1121ee9bd1666,delivered,2018-05-04 23:20:54,2018-05-05 23:15:16,2018-05-07 16:12:00,2018-05-14 20:28:50,2018-06-05,1041984947244b4e40b8582d864190b2,2018-05-04
bbf6f71330cce4afde803651c4f05e54,4c932732dbaccc94a29104748b603548,delivered,2018-03-08 16:14:00,2018-03-08 16:56:03,2018-03-13 23:16:27,2018-03-27 17:03:17,2018-03-27,96b482d81d31251add90a9fe63fbbcec,2018-03-08
ec0dc4b572563095782c3e96a9f4d205,a5dbb47a11f753332945a2acdf6e84c8,delivered,2017-07-21 11:05:42,2017-07-21 11:15:22,2017-07-22 14:22:15,2017-07-27 17:41:12,2017-08-16,479085be6190cd4a8e610b4fcce5f29c,2017-07-21
d9544a5262bc4ab34c701c37a69635c2,b12e23d0bf11297749d4ff141ad16040,delivered,2017-07-30 22:21:37,2017-08-04 11:33:20,2017-08-02 18:22:28,2017-08-14 16:45:09,2017-08-22,0a8c55f76bab1867b991c28c10806613,2017-07-30
277de059a7365a4f74aa03167d68bcfd,b8a634625fa41f544ecd0fd73beb9dfe,delivered,2017-11-24 00:24:43,2017-11-24 00:54:51,2017-11-24 14:12:38,2017-12-02 00:26:45,2017-12-18,5d88f4d1a80fc3ac61f3f1e101245d34,2017-11-24
fdcf099f6b0c76b932c7edea455576d8,d66016b8ab0c0a775bba7b91598d053c,delivered,2017-09-25 10:10:53,2017-09-25 10:30:13,2017-09-29 17:42:58,2017-10-08 16:52:10,2017-10-10,39819c106a631d66860aa9e484da12f5,2017-09-25
c6772701a7cff60ffa313b5854c7d503,e52b71f689001defd2ddf659c41e7324,delivered,2018-08-08 13:44:54,2018-08-08 14:04:56,2018-08-10 19:12:00,2018-08-13 15:32:40,2018-08-16,d3729a20d98aab032427c9d19d7cb7b9,2018-08-08
e67aba456e4119812662af5c37e7b945,0fbe8d6603447c975e197c946e84aaa0,delivered,2017-04-04 12:06:24,2017-04-04 13:06:31,2017-04-05 12:29:03,2017-04-07 14:48:40,2017-04-25,517c865d450011c44e5ee00824de556a,2017-04-04
3ebcb0405b37542a02c3ec916ff70b36,dc8db098922025f1c3f876c9705610e8,delivered,2018-02-10 15:44:55,2018-02-10 15:55:31,2018-02-14 21:31:26,2018-02-20 23:16:54,2018-03-07,98f835a7ef58140b6e3ca1d2a1e3f176,2018-02-10
5388e2708f398a221ce222e9ba8ef02f,31ecbbcca57a3f7ed2a50e429b6d0bf5,delivered,2018-06-12 01:06:41,2018-06-12 01:35:14,2018-06-12 10:17:00,2018-06-21 00:50:44,2018-07-13,057707b95bb0f789915111ab30d7b772,2018-06-12
62aa575eee0e9366d015bca35757379d,929c6bcd8432a26aaacd0246a356be27,delivered,2018-01-21 21:02:39,2018-01-22 13:59:28,2018-01-25 15:52:54,2018-02-07 20:32:53,2018-02-19,6bf1e2d6911c925d0475d1c3b09eb270,2018-01-21
91b166cd6dd1eeedaae97f48691bf706,f034ceb6936919a215962d7a61080943,delivered,2018-06-06 13:21:07,2018-06-06 13:32:56,2018-06-07 07:39:00,2018-06-15 14:34:52,2018-07-13,be3eeb2557031c7485ca39f1fe57aba7,2018-06-06
48251a875839d15f52e7dcb61e93628a,cae0395b5740ffe6461b6950da7d0c6d,delivered,2018-01-20 15:42:47,2018-01-20 16:00:33,2018-01-23 13:26:54,2018-01-30 23:47:54,2018-02-22,1a151fb5f194e80d132be7ae7d99fc8a,2018-01-20
4b4a19bd8b1065ce9a4f227eff142150,68e39b15a421a9bbc7df0dd39c3a2bff,delivered,2018-02-16 15:07:18,2018-02-16 15:26:52,2018-02-21 10:04:14,2018-03-14 20:36:23,2018-03-15,8d73f2a7154dc80a4dbbf37dfd3d2263,2018-02-16
d37d89dd6d36e423ff7296dc9482c53e,67a28655b804d6a418964f3dd4e214bc,delivered,2018-01-23 18:47:39,2018-01-23 18:58:25,2018-01-31 17:19:04,2018-02-20 17:28:05,2018-02-19,d10582c312d1c3a03ed8ea136273c54d,2018-01-23
5260ac84bdd23400bd774a4507093208,39d83180f85dee8f5a5ac4d58a8f4880,delivered,2018-02-27 12:23:58,2018-03-01 02:55:32,2018-03-08 13:37:52,2018-03-09 22:56:40,2018-03-28,3ec83b54e0afb70def9480cd6b9097f7,2018-02-27
a2a0c616802ddf184bbf68107f4a9827,e48eeae6ebf2b3fc656815c6cfbcc6fa,delivered,2018-03-05 21:45:05,2018-03-06 03:49:11,2018-03-06 19:08:14,2018-03-13 12:59:57,2018-03-29,995facb032e4446a511762f5f842eb11,2018-03-05
47b0e0983b9239a0ac87843ffc19d0a5,7020e142bd2d3cbdaa532b65ac8fc35f,delivered,2017-03-15 13:31:52,2017-03-15 13:31:52,2017-03-17 07:51:52,2017-03-21 17:08:31,2017-04-03,4bd8b0af827fefd2472914252646428a,2017-03-15
518f64553f1bdccfe47ed290584a60a3,d42189413c7699ea8214e0ec9e0cd70d,delivered,2018-07-04 14:42:06,2018-07-05 16:35:08,2018-07-05 13:29:00,2018-07-07 12:42:00,2018-07-18,5cf00c03fef2211bb9c8483a0d393315,2018-07-04
b3311a70844e97acd4e111dac452a341,0eb1f7243ce47d7b87fd0615123732b8,delivered,2017-03-22 15:13:20,2017-03-22 15:13:20,2017-03-22 16:19:27,2017-03-27 13:08:22,2017-04-12,d7f535c3d4084c63479b6598bedfc003,2017-03-22
b29379bd37fb3341ad28686c0878a7a4,86ef6f70541aecb8e52399900b2b1391,delivered,2017-09-21 19:55:51,2017-09-21 20:05:20,2017-09-25 20:23:28,2017-10-03 20:22:00,2017-10-18,4f2029f4e7aea8455f5c1cb9de0b7ccd,2017-09-21
6d67e84d12d1216ea08f95b805d1848a,8fb481b4f5b2ee031391617a491a3753,delivered,2018-03-17 09:27:55,2018-03-17 09:35:22,2018-03-21 19:15:47,2018-04-04 16:54:16,2018-04-09,23c72a5dd1dcf9bd26cbe4786a8d068b,2018-03-17
104d88e666e2ec697eee4ce419862e5a,64c186d30231c7d4c0c20760bdcb092d,delivered,2018-05-15 13:37:27,2018-05-17 02:37:23,2018-05-30 14:03:00,2018-06-08 16:08:44,2018-06-26,d4e6dfcac8c74ccb645213f3af53bfdb,2018-05-15
f51e3c7f79d1e2c076acbb6af1588b95,3469ebe2f9aa5e08f1a85ecf20b549e0,delivered,2017-03-10 20:04:32,2017-03-10 20:04:32,2017-03-15 13:27:52,2017-03-17 15:28:13,2017-03-29,755bdc2822a8f01cfcec19ae4dcaae66,2017-03-10
65eee6d1e2ff3fc9e0381565deb83b71,e9815153ada2825b5b32f1df33b44429,delivered,2018-03-21 23:56:23,2018-03-22 00:16:12,2018-03-23 00:18:39,2018-03-24 17:42:38,2018-04-04,7d3cc964033c8ee02748d80b8002d27c,2018-03-21
cb9330eec7f496a4f3a7c9764843edce,f8a4799330b4414d1ef3ee5d5e7e9dc5,delivered,2018-02-02 15:26:32,2018-02-02 16:00:26,2018-02-05 21:53:12,2018-03-05 18:32:43,2018-03-07,0f0ad84441fdd8f9d3d8972667ddc403,2018-02-02
47649a3165ce361837432d13074e8855,786746e271f583af426b9ae221ab207f,delivered,2018-03-29 21:59:53,2018-03-29 22:15:18,2018-04-03 23:46:39,2018-04-05 17:51:44,2018-04-11,aff674feb6f0a17ca0a26ec7e18129a8,2018-03-29
6e293c815e8f107882d9a0671546697f,f57e646ab82ad4ec35eb06a5bd2a4fb8,delivered,2018-04-05 23:02:52,2018-04-06 22:55:22,2018-04-07 17:03:54,2018-04-11 18:19:24,2018-04-17,fd172bb6baa09817d1f39e075be3f137,2018-04-05
639d641103a2eb32e871e36bf3df366b,8d3800a0067972ea136a0ba0a17986ed,delivered,2017-05-08 22:42:49,2017-05-08 22:55:16,2017-05-10 13:23:07,2017-05-24 07:47:17,2017-06-02,5371fc534b782c8ef7545dbb1956603b,2017-05-08
5cd692d410145f2f1d7ac869a323707c,471e287a6db1907b68059d0e15a1c424,delivered,2017-05-30 15:43:46,2017-05-30 15:55:22,2017-06-02 13:06:05,2017-06-08 12:23:54,2017-06-22,13a94b1d5f949aa3660cf0e6e740d74e,2017-05-30
5feed08e8f66735ba71592e68d15a602,ba26119ebc275d7342f7f7a400c0cfd8,delivered,2017-10-29 15:23:08,2017-10-29 15:35:09,2017-10-31 15:43:33,2017-11-03 14:32:30,2017-11-17,cfe31dd0d736bb373e0cf91c58dbafbd,2017-10-29
78be8a4c5a531df37c34de28d78a33be,d1447a4d85f6a575054747caa6a8af8e,delivered,2018-08-16 17:21:29,2018-08-16 17:35:20,2018-08-20 15:17:00,2018-08-21 22:32:16,2018-08-22,b570a0fdbecec7f4f17051b66ef05041,2018-08-16
614aa8cf398f41bad8fdb0b0927c014a,ca6187373928f3f6a481bbfa1626b72a,delivered,2017-11-23 13:21:52,2017-11-23 13:33:05,2017-11-27 15:09:26,2017-12-02 13:16:54,2017-12-15,363603bc032a177f9d6d2c0d00d23451,2017-11-23
267bbad19472e684df4bf42472de57b0,dbfe1db80433dbb5886d4c7994ddd82b,delivered,2018-04-25 21:33:59,2018-04-26 17:31:48,2018-04-27 13:57:00,2018-05-07 17:23:50,2018-05-24,868587bbc0206775946abfd71292f8f7,2018-04-25
a4aa1f375705ffd3e164feb2d98f1a77,6e51797a641218295e6b67fb8f01d0b5,delivered,2017-05-10 22:08:52,2017-05-10 23:02:33,2017-05-11 09:44:51,2017-05-16 13:15:57,2017-05-26,dc233e62186f502e96ce4b81807385d2,2017-05-10
29762256baa078e5ee816868b0224ae4,4ef60e9aedb2b170022f42d5a78248bc,delivered,2018-03-21 14:18:17,2018-03-22 02:56:07,2018-03-23 13:42:56,2018-04-12 17:13:05,2018-04-24,add187c25228f9d0f6cfd91a8a14a647,2018-03-21
0df136a9938704f2ee4f14c0661ec032,64fa463ef0a19e25ed8a2aa16fc06de2,delivered,2017-03-23 09:57:53,2017-03-23 09:57:53,2017-03-23 15:24:39,2017-03-30 14:16:18,2017-04-18,238f697d330ad27fda03d391f01137a1,2017-03-23
86dc88ddd65ce09259b6fa9817363312,04756e2ee87fafa85f80184649453aaf,delivered,2017-06-05 13:52:48,2017-06-06 13:50:20,2017-06-06 15:01:14,2017-06-17 23:54:54,2017-06-29,b6d5fd7b03f36ea0cc2e04df2ee26ca1,2017-06-05
eeee9fc265c35c747336ac03cee7cbdf,b87a8d457532d41ceedd4d6550600edf,delivered,2017-11-22 17:49:16,2017-11-22 17:59:32,2017-11-23 19:18:55,2017-11-25 13:13:15,2017-12-04,4293ac5e626b5b11871f541c0ef52196,2017-11-22
b28cf8bc138dae69d0c5ae801401a0a8,2a9fd9f567776619d9583920325d2377,delivered,2017-10-30 13:19:39,2017-10-30 13:31:17,2017-11-06 22:32:08,2017-11-13 22:42:37,2017-11-17,af691b0a43903d20a325542da55099cb,2017-10-30
e99ad24ae882053c1748c15ce2fdb0d7,538f5ebabc8b42ab3d71536066a64ed2,delivered,2017-09-08 00:41:34,2017-09-08 02:34:04,2017-09-11 12:26:35,2017-09-14 21:16:23,2017-10-04,462bb3bbbb472504944511257137ebc8,2017-09-08
89561bab2f540ec47002eb8e0fbec2a8,0f627b6ab38a1e8e4f2bcacb521c20da,delivered,2017-10-15 20:56:39,2017-10-15 21:14:22,2017-10-16 20:17:56,2017-11-18 12:14:27,2017-10-26,05e5cdba492bb2f2881b3490315f27ce,2017-10-15
61a8839369074944332ccfa0491f3d4e,629cfc9be4d3655d489d76eaa66606c8,delivered,2017-12-23 12:45:20,2017-12-23 12:54:51,2017-12-27 20:17:51,2018-01-15 18:47:57,2018-01-26,8e90eb088a146c81434f5986c7899406,2017-12-23
2a7829351028a2cb2ef2af86148cec49,ebf3d2ad1718503dfc694bb6bb83c74e,delivered,2018-06-26 18:06:49,2018-06-26 18:43:21,2018-06-28 14:48:00,2018-07-02 22:38:46,2018-07-17,6402068d629d7ff243aea14e306910e8,2018-06-26
82f4132e89e21a9294ff6bee8e6a9a3a,3dbac935fb077003b3cd7b6e9ae9ecb7,delivered,2017-04-01 11:23:53,2017-04-04 05:45:13,2017-04-04 13:14:38,2017-05-07 10:27:33,2017-05-12,45861d13dc73fcddf277794733a88510,2017-04-01
b86ec88f5bffbf1f61fb5daed332e355,5daf8c734e89f88e5305f9283e7ca135,delivered,2018-01-24 15:15:26,2018-01-25 02:58:13,2018-01-29 16:56:49,2018-03-01 21:57:09,2018-02-14,47c1a3033b8b77b3ab6e109eb4d5fdf3,2018-01-24
5a72aaf4a78a5e2b0ba132b0e9c21fb1,6ee45baed0289293ba172055f0dd9011,delivered,2017-11-25 19:41:15,2017-11-27 19:39:43,2017-12-01 19:18:22,2017-12-21 17:03:15,2017-12-18,4f88e6285f805c9a823ba23291a65ca3,2017-11-25
ac9dfcb098b29edba5d0cbd3b4febefd,6f9006bb7c969010f3b9a8252bf7a8fe,delivered,2018-05-04 22:51:30,2018-05-05 02:53:54,2018-05-08 12:36:00,2018-05-09 20:14:56,2018-05-21,db3073c0e926f86ee0683c94d12f5ff6,2018-05-04
eb76dacd087607fabfce4eb43d0f59d6,53c06831bb94ec9ce2eed089f5ac94c9,delivered,2018-02-19 10:05:51,2018-02-19 10:27:43,2018-02-20 16:25:43,2018-03-16 13:34:36,2018-03-09,c100ac3d0b41d5ac99668f12b0676527,2018-02-19
b833c7dd492bcb53f2b6de8d0e081dc2,cce9122504ffe615a5971a2c761dbfcf,delivered,2018-02-06 10:55:07,2018-02-06 11:11:50,2018-02-07 21:42:23,2018-02-15 17:20:52,2018-03-06,b631a2a0c903d65b9e3832210ff8c2f3,2018-02-06
2bb9ca1905f76e4e33fc5ae85351dbee,ba51602010a37a575ea1860756b5c356,delivered,2018-05-16 20:46:45,2018-05-16 21:14:03,2018-05-17 13:51:00,2018-05-24 22:21:55,2018-06-01,929f54e2e447faf33b0a25d6ca3e4c91,2018-05-16
777f086f57e89ea16f5b49fbcb4a34a0,76b4852bd6798647a30878e64ddf59e3,delivered,2018-06-20 13:45:54,2018-06-20 14:18:13,2018-06-20 14:59:00,2018-06-21 21:36:36,2018-07-05,655c48cdd8d6ab9fb8705f4495811ec7,2018-06-20
844cfd170bcdbf34353a0f09b860b61e,62f47d0e6762623abef35d72603bbc5b,delivered,2017-12-08 09:38:19,2017-12-12 03:49:47,2017-12-13 19:17:43,2017-12-26 18:56:03,2018-01-05,30d4c5e28ea8ce0ae64404d12398a620,2017-12-08
e40a14dbad08901c276df1547f261960,3c7a441eca1f6d15ac2bb0dca7ff073f,delivered,2018-02-13 17:40:22,2018-02-13 17:50:27,2018-02-14 20:22:40,2018-02-27 01:32:50,2018-03-12,642bcaa6b28d32a07518d84e4598e4f9,2018-02-13
d8253682886103126c169f93e8b46349,17cc65ff9ac50c525332662f3261a9bb,delivered,2017-11-03 09:02:50,2017-11-03 09:15:27,2017-11-06 20:09:21,2017-11-17 20:18:52,2017-11-27,cf559d0aa778151726948fd3f6744031,2017-11-03
1df2775799eecdf9dd85024255c611b7,1240c2e65c4601dd860e3a36703a362b,shipped,2017-07-13 11:03:05,2017-07-13 11:10:22,2017-07-18 18:17:30,,2017-08-14,7bfed641a832a3c4d47cdd36eb6eebb4,2017-07-13
5fed29bc3234f8a50dcdafe6754b62ce,137105b0420e2f6a83fe51bd237888b0,delivered,2017-05-30 17:36:49,2017-05-30 17:50:25,2017-05-31 23:32:44,2017-06-06 14:27:52,2017-06-20,636f22218f8430a8463c5ddc5f68fc62,2017-05-30
dbb4e39f97a75cf8ffbcbd214f596b1a,b511d5f0d9d2f2fdcba72ba5f2853e61,delivered,2018-05-03 18:14:31,2018-05-03 18:34:20,2018-05-04 14:53:00,2018-05-07 22:39:40,2018-05-16,ce04a8cc325b67e7a024a490971098d9,2018-05-03
faa68fcba0ef1321e0c356db33de5293,e814ceee6c93933d5faab1e4beed3834,delivered,2017-11-24 11:20:08,2017-11-25 05:51:24,2017-12-11 18:06:59,2017-12-13 21:44:58,2017-12-11,4fd3a2b66fae1c2e6ef8b82bb7de0f8b,2017-11-24
62b86d4e40eb55d675e2ff8be00dd5e9,ec03908b046dc095ebb255624980a662,delivered,2017-03-09 18:15:38,2017-03-09 18:15:38,2017-03-16 11:27:58,2017-03-23 15:03:59,2017-04-04,cef29e793e232d30250331804cdb7000,2017-03-09
fc9c5a8e296849292b4aa44da1911cd4,eaa3b132d1e0b5dde46a365869e7a5e0,delivered,2018-02-03 13:00:36,2018-02-03 13:15:25,2018-02-05 23:33:49,2018-02-09 15:42:30,2018-03-07,cc0a5880e8be264223137f4ff92be8fb,2018-02-03
16e9aa07e3c0747d339a73bf9c1d275d,ea79db9c02e4bf4172f8cbbbc24fb0be,delivered,2018-04-17 22:36:19,2018-04-17 22:51:53,2018-04-18 19:41:21,2018-05-03 19:53:37,2018-05-21,b8bfcf7798266fa3a7231aa544a995f3,2018-04-17
fe751fb989fdd6ff6c21a0b708da0d13,caf69cb2c6e8252358df8fabdc9544f7,delivered,2017-12-28 23:14:50,2017-12-28 23:27:09,2018-01-02 19:35:12,2018-01-12 22:10:41,2018-01-29,589211c7448e6c3b58b0ba98ce089ee7,2017-12-28
5770d4a84c1a09336d4c93063323d21d,9b8959f26f86edc945df217520cbeaa2,delivered,2017-07-19 12:11:51,2017-07-20 12:15:15,2017-07-20 17:12:16,2017-07-27 14:34:23,2017-08-08,df007ad04aeddf83412205ee12f4eb6b,2017-07-19
c5f0b9e8bd23e3d37855d76739573355,2d168556d327700dc590e84a3b12112d,delivered,2018-02-05 17:50:38,2018-02-05 18:50:35,2018-02-08 22:32:27,2018-02-20 21:55:22,2018-03-06,fc1c735fd279ad7321e7b40a4f9d361f,2018-02-05
0d336209744bc116bc1a7accb463c189,8399381026e573d8385a57a5bcd56a3d,delivered,2018-04-18 16:19:52,2018-04-18 17:33:42,2018-04-19 02:04:48,2018-04-28 17:16:50,2018-05-16,634f869ea88a6d677d7c9867fcbb4078,2018-04-18
a1b97f7eccbf23999b9ab8845ea122ca,c3e6ec183b30f552fdd43a367f096d4a,delivered,2018-04-28 21:01:16,2018-04-28 21:15:15,2018-05-03 15:41:00,2018-05-16 20:51:32,2018-05-29,56e3a158ef88285f2c15a83db0b13d93,2018-04-28
6a096fcdddba23fd2ee58971dcd1654e,eb8a54dde52e8436241c322baa3f95c2,delivered,2018-05-22 11:20:15,2018-05-23 02:15:45,2018-05-23 14:10:00,2018-05-24 16:12:15,2018-06-01,ecbd5e5e691f31008f06bd1f89d47da9,2018-05-22
5922f7c7645fe4c84b8074f7574dcacf,6c87ef9fb2c74c744c17fd3b3c766d80,delivered,2017-07-04 09:44:04,2017-07-04 09:55:23,2017-07-05 12:17:16,2017-07-10 19:43:46,2017-07-31,a17591c68d74494e94074094e95da2bc,2017-07-04
fcde2f7449493b4f207a23fae117b0fb,e66de6386879967a7fb922ddb088609f,delivered,2017-05-24 00:13:29,2017-05-24 01:25:28,2017-05-24 17:47:03,2017-06-01 12:52:47,2017-06-20,86a78c9e5114f4ed30887d4fd8153d9e,2017-05-24
bb2481cfc7467d4d8ee14699270dd7e8,2a7b2b2d08b5bda4cdd784673a9c5fc0,delivered,2017-06-14 11:13:00,2017-06-14 11:23:15,2017-06-14 12:41:54,2017-06-26 17:22:21,2017-07-06,a3bb825683fd40e0912a603dc155bf78,2017-06-14
47912b9e87f6d0977dd948e2722435ee,b7e4bc42b98ab6bef3e09b78c085267c,delivered,2018-04-28 12:19:01,2018-04-28 12:30:31,2018-05-04 15:11:00,2018-05-10 19:26:40,2018-05-28,50b09c61ddb88b40e50385f79f6a3eac,2018-04-28
5dabb1e690a8366ee254e5ed03022359,5e0cc56654515ef0d944ea6d58a52f37,delivered,2018-08-13 14:12:39,2018-08-13 14:25:17,2018-08-15 14:26:00,2018-08-18 01:56:38,2018-08-22,119bbf0e31a0f4740de10ad52403d0ea,2018-08-13
16647da0639fd5db20f1e8de9305bc5c,0a28710d39c87618a19f30a66d3a70e4,delivered,2018-01-15 20:36:27,2018-01-15 20:50:43,2018-01-23 15:27:02,2018-02-05 22:33:41,2018-02-22,bc75c925b9f7994e23fe4ecd6f1004f8,2018-01-15
f3b7643e42ed973c3f506f7ba18a6723,a14924ce978973b7ad6127c0115d3aaa,delivered,2017-09-10 16:51:58,2017-09-10 17:04:32,2017-09-13 11:36:54,2017-09-15 17:37:48,2017-09-28,e8bf6db2cc8a96abd07ec7c5ae755f40,2017-09-10
a47209f5c19200ebf7bb28427db5fc1a,fa93ce4834c0f048dfd4b15cb6542beb,delivered,2018-04-18 10:19:22,2018-04-18 10:35:10,2018-04-19 21:57:22,2018-05-02 21:31:58,2018-05-16,2c0e71415fe77e6fcc74d50c42ebe0a9,2018-04-18
2cf35c553f356f26bf01262d9a4880fe,e50d75982d1fb2793e4f64c3dad738e7,delivered,2018-04-05 12:17:27,2018-04-05 12:30:22,2018-04-06 21:57:41,2018-04-09 20:32:38,2018-05-03,44e672b6b024306dcda61f892b3236d3,2018-04-05
9125c1064ed28a581538a66da2a84750,e7fa14abbccc3cdab0705a9dc2fac2cc,delivered,2017-07-24 23:16:25,2017-07-26 02:24:11,2017-07-26 23:33:26,2017-08-02 22:23:20,2017-08-15,5ebcc695177dfd1f266436f90c06acd9,2017-07-24
fc673f244cbed55f48d925a2f75e42ea,fa7256ca985236e438321af2f1128658,delivered,2018-07-31 16:32:47,2018-07-31 17:30:57,2018-08-01 13:41:00,2018-08-09 15:58:54,2018-08-24,2aafc5241571cdd2006d5570da1b5445,2018-07-31
72be45eab146087612b9ee932e825574,bc225b031d110d0b09ed6f25762f2e83,delivered,2018-04-12 15:23:19,2018-04-13 18:31:07,2018-04-17 17:24:52,2018-05-02 17:38:49,2018-05-10,63b7f76bcd7937a717b189222c61160f,2018-04-12
e35fda43bb9963155d19ccc348e92845,afae2e90dfd0d2e98b0a3c5727682725,delivered,2018-06-21 17:53:24,2018-06-21 18:21:28,2018-06-25 09:15:00,2018-07-04 17:49:31,2018-07-27,b312ad624f97da964dcedfedc0f302ed,2018-06-21
0cafd6a7576a6aae0f891008a87f1546,c758396a502648cb2e77ef06e0807a00,unavailable,2017-01-20 10:31:53,2017-01-20 10:45:12,,,2017-02-22,a176378c7ad0b4cb3561692f234cecca,2017-01-20
87d43116721d5ee0c0748fd7d393cc9d,a7f4253f2a560d4035c330dcef235b74,delivered,2017-02-01 22:31:12,2017-02-01 22:41:28,2017-02-02 15:32:44,2017-02-09 19:32:37,2017-02-27,a5c806ebe5b25d0ab1e7f0da0e17d6bc,2017-02-01
00d0ffd14774da775ac832ba8520510f,a2f3de2a0a84803cef018776a2e76c9b,canceled,2017-12-23 22:25:00,,,,2018-01-19,89ed72fbc1310e515b1e8cea6b590782,2017-12-23
45c653bdeb327fde86e2a52bd3d33e89,477d25a94a52bc31e37ca4c2bd589cb0,delivered,2018-06-04 21:49:36,2018-06-04 22:11:14,2018-06-05 13:23:00,2018-06-11 16:18:38,2018-07-13,109c0aea81864dae8cf00c471e72779a,2018-06-04
89344f70ec7aae1fdaa6dc1b338c5681,976742f809adb07d9fd01c857b74c176,delivered,2018-03-13 18:11:02,2018-03-13 18:29:22,2018-03-15 00:52:24,2018-03-19 16:12:12,2018-03-29,ba8218e0b58ca0fded4edefdfff9cd2f,2018-03-13
44b87ee6f37f915e2a218287d1acf1fa,e271b94a2dfb2eea947d8f70a27a6cef,delivered,2018-04-15 17:04:07,2018-04-15 17:15:09,2018-04-17 20:19:28,2018-04-24 18:47:03,2018-05-07,18926c11ec8494580ba087381422f9c0,2018-04-15
a32c1ae6b544c2e27c53db079e2a3af6,1f85f3a63d7486a6a223798bec7e9900,delivered,2017-06-27 12:24:08,2017-06-27 12:35:41,2017-06-27 15:33:40,2017-07-10 20:22:56,2017-08-03,8d22c683064d0fa7455ab4a20a41732d,2017-06-27
52b1b3d6e18f1bf504f285c0a8f0d276,db09079896ba2bca8288a3a712e043ab,delivered,2018-06-06 10:54:03,2018-06-06 11:13:55,2018-06-08 16:55:00,2018-06-19 19:21:49,2018-07-24,ef81e58722f3eda0bc104a8131df4309,2018-06-06
f5c948dcc066017d10fd2dd3d01cea6d,9a742779321ef50e42cabb09ea58bfe7,delivered,2017-02-11 13:39:30,2017-02-11 13:50:17,2017-02-13 12:19:22,2017-02-20 11:22:10,2017-03-10,203443313490c84f08aadead1dbde82f,2017-02-11
4bea5d6a48f99c6518dfc081ef04ba15,44d63d6f7f4bb07074143c02809dbe89,delivered,2018-01-18 22:51:17,2018-01-20 09:10:33,2018-01-22 19:38:31,2018-01-25 12:09:38,2018-02-09,51dfe948f75a00cf916f00a0a38a6551,2018-01-18
e884a5f13002803a9e393c21d0c1b257,cb6967ba89bf0c0146e4cb9eeb5b440d,delivered,2017-08-16 13:10:41,2017-08-16 13:30:18,2017-08-18 13:44:40,2017-09-05 17:00:13,2017-09-18,c55821f6a2a59a93d4cde13a2ec14661,2017-08-16
d477ea450bb767cf9e8bea5fde7336d8,64e5b5b5abea3d62bf84acc78478f8d9,delivered,2017-04-26 03:54:32,2017-04-27 13:36:39,2017-04-27 10:59:36,2017-05-05 15:23:56,2017-05-15,66fef063fe437a2e4f53df12ad8634bb,2017-04-26
2c9e182f7a193ad787c1e4dda16768c1,6724e5d010a374b2048e209baefe6784,delivered,2018-07-31 20:43:31,2018-07-31 21:20:09,2018-08-01 13:22:00,2018-08-06 19:02:49,2018-08-13,2580a5868f26b306e707058cf9cb2761,2018-07-31
08a2535facf687274c238d2c9f59b7ce,679ffd2f67c23646db9095fa12b8052b,delivered,2018-01-12 09:15:42,2018-01-12 09:28:29,2018-01-13 01:38:12,2018-01-26 19:08:52,2018-02-08,c06c4cd7b04f7a00770b273e06452f6c,2018-01-12
1428d5591252000b5c73e00f91d4889a,df0cd48862bf18ac12632f80ea972fc0,delivered,2018-06-02 12:49:16,2018-06-02 13:10:05,2018-06-04 13:59:00,2018-06-05 16:57:52,2018-07-05,408824e155b544df61cfa5dc5e700625,2018-06-02
205b109336cc8efa4ff08f231919f4bc,469c87ba0d5db4884464ef9280f67efd,delivered,2017-07-05 21:24:46,2017-07-07 02:44:10,2017-07-07 19:14:52,2017-07-24 18:22:32,2017-07-27,13b187937fc5bb5e05700fc65db340e5,2017-07-05
78e9bbe6fc21f7945284233b6be94154,66e518ee99571f141d17fa60482fa47f,delivered,2018-02-07 17:45:51,2018-02-08 11:50:35,2018-02-08 23:07:22,2018-02-28 23:51:51,2018-03-05,1426a4c6ed4959d95d8e7c40798ba5f5,2018-02-07
e4fa46e65ad5c0c84cffc9dcd3176c66,2a29bb358054a0f3c574bd59d4c7f131,delivered,2018-03-04 13:42:37,2018-03-04 13:55:35,2018-03-07 23:08:46,2018-03-15 16:36:37,2018-04-02,67eac55ee0b132da77f6b46e9f58c32d,2018-03-04
7e6b93aa02b605ccc1e04939e172a759,bcf99814b3c0c71ad0fa75a2e7b72658,delivered,2018-03-27 08:11:21,2018-03-28 02:50:13,2018-04-03 22:50:49,2018-04-13 01:03:39,2018-04-13,d962d549913ca04df1b22446da0025dd,2018-03-27
1a4868eff22fe0b0291f69c37cd178be,b13cb2c9a106189cbaf07d47e2f34c35,delivered,2018-08-13 23:27:40,2018-08-13 23:35:13,2018-08-14 15:51:00,2018-08-20 20:41:41,2018-09-06,e1d8da952145abbba7a2ddec3ae647e0,2018-08-13
7c363fbfb4e41c26246ea6097cd275bf,3f2c91cf99f9896186902778e28051a9,delivered,2018-04-17 17:23:03,2018-04-17 18:32:30,2018-04-18 18:04:04,2018-06-13 12:23:48,2018-05-29,0dd40ed947e3bfce516044118429afb0,2018-04-17
535f87c5f4a6b1a5201afdeb0103b2ab,f5de50704f1a1c6df7f9c6912c9a3678,delivered,2017-07-06 15:30:28,2017-07-07 02:45:55,2017-07-10 12:13:46,2017-07-13 16:09:08,2017-07-28,85ac06f48f80f4fc1fb5edd079641412,2017-07-06
09722e140e3e1e92b67fd75e2b14b6fb,4f4f005f13bc7a3845163497199c2b00,delivered,2017-03-04 14:28:13,2017-03-04 14:42:57,2017-03-09 16:06:03,2017-03-14 11:22:10,2017-04-06,0b5da348e71b60d46741d90a45a8bc10,2017-03-04
03167be79e12e9d70dc67d864eea2300,75ea3b206fb4890d3247a0afb3cd9f37,delivered,2017-12-07 21:32:35,2017-12-07 21:50:37,2017-12-11 18:33:30,2017-12-13 21:18:49,2017-12-28,f3ec7fe1b723815ea67103324912e409,2017-12-07
312a52a4042d010e3532ebbf98ce183e,58fd94a421b1928202cbdafee6622d7a,delivered,2018-02-20 22:53:58,2018-02-20 23:07:40,2018-02-22 10:35:39,2018-03-08 19:38:29,2018-03-22,80ebd337ccd5c89fc974009d8249c539,2018-02-20
2d40988fab171a085f1d1359f4d47d36,aea3457b4cc68956a36f2024f6495fc3,delivered,2018-06-14 13:43:21,2018-06-15 14:03:47,2018-06-19 14:14:00,2018-06-20 20:23:37,2018-06-26,69840b741437cfd55e39c39a64c57ef7,2018-06-14
9b655375d54c9b7986a07f3e5a839545,2e875622b6aaeb04d2fda8393ca10738,delivered,2018-03-23 16:21:15,2018-03-23 16:30:42,2018-03-26 21:18:41,2018-03-27 15:02:29,2018-04-05,d86bd19d5f63decf0f8146854d1c7778,2018-03-23
12fa50e9b3497a5f841d7d38ca388d76,6f6e6dbb9f7ed1d2df0645ada4f39565,delivered,2017-06-28 20:40:45,2017-06-28 20:50:18,2017-07-03 14:07:43,2017-07-05 15:24:25,2017-07-18,7a1e2d8f00a9a9bc9941c2798fd1d3d8,2017-06-28
6dcacad3b7f099fe3502426b5abb9cc5,d759cacdfda91f5b445c1ce8e120fc35,delivered,2018-01-12 18:29:06,2018-01-12 18:36:21,2018-01-15 19:35:15,2018-01-18 22:47:50,2018-02-02,3e475baa2c69d9e105cada272f65cd0a,2018-01-12
70623d7ff2e126f3688dba1042ec9531,fe5113a38e3575c04f5a3413100d4e48,delivered,2017-10-23 16:09:25,2017-10-23 16:38:36,2017-10-25 21:43:47,2017-10-31 15:30:04,2017-11-14,eb53ee675b0c79d66e25fce46957e1fe,2017-10-23
8c1b0b8e40f57cd4f9292d1fd328aad8,1100b96416e41cccd197eff3adb4ffc4,delivered,2018-06-14 10:05:20,2018-06-15 02:58:45,2018-06-15 11:58:00,2018-06-19 00:31:16,2018-06-26,3fac83cb7c32b84c91900aae136e22b2,2018-06-14
aa19638830b7cc5740500c18ace611f6,976a0029f13e785119cba9b7f3328a50,delivered,2017-08-17 09:28:42,2017-08-18 02:25:25,2017-08-21 21:27:37,2017-09-06 20:53:03,2017-09-15,6c40ee4987ba8cebc51c4776dd12dd93,2017-08-17
dd29c320fd584533a33b3e7dd1258611,808cf90643f7282eb9eb59a20c38ae0a,delivered,2018-06-18 08:54:45,2018-06-19 04:16:42,2018-06-19 12:54:00,2018-06-28 22:04:38,2018-07-17,98e10c3af4605093b577c6bc0ddd37d0,2018-06-18
8a9adc69528e1001fc68dd0aaebbb54a,4c1ccc74e00993733742a3c786dc3c1f,delivered,2017-02-18 12:45:31,,2017-02-23 09:01:52,2017-03-02 10:05:06,2017-03-21,91efb7fcabc17925099dced52435837f,2017-02-18
7fe948b9f9dddf12e531b890540b10bf,6339b2f11863be5abec4f39d9052017a,delivered,2018-06-14 11:03:21,2018-06-14 11:23:21,2018-06-21 15:17:00,2018-06-26 14:37:29,2018-07-19,34bfe7d8aeeccdcb18d7eed0b6607d7a,2018-06-14
d567c76cfa5212048dd3be0f0595b358,487df359a91ee5a1c93455089b03dad5,delivered,2018-06-24 22:34:59,2018-06-24 22:53:43,2018-06-25 15:18:00,2018-06-26 19:27:30,2018-07-05,aa96b6f45d3ed7ba77e86bf7ca9f64ae,2018-06-24
f205fe90f781292c4c7ea85ba300934b,6188e41fe52974b6d72ec2d69237513b,delivered,2018-04-22 19:10:39,2018-04-24 17:23:58,2018-04-27 15:02:00,2018-04-30 22:05:26,2018-05-11,668f6dfcdc0251b391dc0ebfd50e2036,2018-04-22
c0f8ab6b8ca98ae53f4acc203b206e0d,a4758d80c0a920904ca586f86360849d,delivered,2017-11-12 11:35:14,2017-11-12 11:46:27,2017-11-20 13:27:42,2017-12-15 23:43:32,2017-12-12,4561d997178b39b27c642f0d23e0702a,2017-11-12
56a171efe3f76940cb52b0d0c2f42525,fb916208c83ee30370323e3be83256a7,delivered,2017-12-25 13:09:24,2017-12-25 13:17:22,2017-12-27 14:14:50,2018-01-09 14:53:57,2018-01-29,d9e6c750121d4d84ba6f2cdc6cc80008,2017-12-25
0576b5ab3dda9404ab293d656e5faf66,52e670c39509247226b101a2cbbad245,delivered,2018-01-24 10:29:40,2018-01-24 10:57:12,2018-01-30 01:38:35,2018-02-03 14:33:47,2018-02-16,ef3925178975e16f70808ac3b5cf62c6,2018-01-24
3bdf42bf290aa910a8df3ece52413067,24eb7fecd26f437d627bb3e13260e6b6,delivered,2018-06-11 03:26:45,2018-06-12 05:16:41,2018-06-12 11:16:00,2018-06-20 21:50:43,2018-07-05,42220e1308d3a09f7b81ccd9b435f3a9,2018-06-11
371e27e3d55b474e52bbb9cb27bee200,8a35aff2d4f16bb6efa2b091d6f54719,delivered,2018-07-20 15:02:03,2018-07-20 15:15:20,2018-07-23 10:14:00,2018-07-26 15:08:55,2018-08-21,fdd867c6eeeb99e91852bab40a68f6a4,2018-07-20
00c9f7d4b0e87781465e562dc109f6aa,cea80f9af87104810bd7fa9698f69d29,delivered,2017-05-21 19:21:32,2017-05-22 19:25:17,2017-05-24 13:28:02,2017-05-31 14:04:41,2017-06-20,aed98e376f0a3685776366a2ba55e4ee,2017-05-21
6e23f1780ea332cff417e817aea1336d,e61c7b78eb77ce2e5f0706eb12899e5c,delivered,2017-07-20 19:19:04,2017-07-20 19:30:08,2017-07-24 13:48:41,2017-08-24 16:51:55,2017-08-23,50980b493e8da1f11b78d728aa3ac73a,2017-07-20
5b491297893cc6ff027713e3b2023461,6b649f0117e2b3658720bce8190c51cc,delivered,2017-08-05 13:28:55,2017-08-05 13:45:15,2017-08-07 19:42:57,2017-08-23 21:06:56,2017-08-29,cf1efff004f85ae1a9fde10f0c5a4fd4,2017-08-05
02a266b82c117c3bffd894e713438484,a3babdab81e0ed5d6e68bb564cc2eeaa,delivered,2017-07-15 19:19:53,2017-07-15 19:30:19,2017-07-17 18:12:02,2017-07-24 20:19:31,2017-08-14,b6727511f246e3b71c4ff444623127ab,2017-07-15
cb76073dcac4855294787c458ec58b68,4d197bf789f1569ca9a4afb9fcc15faa,delivered,2017-05-18 14:17:01,2017-05-18 14:31:30,2017-05-19 13:09:01,2017-05-22 07:25:57,2017-05-31,9b458553be21b8b42fda74098ce6d9e6,2017-05-18
d052020616d502036aa7b1303965ada6,e4f4675cbc4d3be5829c33ab5ebfbbab,delivered,2017-10-09 13:08:45,2017-10-09 13:28:07,2017-10-10 17:09:14,2017-10-18 20:22:20,2017-11-06,5a1660d7af1ab417e55c72b396010989,2017-10-09
efd6f5a2a8e6c4dbd20bf8ff100342e0,e6ba3a0e166a0249bb57e6a3bd2b6e89,delivered,2018-02-14 00:47:38,2018-02-16 08:07:07,2018-02-16 17:56:54,2018-02-20 03:04:37,2018-03-12,139d16a50a91087a259d684e64dc7379,2018-02-14
e0e210a3f0dfc7642e0cbda856590eb3,6db0bd4890f3d24db9ce7db8c91db669,delivered,2018-05-28 16:30:36,2018-05-29 16:39:02,2018-06-07 12:55:00,2018-06-12 17:13:38,2018-07-05,3c4eba0368451c55a079cb2d37ed829c,2018-05-28
ead42f8f41e34c480a4a9185ab74b37e,2648ef8cd82f3bb5f79d18def3549549,delivered,2017-10-14 00:48:58,2017-10-14 01:12:48,2017-10-19 18:55:33,2017-10-20 19:52:18,2017-10-30,1477c54a1abe3610e3e9ab411801cecb,2017-10-14
acc028ad4ce403a338fe80aa3ffc635e,b55f02bb44519a8ac041fcc9c1f86d79,delivered,2018-03-18 20:06:59,2018-03-18 20:15:31,2018-03-21 19:12:42,2018-04-03 22:42:15,2018-04-20,a33cc1adf3e19714d4005aeb3b96969d,2018-03-18
e4b5eb77d6eca2730a7ed8e9abaf4db2,d5f38506981bee3520e42047411edf95,delivered,2017-02-04 10:33:24,2017-02-04 11:02:35,2017-02-07 07:22:28,2017-02-14 13:48:38,2017-03-07,490a839c108f040eed0c8c815f08ce8a,2017-02-04
aed5554747b457b11b6357881e378195,15893819842cca09b25e1a364cbc3c45,delivered,2018-02-06 11:51:31,2018-02-06 12:12:55,2018-02-07 20:24:56,2018-02-15 17:34:35,2018-03-05,9c387eb39c289c9cae321c72bf38ea59,2018-02-06
3edc5a29ae818b61db4be022019ffdb5,81ecd7b8e6f4573f09fa46dab2354060,delivered,2018-03-04 19:02:50,2018-03-04 19:15:42,2018-03-05 11:11:47,2018-03-12 15:06:44,2018-04-02,0fafb6a182c8ff8bd3d55bee7da84c3a,2018-03-04
2f54d4ac9b0df5774cfa7c1250c4750a,d08717fc91b18c634354b87fc2ded2f7,delivered,2017-05-09 23:09:43,2017-05-09 23:22:28,2017-05-15 14:04:22,2017-05-18 10:54:05,2017-05-29,231b63b9780f442e2275d63ac0d5f49a,2017-05-09
ada32a7778f9bfa7e805008da5f02d50,a8c3f6a95f2ca292f8897f33ade0720f,delivered,2017-03-30 10:27:46,2017-03-30 10:42:18,2017-04-05 12:50:21,2017-04-14 11:33:04,2017-05-09,cb85c247e17145a2883f582786099f12,2017-03-30
7cd48500c7fb8fb359e9b91fbb2a23e5,f272f062d84c339be94ffff26f582723,delivered,2017-07-10 20:27:30,2017-07-10 20:43:36,2017-07-12 15:54:26,2017-07-14 18:56:32,2017-07-28,f109289e6091dc0c7ae788b82b7a2a90,2017-07-10
607d3bb7a9446cd716e0fe3689dfcdaf,914fa7179e73f1d63eb0633c566217d7,delivered,2017-09-02 14:38:20,2017-09-03 14:45:15,2017-09-05 14:36:50,2017-09-13 19:54:50,2017-09-25,caca6ca8dee328055690501312b1a77c,2017-09-02
c25acd72d5c2eb2ec89c3c8d7cd7d1f2,1df78c923a7db9f4b3f8bf63edf7adc2,delivered,2017-09-08 12:04:02,2017-09-09 05:04:42,2017-09-11 21:46:54,2017-09-12 18:17:38,2017-09-20,6c9db1b2aae6d3fa10ab0d83db507ddc,2017-09-08
dabf7d37b038c3cdc2fdc619a7dc9f63,0ce4bb6bb3b70f45dad963f27fa6ce5c,delivered,2018-03-19 10:31:06,2018-03-19 11:15:09,2018-03-19 20:16:38,2018-03-23 01:06:49,2018-03-29,deaeb5c192ab7d747b3c18074c528568,2018-03-19
6e80500cf8aa7894a6e56a436ee785d2,ff96b3b15e8f7a878bede85345e33f0c,delivered,2017-08-03 11:13:41,2017-08-03 13:55:12,2017-08-04 18:51:18,2017-08-09 16:27:51,2017-09-05,bd3410fa50b021fbc967037cf14144de,2017-08-03
df75241689bd24e168f5796f7d7fc115,192f9b666d12fc469b74ea5ccd41bded,delivered,2018-08-03 08:30:29,2018-08-03 08:45:07,2018-08-03 10:57:00,2018-08-08 15:59:00,2018-08-16,fc39b5e9aea2c8f5abde3889a5187a88,2018-08-03
d76365196bbcbd01da5825472503cf32,d601beb029e532aeff82426830730d49,delivered,2017-10-15 23:06:38,2017-10-15 23:27:10,2017-10-16 14:39:06,2017-10-21 13:08:50,2017-11-09,bc7de832b3147c86ca8863d54565b9b1,2017-10-15
17be921f29e949506e88b6b6cda89f64,6ed6d62704239c4b7d93196611b6a021,delivered,2018-03-28 16:18:51,2018-03-28 16:30:27,2018-03-29 20:16:40,2018-04-05 15:42:41,2018-04-16,4a293653a956120ef8a3ebbe945c0aa2,2018-03-28
d24b94f575e098690a1587ca95319f53,61d9476f918bd29584995cad5e940dc8,delivered,2017-08-18 07:57:13,2017-08-18 08:10:15,2017-08-22 13:40:09,2017-09-04 20:23:40,2017-09-08,a105f85e41741647a419870fa5d2df6c,2017-08-18
4a0401b9ac45b7c8c801fe5db8855bff,1850b26764c41f4bcbb60581eb918424,delivered,2017-02-07 13:15:29,2017-02-07 13:25:15,2017-02-08 15:53:45,2017-02-17 16:28:52,2017-03-06,c6e6c968421911e3975a6f7160a1d4b6,2017-02-07
b552e7e48327a9776efb1977f8a49a18,f2b16ed068625074fc2afe402df81384,delivered,2017-05-17 09:27:03,2017-05-17 10:02:05,2017-05-17 15:00:43,2017-05-22 09:46:41,2017-06-07,4acbe3511cbf22b05c7b79b3458d00fd,2017-05-17
462713cbc1abe1d91797604551133abf,04861ff600ae6fcb9356b57355ed641c,delivered,2018-08-10 00:34:22,2018-08-10 00:50:09,2018-08-13 16:20:00,2018-08-17 17:51:28,2018-09-04,3067372c1402a44e9172921ad83eb8ce,2018-08-10
968131aa1cc12c6946df81b57984c6e0,44cf8f1f01554551026ddb45bb29d504,delivered,2018-02-22 14:31:49,2018-02-24 02:51:20,2018-02-28 23:04:27,2018-03-14 12:56:32,2018-03-20,2d4804a040ae031a68b7dc18a750041c,2018-02-22
5b33495590a02d7e9ce6fbdc52f143d9,b5fbe4b143d1ca0c98e44f346c36b63b,delivered,2018-07-17 09:38:48,2018-07-17 09:50:17,2018-07-18 12:06:00,2018-07-24 21:42:37,2018-07-31,4e299468155b9ba92749a364d01ecf81,2018-07-17
610e831f41e8e6fe3214b767f41a17d5,ac99cdad0c5aed26a2c8caade867fe81,delivered,2018-03-09 09:38:06,2018-03-09 09:55:33,2018-03-09 19:21:22,2018-03-15 02:51:30,2018-03-27,a1d2278958834042738e82d9b3726713,2018-03-09
a4058b92f127efc4a6eaa3d11d0b1432,37f07e12d03c9e5974c009fd8c73e9aa,delivered,2018-08-02 12:07:25,2018-08-03 02:44:29,2018-08-03 12:53:00,2018-08-08 21:05:53,2018-08-10,d829656f326417233c2188bb0652ff4d,2018-08-02
aad3ac94a8e516354a47dffbf53576c9,cb16d70208338e0a0b2b107a2f08df19,delivered,2017-12-15 20:34:00,2017-12-15 20:51:34,2017-12-18 18:35:17,2017-12-26 20:09:30,2018-01-18,03f57ac1bec6632e9d997677c133487c,2017-12-15
c65f69d345be67d95161dfce89c2c1a1,a806dc661ec39dc85784ee8d92b1fc19,delivered,2018-04-10 20:45:02,2018-04-10 20:55:38,2018-04-13 23:32:15,2018-05-01 15:08:49,2018-05-17,56aba1f7b575ab42a1eed22a88136be1,2018-04-10
0025c5d1a8ca53a240ec2634bb4492ea,2430ad4b1b6efb56cf3050b5d3cf5e54,delivered,2018-07-08 09:17:59,2018-07-08 09:30:09,2018-07-10 13:36:00,2018-07-31 10:51:58,2018-08-03,fa78b26c2fa23b2ebda98c2926305c1d,2018-07-08
5d0ad02e43d4bb397662f816713655c2,18eaac5528b893d55513ab79c04577f0,delivered,2017-11-22 17:09:37,2017-11-22 17:19:27,2017-11-23 18:41:27,2017-11-24 18:49:04,2017-12-04,573c74af72208d5b4ef8c08bea667e17,2017-11-22
51cab0235fdd0e37f744024696d8e66a,8f790c93c1b95000754e8e1b554b6c98,delivered,2018-07-28 10:21:55,2018-07-28 10:30:36,2018-08-06 17:19:00,2018-08-14 19:02:46,2018-08-16,f5ef5ee3a65f719ffae72ffac66eb11e,2018-07-28
da33789924d00b4f90906b4b94e70fe4,6ec9aa5ef11a3ff482bff3e52558aaab,delivered,2017-05-12 22:03:54,2017-05-12 22:10:20,2017-05-15 13:39:42,2017-06-01 10:44:56,2017-05-22,df6e5c06001e81f72cc246463633a6d6,2017-05-12
9318f6ca4d567918c67845ec20774303,bb3edf2993d2101d1004787b868e17c2,delivered,2018-02-27 15:18:42,2018-02-27 15:35:30,2018-03-05 23:52:19,2018-04-10 13:35:21,2018-03-28,908d9b3ddf294228e1d651a4374aa322,2018-02-27
f938fa004452c776198a593e5fb9056d,707818185591ca532dfd8fff383f0103,delivered,2018-02-18 20:14:06,2018-02-18 21:26:46,2018-02-21 18:48:47,2018-03-31 11:58:26,2018-03-16,b08b68bac767c3269e827f822d308182,2018-02-18
2a797f1dfd6274ca81b660f4c59d0269,cddeb067e97baf1b1a1a675490fa8ff8,delivered,2018-07-02 21:29:00,2018-07-05 16:09:39,2018-07-04 14:50:00,2018-07-11 20:18:31,2018-07-25,78b57b8cd4fa5be49081409b92288d21,2018-07-02
f160c3778d5bd8e90d2ca1e3ea6ad197,f611f307c3d457a89fe46c32e98e011a,delivered,2017-03-22 12:55:04,2017-03-22 12:55:04,2017-03-22 15:35:47,2017-04-03 12:13:26,2017-04-17,9c9e34e36d16ec0e457aecffc9a27d85,2017-03-22
99429e46b13e11c4def7856e0d054e36,ecc1814219154e88ed93069e538daae8,delivered,2017-08-29 16:37:28,2017-08-29 16:50:48,2017-09-04 21:35:35,2017-09-15 21:53:34,2017-09-26,12005a3130a00a70e60392deb69ad3f0,2017-08-29
139cef5540861404dd35fe65000fda2e,65542d971c4643add951f515d873ebc3,delivered,2017-11-26 18:07:41,2017-11-26 18:18:49,2017-11-29 17:38:59,2018-01-04 23:58:53,2017-12-19,eb0676b96e9713df61a30fdcb2a58d18,2017-11-26
3bef345f66e6215315fa59acd680c863,ce641e2f9ffdece61389490656cf03d9,delivered,2018-07-04 10:52:31,2018-07-05 16:25:43,2018-07-05 14:03:00,2018-07-12 16:04:35,2018-07-27,c38273f8ef72a4ba00a78e07b2159c3c,2018-07-04
c43931df9ddd31404539f4382479fae4,8ce176ffdf9acce55dd2f84721589692,delivered,2017-11-27 09:27:39,2017-11-27 09:36:28,2017-11-28 23:18:50,2017-12-15 23:12:04,2017-12-26,ea5fc80471dd55321849b104daaa9e63,2017-11-27
2763f1160bd67f35911edc254052a2d8,7c19bb90f09363da5490086de7b02cec,delivered,2017-10-09 14:36:54,2017-10-10 19:07:15,2017-10-17 16:55:27,2017-11-01 21:17:35,2017-11-09,65f05304c0ace4435ca500d8e26cd23e,2017-10-09
e3ba5747e5730389e76a7d30694beeff,e170bf1dc82f7de10bead60842a74894,delivered,2018-05-21 19:48:55,2018-05-21 21:15:52,2018-05-23 13:06:00,2018-06-02 18:36:51,2018-06-11,a232d69847fd58b32813d8b52cf121f8,2018-05-21
49db7943d60b6805c3a41f5474772a09,9cff8d557e02418fe939f23fafe35735,shipped,2017-05-13 21:23:34,2017-05-14 02:10:09,2017-05-20 07:43:42,,2017-06-27,a7547e6f596bde81048df8859f5e2df4,2017-05-13
9984214090d1d769bc272b874c88ce4a,40e9b17f9465867e5a6a6d6b6326437b,delivered,2017-03-27 09:29:30,2017-03-27 09:42:20,2017-03-29 08:37:40,2017-04-03 22:46:59,2017-04-20,5d4292a8c31a04789d6342e81e16ef94,2017-03-27
4506d7680f086c8be537a444b0f6dce0,ad29f17b84eef06fc014123231f95e70,delivered,2017-12-02 16:02:29,2017-12-02 16:17:33,2017-12-08 15:49:09,2017-12-29 19:10:25,2017-12-27,f8c9db34d72d97c3920bb983be83900c,2017-12-02
7cca5693742e71283e91fa168a88c0c1,f82f90e4f8e09dad6bbebe46b6fde923,delivered,2018-02-07 21:04:48,2018-02-07 21:15:32,2018-02-08 18:42:42,2018-02-14 23:54:58,2018-03-05,40a09d9ceaa2b711f08bb3bcb25d3703,2018-02-07
fe9a0726757d598dc0a613f04d33cf03,a94c3c62bf1716a24b78c55c48ee1198,delivered,2018-08-18 19:39:10,2018-08-18 19:50:11,2018-08-20 14:11:00,2018-08-23 13:48:54,2018-09-14,9ab4feb7c135d6c20aa7e6d68a89b35d,2018-08-18
d2bc00da63cd350e641ae8a80b029316,cd15d7f3f4bd2c1f6f1f65fa7d0fa786,delivered,2017-08-02 15:38:39,2017-08-03 03:10:21,2017-08-03 19:29:30,2017-08-07 14:32:54,2017-08-24,34c84b94c38a2eddd9563ba41db3439d,2017-08-02
79c44477796740e58ff73f236db33e19,e45c59f17af3880d9553cb84c2314eb9,delivered,2018-02-07 09:55:31,2018-02-07 10:10:13,2018-02-08 21:09:43,2018-02-15 19:26:30,2018-03-05,db099e198b4917d0ec8df30e68e878dd,2018-02-07
df173dfd3b854c43b8cb8b73c5dbcd15,3f3d6985591aaa8288b1975674698342,delivered,2018-03-18 00:23:20,2018-03-20 03:08:29,2018-03-21 19:04:08,2018-04-04 16:50:51,2018-04-05,a93a1c70bbdda31e28bd21e21d6901a5,2018-03-18
fd42223038c59f7eed62a0bf87f80d89,7b5f58a7fde6b8752c6b5bb7d632081f,delivered,2017-12-06 10:34:24,2017-12-06 10:53:53,2017-12-06 22:15:36,2017-12-27 14:24:47,2018-01-04,55fb032c78ee6e34d8c2e4e29c4e4cf8,2017-12-06
a1e5d54e4ed39700c6c719e8d49869a3,d53fb7b713c6e34a7c69768003c82a59,delivered,2018-03-11 12:22:08,2018-03-11 13:00:24,2018-03-12 19:20:02,2018-03-23 02:25:38,2018-03-28,79427e2162d316b713fc8c37a16e7fb5,2018-03-11
42aab2305332f1fc30ae6f03acfa1bad,739fbe922070edbf540133cb8a70f889,shipped,2018-04-08 11:56:41,2018-04-08 12:10:14,2018-04-09 21:36:50,,2018-05-03,41b7243ed60bc8903ad554b3b1c32a4b,2018-04-08
c79a917805a59a652684b80b61a94840,d9dccc612e425a72407e2282054e1d06,delivered,2018-03-21 10:11:18,2018-03-21 10:28:23,2018-03-21 20:22:39,2018-04-16 19:12:17,2018-04-12,1aca58af397c8036067b014ec560f7fa,2018-03-21
21cade19cb2ceb4f1e5c9f9aa0daa4a9,b32986c4d47912105f4a9cc6d0b3f631,delivered,2017-12-30 13:07:43,2017-12-30 13:18:30,2018-01-08 19:46:59,2018-01-18 20:44:42,2018-02-06,5f132d5af113ff04d9c0e72d1b611fcd,2017-12-30
4bea5620ce57685aba59eec6ee1237d7,28290f0535157d1ffb43629e3a790c4c,delivered,2018-04-08 17:07:40,2018-04-10 04:11:00,2018-04-11 02:32:21,2018-04-27 00:54:32,2018-05-02,24c8c947cd680af06a21206a211ed468,2018-04-08
fee6682c7a195d411531745fdcd4d1db,36e3882c806ea8ab9c2b1981cb46c255,delivered,2018-07-16 23:01:20,2018-07-16 23:15:20,2018-07-18 12:05:00,2018-07-24 16:32:00,2018-08-10,1a8fb416e145a099289e11115e88ee0d,2018-07-16
ad1aeeb1a99c9f021e38a49865bb812c,6deeb4ffef6cf320ef5a642302f04104,delivered,2016-10-05 12:41:38,2016-10-07 02:49:06,2016-10-21 16:23:50,2016-10-26 13:31:53,2016-12-09,5f61b10d70849d46be5643b7453e1708,2016-10-05
024f8681c73783017f7cd5d5b061be3a,c4dda7f2ec051e0b838519a511d05cc5,delivered,2017-09-12 13:10:18,2017-09-12 13:25:31,2017-09-13 20:50:02,2017-09-14 18:15:44,2017-09-22,2f44b1531bcc638088bea8fa3415bb2b,2017-09-12
a4ee9df6b5f93107253c0a18145b1e51,3f0c330a3f0a8a77a3faf9faae9e795f,delivered,2018-03-17 12:55:06,2018-03-19 07:50:51,2018-03-21 15:07:24,2018-04-05 14:13:45,2018-04-20,ada87a098914e50ed34e79bdf458fab5,2018-03-17
72ac5a7945d55c3fd45160f365353fae,d3b537c3d3aa59cebc6c56536f4a12f6,delivered,2018-08-05 22:49:54,2018-08-08 03:30:22,2018-08-08 18:21:00,2018-08-22 00:03:31,2018-08-16,6f2c390d13e34756276886c8d0400237,2018-08-05
c9a34c30282dc36d017bc912f8d8dc91,f1375b843314f00de278b414ac4c958a,delivered,2017-09-17 20:45:13,2017-09-17 20:55:19,2017-09-20 18:38:09,2017-09-25 15:32:41,2017-10-04,ef523a490d0b4b30d3218016362ff984,2017-09-17
2a793a414091e9c1721f07d59a3b7c39,68551474e6c22db5ce39bb7a37a4157e,delivered,2017-08-05 18:37:13,2017-08-05 18:50:19,2017-08-09 13:58:31,2017-08-17 18:21:24,2017-08-29,f322165e01e9fa18f47160e66645ebfd,2017-08-05
190ce4e52f05189563942da003cbf332,33f34d9499aec9678333ba5f203a4d8d,delivered,2017-08-23 13:10:47,2017-08-25 02:50:21,2017-08-25 19:06:25,2017-09-04 17:16:02,2017-09-18,d567f29ec5fa447c99e949f337f3a35c,2017-08-23
a92bb0beb3fd226d50671cf17587f289,0b42763d66e65a34f6e2978facaf93da,delivered,2018-07-26 14:26:07,2018-07-27 02:15:27,2018-07-27 14:26:00,2018-07-30 20:58:41,2018-08-07,b2e9a05d23ea17713b5d7799f2004f8e,2018-07-26
080353b05fa842120b49deabe1613a37,02754b1e0a87a51622b4a49cdac7cadf,delivered,2017-07-03 15:48:48,2017-07-03 16:05:22,2017-07-04 15:44:45,2017-07-19 19:54:28,2017-08-04,d3fc34ba9517a510bc470a95c0207cbc,2017-07-03
b34fa044fec24bf9206a7b2b022dd92c,953e32cfaebff34e81c10e6cf53a5553,delivered,2018-05-16 11:46:49,2018-05-17 02:15:22,2018-05-17 14:09:00,2018-05-18 19:41:30,2018-05-28,80e73006367ee828a4f5c2531aa222e1,2018-05-16
ac2da4ffeb7023f0237c1f1418c78916,6442e224ab12e30d66b4fc31b1d363cd,delivered,2018-02-18 22:49:26,2018-02-18 23:50:27,2018-03-05 22:17:14,2018-03-27 22:04:55,2018-03-15,5806874482e83a7491b24193056979e3,2018-02-18
b55e03266fc482bd2d25a8116a8be42d,2cbf5763626df1af3fbe147aa470f2a6,delivered,2018-01-03 21:00:58,2018-01-05 02:38:07,2018-01-05 18:15:25,2018-01-12 21:21:53,2018-02-01,8fb08dc39120bb8e449977b2a1ff880c,2018-01-03
3affb32917f79ab66f26546e066fe5db,08dd337715b213da30e4f32bc49d8a07,delivered,2017-12-19 20:25:41,2017-12-19 21:31:06,2018-01-22 22:10:41,2018-02-08 13:15:25,2018-01-19,a5fe2e0069602d2f9d4597b3828af46e,2017-12-19
0268c75309d105bb28b7523f57f46a69,f4608a440b868f3f57f378c4b8cd643f,delivered,2018-03-31 17:15:42,2018-03-31 17:27:35,2018-04-03 16:18:25,2018-05-07 21:04:49,2018-04-26,2e3b427dc09d7b4f7430f92956b0f3e6,2018-03-31
9f754867538f26f99df2027b4a154740,7dc40753aea06d3bfa51f793fd839669,delivered,2017-04-28 19:11:41,2017-04-29 06:35:42,2017-05-02 19:23:49,2017-05-10 11:03:24,2017-05-24,f598f55087d93f2fcd104cdeb565ddf3,2017-04-28
31baa0ae964c43e70c451e1928483669,9636300545e4304a7c005b8a60e3985f,delivered,2018-08-23 10:13:22,2018-08-23 10:25:32,2018-08-23 08:54:00,2018-08-25 12:28:46,2018-09-13,cbdc49dbd5ebf262ca92695c653a53b7,2018-08-23
2a8c1802fe3f40cb8c4d6c1c8f0834c1,1eb4e9e99a7e90ee262bbb995dc5b983,delivered,2018-02-18 12:59:53,2018-02-18 14:06:40,2018-02-20 16:13:02,2018-03-26 23:03:59,2018-03-13,23c3c60a58dbbd7a3eac81951a4572b7,2018-02-18
2ae01dafe3790417726f148d9f1a90a4,43552e5bc02e24bd04469456c6a9c2b5,delivered,2018-08-23 17:22:42,2018-08-24 03:25:14,2018-08-24 12:55:00,2018-08-29 21:38:53,2018-09-13,4502d5000c52cce9c171905b831cf770,2018-08-23
51a7d7d26116c0eaee6bb35ea667dfda,35a7f7f18808a0d5ca9913a8bc0304c5,delivered,2017-04-25 08:12:22,2017-04-25 08:26:24,2017-04-25 11:44:06,2017-05-04 07:18:36,2017-05-18,084fda7ed25e2b249c425263a2197bc0,2017-04-25
1e136a71ad0fb15cc25cf79b84836e6a,52ec04e6d15e2d05cb145197657bb393,delivered,2017-02-13 11:52:25,2017-02-13 12:12:07,2017-02-14 05:51:34,2017-02-21 16:52:29,2017-03-15,ca49046caba6fd40df184027f34b42e3,2017-02-13
a21f94aa35415aa7bd905a21f468e688,f8b6eb66343026ff22458094ba2faa45,delivered,2017-11-27 17:46:56,2017-11-29 19:16:56,2017-11-30 21:31:53,2018-01-15 22:09:09,2018-01-03,acbbba8520bce737e73400b719566380,2017-11-27
e02d907b159bf0b0f6efaf1e5ce7258f,e404803996f5ba5376d520781e7185b6,delivered,2017-03-23 21:19:25,2017-03-23 21:30:16,2017-03-24 14:09:25,2017-03-27 14:05:29,2017-04-11,ef704177893c15bf64cfa28a95425edb,2017-03-23
6a30d0e1fc7dd7c00dc07bcba79c589f,b15640bf0c52f6451ef41c280895d0f1,delivered,2018-08-12 19:42:41,2018-08-13 19:35:20,2018-08-14 08:51:00,2018-08-21 12:18:46,2018-08-24,d471f45cd01a0f1851a8a2d3722d1ae6,2018-08-12
c785f1a060411564862b6a4d755f3de8,0195699b3388a65b55eab3dd04f48d1a,delivered,2018-02-25 22:12:08,2018-02-25 22:28:08,2018-02-27 23:06:54,2018-03-06 19:24:28,2018-03-22,09ecbbc6902ae2add46294a42e3a59f1,2018-02-25
293ce7e1d3220058be631162721ba82f,b9e06a1af0969890a829b391cc05cacb,delivered,2017-09-17 22:35:47,2017-09-17 23:20:41,2017-09-20 19:02:37,2017-10-02 22:56:36,2017-10-05,11d04dd567528a93cfdc592090d5b23f,2017-09-17
a4b2d7506db2672210d0411c4a08e8a3,e9cae96616b553c873ab3bafb1dd13a6,delivered,2017-07-02 17:01:39,2017-07-02 17:10:19,2017-07-07 14:07:26,2017-07-13 18:13:06,2017-07-21,c0cb44d9dc78e3069553377ffaffc05e,2017-07-02
3569dcadd0374718b87bead0d7241d6d,22639d78f0649eceeb30ebfc80c24cc6,delivered,2018-07-22 16:09:08,2018-07-23 12:32:35,2018-07-24 15:31:00,2018-07-26 17:18:34,2018-08-01,70cf7c1a2ee65622275286a438160730,2018-07-22
7b3a63734004e1615b3f06417de1fe09,7c890e1074247209ab7d32ff9a295ed1,delivered,2018-04-15 23:35:17,2018-04-15 23:49:54,2018-04-18 02:14:39,2018-04-23 17:07:31,2018-05-09,24ecf66a0e174ce35a6af20ccfb310a9,2018-04-15
e037d33d32c17a7903d0b8132af49838,8b5a96c508604afcda1a65284875f3ae,delivered,2017-09-01 20:21:14,2017-09-05 04:25:53,2017-09-06 21:20:04,2017-09-12 20:17:42,2017-09-22,1675ef16748d72ab18c8bf4e5fb725ec,2017-09-01
c576db01bdb6a7351250ecee8e7606b7,d58439461a8c763cda19617774b11037,delivered,2018-01-05 15:11:59,2018-01-05 16:12:21,2018-01-09 17:26:42,2018-01-12 23:13:50,2018-02-05,db208c8a70d6d9b5b68c6db7a60fe453,2018-01-05
c642d222512a5f6e0b07d52ae97e8e68,8465aa32ef2e7d31bd38ff2a08bad46f,delivered,2017-11-24 22:08:18,2017-11-25 01:13:55,2017-11-28 16:56:51,2017-12-12 21:12:15,2017-12-14,ff3ed8eff93a52d9259a41be0dcaa132,2017-11-24
666e488ce51569ca13755283bce0e7f0,989aea921d9f98b5c84312b62e061b66,delivered,2018-04-23 00:26:17,2018-04-24 19:04:44,2018-04-24 16:36:56,2018-05-17 13:47:25,2018-05-09,7e094f060802ff5e25bef767446968d3,2018-04-23
1189683a982566d32678589bafad61c8,4e2bbc22dba0f9166f5877a39d2265c4,delivered,2018-01-05 12:56:03,2018-01-05 13:07:42,2018-01-09 23:53:14,2018-01-10 20:23:02,2018-01-24,ac18d7af49d92b9420f967a2d939b1f0,2018-01-05
0fb5f1722ce814b29e3fb1a5286a7684,9dbbcb1bf333f98d688f0af44f2e8962,delivered,2017-08-06 16:56:13,2017-08-08 04:40:28,2017-08-11 22:34:57,2017-08-16 18:05:02,2017-08-18,26eb5a4f3f84b5d976850d894b268de3,2017-08-06
00685d31ae12e47470ba5c18ba74f22c,eac2fb60d3f12675772fa03f9d8f8ddb,delivered,2017-08-27 21:41:16,2017-08-27 21:55:16,2017-08-29 19:46:04,2017-10-04 10:08:13,2017-09-26,f113042ff356f926d517f3087d4a1ba8,2017-08-27
9c40b23a90b1b14a52a437c385fdd2f5,1a221d573dcd10a28057c85e2929287d,delivered,2017-12-04 23:45:51,2017-12-05 09:42:58,2017-12-07 19:58:49,2017-12-11 18:17:17,2018-01-05,754f69cfc5e5e16096b21045cf46f86a,2017-12-04
7954fe1680493c893c4ec14df43ebb73,a636253950bdabea9ceee877a4078586,delivered,2018-04-10 12:53:38,2018-04-10 13:10:37,2018-04-11 00:14:28,2018-04-30 20:06:35,2018-05-14,eb8b208d1f8ea9d97dbd3696647b1798,2018-04-10
38144a7c1f1d4d5bffe36063d9fc7df6,f518bb43f82f8252efc3548d4a948581,delivered,2018-05-03 15:31:48,2018-05-03 16:30:26,2018-05-03 15:34:00,2018-05-09 19:58:29,2018-06-04,0eb12c9b8cf4ed16ca5dd595f979eb4c,2018-05-03
fc5fbd714a68c4cb0a3a927b2525109b,5425c3c66307418719d9c76eacae0d58,delivered,2018-04-06 20:08:36,2018-04-07 20:08:37,2018-04-11 20:11:25,2018-04-30 14:47:39,2018-05-09,0e896d98862a9762fd92a8d7cae2f4a6,2018-04-06
f232ff45f991fa2386608fdab459e65f,54d0b980a4148a4392bef1bbe34b91dc,delivered,2017-12-08 20:01:16,2017-12-08 20:12:21,2017-12-11 23:58:51,2017-12-17 16:13:43,2018-01-04,24ac33e321c2e3c0b096f1d72657d45f,2017-12-08
82cbf149594e34184d05271343fc7818,5c6db700ac5cd8db09b7a4f2784b3b03,delivered,2018-01-28 12:00:52,2018-01-30 04:31:06,2018-01-31 21:24:05,2018-02-10 19:04:05,2018-02-26,cd93385dc5c3af5157ca81b0ddcb1c54,2018-01-28
1595ad12e30eb87fdcd5fc501f7f93e9,234e69a1ac608aade19020f5750b3b85,delivered,2017-12-01 09:20:34,2017-12-01 11:31:59,2017-12-04 21:19:05,2017-12-06 17:57:39,2017-12-19,1a2064ab78800fa8e19c46e40942cc0c,2017-12-01
7eb2b4aee9ff7ba835df2aed76fb9c4b,88d2a8be7a511a4fd75da5f7465b96fb,delivered,2018-01-24 22:53:51,2018-01-24 23:16:07,2018-01-25 21:35:55,2018-01-29 15:04:10,2018-02-08,0c1201c04330536234aaa49b396745d4,2018-01-24
8a7637d805be7b25b3124bf6aeb04c26,6efdefc87ef0d5271d966d614a835854,delivered,2017-09-06 13:45:06,2017-09-06 14:04:01,2017-09-08 15:00:10,2017-09-21 16:09:30,2017-10-04,9570ee246b342f0b07deca4b6886436a,2017-09-06
2ddc0120a9ee5d965a08b68f6a3e2885,5820efa64bd8d85cb4c4e67eeb40a6b9,unavailable,2017-09-24 00:24:28,2017-09-26 03:28:33,,,2017-10-10,3b5e4e894889e646c0c90710b61f9c42,2017-09-24
be69ded8b4b06a199c55fa74d7de978e,64ec93bbc386d22c3f10849c7352d319,delivered,2018-02-14 20:38:44,2018-02-14 20:55:48,2018-02-15 22:51:57,2018-02-16 22:22:01,2018-03-01,2ef24b1be3c76a3404b9a8268aaa2728,2018-02-14
00d0ff2017f9ea13dd7eec7470ca473a,3341e65ccc3a083fcc8775020854154f,delivered,2018-06-18 11:12:41,2018-06-20 02:55:03,2018-06-22 14:13:00,2018-06-27 14:42:23,2018-07-18,d181089fdc7cd010c9e402ccedb4c48c,2018-06-18
43efdc225443ada11da1258aa555c24f,6245638cb1e630951f1707dc6960c31d,delivered,2018-01-20 10:05:09,2018-01-20 10:13:29,2018-01-23 23:26:43,2018-02-02 00:06:10,2018-02-20,899aeea5f350f0c0ad3cd59ebbea658c,2018-01-20
12e5cfe0e4716b59afb0e0f4a3bd6570,041cd6848abb3d3ca45e83dc971488fd,delivered,2018-03-22 09:46:07,2018-03-23 09:48:20,2018-03-28 15:32:48,2018-04-26 16:38:53,2018-04-12,0ae522661311f598df20272643d39ce6,2018-03-22
9ad25d16fe851c6e868769cec5d2882e,9bf6ae6fa1ba108c092ef3e6c4ed93e5,delivered,2017-10-08 00:21:50,2017-10-10 03:56:18,2017-10-20 22:34:40,2017-11-09 17:21:03,2017-11-13,af0e8073c41a35f102f00bc95792d93a,2017-10-08
8b388d845a3e8700444b971fa2bef902,00474d2582fd72663036795b7ab8cfc1,delivered,2016-10-04 22:33:44,2016-10-06 03:10:59,2016-10-28 13:28:35,2016-11-08 14:03:58,2016-12-06,7bf845014243c08bdcea071d6981303e,2016-10-04
5668f469a5a3e3d85c62791fddbb701f,29ec702fbfd66ef08607980f48a51da7,delivered,2017-11-24 10:43:47,2017-11-24 12:14:58,2017-11-28 13:22:20,2017-12-05 18:41:13,2017-12-15,62445cebd6cd715ee6f5efd645b10229,2017-11-24
68047069acb8883614bc980ad28ae9af,ad7cf2b9a1898e856ca5aa0e635a8bd1,delivered,2017-10-18 21:20:58,2017-10-18 21:56:26,2017-10-19 16:04:17,2017-10-31 20:49:35,2017-11-16,ee70d1b2a5e85f3df7d255522f953cfa,2017-10-18
33168d284b0de378e726ed35e42c16d8,8e2c53145fab03ecf31eafc3a5eece05,delivered,2017-07-13 11:59:55,2017-07-13 12:15:15,2017-07-14 23:04:54,2017-07-26 15:41:30,2017-08-04,7e81d7c5260c1590c9163a1629e56df4,2017-07-13
dce9a381febe6ed5e017df5f134a8980,79ef93ae53cf11433ff20305d4d04e2f,delivered,2018-07-25 17:54:29,2018-07-25 18:05:12,2018-07-26 10:00:00,2018-07-30 13:59:37,2018-08-08,75ce5b46b7e55b267e26f126683b8d28,2018-07-25
fa745876d70141acf230265bccfb8666,03e2f2d2972f8618a721fa8447457c29,delivered,2017-08-26 18:02:17,2017-08-28 17:25:05,2017-08-30 10:38:04,2017-09-11 18:12:33,2017-09-21,2b1e142254bf97fa721409a6831c3179,2017-08-26
722ca8c3ff8da3acca640833e79f8804,ff115ea880ba301e09b08f39f1aac7ca,delivered,2018-07-27 20:52:49,2018-07-31 03:55:19,2018-08-01 09:31:00,2018-08-07 22:03:57,2018-08-10,11735373f5b94d71354f10d1fa2267b3,2018-07-27
3e6cbccd0e3c5e4972f1f1f178b81b08,4b6525e692ac07e96bb6af495504f6fb,delivered,2018-04-28 20:38:32,2018-04-28 20:53:19,2018-05-02 12:45:00,2018-05-08 20:59:38,2018-05-28,ece908ca0502def5dd56deca8a5c67d5,2018-04-28
038862523957395d9316afa8b8b70976,a08ee5910f78d3f2b79a0e861d0c6d6b,delivered,2018-05-29 23:02:46,2018-05-31 03:36:10,2018-06-04 15:41:00,2018-06-06 02:19:39,2018-06-18,b2134aad352ca60e5d20703c91965f12,2018-05-29
674c79007110911b0f14e6c43ab64669,f698168406d73d68e0a9ed2ed6abe23f,delivered,2018-05-16 08:41:13,2018-05-16 08:55:39,2018-05-21 09:46:00,2018-06-07 20:48:31,2018-06-07,202d155e737de1cacbca5f72cef73bb8,2018-05-16
ce63c9b68df2841a944a62de0cd1bc0c,f40a4445ae3490e8b77a88ee04ba7c05,delivered,2018-02-13 17:58:15,2018-02-13 18:10:25,2018-02-20 18:48:58,2018-03-14 13:02:24,2018-03-12,200d8b1f16d0cc9600022fdc99987a7f,2018-02-13
15d2e898a322b9bbbe9ffff92db68af2,6d82bfae3937c26e1e7d7f97dd1a7d10,delivered,2017-12-05 11:29:49,2017-12-05 11:37:30,2017-12-06 18:22:29,2017-12-26 19:23:21,2017-12-29,13f0b6439aef26aa60f051b2d9a25d32,2017-12-05
30fad506e0a3f97390f19a636e08894e,6fa1cb97a275aa7fd38efa07f67cde71,delivered,2018-06-04 16:06:49,2018-06-04 16:29:47,2018-06-06 11:24:00,2018-06-20 21:04:10,2018-07-17,b531620286c6c6fbd1d3e7b58390fec0,2018-06-04
baeb826b97cb43645b7c6ccb5439b6ce,c344041f83a1dffd0664955eb1165f63,delivered,2018-01-08 12:27:59,2018-01-08 12:35:25,2018-01-08 19:48:48,2018-01-10 18:34:00,2018-01-24,dbb9c2c29e2b861a97fde971213e2c45,2018-01-08
3143dab57ae1317b6911e1330ebd4dac,3b163becc751c8b1988feab2f1a9c992,delivered,2018-07-13 13:03:16,2018-07-14 13:04:03,2018-07-17 15:26:00,2018-07-23 16:38:56,2018-08-22,885ddd3204277a7038db01a9cfe69380,2018-07-13
d39e9ca8b53fe40e2f41cad1e5f09066,8110d60f8d49ab980e779037b5b57fb0,delivered,2018-05-09 17:30:35,2018-05-10 11:51:30,2018-05-17 12:41:00,2018-05-29 15:46:42,2018-06-01,1150ce50d96c7a4a83a3eefde2a8cb4a,2018-05-09
23878b3366bb97c4877f944c685fc546,8ee18779cf374be7b2bebc957901b9cd,delivered,2018-08-23 10:23:31,2018-08-24 10:16:49,2018-08-24 15:08:00,2018-08-29 18:21:11,2018-08-31,f5374a3252629ff1494472bb4b2bf68c,2018-08-23
15775cbae05fe929de188870848e4129,95a9c31d31d9b5e98eed870eb5c4fde1,delivered,2018-05-10 11:31:11,2018-05-10 11:51:48,2018-05-11 14:19:00,2018-05-24 18:15:20,2018-06-01,00d8a60ad2500432d9edd109cfddfd9e,2018-05-10
db974c12004fe92ab344e63e8e4b995f,b9259ee6253d68e0d106b527cd5530d8,delivered,2017-08-24 14:36:40,2017-08-24 14:50:16,2017-08-25 18:37:38,2017-09-01 18:47:02,2017-09-18,167759c2d29d4c4214618ec52212d039,2017-08-24
b155e2a8589d40bc9c0381ee48e3204f,157c08487d75e7d5d5dc3646d4ce05e5,delivered,2018-02-05 08:26:52,2018-02-07 02:52:07,2018-02-08 17:42:21,2018-02-16 23:39:14,2018-03-06,5c8c3b38e0e4479bc10ba8e2926f959b,2018-02-05
65a94ea3c1392f150ad232c92d64c3f8,8f0aafb785aced277e700059d4b9ace2,delivered,2017-10-08 23:29:17,2017-10-08 23:49:13,2017-10-11 15:44:56,2017-10-17 22:11:50,2017-10-31,842bff27a9fd73c774aeb526d0f53113,2017-10-08
dacb2204acffacf83274bceb72cf34c0,21169253f474db2ca62af7ae67eaba97,delivered,2017-07-12 15:32:27,2017-07-13 06:43:05,2017-07-13 18:32:59,2017-07-17 17:05:22,2017-08-11,2f9f180924eaeb11def5623b85f7cabd,2017-07-12
8c72f52f7655510c1ec81f3b9019c638,b0cc6834f86d0440c119eb1fcd8413e1,delivered,2016-10-09 22:44:21,2016-10-10 11:03:33,2016-10-14 11:03:34,2016-10-17 12:03:34,2016-12-02,55d3b6aaa9c85f456862f7e2e270102b,2016-10-09
bc5e4a6b788f29265c3075648d98ef03,66599e5a9fc902f2dfff653f31ac2af1,delivered,2018-07-11 14:53:03,2018-07-12 03:35:11,2018-07-13 14:03:00,2018-07-14 18:10:13,2018-07-19,5f424656b6f311e9f8ec046fc8e92216,2018-07-11
78e503838fe18fbfd57a901cbddd1769,b7f2420efe789b808ff326af97c7b8d1,delivered,2018-08-08 22:23:39,2018-08-09 03:35:18,2018-08-09 14:22:00,2018-08-11 13:17:21,2018-08-15,e30dbfab1300dabe1739206611630681,2018-08-08
3c18b2ddaa9cdf16188ac0ca3ad8dee4,85f4e922a0f385268a765354f2d55a35,delivered,2018-08-10 16:25:13,2018-08-14 04:15:20,2018-08-14 13:39:00,2018-08-17 20:08:48,2018-09-04,61dc85df031b1e73d5f133e6a814e2eb,2018-08-10
6c92e3a213b3733918bcc93dd2224399,2e9120a1e2fc231f7d7f935e1ea43739,delivered,2017-03-27 09:07:28,2017-03-27 09:15:13,2017-03-27 14:04:43,2017-03-30 10:38:46,2017-04-18,4ab7336e14cab436f80b7acc41565f4e,2017-03-27
76f77156abd99714db6250e5755fe9f7,2c98027a846a2249788f402218d2106b,delivered,2017-11-08 11:05:27,2017-11-08 11:15:30,2017-11-10 14:46:43,2017-11-21 16:02:22,2017-12-15,0e78ba683f1afb5e10eea8408cb4b23f,2017-11-08
d45182d981794b5e86d5f433ed2d6e71,bc997030c44e17b4a0bf36ba9e128ed9,delivered,2018-03-21 18:27:30,2018-03-21 18:49:08,2018-03-22 22:03:30,2018-03-28 22:12:51,2018-04-23,56611ffe6e1e7b4e2a3ded97c946ae7e,2018-03-21
7a728c0fe2dd475aabd244294168bc39,4ba1bde676ff918afcb0eb990047494c,delivered,2018-05-05 01:38:34,2018-05-07 16:12:33,2018-05-17 15:34:00,2018-06-08 21:18:39,2018-06-01,d9e3567091697477758aa2f316fdb960,2018-05-05
605c8d6c4fd713a7d4315efb447367ef,c8c2748acf09a4d9bde389cc2d54fa05,delivered,2017-07-03 10:25:36,2017-07-03 10:35:16,2017-07-03 16:40:52,2017-07-05 17:27:19,2017-07-18,b9db619720babf0974d65bc0f720c1fe,2017-07-03
36d5bd2a92fd8d42046d3fd105357dba,1c8651846645ce3e991bbb4ed39b1243,delivered,2017-06-13 10:01:28,2017-06-13 10:15:10,2017-06-14 07:28:02,2017-06-19 21:24:53,2017-07-06,fda6b37dd1b14e761af2d657ab0ceee8,2017-06-13
fae07f01dfeea5a98b59ba06f1fa7bba,cc1105faac5ed298036666f8cfafc16d,delivered,2017-07-28 17:37:03,2017-07-28 17:50:15,2017-08-08 19:10:12,2017-08-17 19:37:54,2017-08-30,ffcdafd7d9f69caf44c3aa1ff78c32b4,2017-07-28
11660e2c0590a8f36299b868f3e95bed,635d1a5f9ddb3486e24e8333f85d3948,delivered,2018-03-02 16:23:11,2018-03-02 17:31:08,2018-03-05 17:58:37,2018-04-03 22:24:52,2018-03-22,09543baeee512af0163b09e9d08e8dce,2018-03-02
bcc354647b3aa17143479db9c57f1ce9,78b9904267ee1f823cc8ae2d8e95cc8e,delivered,2017-11-12 19:14:43,2017-11-12 19:30:54,2017-11-17 13:44:58,2017-12-02 15:43:09,2017-12-06,0189334b410cf5340ba839359af8a959,2017-11-12
a37a7ca4bfc323dd5c2466e609e4ae61,3f8aae0419248bd89751324f896ee2c8,delivered,2018-06-04 10:34:10,2018-06-04 10:50:52,2018-06-05 12:09:00,2018-06-15 19:26:47,2018-07-16,968274cc4a0b87221bd3a935f9bd2d3e,2018-06-04
fee65893d04eea449ea85e69ddef8e1a,27a3e266eaf8507e23957d7b5ea35d6f,delivered,2018-06-26 12:39:48,2018-06-26 12:56:55,2018-06-26 13:19:00,2018-07-04 16:12:06,2018-07-30,f113042ff356f926d517f3087d4a1ba8,2018-06-26
a78b808171a7a24376688e39d3ada85c,d7e0da248b18797a956c511842bc4346,delivered,2018-03-03 11:38:17,2018-03-03 12:20:29,2018-03-06 22:49:05,2018-03-28 18:51:53,2018-03-26,dfa720a677d93fc6d07f80c17ad3c95c,2018-03-03
e7b01e38e214dfdeaa5c9c98f911a7e4,03959f8a4aa2ffd6c471d797b3e95055,delivered,2018-02-07 07:24:08,2018-02-07 07:35:29,2018-02-07 19:56:01,2018-02-20 00:33:39,2018-03-13,b9f8839c38cfc321ce5b3d3553787ff7,2018-02-07
a8017b769d03b3474d5869b0dacf5f7a,5c6008b96b0de7d864aeaeb2a2333a7b,delivered,2017-08-04 20:52:20,2017-08-04 21:05:14,2017-08-07 17:22:44,2017-08-16 17:07:50,2017-08-30,44a0476ef0d882b1145ad7a88ebcc188,2017-08-04
8e7067b0751f4e22d4e31728a9a8323e,4f7101886e76a0fa9285c654c92ef0c9,delivered,2018-01-23 22:21:53,2018-01-25 02:57:28,2018-01-25 21:38:26,2018-02-07 15:05:20,2018-02-20,283e31dd970145afaf853fc9775dd5e2,2018-01-23
2dc89150e25e0d36a6b80cea3c8a1290,0454038eb49c9d4f0fbe5f2c7896980b,delivered,2018-05-03 23:51:46,2018-05-04 00:52:55,2018-05-04 12:50:00,2018-05-09 20:18:25,2018-05-22,a17d31fc1cb76c6249430b960a117928,2018-05-03
a8a52afd408a3023bafcd9ed3c0d2e15,bccacce2d37971951fd3e82965330b87,delivered,2017-08-30 22:43:57,2017-08-30 22:55:16,2017-09-01 20:07:41,2017-09-08 20:09:37,2017-09-19,69a96af4277076a11bf7a49d27d867a5,2017-08-30
93dac07d310a7f6ef301a01a2bd2e33d,44409872f7096ce7249629450da5e2a6,delivered,2017-11-30 10:41:53,2017-12-02 10:35:47,2017-12-05 22:09:45,2017-12-18 21:21:59,2017-12-26,de62b1930ddc37c005aff8c0edf2a3e2,2017-11-30
44e57ef48e2045411c809567c0db5628,c8a48f24e0d3338f916385b4097526e9,delivered,2017-02-09 02:03:45,2017-02-11 02:03:02,2017-02-13 13:20:04,2017-02-17 11:22:07,2017-03-08,064ab365e1c4df2ecc60b89aae2ebafd,2017-02-09
72e4ee7d458b36222813e2b9707d9d25,32c002400131fb12bb89799af9afebcc,delivered,2017-11-27 21:14:27,2017-11-27 21:38:01,2017-12-01 19:12:01,2017-12-29 18:22:27,2017-12-20,b8bd53ba44a9c43331d54b37c09c8951,2017-11-27
fdb64e7a41f724c8b968b87ad729c6ce,b4f0a4587f88d09521775a8b54b7f101,delivered,2017-09-13 16:30:36,2017-09-13 16:44:05,2017-09-15 17:40:09,2017-09-20 22:02:53,2017-10-04,e66e1de62896e1bd647e32ddc4fe5bd9,2017-09-13
e720d4d490cd3e990c85d1221441d4d1,7d2cc66889b3c713d431f1b6c63c5fba,delivered,2018-04-03 19:38:01,2018-04-03 19:50:20,2018-04-04 23:50:43,2018-04-10 23:03:34,2018-04-30,0f44822c80280c12644721cfc2c5ee58,2018-04-03
3f330c606a285a5bd1cf10b860dd6302,3dd397d7407cf9ab3713d1432a3759b6,delivered,2017-09-24 17:34:19,2017-09-24 17:45:23,2017-09-27 19:15:09,2017-09-29 19:22:25,2017-10-17,a89041fc8a904bd25e9f126169cbd94d,2017-09-24
96690f8fbafc0eae928f18e8a344c31e,4f614c6f09ba481a66d79bd39081da60,delivered,2018-04-18 15:36:33,2018-04-20 07:32:10,2018-04-20 20:03:09,2018-05-03 19:31:30,2018-05-16,0f6ec9285708bf10047949b87f716567,2018-04-18
c2569709e6223a9854bd1eab69c150c2,f102e902856febddafcada7f7ce15d51,delivered,2017-09-13 02:05:30,2017-09-13 02:24:18,2017-09-19 17:09:29,2017-09-26 18:16:44,2017-10-10,a8f09d1460326466d58bf2bb61ccd38f,2017-09-13
4d3fd3b2bf5c3adc542718183a646bac,39f307e088da26dc5257b7d459d604d1,delivered,2018-04-22 15:59:16,2018-04-24 19:02:04,2018-04-23 19:14:24,2018-05-15 11:28:40,2018-06-04,ed2842d0a93d50073e0d9f452fadbef0,2018-04-22
eb4bfa31c0d54df31280baa9f95e4e78,d7f4f0aedcd8d6c306d8b54253e63259,delivered,2018-05-12 21:23:13,2018-05-12 21:35:21,2018-05-16 14:29:00,2018-05-18 20:32:42,2018-05-28,297ec5afd18366f5ba27520cc4954151,2018-05-12
e5c270712fd21ebb7536fee6f08937d6,9dc2ad3665bc0cfff5b47d36822c215c,delivered,2017-11-27 11:21:06,2017-11-27 11:36:22,2017-11-28 12:58:59,2017-11-30 20:27:56,2017-12-11,d65efc27dffe764ad6f76deffc834a64,2017-11-27
b5ee9c8a7edd714067ee2db82c6da589,3cb367d10216cbaec82d09ff0ceefeba,delivered,2018-04-23 12:38:56,2018-04-24 17:28:58,2018-04-24 17:13:05,2018-04-30 21:34:25,2018-05-22,7aed54ede61d75cfa521558f286462b8,2018-04-23
8ffd7451dcd8c7f8dad79450d7f4708b,8bc6fbf4d57f4c3dda3f16447e74f375,delivered,2018-06-24 22:09:28,2018-06-26 05:37:16,2018-06-28 14:50:00,2018-07-02 15:51:26,2018-07-24,aa0a6b3d2eb6371b59116015055f41ec,2018-06-24
7be2814aa6db9f9f8652edee423f5863,95f490510e66b8f0550570de2a366593,delivered,2018-07-03 09:49:11,2018-07-05 16:40:36,2018-07-03 15:16:00,2018-07-06 12:44:52,2018-07-20,497242169577b9fdbaaa4286a575191e,2018-07-03
88c70c44f3017d798257015df40ed787,a7f72d95e85d8537e4c642c4a3c6c25c,delivered,2018-01-21 11:20:04,2018-01-22 13:47:24,2018-01-23 21:36:40,2018-02-07 02:13:02,2018-02-23,33964c1e05980dff6a5b9258e8ca036d,2018-01-21
7ffcdcd61ff7eb4f55adfcfe5940b9e2,6541bd474ebf13e7c24b38a89638260c,delivered,2018-08-01 21:48:09,2018-08-02 21:45:19,2018-08-03 15:13:00,2018-08-06 17:15:00,2018-08-06,e09f04c7b6a088498a49a3af51e12eb4,2018-08-01
271c268d4d21a60bfad6ddb92be3ba3b,6d2eff8b896317be39088c57f793c025,delivered,2018-01-11 22:16:27,2018-01-11 22:28:28,2018-01-20 02:04:07,2018-02-07 01:04:27,2018-02-15,4a4e1fe09026d5e9a8fef9f18ca402c3,2018-01-11
9b050477d0faef8e239f8ab69bac935a,78cb929a776477495299dea1d696f7f8,delivered,2018-03-25 17:58:55,2018-03-25 18:10:22,2018-03-27 00:46:44,2018-04-04 14:48:57,2018-04-12,83c4b558e510a487da67673e4a13ad0b,2018-03-25
855c94f62a3a8d4d9a5829e7e293ebdd,6f8b4eeaba59ef3fac7b5cbddf1a8493,delivered,2018-03-24 13:34:36,2018-03-24 13:47:27,2018-03-26 14:02:57,2018-03-28 19:21:41,2018-04-17,ad1b5d3b6898c3ed086bdce6bcd56d0b,2018-03-24
458a9e03559c123f3ec5759e7d9cd4dc,e058e57a449fcc0b4d0347dc15c44e31,delivered,2018-04-16 15:20:29,2018-04-16 15:31:35,2018-04-18 20:16:42,2018-04-25 19:12:24,2018-05-28,e1200768c8c385cbcfdd0a8a3adaf324,2018-04-16
e5ed4b3425c83c1de25b1072b775a59b,dfbf74617198d566a4a12a39ffbad5bb,delivered,2018-03-05 09:11:32,2018-03-05 10:40:40,2018-03-07 20:42:05,2018-03-23 18:12:53,2018-03-28,231df0e1c76273482dae9ce4f88ca08b,2018-03-05
0229bc966620f05d9d8fc29c704aa6ff,48a01175afae9a275b3b57ccd21da366,delivered,2018-07-21 19:10:05,2018-07-23 16:00:16,2018-07-24 14:28:00,2018-07-28 00:26:43,2018-08-06,08de67bdeb6f90e74f025279510dbca2,2018-07-21
041fd411ba3cebfe101d1dadc0666ce6,f9744f196723a6eaf6810ba6b7432532,delivered,2018-02-12 21:47:28,2018-02-12 21:55:23,2018-02-15 00:32:56,2018-03-05 14:13:42,2018-03-14,c632b3435ab76bb6aac6be6e4dee65f9,2018-02-12
09324a6d203673f8d0b62bd726f25a87,a368e7a5ecc4fbc5f7c9bbd5b809244d,delivered,2017-12-18 22:40:18,2017-12-18 23:51:35,2017-12-22 21:13:10,2018-01-03 20:42:33,2018-01-15,f504a7ed99f2a37120d9cc0164bd5765,2017-12-18
9d3a10d6a5aab8ca343a21580c404b69,3d52b62a0e6c8a3e9b649b070bbe291b,delivered,2017-09-04 15:38:31,2017-09-04 15:50:23,2017-09-18 20:19:55,2017-09-20 17:53:08,2017-09-26,b849bcdedd839c253865da632ecee2e7,2017-09-04
9e8bf3ebc81cc29ee6e934d95370e5bc,bdfa40cb45d5c835665c9ac5a168451b,delivered,2017-07-10 12:19:10,2017-07-10 12:30:15,2017-07-12 12:16:46,2017-07-25 19:36:42,2017-08-01,d7b402c756be57180fa0df36f58d8b7f,2017-07-10
5b829c37201779df841d79b1875ca7ef,e6aa3c4bea880edfc850c4647a575b5d,delivered,2017-11-27 19:57:02,2017-11-27 20:18:12,2017-11-30 02:21:57,2017-12-14 01:09:55,2018-01-05,430ce1ecb4ed1f869b148c20fe92a817,2017-11-27
a96417d157bd97f6b47643a7ffbcd8dc,32a0f9a935752b492144cefe01ec5da3,delivered,2017-03-24 15:37:08,2017-03-24 15:50:18,2017-03-27 14:56:58,2017-04-03 13:33:32,2017-04-17,20e8875098c071097b14f2d8dfdcc15b,2017-03-24
db6b63568221b91ede8c733e175bcb0f,8bfde2e8ee1c470784cebf3888dc3368,delivered,2018-05-03 17:57:35,2018-05-03 18:15:25,2018-05-09 08:22:00,2018-05-14 14:42:50,2018-05-22,827af9fc3113e6e7b0cdc85dea8fa44b,2018-05-03
0c9b19430ea3cf0e01b6686df953ad6d,223b6f9fabe9237128ff072d99701307,delivered,2017-06-14 15:54:29,2017-06-17 03:21:10,2017-06-22 15:30:05,2017-06-26 20:21:38,2017-06-28,7fae115999743402d055e4e73f1998e4,2017-06-14
a3a334e8cd38b52f151585bfa1e22190,014a9fe1063cfc79c804affbe855a70f,delivered,2017-12-29 21:42:31,2018-01-03 04:29:41,2018-01-03 22:51:48,2018-01-17 20:55:23,2018-02-05,a31135408270af483420121a53765a94,2017-12-29
59e50342da3b55417e121c01aa5aa6ea,9785bdb5fcba28eacc5e1dec628fe07a,delivered,2017-03-06 19:21:45,2017-03-06 19:30:20,2017-03-07 12:06:49,2017-03-15 12:12:08,2017-03-27,41b7a537bbd71b3dfee9e342253ac117,2017-03-06
60402252b419752cfe565a2a99f9cb55,172f539a0c9bfe31c70b898b31af1036,delivered,2017-12-27 09:21:16,2017-12-27 09:31:26,2017-12-27 20:56:37,2018-01-08 20:50:17,2018-01-30,9cd9ceb92b924354f445bbd452c4c462,2017-12-27
d5a809a7a258b9196d2bde32e7b9546e,2614012fdc9b1fad7b301f25bc6da3c4,delivered,2018-06-28 16:08:26,2018-06-28 16:31:44,2018-07-03 14:13:00,2018-07-06 17:12:09,2018-07-20,2be19a95604735d51ea36cd450573abc,2018-06-28
aeef968fdf13e92d3b80306d114ed681,f4057fb491fa03913c1affbf370cf24f,unavailable,2017-03-02 13:39:49,2017-03-02 13:50:19,,,2017-03-21,ee3c2157761847b1ef3bd8965ae443f1,2017-03-02
90c611165eb937cb679e48c10aa23d9b,3e70b5626bfa65b0f2678059e45426ae,delivered,2018-05-14 15:18:24,2018-05-14 15:33:12,2018-05-17 15:31:00,2018-05-21 15:05:20,2018-06-05,67191d9dd9f486d0043a362be5b1389c,2018-05-14
ffb6e31ed469d2c780df6b9bb2264a30,237ffbbf597b3f69a3946b4de6864da4,delivered,2018-02-03 22:57:58,2018-02-03 23:09:58,2018-02-07 20:04:02,2018-02-14 23:28:35,2018-03-01,08c54ca4a0a98e5fc6670115ac03c096,2018-02-03
b7a13b515d99de69fe4db49507b7c1ec,13cec4294177df9c4d38db4e9d981230,delivered,2018-02-27 12:51:29,2018-02-27 13:09:47,2018-03-01 19:49:21,2018-03-29 22:14:58,2018-03-19,7a9d66b2e8708f810d49bfdf24348c63,2018-02-27
65c96731ae030b052acda14e142e2a3f,9559221419cf73261de39b024545b1b3,delivered,2018-02-26 14:21:09,2018-02-26 14:35:30,2018-02-27 20:24:52,2018-04-12 01:30:52,2018-03-22,9aff27e32725e7f7c395e0a79a5d173d,2018-02-26
7b0bb21c6157ceaf36546fe736cea57e,93d5c28a557158561f6ce4c7a5f7001a,delivered,2018-03-12 12:35:39,2018-03-13 04:28:08,2018-03-14 19:24:50,2018-03-22 12:16:46,2018-04-03,17f2fb688db56f722a0d628586df05a5,2018-03-12
d043902d832951c993140ff02e9a74b6,a69fb81739a98f4292b9b5294396e3c3,delivered,2018-05-20 21:56:14,2018-05-20 22:18:37,2018-05-22 09:00:00,2018-05-23 17:32:04,2018-06-01,9e371d5ada32ed008f057f5dc1356587,2018-05-20
b786414cc7eca4f1a133aa2b3b4cd53a,8c368f5d7d10b203124dd10e280d78cf,delivered,2017-09-18 20:00:04,2017-09-18 20:10:17,2017-09-19 13:23:59,2017-10-06 20:43:50,2017-10-06,2aa5c1fe35eb1158f7c587814800fb2f,2017-09-18
95d178d6496b60f86073770baf392c4c,0f7ef6c2fdb723b0ae2f59f371646d24,delivered,2017-11-29 18:10:35,2017-11-29 18:19:33,2017-12-01 17:48:37,2017-12-13 14:55:18,2017-12-21,76e00a9ae06a1a0d31d072ccab67ca35,2017-11-29
34f1c51e8149819c0b990de491310370,2c220c1528cbe628de003c145cbae0d3,delivered,2018-05-01 10:23:41,2018-05-01 10:36:27,2018-05-03 09:25:00,2018-05-15 18:06:08,2018-05-30,f9294071affd87d9e3f343cd58e9c74a,2018-05-01
a74e65b4ffd7effa5308ba01647ea4b2,b80b77aff9dc4c13a0b759c556742878,delivered,2017-08-05 10:42:34,2017-08-05 10:55:16,2017-08-07 19:47:50,2017-08-15 19:52:11,2017-08-29,b93a4deada6d827a70b483590de59679,2017-08-05
ec4a3b39fc6ed8732cb8c0efc469d52d,79847517053935da221bdb9325ef20f5,delivered,2018-03-15 10:35:37,2018-03-15 10:50:27,2018-03-15 22:10:39,2018-03-24 02:37:24,2018-04-06,b17bd11d7c1680915018bf63cedfac00,2018-03-15
4eaf46d0d0e2afdb37847eaaed37d71a,c92dcdc19ddf619d3e18e6add2ffb398,delivered,2017-09-07 15:11:56,2017-09-08 20:55:06,2017-09-11 19:05:51,2017-09-15 20:32:34,2017-09-26,a89a95e5997bb50f1ecf91b3ef2383ed,2017-09-07
929d67c764704d96d97612a7516a1d2c,a920a916257e1e8ccefc035ddf442b24,delivered,2017-12-10 14:06:26,2017-12-10 14:14:24,2017-12-15 14:28:51,2017-12-26 19:48:59,2018-01-05,4a021c79bbc77ac73e600811b40ba7e2,2017-12-10
8520caa05adaca0f5c056629e9f17fe9,399ea879d045ade57e0a91c195b73aba,delivered,2017-10-25 21:01:36,2017-10-26 20:55:38,2017-10-27 15:23:38,2017-10-28 16:40:02,2017-11-07,5f60c7674f590470c5f331c6de28ec34,2017-10-25
3c86b332004353092d94fa2e5b66e398,f89096f96c07ec24f453a56a2135c6d2,delivered,2018-05-05 12:02:10,2018-05-05 12:15:17,2018-05-07 14:51:00,2018-05-11 18:09:32,2018-06-18,33a3afd7cf2bb9176cedbde65d91d756,2018-05-05
512995f2b2e1cec7b7857389582ecf07,c9fdcb6355112f78a8369a743fa58880,delivered,2018-04-27 16:27:43,2018-04-27 16:35:27,2018-04-30 11:06:00,2018-05-07 20:51:57,2018-05-28,240c5abec165ada0d6479f5e09f8910f,2018-04-27
0acba0d89b659e968c61996fce491be6,95489fc7d50bbf17640d3f87b6a8fabe,delivered,2018-04-30 11:01:18,2018-05-03 04:32:54,2018-05-03 18:54:00,2018-05-08 23:44:40,2018-06-06,770f0207d9efbbc72dd657d34f7d260a,2018-04-30
1343e1f31a0f108d5102319b6624021b,529de59b3db538f52b46f5c3d0cf1877,delivered,2018-01-25 15:11:11,2018-01-25 15:20:29,2018-01-26 21:32:24,2018-02-20 16:58:13,2018-03-07,ed8bf8f73a4c6a4d1e8b519c03c1c17b,2018-01-25
5f4da1a51f1cb709019272b1bb9b7c51,6e01c34b6f829b1ecfbb70987a25bfae,delivered,2018-01-23 22:43:38,2018-01-25 02:58:23,2018-01-30 01:07:47,2018-02-22 17:16:37,2018-02-23,f5b7107fa88a79c79bf68ff5e0910631,2018-01-23
ff93068c56794ba8c461ad31ffa31076,c7ee141f107fca51fbb68394f0b5d36a,delivered,2018-02-17 01:19:30,2018-02-17 02:07:36,2018-02-26 19:10:16,2018-03-08 18:38:48,2018-03-22,349213626baf19f06cb9d8ec5a203350,2018-02-17
bb52ab55caf36f6ee5cdb4edacd82dcc,708e884443a55b66dbff16493d952441,delivered,2017-03-15 22:46:20,2017-03-15 22:46:20,2017-03-20 15:06:37,2017-04-01 12:13:16,2017-04-11,4d0b63c02bf756e064687854ba9c6ffc,2017-03-15
61b1a17bdd024a92f00d79097599f221,f378db927bde450be949d83d9ad0b751,delivered,2018-06-16 22:22:46,2018-06-19 03:57:10,2018-06-21 14:35:00,2018-06-28 21:39:02,2018-07-20,c5cb554215ad5b3ff18b2a97e67ac9c2,2018-06-16
3d078f07196f735d7513cb6df317e1bd,13709817a93e72b8a9752298c2e00580,delivered,2018-03-18 12:22:33,2018-03-20 03:48:54,2018-03-20 18:17:29,2018-03-21 19:23:40,2018-03-29,dffdc8e60eab79300b75d9febd9eec46,2018-03-18
510d5ab9d1299666e8dadb24d137209d,8ea0f24dde338f421c9526331050927e,delivered,2017-12-03 22:58:28,2017-12-05 22:53:30,2017-12-07 16:21:36,2017-12-11 16:49:52,2017-12-27,0a3181fec8b18045f33c46ab39d32318,2017-12-03
052121d17f8eab43c577497c9b1451e2,016187b76ffe3a8b7709732077de2fc2,delivered,2017-09-13 21:51:41,2017-09-13 22:05:50,2017-09-14 19:47:49,2017-09-20 21:02:34,2017-10-02,49a46a9ac7e72f7ce9e2a6007f4d33e4,2017-09-13
4a1469ade7319bd8ba134c98ee7f0c8f,f739519fdd001c8fd5db7e7afb9147c5,delivered,2018-02-04 20:00:23,2018-02-04 20:24:23,2018-02-06 20:37:49,2018-02-21 18:23:29,2018-03-14,0bd020b4778c035db3cc161e69e6d0aa,2018-02-04
18bfd88cce0908a86624e1fe45693ab5,b7fadbed2cafaf71c41450cb2ebe7013,delivered,2018-04-18 09:13:46,2018-04-18 09:30:37,2018-04-19 23:02:31,2018-05-04 00:22:55,2018-05-16,e5a3da4ea9055b0fdf99e847b1c34dc5,2018-04-18
0d9df4f2f2ff31254428de406416328c,7780df2165ac312b97f275f0f5efddf1,delivered,2017-04-10 16:22:35,2017-04-10 16:35:09,2017-04-13 13:23:12,2017-04-20 15:00:06,2017-05-02,46df1204cb9fe74558853191f8804909,2017-04-10
09ec142bfa34576d3914bdf8c19927c2,fff168ca1f8a1d2e8e2108b231a68a8c,delivered,2018-07-20 16:25:59,2018-07-20 16:44:13,2018-07-27 10:28:00,2018-07-30 18:26:39,2018-08-01,19560db94472cdf51948e02929642a0b,2018-07-20
9191e958cc19129b8470df9d933f8e3c,fe0980d54ae62861faa5595968feedd2,invoiced,2017-11-30 19:12:28,2017-12-01 09:31:11,,,2017-12-20,8c23c0f5f18a44384f7632fa3c2a1394,2017-11-30
635b1de13b56852d3dca9d359b7ed8dd,4a0ca65ee54229ed1da47b1f479b0a55,delivered,2018-02-22 13:19:57,2018-02-22 14:00:46,2018-02-22 22:57:00,2018-03-08 22:36:28,2018-03-19,22dbae7e4d884fa06a81186305fbef4e,2018-02-22
519d0ef44ec0766bd5176b19ff8b47aa,bc7ff0e7c6d31fd59dbd5f70835b4696,delivered,2018-03-25 21:48:21,2018-03-25 22:08:26,2018-03-26 22:42:18,2018-04-03 10:48:50,2018-04-06,2f53a09bfca049656dd9b86d305bb972,2018-03-25
ed7200b041e08a9814ac30587b7e62bd,932f6944e8d50003e3bebd6030cd1c60,delivered,2017-12-08 20:01:45,2017-12-08 20:12:24,2017-12-12 22:35:33,2017-12-15 18:17:05,2017-12-27,5a772a88c4363b3e3aa9c024c45f8c46,2017-12-08
33c72b5830923cd768fa76c738f6d402,3664970f078371fc4638701954f6f048,delivered,2018-06-26 09:10:21,2018-06-26 09:37:45,2018-07-03 12:55:00,2018-07-09 14:12:36,2018-07-23,6d21f55d799dc99aacdea8d8123903fb,2018-06-26
7ca0c3d9f11c42ad17afe165a1e0df4f,b0d33167a84b75a35b3921e04f2a3a91,delivered,2017-09-17 18:27:12,2017-09-17 18:35:23,2017-09-18 18:22:27,2017-09-23 15:04:06,2017-10-04,cf8892fbf4897edf52d122c5a86061ca,2017-09-17
804a79d234b0f9470b218e9abef45e7e,929f17c31bd7186f4a6ca3d7d8d0535e,delivered,2017-11-04 16:29:23,2017-11-04 16:45:39,2017-11-06 20:36:22,2017-11-10 15:36:39,2017-11-17,c7fb8ec1ea35af7e89f989b6e17e2bd8,2017-11-04
fddb3d597fc61e3f11ce9e3e8e7a3706,67aac83578d8da73ae7d09d981ce8487,delivered,2018-02-20 10:34:07,2018-02-20 10:50:35,2018-02-21 20:06:30,2018-03-20 20:38:56,2018-03-19,c5bf465945a308daf1b2c2aecf94ec50,2018-02-20
039ab3369f399f5a3ac25e99435a8251,b970eae734db9041c13ad2b9aacd5e09,delivered,2018-06-21 00:30:40,2018-06-22 02:58:52,2018-06-22 10:36:00,2018-07-03 16:39:00,2018-07-25,91386671216084fa7b46885f47eb2c52,2018-06-21
4308e12e9ffac5a442e69838bb90872d,a61b501908541d3087f220fe04b77800,delivered,2018-06-05 13:29:29,2018-06-05 14:31:59,2018-06-05 13:41:00,2018-06-13 01:22:16,2018-07-05,3f7fa245f2b7008c3097ae6d554f3275,2018-06-05
8a98b899923f5a4f37a74af5c8b1d774,37fb9cce079a4887c96b59bae2011d05,delivered,2017-02-05 14:54:08,2017-02-05 15:05:08,2017-02-08 15:18:41,2017-02-09 12:14:17,2017-03-03,5ad0bb9cc8dae4484f59b5b5162b45b0,2017-02-05
491c5a96f47a083b2792f1a306a5fade,5a6a4a2e451c08ff810096ed0abbcfcc,delivered,2017-06-13 09:03:46,2017-06-14 02:05:13,2017-06-14 11:14:22,2017-06-23 11:12:41,2017-07-04,d203eec4add575cf411cebfef2fbd361,2017-06-13
af56eb60e55129d75938b66adc629d24,cad7436e0e154e5c25656e550735d7af,delivered,2018-02-05 23:19:09,2018-02-07 02:52:36,2018-02-07 21:23:25,2018-02-22 22:45:15,2018-03-06,c02560059691695b25e8400ac24bd126,2018-02-05
2a8ab6971e8d4c873f768a365a9ac617,9723ee0e006c0f3ddd9fa3759078a57f,delivered,2018-04-03 17:58:15,2018-04-04 17:55:10,2018-04-05 18:05:44,2018-04-12 18:17:34,2018-05-04,667a6c1065219df6e6b37ef29fe2bfe8,2018-04-03
b3c763d35ce46cf0a205b217814323ee,ac760d51d374d2b60448efe5ba3c4a75,delivered,2018-08-02 12:20:01,2018-08-02 13:15:18,2018-08-09 14:44:00,2018-08-16 22:04:44,2018-09-05,4e3486ef3f11a015b6a8e6d0e39399ae,2018-08-02
714eab828e697b510a611bda04f0d167,d5d59c8731157b64e020bfcd71da00ab,delivered,2018-05-01 11:01:42,2018-05-01 11:36:09,2018-05-02 14:20:00,2018-05-08 18:19:05,2018-05-24,40cf4aeb379b693ec250b4209058e10b,2018-05-01
185115c917a05bf72dd42a9c369f207f,1a0bc7cbd12289b4c6429ca29e1b9b84,delivered,2017-08-27 14:59:43,2017-08-27 15:15:09,2017-08-30 19:22:18,2017-09-04 22:11:30,2017-09-18,93a5ea38aa18766f18d2c3cb70035e81,2017-08-27
1c2aa46c96849539758c97f7465669da,0811ef55e8d477a9a772121707761131,delivered,2017-12-04 14:47:16,2017-12-05 04:15:51,2017-12-11 19:57:22,2017-12-21 17:44:28,2017-12-27,3e3fe8426cd25a53fda9ce53c9acd7b6,2017-12-04
aeb656e39cc0a83dd545f079f099d7e7,371e88339651f429491a4d74517cc8ad,delivered,2018-05-09 10:54:34,2018-05-09 11:11:47,2018-05-09 15:34:00,2018-05-18 13:23:47,2018-05-29,1cbda36ee89944baa7a738ddbdc4679a,2018-05-09
a63205aaf6fff889c9499f4cb08e3696,5222c1ba761c7d6b134da346188a0160,delivered,2017-02-14 23:07:34,2017-02-14 23:24:04,2017-02-15 12:53:15,2017-02-20 18:13:47,2017-03-15,fe14ddee564cae8a9d43ede66d5e0b4a,2017-02-14
2e22dc2fce65e5b9d73a11d717f41724,61293d3c42c2bfad777bcedcab7c3bd5,shipped,2017-01-21 20:53:19,2017-01-21 21:05:17,2017-02-09 14:28:33,,2017-03-14,40f4b191d404a10a6039af0b26dd62c7,2017-01-21
627275b5ff757bdc2c6bc89946ac43d3,a127202dbd242f846641f8332bc9bbf5,delivered,2018-08-11 15:37:03,2018-08-11 15:45:17,2018-08-22 14:19:00,2018-08-27 19:51:57,2018-09-05,a4c54c49d2c5f112c069be5991718c35,2018-08-11
aa3ae718cc36bc728bd78c098dc84c24,b8a4fa624ac0e22818ed1dcaf5fcbf47,delivered,2018-03-01 11:27:43,2018-03-02 02:11:04,2018-03-05 19:39:00,2018-03-08 15:53:50,2018-03-20,a523b4ad148daf915d9d35322cca289c,2018-03-01
35e8b6cc47f7c18667028737368a1d8e,b67c158e4b1be576ff5eec151ab5cdcc,delivered,2017-12-10 15:58:03,2017-12-10 16:09:18,2017-12-12 21:03:35,2017-12-26 13:52:15,2018-01-04,ebf92f18f7a148f0511a4e532e917e82,2017-12-10
5fba11dd999d40df0cc6c2169f2babc2,74a29926ba27e36be1e441fa29951a99,delivered,2017-06-02 11:44:41,2017-06-02 11:55:13,2017-06-05 10:46:45,2017-06-08 16:33:33,2017-06-27,b5d39d4dc9c6bdccfa06a054d4385196,2017-06-02
4e99d33f688f3a9af1feb6d2f50d7509,85b3cf7f68020f420f26122e3bb6febd,delivered,2018-01-02 09:33:31,2018-01-04 05:17:19,2018-01-12 20:51:40,2018-01-15 19:25:00,2018-01-30,ec3b59d5cf447823fc0f72645e64329c,2018-01-02
356c676af9d2b3828c504330ea74ed73,422dfe12ed7978978abbedd5c706891f,delivered,2017-07-17 08:20:44,2017-07-17 08:30:45,2017-07-26 04:43:24,2017-07-28 22:27:50,2017-08-03,c3a1aa867de7bbc426695e756107ed38,2017-07-17
93f6802eddf412ddaece53aba01d1db3,817496a3a4e02e8f5e16b5a4247ace69,delivered,2017-05-02 13:44:27,2017-05-02 13:55:22,2017-05-02 18:31:59,2017-05-13 09:53:02,2017-05-30,41cbba1500aa55481929db65437ebe4c,2017-05-02
db98938fd988c1be7290b8fda2801afa,8d6b89c0cd78938a832e751972e394f2,delivered,2018-04-18 23:34:48,2018-04-19 01:30:18,2018-04-19 19:58:49,2018-05-17 00:12:15,2018-05-23,eaf894ef068f49c62fc6fa7d625fd767,2018-04-18
0bfd90889de46373db5089b3bb941135,b2bbf530455f67fe10265197326aab8e,delivered,2018-06-05 20:08:08,2018-06-05 20:32:55,2018-06-06 14:45:00,2018-06-07 18:34:54,2018-06-29,d4318adafb89c4b369d6633e1739795b,2018-06-05
3486059e0a7914ff9133784944751b3e,2c5d1e24fd62cc9711ec0b4461367477,delivered,2018-08-11 16:24:12,2018-08-11 16:35:15,2018-08-17 14:15:00,2018-08-21 16:32:00,2018-09-03,d5c6c92d26c8e49f69523dcca585bccf,2018-08-11
0b4379c15168b7275dd2ee52a06f4294,b8026bdf32e82bd41ae6f578f6aa0fb8,delivered,2017-10-04 13:05:06,2017-10-04 13:24:28,2017-10-05 16:48:15,2017-10-11 23:33:55,2017-10-30,e7775fe4dd09fa9853f6869ea2e4a047,2017-10-04
53571e4877460790f5910534d81d533d,03021263578e74c1f2bd92697a37d93b,delivered,2018-07-04 20:41:02,2018-07-05 16:08:01,2018-07-05 18:55:00,2018-07-06 13:42:10,2018-07-19,bdb40fdb1df62064c8ee38b845459e77,2018-07-04
02624f7cd7272b3e027320023dbdc99b,5cc48607521a18de6b6e2eeaace14501,delivered,2017-10-10 09:37:51,2017-10-12 02:31:56,2017-10-18 21:52:10,2017-10-25 17:44:06,2017-11-17,69d53f96fa1fd127565c68e0c98bb4fd,2017-10-10
025884a2189930178d9ba3b1c6d0f9ba,23ff057c563ba09553c1a7d37520a43a,delivered,2018-03-20 09:29:26,2018-03-20 09:48:16,2018-03-21 21:36:35,2018-03-28 15:14:52,2018-04-16,def9333965180d167dedac744dcde41f,2018-03-20
96192a86ceeb753de81aacdd955288f8,ca2f8b1c52eece3f11bad7511418308b,delivered,2017-08-21 20:22:55,2017-08-21 20:35:30,2017-08-25 18:32:54,2017-10-01 12:30:03,2017-09-21,51d844b5ba7963b4cbefde23ddee7c0d,2017-08-21
490a97982e956ca7dcafe2282467dccb,9256dd59d0efc6db3eb52db8aaa99a85,delivered,2018-07-12 17:42:10,2018-07-12 17:55:12,2018-07-13 07:27:00,2018-08-03 13:48:44,2018-08-13,bb32354ac4d8aea0914682d9a5218c32,2018-07-12
47e6a0c0327dc37d68fe995d4d254885,95f0df1f2f6ec93cecb00ba84f424420,delivered,2017-11-24 20:17:44,2017-11-24 23:18:40,2017-11-28 23:03:33,2017-12-04 22:13:27,2017-12-14,4b318eb7137fa528187f45aa9f73d30a,2017-11-24
03ba7e127b7a5243620b6c62c740d722,e70246c90e6f47e10fa5d8577d5beb17,delivered,2018-02-23 20:41:46,2018-02-23 20:50:32,2018-02-27 22:52:35,2018-03-12 11:26:32,2018-03-27,6fec1433b729f790622f8a7e14ff904e,2018-02-23
4dcbd5ebfc13eef35e0fcb0ca1c2807e,033be315f82e41697260be39939d3662,delivered,2017-10-22 16:39:09,2017-10-23 17:49:12,2017-10-24 21:03:32,2017-11-08 18:28:44,2017-11-16,acfca8c3549ceceba9e125afc0349610,2017-10-22
bc803635394fe3d07b22474558c8509d,60ac5710c1bdce2a9a20a7e257137d5e,delivered,2018-03-06 10:57:45,2018-03-06 11:40:23,2018-03-07 21:08:44,2018-03-28 15:51:45,2018-03-26,d118da7323679c69a5a99166f548f0a1,2018-03-06
d7bfe7ef14d1debee523b680ae421489,4e5aecb5ec6b900f8de063308bbc55cb,delivered,2018-05-01 22:43:44,2018-05-01 23:12:20,2018-05-03 16:10:00,2018-05-15 20:49:11,2018-05-28,731e3e872873cb1a524f0a49fe084d66,2018-05-01
629af6001c311533699b7c3a91557aa8,434dc66083e0ce3920a49a32c18181e6,delivered,2018-02-01 10:57:27,2018-02-01 11:12:30,2018-02-03 12:12:12,2018-03-07 12:43:04,2018-03-07,91d7fe4f2e407bee69ad391caaced497,2018-02-01
c2bd00a4ebada36e6e2b5457048020c2,11f5f5a4b5113ed59df85853b97156db,delivered,2017-07-19 20:03:19,2017-07-20 20:10:14,2017-07-22 13:29:23,2017-07-26 03:17:54,2017-08-03,b6a579c62be83db3dc6d5007803ae5a5,2017-07-19
e3411277abc85c0051b5e9a9f7e6d0cd,c985da49b4fd8417a7862fe111a70de3,delivered,2018-03-15 07:29:39,2018-03-15 07:49:32,2018-03-19 21:21:50,2018-04-02 16:08:34,2018-04-11,8fe0f01defe10fa8b15fcda8762d62e5,2018-03-15
2e0a57a3d7b55da441c3d59bd020a100,b5f7c46d4c3f1a90f5c592441c30eba0,delivered,2018-07-30 12:13:58,2018-07-31 04:31:29,2018-08-01 13:36:00,2018-08-02 22:11:53,2018-08-03,e1f784eb8999151fbeeb85b0c0d1ef2e,2018-07-30
1571408d523ba0bd850d9621252be53a,9eec05db89d3d8863da0018d2fac099d,delivered,2017-07-06 08:10:59,2017-07-06 11:55:07,2017-07-07 17:12:21,2017-07-19 15:57:32,2017-08-14,7e2cae9835e2f62496f365cad21a0128,2017-07-06
478f2ae691d27c91c581c47b8e9f61d4,c0f820d99d37773d9afcae7710a9aefa,delivered,2018-01-08 15:11:08,2018-01-10 10:32:31,2018-01-13 02:42:07,2018-01-18 20:51:35,2018-01-31,49f167a0f461317f5816aba62a1f80cd,2018-01-08
7d0880274edfcf151462bd2adbbdf6c5,ae46c180a00aba01fb17d3e2e26dbc28,delivered,2017-09-27 09:25:55,2017-09-29 02:14:48,2017-10-03 16:28:44,2017-10-09 19:32:57,2017-10-16,74b66231b61e17d4d4ed527c2dbb2102,2017-09-27
83b38224c814740db730aad1c72c7a3f,6a6e92b4be5eacb3d7abed3f73d20276,delivered,2018-08-07 10:19:28,2018-08-07 10:30:14,2018-08-08 14:06:00,2018-08-13 19:19:36,2018-08-22,efd2741fa104357a25828ad3d2ae37d8,2018-08-07
bbf79c6b5be913c369b5855982d9208c,b774417f5519d50111815b41af44d0be,delivered,2018-02-10 17:01:42,2018-02-10 17:15:43,2018-02-14 19:33:27,2018-02-22 15:05:42,2018-03-13,25656a7e27d1dea3b929d4e058152d2d,2018-02-10
fae7474cb4e9db46851ec394af4a04b8,94c7d5f342e959f15a7142dd17b1e7be,delivered,2017-11-17 13:14:21,2017-11-17 13:50:33,2017-11-24 16:22:04,2017-12-28 20:58:49,2017-12-13,5a1a783020111b20236f45ee2ff2334d,2017-11-17
67f30bce3a2dd23c894bae87e6391987,f498a3500157af76aa12d52120bca54b,delivered,2018-06-02 18:24:18,2018-06-02 18:35:09,2018-06-04 14:31:00,2018-06-08 18:18:52,2018-07-11,c445778c53b77f639ee321764c277899,2018-06-02
cccb57e7a01fe8d245ce2027974b455e,626dd88d2e464c154a8c0fa15f2e6636,delivered,2017-11-21 17:50:33,2017-11-21 17:58:25,2017-11-23 20:51:21,2017-12-27 17:51:50,2017-12-12,9047436c514a87a1883a323d60046913,2017-11-21
82c1f00b277333db6ce4f9eff5894903,44024df7d9bd0f986d18c27e73d39dd7,delivered,2017-11-24 21:51:21,2017-11-25 00:36:19,2017-11-25 12:58:51,2017-12-06 21:41:52,2017-12-14,24fb0fba6a84b9d812b55fc924ad9c9f,2017-11-24
e8295bee3fcc58cbd94f165f36c11f4b,d8c39b2be9b9bc058f016855e8718e54,delivered,2017-11-24 02:09:24,2017-11-24 02:29:20,2017-12-05 02:12:30,2017-12-18 17:43:42,2017-12-19,89383f8dc2ded747e0b2636cec1e0631,2017-11-24
b91b97488347f484d82bd38acd8d0bbf,0f04f03513dd14f705add51e885ecfb7,delivered,2018-08-19 17:38:58,2018-08-20 12:35:43,2018-08-23 13:10:00,2018-08-30 00:04:26,2018-09-05,cfa1bef479ad90b38147e9d0f0cda56f,2018-08-19
d8efc4afe919de73af09d4319b503f08,47edf084f7b21dff8cd49a49f6f9a041,delivered,2018-07-30 21:28:42,2018-07-30 22:04:23,2018-07-31 11:47:00,2018-08-07 23:38:42,2018-08-20,59f00123fa766cafee685ba1667aa30b,2018-07-30
10bc94fc052750e8053c44b8a0cdab8d,74739c82729e0172c2449caa51f42122,delivered,2017-12-11 13:32:50,2017-12-11 13:50:16,2017-12-11 23:10:08,2017-12-26 19:52:23,2018-01-11,46b7b0549a0fd88de78b58bafe90c3e5,2017-12-11
47d160e3b388f73aa2dfad3c508f4ca3,3328834615c63920c7aa70de65af963c,delivered,2018-08-05 09:35:33,2018-08-05 09:45:08,2018-08-06 15:36:00,2018-08-11 16:38:43,2018-08-20,a95b2a758b2e0748b296c6671261a38a,2018-08-05
771f66be24ca215d4d3415b63bae9d97,52501cba96d41957f1daa67592b41a74,delivered,2018-08-21 20:59:11,2018-08-21 21:15:16,2018-08-23 15:37:00,2018-08-29 18:04:59,2018-09-26,f71da337f7e2b3a70c74fa505f0f6ac9,2018-08-21
86955b2db2cfd164e4ba01d2f63d0906,5e25baa32999404a42889ee63ab584aa,delivered,2018-05-01 19:00:58,2018-05-01 19:13:27,2018-05-02 13:51:00,2018-05-03 18:02:52,2018-05-14,c9642c0c0ccea945d317f8894a2ca45d,2018-05-01
41e33d3c157e00a75938cd0345e207de,6303896fe7edb9feb7b93bbc17bafc09,delivered,2018-03-07 18:02:17,2018-03-09 02:15:43,2018-03-13 21:27:43,2018-04-11 22:22:05,2018-04-25,413efc7550a8ea15ce303ceb7bd820c2,2018-03-07
eafd5b12290f8412e02469ad8a4b0a8b,56d9806c89791bdb2c2a3158818c35e1,delivered,2018-02-10 23:50:47,2018-02-11 00:56:19,2018-02-14 20:15:23,2018-02-15 19:18:42,2018-02-26,58bfe871a8bb3f05ff776d4cf08ce50e,2018-02-10
5a359fd847978055438c2563b425d343,9355c14f322f84c4cb4e0bf6162dd714,delivered,2018-08-22 11:17:04,2018-08-23 11:25:30,2018-08-24 12:13:00,2018-08-29 02:24:36,2018-09-04,b106847a772fb305224a3270f85a06f0,2018-08-22
3f191c1edeb80678998ec0c8683cefcc,8840e68ca97a89b084ca61284b559d41,canceled,2018-02-20 20:34:23,2018-02-20 20:50:22,,,2018-03-21,6f217112396e52467e82b6a16c9262c5,2018-02-20
3c39f4ac4b4520bfaaba2cee448cd823,01d259010afdcc421652fd14d9ea6d6c,delivered,2018-03-08 04:06:12,2018-03-08 04:29:18,2018-03-09 19:03:41,2018-04-28 16:26:44,2018-03-28,e24fdc72d520d237279a174651401f64,2018-03-08
78613b7496cc589e1f192e4438f959aa,59623c6dbeed829264853d9539f0b9b5,delivered,2018-03-13 22:20:46,2018-03-13 22:35:32,2018-03-20 19:32:51,2018-04-17 19:21:39,2018-04-10,80e368e41c2ca7f187d9311e768dc902,2018-03-13
6afd8b64eabf9544f371b79bc6569bce,012938ae26ceaa758b735826636366f8,delivered,2018-04-14 14:48:19,2018-04-17 06:11:25,2018-04-17 22:02:54,2018-04-21 15:22:39,2018-05-03,b9b7a03c01ed2bd7b09072f575faaad1,2018-04-14
de8e149a85e92c7cf24c1f7318f5f1a1,2443f76198478384b6147d593fc54b95,delivered,2017-11-11 17:24:45,2017-11-11 17:35:41,2017-11-17 00:12:17,2017-11-21 19:29:50,2017-12-07,869d416d0e4f62034466aabe623740c8,2017-11-11
5a3b1c29a49756e75f1ef513383c0c12,be1c4e52bb71e0c54b11a26b8e8d59f2,delivered,2017-10-17 13:06:29,2017-10-18 13:06:21,2017-10-20 19:09:07,2017-10-22 14:43:54,2017-11-03,d97b3cfb22b0d6b25ac9ed4e9c2d481b,2017-10-17
3cd02e6bd648bb14fb1f20e140ee4e15,15e68126961e816a65de6b9d19285142,delivered,2017-08-02 17:59:47,2017-08-02 18:23:31,2017-08-04 18:58:03,2017-08-16 17:28:36,2017-09-01,489f0da019ff8bd10d0b2abb1764bcb7,2017-08-02
6684083994ae824286f8b72945b60758,db3bbf11328750d53f41595e455cb030,delivered,2017-11-22 18:22:40,2017-11-22 18:30:24,2017-11-27 21:24:14,2017-12-11 16:33:03,2017-12-20,e733a2629b5e8c98bc57ee6e1770ba2b,2017-11-22
221d6c2816440c5e3102f2a6e78a90b5,907847e3370637548e83352f8fca7d7b,delivered,2017-11-03 12:49:57,2017-11-03 13:46:30,2017-11-07 18:36:52,2017-11-16 16:07:14,2017-11-28,92ac3d5a42b57c1441857a4b0bbfde64,2017-11-03
55090b3dd39aed5a2019b57cce6b174d,8caa2b611962f72d9905feffb8501593,delivered,2017-01-27 09:33:01,2017-01-31 04:41:30,2017-01-31 10:57:58,2017-03-13 13:22:34,2017-03-17,7588c20c457369de8caad958afc1cc06,2017-01-27
543929b980aa17fb9d324f934440d131,7cbe2b9e9f7314b94db6cc9fc4af9709,delivered,2017-01-31 08:44:00,2017-02-01 04:34:59,2017-02-07 18:14:44,2017-02-15 04:27:48,2017-03-10,8b2b2f74f91382a716c4471728e1bdac,2017-01-31
edefb541fcfe5090465267f6e2f3447d,6970a8970974078f439988337d74e100,delivered,2018-01-19 22:07:47,2018-01-20 22:22:27,2018-01-22 12:52:30,2018-01-29 13:44:00,2018-02-20,43ba1a269d6786ae94b0be5350354ebd,2018-01-19
1a374d53303687a9eced1e981bc5cbfa,4f2796b2c59f9cbe969f0d575464c311,delivered,2017-04-23 18:41:07,2017-04-23 18:55:14,2017-04-24 13:24:33,2017-05-05 13:52:25,2017-05-26,31a101b7cd46b24ee30137f215f0b35d,2017-04-23
7580acfb8ff8ddb8e8db732d87a5e5cb,4c9df146bdc5664d39360405fb74806e,delivered,2017-03-10 21:46:27,2017-03-10 21:46:27,2017-03-13 10:35:08,2017-03-21 16:43:47,2017-04-04,59caf41d8fafee2be6f278b0f2488065,2017-03-10
e80bb64fc4adf8e66ad79b258eb329da,7d764a28df8332970bb99fc81c466604,delivered,2017-08-01 21:33:33,2017-08-01 22:10:21,2017-08-03 19:02:48,2017-08-10 17:34:26,2017-08-23,b66717ef0e955c85412073121b574836,2017-08-01
e8b4a4b281582a6ea90afb7a0e7a0eb9,20c6ce7432acf52ce53dfd747c8f6de3,delivered,2018-05-22 17:57:02,2018-05-22 18:37:27,2018-05-23 15:06:00,2018-05-24 15:05:41,2018-05-30,024c233620ca87fef1d3f281e8123142,2018-05-22
18c9ffd31feb9e895c186827f10f53bf,5c2ceac1bbf7f59ea08a70dd69186752,delivered,2018-07-17 23:29:45,2018-07-17 23:41:44,2018-07-25 07:48:00,2018-07-30 10:51:43,2018-08-07,586feebc720da38e7dafdb731a780b88,2018-07-17
0fc3e31f16aa4bc4bff4d14fe1e169f8,6dfdf991a8e16e9846a86a6d2a3be7fe,delivered,2017-07-09 14:26:05,2017-07-09 14:35:11,2017-07-14 18:19:34,2017-07-21 21:30:00,2017-08-15,7f995e933f6531ecdfc8bb62eacdc44d,2017-07-09
084d2c70d33f8b9a1e21393471844591,65b3d39ada427bd2eb9747ba626036a9,unavailable,2017-05-16 21:56:29,2017-05-16 22:05:12,,,2017-06-05,d72736cd521d57c3f4881a71eb2885d7,2017-05-16
01a15ee6a1b9050e7678b72cb4c3b486,03a7750fc7a7bfbd7a84b2f4f26b92f1,delivered,2018-06-17 15:15:45,2018-06-17 15:40:49,2018-06-18 15:12:00,2018-06-25 23:55:28,2018-07-19,ae7e471f70f6fb521a3dc8770cefa369,2018-06-17
4aec55e14c04fce6d0faa0e1bebe3126,0b5b5dbba2cc3894c03bea1a9d74a5e8,delivered,2017-02-16 08:43:14,2017-02-16 08:50:18,2017-02-17 08:26:23,2017-03-01 15:52:06,2017-03-17,1db2eb86cd8c1dc45233524679afa266,2017-02-16
8fa15cb7c33ccdab600d84fac69635de,40ebddb7102f8aa9061e437795447122,delivered,2018-04-18 12:46:02,2018-04-19 02:31:38,2018-04-19 19:21:51,2018-05-09 19:42:52,2018-05-16,09d9a393da8d9500818cf8a2d5acd327,2018-04-18
ca91c1dd2e25ae6e5f339efbfcd507ef,b1c82978d989848468a21a324831a282,delivered,2017-03-13 21:53:51,2017-03-13 21:53:51,2017-03-15 10:37:56,2017-03-22 04:51:23,2017-03-30,284a33cd4d04f42e16b079c5b3c1364d,2017-03-13
c71145d06b89602679deb5e8a297f10b,9fcecafb0c3710ed3c64e9ea175ce250,shipped,2018-04-05 19:38:05,2018-04-06 19:30:22,2018-04-09 17:41:52,,2018-04-27,0311af7210c394f67fdca2a473045be7,2018-04-05
3c0b55362db9e4d58bc57e08f27bc7f7,810a1114071535cd94e036517d4f95d7,delivered,2018-05-24 10:08:31,2018-05-24 10:33:05,2018-06-04 05:22:00,2018-07-11 15:54:47,2018-07-02,5a3986f3a5162c6d34867fce3af19c9e,2018-05-24
f49cb3a850901782817e96752ac7a6d9,3fe4aead2d8dd97cb9d07372418e9bfd,delivered,2017-11-26 10:44:15,2017-11-26 10:52:30,2017-11-27 18:13:29,2017-12-11 21:24:38,2017-12-19,9f53e8bf1bd9ebd3cbd1b0e9e3257818,2017-11-26
1cfc85fa3b31428092f247f88bc965a8,a7af46f7721a579c72f24271a0d5bd81,delivered,2018-02-26 14:57:41,2018-02-26 15:15:37,2018-02-27 00:45:09,2018-03-08 23:28:28,2018-03-27,1b270bd97f6e1d9af2d5d06f0d4a80e8,2018-02-26
695c3388d5a2f10415110b5c099fa4f6,1f870ded4985cedbdf54b8f8bc932973,delivered,2017-06-01 17:19:26,2017-06-01 17:30:16,2017-06-02 08:31:58,2017-06-06 17:27:46,2017-06-26,b87a0c6d08df2e6ac2a9f93a48637ab1,2017-06-01
6906bd8a0a797598110b2144ee1122bc,4252f678e8d0025161ad595e73a2ac65,delivered,2018-05-08 14:32:46,2018-05-08 14:55:53,2018-05-09 12:52:00,2018-05-14 22:22:32,2018-05-25,ec993a13d8c4a12eb4b39009c6cc9221,2018-05-08
401490e646c3921eba7ae1d74f650c29,3ef7cb9f2abf21e315cfbd4b1e58279d,delivered,2018-01-29 16:16:46,2018-01-29 16:37:01,2018-01-30 19:57:11,2018-02-18 13:39:03,2018-03-02,e56ff8eee10a586236f16ace90553841,2018-01-29
dc8fb3af3f4e0969fc7dbc3128a836e0,b7a2802fc9d4f455062aae8a3ce98396,delivered,2018-06-08 12:06:05,2018-06-08 12:22:04,2018-06-11 12:57:00,2018-06-19 11:04:54,2018-07-13,8945ec516bc0abfe2390c3c2863f7285,2018-06-08
3e40fd20e1f24da8d88521364c41136d,5ef96fa144b65e2a90bde1f64b2fd5b8,delivered,2018-06-16 22:09:12,2018-06-16 22:36:13,2018-06-18 15:13:00,2018-06-25 22:08:45,2018-07-17,acaf9c8dbadcef1c6ce123806c9e6c34,2018-06-16
28389b71d3f42441624656e3b733ca4e,1c973f73641c8efd98efd0eabf3a082e,delivered,2018-07-19 16:16:23,2018-07-21 03:23:53,2018-07-23 13:30:00,2018-07-31 00:06:38,2018-08-14,a795c096a8c744bb77142fec3f9605b2,2018-07-19
429f1a5343ef9fc8d6b142273c6d14d2,ecf406af63d8896d04b79672f2561375,delivered,2018-04-29 10:53:11,2018-04-29 11:12:08,2018-04-30 12:10:00,2018-05-10 15:57:03,2018-05-23,ea3e10d9f7f1c2ee3b6040cb06ed4bf9,2018-04-29
2fbdcda31c80ac239b8a4b7192416b25,957f96c43e293702121c80c5d366863a,delivered,2018-07-08 02:22:18,2018-07-08 02:35:08,2018-07-10 14:46:00,2018-07-20 19:02:55,2018-08-08,c67746210a16ddbec3633794a802e179,2018-07-08
cd6f777c4734b77c8f01725d6a3500c0,aba0612f1bda6131d3058084c31511ca,delivered,2017-01-17 18:24:14,2017-01-17 18:30:11,2017-01-18 06:55:01,2017-01-27 13:32:35,2017-02-13,f710a2488480f6d18ef5066c1dfb7803,2017-01-17
71c2f084ed7e2c16263645a8e9d81a7c,4081747bb8bcea89ad6a14e22c6baaaf,delivered,2018-04-03 17:23:52,2018-04-03 17:35:12,2018-04-04 19:54:31,2018-04-05 21:03:32,2018-04-13,1d78c7942a6583f7d135debca5daf88f,2018-04-03
e391abb7236a94efed4fc9ac3b2d4b32,248f175ac1f88046ad4910e7e3533736,delivered,2018-08-06 22:08:05,2018-08-06 22:24:47,2018-08-07 16:24:00,2018-08-10 21:32:52,2018-08-16,3f409213293da6704d37b4868dd90c50,2018-08-06
f38ae8b796d52858ed18b394908209d8,3e03b26920dd91486f3ef212fa8a0854,delivered,2018-02-01 17:43:27,2018-02-01 17:55:31,2018-02-07 22:33:02,2018-03-07 19:53:27,2018-03-01,cb960711606451d128d72f25253e5d93,2018-02-01
a521f0f44c282118891a438c9e7cff9a,f6f48cf7301c450064d764e6d981de73,delivered,2018-04-29 19:43:56,2018-04-29 20:15:01,2018-04-30 11:37:00,2018-05-23 16:18:50,2018-05-22,f50d8645cc3cd60b5800311c9ad52431,2018-04-29
1ae6cdc7484c3cf6f29144b09d68f360,c000bdc496eb94ca05f3ee07342973af,delivered,2018-03-21 20:36:49,2018-03-21 20:47:53,2018-03-23 23:44:35,2018-04-11 17:03:08,2018-04-13,52d58e64c15c043d32e7ac7456ded50f,2018-03-21
5310cf324a1a27c9898c110e463fdd10,07943182709bb6fa495764dddc7a9e6c,delivered,2018-03-06 11:43:41,2018-03-07 02:10:43,2018-03-15 13:03:35,2018-03-27 14:33:34,2018-04-06,3d1ceb242379c21d0a4f11b19989a49f,2018-03-06
4a567b5979f126d93ca2a6729c7c7138,8bba8fd9ff6d3946b610e7d108ad8125,delivered,2018-04-04 19:26:58,2018-04-04 19:48:40,2018-04-10 16:25:32,2018-04-17 00:23:39,2018-04-25,bae6e94802a7e624db1abd097057f2ce,2018-04-04
92f626e07da597fcb22e29a0a5d9f2c3,f916f7f522319c33cbaed6092d12f085,delivered,2018-02-22 15:21:53,2018-02-22 15:35:29,2018-03-01 00:12:06,2018-03-12 21:56:30,2018-03-14,fa60093243e88c0cd6296dba1b0054e6,2018-02-22
43ee68cd19f18fcf7dfc4ea167554e40,a5460ac48757705144a88316dd7fe9c6,delivered,2018-08-25 17:37:28,2018-08-25 17:50:10,2018-08-27 14:37:00,2018-08-28 16:03:38,2018-08-30,babf7ada0096c81673c10f03169c716c,2018-08-25
3e23457628bb06cc3328814e58a4f889,5cb95832b5a1636d643e01c44347c634,delivered,2018-01-30 19:15:23,2018-01-30 19:30:25,2018-02-02 00:22:03,2018-02-05 23:54:40,2018-02-16,1412559410af5e92c35e053fd6acd006,2018-01-30
0f4ac89389a25eb2b1d923e4ed43c0a6,da8c803de79c3cb9417419917fee0d5d,delivered,2018-07-04 12:11:44,2018-07-05 16:33:00,2018-07-05 13:41:00,2018-07-14 13:48:37,2018-07-26,783e8b4647cd16ab3c4614607bcb000a,2018-07-04
401fb6dadb664eaebc2a116c4672147f,695b3f029f6e0a7658ea10df85afcb3b,delivered,2017-09-14 18:07:33,2017-09-15 02:15:24,2017-09-15 19:28:08,2017-09-25 18:47:56,2017-10-02,125b4e486dd3fa32bd3e617f198feca8,2017-09-14
e56982c3ae61332bbf34639cf5362804,e00aa01b6ac59993f55498f7742a6902,delivered,2017-04-02 12:02:52,2017-04-02 13:05:30,2017-04-03 13:46:09,2017-04-07 15:28:45,2017-04-24,ecdbc4bf2201c807294c7d8c4b777032,2017-04-02
304dfaa2530a17749ec1638baeec82fe,1836d851e670ee7ededf596f67a8cbc3,delivered,2018-05-16 13:47:44,2018-05-16 15:59:46,2018-05-17 15:03:00,2018-05-18 21:14:55,2018-05-24,9f3fb2840d6c4b6387da0f826ffbc4bd,2018-05-16
95ebea26504e0c4e028d5cdd035c6f7a,2d06aa2dfce404eda03c5950c4a35960,delivered,2017-09-30 11:35:01,2017-09-30 11:49:24,2017-10-02 16:38:00,2017-10-11 20:23:00,2017-10-31,906ffaf7ad6f2fc1f6016c3214537cc8,2017-09-30
ff9a99c60b18acf7c678d38e0549ca67,3e5790883654df1ddd1c1b29541206fe,delivered,2017-09-15 23:25:39,2017-09-15 23:43:58,2017-09-18 15:45:36,2017-09-25 19:05:39,2017-10-03,c0d28277e2af8dc526aa021d086ebaf3,2017-09-15
1bf5ad2a94cb784f7e27820ab656c398,14e618e8adb379c1d9727e4cfb189daa,delivered,2017-05-14 01:23:01,2017-05-14 01:30:19,2017-05-16 09:27:52,2017-05-24 11:48:06,2017-06-02,58b2572b34b182a7b5b04766a86bfb95,2017-05-14
476d3802a2891d2a940eebb80d0b7f94,75058153de5d4e44095f12ffc094d34f,delivered,2017-08-01 10:22:51,2017-08-01 10:35:25,2017-08-02 19:12:13,2017-08-18 20:04:02,2017-09-04,3a84b09773647669be6986467e6849f4,2017-08-01
3e5d9d4bd8c8fb94162c7aa9013240c9,2e9727b083f9dab08e56c61cd949c364,delivered,2018-08-10 17:09:53,2018-08-10 17:25:15,2018-08-15 13:35:00,2018-08-16 18:34:28,2018-08-27,62eca5ea5b4b59d286f6ef16278ea9f8,2018-08-10
3fb58632c1e4d2d12dda33688ba0a7fb,a030829716dd70362a03769595da8968,delivered,2018-01-19 15:46:36,2018-01-19 15:59:20,2018-01-22 12:46:38,2018-01-31 23:56:49,2018-02-14,d781325f36e9956627097ee9687ca575,2018-01-19
d5b1124327e83f25ce12d9c48c9ecfe3,c44dee37ceb2eba1a4c21adb28eec6a8,delivered,2017-07-08 09:26:51,2017-07-08 09:43:27,2017-07-13 20:23:52,2017-07-21 17:52:15,2017-08-01,20d8ee7a865ead2c077ed57efba41c06,2017-07-08
bb06496dc2000dff076b93ef592d0a7f,43d906d27e14ab387350f31222f9a3a4,delivered,2018-06-16 13:19:30,2018-06-16 13:37:57,2018-06-18 10:47:00,2018-06-20 01:42:18,2018-07-03,821f53b27e4b64f4f37a864b1b05d097,2018-06-16
f0e979c2286c3db7279cfed49cf8f6f4,9de982a523b0a9891c739db375125971,delivered,2017-08-11 11:35:21,2017-08-12 02:45:44,2017-08-14 16:57:49,2017-08-21 22:03:11,2017-09-04,1d53deda3517e69901758d4272f1db3a,2017-08-11
d2adc517116e216add8b6f5b45c3b84e,c0fe0fbc24994167dce810f83cb96890,delivered,2017-06-24 13:14:16,2017-06-24 13:25:20,2017-07-11 18:44:44,2017-07-19 18:59:36,2017-08-15,839bbfd4ff93b592c82a44dcaa9515c3,2017-06-24
1315d21afe8cc17fff429dac7ed6370f,3366fb066ed37d6ed3d2156d0cf1af20,delivered,2018-08-03 18:18:35,2018-08-07 06:10:21,2018-08-07 12:56:00,2018-08-17 22:11:17,2018-09-05,f774a1b6de038bc38320ec8751c6df8b,2018-08-03
336b67804498fdd240af35e1aa0fd4ff,a7a7c932f8e64caf09aa72bb303ac17e,delivered,2017-11-27 16:10:06,2017-11-27 16:19:24,2017-11-29 04:25:03,2017-12-11 14:04:06,2017-12-15,51d83b6f659ede61fea2bd691d153a3d,2017-11-27
5869e8a5c993e83fd00128ca4c8478fc,a9e919d9b204e5c8aa0afac896fe64cb,delivered,2018-07-12 14:44:12,2018-07-12 15:50:16,2018-07-16 14:22:00,2018-07-25 16:29:06,2018-08-02,91458cdc5ca0f47c668431aa828268a7,2018-07-12
680aaa7e4dee86ef26f98829e4865b5d,249cd9bfba695e40ffb2fff9f9eb9d89,delivered,2018-03-14 19:19:47,2018-03-14 20:00:22,2018-03-20 23:16:34,2018-03-26 11:55:39,2018-04-02,5eb34b22a2e75ccc6df91f1a88fa7088,2018-03-14
a6145b6681d0b1556afbcf25131f2952,4aa5ea2a21bba03f84782a1b07679084,delivered,2018-07-14 11:45:19,2018-07-14 11:55:14,2018-07-24 14:13:00,2018-07-30 19:52:50,2018-08-09,8b429fe2fd8755277abee28da314e18c,2018-07-14
feb78522c340542b5481b11a97a301e1,9e60e5e98fdb65ceb4af79ccb5bcf45c,delivered,2018-07-29 23:26:09,2018-07-30 18:31:05,2018-07-31 11:32:00,2018-08-02 19:48:37,2018-08-06,b188ef175fcdae4adfdbbeb9d8267b52,2018-07-29
6030562117d20f7fd80843398b30eab9,f6303c53ed74970b484444018e552276,delivered,2018-04-22 17:28:54,2018-04-24 18:16:06,2018-04-24 21:14:33,2018-05-07 18:13:22,2018-06-01,f020defedc75b11e338b89b421cad994,2018-04-22
06ba8c77c2419a72756b5660b04e3188,9967754eff98e1e791eb2ea767f3a648,delivered,2018-08-14 09:31:29,2018-08-15 03:05:22,2018-08-16 13:14:00,2018-08-29 17:06:22,2018-09-12,32f5b6a5a3bc68667579db0df13dca86,2018-08-14
4a089edddf146578d90f7a7632e5a86e,7b39440a3ecc618d351ac8eec46f8ca7,delivered,2017-06-19 18:25:39,2017-06-19 18:35:18,2017-06-21 18:17:57,2017-06-30 13:44:43,2017-07-13,119c4cdd7bb2acaafa544b7eb1e677c5,2017-06-19
09478c1d9dbc168c8438aa90f1be13a9,a332da65750aa1c1ed6697071c478ed2,delivered,2017-04-03 15:06:02,2017-04-05 02:45:30,2017-04-05 11:03:45,2017-04-25 15:38:49,2017-05-03,e7cb888e6948cb2c3f9347e048979fbe,2017-04-03
5f6440a27e522ad37bba8b798bad3541,bca8ad7f587b14c4ad3e49017c5160a1,delivered,2017-12-16 23:20:03,2017-12-18 23:14:30,2017-12-20 20:21:54,2018-01-11 21:55:18,2018-01-22,25d93b7bb7a2a911d0b12fbbbbf7ae88,2017-12-16
4a7187a003cd08090bc8effb19765333,7d0e8b3cece66d111fc2d6921b068abd,delivered,2018-04-15 13:07:36,2018-04-15 13:30:29,2018-04-16 22:51:50,2018-04-20 15:36:36,2018-05-09,7ff16ad2e795bbfc09bd07c19f45712a,2018-04-15
b68c27cf94ce13113c69bd86e640c41f,4fb0754d75e8871c0d64fc12772bf609,delivered,2017-10-29 22:31:45,2017-10-29 22:44:58,2017-11-03 11:12:09,2017-11-08 13:47:46,2017-11-17,92cacd5d8e7a748b2a50db01988535b8,2017-10-29
0e23af08f3f379f749739b61bad2cf29,1adac62f7e73ae4953b42e6c63e1b569,delivered,2018-01-22 23:55:38,2018-01-23 00:15:12,2018-01-24 14:48:06,2018-02-02 19:13:14,2018-02-08,dd6a750c92768a89a7d9c5e819df852a,2018-01-22
a8f801a1403d5a8903d000d45686cd91,c15d8b6d158a492f458d26e2f79dde04,delivered,2018-04-09 08:57:49,2018-04-09 09:10:10,2018-04-13 23:04:28,2018-04-25 09:58:55,2018-05-09,be86eea07d42e0347e1ff88a63709e15,2018-04-09
f4efba146388fcb18269422b1a903e86,b7164596fbd6190df097094046cd37ad,delivered,2018-02-28 12:04:20,2018-03-01 11:55:35,2018-03-02 00:15:04,2018-03-13 01:38:36,2018-03-28,284d2eeffc71e4a5eb32b22deec74c71,2018-02-28
7eb2a49dead413f2e396efbf089ad780,5c7fb423529f9178c69491bc92662a94,delivered,2017-05-18 10:58:08,2017-05-18 11:10:16,2017-05-19 15:12:00,2017-05-25 07:32:51,2017-06-07,fabfc93dede309db1077892cce692b5b,2017-05-18
de71edfe47563ab657846c3d3f028ac9,c65cc979e875a8613c71751052bf138a,delivered,2017-11-29 18:05:29,2017-11-29 18:12:45,2017-11-30 20:52:01,2017-12-07 13:48:57,2017-12-19,4cf99af42514c38494ad6fb86946203f,2017-11-29
60260cf275316912451558bb743bbfc7,9bba7a44753204629a5884736b7d5c74,unavailable,2017-06-27 10:51:39,2017-06-27 11:11:16,,,2017-07-17,a7309e1c247f7b464fd2d9fb8eb019e4,2017-06-27
ab23407c84b934f452124bc5b5453123,e22c4672d1f7767da4ef71549feff7c8,delivered,2017-11-28 15:10:53,2017-11-28 15:19:38,2017-11-30 00:17:01,2017-12-22 22:22:01,2017-12-19,6d35fcf95d52537e7b59d2b1ac6da762,2017-11-28
501f63846d45f483acca1c6e89398610,751dcae0c6e44f078f2da01763c93834,delivered,2017-04-25 02:22:19,2017-04-25 02:30:08,2017-04-25 14:13:27,2017-05-04 17:17:43,2017-05-24,11850631897fb7c34d68771cec9d1740,2017-04-25
330ef8edb124bf5c3b94880749245bc9,fdc6b4e1b72c9caa7ab4a9a5c89ba7ae,delivered,2017-03-21 22:18:57,2017-03-21 22:18:57,2017-03-23 11:46:03,2017-03-27 10:17:54,2017-04-18,8a2351935d46dfd573a53741cc60f900,2017-03-21
cb7c837f8c5240816176dc115c21a746,d60805f01a84d8b2d5acae981e3c770f,delivered,2018-06-21 20:27:51,2018-06-26 04:58:46,2018-06-27 10:28:00,2018-07-04 19:04:37,2018-07-27,2354fd276b3909d8b5ab740063adf118,2018-06-21
49c6bde44b077f985f0e3647916b6329,a12365591fbc4f0ad1deaec3bef23605,delivered,2018-02-10 21:03:56,2018-02-10 21:35:27,2018-02-17 01:26:59,2018-02-24 16:39:03,2018-03-09,b21ec1735698910d58c344e453cda6d2,2018-02-10
bb0607616e290609d11b67e040b59c79,4feab9208df26bd57b2ffcff0d4dd9cf,delivered,2017-04-25 09:43:59,2017-04-25 09:55:17,2017-05-03 11:22:20,2017-05-10 09:19:50,2017-05-18,c17526359e1068290ebf7dd22a856de7,2017-04-25
cce224811ba8fea016c049693c3e0402,919dc37f94a27a8b5cac7fd53291afd4,delivered,2018-02-28 12:30:39,2018-02-28 12:48:38,2018-03-02 18:11:39,2018-07-26 16:41:56,2018-03-22,3edbdef5636cc6b1a8c4f661a8910ba2,2018-02-28
07b9210fa8f57b996c79cb931e817393,fd53366df6136213ab393be0c5e2802f,shipped,2018-01-25 03:24:05,2018-01-26 03:16:50,2018-01-26 21:03:50,,2018-02-22,e6b73803937de4962f3668d7dbe6b0b3,2018-01-25
93274b931b5771bd02154c9b716168ba,0d6ea3b6f1bf6ef08e6b60ce23db077b,canceled,2018-05-08 10:13:06,2018-05-08 10:31:32,,,2018-05-25,e766d6037aba1856e72cff53bc3f1115,2018-05-08
2eae2166259acdfb17496cbcbf41959e,19a5c4ac80ca76b9e7c32e11eb398889,delivered,2018-05-06 14:27:12,2018-05-06 14:53:14,2018-05-07 15:09:00,2018-05-10 12:27:56,2018-05-25,c90e1a06ac1b4fda26d559c4d5d695df,2018-05-06
336aa930110aba578d1a4471144a3271,2ea8cbe1f839c962bfb37e6a617c45a3,delivered,2017-07-09 10:02:44,2017-07-09 10:10:19,2017-07-13 20:47:33,2017-07-21 19:34:42,2017-08-17,87b13b9164a289cec73d8daaa28cec41,2017-07-09
ae9991942f891857b982c018af448696,ce29c5c31206878e5e352c5e1c63c50c,delivered,2017-02-15 21:12:40,2017-02-15 21:23:26,2017-02-16 09:34:17,2017-03-02 10:27:54,2017-03-20,b8bdd8a2f61418b49d7b8c036673db3e,2017-02-15
b75458db61f87d5711fd6296f2a0ad94,8e297b0bf31b5e12c6d85e34b6aa2a9a,delivered,2018-03-20 13:08:06,2018-03-21 02:51:03,2018-03-21 19:38:51,2018-04-06 18:04:27,2018-04-11,874d4a75e09a5a708a37b529504f194a,2018-03-20
9fcad3838e74690c9782fb51a4b1a19d,cf654cd7b6793d06de65d6e923f8311e,delivered,2018-04-06 03:23:39,2018-04-07 02:55:25,2018-04-09 23:32:12,2018-04-11 16:36:33,2018-04-23,452eacfa4542b614179ce5932132a049,2018-04-06
487be7e48ff6a4d2bbd92f6a85006ece,97b272df0a3c59bb5e9a21a32d3efad0,delivered,2018-03-10 18:28:44,2018-03-10 18:48:21,2018-03-12 21:24:19,2018-04-04 22:51:34,2018-04-04,de2922166e50ad334acea1839d3f303b,2018-03-10
db1e72ae09a684d17ae47139345e9018,e3e15018bc86fcb22b899d6c9306c1ff,delivered,2018-03-21 16:55:16,2018-03-23 02:27:38,2018-03-23 23:09:42,2018-03-28 02:18:39,2018-04-10,0f8653d78f4a54f91c829eefa2d03e11,2018-03-21
75ce76d60bf52b60e058e5d03571b145,e08bd7c6e467d7c79f0db80d6a9c6d07,delivered,2018-03-19 21:46:23,2018-03-19 22:08:28,2018-03-20 16:51:34,2018-04-03 21:33:10,2018-04-19,a7115a4c93766e22c9aeb8c22f094dba,2018-03-19
e83d7904c216c3a03eb6c215d82b7fec,796e122145d49e4242c7f69df20f0aaa,delivered,2018-01-03 00:33:26,2018-01-05 02:34:02,2018-01-08 20:30:23,2018-01-15 18:16:54,2018-02-06,da349a3fad7e11fe849673f52aed7a24,2018-01-03
242dd739adc51a8a1f3c1bd7f2c3d0aa,615ffb2fba3a5152dc878c8e1eebd740,delivered,2018-02-02 16:41:21,2018-02-02 17:23:49,2018-02-06 16:18:35,2018-02-20 17:29:58,2018-03-08,5978a92263c7b1aa66c94185cad37441,2018-02-02
3f156a4b06647bd900a87618d08a860e,42da09831872a4eccdffae262281876d,delivered,2018-07-25 21:29:05,2018-07-25 21:45:05,2018-07-26 19:35:00,2018-07-27 23:17:53,2018-08-02,0d7e998ba088f22b4dde86e34d048549,2018-07-25
b405825393f5c6c990926ccaf70d2fd9,81d317725cbfabb49d0858e3c70db52b,shipped,2017-06-05 22:17:37,2017-06-06 22:35:12,2017-06-09 12:27:24,,2017-06-26,df2162a9aaf73bf42e812408330969a0,2017-06-05
df7cfd00c1cf356a025d85b77e1121bc,ec76cdd38f6d5f215d3e9b57a38dc3cf,delivered,2017-12-19 00:26:32,2017-12-19 01:53:23,2017-12-21 15:09:32,2018-01-20 13:52:52,2018-01-15,806d474e9a918d1a61035282331b47ba,2017-12-19
61fc26d9061aa8b8d2863403ac6f800c,a2f0a0db56b7214f6cef39dc952a76e5,delivered,2017-11-07 12:21:51,2017-11-07 12:46:16,2017-11-08 15:44:49,2017-11-16 22:58:39,2017-11-30,c8d290f02486b6ce9c184950b92334a8,2017-11-07
bfb88796b657bb5483be15669e9f3496,3760ea94d9fc7b3ecf5250afb8715418,delivered,2018-03-02 15:01:42,2018-03-02 15:15:39,2018-03-05 20:22:21,2018-03-16 19:03:29,2018-03-23,01ec28844a316ded17fa50fd28b98123,2018-03-02
28c949172daaa2b250fc70ed64a45517,6074d24326b80e85de5d37536f93d9c5,delivered,2018-08-27 15:21:15,2018-08-27 15:35:20,2018-08-28 12:45:00,2018-08-29 21:41:42,2018-09-04,85435d6cc5bd5352951d634eafa51ff6,2018-08-27
838539a55877b06f3f297a3a0b7f46ca,f40fb1a58c563f8e1581d3e93ce79507,delivered,2018-04-23 11:36:01,2018-04-24 19:00:48,2018-04-24 23:56:25,2018-05-06 14:05:03,2018-05-18,109ddcfae0cdcc4b8ec01120ddbd02fe,2018-04-23
7cc694b62dcc67d5cf680cb035f217c9,b9340d29c2e363171c17c2b7704a09d6,delivered,2017-03-10 10:36:26,2017-03-10 10:36:26,2017-03-14 12:52:18,2017-03-23 16:08:03,2017-04-04,f385b8b1e122cd51db5e358b1c161d6e,2017-03-10
90fdc874aae30f20d38d3cf1cd9161fb,fa53ffc93cf481ff930973da9e244a6e,delivered,2017-12-04 17:04:43,2017-12-04 17:46:55,2017-12-07 23:57:38,2017-12-14 16:43:38,2018-01-04,6b3bb727517aec7a9dbcd67203e2142f,2017-12-04
899eb681966d4b5df1e1c9b21fc113ec,0fb8e92a020013a78360567a45d3b8b9,delivered,2017-05-05 11:56:57,2017-05-05 12:21:08,2017-05-05 16:02:37,2017-05-15 19:09:28,2017-05-30,6f24aea0273c37ec4d2b5713d022cd65,2017-05-05
461af692e9fc0636eab95d6a0460e703,e7825f66b8da48779c2230e611626f7c,delivered,2017-11-13 14:25:10,2017-11-14 11:47:22,2017-11-21 19:58:33,2017-12-05 17:33:59,2017-12-07,73b9ce1ed8599132591d7a5b850a604f,2017-11-13
343289ff41523c04e591262e4af6a288,f953d665a4abd0d479297c34e1ac7390,delivered,2018-06-25 12:37:20,2018-06-25 12:54:24,2018-06-25 18:32:00,2018-07-03 18:38:46,2018-07-26,fe05372c8adce4aa00a83fbcab4c4f34,2018-06-25
701f27990d1bec0c6210837db886ab90,898d30a29933c1c06832758b046109fe,delivered,2018-06-27 10:16:22,2018-06-27 11:06:50,2018-06-27 11:42:00,2018-06-28 17:51:42,2018-07-12,34ec81fe33acfaad236928fe83fe87f6,2018-06-27
3eecd3453e629ed2251ece72779e4052,a32f47559c061e57874987531be05098,delivered,2017-11-14 22:36:34,2017-11-17 03:35:35,2017-11-21 22:05:39,2017-11-27 11:51:09,2017-12-08,7f89786fa9ffbecaf49964cddcd92e39,2017-11-14
3f1b0c2225f2dd5ac1856881d53a440f,13d374bd3347701b027ec82b3a72a309,delivered,2018-08-23 10:30:34,2018-08-24 03:15:17,2018-08-27 14:57:00,2018-08-29 20:17:45,2018-08-31,5da306ece745a9311ebcb7ea06ebc166,2018-08-23
586992f50ed97898737b07970376d19c,101c8d91278c4de9001566d27033f673,delivered,2017-01-31 17:01:46,2017-01-31 17:15:15,2017-02-01 15:27:25,2017-02-03 09:47:22,2017-02-20,ee2bb06c1d3f368e92084edefb7e4b57,2017-01-31
42bdbb46e62e202dd52f6691063aed2c,8d2869f414fd231d62dabc5d84858f66,delivered,2018-06-28 15:55:43,2018-06-28 16:10:40,2018-06-29 14:52:00,2018-06-30 14:07:13,2018-07-16,9981f51762e28768f30858600da93f68,2018-06-28
952c12cde7094bced1f5b1567d0db972,4aaf2e132ff894de3976a232d80ad20a,delivered,2017-11-11 15:11:29,2017-11-11 15:30:25,2017-11-21 16:22:55,2017-11-24 22:32:00,2017-12-08,3422b60bce08b606582660acdcdaee7b,2017-11-11
b3ef4de1762699288ca5c55a1e574a12,6f967a810363042cfb1dde2417d70324,delivered,2017-07-06 20:02:50,2017-07-06 20:15:26,2017-07-07 15:54:35,2017-07-13 21:44:50,2017-08-01,80cfc1c16082dcb5bab658bc44bac0d9,2017-07-06
69de6dd68bcaad14dda6d5e33e45bf98,29a1b419d1654af3dbf4618bc7609c2a,delivered,2017-06-01 00:05:38,2017-06-02 01:05:30,2017-06-02 10:31:40,2017-06-08 13:03:51,2017-06-28,573a90fadf3627d854406c9b6f25501f,2017-06-01
27dfa7167b8ea894c7fdd9ed01338ce1,afdd96a697543b2f5503ec2ac4498377,delivered,2017-12-17 18:44:02,2017-12-17 18:55:31,2017-12-19 02:37:21,2018-01-03 22:16:54,2018-01-19,e08cdee3b201d3b2f8048f0edd17fe69,2017-12-17
235bb7c712508e20bc5544e90c7195e9,f76b4c0c936ad61a931ba7e60e517e45,delivered,2018-06-20 20:58:06,2018-06-20 21:18:20,2018-06-22 14:18:00,2018-06-25 19:03:56,2018-07-11,e79f6ab4f1c6dbf8e8b35a589a58b39c,2018-06-20
2f9d4ee8ca77fe0951ebfe9064cad953,2d2037b93b52f5a7ac9e286e8bd69d15,delivered,2016-10-09 23:38:19,2016-10-11 12:03:02,2016-10-25 12:11:33,2016-10-29 06:53:49,2016-11-30,f571289f61836e3356b8c679b0652f3a,2016-10-09
9e9388221b25d449765ae3b8b908c4dd,4582ea811933e676acb76d67d4805f76,delivered,2018-08-13 22:15:32,2018-08-15 14:10:19,2018-08-16 14:57:00,2018-08-17 20:41:38,2018-08-23,b6757b3c7db8fb189624cb7f1e9f1bc8,2018-08-13
be9ea35dd2b7d3973f1f6e0f0cc6f39b,53d7f82516d4a6e86839d3bc7194b877,delivered,2018-01-07 08:53:53,2018-01-07 09:07:09,2018-01-09 18:44:11,2018-01-10 21:43:23,2018-01-24,8ef068d2731397694cedb7882c490783,2018-01-07
fc44a585a233aa97fd6b95f25e97cc7b,3a25d5fa6ed987c3db36dfd46d303e0f,delivered,2018-08-19 17:06:05,2018-08-20 12:50:07,2018-08-21 14:45:00,2018-08-23 01:32:04,2018-08-24,67ed19c063b20fa032f6bcbfff49df25,2018-08-19
911cd0cf037580ad6a00dfd5690bda12,da3c8b92f86c39d0d93fec729bbb61f9,delivered,2017-03-31 14:05:50,2017-03-31 14:15:22,2017-04-04 08:11:38,2017-04-12 12:55:52,2017-04-20,3c08b0cab2334cc5db8c5915ce0d74cc,2017-03-31
6e9583ad9400699e091e33534fa84aa4,89fe9585e0731c01f8c1db25a8e3d1bd,delivered,2018-01-07 14:53:25,2018-01-07 15:07:16,2018-01-16 21:58:47,2018-02-01 22:09:32,2018-02-02,f8e72998ed5d90531072d0f39d6bc9de,2018-01-07
29fbef181a9fb4263222cb6a7cc9938d,0657a45b970f96a857e7fb73053306ba,delivered,2017-11-25 14:17:31,2017-11-25 14:31:00,2017-11-29 17:03:21,2017-12-01 18:42:09,2017-12-11,846faea83a00b2cf670d94cf9df84e70,2017-11-25
2c2a19b5703863c908512d135aa6accc,0d93f21f3e8543a9d0d8ece01561f5b2,delivered,2017-10-09 20:45:45,2017-10-11 03:26:49,2017-10-11 21:14:36,2017-10-18 16:19:17,2017-10-27,ce9f8b9c31d83341764708396ac7e38b,2017-10-09
f256f9e290a782032234f9bb030d2fb3,9323f13e6c2405265af9075dc4e23ddb,delivered,2018-06-01 09:38:06,2018-06-01 09:53:33,2018-06-01 11:53:00,2018-06-08 00:26:48,2018-07-04,d8fec42fe6e875b09a809547f72a73cb,2018-06-01
93a0f08dc580109e5b1b94f73b728d60,302d2796548bbf823ac9bc950e33f960,delivered,2017-12-13 11:46:56,2017-12-13 11:54:31,2017-12-13 22:26:52,2017-12-20 19:32:30,2018-01-08,58d43d799f8a55536f35ca6afe0aaa19,2017-12-13
155581701d726e5261052c3e6fa83dfe,25afd4d88507d0c37245f8f2031c9c7d,delivered,2018-07-15 10:03:12,2018-07-15 10:15:12,2018-07-16 14:44:00,2018-07-28 08:59:41,2018-08-07,589acbf5a83a1545b7b1956065ac2fa7,2018-07-15
9c44a03c9f82cd2488ff7a09aafb7413,53dce88c8abafa618eca63d23ad175b2,delivered,2017-12-15 23:01:12,2017-12-16 08:38:22,2017-12-20 13:37:15,2018-01-08 22:49:11,2018-01-16,a8857a33e7fe14afb9b1c2131abbdf7f,2017-12-15
e14ffd08eda953986d92a6cf45978ad3,d9b26a5ba9f3034d33903344390460b9,delivered,2018-05-12 12:47:19,2018-05-12 13:14:29,2018-05-15 16:18:00,2018-05-23 15:27:34,2018-06-06,ced1fff9b5b9d5e0c2bbbffc6b4c0d79,2018-05-12
08ea65e91550ee222548404d16eb06b4,10991df83f792039271d758081a2aca8,unavailable,2017-11-14 23:59:15,2017-11-17 04:15:38,,,2017-12-04,23c1bbf6a1c0866ff3dd6ce40f6785f5,2017-11-14
a224640d67f0bb8360d291fbbf4491c3,23beef0385f944fcae5cb8d4ba23522c,delivered,2018-04-09 16:51:32,2018-04-09 17:13:54,2018-04-11 16:38:57,2018-04-20 00:41:35,2018-05-09,34521734f05858b9ff1cedcce1bcb50b,2018-04-09
2c78c4a4e91fabadbe0e21df0b2d10ba,9ec085e37e00d2cb18450ddccce283e0,delivered,2017-06-07 09:59:42,2017-06-07 10:10:12,2017-06-07 15:03:27,2017-06-28 12:18:18,2017-07-11,e08cc0730cad495f86098e0530636b52,2017-06-07
1f6d786bb7720089e7d0356e1f77fdd0,7091487e9d654190e69d58970b214325,delivered,2018-01-17 11:42:31,2018-01-17 11:50:19,2018-01-22 17:39:04,2018-01-29 18:18:51,2018-02-08,85a711031b0203f34941c6d54ce0fc23,2018-01-17
aa9c455b2d9888927e1b006b22980c5e,7c6f26d1942cbc6f1d17d56e13285e7b,delivered,2018-08-12 19:14:56,2018-08-12 19:25:21,2018-08-14 13:31:00,2018-08-28 00:46:40,2018-08-27,5fe117882be55ee9ad0d6c6c56d11019,2018-08-12
1a4bb746c3efa60e5a9e2203b3a94eed,2b4e2dc025918f4ff3e42c12944b2649,delivered,2017-02-25 22:01:51,2017-02-25 22:22:16,2017-03-01 05:55:43,2017-03-09 10:10:17,2017-03-22,4f086d10e3ddefc320ad90150536716c,2017-02-25
e09f44857c4f24c72e4a6efd07aef776,4134f91e373e10b21b922eec937f7bdc,delivered,2017-11-07 09:02:50,2017-11-08 03:55:30,2017-11-08 18:48:28,2017-11-17 19:28:48,2017-12-01,ca1448701a463d1ae2c115bfc89fc2f1,2017-11-07
854135793f7e0c5c07d4f72b32125b92,627fbc501cb70151429b8c8c5d8aeabe,delivered,2017-11-24 18:14:27,2017-11-24 21:35:56,2017-11-29 23:54:42,2017-12-18 17:57:57,2017-12-26,5d01d11718c17b35308465a0c07c9c3a,2017-11-24
8203c6a0f836ad28ea9043e6db95cb71,d85ddd3b595a5b568657ab3dd2d0e34f,delivered,2018-07-23 16:36:07,2018-07-23 17:25:15,2018-07-24 13:38:00,2018-07-30 13:38:36,2018-08-13,5d3535a17b0b280949f7fda54bf4c721,2018-07-23
a5849d6f70582d4c5217bac6616a45fa,1373cf3dd7bd65ead85da26b09d4ac41,delivered,2018-08-14 10:03:50,2018-08-15 03:23:59,2018-08-15 08:25:00,2018-08-20 21:56:21,2018-08-31,cca0adec0a3b226a6f181d73f4387aed,2018-08-14
7ddca388c2366f7f22d6908a12601a6b,6b6c6bc06b5b361692ef3059f0347063,delivered,2017-12-18 14:54:44,2017-12-18 15:33:18,2017-12-19 19:24:40,2017-12-29 19:52:32,2018-01-19,a28cdc6478cbb76935e989184cf4c34b,2017-12-18
edd733119bc50e9804ce6c4cadce3334,6139e49bfb539c18b01ef2d7da91a863,delivered,2017-06-04 00:27:19,2017-06-04 01:22:10,2017-06-05 11:35:21,2017-06-08 17:33:44,2017-06-26,83e275aa6842700143e51815fedef692,2017-06-04
971e55ce6ef3eae4af8292bd71c8e27f,8a629de914739aa508711c4311abf537,delivered,2018-03-28 12:08:31,2018-03-28 12:15:23,2018-04-02 16:16:52,2018-04-18 19:48:27,2018-04-19,33af0bbf265311b13bf09d859309b52b,2018-03-28
4ed72b48d55c5cb2ad3a63f2b96dca12,21f278eb70a67b20a0ef209cef3e47dc,delivered,2017-12-01 18:02:11,2017-12-03 17:56:33,2017-12-04 22:46:49,2017-12-09 14:16:57,2017-12-27,6597bb764c5cb4bee6ee7509c1c61b64,2017-12-01
3ff16951afc463cf89f6a5baa0de8ca5,3fac5eda65c02a62e0fa2cffe70f5eb2,delivered,2017-12-11 13:32:08,2017-12-13 13:32:13,2017-12-14 16:22:33,2018-01-09 20:48:45,2018-01-12,5c1b13d3c8e0b43430a3343373e4dece,2017-12-11
21b040554a153e4deafd3f3faf6e9b60,b14eceec27bb314c39a1acf0b6440433,delivered,2018-03-05 19:16:15,2018-03-05 19:28:32,2018-03-06 21:32:37,2018-04-05 17:56:29,2018-03-26,10810e1502919643ac84fcc65284fb43,2018-03-05
4ba72d2e0a210b56b5635bbc33599cf2,9bc337d75d1f580b3a4a3af1090ec8f0,delivered,2017-05-22 14:58:57,2017-05-22 15:05:20,2017-05-24 14:11:35,2017-05-29 13:22:59,2017-06-13,88450f30160dc120139ca2a54a1f1524,2017-05-22
a63e4b82c362c488802abe5a133440aa,5fbdd1b9e8e20339710a695b1806021c,delivered,2017-08-03 23:18:08,2017-08-03 23:30:13,2017-08-09 18:28:05,2017-08-11 19:34:37,2017-08-16,b89c1d3d18908e137e178004cac02ab6,2017-08-03
b8197dddd8d9e9a9789a8573d6f84d7e,6576f2b9e987bdbdae321940fdbcc296,shipped,2018-06-25 12:01:55,2018-06-25 12:13:42,2018-06-26 14:19:00,,2018-07-31,f01c66e4f31c07264f1e67bbcb588842,2018-06-25
f47f765aa8145f17ab00798fa7db8c41,7aa1405659e935dd74d52e7232d8299a,delivered,2018-02-27 20:58:09,2018-02-27 21:31:43,2018-02-28 23:25:36,2018-03-05 15:52:03,2018-03-20,514f8ca0f04813ed414874f8f422e6c3,2018-02-27
03e2b2c32adfd7016fbdf98a70a7077c,1ed1934ecae75619009545519aebab61,delivered,2018-05-13 18:33:05,2018-05-13 18:53:57,2018-05-15 09:40:00,2018-06-04 21:03:25,2018-06-13,e6e62ad03df4dc30856d12fe2c1c1366,2018-05-13
2ceb6637c42b2ccc41b9949f731f995f,d5c3c53a147864a64bc701b14879753f,delivered,2017-05-20 19:07:02,2017-05-21 09:32:31,2017-05-25 06:03:14,2017-06-01 12:19:57,2017-06-23,b6a1661fb4819608724d58226c7a90c7,2017-05-20
a640ba87425649e9ade65bed151f3b30,7e6190337e2b2692cce976c62140a13e,delivered,2018-03-27 18:46:14,2018-03-27 19:07:55,2018-03-28 22:55:19,2018-04-02 15:13:08,2018-04-09,d0747526de92da5088bf9b9caf9c1f17,2018-03-27
9e12ce8b0cbceeb026699832e5eb6a82,0427097a35c39f7f7863ba1c4d1479cf,delivered,2018-04-12 17:04:58,2018-04-12 17:29:24,2018-04-13 18:33:05,2018-04-19 16:32:20,2018-05-02,912b9a2d828be81aa12b269e4c548f7a,2018-04-12
6bae400cefd788e2156ed4bfa090a986,8c0808d8499f18490444a09b7c54e9b5,delivered,2018-01-12 01:39:06,2018-01-12 01:49:41,2018-01-13 01:56:36,2018-01-18 21:08:34,2018-02-06,71e063b7080a2ae4d45aef9c98c0b0f4,2018-01-12
d7d7c211bef169faf83515ce6e8294ea,20ccc25c042d50c3a79e02f77d778171,delivered,2017-02-21 16:40:07,2017-02-22 03:15:42,2017-02-23 12:04:46,2017-03-02 14:05:52,2017-03-22,0ea353565cdde00e1d8352a08290a352,2017-02-21
00ea33f994bec0bbfda582074083ae12,392569e210fa974c457c69cfdb400d1e,delivered,2018-06-23 04:04:48,2018-06-23 04:18:43,2018-06-26 14:50:00,2018-06-30 16:51:48,2018-07-16,ff994a455350d9f24c79a7482b89dfe6,2018-06-23
82e070eba489c61a48344dcd12ecaada,44ae883b3de1b050ee56d3fb1fe974d6,delivered,2017-11-23 22:44:23,2017-11-23 22:54:37,2017-11-27 23:16:44,2017-12-12 19:04:39,2017-12-19,4175b1ca4789b20c01f4048dd9e44c23,2017-11-23
1376e45f46b5feb758e020fd9cc7608f,796b1e83d2357fa922a37e5d007f8923,delivered,2018-07-23 15:22:30,2018-07-23 16:20:28,2018-07-24 15:56:00,2018-07-30 18:22:53,2018-08-14,1b212e01626154e4d6c51b595c2332e6,2018-07-23
8fcba4aadf752a090bcb6f9bb70be752,d170df5f384dbacf5b4bdc322a41b966,delivered,2018-03-08 15:39:01,2018-03-09 02:15:46,2018-03-09 20:36:36,2018-03-30 00:22:44,2018-04-03,3fe21e99079faf8150493fc8d9a2112c,2018-03-08
04fb47576993a3cb0c12d4b25eab6e4e,c158fb97a12041c9305718081a78b064,delivered,2017-05-25 12:53:25,2017-05-25 13:10:17,2017-05-26 10:13:23,2017-05-29 21:22:04,2017-06-07,df415a4809c4b0d9c76a68dd167a246a,2017-05-25
0652543c9f8586d33500c3d0e4ddc6a6,eb20fef7768b67afc7386c89b07fc19b,delivered,2017-05-11 12:28:01,2017-05-11 13:05:52,2017-05-12 10:05:40,2017-05-18 09:59:34,2017-05-22,45a6800ade995b76321b59e7b6bb290b,2017-05-11
e93076a45234f2712bbd48cb819b0fb4,5e99ed9a54099501f2c12a412820fc51,delivered,2017-06-14 14:53:33,2017-06-14 21:35:14,2017-06-19 14:09:02,2017-06-26 13:07:27,2017-07-10,7c0de761e99b323856764deba006b75f,2017-06-14
52e610639925945e4ec84cfb8fc75b7d,1701071c88baf591b7eb62903d3903a5,delivered,2017-11-27 18:30:30,2017-11-27 19:02:50,2017-11-28 18:08:11,2017-12-05 14:13:10,2017-12-20,da291db1ce67ceac13bbcdb878f537e4,2017-11-27
13bc75256bad09f3273a88f49cff00e1,1601b57bba160dc36168915123bd9278,delivered,2018-08-13 21:50:00,2018-08-13 22:04:16,2018-08-14 13:10:00,2018-08-15 21:56:46,2018-08-16,af2af76a54c146da853816cfbc799c37,2018-08-13
2b70ebd5decca916c54070ce4d12c91f,6b279b8b23832fcf32b7e264479e84f2,delivered,2018-02-06 16:57:50,2018-02-06 17:15:31,2018-02-07 17:39:13,2018-02-14 13:36:34,2018-03-02,6dd0793d598968202be2248dc7b294ba,2018-02-06
d266e87fb98640ecbbe91425c76e72f3,2b685398c61b72f24fce6c289aa1d810,delivered,2018-06-26 18:03:15,2018-06-26 18:18:44,2018-06-27 13:08:00,2018-06-29 16:44:51,2018-07-17,33d786be71556666ab8cfa26f5cd4d01,2018-06-26
b115422b830bf2840fccf6f0d6678ab2,d0ed961c7140b7f191442b56f46aaf2b,delivered,2018-08-16 13:09:43,2018-08-16 13:23:56,2018-08-16 13:41:00,2018-08-22 19:20:40,2018-09-06,634420a0ea42302205032ed44ac7fccc,2018-08-16
5e5e51997f0e3a46166b7f5dcc32dd35,6dc8989e7dd66019f9c1f24a61b092fe,delivered,2017-08-12 23:39:56,2017-08-12 23:55:17,2017-08-14 17:22:55,2017-08-17 21:10:51,2017-09-01,bc0264bc0c4bb6620a60f9424092b552,2017-08-12
e2c5cdd2687cb2f0efe991ed155c8653,b686164fb97b8faf0c6acb1556838ed1,delivered,2018-05-07 18:23:49,2018-05-07 18:35:26,2018-05-10 17:02:00,2018-05-16 14:13:06,2018-05-29,5874919973f2990196b3a832ac6e4274,2018-05-07
a5ee069718f4fc72e7a0567f4a45ba53,d38d6629ae21f5962e9ab76b553360ca,delivered,2018-05-19 20:17:34,2018-05-20 00:30:08,2018-05-22 12:43:00,2018-06-02 00:38:45,2018-05-29,ff1a8a9c9f33c1b295bac1eb7e11ab99,2018-05-19
9da388551ea23281b9bb4cbf12376992,c2546f8bff100a73fc7a10b701dd1fc7,delivered,2018-08-01 23:13:47,2018-08-01 23:25:14,2018-08-03 15:10:00,2018-08-08 17:18:32,2018-08-10,7ba50edff75214b77f7082278ff258c6,2018-08-01
934ef038209c91cc0ca47c0fb29e2f40,4778a939ea8fd1445e8eced0ce1b4b5b,delivered,2018-05-06 11:40:50,2018-05-06 12:20:22,2018-05-07 13:16:00,2018-05-09 22:53:49,2018-05-23,21674cb37277d64e40a9575017e569d9,2018-05-06
82acba16fc9b8ae5c09fc512b425ea04,c176ef68bc3812b4665d939ef7b10d92,delivered,2018-06-12 19:12:26,2018-06-12 19:46:06,2018-06-13 14:03:00,2018-06-14 18:48:37,2018-06-28,95a2d01bb5fd196babd4b379dc8e4c94,2018-06-12
f94bda0cb228bd681dac3cce1fb69584,530a5864d09524daa4a7a03524554ae7,delivered,2017-06-28 11:58:45,2017-06-28 12:10:14,2017-06-30 12:32:24,2017-07-07 18:03:14,2017-07-20,dd0d68d3c619a9ddee9536fc830294ff,2017-06-28
96c36d3faf307d34e6087d144458450f,9481fb9f3f141917c9fb56bfd6315e4e,delivered,2018-01-02 21:41:45,2018-01-02 21:50:25,2018-01-03 17:52:08,2018-01-09 19:58:12,2018-01-31,954787ed2823ee776c15d070b287c4d9,2018-01-02
4d076eecff1b24fa4d0e85a6a72f3db0,b4f8fefb383c44b7104bacfb59e5570a,delivered,2017-05-28 18:03:17,2017-05-30 05:02:38,2017-05-31 10:12:38,2017-06-21 18:29:51,2017-06-21,8cf0eb49176e71ea2ff39307ab6b3081,2017-05-28
a367ad4d7ff8e706555cc31af6b40ecb,5f5f57c7939e7666aa92a4f421de907b,delivered,2017-09-27 12:34:35,2017-09-27 12:49:37,2017-10-02 23:24:01,2017-10-05 15:13:29,2017-10-26,80a9d13e96577f2660a741833c1d0e6b,2017-09-27
832a53069ed415d634cb5924a4fcb3e0,f5bb966acf5166fe6e68d15cec3747e3,delivered,2018-06-28 13:41:55,2018-06-30 02:52:17,2018-07-02 11:06:00,2018-07-05 18:24:43,2018-07-19,30dbfce0a20da85e41a8b53323af0353,2018-06-28
657516e76af3d3776fa65ce47ce04d57,e3a8ed67bfc463e93bc727920b63a3f3,delivered,2018-08-18 16:29:53,2018-08-18 16:50:12,2018-08-20 14:31:00,2018-08-21 16:32:46,2018-08-24,a15e74c51313b5519cda222ff6c84eb4,2018-08-18
dac5a3700ef52670797c5f68b64baa8f,10a21e43dbcd02549e9f07c7a2c985b9,delivered,2018-05-22 14:54:32,2018-05-22 15:15:00,2018-05-24 16:41:00,2018-06-04 18:34:28,2018-06-14,9b64151a3390ae28043a5ac575c30c31,2018-05-22
80c3c4405891ad9ae20692b3546aed20,17fa34113bb7197374bed266c6b35c05,delivered,2017-11-25 13:53:32,2017-11-28 03:41:19,2017-11-30 20:55:59,2017-12-07 21:44:44,2017-12-19,5b3aa7925728df96748677b2878c5dcf,2017-11-25
782656b57c879a8c0d6a326048331e91,cc105d22219939a0d681e14ce6e38791,delivered,2018-08-03 00:45:12,2018-08-03 00:55:25,2018-08-06 14:58:00,2018-08-16 17:24:57,2018-08-27,1810e538a85f28a974dca2ad08da3c62,2018-08-03
63802c52ced9ff923c962ecbf4b3a2a2,8424f98d9254ad85c24141f3cd2fe8c5,canceled,2017-12-03 11:32:32,,,,2017-12-26,6cad2595071b142d5f90563f43558cc9,2017-12-03
823e959449ab09141875541d427a1581,11c897fd95b346aa239cb2b6401e73f3,delivered,2018-02-19 20:14:00,2018-02-20 20:10:25,2018-02-21 22:06:35,2018-03-03 00:08:20,2018-03-14,d28cc8ac5e1e6dfb3d1f0b6f107430ae,2018-02-19
3b91f44850c174b8360b51fc60460cf9,7745c5ba808972838627034c63ab57a0,delivered,2018-05-13 00:44:12,2018-05-13 00:55:20,2018-05-16 08:14:00,2018-06-05 15:51:39,2018-06-22,06da5ebb792cd04ba20b05e0217ac5f9,2018-05-13
5c4ddbfa718a93f4b6b964b9e19472df,406c04dcbb14cfc2efdfa97866b1f17d,delivered,2017-04-30 17:50:27,2017-04-30 18:03:06,2017-05-12 09:17:40,2017-05-16 08:29:43,2017-06-06,94dd49b40685c47677d891ba82313620,2017-04-30
38b488d9104334d38fa658cdbcb1ed48,446e5eab95955965329401aa7fef9d9b,delivered,2018-04-03 23:52:25,2018-04-04 00:09:29,2018-04-04 18:36:31,2018-04-13 11:48:41,2018-04-24,9335e1ff6c87c4d5563de3976b06d6fd,2018-04-03
ea4b86c8004a1dc893590cbe743dfd1c,eb010a285da993b0961374f518a3e676,delivered,2018-08-14 16:22:27,2018-08-16 03:10:15,2018-08-23 11:48:00,2018-08-24 16:41:47,2018-08-28,24a2aa45549d34a910425326c6e54e60,2018-08-14
007c7cb12ef3567531307ca78d395758,b4c4af6dbbbbafcfd8d6863fa0fc6e61,delivered,2018-02-20 11:31:56,2018-02-20 11:47:38,2018-02-21 14:49:29,2018-03-12 20:52:30,2018-03-16,f9b89cfe153ff980aa3d8dc18b380888,2018-02-20
ed8e6636ff843d46e3b40fcd46743130,700cb2e278d3529c6ec72f823e51669f,delivered,2018-06-28 12:38:19,2018-06-28 12:50:37,2018-06-28 14:12:00,2018-07-13 17:16:50,2018-07-31,a48fec9932c33439146df7c8b62fdc96,2018-06-28
cc0c2816e800ee2d10ad0d51f37ab289,c2da460f1f7e4a5023452f6bfa2ae656,delivered,2018-07-17 15:36:30,2018-07-17 15:45:29,2018-07-26 11:05:00,2018-07-31 22:12:24,2018-08-10,753fd2847cd950be551bee66c494d8f1,2018-07-17
3b79ab8b274076a431f241974efa49f7,a92c8bfa458db3ca83aa9c9a01fb4b69,delivered,2018-03-15 08:07:29,2018-03-15 08:29:40,2018-03-16 02:38:22,2018-03-20 18:12:24,2018-03-27,225b60340f4d1eb3862e75876b1ca441,2018-03-15
f0b1a6527c31052519575b2993cb52bc,7426de774112a1f918a42ab74e7597b3,delivered,2017-12-10 14:05:24,2017-12-10 14:14:21,2017-12-11 19:58:53,2017-12-22 16:07:06,2018-01-12,37cac71d7c361fe8905fb8af2b85c8ad,2017-12-10
b4263e5939fdc4a2875947661ea8e7a6,5b66bf489a54ed20f6f3945bc460a03e,delivered,2018-01-09 22:06:35,2018-01-10 10:32:03,2018-01-10 18:58:44,2018-01-30 22:08:12,2018-02-05,0fcddf7c0cd1047fa0c0e7c648ecee54,2018-01-09
220ecdab5fbfc0828024fa22d8a9acb2,c0fa0bcf52ed2ef5f06efde499b5fed1,delivered,2018-02-04 17:48:55,2018-02-06 04:32:25,2018-02-06 19:19:10,2018-02-08 15:58:33,2018-03-01,9fb7c6404965b174f9514743c2f1cdc4,2018-02-04
a663eb567d6e0db6362cc10977fef5a2,4cad8026a6d4456f6dca8c9c40e0f349,delivered,2017-10-13 08:57:11,2017-10-13 09:14:30,2017-10-16 16:25:41,2017-10-24 23:18:04,2017-11-10,816daa6ba305039a70aac15999e867d8,2017-10-13
6496d07172ae780e26a3e57539ca4e5f,e8b091784be223554c230661d199c8ac,delivered,2018-06-10 19:58:28,2018-06-11 09:11:56,2018-06-11 13:26:00,2018-06-30 15:23:36,2018-07-03,0d6fd2cc9d6a24402909b431a56103f4,2018-06-10
f192f2a33e97d3e6be3dcef144be89b0,2300ae9b753ceb97afd2947c1df471f8,delivered,2018-01-13 19:16:29,2018-01-13 19:29:44,2018-01-15 17:56:56,2018-01-24 18:59:04,2018-02-05,ceb46be019460f3052bd4f772aa0cf86,2018-01-13
5f1c8f2e81ded8f245bc3e756524e2f7,cb726dee17ab5dae5abc420d80087d3f,delivered,2018-02-07 16:13:31,2018-02-07 16:49:12,2018-02-09 21:25:16,2018-02-16 20:51:55,2018-02-23,633dfe61f5cb32f4d2a379fb099bd56e,2018-02-07
1ddf482b18254ebd8a07327e9e07aed6,e06958341af418a774b350e9832a0826,delivered,2018-02-05 18:41:35,2018-02-05 18:50:37,2018-02-08 23:48:45,2018-02-14 13:21:53,2018-03-21,02f497cc7dfdd937def02d2359f93f8e,2018-02-05
17da1f6aa478edbbb6039871c31b40b8,888b16e7a19a04a88229722ce21673eb,delivered,2017-04-08 19:30:11,2017-04-11 03:45:24,2017-04-11 19:57:42,2017-04-18 16:53:54,2017-05-16,f113e425aa56c6c4f83e5cc45f85e5aa,2017-04-08
3f27ed06b2513b7e6cad3d148e049bac,37901da82354e25caf037388d8138674,delivered,2017-11-20 11:46:11,2017-11-20 12:09:21,2017-11-21 17:55:53,2017-11-22 11:51:41,2017-12-01,3e8cc97df8f3e88d4a689376500ee3bb,2017-11-20
7515c1d8cfed88ade550c3fb589598f0,f315c4f97490c871a95658402cb49d73,delivered,2018-05-17 14:28:07,2018-05-18 05:16:19,2018-05-18 14:02:00,2018-06-06 15:22:22,2018-06-12,63cbeb72263230e278b241225c20d36f,2018-05-17
a82e3faddfd8b23dc37ae32f3ed93389,043074b1068b23092a45dd20f97ba65a,delivered,2017-11-25 16:41:57,2017-11-25 16:52:02,2017-11-27 16:41:58,2017-11-28 19:47:56,2017-12-11,151289158e1107a3080ede4e28263a39,2017-11-25
62bffd187fdcb56c61d7980953e3ceb7,26e1fa61b30f55d0ad6603ce7dfa685a,delivered,2018-03-17 12:48:15,2018-03-17 13:08:59,2018-03-21 19:05:31,2018-04-27 15:38:59,2018-04-13,11df73b7b6e5b5dc4d8b23b812d406aa,2018-03-17
7feb540a28fa86db26a17648584a75d1,56f529dd0697875be243ebde725dfb89,delivered,2017-09-12 23:10:52,2017-09-12 23:24:16,2017-09-13 17:27:55,2017-09-14 14:22:02,2017-09-25,582af8b00619436d57a55f8b047f42ab,2017-09-12
492d9d1a1eb3b5a079dff6d1eb3f4b67,bf32270a9d55407c068e29aa15429802,delivered,2017-10-02 09:26:26,2017-10-04 07:14:17,2017-10-04 15:53:04,2017-10-09 21:39:46,2017-10-30,2b4ceec1c72940380f3d2ea427662a90,2017-10-02
75aed426d187c5f1099af12729834732,1a6c590aa0cb8a6970615c9f0a070453,delivered,2017-09-14 14:28:18,2017-09-14 14:37:32,2017-09-15 20:17:47,2017-09-20 20:32:40,2017-10-04,f28304729eda01a4b1307e4813684dca,2017-09-14
c6b82ae325fa2da7b9344f222b76908c,5718bacbca3da95ebc6d6a33e4a06ca7,delivered,2017-02-19 19:18:53,2017-02-19 19:25:13,2017-02-20 16:22:48,2017-03-27 15:03:50,2017-04-12,ec9994d477cd504743491ece00d049ee,2017-02-19
7c3b51d43ff0ed3ecf74550b124dde61,46eed518a1fa5b1e5f7f46fa7b4e46ff,delivered,2017-08-05 11:01:43,2017-08-08 03:50:29,2017-08-08 17:32:35,2017-08-15 09:15:05,2017-08-29,5e444b5a0edba18aae0518c0745edb01,2017-08-05
ba930d713b7bf3dca12e701703ff8eb5,9ebf9dcbefe59ec090b872231b9c9c4e,delivered,2017-08-24 02:38:05,2017-08-24 02:50:21,2017-08-24 13:48:04,2017-08-28 13:19:40,2017-09-18,cc6a7c09092000c1485649d3cff4e0c3,2017-08-24
05a971ae7a83a0b371ae1b5bfc45514e,c8b5cf65af25e599ec44662ffe565065,processing,2017-01-31 00:11:36,2017-02-01 04:32:09,,,2017-03-17,27471f7fc206da344fa29b57c48417c0,2017-01-31
4c643df416c8fdc4033716fa0c058c81,8c47be12d1f4a42085de2455cb10724f,delivered,2017-12-10 21:18:44,2017-12-11 01:30:19,2017-12-11 23:52:23,2017-12-18 20:52:11,2018-01-04,4e5b0e121dc1ad88c89505f05695be4c,2017-12-10
99ece48d14ba148681f7f0db03a9e238,29d20cf2880f1d5a967c4425fc3ccfe1,delivered,2018-03-10 10:59:25,2018-03-10 11:10:35,2018-03-12 18:12:50,2018-03-15 20:52:47,2018-03-22,e15f6f6a82b2a355c85302d730cf47e0,2018-03-10
f989d3ba2acbcf3d6168a67eef142f3e,91aff227ee2a5b65210e8f03fd8f46fe,shipped,2018-07-21 20:00:37,2018-07-21 20:15:23,2018-07-23 07:53:00,,2018-07-31,5bee2adfebafd09cb7d9f6050f9d2bc0,2018-07-21
1a46a59c4c13f2c52e453f8f490b7840,96b4bb6bce80210c56debbb88e44f8df,delivered,2018-07-31 13:27:22,2018-08-02 05:30:48,2018-08-06 14:49:00,2018-08-09 20:09:43,2018-08-09,cde37fe3a24ad875f5ff1482fd80a43e,2018-07-31
4b14a51e5df694c654b9b82731f92a55,17e1aefbee8554b27f76fd3accc19e0d,delivered,2018-02-10 20:45:36,2018-02-10 20:55:47,2018-02-14 11:31:59,2018-02-22 22:27:11,2018-03-08,006f2f20cf0cd723624b99d0e8e40d0c,2018-02-10
b602e9018426fcb5d4f616503de8057d,a587d66222fac536d25336045d7a4991,delivered,2017-08-21 10:44:46,2017-08-23 14:35:57,2017-08-24 19:05:12,2017-08-28 20:05:11,2017-09-11,518c8b5df47f0d56eedba8e7c918f8f9,2017-08-21
19e33f0786885dcf62a875bf5fc1b3f3,64428c52652832ca97eda36bceffe1ef,delivered,2018-01-09 11:46:32,2018-01-09 11:57:24,2018-01-12 21:52:56,2018-01-15 19:43:14,2018-01-26,2952f56adfcd2cb84518197e3d8ee558,2018-01-09
6b99ff92735c747557e84a5f5cd7a560,200bd4a027e1cfd139a0145bae69373d,delivered,2018-02-21 21:33:47,2018-02-21 21:55:29,2018-02-27 01:07:42,2018-04-09 20:04:34,2018-03-16,9abba9caa203cd4344b8c918d6ade26e,2018-02-21
7c8b338f397fb38ef8936b1dc65f5bc0,23fddcaf369c3c044927cb9cef494bf1,delivered,2017-04-26 15:30:59,2017-04-26 15:42:30,2017-04-27 08:06:28,2017-05-08 12:30:01,2017-05-19,335d0a79c7c8d75f502f2acb5884d622,2017-04-26
c870ef6a8e1d8eec841d79b42a6a20e4,5e2eb678bf7712ade6ed644acfd44f5e,delivered,2017-01-19 20:45:08,2017-01-21 03:10:43,2017-01-25 09:24:26,2017-01-30 19:47:59,2017-02-17,2f0a45d60154020f24cd2d0758e71028,2017-01-19
a0c1b0545665f839199e53177bc639f7,866945c325644a98b1356b2b50663c05,unavailable,2017-11-23 23:03:25,2017-11-24 00:09:29,,,2017-12-15,d7c46dd9b81066e7f37c294108188c8b,2017-11-23
9b67fd3ee844d811949db406b78a4576,8340cea46fa8081f3ec1b9758caf0207,delivered,2017-07-11 19:00:04,2017-07-13 03:03:54,2017-07-18 14:18:09,2017-07-25 18:38:01,2017-07-31,4c28ec7f5c776272111f6d78d7a169f1,2017-07-11
b3fc7c7b9879880f51caa2db7de52834,d145e98eca6da1f9fcd85fe10c17eb13,delivered,2018-02-23 20:48:22,2018-02-23 21:08:13,2018-02-27 02:27:02,2018-04-25 22:15:36,2018-03-20,6edf0b82cff21956cb04a4502f093224,2018-02-23
2614277cdd7148ffedbc0bc25278eac3,efbaae3495b126fbeeb4fedb5036fc2e,delivered,2018-05-18 13:35:18,2018-05-19 03:38:35,2018-05-21 15:51:00,2018-05-24 17:27:21,2018-06-07,8bc6490faac5eb5d8698443dad129f2f,2018-05-18
0db67754b16d1c810f66a42f0f726359,f2c27ef5248a5235d79ed601b5840a50,delivered,2018-04-16 12:08:16,2018-04-16 13:11:25,2018-04-17 19:33:47,2018-05-02 20:32:03,2018-05-15,36a352838395c11da3e1c6990c0328a8,2018-04-16
3fa0c4cad42dc3eee9fa4be7726f1bd7,c327466368ecf8aa5e1634da484aed5a,delivered,2017-11-24 23:00:47,2017-11-25 02:12:52,2017-11-28 17:17:00,2017-12-21 17:28:30,2017-12-27,8b47b0dde4ee217c6f8193774830efad,2017-11-24
7c32a0c8814b54f798f9359f20699633,0f7efdb333a017bc95a8e3c0a930a432,delivered,2018-07-14 14:47:19,2018-07-14 15:04:07,2018-07-17 16:25:00,2018-07-25 18:20:27,2018-08-09,b03155da610163a1626f1b99d4787774,2018-07-14
51c064ec2d79d398b30db3f8e1de8ec8,91da5278c565f5d5d22b3724ec4839fd,delivered,2017-05-04 19:16:04,2017-05-05 02:25:24,2017-05-05 13:30:49,2017-05-10 09:17:54,2017-05-29,83d4f03665f228247540e9d373cbc65d,2017-05-04
8c0ba0ee5bf1417ede40de0a3621f727,54ad906d580b519997fe18d8420acdd1,unavailable,2017-09-29 13:23:03,2017-09-29 13:35:21,,,2017-10-17,f598ccdf77c6728c42c32ce9f8ae0e20,2017-09-29
706f426a3e276fbc171e2d3aafbf2e1a,dc745d5f5de1082bd0aebd9d8aec53d8,delivered,2018-05-01 01:28:38,2018-05-01 03:53:59,2018-05-02 13:43:00,2018-05-07 21:58:22,2018-05-22,b7e2b4e7e5bbfc11eb1b22e6d822926b,2018-05-01
cd9b65ef397b95d0e1fa108caad89718,8826954c712aaf1b27d2212dfc9da1be,delivered,2018-02-14 11:08:25,2018-02-14 11:27:49,2018-02-19 18:22:40,2018-03-21 21:21:42,2018-03-08,adeb4b78ac95d851c7d5bc788ab7f515,2018-02-14
322ab6e86e8e7fe738d8dc82ae1afb10,7ee2727255fb492c3bc059cfe72e01ed,delivered,2017-09-12 08:34:10,2017-09-13 03:44:56,2017-09-14 16:36:02,2017-09-19 18:03:49,2017-10-05,b5fe7c927c47cca30d51c757008129b8,2017-09-12
60cff1372b45d7f481adbab11476d143,8534d27412cfed8400cc328d24b76414,delivered,2017-12-06 15:26:56,2017-12-06 15:38:32,2017-12-08 23:48:24,2017-12-11 17:13:12,2017-12-22,f0e24c50feea2f55c97ea160986448ce,2017-12-06
bc54c3719175670ad9effca0e152ec38,74924863e8bb5386de754630ab017245,delivered,2018-01-31 14:27:27,2018-01-31 14:35:38,2018-02-06 18:38:48,2018-02-19 22:05:57,2018-03-01,83df7bbe723ca55830fb04312354aef8,2018-01-31
610a60d9a69cdfd91aa5dd5a26d4ce95,9b50d244594b92d3fb3212e1fe203fb0,delivered,2017-02-02 17:05:27,2017-02-02 17:21:25,2017-02-03 17:51:39,2017-02-17 10:41:45,2017-03-13,3be2432d88955b7cc6e9cb71d9d1931e,2017-02-02
2942de5b4c34fa90c38954a9e86f7fcd,7e0be6f31e2e49712e01d3ce5a29385c,delivered,2018-03-04 21:47:10,2018-03-04 22:28:39,2018-03-06 18:33:07,2018-03-09 22:28:44,2018-03-16,75015153c3f4b976fa82a0888a5d736c,2018-03-04
90b77bb520781c0fe42b426d4b9489c2,829fa1fd3a81b498646b1fdb4b98de4f,delivered,2018-05-20 16:00:38,2018-05-22 08:56:27,2018-05-25 05:44:00,2018-06-07 23:24:31,2018-06-11,07f5c42becf5d40e7778aa9953a19127,2018-05-20
6fe2b9f9ac8f2962d9278c7ab24d08c9,91f579c3e52918f49ae6b6dc561b3c5a,delivered,2017-03-03 13:14:46,2017-03-03 13:25:15,2017-03-06 06:47:12,2017-03-16 08:06:28,2017-04-10,f9dcc6e19ae7edae7a61dd0e3075ddcd,2017-03-03
60f6e33dc906f7b5b4f5096f979ab9f6,194210b93d80c9ed81d077596cbd8ffb,delivered,2018-05-09 08:06:14,2018-05-09 08:30:57,2018-05-09 11:00:00,2018-05-15 18:39:28,2018-05-28,a999e4bbad221a030b57ef4a2bfa1c39,2018-05-09
61e9a85f2e6a0706d34fc63145418160,06d794c6d5ca7136fd073d1c0b7fe2fa,delivered,2018-04-25 16:07:43,2018-04-25 17:12:00,2018-04-27 21:04:00,2018-05-02 16:08:49,2018-05-09,e75d5f2ec6f73addaac73723ce86c60a,2018-04-25
7c9b23cecbb5797db15c8a34ef95616d,2d166c1a9716cb46b3c4f7362681709e,delivered,2017-12-04 00:06:23,2017-12-05 04:11:58,2017-12-12 21:57:07,2017-12-29 21:27:04,2018-01-10,cea385414332dd1cdf3aae45bfa66e94,2017-12-04
2a45f09e63c6b3aadad03e534d9c5a1e,8b8d2b8db2dd30be0125ec43a76aeab1,delivered,2018-07-07 18:03:15,2018-07-07 18:15:10,2018-07-10 15:06:00,2018-07-11 14:51:02,2018-07-20,80b26cc3fbfbafe53feffb98dc55b7d6,2018-07-07
51e8b1751420d0520256aee3f5c81b9e,d7ffeb324db6174f478b9e3a95fc1007,delivered,2018-02-05 15:13:31,2018-02-05 15:30:05,2018-02-05 23:52:50,2018-02-21 02:37:40,2018-03-07,fd64a042e0daeb782750ab72f52289c1,2018-02-05
4e574601fa03ae371593a005d9cc7a32,415130aa0b0c6ea42bd6aa2fc43b503a,delivered,2018-02-28 16:07:02,2018-03-03 03:20:25,2018-03-06 18:49:06,2018-03-22 16:22:59,2018-04-02,35b57424cb76ed9d49f250e4382f9bc1,2018-02-28
d57a8498a051a1204ba403a8879e33b5,043d2b13ed6c916990adc99db8cc4e42,delivered,2017-09-19 00:03:56,2017-09-20 02:35:17,2017-09-20 16:07:41,2017-10-02 14:25:24,2017-10-05,1b547f8eeea20e082f1230c912937518,2017-09-19
0754d33c0d259d6851e811948048324a,5860b5d39dc0369205b146cbd32b50b6,delivered,2018-08-15 17:15:46,2018-08-15 17:25:21,2018-08-16 14:11:00,2018-08-17 21:47:48,2018-08-24,3505269571f6d50ac816db11161326df,2018-08-15
8e0aba4e9cd80e71b2cec14e22df868b,5a23a92261328e087c062a7c265b7862,delivered,2017-11-15 12:08:23,2017-11-15 12:26:27,2017-11-24 16:49:01,2017-12-05 20:23:37,2017-12-15,714d0049eb8668f261ea08a8284a9f31,2017-11-15
d1872a759d4c1e5437aa708d64ff592c,e4c5593923a15e857d120fab87609318,delivered,2017-08-02 21:20:58,2017-08-02 21:35:15,2017-08-18 19:44:58,2017-08-30 14:30:04,2017-08-22,8f5c7b4a8c8d553a261e435fcd2d1863,2017-08-02
22a2517a6ad37a1c94d5b7a646e3f168,8309fb4280b0ad191be5bef656794028,delivered,2018-03-20 14:13:19,2018-03-20 14:30:40,2018-03-21 19:23:36,2018-03-27 20:28:37,2018-04-12,733f73674a518d0825f230b1f7323dba,2018-03-20
23d0ca011ea2e7273f99c4875a80854f,3484006d8f49a3517029356d1d1cd215,delivered,2017-12-11 10:44:50,2017-12-11 10:53:25,2017-12-11 18:48:29,2017-12-20 20:07:28,2018-01-11,a8e575eaef83ccd79ac729f1007e8d3f,2017-12-11
91bd30c2bb59d00a3f3710013e7c4365,e7200954367548f9dcd21e4bed6184d9,delivered,2018-08-20 17:01:54,2018-08-20 17:10:54,2018-08-21 10:29:00,2018-08-27 20:36:22,2018-08-30,17a0204249424bbc48c5c644f1f59570,2018-08-20
69fe44146033a055ffc2ac0b670c4b11,478cd213f97a49b3e7d441c3b37014ed,delivered,2018-07-26 16:08:45,2018-07-26 16:50:13,2018-07-27 14:00:00,2018-07-31 16:36:52,2018-08-08,0c8742a86edb1580470944e225e6f222,2018-07-26
7ab8357ecb12f6b03ee66996c0250c6d,180eae39552bf810179a896b88693f79,delivered,2018-08-03 08:37:38,2018-08-03 08:50:20,2018-08-08 15:01:00,2018-08-13 19:21:08,2018-08-22,4e70a82228226ffd96cb25aa6376f286,2018-08-03
2c4b5d8af3d0c95e934891481c0a87fb,6b749659e420100652965c9690c82e91,delivered,2018-01-16 01:05:58,2018-01-17 00:57:19,2018-01-17 16:22:49,2018-02-20 22:55:04,2018-02-23,37ae58e18d929c7d9b35cbde0e19ab1f,2018-01-16
71c71007c0e6e119fd24da2a057a4cdc,9790a478a1806bc28829cc6767407bc9,delivered,2017-03-10 14:45:51,2017-03-10 14:45:51,2017-03-14 14:03:19,2017-03-21 08:17:43,2017-04-04,ae27f6bf595c66ba93b3aa1aabd83597,2017-03-10
86bf271e1a69a73159db69b6b820d8e2,4591c167fa180b735541d04dadb15f93,delivered,2018-01-30 19:10:44,2018-01-30 19:29:04,2018-02-20 05:51:40,2018-03-07 21:56:46,2018-02-26,88ddfd52d6fe67c57b246311521fcfdc,2018-01-30
20512b4674a770930ecdcd3634e64cbe,1b96951f204d883b17e4d9cc323dc10a,delivered,2018-07-24 10:05:08,2018-07-26 05:35:10,2018-07-26 14:27:00,2018-08-10 18:18:29,2018-08-02,526ff66903c8f540946c5043517fb190,2018-07-24
6c1973ec6c76306fce68764a46d33002,1197d0abae67f94b4ba55fd9eb382ab0,delivered,2018-06-01 15:06:18,2018-06-02 03:35:14,2018-06-04 14:33:00,2018-06-07 14:59:02,2018-07-12,e6757d8e7b979dc829cb29c260c22486,2018-06-01
a8eed0db5f225dedde3f0edcdf9ee3ed,eca7a7a7605b71a0a39b8aa40deaaefc,delivered,2017-09-30 07:44:48,2017-10-03 03:49:25,2017-10-06 20:33:42,2017-10-10 21:05:54,2017-10-18,2ddc001b620bd90d0f4378cfde1db887,2017-09-30
5d8955bd4f20188cffeee997c68e0244,b29cd4b6b9a32a9071f8ef282588b18b,delivered,2017-11-25 06:48:16,2017-11-25 06:56:23,2017-12-06 16:49:28,2017-12-19 17:22:25,2017-12-18,a97df1dc7d1c0c87e37eb05d37484124,2017-11-25
27c40c2ef2f757ec0f8253c65e5b9abc,5ac62b164a59f52234b173613df39b5f,delivered,2017-12-05 14:14:49,2017-12-05 15:03:53,2017-12-07 00:13:50,2017-12-12 17:56:40,2018-01-09,c5f37e8ce5561ebcfa74665bde367513,2017-12-05
6c7378154382f7378b82fa860f68c758,72edfa680cf8f4b104e145cbb2b0ec12,delivered,2017-11-27 20:50:39,2017-11-27 21:01:30,2017-11-30 01:18:42,2017-12-27 21:26:45,2017-12-18,0aa6ab94804bbc055e5bae5afcf5f5bf,2017-11-27
943625151a5d8d00da80e96a90930e03,2953e41dea84f8fe69dc569138b6002f,canceled,2018-02-17 09:59:29,2018-02-17 10:10:26,2018-02-20 16:48:58,,2018-03-06,595e4f5543fcf93e124729bc947ca896,2018-02-17
69a7665b6b95793900de223109addd68,0dbb87834555d5e0e2dabd0dfbd70246,delivered,2017-12-14 11:32:05,2017-12-14 11:59:27,2017-12-15 17:25:19,2017-12-29 20:43:35,2018-01-09,729b3489f66613a5fccf8816dbbe40ca,2017-12-14
118490e73f5c7791e37c2f75d0338da5,440adaedab382e4434a33defa0fab268,delivered,2018-03-24 11:23:25,2018-03-24 11:35:38,2018-03-26 19:41:32,2018-03-27 22:54:26,2018-04-20,95b967d1e02ecf353ddcb5ec1a19ce3c,2018-03-24
cbe59472268ccc3ada89c57c85b2c41d,7f87c533e44207528706ee80fe6fa0d5,delivered,2018-01-11 03:11:16,2018-01-11 08:48:43,2018-01-21 17:18:54,2018-02-03 02:56:29,2018-02-19,f141b0a38fead68ceb1031e2c67a3998,2018-01-11
ba5c577357e3f0b4d142808039a7ada5,535aa52bc710cbd5df5872d2a3898efd,delivered,2018-08-11 15:18:51,2018-08-11 15:30:15,2018-08-17 08:40:00,2018-08-23 18:09:45,2018-08-24,2bab170efa94ecb122a619aa0fd5609b,2018-08-11
e7541d63acc69eb0bffae073a401b6ea,36e4785e6af078e76b3bb38251b2b820,delivered,2018-06-07 12:04:29,2018-06-07 12:19:20,2018-06-07 15:16:00,2018-06-08 22:08:38,2018-06-25,ec6e00db55799d23d02c17727b8e0816,2018-06-07
0da06a931a4d76045f42c40211501383,7773ea1eca2e879eae21ac7d62ca7054,delivered,2017-11-16 12:35:19,2017-11-17 03:55:41,2017-11-21 10:15:37,2017-12-04 21:08:01,2017-12-05,245893d21e95542564c17f06bf854972,2017-11-16
788991fbee9d367d8b625d471c2d252f,3801c293e240318c5ad66216d15ffc58,delivered,2018-05-28 12:36:33,2018-05-29 03:31:16,2018-06-01 13:24:00,2018-06-15 09:34:30,2018-07-05,b494e0eadea2128f530bbf6e07c59e32,2018-05-28
8a608b535d6218591ef223603060f3dc,66726c14972bab4af7b2b1a3b0cbfce9,delivered,2017-04-21 16:27:11,2017-04-25 08:15:07,2017-04-25 11:08:54,2017-05-02 14:22:59,2017-05-15,84c51b6e26ff1a9ccfd03cd0ac19a4ee,2017-04-21
8e149b3d8483d3f623d3e6e0c9f824b6,c8cf892530797a54796ba8acf1209885,delivered,2017-10-13 19:43:26,2017-10-14 15:27:34,2017-10-16 21:36:23,2017-10-23 18:14:13,2017-11-03,09ac84553d8652111c6d6d2adcf3bd58,2017-10-13
24914fccbca3abf70528903ab2af4bf8,03071a983e944c48990031952443e211,delivered,2018-06-20 18:08:56,2018-06-20 18:39:02,2018-06-22 14:57:00,2018-06-29 17:02:58,2018-07-30,d792207a143bca423ba1685b30e34557,2018-06-20
91735aed391322fa8924dbce615566b8,333fabf7199b33b48f411eea84ebd4b7,delivered,2017-02-05 22:13:20,2017-02-05 22:25:10,2017-02-08 11:05:27,2017-02-13 13:37:59,2017-03-20,f3299add645bd568f076bc226573b3e1,2017-02-05
f4cae1cef6439e6a8f3cdd16dff3d6a9,5582a1c42a6723f0fdbb6dccb54693ae,delivered,2017-04-27 10:54:51,2017-04-28 11:45:03,2017-04-28 15:32:19,2017-05-09 11:23:16,2017-05-29,38b70b993e11d6fb460d550ec9891153,2017-04-27
6349ff9baef7d65886a841af28cf65e0,9994ee45bae579cf7fed6db8c45e0eff,delivered,2017-11-10 10:31:22,2017-11-10 10:46:54,2017-11-11 12:24:57,2017-11-16 15:41:36,2017-11-24,13d8bec31b0042eec8129c4716d47254,2017-11-10
30eb73d30073a32e71dd71315e9660c9,cb96e80748675729d4d3857321cacb26,delivered,2017-12-09 02:25:26,2017-12-09 02:49:57,2017-12-14 19:33:15,2017-12-28 21:17:24,2018-01-11,67626c49069bdf05ff127d59a6649948,2017-12-09
873950bfe2dcc227baea5f82f8f2a438,b17c7301c206c221fb2ee6552862dd32,delivered,2017-11-11 12:36:42,2017-11-11 12:50:46,2017-11-13 17:55:05,2017-11-15 12:54:40,2017-11-27,71f6e6e2d7ebe8069e4ad85c083dbb59,2017-11-11
1b3550f21eaa62e5626ebc18a3def944,d111e1e579cee0e145c32502540387af,delivered,2017-10-06 17:00:22,2017-10-10 03:28:14,2017-10-10 14:17:02,2017-10-31 17:33:11,2017-10-31,16787e3448a512645401a06fb360e72f,2017-10-06
f1d050fd7d6e547eb0ac3bb1f776ffd4,de8c2741de6d730a8cfedb72a57c4d12,delivered,2018-07-31 11:30:56,2018-08-01 03:31:47,2018-08-06 12:15:00,2018-08-07 19:16:36,2018-08-06,0b3ea22a9c32f9c1ef2684e5c981e9ea,2018-07-31
966d900084ff48f38516ba0a9bd50cfe,42b41007d8b9166d15d2b8898e23e52d,delivered,2017-12-04 09:15:59,2017-12-05 10:30:56,2017-12-04 23:28:03,2017-12-15 00:53:24,2017-12-29,480993c197cc786a5e3722e58304de38,2017-12-04
c6f9707802d8df093005d7b1e9e8f9ec,0e59f0cd0c6c20fd1420f27021796dfb,delivered,2018-04-10 00:09:42,2018-04-10 00:49:49,2018-04-10 20:21:28,2018-04-26 19:21:58,2018-05-11,71b672666a6ec8d6d1df8f6bb0766b90,2018-04-10
017b84f6bee0e4287eb8a8c9f5df549e,931f171166895ae304d6e982ee54d197,delivered,2018-02-14 00:50:56,2018-02-14 01:07:40,2018-02-15 00:17:00,2018-03-07 00:12:50,2018-03-16,ea01897da007844219c7559642c2554a,2018-02-14
c94edffab2f10ec24645c62b40881e88,83e4193ef8adca21142f06ba078bf556,delivered,2018-08-25 14:05:07,2018-08-26 13:55:19,2018-08-27 14:36:00,2018-08-29 11:44:40,2018-09-11,3ff9132b9f4a7e46118e5347c765f77b,2018-08-25
c17ecfaa63fd9b920c822d5361a8dbb0,ba554ae31dd9a8ef1ce70911f861e40d,delivered,2018-07-26 10:26:23,2018-07-27 02:15:29,2018-07-27 14:49:00,2018-08-06 12:19:05,2018-08-17,b83281d34a0f64fcd9f2a825f5a86514,2018-07-26
e026debf36c73c4786cc6224498b58e9,e8fdbc8f55b8ff467615e6a68c9c2721,delivered,2018-05-08 23:57:25,2018-05-09 00:14:59,2018-05-10 14:47:00,2018-05-11 18:48:31,2018-05-22,fc3d669d669ba01024e37b5ce3f088e2,2018-05-08
a735bad6e096fa8051a92301a1543c6c,668e1c0569ea85ae6f6c2b46cc30fc8c,delivered,2018-08-22 18:36:40,2018-08-22 18:50:22,2018-08-24 14:17:00,2018-08-28 15:38:34,2018-08-30,ccac32f8339c910e2496bab45fdc991e,2018-08-22
19b6861ce084842fb4ec0cafc59deebe,78a11bb1fa72f556996b9a5b9bcd0629,delivered,2018-05-15 13:01:12,2018-05-15 13:30:44,2018-05-15 19:03:00,2018-05-18 16:44:32,2018-06-12,e7536f62a200b415edd9491ac12a17fa,2018-05-15
722e7452a1ac677a58f6ad6ed2a94420,e6562b43e71911e95374c2eea157c11e,delivered,2017-11-24 14:46:52,2017-11-26 15:54:37,2017-12-05 02:53:20,2017-12-14 00:57:41,2017-12-15,4274b716c07a8621a48c2ba4b01c5df9,2017-11-24
89b77a270c5efd38d612633fc759b752,8759f0e1690709a4a2cef84fa08aee63,delivered,2018-02-24 21:17:11,2018-02-24 21:28:24,2018-02-27 04:23:28,2018-03-13 19:02:59,2018-03-26,8857cd355404ccff2e66a3d17450febd,2018-02-24
21803e14b4e860720b86788c8234ecd0,63da9210d7c5c8a472ad552135e0df2c,delivered,2018-05-08 05:11:02,2018-05-08 05:33:33,2018-05-08 15:32:00,2018-05-16 21:03:44,2018-05-28,0e3f7075209c31fb44c257041cd4f1f9,2018-05-08
adc51b6b60ec7fe71a757fdf57f0e3b2,fb7681ad22514aecc8cc75fd507b63da,delivered,2017-12-04 22:02:12,2017-12-05 10:30:40,2017-12-05 18:32:04,2017-12-29 18:13:33,2017-12-29,798c34ffa9047399853eab8ca7c0b9a0,2017-12-04
107de3a1a918ea939b7c03c588ad1e49,893e652824e5ecc31426614072578a0a,delivered,2018-01-20 00:27:17,2018-01-20 00:36:13,2018-01-20 17:28:50,2018-02-03 02:35:14,2018-03-05,da44d547f86ede511c04aa6cdc078ad0,2018-01-20
c360d21b65fddc4ac8f8d4dabf8c946d,138e80e19b6bc2bf940a17b938a67295,delivered,2017-09-04 14:51:24,2017-09-04 15:10:11,2017-09-08 13:18:12,2017-09-19 19:33:36,2017-09-26,1015173479527a15ccb63606a74f404e,2017-09-04
19431fe913eb8d2bd34af4f9bbec2d44,990b35fb87a1a6c60a1c676cbde1b901,delivered,2018-04-15 10:38:11,2018-04-15 10:51:24,2018-04-18 20:04:11,2018-04-24 19:41:41,2018-05-11,256aaa66a5f35580371ae98e7872ad88,2018-04-15
1429ead4eddb0eb9b28d692f0fbb7692,a44e13323a17ba1f64ba96c196bf845f,delivered,2018-04-06 11:37:12,2018-04-06 11:50:15,2018-04-10 20:08:39,2018-04-17 17:09:41,2018-04-27,b167341cc36a9f76c0bf6c96ed6e68af,2018-04-06
e1e8e3bca903de27e9a1c72b5a5795e0,3ec8c253718f538974f4d7f65ccb2a1e,shipped,2017-04-16 06:31:08,2017-04-16 06:41:44,2017-04-17 08:27:46,,2017-05-11,0af334fc660bfc9c75109752cc8271d7,2017-04-16
1166ac5af4262300b61e079c496223c6,0d8cb40fe23920b0a6078753a31bb617,delivered,2018-08-14 20:44:23,2018-08-14 20:55:23,2018-08-15 12:22:00,2018-08-22 18:32:24,2018-08-31,bff4ef831a377c4d6e06be5dd035a8d3,2018-08-14
14b8b8e32ed52dcf82a3e04d1881425d,a7f1430b91bc7526030c0cbd89af179e,delivered,2017-09-02 17:06:10,2017-09-02 17:24:30,2017-09-04 19:43:44,2017-09-11 16:57:55,2017-09-22,41bff18631557b1b24f17501b34a134c,2017-09-02
eb8f06a1cad454e1dd8dbb24de86a779,bab922f5ad51ce37bf37a4830268b5e7,delivered,2018-06-06 13:17:17,2018-06-06 13:32:59,2018-06-07 12:42:00,2018-06-08 19:28:48,2018-07-03,6fe09f77ec8e29ed4e619c6841f6479b,2018-06-06
6a9521bbff3e1aebe4afb832cc7a23ba,a16703cdbada7b47755ce962a48bf6e3,delivered,2017-11-12 18:41:38,2017-11-12 18:50:38,2017-11-14 19:17:13,2017-12-01 13:58:36,2017-12-20,b3fb415f8a02ee0f55ddb4f4ca9df2fe,2017-11-12
36a423301e22ec2c1911afa7e7c7c48c,ab0b16738479aa307cae8a80ed13fddd,delivered,2018-04-02 22:33:23,2018-04-02 22:48:17,2018-04-04 23:38:50,2018-04-06 00:27:28,2018-04-18,e2d7b32bd34b8249be7d25c4c723b957,2018-04-02
b203645fd73939945cecc062dcb496da,c065db66ef891186296d224da746f89a,delivered,2017-08-06 12:59:32,2017-08-06 13:15:10,2017-08-08 19:04:49,2017-08-18 21:13:12,2017-08-29,69afaf79c9daadbcc7ddc64366cb2801,2017-08-06
9f7b07e872a431807e81c38d6328502a,d8fb8c9aa1bcbcbb0b883be6c45f2ea1,delivered,2018-06-10 09:02:12,2018-06-12 07:37:09,2018-06-12 14:23:00,2018-06-18 13:48:23,2018-07-12,65f95ff8f1b2f2a617b558f0917da27c,2018-06-10
52b9aacc52af6fe2fa59c2f86e84a735,44b26067709f0e4966a16aa621ad73eb,delivered,2018-03-09 10:24:31,2018-03-09 11:00:23,2018-03-13 02:04:52,2018-04-12 20:06:39,2018-04-20,4440347c82849cd13be225a1cafba6ba,2018-03-09
b853d0fe429d120944fac713bb879e9e,40c17557e54ccd8ccb7f592a2c1ce94f,delivered,2017-11-28 15:53:33,2017-11-28 16:17:38,2017-11-29 16:17:45,2017-12-02 16:05:11,2017-12-18,9a42f4bc5fc6f3490ab5571860513a1e,2017-11-28
12212c72d1bc207ff5bb823d711dbe88,7b9ceeead56783d37ce8c18f1671dbda,delivered,2018-08-01 20:25:41,2018-08-01 20:44:02,2018-08-03 16:29:00,2018-08-10 17:41:55,2018-08-22,d99f10011cfe9b70e0d6d59280a669b2,2018-08-01
5c16fa790786ce85165190a91ebc6f85,9fa640b461197bf923b328f63ae4ac2b,delivered,2018-07-27 22:11:55,2018-07-27 22:25:07,2018-07-31 14:36:00,2018-08-08 17:28:44,2018-08-20,476044a045850de49b672f57aee54b5d,2018-07-27
ad6b96778fa5ce98470d51c8159a36dc,e797451a7e6ac3ef0dc569b73e144aa0,delivered,2017-12-13 21:35:36,2017-12-13 21:49:01,2017-12-15 00:33:58,2017-12-18 20:13:47,2018-01-02,9786aaec55031c9f7a266a0c6706a059,2017-12-13
7312e901d22a5fa199104da9e0996c2d,a630b62b4be91e3f264e1da67f6ab181,delivered,2018-08-16 17:34:56,2018-08-16 17:49:21,2018-08-17 14:00:00,2018-08-22 23:47:25,2018-08-29,99cc2b3265f21c481b4dd4e1e0d3272e,2018-08-16
92c3a5b09e48e84587b55b833b901d81,1ec2b1b57e7e5a1b3819a846681dda5f,delivered,2017-06-19 10:08:07,2017-06-20 10:35:31,2017-06-22 15:47:49,2017-06-28 11:14:34,2017-07-13,0698d10fc985e49edcd35ca9d7616dab,2017-06-19
4eeb7a26bd818dca75553383c9ef857c,77fed8a2652547ec05c05ad68f5f9efa,delivered,2018-01-23 21:07:18,2018-01-23 21:20:26,2018-01-24 20:24:26,2018-02-02 14:52:05,2018-02-15,81b8cf2a9fcf007493164ed578c25a92,2018-01-23
456ed1919e7baeb18f95d9c1ab8d2cca,125a2560ed26caa1aaa75eebd3f97be1,delivered,2018-04-01 10:01:52,2018-04-03 05:50:29,2018-04-05 22:49:31,2018-04-10 21:37:40,2018-04-18,c6b2942cded5b2da47e32cf285b6d8b5,2018-04-01
a5d9e405f08a2c4aa2e63301277b6761,300a497e422e43c63a4843dc07d23a69,delivered,2018-03-30 08:51:47,2018-04-03 05:10:23,2018-04-05 13:11:05,2018-04-12 13:52:54,2018-04-25,bf24ba47912fc9dd6741e750e9b4e4e2,2018-03-30
cde556d2719b7e857f50e3f235f0460a,0eed3ff172c60ed10c2c4eb3a08e29c4,delivered,2017-04-07 21:11:02,2017-04-07 21:25:13,2017-04-10 15:56:25,2017-04-27 06:06:42,2017-05-16,d18e5db8ac1d75ef705db46fac25e546,2017-04-07
ba874dd7cf834e16c5bbf9c2c1b4eee7,2c68daca346558266eee9bf9539b7f24,delivered,2018-02-21 10:40:03,2018-02-21 12:27:50,2018-02-22 23:18:52,2018-03-12 20:48:25,2018-03-15,bd795a106ed55c03d00a640dbb847dd4,2018-02-21
ace2f5e557f007a558a5ac18666e2a48,01fbee52c3fc5a8c9df089a6b48ec60e,delivered,2017-05-18 09:42:56,2017-05-18 09:55:18,2017-05-18 16:17:17,2017-05-26 10:03:38,2017-06-13,01cf555dad51551a56a1bdc9fbf2acd6,2017-05-18
167817eea845fe951cd38865b1494af5,403e3939144e4e8f0d0bece178186f2a,delivered,2017-06-13 16:45:26,2017-06-13 16:55:31,2017-06-19 15:44:54,2017-06-28 17:03:12,2017-07-04,63af55307fe5360d1005f03999b261e7,2017-06-13
9eac9f926b73a4aa5eb116a1ad3222e1,f52a8bf8dadbcf2ee789f899595e2984,delivered,2018-01-09 14:18:50,2018-01-09 14:29:49,2018-01-11 01:09:55,2018-01-11 14:10:12,2018-01-23,81337cee9ecd375f3595574b60193116,2018-01-09
e10b891b11ee700f47f7ce3284a25a17,a75d53fb0b1b6c0527f1b6c869f3e207,delivered,2018-06-13 18:55:43,2018-06-13 19:22:03,2018-06-14 14:39:00,2018-06-20 18:06:33,2018-07-04,695e5392a67e4d6a61aaf8bba9e964e4,2018-06-13
b5b79bbbc8693953906951dad6a55f07,9c26028ea7bbef31e19e4569b2fc95c2,delivered,2018-07-03 12:56:35,2018-07-05 16:31:11,2018-07-05 15:37:00,2018-07-09 23:04:42,2018-08-01,44e5c1f9d62cbdfb8b2f6cdb10589d93,2018-07-03
e6fbfeadc1ab2b90921179e56bbc6e3d,3b0bdac23bbb55e39e39ba7299887cff,delivered,2018-06-19 10:25:58,2018-06-19 10:55:51,2018-06-19 15:35:00,2018-06-20 21:52:23,2018-06-29,da4798f351ba9a815d9940ac9d63a3c7,2018-06-19
a74cc8a52f06a253c4da2c17bad5795b,4bcc37ebec377d9568249fe87c94f00f,delivered,2017-02-13 23:26:51,2017-02-13 23:35:17,2017-02-22 09:35:04,2017-02-24 16:42:44,2017-03-16,6f204ac2e1cfd115fb0d35f4aa919c7f,2017-02-13
b143da68f7399622e44dc8229e039413,19ca9a4d1dbb45addf4a02aca0c513ea,delivered,2018-02-13 21:30:54,2018-02-13 21:47:44,2018-02-14 23:55:07,2018-02-22 20:36:13,2018-03-07,90dc599d6d9fa309e000ac651f83ce7a,2018-02-13
d7aea8cc5c6d288a60d3cc1d0026bfcf,8083cba74c5a628eb084c96410daecca,delivered,2018-02-13 17:38:57,2018-02-13 17:55:31,2018-02-14 23:04:56,2018-02-26 19:44:57,2018-03-14,64064b697e0026fc48d730180463cae4,2018-02-13
bd599758fe3b11d9164b0d6038ae9826,fb6c50436f75e967df02f4f9ffe4475e,delivered,2018-01-31 06:07:54,2018-01-31 13:42:57,2018-02-02 01:40:56,2018-02-14 15:48:44,2018-02-23,cfc09f3945ba711241409ddc4e09c099,2018-01-31
4aa353cc7496d36dad27d939dfdfe59e,2a8da2a879305eff063b850d75415039,invoiced,2018-03-26 00:13:51,2018-03-26 00:30:29,,,2018-04-06,fa01fa662a8f7979f5ee6ea6a4e4c190,2018-03-26
43f65aac05e035a88e4479f89cf12ea5,5faa4eb65bc3e5199c572550c81bc7bd,delivered,2018-07-25 17:40:45,2018-07-27 02:15:21,2018-07-27 13:20:00,2018-08-01 23:41:55,2018-08-09,a78fe70bdc23cd53c7a1606a85adcfde,2018-07-25
4bbdafbc757c7f5a88e6fea3d982fe90,ed105972a723ac27381b28a30286e859,delivered,2018-08-09 16:16:21,2018-08-09 17:25:23,2018-08-10 14:19:00,2018-08-15 13:34:50,2018-08-23,17e5225da8b67384722afdde9284e7f7,2018-08-09
45522a6bce54dc165a36fb047fbdc12f,a2f1815ddf1ff479e2b3698ac4644b7d,delivered,2017-09-20 17:45:16,2017-09-20 18:05:55,2017-09-21 18:16:06,2017-09-25 20:32:33,2017-10-17,cfb3d9990f9b5b8dfdac45764fb0ccbb,2017-09-20
7c7730a9be0a2cd5d43285e6e53476d8,a7daba5883cf6ca3236db2b589f66391,delivered,2018-08-05 14:01:35,2018-08-05 14:15:13,2018-08-07 12:33:00,2018-08-10 18:21:29,2018-08-20,aa89a987e1e092c318fbdc4b0e3dcc44,2018-08-05
03c83b31dbc387f83f1b5579b53182fb,6d70d16ff8b3a0131e209b2bba542930,delivered,2018-01-06 16:00:58,2018-01-09 07:26:47,2018-01-09 23:38:51,2018-01-17 20:04:47,2018-02-06,44a744d964ed677fa34517db79feca6f,2018-01-06
c7a54ce7b7ea4ea4ef38fbcfd8dc7ddc,68fab7c6b16182d860c5e6fa35866350,delivered,2017-07-01 15:09:54,2017-07-01 15:23:58,2017-07-03 14:55:31,2017-07-05 14:58:02,2017-07-14,0b3e3a71aeb99ddc90bedd863b16b6f0,2017-07-01
9680ba40609bc32c996a447ba7564621,f687f0de29ec2bd67dc6505ff1fccaf7,delivered,2017-05-15 08:50:44,2017-05-16 03:42:25,2017-05-16 13:07:54,2017-05-22 07:17:46,2017-06-02,675b73004011c9f3b49fe9e1c2529fb4,2017-05-15
89ee90f89627e3f3d3fa700921a80197,c05cc5e49aaa8b52db646846fcbe6f99,delivered,2018-06-01 18:55:34,2018-06-01 19:12:59,2018-06-06 12:43:00,2018-06-18 15:42:00,2018-07-17,9c6ca46445d3adc4370d61d8c11dc432,2018-06-01
ed71f1a64302049b72e47ba345998b43,89898d84e6fc0dc4334bfa801e4d94ae,delivered,2018-05-17 17:57:47,2018-05-18 03:16:21,2018-05-18 13:23:00,2018-05-22 21:28:24,2018-06-05,1c95ae7e2f1459f8fe213a7e78f73677,2018-05-17
c9b2447b34e74d4e83900fb91dec3e56,688a891aab93b8694da514be412d8195,delivered,2017-03-22 17:10:13,2017-03-23 13:10:43,2017-03-27 13:17:20,2017-03-31 15:05:19,2017-04-10,6147f7d174935da52f68355c645bd9ce,2017-03-22
055eb7e5645d86bd278fc4f419622e8d,556960436775082c323282512ab48129,delivered,2017-01-26 13:14:02,2017-01-26 13:25:13,2017-01-26 15:02:28,2017-02-02 13:47:53,2017-03-02,a427a6c44aec3df75fbbf7da7ce3b178,2017-01-26
989cebf7c9ca6ad7ceb7afe72d6e823a,fdbc3573fba732fb20957598f0aef304,delivered,2017-12-12 08:32:25,2017-12-13 02:36:37,2017-12-13 20:20:11,2017-12-20 18:37:24,2018-01-05,3b78db1c0d6c91c6b8b58b61140f7a42,2017-12-12
3b1b1d0a19960310b9e033909f63f662,a6f2c1401d1b5fefa1dc617f02cb4a90,delivered,2018-06-11 19:56:03,2018-06-12 04:57:24,2018-06-13 14:31:00,2018-06-28 20:09:42,2018-06-20,e7909e484b15727f27b20a51b425e12a,2018-06-11
7faf8b9448b66f4a3ac98a312b3e7609,c0cc59cb5d494116de580acf7e6c46ac,delivered,2018-05-08 17:18:14,2018-05-08 17:35:18,2018-05-09 11:54:00,2018-05-15 17:05:57,2018-06-05,ef3210ff1b594a76939d1b3686e7fd02,2018-05-08
e7e4ea34d176d9efab560f0db16925fb,03c19066495ef91f92b31005d5c4cccc,unavailable,2017-11-30 06:57:07,2017-11-30 07:16:58,,,2017-12-18,646c00b19d9f4cc67be0cd6f026ba3ce,2017-11-30
d878a5313be350f1299ab46a1bed9254,1f5f2aee7b1bf7d63c11209b1b8aa8ad,delivered,2017-11-02 11:32:57,2017-11-02 11:50:28,2017-11-04 12:53:44,2017-11-13 21:32:58,2017-11-28,c1a6e1283669b13f25bd663ebdad7931,2017-11-02
d0b9352507407461f1092bd2fafa7df1,8669084c7710ae61d2516867a50453ca,delivered,2017-07-03 20:35:04,2017-07-03 20:50:15,2017-07-05 16:07:14,2017-07-10 17:28:02,2017-07-21,5d17ec8cf0f34ae40ed012857a434ecf,2017-07-03
4b61e59f2e1c4db048b4e39cd0dbf2e3,5853ca5df334f659f8219d69549c2b03,delivered,2017-04-02 16:55:52,2017-04-03 16:50:12,2017-04-12 10:43:11,2017-04-20 11:33:03,2017-04-28,47fc4c9e492b9f16113a0c22023ca552,2017-04-02
95eb75ec817b7c9813cb7c12c8f51651,0d5647ec14f0c80084521dbb4a1e5002,delivered,2018-04-10 18:08:46,2018-04-10 18:30:05,2018-04-11 22:58:39,2018-05-03 21:07:31,2018-05-09,a9b1b31bb2c31dfe97868856b824f2d1,2018-04-10
d8094f20356ae7f08b20de937ea31041,dd785c11787bd6e8afdabcbe3669d446,delivered,2018-02-23 13:21:11,2018-02-23 13:35:44,2018-02-28 12:49:52,2018-03-02 15:18:50,2018-03-09,b000a93678f45a9bdcdd53f33cc7465c,2018-02-23
9e9877690e22505a32b6bad98f4b2b84,ef63555196c6667a0312eceedb446e36,delivered,2018-02-23 11:02:29,2018-02-23 11:15:40,2018-02-23 23:58:39,2018-02-26 21:04:47,2018-03-09,5cfbd87de268dd512255660260034a25,2018-02-23
a761107c0b36cd3ce220300cfa7028f3,2f7feb441b711a5e45325a48fe830fbf,delivered,2017-06-08 23:36:28,2017-06-08 23:50:15,2017-06-09 17:13:16,2017-06-19 20:04:04,2017-07-04,47a72c0327c7e097a2c4bf6814059ebc,2017-06-08
0d5e83d654308d73e110119ef237b375,222d19075d00a1a10d67f05e0d4f8c52,delivered,2017-11-25 11:12:07,2017-11-25 11:34:16,2017-11-27 23:38:31,2017-12-07 20:58:28,2017-12-15,89d09fb65dd87eb5274637fa3b684a97,2017-11-25
d7e5a257b9a5df92d5c995c5aa052715,702b544f72905c5e25b73bb12fc5abf0,delivered,2017-11-30 08:59:36,2017-11-30 09:11:25,2017-12-04 19:13:42,2017-12-05 17:38:15,2017-12-18,f5a5fdba09df53572d4af41d3615dbb6,2017-11-30
6c9931ec5709dc11de12410eb483b101,61f5442f8fb04c29cee265dfd79e847d,delivered,2018-02-26 16:53:09,2018-02-26 17:15:38,2018-02-28 20:09:23,2018-03-06 14:12:15,2018-04-03,6c6be52c00ae58ae4088e322ac9618b5,2018-02-26
bad2c5064380acc11819dde0237b47a7,d0b60387af8a3663e436b9852694356d,delivered,2018-06-09 00:18:56,2018-06-09 00:38:07,2018-06-11 14:10:00,2018-06-22 19:18:43,2018-07-03,f14a94df58861cb1811f48b40271884e,2018-06-09
40c3b608098b72f21af4a0a9006af9d2,f7053eddb66314ab05cf2f344a75d04a,delivered,2018-08-07 17:35:53,2018-08-07 17:45:21,2018-08-08 13:29:00,2018-08-15 04:08:52,2018-08-23,b31aa93dac6498f90336874e4d17f3d6,2018-08-07
b47e99738e09a5fbc57553b59ad7380c,fba6db23e572d209de35c46a2173a0d1,delivered,2018-07-16 18:00:23,2018-07-17 17:55:23,2018-07-19 14:37:00,2018-07-25 15:04:43,2018-08-01,b7bb199970ab43f4a4117f80555b8e03,2018-07-16
2dfa3eb9e7a26639147be1d3dd5a26d9,8992c643e878271184337e74f6d8a3f5,delivered,2017-05-08 13:52:57,2017-05-09 09:45:31,2017-05-09 12:23:04,2017-05-19 12:06:15,2017-05-31,34fa92afa2fe4624e2476d6d5ff4390e,2017-05-08
25d25cce0abe624c6ab42ad5e9e30820,cee5c1dce0adf15fe53d40081b568e87,delivered,2018-04-23 12:00:01,2018-04-24 19:17:26,2018-04-25 13:48:00,2018-04-27 00:28:31,2018-05-10,93b99aaa322b6f275fad111304dd29af,2018-04-23
c6c2b773220a3f75195832ac098af194,49658117b256d5f59316507693ffefc5,delivered,2017-11-24 08:51:15,2017-11-24 09:50:50,2017-11-28 20:42:14,2017-12-13 21:56:53,2017-12-20,4a3e51cfe7e01f71e3d175c6d0b911d4,2017-11-24
6436250baf46915dc740c392fcfc5c1b,99879d2e61034d3570e235ef4b97eefc,delivered,2018-08-21 09:42:29,2018-08-22 04:04:23,2018-08-22 15:18:00,2018-08-27 20:24:48,2018-09-03,d3d827f92fa636fae175a377cc29bb98,2018-08-21
346877875d20544eabe59cabc447179d,d8a0870d1282d378d5fb996108b7e746,delivered,2017-06-11 18:57:04,2017-06-11 19:10:19,2017-06-22 09:22:02,2017-06-26 14:48:01,2017-07-07,d6bbfbf9c54778eac53cf601081d40f6,2017-06-11
30a75160cb7835cf044e45a5ad7abf0a,ff761bcce41a296b30dd9f9cba4c9761,delivered,2018-08-13 00:32:51,2018-08-13 00:45:12,2018-08-13 15:26:00,2018-08-22 23:10:37,2018-08-29,a2d76872f0dca68506fa8a6653bfbe81,2018-08-13
d1f33b61660ded36d0c00f6094a1de7d,22906114cf2407267e7fd374e742df4d,delivered,2017-11-15 11:26:51,2017-11-17 04:10:23,2017-11-24 22:19:13,2017-11-28 21:54:50,2017-12-04,0a9d4f38c3d7205716db907be3a06491,2017-11-15
5b9b46528e4b091b07263899854f79f2,0471cc0884591a4029e0c0508511cee4,delivered,2018-07-07 14:28:19,2018-07-10 04:30:08,2018-07-12 08:27:00,2018-07-20 18:51:57,2018-07-25,7cd938778523097d6e7a2a2c7e5707e2,2018-07-07
0ee83875134e649fc7cc3b867c337bee,21de4bff259cbc328939e58e82f6157e,delivered,2018-03-08 23:18:44,2018-03-10 03:35:39,2018-03-13 16:18:53,2018-04-11 20:32:31,2018-04-03,8e2431146b616bb7e7c488e2624f1898,2018-03-08
8a80978cd2fc29ccd46166aed7c3be81,012c207234cf4e33fd21cc9bbcb2d1a3,delivered,2018-04-12 14:42:02,2018-04-12 15:30:49,2018-04-14 00:13:27,2018-04-16 21:12:29,2018-04-24,597d4977a08cb545d03b78f118ef0a08,2018-04-12
ba0db9f92aa949903a0bc955770e27fc,a5899cb7400d6a3d6a0348d42c86adc6,delivered,2018-05-03 22:47:37,2018-05-03 23:10:54,2018-05-05 08:35:00,2018-06-01 14:52:21,2018-05-29,35414f00d539b093f6427832e51d7cea,2018-05-03
cff56b4b6ab1de09fcdd6f4efa0a0fc0,1e6e86c36785c218182b1725886d9dda,delivered,2018-02-22 12:40:52,2018-02-22 12:50:29,2018-02-28 01:27:04,2018-03-08 15:47:30,2018-04-19,cc94273bfa2941116d5ee1cc8707c7d4,2018-02-22
bf605ab91479a9fb68eadab4406c8064,5d261411439a7a651db830bf3f859e6a,delivered,2018-07-25 13:43:21,2018-07-25 13:55:18,2018-07-26 09:31:00,2018-07-30 21:56:27,2018-08-08,1c5b30f7336c8f25b895cdc0b5a942f2,2018-07-25
abe2f022d042c0fddb08e982796d37dc,0b9b76c2e963026cc36a78e2df24c913,delivered,2018-01-22 21:00:52,2018-01-24 10:57:17,2018-01-25 21:56:52,2018-02-05 20:03:47,2018-02-26,0e0c8baf068d1c8c634f2a2aba06c1b7,2018-01-22
034fe9142b806fe19c1cbc1c752ab08d,9805ae32c145edf1ad0e8d8ab5e8fd8e,delivered,2018-04-28 14:44:05,2018-04-28 14:55:20,2018-05-02 09:23:00,2018-05-11 23:56:37,2018-05-18,15bfb86101ff330333ec4d68ae7c96c9,2018-04-28
77c43b0d85b0e24c2971c19123249abb,415f71c07906c1b7eb334849f352b5a4,delivered,2017-08-29 09:32:18,2017-08-30 02:10:18,2017-08-30 19:52:37,2017-09-06 22:49:47,2017-09-22,d522cf570090c2686fbda1a057f2052b,2017-08-29
c62b78b3cfa029c72cee31aa8280c9cf,6e0874cf7b20ed54534e66a37417aa52,delivered,2017-11-24 22:37:34,2017-11-25 01:34:05,2017-12-06 17:08:41,2017-12-18 18:27:00,2017-12-18,88d083c794a4e721f296f8423e68821f,2017-11-24
210c564437a3ed150b4ac174eb4282fa,62c9bb5ecd888b1b131f6043dce494c9,delivered,2017-07-25 21:16:30,2017-07-25 21:25:10,2017-07-27 17:46:01,2017-07-28 16:03:05,2017-08-10,2f82eaf909f9d07081cb6a23f1108508,2017-07-25
0a2820ea58a627b97ba956f38567cae8,86242b64468c9c6370a38afab37a986a,delivered,2018-08-02 16:28:08,2018-08-03 02:35:21,2018-08-14 12:56:00,2018-08-17 14:21:50,2018-08-22,9c8cd7e1a0a0224f2846f8766eb1c6ee,2018-08-02
045339fcba21e00a00a822ca77f55c0c,449da65ae37585389a511977df7c0cbc,delivered,2017-02-23 23:52:51,2017-02-25 02:25:21,2017-03-02 12:58:45,2017-03-03 12:54:54,2017-03-20,b3c8fb9d85695ebf6d9b1c1fe8a1fbd1,2017-02-23
2542b194855edd1820173c2f2cf22e9c,22b1e52ebdb7c825e37f73f392a33f95,delivered,2018-06-09 10:20:54,2018-06-12 04:35:56,2018-06-14 06:03:00,2018-06-29 15:44:36,2018-07-18,9166bc1aa34c5995054229189ec9a67e,2018-06-09
ca678dfb992f431c958f265bd819a284,e76ce848d5e780ad93ccf51139a92b61,delivered,2017-11-15 14:01:27,2017-11-15 14:15:26,2017-11-16 16:22:15,2017-11-24 21:27:38,2017-12-05,7927da639d279fb0be2d00ca2872f9c6,2017-11-15
1edc1b84ccb3322ee9f3c206a12c17ce,64442a75bdbdbf3986d94b901539bcf5,delivered,2018-07-20 06:28:21,2018-07-20 06:35:11,2018-07-25 11:59:00,2018-07-26 20:32:56,2018-08-02,aaaeb3040c346c01293d5cb509c06584,2018-07-20
626c03cf0cb3efae944d6ac6c75c4a10,17fa8ca4be9ab320869bbb7b3a63dce9,delivered,2018-05-16 14:42:26,2018-05-16 15:18:13,2018-05-17 15:27:00,2018-05-21 22:08:31,2018-06-14,79f31ce24d54189dea16a41412066f5c,2018-05-16
2ac42594eaf273ef34edd063db0ebdac,277fa8f202308757afb3cb05f8dcefe2,delivered,2017-04-05 09:32:45,2017-04-05 09:45:14,2017-04-05 14:14:20,2017-04-12 07:17:39,2017-04-28,4c3d7c795e54bfc51490659b9eb8113b,2017-04-05
a63aa46986e22405b645515c2234cfb6,9e118d261fe9e701b601f89e216b7d18,delivered,2017-05-16 20:42:43,2017-05-16 20:55:18,2017-05-18 14:18:36,2017-05-25 08:39:53,2017-06-16,ace259aed18f4a7887e030f630565460,2017-05-16
b924118c3a34d6bc9287362a7dc8fbc6,34438889b551b701f2b8479aefa43c71,delivered,2017-03-17 17:48:30,2017-03-17 17:48:30,2017-03-20 09:41:41,2017-03-23 15:03:56,2017-04-07,4af9d92576710a7d35603adfdff67acf,2017-03-17
62e32bcad390a6d5236b810ab2034edd,8160d3ae86542d2fdab50e4268f6dfe3,delivered,2017-11-14 20:09:30,2017-11-14 20:26:43,2017-11-16 15:32:24,2017-11-27 18:42:02,2017-12-07,1abedf3d22775d44cf900b8241aec733,2017-11-14
c68238de61060d57747e4a429c573902,946c117a09139194a84e03319d70d999,delivered,2017-11-27 15:53:04,2017-11-27 16:10:51,2017-12-05 15:32:09,2017-12-19 20:17:02,2017-12-19,841bcd01c92230235231c7d75d93d413,2017-11-27
79e339edd187057a60d7cbe59df7526f,6746ee7b44577373241b9a9d933cbea6,delivered,2018-08-14 19:59:07,2018-08-15 19:50:24,2018-08-16 14:08:00,2018-08-23 01:27:43,2018-08-24,173ad75d7ffd8702409e735638343ff7,2018-08-14
34e2ac82143f77aa3935cc47dbfae4d5,e7afad7eee0a8e1b39be113fb5e096d6,delivered,2018-05-17 19:42:44,2018-05-18 01:35:34,2018-05-18 14:08:00,2018-06-01 19:16:23,2018-06-06,f40d99d7876a0089f5b091e010ae5225,2018-05-17
9cdcfc512d810430e601a06d02c4548b,d2a307d92e456ada14150c970f469652,delivered,2017-08-23 11:00:34,2017-08-23 11:10:22,2017-08-23 20:56:36,2017-08-24 15:43:58,2017-09-05,1797b7958a71232a53146cf65c45362f,2017-08-23
3308880e8f58b1d2c21bd5b1bf64aad4,42771edf61eb1cc704e5852fb21078d5,delivered,2018-06-04 23:42:21,2018-06-04 23:50:23,2018-06-07 14:41:00,2018-06-18 18:34:42,2018-07-19,2c4000fbffd931c5f7c57f5870d72bf9,2018-06-04
2a3841214d240e56b99cea5d97c48a5a,e8bda9ead400aa0a8f897ad77931f94b,delivered,2018-01-07 13:52:17,2018-01-07 14:07:01,2018-01-09 16:08:08,2018-01-20 03:19:46,2018-02-07,f64d1d687126db288452aef6b25aad93,2018-01-07
d98de0b93af438f10055817e0f93787c,3aab22a2d4ac62420a0c388cc64a496b,delivered,2018-02-14 16:12:49,2018-02-15 03:51:03,2018-02-16 00:39:01,2018-02-24 00:49:27,2018-03-08,ed3ccd3f89734e938f656d7944255a98,2018-02-14
c77105bc2b21c4087653efcc5bf74aaf,dc981efb97ab99cbc501010f754fbddb,delivered,2017-09-10 18:57:05,2017-09-10 19:10:18,2017-09-12 17:47:35,2017-09-25 19:39:41,2017-10-17,54b6e349b7686b54f8f871f0bb7a3c66,2017-09-10
4a6f0a7bedd3542b8dc4900bf2a2b2ae,12b24ddf53996d91d74fd610fd1d5da0,delivered,2017-10-29 17:51:22,2017-10-29 18:05:43,2017-10-31 13:12:30,2017-11-06 21:08:46,2017-11-21,1dc28dc99fc168f6bfff6741319297ff,2017-10-29
95b518c08a9d26012920ffdd7d6dfc1f,8a2b13049075e1680d412c3af9618dee,delivered,2017-11-28 14:06:10,2017-11-28 14:20:07,2017-11-30 01:49:24,2017-12-14 15:48:58,2017-12-18,e43220d43b51cf9c929f0dd1b96271e3,2017-11-28
3a8d1da60e589d438a1517f54f3e5f9e,5396e1bd9b76a93072f7d3317fd11af5,delivered,2018-01-14 12:49:04,2018-01-14 12:57:24,2018-01-18 21:26:22,2018-02-17 00:59:07,2018-02-09,61e8477f0a5c2274dd03c4a11f27d7c3,2018-01-14
3359d2d84d5a8f9b5f53c65f926c5ec1,d80cf26503d6c62c4f520e54a88f713b,delivered,2018-02-12 18:26:59,2018-02-12 18:35:31,2018-02-17 01:04:09,2018-03-21 12:11:55,2018-03-15,98d557ca7b00a077f04a9fd41cbd9863,2018-02-12
90eb7899e0ba01c27fc128e31e0c872e,8fe12987222716b7f2cacc4bf4b3d367,delivered,2018-08-06 11:54:06,2018-08-06 12:05:14,2018-08-06 14:57:00,2018-08-13 14:51:49,2018-08-14,d6a98d2b4573b590c6a1696e37c3648a,2018-08-06
cfc77d77eddda18d8d9eca3140e2fc6b,29e7c4e7a698937d2b7ebcaaee702c47,delivered,2017-11-25 10:27:31,2017-11-25 10:35:34,2017-11-27 14:53:36,2017-12-19 20:58:57,2017-12-29,041eaf07c71e1d56b489dff63a270e6a,2017-11-25
80271f9179f6d8df256f964fc2cc1c6a,fdbfa1944122bb284a279fbc1030a143,delivered,2018-06-16 01:10:28,2018-06-17 01:17:13,2018-06-18 14:13:00,2018-07-01 13:27:54,2018-07-20,738ffcf1017b584e9d2684b36e07469c,2018-06-16
6d0d1b394c3e9a042ef3fba7cb0968f5,aa9e932c3d1660b8c81518c6255ad08f,delivered,2017-12-15 19:32:53,2017-12-15 19:51:41,2017-12-18 23:59:05,2017-12-23 17:12:41,2018-01-10,b2a1bcfdb5ec2f3a1d70814dd1247e76,2017-12-15
3e10dede8b18c0d08dde472a87faeed1,8e01d183e8e9f678a3c2df1b42dfd22c,delivered,2018-06-22 10:42:46,2018-06-22 18:16:01,2018-06-25 14:45:00,2018-06-29 14:21:57,2018-07-19,8734b412eef4d941fc4a40a22b985071,2018-06-22
ce6f7cfee3b870cc82e566f67a88a00f,b789deb8459b49aecafbeefb36fd51c0,delivered,2017-10-16 11:50:55,2017-10-16 12:11:30,2017-10-20 14:42:57,2017-10-31 20:28:50,2017-11-09,d9d752c5f0ef353de5bfae82ac0db2b3,2017-10-16
e17520d47c20264779c7c12601388aba,9a356286cc68f7fbe87599a35240bf51,delivered,2017-04-14 18:37:14,2017-04-14 18:45:09,2017-04-17 15:10:49,2017-05-02 16:08:57,2017-05-25,78f77a64681cabfc64e02f7fa841de37,2017-04-14
50cfface6cf1a49abc9e3aeb6f13d995,e7b1f02127057dc98b5871162ee066fb,delivered,2017-08-21 10:30:19,2017-08-21 11:04:38,2017-08-22 18:33:51,2017-08-29 17:34:14,2017-09-11,5daad350efffb640b3c25a64ef07473a,2017-08-21
02346fd715e28d8e4fdb6893cd121f71,ccd330b2a68b43ccc7456bd7b62e679f,delivered,2017-11-08 21:08:02,2017-11-08 21:26:31,2017-11-09 23:07:47,2017-11-22 20:11:44,2017-11-28,4e43a8dc4b83f80e615beed495cd2229,2017-11-08
086e718f4bcff72026c18edaf8d572c5,4256db9a88d6440ca48c9d0c4f022195,delivered,2017-09-05 21:50:25,2017-09-05 22:05:16,2017-09-06 21:37:30,2017-09-12 20:27:20,2017-09-26,0f8389298d279aa1783f5704e6dfc39b,2017-09-05
78d34f6fb322f5b7ad7d165edf5f7b84,5705c08c1d64ad1509507a9b761e8d41,delivered,2018-02-10 23:15:47,2018-02-11 00:15:29,2018-02-28 20:26:36,2018-03-27 17:56:44,2018-03-21,09ef6a116e986d64b4c640461503fe0f,2018-02-10
25f606824a2b8532c1d6a6d38f501b02,733ce8edf1b05d580ba4fe944d5fc493,delivered,2018-07-23 17:18:12,2018-07-24 08:31:37,2018-07-24 14:52:00,2018-07-31 01:06:41,2018-08-07,9c5fc254e0b7e291be53e847dac81d25,2018-07-23
d1fe1d87c3f8a425c2054ac158ab12e1,9aa4913d61cd634857a30749307f4976,delivered,2018-06-01 12:27:56,2018-06-01 12:52:04,2018-06-07 12:57:00,2018-06-14 13:32:49,2018-07-18,aafcddd4f1e7276191219b5418654b80,2018-06-01
d2cb9a0941fffbf27dbeb82cb90bb0c2,a2471a2448788a74d02c97d1fcadf311,delivered,2018-04-19 16:04:10,2018-04-19 16:28:57,2018-04-20 18:07:45,2018-04-23 23:05:46,2018-05-08,f6c74b255dacb02c244fe2947c6a3620,2018-04-19
dd7e0efbe1cde6192eff0ea57a7b2888,60a0d861a188676b4415c2b9b0c60c94,delivered,2017-08-01 13:29:51,2017-08-01 13:45:19,2017-08-01 21:27:24,2017-08-09 17:33:32,2017-09-11,2d7c6bd64b139f0f40968dd19c629532,2017-08-01
275c954b14ae960e2f512856c198c8fb,055646e9a1d0e5ee1dbaf2f67d30a5aa,delivered,2017-07-18 09:06:50,2017-07-18 09:23:44,2017-07-18 19:07:28,2017-08-02 18:07:05,2017-08-09,b77dd405fa333bef432fd3b269566ebd,2017-07-18
3d1b89c754a150dde1beea6f7577dcd4,f99684a99ddba95d0001baacd090d83a,delivered,2018-03-30 13:45:09,2018-03-30 22:55:18,2018-04-02 19:18:35,2018-05-12 15:48:40,2018-05-04,eb497e4dc1752362bc0d1fd1fa0f7a65,2018-03-30
82e7b31d30a79ed1b15ef4949fbf6358,b06f1a52a5e7b02b1981027d77ff903d,delivered,2018-06-07 17:08:07,2018-06-07 17:37:19,2018-06-08 13:48:00,2018-06-15 21:14:41,2018-07-03,0b49bcd246aa9725adb7ea86e4fa0ff5,2018-06-07
def5b47a9585ea67e7bd9e1a6aea217d,d9c9ef12b7f434d895353bc7c362f8b7,delivered,2017-06-18 12:43:32,2017-06-18 12:55:21,2017-06-19 13:19:29,2017-06-29 12:43:59,2017-07-13,2567fd8855dc8ce8ead37c8131414ddc,2017-06-18
472e24b86f260b32d88c77ddc166659c,bf3ce642700f48af4eac23622e9ca327,delivered,2017-08-11 17:08:43,2017-08-11 17:25:18,2017-08-14 18:44:42,2017-08-16 15:24:41,2017-08-31,714734aa97dfc3344edec798c6be7083,2017-08-11
e48aa0d2dcec3a2e87348811bcfdf22b,840be0730010e9580efd289bc9f37706,delivered,2017-06-30 15:38:46,2017-06-30 15:50:17,2017-07-03 16:22:53,2017-07-15 12:57:24,2017-08-03,dcd4940b3f96a3e2b73d8f73387230cf,2017-06-30
9827e4903ee46ce7cb6f926533a82abc,fae1f4f32e8b79e0701708c0b6bcb086,delivered,2018-03-14 20:45:08,2018-03-14 20:55:51,2018-03-16 00:04:32,2018-03-23 21:48:37,2018-04-02,bdbc3238ae12ff1aab4853dbcbc2241c,2018-03-14
41e4e97a46cf14b6cfef187c00668efd,1b04b941356cd2e418dbbab1a0a33348,delivered,2017-05-06 17:08:07,2017-05-06 17:22:01,2017-05-09 15:38:03,2017-05-18 14:52:11,2017-06-02,f04c6fdfe7c65f3cb98dbf04ad990e8f,2017-05-06
249907441e345229204263360b34edd7,bd62bba085969a4d4f30193edd7d27ba,delivered,2018-08-06 18:41:26,2018-08-06 18:50:19,2018-08-09 13:11:00,2018-08-11 10:34:40,2018-08-13,8026ec946c27bc09c707cbeedc0ab774,2018-08-06
a341bd212253532f9af16db8dd47df85,6b682c8ec4f6c61781f63530b2b3e480,delivered,2017-11-24 21:27:22,2017-11-25 00:22:09,2017-11-28 17:11:24,2017-12-04 14:53:43,2017-12-14,74c48bbb0e3c3f89d806a7f904b4925c,2017-11-24
e4b86afb67e591d71050d108a2672dbb,aa5de1c726fedb2c495cea4ead03d6d8,delivered,2017-09-20 07:40:23,2017-09-21 02:50:39,2017-10-13 19:19:04,2017-10-19 16:10:15,2017-10-18,58fa34abc52091cc799e2328c667a3bc,2017-09-20
609fffa13438b14471bd24446e84bf3d,3fbd80ccaa4a4502a4f7f95f4ec5bae2,delivered,2018-01-23 15:25:51,2018-01-25 02:58:18,2018-02-01 00:42:59,2018-02-08 20:05:09,2018-02-20,6d0e638f1cadd55e26feb77452de1201,2018-01-23
9ae00b090b685955827797fede111392,54716c2e6afa19ff56c1bdd26a3a220c,delivered,2017-07-06 11:32:00,2017-07-08 03:30:25,2017-07-12 19:36:32,2017-08-09 19:38:00,2017-08-07,cb7fae64e0a2aa0cb77e3ab95bc7be1c,2017-07-06
2ad4df0af7a71d632dccc0129bee3268,915ce1e45a3b10fb61f5d32924bdb7f6,canceled,2018-07-30 12:04:19,2018-07-30 18:31:05,,,2018-08-02,c2a5eec54c809c66e868cd63099ce3d5,2018-07-30
02e4a3c7ec652c4ab1077763215580cf,bb94a3b74ba3365158625e1dd55f6642,delivered,2018-03-19 17:22:02,2018-03-20 03:10:41,2018-03-20 17:25:32,2018-03-24 14:49:40,2018-03-29,163b85375071c14d070fec2d38655417,2018-03-19
eafa8d4e308b96e9574b09d9441d4898,bc34df797b45ed606616fc478530bfe9,delivered,2018-03-27 10:56:29,2018-03-27 11:10:25,2018-03-28 18:52:38,2018-03-29 20:02:31,2018-04-09,cf06e2f65e39481b5cdec043167e9ef0,2018-03-27
b175558ffd938e94b83e3837637604fb,39b0cdba89a7af6e2fbd09107e21a69a,delivered,2018-06-28 16:44:46,2018-06-28 17:11:53,2018-07-03 16:52:00,2018-07-04 15:24:58,2018-07-12,855b8c3196705a9f1d8b459103d7f97c,2018-06-28
82700234d97d430ee6c36d8978df2b0c,dd584935fbcc4e65dcd21ad035577f59,delivered,2017-12-11 19:39:48,2017-12-11 19:50:16,2017-12-12 22:42:42,2017-12-19 20:04:48,2018-01-09,817e5716f6422034866ebf8ca98df738,2017-12-11
caa7dcd7507e6cdcd45f7ba5d29383a9,f0c4cf2871af286218d5974deb6ade31,delivered,2017-10-23 13:57:25,2017-10-24 03:14:51,2017-11-01 17:53:47,2017-11-06 22:44:49,2017-11-14,42f135a00af80ade6102731efbc0703e,2017-10-23
78e88d02ee1ac4ba21f3532778067d67,83dd9f89476783bf7cc9f1f3eb07a5c5,delivered,2017-09-30 14:55:46,2017-09-30 15:07:17,2017-10-02 20:50:00,2017-10-05 17:06:19,2017-10-25,265fc51793e4522a2b46c2c6a088cb69,2017-09-30
8e084e8efad16f27d7f26e71af985ce2,bd3d0f3d1788cdcc21aa86f223d60b7b,delivered,2018-03-07 22:11:46,2018-03-07 22:28:33,2018-03-08 16:38:48,2018-04-12 16:03:37,2018-04-03,79f227df52caf2b68d36e990ff3fc652,2018-03-07
1ca238d5d47be7f4da4d8d22f33ed7ca,bf57e3659efaa70a4a20f40a78618259,delivered,2017-03-09 23:42:58,2017-03-09 23:42:58,2017-03-13 09:31:17,2017-03-16 11:39:04,2017-04-04,b2b9d8df6bf7845fd234b7ebabdff6c3,2017-03-09
f15b71255e897ae70dac621e18ebea09,25908700aed5d5339aee809a5c3406cf,delivered,2018-05-18 18:52:53,2018-05-22 08:56:53,2018-05-22 14:31:00,2018-06-04 21:16:48,2018-06-07,3800b1b4b7cce8d8ac9fc1ed9a521baa,2018-05-18
dd860e84c8713ccc97a6a06c693db178,8e078e0f84bab49084437ab6547150a0,delivered,2018-02-15 15:15:53,2018-02-16 16:15:27,2018-02-22 01:33:08,2018-03-01 02:10:19,2018-03-07,6125ee365ad22bd4af14546f8135c49d,2018-02-15
226209d53af16a012bd3c8c7c6a9ca53,a370bc9343e57e0b8fd82158ed512527,delivered,2018-02-21 14:52:00,2018-02-21 15:09:48,2018-02-23 16:57:58,2018-03-06 17:58:52,2018-03-15,af5e96f87b999e4aa78d79ed632f9928,2018-02-21
e5be01fc8670f32ae3555c7e35f89086,a6eb4134864cb28ccc4b0436273f37f5,delivered,2018-03-05 22:32:29,2018-03-07 02:15:53,2018-03-07 23:33:52,2018-03-14 17:36:38,2018-03-23,aa85718ac16de860638fec54c25ed38c,2018-03-05
c972da56dd3849df6cfb9e1322aee6b5,906cf240823209f74c44d6b0663309a8,delivered,2017-04-24 13:52:47,2017-04-24 14:02:36,2017-04-25 10:17:24,2017-04-27 13:17:46,2017-05-23,585571803ee0d17edb94bdf3569db9cd,2017-04-24
d3293a23682de796b404af990fe62f6c,a1db13809daa40c7510f1f1a768177e6,delivered,2018-06-11 15:43:54,2018-06-11 16:19:51,2018-06-12 14:10:00,2018-06-14 16:34:49,2018-07-03,0561577fae5ac90dc55e6ec7755f4823,2018-06-11
cb3de7d61844179c7014160319550eb1,c37af5e52d8902c5d49bad01276df157,delivered,2017-07-08 17:50:13,2017-07-08 18:03:01,2017-07-14 18:56:00,2017-07-18 17:33:57,2017-07-28,ae92cdf74cb350e23f5630d830a7fc53,2017-07-08
80897d5d4e8f07edd515daa585302e6b,1df202848b9d575c667c29519f38249e,delivered,2017-04-11 10:31:19,2017-04-11 10:42:30,2017-04-17 08:57:48,2017-05-10 06:42:16,2017-05-03,dd9e701f807522b3c310158b8847d5f5,2017-04-11
a1cfeb76f1be888dfc371fbd47344141,84c1e244210abd1d243e91105a009092,delivered,2017-06-27 17:37:49,2017-06-27 17:55:07,2017-06-28 18:22:08,2017-07-05 16:37:24,2017-07-20,2d374441c943a978b5d4de179fbc5df5,2017-06-27
68b12ff83359aac4ddb4bcf1244b3a66,4be7a641296e9a4e87db08248257f4ef,delivered,2017-12-06 19:28:08,2017-12-08 02:34:32,2017-12-08 20:29:50,2017-12-18 18:19:50,2017-12-29,5e03021aad6752d847889591da50ce92,2017-12-06
6e57a0a9be49f002ca81bd94ec9b7021,a623f9c1f640ca6742364b726e5efda5,delivered,2018-05-02 12:35:16,2018-05-03 03:52:54,2018-05-03 13:17:00,2018-05-04 17:08:39,2018-05-16,d4129cddc2babfee6e14d81e2317d7ae,2018-05-02
d4fae577806d683110e00e18a5e181be,49a6ae8a95c6a78d90945b983ab1ecfc,delivered,2018-08-28 19:32:05,2018-08-29 03:15:36,2018-08-29 13:00:00,2018-08-30 18:32:36,2018-09-12,fb7e29c65321441231990afc201c1b14,2018-08-28
1d843e22f87fd9181266898d32d23a63,6c91f1e3cc40a0130c3fd142c8de7599,delivered,2018-08-03 15:53:52,2018-08-03 16:05:15,2018-08-06 10:57:00,2018-08-13 23:36:23,2018-08-17,08f0052dbc1e62a5a37b52e508f4e3a3,2018-08-03
d209d8b7e741f8ce447b0173e579e3a4,d3ab15f0bd2c58865d566ab645572cd5,delivered,2018-02-01 19:34:28,2018-02-01 19:45:25,2018-02-05 13:53:06,2018-02-06 19:03:16,2018-02-20,9ccfff93c79f3dd996cce15f26480c5b,2018-02-01
8ac2a7536043523a10fb4d60487a7a4f,7b078f45ddc9d732593d82b727733a56,delivered,2018-06-22 13:40:12,2018-06-26 04:58:48,2018-06-26 15:16:00,2018-06-28 17:04:07,2018-07-05,cbb5a275793c356886e6e74c0197cfff,2018-06-22
5c49c7a9a71e35af48a66550203bde95,d2111f30f2a2b44bf80aef23b2b39641,delivered,2018-02-07 01:42:57,2018-02-07 01:55:39,2018-02-14 22:32:38,2018-03-02 19:33:45,2018-03-15,2ec8ac65d48e7bd9b09a2f66971246f9,2018-02-07
e42bf7067f681fd8fae881e02681808a,019874e4746e94aecaaa9494661b9f26,delivered,2017-10-03 19:02:17,2017-10-05 02:56:37,2017-10-11 21:12:57,2017-10-18 22:13:44,2017-11-01,6b90870791b88e4300c3e15816b18660,2017-10-03
6317c6fb9c91943963e275a6cbe1867b,76cd2cf08209594cbb2241ecde557871,delivered,2017-05-29 00:35:46,2017-05-29 01:10:19,2017-05-30 07:12:20,2017-06-05 16:22:54,2017-06-19,665806ef5f79740fedbc6f8be0d79ca2,2017-05-29
68e04d66b10f8b3ce33634655717a23a,6e591b7c64abcf19e76a7e059df5e409,delivered,2018-08-05 22:20:02,2018-08-07 04:45:23,2018-08-13 14:42:00,2018-08-16 17:27:50,2018-08-27,ae07f4e9a6fb72809102119f12da5221,2018-08-05
9270e213f22a5c0c65322feea6979af1,0d254ca5e31c93f075a64202bb785bd9,delivered,2018-08-13 13:16:34,2018-08-13 13:25:14,2018-08-16 08:23:00,2018-08-23 20:12:00,2018-09-03,ca7e72cf5f23b5400bf974e750f80964,2018-08-13
ea677a4ea5963b5e28cab998b15f69a7,4684221e1368a6ff329a4d7a6262a974,delivered,2017-11-13 09:27:02,2017-11-13 09:45:30,2017-11-14 19:48:38,2017-11-16 23:11:44,2017-11-27,1a9e2569c5a6ab5e906044c5994e5609,2017-11-13
b8dc70a6cd6d0673592fae22d170ea14,9c9c804a8e2c77375f87427dcbbd54af,delivered,2017-10-12 18:33:39,2017-10-14 10:05:58,2017-10-17 18:33:08,2017-10-25 20:00:08,2017-11-01,59d43f2f6fa08886cc415d4ba09dfbd8,2017-10-12
a546163c0115aaba54fda7298ac1d55b,4de812ca768d64e8f506155ee771cf4d,delivered,2018-03-19 10:40:54,2018-03-19 11:30:53,2018-03-19 22:52:24,2018-04-06 21:17:53,2018-04-06,475d4eb16efe698064c2966acd62584c,2018-03-19
f8dcf163964a98422b218dd41bd47a7a,5a9e4bc91585c83d0c13d079969094d5,delivered,2018-06-11 01:11:02,2018-06-11 01:38:27,2018-06-11 15:23:00,2018-06-16 11:52:41,2018-07-12,c90cfeb9d99b264775054e72dc4a615f,2018-06-11
a971cf0a515e6051941bd05ff3efc0d7,3822955d34156d07b88be9848edfd7e9,delivered,2018-08-02 18:14:03,2018-08-02 18:25:21,2018-08-03 14:31:00,2018-08-14 22:21:25,2018-08-27,fbf136c0e5ffdcadcc5f66139e3ed394,2018-08-02
bf57d88907afc221e0eeb3e12da03657,9a1560da89cf53aec2d573c286ba6957,delivered,2017-10-12 14:26:39,2017-10-12 14:36:31,2017-10-13 19:58:21,2017-10-26 22:42:40,2017-11-08,ad7072317d373de9bdc9b4ed5b6c5a85,2017-10-12
80d272bb80e9d81f0868fae8f7848081,fb33f8dc7bae67cedd3ac477a5675073,delivered,2017-11-25 16:00:20,2017-11-25 16:14:21,2017-12-11 23:28:47,2018-01-16 22:45:32,2017-12-28,eaa192a5c3ec1fe7b69598646621fe63,2017-11-25
222078339afa2788819420928e8b859c,ede477621ede321053765e5e58995ffb,delivered,2017-07-19 10:09:56,2017-07-20 02:25:47,2017-07-20 17:32:46,2017-08-11 18:12:29,2017-08-10,9b7d9553275a448bb1f726ae6c626ca1,2017-07-19
a73fadc2e44ce205de32f57d09235dbe,d4c9253f4a3f34a91e56ad5987c53f3a,delivered,2018-06-06 16:37:14,2018-06-06 16:55:38,2018-06-07 15:10:00,2018-06-14 18:58:46,2018-07-17,89c1b61ae53e02f1e2f6cc2a62612778,2018-06-06
151e44f3dd461fe0838b6f59f884749f,4874fe3c17665962a71cdcdf3f9cd9a0,unavailable,2018-02-22 16:06:11,2018-02-24 02:55:40,,,2018-03-19,76c97e01b5a2a58b8456c4db49bd988b,2018-02-22
793f9670ca25108c2c61df46aa519b7a,5527ce198c1f8d62fa933a35526de28a,delivered,2017-06-01 09:53:44,2017-06-01 10:05:25,2017-06-07 13:28:40,2017-06-13 16:34:02,2017-07-03,b8769d6ad66678b5d236646fe950ec58,2017-06-01
27d95e0beb662ced7cf7378fd8544584,aec5a26b1530094ee5ce6b2a439cd3f4,delivered,2017-10-20 14:21:12,2017-10-21 03:05:48,2017-10-25 22:53:37,2017-11-07 16:04:54,2017-11-22,8bf7a2df6dcb6e957a853072328099a1,2017-10-20
e34d7ca05296d868e693409be6a45d54,fd4ba42ec49ea739830e0e63f147151f,delivered,2018-07-06 20:49:46,2018-07-06 21:10:56,2018-07-10 07:37:00,2018-07-16 14:33:17,2018-07-30,1eff2e64257e7d20b58bb7de13f000b4,2018-07-06
7f8627b25121727150b46207617a168a,a47974ac6596398820508728a779e2df,delivered,2017-05-18 22:42:50,2017-05-18 22:55:18,2017-05-22 13:09:26,2017-06-02 13:51:29,2017-06-09,1b2db8ab2d8e7b84b5455736fc9713f2,2017-05-18
129752a77c2cbf91fc9892660f83dc79,9f14ce396b728e827742390ec2eca9e5,delivered,2017-06-12 09:33:55,2017-06-12 09:42:39,2017-06-12 17:10:55,2017-06-19 19:22:45,2017-07-17,2c90f7ddce67771bbacb63d7dd4966e2,2017-06-12
e597a2f203b82a93de9dc256e72c3e8d,4a4547a6adb1454321d88e2d545c63ee,delivered,2018-01-11 17:48:39,2018-01-11 18:31:01,2018-01-12 20:29:53,2018-01-30 22:34:03,2018-02-14,221d59abddcd719f3ec72c50078b9e31,2018-01-11
15add89e9936fc74006c8ece812ddbdb,cc17fb1ce2976a50bfcde42a83e8977c,delivered,2018-01-19 14:30:28,2018-01-19 14:57:12,2018-01-22 17:03:21,2018-01-23 13:33:12,2018-02-05,195cf297219f91cb8ab3a8350a531217,2018-01-19
3cc3880ee6731dbeea8ec3d2d9f5b24a,b1c4a6e0ad7985f63c54b4595c4560eb,delivered,2018-08-09 12:04:05,2018-08-09 14:35:19,2018-08-13 09:13:00,2018-08-17 19:20:56,2018-08-27,7968b545ea270ae70c1cc36570eeaf93,2018-08-09
bc8015ad7d68e2f870c4b6f319c88f0b,aed712020ce741154262e5bfcb7745ab,delivered,2017-12-19 22:08:29,2017-12-19 23:12:20,2017-12-20 16:23:59,2017-12-27 23:38:57,2018-01-16,8254813baf9d7549e605899e91ad1c1d,2017-12-19
5cec9f898cf8a71f4314b026ea1c527b,a7eb1926f5e589cc728b70f3449cb94c,delivered,2018-02-18 00:20:54,2018-02-19 01:15:22,2018-02-21 22:06:27,2018-03-14 22:04:07,2018-03-19,afdcd11206836e306155e78daacfd420,2018-02-18
13ccf8b8e58a45adbc06ffb651474fdf,f7bb3f874b4c1d0b726682b4c8543a9d,delivered,2018-04-22 18:36:45,2018-04-24 19:17:20,2018-04-23 20:59:06,2018-04-24 21:11:03,2018-05-09,ab25221e48c6effb5902852d3372f5ad,2018-04-22
c663dda98ce9577e802b009d257edeae,7cb2faa580dc6bebf04e29bb426e99a2,delivered,2018-04-04 17:36:41,2018-04-05 02:08:34,2018-04-05 20:56:39,2018-04-06 19:29:27,2018-04-20,3a3c380a436aaa6ba50d8f56508fbd00,2018-04-04
fc6909c54f7a6688147a7fd0a29cc30c,63517b90494b139470fa05260a7e04ec,delivered,2018-06-27 09:51:33,2018-06-29 03:07:51,2018-06-29 14:04:00,2018-07-02 17:15:07,2018-07-13,8401822eaa54487354bf6c03c7f611d6,2018-06-27
100a49c427277ff7294eee9c133f718d,5bc21bc57bdda0f158cf209e4a595ae4,delivered,2017-08-04 12:50:57,2017-08-04 13:05:17,2017-08-04 18:13:38,2017-08-11 17:52:28,2017-08-28,d082759e461daff44700b6cecbe67860,2017-08-04
4759dc5cd30f8e283de04872dd5446cd,8c8ebb03344906d2201f54daafd859cf,delivered,2018-06-01 13:43:43,2018-06-01 13:55:15,2018-06-01 14:42:00,2018-06-20 12:35:24,2018-07-19,cb91b5b25e1e383e3b16135d40fef818,2018-06-01
d2f8ef9dd1714fcac7de9f0aef13d21a,04a2fa019514345f6bcc37c892208336,delivered,2018-05-15 12:29:55,2018-05-15 12:54:30,2018-05-21 14:59:00,2018-06-14 23:42:24,2018-06-06,4c7311540ac1ea1acaa9e82448f775c0,2018-05-15
9abcdeded6b253b59272fb76b83b1f6a,a9fd12387efd701b1cd170637315b773,delivered,2017-03-24 22:17:46,2017-03-24 22:25:13,2017-03-29 11:44:10,2017-04-03 14:43:58,2017-04-20,eba92d13f186ced1cabfca7dff665f4e,2017-03-24
c55598e281f3c63dfffd8cd0376e7232,9adc8383886b0a2bd1736c1fd1b972e1,delivered,2018-06-20 09:33:16,2018-06-20 09:59:57,2018-06-26 15:39:00,2018-07-11 17:14:48,2018-07-31,24c9ed99a0239ba1a61661f0f9f7403e,2018-06-20
55a0d264704ff411b81f421c73eef60e,9b033056a24fd3759222c89d1ea11fd3,delivered,2018-07-12 17:10:59,2018-07-12 17:25:55,2018-07-17 14:03:00,2018-07-20 21:27:46,2018-07-26,d333c66f33257625f8a0302519c0c7de,2018-07-12
bbd97f9114997dcfec26eb9dc1a7458c,f6a1284f1aa8ca305c294ba85fe71d05,delivered,2017-12-04 00:59:05,2017-12-04 01:15:28,2017-12-07 23:34:20,2017-12-12 19:27:57,2018-01-03,90b6f2b3714ba160278eb45afafdc8ba,2017-12-04
769c9e627636f4041274ad3cf6b94fd3,9bd57151d05cbdea4a2befd59fcdb619,delivered,2017-11-30 17:33:07,2017-11-30 17:58:43,2017-12-04 21:28:28,2017-12-07 16:36:40,2017-12-22,83ac8bddc9eab52882f59e51fab78668,2017-11-30
b83ef6816377d920d8918d6965cc2743,a83d443f3e8662006104c9e728f5dbf2,delivered,2018-03-11 11:02:33,2018-03-13 04:47:59,2018-03-13 21:18:43,2018-03-21 13:48:37,2018-04-03,4fc09d5a042fabedb142c8bcc98c607e,2018-03-11
8213bc96304fc0881189c4525f3002f7,77069f163bef4933c6efeea244b3f606,delivered,2016-10-10 07:53:34,2016-10-10 11:03:35,2016-10-14 11:03:38,2016-10-17 12:03:38,2016-12-02,99e41e69b60bd63edd83935499523063,2016-10-10
0607a1c003c16725855f65d6b738028a,45f07bb06fb8930061926add48c58d6f,delivered,2017-08-19 23:08:25,2017-08-19 23:24:33,2017-08-22 15:36:16,2017-08-23 15:18:43,2017-09-12,dbd0046b8318fb0e6ace21f6d1675337,2017-08-19
50564f05e21e6d61f68d7a65c57c8623,0550df936e5ed017fc4cbb4d1ece4ea0,delivered,2017-08-16 12:23:24,2017-08-18 02:35:35,2017-08-18 17:49:58,2017-08-24 17:18:23,2017-09-08,9df5b05f2f70be73b3450f67a22e007c,2017-08-16
70b8fcabbd42bd4e6bb39052dac647d6,451bd3e4f4efa5b33e04885f2680bb28,delivered,2017-03-12 11:31:36,2017-03-12 11:31:36,2017-03-14 10:14:01,2017-03-22 13:24:11,2017-04-03,446c3e114eb1bc4d7fc28fbe41a1620c,2017-03-12
7dfa7b74a309a0a38a2354b745151aae,0c474fb968686213d3b8a6222196de97,delivered,2017-12-19 01:08:48,2017-12-19 01:53:25,2017-12-19 19:24:54,2017-12-29 20:13:31,2018-01-16,026af3cfcaac056ac62feb8457cbfaa6,2017-12-19
f35a3647da20a2e0ae698768b602652d,de09e0494fd726d8555108efde7df079,delivered,2017-06-20 16:04:53,2017-06-20 16:15:12,2017-06-22 10:44:47,2017-06-26 16:56:33,2017-07-10,7c00d2cc4c00e0be37e7a8ad5600d7ab,2017-06-20
394dd790418f78501396d1a2912d74ff,47b778190ffdaf6fd31dc28330aeecd2,delivered,2017-10-17 22:38:28,2017-10-19 03:27:27,2017-10-23 22:27:33,2017-10-25 16:20:05,2017-10-27,a9dd2b5b5bd99f1475a6bfc3b5837efc,2017-10-17
df77d1821312c74489233b53e2359215,3fa0e65430d1ab5e484fe8d3bf2ce2c2,delivered,2018-03-22 15:26:05,2018-03-23 15:28:56,2018-03-24 16:41:43,2018-04-05 18:27:54,2018-04-12,0b6d4f036c07e10854affe43fc4e718c,2018-03-22
857a83273943276ac60eb1d15bbfed5d,a80e0e8ad3f8721eadbb57333aad5957,delivered,2017-02-22 15:16:44,2017-02-22 15:25:17,2017-02-23 14:22:57,2017-03-21 11:14:12,2017-03-23,3898798771d9dadc45f486cd3b558494,2017-02-22
fb7bdd2f11b840e2a9897418aba45fa3,172e5e3633eae88b85a15197f7e996d1,delivered,2018-02-10 06:20:01,2018-02-10 07:15:23,2018-02-15 05:45:14,2018-02-19 21:48:55,2018-03-06,6f02dc885e257ccb161afd87a5ed4b6f,2018-02-10
5520852ac9f7ee38f42aedcbafaefb12,421ee588d79b60a872d79979108843e4,delivered,2018-01-09 01:22:30,2018-01-11 02:32:28,2018-01-12 23:43:08,2018-01-26 16:49:58,2018-02-08,ecac56d9705ce56fb008e8eac521b1e7,2018-01-09
21577126c19bf11a0b91592e5844ba78,1eebfdb7083031b40f727fb71f6cd5b2,delivered,2018-03-16 00:14:19,2018-03-16 17:28:45,2018-03-19 18:26:48,2018-03-29 16:04:48,2018-05-11,25ba76039a1caff121dfcb0d66e54780,2018-03-16
8c603c4cd6c5340bc4892c36e662a0bb,7b5a8d934b1dc34a581b1f1d0fbfaba3,delivered,2018-04-20 20:12:31,2018-04-24 18:16:44,2018-04-24 17:15:50,2018-05-22 14:05:39,2018-05-25,a9da5a115fdd7b13412153e54dc02604,2018-04-20
a237a4053726f92c2589d623da833659,1d302b38ec1ada9032082e1049a90763,delivered,2017-06-08 11:19:14,2017-06-08 12:33:11,2017-06-12 10:34:37,2017-06-26 13:57:48,2017-07-07,b5fa61f2567cdaf80cfed257b8e2a365,2017-06-08
2c8aa83a58bbe76256c06fce899aa4aa,5d13d5b488df88681ff37ffcd135b1df,delivered,2017-10-12 04:36:32,2017-10-12 05:22:43,2017-10-13 17:14:20,2017-10-19 12:57:39,2017-11-07,24058044dcbcb7313582db0305dbe7f4,2017-10-12
e43abf9982299e5688c4848401c0fe83,a2fec579a2a42e83cc3779891266ce5a,delivered,2018-06-27 19:07:12,2018-06-28 08:50:59,2018-06-29 14:11:00,2018-07-04 19:53:19,2018-07-16,3c17f3270f1c874445ccccfee95fa17a,2018-06-27
f52e6ac942099c40e096c0f9d3633e1d,80393a47e7d11011de38b783b99f09ed,delivered,2018-03-04 22:29:23,2018-03-06 08:56:10,2018-03-14 20:25:52,2018-03-19 20:18:23,2018-04-04,9ef442023559dc8cdd0c092595352659,2018-03-04
a057392bd88e2acf040eb2a5674b557c,911ce2749529dc52f4f4b75ae306cc42,delivered,2018-05-22 21:44:43,2018-05-23 01:35:37,2018-05-23 15:11:00,2018-05-25 13:44:37,2018-05-30,7e5513e83362cc257098c38f999a6894,2018-05-22
0fefd780aced50487fedea40b67318b5,3d9ff586104e795e9cda5d0fb1705c13,delivered,2017-09-12 14:20:41,2017-09-12 14:30:30,2017-09-15 18:35:08,2017-09-20 23:06:09,2017-10-05,95ec7fc6a1605502060075958c3f9852,2017-09-12
89b73cd1e5fd5c1329b4e11be8dd1289,a8d88c921fe5bd3dbea7b1bbbb4c02ee,delivered,2017-09-22 13:48:05,2017-09-22 14:41:55,2017-09-27 16:52:59,2017-10-09 21:43:45,2017-10-18,9acc160358717506ec5bcce4704579e4,2017-09-22
60d0d7f6e4119e9a4630876994978c2b,f9731a0309dae925dac8a35ef104a199,delivered,2018-07-26 09:26:38,2018-07-26 09:35:18,2018-07-26 12:55:00,2018-08-01 15:49:05,2018-08-17,a90cf5a43a177612976f70bdccffbd0e,2018-07-26
51df4b64807ba1804510ee0c17f1e074,1fd7161c846f050aaa41b781aed3e26e,shipped,2017-06-25 20:33:38,2017-06-26 21:43:16,2017-06-27 14:18:01,,2017-07-18,32a6215fc16834e34c34bdfb358f57ac,2017-06-25
423becb5976b8cb1dc4959820bf4059a,01752e42e854180a9dac35cd803f4e33,delivered,2017-12-07 12:59:40,2017-12-07 15:10:10,2017-12-07 23:08:49,2017-12-18 18:51:59,2018-01-09,88b3be89ab356e8203963d19312d5660,2017-12-07
67274e3826cb110f3d0cb45f33c2275e,3922f167f794a4db302660d54e0f80df,delivered,2018-07-03 12:31:00,2018-07-05 16:27:40,2018-07-03 15:16:00,2018-07-05 21:58:31,2018-07-16,4a4712263c392cd5fd2860c0d3f1fb8a,2018-07-03
6a729d9b8d092428e08072ed4eff6899,a852418fa57a3c9bc4eaed8a7323d2ca,delivered,2018-02-08 18:35:31,2018-02-08 18:50:53,2018-02-09 19:39:03,2018-03-27 21:11:31,2018-03-21,b44b5bf7130f8716dfc324fecd6126ed,2018-02-08
d6c231f3aa416426639f25b5fe09e051,95402c3f92d7913b4a3b37aa4f51c9e3,delivered,2017-12-13 01:01:19,2017-12-15 02:17:29,2017-12-19 18:18:48,2017-12-29 19:44:53,2018-01-11,6078405d83ea00ec4f55fcb72346c129,2017-12-13
08c6860a0281fefc591da60249d5fa76,3ebd35ebde56dc990f6069767e98c9b5,delivered,2017-04-17 20:12:02,2017-04-17 20:22:32,2017-04-18 09:01:12,2017-04-26 13:27:46,2017-05-12,dd3dbd954a92cde43aa989722745a4f8,2017-04-17
e7b37c6ebe192cfd1f83e92ac4413f2b,78c7b2accd9ccf59f8a11033771502e6,delivered,2018-02-17 01:26:58,2018-02-17 02:07:47,2018-02-22 19:49:09,2018-02-23 23:04:21,2018-03-06,0f8fd8c9cee97005bb17861ee40e1915,2018-02-17
c9d1d33be3caa33a65cd687e3f3da22f,fafdf303fda686ba5d3c1bc21f91345b,delivered,2018-02-26 22:34:03,2018-02-26 22:47:56,2018-02-28 16:27:58,2018-03-05 17:25:04,2018-03-16,7d61d43aab9091b002e8d1059c9b6140,2018-02-26
996763a377a7e96ea28f02058d1e1883,7a9ba3048545535bc0c1d412fa47f829,delivered,2018-08-11 20:29:39,2018-08-11 20:44:33,2018-08-15 13:01:00,2018-08-22 12:05:26,2018-08-30,19416a0da35288cfce110f84839ff052,2018-08-11
cf82b80e79a66336306b0c6c151f64ef,d699f64b223f98ab755be189008776e1,delivered,2018-06-07 09:12:28,2018-06-07 09:34:19,2018-06-07 14:11:00,2018-06-19 20:22:22,2018-07-20,84159fbcec32813b7cef06f3cac9cf34,2018-06-07
a0f3677ac2cfd35a8d76f4a26fb29a95,e84ae3177de985c590e3e9d364f7acaa,delivered,2018-05-17 16:59:15,2018-05-18 01:17:35,2018-05-21 11:58:00,2018-05-24 14:39:43,2018-06-04,20cddbe74c983ad5ffa0f01d5f8a150d,2018-05-17
2ec0b57f8588d1cc98ac3aee116d2023,95168a30ca453d4be99e6932ab886616,delivered,2018-06-16 00:32:50,2018-06-16 00:59:53,2018-06-18 15:37:00,2018-07-03 21:45:44,2018-07-13,b2fd6b62a8e2f0bfb0ee3be5a627dd0b,2018-06-16
c3b6a8b065e2dcb86aba441017c019dd,cde5dd7d22c875a27d9878f02f6bb843,delivered,2017-05-19 18:49:04,2017-05-20 06:35:18,2017-05-24 09:52:39,2017-05-29 11:01:36,2017-06-08,d47d1e32a4d9ecef199b2bb5bd3d9c18,2017-05-19
dab65e9861b74efc204718e1e2cceb07,538616437127fe419a6aaac23c97e7e9,delivered,2018-05-14 00:33:06,2018-05-15 04:12:12,2018-05-15 15:03:00,2018-06-04 16:52:25,2018-06-11,2f592f232f20b666933405ae3f8e6f6e,2018-05-14
19ee33bc4d781b94196719ab012adc42,b4d0f712604684b87ee4d14c43a422dd,delivered,2017-03-24 22:56:33,2017-03-28 03:46:00,2017-03-28 13:22:21,2017-04-03 18:17:04,2017-04-17,f3e619ca533e11ab3e3f1f03b55e3192,2017-03-24
2e328ffa7af7bf06a2af0b74cfb14f64,216a6db6f1a98e8e2ba140b34bf17d8a,delivered,2018-01-09 14:27:02,2018-01-09 14:38:34,2018-01-11 15:41:40,2018-01-17 00:24:36,2018-01-30,3fa14374b8e4e4c1015ee6d6a0313607,2018-01-09
d122e6a07a5ac7cb69a269e66b920c1d,548897a3b85ab2ec1b82964b88ecf23f,delivered,2017-10-30 12:10:48,2017-10-31 04:15:09,2017-10-31 22:51:10,2017-11-07 01:54:48,2017-11-23,c78aa9310fbb21af3f2290eaa5641f9a,2017-10-30
3e1616d48a50cea07cdf8ca77e8eb0f8,8eb25e70fd50ee968212856d6e43a584,delivered,2017-11-14 09:19:10,2017-11-14 09:31:15,2017-11-16 17:07:22,2017-11-23 16:35:36,2017-12-05,ec6622fb97cb59075f64a8edf4df63fb,2017-11-14
4431c5cb9924f46deb9eccfb159cf340,b3d2b8f5c7c8a411254329fb7c2e5e0b,delivered,2017-12-05 10:28:45,2017-12-05 11:05:29,2017-12-06 22:37:02,2017-12-28 21:34:23,2018-01-05,a2f8f1f8f4ecb24e5d416bc3195eb21b,2017-12-05
695ace9dfd0a459275108b5c71aba45d,13cd53cfa0c597ecd72e7b0e85af5f90,delivered,2018-08-01 18:43:21,2018-08-01 18:55:16,2018-08-17 15:55:00,2018-08-21 13:21:11,2018-08-22,135d0249c65cdb8f5c8b30da582a6865,2018-08-01
43e22b919baf176fe28fb243217cc90c,46f70e082caf080ea42736d39f169d3e,delivered,2018-07-01 23:01:29,2018-07-02 22:55:09,2018-07-04 12:09:00,2018-07-05 23:03:42,2018-07-18,e3a617744beb2056224503c60358e671,2018-07-01
9123705653cde45a284e2d56fd973076,4b847f8636c302663e9f6b36b5570229,delivered,2018-06-13 19:01:24,2018-06-13 19:23:06,2018-06-14 08:14:00,2018-06-20 16:47:34,2018-07-03,388b742e8df1b3d2bc11a7067445eeb9,2018-06-13
d07116348ed0d8c1a55ff50e9d1121fb,e9bfc08568b6ab20a9d33472a3d6f433,delivered,2018-04-18 14:10:27,2018-04-18 14:32:53,2018-04-19 22:26:28,2018-04-25 21:22:06,2018-05-11,c330406902ae56bdcaf46f6ebfce8249,2018-04-18
66eb7d660558e315f693ce906b85e261,50118498d82ac595b2471b2f1479043d,delivered,2018-08-10 17:08:52,2018-08-11 02:50:15,2018-08-13 14:32:00,2018-08-16 22:11:23,2018-08-22,871eb448a7e2cb7dee6dce3632fd3f22,2018-08-10
89754646c3e0baa367bbe02974056098,296d2f35a09831752f72113f0da7e70c,delivered,2017-08-15 18:03:03,2017-08-15 19:45:17,2017-08-16 17:55:00,2017-08-23 19:47:52,2017-09-08,fdb1f3e0dd15b657acc64314ce89688f,2017-08-15
6ea1f20d81136864e6e10ac9cce17901,f85b68dca11d7373293f89da2b53cf73,shipped,2017-12-04 21:13:09,2017-12-06 07:13:52,2017-12-08 21:51:40,,2018-01-10,c46435025bbad69fb7c5dd3666c07dcd,2017-12-04
c695330abad3cd98237dc4604401af7b,0f9a263aae35e574625a940636aedb10,delivered,2018-08-10 19:28:03,2018-08-10 19:35:23,2018-08-14 13:31:00,2018-08-30 17:58:51,2018-09-10,dc98e8ed685469e80e92543e4f917ac8,2018-08-10
d2d7d1df7a27b9c2249fdbac70ef9fa6,e9acacb9397a20c8b1a9549d7f45d3d1,delivered,2017-05-30 16:20:28,2017-06-01 04:10:31,2017-06-01 13:01:50,2017-06-16 15:42:27,2017-06-26,e8601415b6a6268b60b06ed032d8f546,2017-05-30
04d943e133b4033bedddc46ee516f5c4,089986fffb326934301cb204f52f9c97,delivered,2017-08-25 00:47:34,2017-08-25 00:55:10,2017-08-25 18:40:26,2017-08-28 20:37:41,2017-09-08,e424731f7e9ccc9f3384b8b71378cbf7,2017-08-25
f318811b0fd898d1edf78d6841470be2,4a8f4f1ed05dab7530cdca6ba7e28439,delivered,2018-02-06 09:17:33,2018-02-06 09:35:30,2018-02-08 20:32:02,2018-02-19 19:33:46,2018-03-02,ca3865ab988451f1544dad3910217f29,2018-02-06
4c5d1f62e7eaa8c0f05fbe1b048ee690,9b5909d646d1b9ec3d8cbaf0bae0a0ac,delivered,2017-11-21 11:35:54,2017-11-22 02:37:03,2017-11-22 18:08:54,2017-12-01 14:46:56,2017-12-13,de0bf4b52c6b76e5ddc39b9bd24bbb26,2017-11-21
11eb88853c96415cf6a24fcb603afcda,072343fae3fbc9d5b6c07077e67430a9,delivered,2017-11-24 22:43:39,2017-11-25 01:51:53,2017-11-28 18:23:39,2017-12-13 20:29:04,2017-12-19,f6273e33a129758dbf809d43ed9c4820,2017-11-24
5bb491640adff4bab2c01c5125e2c8be,8e1501a341a437d65bb58a55a06615d2,delivered,2018-05-12 13:19:30,2018-05-14 12:52:25,2018-05-16 14:59:00,2018-06-01 18:03:48,2018-05-25,c413f93fca4a6ad084044ebda9d87100,2018-05-12
f42d66ddca55a1f750b6797c4269cb30,ae76f0fb2677aaf0d173213de80ec257,delivered,2017-07-20 21:06:38,2017-07-21 21:15:11,2017-07-22 11:14:48,2017-08-01 20:05:55,2017-08-09,b5776ffa0ab530467d420fad008e43b8,2017-07-20
5f862e4fe640e66110b40cced6911038,65a6a03c07caddea4ed54b719663fce1,delivered,2018-08-06 10:21:02,2018-08-06 10:35:50,2018-08-10 12:07:00,2018-08-12 16:16:31,2018-08-09,5dd6e6ccbf66521ab5ecd6da289bf673,2018-08-06
9b482241f75217c3e6d9bf15e19b9352,763ed70263f940a60f283728bd708e3f,delivered,2017-11-13 17:21:06,2017-11-15 02:46:43,2017-11-16 22:26:39,2017-11-22 22:16:07,2017-12-07,57f0c0beb74cbdaf5f124d98b97e8491,2017-11-13
7e47dbecc85ae7f45a4645b97b180157,0030fbb95fbe7e61f798a80edb01a8e9,delivered,2017-11-09 23:28:29,2017-11-09 23:46:57,2017-11-10 15:14:29,2017-11-17 19:32:16,2017-11-29,cd3f977fbad60553fce0f193593802bb,2017-11-09
f7ca7b451be2d25f6b0918320026570a,c4f65865007c8df12b5b1fe0d4da652b,delivered,2018-06-03 16:35:41,2018-06-03 16:50:36,2018-06-04 15:27:00,2018-06-08 18:20:15,2018-07-31,08337fcb5700148106985b58c73e48fe,2018-06-03
7b419fad2990895cf43c738f8e7d2d55,9ce014a42bfa0fe0ff389adde017bb24,delivered,2017-04-04 09:36:28,2017-04-05 02:45:11,2017-04-06 11:28:05,2017-04-12 10:34:50,2017-05-08,1383a85c693c3af1f959f635a1cf9c4f,2017-04-04
17a97fd237c6bc89cb832bd70369745e,948c9d4bdc59614d3b428b93ccf84d25,delivered,2018-06-08 12:11:33,2018-06-08 12:36:39,2018-06-12 15:09:00,2018-06-15 14:28:41,2018-06-26,44101d6257b4f9417de49e0382662bb9,2018-06-08
7d57370d053b938c6dda99e5b72ad270,319bbf85f20aade3128d0f7470eef57e,delivered,2017-07-02 14:52:49,2017-07-02 15:05:15,2017-07-04 09:34:24,2017-07-17 21:21:34,2017-07-25,50298262b1caf5b1866a560e69111380,2017-07-02
5ee987cdf0ab5a1b320bbfae52b39661,f241eda6e0ef48fb716e435126893b88,delivered,2017-03-08 19:29:16,2017-03-08 19:29:16,2017-03-13 12:38:14,2017-03-16 07:14:07,2017-03-29,f0a0b65515c41c696eac8064eac4c2d5,2017-03-08
844bfdffbe80e8ac61135bc633f2dce1,45696e33c076c596b4503ab35ebb6f5e,delivered,2017-08-17 12:46:48,2017-08-17 13:04:38,2017-08-18 21:59:07,2017-08-21 13:26:12,2017-08-30,63669b3731dcc014feec668c3d888aa0,2017-08-17
a53804de1ac644981653f01c6f34a876,90ad95dd6fc0a81e5c3d5c652daa3502,delivered,2017-11-25 14:51:18,2017-11-25 14:59:27,2017-11-30 13:48:54,2017-12-12 18:24:27,2017-12-20,35378639ad1d764ff4d3bdd0a01b5b38,2017-11-25
242bc9216a7d8514ba8d435a96d63c3d,dd9f7612ddf12827e7a641bde0e8d86c,delivered,2018-05-18 14:38:28,2018-05-19 02:59:01,2018-05-21 15:25:00,2018-05-23 19:44:23,2018-05-29,c44d7ab6772db6fd180c86be0250c42b,2018-05-18
4d1eeeb5922d5d55dbe1be7623dc18cd,19fb90488e680e7d1370daebd669cfc2,delivered,2018-08-11 15:16:32,2018-08-14 04:35:15,2018-08-14 12:47:00,2018-08-21 23:54:55,2018-09-26,6ac3770209c7cf2e5b54d47abb41063a,2018-08-11
07d2babcd3c3d273aee2781512cc5904,d6b757c9478ed7366a42b6f09dce476f,delivered,2017-12-20 23:34:29,2017-12-20 23:49:58,2017-12-21 23:44:20,2017-12-29 17:13:53,2018-01-15,62e6cf2a8a490d522f97090b316745fa,2017-12-20
69503da6ea02f63348e7bcbbb5420a50,8208410c1bd85a4802e3b0f1926de27f,delivered,2017-12-27 11:03:31,2017-12-27 11:10:29,2017-12-28 16:25:13,2018-01-08 23:14:15,2018-01-29,3397c84b2c0b3840b0b27c774b67598a,2017-12-27
40b0e6507607e122ac052bf9426dba12,37cb0c403b8adef6c53a9d10cb9abcf0,delivered,2018-01-15 16:16:33,2018-01-15 16:31:23,2018-01-17 11:56:42,2018-01-26 00:14:55,2018-02-08,31c6dd92c95904f1273cbf65758ee92e,2018-01-15
9d6ebf13c4103f0a747d86c3c93f7af5,d73ad9b9d4bd1fc0dfdc66db5052d09c,delivered,2018-08-06 18:03:11,2018-08-08 03:10:17,2018-08-18 09:13:00,2018-08-22 21:56:29,2018-08-24,9fd74c4f8857af9900779476b7050114,2018-08-06
36e929832f27e3e3293ac9369fecf8e8,77d431cb34c9b37a5db52340d56046ec,delivered,2018-01-18 12:58:30,2018-01-18 13:13:06,2018-01-22 16:48:29,2018-01-30 00:08:00,2018-02-16,e0da0801c0351fcb234cca417542f39f,2018-01-18
9bd1262011363cf74478ba1d6f04ab28,81e59183c23c411880fcbdcb19637687,delivered,2018-04-18 20:55:32,2018-04-18 21:11:16,2018-04-23 10:11:00,2018-04-30 20:17:32,2018-05-21,b89b00450934b0e7c6ea86d98c84f09f,2018-04-18
9f4dd20e89f7d039db0a8eb572042c1c,661cff3ba09ea874f45327a6446c589f,delivered,2018-08-19 13:40:36,2018-08-20 11:55:23,2018-08-21 13:41:00,2018-08-27 17:38:58,2018-09-04,1d92dda603cb0ab1915644e6142e8289,2018-08-19
d16f8ec8edbb1c3652f142cc60042a86,ccab16a93f386fab2c64bdaf71cbe1e2,delivered,2017-05-25 11:52:24,2017-05-25 12:10:05,2017-06-06 12:10:51,2017-06-07 15:22:27,2017-06-16,cfe81af64110c8dc0d10459aaf9e3864,2017-05-25
f6679e9eb75edd0750101c5172d662a9,07e4085b7cf2721692374ad112e78f35,delivered,2018-01-15 09:12:14,2018-01-15 09:19:22,2018-01-18 21:35:48,2018-01-22 23:23:20,2018-02-09,9ccca5ef980fee9ab2399aa32eaa4012,2018-01-15
ef91e98c27841eead891942911000752,004df18653e9438571e9d294776a5c5c,delivered,2018-06-04 15:54:53,2018-06-04 16:12:42,2018-06-05 13:45:00,2018-06-06 18:27:33,2018-06-28,33e824e5fde35ad626278feba806c772,2018-06-04
08003b4e485e934387afc41448692e0a,732b65bfeb61fb17611650fd0470f143,delivered,2017-07-23 19:52:46,2017-07-23 20:06:35,2017-07-24 13:47:52,2017-07-27 23:09:17,2017-08-15,6a6f2e493d22b38e32158983741a26b7,2017-07-23
b58c077505462b29bcf153fd9dcdc9d8,f885e93f1b6dc0b69e8b2a2eed52485b,delivered,2017-11-20 16:07:50,2017-11-20 16:26:46,2017-11-23 16:38:54,2017-11-28 16:51:44,2017-12-12,6b2fe0cfed44def77eeeea328331f2aa,2017-11-20
6385ad73102c7c147e1d5c294fbef8ef,d6d14552ae24882f995122185c4c9b1b,delivered,2018-02-21 05:26:50,2018-02-21 06:45:13,2018-02-21 23:42:23,2018-02-26 23:26:46,2018-03-14,f1acc2f42f829576480ec437ff5e236e,2018-02-21
df6eeef04ae6f9a4d55409474104ea93,c835bb428113aa2c57063896d6e0b436,delivered,2018-03-01 11:46:59,2018-03-01 12:10:10,2018-03-02 00:29:00,2018-03-14 23:03:15,2018-03-19,33c82d7279dd975b040f7ce99e87289d,2018-03-01
869534408eb028640def21e75630def8,69bd096df0137b7c401eb3daf9c4c96f,delivered,2018-02-27 14:46:23,2018-02-28 10:09:42,2018-03-07 00:05:43,2018-03-14 19:28:32,2018-03-23,462fd002e459060811059df0cef979f1,2018-02-27
c0c6ffffde824ef615117d191bb55aea,32accfa73a50df8affdd6855e8da62da,delivered,2018-03-13 11:10:49,2018-03-13 11:30:30,2018-03-13 20:22:11,2018-03-23 20:46:34,2018-04-04,b348cf83cd4f31577159de0c43d23e03,2018-03-13
793bd6f3c3ce5f97fffcf62f2755f84b,8802053341a1925bf7255eb73bc05005,delivered,2018-06-29 15:31:49,2018-06-29 15:50:51,2018-07-03 16:00:00,2018-07-05 18:45:26,2018-07-27,b7b913d79172651f4d9c21f8ba3c630f,2018-06-29
f21da2bb1d62efe060e429d107053c04,47c47d5f6c02ce30ae9d9916399982dc,delivered,2017-11-29 13:30:18,2017-11-30 02:20:43,2017-12-01 16:24:55,2017-12-12 00:23:42,2018-01-02,91b4967f242b083dd37c8e21469898ed,2017-11-29
9edcbab43a1784c6aa3737a7f2fb5dde,2e0bb6cf1ae6611a52cf0db0e85295a4,delivered,2017-02-19 16:20:02,2017-02-21 04:55:45,2017-02-21 10:10:24,2017-03-06 14:18:55,2017-03-23,3e6658866cc636c1762c080ed56f44e6,2017-02-19
14b3ab242ab978f908ac651dcae21b8f,435f592ccbe131348a3d9d496b7ab5a0,delivered,2018-01-02 09:25:50,2018-01-02 10:31:30,2018-01-03 21:42:43,2018-01-08 21:54:16,2018-01-31,d88f5d844261ba522471376bd5c505e3,2018-01-02
86d4161fe71f1209143ca255d8be20e4,dd7fbaa922221b1677794b6da9990af2,delivered,2018-07-26 22:38:26,2018-07-26 22:50:08,2018-08-01 18:13:00,2018-08-06 12:24:36,2018-08-13,f82988d2de525db983cf10892c3d557d,2018-07-26
1347acf3fe05018c48139ce35aca77a6,75cd9dacc8b13a881bba4a7c9b63a13c,delivered,2018-07-23 11:32:23,2018-07-25 02:35:14,2018-08-03 15:13:00,2018-08-08 15:46:34,2018-08-08,2251d23822d93aad6a428c68dd285f8e,2018-07-23
4504f8543dd3f7dd135af10e8fe82438,3c65e62cde8d475d3734177716bf6e32,delivered,2018-01-08 13:30:36,2018-01-09 07:21:47,2018-01-09 17:54:27,2018-02-06 22:29:44,2018-02-09,02d9021953c04338ce1d4e7065fa1aac,2018-01-08
5a3483866ae86e48df2c0da23f2684f2,82b56e1af615d6fe0b24b8f706f172f9,delivered,2017-08-29 20:30:55,2017-08-29 20:44:21,2017-08-31 19:50:11,2017-09-04 14:51:53,2017-09-18,2243a3db312c9b0480cdd0ce1614006a,2017-08-29
536ce58ce3bc99b96b26bdd987cd683d,2fc76e794f900143d8bfdc6bda3b36f8,delivered,2018-03-27 14:14:03,2018-03-27 14:28:54,2018-03-29 05:04:31,2018-04-19 17:46:42,2018-04-23,7a311716cb061e6677b00589143f4d5f,2018-03-27
1b70a3be341959c3c0ea4bd4def0b526,478e7fe4d6b284021cbb2652305ad5ba,invoiced,2017-12-27 15:02:03,2017-12-27 15:10:24,,,2018-01-22,39a8a031f95408b55af24858e9be8e68,2017-12-27
62d3261f3aa7517f7d03885db3ea7a97,ead07f22e441e8d3ae62485b2e760a56,delivered,2017-12-14 11:06:55,2017-12-14 11:18:27,2017-12-18 23:08:46,2017-12-22 20:28:36,2018-01-09,e10da6e13ffd92ee57d4c6794c6d8574,2017-12-14
b90228d9050d13c266a67be0e92ccd00,540a2be873e8d6d01db05d4e9e472aeb,delivered,2018-08-03 17:04:13,2018-08-03 17:15:25,2018-08-06 16:40:00,2018-08-07 15:32:09,2018-08-15,513c9e0028a7ec60a40cff40de4eb223,2018-08-03
d7537253b8b150b7fa2be482da1e7719,e7b19c0704e43ef4aa419fa77c5c837d,delivered,2017-07-18 10:49:39,2017-07-18 11:23:33,2017-07-19 12:33:09,2017-08-03 15:36:45,2017-08-09,6f302f15a62c56b3100b67a81bfef328,2017-07-18
4cea9fef44b64122adf9656dc4980708,ada9ceb9a3352375b29919fadcfb8711,delivered,2017-05-12 15:30:06,2017-05-15 14:03:03,2017-05-18 07:59:47,2017-05-24 15:51:47,2017-06-14,1829ddf757eff2595687aa97dd7181be,2017-05-12
dc4e9e7d17fec4c4ded41724619a1b10,a67749ad2ad8984f58af753299d89756,delivered,2018-02-05 15:22:51,2018-02-05 15:35:58,2018-02-06 17:16:37,2018-02-14 20:08:11,2018-03-08,cc6fb42cda5848164faf7edb472cb013,2018-02-05
fa10d622012a84e70ba55b8d302d10b7,10cf33d13587d36f04522b0cd44bf2c6,delivered,2018-03-20 00:58:24,2018-03-21 02:51:13,2018-03-23 00:18:40,2018-04-03 15:37:39,2018-04-11,d68daa9af58ffc8cdd1c0bb249c0bb7b,2018-03-20
01a26a995dcef1d58bdee5b8862c7a02,4f36ee71cd2eb2ba9c1eb02b36baa34b,delivered,2017-09-15 20:36:53,2017-09-16 12:05:14,2017-09-19 19:02:46,2017-09-27 10:44:00,2017-10-03,a967a2aed325ac121484ed757da16f58,2017-09-15
b153668d9576aeae5c424bf7b125eea2,42e223573f50234c46fd8175e2e953dd,delivered,2018-08-08 23:03:48,2018-08-08 23:24:44,2018-08-09 12:12:00,2018-08-17 18:56:50,2018-08-22,796e54b703cc908357f50ae5cd70072b,2018-08-08
756e696d1e7ff7fd6728f59e92e22651,82187afcec1f653bd7424ab915194a0a,delivered,2018-03-11 16:39:02,2018-03-11 17:20:30,2018-03-12 17:42:09,2018-03-19 19:38:44,2018-04-12,46abca37486c349c2022078fea2468e8,2018-03-11
fe7f10510a9c92f4a7e617c761f16f22,7fad0a54597001810282b43d17144df2,delivered,2018-05-11 08:26:58,2018-05-15 03:55:59,2018-05-21 14:59:00,2018-06-01 16:49:46,2018-05-23,d4ef2ebf5e3ca1f7146ab1625cad575b,2018-05-11
df53ed4b08a845497e1f9aafa11fb2a4,4ce61c57eb2e8e258d147e54962be85f,delivered,2017-12-04 16:23:00,2017-12-04 17:32:00,2017-12-06 22:47:03,2018-01-15 19:32:42,2018-01-02,3e5ee8103851f41a670a19508f6dea87,2017-12-04
749b689efad761f8c94941fa3adfb702,71f2cf4639703d454ae1b7d4fffba6b9,delivered,2017-02-24 11:49:05,2017-02-24 12:32:16,2017-02-24 13:43:37,2017-03-01 13:52:53,2017-03-17,1d95a47c2206919e1de2f8ff91065d20,2017-02-24
3194226ac268d5424b89c7cfc702ea55,a09a0e56c9b0715373dd0d5353dfa882,delivered,2017-11-27 03:36:40,2017-11-29 03:35:44,2017-11-30 03:07:58,2017-12-04 22:03:55,2017-12-15,75c4c9060a41a260f4dc22f7b366f76f,2017-11-27
6eb1445131218c4f6a6ef2d4960e4f51,0cf44a827f1bda40bb968f6c0393aec8,delivered,2018-06-03 12:53:11,2018-06-03 13:10:49,2018-06-11 14:54:00,2018-06-15 11:14:25,2018-06-28,80d0037495c69b62744f1c230b693c28,2018-06-03
766556fe96de427faf3964fadfb68458,9014ce6ca5d769a08a59b1089ff38001,delivered,2017-03-26 06:31:07,2017-03-28 03:56:11,2017-03-30 15:37:43,2017-04-19 13:25:10,2017-05-02,7f34296803177bac2b4eab8ce8da0e95,2017-03-26
028558cddca332b40b4ac4cb77407edf,8401401a8752eb431189e021b8009e37,delivered,2017-06-26 10:26:31,2017-06-27 10:35:09,2017-06-30 17:57:30,2017-07-07 19:44:34,2017-07-25,81d8bf17c9e450228efeedd2603edfaa,2017-06-26
a99907012a9719344a76cffd42960499,8611feeeaa6d278ec4b4a5e4ae947fca,delivered,2017-04-27 21:42:23,2017-04-28 12:53:50,2017-04-28 09:12:53,2017-05-12 13:38:05,2017-06-12,f8217efb7935db087c5619c813e9c293,2017-04-27
5491f75f7889a6ff2d12c698c19791c5,1237d9f52275cf3a7396fe1c414dbe62,delivered,2017-08-28 22:52:43,2017-08-28 23:05:14,2017-08-29 20:28:03,2017-09-06 19:33:46,2017-09-20,4105408098ef4dc1711f7fcaeebe37c2,2017-08-28
9aea3a72c2f44a11b792cc58320bed77,52a99d530d76470a697c888510af5f88,delivered,2017-10-19 16:28:07,2017-10-19 16:49:58,2017-10-20 14:50:57,2017-10-23 20:48:06,2017-10-31,a8df4001abe77cf8473902c2b7efe418,2017-10-19
11f7b0d8e34bbcd73125bf46d0184a99,10e01f78f465b6c879d2bab6d4d0d7da,delivered,2018-04-09 13:52:54,2018-04-11 10:50:59,2018-04-13 01:11:53,2018-04-20 15:31:04,2018-05-09,e695bec6e792cdbd8dca818004d1c0c2,2018-04-09
16e6abd6364ba99a3513c39f0e27145e,53eab182ae5eebbbc870ac6ae17d9b92,delivered,2018-01-13 23:21:55,2018-01-14 23:12:20,2018-01-15 22:43:08,2018-02-02 16:58:56,2018-02-14,ce5c267bd53f4e6683c66f7cb5c5c067,2018-01-13
beb0c6412a4fab0bc73cbebe972365b2,6d55eafc87c38d4ddeba83f97f62cf77,delivered,2018-03-09 23:25:28,2018-03-09 23:35:24,2018-03-13 17:44:40,2018-03-20 19:53:08,2018-03-27,aa7fd117350d1c36b9614a12fec95d42,2018-03-09
d1d422dc16b191028b0d2eb2a06b9668,d44b5fcb3ca553a0c851d999445d47fc,delivered,2017-10-03 19:25:18,2017-10-03 19:49:11,2017-10-04 19:17:35,2017-10-09 19:45:09,2017-10-25,a1387cabcc2c802803cafeb690afabde,2017-10-03
416699ef2e608b6f2496788d1eab0329,49298c0bdc76589ada551d83ee04ab4d,delivered,2017-04-15 17:43:35,2017-04-15 17:55:19,2017-04-17 10:24:43,2017-04-22 05:57:36,2017-05-10,a0bb6f781f6c96b3f72cd9ac38acffcd,2017-04-15
45281486033aa1a5fb951a3cb2105e29,ac90d04814ce655c507c4d043e27a891,delivered,2018-02-14 23:23:43,2018-02-16 14:30:51,2018-02-15 19:29:01,2018-02-17 17:19:06,2018-03-01,12c380ee1d82a3c375a07a8cd7df1241,2018-02-14
166ff8289e3c5748d7aab1c820f43731,8342b7a301ca4f29668f944239c293bd,delivered,2018-08-06 09:28:11,2018-08-08 03:15:28,2018-08-09 13:47:00,2018-08-22 14:29:02,2018-08-23,c45ed0e5edef4f1c7b75ad645cd51db4,2018-08-06
4cb20b515815d480b0dccbe2fa6ea5bc,468fbf63b1c04a842cbe9d2a8e6c16d2,delivered,2018-03-11 22:23:57,2018-03-13 04:27:56,2018-03-13 20:54:44,2018-03-20 13:20:39,2018-03-29,bfac60480d72a5918a84c48890cad2b6,2018-03-11
e7924c9e5666d9e9e2a9196bd1527870,595cf86a8e2928ebab3f60b9161fca89,delivered,2017-11-30 17:55:32,2017-12-02 02:51:46,2017-12-05 14:47:03,2017-12-14 18:46:20,2017-12-28,cff66352965782fb7a921a07600f271f,2017-11-30
e6be529ac8d87744b406d4e03a8fe2be,a9de781d4ae2abccfde1d5396d8f604c,delivered,2018-03-23 14:40:43,2018-03-23 14:55:32,2018-03-27 01:49:37,2018-04-04 17:07:39,2018-04-17,8d203a683909b4305725d13368f1aa09,2018-03-23
0161962c6c561d3acfaa3e2db9a14f96,c49df845f9640195cb98d104bd8e859d,delivered,2017-09-12 13:29:37,2017-09-12 13:50:21,2017-09-13 18:33:48,2017-09-20 17:14:11,2017-10-02,966a694c2313fe31e910adc3369f9dd5,2017-09-12
f666c9c1aa6328ce383253d83cd2a675,12faddf62f37091f5e6fd99f47c601e0,delivered,2018-03-18 23:42:07,2018-03-18 23:50:27,2018-03-29 23:13:23,2018-04-13 12:11:32,2018-04-30,6a8f8192d74a808d14d395c1d9347e98,2018-03-18
f44bd380c9a5926518a4714089e68c89,1d5803b2e458af7efb6e4445e77fb211,delivered,2017-07-14 21:05:33,2017-07-14 21:15:26,2017-07-19 18:33:26,2017-08-01 17:47:39,2017-08-09,1ab218793c3b7f9d13fd70501faabd2f,2017-07-14
393e604943de623d0c4d474259214378,10bb4c6dde360660c6c9c841cb172580,shipped,2018-02-23 13:07:38,2018-02-23 13:29:37,2018-02-28 22:14:16,,2018-04-03,72980b214d7d3fa1c25c638fc40919e5,2018-02-23
ca9723bd71a5a9feff0a4f2ca2a6e840,45dac24e563a99d886aaaa89d4940434,delivered,2018-04-17 10:05:53,2018-04-17 10:15:16,2018-04-17 21:46:36,2018-04-18 22:28:43,2018-05-04,01c64acc2efd27442844ed61dd9981cc,2018-04-17
7fece9c7487cb93f6d37df78e2283d07,e34c642add1c46f0904e95997afac775,shipped,2018-04-11 21:29:11,2018-04-12 11:15:25,2018-04-12 22:54:26,,2018-05-10,ce1fd4ae53af3460683ee1e6dff3e028,2018-04-11
1ec979be6088053a577e364179b5526b,740c51ceb4a79f84c7a3e38728e69d0c,delivered,2018-02-20 09:25:42,2018-02-20 09:35:32,2018-02-22 21:33:59,2018-02-26 21:34:23,2018-03-06,b2e5b50b8600c4b4af189d2ed395f62d,2018-02-20
b89637ecd51070eb364f10bd952c2a79,09c17ca161dbd35f3e24a39d7273096e,delivered,2017-12-04 16:13:06,2017-12-04 18:01:50,2017-12-06 19:15:46,2017-12-20 16:46:47,2017-12-28,9989367e04a5131cec4f4ae8f3e5ed5a,2017-12-04
d79a0310d140262d3df6832336b58969,7d8fd581cc612022d2149f093956b42f,processing,2018-01-05 17:34:54,2018-01-06 02:08:52,,,2018-02-05,c20c61ce274e37eeb91b2e4e9e473c30,2018-01-05
a46e7e8e02915adecb392ad065121a51,0ef4273145d74465c180b6a9fbb9799b,delivered,2018-08-17 10:59:18,2018-08-18 10:50:41,2018-08-24 14:21:00,2018-08-29 20:03:26,2018-09-27,025cf7c2f32536f0be1ab412bb6602d2,2018-08-17
5a45d91a6a45708d28e1f018a24a2607,919aa64a6d7c36fe7b543e67a44aa203,delivered,2018-04-21 18:35:45,2018-04-24 19:06:34,2018-04-23 17:27:42,2018-04-26 17:58:26,2018-05-21,b7ec380a938b8be3e45ab4d6871e3bcc,2018-04-21
ef137e631f460658afb0d315771fad30,f8ee52a6749f4bb130906affff58823a,delivered,2017-09-18 23:17:10,2017-09-18 23:30:13,2017-09-19 17:24:03,2017-10-09 17:33:33,2017-10-16,98f682d840c4f2cd3df03ddf830a47b7,2017-09-18
1e2ecf33949aeb71c490a6670f311f13,64725e21c9869103e2f454b2337edf56,delivered,2017-07-10 15:55:34,2017-07-10 16:05:32,2017-07-12 09:46:28,2017-07-13 20:41:26,2017-07-21,a419783240af09fd116829e48ddb1c7d,2017-07-10
01ccc64a2b38fdb87c25cb1944934670,f7b57537fa449131d8d98ec0f4e1d0ba,delivered,2017-08-12 11:22:27,2017-08-12 11:35:13,2017-08-14 21:19:03,2017-08-25 18:19:06,2017-09-21,c94dbb5ee9997a25f01fd5e5bb852f4f,2017-08-12
cf29caf0e02f08eb80d5d8bbc31565ca,b348a4d636051109fff4785b47603cff,delivered,2017-12-11 09:21:01,2017-12-11 09:30:20,2017-12-20 16:39:52,2018-01-09 19:09:55,2018-01-23,3f1c5888577d299fc92eb89ed8ffd381,2017-12-11
e6e4c9655778e65e9552db273eff3852,1cfbebf382876a6c3600d143776e8dff,delivered,2017-08-12 16:59:16,2017-08-12 17:15:10,2017-08-24 11:52:20,2017-08-25 15:37:31,2017-09-05,317044f83a92e499420de7fdc6baf5c4,2017-08-12
6e89356727f542ba8a963e10646a889c,76f508e84443c4de1722b65fbbeedd6c,delivered,2018-01-09 09:52:31,2018-01-09 10:09:47,2018-01-11 23:16:35,2018-01-23 16:25:41,2018-02-07,fc6d04d5e2bb63aa715be16175963c91,2018-01-09
a4725f98a7344d345bb2fab1c3c39c54,4a751dfba6004c315eaf88abf0ff249c,delivered,2018-08-23 18:19:17,2018-08-23 18:30:19,2018-08-24 14:21:00,2018-08-29 17:25:44,2018-08-29,7c675c73c913ef2bc355178d845e7209,2018-08-23
95087a791500e383c039460bbd6bcb57,5b98547ccd0950675ef6b0a4f5a928ec,delivered,2018-05-27 20:41:52,2018-05-27 20:54:55,2018-06-01 13:25:00,2018-06-06 23:06:32,2018-06-28,422216465de1d7aebca58316c7a603e3,2018-05-27
f1367a0a8fa445363c4e6d5a529db4a5,5d2d4e5c02f22c6a3927a09532d9f163,delivered,2017-11-10 09:11:37,2017-11-11 15:26:21,2017-11-13 17:32:44,2017-11-14 20:09:19,2017-11-24,47acbf32efbc26b7999f984ca7f0a645,2017-11-10
f6cf807a05566571a2781deb6a223094,12974e23069bcb7940b3cafce7131ee1,delivered,2017-05-18 23:40:12,2017-05-19 01:25:14,2017-05-25 12:14:23,2017-05-30 13:10:50,2017-06-27,630f664ac3b2844e836d10abf880cd47,2017-05-18
e69ef8c934605e67c1ecde95ad2a1b46,105a4e6147720f5766f32cd1015c6e01,delivered,2017-09-20 20:28:03,2017-09-20 20:44:14,2017-09-22 19:41:59,2017-10-04 19:26:56,2017-10-24,4a822609f184b947082c91789ab04512,2017-09-20
c9c52a54f8c144ef40de99a8a74a3ec6,64a3fc4483005564628533c1d14de25e,delivered,2017-07-06 16:55:43,2017-07-06 17:10:16,2017-07-07 16:53:44,2017-07-27 17:42:22,2017-08-09,df8ea15cce41abd80d24724d9db3b535,2017-07-06
28e9ee43938891c706c6c9e8ce21d0ec,29f35769d9d89a8ee467e2fb502ecd3f,delivered,2018-01-24 14:28:01,2018-01-24 15:07:29,2018-01-24 23:09:58,2018-01-29 21:34:01,2018-02-16,f67b4174b5d9337743b6aad867c9c002,2018-01-24
988ed9a83d6e55d6eaef87fac1a94439,541fb20ed985a8eeeb7376e5301ef828,delivered,2018-04-26 13:47:17,2018-04-27 03:50:58,2018-05-03 14:43:00,2018-05-04 17:58:45,2018-05-21,a810d4c1794f8aeb5a7774c85cfe1700,2018-04-26
3268eb4ec8dd57e0ec471da34e35f5e8,7fd6f0fdf33b9d37fe4ccd06c3eeebd8,delivered,2018-07-24 15:30:38,2018-07-24 15:44:21,2018-07-25 14:10:00,2018-07-30 21:08:35,2018-08-07,da8634c08a4dca3b320245f55a6764f4,2018-07-24
1dd7e8d1a469f3ce26f8c5c93ce9e636,c4358c59e18e261daa78295cc9b20bb1,delivered,2017-05-03 15:49:05,2017-05-05 02:25:26,2017-05-05 13:22:36,2017-06-09 09:36:11,2017-05-24,2a780eb007ab182d25845cc267fc762b,2017-05-03
b014baa6612826328ffeeb79fd3fa596,bbe745a98d9525399573bfb082bca172,delivered,2017-11-18 17:22:43,2017-11-18 17:30:40,2017-11-20 19:05:54,2017-11-29 21:13:25,2017-12-12,2969b0993476634cf11f7b32c81eacb9,2017-11-18
14443bc93c37173e661ffab44978e546,ed9110823898cdd198055975a58f8cd4,delivered,2018-03-26 13:04:12,2018-03-27 03:55:26,2018-03-27 18:36:25,2018-04-10 16:24:48,2018-04-18,37258acc3909e5f10f66f466191bd31b,2018-03-26
842b04782c3190ba1cb33fb384592455,4a5b1da2c92f4c23802601309d235ac0,delivered,2017-11-22 13:33:57,2017-11-22 13:46:58,2017-11-24 10:08:55,2017-12-04 23:04:27,2017-12-13,2511a6589c35770b7865837bc889dacc,2017-11-22
e97f2ab00999396915482eda86838b33,f8a8fc369ae59e8efc677731d2feda95,delivered,2018-02-25 10:54:43,2018-02-27 04:31:10,2018-02-27 19:33:51,2018-03-14 21:22:44,2018-03-22,57a276a96c34facb968c12e61604e3c6,2018-02-25
d4f742f7a223add48641c06ac0b96a25,cd02136ffff7628117d0f2996bb55f00,delivered,2017-07-14 17:10:11,2017-07-18 05:55:29,2017-07-18 14:38:01,2017-07-24 16:52:48,2017-08-10,608646d3514cc48a27d666e313cfe0cc,2017-07-14
7425d957984121c030d282eb7cfdca25,31930330d835f3bf4d84ad22f977a310,delivered,2018-01-26 13:39:44,2018-01-26 17:04:00,2018-02-09 13:23:37,2018-02-14 21:25:08,2018-03-08,0a51af555a54852648e1a50a9c160a06,2018-01-26
acd1ab087bd68263c7eaf9a67df3da92,daff41a861c8bfeb410ce43d3e2a644f,delivered,2017-09-08 14:15:29,2017-09-08 14:25:16,2017-09-13 21:32:30,2017-09-19 20:08:54,2017-10-03,4cc21ad52ca137eaaeb486c85045624d,2017-09-08
e55445ddc4194e562e73e0fb3b49f26b,e904e6fe5895cf401fd990b33c24ccb4,delivered,2017-11-19 21:38:26,2017-11-19 21:50:20,2017-11-22 23:33:09,2017-11-23 23:12:17,2017-12-01,7589544c08cc5de364cad85ee73f4b63,2017-11-19
309b8f761fc683dcad0b537f02da25c2,cd47581e8adae67161f5c5d75af64c22,delivered,2017-12-21 15:30:46,2017-12-21 15:50:01,2017-12-21 23:33:55,2017-12-28 21:14:11,2018-01-19,4f0fbe55ca5623356edb1f9a0219781f,2017-12-21
de3e2a6586207ab341873057bac579d2,ad35419bfc1690a388c7fcccfc271ac4,delivered,2017-12-18 14:59:25,2017-12-18 15:57:37,2017-12-20 11:13:48,2018-01-05 14:39:20,2018-01-26,e24d016369f2990b3684f5dedfb7b866,2017-12-18
fda1a539f5eb9cb47272718d3b833f79,42526d4680d169906a64be9934f065f8,delivered,2018-04-21 16:19:21,2018-04-24 18:34:08,2018-04-24 16:32:14,2018-05-02 16:36:53,2018-05-17,c7483e2116813a36b284bc257a1a0698,2018-04-21
cf1d3b9884aa522eaff20488d9b1a1d9,b5e3a1b21d46d53d2ceb0c6c00127ffa,delivered,2017-06-09 15:41:31,2017-06-09 15:50:23,2017-06-13 15:59:49,2017-06-19 13:34:48,2017-06-30,79094b0f83e9b40ac65f7aaba30823ca,2017-06-09
7aa4279cc25c67bbcf033b0ffa8e5587,e856f89269e191682aec4066d32ffa45,delivered,2018-08-15 06:58:44,2018-08-15 07:10:18,2018-08-21 15:37:00,2018-08-27 21:18:38,2018-08-24,151904a174f924f110358e4b20e97fdd,2018-08-15
c03db9e9e3664ee812e8fc4d00f324c9,9bca1f1ee89cfc3207037cc520ac5978,delivered,2017-12-05 20:47:52,2017-12-07 20:51:06,2017-12-09 13:22:40,2018-01-15 15:15:15,2018-01-05,6964b08edbb280c06e20d40e4040f923,2017-12-05
9761e698e3d390c91d88364fb6a5ef11,4f627c252cbdf3a0501a99755ddcf1e3,delivered,2018-04-02 07:52:14,2018-04-03 07:08:22,2018-04-03 21:33:10,2018-04-24 20:51:56,2018-04-20,5bc987afe2af89ad95bf49ac550b0603,2018-04-02
a41ea90d3b4f4a5ab7ebb216052db212,2090ce99e86d467bfffb7fc760673b63,delivered,2017-06-10 17:16:00,2017-06-10 17:25:19,2017-06-13 16:37:03,2017-06-16 16:44:07,2017-07-13,0921d0af4a7eb63336e34e62dbbf7004,2017-06-10
6c352b528099b507dd4b05c4b4c79a06,aeaf4504dab3228eb43bd9c6d8a328b0,delivered,2017-08-31 13:21:49,2017-08-31 13:35:19,2017-08-31 19:21:49,2017-09-01 15:33:14,2017-09-13,0faabbbd226d43f6359345085007b59b,2017-08-31
f979267a9c0c47a8c7ad427ba7cf3407,90e62e6099a2dad9ded0f79af4e9f980,delivered,2017-08-03 17:11:26,2017-08-04 17:15:16,2017-08-07 18:35:57,2017-08-11 11:20:09,2017-08-23,c9db667c614c73789033408b41813cea,2017-08-03
97691a90d5eb8a7124ddb5908851274e,b1692937ab119c324f7405339cb8aa2e,delivered,2018-01-07 10:49:14,2018-01-09 07:24:46,2018-01-22 21:51:31,2018-01-27 01:56:24,2018-01-24,962ad54a8d681ad6cf4273e6abe3b9e2,2018-01-07
50d36900e2abb216027b96c46c79015b,60090c6dbcb67b1b20e123502c7ff9d8,delivered,2018-03-05 11:58:25,2018-03-05 13:55:48,2018-03-09 21:28:56,2018-03-15 21:16:47,2018-03-29,91c0e2a02bebf65a2275b2e1bd91b408,2018-03-05
1a7da20c277ccf1418cd18daa7a169a9,8c7528c4ac5886060dee985b0de04eff,delivered,2017-08-20 21:59:06,2017-08-20 22:15:15,2017-08-21 22:09:01,2017-08-28 20:19:41,2017-09-13,a80ce2f10afbcc6d4edffb0b97d8ab93,2017-08-20
4e27ad7f1a6821ceddc8442eb1875014,bd41e15fdb17d74a176f31ffdf8987df,canceled,2018-04-16 20:22:37,2018-04-16 20:35:26,,,2018-05-10,f58a61a7a24c4bddf8fa238ad645e3cd,2018-04-16
f50652beec1e59efe0d56e8f9ad46625,8af2301e41464849b91db80025501c6c,delivered,2018-05-17 16:55:00,2018-05-18 01:17:40,2018-05-18 13:20:00,2018-05-21 16:08:41,2018-06-04,56b8af759a9a22c74b312662e0eade73,2018-05-17
a1e92d086f682e6d8a328e19e14e0621,f8a1cb0051331f57beaf3523f2c17b63,delivered,2018-01-18 12:24:47,2018-01-18 12:34:28,2018-01-23 22:33:52,2018-01-30 01:22:02,2018-02-08,a60aa033d35681ad8b6348f15b46dcc5,2018-01-18
71ebd46bcd6c3ff32ce6da77c9a6702a,6d211b5da3df5fbef51e82591642870d,delivered,2017-10-29 21:22:35,2017-10-31 03:50:42,2017-11-03 22:52:40,2017-11-21 22:29:50,2017-11-23,048ddfe7d85bd770b6dd93ce899424c8,2017-10-29
8cf2872446567a22b4bf3c3b713f6f8b,81acd901ffe4bdfd9c0472376f874ac5,delivered,2017-10-26 19:14:51,2017-10-26 19:26:35,2017-10-27 18:14:06,2017-11-03 18:35:58,2017-11-24,df1f61c43368a8ed99dc76b43594fc4b,2017-10-26
2c5948305d5a014ba38e3bae99c2fa36,3f7a51e1e98b8842843f9e9c49d0721f,delivered,2018-01-17 15:08:03,2018-01-18 02:11:47,2018-01-18 17:03:08,2018-02-02 17:13:32,2018-02-09,5de40556e64c68e511a1f01d00da8f4e,2018-01-17
ed7cabc96de8c36774b894e98aa73dc2,08d6e9303045f757cdedb89fd0002e4e,delivered,2017-03-12 09:38:04,2017-03-12 09:38:04,2017-03-20 09:27:48,2017-03-24 14:12:59,2017-04-03,0abee71cd257861a0944e2a81cea4a50,2017-03-12
59a1c1915aa1c7382762e3adae5f0877,163f94efd732768cf921030d25c332dc,delivered,2017-03-19 12:12:41,2017-03-19 12:12:41,2017-03-23 15:13:09,2017-03-25 09:42:24,2017-04-10,1acf052c1d0ae624be855e1b92158723,2017-03-19
cb9628da43a976b479b45230984a05b8,c5c43d14a781c58ed1fdac7c9652f18f,delivered,2018-08-28 20:49:17,2018-08-28 21:04:01,2018-08-29 16:31:00,2018-08-30 21:51:51,2018-09-05,83176537f63ef9c7510572006c85ac50,2018-08-28
b68bbbd5dda76726e19662d1f1bc969b,fdd65f620a38aca89f8806d05b42c9e6,delivered,2018-05-04 10:06:47,2018-05-05 02:53:49,2018-05-07 16:16:00,2018-05-18 18:51:37,2018-05-28,d8c2d3cd43d62cc76e8e74b58b670825,2018-05-04
6ac7c4ffe3878ed0702e5650d8dd6c26,10bf0b019a1b776b9a90629397367ade,delivered,2017-03-23 16:47:15,2017-03-23 17:03:27,2017-03-24 14:47:51,2017-03-27 12:15:48,2017-04-11,cf3a48cdbf871cceb64d79381ca4ede0,2017-03-23
e361c4944dfff94c4945477329b87616,1a9828af2c013e791ceb81f75343886a,delivered,2018-03-13 10:11:50,2018-03-13 11:00:33,2018-03-14 19:32:12,2018-03-18 18:03:53,2018-03-23,a35ee7209dede43328a07a2429d9a953,2018-03-13
059c31805aaf1f282276575595379050,bca0486d0965ba585f95eca2ef0080b1,delivered,2018-05-04 18:54:52,2018-05-04 19:10:11,2018-05-07 13:50:00,2018-05-11 21:52:06,2018-05-23,47e17f970a4f89fe48ae88486ba75696,2018-05-04
dde654bf358fcf4943f36337457adaec,60714f8c3737c4bd4b745de1fb196514,delivered,2017-02-18 14:57:36,2017-02-18 15:05:16,2017-02-21 15:49:00,2017-02-24 10:37:41,2017-03-22,baec81c668e3e2869bae58beb48b433d,2017-02-18
726f0c694a95022ab91d41760e1af228,90b932f1e359719ccac9a68ee6dac1ee,delivered,2018-01-20 08:28:07,2018-01-20 09:16:05,2018-01-24 15:43:05,2018-01-26 17:59:06,2018-02-14,d528537ddf51de27121ccb38e9350a77,2018-01-20
6f52898ca671b45edbfd101358850658,8681e534f3d51266c69704526a986c47,delivered,2018-03-17 23:01:56,2018-03-17 23:15:24,2018-03-19 19:46:31,2018-04-09 18:48:22,2018-04-06,8d527b70b9749275f6a6cafc42519a98,2018-03-17
39dafb020b5e77c237041b88569db7b0,c1cf96f4c7a7bdfd59d743540c7220f2,delivered,2018-03-31 18:06:08,2018-03-31 18:27:13,2018-04-02 23:28:48,2018-04-06 18:48:41,2018-04-20,3777cca9ea0711f3145027ab43ec2157,2018-03-31
d0fb3aa60de69b80cdb04eb31fd28032,d5c0c9ebf69430a2905b27c44adb8900,delivered,2018-01-11 00:25:54,2018-01-12 02:35:30,2018-01-15 17:33:28,2018-02-02 13:28:33,2018-02-15,579e881c515b588ed0190ac0a10e6633,2018-01-11
5cd025a902f47f78979cdf88fb880fd7,b62de7133cbcb894cf0fa524b3c98b89,delivered,2017-07-31 01:45:47,2017-08-02 03:04:14,2017-08-02 20:47:28,2017-08-08 21:43:39,2017-08-22,7c5c0ac4bfcdb27e622d54aa649cb48f,2017-07-31
def30b257b8f2ee7c3a6c8ca06695ddf,a08653fb77996ef39f8dca7e4c231fd1,delivered,2017-11-06 16:45:07,2017-11-07 16:51:06,2017-11-08 17:11:24,2017-11-14 21:48:29,2017-11-30,4df5d0ec15a5deb0a865846805fa3eab,2017-11-06
91b6cbbbf1622738a27f04f25306a6d6,2876fe3349b7c805390e793bf770b5b0,delivered,2018-02-01 23:56:45,2018-02-02 00:15:50,2018-02-02 17:12:28,2018-02-03 15:53:07,2018-02-20,828a921fd1c1e8a6dd7ffb814fd0a82a,2018-02-01
c3ea3d111a47aec730f0a2aa73a6588b,9134102066a5ac7b88ca2ba327e24178,delivered,2017-11-04 16:55:44,2017-11-04 17:06:11,2017-11-07 11:25:45,2017-11-09 21:26:46,2017-12-04,818424e02ee185318b30b99bf7f9cd29,2017-11-04
f6c9b168bdd4b2d913398183150f6d2e,9abd82fdd92e333b38bcff6dfc76cabd,delivered,2018-01-04 22:12:26,2018-01-04 22:27:44,2018-01-08 20:48:45,2018-01-19 20:15:53,2018-02-02,f5f102cb85dc09567c0df443494dd525,2018-01-04
76606b013751ab0fc648e671d8bbf16c,2798b51a189b8834e9d8d5907659a4bb,delivered,2018-04-29 12:17:32,2018-05-01 05:55:12,2018-05-02 14:28:00,2018-05-04 02:17:00,2018-05-09,b6bf354e3f1ec6dee74be0ca2b9aea61,2018-04-29
9674b842cc1b2c01f254872763800c1e,3652430bba4db0cca852f701651d7b9a,delivered,2018-07-31 16:19:44,2018-07-31 17:31:11,2018-08-01 13:16:00,2018-08-03 23:48:49,2018-08-07,8d21e972ab73ea7e9fe312188243090f,2018-07-31
7052e36ae417756ec2f9d6239f311d8d,6b9a33f401d8354c5d02e52e111716ba,delivered,2017-07-25 08:54:42,2017-07-27 11:43:30,2017-07-28 19:16:36,2017-08-04 15:29:15,2017-08-21,8558dcd2a96e1bf5875a4d37e40e9a5c,2017-07-25
ddcb87eddf4da29aafd1be7658fcef4f,c0b4da14acd1222aab98b2b9c0859fed,delivered,2018-03-04 13:42:10,2018-03-06 03:48:51,2018-03-09 22:48:29,2018-03-13 20:58:25,2018-03-22,02e9827c15167f699df7bf90d326ffdb,2018-03-04
a05ae67f6ad2b945b17caa9fde78c4dd,b4e85444a4ab31a0e63c38c090d6d894,delivered,2017-08-30 20:59:50,2017-08-30 21:10:17,2017-09-04 18:51:49,2017-09-11 17:20:07,2017-09-28,e75b674201686156be971ec3bbf34b56,2017-08-30
be0f8b9e1444dc69d1288a37e32d2895,4471480a2199c933b05f842342a6c57a,delivered,2018-06-11 00:23:42,2018-06-11 00:35:12,2018-06-11 14:41:00,2018-06-15 19:38:36,2018-07-12,859f40a26e8b81608c6d035211098e9b,2018-06-11
654da57158d96035814657b5143bb11b,7edaf2c4de16b035306651cc8840587a,delivered,2017-06-11 20:03:52,2017-06-16 23:33:49,2017-06-12 14:52:53,2017-07-03 16:16:46,2017-07-10,ff4bb0e2cade5df30146a1d570ae777d,2017-06-11
2bae46553a029f4e6c9976e173d676ef,bb238c3218638e73c526bdea9173e8f1,delivered,2018-06-04 10:23:37,2018-06-05 03:50:18,2018-06-05 13:22:00,2018-06-20 12:38:33,2018-07-23,b3ad26ff72857f2cdc64f4ad6abc5834,2018-06-04
dffe39ab35d34d2dc19f4969b4db43e1,3dd44036d8793402eeaa83d4ebc0479a,delivered,2018-08-20 08:46:58,2018-08-20 14:30:02,2018-08-20 14:49:00,2018-08-23 19:38:27,2018-09-04,19502867e25b623b5098a2ea1542b3a8,2018-08-20
4620cc7c4473f6f872e2f2b278f1c6cd,0bc2e73bd83fe784c8e9a761b7c89906,delivered,2018-05-16 06:35:28,2018-05-17 03:34:53,2018-05-21 16:32:00,2018-05-25 16:05:21,2018-06-04,cf6526c2c89703d192e46254f78e8a7b,2018-05-16
2bde77e41b9d794b0083541a36932a6e,ce24b2d3c1fa768516404a1f3af89c8d,delivered,2018-06-10 21:47:23,2018-06-10 22:18:20,2018-06-12 12:16:00,2018-06-16 01:11:09,2018-07-04,e8a8faae8f9f409910e639b1e7202879,2018-06-10
6d987387b063e94301514187b362d3f2,2f1630a0b27c5a05a9c4f22db8d2b2c5,delivered,2017-10-29 15:26:17,2017-10-31 12:47:17,2017-11-01 19:27:05,2017-11-06 16:12:15,2017-11-16,e0ec2e3c3f6e06839e8fb986be65c7c5,2017-10-29
e27f1bbffdd3f7fbcfe975311e0212df,be3164a09bd043a325b0f661781e5915,invoiced,2017-05-13 10:00:58,2017-05-13 11:55:18,,,2017-05-31,ff12bd0a2ed9674fdcad62ae10fcb909,2017-05-13
ee74d6d02ebb3a2ec7b9038dbb0748e8,ce5b62e98a5241ad9d691700a0b0c47c,delivered,2017-08-08 14:20:27,2017-08-09 12:35:22,2017-08-18 16:05:40,2017-09-04 18:34:39,2017-09-12,8aa367da75f0cc2bb2f9fc84ee54b457,2017-08-08
390e5f12e01c2af04027580e4cdde515,5e2ebf449bbe52d961a2a13e898eb175,delivered,2018-04-01 10:03:01,2018-04-01 10:15:11,2018-04-02 20:52:48,2018-04-23 13:50:58,2018-04-24,0527504d9e51e19c4f352774078872f0,2018-04-01
75518a45c276d9863de563ed245edfc5,adbdc433363a070117d747d4dc3524b8,delivered,2018-07-10 18:13:28,2018-07-12 03:35:13,2018-07-27 13:44:00,2018-07-30 18:42:13,2018-08-01,704b53a72357a01177405a3192072aa7,2018-07-10
6f6cb07d8b7afc08593305ec1f28e39a,e20e7de2c0080cce2dbdef34344ce227,delivered,2018-01-18 10:55:09,2018-01-18 11:11:20,2018-01-19 17:49:11,2018-01-24 22:36:39,2018-02-02,150a847ab31d9c34b88e2cf3c1e83b7f,2018-01-18
4a4c6f9e81a1b6f7f8512a987f9fc7e7,a6fae606c87704bb4b297ba5e3b4161d,delivered,2017-10-18 17:14:48,2017-10-18 17:28:15,2017-10-19 16:09:29,2017-10-31 21:06:46,2017-11-10,8043a0586ae1fa4333b323923dcee8b1,2017-10-18
fc6ef99a4b7e2803585c610285aef179,1bc460ac476cf353ba60f0a5f339f734,delivered,2018-05-05 08:27:10,2018-05-08 04:14:41,2018-05-11 11:33:00,2018-05-21 11:37:44,2018-05-29,0582b201db50b4a6a7e80e27f380de9c,2018-05-05
77474f59024d12a846fb80577dd24ee4,fe16ef90ab6e14515a95ba2255d7e918,delivered,2017-04-15 14:40:01,2017-04-15 14:55:09,2017-04-17 14:28:12,2017-04-26 14:34:15,2017-05-10,2fe074ea3cc24b8fd57d29effc995f8b,2017-04-15
358d037d8ffae310476a0d1f3566dfb8,04de67fa7a027d728d72f1666bdced68,delivered,2017-02-23 16:15:12,2017-02-23 16:25:15,2017-02-24 09:45:35,2017-03-06 12:19:03,2017-03-27,6360a310e76374869840970850ea3135,2017-02-23
c3ad507aba1f6b47354085e7e6bed0cf,5156283c24fef4abea13a6a6f4469a98,delivered,2017-01-21 19:46:23,2017-01-21 20:01:50,2017-01-25 05:58:53,2017-02-09 15:44:10,2017-03-15,28989ef45087c96e5a4346e88216c2ba,2017-01-21
808ecdee681597379a39d3697c8b28f1,d3e38ace62dce86e66465738be3bbe6a,delivered,2017-05-16 18:26:57,2017-05-16 18:35:26,2017-05-17 11:50:19,2017-05-26 07:29:52,2017-06-09,a20c99d87ed3c7546edc415f8d45e59f,2017-05-16
c566b950d2202b136e2ae899fc0f5df4,8c4f09a5ace23a2be2cd287d2e6608a3,delivered,2018-03-03 07:22:19,2018-03-04 07:15:24,2018-03-09 19:21:16,2018-03-18 17:38:39,2018-04-03,085bafc6a8a8298ca2bf45edd6352443,2018-03-03
8f705decc6b7168523d676183f61b950,bafb9a285fb5972062ebd25c6403c111,delivered,2018-05-13 23:35:58,2018-05-13 23:51:44,2018-05-14 11:53:00,2018-05-16 01:46:39,2018-05-22,469ae55265c78502c1ce6fc929459615,2018-05-13
442651ec03ad04b3ba5cd034cc8853c8,f9c8f1adcfa05801bc411aba910a8730,delivered,2017-10-05 14:47:58,2017-10-05 15:07:14,2017-10-06 16:46:14,2017-10-19 16:05:41,2017-11-03,95723cf0140c6b2ae1b90adbea7c3bb4,2017-10-05
7646f2fa9419a132d8ff5528846a48d3,b9374bfb8d4215e1fc67d31d2be24191,delivered,2018-03-03 22:28:24,2018-03-03 22:48:20,2018-03-09 20:07:46,2018-04-29 21:12:32,2018-04-16,4a598c97b3c81cc5d6097dddc0c16a72,2018-03-03
ee2cea01096c661886d068781c9dac9a,afbc96f3c48598615bb4d177a6dff471,delivered,2017-08-30 14:09:29,2017-09-02 10:03:27,2017-09-04 19:29:02,2017-09-11 13:30:14,2017-09-21,ad506f1fe6f802754350355982adb067,2017-08-30
89db72753850524e71c11a2531aef8b8,12763b16faa47526b11c99cd24f469b4,delivered,2018-01-30 15:54:34,2018-02-04 23:31:38,2018-01-31 21:24:06,2018-02-15 22:39:46,2018-02-26,787097c0830cee76c22d19a7f57660e9,2018-01-30
3c438ee632629e70a91116ac30f8d511,4c8c91d83ede1b23f28cb383db245908,delivered,2017-10-23 15:34:26,2017-10-23 15:49:36,2017-10-24 14:08:04,2017-11-03 19:48:03,2017-11-03,48800dd5e9e562c35be0a948da95fec6,2017-10-23
803b11f9f2ca75d45d2274b06fbbc71f,58de8e8cfeabb2443286e9d7a08e97c0,delivered,2017-02-08 18:22:59,2017-02-08 18:35:15,2017-02-10 08:11:58,2017-02-24 10:33:03,2017-03-10,c1471d12a2f5e975b20ccef490fea06a,2017-02-08
848b3e3349117bb4bcbcd36dc4b98f2b,378ecea65f92a1ec086b469d9d0e20c1,delivered,2017-12-19 20:47:05,2017-12-19 21:53:08,2017-12-21 18:19:01,2017-12-26 18:10:14,2018-01-12,4deb6655fc8cae677a82b424859b2576,2017-12-19
7ed69fbc79fbda50e09caa9c127026e5,1ce59f480a5fbb7054f9f8e59c577858,delivered,2018-04-20 11:30:06,2018-04-20 11:54:43,2018-04-20 21:03:34,2018-05-09 23:38:24,2018-05-25,8cae259d6dffc5c760fe04bb485d2b6b,2018-04-20
f4c117265844d99c7265bb3191e9aab2,643922355be93dde01b7c85784dcd798,delivered,2017-02-23 20:49:00,2017-02-23 20:55:10,2017-02-24 07:33:24,2017-03-13 08:51:34,2017-03-20,a84e67dfb3adb1a5d956bcf86baa07fc,2017-02-23
f610e3e4a9ad8742b67f429e2772ee72,a12395fb1575b647da026ea4b4a1daf9,delivered,2018-07-23 15:13:14,2018-07-23 16:04:45,2018-07-24 14:28:00,2018-07-30 23:32:26,2018-08-13,e19d0aff38a9959adb9b0c96a450e249,2018-07-23
d5def3e0745284efef0b4dba9009f706,d95825f8162af56bca18b031051af744,delivered,2017-11-17 19:43:05,2017-11-17 20:35:38,2017-11-22 20:18:58,2017-11-26 14:42:19,2017-12-12,5db5a7305e3e2543c045f465531b1f6d,2017-11-17
9f67054716b5806d7ecb46b0f309e5c3,d01964b58144a472eb91b140dc47f659,delivered,2017-10-30 19:25:26,2017-10-30 21:31:41,2017-10-31 17:42:20,2017-11-06 21:03:47,2017-11-17,2b775b75afa0be08220fb73a7e68df3b,2017-10-30
97bdf6b97499737a72115988c76e1111,ae49d36ade03648516f355aadba35bb4,delivered,2018-08-08 19:44:39,2018-08-08 20:04:57,2018-08-09 14:47:00,2018-08-15 16:33:37,2018-08-29,55e8c65e0e22ea79e00690463d172894,2018-08-08
bedeb3a0492ddd2b57e977a4a6ca19f1,3162b599d4bc6dbd2f31321cda648009,delivered,2018-03-06 22:09:24,2018-03-06 22:28:48,2018-03-07 23:09:26,2018-03-14 23:46:30,2018-03-22,e0659e0e474cf56fc5f6bd6250d5c0d4,2018-03-06
141ce9b3c6022301d7fbb3d545e2d2fe,3e8048a809ef1932d05ff8a2a0eb8045,delivered,2017-03-02 00:29:04,2017-03-03 01:05:18,2017-03-08 08:14:02,2017-03-15 14:37:59,2017-03-24,92236d2168d9f0968798cad253cc5818,2017-03-02
a2677b25a26acea6df16cba7c96c612c,5513e61298c776ff659fff29ee5f4f0c,delivered,2018-05-16 11:12:38,2018-05-16 11:58:38,2018-05-16 14:45:00,2018-05-18 18:28:37,2018-06-01,3d4247241ef4c649b821eb1f81ede8bd,2018-05-16
d2f58960c81caf5243ff54e961e470a9,f4db8db2617de3def6b82bc375ecb725,delivered,2017-06-12 13:38:50,2017-06-12 13:50:19,2017-06-13 08:27:32,2017-06-19 14:42:40,2017-07-05,3f10448ee7afd7fe6bf60e78cb53e776,2017-06-12
c55c37eaba6a4d19a6465b0c467010a8,7ded66062983b795ca3c8362f33f5a66,delivered,2017-03-27 10:56:32,2017-03-28 03:50:37,2017-04-01 07:15:53,2017-04-10 04:09:07,2017-04-26,70c66f1f467912b296a331b8dcfe16ce,2017-03-27
6a222dfac7d7cbc4463522eff76e870d,80e0e62eee969f07d409129a5b2908fb,delivered,2017-12-13 19:13:50,2017-12-13 19:30:26,2017-12-15 22:32:36,2017-12-21 20:19:00,2018-01-08,22273396734b91ce0dcf74736c0a8ac7,2017-12-13
35e848019d8ceb908dc3729407016572,53cde9f80e712a986103679352129e29,delivered,2017-12-03 21:41:56,2017-12-03 22:07:51,2017-12-06 21:27:40,2017-12-28 12:57:56,2018-01-18,9db8efc345bb3ff630987b7832217621,2017-12-03
8c2836b61bd663d5d6bc64ee2ba06ac6,837dd01ec42575ff76e5b38c0fb5e4d5,delivered,2018-01-04 21:38:09,2018-01-05 02:35:24,2018-01-05 23:14:30,2018-01-06 12:05:05,2018-01-22,f26d04765958645f5d4bda8bd1d2d573,2018-01-04
78ffbacf7c5428a637e847e5191e4875,424d1b435e0d795202670cbfd165e375,delivered,2018-03-25 23:46:57,2018-03-25 23:55:32,2018-03-27 00:42:08,2018-03-27 18:34:35,2018-04-06,c2dd4254ebcdb38e7e774d9d4290af28,2018-03-25
81e2f3f9f9ab4dea091b20c7a652290e,f90b90ce47228752be8ef845070cddca,delivered,2018-05-14 10:44:19,2018-05-14 11:14:11,2018-05-16 08:14:00,2018-05-21 15:41:47,2018-06-07,1203dc7baad4bababc755c6c39936954,2018-05-14
01f9f30f42a15cb09e70666d0df18856,7b07a86ba7d3c0c53f96bf14ea8ecc1e,delivered,2018-01-15 09:31:14,2018-01-15 09:50:04,2018-01-17 15:05:59,2018-01-26 18:04:22,2018-02-14,2e1519fbbcdce2a37aa5aa94a9076e75,2018-01-15
65e0e5b714d6228729c256106d12abd4,aaaf0308dd4ee292fd6f57b4e0523cba,delivered,2018-02-08 10:59:26,2018-02-10 02:36:59,2018-02-14 22:36:33,2018-03-07 15:09:19,2018-03-06,f1e3499ab75bf3b09eb411aea2335e10,2018-02-08
3d1a669c8ccacd61bf065e1537d5cad4,2096ad3b905d084c9496b1f4289d57db,delivered,2018-06-04 15:52:44,2018-06-04 16:12:36,2018-06-05 12:12:00,2018-06-06 18:14:59,2018-07-11,0def27ca2bd8b3fd71eb871041c0ece4,2018-06-04
95f9129acfa02eeb9182aea571c1854b,936d6e2a7d66d0b100ff47f821e118cc,delivered,2017-07-30 18:55:48,2017-07-30 19:10:13,2017-08-01 18:23:29,2017-08-11 20:15:28,2017-09-01,d75b61fa5df6a529c59ad27bad752091,2017-07-30
b6c558bc9bf16297c51b6de95ad26383,09dc5a66a719f60515d3c23a404aa693,delivered,2018-03-21 09:42:08,2018-03-21 09:50:37,2018-03-21 19:46:36,2018-04-06 23:46:29,2018-04-24,d6b66d6bee01652aacc92254b6d7dab2,2018-03-21
7b224eec76af59d82b7cc8a830c70f93,df6ceb3f610fdff386d4ec827f7162fb,delivered,2018-08-09 11:31:06,2018-08-11 02:44:37,2018-08-15 11:14:00,2018-08-22 13:16:42,2018-08-27,581e841ea48ffed8c5d3a7f2b52c4789,2018-08-09
936162f860c4a324b3885b223cfdf3a3,c29e086e6a1daa6369659bda861aa23e,delivered,2017-11-06 21:34:55,2017-11-07 05:32:14,2017-11-07 13:39:44,2017-11-18 15:59:36,2017-11-27,bf62f39b275704a9bbd38fdffe10af45,2017-11-06
e288fa5f1799464f8ec22b005044bf8a,a3a24cb81ef6ea2381fd68794f394176,delivered,2017-10-02 00:28:14,2017-10-02 00:49:25,2017-10-02 19:32:59,2017-10-05 19:38:39,2017-11-01,df19dc0cac227c6f9d79f598c4b2c009,2017-10-02
07440dff5293ea24c5fac25a473c2eef,5941cab9faecc602df8b6e69150b9d65,delivered,2018-03-29 22:53:27,2018-03-29 23:07:36,2018-04-02 15:52:31,2018-05-15 18:49:01,2018-04-26,1a84bb2f089e3c719176f7cb5648276c,2018-03-29
be47c07fc0095b7f75dafce1451bc891,e222c192449d4567112a069cf7d072d9,delivered,2017-12-16 21:22:15,2017-12-16 21:31:34,2017-12-19 00:33:12,2017-12-30 11:42:39,2018-01-12,0e23aff46c3e0058ea2f0f093e8e7eb3,2017-12-16
8ebbdbcc79e51da16021583a29f2ee21,3975ac6ad466b998b9ed73750192cbbc,delivered,2018-02-15 10:14:59,2018-02-15 10:27:32,2018-02-15 21:38:05,2018-03-15 00:24:35,2018-03-12,bfdef8ee746306df982186eb497f347f,2018-02-15
13d06edeb94fa2372f6ec6fe8a5a5345,247db263438613c61a4b9dceafd73fd9,delivered,2017-05-25 17:22:08,2017-05-27 02:50:16,2017-05-29 14:40:57,2017-06-05 11:57:54,2017-06-19,71430416a809573ed4a01e04fa8e3b91,2017-05-25
e9592428987296ef5360c23a102ef91e,dbdf23b7ee7f22637f2fed7b2f2d2f04,delivered,2018-01-22 16:13:06,2018-01-22 16:33:01,2018-01-25 23:52:46,2018-01-29 17:54:52,2018-02-07,4d65705046d19812f6eb03c133383993,2018-01-22
842785266c32e96b693fa76cf473a88f,fd06144f27bb7cd0a11db676d656a9c6,delivered,2018-01-21 13:29:20,2018-01-22 13:50:09,2018-01-24 23:22:11,2018-01-26 18:06:36,2018-02-06,c6fd3f1dae3b24b6b330f7f50f04c66e,2018-01-21
36902bbe975a558efb33459b1cc8eb5b,c0b6c1536ab658f01aacfa7f2dbbebd6,delivered,2018-06-27 18:29:16,2018-06-27 18:50:40,2018-06-28 11:05:00,2018-07-03 18:52:01,2018-07-18,f5edf007cd8029b8cc0704bb0a27ae9d,2018-06-27
9d107f7c71a717cfcccc479c9e300302,ab23bc8d29aaf7a3978d8e819817575b,delivered,2018-05-27 18:27:52,2018-05-27 18:54:59,2018-05-28 09:29:00,2018-06-06 14:38:29,2018-06-28,2e61eefc516ee26837d29fd3d76530fa,2018-05-27
5bdb0867cd3ddd505f79a2fc7b2d315d,76523bb9cbac54a9e190b9f652762a27,delivered,2017-10-01 22:44:21,2017-10-01 22:56:45,2017-10-02 20:18:49,2017-10-21 16:21:47,2017-10-27,4a082cdc26d0f9de49a440e51ffe55ad,2017-10-01
6bfebeac835b97870a72461537c137ec,d0cc420e8f6516d5fda6490ce1358c56,delivered,2018-05-07 20:24:15,2018-05-07 20:35:28,2018-05-24 09:37:00,2018-05-26 00:38:21,2018-05-29,a11ecad7d119184868507dde9b439897,2018-05-07
e8c68bc8849a22ef58e4ee2a76e04dea,d65a1613b6b9aa8043a1ddbc69e337b3,delivered,2017-04-15 12:42:22,2017-04-15 12:55:32,2017-04-17 11:35:07,2017-05-15 08:27:54,2017-05-10,bd275613059e73a343d66b16cea41903,2017-04-15
97bbec866dd969e84e907130cbb2fac9,0d367d7f8df89442fd5fe0e74d3e26d7,delivered,2017-09-04 22:51:48,2017-09-04 23:03:59,2017-09-06 21:33:44,2017-09-21 17:28:08,2017-09-27,7034ccc891e626676e0dfcde0991d25f,2017-09-04
a7982d7c8e5f1fde0c06a1e958487a19,5f2722a842f2c4139075f98f810e0cd5,delivered,2017-12-05 11:54:47,2017-12-05 12:08:49,2017-12-05 23:13:31,2017-12-13 20:49:05,2017-12-28,5f2e12d6276bcd42023882803d427ac8,2017-12-05
a2f52e92cd1090e316f0f92c3615c179,9fc8572c7cf6582b01f270f41429e1fa,delivered,2018-08-10 22:50:14,2018-08-10 23:04:35,2018-08-13 12:01:00,2018-08-17 20:18:52,2018-08-27,9e36023ccfb1e439309efc920fb157b4,2018-08-10
f0bfdaee5a30958776a78ce4e83a674e,20c55ae838d61c4c013d1a10c50e7d80,delivered,2017-12-12 12:37:57,2017-12-12 12:48:54,2017-12-15 00:46:12,2017-12-15 23:33:44,2017-12-29,55b6b7748226fd730c7ac5dacdcc4c17,2017-12-12
ba4ab82dfc39b245d6688ce6e5d75d1f,32b52863b83b6444493084e1c20a985a,delivered,2017-12-12 18:12:54,2017-12-12 18:31:25,2017-12-13 21:58:38,2017-12-14 20:49:16,2017-12-29,e53c8c54148520d235362a261a88573b,2017-12-12
4b6aca1937b0119de6bd8be675067173,186466a658effad41648168416161f25,delivered,2017-10-29 09:27:41,2017-10-29 09:45:27,2017-10-30 16:24:17,2017-11-04 16:49:57,2017-11-10,5941ba7f91b519d195e16e34fcf61bac,2017-10-29
c00241b8d22988b4f305a817f47bee80,75ce1bb178b20194ab00843a85daae8f,delivered,2017-09-16 15:59:21,2017-09-16 16:10:11,2017-09-19 13:19:50,2017-09-23 17:50:15,2017-09-28,b9e6c91f29d47d23a99f35bc75ad17c3,2017-09-16
f31d5a3e33c2203f5ae326272b1b6b08,1d2e29d040181acb5d3435af42bffadc,delivered,2018-03-18 13:57:53,2018-03-18 14:10:24,2018-03-23 00:52:30,2018-03-29 15:46:30,2018-04-05,53fb7617bf9783cd079d71349396140a,2018-03-18
4fee3f207d799bde54c784b3a172f2df,2172e7cb03b6ff992fba64349077a6f3,delivered,2018-04-13 09:43:51,2018-04-13 13:15:45,2018-04-13 22:03:44,2018-04-24 20:26:54,2018-05-04,9141c8ae173873e1edc4c5ab7e2085ff,2018-04-13
87680c5e6ba498472b6478862b55f883,cc7e69d6f8d94ebb02c2ccdb08d4de34,delivered,2017-05-10 16:57:39,2017-05-12 02:50:23,2017-05-15 10:56:31,2017-05-25 13:08:07,2017-06-08,b0cf52862e59fbb2580993925efd4182,2017-05-10
ed6104a0027e6a269ce0269f21c67f0c,14f9068e637206960a557817377830f8,delivered,2017-07-15 01:33:53,2017-07-15 01:45:11,2017-07-19 18:33:25,2017-08-04 18:55:47,2017-08-18,a0b26b4f59b8b31147d0ef639edc36b4,2017-07-15
c6d2aab4e1535440ff3edc93bd70cff7,9f3a202c07b950692aa1221cd32e976f,delivered,2017-11-06 10:36:50,2017-11-06 10:50:28,2017-11-07 19:28:36,2017-11-14 18:47:59,2017-11-24,17f019dd38d171db5acf7c7f038b5e06,2017-11-06
7ae08d7647a19235b8c81f7769a1714a,b9551584eba90cdcc0fe7ffa718473e4,delivered,2018-01-02 19:27:33,2018-01-02 19:37:27,2018-01-05 01:04:05,2018-01-08 22:53:06,2018-02-01,98e0f427c57bfb3f1eebab526e100d7e,2018-01-02
231f0baccdba5c1d4ec4dd711da58b1e,47ae470bb0beb1c1fa36c02d77a8246c,delivered,2018-07-04 17:42:51,2018-07-05 16:30:50,2018-07-09 12:16:00,2018-07-12 22:32:16,2018-07-26,a105fabef0ff285a4f3e8e4195b74c17,2018-07-04
2cce76800d1714350808d3b4c0a48d58,5030a4d1a017db1f978c6ea1260d1ac9,delivered,2017-05-20 16:37:21,2017-05-20 16:50:17,2017-05-23 14:28:46,2017-06-07 07:26:47,2017-06-14,2ab86468156082e06168e255e42df321,2017-05-20
feedcd6c137912c39c2201db700def89,ca5e08a085e90fb92a7dd0482e4073b6,delivered,2017-11-03 12:26:39,2017-11-03 12:46:14,2017-11-04 09:59:39,2017-11-06 17:32:27,2017-11-16,2f2e2e176fe4bf67bc1b9a8e4d5ecb18,2017-11-03
4a660f659cd47b892fc643f1fa11d707,2e5e8aa95bd699a5e7adf23762e87fc7,delivered,2017-04-02 07:26:56,2017-04-04 05:55:33,2017-04-05 08:58:32,2017-04-19 13:53:17,2017-05-09,702c374930111c593cdd438702c16076,2017-04-02
7aea47643f83c856db4ceee0830f39da,b9a421e93374ddb8c87d13b87c5627ac,delivered,2018-05-09 11:41:29,2018-05-09 11:55:23,2018-05-10 09:55:00,2018-05-16 19:20:03,2018-05-30,f5ee9c315933044916faecd8e0fae4e2,2018-05-09
d657b724ccbf3c04cd34c65f6bbadb10,3f1823485bd1307644714c0406031ebb,delivered,2018-06-12 17:53:25,2018-06-12 18:28:47,2018-06-13 15:09:00,2018-06-20 20:22:20,2018-07-03,0624dafdee14c6029144d595ccc61941,2018-06-12
2815a8d7291facb79cc8c78f144836b3,452c0341844c3025a99d60d9b058e3f1,delivered,2017-02-05 11:15:12,2017-02-05 11:30:13,2017-02-06 10:14:51,2017-02-16 04:47:38,2017-03-15,a9a9c6c3bf1bd2cb9409abacbeccd6fc,2017-02-05
0c9548a509e778d5edf0db66b7dd22d4,8d521d4ee311b662cde488c5fea705c0,delivered,2018-01-16 15:33:05,2018-01-16 15:50:44,2018-01-25 22:43:00,2018-01-30 20:48:58,2018-02-07,e661614250a17fe1a53be84269c7386c,2018-01-16
8869ca127aad76b1ddd3e1c5ef82ebfe,abda07fbc7dacfa31083e66eb96bce7f,delivered,2018-04-08 04:16:10,2018-04-10 03:49:43,2018-04-17 00:24:30,2018-04-23 22:41:40,2018-04-25,ae6b70179dee1d0bd16a634e0222f651,2018-04-08
7ca1ad2143cdd9d02d4d9c1fe9656f4c,6262b34bbcd894a177d5c890e84c30ab,delivered,2017-12-01 13:46:06,2017-12-01 13:58:45,2017-12-07 15:15:25,2017-12-27 21:33:21,2018-01-16,f8d2ce74b814acbf8db166a3d542abec,2017-12-01
e6772dda9bdadd4f57d177aff05c59e0,47bf97506ad07fa9e32c567e32fe2c07,delivered,2018-08-06 16:19:52,2018-08-06 16:35:26,2018-08-07 14:35:00,2018-08-13 19:28:49,2018-08-14,b1872bfc7094b43ed6ae7680f24ff687,2018-08-06
38425bf79bd7ed5a28789e2f0ff5f2a4,8f8bb0410866d416640eebf20b05a478,delivered,2017-06-09 10:11:53,2017-06-10 02:55:34,2017-06-12 14:21:58,2017-06-22 14:47:53,2017-07-06,5a48e68daf6419abb65cd6fd1c03dda3,2017-06-09
89c0fa1e0faaf0980311b9a1fbd5bb4e,228e2652b503dfbd248e6a13a30447e7,delivered,2017-12-26 11:54:41,2017-12-27 04:14:46,2017-12-27 17:44:57,2018-01-16 18:36:43,2018-01-23,73c5b85fe757c062a7ccad81e81635ee,2017-12-26
2c36a11b47ea60c4f373b5891a8d8488,f66f5f591ef53104062fbca23be55104,delivered,2017-06-12 20:15:00,2017-06-14 02:15:13,2017-06-16 13:17:40,2017-06-29 11:58:33,2017-07-05,9abedbe36c440ac556acf94658d1ec9d,2017-06-12
a3d2749aaa405784d0e2b8472e420ca4,618f0a4ffb07d53e0485b9515d12514e,delivered,2018-05-21 10:36:48,2018-05-21 15:32:16,2018-05-22 14:48:00,2018-05-24 21:33:23,2018-05-30,d3525fb30dd3877ec3bc1cd4ed3e0d67,2018-05-21
b422d4bf31b728380653b1ce72e011b3,a212a6ed52c9cc7ec1c4aad6bc66f546,delivered,2018-03-05 20:34:23,2018-03-07 02:49:01,2018-03-15 19:06:31,2018-03-22 20:27:41,2018-04-02,f22cfa37e9ae6eee7788930c7b257df9,2018-03-05
5729676c9570f1edb39c7a1f01e4e0e6,2d42097081e700cc51db9476e4f077b8,delivered,2017-04-15 17:37:04,2017-04-15 17:55:18,2017-04-19 14:10:01,2017-04-26 12:58:15,2017-05-08,e53fd5575f1418397aae732c5755b6fc,2017-04-15
de3574da763e9c4950cfc27933332396,f2468e9b3de6ba79a57728bbfd70527f,delivered,2018-06-04 07:56:55,2018-06-04 08:40:19,2018-06-12 19:20:00,2018-06-13 20:07:55,2018-06-20,c8e2ea7e324f7dd660e7481ec85bef3c,2018-06-04
38936627aa1233ea6b3f8046c93cd207,b801e80468226e897d1f205bb1770401,delivered,2018-01-11 19:49:06,2018-01-11 19:58:25,2018-01-15 17:59:21,2018-01-20 14:56:37,2018-02-05,7d1633430ee94aec4c3e3aac378836c8,2018-01-11
1184f47611befe5e28db021be60171c7,9486b85b8f2341d5f5cd6baa107798e4,delivered,2017-11-25 14:04:40,2017-11-28 03:38:48,2017-11-29 21:13:30,2017-12-20 17:27:22,2017-12-18,069e47b09df9c9e04e44ccd5e639b92c,2017-11-25
698856ebb1ed71af56a153fffb47b0a7,5f219b46ac83e78fc79ad77a4acd32e8,delivered,2017-03-23 11:42:09,2017-03-23 11:55:14,2017-03-25 09:26:22,2017-03-31 08:16:50,2017-04-18,b7bcbb7690a9ac6e59532ed6385f97e8,2017-03-23
519d2277452787b455e35df047b6476f,f90bcfd0da9c6d64675bf7e956f828c3,delivered,2018-08-20 23:52:39,2018-08-21 00:50:14,2018-08-21 10:41:00,2018-08-27 16:52:13,2018-09-25,7b7d279dcd8c4096df6622f18d344569,2018-08-20
aa1c3aeff82c1b948ca7036036bb4cae,db34b92431fe812d551d2ea6f6424ff9,delivered,2018-01-26 21:42:41,2018-01-26 21:58:41,2018-01-30 14:26:09,2018-02-06 18:52:47,2018-02-22,ae7b593ab4ddb6c87cf2759dc6333737,2018-01-26
0eb9c33251284f7417deb0b30e4f1109,83c6d605f6a12d59a09f08cc3856d393,delivered,2017-07-13 12:15:42,2017-07-13 12:25:10,2017-07-14 19:35:37,2017-07-26 19:28:37,2017-08-04,4ad3e061e218845a11e7e6dba6e88ac0,2017-07-13
9461cf76c19c4a544a3e384ba1e4fef4,23a1cd84da198975ae1eac2ce6e03b9a,delivered,2017-03-09 14:27:38,2017-03-09 14:27:38,2017-03-10 12:19:57,2017-03-14 13:54:06,2017-03-28,502120816b4348a2c08e2618a41c93e2,2017-03-09
a61e03b685da969cb1c943792e056c8d,213c1279a8968f4d1b8c277c499a09b9,delivered,2017-08-11 19:50:45,2017-08-11 20:10:11,2017-08-14 18:32:57,2017-08-18 21:33:11,2017-08-31,10d08b0815e9440e864261196046b3e6,2017-08-11
d92a8706984271de71ada4185b112dcf,f500dd184defa958680246d01f502e13,delivered,2018-05-04 22:52:52,2018-05-04 23:10:14,2018-05-07 14:54:00,2018-05-10 19:21:40,2018-05-24,0b51518c7deffd54b13b007c9f91c3f0,2018-05-04
1778680c0dd08f2bcd27642d236a91f0,b38660d1523cef75218d24553accbd7a,delivered,2018-08-07 19:21:40,2018-08-08 08:24:57,2018-08-09 15:23:00,2018-08-17 19:31:59,2018-08-22,322c3cfed5f9ddb133c7f9b93239270d,2018-08-07
887e4a59707e96b2c7b7112201a4db47,943e8299a7de534ab4c8d6db6cb62f47,delivered,2017-12-04 13:15:11,2017-12-04 16:49:20,2017-12-05 16:45:16,2017-12-19 15:36:55,2018-01-09,49bf911a5666e781425b4fe91495454d,2017-12-04
d8c67af252d6fb9d0627101531bd3833,0f57e645cecf722b120603d0d6586f1a,delivered,2017-05-09 10:57:58,2017-05-11 04:05:17,2017-05-11 12:50:33,2017-05-18 11:40:06,2017-06-08,88ae68ab31b5edb14b51dea63e770cc6,2017-05-09
1db135327d0fc7840c151b4ea5d5a21a,9b7bd2c566216ccbf2949e83deb6c75f,delivered,2017-10-17 10:14:43,2017-10-18 02:57:37,2017-10-19 15:09:41,2017-11-13 18:38:56,2017-11-10,154a5a9962a76cee141236c96aa045ca,2017-10-17
d6e86df5b1614d493da54c4c87ce7f2d,cda21065f2893613f957663d963d1b67,delivered,2017-07-17 17:10:33,2017-07-17 17:23:31,2017-07-26 01:13:47,2017-08-11 21:15:15,2017-08-22,d78a0897bfa0787979481653b8bfb50b,2017-07-17
221b863362f9e6ec4ec0a4f08608a69b,a317108e17ac2499f40ad853aa533810,delivered,2018-04-27 22:30:19,2018-05-01 05:54:26,2018-05-02 14:05:00,2018-05-09 20:40:52,2018-05-21,8324412b9a4741da0795da63955680f7,2018-04-27
669c7981751faedef6f92bc287c34205,7226bc2965f2de8ec7b3b0c7336d3d6e,delivered,2018-01-11 18:44:03,2018-01-13 04:55:19,2018-01-16 19:26:51,2018-01-26 17:22:54,2018-02-02,a461d248c9d84a2f36655938a18cd232,2018-01-11
756904aced1cc1a8c19a65e81e94d0bb,83e642b002aaedc0f73ebe1070a6535d,delivered,2017-10-02 00:47:57,2017-10-02 00:56:20,2017-10-04 08:35:03,2017-10-15 16:42:12,2017-11-09,c04c4eafaa090108cab0d3523bc19c75,2017-10-02
c15582dfe92312e48613b9cb37caf0c8,6ea7da4ec82f5312d79d3b27608478bc,delivered,2017-05-15 18:14:00,2017-05-17 04:05:22,2017-05-18 10:43:34,2017-05-26 07:58:40,2017-06-14,fcab9346a63e15349572e6f396f8b213,2017-05-15
192de94c5d82086caf648552314731ad,3a1325eb0f3275e1e22b30c47a852633,delivered,2018-04-20 09:31:43,2018-04-20 09:52:53,2018-04-20 20:37:34,2018-04-23 18:24:34,2018-04-30,6b40de8c55519568e385cdea8f3e1cd2,2018-04-20
50f3744f49a3eebbef56210a31a6d365,948dfa11dc0e5d8ec0d83d72f35c53d4,delivered,2017-11-24 21:59:42,2017-11-28 03:43:51,2017-11-30 22:34:46,2017-12-13 17:39:09,2017-12-27,78ba54017c84478c7aa527b2e96f5f2e,2017-11-24
0f2f8cfaa707ef6df9c6363b3d70ed23,1d8278e9564a98f879c9bd72ae4d45e2,delivered,2018-02-04 21:46:47,2018-02-04 22:09:54,2018-02-15 20:45:21,2018-02-16 20:17:52,2018-03-02,59cf537d3c03f5fd6b2955e683998853,2018-02-04
fefb38c13e2d02e92914fef106135dd2,f13d42ec2a36f840049982c60668cf33,delivered,2018-03-06 11:24:03,2018-03-06 11:35:30,2018-03-07 18:54:49,2018-03-14 20:03:57,2018-03-22,cc09e0ad13cc00b5d90b72bd0e66db8b,2018-03-06
a1c1912f0cb35964cd9d989535ca0daf,c04e5815b1b55566ca94507f0540bb2b,delivered,2017-06-22 14:30:53,2017-06-22 14:42:49,2017-06-23 12:46:44,2017-06-26 14:39:34,2017-07-05,047349583aacc952cfd041dcd3c1ba1a,2017-06-22
7e843e422a53b8895473162e13c2b70f,a63231f577e42f7bad67747bd4489abd,delivered,2017-11-19 11:04:14,2017-11-19 11:15:30,2017-11-21 00:14:34,2017-12-19 14:16:35,2017-12-15,6d2f14779609b8fdc6cc81d8b2a799fa,2017-11-19
c8fc63e28cfdb28172db4303396499ed,46efdd1ffd0e8c960ee3376ae2f119ad,delivered,2017-07-31 12:13:18,2017-07-31 12:25:18,2017-08-02 16:53:10,2017-08-03 19:07:32,2017-08-11,f5071ca0ff5d45adc6f88c20b0671029,2017-07-31
33d2c0186ded7aca630c76c5c9aff5c3,73ea21eca3b58ea2cd51a2b9b0de4ef9,delivered,2017-08-30 15:46:25,2017-09-01 08:20:06,2017-09-04 19:10:04,2017-09-13 22:37:05,2017-09-29,3d0095ba9d5975bc3874d1cb87579027,2017-08-30
8d197eef337470b4ef3c9d7ef80d14fb,f09a06597ebdc4eb72ecb8470fef9f48,delivered,2018-05-06 19:01:58,2018-05-07 09:32:45,2018-05-09 10:24:00,2018-05-11 22:47:40,2018-05-17,37ffa5420cf7284f58e1f77192d71259,2018-05-06
1d7ff382f46d36ad1c5693e52eb63aca,d967389f3d0d075ea2c49648eafa825c,delivered,2017-09-22 10:34:32,2017-09-22 10:45:48,2017-09-26 12:20:08,2017-10-04 20:33:31,2017-10-23,9f857d47964b577091ea73ec9d5b9e99,2017-09-22
3fb5cb07abb84703f0890f6c92589bb8,27f79ededcca8576f9fccc6679bd1794,delivered,2017-02-19 18:40:29,2017-02-19 18:50:18,2017-02-22 15:08:20,2017-02-24 13:57:57,2017-03-23,41092bc6917d5a5eef6fa4053e08319d,2017-02-19
524ea0422eabccf15e4af385f6b153d6,cc8ba8550092fa3b4806cdb82e4892ba,delivered,2018-04-29 22:00:59,2018-04-29 22:15:22,2018-04-30 14:24:00,2018-05-02 13:47:45,2018-05-09,66d523631d9c3452b8de9aa26b90b722,2018-04-29
668afd295fa33d9d9b78c4916baee712,502e94558c9d7f3bea3a605dc652cfa1,delivered,2018-07-06 08:26:54,2018-07-06 08:51:10,2018-07-06 09:38:00,2018-07-12 19:52:24,2018-08-08,75b227ce42d1c33211574dc8a5631ebc,2018-07-06
68a6bc33c20d0ac617d2ebc6bba91b60,c324e4c55f8bf3ccec55d8c6e6c105be,delivered,2018-03-10 18:05:33,2018-03-10 18:15:25,2018-03-12 21:26:50,2018-03-22 00:03:27,2018-04-03,b463c4bb6d538a24e61ad1c827fcde9a,2018-03-10
47b04efea2b87358b63ecb45b93ead7e,c94992fc1a60f5ae59f7fad6ad92d84e,delivered,2017-05-10 20:31:02,2017-05-10 20:45:17,2017-05-11 07:48:46,2017-05-19 07:34:46,2017-05-30,15d5f9213525ed106666b4a3b668b856,2017-05-10
3665babae79dfad7eb45a5727408c98b,0e848c477bf820b51d1c9dbe857b5a60,delivered,2017-12-25 20:51:01,2017-12-25 20:59:19,2018-01-03 17:43:37,2018-01-08 18:20:17,2018-01-23,a551b03305b3c5968c9c2a6d7beb4f41,2017-12-25
a34a2e4844c9dc002407e7821fd3c8fd,0111b8c89dbd979f8d35037954eb6a39,delivered,2018-03-18 11:01:17,2018-03-18 11:15:32,2018-03-20 17:27:38,2018-04-26 16:12:45,2018-04-11,bb14be31dd2eee0178a0d592e8cc1b5f,2018-03-18
2ba265d6ef87c9d7e11c3e3b142b3136,52b56e381d745120ffdd216f8b484675,delivered,2018-04-24 20:44:47,2018-04-24 20:55:46,2018-04-26 12:30:00,2018-04-30 19:02:41,2018-05-04,f0f881d6e90b9cccee6316ba9a29a00c,2018-04-24
727ac18a317c34424af7a9963df73d79,3928d28e61c87c25d0d81dd65e7303f3,delivered,2017-11-09 13:05:44,2017-11-09 13:16:01,2017-11-14 22:22:50,2017-11-17 12:28:36,2017-11-23,60a6edb4d4f60e337b529768a59ffd40,2017-11-09
5adcbeb4d91610f3758024785c55d42d,278fba3a5db56083ffb58d5b1ed37afb,delivered,2018-04-13 13:06:33,2018-04-13 13:53:46,2018-04-18 14:38:16,2018-04-20 23:41:41,2018-04-25,1d7df635299fbc02df95edecfb7344eb,2018-04-13
466e5cddccc661ae332697cc83dcafb1,1c18d3e8db890e1c91c5210e57515421,delivered,2018-03-10 19:31:16,2018-03-10 19:48:25,2018-03-12 23:28:47,2018-05-06 19:13:18,2018-04-05,0785cbda0cc5bdbc16c0149b2c7501d8,2018-03-10
a0ac0049119c70e88509f0c8e30564e8,b62f3146b3166158dcb3e9c1f54f5dc2,delivered,2018-07-19 11:22:55,2018-07-20 05:03:21,2018-07-25 14:29:00,2018-07-27 12:31:39,2018-08-06,46014217dceae9154e4f85ae292bc9d0,2018-07-19
b49319a7567885327afa4739369e479d,17f711e732032bed29a7f3e782c870e6,delivered,2017-04-28 11:32:58,2017-05-03 11:42:38,2017-05-03 12:18:15,2017-05-12 10:33:56,2017-05-22,512dc65ea5c6b31ea4f821431df4a925,2017-04-28
b2453a27c249d949fd6f169dcbaa6512,1a22c8ffd16a2c20492cd02e0536a68e,delivered,2017-04-28 00:57:52,2017-04-28 12:59:05,2017-04-28 14:19:33,2017-05-09 09:37:58,2017-05-29,84d81d873c6b113606e9c984c4d24f9f,2017-04-28
2f3adad02b8b0314fd094fac9fe907b7,571663f5e6a035e2e7acfaf578c64f93,delivered,2018-04-29 15:10:08,2018-05-01 06:15:16,2018-05-02 15:27:00,2018-05-11 16:18:49,2018-05-25,3f17d07106151662ce0d82dce111d29a,2018-04-29
5ed2e5fe2d054f1c4ee480ecc657f995,97b17ba28195599bb4b49da786d8acfa,delivered,2017-11-17 00:55:20,2017-11-17 01:06:57,2017-11-21 23:38:52,2017-11-23 17:09:39,2017-12-14,4760c4078dcc7863d1973871094b8fd4,2017-11-17
c820d5fbb72e2b0a48074c0f7f08a295,e8ac28789133afe8f118a6cb8776d322,delivered,2017-05-08 08:06:54,2017-05-08 08:22:16,2017-05-11 13:07:48,2017-05-24 12:51:45,2017-06-08,133e20311ec257bda38f1798250d38c5,2017-05-08
500e119c1ffc702e84371d25d5b29f96,4d115b2184ee4dd491a5234665158c4e,delivered,2018-02-01 09:11:36,2018-02-01 09:31:15,2018-02-05 19:49:55,2018-02-21 23:43:41,2018-03-02,bf5de30091dc9930de23dc94cb024ace,2018-02-01
a5fd46480530fe84051edbf96b8beb9c,f2ad4abfa3daf84047b848a2e8153271,delivered,2018-04-05 09:44:30,2018-04-05 09:55:47,2018-04-07 01:14:40,2018-04-10 16:48:32,2018-04-30,935b9c5a3162185f88dac06d8d08d623,2018-04-05
0f559863677fb17eed36c4374e198a93,579b6f64ab4ef6bf5a843206bb419bc7,delivered,2018-03-31 11:46:40,2018-03-31 11:55:21,2018-04-19 23:24:28,2018-04-23 21:32:13,2018-04-17,f1a3fbab98ccd16c50d421c10871e7ca,2018-03-31
36815333081d25c7dcb347185e93d073,6a4ed1cc3af287bcc9fe6abfbbceb84d,delivered,2018-07-27 11:21:46,2018-07-27 11:35:14,2018-07-30 17:58:00,2018-08-01 19:54:51,2018-08-06,e36d108281c19ba00d15de8880a51b69,2018-07-27
ca2bf936bb1f3bc31d83dd119beb1efc,6879e4ce134c4bedac15cd492ad81fbc,delivered,2018-07-13 09:16:08,2018-07-13 09:30:13,2018-07-18 13:04:00,2018-07-26 16:58:28,2018-08-08,aab3bf2db93136880f9e249a41f1fc3c,2018-07-13
68435f1e783a9283f9855607d7bc4ca1,bcd30f8834c2e842f37203c4b3327043,delivered,2018-02-15 11:21:09,2018-02-15 11:30:42,2018-02-16 15:39:19,2018-03-01 12:59:53,2018-03-13,06fe5f5b627aa404e13f99f7b9e12956,2018-02-15
6f585e3d1235b5a3e6a640b8858e1b4f,fe902415f7a8cb6528b7b20b4f7e5454,delivered,2017-10-08 14:39:31,2017-10-08 15:01:31,2017-10-09 17:14:12,2017-10-17 21:04:32,2017-11-06,38e7ae247e1c3d004648d989c3159719,2017-10-08
811da02bb93fa66e8ecc0f6b500cf62b,79f56f5284d3a9cf70fbdbfba977db7a,delivered,2017-08-17 10:09:57,2017-08-17 10:25:17,2017-08-18 17:52:24,2017-08-30 21:28:56,2017-09-06,7820dc40c255070d4791a200193584ea,2017-08-17
0d56a8368c4b0250b75177a8ce041fb3,530345c92807cfe2e30133d407a9d324,delivered,2017-09-15 20:12:37,2017-09-15 20:23:53,2017-09-19 14:12:57,2017-09-21 18:33:09,2017-10-03,0b20672b661ca79974ed8d338d92300f,2017-09-15
4c5217fb6ab39cfb5403395d85f26311,c2b2dddae69440202ae09ed199f75c28,delivered,2018-05-25 11:09:55,2018-05-29 03:14:34,2018-05-29 13:44:00,2018-06-18 19:36:34,2018-07-03,041896d54e67bbb4bd79d31bdce23a76,2018-05-25
4cd78b110e3729b0dbfbf21df03ec1eb,b1eaa3755ba6ed57cf89dcb616f1a551,delivered,2017-03-21 10:56:04,2017-03-21 10:56:04,2017-03-21 13:01:45,2017-04-03 16:13:46,2017-04-13,0618225b6ec3682230085167e66ada85,2017-03-21
f760916b8d3de2f236dc4c6f103b5a19,def1c143261d4d704d27162c2af959d7,delivered,2018-01-16 16:45:33,2018-01-17 03:35:32,2018-01-17 22:19:36,2018-01-30 20:25:02,2018-02-15,7126026cf690e8175e59b36efcedaac0,2018-01-16
5f36ab96d98adcdbd05d08d54100f1e1,967598e7784bf78eb9230c6ba6344d9a,delivered,2018-03-26 11:20:29,2018-03-26 11:47:33,2018-03-28 20:21:53,2018-04-02 20:17:49,2018-04-12,d9a2ec3cde2a4ba9650fbf34930847b8,2018-03-26
076008aa37f0393fff972b8b0121fd94,7f2bea5e1e2401a11a15c1e666445196,shipped,2018-06-08 19:05:44,2018-06-09 19:10:56,2018-06-11 13:12:00,,2018-06-19,4e97be24d55ed95a3e6cc85df693bf41,2018-06-08
2a5c45b004d16284b462d61b46ed1460,b6d0aa0a236de4891b11f88498c05f26,delivered,2018-07-13 15:52:07,2018-07-13 16:05:18,2018-07-16 18:34:00,2018-07-26 19:36:32,2018-08-13,8ad7111372b29f1c16ad00c2c3d93d75,2018-07-13
bd68fa144029a95327200fd368b4f4bb,d01ba41facfbcb4ada62462ea4d68577,delivered,2017-12-06 14:16:13,2017-12-06 14:32:07,2017-12-07 17:59:13,2017-12-16 17:21:49,2017-12-29,634f3f7e7defc6cc3d5a26dc6e2f00f8,2017-12-06
f8156c3c902b5ae88ac59a6c7b28f72a,428ed8065f1b2eb32338b0ff5f30c8d1,delivered,2017-01-17 11:21:45,2017-01-18 02:10:20,2017-01-18 16:00:14,2017-01-24 12:21:29,2017-02-27,2d9355ab664231a2eecd5dd9890934ec,2017-01-17
1f31fc163d36ff823c54a14e947b5bc8,3516fe1f76836656ef2b0606179ad3ce,delivered,2017-08-19 22:15:06,2017-08-19 22:30:05,2017-08-21 21:27:53,2017-08-24 14:07:43,2017-09-15,a9aaadd25b8c9effb6bf0bac1c1d157b,2017-08-19
4ca31d816ef051b337c5b2ecdbd58b77,f9ccfaeb8525f18b31359f04c1490d63,delivered,2018-06-22 23:18:46,2018-06-23 01:40:11,2018-06-25 08:05:00,2018-06-28 13:28:41,2018-07-17,56238e115fd05d88a5e9ae565b8c2dbb,2018-06-22
1d090f0194c35ed8b589f82f102bd758,fd453c63f0f4d5bcc17d43c076dba510,delivered,2018-04-28 17:05:06,2018-04-28 17:15:15,2018-05-02 14:58:00,2018-05-09 20:37:52,2018-05-22,3b97119ab53db4ae0144dff13c2ee26b,2018-04-28
aafb4f98c5f3caf0728c00f0c5e79899,88ed670f1c8478bb99d01d6a8d9cf2ab,delivered,2017-12-19 15:53:53,2017-12-21 02:12:49,2017-12-22 17:59:14,2018-01-03 18:07:40,2018-01-12,a00d41a2686289fdbeaedd4477eab594,2017-12-19
f625f27cfbdbca01646e97b4c4bc0a69,9cf67ef86977eb05daa554d987edd46d,delivered,2018-01-23 12:49:41,2018-01-24 17:59:08,2018-01-25 21:49:57,2018-02-06 17:58:40,2018-02-19,ca73b4e71acd9fee1584c6e7d4b3d938,2018-01-23
297358750c4d97989ee76a22ce38764f,0b6f35a17065f42b4737c5978235e61a,shipped,2017-08-25 22:28:41,2017-08-25 22:45:11,2017-09-13 21:39:45,,2017-09-20,c186b8803a338a3bb82a7ccb0d9008d4,2017-08-25
96cf7ecd8c676d61be261ffdda90b008,4db8e7231d058620315de1fea6ad9ae8,delivered,2018-07-17 16:22:32,2018-07-18 02:41:51,2018-07-18 13:47:00,2018-07-20 16:38:41,2018-07-25,92fffea7c555e7cde3066ff5857f336c,2018-07-17
6267698d4c51c2ba30ffcea3adb00e95,8ed895f86b74bac6049066ea7a44c7c2,delivered,2017-03-30 16:07:31,2017-03-30 16:15:12,2017-04-03 09:12:56,2017-04-20 09:17:33,2017-04-25,3f3c699eb87dbb188a13d3c60c29f4ec,2017-03-30
f597f78ae625c3e106ebe17e6e0cdeff,73d3b4069b0e042ecda8c77884a5474a,delivered,2017-11-16 00:03:35,2017-11-16 00:26:51,2017-11-16 17:22:00,2017-12-06 17:07:42,2017-12-15,3119c7d0881db14f17f27bc80b245b48,2017-11-16
70e028766affefb2a0c1dbe2cc075f2a,d3a69c89043aa2f5871e2f408f9c586f,delivered,2017-10-02 22:59:34,2017-10-02 23:14:16,2017-10-04 16:10:21,2017-10-13 19:33:10,2017-10-26,430aa07102022a3a0c84bf3a9d6a9961,2017-10-02
484e00a4ba79a175cd91af90f5656055,bb670618203f9cc6fd8b687f4c5954d6,delivered,2017-03-27 08:06:26,2017-03-28 03:45:25,2017-03-29 13:57:36,2017-04-05 13:26:37,2017-04-26,04286d6b518d663059efd891de25c596,2017-03-27
a81c8b86774acbd8736ec06f26772f41,29df9d84d5c2c55f18ca5afe1701f031,delivered,2018-06-09 09:38:29,2018-06-09 09:52:13,2018-06-13 12:05:00,2018-08-17 11:54:45,2018-06-20,fbed94e43d1a3b02454cf347c3acde1b,2018-06-09
19ac9c16a1ba1aad8f39aee10e7daef2,7c7c111ae872ea147556a0bcf3298488,delivered,2018-04-20 13:27:24,2018-04-24 18:57:07,2018-04-23 23:25:30,2018-04-30 19:58:51,2018-05-16,ed54b14f4dc54b13120bcc86931c5255,2018-04-20
6d47b47d25de405d24f3f4c9378e09e1,5e04cca388614d2ee9d7967921b1a67d,delivered,2018-02-21 15:26:36,2018-02-21 15:35:35,2018-02-22 20:26:37,2018-04-11 12:55:28,2018-03-19,328b9b85bcc66264878c001a11b3bb47,2018-02-21
efda1132a96e6eed1831215008aeed17,895bb1651fed84d066b4ee21258f0a9e,delivered,2017-11-24 00:32:03,2017-11-24 01:09:34,2017-11-24 19:02:43,2017-12-16 00:52:06,2017-12-22,410f18d99b9f308946cf167cc5ed7cc2,2017-11-24
df23ed2daa7af696a5334c284dbc13ba,2b929021a055399bece4bf1464d20343,delivered,2018-01-16 17:27:32,2018-01-16 17:37:52,2018-01-17 22:19:34,2018-01-28 17:02:51,2018-02-07,212f3a7c16008db7bd77ef2470440c4f,2018-01-16
5c1bb17af6206762f786319af540cd0a,bc45a57dc2dd1214356af83eb57a46f3,delivered,2017-04-10 15:14:47,2017-04-10 15:25:16,2017-04-12 14:27:11,2017-04-19 13:53:22,2017-05-04,a2592ff872c8acbdfa3f2c6275375338,2017-04-10
800deb240c0633d6f980c1274f122c6e,9ac1e117d9a236babb452f12b3a8de19,delivered,2018-05-11 16:59:56,2018-05-11 17:10:18,2018-05-18 14:20:00,2018-06-05 20:44:46,2018-06-06,8b2b84458b97dd90b26a906ce666cf27,2018-05-11
66867ff6f46277ae01fa031b8cf249b9,35031ec31fe5263ecba251622833bf3d,delivered,2017-08-09 15:05:46,2017-08-09 15:25:18,2017-08-10 19:37:46,2017-08-16 16:54:15,2017-08-29,8bdffc583750befb6cab79b66e2563e2,2017-08-09
8f8d350bb10d0bc7e257f7e51ffe45af,2c0982ab1f56981193c7074bc9fb4c6e,delivered,2018-03-01 13:25:51,2018-03-01 14:35:39,2018-03-02 21:24:57,2018-03-15 17:55:40,2018-03-29,09ed3ecf05b3685aedb9808910379d42,2018-03-01
819928f65fed7471ab4f5a39391bd67f,cbac4e3f2112643125519cc78eeb5325,delivered,2017-08-18 16:59:10,2017-08-18 17:25:17,2017-08-22 20:39:32,2017-08-25 18:10:14,2017-09-12,2f068bf7cf1c0bc586d55ee256232fd1,2017-08-18
6b9a9e40ac9cdf69e9d4c2643e7d9e21,c3fc8604c40c3c96fa3cd66cdf3bd403,delivered,2017-10-19 21:28:16,2017-10-19 21:49:16,2017-10-25 19:03:47,2017-10-31 19:12:14,2017-11-10,6f11354ef5e67362b38b091a5572737d,2017-10-19
b5c266ddb80e22c5857e6c88e559afd0,e4ee9dc87f21faabb3d9665d49173d67,delivered,2017-11-28 10:31:17,2017-11-30 02:25:20,2017-11-30 22:42:07,2017-12-22 16:32:50,2017-12-26,b68d2dfcec27e20bccf924407c5808da,2017-11-28
ff71192864ceab61b9a0c677ba7f409b,a55002f0d9ba4aa981a3cc93c669617a,delivered,2017-05-28 22:38:35,2017-05-28 22:50:07,2017-05-31 11:21:07,2017-06-08 14:33:38,2017-06-30,4f463757edb0250ec353ab6f3610cf34,2017-05-28
519e5b17180d3ebefad6f7b8c1a6c7c6,ceb7e01a91f28cc8b5e10d35c7a7f376,delivered,2017-03-09 18:59:23,2017-03-09 18:59:23,2017-03-14 13:07:42,2017-03-20 12:08:35,2017-04-10,f3bf0f4119f0541b3bc66ab4dff2a177,2017-03-09
7e052adff60e437b0c8537498c146c84,9a906ee5700b9d34c491088cb85df5ff,delivered,2017-08-21 10:59:41,2017-08-21 11:15:08,2017-08-22 19:55:56,2017-08-26 12:04:57,2017-09-11,d7f43b8ee03c4cd29544034242ec89b9,2017-08-21
f2ab8dadc7b9d7c7385ce34e48a2526e,f5e4b92cac2678c4948e15a55f0ce820,delivered,2018-01-29 13:24:32,2018-01-29 13:35:26,2018-01-31 00:23:07,2018-02-05 23:43:14,2018-02-20,c42370c8c7d472cdbb4b89c52d74217c,2018-01-29
2a6a114fe2292f31891a707ff4731e25,387ac5f7b3d7573ff2fff3d753958d0d,delivered,2018-04-25 22:44:04,2018-04-25 22:55:21,2018-04-27 12:32:00,2018-05-12 11:18:38,2018-05-23,7312c29b3a24b3dba1245468eb4c9cf7,2018-04-25
bd9c7d72943c5118f03bb7524043e0fd,fcbe3f42ab6dc11cfacdfb880a746ffd,delivered,2018-08-27 14:21:30,2018-08-27 14:35:24,2018-08-28 13:37:00,2018-08-29 18:44:39,2018-09-03,927166030972d4c8138c8d561b6cc03c,2018-08-27
dc549de29b05dad7e04a830974bd9278,2732f28bcf2cc84ee0b5ff194170d79c,delivered,2017-07-18 10:14:08,2017-07-18 10:25:21,2017-07-24 19:27:46,2017-07-26 03:14:23,2017-07-31,989aabc133cd6097fb2fc9c4a919af4b,2017-07-18
dd9da3d7a26689e951d0153988f8fb2c,df89ed6b30c452e7d4959378606ce553,delivered,2018-02-04 19:46:01,2018-02-04 20:24:06,2018-02-05 23:46:34,2018-02-20 00:59:05,2018-03-13,1315e12c5054350e2028376bbbbfdaf5,2018-02-04
45a641de1ae2ac645aa11afeb528e0c9,a52c47efb5582ffe518d7ee7288baf96,delivered,2018-07-29 17:25:30,2018-07-30 18:31:30,2018-07-31 13:51:00,2018-08-04 18:11:56,2018-08-13,9cdfdbc9cc6ae546958ddfb3b310d925,2018-07-29
1d7d5d5faa494e404da35277f9b0c302,82de16b6fef9f658cd654343c683083e,delivered,2017-08-20 21:54:16,2017-08-22 03:55:20,2017-08-24 18:07:54,2017-08-29 18:53:53,2017-09-14,7168ec659d0b0e5d84c15c1d6a9268cf,2017-08-20
1c036a86b23c31b9383c1e6f67a94652,4f2861247d5aadcb075836a5e43bed28,delivered,2018-07-18 09:16:18,2018-07-18 09:30:15,2018-07-18 13:25:00,2018-07-23 15:30:02,2018-08-01,f7015ee0a647cbe1b7ee001f57593548,2018-07-18
63f8151f2afc1d5465d47f4c00c029ae,fd90594986bcfa3d3d8124459319b449,delivered,2018-07-24 16:15:19,2018-07-24 16:31:29,2018-07-27 14:47:00,2018-08-04 10:54:56,2018-08-02,ba97be81353382fdea2ae8f8617d69bd,2018-07-24
c69f94d6f227f2384dc83c6ee5deff10,c31395b6a8c03ec7663c19c51d9622c2,delivered,2018-06-07 06:00:58,2018-06-07 06:15:09,2018-06-08 14:08:00,2018-06-15 22:31:59,2018-07-13,9eb50bea8fc821330e360fd0fd25af4a,2018-06-07
5039f5a43f5ff6b05bce59d10fba8cbf,20211f3cfcf1818d8e0bd151f7007309,delivered,2018-07-20 17:16:04,2018-07-20 18:00:07,2018-07-23 14:04:00,2018-07-26 16:21:22,2018-08-10,891da9ea4e5c6cd6003d698962e22693,2018-07-20
3b513d4810b2c2de5e551d0edee87865,e1e6ba5ad13d5baf7ce61a372f6c9818,delivered,2017-12-20 19:14:48,2017-12-20 19:30:26,2018-01-08 21:22:49,2018-02-27 19:13:36,2018-02-07,4ce387d1dc71f40ba7e47a7b1af9a62d,2017-12-20
ba9bd6945bfd574bc44edb1a6276a198,b045b9fad2425e2aa00751699ad7065d,delivered,2018-03-20 13:02:54,2018-03-20 13:15:45,2018-03-21 18:52:34,2018-04-03 13:59:05,2018-04-09,0870b1f9dc477ed671f26f98dfd658b8,2018-03-20
161743a94abde3599def5bdce166684c,a185ce376d3eb3ab5e85d248779cdd7c,delivered,2018-05-08 08:10:04,2018-05-10 03:50:26,2018-05-10 12:15:00,2018-05-15 20:08:00,2018-05-30,557b75f940a01e7ba17ffbf9cc02bb9b,2018-05-08
035da499656c96f8f1cf920dd57ddc49,6dab4e63a2a40fef7c3cb46ab8083922,delivered,2017-04-06 13:02:52,2017-04-06 13:10:45,2017-04-07 12:04:32,2017-04-18 15:56:50,2017-05-02,1270b69469b516c18f61138f16cda7aa,2017-04-06
62f57626e12b27935d0f8bd53594d616,d5a14b1101ecd0dbb3c0744db00dd883,delivered,2018-05-03 16:58:23,2018-05-03 17:10:20,2018-05-04 13:06:00,2018-05-15 16:56:38,2018-05-17,b88f7de47ff63b3a4a558eb1e9057b4b,2018-05-03
b4c378fc7efa4921d498214f89ff5f52,e1025970513db820041ca58bfa27a596,delivered,2018-03-03 18:04:12,2018-03-03 18:15:33,2018-03-05 18:06:15,2018-03-15 15:38:40,2018-03-29,40aa913af937bbbc02ece78ad1306a28,2018-03-03
d8c637c43a0a5a1c7ee79aad5ae359a2,fbeb55dc0e4840f633885ce010e07a45,delivered,2018-07-08 11:38:41,2018-07-08 11:45:43,2018-07-11 07:43:00,2018-07-13 21:04:04,2018-07-20,f6467e3381d5edf74684b41ac432279e,2018-07-08
0b29af0ace8656af84d2a20b635e697b,b583ca6364f9ea2135c2dd9d3a3d1f1d,delivered,2017-08-05 20:27:54,2017-08-05 21:23:31,2017-08-07 22:23:45,2017-08-22 20:07:45,2017-09-06,5e24610c5a55f0b6ffdaf9e846d02362,2017-08-05
81181d82c573fb30b92f2af5153bb1d5,e56ce4689512e697224175875860f077,delivered,2017-12-27 18:12:13,2017-12-27 18:27:24,2017-12-28 22:04:13,2018-01-08 20:37:49,2018-01-30,c3b955e86fae73a7aa4a354250a2f8c0,2017-12-27
28deb75c8cd00d9b37fc3376aca1cc09,1e44f87bfae5a9d7d58881727051db1f,delivered,2018-02-03 14:07:55,2018-02-03 14:30:21,2018-02-08 22:23:56,2018-02-23 17:53:11,2018-03-14,34779146a256d200df2105b21e75f58f,2018-02-03
17d22657f0987dcb5df8abd4fa057f8c,1028d10bd7d1b06c571a8b080b855660,delivered,2018-05-15 07:19:43,2018-05-15 18:16:03,2018-05-16 15:47:00,2018-05-21 16:55:27,2018-05-30,0551e29d87422d88feca4626c030ccef,2018-05-15
678f8df5b1e3e9e562a7587b5a1143ba,7a366704a9562a585054e6a2c02f33b8,delivered,2018-01-11 18:04:09,2018-01-13 04:55:00,2018-01-15 19:08:59,2018-02-11 16:36:26,2018-03-02,e6d38df64bcfa3003724ccb7ffed6959,2018-01-11
b62939b805109a6cc3874aa9ae3ac253,450e5c83c3396f9f80f6628763f4a28b,delivered,2017-11-14 22:00:16,2017-11-14 22:16:21,2017-11-16 16:57:13,2017-11-24 22:42:53,2017-12-11,ba9b9295dc91d13a41c9051d5847d25c,2017-11-14
dddb0be31f3ee940cb28224f09315978,09925cbe133c99a8fc4512393f569b3b,delivered,2018-02-22 11:40:05,2018-02-22 12:20:23,2018-02-22 23:09:19,2018-03-06 00:47:27,2018-03-26,d444b143c29048f17e7f370bff4e3e67,2018-02-22
fea4df6f0bd3b6a85cfe1555dad66203,65d6ba70d7f0d0d81347734167257877,delivered,2018-08-14 17:42:27,2018-08-15 16:55:26,2018-08-16 14:29:00,2018-08-22 23:59:23,2018-09-14,a5b68529f99f0e219d3bffc49bde94fa,2018-08-14
a90cb228a7ad5657d36829d1248d163f,7917fb9df8b0003b3a5cf652bb08a710,delivered,2018-02-28 17:53:49,2018-03-01 03:30:41,2018-03-02 03:23:25,2018-03-02 19:59:04,2018-03-13,9cfc1ef9e6e4ad388e32bb20ed0cfbd0,2018-02-28
45e54aacb62da6bd3c079f5148d52d27,a8c0dfe9a2d3319db98a6b8a78395900,delivered,2018-03-28 10:25:36,2018-03-28 10:35:17,2018-03-29 20:23:06,2018-04-11 23:58:39,2018-04-17,a6c3e96610e095084a1491ec7f5b13ef,2018-03-28
6da26425f18bd6e1d4be0e8be50162a3,9ec1d30277aabbe59336c81c697b60ea,delivered,2018-07-18 12:26:54,2018-07-18 12:35:21,2018-07-20 14:01:00,2018-07-31 16:32:34,2018-08-09,3ff476e6fd1e17745bbc2957b8cde956,2018-07-18
823fe1a57db195a2e5cf3e1297d831cb,0b7a32b0c1338452e8ee959a40fdfbae,delivered,2018-06-27 17:55:10,2018-06-27 18:12:41,2018-06-28 14:55:00,2018-07-04 17:58:47,2018-07-19,f78c08243f34eaab3dc99f8401bc66f4,2018-06-27
e99a451628b46086835d5da0bd58c932,aa38324da86e7b1035b4e924c960dfa5,delivered,2018-07-13 19:45:38,2018-07-13 20:04:02,2018-07-16 13:26:00,2018-07-26 18:08:34,2018-08-02,9496fe4967f2117feed223238c7bcc39,2018-07-13
8bf4eb65d620b4b9cdc2c6c6dd4934cf,cb31d6327bbe3415b3f316ca925e8003,delivered,2017-12-18 18:53:39,2017-12-18 20:30:34,2017-12-19 17:12:18,2017-12-20 14:22:56,2018-01-05,d4979ed35f8cab5fca076a3eb73cbe4f,2017-12-18
ed712eeb5678e9923b98f99407110d9d,a72e35b6d5f7bf2c3ab65d04d9b4f61b,delivered,2017-11-06 22:24:02,2017-11-07 05:31:31,2017-11-08 13:59:35,2017-11-20 21:27:04,2017-12-04,a3f7e1a9311dac0970c1bb2dd47c9a2b,2017-11-06
60f5ff66c997c51c2563dc9c38f17c35,22148058840f9cdf34c516ec250cec95,delivered,2018-05-08 22:04:11,2018-05-08 22:31:47,2018-05-09 11:11:00,2018-05-11 19:58:33,2018-05-24,8f931493b31df1a02dfaaf7a79be647b,2018-05-08
063bbb83c80ba8c04934c9ff389be77a,2219a3cc521a24bad7f19a67dc498e5d,delivered,2018-02-07 08:52:01,2018-02-07 09:09:39,2018-02-09 00:06:00,2018-02-19 22:22:11,2018-03-07,7f400c7204b3881600bf1ae221e1e878,2018-02-07
c7cecd72d8b7b272d7373802da9b302e,85325278b4594920bad0bee36e824631,delivered,2017-03-26 18:23:29,2017-03-26 18:35:09,2017-03-27 14:06:05,2017-04-06 14:16:00,2017-04-13,ff5d0b841838e762e18145556c73bf01,2017-03-26
9f9d6c357b70abad67fe261ff6499a1c,1546083b9da847c3de0b33350ffb2115,delivered,2017-06-15 00:40:04,2017-06-15 00:50:25,2017-06-23 11:32:40,2017-07-05 16:42:43,2017-07-10,cdee81ddb2fbddbe11774549f3965a0f,2017-06-15
bb5a21810a3c7edf1efb45309d98aac9,ca835197242b6040a4ed36cf08916754,delivered,2017-06-06 17:05:35,2017-06-06 17:50:27,2017-06-07 10:57:59,2017-06-14 17:34:08,2017-07-03,e16d7091d21232b86422f61683e8024a,2017-06-06
662e8576975a6bcc2c504d5a8e650553,aecdfec3c05b05231deef420bd20e28c,delivered,2018-04-06 20:41:09,2018-04-06 20:55:16,2018-04-10 03:57:38,2018-04-17 20:35:36,2018-05-08,dabc353135f5a4c3fe6555684d44bb50,2018-04-06
867318eda451a721d23a5e0fbc82fcc9,0d3d95013b7a4c460a17c5e041aa0680,delivered,2018-07-10 19:51:58,2018-07-10 20:07:34,2018-07-16 14:20:00,2018-07-20 20:11:44,2018-07-30,b4a365450bf1efc7d7935fb4d838c3e7,2018-07-10
9d8b70a59accfd6e1344d2d23d5b8ceb,b2307f8cc75c461b1187c98a5d91ed2a,delivered,2018-07-21 20:09:58,2018-07-21 20:24:07,2018-07-23 15:46:00,2018-07-30 17:40:41,2018-08-14,01007c64cbffc1eef7ee682dae0ddbfe,2018-07-21
8c8527960c6b98fe66936cff2603d394,7b7e1565386ae5a382118296494338ab,unavailable,2017-07-03 09:12:25,2017-07-03 09:25:11,,,2017-07-14,54975068b3fb2924fded7c27eb31b54f,2017-07-03
523824180b3b651c5d233b761bdd7597,f0f0d3072b7438ab1aab58129a339a98,delivered,2017-09-20 13:29:14,2017-09-22 05:35:32,2017-09-22 19:33:08,2017-10-07 06:03:37,2017-10-17,cfc8c284cffbd7b7223bdfcd4649feec,2017-09-20
5c1b09b16e9d36654fedd10fab2b7861,7d4096ba1f8acb8a30c8a066d7426ddc,delivered,2018-03-14 19:48:34,2018-03-14 20:08:19,2018-03-27 23:27:29,2018-04-05 21:08:43,2018-04-20,358b9ceaef0c5dd1f54e0745b28bfa76,2018-03-14
26e91b596719ec194aaac895f6d2554b,0fc8fcca7eb5aa34b1dd8c4c0491d95e,delivered,2017-06-22 16:38:20,2017-06-22 16:50:13,2017-07-06 10:07:40,2017-08-04 19:10:13,2017-07-19,7ea4287d46aa89fa09420147733356ab,2017-06-22
25080237d0a969f93948203985e3b324,ee52259681df8fabab268236704fdb0d,delivered,2017-05-12 13:24:47,2017-05-13 13:35:18,2017-05-15 11:09:41,2017-05-19 12:28:00,2017-06-01,72ccda0c6c66a1f0271bb1f6109a4cc3,2017-05-12
1b2ea47a491df032b8a995d37f045681,3b074f1344638ce0b5d88cd3ff364376,delivered,2018-08-03 22:19:24,2018-08-03 22:30:18,2018-08-06 14:43:00,2018-08-14 17:22:30,2018-08-14,415c8201b982d9f1d02699252aba1402,2018-08-03
3a81f00da2cf9c1ef4f30b34bf435c62,13ca5bcb48b28bfac0cff36a30b293db,delivered,2018-03-01 20:13:18,2018-03-01 20:35:30,2018-03-02 18:12:18,2018-03-26 20:52:12,2018-03-22,75b5308f82dadc96caf2c59a0eadc980,2018-03-01
85dc824b1242cdb72addcef5b3ef4233,6fbe7cc67b69143e45695d8025f65ca8,delivered,2018-02-16 17:55:03,2018-02-16 18:05:29,2018-02-19 20:25:16,2018-02-28 16:22:27,2018-03-08,91cc95935f06257a0d7a0e363be6f12a,2018-02-16
bb2f21010cd5289802f3b79c1bcdface,9d224d1b8630762494d3d01fdf1afe03,delivered,2018-08-05 18:29:59,2018-08-05 18:44:17,2018-08-10 08:51:00,2018-08-15 17:51:46,2018-09-11,d208261a7db8e3138ecf2f81ab3faad4,2018-08-05
ad00d9efa7d8a86cf5722b4f79e9900c,e7084cc2c8adcf6fb17adc7ae1a150ae,delivered,2017-05-28 20:03:04,2017-05-28 20:10:17,2017-05-31 13:35:00,2017-06-07 16:24:56,2017-06-21,7532ac0c3f7a4d0c09d7b43df0cd9af0,2017-05-28
a89b268d1a28bab0770e650f25232b06,eb534900c64fcbbe53a4158d78c3bbd4,delivered,2017-01-27 11:38:59,2017-01-28 05:32:05,2017-01-30 11:06:19,2017-01-31 17:27:26,2017-03-01,62f838d90fa602253fca5ab51b672179,2017-01-27
839f4f226f1d843a3922ddb8b3637cc3,d53b03fbfa45a0e2be9b4032538bc93c,delivered,2017-07-24 21:11:25,2017-07-26 02:23:55,2017-07-27 14:51:53,2017-08-04 20:28:22,2017-08-15,89d97e1bb82e20cd818c291281a7dbd6,2017-07-24
52619537cf1e982e097feae63cd2e083,cb4c6e7b2011034ef5cbe350af33ef2a,delivered,2017-03-27 09:51:42,2017-03-27 10:05:21,2017-03-27 15:29:39,2017-03-29 10:23:02,2017-04-13,f400871ed2f7caaf0b7848d156c8a97b,2017-03-27
d17f9e855544f741648a953891e93288,afc9910dda523bd3e6b83bfa889bbbc4,delivered,2018-02-02 14:25:20,2018-02-02 15:31:21,2018-02-05 20:14:41,2018-02-20 22:50:18,2018-03-07,9e0dff968418c421ca5a9e1f70a715da,2018-02-02
9b4b9dac4727545d6a2a43633e62faf9,60ed2813fa78b43f432e38f812188271,delivered,2017-03-01 15:19:18,2017-03-02 03:41:48,2017-03-08 15:43:10,2017-03-13 10:15:43,2017-03-24,19e3f9065f659259a0c469800075612a,2017-03-01
38303e0a3dce8b2bce37ca13b1c3f9ac,27e329ac3afac4f3dffd7d119e679c8b,delivered,2018-05-13 23:54:31,2018-05-15 03:56:03,2018-05-21 16:27:00,2018-05-22 18:52:03,2018-05-25,44adda057b51a700d1e287783b02516e,2018-05-13
98e94d121fb6444de93e426ceeb1e0e0,df2660497087c34c3d0125f7c252a62c,delivered,2018-01-23 12:13:10,2018-01-23 18:16:34,2018-01-24 21:28:51,2018-02-06 13:58:48,2018-02-22,23514d2198beeaa0c6cae93f7bcece4f,2018-01-23
e08f922f045b1291625cda1c4187c7a5,112ef437256ead163d4a365b66cfc539,delivered,2018-01-09 14:21:32,2018-01-11 03:09:09,2018-01-11 18:04:28,2018-01-23 23:44:36,2018-02-14,b80c10a5b8eab9d60aa8effa8448899f,2018-01-09
814e45bc69c7eb4ce275408afbec6633,6a0826e27b0d4fbe7d06f202546881e7,delivered,2018-05-01 12:29:30,2018-05-01 13:35:57,2018-05-04 13:36:00,2018-05-07 23:25:34,2018-05-10,09144ded63e92f04a1650caab79102bd,2018-05-01
0dd8c916a4beb8512a85d15c9ba4c82c,8fb44e903c53eaad9c5379733823063d,delivered,2017-05-17 14:07:47,2017-05-17 14:22:03,2017-05-19 09:55:42,2017-05-25 14:06:06,2017-06-08,a82d9e16794b2921f600796767322a9f,2017-05-17
40968775de06095dbc53bace39038550,8efabbe97625deeeb73ff7986462c072,delivered,2018-03-16 18:14:27,2018-03-16 18:28:34,2018-03-21 20:48:26,2018-03-26 17:56:39,2018-04-19,b516ba2c317f11a21f579fc209526840,2018-03-16
ad829c3ec314b40679b5cf05f1f27025,d0186eb06aa53361d8406e9f209a11b9,delivered,2018-01-09 11:21:48,2018-01-09 11:33:04,2018-01-16 00:57:00,2018-02-17 13:09:09,2018-02-08,3b8fcf8b3d06d44ecc0f8c08e35420f1,2018-01-09
8c1b3c003ccc7719485c46e10b176d4b,e7ae50c200e82fc7d197354243745a88,delivered,2018-01-13 10:05:13,2018-01-13 10:12:32,2018-01-15 18:52:00,2018-01-23 21:47:42,2018-02-19,6c6a6142644440aeff258918a05f36e3,2018-01-13
540b0c68a4bc555477ee033cfb99b095,7a95bccde135bf0facd1744d129d19a4,delivered,2017-05-24 21:12:23,2017-05-24 21:25:07,2017-06-05 11:50:03,2017-06-09 18:42:45,2017-06-19,dc64886bb8a17fdcc594cab6ceac092b,2017-05-24
64f342fec608b8d7ec942b807e01652d,905397c6741c5cfab3482c29903adbdb,delivered,2017-07-21 19:05:16,2017-07-21 19:15:12,2017-07-27 22:04:04,2017-07-28 19:15:47,2017-08-10,3897924b7801bceca8326098b209832d,2017-07-21
b40c4af3ffbbc82b406eb247212668f9,2e13d8aee4a4b6ba67b119efad66a999,delivered,2018-01-04 17:09:02,2018-01-04 17:16:26,2018-01-31 22:46:58,2018-02-08 17:22:18,2018-01-29,3c899ae7786637d770ed2cecbedc6986,2018-01-04
3010b556dbf5afd68de2811b5ce72dab,9d323f9175b4a6c6673fe35fc669ba73,delivered,2017-06-12 09:38:41,2017-06-14 16:05:21,2017-06-16 12:38:00,2017-06-19 15:48:32,2017-06-26,7f185c7bea5689c85eeabc65f36f8cdd,2017-06-12
5981274f06cf3953980d92c65e01d6f4,064c2a4c812f840b0f555748c4a10c05,delivered,2018-03-12 00:21:28,2018-03-12 00:30:45,2018-03-12 20:39:33,2018-03-15 23:11:20,2018-04-04,1a2fe35879c36e02f3b4679ccdf05c0c,2018-03-12
1e4d22706831af396dafda3b8e91c30e,b7c037214d8880173cd7d21e78733150,delivered,2017-05-14 15:12:21,2017-05-14 15:22:08,2017-05-15 13:51:46,2017-05-26 11:53:57,2017-06-02,09b427cfb9e2dbb98384ec238e34f5d5,2017-05-14
8ecf04501b91702b0c93522081cea66a,204db45b1be689b09c9e5c3a705f0409,delivered,2018-05-28 19:14:49,2018-05-28 19:30:08,2018-05-30 13:54:00,2018-06-08 22:26:49,2018-07-16,fc93dee290f23c8b5ab5c2923c66b8cf,2018-05-28
e07a6c5dd28e6b5ec4806a1ca8325e3b,6a616d99ee01ab693de21c57e49ea368,delivered,2018-04-03 09:35:02,2018-04-04 09:48:43,2018-04-04 23:19:02,2018-04-11 22:56:42,2018-04-25,3b688fb4cf2b6a8b40cbfbf9d558c384,2018-04-03
a9f3eefeba2b707e39dfc81dea76cb3a,4dbd23fc431225ba2ef01b343523afe6,delivered,2018-05-09 13:51:53,2018-05-10 11:36:37,2018-05-10 12:03:00,2018-05-25 14:37:25,2018-06-05,d44a92f37badb77d674e63c26b3ae2c0,2018-05-09
38428b9d195d4ce34ece330a56375cc6,00e731383e6ee1e27962b8707c82d8cc,delivered,2018-02-05 15:35:26,2018-02-05 15:55:47,2018-02-08 16:08:44,2018-02-15 21:37:41,2018-03-02,d1148fec8f6a5b13848a1234bb80960c,2018-02-05
c9fda8a29af551413a142b672cd43b39,315ddf3319e828ec1a76fe9fb3b4797b,delivered,2018-05-13 22:58:20,2018-05-14 22:55:22,2018-05-17 12:26:00,2018-05-23 14:14:37,2018-06-08,61cebd138ff305da1ca2f7e98c28cba2,2018-05-13
261a8ca735b8270388b09a99abbb1cff,0ed54de90ee8d3e1921c857d6a8d0cd3,delivered,2017-06-29 14:11:25,2017-06-29 14:25:13,2017-06-29 14:55:39,2017-07-17 21:18:31,2017-07-31,4fc3b2dd77ab8ef16acc3d3a7638be60,2017-06-29
ddff0e1a8a73007a387e5edb05973958,74919fdb4ad927fe09adbab786081109,delivered,2017-09-10 12:37:46,2017-09-10 12:50:20,2017-09-11 19:52:07,2017-09-19 12:34:17,2017-10-03,f6ef9d933dcab3dfdb6802d24037deb6,2017-09-10
a128fa11811ef2e305f9e43d289b2d36,c5115fd52d63d79474eaa381fa7e539d,delivered,2017-11-26 17:40:04,2017-11-28 03:39:36,2017-12-04 20:58:59,2017-12-11 14:22:57,2017-12-19,acfd5b41bfa4969ecacc00a7cb8dafc8,2017-11-26
640883769bc5da4a077725646dc9995a,fb61e5b4450dbcaa3fe807db4cb2058d,delivered,2017-06-05 18:20:04,2017-06-05 18:35:22,2017-06-07 14:49:03,2017-06-19 13:18:09,2017-06-30,f4ab6331516af99592519134ed3a16c0,2017-06-05
82d3f1b33d98fe40e57af92e75f36e01,8bfddc250644238ea1b1815621655fca,delivered,2017-10-24 16:34:54,2017-10-24 16:49:32,2017-10-25 20:37:03,2017-10-31 20:53:53,2017-11-14,43c73f9043398f0dd2163fc5f825e61a,2017-10-24
fbefd252743521f142346bb5fa7a422e,569ba71533670533f183c6bdc39cabe7,delivered,2018-06-09 10:15:23,2018-06-09 10:31:47,2018-06-12 14:22:00,2018-06-18 17:41:37,2018-07-05,81c2d4339cd6d2a719864e6164abd93f,2018-06-09
da7e814c079cfdd00249b4127a6581e9,c434f0f090750e2947398421305ad055,delivered,2017-05-28 19:15:41,2017-05-28 19:30:19,2017-05-29 15:37:37,2017-06-05 12:49:50,2017-06-23,e88e7b4703fbf9a5d3bd1ceaf2a1c825,2017-05-28
35ee767c6d8dd29df4b683ac20d34c9b,006866a6f9ef10d3a85292859c4deae1,delivered,2018-07-30 11:18:17,2018-07-30 11:35:09,2018-08-09 12:34:00,2018-08-17 14:24:35,2018-08-28,73b62c771f1f1e0760f88376d4a2b150,2018-07-30
4345c17bd8c32982e0456521679480bb,1a0bbe06da234b12c757578b86a45ed6,delivered,2018-08-11 13:09:30,2018-08-11 13:24:37,2018-08-14 14:27:00,2018-08-22 13:22:41,2018-08-29,d1d7e6b79353be5ab1782614fe7137aa,2018-08-11
0b7e2039e06db8ce4bb3eb25e8659a51,2c7ad69b706e69d968f1a25e8ad2e9e4,delivered,2017-04-24 15:56:24,2017-04-24 16:05:12,2017-04-27 10:15:29,2017-05-16 13:02:55,2017-05-15,d0e1c3847430b4fff786eb978e6a5ed2,2017-04-24
ec0bc44edd6eff22baea2a84bf6c0404,33693eda66c5b67355e658c96a35c49c,delivered,2017-03-20 09:09:50,2017-03-20 09:09:50,2017-03-20 14:27:03,2017-03-23 10:14:01,2017-04-06,b8f512b1d91257aa543d87085a22742f,2017-03-20
5dbdb8a54c3c54da706c4b123ea075bc,8f11960c5362b638c98994092e0a45d2,delivered,2018-07-02 16:30:35,2018-07-02 16:50:07,2018-07-04 13:33:00,2018-07-10 11:47:27,2018-07-20,31b2b19ac5c147dabaa350763a9a754d,2018-07-02
95d2dcc6b6e2bf808404646e04b9748f,c60518f65df171d84c59b29c2070b040,delivered,2017-09-15 15:01:27,2017-09-16 15:55:11,2017-09-19 20:20:08,2017-09-28 19:55:06,2017-10-10,ab3f078cf2cc7f993a62af198f5adc58,2017-09-15
fe9b5da05a7ca954d7dd62c7ebde8f51,43782d05e9190e1425d7736ce63bb48c,delivered,2018-02-19 22:14:35,2018-02-21 06:10:28,2018-02-21 22:25:00,2018-02-22 22:43:09,2018-03-05,6428c26f2ad4ac537095a9480de6322b,2018-02-19
51942abe49111ec0fb49141d451793df,e5f30c56c6505051f9f470383245a799,delivered,2018-02-09 14:44:19,2018-02-09 15:28:54,2018-02-09 23:42:24,2018-02-22 18:29:03,2018-03-08,f26bb483097107cfa9b58612eb2de424,2018-02-09
7f7c84dc8cc814c4354d21d64ed73a35,075a4b7fe334714470b69980cdd8ec4d,delivered,2017-10-28 10:50:15,2017-10-28 11:10:10,2017-10-30 20:48:31,2017-11-01 16:47:53,2017-11-10,2673ed475f648cf08deac9bb9c1abd0e,2017-10-28
1e09b85a1e6ef1c95b4c08e874ef7ff0,071a86d714c6f99aa23feeecf538399d,delivered,2018-08-16 06:29:04,2018-08-16 06:44:07,2018-08-17 14:01:00,2018-08-18 12:13:29,2018-08-21,6525a7a9d5a867590e69cab391177e1f,2018-08-16
e72b18b71e5d982de591478a060b2821,eaad41d3d3b81fac6a7b314425043b4e,delivered,2018-03-20 22:50:42,2018-03-20 23:08:32,2018-03-21 19:41:35,2018-03-28 21:54:43,2018-04-20,4254cd9b3e19107a1ba6e8a1e37fde51,2018-03-20
55fd9417304208e5b59e67ff2e1c4ae5,a20ebf0d24eb9d9537e5f16205687af4,delivered,2018-06-27 13:26:22,2018-06-27 13:35:12,2018-06-28 14:29:00,2018-07-10 15:51:03,2018-07-26,f69975393f2691760bb5f172140f64e3,2018-06-27
bff383eef89a311b25dbb9e0432402a3,56806cf53b6df06ab6320bc1102c34f8,delivered,2018-08-08 12:23:10,2018-08-08 12:35:15,2018-08-09 14:50:00,2018-08-14 03:07:40,2018-08-15,2d4a27515cca5fe88808116f4df0ed26,2018-08-08
f96187641653e607ec1001aff62bdff0,d19e43bfc6c14d83b972cf699985898e,delivered,2017-11-25 00:05:10,2017-11-25 02:54:34,2017-11-27 20:02:59,2017-11-29 19:17:59,2017-12-11,2cf22e66a6f804b13ba533e0832dc68a,2017-11-25
3083d0620c7cc835cb4c90a8b4895eda,0eb60b1db49f6b8b063fe03c44daa664,delivered,2018-07-01 17:40:56,2018-07-01 17:55:13,2018-07-02 14:40:00,2018-07-10 22:21:17,2018-07-27,d44d127d02daec5cfcbc4eb58e67721d,2018-07-01
ccb8a2df9d55cbe0cbfe1c2f305b1f09,89621045885d619aa92729c28591e631,delivered,2018-05-08 19:54:47,2018-05-09 18:13:34,2018-05-10 08:46:00,2018-05-24 13:58:47,2018-05-25,33959d22e93db0d397bfb42624e1ba92,2018-05-08
f7445b0cae0fd4d05894171adcc55931,da8cabd9ce4f78f6007974686cf6d4e1,delivered,2018-06-06 00:42:24,2018-06-06 00:55:27,2018-06-07 08:12:00,2018-06-18 12:32:16,2018-07-18,12d660460d0cd6ebdcf1206c8f1753a8,2018-06-06
852ec507c9db5b3b1086cb9e6d89c697,2ffc1f71cc3fcf1f2baf2d9ebac6b29a,delivered,2018-06-29 23:09:13,2018-06-29 23:30:13,2018-07-03 13:57:00,2018-07-06 13:46:57,2018-07-31,ea2b0d7a0a90d48af8fa7962e12a4210,2018-06-29
73207c3f43cbf7bc33ac5072aca58e46,a9e922a4a80d6fee774f666f1a45ba41,delivered,2017-05-23 13:50:45,2017-05-24 02:22:28,2017-05-24 16:00:56,2017-06-01 16:05:57,2017-06-27,1e645dd1b963f8a4de3431d3d8ac3d5a,2017-05-23
7638719ed77aa57687d32db4173ace35,d2698b87be1408af6c44b099e7590bc1,delivered,2018-06-11 22:12:03,2018-06-11 22:40:52,2018-06-12 10:20:00,2018-06-18 19:12:35,2018-07-04,544692c237a5c74c9dce3e27d1a066c1,2018-06-11
fcb9ec0e86e6d326a21a96c2008c8610,4825eb6b9fb138f6e32be28a39054bd8,delivered,2018-08-16 16:28:13,2018-08-16 16:49:04,2018-08-16 16:27:00,2018-08-20 19:54:47,2018-09-03,c55f8513b9205dc2bbf670a26cbce329,2018-08-16
d6a1d76fa4b149278faebfac03272bff,0aaf8035b64dd152699c97ca990a7e78,delivered,2017-12-28 09:47:43,2017-12-28 09:55:30,2018-01-03 20:35:38,2018-02-12 10:35:05,2018-01-29,458dae754f4a130f0eec08cb517da4fa,2017-12-28
88b59e460a4c71c9cb07132bc7546161,66905eb09ad32271ee0035c844dda66b,delivered,2017-08-21 09:30:56,2017-08-21 09:44:26,2017-08-28 21:33:01,2017-09-12 19:37:32,2017-09-19,1197ba886110324a1519fff17dd8d1d2,2017-08-21
8bebfac09d9574a3739d28cca22a213b,e5d57b03c5c860a05939cc4ce173af6a,delivered,2018-03-19 20:44:44,2018-03-21 15:35:28,2018-03-23 00:54:48,2018-04-20 20:32:06,2018-04-24,973a3e9bdb965c5033967a6772a0abd1,2018-03-19
45de27572f22822e03786f094dee22f3,5eaca6dbb83458bc7094070e23ab592e,delivered,2018-05-21 08:13:46,2018-05-21 08:31:04,2018-05-21 16:11:00,2018-06-05 15:42:55,2018-06-07,9ff0bccccc58e1dc0c24b3b4600afadc,2018-05-21
0cb316841c24af560f6af0e3fb36137a,e688102208c1564afce92d987656bf29,delivered,2017-01-23 21:33:15,2017-01-23 21:45:16,2017-01-27 14:56:59,2017-02-09 16:14:30,2017-03-02,8a0793d04e0f4be13434516ee7037104,2017-01-23
6c8c2eaa3f73e88dd6dec1b8e00648e3,2939201dbb94797337b7e580fb86cd32,delivered,2018-06-05 16:09:34,2018-06-05 16:53:52,2018-06-06 14:12:00,2018-07-03 18:02:18,2018-08-07,3bb224c5f9ba56e8659ec795aab072fc,2018-06-05
2d636a17cd38ca705cd5221ea22861f6,ab483cc52c9f32a518ca23b4d420c3be,delivered,2018-03-14 09:36:35,2018-03-14 09:55:25,2018-03-14 20:32:31,2018-03-23 17:38:46,2018-04-05,5e831d4f5dd6db5c86417995ba7b06bb,2018-03-14
f0df1737153829ba66d5269909e929a9,1a4b762133b7e44eca5756c5a267615f,delivered,2018-02-07 22:33:47,2018-02-07 23:35:39,2018-02-08 23:47:04,2018-02-23 18:52:41,2018-03-06,f970695774455214d343a537cd2472cf,2018-02-07
fd87f26f55d7a60ee6f71530b416e808,bbcbb915884e700eb649bbe31323cffb,delivered,2018-08-15 20:26:23,2018-08-15 20:43:54,2018-08-21 14:51:00,2018-08-22 22:18:58,2018-08-23,a9d00c49a89c0e5cdccc3994c1917cf2,2018-08-15
0b97599dd090a41840a4edb5e521bc4d,7dc7f423358e3ece6ab8c863d1da0100,delivered,2018-03-28 19:38:35,2018-03-29 18:30:17,2018-04-03 02:08:44,2018-04-07 12:27:31,2018-04-24,329e320a856fb68cd9d0ecdda03b3ae7,2018-03-28
8d32360fedf5e2db2c001122d2fbf799,014693f265c4f52b8c1aa9eb8cd197d5,delivered,2018-04-30 17:22:04,2018-05-01 02:11:02,2018-05-03 19:01:00,2018-05-04 12:51:05,2018-05-18,6b8c64a9320a51ad29012e5fbb9628ab,2018-04-30
4477da12913cb6bd85fc066f52b27f91,ab8f9b7ac7fd6927c569c0233a6f0633,delivered,2017-08-13 23:13:04,2017-08-15 03:35:28,2017-08-16 19:53:09,2017-08-18 22:04:47,2017-08-25,5b7c8326f4b959b9d18be1c669b3e620,2017-08-13
21f7d9bdefa71a3a6edc8c9b7b733b47,f014b7ec884cdfdeffab61baef33fbd4,delivered,2017-09-08 10:23:28,2017-09-08 10:35:18,2017-09-08 21:23:25,2017-09-13 19:22:25,2017-09-27,89b765801f4e0aed646a9814b76d22ef,2017-09-08
5885c796cb862fec64a0110914c9a1e9,40502efcc32e098593b0f0d13a009b7b,delivered,2018-03-19 06:17:17,2018-03-19 06:30:21,2018-03-19 23:31:21,2018-03-24 13:46:45,2018-03-29,6195cf5f8feb3421e833cb5d0baa61e7,2018-03-19
c594dcc4076734aead2277d898c2d187,8300180aad835b088aefe6bcbac58263,delivered,2018-08-15 11:09:49,2018-08-15 11:24:18,2018-08-16 13:48:00,2018-08-20 17:38:43,2018-09-17,7fde2d6f2cf3c49133b7bdb1a06f6499,2018-08-15
8f7f2f0dcfec9c2701f19910bbc20444,adf5c61bd0137302fe68600545f5adbe,delivered,2017-12-28 10:58:43,2017-12-28 11:08:15,2018-01-02 21:10:56,2018-01-18 23:03:33,2018-02-02,d11bb75b65883c35c6b56cd209fedf7b,2017-12-28
8cb07e7e810ad9e5f33062cb4735d488,7cc773cce3ceea8640c54a88b0f007a9,delivered,2017-01-24 00:22:40,2017-01-25 02:42:31,2017-02-03 10:00:52,2017-02-08 09:53:38,2017-03-03,0aca54eb7e0e261cb6d9781fecaf6e9a,2017-01-24
6dcb51857ca646a4809ea67184d43e46,c9f0c8d194842d8945de4d01fa98fb15,delivered,2018-04-06 23:27:24,2018-04-10 03:50:01,2018-04-10 22:53:27,2018-04-11 15:04:13,2018-04-24,b8397f1c55e35a126a6b0bcbf2012748,2018-04-06
7aa23447e2b8d82e2355605aeac705b4,8a32dae8c7971078dd401865dba395fc,canceled,2017-11-23 20:24:34,2017-11-23 20:31:30,,,2017-12-07,63ebf3d11427af1cd9f0ea16e97d2e2e,2017-11-23
0fc1636daf8efc7bd56e6da2ca229656,34372cd32c4dbdde49b415fc1689bee7,delivered,2018-05-03 10:55:07,2018-05-03 12:19:52,2018-05-04 11:53:00,2018-05-09 16:46:52,2018-05-29,afb1ff1bf8b652e29568c11fdb0c7af8,2018-05-03
fe16cd489dc12547d392b20401886aa1,f05c53bebdacd2ec3ad47cce69c03850,delivered,2018-06-29 08:27:29,2018-06-29 08:50:40,2018-07-04 14:51:00,2018-07-10 23:05:52,2018-08-03,09f1550322c7d0c406b54ad2ca7dfce6,2018-06-29
bb112b59b8f03e372acab987c036fbf3,af8b83567bf08fb140505a1b95c895b7,delivered,2017-11-18 13:14:17,2017-11-18 13:30:43,2017-11-21 16:13:08,2017-12-04 20:57:25,2017-12-12,9846c216ee14a40400f4aae954eaeb59,2017-11-18
a5c2a3264abb412912756339fbd24c0c,a0ccfa64a5bce9ae87d01f5804376915,delivered,2017-07-03 18:42:36,2017-07-03 18:55:10,2017-07-07 14:39:36,2017-08-02 17:07:53,2017-08-07,7943a1e0ab1e19116a165c92dd02c37a,2017-07-03
fcfd8bab72ae1dbc9cf765c96b4f681e,448ed262ef5462933d170f5f10f20e5f,delivered,2018-02-26 15:01:05,2018-02-28 10:11:00,2018-02-28 20:07:33,2018-03-13 01:22:38,2018-03-22,f6b599d7e212c63cc92c6c81450e8e18,2018-02-26
86a8dda933d2f5ead748b61f816fd181,e4b6894569fe68e586b02fd831c98f66,delivered,2018-07-05 23:46:37,2018-07-07 04:48:47,2018-07-10 13:44:00,2018-07-23 16:48:55,2018-07-27,9ab7e264a4fe8551657555d5bbdc6258,2018-07-05
529a75fb210fa78371c2b71fa96f8b71,f26dfdc8f3fac264e967a96df00ac3bb,delivered,2017-05-06 09:12:42,2017-05-09 09:45:32,2017-05-10 10:58:48,2017-05-22 12:12:40,2017-05-29,39e29ef332b8513b6708a8be4555637a,2017-05-06
2d15f5afd65b730a72135678ea3487d2,4579d869bafb50f24c4bc5cf3ad6b17b,delivered,2017-10-19 10:40:16,2017-10-19 10:49:17,2017-10-20 18:12:33,2017-10-27 16:42:39,2017-11-10,95df5159db6002b35b9c645006abb4a7,2017-10-19
e5b2ffcb8f2da06d6e3c42b180a41a5e,222686e9bc3bee00511c05f3c4c9e64f,delivered,2017-04-14 14:31:25,2017-04-14 14:41:50,2017-04-18 11:24:48,2017-04-29 10:04:31,2017-05-10,529b9d0e1740c33be85357f29ce0c42d,2017-04-14
047d317db3c34ff477eee816660e44f0,e7b450488b37ccb78581bc78df2bd066,delivered,2017-09-24 08:52:18,2017-09-26 03:35:43,2017-09-28 13:00:14,2017-10-03 17:04:13,2017-10-17,61825845f32d651576361ffb0d1531b9,2017-09-24
f37316634729e88e0ff154d42b6219b0,c15a78098b5cc61cf1b7a89873d949d5,delivered,2018-02-15 23:03:45,2018-02-16 14:32:16,2018-02-21 23:49:54,2018-02-27 15:55:07,2018-03-08,075b56024a18f9fbc0b45902db68247a,2018-02-15
52a0f6c103d6b2a22b489ebf37c5a504,20700d5ae8a3db238609bceed090ea0b,shipped,2018-04-18 18:28:31,2018-04-18 18:50:13,2018-04-19 20:47:34,,2018-05-15,093c898c1a366b534f06d9803672182b,2018-04-18
181ff95f97fee531c4afa9e882186f18,ebf46ff530343a129926adc1f831dea4,delivered,2018-06-20 14:16:20,2018-06-20 14:38:41,2018-06-20 15:02:00,2018-06-27 13:18:47,2018-07-18,0ee57f62666561b72f2ceacad0230cbf,2018-06-20
4934625cf407c998d90cf5a58075e0f1,5ec4239e4822f46301d0080eaf8063d8,delivered,2018-02-09 15:33:41,2018-02-09 15:54:58,2018-02-16 11:29:09,2018-02-24 18:00:11,2018-03-15,bd22ced9ced173d8af378a3e6f396cd1,2018-02-09
6359393f5003c79bab5ff0e3f3b42656,2736939a39d44074bf7db6a1220d5d41,delivered,2018-08-26 10:48:04,2018-08-26 10:55:13,2018-08-27 12:18:00,2018-08-29 19:07:42,2018-09-24,c6622f52e7e4dc8671ad890b974f9c74,2018-08-26
9e7029a8fc76193e3b55064b698c4b4f,e34d16e0a749138a229a81ef1844fa76,delivered,2017-10-17 19:14:06,2017-10-19 03:27:19,2017-10-25 17:52:45,2017-11-14 17:07:02,2017-11-09,bcacb6c3abff6dcc6f6adae2d7e39d9c,2017-10-17
03772e1a30e1a11c351ff80f0e20263f,0a6cd5472a5da8843c9eb2237f4ad942,delivered,2018-03-21 15:47:52,2018-03-21 16:30:27,2018-03-23 00:22:06,2018-04-02 14:32:13,2018-04-09,ab97348f0ea9c126b5465189adce22b8,2018-03-21
908e9be16fe93027637f6ffadae3bd15,fcf34db4bf62be566ac41f0e19c1ae48,delivered,2017-03-13 13:33:07,2017-03-13 13:33:07,2017-03-16 15:17:36,2017-03-22 09:14:59,2017-03-30,6b752c08681548197c1639cbf872d65b,2017-03-13
9ba6ed4d05fa307089d6c81bd8b8400c,b7b87d3282571fd06f494f2e5d7218bf,delivered,2017-09-14 11:57:57,2017-09-14 12:05:42,2017-09-19 19:27:04,2017-09-22 14:05:12,2017-10-02,d9ff2c2a02516ec8114c1a4cabade69f,2017-09-14
c50e38fc8b688b01c6a4109a6e075977,3db8f291923971467c299f44c051a6e9,delivered,2017-11-12 00:19:02,2017-11-12 00:47:43,2017-11-16 19:51:26,2017-12-07 20:42:17,2017-12-29,1b2151cb7df260047594c28f94a1e1d6,2017-11-12
3feb755ea67c811b8216af69e346e07c,36d21d1f51cfe61bf8c909d95d93ad3c,delivered,2018-04-01 12:59:43,2018-04-01 13:10:15,2018-04-02 23:04:12,2018-04-03 15:33:47,2018-04-12,235e55a898e37bf6757bb2c4252043bf,2018-04-01
d78264dfb6f861bf1e46f2dd57e89ab2,2f70a857939aa0eee49adff3cad5f74b,delivered,2018-06-14 00:35:44,2018-06-14 00:57:21,2018-06-14 13:37:00,2018-06-15 16:48:57,2018-06-26,26435e2cea7507ff59be5351235daa2d,2018-06-14
9b41711934b43494976d4412d62deb1a,14c746d1ab062a46b0ddb1cb59cd8bbf,delivered,2018-05-22 09:55:20,2018-05-22 17:14:41,2018-05-23 14:34:00,2018-05-29 20:54:55,2018-06-21,2cff422ea56f68a1e1bdce4371b88d66,2018-05-22
3379d980824f0aa5dab057f2530759bb,17e6d37366dc8c8865588b0d1740d606,delivered,2016-10-10 16:39:37,2016-10-12 03:01:57,2016-10-16 04:01:59,2016-10-19 04:01:59,2016-12-02,3c34090736785a45dd8cbf536ad289c4,2016-10-10
7df5b9c1787d425d92ce5b4dacc70c34,e21548e205144b3d0c313f57954ac390,delivered,2017-10-22 23:49:48,2017-10-23 00:14:15,2017-11-03 18:23:02,2017-11-08 21:59:31,2017-11-21,a898ab43aeef38dc77ef9436c25d6711,2017-10-22
79057e5ff7b1867d1bad7094113196aa,e353488c2733d9fb9abbf5d9772bb8aa,delivered,2018-03-06 14:01:08,2018-03-06 14:10:54,2018-03-09 00:50:31,2018-04-02 18:57:27,2018-05-04,d165e9c46b20c28e573be3d8e6bc9f4f,2018-03-06
b82ba1f1f32eec47bc90651a5bb6dbbe,3242e4ca5a7e5c19c48f28d93a4ecffd,delivered,2017-07-28 02:13:47,2017-07-28 02:43:31,2017-08-03 18:34:34,2017-08-05 14:05:35,2017-08-10,050b06cf630edd6254091a964ad8880b,2017-07-28
41c3d0e8ca38e1a1948bdfbb842c1f27,8b9ae8a8961bb6ca3fa720d5a726da83,delivered,2017-12-09 02:18:17,2017-12-09 02:32:22,2017-12-14 20:39:11,2017-12-28 21:51:57,2018-01-11,67626c49069bdf05ff127d59a6649948,2017-12-09
2eff66aa79a98f80268d0632d8b0c6e1,16c5e6f9f7b7f5807effe487f706f404,delivered,2017-05-11 17:29:26,2017-05-11 17:42:12,2017-05-12 08:31:33,2017-05-18 17:16:56,2017-06-05,282d5364381d50944af8f3a47ee9d364,2017-05-11
d210227507b75e9201982282bd334a70,bb933d4d77efe30b6f5f3c76d430e69a,delivered,2017-08-28 18:41:07,2017-08-28 18:50:12,2017-08-30 22:43:34,2017-09-02 12:30:09,2017-09-15,7eea63c4b53d09000f70a7147eef433b,2017-08-28
92af6caa17b88fab18c4c443739e1f13,7e7631de70e8aab25d523be6c73d46dc,delivered,2018-04-10 10:35:35,2018-04-10 10:50:40,2018-04-10 20:17:42,2018-04-26 18:34:32,2018-05-02,9425fbd65529ac1ba5f5e02bcfe60ac8,2018-04-10
ec61ed5b0c3025621b3c2f416ebbcfb3,879dfda097aaea67d1c652f30dc6ace2,delivered,2018-06-26 13:49:04,2018-06-26 14:17:17,2018-06-29 09:38:00,2018-07-03 08:52:44,2018-07-13,433c2bdfcd0925e72a5062ab28a92edb,2018-06-26
1801ac1e33ecd0aaf015d7b7c0e70204,82161fa730414d7236334ed880197d6b,delivered,2018-07-29 08:05:14,2018-07-31 03:45:39,2018-07-31 15:22:00,2018-08-02 22:27:51,2018-08-09,c980aa5650bb3185c61950ac9099190d,2018-07-29
00a1e977cf6e672402963940db55d919,e0dc8ea464de23db3b4aa5fa6ae07cc3,delivered,2018-07-25 16:25:31,2018-07-25 16:35:16,2018-07-26 11:53:00,2018-07-27 16:12:04,2018-08-02,383fa1a759c0437605732a46d4f43d2c,2018-07-25
685b6ac77f0d5c2dc070c3016e8bfe4a,225b48a271302bc83c266081c9b31dd7,delivered,2017-07-31 13:45:13,2017-07-31 14:05:23,2017-08-01 18:13:52,2017-08-09 18:53:53,2017-08-22,dd2df39f55a903e9b7fe240356a0a24d,2017-07-31
400aa5c769fda1017c9b3a3075a8aac3,a0e82528d5112c47eed2ecb84f6c55b7,delivered,2018-08-19 22:20:49,2018-08-20 13:35:19,2018-08-22 12:47:00,2018-08-23 18:50:46,2018-08-24,ac86b834ffa9d8790fcc78f20eed9745,2018-08-19
2da57b1db9c95f9cfdbc6947115a3ab9,bdd81a77446e0d4786b388ae8ccf3a3a,invoiced,2017-06-08 18:24:28,2017-06-08 19:03:29,,,2017-07-11,4b0a2e2c2a92a7656731040d2ac0883a,2017-06-08
46d276d1bd7ed3c213c4a8b2f19e19cb,3b861947bb9b9c9e9ad19d15d944e254,delivered,2017-07-21 21:08:33,2017-07-21 21:22:54,2017-07-24 15:27:52,2017-07-28 17:32:49,2017-08-10,a45bcefda1f47098416e2f8112030dea,2017-07-21
55e62ea5906d028721528c19cdd49bb0,c8b247257712087d3db0b8d143650baa,delivered,2017-06-05 16:24:03,2017-06-05 16:35:19,2017-06-09 14:12:22,2017-06-12 11:34:17,2017-06-19,3408a3f9a4471c1cc97b0190c086ead0,2017-06-05
92ebca361a35d3b733c6b4bb54dc673a,96c7658be43cdfecdcd5278014990f62,delivered,2018-04-06 21:00:39,2018-04-06 21:10:17,2018-04-09 18:58:48,2018-04-23 18:38:26,2018-05-02,26c303778f2a53c3eb172df6efe063fd,2018-04-06
688a1fb5a54c53aa2933100d86c19f72,745525d3948e50fdadab4c0970897eb8,delivered,2017-07-07 21:48:26,2017-07-07 21:55:21,2017-07-11 17:12:54,2017-07-26 01:27:57,2017-08-11,fed9327da5974f1dc498426af38f3bfa,2017-07-07
4ee4c7c2fa34f8e2a66accd827f53d1f,20aa562a8eb327bf99b5c3d425712beb,delivered,2018-07-02 16:04:03,2018-07-05 16:15:55,2018-07-03 13:35:00,2018-07-06 11:03:24,2018-07-25,2b7a6611fe5722fbb667e1758ccf772b,2018-07-02
d23d2182819dd427049cf791f8b3f622,1dcf22ba080f8d33b817de2f69e25759,delivered,2017-05-11 10:19:12,2017-05-11 10:25:26,2017-05-12 18:52:08,2017-05-22 07:53:53,2017-05-31,7397210b6b1c62f455f2dc7f758fa74a,2017-05-11
664fffdda32d46c6b21de73112d0a468,7ecd15f6d34699808a3234da75bb1fec,delivered,2018-06-08 13:41:52,2018-06-08 20:31:50,2018-06-18 11:55:00,2018-06-20 02:08:28,2018-06-28,b078a68f0201a01867de45c93fc312e6,2018-06-08
9ba5f335615c19f72ea3979596379dec,60a55ff24010fe2ddf59b2389d868496,delivered,2017-12-10 11:07:30,2017-12-10 11:14:21,2017-12-11 21:34:22,2017-12-19 18:13:04,2018-01-09,57fb7b4c9df2b76d4bd5113c667ec47a,2017-12-10
ec336abeb94427ad09db080acc143373,545a80baeb1729733560a1214b08a93d,delivered,2018-05-03 11:41:22,2018-05-05 02:55:11,2018-05-07 12:08:00,2018-05-16 20:24:26,2018-05-30,6b0df71fc82498a7a020d68f44bf531f,2018-05-03
acee82e21828ddd887e48ad3afc6704e,db913801d35c42706a588ed996c67318,delivered,2018-08-06 23:07:45,2018-08-06 23:24:35,2018-08-07 07:58:00,2018-08-14 18:42:40,2018-08-27,208fe9aa6033a77419f8f503b7698e03,2018-08-06
74973f83083be040a56dfc7209f45fc8,c5223ed17c50a5c0c3f51a4b38b565f1,delivered,2018-07-20 15:25:04,2018-07-20 15:44:09,2018-07-23 11:24:00,2018-08-07 14:16:38,2018-08-08,d7ac1e2ab73bda5c3ed4ef3fb5ce27e5,2018-07-20
bdf9c2bae94a8aed4105d0206d1e77a6,93e8a452cb11afc06b4e29ad38a2eeb1,delivered,2018-03-31 21:09:19,2018-03-31 21:27:45,2018-04-04 23:53:17,2018-05-08 13:58:42,2018-04-23,94957a9a490faf52b22ee08aaa99b87a,2018-03-31
2df0229081c89bf92df7de9f51cef7f1,e5d5e70c2fb2cc7a620f72f70d65336a,delivered,2018-04-02 09:21:17,2018-04-03 05:27:54,2018-04-05 16:42:36,2018-04-09 23:13:02,2018-04-26,1050942dac3cb20798375bca2452e851,2018-04-02
55e6c58fec03654f425a4d47cf4631eb,1a8582fe2b31a03c19ea05a47f1ff106,delivered,2017-04-22 17:58:59,2017-04-22 18:10:15,2017-04-25 12:57:39,2017-05-13 09:37:37,2017-05-17,d3853962f84915235bb0691c562135af,2017-04-22
bf6382f94979a0be448a705ce5d3a974,9c55162e2ffd72a9b9cfd56326417382,delivered,2017-08-30 21:14:32,2017-08-30 21:30:12,2017-09-01 14:43:45,2017-09-08 20:51:49,2017-09-19,2170922656586292d377740ae239c5fb,2017-08-30
8add635e672a6b52fa66cc99d940ab8c,f19ab40f6dbb02cacadf51b9e3157f56,delivered,2018-05-06 10:37:42,2018-05-06 10:53:03,2018-05-07 16:41:00,2018-05-18 17:26:33,2018-05-29,a0d59ddeee1bda4328abd1fe8a1fc5bd,2018-05-06
62d4317f23a821e49febfee95a41b0d5,82c951b43c5a213d1255c0aac6bfbf02,delivered,2018-08-13 09:04:32,2018-08-13 09:15:13,2018-08-13 15:26:00,2018-08-17 14:12:58,2018-08-21,23d119699ad2ed4740e0b2049b9ef532,2018-08-13
09c6ca023de352874ee4fda218d19a81,7d9da42e2199a286266a8084af43ba85,delivered,2018-05-28 21:25:51,2018-05-28 21:55:31,2018-05-29 12:21:00,2018-06-07 21:12:57,2018-06-29,88047d4db0593446a2c4cb780d3378e6,2018-05-28
68b37c61acb057cd5047ff23bfeb540b,ded48af287ccd1d155aa6239f645c087,delivered,2018-07-21 21:56:43,2018-07-21 22:10:12,2018-07-23 16:41:00,2018-07-24 23:06:43,2018-08-03,109fec7491de21b910f45c6369b0e0d8,2018-07-21
8a9c85020206b99d373e46acae940127,ac8cc4a85ca3d9075ef451162d432d05,delivered,2018-01-10 14:42:48,2018-01-10 14:51:27,2018-01-11 15:59:25,2018-01-31 12:33:34,2018-02-05,0656860092e0bf37da2f7a80df83f2d1,2018-01-10
88e2adba13194300be8cfaeee4512133,7221af11f031fe8b9088683a30273cfc,delivered,2018-07-18 01:31:21,2018-07-18 01:45:10,2018-07-23 15:02:00,2018-07-25 20:51:03,2018-08-03,e72ee53d1e985b90b87643008e86518a,2018-07-18
3b9a17f139dcef391577a6dd21f65093,52d99a5beb79f63e9eedc2fbcdaca721,delivered,2017-06-29 17:10:42,2017-06-29 17:25:29,2017-06-30 14:10:13,2017-07-07 17:29:42,2017-07-21,3e5a237352ac4b53e1281b9b62efcbcc,2017-06-29
52b9a4ef7e4655cb918edd7613606ce1,cb2822257aa212fb6a955a2163d6012f,delivered,2018-04-30 11:04:53,2018-05-01 05:54:59,2018-05-02 14:30:00,2018-05-09 23:51:47,2018-05-18,8dc65474d70bbbe8c488dbe695bd0e23,2018-04-30
9ccd75b5f3444a2dbf104b9cdc1183a1,f2e6426b75732148c1fceb5131c79ac8,delivered,2017-07-25 23:49:05,2017-07-26 00:45:07,2017-07-26 14:28:35,2017-08-03 17:02:57,2017-08-16,8c9f8b4839d69680fb42ed79cb9a45f8,2017-07-25
d7c0a751614a0ef7306fb96836c0df57,2d02f670df520fb5c5c5a818a9486c47,delivered,2017-11-24 00:14:56,2017-11-26 00:33:24,2017-11-27 19:42:33,2017-12-08 22:52:07,2018-01-04,193c557222b982733aa8b9fa483a6c5e,2017-11-24
06093968558c2db43ddc36679aacc280,eed06a5744e075618d811e74e1826a22,delivered,2018-07-16 10:27:29,2018-07-16 10:44:38,2018-07-16 13:08:00,2018-07-23 23:10:39,2018-08-07,86552476d5133f3ea1bc914547d91ba1,2018-07-16
48bc7c3a0885049a0bf2d42d42421de2,21b1540ea5bd484a35a8b46662a0b756,delivered,2017-11-25 09:41:04,2017-11-25 09:51:07,2017-12-08 16:42:31,2018-01-09 21:46:33,2017-12-21,f20c1d28f91e4d11247d116b95a76e9e,2017-11-25
42ee4f991900767ba353278c7c4f4df3,9a29aa642b3884b48ea5a04729ae703c,delivered,2017-10-31 08:44:54,2017-10-31 09:06:19,2017-11-01 15:29:26,2017-11-03 18:51:55,2017-11-08,b4b02dbd03241e9def68e7be74202bd6,2017-10-31
4dd1f29debee7ab872c8919f35a80070,51cfe38e55dc309dc27164c60fe75107,delivered,2017-04-06 15:06:48,2017-04-07 03:15:57,2017-04-13 17:38:15,2017-04-20 08:51:44,2017-05-04,6d133afc66c51d5af4326fe767296f61,2017-04-06
9d7ab082d6d8a4b069683e5a77db1261,ff6ed6bbecff417c54e415deed2caa67,delivered,2017-08-30 10:11:34,2017-08-31 02:35:52,2017-09-01 20:55:45,2017-09-11 18:23:33,2017-10-09,4de14d20430bcd76c5d80a7b4a7e1d64,2017-08-30
051d564ccb0a1e50070ac26704a2ba72,d5dbbec5196cc5d81fff118925e2bc5d,delivered,2018-08-23 23:05:07,2018-08-24 01:10:09,2018-08-24 13:48:00,2018-08-30 17:32:59,2018-09-06,1e887ea4fea3832176079f70db143f08,2018-08-23
67054420c38f2db9d12db40e122f02b2,bfc848a6094c161f69be50d12014e12f,delivered,2017-02-23 11:42:38,2017-02-23 12:23:01,2017-02-24 11:08:35,2017-03-07 16:27:44,2017-03-28,92649146edafde492ace2d29a1fde6af,2017-02-23
91260d5d88d51354a02afecbec80995a,ac45967813f56118b67f7f5f4ef687be,delivered,2018-03-13 15:40:09,2018-03-15 03:10:27,2018-03-15 19:51:47,2018-03-26 17:58:59,2018-03-29,de014eaed4c2b8eac679deb6091a7c92,2018-03-13
64a58e424494f1f8ed5895885b9dfe16,35c4894c0ac3f346ebe6bb4eafe572b7,unavailable,2017-10-23 13:19:27,2017-10-23 13:28:24,,,2017-11-03,85518e1fb0911ff3caee0ae2b93e8c89,2017-10-23
e46cadf63ee53cca6065ae0affdd1d83,bb63bb88b869f39f4334da43ec942775,delivered,2018-03-23 13:01:28,2018-03-23 13:15:23,2018-03-27 02:04:04,2018-04-03 16:03:21,2018-04-19,ac0b1f3ca1f5ba4de31cfd78cff7a1ac,2018-03-23
869f864e7f2f978dbcd94854775ef0ac,8af2a4d01185ec6c719a6c77209b5968,delivered,2017-11-17 19:51:21,2017-11-17 20:56:07,2017-11-20 22:16:49,2017-11-29 19:52:10,2017-12-11,ae61d645b4d62af1ff7f1bf2e1d240ef,2017-11-17
d67fdefdd78c824692a1f0cab56e71c5,a8cf4ecb273e117353b346df0f23d3b8,delivered,2018-04-16 11:57:42,2018-04-17 12:30:12,2018-04-20 19:03:56,2018-04-30 22:38:37,2018-05-17,64a06910b689ca2dc9b3f88eb5134785,2018-04-16
43ab73c0fdb75dcd4b4ef724da1541c0,d904dfc6aacfb0ccf2f8c9dfb90d21f9,delivered,2018-04-17 08:21:47,2018-04-17 08:30:40,2018-04-18 20:42:34,2018-04-24 19:03:41,2018-05-14,3d01523c62122408343bc08a31ddb1b4,2018-04-17
5c5bbd6db76559427661810d806bae25,efc63ad0c52f8bc3823f66b70616a280,delivered,2017-09-13 22:56:40,2017-09-13 23:05:42,2017-09-15 17:57:57,2017-09-26 22:42:35,2017-10-03,fd47af963b760f05fbc357474509905e,2017-09-13
cfa852b36d4337ce761694088ba477d8,3f44331491977449e9c1dcc16d007028,delivered,2018-04-24 09:30:56,2018-04-25 03:51:31,2018-04-25 13:47:00,2018-05-02 15:18:32,2018-05-21,4c62d633110e280bfc516aa7c6fb12e2,2018-04-24
4d2e2634819452adb3313ccb5abd344f,ddcf0c5826937e7ebade722769b2e100,delivered,2017-03-26 18:23:58,2017-03-27 18:25:09,2017-03-30 16:09:57,2017-05-17 17:09:31,2017-04-18,26723c2369b2d756562aea0d206748ca,2017-03-26
68d1c970d581919895404c1e68e0bf3b,316ac291a95ed6a5f1b367a578bf6ae6,delivered,2017-03-08 16:34:25,2017-03-08 16:34:25,2017-03-09 10:08:03,2017-03-14 15:18:58,2017-04-03,85cf9c3f1dccec7a7a075797df5ed170,2017-03-08
cdd4fd6abe91d418574b7001b682cf87,076f94b60104b86cb0ac29a9bc1dab6a,delivered,2017-05-26 21:17:51,2017-05-26 21:25:15,2017-05-29 13:20:18,2017-06-02 14:37:59,2017-06-20,440fb40fd45aea8a5dc60465f9b3d15d,2017-05-26
07166782eef2ad2a57e415ec606fa7c3,ad81cc2a6e48530ced9ec9411f109ba1,delivered,2018-05-06 23:00:21,2018-05-08 19:35:21,2018-05-09 13:58:00,2018-05-10 22:08:48,2018-05-18,67f73ad5518eb4141ed051adc7a49551,2018-05-06
eb9f60e17d14840ff128c124a67fb158,46c33bda048651fe128f54630c1fa952,delivered,2018-05-21 20:16:05,2018-05-21 22:16:36,2018-05-23 08:39:00,2018-05-24 21:40:50,2018-06-04,bf6455f88aec02d9164f9a705a82861f,2018-05-21
2e5763acace24933483420e74a222c5e,ae5a8b3960da2fabebd3e52971ee961c,delivered,2017-08-08 17:22:23,2017-08-09 02:50:18,2017-08-10 15:13:37,2017-08-28 17:03:14,2017-08-31,807c0ac284bee9b2f6dd25c571158821,2017-08-08
bb95bf1d97c8c2a8e327a7e4b0add9df,0a70df00420916bdd44e37bfdcc0d5b5,shipped,2018-01-23 22:24:55,2018-01-23 22:34:49,2018-01-26 18:59:12,,2018-02-16,a24587c47d40ff560266576b543d16d8,2018-01-23
5f85f13b7f5a2f767c222724ec8f2525,fc7dec967c292dbff57a7a50c1ebb83d,delivered,2017-10-21 14:13:01,2017-10-21 14:28:24,2017-10-25 17:19:39,2017-11-10 22:26:42,2017-11-22,6534d7c7b330f91eedb1512f164f7fe9,2017-10-21
2fd47b273ede4fe30db2d0813629b638,f919a99c4dfc80c441d75f16f93ce73d,delivered,2017-11-24 17:11:29,2017-11-24 20:52:34,2017-11-28 19:21:18,2017-12-15 20:19:06,2017-12-22,dbc77fd51860680b60f6539f94dd37ce,2017-11-24
54a6545f89aadb5724b75a5a6a1f7837,84bef538fd967ee1e43942c9974df7fd,delivered,2017-11-24 11:13:14,2017-11-24 13:14:08,2017-11-24 20:32:56,2017-12-11 21:07:58,2017-12-15,09ae91daa0c64b7d90031bb0cc2ca8d4,2017-11-24
865373eddd40d33e64fae3956b3878e5,1e268ea1079d8a0eb6f8d22bb522534b,delivered,2018-02-06 10:41:33,2018-02-06 11:11:46,2018-02-09 13:52:30,2018-02-16 20:35:26,2018-03-02,33dafb1a0bbad1c9d8421a5609dc942b,2018-02-06
c0e4c3df961ce7e499b939145554c4a5,2a1b4aa479d83b7185ae4d295429aa78,delivered,2018-04-08 17:24:50,2018-04-08 17:35:14,2018-04-09 21:37:41,2018-04-10 22:33:27,2018-04-19,c5960acf4cd32acb2f891cee6e7cae1a,2018-04-08
51db60a37211444535ec72de7673fa41,358c143b159c4ab9ad749f57537bc382,delivered,2018-02-09 09:05:39,2018-02-09 10:11:46,2018-02-09 19:43:29,2018-02-16 01:55:52,2018-03-09,027d053c7d8203f3ebb4512da23681fb,2018-02-09
f1c5f3e9df9be5699de80cb4eec88c04,9f8b2ccda5f9f90478038be84bb1ce22,delivered,2018-02-22 13:30:06,2018-02-22 13:55:28,2018-02-23 21:32:56,2018-03-01 21:29:51,2018-03-20,818fe75a5a6229b3769b04c4ec9be2f5,2018-02-22
d1e1299424589b6fbfa531fc49452f01,0368541bf462ab4f227778b73f427c2d,delivered,2018-08-13 16:19:19,2018-08-13 16:50:27,2018-08-16 09:52:00,2018-08-17 20:28:46,2018-08-21,ac2593adb817694bb87be3eb71ea1c74,2018-08-13
0d2046f9274a9bbfe1ab9488931befbe,567d514f1a88c65ff485aad94cc1ca56,delivered,2018-05-08 13:37:28,2018-05-08 13:50:33,2018-05-09 14:20:00,2018-05-14 15:12:10,2018-06-13,2ecfe824ba25ed1bfb28c90d450db8fe,2018-05-08
75b807e20fa82b17f1c29a7e140e88a3,82217a7ab915ad5b9bb04c51e92e29dc,delivered,2018-05-04 11:34:45,2018-05-04 11:51:47,2018-05-04 14:43:00,2018-05-11 06:22:25,2018-06-04,f470ca37c45b4c5c4abf6644e836b451,2018-05-04
4c9d3ec7ae34a9dc7654d74bc52134ae,49d2e3e97b7e8a21ce7579620e811031,delivered,2017-11-24 22:21:59,2017-11-28 03:47:14,2017-11-28 16:03:56,2017-12-06 20:53:58,2017-12-19,2b24e40c0a1dd4aca48fe3b3aa7aa615,2017-11-24
b8529452a8ad8e7009333b957f87412c,8175104820147d905fdea1fe123f69f7,delivered,2018-02-20 15:45:51,2018-02-20 15:55:26,2018-02-22 18:49:04,2018-03-22 16:49:55,2018-03-19,2cd5c49288d3cd4afbd5da4bbf73b941,2018-02-20
2c398232e6fe6bb3416c2cd54a5b0b28,81da32b129ca6a2de6af52b124932546,delivered,2017-04-22 11:18:48,2017-04-25 08:33:08,2017-04-25 18:52:37,2017-05-02 16:24:08,2017-05-11,582183483d33018384b309d31c45f353,2017-04-22
14bba6d3df6ead296d2626315da5e5d0,810ebec1115a836e0ee7e10b5af94309,delivered,2017-04-30 15:00:56,2017-04-30 15:10:21,2017-05-02 16:17:04,2017-05-17 12:36:39,2017-05-29,30ac5c4162839082846bcc3af84aa8f9,2017-04-30
7b564c50e97389bff9754fc6f189fef2,ef9e14aab62ac8fd7ba6cafc87e37880,delivered,2017-12-28 13:15:36,2017-12-28 13:28:05,2018-01-04 18:08:39,2018-01-24 21:18:43,2018-02-06,cf27807d5b502af80b4e1c4d309e332f,2017-12-28
b88097025fac360c0367799f94ab9a66,ad4414a146fc1ca9f666b0d05f289cea,delivered,2018-01-12 20:57:57,2018-01-12 21:09:27,2018-01-16 15:57:23,2018-01-19 13:51:25,2018-02-02,1c8d0deb199a5eba6d4d0875b4d5a952,2018-01-12
1fe609182aee60558c018f43975cfdd6,3651330d739846f56c063a957dc3a312,delivered,2018-04-17 13:15:50,2018-04-18 08:36:25,2018-04-19 22:38:29,2018-04-20 14:44:40,2018-05-02,a3945e0528c5e3121699af61bc6e2fc0,2018-04-17
fa6e00b909d5805dc02b5456fa40778b,0926ef97ab333a4afea77827d3cbe32c,delivered,2018-05-16 02:24:49,2018-05-16 03:35:24,2018-05-16 13:03:00,2018-05-29 18:47:47,2018-06-04,8eb02bcfcb2deb1871afa092fbc732c9,2018-05-16
2f000c3fe98bfb40a47105b66f081368,df7ff7237ff18756a562b2328d7ee071,delivered,2017-12-14 12:55:12,2017-12-14 13:12:06,2017-12-15 19:54:02,2017-12-26 18:35:57,2018-01-12,bcf336e845fcf988adc06ca1fbe22fdf,2017-12-14
686c017e3f991d5b96cc80cfb89d7d4f,cb81c00a40f9a727ec1962ef6b18a495,delivered,2017-02-23 17:14:36,2017-02-24 17:25:09,2017-03-03 13:51:29,2017-03-06 15:18:27,2017-03-24,97bcf487c3a1b9c51143e8ae93a9147c,2017-02-23
c11daae957ee4447f2aa894fcdf28cac,2189f0dd0756c03dbfcb33d3ec290ffe,delivered,2017-12-09 08:08:22,2017-12-09 10:59:31,2017-12-12 13:21:50,2017-12-27 18:45:12,2018-01-09,01fdfc6e1f85ad504461c6699adb246c,2017-12-09
9c1670b5fcf655219f68438d3b3741f1,eeb02df937439b2ac1639ce6bd8ab5b9,delivered,2018-02-14 13:20:55,2018-02-14 14:00:23,2018-02-15 19:14:08,2018-02-26 23:44:01,2018-03-07,15587751b2c24cdac1dd1c8b4647d55f,2018-02-14
d3ea9c99eac9b669d0d3b94941d57aac,7b8047f42ee206834b6734182802f9ea,delivered,2017-05-06 21:03:25,2017-05-06 21:15:16,2017-05-20 10:38:23,2017-05-26 10:09:28,2017-06-07,25bfd61bae5a938a3c94a81eb3ab0d4f,2017-05-06
99a6742739034cc06392ab883f64359c,9af7632712dff734a555759e4ffd8826,delivered,2017-09-28 19:41:33,2017-09-28 19:56:19,2017-09-29 18:37:33,2017-10-02 17:59:59,2017-10-16,db2c7ccb9058f3fb2863b41dbba8580d,2017-09-28
26d821f4e6c14dc9a3b4cf118c806fbd,917f855fbbe10aa3b268b6f636c20156,delivered,2017-11-25 22:12:39,2017-11-25 22:33:33,2017-11-27 18:24:12,2017-12-08 19:33:23,2017-12-15,16377aa80ffdcd944c6130cef24ca353,2017-11-25
b41f51ebf23530b00f69e5602f81a653,98235737c9dddb3db5fe5a9b1af8918b,delivered,2018-02-13 01:24:48,2018-02-13 01:35:33,2018-02-16 17:37:01,2018-02-25 21:04:23,2018-03-07,ddcbd9c87bce192fc14812129a7894da,2018-02-13
51b75c5c75f715e5c1fbe8300ede89bc,7b6ccc176d574f4bd3979fba8c6950dd,delivered,2017-10-24 14:46:03,2017-10-24 14:56:22,2017-11-08 21:47:55,2017-11-22 11:31:36,2017-12-06,891f50a1e1232cc5050e86a9a728b835,2017-10-24
3a56d0fa36b997b13c3e9eee5128b7fa,18c36d92cc77f076f56a7f5c5c084603,delivered,2018-05-04 04:21:54,2018-05-04 04:35:17,2018-05-10 16:39:00,2018-05-11 21:14:46,2018-05-17,408024184eb1b7469dc8726300583027,2018-05-04
f92a6f19e38304269bc7688a2953934a,d36684ef781093e77ca273f053f49f93,delivered,2018-01-20 16:34:26,2018-01-20 17:00:35,2018-01-22 19:08:41,2018-01-29 19:12:22,2018-02-19,7c98c471818a9d2284585645a69ff8a8,2018-01-20
47c811e3a9f61aaa4fd8ef2055c47643,c6a69a3b5cd3cd277ba75dc937ed5c80,delivered,2018-03-15 15:12:51,2018-03-15 15:29:35,2018-03-17 00:12:03,2018-04-02 19:24:48,2018-04-10,a19e3335e944804a2f8b784062d55507,2018-03-15
9317022d5ffa1f322c79fb62a5871291,af6813c90e05abf42c75733b21104218,delivered,2018-07-26 15:56:09,2018-07-26 16:31:21,2018-07-30 12:26:00,2018-08-01 02:32:16,2018-08-07,aa6124348c35f67e964051140056fa83,2018-07-26
9e22fa092a2a1bb489823e54d3b48309,c7976e50c4fa15500e08efe74193b060,delivered,2017-09-01 17:17:22,2017-09-01 17:25:19,2017-09-05 20:29:55,2017-09-13 20:13:28,2017-09-20,f7bcba8ef48a0f0e7431aeaba2110b97,2017-09-01
61b1a1b503fca87a7d950193e5c706d3,aec875b92e3272ca20c467a9424151d9,delivered,2017-11-29 15:44:44,2017-11-29 16:00:11,2017-11-30 21:08:34,2017-12-02 01:57:01,2017-12-13,79b45e709f02ba57fa940720e346e59e,2017-11-29
56d1fb4a6598e5323822ae47a4d14c9d,27d2e4ebaa061c90646c53dce7079645,delivered,2018-03-03 12:55:37,2018-03-03 15:55:23,2018-03-06 00:06:31,2018-03-22 05:05:40,2018-03-26,e29ff1ce9d54dd45a0348c87f786ab2e,2018-03-03
6f6d300a348d527dbd7f0ae9cb12aa86,dcf8a19a756f0a9dda118fe6366d3dd2,delivered,2017-07-14 23:30:25,2017-07-18 06:03:52,2017-07-18 20:43:31,2017-07-19 17:21:51,2017-07-27,5cb58bf47f02d1d70388d806cb4739e3,2017-07-14
9e02d72f347640b319a659ea810f90b9,45d82d131708c3f12e09ea2db1aadba5,delivered,2018-08-08 06:32:12,2018-08-08 06:45:07,2018-08-15 12:53:00,2018-08-22 01:22:31,2018-08-22,7201ceac903d5dc8876cafd6cf0ea616,2018-08-08
d57eab70175d8611d6a811d6c2af63ae,887ca7d0cff5d23c72093beb83c55da8,delivered,2017-03-08 00:29:33,2017-03-08 01:30:25,2017-03-09 15:35:16,2017-03-15 04:11:55,2017-03-29,3236bf3dfd86ab2c0bcb89adf7d7c3a5,2017-03-08
d8ded99e3d8a9de0aba5037f97743cff,8b318ddc93f0076d90f07847ddf47567,delivered,2018-05-25 20:35:47,2018-05-25 20:57:50,2018-05-28 15:55:00,2018-06-07 18:22:49,2018-07-05,fb933c9426bedb13e71038fa146fe6f2,2018-05-25
81757cfaa9d5ebd87fd0021a808f4ca9,a4b9998c354bf67793f7e41afacf394f,delivered,2017-04-26 10:46:35,2017-04-26 11:02:29,2017-04-27 10:52:09,2017-05-08 10:14:44,2017-05-15,3846d99648e38ad4cce33b68111bae51,2017-04-26
c1712cb5d91f5d05267fea1773f3aec9,190c5d9be9a3878f974afe93e9c24174,delivered,2018-04-03 20:56:56,2018-04-03 21:11:20,2018-04-05 01:22:44,2018-04-12 17:33:08,2018-04-18,553636a6ec5386645b3006d2404b5054,2018-04-03
67f3abeed9af76e949274924f0135aec,a77c8e206e6c3bde8732a89968e8813a,delivered,2017-08-29 13:40:35,2017-08-29 13:50:19,2017-08-31 17:35:06,2017-09-13 18:29:55,2017-09-15,c7e849d628375e5d006a770817872903,2017-08-29
28b555be47c43251934a9396c88f76bb,6e9d9e1b03a032fa4d74b717cd673825,delivered,2017-07-30 22:34:02,2017-07-31 23:25:18,2017-08-02 17:46:08,2017-08-14 18:42:34,2017-08-24,2a654d07c74b6a2e5f180aee85b4d3eb,2017-07-30
9a07b32ac6acb2734d3da27111fafd4f,45f8082a5dd6200883fb282919dcd8a8,delivered,2018-06-20 13:03:56,2018-06-20 13:21:27,2018-06-22 13:56:00,2018-06-28 14:37:34,2018-07-12,d31ecd507a3584211d380efe1eba045c,2018-06-20
2eb9acb468887e2f0e93b35344bd3656,430fee0b7c8355183a7118a7e413165c,delivered,2018-02-05 17:10:10,2018-02-05 17:32:52,2018-02-09 20:09:40,2018-02-20 22:03:55,2018-03-08,0cb471db85b1cd3df98fba7fbf586730,2018-02-05
b1d817ac8ea07419070180cf22b19fdb,94db7d7a01dbee71adc9c7e27ed822d7,delivered,2018-04-19 11:45:55,2018-04-20 07:11:01,2018-04-20 16:58:41,2018-04-23 15:03:41,2018-05-02,b02d0783c1f1ebaa1e5dda2016b6d4fe,2018-04-19
a8666b29dbc635b3a029b1ed84fa8df5,5a88431d6ebc9a79f999c06091ae0370,delivered,2018-08-10 15:42:03,2018-08-10 16:04:41,2018-08-13 08:43:00,2018-08-16 13:03:17,2018-08-21,3573b9d42bc178dbd9498308a0f2ea97,2018-08-10
1cb784620db9daf2fb6c870684c2aa1f,36005a2467218d06c6f53a46bbde1581,delivered,2017-10-12 12:42:46,2017-10-12 12:56:24,2017-10-13 16:12:50,2017-10-24 22:11:39,2017-11-03,fa2476a37be0f6202b8deee0bc724426,2017-10-12
4e0db43ba51c0e0ede8c48b094526132,60d3853e031617a4500f0d196b429bf9,delivered,2018-08-14 21:40:12,2018-08-15 21:30:16,2018-08-20 15:18:00,2018-08-22 11:38:39,2018-08-22,58c59e12a9aa68ceb0a0e6ee51abd087,2018-08-14
0a472c47d928bf4cd8b6a7a30345eeb7,8762d94c493b70216cd453ea2320234e,canceled,2018-08-30 10:14:00,,,,2018-10-02,3158fc4f60ca92412de397461b64cee3,2018-08-30
350effaab10ac33b956650cd4eb15388,61eb7945d6ccb440b8eba075bc11503f,delivered,2017-11-16 17:08:42,2017-11-17 17:15:24,2017-11-20 18:38:02,2017-11-27 22:14:41,2017-12-07,fc719c11b4dce594f47e1f9aa739a3a2,2017-11-16
6d9ce5b5461904a50d649dd753f6b5a1,8aec5021898b1bd97420ae1782ce30c6,delivered,2018-06-19 12:10:13,2018-06-19 12:37:34,2018-06-20 15:15:00,2018-07-05 06:03:34,2018-07-17,5a300a1c0ee7363fd2807c49bf2d1b90,2018-06-19
56a458ff4a4d0dc8ecd97b7dc2ba33b0,e67264eaacd7067c9b03a87a4feefc8c,delivered,2018-08-03 15:20:36,2018-08-03 15:30:15,2018-08-06 08:27:00,2018-08-13 19:41:45,2018-08-17,40ed1832c6a9365f80ee90c702157684,2018-08-03
5433b741dfe7d213ecb113966b8f6e49,c2b993534c7a01829d9102a7cf02ae02,invoiced,2017-06-12 10:44:30,2017-06-12 10:55:18,,,2017-07-04,d0b2370e454c116fb6143986015b556c,2017-06-12
0180ebc47853bfc5997af28f5a7e8849,e82aa49c904185344fbfbbe025433ba5,delivered,2017-03-16 16:29:32,2017-03-16 16:29:32,2017-03-21 10:28:36,2017-03-28 15:05:06,2017-04-04,b2f4ca50352ef05b755693d159d82147,2017-03-16
a700f0d56b491f7526847957172ca70a,33414f5059c66942804592502e4b1881,delivered,2017-12-07 17:58:26,2017-12-07 18:12:10,2017-12-11 17:38:53,2017-12-18 14:46:56,2018-01-03,e852f17c1be6e90035f06460b4965b76,2017-12-07
67648ec95026605e68918a83edf5f13a,1e7dba41b27dfbe43587719e97cacdbe,delivered,2018-01-03 23:45:37,2018-01-04 01:32:13,2018-01-10 00:03:50,2018-01-12 22:49:20,2018-01-24,be3f25ed474f9c268c312befa0f0c3c8,2018-01-03
a7cea68c8e5f1086a3267d2972a50646,d0bc151429c007762fd5c7dbf12e8a3d,delivered,2017-06-04 14:00:16,2017-06-06 13:22:58,2017-06-07 14:13:22,2017-06-19 20:06:15,2017-07-04,ba043f8d5e09297d038af96dbf55c4ee,2017-06-04
e11c0a03163b8110243cfb64df2b07d4,f7e3a3ddcdd64af8b12440f020eae56b,delivered,2017-09-12 12:30:13,2017-09-14 02:55:28,2017-09-15 15:42:59,2017-09-30 15:32:43,2017-10-02,66c1d71ccf7e22a3ee364f5ef41db8a2,2017-09-12
a5de49b89abc3dc11c62233db13c771c,51eb019c1cc1c3ef8c339c08f5638b28,delivered,2017-09-15 16:20:38,2017-09-15 16:35:14,2017-09-25 19:55:43,2017-10-03 18:12:27,2017-10-10,51cfdf6bd451ba402f17ff6e2b721a14,2017-09-15
78b99587901ca93f15236685f0ff1b39,a519a6ad29df59c413677e7415c98290,delivered,2018-03-22 18:32:34,2018-03-24 02:11:03,2018-03-26 20:54:25,2018-04-09 19:34:26,2018-04-16,3167351a6b465cbd9e31e92b2d9cd9de,2018-03-22
1c645c637d660f702ff19c8577482a08,1652333bae09e7726bc48e58d759ec2a,delivered,2018-01-30 17:55:06,2018-01-30 18:41:00,2018-01-31 20:54:05,2018-02-05 13:46:24,2018-02-22,ed1d34c36ba817407a6cea853a98b46c,2018-01-30
88986b613097da641340bc366a2d91d4,3afc42fd18017037f8a3972aa57c1436,delivered,2017-12-06 00:11:49,2017-12-08 15:52:51,2017-12-20 00:13:38,2018-01-19 23:48:45,2018-01-05,a080513ac50b20c8e5b1cc046afe5fea,2017-12-06
1bda188949c33f08bbd8a295ecd2c05a,803043027d560ae6984c03c69add5670,delivered,2018-01-11 20:59:58,2018-01-11 21:10:31,2018-01-13 03:03:09,2018-01-18 13:09:50,2018-02-01,45ac52b613c9b4eeea95fd42a88b3a29,2018-01-11
bae57c09bbe07561fcbfefd604dafba8,7446fba8e2913f81ebd64403ec81a53e,delivered,2017-12-12 21:15:26,2017-12-14 02:14:35,2017-12-20 22:53:33,2018-01-24 21:38:08,2018-01-18,518623de9a7c008b215b8b92f5337722,2017-12-12
7c2074d65188839dfee681e7bb264365,1e546823ee2936a18536174999438369,delivered,2017-10-13 11:05:58,2017-10-13 11:26:40,2017-10-17 16:32:10,2017-10-18 16:47:03,2017-10-25,12ba47b187be381c7641afec16c37062,2017-10-13
11769750147cf0a49a396b01ca004300,6cd17044d36a4ed98324c059259d52e0,delivered,2017-02-08 19:45:21,2017-02-10 02:55:22,2017-02-22 17:51:49,2017-03-03 09:27:37,2017-04-07,a5c3fbed7982251c690c5ead97e588be,2017-02-08
36e58b4c22ccc72a859dd70a840db411,87da135481f5307bdd3cc354ee4adea5,delivered,2018-08-11 14:45:17,2018-08-11 15:04:30,2018-08-17 08:40:00,2018-08-24 18:09:46,2018-09-13,59568992fe4257370cc179cef201607c,2018-08-11
62194497cd66edf084b172f8cdff8235,f0270ea9eaa22877af089f2d0f8db9fa,delivered,2018-08-02 12:07:26,2018-08-02 13:15:11,2018-08-03 15:02:00,2018-08-06 16:44:49,2018-08-09,322e1b9e5b24a2a76cfa1c109c442c01,2018-08-02
c623027b13d1646c30164b5b7017489f,a88993140c6e589fa6e377b79fa5f56f,delivered,2017-02-23 23:07:29,2017-02-25 02:10:31,2017-03-01 12:14:03,2017-03-07 15:21:54,2017-03-24,f89628f926ae6788c4a19f9ca0e25428,2017-02-23
5f2ca185b50a74d71d7db083f0d11b4b,e608c716333c772e7174a92759e01e7b,delivered,2018-06-06 00:13:43,2018-06-07 03:12:18,2018-06-07 14:58:00,2018-06-15 13:13:03,2018-07-23,b9fe8c4b5fbad9389aa5f425561a2786,2018-06-06
3213c825fd43c3d2aa27fed77ef29519,0793d48afb00826267d39338071213d1,shipped,2018-08-07 21:40:46,2018-08-08 14:35:16,2018-08-09 14:06:00,,2018-08-10,4bca9d65362f922b564902c98bd3aabb,2018-08-07
f0a855bc72e2b9252c598b6ca1c609cb,22247a600d3839ed5e36ffd6838add47,delivered,2018-06-25 18:35:52,2018-06-25 19:02:27,2018-06-28 13:21:00,2018-06-29 17:48:55,2018-07-17,aab6b50435638cb8188530e04257e2fd,2018-06-25
f71915184c3ccd8f36251500f01de53a,9cb217017421d848098b2087a6b97f35,delivered,2017-11-15 07:52:22,2017-11-17 03:35:41,2017-11-22 18:08:39,2017-11-23 17:53:44,2017-11-29,547d0504ca415eb4864fa3030f73d3f3,2017-11-15
78d1a1bbbf97f4303c3f844a36ed66c5,8e71b66773c5b21a06deafa07e3943b9,delivered,2017-08-07 11:23:16,2017-08-07 12:03:17,2017-08-11 16:23:11,2017-08-17 19:49:48,2017-08-29,1a41dd496b43b7d421b9f487d8c51a47,2017-08-07
cc7a31d7b05b15f82757614d415a1d08,77f98fbbf3f12d05b118ab35e39ba81c,delivered,2017-11-17 19:43:49,2017-11-17 21:15:47,2017-11-22 21:32:24,2017-12-05 18:12:24,2017-12-12,c8c9de3d1ba2427a094e1b59ea3f8b09,2017-11-17
99e33e27f532877aa1da2d36a5d88066,89d946eaf7ee40ff05ab5bf1e4c82bb7,delivered,2018-07-25 06:17:00,2018-07-25 06:30:11,2018-07-26 14:56:00,2018-07-31 02:54:27,2018-08-16,a851ed7f60afaba7e4d4d4e1b0eeb87b,2018-07-25
54787cae1cb90fdafe197fe2bc300cd0,603564505956f89291ccd8427a206a2a,delivered,2017-10-13 09:47:27,2017-10-13 09:56:17,2017-10-16 21:33:52,2017-10-30 23:43:04,2017-11-06,985289b5cb474a6e97bfe8c85f0aee74,2017-10-13
571ae93d1696ee933348dd3de7a44efb,ba1fefc7aa34744954bead4700a08f4d,delivered,2017-08-18 00:31:19,2017-08-18 00:45:15,2017-08-24 20:55:05,2017-09-15 21:19:03,2017-09-21,fd4fbaea0fdd24464c6e1738ce21a5ea,2017-08-18
5fa163d53dbfa40c6363e9e47f6bb809,13d8708d88e6b59206770062988be2b2,delivered,2018-08-05 16:58:03,2018-08-05 17:35:10,2018-08-06 15:16:00,2018-08-09 16:08:50,2018-08-17,9e9c80ed5dc9063a5d63e97572af2b9f,2018-08-05
7844d2f4784ca5e03bf47dd1ac050bc2,5c65d66acc26df4936841c554206b882,delivered,2018-08-02 12:07:28,2018-08-02 13:10:26,2018-08-07 12:50:00,2018-08-08 16:04:43,2018-08-14,f16c510985f4230d5c7c62dadc937411,2018-08-02
9ae0aced36093f0e2cb7510c20b7ffc5,fcc90a4fa7060b81815bca0f9cd77f15,delivered,2018-04-17 18:09:15,2018-04-17 18:32:26,2018-04-19 20:36:31,2018-05-21 20:28:35,2018-06-12,ed44769ec8dd9c02feb18d27e3eb25db,2018-04-17
b575b2a70c40af121dafa8731ada46c5,c292a3c039a318bd6b5ca59dde196f6b,delivered,2017-10-03 20:09:58,2017-10-04 20:24:59,2017-10-05 20:15:09,2017-10-18 17:21:56,2017-11-07,1b8422a5fe216344dc3d9ecc2501f645,2017-10-03
e92dbc16b2df28e1edb1d957392cca07,959292edcade77d6b60dc8f49f01cd71,delivered,2017-03-25 10:13:08,2017-03-25 10:25:16,2017-03-28 11:43:00,2017-04-05 15:51:32,2017-04-18,2e26da8b07bfb26f89a2c1c22e32f9d6,2017-03-25
78fe61feb61fcd8421082ee8888cd93f,9715615b2ea09614d7b6f05d7c4fd944,delivered,2018-06-10 12:00:16,2018-06-10 12:17:36,2018-06-11 14:41:00,2018-06-18 16:05:17,2018-07-11,251e984aa253cbc968584ba5391156a3,2018-06-10
f4c004e98b41b61d8b656fed541bbd99,4acb0997ad21d8f66d203e0d3c566993,delivered,2018-07-25 17:22:27,2018-07-25 17:35:17,2018-07-31 13:26:00,2018-08-01 13:44:51,2018-08-06,b9c32b88ab548fa864d5652262430475,2018-07-25
3e05b487699bb38012c6b974d36a6a56,80154943c28a0eab327467d6731a5b28,delivered,2018-06-14 18:57:56,2018-06-14 19:19:09,2018-06-23 08:59:00,2018-06-29 17:14:50,2018-07-30,8851e4346c0cb6ffc547da85854412a3,2018-06-14
20e3ed55e75cbbc8176170866df9d1be,6d8243c8aaea30e76fb67aaad65d89d8,delivered,2018-01-14 18:01:40,2018-01-14 18:12:26,2018-01-17 16:16:44,2018-02-01 21:47:52,2018-02-26,00e151934c812526b4ed6174c8b7b1f7,2018-01-14
23c0ee95c373bc03c130af0736cb6101,4df050fc48129599aa1c863a3557223a,delivered,2018-06-02 12:33:01,2018-06-02 12:51:49,2018-06-04 13:47:00,2018-06-14 17:32:44,2018-07-20,10e3060ec9a6fc3a0511f441b87b7ed9,2018-06-02
71cefe5177d8b6b11dce9fa4060f01cc,795d2de5fab854dd2b68a6c1fbaa1f21,delivered,2017-08-04 14:17:36,2017-08-08 04:10:45,2017-08-08 17:40:20,2017-08-21 22:25:28,2017-08-30,106f4773e01af29c551f2906583a4bfd,2017-08-04
5b9075f2428968c2587dad5024af0f63,2c25e9b2b46bb93a1ef7a2841a5b4ed2,delivered,2018-06-26 11:24:48,2018-06-26 11:35:59,2018-06-26 10:58:00,2018-07-12 14:37:43,2018-07-25,3cb5b3b2f475ded80173ef2d4f4fde3e,2018-06-26
6498d67586b0908cad595ae0c3638205,3aaa19d4d385baa53859ea43d47051ae,delivered,2018-04-12 08:18:41,2018-04-13 13:29:44,2018-04-18 21:08:32,2018-05-07 16:28:39,2018-05-04,6428403ac3b03984c38fd083fa1647b0,2018-04-12
a8a08e0fd728b330f66a352aa4c9a1cd,b6610afc3fc8431efd6232b626db052d,delivered,2017-11-30 16:02:21,2017-11-30 16:12:24,2017-12-01 18:06:52,2017-12-18 14:52:27,2017-12-27,bc7c94552bda2317bde99f65eb6cfc80,2017-11-30
1ffc479954398d74d9e8e0df789842fe,8945bef2cce473e6606dd13a8f82aa1b,delivered,2018-01-09 13:06:21,2018-01-11 02:33:18,2018-01-15 18:21:59,2018-01-23 00:12:40,2018-02-01,17c24b12032349344b9dfe2ab3279650,2018-01-09
23fb82faac9266fd7373286d1d2fc02a,46b9f480dd3a334d6482b9663c46ba71,delivered,2017-11-24 14:40:32,2017-11-24 16:37:30,2017-12-08 23:58:52,2017-12-12 22:32:51,2017-12-11,8db503a1bf385e8417119e2c3ad17e97,2017-11-24
24431c493992b0cc6ade6cd174994395,be6d0f3e10832a975bd27bac0a6e1f12,delivered,2018-01-25 11:04:33,2018-01-25 11:17:28,2018-01-25 23:18:22,2018-01-31 21:18:29,2018-02-20,02054940ff45a170ddd0acca60575eea,2018-01-25
2518ab54f9eb6abe9cc565781285ddc2,11f86849fabf1a209367df3dc957d670,delivered,2017-06-14 22:51:45,2017-06-14 23:05:15,2017-06-16 12:36:30,2017-06-28 16:17:33,2017-07-17,852b2cdd699395728e45c941ffd9bfa2,2017-06-14
73b1defe09cb47bd521306b506af7d3a,7d3fa362783fe9c69627a0144ae78ab1,delivered,2018-07-03 09:44:18,2018-07-05 16:25:48,2018-07-06 09:09:00,2018-07-12 16:51:29,2018-07-25,edfe746c5a3e8c21a335c77d047a013f,2018-07-03
d524fb303d286d2ce7dfcdd08dc9cfae,b29713ad67d81fee47dc6ac4d5692c68,delivered,2018-01-30 17:52:28,2018-01-31 13:32:05,2018-02-01 19:38:57,2018-02-07 01:17:59,2018-02-15,924321e5ef902070086a077dccfafc88,2018-01-30
9a316a6a199c61a2a5d4204f49c22f52,ebf72fbf963af0122c1a4c19943373ac,delivered,2018-08-09 09:04:03,2018-08-09 09:15:12,2018-08-10 14:35:00,2018-08-13 21:11:40,2018-08-15,8da4b99dc1fe4d6774048e18f66c63da,2018-08-09
de290900c1991d72fda0212682ecf3e2,4037ca7516bc3ef58110885dc2cc0612,delivered,2017-11-24 22:00:40,2017-11-25 01:31:42,2017-11-28 23:03:07,2017-11-30 17:04:30,2017-12-14,376efc6a322593d95c8801e51e72b44a,2017-11-24
160359b793fcaa5f17e5a5f20c491a75,efb11532d679cf86f2c7e268edad0e3a,delivered,2018-02-22 10:28:28,2018-02-24 03:20:28,2018-02-26 21:25:23,2018-03-19 20:28:44,2018-03-20,027975035267b4ec8c9d8ad65c6c4d6f,2018-02-22
b4d8f10490d096bae561f1c0bb3c5557,932e550d543be2239a656c3ab5f1621c,delivered,2017-07-30 18:07:01,2017-07-30 18:23:02,2017-08-09 20:06:32,2017-08-11 21:06:08,2017-08-17,6559e6be19eae200083dd156934b1953,2017-07-30
5ea8db638f6283a19f2554c746ab4496,983b7eb075badfd4d31a2fa3481cb34d,delivered,2017-09-21 10:07:01,2017-09-21 10:26:08,2017-09-26 17:52:38,2017-09-29 17:33:13,2017-10-18,2c19a0ec3f9aeb4afef9a730f981dc69,2017-09-21
05f44408d29a64126c4abc87d2b2b038,99fa743eb87a62c121f007fc25e469d4,delivered,2018-08-10 09:00:42,2018-08-10 09:55:22,2018-08-10 13:44:00,2018-08-13 18:28:23,2018-08-21,a3e58f1846d3f558c6b4905c9af4b030,2018-08-10
a45fc977eae1ef0ed4504f346d31a0fb,71d5c11f717991ad5b289870f3a5690c,delivered,2017-05-02 15:15:54,2017-05-02 15:25:13,2017-05-10 09:21:52,2017-06-02 09:49:53,2017-06-02,1d95354e420b12de1eb33447bd48d9b3,2017-05-02
2b629b6b09597b429808b20156ec6998,4eb36ac5c2c84dffaf7bc5bc7d5dbc25,delivered,2018-03-13 17:50:34,2018-03-15 03:31:34,2018-03-16 01:51:37,2018-04-11 18:43:24,2018-04-09,4d0972c1b62fd1ed1e62fef8c49cb678,2018-03-13
24c62466418a240484d7c25dbc112222,2a083bbded65694d1e0cdb38fc757019,delivered,2017-09-08 13:51:42,2017-09-08 14:04:29,2017-09-11 14:06:28,2017-09-14 17:20:09,2017-10-06,fc685f5d020dbc22ef7dae7822f336dc,2017-09-08
feeb572a755207d889d166ca90221c84,757bbd8c61a5fd67d5b8c18efd987beb,delivered,2017-12-07 18:00:45,2017-12-12 03:36:25,2017-12-12 23:17:02,2018-01-12 20:19:50,2018-01-30,39a1da1c9a9a1f4fab3cb5d1fba7a189,2017-12-07
bdb52fcc684d212ff85ba88d4acc3b7b,073d71c93304496bb891a08b926ece95,delivered,2018-07-30 16:32:00,2018-08-01 02:44:19,2018-08-01 20:57:00,2018-08-04 12:04:59,2018-08-20,48e72f3a47082dbb7773a9c2099a3f51,2018-07-30
f0f2afc6bc6d17723eaf3a95ff93f674,0204531aef74d85df77159315dba211d,delivered,2017-09-26 18:14:26,2017-09-26 18:28:18,2017-09-28 15:48:10,2017-10-06 19:47:49,2017-10-13,1113b3249a1c76053f606ca1ab1a65b6,2017-09-26
4e36ca9de4b97cb87ff2c474107c28f1,577ece54796bd0f230d4df152b53536f,delivered,2017-11-25 15:00:59,2017-11-28 02:53:42,2017-11-28 21:52:57,2017-12-04 20:42:25,2017-12-12,5b637c1ad2db159d4355c5a87fcb7037,2017-11-25
1bdd4c66aa68cf72d2fc25b9f9e4bb48,66dc7ddbac62bcf0886576a7d05f9606,delivered,2017-12-06 17:42:49,2017-12-07 03:16:26,2017-12-11 23:15:54,2017-12-20 18:24:50,2018-01-02,585ba6a115792c0b0483d65e5ab1f4b6,2017-12-06
4c5d80480b7c923ec02b8dee8c00a846,d8e4093b1a0d9885110b24a74feb6ab7,delivered,2017-11-21 20:37:30,2017-11-23 02:56:27,2017-11-23 21:03:13,2017-12-11 22:03:44,2017-12-15,0ed7a1764f310e4becc0cba01027872e,2017-11-21
6c77310ef232ed3cc83889e26f3b5159,9055d975cfb7fe87424c08206d5e2229,delivered,2017-09-06 22:32:10,2017-09-07 22:35:15,2017-09-12 12:52:33,2017-09-18 17:24:50,2017-09-27,6b98fe65e7c0ce4ba01c231fa7e91ae1,2017-09-06
4fcd9b66261e3288dcf98c7d6f6d07da,b7826990cef0d1ca024e2592e3146462,delivered,2017-10-04 09:02:18,2017-10-05 20:44:45,2017-10-10 19:59:35,2017-10-23 21:32:31,2017-11-03,baa5d06c87654525ee57d2a726837ca6,2017-10-04
fd287f617bff10632a3d985e4be99f81,498e5038515e2787cabeb0f0d17d32cd,delivered,2017-08-20 09:44:48,2017-08-20 10:05:04,2017-08-23 16:03:16,2017-08-24 20:06:05,2017-09-05,3f92f9a537646f57f47b0f1415c7654c,2017-08-20
ae8b5df90eaf220f63f5ed4865cd222c,3d4bc7f585bc0534e4a0c00c086721b2,delivered,2018-03-17 15:48:01,2018-03-17 16:08:50,2018-03-19 19:52:50,2018-04-02 16:46:46,2018-04-16,b60a410d454528f9b70cd6fb479fba68,2018-03-17
d6290a5294ee8d7eb9b6aafd583e59e3,b6335bb5ffac3a44fd1f325a4dab8998,delivered,2018-01-04 19:07:29,2018-01-06 14:13:02,2018-01-10 19:38:41,2018-01-14 18:08:37,2018-02-08,32b15895df6710a7c20f648a0a2bdd10,2018-01-04
45e5d1e609ed1cbc67ab89e5f817849c,189c79f9536b271219661d456ac92076,delivered,2018-03-12 10:59:59,2018-03-12 11:40:26,2018-03-13 12:58:21,2018-03-17 15:42:06,2018-03-22,3db7d0f4027dc3ec728ab5f92cd61f54,2018-03-12
2256919a2a66fc51435c5461a06beb5f,a16a049361ca8f233b758affdaa5a5db,delivered,2018-04-10 21:38:40,2018-04-10 21:50:12,2018-04-12 23:38:36,2018-04-20 21:50:54,2018-05-08,88ba9b266b9d90b88e64f84bb4adccc0,2018-04-10
6bba30c18651e627c4ee8c24fb04d41c,4e9d59e227be06f1e74cc4953cb35c1b,delivered,2017-06-23 12:52:21,2017-06-23 13:03:10,2017-06-26 16:23:35,2017-07-05 09:08:32,2017-07-19,c514ffe529580228b5eac37e03c1c897,2017-06-23
781b27c3e9635454e0c656d3d53e570f,6e8e5adb66c2b98f336bd6e9ea453b35,delivered,2018-02-15 08:09:22,2018-02-15 08:27:11,2018-02-16 18:48:33,2018-02-19 20:13:03,2018-03-02,f7ab3baf165dbf504e89a1a842485755,2018-02-15
3e721650e845549cd3268a5749f843fb,387f1a0d6f1e26985d57745d0f7d6e71,delivered,2017-12-14 18:34:09,2017-12-14 18:52:15,2018-01-09 15:25:40,2018-01-09 21:46:31,2018-01-19,c9e65162671f920f88e4f689366b62fc,2017-12-14
8800d14eb6eb6031624538ca8750b921,ea7863f999febf4f8c4f2c28ce9e1151,delivered,2017-07-04 18:21:02,2017-07-05 17:42:32,2017-07-11 20:47:57,2017-08-22 19:03:14,2017-07-26,e6ab5bc829c34bd01e24a33404aecf38,2017-07-04
66d72a05add1a253c4e8390c215c8306,b3721b457de31db30b4de608d880d18c,delivered,2018-04-03 11:21:26,2018-04-03 11:35:11,2018-04-04 19:16:56,2018-04-05 20:08:28,2018-04-13,0b5c04039f458bb656a6422a5860d526,2018-04-03
7e61a4c6d93d6ad8a4ca4a8d00094339,ae8dc9a1f298680124ae2dc18e37cb34,delivered,2017-01-29 04:52:16,2017-01-29 08:30:35,2017-02-01 14:51:57,2017-02-09 07:44:51,2017-03-09,2e2c773725ab148e8405a5ae8b4f5162,2017-01-29
07e4ea9fe9fcc49b673d7d3197b5da23,2915d405d4b958edc2bdce19fc0df07f,delivered,2017-05-09 10:45:54,2017-05-09 10:55:17,2017-05-19 19:47:58,2017-05-25 11:04:12,2017-06-06,c15a9c69f715ed7787cd601d2075f525,2017-05-09
18b32669d9e5cbe2038b8080829a2c1f,07d319341481e69347920cb21d49a75d,delivered,2018-04-25 16:16:57,2018-04-27 03:30:47,2018-04-27 10:15:00,2018-05-03 20:16:35,2018-05-16,853efca800e071d00c6e5c42c8e6f156,2018-04-25
bc292720a8c5a34b208210473ba295fe,10b7703550d1a6f6da62cb73ef881212,delivered,2018-05-09 18:17:38,2018-05-11 02:57:38,2018-05-15 16:48:00,2018-05-16 21:31:26,2018-05-28,3ada8f80a7e773f741b3abc3bb7d9a55,2018-05-09
d66d818e0e5486b4382bdaad63390b53,4a007c816f10c17d6b5591756a5f6047,delivered,2018-07-20 00:04:41,2018-07-21 03:23:52,2018-07-23 14:52:00,2018-07-31 15:07:39,2018-08-16,4e221a359739341e00227caff0f9c026,2018-07-20
724510eaec5c0c1973df8699c23cef4e,36e597b29aebcb406abc514198ed1522,delivered,2018-04-17 14:49:59,2018-04-19 02:51:38,2018-04-19 20:03:43,2018-05-04 16:36:37,2018-05-29,df88bec2d840ad1ba0a21b2ec364b598,2018-04-17
6b6de07ee5e837bde4aead95e9891f0e,b8694b002470eab0f605638f4427d499,delivered,2018-07-27 18:03:57,2018-07-28 02:44:36,2018-07-30 14:41:00,2018-08-01 03:16:55,2018-08-03,e95816344b80cf6d81799e1f75e3a456,2018-07-27
27d6233886151ecc1ed368ce120ec5cf,508477b76a482e31673805fe43e12760,delivered,2018-05-15 22:05:44,2018-05-15 22:33:47,2018-05-16 14:08:00,2018-05-22 22:12:08,2018-06-07,90b8655cad0249a3486a2fd8c8a3f4a6,2018-05-15
e1cef1d9d9cdf18eb3f06c9ac41e3b50,d81da11cf25a7f123a1f60af01bdc158,delivered,2018-07-31 16:25:56,2018-07-31 17:30:57,2018-08-14 12:56:00,2018-08-23 21:19:37,2018-08-30,9f6c13f14a4f9b3dc1db3c38ac2090e0,2018-07-31
ec5865f7945e691793bc68e066c837fc,f4edbf9206f6c97cd163d6af0c94bbfc,delivered,2018-08-09 00:07:36,2018-08-09 00:15:32,2018-08-09 12:12:00,2018-08-14 23:12:04,2018-08-20,83915016a26b0ca42e3caf1070664d1f,2018-08-09
fe5cf33c8006e3a98776622acb39c9fe,f0d9d8e4ac3a29ef1b3382939e006298,delivered,2018-01-11 11:31:42,2018-01-11 11:38:50,2018-01-15 17:24:47,2018-01-26 17:59:02,2018-02-06,a18101c8dd64a15b26c6f657225ef7bc,2018-01-11
9520c99fe31b7946785fe4f7c693aa86,2c697b3bc2b09c044f9580ce16d5294f,delivered,2018-01-25 13:59:33,2018-01-25 14:19:57,2018-01-29 23:19:39,2018-02-14 21:27:42,2018-03-08,c818609d33d5a88079ddaf9816ca4b5a,2018-01-25
bde4e7e3544abf70e995f2cb0f5fc992,648d713a550b07fa3b32b25bad3c761f,delivered,2017-05-02 14:50:31,2017-05-02 15:02:40,2017-05-03 11:39:38,2017-05-18 10:34:06,2017-06-02,133e20311ec257bda38f1798250d38c5,2017-05-02
d443588d7606795f04ff9db3ee5020d0,45344d16cc1a2f6705128fb3ae2110a1,delivered,2017-11-24 13:26:19,2017-11-24 15:34:46,2017-11-28 22:56:56,2017-12-04 20:48:40,2017-12-26,469eeddda756ff1cc30b9b85d1496580,2017-11-24
b367cc1437c9d0b2794f759930e61eba,719100f2027a507b233cce1b52773a90,delivered,2018-04-21 09:43:04,2018-04-24 18:42:20,2018-04-23 22:28:54,2018-04-28 15:03:18,2018-05-30,3690f2eb38dfa6ad08be64ea86fea3a2,2018-04-21
b9222683e55758e925b1931565b4f343,f8e682bc0ead0ca14a987dcdab9fc8ef,delivered,2017-09-09 19:00:12,2017-09-09 19:10:24,2017-09-12 20:38:41,2017-09-16 15:07:30,2017-09-28,810e1355f46182a401dd527112b5bda2,2017-09-09
0930b4554e6a2135e7132b897c3809f7,f93ab5dbe7f190d402cef2add574dc81,delivered,2017-10-14 00:00:38,2017-10-14 00:14:12,2017-10-16 15:55:03,2017-10-19 17:33:47,2017-10-26,45f8153f2d43bfbdbd0a1ab0c08272eb,2017-10-14
cc7075176f9fce6189a5fb6850d52ab3,c95c996dcdeac3096cae7da33a539313,delivered,2017-07-17 11:15:36,2017-07-18 05:55:37,2017-07-18 20:46:45,2017-07-27 19:42:13,2017-08-08,114845c50bb66f4f25d39648d32769a7,2017-07-17
acdaa16a13bbe2ca9983c730d0e29c2c,52f53291ff1011cdb7d19e97f2648974,delivered,2017-07-28 15:45:36,2017-07-28 15:55:16,2017-07-31 16:10:54,2017-08-01 18:29:52,2017-08-10,52678f6703e576806503021559c1f23a,2017-07-28
53e57107ef6a155ab06400be24aa7922,8bf326e22c694e7dd390b005a6560b88,delivered,2017-04-16 15:18:14,2017-04-17 15:25:31,2017-04-19 11:25:12,2017-04-27 08:58:12,2017-05-11,de7b67c645784b969b5e1d1a5885dede,2017-04-16
8fb3923723ef788e9813b430b5ac5c05,c0f6254f6d07eaf56d7e4e2f6e29044f,delivered,2017-11-23 20:17:06,2017-11-23 20:28:06,2017-11-24 21:17:05,2017-12-11 22:15:25,2017-12-27,34cee680c8e30ae3e450f2a53be4e230,2017-11-23
225c6cf7ed45310f85da43b31dab00ff,26a236148734e242ac7be824e07a0ebe,delivered,2018-01-13 09:58:10,2018-01-13 10:10:41,2018-01-15 21:25:00,2018-01-24 14:27:15,2018-02-08,54ed3f082c9e7725a0e26e9e682fc825,2018-01-13
5be8d3fecf2b8d50b2fa90ada4badda8,7ada29808f684c55d096c624b1118e65,delivered,2018-02-22 09:20:17,2018-02-22 09:35:35,2018-02-23 18:42:00,2018-03-08 21:13:27,2018-03-19,3dfbc47dc4046b82ef459423c4bbe54b,2018-02-22
045c7a03ba28c7d7b3c58e3897f587a7,b04dacc5c80ac9337afa2f4791f92f45,delivered,2017-11-19 19:11:20,2017-11-19 19:26:17,2017-11-20 20:32:54,2017-11-27 23:51:24,2017-12-07,1c51a4a01c59b922d9c02e1287753f1a,2017-11-19
25cbbd756ea300d0566add5ebb8b3a25,dbde531e9881f7b5ca69da3d8eea788f,delivered,2018-08-16 23:17:20,2018-08-16 23:30:07,2018-08-22 19:09:00,2018-08-23 16:48:29,2018-08-27,999c2da896c0a7e316253dd8b876242b,2018-08-16
4e3a1311d6cf029c30c9ead449bfbd43,4379622b3e8894ea1d95bac44ccec6ba,delivered,2017-07-06 19:36:57,2017-07-06 19:50:18,2017-07-07 17:52:04,2017-07-17 20:22:39,2017-07-28,410fb32e64021ff81aab94fe0b76f575,2017-07-06
d1de4ee2cdca15e0ccf424096264d3c8,39e5fadcd944a8fdf11b3654e7413d0e,delivered,2018-02-08 07:47:11,2018-02-08 08:10:25,2018-02-08 23:09:40,2018-02-19 20:39:14,2018-03-07,8dbbec2146fc038f00dd3819239dcaf6,2018-02-08
86e9770b85541565274b041849e909e3,708290dd6f1eda82f764cdb76ac19262,delivered,2017-07-11 18:39:09,2017-07-11 18:50:11,2017-07-24 14:10:14,2017-08-01 18:52:32,2017-08-11,cfc4fb87254b2d36a40da10a5bc4f407,2017-07-11
357fd478aabae20e8548661577688175,6ecaeda783d8f431098652d8790f8fe3,delivered,2018-05-17 16:45:55,2018-05-18 00:15:28,2018-05-22 14:08:00,2018-06-05 22:29:36,2018-06-05,c03655414d78fc179eeb3c1dfeba84df,2018-05-17
56e52e0e9ca5698dd8d4fa5de117448c,76b0e019d627ffe53af292a24a2541c2,delivered,2017-08-01 14:25:01,2017-08-01 15:30:19,2017-08-02 18:53:55,2017-08-15 18:07:50,2017-09-01,97cd8032d232967ef22088eeae78db5e,2017-08-01
e5fa00efafb88eb508afaa778eae8a6a,aafee009036396873b555eee8c05aa62,delivered,2017-09-10 17:33:47,2017-09-10 17:45:12,2017-09-18 20:33:26,2017-10-09 19:00:20,2017-10-10,967637ba902e29d1d8937a392b3424f5,2017-09-10
6937859dba684e88640f04b2fd471d7c,a44b5afa2f79b679e5553363b1b0d8e9,delivered,2018-02-17 20:58:48,2018-02-17 21:10:30,2018-02-22 16:18:42,2018-03-21 15:47:55,2018-03-14,38e345cf51b18ca09e48d38c466c9aac,2018-02-17
c25b60f499ad0bad3d9bd3fd3e82b089,b26f177937a176ef76f32a7c0fa03f02,delivered,2017-05-15 16:48:14,2017-05-15 17:02:56,2017-05-17 09:03:02,2017-05-25 16:55:59,2017-06-08,46d73ea171779c28cefc16560672c59f,2017-05-15
49e3a5faf16d760e0209b520e8364246,f8a47173358e2982a9f69b8d2193ae67,delivered,2018-01-04 23:53:04,2018-01-06 02:07:57,2018-01-09 14:41:22,2018-01-26 16:37:07,2018-02-01,35329f6fbd5f5e1e7d0f46bd73aa7d88,2018-01-04
0bfa8870838091fe8171ed69f6b89fee,10f2beaf4d0f6f475d9f4cfdc9b05457,delivered,2018-08-22 10:21:13,2018-08-22 10:45:24,2018-08-22 14:50:00,2018-08-24 22:41:52,2018-08-28,84a7bab3a01dd7085bf2b17082e6c8a4,2018-08-22
6efae6c7b38cde4c5833376accaedb02,76f9706526dc2e690bed0cff82644cfa,delivered,2017-09-21 22:01:26,2017-09-21 22:48:19,2017-09-22 16:51:29,2017-10-03 17:38:10,2017-10-25,3f43659f3039db937e17c9b26a3ce7b0,2017-09-21
3f728c09846bd39666acf05416a9fefa,c073fb80229f3b3e39938291f56896a2,delivered,2018-07-10 11:55:36,2018-07-10 12:05:30,2018-07-11 15:10:00,2018-07-17 02:41:54,2018-07-27,8bd937a69d52440a2a273ab036c04e94,2018-07-10
0467205a89711e4ec8e70ef2277e3287,90b8af517fbab96fb08d0115dffdc570,delivered,2018-07-03 10:30:52,2018-07-05 16:40:30,2018-07-03 13:12:00,2018-07-04 22:42:41,2018-07-16,f900fc2f1cd425f450ed45de58815199,2018-07-03
7a63a2feab704e71ea9cf2aba2c7bd10,a68b231699b45f44a3e48910c457417e,delivered,2018-04-01 13:15:24,2018-04-03 05:49:06,2018-04-04 18:58:40,2018-04-11 18:15:45,2018-04-23,095c91ade8bb45b5580606cbed55b04d,2018-04-01
93aa1607392862dacfb4b54774480f1d,59ecb3cd1a0a6e1e028d208ee17a1765,delivered,2018-05-03 12:37:17,2018-05-03 12:55:06,2018-05-04 11:48:00,2018-05-09 15:12:03,2018-05-28,8802075b15406fdd5d9de90a05da23ee,2018-05-03
b787106d477dcf42be86fc2e8eabdaab,e05b37c1692ca2dc95dbcfefebd59a4d,delivered,2018-05-07 20:39:54,2018-05-07 20:55:29,2018-05-09 10:00:00,2018-05-24 17:25:37,2018-05-30,74fb5bcd75ea556233c22200d3ac9c22,2018-05-07
e2da042c42ce790c81ef3a9f666a92b6,cec841303d49ca5ab4756e8fee1fc554,delivered,2017-12-21 16:15:32,2017-12-21 16:30:09,2017-12-22 17:53:36,2018-01-04 00:14:43,2018-01-31,9401f50e506539002baf51c87eeda30a,2017-12-21
2f62d489455bae79172e60f9eb0a9cea,cd43b90d37298e11cbb323e2bc6fd3c1,delivered,2018-03-22 22:28:03,2018-03-22 22:47:29,2018-03-23 20:54:48,2018-04-06 22:36:35,2018-04-13,47b41b6b40d477ecae62afa16f4359d7,2018-03-22
f7f52d7843e579d62167f8afb3d1d946,8e0d0cfab72f733812ae2f71669ce2d3,delivered,2018-06-11 22:06:34,2018-06-11 22:19:29,2018-06-12 14:21:00,2018-06-21 13:36:46,2018-07-16,4b42b652b788925e820709f7b5becae1,2018-06-11
7dd1b130c9150c4343cfead610733da0,9c0f857d40fe25c04dcb0e2b138f6634,delivered,2017-03-09 08:47:24,2017-03-09 08:47:24,2017-03-09 14:01:47,2017-03-17 04:14:13,2017-03-31,a15f54a1cb407ea62afe39162ffbceec,2017-03-09
e7c290bfc31d7eed478c3d3d2d4d2953,004440537b68545ca3c341d7279bc4c0,delivered,2018-08-28 22:30:32,2018-08-28 22:43:50,2018-08-29 15:00:00,2018-08-30 17:18:48,2018-09-12,9dfcc502727549f99c9f73dbd28b35e9,2018-08-28
bf0b0091259a3839db4a335aa1b4c8dd,bdccd7d99b0a5094e9f43ee3a616869c,delivered,2018-05-05 16:10:01,2018-05-05 16:29:58,2018-05-07 12:53:00,2018-05-10 23:42:30,2018-06-06,8ca53e042ce7311d511423468440dec0,2018-05-05
e481ee461ff8fe2c3bd50f798e13b2f8,1b45f60d696cad69dd5ef9ee6d3d0e80,delivered,2017-11-27 21:53:53,2017-11-27 22:17:45,2017-11-28 20:45:30,2017-12-09 17:32:41,2017-12-20,2f5e406cfdbf568721aab5f28fb89ea4,2017-11-27
45714388825b2025b19af04c84924cdd,e3e8c3f235b2e617b9bcd71516e7aa98,delivered,2018-06-03 16:51:01,2018-06-04 09:30:19,2018-06-05 13:52:00,2018-06-12 21:05:08,2018-07-13,6f13774f010a3cb89e6d7ccfd4c04b4e,2018-06-03
5abedb82bfd5944d04bd7e074f189dba,385826fa4890fd6d52d6db2a12991aec,delivered,2017-12-15 12:52:08,2017-12-15 12:58:24,2017-12-21 18:38:41,2017-12-29 18:27:32,2018-01-18,cf217e0cd2f84c040999679114af062e,2017-12-15
bfd664f7724709fb7bfbb33308a64ccd,b848a0e45ab7cc370ead566c06c250a9,delivered,2018-01-05 00:04:11,2018-01-05 00:14:24,2018-01-08 16:03:38,2018-01-15 21:28:47,2018-01-30,823baafc843bd105b854214889d74649,2018-01-05
12404c66f4ea97b16664395ecbf61889,d91269dd81b9bce4f785fb94e5189872,delivered,2017-11-24 07:24:37,2017-11-24 07:32:24,2017-11-25 14:14:55,2017-12-04 18:35:18,2017-12-14,a2694c5df9183031534e4dbdd7411377,2017-11-24
04730e3327a051a939ae815e14e482e1,1f73a986d985bf8c6ace5bd5a3e0b1e8,delivered,2017-11-24 21:44:07,2017-11-25 00:37:48,2017-11-29 20:35:48,2017-12-13 19:12:23,2017-12-20,3e0ec51549acef5abeb76a89812e834c,2017-11-24
831e2035989f1b9cb217e1093e2992d3,2b832cb2a7115d9c21871ebb461faeae,delivered,2018-05-10 09:31:46,2018-05-10 09:52:03,2018-05-12 08:14:00,2018-05-19 13:52:01,2018-06-05,c8a34de808d9360584d35871fc1b2d93,2018-05-10
b307cada239e60fdeaef08bc8817c345,b39a10ad4f8b0501542b837f4b6f46fc,delivered,2017-06-19 03:06:36,2017-06-19 03:15:13,2017-06-19 19:44:54,2017-06-28 13:44:03,2017-07-11,1e716a50e0e3b10d59c2284f6ff642ed,2017-06-19
a2d3e809723dd48f967c88c7b681799a,19100838c0b5153ea3badd6b15191c17,delivered,2018-03-28 18:34:34,2018-03-28 18:50:11,2018-03-29 20:40:55,2018-04-21 13:22:40,2018-04-30,9342d31563f883d5c05c5746fb075815,2018-03-28
d793a2f7a07ce993cbdd2d6ffac8972e,c42a2f665b0a49c9428c48903a43e962,delivered,2018-07-20 10:22:34,2018-07-20 10:35:17,2018-07-20 13:47:00,2018-07-25 17:32:32,2018-08-09,33e670a0bcac60875ceada1c240aa9fd,2018-07-20
6203b82391cd0a3daf1c4dbe763a318f,0d4f48281b345e9901b120e46f006f79,delivered,2017-06-23 10:53:01,2017-06-23 11:05:26,2017-06-27 16:32:43,2017-07-04 10:47:45,2017-07-14,3065271ed4f6763475a4466750414c23,2017-06-23
6d3113205aaca4d6b2dfdd01e15ec7d7,24bb86ce8ea9406d2e034154063030d4,delivered,2018-04-26 14:10:07,2018-04-26 14:30:15,2018-05-02 12:01:00,2018-05-07 20:24:57,2018-05-21,971bb54683b95cf74f129c91d04976bc,2018-04-26
910b6236c4771f905eeb252718b05b6e,1684ae14611db66fcad47175a24b643d,delivered,2017-07-04 19:37:38,2017-07-05 17:42:31,2017-07-07 17:02:40,2017-07-12 17:26:34,2017-07-26,b392ff4d509a87ad6b53535bccb8ad04,2017-07-04
aaed8fcb92e763144b26eb6ac5ec48c5,7400c7e143639e56fc8ffa59d1c03649,delivered,2017-04-11 15:02:30,2017-04-12 14:55:16,2017-04-13 15:48:06,2017-04-30 10:46:06,2017-05-10,a5c537029c8afeb057810d65cd682c7c,2017-04-11
43389a4c5d1f6f0fff4486c6ae61d4ea,ca664d020aa46bba68a6e0429de6c83d,delivered,2017-12-13 08:11:12,2017-12-13 08:19:25,2017-12-13 22:20:06,2017-12-28 15:39:21,2018-01-15,78f31fdb8048d382c306408ee9c3c98a,2017-12-13
9cb828e4c199d05058a48c78126e3a51,e362677e56f333541b22921c3c2195cc,delivered,2017-08-09 11:09:22,2017-08-09 11:25:10,2017-08-15 18:12:33,2017-08-24 17:55:47,2017-09-11,db0f9d5f491661d37050378403a532f9,2017-08-09
6c80694f60ad5694975dc614b2a7e723,e7097960c7662eb4f785a1a4c8f5c59d,delivered,2018-05-16 12:26:21,2018-05-16 12:53:55,2018-05-17 08:40:00,2018-05-29 11:03:31,2018-06-11,e4dfe28d804fe41883093064c994436c,2018-05-16
bf2ac202fb57d18bba91de7d1ee05870,1b5549f559bd802556906046b50d8ae1,delivered,2018-03-28 22:53:47,2018-03-28 23:07:34,2018-04-02 20:32:45,2018-04-04 23:44:18,2018-04-10,999ad03a184223a54a2610f8ac482149,2018-03-28
73a8ed1078e1d475d2b1fb7216a52e1a,900ba4df9838bd25ef994e0483fefb49,delivered,2018-08-10 10:39:43,2018-08-14 04:50:12,2018-08-14 09:07:00,2018-08-17 21:21:58,2018-08-22,af5454198a97379394cacf676e1e96cb,2018-08-10
3dae6feef971cab19fbe93fb8d14eb13,9091cd96355c2dca565419ccd2b3a090,delivered,2017-09-11 10:14:34,2017-09-11 10:25:39,2017-09-14 20:57:28,2017-09-20 17:28:23,2017-10-09,d1a460316c3d76c8470f6bd34412b70f,2017-09-11
697797bc98580e59013e58bdd5cdd1ba,dec52b4b346dde7f75f0b2f21b0955bd,delivered,2018-01-24 20:35:34,2018-01-27 02:51:21,2018-01-29 23:08:47,2018-02-09 20:42:36,2018-03-02,6e46d472c691147917d485c533476bdf,2018-01-24
05d6faf8d3942006edf7cbc669faa965,9d70473610a913bc6ae8b9b52c35459b,delivered,2017-09-10 18:16:43,2017-09-10 18:30:18,2017-09-11 21:23:06,2017-09-18 16:48:26,2017-10-06,7d98b79446c0ebb0efc2acd85cf76559,2017-09-10
c60a42174ebe36481da792fbb7da904f,22b3e24d43b6f9a27af8c5f1b17f9e04,delivered,2017-04-19 23:39:20,2017-04-19 23:51:17,2017-04-24 18:18:10,2017-04-28 11:42:55,2017-05-12,9b552a12ae5e31b69bee7bfdfe2bf9ad,2017-04-19
1ff4d17534327066535e75b5bea441ef,fc289a6b8a8613e4e16ecbf0a9f2f47b,delivered,2018-04-06 02:36:39,2018-04-06 02:50:13,2018-04-07 01:42:33,2018-04-07 17:19:14,2018-04-19,02399dafe5a38655445fb46ec2499071,2018-04-06
2829feee3f2a5c865f84cf4efb8df48d,8974c83d17dba1c212c98adb6ea6eadb,delivered,2018-05-04 17:17:11,2018-05-04 17:33:49,2018-05-07 08:37:00,2018-05-15 19:33:01,2018-05-30,9dd892e57b2b367c20c624a8c44b77e5,2018-05-04
b357c263e1f33cd68e28110443a2d2ea,a719a6a81140e2806668e96279024b1f,delivered,2018-07-17 11:25:12,2018-07-17 11:41:21,2018-07-17 13:56:00,2018-07-20 19:04:23,2018-08-14,9380a3de076eff518b52cd53486063e9,2018-07-17
0de906f0c72deaf1a1d5f7c23ded9f35,4ba8c08de7fa81bb7c3ccbd2918e608f,delivered,2018-03-20 00:57:44,2018-03-20 01:10:21,2018-03-21 21:51:14,2018-03-31 14:48:48,2018-04-06,08367838fec76cf190501e15cb8a9e67,2018-03-20
d664b2039deb4f567ef5367877766cf6,2728d59778931902ac2459b9f643b886,delivered,2017-12-02 17:05:37,2017-12-02 17:15:20,2017-12-05 19:22:17,2017-12-15 15:42:39,2017-12-20,bac01bc2fd2368c631f6ba4822eeb45c,2017-12-02
06be8b2c2a6e818814aa5416c3512ca3,00993c1bdbff4f24ca6b8124b4cf5a1f,delivered,2018-07-23 22:05:53,2018-07-24 10:31:09,2018-07-24 15:54:00,2018-07-30 12:48:38,2018-08-14,10d5890ed5e7ec78a7db23b5ac579b17,2018-07-23
4089dcf1cbb89bc02b04c143c7dab499,4eb34c6abfced86e2424dc23945875b5,delivered,2018-04-30 14:13:49,2018-04-30 14:32:39,2018-05-02 13:09:00,2018-05-14 18:22:47,2018-05-23,083744765db229cad6129488fb24a17c,2018-04-30
498cdac3b77bd13d44a8cfd3e26b768b,83c0a4c79c91b162fade02f2550af74d,delivered,2018-07-29 10:25:04,2018-07-29 10:35:13,2018-07-30 15:41:00,2018-08-02 16:16:49,2018-08-09,f0d2314bb4bc2d97e0b3cec0444065b0,2018-07-29
3aae1e931f771197ec742671ee429dc9,4f5fe0d2d2d60f5850f219a41b092234,delivered,2017-03-20 16:14:51,2017-03-20 16:14:51,2017-03-21 11:57:16,2017-03-27 14:15:48,2017-04-10,bc1a1a7e42614d811b6940ddbcb71059,2017-03-20
dbc3b0665b060a97f3298ba46f58ce1b,3e833164532942a1114ef358e1b8884f,delivered,2018-08-22 17:14:06,2018-08-22 17:25:12,2018-08-27 15:10:00,2018-08-30 19:03:59,2018-09-05,0dc3b85f8519a87fa1d5a9b90a557d72,2018-08-22
506d46f95e03c222c6b3df0c721f7a82,5e06e74719ab2e623f22de047cf13fc1,delivered,2017-08-15 19:18:32,2017-08-17 02:50:30,2017-08-17 15:36:00,2017-08-22 23:32:49,2017-09-08,5ecc44eb8b8132b43274f766ea35c7a2,2017-08-15
358062b4847c9e2ce76ba4895d0f6625,e139948a02a65f3d63dca4169cd990b8,delivered,2018-06-18 09:30:44,2018-06-18 09:53:49,2018-06-19 16:18:00,2018-06-22 18:26:51,2018-07-17,6a9e15d6fa8ce1cabf193c21aa577f64,2018-06-18
4dddc24327ff6d738f2a72abf2b2bc71,4fa95709fb3d5e842297bb9929b000ed,delivered,2018-08-08 12:58:54,2018-08-08 13:10:21,2018-08-09 13:47:00,2018-08-15 16:43:36,2018-09-03,f1e792f1f42a33314fbaedefe2aa7822,2018-08-08
01074135a88ffa5978eaadfc7f482f2b,acc1272df0c1c3d973ccb5be09d0ab41,delivered,2018-03-30 10:53:54,2018-03-30 11:47:15,2018-04-02 23:06:55,2018-04-17 17:29:32,2018-04-24,c872d5914996f4822fdd5a4a742965b0,2018-03-30
e031b115c17b49bdf313c9150d4cfdb0,4b7e3d0d6bbbfcf977e12746495b9e30,delivered,2018-03-19 14:26:20,2018-03-19 14:35:52,2018-03-20 17:08:49,2018-04-13 20:32:20,2018-04-09,6861be7c47819049f96ce098fa072e3a,2018-03-19
5697a446ff63940af2ffeb653ae0fc18,b85b9eca8d1a4aea28791a21bc3e8103,delivered,2017-08-09 15:35:36,2017-08-09 15:45:08,2017-08-10 23:43:53,2017-08-14 14:46:14,2017-08-23,6a60f4b18ba1ef6b5d7441ac254d33a7,2017-08-09
eaa6e85721460c83524a1269a2113037,cbbd175e38b1388ef9401ef8518b2ba0,delivered,2017-08-21 00:05:16,2017-08-23 02:46:54,2017-08-24 11:23:34,2017-08-25 21:21:29,2017-09-18,f48eb312a93e00296f9f5760ae623f25,2017-08-21
ac9389991e196542581dc80f6be7e5fe,d5d2b40c4f46a961dd499fcf5541ffb8,delivered,2018-01-01 21:11:00,2018-01-01 21:18:27,2018-01-05 22:11:00,2018-01-13 01:29:12,2018-01-31,b814324d11d2ba7ac4482460315dfb69,2018-01-01
ebcf66c1607001ac95cb9c83eeb8669b,4b8c2940c3905435e4ee402e8912c28f,delivered,2018-07-18 21:54:05,2018-07-18 22:15:20,2018-07-26 14:04:00,2018-07-30 21:46:56,2018-08-02,39946e2ab1ea9f3278d30ca2b9e35fcc,2018-07-18
1905a6fa69b8fe273cc0ec81f8ec31b5,7ae85381c48ff61620b51be6c33eded9,delivered,2017-12-18 18:12:58,2017-12-20 07:18:18,2017-12-20 20:42:47,2017-12-30 12:41:56,2018-01-12,b860cf8691d09c106b5c6dae76361e96,2017-12-18
9bd01f4522f8744273b5261450ee0c5e,3318f25e21adfc925030d4e0d82833e8,delivered,2017-11-10 17:40:29,2017-11-10 17:56:09,2017-11-16 19:51:17,2017-12-26 14:33:43,2017-12-05,09746c224fd3209b3277079eda8e3683,2017-11-10
50ae3a5a52b4ff79495a2abff4490590,210463ea2c691dd0a1578224cb2b1c59,delivered,2017-08-11 17:34:42,2017-08-11 17:45:21,2017-08-14 14:35:01,2017-08-24 16:31:43,2017-09-13,f0fea25c4f9699fdea475623bafae0c3,2017-08-11
dcc495566353215aa81cab568f8fb2bf,30dde7f12628e5590a4140ad0fdedd93,delivered,2018-03-26 15:45:45,2018-03-26 16:08:15,2018-03-27 23:04:14,2018-04-04 19:26:29,2018-04-17,b3828fd9fc7daa8c75b4ccb25ab5a43b,2018-03-26
938eec02edd60b9aac62487718732066,95831ea09cb4a648b5f7d46d25e9760d,delivered,2017-08-31 21:54:32,2017-08-31 22:05:37,2017-09-01 19:12:00,2017-09-08 19:44:59,2017-09-20,fa7a67f97f761a6a97aa6108986e0a60,2017-08-31
2bc23fea2d23b5e157fea231d05ccc28,5c6b8bfd6f87527b28dd898557640c63,delivered,2018-03-17 22:26:43,2018-03-17 22:48:37,2018-03-28 17:06:27,2018-04-04 11:19:53,2018-04-10,06d2ec692e82fc664558d904020332dd,2018-03-17
c171a641ce5deb8a4f8ec640d78dde03,a6cb65db63e510b12e2eba546c58c06a,delivered,2018-07-22 12:36:44,2018-07-23 11:31:41,2018-07-27 15:38:00,2018-08-01 19:56:42,2018-08-14,e31d850f72f8813816d9c163a26b7da2,2018-07-22
7f33b2f7072ae341ce1f0f20a6d9e9ab,385eb3be53ed064c17035d8c92a36d16,delivered,2017-08-10 22:07:55,2017-08-10 22:24:01,2017-08-15 15:45:54,2017-08-16 19:05:00,2017-08-25,148f0537f63e001d16394c0327384588,2017-08-10
4d4ab4ddf371a4eef5153387cac80ff8,cf199055fc9c6d7cf39cc54ec67638a3,delivered,2017-12-03 17:12:06,2017-12-03 17:34:23,2017-12-06 21:22:00,2017-12-13 21:18:50,2017-12-27,de7c528a21d8e758f92be65a233faa91,2017-12-03
90375c2818679d0acd512c173b31a0fa,b15c0c3759725fa232822a4ac78f5f6e,delivered,2017-08-10 00:49:16,2017-08-10 01:05:10,2017-08-10 19:38:05,2017-08-17 16:13:44,2017-09-01,3b50390d33348a4d5701045d0cfe687a,2017-08-10
041cba819a99569f87996b65b73ea82e,98f405f18fec61e1a61037c344213e26,delivered,2018-03-18 00:19:20,2018-03-18 00:30:27,2018-03-19 21:38:23,2018-03-22 16:04:49,2018-04-11,bbfd59135e547be5668fde7563f761ea,2018-03-18
28fbe65f18578f91f026300af5e6bdbc,dc169cbfe622bb5514404bba1f6fa004,delivered,2017-08-27 18:28:26,2017-08-27 18:35:19,2017-08-29 20:27:37,2017-09-01 18:03:56,2017-09-18,3884effb73a5df3aa3d6c4b458e55dbd,2017-08-27
3644e8655109be6d27d6e4d9114692b9,d035de7e60e15f937e0232c6b4a0ce90,delivered,2018-02-20 15:02:40,2018-02-21 06:20:02,2018-02-21 20:22:20,2018-03-20 20:28:49,2018-03-21,5de71f0271fa75ea9460d7a3f635782f,2018-02-20
2f16a08a008440d69c339763a4024226,dca8d3f7703ea5066661fe1014e2d9d1,delivered,2017-05-07 21:00:57,2017-05-07 21:10:14,2017-05-10 13:01:07,2017-05-15 16:26:42,2017-05-19,8e0aa7241f92784858314b4093ad73aa,2017-05-07
c0341f028a07cb3196e3bf4e850066bb,b3cdb244706fcba3d2bcd907b082ce1b,canceled,2017-03-23 17:21:23,2017-03-23 18:23:19,,,2017-04-11,babf1b88651ebe1494f8fecd2ab1401c,2017-03-23
675259524dbb8d518b8af60d1bc7c3ae,81dd0c1d4b6fd66063d84be7ec98e51c,delivered,2017-09-16 17:52:31,2017-09-16 18:06:23,2017-09-21 15:28:07,2017-09-25 17:04:09,2017-10-05,5d7ff2333e4e90823185a3f837b7e93b,2017-09-16
9f0f2a19e1bd7373ab446e804e5c4d3e,c01c53ce89255b783aefd51c8df9c933,delivered,2018-03-20 18:12:12,2018-03-20 18:28:04,2018-03-21 21:05:10,2018-04-21 16:51:50,2018-04-06,a292ea1812854bc97d036365bc95dc64,2018-03-20
c0a44fead1bf940766c68e73c9224dd2,e40c5dc891386a1b077b5fbf99505e71,delivered,2017-07-24 20:56:42,2017-07-24 21:05:21,2017-07-26 19:49:53,2017-10-14 13:33:12,2017-08-17,1a9851ca5dfae3edb306fc0b94c08fcf,2017-07-24
9293a0b9f66eb89c45d984173b2f3999,8f53becdc23282bf21b05287651baa73,delivered,2018-02-16 14:18:39,2018-02-17 03:47:53,2018-02-23 22:52:19,2018-03-06 22:42:05,2018-03-19,12c6265af495a017928e8f642d3881e4,2018-02-16
79bb1292df7d62fc35c5121cf94216dd,a31bde58ff0a6a1e45abd0def156ff72,delivered,2017-05-17 21:10:47,2017-05-17 21:22:02,2017-05-19 10:42:25,2017-05-24 11:07:54,2017-06-08,6d6042bea2b6cc539eb4f1cd825860df,2017-05-17
9024a48543f0247467a77a9208311c07,9ce95a2a798e3c8f3786f075794a1851,delivered,2017-11-13 17:16:55,2017-11-13 17:30:48,2017-11-14 19:48:38,2017-11-21 17:25:58,2017-12-07,e1d8d3b04aee0a06fa51353f5f9a3fff,2017-11-13
b14970227d9071f5930ab1774bc471dd,f571c1233e373065899833efd71ad0ad,delivered,2018-08-13 07:44:15,2018-08-13 07:55:16,2018-08-13 16:09:00,2018-08-14 13:31:10,2018-08-16,566ef46eec03ac4a0e424357fa71db1e,2018-08-13
9f88232659bf1587e06ac5ab1aa2d62a,b5e3fbd21cbfbe8300596115c3fcc624,delivered,2017-06-25 13:11:03,2017-06-27 13:10:20,2017-06-27 14:36:28,2017-07-01 07:36:19,2017-07-07,7197888beee4a47fd91b59a19d9c20e7,2017-06-25
1a2720764e8d2ce638f1696f2951a9cf,61e042bb7233b5c61b4b1fbfe824774d,delivered,2017-06-07 18:02:02,2017-06-09 02:15:20,2017-06-12 10:47:40,2017-06-24 10:03:15,2017-06-30,da0db337ede939840c3b01ee64616282,2017-06-07
41277f3a6a9033447c24bd3e1ff04c86,54fffbb66b635bac0e36b284797a581b,delivered,2017-07-15 16:01:02,2017-07-15 16:10:22,2017-07-21 22:53:43,2017-08-18 17:57:44,2017-08-16,7a83708d2551253dd81d5453093be6b3,2017-07-15
8fc47f65b54791a23f7051b6afdaf246,1cc2cb0e5dfcdc3eb9ffbbec7edb2402,delivered,2018-03-06 10:47:52,2018-03-06 10:55:34,2018-03-07 23:09:20,2018-03-29 19:47:46,2018-03-28,e614a678f8791c835f1beac3f62c80f7,2018-03-06
8de235cda79ec1764ed1c31381cb2e4b,71c7e5feaccea207f79968ff7faa09a8,delivered,2017-08-03 09:56:14,2017-08-03 10:10:17,2017-08-08 18:11:40,2017-08-28 11:47:54,2017-08-29,4a39707e1f62de189021f43a7bb520a0,2017-08-03
73a1b2c642b36dc0c5930e4b654ce46f,08ffdbf0b21cffff0d50f69e34097e6f,delivered,2017-08-14 11:03:36,2017-08-15 03:25:21,2017-08-16 17:12:49,2017-08-29 14:03:00,2017-09-20,35a2b7648173b71e6d64851f211abace,2017-08-14
489d362ded79f4394b61b6e58453ab18,bc2f220ee24e0e71c450982651079d50,delivered,2018-01-04 13:41:14,2018-01-04 13:49:33,2018-01-10 20:24:22,2018-01-18 16:47:59,2018-02-01,cabef558b42bd1d2578afc81048e8415,2018-01-04
1187d945103ffe5a5d8fe56169b9c4be,0cb635404b8b41e8351ae5578711143b,delivered,2017-06-08 09:43:46,2017-06-08 09:55:19,2017-06-14 12:52:10,2017-06-23 12:42:20,2017-07-05,c740e4e1f1ea155587555c6ae3d89c76,2017-06-08
3ba333b554f8465f34ff42c71561e53c,4604295ac7c810a19886d8ed12422903,delivered,2018-03-16 17:54:14,2018-03-16 18:08:26,2018-03-20 17:28:31,2018-04-04 00:21:43,2018-04-05,a728bc5da8eaa5116a33f5cf04700cd7,2018-03-16
9f96fbe1882a78b811357299fc5d6c8c,dbf20713f38b4f971f5d3d97dbb414f2,delivered,2017-09-21 21:37:49,2017-09-21 22:48:16,2017-09-26 12:41:36,2017-10-02 21:03:00,2017-10-13,bce4764ee8b372c984ded99179903b47,2017-09-21
51de77120c854253873cebe912d4d46b,cb0ca8fe7c5ac43280983c6807cf9cf7,delivered,2018-06-10 22:58:41,2018-06-11 22:59:38,2018-06-12 15:34:00,2018-06-15 12:38:39,2018-07-11,b067d457d34c2533b8a35c806e4fcaec,2018-06-10
424324b09cd7245a213d08d46272e9e6,c9449e3fd9b76b6495a0fdf2a49e4711,delivered,2018-01-10 10:56:48,2018-01-12 10:17:21,2018-01-15 18:35:03,2018-01-16 21:32:50,2018-01-29,7efd35159536b137cfb7af5ea043e523,2018-01-10
5944fb964cf73639af7fcd817b6fd31b,2ccd50175f866e2f51c3b1cdb12f55cf,delivered,2017-05-31 22:59:52,2017-06-02 21:05:10,2017-06-09 12:26:03,2017-06-26 12:45:54,2017-07-13,9fb13bca6ceeff4b206175eaabc35dd7,2017-05-31
0bb5af1f3b46e6ec23dd85506fa8175f,2f73503d3f3d923095acec18ce04c30e,delivered,2017-11-09 13:22:06,2017-11-09 13:35:31,2017-11-10 17:51:37,2017-11-22 16:40:36,2017-12-15,aa5d6d18f850e370ea0c876268d71d68,2017-11-09
10224c72b9364fe2d0608e92ae535f88,9ec65bad6a17e968271ad675828409aa,delivered,2018-03-16 11:52:58,2018-03-16 12:09:38,2018-03-28 21:12:43,2018-04-24 23:16:49,2018-04-10,a40c3bde3d454da5fa72d029c33aa76c,2018-03-16
b7dfb8016d0267b96d13355723f96132,a19919ba50eedcb8eb070264ed9c1718,delivered,2018-06-14 01:31:13,2018-06-15 02:37:05,2018-06-15 12:10:00,2018-06-21 20:33:17,2018-07-23,fc7744115dcb598471358e7d885cb98c,2018-06-14
7bdcc37d1c5c4c392f14375e50a41a04,2776b143819749dc8da150f1ce56e8de,delivered,2018-03-26 18:14:15,2018-03-26 18:30:21,2018-03-27 16:55:38,2018-04-18 21:21:36,2018-04-23,eabfd5a2da2fe2ade199d6c8a483998f,2018-03-26
42802b4a173a8c9b8a7039b19c419fc6,7725e9967372075f1a2d09e86831cb76,delivered,2017-09-26 15:34:11,2017-09-26 15:49:29,2017-09-27 20:38:06,2017-10-05 05:22:06,2017-10-27,32192d2434b0b6a9c9988588cc5f1698,2017-09-26
f6dca8897da8fa613f0b91b742c58b54,2ebd763628be3025a1a9804ee59e2f3c,delivered,2018-06-07 22:38:57,2018-06-07 22:55:52,2018-06-12 08:52:00,2018-06-23 16:27:24,2018-07-11,5b235808ec42268572ff15737d424210,2018-06-07
cad2acef57f845758b7d0da4ee76a3e1,25857a2242c04c73ca652f058c01d7f7,delivered,2018-06-13 14:23:09,2018-06-13 14:40:09,2018-06-13 14:49:00,2018-06-21 23:29:00,2018-07-12,d0c787a79c5fc4a8942f307a38261625,2018-06-13
93b055de61a2d8f6fb20ae3a2ca073f5,17ca162f67961b29c16ad5da0b75973d,delivered,2017-11-29 22:06:31,2017-11-29 22:17:31,2017-11-30 23:09:18,2017-12-11 15:39:08,2017-12-26,ef122c099f6d585391a367fa6512d717,2017-11-29
9c6dd0d5cafca153761250014cfbc320,463562616569ee98ff487ee7cdddf6ff,delivered,2018-01-01 12:07:57,2018-01-01 12:16:30,2018-01-02 18:32:10,2018-01-09 22:05:19,2018-02-02,2428f4224d9c03c5d4ebf22537401fc7,2018-01-01
5402a5595f574c530adc86dc28a8050e,460120cb864985d447516e2a69e244c0,delivered,2018-01-04 19:21:49,2018-01-06 02:27:48,2018-01-08 21:39:26,2018-01-30 17:22:38,2018-02-06,029b457bd01199c39136f89e0eddcd3a,2018-01-04
36d80fa68ee43c6ee60518067a8d667b,09009cf4ad784262889cf4c0f7b85420,delivered,2018-07-18 13:25:22,2018-07-19 02:50:19,2018-07-31 14:10:00,2018-08-06 17:36:44,2018-08-06,156d8e7112259cb21194a24fc41b54d4,2018-07-18
1db414d3006c156b2ccc309b0b4682fc,89064eee00c6c9e4623a0193abb0d149,delivered,2017-11-17 19:43:08,2017-11-17 20:50:34,2017-11-30 19:15:13,2017-12-05 22:48:44,2017-12-12,72cbec0de890d3140ba362903287c8db,2017-11-17
7b997f4d6833a33d2df92a0a939a5b25,e4e8b2a1871ee98d1af88a1c049ba181,delivered,2018-01-26 00:44:01,2018-01-26 00:58:07,2018-01-29 16:48:47,2018-02-15 20:28:38,2018-02-21,eb30ffaa42cf6512b4a2f901905ef11c,2018-01-26
387782f617545adccce38a442b1fbcb9,f5b2d5976af2fcf04734a36064cddceb,delivered,2018-01-05 17:17:05,2018-01-05 17:29:25,2018-01-17 19:19:03,2018-02-09 00:39:50,2018-02-22,94dea73f2f38b00f698f7ee2f1bf60a2,2018-01-05
b30f6677ba659390857271ffd12c0d29,93413f9b6489af98265d01b11753f5f5,delivered,2018-06-20 21:40:31,2018-06-20 22:20:20,2018-06-21 15:02:00,2018-07-03 22:51:22,2018-07-24,a56df37f1251ec47d5ad53dab3043f38,2018-06-20
d841db95e26d664b1ea54020b52e8ae5,080943912c68cd66e846438e3d0f4d11,delivered,2018-01-31 17:29:42,2018-01-31 17:54:06,2018-02-02 01:27:53,2018-02-10 14:08:56,2018-03-02,4b5b16a383384fc781209eab6e06fc7d,2018-01-31
3a73a24fa6a0d8ffd462fb4bb62e66fc,da5bd8e328c797b2d8f4d7199d5e94d5,delivered,2017-12-18 17:24:21,2017-12-18 17:36:30,2017-12-19 18:21:51,2017-12-27 18:58:40,2018-01-12,374435e2f0f48d047373cdcf1df86d8c,2017-12-18
37404c7e8f026ab1b81aef92a59939b5,1098e13c3ac2b7d8b711ca1618cf31e4,delivered,2018-08-04 15:27:51,2018-08-05 15:24:25,2018-08-07 09:18:00,2018-08-14 00:16:47,2018-08-29,71fa3fe2a53fdf039b0dfb07332be412,2018-08-04
e7a9fabed044b8b1a75e6b95dba9bd92,7e8a4fb5e9f3744859b69444b3d703d3,delivered,2017-06-11 23:15:23,2017-06-11 23:30:17,2017-06-19 14:07:49,2017-07-04 13:28:02,2017-07-03,df59214209bdddf5e4283e88328cc525,2017-06-11
07f18be24ff2d6a39b166d2fce1bc2b3,ec4fa69a3e15387b7581db26490adfb1,delivered,2018-05-12 21:43:21,2018-05-12 21:56:37,2018-05-14 14:05:00,2018-05-24 18:08:36,2018-06-01,52d5ddebc4e87a2c131e2cc4e2dd5128,2018-05-12
36ff0e6c1dc200e440f805f289b4be74,cba5db913b6e4038845aee284a7407c6,delivered,2017-09-24 14:44:15,2017-09-24 14:55:15,2017-09-27 18:41:17,2017-10-11 16:03:32,2017-11-01,ba7805efb5859a81c6a18cbdaaadabdb,2017-09-24
1451f4e1d7e9367d2fe5173de35b9656,48bb7e6e937e1b868e8c1f0868ebe2ba,delivered,2017-04-22 18:45:59,2017-04-22 19:01:22,2017-04-25 12:38:14,2017-05-15 11:52:19,2017-05-18,9fad9ce71bb1d737fa9c826fd773c1a3,2017-04-22
7b1b657e9cd1e1d807d0b89c08431139,0d7a3de2f5fab946bf122803472802bb,delivered,2017-06-14 14:50:22,2017-06-14 15:05:32,2017-06-16 13:07:25,2017-06-22 14:04:52,2017-07-05,7dabcdb06eecc63dfc1137eb012d9834,2017-06-14
303b11889a7c5232f208a70be31e8ea0,e18f5bbc77c09e732b68e3908e393ff1,delivered,2018-04-13 16:19:29,2018-04-13 16:35:14,2018-04-16 13:06:30,2018-04-25 21:34:01,2018-05-10,231affe4b855d6636825f11617b621dd,2018-04-13
b92f9e67d8fd2a703b887a16b6374fa8,220d4cb3fd1fbe497f2b013f0378bd2b,delivered,2017-11-20 11:27:51,2017-11-20 11:46:27,2017-11-21 15:51:31,2017-11-22 21:44:26,2017-12-07,1d992273db84f17d7ba6dca237fa733b,2017-11-20
e831082804ec0bbebbef04e8b2d8a525,fa52af619a9b52a9b499ae425aeac7c4,delivered,2018-02-26 10:33:45,2018-02-27 04:31:04,2018-02-27 22:28:58,2018-03-07 20:42:48,2018-03-19,8f8d50dadca0105e54b94933e689842d,2018-02-26
f5b1cfba9fe979f87dcfefc578010e8a,34c58715f182abe848f018fa420a72ed,delivered,2017-09-16 16:11:55,2017-09-16 16:25:12,2017-09-18 17:04:54,2017-09-29 20:13:41,2017-10-06,d401a17e88e606a3ce275061995a2074,2017-09-16
90a2585a7f96989dbc875ae664f8a983,1aa6c46fb9459ec74668eee530e59939,delivered,2018-04-07 23:24:22,2018-04-07 23:47:51,2018-04-12 19:56:29,2018-04-17 17:57:31,2018-05-17,6b40f79b58516afb8e7d18367d7dace6,2018-04-07
b2127a179063646c6e1e80f4617156fd,c007979976672f82a106285c9426d7c0,delivered,2018-01-11 17:49:13,2018-01-11 18:20:37,2018-01-17 22:23:28,2018-01-24 01:32:45,2018-02-09,45df9701a19ffdd972ae2c39b0d10edc,2018-01-11
2f79d47add1e4f50799767e3088e9630,ba9b41828fd89282e79e2351f1780de6,delivered,2017-11-26 18:08:38,2017-11-26 18:19:34,2017-11-28 16:29:03,2017-12-01 22:57:55,2017-12-15,41b2ecedf8e8ae0a840ba56ddbade2fb,2017-11-26
01ec6affa239058ac384542eb9f6920c,0b0e2a12cbf100c36a10fe8fb871d783,delivered,2017-12-12 22:18:58,2017-12-12 22:32:39,2017-12-22 17:04:12,2017-12-26 13:57:44,2018-01-12,a1588c8835d1e73d889f5e116bbaa967,2017-12-12
592d19865b28930fef28521989153b19,cf50471aa438813de301793fc3d81be4,delivered,2017-04-03 23:19:35,2017-04-03 23:30:09,2017-04-04 15:22:56,2017-04-12 14:48:08,2017-04-24,87b2e4a2df8e1635a1f89705abb6e94b,2017-04-03
317bc187384c65775ea8f3b23aad4acf,88058cff0e6aed321bbe871f86876eb0,delivered,2017-11-17 10:23:33,2017-11-17 14:15:22,2017-11-22 21:48:28,2017-11-24 15:20:00,2017-11-30,1424481d2bcf0e8bff1209b2acedcd2c,2017-11-17
31172329bcdd8e70610fe3bee1498a9c,b2b424bf038e5ffd3dd24325a80529d9,delivered,2018-04-05 08:57:45,2018-04-05 09:10:18,2018-04-05 18:58:25,2018-04-06 18:12:32,2018-04-17,c0df18dc82465a955273f3cae1145624,2018-04-05
38e31ec9d0ed250702ede5bb610d963b,3607518c886ddcf179860144a18dbff0,delivered,2017-08-24 22:39:15,2017-08-24 22:50:21,2017-08-31 14:18:27,2017-09-04 21:48:05,2017-09-22,d3359a56d96666ac0c21bb01e7a61c95,2017-08-24
f90aa72a8cc03aa3c3f50789ee872c13,8d89b38aed25e930a8c7cab5ec2c2da1,delivered,2018-06-19 16:17:31,2018-06-20 03:18:18,2018-06-20 14:45:00,2018-06-26 17:06:39,2018-07-13,bc3e7032668d3f411c227eec09221362,2018-06-19
9631be1589a0ed8ca6631d8f48f5f5b3,83ce897f06acad62a82d0d50a7ce9cce,delivered,2017-08-16 15:34:09,2017-08-17 03:05:24,2017-08-23 23:22:01,2017-08-25 17:57:14,2017-09-13,958da6ff0122fa69bc5e1dc0e176abd9,2017-08-16
34df7484b616fc09350bd58d5abd1355,99c149c88498a61079db08992677a6c8,delivered,2017-07-10 13:09:58,2017-07-10 13:23:27,2017-07-13 17:04:46,2017-07-14 20:33:29,2017-08-14,485a70868deec085aeda32283bbbd82e,2017-07-10
e6b6557ce111de79b31cc857f20ba212,90c8fe0d707ea62be3fcb5abd7bc784f,delivered,2018-05-22 18:41:28,2018-05-22 18:57:37,2018-05-24 11:59:00,2018-06-16 14:34:41,2018-06-08,5b1ce2603aed92f3655f96818402e8ec,2018-05-22
ba8b7845d823368d4400a8ecc26333ac,0050b4dd994efa94b2cd3210e4cecf32,delivered,2017-07-11 08:20:00,2017-07-12 02:24:16,2017-07-13 16:17:50,2017-07-20 20:49:41,2017-08-02,e5ab9d9cc98f8d5befc51f952a44c87b,2017-07-11
1d5c39819bbfb4a4e2443ce5409d4148,e4b4a130f32d27d013c89e14eb831777,delivered,2018-03-19 09:33:29,2018-03-20 03:48:59,2018-03-20 19:09:10,2018-03-22 22:10:59,2018-03-29,9bb34d343becc261af7325d5d6783dcc,2018-03-19
3d7b9f89c8227047efa43e1c557e0966,3e0ea72a6a9f85a1514038f9881cc62e,delivered,2018-08-14 12:30:22,2018-08-14 12:45:18,2018-08-15 13:21:00,2018-08-17 16:11:27,2018-09-03,73bca24adfdcfe1658f5626c4881d8c3,2018-08-14
a3d314d074a652024b6b7ce9cf5e9275,e54968e88e7710a302367e395a6462d0,delivered,2018-01-16 17:48:51,2018-01-17 17:39:22,2018-01-18 16:52:02,2018-01-19 22:39:07,2018-01-31,cf8cc1f67b03b2a3b4c1e5973136f12f,2018-01-16
b1cd362ad264b0da57a669fa27c8f5cc,1b5f0fa3c646d0d8ab7fc76f8759c8a4,delivered,2017-08-11 16:40:55,2017-08-12 16:50:19,2017-08-17 20:37:24,2017-09-11 18:46:47,2017-09-13,6b706e0280f4fb5a66777a2d861bf798,2017-08-11
1ecfa320a6763da8b71ad1fbd4df6550,de265a335eb5862b07ad34e7511e6a7e,delivered,2018-07-31 16:48:21,2018-08-01 03:31:58,2018-08-01 15:43:00,2018-08-06 20:24:54,2018-08-13,79a34be4a92fc400b28527551f595339,2018-07-31
e42cda49040d08368e11e1544c92db5b,53a05bd6f441b9137843cc959fbb2747,delivered,2017-12-21 13:46:51,2017-12-21 13:58:23,2017-12-22 19:12:29,2017-12-23 14:57:11,2018-01-10,5ec1a6a0a71a856148e6e64e9a5637df,2017-12-21
997e6bea52d4cfdae5cbbf67c2ded47b,a846b4c71577e96d467393b192b4e3d0,delivered,2018-08-13 14:13:05,2018-08-13 14:25:17,2018-08-14 12:04:00,2018-08-15 19:22:46,2018-08-17,c4c750e587cdcd37fd7bc2181577d3a4,2018-08-13
28abc29a8eb4b7bef7ce1cb43dd3cc36,951c6201fef0092532103147c7c34f8e,delivered,2017-11-24 18:08:21,2017-11-24 21:33:28,2017-11-25 15:23:09,2017-12-04 19:15:03,2017-12-15,1d095e614da719e9fff3d64037603cca,2017-11-24
3b995b138dcbefaf9fffef19025a1e34,887e5e5d30248d62f0917e9b76b03917,delivered,2018-01-31 15:55:32,2018-01-31 16:11:49,2018-02-05 18:47:35,2018-02-09 19:23:04,2018-02-23,51e22ebbbd5311e2db1a2953891c22ec,2018-01-31
c8437ae2370954848655235ebb274b59,58d55fca78d596d757ae23b467860fd4,delivered,2018-08-04 10:42:49,2018-08-04 10:50:16,2018-08-06 15:17:00,2018-08-10 20:59:41,2018-08-16,12b946f9fca2750789b70d43cb8a15b0,2018-08-04
7bd62497a7402220bd5006cec2c7b749,977266784cc0e1045bdd7f7ea2a085ab,shipped,2017-05-17 10:35:54,2017-05-18 02:22:39,2017-05-19 10:42:25,,2017-06-26,7750817bc39f117b78361cb7e91215eb,2017-05-17
d63f6af53a35a1d7e6a58ec09548b9ed,fd617125021648f494340f571d3f277e,delivered,2017-06-23 10:38:23,2017-06-24 02:25:12,2017-06-26 15:23:26,2017-07-04 09:42:31,2017-07-19,6d3d5771a12f5e7d00729f940bb28fd2,2017-06-23
a8c17d4b336d73e8162c709bc88b7c18,ec6603dfa8747baf79ebcf7f7b767d2b,delivered,2017-09-28 20:51:51,2017-09-28 21:14:15,2017-10-03 09:51:31,2017-10-11 19:37:49,2017-10-27,c1e04bef55e9856f741aae5de9c57e92,2017-09-28
884e5a90e2cbe945648f3851fde2c4c4,febea3481938a4b17570c46cb188996b,delivered,2017-12-07 08:16:34,2017-12-07 08:32:01,2017-12-08 12:45:57,2017-12-19 23:28:51,2018-01-16,d57c6929dd227056a9961cccc9b55b66,2017-12-07
e91a90c1253592e046513873529f6431,38f922165655e82d3738da81a442a33c,delivered,2017-11-22 10:49:45,2017-11-22 11:07:21,2017-11-23 01:09:06,2017-12-04 19:36:56,2017-12-13,e0b0573706f90e81a743b90e8d9f3a28,2017-11-22
ded50db70eaa7761be9f42b0cd32a593,feb94cac625fbf7a58fe9053ef7c6ec7,delivered,2017-11-28 00:08:21,2017-11-29 02:18:32,2017-11-29 17:17:53,2017-11-30 13:58:55,2017-12-12,6e530251b9e908c7da34bf8484d42233,2017-11-28
d774dda8acab57dc1f473be2a975cdf5,a1bad9f67c4cd41fc88e849635c46c4c,delivered,2018-02-21 00:55:03,2018-02-21 05:50:11,2018-02-26 23:50:16,2018-03-06 19:03:51,2018-03-16,b248c92ec54199bedb1d603e0e6f98c6,2018-02-21
728795566669c2f36ab5118fcde3af33,eb375a0cecd4aeae29c62be4399959b6,delivered,2018-08-09 01:14:45,2018-08-09 01:25:15,2018-08-13 15:02:00,2018-08-17 13:16:49,2018-08-23,2362e48b42786303ad71363c2af5d58d,2018-08-09
6d4836ff2cb88dc5916769bc7cbfaefc,285b02dd357a06f32b97e0e1491c2317,delivered,2017-10-25 12:21:05,2017-10-26 12:14:22,2017-10-27 16:28:36,2017-11-03 16:13:41,2017-11-17,283f9c59f06cc744a8f0dc2a66f1e385,2017-10-25
8f95199a6809023bbfabcd9759bd04a1,49f554f189c9d30e865dbcd58efafee2,delivered,2017-11-29 16:42:28,2017-11-29 18:12:31,2017-11-30 16:39:11,2017-12-13 19:36:24,2017-12-26,5c309a04ba98c8099726ca9297f40e13,2017-11-29
4c4dfbd9dceafac8eb2e502352559f18,3a6db3203c8388d5d9b01097bc0a918f,delivered,2017-10-23 20:15:04,2017-10-23 20:28:20,2017-10-24 18:59:39,2017-10-27 23:56:57,2017-11-13,255ac312f5ceb97163ec60f0db2eee11,2017-10-23
f9b79ac2c05f12bab607bfe35b4a2ad2,3c932993d41c2ba7c0d1027658a2fc6b,delivered,2018-03-05 16:48:49,2018-03-05 18:31:25,2018-03-09 23:06:33,2018-03-20 22:32:30,2018-04-18,b27bf89f74c911c805548615889c28f3,2018-03-05
87b1b0ac27740690a2f04d333724c05f,c695e0ab88c84c2ab6ea7e5208a22230,delivered,2017-05-10 15:59:47,2017-05-10 16:15:16,2017-05-19 19:47:56,2017-05-29 12:44:00,2017-06-07,37a5f211b682fbb9c7014cc0e356d8fa,2017-05-10
07884a0d48bbdae5f9a1d8582b57e09b,44e246036793c31473a506a95d2d782b,delivered,2017-11-03 09:49:14,2017-11-03 10:05:56,2017-11-06 19:06:30,2017-11-13 19:47:04,2017-11-27,0cda5b1f319966523ff6f30f42fdab81,2017-11-03
7068f768a623a654abf648def8753495,223c0edeb08f851824555202d03e9c1a,delivered,2018-05-22 13:29:30,2018-05-23 02:55:12,2018-05-23 11:42:00,2018-05-24 14:27:22,2018-05-30,14cf1de486a8a3a9373a4eb38f8f5506,2018-05-22
914ee15dc01a54f3bcb1df425276d627,a4dab0ff651e9d1f888ebf7238577dd6,delivered,2018-07-28 14:50:09,2018-07-31 04:05:53,2018-08-01 10:39:00,2018-08-09 14:48:37,2018-08-13,c0b7396785476307956e73355fc066d3,2018-07-28
569d43a54c364df5b367ab33e96eacf0,de67b8bed7fa293d54466d66bdaadc62,unavailable,2017-10-31 08:50:06,2017-10-31 09:06:23,,,2017-11-08,1af6a4167ec3bd3d41226dd8e0ec063e,2017-10-31
c0df4a985da0f64e837ba9b858762f1f,6581e6614c22fd8ed4a13184e0c1140e,delivered,2017-12-02 23:21:56,2017-12-03 02:31:27,2017-12-06 16:23:12,2017-12-21 12:04:52,2017-12-27,1ea64ae36c22ca7eb9821462af7418b3,2017-12-02
b4d85d4356b0ece0e421f5c58d757107,595ead2f37e147dbd839131586555223,delivered,2017-12-14 19:40:20,2017-12-16 02:37:35,2017-12-18 18:34:13,2018-01-10 13:23:11,2018-01-15,87947fae46831b1e06bb29f9de90b400,2017-12-14
4c1265c96a9e9859ce850f9edeb28f6b,eb537a4c480b550d6402a24eadc38ea5,delivered,2018-06-14 17:34:06,2018-06-15 02:17:19,2018-06-15 13:21:00,2018-06-21 20:14:40,2018-07-12,f5d302f19b0d545ecf570d3c928ebcf4,2018-06-14
56e26a902ce7881f0a64c34a8192b537,d35c437bbd14334d4ce4427e3b8f3c3b,delivered,2018-07-23 14:22:39,2018-07-23 15:40:25,2018-07-24 13:08:00,2018-07-28 00:46:59,2018-08-10,f2aa8ff9b2dca8ccfc255b8bceda4e0c,2018-07-23
3735a11cbccd8916dbc9ccf5f671cc2c,47132669a97ed8d24702c0f8a51a91bf,delivered,2017-08-27 07:43:57,2017-08-27 07:55:17,2017-08-30 20:46:48,2017-09-01 18:32:17,2017-09-19,78688a96aec00274a6fb74f373c75a69,2017-08-27
bc8f3d379c349098bbcd8b6f41883e59,8dc8374a00a6d1cc776471683a9737d0,delivered,2017-09-18 00:50:58,2017-09-18 01:06:22,2017-09-18 17:05:08,2017-09-27 20:50:02,2017-10-16,5461b2d2522658cd1fcc7d662cfe3934,2017-09-18
d9bb91a82e6e6e885f8509496e458d53,536603155646700bde88157ff0b59d87,delivered,2018-03-26 16:03:40,2018-03-26 16:15:17,2018-03-27 17:56:35,2018-03-29 20:09:27,2018-04-20,b67e845a1ee8586c4a586bd90bb457c4,2018-03-26
57c4f75f9937aa5eb6da206e2848c250,713e7d20d8019369537d029b73e14a8f,delivered,2017-05-08 08:55:30,2017-05-09 09:50:28,2017-05-10 03:02:43,2017-05-15 11:26:46,2017-05-29,4a2d62a192b455dd8caba3f55c7e9166,2017-05-08
5761ffe3eb3586d8bce6917e443b3d08,e8afe1d6c042c044ec133bb45239012e,delivered,2018-06-19 07:57:29,2018-06-19 08:16:27,2018-06-20 08:42:00,2018-06-22 20:18:48,2018-07-12,66b3fb2e125ca468c309b14a63c18361,2018-06-19
82a2e37eb201961bce71db63453b6b60,fc01b62a6d9186b4f5a0323cd9616891,delivered,2017-05-28 12:47:03,2017-05-30 04:42:46,2017-05-30 09:12:31,2017-06-16 10:23:31,2017-06-21,aa0d0a9893ff16fe1cada47a3bc69ebb,2017-05-28
39e5048b65d0f2dc06e626366773b715,be6fd14065c4c866425ed5d68cd15730,delivered,2017-11-26 11:17:14,2017-11-26 11:31:41,2017-11-28 16:22:50,2017-12-06 19:21:08,2017-12-12,38f82c33d5fe14b9e9d2122aef0f7e12,2017-11-26
748c52d1621e759a512c6175e674dfbe,1ee92569128ef615966b47ef4ba6c2f0,delivered,2017-10-02 21:12:48,2017-10-03 21:24:24,2017-10-05 19:15:05,2017-10-14 02:41:24,2017-10-18,4326d1c5c5e8feffcab12f03cf302888,2017-10-02
b93753633fb990e3c74dc9474c9d9e53,1e3efcd043381813bc0edd6c151c0741,shipped,2018-05-01 20:45:44,2018-05-03 04:12:47,2018-05-03 13:54:00,,2018-05-22,f48d5fec1cfbbbbeeb80cc10facba3db,2018-05-01
c760cdc6e5179c774d347aced5107555,c1eb5dc27f311b18d0114fad99dc91dc,delivered,2018-02-26 13:13:08,2018-02-26 13:29:55,2018-02-28 01:04:26,2018-04-03 21:22:03,2018-03-26,edf60415af3f7ec6da031ebbb8abb471,2018-02-26
06136e6a6532fabbd5675f8090fca4b3,0928de2429e186c48346ffaa5738cbe6,delivered,2018-07-20 15:09:26,2018-07-21 09:23:54,2018-07-24 14:18:00,2018-08-03 00:25:00,2018-08-10,5e5e45d10f0d852c85733ded028ab58e,2018-07-20
bf375386af3b1f89486a565f182219a8,396465e3756fb18143009cbe0b8cb558,delivered,2017-04-17 14:04:59,2017-04-17 14:15:18,2017-04-17 15:16:44,2017-05-01 12:34:00,2017-05-18,0fa7bb0a93409fa4394c7cffbe49f59c,2017-04-17
bcfd112593a122ae1272e80681e2ac72,11bb175d41bc7f2eb361e6ab7542d61e,shipped,2017-03-07 12:36:25,2017-03-07 13:03:57,2017-03-09 09:37:45,,2017-03-28,9193fd1eb014ef2dd136dc434f1850a4,2017-03-07
85f1556f734e21409383816d518c8101,a60bddb0ff61baba2bf9e73675a81cbd,delivered,2018-08-04 10:49:08,2018-08-07 04:55:24,2018-08-07 11:06:00,2018-08-13 18:02:31,2018-08-22,b1338d6f97d1fba0fa7b1467fdc93fd0,2018-08-04
027b81ccdf72434e7346aafdf630ff31,996b18b4ff1e2f7cc85722ef402d1a23,delivered,2018-07-13 09:02:22,2018-07-14 02:45:11,2018-07-24 16:07:00,2018-08-01 19:07:03,2018-08-20,50873ba9117e821aea862ced823f2653,2018-07-13
245ab579b02d5d10ea1183942b060d54,35b21cec4edd637b7520d3312530724f,delivered,2018-02-07 13:30:34,2018-02-07 13:51:22,2018-02-08 22:26:47,2018-03-02 17:06:40,2018-03-14,041d483c228fc3802663dca1b28f9dcc,2018-02-07
d46a98b33046509aec0ca7142d63b9b1,1958ecc55a91fb365b6c5671f4c4b9b8,delivered,2018-03-14 20:45:22,2018-03-14 20:55:53,2018-03-15 21:48:55,2018-03-27 23:32:00,2018-04-10,40869b13ac99c716ffdd80b9df43e110,2018-03-14
a692aceed36257892ac418b3d451b925,d362bd64c90ec81c31af95f224c9f2e7,delivered,2017-12-16 10:25:35,2017-12-16 10:34:27,2017-12-20 17:34:26,2018-01-04 01:52:54,2018-01-23,867f0a2815ea0852cf29498b1edd2093,2017-12-16
d709030e94d8f232fbfd24947c02a10a,c8acfe4d2d880cc2c5f207b389b33aa7,delivered,2018-06-13 21:49:06,2018-06-13 22:19:10,2018-06-14 13:44:00,2018-06-21 22:32:48,2018-07-13,f6eb8b862125cbd26d2b8665294cab5d,2018-06-13
b68b074f1ab9121ef83da7fcc026534a,71bfa4cad3d846d385f5c0dff040c73d,delivered,2017-08-16 09:10:12,2017-08-16 09:25:18,2017-08-17 22:13:53,2017-08-29 19:33:46,2017-09-19,a18ef1cd9e07e317a8b1e6a5d7b093b9,2017-08-16
7ba5aa75c36b0fc349ba94b289d8adeb,a318b23a6feb901b180fd794f6b0cc07,delivered,2017-07-13 11:16:53,2017-07-13 11:32:37,2017-07-18 16:06:48,2017-08-04 18:27:46,2017-08-17,e670627ba0f1fc0b685e9ef7ec11dcf6,2017-07-13
b8145816fba4a277273c08ab21aeb7bb,605d973d4dedcff90992a2abf7048b11,delivered,2017-02-13 00:03:19,2017-02-13 00:15:29,2017-02-20 08:48:58,2017-03-06 13:04:09,2017-03-20,73415ff8accfd83e082ac5a6822b8b35,2017-02-13
74b688473b5a7667bdef6423f7508177,7a64b719c194a2438f57a7b650ce371d,delivered,2017-05-04 11:11:00,2017-05-05 02:15:37,2017-05-10 11:28:41,2017-05-19 10:18:37,2017-05-26,80d229e87da02e1ccb5b8f7697c823ea,2017-05-04
22648d496637318d8713a49b4e628a87,421c2ebe259018dbc12a45e720840b6b,delivered,2018-07-30 13:55:11,2018-08-01 16:31:32,2018-07-31 14:07:00,2018-08-02 19:47:49,2018-08-09,ad96c893319ca7c9235194c71c936464,2018-07-30
de12dbe60407b7c1345da3392016d45d,950adac11eb4b7e6ef8e59b5622f3d4e,delivered,2017-11-16 15:02:16,2017-11-18 02:31:07,2017-11-24 16:17:15,2017-11-30 23:11:55,2017-12-13,16e7276f2193ad88bfe8311172e1f9f4,2017-11-16
e8595aaa870f27ab07295d40e8c68f85,5fbc282ba114f4932427cae8d2ea005a,delivered,2018-08-18 16:33:04,2018-08-18 16:50:12,2018-08-21 12:36:00,2018-08-27 14:03:17,2018-09-06,56db89223742ab43a1831acd2f8c4344,2018-08-18
d5e91ef44fecb8ae4e1ce8e51cb17818,0a6632dda0d9f62cf1373d1572587f82,delivered,2017-03-12 15:20:16,2017-03-12 15:20:16,2017-03-15 10:33:44,2017-03-22 13:52:08,2017-04-05,3876d1b53794c166d98dfca509982c61,2017-03-12
995f4fdaa0eeb0d3c4ac475f47a8c271,b1114c131b839082de98f115dee1369f,delivered,2018-03-25 17:03:01,2018-03-26 16:28:56,2018-03-27 22:51:23,2018-04-18 17:55:51,2018-04-18,3296a0933105148c51fc8e068ae889cd,2018-03-25
fbb4b099937e8d62bcf20d31634fa166,13df83363288f0864b3be4b0a8bd0527,delivered,2018-08-08 16:43:17,2018-08-08 16:55:30,2018-08-09 08:33:00,2018-08-20 22:24:35,2018-08-29,5a64b3fb0a71caa68a2cc3ac67c3c6df,2018-08-08
b72cc1f71e3b599e3d2e7c4a41f6ea07,663265e45a00b348067fd6580670e653,delivered,2018-01-17 17:37:32,2018-01-17 17:50:50,2018-01-19 14:00:20,2018-02-02 22:33:21,2018-02-20,ea3f79a6be4ca969b023fbf502ffd0ae,2018-01-17
181f3a2409fbfd9640a4e017c3b9971f,15af4083ea818f480d16176ff0d903b2,delivered,2018-07-02 21:01:18,2018-07-02 21:10:55,2018-07-03 14:53:00,2018-07-04 15:09:04,2018-07-16,c270f44d051a8a68faac65978d9d8fec,2018-07-02
5274d9c61b31f846b8b51562f1f6d3d2,e2718ad6471c175b7ac38890ea8db4b7,delivered,2018-07-14 08:49:03,2018-07-14 09:50:14,2018-07-24 16:07:00,2018-08-01 19:26:32,2018-08-21,4174ad8f46584ecee8f8acd307379ddb,2018-07-14
e06507fb1e1f48c1cc59d40e02b82f16,2f834024c6443d594fe3dcca76b4275e,delivered,2018-08-13 12:29:00,2018-08-13 13:04:18,2018-08-20 13:47:00,2018-08-27 22:18:35,2018-09-06,60c2519b36172bfaa3bafd069985f56b,2018-08-13
dcd784b797429055d929d908ce30791f,e1c2e7709607368c7521d59f4e250092,delivered,2018-07-31 13:49:45,2018-07-31 14:31:53,2018-08-08 15:43:00,2018-08-15 22:09:43,2018-09-03,424aa60d4261d5f42316c3c8e761b454,2018-07-31
ceb7321e8e4db328b230a89f90e72014,6e31c1d461e13b18d437b31fa2ec127e,delivered,2018-04-10 18:18:13,2018-04-10 18:35:06,2018-04-12 16:31:12,2018-04-20 16:33:39,2018-05-03,e176ed7148a93be118cbfb446e359374,2018-04-10
6b1d0be1d67ed935bcaab8aa908f2b3e,d102ebbcb63b6d1806d5482c59d732d4,delivered,2017-06-22 15:16:23,2017-06-22 15:30:21,2017-06-29 08:33:59,2017-07-06 13:59:23,2017-07-26,374fcbbfcf189ae177b2f955f9e74b3d,2017-06-22
fb823d96051d7f90b945ce49c2e4dc8a,35a04aa2658d28a4d904cbd9427494a7,delivered,2017-08-21 12:02:28,2017-08-21 12:15:08,2017-08-23 19:05:53,2017-08-26 12:36:43,2017-09-11,ac1db35a94abbbe6f45e6f199ad82230,2017-08-21
afb017b44cd7d15bc0cf9dbe0018de4b,bf0d7939fd697b55f7818ac5f364d6de,delivered,2017-12-15 12:12:05,2017-12-15 12:32:37,2017-12-15 20:28:53,2018-01-03 21:11:25,2018-01-29,9cf1429322dd407a31d311c2150d7bb1,2017-12-15
78b7aeae3630346231847e749bfd8a18,064ece0e47fb67c948399c1c0f481695,delivered,2018-02-18 14:10:25,2018-02-18 14:46:33,2018-02-19 17:45:06,2018-02-26 20:43:14,2018-03-09,f2ab7bd70a9a23df0dac0be98f038374,2018-02-18
4e3ff55c4839ead2cfc1fbd7895c3b20,9efc935546f7ba8592220765a661863b,delivered,2018-07-18 11:58:41,2018-07-18 12:10:12,2018-07-18 14:42:00,2018-07-20 20:08:51,2018-07-27,fbfaeb85488910a3e86a866dc1ce6552,2018-07-18
15762fbce0478c48462956d3fbee08a7,24813b5d127493c4c67c871c4ed7f2bc,delivered,2018-07-08 16:58:34,2018-07-08 17:10:08,2018-07-10 15:43:00,2018-07-26 22:51:38,2018-08-01,b0281605f714c77ffde78190411ee2d2,2018-07-08
5ac69d0f070172b49f4541b6dc1272c6,c0758414fb5d0f67d0b96a4b512f522b,delivered,2018-03-17 18:50:30,2018-03-17 19:08:29,2018-03-21 22:18:49,2018-03-23 18:49:29,2018-04-12,fe81ff9c78d6da14517d341e0881c6a7,2018-03-17
fb4d41fc71d5a2350b182caae19fbd37,31a7681eed6dbe5ca37143c915c12f24,delivered,2018-08-13 17:53:26,2018-08-13 18:10:09,2018-08-14 14:13:00,2018-08-26 13:55:39,2018-08-31,6f930a9989791bfe75ceaf7468ee3f79,2018-08-13
8c76360cdd0bb9fda017969a3d273dc1,a8d642642f1884ac437b112464d685c5,delivered,2017-05-16 07:54:03,2017-05-18 02:30:30,2017-05-18 12:32:31,2017-05-26 10:41:47,2017-06-07,1d49972e6a573d4fc315bd8c388a6249,2017-05-16
900fac51d850dfc38fceb9c413441c67,9f1c1125dfe6ebc040a6265c3dc6a8a2,delivered,2018-01-31 12:16:54,2018-01-31 14:08:21,2018-02-06 16:56:37,2018-02-19 19:51:15,2018-02-22,85b5710ffe40c500140b840b25f24cb9,2018-01-31
1e02a1a50e6a1a89f876752ba5e1cec8,556f3e160eb556f0d896724bd7d8199f,delivered,2018-01-30 19:33:15,2018-01-31 13:31:50,2018-02-02 16:27:14,2018-02-09 17:12:27,2018-02-23,b1b8abbd682ba19285f7385b65e43976,2018-01-30
db450aca52c200c9c1c1d9cf4dff0338,bcd2820a37f09b7f79e08aa37a72374d,delivered,2018-01-29 08:32:41,2018-01-29 09:21:25,2018-01-30 11:48:55,2018-02-08 19:52:26,2018-03-12,c37fc1a05e16e8059b1f91b5a095b998,2018-01-29
78d58078e70e4f5add3ab8b0a5013212,e929359b766e13979751d5249dcfe40b,delivered,2018-05-06 16:42:56,2018-05-08 04:55:12,2018-05-09 08:53:00,2018-05-14 18:11:56,2018-05-30,6a9ea9191624c2fdc929025c227c01ec,2018-05-06
33083ef1b98c3ffaf1c217ec67963aeb,2b06e261048b0c62bc7e386a5526263f,delivered,2017-10-08 20:38:16,2017-10-08 20:49:27,2017-10-10 18:03:42,2017-10-13 15:04:52,2017-11-01,98ac63a567d49ca380b169c21248bac4,2017-10-08
16084e188e0613c06730f77bcbfa9ff7,22c84693fe0e3b1dce11069c6f7f448a,delivered,2018-02-20 13:53:47,2018-02-22 02:10:38,2018-02-28 22:09:14,2018-03-15 20:42:24,2018-03-21,69e86568c7a3875c1be33c2b47c3cedb,2018-02-20
a8cd914a60edbb07a811044be6a618cd,8e2abb68f8cb495763d94b8543aff049,delivered,2017-12-17 17:51:26,2017-12-17 18:54:24,2017-12-20 18:54:02,2018-01-10 14:42:01,2018-01-15,35b58d5a4454d79f4e16dc5e1a22cac3,2017-12-17
4b17943e12a7cb735d4df81fedd7877a,faeecb7cd127e8d3758d25093c410a99,delivered,2017-02-15 20:50:04,2017-02-15 21:05:14,2017-02-17 13:12:29,2017-03-07 08:47:40,2017-03-16,0fe000efb5021a60ca9e44dda205f83f,2017-02-15
22d63f928cac124264dda89874eb970f,69023cc0ebcf6655d549c0a5dc594d83,delivered,2018-07-10 22:34:38,2018-07-12 03:06:13,2018-07-13 14:36:00,2018-07-25 23:05:31,2018-08-03,ea672da8b637dc469c103b2a4652ed2f,2018-07-10
b26281af4e5c3a50b10887f626ee883f,43cde3a4c7519b7d40a8c0ca102754b5,delivered,2018-04-11 10:58:41,2018-04-12 08:32:37,2018-04-13 00:07:31,2018-05-04 21:31:58,2018-05-15,288e46708730f4af31b2d37e265fbbc9,2018-04-11
6c066ac65ae3a217178d6e90f682be03,c55aad0b394cf0a1ec47686f4661c521,delivered,2018-06-05 22:44:05,2018-06-05 22:55:13,2018-06-08 14:40:00,2018-06-13 20:56:34,2018-07-12,dcccbee86a406e06fa6c71abbb9f309d,2018-06-05
47f6d79f82f6b8667a9282d11ad1b931,db827c31e94738e7525af419fb6afd82,delivered,2018-08-01 12:43:05,2018-08-03 02:35:18,2018-08-03 10:37:00,2018-08-08 17:04:12,2018-08-22,849eefa91907d63e6dcaca86a4de7696,2018-08-01
1e3ce42424fd2f55a6ec734f9e63f041,1427635e760b001127a0881e01f381df,delivered,2018-03-09 22:54:49,2018-03-12 16:15:38,2018-03-13 20:42:25,2018-04-10 22:35:34,2018-04-05,b0ec93955aa659be766862666f38710e,2018-03-09
067546963d2dc6275eb550df0482c460,a08ac24c7188aae96f09570ffde66b40,delivered,2018-02-11 23:26:19,2018-02-15 03:56:07,2018-02-16 22:22:59,2018-03-01 20:37:08,2018-03-09,c64d5429aa9d29059dcfa7d3d4c8193d,2018-02-11
32a7f2fa7d1b798b72a117f24095efd4,aa86a2174dde0b98dce3fab52890ca9b,delivered,2017-02-07 16:04:21,2017-02-07 16:15:15,2017-02-08 13:03:38,2017-02-13 05:51:39,2017-03-09,8534a193d22ff9a77e80361fc2095e71,2017-02-07
3022b6c855879429f3e89d2927384d91,eb9ecb224ea727eff79b0c19b063da3b,delivered,2017-11-27 11:49:59,2017-11-27 11:59:29,2017-12-01 23:03:51,2017-12-28 19:27:10,2017-12-18,1981be1865f6a58a850b16e4462ce38b,2017-11-27
29a90f492af617c1c2063ee8fa115115,dfe07b2441fe55e26d26003e49455172,delivered,2018-04-23 11:31:08,2018-04-24 18:59:01,2018-04-25 15:33:00,2018-04-30 16:41:25,2018-05-15,5f9bc5ea8506dc5161af0e1af7d02b5c,2018-04-23
483b20142703235aad52bdf6033346fc,281544d276e137e94ed0250eaec7756c,delivered,2017-07-14 08:46:50,2017-07-14 08:55:18,2017-07-20 17:42:14,2017-07-27 15:47:53,2017-08-03,3cd20f67e0aaf8d82bfa52696dbb9223,2017-07-14
19071fa97256edc89512749be1569e7e,e5c9bafaa0e039d46a1daa031a7222d0,delivered,2018-04-05 14:39:08,2018-04-06 14:35:16,2018-04-12 20:28:31,2018-04-24 17:50:47,2018-05-03,7924945bec858beb74b38f9e1345d40a,2018-04-05
f3c7adf3b94a38f6822478ff79db46e7,d9709eaebf11e70a175f179d55b42bae,delivered,2017-11-24 02:14:00,2017-11-24 02:29:42,2017-11-24 22:28:36,2017-12-04 21:17:10,2017-12-15,2035b89e9bda1fc115c9c305613d00ab,2017-11-24
d43ec367e36ab5844465e6127f159862,aca5529c3c611cc45b4907b4046e4bd1,delivered,2017-07-01 20:25:32,2017-07-04 04:44:38,2017-07-06 06:23:45,2017-07-14 18:53:45,2017-08-02,d1cadd078b83fe2d201288aa95805b20,2017-07-01
8d96631a10824fcfc4c8c0a0f73bfc27,49a9011bddc83db94f4d1206e8c234b7,delivered,2018-08-04 16:19:07,2018-08-04 16:35:17,2018-08-07 14:44:00,2018-08-11 15:38:33,2018-08-22,35030ce0e8fbaf8850ae26fc3d882331,2018-08-04
b11e6ce66d797ee9120c9bfbd376ef01,a347ddd4888c231851a58e905d8bb8ee,delivered,2018-04-22 18:41:27,2018-04-24 19:27:37,2018-04-27 14:32:00,2018-05-28 15:34:45,2018-05-25,a983b4ae29b2e9abd7e2cddd4aee93a0,2018-04-22
480d258f10c520532aca9659d5df87ea,19eed4df076f383882a619f93fb948f8,delivered,2017-07-05 16:10:12,2017-07-06 16:30:25,2017-07-07 18:32:19,2017-07-10 20:07:52,2017-07-18,0669f60ef473844761d853798d3a4009,2017-07-05
3dd755153da335084e4f2ae10c077b5e,5336c5ee4f79f50db5090376d6023df6,delivered,2018-05-10 00:20:09,2018-05-10 00:34:07,2018-05-15 16:18:00,2018-05-18 22:42:00,2018-05-29,cc663ef3bf03c46042bfc3cd2ed931e4,2018-05-10
3501107f3edcc65b9fa34fea0691ca39,32d919a6455ad025e21d0b612b2b6554,delivered,2017-05-12 22:34:49,2017-05-12 22:50:11,2017-05-16 14:12:54,2017-05-19 10:19:51,2017-05-30,34ad3cbcaca94c0c3bf9197be832e439,2017-05-12
4b50301723cea92f13519f3ecd8f09f3,3162c36a548937311e11540b78883384,delivered,2017-09-15 16:51:49,2017-09-19 03:38:01,2017-09-20 19:34:13,2017-10-05 14:14:17,2017-10-10,ba5c1bc97d7742e7ef80ea549b27d476,2017-09-15
fa4e67c2fc9315f348f252ab6490b03c,e822df92236671cd7ee6fc19384d21ee,delivered,2018-07-16 17:15:06,2018-07-16 17:25:17,2018-07-20 14:59:00,2018-07-26 16:20:59,2018-08-10,8cb4dbbe502eaf94d6f45da83dc8873a,2018-07-16
01d0f6cd01d79574621a56a1b9e21019,c8939d8acaceeebf85790ff318c89d03,delivered,2017-09-23 19:26:07,2017-09-23 19:35:08,2017-09-27 22:04:03,2017-10-02 20:47:15,2017-10-19,34495b548b102ac3818eed9dcc11b252,2017-09-23
f94b36edd3bdf9e9f9696ac9c8cfe2e3,c84b2fa58481f790fa52086d7f3b86f4,delivered,2018-06-29 09:15:31,2018-06-29 09:31:35,2018-06-29 14:06:00,2018-07-11 19:35:26,2018-08-01,ed237a493b2b182d1404d159ed12443b,2018-06-29
347610961383f5990e1d0ce3fd0afa5a,67e3893327f25b943d07ec4a97f6a203,delivered,2018-08-17 09:08:30,2018-08-17 09:29:42,2018-08-17 19:55:00,2018-08-18 17:12:37,2018-08-22,6ceba80b09219eea72938cca246b5339,2018-08-17
cb53f0b6e8f9082a9f5a113765dd1236,035c08a68b237ef4afc82109e61a7380,delivered,2018-06-03 22:34:58,2018-06-03 22:50:09,2018-06-04 15:15:00,2018-06-05 21:52:02,2018-06-28,e4469e5047c00b0188885853d357d2ab,2018-06-03
2de9667ac1672f39980b7142b63c1fef,9e873a5a6bcd5787eb36890605ca2beb,delivered,2018-01-10 10:42:53,2018-01-11 02:35:43,2018-01-20 15:13:33,2018-01-26 19:05:43,2018-02-05,41a3c345425d98fc3c153e5036837abe,2018-01-10
7fcbbecf54e494a7d5a39799686b289a,40da9a7b799e50dd20d3866e59ea7156,delivered,2017-08-08 20:42:39,2017-08-08 21:03:14,2017-08-10 19:07:49,2017-08-16 20:03:22,2017-08-30,31e4839e2b120b145b89bf94d27eeecc,2017-08-08
05cd95d42f28b378b5abde39c13473df,4a8f8b4023b581f949353edb7a9aa2f6,delivered,2018-02-11 18:56:51,2018-02-16 07:50:49,2018-02-21 21:32:35,2018-03-05 22:57:25,2018-03-07,2c83a7adbd3c147d4fa3074a68dd2fa6,2018-02-11
6d928ae5792f61a71bb3e3e528bf4a28,d9d61633a0d9de07e5224885bbae0c7a,unavailable,2017-05-06 14:18:42,2017-05-06 14:25:22,,,2017-06-02,6541f7503fd63f0cd5c0181713eb5cd8,2017-05-06
a79baee859b4f0259be37d7648ee2801,15a3bb04fb0976bfd8932bb1aaf2a7e3,delivered,2018-02-20 22:36:14,2018-02-20 22:50:26,2018-02-22 19:03:42,2018-03-07 22:55:10,2018-03-15,00e91970e7fa706ece5b58bdb6344224,2018-02-20
38b2633e32ebaa39b691f519f3e8b0ff,ddb27d17205431758c18e24ce71f837f,delivered,2018-03-19 21:22:19,2018-03-21 02:50:57,2018-03-21 19:38:52,2018-04-20 01:58:34,2018-04-11,a0aa8b33d6af1f31f86b91cb71e838f2,2018-03-19
6be0c2a796120ceb227fea7dd3fc191e,2d7eb08353ddc40b714bff05e00c0454,delivered,2018-01-02 21:34:10,2018-01-02 21:50:22,2018-01-05 19:57:22,2018-01-15 21:38:42,2018-01-30,f989b6998efda4f815750c6036d24d31,2018-01-02
6cc4f76a3cbfa54f4dd7d78df8e4bb85,f21e6e54bf3f2bc45847f3e23e70b677,delivered,2018-03-19 18:24:26,2018-03-19 18:35:36,2018-03-20 23:12:15,2018-04-16 12:33:00,2018-04-16,a6f497dba8515a42fce4b1d27ab25666,2018-03-19
9ee6f2bc2912f6612a528200c2414b49,784bd6313862214534886ba77660a567,delivered,2018-01-31 01:35:46,2018-02-01 02:10:36,2018-02-01 22:48:59,2018-02-23 02:13:19,2018-02-26,96ce6d85f1fd6f113fa1298a27047f2a,2018-01-31
521e3a4e1c2be8a5c60f57484240f136,217b939db6a739e1e3215e17a6e0de63,delivered,2018-06-20 22:51:17,2018-06-21 01:38:46,2018-06-28 14:23:00,2018-06-29 18:08:54,2018-07-16,0064c96f536ac6250275482221834154,2018-06-20
d42ae950f4e723eab090b9a51ef3557e,5bc6303a8f33f8124761f676d3f66560,delivered,2018-03-07 19:20:08,2018-03-07 19:30:51,2018-03-08 16:25:03,2018-04-04 14:13:13,2018-04-12,58c201a8a252f246ba9e7bc6ee07b17b,2018-03-07
3f1d249edba2aa6c515b7d62c5b0641f,719635f77d4efdb02dd7792fc0c1ceeb,delivered,2017-06-11 12:10:18,2017-06-11 13:05:25,2017-06-12 13:34:41,2017-06-19 16:59:45,2017-07-05,fbcdde84f6cb37199464d41c8fc0a63f,2017-06-11
e9136cf586a5b6aecf6fcd804542772c,e8c05ac29ee1a6620c6655ed75659890,delivered,2018-04-21 15:00:13,2018-04-24 18:58:58,2018-04-23 22:34:49,2018-04-24 22:51:47,2018-05-04,13e7cdc7664c54b9527f6d1a747a5da9,2018-04-21
df5a7fca987728c4c3c6295f26ba20d0,385e4db32b7b3de3980a3bbb4173eeab,delivered,2018-02-02 17:15:48,2018-02-02 17:32:27,2018-02-05 12:46:55,2018-02-15 18:53:27,2018-03-01,d845495374120cf1037910a0ea9b505b,2018-02-02
a4b12a5480ac753d0a0c8e81341b92c1,66bdc78adc80b0edb7d38bea5bef7c55,delivered,2018-05-15 19:04:46,2018-05-15 19:36:02,2018-05-16 13:38:00,2018-05-19 11:43:40,2018-06-18,c03063fe22705203dd5fd13f88f0e380,2018-05-15
024d4ef645f204e4f95cb2a0d9cc61f9,1586d296dc10717a16c0ebfbd90439b5,delivered,2017-10-29 09:07:09,2017-10-31 04:10:21,2017-10-31 22:14:37,2017-11-10 18:35:48,2017-11-24,af3b675d1e66e779b777389130df216e,2017-10-29
077743f9ba8964fff85ace5b958e5284,47159eaf5092747bb560f38b5acdd0da,delivered,2017-12-12 21:30:05,2017-12-12 21:52:46,2017-12-15 18:07:46,2018-01-04 22:00:00,2018-01-05,6cfbad53d4f179f70fa6016ae164296e,2017-12-12
c079346814755dff5a0ae3d455a117c1,ad587a1071e2eb39139bdf6c7e49d90b,delivered,2018-02-05 18:24:33,2018-02-05 18:50:35,2018-02-06 21:04:22,2018-02-16 00:17:51,2018-03-01,83d0c398734ab60891d351269aca2aa0,2018-02-05
937d5309f2f6bc3548d704f56ef83ed1,0738d18b6c59edcbd519a88a06569847,delivered,2018-03-17 16:17:21,2018-03-17 16:32:26,2018-03-20 15:48:59,2018-04-19 23:41:17,2018-04-12,6fe94e0d08143255703c97cf33cd2d38,2018-03-17
9655f9162b885f0660988e6c9d35e0f2,b4d03ae2c781972e2e88417d2cecdb9a,delivered,2017-12-02 19:30:50,2017-12-02 19:51:25,2017-12-06 12:43:21,2017-12-11 23:43:35,2017-12-29,2ea34b4e1f7b673fd8d869b85804d720,2017-12-02
5a43808d42753320e279399cef4c3282,f6833ccf30c2be3236ddb14118c44f5f,delivered,2017-08-14 10:00:45,2017-08-15 03:30:44,2017-08-16 20:13:28,2017-08-23 18:03:22,2017-09-05,bc27afa44f5b67b080ab4ba3851a162d,2017-08-14
2d69f10ad3b8448d288a26023ff5f977,9f3b1b02cab2d6e609b3991f5cf2c203,delivered,2018-06-05 17:40:18,2018-06-05 17:53:59,2018-06-12 11:23:00,2018-06-15 23:08:58,2018-07-11,ad95642496074c8644ddc0f8b21f5ecb,2018-06-05
846d9f177cd197194d2933fdf0dcc68b,d9f89b2c8a70f3124cbf913603661bb0,delivered,2017-08-17 21:26:47,2017-08-17 22:15:14,2017-08-18 19:27:32,2017-08-30 18:33:54,2017-09-19,413a80ae069bcd319f8c50b0ecc54b81,2017-08-17
1a611328643ae11146ba09a4425d2e12,2cde5a202365766c4eeabc925e58225f,delivered,2018-05-02 22:36:14,2018-05-03 00:30:38,2018-05-04 15:46:00,2018-05-11 17:56:48,2018-05-30,39c7f8c4e4552af113351a650816296c,2018-05-02
052b83db5c313dc65a07dad376ab69b1,f07e7c55e8f8f50b6847f8f6ff8ba7ef,delivered,2017-06-06 13:47:09,2017-06-07 02:45:16,2017-06-09 14:17:45,2017-06-19 20:49:31,2017-07-04,c3c89619aad41124a5e9c38b27ab5b73,2017-06-06
e53186db1e0e7ec88e99350b0202decf,e9ce7aba41d747676755fdb010e22bb9,delivered,2017-10-07 17:32:58,2017-10-07 17:49:29,2017-10-09 17:30:44,2017-10-16 18:37:01,2017-10-25,e56182b31328010e06cd869c81a0cab2,2017-10-07
01614e3e58906ab6c7e2f27e9b349f1a,ca46dc49c3ab226c9a46d8a55be0f0f9,delivered,2017-10-02 20:49:29,2017-10-04 03:03:50,2017-10-04 19:16:53,2017-10-06 20:43:48,2017-10-18,6c85f456bb81ba219f67b16c1e9f5bcb,2017-10-02
22a3042008f7107444e1004a7a2ca944,0df2b5239e1b31ce04bbbc39d2c7d1c5,delivered,2017-12-27 12:22:24,2017-12-29 02:08:29,2018-01-04 22:55:11,2018-01-19 07:17:50,2018-01-22,9d68d3a0a28583b68e7d8e6a07adaf31,2017-12-27
ee0accd3922fa553a94aa7e875eba499,fd7869d321d9f3267c7af012dbb2a737,delivered,2017-02-07 11:11:30,2017-02-07 11:23:15,2017-02-09 09:50:07,2017-02-13 13:11:38,2017-03-07,4efad00329f18b34d5fc2d184eef280e,2017-02-07
3a1bb0dc36e0f0989d1482a7c1947de9,fd27500b625c69162f90013679981a27,delivered,2018-07-13 13:14:25,2018-07-13 13:25:11,2018-07-13 15:11:00,2018-07-20 23:19:43,2018-08-13,a46d13297a0e8c567ba1ca87dad2c789,2018-07-13
efcecbba5f4753891d53ad200a60e81f,2782c5c525c91c5aba0591304b2247e0,delivered,2018-07-28 18:13:15,2018-07-30 18:31:17,2018-08-03 07:08:00,2018-08-06 21:54:32,2018-08-08,c9213137d963f638d57558c28b48c460,2018-07-28
75d5ef4d60406619e9be0c9be3c3d92c,4306e6c3734b9a238393e74ad76e7951,delivered,2018-07-12 14:32:57,2018-07-12 14:45:52,2018-07-18 13:13:00,2018-07-23 18:28:54,2018-08-02,ced6cf25b4236dfbd30210236cf7f217,2018-07-12
441e40901e547f63c81abdd91e7a2d8c,7006f2f909391185c9e7f7a504042d4e,delivered,2017-12-07 07:15:57,2017-12-08 02:54:12,2017-12-12 21:03:24,2017-12-27 16:18:29,2018-01-02,6b97ccd3953e4d28f91641bf60e279bb,2017-12-07
c723cae5d4f9bbee98063ac1f181f5c1,1520a9be67fc73db03e23a804c48c62c,delivered,2018-03-25 13:19:23,2018-03-26 13:15:41,2018-04-04 23:58:27,2018-04-09 13:59:34,2018-04-06,bf5b1637b9c7190a1bae3b9d9a1680e7,2018-03-25
477f748c749a6106d2abdcc7de0be7d5,9d809c11a64513e14f626198bb96bed8,delivered,2018-06-07 22:36:36,2018-06-09 02:57:38,2018-06-12 14:53:00,2018-06-16 01:47:54,2018-07-03,7925e99e5299499400300a0882729e0c,2018-06-07
1c3942a6bfebaf529e695c920baacb0f,60116169d2e99e427f26b84185efe36e,delivered,2018-08-05 19:41:43,2018-08-05 19:55:11,2018-08-07 13:08:00,2018-08-16 22:04:47,2018-08-17,4648c711cbe27ad988bd420693c16744,2018-08-05
275116adf4704cb53a1108b906bd2434,5a2e16b4fd69014e83f7fc6de7e5cc20,delivered,2018-06-11 10:55:45,2018-06-12 11:01:15,2018-06-13 14:37:00,2018-06-25 21:21:45,2018-07-16,d931982691b925ca8f626c20efa90743,2018-06-11
b3e5d245a95dd6378330cc2249d9d6b4,e08e569cab13d0c5d8b0899056edf5af,delivered,2018-01-12 15:28:49,2018-01-13 02:06:32,2018-01-16 18:19:06,2018-02-06 15:41:31,2018-02-08,3ac652bdb8a0de18c0a73ce11f88efed,2018-01-12
7b851c9a82166bba7e2bce7bc005a226,3525876b026b30927d11863412612b13,delivered,2018-02-27 19:40:22,2018-02-27 20:09:25,2018-03-05 22:09:01,2018-03-06 23:52:58,2018-03-13,a6407548a234d06bd4065eba0ff6e99c,2018-02-27
28d0071bc1ea6593fc40883d5eacc6d7,cd48e4fc34049c9cf95ebb28683da6f2,delivered,2018-04-25 10:50:33,2018-04-25 11:09:04,2018-04-27 13:33:00,2018-04-30 14:12:30,2018-05-09,da0fe10a43d71940133f4bb8c8de534a,2018-04-25
d779224365f07d6953c45ef342c824e6,ea87b0f18aa383b735614e4fcade26e9,delivered,2018-08-14 18:43:56,2018-08-15 03:10:43,2018-08-15 15:30:00,2018-08-31 00:48:33,2018-08-31,29db8a5d87a8a68aac9e2efb68bd67b3,2018-08-14
7155d151b1369fbf5cf282fdaeb92d97,ce3babd1fdaaaa7032e4241d050f223f,delivered,2018-08-16 18:18:09,2018-08-17 04:09:53,2018-08-17 13:51:00,2018-08-22 23:40:51,2018-08-27,1458fa8c97680281d9f817e92cca9a4f,2018-08-16
5c7ffa6a8321eb05f96b3f941cf874e5,138c289139c20975e732feabd97f3983,delivered,2018-04-04 10:22:35,2018-04-06 03:15:31,2018-04-10 20:28:24,2018-04-26 01:42:38,2018-04-24,6fcc1fbcfb53492479620eced99b191c,2018-04-04
509be166b4a9400819808bea4ba08ec5,2d27a321dea8fff855e646a93cd32ec8,delivered,2018-06-15 10:19:26,2018-06-15 10:40:01,2018-06-15 12:51:00,2018-06-23 16:58:38,2018-07-19,a0071dc6b18fd4a5d4c1011a7b6f8984,2018-06-15
25c9f4c2d81933e44625c891cb889d4c,dc974e65198ad9ed137dd24ad6129118,delivered,2018-07-06 19:45:13,2018-07-06 19:55:08,2018-07-12 14:43:00,2018-07-13 20:48:50,2018-07-20,e2c0903ead42744212e5dbf0a80a526d,2018-07-06
1f5c3d1688cbe7c88d82990250b9b244,fbe5b8cced59b4c64766a702d6a9482f,delivered,2018-06-03 16:03:03,2018-06-05 03:35:15,2018-06-05 10:22:00,2018-06-14 01:12:21,2018-07-16,16969ffc6e3b156688d124c4ec9bc003,2018-06-03
861d85972797c770a5139774b13efc48,4bd28e750151e0fcc738533e973a01b8,delivered,2017-07-26 16:44:38,2017-07-27 11:43:26,2017-07-27 18:51:54,2017-08-04 20:22:34,2017-08-21,25121dfab30a4119bb5ba37fc7d7a261,2017-07-26
bd37a8e6c071459b0c45ad8337225d89,5ebc6424b55d612d20110789bbe0d748,delivered,2018-02-03 09:27:17,2018-02-03 09:35:28,2018-02-06 01:41:43,2018-02-26 22:12:23,2018-03-08,525236008daa62b6022f35142ef864d3,2018-02-03
550c9803e94828d5b3c5c891561b7200,3f5935e0fb468ea8a5efbcd9806651bc,delivered,2018-07-08 19:08:43,2018-07-08 19:25:09,2018-07-16 12:58:00,2018-07-24 18:40:43,2018-08-14,d340df45a3f9a5f72adc67289c1ca8fe,2018-07-08
f9a559708e1ca03d80baea5a09b0e29e,cb5326390885135c591b7d2621a37aa1,delivered,2018-03-20 11:05:50,2018-03-22 02:56:19,2018-03-23 15:03:24,2018-03-28 19:38:41,2018-04-09,0e8ea137b7129210374cb7e4f274633a,2018-03-20
61597f05faaa90aa4bdc03d88668ae6a,edf0e6998ad856cd7d39c70e966150cc,delivered,2017-02-10 09:27:35,2017-02-10 09:35:19,2017-02-10 11:17:28,2017-02-17 16:12:58,2017-03-09,57dec29c8373d4b595f12f09361cf0f6,2017-02-10
e67ded764ce696c9991013d2bb481794,1eb4ce811b05f6d987a1435a2d4ab2c6,delivered,2017-12-02 11:51:27,2017-12-02 12:20:20,2017-12-05 17:58:51,2017-12-23 18:51:38,2017-12-27,5b9603bf6b5ba113060bd41f770c725e,2017-12-02
3f35998ab9e335d4bbce362585565265,eb4a3408cdc127877b876b3aa183491a,delivered,2018-06-27 12:13:43,2018-06-28 08:50:49,2018-06-28 08:10:00,2018-07-11 14:56:38,2018-08-03,b2dc242928b52c12dea3ef7e6a3b904c,2018-06-27
79b33a695202057cda058f5ebbfaf3ea,88e8891e0592cb4850bdc4649ef72a9c,delivered,2018-05-22 16:16:37,2018-05-22 16:37:00,2018-05-23 13:15:00,2018-06-06 19:28:48,2018-06-14,bd748b6890efcaa0e79187653b2d6a91,2018-05-22
bbeace003fa084aa3ecbb486d76b6766,67600dd2e5a16027806a096c33776e34,delivered,2018-06-28 18:51:01,2018-06-28 19:11:39,2018-06-29 14:45:00,2018-07-06 15:21:16,2018-07-18,3705e9dfdf2b88399106d4519bbc2e46,2018-06-28
02a0f7101947ebb4e6d2ec4c1c929bbb,2e2bf40d03d6ed228d47cf7fa49cf90b,delivered,2017-12-14 19:10:10,2017-12-16 19:10:19,2018-01-03 15:52:31,2018-01-17 18:19:17,2018-01-12,ad42aaf1833e2a64136a9d9f823d77ab,2017-12-14
b804eb2b61e98adc0352b6474f7348e8,1724da28f25126a91d620bfaed8b1988,delivered,2018-04-11 09:19:42,2018-04-11 11:10:44,2018-04-12 15:09:01,2018-04-14 00:05:12,2018-04-27,cd410179e70c438a6748d0f974a579b4,2018-04-11
1606a97aa8d4a52d6d2c6467eeb5f4c0,b68ca3fdfa4b1a01d49ea5a86b47f829,delivered,2018-08-06 11:46:04,2018-08-07 11:05:12,2018-08-17 14:48:00,2018-08-20 17:47:35,2018-08-22,1bf01d651bed9bce021e42821cf2836b,2018-08-06
23eb2da1dca08746d9fafba58255512f,159d6b06f07d8a56005d06dd7d669199,delivered,2018-02-06 20:35:00,2018-02-07 20:33:05,2018-02-08 18:42:44,2018-02-14 23:52:13,2018-03-02,b1819b85b2d6c733f3a0f5468f0a78a2,2018-02-06
f0cd3d160659eabeeb6afba44c0c04f7,24cfe14401b47e09e68d7d61040878b9,delivered,2017-08-17 13:50:10,2017-08-19 02:25:38,2017-08-22 19:33:18,2017-09-08 19:42:27,2017-09-28,bc5513bc2455c654f4426b1079f4faf3,2017-08-17
a0bd30e5d025046a3a4bc67e02ca6a3a,def8a94426e0c4056edba77cd10b8159,delivered,2018-03-20 07:41:45,2018-03-21 02:56:03,2018-03-21 19:22:28,2018-04-05 17:32:21,2018-04-10,9876a964f3d55f09c07ab2f9d52601df,2018-03-20
4ef992d01b3b8db02c17acd3484e20de,607b751eb3decd6ce324f68150f2f1b9,delivered,2018-04-26 11:38:30,2018-04-27 03:30:39,2018-05-04 13:12:00,2018-05-10 20:47:48,2018-05-21,a0cbc0fd1674542e2946647266a76b3d,2018-04-26
264f3762919b6ad2a8cae65fd1202106,bc2ce0dc451a51eccc64691f8f9de54a,delivered,2017-11-01 20:52:22,2017-11-01 21:05:53,2017-11-07 21:06:48,2017-11-10 23:07:45,2017-11-21,17be6cead254c429e33adb6da0cb6352,2017-11-01
5e8222f27e709f2c61364ae886df8ac8,9ffcacc65be85eff098e7af278574160,delivered,2018-07-13 23:00:22,2018-07-13 23:10:13,2018-07-20 10:05:00,2018-07-23 21:50:51,2018-07-25,b29a05c3418812c45f30c161ae38b4eb,2018-07-13
e352772318715f95a959d998f92158af,77a018cf9b1ab6f1bb08d8a04bd2342a,delivered,2017-07-12 15:13:01,2017-07-14 02:25:17,2017-07-18 17:53:32,2017-07-24 20:27:54,2017-08-03,9462683bd131411e80be562b2e028674,2017-07-12
09e04558408bf0fe846b66132dc5d64a,3b66c28f77179c08a558c7c45540b6aa,delivered,2018-02-23 14:47:25,2018-02-23 14:55:40,2018-02-28 23:04:28,2018-03-13 20:05:22,2018-03-21,93049ae397cd06e7dbddbf132cd2d40b,2018-02-23
1f6c1320002dfd3a699d2fc80406092d,73553d9ab66e14cbc9912ac44f14efb5,delivered,2018-07-07 09:14:51,2018-07-07 10:15:26,2018-07-09 14:45:00,2018-07-12 16:28:40,2018-07-27,3daa7acb06726ac755289163f6a81f70,2018-07-07
85837cf1f1abc43e038a12c0a1d41ab7,8f7ebbc98f08c8d938cd9ee021bbba2a,delivered,2017-10-01 12:17:35,2017-10-01 12:28:21,2017-10-02 21:14:50,2017-10-14 01:14:58,2017-11-03,89078bd02f5f1043d73dd3bcbcfe72ab,2017-10-01
9eaa15eedf8382166c4796542bb0d302,e1954704d9e6c850fe4c72b1bc56aada,delivered,2018-05-12 19:29:17,2018-05-12 19:56:41,2018-05-16 15:28:00,2018-05-18 01:22:04,2018-05-23,04748ab218810c6ea98e490d2ef9facf,2018-05-12
1261388c490047bbb0ea823f9b75cc29,99dd58a09716d7329e3aea07aa5477c3,delivered,2018-05-22 18:15:54,2018-05-22 18:37:18,2018-06-05 16:16:00,2018-06-20 17:54:29,2018-06-26,244eabdaf95cf933c65e27d9f101ed44,2018-05-22
db79668a5504403f129b4cf78d3b03c0,0122f471f8b583b4b8262a9ba5870e0e,delivered,2017-05-09 13:20:39,2017-05-09 13:35:09,2017-05-15 15:25:20,2017-05-26 10:29:46,2017-06-08,b8e48b22c967fa2ab9a6a4146329af11,2017-05-09
04f1827088d972a62224f5203a071500,03c1a904f35ad2f91e103b348cf53c3a,delivered,2017-12-10 20:42:05,2017-12-10 20:50:26,2017-12-11 21:09:32,2017-12-29 19:18:54,2018-01-09,b4699ec11422e505ccb98da77dda35a5,2017-12-10
7d7e32279165a825ac8805a3c6bf9e28,4d0d6706c6f3ebefc97cdd992e1e31e9,delivered,2018-02-14 13:22:37,2018-02-14 13:35:26,2018-02-15 18:35:44,2018-02-26 23:34:53,2018-03-07,3c68bdfe4a730da1e5c7bb811d3716f7,2018-02-14
ca5d34455321c329173e1c6c3fcff7f9,21847e723748ace6cb588bef10844823,delivered,2017-09-09 19:50:19,2017-09-09 20:06:05,2017-09-12 22:54:40,2017-09-19 18:19:20,2017-09-27,0f187f58097c5431d5244e1fe1383884,2017-09-09
e4ccaabafa125b3b39a9331b0abced9d,b75d72658f51cfc274b14adf1446590a,delivered,2016-10-08 09:50:08,2016-10-08 10:54:31,2016-10-24 15:18:48,2016-10-25 15:18:48,2016-11-30,8cd892a381c7d2f5532e23b83e509399,2016-10-08
0787c233e9c027ebb134e0339cdc1ef2,8b25b3dbe3d3054904d587578cb751fa,delivered,2017-08-20 15:32:41,2017-08-20 15:45:17,2017-08-21 19:14:07,2017-08-28 18:29:55,2017-09-13,ef600c2e7d06b98f60b9f22020b75a30,2017-08-20
d0b605ea4abf3ed6e8f7472a634afef1,40a5cfa343927fccfa6ab8d7d2a10b1c,delivered,2017-11-24 22:07:05,2017-11-25 01:13:53,2017-11-28 19:18:45,2017-12-19 01:09:35,2017-12-21,d0ff23ecd52e29e9426030163ee07a09,2017-11-24
90d4fd66e34f42131ae8035b8c32a862,bfc4bcd108f48e1189d8775b6fe11f21,delivered,2018-04-14 11:43:13,2018-04-17 05:35:13,2018-04-17 19:22:14,2018-04-25 20:32:09,2018-05-23,65593545b40367a625e17a67376ebcec,2018-04-14
431eb716029df1431f4ff0fbe57d2f06,d240f92f8e5009140a7f27b72d918eeb,delivered,2017-10-29 21:49:11,2017-10-31 04:10:13,2017-11-01 18:21:57,2017-11-03 20:17:58,2017-11-10,8c58a52dbd48b55f0dce9f98752b055e,2017-10-29
5ef8f0f9c9d95604cd61fd97ab176835,eddafa563c1d1e0d331c37d9927bcfad,delivered,2017-10-24 18:07:14,2017-10-25 02:14:30,2017-10-25 20:14:23,2017-10-31 20:43:31,2017-11-10,c143eafe10719dcc7dc0a855b2e3554d,2017-10-24
341703185940265471b257c17af4790d,7589cb265524f5dfc502a4d89773b219,delivered,2018-04-09 17:09:21,2018-04-09 17:29:19,2018-04-11 23:46:33,2018-04-19 22:02:38,2018-05-07,81530e422d2a60a81dd5e8ad8044abf9,2018-04-09
e0cb0ba1185dd69ffe2123622fc8e4ec,2ac84997a00b2837ca893e5fd637c5b5,delivered,2017-09-11 21:42:39,2017-09-11 21:50:24,2017-09-12 19:33:32,2017-09-19 21:03:25,2017-10-04,42d4b5e6d2f9da97b44d05e51da41e8c,2017-09-11
cd9b48fbcef64e5b838f5026ac43c776,941ee410fbd4f99ec9e47d2067a0417f,delivered,2018-06-23 12:07:31,2018-06-23 12:34:55,2018-06-25 17:50:00,2018-06-29 19:58:51,2018-07-31,2be03909ef3e18ac1e1fc936958e4882,2018-06-23
a40edbe5d365b2950b82a2275a5b211a,da14d636fdbf0cf7f7c9da5967eb7f0f,delivered,2018-05-25 21:15:02,2018-05-25 21:37:30,2018-05-28 14:52:00,2018-06-07 22:29:46,2018-07-03,5b3b19201bb81179198a9ce0d26ae56f,2018-05-25
20b93906f0b1d44ad5e6c166ab370ba7,003eab528664e1bd677218ef4be086ac,delivered,2017-04-03 19:20:39,2017-04-03 19:30:20,2017-04-05 15:07:25,2017-04-13 18:42:25,2017-05-04,6f8b40e5fdbd4a4b4dbaadc56f4bf681,2017-04-03
8bcbf632174ddf3a193be1b60335b40c,3eb42633960a87c62fb0d49d9a9a8e87,delivered,2018-06-29 10:01:22,2018-06-30 02:52:34,2018-07-03 07:18:00,2018-07-07 11:38:49,2018-07-23,b54058e7740ba75bab2ab16558bd9bdf,2018-06-29
ca66e72f5578f9b35b68982c4865079b,66cc7abeb9745649553ef40ce58973dd,delivered,2018-03-26 10:53:16,2018-03-26 11:08:36,2018-03-27 00:25:52,2018-04-06 22:58:40,2018-04-20,f33d57e5ed6bdcc5c426fe55c7fea4c1,2018-03-26
9482fa3487de3e3fec62063176aec6f2,26e6fdbbb84f6320f93ede3130b43050,delivered,2018-03-21 11:32:01,2018-03-21 11:48:18,2018-03-22 20:09:07,2018-03-23 23:04:27,2018-04-03,0f29414436403323e105468780f68fd5,2018-03-21
fe642627ef34edffd9e897365f2d0449,41c81db0288d706cbb0937bddbea8f95,delivered,2018-04-16 20:59:52,2018-04-16 22:10:22,2018-04-17 18:16:47,2018-04-18 18:22:30,2018-05-03,003e2af81ea3c72fbdd093f07724a4de,2018-04-16
105d2c02e20607f6e3bd0a219efed4cd,03b7f61816a176b8938c4bcc7c9720e0,delivered,2017-05-18 20:43:41,2017-05-18 20:55:16,2017-05-19 14:54:37,2017-05-24 15:04:03,2017-06-09,83a358d2dfda16894534650693a72962,2017-05-18
37d2697fe30cc343532f58cde9161454,847221c3313e554dfc5d4b4a18f9b4f9,delivered,2018-07-22 18:41:47,2018-07-24 11:31:59,2018-07-25 15:40:00,2018-07-30 19:16:57,2018-08-20,4ec054490c2e65ed02c94f114bf91454,2018-07-22
495f52185fa8f606de522839d428f3c9,77104608a51ca163093b261e44fc8cd3,delivered,2018-08-01 14:36:25,2018-08-01 14:50:12,2018-08-07 16:16:00,2018-08-17 00:36:26,2018-08-28,ede1f1d3e3e1ffad65670d87556c74c4,2018-08-01
dead1e90233baca62101df8aaa1f2b66,d88f9c15c5e03274e8038f5002c0dcef,delivered,2018-07-18 17:09:11,2018-07-19 03:02:33,2018-07-19 13:27:00,2018-07-20 17:08:34,2018-07-26,ea5abc68ea17a088eba88eb58e60e9bc,2018-07-18
8e1787326878b8d540cc14a0546c3eb6,278003098109cfa2d2625f4772cb2a57,delivered,2018-05-24 13:09:25,2018-05-24 13:39:09,2018-05-25 09:59:00,2018-06-03 13:42:15,2018-06-11,ffd2aa973e106c7d7218a960320420bd,2018-05-24
e32209bcb9c95a291a1a0e971df14bdb,c8e3fc442fae98805be412660c6770f0,delivered,2018-04-25 17:10:47,2018-04-25 17:52:22,2018-04-26 09:29:00,2018-04-30 15:08:27,2018-05-18,8dc28c9b1ca61f919b0a9adaf964abdc,2018-04-25
c2ff08c0c7d631b32eb1040d9fb73161,7e80e1ed7a11adbfa4014d0839376d80,delivered,2017-10-13 14:49:14,2017-10-13 15:14:32,2017-10-17 16:42:48,2017-10-31 23:59:10,2017-11-08,0f9e24ed390efa7d2f9e2161f6dd8ebe,2017-10-13
1e4fcdf0cf341ba0ea682eb332c78526,5ddf5d23effe6dc9acdbf37b3c5f99be,delivered,2017-02-12 20:51:15,2017-02-12 21:42:57,2017-02-17 16:37:50,2017-02-23 16:28:04,2017-03-14,e9608342e71101c660e6bf402e4154d7,2017-02-12
0beab7700e74cb828b63e0a174e17256,770713aeb61e544a49c3ef40819b998c,delivered,2018-04-20 10:14:24,2018-04-20 10:33:18,2018-04-23 18:00:08,2018-04-25 18:38:59,2018-05-04,f4a159a21bea9b4e42f166f1a5971d9a,2018-04-20
8c142529d4d34ba46cc7fe400ab6b2d1,6a05ea976da054ba5b06db38348b976d,delivered,2017-03-18 19:09:39,2017-03-18 19:09:39,2017-03-20 09:49:03,2017-03-27 17:27:49,2017-04-10,480732bba6403916c1225b3a957db316,2017-03-18
dd63de941b6998a80f25d03116747f9d,a81b90805fc8248239eee9ed0a2aeea7,delivered,2018-08-07 09:13:03,2018-08-08 03:25:24,2018-08-09 15:14:00,2018-08-13 15:41:47,2018-08-13,0b31ab97144f6b55004e80c281016bc1,2018-08-07
2398edac04de9e5283b7c76995623906,fe30315710d9aeb9e870f0b7c869f61f,delivered,2017-07-23 22:35:09,2017-07-25 03:30:11,2017-07-27 18:16:38,2017-07-29 13:04:35,2017-08-04,cc350a2edf7f2dc50ae1e75864ab316f,2017-07-23
82b564e3b8efa4e060e5c950cb6fa9ad,d55b731b551b51dd0519d5649deab266,canceled,2018-07-15 10:32:58,2018-07-15 10:45:15,,,2018-08-10,a8b15e7be0a5b6e8bde7cff01a7b62f7,2018-07-15
bb39531a5274b1368bc8c50fc681baaa,2df3cd2a5c57feeccf98a9eaaf01cc13,delivered,2018-08-20 18:12:53,2018-08-20 18:29:58,2018-08-21 13:15:00,2018-08-23 18:51:47,2018-08-29,f5dd53e8bde8dab0eda335bcdc5c51ff,2018-08-20
46fa06f347967f46cbaba58808c81eca,957be0f308e6fa876ef69064f6e24426,delivered,2018-01-05 18:10:09,2018-01-05 18:17:22,2018-01-09 14:41:28,2018-03-01 23:58:44,2018-02-07,f7c7677be77763b1b2cf982a5e67fa61,2018-01-05
74064fdb9bff630df3382ee57ec0cc37,b9b331b5ed770e7b3ecf0009268983a4,delivered,2017-11-27 14:53:08,2017-11-27 15:17:55,2017-11-29 17:32:43,2017-12-01 20:12:35,2017-12-18,ed1cf279de5fe5f5c1aaf703cfdf3ce0,2017-11-27
db938741a6e086fc10ca5c84d032fef3,52cba52537119edf3f855dab63b3e7bc,delivered,2018-04-25 14:16:47,2018-04-26 14:11:53,2018-04-27 16:14:00,2018-05-10 21:21:06,2018-05-23,be08b03957fca00ce5ae8d9b6ad7a0bf,2018-04-25
4c1f94303cb0dd867863ad2259197ab1,c83db752df8e7cdaae6f13ab0c2572f9,delivered,2017-10-10 08:14:54,2017-10-11 08:14:12,2017-10-11 18:35:54,2017-10-23 20:50:05,2017-11-06,2d649136dd000a41bc7d1799c0d39249,2017-10-10
c93024d2ec9388942cad989d92bbd49a,6d2b59dfaa16e43d88fe7a306b38e17f,delivered,2017-02-27 12:37:54,2017-02-27 13:01:57,2017-03-01 09:40:13,2017-03-03 10:49:01,2017-03-20,95d1b6f4b2e08c6a3cd29384d97b55f2,2017-02-27
2592a2d249009fdfd066161c0c2a726c,5d981b7a328ccdfc41d79164694a6b51,delivered,2017-03-17 18:43:55,2017-03-17 18:43:55,2017-03-20 09:41:44,2017-03-27 15:07:48,2017-04-11,a8333c0243253bb6d89193af79807384,2017-03-17
80ef3cee33c2462dc72f8938e980a03e,c9eb9435ff687d924d0ea1741bd1a5a6,delivered,2018-06-23 21:46:52,2018-06-23 22:18:32,2018-06-28 11:22:00,2018-07-05 13:15:48,2018-07-20,0d5cc93aefe2e66255f969fdd179c8b5,2018-06-23
3152fc55dfa364d38d44c5defcb88a28,aa13025268ebd91f7a5de8dd1dca1bcf,processing,2017-12-22 11:41:33,2017-12-22 11:52:34,,,2018-01-18,89b310da401cf88c970c976cc017fa46,2017-12-22
6b6c8c20c473b8fced5eedb045396331,477e081d8ba34bddb418b250fc99fefe,delivered,2018-04-04 11:31:30,2018-04-04 11:49:29,2018-04-09 23:14:30,2018-04-11 17:12:49,2018-04-19,9a3198e11429a3c7f1c9c5d0b9a71691,2018-04-04
e2f6cc7f7084110fd5473cfdae918307,8ccc0440a97cba1ee2af10d7fefdc8cf,delivered,2018-04-24 14:20:00,2018-04-24 18:26:33,2018-04-25 14:33:00,2018-04-30 14:48:36,2018-05-11,bf4110c651178ec0791ca82ddb43ba87,2018-04-24
03ba8f07686d0661b011f3701eab3edd,1201015f8e5105e1bfb7e9bd75be8523,delivered,2017-06-06 22:03:39,2017-06-06 22:15:13,2017-06-08 05:53:45,2017-06-23 07:51:51,2017-06-29,d3fdfc1532290cf8e93bdad76e8ac1c8,2017-06-06
478627b306121470f39a3097aabbbc70,25e66da169d835ba6a1014436714cfeb,delivered,2018-06-06 14:23:26,2018-06-08 03:13:35,2018-06-08 13:10:00,2018-06-21 14:12:26,2018-07-18,dc382c8f2a29c0cf3176441904aa7cf9,2018-06-06
bd9ff9dfae49eb3a07837fd0bc16154e,743605f73648410aaa37405f3385d830,delivered,2018-06-02 21:29:17,2018-06-02 21:49:58,2018-06-04 13:54:00,2018-06-05 20:41:19,2018-06-28,e63b4fe350ccb4a22740adb4c74aa6c0,2018-06-02
a20538d69757be844119c80016394dcb,b4d6ff8eddd03fbfefb9c269dfceea32,delivered,2018-07-23 21:45:43,2018-07-24 10:32:28,2018-07-24 10:57:00,2018-07-28 14:52:36,2018-08-08,e3ed1546ef765e183ab141f7a0457fa7,2018-07-23
29e51ca4b5b37a60b607bde44f24d37e,bcea74fac119bda14e26149fd05c050d,delivered,2018-06-26 21:26:08,2018-06-26 21:35:17,2018-06-28 07:30:00,2018-07-03 22:22:05,2018-07-23,d475944af0836622b8f8e4c8bbdbaa4b,2018-06-26
b4436efe3712c1bbce803adc1dc032d8,78a1d0d8e012562fb1da97d432ed2366,delivered,2017-07-31 15:28:17,2017-07-31 15:45:16,2017-08-01 19:24:32,2017-08-09 19:13:50,2017-08-22,cb57be427d5e8c06c10cdd1540df1e00,2017-07-31
bde8c7ae87400615f77bc90cfe254f38,d7b72444b3db886d81d0baedba5e3300,delivered,2017-12-10 11:01:24,2017-12-10 11:10:28,2017-12-13 21:57:03,2018-01-03 13:39:10,2018-01-16,2a0a9adf75da9761006b8e9ab895e09c,2017-12-10
1f78837ac58fa81b2191c703d510080b,a78698d788079ac93aeae0b1f3fd8bf0,delivered,2017-09-24 17:09:08,2017-09-25 21:49:38,2017-09-29 15:58:46,2017-10-01 15:02:56,2017-10-11,5e9d0fcc82d1cbbc013af9731fe05197,2017-09-24
1181b3a643dfdf013bd399adcc3bed11,32f6dd81be6fd6573be1151784e2e796,delivered,2018-05-20 15:46:48,2018-05-22 08:34:05,2018-05-28 13:58:00,2018-06-08 20:45:55,2018-06-13,378e62787b57eea9b2c037a12c6b8f59,2018-05-20
e36e70aa092e7f6c4617c664dee75508,af8818dabc1d82f7a6d1e792f56cd4c8,delivered,2017-04-27 00:12:53,2017-04-27 01:15:27,2017-04-28 17:52:54,2017-05-05 13:34:53,2017-05-25,ff6eae41d4cbdc5af3844a39a89431e6,2017-04-27
0a4581df52d24b72b87ae0feb1b11d08,ac8d05674efe12528f6d96c507aac3bc,delivered,2018-05-11 13:28:31,2018-05-11 13:50:45,2018-05-15 16:11:00,2018-05-21 16:52:07,2018-05-30,4148cb4b02695af300af0674b9b3a723,2018-05-11
e227bbccb113df7570b250faab62f29b,536dee228fa42ae8340c648ee43fd685,delivered,2017-07-10 12:19:44,2017-07-10 12:30:20,2017-07-13 21:47:49,2017-07-20 20:16:56,2017-08-01,273451974dbd2684cb522e9acdbf1a05,2017-07-10
66aac47537a2b6a195103fcd5690996d,5692183efd941e64a6d688e5130545b9,delivered,2018-01-08 12:54:10,2018-01-08 13:04:27,2018-01-12 20:17:51,2018-01-22 17:46:23,2018-02-05,3b92b8617254e581d164b5d213d437a2,2018-01-08
95251874fe384d74df990ccb85bea4ab,ef872dc5ea12abe6c43728f4a6015a39,unavailable,2017-07-05 13:55:19,2017-07-05 17:38:16,,,2017-08-10,d08b0f67a22f2d7865d6109e0cf9f3dd,2017-07-05
a84a0bd528e053f6b266e21bb1111e3f,2a9f4bad138e972730f8289c0ea9ed74,delivered,2018-07-03 19:27:58,2018-07-05 16:31:01,2018-07-06 18:56:00,2018-07-10 00:18:32,2018-07-25,e5e57c3cc367d2a032b7063521bc9dff,2018-07-03
1aaeb5badaa812e15594d2c5d04e474a,9f9552abc310f12bcf37a6b8e3e8c4a8,delivered,2017-04-21 14:48:58,2017-04-21 15:05:11,2017-04-25 09:14:49,2017-05-03 15:12:18,2017-05-11,79afc62338398d8dcde1ce6bde597dd6,2017-04-21
01786fff06f2f7e8a83950c4b3b424ea,574e00dba47edb0c55e3b7e795eb8104,delivered,2017-12-16 12:04:31,2017-12-16 12:14:46,2017-12-18 15:49:19,2017-12-29 22:44:56,2018-01-05,4b3b36d4ffd716cba64746c05678d5bc,2017-12-16
17a7c61884c9f0021e21a4f8fb2724e7,dac40d6643ea7982beb1058fb72a9628,delivered,2017-03-16 10:14:09,2017-03-16 10:14:09,2017-03-17 07:38:43,2017-04-06 14:17:02,2017-04-25,6d820f2cb5150d85087c2918c8470737,2017-03-16
39b264b9ada30f099e6584c09c902745,bf3e89026bdbffc8d7ad1b90aff8fed9,delivered,2017-10-03 13:49:56,2017-10-03 14:07:12,2017-10-04 18:52:18,2017-10-09 13:29:04,2017-11-01,11d324484eaf9aeec19043bba2afd001,2017-10-03
4dddc6bf4a7bc34351215406bf7ecacb,6350ee478c3d2c52f1b7e1a27d182309,delivered,2017-06-02 12:20:29,2017-06-05 06:35:15,2017-06-05 10:47:35,2017-06-07 13:25:09,2017-06-16,7af4a0cb7b4adcdf82477f69355c01ab,2017-06-02
066ff76c980db5a993df8048ff8fe60d,09742ba5cbfca33a3b9b61099ea648cd,delivered,2018-05-31 19:07:22,2018-05-31 19:33:21,2018-06-01 09:03:00,2018-06-03 18:44:19,2018-06-26,cebe9c005461df797cd6341e470370d7,2018-05-31
fd5791a2d231273227d16fbc9fc196f4,6dec5c1e25df8142cb1995926eb654e2,delivered,2018-02-27 16:36:39,2018-02-27 16:56:06,2018-03-01 01:59:00,2018-03-08 16:13:20,2018-03-19,acdc028a2e8e857d33167c617030ae57,2018-02-27
54ca11fe8af494d4cbb2cc7220f0a132,2c4f8a56ddfef3b48ea8d9b2bf5a8ffa,delivered,2017-12-11 13:47:29,2017-12-13 02:34:22,2017-12-13 14:59:21,2017-12-21 18:49:52,2018-01-11,d5b734ecc9e1a1382c6826921ee9368d,2017-12-11
518d9420a2d8ea00762432288eb5a759,8262ee50c2b9961981a2825f2bd0663a,delivered,2017-06-21 22:16:40,2017-06-22 07:15:21,2017-06-23 12:22:34,2017-06-26 15:33:43,2017-07-12,d9cb476b6211be8206a30d1e12c7d9a8,2017-06-21
d4299c499db7e5259f1116d3c3462683,8f9cb1b2b2327968c7a9e7acadba9978,delivered,2017-05-24 11:02:12,2017-05-25 10:50:11,2017-05-26 14:05:19,2017-05-30 12:37:56,2017-06-06,af573164c90a3842bb3594b5c0716249,2017-05-24
a7d73128b7dc2644c342e7495ebe8e3f,a99b2128d3db96e838381fe6042cdee6,delivered,2018-04-05 15:59:54,2018-04-05 16:11:03,2018-04-10 23:37:43,2018-04-30 16:59:24,2018-05-02,311b7759da40d8d24724a882f0641308,2018-04-05
887496af5da0e19170d08c069e8e98d0,2b1d9ee3ba8db722d07d8cfe12c88d61,delivered,2018-05-18 02:07:42,2018-05-19 03:12:59,2018-05-19 09:27:00,2018-06-07 23:03:59,2018-06-13,2857c9495a7e39f92c0ff0971036d26c,2018-05-18
c9971f16f56a5775573b08549b2621fb,a04fa231bd8eb0e52359e9882eb0f266,delivered,2017-12-11 17:06:48,2017-12-13 02:50:04,2017-12-14 22:10:07,2017-12-17 12:33:17,2018-01-04,5650c85bcdef051d8bc16e0771747686,2017-12-11
44551b161630b0e90e73ed35fafb4268,615222e0c8a4e524ce32eacd567c1bb9,delivered,2017-04-14 23:45:31,2017-04-15 01:05:23,2017-04-19 16:06:27,2017-05-17 09:42:30,2017-05-17,7a773eaab5f2b50df2816eb00848283a,2017-04-14
a889c83e9d58375bd1747f31daa8ad8d,1c1be0b424573db0ff7cec6ee5e39a85,delivered,2017-07-20 17:40:32,2017-07-20 17:55:20,2017-07-24 15:04:13,2017-07-26 01:12:08,2017-08-15,d313b1a569a330b872532424fd66eaeb,2017-07-20
2c70f2b99096bd1c7b05eede8e860fc8,54455e3cc22a40be4253b6f3619927cb,delivered,2018-06-11 16:22:58,2018-06-11 17:02:00,2018-06-12 10:07:00,2018-06-25 13:03:16,2018-07-23,3c3a900fac26fc4018fb1735da353166,2018-06-11
42696dc99cfcd6fc7cf7d426ce456cff,08caccd1e8e031147439a0880006e849,delivered,2018-01-30 16:32:42,2018-01-30 16:55:48,2018-02-01 01:28:59,2018-02-27 20:12:49,2018-02-21,f8878ca91e9439688f88fff690d8717b,2018-01-30
e3c6bf3aad3a42c48ae9619ac88d0b3d,668f6afcaff827441b68673bb2ca7d65,delivered,2017-11-25 18:33:35,2017-11-25 18:51:37,2017-11-28 14:57:46,2017-12-02 18:20:04,2017-12-15,4138b55ed3e3f0fd8251985618514529,2017-11-25
df08d513a0f8e2fd9822effae92d84ca,402c011d2fd2b9f9c0a2c1642c7ffa5f,delivered,2018-06-22 13:29:32,2018-06-22 13:58:07,2018-06-28 14:25:00,2018-07-14 15:52:49,2018-08-03,6a84f0b6f98c2856dda79ec7a7433ff9,2018-06-22
0c5d85fbd4b20a1d9d5fc6a29e739f36,8e5fb420cf8c57efbdf1632de43b3f16,delivered,2017-01-25 18:04:52,2017-01-25 18:15:20,2017-01-26 15:20:24,2017-02-03 12:44:16,2017-03-02,e752cbd4b0fd0f52ceec3b4cf56cc34b,2017-01-25
54278df0bd16da39d1a04b026396bef6,452fac6def3d5dfbea65399a1d233d0e,delivered,2018-07-22 20:00:50,2018-07-23 12:31:54,2018-07-23 13:13:00,2018-07-27 19:14:48,2018-08-20,d34b50db07b008ab98c58585e1a29926,2018-07-22
29fa86aa1da2b73d79e91729062e5af8,b4dcf54049cbb1e84bf9600d74ce8615,delivered,2018-01-25 18:43:52,2018-01-25 18:58:52,2018-01-26 18:37:06,2018-02-20 20:19:21,2018-03-01,f3ce4de20abeeefc24edbac928834334,2018-01-25
cf49377f810a8d21818d08c194215b1d,e9ea2bd5ecf3067bc58cfcc6db71f71f,delivered,2017-08-23 12:12:07,2017-08-23 12:55:29,2017-08-23 20:25:13,2017-09-10 15:03:33,2017-09-25,21182fd45e5e7bcf1ae13b72a3c3697c,2017-08-23
d65b78591a45cfbfc4ee5e3f91566450,a750f4a0f5c69d68818cc43c3d82b707,delivered,2018-04-21 09:36:56,2018-04-24 18:49:47,2018-04-25 19:04:00,2018-04-27 16:05:04,2018-05-10,caba295e7ff6b41c0e381a1d1c40c957,2018-04-21
594f77c01c63636e30fb32025939df9d,2e795be994e5b3dd3602f35ae8840feb,delivered,2018-05-07 13:44:46,2018-05-07 15:54:40,2018-05-11 14:01:00,2018-05-21 20:58:39,2018-05-29,74015401a8394b167d1ffcd653f2a008,2018-05-07
0bd15125e46474dc9318288ae0ea528e,98d0e7b8cee070b62b91321aeded0f89,delivered,2018-01-30 18:06:42,2018-01-30 18:41:02,2018-02-03 15:03:15,2018-03-01 22:07:42,2018-02-26,bf779ce6baefd04fc0895e7ee0472d3c,2018-01-30
4ba358a699bd2f33121fd4789d1e7a23,978e82a1b1b5df0bebfef62eea7fe7b9,delivered,2018-03-15 08:16:56,2018-03-15 08:29:41,2018-03-16 21:12:16,2018-03-19 19:03:21,2018-03-27,78c19d2cc2ba0be195c19ecc17182628,2018-03-15
3dd242e43d7215f993ec284c79f1e099,a06b47239f454c6ccb325302f638cd59,delivered,2018-01-11 16:28:08,2018-01-11 16:49:04,2018-01-19 20:48:40,2018-01-24 19:18:58,2018-02-05,5e91b0b6d84f3237dedc37a172f8703c,2018-01-11
d2417eba67d60cfec4f384eb2f679649,db67f93cfef273cda9da18d7bcfe720f,delivered,2018-03-22 07:34:13,2018-03-22 13:29:16,2018-03-23 19:02:19,2018-04-03 19:08:47,2018-04-13,e2afcb4a41c9a156fea9b2bf7af0ea05,2018-03-22
9bb24e7d420a1f6492f0d5f543978944,14bce5f40a57b5dee99e2ef17f19829a,delivered,2018-08-05 17:34:26,2018-08-05 18:04:15,2018-08-09 13:10:00,2018-08-16 14:42:58,2018-08-23,b04f9b6744c2b4091990a9dd1e0c7aaf,2018-08-05
c9dac7423ceeeaf70c396a2879d06ec3,a7a0983dcb7194cc1b89511619b095bc,delivered,2017-08-01 12:49:50,2017-08-01 13:05:12,2017-08-04 20:59:42,2017-08-11 15:18:54,2017-08-21,ccd142055d9b805bb3adeda29af041b0,2017-08-01
756893c5dc2102b9555b660dffb03813,ecac6f944752f337584b6de5541bcc5c,delivered,2018-02-09 22:54:54,2018-02-09 23:08:07,2018-02-14 23:51:50,2018-04-20 18:48:52,2018-03-08,49b32adab042b81b0fcdae6fa0c5549f,2018-02-09
0f6fe79488ecaa34f835af7fec461439,efe07f6f00de5c0e57a9d9787d3b2c6b,delivered,2018-05-07 18:04:34,2018-05-07 19:15:08,2018-05-08 14:30:00,2018-05-10 23:11:43,2018-05-18,5595496b890da66fb3e1b56420dddeca,2018-05-07
730062427b00e91a6d7aa369269e2744,cfe0779c3ed7a15946179c36cfcea099,delivered,2018-05-06 15:11:26,2018-05-08 04:14:20,2018-05-21 14:41:00,2018-05-22 17:58:27,2018-05-28,4a885cdb36fd6f2b3a5f73d0524a0dc8,2018-05-06
1cc07f959bdafc731990c4852c9a33a7,9688035c1df252e0084bc89e7b576c7f,delivered,2017-11-25 20:31:35,2017-11-28 03:33:02,2017-12-04 15:22:14,2017-12-11 17:38:12,2017-12-22,af19d00c3bcc25f5f380ac33371a8377,2017-11-25
eddcd0974bcd773f5734decebf0225a4,e10711e2c6acbe40d4fa6ad9a5bf647c,delivered,2018-07-29 14:10:13,2018-07-29 14:25:10,2018-07-31 16:06:00,2018-08-02 22:26:55,2018-08-06,f47665989ba7311aa9c98a201d4c29ed,2018-07-29
b519435b8a999cbefb70936aed23af56,b9cadcd6906737e12a04a48dfd818a90,delivered,2017-05-24 23:23:56,2017-05-25 23:30:14,2017-05-26 11:15:32,2017-05-30 18:07:52,2017-06-13,53798a00c6c13be66996cc6058fbe339,2017-05-24
f734baf9f30fe59cde7ccb211dbb4278,bc494abb149186263f1818263b2214b4,delivered,2018-08-13 15:16:07,2018-08-14 14:15:22,2018-08-15 11:43:00,2018-08-16 19:01:49,2018-08-16,f172f0f813d2348f1d2551244938298b,2018-08-13
ba74aa11850c74f4e5f8669502a9b569,8b61f03aad519c33af331948c576faa9,delivered,2018-05-07 20:36:52,2018-05-08 04:34:22,2018-05-08 13:48:00,2018-05-09 17:11:15,2018-05-15,752973ef5ea4849ddb6f8091746af022,2018-05-07
b09c529b0885805d42c10a62aa2f31be,d7640bf7f238089e9ed07bbe17a90202,delivered,2018-05-11 20:45:35,2018-05-14 08:13:57,2018-05-14 13:57:00,2018-06-07 02:04:12,2018-06-11,20cf0f5fd07b067c7a0dc4cc7eb04944,2018-05-11
68d7420c86be23f313c81a554320f986,0b79f0da6032b5f6e932f3c603b16820,delivered,2017-11-26 18:17:55,2017-11-27 17:59:51,2017-12-01 19:33:34,2017-12-09 18:16:30,2017-12-18,e81955e2057830e1f23747959afb0723,2017-11-26
b5cf860ef786ea57b3be5dc9ef44076f,049b7e070804b9740ec5a225d750844d,delivered,2018-04-12 23:36:53,2018-04-12 23:51:29,2018-04-17 01:03:59,2018-04-21 17:10:49,2018-05-07,5c1e822a0c38cd514cf34be29b19ceaf,2018-04-12
a9c86a3735a9a0dfd8e68dbf59b48c66,99c76b45aefd25d28d05d5a4bcfb62d3,delivered,2018-05-14 13:51:10,2018-05-14 14:10:20,2018-05-15 16:22:00,2018-05-22 11:32:00,2018-06-01,37ec08e06d66c70f51e02c2e078e31d4,2018-05-14
52523c7dd8787513f2acd8efc28cca18,eedca305aa0dd3345af3506d66090a10,delivered,2017-12-28 17:01:06,2017-12-28 17:08:21,2018-01-02 21:45:49,2018-01-13 00:03:18,2018-02-05,e292235e98592549141195ffb566d456,2017-12-28
016b1af508245e59ef75d83e3fe20a92,aa57e2dd7b09a0f2cecef92f4d99395a,delivered,2017-04-06 17:19:53,2017-04-08 02:43:18,2017-04-10 16:33:47,2017-04-19 13:26:19,2017-05-02,2b883561eef84b78755217c2d06ef360,2017-04-06
0a80da8a2e86f5f401c7514602bc1105,351c4091b6f035cbc49b25c86db368fc,delivered,2017-03-24 16:48:47,2017-03-28 04:03:14,2017-03-30 16:33:45,2017-04-26 13:52:15,2017-05-03,fc6edb96180128815a10afb2297bf552,2017-03-24
d4938fbb008a69c486b8f17c96739905,1579af2301d214c58898416457287574,delivered,2018-06-22 11:48:30,2018-06-26 04:58:44,2018-06-27 11:31:00,2018-07-06 16:48:24,2018-07-25,288254968adcad9d4a646319b2737a7e,2018-06-22
82092e4ea665844f6f8991dbab00104d,0a0707897031df730c9ecba5a657fd1a,delivered,2017-04-23 18:21:44,2017-04-25 15:50:20,2017-04-27 14:43:31,2017-05-16 06:32:46,2017-05-25,3a4bb6937b0819e7747cdd7898af4b85,2017-04-23
fdd5e4264311601ee93658c23d3a79be,e0ccf8593940f024a01f6946a0a8e34b,delivered,2018-07-18 20:02:29,2018-07-18 20:10:14,2018-07-19 12:50:00,2018-07-25 12:40:43,2018-08-16,c625ae7942edf0fcf6932c41bec0d2f8,2018-07-18
8a0fb3426be7ed94d14c6b72cb5b5774,99c07b2a4cfbfc95226d6928822685d1,delivered,2018-06-15 20:36:01,2018-06-15 21:01:10,2018-06-18 13:05:00,2018-06-19 16:12:31,2018-06-28,7e0963ad8368660e9dd262e6d88686ab,2018-06-15
70bd71735041b0632436794811a49864,0dac51956c3a8a3282f5bc4e387dcc12,delivered,2017-08-14 14:17:58,2017-08-15 10:15:11,2017-08-17 19:39:58,2017-08-23 17:47:47,2017-09-01,35bab3da2062a5f0a565cc73ca72815c,2017-08-14
6ca34a7e19802d00261e550467a965c8,40b4a5ba496a0d550201b2cef9bed5b9,delivered,2017-12-19 16:39:09,2017-12-19 17:29:14,2017-12-21 21:26:54,2018-01-03 23:16:59,2018-01-12,4d4baa8318904ba2e6aa4c939d170877,2017-12-19
666361dc35f61cd6ac10ec287d682b88,004ee20df425002ed78553e1f50caa3e,delivered,2018-05-01 18:56:48,2018-05-01 19:13:25,2018-05-02 15:15:00,2018-05-08 20:24:29,2018-05-23,b6f424d6007b27912d37816a7d74ffaf,2018-05-01
5b2bc181b79df76b831c2c73bfa96c08,86eb66aea288968834097d5e96d2742b,shipped,2018-03-28 16:44:49,2018-03-28 16:55:33,2018-04-02 13:33:32,,2018-04-17,b5f095034c3af87812f6b6c9ce626fa1,2018-03-28
843b65458f7033a466c06769dcfd9ff0,50d99d9101991af5e3001b322a2fd048,delivered,2018-05-13 20:52:14,2018-05-13 21:12:39,2018-05-14 12:41:00,2018-05-15 15:18:32,2018-05-24,53136e9fe85dfb3459ee1e69defc3092,2018-05-13
e9fecd900cce6b52424121bf98911932,6ec1b2634b7f1fa1b270e0b9f09a269e,delivered,2017-12-02 21:18:36,2017-12-05 04:13:56,2017-12-06 13:32:39,2018-01-08 20:40:37,2018-01-04,bfca6e3019cdb33c3159d8c337cd0e4a,2017-12-02
7c08af2aea8bd8a8fccabe5b004650b7,a497336d756539a3080b356583a5f945,delivered,2017-06-10 14:28:44,2017-06-10 14:42:37,2017-06-13 14:00:12,2017-06-19 21:27:47,2017-07-05,a61f01501e78927803257452c88fd4a2,2017-06-10
6b1391687f84349c62119cb2c95374e0,0ab26918ea357128c0f6f9acdcf8f0f7,delivered,2017-12-21 08:46:01,2017-12-21 08:59:41,2017-12-21 21:48:39,2017-12-29 15:24:13,2018-01-23,057c2691d1064a864c78eb7e34307b46,2017-12-21
f5a0b554d20023f663b07f492f4cef11,9eda24aa97adf5bdf194cd0bcb745aa3,delivered,2018-04-25 10:13:08,2018-04-25 10:30:36,2018-04-26 10:41:00,2018-05-03 20:52:05,2018-05-17,898c86a1c51a0d101de748fe35dba536,2018-04-25
700ed360aae6dff713da1178cdbdfec6,04ca9bac2d66158857714c87d46e71d3,delivered,2017-09-19 23:06:49,2017-09-21 02:46:14,2017-09-22 18:39:05,2017-09-25 19:52:06,2017-09-29,6586b194a2cb318543931727af6cb915,2017-09-19
707ecac4537ba4d942b035e0377e56e4,c29905ff5d902727ae96cd2bdab4d440,delivered,2018-08-08 11:55:41,2018-08-08 12:05:14,2018-08-10 01:48:00,2018-08-10 22:28:38,2018-08-14,e3d72218a378312ea9f9b5d721a59d96,2018-08-08
e42d675de97fa2ce82d7090d2e1627de,ce1929eae3961965d4d792ba32023611,delivered,2017-10-08 16:05:13,2017-10-09 17:51:20,2017-10-11 12:48:37,2017-10-20 20:45:51,2017-11-07,2aa179b290dfd52cb75f4bf6aa8e792e,2017-10-08
eb950cd1b75b3139b29d4926906d9ced,913fd80bb6b904f60ce38b0d10bfc3de,delivered,2017-11-27 13:24:07,2017-11-27 13:39:13,2017-12-01 21:25:05,2017-12-11 23:34:06,2017-12-15,4c6544d417f7804120f0907e7260d53b,2017-11-27
ada32b6f0cb6b0a58d13dc20a423f2fa,3cd77cfce4c000862e033675e3e408f5,delivered,2018-07-23 17:47:17,2018-07-24 10:31:12,2018-07-25 14:28:00,2018-07-27 01:42:30,2018-07-31,7dc75818fbd3ceb035fd69cc2aac8b0b,2018-07-23
04c35d9b971c2df38635b6c4a1983c35,964d7ea329d9be7d6001f7ba6e4c3304,delivered,2017-07-25 13:06:45,2017-07-26 13:15:20,2017-07-28 22:08:38,2017-08-04 21:47:58,2017-08-16,6fe1eeba50adb26785158eef67c6ce38,2017-07-25
4e4bcd8837ffdbe350288d7fa0948c01,5e5e6470cb171508e864b8fc75379c73,delivered,2017-09-13 21:37:44,2017-09-13 21:50:21,2017-09-14 21:48:54,2017-09-20 17:20:29,2017-10-04,14c310d62bcd7be319b54b747eeaee62,2017-09-13
f5d9f447bc24dbd0e76b74d0bbe0b4ed,5415819ad5ed256b3851eabbbbfe25aa,delivered,2017-09-18 08:34:17,2017-09-18 08:45:11,2017-09-18 18:37:26,2017-09-26 18:48:04,2017-10-10,3b61e8f892a53afa71150bb5534c7fa1,2017-09-18
8119fd8653bc657349616d0595ec08b0,726989efae592e4f204e67b4b893d01d,delivered,2018-07-20 16:26:29,2018-07-20 16:44:12,2018-07-24 10:27:00,2018-07-30 13:59:32,2018-08-13,dadc1f595b611ccbb8a6894bd2203be2,2018-07-20
36ec96a65d616f11a0b1e3863478ac4f,01edba0c1380aa0c91437bee4b7193a5,delivered,2018-01-11 16:54:49,2018-01-11 17:08:26,2018-01-12 23:55:15,2018-01-22 20:18:46,2018-02-05,321606e7fd388f26b3a6ab005fa494f8,2018-01-11
b1e6c30e469d786d5c2ba74511772cc2,34e7e81dfc061cfedd8e95f8bee49294,delivered,2017-11-28 11:29:31,2017-11-28 12:08:09,2017-11-29 20:05:46,2017-12-13 20:49:06,2017-12-18,6d56d0132f15f0949f019b465e5dd0cd,2017-11-28
16fdf4a442f237c6092adf2a86443dc9,6c15a0dd2659eccc596fa66ed05b23c7,delivered,2017-07-30 20:03:16,2017-07-30 20:15:12,2017-08-02 19:23:59,2017-08-07 11:47:44,2017-08-25,32ba49ee642a4d52b545acbe1c32ca50,2017-07-30
ccb8ee5d95fda81582a5b5075517026b,07000867c38ba037cfc2298612e2517d,delivered,2018-01-25 22:29:15,2018-01-25 22:36:24,2018-01-27 16:32:06,2018-02-06 19:28:52,2018-02-09,17bd08980c111039ed8bd3d733757e8c,2018-01-25
3662bd55e74767e3a5f39573beae83b5,9bd35db16bb5788182f0fef872ffa0f3,delivered,2018-02-18 17:37:05,2018-02-18 17:46:44,2018-02-21 14:36:11,2018-03-13 13:23:43,2018-03-16,490abb6b5a1ea7d0bc6a062b89413ab6,2018-02-18
dc034558fc2acd4a0d55733dd55b3b9c,cd8038ca905be15371c29a2c7901eccc,delivered,2017-12-11 15:00:43,2017-12-11 15:11:29,2017-12-13 15:47:10,2018-01-03 22:26:50,2018-01-09,9a3ccfd1bca7f2dbe51163128b8ea36d,2017-12-11
455003334f4430e9e9e902199bcecbcb,5cde2eff682c0c9087ebd5d66e87d7b1,delivered,2018-05-28 14:17:55,2018-05-28 14:35:40,2018-06-04 18:11:00,2018-06-08 20:18:34,2018-06-28,4908aab6e66001d553720a6059cc06bc,2018-05-28
98b5257ffee92e64431051eca07f38c8,b7dc6d5e912f8370fe0f15b92d81feae,delivered,2018-06-02 12:40:57,2018-06-02 12:51:59,2018-06-04 13:14:00,2018-06-10 12:28:22,2018-07-05,f5b3ffaf20227f5f47340cc7a0c855e5,2018-06-02
5cb8558cbb7c0c2f00f43468579d3e3c,2ff5a6455514da421bd25d6e4ceb1d12,shipped,2016-10-04 15:02:37,2016-10-05 03:10:59,2016-10-15 10:14:10,,2016-12-02,2e629c69eaa172cb271dcf7f890f921a,2016-10-04
37e87d7b071633ba92f5ef06491b781a,d9172d48e1125063b3358551dadc0294,delivered,2017-11-23 23:28:31,2017-11-25 23:33:02,2017-11-27 17:28:50,2017-11-30 00:42:59,2017-12-07,487b72af97cd4e1dcdfae25627f3ea8a,2017-11-23
f674021e6e963d09499ccbadde19f214,e794d72c2f20aaf6ecb2242efea35b9a,delivered,2018-02-08 09:35:22,2018-02-09 10:13:50,2018-02-14 17:13:07,2018-02-26 23:32:57,2018-03-06,31ddfdbb2073bf9aca1a5f8496925683,2018-02-08
2560dad7258f094d3b637e3d65cf6a06,5184f33091b396cb111120bda63a9332,delivered,2018-01-14 18:08:10,2018-01-14 18:15:28,2018-01-15 15:32:56,2018-01-25 19:08:55,2018-02-19,9714c9881bcd5c1c2c454d8769a3a66d,2018-01-14
4e7838e2ac3b81d9d9ca377dcc0549de,00914220fb44a373f667e19ed450e8df,delivered,2018-08-03 00:26:04,2018-08-03 00:44:08,2018-08-03 13:02:00,2018-08-08 16:26:49,2018-08-24,a1605a83a0e36258d7eb2da55bb5ff4c,2018-08-03
e703f9ab67e765670d62eeec75af5d62,644ae863876b9e39b3a43d8672980962,delivered,2018-02-07 14:39:58,2018-02-07 14:55:39,2018-02-08 19:57:17,2018-02-20 19:17:07,2018-03-05,22035e352538b10d3335968ebc3280f1,2018-02-07
fccac901853959f181fab87231145754,8f90bda2064d7faf0dba80f7a0265825,delivered,2017-04-30 22:23:53,2017-04-30 22:35:08,2017-05-02 17:53:00,2017-05-12 11:51:41,2017-06-19,17164f89bd9ce3c5ea827dd1648ccb05,2017-04-30
08a9de4f4b0ea83738478f16caae7bea,4d0f8caafecf88bd4e5578f488493246,delivered,2018-02-20 13:02:25,2018-02-20 13:10:52,2018-02-21 18:23:24,2018-03-02 14:05:51,2018-03-20,2b99c2ba00b6b2290e1853833a1d4cf2,2018-02-20
106f0390589df3f796727df4216f211d,2d30a1a26e77b2dd704d416bc9c00f71,delivered,2018-05-17 22:30:34,2018-05-18 03:34:29,2018-05-18 10:37:00,2018-05-21 20:35:40,2018-05-25,99710df4841ada5601522d5c4b03e265,2018-05-17
94a6d388146dcc59a8b727cb6e4c2f66,94b56d3de9b7cc383e20aec762fde9f0,delivered,2017-08-20 08:38:36,2017-08-22 04:16:00,2017-08-24 12:50:04,2017-08-28 18:13:16,2017-09-14,97f2253680339e62a950ad8db3ac5269,2017-08-20
76031077492a53bea99bb3eb41516b94,857ea088b4889301375ca93ce3d45d83,delivered,2017-10-05 17:05:00,2017-10-07 02:24:59,2017-10-11 15:47:47,2017-10-17 16:26:41,2017-10-27,3955faeb9e98c31d8a715801dcd0f9e7,2017-10-05
ec97666defb2e1fade6931649731f776,4abad51a71113d2de9e00350623a66ec,delivered,2017-07-06 00:17:31,2017-07-07 08:23:33,2017-07-07 15:56:50,2017-07-31 18:34:28,2017-07-28,86b15d7e1a678212f2cf29f2f7a708ec,2017-07-06
bb6098323b5ddb5435b705192fe81ebc,8e3e478dd90b21a99470ef5973db83e8,delivered,2018-02-19 15:02:50,2018-02-20 07:27:39,2018-02-23 17:52:34,2018-03-03 00:46:37,2018-03-12,9c9618998fec39806c4beb9386a2fd49,2018-02-19
a3797015424a5a2313a4b102d5899cf1,ff33ddf6fafd5d38aaa6c0f7385e418f,delivered,2017-12-22 10:37:38,2017-12-22 11:31:14,2017-12-22 22:55:05,2018-01-11 15:44:22,2018-01-30,712a271fca35f42ce6191386f0dc9864,2017-12-22
8d4249f9c4a5ab7d9977eb143455ecc5,75b8fb170128aac9596ec842cf844c23,delivered,2018-03-27 11:24:45,2018-03-27 11:35:15,2018-03-27 21:59:55,2018-04-03 19:04:43,2018-04-13,3bbad45a834fd8a6f68ce54460a53f55,2018-03-27
e337cdc735f7a8764df34f678640c7dd,f542817b35df8c87fc0b4b4632804dc9,delivered,2017-10-06 14:03:19,2017-10-06 14:14:25,2017-10-09 20:40:12,2017-10-11 23:18:49,2017-10-30,0246f8de7fe5a9cb5e3a3fffa3cf0da4,2017-10-06
c3e2a651c8f9d7a02054e2e37e977c1e,cfaee97e3b62357ef1c296faa8553d76,delivered,2017-11-10 12:12:10,2017-11-10 15:51:47,2017-11-14 17:09:07,2017-11-21 19:29:18,2017-11-24,06b08c5a655b72aae399c4411e15cb47,2017-11-10
9189b5135ba86608fe0536717bbdecd7,7cb134a263230d3aea87a3cd1dadb890,delivered,2017-02-20 22:26:30,2017-02-22 03:15:40,2017-02-22 07:37:48,2017-03-01 14:25:03,2017-03-21,0e1a29e5ec2a8b40b08f40c187d6add9,2017-02-20
1f6a5335ecf1406eea5f2cccc0c5946f,6e3fa438b107fb7c1bf375620936f34c,delivered,2018-02-08 20:53:54,2018-02-09 10:11:35,2018-02-14 14:22:12,2018-02-28 16:28:57,2018-03-06,8b4dbc06f4caccae42ee7da8edd22f77,2018-02-08
1e15a13757311a68ea317beef704637f,852e01f33c5afc35bbe4c898867ca34d,delivered,2017-05-22 18:54:48,2017-05-23 06:35:23,2017-05-24 13:55:00,2017-06-01 15:06:56,2017-06-22,038a113bd44096b673f1071b5f39a587,2017-05-22
bdc19e734eab622dbbd2162a226278de,91ef77a365c213f04954c1527081b016,delivered,2017-08-31 15:22:51,2017-08-31 15:35:15,2017-09-01 23:53:38,2017-09-06 20:22:35,2017-09-21,0d8f0706c0d71cb8f6d957dad3023fc2,2017-08-31
594c468bf0e84130d7184c7c872d7e11,3fa4b9c35684851a5b8ec6c251288fbd,delivered,2017-11-23 07:30:28,2017-11-23 07:37:28,2017-11-24 17:04:55,2017-12-22 23:25:35,2017-12-21,df676287d6aac7f5410305563137a87f,2017-11-23
65a8517395a0f289d34b6e0a68b7ef7f,bd54704a25ebeea0a2687d05524db2be,delivered,2017-09-09 23:08:10,2017-09-12 04:26:13,2017-09-12 21:05:53,2017-09-14 21:25:59,2017-09-21,abb726450caefc039c8e1e68cd56c499,2017-09-09
0d529bbb9140716e60d14a05d2cb6f94,de606951e7f41f79b9b145da7a1a0f4c,delivered,2018-03-12 11:50:49,2018-03-12 12:09:13,2018-03-13 19:32:25,2018-03-26 19:05:51,2018-04-19,f14430e8b3fb0f4dc20a06d8af3363ad,2018-03-12
9f6176aa4bbe4b84f8d786f873be8240,b41fc31f417d54049b838e2bd141e87a,delivered,2018-03-30 12:25:34,2018-03-30 12:47:27,2018-04-12 22:12:04,2018-04-23 21:17:41,2018-04-20,7dc67fcc35d73ec0a9857cb225c123fe,2018-03-30
22753d9142475a7d6c0ff3bb991f906f,72783b7570ba3a6ce009c63dce255534,delivered,2018-06-17 12:35:59,2018-06-17 12:58:49,2018-06-21 14:24:00,2018-06-22 18:02:11,2018-07-20,a3c6251f883470e35b3b0b8338e14446,2018-06-17
bb54cd6c0fa2df81d9e75265c0229a3c,d2897e735b30a2fcc32eb8f9cf2f9583,delivered,2017-08-06 15:44:30,2017-08-06 15:55:19,2017-08-08 20:28:08,2017-08-14 17:55:46,2017-08-31,c802549dbacb6147c57dcf1f50c65418,2017-08-06
f07d4fe6a27830ae74a1a38aeba58602,4b748494a63ac39b38be07d642728949,delivered,2017-11-18 08:06:54,2017-11-18 08:15:25,2017-11-21 12:18:45,2017-11-22 12:29:54,2017-12-01,c5c04a839e8ea5f86d3dec8a13613ff4,2017-11-18
d192544ec2b865ca0055b5c559bca196,308b338feef346dd463a7940200e4681,delivered,2018-04-24 23:11:44,2018-04-24 23:29:54,2018-04-25 15:09:00,2018-05-02 16:22:20,2018-05-11,a2029eedec80d478bb1e225326c7410d,2018-04-24
862367d9dd9e80263c5b728d8c81b2a6,0dc4b36ad91ad58ad99d1b882176c7d5,delivered,2018-02-09 12:08:29,2018-02-09 12:28:08,2018-02-16 16:29:04,2018-02-20 18:00:07,2018-03-05,d8f8afc9b9992b49ab2e12ad9f1a9e5b,2018-02-09
0871bd17337f3c779b6ce501af36a4cd,94e7e292dc2dff64425ec4d0f39137c2,delivered,2018-04-16 11:36:50,2018-04-18 02:15:26,2018-04-19 20:58:38,2018-04-23 18:56:24,2018-05-03,ff60ab8b394052bf2dae9fc5dba4c70e,2018-04-16
011bf86f1b7dacebda2c874333cf656b,e1238987433fd511c3a493ea3d3913b0,delivered,2018-03-09 19:44:33,2018-03-10 19:48:24,2018-03-14 01:38:34,2018-03-21 21:38:35,2018-04-05,3bb9fa30f4bbd9b9f1aac2be8d5928d7,2018-03-09
38dcb5499d8854b4b2c6dbaaf983f21e,c7eb06383ae604616cb4c9d36fe6745e,delivered,2017-06-01 15:30:51,2017-06-01 15:42:49,2017-07-06 17:03:57,2017-07-19 18:09:30,2017-07-06,f94c00f0411b6a3e6cbde94b120fb786,2017-06-01
6ec753cc542c4392eb956290ddf47369,d1c60f60819bef9ec9b29e681b84ded4,delivered,2018-01-22 17:56:35,2018-01-22 18:16:39,2018-01-24 14:36:32,2018-01-30 19:39:00,2018-02-21,156b627048609063d0a85774fce17b3d,2018-01-22
57b1df96c26b2169f7fd925e5c3dc724,8b7cb8eed78725dbc48f10a4778705d3,delivered,2017-03-17 14:54:19,2017-03-17 14:54:19,2017-03-21 13:01:45,2017-04-07 16:10:18,2017-04-20,9db9a57cb8b240a18e5e72f7c8f8f09c,2017-03-17
07c8d74971a3302f6e7d2b0017ffb295,291c7755bcceedb88a87d99fe1d22305,delivered,2017-12-04 16:48:04,2017-12-05 04:17:30,2017-12-07 17:53:40,2017-12-29 14:03:54,2018-01-04,d519504f48c087a0743d9c9c7a48a65f,2017-12-04
2bd0f8bf1cb2f7cd2197525cc1a0b03b,680bd140f4bbbc2f51d31bda12ab83d5,delivered,2017-05-07 18:36:07,2017-05-07 18:45:18,2017-05-09 08:13:31,2017-05-17 09:58:53,2017-06-02,5a2e847dd085d36e3ba8916b75e794ed,2017-05-07
77f4d78e39e755553e7b18854b074514,d60ed4f86dc65859c6053a3684d3d0e1,delivered,2017-05-01 21:15:21,2017-05-01 21:25:13,2017-05-18 07:27:41,2017-05-19 09:59:59,2017-06-05,b743f2beed786262f8a6f91df0705265,2017-05-01
8e350e1e4254bd7c68913b98bde7d3a7,f7060c3a8e6970cabb0af29d2864f4fd,delivered,2017-05-19 15:41:12,2017-05-20 15:50:07,2017-05-23 15:48:58,2017-05-31 06:25:38,2017-06-14,88ecb91d6d5e47ebdc2129cd046b0935,2017-05-19
a2fbdf69e552d9fcdc7b072c4a6d228d,28fe9f87d0b08da04643718893816b30,delivered,2018-06-28 04:20:25,2018-06-28 04:30:10,2018-06-28 15:28:00,2018-07-03 23:58:38,2018-07-19,476a54640496c53eba75b8a703c2b489,2018-06-28
07d15c4a386205b033ba176848387b08,58c80172465a0843a5a1873a6fd21061,delivered,2018-03-28 14:31:55,2018-03-28 14:48:03,2018-03-29 22:28:50,2018-04-11 17:28:24,2018-04-16,b032eb4f89573f4421aeee6d871f5150,2018-03-28
2f781724d497e0d63c12e8ece70977e1,47fc0b3e8d22c830d7c4f425fa819eb2,delivered,2018-06-14 21:22:06,2018-06-15 02:17:25,2018-06-15 13:37:00,2018-06-18 21:24:40,2018-06-26,b1259aa89958bbe38ebdcd4040a1e6c3,2018-06-14
2bab21da7cb38da9002fcb361c7c046f,70fc5f35ba613b8e7546dc5d89f99941,delivered,2018-08-14 02:46:53,2018-08-14 03:04:06,2018-08-14 14:34:00,2018-08-16 23:38:46,2018-08-21,954563d7d5bd56bdc5063256d610dab4,2018-08-14
d1b32a0715fa2abd2ff4f3ec5e751964,a2d424dcfaa53fa97a98bb99d7700581,delivered,2017-01-24 07:58:59,2017-01-24 09:50:18,2017-01-24 12:28:39,2017-02-06 10:05:36,2017-03-13,5db7f1850c41ddc2a8b0c1699ab35ccc,2017-01-24
b98252d2e216325a07a67e38b1762bcc,a028f7bb1ab74185e4b38afbcdffb64d,delivered,2018-08-22 11:16:54,2018-08-22 11:30:59,2018-08-23 12:10:00,2018-08-28 17:22:24,2018-09-12,c91c4849e61104c70d6b728016b62896,2018-08-22
e8e35dc6e0c36ff56ab31bb1f55a3d8a,f52f8462f36520f8a5339f87053fc049,delivered,2018-03-11 08:49:47,2018-03-11 09:30:34,2018-03-14 00:12:34,2018-04-03 23:33:38,2018-04-05,94d090a44872adced17205bd5adc2dc2,2018-03-11
c522b045e713a7b8bd172fcc37f116bf,53ecf8a9f341c7f16827509a7b754753,delivered,2017-09-21 07:21:54,2017-09-21 07:35:10,2017-09-21 13:52:53,2017-09-29 18:14:40,2017-10-20,8102e59409ef53183afa74b08fd2a82e,2017-09-21
7dca0f77833367de0b5f00ffdd73f382,7c0861799b7fac02a5dcd248e969ceb5,delivered,2018-06-16 13:01:19,2018-06-16 13:19:31,2018-06-18 14:18:00,2018-06-22 20:23:47,2018-07-16,a2f717aa61bb01e688d547976d339428,2018-06-16
c42fdc1266a0ebdb032e6afaf8320b6a,4b3be93841ef35f823beb3265b173159,delivered,2017-04-09 14:39:51,2017-04-09 14:50:18,2017-04-10 14:41:50,2017-04-13 16:07:11,2017-05-02,bcdd2d3eff487f4bfab51115c60778e6,2017-04-09
8e76f4ac6aee1d6013e40279de68a7cf,e085989aa21e36b90469d6940aefe23c,delivered,2017-08-05 17:52:44,2017-08-05 18:10:09,2017-08-07 17:39:03,2017-08-15 19:59:48,2017-08-31,06c211500493e0aa2c584346c15a1d81,2017-08-05
0c84ff9c3089de63fcc506b71018c31d,50d6bcc25f2532c7a92f144a21187705,delivered,2017-06-20 12:05:49,2017-06-20 12:43:45,2017-06-22 14:56:50,2017-07-06 15:13:16,2017-07-24,e4267ee795e0af3be8273761caef9bae,2017-06-20
53fe06ef88f994c4cd443f9c93ba8117,4a1df5a4506db56dde35b8ad0ec08f40,delivered,2017-09-14 11:37:56,2017-09-14 11:50:32,2017-09-20 13:59:34,2017-09-22 12:59:02,2017-10-02,dca700ecf37add295533ce381ccde622,2017-09-14
6b42e6c81cb8d3e2d3dce134a78a3ed6,6daf71f05c643906def34f056eab995e,delivered,2017-04-09 16:40:58,2017-04-09 17:20:12,2017-04-11 12:15:40,2017-04-18 13:41:30,2017-05-02,2aa6f9e812644e18656b410477062f77,2017-04-09
73de1db8eb6e493c5a6ed60c856a2076,ca6f288f99561aedae10f44e948e7e61,delivered,2017-05-16 20:50:58,2017-05-16 21:02:28,2017-05-29 13:09:13,2017-06-29 16:28:11,2017-06-27,59a51cda6d5d34bd1bc68d383921bf01,2017-05-16
03eae39a27aeab0f8c9ad5b84555a6d1,d91337c4d268a8a9f17bef015ce9af3d,delivered,2017-08-15 10:23:57,2017-08-15 10:45:49,2017-08-16 15:52:28,2017-08-19 16:06:37,2017-08-28,f4f203a8ddb0c3e44212a6eaf379348e,2017-08-15
f1e8e2809f03ad9c147c0c8f6283c6b1,315441be1b5e8fdff31b7923041f6a19,delivered,2018-08-20 13:12:22,2018-08-22 10:45:15,2018-08-22 15:02:00,2018-08-24 18:27:35,2018-08-24,48e211365405f1f76b9f582c4acc60e7,2018-08-20
105b2c7913d00cfa89da319a1d8a9f12,fa064edddf6e97abbe5c05226bc1b7ea,delivered,2017-11-09 17:39:01,2017-11-10 03:07:23,2017-11-10 21:03:30,2017-11-21 22:33:11,2017-12-06,f01c59614d7fda42cdaf83f42f816348,2017-11-09
17697f8b42c55a20565782a3b9c1a595,d2f186ceb055fd3674aa324ef1e43fcc,delivered,2017-11-22 17:10:38,2017-11-22 17:16:33,2017-11-23 18:42:41,2017-11-27 15:12:33,2017-12-08,3ea221da0451d7a2fdb9892f427b0744,2017-11-22
ac2242227b286f0901eeac585ba06dfd,71774f0ed26a1b0ba894d660c915e003,delivered,2018-01-09 12:53:44,2018-01-09 13:09:57,2018-01-10 12:47:10,2018-01-17 18:14:59,2018-02-06,3980de40262e26d3b4cbe99076673763,2018-01-09
6648a06c491fb09866fe9080f43894c3,8f882292339b2d49db7de97b3d9d06c2,delivered,2017-03-18 21:15:14,2017-03-18 21:15:14,2017-03-23 14:56:50,2017-04-04 12:52:47,2017-04-27,09583d4ff762fa1959167ec6ceffe5d1,2017-03-18
064895b0b58ab3f84d9d3b0a2b800205,028f1d106a98669a1c0caaf5866f31ec,delivered,2017-09-05 01:11:20,2017-09-07 02:44:10,2017-09-08 21:53:32,2017-09-14 20:35:49,2017-09-27,df73591a78407ad9b5bf4668ae075aed,2017-09-05
d86305c284cecff56c7ee9d3fbd4f8d6,0e37385834260d6111727103a93e790a,delivered,2018-04-15 22:53:59,2018-04-15 23:10:32,2018-04-16 23:54:55,2018-04-20 00:07:39,2018-05-09,550a1a0e8ad53e4147e6c761b5699c2b,2018-04-15
e4540dca189fca9cd33eb4bac11fb772,63809f81b27c50945386ab37b3e2e9ca,delivered,2018-08-17 11:58:16,2018-08-17 12:10:20,2018-08-17 18:09:00,2018-08-24 12:03:58,2018-09-12,917f89acc35bd14a9431b158236799a8,2018-08-17
dda7f5aa048d24b2d639d470786b0564,48c73fe43ce5ef6d2be347c14ece9be3,delivered,2017-12-08 11:23:41,2017-12-08 11:31:29,2018-01-15 17:14:59,2018-01-15 23:51:50,2018-01-08,a16dd53de73ca084b5ee94e290101770,2017-12-08
d7dfe1042cd73f6cdd20a71ed7fef816,29f8adf2f91726172c731bc780c3d864,delivered,2017-07-01 20:49:20,2017-07-01 20:55:15,2017-07-04 16:19:00,2017-07-07 15:34:51,2017-07-24,99e16dbcba1769d23db3a72d4d987d33,2017-07-01
6248b0a9b547366913fb67922a7a2b77,4ae48f8e3942147402a1286118601c83,delivered,2017-01-14 15:11:28,2017-01-14 15:22:39,2017-02-03 10:50:28,2017-02-03 10:50:28,2017-02-28,dce5a2ec04713ca71d7fd432f45b70cc,2017-01-14
516044c173990b53b7a49309c39925ce,4394a1ffa060ff84464bcc24ce52e450,delivered,2017-10-20 17:52:50,2017-10-20 18:08:34,2017-10-24 14:41:38,2017-11-10 22:05:44,2017-11-13,03f05c2a180d57b7451f87cb4864ba53,2017-10-20
cbc6cfe0c05e471513a443490a332128,817b266d9c8e7ef78fe7a9c3f4faacbf,delivered,2017-06-15 21:23:39,2017-06-15 21:35:19,2017-06-16 10:57:48,2017-07-01 12:57:30,2017-07-20,d045f088e61a2992328a462929fcfc9a,2017-06-15
ecf009316e34e996bdfdda7d4b87b21e,3cb04edbb4e95e152836f25c3db1fb4a,delivered,2018-08-16 12:56:56,2018-08-16 13:10:14,2018-08-17 12:12:00,2018-08-26 09:48:44,2018-09-06,dd8470493d075fbe3f47bef5f92f0429,2018-08-16
8cd5a51ae18b8bbcfd46882f77cc98c5,f4dde3802af44d867d21fe23d5ca3c1d,delivered,2018-07-12 12:05:23,2018-07-12 12:15:23,2018-07-13 10:04:00,2018-07-14 14:21:53,2018-07-20,d6804e06d2d8befcde49c46cf7e8ad3c,2018-07-12
517378a05081f7b18f04a01a9cb8e866,3b0e38f909bbab56c1be7c0da8c94299,delivered,2017-08-23 11:36:46,2017-08-23 11:46:50,2017-08-23 19:23:52,2017-08-29 23:03:58,2017-09-27,e9ef738fffaff7963bf84da2c89a2cfc,2017-08-23
0b0809b2b64511c62fb745fb8b465cc9,56d6082f14bf0030bbc257ee81aaed82,delivered,2018-07-01 17:47:38,2018-07-01 17:55:13,2018-07-04 14:34:00,2018-07-06 17:22:09,2018-07-24,47368842f3611a911ad776b043394ea1,2018-07-01
8ab4737e31b330e9244e8e1e9a59000c,ea5e4169bfe8d7b05be4f3fa2754536a,delivered,2017-11-24 08:44:42,2017-11-24 13:13:18,2017-11-25 16:59:15,2017-12-08 23:08:56,2017-12-14,c9fdc0702149166bea1315c51eff507d,2017-11-24
0cf1684e713ddfe42529ec72206b25b3,10665575b485ee952164ddaf090e9f41,delivered,2018-03-11 13:40:54,2018-03-11 14:20:39,2018-03-12 21:20:45,2018-03-28 17:56:27,2018-04-09,a9f6361710e18b2e3397137d69aecd86,2018-03-11
d0e7c11999696d6e68df274547d2bd99,47c285be8b7e2871b65807d42e6827df,delivered,2017-05-21 15:02:39,2017-05-21 15:40:06,2017-05-23 14:42:07,2017-05-24 08:25:34,2017-06-02,383407c450c91e52729da99c73cbe7c4,2017-05-21
08a72c88fa7ee3652a339070245b9f1e,f6680f3eef9212ee4ed6650097ec058e,delivered,2017-11-04 18:50:58,2017-11-04 19:05:46,2017-11-06 20:08:46,2017-11-11 16:52:07,2017-11-27,8e7798dd3d11650d0702e888c0ea37ff,2017-11-04
05369626de3379a1a26fa24e22048214,d5f6259a2f0fa2907ce0d47876f0852f,delivered,2018-05-10 11:18:48,2018-05-10 11:51:42,2018-05-10 14:37:00,2018-05-18 22:03:41,2018-06-14,6de06281a46d0d459dbe284683e0134c,2018-05-10
8c81d5854b1977c139c82372fade2084,0c435831112cf4a6540e675f0590f1cc,delivered,2018-02-05 09:06:12,2018-02-07 02:52:32,2018-02-26 18:09:38,2018-03-22 19:18:52,2018-03-06,f220ea4733c5c24a0db4903ca85ba020,2018-02-05
4726bb2be36557009e1f231af49916e0,510afdc891236e163630afa457975472,delivered,2018-02-14 15:22:57,2018-02-16 07:55:52,2018-02-20 17:46:58,2018-02-22 19:55:14,2018-03-01,4473c7b8da89833fc08fcd3443faea81,2018-02-14
4c5fb984844ad48dc34f8acf42eb0eda,14e4fd056129b209f512b1070b405ccc,delivered,2017-03-26 16:45:59,2017-03-26 17:02:14,2017-04-05 16:54:52,2017-04-19 09:39:03,2017-05-05,002043098f10ba39a4600b6c52fbfe3c,2017-03-26
785bfd330f7cc6cfba69cf7ee360fe47,b903ffc665d9abfd2ceaa052d8da5642,delivered,2017-06-03 00:29:40,2017-06-03 01:22:42,2017-06-05 11:46:46,2017-06-08 11:28:28,2017-06-28,d8cc381feffb0c95a026dc8cd22f25c3,2017-06-03
6ee3c291219411d6da1a62f056058fec,30bd76fb68ee3d13408ce871e8cabd2e,delivered,2018-06-04 20:26:21,2018-06-04 20:50:41,2018-06-05 14:16:00,2018-06-07 17:57:40,2018-06-28,7b51437497e9c9b82a08ddb62dfb7b88,2018-06-04
2fb18b13a1be48e919574ffb28831cc8,f2411713e298062d0de1a00dd767a335,delivered,2017-10-01 20:41:42,2017-10-03 09:49:33,2017-10-04 21:07:45,2017-10-08 17:10:18,2017-10-24,a78244b7ca1f8d3ea7953aeaa1df1a97,2017-10-01
8c2b7afd2cfc8fe9a8570263718ad09b,19a06d501ee9f39a4e1e0b162fdbd6c1,delivered,2018-02-04 01:43:58,2018-02-04 02:43:30,2018-02-16 19:48:29,2018-02-19 21:33:47,2018-02-21,208ed8bf578938c97d49b3429358a424,2018-02-04
039df018e03e7c5db83bace2fa6af002,8bc6d4441da1f5ad07e433a76c8f0606,delivered,2018-05-16 10:33:18,2018-05-18 04:35:53,2018-05-18 14:42:00,2018-05-21 19:28:47,2018-05-25,7133682044321f8d798e5007e0924dda,2018-05-16
6db6009ebbcd3dd392a0b9fdc4cec226,3136355c994d4e466d7b7fc497727e1a,delivered,2018-03-05 03:46:57,2018-03-05 04:40:18,2018-03-08 16:26:40,2018-03-14 16:41:18,2018-03-21,3801738a5f759776df5e1ff226de8113,2018-03-05
cd03e8cd71dabc46caecc93fe7a25ff7,6a3821f955884ec84dc18a8a5842e912,delivered,2018-04-30 14:20:33,2018-04-30 14:35:10,2018-05-02 19:01:00,2018-05-03 15:23:06,2018-05-21,f3236cf3831bad703da53f07ec4b3d40,2018-04-30
b79c15d698bc94cd61de571f5c6cbcb2,378815af7b0dd095845b35bec5a520dc,delivered,2018-03-31 12:55:42,2018-04-01 12:50:22,2018-04-03 14:32:56,2018-04-10 20:31:58,2018-04-23,9d841a91b5b7d1451157dbc8cd94ae8e,2018-03-31
e9c638926bb5ae1721803a4947acd5dc,9797bed4994ab39ad940b6e7b0c67536,delivered,2017-07-06 01:37:52,2017-07-06 01:45:11,2017-07-12 13:52:13,2017-07-27 20:16:39,2017-07-28,9a7b38b233981ed1c50933addaa34a08,2017-07-06
77753877bc8a33a740fcfdd1c93a6a83,bf4f9e26fbef3fa9a8085c93b4468812,delivered,2018-01-22 16:19:09,2018-01-24 02:53:19,2018-01-24 18:09:24,2018-01-26 20:19:06,2018-02-06,8194a6cea93c5c653e7956f0b962b5f7,2018-01-22
5d3f222240daf1828555fdd6fe03acc7,4d8cc2879f5397191606002e0a23d373,delivered,2018-04-03 11:37:07,2018-04-03 20:15:18,2018-04-05 21:19:24,2018-04-11 21:17:30,2018-04-26,26af64ad76c947723d909990aa7079b8,2018-04-03
f503049e1fdf861c98ca1668862c3534,3168bb8e970498755f8d2dd7383c8d46,delivered,2017-09-25 12:58:12,2017-09-25 13:10:32,2017-09-26 16:47:04,2017-10-08 13:22:07,2017-10-24,6c169d70cc323a627b9e88ab64cf3d7e,2017-09-25
17072870cced0e2db845c2cc0bb385e7,eeac13acd9226d9a1868dd7968248978,shipped,2018-02-02 14:51:38,2018-02-02 15:18:01,2018-02-03 15:28:39,,2018-03-07,b7e3c3ff8fba85fc9a38272e06f96a63,2018-02-02
8de50bbc56062ea401a2c61c36f46585,2b5734a6ed90ad9c1ae03b178a28d7e7,delivered,2018-08-08 09:44:01,2018-08-08 10:05:04,2018-08-08 13:45:00,2018-08-28 21:25:30,2018-08-27,e8258022c5060b1f3d861556a17fd741,2018-08-08
50bbc4c166ca3f048fea8fb9ad63d625,e77764740f22b4cb02f83070bc68a49f,delivered,2018-08-08 10:29:26,2018-08-08 10:45:46,2018-08-09 12:25:00,2018-08-13 18:52:05,2018-08-20,26469f9fa8372eb8dec9753aeb80fa65,2018-08-08
4831214da07f7723b1d22426e0b4151e,274f29b3018839c147846f8033403f5e,delivered,2017-06-29 21:52:35,2017-06-29 22:05:41,2017-06-30 14:19:57,2017-07-13 18:13:04,2017-07-21,cfa752ffac3f5e1047eca5e002e81f8d,2017-06-29
2a1c6a5612d7f6ef30ac8905ab262074,63c0620dcfe9f60f8370b002127de65b,delivered,2018-05-17 16:47:12,2018-05-19 03:12:37,2018-05-21 15:24:00,2018-05-25 16:43:46,2018-06-04,78c5ef12b24a8ab09f8b4c1e478d15b4,2018-05-17
a48286edf7e187e446293ea0ff08f2f9,b6374654189195ea4cbb2ff50cdb8f7a,delivered,2018-02-24 17:59:01,2018-02-24 18:10:33,2018-02-26 22:16:58,2018-03-13 19:18:28,2018-03-28,55025553458bd01df2923dee50221dd6,2018-02-24
64da8ff64967de481400af6d6c0b059a,12ef340be64f76b4fbee7ea1209c6e9d,delivered,2018-06-13 11:36:16,2018-06-14 02:57:37,2018-06-14 10:18:00,2018-06-22 20:38:49,2018-07-17,88535ce94dd4815c579688dc9b87d5ed,2018-06-13
170bcd63e3232e54611bd455d3fb5ab0,f93fc2d3624771f9f21e67d3801dcb3b,delivered,2017-11-23 22:04:55,2017-11-23 22:13:08,2017-11-28 16:46:58,2017-11-30 17:32:59,2017-12-13,04a62672e4bb912cfbe3d049b453f9d0,2017-11-23
aafd191085488777c9d6b1aa8335ddd7,6e4e92020773c17f824fcec1f80d11ef,delivered,2017-05-02 21:33:57,2017-05-04 02:55:44,2017-05-04 13:37:30,2017-05-15 13:21:50,2017-06-01,560a6e0ef8a24a50cd83690e297827ca,2017-05-02
5b50a37bcb60ebf07ba7013df48b11c4,fb65e3e167bf3b2f7d2ba5b7a140e045,delivered,2017-08-21 15:32:45,2017-08-21 15:45:50,2017-08-28 21:32:53,2017-08-31 17:42:57,2017-09-13,506434746fc3c810da613453bd2c2f28,2017-08-21
c96b35cd51435c8c1e70c89a5ad976b3,eb6c2016db590aefde406e79651a4e8d,delivered,2017-08-24 22:39:14,2017-08-24 22:50:23,2017-08-25 14:47:38,2017-08-28 20:45:23,2017-09-15,d3359a56d96666ac0c21bb01e7a61c95,2017-08-24
ccd4eb95e68cb64e666ddcb84f8dfb1e,daac514ffdd2cc0cda0e9686c63a9cad,canceled,2018-03-05 22:57:35,,,,2018-03-21,4dcabe94c61f202327839a734955b0cf,2018-03-05
615d69cac226ded6b44842350797744e,542db4871a9bf57277abb73a1b3305ae,delivered,2018-04-09 22:47:50,2018-04-10 01:30:59,2018-04-10 18:51:31,2018-04-12 19:56:24,2018-04-25,100c337ea66f559d930d3c8816270594,2018-04-09
f8813be969dfa2d97ee44b025c9bcaf3,69c332bdd81e457614a7674cfd817a4b,delivered,2018-01-13 22:50:18,2018-01-13 23:09:02,2018-01-16 19:03:17,2018-01-25 18:43:19,2018-02-05,3221bbf5c8e0b3f8b04127f6572967e8,2018-01-13
e21ac3b366d8ae9dce431413dbc2ccc0,ac2336f577ea9ad5366371299b4d02d7,delivered,2018-05-21 16:57:43,2018-05-21 17:56:21,2018-05-24 07:24:00,2018-06-06 21:38:27,2018-06-06,4ddd1defe4cee88c156b7406345bbb03,2018-05-21
3f5bef65e86c9d1a2c8ff430a74cc202,4b3cbee5332b899b4061c6b02f38c1c9,delivered,2018-04-11 18:52:28,2018-04-11 19:10:33,2018-04-12 20:28:33,2018-05-14 19:28:23,2018-05-11,565ed8556b2c4073a68f27f5213cdc5f,2018-04-11
8e65781b8f5e21774c8d7b09dd79b964,d8a57f7152478c218e0e41c0274edddd,delivered,2018-05-16 22:00:18,2018-05-16 22:16:19,2018-05-17 14:59:00,2018-06-07 00:04:01,2018-06-05,3bee75e8da82aef12b0859203cdf80a3,2018-05-16
15e8f1d0967f04f82bb45fad40cc1e9b,7ab2b5c19e7ff01f62bbf41381ce8bf8,delivered,2018-03-10 08:45:33,2018-03-12 17:35:50,2018-03-14 23:57:35,2018-03-29 19:39:02,2018-04-12,a1d3e97003159cb3be579dbed6eac601,2018-03-10
753276a5b8f820bbd0000f93b319bc0c,2de708d8a4c72f8f6d323596f4c95e99,delivered,2017-12-06 20:43:07,2017-12-08 02:37:25,2017-12-12 12:23:39,2017-12-22 17:24:57,2018-01-04,cf81c5870707fbd234eb908cba3dcc1d,2017-12-06
3181b28c176033ffaf02f2dc62b1db89,61bfb3b95d736b9e9eb50bec324368c5,delivered,2018-03-14 12:59:50,2018-03-15 03:29:29,2018-03-15 16:07:47,2018-03-16 16:26:26,2018-03-26,e82dbf49ec5fc7c7d49ad5473ebfb237,2018-03-14
5f3cc66c9f5ac196a1f367c0fa52695f,8075feaa22dee29aea1e3da2ad29e5fc,delivered,2018-02-21 20:35:10,2018-02-21 21:20:19,2018-02-22 21:04:22,2018-03-21 21:21:49,2018-03-14,8c156f90897e2211330b6b7dff14e978,2018-02-21
6baf65efe2c7c4b1641a061fa14fb621,b31906ef88a33db8378664ff5dbc1730,delivered,2017-11-03 17:25:26,2017-11-03 18:30:26,2017-11-06 21:17:03,2017-11-13 20:47:50,2017-11-24,85fb37cacc45dfc2696bfb510fe411f4,2017-11-03
145e208aa1770c67fd155eb6b4084372,31a5e21fde387c4545d4eb63f6d1b201,delivered,2018-07-10 00:32:48,2018-07-10 00:45:35,2018-07-10 18:07:00,2018-07-11 20:19:45,2018-07-25,2b43c6254527a0919214430775f3b927,2018-07-10
32b34a1a1642bd401996260030618dfb,e8d994960222368ac5e42a9109cffb19,delivered,2018-05-02 16:34:47,2018-05-04 03:52:03,2018-05-04 14:34:00,2018-05-11 20:06:50,2018-06-07,94c767a092f2b908571e91c6ab558b4c,2018-05-02
d887cb83cb643b2b98e4f1711d99d4cc,f33df2d18c4e537dbde59cd62fadc3f1,delivered,2018-03-20 23:19:05,2018-03-20 23:35:31,2018-03-26 16:23:51,2018-03-27 19:51:45,2018-04-02,732c586984ab33016e174c8e51e38297,2018-03-20
28b5a8448f2c66df4f63a8642ea8a371,acfa4046c3a1b729f29bf47e05d12717,delivered,2017-04-30 00:26:00,2017-04-30 01:25:18,2017-05-02 14:23:21,2017-05-13 08:24:28,2017-05-25,708b1cbec7dd67d6f81e4f6909971650,2017-04-30
bccd2d8148d8b6d16ff20e79647db81f,e6af1b4ec006c85ce9a716bef2a28d7f,delivered,2018-04-10 06:58:27,2018-04-10 07:35:12,2018-04-11 19:36:27,2018-04-12 20:03:13,2018-04-20,dd26ee5b92b20072ee9dca3139dd246e,2018-04-10
e32d9626a1453e6287c515aac985098f,e7892cc507b3a2e9fe53385ee5509351,delivered,2018-03-25 19:15:31,2018-03-25 19:30:31,2018-03-27 01:36:30,2018-04-05 00:22:48,2018-04-18,1f3df785e9dc2144fdd0cdab14aa9422,2018-03-25
28cf0d3a2917f031ecf4715669a2dfad,0e5ab442b393bd2552068b745c456079,delivered,2018-06-15 07:01:23,2018-06-18 11:15:28,2018-06-19 12:33:00,2018-06-21 18:38:29,2018-07-05,eeea20d93b0e221411defcabab3c8949,2018-06-15
1bae3477022e0394ab9af1d25a242fd0,c168abb9077b7821adae01dc1f0886c5,delivered,2017-12-18 08:52:09,2017-12-18 09:11:59,2017-12-20 12:59:02,2017-12-30 10:53:09,2018-01-18,5ad58a4e6a1a656b6bed070cadbaa003,2017-12-18
6e0a631dd4ced6d6f1bb087e0f9a648b,01aefa3a069cf73167ddbe7725755c2c,delivered,2018-05-04 12:50:04,2018-05-05 02:53:51,2018-05-07 13:32:00,2018-05-10 18:58:21,2018-05-22,8d6edc318022d1d2b7dad49d0053f295,2018-05-04
42faea0e8fde3945ae5c85e245ea9726,445a038c22d0c71bb072ab8b21f80252,delivered,2017-11-25 11:51:50,2017-11-25 12:12:55,2017-11-28 00:05:39,2017-12-07 22:28:58,2017-12-19,8e36b3754bb9cb4a6b0f783a199468af,2017-11-25
f9ac6a2ab423a15620d4ae10b33ce854,e585e617f8b774b83b7f22efa7715686,delivered,2018-06-26 17:42:34,2018-06-26 17:59:07,2018-06-27 08:50:00,2018-07-05 17:23:46,2018-07-27,635dc2021a0b885018529be5111195d0,2018-06-26
b4d859fb4b08bfe5535ae5c37e658715,966b9cbe267afb17f5da34ba905a34fa,delivered,2017-11-28 09:42:22,2017-11-28 09:58:45,2017-12-01 19:28:57,2018-01-16 19:48:06,2017-12-22,c17dfb6f0f59de912f9e565439a0d68d,2017-11-28
d1a9489720f6071530979a98e14b2772,eb145cd67c4e238afb003b9017111f0d,delivered,2018-05-14 22:17:39,2018-05-16 03:15:03,2018-05-16 14:44:00,2018-06-02 12:58:46,2018-05-30,b315c704f799731eedfcf4672a2c1337,2018-05-14
505a00852bc2f5b6d0b53b7a04c2fbad,075560cf9df80d1ad1d32ad2e972dc29,delivered,2018-03-09 10:14:36,2018-03-09 10:29:24,2018-03-09 20:32:04,2018-03-21 13:56:29,2018-03-27,ed91e2bcbc71d72c1d7871961a01d3e3,2018-03-09
f66098258f2a0ec8b2836377097fd48a,49c5edaa0c1b454a55e3803945367f3f,delivered,2018-08-09 10:03:11,2018-08-09 10:15:20,2018-08-10 15:05:00,2018-08-11 10:34:30,2018-08-14,9ab1fa98e23aa9eaa9b285974d105e96,2018-08-09
860a0b75eb5bc3425aaa22d49c7a2156,a2774f30e21be537815251bba41cd096,delivered,2018-01-04 08:06:12,2018-01-04 08:32:00,2018-01-09 15:23:17,2018-01-16 21:18:24,2018-01-29,fde505a5e45f8e704fc884e8fbc908e3,2018-01-04
56e7d463a96db09e951999dd6e74f136,cafc7a4213e990eb268de2f8d0095948,delivered,2018-07-22 22:17:53,2018-07-24 11:32:33,2018-07-25 15:41:00,2018-07-30 17:22:41,2018-08-07,ae9ea41cc5cea5bd9ccbfee5fae4c8ef,2018-07-22
5a369b11eae91cf552807c13a44a8878,8dc9a06063f0457dec7dc9951e8ad761,delivered,2018-04-24 13:44:27,2018-04-25 13:52:23,2018-04-26 14:22:00,2018-05-15 12:08:51,2018-06-06,13a45835587e4aa55a82c63216bd56a7,2018-04-24
4a7ba6325c33a13c0b278d17d8852b60,97695065d34f80b2740f3b21f7b58493,delivered,2017-05-25 18:10:22,2017-05-25 18:22:46,2017-05-26 14:28:13,2017-05-30 11:21:39,2017-06-19,06a1c3debf78ec7a3525040f6d9c16fb,2017-05-25
ca7a8803c5feb9da44e133b9f9626dc3,2236cfc9eb37bfbaf04e45dff2f8b4aa,delivered,2017-05-29 12:01:24,2017-05-29 12:15:21,2017-05-29 13:10:53,2017-06-09 08:17:50,2017-06-22,e7925fdb77dd57b021869b8a94bccee4,2017-05-29
b90c1e9ed0e0b7a17f371bc44ae1f0a3,a184af958c6e57315ba863df407a9dca,delivered,2017-04-16 14:42:59,2017-04-16 14:55:17,2017-04-18 14:14:47,2017-05-10 14:34:56,2017-05-24,a1ec4ef2b728011f5a164ea7a8807a37,2017-04-16
b191371f63985b422b67013b16816063,5114e5f07499661d3c1516419b611d8b,delivered,2017-08-24 16:20:55,2017-08-26 02:06:12,2017-08-28 19:47:40,2017-09-06 17:59:46,2017-09-18,bc95ced27b7d03c1f9bb939b13da19c5,2017-08-24
402aa244b88b67e5cc97b78f03488534,ce5b4e25d215256b0416af19bde155a6,delivered,2018-06-12 21:30:46,2018-06-12 22:01:07,2018-06-13 15:11:00,2018-06-19 01:05:40,2018-07-03,f15aac4645f84bde58ae87779e6494a5,2018-06-12
1a2442f225e9147e717dfaa6a93058d4,ec4e8c560d69abf146f76ff39823050d,delivered,2017-03-20 22:21:57,2017-03-20 22:21:57,2017-03-21 15:54:30,2017-03-24 10:50:15,2017-04-06,231b15fc7a2d0b20ec277816e0385cda,2017-03-20
1fc81b1074b61a259529663946b10a32,bb923a84f897c7ffc3d03eb905f7eddf,delivered,2018-03-05 17:08:53,2018-03-06 18:30:38,2018-03-08 12:28:59,2018-03-28 16:39:11,2018-03-26,0010fb34b966d44409382af9e8fd5b77,2018-03-05
785606fac0b9ddad139f521a70452ca8,708b5721496545c5e8dae3f7b8e677c9,delivered,2017-09-09 08:44:50,2017-09-09 08:55:11,2017-09-12 17:35:07,2017-09-22 20:57:44,2017-09-29,f6aed910a851be65fe4df98f91d57d7c,2017-09-09
46e9d7656b730f837d195fbd5c2e8124,01681beb55e1150f18db54277a5508e3,delivered,2017-09-20 22:44:24,2017-09-20 23:04:40,2017-09-22 15:41:44,2017-10-10 23:43:27,2017-10-17,ebf82681b73717d19634513f5475db9b,2017-09-20
2bdd95b017c58f97f4e735116e778d28,24581467d0bfc119d33575ece54987b2,delivered,2017-02-08 21:49:49,2017-02-10 02:43:16,2017-02-10 12:25:32,2017-02-14 14:03:09,2017-03-07,6629514c79eec8eab37b50223c771c7e,2017-02-08
5be3372596502bec6eb23cf7c68c1b9f,cf6d71e407921204f7013d828c25fb28,delivered,2018-03-21 22:08:15,2018-03-21 22:27:39,2018-03-23 19:54:51,2018-04-03 01:40:45,2018-04-09,7b83bb62890f46ee22be69bda6db7096,2018-03-21
e70116b2aaa3b5a9ad56b97a2c4797c7,ccca7234c41036e347065fa34973201c,delivered,2018-05-16 10:52:46,2018-05-17 08:36:37,2018-05-17 11:13:00,2018-05-25 16:08:43,2018-06-07,9ab2ca1b69d838fe7cf022b820a79561,2018-05-16
24bec7bd3d098472031fe54a30488c3b,0ffe361717c277fb8ea8c2dfc8f5601c,delivered,2018-08-19 13:46:30,2018-08-21 04:35:23,2018-08-23 14:25:00,2018-08-24 19:59:01,2018-08-24,ea798a615fc2aa97241a5fb16fe6ac56,2018-08-19
58cb19858693389b8a5070ce73daa04c,5683bcbefc1e615259326f845d5ecc6e,delivered,2018-04-15 00:34:05,2018-04-15 00:53:19,2018-04-16 18:51:45,2018-04-17 18:47:42,2018-05-03,100b4b41d84beef50e1f5dccd8b3317d,2018-04-15
dfaba9e54da21d5c9ca002e103b5496a,e7371fbd9ae2588b4557034d8511bea3,delivered,2017-03-14 15:11:14,2017-03-14 15:11:14,2017-03-15 13:31:10,2017-03-24 15:06:05,2017-04-04,12b6dee4d13e0256abeb023ac296787b,2017-03-14
6a4b5d63051de8243001f5daa42383f1,2f642b897502ed15302733ddeb7c970b,delivered,2018-02-14 10:26:21,2018-02-15 04:07:56,2018-02-15 22:08:07,2018-02-26 16:19:35,2018-03-08,4f6d635ff2fd4e30ff5369a7b943eb22,2018-02-14
b9fbe4b4e0e872ccaa4e477d2a4751a3,24b175fe0f414529d36372ffbb5b2768,delivered,2017-11-25 00:25:30,2017-11-25 03:17:21,2017-11-30 16:08:48,2017-12-02 19:15:14,2017-12-15,d4f9016fba301eb30e364c4712fdaac0,2017-11-25
0775e96080c552251cd76472d32e0c83,b301495c792065eaa3c4fa6f11bb0407,delivered,2017-09-06 01:29:21,2017-09-06 01:44:00,2017-09-12 17:51:42,2017-09-19 14:33:10,2017-09-29,3a1702d4226eed2058871760d94c99a2,2017-09-06
57bb96756a091d53147f4738f8ff09d7,faa2b1263bdcf8066d313b33a309a671,delivered,2018-05-13 16:23:24,2018-05-14 16:36:36,2018-05-15 12:38:00,2018-05-16 21:16:46,2018-05-23,21fcbc59c0a5880d585d2968eaebbafb,2018-05-13
b1efe5ab6f4610dc50fd9e55e4269b58,a8358cb0d9cfc5497bc084dd0adefda3,delivered,2017-12-03 22:50:40,2017-12-03 23:31:23,2017-12-05 09:05:05,2017-12-17 11:37:15,2018-01-05,6ae69697335279530fcccf75cfe38726,2017-12-03
24bbb34026408087d5c21cdc3743028e,557ca53d56e4cd7f3ac2ba132c7540f1,delivered,2018-01-21 11:38:37,2018-01-23 03:39:36,2018-01-25 20:35:44,2018-02-02 10:54:39,2018-02-14,0908187b20d142543ba920b836344dfe,2018-01-21
07b0c48ffce8f9ad9878efed80bb428d,c5405d705481710dc8ff8760b7a9da0d,delivered,2018-08-16 23:34:39,2018-08-16 23:49:46,2018-08-17 12:05:00,2018-08-27 18:03:26,2018-09-18,7c534bad6850d94161a9cf12e8171339,2018-08-16
175f0e4be32fba394c8d7df818ed8425,2eb5d00803617f610fea5020ec8fd04c,delivered,2018-02-25 23:23:54,2018-02-26 00:00:28,2018-02-27 09:12:48,2018-03-20 17:46:59,2018-03-21,24391449252cf6db04ce271b2a208d83,2018-02-25
ebb2e4c3a4ed0d36a88cb8656e6a113d,b1737c34c3a1db8806af041483301a7c,delivered,2017-11-27 21:35:51,2017-11-29 02:22:12,2017-11-29 15:03:23,2017-12-05 23:47:07,2018-01-17,5a85f706b2059c3cd55287e105d8d5ea,2017-11-27
22ed88d1bb8f6269236b8cd268490156,d03487effbe8d229d2a1570825e199d3,delivered,2018-05-10 02:52:41,2018-05-12 11:54:20,2018-05-14 14:23:00,2018-05-17 17:32:51,2018-05-24,22ad9e811b0fc0e074a40ebafeb144b7,2018-05-10
8f1327c6715c7cc4ed142be589174903,bbf168d9d23ef1862002ccf1b0190712,delivered,2018-08-05 19:16:54,2018-08-05 20:31:11,2018-08-06 15:47:00,2018-08-23 13:48:52,2018-08-15,cf5a0cca7586a6ac2bd76b33a0cc76ff,2018-08-05
3fc21839ff46deb51ed5e5d0d549923a,b1173bd14fa71771c6a4219a69cb5559,delivered,2017-05-20 15:52:55,2017-05-20 16:05:19,2017-05-22 09:57:55,2017-05-29 09:45:36,2017-06-09,d92fe8a457947bc974b9b34dd4a8a06d,2017-05-20
746cf3b6660fe1ca773eec7f281e0bea,2aa4972d38b9418e02aeae209f12a074,delivered,2018-01-17 10:07:24,2018-01-17 10:15:22,2018-01-17 18:05:33,2018-01-18 22:52:23,2018-02-01,65cc6ddba5e30243e0eb17d9a58817c1,2018-01-17
2bd9bddf117b28b0736de5b81eea032c,752a1e24b22edf31a897379138ad174d,delivered,2018-08-18 10:45:40,2018-08-20 11:30:03,2018-08-21 14:05:00,2018-08-27 23:32:27,2018-09-04,66ee4f46c50e9c8bde4931382f12b0ea,2018-08-18
f138b65dbccee43e2a1720d752d78897,32ccfd7c658a49028d4be5ba326650e0,delivered,2018-03-28 20:44:22,2018-03-28 20:55:26,2018-03-30 00:12:09,2018-04-07 18:32:34,2018-04-10,74b42aa1f07581bd26c7df07c36d4cee,2018-03-28
505f19ae28f4c808af9275206b5b7c49,c6cb51cd87af99f44bee9e0890d09959,delivered,2018-06-22 20:44:40,2018-06-22 21:17:43,2018-06-25 15:25:00,2018-06-26 19:42:32,2018-07-05,7a2422adc58649768dfd94f72d111e7d,2018-06-22
8c404744f757953fce7d97630970d045,83301211abd18388306aeb026e60f753,delivered,2018-03-07 12:49:40,2018-03-09 02:10:41,2018-03-09 21:38:45,2018-03-23 18:53:50,2018-03-28,d27bbde8bece4733cad9c26bd878f885,2018-03-07
d043a3bb843a11bb2f3a826771849ec4,1d4141882e86028ee4751bb58410b53a,delivered,2017-04-26 22:29:41,2017-04-26 22:42:29,2017-05-08 15:40:15,2017-05-15 08:13:40,2017-06-02,d23df6cdca745eb59117e90aa4e09f51,2017-04-26
b1af0e84814ea77191dddbb863dc896a,217caae919f80154b36236bc0db9f9b6,delivered,2017-08-11 09:12:37,2017-08-11 09:25:09,2017-08-14 16:47:28,2017-08-22 23:37:45,2017-09-11,f2c279e9a8350bb145cbcd6af2486997,2017-08-11
ef85abe875a2c11ed5321f610f7afa28,b364374999f56fe16589dd6eeaf7f0b0,delivered,2017-04-25 16:43:25,2017-04-26 16:50:17,2017-04-27 10:32:55,2017-05-18 15:52:26,2017-05-12,3e75b24d0c39407cff09d8a910526850,2017-04-25
8a9c4879d3cde9fe810bdc06fb38b671,7dbd177b3fa902ebeb7755430b402694,delivered,2017-08-01 12:56:53,2017-08-01 13:10:16,2017-08-02 20:52:09,2017-08-08 16:35:57,2017-08-30,854cc8f6c40c2505c9e1518fbe671245,2017-08-01
0d266849a05d14eb00b7c5db250a2943,1155c9657f8dd0bef9cd816ec66452a1,delivered,2017-07-14 09:26:37,2017-07-14 09:43:50,2017-07-14 18:21:29,2017-07-25 18:27:53,2017-08-07,0e8750e4ffa3dc86470cdfa30237f867,2017-07-14
24478be9ca0e4fb3515ac0403e35ad82,6f62ed8dd1a90e684d370c234e5383c8,delivered,2017-10-26 02:13:58,2017-10-26 02:28:10,2017-10-27 22:14:58,2017-11-10 19:22:09,2017-11-29,65323d6288a4b34af6d096f7eef50a38,2017-10-26
6a30e349ceba14fcd64f13c3fd62aed3,3a011cc7716b214b68664fa2a3283d79,unavailable,2018-03-10 01:56:16,2018-03-10 02:09:37,,,2018-04-12,429aa6a2cc43f9bdd7c7e82c2bdbc80c,2018-03-10
2e923e20cebdf4b6180a30475a3eed12,b5def42592240bfc33d93b7ccba361c1,delivered,2018-06-16 19:54:35,2018-06-16 20:18:52,2018-06-21 13:47:00,2018-06-28 18:21:13,2018-07-27,283679dabf3a833a41bec4d865c29efb,2018-06-16
6fb3c0067e08ce7dfcdb62ebce42bb71,a392a5a50d925d036ebc7d6760fa73f0,delivered,2017-06-02 21:18:38,2017-06-02 21:32:52,2017-06-05 11:45:34,2017-06-19 20:47:31,2017-07-05,3a2d236fc85fdf338f179ca0cd725433,2017-06-02
f1f8ad6699e72bbab0ca848700236de8,1574a3dd0c2def0f975a579f1a906e3e,delivered,2018-06-20 20:43:16,2018-06-22 02:58:22,2018-06-22 12:46:00,2018-07-06 00:05:21,2018-07-13,0b7bcd5b2d70f8a9edeeb2be5c40f5be,2018-06-20
65f4d9e4822b4f34980ad36f71a08dad,b634d4732846c7f15917a55b83c22678,delivered,2018-08-07 16:55:38,2018-08-07 17:05:12,2018-08-08 15:23:00,2018-08-22 17:36:57,2018-09-11,9d182111ddcb4f07b855c3ae76e53d52,2018-08-07
803ae00f21f22b053d07d2dff0cd1101,a7ed5e3d82385c7fdd671d1f3fa5163e,delivered,2018-05-17 10:25:59,2018-05-17 12:31:59,2018-05-18 10:01:00,2018-06-08 21:12:16,2018-06-13,958d8d0c2c3441ddbe3d776374f45261,2018-05-17
72306b6ce07a9860eab715afd663dd73,41dd55a5cc1d3ee4e4cd29c5049078ac,delivered,2018-04-01 14:52:12,2018-04-01 15:08:30,2018-04-05 21:18:39,2018-04-30 14:58:36,2018-05-07,9366a3ccc524325095786e1844f25bb8,2018-04-01
c7e5f8183f0f4c7cc783a31e32679e8b,8c38322116938e0c957f2a8a068fa612,delivered,2018-08-10 14:12:31,2018-08-10 14:25:12,2018-08-14 07:33:00,2018-08-20 14:24:46,2018-08-24,1cba1401f3cd5c4b2d15ecb5c391223b,2018-08-10
1674cd4deb921f97a794a8401ce9017b,710f531a591d1042892eb71a78499cd5,delivered,2017-12-18 18:30:40,2017-12-18 20:31:27,2017-12-19 19:47:06,2018-01-04 20:13:44,2018-01-18,956a5b68d7a800491cb49a2a10f00d0c,2017-12-18
333d224f4b2d2604e6cfd777af5270d2,003cbe6a43560a8b6fd2c07531257c2d,delivered,2018-02-01 14:05:22,2018-02-03 02:53:35,2018-02-06 22:16:56,2018-02-28 10:39:09,2018-03-06,f9d4a283e4f19a47b64f95a3235d0a5c,2018-02-01
e532ac56b1b0c1d0a55077a82db29049,987d8779977d437c9cd0a258b4ed9c90,delivered,2017-06-20 00:24:04,2017-06-20 00:35:22,2017-06-20 18:50:54,2017-06-22 13:22:54,2017-07-03,d268e6ccd6cf16a4b2715a699f1a2e31,2017-06-20
f49f2ab05c53d4b13cafacf2cef7c266,8c23dbbb9406d2481448148ebc710ef5,delivered,2018-06-17 15:04:59,2018-06-17 15:40:38,2018-06-18 10:05:00,2018-06-21 18:08:23,2018-07-16,d01d54208bf0038028d9fba4bd495ea2,2018-06-17
c729a2c3dd65a6880f7d4c57d792fa48,73ccf5f60adea302cf3e6deb81dc3b15,delivered,2017-10-06 21:54:56,2017-10-06 22:07:23,2017-10-20 21:08:45,2017-11-01 22:12:11,2017-11-03,7c9d7311d6c8b82d2f5f4e9e91d7d932,2017-10-06
06c4d1be000d2b0d30d56ff06dab667d,93db96687b16132297af1de44d17e01b,delivered,2018-02-08 21:53:13,2018-02-08 22:08:58,2018-02-14 20:15:21,2018-02-22 23:22:47,2018-03-09,90a1d3ac705ddafabec78b854f15bcf2,2018-02-08
96ad1339a836acd49229ab6564bfba8f,2d4e9c0e42af45f4b002376d45f7d46c,delivered,2018-06-17 21:11:28,2018-06-17 21:37:56,2018-06-18 14:28:00,2018-06-19 18:55:52,2018-06-28,8af0ae9ae94a8d326b96941814a51ce6,2018-06-17
60a28eb91eb313b6113313511e38a87d,1b324631d216d08777a7e14bf1dbd008,delivered,2017-11-16 19:37:34,2017-11-17 17:30:32,2017-11-20 16:38:20,2017-12-08 14:33:52,2017-12-11,854925f2ce031b82bed37d73c9c716dc,2017-11-16
fbc769defaa6da4bbabdbbb7c93feccf,da5ee995dc45623f40c45d715502e09d,delivered,2017-07-22 13:57:25,2017-07-22 14:10:18,2017-07-31 18:56:32,2017-08-03 16:43:01,2017-08-10,81c56b23aaf4d8d2658fbd644da888a0,2017-07-22
fc12a57ca0e1e2e7dd16b215f473c70a,228c05590301d865a158253d3b5d2350,delivered,2017-07-03 14:09:07,2017-07-04 03:43:32,2017-07-07 18:56:34,2017-07-13 21:51:40,2017-07-21,ea9b2d2e8dbcab9110a33ce3db88ec0e,2017-07-03
261033841f1c6e15f180ad43e885d845,d8b900bd29f82bca2be3ed286d2570bb,delivered,2018-06-18 10:57:01,2018-06-18 12:18:38,2018-06-25 14:13:00,2018-07-04 16:58:41,2018-07-19,c98507c388790d09b7d14c10833e789a,2018-06-18
c94aabd5205ddd8647579a7bdebd6992,4aaee5e291f07b23b75b11f67bd9c776,delivered,2017-05-20 10:30:23,2017-05-20 10:42:55,2017-05-26 10:08:02,2017-05-31 12:20:00,2017-06-14,f804ed90360900357b6db9d7635d275d,2017-05-20
a605a7cf5180284bea895720b8515040,8946bb7694a658f8a6424ff87380f7f2,delivered,2018-04-26 14:37:17,2018-04-26 14:51:49,2018-05-03 15:41:00,2018-05-12 15:20:49,2018-05-25,d29fdae2eab6cd5c3c1c8227c9e5a609,2018-04-26
fc8fa04a6621b92f945b8d0224feac74,17902228ca51ded3c5b9f6dbdef80d6d,delivered,2017-09-18 12:46:24,2017-09-18 13:04:18,2017-09-19 13:38:35,2017-09-20 18:42:24,2017-10-02,4bdc9a280b4488f012fc46108b82b700,2017-09-18
c3f309f7d0ad0cf3b17a58447ed8ade8,ada29697efaa03be520885ccccf7c42c,delivered,2017-11-01 10:41:42,2017-11-01 12:55:29,2017-11-03 21:07:39,2017-11-17 20:32:21,2017-11-29,c5a2c5b988459060be5f07e0a4c01a98,2017-11-01
5372c7c1ae934292748159d8d0f0d6bf,72c0a5b5eeff366eab8c72c021f961cf,delivered,2018-05-24 17:25:14,2018-05-25 12:17:16,2018-05-25 14:03:00,2018-06-08 17:26:04,2018-06-19,504df238632748f07ecb182598840290,2018-05-24
ac21bec6ae437954a28c4db16dd5737f,d24a42b429025967e6db9734a049d995,delivered,2018-08-09 08:11:21,2018-08-09 08:50:52,2018-08-09 14:53:00,2018-08-14 22:28:54,2018-08-16,bf99b40f4ff449da94ac2760849fe1ce,2018-08-09
551dc720414dea175fabed81e4ada2c0,767b211fa7fa4e806f88b15c54c692bb,delivered,2017-05-30 15:12:14,2017-06-01 04:10:16,2017-06-02 09:43:57,2017-06-05 15:00:03,2017-06-16,1232eef6ba76894ccd8e537f4a1232ea,2017-05-30
7e708aed151d6a8601ce8f2eaa712bf4,033fab69968b0d69099d64423831a236,delivered,2018-06-02 18:37:14,2018-06-02 18:51:31,2018-06-04 13:42:00,2018-10-17 13:22:46,2018-07-13,fc0bcca3d8d90a812b707bb8e45069d6,2018-06-02
6f4016e726a9987c48a94f9c2e26898a,2b829a337fad82db503dba0855ddb3ef,delivered,2017-11-21 23:58:55,2017-11-22 00:07:14,2017-11-23 19:02:58,2017-12-08 17:42:56,2017-12-12,35e55d54b4ad458292b297b82dd30e0e,2017-11-21
57313d913bef6f44066214ef78d4ca65,941d742e4a457892ce8c3190221bd37b,delivered,2018-08-21 05:26:43,2018-08-23 12:35:23,2018-08-24 06:58:00,2018-08-27 12:34:31,2018-08-27,ed35233010075c5ed9c70159e8f6aca9,2018-08-21
6909a8c6873376d008cc1a51fc63dd98,1ad1f7447997c496a5381aa0d762a7e3,delivered,2017-11-30 17:34:02,2017-11-30 17:58:44,2017-12-05 14:37:04,2017-12-14 19:12:44,2017-12-27,3827b4f204a5c9e1f7e88a20c05196d8,2017-11-30
db7698489d1a82bb9b7d8220eae5f708,cb177a0cad6d0debf72041b70b6ca9f5,delivered,2018-07-17 10:00:49,2018-07-19 04:42:37,2018-07-19 14:29:00,2018-07-24 17:28:39,2018-08-03,0d20fac912fcef6baa10ef72530ee3c4,2018-07-17
fca198bd1d114ed57b786f347a0e4a61,aa664b5b74721f18d25d5c15b68b5093,delivered,2017-07-04 13:07:02,2017-07-04 13:15:19,2017-07-07 15:57:52,2017-08-01 18:43:28,2017-08-03,cb25b0f5b7cdb5343e739964365688f4,2017-07-04
d2783b3ae3458b44a4ab7cc0169bbde6,b24013868be3e363721503d466163c0d,delivered,2018-08-06 18:11:48,2018-08-07 04:44:33,2018-08-07 14:32:00,2018-08-09 22:57:27,2018-08-15,3a5e187267ab22976608fffc86276c44,2018-08-06
5a72b18541d7405e2725f184e99651fd,00fd7dfb540f22f5fa85fe9ecfb82fd3,delivered,2018-02-05 23:17:11,2018-02-07 02:52:20,2018-02-08 22:38:36,2018-02-23 18:52:24,2018-03-14,14d161c41de103d191d4978a153b04a9,2018-02-05
1f1eea532cdd1978a4a9438a5373ebca,e192295a80bc140473d53f22afc589f4,delivered,2018-06-17 12:33:48,2018-06-19 04:16:58,2018-06-20 13:56:00,2018-06-22 16:18:49,2018-07-03,243b99bd9ed8a3f460e7289d0a8df291,2018-06-17
c50c0ae5e7fcdb752cc2d1c9e357c82b,23924369eed2be1c4c4dfd6725aa0fd5,delivered,2018-04-22 21:32:09,2018-04-24 17:13:21,2018-04-24 16:10:45,2018-05-10 19:18:39,2018-05-21,e36d5fc0a8819a22477994d1943bd7e3,2018-04-22
378ef8f4017a5eb7204730698cfeec60,f2a9ee3acd72f7a46d1a0428c890f5aa,delivered,2018-07-20 09:52:39,2018-07-20 10:05:16,2018-07-20 12:25:00,2018-07-24 16:08:50,2018-08-23,c930c68b5708cde0edd9bf90db256ea3,2018-07-20
279976cba5252901895ff5af44890cca,fd1e9f0b9121a3c03c0d46907debc26a,delivered,2017-01-30 17:33:05,2017-02-01 04:35:05,2017-02-01 15:26:04,2017-02-17 11:47:39,2017-03-10,c851f70413e20381390ddb28a135f676,2017-01-30
8711e162ef4e4e3a2e036a5ea880b844,ffa2449ce37e10c87dbdd64149e6ddde,delivered,2018-02-22 09:05:27,2018-02-22 09:15:31,2018-03-07 23:03:50,2018-03-24 13:08:29,2018-03-14,265ad02923f833d8278cb0f3d0d15692,2018-02-22
31b1f7b1f6a38b7732272da5484ad1c6,3a0ecfe52b994b2589fb52ced98d8166,delivered,2018-02-11 23:34:26,2018-02-11 23:50:30,2018-02-14 22:28:56,2018-03-09 17:32:22,2018-03-16,94c2f59eee91ed7c2ad08b0766c49b87,2018-02-11
a9a3a08d9eaa247fdf8b512c41c32b7a,2316d5b658d4d37ff1b93eb9a9374158,delivered,2018-04-27 04:17:50,2018-04-27 05:00:24,2018-04-27 14:25:00,2018-04-30 21:05:28,2018-05-25,3433f3006cded712356665ccd4218017,2018-04-27
6ddb004a75be2f9f5ff513839665267d,7ca34205b38053505f971f4545081027,delivered,2018-05-23 09:40:13,2018-05-24 02:34:57,2018-06-11 09:07:00,2018-06-28 16:05:12,2018-07-03,71d0bdb856934e63fe9fd8019d7e3dcc,2018-05-23
197e823afa23ea796ca722cc9465c923,b940eb430a669d018ef1d9e457bda1b2,delivered,2017-03-03 10:17:51,2017-03-03 10:25:14,2017-03-08 10:18:30,2017-03-13 13:44:21,2017-03-24,9a239f4ba116ec0dc07f3000fceef752,2017-03-03
71a18f4279fdaf6704d2edbe33065085,ce1e86a6d856ca200eec30b35ef6f1f6,delivered,2018-02-20 21:31:57,2018-02-21 07:15:30,2018-02-21 21:29:21,2018-03-09 21:28:25,2018-03-16,86826d7419b9a817e604788869d23020,2018-02-20
92b8ad8746bdc2d63f544dd75b17d7b3,83ebc0404ed775bfa7b6a635edb0c08c,delivered,2017-06-19 21:31:19,2017-06-19 21:42:58,2017-06-27 09:04:55,2017-06-29 14:43:55,2017-07-07,172e791ed1b93dfe30a5d911a4c49d1c,2017-06-19
6f2d341a759b59c051aa9fcbaf2dcba1,1c732f9f971197a78a3fbe8d68f3a336,delivered,2017-11-02 16:58:37,2017-11-02 17:10:53,2017-11-04 14:32:23,2017-11-07 18:52:08,2017-11-16,fb08e5d25419baa8f083307b5dae8db5,2017-11-02
48c7cdcae897b5c7615110c6dbd6c837,3e6851d683a6d2eb0bd91fb797ac8c4e,delivered,2017-05-29 15:36:07,2017-05-29 15:50:21,2017-05-30 10:43:55,2017-06-08 15:33:36,2017-06-21,6dc4cf42e338b15e0c5b690bfa4a9064,2017-05-29
adb1bc335d8e615c7fb377e515a19d8e,6ede7ac26247a8cbbe9b2c2501964101,delivered,2017-05-19 10:26:15,2017-05-19 10:35:23,2017-05-23 09:47:37,2017-06-05 05:03:34,2017-06-19,42230aa8270df8d775f2d51ed1a25224,2017-05-19
34ada2d009b3c8faa260b58ebfa00ad9,ed918a8f711b7bbd736fdb39bda8f783,delivered,2017-08-20 13:20:26,2017-08-20 13:35:08,2017-08-21 19:03:32,2017-08-23 18:22:34,2017-09-13,4cd05fe0191aed72cf80d81a729d2078,2017-08-20
28d7626c30f05e9a92ae5a3910f6f603,9d10d27958e5a9938473467e9ab1c4c5,delivered,2017-08-21 10:44:00,2017-08-21 11:04:42,2017-08-22 15:56:59,2017-08-23 15:27:58,2017-09-13,5de0deee1000d7298ec39a6ece6b6b4f,2017-08-21
edf21b762e675f03a62108245f80588c,84b0a00de8b7b1189af919bc12786baa,delivered,2017-12-07 23:51:40,2017-12-09 15:32:27,2017-12-13 20:36:48,2017-12-14 19:08:03,2017-12-26,bbca11f1947ae445b8d0ba962a8de9f7,2017-12-07
694c72bb2f8ede1323820186544f9c09,905e35fa8c58f52fd1443aa882e99587,delivered,2017-08-18 11:19:19,2017-08-18 11:35:16,2017-08-21 19:25:58,2017-08-30 18:05:04,2017-09-12,feb4f4ac5cc52822cea09bc4a6687ec5,2017-08-18
a52e3d383eaf9797e19309a2f0fbc4b2,f0e0a5c3c7830a05b01d2ba588ae76f2,delivered,2017-11-27 21:27:56,2017-11-27 21:39:38,2017-11-30 16:45:03,2017-12-19 17:33:09,2017-12-20,938f430a30c511a883c71999f6d01dcc,2017-11-27
43cc99c0d748acfca2d0fdc297b3c719,606e15b0421657a42751adbc793efd2c,delivered,2018-01-08 22:06:13,2018-01-08 22:18:28,2018-01-17 19:57:20,2018-01-19 21:36:36,2018-02-08,0ad5b33e65fd26983d6c0dc889a5ed3a,2018-01-08
27a1fa63452ccc6fff17e6b258e794fe,54ee086a04b2293ef6f475ae16a40d7d,delivered,2017-10-05 20:27:36,2017-10-05 20:44:48,2017-10-11 20:43:03,2017-10-19 22:33:58,2017-11-08,fbfae44db79c8e6295b24ffa67ebb39a,2017-10-05
8fe52b8ac07dd5b6ce34a7b5da28c758,09aa424d8165256bfedf995ba5b017af,delivered,2018-01-31 17:47:33,2018-01-31 18:08:20,2018-02-02 01:43:53,2018-02-02 17:09:08,2018-02-16,f8d48674f62ffad2d2a1fc5e0bf483d0,2018-01-31
4703440eb9289d3769819920e98ec061,e26c19c5ccc698f3612f11874d3b07cf,delivered,2018-02-01 09:39:46,2018-02-01 09:55:32,2018-02-01 23:41:10,2018-02-14 22:17:04,2018-03-01,ab243cd9e788d689cc822380f59616e1,2018-02-01
5a44c448d2ec7d62bb57cf35e6154e20,ce94171f740302491e9c6f36626e5354,delivered,2017-10-18 13:34:12,2017-10-18 13:49:28,2017-10-19 14:47:31,2017-10-24 23:18:16,2017-11-06,adfe8eba67cad3f6349bbc0d59202cd8,2017-10-18
d6df2c35f7b163ef2a7bc19fa0151314,3c285e92488bf716f1ffa7380ad177c3,delivered,2018-02-24 14:12:04,2018-02-24 14:28:01,2018-02-26 23:15:31,2018-02-28 23:35:19,2018-03-12,ea0841cf5b46b119d5ca92dd47641518,2018-02-24
4d88b32561e3cedfbea460ffd39810f2,54ff013a35a23a8a8a20d4ecd8493e7c,delivered,2017-11-24 10:19:13,2017-11-24 11:34:38,2017-11-27 18:22:02,2017-11-28 21:13:43,2017-12-08,e02900e4d380d0a04fc63087031d2311,2017-11-24
9b26ae9a477137076f8b0e8bec71fed9,494e386d48abb14a2700a12f821eefda,delivered,2018-03-24 16:46:37,2018-03-24 16:56:08,2018-03-27 19:05:11,2018-04-26 22:41:06,2018-04-23,0845e6e74f4a5fcd36d6d7fb03858633,2018-03-24
395e3c91f1eec0bda9e0cf4f57d3bf3b,4c68ad70c37728cd9ee84db3a179ae2d,delivered,2018-05-19 07:28:01,2018-05-19 07:39:06,2018-05-22 15:26:00,2018-06-02 16:48:58,2018-06-18,a6a9bcd5bb8e470411ca79cdc1c6c6c1,2018-05-19
43df08b645b3c5d452c2b73461c3259c,d480aa85f10251c22f1c805b7b86afa6,delivered,2018-08-24 23:42:21,2018-08-24 23:55:13,2018-08-27 15:18:00,2018-08-30 22:49:32,2018-09-04,73e585a76132f4e75579f84ff7b72460,2018-08-24
62628ad72362122adab99bbe834e0d25,2194b4c1bf6a6a4c1990166e6250dcd7,delivered,2017-12-03 22:57:35,2017-12-05 04:11:57,2017-12-06 23:27:01,2018-01-04 22:37:57,2018-01-10,92d8f7633d6158e943162133382f189a,2017-12-03
b46902d53ee0054d077220fefa87e7d5,83d7ab5d806218715a5e5a07d5d37dad,delivered,2017-02-08 15:53:07,2017-02-08 16:05:18,2017-02-09 13:16:22,2017-02-14 13:03:40,2017-03-13,9bff551dd73fdb455a7c2ceb6bed2d39,2017-02-08
b4454ac5d3550744c26cb851e267a889,0bdb856d27087ad9c34ebc3335ace6c1,delivered,2018-07-10 17:49:44,2018-07-10 20:31:19,2018-07-11 13:45:00,2018-07-23 17:31:09,2018-07-31,af8d07e04415b17eec6472d8f31e83ed,2018-07-10
97aa1a479681efe192bf39d259cd2b94,cc3590f4a2d090bf1fddd470c8c7c109,delivered,2018-03-22 17:47:21,2018-03-22 18:00:23,2018-03-24 13:04:12,2018-04-04 13:42:21,2018-04-12,595ee036d3a69e80934a9b3618834085,2018-03-22
109e073454b94ec80ff968765bb1bffe,8bfd5527bfae3da870486c826393948e,delivered,2017-12-21 12:05:12,2017-12-21 12:13:36,2017-12-22 19:12:24,2017-12-27 23:56:47,2018-01-10,365984da44416e97c8102a5655f42d51,2017-12-21
321d9198cb35a37dd55176b905614311,1847903be9f502ff2fb5590ce1b03f1e,delivered,2017-03-21 12:02:33,2017-03-21 12:02:33,2017-03-21 13:01:49,2017-03-27 15:13:58,2017-04-13,b8705db62017cb4cdfb82965a2b03175,2017-03-21
a17af8e6044c5ccaa87b1d97559dc554,8df8172ff39578fa8f41cccb8d28d9e7,delivered,2018-02-16 17:59:44,2018-02-16 18:05:31,2018-02-21 15:13:26,2018-03-09 23:51:33,2018-03-28,e016365b624d1755f3e2d0e8f1631ebb,2018-02-16
3104bcaa250792a77ce1651711291eaf,e10b0e36d0e9cf9d7cc0f5bd4e1a74c9,delivered,2017-03-10 10:22:09,2017-03-10 10:22:09,2017-03-15 07:32:10,2017-03-23 10:51:18,2017-04-05,f9554a1488503337327a447698972e9b,2017-03-10
2e8d9e986f6497677962424952e47f48,a5f1df8a1b669439f95c254410b208c4,delivered,2017-10-03 00:41:52,2017-10-03 00:56:12,2017-10-04 12:13:47,2017-10-09 18:25:14,2017-10-31,a4e3479d9ab687f7d65404a6926c9dd4,2017-10-03
dee33d9b548acb609e8b6eb6f540f4b3,d8bc1730256a5655842bcae573f2d8a2,delivered,2017-08-14 14:02:34,2017-08-14 14:24:12,2017-08-16 12:37:05,2017-08-25 17:41:16,2017-09-05,b4cd4e0a9c809bf22592f2af4c27aaae,2017-08-14
5fd5c981a4232eaced70a8003d560243,c00973bf62701e5819492e9ee3676362,delivered,2018-07-02 19:28:14,2018-07-02 19:50:45,2018-07-04 15:16:00,2018-07-10 20:47:32,2018-08-01,654d7964c6cca4615f13d32504ef54be,2018-07-02
19c4f810dca09d438da021fd6d52839f,e09e517bff3f066d606397fd04f374e0,delivered,2018-07-21 15:26:59,2018-07-21 15:44:07,2018-07-23 11:13:00,2018-07-26 18:18:50,2018-08-09,633aa358e90a435dc47a30af5a0a832d,2018-07-21
51248b88b0b4821b2e8eb524d990140e,1765717276473594d6231f90c621ea9d,delivered,2018-03-20 14:32:28,2018-03-21 02:55:59,2018-03-22 22:51:28,2018-03-24 01:22:37,2018-04-02,af0c56271f45797ea6bcb96de7de9a8e,2018-03-20
62e79484ff84d9d38b7b0f166834ee71,1c0f5e9216a674a0f71118b6ab353239,delivered,2018-03-21 11:21:53,2018-03-21 11:35:23,2018-03-21 21:04:03,2018-03-22 23:21:52,2018-04-03,f9508ace4527f630a8eb27ba0e95dbaf,2018-03-21
085505e898297808653c70305ae11f47,956cc3292d13bea359eaf6683f410bf6,delivered,2018-01-24 12:33:01,2018-01-24 15:16:18,2018-01-25 23:29:01,2018-02-07 09:39:23,2018-02-21,b4a2566d92e7d3dd3e4b5dd74f970824,2018-01-24
4ae278cd5a14160ac41c5cc6bae57f96,9b3dcdba0f0d6a3d467c04ef78a347a1,delivered,2018-05-08 14:24:43,2018-05-09 14:30:49,2018-05-10 09:58:00,2018-05-25 20:22:53,2018-05-29,a9ee2be8e606aa8c7bf7bfac9feb68eb,2018-05-08
40123a82aca2fbe9a11c1d53fdd2a679,989a5ea2f3bf07abf7dad6d1c800565e,delivered,2018-06-22 13:20:40,2018-06-22 13:40:18,2018-06-25 12:56:00,2018-06-26 17:46:34,2018-07-05,3633988b70e4c4788e02277855aa0ca1,2018-06-22
d9c24372ad19900d28302a9ffd3da0ec,a39807dec0511df2f7c856ef18f2a465,delivered,2018-05-14 20:42:16,2018-05-14 20:55:40,2018-05-15 13:00:00,2018-05-22 15:14:45,2018-06-01,15882da2ceaee1ae65fffcca05f1dadc,2018-05-14
bc5b4da3794a8550eecb2faa39afaab8,c2ea07497b125b9839363147879118ef,delivered,2017-07-22 11:43:30,2017-07-22 11:55:20,2017-07-26 10:27:52,2017-07-31 14:23:02,2017-08-15,a3021c629bd1d99347a8e75a9ab035d8,2017-07-22
cf60237e0bdc9a72ab4563e4b11783bf,fe1194538300719835b59d540f2e1904,delivered,2017-08-04 11:36:35,2017-08-05 14:05:24,2017-08-07 18:18:31,2017-08-09 20:05:14,2017-08-24,b138f736fd2e7162cbee29b5d691f95f,2017-08-04
8f702483ec7aee668f059ef71fc07a5c,92c571345f38bbf1b6610b5fa6c4ce3c,delivered,2018-06-12 17:39:07,2018-06-13 02:36:56,2018-06-13 14:32:00,2018-06-18 21:38:29,2018-07-12,2d8130154b8cbd2e4095af1100e8c344,2018-06-12
4e75e99d66964a3e4fa1a57499582688,9a391277128ca32d4ef8473910faf70a,delivered,2017-12-03 18:18:16,2017-12-03 18:32:52,2017-12-05 02:41:44,2017-12-19 02:22:54,2017-12-27,51311827da3ef5b5814be3d4e7e7e1ba,2017-12-03
f67fabe20644d465a18a73680bc9b341,6775f5798cafadd32fc2e3faa83124b3,delivered,2017-05-25 14:45:01,2017-05-26 06:35:22,2017-05-31 11:27:15,2017-06-08 05:15:43,2017-06-14,6d2716bce14cb19fa1fc5d55f25d9676,2017-05-25
d59ff07b4c44d8924d08a48d8eba4c4c,3fd29fb920bec834ceee06e70fa9dda3,delivered,2017-12-09 21:37:24,2017-12-12 03:39:31,2017-12-15 14:51:56,2017-12-20 15:42:10,2018-01-04,7902cd1145bb7d876512310c3baa3f01,2017-12-09
4d544ef55956dd8aadf1162dc1b82ae1,50ffd1f49d653ce5b5d70d54db3468cf,delivered,2018-08-20 10:09:33,2018-08-20 14:55:28,2018-08-22 22:07:00,2018-08-23 18:45:45,2018-08-27,ad923bbe4abc7df8a0c419ecaf100bf3,2018-08-20
f1b3809a1da6d290236e12617e8be778,7c0db6cf652a60942237dd7237b56710,delivered,2017-11-24 22:36:53,2017-11-25 01:31:39,2017-11-27 19:06:40,2017-12-26 11:40:29,2017-12-14,32065a4e64a3703330000641318293d1,2017-11-24
f5662da1743a5f7589fe85510a24e197,d4a2823e14df7fb54dc7316631a5a117,delivered,2017-10-19 00:01:10,2017-10-21 03:07:31,2017-10-21 14:43:30,2017-11-06 19:33:11,2017-11-09,6502858edf3c3a62198579d461cd16e3,2017-10-19
bb7c6d87a72c89ffafb1bef12c4e23d4,e706c3c8520aea8295103ab2f84878f3,delivered,2017-10-03 11:27:20,2017-10-04 11:38:34,2017-10-05 14:36:12,2017-10-08 14:56:18,2017-10-27,aa2630ebac79aa0c7749370b705121bc,2017-10-03
73449c4661293c6fa98e4e035451a8b2,c10948fe5d50f2cd031d4db6a153b35a,delivered,2018-01-27 18:48:57,2018-01-27 18:59:28,2018-01-31 19:25:50,2018-02-15 18:26:48,2018-02-20,0fa015c51a73b0ecf8b554b0cfa2edd0,2018-01-27
d766e3aae9fe7c4abb652d767d0811d6,c95f04df0950db371171123b5675448a,delivered,2017-04-18 12:24:29,2017-04-18 12:35:25,2017-04-24 15:35:45,2017-05-16 13:43:48,2017-05-25,00cc7c54469f4177319d6bb12e883652,2017-04-18
9edbcf5056f3301b0fcaf1dfe914873c,8a742a9661168a6785b8384e55656a99,delivered,2017-12-21 14:54:55,2017-12-21 15:10:09,2018-01-05 17:07:46,2018-01-20 16:09:02,2018-01-17,73c1d327ec0bfed3c3d1a7f0a77d891f,2017-12-21
67119966e190b3d2f210b4f9117395f1,dc88964a1e5894c245746322038bcc5e,delivered,2018-06-28 21:40:14,2018-06-28 21:51:10,2018-06-29 14:19:00,2018-07-04 19:08:28,2018-08-01,dc963e3941670c11b54d802f56edb841,2018-06-28
b862a1e68c1c8f2061c407aa9320c86e,26ff2ad5fc82c54dc0784ff1819f82a0,delivered,2017-06-13 15:17:06,2017-06-13 15:25:19,2017-06-14 14:16:56,2017-06-16 18:33:43,2017-06-27,3830512a5415f208e378c6728726ea3d,2017-06-13
0d85f60a7eb6eff92a2c8363050cc7b2,abb2c6c3156823bffa1f8100bc9d5b34,delivered,2017-12-05 15:01:00,2017-12-05 15:31:00,2018-01-15 23:22:27,2018-01-23 10:48:59,2018-01-18,1b9c0988bccb820c5ae423e3205c00a2,2017-12-05
b8ddc399e43d44b438e323ca1cd368c0,c1507b00b2af515ecb680ca0a2438680,delivered,2018-07-10 01:51:19,2018-07-10 02:05:17,2018-07-10 13:05:00,2018-07-12 14:26:32,2018-07-18,81936ea8a94431b4ccddaf0207921467,2018-07-10
8d5ec251bb6f44f7c0f2d1d272515379,a193f232b6bd30e4d5d62cdffb9762cf,delivered,2018-03-16 20:13:02,2018-03-16 20:28:11,2018-03-19 18:36:39,2018-03-29 13:38:47,2018-04-11,898b83000068da11cc8c07fcb54570b8,2018-03-16
16e21364101f2b6afe62e2f9ac065676,cfdc1f57372cc4354b3b2b563a75f02d,delivered,2018-02-17 16:54:45,2018-02-20 07:11:10,2018-02-22 18:29:25,2018-03-03 19:04:10,2018-03-13,7160de3316c05aae138d7fcf5bb12520,2018-02-17
7fa8926e5fcb57beadd6baadcc093689,2264974950820d368356210a139ea46e,delivered,2017-06-02 22:09:12,2017-06-02 22:22:59,2017-06-05 11:37:44,2017-06-14 18:18:09,2017-06-27,3a849e2a57677842fbd689f6171528dd,2017-06-02
36df1febd8576ab575d84abc70295511,2f059662cabbbe808822d7e696a6b1a6,delivered,2018-01-16 15:08:30,2018-01-16 15:18:27,2018-01-24 01:06:47,2018-02-07 14:14:35,2018-02-15,6000bcf9cbc383ee27ff08d88d23da3a,2018-01-16
ef9ea4b4cada599cd536834c525d980b,7eddec841ee86496bd3f41f55211666d,delivered,2018-01-17 10:05:20,2018-01-19 02:38:51,2018-01-19 15:29:25,2018-01-27 11:45:00,2018-02-14,3cb1a804f7cc425c2aff507f1359ee33,2018-01-17
90c7853be7f369fc75f40f920e13d883,f65f9be353d7700fcb0f3883af7c0f19,delivered,2018-05-08 19:28:10,2018-05-08 20:15:30,2018-05-10 18:29:00,2018-05-17 19:41:43,2018-05-25,8b86b576be339cd8a3cc9672b56e0c56,2018-05-08
505b77e04872f9f03ae71d4f75f43af4,ffcdcb5ab4283658114e8077b9340a16,delivered,2018-07-03 17:32:52,2018-07-05 16:31:43,2018-07-04 08:41:00,2018-07-05 23:26:46,2018-07-16,45c9df018f25455e3fa5ee4f5e9ae048,2018-07-03
8c6eb35c6bb5e1a9dbf00531ab9404e3,5679d50d0154613a2fe16d2fe8fdf33e,shipped,2018-04-06 12:17:13,2018-04-07 02:50:13,2018-04-09 20:04:19,,2018-05-02,b5dc7b035bbfeec18392f1f7ba232b77,2018-04-06
de9330ec1dd0af0751b5c24b612917d0,189126a15eeb07b4674a81048ff48071,delivered,2017-05-30 22:47:35,2017-06-01 04:05:23,2017-06-05 17:24:35,2017-06-13 12:52:35,2017-07-03,680ca35cabf1bf499f57eb42fa15f175,2017-05-30
13ab319681acf383730a6b28363c36fb,53c80343e108dfd723bdfe2628b9f575,delivered,2018-04-04 17:27:59,2018-04-06 03:10:20,2018-04-07 00:47:38,2018-04-12 17:29:43,2018-05-03,9337bfefb11c6226c50a95fb6593ded7,2018-04-04
d14be34d97ddedb3f0b7379757f862ae,1b82007e71296201322c8a836ad49a8f,delivered,2018-07-14 14:46:54,2018-07-17 04:32:07,2018-07-17 09:54:00,2018-08-07 17:43:53,2018-08-24,010a0365ab237a5e2fed9d945121b627,2018-07-14
01ad4f241a16bff724de081b558f0f4d,64189e336678007d8130fcd712d4a2b0,delivered,2017-02-09 18:47:17,2017-02-09 19:03:50,2017-02-17 11:56:11,2017-02-24 12:38:04,2017-03-24,d5cd8c8a56c919f61c94c43f3557c1b6,2017-02-09
63706f4e2ad2fc1c9fb8562c5702e8a1,d5801b1facc46f4f2ed5c356eb755e5d,delivered,2017-11-20 19:44:38,2017-11-20 19:56:24,2017-11-21 17:02:41,2017-12-04 21:33:07,2017-12-12,b4de198e39879b4f55679df93beb1e8c,2017-11-20
caff2fa75ad73171c404614d5560423b,b7d022f3aee58dcee675bb2132d57abb,delivered,2017-06-12 21:33:10,2017-06-14 02:22:33,2017-06-19 08:12:08,2017-06-27 15:38:37,2017-07-13,2f597b39faeafadbd19273a9be5d18ed,2017-06-12
c38d701768413a3f8569e83aac1a3179,38da30c823492d655d0779e26e6d477e,delivered,2018-07-28 09:44:17,2018-07-28 11:35:12,2018-07-31 14:36:00,2018-08-02 02:03:31,2018-08-03,844022059684e7a51ff0a093fc43c33e,2018-07-28
66ba1f6b62ce41c1e795df867682d1be,6513d90a63f4b94c65c7b39a8205a75f,delivered,2018-01-18 13:03:35,2018-01-19 02:38:48,2018-01-19 20:17:43,2018-02-01 20:14:31,2018-02-20,a4ccd4b0c5e09ea0d915740f5e1a5870,2018-01-18
106035bdd659c0a04d902135f4559663,a7410e333c8f541c9da1eff4b762de0d,delivered,2018-01-14 13:38:15,2018-01-14 13:47:33,2018-01-15 23:35:50,2018-01-26 17:12:27,2018-02-05,e380e5fe4b057596c3d126fec35b0112,2018-01-14
597fa94ef8eb873a3b8d4191931fcdeb,4fd9411ca561e17eb8630b243a940853,delivered,2018-08-18 17:46:34,2018-08-18 18:09:50,2018-08-20 14:11:00,2018-08-27 18:27:41,2018-09-05,94e81a0c24d50092623b2f5e8d5d88d6,2018-08-18
760c14a17f69f500a5d012b967e1a093,fcb1f9fb9f5e108be9fbb059baf5d456,delivered,2018-02-21 16:23:02,2018-02-21 16:35:25,2018-02-22 23:53:00,2018-03-06 00:16:58,2018-03-14,88973a13fc36f1eb433b6691e962547b,2018-02-21
3016aab208504e35592823875a18d588,eec852bc54cf39e34bf8d29856df9be5,invoiced,2018-08-02 18:23:42,2018-08-03 08:15:50,,,2018-08-09,afd8d5e8cd05a34dac8cd8cec84d343d,2018-08-02
48eb2e811b9e45fe519111b4d98a65af,04250863b38e151d17f448a28174e326,delivered,2017-08-22 17:15:07,2017-08-22 17:32:50,2017-08-28 21:27:52,2017-09-06 16:37:49,2017-09-14,2707bb9edf1ecc4ca7e6e62404b30eac,2017-08-22
3584d93ec7610facf103828da12da2f5,0ac36672d28d61ebe5ae59cfa1ea6291,delivered,2018-01-03 14:53:41,2018-01-03 15:07:34,2018-01-04 17:22:35,2018-01-05 12:59:19,2018-01-19,5bffc788e7d1481ab835d84bc7df4b7d,2018-01-03
94acd425f088b17d675c6f8801f9dcfb,1d2e7f83429d507b35c9ea68731ca3f2,delivered,2017-09-29 13:41:11,2017-10-03 03:49:15,2017-10-03 18:46:44,2017-10-12 16:17:24,2017-11-03,d395004c9864c011914da2a11a856962,2017-09-29
7a4fa3c26b5a8846a34da9564571212c,03342982485f39b4f1bac62e70ab6ff7,delivered,2018-05-19 10:58:30,2018-05-22 09:15:28,2018-05-23 15:21:00,2018-06-04 15:36:44,2018-06-08,a017de101a9c4fab4995c1bc81e737ea,2018-05-19
5c5372ed5680de60cbf2fe6c15deb92a,9e1c22714e8a39cdbba6c16ef221e6e2,delivered,2018-06-05 18:48:39,2018-06-05 19:13:49,2018-06-11 05:03:00,2018-06-19 02:44:33,2018-07-11,fe969bc8faf45d5a27cb7f3dd3bd5922,2018-06-05
e3bd7dc2201f2a5a9a0f68bc33f92f35,0493e61ff10b220ec4799578e4cb7e96,delivered,2018-03-02 09:11:23,2018-03-03 09:10:21,2018-03-14 20:47:41,2018-04-09 20:33:02,2018-04-03,01147fb2cf81b69cdcfdc1ac4c6fae7e,2018-03-02
a8011c5b1b6536063a53c05cabf56bb0,e8b75845a700bb574b2346b8f489736a,delivered,2018-01-20 13:31:12,2018-01-20 13:42:13,2018-01-23 00:19:03,2018-01-24 18:49:05,2018-02-09,7983fe58c2fbc0c8ef3ebd2afc39a7cd,2018-01-20
08a547386e268879b689fca252e6a334,816ad722b2de1efdbe48f97d120bbfaa,delivered,2017-11-12 18:23:06,2017-11-12 18:35:52,2017-11-16 19:36:04,2017-12-19 22:44:58,2017-12-12,26c6ce4fe5832390bc851493c8fcfac4,2017-11-12
90ae2acb5c326eaeafc0565e38efb480,9cba271d5598b61adfe3c1774eb6938e,delivered,2017-07-22 12:16:06,2017-07-22 12:33:31,2017-07-26 10:17:43,2017-08-08 13:55:55,2017-08-23,83d7ce850affd631c13afbdb4dd8153a,2017-07-22
b9fa782d4918580e25b6e3b516a55710,a04716671ee5940d3e3fa0c3fbc939da,delivered,2017-05-16 10:49:27,2017-05-16 11:05:10,2017-05-17 15:00:15,2017-05-23 12:42:16,2017-06-06,096e351116755fe4c3c1e48eaf301a41,2017-05-16
f8c23d339c140eddae8418d518af8497,744cb93cf2ab57936f8dd243617516e8,delivered,2018-03-02 08:33:32,2018-03-03 02:49:33,2018-03-08 21:09:36,2018-03-14 13:32:11,2018-03-20,0064a1b5f5cddd047c987b988a90c8c1,2018-03-02
facb2c7bed40680ddfd5271afdf5730d,6e765b37aac4ad6454657b99574edd1a,delivered,2017-11-17 20:12:23,2017-11-17 21:15:54,2017-11-22 14:33:14,2017-11-28 20:10:40,2017-12-11,437e41dea647ab7790722eb277c1fbc6,2017-11-17
1930384017f3832931c87efb27d455f7,612710bbe8a65f14327ffb3bb51b208a,delivered,2017-04-28 23:11:40,2017-04-28 23:22:46,2017-05-04 11:52:56,2017-05-09 14:52:23,2017-05-22,5d7ece4f7e312b7f234c125ba99d0d46,2017-04-28
19a0bf5e25218efc09e3b4e6b9f55c0f,22097da834760ca931dadf04cae76bbc,delivered,2017-04-24 22:47:59,2017-04-24 23:02:19,2017-04-25 11:14:15,2017-05-18 10:27:42,2017-05-22,a71b62e958014c5490ac589d7739ef22,2017-04-24
055da72c578d9094618ebb2712e161e9,dc81c6b47698b1a98b24db60dd094325,delivered,2018-06-08 22:32:02,2018-06-08 22:57:17,2018-06-11 14:21:00,2018-06-15 15:26:57,2018-07-13,0deada6f42688db05dff922d7346cbbb,2018-06-08
24e6692466ddf26a9ae73fe5929f46db,ee5189d143d83904f10fad32111c0e09,delivered,2017-12-20 00:21:41,2017-12-20 01:31:30,2017-12-20 22:27:54,2018-01-04 18:17:31,2018-01-18,e20094551e72f37377d62d27b8114260,2017-12-20
8fd4e5a33fff72476612ed992e40725c,63126b6a8d50c28cfce0eff948f892fe,delivered,2018-05-19 01:13:16,2018-05-19 02:18:56,2018-05-22 13:38:00,2018-06-06 21:15:56,2018-06-12,aabeb9e2c6ee7463645066a03437ea6d,2018-05-19
bdf7a997a9edbbfbb3b06b5f13f1b23e,6ef2c4c294a75c907f1cb0de3382409a,delivered,2017-11-06 13:55:03,2017-11-06 15:31:40,2017-11-08 19:26:53,2017-11-14 23:12:15,2017-11-24,17323e6778c10b4a781bb9564ce5f498,2017-11-06
4fb04008f96cb74d5bd6bbc8600cb3fa,86cc0af6acddf198ff26add9318add1d,delivered,2018-06-23 15:36:52,2018-06-23 15:56:01,2018-06-26 11:36:00,2018-06-29 14:26:45,2018-07-13,9bffb252d8d222cbc853b4f36773d42d,2018-06-23
4e389f96f2675b7c829d5f9bc2d9fd70,dd60c1a003b6f0c58d37985262256096,delivered,2018-01-16 12:12:33,2018-01-17 12:10:11,2018-01-18 16:37:39,2018-01-30 19:35:23,2018-02-14,ac1a52818037ff903c67c316eb872581,2018-01-16
2f5c5719818df4d83050dd5174ca0288,1be3deb75d2f1f4fdfbd22c4650136f6,delivered,2017-04-17 10:06:22,2017-04-17 10:22:27,2017-04-18 14:48:18,2017-05-05 14:08:12,2017-05-10,d144a54689821ddb869b47752b536cef,2017-04-17
c3fdd79a248296dd41d7369eb034db97,c56908e1041936843d95e0aae415f155,delivered,2017-07-10 17:01:00,2017-07-10 17:15:19,2017-07-20 20:44:32,2017-07-24 17:12:26,2017-08-07,a5c773eb6e74749ab5fea064053a2d58,2017-07-10
9a3deb474c6a3f4fbdf3252718392c47,44531082b3d85aa153e1da6af94114f9,delivered,2018-02-15 17:55:55,2018-02-15 18:07:12,2018-02-16 16:42:22,2018-03-08 19:39:28,2018-03-02,f31f7af539e4de2601c4c2df9dc9924d,2018-02-15
f587df50c2e86f1ab4e775486ed04d94,e67c59b16955238fd5111eefcb0bc8b7,delivered,2018-05-07 11:01:19,2018-05-08 04:14:47,2018-05-11 17:48:00,2018-05-15 20:21:09,2018-05-25,74d8291c0c43709cef359630dead2eeb,2018-05-07
0573f0fe44a09808d06e716ae1a478ed,6b6432e5ac54b7e774417246c1e9bbde,delivered,2018-06-23 16:55:16,2018-06-23 17:16:00,2018-06-26 13:06:00,2018-07-02 17:41:58,2018-07-16,cb957f961fd2d8502b97aaeee4dfc5f3,2018-06-23
bae8217e6bc5d06c5c5172a3811ae2a9,5221224406c250c2fb5dd9be7dc5c069,delivered,2017-05-18 02:32:05,2017-05-18 02:45:06,2017-05-18 08:26:44,2017-05-23 13:08:45,2017-06-13,ce3545eefc7bc0ed9c37ba1504612777,2017-05-18
0cfb04a3e59f3ce319891d208135885b,b4c2400d9d123e1e2a5db502dac3c328,delivered,2017-03-04 12:01:29,2017-03-04 12:10:25,2017-03-06 08:49:59,2017-03-14 10:55:37,2017-03-29,db763c0a0bf80e06d26e0a5896621052,2017-03-04
862aee1420df82c0e95e06c154aef9ce,4a1d04ab251480dcdcb41df0c5e41e92,delivered,2018-03-27 16:47:09,2018-03-27 17:11:17,2018-03-28 23:11:20,2018-03-30 00:06:27,2018-04-09,1413ac28a13bd2fcad444a54af3886d5,2018-03-27
c35f44a2a94147bfcd074dfa5f2f174f,8b98de84d54b0d4467a2c66541602658,delivered,2017-05-07 20:22:16,2017-05-09 09:25:16,2017-05-11 12:19:48,2017-05-19 15:52:01,2017-06-02,523730e4b2ef7654c243699b81763112,2017-05-07
546b9703cec4a0b57e4573d7ded4ae12,2b1aeba2eecc28cc25ea11c0fb348706,delivered,2017-08-05 16:44:46,2017-08-05 17:20:12,2017-08-07 20:26:33,2017-08-15 18:53:01,2017-08-29,2849e49e72da42e35150234ef5a9d2cc,2017-08-05
0a9c633395c19d5fa38b9e5313db37a6,13e0a2bb02a7e89185cb36c53db4473a,delivered,2018-03-01 21:21:22,2018-03-01 21:30:48,2018-03-02 19:52:12,2018-03-21 01:51:55,2018-03-22,a1b01fabc8021bbbcaf914595e62cc10,2018-03-01
fdd0f5240ca014963e5ae66b99423908,6fda5c34bf092616b341cde52d2884f8,delivered,2017-11-24 22:33:21,2017-11-25 01:15:04,2017-11-27 20:06:31,2017-12-05 20:09:59,2017-12-14,a110a3eaaec5a03917b96c452c705efb,2017-11-24
cb53cf5b28f49e1d2f166c5abe50c31c,dfef0c87a6114369b86fbfa404a69428,delivered,2018-04-24 18:43:30,2018-04-24 19:23:43,2018-04-26 07:40:00,2018-05-05 13:06:44,2018-05-18,7b62d903c67543bbda0c08d6954e9726,2018-04-24
2cd2c33cd5532a92a508168bd185dac4,7db5588210cbd4f7467cddfd99cca18b,delivered,2018-05-09 14:15:19,2018-05-09 15:11:19,2018-05-11 09:57:00,2018-05-17 12:17:40,2018-06-01,5c07d560b461fee2201e00fdc231a1c8,2018-05-09
9a54562498faf18f39a0e387976e11a5,7fe2d7e1ec48a4a9bf1a46f784fbaae7,delivered,2017-10-10 15:18:45,2017-10-12 02:51:05,2017-10-17 22:49:41,2017-10-24 22:25:45,2017-10-30,73f01f6a8911a8a99e960ef151466ae0,2017-10-10
8f9a2b39ed1912e66c289e8e1265b0db,8880908f690e294c94cb70c761f854cd,delivered,2018-03-26 09:33:35,2018-03-27 04:08:34,2018-03-29 16:25:34,2018-04-14 16:59:39,2018-04-30,5904e9893ce1f14814fe520245224682,2018-03-26
6680b708c88b83d3a02d475faf4d9b0d,137982ccd37332e9f2257099a5ac9820,delivered,2018-07-26 13:09:48,2018-07-26 13:24:23,2018-07-27 11:15:00,2018-08-08 15:33:42,2018-08-16,3d9c211b025d7bb8837440ea8bd2eaa5,2018-07-26
774847476ad545e9bcb605a75dd40de6,97e0d5ec767e81e08e764aadbcb96206,delivered,2017-09-22 18:07:29,2017-09-22 18:24:33,2017-09-27 11:13:21,2017-09-30 16:32:40,2017-10-23,4f55b0df4702aaad2c50ea5e061b53ca,2017-09-22
39bb6b8fd2355d062fb76cac478fe497,cff1a732b941ddbd23d5077665a42e93,delivered,2018-03-30 23:32:46,2018-03-31 10:48:08,2018-04-10 21:42:44,2018-04-16 20:32:37,2018-04-18,d0756d8c34788cd16a00d6d7c942c01f,2018-03-30
1cfe8d413eeb99641193432e99568f61,b58ba2d9ed6e045b114e7e6bebbebf47,delivered,2018-08-19 19:57:42,2018-08-20 13:10:39,2018-08-20 15:08:00,2018-08-21 22:38:44,2018-08-27,e5f5af6441c76249e4b9f69b94a767b5,2018-08-19
d3af71699c0148f9a9936cc5af86da14,69aa42ec20d4e4c21c533d5fcaa195d8,delivered,2018-02-09 13:50:05,2018-02-10 14:08:23,2018-02-14 19:51:46,2018-02-16 18:33:52,2018-02-23,e0d9ca0e8132f98f1ab5a4d55b0b369d,2018-02-09
feeaaeb6a99fc794212a29c84e6d527e,8abd8440d6a20d04de36f9030a6f7d44,delivered,2018-08-27 09:29:33,2018-08-28 07:05:19,2018-08-29 13:53:00,2018-08-30 19:16:42,2018-08-31,6757405dfa01aafd65a4745688e9c816,2018-08-27
f095f540bdb49344ad5fc17cc494e88e,71e967055e467e16c1331aafd66b8e05,delivered,2017-09-16 13:26:01,2017-09-19 04:05:47,2017-09-21 15:29:22,2017-10-19 14:30:07,2017-10-06,0f9f27181c40055d05fad67ca71ae408,2017-09-16
6b27e5ad651611d9467a393681ee0f7c,50e257d191477a5ab91a2fb5e321430a,delivered,2018-07-30 13:59:38,2018-07-30 14:40:15,2018-07-31 13:11:00,2018-08-06 21:56:42,2018-08-23,6d20cbea5470080612d5968224af7e10,2018-07-30
2b42f43d6ac3f6346b9f3609ca03ffb6,fd1e50f3ce2db50782c28634fffc4839,delivered,2018-03-20 20:26:31,2018-03-20 20:48:11,2018-03-22 21:42:32,2018-03-26 17:22:08,2018-04-02,cb28b157860cdc62c1e06e99a1e85700,2018-03-20
9ac8e7603c11157bde10d9121494b593,ba436f54e032969c460c78c4791cd316,delivered,2018-07-22 04:56:23,2018-07-23 11:32:12,2018-07-27 15:31:00,2018-08-01 21:04:02,2018-08-14,e5b86448d125ee2817796bfe970cd36a,2018-07-22
45a42eb665413dbf310344938ef485a2,cf2790b0e510cd5989c1e2fad7b058f1,delivered,2018-06-11 16:32:19,2018-06-11 17:02:26,2018-06-12 14:23:00,2018-06-16 15:47:30,2018-07-20,a4b6a03e92678c108c7490588e68666c,2018-06-11
0e3815fe1ff3637c9870015d43097b07,5d6ac0bc2b44cc75cc731f5a58a1fba2,delivered,2018-03-16 11:23:10,2018-03-16 11:35:31,2018-03-19 20:32:14,2018-03-27 12:37:19,2018-04-04,61343129b5a84f2e32a878927ccdff88,2018-03-16
1a0698c23712555ab9567f13d04fd704,ca42993a325d1171e3f5d7de645ad88e,delivered,2018-04-28 18:35:26,2018-05-01 06:13:55,2018-05-03 06:31:00,2018-05-07 19:11:59,2018-05-21,54e53d4b22f3a714fe75b265e172241d,2018-04-28
f71952473c83952e23fb55146d59bfe2,ceb81075157a116d7001ec98fdbac21c,canceled,2018-03-10 16:44:52,2018-03-10 18:40:37,,,2018-03-22,1a8a707f7d05821b8e8f952a1aa23e5c,2018-03-10
0f9cc7808799d149c260814488be8e26,d0671b3bf75048dbed34b8d0d977268b,delivered,2018-03-11 22:23:57,2018-03-11 22:35:26,2018-03-13 18:27:27,2018-03-21 20:42:41,2018-04-05,dcae66fde19e1d96f1a39c7f8f620a59,2018-03-11
e6b06b65581e20f97ce6a161ca7523bc,3f9b97f22484a53b7ce385119f4abc8e,delivered,2017-10-11 09:37:13,2017-10-11 09:49:23,2017-10-16 22:44:36,2017-10-25 18:23:29,2017-11-08,7aba2b0bf3a31d5e4b540790c4a33dac,2017-10-11
23858bdc4cab9cf5b5de163b1f12ea71,cd75b28ea8d1a20fcea43122a93c551c,delivered,2017-02-17 12:40:16,2017-02-17 13:05:27,2017-02-21 11:02:42,2017-02-23 13:53:51,2017-03-21,c14352ede8e9591c01fe88d6f4d6275d,2017-02-17
372fc04e6d43eb870979226848fa93a1,16aab56360dc6f3038a11945ae3f04f3,delivered,2017-09-22 09:16:29,2017-09-23 02:25:22,2017-09-25 18:07:50,2017-10-03 21:19:05,2017-10-24,5971177a39d41f2c0b62b8a0d4ccde6a,2017-09-22
5a2659fdf85dadabc979ad8b8c0d6ce2,346e4c4851420f6d7cd86655597a7671,delivered,2017-10-31 15:09:40,2017-10-31 15:29:44,2017-11-10 11:57:42,2017-11-18 17:08:33,2017-11-27,6d072aa6657bd7cdd0fb82d3f3600c9f,2017-10-31
67228d3b35b57e5bf9c1437f95652f2c,89ed25d65f84b1f97909a80ac1676090,delivered,2018-04-11 10:45:19,2018-04-11 11:10:23,2018-04-12 19:32:17,2018-06-12 14:49:39,2018-05-18,c2d5c990ca51674ef2ef7639de5a1f85,2018-04-11
ea244f8057c5a9f042e1bd9c70a7895d,a9873dd1220a45e8814c937107682236,delivered,2018-01-22 20:03:43,2018-01-22 20:16:35,2018-01-23 23:48:42,2018-02-03 02:43:48,2018-02-16,502f0373cb50eaa63f3ee03f931b954b,2018-01-22
c47e4de55f6735f7ddc4c6026769d569,d3f8f35f89101277e688d1965dca40b3,unavailable,2018-02-28 17:29:34,2018-02-28 17:49:45,,,2018-03-13,1d95e73c33e172b6e663767156b98efb,2018-02-28
a9f6addcdb232b9d636f61f71c683349,0d6bc6ebdbc1b267e8d7e11a8e70d455,delivered,2017-12-19 16:54:10,2017-12-19 17:56:20,2017-12-20 20:09:50,2017-12-29 03:43:25,2018-01-26,9a174e8de7a74b61a786e3f36c04b6ca,2017-12-19
f6f3648ab3e140b29823bbdb84a34455,d8fd788103297a589aa37f024dabba52,delivered,2018-08-01 20:59:36,2018-08-02 21:20:07,2018-08-08 17:03:00,2018-08-13 10:40:40,2018-08-22,20b05bc4bf55c5a39c092c9ae790d330,2018-08-01
923b32346120d8512fe32b6842bad3c1,b6b72958984ca6262d9ff5b54ed4d16f,delivered,2018-02-24 18:06:40,2018-02-25 18:07:48,2018-02-27 03:17:38,2018-04-09 19:41:50,2018-03-16,2d8dc3adcb2dedcf7039db423e694023,2018-02-24
9e860a19864471752519c222cb33c2e7,3b8dd8d67bbc9a2d4e150721d1f9a07a,delivered,2018-04-13 12:47:31,2018-04-14 12:50:54,2018-04-17 00:03:37,2018-04-19 16:34:36,2018-05-09,7cf46875b788a886bbf1e6df46f58189,2018-04-13
d6e170b889c3bb4770d46aaa63e498eb,961606fc288ebba02a054162558075c8,delivered,2018-06-22 15:05:24,2018-06-22 15:20:58,2018-06-25 11:23:00,2018-07-03 03:52:01,2018-07-25,b908a3fc56f62623043e1eb0fcf8fb8e,2018-06-22
5bd06bab48e0423fc35d1c236d48a6bb,42c0b09d094220a110c0e0e941f76f06,delivered,2017-05-11 19:17:49,2017-05-13 02:55:06,2017-05-30 09:57:28,2017-06-07 05:27:28,2017-06-22,527f7f3237fb1397c459701bc765b6f0,2017-05-11
17c552e9739b1fd0c1385b93eeb07953,7f96b51dcac1bbce7f6311b6688f70c4,delivered,2017-09-25 19:50:23,2017-09-27 02:56:47,2017-09-27 21:22:54,2017-10-03 18:26:50,2017-10-27,2459ba04d45e61598a246e78a6e71dc4,2017-09-25
cf543c73693f031709ec6defb524241e,a5558706ea2a4c375f22bf7efc9e8916,delivered,2018-01-21 12:29:50,2018-01-22 13:49:00,2018-01-25 00:14:47,2018-02-06 23:47:24,2018-02-19,63d608b6d160482365355e809e8ea56e,2018-01-21
fddd8f5e5947098f75c2967d7cb2c3de,d94db828db97b250116d6fe7d231707b,delivered,2017-07-21 10:56:02,2017-07-21 11:05:15,2017-07-21 20:26:43,2017-07-26 01:04:18,2017-08-04,2b7cd1f5cf8852cf8795b96fdde0ac9e,2017-07-21
4ad58fc3a9498d8ab0d1956c398883d5,6a20d585a8a12ef614665f1e3f7cae7d,delivered,2018-04-20 23:36:43,2018-04-24 18:59:21,2018-04-24 22:51:38,2018-04-26 23:42:01,2018-05-29,86c3c10a963fa90934d04e85e5eca123,2018-04-20
85c14f3be89a889592d53a5b8ff031bb,f5721b9d1b28be65390235aaf8576a30,delivered,2018-06-07 15:40:32,2018-06-07 16:00:15,2018-06-08 14:02:00,2018-06-14 16:51:46,2018-07-11,0f12bdaf9d46e2e4915c3b24c73f3ac5,2018-06-07
a86cb65b0731ea40faecfb11c9025045,bc34e7d3f5c7efe151681204a0057b7c,delivered,2018-07-25 12:20:14,2018-07-25 12:30:17,2018-07-25 14:29:00,2018-08-13 19:21:59,2018-08-16,cf795c78f7d812fbaaa16629fc7e35ee,2018-07-25
d543201a9b42a1402ff97e65b439a48b,971bf8f42a9f8cb3ead257854905b454,delivered,2018-08-21 10:00:25,2018-08-21 10:50:54,2018-08-22 15:21:00,2018-08-28 18:58:22,2018-09-10,958ac7760e5484df1496ba5833ab6117,2018-08-21
f8bbef6f308acd23949b5560c282ede9,dec8f3376f75b10b72542ec557a0dbe5,delivered,2017-07-11 19:22:12,2017-07-11 19:55:20,2017-07-14 19:33:38,2017-07-17 18:41:33,2017-08-02,1dd48d50cdfe8bc8e914020a6a37f994,2017-07-11
bfc5d96c97876c3ad4475491caf370b5,b6ecba17279ae565a422a06aed03567c,delivered,2018-02-02 16:52:26,2018-02-02 17:43:18,2018-02-05 21:09:09,2018-02-07 17:53:10,2018-02-26,a5b67864e732279c13f959f858ad73a5,2018-02-02
b058f625ecdea748969b3d9f508873fb,631ae9150948def4dfd72ad426e5fdf3,delivered,2018-05-29 11:16:21,2018-05-30 02:32:31,2018-05-30 10:16:00,2018-06-15 18:58:22,2018-07-13,120b30bc1bcce19c45e4fa7e7cc1d1e6,2018-05-29
a2a3515a501b9b77129df7bff1813e76,6545721ab602f8dd2ed740b17f7ea8a0,delivered,2018-01-24 19:40:07,2018-01-24 19:57:27,2018-01-30 17:57:00,2018-02-25 20:14:41,2018-02-20,b554e16287c8668cabc1d155184976b4,2018-01-24
58d90a8e6350bfd47d94056f4e47d190,19b0b4f4d16afacf338ab479fde55ac6,delivered,2017-10-18 12:36:09,2017-10-18 12:49:34,2017-10-18 20:51:43,2017-10-25 21:04:01,2017-11-09,01bf87cfe6b10b53c057c03b9e7d034f,2017-10-18
ddf16d77e858a32f36e10c289a28ef61,84cc013dd1790fdafb0fa598695cf3c3,delivered,2017-04-24 10:36:24,2017-04-24 10:50:08,2017-04-25 10:59:46,2017-05-05 12:42:39,2017-05-18,90c205b0bed658a20ba141d2960d6811,2017-04-24
9b50f7793de8963b9d86b762c0e8f05d,1a615d890c80364a251ca3671d9589ab,delivered,2018-01-11 08:48:06,2018-01-11 08:56:25,2018-01-11 22:56:03,2018-01-16 17:04:26,2018-01-30,e7bfaa9ce41830e085690fab3084f9cf,2018-01-11
14adaa967c795bb74d70ae4eafad8d3c,6f2f081626148a2af2c76cf5f3ee4967,delivered,2017-11-14 04:44:25,2017-11-15 02:35:55,2017-11-16 21:46:53,2017-11-28 14:49:37,2017-12-11,4c152f861c2043d56004084731c60878,2017-11-14
12cdb224996beb57ba2315faff824277,a3b0c31efc374019ab3bec5af3a769eb,delivered,2017-08-16 19:22:17,2017-08-16 20:44:51,2017-08-18 13:35:03,2017-08-24 17:20:07,2017-09-12,d23b19f8feeb563c45a4e43689bbefe6,2017-08-16
e3986fbe94481f46e166546a83cf8bf0,daa0e2cadf821900932ab0bcb99009ec,delivered,2018-02-01 15:11:22,2018-02-01 15:34:49,2018-02-07 16:42:54,2018-02-17 11:11:47,2018-03-02,60ea0771f14e51067b1898ff994cf261,2018-02-01
59d02be1c50fb6e6930cafd6ff6a31e5,7d645d57533e7cfafcae083fb0f1b509,delivered,2017-08-30 14:16:14,2017-08-30 14:30:11,2017-08-31 15:14:46,2017-09-14 18:21:44,2017-09-21,495fe7ae31686381c8145b2936e761dc,2017-08-30
49d125fe3b5d0a36b001bf900951fe9b,7724757cff7bca2013491936a3b09344,delivered,2017-04-30 12:18:14,2017-05-02 13:10:11,2017-05-10 11:08:00,2017-05-15 08:52:20,2017-05-31,4ca78f24f5fe67f9eb760373d100f78a,2017-04-30
2d1e0eb9e0a7cca7a2dfa3534743b833,801fc27d9fbae58f45134e8c369d3b79,delivered,2018-01-28 17:21:33,2018-01-28 17:30:05,2018-01-29 22:33:27,2018-02-15 02:22:29,2018-02-22,50db7e9b6d3b56e8e4deb64a0f482c65,2018-01-28
033abfda50a317e7664dc789031fbdef,cd0fd4a64915d508f069b0b5d612ac5d,delivered,2018-06-21 17:15:17,2018-06-21 18:21:04,2018-06-28 13:54:00,2018-06-29 21:41:06,2018-07-16,f560ca3ef0df021521ff6fb537483b2f,2018-06-21
d222cfedabc67eec700bfa61cd72216a,77c43b96370f1fc12c32a73629f20820,delivered,2018-06-13 09:50:49,2018-06-13 10:49:15,2018-06-15 12:29:00,2018-07-10 15:28:46,2018-07-24,1583c58463188e24b34ad957e510d7f0,2018-06-13
f08d7980164b1e1bf627217425f5efac,3a06200fd3d32a1e27587352f34c37d9,delivered,2018-06-08 12:48:16,2018-06-08 13:16:14,2018-06-08 14:40:00,2018-06-14 00:48:30,2018-06-26,0fe8abc497e13d68985a9d5eb7279865,2018-06-08
26a6d863d24d0d5bc79e4cfa85ebf566,ce4e4cd67d44364a45427521da9c03c5,delivered,2018-08-21 22:47:29,2018-08-22 22:45:07,2018-08-23 13:40:00,2018-08-27 19:40:44,2018-09-03,d6af3a349d5cd80c7076c5db650b686b,2018-08-21
50a1ba8563812deb5b911970468c9baa,3ef4000619707b4748f57bfef2243a88,delivered,2018-01-11 21:18:20,2018-01-11 21:28:21,2018-01-13 17:09:49,2018-01-18 23:59:31,2018-02-05,96239f6c7ae7b1606b85b42ee8dd9985,2018-01-11
928c14eb3a12d1f6f3bcf8e92c5da97d,b6d713341aa43613bb22cb5e7c2cf46a,delivered,2017-03-24 00:51:32,2017-03-25 01:05:34,2017-03-31 11:03:53,2017-04-03 10:47:31,2017-04-12,5fb6501e19cae6167698a7753a73f36c,2017-03-24
37e5806494067b6dcc269c80c272eab2,e673336c4f14e065f1f05d154ae50993,canceled,2018-03-08 16:11:34,2018-03-08 16:56:03,,,2018-03-22,832b462bcebd7bb6ef758c5b6c8c8848,2018-03-08
1c01cd54510efa1db113ee8354518f20,b04cc8e48980db67f9b78779e4265ba1,delivered,2018-02-21 10:58:09,2018-02-21 12:27:42,2018-02-23 00:16:53,2018-02-26 23:46:28,2018-03-07,16edd69e36bb037cf5a14d916a6efc82,2018-02-21
5e2d4869083414bb82d2e3c5ae2a4ec5,05e53f1437a94e4fa5dbef5eb5c0fcff,delivered,2018-08-07 16:50:59,2018-08-07 17:05:15,2018-08-08 11:30:00,2018-08-13 20:56:34,2018-08-20,01489018af4a609acb2fa2634c9ce643,2018-08-07
c8102ecf69e44a64b993aea77adad664,bdb11f4359b264ea2474110e64a7ec54,delivered,2017-12-22 16:25:57,2017-12-27 04:07:42,2017-12-27 21:14:19,2017-12-30 13:09:44,2018-01-18,af6f23ebcfaa795b732ac0a7cd27b302,2017-12-22
3d8add25381cd597c33ad196fda3c36f,896b6dbcf9dbb72a1a2a5c4ba2308eb3,delivered,2018-05-16 11:56:35,2018-05-17 03:34:47,2018-05-18 12:07:00,2018-06-04 18:42:00,2018-06-01,65eb842bca2b9de966e0666e0ae4963a,2018-05-16
c3f2036b1de806c740a50b53bc3255dd,25544c0b1f11126e69f65c038b45f323,delivered,2017-01-31 13:20:04,2017-01-31 13:30:18,2017-02-01 11:09:14,2017-02-17 08:21:26,2017-02-28,3a824266ae6ffea50aaff58c9e675f81,2017-01-31
6518924bc9a484b955e621ee87bc2b60,5029a2d8b52584f6a4ac26c17e7f024f,delivered,2018-03-23 14:41:51,2018-03-27 03:35:12,2018-03-28 12:13:21,2018-04-10 17:52:00,2018-04-13,505953fd10284b83b2bd312099bdb160,2018-03-23
bc1407516b972c301cdd874626028952,6ee2680b4ac6f001ada0350a7960b853,delivered,2017-09-29 23:34:55,2017-09-29 23:49:18,2017-10-02 20:13:20,2017-10-05 21:28:07,2017-10-24,462483c5762cc99a7c728dc2cfb8aaf6,2017-09-29
3ac75a8eb75c784facff9f6f405758dc,3bb847c18bde99f853838a4dce29bf9b,delivered,2018-05-31 23:16:01,2018-05-31 23:30:43,2018-06-05 12:31:00,2018-06-06 22:28:38,2018-06-26,1964f2b215ebb68671d893438e974b0c,2018-05-31
59b3620bcd4c286333b2db46533afe81,20ead49a5d0069bebe18affe91606bd6,delivered,2017-11-15 07:33:42,2017-11-15 07:46:04,2017-11-16 16:39:06,2017-11-17 21:52:58,2017-11-29,1dbbe60fd136caa3b2b8e2c9f5bc9db2,2017-11-15
36ea72943a97d3bf36050be233ae1151,1584f270a914dd9195bb62af01fee774,delivered,2017-08-26 10:14:36,2017-08-26 10:25:10,2017-08-29 13:14:18,2017-09-04 20:23:17,2017-09-20,2d536d8840d1835db262f21d094b78d6,2017-08-26
c5ed4a55e251ad5ceeb15a399999516d,4712646f4d45c108e2e6fe325b2069dd,delivered,2017-12-06 18:10:11,2017-12-08 02:54:32,2017-12-08 22:41:14,2017-12-18 20:43:34,2017-12-29,48231ad5b4e5b8943d02ba5ea6e4a56b,2017-12-06
7df3c095af94aeda50060d0f9ab510fc,c99dd496b457bf9c90247d060ce568ab,delivered,2018-05-16 23:27:16,2018-05-17 00:18:31,2018-05-19 07:50:00,2018-05-23 18:12:10,2018-06-05,c84c8ac4dcafc7aefe37b07a9343320b,2018-05-16
fe8557bac7755475950823aa9b15ebb3,e3f74d4cbb4beec5b8b77095cd256b99,delivered,2018-05-12 22:43:27,2018-05-12 22:55:09,2018-05-15 07:55:00,2018-05-16 18:05:29,2018-05-25,17e9e299ac97a0bdb89e14e62f21b179,2018-05-12
807c258c31674da775e91946b8c5bf7d,ed29bcc5a5d83815eee31ebe14b54d37,delivered,2018-08-12 22:33:04,2018-08-14 04:24:29,2018-08-14 13:23:00,2018-08-17 21:11:44,2018-08-28,e284f3f7b415f669d71b7aee29252d73,2018-08-12
a32c5756d7fb7e6d103041a266e950d3,7b6b0d2de851a700547c7c2a311b17c4,delivered,2017-11-14 00:32:47,2017-11-14 00:51:00,2017-11-14 13:57:41,2017-11-23 22:10:24,2017-12-07,1534378e7de29318762e9100015c2704,2017-11-14
c7cd86aeda4c39ec84a0be2ed480add4,87df016a69011e435f04af2d43a129ec,delivered,2018-02-04 22:19:12,2018-02-04 22:30:30,2018-02-06 17:18:40,2018-02-15 18:55:07,2018-03-07,d7840f0a36a06dd6bfb372e185dae4e5,2018-02-04
1480130e23141d8399f31672d874d60f,ce8a9ed03d7dd90cb8fcc84b145f844f,delivered,2018-05-17 18:12:45,2018-05-18 03:34:27,2018-05-22 17:44:00,2018-06-09 14:54:39,2018-06-08,d4cae1bd247d18f7087de62393391fe1,2018-05-17
58e801ec0ca7a3f8f17a61342bf09e88,10ff941e2e8aa6856dd1a89a45395fd6,delivered,2017-03-13 15:34:51,2017-03-13 15:34:51,2017-03-15 10:55:26,2017-03-21 12:55:03,2017-04-03,ffa17ff63f95ea3c838670e61d2666e0,2017-03-13
11527b2b9050d7d593db2acc395b9e24,7d020c470e6de8c70869fab668046a73,delivered,2017-08-25 19:17:44,2017-08-29 04:50:35,2017-08-29 18:04:22,2017-09-06 17:54:48,2017-09-21,9259b15717556b7446122d922a1cfa76,2017-08-25
2f1a0775fbeb87d4cc9d66070ce0f897,3cebb5418614be0993ffaab8fd88b066,delivered,2018-02-07 11:26:49,2018-02-07 11:51:18,2018-02-09 00:56:44,2018-02-15 22:29:50,2018-03-06,e55d96f088e39aebedb3e743aca6d313,2018-02-07
f03d4c42614d34cdb6c5717fc24032aa,d03e9645f1b0c62634f4027fa3ca4999,delivered,2017-04-11 14:47:37,2017-04-11 15:02:09,2017-04-12 16:08:28,2017-04-18 14:54:49,2017-05-03,ec39b22389dcd5f81de148034175ee2e,2017-04-11
77bebd4675a69e173b4fc0b4cbc38ae4,212bf860ff1728f44420899993139ef9,delivered,2018-02-14 13:18:52,2018-02-14 13:30:20,2018-02-15 20:16:37,2018-02-16 20:43:17,2018-02-22,95fff4a89f72c360c56ffb33713bebb9,2018-02-14
e7be153374ee8b86fa16cd500243fe79,5105fd96cb2705ba6d8b38955cd7e777,delivered,2018-04-28 19:46:29,2018-05-01 05:54:38,2018-05-03 14:55:00,2018-05-09 21:14:51,2018-05-21,bd8dd7b3bbeb226801d4d90ec30225f5,2018-04-28
a437e36732c69e10d37e63bacbb1fe38,43faf5b056faf6011ffd281cc9770af0,delivered,2018-07-23 19:21:09,2018-07-25 03:04:39,2018-07-26 19:31:00,2018-07-28 19:41:01,2018-07-31,1a48fa7d9b21a45add445c6d57420d13,2018-07-23
2d2fa725a6a15bb11defd40be0a0f79e,757c2dd6ddfe021260303dea1b58b33f,delivered,2018-05-15 07:55:19,2018-05-15 08:12:41,2018-05-17 12:37:00,2018-05-21 18:29:03,2018-05-30,670938c07220d50e8f258eef5f3e6872,2018-05-15
aae6432b1c1a2deae58567621da9d957,45f2eb7dd794a9250ef2b9f2c8e60606,delivered,2017-11-04 00:40:46,2017-11-04 00:55:32,2017-11-16 19:48:25,2017-11-27 23:04:21,2017-11-28,c6c590ae0a0b256c4184b2a7352a6736,2017-11-04
468f886b3420ea7cdeba5a0fe4860886,978c86d7ea827356221eb64757a39f93,delivered,2017-11-20 12:47:55,2017-11-20 13:11:28,2017-11-23 21:51:31,2017-11-27 20:02:58,2017-12-11,b29d843f62c1dfc64c60642579e7c8fa,2017-11-20
1d7333d43cb82721ccd24b78ad520676,049f52ebc1b166994f1763e83455421b,delivered,2017-07-23 11:57:55,2017-07-23 12:10:10,2017-07-24 20:46:03,2017-07-28 19:37:46,2017-08-11,1d2c3c629d6a479c4bad9f355b188b2a,2017-07-23
eb740c3ddb7d9e9634b6394a5b7bd38a,896d40135ad6a37e0733e2e64995f54c,delivered,2018-02-18 11:25:19,2018-02-18 12:26:51,2018-02-19 20:25:13,2018-03-02 18:28:31,2018-03-13,480951a2ddc79bfc41df496cd1122f32,2018-02-18
4908cfa4f81ef32d94f2394f1cfbedfa,5f9ffa50c97b5c99894ca8f4fb0ff5af,delivered,2017-06-13 12:10:20,2017-06-13 20:05:37,2017-06-16 14:26:35,2017-06-22 16:10:00,2017-07-04,c2d3b935a9f246a1edf00661066603b7,2017-06-13
1c928abe3140f4705e73bc9ffe47e5cd,61488e7e90dbc5345b81fb4eb8fed669,delivered,2017-12-05 16:57:33,2017-12-05 17:12:19,2017-12-08 01:39:41,2017-12-20 01:48:39,2017-12-29,a7f21a9577f8813f7dd7c2b57c4ee7fa,2017-12-05
4212c4acae39b267aabc4696d873cbcf,80dfe2f69a889e178b3b4d964db72f3d,delivered,2017-02-21 14:25:22,2017-02-22 14:30:19,2017-02-24 13:29:55,2017-03-03 13:45:57,2017-03-22,d0b2f9c9f13d9048969517d02237b432,2017-02-21
ce9a2992255c9322f85dae692b8d4c11,6ee3974b13c2a09b020ec8028b25fcaf,delivered,2017-04-19 08:15:45,2017-04-20 02:55:36,2017-04-24 09:28:13,2017-05-05 16:04:54,2017-05-11,fb90ea90896231b734fe639d04801328,2017-04-19
a16e5d09309dd6b3e40a0c71da4861ae,a5c1b36e482bfd8a6653d0c63ed4a514,delivered,2018-03-05 21:26:27,2018-03-05 21:48:36,2018-03-06 18:37:50,2018-04-18 12:42:43,2018-04-05,e068acf8f9183375b8dbcba1c7ccc143,2018-03-05
18fc3dd5faa2ffbb3d8c6b84e8a3726b,1c0581eab1e3711b45b750357554895a,delivered,2018-06-03 19:52:10,2018-06-03 20:09:32,2018-06-05 13:44:00,2018-06-08 16:58:22,2018-07-05,89653940ac24911d589b4fbe062366d5,2018-06-03
ce6f76eb40949df0b5b6ef6936848d9b,0ed3394970c378e9243c2b7fb8efa496,delivered,2018-07-26 22:48:42,2018-07-26 23:24:09,2018-07-30 15:06:00,2018-07-31 19:26:37,2018-08-06,5a995876f96b9c5b16c690009e92ac6b,2018-07-26
bb01b380d61941aa0f175614b3e62dc6,8d157f0f4712e2106c44d2bc69e23567,delivered,2018-04-24 09:49:37,2018-04-24 18:10:37,2018-04-25 12:20:00,2018-05-18 14:28:30,2018-06-01,9d9c9d27d1111acc33f99a9c08aeddaf,2018-04-24
7dccea198365e4c9f616fbf3eef62fdf,f935073220d9b434fa07ed832985c724,delivered,2018-05-10 18:14:21,2018-05-10 18:30:37,2018-05-11 13:22:00,2018-05-17 21:26:47,2018-05-24,b90e381f03c5c0761ec20f287472738b,2018-05-10
0656252be8b31ab4b264a730f9e600cb,a553a10c8f858e664fe7cb71db0697a4,delivered,2018-03-07 14:11:18,2018-03-07 14:29:49,2018-03-20 16:50:18,2018-03-22 19:13:41,2018-04-04,5e107b75de89e62514473ed94a99aaac,2018-03-07
9b73a14423c28802182017b0c3295a4f,1555875adb702869814601fd4a7cbe75,delivered,2018-04-28 15:07:38,2018-04-28 15:33:23,2018-04-30 14:36:00,2018-05-03 22:05:44,2018-05-09,84d7ebc1c8bdfe28b9b835b189695477,2018-04-28
1308ad90597fb922916cd20eda3d53b2,3b9ad3fdf18e8d6dbd20533debe93e15,delivered,2018-06-25 17:18:17,2018-06-25 17:34:32,2018-06-26 14:29:00,2018-07-02 15:29:00,2018-07-24,510ddf711d3f6a5f78d19ee895a5832b,2018-06-25
51b60dccff0c2db54f5cba0f2ab3d302,5c05ebb5e96832fc06d7a50bb396a446,delivered,2018-01-06 18:58:54,2018-01-06 19:07:29,2018-01-08 19:32:47,2018-01-11 19:22:59,2018-02-09,da942da25a15efc001246d36625f8f90,2018-01-06
58a5f1cd9fe00f55e59bce96cdaf8c91,b1a4422dbfb3d003f6f905e236453b98,delivered,2018-07-23 18:30:54,2018-07-24 10:31:43,2018-07-30 13:52:00,2018-08-03 23:37:45,2018-08-14,12e4d61b2c856e2a0acb8048e353507b,2018-07-23
bf6a2df6b944199274254f8bb0159ec3,bbd54f68a29133fb7b765329a8f72a42,delivered,2018-08-03 04:27:46,2018-08-07 06:10:12,2018-08-15 12:03:00,2018-08-20 18:20:47,2018-09-13,535be5be128daa162973845876b8f0e0,2018-08-03
a59f95cd4c82c338e8ec01fd9af753f1,881a405c751425d875c534cc9b9633c9,delivered,2018-05-24 15:29:22,2018-05-25 15:37:52,2018-05-28 12:19:00,2018-06-08 18:26:36,2018-07-04,7e6b73ca13a846a38c86885e98a63ada,2018-05-24
95811675a89b66659996da5285a021db,5885969ba920706beb8d5381a2ba981c,delivered,2018-08-09 11:07:40,2018-08-09 15:25:22,2018-08-09 13:37:00,2018-08-14 16:21:43,2018-08-23,d714959800e10629872c11353cbb1913,2018-08-09
933152b06031ce4bee7095fea4cd6e32,3c99507a4adc8abe0200938654a09c68,delivered,2017-05-20 15:09:28,2017-05-21 15:15:20,2017-05-25 16:15:54,2017-05-29 15:52:47,2017-06-09,8faaed9a13b8c78f9e4a589fecc2748c,2017-05-20
8b4116b3c788f8fc49c7d5089ad2450d,da8d9d3bd106e29f61b9e916087fb1bf,delivered,2018-01-26 20:56:39,2018-01-26 21:17:11,2018-01-29 11:58:59,2018-01-31 16:35:18,2018-02-09,f8aeec5f2aa9a0c75a9f71140ab94cd3,2018-01-26
8abd0f2c3a61336c2ee97b2785175332,b26210baf58f3919747468874d88c53f,canceled,2018-04-19 13:18:07,2018-04-19 14:31:24,,,2018-05-08,f9802d95fb5d7d95151b9d082b88ee9a,2018-04-19
407b45a96cb1a7bdc352d2a499647b84,95478f5c3c6dd56be5a6b7fdbda36f6f,delivered,2018-03-14 22:15:27,2018-03-16 03:45:18,2018-03-20 17:44:36,2018-04-12 19:50:39,2018-04-06,d6790cba989a1b34d2044f342a1594a4,2018-03-14
4cb51127f19f7254b320efe1718477dd,2d1276417ffab1c174139789098cecc3,delivered,2017-11-15 20:58:24,2017-11-17 03:35:28,2017-11-21 16:46:54,2017-11-27 19:24:17,2017-12-13,3904ade0c6610a7c4fb9ec34259528f6,2017-11-15
6e00490e8e97e8522f6f3b2d440ec3de,98b82b93dbe7ba7a9cb13ed2dcc8dcd5,delivered,2017-10-07 23:26:44,2017-10-07 23:42:12,2017-10-09 20:20:18,2017-10-17 19:33:59,2017-11-08,7b303dd9441e59248bd0dd8b22c7da92,2017-10-07
d0f5d1785b4b1dd03967007b09457903,a8b1da1c1ea9d60a78b2c7efc08a9789,delivered,2018-03-09 20:47:26,2018-03-09 21:28:25,2018-03-12 18:18:34,2018-03-23 00:27:19,2018-03-27,e742cc1fa9947cbc217a8bc7327d68f9,2018-03-09
441162f9a6f1fb44588dea0f47eb713c,227dd231f7494e6387059693f3311899,delivered,2017-12-06 14:14:12,2017-12-06 14:32:03,2017-12-07 19:19:48,2017-12-26 22:28:50,2018-01-12,a89231cb8f92c83bd6ab5f5ba97e10fc,2017-12-06
8651a94589a7baddf5213b1703c98ad6,e5320aeab2efe67cfe3867c327294dac,delivered,2018-06-19 11:59:59,2018-06-19 12:18:30,2018-06-20 14:13:00,2018-07-20 16:24:48,2018-07-24,f226b323a26dc6e66d61c7d93d05ae4b,2018-06-19
7419b5c76392ae15b6fcf52012eb6d47,31ab978c12092ffec92a2fc830f741ab,delivered,2017-11-18 13:01:19,2017-11-18 13:15:31,2017-11-24 18:09:12,2017-11-27 14:32:18,2017-12-01,2af5c3d8f1e1e4a6b4f86d9d70e5e208,2017-11-18
f0f94b7c7548150f33f5d9e7597d396f,cb5a3d3dea83e4200af551141613ddab,unavailable,2018-05-25 19:17:35,2018-05-25 19:38:35,,,2018-06-19,82d30031771e168e3df9a1692a36f69b,2018-05-25
13d840efe9026dc20ab05e59663dff7f,6559eb1529fa374ff7f71a8f2b1e5405,delivered,2017-11-10 17:01:30,2017-11-10 17:15:36,2017-11-13 16:54:09,2017-11-30 16:00:22,2017-11-30,3f1964830dc088f26df369c464e6ad2b,2017-11-10
61b0d0e5364491e1c839a21fcfedc08c,343cdea7027e5f6e2c424a476e84a153,delivered,2018-01-10 16:16:11,2018-01-10 16:29:24,2018-01-15 19:20:22,2018-01-19 20:28:54,2018-01-29,ca8fdaed559d0265552e4deca348152d,2018-01-10
baafcf8bbc822606c52fe68cbe6b7149,643e88765c35e37d0edbc289d8ab310e,delivered,2018-04-25 10:23:19,2018-04-26 03:51:36,2018-04-27 11:08:00,2018-05-07 23:33:45,2018-05-23,7f50c43baa66aae590aa1a067427cce5,2018-04-25
882d810d98542e6512788b9a49d6d886,ec2dc6cc4dd715182e85b4e8bb9f3f63,delivered,2017-02-08 20:48:57,2017-02-09 03:03:24,2017-02-09 13:13:57,2017-02-13 17:05:56,2017-03-17,3d074e025564ddf1f59c4535a2170463,2017-02-08
260e68c397224107df7f6156ee6397b9,9db997475d52a7d1db44e91c13201361,delivered,2018-02-05 18:20:17,2018-02-05 18:35:23,2018-02-07 22:12:14,2018-03-02 00:51:33,2018-03-16,dd7b661999d6d8a5b007d8d90532f403,2018-02-05
9f14798abf751ab67e2f551d69880b61,bbafed830860c0e9a0c50b6371c462ee,delivered,2017-11-24 22:32:34,2017-11-25 04:29:53,2017-11-28 20:10:00,2017-12-05 17:09:41,2017-12-15,689cf1e279d37e48edddc2f34aef717e,2017-11-24
2570066b26e00ed5176a119c915623c4,5e23a311a9ccb1b00f9dfe1febbcd7af,delivered,2017-11-13 23:05:46,2017-11-13 23:16:14,2017-11-16 14:02:34,2017-12-01 23:49:50,2017-12-05,27d1399529ec2e7cd92e846e77009aa7,2017-11-13
e4c2e14a7b74c353045f9b611e4e87f7,fcd5e0fc4b76825fc852c397485d8e9b,delivered,2017-12-13 13:32:20,2017-12-14 02:16:34,2017-12-20 21:10:33,2017-12-22 16:04:27,2018-01-17,c8d8b3853ff0a31dab8a742b87ca8f4d,2017-12-13
f40832d895b3e03277b9ef60c23d323c,4b78148f94840e5bdc6f06d8b2362200,delivered,2017-07-31 19:48:44,2017-07-31 20:03:33,2017-08-01 15:54:31,2017-08-14 16:19:46,2017-08-28,e38e3c236313ab7ed6560e6d3876012a,2017-07-31
7f3329c837ba8107a556fc154276a04e,a610b70e49c8a60cff9007cfdb91bacb,delivered,2017-12-02 13:10:30,2017-12-02 13:37:41,2017-12-04 21:55:24,2017-12-12 21:28:37,2018-01-02,d64373464f775d6417a14d7c74f31857,2017-12-02
def7170630f9076d10d4506289972002,2c77ac8cf1437d47dbeec9040a99a42f,delivered,2018-02-27 14:33:45,2018-02-27 14:49:09,2018-02-28 16:22:32,2018-03-12 11:56:43,2018-03-27,2d2dff303a27fadc670dd6434d524afa,2018-02-27
378ff7caa9f4b20e2cc97285fb3d15dc,eceb20c8e43dbd9bfdd32f32e3b17bd6,delivered,2017-08-26 10:09:32,2017-08-26 10:25:09,2017-08-28 18:04:16,2017-08-29 23:14:36,2017-09-08,89fe78ab22aa254c10473de17c311451,2017-08-26
e93f4367da3f35244394cfc2af161368,ff53737545b992cfdf52fcfba37e2424,delivered,2018-01-08 23:04:33,2018-01-10 10:32:30,2018-01-15 13:24:17,2018-01-18 23:09:41,2018-01-31,0d1771baf76a8a0372257c5d494d3c5b,2018-01-08
7e30f6ae5435d7c05b487f7b5e1d61ba,c2ca5f569938a5f8a79e1f80f3800e3f,canceled,2018-02-28 13:16:08,2018-02-28 13:35:20,2018-03-02 02:43:53,,2018-03-13,5e25434639298a46d7f9e08c54dfbdd9,2018-02-28
d03a6c1b511d2fe0d229509bbfd51e6f,aa3e2a644a8a636be70d257d3d219555,delivered,2017-04-07 20:32:43,2017-04-07 20:45:12,2017-04-10 13:51:21,2017-04-17 08:13:07,2017-05-03,477865d456d01a59ba73500ef1e82e4a,2017-04-07
5be2326ca192b2612fd8d601f3981dca,cbcd51a7259d2e00eb88ed4ae42f9da2,delivered,2017-06-04 17:24:58,2017-06-04 17:35:19,2017-06-05 11:09:59,2017-06-12 15:22:23,2017-06-28,4e39429218dac10ad4e57dafee3d92d4,2017-06-04
283ab9feb81c894d77b6f7d9b3dcb32a,0b79f3d959c1308c5ac26ad7eceb2e9b,delivered,2018-01-13 00:03:20,2018-01-13 00:55:27,2018-01-18 19:13:18,2018-01-23 18:18:47,2018-02-01,46b061196b47dfe9318d38bab6a40ee7,2018-01-13
8ed355f30b1d3d5b82be51adbccdf067,7f2b76ceec1f858e132421269d77f7d7,delivered,2017-03-30 00:23:35,2017-03-31 02:10:35,2017-04-03 14:36:14,2017-04-06 10:09:56,2017-04-24,0fa6f1ec825308a8d4a9d64453979829,2017-03-30
415e206741f6c13328e16559b1b85b54,85332b37abb410374a7910d6211e91d8,delivered,2017-09-01 12:57:26,2017-09-01 13:10:15,2017-09-05 17:18:06,2017-09-12 23:47:34,2017-09-26,0723dde7b0d06ba0446ae7dd852084de,2017-09-01
28cdccd6158be1d2d9a246963df39be3,95507e03074813ed6495792938c27b0c,delivered,2018-04-16 15:00:38,2018-04-16 15:15:34,2018-04-17 21:56:54,2018-04-26 21:03:36,2018-05-15,b9467743ef3bdb1e53f18199f809ed1c,2018-04-16
f1e90bdf367334af6138b4bd29ab5f45,be3fb1099513e32c002c7855a40f09bc,delivered,2018-06-08 11:34:35,2018-06-08 11:54:43,2018-06-15 13:57:00,2018-06-22 09:58:30,2018-07-04,8be0e3177b16cb9aaeb93b7724f6760b,2018-06-08
288ca6904834f3c53b074ca4cf8ea81b,140986e1d09b23a0b33837c2cabefb3e,delivered,2018-04-25 22:00:54,2018-04-25 22:55:19,2018-04-26 15:23:00,2018-05-11 14:25:47,2018-05-22,0f9f79740bb384a8ed9ebe5867ae3f93,2018-04-25
fe10aebacf088c1a719b7818f2e2523e,c97b4ac6de671d4ac0268451487e1493,delivered,2017-03-17 13:53:46,2017-03-17 13:53:46,2017-03-17 14:25:54,2017-03-30 18:13:02,2017-04-11,4a0be916d9ff0a0d1bfbb502bd55323e,2017-03-17
def216a7e23176302ad2eb66d57a2f5b,96b77633df6af8e488d75d5a138d9923,delivered,2018-05-14 21:02:16,2018-05-14 21:18:46,2018-05-15 08:45:00,2018-05-18 14:24:46,2018-06-01,f73da9edd8e9ba848d3b95d6a659c5b2,2018-05-14
55aea3ae93b247a771d01bc39ae5ec45,f7c81fde70c898d6c1f8790c9da862dc,processing,2017-03-13 20:20:15,2017-03-13 20:20:15,,,2017-04-13,84ef2720b33d4ca5e5d547bef1bd2973,2017-03-13
51585e1d994a841c66c0da52ae3ce522,7d0d42828b50e02b5a4e2c9e95f94a4d,delivered,2018-05-14 10:01:53,2018-05-14 10:12:15,2018-05-17 12:26:00,2018-05-21 13:38:32,2018-06-04,779f7ec7155dfd74a8425e40c4d34497,2018-05-14
c6b8deadbb46bf659ad2ce2357396969,3a98b6b07067a82c428f574a415666e7,delivered,2018-03-26 11:51:12,2018-03-26 12:10:27,2018-03-27 18:29:44,2018-04-09 22:06:32,2018-04-12,ad7fb6adbaca43d8f095d703d5a2f686,2018-03-26
feb54f14f6bd742a2bbdd1d46a5ff7ce,cfa5ffde7c80073ca39bfd54da5d747e,delivered,2018-07-18 10:58:29,2018-07-18 11:10:20,2018-07-19 14:30:00,2018-07-30 18:08:43,2018-08-22,a3418c3b955ff362c037910de39019e8,2018-07-18
4f287ea2c7dbdf8e22d05ec70cc1b9ab,c96df6d3deff85d63641900cc83bd2e4,delivered,2018-01-14 16:07:31,2018-01-14 16:31:06,2018-01-15 16:38:56,2018-01-29 18:26:40,2018-02-15,405f45b1bd4820a68c040a07210d0d51,2018-01-14
e54b4e0bbf25f7c50de1f6c72875dbfd,3c843cbca15a4f5fd38e2877b695a8d7,delivered,2017-10-22 16:05:34,2017-10-22 16:21:14,2017-10-23 15:04:17,2017-10-31 20:11:57,2017-11-22,97722c2b6012cb98f10d39ba6fa6e1e9,2017-10-22
36760dfa6b15cbace6f34324bc4d52b1,fe358e310dbb69bcfc06224871577528,delivered,2017-08-27 13:13:45,2017-08-27 13:25:16,2017-08-28 14:30:26,2017-09-06 18:22:48,2017-09-21,18a70239bc8f3714d78921fe744bc771,2017-08-27
87af7bf20f2a742dbb71cdcf0f8475c8,04e9f1c738a73da01163495783f0a314,delivered,2017-11-26 01:49:20,2017-11-26 01:57:22,2017-11-29 22:37:45,2017-12-12 16:21:53,2017-12-18,da8f764b90a3b800f31d093c22cd3074,2017-11-26
f52f1f17c2bea20943049ec6a170f751,371caebba0615361040bad4b89c40acc,delivered,2017-07-06 10:06:37,2017-07-06 10:23:37,2017-07-11 12:44:28,2017-07-24 19:17:37,2017-08-09,fbba9f65a09a8d52b71e22f4fafed420,2017-07-06
a460ca3ed9ce9c3fe56e879d74050865,389cdd5e626afc3511798506cea06a36,delivered,2017-09-26 11:22:26,2017-09-26 11:35:18,2017-09-26 18:20:07,2017-10-02 16:58:35,2017-10-20,2229bc0a07b40d6c43c3551d97745105,2017-09-26
3955b3cc807588a07752d36d78afb900,51e7f839f6a6fe7f83310e01a35c4a7d,delivered,2017-10-12 10:49:27,2017-10-12 11:06:19,2017-10-13 15:05:03,2017-10-20 20:42:13,2017-11-06,36233f69d7e82abf188ee76d8efe6745,2017-10-12
7731a91dd46b3556ca99d3b3c34373ef,da368717541c43ca6570eec6f9efa1b8,delivered,2018-08-24 11:14:21,2018-08-24 11:25:17,2018-08-24 14:20:00,2018-08-29 16:08:26,2018-09-06,a9bf88ae7e6a141ebeb3369b4914d488,2018-08-24
cc178cb47677a3eae9282800d609ffb4,7d915f753d430eb03e6e8dae6fe41020,delivered,2018-02-23 12:55:48,2018-02-23 13:15:43,2018-03-06 20:27:49,2018-03-23 13:32:36,2018-03-20,c1e326a250bad5f7a80803715f4115d4,2018-02-23
cf0d7785ec55eefbe15fed83be6655c6,f5d67d80ea93e8f9d93b3813c7f1b89a,delivered,2017-08-23 15:00:06,2017-08-23 15:10:21,2017-08-25 15:43:16,2017-09-01 20:04:49,2017-09-15,782240eda3fd275df1e87543e5312d06,2017-08-23
415029216b664ca8671c17b0be718a0e,8bf6fcea7060ca6e881d5cdcbcdfd78c,delivered,2018-06-21 22:08:48,2018-06-21 22:38:23,2018-06-22 15:02:00,2018-06-28 14:40:08,2018-07-24,46e558e181f5d5bc24bafbbf3822c129,2018-06-21
1489856fc5e3169af6b06edbc1aeb1b1,6e7b0f93dfebf606621b18ba1bbca33c,delivered,2017-01-29 20:24:13,2017-01-29 20:35:24,2017-01-30 10:51:43,2017-02-09 11:35:06,2017-03-13,b4a5f3d0becb4574e563e90cc42024ec,2017-01-29
5ddaacb7f41a1651091efd017cf604d7,12b4ae0a791aa18f7dc19b9af8342f94,delivered,2018-03-14 16:33:00,2018-03-14 17:08:53,2018-03-19 17:52:46,2018-04-05 17:34:48,2018-04-03,ecbdd9301b5efb950cfd543f23c22320,2018-03-14
472ef9d922172a83923731547a53978f,bc09d6b35dbc523da8fcbc010ba8c630,delivered,2018-04-22 09:29:31,2018-04-24 19:02:00,2018-04-23 19:28:40,2018-05-14 22:08:47,2018-05-21,ee08f54b68f6b3e80c2cd0ef2ed982e2,2018-04-22
28e7be9f5fc8bb93020385ec94b1db0b,51ff54ae13cdec5937953af1e40bd315,delivered,2018-08-27 17:10:36,2018-08-27 17:25:15,2018-08-28 14:32:00,2018-08-29 22:25:42,2018-08-30,cc991ac29e72213321924ff28ef8d49d,2018-08-27
3c13ca3111b1b5f67cc6bae982e812d2,7ab1e0974193f60d5db1140b566919bb,delivered,2018-06-10 20:10:49,2018-06-10 20:31:57,2018-06-15 13:34:00,2018-06-20 14:31:38,2018-07-12,d84d06536dc2a8d1e72e212326022a1c,2018-06-10
31eb0eeda57ce4e970ba7b68d98ece39,a395d8312d61fe8d353df099409d7ce8,delivered,2018-02-09 13:46:32,2018-02-09 14:08:54,2018-02-09 22:46:22,2018-02-20 14:15:53,2018-03-12,eb13a2a563f2aa5730c24e3ad23f9ffe,2018-02-09
dba6fefb7f441ba6ec433320366d3037,4aeef35c6b3f3b54344ad40faeb4b656,delivered,2017-09-04 21:51:42,2017-09-04 22:04:14,2017-09-05 15:57:42,2017-09-13 15:36:12,2017-09-28,e5adb3ff7163c1db417051fa65fbc050,2017-09-04
ace7896e72991cf2be628e8e4c451b17,c735608b79e9fc74cc0522343b8a57c3,delivered,2017-03-11 23:10:42,2017-03-11 23:10:42,2017-03-16 10:11:51,2017-03-23 23:04:26,2017-04-03,84a47f8d8c6644a10014aa971d7383d5,2017-03-11
9b0ca49107c50799985679a726bfd9f1,338a88863afef428379f400aaf88ebb0,delivered,2018-01-21 16:32:51,2018-01-22 13:53:41,2018-01-24 12:08:03,2018-01-31 23:46:37,2018-02-15,547d0504ca415eb4864fa3030f73d3f3,2018-01-21
ef39ac02e696ce34d885bf4479217715,da6aae9fbd2ff1eed73d3980331b4032,delivered,2017-04-11 17:18:27,2017-04-11 17:45:17,2017-04-12 11:52:35,2017-04-18 13:44:03,2017-05-10,f405591bf61a0b40c4001c1909bf2495,2017-04-11
48ab980d180764382cfa411d2fb63dc0,d8f5ece0bb8f177a047fad8e3639ffbd,delivered,2017-08-04 13:47:57,2017-08-05 03:10:15,2017-08-08 20:55:11,2017-08-23 19:57:42,2017-09-05,ed7517fb70cea5f19d8d0e730eb828f3,2017-08-04
9769f28d910e7304d7bf0fcd32d8ecd6,7723193c1c4dcb133dd17fdb475c723e,delivered,2018-07-25 15:18:03,2018-07-25 15:35:17,2018-07-26 15:05:00,2018-08-08 14:58:21,2018-08-10,1af861d447d1ef3b5c7641d0fbe7c761,2018-07-25
48705eed276c3080033e79ac60460f75,dbef78e82a11203edd5b1c1726378edc,delivered,2017-05-18 23:35:29,2017-05-18 23:50:06,2017-05-19 10:26:17,2017-05-24 13:45:49,2017-06-09,e0233c751408137ec5cdde0c37e6a61a,2017-05-18
e13ef2072b1d65c486d7b9fbf5dc6f01,2df9cae8b89e49873d8113b80efcc2fe,delivered,2017-04-03 12:13:04,2017-04-04 05:45:36,2017-04-05 13:28:30,2017-04-13 13:05:48,2017-04-24,536a45120c7e443ad9d244872e8e06a4,2017-04-03
172589c3df7261dca954a6c662c38acc,0b98fd446f8fc5e42dccb4dd1b24ad4a,delivered,2018-01-15 21:50:36,2018-01-17 03:34:29,2018-01-17 19:53:59,2018-01-18 16:15:14,2018-01-31,aef36fbff4da2bb3001ef080be790872,2018-01-15
7292e5cb806b92ec0b4545c59b788608,af115f332ba7f4d546292157fdc17037,delivered,2018-05-30 00:10:55,2018-05-30 00:31:49,2018-06-01 14:42:00,2018-06-28 23:21:13,2018-07-23,33b48f616834fae4b1a5340eb7649e29,2018-05-30
64d142a53c93d55b6809d20d06dcd951,bfe91080846bf422f0f38f6f2ecdf1c8,delivered,2018-01-25 10:12:25,2018-01-25 10:32:11,2018-01-30 21:08:54,2018-01-31 19:09:36,2018-02-09,8e91711488bb4f319a13913326f72227,2018-01-25
a395fd8fe6540a26c5b301e2607a1855,26ce62d227386d8c49486b5ed84f8b95,delivered,2017-10-25 13:32:55,2017-10-25 13:49:23,2017-10-27 21:04:50,2017-10-30 22:46:15,2017-11-07,664fe7916cb8709c6b848383c6361dcc,2017-10-25
ac5e42e77576b755d49cc3bb5db277d9,30f286499a9a733763ca895d16ab0ea6,delivered,2017-12-26 13:17:57,2017-12-27 04:14:48,2017-12-27 21:44:04,2018-01-12 21:23:26,2018-02-05,1cfec97a943889ec82391c5cd1033d95,2017-12-26
cee7c304d30da21674177c8c988774c9,cc2b95448b7312b132645e228992f095,delivered,2017-12-15 11:08:10,2017-12-19 09:30:56,2017-12-19 21:43:14,2017-12-27 20:13:26,2018-01-17,a8b33bebcf22cce09a97a14cf387a0a1,2017-12-15
0681ba84087325819dc1f41d4f79701d,28819969e45ae09705dffba8895b30b6,delivered,2018-03-26 12:36:24,2018-03-26 12:47:39,2018-03-27 20:12:30,2018-04-10 15:46:58,2018-04-17,f1da617b625121656cab1df3a1413bb4,2018-03-26
7013bcfc1c97fe719a7b5e05e61c12db,2941af76d38100e0f8740a374f1a5dc3,delivered,2017-02-18 13:29:47,,2017-02-22 16:25:25,2017-03-01 08:07:38,2017-03-17,e1f01a1bd6485e58ad3c769a5427d8a8,2017-02-18
a8e8269613bcd0404425870b1095400e,a02b94296be9b66cb7bc703abad86a5e,delivered,2017-08-11 17:59:44,2017-08-11 18:15:06,2017-08-14 20:55:55,2017-08-15 19:26:29,2017-08-24,716e5fd20bdcf41dc1924cb5c272e688,2017-08-11
0bca8e07f15636c260b1f794be423ad9,bdc1f7873ac4879bbd970ac78c3d2d96,delivered,2017-04-25 22:46:05,2017-04-27 13:32:51,2017-05-03 10:30:27,2017-05-12 12:13:28,2017-05-19,da5bbfd583efb762f6fda762f1aaf4a9,2017-04-25
af4c2f98bd7bd3031e4e9f8db1b4e9db,786d4975605aad471c77f8c6efa340be,delivered,2017-10-19 22:39:30,2017-10-21 03:05:54,2017-11-01 22:58:52,2017-11-07 19:56:41,2017-11-21,73cb8457f5e9eb6b24ff6b25a8d8f41c,2017-10-19
5754d3172f19f363edbaf03691b9f989,d56b30f9f6b0167e61eb297deabfad78,canceled,2018-02-09 11:23:59,2018-02-09 11:35:31,,,2018-03-07,fae0c69e847078e8d0eb3fd6d2c7e781,2018-02-09
52076105d0ca4133091c2c1db1d4bb9c,b7467e21ccbe2f30a3d2e992eaf6a6e1,delivered,2018-05-02 11:12:39,2018-05-03 04:13:02,2018-05-07 15:03:00,2018-05-09 21:58:31,2018-05-24,fa9986e67d08ebc23479b10da8edb977,2018-05-02
c1784d1cbbff59b5a789abe080cfaaee,09d9f8180c32474c99e6d50b0400687b,delivered,2017-09-11 19:46:48,2017-09-11 19:55:17,2017-09-15 20:18:59,2017-09-21 19:57:54,2017-09-28,56dfd0cb7bce1329fe8f4766746f0078,2017-09-11
e0172fe93d1e49afb84d1b9041640b18,d212b0357f43fcec95b63166e2b49bca,delivered,2017-09-27 18:48:59,2017-09-28 02:50:05,2017-09-28 19:57:53,2017-10-02 19:29:05,2017-10-13,e9e96ff4f36a319a3621b95b43343532,2017-09-27
da0abbc0c93081d27e4ad10ffc4a631f,e6f88851e7844250dbd8acfcd3346360,delivered,2018-03-21 14:22:36,2018-03-21 14:35:26,2018-03-22 19:09:34,2018-04-06 23:08:25,2018-04-09,9d1773d6d4fb3faaf3173924d181952a,2018-03-21
1a558554b7f10eba1ffdd56ce469df63,c64bf0daac8cbcf5e6fd306729bd9dc5,delivered,2018-04-11 11:57:49,2018-04-13 02:32:11,2018-04-16 15:04:58,2018-04-20 16:25:18,2018-05-10,aa82933f768db939fbacb46f2e4a6f5c,2018-04-11
60c04fb9105a3236a696e2d75685daf8,7169f7018ca0cd70177f7fceb69fca1e,delivered,2017-05-28 15:04:14,2017-05-28 15:15:19,2017-05-30 09:17:58,2017-06-07 14:59:41,2017-06-21,282ce318edf842e6dae50ca6d759f98b,2017-05-28
746327966e37217c499ecfb3caedf658,dceaa0645724c27d40672b248081aef7,delivered,2018-02-14 14:29:32,2018-02-14 14:47:56,2018-02-16 20:56:52,2018-03-02 19:51:31,2018-03-14,e7ca2e3d0057e4e4945f051f1c39166d,2018-02-14
045abe3dd2d7c962b78a446b053238a6,6069e96c176d200c3495d72244ae535a,delivered,2018-03-10 12:51:18,2018-03-10 13:08:34,2018-03-12 23:38:27,2018-03-20 18:06:29,2018-04-25,ea28cd8e9244091f759a14d15b3ebe6d,2018-03-10
a71cd8199ebd55c8d00ba5bbc3b8eb4c,aa39d63161613aa74c527fa4fb63b507,delivered,2018-01-15 09:21:56,2018-01-15 11:36:41,2018-01-17 13:09:29,2018-02-09 14:32:47,2018-02-14,59481ee4418c9d617b9e91dea4a1e152,2018-01-15
f5de15fee5da7c522b0aa5837f99a1db,825f22f11d87d6a84f2d728e622923eb,delivered,2018-05-03 14:45:05,2018-05-04 03:31:48,2018-05-08 10:18:00,2018-05-16 16:38:53,2018-05-23,f13279d72188bad67ecedf9c1c6a0cf7,2018-05-03
f5646e8203a36be7abc9ebb188926c39,218e8459e120553d778fa740d5785b0b,delivered,2018-07-06 19:46:58,2018-07-06 20:10:51,2018-07-10 09:16:00,2018-07-11 20:58:27,2018-07-19,710fb6cc7511548a7b89d240e4935296,2018-07-06
b12077e26b8a52d9944ab81e165e5a20,78fd0c97db13857bc3ae55a08edf46da,delivered,2018-04-08 21:48:54,2018-04-08 22:09:38,2018-04-09 20:03:13,2018-04-11 13:12:44,2018-04-30,cabef558b42bd1d2578afc81048e8415,2018-04-08
0d05881e40ca056d5ad848217bc92cb1,5ad19fef350cb23a9d20dcf861ea05f7,delivered,2018-01-19 10:37:45,2018-01-19 10:55:46,2018-01-23 22:08:06,2018-01-27 11:05:08,2018-02-23,034d647ff381be4e2d6736e7f4f3cd15,2018-01-19
6720f9096736db7c2427635f7d31361c,6f804e6a8f98ba0d151e10eccaf1ba7b,delivered,2017-07-05 21:39:23,2017-07-05 21:50:18,2017-07-07 14:22:54,2017-07-12 13:17:37,2017-07-25,d7f68acb88fe17e73acdd4ae3f184c08,2017-07-05
d053eed5434bc54c4fe629d35a009175,d797148a7505e4d0976f5b61d1c40741,delivered,2017-08-08 20:03:46,2017-08-08 20:15:21,2017-08-15 19:23:50,2017-08-23 14:12:34,2017-09-11,789b44ba11b7bab832b85cb5fe14643c,2017-08-08
3ffe9f020ed3983733cae2d4b581c27d,f09e467898a1ce7d11004949dd8cea8d,delivered,2017-03-02 10:40:35,2017-03-02 10:50:08,2017-03-02 22:07:57,2017-03-13 15:42:04,2017-03-23,2619126b7e6621e9681aa9095ee97ef8,2017-03-02
00b9e0f8f588d0406a3de447eb606970,282ab86c49646e5a18507b088ee0d74c,delivered,2018-01-22 11:18:35,2018-01-23 03:37:44,2018-01-26 17:54:44,2018-02-16 18:23:19,2018-02-14,680b9de0221bb1b59defd49ed2a5d948,2018-01-22
79e142ec7dc9b52c689db4d43c06e63b,1e49717e97fab065ef9ada06236dcf7c,delivered,2017-12-06 18:20:00,2017-12-06 18:33:41,2017-12-11 17:49:10,2017-12-20 19:35:24,2018-01-04,3437bc0723c13b55395266d372f39ade,2017-12-06
25e460c20f54821a96f7570fe5b22934,02852e252d0c1cd7bd7e2a33558963c6,delivered,2017-11-30 11:38:17,2017-11-30 11:52:42,2017-12-01 21:09:14,2017-12-15 22:36:39,2017-12-22,9a1d3ed366221e01cb6bc9252fee220b,2017-11-30
a66b73e5e96567d039cbebbde0ec0bae,7249b8d5c59c96dd49d2f227ef6a475a,delivered,2018-03-21 08:26:56,2018-03-22 02:56:04,2018-03-27 22:55:36,2018-03-29 17:02:57,2018-04-03,9ef36d105804ed71afb4a173c0add70a,2018-03-21
c6701e6d9b17bfd2a252ecb5aa4c7949,685b324496cdde685f878afd7c329cee,delivered,2017-07-23 02:05:55,2017-07-23 02:15:08,2017-07-24 17:35:46,2017-08-01 14:28:32,2017-08-15,2d7c6bd64b139f0f40968dd19c629532,2017-07-23
943980abcbc522eb49346398ee2594b4,96530093e1f224383da249e21be5787b,delivered,2018-03-23 21:19:37,2018-03-24 02:10:44,2018-03-28 01:46:58,2018-04-05 15:28:43,2018-04-17,f20d03ab638209de28eec4076c1958ae,2018-03-23
faf87806481a087a5380b61974971f90,f0de8fe1922665df9ea965006387a423,delivered,2017-05-06 23:03:32,2017-05-06 23:15:09,2017-05-09 12:17:23,2017-05-16 15:13:53,2017-05-31,1294a3c547d645e489a296d29eb39df8,2017-05-06
4c20d86993fc699419a84cbd9ffab181,8df8a5ad7ef800896d066dfb0838ba37,delivered,2017-09-25 21:06:25,2017-09-27 03:06:10,2017-09-27 22:24:29,2017-10-04 16:37:54,2017-10-27,bdee950f8479b035abfbcd0d5b60eaae,2017-09-25
b7fc96d05af08ecd1ecc914608254771,09e3d637b4e4aeca1aee39dd87c0ce52,delivered,2017-11-05 20:15:12,2017-11-05 20:26:45,2017-11-06 16:53:02,2017-11-08 21:27:53,2017-11-30,52685285a351700c230d7360fe1a5617,2017-11-05
6e2771718083a9e281c9414a5b055fcf,afeb82c48991be6b9c35a005a6e0e250,delivered,2018-05-05 14:16:29,2018-05-05 14:30:11,2018-05-08 15:49:00,2018-05-16 22:03:51,2018-05-29,fc6023108d29b5bccb1fa823324b6645,2018-05-05
a316eee6dacbc0393c28dff3568a67ee,957f3479d00c3d8aaa4ccb50b22e5ac3,delivered,2018-05-17 14:20:39,2018-05-18 01:35:19,2018-05-18 14:57:00,2018-06-13 23:06:27,2018-06-06,2c55cfbf3e1251ec07d18c33d70da7aa,2018-05-17
cc0c321766d42077807443aa4d74608c,4dc4876f7b580f0cdb9993edbd4cc975,delivered,2018-03-16 15:28:12,2018-03-16 15:49:39,2018-03-19 19:56:31,2018-03-27 21:48:41,2018-04-10,3d9307cd5d9588ca081b10a7c7480b07,2018-03-16
bc8b2c869ce7a64ee059f716300aaed7,01190354aed7ae9e31b5f523699cf01b,delivered,2017-08-28 05:07:18,2017-08-28 05:24:49,2017-09-05 19:04:51,2017-09-09 12:42:23,2017-09-19,2fb4b104618b33a1ea39ec7c993eb743,2017-08-28
77e1cc2ffec141e9953220a084af5951,873d4758d873a2b0ac64c037870a27c5,delivered,2018-02-05 21:26:21,2018-02-05 21:50:25,2018-02-06 22:52:14,2018-02-22 20:19:44,2018-03-01,08e4025ecd49f87c1d400d46a897313e,2018-02-05
f580d204eb45ac888b6150ab3869fd98,46629720f785183abf62107206e8ee37,delivered,2017-06-30 12:46:40,2017-07-01 12:50:09,2017-07-04 13:13:29,2017-07-10 17:33:52,2017-07-20,a11bcde22d63d2219da518c6801ac7d5,2017-06-30
203b4c4ffae20ac2c0e84994938927aa,5b508d1f148be57556421745c0eacd4f,delivered,2018-03-21 22:59:02,2018-03-21 23:10:30,2018-04-04 18:12:48,2018-04-12 20:03:19,2018-04-27,c3d653f2e769e46a431095db128b34ee,2018-03-21
328d856c33d24e8aac1b90367ae7cd3a,5ca2a93c4bf830a3bde999890100180b,delivered,2018-02-23 13:56:37,2018-02-23 14:15:47,2018-02-26 22:43:18,2018-03-14 21:38:47,2018-04-09,28dd1607a5e16ed5458919c2afca6476,2018-02-23
bb94354031a1df0364e66b09e197bb78,97f4023f8f25a0983d253d91cf53e34d,delivered,2018-04-08 13:04:47,2018-04-08 13:30:14,2018-04-10 19:12:14,2018-04-16 18:33:44,2018-05-02,b50e2c316ac14c5ad88a269716fe3662,2018-04-08
c0abe2d7400d2241004b893449bd4430,07c5a6a9d224de547f569a5a1d01be7c,delivered,2017-11-12 15:32:07,2017-11-12 15:50:43,2017-11-14 22:25:56,2017-11-21 19:45:54,2017-12-01,4fa361759fd0088c62fa702c5d34cc72,2017-11-12
f9eacd2ae0f04cdb4b243d2582392d35,a68021e914fb8d880d37ebdf4a8730a3,delivered,2018-05-05 17:57:22,2018-05-05 18:13:46,2018-05-08 14:40:00,2018-05-22 12:31:56,2018-05-29,ed6492c2221f6d0181d77af178d625d2,2018-05-05
5da51b8b5965a7fba98bd18c5ef4c27e,75a1cadda9d7c247d4de092bc844ec32,delivered,2018-02-26 20:28:20,2018-02-28 10:10:50,2018-02-28 19:29:01,2018-03-08 17:22:48,2018-03-21,97c5ee4484ef2c7159c3f646377cb49b,2018-02-26
c3aa096e341a72813ecfb834df16b91e,df260d95c577d15b5163902632a1ff39,delivered,2018-06-12 21:45:04,2018-06-14 02:39:10,2018-06-14 15:41:00,2018-06-18 15:22:21,2018-07-11,87246c03fc534e6b1c56ab40f3e4cb52,2018-06-12
399fecaa30efa4d1624e7314b2eeaead,676155cb45bb9bbf30b28fe11ca375bb,delivered,2018-02-14 17:30:38,2018-02-14 17:47:27,2018-02-19 20:53:17,2018-02-20 21:59:04,2018-03-01,de2055b9bebb54561bd20c98880fb2b4,2018-02-14
adfdb27a08daee708353f76e9b690c75,7d7f3cc7c5c055168d53b850be481fde,delivered,2018-07-31 22:55:08,2018-08-01 22:50:19,2018-08-03 12:17:00,2018-08-09 17:54:23,2018-08-15,35f74ae943b52b63c40c381e16118b32,2018-07-31
0d3932a3836fab6762836714e0eee9ae,a175acdd7db7e143800f80a43e468b1d,delivered,2018-02-27 22:17:09,2018-03-01 02:35:41,2018-03-08 00:09:39,2018-04-14 08:14:50,2018-03-28,edde91fe2d95b4c24cd5187bcfd55fa1,2018-02-27
53cc1746fb6c46702ba0e22fc3db81a5,322491e830e0cc5847544c5315f9fad2,delivered,2018-04-27 14:17:09,2018-04-27 14:32:15,2018-04-30 13:27:00,2018-05-08 23:52:45,2018-05-22,d38ef4818da3ef0f888910a684e13539,2018-04-27
5b7f5b227fe180d431061fa7fa791d28,45d8641400d049a751a1d954a4cff0a2,delivered,2018-03-26 15:02:49,2018-03-26 15:15:19,2018-03-29 21:21:29,2018-04-16 21:38:49,2018-04-23,df7d44aad1186078052f3423b758bfaf,2018-03-26
2e5780555c99ce4a40180d00185ecaad,fdef57516fc53f45e304c5edf00c5c49,delivered,2017-06-26 08:48:48,2017-06-26 10:34:19,2017-06-26 14:56:36,2017-06-29 12:37:42,2017-07-14,7e29fb107fb24c22fe3e4b4d5544495b,2017-06-26
198177af0a16eabb6614584d18a4a8d9,bb20a0776a1c66986ca5799dfb8735f6,delivered,2018-01-09 09:29:24,2018-01-09 09:38:30,2018-01-10 16:22:11,2018-01-19 23:58:44,2018-01-26,cea78789358d8c5a715b5a144d5c4bac,2018-01-09
198cbd4bd806061597b3f8fbdf126ad6,5c9d09439a7815d2c59d2242d90b296c,delivered,2018-07-28 09:39:51,2018-07-28 09:50:14,2018-07-30 11:27:00,2018-08-07 16:51:49,2018-08-27,910f0afb84bc778e856d3683c7e8a46a,2018-07-28
94b036e9c8d7275cda2d1a19c6fe11de,40a3be412130198c7617ff3e7a18612f,delivered,2017-08-05 10:48:59,2017-08-08 04:24:37,2017-08-08 22:33:28,2017-08-17 16:22:10,2017-09-11,986ba053b29971328549d2c9f20c43c2,2017-08-05
fb9489db9eb0031c0f793fb3af5887c2,105517ff3d84727c408c34e9b07afb93,delivered,2017-05-25 07:49:44,2017-05-25 08:02:46,2017-05-29 08:32:42,2017-06-09 15:22:56,2017-06-29,2eeddaa3eafc35b2c434c351bb615846,2017-05-25
c25a13eced69c57fc779116bea316865,9a252effcd7472044f43607569f181ab,delivered,2017-11-03 00:01:36,2017-11-03 00:15:39,2017-11-08 21:08:43,2017-11-17 20:11:36,2017-11-27,ac09ed646d92eb26c2fb2365f45e672c,2017-11-03
840fba0867d6686cd4a428f76d01f97e,7facd235e6759b64f900b3a24f71a2a6,delivered,2017-10-10 08:11:26,2017-10-10 08:26:21,2017-10-11 00:23:10,2017-10-20 17:34:04,2017-11-03,4ef24bf32acbf50bc8b113e6cfe8e83c,2017-10-10
d7223bda384121339a1417576984d28e,a1716f0881bb11bd5a3106a1033023f7,delivered,2017-05-09 16:27:41,2017-05-10 16:32:08,2017-05-12 13:37:04,2017-05-23 16:29:47,2017-06-05,5f1602fa1663ef4b6726cac5ad465de7,2017-05-09
b59907afa60164e884ce406116efc58d,9c8fef93c079fbe536b901578adf6d2a,delivered,2018-07-02 08:44:56,2018-07-05 16:13:12,2018-07-05 12:45:00,2018-07-10 22:31:55,2018-07-20,eb99f111a8a404d70e00d492a943dfc2,2018-07-02
ad0c8220f99f61bf17c26f4732bda83a,4b80ef6eb0f70e5ab41bc1739a5cd827,delivered,2018-07-05 14:46:33,2018-07-05 16:22:32,2018-07-05 15:50:00,2018-07-13 01:11:53,2018-08-01,1726f6108529fb80dcbb85cc0f544c75,2018-07-05
402c61cbd327813b4797dfcfaa08889f,a93166fe7f216671c235ade81f9eeb1c,delivered,2018-07-25 12:01:29,2018-07-25 12:10:22,2018-07-25 14:12:00,2018-07-31 18:21:43,2018-08-08,486129c00e9e2aa0ffac5affa80696e8,2018-07-25
b2a33016c177ab9b6f09ca324bb26ec6,eeee2f043c3d6faae8dad300a788731a,delivered,2018-06-18 16:34:39,2018-06-18 17:01:34,2018-06-19 14:49:00,2018-06-23 13:54:44,2018-07-17,f7e21dc793f9ec893a73e8f6fa3b417c,2018-06-18
f2710c3e65b68cfc927a8aac6ecebe83,88be8e039439308b5ec70c4994293485,delivered,2018-01-04 17:50:02,2018-01-06 09:56:20,2018-01-11 17:09:32,2018-01-16 12:08:07,2018-01-29,75a2adfe9f86d401f24b5fe2eb9a582c,2018-01-04
3399c5d5b9eb49b7a4ec11d7c39a8aec,4956cc7d2a22d2682898172e9a1835a4,delivered,2018-04-10 20:26:03,2018-04-10 20:51:12,2018-04-11 22:46:53,2018-04-13 23:04:40,2018-05-04,37c0416407c60e904db5952ad1e74d8a,2018-04-10
d2337a41d3e791baab0721d029477897,a64c2441d155b7d60476fbfe51d87871,delivered,2017-11-30 14:18:30,2017-11-30 14:35:05,2017-12-02 00:58:39,2017-12-07 20:16:41,2017-12-26,9fc505667c278d9f7999320a93474a1c,2017-11-30
c83c4d494968f8fecab063e6ef841d78,f1d7e7c97233a9915400f69cd7f66200,delivered,2018-02-04 19:35:08,2018-02-06 04:33:11,2018-02-08 20:48:31,2018-02-14 19:28:01,2018-02-21,ed1af12fdd182ff753a832d519f4e88c,2018-02-04
5e305bce2589552e505f2db43aaef669,5cc10ff6fd37b0b4caef7a9d784491f9,delivered,2018-06-17 18:14:28,2018-06-17 18:34:00,2018-06-18 14:20:00,2018-06-21 17:46:34,2018-07-17,0eb917bbd8203a7bf6c6447610778d94,2018-06-17
bb39656e25b904a5f69ff53ab7d0d9e9,6738dc2bb3f2f7f40961e8dac0adc05a,delivered,2017-11-11 16:32:40,2017-11-11 16:56:16,2017-11-17 12:48:38,2017-11-23 19:27:03,2017-12-05,6f59eba24fd00a27069b57c896d8899a,2017-11-11
5f00e80d3b9ae5d8410469f9f0ffd1bb,500fcc5f572fc30b5d83aa769ddc6b0a,delivered,2017-08-31 13:03:37,2017-08-31 13:24:15,2017-09-01 18:53:25,2017-09-04 17:48:21,2017-09-19,f18ac24ab26dbbfcf4b555df32f61b09,2017-08-31
bf45b8917f0c4bba2d29256fdbac3d04,2f856641aee6cb4e633a72f2f2fe0e64,delivered,2017-03-25 09:43:20,2017-03-28 04:03:07,2017-03-29 12:22:51,2017-04-07 17:03:50,2017-04-18,b8c48dcceb15ba53568e8634516d4f87,2017-03-25
c09b04d29fbb1982a8af49b8ada809e8,da4c7ec81a98e76b5064c3971a1bfdb9,delivered,2017-04-19 20:59:32,2017-04-19 21:10:14,2017-04-20 11:25:27,2017-05-11 09:23:00,2017-05-09,9b91a58b62d8b7b6c98e20dd91c086a7,2017-04-19
2f4ff136710d68728b138325f3a65eef,7cfd450807b027f5cbeaced5c26d4cbc,delivered,2017-06-16 11:43:55,2017-06-16 11:55:16,2017-06-16 14:37:39,2017-06-19 21:16:49,2017-07-12,462653b881bc123b46b575e760a61f05,2017-06-16
3f60d20593c45a1bf3238623c718e444,99f5da45f7eeadaf8a67bab460e3ea5d,delivered,2017-02-28 15:04:30,2017-03-02 04:10:23,2017-03-03 07:34:20,2017-03-10 17:27:31,2017-03-22,87d70f10dcf3ca6ea68f5543e4efee5e,2017-02-28
36aca7635fb851ae5aeee3b8043cd732,a0c1cb74483d60b2e5216cfc072945fd,delivered,2017-12-08 20:36:30,2017-12-11 17:32:35,2017-12-12 20:05:17,2017-12-17 13:08:41,2018-01-05,e8217a5e509faf569207f63da85240d2,2017-12-08
e8a6d329a01bec6edaf5e8bf65b4b9e3,5c32a672906f78018ad33038a2c68e2d,delivered,2018-05-10 16:48:41,2018-05-10 17:09:22,2018-05-11 10:03:00,2018-05-18 17:12:49,2018-05-29,8fe77ea5ee5a463b2681c14d3459962e,2018-05-10
e22988df4a8a5e701f32adc32b5d5fb4,62561829cb4eb66eddee23af1e7d4570,delivered,2017-12-04 11:06:11,2017-12-04 16:30:35,2017-12-05 00:58:36,2017-12-19 21:09:14,2018-01-02,ce2a106d880254f0fbabf6a2b82f8360,2017-12-04
922acd93e452539fe6833fd485296ffe,8a6c1f2258e2b15dfc82477615fd9ed0,delivered,2018-02-07 08:38:21,2018-02-08 07:50:29,2018-02-14 19:58:57,2018-03-02 19:05:55,2018-03-06,e9208400ec82e1a949bfee43628a6e76,2018-02-07
ff3a6dc71d198630c018885d4049ef6b,e749ef65bf52337f19fbf21c4b61c53e,delivered,2017-11-16 13:42:46,2017-11-16 13:55:28,2017-11-20 21:51:38,2017-12-07 14:23:31,2017-12-05,cb7106f50549ecd55912065380de8324,2017-11-16
b4ec6d93789e37e779f86f3b7a9982e5,a79c3eb63791c42b3c065e2f942d84e5,unavailable,2017-10-10 09:25:47,2017-10-10 09:35:32,,,2017-10-30,a6b16ce40addcd890ce0247ebd1edbe3,2017-10-10
16e192db098dd55c18aff27770402968,2666adfdf45be751a53e2306f056f01d,delivered,2018-05-24 23:44:43,2018-05-24 23:58:17,2018-05-25 13:15:00,2018-06-05 19:36:54,2018-06-20,d0e16f57423843da8975ca5aa81033e5,2018-05-24
2276bb734e4633294d205c492f92ee24,8e11f29cca8a639c168852fec0c5e607,delivered,2018-07-31 21:51:16,2018-07-31 22:24:10,2018-08-01 12:07:00,2018-08-06 18:11:23,2018-08-16,f2f7fbbc31b54f4685e9499691bd36f2,2018-07-31
d8823f4e35f58bef4822771f326d6153,022d8f488c8a3f6e686848f2b2cfc54d,delivered,2018-08-11 20:29:00,2018-08-11 20:45:13,2018-08-13 10:59:00,2018-08-21 15:22:55,2018-09-04,ef1cd1e79ddaac16dea245f28550ddc1,2018-08-11
ce4a4ff7ae292d2a9b3f36c017a82914,7e779148dc9ac9f7a27f32ba4025f03b,delivered,2018-02-04 20:00:35,2018-02-04 20:24:20,2018-02-05 18:05:39,2018-02-06 23:22:47,2018-02-21,71f6d5210f7f46cd6d53096ff4227e22,2018-02-04
4d2cd60ca011d5fb2da3bb0ca50c079e,69d15c9d68a00d3df87bb89cc92c1465,delivered,2018-02-24 21:34:29,2018-02-24 22:20:20,2018-02-27 04:17:44,2018-03-21 21:07:25,2018-03-22,589e2344cefc6ad5450325a1bc76da9c,2018-02-24
5942bd3a8502a95cab0655d31eb2c6fc,0da03c17bb6e78ca54c42dd0332b5847,delivered,2017-09-02 10:17:22,2017-09-02 10:30:20,2017-09-05 11:59:12,2017-09-13 18:44:50,2017-10-04,6a8733ff8b8426816669b13aa1f07501,2017-09-02
72c6b387a8a7211c63a087c477cc8458,822fc3ec67d529e9601ead70e60a48ef,delivered,2017-10-27 11:14:34,2017-10-27 11:30:34,2017-10-31 16:41:36,2017-11-04 12:13:49,2017-11-17,5e55ac6e4652123d78529c430a72e3c8,2017-10-27
74a93edfa68b687b0e3697b4e20e4b80,93f8c753ce9ea364d109c7a5a0766438,delivered,2017-09-07 19:17:27,2017-09-07 19:30:19,2017-09-08 17:57:49,2017-09-14 17:54:03,2017-09-29,ee973ae3d148977a7717fdba51bc7fce,2017-09-07
3c5261ee6c155b81e82cb5cdc60b045f,36e3ef8fb933d8bb9d41919db6838486,delivered,2017-07-13 19:50:11,2017-07-13 20:04:18,2017-07-17 15:57:37,2017-07-24 19:24:27,2017-08-04,02c163ec34a9218f6f3e1e1a7b9aeb28,2017-07-13
086da3118e7ada3cfb7cce476954af52,314533dd95657b7de8748504efc89ce5,delivered,2018-05-22 09:51:07,2018-05-22 16:58:36,2018-05-23 13:50:00,2018-06-08 21:42:39,2018-06-22,55f21db4f9a353dcee5b774f750c65a1,2018-05-22
440efc866515b274c87852a745f91726,f8310a577e4c6ec83f3a4ba83d0619fe,shipped,2018-02-26 11:50:45,2018-02-26 12:31:14,2018-02-27 18:46:50,,2018-03-23,72e99fec3257af977e907b33f78b7ee8,2018-02-26
d3f61af04f38785c0797842d31273ffc,e79ccfb22364f3a40ff2ecfd199bb8f6,delivered,2017-05-10 17:47:52,2017-05-10 18:02:41,2017-05-11 13:55:39,2017-05-19 09:16:42,2017-05-30,59aced091506b181fd5e2e4572fe23f3,2017-05-10
7fd1ad3183dcd535e1fbbd709f095a4a,e108cd9fef87ab8a6d33ff941da84e27,delivered,2017-10-15 23:33:59,2017-10-17 03:56:29,2017-10-20 18:57:42,2017-11-01 19:09:58,2017-11-10,702cb5bfb50fc8056bd2d615b3e2f014,2017-10-15
fb1d06cccaa9f157355d83d52634c957,ee5623f1e838be7d736d0592a4e870f3,delivered,2018-03-22 14:41:57,2018-03-22 15:31:20,2018-03-23 20:41:31,2018-03-27 23:48:33,2018-04-04,cdd0d5ff8d5f98ba3fc6fb384bb1e4cb,2018-03-22
79347dc228cde031ba95adb6a647ab6b,7428039bece87fe99af596c5bfa677fe,delivered,2017-05-21 11:36:06,2017-05-21 11:45:12,2017-05-24 12:14:23,2017-05-29 13:35:45,2017-06-07,aa6bace477b7c573e0d6daddd95f55fa,2017-05-21
538be20e72bfe8506afe7be4b3dd4467,0d30ce0128ab8a11c943446395ae13c8,delivered,2018-06-12 10:14:42,2018-06-13 02:58:50,2018-06-13 15:49:00,2018-06-19 23:08:47,2018-07-20,cc2a24e200f88a90a3cd197a3b4dd496,2018-06-12
b50045898b1f2d9c7c9b68f8902e1d45,cbf6bbafd59bfa00acd359ed892486a0,delivered,2018-06-29 11:07:54,2018-06-29 11:15:14,2018-07-03 05:56:00,2018-07-11 17:08:49,2018-08-02,5727e7a61d33ecc6e977aa927e909fd4,2018-06-29
78668b283d34d8c72670a44109fbbe09,7fba71e38a0e19cf1f93068d6740de86,delivered,2017-10-09 10:54:14,2017-10-09 11:14:23,2017-10-11 12:58:42,2017-10-19 18:38:53,2017-11-09,dbdfcd1e9de47452f3c9b0229bc0edc3,2017-10-09
31b0200a12c9808aa855b6ac26959825,634ac2ca3280b01fbacfd73c3374cd02,delivered,2017-11-29 11:05:21,2017-11-29 11:13:23,2017-11-29 18:52:02,2017-12-05 20:13:40,2017-12-21,0a3345dbc265fd412b0098f0b34d3e44,2017-11-29
bf92c69b7cc70f7fc2c37de43e366173,42dbc1ad9d560637c9c4c1533746f86d,delivered,2017-07-24 22:11:50,2017-07-24 22:25:14,2017-07-26 01:42:03,2017-07-31 16:59:58,2017-08-15,8d50f5eadf50201ccdcedfb9e2ac8455,2017-07-24
f1b8a6915a203e63ddcf0acb3e7dd891,64e458e1a4f5de5f1d8f3e912ab9253f,delivered,2018-01-16 22:11:32,2018-01-16 22:30:02,2018-01-17 20:27:10,2018-01-23 16:52:38,2018-02-06,913117091937d5839a6c3f449ab26da0,2018-01-16
181f8cdc95994be0cdebf5aa7aecb2b6,84a79651271b4c31de234b12cec4f897,shipped,2017-04-03 20:26:05,2017-04-04 20:35:07,2017-04-05 15:07:58,,2017-04-26,8131f432e2ec1bc580f707962a2375eb,2017-04-03
e6b80bdcd0b9d933453a3ee0bdd0de64,7d93c5192af81cfac519a75837ecf400,delivered,2017-11-28 08:13:27,2017-11-28 08:37:06,2017-12-01 19:28:55,2017-12-03 13:57:55,2017-12-15,e2cb1f94316636dcba4ddf72e4a89180,2017-11-28
10c64a2e69f00b07c2fdc81d3e62951e,e172db8764f0ae326951c63d39bbb1fa,delivered,2018-04-26 09:56:22,2018-04-26 10:49:57,2018-04-26 15:09:00,2018-05-02 20:44:30,2018-05-24,5342b79cb1c6739a2be7dcd621871096,2018-04-26
5805ab89b5c04778c691daba25a93341,03d64d0d6b6524a94c827bce49413a4a,delivered,2018-05-01 21:25:26,2018-05-01 21:51:46,2018-05-04 07:19:00,2018-05-09 17:44:57,2018-05-25,801e6180e5243811a13691ccd1c034ad,2018-05-01
f81bd34ec4dd1f36d89fe966cf87c4d7,a0046dd51e43cf0c76c5acbe045d423f,delivered,2018-08-02 12:06:18,2018-08-02 13:04:24,2018-08-03 12:28:00,2018-08-06 16:13:06,2018-08-08,73fd87bc61d72aaea6291c1fb03108b9,2018-08-02
3131bc45acd396fba15c45085b9c5acd,0f89df2a98faa7a79f0b852836e99bc2,delivered,2018-01-28 16:39:32,2018-01-30 16:34:55,2018-02-01 23:58:50,2018-02-24 01:22:51,2018-03-06,fbaa308077169325fe1bcd0b05094984,2018-01-28
0a1e9a535a370a7613939cdf2196c089,ca93eb799ba9cd57573661a4f896e2df,delivered,2018-05-03 21:15:47,2018-05-04 02:51:44,2018-05-04 15:22:00,2018-05-10 19:03:32,2018-05-22,90055272cfcd6e5513388ee9d98e8da8,2018-05-03
8de627d14a078b2047d929756c94546a,31bbd9c903c3a084351754fb5b2073b2,delivered,2018-01-12 14:32:51,2018-01-12 14:48:14,2018-01-17 21:13:48,2018-01-24 21:22:33,2018-02-02,43730e9cc7dc5192106ab060a02db3b1,2018-01-12
925ee6cfbb7a083de5384773197aa9f6,b7021bcc80efc910e6a0748389a5eeb9,delivered,2018-04-08 19:22:37,2018-04-10 17:32:42,2018-04-11 19:36:46,2018-05-02 18:32:03,2018-05-07,b7dfe0920bbd2c5fc78ce89e7363d48c,2018-04-08
c282af09e5db227f93b1f3175aba57e6,43de04dc7e0cdc9aa53547832a059ea8,delivered,2018-06-11 18:39:48,2018-06-12 05:36:46,2018-06-13 14:38:00,2018-06-16 20:38:46,2018-07-05,96f9204de777192f8feb7776d3cd09b4,2018-06-11
05bf4fdb30932b7910144b4359ea9f69,c61b59e94df1163cac39154ea29f88a9,delivered,2018-03-06 13:22:10,2018-03-06 13:35:37,2018-03-08 23:41:26,2018-03-15 17:06:51,2018-03-26,6f9f62530cd555570ffd20aafc4b1b9c,2018-03-06
ec7fe8ab2dc8752a229cd9a28a91bc57,3df3fcf0aee44c306ffc6e98b8643e3f,delivered,2017-05-09 16:33:36,2017-05-09 16:45:15,2017-05-12 11:49:55,2017-05-25 11:26:57,2017-05-31,c350801363d38ed9f5e24285c188d922,2017-05-09
0f0343a1e7cde1a1ee46f5c8274948d4,539b3638d0429be59e27871e1233b212,delivered,2017-11-17 19:51:09,2017-11-17 20:56:04,2017-11-20 21:21:46,2017-12-06 23:42:22,2017-12-15,b03497e94bc9f8e300683b602c941d60,2017-11-17
fb63c86c3eaed472fe50559f4b9bcb4e,0a212f686094e52f1c0a36b0c4f01492,delivered,2018-04-09 16:47:42,2018-04-10 04:10:50,2018-04-10 22:27:31,2018-04-12 14:58:43,2018-04-19,991fb12436c0a10455780ee10ab6f9cf,2018-04-09
403d497d5ac592144b9c83c01daa3a25,abe303b2f51b88425d9540c97afab308,delivered,2017-08-19 15:20:45,2017-08-19 15:35:09,2017-08-21 21:17:22,2017-08-25 18:36:45,2017-09-01,0ae044df047fabb8dc544efa97837629,2017-08-19
3609efe3e67d76fc425ba5fd19fd4bd5,b0a138fd5010ba7c97075d71001e87c3,delivered,2018-02-19 19:34:43,2018-02-19 20:35:34,2018-02-20 18:18:53,2018-03-15 21:07:32,2018-03-16,9b58367fe18e30599fa48677daa0858b,2018-02-19
bff2ec667a2227ed2cda0bfdde817c4c,bee3833504863a13b5b1b6d84fc08b70,delivered,2017-06-12 13:47:19,2017-06-12 14:02:47,2017-06-19 12:33:56,2017-06-26 13:55:45,2017-07-05,02cc3b5d9fb4b6a27fcffba8640601d4,2017-06-12
6fa0a93cdb26addb94babd05cb172c69,a2a078fa1733f929581628ac2d2c4bf2,delivered,2017-11-27 20:26:26,2017-11-27 20:39:36,2017-11-29 21:23:04,2017-12-16 16:51:24,2017-12-19,c0739208435ce7d8c104608cf07cc715,2017-11-27
1f6b1a05b6d25d477413bbc327f1a714,677602cd0786998b80490124d923eb07,delivered,2018-04-19 14:23:20,2018-04-24 18:13:54,2018-04-25 10:54:24,2018-05-04 17:48:40,2018-05-23,dc68cd1aea7c3484f80d9aaa38c0c8d3,2018-04-19
8136bf2406388feb89749d0801840cbc,c10df225c03861cca258bdc8f9e29cda,delivered,2018-04-07 10:43:23,2018-04-07 10:55:14,2018-04-11 19:54:37,2018-04-18 00:39:32,2018-04-26,168ad562bb545e78897ba109581ce790,2018-04-07
4d5ca668f7379152280cad9804224092,5a2d7291ecbd025f673ee972a24e7611,delivered,2018-03-01 16:07:47,2018-03-01 16:15:34,2018-03-02 17:57:05,2018-03-22 15:26:32,2018-03-27,c1c2d7e232379ac754dcddc163c113e2,2018-03-01
a503ed3639b58426f15f719d61bfe408,a11a96019906d49f5d01edda79022941,delivered,2017-01-27 12:10:43,2017-01-27 12:31:29,2017-02-01 01:02:56,2017-02-15 18:45:02,2017-03-03,7ccbb0145aa630a84998d6584129a96c,2017-01-27
f42bc77d6937968056c0a86060664c72,9ba410e5ef39ead3ac737a405812d23f,delivered,2018-03-04 11:28:12,2018-03-04 11:49:35,2018-03-06 20:04:30,2018-03-14 21:48:41,2018-04-03,aaf279dbc945a412bfb72063ee98da3f,2018-03-04
fa2ea4b6e84c1c0fc4f3a6d468c55183,b5d838521379fbc2a2e8c3f360f57e01,delivered,2018-03-20 22:27:08,2018-03-20 23:10:30,2018-03-22 19:09:08,2018-04-17 22:08:43,2018-04-20,7d409442d2f22a2d058c1d1a19615324,2018-03-20
b8c12de243231c164525a1ff7a08b60e,9821287ad7d15f4d84c475e944394694,delivered,2018-03-03 16:29:40,2018-03-03 17:28:52,2018-03-08 19:56:34,2018-03-20 20:17:21,2018-03-21,a5d6b7600fe41b4ad9b2bf917674c50f,2018-03-03
965894a29e84a767db7030a6829aa075,09dfcfc2eb69eecaedfdb6855ca8301c,delivered,2018-07-02 19:51:20,2018-07-02 20:10:07,2018-07-03 12:16:00,2018-07-12 14:24:39,2018-08-06,5558d8c7f7c3bcc6a75df959fd9f7857,2018-07-02
e56dc70751e30dd4008c762ed6be2bce,bbc3f376031737e9800139ad8765867f,delivered,2018-02-05 16:33:32,2018-02-05 16:52:07,2018-02-06 22:57:37,2018-02-21 20:52:46,2018-03-02,2b8e8062d6c0c32158964cdfd89f7a0a,2018-02-05
0339c36ce09427390de0dfe649d7e073,0bb22defe0dd478a90cff2c735610686,delivered,2018-01-22 19:00:47,2018-01-22 19:14:24,2018-01-26 18:14:17,2018-01-27 20:46:45,2018-02-06,b3e368643782a907d9dee84bb01205c5,2018-01-22
af00499b52c61ba01c141aa619499861,21002c15c8aa325861340153df24ef5f,delivered,2018-07-01 13:48:36,2018-07-05 16:03:55,2018-07-03 15:45:00,2018-07-11 17:48:46,2018-07-17,c65ad99adaa9d65cd3599d031c7921c5,2018-07-01
8eb8340fe562c039a135209676b65768,e31acf8fa4dc5221a8252948ba1216f5,delivered,2017-06-09 18:33:19,2017-06-09 19:42:35,2017-06-14 06:51:23,2017-06-19 17:52:34,2017-07-10,4f114774b7afe0f12cfff94e2b5c61c1,2017-06-09
a1f1c1a9b85e3577708c859890081c48,4796e39a763d67f1eea914be94b6533e,delivered,2018-05-07 15:48:42,2018-05-07 17:30:07,2018-05-09 05:55:00,2018-05-16 00:42:20,2018-06-08,20268c28f10a856e5dc90bf8810a5c31,2018-05-07
f6e09765a386aa4607ea665f090511ae,8c4d6b0b94bdda396e839a02feeaff86,delivered,2017-11-23 07:43:48,2017-11-23 07:54:29,2017-11-23 17:12:25,2017-12-08 13:27:03,2017-12-12,4b178eb199e27660d160db227734902b,2017-11-23
4da457afd715a9eade1b7b5a2fcc2d9c,4d7e93a0a4df3fd770527b9c914fd898,delivered,2018-01-17 22:38:37,2018-01-17 22:50:16,2018-01-18 12:32:31,2018-01-27 16:18:53,2018-02-07,85b6862cf777031594d76e581610f137,2018-01-17
62d1fe3b4b56a1fdd8b36c6337feb134,02d3be823b4d408e3f5e80f5cb7cb0e9,delivered,2017-07-20 18:13:23,2017-07-20 18:25:17,2017-07-24 17:37:39,2017-07-26 21:26:46,2017-08-02,0f3a227f3d3a4571ee21f797defcc40f,2017-07-20
cbdd479f38ee1e515fba2abac4ab132b,830028761e323fc5040b241f35e91579,delivered,2017-07-18 13:54:26,2017-07-19 15:43:31,2017-07-20 18:34:07,2017-07-21 20:04:59,2017-08-07,5a37883646dea06043b9fb87845ca543,2017-07-18
e127e496849462216ba78b6dfe0c48ed,4e1eea7b0e7ae6e0ed69d9017f4641bc,delivered,2018-05-01 17:38:20,2018-05-03 04:12:48,2018-05-04 15:46:00,2018-05-14 19:03:33,2018-06-01,a029899dd8534557a81c369475ff80c8,2018-05-01
d7f4c7c033cbbcef2916aaf7b594becf,465fd465dfc7d83630b4c1ca4b51deeb,delivered,2018-01-15 05:46:01,2018-01-15 05:54:19,2018-01-16 15:40:33,2018-01-25 17:02:49,2018-02-14,910ef561b28c67973b74ce21e0d252ea,2018-01-15
50dbf23c28366a81bdb67c0392e121cc,b1348f86675924b0986423cba52b3334,delivered,2018-01-22 23:34:37,2018-01-23 23:34:10,2018-01-26 19:07:05,2018-02-06 18:53:52,2018-02-20,2476d7ece2a612057413907e779f4837,2018-01-22
3a667f6f00042dac8b2259c2b2c78869,b8dacf36fb30ff861d84026b5e07c5b2,delivered,2017-11-19 18:20:43,2017-11-20 18:14:23,2017-11-22 20:47:32,2017-12-07 23:33:57,2017-12-13,ff037d42d0344b6729124c5c5fa98e10,2017-11-19
4c339dfdfa86bf3f203ed8562aef7df5,c14493561a722266d3b4452d54871c40,delivered,2018-03-28 05:50:33,2018-03-29 03:15:28,2018-03-29 19:45:34,2018-04-10 13:04:02,2018-04-25,56021b763011b8ed244ac2ea5e2ad382,2018-03-28
83b2d648943450c9ec62dea697e60c4d,c0c2e80254e10e47ab732cb4eb307aee,delivered,2017-10-09 18:06:36,2017-10-09 18:25:32,2017-10-10 14:38:19,2017-10-27 19:12:46,2017-11-09,04a7c87b5ad765b927cea5414d2222d5,2017-10-09
6c913991aedb5977cece1b1865cab730,67183b1b66db8358614f86d20c62294f,delivered,2017-08-08 21:31:55,2017-08-08 21:50:07,2017-08-09 15:33:51,2017-08-16 19:37:48,2017-09-05,4a9371a7a620ff0a9d2edb76f90ac26f,2017-08-08
e4f0fb907ebf79c450a8646d85c36d62,974f9c5c29d6eedcbe11b1b76ef43553,delivered,2018-02-01 16:37:28,2018-02-02 16:00:44,2018-02-06 18:37:02,2018-03-19 21:46:51,2018-02-26,37edf88a16ac58eaf8a0d1af50aea6a8,2018-02-01
2b70d21ddc5dd76283f1ea40d68b4011,48728549343164b0cee90ac68d3000a8,delivered,2018-07-27 20:09:23,2018-07-27 20:25:10,2018-07-30 15:04:00,2018-07-31 20:07:52,2018-08-07,f57653090d93324bac8daa67615472c9,2018-07-27
0d88db9608d798b5d604f668ca3c9bb6,255b0a0e9448ec28a16bf983b2d08298,delivered,2018-07-23 20:03:46,2018-07-24 10:31:18,2018-07-24 14:42:00,2018-07-25 18:45:29,2018-08-02,dbe6aaeaa8efb812cc62c6dccd03ce33,2018-07-23
e76180345fb828eab6371bd9cb478529,d47f91614f1a37b1a64a53e39024a5bd,delivered,2018-05-01 13:40:07,2018-05-01 13:50:35,2018-05-02 16:19:00,2018-05-16 00:22:07,2018-05-23,544e3762126f38f6e8d5d7da856c13db,2018-05-01
186748dbc47f9d6cf119fe3ce8be3ea7,934a673b8bb916473b761f064fc69295,delivered,2018-02-03 19:36:02,2018-02-05 11:30:05,2018-02-20 13:27:55,2018-03-02 20:02:53,2018-04-02,57cb4482eb38713231d3472c3e01679a,2018-02-03
5a9091e3b6449a23c5b751f426945acd,03f21d23b93b0baba743e57d5ad14604,delivered,2018-06-24 21:35:02,2018-06-24 21:58:30,2018-06-25 14:22:00,2018-06-26 19:31:37,2018-07-05,c8b70db37661ea4af86ff28f65cad092,2018-06-24
4130a3c17d5018e8877e1dc104b55fec,389f2b5837cf58e9421ac2e8edbbe43a,processing,2017-02-03 20:08:53,2017-02-03 22:25:14,,,2017-03-21,5a1e54e72e1dc1cf05040e6b2208b2cf,2017-02-03
829cd80a357f79daa5758c5f4007fe23,bfc617fed8813736c353eb59ab967901,delivered,2018-04-12 21:47:04,2018-04-13 21:50:54,2018-04-17 00:27:01,2018-05-14 18:02:55,2018-05-15,458e482ec6d834e9f8df09a05feeb9d4,2018-04-12
cfde948cbe426f37ac61e0f04215a5f3,000e943451fc2788ca6ac98a682f2f49,delivered,2017-04-20 19:37:14,2017-04-22 10:15:17,2017-04-25 08:23:14,2017-05-09 11:50:02,2017-05-17,d73c3cf4a0922ece1176bd40eb76ac50,2017-04-20
214e3e63d08a54a0670daa8ce72df870,4b2c763f9ab82adb060b50e0db39846e,delivered,2018-07-16 18:18:52,2018-07-18 02:55:26,2018-07-27 12:02:00,2018-07-30 19:21:44,2018-07-31,bcc9b7f2405bb685ba307f82623af694,2018-07-16
de850dab321309c862edfd8d24e4acdb,be25fc519149fff767b78b8c37742fe2,delivered,2017-08-09 18:39:09,2017-08-09 18:55:11,2017-08-11 20:48:04,2017-08-21 18:32:58,2017-08-31,eb0942a2e9a6124956c421c8ad5cae30,2017-08-09
1eb1c9ea2b136f9dd002a9653253f916,2d67d754b997543e1149b44090e2557a,delivered,2017-10-20 14:22:18,2017-10-22 20:35:16,2017-10-24 17:18:57,2017-12-07 21:09:08,2017-11-08,f705b2a95c88e8a57a061c85106be9a4,2017-10-20
97f0469c4d923101d383461947f575bd,8d0bff7849251c677974318829e488d2,delivered,2018-05-28 09:03:49,2018-05-28 09:15:16,2018-05-30 13:59:00,2018-06-08 18:38:37,2018-07-04,999b7a8f338e8b8d6f94f865a810111d,2018-05-28
e84303628aff310abc4a515e1883e4f0,d96f4f29f2eb4864528c23adcaa2f7de,delivered,2018-05-18 08:40:38,2018-05-18 08:55:46,2018-05-18 13:26:00,2018-06-05 05:06:17,2018-06-08,f78bc67b7fa9441a8e9ba8b7bf89edae,2018-05-18
06715eb38b73fdec38cd6db5aadc0214,6f2aa8cb749347f2045d1104aa7b8fcb,delivered,2018-04-11 21:48:05,2018-04-13 12:35:32,2018-04-16 22:40:46,2018-04-17 13:58:37,2018-04-27,6c2567283afe67eb8a3e2325fcdd9b01,2018-04-11
99766ab732ba619f1f3af1c3dde129de,40f30baee62a175d0405cd8be810872f,delivered,2017-09-14 16:00:41,2017-09-14 16:15:13,2017-09-15 18:56:33,2017-09-20 22:59:04,2017-10-05,77208075d62d363e697500d057d7701d,2017-09-14
cbc53400ab70c26079285e050d0dd7e1,10cf0db79a8e68ac76562fa4d4be2e22,delivered,2018-08-07 22:04:34,2018-08-07 22:15:22,2018-08-15 17:06:00,2018-08-17 00:36:23,2018-08-27,752ea7a0315f9117021ee1d6df7e8821,2018-08-07
a5feb0197f260c5208284d3d53639266,0433bf499177881400c0a69aaa22ecb2,delivered,2017-02-20 18:52:34,2017-02-20 19:05:12,2017-03-03 16:29:27,2017-03-08 12:09:28,2017-03-17,a41e44cb8ecf5a210067c6d19e35aead,2017-02-20
29d99fdabd0cb6b4e9d82f2f38c04a5a,c64e943126adfabb1c2ae21b4bc1e650,delivered,2017-01-25 19:44:48,2017-01-25 19:55:09,2017-01-26 14:03:04,2017-01-30 10:57:44,2017-02-22,d6d67261f2634cdf9ec293cd765c8479,2017-01-25
4ab6fc6c373a975bb90e462b81260198,c655ad65c7fb69b14d38b1544b44830c,delivered,2017-11-14 16:19:50,2017-11-14 17:03:45,2017-11-17 10:55:03,2017-11-23 18:07:36,2017-12-04,f08c87c9c527652b441b7e91a2291e6f,2017-11-14
4178c05b8ab84fbe2adaf20cffadaa9d,cf77be0a16390b1bb987c34774bfc5c5,delivered,2018-05-16 19:04:45,2018-05-16 19:15:24,2018-05-21 15:39:00,2018-05-22 17:16:59,2018-05-29,c4222b83b743adeb06f47ad11c0a1513,2018-05-16
3d3b7c4f5d2e07cd4015a956e164a9bc,b15813d0088198cf887bd2d7f86fb6bd,delivered,2017-06-19 22:21:25,2017-06-19 22:30:17,2017-06-20 09:38:44,2017-07-06 06:22:05,2017-07-17,1321d4bbcb405b2fa4cfd37d3e1253b7,2017-06-19
b48c1dd4cb4c98e4dceeb753c952c961,f59bcf02757dd0a656acd021758b6b0f,delivered,2018-03-11 22:48:32,2018-03-11 23:00:29,2018-03-13 23:11:38,2018-04-04 23:54:47,2018-04-11,82e64e3af13810067a2c33a1372580be,2018-03-11
0d9a4836459b4ededef3b8dfd7978d3b,ca6a166e2e426cd1120c7929a257408f,delivered,2017-07-24 11:20:43,2017-07-26 02:23:32,2017-07-26 14:57:42,2017-07-31 19:21:36,2017-08-11,4c0a51f04c6f491f080bcdf3baf7eff8,2017-07-24
7a14a70f9fa2682df5021dff14f9c356,5836e8a2c2943e441ce6ef8b80d70df9,delivered,2017-11-01 20:55:07,2017-11-01 21:31:26,2017-11-06 21:46:32,2017-11-13 16:28:34,2017-11-27,686bcbf0796c1627d0b9cef57e94808e,2017-11-01
641a6b3010ebd6619b68befb30b05092,6e392890031d7887d1fdc8cd87c2538e,delivered,2017-07-13 18:25:24,2017-07-15 03:25:18,2017-07-19 18:54:58,2017-07-21 17:39:26,2017-08-10,93305f788b3720a3f7c8002bf4c945e6,2017-07-13
22c930d93c85657de22b7cf482ed42bc,14afdd8037ac12c2e1a06c68fd718e88,delivered,2017-03-04 10:02:28,2017-03-04 10:15:11,2017-03-08 11:28:22,2017-03-21 12:07:14,2017-04-06,da978feb07321ff992c49d7cd62abbe9,2017-03-04
83af889aa8c573153bd3ac6aaf47f1b6,5e2e76a6bc10ea3f640ff4935ea21671,delivered,2018-05-08 09:07:10,2018-05-08 09:15:24,2018-05-08 15:55:00,2018-05-16 19:14:31,2018-06-05,7158f4fa0f85c3da884e3092008066eb,2018-05-08
d5949030ef220e0fdbf194f9ac503698,6fbb5f2850748f7d21c5c8b7a04abb29,delivered,2018-05-22 02:32:01,2018-05-23 02:38:11,2018-05-23 14:22:00,2018-06-05 14:27:36,2018-06-06,3b39580e4261e7ccca810008474922ae,2018-05-22
9e96e482f747d3cb997cff90397a37d3,8f56c275bc7f5d95b20b4e961602ab39,delivered,2017-10-17 15:18:59,2017-10-17 15:56:39,2017-10-18 19:19:08,2017-10-19 19:34:24,2017-10-27,9e98e4329d3644ac09aafdcfb03913ec,2017-10-17
0a77b770428bccbea7f9dbf8aec5d6ae,1abf283d0aba52db4f323567c763714b,delivered,2017-02-17 13:53:06,2017-02-17 14:05:20,2017-02-21 13:08:06,2017-03-11 07:09:08,2017-04-24,3ad4f7f719b511802d7a94093d055e72,2017-02-17
7b7dfd05d2c719dee808c63d56b8f218,3509c843a061d65a8ab7ec2937d39e2f,delivered,2018-01-22 14:26:35,2018-01-22 14:36:30,2018-01-23 22:14:35,2018-02-02 15:51:57,2018-02-21,ef8e529d9bee7e2c99288cc5c12b7045,2018-01-22
97cca737331c9c6009a3e8b555d963b2,d2018619893dfe90ddb36350daf94d4b,delivered,2017-09-16 18:35:10,2017-09-19 03:36:31,2017-09-20 02:57:52,2017-10-20 20:41:15,2017-10-04,0a9225d268d5b00bf3c416b106ceae10,2017-09-16
ae375d6b88c37582455ff3a2b83462d4,e676e40ce5590961bdcc32bb0e61a97e,delivered,2018-05-18 23:11:42,2018-05-18 23:38:20,2018-05-21 12:55:00,2018-06-12 18:34:56,2018-06-07,8ebba27972041f432c9eb499ba66f638,2018-05-18
0b252b879dbab76b4730df79aeb1778f,735fea8fd580c255c79ad1572ad02a11,delivered,2018-02-11 21:29:50,2018-02-11 21:48:40,2018-02-15 19:13:20,2018-03-17 16:54:21,2018-03-08,b349278984725808b0928f12b0ca24a6,2018-02-11
309d9fa2b3c76ea52c4ab89132f38adb,bdf4339fff7a233baab4173fcc20bb8b,delivered,2018-05-17 16:53:40,2018-05-18 00:55:16,2018-05-18 14:53:00,2018-05-20 17:19:36,2018-05-25,b4ddb3749363f9b1548228b1fbfb627f,2018-05-17
6094159cbb1c76bdf3249a954c2da017,e2a1ab008932ae1211651ffb0cffe7ea,delivered,2018-05-17 14:40:34,2018-05-18 00:14:56,2018-05-18 11:20:00,2018-05-30 20:44:25,2018-06-05,b35bbea722303bf6e700f2b67ed6a88e,2018-05-17
5c3c60aeb481f5e8ca0598d6f3d6ab39,816aa111712a2cf1be607a062914e6ec,delivered,2018-01-05 17:28:50,2018-01-05 17:47:55,2018-01-09 20:25:10,2018-01-13 13:25:46,2018-02-09,5131a2eb849e0d5a5c12a4ca3944d4f2,2018-01-05
de1735ddae84d1b39915bcac1cacfff7,936f05fe2c3834e025e9a448bdb2963a,delivered,2018-03-07 20:01:02,2018-03-07 20:10:27,2018-03-09 00:46:31,2018-03-14 23:51:56,2018-03-23,93347e9a32e3e0367b3ff01bb47f9812,2018-03-07
8e920dc25b190dc9f5633f36649d3aca,41e596fd461c4ffcb8e0a29f8b247153,delivered,2017-09-26 16:25:06,2017-09-26 16:35:20,2017-09-28 16:53:09,2017-10-03 11:24:52,2017-10-11,23800afbf00b208a2c254e9d55b9ed33,2017-09-26
aea446ff4ed3972ae041cdad9d4bc2c4,bb83d6096ef628adc2a3045fc355850b,delivered,2017-09-23 20:14:47,2017-09-23 20:25:11,2017-09-25 22:06:33,2017-09-28 16:25:54,2017-10-10,c3cfb1f45e6904590b3d372ff6bee982,2017-09-23
85f2d1d18951198c1beca750c4df59b1,e8fe08cf36af5be20512a9cac36725b8,delivered,2017-12-02 13:19:52,2017-12-02 13:37:49,2017-12-06 22:34:13,2017-12-16 16:46:58,2018-01-02,1ec5df023b06830ce9f97595b72ba625,2017-12-02
6c690f3acecd6d2c000b1a67a1a699c3,6daa3acba8bd2c5608f4a8bf485416f8,delivered,2017-11-24 09:43:53,2017-11-24 13:13:20,2017-11-30 17:33:41,2017-12-26 22:52:47,2017-12-21,4e28016fafca508e9c6d9eed1a23260e,2017-11-24
38907d62f0ad31245147a7a2378ff1db,26b37e3c9916ccf7dff9b2a20353d40e,delivered,2017-06-08 11:31:19,2017-06-08 13:06:00,2017-06-09 08:35:19,2017-06-19 20:31:48,2017-07-04,e77e0fcb06b07a1f448569c27fc6675d,2017-06-08
90c8bde12aa6f80aa197224f08645a34,d824df6cac5ce0f5ca789b0973ffef94,delivered,2018-07-20 18:42:33,2018-07-20 18:55:21,2018-07-23 14:51:00,2018-07-26 19:18:40,2018-08-03,e731926bdabcb86e3d65a3c40472dd3a,2018-07-20
b9c43f56d5318f81019ea0687d34a9ac,4e84e01a198b303ee368e61f8cd7c9a6,delivered,2018-02-07 09:18:05,2018-02-07 09:31:33,2018-02-08 18:58:33,2018-02-16 16:12:42,2018-03-08,8ba1aec4519d0265ae975791ff94416f,2018-02-07
b4991992f14d4f5d1283bfe1922df009,526234c32dff9347334c4e30f625dff4,delivered,2018-01-18 22:31:18,2018-01-18 22:38:36,2018-01-23 22:51:54,2018-01-27 12:06:52,2018-02-08,25d0c258ec48d01a49f900159b925fe6,2018-01-18
0aa86627eca7db30ae324772cc15ff7d,f8b399854fbe5ea3bfbd0de81659502d,delivered,2017-09-11 22:24:48,2017-09-12 04:25:49,2017-09-13 20:54:43,2017-09-15 21:04:32,2017-09-21,13d53cc311380a96a9f97d340d73cc7e,2017-09-11
1908ed707b93dea3b6f1cf86ec20f1f1,7099bc9e000fed5fe3cace34788e7714,delivered,2018-04-19 09:25:31,2018-04-19 09:35:21,2018-04-19 21:12:09,2018-04-23 19:34:44,2018-05-14,5be3022901f0cf917eac009d29fea360,2018-04-19
d9be5eb6e572c7e2a77db678c9d79aba,58a7e72ddd2cf6b2d3e29c8e02bc1525,delivered,2018-06-01 15:13:16,2018-06-01 15:32:03,2018-06-07 14:50:00,2018-06-08 17:32:28,2018-06-26,85831bbd86d6bd9f172c3d13b5bb4585,2018-06-01
c22f4f00d48f26a217d8f07c7653b588,89f3f247be3a575d4b6be4f08bb5b15c,delivered,2018-07-05 12:55:18,2018-07-05 16:30:49,2018-07-06 10:13:00,2018-07-10 16:41:30,2018-07-26,40bc0c5f4ce6024f045e62c269a8645f,2018-07-05
e3d564567e1bd9b72a0376689e35090e,2f794169fb154619e713517d93344bda,delivered,2018-03-15 09:03:56,2018-03-15 09:15:34,2018-03-16 00:38:32,2018-03-20 16:32:57,2018-04-03,32896af938b139a6b13adc599b0e865b,2018-03-15
87705ad28e933836ccc0a97742528ace,ee3d0e96bd93b2c776b711a37ed97ed5,delivered,2018-03-08 17:05:09,2018-03-10 09:47:56,2018-03-14 01:28:24,2018-03-16 19:50:42,2018-03-21,1854122b40297788a444f49ca7735eae,2018-03-08
a17a3fb93e43abd822552a9f93b02c1e,41efd10f01f154a3bd077b715dea67fb,delivered,2018-08-22 16:11:10,2018-08-22 16:25:25,2018-08-23 14:09:00,2018-08-28 17:03:00,2018-09-03,c8ad2ee30a24eb2e3a76b865d5313485,2018-08-22
96ca2b00313646e8fd1bcaf991f2d598,72aec8b08542b4ad46dc664e1a0c69c0,delivered,2017-04-30 22:10:25,2017-04-30 22:25:11,2017-05-03 11:52:48,2017-05-18 11:13:12,2017-06-06,607ee8bb02a830ab3fe92493d4cc9892,2017-04-30
b45b66d3543568daaa1fe2290859d88a,2afda983fb05aca314929a1352960eaf,delivered,2018-07-05 10:50:58,2018-07-05 16:19:59,2018-07-06 11:28:00,2018-07-10 15:22:01,2018-07-18,e565b42507b50ecf88a9c6c1272940c4,2018-07-05
48c7312fc36fbae321c1d9b49803304b,fef48c390f25186c8dce2a4ea986c213,delivered,2017-07-11 18:50:53,2017-07-11 19:03:37,2017-07-13 19:11:54,2017-07-21 18:43:11,2017-08-08,35c8836f7ec75aefc11b1c77640c8c29,2017-07-11
f83cde9bf6f9593a8466b50ffc0507fa,8fa3ae12b8d424297ba297043ef7a891,delivered,2018-02-03 17:17:30,2018-02-03 17:30:23,2018-02-05 21:38:51,2018-02-09 22:26:36,2018-02-21,ff9e81db84e46ebdc0a8d5e42045e9ff,2018-02-03
ed0ae3732ee2e824f65323bc549605d9,9a26bc2f56790acd34d1ac7bd666fb56,delivered,2017-12-04 15:39:10,2017-12-05 04:13:25,2017-12-06 23:48:54,2017-12-12 17:58:32,2018-01-05,bbf773b15a7c742ddccc3fa3ef1b583d,2017-12-04
9f563a8656b5ff2aadf5febbec9cbaf4,0f458b6f791d489c7facb31beb7ea763,delivered,2017-07-20 15:20:48,2017-07-20 15:35:13,2017-07-24 18:57:40,2017-08-05 15:34:47,2017-08-11,0f6cdd43d37f1df2611490e30eb3338d,2017-07-20
00ba414462370af2d76195d12e0d5481,0623ac95ea8764ca730185db76ea56a0,delivered,2017-11-30 10:00:43,2017-11-30 10:22:08,2017-12-04 21:13:48,2017-12-16 00:09:13,2018-01-02,034f3cf671ecc03610f2ce339ee72f4b,2017-11-30
f69cf3b291cebc67406533d345c21e01,df0b1989cacff9ad7beaf2bcc6336089,shipped,2018-07-23 14:30:16,2018-07-24 11:32:35,2018-07-30 15:42:00,,2018-08-22,9a2de4881b1c6afeef127a0cbaab68e4,2018-07-23
07fac8f9cadb792264f2985ef93eaa13,28d1088c5d8ee46242a50fd06f116e63,delivered,2017-04-26 08:25:51,2017-04-26 15:03:13,2017-05-02 17:12:19,2017-05-13 10:59:37,2017-05-15,f5b0285002cc988e5694855a11a1132d,2017-04-26
ac7be03875c6dcaf9cbe029dceeaf54c,fbd922e9f5bf7801d5158eca21b27c26,delivered,2017-08-14 21:29:09,2017-08-14 22:24:25,2017-08-16 11:59:54,2017-09-05 17:24:18,2017-09-15,e292ce879d657c57ba04028dda21fba9,2017-08-14
ee6ccb9e2ac9c3de0114a22625cbc859,4106ddef0ac33e5a0e3143456ac5f16c,delivered,2018-03-18 22:17:56,2018-03-20 20:50:36,2018-03-23 20:20:50,2018-03-26 22:22:45,2018-04-13,2875c681845ef99dc88310c0d712ed6e,2018-03-18
fc3078fa5d882e59237a658341f57738,66beadbcff140118a939ede891f05d18,processing,2017-03-02 07:53:29,2017-03-02 08:05:18,,,2017-03-27,c1bf6e8b113a3bd1b419a4fd2b8cb1a5,2017-03-02
37439c69cc9254ad393066b4061ae5f2,667a6188019456a8aa6bba524a82a321,delivered,2017-12-30 13:35:51,2018-01-03 04:29:31,2018-01-04 17:41:53,2018-01-18 17:33:17,2018-02-06,743b49a24819c5f80b4240eda65c3b26,2017-12-30
6666c6388feee9456acf73eb0c0b2e6e,f5e160702969b16b3e1195b81bcf4899,delivered,2017-07-24 19:45:27,2017-07-26 02:25:33,2017-07-26 16:19:32,2017-08-01 20:53:37,2017-08-15,8cf77c343cfd78dbbbc900b911e29f1b,2017-07-24
f296152f7123f2d4455e82df8835f5a2,194e5864217a3571944250937dec0a41,delivered,2018-08-21 09:39:27,2018-08-22 20:30:17,2018-08-23 14:37:00,2018-08-28 21:04:27,2018-09-05,3835ffb159db5caefaee811db9477b6c,2018-08-21
e11ea6be9b7b180e46f0b9186f39354a,aad53c950158343811d07a7ce61c0f4c,delivered,2018-01-23 10:06:14,2018-01-24 02:53:04,2018-01-24 20:15:42,2018-02-09 14:37:50,2018-02-16,49607f8d8bda4f66f906ce0206ca2df2,2018-01-23
2abac84637c5e0ddd2923f22ba61a96a,d3343ef400ee50f5a78951026cdec7aa,delivered,2017-03-30 01:08:09,2017-03-30 01:22:35,2017-04-03 15:40:19,2017-04-17 11:03:11,2017-04-26,7113bfd87bd5bc858271d272cd303251,2017-03-30
acb3a4ba3d4d4b0c57cd93736fa61558,2bd859804139f43a638beb3cabc4b204,shipped,2017-01-29 15:21:30,2017-01-30 15:33:30,2017-01-31 13:54:38,,2017-03-20,0f1190ffa87d71271b42b9df8245258f,2017-01-29
46f5a018bc61897add7cf53bba946d23,1dacf1136b639f698fd39bcf94bfdfc5,delivered,2017-11-24 19:44:36,2017-11-24 22:58:41,2017-11-27 20:03:50,2017-12-20 23:27:20,2017-12-22,76d234775fc42bd69b7b47be9e7d9a71,2017-11-24
ee116eb6355020a3addabb2a821ec818,b53ead64a4a888ed84bc181403314bef,delivered,2017-09-02 12:33:25,2017-09-02 12:45:16,2017-09-08 23:42:22,2017-09-15 21:23:08,2017-09-22,58e16b9b31cecd2680fb21ca83dc680c,2017-09-02
1ce7fbaa63b1e1a632d51df0ecd2cf39,61a66024d2f81147f7fbbd78e58c1334,delivered,2017-09-25 21:35:14,2017-09-25 21:49:51,2017-09-27 18:29:40,2017-10-04 18:23:35,2017-10-19,a50579d4642d6e931bdbecd9ec631108,2017-09-25
323d6a7119864c4c95a2a27b45e89b6c,fa5219bde84730e0838778c84e2989c7,delivered,2017-08-19 11:09:55,2017-08-19 11:25:35,2017-08-21 19:04:24,2017-08-25 11:22:58,2017-09-11,b530945168f12f82a3f9be3a5e243afa,2017-08-19
b34d8ec665f905d3c7583b291f54b605,70da82df80a3f1ca6fb62b41b08c7c53,delivered,2017-01-29 13:34:56,2017-01-31 04:34:03,2017-01-31 13:41:04,2017-02-06 18:23:27,2017-03-21,568877b6b81f66898aaeff1e2d66ba5a,2017-01-29
8ccbe46ffeae4720eba99d2d2de07542,4174d5e8a7e5d999203b1ab2870459e2,delivered,2017-06-06 15:19:21,2017-06-06 15:35:14,2017-06-09 15:47:55,2017-06-16 15:45:49,2017-07-04,4c112bdeac93a04155c340b65b35c232,2017-06-06
b6d9ea292226815b57dc2034dcc70a91,cf6f93633e3f4c56949d0ea7ea1b14cc,delivered,2017-03-06 20:29:58,2017-03-06 20:45:14,2017-03-08 12:43:49,2017-03-13 16:36:10,2017-03-23,f0cea0d2e3d88dcb25c9a8498aca8da0,2017-03-06
72729c533aa3957ddd96bcbc9237a49b,28a760962f6a7ad17cfa070eeceae1ea,delivered,2018-07-23 10:23:27,2018-07-23 13:20:19,2018-07-24 11:36:00,2018-08-02 20:14:37,2018-08-07,af4060a17b4d8f42ec3924792f07200d,2018-07-23
a6254817fe719457b22250e3cd2eb2ad,d3d6c763908df46d621bb82bd6f3b550,delivered,2017-02-07 09:06:33,2017-02-07 09:23:09,2017-02-10 14:04:13,2017-02-14 15:27:30,2017-03-02,0daffbe51ee59228d4174fc628ce774b,2017-02-07
cde93890c51e83a6998b489c87ad6cf0,3f0189de46eeeb99ba13da6c9bbd21c0,delivered,2017-09-08 09:22:24,2017-09-08 09:45:24,2017-09-08 19:49:52,2017-09-18 14:47:53,2017-10-02,fc45ba6b423768eb78c83c19c664814f,2017-09-08
32ab57d50a48de6379e2506ad1aa2b03,1f954c777b0dbd306b017a3e4cd26475,delivered,2018-01-08 12:06:55,2018-01-08 12:16:22,2018-01-13 03:52:29,2018-01-18 22:13:19,2018-02-02,d35862da9bdb38fad3994de72a77a3c2,2018-01-08
1af34c470eee707920eb7508e1e8efdf,b9fc3d447729dee0ddba58c9aad62fc6,delivered,2017-09-30 15:08:10,2017-09-30 15:24:37,2017-10-02 19:59:52,2017-10-09 21:41:06,2017-11-01,3d470cf44ec101a9ae26d7388f167091,2017-09-30
8e3d51628005e70bce8a2fc5d9c34564,a75ce53e2f73a69bb0b4d5d7e3452a21,delivered,2017-04-30 10:36:33,2017-04-30 11:02:30,2017-05-02 11:34:15,2017-05-17 16:46:12,2017-06-02,76f7f795ff665714c20a44d3d04b343a,2017-04-30
a8e0edb5ff1461490db1feb08678bbb7,51e514ce533c1d47d4ad2e31b6440913,delivered,2017-12-18 13:09:50,2017-12-18 14:11:30,2017-12-20 21:49:59,2017-12-22 16:14:55,2018-01-05,f62a0996df666d80d08beff157700026,2017-12-18
1e6f350c900ca357945126e20117d293,521ecef28ca5c3c9f3f816c2712fb016,delivered,2017-09-10 20:15:46,2017-09-10 20:30:15,2017-09-12 15:13:16,2017-09-21 20:37:47,2017-10-03,1d37df739a7cdbd28609dc2954cc2c75,2017-09-10
a7a0c8ebf2557ea4b30103fbff81e64d,030f5e1f842f24533ea4589b518dc34f,delivered,2017-08-21 10:20:23,2017-08-21 10:30:11,2017-08-22 12:29:31,2017-09-05 00:05:54,2017-09-21,5e8f38a9a1c023f3db718edcf926a2db,2017-08-21
e3f376c626cf5eff3b2cf6efeec384c9,f4a730a77353e73995beea20e6d5a2da,delivered,2018-05-11 08:16:34,2018-05-11 08:30:38,2018-05-11 14:25:00,2018-05-17 13:14:45,2018-06-01,f2386d53c42789bc093c378dcd3ad36a,2018-05-11
09fa09eaa76c4a81cfed79f5d5eb6cf0,5727a6a9809a24aab98ff74360a25702,delivered,2017-12-03 22:28:45,2017-12-03 23:15:26,2017-12-06 00:48:45,2017-12-20 21:23:35,2017-12-28,1178acd60cf0f07b3ae8dd8836f7a6f2,2017-12-03
eea2accc32d4396720d4e727986af0b5,06889194d9acf9c1917cd382b8b5da48,delivered,2018-06-01 10:38:45,2018-06-01 10:52:27,2018-06-01 14:54:00,2018-06-04 16:57:30,2018-06-26,97b8a596122261901da255b736c6fd1b,2018-06-01
8fff80a42ccaa46b2bc93da8a375e4db,bb3283015ce6171f960b3f0470c59551,delivered,2018-01-02 23:19:32,2018-01-02 23:28:51,2018-01-09 20:49:34,2018-01-10 17:13:35,2018-01-18,da006d4c52935d84b0421bd4592527c3,2018-01-02
9bef538a104e13d1b9a17fc2326b62bc,418a7cb3f81f06bfe99140e3ac8b35d7,delivered,2018-05-15 19:17:22,2018-05-15 19:36:21,2018-05-17 08:20:00,2018-05-22 21:22:31,2018-06-12,ec52024988f3496c0f4ec74c624fc382,2018-05-15
790966b7cfcf6aedddb2f1d392da3306,f5d6c53db4d6e6bbc1a7bd44b276eabe,delivered,2018-08-11 20:03:21,2018-08-13 10:10:23,2018-08-14 15:08:00,2018-08-16 11:12:08,2018-08-16,7ea092b63b0f76aa49ccb5f9524af893,2018-08-11
ea9698a810cde28c3c7a480eb46780ba,bb811a83a0a68c5e92622c1998ceb887,delivered,2018-04-24 18:16:53,2018-04-24 19:21:22,2018-04-25 15:12:00,2018-04-27 21:12:41,2018-05-10,b6dc40aebb90a145cf9a416dc0bc98b6,2018-04-24
f91a6274f42705db22d06ba516968a56,63bfda6ad1450c0a87a17ce91d252d76,delivered,2018-06-07 13:58:13,2018-06-07 14:20:33,2018-06-08 13:48:00,2018-06-13 20:08:45,2018-07-03,2b158071640f8f829f120880eea7e8f2,2018-06-07
262a22b18b8c7773c9ce2e3665db8c44,fa89c63e13c0be467dd82ddedc566260,delivered,2017-04-13 06:49:20,2017-04-13 07:02:07,2017-04-13 12:29:46,2017-04-18 18:55:25,2017-05-08,01d46b5cad3cda9c22f52df41197a671,2017-04-13
5f9d46795c3126674e52becb3a1a517f,79287bcaafdde5c793b996fc40bb7d9f,delivered,2017-07-18 11:48:20,2017-07-18 12:03:29,2017-07-20 23:03:42,2017-07-20 18:52:41,2017-07-31,9ba29e899022cb28eb0f845eeb5f0116,2017-07-18
07c03f32b0199526169eecbbe8c029d8,19302a30c6a6f3b071b5ba9ee49c9f1d,delivered,2017-07-20 16:33:41,2017-07-20 16:45:13,2017-07-27 19:17:25,2017-08-01 20:33:28,2017-08-11,0f4800f4a01c54821e6ecc08a7e19433,2017-07-20
f1cd9d30a289847f9a18900d191a4f05,7d49f4183bfb4a71d4148ac24749473f,delivered,2017-06-04 18:58:07,2017-06-04 19:05:14,2017-06-06 18:21:40,2017-06-12 13:41:41,2017-06-28,da1129827015ff9c0ff0a99c2396b28f,2017-06-04
27f2fc5cc614685907cc6814ab7701ce,6b954f8f6a637e8f3e2b8174a4fa6c26,delivered,2017-11-02 17:38:40,2017-11-02 17:50:32,2017-11-06 20:12:23,2017-11-13 20:26:33,2017-11-23,b810d85e6a77a107537de154d8ff5b01,2017-11-02
958aa1646dcfb7f03d8c959ba685afd2,c7a3b25d61057a214ae89cd169d5bd49,delivered,2017-11-10 21:51:34,2017-11-10 22:06:52,2017-11-16 17:42:01,2017-11-24 23:11:44,2017-12-11,b3c357a494fd0f5f31aa3d2dcf88b08a,2017-11-10
85463a351122352816fc7a395489cd0e,71f0417e6ec98d6a77cfceda918981ca,delivered,2018-07-23 11:56:34,2018-07-24 08:31:38,2018-07-24 15:12:00,2018-07-25 18:02:20,2018-07-31,7bc9c2bb11da40b84734fa5a4ccc8241,2018-07-23
06263a9c3476eea0ca0fd70081bc7cda,1867fd3a705e13f9043a5411e03958f9,delivered,2018-02-20 09:50:20,2018-02-20 10:07:37,2018-02-23 22:33:28,2018-02-28 18:52:00,2018-03-12,4d7b6c39aa3c7b53acb8058e4094a593,2018-02-20
4b505f3faa7d72b24398e54db4b0469b,847269205bef9d0bb2af058e64d6d75b,delivered,2018-01-17 14:24:15,2018-01-19 02:38:40,2018-01-19 21:58:54,2018-01-29 19:18:40,2018-02-21,1316bdf43eb431b24b927fbcb0e3bd55,2018-01-17
9bebf98dde01cd1b7d3e0ebab798fb94,77d7ab88d99606fbc5f3af63ee51a1fb,delivered,2018-01-04 22:21:59,2018-01-04 22:32:26,2018-01-08 23:47:28,2018-01-17 19:48:48,2018-02-07,5e44fc472a1f02f6de6ebd191f1efa46,2018-01-04
6c122d18e485014d7f23bd0093465404,303f121f379bb6c560b404054afe6e60,delivered,2017-09-03 21:28:15,2017-09-03 21:44:17,2017-09-04 20:34:56,2017-09-11 18:17:50,2017-09-25,ae207cf8119fd10e3b9ac24570089fad,2017-09-03
5adda4b39b5953dd97a6ddc8fa7aef68,a0a729cdc5c099090850edfc224e0577,delivered,2018-01-19 13:08:32,2018-01-20 14:41:33,2018-01-23 20:58:12,2018-02-15 17:40:54,2018-02-05,2777421e7e4ea6153672922c70018b84,2018-01-19
8d5fc2fcba3c7e7183a3c20d1dc7e591,e82f6a8844e7afd8c587b36293193514,delivered,2017-08-19 20:17:03,2017-08-22 14:06:31,2017-08-28 18:29:41,2017-08-30 23:13:45,2017-09-11,8a63a34c7fe77924a853e44eec72b1ae,2017-08-19
faaf6a860e3ad876765787c9e1a93464,31e5072f5abd6e9d71b202e9904d1355,delivered,2017-04-05 15:52:21,2017-04-05 16:10:10,2017-04-06 09:28:31,2017-04-10 17:52:15,2017-04-26,f1d2b8e3cceefb1296e0f1a473a671f9,2017-04-05
68743b7445ab5ce45c40b8490752c44d,cde0fab0e97c1807c7b4e1360483b507,delivered,2018-05-17 10:18:48,2018-05-17 12:31:59,2018-05-18 13:57:00,2018-05-30 15:09:38,2018-06-01,017c4e59e1a95482f32f65e03a46af95,2018-05-17
c7a56fad11f43d4eb9154f154fdafba5,166e89ca03220ced3e64bb51d351b619,delivered,2018-01-16 12:13:28,2018-01-16 12:26:11,2018-01-23 19:31:58,2018-02-05 20:39:28,2018-02-16,2fe593f7802e5a4081ae50ec31918a5b,2018-01-16
d19eb4960a7c6f0146582f3cc7b46d43,63d57fd57b274adde9efa6f649d07d45,delivered,2018-08-16 13:54:18,2018-08-16 14:05:22,2018-08-17 08:24:00,2018-08-23 00:21:54,2018-09-11,c07b7aa6f18fd8abce31169a600ec511,2018-08-16
311f414d342d169b316953491c3366d6,be8efe42f0bf48c3b55b402f10a05a61,delivered,2018-05-21 11:57:31,2018-05-21 15:32:19,2018-05-24 13:56:00,2018-06-06 18:36:52,2018-06-11,349b4f1fee50d2c510dd9663526cbe34,2018-05-21
c3dbc724471dca9ff3515615f8b15f02,419a59df900e484bcfaf13c37609e7d3,delivered,2017-08-01 14:47:34,2017-08-01 15:03:40,2017-08-02 17:46:05,2017-08-12 12:12:11,2017-08-23,a205abd67087c2a8b4d03afda5822e17,2017-08-01
2e0b1f8402c862aceda3851490482211,edba86b93cba1f0e3e20021fa98f5590,delivered,2018-01-05 23:45:24,2018-01-05 23:56:23,2018-01-12 22:22:04,2018-01-23 21:46:55,2018-02-07,232007f7d8c26eb8d7daaacb46501783,2018-01-05
b534f5b64db31c82a5aadfbaa0855e5b,0d9c175b2e88eb30dff36a9ffdc4739a,delivered,2017-10-30 11:26:41,2017-10-30 11:35:34,2017-11-08 19:38:39,2017-11-11 12:27:35,2017-11-10,0f3df132339ceb1331d21c7df79b3dfd,2017-10-30
660184ce8221d07e9acefb645947f761,97eddfe034d3d76faa6fff135c19c46f,delivered,2018-05-05 23:05:53,2018-05-05 23:15:14,2018-05-07 14:26:00,2018-05-09 15:33:43,2018-05-24,15e1b05afb54239acc39542ff5333f9e,2018-05-05
2db65679ff1d05444ec29ab329f8ae82,5b962d5aab4b7a6a145bf0bba32c1ae8,delivered,2018-04-22 16:02:31,2018-04-24 19:03:54,2018-04-26 12:25:00,2018-05-02 14:32:58,2018-05-16,8dbbf39064a6aa2a21f97ff0422e5acd,2018-04-22
0ce50541293dbe475fde11c04962e953,6f085f0dee869d8d50afb553a178dbdc,delivered,2018-02-07 11:31:06,2018-02-07 11:51:16,2018-02-07 20:42:41,2018-02-16 00:12:56,2018-03-08,b6204a299292b0a711c745e9fe47ba5e,2018-02-07
6568c925063764e35e36fa4a9b809937,5f7f9c1ee727aca3b625220c95177f4f,delivered,2018-05-09 23:01:52,2018-05-11 02:57:43,2018-05-16 14:43:00,2018-05-21 16:42:09,2018-06-01,1c7fae8db20821423f3155642caad457,2018-05-09
ae9c1a169307f41300da36a754117779,355c864e8743e555033bfa491c918a05,delivered,2018-08-18 13:04:08,2018-08-18 13:15:20,2018-08-23 17:14:00,2018-08-29 19:55:37,2018-09-10,07958b7f640f4c2d1d5a9fef9405b114,2018-08-18
b819e736052660aa33771a0266c225bf,1cd9d3778de6988b7495c3f77b927c59,delivered,2018-03-17 19:19:47,2018-03-17 19:31:42,2018-03-19 20:21:19,2018-03-23 01:38:47,2018-04-03,39890dfceb33c313beef3df057896c1c,2018-03-17
332dbacb7e4b30fa11983953ea356627,6200c299ffab28fa4ca572d91c3bfee5,delivered,2018-05-03 23:48:53,2018-05-04 00:12:45,2018-05-04 12:27:00,2018-05-07 15:05:44,2018-05-21,4541fbedba8c98e6418834ebc4d6dde3,2018-05-03
1966886b80f14d0588adf6406afb0026,7238ed1e0d25683b9b65e1039e9d942b,invoiced,2017-08-22 16:01:44,2017-08-23 16:06:59,,,2017-09-19,8a9a81879cbda02fa71d4addfb1a446c,2017-08-22
a8eec6cf00da15ed85f99bad34c2a019,dfaae2502e5487b4966db2e8124da577,delivered,2018-06-17 01:08:08,2018-06-17 01:38:36,2018-06-18 15:09:00,2018-06-19 17:59:28,2018-06-28,7d736bedb35b0b989ffcdb419e00dfce,2018-06-17
1256a493fbf2d6047d845aaac3ddec81,ccff00405b15922f077fd5e72318b5ff,delivered,2018-06-23 20:33:24,2018-06-26 07:12:56,2018-06-29 08:21:00,2018-07-05 16:36:25,2018-07-19,c5a551ff8dc711daff6a3c2cce6226dc,2018-06-23
65c5c8d2e87139529c41cf8307ba1f65,7b4af48119080837db56a8c7d53ecc08,delivered,2017-04-26 16:23:04,2017-04-26 16:35:14,2017-05-03 15:18:40,2017-05-09 19:52:03,2017-05-15,6e47014313b6b80ef3dd44568083862e,2017-04-26
1046a71a57b33b4a92f9f932237f1ab0,4ad47cf6d7f04b49d4816debe22e9275,delivered,2018-07-31 13:56:17,2018-07-31 14:05:11,2018-07-31 12:57:00,2018-08-03 17:12:13,2018-08-17,cd393db74ff09a241907d76dcc809ff8,2018-07-31
f180dba4614531e3f5a7cb56b99072e4,dde0d60a3411c249cd87d8ed046efd3a,delivered,2017-05-29 09:22:53,2017-05-30 04:35:22,2017-06-07 15:12:37,2017-06-19 12:39:38,2017-06-09,48ecd43ce2dccec613c02ebee3a39721,2017-05-29
ff08c1b9090c3c3a38bf31e15e944d0d,1e602dfaa99944b2b30ab59c039b80c5,delivered,2018-01-07 20:15:58,2018-01-07 20:27:35,2018-01-08 21:28:00,2018-01-25 01:24:28,2018-02-14,705991ad0d3be77c50f8a55da124d6e2,2018-01-07
24fc5bee7d0b2002195bd802dda62f89,2e665ddd21f4674f2b1296f12c1a5263,delivered,2017-12-02 10:23:56,2017-12-02 10:32:31,2017-12-11 17:37:18,2017-12-27 19:35:03,2018-01-02,d644bbfc147c310ecf6d8e35856d2b18,2017-12-02
5107023bd9539bd8a56cb295ae688400,7b0ef84b81f16d16583ccb6b987a0ed3,delivered,2018-01-05 16:29:24,2018-01-05 16:36:18,2018-01-09 15:09:28,2018-01-30 18:03:34,2018-02-07,45666a9f8b96ed88d682466a8eb1f882,2018-01-05
728bdd52f6c0ce9559950e2486289421,1fb7756db9b41c4632b991eebe03c438,delivered,2018-05-26 09:35:59,2018-05-26 09:50:09,2018-05-28 14:08:00,2018-06-07 12:24:52,2018-06-28,f11c2148a340cdfdf3922c9794275e5d,2018-05-26
23a5902b0758898d64701a3c89af36f2,6c8d36117b83a89b24d41e231af67429,delivered,2017-02-09 19:08:19,2017-02-11 02:45:34,2017-02-13 08:20:54,2017-02-16 17:18:08,2017-03-08,964930a4e1594ded5016809e48fa105c,2017-02-09
c3fa9a8b61bb26e672905e64b107be13,97906ee33caf845572b6fee421d40468,delivered,2017-12-08 22:46:18,2017-12-09 02:49:58,2017-12-13 00:09:17,2017-12-14 20:25:03,2017-12-27,0ca869e78e72a0b7626fd63364c5edaa,2017-12-08
d0ba905881285a45bc5a1b6bd5c6f079,70baa2ddd33e946b0aeeb1574e92bb61,delivered,2017-07-26 17:19:36,2017-07-28 08:30:37,2017-07-28 20:34:36,2017-08-01 19:18:51,2017-08-08,49335fe3eb5cbde3f9abc0ea7fe9aa9e,2017-07-26
e928f5fbefb30f228db4678d9222b231,950863681cb2112651ef0782da4e689d,canceled,2017-05-12 18:09:07,2017-05-12 18:15:18,,,2017-06-16,11cb11ff52cc1e191282a0a3c1e03aa3,2017-05-12
7a4a6b748b09a41902a89fbb6eb90bd8,482e69c01c05f00cef2fad4a24012024,delivered,2018-03-19 21:12:47,2018-03-19 21:28:40,2018-03-20 20:51:13,2018-03-23 18:23:33,2018-04-10,890304713104cab7d6f5d4939babce0c,2018-03-19
bd897d9f69ca937fdd3006b3aaaecfcb,eebce0dc22a7313282abf129f7801877,delivered,2018-01-06 10:14:57,2018-01-06 10:27:22,2018-01-09 03:09:27,2018-01-16 20:54:00,2018-01-31,ea6e00d61f61be24462c712f24de447f,2018-01-06
a56949479e3d5637c235d6d58740fee3,1be54c519a370b37153695f60e7c94b2,delivered,2018-05-10 12:06:02,2018-05-11 03:50:29,2018-05-11 15:05:00,2018-05-16 23:52:02,2018-05-30,c16d2a41304c1f3c52dda9289964df0a,2018-05-10
24b1c4d88fdb7a2dc87f8ecc7d8f47f1,6d699e3ab0fd90fffb3d1379d937de77,delivered,2017-07-28 09:34:29,2017-07-28 09:50:14,2017-07-28 21:42:11,2017-08-08 16:03:45,2017-08-21,0b3dc7efaafb0cf78a4796d42fa8d74c,2017-07-28
2557cef5a78a394bcf4c079121cc3b08,d1fa1ed473950f63eea094761bcbf039,delivered,2018-01-08 17:38:50,2018-01-08 17:49:16,2018-01-09 21:53:20,2018-01-15 11:07:28,2018-02-05,a0368361ef07cbe4cca677b5ddd9db2c,2018-01-08
c7bd1a3c1d8c727292184ef4f919c9ca,cfc3d42473e399fcf2d06aee78a7a601,delivered,2018-01-14 14:13:33,2018-01-14 15:09:22,2018-01-15 13:55:04,2018-01-25 17:48:05,2018-02-07,769532865fcc82e3eb2ce443499648d6,2018-01-14
da53145615b1d679fc6a9f3121d8bd85,9ab9e1f4d8422cd9331a8fbb2e3eca01,delivered,2018-08-16 18:16:43,2018-08-16 18:29:20,2018-08-20 15:32:00,2018-08-22 22:08:40,2018-08-22,4186b96df8197e7b4982a751c1dde3b6,2018-08-16
449ecab752750e2aeec2ec71fa58214c,b45b08ff42d1ad3db1f98a9ac8f2fef9,delivered,2017-12-05 10:36:01,2017-12-05 11:23:05,2017-12-08 19:34:54,2017-12-17 18:48:35,2017-12-28,7bc1f5222cef35e07c83c4a690161f42,2017-12-05
308ac65dd233ed0a3e6e52e854c63348,8e149a4af924a374adfb726a1fd859ff,delivered,2017-09-03 16:44:56,2017-09-03 16:55:20,2017-09-05 20:26:00,2017-09-08 18:08:05,2017-09-21,62ee16c2a070f1f24270db18fffa0f5f,2017-09-03
07fff3bc2afa0d164257d4f64c4c5116,d3246cf999a56a1467283ce2d9b01be1,delivered,2018-04-28 18:08:18,2018-05-01 06:13:36,2018-05-04 11:56:00,2018-05-09 15:12:42,2018-05-24,8016319eeee0eef906edc54eee031f5b,2018-04-28
40a0d420733e7978f30e7a63616bba22,2d7004e28a033e5a7b867aff335b7e65,delivered,2017-05-04 16:50:52,2017-05-04 17:03:05,2017-05-26 09:52:02,2017-05-29 13:21:28,2017-06-20,a8cb771f0d1d230407948d4ce2af5c3e,2017-05-04
1aa9011725c8870edc81277571e62ad7,92e5b375bc4cfadbb5a449af821c19de,delivered,2018-05-14 23:15:44,2018-05-14 23:30:45,2018-05-15 13:41:00,2018-05-17 23:59:43,2018-06-07,31f17782d83a4204ed956e1caa0291a6,2018-05-14
b68aee1125f73ebb79b5283c7498650f,4cb050250b34dd44139b172407f60739,delivered,2017-07-05 16:37:33,2017-07-06 15:50:27,2017-07-10 12:22:12,2017-07-20 19:53:41,2017-08-08,c32294d5e150a486817d3d190b440966,2017-07-05
7b3eaa9c1b740e4f097d60f54aa44ede,2a995d6bd83027feb24706ba10ce63a6,delivered,2018-07-06 14:33:00,2018-07-07 14:30:16,2018-07-09 15:20:00,2018-07-13 00:26:41,2018-07-26,b2687f75060a3a60f0df427a7a75dbc3,2018-07-06
5235298169aca42202c801a309b63c37,e3537f8ac0fc4fbec3fa84b697f45ef3,delivered,2018-01-05 17:40:45,2018-01-05 17:53:26,2018-01-08 19:07:47,2018-01-22 21:27:55,2018-02-01,24d9e83fe11e4390b69e1afb2b93f5ee,2018-01-05
3e209a35ca9fb429434e538d9a015df5,7de50105907ead194db12267a68e38ee,delivered,2018-02-11 10:56:41,2018-02-11 11:08:27,2018-02-14 19:09:06,2018-02-19 19:30:27,2018-03-21,b0c27febbb53484c00de26adb031b1d1,2018-02-11
a1e862297757e3dc8f3495be144eab3e,05c4fd1bc109e6a9fac6865351e626f8,delivered,2018-03-22 16:59:45,2018-03-22 17:10:24,2018-04-02 13:05:15,2018-04-10 18:44:33,2018-04-04,0b4d8b4f642b4d75f17d530a7a4bdf5c,2018-03-22
05a2d609ab3024701d66a27590ea1d68,12f985f830e8fc3be0aad2ea7c47b612,delivered,2018-03-17 12:46:56,2018-03-17 17:57:32,2018-03-19 23:03:17,2018-03-26 22:42:08,2018-04-13,e4ac584ace8736ac1ea923ba3475f719,2018-03-17
752c0993c4993edea8eac33fda648244,a1bf5849a8b9f1535ddce758f6c0c41e,unavailable,2017-11-22 13:44:56,2017-11-22 13:53:30,,,2017-12-04,ccc900f2c2b336c36342eeed64a0ca73,2017-11-22
3781ac3dce6816dac8729c87afbb910a,eaabfc595b1d805fd9b07f43caf78b7e,delivered,2018-08-22 17:23:56,2018-08-22 17:35:21,2018-08-23 11:30:00,2018-08-24 18:16:41,2018-08-28,d25e390b3920f2d6c8a0739b96ff4afe,2018-08-22
ad9008d69a2c494944f2dedcb83efa56,5c0834ac354424abbbaf87883d8d61ac,delivered,2018-07-12 09:45:24,2018-07-12 10:10:22,2018-07-12 12:16:00,2018-07-13 18:41:23,2018-07-30,68574cdb2cdd22d53c85242291d34180,2018-07-12
61fc6c3134054ef03e72d9e1f9b5d4fd,c223b45f57c27f09d6bb7354f1210a90,delivered,2018-01-06 12:12:42,2018-01-06 12:27:09,2018-01-10 15:56:10,2018-01-26 17:07:50,2018-02-09,de4c454d0fc3c932f94b57851a7cbe3f,2018-01-06
b45c934e58dcfdd6b62b8758781ade4e,47fe811e453bdad397f5094441004831,delivered,2018-03-14 21:16:18,2018-03-14 21:30:33,2018-03-27 23:19:34,2018-04-02 15:13:45,2018-04-17,1d6c9a45e7a7e7e4b4e6c84aba31ee93,2018-03-14
00526a9d4ebde463baee25f386963ddc,5848ef3f994e18c5121d291e0daedc81,delivered,2018-08-07 22:03:44,2018-08-07 22:15:22,2018-08-08 14:11:00,2018-08-16 19:58:24,2018-08-15,7e59d854b9bb4cbb2c85fcd93877c694,2018-08-07
748517ec82ece7fdd60abdaf413f6beb,bc2814da65c5b1b196a3cf681875a372,delivered,2017-05-05 16:46:28,2017-05-05 16:55:14,2017-05-09 14:19:26,2017-05-22 14:43:36,2017-06-06,31d2d2622e65a0b4aff28446600e8016,2017-05-05
fcc16b06bc5d641f05d936cc17e6be7f,c29c163d00335ad9470704acf3946544,delivered,2017-09-11 17:07:19,2017-09-11 17:35:30,2017-09-13 17:35:12,2017-09-22 19:43:02,2017-10-02,86312e803f123b54fce429c2a115f47e,2017-09-11
f05e7271c8182b1a9c40cc7154f63616,10ae228290257879f2e957f97b8439d1,delivered,2017-06-05 17:14:12,2017-06-05 17:25:20,2017-06-07 11:23:07,2017-06-21 16:06:50,2017-06-29,4191bcfd448dc07138d2951ea4d10008,2017-06-05
39986789e9546c96bf9cf93637d3d6c1,0348ea4d0b778a75707cb99aef17ac25,delivered,2017-11-28 22:51:20,2017-11-30 02:20:36,2017-12-04 19:46:07,2017-12-16 12:48:43,2017-12-21,38a5663d9f47ad993d751656ddfdfc3f,2017-11-28
689c69f5d10d806b64b4b89bf4a7e5e1,64278a2a437f6648a76a81c25eecda28,delivered,2017-11-21 11:05:07,2017-11-21 11:31:28,2017-11-23 23:26:52,2017-12-05 22:33:25,2017-12-11,f2753e6f137566064d382a6136495948,2017-11-21
9f0d28d789448f7e4e59abe0af2b1eaf,47137c233bd4d05e6de41e8abece55d5,delivered,2018-05-14 17:45:28,2018-05-14 18:10:24,2018-05-15 14:20:00,2018-05-17 16:21:03,2018-06-06,32728a6d38195cb71a33f9221dbc3037,2018-05-14
022c0ddf029d7d3ba3d83bd524805629,9e76b1b37605f553636242f3e5861c3e,delivered,2018-02-06 11:21:33,2018-02-06 11:49:52,2018-02-07 14:35:10,2018-02-14 21:04:27,2018-03-02,29d72fba272ad06ed0b2ac6351da042f,2018-02-06
831f3205c78da9d0b68f53e483eb3e08,f960116986b00f2c0244e9b350486df1,delivered,2017-05-26 10:56:21,2017-05-26 11:10:21,2017-05-26 11:57:58,2017-05-29 16:23:57,2017-06-13,3ec8e2812492e28ee2412bbc9039662b,2017-05-26
266f9c3f364a7ef351edb998487ae783,ceb5e349cb72fe8e5baf15d9929e7e27,delivered,2018-03-05 12:30:40,2018-03-05 12:49:07,2018-03-06 16:57:50,2018-04-04 19:03:02,2018-03-28,c711281b84a34c675e87a38a6ec7b578,2018-03-05
a159f0d3b012cdad58464eff20f5a4ca,bc9b377eea5541f00aebe8002dfdff15,delivered,2017-04-05 15:48:25,2017-04-07 03:10:28,2017-04-07 09:04:36,2017-04-19 14:49:48,2017-05-03,6989aae6cb5ec4038ef2c59871cde5de,2017-04-05
2c60a2b23a96f36c97dbe108da3ab34f,bdbb094f82427ae78f54dead5ec46c02,delivered,2018-05-19 21:05:53,2018-05-20 01:02:02,2018-05-23 14:11:00,2018-05-25 14:50:59,2018-06-07,035e7cd88b7450fd33efeca817081a53,2018-05-19
56158984a74a95976b31c928b3b0f4db,dad9a50539fce2aeef790bed141257ea,delivered,2018-05-08 21:03:48,2018-05-08 21:15:22,2018-05-09 12:20:00,2018-05-15 18:38:36,2018-05-25,1b121d5728b93b227e8e267f77302f06,2018-05-08
575fddcc90877446a5a777b509ac3786,6366405f9937312b89b389f96d2f82f8,delivered,2018-07-10 14:55:15,2018-07-10 15:10:12,2018-07-17 13:46:00,2018-08-07 21:46:50,2018-08-22,a834553432bd8ff257680a9e8b8b06cc,2018-07-10
0c54f2a2eeb0c42bd55937babb4669eb,9530bb46f44cc8564b66def5feaee742,delivered,2017-07-09 02:35:35,2017-07-09 02:45:06,2017-07-11 21:43:48,2017-07-18 20:23:39,2017-08-01,cc43afb2cacf53ca901e965da60a42f8,2017-07-09
dcfe16b7fac604ef53179e3018c26ed8,08508f064a240cf31a60f1ee7254402a,delivered,2017-08-14 22:01:56,2017-08-14 23:04:02,2017-08-16 23:07:45,2017-08-18 20:12:49,2017-09-05,b3b8a5b3bef8e794b8159a552c5b26cb,2017-08-14
1f67d1f09d1858b5d12a7548b258fe95,4e832907204b4a6d1d7643f89969aff2,delivered,2018-06-12 20:46:51,2018-06-12 21:23:43,2018-06-13 15:13:00,2018-06-19 15:18:52,2018-07-11,86bfc49565a9ca52fcbf861fcc1e67a4,2018-06-12
8d47519f5c9c42540b37bd3db0492878,5dd777a48c8124ad7284bf0ae14057e9,delivered,2016-10-04 21:32:35,2016-10-06 15:45:52,2016-10-30 13:25:25,2016-11-07 15:11:47,2016-11-30,d58063e0329c70d19363e6225ca43128,2016-10-04
ec29c5db787234b1b76acd71b82224e1,7c5c5cd1a341de2b30d5d0b9d49391b1,delivered,2017-09-03 13:41:04,2017-09-03 13:50:13,2017-09-04 18:55:34,2017-09-08 19:05:10,2017-09-21,f3e569cca3fee0b48ede025ab413b72a,2017-09-03
ca7e237e4817ee2e53f4e96da13dbf9a,22ae4a6295e60e8d01f407d37313f0c5,delivered,2018-05-28 19:00:05,2018-05-30 02:32:00,2018-05-30 10:24:00,2018-06-06 20:11:15,2018-07-04,11dbab1a0e0a7520a736c97d653531d3,2018-05-28
32def7b7a945df79e300466f674dde0b,7eeddddc657ef191ca81883f2eadb204,delivered,2017-10-21 22:07:57,2017-10-21 22:25:47,2017-10-23 19:34:48,2017-11-10 19:54:51,2017-11-17,80b38dcb7c9c1ddf4996db4f3cf1782b,2017-10-21
a4e1c7e97bd79078bb3a032a6f99a33b,1ae39ee700a8386bf05aaf07af04d669,delivered,2018-03-22 11:57:19,2018-03-22 12:15:36,2018-03-24 00:22:17,2018-04-16 15:38:38,2018-04-13,096dcc7891755261c99ab91634eb1220,2018-03-22
1a549ed2db2a9933e6c9a780064db2d9,43e0ca1387b46dabfbee7145f1cb68ac,delivered,2018-07-17 11:08:44,2018-07-18 02:55:19,2018-07-19 12:57:00,2018-07-25 14:22:44,2018-08-06,496401c281492f8a9ede949fd22e2a38,2018-07-17
7d0efe41a9db8dbb13ba3940f287fe74,3108618c2ada72ac2470f11de0f0e998,delivered,2018-01-29 22:36:22,2018-01-29 22:53:35,2018-01-30 20:22:45,2018-02-22 22:04:27,2018-02-22,3d2d09fe310f1b703931eea340fd67b6,2018-01-29
38a76f00d5b3c97a558f376ff43a1d15,2fe841e21865e3aea80dcec864d9fa5d,delivered,2018-06-23 14:15:36,2018-06-26 05:12:48,2018-06-27 08:34:00,2018-07-03 20:46:47,2018-07-17,ed331b1ec74717f8ad318ed3c4a41096,2018-06-23
8dcc55ec15c19cb7dc05d6eb1daf8802,0ac3c36bd11a0622bf9656990f1bbf24,delivered,2018-04-11 00:49:23,2018-04-11 01:09:59,2018-04-11 23:52:24,2018-04-26 13:22:30,2018-05-14,fa50269029bacc8c6b9af831e34d720c,2018-04-11
df77e62df88949a20bf8bb2c2d9cb2ed,80c0a38fb7948e73974c07ea359aa626,invoiced,2017-05-07 17:57:19,2017-05-09 09:50:24,,,2017-06-06,4ab8840b300130bf197ec96896e89dde,2017-05-07
5401b21170f8bcf7136ecd5cda29009c,e282755182438a82582d2bceb0e358a1,delivered,2017-03-13 07:26:25,2017-03-13 07:26:25,2017-03-14 10:58:03,2017-03-20 09:43:51,2017-03-31,8a47d01387dc3f09ea5e467fa852b9da,2017-03-13
b7d469b7eb3c07c6d4b96d505c811fea,5b9d5dfe6b754261741fb68772efed93,canceled,2018-02-03 22:14:25,2018-02-06 04:32:36,2018-02-06 20:46:55,,2018-02-21,c1653f4d5fcfb808bee93bb3e1aa4744,2018-02-03
87850ccd83d669cf004ea32dd917d6c4,c82d7cb984499a33646e2378f2624f9c,delivered,2018-07-19 20:54:46,2018-07-21 03:05:11,2018-07-24 15:04:00,2018-07-30 14:12:00,2018-08-20,7f2b05918dba5f972a8fc8757490bc8a,2018-07-19
d6bb547da098f595bc40f00e2d38056e,dee63fa256a872ed8417589589ea9913,delivered,2018-05-23 19:23:16,2018-05-23 19:37:14,2018-05-24 14:09:00,2018-06-06 23:24:37,2018-06-18,48046c78660dbe0874a8403f43c65f9e,2018-05-23
52e1b92cb6de5f5bca72b3d73f59d193,60b20675f7175e98930880120692fb08,delivered,2017-11-30 14:00:13,2017-11-30 14:17:30,2017-12-06 18:53:00,2017-12-12 20:49:00,2017-12-27,e9378e39ad0f015ffaf4f8ab8599a9e9,2017-11-30
9550f2ed8839548efea1f1fdaaf41767,5b4ddeb7947c8961f3a8d5450cec0dab,delivered,2018-04-17 18:07:40,2018-04-17 18:31:44,2018-04-18 21:57:25,2018-05-16 01:02:59,2018-05-25,c61f229e8a9316c8c859b1cc5eab6050,2018-04-17
d15a4add9a1af2006ad10d70d9a4b634,74d81e243faed576ff50c5428e8cdbaf,delivered,2018-06-06 14:05:09,2018-06-08 02:56:02,2018-06-08 14:09:00,2018-06-19 14:58:33,2018-07-19,e945473e0e9f676a785ef0315d613c57,2018-06-06
082d9e610509b115a17045c97c207811,9d4314f6de130876aef05baaa020f0cd,delivered,2018-06-08 16:11:27,2018-06-09 02:57:38,2018-06-11 06:51:00,2018-06-19 06:58:23,2018-07-16,01e123d7c7cedf12af483fc17258b9ce,2018-06-08
be9ee147c9dd269d227ae37839d3493a,801e6d59e9665f5ed9fac67b7a5ba67d,delivered,2018-02-21 00:49:56,2018-02-21 05:50:08,2018-02-27 00:29:06,2018-02-27 15:51:29,2018-03-07,915219fa5f275ea30b1607e5dc78ce78,2018-02-21
cf7910e566a5943797cf835dedc85db4,a0f86008a2c44e553d93e2ea650443c4,delivered,2017-06-23 08:35:45,2017-06-24 02:43:12,2017-06-27 13:57:30,2017-07-07 15:29:40,2017-07-21,2f2a56f52184b87f9764b7dc94c25045,2017-06-23
53b3fc5e3b224d01407dd5acefd75a53,cd7d9fe7420121bbc44d7a997b8d2d1b,delivered,2018-03-16 10:46:04,2018-03-16 11:09:06,2018-03-16 21:28:34,2018-03-23 18:26:48,2018-04-05,0f21e08cf8548694ed22dedffc41004d,2018-03-16
43a111fcb003d002a300aa191914d51d,7011fa9bd97b546a9eaa462a0ee7919c,delivered,2017-05-14 20:16:03,2017-05-14 20:25:11,2017-05-18 07:42:00,2017-05-29 16:57:49,2017-06-06,aa57ca3b192fb22671e82f05ae25cbe2,2017-05-14
338ffe54b65a3b8124c81ebe6d1cc4b0,13be0c3edfe7bc389f6e482b4dc1d529,delivered,2018-06-06 17:30:59,2018-06-06 17:54:58,2018-06-07 13:56:00,2018-06-15 16:08:37,2018-07-20,ddba0e0afb9e4924ca45fc487b19a17a,2018-06-06
ebf91983d41a042878dbc79083043f84,8b24cec0ffa00e513a7c9615c7054e2f,delivered,2018-05-20 22:46:38,2018-05-20 23:10:09,2018-05-22 17:05:00,2018-05-28 20:16:24,2018-06-05,a32672001b5c2b94b493012b506a3e73,2018-05-20
e050a14009c67001deb85646176880ff,965388af53ba64f8ae52157dcb8a25d3,delivered,2018-04-07 21:27:08,2018-04-07 21:35:17,2018-04-09 19:22:45,2018-04-10 20:34:42,2018-04-19,41b1f64a63901b68e275a3da44bf64e7,2018-04-07
f63bea61c8cd128d3e53d7c07d94a7ee,059095dc0717592b41cc47df0c7f1c6e,delivered,2017-11-24 15:07:55,2017-11-26 16:15:24,2017-12-01 15:51:52,2017-12-13 22:03:53,2018-01-10,b64fccde06958d9759d6a6861e9ab23c,2017-11-24
3ea85b54f4c54ccc998b38bebf6c2c15,0096dd625383caa8afe2c028018bf4ce,delivered,2018-04-11 13:27:29,2018-04-11 13:50:26,2018-04-17 13:08:57,2018-04-30 15:51:46,2018-05-25,8d78819a02ccaa0243dbdb0888c7ba8b,2018-04-11
21f09ddab3452c7541fdd8b251645918,8ec7c52890c2e72adf249e8f74d41ab3,delivered,2018-03-16 09:25:33,2018-03-16 09:42:44,2018-03-20 00:32:18,2018-04-13 00:28:35,2018-04-12,b660a6a9613a3cb9acca26f5de5b720a,2018-03-16
2d1cfcc5ed3232215b908e86ff33da61,8235352de660467c26016a0a8e7eff8a,shipped,2018-01-21 21:52:15,2018-01-22 14:01:28,2018-01-31 20:54:07,,2018-02-06,3d4972f65eac6d5222ab30423b782407,2018-01-21
161328407c259af79c57891e951b3406,8e16fe9323b398f9c1c304bf40f116c5,delivered,2017-02-13 10:55:17,2017-02-15 02:50:23,2017-02-15 13:17:37,2017-02-21 15:03:53,2017-03-14,9b03906fb8ff18fa273769658899de5d,2017-02-13
9a02960ce092d811e89e50c06d750ff6,2747fdc95e12b07775c0cdee68fe538d,delivered,2017-09-14 16:48:32,2017-09-14 17:04:17,2017-09-15 16:56:47,2017-09-20 16:42:48,2017-10-02,95164d9ff44860d314130b68d1bd4631,2017-09-14
dff73ddac06e1d85d286c22617ee50db,9649301a6e7a51d13c4f0b9d7605c56d,delivered,2017-06-03 23:11:49,2017-06-03 23:25:12,2017-06-05 11:12:35,2017-06-14 14:52:20,2017-07-10,47a1c03d394ce25c842bf1b0f0bf285b,2017-06-03
b92443e927b172234edc7c7ff4e74976,727b5677002235ff1e2c78de75b88c22,delivered,2018-07-15 20:33:06,2018-07-16 20:30:41,2018-07-17 15:47:00,2018-07-27 16:43:38,2018-08-03,78c2739a3c78d45573cc83e01e45d3be,2018-07-15
6b8fb85c27e8d90db257311f74b7c6e7,594c4ae65aaab4abef94353eee747818,delivered,2017-03-20 16:00:23,2017-03-20 16:00:23,2017-03-21 10:46:52,2017-04-09 16:03:32,2017-04-10,74270eada9d0adaaf79e13bfc211dec2,2017-03-20
20d74f313f0dccb9b27b7865951126fe,74935c66741cfcde4ca7e0094d94a406,delivered,2018-04-16 22:10:15,2018-04-18 02:11:19,2018-04-18 20:58:41,2018-05-03 19:16:28,2018-05-14,a9cbbaf0e5796ccfb4989c52d639ff29,2018-04-16
314c025c229f30a1b32658c7555269b8,8d5db117378b874eb1894bbd190f03f6,delivered,2017-01-25 12:48:49,2017-01-25 13:02:08,2017-02-08 12:43:51,2017-02-16 08:35:55,2017-03-06,e0887426e5f891db9992803bdbc505a1,2017-01-25
dc5e5ca2d07c93091a87b58d9888769a,b66eb836bd246ad0c47175234a34d775,delivered,2018-05-02 11:04:44,2018-05-02 11:15:18,2018-05-02 13:17:00,2018-05-08 17:44:30,2018-05-21,a045fa902e700cb21b00a496d51ef016,2018-05-02
8b0d9469bcbdd6061d09db72ad2a1d22,d866e504fb74cbf859d8d083b9b57837,delivered,2018-07-25 12:27:03,2018-07-26 05:35:11,2018-07-27 14:51:00,2018-08-03 19:28:40,2018-08-14,d4f868007a3b4346010963929848fa8a,2018-07-25
3c3e5bec9a05202ab008c05c55f951fc,d010acc7fab9dd6b4779bfe36b73024f,delivered,2018-08-04 15:03:25,2018-08-07 04:24:45,2018-08-08 13:40:00,2018-08-15 15:08:40,2018-08-17,67300bae399a6dbc69304829f60d9094,2018-08-04
e3789526cc0c6ef10b87251d5be32b33,e10372b638b992412298a0091a2d937d,delivered,2017-09-20 11:15:29,2017-09-20 11:25:49,2017-09-21 21:48:03,2017-09-22 16:27:51,2017-10-05,512e3da9071b75a769bb5f20bd5f7fc3,2017-09-20
92b2185ad7819322fe1488669fcb1f31,23ef610d8b7fac1024a8e4159496b90c,delivered,2018-01-20 18:40:21,2018-01-20 19:09:34,2018-01-24 18:44:32,2018-01-30 15:44:29,2018-02-14,be683d989a3fbeef3364e8c0682c0cc3,2018-01-20
4fbf9aea9b77fadc915415ac3ffeef1d,f7954af5e24649465e35d45fda3af4bc,delivered,2017-12-13 17:57:59,2017-12-13 18:10:24,2017-12-14 17:49:07,2017-12-21 00:44:43,2018-01-12,810ca82bf6afbeba3364ffda188f3175,2017-12-13
a809c12014a1497839f797359c3f6d3e,914bc54a99e04ce218bc7ba0c40caa8e,delivered,2017-12-03 23:34:19,2017-12-03 23:54:01,2017-12-04 19:13:04,2018-01-09 01:05:59,2018-01-05,31d5927e37d3926c32fb963d4bf6f11a,2017-12-03
e1cbc1e8c3204aaecc891d1392f7b4d7,3b4d546d0e5f84a84c5cd3034c557b72,delivered,2018-01-04 09:22:57,2018-01-04 09:33:23,2018-02-06 19:27:54,2018-02-15 20:25:12,2018-03-14,3deda78acb25da21d9e439aa39ec6ee4,2018-01-04
7532f61a8fc7649fe822d89af2ff0a76,e09ccd04cb9679cb5033871d086afd62,delivered,2017-12-16 18:01:40,2017-12-16 18:13:18,2017-12-20 20:48:54,2018-01-09 16:49:05,2018-01-11,fd09c64a101e3eff4adbca1b28552514,2017-12-16
4e371e6caa2a2b7a2397ba36ef686f9c,5a0d601245e8bfdba9ba3b2bfa3eabbc,delivered,2018-02-23 20:47:53,2018-02-24 02:35:43,2018-02-27 00:21:52,2018-03-02 02:34:07,2018-03-15,5c1e844d3c776b69fc2e13e1fa3999a2,2018-02-23
5adcb18c1456b44c8c96e0540ea9b9df,f8cf50e24d75a7eade3ea68116320282,delivered,2017-12-03 23:39:27,2017-12-03 23:54:08,2017-12-04 20:19:28,2017-12-13 23:29:03,2018-01-04,f13ef71b21488755e099960d6d8a0fe4,2017-12-03
2f29cfa739331301e37ea8e0cc5c863f,7e8df4633a3d714d6f33e277b12bb4e4,delivered,2018-02-19 22:30:11,2018-02-19 23:30:27,2018-02-21 21:04:42,2018-02-22 21:22:24,2018-03-05,7c1881c1e7fcd694d895da56a17884cd,2018-02-19
bb780b0ed67fce7c92b2772fde29bc6e,a13b59f2362357007db99730023baa32,delivered,2017-02-05 14:23:56,2017-02-07 04:05:12,2017-02-09 05:25:41,2017-02-15 17:06:05,2017-03-01,fe7f632a9c4a34bc6b60a03a15ce7e12,2017-02-05
a1056adf3e67acb8ce8f791608b76e05,9703035da34041c2f2599e217a0f777f,delivered,2017-05-01 21:15:05,2017-05-01 21:25:12,2017-05-02 09:36:14,2017-05-09 15:36:13,2017-05-25,f323857c6dd3a6f8b934d3f19ee54b3d,2017-05-01
8602398f607dbc45ea765dda38e32b39,82d33a43eba91ff62c44064bcc348ff7,delivered,2018-02-23 17:00:31,2018-02-23 17:15:40,2018-02-26 19:04:34,2018-03-09 19:38:31,2018-03-20,480c0c15046fa19e53cb3f1f71b9f678,2018-02-23
73e85a295c3028a2283eb8182a8ac56b,6d75b739e1547399c38335db5a099405,delivered,2018-07-30 15:43:54,2018-08-02 13:42:54,2018-07-31 12:57:00,2018-08-27 21:54:40,2018-08-22,4d96714bb58abb631a3752375807bbc1,2018-07-30
432f3cbc9941551c41eb9884f7bfb879,3dfed65ed75db506156cb06133a99245,delivered,2017-10-16 09:17:48,2017-10-16 09:28:19,2017-10-17 16:38:03,2017-11-09 11:48:30,2017-11-09,a9c00ef958f28914f11e22bb316ec7fb,2017-10-16
23fdd0e16ad79ceab4e5f407772d64fa,f915ff705480d8952c4e91371c39e95e,unavailable,2017-03-20 15:29:38,2017-03-20 15:29:38,,,2017-04-19,5f55921b0fe67e51a904be6a9853e632,2017-03-20
5a80679a6e63e622b23f79decee7187d,869f9ddf43d5855349d3a8d5c7c6f1d2,delivered,2018-07-06 10:12:14,2018-07-07 04:50:15,2018-07-24 15:06:00,2018-07-30 14:41:19,2018-08-15,94248479cd1d1164e0c2f37e8b30c5ad,2018-07-06
afb1e1ccaac288ec1ab9754e2e36cdaf,101a5d44d7659f8b2ec49d385d80a1ed,delivered,2017-11-26 12:03:05,2017-11-26 12:16:21,2017-11-27 17:56:11,2017-12-04 21:34:31,2017-12-18,29ea68ebb3474676eee3322428dcb0af,2017-11-26
d199e989bbb5f7b410c1a717d589499e,b5d690a89f3a144487f8630df7cf567f,delivered,2018-07-30 15:26:34,2018-07-30 15:44:53,2018-07-31 14:43:00,2018-08-01 19:20:01,2018-08-23,88bc2f177d920aa13a40e92c630cc439,2018-07-30
1de20a0990748db5dffe019f0cac3cc9,a80ab2d0ffbe4134e1597ec11975e0f5,delivered,2018-08-01 15:25:04,2018-08-01 16:03:54,2018-08-03 14:38:00,2018-08-07 15:24:48,2018-08-17,e5abd4bd2e04113674acc360e4263918,2018-08-01
1af11afc40559c3d542c842db8248863,1465cf4e6cd07d5dec41a750c8ef0009,delivered,2018-04-11 22:55:34,2018-04-11 23:10:06,2018-04-12 19:33:52,2018-04-13 19:52:31,2018-04-27,057ec892ba68872e8742dc47e3727187,2018-04-11
cc45933a00838616a60b830294189038,5f6b2c56906b912108d55593b8b906e7,delivered,2018-06-06 20:42:10,2018-06-06 20:52:31,2018-06-08 12:09:00,2018-06-11 19:10:58,2018-07-03,53672a860a7ca35371a7e7a2edef2a07,2018-06-06
c1efd8321b84f3cfd0a4b41c0fd60026,be76e5e04de65d72a0adc9a3e721abbd,delivered,2017-05-12 12:52:50,2017-05-13 15:45:14,2017-05-18 08:52:42,2017-05-25 12:22:06,2017-05-30,f1fba76a9742c206fe7cf98945f76600,2017-05-12
1a4fe7b4e0810e3c234a4e39775b6d53,d927fb1a7573ee0227e2546f5b2ac302,delivered,2017-12-12 20:55:09,2017-12-12 21:11:34,2017-12-14 14:45:03,2017-12-26 19:17:58,2018-01-12,d9e97e176fab9b275f9665eef6151a7b,2017-12-12
2c59b65408953b66cc6cac915015d8f9,927777f35efc17843aa23975de3010e5,delivered,2018-02-18 08:27:33,2018-02-18 09:30:24,2018-02-21 18:47:15,2018-02-28 20:13:00,2018-03-09,f9fec2635f5a52cfd3ca2d3174fdfc16,2018-02-18
d978adcd421de6a71e9974afe4414e4f,5b11c53161333319dc2064ab1049730e,delivered,2018-04-18 16:43:47,2018-04-18 17:14:49,2018-04-19 22:58:38,2018-04-24 21:12:44,2018-05-11,4f2529e3e1328a81898f11bb9d4e281d,2018-04-18
87f652e7b494335099f630e05edcf3b9,b2a121a9e1d255c6ce969efb704562ab,delivered,2017-12-25 16:23:59,2017-12-25 16:36:24,2017-12-26 18:53:10,2017-12-28 16:58:48,2018-01-29,1cf73d0ed1c67e27c1dc36e153322ba6,2017-12-25
00611822267e76e0055c25c18506f06e,8832232b097dba67d540a76f6ba88795,delivered,2018-07-26 13:35:01,2018-07-26 13:50:14,2018-07-26 14:24:00,2018-07-31 22:52:44,2018-08-20,c0d9dda253199c2d4d3a2a255b77e517,2018-07-26
5753fab4ca88fe20c5a7e8c843941287,a01c9c3550b75773973bc2ee330b8e57,delivered,2017-07-01 08:34:20,2017-07-01 08:45:07,2017-07-03 13:11:51,2017-07-05 13:24:34,2017-07-25,0bc1ac923590afca3452e6a9507efe09,2017-07-01
f823e090c5fffc41f7a863aa7c66e34a,3726bec3de946155c502820226221f4d,canceled,2017-12-04 17:00:18,2017-12-06 02:50:26,,,2017-12-20,1f2bf1747024339d1244de142d1ed2e8,2017-12-04
bab59d9bb6cdeea66847c7025fe6ca57,32c75e5316c3ecad1fe3d71bd2c17930,delivered,2017-11-24 16:49:53,2017-11-24 20:33:52,2017-11-30 17:16:55,2017-12-27 17:19:07,2017-12-14,0c9be13bf281e02d2eea7675a5f8c5b8,2017-11-24
2e87d5b27ba52796b2b5250002426561,7be66961ab23c787a83689e798f121a4,delivered,2018-06-10 12:58:22,2018-06-10 13:11:36,2018-06-18 12:16:00,2018-06-21 16:02:18,2018-07-13,942459328c9b0b5c15d19e9400fd0f12,2018-06-10
16976f8e43d0c9ee6079e3ed9eaa4fed,cfe4eb5b21969ebd94370819e38c07b5,delivered,2017-01-26 18:48:30,2017-01-26 19:02:34,2017-01-27 16:36:28,2017-02-08 17:25:28,2017-03-14,cde316c0782f6532cda25c5158a5b6d5,2017-01-26
7f1e6c8280634faf3e57ac93f781b98b,ab9b1caa95d00ce50e2402a1e46068d6,delivered,2017-06-13 13:00:05,2017-06-13 13:15:16,2017-06-13 14:28:29,2017-06-19 19:11:55,2017-07-06,2b639025dbac589a4d21f05c4f09b021,2017-06-13
4be3435a18d709c7bec9b8d5651088b4,a87d45ca887d3d335a94649960190869,delivered,2017-10-07 12:52:12,2017-10-07 13:05:02,2017-10-20 12:13:06,2017-10-28 01:24:51,2017-11-09,194372be77b95cc7e9e0d96e6d9bfb07,2017-10-07
5f394a518be2ad94a231713d3a84ab39,7465b7b1af7bf58c58bbeda224fb07d8,delivered,2017-03-16 21:46:51,2017-03-16 21:46:51,2017-03-17 12:12:57,2017-03-20 09:41:56,2017-04-04,a2f2f86afabb304404d479c33ce78142,2017-03-16
ae922ba97feaac137766d9d00cc1ec0c,aeb07999154eeee6ed241aa2b3137c99,delivered,2018-02-04 09:26:07,2018-02-04 09:35:30,2018-02-06 19:38:33,2018-02-09 00:06:39,2018-02-21,4f7e36fff7d93d09425516882b3ac774,2018-02-04
dcccbd535ac6be4884373971fe2cf444,e6d0d8939fd2b135b3911efed6934b0c,delivered,2018-01-28 01:44:56,2018-01-28 02:01:45,2018-01-30 01:03:55,2018-02-15 21:53:18,2018-03-02,b3ae3171281986b8e1a4cc74983e17f7,2018-01-28
b2bcc44cd738d425393e6268c29f096d,b4561d6a09f273840b614c72a2920b2b,delivered,2017-12-18 15:37:35,2017-12-19 09:51:14,2017-12-19 18:24:57,2018-01-03 15:52:29,2018-01-15,cb1a65ac99276005a8b79bd4f69df403,2017-12-18
efe6d4dfee60757b66595c5fd2920f10,7b2245bc30466be2d86e7e007abc8ada,delivered,2017-07-19 18:45:11,2017-07-19 18:55:17,2017-07-21 17:39:27,2017-07-28 20:33:41,2017-08-11,71b8dc9ce21a7ca5344bde166e117c9f,2017-07-19
dda92d3694d95fdaa89640d8cccfa8a0,f47cb96b9850b45b6042cd0a613b8584,delivered,2017-11-13 11:39:05,2017-11-16 06:50:22,2017-11-16 19:09:24,2017-11-30 18:48:45,2017-12-07,4cbd1492e5f5ea630dfd077980ea978f,2017-11-13
300f31d0edc9f2e0110bc756c906a154,bf81c46d2876062acb99e083cfecedfa,delivered,2017-12-08 08:13:26,2017-12-08 08:31:06,2017-12-13 01:16:51,2017-12-15 19:56:19,2017-12-27,d3a77926dbb968c8459c2a2cd548327d,2017-12-08
1fed4a55473f54b2b3ec70cb98e65aae,2749127e24c87fb2209227d641ba4efc,delivered,2018-05-12 19:37:58,2018-05-12 19:56:40,2018-05-15 14:20:00,2018-05-22 21:18:36,2018-06-05,66edbef33b6b2e190f70e849383498af,2018-05-12
f371dc0b3fbb3fad54484f71ccbd0cc6,741488a61f59b1f0a0e02501db47fd8e,delivered,2018-02-14 08:06:02,2018-02-14 08:15:29,2018-02-15 21:11:51,2018-02-20 23:03:07,2018-02-26,96b3b102cb9e8182d068806b7298549a,2018-02-14
1fc40709065a72668d4ea0a5355f7975,e51c09b37c7731688648174ef61e64b0,delivered,2018-05-31 11:30:19,2018-05-31 11:51:09,2018-06-01 14:04:00,2018-06-16 05:39:37,2018-07-12,141af08d486e290abbe5c61c8695f2cf,2018-05-31
7a4f9c8e2172d566e71f204a6187268a,ac6dec66b774a07045cdd6078ec77e46,delivered,2018-02-07 14:07:46,2018-02-07 14:32:00,2018-02-09 14:34:04,2018-02-19 23:06:37,2018-03-08,d4f1a2ee19e988d6aee79eae54cccf37,2018-02-07
e3e5126cb05e7c16dd2ef864271fa8e6,f28ff42f4a3d29ba87737305a4d73212,delivered,2017-08-02 18:32:55,2017-08-04 02:30:36,2017-08-07 20:11:56,2017-08-14 20:45:09,2017-08-25,6a971df00dc408ba81c3329141c234dd,2017-08-02
12b66545947857f58986d526e908c0a0,231de84a096960061b4ab8a9f8ed5d79,delivered,2018-02-20 11:24:49,2018-02-21 06:25:12,2018-02-21 19:29:08,2018-02-23 13:45:19,2018-03-06,1664c0667a7f36eb1029bbd0368283dd,2018-02-20
b9783c502a1ffa923bc2185103701687,e129635880e7b8bd47eaab1535f8dbfb,delivered,2018-03-05 20:05:41,2018-03-05 20:28:28,2018-03-07 19:58:39,2018-03-09 21:38:38,2018-03-15,274dacbebbeee8eb9ec2747a79017899,2018-03-05
0681602384769af218b41f80e0808278,c50bb4c9a6ef2510dc6c3b6c9d2871a3,delivered,2018-01-22 12:38:35,2018-01-22 14:24:55,2018-01-25 15:28:49,2018-01-31 21:14:36,2018-02-14,a5e783156c30ef47a0209fe04f0c8f73,2018-01-22
f6b63a36cd2dd4fd184e6da3f911a4de,f0dae1e937bb3c41846089b13dde866e,delivered,2017-01-18 15:31:13,2017-01-20 02:15:28,2017-01-20 10:50:47,2017-01-25 08:58:55,2017-03-02,45c09dd7c031515e6a0ceac3d0fd160c,2017-01-18
60836a0b2a1b5051e61371cf04a16574,6b49f46fe51b14c54872f603facd73a3,delivered,2018-05-27 21:34:10,2018-05-27 21:51:30,2018-05-29 09:51:00,2018-06-05 14:58:29,2018-06-28,d83270ed090b33b1c04a74c698bc87ec,2018-05-27
b1ce906877fd32ecc3216688454fe6cc,d26e457780ad52f84e0125b43814c02e,delivered,2017-12-08 23:27:42,2017-12-08 23:35:20,2017-12-11 22:38:51,2017-12-14 16:34:01,2017-12-27,2d73921f8b657537c34508cc330e022e,2017-12-08
665c70dad359d52a11ec77814605ab19,3e9e084c1857e375aaaf16a24b3afd17,delivered,2018-05-07 16:57:00,2018-05-07 17:56:53,2018-05-08 13:58:00,2018-05-16 00:20:56,2018-06-01,f4211edf9653fc1ac4e95471e8478c12,2018-05-07
7e7391dc612005ec78b995037a528b50,4da73e09847ce3bfc0c4eb4657ab39ff,delivered,2017-10-26 22:25:44,2017-10-26 22:35:15,2017-10-31 17:58:40,2017-11-03 21:52:28,2017-11-21,984c052dc96e6bceed0a171a4abb2dd5,2017-10-26
7fdefbf564eb66830407026a86005ce2,013bdb994a9c8f09fde3f5f543e698ad,delivered,2017-09-01 11:37:28,2017-09-01 12:30:15,2017-09-02 15:07:27,2017-09-13 22:52:54,2017-10-17,ba425b1bf6cab11cc601255a30cd3bdd,2017-09-01
9c044ffd93c708557b82ad51947070b6,510183129e0db0787eb3d485c0367f0b,delivered,2018-08-10 10:42:26,2018-08-10 10:55:18,2018-08-15 15:19:00,2018-08-20 13:43:51,2018-09-04,76a99432e54f558a374707afa8385c87,2018-08-10
1832e58eef1866c5fbd21e7e927cb8cc,339db63dd455ed856b62804c7f4d3a7f,delivered,2018-05-09 00:11:30,2018-05-09 00:32:50,2018-05-09 11:52:00,2018-05-11 22:04:04,2018-05-23,48dba87aaffe7709daf57e38ec5d375f,2018-05-09
a0d4f93076122f91ae6403813fa2744a,6c9248ca8a88d31092ae006ff63b12a4,delivered,2017-08-01 10:25:49,2017-08-01 10:43:53,2017-08-11 18:33:37,2017-08-22 21:56:39,2017-09-06,a58350975662c1816a7c8f01bf816bf6,2017-08-01
35f1c7a905180687002390a212d166be,4d76d67924ecadc4b2aa91d302dd020b,delivered,2018-04-02 21:48:56,2018-04-04 03:08:55,2018-04-04 18:11:12,2018-04-16 18:08:46,2018-04-18,d761830bfa7836aed636fd717c5e3644,2018-04-02
82a4f87180e14e53d6b745317841196f,76e1a14b2da0e932148a6c0550e75b8d,delivered,2018-06-20 12:17:29,2018-06-21 03:38:36,2018-06-22 14:30:00,2018-06-25 15:30:02,2018-07-03,718137069112a388a783548309399974,2018-06-20
470ceef9068e1385a280703397af31e8,71f6152998635c3ea46ac44cb989ff49,delivered,2018-04-15 19:56:47,2018-04-17 04:11:54,2018-04-18 19:11:21,2018-04-26 10:09:37,2018-05-16,d0346493ab2dfd124ef99d1b12b01b6a,2018-04-15
ebe998d8119cf3691979661c6de2e0e3,757e97e4e32706056016218be472a543,delivered,2018-01-17 12:41:15,2018-01-18 02:13:13,2018-01-19 00:18:52,2018-01-25 17:36:11,2018-02-08,60f7ebe1122afab7bfa6c217ac8ea164,2018-01-17
04af40a6714e5ab254138fcd4863f0c1,a4a7d48473dcb6c1c5f918fde2542cb3,delivered,2018-03-10 22:24:10,2018-03-10 22:35:42,2018-03-13 23:29:44,2018-03-16 17:08:31,2018-03-22,f5faa1e1b84bf7e9fab33962688d2be8,2018-03-10
e7126a85c2b327968a0ad83a82b75442,abba45539fec5ca6bf22c0109fdef05c,delivered,2017-12-09 21:40:07,2017-12-10 20:57:29,2017-12-11 18:23:37,2017-12-12 23:43:21,2017-12-28,b0fbe1e52a511625dd5b83cc1cf3bdbc,2017-12-09
3e227762960a48c16959bed012a17b30,dea629253af5c998a862ff461ff97223,delivered,2018-03-10 10:10:19,2018-03-10 10:47:47,2018-03-15 13:12:41,2018-03-17 14:12:56,2018-03-22,29ba4d2976f6d2f02bcaf86ca5f23f74,2018-03-10
d5548ee8b123f1ede666cedd8c0049f2,fb23c756b7d02814a3f3a7a605f3db42,delivered,2018-03-04 01:50:38,2018-03-04 02:14:06,2018-03-06 20:52:24,2018-03-12 22:16:32,2018-03-28,c1f2aa3dad7ea74c0b0d261480f609de,2018-03-04
b66034dfd4925b13cbe0fad3f068e618,36a3814f42b8e1e33c12a1cc26c4c161,delivered,2018-08-08 14:01:48,2018-08-08 14:10:19,2018-08-09 15:24:00,2018-08-13 19:24:45,2018-08-13,df7ae6ce59c0eb33b537b6bb0855c807,2018-08-08
d6b7fe0100a5ed0711d0682fc1ed7819,ec0ff90bfa31f26b55cc5314f4026c80,delivered,2018-02-22 17:37:19,2018-02-22 17:55:32,2018-02-26 12:13:20,2018-03-02 23:12:23,2018-03-16,cc30844ed25f7bd02cb469362c51beb4,2018-02-22
856d6b7354ca57ce6a2865c9c5e9e6e7,3233ac56f87817b5955345af54dbc7ba,delivered,2018-08-16 13:22:21,2018-08-16 13:35:45,2018-08-20 12:47:00,2018-08-24 18:57:37,2018-09-03,392feae61144aae9e719bfa700c095f0,2018-08-16
c5b438d2be9a4bbfd2b0611d477a24b3,ed91ad6be23d7d26f08f18a3b34db59a,delivered,2018-08-08 09:44:50,2018-08-09 03:45:17,2018-08-09 17:11:00,2018-08-22 21:35:31,2018-08-22,7fcc165d6ad0d1eba335f8f13181b77b,2018-08-08
e06ff711ddcab05c3651a9b1bb003950,bc4e6f215af91483d54431baacb9506f,delivered,2017-03-02 11:53:33,2017-03-02 12:05:49,2017-03-03 14:09:15,2017-03-14 15:47:49,2017-03-23,934bc5960242b4b13910b02da54a6499,2017-03-02
a15cf0c6907f5a98ca4fb8cc66731f06,1e4a256245581c2b4d990576ea26f02c,delivered,2017-10-23 10:41:52,2017-10-23 10:56:28,2017-10-24 15:33:37,2017-11-03 16:27:52,2017-11-21,acc75d083a26e3373401639cec8491ab,2017-10-23
d7265f36cbd2814e8be76a4fca48a1d8,2c3ab5869c7fb40602a191fd89efc4c1,delivered,2017-05-18 11:54:08,2017-05-18 13:05:21,2017-05-26 06:17:54,2017-06-01 17:55:33,2017-06-09,b85081fd0080956c8808f326a9039e85,2017-05-18
3e17eef8a8bd0131c7aed90d7508799e,a97f15194f6fc81433e550a34dec906a,delivered,2017-12-07 12:53:03,2017-12-07 15:33:08,2017-12-09 12:12:50,2017-12-12 20:04:02,2017-12-26,fa1573613e47e14b61de057fcae891b0,2017-12-07
9afd9ae98cb2fcc3bc5b893594ccf663,3ff32929bc801d5539d94bede606fea8,delivered,2017-09-15 14:45:57,2017-09-15 14:55:25,2017-09-20 19:08:08,2017-09-25 20:58:47,2017-10-06,6a6a7141119ceaeca4dfbae7a580a515,2017-09-15
9b2444e525ad45d903e5e98de8665975,39702d83f58fe221606aed9ea67ba5af,delivered,2018-02-12 13:04:03,2018-02-12 13:28:11,2018-02-16 17:14:05,2018-03-08 19:56:31,2018-03-08,d01b0183b3634ffade06cb7a006826a2,2018-02-12
68101694e5c5dc7330c91e1bbc36214f,35a413c7ca3c69756cb75867d6311c0d,delivered,2018-03-29 10:31:29,2018-03-31 08:27:27,2018-04-04 23:26:45,2018-04-06 22:35:30,2018-04-17,fa562ef24d41361e476e748681810e1e,2018-03-29
8bd56cbba10cec53a49503a4377ce707,bc2799ce7d11d287ada62e695e3203fc,delivered,2017-05-10 17:15:52,2017-05-10 17:25:24,2017-05-15 09:42:54,2017-05-16 21:58:44,2017-05-25,926787c5cfb981acd2c82fa388813421,2017-05-10
d14ebe879e1587746439c3652f063eb4,9155e5f5cd64439dedad8c8fe39261e8,delivered,2018-05-27 13:07:45,2018-05-27 13:36:12,2018-05-28 14:40:00,2018-06-07 11:46:29,2018-07-13,c17a9eb6a00b4d02003ff9fd6bebdff4,2018-05-27
0bcdef8dcbbd4cfc9f7c9a9669e6c2c2,ad032df5c40dc476b2ae928738dfc7bf,delivered,2018-01-16 11:44:02,2018-01-16 11:55:20,2018-01-17 22:24:33,2018-02-05 20:03:51,2018-02-09,f93b887b573ddbeebd93ca44eaaee548,2018-01-16
f70f315a383a7e0d4f253107b5b34173,3dfe1e8914daca38e62f48e2bd9fee62,delivered,2018-07-25 08:35:12,2018-07-25 08:45:13,2018-07-26 14:25:00,2018-07-27 22:18:35,2018-08-06,105e7ec4dda85b9f52a2251080809e22,2018-07-25
845686dd9137013d73ed42078be18809,1eef2bcc23c75349976a65957e2e105b,delivered,2018-05-26 13:56:58,2018-05-26 14:18:22,2018-05-30 19:05:00,2018-06-01 22:02:30,2018-06-20,f41d536fced5c1203d8a07ef09cf823c,2018-05-26
272f05cc2ddc6f0c478473d06a4fac76,c8ef9497a6dce53f2e29955fe06f9ac6,delivered,2018-06-01 17:13:00,2018-06-01 17:31:28,2018-06-13 15:19:00,2018-06-21 21:22:46,2018-07-03,5c9dbae62c96d765d629b39b27a34afc,2018-06-01
60d9639e8367addbb73c0c57bc29153e,50012e893c4fe8fdc2d146ba64c6c8ef,delivered,2018-04-18 22:47:09,2018-04-18 23:11:07,2018-04-19 18:28:50,2018-04-24 01:08:41,2018-05-07,b453cc4a47ad432c2b36e2644ab066c6,2018-04-18
8d17ba5695db76a5fc7fed0645778642,b58fb978d874ab20a1e02eb6aa6bb088,delivered,2018-05-03 19:00:13,2018-05-05 02:53:46,2018-05-07 13:43:00,2018-05-11 22:12:24,2018-05-23,84a9bbb6be585532ac042eec12040e42,2018-05-03
38ceb430670a97a62dda6e748ec94f69,5606c8ed3e243a47aa96c3206cd14b18,delivered,2017-09-28 09:48:29,2017-09-30 09:49:22,2017-10-02 20:49:58,2017-10-11 18:53:06,2017-10-26,a221f61bb7bb372ffdd4e72f027e66ea,2017-09-28
e2ae0065226927a2f9a53f2f05b12c72,17e8bd2e948117e1412cada1efec067a,delivered,2018-07-02 20:31:39,2018-07-05 16:14:52,2018-07-17 10:28:00,2018-07-24 00:21:52,2018-07-27,c6e5604411ca9bb2191ac36f66f7056e,2018-07-02
fe54721dce41fbe10fc161ef6b4a883a,d64985521d50ff3ec759bada00b15ccd,delivered,2018-05-02 10:50:42,2018-05-02 11:13:46,2018-05-03 13:17:00,2018-05-07 13:41:29,2018-05-22,267082eaf1c4796f38ec8fb44b1ba231,2018-05-02
47718199d2ca56a38ae8cfccc158c692,98a06a6332545015fba5269ad5dc4f5c,delivered,2018-01-30 15:54:34,2018-01-30 16:43:43,2018-02-01 17:31:44,2018-02-19 19:52:20,2018-02-21,621d7618a6e51635c258127314d3f457,2018-01-30
661db6fa562954c6c672ee765c51a014,cc1dba5fd468eaba5fc87e9a44ffa570,delivered,2017-08-22 14:16:04,2017-08-22 14:26:56,2017-08-24 13:54:37,2017-09-01 18:39:48,2017-09-19,0ba3eb57cd08a0f27f3a9a2955c36022,2017-08-22
adf99ffa5e0b3a09795387b766316853,ff03224d29a8394ce66dcd434f7bf8d3,delivered,2017-03-13 13:03:57,2017-03-13 13:03:57,2017-03-15 15:20:04,2017-03-21 08:35:10,2017-03-30,5388ef232327d3382fa0e9e3f1e5ea87,2017-03-13
6fc4efdbd3590258aea33eda644ecb12,756a7cbb629f4113996b5c33b8b73736,delivered,2018-01-19 16:47:26,2018-01-23 03:37:23,2018-01-23 22:29:37,2018-02-06 18:53:08,2018-02-15,3c14b7ac3a3898d1d8f9e61a72014d4b,2018-01-19
074a6843b445107d87cbfaa88e2e642f,dbb2d80e2dc498f05127173933a375fc,delivered,2018-07-22 14:13:44,2018-07-24 11:32:22,2018-07-25 13:10:00,2018-07-30 23:51:37,2018-08-06,39e5c3959933167d14a989edd3b125a1,2018-07-22
097c6926697b318e2e49c0d92843211a,c4bfb61a02fa753432f5e5cabc107e28,delivered,2017-10-09 07:41:44,2017-10-11 03:28:37,2017-10-11 20:32:04,2017-10-18 17:13:40,2017-11-03,47f9b7a621b6a928761424c657e8c1cf,2017-10-09
36c03fb1172cec1edee00c380e3ae9ec,0a000341124b520e8aee66df1f6dadc1,delivered,2017-11-04 17:46:25,2017-11-04 18:06:00,2017-11-06 22:28:47,2017-11-09 13:53:00,2017-11-27,82ff394fc2b8861825166bfc7ec12644,2017-11-04
a974899162d4dcaef47a7a38af77a25b,fa38c0ad3378158a3546a9ad985ddd4e,delivered,2018-02-28 22:28:25,2018-02-28 22:47:39,2018-03-02 17:23:48,2018-03-07 21:22:07,2018-03-20,d7855a88b32a52d7c44b7fee152245a2,2018-02-28
d1cbdd8ef126f25f75c37e56508061ee,60846c3b365421d1d4c6d027498062ef,delivered,2017-08-30 11:08:30,2017-08-31 02:50:22,2017-08-31 15:04:41,2017-09-11 19:33:48,2017-09-18,0dee900a30cc051f08b9220af99b5d2a,2017-08-30
ab9de67666ec95b75b273e2905fc7844,17f649534bad9e486650d91706ac41dc,delivered,2018-03-14 12:16:03,2018-03-15 03:29:26,2018-03-15 23:38:24,2018-03-22 16:22:49,2018-04-02,d9393d531d07e04dfb4ec3c837ff0f52,2018-03-14
813b5a476617fd4a0d4f49f875a6e99b,5bfeb6f3516f91a7faaee13bc60497d6,delivered,2018-02-20 21:25:53,2018-02-20 21:35:33,2018-02-24 03:39:04,2018-02-27 00:12:13,2018-03-06,dd3207d81b63d0f1bfa3b5065c1c1c34,2018-02-20
8a6b619c3aff55f02ec3cabe6d746ce8,ce90096f130e38392654bacf265b1f58,delivered,2018-05-25 18:28:36,2018-05-25 18:58:30,2018-06-12 07:51:00,2018-06-17 13:18:27,2018-07-12,31d1ec8fb80004b9a556acace88a9468,2018-05-25
221075271fec0f4230ccfb754b0282d0,9eaea40cdf7c192bd3120718b635c863,delivered,2017-10-21 14:22:24,2017-10-21 14:39:38,2017-10-25 18:19:06,2017-11-06 10:58:41,2017-11-09,0ab28e76f94077e32d4c3b1517924841,2017-10-21
eb4a3d0046ad19061885dc5ce242068f,7e388d37dc7e8572bab8068459b32190,delivered,2017-10-10 20:33:18,2017-10-10 20:49:26,2017-10-20 15:58:48,2017-10-31 12:05:26,2017-10-23,d9e89959b1eb21f645b47f68387b5496,2017-10-10
d39a20e8a085ccb2be10bebd348614c2,8e64729fe31042626548bb4844a9b1a9,delivered,2017-12-28 11:20:49,2017-12-28 11:31:46,2018-01-04 22:27:05,2018-01-05 17:13:47,2018-01-17,c9c5982911c477da2947beeac60ccfd5,2017-12-28
748cd327f8dd41d29e7f94c334beb869,cd9df5080a35c3fd18365602a80f3044,delivered,2017-11-14 16:02:01,2017-11-15 02:46:48,2017-11-17 21:06:37,2017-11-22 03:33:07,2017-12-04,83df90c049a8ba9cb243389ad5b8e965,2017-11-14
e9cd616f98d71b98fd6464ec06a6f763,58ba0af16d3e34ea61d57c38baf9ffb5,shipped,2018-04-03 11:43:50,2018-04-03 12:09:29,2018-04-04 18:31:28,,2018-05-02,ab3a4401454fad9e31022f694e7af0e8,2018-04-03
89da5201b61556fe114c78cf188fb1e8,71fde3709b2cb6ac4f85fd35ce1d45cb,delivered,2018-08-25 18:52:49,2018-08-25 19:05:15,2018-08-29 13:24:00,2018-08-30 19:14:35,2018-09-03,d7dbe68588e2b9cdb13ba5eeee3153c2,2018-08-25
973548765ef313758de16c641c195baf,5b36c9f4f0c829730b0e2a4e5b26aeea,delivered,2018-05-08 09:15:25,2018-05-09 03:51:45,2018-05-10 18:29:00,2018-05-16 21:03:44,2018-05-29,6ba570eb4471eda421effe4ef8ab144f,2018-05-08
23812c2963ad9ad601c4d9ee5137834d,76a222a1c172c61075fad1bcc252312d,delivered,2017-06-01 13:17:00,2017-06-01 14:23:12,2017-06-06 13:03:08,2017-06-13 16:53:47,2017-07-07,0f19406817348f175890e311daa0f12a,2017-06-01
3785ffb02b0b201a23df7daf357c271d,7cba2705c01b76fa986e0efd815d3b09,delivered,2017-10-03 13:27:13,2017-10-03 13:49:19,2017-10-04 16:41:36,2017-10-07 16:29:03,2017-10-19,d1188dec6bca7728f5fce5f9dc4239b2,2017-10-03
0c83ae77e6509fbaec6d9ae8844ccef7,3eb6b717fd80b094c121c4ce049cd3c3,delivered,2017-07-21 14:57:04,2017-07-21 15:23:16,2017-07-21 20:03:33,2017-08-08 19:16:10,2017-08-17,a020e0fa38c4bd302abcbd88e4f6bca4,2017-07-21
a29bd6557706ccbbd2ef759fd491a67e,fc1cc105b757652a5aae908c9609297d,delivered,2017-03-10 11:55:08,2017-03-10 11:55:08,2017-03-13 12:28:08,2017-03-16 15:49:20,2017-03-31,eddc1407b097ef7952deb24806c9059b,2017-03-10
721384cf1e817313c1e0403bb08235ec,e8e82fdecfabb6a3ef54820ec9073eba,delivered,2017-03-23 01:01:01,2017-03-23 01:01:01,2017-03-23 15:49:11,2017-03-28 17:05:01,2017-04-13,e12941e501c78f88e7de3971418cecf3,2017-03-23
56e6693f77e4c20487af7d879e980613,d488a306f1a55b796ae873c49b701c46,delivered,2017-04-07 00:58:19,2017-04-07 01:10:16,2017-04-07 14:26:37,2017-04-11 12:31:37,2017-05-03,a49dd8503d568692a2845ed27a713d92,2017-04-07
5b2e79428198e5ce482f9ec1bd1014c3,a44c2718ceef807f0b77a73b5192127b,delivered,2017-07-09 17:58:28,2017-07-11 04:15:27,2017-07-14 20:04:26,2017-07-28 20:07:34,2017-08-11,4187ef802f7e7f1065de49402845fbb5,2017-07-09
ff0f748c58a386fe2ec19f6e32c9f42b,d486c1adfb84aecbc44d77cf332b0cd1,delivered,2017-11-28 12:55:10,2017-11-28 13:04:26,2017-11-28 22:59:46,2017-12-27 16:23:06,2017-12-29,81dd84d8f44d7aac9fa58e473583586a,2017-11-28
7d3b6596123fe1a1b6b736200bcb50b1,f866d7ca1261363dcceb85191ed85ae5,delivered,2017-04-11 20:45:06,2017-04-13 02:42:00,2017-04-20 10:39:15,2017-04-26 13:27:51,2017-05-05,809813761ed3f1f82a8ab5e4e216fa41,2017-04-11
d453150b728f3361801ca4a588bf9a86,4601751d1f69b3849c08916fd2f6b356,delivered,2018-07-19 19:09:05,2018-07-19 19:23:12,2018-07-23 14:11:00,2018-07-24 21:12:48,2018-08-01,4cf3877a5a87b1237cd5d127ea20faa4,2018-07-19
8337da5abde9a018a9ab51bf20aee333,3aa26b0090c89244c07c04d241eb30af,delivered,2017-12-18 10:44:33,2017-12-18 11:51:45,2017-12-21 22:52:36,2017-12-27 18:59:03,2018-01-11,0aa64cf7ee29d5313f2987c05e4b09ba,2017-12-18
815c1f60c4896764d6d70b7fea63863b,43cbc1dac30f38ac86c23356358597a7,canceled,2017-11-21 13:55:08,2017-11-21 15:50:58,,,2017-12-01,304e5d37d53b332f4a8a1b3d599055bc,2017-11-21
9974f55fe60de80215db1be13064ee66,2c294c9fdd5d9b63c26e6fb27a39475e,delivered,2018-05-03 20:54:47,2018-05-03 21:11:24,2018-05-04 14:39:00,2018-05-22 17:58:51,2018-06-06,267b84731b0571ff7fd18af01fcef751,2018-05-03
71865a55cb13d1685ed2ea7db1cb24d6,8cc7890ab812dd058ca375f6384c02a9,delivered,2017-10-26 13:10:31,2017-10-26 13:30:03,2017-10-27 20:05:34,2017-11-07 21:37:36,2017-11-22,c2d4f876f7d081f5bfb6caabe991e64a,2017-10-26
ed9bc2af2e1ae9d510b862314efd8e72,c7b91f61168f8405335fbc6371c11962,delivered,2017-04-15 12:11:01,2017-04-16 06:35:18,2017-04-25 06:53:46,2017-05-02 21:07:41,2017-05-12,ee5ca29b04a242ed865183467ba72b24,2017-04-15
6f7df415d1d0e0721913565990a9a6d8,c5bc3b20670a94be6ce48dc42abe2a6e,delivered,2018-02-07 10:16:13,2018-02-07 10:32:08,2018-02-08 20:58:37,2018-02-15 18:13:21,2018-03-06,f08a6495969239c36cd3a2a572bba447,2018-02-07
a620d8cdb285c288f16b94cb365172a1,4c29da720594564093d90ef9c34144eb,delivered,2017-08-08 09:55:41,2017-08-09 02:55:57,2017-08-10 16:40:10,2017-08-14 17:47:27,2017-08-28,694b741591e0720653002322d967613b,2017-08-08
1dcc7dd4a1b9d03d263d4b4d224f1cc6,5a036116645ad7781ca56e7a415513c6,delivered,2018-03-22 10:10:08,2018-03-23 02:15:59,2018-03-26 14:58:50,2018-04-05 17:40:46,2018-04-13,ac91d2d366bea7be220d732c30a98948,2018-03-22
2256d7dbbecb2b03c2cb4423793570a1,f3eff5581af1342ceb05677a6508bbbe,delivered,2017-06-24 19:15:09,2017-06-26 11:12:17,2017-06-29 16:19:35,2017-07-05 14:42:55,2017-07-18,43255e3df6cda368809baa2fc72872c8,2017-06-24
78037c5f4d9f1f7bab0207f22c4e92f1,ec8f2dcb080511771e52af7ca42117f5,delivered,2018-01-02 17:56:52,2018-01-02 18:10:14,2018-01-08 17:19:32,2018-01-16 17:12:37,2018-01-31,60a1e88691ef46c62b52fb2b994d7675,2018-01-02
ca68062131377687e13cfb41842fbac9,25cc30b7403fea780f69926b410023b9,delivered,2018-07-24 19:44:56,2018-07-24 19:55:12,2018-07-25 12:30:00,2018-08-01 18:27:03,2018-08-13,2ab6849c49556e537fc2b22a52888a2a,2018-07-24
de01100645b731556de153cfbebc35b1,94602ee2b2723266d391c94e7d1f4d89,delivered,2017-08-07 12:13:26,2017-08-07 12:43:37,2017-08-08 13:32:49,2017-08-17 18:24:38,2017-08-29,3b63e7ae5d6058eb51567425722cff95,2017-08-07
7f57cfd0b88f36f8d013446482df54ff,31125ec2baa1d5281a8d38c35c0f3e7b,delivered,2017-09-16 08:28:18,2017-09-16 08:44:04,2017-09-18 20:08:49,2017-09-23 12:42:00,2017-10-05,c4ac52dc875431ff2253e411ecac2898,2017-09-16
3c2162c803440f60242b30f84d448ee8,d90163d79bf06b422d58f3c8a2894f12,delivered,2017-12-03 12:23:49,2017-12-03 12:35:32,2017-12-04 21:22:16,2017-12-13 18:04:46,2018-01-05,d4f3e09a54bbb119aa1aba9159cce869,2017-12-03
ad01e26d29b4818ba6299d1356a130b7,c2a6b573f9d894a18a37d09b680910b3,delivered,2018-08-12 21:06:51,2018-08-14 05:44:07,2018-08-15 14:09:00,2018-08-22 16:09:42,2018-09-06,79600d089f870e1787795b429b5be3c5,2018-08-12
0b3f84ce012f341897587c6e4e73f68e,bd2e650f73a529c3dd307b6eec01393e,delivered,2018-06-30 21:48:45,2018-07-01 21:50:01,2018-07-03 11:15:00,2018-07-12 15:28:49,2018-08-01,4317b8733d4f4edee85f16fba1260b19,2018-06-30
eb620e3dd98cfbaa9f054dbc60758764,ae9b7a06ed7be1ba49886a5818b8c63a,delivered,2018-08-20 12:23:20,2018-08-20 15:36:15,2018-08-21 13:23:00,2018-08-27 21:13:26,2018-09-10,32abbbd59e2730d6f78129d3ffb905c8,2018-08-20
0be6d173c7061938d89152c036ac064a,095acc4e27efb00510101b9dbbfb4312,delivered,2017-11-20 18:10:49,2017-11-22 02:50:26,2017-11-22 20:08:50,2017-12-05 15:46:45,2017-12-07,d028a4965b062a236061421c1feec941,2017-11-20
063b573b88fc80e516aba87df524f809,285195a5b585842e25bd1ef9015a8413,shipped,2016-10-07 19:17:00,2016-10-07 19:29:20,2016-10-30 10:23:36,,2016-12-01,acf5cef98a4798f470a2bb70a330ac07,2016-10-07
4d7b8667b2e583a64e2241b51d25f3f7,ae4b97db0f9940348a45b614a925fb3c,delivered,2017-09-10 12:40:46,2017-09-10 12:55:14,2017-09-12 20:49:35,2017-09-18 20:15:02,2017-10-03,373d6a646ed4654b10d7611ea91c6dd1,2017-09-10
bb7354c6849c8df487362a72ea3ac569,6da387a19f90d3b3b07a576590e7d48d,delivered,2018-02-08 23:22:00,2018-02-08 23:35:36,2018-02-14 21:26:40,2018-02-23 21:23:29,2018-03-06,418694eb3e3096c122f74b103ff603a8,2018-02-08
e1ae83c728cb5ab4352082e5509056ff,ad5f5cd6d22881b872713a934ee9ef28,delivered,2018-08-19 13:23:43,2018-08-20 15:50:08,2018-08-21 12:27:00,2018-08-23 21:51:18,2018-09-10,eafbf44c4e86700a9dec4f01f1500745,2018-08-19
546d146d8027f96ed859e57ada4c2ff6,011d2f8468c1be17b9c493a916e31a56,delivered,2018-02-06 10:20:19,2018-02-08 07:35:51,2018-02-08 23:47:03,2018-02-16 21:48:42,2018-03-08,ebdbd2fe116eaf3f128c7bdc3c1317e1,2018-02-06
b8f4e6b287baa7c5914f2ddbceee6a8b,1f5f4155d20763029c7b0504404748bb,delivered,2017-02-26 01:33:51,2017-02-26 01:45:10,2017-03-01 12:55:44,2017-03-04 05:24:51,2017-03-22,a6b61ba2ddd9a18d0256d3396c5d5f02,2017-02-26
f9a799d2f679685212cad64ee906048d,9192efe29732cd3f91347e6cba770ce3,delivered,2018-03-07 12:43:02,2018-03-08 02:15:42,2018-03-08 23:16:20,2018-03-22 19:39:01,2018-04-09,997c2de65d7c529ab484c7efc49a6589,2018-03-07
b9aa836b728e0cee464400dde6a1fc22,c364cfc3250649433bd2a8ad77b101bd,delivered,2017-10-10 20:20:39,2017-10-10 20:35:27,2017-10-18 15:15:05,2017-10-20 16:03:49,2017-11-06,138d82ea82acfeaa2e1a115580d3a76d,2017-10-10
56a97868cb13e5f9af3e4d72256ffa54,0563496f01a9c2ff5cce673601fe3c4a,delivered,2017-08-02 16:54:58,2017-08-02 17:10:21,2017-08-03 19:29:32,2017-08-10 18:32:12,2017-08-31,38983aad587a0f0af1374a4fd4e6aa56,2017-08-02
c92f1838de2ede8bad2e01c26d7a8ef6,3f062616cc5dad2d8a65c7d258da1e8c,delivered,2017-08-03 20:28:17,2017-08-03 21:03:20,2017-08-04 18:13:40,2017-08-08 18:23:29,2017-08-23,7bd57c406a4a1d2ee637892c95e0a1a8,2017-08-03
30837e97d6e552e25ee411c7365bdbcd,8638b28024054f46722ade334452c048,delivered,2018-07-15 19:50:22,2018-07-16 20:30:41,2018-07-18 14:48:00,2018-07-21 00:06:35,2018-07-31,8e2362db1bcd46ad2de37f1d63e7203e,2018-07-15
0e52eaa92a794742da29c413a23a7b80,0093eadfb5536c158311672bdf418044,delivered,2018-06-26 21:23:04,2018-06-27 21:31:53,2018-06-28 14:46:00,2018-07-09 13:44:41,2018-07-26,693343dbec3bbc6b1641ee705715a12f,2018-06-26
abb1ee74da62603cb36ead18afb58322,bd4494735eaf4a9f61773bccdccbc41c,delivered,2017-05-16 09:36:27,2017-05-16 09:50:10,2017-05-17 15:04:29,2017-05-25 08:23:44,2017-06-22,b7301da63e8bae3cf4532a8af537999f,2017-05-16
848ab881c02107858764faed825d804b,45210550b0f00e247f82f8ed5b08bf4d,delivered,2018-03-20 20:37:45,2018-03-20 20:50:43,2018-03-23 17:14:34,2018-04-19 00:56:34,2018-04-09,a82301b543c924e58739adcb64ac52b1,2018-03-20
f03ff8d4dd01b31194926029790475f4,f6e534985847fa0d4885a5990a4d0504,delivered,2017-08-17 10:55:50,2017-08-19 02:25:26,2017-08-23 15:33:43,2017-08-30 21:22:50,2017-09-13,1c064f90fd103aeed97f289b08c83ab7,2017-08-17
7b4da8a23b304605ffac1da44f1e7017,3e516de4095918fe6240ec044580c115,delivered,2018-05-19 19:01:27,2018-05-22 09:14:21,2018-05-23 13:44:00,2018-06-07 13:05:24,2018-06-14,749203b912164a86a7115db7f7313653,2018-05-19
3d374c9e46530bb5ed4a7648915306a6,b1af08103e1e17838522e5b9fbe2ed11,delivered,2017-12-06 10:36:19,2017-12-08 02:36:46,2017-12-08 23:27:38,2017-12-18 19:57:20,2018-01-02,92dcd4992a1c796d78efe76628436880,2017-12-06
aae8472758df40ecf63fa417bfbe1329,a0d7a9d56a9a9c596f5d507355c191f5,delivered,2017-12-16 00:57:15,2017-12-19 05:10:40,2017-12-27 15:17:19,2017-12-29 18:17:36,2018-01-19,d2d29ce9d7fc1b0e7415d1f35fd019b3,2017-12-16
251f0a3981c4a8cb853a9cc9d6ba49ad,b68b9ed711961eefc13abb843a2562ce,delivered,2018-05-11 18:40:54,2018-05-12 11:14:12,2018-05-14 13:57:00,2018-05-21 16:07:28,2018-06-05,3ba2c7feb465bb3df6bb6c6c9014f839,2018-05-11
e3ed667246441d406652e03f37d8d55a,ef030a565acbe33519e028e1ced2a826,delivered,2018-08-20 13:12:43,2018-08-20 15:50:23,2018-08-21 15:46:00,2018-08-24 14:08:23,2018-08-29,cdcc1be759b2117952718bb5d14fb274,2018-08-20
d8198b1933966d7baf7a7d758bdde142,24eab5309a4f60346c0fe93388afe166,unavailable,2017-08-09 13:34:56,2017-08-11 04:30:25,,,2017-08-29,9c22decc1087987926bd5eda3555afd8,2017-08-09
ac706ac9421036e88d5b2c96b058aba6,cdb1e9cb8ee9ea2a896a849b2011d0d7,delivered,2017-06-21 18:03:11,2017-06-23 02:15:53,2017-06-26 08:11:57,2017-07-04 15:07:49,2017-07-13,43481ffd364a0e241d692a08c405f282,2017-06-21
27c23f89fe3b1bb3b137c7be5ae8407e,1bde0d4e3110504dff1154416342f246,delivered,2018-01-06 09:15:53,2018-01-09 07:25:40,2018-02-15 15:06:02,2018-02-27 17:07:58,2018-03-13,f6d3570a6defa3ebd67df54f01a9b176,2018-01-06
cd1afe54001178b012be992f11234a8e,d30553b51b521018932b96d1eb08d678,delivered,2017-12-11 18:24:33,2017-12-11 18:36:25,2017-12-14 00:23:47,2017-12-15 21:48:31,2017-12-28,36431e91f6336fab411cb56087bbc8f4,2017-12-11
94aa7cffedc2aed45e67a865fe6ec0f9,1a360b6e91827cc5b5c49cd6568214f5,shipped,2018-02-27 10:47:13,2018-02-27 11:09:46,2018-03-02 00:57:17,,2018-03-20,72d7adcf1d70f200fceda19328b4fc60,2018-02-27
45ca85d3a9ce8406d3291753acce966d,ac7f2420ab4a76a90d70be194cce22cf,delivered,2018-07-05 23:14:26,2018-07-05 23:30:55,2018-07-06 10:08:00,2018-07-10 21:45:24,2018-07-18,69a8ae4cb48f7ee543a238c78d2e0ff6,2018-07-05
ee89f491ee59faaf86fb05c23ae9d4b5,c0ae42d2483c6e45c787412fcf10388b,delivered,2018-04-26 13:43:04,2018-04-27 03:55:15,2018-04-27 15:25:00,2018-05-10 16:54:37,2018-05-22,175214a705320b855fe745fa84cd1ce4,2018-04-26
8f4be74e60d163c72a59ba577a642d70,61762ef91aa772a783ab6a270a91da96,delivered,2017-04-28 16:26:51,2017-04-28 16:42:44,2017-05-02 14:30:01,2017-05-16 17:42:18,2017-05-22,104f7e16c7b3c8593171ed1a1635a792,2017-04-28
c5496f84549a814974881b9f211c66f0,89a7f5483cc2b2c5c8ac274323a2150a,delivered,2017-08-26 12:25:51,2017-08-26 12:35:19,2017-09-01 19:11:48,2017-09-05 20:53:53,2017-09-18,adb6b4e82e7e33f5bae129c361cdce17,2017-08-26
60d9a5e952b00c9a481aa0e3d641b354,7082edd9f78fb9d07560b4f9d65f7095,delivered,2017-10-03 21:27:23,2017-10-03 21:43:46,2017-10-04 18:32:03,2017-10-09 23:11:59,2017-10-19,b3c9b7344ef8e0ec9560dfe3cccd0b5e,2017-10-03
b5afd0718531dfc9e9ea16d79715fd8a,04b3f667f21812ce42117db92b7dbe17,delivered,2018-05-09 17:11:55,2018-05-09 17:36:13,2018-05-10 13:44:00,2018-05-15 17:55:11,2018-05-25,835cd65a1ff89e0be89851e41cab8c3d,2018-05-09
519b26d18bc4a42eaac1841acd217baa,e9b0f3b800151f5ea33a39ec85f01e2d,delivered,2017-09-08 12:53:49,2017-09-08 13:05:19,2017-09-11 19:50:01,2017-09-12 16:25:56,2017-09-21,0b967b2aee0bfd5e38d020413e818886,2017-09-08
88c6c911e3d4308b3f355533115275c3,dce9263e5c0f7448aff75f3f347ec481,shipped,2017-09-09 16:46:09,2017-09-09 16:55:12,2017-09-13 21:46:55,,2017-09-28,d484207b7dfd9f0caa47f97a7d2dac58,2017-09-09
27d17edfd5ccc5524ae9a11fa1d2daf9,a77b0439890bc483529d4452eedd68fd,delivered,2018-07-14 11:08:21,2018-07-14 11:24:06,2018-07-24 16:07:00,2018-08-07 12:47:30,2018-08-21,f20ad83894ecbd87fc62070bd336761c,2018-07-14
46c43e0da6349514a5b200d60026021a,44912f3bbeb1e31b044228b2325fe4a1,delivered,2017-11-28 00:46:57,2017-11-28 00:56:41,2017-11-28 22:15:20,2017-11-30 15:48:35,2017-12-12,953f23db28bb4dadc140563e3222de3d,2017-11-28
a07d031ec2c5fdaba3a363a4f5a98350,9d81175f83b45c6a446a8d3dfedd1a25,delivered,2017-04-17 22:24:49,2017-04-17 22:42:08,2017-04-18 15:03:51,2017-04-27 11:40:07,2017-05-17,0245997602d4ec43390590e43dfd39d9,2017-04-17
ccb211459abb148401c4f7c596524cae,9c9216f8fa659fc786c005ed7672ecee,delivered,2018-08-11 13:43:16,2018-08-11 13:55:18,2018-08-13 14:24:00,2018-08-20 18:03:29,2018-09-04,264a20874923afec499b9734e81037dc,2018-08-11
614b79e86eb799054a44828c5a2b28e4,aac9f83973d2967fbf6aa72e1b9d6975,delivered,2018-03-29 15:56:30,2018-03-29 16:10:03,2018-04-03 00:21:02,2018-04-08 18:41:48,2018-04-17,cba1d9d4bd4289ae191775b62f3ec051,2018-03-29
da32e0ec629676994bea2c2fa8f0584a,4fa4b599b0c73654490624e2ea81ce75,delivered,2017-07-24 18:37:54,2017-07-24 18:50:16,2017-07-27 18:55:32,2017-07-28 20:41:29,2017-08-04,a68ad412c53f45ccc69644d62568224f,2017-07-24
b76e1e63723d846f3382683973908122,39d556e9b4d5082c7dce489e24aa7163,delivered,2018-07-18 18:25:54,2018-07-20 05:05:14,2018-07-20 15:02:00,2018-07-25 16:52:04,2018-08-03,db8e4be2382fc04a998f0f1875767ee1,2018-07-18
5f0cbb1b71a81f142f6760c5023a28bc,353074c9222c4f0d0e1ef8336bc77447,delivered,2018-06-09 05:40:22,2018-06-09 06:22:03,2018-06-11 08:21:00,2018-06-12 22:28:50,2018-06-25,8342f97903858e40d68c915a4a683884,2018-06-09
6337a3d6f20dcb1f58b07244dc92b759,010d1bac7f6ca46ef1c6fd0c4034cffc,delivered,2018-05-09 10:22:35,2018-05-10 02:57:10,2018-05-11 07:52:00,2018-05-14 20:27:48,2018-05-21,825dd8ade1078c7e3fae513616a574f3,2018-05-09
8a7382cca716904aa1a6bf3b364c116b,dc5addd4693ac5e18c4d5748e36d2392,delivered,2018-02-19 17:57:00,2018-02-19 18:10:29,2018-02-22 15:41:51,2018-03-09 16:01:33,2018-03-15,27a69bde211b14840b80a6254fdbf2ba,2018-02-19
084dc35511ef0934cbe4f52d6b1e17ed,7f04bae0255c12792d4f1e345db66077,delivered,2018-05-16 22:07:12,2018-05-17 02:55:43,2018-05-17 12:49:00,2018-05-18 17:10:05,2018-05-24,dbebf4c599e762ec3faae60d7e0c2605,2018-05-16
80767ee5712d9f1d53be5e87db2e11af,bf6bd42cc2a31fc6a31fbc2e53058686,delivered,2017-11-24 21:18:13,2017-11-25 00:18:20,2017-11-30 15:42:41,2017-12-04 13:12:16,2018-01-02,c1b24d603bf5dea8e7b98bee45e18a40,2017-11-24
b17efd627b5a3689ab418e47f824cc3f,63da2e8fde0e3a1b064e9641ffdae56a,delivered,2018-01-15 07:50:02,2018-01-16 03:50:01,2018-01-16 22:51:52,2018-01-18 23:34:46,2018-01-30,3bb93645d4027fa9d5c6baf691ba2a37,2018-01-15
95b02752714c6c5c8aab8570ab649d52,83c128364cdccfe3400af155692569e3,delivered,2018-04-11 10:47:51,2018-04-12 05:11:26,2018-04-12 19:13:28,2018-04-23 15:22:42,2018-05-04,2b0039d980ecb93ae5fd4db28402f7df,2018-04-11
725c1fa3c54ba6790dd13c3bc9af21a5,b1f193c9d9d90a526c2fb29a0f8e1469,delivered,2017-12-17 22:56:07,2017-12-17 23:59:18,2017-12-18 21:39:44,2018-01-04 20:05:27,2018-01-16,7cce791a0d926ac8490ca7135968da8a,2017-12-17
f074affa7545c0e7932c9db1a51006d4,1252d53b3e7f8698e074e1f1ca723f07,delivered,2017-06-06 20:29:48,2017-06-06 20:42:29,2017-06-08 14:33:47,2017-06-19 12:27:55,2017-06-29,4036863bd00a3f284f0bc41cdb8e704b,2017-06-06
0a2798cd0ba9166659c07e35ef5eb817,0eff840a67ceab65fe61ccffdb12e3f3,delivered,2017-11-21 12:45:22,2017-11-21 12:57:37,2017-11-23 19:19:07,2017-11-24 19:33:04,2017-12-01,8523dbf8d5d81b9b1e723c2a7631a9a4,2017-11-21
124fb051a9788c8feb53429fb1612760,7595f0de4868abaec15c442659fdace2,delivered,2017-07-01 16:58:53,2017-07-01 17:10:15,2017-07-04 06:23:24,2017-07-11 16:42:08,2017-07-28,312c57b3499e3341ae8b400cb88f4cbd,2017-07-01
7e6a1834b0545ebda67a051d04ef8ca9,0cea363db5a2d424a276ed967b12b062,processing,2018-01-09 23:52:18,2018-01-10 10:31:51,,,2018-02-01,765f221989ff852ef0101e145946ad2a,2018-01-09
a72ddc1e569249752806276ac7ad97b8,ff3e24884cccf9cf357f9d89890e0370,delivered,2018-02-10 23:14:37,2018-02-11 00:15:29,2018-02-15 22:39:22,2018-02-19 23:59:00,2018-03-14,4aaa203d8d1a697f90c558099299ab7e,2018-02-10
be16956e185d1e4f58a8443b3fa7b7d6,b2263ddeddff35139801cdead615b9b4,delivered,2018-01-08 11:20:03,2018-01-08 11:28:33,2018-01-09 19:23:02,2018-01-13 00:53:10,2018-01-24,46b061196b47dfe9318d38bab6a40ee7,2018-01-08
8ee4b4546da4178fb73e677c628a74b9,a0474d5c284634e68266e32c11deb9b8,delivered,2017-06-03 21:36:41,2017-06-03 21:50:11,2017-06-07 16:05:27,2017-06-14 18:20:16,2017-06-28,e482ebcde0089f879abe0634322f17fa,2017-06-03
fea63f76fbfe84a56f4059ed267918de,182c15f981f0b00f0b301c171de91c79,delivered,2018-08-02 12:37:37,2018-08-02 13:25:09,2018-08-03 12:32:00,2018-08-08 22:38:37,2018-08-17,67a89b297d7937e5ffd2d93759e128a7,2018-08-02
cedd76fc5747c4fe238fffea929a9672,9a68cedec6c4f03bec914b782170a43f,delivered,2018-06-04 15:48:36,2018-06-06 02:35:14,2018-06-06 13:59:00,2018-06-15 14:46:28,2018-07-13,8b39dbbd813602a20d81a49888356227,2018-06-04
5339b02466cf3545d79c1b8c2d555faa,f80fc8c638c8616af8789ae5e751ff13,delivered,2017-12-17 18:01:19,2017-12-17 19:13:51,2017-12-20 17:07:55,2018-01-11 00:33:15,2018-01-15,aef1ae2be9b88cd849660049539ac801,2017-12-17
05e19ab996b114339f316bf41b359d52,0a89509ed51bf4b266a89f0dde0fa883,delivered,2018-05-16 21:21:07,2018-05-16 21:36:18,2018-05-17 14:23:00,2018-05-25 22:33:38,2018-06-07,810581f011b77fb9ffb69c1c6d3c55ae,2018-05-16
591ab3b2136169cbcc8f86900519151c,ead486b9b0298af5652eef24ee57fb24,delivered,2018-08-24 08:34:16,2018-08-24 11:45:22,2018-08-27 17:58:00,2018-08-30 01:46:38,2018-08-30,08a96b9b64a5af2b5918c4012c0d92d6,2018-08-24
89ce68f38090867719b22774f8bf5861,09f247d80ae5e78ad36a6143b80967dc,delivered,2017-11-29 23:20:45,2017-11-29 23:36:24,2017-12-06 19:18:59,2017-12-08 14:52:12,2017-12-21,9a8ad62bc98119f5b94c149c1eb4c971,2017-11-29
fd5c1e8106fe112adf074e53073aa76a,766145029046296846bb15b8fd581a25,delivered,2017-08-12 09:10:30,2017-08-12 09:25:07,2017-08-15 00:10:42,2017-08-28 22:03:33,2017-09-08,ab009b9ef22850acd9fd15d0c319a4be,2017-08-12
e0b26b626296911e7b4c63e5c7367382,44b07e53a284d5abc4dbcf7ab6f96750,delivered,2018-01-10 10:57:48,2018-01-10 11:09:23,2018-01-10 22:29:18,2018-01-18 18:04:26,2018-02-16,5fd9a1173ae9910627a50c51f12a5664,2018-01-10
3eb107cde8cec14d216034ea9fad2866,05973f8c1b234868c8c1397d05d979e8,delivered,2018-01-14 20:06:35,2018-01-14 20:18:21,2018-01-17 19:19:07,2018-01-29 16:46:59,2018-02-05,2a3febfc204bb055c179c78b2d62c2cf,2018-01-14
498021c6811da6622f31f7817f7a7af7,50103da61c9fee9d507ce240a118460a,delivered,2018-05-07 10:01:50,2018-05-07 17:29:45,2018-05-11 13:31:00,2018-05-17 16:32:20,2018-06-01,0665dfc7cfced30881762973ab80a4a0,2018-05-07
08733fad8b29896d4920d381cd3f7cf1,2f52bb4abd2c5558c7f7ce94dd9ae787,delivered,2018-01-20 13:23:02,2018-01-23 03:36:50,2018-01-24 22:34:57,2018-02-09 19:13:23,2018-02-22,803f32a3dc54fccf006d57d5f2df9b2b,2018-01-20
ef71061bdf8dc442c060d4f0d8266a2d,6b3b0cc3877dcd4dfb365254a100e422,delivered,2017-02-20 16:17:04,2017-02-20 16:30:11,2017-02-22 12:32:14,2017-03-02 12:05:21,2017-03-23,1fe11e8f0fa5bea7416ec09d6e8d2b4d,2017-02-20
ca07593549f1816d26a572e06dc1eab6,75683a92331068e2d281b11a7866ba44,delivered,2017-02-21 23:31:27,2017-02-23 02:35:15,2017-03-08 13:47:46,2017-09-19 14:36:39,2017-03-22,4a2519b6991378f6f2ce5ed22d308f03,2017-02-21
8f2e84cb21fcbe7e95d12e4f0dc80487,a2fa3925309e440a429a5628eff166b2,delivered,2017-09-08 16:00:35,2017-09-08 16:10:18,2017-09-11 18:17:47,2017-09-19 21:32:07,2017-09-28,092c26cc34bcee8f7c16cc1cf3c55c1c,2017-09-08
f8337e09908840a3536231a3a198b43a,d12ca97166081cdbaf085814549aa109,delivered,2017-10-09 15:06:05,2017-10-09 15:15:32,2017-10-13 23:12:05,2017-10-20 20:15:13,2017-11-07,6776dcb837589509cae6b114361d1e46,2017-10-09
e9b44c3b09fed11135323660e10e73ae,8fcb7f79bbca92a41d8e717e3211e13c,delivered,2017-07-15 10:40:35,2017-07-15 10:55:15,2017-07-19 17:09:51,2017-08-01 19:21:19,2017-08-10,120c72fd446759eeed24849e6c618a65,2017-07-15
9eec24a1fa2828ef3fdac074f2928f93,a93fa626931eafc7562939f23e3fe926,delivered,2018-02-11 17:53:57,2018-02-11 18:47:50,2018-02-16 13:35:28,2018-02-24 13:11:51,2018-03-09,704815f7c7ae2993be925e2a65279b9b,2018-02-11
0f980ae5eab9825b34c18c945956220e,5faf696832a65d7f64c8c7917400c5e1,delivered,2017-04-25 15:24:09,2017-04-25 15:35:56,2017-04-26 10:08:47,2017-05-05 13:04:54,2017-05-19,6837506190b8405bee4bda447ec4b545,2017-04-25
da0c01c648efe58143eae5e7c1a38ac0,2015241e524228a5d12b6653c3bfc94a,delivered,2018-04-30 02:41:36,2018-05-03 04:15:16,2018-05-03 19:01:00,2018-05-08 01:28:48,2018-05-23,68cfb2c12fe97983b3e00aac4c177eb1,2018-04-30
a182c021b0561e70031de925b3991fb3,1d93c38087f43927ad29cdbd73a1a01b,delivered,2018-04-02 20:25:56,2018-04-02 20:35:17,2018-04-04 18:13:12,2018-04-11 11:14:31,2018-04-25,14691264ea396cd3bd71ebbe36bc6771,2018-04-02
3d6649f7e65c20a889ba38be4a54fcd3,68c3801d20fe13937ef0fe77d7f72351,delivered,2018-07-21 15:26:18,2018-07-21 15:35:16,2018-07-23 09:11:00,2018-07-30 22:14:50,2018-08-17,773f7afc109782abc1bb001faaf4c5fc,2018-07-21
5188cf1701fceace6ec6f14b40773f97,604117cb8b10acf6a4558e7ac8a17d7b,delivered,2017-10-10 20:44:59,2017-10-10 20:56:34,2017-10-13 20:33:21,2017-10-19 21:47:01,2017-10-27,dd4d20c4fb1f0f3706d0e1e66b049a3f,2017-10-10
ca9d82b594244464dddfac0959180268,f02b2fdb876bcf76b53082baed71b52e,unavailable,2017-08-09 12:26:30,2017-08-11 04:26:11,,,2017-09-13,3ae234753b7146b4b13c1d593beef4fa,2017-08-09
e134db9b2f9178ed55725a25b33e48c4,94167b0d4256412ff0bd9e2184e32f32,delivered,2017-12-01 14:09:20,2017-12-01 14:39:10,2017-12-11 19:23:40,2017-12-20 21:33:57,2017-12-19,c1099629bd44f439554021f60cdb120c,2017-12-01
dbf0ef2523a1685c333401eca1edac76,7ce70463aa70b5b9da5f29ab0432e707,delivered,2017-05-07 20:43:17,2017-05-07 20:55:21,2017-05-09 10:42:00,2017-05-17 12:24:44,2017-05-31,6b6448b0edb878421cdcb11f0148b1af,2017-05-07
0406b335284c621b052c06d972ab7626,376f08a4928b577b7113659f1c2bf415,delivered,2018-04-06 13:03:10,2018-04-06 13:15:16,2018-04-10 00:32:57,2018-05-09 21:04:18,2018-05-17,47ddd131b1dc4718022cc343c3d674b1,2018-04-06
16c52c86f53dc9687fa8523fb92b7121,6b423102b789a5e373332ddd86b8b6a8,delivered,2018-08-15 12:18:13,2018-08-16 03:25:23,2018-08-16 13:41:00,2018-08-17 18:26:45,2018-08-21,5926155748a17bea012987f22a4e73a6,2018-08-15
3a1ce4053005d669ac4e0047a13573cf,1d4411212e90d6a24fd2d09f74878b48,delivered,2018-06-25 22:43:44,2018-06-25 23:37:32,2018-06-27 10:04:00,2018-06-28 11:53:43,2018-07-16,69aedec762e21e5aaca6eba2e635dcfb,2018-06-25
94d1e075b6cad085871799dedd2b7e3d,69b9c50c3e920a5ff0fab8e65b4dbaff,delivered,2018-05-14 18:25:05,2018-05-14 18:37:57,2018-05-15 13:21:00,2018-05-16 22:16:36,2018-05-22,bfdc5f3e29b7de8e04428d6369193802,2018-05-14
8b0b0bb16bfbee0b827837e8d27e4a35,aa2efe1edf84e625777a77aa2d18ba76,delivered,2017-07-06 22:05:14,2017-07-06 22:23:38,2017-07-07 19:39:26,2017-07-10 17:28:44,2017-07-20,364f7b4c100b3b8793389cbf6a72ea58,2017-07-06
cce79f931c657237cdc1dfbbff4ba653,7b0690f706c521d7dbff63f8378fbade,delivered,2018-05-10 19:53:48,2018-05-10 20:17:27,2018-05-12 08:09:00,2018-05-18 17:26:34,2018-06-14,c0be33807acafb74d09884af77ca09ce,2018-05-10
c0331b57bfce1e05165b90ddae683940,34e883363a865a5e426a27e96a5926c7,delivered,2017-02-15 22:48:25,2017-02-15 22:55:20,2017-02-17 10:10:07,2017-03-01 10:45:08,2017-03-14,079297115f293bfd518c6e21915a7d9d,2017-02-15
6e425468e74e74de00ba2c9615b91ec7,5944da5b7ceb112d474bf31ce6c6b742,delivered,2018-05-16 12:11:24,2018-05-16 12:39:18,2018-05-16 13:31:00,2018-05-25 16:32:40,2018-06-21,77a077a1a20ce37d0843a933d9043b45,2018-05-16
30d6ee4a4d29531562ae9ca6c0635d61,107cce44c67b79a9979e971dd6227aa2,delivered,2017-10-10 11:04:32,2017-10-12 02:21:04,2017-11-24 16:43:12,2017-11-27 18:52:03,2017-10-30,1498be8bcb23f385c37e571a8d7af424,2017-10-10
f19c25c87bfad3bc229897611b142a7f,97965ac509860df88d56c242b0f6cd6b,delivered,2018-06-18 16:06:06,2018-06-19 16:25:38,2018-06-19 14:12:00,2018-06-23 12:56:32,2018-07-12,38238e269675ff97f16c8727a9ef753e,2018-06-18
ce82e57d70480ae9aa7bfad4a7c3392b,14e49b952739346002a5ffb5347e9b7c,delivered,2018-05-18 19:34:52,2018-05-22 08:56:42,2018-05-24 09:48:00,2018-06-02 18:57:47,2018-05-30,0d821ca9d5126d0bc2156fcfa7674410,2018-05-18
46c43fa21f04b08b446b2bd3e06ae1a8,21b0545f9777b7436b443277468a894e,delivered,2018-08-07 10:50:30,2018-08-07 11:05:21,2018-08-10 09:54:00,2018-08-22 16:27:44,2018-09-10,f165288d1ef49c2ef3d371f7ec7a88d5,2018-08-07
abf60bca751436919479c6ad94cf5c0b,28a1088aae1930e4e87d05707d06e4fd,delivered,2017-08-20 17:34:32,2017-08-20 17:45:10,2017-08-22 16:18:55,2017-09-06 20:39:57,2017-09-13,12a2d9fc0fe6aa18d677aa19af240d33,2017-08-20
91eef134a9dc65e566fde368f1772b93,fcb6ca3705483863533a701453895c07,delivered,2018-05-31 22:26:53,2018-05-31 22:50:31,2018-06-01 14:31:00,2018-06-02 18:52:35,2018-06-26,e8cf89d371ef673f688961c989efb877,2018-05-31
1439b7c45e6b3497e1d86582382ec326,bc9aac45e306cb97ea8e5081feb5839d,delivered,2018-02-27 15:50:27,2018-02-28 10:11:14,2018-03-23 21:14:54,2018-04-03 20:21:17,2018-03-26,1dabe12f619362d9a7f857bbe08e813d,2018-02-27
5bb0a15df451de753efe768d4c907d4c,367089320bed8da18a9e9345917d7425,invoiced,2017-07-14 10:18:33,2017-07-15 10:10:16,,,2017-08-11,643aa5f71ba04a8134e22f61e7992767,2017-07-14
69ad607f304efff8c01f1d47e95c2f58,be64dde40c78dbcb4f4a8e8de6ed23af,delivered,2018-08-14 14:08:32,2018-08-14 14:24:12,2018-08-15 13:55:00,2018-08-17 16:58:36,2018-08-22,a50145e7db5cc4d0a2103c80bbadbb8f,2018-08-14
7c666dfeba44ed20c9ad3f4b3d7c5e8c,a5cdd4cdccfd0c934a809d305f65c6a2,delivered,2017-12-01 18:18:40,2017-12-01 18:38:36,2017-12-04 19:13:02,2017-12-12 16:52:02,2017-12-27,c5c1e277e48ae53423c6e0b0ed430290,2017-12-01
c9d332204b8dc63cdc67656709b768a7,af49ba922d1afdfd1a0299ac893443e8,delivered,2018-02-03 16:45:46,2018-02-03 16:55:52,2018-02-06 00:49:39,2018-02-15 16:26:35,2018-03-02,fa2418e0a0f08920ee7db4e62ceb5043,2018-02-03
64983642eb3a25ca54f4786f830b1d0f,71ca4e80360cd11b5af55c29cb188c2e,delivered,2018-07-13 21:04:09,2018-07-13 21:24:06,2018-07-18 14:03:00,2018-07-23 19:51:12,2018-08-01,e9f56896923a366041cf2fed1312a59e,2018-07-13
e1f0272dec25a81bbba4b92a50e83cba,4c8039ace6fecb11982c8b00ef53fa23,delivered,2018-03-17 22:22:34,2018-03-17 22:31:10,2018-03-21 18:58:57,2018-04-02 11:43:05,2018-04-05,8c2e1b595fa98d5f22cb089e0e70d9cc,2018-03-17
34c419515123f11b048d07c0f8e4cf4c,fd8a857412d572142654875ac852e343,delivered,2017-05-04 15:27:52,2017-05-06 02:22:52,2017-05-09 07:47:58,2017-05-11 14:29:45,2017-05-29,9d8684bf332648a6a65fa5341befc931,2017-05-04
2a8d11469aa193477a4c0c3e79f09d18,62f3d61a58b432e64c4cc26e78685bae,delivered,2018-04-06 07:08:14,2018-04-06 07:48:06,2018-04-11 17:19:42,2018-04-18 15:56:46,2018-05-07,894efa8a425be9356724b866215f1e43,2018-04-06
b6ada13d6a3410de57d6f0268420de95,b49bc6198b41271f01eb19d926735803,delivered,2017-12-04 21:51:54,2017-12-05 10:30:50,2017-12-06 21:39:30,2017-12-07 19:32:35,2017-12-20,e61c0875b9c2aad711c8faeab36c7a21,2017-12-04
904d13263877e8067f0847021823f1cd,c88bb87e5a5cc959ebe4d45dd8946927,delivered,2018-05-09 12:23:48,2018-05-09 12:35:28,2018-05-09 14:08:00,2018-05-11 22:25:01,2018-05-23,647bf442e6058ec19088ee78303370e5,2018-05-09
b02709d4e987b97b8713543629c82401,bb4f37452ca6a6d24da2acd8ed4dd726,delivered,2018-08-04 11:23:51,2018-08-04 11:35:28,2018-08-06 11:53:00,2018-08-09 16:31:52,2018-08-21,2fcb9194bf02e8181be3ae0fa37feabd,2018-08-04
418bafc9ec22366d00fdadab496b0215,2c3f08833026ca74c848795bab72046d,delivered,2018-07-30 00:34:53,2018-07-30 01:30:43,2018-07-30 14:49:00,2018-08-07 20:23:32,2018-08-17,afb52ea975d50186e84afb47816c156b,2018-07-30
1ff23d1405f944c169b55b9fd3cffe88,3ea71bf2ace357cfefab13d2bc4f659d,delivered,2017-04-16 00:26:06,2017-04-16 01:10:20,2017-04-24 07:06:40,2017-04-26 14:08:11,2017-05-12,04716d605653245719dddc7e2cb3cf64,2017-04-16
0d8a7787ec26d5fb6e97f946e95e2c89,7373e5b05a470e1485897bca95695256,delivered,2017-08-01 17:51:07,2017-08-01 18:05:11,2017-08-03 15:13:21,2017-08-04 21:43:11,2017-08-15,dd08fc5488e37c01852144fd0e8bbe41,2017-08-01
da8831dfbb89ea6b128840224899b348,09976665bcd109e7ea6ed20415c6af52,delivered,2018-08-14 23:22:32,2018-08-14 23:30:20,2018-08-15 12:41:00,2018-08-16 18:09:53,2018-08-17,f273a84cae4a2471cd80beb382d673bc,2018-08-14
18d436f1bd867f1869bc3a16103a4b75,eb0f82d3736ca2bd8ec20d1be9163a66,delivered,2018-05-09 08:43:26,2018-05-09 08:55:51,2018-05-09 14:22:00,2018-05-14 20:32:50,2018-06-14,be5dff27b5167beccf3d9dd51e43005d,2018-05-09
c4292eea4a836266d4a601e1de343eec,6808749cd32ad725864be65a76dbaa32,delivered,2018-08-22 10:25:48,2018-08-22 10:50:10,2018-08-23 07:16:00,2018-08-27 19:56:46,2018-09-10,73bba9ed29bc0a8863652807643ea724,2018-08-22
81e54776f3bdf237512b1ceb5337a066,8d6592798ee09cde08208f51e7876083,delivered,2017-03-24 01:10:14,2017-03-24 01:23:39,2017-03-24 14:44:43,2017-03-31 11:03:12,2017-04-17,cff81dae0e5355c0eb407d3be054d2ca,2017-03-24
4dae49f3bd8b5abe8d252762a1c88a1f,0ede3e81d1aaa05d656b0b1214de6763,delivered,2018-04-11 08:38:25,2018-04-12 05:11:25,2018-04-13 22:56:32,2018-04-16 12:05:36,2018-04-23,37492fc2ec2d7a29798a4a3e8531d8cd,2018-04-11
c108072ab31ec90a754129c171577f5f,a979b3cbd898fd8be91a290a667fd0d4,shipped,2017-10-16 21:13:03,2017-10-16 21:28:13,2017-10-26 20:40:20,,2017-10-26,741996aa586218efdc5169365507510d,2017-10-16
f406a7c4fc4512aa60c7240e3973597e,8d5468776b1d29922168cc8b6f91591d,delivered,2017-07-07 14:10:04,2017-07-07 14:23:36,2017-07-10 19:34:55,2017-07-14 21:12:14,2017-07-27,749f2428088b5dcd4be24d112870ad08,2017-07-07
6eec5e9b67eca054d3bf4b3092fa8e26,e0753c85c87c807e556152043b16bed7,delivered,2017-10-23 15:35:27,2017-10-23 15:49:36,2017-10-25 11:58:28,2017-11-03 21:37:40,2017-11-22,5defeaf938551c166918880cb5d23c5c,2017-10-23
43204c34d259bc75adc3de4d29d26684,cc754e7097e25ba2753c399ea39c6ee7,delivered,2018-08-25 13:51:01,2018-08-25 14:04:21,2018-08-28 16:52:00,2018-08-30 15:34:51,2018-09-11,ccaebd1fcd6048e112982f0240d7fd78,2018-08-25
eb56621db1ea95071f397f1fef9dbe82,54e115653f145fa0eeba277b728eba08,delivered,2018-03-03 23:18:52,2018-03-05 10:09:33,2018-03-07 02:49:53,2018-03-19 20:31:51,2018-04-10,5829c7a1f12891096d586a408170e94e,2018-03-03
e94753fb36e53fd8e0ed80fd513faa16,c9215c202f283f26558cc8e3b469ade1,delivered,2018-08-22 12:44:03,2018-08-22 12:55:30,2018-08-23 14:39:00,2018-08-28 14:33:26,2018-09-05,9e066311b498f2311b3e21a6577fe238,2018-08-22
cdaa116d3c2521b4b6976043508d0943,c7ada2a2ca6ff94ccc7bbd16af1dec55,delivered,2018-02-12 18:59:10,2018-02-12 19:15:31,2018-02-14 19:12:30,2018-02-23 16:54:56,2018-02-21,a8096d09d1d508bfecccc9b80baa35df,2018-02-12
e23252bcb975a2302c451aedc2e24ab9,9dd4ae02536738dadaf65196a59bf6cd,delivered,2018-06-20 19:30:49,2018-06-21 03:38:57,2018-07-02 13:28:00,2018-07-03 19:03:42,2018-07-11,36d7e26d323a9bbe65e6a23632b5fe1b,2018-06-20
51c3d845b7fdb7a31412d12f4c5a12e4,4dbbf3ef69bdc2734c6a49a539cb65f4,delivered,2017-08-24 17:27:53,2017-08-24 17:44:23,2017-08-25 22:50:24,2017-08-31 16:35:17,2017-09-18,4b404ed72113e32ccd84b0c7718dc2d3,2017-08-24
f77e96b95a568b64ae8fbf7a413c3c4e,99a891c80e1eb56a251c6616d96468f2,shipped,2017-12-03 20:25:13,2017-12-05 20:16:23,2017-12-06 19:12:05,,2017-12-29,d0a9a3f189558a63c0c7aefbbe13e402,2017-12-03
d55318b1aeb088c57b1eb9759d0adc9a,5d82da996297b353588bc2f1da9b9b9e,delivered,2017-12-27 22:03:07,2017-12-27 22:13:25,2017-12-28 21:21:48,2018-01-11 19:52:01,2018-01-30,54a8d7fd6560282ec857e292ae3e7036,2017-12-27
a62bd4a3b6736d7f889292ee18e372a9,81629023cf569d2ff33725ac83bd6d21,delivered,2017-06-25 21:19:22,2017-06-27 04:25:25,2017-06-27 12:51:57,2017-07-03 15:18:02,2017-07-20,1768ad25d1c43ade372a73ad5e6dc096,2017-06-25
7e3819fed570609ef642c2e18f198d10,81982ee862da4aba30be66bf27406df2,delivered,2018-04-16 17:43:23,2018-04-16 19:11:39,2018-04-20 22:46:43,2018-04-24 20:46:39,2018-04-27,790418b06b177b2a7d8444ba99a6bb35,2018-04-16
610120ba77a1814ffebf401a2f2b4bae,1ecf9d2895b385909ca94abd67aae9de,delivered,2018-05-01 21:32:12,2018-05-01 21:51:45,2018-05-07 15:03:00,2018-05-14 18:03:30,2018-05-30,64653108333e6e438cc0ab52fb9ae8f4,2018-05-01
96e5540d02eba5ac4f6a17083cce7391,2d9ba0d4814293781e7290b3b7f2861d,delivered,2017-11-09 19:08:53,2017-11-09 19:27:26,2017-11-16 22:21:16,2017-12-05 12:27:22,2017-11-29,ca849609e38c316bb257e34449c1446b,2017-11-09
06ac7ebfcfa33f6656f031deaaf74a05,67a53f6c3a9fc88bd9a6594eaa7af0d1,delivered,2018-03-16 23:01:08,2018-03-16 23:10:24,2018-03-22 20:42:04,2018-03-27 18:36:57,2018-04-05,e9afb894ffeb9ddacb0095f2c486b38b,2018-03-16
4f173306347cca2ee2a05590d617854a,99c5413e905281208b2b8dab075868dc,delivered,2018-04-07 12:07:04,2018-04-07 12:15:13,2018-04-09 23:18:35,2018-04-11 16:08:28,2018-04-19,050555c26479bbb8ba0740c37e7454d0,2018-04-07
50bf8a2b03e3f4c0e4ebf955b3e1860d,53c0df596dfb41fcfbc47bd3a7a3ad92,delivered,2018-03-08 17:13:29,2018-03-08 17:30:34,2018-03-12 21:57:41,2018-03-14 23:16:25,2018-03-20,086117652ef8e4a70c08f770edf45bd1,2018-03-08
e478568cc3d592abd0ea9dde224012af,bc6669892bfceb847b3681da1f38fc3d,delivered,2017-11-21 16:21:03,2017-11-21 16:28:24,2017-11-22 18:18:59,2017-12-06 18:07:44,2017-12-19,e9759d307f2fe3b18126938f7f2d7adf,2017-11-21
2c82f906ef852620997996a6e3d66be0,f64c5c8bf30539df8a8dbf8d2487e83b,delivered,2017-03-18 10:36:33,2017-03-18 10:36:33,2017-03-20 10:18:41,2017-03-27 11:26:56,2017-04-10,69bf033d4af3ad8b8b32386843e1ed5b,2017-03-18
387d999316bb3a42822318138fb1b0e0,40caa670ce125e94735468e1f920651f,delivered,2018-05-03 16:52:15,2018-05-03 17:34:28,2018-05-04 15:49:00,2018-05-09 22:21:39,2018-05-24,63b6c7cc322d6a07b8877e785e3769ea,2018-05-03
d2f5b152ffd674ba33f9e125cef56724,d6dbd98b522276066ea0bbb80c7e502e,delivered,2017-06-15 22:49:09,2017-06-17 03:42:30,2017-06-20 12:22:34,2017-07-03 11:33:41,2017-07-19,0ffc908947e1f0c9f17647058b9a58c2,2017-06-15
4ca443133a048c102af4f40afc4efe03,d100e821d7b6305bc22190c0a7f0d1de,delivered,2018-03-16 21:13:22,2018-03-16 21:30:40,2018-03-20 22:38:45,2018-04-10 20:28:45,2018-04-09,982f532d3e8e8177c57361a39d1b1492,2018-03-16
a9083ea133304692d6ef21706d3a7df6,41f6743f15781c8e8c3ed21c10a52c3e,delivered,2017-04-23 13:20:24,2017-04-23 13:30:15,2017-04-24 14:28:14,2017-05-08 09:31:13,2017-05-15,ef229329a0f5fae587957b9290563ace,2017-04-23
32ca67f15446af973fa1b0a5e0cae6d0,2000fb8d62b5509c9be1866951a09917,delivered,2017-12-15 19:12:12,2017-12-15 19:19:34,2017-12-18 19:29:17,2017-12-26 19:26:44,2018-01-19,0ee8861913b44aad08c9238e0a9f12db,2017-12-15
176ceeb8643366da493b896ac02ba4b5,a1c432ef869b7d93372a6e2a0f1a9dfd,delivered,2017-11-20 15:39:42,2017-11-21 15:34:30,2017-11-22 22:52:49,2017-12-01 22:33:10,2017-12-07,9dce39da02d5d7b47a6ebb7777f96d55,2017-11-20
cf40f4e7a565c0a50f13f0d95f3f3cc0,b86c70a0b240c0af80126a3ae79db4f8,delivered,2018-07-14 19:03:49,2018-07-17 04:32:09,2018-07-18 13:22:00,2018-07-23 16:32:07,2018-08-06,c04141ca04cea1a280f56532ee49f5be,2018-07-14
e02dc68ec812b53123f583c142466f0f,57cd7f8752db725b97feba09655b9a2d,delivered,2017-06-18 20:00:47,2017-06-18 20:15:10,2017-06-20 16:23:43,2017-07-13 19:06:06,2017-07-19,0451ef5a31cea3e14ce02d768d7c9943,2017-06-18
74d6693eb7494300ed4e2e9d6b7a79f1,eaf7515a337e5a233b0152251af0ea5d,delivered,2017-11-28 23:30:02,2017-11-30 02:22:31,2017-11-30 17:08:48,2017-12-01 22:25:03,2017-12-12,5a251e558f417f2e5d021d5f0af65bd6,2017-11-28
aa8fbcba6234f71007978fb6204f0c56,4ed048783cb2d8be6ef37fcf4ac60efe,delivered,2017-06-17 14:39:09,2017-06-17 14:50:21,2017-06-19 18:32:38,2017-07-01 10:39:42,2017-07-13,db11ee7e249e61ec6152fc740c5734e7,2017-06-17
95c704fb2ac70f398a019de67a705ae8,c101910306f88229c6c206349c08bf34,delivered,2018-08-05 20:12:17,2018-08-05 20:24:33,2018-08-07 14:21:00,2018-08-11 16:38:27,2018-08-16,08f57f4be7a86b8a175c56d07c305dce,2018-08-05
53402e7be9b39753e8382ef11fe74a2e,eb43623d11a80298e213bd3cfae46de1,delivered,2017-08-17 09:49:45,2017-08-19 02:16:05,2017-08-21 21:26:46,2017-09-06 18:57:49,2017-09-15,61b6a01709e3d754942803765b85eea6,2017-08-17
8e3da817420d855917c40e1b7e2cd84e,2f22a55961d29c5d37270ca50dc5ccc6,delivered,2018-06-18 14:31:39,2018-06-18 15:01:22,2018-06-20 16:57:00,2018-06-25 15:18:39,2018-07-13,a8d117a7922a4e2b8791ef94c9990d6f,2018-06-18
9ea90710803e4139de8c55d6d4f9accb,1f4ee0a526add149673b89204cc86155,delivered,2018-05-15 12:47:25,2018-05-16 12:54:16,2018-05-16 14:20:00,2018-05-19 12:48:31,2018-06-11,5a15fc7bce04e1882484322d3a742591,2018-05-15
2660126af4e803af991f7e254f69563b,278b20066f017dd8eb063797b12cf012,delivered,2017-10-22 17:07:40,2017-10-22 17:25:58,2017-10-25 18:06:08,2017-10-28 11:37:57,2017-11-21,5f60d892a163565b93d1e4a4cf9a41f0,2017-10-22
6b3f2266795978c64cac85940e2bc89d,b86bee10ecc2e0932842fd9bdb23a469,delivered,2018-03-26 13:37:03,2018-03-26 14:13:59,2018-03-27 17:58:31,2018-04-02 21:13:24,2018-04-17,33dd403c6492fb9b801389c2e6c6260d,2018-03-26
dd79da6ae3b43617470e33f38ebeed76,f2cc7f918e73d124e0712cb7dbff41cb,delivered,2017-07-20 17:35:30,2017-07-22 02:15:09,2017-07-24 18:23:03,2017-07-25 22:58:32,2017-08-04,497cca8e75a371668cdb695bbff584bf,2017-07-20
bf0dde6fa777fd2de6aad874b828a9a9,09118825cf5e244ea919698b2fb4f38f,delivered,2018-06-18 22:13:40,2018-06-18 22:37:04,2018-06-20 13:08:00,2018-06-21 16:23:33,2018-06-29,4f4943d1a8ac2c4a65d4fba25ee8c0bb,2018-06-18
4603a894cef0fb5ec82378b5e1ecd710,68ef3f0fabac344deef591634499b96d,delivered,2017-10-23 11:55:39,2017-10-23 12:14:31,2017-10-26 20:38:50,2017-11-03 22:17:03,2017-11-16,acde4ed240091af4c2403941d73df1fc,2017-10-23
91d0935ba0d6f6300d7f5af5f2eb05ce,ec19c50d2dffbbac741ae04db916de32,delivered,2018-01-06 21:22:25,2018-01-06 21:30:26,2018-01-08 14:19:19,2018-01-29 15:48:04,2018-02-05,daa95fea6e6c81a479ab2357139c148e,2018-01-06
41f1032dbed29e923c83317e6468c291,176906afbb1fcb0ede5ea13b6fbf2cdb,delivered,2017-12-16 19:52:09,2017-12-16 20:13:12,2017-12-18 21:33:21,2017-12-21 21:45:01,2018-01-15,8d26c82c2086dcacc175e2ffe6ee2f28,2017-12-16
c95b280a7e851b23ca80dabb68095342,2d9f7b51e82ba4ef4683f8db8d883ad6,delivered,2017-10-18 20:20:38,2017-10-19 20:28:24,2017-10-20 19:08:03,2017-10-24 23:12:58,2017-10-30,2f8d1b3ab32958d810985df8bc92eb69,2017-10-18
f744a90daf064199b23ec905bcd31a97,e71debe30488f0d8eac45ecafa13a725,delivered,2017-03-20 14:36:29,2017-03-20 14:36:29,2017-03-23 15:59:53,2017-03-29 16:38:09,2017-04-11,592891bfd137d0161b5209a387a4e9cb,2017-03-20
4cb686f61b0dc1fccb62139434f14b44,1e205ee45018f8c68daf62359c9c0755,delivered,2018-06-28 16:54:40,2018-06-28 17:11:58,2018-07-03 02:54:00,2018-07-05 22:18:56,2018-07-18,e8ae1f2e3a0d05ecfb4e3519a2845684,2018-06-28
c3c8c891f706a8256fb5da39ced6ceae,4f8f6289df8456b49b78cc4ad0d7ec36,delivered,2017-10-09 19:12:40,2017-10-09 19:39:01,2017-10-16 19:33:19,2017-10-24 18:07:54,2017-10-27,53fdf7edf2ba81aa35dc9941e7d252d1,2017-10-09
4a5a57c482bf855e998fb45fc1173c83,8ea391157fd58ef50df1378e29d36df7,delivered,2018-01-19 23:09:18,2018-01-19 23:18:27,2018-01-23 13:28:46,2018-01-31 21:12:11,2018-02-05,6a42f881b0cf00358546a50ddef433f4,2018-01-19
bf2c243928e9edad4fb07ba1555dda13,1af43268b86b9037edf4d105bb81dddb,delivered,2018-02-20 12:07:01,2018-02-20 12:15:36,2018-02-23 02:13:40,2018-02-27 18:18:54,2018-03-06,5eddb7554593a38a26c309153b3fb799,2018-02-20
a032ff0a07f573a5a759ff255b26788d,c8116f9ffbe1b125e4dec834a1b9e787,delivered,2018-07-31 22:47:50,2018-07-31 23:04:18,2018-08-03 13:23:00,2018-08-06 22:22:53,2018-08-09,2f76c8ac8310a38b82baafddbf090db8,2018-07-31
58c13edc5bd22f175bc88f5d637b4656,c6afce1779e2ee8b819a6130d120a48e,delivered,2018-03-07 13:58:35,2018-03-07 14:10:27,2018-03-12 22:04:10,2018-03-15 15:15:54,2018-03-19,5d7ff357d021646cf8adf2601713f624,2018-03-07
21b839e8ec7b148d9a2ed05f2a54a1bc,db997b4895c6d16369c97f2cc84ebb45,delivered,2018-05-05 17:42:38,2018-05-08 19:55:23,2018-05-09 15:52:00,2018-05-21 18:41:51,2018-06-12,43e79ecbac53ae96c80ad2ec83606201,2018-05-05
e9dc230425f2e6480a1ff929cd2582d5,6a54b14b9e3beb628bf3489862bb8281,delivered,2018-02-24 15:14:47,2018-02-24 15:27:26,2018-02-27 01:38:48,2018-04-05 17:12:09,2018-03-22,aaee6dae69f1e71e7721c05992fe77b4,2018-02-24
f6ea3aa314ff40e6c72815ead97e2195,10bb390c85e1f5ef6067fd407d1ab43d,delivered,2018-01-06 14:14:53,2018-01-06 14:26:45,2018-01-10 17:21:44,2018-01-16 12:58:46,2018-02-05,e198955561e9a9524e4c3e8dd140c977,2018-01-06
5e793b3edb0a058ff685ad346ce284de,f0737b94fe6941ef04bd183d84e8b284,delivered,2017-10-16 19:15:56,2017-10-17 03:56:30,2017-10-19 15:28:13,2017-11-06 20:44:04,2017-11-16,be96829792c86c92399dba4096b403d2,2017-10-16
b35a04983836f9b09c8206eb023e5e4c,6a3c6dddc62128708834fe905791e041,delivered,2018-04-14 11:28:01,2018-04-14 11:51:27,2018-04-16 18:21:38,2018-04-17 18:12:04,2018-05-02,98f2970f7a503d25ee17714123d981b7,2018-04-14
24f092dedbece404a94beacda86c3a7d,3d8c9876444659b0209d7d461257d652,delivered,2017-09-26 13:50:32,2017-09-28 12:56:23,2017-09-28 21:11:53,2017-10-05 20:42:34,2017-10-26,5e3c05ea00cc825916772ae2891d4749,2017-09-26
a6ace570cadcb893e8c89cbc24c3f567,c9560b50b540322db18986b46b3e9dc7,delivered,2018-01-01 20:19:44,2018-01-01 20:29:20,2018-01-04 19:47:55,2018-01-15 22:58:54,2018-01-24,df3ef9aa2e4ef25b89f994dc65c0954c,2018-01-01
2f2ccd40795675eff302804c7cbe24b9,bd081dd01290e9c00f198842cf31b0b4,delivered,2017-05-18 12:50:35,2017-05-18 13:10:47,2017-05-24 15:45:36,2017-05-31 17:48:07,2017-06-09,e702e8b7b2a4233b4a1c21f457a1030e,2017-05-18
cd725c256dd60e25a721e1fe8cccdaa6,51e7d7a95b9555dea1779d62b8e81387,delivered,2017-10-09 11:43:52,2017-10-09 11:56:16,2017-10-10 17:23:03,2017-10-24 18:51:33,2017-11-07,3a62daf401b9dece811f8c31e0d01b43,2017-10-09
22329698dd5a16cc6e8025805e3f881e,cbf470a60b080862a89d9de80635aab2,delivered,2018-03-03 15:11:03,2018-03-06 03:49:11,2018-03-08 18:34:49,2018-03-19 19:28:41,2018-03-21,d49138b05d3a4a2b245fa7ed6fba1995,2018-03-03
0d123aa33c3954b2685ef6807ffc9bc0,7d9c3f29dad31b17f13fd3a928ea4955,delivered,2017-09-07 09:32:18,2017-09-07 09:43:18,2017-09-08 19:41:24,2017-09-13 21:24:34,2017-09-27,ab58f2fb5f71caac6366303095c0cd41,2017-09-07
b644b094c23f3320d4d8386f40e092b2,5300dd99fe819029b4fcac126ccc0ad9,delivered,2018-08-18 13:21:42,2018-08-18 13:35:11,2018-08-20 12:12:00,2018-08-23 23:58:28,2018-08-31,61fe766e454d5e750b33250035b4311d,2018-08-18
cfea19cacc7328f2fccb914fb0fd5fe2,e66a1a0add343277389f32a6b9cf1a13,delivered,2017-05-27 19:51:59,2017-05-28 20:02:34,2017-05-30 15:59:42,2017-06-05 15:36:06,2017-06-20,f93ea08ded32a5b926f9dd98c1dbd61d,2017-05-27
ceebdce96388304b96726edf9115e1f3,391d2acf2981defd7dd6eb8d1f66aa36,delivered,2018-08-23 19:14:36,2018-08-23 19:25:13,2018-08-27 14:56:00,2018-08-30 22:38:55,2018-09-06,c8d3ab3bca090c6a2ceda13089ee997a,2018-08-23
8bdc559b124e47eb71b5d1be8d6675e4,3517a15e565f703c87c0086d471b8b8c,delivered,2017-11-26 15:47:11,2017-11-26 15:56:29,2017-11-27 23:08:56,2017-12-07 14:23:24,2017-12-15,9927357edf03e1a67cdc793de508c5d8,2017-11-26
0c88a53b9198ad46968371a374433183,a9c810513a4d94b6ad72f215cc9c36ae,delivered,2017-10-13 10:44:27,2017-10-13 10:56:17,2017-10-18 21:05:37,2017-11-01 16:49:59,2017-11-13,d11d606d46b6f115b856b7e6d7650deb,2017-10-13
7fb803b61e1301dc6887ef9d54cfcf26,0977e0b93fd518fc88b277900af29e65,delivered,2018-07-26 16:11:51,2018-07-27 16:10:25,2018-07-30 11:41:00,2018-08-07 16:27:43,2018-08-24,5457ae2c352c18e3bf5cba68301d96a8,2018-07-26
47f0a1c1bead9d28898e70cb26300fc2,95b3b7c94de0ab5ab654a3d68b7e47d9,delivered,2017-05-23 21:41:59,2017-05-23 21:50:30,2017-05-24 11:26:39,2017-06-16 08:33:16,2017-06-14,7e0e8b0b1d13dfaac4e281531c8fc958,2017-05-23
1e7e7546d7c254379fcbf4d36cc18589,fdce09ef013f366f4ada7c2e5d22df6e,delivered,2018-07-18 15:44:32,2018-07-18 15:55:14,2018-07-19 14:15:00,2018-07-25 17:19:35,2018-08-08,0c2ebb95b1a8ee9132f2b1b55dc7e1bf,2018-07-18
8772c5e10262ef05600e102a05de7eaf,30b2bd4a05e54620a3f5019c71f6bfbe,delivered,2018-03-21 21:03:45,2018-03-21 21:15:29,2018-03-22 20:07:23,2018-03-23 23:44:27,2018-04-03,fd4b5bbb36c8bc966612202450f1d3b1,2018-03-21
8f1891d25496da49ea3156de28e8b417,7e6b89d215c902827d35ce84c655d6f0,delivered,2017-03-13 09:59:59,2017-03-13 09:59:59,2017-03-17 11:08:53,2017-03-23 14:38:15,2017-05-02,0db8c151599e36f44d0b01991d8a8602,2017-03-13
14eebf4ee4861266179c58676b1bccf8,c688fdcdf9d057a81a25e0ac6e2fb5da,delivered,2018-02-16 08:37:36,2018-02-16 09:31:06,2018-02-16 20:41:39,2018-02-23 20:14:28,2018-03-05,c2c1c627fd93fde6934d9efa2777f09f,2018-02-16
3e324cbbc2a1e4cfdee93cafd69318dd,cc1899cdfc1e118fad562dcc7fa8324a,delivered,2018-03-28 12:12:08,2018-03-28 12:27:51,2018-03-29 18:51:07,2018-04-02 18:27:40,2018-04-10,3014e0e77da3b97f10bb83c3008b69a4,2018-03-28
0e889057c46617878ff0aa3431936d7c,57ae7d96c29b4b061d4a58303fc574e9,delivered,2017-11-15 13:42:58,2017-11-15 13:55:30,2017-11-17 16:57:31,2017-11-23 22:48:40,2017-12-05,755b43b15e38199cad0055154e525ae5,2017-11-15
6636442daffc5438b5f2ff1f068d449b,6f53ae8e5a0b164d618ea4b0d2ffce33,delivered,2018-04-13 00:17:20,2018-04-14 02:30:38,2018-04-16 16:18:30,2018-04-30 21:22:26,2018-05-11,449f7f967e09fc1d188234eefb6cb5e9,2018-04-13
8b5bc64e2f7c0a6f2e693d56b3aa74c9,5079b2cdf22330f1eed6bc5e8dab3283,delivered,2018-07-23 13:03:29,2018-07-23 15:34:03,2018-07-26 11:01:00,2018-08-01 21:46:36,2018-08-09,51cbe23eea8c734d0de210b863c2a7ff,2018-07-23
4892ff734d87bb926bd317ebafca95d1,ee3c35dc65342f759c109af645da0163,delivered,2017-06-01 16:09:21,2017-06-01 16:25:23,2017-06-02 09:27:38,2017-06-06 15:50:05,2017-06-28,3ae2dc07ed3ebb93b0f6c47bfdea45bf,2017-06-01
cca9cf1218eaed08b0a72632895408ce,7d364cabbc68b49c5ad5ad0a577d0add,delivered,2017-10-02 13:45:21,2017-10-02 13:56:13,2017-10-04 12:35:29,2017-10-10 17:47:49,2017-10-25,920f14a55fc779ef0b5c35a311bd593f,2017-10-02
1fb31b7773d88f086276fab17700ffec,b49c8c35eff454db2be187f98aab18d0,delivered,2018-06-20 16:30:12,2018-06-20 17:00:24,2018-06-25 14:27:00,2018-07-03 22:03:11,2018-07-25,264f0073d90b9f9da1bd2e9e98cbfbad,2018-06-20
e73eff9d5a06990f389e11a7f731af85,60d825970926bc552c3299d2d1b5041a,delivered,2017-05-10 15:44:46,2017-05-10 16:02:20,2017-05-11 11:03:09,2017-05-17 06:47:37,2017-05-26,e3feffb41a633b6f649b9cd7762f21d9,2017-05-10
f1e29ed944fff812d3fb63c9c0ffb09d,e73598f08c4fc8c202f6307eb2c94779,delivered,2018-02-28 00:08:48,2018-03-01 16:50:40,2018-03-08 19:42:26,2018-04-18 15:52:18,2018-03-27,bd128c7f2b00f5f4e3542dc3dcd0ffcd,2018-02-28
858d0cd014b03937ba15cb012ad42277,fe24c8bec5996d4bef3eeed6222aeeb3,delivered,2018-04-23 11:33:43,2018-04-24 19:28:09,2018-04-24 19:45:09,2018-04-30 23:22:18,2018-05-16,09c88fcf7130bab6aa31303499d46d8f,2018-04-23
c23e171590482930d50c033857c85deb,a487a105dc1bd823498c831bc39e3d8f,delivered,2017-12-07 11:31:42,2017-12-07 15:01:32,2017-12-14 14:15:18,2017-12-15 20:53:27,2017-12-26,37ffcea49284cc659d475ed1ae0de11f,2017-12-07
01f48b2a27229e667db384b5b9d5dfa4,1f4e48d20f0deaacefd7fc19a4382c65,delivered,2018-05-16 22:32:50,2018-05-16 22:55:50,2018-05-17 15:21:00,2018-05-18 15:46:42,2018-05-28,520461ee715946f0513f41524ee3213f,2018-05-16
1db9339678cf38d54dc39bd43d7de673,beaaa7c488f4029c6704b9069d1fff7f,delivered,2018-07-13 17:08:52,2018-07-13 17:43:49,2018-07-16 15:38:00,2018-07-24 18:38:19,2018-08-07,04cd710b37e369bf16d340a725f22010,2018-07-13
b75e81313e6d2e08c716bd845baff9a1,c379a47945eb2681417d585797f69c00,delivered,2017-12-08 15:36:13,2017-12-08 15:52:46,2017-12-11 23:58:29,2017-12-13 19:35:05,2017-12-28,76e41b2126016f0524c8cc3b1de46536,2017-12-08
21575da2130d1952ce69325255692485,f0d4bdd932dfae3cefe3ca439434ac0f,delivered,2017-12-26 21:03:06,2017-12-26 21:11:30,2018-01-02 19:43:57,2018-01-09 23:07:24,2018-01-31,b07592af82b317d507c4df92b322a4cb,2017-12-26
0a2a2670426b66ba24372c7d03da2ca7,1349e7a27c61f2c6ded7a0ae7c9aa5b1,delivered,2017-11-29 18:50:57,2017-11-29 19:16:56,2017-11-30 20:32:02,2017-12-06 15:19:14,2017-12-29,1cace92677005980e761908bb1d4c43b,2017-11-29
4ff4e765fb57ce1bc954bf8138e14013,6c82552a00f0aa4e44f4d14f483c27d9,delivered,2018-06-29 14:27:08,2018-06-30 02:35:15,2018-07-03 08:38:00,2018-07-14 11:56:32,2018-08-06,c2ff93aae333fdc4b28c3862fb21d909,2018-06-29
41ed8506413669db4dc723ccad490421,b5e614c54cf92b1c2b42b22ff9f6e79a,delivered,2018-01-07 12:47:35,2018-01-07 12:56:51,2018-01-10 00:46:59,2018-01-22 18:24:46,2018-02-06,996573edb40f29bbb4b5be22990c514d,2018-01-07
207d35e4a69118f2f9422aa1949043f7,09becaeb993ca4d7a5c0ea6eb2afce30,delivered,2018-05-29 10:19:05,2018-05-29 10:38:49,2018-05-30 13:34:00,2018-06-12 17:52:44,2018-07-12,07c0bb79a7ed118f2738817d8c2fb7b0,2018-05-29
980c0688b61b100db985aae4b5cfa28f,2373e9210af2667dcacec9599eb2bf86,delivered,2018-01-26 17:01:40,2018-01-26 17:22:36,2018-01-29 18:39:00,2018-03-14 16:48:47,2018-02-22,efd341ec24b95f7c263d7b6ea93bedb3,2018-01-26
31fdb0a221bd4379d02682eea1692731,5cf3847c728a0bf2219354e810492696,delivered,2017-07-13 11:47:03,2017-07-13 12:05:46,2017-07-14 11:24:54,2017-07-21 18:12:27,2017-08-04,e846fcaa0f112da3a7aeb4fc6abad595,2017-07-13
3f75bd7be63d165465c46b981942582a,4b17f248581e9d00a8feb3f7bbb6580c,delivered,2018-01-10 16:29:13,2018-01-11 02:48:45,2018-01-26 13:55:19,2018-02-09 00:05:24,2018-02-19,99d1662a52ffc2930cade986054ceb24,2018-01-10
3223fda0de8d832b8e1224f6add1245d,bac2448b7c38109a44316a755b80957a,delivered,2018-04-26 09:10:07,2018-04-26 09:56:25,2018-04-30 06:22:00,2018-05-08 23:36:35,2018-05-18,db78aba991301a9c3e147c2c4465c0dc,2018-04-26
d821b5e67b0018013d207479dfdfccd6,0309c4c2a68262c8f4aa04bbfd9c630c,delivered,2018-07-26 16:57:05,2018-07-26 17:10:07,2018-07-27 10:42:00,2018-08-01 13:46:48,2018-08-09,9912f49baede3c786db172a7251e93c2,2018-07-26
25cdbf36318188d83d96f32a9236d1e7,b51ced387cf78701481cbb154666677e,delivered,2017-09-27 09:54:28,2017-09-27 10:07:10,2017-09-27 20:48:55,2017-10-04 19:43:47,2017-10-20,7a632cfbf9b2dadf717a58247dfbff22,2017-09-27
f274acc2c44c3ee9dc53e21b2b75d542,a1f11ba206ba4e8dce35d37da7aaa32d,delivered,2018-04-13 16:39:57,2018-04-13 16:52:54,2018-04-16 16:33:03,2018-05-10 01:06:35,2018-05-11,e4682687b39c56aa7bd85cd7f3566f1d,2018-04-13
762d133d5121c48c9e5c85be852eb0a6,72dedd2bb847fd4494d22b99a1e7a938,delivered,2017-11-23 09:13:22,2017-11-25 09:11:39,2017-11-29 20:53:42,2017-12-04 13:59:34,2017-12-05,a882528646a3d97c9977260d58dd4866,2017-11-23
bb2683bb3a0698a14f77b5f8f3749a04,a8a05978d0c8cf453db5a3089314aa88,delivered,2017-11-24 22:12:33,2017-11-25 01:14:03,2017-11-27 23:16:49,2017-11-28 19:27:52,2017-12-08,cf372bca226ba5d3f74548981871e84b,2017-11-24
9cc3ede215e132a6d2314d0986e070bb,54642982e6727a6bb4cc31ddea69525d,delivered,2017-11-22 16:47:05,2017-11-23 10:28:08,2017-11-23 22:10:24,2017-12-15 14:52:17,2017-12-19,c1b90663da64535435a44f44fc32dccb,2017-11-22
d3057dd3a0a5449de3b064393a47ecda,a2bd81fe49f99f54d6adbb93e3537aa3,delivered,2017-10-04 09:36:23,2017-10-05 03:04:00,2017-10-05 19:43:37,2017-10-13 16:38:12,2017-11-08,5040214474a25c6087b369cd11a3b160,2017-10-04
b456e477126924f8c462be6fbbbbfa73,3df717700f83980dfdb3a25669e895c1,delivered,2018-08-24 00:51:35,2018-08-24 01:04:13,2018-08-24 14:41:00,2018-08-27 20:36:43,2018-08-29,354be39d3b37cfd58e73f53cfd0174da,2018-08-24
f6bfc9902c58791929c6ba9af3953696,e6305a0a9355e91aad86e234263a41aa,delivered,2017-05-07 13:46:44,2017-05-07 14:02:15,2017-05-08 11:45:00,2017-05-17 11:12:37,2017-05-31,ff4b2772a9368e8b30a1ebd484de12c9,2017-05-07
ce7f20b493bdd502a0443f39ad764684,ac9b50b4cbc686b649cc58e76fc794f6,delivered,2018-01-25 11:06:19,2018-01-25 11:17:28,2018-01-30 16:39:56,2018-02-14 22:46:55,2018-02-23,0ffa25f95f44a01acfd9fa22da91cecd,2018-01-25
fe0f1672afc3d22359c77f44d5c1e5b1,c1e9954632f52af1690efb1a3ded73fa,delivered,2018-03-12 15:16:56,2018-03-13 04:27:59,2018-03-19 16:54:30,2018-04-17 00:18:26,2018-04-05,683cf6b49dc9732a6505d6db2c1abe64,2018-03-12
baf1b12b26680071c8851fc697020e62,2a5161ad7eaa9de4de0eea62824a56a3,shipped,2018-01-21 15:41:59,2018-01-22 13:52:37,2018-01-25 19:55:47,,2018-02-22,bf582deaa74aed9e0918f2aecd8fa959,2018-01-21
82f8b4e6a57d8d34d6982d5ee946e521,ec170a8e4083fdeb7cc95a413b6a9e12,delivered,2018-03-22 13:06:45,2018-03-22 13:15:41,2018-03-23 19:58:46,2018-03-26 11:12:19,2018-04-04,7d282a70f9dd81027d4608697926503f,2018-03-22
1388e91d7d43769d6bd71f89a48a2929,bb3d6fd23d9a597d659792e620b5ae6e,delivered,2018-06-18 14:04:50,2018-06-18 14:19:43,2018-06-18 12:22:00,2018-06-25 22:08:40,2018-07-16,94539fc0e5ccdbfa53cd3903116564dc,2018-06-18
dfc6c80c73f6b324371273bd97e19c3f,02b20345e0df036b3078abd5b381b241,delivered,2017-06-04 12:09:58,2017-06-04 13:02:13,2017-06-07 12:16:35,2017-06-08 14:12:57,2017-06-19,382ad79426068e4ba6ed73491d4441cb,2017-06-04
ef2960fc071e710c211bfd7d7de5ca8e,dab42af2ee0cfa30e613478a4d57e6fe,delivered,2018-08-20 15:38:49,2018-08-22 04:05:17,2018-08-22 15:01:00,2018-08-27 11:37:29,2018-09-03,b64874aaa6ab96b94ce5b333f33c471b,2018-08-20
026381d57420b32237d7d89a8daf21c9,797525177b28cb08ae6d244ca133823d,delivered,2017-07-09 16:25:00,2017-07-09 16:35:16,2017-07-10 21:23:58,2017-07-17 18:13:34,2017-08-03,77f60834473e9b8dd0c7dd6c9e0f30e5,2017-07-09
d55d7b1f89a06d58b4ee58e148dcbe4c,b9f26691e9d74484ffa51effa090af0b,delivered,2017-12-05 11:16:00,2017-12-05 11:31:26,2017-12-07 01:42:28,2017-12-23 00:38:03,2017-12-21,8489a779297d411d3bf70f720512af54,2017-12-05
0ed1446f58635d09909c65b72da38267,075622c9aca77c074c5b0bfff0dd8957,delivered,2018-08-08 18:12:16,2018-08-08 18:25:10,2018-08-09 14:38:00,2018-08-14 21:32:50,2018-08-24,744cef91ca7639dfd472854b4a5976f7,2018-08-08
5ca272bd8784e32d2442848efe0f8c87,d843d887c4b48f354cee37cafdb3a541,delivered,2017-10-08 23:00:39,2017-10-08 23:14:51,2017-10-09 16:52:44,2017-10-14 13:02:36,2017-11-03,e31ec4ee78465dc8c6430c44a8416880,2017-10-08
34f275d9e157cbaa33ca327cf52e19b0,7f6d1f1be2482d7a6c1d0083eed8f6fb,delivered,2017-06-12 19:38:57,2017-06-12 19:55:18,2017-06-14 15:54:44,2017-06-26 13:23:42,2017-07-05,0093c499f4f9c0e169ead490aa62ce3e,2017-06-12
e3b7896b6e5a82264c8e99a140843793,7b94fc04e54eecc78e563d7ec5a28521,delivered,2017-02-12 09:32:14,2017-02-12 09:45:17,2017-02-14 17:12:18,2017-02-21 16:35:52,2017-03-15,a2b457807f18ef1e8ebbe462d47f3b2a,2017-02-12
b4afb7b9e849ab4cdaa2bf9994ab7829,3bd20660108e168d60e24b450d49cdfc,delivered,2018-07-02 22:23:00,2018-07-02 22:35:17,2018-07-04 08:40:00,2018-07-05 20:28:53,2018-07-16,503d30fa21fa8ed00a5d9fafdf669426,2018-07-02
f535aa868b3671ad61668d0f6cd3a5dc,5bdabb0382d0e9b16869f7e6b1ccda55,delivered,2017-05-23 17:22:06,2017-05-23 17:35:09,2017-05-24 15:39:30,2017-05-31 09:13:57,2017-06-14,64b022312c6969e438f5b34b6c4325a5,2017-05-23
2683346722c6565c6c79e08c8264f25f,2a7ba63c9e507356e5670b795ed56a18,delivered,2017-09-09 11:45:33,2017-09-10 11:55:13,2017-09-12 20:27:24,2017-09-19 22:17:46,2017-09-28,24cad6db9c734bd4f0edc6a314735880,2017-09-09
25dbb5b0e8fffe7add495cf01a2893d0,cc24ed2ed67ceb1f6d4878edeea3aae8,delivered,2017-11-28 12:01:21,2017-11-28 12:14:36,2017-11-29 22:08:04,2017-12-04 15:55:00,2017-12-18,966f8a8d003e2fec8c00e7bfc1e117ac,2017-11-28
20e5eddbcc8c6279cd7c35bc99e5fd65,57e039a11c60ce7be47e29b112f02074,delivered,2018-03-16 08:39:58,2018-03-16 09:07:23,2018-03-16 19:05:02,2018-03-19 17:24:41,2018-03-28,2052100271252734a28b93ba86c1acf3,2018-03-16
f888aadfaf9861131a6b24882e4c5ee4,ead3600e85d8eb332081f04815d0f381,delivered,2017-07-08 15:38:35,2017-07-09 18:30:12,2017-07-11 18:47:48,2017-07-18 17:09:47,2017-07-28,af91c7ead5c3c8525f0e9d7bc5623bae,2017-07-08
5ec6f0269bc66a9f965c2fdff5af3652,83df7c2f7ffca5601e10217f3021cb5b,delivered,2018-04-29 18:46:11,2018-04-29 19:10:26,2018-04-30 14:31:00,2018-05-03 14:38:43,2018-05-15,a239b2de0befe32238ef4ff962a8d626,2018-04-29
603abf924f26183ae2fd9c6b1fe23a80,4d8d36402e6bc07578ad3e2c998048ae,delivered,2018-04-27 10:29:03,2018-04-28 03:33:03,2018-05-03 21:15:00,2018-05-07 19:52:35,2018-05-14,2e320286634711309dcd52ca84dac430,2018-04-27
8e68048cbdae8182fbc189fe44e9e520,0c920439841ba80f7c336fca333837fc,delivered,2018-05-01 22:10:44,2018-05-01 22:31:20,2018-05-03 15:41:00,2018-05-04 20:25:29,2018-05-14,afedc37ba85d15c06734142fc243fe88,2018-05-01
d194a451e2505ee2c351841d07e83eaf,408684c3090959e9e7a9e4988abdc6c6,delivered,2018-01-30 10:05:05,2018-02-01 02:52:55,2018-02-01 18:48:35,2018-02-20 21:23:17,2018-02-23,015546ec984c58044b2a1304f24193a7,2018-01-30
c33a15434dbf8582136285a3e2995d1c,eecc32d272efdc22f46cbdee584c7c80,delivered,2018-02-15 13:11:35,2018-02-15 13:27:26,2018-02-20 20:35:19,2018-04-06 22:09:39,2018-03-23,5f6917c4fa8807a3c4c6ddef3ec4b2f4,2018-02-15
d9290c1449b2c21f3c4b9efe267c8173,facac3d46472c8a3a0c5a8931f1f241a,delivered,2018-08-16 15:54:48,2018-08-16 16:10:14,2018-08-17 14:18:00,2018-08-22 18:42:21,2018-09-10,6185320ede320f19021cdfdcc7664c7c,2018-08-16
7bd04fdb3a54efa83cbf7320b1bb4b6f,2e9d8ae4867418fba39fcff0e154f736,delivered,2018-07-18 19:12:17,2018-07-18 19:25:17,2018-07-19 15:00:00,2018-08-01 15:38:54,2018-08-17,8d16f90176ff5f123973cb5cd65c2e16,2018-07-18
2ef3c9464dba683f9e1375f7b3416465,81bd3b2c556601d86de4719371ca7ae0,delivered,2018-06-30 09:50:28,2018-06-30 10:15:13,2018-07-03 06:05:00,2018-07-05 00:55:45,2018-07-19,7f208f482f98dd229467aba49b818161,2018-06-30
2c35215a3c576f6e51d0012fb4a8cb3b,0cc16ad1d769d46165a88a693f53107e,delivered,2018-08-13 14:33:18,2018-08-13 14:45:22,2018-08-14 14:09:00,2018-08-20 23:45:37,2018-08-24,1e8a5806ca2c2ea36811c73ba6acc6f9,2018-08-13
ef923bbb28876cc2a8e00a7ebc1a52f8,5dff5fe82f3bfdc45f07589a4f73bb3e,delivered,2017-02-07 12:35:29,2017-02-07 13:05:32,2017-02-08 11:29:54,2017-02-15 16:27:33,2017-03-16,ee83474625e350390d32a6815483c405,2017-02-07
c12ae6679912cd8f6ef682d8d9f1fdd2,d42685f4266e965fe40dbb114869159e,delivered,2017-08-25 14:52:04,2017-08-25 15:05:36,2017-08-29 17:17:08,2017-08-31 19:17:11,2017-09-22,523b7915f240831d06b34ab9b804a200,2017-08-25
d5a56dbd4116a2322c80a3fb1e2f1fdf,c734c901f7d73b653259fe705606a75e,delivered,2017-08-09 03:00:00,2017-08-10 03:31:39,2017-08-14 10:52:31,2017-08-24 20:00:00,2017-09-04,c815b76f660ba8f6bee4578d64ee9318,2017-08-09
d2d597f1ac91b8b64bec818c2f10bc14,a9911187f3b68bac357a1518485e0841,delivered,2018-05-16 16:49:38,2018-05-16 17:21:32,2018-05-17 10:30:00,2018-05-22 19:14:21,2018-06-08,05ee75f22192fa64ce162fe7459960ef,2018-05-16
eb83ac4a729f0654750730aaa35bdf59,055b068aeaf56652d6467aa6b8d3fd86,delivered,2018-05-18 21:10:10,2018-05-18 21:37:33,2018-05-21 08:35:00,2018-06-07 22:52:06,2018-06-13,b14da98edc641a20d66551fdeaae5b92,2018-05-18
cdfb5ee8cbd9cea7cf9cb8db9bf94eff,6bdf3daf6a4b5560e0aeb6951ec83381,delivered,2017-03-18 21:48:40,2017-03-18 21:48:40,2017-03-23 16:08:28,2017-03-24 15:05:02,2017-04-07,b1912140eefa8d59b3a23c4fde198085,2017-03-18
e79ce960e58239f855503114732d9d09,632a782e0ba41230e69216e593be4ef3,delivered,2017-06-25 22:44:56,2017-06-25 22:55:08,2017-06-26 15:22:30,2017-06-30 00:04:50,2017-07-14,4686d4a35766c5c65d309d30cc5e3ebd,2017-06-25
04f15733e3974c4127cb066cb835cdc9,3295b6a10cfd0a5364458e7aad6a8ed0,delivered,2018-02-05 14:04:53,2018-02-05 14:15:39,2018-02-07 20:18:34,2018-03-03 15:59:50,2018-03-07,5b443105e33ee411be7c0f5a5e630366,2018-02-05
bbc78f387d75afb81df8da1498337e8e,881863067d0626fbbe58417d7cbd8dff,delivered,2018-01-02 15:47:32,2018-01-02 15:55:24,2018-01-03 23:23:37,2018-01-15 21:43:00,2018-01-24,ab9cd31e298f4b5ff05c8a4c8e5af9c0,2018-01-02
3e36ac046e031f1d3e1f8ce6767c018c,da04bba71fbf26d94a9b35ed6f009720,delivered,2018-08-02 21:37:40,2018-08-02 22:15:25,2018-08-03 14:32:00,2018-08-04 18:08:37,2018-08-07,e652aa1b63bd07fcb1e090cedfdfa094,2018-08-02
0c077fbe69b84abe12774536d0904060,6458e6b2bd04e77c2beab6b813baacec,delivered,2018-06-17 10:38:53,2018-06-17 11:00:59,2018-06-18 15:53:00,2018-06-23 03:05:00,2018-07-05,868c08490fae8d01bd8a569f0e15d02c,2018-06-17
2662b5b8405b56ac3b36ed2b4e9c50c7,beb4fce3cca012c819c123cb7c8b3597,delivered,2017-10-18 14:26:01,2017-10-18 14:35:42,2017-10-18 21:12:31,2017-10-24 20:23:28,2017-11-09,c85bfc424228cbea0bbbd3fce1b81979,2017-10-18
d2161542680b09e3ef892b3d50327e10,4f71227399d972deea2af2ac102a6b30,delivered,2017-12-15 19:04:09,2017-12-15 19:12:10,2017-12-20 14:07:10,2017-12-22 22:37:07,2018-01-10,9d81de3675b1ec4046623404d280f462,2017-12-15
c063af469224d02e7e9bcb0b1e46583c,b49c7b84bf888d069ddcc9c7d42c5efc,delivered,2017-11-25 01:13:16,2017-11-25 02:53:54,2017-11-27 17:09:16,2017-12-19 15:22:37,2017-12-21,5002e0566eb0074d5ce0cadc0c245d65,2017-11-25
03a77816f8b67ef237ecca2c772c4851,d8c87ef39b9996034c86991b5cb7f20d,delivered,2018-05-30 21:48:24,2018-06-05 04:30:57,2018-06-05 12:47:00,2018-06-12 16:59:45,2018-07-05,822f8a40329301cf7d1bca84bb58d67f,2018-05-30
1871eea34c05e21129b1a6a25e0ec985,d78c7834a65d4a9d5625d2d60495848f,delivered,2017-09-23 20:37:54,2017-09-24 20:45:31,2017-09-25 18:45:00,2017-09-29 17:47:33,2017-10-17,6702ef98fc8c080a9f6d2d5725cf33bd,2017-09-23
12064b26c801bd0f7b82c2fb033e382e,b0b3a6dec8254d6fb2a49f9eb6127a37,delivered,2017-11-27 00:31:40,2017-11-27 00:56:07,2017-11-28 12:02:22,2017-12-20 13:19:34,2017-12-15,a0376380a5b8010c145d069b2ec3238e,2017-11-27
e36d390b90de532ec095695e0fab74e5,3a2ac61c7ff1ebc42bc360b249e43d53,delivered,2017-08-29 18:48:37,2017-08-31 02:44:54,2017-09-01 15:14:02,2017-09-02 11:44:57,2017-09-12,217fa64513d05737388f6297cbe9fec0,2017-08-29
c4f5e515c5b864e0f0cdea33ce83244c,cd5912ed6d58ff66950d940bb10f5453,delivered,2018-06-13 16:55:35,2018-06-13 17:20:23,2018-06-14 10:46:00,2018-06-18 19:18:50,2018-07-03,697452ef6f8c549b18ffecd3e0197460,2018-06-13
9e9d1406a904f8e28018211f22403b69,13045d129467e3098ff5b764fba0832c,delivered,2018-07-15 20:39:37,2018-07-16 20:30:37,2018-07-17 13:37:00,2018-07-24 17:38:27,2018-08-03,2c483e035da87ae2b8c9344e51484e9f,2018-07-15
f78331069dda1305cb2f9c835e08b12c,0d8eccedaf47f542b23025203839164d,delivered,2017-07-09 20:43:15,2017-07-09 20:55:09,2017-07-10 19:11:53,2017-07-12 16:52:20,2017-08-04,8f64a4dc2bd23dfed45bd0337530ddfe,2017-07-09
816547fe6198669ad3f5b197d576e4ba,0b9d93134b0eda9363dbda36958aa6f4,delivered,2017-09-22 11:14:41,2017-09-22 12:25:38,2017-09-26 19:06:56,2017-09-28 18:43:58,2017-10-16,bc92ab36c0d3e4212c1d7f9fdb726e6d,2017-09-22
a99a60bc7b0e05731ce390fbc021ef0b,1407999bcdb520052fae75f6fdb08227,delivered,2017-05-21 09:34:47,2017-05-21 09:45:18,2017-05-22 11:05:07,2017-05-26 12:32:44,2017-06-09,d827c288146e51b5779e458ce29f1b91,2017-05-21
f29397aa4443ca92f691329620edd2af,84b45b4c0496d8b391f8872acb8a1190,delivered,2017-08-15 15:57:27,2017-08-15 17:10:13,2017-08-21 11:23:14,2017-08-22 15:42:30,2017-08-30,58020f0196c2e407bffe6dde0b3418a8,2017-08-15
c87d92d5c64c70c79d7cadac8d53ee3a,6f059b74889de64d5460dd3165feb0a0,delivered,2018-08-22 16:20:30,2018-08-24 03:25:20,2018-08-24 16:24:00,2018-08-27 17:50:42,2018-09-06,49361d2f6bb07c3029d82b4b8eed0902,2018-08-22
d1902896db97466b224147cda743f3a8,5500c1fe2f5362793e7f707b9062ee17,delivered,2018-07-22 20:11:47,2018-07-23 10:44:14,2018-07-24 13:34:00,2018-07-27 17:22:28,2018-08-09,670daf87858a7295184c51effc238d60,2018-07-22
a52f0272f9150859ede915bb2eef1bf9,1eff81ab2dabace9a165ce9346ba7ffc,delivered,2017-11-14 03:16:49,2017-11-14 03:30:17,2017-11-16 09:51:16,2017-11-27 18:52:11,2017-12-05,4bbaf6f7a10a7e26a8777aa5cb6d5864,2017-11-14
21df4877f402eea02a4c1aab13411b1f,fb68a5552994d81243302fe6a15291a1,delivered,2018-08-02 18:28:29,2018-08-02 18:45:15,2018-08-07 14:51:00,2018-08-08 20:55:36,2018-08-16,18c76b8716ed445f9fed650f3bce9e73,2018-08-02
de969b697705a8e3239d2f760c644c8a,b9d6a058e30a927c653a4d74412921ab,delivered,2017-03-05 16:10:01,2017-03-05 16:25:11,2017-03-06 13:37:12,2017-04-18 15:28:21,2017-04-06,7c095d9664619908c53b522e147f8ff7,2017-03-05
1551eb55b3d7c7e38d2f826992446d64,da7b65d555ee1b2ec7d0b0008a272719,delivered,2018-03-14 13:05:44,2018-03-14 13:40:21,2018-03-14 22:51:42,2018-04-26 19:48:43,2018-04-10,c8c05588f323c1f224df94ea908941ec,2018-03-14
eece85052fc6375fadd08a9369558119,6afd7ac9a8acbf196c1a0ee4b0e75046,delivered,2017-08-13 20:24:43,2017-08-13 20:43:57,2017-08-14 18:56:59,2017-08-23 17:45:23,2017-09-13,a7fa22a1df9badb00d78e98e62df5de4,2017-08-13
6543c9fd7bfbf8a31d844a1523b6f04d,2b3c7bf966c44dd182d10a6de2b9c64f,delivered,2018-01-16 22:49:54,2018-01-16 22:55:29,2018-01-18 18:04:22,2018-01-25 20:09:18,2018-02-07,1118a7bb7ba893f10740e22a23aa5bd9,2018-01-16
db8d02df9b1149df5c94b9619ae11e4b,bd55c3ffa0302b2a23cbe06950196b80,delivered,2017-11-04 22:17:07,2017-11-04 22:30:30,2017-11-06 19:51:22,2017-11-10 19:46:47,2017-11-27,3eac075c434a1fece6c3a94430746cc7,2017-11-04
498c3c15348d28d24467e613d70ce184,8e84900e687c4174501c7731e63f09c5,delivered,2018-02-26 22:56:38,2018-02-26 23:08:27,2018-02-27 18:15:38,2018-03-06 03:12:33,2018-03-21,f455040fd16df12df2c7c1a953a1c54a,2018-02-26
e3b0717751a72db4e76c2aab9e9e9ed1,9873288cef2784aa00e073b788253946,delivered,2018-07-09 14:41:35,2018-07-09 14:55:21,2018-07-10 10:48:00,2018-07-13 17:27:33,2018-07-30,dd71e2c1822cbafcfeac896149bdb72f,2018-07-09
e06a1ec7a71b079fca2cd43d67dbed30,2f6d26c67bbd2c07e44bd5b4de84c176,delivered,2018-01-15 13:47:12,2018-01-17 03:38:48,2018-01-17 16:13:05,2018-01-29 15:04:12,2018-02-16,b33f678a7299da3b06beb4438a8d6908,2018-01-15
da56b8c5c4e96c536c6ebdadffebd9e6,03d03aea0d866191e5f60d0fca091f4e,delivered,2018-05-07 13:02:03,2018-05-07 16:33:11,2018-05-08 14:38:00,2018-05-15 20:48:38,2018-05-24,a77a6f3d98d6936e8890b7bb2de84def,2018-05-07
ba0c31bce46860bc1f8929c262bbc0eb,6caba46577c6a3cc83c23a314ded4c92,delivered,2017-05-14 14:37:51,2017-05-14 14:50:09,2017-05-15 11:36:14,2017-05-16 08:47:33,2017-05-24,56bd3b61d64afa6d9150c551cadd8088,2017-05-14
8b5525f36b49822ea7c5f37ffc94b66d,944ba978b62c9c79b5f35d289180487d,delivered,2018-08-19 12:40:19,2018-08-20 11:35:20,2018-08-22 06:51:00,2018-08-23 23:08:33,2018-08-30,27eee15dbb0785058c72a2bf4733a01f,2018-08-19
bd44e878bbfdde29ea540a99068c888c,73432bf840dd4fe8180b71be12bcb852,delivered,2017-03-27 21:58:40,2017-03-27 22:10:26,2017-03-28 15:33:32,2017-04-19 12:58:21,2017-04-18,542437bff56f9025b73e1d29b41f149e,2017-03-27
ffa39020fe7c8a3e907320e1bec4b985,26978239b9a0ccb40d576a0a099158b0,delivered,2017-10-31 18:34:34,2017-10-31 19:34:38,2017-11-03 23:57:43,2017-11-21 20:41:55,2017-11-28,a86680d985911437a0c3f42c3f661b52,2017-10-31
a749acbc328952e55d87733a869f2817,bf10128e5ecdd3a1ebfe697aa8084da0,delivered,2017-08-23 13:21:35,2017-08-25 02:50:51,2017-08-29 15:47:49,2017-09-06 19:07:59,2017-09-13,a5b7de48520cea067086f5bd5518f603,2017-08-23
9633aa23810f64d3bec8f43b7778befa,19710590c8b046f5ca763e0b60894865,delivered,2018-01-11 13:55:00,2018-01-11 14:07:48,2018-01-15 16:10:12,2018-01-22 19:21:29,2018-02-05,436bdea71aa73a707c7b5d5900fedccf,2018-01-11
0c22166d9f7e5761e397affa5af438c7,cabe1ec4e4c40db3c14ab19cc09bbd9a,delivered,2016-10-09 22:31:44,2016-10-10 12:02:26,2016-10-14 12:02:28,2016-10-31 15:32:04,2016-12-14,381411bd0b3e1aff0b23bfed26d000af,2016-10-09
ec4e8ed85c9970f388bee1ee69bb2ebd,0387bb320e7a692802687bad867e85e8,delivered,2017-08-26 23:54:05,2017-08-27 00:10:23,2017-08-28 19:22:40,2017-09-05 14:58:06,2017-09-25,ad26cab0fa7b4cb226dd7d5180cbffaa,2017-08-26
430d109ed8e86fd6925c000c40c2570c,2bc5ac1820fe645c7099ead353cb9a7c,delivered,2017-08-31 11:49:09,2017-09-01 02:24:51,2017-09-01 18:24:28,2017-09-06 20:07:49,2017-09-22,e68365f0fec5a377bd6f49cb444e453c,2017-08-31
9eef6fbd3c1570d54a395d4776cc233c,5dbd9943c27cf63ea4f6870686305f26,delivered,2017-06-05 10:31:03,2017-06-06 13:15:33,2017-06-07 17:14:25,2017-06-19 16:57:46,2017-06-28,53728c22d257c1c939b977deeb12e0cb,2017-06-05
24caac929f6281eb55ab38103cd821fa,bc6a3a6f693b3363d1bc91080a2a1824,delivered,2017-11-23 21:53:29,2017-11-23 22:07:50,2017-11-24 16:48:52,2017-12-05 22:28:34,2017-12-13,810a52eb0ea15137dfffe39e8e3e1f5d,2017-11-23
ac8a4565529310518da7406ddf01f8e8,3fe7a525d5a0a4f3ab4f5d548267d7fc,delivered,2017-08-31 20:17:07,2017-09-02 02:50:08,2017-09-04 20:07:56,2017-09-13 19:13:44,2017-09-28,7264213565b94c69cb19e296ffe83d4b,2017-08-31
233e61a3a3fbc1ea5c7349fa68eab1bb,1a2568d169d3dc81cebfcebbbb7cd9a0,delivered,2017-06-10 20:57:47,2017-06-10 21:10:15,2017-06-12 10:07:11,2017-06-19 21:10:33,2017-07-13,41cfcfd72beebbc69ebf60dfec93c8bf,2017-06-10
e4406088398131aed8c21c5a4ec3442b,8cfb9c9751da0ae0f664b97b2fa0ecc2,delivered,2017-06-12 10:26:05,2017-06-12 10:35:09,2017-06-13 09:10:09,2017-06-19 15:17:44,2017-07-03,0bcb0137639d8010c5fc562d96b4af3c,2017-06-12
fab5dff71a23a54ed252a564cbfd4826,22faac884277b495b4c4ba6f7b364bf5,delivered,2017-06-13 16:44:08,2017-06-13 16:55:29,2017-06-14 13:34:40,2017-06-27 17:11:22,2017-07-06,386e06719765fa68623aa6e85e3f8e93,2017-06-13
4f25074c14f57fb1a98808c9a2f820df,c793eefd9746b685a6bb9d390d14493c,delivered,2018-01-05 21:14:40,2018-01-05 21:27:46,2018-01-09 21:52:30,2018-01-16 20:56:43,2018-02-06,b2eb2bf7739027beda54b96acf3c2d49,2018-01-05
66d4f650ce4c149081143ab7444a2e3d,492cce5bb321af16f1c89feae21a0f3f,delivered,2017-09-14 20:34:09,2017-09-15 20:44:29,2017-09-18 16:47:54,2017-09-26 21:15:03,2017-10-10,4c6510d1e218900ff6c53c32b9d5970c,2017-09-14
50568bd6b8c21862f6cc983ca30c6322,eb66d90e555ade7ac77a92866df92116,delivered,2017-12-06 05:50:30,2017-12-06 06:09:34,2017-12-07 22:21:28,2017-12-19 16:26:53,2018-01-08,15892b86c3ac813eeb82ba61cf06e6a3,2017-12-06
e7ae3271e5b38526b2bfdfb2d7695689,39d7cb23edd7b7bae9e6e24e202d52cc,delivered,2018-03-03 11:32:56,2018-03-06 03:35:45,2018-03-06 23:52:27,2018-04-09 19:31:30,2018-04-03,45ebe31397060c54edb71aad7eddeb3b,2018-03-03
d1a0874a41563f4f1cb865d11acec8e2,ea1b5705eb91b7276160db09d4c6dfb4,delivered,2018-05-02 19:38:26,2018-05-04 04:11:45,2018-05-04 10:19:00,2018-05-10 22:08:50,2018-05-24,8b3ee20a0ddfa49f0a3fd762cd623282,2018-05-02
d648e16f2e2cac38e91f384853b90e39,d683359f46d7db3ea8a6976daef28584,delivered,2018-03-23 10:51:37,2018-03-24 02:28:44,2018-03-26 22:08:59,2018-04-02 17:04:15,2018-04-05,8c804bdf1ee74a85559cceb414e79a0f,2018-03-23
40bf8d4d61d22711253ecc21d0a2e442,a45aea2d812b88b18d3b5a84fae5a3a9,delivered,2017-03-06 12:47:59,2017-03-06 13:15:14,2017-03-07 11:36:13,2017-03-13 08:32:20,2017-03-29,ea03f5626610d4ed738177313fe74b56,2017-03-06
2d61f270bc350937faeb8bdcbe4cd192,6666d902f1778f7289ed619385450109,delivered,2018-01-30 16:33:33,2018-01-30 16:52:51,2018-02-01 17:22:04,2018-02-16 17:16:52,2018-02-21,e651d2d81b0b818d1910812d85fa513b,2018-01-30
01dbd2da9b685e6d444416f7825d0931,332cd7b9d5b2e74bf7553bfac694996d,delivered,2017-10-04 22:21:13,2017-10-04 22:35:27,2017-10-06 13:18:59,2017-10-20 21:53:45,2017-11-07,c4384a7902deb7c5b60b480573876d9a,2017-10-04
56164bd72d001922782e91e3d76813ba,5ecf6b4fe2e7dc856db42518e9c74f72,delivered,2017-11-19 13:22:57,2017-11-22 02:47:23,2017-11-28 13:19:51,2017-12-06 16:51:52,2017-12-12,391f5532127d517bbf09691e7890db2d,2017-11-19
7585d4e21b02da91dd6b9dae232f96f8,d106918f73f119d9ebf155a753135f40,delivered,2017-10-19 22:15:23,2017-10-19 22:28:22,2017-10-20 19:43:45,2017-10-25 15:40:22,2017-11-08,de8af0f20bb492182f20e6c73f24da32,2017-10-19
a8f53fb2d23aa53494da639eaed2c172,b2300c50b09e3530412ee6616d8700d9,delivered,2018-07-18 13:34:56,2018-07-18 13:45:21,2018-07-20 07:47:00,2018-07-26 14:42:06,2018-08-02,3019396e9ec50728d3e1b59ee80b6031,2018-07-18
78abeb504c36f94f1d1072b77076358c,98ca6846ef7780aba0394d1e1ad65f9a,delivered,2018-01-19 10:37:25,2018-01-19 10:55:40,2018-01-24 20:44:16,2018-01-31 15:42:04,2018-02-09,e4f951f78fb0cdf52fb4adce1d5e9687,2018-01-19
1758ad531fb74f63e2ce97f1791a1325,e10ac1f32d57ca783af63540d3ec375c,delivered,2017-05-24 08:57:47,2017-05-25 02:50:14,2017-05-25 11:56:56,2017-05-31 13:05:28,2017-06-22,063f4dda9bafdaa9438900f29fe9e0a3,2017-05-24
a7e1fc9c679ba035ffc78b021f142edb,b1287d4340ac7a895b2d5b74c5917d10,delivered,2018-06-30 19:41:57,2018-06-30 19:55:13,2018-07-02 17:18:00,2018-07-11 22:52:38,2018-07-27,eb7cdf5977687149e203e07a7f1c2728,2018-06-30
602a6242ac1fe2355d3e0ae1d53bf538,934b524cd57581aaec591c2533baacad,delivered,2018-04-23 10:12:07,2018-04-24 18:04:44,2018-04-23 20:18:31,2018-04-30 23:51:21,2018-05-14,04edaceb9e1df2e1198a0692124dbe2a,2018-04-23
b1fc0948d3c1bb44de3612845c3f068f,818aaf45572baf9c377add2ac59950a6,delivered,2017-02-24 20:50:22,2017-02-25 11:25:13,2017-03-02 08:14:54,2017-03-21 14:04:08,2017-04-06,2727bb95145e3b7de25999b8598b3f6c,2017-02-24
cd09c24e7f20280427dd7bf69a9d21db,27445a8aa8d9efc8dca27a651b61533b,delivered,2018-08-14 17:49:50,2018-08-14 18:23:57,2018-08-15 15:06:00,2018-08-18 15:55:38,2018-08-28,d95e736f831986871d6bb98ff914e9a9,2018-08-14
55966b3807b78c9c7eaf6a2c0c820abe,744ffbbbb5e51c8c5ea3f12cf97d7f8d,delivered,2017-07-14 22:02:51,2017-07-14 22:15:19,2017-07-21 18:32:57,2017-08-09 21:45:00,2017-08-14,401f04c5c71087ab774f6db7b8297068,2017-07-14
de66a309a3d6c4b34157f77edddc248e,2728bde7012224560c53a0ac264b9f09,delivered,2018-01-04 20:32:23,2018-01-04 20:48:00,2018-01-05 22:39:55,2018-01-08 20:03:49,2018-01-22,6cb7b5d9dfb3f9ef86a8c498ed378502,2018-01-04
e1df06d2e0fcfed2ec12f002d54da4f0,ce8131ee1a45966150c199dbbc23370a,delivered,2018-06-04 19:49:44,2018-06-06 03:11:02,2018-06-22 09:29:00,2018-06-29 20:05:24,2018-07-18,1e0485a764c41b09c71400c3b74c4c50,2018-06-04
766e7d95f42217e02fa7c85a8c97a862,8411dca0406fccfdcbdfd5dbb2df3fce,delivered,2018-08-02 15:02:10,2018-08-03 09:31:19,2018-08-03 13:38:00,2018-08-14 23:32:52,2018-08-30,320a00e3ad8ecf1ca896a4e642a5c24d,2018-08-02
9d9d06f2b18d6a0dbf941721131b65eb,257f6abe0b5b6d2f48abba83a229243f,delivered,2018-05-17 08:49:04,2018-05-18 05:16:45,2018-05-18 15:09:00,2018-05-21 19:28:43,2018-05-25,817d2ffe84fb41de0fe97ee175584893,2018-05-17
009742b43f4530bc3db7f62332c50f4b,84dac31647902f79570207a7f29c2675,delivered,2017-10-24 15:15:58,2017-10-26 03:09:33,2017-11-28 01:46:49,2017-12-06 18:41:34,2017-11-10,bcbab0dedb521d9c5412dd8913b2c900,2017-10-24
3cb5915708fd5b47246994508f858ffd,679f84ceb2ee4ca5bca0c3ea34647746,delivered,2017-11-16 14:36:08,2017-11-18 02:29:03,2017-11-21 10:15:36,2017-12-06 18:42:29,2017-12-11,2aa8fc021c68c7c1e1698d29faf24820,2017-11-16
1e62cc7c75b9ab770d8ade06089fed44,c01f50d3efd1bf4bc960ac76cd51c7ac,delivered,2018-02-19 18:56:21,2018-02-19 19:55:33,2018-02-23 20:17:49,2018-03-01 00:54:46,2018-03-09,f8b014bf9ac0ee915a9d863256632c18,2018-02-19
9a5e801a0c51ede9c94e91758554d57d,f5cf690ed01ec6a8b71913b8a5e179bb,delivered,2017-07-19 08:09:41,2017-07-20 02:23:53,2017-07-24 21:26:39,2017-07-31 21:45:43,2017-08-15,15da5b7c1c5f680197132096ff0ca4ee,2017-07-19
a07355f9fa72ba9605c5e87a93ceac0c,8bdc3c09b99bbee0dc03992bc03ac828,delivered,2017-11-09 10:48:18,2017-11-09 11:10:59,2017-11-16 22:09:00,2017-11-27 17:48:57,2017-12-05,82b10cac246970ffdf60e1d93a9a9816,2017-11-09
931ca162115da049cd8d7872b3667163,2b94cee0db01f2f34aea7476d561c0a5,delivered,2018-08-25 08:35:56,2018-08-25 08:50:12,2018-08-27 14:06:00,2018-08-30 20:39:51,2018-09-05,3f903ae26d5419e71b3eae9201f54c85,2018-08-25
b8d8f5e99979f7cbf541344ae12c8cf4,8ff83690a72dc5589bc39742798a128b,delivered,2018-07-29 21:05:16,2018-07-29 21:15:17,2018-08-02 13:23:00,2018-08-15 17:07:32,2018-09-20,c6bc2bf4b75f3f9da5ce95971a2f463b,2018-07-29
4bb23abf0ff6b2a50e22e54a9021be4b,1c173589e91087f17f77da92ece6b05a,delivered,2017-05-31 11:29:45,2017-05-31 11:42:57,2017-06-01 09:13:40,2017-06-02 15:47:43,2017-06-13,a0564e2b63bbf03e9e45cd42dc3a2b7e,2017-05-31
935d6aae386503723d2adea444ebc781,708d1f01ac396e775f27fd02b4820aad,delivered,2018-06-22 21:28:59,2018-06-22 21:58:42,2018-07-03 05:55:00,2018-07-09 14:11:45,2018-07-24,43354d04c6fb13b9b7b62d4d9025c6ec,2018-06-22
6ac111f174eb8463de511ce4db97158c,ddace16f5366d93a1044dda72a384815,delivered,2018-01-31 11:58:25,2018-01-31 13:52:07,2018-02-01 15:34:51,2018-02-15 17:52:14,2018-03-05,1ef356dfbdcdd658262d178fc84611bd,2018-01-31
fcb5deccd553af305b15fb061d320647,0e6a8b0d47f31247f623b6a5e2a95236,delivered,2017-05-21 18:53:29,2017-05-21 19:05:16,2017-05-22 10:03:03,2017-05-31 10:22:54,2017-06-21,c0c2dd9abc68c6aec1964614257ccd0e,2017-05-21
3198a007090c3a630beb0fe82d14a0c6,134224848047da7d93f50ce13565f1d1,delivered,2017-05-24 20:02:36,2017-05-25 02:50:19,2017-05-25 09:27:11,2017-06-01 13:15:43,2017-06-27,43b81df83e4a6dd769e698e74127220d,2017-05-24
d889a8ab0342b0b548b78963f15aa195,7ff36184698a2547a7308a1941c255bf,shipped,2017-10-11 16:23:11,2017-10-13 12:56:29,2017-10-13 19:20:05,,2017-11-07,270d33edea98d1d8908260bc4b2f4bd2,2017-10-11
c66e710fc8f55a69556bf33b68b19843,663422ed729b1aa171b0b5d740827771,delivered,2018-07-12 22:37:07,2018-07-12 22:45:15,2018-07-24 16:07:00,2018-07-30 20:04:28,2018-08-17,a6451fcb87011fcae2b76c429cb5dd6d,2018-07-12
60874d0fd7a75eaf6c27923285596b50,4931b387cdb965048baa6ffd78ced9f2,delivered,2017-05-18 14:35:32,2017-05-18 14:45:14,2017-05-22 13:35:36,2017-05-29 10:04:34,2017-06-09,71bf7196e65cfab5ca998bab2ebe3362,2017-05-18
0250c3964e5ca77ecac2db28d78aa89f,93868f1b95f724d239389b3bb1eca24d,delivered,2018-06-30 13:48:24,2018-06-30 14:09:58,2018-07-04 13:58:00,2018-07-10 16:38:47,2018-08-14,d31c97aa3ad392c8e38ec211d41f5510,2018-06-30
893586a39118c946cd346581dd2d2d6b,1b663bed8f7682bb0d25c06d56f67e6b,delivered,2018-08-16 01:42:09,2018-08-16 01:50:11,2018-08-16 11:47:00,2018-08-31 02:27:23,2018-08-29,2c53cb714cd777eabc8a3ec12568e3cd,2018-08-16
45ea2b89437b64de2c57f6651d35f451,71d0f2a0940849cdd628b59f92747e48,delivered,2018-08-16 10:45:40,2018-08-16 10:55:19,2018-08-22 13:47:00,2018-08-27 15:42:02,2018-09-10,2786c621f0e301eacba2d60b3d79ec2a,2018-08-16
1bb50def8a9e13b440ff996070fda0e9,a2b143271cf09e54d3754639196b1afe,delivered,2017-06-08 11:30:04,2017-06-08 13:06:01,2017-06-09 17:55:33,2017-06-14 17:57:50,2017-07-03,5f2a213343d506264f78cb82dd914434,2017-06-08
b528b4a581aba8b0eb2a05d891708827,9ab4fdf8717c25a2b9598c76eb57c9fe,delivered,2017-11-30 22:33:40,2017-12-01 10:31:12,2017-12-01 21:28:37,2017-12-27 23:37:03,2018-01-05,143ee3451c40a1cb7217181fd694219c,2017-11-30
9b020e5824739b6431c878d26e85143a,970aa77d4b6d8573f8a743a35301f294,delivered,2017-11-08 13:19:33,2017-11-08 13:35:57,2017-11-10 21:41:53,2017-11-23 21:21:25,2017-12-06,50cf292ee784789a931bdc4183404287,2017-11-08
34b5c4f2b088c66075f85fc2291cfa06,c8e0061c1a363060a4820688fe6266d6,delivered,2017-10-31 22:19:42,2017-11-02 02:27:34,2017-11-07 11:36:59,2017-11-10 14:13:47,2017-11-17,5b65c2693d8103d23aa910cd33d68daa,2017-10-31
92a5191ba977547e2cd844d5140c63f1,eba5d9240fe1c10851a9653595f90674,delivered,2018-02-16 19:10:37,2018-02-16 19:27:14,2018-02-19 20:59:27,2018-02-22 20:48:47,2018-03-15,4a055e75b893bfa3d72f550bc325cf76,2018-02-16
0231a1f06afc507072e11f93fa6e736b,92effc61cdcde58dde1a6295fe519bb4,delivered,2018-05-08 12:44:54,2018-05-09 12:55:31,2018-05-11 08:17:00,2018-05-22 20:35:45,2018-05-28,e21de6a27b44cc95f6dc39e1ceb47cb9,2018-05-08
da85428cfb68160e03c36d5555452e04,f6a8aa90561b6aadf46587268654ff4f,delivered,2018-04-16 17:38:50,2018-04-16 18:55:37,2018-04-20 18:26:56,2018-05-04 16:57:42,2018-05-09,2d0151326be4a97cbfbc8bdcef558e10,2018-04-16
ffdc79897a2df4181a299b803765f0cc,4f2c86a6f30d1c9c0d935814141e4f29,delivered,2017-10-28 08:23:18,2017-10-31 03:55:10,2017-11-03 16:27:00,2017-11-09 22:28:27,2017-11-23,2227c4623dba1c0d89c6e14da3b47665,2017-10-28
728b33a8cc080976c038c26fefaf9492,df3286b5537e8c13b6c4608872f3a46b,delivered,2018-02-15 20:24:30,2018-02-15 20:46:33,2018-02-20 11:20:07,2018-02-28 00:15:17,2018-03-07,0bdb6ad22574bad5202df1e92a9aa403,2018-02-15
592d00942a47033fc878f73feef041bb,15554403640be7c5f2f14b8a5abc849b,delivered,2017-12-02 09:01:05,2017-12-05 04:12:20,2017-12-07 22:56:59,2017-12-19 23:51:33,2018-01-03,a6dffeb9c9846f2b1afbf5f8ced6f84e,2017-12-02
7745b3769c43d19a0f8da5e8207208ac,3ee60ebb31894e941bd668d467e8ee4e,delivered,2017-09-14 16:37:03,2017-09-14 16:50:25,2017-09-19 21:19:04,2017-09-20 21:46:48,2017-09-28,5376655a6889dd11341eea8e013be726,2017-09-14
a0718048b8aff866bc9372ef2e3c961e,9025234933533beefb90c0600ad64363,delivered,2018-03-08 20:56:24,2018-03-09 02:10:39,2018-03-09 17:36:28,2018-03-19 15:18:59,2018-04-09,c53a41ca3f1f8285d8ab5712f9e29da9,2018-03-08
fb0c01b2efee313f5231a89c4a55e498,36fa9776dee38b20734cac9f7a382be4,delivered,2017-12-02 10:36:19,2017-12-02 10:57:09,2017-12-04 16:29:54,2017-12-21 17:12:40,2018-01-03,857104e1bfb81cb14e88ff07d1b22c70,2017-12-02
58f608b30531278060213cc7926bc6f5,95682accaa4aa7184a16bc3ee1392129,delivered,2018-07-05 14:30:48,2018-07-05 16:05:59,2018-07-10 17:37:00,2018-07-12 20:36:27,2018-07-18,dbee61fe4cfddbd7e442db7b42e80ec6,2018-07-05
f60f24675fc59697853e289b853f5cad,7ac9a9cae93273d303eed9a24dc2ecf9,processing,2017-11-26 23:14:40,2017-11-26 23:32:44,,,2017-12-26,249fd14bb846b9a41e3ce3264a888e79,2017-11-26
8058726bc1a6746aa072dcb918898328,c983e0e8a43cb95b3d081fde6005f347,delivered,2017-08-22 12:18:20,2017-08-22 12:46:00,2017-08-24 22:49:53,2017-09-05 19:47:45,2017-09-20,48c6cd7d48c83e5180f44954c41e75a1,2017-08-22
b5354d8d292a97bc23838762d5c4bcc6,52aaa28398bf43dfbfc64dc09278f13d,delivered,2018-06-06 13:05:39,2018-06-06 13:15:17,2018-06-07 09:04:00,2018-06-13 23:38:50,2018-07-26,28aea3e12549a3611bbd8d4e3310e4fa,2018-06-06
e97b95303d6054c4c492d83dcd06ac20,1fc28d45b159958144877c04810a106d,delivered,2018-01-20 12:44:23,2018-01-23 03:37:26,2018-01-23 18:32:01,2018-01-24 16:53:03,2018-02-06,19065de1a771ecd0dfc85071ebe8bb97,2018-01-20
ec26e3896015c5472a0693f7b2b3895f,1bc1f845d5ee3815133a247a80959a3f,delivered,2017-05-23 16:22:01,2017-05-23 16:35:14,2017-05-24 09:10:57,2017-05-26 15:33:21,2017-06-12,56b77aefa217c759e1985e362eca1120,2017-05-23
01b06b4d63c340902dbe3d9f8b2fe821,bc4e77d40d57aaca04d0c5a52d452ccd,delivered,2018-06-08 11:42:51,2018-06-08 11:54:52,2018-06-09 09:24:00,2018-06-12 21:33:52,2018-06-26,a8b827ac68c632280e86ecfa633b7d8b,2018-06-08
ae103e0dfaa3fc6e8b8c9cf179c7a94d,22b43b0d6deb1ba2b9a976af12c6633e,delivered,2018-06-24 12:51:04,2018-06-24 13:18:36,2018-06-26 14:09:00,2018-06-30 14:28:40,2018-07-18,6893dccafa43f18f4d29d17a3f770c91,2018-06-24
9e030aea512610ba4c528627b9bcf376,383b7ca1ab9eae02fb73bfb22590cfb6,delivered,2017-12-29 16:03:43,2017-12-29 16:10:27,2018-01-05 15:34:58,2018-01-10 16:54:21,2018-01-24,2d6d1699603a346a292ffcaa3a20eb0a,2017-12-29
ea11e787b7c89e4884a0fa8fb65be3fb,1519d4cdbc06dfede65adcc994c7943a,delivered,2017-11-09 18:26:19,2017-11-10 03:11:22,2017-11-16 21:41:56,2017-11-23 15:46:54,2017-12-01,079081612138650a6a388bb932bcbb6c,2017-11-09
f54d7a7d7d2b4f925572eb66bed8e52c,8b4460b91c9db1e8cfaa88762f825259,delivered,2018-03-05 23:51:28,2018-03-07 02:15:29,2018-03-08 17:39:44,2018-03-14 19:46:27,2018-03-21,3c0db381133bd9fbf8255b12defee7e7,2018-03-05
2310c19df1dd534203e1e41de8afc428,e4a45e8b32eb8b1d16635ba3678c3902,delivered,2017-06-19 12:14:08,2017-06-19 12:27:06,2017-06-21 10:17:23,2017-06-27 16:28:46,2017-07-11,66f77cde6a5b044a8ef69354defb0ec7,2017-06-19
505cb622926ab5187cf06b104414215a,67c5095699166f14b1bc5134dc1a9910,delivered,2017-11-18 11:38:42,2017-11-18 11:50:25,2017-11-21 19:17:31,2017-11-29 15:48:51,2017-12-13,aedfcd44095ab491a9446caf7dc47012,2017-11-18
f0a01b4f222cc1649a2e296b9efa16f1,04f60c113a9d149d793399b11f462448,delivered,2017-04-04 11:10:21,2017-04-04 11:23:15,2017-04-06 12:54:43,2017-04-18 11:12:59,2017-04-27,54aa4f57f592909db6f8e28caef75638,2017-04-04
481db18f6c7959ca02c1e84e70e78264,1436b43dbcd3b1aa2084f051539f416c,delivered,2018-04-16 23:17:09,2018-04-16 23:30:04,2018-04-17 17:32:35,2018-04-30 20:47:40,2018-05-10,c989632155e1945f60b17405c831ee0e,2018-04-16
1cfd0a0c01505644e6aa1e3c590adcb0,6eb3edbdc2a204333d563dd147a09c8c,delivered,2018-08-18 12:56:03,2018-08-18 13:10:12,2018-08-20 14:04:00,2018-08-21 17:36:42,2018-08-28,bcdf17a24eeda8ba5985cbfb8dcef5ad,2018-08-18
888c01bfd57017617508bd53797100ed,5ba140f1494030e4f6cdbd7e7a270987,delivered,2018-05-02 19:34:10,2018-05-02 21:18:45,2018-05-04 11:53:00,2018-05-21 20:03:31,2018-06-01,10520c7284568bbf47901ffe4fac680e,2018-05-02
9259e3d95a99a224c782530615463368,4a3ec2c7a1bdd3db6de82fb9bb52ed25,delivered,2017-10-25 15:04:49,2017-10-25 15:28:13,2017-10-30 22:22:51,2017-11-07 16:58:46,2017-11-16,0b7289139c7dae4f0dd5f37100afc300,2017-10-25
122e2899f5b25c99d52cece91999b676,f3df5c58c90ca274dfeb4c9bc6e62c92,delivered,2017-08-14 20:28:35,2017-08-16 03:24:57,2017-08-21 16:27:51,2017-08-28 20:07:47,2017-09-08,6727b0932d03a7dd420b9ddffcc51257,2017-08-14
1db6b3e51590f33eb7c5f063687a8f2d,ab2d91a034e1a373815d0993bfc44b63,delivered,2018-01-20 21:10:23,2018-01-20 21:41:15,2018-01-23 15:52:47,2018-01-30 17:22:39,2018-02-19,3fa91cfccc63518b93970bebfd232365,2018-01-20
3126b9be3d5939e25084a4d9661652e9,1d325217aaf57a6f3b606be21277c002,delivered,2018-04-04 07:39:53,2018-04-04 07:55:10,2018-04-07 01:19:19,2018-04-16 23:28:36,2018-05-11,6201433c2aee2b93cf86358b583977fa,2018-04-04
00f8fc0cb9d9b7813f1f54fbd75426f1,5fabfab95333c3c3641f4cd20f86a56e,delivered,2018-01-22 10:45:15,2018-01-22 14:16:52,2018-01-23 22:19:43,2018-02-02 01:02:38,2018-02-14,07e49dd22f4f6af000d9a912d0e822c3,2018-01-22
1cdc67161aa715aed86ab60be5ca8fef,dad584cca7b31bdbd93236182c9c9193,delivered,2017-10-28 00:03:46,2017-10-28 00:31:49,2017-10-31 18:41:59,2017-11-03 18:43:28,2017-12-11,7f75745b4c2e50fbe27640c3949d0769,2017-10-28
c4d4442c9ecafb0e6611333eeefab2d5,2aca6da0c8282078f687a7f16994b2c6,delivered,2018-06-06 08:22:09,2018-06-06 09:11:15,2018-06-07 14:17:00,2018-06-11 17:22:12,2018-07-13,ee215674042ce9c0b4dde6ed684485d3,2018-06-06
c945c6439d4fdc157441d7708ce0da9b,08d5ccde79e2c263c4b7bfea2d7e229c,delivered,2018-03-09 14:31:38,2018-03-09 15:10:38,2018-03-13 10:42:26,2018-03-19 20:02:28,2018-04-12,0f25f51e3d187ca7b8262b956d893cf8,2018-03-09
9879baaf933b4e1db31859e7118586b8,b39feda4f2e90009f91eca6052e7a807,delivered,2017-10-23 18:17:07,2017-10-26 10:07:42,2017-10-27 18:33:42,2017-11-03 13:35:09,2017-11-10,31fd1358c496ce070b3a08c94e45b9cf,2017-10-23
4e3c3f047dac33194b742b0627d04610,ec56aa1dd27414bc3995d48550973d64,delivered,2018-03-22 09:30:46,2018-03-23 02:15:56,2018-03-23 20:04:25,2018-04-04 21:04:26,2018-04-11,2fc813b40f2ff34eed000dcc7df6e4a9,2018-03-22
c5f9e30c93b97be929f41b676e11023b,5ecf2674a682ab735d6ab9208c683d48,delivered,2017-04-19 21:12:16,2017-04-24 23:33:10,2017-05-09 13:47:14,2017-05-19 15:55:49,2017-05-25,2356779cc12669824b7aad5b1bec5063,2017-04-19
2ec585cc6e3630ad3ad3734da342e94e,bddbf44872024b7836e043ea43cf7721,delivered,2017-12-25 12:40:57,2017-12-25 12:52:19,2017-12-26 21:22:42,2017-12-29 21:29:07,2018-01-19,ec017641dea5a238f7dd66c1d9a58c2c,2017-12-25
b650d7403dcbd0ea65de939ef388e69a,e826caec2782e3a3787294d13a77c2e8,delivered,2018-05-02 15:28:10,2018-05-02 16:18:52,2018-05-03 07:50:00,2018-05-10 11:49:08,2018-05-23,eabe386c422d6fc8ab991f7284efad70,2018-05-02
85111915ffa25daca9d9ebd027aca85b,03730c077a30dc8f5a02be8b1f5e3e7f,delivered,2017-11-24 12:13:21,2017-11-24 14:14:12,2017-11-27 19:12:32,2017-11-28 15:09:59,2017-12-08,b7d0f56c45fe8bebe55ffbcf0d67581f,2017-11-24
794aed17c07925f8c6138132f58bacb0,608b235bb52e5e23510caaca87b207ae,delivered,2017-08-15 20:58:59,2017-08-15 23:04:22,2017-08-17 16:30:09,2017-08-28 20:49:58,2017-09-06,ae4d5ef790324529f372468ad53d8952,2017-08-15
559d606ac642899e44550f194fec7e08,98916fd0f48baed7d643faee8961f56e,delivered,2018-02-06 12:16:55,2018-02-06 12:30:43,2018-02-15 20:19:40,2018-02-28 15:52:07,2018-04-02,5bdb6f56a8fb4272b802f504bb6d1287,2018-02-06
7941d209e6cbcf0948afb5692536bb7c,8a22ead57ce5289b0a1667c54a8cde17,delivered,2018-07-05 16:40:15,2018-07-05 16:55:28,2018-07-06 10:07:00,2018-07-13 02:20:49,2018-07-27,69faac65f9b75f452eca85f3dac8de4a,2018-07-05
af0035821f5e16644b287cbe0f6a92a9,989673e978a9791ee928fbf975f950e7,delivered,2018-02-21 15:47:42,2018-02-22 02:31:16,2018-02-23 00:42:14,2018-03-05 18:14:57,2018-03-21,283dbe20ec213658329c32dc05277746,2018-02-21
95a0819142cb868109a4b84a410098f8,3a4896daf9f6ac7738330943dbb1b02a,delivered,2017-10-01 14:10:56,2017-10-01 14:24:17,2017-10-03 12:48:17,2017-10-09 20:05:31,2017-10-27,c4b9155a9ec070351705e0060374c036,2017-10-01
e05824bce3b3c69a0632e8e75b1a7e9f,4cc1a18dcb64f24b284b3243995340bf,delivered,2018-03-10 17:01:14,2018-03-10 17:10:29,2018-03-12 23:07:24,2018-03-28 19:38:33,2018-04-12,bf2dab5734a07e9979eda42862cd891a,2018-03-10
bd1a75149b4f3c4c2810386211835917,525c3f7c085645bbf6d28c15536e0da7,delivered,2017-11-30 09:36:34,2017-11-30 09:50:41,2017-12-13 19:16:41,2017-12-15 16:16:06,2018-01-05,7a9f8e1de055e7a5fe742e4de5c28d19,2017-11-30
05918cf24658c4ee3a67a684684305d3,9cc1ab706200b513b1940668dc1a206b,delivered,2018-05-30 11:58:32,2018-05-30 14:47:44,2018-06-01 14:41:00,2018-06-27 11:28:47,2018-07-12,7ab1135dd24d604747b44c69823c5ef0,2018-05-30
953b30be6cd0f69c4339736550b2dc1c,a7f63fc7e159c61aef716577c3052bbb,delivered,2018-04-24 10:03:41,2018-04-25 03:51:18,2018-04-25 14:08:00,2018-05-03 17:16:28,2018-05-18,f8d244cc88f8218aa6cd9d27a5d36db4,2018-04-24
1223c56f3b550439e13b563ac0ae0d98,5baf0da772687f76fb0ee2f2f29595df,delivered,2018-01-16 13:15:13,2018-01-18 02:11:54,2018-01-18 16:37:39,2018-02-17 15:29:08,2018-02-14,abcf9966ccf5fb7a0afd4956bc8bf62c,2018-01-16
be18a0f2c441f267ba796a97930c98c8,29df7dfb9d1fc51742c20e15388c1a3b,delivered,2017-08-09 09:24:56,2017-08-09 09:43:48,2017-08-10 18:57:30,2017-08-15 17:36:41,2017-08-31,79873702c342470e7d99fdd26d6c1d2b,2017-08-09
1ad2e5e9d162ef3b6c99d6e19f589212,178522f1262113dcfd9deeb469864478,delivered,2017-03-24 22:23:14,2017-03-24 22:30:18,2017-03-27 10:49:09,2017-04-10 12:55:11,2017-04-26,37b17e58231d527550643dc040918cc9,2017-03-24
789a3ab8255ec03e8e36907cf6d688b7,5a92f50e7db09b8a028d911136084659,delivered,2017-06-28 15:14:11,2017-06-28 15:25:11,2017-06-29 14:28:58,2017-07-06 12:51:44,2017-07-24,18753de7f8b65856d23473280e71ceb2,2017-06-28
fbfa10bf164dfe834823b4a02cd0ae1c,f2c3ad2403328933c71e5f18282cd23c,delivered,2017-12-22 15:17:39,2017-12-22 15:34:35,2017-12-27 17:58:06,2018-01-09 14:36:16,2018-01-22,59bce16833989b11ae38fac262b8c65e,2017-12-22
ce0a53468ddde09e79f73edba370ceec,be661c8beed58e228518d223a539700e,canceled,2018-02-08 16:39:22,2018-02-08 17:29:35,,,2018-03-08,8fe321ed17c18cda96d1010a06938f77,2018-02-08
9382670144e0f9cc51d3a834f9bfa1c3,ffc18c67e76fe18432856ef05b0b5edd,delivered,2017-08-12 16:25:03,2017-08-15 03:25:35,2017-08-16 14:19:55,2017-08-31 18:14:08,2017-09-08,5bf6360c8d142c91d756bb9aa084d128,2017-08-12
955c8fbc85ca2cbd9a0cfe283624c915,31546615dfbe77a0bd8de97d6186d031,delivered,2017-11-28 09:37:41,2017-11-28 11:31:23,2017-12-04 21:03:25,2017-12-21 20:07:06,2017-12-21,8f75f2b5747943ec5db9573688348b63,2017-11-28
92623cbeebb84cd7423fac6254b414bd,1e513734991365b937e84ef80d4c7b5e,delivered,2017-11-24 08:10:23,2017-11-24 08:31:19,2017-12-01 03:06:58,2017-12-11 17:52:00,2017-12-15,3dcfeb7a838e0288c312993d98c35b63,2017-11-24
6e089ddde2c178b6b61fcdda22c9e84e,ce73c680985391372a7b4c9688a1add4,shipped,2017-06-15 11:10:41,2017-06-16 11:10:20,2017-06-22 08:44:11,,2017-07-24,ae8c6a7c717f09a067a47b157854c4f3,2017-06-15
ef15d66d90c1b63dbf3f672d67eb3a50,f909d1f1d804fcf266acd8b68eb25264,delivered,2017-06-23 21:48:24,2017-06-23 22:03:25,2017-06-27 09:41:59,2017-06-30 14:10:09,2017-07-06,de3fd2cb02aa89d030f943936ca17807,2017-06-23
9125562ef8d65ae1d7443c3d64d4a810,2186e05589fb7bdf450cdb18696915c0,delivered,2018-07-22 20:02:43,2018-07-23 12:32:04,2018-07-23 14:57:00,2018-07-25 17:58:38,2018-08-09,8054a88a9a8d77ac917989011ae4e6f4,2018-07-22
689dcb65c9cc37f74d83b547261117f0,9cff91a0f964e7ce2aeefc58df39d4e3,delivered,2018-08-07 22:44:38,2018-08-07 23:05:05,2018-08-08 13:50:00,2018-08-13 23:58:52,2018-08-17,5079f2ed906aa7db1cc50019db46684e,2018-08-07
d29ae0621668d3103fb590b63560b9e0,5a6b469e735b05a0c8fb23c6ba5165eb,delivered,2017-07-03 11:16:13,2017-07-04 11:24:07,2017-07-04 16:08:52,2017-07-14 11:59:19,2017-07-31,54a3838f7ba82dbf20d95017b1333b75,2017-07-03
58f78889d519f0f0e53677426ce13bb2,8b93c3f8505c72808c12c3a6157a3396,delivered,2017-12-12 21:06:16,2017-12-12 21:16:27,2017-12-14 01:42:46,2017-12-30 14:42:30,2018-01-05,cb97624e3f1891417ecc71e187648c08,2017-12-12
146d78b044ffaf06c38faf05f58e2c57,ea55a2936f9db506d84bca335a6832b2,delivered,2018-02-13 18:48:44,2018-02-14 18:47:59,2018-02-15 22:23:55,2018-03-11 13:46:49,2018-03-12,3fc881ba6f32960bea06860018c0e790,2018-02-13
af665fdb65698c6161b3f5ab956f3d2e,b9c4099472a5bef7382467618860c204,delivered,2017-08-09 20:19:25,2017-08-10 12:50:17,2017-08-15 18:17:47,2017-08-18 18:59:54,2017-09-04,c385d47556a4eb5455702572b4cbacad,2017-08-09
f27cc61c27c26b63dd0b279bb9c29ed6,9f560950a10f36b4329feab6e7504530,delivered,2018-08-27 13:59:44,2018-08-27 14:10:32,2018-08-28 10:25:00,2018-08-30 00:03:32,2018-09-12,f9902ec9ad685660e7876aa9da6fb79e,2018-08-27
94e9d4fb987019517b0aac56db0ae735,0fb55518436111358f550b10bfe4e180,delivered,2017-12-01 14:46:09,2017-12-05 04:12:25,2017-12-06 22:48:36,2017-12-14 20:33:22,2018-01-03,70cfa73f84331fd808c8e1bf10f6213d,2017-12-01
102e0d3cfdd667c3bdc41494ecbf6db5,2b711ff86498779615aaa02c06e022f7,delivered,2017-03-28 18:48:20,2017-03-30 02:10:17,2017-03-31 19:23:31,2017-04-06 13:07:44,2017-04-17,7a15821a6aa742614b36c347e2c6e54f,2017-03-28
f93c284c30e466bf61eeac67b49f1c7f,dc07131f2ce18145a1ea6017d9101a33,delivered,2018-02-25 06:42:40,2018-02-25 06:55:23,2018-02-28 23:44:31,2018-03-10 13:48:44,2018-03-21,60f874c577dc096ecd52bd0bf6bd5942,2018-02-25
24257d104a3908bfd7b8bc9f6e1a2039,9957ecb94949e7bdbdf431e5d1388543,delivered,2017-08-03 20:07:27,2017-08-05 03:03:45,2017-08-09 17:52:51,2017-08-17 20:06:11,2017-08-29,439624e26bc73309799fd718773bdb8a,2017-08-03
c74bd07279ff9071da02e33f07e77bed,029bbe8fe01cef398cb57f8994dc7fc7,delivered,2017-04-27 23:52:44,2017-04-28 11:45:30,2017-04-28 14:06:52,2017-05-12 18:17:43,2017-05-30,2658a19f7aad299279da193e9bed3776,2017-04-27
bfee9744244eb372bb465abe96603083,b9adc12ef366185c49b6e5f1429ae194,delivered,2018-05-13 17:56:45,2018-05-13 18:13:27,2018-05-14 14:25:00,2018-05-18 19:58:48,2018-06-08,944546210e70a49a22a014bdd068348b,2018-05-13
3c784c52abcec93d0e21c36b169ac4e0,7823a69f433236a24447c81e334e0d02,delivered,2017-07-29 18:58:46,2017-07-29 19:10:23,2017-08-01 18:22:19,2017-08-02 20:42:14,2017-08-11,41c52960e90b793508d0dc8bf5f2818d,2017-07-29
b48ac51be3a49fb7eeaec899f9841944,9d6125d1be1aede626436f1fda0dee42,delivered,2018-03-20 13:36:16,2018-03-20 13:50:20,2018-03-21 18:48:48,2018-03-22 20:42:08,2018-04-03,e912e2e0f4b9f6bf101238a5f4ece57b,2018-03-20
f698a227c98dd9263f510f1cbdda7985,ce990e6331cacfbe30d267a2f847276a,delivered,2017-11-19 14:34:44,2017-11-19 14:46:42,2017-11-20 22:27:35,2017-11-28 21:22:37,2017-12-11,4b384b778ebc0449d0244902bfce7beb,2017-11-19
9b05e5be44c83c64626fb21d4bba7118,41c3397f98f68a96ed458e8db47782e5,delivered,2017-11-13 16:12:04,2017-11-13 16:31:44,2017-11-14 23:16:48,2017-11-20 14:51:31,2017-12-04,5a75e523333052454f36e015d286e376,2017-11-13
2bf48cd42176ebf444935297411d7a2f,99ee18b52fa16e29f2ba296b47e956cb,delivered,2018-05-07 19:44:21,2018-05-07 19:55:20,2018-05-08 12:15:00,2018-05-09 09:54:33,2018-05-17,8f651658fd593ac8932d9a4ad2e89587,2018-05-07
9d6d24901312270cc156d8e7639267cf,53397b53bdbec84e7e45cc15c9a2e2f4,delivered,2017-05-19 04:16:19,2017-05-20 04:10:08,2017-05-23 08:39:59,2017-05-31 18:14:10,2017-06-12,b3f1139ef7694b617dc5d3aecf43703b,2017-05-19
5098912c7ec347ac3b40a75fd288e440,9047078e540bb787e7b270d99d22bd13,delivered,2018-01-27 15:24:10,2018-01-27 15:33:21,2018-01-29 20:32:29,2018-02-01 00:22:36,2018-02-23,3ee793b025a9f8aff7bc7b3236b97e9f,2018-01-27
5ddfffa95cf4bfa61a2ffa97f3dab85f,9416fd574eecfbb1d043759c93c70b7c,delivered,2018-01-16 16:08:48,2018-01-16 16:15:32,2018-01-22 22:22:02,2018-01-23 19:19:00,2018-01-31,55c45a796eadb79298c5707ea5edaa4a,2018-01-16
b611ee40234d33164f41836bfb9d4d79,e819a5c8bf865a92a9f0d96f07962abe,delivered,2017-05-24 14:09:09,2017-05-26 02:30:20,2017-05-29 11:23:44,2017-06-02 14:52:32,2017-06-13,fa41b65b12065b205ca42c53b4e1e41b,2017-05-24
fefbe15ebcd87ab3fb8577e635a8b31c,d3b38af3b96edca0fb37ce0da53bfd3c,delivered,2018-03-08 21:11:34,2018-03-08 21:28:16,2018-03-19 19:11:47,2018-03-20 20:14:01,2018-03-20,00face5c8f7dbb7eefd4112722f26903,2018-03-08
095a4047965f98a409258e1db6c99e79,b8c900c65077ca9accd2e1132f863220,delivered,2018-08-07 23:10:59,2018-08-09 06:45:08,2018-08-09 12:19:00,2018-08-14 21:21:22,2018-08-28,58a36e5c8a6ee775b3560452f7daa02e,2018-08-07
debf5eca5bc6420c20d46ad2ea4b5652,55cb67c0a97a3546597db81166b8402a,delivered,2017-05-18 07:52:01,2017-05-19 02:25:10,2017-05-24 12:52:23,2017-05-31 07:47:54,2017-06-09,deacc61a94726c15f203d73997b74882,2017-05-18
972f5a89813198a05f8dd4463d82f3fc,50c7d896c15275b96cca5fc50866500b,delivered,2017-05-14 18:35:12,2017-05-14 18:45:18,2017-05-16 10:52:47,2017-05-23 12:45:29,2017-06-02,646f0662e36805efc42c84831512709b,2017-05-14
c9f82228090c2fa7709d20648f66e84f,3476d1493473d35c8248360967722adf,delivered,2017-02-24 15:16:21,2017-02-24 15:30:16,2017-03-03 18:54:05,2017-03-08 07:12:51,2017-03-17,ddd57dba46e80a399319a60350ceb9f0,2017-02-24
0a8c0b59c2efaacc405838782a56c156,c2c1f9265c1a47f99b792656ae38ea54,delivered,2017-07-28 22:17:19,2017-07-28 22:30:19,2017-07-31 16:43:04,2017-08-05 13:47:41,2017-08-17,cb18886b90f05982e944d6c717c2e9dc,2017-07-28
ca1a5d05634323c6aa39defe3db5c99f,33bbc1b15aa9d39bd8c8b65f8ff0050c,delivered,2018-01-25 12:48:59,2018-01-26 13:58:26,2018-01-30 16:38:03,2018-01-31 14:54:41,2018-02-15,b13d1106e939f7214d6dbe3dd5776eaa,2018-01-25
af5cffe944c6ccd279106fe319875807,3c714847e3cf0a0223dd797f3a9cce9c,delivered,2017-05-24 22:30:25,2017-05-26 02:42:42,2017-05-26 10:08:59,2017-06-03 06:57:52,2017-06-16,8e84a6009e062d7964e76386282fc95a,2017-05-24
6e84c551c9c07b3b8b97fd837d7fb548,f5b3ab09374c3d1b4ee41ee820225523,delivered,2018-01-15 16:42:32,2018-01-15 16:53:26,2018-01-19 01:03:30,2018-01-23 15:57:53,2018-02-06,4c090904d7b492fc096895747b22f70a,2018-01-15
b19b0d1dcf07ad7d58c75f45e9744ba5,a82f6be105b531c8ca1969433f75a8ff,delivered,2017-10-04 11:14:40,2017-10-04 11:28:19,2017-10-09 19:46:44,2017-10-14 15:33:28,2017-10-23,66191c0a9a7d330c9174102aef2b060a,2017-10-04
cd323a618a599ad1cedaeb75d1d5b8fd,f68bb3a77af642b3618a3a67fa542e47,delivered,2018-02-10 12:33:00,2018-02-10 12:48:04,2018-02-14 21:33:25,2018-02-20 22:08:50,2018-03-08,23d400ad6551160747b6372767a586bc,2018-02-10
6a9b40f0d032cca800165b175b0c6ea0,582e131cdcea2b7111187b649507c4a7,delivered,2018-04-30 20:31:36,2018-05-01 03:15:10,2018-05-02 13:28:00,2018-05-08 18:34:21,2018-05-17,33328f045df66b0598d020d5b21e721c,2018-04-30
a17e67cf367982680aa3ace732869610,95a0c341250ca779053c415545ec2d02,delivered,2018-02-01 15:57:59,2018-02-01 16:15:23,2018-02-02 20:18:50,2018-02-20 20:28:37,2018-03-01,5065acda1beb44289fbf3f6b396d3685,2018-02-01
7fc809c604a87ada4f484b5c0d0f2abc,a1b9e0e44dbb043645cd14b00849a705,delivered,2017-12-27 12:10:16,2017-12-27 12:18:23,2017-12-28 19:39:22,2018-01-03 17:53:24,2018-01-24,eab761ccdba80c5b9a7f01b16543da0f,2017-12-27
2928aa9673f513fc88b34511dcc6e005,90809c53d3918301ed947a0af65043b0,delivered,2018-01-29 10:14:09,2018-01-29 10:39:08,2018-02-01 01:13:15,2018-02-16 18:28:57,2018-02-21,3578707d5fbfaaad05a3862a179bf76d,2018-01-29
5b5494339d3f8ae69e5527c481c75f80,4765067ce1c6bbfe4e97362bc9c7af53,delivered,2018-08-14 01:00:24,2018-08-14 01:15:10,2018-08-21 08:10:00,2018-08-22 16:56:41,2018-08-21,d0dd830df439de8fd6aad408b3e73a76,2018-08-14
2e320ab86de835aa42cf9e69f54f9380,6bb8f8549532be3e4fc1df6f7b281ed9,delivered,2017-11-18 19:50:31,2017-11-18 20:07:24,2017-11-22 15:42:21,2017-11-26 17:09:43,2017-12-11,9646d06f5a4d4f83d8f97032ad4ccc22,2017-11-18
364ced4c215dfadfacf5ee28844f4c83,549dc007a724ed911d3dd15410a54618,delivered,2017-07-31 16:50:07,2017-07-31 17:03:32,2017-08-09 20:32:35,2017-08-14 19:39:58,2017-08-30,d6edcc1de0bf1b09e7a5b8fff77e4fa8,2017-07-31
16b1ede10202dd1e72ae0f96b35d08fb,2da1a598d5edcf718a3c75908f7c4a4a,delivered,2017-03-15 19:57:50,2017-03-15 19:57:50,2017-03-20 08:48:51,2017-03-27 14:44:01,2017-04-05,e6bb34e217f1ab2471b82ed37dd35a7b,2017-03-15
7743e2bae1581bacb82f160d1c69a54c,9668028f2497288e1655e5d073490c6a,delivered,2017-10-29 00:15:35,2017-10-29 00:26:35,2017-10-30 17:52:11,2017-11-18 14:05:48,2017-11-23,3f6735ffa524249fca1ed65e6f53992b,2017-10-29
d186bb303793c5c807a392fbd08e88f6,b9b2aad89859ca1b04125624f2a22395,delivered,2018-08-05 06:05:40,2018-08-06 06:04:21,2018-08-06 12:06:00,2018-08-07 19:22:44,2018-08-16,7c31429c12fa5c7e965792e0b153314f,2018-08-05
259cf2ac40cdcd26dbc85df0c2bfa7ae,d3e55b0b841099abcce7e740851b2c57,delivered,2018-05-17 16:38:03,2018-05-18 00:14:48,2018-05-18 16:09:00,2018-05-22 19:51:37,2018-05-25,dbe44da2de2d7cba0aa6b57a7e819459,2018-05-17
ecab7448f4b42657c66bc603971693c1,74b72861a67b91be7b5c8c216b32cb7a,delivered,2018-05-29 16:25:47,2018-05-30 02:32:01,2018-06-05 13:56:00,2018-06-06 20:22:47,2018-07-16,3918b12d374fe9727d4da03a423f6b12,2018-05-29
79a68130386b697623d584437942d0b5,d7bb9fc2cd7917c7ba0ac4964bf7deb9,delivered,2017-11-09 09:13:24,2017-11-11 03:10:28,2017-11-16 16:28:46,2017-11-28 22:16:56,2017-12-11,13c9dda47d33c5e8f7794e17aaa38be1,2017-11-09
257a0d5445d4ae131816384009fbb954,067ddd62f5d7b69af563df60ee698b5a,delivered,2018-07-25 10:24:29,2018-07-25 10:35:20,2018-08-01 16:08:00,2018-08-07 00:41:31,2018-08-14,a626420a40f09529d6dc67cc76e1b213,2018-07-25
c67116229cd448d051b19b4999e2fffe,33c6f3679b135d420fd89bd54a8a7710,delivered,2017-11-27 19:30:54,2017-11-27 19:39:47,2017-11-28 17:51:39,2017-12-04 23:53:04,2017-12-20,b881490ab6753811deac0540c6d96eae,2017-11-27
5c55ef550d5ff75bae4c1473c8dd06a5,e0b0d01891fea74e10eaa315c127bf02,delivered,2017-02-19 23:32:43,2017-02-21 05:09:24,2017-02-24 07:27:02,2017-03-07 10:09:25,2017-03-21,4a5ccaf4ed3c2b0621ac01e7aa417aa7,2017-02-19
7f56220583170a9a779f55e555e7e986,d244114bc82b1db0b226afa94c736914,delivered,2017-09-06 07:36:35,2017-09-06 10:36:37,2017-09-06 18:07:50,2017-09-14 18:55:57,2017-09-26,ecfb2d1f226a6185306a765adc76bd23,2017-09-06
e39cc0368ca2a9ce8244880519c3b2ad,d98bf734145386e62f72080c11e3cdc2,delivered,2018-03-08 07:19:31,2018-03-09 02:31:09,2018-03-12 23:28:49,2018-03-21 17:46:32,2018-03-20,a0ed9a80e0ab2c3ed65685d0ce8947d7,2018-03-08
833f09ddce6adfd6267b23534b9a7541,cee0e3a92a593e11d4a08ac4c9ca0337,delivered,2018-04-04 22:19:10,2018-04-04 22:30:24,2018-04-07 01:18:01,2018-04-14 17:38:31,2018-05-10,a6c2f3b4f4b85d0784d00b63e19ed961,2018-04-04
1b4fa94977b3370291611e53694a6918,5f7fea0fb833f457217acf62b30f1972,delivered,2017-11-14 13:53:50,2017-11-14 14:07:17,2017-11-17 11:08:49,2017-11-30 19:21:17,2017-12-05,7de6923feb35775fbace1cfc5cfd51f7,2017-11-14
9f7474d5eab299f291d474286d5272ca,3a016e989132441719e7daa7970643ba,delivered,2018-04-21 20:34:52,2018-04-24 18:40:36,2018-04-23 23:12:34,2018-04-27 17:18:50,2018-05-22,9140b4ae3b7f5699dcd5d3870cf1ac4b,2018-04-21
e14ff08a4c4bd0fb4ac0edeb17f47d5c,3061eb40f0271a2795e05c2a28f0d9db,delivered,2018-08-14 07:18:56,2018-08-15 03:10:25,2018-08-27 13:37:00,2018-08-28 19:15:31,2018-08-28,5e7a18314651805724705ec336ed3415,2018-08-14
e2fcc0343a77288cc6461dbf325986bd,e3ccd4c338e99b1166181ff01f856491,delivered,2018-04-17 12:53:20,2018-04-19 02:51:12,2018-04-19 20:24:54,2018-04-24 19:11:29,2018-05-10,58a4934162235b0686c74f586187998d,2018-04-17
7184582cfaaf35d73ad28fa85b7d8cd7,cfd2d7916f9af079a05272057ee74925,delivered,2018-05-31 22:47:33,2018-06-02 03:31:46,2018-06-05 11:06:00,2018-06-12 10:52:37,2018-07-12,0a1285df9a05c8ef8de548b3e0b7725c,2018-05-31
93ee9cb7db8225691be98c521eac1e28,b9d52ad17ca3a9b3a1b97f8ca19ad4a1,delivered,2017-07-28 12:19:51,2017-07-28 12:30:21,2017-08-04 18:39:29,2017-08-07 19:39:56,2017-08-17,0096c9cb600a08e601f7c2be6734531a,2017-07-28
38cea9cee434d8caeca46e5b63002eb7,ec6d1c47a1379676c35d01d521674530,delivered,2018-08-01 09:27:23,2018-08-02 03:05:18,2018-08-10 12:06:00,2018-08-17 20:21:46,2018-08-30,f8e7779223c64a146e0ae17ce5e057be,2018-08-01
32c9679b14183d04c1ffea3f6e5ae12e,ddf11cd7c5aa41d78e97d674cfa535bf,delivered,2017-03-21 20:23:26,2017-03-26 23:32:33,2017-03-30 13:23:46,2017-04-06 07:27:47,2017-04-11,c0bf7ba938c47c5b3df62b97d17d8c0b,2017-03-21
9241b8242fcfa16437e5eb1136ff9d1e,70ff28da691fcd6722d037a4eeee3bd6,delivered,2018-03-20 09:52:42,2018-03-20 10:08:09,2018-03-22 20:17:30,2018-03-29 21:16:41,2018-04-13,610c5bce475cd21b4571e521219e89f0,2018-03-20
eb7ac481803eb5bc5b7cfe431a03d39a,70a8cfb1730fd53e5c15f2a62e1e5448,delivered,2017-09-13 21:41:43,2017-09-13 21:55:11,2017-09-14 16:54:04,2017-09-15 19:36:35,2017-09-25,29f61e71b90b55a988f45a66bb91bfb7,2017-09-13
28bc142035cc9a8ee9aa0288221ee056,e0928cc529468dafa064634aa8de9756,delivered,2017-09-26 14:04:17,2017-09-26 14:25:42,2017-09-27 19:58:04,2017-10-02 13:12:43,2017-10-18,ae9a78d6e57098b9f5a5053f72d20c91,2017-09-26
12c9b99637fcd911992b818793dfe8cc,4aceaefa6ec7bde59742df9ae8dd479e,delivered,2017-11-24 13:50:00,2017-11-24 15:55:17,2017-12-13 01:38:45,2017-12-26 23:49:51,2017-12-15,6db52da1048ef2cc08b53eb75eb57137,2017-11-24
bd5606a905192a45bc5f0b75a4e66c30,1969056fcbd2327c0071143fa2bed65d,delivered,2017-08-28 10:00:27,2017-08-29 04:51:07,2017-08-29 14:15:12,2017-09-01 22:53:38,2017-09-19,46a5e9c70928de1aad9e3ca752a53390,2017-08-28
e9b51b55b60f8de82106bf9f1470c801,73c26315a261beff993de96116b6d605,delivered,2018-07-10 16:24:21,2018-07-10 16:35:18,2018-07-11 11:30:00,2018-07-16 15:03:32,2018-07-30,56838c2e700402f2ceda13992e3b8dad,2018-07-10
ab34db6c283d8f91f11773a52711c317,fc09a873aa71b2e8e25f65711da23938,delivered,2018-08-10 15:02:34,2018-08-10 15:10:19,2018-08-15 14:22:00,2018-08-16 21:12:09,2018-08-21,b0defb480db685a5279ca42935c58fe7,2018-08-10
cba1cb073e8cf5375b9f786704de8e80,e8cb217e9848f5420e452795bd548e70,delivered,2017-01-30 17:09:28,2017-02-01 04:36:29,2017-02-02 14:15:52,2017-02-09 10:50:00,2017-03-17,3b9db64edd09037f28a6ba66dfdb6088,2017-01-30
c2ec4601c71af45d10781c0d50d98d63,475e7eabe4398e4bc39730cc7d5285a1,delivered,2017-09-23 20:52:51,2017-09-23 21:05:17,2017-10-02 22:44:00,2017-10-06 19:33:57,2017-10-17,25d53d0eacac88bf665f9fcf745c5061,2017-09-23
c977e225ec57bdeb592c91bacf0f2897,1baccb2aaff20dbf456eef75d7b87b93,delivered,2017-09-15 14:13:05,2017-09-16 03:04:51,2017-09-18 15:10:49,2017-09-19 17:23:45,2017-09-27,d43cd4554b414131aa3c2412701548ad,2017-09-15
fe68d8f20f2d6e9d702a74d3bfa9c4fa,e05c40ec07328a784f3105f987d8fd88,shipped,2018-03-28 08:00:41,2018-03-28 08:15:16,2018-03-28 20:28:44,,2018-04-19,7f74574fa0e8261eb11da4c1065c53c4,2018-03-28
4a39a614e7c288237aa03883c20965db,e7272207671135423f7d023f6a388500,delivered,2018-06-25 18:45:07,2018-06-25 19:13:22,2018-06-28 09:00:00,2018-07-03 18:34:12,2018-07-17,c06ae85c947a981b8d1af99b8e0d3f47,2018-06-25
7729e4f24027d10a411f2ca08df03327,094deb5213c87322748379ec26ebd971,delivered,2017-07-13 21:08:56,2017-07-13 21:24:27,2017-07-14 13:26:00,2017-07-20 14:35:54,2017-08-02,3354a3b9e09e5b20d94dbe54c82c4f97,2017-07-13
a60ea8fd020bfa5f5bf961965d429930,63437202780cea8a0d79dc2bb0803241,delivered,2017-08-29 21:57:02,2017-08-29 22:10:17,2017-08-30 22:12:36,2017-09-11 13:10:35,2017-09-25,ef55d0259d7b951202afb9c96ad848a7,2017-08-29
ac1a22ecf24fddae696bfdcda7c2cd61,24f8c06607e71be236bfd3f6752a7435,delivered,2017-11-12 09:50:22,2017-11-14 04:06:49,2017-11-14 23:38:54,2017-11-23 20:29:10,2017-12-01,1331904f8a24cc1bf38031d361b1292a,2017-11-12
634b23a2605ffee9c26d543cf504e17e,d798f646e35028ba7dc770452f208210,delivered,2018-03-18 10:52:38,2018-03-18 11:08:38,2018-03-20 20:24:41,2018-03-29 16:31:56,2018-04-05,7fb2b65bedebe320d3192b4a1497dec6,2018-03-18
45cac4320420da8cf4dac44accae079a,032dcdab0638781f8a5f9d8da7f9fc1c,delivered,2018-07-18 15:14:05,2018-07-18 16:15:24,2018-07-19 12:51:00,2018-07-31 21:05:18,2018-08-13,f352478f20d78d19a023743c8625152e,2018-07-18
669833f6af7254475316c8960bf742fc,a1e0ece6d8ce34235b8f5e3dc7a8e69f,delivered,2018-06-19 23:00:45,2018-06-21 03:17:33,2018-06-22 14:26:00,2018-07-03 21:41:48,2018-07-13,016dc4411329d2b3292a0fbf1402e95e,2018-06-19
2e3258f81be08e497abb202cef0c0303,2b52fe2c8577aa99f7dadca0efbaafaa,delivered,2018-03-01 08:11:25,2018-03-01 08:48:25,2018-03-02 21:35:28,2018-03-12 23:26:38,2018-03-19,af4fa1cf57ef7ad8c28fdb80f86258d0,2018-03-01
88b36969638ed8c7af9be0f985d142d1,71e684ecb0ef00675d5e102bfbd61ddc,delivered,2017-10-24 15:04:00,2017-10-26 03:08:27,2017-10-26 20:16:43,2017-10-27 16:22:13,2017-11-06,9ef4b2bec4e41d24e782098ab5489194,2017-10-24
6295deb0648081b2c69f620033fadc33,55b0a777baab080147369bfa492dbaf6,delivered,2018-08-12 15:19:06,2018-08-12 15:30:20,2018-08-14 12:24:00,2018-08-17 19:28:40,2018-08-22,662c0bb8f1ed1fea5a58cc76e3dc88ba,2018-08-12
ab2bbb9188a3ad23926472cabceb9d4d,d1b7642a6ea8e5dd0f5c4e9f6e147bd4,delivered,2018-03-11 21:44:22,2018-03-11 21:55:35,2018-03-16 16:08:46,2018-03-22 17:42:06,2018-04-10,eac9622db32c4a168fe64406bd4070f4,2018-03-11
ae22bdc244206a1adac2358b09ad3ab0,546d06c8790d8835a3691951da4ef54e,delivered,2018-07-20 23:01:59,2018-07-20 23:15:11,2018-07-24 10:28:00,2018-07-30 21:22:46,2018-08-24,a696d003f95de9cdb90ac03f9474d8dd,2018-07-20
0fe7baa563ee6fb8c28c9ae1468c7d43,ef87221bf046248dea3538dfaceff8dd,delivered,2017-11-28 17:11:13,2017-11-28 17:19:21,2017-11-29 19:38:44,2017-12-01 21:06:44,2017-12-12,f1197e4b7497888e48c09fae89afc9bc,2017-11-28
a52ab867913cfacc39720bdaf94b7946,bfa7a7375c91a861014ebaea0702bb18,delivered,2018-03-11 10:30:31,2018-03-11 10:48:56,2018-03-12 19:07:02,2018-03-21 22:36:45,2018-03-28,21b9c0c96acc58e73fd6a01edd6dd163,2018-03-11
08bf75dcf867b9f13026785053e87052,f78e8d1d24e5a4f1b1219e6ae1416aca,delivered,2017-08-15 07:55:36,2017-08-15 08:05:24,2017-08-18 20:42:58,2017-08-31 16:59:59,2017-09-08,0cbcf91ef2dd6dfcce9ee63c8772dc97,2017-08-15
09bfed54145e573d48e1685dcf11fb6c,1353a896c273c4c9727e6c65601de865,delivered,2018-04-16 10:31:20,2018-04-17 05:50:51,2018-04-17 19:06:25,2018-05-07 19:58:33,2018-06-04,d27295915d486516b99c3aed8628e83b,2018-04-16
8124e0a6295df5f9ce4377ca0a8e0c18,6e14fc1f239d4384a91b043639b2e3b7,processing,2018-05-08 15:27:57,2018-05-09 17:36:39,,,2018-06-05,cf362e80a84712ad729b8ffd01db4c49,2018-05-08
9582525f4356350d097a44d90372e024,f488a45102f975164cf01224932be323,delivered,2017-07-13 21:02:18,2017-07-13 21:15:32,2017-07-21 19:59:29,2017-07-27 18:53:30,2017-08-08,8b8d49f6546c2ecf433d3c94bb17a6e0,2017-07-13
fb8b96cba85572e4fbdaedd04f44fdb6,ec5b500159fbf4029de1759b1cf1e0b0,delivered,2017-07-22 10:23:10,2017-07-22 10:35:11,2017-07-24 19:17:43,2017-07-26 17:49:30,2017-09-01,1f214d185d2159472c1d4d0cdc87855d,2017-07-22
01c1644529b18608f086d2ff0f3b8181,3c90bb0fba16e889f898e2da1df5fb32,delivered,2018-06-23 09:55:44,2018-06-26 05:12:58,2018-06-26 14:25:00,2018-07-05 20:24:21,2018-08-01,95206211b1daa20267e50fdd46555802,2018-06-23
f8cc09140951893d329b6f1bb9106ab3,9414fbaeb018e9d39ecb77ff898aedf0,delivered,2018-08-21 11:15:35,2018-08-21 11:32:10,2018-08-21 16:12:00,2018-08-23 23:45:30,2018-08-30,f4105a42924606c6d29227127364472d,2018-08-21
0517a3e68dac3308995edca2144db36e,17b05621a4b0481d008669e0a474b984,delivered,2018-04-26 18:53:02,2018-04-26 19:11:40,2018-04-30 06:23:00,2018-06-09 01:39:53,2018-06-01,87674a7a03e104c3d506f2a06108e686,2018-04-26
68b702d14874f15452c6b09eefe17ed2,0ddced8bd93128a018d52ee7d32bfa2e,delivered,2018-08-08 11:42:44,2018-08-08 11:55:16,2018-08-09 12:37:00,2018-08-27 18:03:26,2018-08-31,2c3951930dbff1b18def8abcc492cd08,2018-08-08
801cef5186265455233814aeb19bec4d,8f668d1f24af02cc9f89b1348b473042,delivered,2018-01-08 16:23:03,2018-01-08 16:29:25,2018-01-09 20:53:58,2018-01-22 16:28:54,2018-02-06,2be3bafa4c7649490c24cfed78321563,2018-01-08
fb3ea316744c112147796dcd168a18f3,19025a4f7898d7c5bf0613959e831719,delivered,2018-08-15 12:18:05,2018-08-15 12:30:17,2018-08-16 20:00:00,2018-08-18 03:03:36,2018-08-20,33d09aad1208fc5635c7a7cc5b669f47,2018-08-15
9c43b12ecec2272d35dcbec5a8b833e1,e3253d6b55a81d4afc3b3ccfa71d336c,delivered,2017-11-09 12:17:48,2017-11-10 12:10:34,2017-11-14 20:21:26,2017-11-22 17:47:49,2017-12-05,7a07eb13d495e522a91646f0f988c419,2017-11-09
c3a4a4d55ef55a85bedb1493ba5f6b30,0a807f350a7bd316e9f76ee5382f16d3,delivered,2017-07-20 13:09:35,2017-07-20 13:43:31,2017-07-24 14:13:19,2017-08-01 14:23:55,2017-08-14,6979fcc892196af0236d41de9e17096e,2017-07-20
68a3f6a339f98376fcc5983976802006,95be6558ef5d788291a4bfa88cb96b9b,delivered,2018-06-13 12:09:56,2018-06-13 12:37:11,2018-06-25 14:16:00,2018-06-29 13:18:37,2018-07-03,898de5da25e41e155e9232e8300dcddb,2018-06-13
dedbecf3e315db42fb3c7437a18b12f9,aa0fdb919d596650d0ed20342912d61b,delivered,2017-09-22 11:32:20,2017-09-23 02:25:10,2017-09-27 18:38:18,2017-10-04 18:33:34,2017-10-19,09dfe9e818fa42ea308c4bac274b38e3,2017-09-22
1fe9c69cd9c7f861766b5fc17ba3102d,bb20f6ab26011e4a1ad2f6ce5ae40803,delivered,2017-11-16 13:04:24,2017-11-16 13:15:56,2017-11-16 21:34:32,2017-11-28 00:42:46,2017-12-07,1c43db299436bbc55320baed4991f7cf,2017-11-16
bc2b2f5f5aad2762906c62abe09d5677,8c591cc5614f1f31c28256ccdd155d44,delivered,2017-09-19 17:18:49,2017-09-19 17:30:23,2017-09-21 19:02:39,2017-09-25 20:15:35,2017-10-13,443debe03aa7f603c341f748d4574d3d,2017-09-19
772b70d3a8f138f49a2d39a138dd7e76,b8cf89e77c8da2d4b77195a00de40ce7,delivered,2017-05-06 15:43:19,2017-05-06 15:55:19,2017-05-09 10:16:47,2017-05-15 08:45:45,2017-06-12,593cb774409e5239a1946d1c88e0813d,2017-05-06
98c78522be2bccf4c3948451a1c463f8,7ab374a2594bb7064ca8a34918267d52,delivered,2017-06-07 16:34:47,2017-06-09 02:50:20,2017-06-09 12:42:47,2017-06-17 11:39:37,2017-06-21,62aad23fbe0be06a54ae50ed18fc95ed,2017-06-07
a7ecb6cd7ccbea584ec3f96ecc6fc8b1,a53aad9dffb6d554e7f8356c2017baa4,delivered,2018-01-14 17:18:57,2018-01-14 17:29:19,2018-01-16 21:10:13,2018-01-17 23:22:26,2018-01-30,4d64fae536cbb332a2a84c3ee7a8f3c5,2018-01-14
8ad33f5d86f59bcd9ba668dc2f9eeb71,7584c12ee721a77c8ec018392acfde72,delivered,2018-06-20 19:21:04,2018-06-20 19:40:00,2018-06-21 12:20:00,2018-06-26 15:28:48,2018-07-12,ee66c72bc9c41ae9de8260314b8088f4,2018-06-20
174118fa0e1dc8d43eaea511a68402e0,f212ed32824070dc30651f0bbba90b9b,invoiced,2017-10-25 17:17:47,2017-10-25 17:28:24,,,2017-11-07,14a47e4a96581f457c55db79888eaa82,2017-10-25
7a485479dbdf94502e471dbd3329a4e4,07193e2fc8e6b8a63e6c080a3cff4d89,delivered,2018-08-10 17:09:27,2018-08-10 17:25:14,2018-08-21 14:07:00,2018-08-27 22:06:31,2018-09-04,ac1ce9b3fc0bbdc4d72c814871b23c35,2018-08-10
61877f26b314bbf4aef8f12f4cf0ed7e,82c039fbaec6d8e716dac79611cd8a1c,delivered,2017-10-05 15:13:49,2017-10-05 15:28:20,2017-11-11 13:38:41,2017-11-17 17:06:25,2017-11-23,1a6a27027352ea5bc82c1be311f682d2,2017-10-05
95f55726bc4e323e44e57778ca84c0b5,fb5cd7daf353a08b6910dcf42312dbc5,delivered,2018-04-11 11:29:40,2018-04-12 05:11:25,2018-04-13 19:44:43,2018-04-23 17:29:33,2018-05-15,8e5611044eee2a2bc452010de22fa131,2018-04-11
7fc9cfbe25b5e0d747a0b4ca5678aaf3,fda906ebb2234e1b3759767055e1dc89,delivered,2018-03-24 20:39:37,2018-03-25 20:35:30,2018-03-27 02:08:55,2018-04-05 00:44:24,2018-04-19,53555c8804a362632e65877477b17ebc,2018-03-24
cb60e1bd4be02e75af4e863c3c0fa773,21b9c54c392e4c52b31959b997305854,delivered,2017-12-16 10:04:39,2017-12-16 10:13:58,2017-12-19 22:32:15,2017-12-26 18:09:07,2018-01-15,94df2c0c566b7339fcfeaf9c901b9f00,2017-12-16
762a9cdd2e3fd387578659ea47e850b6,9cf88d553b860a3cbdad76814ae164c4,delivered,2017-12-22 18:25:26,2017-12-22 18:35:25,2017-12-26 17:48:12,2018-01-09 17:03:07,2018-01-23,7adf4aad96e000c4727970f7919c790a,2017-12-22
9f0435827aaddad9ab9f562a39c408d4,968d5df915ac5a7c63d038e4d3f79cd3,delivered,2017-07-07 18:28:00,2017-07-07 18:42:48,2017-07-10 18:46:02,2017-07-11 17:30:43,2017-07-20,56829a9b53216dbb2d6871dffb05a496,2017-07-07
c91b29576f970b27d90f5b214c88283f,b63e53723f8097a3d3be4bc3409dd25f,delivered,2017-12-01 10:46:18,2017-12-01 12:31:34,2017-12-04 20:22:53,2017-12-12 18:58:31,2017-12-29,fec96cd46fad4b51d84fdac82c88e4db,2017-12-01
a6d1a3603743294fba96635ebe821f46,a9e3e8c9bc92971efa22c70808ac8f68,delivered,2017-12-13 08:16:52,2017-12-13 08:30:32,2017-12-14 19:16:52,2017-12-18 22:32:49,2018-01-02,a7039e50fa90ed63df99c7320da8f90e,2017-12-13
a84212c880e5635e2a0888ba25c027c7,c9f3088ce9c367359bf7c688da45a639,unavailable,2018-05-11 15:25:59,2018-05-11 15:38:11,,,2018-05-24,fbedba1e3c0af3b2c628927cfe4fbd0b,2018-05-11
eeb03bd554e175a6c6ae5cdc2e86d841,8a36595aba7172250fc75470b725403b,delivered,2017-10-08 17:55:05,2017-10-08 18:30:36,2017-10-10 20:52:11,2017-10-13 17:22:58,2017-10-31,6f94eeee67b7dd180f4e575f24cf3d17,2017-10-08
661bc0198982e2fb378b0075ac1e5ae7,86d4962297b13e304b5cb120c310c49e,delivered,2018-01-11 21:07:25,2018-01-12 02:33:40,2018-01-16 18:03:25,2018-01-25 19:22:50,2018-02-08,9adcc8eaebb46893c3bae9091b28b54a,2018-01-11
8457694c62d5fbc1a63f67ce1a554cb2,3974a6bc5940a75b412517171f7b3255,delivered,2018-04-03 18:04:01,2018-04-03 18:29:52,2018-04-05 16:12:09,2018-04-09 22:46:36,2018-04-24,b4f8412ed6aa9aa7a396c1740421ed5b,2018-04-03
9d364f50124ed8e149404dfd3908ac02,520bf65b8e69b74026243f7cc720c312,delivered,2017-02-08 19:59:58,2017-02-10 02:50:17,2017-02-22 17:09:02,2017-02-24 15:32:24,2017-03-22,b56bf92640a2fe29cd6212bf5f553096,2017-02-08
e05c70b1a907c3b1dd902acddb66b5ea,829b7869b909fc2d90a6a3cd7b94f3b5,delivered,2018-06-22 14:30:06,2018-06-22 14:59:52,2018-06-25 13:54:00,2018-06-29 18:32:20,2018-08-02,ae8a8fcb17fe89b2b014ab30ffd91ff0,2018-06-22
940018724d5c0c1847f642dc1d8d0ea2,f0c28fc86c8f71812a74ea225c8fda1c,unavailable,2018-04-19 14:23:49,2018-04-19 14:35:41,,,2018-04-27,58325ccf20e16880e76d2982d9a348b1,2018-04-19
02725851051698269253f0823e7824b6,24b77bdd27f5e6aea7149886b72286ec,delivered,2017-09-04 21:54:22,2017-09-04 22:05:43,2017-09-05 18:34:19,2017-09-08 15:26:30,2017-09-15,448f663622338f4cb25c75f16aa9ef95,2017-09-04
b04bd4e0a1a21fef81b1f24f6fb81c08,bbf83aabda305a5ac059e05b342076a0,delivered,2016-10-10 18:05:54,2016-10-11 05:03:09,2016-10-15 05:03:18,2016-10-21 10:31:00,2016-11-30,bb5f2d03e1e945a1e5c1ab23c3de4c64,2016-10-10
2bc76dc101f9fa63d195e341cd11a649,0c3f7c99a73c83fdf43aa51186a7b012,canceled,2018-02-22 17:09:58,2018-02-22 17:28:45,,,2018-03-12,656d4ae23fefb8f2a2d6601c0f8f989a,2018-02-22
fa534840c9b5b3a7052a37a863ea1790,d14fd2f32ddd1cab26e66bbd544bd17a,delivered,2018-01-25 19:44:58,2018-01-27 02:41:28,2018-02-02 16:42:33,2018-02-04 19:05:58,2018-02-22,6809a0e1b9eb9d98b7c4ae5370f3035d,2018-01-25
972e7938b32b93b78bf5faf4358ad5fe,bb8edaaa3e1c1233e6c0c2692676c0a3,shipped,2018-07-24 01:35:56,2018-07-24 21:05:23,2018-07-25 11:51:00,,2018-08-14,b1cea2fe484ca4819c2f6a48563d03bf,2018-07-24
20abfea01c11807c1338e40792ca2db0,661fec13005e862027ee8bc7a76da0c2,delivered,2018-01-10 23:47:38,2018-01-11 23:47:10,2018-01-13 00:28:14,2018-01-22 21:47:54,2018-02-15,8dab20f4be782343a1ebc4e2c1eb85f1,2018-01-10
547468fc947589458c1e3694e67b0341,5034fc24d376afb527493b6f6340bcb0,delivered,2018-02-26 14:49:52,2018-02-26 15:41:15,2018-03-01 22:46:56,2018-03-08 20:38:35,2018-03-21,9cfb33b777e28002bb1cca34f17124dc,2018-02-26
ce9f7444804995c448736c30b7072add,6c53bdf21834cdc653478cb386a92f0e,delivered,2018-04-25 07:38:16,2018-04-25 07:51:20,2018-04-30 14:15:00,2018-05-16 19:06:09,2018-05-25,f80bebdf70ffce762ae4994c4b3761ac,2018-04-25
32ddbd4844f4963945fcecc9129d6fb8,7ca7e870cbd90048eba3ab92584137b5,delivered,2018-08-22 11:54:29,2018-08-22 12:05:24,2018-08-24 14:59:00,2018-08-30 18:18:32,2018-09-10,2fa6601f8fb9ea21a06d5633f7ef96f6,2018-08-22
5936701d9c981d5c0798f06e95e278b4,9a47578c78d75440172d1a7756850868,delivered,2017-06-22 20:02:58,2017-06-22 20:10:21,2017-06-23 13:05:46,2017-07-07 19:07:59,2017-07-14,64f4bd3f2a366864239b3ac1bef9ccc4,2017-06-22
afc7e369fb66c82c25a30bf9f1958e21,89340e86033855c57afc47ba2d31679b,delivered,2017-09-12 08:47:04,2017-09-13 03:36:06,2017-09-14 22:15:47,2017-09-19 12:14:49,2017-10-04,c1a57f5222ef4a8987b8477784809637,2017-09-12
86d0ef425e0811afd544b52543fb4152,6bf76c69e625cc78ab262b22e6cddeff,delivered,2017-11-23 16:22:37,2017-11-23 16:33:20,2017-11-30 20:36:36,2017-12-18 18:23:48,2017-12-18,c3c8e871819940dcdd4200d95a8d8d1e,2017-11-23
c534d23a6f5c3e0eb5aca558915d4a81,aea480663063ea96167592d2ca91dae6,delivered,2018-02-01 08:26:19,2018-02-01 08:50:54,2018-02-02 01:59:36,2018-02-14 17:46:41,2018-03-02,6942db3b251f853f387a40c21f6f9c09,2018-02-01
76d8b3b6bdf825ebc88bd1b2aa81f65c,7af0543c8b2d3e921f6337f59a72fb34,delivered,2018-02-05 18:50:02,2018-02-05 19:10:15,2018-02-06 20:46:00,2018-02-14 15:15:45,2018-03-01,42d07f9538ceca728bff607681d046c0,2018-02-05
d008e845c1ba7ffcf8fbf42c4e412cbf,75c12b4d4f984ae51c153fed33e1b4eb,delivered,2018-07-31 12:24:44,2018-07-31 12:44:31,2018-08-01 15:38:00,2018-08-02 22:34:54,2018-08-03,966972c5fb82afe633c9e3d374cb9dbd,2018-07-31
2cb14cadfd564d88f59990e80cd4e81b,8da4bc4c88bd4d9eb151bd086048f7e7,delivered,2018-03-12 09:44:23,2018-03-12 10:20:31,2018-03-14 01:08:25,2018-04-02 21:51:15,2018-03-28,390a3afbe8dd2d83cfb2c6884dfaa121,2018-03-12
2d8c6a0636c9a72f13e97543097ed1cf,f57cb567214570fa8f7de35933acdf5b,delivered,2018-08-09 23:10:26,2018-08-09 23:25:11,2018-08-13 09:13:00,2018-08-21 21:47:46,2018-08-29,2dec6f67cb441c837a9f315fccc1703f,2018-08-09
5ea05c531f0fbf795f8e5eed1d8464e2,cb9f17c579c1e1f59b091ad9faa86fb1,delivered,2018-04-24 17:00:33,2018-04-24 19:09:55,2018-04-26 14:29:00,2018-05-11 22:52:49,2018-05-17,986dedf4924905d7eeb7a3b0d28dd8d0,2018-04-24
bf7284f5503c59e16e81fd9bf1515b80,b384bd5b0cbc910d849570b54359414f,delivered,2017-12-03 10:36:19,2017-12-05 15:31:15,2017-12-06 21:38:29,2017-12-11 18:52:53,2018-01-11,6275a8139d3cb9c2f6d1e3a4e950d5b0,2017-12-03
b4cf18f6e47d64387501e0dc77b1ac82,617326532401f6687579cb23065a6ab4,delivered,2017-11-29 09:47:31,2017-11-29 09:57:34,2017-11-29 18:28:44,2017-12-18 12:49:40,2017-12-26,d2b318710ca6d7aa0eca713a5b46dfc3,2017-11-29
4f72b49b048975b1160ded0b1237e5e1,7412aba45d13e07e87697629c74e71c3,delivered,2018-03-23 23:32:07,2018-03-24 00:31:40,2018-03-27 10:31:40,2018-04-02 21:58:33,2018-04-11,610d5728d7b2b2df3bc4a5e166685fbd,2018-03-23
57c432fd96e9d52639f048eb1b2a5b10,fdd0411bec46e2d9a15590016b897dc3,processing,2018-05-07 19:30:29,2018-05-09 04:31:31,,,2018-06-04,df53be64d8a262264d44f9b36a095f2f,2018-05-07
f4f6d2dc1682493a4359683682ab4a33,4f5d067ca62e65629e3b1187fd5544c5,delivered,2018-04-30 20:52:03,2018-05-01 03:15:38,2018-05-02 15:15:00,2018-05-21 19:25:36,2018-05-25,c3efe0b571f026b449ffbe6b0bb969a4,2018-04-30
179011db06442b083d30248ffd5a4861,1018d28fda116184ec63be90496e0535,delivered,2017-05-21 14:33:21,2017-05-21 14:45:17,2017-05-23 15:48:55,2017-05-29 11:17:46,2017-06-12,ce229e58a52e45965d61d03ec8ce37dc,2017-05-21
72339ccf6d3549d60d8ab01adb5e6458,e281d24a2b29cbfe075e6592ec53836c,delivered,2017-08-25 13:31:57,2017-08-25 13:45:42,2017-08-28 20:33:48,2017-09-01 18:22:34,2017-09-15,606aad75960b849ff2a05c133aff1f3a,2017-08-25
57ac42b13ab9e5c23733ab0911b2e7dd,89ce2f3bc0e53c9acab6af7e69476505,delivered,2017-06-28 14:32:50,2017-06-28 20:05:23,2017-07-05 12:22:23,2017-07-24 14:15:35,2017-07-20,72f9ad8056c57cf96a7d3b617ec5fde8,2017-06-28
cf4659487be50c0c317cff3564c4a840,ed583a2a1eaf0dedc33af816153e8b8c,delivered,2018-07-02 16:39:59,2018-07-05 16:04:19,2018-07-06 08:25:00,2018-07-16 11:12:52,2018-08-01,fff5eb4918b2bf4b2da476788d42051c,2018-07-02
becde0f445f588a3118a3c12bf1bef9a,6c782180660997b9dd68ead2b370df47,delivered,2018-05-04 23:28:10,2018-05-04 23:50:19,2018-05-07 14:37:00,2018-05-24 18:08:47,2018-06-04,effa275473e21b5660a4638f7eac7c0d,2018-05-04
348baece82005425558464257810b493,7ec2b3ab3c32f06c03da19590065fadb,delivered,2017-12-12 14:29:29,2017-12-12 14:39:25,2017-12-13 16:54:49,2017-12-28 16:44:44,2018-01-12,14d405a7e7d12c7059931c3551de5ae8,2017-12-12
b647b0e8ecce1771ba6f6a0cc30d3f99,219206b4c12d07b51871ff11895c2351,delivered,2018-06-25 13:42:45,2018-06-25 13:58:44,2018-06-25 15:24:00,2018-06-28 20:37:06,2018-07-17,37b1b1515c5f1c4a06510269d5a36a4e,2018-06-25
f9f75601353a50e58746860ba04dc47b,65e7411eaf24a7dd95a3c10759cb6c65,delivered,2018-04-30 19:02:05,2018-05-01 19:13:41,2018-05-02 15:23:00,2018-05-05 02:04:34,2018-05-15,e9ccec7b2b61a18e279f2b306e784ad8,2018-04-30
041f09bbcd85d178903f5bb71f11a02e,2de74bda6ff6a15ce1401e92b6948ea3,delivered,2017-04-18 11:43:48,2017-04-18 11:55:17,2017-04-20 06:38:04,2017-05-07 08:12:25,2017-05-25,2dfc1dc2371019435ae8a8f78ca4219d,2017-04-18
5dd2b7d78f1a564bc459f3aeb9b47bcb,8466b5702d9358ad9085cd92f30ccb70,delivered,2017-09-14 23:34:10,2017-09-14 23:45:14,2017-09-15 20:02:33,2017-09-18 16:32:46,2017-09-26,8d6e6a7a2eec9d0c5e493292923e6832,2017-09-14
619b6c8ac39a9c798780d761e4b36fed,41a66afef768a3038dd4477034099856,delivered,2017-12-12 11:43:58,2017-12-13 22:34:27,2017-12-15 02:38:48,2018-01-02 11:59:13,2018-01-05,d148f9ed16a563a23684fbc8b582b4b8,2017-12-12
4a15263dd8da51ee9b6c6ed9fa843ee9,c3944031f7a763edadfa03361c9aa06d,delivered,2018-05-16 23:19:51,2018-05-17 00:34:02,2018-05-22 17:15:00,2018-06-18 16:36:52,2018-06-07,529d9951adf27f4afea7121d109ad61b,2018-05-16
36aa4db4428eadc81e109f8ffbc0b5d4,a2680ee078aeef301cfc25f7585b157a,delivered,2018-06-17 19:09:14,2018-06-17 19:38:21,2018-06-18 12:13:00,2018-06-19 15:47:35,2018-06-29,11b9fa71acc25f3289034019031d2c8e,2018-06-17
18e9c9a8bc880b4b3aeafede031f7587,d3125b74c9df178912c5f59dc77410fd,delivered,2018-03-13 09:52:21,2018-03-14 10:07:58,2018-03-15 20:10:45,2018-04-06 23:38:37,2018-04-17,4c0e1d9b129c2f187335b0b12f52f961,2018-03-13
8a39a4c8e92305849add36b95af88654,a6e2fa516f9931d73a9a1a9a98f24fc1,delivered,2018-03-01 19:14:00,2018-03-01 19:35:32,2018-03-02 23:04:43,2018-03-15 19:33:17,2018-03-21,b5278b5d2352066d7625bfdc77005f50,2018-03-01
2c51c4240b040878ccc14a715bd52b0c,d42b469613c4b4f8faa9162c8a79f7d6,delivered,2017-03-21 09:40:36,2017-03-21 09:40:36,2017-03-23 08:42:40,2017-03-30 13:47:06,2017-04-28,70c62d1ecbe693089406017160db2a29,2017-03-21
076291ccc60bbd19ff77babbb78324d5,aa0e4a8833d9c0b97d5cfce946a98dd9,delivered,2018-08-15 17:51:11,2018-08-16 17:49:34,2018-08-17 12:30:00,2018-08-22 19:21:05,2018-08-28,be728fc33a804276c023ac1911161035,2018-08-15
0a2f51f07c7b99722f843490cd20ec09,085e2d8df89b9fdb5182fc89fab548b8,delivered,2018-05-23 23:51:50,2018-05-24 00:18:27,2018-05-24 08:44:00,2018-05-28 19:32:40,2018-06-14,ce43cf7952256dc47c836ce3e8117331,2018-05-23
b2d12a4a4d83760c773b813c1c6b335c,c59d81f436556796e313d19267e6e6fa,delivered,2017-05-14 23:29:29,2017-05-14 23:42:52,2017-05-17 09:44:31,2017-05-29 09:09:40,2017-06-16,8c08e0cdd503717f4cf2f7693adbff7a,2017-05-14
905d014ca3c264f56ba4f6a34f358bba,e33f822bccbf6bce25484ab577ce3bed,delivered,2018-01-13 14:41:47,2018-01-13 14:51:30,2018-01-18 21:52:47,2018-02-03 12:12:08,2018-02-16,c293c16679aa8fcc770b07570a3ebc3b,2018-01-13
fe755232f249d0844951831268c55593,5eaea72cbd8dda40b6b7ac932be5c393,delivered,2017-07-17 09:46:31,2017-07-18 09:45:18,2017-07-19 18:34:38,2017-07-27 16:07:43,2017-08-23,b8b3c435a58aebd788a477bed8342910,2017-07-17
417d2c0b5fb1f2aacd28ed66e8b9c194,d3e077372d87af3cb6f307c26855e2c4,delivered,2018-02-01 23:16:10,2018-02-01 23:33:35,2018-02-02 20:18:50,2018-02-03 11:34:37,2018-02-19,0f6cfb0782cddcd76df38657c69dbb4b,2018-02-01
bf88704e42dfbdcebd1a543c31583990,0f43bb156644d11c7824d6ea4080b757,delivered,2017-06-26 16:50:06,2017-06-26 17:05:09,2017-06-27 10:47:55,2017-07-05 14:28:30,2017-07-18,538bf747b651c7cc7895ae9d9d3eb8eb,2017-06-26
b76a3d04749c4594b548c8bf8c76270d,7633accb101fb669114ec8b7daf22e55,delivered,2018-05-06 11:15:20,2018-05-07 17:56:19,2018-05-09 10:47:00,2018-05-17 16:21:28,2018-05-23,e9a4624ca1b19da17fe742fb7a33fb2a,2018-05-06
1c0ab2d3364599a25ffdc198391784a7,f0d5523b9ed51af045208859d0aed744,delivered,2017-03-31 09:17:07,2017-03-31 09:30:16,2017-03-31 20:21:27,2017-04-12 15:09:23,2017-05-04,6149a2a35b6e989d78f56345d8f6d75d,2017-03-31
8cc4092a48fd6223e099b8bede76a2dc,f1daabe885fd24bb2d0632bd7f58657b,delivered,2018-02-22 20:26:17,2018-02-22 20:45:30,2018-02-24 00:41:52,2018-03-13 17:26:50,2018-03-20,c43b8e04bdb570b41a41174520baedc6,2018-02-22
01d601c4d70f016f1e32ee8e82d6d4c9,cd6bb6cb42e1fb7ad795a83702d6a27c,delivered,2017-05-13 01:16:42,2017-05-13 01:30:11,2017-05-15 09:37:20,2017-05-26 15:16:47,2017-06-06,a2fd22263bc1dc3be656a0f725d3866c,2017-05-13
92c72561e65cb178fa0d134d93197fbd,fe6d048ccd0634843d6136952f04c038,delivered,2017-09-18 18:48:19,2017-09-18 19:03:29,2017-09-19 18:00:17,2017-10-01 13:41:55,2017-10-09,fb8b818c46431e02ea475e0324b9c23a,2017-09-18
ec7271618387fbc4779b6de5654cfb57,85ee5acfe5205d648daea1ffc5f7fac1,delivered,2017-08-08 19:23:13,2017-08-09 02:56:01,2017-08-09 18:00:08,2017-08-14 20:53:01,2017-08-30,bc5acd756fdd66c534d089b7805f5387,2017-08-08
ba862e955a05f361d3cf620519c8d587,e320d17f29ca1079bb66d0c0b4546ceb,delivered,2017-09-08 19:49:51,2017-09-09 05:15:26,2017-09-12 20:51:39,2017-09-14 20:44:47,2017-09-20,c235799591d420609a5348198b87caa5,2017-09-08
13fc19d5bc2bd52fce8baeb3f31e5dd6,734c83d2485aef612fdcd2a43908c326,delivered,2018-07-19 16:50:34,2018-07-19 17:03:58,2018-07-24 12:42:00,2018-07-27 13:21:34,2018-08-20,f8cf243eb77dc2421efaa2bc1a0346bf,2018-07-19
6a20f514a1f78b69741f2bddaf832c75,d1ef71e148b75e215508ded729470fff,delivered,2018-02-01 12:37:14,2018-02-01 13:11:11,2018-02-02 18:12:54,2018-02-17 14:56:48,2018-03-07,c128b6efbb4f0a07096fefc04cb52a9c,2018-02-01
106ff3ba3e84e22713bf2a10c582fd94,02d1b5b8831241174c6ef13efd35abbd,delivered,2018-04-08 01:21:20,2018-04-08 01:35:20,2018-04-10 18:06:48,2018-04-20 10:03:11,2018-04-25,7c08375cd96553acf4ed275609fd22e7,2018-04-08
c634e50ec075d06b4cd1d70527697f08,5e8f0ad7cd73cc125512ce0868342b6f,delivered,2018-05-31 14:18:14,2018-05-31 14:31:20,2018-06-01 14:35:00,2018-06-06 14:17:39,2018-07-04,2b9232e6420338fd502e6fe6a7cd05e4,2018-05-31
e82aad8d522b370541586c367c19a1e3,98f8d4023b866b445fd7583b48d3c7f5,delivered,2018-05-17 14:12:24,2018-05-18 00:14:50,2018-05-23 14:26:00,2018-05-25 18:58:38,2018-06-05,239c38c21fc31782faa965955fe6d67b,2018-05-17
6225935944047d4d3aa8d938a2988c61,25f7e7cb98c3621976e837fbbeea5dac,delivered,2018-06-12 20:22:10,2018-06-12 20:45:05,2018-06-14 14:23:00,2018-06-21 22:38:46,2018-07-11,ea64c1bac13f52bacd6059fb58bbadca,2018-06-12
b35d2c40061791df49f5e3fe718b0b0b,98a14465604d4ede0ea6d0cfd38f3d5c,delivered,2018-01-18 16:33:51,2018-01-18 16:57:35,2018-01-23 21:52:51,2018-02-19 23:04:33,2018-02-14,02604e6d24c19c9e8c72bb1044bc48e0,2018-01-18
44ba35a187b315445132d3433f8a52e6,0a061fbf0086ab5dc3be576189a0f2c8,delivered,2018-08-22 09:20:37,2018-08-22 09:30:16,2018-08-23 07:16:00,2018-08-24 18:02:51,2018-08-28,03af1d692ad6c5b722844ea5db15d234,2018-08-22
d396cdbf2645bb1ea08108de01ef308a,42496b94da7fdf733b980d552aeb17e9,delivered,2017-07-03 20:23:40,2017-07-03 20:44:02,2017-07-04 14:03:16,2017-07-18 12:17:47,2017-07-25,82dc7709472b30bc2cc2c4ce1bd6f1ca,2017-07-03
b221f4ca79ae394f43b4fec8815e4b92,6c371828d85598b22a93c19c2f6f71d6,delivered,2017-07-21 13:50:23,2017-07-25 03:30:36,2017-07-26 11:11:28,2017-08-04 17:39:59,2017-08-14,b9cee6e9749e434e4e2fac965f20d0ab,2017-07-21
fb87fe28380004e9d6ddcc862b23a82b,ce5c8c732842b0d9dd8b950e9d70358e,delivered,2018-02-08 14:10:22,2018-02-08 14:29:12,2018-02-16 00:55:09,2018-03-19 17:08:54,2018-03-16,c8eb59dff82e9e69cadf70af7e4b6b13,2018-02-08
b76c83c649d21e53136f71ab5cff8bc0,6a8bbb42fd8059e4d2a11fb04c09a125,delivered,2017-11-27 02:27:01,2017-11-27 02:38:27,2017-11-27 20:26:39,2017-12-06 19:35:06,2017-12-26,0151cf157e4682357e62be311f4823b7,2017-11-27
110bb98db579131adc6f4d8bbd97c673,28b81bdab1b97c8081cdd453dbef9778,delivered,2018-06-17 11:30:39,2018-06-17 11:54:01,2018-06-18 12:03:00,2018-06-19 18:38:50,2018-06-28,e6efd96a3cf7cd30f71140d4db5c916d,2018-06-17
7d75fea897072c408995ab156c16ff30,c35f792ee62cc45e96fe4764a23a53f8,delivered,2018-01-24 10:17:45,2018-01-24 10:32:40,2018-01-30 01:13:19,2018-02-08 17:33:33,2018-02-22,922f3c214edd3495d08c431c4def945f,2018-01-24
1bac6c5afd46ee5f279f46bfc081871d,245f29955c4082da3b4b8c51e857b78a,delivered,2017-08-01 21:02:01,2017-08-01 21:44:54,2017-08-02 18:07:04,2017-08-11 16:41:57,2017-08-31,bdad7c7ace9980d7f80d8ee51b1feb7b,2017-08-01
b40657a8b73e674b61107a06e46b6f8d,1475ba146afcb53f12a49bb3e38fb444,delivered,2018-08-02 21:11:41,2018-08-02 22:10:23,2018-08-06 14:15:00,2018-08-08 01:46:48,2018-08-07,175ae4df7fa8fb29c01b066b086bbf55,2018-08-02
cd74303942bee59edc3379f0a6433c62,5949664f01f7a008770bc82d8fcdf363,delivered,2018-04-07 22:09:46,2018-04-09 14:31:02,2018-04-11 02:41:58,2018-04-24 00:21:02,2018-05-07,9d602fe024975c6871491db380cb84fb,2018-04-07
370cfb4244f1a15b8d60d32fce42c3fd,d6304656af67fcbb83f11a7496be7a32,delivered,2018-05-26 12:49:25,2018-05-26 13:10:59,2018-05-28 13:58:00,2018-06-12 23:11:39,2018-06-28,7e3e0d708d6b528b5958fb537a4122b8,2018-05-26
1d23106803c48c391366ff224513fb7f,b2e6ad00199e893fdee50615ccfda0fd,delivered,2018-01-26 16:19:34,2018-01-27 02:52:27,2018-01-29 15:18:55,2018-02-09 21:38:39,2018-03-02,76b61cd27ca2933a2bd2669762fb229a,2018-01-26
884b42885f11cac2abce880659eb1b0b,5270e49915940227aa249443efb143a1,delivered,2018-08-14 09:15:11,2018-08-14 09:25:19,2018-08-23 12:48:00,2018-08-24 19:22:05,2018-08-22,cc5030f151f5e94a5628d98a3733585c,2018-08-14
07a3ecc544326f0c462c5423eaca1812,7ecab6f3f9ab08d676b6b9984779c9e0,delivered,2017-08-07 15:15:48,2017-08-08 04:44:24,2017-08-08 23:03:35,2017-08-18 15:43:57,2017-09-11,795de358ecda8dcd5c0203b2b753f918,2017-08-07
e5cbee019f9a5bfe36c2144b96b10ea4,8218a4be21e32df9c2fc3231c48f5279,delivered,2018-08-06 16:37:06,2018-08-06 16:45:17,2018-08-09 15:42:00,2018-08-14 19:06:37,2018-08-23,8785aa139e4d78f2555b3f6e8bc16111,2018-08-06
06e83e2884ecfcff09067ddaef752b49,180f88a79ebd4137eb2fd98525bcfff2,delivered,2017-11-27 19:23:26,2017-11-27 19:38:57,2017-11-28 19:28:30,2017-12-11 20:03:14,2017-12-22,dd65aafe1dcc8d70757ac625d1d2d59a,2017-11-27
09a5c8d751662bfb96c5a3307619cb36,1ef2ac142610b528b3b67d6f21725fa0,delivered,2018-07-30 15:38:45,2018-08-02 13:43:20,2018-08-02 13:23:00,2018-08-03 14:03:49,2018-08-13,b61cd386c324cb8c071b4bd6ce7dea86,2018-07-30
2938d86c8e6e92fb089538f210e7761b,11da7ae61e194967bc6225ef4a5022f6,delivered,2018-01-15 16:11:21,2018-01-15 16:31:13,2018-01-19 15:08:48,2018-01-26 16:24:49,2018-02-08,aef3887210647f5c5996c35a0a534d00,2018-01-15
1e9d813a96897b2f8b5e1b99dd50d10d,16e5d9bf132da949d11e978e3ad1bb66,delivered,2018-01-08 20:39:32,2018-01-10 10:32:47,2018-01-11 22:37:24,2018-01-17 19:04:20,2018-01-31,71f6d26d1201dbed5b138a27d618fff9,2018-01-08
c4ff30289b48ee374152a8c534ee686e,54ca64d9386e00b5958197064e6ae159,delivered,2018-06-25 16:10:17,2018-06-25 16:37:47,2018-06-26 15:25:00,2018-06-29 18:18:47,2018-07-20,5c9d88697e47c47bbd47d2ba327a5a8e,2018-06-25
aeae8ce86f335790a6beccae2f8c5092,85a7b7bf0ef8150b99eab1b0a14a2205,delivered,2018-01-26 16:08:36,2018-01-26 16:34:03,2018-01-29 23:42:58,2018-02-09 00:42:41,2018-03-01,bdc8a4e28fbf79bedb432525edce9054,2018-01-26
8dc880cb89385d6213c7ea6fb637b0d4,ac2db495d466d0d3929abc71ec0d9f3b,delivered,2018-02-01 18:11:29,2018-02-01 19:01:11,2018-02-02 18:50:40,2018-02-14 17:34:20,2018-03-02,d81fac45dcc1bb423e54f946e9b91518,2018-02-01
d3abd72db4f9d182cf59e936ef0baf5a,508012eabfc8058bd4b0eda92e05259b,delivered,2018-08-15 16:47:53,2018-08-15 16:55:31,2018-08-16 13:54:00,2018-08-21 21:33:57,2018-09-11,c04a6c1c190e47ec62b4bb139921331a,2018-08-15
fe2893f4e6b71e79a7aec9c777744a16,17bf46f1da4feb965bb6ece7dd8bd95c,delivered,2017-03-11 16:05:44,2017-03-11 16:05:44,2017-03-22 05:47:50,2017-03-22 15:26:27,2017-05-02,6777d4af8d5920d859e894ea694b04cb,2017-03-11
a73c47ff724ce7c345feeadd81a92214,ad3944295c168c535e5ca15548cc87a8,delivered,2017-12-13 11:33:41,2017-12-13 11:50:42,2017-12-14 22:59:09,2017-12-28 18:38:43,2018-01-12,c02613372be93d6f267a97778bf828eb,2017-12-13
47032972f71019cd453baab392482f5d,e44c484a1a434a9526d5c258699af977,delivered,2018-01-08 22:20:46,2018-01-08 22:31:37,2018-01-09 16:13:57,2018-01-21 17:47:33,2018-02-01,c5282f4ef9268cb4efe799d1abb31608,2018-01-08
828b618008ee0b34f4648124668023f0,c3bb4adf79d8cdb402731cee2fc0f861,delivered,2018-02-01 12:58:09,2018-02-02 19:31:13,2018-02-06 16:18:29,2018-02-14 18:19:05,2018-03-02,149d5d9046eda328cfe55e73c74af638,2018-02-01
87886486a0abc01909fdaf209fdf740e,e308a1f443d3d72041f8ac967ec68b75,delivered,2018-04-18 19:33:55,2018-04-18 19:53:28,2018-04-23 14:52:37,2018-04-30 20:12:07,2018-05-15,ed9d66f82415c89522b3b3205055d718,2018-04-18
61a2711ad11ba20c846596b053d61fd0,8202d4224132e791fc09cf22bf5850a4,delivered,2017-12-19 13:54:01,2017-12-19 14:40:30,2017-12-20 16:15:02,2018-01-09 02:15:10,2018-01-17,9192d519891ca4dbbff8992ff941438f,2017-12-19
6826d5740591909e368433e2a5ec75fb,7a8425b03cffa0ddba84d4277b7a4e7e,delivered,2018-08-02 16:07:38,2018-08-02 16:43:51,2018-08-03 15:42:00,2018-08-07 21:51:50,2018-08-16,1896efb077779c378d7cc57a290a303d,2018-08-02
7dda251cd0ccf3b0e0ff56d62b779fdc,d506c0d4abd2528e9fddb923894a9dda,delivered,2017-05-21 08:00:14,2017-05-22 10:41:43,2017-05-22 10:40:10,2017-05-23 08:49:42,2017-06-02,7a311d62282fa63be12b02aef2fd21d1,2017-05-21
0aa240e0cbbe794b5470e659a22b614b,f5b66d1266e286035ae816d414c38b07,delivered,2017-04-21 20:32:16,2017-04-25 08:05:36,2017-04-27 07:44:26,2017-05-03 16:03:07,2017-05-22,b963209d49c99a3d345aa9df1ae213db,2017-04-21
cb4643522ae43ce063a4be43db4e884b,2604219b3b560eafbb3f0fea60cd8fbe,delivered,2018-02-01 11:09:31,2018-02-02 02:53:38,2018-02-05 16:49:03,2018-02-06 21:52:22,2018-02-19,2b32da659c7895bf1b889d09371bec74,2018-02-01
7a94606a015a9feffa3b4ac23e84d132,3beec086fc157dbb92da88d3eb62dd4a,delivered,2018-01-31 07:56:18,2018-01-31 13:31:38,2018-02-01 20:22:14,2018-02-09 21:13:19,2018-03-02,8a68b098824b1f7e0a07f4d0589be32b,2018-01-31
5e8c030bf29e47b0ad1f3d21299793cf,4a0937eb670ba58a486842387438e5ae,delivered,2018-08-10 17:15:09,2018-08-10 17:25:18,2018-08-13 12:48:00,2018-08-16 21:51:38,2018-08-24,9b4b1b1d44cac8c95347eab0cf4231c8,2018-08-10
a3e211d06c63093883e23fb6c60cc372,2e7146d41ffd31a6743c95dbda9dba77,delivered,2018-05-02 22:06:20,2018-05-02 22:34:58,2018-05-03 13:36:00,2018-05-14 17:52:35,2018-05-29,3c9645eb51dcdbdaab06121fb8f96815,2018-05-02
1e3f2509cd71acdf7490e4a3a2fa6e18,644822de1085c46840cc547bf1f215d1,delivered,2018-08-14 02:44:34,2018-08-14 02:55:07,2018-08-14 12:50:00,2018-08-17 20:41:55,2018-08-28,4c73b752f85e6832df7e28468b408401,2018-08-14
627c1c31327bda6f11b5e7c613f1d366,75e6c4cd1f1a7a1b4e1ffbc53a3942ee,delivered,2017-07-10 19:32:51,2017-07-10 19:45:15,2017-07-11 20:06:30,2017-07-17 17:13:45,2017-08-01,164ac08c481020ea7f994bab2309b647,2017-07-10
4579bbd75504c2cc0e1a60a69196598a,331e03764ace557102ea57186b4079eb,invoiced,2017-11-16 15:14:07,2017-11-16 15:30:25,,,2017-11-29,2a2e2e0e4611ca5566877c2396cb79b3,2017-11-16
fc74153e0ac39bb68c8f8f9e4758f001,787c8dad81798b72c5ae7d0ed526192e,delivered,2018-04-12 12:40:46,2018-04-13 12:50:48,2018-04-18 20:51:19,2018-06-29 17:03:25,2018-05-11,40dcf0ca504c92ee3e0e59ee94fb9423,2018-04-12
c33548afe8a1590b82f9f0c6141ef508,e336b3854ddf6f9b6d0535dd4c1cf37a,delivered,2017-11-06 14:00:55,2017-11-06 16:34:32,2017-11-08 19:55:22,2017-11-24 20:09:05,2017-11-30,fdde232a70739feb7bff709ca09a6b1d,2017-11-06
27f60f8461adbfd9213bd35b38206bfe,3036fcbb292e7d1ad4c25c254b5e246f,delivered,2018-06-05 18:47:47,2018-06-05 19:13:41,2018-06-06 12:26:00,2018-06-13 12:02:24,2018-07-11,c5de780aaf331187f488ecaacd83175b,2018-06-05
24cfb770f308b181cc3ae36ca3d573ad,bd1a3e41c0ddbd5cf6166db3c1c4bfc8,shipped,2017-04-02 01:12:22,2017-04-02 01:22:40,2017-04-03 15:20:52,,2017-04-26,798f729c0e84364a01e4400f004cb865,2017-04-02
32006bb319deb6aa1c96bc8194382f2e,67bb18f85fbb577acdb3b3dbb3951a35,delivered,2017-12-28 06:56:54,2017-12-29 02:09:32,2018-01-08 23:51:32,2018-01-15 21:27:07,2018-01-30,03d5cfec0045128e2cfba2a96a12e962,2017-12-28
c7950b20ba9ee51a1d8e166dcfb4bb10,2f0a08c546cf9453b83cec475c4c786d,delivered,2017-10-06 16:10:18,2017-10-09 07:27:47,2017-10-09 14:24:10,2017-10-25 19:12:17,2017-11-08,a3ba8635b7910dedfb4f25d5a4058673,2017-10-06
2e7f2a6731020cda16dc217491d631cf,f8f7d4e55bf649020b5a93305a0ba042,delivered,2018-01-02 10:51:33,2018-01-02 11:11:10,2018-01-03 19:05:33,2018-01-16 20:26:38,2018-01-31,d6efea3537ef9c77185cd36905c17bde,2018-01-02
b5b411510c27795418ac5808a30054e0,dc965c402585418454e732f34c9d3e84,delivered,2017-09-17 18:12:09,2017-09-17 18:25:08,2017-09-26 20:09:14,2017-10-06 13:39:08,2017-10-11,6bb535b0906b43e0041916897667aeed,2017-09-17
773669e9bbc70d476c8052eecb8470a2,38e5ed132f3e8ecb5fe019cf7d89b720,delivered,2017-12-08 20:56:27,2017-12-08 21:12:08,2017-12-11 22:45:40,2017-12-13 18:52:46,2017-12-27,7fbae1934dd59a12e1a9dd69e7d4d723,2017-12-08
8416d26ac5ef346cd2926c3b35e1da86,6bfc30f4b927495045338f1708bbed14,delivered,2018-05-16 08:33:54,2018-05-18 04:54:37,2018-05-18 14:35:00,2018-05-21 15:44:45,2018-05-25,b06c59fbc339f73b5584ae38d5e653be,2018-05-16
0382e1be5feaca880336365b982b8629,4098347614a8158c6d16eefc6882b29f,delivered,2018-05-07 22:14:31,2018-05-08 04:54:26,2018-05-08 12:22:00,2018-05-11 19:32:01,2018-05-18,399a2a06a7ddefb3b09460ba6a1bcf12,2018-05-07
10b2031a821c35b0cf0c9ff505eaa456,cc5ca2692c6a034c0803f7558b313f7b,delivered,2018-02-02 18:57:38,2018-02-03 19:29:58,2018-02-05 18:14:50,2018-02-20 19:38:57,2018-03-01,e851ad4bd2a51c2f03e89803005b55ad,2018-02-02
38bf75e72a61924fb0633cd63820f018,27d43d8e32aad3f6c41205c94a07c06e,delivered,2018-05-03 11:50:03,2018-05-03 12:54:28,2018-05-10 16:16:00,2018-05-16 14:54:03,2018-06-11,bef454725dca0a8a38e2c6e4833172a9,2018-05-03
ed913f2f9db29736f6ef22c4446abdac,cc25be330141b5bf8171b447274988dd,delivered,2018-03-08 23:09:28,2018-03-09 01:01:34,2018-03-09 21:08:45,2018-03-13 19:16:40,2018-03-20,ed65e3fde3b08f3d0561e21a458f4fc0,2018-03-08
66c251b81283a4147f2ba97851126741,752e8d469fc48ef55ce38128e24054e8,delivered,2017-07-27 10:31:48,2017-07-27 10:45:22,2017-07-28 14:57:47,2017-07-31 14:55:53,2017-08-18,6814507660c72078cbada9b3660683dd,2017-07-27
7c090db969b7b59bfae10b91355cd5dc,24ea74c0ee8a3a1a753cf33550565846,delivered,2018-02-12 10:38:45,2018-02-12 10:50:25,2018-02-15 17:10:31,2018-02-23 23:59:07,2018-03-07,e7caafb04b382409707f8653db675888,2018-02-12
1ebeea841c590e86a14a0d7a48e7d062,5adf08e34b2e993982a47070956c5c65,delivered,2018-01-18 12:35:44,2018-01-18 12:56:32,2018-01-18 23:25:35,2018-01-26 15:17:57,2018-02-20,1175e95fb47ddff9de6b2b06188f7e0d,2018-01-18
8b8abb13e7d9e567f8dfdd816dba8ab2,26d7ba85990f23d3cab791183e339c3b,delivered,2018-03-06 07:55:13,2018-03-07 02:35:47,2018-03-07 19:22:27,2018-03-16 21:47:28,2018-04-05,0a5ad6b5696005122624494ab36507d5,2018-03-06
1fa2f14ef2c0672f66f1e2ef26c8fdf5,ed74a79326021179cb4900cfc1080211,shipped,2017-12-12 21:37:39,2017-12-12 22:23:32,2017-12-15 19:45:08,,2018-01-12,4a44fbfe000c8524d02fe9ed29f194a1,2017-12-12
7fee8248879e6c2eb655918584bb3ba2,0ac397ec20446825a099a646258cbf83,delivered,2018-01-13 08:21:43,2018-01-13 08:31:20,2018-01-18 22:36:29,2018-01-26 13:57:59,2018-02-05,b2565548c75253c3b928dd94fe5baf03,2018-01-13
3d4b0fecd73a9bb32f9159b60da8ff43,8cdc6dfaa3c3c78f28848dd50f812605,delivered,2018-02-26 13:23:15,2018-02-26 13:35:30,2018-02-27 17:20:08,2018-03-10 15:38:31,2018-03-16,aec58f69315474c125cfbc4b073d1754,2018-02-26
26a25b8924d3410c6237cef523646975,a59e696eed637acaa7bae430ad796d25,delivered,2018-06-21 12:30:13,2018-06-21 12:57:09,2018-06-21 15:16:00,2018-07-09 22:22:13,2018-07-30,1b95ba90c62e9f11e97ce1304f96b958,2018-06-21
47c47cf26ecd6af954552849eb9d88b1,bb4a026c071aff569092ee33f7e8fb5c,delivered,2018-04-07 09:23:37,2018-04-07 09:35:17,2018-04-09 17:32:34,2018-04-16 17:38:42,2018-05-04,54e4a7b27486caeda4ecc7648297d560,2018-04-07
c9d79a65d54550450dac1a0a08b71956,6e53638ba966c41af8fc2b198caa69a3,delivered,2017-06-06 14:44:07,2017-06-07 02:45:32,2017-06-07 10:32:09,2017-06-16 14:51:51,2017-07-03,3a6d375b75e942ee6cee234f3268f1ba,2017-06-06
aadf11ab8b56726ef2e1f9967929acab,2bd1c2a6bcb1e348fc5c5f1d67436fa1,delivered,2017-12-15 15:24:33,2017-12-15 15:37:29,2017-12-18 22:57:05,2018-01-03 19:43:33,2018-01-12,c5ae51741ef98f82fbb3887f0bb68877,2017-12-15
952241c48f34d58c23ca57964d413834,c44e2d2739a13ad161a81831dd162e76,delivered,2017-11-08 17:07:11,2017-11-08 17:30:50,2017-11-14 21:07:17,2017-11-16 23:32:52,2017-11-22,532576a973c55ab48fa2fa920d036e52,2017-11-08
2326391ae5a49ca43aec4e487b6a2d38,aba5afb5ab39f4d5719cba15a070d5e7,shipped,2018-05-15 18:06:09,2018-05-15 18:34:39,2018-05-17 12:33:00,,2018-06-05,35389b797b4050a150a371bfc675dd83,2018-05-15
5a8cbabf9050846cfba3b3f011e2cad0,9c00a1f34ce8322426a443a43c8b0347,delivered,2018-06-10 14:26:44,2018-06-10 14:57:04,2018-06-11 15:22:00,2018-06-13 18:52:48,2018-06-20,04f2b3af34d63daf3623b1ff65293459,2018-06-10
6e4851de3a0a02ee3f21958e7a3a9fb5,474815429e8d4d94b034014057ee55ce,delivered,2017-03-16 20:54:44,2017-03-16 20:54:44,2017-03-20 06:26:42,2017-03-24 13:43:08,2017-04-04,f877af6e86082056ebb09008e563de9a,2017-03-16
0190e75feb05f78ccb1b56853ca4f6cb,adb3c4b6fa67bf11d5ca618f5cbd044e,delivered,2017-11-24 20:14:55,2017-11-24 23:33:01,2017-11-27 19:38:26,2017-12-05 20:35:34,2017-12-26,37e2dd61ca0493062acccc353270f8ed,2017-11-24
532724cb017a7469c0266bce57eccdbf,67235133b4241a5cb0e1e123c2d221bb,delivered,2017-11-20 12:47:43,2017-11-20 13:18:30,2017-11-22 23:21:11,2017-12-04 20:42:42,2017-12-11,7df4e9b01590fcaa23a1bb855d9bcb1b,2017-11-20
be19acb358fd31051b54dc45f59bb7b9,bff24d17e2e986ac557553cda753f31d,delivered,2018-01-29 19:31:35,2018-01-29 19:53:38,2018-01-31 13:36:52,2018-02-19 20:38:59,2018-02-20,be394873658734cac812a55c34380e09,2018-01-29
47af3c45ff89024653aa5c3cd617077e,2b7fc1752a6283fe304ffbf867c4260c,delivered,2018-08-24 17:17:46,2018-08-25 17:15:13,2018-08-27 14:14:00,2018-08-30 23:58:44,2018-09-10,cd532bb7548e2076263ac8e87e8fee4d,2018-08-24
c05084e1e3018ade16fd6ef5b23e3857,0aca8fd65c9414894ca4c072b496bc3f,delivered,2018-05-18 23:03:31,2018-05-18 23:15:29,2018-05-21 10:41:00,2018-06-04 15:16:45,2018-06-13,151bdb6d653a706699cee00174b5ab36,2018-05-18
d9612f4021d391b5430703c339d62b26,7484acee0a02088b435f2b52344b4944,delivered,2018-04-05 05:55:18,2018-04-05 06:09:03,2018-04-06 00:46:34,2018-04-11 15:31:52,2018-04-27,e4ca396ba594cb812edbd6dab03a340b,2018-04-05
e9f308c243d53135de5a481bf3a9cb86,c5278def2d7c1e27ac0a75b3c7ee783d,unavailable,2018-02-10 11:14:30,2018-02-11 11:10:23,,,2018-02-26,aca551d9c63da497cc6652575e9aea57,2018-02-10
bb853f6461f9ba28e1f12a564dabb27c,701b198fdef03adba781dc5fa1aab985,delivered,2017-10-13 18:02:52,2017-10-13 18:14:22,2017-10-17 14:52:04,2017-10-27 23:11:57,2017-11-16,a0d06124a01ccd028adfc41be39bc581,2017-10-13
7449c171d08772e5bcbde94f39411d36,101f5ec287c719f599963ffb18a1f38e,delivered,2018-02-04 22:50:16,2018-02-04 23:09:50,2018-02-06 23:18:33,2018-02-07 21:53:14,2018-02-21,9d8a3a20b4a2ef45fe997f89a7bcd5fd,2018-02-04
89d37adb3389844ab085bbd81f541f00,f2fb6af2900367aae82564efdf5dc4c5,delivered,2018-07-20 19:43:13,2018-07-20 19:55:20,2018-07-23 16:24:00,2018-08-03 13:39:34,2018-08-21,4c36676b8d41302c5b0e435688f0af0b,2018-07-20
a9f5f4fb236732250fc0b959e3a4b96e,3c4c9a40e53e5d539c9d02c03629b5f2,delivered,2017-10-23 16:26:56,2017-10-23 16:46:25,2017-10-24 21:43:56,2017-10-26 20:47:57,2017-11-09,937a668a37820388e591a0bfc2392d08,2017-10-23
369d712be6f3792951adcc38c6762157,b39c1c64b6f3e8a4e3373b37990b6614,delivered,2018-08-22 02:31:38,2018-08-22 02:45:08,2018-08-22 11:57:00,2018-08-23 22:28:51,2018-08-30,b1b1b8aecd14c060c3f9dcdfbe315d8d,2018-08-22
58883d4d88a7a9be12c7343ecf8dcea5,bd7bf31df8713e97cef95685aa9963f7,delivered,2018-01-17 10:22:35,2018-01-17 11:30:40,2018-01-24 19:22:41,2018-02-09 23:12:58,2018-03-08,9ac2c22b502f80d13ca11b680111df90,2018-01-17
0cc14454cb400b7b154e0a45ffd5c2f9,6500983182f0ed3a2e92fcb7522a4832,delivered,2017-12-17 17:24:50,2017-12-17 18:34:05,2017-12-18 20:03:12,2017-12-20 15:27:45,2018-01-05,92ac1644f8048b0233ca04612918efc9,2017-12-17
bef5d5c7e0fa907f3aefa9d3873c4f90,d9d4ab9f19fddeb11b274cac8154f450,delivered,2017-04-12 08:32:44,2017-04-14 02:50:13,2017-04-17 10:44:10,2017-05-16 09:57:39,2017-05-08,1be58526b903eb397ce5609d27155112,2017-04-12
5d05467df1b7834684fe4c0783f5db1f,d62e2a8953cee3aee784eeeb86287166,delivered,2017-12-22 11:42:14,2017-12-22 11:52:29,2017-12-22 23:09:07,2018-01-08 15:53:24,2018-01-26,7cd7e96006e1351b9b950cadc5c92be7,2017-12-22
ac75a9ba33bcc9cefc7e36b0f4cc044a,74d25bef64b530dca2a57b694982c4f6,delivered,2017-12-04 10:44:16,2017-12-06 13:13:36,2017-12-08 18:32:15,2017-12-18 16:35:08,2017-12-27,8655e69d50b61c893b636ca85bdeefb0,2017-12-04
12a084b79a73e3332c73e0ba4364458b,1c59a0c47299c8080cb7dc8b9f36ca69,delivered,2018-05-05 11:14:00,2018-05-05 11:33:45,2018-05-07 14:59:00,2018-05-25 13:08:39,2018-06-18,f92e624e1bded33b98e3a8bc0095812c,2018-05-05
eb5265687d8744ff9d5147004298fb36,059f60d3b37627f51e73eec500dfa1a8,delivered,2017-06-23 10:55:02,2017-06-23 11:05:24,2017-06-23 11:59:33,2017-07-03 17:14:56,2017-07-19,db634985638ec4b6abf8734d7adde1ab,2017-06-23
58aa4a2e2d2b63972e1c4508ed5f7cd7,11bc83941d71647de90138579c9fc4f7,delivered,2017-05-26 14:11:03,2017-05-26 14:22:35,2017-05-29 11:42:04,2017-06-01 14:02:45,2017-06-16,cfb25a23c7faf8e2c955d4252523d6f1,2017-05-26
8908ad12ebc283352dc07bb7040ba653,2420d2f9ac4a8263a87cc41dcfad471a,delivered,2018-02-15 09:01:59,2018-02-15 09:15:35,2018-02-15 19:25:52,2018-03-08 21:26:30,2018-03-19,ac54064cd0646ca91a0c86bdce9cc9e0,2018-02-15
59fa6bcd9bd2ea970f71cef8229ffa7d,a6b03719885d1c01b7caf8215021fbe2,delivered,2017-09-15 13:51:34,2017-09-16 03:06:00,2017-09-18 21:18:36,2017-10-08 18:10:24,2017-10-10,e22ff5af2bb306381a10eabf2ecf05e6,2017-09-15
cae7f688f0b9d0434704105de18ae326,0f88bc8d97cc7fa1ecf056675bba6bc9,delivered,2017-11-07 17:46:23,2017-11-07 17:55:33,2017-11-08 19:18:57,2017-11-09 16:09:10,2017-11-27,dce74c1dd36580049757d8ba40aeb115,2017-11-07
3a67e05f7b4f7fe736e90e6acc8689b3,7cf767e41998204e0dc91c2270542d83,delivered,2017-12-01 09:54:21,2017-12-01 11:31:59,2017-12-06 14:39:08,2018-01-08 19:29:59,2018-01-04,a4855898fe5347ef4ec54192c7053768,2017-12-01
ad380680e87dea0f2abf5cd5bace626c,4c7241af24b5344cb01fe687643de4fe,shipped,2018-01-21 15:54:02,2018-01-22 13:52:41,2018-01-24 18:26:40,,2018-02-20,b157c176c3fe04914fde33f2dc8b878a,2018-01-21
0bff41f23a1260a23cfe070af558eef7,ce419a09aed8cb13f0bff663ca2144ab,delivered,2017-10-30 22:28:49,2017-10-30 23:31:09,2017-11-06 20:32:01,2017-11-18 17:18:21,2017-11-16,42eb4b252cf009833925182d6941f69d,2017-10-30
3be081dab4d2bd03cca448a1e0befbd5,47a9436be796bd18a4c1d25e5783d048,delivered,2018-01-08 19:29:06,2018-01-08 19:36:23,2018-01-15 15:18:28,2018-01-25 18:55:46,2018-02-05,1be2a65469a1a7f9d0ba9e66374b04fd,2018-01-08
81a6ac5a2e54ea1f2883d6054be7b339,c1c327a1f031715cf00adc9f69fbff73,delivered,2017-02-17 10:32:57,2017-02-18 03:15:10,2017-02-20 14:27:52,2017-03-03 07:17:51,2017-03-22,f3a340b1c237f77feb37102cdcb5ea80,2017-02-17
87ab9ab3d80a94a8bf706297277c0f16,a53e6d8f6610cc95f21f5ee30693f5e8,delivered,2018-02-26 21:43:45,2018-02-26 21:55:30,2018-03-01 00:06:51,2018-03-19 22:21:55,2018-03-22,aca0c2999aa30466160dd7ee8570a998,2018-02-26
e6b62f5711fd308616f3db4e2061673c,847e645067bb334fbc66447b28e6651d,delivered,2017-10-20 00:13:14,2017-10-20 00:40:10,2017-10-23 21:12:57,2017-10-26 16:58:04,2017-11-08,e53821a413d5b137cd9005b41f09dfe0,2017-10-20
c1f995d5d345022dea94f7fba75dbe1d,62a80a070f66e36e433ad68f1e9d1439,delivered,2018-01-14 19:09:00,2018-01-14 19:17:18,2018-01-16 19:29:06,2018-01-17 14:58:44,2018-01-30,ad3994c13dba28dd32d6278496d0928b,2018-01-14
13c63bb3df78e4c49ffe2d2c3afcc654,30ebf7033f1100ae236b4363890b1aeb,delivered,2017-08-12 22:25:52,2017-08-15 03:44:07,2017-08-15 19:45:44,2017-08-16 13:52:33,2017-08-25,dc96d6db4d24102b279b865dca6b5db5,2017-08-12
cd81b7b31890c8ba170157abdfcd941f,d2384c7aafc3f49be026b708307c3bee,delivered,2018-07-21 16:42:48,2018-07-21 16:55:26,2018-07-23 20:24:00,2018-07-24 17:28:47,2018-08-02,8fe5c7e8a5db0b3454f478dba0dc82f1,2018-07-21
c11d8a6bf50d7ce1fc92fd3844526e25,bb38dcdbc99e5fbf1ca0dc4f8c6b2f4e,delivered,2018-08-09 11:20:24,2018-08-09 14:30:19,2018-08-10 12:51:00,2018-08-27 17:17:40,2018-09-24,efdfdcb4890f42ff5fdc077b298f9af8,2018-08-09
1fa0b1affd773f88e6b1feeb6d211dc5,ba9928beabf99b1e9b2a2430c83be5c7,delivered,2017-08-10 17:16:02,2017-08-10 17:30:14,2017-08-23 18:58:10,2017-09-01 18:23:28,2017-09-08,96da946ee4c9cfc461ce601a29deb307,2017-08-10
f3d2d81bbba5674341cadf212e3ba72a,92285799f0209081347b519902d62ebd,delivered,2018-08-01 03:10:03,2018-08-01 03:30:09,2018-08-01 15:14:00,2018-08-02 19:18:43,2018-08-10,5f8ad624020f7db33a63d5a0e5d14348,2018-08-01
952b81a129d281fa088a85781b090f84,e4d6ba69993bd33692d7375d53760368,delivered,2018-02-28 11:06:49,2018-03-01 02:50:44,2018-03-01 21:18:38,2018-03-12 14:48:50,2018-03-26,23b7c4837fbfb259e00d7735930612b1,2018-02-28
67bbaca0d189dd5afb9a0511101da605,5a01bc2d12b4e9897c682ee5a581073c,delivered,2018-03-19 16:45:16,2018-03-20 03:35:33,2018-03-21 19:08:38,2018-04-05 00:55:41,2018-04-16,b960d79a3eecce7d0927156936de6cce,2018-03-19
e5e1c16f3df58122b4b4c212ff8a9439,35d376a8a1c37a0b47c5b0d69f0d60f2,delivered,2017-06-09 09:47:24,2017-06-09 09:55:19,2017-06-09 16:02:57,2017-06-19 19:53:38,2017-07-04,ed1356ee8c0f1caf7e8e3adc4685a6da,2017-06-09
9deb3560d9aeece234b367c49d915fac,23eaf8280776db61e4483bd467cb8367,delivered,2018-04-24 02:29:25,2018-04-24 18:58:29,2018-04-27 16:06:00,2018-05-02 20:22:27,2018-05-21,bc40a240a191386933abeb4d7bb0ae36,2018-04-24
4b4df75ffa0116b870e32361c2c9f154,9a2f1f5c553900bf20b428c047bf35dd,delivered,2017-08-08 20:43:49,2017-08-10 03:15:48,2017-08-11 17:52:32,2017-08-16 13:42:03,2017-08-30,1a000d0b3222279d547e6cb1ba34de1b,2017-08-08
47b70930d56276c49d6e642ed8cc70b4,f80c54f63f071a097e15565e9ecd3773,delivered,2018-05-04 23:18:43,2018-05-04 23:33:52,2018-05-14 11:02:00,2018-05-29 21:56:51,2018-05-29,034b9598ed15f8c7c94d5d68734aaf60,2018-05-04
dc34d57cbf1eea4b808d8611e51e8eaf,6f16276ecd9811a6ec19dfe458726534,delivered,2018-05-09 12:17:51,2018-05-10 12:16:04,2018-05-11 16:04:00,2018-05-25 20:54:37,2018-05-30,273cf55269a2414901c6ff45c87cf440,2018-05-09
1c4cafd25254eee31c8c9b8c141fb10a,b03bfe9da81252f5e3b39196ba3518c0,delivered,2016-10-06 10:12:12,2016-10-06 16:01:15,2016-10-21 16:38:22,2016-10-27 11:43:40,2016-12-06,ac10064713bd3169f17aed85acad2106,2016-10-06
6813024343da715f4461d785148f298e,05fe48df6ea41f403217b5cb88126ce0,delivered,2017-05-22 23:09:07,2017-05-22 23:23:06,2017-05-24 09:51:07,2017-05-29 09:58:01,2017-06-16,7acf19ddc75a0935581845e1c89edb3c,2017-05-22
99e2a62484480920071ceb4d04da5e17,1da9a73d0f1aeaac95cb8d7fa0e272f0,delivered,2018-04-16 02:06:28,2018-04-16 02:29:14,2018-04-18 19:05:12,2018-04-26 18:52:04,2018-05-24,e68e1b61896163cdd7f8e07b2ae814c9,2018-04-16
64430a4baf15618795b4b390b9d2a288,ce95f352daac0677a391aa800e3b0bfe,delivered,2017-03-24 13:50:45,2017-03-24 14:04:14,2017-04-12 14:47:01,2017-04-20 16:35:28,2017-04-19,debda02ac619c40ad651acc4a6e582bc,2017-03-24
499062ee7ee19172573b081758302721,8fb0d3b9306bc2fade01ee327e0e3cb8,delivered,2018-04-20 10:47:36,2018-04-20 11:12:22,2018-04-24 00:06:49,2018-05-04 16:22:32,2018-05-23,3a26cc5a9f4349a713ef0679141894b9,2018-04-20
257045bb76e4c622aa9767a99ee56fc6,dbcb07acea2c65b4d85ab9c0081a6097,delivered,2017-07-13 22:23:04,2017-07-15 03:34:23,2017-07-25 19:14:24,2017-08-07 17:12:49,2017-08-08,9fdad2ca8868642222d93d2bdd1f4f37,2017-07-13
eda6d64dcda58906e8d961f3d630b6f4,093db840532a831a3a7740a8c71a24cd,delivered,2017-11-13 22:18:20,2017-11-13 22:31:23,2017-11-14 22:18:32,2017-12-05 15:59:08,2017-12-04,c2b7cba7d0a5320b4fb179c03a01925a,2017-11-13
ee70dab07b713b99c8f8dbe78738d0b6,aa2c25709c60cce0b038f4aabf081b79,delivered,2017-12-08 17:16:40,2017-12-08 18:00:55,2017-12-18 17:38:18,2017-12-22 15:45:59,2018-01-05,b6cc23db9714e2c312d3e883f89c88c7,2017-12-08
26110592bfcb0c6d20245c860b05f8ee,ee17af9f093b00b43cb3ba1d2938a1f0,delivered,2017-11-27 10:40:11,2017-11-27 11:35:18,2017-11-28 20:59:52,2017-12-05 18:32:03,2017-12-20,79f64a806820756ab0434b6ed31c04bc,2017-11-27
fcffb64079d8d2cef5d9014ea91705d3,dd37203d1d35f4c64e4cc650fa3ecf86,delivered,2017-06-07 20:09:55,2017-06-07 20:22:27,2017-06-19 19:45:38,2017-06-26 15:37:52,2017-07-13,b76f6eaba28ec14718a362de5e2466e1,2017-06-07
834bdbe2274206828a57e58fef7f4935,b4389c10792c457864e423bdda8dad5a,delivered,2017-08-03 09:05:52,2017-08-03 09:24:03,2017-08-04 17:10:28,2017-08-07 23:37:17,2017-08-16,e6a2ff59d76e11e3468cbd81ad7b39ab,2017-08-03
a1e9b3d43fb2498d663c7b598876614b,a0434fbe9ea51d8b38cf323354a31393,delivered,2017-12-07 00:37:54,2017-12-09 02:36:30,2017-12-20 19:09:46,2018-01-12 21:54:01,2018-01-05,016ac660c79288138b5d6d3570eadc9d,2017-12-07
21abec9862e40dd6706f0eaecb193f4b,4d5a7808f06b45c09cb4ad809763ea27,delivered,2018-06-06 12:54:20,2018-06-06 18:12:19,2018-06-07 12:02:00,2018-06-21 18:18:30,2018-07-19,719ee3ac50d61a9b7bcbff1e01f79573,2018-06-06
b3e2b3c7117a01d7d57b74ed6b6272f9,5fc1fcba03edc46834dc1592f64b5d5f,delivered,2018-05-29 15:46:07,2018-05-31 03:36:10,2018-06-12 07:35:00,2018-06-18 21:22:09,2018-07-23,e415b70f2d34ae6bbc25299f4df91496,2018-05-29
d355c1d4bd77e3cd62085deff064434a,8e80b162ca67be702f8eea30f9759c94,delivered,2017-10-25 21:55:29,2017-10-27 03:10:09,2017-10-27 21:03:33,2017-11-13 19:08:41,2017-11-21,465b5aba99bc6d617f04baeb951e1083,2017-10-25
49b95140e13dd1a0bb7e43807433a026,31b52d74e05f45d15820344d0a11268f,delivered,2018-01-01 20:04:12,2018-01-01 20:31:46,2018-01-05 18:55:18,2018-01-23 23:09:26,2018-02-06,57e0586058ff27173616cfc65121e3cc,2018-01-01
7cc4f378e3ec48d51a94b7d0da4dbc31,bf4de82f32ef651f28d27c81bcda7407,delivered,2018-06-22 10:44:50,2018-06-22 10:58:40,2018-06-22 14:11:00,2018-07-03 18:28:41,2018-07-12,c0de68c9688745041397246020b26800,2018-06-22
04ffb64e3f80d17e95e1934561c8f64a,b1d5a1a3bbde8eabda72534bdb13e41b,delivered,2017-12-04 09:06:44,2017-12-05 16:42:17,2017-12-07 19:32:51,2017-12-18 21:38:17,2018-01-02,4cb8a4fe00ae2633976700cb4fbed9bc,2017-12-04
12619b9be5cc3665b3f36f1e4b4d0ffa,b7e5d35a0f8b9c0e53532e8a4088225a,delivered,2017-04-13 17:14:04,2017-04-13 17:25:22,2017-04-20 09:14:57,2017-05-03 14:00:10,2017-05-15,86c374f7d4e3e26bbca7c4de6d6acf7c,2017-04-13
1dd363f5595f370f90d2a8353444ff49,0c72332f2d8b30345087b0c5f24db393,delivered,2017-08-24 17:01:51,2017-08-25 13:55:19,2017-08-25 20:31:53,2017-08-30 15:48:53,2017-09-14,432dd9cb2a2cd01825b04cd6a5b1adfd,2017-08-24
d8148e06f2f2b366a0c8df064103223b,9b5aa2016736854a2aa4bd03f52991ff,delivered,2018-04-23 11:35:48,2018-04-24 19:24:14,2018-04-24 18:09:01,2018-04-30 23:12:19,2018-05-21,f6b422a441f27853e69f0a17f37a1c81,2018-04-23
8fd30f29e6d6c705f1f0e25868416d1f,1afc1b77214e5a8b985bca3997bb292c,delivered,2017-08-06 22:39:18,2017-08-07 23:10:10,2017-08-08 18:32:33,2017-08-11 18:41:53,2017-08-29,73456c2ec3db7fdc4f04d38bbf70fde0,2017-08-06
2baf80a0f30b1660ef1d0653314c04dd,2247fcbb5b0868e23a64ec1bdd6564ec,delivered,2018-06-26 14:25:06,2018-06-27 11:03:47,2018-06-28 12:56:00,2018-07-04 13:52:41,2018-07-31,e7073ad190896b5cb1afdb51bdb1b708,2018-06-26
6d0f0280ebfb3b857b70731c9df2158c,8c03553b0a2bbfac8eb64cd9dd356187,delivered,2018-05-13 15:27:32,2018-05-13 15:51:52,2018-05-14 13:34:00,2018-05-17 12:22:01,2018-05-30,8e7cbbeb18e0d3239832951d9062c818,2018-05-13
0494d7ef89583fcaf33a1cea4bcfeec2,533d844e0a43ffa5f3b7d6dbe40ebbc5,delivered,2017-08-21 19:05:01,2017-08-23 02:47:48,2017-08-24 16:11:31,2017-09-05 23:40:23,2017-10-05,a1076ad45e2928facb47a0fa1a5ae915,2017-08-21
8238b78624cf7cdf4fdb1a5e9906aada,9f8c81385c543f01610b9a061dcb900e,delivered,2017-03-07 16:51:21,2017-03-07 17:03:28,2017-03-08 10:53:50,2017-03-16 17:48:42,2017-03-28,f94e2292a0cd59da10f5641a88946f25,2017-03-07
34605af753e44da907f983de0082faaf,3efd5061c7c8d80b80b3f2b3a5e12f48,delivered,2017-02-01 08:42:45,2017-02-01 08:55:21,2017-02-02 04:37:51,2017-02-17 17:32:18,2017-03-14,13aec51202205c662b24202760e93a92,2017-02-01
171494d5a0a3d21f98268f2aa9314a18,b0cdc7ec79e9ddd066fd35f00add602b,delivered,2017-12-22 12:05:52,2017-12-22 12:13:18,2017-12-22 21:07:07,2018-01-03 18:37:44,2018-01-18,25c69d0f4bff4ad0b1ef59a2c17e4d88,2017-12-22
f8a9c0be5071e2ca36f561ad567b1800,40e141d432fb1a06f862197c9c0de0ce,delivered,2018-05-30 09:21:06,2018-05-30 09:34:56,2018-06-05 12:19:00,2018-06-13 22:48:47,2018-07-05,0fb339b78619d8180afd8d396af5adf9,2018-05-30
a7235101fb090a610fcbf53095fc12f7,7ebff563042d025850e4dd2508267fa1,delivered,2017-10-11 19:29:48,2017-10-11 19:45:54,2017-10-13 20:47:57,2017-10-20 20:49:52,2017-11-03,c1fd58a403b64c390deeac65e1b6347b,2017-10-11
093a57d9efa67214acc6fd5c5e1e01ae,57c0cb950e45449d5d43a9048383d0a8,delivered,2017-04-18 10:30:27,2017-04-18 10:41:58,2017-04-20 14:20:11,2017-05-05 12:06:17,2017-05-22,95b9cc03c38543424739337e55600069,2017-04-18
8dce53ad5166f6c592b532a4cd4e2aa7,b211cd56ba82a551739992c41f858f1b,delivered,2017-07-05 22:22:52,2017-07-05 22:35:09,2017-07-07 18:35:37,2017-07-12 21:26:36,2017-07-25,b61dcc55bd5f765b63ec4258be908497,2017-07-05
a0f2f8b0523207a13f02225bc812ed23,616b91d43810a9097e1ab529e809b950,canceled,2018-07-31 10:48:42,2018-07-31 11:30:32,,,2018-08-03,9dd72402ded5710a71a292483c61f849,2018-07-31
052514b6411113b9d1d289f49bf414e5,7a399cda317ad8719018d06ee6d2cbb1,delivered,2017-10-09 08:12:29,2017-10-09 08:28:19,2017-10-09 20:03:04,2017-10-24 22:47:42,2017-11-08,0cd41ee93e76560c87061ba807ba2413,2017-10-09
da33d249647f3e530bb7aa020a6cea69,2f836f5bd5dd397de1d5d0412834d3b8,delivered,2017-10-08 13:59:31,2017-10-10 03:26:41,2017-10-10 19:18:26,2017-10-17 22:24:05,2017-11-06,c65be08c1aa71795c706a5479446cded,2017-10-08
a54ab44ac042c598185c2c47236bd41d,c12a75d29dd96752f075cf3910771f22,delivered,2018-06-14 08:32:41,2018-06-15 02:37:36,2018-06-15 14:07:00,2018-06-21 21:17:38,2018-07-16,3db0ac778b83a68083f6129b2c26fe49,2018-06-14
2192c6f4e9ece5c4e0091fd7f4dc4456,0cb3c058486712c7b9b00675fc04b402,delivered,2018-07-26 15:22:44,2018-07-26 15:35:22,2018-07-27 08:53:00,2018-07-30 17:50:59,2018-08-14,b2e9a05d23ea17713b5d7799f2004f8e,2018-07-26
a4e84e3db34c5696f46c600ea20891e5,6e752ed2c9a8e333b6c074f8d2c5f028,delivered,2018-02-18 17:47:45,2018-02-18 18:50:29,2018-02-19 18:51:20,2018-03-05 14:19:45,2018-03-14,d883ef4b163317ee6a4ecc626f22915f,2018-02-18
7258f5b1cf840900c133d9f7192b7a84,9d394287cc0e0045079b25d2df4adf87,delivered,2018-07-09 11:48:34,2018-07-09 12:05:04,2018-07-13 11:18:00,2018-07-14 14:08:55,2018-07-26,d60483078c0c81748581f80d355bbcba,2018-07-09
0ec9178c102513dbaf788344446a3305,b9327bc06bdba60b82aae640ae35c41e,delivered,2018-05-02 18:37:00,2018-05-04 03:55:17,2018-05-08 09:55:00,2018-06-14 18:03:34,2018-06-04,620f711de51f36456115e5a213c97781,2018-05-02
ae785dd71169275eba0d44a30412aa17,1a0f3e7e61d2a1b7896ea1daff9d0a87,delivered,2018-03-05 12:49:00,2018-03-06 14:35:48,2018-03-08 21:39:53,2018-04-06 20:18:26,2018-03-27,071aa5566cf1f8175d6631107c6f8d61,2018-03-05
3f72f5304e4f8c8cd61260e86c8fa917,2a79bd6b8619530d1d3cc667733b9254,delivered,2018-03-21 21:33:45,2018-03-21 21:49:01,2018-03-23 00:51:38,2018-04-03 00:36:42,2018-04-16,0470bf3136b0be2cd577ab2d42f718cd,2018-03-21
4973b3b81af1585534c0b3de209acec6,723409d11424a9f6ea00c73150a9ee1c,delivered,2018-08-15 21:14:20,2018-08-15 21:44:12,2018-08-22 10:21:00,2018-08-29 11:21:38,2018-09-11,b6d926fdda95c5c475fe48cfd35435d9,2018-08-15
36eb3c711e799624b2138786f704d202,4d950685a82e9808218883d6be7b15d2,delivered,2018-05-14 20:02:39,2018-05-14 20:10:20,2018-05-16 14:01:00,2018-05-17 16:24:30,2018-05-23,2e65ee196632087d6595b3396bb5fddd,2018-05-14
5b48507655b462586747ad8e8e357f5a,64e20f73f3d7b5102461e9e66671bc47,delivered,2018-04-12 11:44:14,2018-04-13 12:50:35,2018-04-16 20:14:41,2018-04-19 20:19:13,2018-05-04,cb051da0b46e6c5a2584033a82356b8d,2018-04-12
3162e7a4bd72ecb02f89eba7df43673e,808edf32ba781b5b1c5875a56cfe402b,delivered,2018-05-03 15:42:09,2018-05-03 15:55:08,2018-05-04 14:53:00,2018-05-05 16:41:03,2018-05-28,a247a15216fff8c0dfde06ecdc550388,2018-05-03
fe1e111fae7024187f42e73aecff899d,2e558ce29b3e5b9d52c2e2791802cb7e,delivered,2018-08-17 21:23:04,2018-08-17 21:35:19,2018-08-20 19:37:00,2018-08-27 17:32:14,2018-08-31,3f2b84c2c216da65fe6920afeedd08b1,2018-08-17
7dde8d5a4f827143962fb226ff159518,884fd013ac3c2168d3ecfce9752a5c6c,delivered,2018-02-13 14:37:52,2018-02-13 15:07:55,2018-02-14 20:16:52,2018-03-01 16:49:28,2018-03-14,c0620de1af20307a7ca29ef9883760e3,2018-02-13
5f787bb3e0a01a4f347192157c036791,61954273c451808b32e15fb11dbf9116,canceled,2017-03-13 06:03:37,2017-03-13 06:03:37,,,2017-04-03,1c59342e76a300e2b2c41e239f50763a,2017-03-13
417a8cf8c81a07cfdabc86eb32055c88,4feb6dedc0e9d41874b07d6e021830b2,delivered,2017-12-22 22:27:44,2017-12-22 22:35:26,2017-12-26 20:09:21,2017-12-27 16:25:05,2018-01-12,3e465fef36c3e2a1742b5067f7a2178e,2017-12-22
37efc102e49c3219c6ca92ce169327c9,3031c30daeda4aeb801d2967c7269bb4,delivered,2017-07-20 18:23:05,2017-07-20 18:35:15,2017-07-21 23:47:46,2017-07-31 20:35:41,2017-08-14,bd4d35a669a4f67ab2f63ad6c96bf34f,2017-07-20
b7b5dee57b9829f64867e5c5d5dead9c,d848b943422d4209f6326dbee32c1373,delivered,2017-08-07 12:50:55,2017-08-07 13:03:13,2017-08-10 15:13:24,2017-08-16 22:12:46,2017-08-25,95228c0894aa5849a4fd891c01dfe7a6,2017-08-07
6b3cdbed424d70ab56266c0b3e5bb413,6a294ec7a846579c0f959db8704e0d91,delivered,2017-12-07 08:40:18,2017-12-07 08:52:30,2017-12-07 17:41:19,2017-12-19 19:14:36,2018-01-11,9ba9cbeb0e65c0fc310bd985c4ad7a05,2017-12-07
2717f8342150ce1ceff315167e350ad8,87e46a17040d87c365304152769daec1,delivered,2017-06-03 13:13:42,2017-06-03 13:25:12,2017-06-08 15:22:16,2017-06-19 16:05:27,2017-06-26,2b3c8edb70d2a928165d853add3ee4b3,2017-06-03
78ce488a8f58dbbb19e93dfd9d8d07be,54642ea10048a6edef2db04a848004d4,delivered,2017-10-14 07:42:55,2017-10-14 07:56:11,2017-10-17 14:28:05,2017-11-02 13:16:44,2017-11-06,d16ad2c87ec18e4f54a716866d508101,2017-10-14
c147eb82165b5b541fc943d0747eede3,17be06cc0afabcda984a489259f61d42,delivered,2017-09-29 15:35:18,2017-09-29 15:49:40,2017-10-04 01:46:33,2017-10-14 13:23:29,2017-10-24,62a90409f4c921a01d4422c4f79a0543,2017-09-29
60c16c9e17e36ec629293ce7daa6a9c9,b6fd5c47ae1a019bb093ea2333e47771,delivered,2018-03-30 11:50:47,2018-04-03 05:35:19,2018-04-03 23:12:29,2018-04-19 15:22:27,2018-04-18,ec8c45add12e10374c8497c32d9de71f,2018-03-30
5601fa41e5818b9941a6bdd21978b6ac,f52d6c5cdf9a2638cf24e11bd300c158,delivered,2018-08-20 23:35:44,2018-08-20 23:49:16,2018-08-22 12:47:00,2018-08-25 18:12:41,2018-09-06,2bda8b5ca873c93f2e13ee19397429c8,2018-08-20
bc7378e3329da5c228531efaaabb18ae,5562b9ca12dd2d9bc4deaadb6774e3eb,delivered,2018-05-12 10:17:50,2018-05-12 10:34:36,2018-05-14 13:46:00,2018-05-18 12:16:47,2018-06-12,5de99aeb246c239dfdb3db80bd8d8379,2018-05-12
fc18f2b39a405a27ba3597b24a5828b0,bf1e5a528dee21a009ea9b2e7562c1b6,delivered,2018-03-04 12:14:15,2018-03-04 13:21:28,2018-03-06 02:21:57,2018-03-06 20:04:42,2018-03-15,cb8c60bea46ab764494f484a7b275811,2018-03-04
7430885c75f59ac3b7526e69a5a21e98,2c524b1989927b7eccfc590b30e2f174,delivered,2018-02-12 14:34:27,2018-02-12 14:48:16,2018-02-14 20:33:26,2018-02-27 23:29:17,2018-03-12,15b44b3aaf9255a983365b2a175b4a65,2018-02-12
4f75047c80b9b0d12d31580b5f3008bb,b00465426080c324a8ec2b0b95b84cf6,delivered,2018-04-07 10:01:58,2018-04-07 10:10:11,2018-04-10 01:09:22,2018-04-11 19:07:18,2018-04-25,1106b22eb2900028010992c45b7f8298,2018-04-07
1a449404ebac257b30cbe56e6500d36f,4bd01021296a16c4b09eced359a39194,delivered,2018-08-14 12:29:12,2018-08-16 03:05:24,2018-08-17 14:32:00,2018-08-21 19:36:46,2018-09-03,e66900fc247846e82a8cc525ba94d87d,2018-08-14
1c4b283e95602be28c975207016558f1,caa3fad70b77994e203633b13ea16118,delivered,2018-07-31 14:27:06,2018-08-01 03:31:47,2018-08-01 15:56:00,2018-08-07 18:55:31,2018-08-13,b617fded6582af145caf2e8276e21a66,2018-07-31
a1f0d7a839bac074bdbd34af57df3522,c737d4dc1b25c6627f043d18945822f7,delivered,2018-08-11 10:59:34,2018-08-11 11:15:11,2018-08-13 10:59:00,2018-08-17 12:28:47,2018-09-05,a556d8605edbe68d8559410f3c54e42c,2018-08-11
414b9060105f0e1590abf0d629738326,10617eb08de4394dd08e19b5ca6e624d,delivered,2018-08-12 13:01:30,2018-08-12 13:15:11,2018-08-13 15:16:00,2018-08-17 22:48:39,2018-08-24,971805e691e4fcd4926ed761644b9d71,2018-08-12
bb5aa44bec3f6d4fa760ea726ec96d45,b0ea333373f15ee038166f4f0804875d,delivered,2018-03-08 09:24:59,2018-03-08 09:48:26,2018-03-09 20:28:45,2018-03-15 21:12:35,2018-03-21,4d046c07406ef0776be30bffb62f44d9,2018-03-08
a863affb6a47c4f9db158c4317174950,f2f8fc46c203702ae6880fe04ee11c7e,delivered,2017-11-28 14:16:21,2017-11-28 14:30:41,2017-11-29 23:18:36,2017-12-08 18:41:22,2017-12-26,79737b5a8b6850907b0a5392fd87f5a5,2017-11-28
1f01fe794c7b4f7066b38ad326c4bfa2,385a256091b789214a0bfbd295406bf8,delivered,2017-11-28 20:04:41,2017-11-28 20:17:23,2017-12-07 20:58:33,2017-12-23 18:41:13,2017-12-20,6145cae536fda9aa925d18971560ceff,2017-11-28
e2517c46af17605588f75af07711020e,3dd25f918986c79237adf34bf069fcd4,delivered,2018-07-15 13:34:44,2018-07-15 13:50:13,2018-07-19 08:54:00,2018-07-27 18:26:36,2018-08-02,132407ad851d531a5aa29dd804d4e7f8,2018-07-15
0ad9d4e4f4c9746b59ddb9c18d30d241,34a015971bd8681dda63a6ac74d6c825,delivered,2018-08-02 15:30:52,2018-08-02 15:43:53,2018-08-03 11:20:00,2018-08-14 20:56:36,2018-09-05,dc12569409e7f9dcd01e3449cb883571,2018-08-02
264c045399fb02e9f309f715c2e5f3d5,fb59a914d813f4032a12be492a6450cf,delivered,2017-03-22 14:05:51,2017-03-24 01:31:55,2017-03-24 14:34:40,2017-03-31 17:23:50,2017-04-17,2f1581691a6b5f54b075a067ef1506b0,2017-03-22
3e286b2b3cdfba0787bfddb3b98c894f,0d7913ebe7c29fc63f3f613d6ae604f9,delivered,2018-06-11 19:58:55,2018-06-11 20:22:52,2018-06-12 13:43:00,2018-06-18 13:46:35,2018-07-25,342fe087ebf7c9c9901bd4d2ab1a7ecb,2018-06-11
c783d28b6b50273d1c44505fb6276b2b,b8f48f9883fa05a9e6fa06367fce7e87,delivered,2018-02-08 12:37:34,2018-02-09 02:50:19,2018-02-16 22:16:28,2018-03-08 16:22:14,2018-03-07,21f8380c328a63d3b44d25da17545860,2018-02-08
6a645937a67633b590e3f491c0123051,c445d87053c4f9eea8ff61b550848adb,delivered,2018-01-06 10:06:00,2018-01-06 10:15:19,2018-01-13 02:22:09,2018-01-24 16:59:55,2018-02-09,a771101744cc44227a87d406a424a9d9,2018-01-06
edd96b4f322cd7181741044d2e016158,836760dcb82c039d393284e02bf6d7c3,delivered,2018-05-05 18:28:19,2018-05-05 18:53:46,2018-05-07 13:53:00,2018-05-08 16:28:41,2018-05-17,95c673245afd9e175e46590ea80fd159,2018-05-05
ee6830242df204d5290f7c4704464b56,b368cc425925f8ed96a9b3af761463a3,delivered,2018-02-23 15:31:06,2018-02-23 15:54:21,2018-02-26 19:42:34,2018-03-06 23:09:15,2018-03-15,25b7b65257b6b18564ced68d89645225,2018-02-23
037ce5266460af220f19d497b130e737,1fb2b3173fbb54f9f1cd14e45513f194,delivered,2018-07-27 09:25:33,2018-07-27 09:44:21,2018-07-31 14:05:00,2018-08-01 22:34:35,2018-08-08,4985c6f86aaf1460d9b6fdc74465a5a5,2018-07-27
b5e3ecf507a50073bb07d54786f46337,c3c64fb35dba7672405d04b173e09f1a,delivered,2018-06-05 23:41:55,2018-06-06 23:35:15,2018-06-14 14:23:00,2018-06-21 23:27:38,2018-07-16,246ef4748f64c4e716b4356d570967a1,2018-06-05
e68e94b6a14ff7711112ed20ae74ea3e,3a723250139d38a4d2eb9f12d73a9774,delivered,2017-11-24 17:03:45,2017-11-24 20:52:43,2017-11-27 18:03:06,2017-12-01 20:11:56,2017-12-18,42a3d307922e0b693e68b929f6661c4b,2017-11-24
dc8a9d1dc88367aef471e8e810c16ec9,229a82acdfc80e86ad990006c332e0d5,delivered,2017-11-28 15:26:10,2017-11-29 02:18:10,2017-11-29 21:03:40,2017-12-06 19:07:22,2017-12-18,2217c7e0ecc67ae53ab2a1b7c4c73fde,2017-11-28
90bceae1ce643ca4e7d4ba5639925f90,f5f7d3770d19c8d145d6b3d11b49a001,delivered,2018-03-14 10:28:29,2018-03-15 03:15:29,2018-03-16 17:44:51,2018-03-23 22:36:47,2018-03-26,185935ba03453d22a3450a56619f8df3,2018-03-14
bcfc900d23f41400778893ca87dc5219,d0bc71f7637a651cd69a6dfa7004cfc3,delivered,2018-05-03 06:29:17,2018-05-04 08:31:53,2018-05-05 08:40:00,2018-05-08 11:42:36,2018-05-18,608ff1908dbfc7455a65fc0168ad7627,2018-05-03
c412ea96a1bc4eb7f1a96cd61bbdc6b0,a58f63c9d52e1c3f3a753987d21d62a2,delivered,2018-05-14 10:26:58,2018-05-14 10:35:17,2018-05-14 13:31:00,2018-05-21 16:42:45,2018-06-06,675eaf41f9af7800cbdfe802d3d18761,2018-05-14
d288a830bb769fc15a7a29edf445e1e5,ba03ba4dc3409210dc18b3dbbcec2912,delivered,2017-11-24 13:44:38,2017-11-24 15:54:50,2017-11-27 13:54:28,2017-12-05 13:42:45,2017-12-19,04bb7cdad7b0b034c528545519ac8096,2017-11-24
a4ddd6b5c527bd3652847b3003b89cad,f8b493e54698a4115ab6958d72e11b6c,delivered,2017-08-25 00:40:37,2017-08-25 00:50:12,2017-08-25 18:52:29,2017-08-28 16:34:49,2017-09-11,d5ce12c78adbbc6c164c9a5afb6a057f,2017-08-25
6d9d2249defb1e5a1da402229dac3928,52438b631c1ceb4674e3a5a1fe586818,delivered,2017-08-29 16:53:06,2017-08-29 17:05:14,2017-09-01 19:08:59,2017-09-08 20:02:27,2017-09-22,39b0912fd210ab22b850b63a4034139d,2017-08-29
2e699b7e112d1e8013c93a50c27a3973,5f31c34eae6894ae0b62423bdce88bcc,delivered,2017-11-10 13:43:11,2017-11-10 13:55:25,2017-11-17 12:30:27,2017-11-23 19:24:47,2017-12-04,794c9f5fee2afaf613551d8177ede557,2017-11-10
cff46468993417e62aaa9555e5b06195,77d697d535b401291fd2a9efe2c9544b,delivered,2018-05-16 16:09:15,2018-05-18 02:36:32,2018-06-11 13:12:00,2018-06-14 20:35:32,2018-06-04,8831da2a67b7007cd92faef855f9fb52,2018-05-16
f9f55a148dc1cd670fc3c9ecc31aa1d6,7a21fb9a959b50e5cd75ee07a1ff098a,delivered,2017-11-19 15:11:59,2017-11-19 15:26:33,2017-11-22 01:33:01,2017-11-24 18:52:50,2017-12-11,b6e04915eb0292d96aef4dcc9bc87a90,2017-11-19
e148d34dad8db4dc18a911c2a74413d7,5ddcd01413e76d53e9ee604f43d65430,delivered,2018-05-24 11:28:18,2018-05-24 11:53:22,2018-05-25 13:16:00,2018-06-07 23:52:45,2018-07-03,35e09fd22573d28a0a49d82baa731712,2018-05-24
c5d3cee440eb83e631a641c4da2ef16f,06c6f4eaf3c4f75577aced1da71c244f,delivered,2018-06-10 23:04:44,2018-06-10 23:15:20,2018-06-11 09:39:00,2018-06-23 17:19:24,2018-07-13,5ec139ae8a8a28c349ba778d9f012f9e,2018-06-10
f7b13a5afd48ca5bcf589a25d5377b00,d791834a0555c0062e98d735083f4373,canceled,2018-07-12 12:14:56,2018-07-12 12:30:12,,,2018-07-30,f2a29b4d4c04184a9372bb7374d344ac,2018-07-12
ca6bd54a877cb432b4fb96afe8f6edff,3ee62dc0cd0fa17be76cdf402d7f94a2,delivered,2017-02-08 23:56:06,2017-02-09 00:31:50,2017-02-13 16:15:25,2017-02-15 08:34:32,2017-03-08,cb514ab3f0b2a8b0492c1f5c126ff614,2017-02-08
8240adde075daa46a7635c1fb7bc26df,9a6fd60a950b42557e63ba370a5e27c6,delivered,2017-07-15 20:30:08,2017-07-15 20:43:36,2017-07-18 21:43:59,2017-07-27 21:08:11,2017-08-10,91b19a866437a260f35bec9347812188,2017-07-15
fbfb6fccd8f50100dfb9a416960ad0f5,4f94061eba21fa299f68bc2a58da138f,delivered,2017-07-31 16:36:32,2017-08-02 02:55:15,2017-08-07 15:45:42,2017-08-21 19:03:00,2017-09-11,78f30238b3ff880de0f5a9e86721a38d,2017-07-31
8a978fd62dcc5d4c42fe95a394f718bb,1c63bb604d3d1925644f1449af9b9a61,delivered,2017-11-15 01:44:28,2017-11-17 03:35:46,2017-11-17 21:02:38,2018-01-10 00:04:39,2017-12-18,ec3ebcf0bea49433630c9eb3c32dcb78,2017-11-15
ddda97894b0f0b42d8e7a4f28dda93a6,f32232e21eee956c6c2bd9e6457ae670,delivered,2017-10-27 08:45:30,2017-10-31 03:55:29,2017-11-01 18:49:30,2017-11-06 15:41:46,2017-11-10,25525a48aeda8d0faf22cf8583600123,2017-10-27
ab7544e83b5c2c2408039d0700064951,540b55779714563d96aee5c6fc8728bf,delivered,2017-09-17 16:10:42,2017-09-17 16:25:18,2017-09-18 20:07:04,2017-10-02 15:34:09,2017-10-09,37b7895669a6896a9d2b4740eae0ebd1,2017-09-17
d4148052141383039b68bbb6bd525f3b,f3c52e9863e8cfcb77e896e4a75be1b3,delivered,2018-03-20 18:09:48,2018-03-20 18:28:08,2018-04-03 19:38:39,2018-05-22 15:52:29,2018-04-26,e4f9bcad0c607f8793a0cd5943d11dd4,2018-03-20
74f9bd2026845a5fd61c4dddd3a54503,8cd815c4851d1692f63dbc8b1231a19d,shipped,2018-01-16 13:31:29,2018-01-16 14:32:31,2018-01-17 19:22:39,,2018-02-02,655e4e8e995685ff9d2adfa2268a0804,2018-01-16
ab51bb38b6e7c106b180842ccae7c07e,be59d1e735bcfa28082f235468e3245c,delivered,2018-08-08 15:18:04,2018-08-08 15:30:17,2018-08-10 13:52:00,2018-08-15 15:37:48,2018-08-20,f9dc332cdae62a3f28c110b32af7930d,2018-08-08
6afd909a05ed31cc089bc63300ffc2e1,245f25690dd45fbd1e15f4941d9a6439,delivered,2018-07-25 18:33:29,2018-07-25 18:45:14,2018-07-31 14:01:00,2018-08-02 14:41:47,2018-08-08,0042dfa8925d6eb23e471ec350454f04,2018-07-25
22123477211e85bfeb19060481d02135,c924a61b4c49f29bdf7336649d89240f,delivered,2018-08-08 11:35:12,2018-08-08 11:45:22,2018-08-08 13:53:00,2018-08-16 23:55:47,2018-08-22,9c0284191406869263a38454cd28fb7d,2018-08-08
c96e52fd91fc51921c9ed964b468d9e3,20a043e654e799b1b633644c0f1e17ed,delivered,2018-01-22 18:15:21,2018-01-23 03:37:48,2018-01-24 16:42:57,2018-02-06 23:59:37,2018-02-15,b1864f5d9956fb34462e9d9e43e43cee,2018-01-22
90f70c93b68739ab031eaa26a03c1620,d06bac79a0cb6c8f12358a82a468f1b1,delivered,2018-03-01 22:07:12,2018-03-03 02:50:46,2018-03-05 18:05:07,2018-03-14 23:08:33,2018-03-22,bbe77ad0e1396a59c31ce6ffcf306539,2018-03-01
901b43947af8cf93ba28921adc6bbb8b,5039a0deaaeb41b8cd4135964d681bb6,delivered,2017-08-28 11:38:09,2017-08-28 11:50:18,2017-08-28 19:27:33,2017-09-12 22:30:03,2017-09-20,68ca93eabad1754a95c962204a0f9bbb,2017-08-28
eb3c2af8fb549b98c453e7bfb641da91,9323fd17ec223b6127816f5a6b2e99bf,unavailable,2017-05-09 09:37:25,2017-05-09 09:55:25,,,2017-06-05,d0449005d6f06d09b2d12cdada834a85,2017-05-09
7140f1766a80ed09f082a42b25dfe173,89d340cae0f026247da19f8973eeb46d,delivered,2018-05-09 11:25:38,2018-05-10 03:49:47,2018-05-17 13:38:00,2018-05-22 14:22:18,2018-06-20,44a3dcf91e59e3aae6fabaa4992e3710,2018-05-09
8c389c12aa23b689926d20a01729206d,c8fd59bd341fb70b98b85a0a01e4def0,delivered,2018-03-05 20:13:00,2018-03-05 20:28:46,2018-03-07 23:29:02,2018-03-12 22:37:25,2018-03-26,5b40b6d003822b8ff229a910784fe4e5,2018-03-05
26e66858735be44e0f1875beba05fa56,5df59f65c7e2d277e3cf59d76dc2fa80,delivered,2017-08-24 22:10:43,2017-08-24 22:25:09,2017-08-29 19:13:52,2017-09-06 17:46:33,2017-09-20,6ed3f81cb9b42ed4575577a07d647651,2017-08-24
cd62738b275de1aca104da8e9ee761a8,e3f390f6f590be2be7cc0c05cd54ece6,delivered,2017-11-16 12:18:37,2017-11-16 12:30:41,2017-11-22 21:22:52,2017-11-24 21:02:12,2017-11-29,9475b70c3d9add279a65672fca348944,2017-11-16
a5903a529b9519a24ef2252f50a19cbe,02d683623fe8a7afb049181a823afefa,delivered,2018-06-02 10:26:07,2018-06-02 10:51:14,2018-06-05 08:08:00,2018-06-12 19:12:17,2018-07-12,651de09e1045c7dda126e0227f81e531,2018-06-02
cbdf8cd4ae312edc69cf3452d01f0671,74eedbe716163c409e8fed50c1aa6d68,delivered,2018-06-24 18:53:27,2018-06-24 19:20:13,2018-06-25 11:26:00,2018-06-26 18:04:10,2018-07-12,db4bbb056fbe0295f71a36271c3d7351,2018-06-24
afb8aeea3fe0100ad482da1f5c8cd860,0ad854ccd5f47d7c60dc5f0312901d6d,delivered,2018-03-02 09:35:13,2018-03-05 10:35:47,2018-03-06 18:36:59,2018-03-15 22:58:27,2018-04-03,e1e7a6e3c953147992de99d242421926,2018-03-02
ba51874504000c8e2b9d439d66b6b099,1e9d08279906bfa93811f5d8b8c92523,delivered,2017-04-01 10:30:09,2017-04-01 10:42:21,2017-04-05 12:42:57,2017-04-11 12:22:35,2017-05-11,7976816fe0dc32e630bd83d0e7295a33,2017-04-01
4dda84ad43d105c6d3b73004b4f647ba,fdb36c22d41b103254e36859f1ed9b17,delivered,2017-08-16 09:48:02,2017-08-16 10:05:14,2017-08-17 13:14:00,2017-08-31 17:16:36,2017-09-20,fb4accbcbcd54672a8a8b195d9ff0ec8,2017-08-16
c2411b9c7822d227e3e48018405a0594,464ad1fa19f2a649e39193e5c98b8300,delivered,2018-01-25 23:24:56,2018-01-25 23:35:37,2018-01-26 20:19:09,2018-02-02 21:19:12,2018-02-09,c3d0ee564fc089ca29e86029511c3d62,2018-01-25
96c46a67e142856457aed166609e8ce1,f2958abbb4f5a35fc8a7eddebe58d30b,delivered,2017-07-26 19:10:49,2017-07-26 19:23:09,2017-07-28 18:42:10,2017-08-09 19:44:51,2017-08-18,5e607fe6d2e4346aa301d9b1d0a4292f,2017-07-26
8131a21c0655540d820b50ab3e4d4d14,3f4b51ef2a752bb1a40f1d9415f053be,delivered,2018-01-03 13:33:18,2018-01-03 13:45:23,2018-01-04 18:23:01,2018-01-17 13:42:25,2018-01-19,97db45fe1740ac908ac777020bc89260,2018-01-03
260799d8b7f9539cd4cd5a5e513a281d,43a19c990dbc81b4b1c64ace0bbf8539,delivered,2018-03-18 11:09:02,2018-03-20 03:28:30,2018-03-21 12:26:48,2018-03-23 00:07:50,2018-03-29,eaf829ee334803be03b248a4002cc189,2018-03-18
01721e0729fcb75ab238248fdbb48eeb,db14d5544e26caec33796e6d85486585,delivered,2018-03-19 13:31:24,2018-03-19 13:50:05,2018-03-21 19:04:08,2018-04-09 14:48:48,2018-04-12,e26281cbbbba524e191f8fdb2e17d467,2018-03-19
2ce193276df0831b86cf55d9c47ce8a8,660dcf8706abc500a8167cec69994720,delivered,2018-07-13 22:24:57,2018-07-13 22:35:19,2018-07-16 14:29:00,2018-07-23 18:33:42,2018-08-13,dc7ea6b166e65280eb0b57a9b24a2fdf,2018-07-13
00cb9736c0b43d6c1e2fbb2b88e69f6a,d73144ccd5680a3ed460ed34939c036e,delivered,2018-01-29 10:23:47,2018-01-29 10:39:33,2018-01-29 21:32:49,2018-02-16 19:23:12,2018-03-05,d53adc63203c98ec017241bb7571b429,2018-01-29
614c5211366c8eba5a0e31614d3444be,973c05ee535382752971820651767808,delivered,2017-07-17 10:51:44,2017-07-17 11:05:27,2017-07-17 18:23:57,2017-07-19 19:34:51,2017-08-04,4d6fa876dd1a11ee86a4bf1424a7e9e0,2017-07-17
d7b5f5a646cd59806a9e62d58f59fd75,119a9ef452d2d57f1e9273cb14ad7f20,delivered,2017-12-04 18:21:14,2017-12-04 19:04:42,2017-12-05 22:29:07,2017-12-18 21:52:05,2017-12-28,8855a1f48c0ea03eda049ae80ec56bfb,2017-12-04
c81450deea020167372bd36d6af3073b,7ad2923d155f5b99d26250b4fe0acb3f,delivered,2017-12-07 10:16:49,2017-12-07 10:30:25,2017-12-08 23:16:55,2017-12-11 16:49:06,2017-12-26,d385eb6c319173b0b36f4c680d80cd24,2017-12-07
1db24bbe4efc4770290d45aba1859d8f,7004621c5c13e35086dc0e1f0a4bb19f,delivered,2017-08-22 09:49:06,2017-08-22 10:05:52,2017-08-23 21:42:08,2017-09-02 16:27:48,2017-09-22,2d73cf314e62b185990cbbf4a0d5adab,2017-08-22
63154c299d1199262f60527437e156a5,b2d844119e557e4a04d7acff5870e62e,delivered,2018-08-06 15:30:10,2018-08-06 15:44:42,2018-08-10 14:21:00,2018-08-15 23:56:39,2018-08-20,167598f3b3a218d8e76d71ee3f1fb6fd,2018-08-06
5ce15ec3d65174e3ebfd1d12ee096fb6,405835f2dd9f1e03e48f2531ac2018f0,delivered,2017-02-24 09:27:44,2017-02-24 09:42:55,2017-03-02 17:43:36,2017-03-14 11:47:29,2017-03-27,c74f33f8921f86511371450f0655d4a9,2017-02-24
5b66cfa802ab8ec833c1b80d28788f4a,41c8303028d145b20dfddccc9fb09262,shipped,2017-07-28 23:29:24,2017-07-28 23:45:17,2017-08-02 20:16:05,,2017-09-01,63efeaf40dd3d6ddb20b6d1cdcc03581,2017-07-28
2b24fab07cfb3ca5b34f71a8b9934fde,e073ee9356bfef110cf4834bb89646f3,delivered,2017-11-30 10:26:58,2017-12-02 02:51:35,2017-12-12 14:58:27,2018-01-24 20:55:35,2017-12-26,dcac756935b519b5e264b4f496c1b9c9,2017-11-30
de88fdac933df6da5421631550f027c6,9aae457bd5b5e8d016296183eeb6c83a,delivered,2017-12-13 14:11:15,2017-12-14 02:11:50,2017-12-15 21:43:08,2018-01-07 15:05:10,2018-01-11,d248ac4f3e0b8f3e27f63414a4e61622,2017-12-13
b5abb8bf256812ff9e3632e72e6e9bc1,86d6acc63819436badea3a80f627baec,delivered,2017-05-03 13:36:01,2017-05-04 03:03:04,2017-05-10 10:43:36,2017-05-16 09:43:01,2017-05-26,d535100c2f6bfd9896b6bf27703204f6,2017-05-03
cfc1cc329b18565c0bdb4aa77d042c93,490bdfaadbbec3b4bed71410e2adbb15,delivered,2018-04-17 15:54:32,2018-04-18 02:11:18,2018-04-24 15:48:25,2018-04-27 17:08:43,2018-05-15,a7444a1b286273cf58c731ab0903882b,2018-04-17
25850021261764efbccacf5e29ed13f7,a3a7a7f97735f35a7b3f2cd88804e790,delivered,2018-05-18 16:29:43,2018-05-18 16:58:00,2018-05-21 09:45:00,2018-05-25 17:51:38,2018-05-29,2e1d9b01359126960a50a379dbafa00b,2018-05-18
a3c53273ed47fb96dac35247ea42a371,e2ff48f36d5fae7a4b203af47c9dd28c,delivered,2017-07-19 02:59:17,2017-07-19 03:10:08,2017-07-19 17:49:45,2017-07-24 19:16:15,2017-08-10,e232239016bf8e25c8b619dd9017bbe3,2017-07-19
2ad6335dcfe920814c1cb0404c2bbbf4,3d2f1b957f2ab1d9e0355ba357544765,delivered,2018-05-08 22:14:57,2018-05-10 03:36:38,2018-05-11 14:13:00,2018-05-16 20:08:42,2018-05-25,5d00156d7d13ed64df06370cd0061cab,2018-05-08
ae30244c8470e653da0ebd82be453b8e,0d96322bbb3ebb688fc30c1a1aba3e5c,delivered,2017-12-11 21:50:38,2017-12-13 21:49:08,2018-01-09 18:36:47,2018-01-19 21:48:51,2018-02-05,8c9fdd93b77b8164ce7ac6da44813fb1,2017-12-11
40446434c53465a79e399826ce1723bf,b6d5df849766f3af1224b878dfbd4b14,delivered,2017-12-06 15:07:39,2017-12-06 15:15:29,2017-12-07 13:15:27,2017-12-19 22:35:04,2018-01-04,62664a065b5b0379a4c931ffeb646d86,2017-12-06
eb37544121736af22008931c8e3c30c8,f282ca1cad395842df66c466afdb7192,delivered,2018-06-19 16:49:09,2018-06-19 17:26:26,2018-06-28 14:15:00,2018-07-11 18:51:38,2018-07-26,da5541262d0f00a6d57572f3aa1af41a,2018-06-19
aaa69c5aba2f6b490490257c4195e5b7,8e7d1141a6215378a176dcdabbc6ebe5,delivered,2018-05-15 22:33:45,2018-05-17 03:16:26,2018-05-17 14:23:00,2018-06-04 22:48:51,2018-06-06,f72c4e2b6388e3999f569fb70613253e,2018-05-15
7652fbc918bcb58171f18ea78031a986,453b016d1aa90100969032ca4efc7b8d,delivered,2017-06-21 14:03:19,2017-06-21 14:15:19,2017-06-27 11:18:01,2017-07-05 15:12:19,2017-07-13,009671b5dc80cdf32aeb5850868ba81c,2017-06-21
62ff10e32649e2f8d65d3acf35c67580,a51697fb881f6f08a3780d094ecab25d,delivered,2018-06-28 10:07:25,2018-06-28 10:31:26,2018-07-03 11:58:00,2018-07-05 16:04:07,2018-07-20,ad98464621bb87d9ca6b6142297d47c3,2018-06-28
098e78dea9fc1a1e1e49c220f27dcea4,4a6ed71930a8dcd917e76a360713582c,delivered,2018-06-16 08:33:44,2018-06-16 08:58:54,2018-06-28 11:18:00,2018-07-11 17:44:59,2018-08-03,afff0a82d666cefe84a5bbafc923f8cc,2018-06-16
eb28ab50f433eaa5e736e420098ab5bb,e82943f014b3bbbc9a6f7bbc9c7e225a,delivered,2017-10-24 23:45:11,2017-10-26 02:57:07,2017-10-26 18:55:48,2017-10-31 21:38:48,2017-11-10,923aff16dec33ca44db15e57aa2f20ad,2017-10-24
a6d934d331efb68761bccb25bc87d170,50ecbfb5620e40761c024319ff82597f,delivered,2017-06-05 09:56:03,2017-06-05 10:10:18,2017-06-06 16:33:45,2017-06-09 11:55:35,2017-06-29,6e2465816ab70ec55d67bf126416126a,2017-06-05
84f788243b8e0583367e3a10ceee9457,11a146e1036640e0eb9c57b047937115,delivered,2017-02-16 12:58:36,2017-02-17 13:05:46,2017-02-20 12:21:38,2017-02-22 21:45:54,2017-03-15,f4b91e90a1ffcf409c614d8a2db3bc1f,2017-02-16
0d8da831bc2c714f49c5f8a7a3c98c3f,f36d332032fc3052fd5e3db3f5072bb2,delivered,2017-11-20 10:59:33,2017-11-20 12:14:47,2017-11-22 19:52:11,2017-11-24 19:48:38,2017-12-01,7e809372b197f253ec72beb3d39d9eda,2017-11-20
dfe7353903177f63322383393e2111bc,027e8c3fbdb7694e9b0824865a13388f,delivered,2018-07-08 13:01:22,2018-07-08 13:10:14,2018-07-10 13:53:00,2018-07-13 19:36:53,2018-07-27,151f3b0207ea2247b72617be036ba291,2018-07-08
8eb24c188d84ebe158dbca10d4799e47,6eebf7aa3101947d93e829103bfbe1a6,delivered,2017-10-15 12:58:53,2017-10-17 04:09:38,2017-10-20 17:06:02,2017-10-21 12:23:25,2017-10-26,d9dd7b696cb7756e8b1e4114f567b130,2017-10-15
b0328b109f45385c8736506194da39a0,15e434f0b851bcf791f079859e01ce9f,delivered,2018-01-22 12:27:58,2018-01-22 14:54:09,2018-01-26 09:12:06,2018-02-06 21:56:01,2018-02-23,8b699bd48aedb9f41ea2cffecc28a443,2018-01-22
9344079d5fbb7dd79af908b7eb667db7,be169d57b327a59f2db49cffdc6caf13,delivered,2018-08-28 15:11:49,2018-08-29 03:15:39,2018-08-29 09:47:00,2018-08-30 17:28:28,2018-09-03,23e6a9d387ba03e2099233222d7635cf,2018-08-28
9903b060ffcaca9244088e1f834fde2e,f5f98b8b49e81546b497efacf2b9a261,delivered,2017-03-12 13:45:19,2017-03-12 13:45:19,2017-03-16 08:37:39,2017-04-03 14:09:40,2017-04-07,e6b42f1327efa99bad737d11b2d9e216,2017-03-12
ee8bf4127ce5d16fe9b6e5a9a58a17e4,073ebb17283da3efb59b430f7efed1a8,delivered,2018-01-20 20:03:39,2018-01-20 20:20:19,2018-01-23 11:18:01,2018-02-01 18:03:01,2018-03-01,3e745dac108b8663f280d13690334f94,2018-01-20
2565582c3ffde36251dbe19595831796,8b880ab73383ab5b2d89b1433cc10883,delivered,2017-07-16 18:21:08,2017-07-16 18:30:15,2017-07-21 11:13:40,2017-07-28 17:59:04,2017-08-08,1f64401d6544c420706208f5ba68878c,2017-07-16
f34699737a8024355fb671195506a38e,7c48f7c0d3dc263cb9c47536730b1b7c,delivered,2018-01-26 16:04:34,2018-01-26 16:19:42,2018-01-30 19:33:52,2018-02-08 12:57:58,2018-02-19,83ec837051b48b7b5bd1c090ade0b5ef,2018-01-26
17229fc3b255deaf774bd892c1673951,70685ed2b54ea53d14b41a1e7c57b06d,delivered,2018-06-04 12:12:32,2018-06-06 02:54:27,2018-06-06 11:25:00,2018-06-13 19:18:49,2018-07-05,81886a904fd1466adf8129fc130982af,2018-06-04
65fe7f2628dd3b6f2d27c15d098517d7,3f0ea2f859e89614d988f285da85e2c3,delivered,2018-08-24 17:59:20,2018-08-24 18:15:09,2018-08-28 09:26:00,2018-08-29 16:41:04,2018-08-31,3d4f12dece1264e5d6321f1b7f003336,2018-08-24
4aaaefa45fefe779e9ab924f17eb4999,b2ec0a5ded4fe96d741176331bc08670,delivered,2017-11-30 22:06:34,2017-12-01 10:30:57,2017-12-04 21:07:14,2017-12-12 18:28:38,2017-12-26,7172940aa2457f6235a03681d894578d,2017-11-30
9ac9cdfc539eaa872e8d0c652d660e6b,dc099664976e53ce3c32de9b9d7b321b,delivered,2017-11-19 14:03:22,2017-11-19 14:15:23,2017-11-20 20:43:52,2017-11-24 20:24:42,2017-12-15,740b9a28b39035534bf3425b19016263,2017-11-19
bfed0a7badf0fead6a8afff1f945ee51,d0299904c5fa5e5937428d93eff7a783,delivered,2018-01-29 20:19:55,2018-01-29 20:52:02,2018-01-30 22:53:55,2018-02-01 22:05:53,2018-02-21,d7a9f47a1c943e087a775dc2f9d43eb3,2018-01-29
4efbb5172eeaa8a9dd5a9483cfae3637,0b50844de62819a161d73310474dcef9,delivered,2018-01-18 09:10:39,2018-01-18 09:17:20,2018-01-29 23:58:52,2018-02-05 20:48:43,2018-02-16,537fe5315288be6b20dc092311029070,2018-01-18
1150c73ca4c9c78e59170256f8b93e16,4766d0158128ca5a8d6c2171d952b0bb,delivered,2017-12-07 10:09:10,2017-12-07 10:17:27,2017-12-07 17:49:47,2017-12-08 15:33:46,2017-12-26,54e9f0e28137f3e89ef79d32704ec303,2017-12-07
e75d059453904de3d7f754515669b3e7,c46061cd5153f35604f9e9a2130df702,delivered,2018-03-22 17:25:27,2018-03-22 18:05:36,2018-03-23 19:41:51,2018-03-26 21:33:34,2018-04-04,84a7776f914ff19505e44effba86455f,2018-03-22
56d77d50d54aa1f038e28f269311b4d3,5e3448d638142fc5e6790f88cff5c44a,delivered,2017-11-26 18:20:51,2017-11-26 18:32:53,2017-11-28 22:54:22,2017-12-05 20:27:04,2017-12-20,6fc943c14563d7d3c767b0943755c398,2017-11-26
8f50cc58ca77e14764fb138fcbde2b5c,49b7f4b8c8763e53db25cc894be8cfc7,delivered,2017-10-16 10:16:48,2017-10-16 10:28:19,2017-10-16 16:43:37,2017-11-06 17:11:42,2017-11-07,e68e23cd8dc8440920cb41fc7abf5f2a,2017-10-16
d9ca61396a9cb4e2dc88b06f7fc8df70,58a08ffefd8334e53a2250ce99828c61,delivered,2017-12-09 13:31:40,2017-12-12 03:49:54,2017-12-14 00:38:59,2017-12-26 19:22:27,2018-01-10,c401ae891b4914d5154f4bb02d8d014d,2017-12-09
aa4bd1aa4ff7249ea156343f704478a0,d39cfc95a6ba2cbd9cfa6bb862fd8d77,delivered,2018-08-18 09:47:18,2018-08-18 09:55:14,2018-08-20 08:49:00,2018-08-24 20:28:32,2018-09-12,aad1c7f54ec632ddf6ac8b080b27cd27,2018-08-18
2cbc46ff3ce1f5fb3c5ccdce7157b8fb,2985a69f43a3e22e6147e29d5af17093,delivered,2018-07-15 18:01:16,2018-07-16 18:31:30,2018-07-17 15:44:00,2018-07-23 20:48:33,2018-08-08,ba2da7dd06ec9addbc1193c8f314f09e,2018-07-15
c617d0b68da07a11637ca641f467fb9e,2cc1a78f75112803b9530faa8b01a81e,delivered,2018-03-05 15:55:21,2018-03-05 16:15:49,2018-03-06 20:05:42,2018-03-10 15:43:44,2018-03-21,d13b88a28ea8065fe26fc7548f9f34d2,2018-03-05
87cf2adfb8afa786cac2d49bab89d389,1c6579ddbb2f786b7e5749ee5a227b14,delivered,2018-02-14 15:27:34,2018-02-14 15:48:04,2018-02-20 20:26:50,2018-03-14 11:56:41,2018-03-16,812507a0e65151f744bc39ee47915ac2,2018-02-14
f8bae43b5bec9eb0d3ae12b8d3b72884,2ca4b915b2b5180d7fb15f433032c6a3,delivered,2017-11-19 17:38:58,2017-11-19 17:50:33,2017-11-20 20:37:07,2017-11-29 15:57:05,2017-12-12,4b959a062cba2dfe4f9dd7eebf597190,2017-11-19
5dd92537254a116aef59638c895dc4c4,cb3854593d940470990944eb8e8d44f8,delivered,2018-01-05 21:25:29,2018-01-05 21:36:24,2018-01-09 18:54:30,2018-01-16 23:45:56,2018-02-02,438ee0f8f389fbef86f0161d37fcf7a6,2018-01-05
da309a63c2221b6b10cc09ee29c9a1c6,e40ecd3ecabf7e589cb4974ff0d36979,shipped,2018-03-14 22:39:13,2018-03-16 03:45:26,2018-03-19 17:03:14,,2018-04-02,2bab6bd5b16791a80f2bbf34af56a2e8,2018-03-14
14f1fe61fec0f60c84af122793ddf0f9,c315dd3d73c2a07103f3c49f6cc9e19a,delivered,2018-06-12 08:43:30,2018-06-12 09:01:59,2018-06-13 12:32:00,2018-06-16 16:42:26,2018-07-03,b749c55741704d0895dcdd693bb7ddbc,2018-06-12
1ddb26b7e0414dad836e1a828c8ecfde,f159bff6ec40685dbd89b0790794cc90,delivered,2017-12-15 02:49:48,2017-12-16 02:37:38,2017-12-21 22:48:42,2018-01-06 15:27:39,2018-01-19,1b4296364ef61b9e1544fefa67de6d2c,2017-12-15
2787b157e624680cffc26163900e2543,119053da640dded32c4fe454527f73dc,delivered,2017-06-20 09:16:50,2017-06-21 09:10:12,2017-06-21 21:03:47,2017-07-10 21:07:43,2017-07-20,8502c8109cd30372f8d8e9ca8c2a716a,2017-06-20
87a99c9be1a72ccd14a90ce72e2544c3,80cb3c3b83d869aba61142daa276a508,delivered,2017-03-22 16:32:14,2017-03-22 16:32:14,2017-03-24 15:22:15,2017-03-30 12:47:47,2017-04-10,a7dc833c94604f2f5636f4af2fcddd4c,2017-03-22
18af086e1527bd81145db05cf74a0188,d0dca9fa8ba474fb83bff280931f0bd1,delivered,2017-04-11 21:07:00,2017-04-11 21:22:24,2017-04-17 16:08:10,2017-04-20 14:27:26,2017-05-03,e7cf222a194b3cd7ac2c6afb7fa8d6f5,2017-04-11
fb76ca91d6aa4a18429f91a8991355c9,a5d66cfedb4fede833ea22d0d53a8a84,delivered,2017-08-19 20:46:24,2017-08-19 21:04:25,2017-08-23 18:42:18,2017-09-05 09:17:40,2017-10-02,2f7c8c8386941ce0ef458ca7ff304123,2017-08-19
9ea96fb95e4f5580a50a0dca1e9ae212,bac08432f3a6d4d52148ef6fcdb645fc,delivered,2018-07-31 17:27:43,2018-07-31 18:31:04,2018-08-01 15:46:00,2018-08-04 20:38:38,2018-08-13,5dd951642f5b3235daf210585691243c,2018-07-31
54243ef50fa7c7f650224a26f43bb90c,9992dd6e05230ed6258a1e7fd24d34dc,delivered,2018-07-01 12:18:03,2018-07-01 12:30:13,2018-07-03 12:22:00,2018-07-11 23:32:44,2018-08-03,756d6380300264d58952966c08edb1c5,2018-07-01
b362e77722405d304dc6fb5947ea3bea,f62c129511fd69648c45b74571444807,delivered,2017-09-05 21:43:55,2017-09-05 21:55:13,2017-09-12 11:46:42,2017-09-26 20:08:14,2017-09-28,7e9a6816b16e741309a79f3b55df4754,2017-09-05
a257a1b730eacbbf17f67bfd45703f8f,50fa790025bcefae879b3c497abf5f33,delivered,2017-02-13 14:48:03,2017-02-13 15:02:50,2017-02-14 10:31:54,2017-02-20 11:27:52,2017-03-10,7d0afa050beda0bcbdbe4f021eddb835,2017-02-13
304c4a8ef20139552992b5377ef4a113,471084a5a72b0eebf59b306a9a125643,delivered,2017-08-14 17:29:46,2017-08-14 17:45:29,2017-08-15 17:10:23,2017-08-16 20:23:48,2017-08-29,2a18f594fb3541a8f06e5ac01cbea8f0,2017-08-14
188f31b5ce7e58114dc03f7d6289f9a4,61691ca23f39f8e8e2d01afdc2f00e41,delivered,2018-06-15 16:04:04,2018-06-16 16:18:19,2018-06-18 13:09:00,2018-07-08 18:11:06,2018-07-19,74092b9d4919431b8b4c02fd8569bccd,2018-06-15
ae86d34df00588adb32b46f5019f7516,96cdc262f3e83639c49bc5208b416d9a,delivered,2018-07-18 13:11:04,2018-07-18 13:25:14,2018-07-19 11:29:00,2018-07-24 18:38:39,2018-08-01,9073d24f5628a0ffdd7f9c686f7f3f5b,2018-07-18
f0e74c12ef7d4fd25bec19ecddee5438,d038105cb35ab8f8b3c0575e00873058,delivered,2017-11-22 14:45:54,2017-11-22 14:55:26,2017-11-23 19:47:08,2017-11-28 19:48:56,2017-12-12,24fc2d6f4c3339820a1a3746a125f8c5,2017-11-22
3399f91082946658c51c68a6562560ff,5609249b15221c011b00969d55035f06,delivered,2018-07-22 16:54:28,2018-07-23 12:32:35,2018-07-24 09:33:00,2018-07-31 11:31:48,2018-08-13,cb47c30dd1cf3d5db1f6a2496b165712,2018-07-22
0e2783bb1c680d7ff6b56a267982e44f,ef7e468943cc8d80fe84e845e5e5213c,delivered,2017-07-05 23:45:00,2017-07-06 03:55:10,2017-07-13 13:52:11,2017-07-19 13:26:48,2017-07-31,4f7166ab9a95fa503e670f682487466d,2017-07-05
e133484bb56ab62cab0d3f31517d28be,96d6283afdbfd60547b78e923743a9fc,delivered,2018-03-16 20:11:26,2018-03-16 20:30:19,2018-03-21 19:11:09,2018-03-24 16:23:33,2018-04-04,bbe8d8b7d1f8e9fd6b7bc9fa705ed1d5,2018-03-16
4464462d945bc41b8b7cc74d04722969,a45f5a73ee713a736acd6e75c9c836e6,delivered,2018-01-22 20:54:06,2018-01-22 21:14:14,2018-01-23 23:46:47,2018-02-05 16:32:32,2018-02-20,9a2344afe2d1a43559906bd456567a9b,2018-01-22
03f4f8149c605fb477250ac94f70c0cc,966912f20c8442f872cefe072d749ce6,delivered,2017-11-24 16:33:34,2017-11-24 20:32:40,2017-11-29 18:38:02,2017-12-19 16:48:34,2017-12-21,6b0097aeeb7a1291d006b971a18a5430,2017-11-24
205214f7f27b2cea7e82fb18e87a9369,1278e26f72676a29d4f3e6ab0520fee8,delivered,2017-03-05 19:41:00,2017-03-05 19:55:13,2017-03-08 11:24:33,2017-03-10 17:38:00,2017-03-23,bb24756b504d3629fd789f20abc721d9,2017-03-05
ac6c9728a9a697625d944597f41b8387,f654b8a617f9ccc800833c01e1313434,delivered,2017-09-14 20:08:34,2017-09-16 09:45:14,2017-09-18 17:17:50,2017-09-28 19:43:40,2017-10-10,adae0b960db3a27f2ee19bf0e2aae8dd,2017-09-14
5c7932e52b3c1515dbad06328d81d6fa,7dbc7e3964ce88c85cfdcdc61320d724,delivered,2017-12-13 08:52:59,2017-12-13 09:11:06,2017-12-13 19:48:50,2017-12-18 21:08:14,2018-01-08,e84a01d544469ef152a1beac63a78434,2017-12-13
243fd4d4dbddf371c229a0122ac3e661,53b5e9fac240fef6f8336dc01cb6003b,delivered,2018-08-15 14:02:31,2018-08-17 03:09:47,2018-08-17 14:43:00,2018-08-22 22:33:57,2018-08-27,5212e48260bdb9f6d256cc790bfa141b,2018-08-15
0f3827e8b786c3d934c0863c1690603d,3b00ef5e72ddc9ea0209d45514deddec,delivered,2017-01-21 08:50:04,2017-01-21 09:05:14,2017-01-23 11:06:28,2017-02-02 16:12:11,2017-02-22,c0ffced3ebdad307fbf1bff6b9f65bca,2017-01-21
553b504826f11364a11e938375721a61,56be18e14702464c0b839bd9a735a36e,delivered,2018-04-03 08:51:10,2018-04-03 09:09:52,2018-04-04 13:37:02,2018-04-18 20:36:24,2018-04-23,a5811c68d595fa055ce2b2da2eb9917f,2018-04-03
bfdc35e6060f9b6cd2227b660dfc3b70,2f8fcd269075c37465fd25597ed3b5ac,delivered,2018-08-10 11:23:47,2018-08-11 02:44:41,2018-08-13 12:23:00,2018-08-15 17:12:10,2018-08-24,61cf3026236d1e90189a45d3550b116c,2018-08-10
e1b7f8eb9bb3d4ba1c2e244574a71647,1bb679bae07f42ad12c2f81e473ce344,delivered,2017-08-29 09:49:32,2017-08-29 10:04:30,2017-08-29 16:58:10,2017-09-14 20:42:23,2017-09-20,4db829ea74098f66e7e312dbf32ae768,2017-08-29
be382a9e1ed25128148b97d6bfdb21af,0c792d32a3251b4f69dae8646dfbedbc,delivered,2017-11-04 17:29:15,2017-11-07 16:31:17,2017-11-21 14:22:28,2017-11-23 20:28:46,2017-12-01,6d394722d5fc5e721aee6875a218d8db,2017-11-04
745d2763c76bb75f1267554899ed96da,1fa0b2faf3792a27a0ae71480c5c1e72,delivered,2017-05-08 19:30:56,2017-05-08 19:42:34,2017-05-10 16:04:06,2017-05-13 10:42:05,2017-06-09,0ff1d5d2f59249ae8edbb7ae812c418a,2017-05-08
2da95ed34624aa01afbd04c55751b73e,99a92cc95d27398c24ca29ff27e74fe9,delivered,2018-05-03 21:29:51,2018-05-04 21:33:31,2018-05-07 15:35:00,2018-05-14 19:48:54,2018-05-25,a3eac41afdcbd1e7d0729a846cf36dac,2018-05-03
d5ba4800b58a75d721450cb4ce724015,410b9be6153ea16cfc4ae635785aafe8,delivered,2018-03-26 15:54:38,2018-03-26 16:08:27,2018-03-27 19:12:08,2018-03-28 20:11:00,2018-04-06,db856e8cb7586dd746d36ee69f7dbe68,2018-03-26
070a5949c100efc1ad56b852f5a278d0,1c630f82e544e04d286e1fc9e95c6bdb,delivered,2018-01-19 17:30:52,2018-01-19 17:50:16,2018-01-22 16:59:05,2018-02-14 15:17:36,2018-02-16,4bb91829439b541db533f8b2dd19f538,2018-01-19
fce519e8efb0019251a9379e9bd86a0c,0093a68265f18be3adbbe054dc4c9295,shipped,2017-07-25 23:39:24,2017-07-25 23:50:15,2017-08-01 19:32:45,,2017-08-07,4e0e24ed6b791dca50eacced49d5e2d1,2017-07-25
445a17ac1fde5a5ac27faedc9b38318d,9e925aa5944b07603d9db492ec1455ee,delivered,2017-12-11 09:15:28,2017-12-12 03:50:14,2017-12-13 11:22:30,2017-12-15 15:53:25,2017-12-28,262ab6343507e1bae6a81a9d8156e308,2017-12-11
5ebe913dc009bb2798496dd85fc352bc,1472a76c9d36fd2791393544b9c92983,delivered,2018-05-08 08:22:36,2018-05-08 08:56:18,2018-05-08 12:26:00,2018-05-11 21:59:03,2018-06-12,d3d376410e215ee0e6a3dd23b3c1fd95,2018-05-08
94f23feb252cda8e4bf2380428a1c42f,c93ebba7ff597e5be398633ecd66561f,delivered,2017-09-17 14:17:22,2017-09-18 14:30:19,2017-09-20 16:43:57,2017-09-21 21:18:57,2017-10-03,df28a378659710f7afb9ab93f642db3d,2017-09-17
ba117be14faa7ae140a5f8139304e2b6,b22a276dd196f751036c2a5663c7c082,delivered,2017-05-11 20:12:19,2017-05-11 20:22:19,2017-05-12 09:25:54,2017-05-25 13:31:59,2017-05-19,2f2f9c426e13e8a1a9c89191d632e0a9,2017-05-11
60d7d8686099e4682199966963c66ae2,58efc48a0054d0f88fa75bb458a3ecc2,unavailable,2018-07-13 09:24:40,2018-07-14 04:43:54,,,2018-08-10,80aff285a3aeb1162d1431383afd871a,2018-07-13
dd74aa86ac49c4818ea173b6a376d8de,2dd21bcff00bdf23764d180e6b65e7c9,delivered,2018-02-03 14:05:15,2018-02-03 14:30:19,2018-02-08 23:57:47,2018-02-26 20:43:20,2018-03-01,be6139b65210fe50707cbb137fb3c819,2018-02-03
f94e7fe62953e889ccdc4af045dbe8f0,63fd9170b32b31124ab00a1f8ed620f9,delivered,2018-05-29 13:14:02,2018-05-31 03:35:59,2018-06-01 13:36:00,2018-06-08 21:11:56,2018-06-29,f57578ff4259d84404a29b3f597c2e96,2018-05-29
802e3d87f22a8d09eb0248bfcd916f28,3c2e9edfc1bd76d707bc1b189b870b1d,delivered,2017-06-08 13:19:18,2017-06-08 13:30:27,2017-06-09 08:48:01,2017-06-16 15:19:40,2017-07-03,b5a23452239b6ed2e19d8ec051457bb0,2017-06-08
7f6587c574937c14c8152bfa42b2312c,abb03979e095eecb78777796b3ae9f92,delivered,2018-02-04 22:44:38,2018-02-04 22:55:25,2018-02-05 18:18:49,2018-02-15 18:08:34,2018-03-07,45b96ae937324dbe54b9117139f943bc,2018-02-04
e9df4254faf2fe70bfbff4c0abe4fb7c,3d1d66accf98c118e170e779aab66b67,delivered,2017-01-21 14:22:49,2017-01-24 03:45:13,2017-01-27 08:58:51,2017-02-07 11:28:05,2017-02-20,3564c4748fd6c1097ba1a7e7c6fa5ff1,2017-01-21
b886aff8576c2f1f035c507ba7fd6a9c,28b41c7b6f3d16d027bfea553f86c827,delivered,2018-04-20 16:29:38,2018-04-24 19:23:55,2018-04-23 20:46:37,2018-05-03 21:45:47,2018-05-23,421a7eb488ecd0c190391ccf4c92abcb,2018-04-20
323d47b2350119b2f1da2f6fe63e1e73,b4822e42a92e0d848ea0a71ff7e0b379,delivered,2018-06-25 20:37:05,2018-06-26 20:30:15,2018-06-27 10:06:00,2018-07-03 18:03:59,2018-08-01,059063072de58e5a847e76c4593d5629,2018-06-25
9d4c08e426c35fb1583e031f8dbacc93,01b44b1e958a6a9d32db09ea5a1e77b0,delivered,2017-04-20 22:06:49,2017-04-25 08:22:58,2017-04-26 09:21:50,2017-05-05 14:42:12,2017-05-17,12d8a9a629f690057612d933db48b895,2017-04-20
fc7e6d607ce832df24d06b153b3a6c1e,1ac29b36972ba96366742ac84a549569,delivered,2018-04-01 13:18:34,2018-04-01 14:07:37,2018-04-03 02:35:28,2018-04-13 23:12:12,2018-05-04,2d4bc386c712fbc84247e444323f8ad1,2018-04-01
30a08f0074bc43c8284b61015a6c530d,3a28a125ae8571da188c2152082fabf5,delivered,2018-05-29 14:38:03,2018-05-31 03:35:45,2018-06-04 14:45:00,2018-06-12 18:59:58,2018-07-20,288dc753b26fe353e5e4d69c5de5ed45,2018-05-29
a70e2a7c5779986b66893322855c4932,08ef50ea1923ce347f194bbc8d8e40e9,delivered,2018-08-02 18:50:07,2018-08-04 04:05:14,2018-08-06 17:57:00,2018-08-07 16:42:58,2018-08-09,337691bc9242e1d53d521ed78a12ab8d,2018-08-02
616c234744893b4411f6e056de1b0699,b73fd6139bcffaff677d9f38abcfb9f7,delivered,2017-02-05 18:54:49,2017-02-07 03:42:47,2017-02-07 10:21:23,2017-02-20 10:34:41,2017-03-03,99b9b55df0cef3944d45be5b51aa74dd,2017-02-05
807e1137296f0952dc5038aadf9d1f76,a662286fb279d4641c7b8ca455a4f692,delivered,2018-02-06 16:33:24,2018-02-07 02:55:55,2018-02-08 23:43:03,2018-02-28 18:27:42,2018-03-08,e2968da3d6f6f76939f6b52802ee5d2f,2018-02-06
2b500c112e920c97340e29545b8968bb,85e677b42832578c7a3a28e6830ab52d,delivered,2018-02-06 14:46:23,2018-02-06 16:11:35,2018-02-08 16:03:56,2018-02-22 15:39:10,2018-03-14,12ea013dfd45b702e5804f11cab02d35,2018-02-06
8f6113583cb848cc612f68992c04190e,489697f5f6ecfff59c39098592176df6,delivered,2017-05-16 16:39:33,2017-05-16 16:50:14,2017-05-18 11:35:21,2017-06-05 11:28:52,2017-06-16,353783c5693e255ecd10defa6005a68c,2017-05-16
800287d237dce4a18b42741b52bd4390,75fa78a41041551b8e1fe691bb3f0958,delivered,2018-06-29 16:04:57,2018-06-29 16:15:12,2018-07-04 13:29:00,2018-07-07 14:41:18,2018-07-27,df316bfe7517a10a2b974a3469d554f2,2018-06-29
c92a1e5ecc2f42594b4c40567e387039,a206f182a1a6baf1dba835644045745a,delivered,2017-07-12 20:18:29,2017-07-12 20:32:19,2017-07-18 22:47:04,2017-07-21 22:33:02,2017-08-03,c79a6413e32d29120073042b22581078,2017-07-12
6b361f3f4c4dbef6a4e3e6c027eacfc0,765ef56011ea5e00560e540cc9b610d8,delivered,2018-03-22 10:58:43,2018-03-22 11:15:34,2018-03-24 00:32:13,2018-04-05 18:56:44,2018-04-12,eab31410145aaa32a73d144f3e0d0f27,2018-03-22
a6550e6c4d9f43e105efa45bec3bc70c,abb30b586e7241af76d769f979dfcdde,delivered,2017-12-12 20:00:06,2017-12-12 20:10:22,2017-12-16 00:43:16,2017-12-21 00:04:55,2017-12-29,2fda1466193b113b34dbadf84b4d5b10,2017-12-12
c4370853d53cbc18c52134cde35e2696,81abb4d0ef9fd61b1e22e4c9227bb580,delivered,2017-11-16 13:53:26,2017-11-16 14:08:47,2017-11-17 22:22:06,2017-11-29 00:13:05,2017-12-12,9e5d94d522c5540c4fdffb0385e30024,2017-11-16
5f9c46986c8990debd941ac4f936e95d,3277f6dc58d50bc3b50445bc977797a6,delivered,2018-07-23 09:12:37,2018-07-25 02:50:19,2018-07-25 13:54:00,2018-08-15 00:14:43,2018-08-10,c7dacbbdd8c3c31ce825a3bfbd5fd8e7,2018-07-23
48d0293985d532c653f5d41dbf977030,3bb005ea4eafbfe73f8e720b795aa06e,delivered,2018-02-23 12:46:39,2018-02-23 13:10:13,2018-02-28 15:29:46,2018-03-13 12:27:23,2018-03-22,1b23b82407cdce1a111b6c6539ef6963,2018-02-23
63c5f492ab4ee6c249acbb4cff61ae3f,68cc585accf5d04953cb570e563ee5a6,delivered,2017-08-30 10:07:44,2017-08-31 10:10:14,2017-09-04 16:12:46,2017-09-08 15:47:04,2017-10-06,3a61131176101fac45ce3634e5a9a94f,2017-08-30
fca9e6e37a25eabc4dead1228fca9d27,37381a9cfb51c58446a57073ce3c1f83,delivered,2018-02-08 11:54:16,2018-02-16 16:35:41,2018-02-19 21:47:10,2018-02-23 00:25:11,2018-03-12,50fb6089c263c3a5b990f3e30395598f,2018-02-08
3186a30019c9df27f9af586386ac5734,fa3946634ae6b04238d501a3f9d7dd80,delivered,2017-03-17 00:36:10,2017-03-17 00:36:10,2017-03-24 11:00:12,2017-03-28 13:04:20,2017-04-05,8033b326df991ace634ac72bd3a02fb5,2017-03-17
94faf92860aca2dd583802d6673fd794,945377aea77fcd842d0c3282f387e0ad,delivered,2017-07-26 18:22:30,2017-07-26 18:37:24,2017-07-28 15:57:52,2017-08-07 21:33:22,2017-08-17,f7ac7452ae241a5a36aaf9542c2428d5,2017-07-26
7a3b7acfc934ff1d78118bc04bbcad7c,7aac1b70f9755a21252acaefc92bb993,delivered,2018-02-15 15:47:46,2018-02-15 16:06:30,2018-02-17 01:04:44,2018-02-19 18:14:26,2018-03-01,cd779dde46c7e539d250869c0ab7ba6f,2018-02-15
e43062fd260607596c8e02e5c12081e5,6f8c3bb5afd59f8cd5ae6c8105293f19,delivered,2018-03-29 12:49:23,2018-03-30 03:10:38,2018-04-02 18:12:49,2018-04-05 22:48:28,2018-04-11,0eb7649eaad5ebdc5b88d4a0636c8865,2018-03-29
670ad1c6fd20977956e8ee2e09f92baa,741599c6251909302172689216fe2930,delivered,2017-06-23 10:38:32,2017-06-23 10:50:18,2017-06-27 07:47:45,2017-07-10 18:18:10,2017-07-19,4efeacf716badf7f1ac290270c693319,2017-06-23
37fc44460574b368fe7933c6ae98f224,e97949e83365e70af80bd8705cd24e42,delivered,2018-04-27 07:44:46,2018-04-27 08:12:12,2018-04-30 15:03:00,2018-05-02 18:47:52,2018-05-11,577e68c396255b3246726f152b6a1555,2018-04-27
0c51264bdcbe5893081232bba640dba0,db2bde8c137c06bd2b2f616b27414304,delivered,2017-09-09 13:58:18,2017-09-09 14:10:13,2017-09-12 12:22:45,2017-09-15 20:32:32,2017-10-03,7168de2966ec5d0e040be29141e98aa2,2017-09-09
77ad790bc77b40f61485833a46bb6968,f5011243aef5abc8d53d6956ad074c66,delivered,2017-11-27 09:14:56,2017-11-27 09:31:27,2017-11-29 19:06:59,2017-12-18 20:55:02,2017-12-20,9e4c1e8466ff1c0e9d7eaed108b74bdb,2017-11-27
a3fd818adac1f20a4a2abdd98532932a,df1936f12dd45f272699ab4d72a0b98f,delivered,2017-05-17 01:34:13,2017-05-17 01:45:13,2017-05-17 15:37:05,2017-06-03 06:58:05,2017-06-22,8597fc7ec5841b2d3832b3ff62c5d2c4,2017-05-17
da48ff98ca6bec2aa39f5cce1db9f04b,a77d3ffac9ab3752eea01fdc7a165a1d,delivered,2018-01-10 19:47:04,2018-01-11 19:40:25,2018-01-12 22:38:51,2018-01-29 19:42:50,2018-02-07,6b15e3697a152815337dc002d7ca3328,2018-01-10
dbd7699191343e1c3f7a879f92dda7a7,fb37886bcb6e4fb244044d8af4100030,delivered,2018-06-19 12:04:00,2018-06-20 02:55:29,2018-06-21 17:03:00,2018-06-25 20:51:38,2018-07-16,17fe7911c59e5a57acfe92729ee04c2c,2018-06-19
4b12f358f41e11521989fd788736079b,f45a36b54f5904bcfcee15a6fc08fb16,delivered,2017-09-27 15:11:34,2017-09-28 03:07:16,2017-10-03 16:28:16,2017-10-06 19:28:03,2017-10-19,52ed7fe8a85b32a5c1f64caf1f7cefd9,2017-09-27
5fbe345aed80ac57d0b62228823c9074,76ed8a2db502954a1d1fcb614a3e3766,delivered,2018-03-17 15:21:41,2018-03-17 15:30:35,2018-03-21 18:35:34,2018-03-22 20:02:20,2018-03-29,cef2883537239067f21cf38c1b2abb32,2018-03-17
6fed61864e73f5457549fa69ad7c88a2,8dcd97f29f39cd61f731b3272b169ba9,delivered,2017-11-14 15:14:27,2017-11-14 15:28:06,2017-11-16 19:48:50,2017-11-24 19:52:56,2017-12-11,8dc9e0c901556a0fd2fddacf8bf22897,2017-11-14
26e7606527e710486939428227c703cb,acad8cb48b2abf7b314130560a9906fa,delivered,2018-03-05 22:00:55,2018-03-05 22:15:32,2018-03-06 20:58:32,2018-03-07 14:26:51,2018-03-15,8e53779cffd8f7d180756205dfa2bf3f,2018-03-05
d066a1b39a2761019f3109572b3b0db8,97a2701728643f3bb2ede5a9c3a81782,delivered,2018-05-26 12:25:53,2018-05-26 12:35:11,2018-05-28 07:27:00,2018-06-11 23:24:20,2018-07-16,93b96ee3e56377d3cc1d1a5fcd88aa8f,2018-05-26
54623479e83b4d90c3a3087c34a95187,62da3590d673c7cb920bc74937eeac2b,delivered,2018-08-21 01:30:48,2018-08-22 03:44:26,2018-08-22 11:17:00,2018-08-29 18:11:44,2018-09-05,2587f2fbf466ff9e409952f2feba0005,2018-08-21
a3c3508e603e9411b2b69972993bd079,a4e7d860bac96da229b45c35cca01ac3,delivered,2017-12-05 22:13:10,2017-12-07 03:15:47,2017-12-11 16:49:50,2017-12-19 19:59:17,2018-01-10,77e7ed9f9f4def7f01e4213f9b1787b5,2017-12-05
5bd56b595a9879fb7f67ae6253450883,34b952761872fb187fd49efa5593ba21,delivered,2018-05-30 12:06:52,2018-06-05 04:35:10,2018-06-05 08:01:00,2018-06-18 14:03:44,2018-07-12,4d368ce095c2154a17dd6063e295f405,2018-05-30
e760819ccdf8e117a260fa50842b4832,29c3f22c6edfc47931efa5af1f254fd8,delivered,2017-12-04 20:19:23,2017-12-04 20:35:15,2017-12-05 23:34:15,2017-12-12 23:36:41,2018-01-04,944468e73ac0ec81ddd80c7f0fe4f952,2017-12-04
0987ca7d6618e8d1a3bcc49207d6f713,8ccdac7eb0c1dc6e6263c1cfdb97420f,delivered,2017-12-05 19:40:10,2017-12-05 19:55:05,2017-12-18 17:55:37,2018-01-06 13:37:43,2018-01-08,e8bcfe1e4763ad8f5f71930baa5fd1b0,2017-12-05
4c3797c712aa273fcc2d7e7a07c39703,a89d75c00ff6de2a4a7e348b806a844f,delivered,2017-12-19 16:06:01,2017-12-19 16:35:44,2017-12-20 20:25:21,2018-01-18 15:09:56,2018-01-18,13eeacfe5a522a3ed35ff02ed18edfbe,2017-12-19
a3beebf1efa956ba70cf01a80c483367,9da570dd0f573074ad3458b7ba281a62,unavailable,2017-10-12 15:15:50,2017-10-12 15:28:10,,,2017-11-06,b24333c20b1082ee734cd5c25c2991b4,2017-10-12
8ce19cd80af40e6cb55f3e3abdc5a5cd,b151701284e0e85b8fab6d42b9c7363b,delivered,2017-11-24 21:50:35,2017-11-25 00:20:24,2017-11-27 15:06:15,2018-01-04 14:18:53,2017-12-29,8f0fe2004ace0d5a2f14e5f013c68976,2017-11-24
0fa7d9917a1ee1293fb2207496213d1e,58c8b60b34b39a6bf01341c08e03aaa6,delivered,2017-12-23 16:49:24,2017-12-23 17:10:33,2018-01-04 23:24:24,2018-01-17 20:13:10,2018-01-22,90211e1ec6a860715dab83ec03959884,2017-12-23
b80fc8c055d4c16d2b52eccba884d820,58e4ed2adb6f556ab8292a2bc9a280d6,delivered,2017-11-06 16:39:31,2017-11-07 01:36:15,2017-11-09 19:58:31,2017-12-01 21:39:08,2017-12-04,050edcc983b8b15a8c076355d0a784bd,2017-11-06
59c9e621836ee96aae58f8bc81261483,eabae00485a47d04040dd804a47c6ef3,delivered,2018-02-08 07:25:41,2018-02-08 07:55:35,2018-02-09 23:33:50,2018-03-01 19:07:34,2018-03-06,2d37b549860f2786dd898b73472bed87,2018-02-08
1f7e72019fe94655c9b15feae3c2b2b5,784608ae9769c456e844ad45c1ef9e63,delivered,2018-08-17 09:07:02,2018-08-20 10:50:24,2018-08-20 17:29:00,2018-08-21 18:34:57,2018-08-23,83ece8f00fe7797a34e553ee79bae30e,2018-08-17
22cc2d04975ea9d1495ff837953418c3,8c94ef9d12c761e621097b7836b0503d,delivered,2017-08-05 13:30:05,2017-08-05 13:45:16,2017-08-11 17:27:44,2017-08-22 19:30:08,2017-09-08,aa4a5a9726e6f2b5af0cd6c9d43a61e6,2017-08-05
9be13dab83e8c1e6b39d8457313620e9,61887ef2a777fb55e774bd124ea67669,delivered,2017-08-24 22:51:16,2017-08-24 23:05:11,2017-08-28 19:22:06,2017-09-17 15:28:50,2017-09-18,cdc63dd4d6531beb205c02d0b525225e,2017-08-24
02c5426a54d34d28a32088cf69167730,9c82bb6bed60a8f2141d7a55c90d98c8,delivered,2017-06-30 17:20:14,2017-06-30 17:35:15,2017-07-03 14:56:58,2017-07-11 15:37:52,2017-07-24,52dc22ae01a82d60aec888a2ce0997c0,2017-06-30
2b80b437f46eb3a17b0f3f1c8cda28b4,130a806974e4460fd92de0ecf695feb4,delivered,2018-01-19 12:09:45,2018-01-19 12:16:14,2018-01-23 00:16:50,2018-01-24 18:44:31,2018-02-05,175b8225bdd99e95a64e07a6c06e8746,2018-01-19
bf93a9c9cc2879163c62f43f8fb70cec,e925294875630ca391d30949a731998b,delivered,2017-05-30 17:11:37,2017-05-30 17:25:18,2017-06-02 13:03:18,2017-06-05 18:42:28,2017-06-22,196d6de00325326380aee41f89d7bc9c,2017-05-30
18a1c68dfdce96e96b0faf031deb6b67,2d6696a5ad00ac738d9627cacbb49eb8,delivered,2017-11-23 12:15:54,2017-11-23 12:29:25,2017-11-27 15:27:12,2017-12-11 19:10:14,2017-12-22,bf456d59f818a08c3d2344ad1e52ff48,2017-11-23
e6acc02d71b1678caaab70ff2555ad3c,49c145b1b66cab164c722d288e4f548d,delivered,2017-11-17 21:13:50,2017-11-18 11:34:04,2017-11-21 23:31:56,2017-11-27 13:54:19,2017-12-06,00e57919b893c89f4d9eee8d06c41f6f,2017-11-17
d194fbbc2e37d685b6adbf21897ed49d,171345b7d45c10d2ff1a8cfc52c163db,delivered,2017-04-17 22:17:24,2017-04-18 22:25:18,2017-04-19 15:40:16,2017-04-27 14:51:43,2017-05-10,2b12a51b531dea88f25faeba84224598,2017-04-17
d0a4948ce19a51837d5e24c26ab83d76,ff84d0fa669f79bdc394cadf5d651cf2,delivered,2017-01-18 19:39:51,2017-01-18 19:50:23,2017-01-24 08:48:51,2017-01-31 09:15:04,2017-03-13,4fd1b2e7c09c60c05762f31151d464f8,2017-01-18
068254dc0ecdb91d62f52c658b4dd09a,9f0398b6761fbae87a157c3956230a1f,delivered,2018-04-04 12:00:37,2018-04-05 02:30:26,2018-04-05 18:38:41,2018-04-13 19:40:41,2018-05-09,6b7c6ef4d91a0cadb24d7f1df90158fe,2018-04-04
6a9ea3a6a0a791f6c34b8145d6cbd42a,cf833bbe73b3d8ddeb9889d4192b2496,delivered,2018-08-04 14:59:29,2018-08-04 16:31:18,2018-08-07 12:42:00,2018-08-08 20:21:14,2018-08-13,03f923dbcd3b3c763b22b24db6072d27,2018-08-04
3cd82d2cfb48466fdfcb8594444e211d,b9b46d7c1bc9f38ccf4a1ec449d90317,delivered,2017-08-30 11:52:46,2017-09-02 09:30:12,2017-09-04 19:00:40,2017-09-18 21:17:51,2017-10-03,31de705ead768af5a7fe4d0cfdc52da3,2017-08-30
8759d467df07f1bc2c4593e411959c84,8060e3e5a4debbb990825cafee05cfb0,delivered,2017-10-20 09:44:31,2017-10-20 09:56:53,2017-10-24 15:31:06,2017-11-06 19:49:35,2017-11-14,37e55721e0e920d6807b355250c3b488,2017-10-20
7acbd2fcb6adc4f13a4e2d01209a956b,3214cabfea2994a76e102fb4a23d7b57,delivered,2018-03-21 19:26:31,2018-03-21 19:47:54,2018-03-23 01:13:04,2018-04-02 15:07:19,2018-04-13,092eb89a381c93c16905c469b1bcc627,2018-03-21
1b4130478aee169922ebb0b0a9ef919c,c2141e86f308c7b00d8ec297ada8f7c6,delivered,2018-01-12 23:08:41,2018-01-13 23:09:10,2018-01-17 22:17:09,2018-02-06 22:18:27,2018-02-19,a3310372f0f120f96ba94abfaab7eea5,2018-01-12
8f1081aa8dd337d944a4f2eddb4671ab,5b78a0661472f3b0ee616dbadc86c190,delivered,2018-02-17 18:14:03,2018-02-18 19:09:11,2018-02-19 19:32:53,2018-02-26 13:43:06,2018-03-09,7d8878e30e938c07ab1b24f68eb0e14b,2018-02-17
921ccf9b5f8379e9262fabe9b953c55e,33f851c0c106198bcd5a906f28aef4a1,delivered,2018-04-01 17:54:56,2018-04-02 18:52:24,2018-04-03 22:56:51,2018-05-05 16:22:30,2018-04-20,f37df26d81056b8d7ac3efba580ab962,2018-04-01
dcce4dc9b3288010ed361a5fc33471b7,894dc3ff74fedf8d62c3849f3cbeec5c,delivered,2017-03-20 10:54:26,2017-03-20 10:54:26,2017-03-21 13:01:45,2017-03-29 12:15:18,2017-04-17,da32259718bf3378cfb7d70b65f9aa39,2017-03-20
c913512a7fa84d29251cc036c4bdcd6a,3bccfa97add0d75db21876e18b0944ab,delivered,2017-04-22 08:58:31,2017-04-22 09:10:14,2017-04-26 12:31:22,2017-05-15 10:22:30,2017-05-29,b63eaeb5bacf8071dcf6b393e475bdcb,2017-04-22
4455bffefa49b2524e0291440b78b02d,95c1efbc93e1cd3912a9a23cb8b70375,delivered,2018-07-22 11:53:44,2018-07-23 11:31:25,2018-07-23 14:46:00,2018-07-30 18:51:15,2018-08-20,80d1ea0d2b7efed97c0d9f71a5033e7e,2018-07-22
a89ce8c685a2a028d1ad3ae1b5df18d6,6614e8c364563516c0774e66fcaa170c,delivered,2017-11-18 16:31:54,2017-11-22 02:48:29,2017-11-27 15:25:09,2017-12-02 00:26:45,2017-12-07,900b7080ebbb8928be56ee37b2814953,2017-11-18
b18b5fde5616ba3978e71483cf648a26,825d79317606372e5cf006164026c9b6,delivered,2018-03-04 11:30:18,2018-03-04 12:41:36,2018-03-07 01:33:08,2018-03-15 23:07:17,2018-04-02,bbdd9565f2bb532783e37777a9bbc895,2018-03-04
05afef1c185862cab9062b322ff25cc5,296de103322e463a1b76de3c81fdf02b,delivered,2017-07-25 10:47:16,2017-07-25 11:03:10,2017-07-31 15:49:35,2017-08-21 21:10:53,2017-09-04,7857dff0702239bcf889f6af345fe607,2017-07-25
3e4e46d0c15b204178fc5dea7c9644de,96b6dcf9901ef5464f3d6bc5aa701528,delivered,2017-11-24 22:40:22,2017-11-25 01:53:27,2017-11-27 20:48:50,2017-12-12 12:58:34,2017-12-20,229e6da52cb0af085f0b397e7edd64d7,2017-11-24
08ea0cc26c8036f1c6c510e72f468000,c1462fe827b0b74c6ba2c32bdf224a67,delivered,2018-04-26 14:31:15,2018-04-27 03:30:53,2018-04-27 15:25:00,2018-04-30 19:07:01,2018-05-14,d08ebb7d89f6399c7107efc28ae86a23,2018-04-26
1b546846285271f61f42bf2954352172,6fde8954a5343cfb804688167c50f78f,delivered,2017-05-08 12:01:54,2017-05-09 09:25:21,2017-05-09 13:13:53,2017-05-16 10:23:48,2017-05-31,3cc9db37d3df6c5b00e68a8f28d76f71,2017-05-08
5fbf5069e1db9d79733184b67a576c4d,90af4933b09c472f006bde067530f672,delivered,2017-08-12 13:27:54,2017-08-15 03:35:26,2017-08-16 12:59:48,2017-08-25 08:47:30,2017-09-18,62faa9161d76613338c9216581e7ee1e,2017-08-12
8e1b263d5e8ddea4e42b96cc5fb0edc2,f167fa9affafb87b17bfe226d61fec0d,delivered,2018-08-17 16:13:44,2018-08-17 16:30:12,2018-08-20 14:07:00,2018-08-28 19:36:40,2018-10-03,1b18bc689cd5f83c4c9e84c5150a07fe,2018-08-17
491f5fabbd1c4d86ab4ae7a2024d7368,4d60b9bf2c64e3e1b29c297752050aa2,delivered,2018-01-12 16:57:17,2018-01-16 03:50:24,2018-01-18 00:27:55,2018-01-30 21:04:30,2018-02-07,dce45a384a6b749722f5d324f68aa7e0,2018-01-12
ad017ea4537bcf364b841c9160b0fa51,989908db06fd4a53e3177795a0a402d9,delivered,2018-03-10 15:16:08,2018-03-10 15:25:30,2018-03-15 23:32:37,2018-03-28 17:29:51,2018-03-29,342f97d3ea88fc52bcd5af2ec5902e0b,2018-03-10
12e253a6a65d9b9dc662a314f8c72fae,474877e456001f330183d59a09786619,delivered,2018-08-05 21:22:28,2018-08-05 21:35:12,2018-08-07 09:02:00,2018-08-09 16:42:07,2018-08-16,e88dd2ba7d3e63652b7713c46c4bc4a3,2018-08-05
7797e37c568b84182c813b9b2492b384,0411ba9ee6c7697c60b2e05345557958,delivered,2018-06-25 16:44:38,2018-06-25 17:18:51,2018-06-26 09:19:00,2018-09-12 15:51:39,2018-07-16,6bba5346ea6e2b6883a1bedd9da0b864,2018-06-25
0d45ab2386ccad30dbd572201b2a70c9,6dd15070c10001e058f36f2c455e1b1b,delivered,2017-12-06 21:24:45,2017-12-06 21:31:29,2017-12-08 10:03:50,2018-01-03 18:49:38,2018-01-05,edff2828480e1c9896fbce0c17e00e4b,2017-12-06
d90bb9bb62261c6f02505180307b479b,a825c6b0ad6fd22338d9afce59d0b40a,delivered,2018-03-19 17:29:26,2018-03-19 17:50:28,2018-03-25 01:36:42,2018-04-06 18:42:02,2018-04-05,1aa2dea75d86ce1f85a55af3ddf4e1d4,2018-03-19
185bb8598892fb8715f771ea136623d1,c696689ac1d5b8ec661980ece878e3f3,delivered,2017-11-30 14:21:39,2017-12-02 14:17:14,2017-12-05 00:15:02,2018-01-26 18:12:46,2017-12-28,fe71393e06baa2636d75e3bd65c10e0a,2017-11-30
c9a956d415a86a5a0c354e2032b4e502,1ab4905930732a488575061ad5b3ca7c,delivered,2017-10-16 12:30:18,2017-10-17 03:49:30,2017-10-18 13:54:13,2017-10-31 18:25:04,2017-11-07,7b8c12add4a99e5c7591c960e0bb3d20,2017-10-16
f4d751641e56be2627108a93641f82f3,45f813908ab4d9af7d710e113784abb5,delivered,2017-03-24 09:12:05,2017-03-24 09:12:05,2017-03-29 16:13:19,2017-04-03 15:52:51,2017-04-12,c840eee84dfcf4276250914e3eb025e1,2017-03-24
18898a06fcd1e440c28bd18943ea0e92,49762e1b34c38cd0d1635c67814057ef,delivered,2018-06-19 08:34:20,2018-06-19 09:18:16,2018-06-19 15:46:00,2018-06-27 11:02:49,2018-07-18,11af326c9753dbb63f68f1e316a00188,2018-06-19
1469262ec8414d0e3f821bda79cf14cc,b53f2d80af3f43f230402209960c81e6,canceled,2018-07-16 11:27:29,2018-07-18 03:31:06,,,2018-08-07,b8fbe69e20c372fe70e6c61b8729ea61,2018-07-16
8535f60f13f03d9f0bc91ed113bb43aa,e77fde4531c32ac343f4487c3a46acec,delivered,2018-04-09 12:28:36,2018-04-09 12:49:56,2018-04-10 21:56:26,2018-04-17 20:28:41,2018-05-15,e437bd65ed81d8adce292b12b218abff,2018-04-09
419de35b9f49a3e9822b8f09116cdea2,3615bada99d458b1fb522c5436065843,delivered,2018-01-07 16:56:57,2018-01-07 17:09:24,2018-01-09 18:29:33,2018-01-26 15:52:13,2018-02-07,b98eecd39d6fda501e8f169721085a26,2018-01-07
10a6476d4339a6b5f323db3d2357de52,2ad858d9b9f684af4e52ad8b08ee3d76,delivered,2017-02-05 21:43:48,2017-02-05 21:55:08,2017-02-08 08:35:00,2017-02-22 11:14:06,2017-03-23,ef5bd3381e0ecb0f15d87a166819489e,2017-02-05
806d216eec8cb41183d2e3d52924e238,9a720f15d20a2063e49b82478036609c,delivered,2018-05-18 12:12:49,2018-05-18 13:05:44,2018-05-22 13:42:00,2018-06-05 21:58:41,2018-06-21,2e66e1d02295a12709de253aa9a6d15e,2018-05-18
098fa8e236952567d948321ee4684854,c2bd11720c11c5302296696aa34d4c9f,delivered,2017-02-19 20:09:01,2017-02-19 20:22:44,2017-02-20 14:32:34,2017-02-24 15:04:56,2017-03-17,6acd91790bad41552dad6da859d887b7,2017-02-19
82f02c0da2c53bc9eb14dcfd74038ada,35c62daf4b7d2a5cb4f1a8b9960df309,delivered,2018-04-13 11:52:12,2018-04-13 13:14:39,2018-04-19 19:51:49,2018-04-20 20:42:16,2018-04-30,9f4ea52544d5a888a26fc0259bb7307a,2018-04-13
2e212e37333cf24f1acef20a298f38c6,d890d1f2c4f7491d86b272dec333120b,delivered,2018-05-02 18:03:13,2018-05-02 18:57:45,2018-05-03 13:39:00,2018-06-05 17:17:57,2018-06-07,59661277391be9d8fe6d71778411437b,2018-05-02
8caa567c51464790f627a3c95e73c0d9,6b7982f9322bf7499f62abadce6c6130,delivered,2018-03-29 15:27:16,2018-03-29 15:53:33,2018-04-03 23:25:19,2018-04-16 15:52:46,2018-04-20,907e501a4d2addd834e685b65da87507,2018-03-29
7385577575de1767a08ee7b11fb6d4af,4b754a1c8df365c741a274b751ff2571,delivered,2017-06-16 20:46:06,2017-06-16 20:55:11,2017-06-19 18:55:37,2017-06-30 10:23:30,2017-07-12,5dc74968a24125979d233931bab8face,2017-06-16
2675ecabc45ddcd345d336466c416b34,c7b8dc07b9372dd03d9dc1131fdea5df,delivered,2017-09-25 12:28:22,2017-09-25 12:44:11,2017-09-27 12:42:49,2017-10-16 22:37:51,2017-11-06,ed4b936bb2389d67b2a765f464c36ed9,2017-09-25
1c45c55e5f8cc9e68b699930b8a4d8dc,ba9f2d252a6adc3928a8d4c51e629ed0,delivered,2017-05-28 19:28:25,2017-05-28 19:42:20,2017-05-29 13:12:44,2017-06-12 17:20:02,2017-07-03,599eb0241d7ab7d4224cab8faa166a65,2017-05-28
6725e06b0845f932b78f46292e937422,8aa8286f108a5e6bdb8e64e07e33b5cf,delivered,2018-06-05 11:57:42,2018-06-06 02:54:10,2018-06-07 14:48:00,2018-06-12 21:18:57,2018-07-11,0e8bacf88f2c8c9acb83df0053ab2a68,2018-06-05
19230cac8f45f89fc992b4048422b72e,f859fb23e2e8315da5d17d72d4f372f5,delivered,2018-02-25 17:19:58,2018-02-25 17:30:27,2018-02-26 23:44:18,2018-03-06 18:41:30,2018-03-19,226d199a40aad52319f9dba92f46db66,2018-02-25
0f0da37d4b99bfd602829ae5992b2d57,d5143b89d2bad5d3174eca1a2dd23b91,delivered,2017-05-26 10:43:29,2017-05-26 10:55:09,2017-05-26 11:49:36,2017-06-06 14:57:42,2017-06-20,8a52ff94ec8396e572b3e416f9f98c6a,2017-05-26
790e5c5eb160ea3d606d62c2187b3e6b,e1064a318037f1d70363feff64dd5191,delivered,2018-08-20 17:06:38,2018-08-20 17:29:29,2018-08-22 15:27:00,2018-08-28 18:42:11,2018-08-31,91907ed201693e770b64ba1278e84c98,2018-08-20
a748ecf209b624243632301df6c0fb6b,efad2f4f28b98cd11ce8d08cdb0ba510,delivered,2017-11-22 23:45:36,2017-11-24 03:11:28,2017-11-28 19:14:58,2017-12-12 23:13:23,2017-12-04,7e4bebe20140a71b34263a659ba1ce11,2017-11-22
eae56efa72774fecde3f265b1fd74e01,22a2545b0c2540f5d4877856967b89c7,delivered,2018-08-07 20:13:13,2018-08-07 20:30:18,2018-08-08 13:09:00,2018-08-15 15:11:00,2018-08-31,a1a3b4b4d79311ed7f6ae2f6666880c0,2018-08-07
2799a10e833b3292c509a981e273c4ef,8e169211e544065a036c309b0088e87f,delivered,2018-07-20 14:21:47,2018-07-21 03:30:15,2018-07-23 14:59:00,2018-07-24 20:14:43,2018-07-31,6893b41a1b6bb36ae089d72ed9d166a4,2018-07-20
bef79681fbe33b2789095e966c159563,eb947ab711d08fa53b7a1418b230677a,delivered,2018-02-05 10:33:26,2018-02-05 10:50:06,2018-02-06 22:07:23,2018-02-14 16:47:06,2018-03-01,eda5215eb097c777188c8afb9eb4274b,2018-02-05
a3909608536539d6055e808cbc73894f,3e46be620fcaf37ac9efd5c713002d84,delivered,2017-11-12 13:18:46,2017-11-12 13:35:24,2017-11-16 12:51:39,2017-11-30 18:37:30,2017-12-07,d42265f040cf881a93d007a892cd824c,2017-11-12
7aafb86390ae18841bfb241252b7ee45,e3ce0db8cddbefc774fa37de408d627d,delivered,2018-05-17 16:59:10,2018-05-18 01:17:39,2018-05-18 14:12:00,2018-06-01 23:47:34,2018-06-06,573edc9deff3f2eb23517ebde96fa18a,2018-05-17
6f160d3d9d471193fdc5aa47198ce815,d090551135154e438034db7cf080bb13,delivered,2018-07-30 14:11:43,2018-07-30 14:44:46,2018-08-02 15:18:00,2018-08-07 19:56:48,2018-08-21,45cdd28db31005e64ad06cbbcc826d81,2018-07-30
0c9f9c0fc3c5d9e40e88bbb5910042bb,5496914618fd2a6a52a3dc154965ec4f,delivered,2018-08-18 15:03:29,2018-08-18 15:15:17,2018-08-20 15:12:00,2018-08-21 18:55:34,2018-08-27,a6b1c8e5ef0ebab10a56c3d5767696d8,2018-08-18
194d5589bc5b36954c06e5d34e41f03d,fe6a32160715340fe6b26874b547d2ea,delivered,2017-11-04 13:03:15,2017-11-04 13:15:33,2017-11-06 19:52:00,2017-11-17 13:37:55,2017-11-30,ec2c939a56b9d792f75a3132ee47c2ec,2017-11-04
8d2484db47799c849ab089ebaa4909c8,1382e0b4ecd71d070ce367c5c3dfcb93,delivered,2018-02-01 14:52:22,2018-02-02 02:54:33,2018-02-05 17:22:22,2018-02-06 14:46:49,2018-02-19,6562bb846315cc3163859db2104014be,2018-02-01
1a57b61de931e82f09abf18a41271ac0,349af5dc6eacefe1aea0d44a219dad84,delivered,2018-08-09 10:10:36,2018-08-10 10:05:14,2018-08-10 11:50:00,2018-08-21 00:07:35,2018-09-21,7058e3a031a68395e4c985414b389dea,2018-08-09
680c07899bf40cd24cbf3e97b9bd7052,5591abc9e7f9c644e7e7912aac65b718,delivered,2018-01-02 14:48:48,2018-01-02 15:07:36,2018-01-11 14:43:21,2018-01-16 14:57:10,2018-02-08,b57f9033a613c53e899c89a7e61cb211,2018-01-02
774d6deaa500cd320bc530530c44ea0b,5ec2fed3b20b579b75ee0ff1f110f660,delivered,2017-09-11 14:41:46,2017-09-12 04:23:34,2017-09-15 14:54:06,2017-09-25 19:19:59,2017-10-04,3881bf61bd211843b076e8ceb82b7da0,2017-09-11
6683aa4f73f7869ec65ebeeef53f700b,44d53248bdd39a477bcf6278e73a2844,canceled,2017-04-26 22:38:50,2017-04-27 01:15:17,,,2017-05-29,7e2ae24e734d02f10866ccab9c7ad0c8,2017-04-26
e0dd67b48e84e3b67c3fa5ad0b31bc44,c7937f535ffa08103568e1d47fd61dd2,delivered,2017-12-19 00:43:44,2017-12-19 02:50:38,2017-12-20 16:43:19,2017-12-29 14:16:25,2018-01-09,ea708470a7a146d85e18e7ed4ceae2b3,2017-12-19
b911d4e5f41ef43f44dd355ef2b77382,980603d76280d73dfae09c42b642ddd1,delivered,2017-10-14 00:25:29,2017-10-14 00:35:21,2017-10-17 21:52:32,2017-11-01 18:24:48,2017-11-08,049ec66b52dce434c8435d48cb962d9c,2017-10-14
f442e8ce7252d20139480cdb55291b5c,997ece18cfd25f3391063ee98943491c,delivered,2018-07-30 19:01:01,2018-07-30 20:20:16,2018-07-31 14:52:00,2018-08-01 19:21:00,2018-08-02,8ca2d7073689a1dace07bbfb2ecc4614,2018-07-30
b922c642dfb5ebad3b03394bd2ac0b61,f379288a768efb41074824c23af39c5e,delivered,2017-10-25 01:42:26,2017-10-26 03:09:43,2017-10-27 18:12:55,2017-11-06 17:04:58,2017-11-13,accdbc82114c2b7158a39d5a2d5e0f8c,2017-10-25
c71b9252fd7b3b263aaa4cb09319a323,0ecf8e0a08148af0bf313184f167670a,delivered,2017-12-10 20:07:56,2017-12-10 20:16:20,2017-12-21 16:27:01,2018-01-09 22:28:20,2018-01-12,fffea47cd6d3cc0a88bd621562a9d061,2017-12-10
ecd1661658d34312cf9ac2bf34ba3b6b,bcec3938d91ba9a3bf2c4261a44cb9f3,delivered,2018-06-30 18:49:36,2018-07-05 16:25:45,2018-07-03 11:46:00,2018-07-05 12:58:37,2018-07-30,6cc12c7fe99ee89f0c685359fa81868a,2018-06-30
e80d26af187e86a23accb193a999be40,591b9ee746511d856a9341b7e87fbfe0,delivered,2018-07-14 10:37:55,2018-07-14 10:50:10,2018-07-31 14:10:00,2018-08-15 18:04:16,2018-08-06,b31e37349201c9fe959cf4d69aedf167,2018-07-14
fa2925bdbb799073bec7b6fe2bd88a1b,66aaeb93939902f6cbc196d9f6e103e2,delivered,2017-09-18 10:41:15,2017-09-18 10:55:48,2017-09-20 20:49:59,2017-10-11 16:53:55,2017-10-09,3c52e57f04ed829bc3d963659df8b11f,2017-09-18
654782d40981f50f850136dbdf11b783,44c231630b61cde2d9fd7c2311f0044c,delivered,2018-03-21 15:35:07,2018-03-21 16:15:41,2018-03-23 01:27:58,2018-04-05 20:26:52,2018-04-12,5477633464629dfe2250f058ced9efa8,2018-03-21
dd804880e8bbe570f05a48fe008632e2,8fd85d9eff1b41fff629b2f0e33831e6,delivered,2018-07-01 15:38:20,2018-07-02 15:35:20,2018-07-03 15:04:00,2018-07-04 22:18:49,2018-07-18,21362430ee4d6fe47b6aa84888fb5457,2018-07-01
9cde7398ead60380bf2289455b2d8dec,54331cadd9ddf19eefc8fa76be1f8b52,delivered,2018-05-01 19:56:59,2018-05-02 20:38:26,2018-05-03 13:56:00,2018-05-10 11:42:19,2018-05-28,c5fe197416b0e71cd546b7fccb249160,2018-05-01
100ebf8fcba296158a4021a35cfa1bf8,68b8412a0ff432e46e7437a3540a23be,delivered,2018-04-14 01:37:53,2018-04-14 01:50:07,2018-05-08 14:04:00,2018-05-09 18:23:35,2018-05-09,894ff9cefb0f7e13b46dc360fb4d5c26,2018-04-14
12d17826f8fd792f6af768cda051ff77,61f5f31454727ff6b6b334255821dbe1,delivered,2017-09-08 15:12:35,2017-09-08 15:25:23,2017-09-12 22:32:25,2017-09-22 17:54:06,2017-10-03,a619eccdf0cc38c8dcb83f2ce9de94eb,2017-09-08
5fb33bff8f41b3adeec3852d10c5f9fb,40496dcef249e615acf6dce37be1371e,delivered,2017-10-03 12:06:02,2017-10-05 02:44:21,2017-10-10 19:59:35,2017-10-11 16:00:10,2017-10-19,e45c8476b2c3d3dae2d31ea4ba48d1b9,2017-10-03
56fcb6d24acb1b94dd4492f663187b69,010f3c6e21051748f72f762b9a7cb85d,delivered,2018-06-06 15:31:19,2018-06-06 15:54:16,2018-06-08 03:41:00,2018-06-19 21:03:12,2018-07-17,52d40ed525892e7b31fc34aa750419c9,2018-06-06
a3be501a8812439658c3fc6bd155881c,3ec12082c31cb22827d131a68d8578be,delivered,2017-11-20 18:01:48,2017-11-21 03:46:23,2017-11-21 22:43:08,2017-11-24 22:06:34,2017-12-11,709358f437f82bfe6908cfb761d1a456,2017-11-20
c3dc9e818772dba4ee8082d999b9982b,c81be245d79521ba879058295a8e7e24,delivered,2018-01-05 08:35:08,2018-01-05 08:47:26,2018-01-08 20:27:37,2018-01-17 17:57:21,2018-02-19,b0177912ddf632d8639faab15385a07a,2018-01-05
1d0288c49db00e00965c4d82d464f61e,d9dc4c863c0cc6b41d82325c0eed846b,delivered,2018-04-02 10:57:09,2018-04-02 11:10:17,2018-04-02 20:56:33,2018-04-12 01:36:35,2018-04-24,f78825f3ad88cfa5fb990df83a012f83,2018-04-02
4a3c3165d36ab4ae894bebc33c199af9,bfcaf458a9fbd5fdae2eb2babf3e2f23,delivered,2017-03-24 21:35:25,2017-03-24 21:35:25,2017-03-29 11:04:13,2017-04-07 07:34:35,2017-04-12,1351a27a0e86eb5fb277b5bfd2fe1d10,2017-03-24
3d823294391810fe4c1cd13b5d513587,73fcec04040916e06363f45d9d4ee015,delivered,2018-04-30 13:01:44,2018-04-30 13:15:22,2018-05-02 11:55:00,2018-05-03 18:26:54,2018-05-14,8ebb7c2d3929cd67e7026bf1e76bcb37,2018-04-30
832c7364e0bee77d8763a327983c1b8a,7edc172be2eb9a2b916b7c8bd98b8b65,delivered,2017-10-19 15:53:20,2017-10-19 16:07:38,2017-10-20 19:57:58,2017-11-03 19:51:50,2017-11-13,c4536b58064f144d0538c9cc69c2765d,2017-10-19
02e8498a91ec0e72dfaff47b27c805a3,c4866f0b17eceb1322854c023648a596,delivered,2017-11-03 13:40:44,2017-11-04 07:30:41,2017-11-08 18:06:33,2017-11-18 12:41:58,2017-12-13,d2e88d9c50422550ee9b0fc82c8208c4,2017-11-03
1c7b6d63329bdc850ffdb1a9ad6d6ded,2b8a8ed99205231864b4a61ab286e939,delivered,2018-04-13 12:59:58,2018-04-13 13:35:10,2018-04-26 12:59:00,2018-04-27 19:22:00,2018-04-26,b8c91dde0c3c646f0a6ebe298abc40ff,2018-04-13
03d0e68d9f396f3c4e69dbbb0abc3564,a2b7d88f0af86d43c92fa477a46a12e2,delivered,2018-01-24 09:22:03,2018-01-25 02:58:15,2018-01-26 20:59:03,2018-02-23 19:04:09,2018-02-16,3c14caac61247f855866af6c65521d1a,2018-01-24
1f43faaaec9d571cead8f6591ff97315,c9d9edbebf9551585140bcdc31ca422c,delivered,2017-11-06 21:42:01,2017-11-07 05:31:57,2017-11-07 20:16:48,2017-11-18 16:16:51,2017-12-01,ec029cf7407b885488d9268c18a0651f,2017-11-06
eae46740151daff6420b7acc4a9348f9,297ce1faa7fd43b6c512673f8ee51322,delivered,2018-01-04 22:42:14,2018-01-04 22:50:34,2018-01-10 20:53:31,2018-01-24 12:47:12,2018-02-06,990e9e5aff5387a6c9cc79d9c4a4c5f6,2018-01-04
41601ce3031e924168afb94d2758f80a,12c50c22a6f04953fceda99928b56847,delivered,2018-01-16 11:53:00,2018-01-16 12:16:50,2018-01-19 20:28:59,2018-01-26 00:26:27,2018-02-09,3bf09bc70fd7722cf5d9f48503375cd0,2018-01-16
b857022c441c749e56d9722e49382a9a,962f5304e0c4e63d74fb81bbafac050e,delivered,2017-08-08 16:19:13,2017-08-08 17:00:08,2017-08-09 19:46:01,2017-08-21 19:33:38,2017-08-30,14f961871f9afdb3d3aa2dd15f024f20,2017-08-08
264a3a8f5e888009fe47b3b3230db4fe,071d06d853a81c7dc7f80666509c9cd8,delivered,2017-11-19 18:56:00,2017-11-19 19:10:22,2017-11-21 14:14:53,2017-11-24 20:16:59,2017-12-19,c76b710293ee9d018a0d272f06a6abc4,2017-11-19
0e6fbe6b74c3fbd8ae67a714d0960334,3e028159ab3495f06edc695510fb350e,delivered,2018-02-14 19:47:59,2018-02-15 19:46:18,2018-02-17 00:36:59,2018-03-05 15:05:03,2018-03-13,eca70312656bd012e783415348e36392,2018-02-14
c9c382f83e175303a797ca7de7240679,a3969268e289143c8a672a9d36942206,delivered,2018-08-14 09:58:16,2018-08-14 10:10:12,2018-08-16 15:18:00,2018-08-21 20:38:39,2018-08-29,5e237c923446d52bdb73ffa484329c0e,2018-08-14
d47c3e59ac03430c6e743c61f7e6bb6c,76c0d64a9adad6e6b3b7238dd8b4f16d,delivered,2017-03-17 20:31:09,2017-03-17 20:31:09,2017-03-20 09:26:50,2017-03-24 14:57:40,2017-04-05,4a90b70e6a086d75acfa79a1cf513813,2017-03-17
4c5d211b472b4169ab861de4517d16a0,4414a05a42bf54509daafcc5e6ecafed,delivered,2018-07-30 11:08:40,2018-07-30 11:44:29,2018-08-01 13:34:00,2018-08-09 18:22:52,2018-08-17,96cac4721c9a7a61d574c379183c2fba,2018-07-30
bbf8379df25b807eb1dabc84d060f8a2,b8355c60d2d4ed37c4a50fbd96d629cf,delivered,2018-04-03 13:49:05,2018-04-03 14:09:54,2018-04-05 00:20:52,2018-04-21 09:22:08,2018-04-20,951c6c9f82c03f9664a62fbba21297e8,2018-04-03
e2eefd0600a39b014ea34b3f4196d261,e7b4533fa7975f8c10b1b6223fc39e68,delivered,2018-06-28 09:34:18,2018-06-29 05:10:09,2018-07-03 14:08:00,2018-07-09 19:28:26,2018-07-23,cfbcec6965ceef4adb67c82a3b17e9ba,2018-06-28
0ee8b349c2365dd4a396a819fc586cc1,811dbd93ca80a655bef10c57d80b0fc4,delivered,2018-08-15 12:13:18,2018-08-16 10:10:21,2018-08-17 13:22:00,2018-08-23 18:46:59,2018-09-17,041dc685b89c2bdbe0266667d2a3ba97,2018-08-15
af2822be6a722a21405c9aba959a9968,bed9755b0f311df74364ff0eee0b8297,delivered,2017-11-06 11:35:24,2017-11-07 07:30:28,2017-11-08 14:56:53,2017-11-14 20:19:44,2017-12-20,21325012e96d5549c44148c2d65ca3ee,2017-11-06
eb0569e6b5aa37069775f4c0b4609104,2173c184771a8a19f6fc87d8b3dea9e0,delivered,2017-12-29 18:20:04,2018-01-03 04:28:13,2018-01-05 20:28:37,2018-01-15 22:46:52,2018-01-29,5e65571d0f33dc17c099484ae3f25a4a,2017-12-29
71394edb269e67b8431cc1c355cc53df,6e8a30827c4d5bd095c436b486502fcc,delivered,2018-05-29 00:14:52,2018-05-29 00:34:13,2018-05-29 08:58:00,2018-06-06 14:22:47,2018-07-13,0b1863ef940d2c99493c2c551d7e3470,2018-05-29
59fa27082bb77c5dbd8a6568f3b34380,1013b3cb87e89aa951b7f556f8c26d33,delivered,2016-10-06 11:32:00,2016-10-06 16:05:17,2016-10-30 14:37:41,2016-11-01 15:04:41,2016-11-28,0032c76b20340da25249092a268ce66c,2016-10-06
2b124ad880bc7d6eb045e056c3e68449,f3a563a285a27bcdefbd0a34c925c2ba,delivered,2018-01-09 15:07:01,2018-01-09 15:14:56,2018-01-10 21:43:33,2018-01-25 03:32:20,2018-02-06,a7176ca5eca308497ac14e5215717010,2018-01-09
04ff62d0684a80831afbdc2f6e56259f,86f29a9accefc7429257806c483a33d5,delivered,2018-02-24 20:28:05,2018-02-24 20:47:30,2018-03-02 22:54:42,2018-03-22 23:58:50,2018-04-03,c0be6bc8e812b7d98c9e19f2aedd0ed8,2018-02-24
c87e33940b3c077af4e6fbaa166e54bb,0894391273e30b291b1aa54fb3558cf0,delivered,2017-12-15 16:45:36,2017-12-17 17:31:29,2017-12-19 21:36:58,2017-12-20 19:35:11,2018-01-05,a0c3aff9fee133d4074d813ccb197391,2017-12-15
1f70d88d8d6e9880a9e50ee78420c24c,bb24d17eeb70555031e8a703ca441320,delivered,2018-04-18 00:07:32,2018-04-18 00:31:04,2018-04-20 01:04:18,2018-04-26 15:41:07,2018-05-22,89d8c3677e8676d5f5ce7ee3efb3dfd3,2018-04-18
cc129041e3294026c267be4f2d551fff,5e53e2a2779757e58af04c6658e584b6,delivered,2018-07-05 15:54:01,2018-07-05 16:35:23,2018-07-06 10:25:00,2018-07-10 22:32:45,2018-07-20,3b68eb6d771925a9808f61a26a22c7f5,2018-07-05
55c784ded75d252ba646536f7e8506b5,4ba06f0d95d8065031a5696bc5770ac3,delivered,2017-12-25 15:48:56,2017-12-25 16:08:48,2017-12-27 18:54:39,2018-01-16 14:49:48,2018-01-24,9c79acd7285c6c648be96d76e7489b4e,2017-12-25
1c6f522187684a43d8e63af5fa10ef9d,e45c89d18c5c4e8a85e2e2d38f32f66b,delivered,2017-07-04 10:33:53,2017-07-04 10:45:18,2017-07-04 16:05:05,2017-07-14 15:55:14,2017-07-28,37fcc959606ea0690e0d0864683e36bc,2017-07-04
28d07cf52af4d36587d0347032cebdfd,e46d784120ec7a182ab6f26db4487ab5,delivered,2017-10-11 13:17:05,2017-10-12 02:47:02,2017-10-16 22:17:08,2017-10-20 18:37:35,2017-11-07,a44b727db340f279a25c81eac87b8aa7,2017-10-11
ed6a5bda2bc5622a2aa6c590eb109444,7d4ee92a956f343ad327176573f038e5,delivered,2018-04-22 18:04:59,2018-04-24 18:52:59,2018-04-25 00:36:34,2018-05-02 17:32:13,2018-06-04,f6140765ac45e63f8eeb8a3567bfc7df,2018-04-22
0f213d7015dad47737aecd4d7403f919,3b4f9ebb3e9698afde1d95156d5e3a92,delivered,2018-08-03 21:43:05,2018-08-03 21:55:23,2018-08-08 10:56:00,2018-08-25 00:05:02,2018-08-16,e791de1ba26a76b40c0e6e2e9a5eccae,2018-08-03
b3f4315fb36e8dee48aee5a92e674f64,dc5652c2466d261f4de94e0d2087fa90,delivered,2018-05-14 11:03:42,2018-05-14 11:34:23,2018-05-14 14:07:00,2018-05-18 00:09:56,2018-06-11,fc0f5429b80aba9f38f8344dcaa7e678,2018-05-14
f4da7d0ac805794a8e666416f2c20f60,f5ec354e3eaa4533604f5c8dc14d5226,delivered,2017-09-30 14:35:09,2017-09-30 14:49:49,2017-10-03 15:28:54,2017-10-11 17:43:16,2017-10-24,bced181ebb1d89d30981e67f0b00337c,2017-09-30
2b28c958aceae6cdb1ba4ad008963b78,a4767447abb2ab008dcbc5b3eb8865ae,delivered,2017-04-29 20:13:00,2017-04-29 20:22:42,2017-05-03 13:56:50,2017-05-10 08:46:36,2017-05-26,69937b29053f17d6b5f4ababbdda0ac3,2017-04-29
03952349aca310eeba691019501388de,94244564d138d5b05de63ad1c686d9f6,delivered,2017-08-29 20:46:02,2017-08-31 02:35:53,2017-09-19 19:44:45,2017-09-26 21:40:48,2017-09-29,c13530d507fdf2fd5bf72d142d402cf7,2017-08-29
8486f414a491ce27cbb5e501739d2d04,302cfa22e775ebe3ed559b2cad06f4a2,delivered,2018-02-12 21:04:36,2018-02-12 21:15:24,2018-02-14 23:58:55,2018-02-17 12:58:00,2018-02-26,55efe0d41e47d41465ea4fb5f8badee0,2018-02-12
ad9a8214948a5bbd4fa03af2ea598a20,921e7175793c295e163d9bd7c8b1c1ee,unavailable,2017-05-07 21:27:38,2017-05-07 21:42:10,,,2017-05-31,270e89284af9c8a19bbb7d4665b51417,2017-05-07
ffc4072a9ea36a3341efa25b69c449eb,7f586eb14090136ee43c20ebf1324248,delivered,2017-11-16 18:18:12,2017-11-16 18:35:51,2017-11-22 15:22:57,2017-11-27 18:03:10,2017-12-04,b7cc2e46c75c85df5720044736d2721f,2017-11-16
41713846ac2af0e189ba1b8ba8288e64,1a9e43268e5d612e8f5794dfc526c0da,delivered,2017-06-12 06:50:21,2017-06-13 03:45:21,2017-06-14 14:29:44,2017-06-23 10:52:08,2017-07-07,3581c8549fdcf2a7f05f922b348bae3c,2017-06-12
a61449ea71960d5092cbe8762cd53620,b678d5eddd92bc4328c99f82462e179d,delivered,2017-12-17 19:05:46,2017-12-19 09:57:42,2017-12-20 23:39:05,2018-01-04 20:22:02,2018-01-12,fd287a3e81a1d5e6f8337f3dc3e5f10e,2017-12-17
9aeaadde646cd9e4c51638f24ecf63cb,b9f1e74e29e518dde4d453acdcd1c7e6,canceled,2018-02-09 16:25:56,2018-02-09 17:00:25,,,2018-02-23,ef3dc353e727cc100dff76fdf0ab8a19,2018-02-09
2db8bb66bd5b7b1777d5b5729843ff03,8421619ae92243de86c872d87adb6996,delivered,2017-03-21 10:00:52,2017-03-21 10:00:52,2017-03-23 08:42:41,2017-04-03 10:53:40,2017-04-12,b93daa596df18a4a20edfb7d529ebba7,2017-03-21
c78b50d1c5ddfed2a5394dd0e90c4e99,634abb8644a5c935250dc7d8201413bb,delivered,2018-07-10 15:08:54,2018-07-10 15:29:55,2018-07-11 09:00:00,2018-07-12 20:47:32,2018-07-18,f1c7c8618ff7bf993383a5796fb0f9a1,2018-07-10
40af1ae902bbec62efba703b0fc0e8ea,2323d9f72689f9da252e89663301435a,delivered,2017-07-25 08:31:46,2017-07-25 08:43:12,2017-07-28 16:57:42,2017-08-02 20:19:46,2017-08-18,73278b59b2b5f03916ad797bd298a641,2017-07-25
5ce13e60c6c8f2bad1ea6a41c2b6451f,66e8cd15def4261b910039d661c63da0,delivered,2018-08-20 23:25:36,2018-08-20 23:35:10,2018-08-22 06:16:00,2018-08-27 13:58:54,2018-09-05,5460c602044c610414e3faa53a9f2e9c,2018-08-20
ca67ed4e41d10ddfede1632c9ccc1c8b,5d08033bbe18873d442b007496ec9774,delivered,2017-10-09 14:50:46,2017-10-09 15:14:27,2017-10-16 19:45:45,2017-10-26 17:12:57,2017-10-26,803b4fc75d3fe8c5dbed83f50b3fbd8c,2017-10-09
5f388b746633707438472151bf468e6f,4a7fe722558b97f3103ff8211dbf65bf,delivered,2017-12-06 08:08:38,2017-12-06 08:18:22,2017-12-06 21:47:09,2017-12-07 20:29:51,2017-12-22,1aa0e78e75e6a9c055b97b6989daf87a,2017-12-06
f5dd62b788049ad9fc0526e3ad11a097,5e89028e024b381dc84a13a3570decb4,delivered,2018-06-20 06:58:43,2018-06-20 07:19:05,2018-06-25 08:05:00,,2018-07-16,2f17c5b324ad603491521b279a9ff4de,2018-06-20
74ad5ac7e3d4f54b5c3796fd7cda5ea2,ce2ad589763ca27d2ab0ba2016120e55,delivered,2018-03-25 21:09:00,2018-03-25 21:30:26,2018-03-27 17:58:29,2018-03-28 19:27:41,2018-04-06,1b63ff75fe4dfe6f913429b0c54042e7,2018-03-25
e39b1c0568bb5cbcb35d685fc1185634,753d6cf7d8ba649983fc6e04ddb58024,delivered,2018-08-27 18:25:28,2018-08-27 18:35:23,2018-08-28 11:09:00,2018-08-30 19:31:53,2018-09-04,6e1bd606bd55f8d88842159f291a4501,2018-08-27
c323f00d4d5c7dd40983179c0ca14894,63d14a19ab8e783063d0133f2bfd2fa6,delivered,2018-08-12 15:47:59,2018-08-12 16:04:25,2018-08-14 09:43:00,2018-08-25 01:11:49,2018-09-04,d403b08458e8dacf5049334ed0222826,2018-08-12
53a2fc4e276fa45a7962cec897d2bc89,96884edb162028aa1d676fdd30629d7b,delivered,2018-01-18 11:37:39,2018-01-18 11:55:10,2018-01-22 22:35:46,2018-01-25 22:25:35,2018-02-08,cd7b33ed99da4f4027d6669f34badbdc,2018-01-18
a2b510cbf99b001ef7b7a9aacc9789a8,02292531f73bf941ef5b09341e195e37,delivered,2018-08-03 23:49:32,2018-08-04 00:04:07,2018-08-07 10:21:00,2018-08-15 17:37:28,2018-08-17,f301770fef415a61a88855ab733174e5,2018-08-03
012f29911fcd2f1209d937741a6bbc6f,63a479f36824ee8972e112caa2e4e64a,delivered,2017-05-16 15:39:55,2017-05-16 15:50:13,2017-05-19 09:39:40,2017-05-22 11:44:45,2017-06-05,28dcad8be7db3ef1b0e1f5da9f19bec9,2017-05-16
ebe8e5e35f85b19e3b8132a054bbf523,8a6141945cdd81b6483d6b40121d5366,delivered,2018-01-27 18:47:46,2018-01-27 18:56:26,2018-01-30 16:47:50,2018-02-05 23:46:29,2018-03-01,6197167907273be5ee2c7ab59d4ec8e1,2018-01-27
814707e8df2523bcaaa907ccf2509212,83c0d28b5d80d2725c0c9da9fcbecf62,delivered,2018-02-15 22:38:42,2018-02-16 14:32:32,2018-02-16 17:28:33,2018-02-24 00:13:37,2018-03-08,7bd0324eae034490c186f6bb9093b733,2018-02-15
a5283d6db4848796b9bea944339d2dca,c437d2ce8145895f0e3bb3cff1d49833,delivered,2018-05-03 13:35:01,2018-05-03 13:52:40,2018-05-07 12:31:00,2018-05-21 12:38:49,2018-06-13,1bfef32d5ff092c2184529e89f3774e7,2018-05-03
4defd3e3fe1a6db61afe4ebd7b0fda3a,f3e8586ad7f90adb0170d4de598765ce,delivered,2018-04-11 20:08:13,2018-04-11 20:29:40,2018-04-12 21:58:31,2018-04-23 16:45:44,2018-05-07,c922582796ca679b8835fbaa758cfeb9,2018-04-11
277652d641a561b871127afe3f44b952,9ecf2bc6369607481b42c895a84f8b0d,delivered,2018-04-16 09:51:23,2018-04-16 10:10:52,2018-04-16 18:58:41,2018-04-19 19:57:27,2018-05-10,903d8624e0d10f1a8b1567c0e543b01b,2018-04-16
fe808fc011ee4ae41f2ed8d1d52b6670,fe13bf26a277dc7ff9c2e79d43538ba2,delivered,2017-11-23 14:32:09,2017-11-23 14:49:03,2017-11-24 17:48:54,2017-12-08 00:38:12,2018-01-05,29e93464b8a39aad632f2ad8cbcb1715,2017-11-23
c5a2f330a53172144cc43fba697c2e8f,fb389b7d0cd2c402928c0ae831dc27ba,delivered,2018-08-08 18:52:43,2018-08-08 19:05:10,2018-08-14 15:03:00,2018-08-20 13:43:44,2018-09-20,78166e035051f0332e453bd9f28b6879,2018-08-08
410ca45d84f47d06fba1e4476a10b392,06703b3d47c703a3e163cd1769c2c53e,delivered,2017-03-30 13:10:18,2017-03-31 13:15:49,2017-03-31 14:12:10,2017-04-05 13:51:59,2017-05-05,8f3eef80fef6d26aca45231210bcfe63,2017-03-30
48e816000dabe8c0fa48760793be1be1,cd5bba0660517b2afba428633d6905e6,delivered,2017-07-20 10:18:36,2017-07-20 10:30:11,2017-07-20 20:21:55,2017-07-31 18:59:45,2017-08-15,7c3ce90fb0674f82cb9bcb9f827b7ee1,2017-07-20
8065c72fce26b871dcba7ef49bebfa48,1d66aa095196064fed180c1b83dae50b,delivered,2018-05-13 13:20:54,2018-05-13 13:35:12,2018-05-14 14:22:00,2018-05-15 17:27:00,2018-05-25,5901f42d05cd4ecf77fc6f2608ea6aae,2018-05-13
b0247f256d2486d4cb5f3bf93dd84eb4,30c6c7a5f5570eea755284d1775568b8,delivered,2018-05-27 16:42:04,2018-05-29 03:14:46,2018-06-08 10:24:00,2018-06-20 13:28:42,2018-07-26,fe2517f53818830d508656b7f68d1fae,2018-05-27
7527dc48e587e3cc2071e727f32a2610,1d96ca9c6b79fe73bcad683eb98a4c56,delivered,2018-05-10 00:22:46,2018-05-11 03:10:47,2018-05-11 12:26:00,2018-05-17 23:38:47,2018-06-20,67b800182488717f1a9f89cf8b71c75a,2018-05-10
50bfdb0627807130b8f989106c985a75,e7e3b6addd9cbdada337bac46efd5810,delivered,2018-08-07 09:54:16,2018-08-07 10:05:15,2018-08-08 18:00:00,2018-08-10 00:48:18,2018-09-06,f0ac405c280fab1d087b8982e7801b54,2018-08-07
ddc3b6d5a6e5e69a831ca246a5eefce0,e8475ac6fc6c019a6bd0f861a852d153,delivered,2017-10-11 17:32:45,2017-10-11 17:46:28,2017-10-18 14:25:43,2017-10-23 20:58:45,2017-11-06,7990e67a56061b69a0044631500f4cba,2017-10-11
27b01bbc397d9282e115008e0d914f2c,b73808a9b8c9bab42e9f738c8f2b16ad,delivered,2017-02-01 17:39:57,2017-02-01 17:50:16,2017-02-03 10:35:42,2017-02-16 13:28:11,2017-03-22,70d043346d334f297cc8fc7b20ebeb43,2017-02-01
b1a79ef890283bdf9f95a4a4ef07f4f5,ff9f33a3b99d4aecf89c3361baffefae,delivered,2017-07-27 17:50:00,2017-07-27 18:03:31,2017-07-28 19:19:47,2017-08-03 22:14:40,2017-08-16,d503466cd48374ecba920e404cfc26f9,2017-07-27
e52c9dfec957c503bed5d050a39c740f,8b8cd016c44d0a90a6523a2a52cf4369,delivered,2017-12-09 18:49:23,2017-12-09 18:56:28,2017-12-14 22:22:31,2018-03-27 01:57:14,2018-01-08,986a1b438314437b3314a95ce59000cd,2017-12-09
377495cc02054f98a51667ad0e5a3933,bedcdf62b6f7fdc5c051adfe5f95d7c7,delivered,2017-08-13 14:41:35,2017-08-13 14:55:18,2017-08-15 16:57:20,2017-08-24 20:02:53,2017-09-05,84221ef6a84e65bd86d451937df0a476,2017-08-13
2f43e00527fc0602c116560861680ecd,54224cb0ac10a018b2dbc51d4a8d89f5,delivered,2017-11-24 11:16:55,2017-11-24 13:15:51,2017-11-27 22:22:03,2017-12-28 21:09:46,2017-12-26,219ec5d6da3d7c5133da30b6afd3d17c,2017-11-24
793d6cba27a505c143022119b8f313f8,2b51fc9067066cd728116c01796db41f,delivered,2017-07-13 11:44:22,2017-07-15 03:34:40,2017-07-18 13:42:23,2017-07-26 19:09:34,2017-08-07,575001643331ab040be0214a113da0c0,2017-07-13
40d8fa0e0533d4f1e5e5fe1cbcca3739,e8adb2978a9295aa6e384d5945d4a60d,delivered,2018-03-21 17:16:33,2018-03-23 19:27:37,2018-03-27 17:58:39,2018-04-04 23:34:29,2018-04-10,e1ebe93c4eac67877eea44be1d3750a2,2018-03-21
67751830e2d59234b32c89aa419117d2,931cf856e7ecbb379fae8e9b75eb4be1,delivered,2017-12-24 18:03:50,2017-12-24 18:12:24,2017-12-26 21:24:01,2018-01-03 22:48:59,2018-01-24,d4ceed14b6517ee0d3b3d59cc0639794,2017-12-24
d9f4838ea42729e0b08088b15492477b,39592999581de2960ceaab403add3205,delivered,2017-08-27 22:11:18,2017-08-27 22:30:20,2017-08-28 21:03:47,2017-09-01 19:17:37,2017-09-14,3d7fb21a86fa49b9dce2ac0814d6dc22,2017-08-27
3a64848764705419900d8390cb2ed7cb,d6dea36a07b3602c55b6645d48473b0b,delivered,2017-12-04 10:07:57,2017-12-05 10:03:15,2017-12-08 17:33:49,2018-01-17 16:42:01,2018-01-05,f51fe5ffdf8591e3e2e2cd39d28b5829,2017-12-04
63c97617b533cbeb9d57b0f1e8d88adb,c6cbd465d9e44f6214746adf98fc9a24,delivered,2017-04-18 10:08:07,2017-04-19 10:15:07,2017-04-20 16:30:07,2017-05-04 10:36:53,2017-05-30,f3ce21853fc25a3d644f90bbbb063412,2017-04-18
331b367bdd766f3d1cf518777317b5d9,576230a5830c1bebb06d2ee474e79555,delivered,2017-09-04 23:02:26,2017-09-04 23:15:15,2017-09-05 21:53:48,2017-09-14 20:22:47,2017-10-02,4c45ebf94ecf4107850d91bc326851c3,2017-09-04
80759217e6015f8b5a0582f6f216bb09,bfc1001239658534dfc7189440067a2f,delivered,2018-04-21 22:41:43,2018-04-24 19:17:11,2018-04-24 18:48:37,2018-04-30 15:58:56,2018-05-17,8f898be8cf40841704797609fe464c39,2018-04-21
b84fe8a21d1d5e8f5dad9065cd163305,49567b7e8653a181f6470b6ade8d2a9b,delivered,2017-05-24 09:16:40,2017-05-24 09:30:12,2017-05-26 14:13:03,2017-06-06 13:43:26,2017-06-28,cd5740d455fe33fd394fbecc7832c506,2017-05-24
3db332b439966561ec7ce3123bfccefb,c1bd03bf0a51f89d26fa62e10a00aa66,delivered,2018-04-19 16:55:31,2018-04-19 20:10:55,2018-05-02 15:39:00,2018-05-03 12:06:57,2018-05-10,c07fd3ba0a2fbde90f1c875580e9ef4b,2018-04-19
cd237ee594c1e46dd6a74724995d4a65,567936cf4ec7231dddcc813cd75a5ee6,delivered,2018-07-13 22:27:42,2018-07-14 22:25:16,2018-07-18 14:45:00,2018-07-24 18:52:32,2018-08-02,457e83b0e1fe8fa1d67711e8306edba0,2018-07-13
7a7ce47ebeac8469117cd0b044c03d1b,159592697daed3c64e9bee76517ac291,delivered,2018-06-15 15:08:37,2018-06-15 15:37:31,2018-06-18 13:55:00,2018-06-21 20:21:46,2018-07-11,ceb89b6044ff901055a2e001ab43ba78,2018-06-15
cf7a335e516a91cbb3a5080561ca28be,a1bfe32cba9e76e58380f9609de10cfb,delivered,2017-09-23 13:55:11,2017-09-23 14:10:11,2017-09-27 18:57:49,2017-09-29 18:50:00,2017-10-10,2a3c4f6de6d9bf02b87f994f7203c465,2017-09-23
0c28b673ceff9e07c5de4539bb0d4ed2,bc11dc645f9b9b92ae2581fc582cff93,delivered,2018-01-22 15:13:40,2018-01-22 15:38:09,2018-01-26 21:58:06,2018-01-30 16:33:56,2018-02-19,bd206a7660975fdb59a59e425fb0b186,2018-01-22
c1ca4dea0d87cd383f5790fa7a5bd78f,6eea5b862fb7248e506d45f675aa82cc,delivered,2018-07-16 11:21:09,2018-07-16 11:30:18,2018-07-16 14:21:00,2018-07-20 17:34:39,2018-07-31,12dccbacd662f85d8663380a8e64d4c6,2018-07-16
425a576f4dbce35f760bff4c6d50015a,fd1b0a4fffd0008ee694cef075b6e987,delivered,2017-07-30 19:26:51,2017-08-02 08:33:48,2017-08-02 12:08:17,2017-08-14 19:06:04,2017-08-24,6f9eb3224161ba85a9e378aa00daf884,2017-07-30
a2f8f44bc77354a5f4e5bc4a14573d58,6d822462f31cc86382bb8da8b2676f5c,delivered,2017-03-30 09:01:48,2017-03-30 09:15:17,2017-04-10 16:03:56,2017-04-24 08:52:18,2017-05-08,0f0e48a91c9c285404572b095bcb373c,2017-03-30
a199f382a03b7dc25c0dbecbf862d8ab,1379277e48390b20f220d5b54fe4f385,delivered,2017-07-02 16:48:59,2017-07-04 04:45:16,2017-07-04 14:45:25,2017-07-07 18:17:54,2017-07-21,9778e26146f7c6ffe23c65ab43326bfa,2017-07-02
3c7e4eeb2c6c14762f90616740515e92,370a6c4e02da3582774593bbfc7f1eca,delivered,2018-05-10 10:58:28,2018-05-10 11:15:13,2018-05-10 14:28:00,2018-05-15 20:32:10,2018-05-29,fc4449ffeedd204019f6d058ba914a9f,2018-05-10
98887ed2917a8ed8181ea225dc24318d,d4c14a8ec8e7357070cc2bf098be44ba,delivered,2017-09-11 15:06:21,2017-09-11 15:15:26,2017-09-12 21:05:12,2017-09-22 18:11:07,2017-10-05,1fb07a3e5e99a1080a300a485a8dbf39,2017-09-11
aacd30f6c2d18d29984752cb2a7e193c,263aacc6b77047d6465c97f0603cfc01,delivered,2018-02-17 15:57:48,2018-02-19 10:34:09,2018-02-23 00:46:14,2018-03-06 02:48:20,2018-03-14,2f3ecbc62c802caa1d2796ff511703fb,2018-02-17
43c0f811c247046c30643b3c1f3c3e69,519f1ec4a2346da697625c29aae10757,delivered,2017-12-05 16:58:09,2017-12-05 17:12:19,2017-12-06 19:41:56,2017-12-15 13:38:56,2018-01-09,c0c3a3877e47b166130d5f6e76de11d0,2017-12-05
2a94e7d7579b7452fd58d7d93edeb4f7,806a7036f155a4337513c809ec157cdb,delivered,2017-08-18 03:55:27,2017-08-19 02:16:04,2017-08-22 14:07:36,2017-09-04 19:31:54,2017-09-22,02cbd914a9195133282311e609f3b5d7,2017-08-18
fc5f33467c57b2d2ea8571e3bdbdf3fb,1ca7d825177bbb426afe9159c1292038,delivered,2017-04-19 18:05:44,2017-04-19 18:15:14,2017-04-24 17:37:54,2017-05-03 13:29:35,2017-05-15,7d796d54c24eb777989ed7bfc237e13b,2017-04-19
f1dc649e1ea6789e7eddbdaf40aaddb1,31a1f42ba1116f10aa19ca855ffa1455,delivered,2018-08-01 20:21:24,2018-08-03 04:35:15,2018-08-03 12:49:00,2018-08-09 20:18:45,2018-08-28,00d447911e5d5ae87480df8734b915f2,2018-08-01
bca438a94b0b58bd0f7a15666e522042,a9bc2d0b568a1b02e288e4b0f701e792,delivered,2018-07-16 12:34:46,2018-07-16 12:45:15,2018-07-20 14:34:00,2018-07-23 18:40:39,2018-08-02,f0c098c7c1e7e7ead5112b4073c251af,2018-07-16
6c3b48207e30c29cf9d521795daaa5e7,c30ef5697173679058dc8495d53c2e19,delivered,2018-01-22 22:45:17,2018-01-24 02:35:00,2018-01-25 00:44:31,2018-01-26 19:52:49,2018-02-06,71bcaf87e76aef413cd0b4bd7dbc5646,2018-01-22
a9493527e59e8341b49a5d0a41b0623b,fa84499d625f5f019597344d107eeba5,delivered,2018-08-04 01:01:09,2018-08-04 01:15:12,2018-08-07 14:41:00,2018-08-08 13:58:28,2018-08-20,428d376d4bb166dbd01452db6ff42a86,2018-08-04
445aaad4cce346818af0ce07050bf4fa,4e11a9e505a8addbba778b9614e0055c,delivered,2017-11-13 17:03:12,2017-11-13 17:30:33,2017-11-16 17:51:16,2017-11-26 13:33:12,2017-12-05,7699251a3d88d4fc6b9480bdef4856c5,2017-11-13
752b8f7e6ea0235e3f33865ae8c854d8,a82ab31ed80aa76d075e466fdbceddb8,delivered,2018-04-17 15:00:23,2018-04-17 15:15:31,2018-04-20 18:12:49,2018-04-24 16:41:29,2018-04-27,6fa85503209ad6e21d15c6b81a6eb304,2018-04-17
7ad731edc5a78a06b65ed2574a68ec95,d1c491e1bf13808a1ae6506b1000c136,delivered,2018-04-07 19:49:20,2018-04-10 03:49:37,2018-04-11 18:59:49,2018-04-18 15:51:00,2018-05-03,c085cb83e3a5dcbd259c2212337faf28,2018-04-07
e11ba7fd8fe0728dcd89efddcda9fb11,5707fdbd6e18f4c752674a5053504a4d,delivered,2018-02-06 12:16:50,2018-02-06 12:30:41,2018-02-07 17:56:36,2018-02-14 13:14:11,2018-03-05,5bdb6f56a8fb4272b802f504bb6d1287,2018-02-06
42d0d6be3900c1f50190096f216695b1,bd17260667bf9ba6fc98095baadc4d8c,delivered,2018-01-04 12:03:36,2018-01-04 12:31:39,2018-01-11 22:52:59,2018-01-15 15:24:44,2018-01-22,b0b219d68cb80e8440a7fccd3dab3851,2018-01-04
fc566691ba1c7e356bdaa1d5785779df,6646b608fe21146631f6f702a50daa88,delivered,2018-01-02 11:19:07,2018-01-03 04:38:37,2018-01-03 20:27:39,2018-01-15 18:18:52,2018-02-06,a1843144981e69e27270eb08d402b12b,2018-01-02
a2fb909612baaffa7ffa754be0db303f,88b6e100c4f155de3398ec137fe01053,delivered,2018-04-03 22:43:40,2018-04-03 22:55:09,2018-04-05 17:17:35,2018-04-18 15:21:08,2018-05-10,e6b285d2bb6a815e13e2b8daa764f3f5,2018-04-03
1ea3da4089dbf00ee630fbf1f77de978,271aee9e74c1b17eb4d12b6ee0d3eadf,delivered,2017-11-15 22:01:21,2017-11-15 22:15:31,2017-11-16 19:54:23,2017-11-30 21:19:11,2017-12-14,e98fe870dff3a578644ac17850e5fc40,2017-11-15
b00853fe8ddc3b34dd00f0054914241f,a42adaaa0467568a702ec76c3876984b,delivered,2018-01-28 10:21:30,2018-01-28 10:40:21,2018-01-29 18:58:51,2018-02-10 14:13:28,2018-02-23,f5e97d4f5d39a2e38e76b6833982e41a,2018-01-28
5461b16bc5220279efdefe1dba3db81e,2acc0aa04c8ea6b0378fdb3928cd819a,invoiced,2018-03-13 14:36:36,2018-03-14 15:00:23,,,2018-04-02,1373d2b0045db67c3488eea86b55d09a,2018-03-13
dbf76ef1323584fa387945f83b324534,3684d4cae3dfe07bd673aeb1db653210,delivered,2017-09-19 22:17:14,2017-09-20 07:55:12,2017-09-22 17:31:57,2017-10-10 14:53:34,2017-10-17,7973a6ba9c81ecaeb3d628c33c7c7c48,2017-09-19
1ca2f6afe6ba0ec0172d795f09cd06c2,512846cb027d802d48f0eb1ad466c94f,delivered,2017-06-24 21:57:55,2017-06-24 22:05:14,2017-06-27 09:41:59,2017-07-03 14:12:04,2017-07-14,0b364903accb37617950b069fcefa389,2017-06-24
2631dba338efbcea9c3ace77ce210c01,8e941206a8be5ff6eff0de04fa1629e5,delivered,2016-10-06 08:28:19,2016-10-06 15:49:04,2016-11-30 10:53:48,2016-12-15 13:35:55,2017-01-09,22e16e7154401d6eb4f7ba788b3edb7e,2016-10-06
061c97a9bd7911f9d2031e1b820c344f,ddc1e728d2de6666c8a01a42901d36c3,delivered,2017-04-21 13:18:31,2017-04-21 13:30:12,2017-04-24 11:59:42,2017-05-09 10:27:56,2017-05-16,e411f7646017f3ade17f5db10505736b,2017-04-21
0e6601766fd993333199b539b66f215a,e2dac290badd339c560cd42df635504f,delivered,2018-01-08 12:57:12,2018-01-08 13:05:47,2018-01-11 13:19:37,2018-01-17 10:24:06,2018-02-05,48fe27212ebfde5779c1bc2b956d1330,2018-01-08
ac3ae04e5a2751b8cfd9baaa3dc58638,ee07904a90221e85a36e0b1babb6981c,delivered,2017-09-15 15:14:45,2017-09-15 15:30:30,2017-09-18 20:47:59,2017-09-19 17:32:57,2017-09-27,a39dff5f2d683c489c6535904e3e608b,2017-09-15
9263d44e38972f77bc8c17ad8c063fa1,486e6cf59ee7f4af8cf4087d860e24b1,delivered,2018-03-18 15:17:37,2018-03-20 03:35:46,2018-03-27 00:54:30,2018-04-16 22:51:39,2018-04-11,4b79f3bf6e84367f7344ece01cd3c458,2018-03-18
b830a4b74c882c5439267917c3789337,6542ad6f2d4ca9eda1274b75b89b7db1,delivered,2018-03-20 19:03:03,2018-03-20 19:15:36,2018-03-22 21:10:55,2018-03-26 15:46:59,2018-04-09,88d47775ae6b3a3dcae24733290cbf05,2018-03-20
1d0ec3f28fc4f0dfe429d70f0f2acf7f,96a609f65bb190005427d012320e45cf,delivered,2018-08-18 15:25:36,2018-08-21 04:35:26,2018-08-21 14:44:00,2018-08-27 17:30:28,2018-09-05,666ffb10cccacedbca81902616a4e09b,2018-08-18
3e32d369b9dbc9c416fd67b85e7c4ba9,e046261f5d5fc79effc2c2ab67f4e015,delivered,2017-05-31 14:41:11,2017-06-01 04:23:01,2017-06-05 14:59:44,2017-06-09 17:33:42,2017-06-27,6262c41360266ae4843f72f8cb345640,2017-05-31
64c0c5937e0922b1d2f1124087499646,761a6661420ac3fe268bdb4140898575,delivered,2018-03-25 17:53:55,2018-03-25 18:08:08,2018-03-26 22:38:54,2018-03-27 16:21:53,2018-04-20,991c252d91c948d7759202f7072a85d5,2018-03-25
84100b23fba8756e8a776f96e110c04d,d1e9dfc3cc11c1c913325204a045808f,delivered,2018-02-20 11:34:21,2018-02-21 06:15:18,2018-02-22 18:17:03,2018-03-08 16:25:44,2018-03-12,1f79ab9301eabef4e5576df4a5b2a915,2018-02-20
bfcb171109072a41eb811fe6bda0c94d,2a73c0df0b9ae8d6ede300241d3f2c4b,shipped,2018-04-01 18:31:24,2018-04-01 18:47:53,2018-04-03 00:38:43,,2018-04-20,a451bbf4e55047a428b79d3fb4f125e7,2018-04-01
1a41f24ba682e06e82dd1ce5f77b6f5e,466417076987cafe57f66ad974bbab6b,unavailable,2017-07-09 13:28:08,2017-07-09 13:42:51,,,2017-07-21,83eba0aee8223bab71f9650a049bfb55,2017-07-09
f4648b67b522b668ee82118f15e903d6,2b58e015093f2ab36341fb456df8ca19,delivered,2018-02-15 21:52:41,2018-02-16 00:31:35,2018-02-16 21:42:30,2018-02-19 13:59:36,2018-03-02,fdd7fa582c8fab6e34ac01565a39915b,2018-02-15
5e0a798e395c3be05f7b2cc9f7ceb6b4,3119195c7ca0da07f02a118f1fd13499,delivered,2018-03-21 12:08:41,2018-03-22 02:55:33,2018-03-22 19:43:41,2018-03-23 13:48:34,2018-04-03,337a05aac67932c3968596778d7dbf08,2018-03-21
e107625561f106fc1d9acae20a7cb794,fc445dec83b9653400ccf10fc313796f,delivered,2017-07-18 20:00:02,2017-07-18 20:15:20,2017-07-20 12:22:31,2017-07-25 18:51:24,2017-08-11,49ae0698a1be3e8576a1f5bffac2d76a,2017-07-18
528e6fd7c03c379de286d97ec507a6f7,a2f85a067e6d39238356fea8d2e54763,delivered,2017-03-18 08:52:44,2017-03-18 08:52:44,2017-03-20 14:36:34,2017-03-24 12:43:57,2017-04-12,1d1e988ee9953a4b4a923367dbf67d64,2017-03-18
a7e81b5cf4f8a13c638129228f4696fb,d436a01cbfaa1bc15ecd84318b408a01,delivered,2017-02-28 22:48:02,2017-03-01 15:35:12,2017-03-02 15:03:59,2017-03-16 09:51:06,2017-04-03,0c896fb1fe1fc0c624cf035a4fc46699,2017-02-28
4d60e5659a5be3b15be731b5882ecc3e,aad247815d757e959d4a0d5e0dabefb3,delivered,2018-05-30 10:18:22,2018-05-30 10:30:32,2018-06-05 07:06:00,2018-06-06 15:32:44,2018-06-25,40c222fdf42ca7cb872bb2c4ebf06f93,2018-05-30
60f0f4f310904e1d0c7d41224fcb45d6,75c822ccf568d44bb0a6066731ef9baf,canceled,2017-08-02 17:56:11,2017-08-02 18:10:16,,,2017-08-30,f0b0eb2ecdbf5fb6b80ff673ebc5062f,2017-08-02
89754e8d7a02b0a3f7aa92d800b25c14,f45387a2a2560b3f197249efd41a2f1a,delivered,2017-11-09 22:35:41,2017-11-11 02:47:23,2017-11-13 18:18:59,2017-11-28 17:43:57,2017-12-04,55b9b7ac793d7c4bd24eaf894106e26c,2017-11-09
1ccd61f3cd66bdcd294756395581ff87,23cd3e02f8fa03324cef55cde5d05d0d,delivered,2017-05-16 18:41:55,2017-05-16 18:55:18,2017-05-17 15:37:02,2017-05-23 11:05:16,2017-06-05,89d484149d4d1d806256d71a030ca225,2017-05-16
1eecd2bcaafb81b8fa1c0c28d3de1f32,74a3ec43f4decf8f77dd1049a10b7a83,delivered,2018-05-26 15:41:19,2018-05-26 16:18:35,2018-05-29 13:28:00,2018-06-08 23:31:51,2018-07-05,9609ec35c80d7690a452ec393d8ffba5,2018-05-26
51ee6ec9a7b510b8ee500a47065a74b8,3c6bafdfdd95f239f5ac3bcf5e56bd0e,delivered,2017-08-31 10:57:58,2017-09-01 13:32:49,2017-09-08 18:20:11,2017-09-19 19:56:50,2017-09-25,d9c29be3c2c8a8068d1775e464ce4848,2017-08-31
84877113d081df48ed8924b8cdde9c90,b6c0ba3dffef7c16d0f3098fc0820a0c,delivered,2017-10-14 20:16:40,2017-10-14 20:28:37,2017-10-16 21:32:30,2017-10-25 17:06:02,2017-11-07,f58428d2d0faf4763fed816c92f04c0b,2017-10-14
bb1471d7b9aedd3bafa3f2dd40db59de,d2ec3bc5feb94e52cf9bef5cf17cf5c5,delivered,2018-08-12 13:57:31,2018-08-13 13:55:16,2018-08-14 12:24:00,2018-08-16 18:18:51,2018-08-27,f59020a6b8581cd8850ece0533c95638,2018-08-12
26b5d26aa210d44b8a3f2310d32643f6,4346732f4434b2e2e2f772838cc4798d,delivered,2018-07-05 21:49:33,2018-07-12 03:06:15,2018-07-17 15:57:00,2018-07-25 14:04:08,2018-07-30,83eac38dcb4ebbc050bbc431af1bc73f,2018-07-05
7d2ce95144e1dac8886fa0b3d498baf2,716fd5f79daef847a1b093ec2be493f1,delivered,2018-02-13 20:16:06,2018-02-13 20:25:26,2018-02-15 22:42:50,2018-02-16 22:08:10,2018-02-26,ad0ab3a7b55bde26410aff17192f6699,2018-02-13
772014e90d68acfafda19b12094adfc8,f36e975a61cbb2d56da68b2ea73c55ad,delivered,2018-03-07 23:25:51,2018-03-07 23:35:29,2018-03-12 23:12:40,2018-04-17 14:34:30,2018-04-10,e0d57fcc716125d70f48d5e7e165a23c,2018-03-07
d33a9fee5f4bebef9e1b0ffaca5a33ba,92c491a4a6ac1070cb634b6fe4be1bde,delivered,2018-01-16 18:37:23,2018-01-16 18:51:04,2018-01-17 15:38:36,2018-01-23 18:23:07,2018-02-08,b0670a6dc7fffaebc5df1a8e7baf65ac,2018-01-16
52c61c311129f8dc9cc4f8f1c84b0b2d,989d0306f46bfd75ab52c21c9d307679,delivered,2017-10-03 15:22:13,2017-10-05 09:14:09,2017-10-05 19:46:19,2017-10-13 17:41:58,2017-10-25,c37b132f9c63622c1305a629a6fc1976,2017-10-03
edbacb2d42b406befd1d4802a1ddf0d6,11261168a6b88ac6f1187b7d8b03453c,delivered,2018-05-15 13:20:15,2018-05-15 13:35:21,2018-05-15 15:08:00,2018-05-17 11:04:26,2018-06-04,9af948a77504ea80a0a3762bc51d806a,2018-05-15
626167e3684a7c5f8920b89c65b38d30,a94a658fc7f1752a7a94ad9eb11bcf38,delivered,2017-10-30 16:38:13,2017-10-31 04:10:19,2017-11-03 19:55:00,2017-11-14 17:38:26,2017-11-22,27aacd37c12bc685a275af86f14d2c23,2017-10-30
083f267075b03a6cd837f4faa2c7b881,773b421ca684d5690679a652c88e7e83,shipped,2018-07-04 08:04:13,2018-07-05 16:33:06,2018-07-12 13:50:00,,2018-07-31,23cff5a5cb2b8c3251dd3889fbd9f9c2,2018-07-04
698c554458e6b44e6f2f1450583c2547,da76f9977b3186c7e1a7c10ec515c835,delivered,2017-05-25 17:10:19,2017-05-26 02:35:17,2017-06-07 14:41:08,2017-06-13 14:56:08,2017-06-28,d27295915d486516b99c3aed8628e83b,2017-05-25
f498aab8c4d72194623c6dcdb2561b3c,ff8d16a27756dee8602746a20cf0cf8a,delivered,2017-07-11 18:38:05,2017-07-11 18:50:15,2017-07-20 20:39:47,2017-07-27 18:52:30,2017-08-10,16af40ec18dcd9725a9dec6ee2efb851,2017-07-11
8b0128d6fee114eb818400897a13c6e7,f1c5f4863531050ba9cb6fbad56f9929,delivered,2017-07-30 14:53:43,2017-07-30 15:05:17,2017-08-01 21:32:49,2017-08-03 20:59:40,2017-08-11,ea154ca47f1ff47008322d22ec63349d,2017-07-30
6993bb3a5f6a76572cdcad1aa5b15eb3,d0c9b58b9310372afa82bc44cfefabff,delivered,2017-05-26 09:40:44,2017-05-27 09:35:14,2017-05-29 12:46:55,2017-05-31 11:05:10,2017-06-23,2e5559f2d9ab421a5c1d9e487431b5a5,2017-05-26
9b9273325c81fdbb834a17e020c6d131,7225c41233573a5e698cddb894951e51,delivered,2017-09-02 15:37:08,2017-09-02 15:50:16,2017-09-05 18:03:31,2017-09-11 18:23:11,2017-09-27,9c4b024163c6d94789844c7966458f3f,2017-09-02
fc10c2bcfb34da9f78f483c17714eef0,36a1aa63bf2ebcd4911e026092700610,delivered,2018-01-14 13:02:23,2018-01-14 13:11:28,2018-01-15 19:59:01,2018-01-17 19:22:33,2018-01-30,41cdec60499a15f95558eaddabee958b,2018-01-14
669ce1216b1f4bb933050232c202be73,9e8a24b073c90a710e41160e9c0ca0b2,delivered,2017-09-27 21:35:47,2017-09-27 21:49:34,2017-09-29 15:13:27,2017-10-13 21:53:53,2017-10-20,b9540ef02d90f54791e88742ac1f8e76,2017-09-27
eed4f2d2a85ee44d1b55652ec08dc645,dc772d5283943bdc7bf3b67188815959,delivered,2017-12-18 07:22:52,2017-12-18 08:51:42,2017-12-18 17:53:29,2017-12-21 18:33:02,2018-01-05,f83a3aa5bc4737b03be1c6ee0b68b81a,2017-12-18
ed212234a6a31d41245df34b141e1830,4e0124b873e33a0564660f4a619d9b52,delivered,2017-11-17 13:00:16,2017-11-17 13:11:24,2017-11-22 01:33:03,2017-11-23 18:34:51,2017-11-30,77a8ce6fb4b79981e856027ff4537ad6,2017-11-17
9228682487293a245fb99c6f6b82fa23,62757d7876f76d66bcc0558e60a9e45b,delivered,2017-11-19 14:46:05,2017-11-19 14:55:29,2017-11-23 18:16:57,2017-12-21 17:12:36,2017-12-13,e704ea7154e17351a2c0741fefca42ee,2017-11-19
d5d78aa1e1666a81b03bd8791c865fd3,4cbed88a67d0cd881ad50fc8c91663ec,delivered,2017-05-30 11:43:19,2017-05-30 13:07:47,2017-05-31 15:58:15,2017-06-06 08:10:06,2017-06-20,4067ba7df47a2bcb753ae5f7530fc7cc,2017-05-30
9c95771a972dea113414d2b2bf6431fd,c03275148e4cec797255ac9db995dd28,delivered,2017-11-19 17:20:57,2017-11-19 17:35:25,2017-11-21 22:49:00,2017-11-29 20:09:49,2017-12-08,8631c568c0c7506d70ba7fe4bf9a7d8f,2017-11-19
398906d8d8773226777eeb90031d7f90,0fab118403df6a3ffc643d2e10ace8f3,delivered,2017-10-19 23:16:28,2017-10-19 23:28:16,2017-10-20 19:52:52,2017-10-24 18:39:08,2017-11-07,93c93522de58d85598abe04fb967ae0c,2017-10-19
3081ddf6e7c6afa4e4124e7882486fcd,3a6cd46a9e28dace3c4f72bec2b7b2fd,delivered,2017-05-31 11:38:50,2017-06-01 11:45:18,2017-06-07 12:36:24,2017-06-22 15:07:44,2017-07-06,74fb85f97d239be1db3d8053b5061797,2017-05-31
46f8ad0d98c5c3731e1e7988e45f4a4c,c2c6de553b9ae7dc0ca347bbabfa376b,delivered,2017-12-25 23:24:59,2017-12-26 13:28:43,2017-12-27 20:47:55,2018-01-10 20:13:55,2018-01-26,394229bb1c815a3511d8d3656b0b245b,2017-12-25
e1b7512618fd9b1dc5bba0cfe3a7aee4,3a6593692ab61c6618b23ddce7347ceb,delivered,2017-07-22 13:24:06,2017-07-22 13:35:17,2017-07-26 15:33:59,2017-08-03 22:17:34,2017-08-15,002eb8b96288f3804e21d2777ac29895,2017-07-22
7401e9523d2377080c54f7ac11967b95,f1fb68ca7cf1c4dab0dd844d4cea2c4b,delivered,2018-01-08 11:32:38,2018-01-08 11:48:55,2018-01-11 19:20:05,2018-01-17 15:09:26,2018-02-05,95b58b67b93c242b8747de3bcb9f0b01,2018-01-08
af8f67f3b2d6fc844d3c2c2857eac823,b56311081c4a2d43439f28f9d8f5e858,delivered,2018-01-06 18:19:33,2018-01-06 18:31:36,2018-01-10 17:46:15,2018-02-08 19:36:33,2018-02-08,a27d2ad861bedb6f327a334c703ef3be,2018-01-06
7b37983cda54d6e32d54073a94cf59e7,3e25f74119695fc71aef7825635ab0a0,delivered,2018-04-18 14:11:11,2018-04-19 02:10:55,2018-04-19 23:42:49,2018-05-04 21:41:09,2018-05-17,de45b440e88a700354ff9f9f54921130,2018-04-18
69662b80ad8ace7ce3c7b9df1e29efd1,a545c778a3d0469c10cea590d117e9fa,delivered,2017-06-28 17:57:05,2017-06-28 18:10:19,2017-06-29 13:44:52,2017-06-30 16:25:48,2017-07-11,4927c0780eb18283ece0aa96d53d105a,2017-06-28
8a02059055e25bfefbd27fa0d9d1a5dc,fb7589492fcf34d03d5134549bfa5d59,delivered,2018-06-05 23:03:03,2018-06-05 23:15:13,2018-06-12 13:25:00,2018-06-22 16:18:37,2018-07-11,7227d1c9ff02d1461868bc48b07517d3,2018-06-05
9a161af1014bfe03c925a3ebf67a67ec,ee1f68f29aaa80e5047ad2ba7f482ed7,delivered,2018-08-22 17:14:07,2018-08-22 17:25:16,2018-08-23 14:36:00,2018-08-28 18:28:39,2018-09-03,34f29e42f5a797ce5e5a26370440ccd7,2018-08-22
44900db49b182f4c5488152220bed716,2dc0c12730d20a4eb7d97b60c47c5fa4,delivered,2018-08-05 12:37:17,2018-08-06 08:44:45,2018-08-06 14:54:00,2018-08-29 13:52:28,2018-09-17,463e5ed3fbfa51867d17780b904bf4cf,2018-08-05
076c344fa6fb7b7284fe98fbcb257ab1,2d31f217b1ae10b6d50d1a70d839c20a,delivered,2017-06-03 15:01:17,2017-06-03 15:10:13,2017-06-05 10:46:44,2017-06-13 06:02:55,2017-06-28,0936b59e52d209d5583eeb396f2e38cf,2017-06-03
3615e42c9ff6c0d9bb86e14c6670d965,f030a8c355a06d51f7d7398113421b94,delivered,2018-08-14 08:51:17,2018-08-15 03:15:22,2018-08-15 13:59:00,2018-08-16 17:57:53,2018-08-20,11d1a79c1640db32f51b783ba1e3e9a8,2018-08-14
9ea3e77998212b1f268aa1753f3d421d,e9b4af752a24a32c3c58969fa2c17712,delivered,2017-07-21 19:40:21,2017-07-21 19:50:18,2017-07-24 19:11:42,2017-07-27 15:46:36,2017-08-14,86beb147aa117c0bfb1bda28b725fcff,2017-07-21
303ce25530e525f6705a34fc254eeaaa,ef5d089ff85d330f35b35a59f75ea78e,delivered,2017-08-29 23:25:38,2017-08-29 23:44:42,2017-08-31 16:14:00,2017-09-05 21:04:40,2017-09-20,4ceed192fabd028ad5ce2df4d1a50c13,2017-08-29
375aac0ed45f117fefb4e511189306d4,76a753fa316d8bea2478e1a7047e75f2,delivered,2018-08-06 13:05:58,2018-08-06 13:15:18,2018-08-06 15:25:00,2018-08-15 17:42:51,2018-08-16,baa502f80485bad26d5243c762e4d511,2018-08-06
696f3d1ca8c81318d2b46200ddf3023b,eb8c0b8655c42ddb4a606963e3939fb9,delivered,2017-02-13 14:04:48,2017-02-13 14:15:24,2017-02-22 07:34:15,2017-02-25 03:54:54,2017-03-10,5984a5f688491bf6f0796467b568134a,2017-02-13
deea565ebe3196a7408232c8bb0ddc0b,a028a12d1103e8eb0dcc7a1e12fdc1aa,delivered,2018-07-22 13:14:45,2018-07-23 11:32:07,2018-07-23 10:29:00,2018-07-24 17:44:38,2018-08-02,7b0662b2bc6c7ed0097a51f9aefb376a,2018-07-22
98f4a4ea778444e3e6b88c06eb8e47ff,a2340342c81e4ecfbdb7c610f07276fb,delivered,2018-01-02 20:24:12,2018-01-04 05:23:58,2018-01-08 20:23:31,2018-01-11 01:06:14,2018-01-18,01ae3897d0da657af5dc0b0dab9df7dc,2018-01-02
eb792f8381af26c29f5976437239c812,4804ec21c7e5e53bca97763ec94cee05,delivered,2018-02-05 17:02:08,2018-02-05 17:32:47,2018-02-07 01:09:49,2018-02-23 19:33:28,2018-03-05,1c5deb1b86a093e3b64c4bedd7160b42,2018-02-05
fbafcc549363560790bf2e28730a7f36,6143ab26bc0193094caa9685a0c90d00,delivered,2018-06-13 11:37:39,2018-06-13 12:32:29,2018-06-15 12:40:00,2018-07-03 15:58:35,2018-07-18,972b3cab9d228d92b56e7d3c5e131d86,2018-06-13
0b8a71b3f5c221a69f4d23097cd604f6,91ef15a60f302d55d0f2867836abca9c,delivered,2017-06-09 13:59:38,2017-06-09 14:10:22,2017-06-14 13:32:36,2017-07-03 14:21:12,2017-07-17,da79f631be2ff2b72fae0427676727bc,2017-06-09
c99247cb33c25f5437100c61f7289804,0227176d396f5394907470617d777fed,delivered,2018-01-25 11:55:00,2018-01-25 12:18:58,2018-01-30 23:32:11,2018-02-16 23:38:43,2018-02-23,38a7a4163d2e36c949153bb5d91f47f2,2018-01-25
b9340e1bc95553da15bd8aff9b343a37,abfa71d0fae78b8b69d691f25ca66c9e,delivered,2017-08-09 14:32:34,2017-08-10 14:43:47,2017-08-11 15:52:02,2017-08-14 17:07:34,2017-08-22,c5b06947f901fba7c9dc646171477efb,2017-08-09
e4d596db544346c4bfb27ed2a0f74c8b,0b3d0577a86f1ea8f68d60628e0d6e19,delivered,2017-10-11 20:32:04,2017-10-11 20:45:39,2017-10-13 20:12:29,2017-10-24 19:47:31,2017-11-07,5cff1782c5290250e43038ecf89d41a2,2017-10-11
1e9cdcfe3bc61780f3fdf2edc4866484,7b9b70fdd60cf1e25bd23cc75f3a1743,delivered,2017-09-10 17:40:51,2017-09-10 17:55:10,2017-09-12 15:57:57,2017-09-18 20:12:56,2017-09-29,2d7c0a69b3ca118336a1153a6e58caf7,2017-09-10
e6af93ea6ff2947b8760af3dc581f50b,ad9b81cad36cbef93c59cad18606eb37,delivered,2018-05-12 00:20:18,2018-05-12 00:32:04,2018-05-15 08:22:00,2018-06-08 20:15:40,2018-06-04,e985256afe47f4652cdabb2c259623b5,2018-05-12
e1a90f68f1eb2b0f154dbfdace7bdab6,d5ab28cc3a09431710c8b8066f168ee3,delivered,2018-05-11 00:40:38,2018-05-11 00:58:46,2018-05-14 16:02:00,2018-05-17 14:20:42,2018-06-04,9a6e43453bf93c75cd740563c2872697,2018-05-11
048e6e4623dbf118c43e0f5572016faa,7c43cc8f6953deea674d34207a646886,delivered,2017-12-31 17:57:21,2017-12-31 18:09:23,2018-01-03 23:22:58,2018-01-10 21:42:27,2018-02-08,73c4efed8d45dab6e5e412c2f3594fe6,2017-12-31
dde952bfd9402fb3bbbad0b65e5496bd,77ae74c04570dc67a52d7bb0bb9d02c2,delivered,2017-08-26 11:45:58,2017-08-29 04:30:55,2017-08-29 14:36:06,2017-09-07 14:59:54,2017-09-21,d73e81a912155e04272bdd81f25a66b3,2017-08-26
7ad517358a6ed9836dacf1bd7cc9dab2,dbbab934da3c392e64a7c76adeeed097,delivered,2018-07-25 17:38:59,2018-07-25 17:50:20,2018-07-26 15:11:00,2018-07-30 18:36:36,2018-08-14,5365b76b807e5f2a23e7656bb8fc7d46,2018-07-25
54b189d57c850ca60b0a19d7e12b6d40,51b884d48be20f54afbeeeaebdcf8f0a,delivered,2018-06-04 22:46:51,2018-06-05 04:12:29,2018-06-09 09:08:00,2018-06-14 20:33:22,2018-07-11,aae9d0bb599dd9550c9d5684b7c0164d,2018-06-04
5645645107dea4fb252b5fb68ed75db9,7ee62e783784426e8c7076646ea9f3d9,delivered,2018-02-15 10:03:48,2018-02-16 10:07:01,2018-02-19 22:07:36,2018-04-07 11:12:49,2018-03-13,1b7d5ea23431ef1368ee0a5ac4782aa4,2018-02-15
7c2fcd2de28fdcb260060d733f5ff8dc,e75b5de4d1be9ccc9ed3e334a9364f40,delivered,2017-08-24 18:34:48,2017-08-25 03:05:51,2017-08-25 20:42:07,2017-08-28 21:51:44,2017-09-19,a6cc322a1e6b64d3910e682894989306,2017-08-24
7d6dd21206d2e43674aa0c6b6e573cf6,eee08cb8f295121937e6c8ec1b89661f,delivered,2018-07-31 13:59:51,2018-07-31 14:31:37,2018-07-31 14:54:00,2018-08-03 17:48:54,2018-08-23,aa124de464f5d05af1eec1837493cc45,2018-07-31
ae0c769d416e6948678cba4fdf4f43c9,1574b16e8e6a5235d905777c2cfd2b95,delivered,2018-08-24 11:01:09,2018-08-24 11:15:15,2018-08-25 09:00:00,2018-08-29 16:03:27,2018-09-11,35d4b67f1f0e72796088a52048cc6abd,2018-08-24
24d1d9f9bceae1483424740db703985f,009aac1d726cf431e9cff8be1f7d9ca5,delivered,2018-05-01 13:32:25,2018-05-01 13:50:32,2018-05-02 14:07:00,2018-05-21 19:41:03,2018-05-29,6cc9821bbb49f3a6159c6bca3542f795,2018-05-01
6fc3f47545243b7a6829e48871d2f8f9,da64cce133f777c710f8c902f1b452d3,delivered,2017-04-04 11:33:28,2017-04-04 11:45:11,2017-04-04 16:57:49,2017-04-11 16:08:31,2017-05-04,61346bfa343a1a5814db5b16cd4d655a,2017-04-04
536a2dbf28ababa5342b510c8f923472,8a5d1bd9b510a91cb37072a8bd930295,delivered,2018-08-14 11:29:10,2018-08-14 11:45:14,2018-08-16 13:14:00,2018-08-22 18:09:34,2018-09-06,00a02d822b18db532e50e0607e615f3b,2018-08-14
452df40bad490f0cf38ce75e50211a1b,a46c4e25417e41645e2caf1572bcdfda,delivered,2017-12-29 13:09:14,2017-12-29 13:19:17,2018-01-03 21:17:04,2018-01-05 17:32:53,2018-01-24,47a086f04c6f1c6a3197d8dab44fa037,2017-12-29
1c01393da2894cbd6b7225c45425ebf2,2b61c5105663634b9d75f6fefb94e0fc,delivered,2017-10-15 05:19:34,2017-10-15 07:00:11,2017-10-18 21:09:56,2017-11-01 13:09:51,2017-11-08,e3419e163dc7d2b90d04954970561fb1,2017-10-15
5ad720f90855a1b905286d8a59dd0aca,071c264041baabae3785b47968d96ff3,delivered,2018-05-03 19:10:38,2018-05-05 03:15:14,2018-05-07 15:10:00,2018-06-06 16:18:32,2018-06-04,eb84790df0e0118db2b14bc0868805d7,2018-05-03
7ce492282af12e4b6c41c28e7b377e87,950ccecc550e4ebe27f78092d17afcae,delivered,2017-03-29 21:20:39,2017-03-29 21:30:17,2017-04-03 15:59:50,2017-04-07 12:45:45,2017-04-18,6e3c6f3ed253043bb26989c99cb8e2de,2017-03-29
9b4d22bcdc311314f200a33d155c6223,ee32a9eb76dd33f31756de0377a0d63c,delivered,2018-07-04 19:22:56,2018-07-05 16:17:47,2018-07-10 14:39:00,2018-07-11 16:28:47,2018-07-18,aedc06c4cc3e15dd8d5098ab55c237c4,2018-07-04
60403cf93cb435af3ff040a1b5e65b3c,07fef9e9407d285b4ad90c98766a1d5c,delivered,2018-01-16 14:42:52,2018-01-16 14:51:54,2018-01-17 13:24:44,2018-01-22 19:09:39,2018-02-09,f6beb06b3220462bc15e5918f8027c21,2018-01-16
d5af3f91478b15918f7250953622d89d,0ab3070066ef0b76972bc47348cc9163,delivered,2018-04-25 19:07:43,2018-04-25 20:35:26,2018-04-27 12:32:00,2018-05-16 16:09:05,2018-05-23,5d5acf765f149414a3dc780bdade1ca3,2018-04-25
b992cd122d05b330c88f6eab0181dfc6,456dfcb8d51506383bab4a48d1ebfa6f,delivered,2018-04-12 23:43:37,2018-04-12 23:55:07,2018-04-13 19:51:44,2018-04-23 16:48:55,2018-05-09,72164f83f0db7697ee731b8132bccb16,2018-04-12
0580802ab0d4809dc16b4c9002c01a27,624dd44e174c96c79397a7f030f08e8d,delivered,2018-01-15 17:27:31,2018-01-15 17:36:23,2018-01-17 16:36:54,2018-01-27 15:19:52,2018-02-20,cb393dbdd89179066ba265209256debe,2018-01-15
1b3b7a453b2e73b50b194401c0da944d,f69e46a55317ceed64b22737d25f7d27,delivered,2018-05-09 13:33:16,2018-05-09 13:51:24,2018-05-09 13:39:00,2018-05-17 17:59:21,2018-05-29,dc6502a8fc5ef5239994a36192e7a0ca,2018-05-09
4d59cc2a2e7bb6c0a851725f5888a9b5,ead83a4f8f7be8c3034b2e98754a6147,canceled,2018-09-06 14:50:07,,,,2018-09-21,230a1e9f42924d41f37fd22a1d4a9707,2018-09-06
fa2b7f457f0624bb344dc3023f557d7e,12d274b678306cdeadad69c63c2f4d2f,delivered,2018-08-05 22:41:00,2018-08-05 22:50:16,2018-08-06 14:10:00,2018-08-09 13:07:42,2018-08-22,0856272ad8bcec5b7491b8e27b12e276,2018-08-05
ca8302550f63d763f285c7465c651803,6fe66b0e0a5c9fcd3404a54ce89ca33d,delivered,2017-05-06 16:13:45,2017-05-06 16:25:16,2017-05-08 11:43:59,2017-05-16 16:58:00,2017-05-29,b7db9f34423f5ecdebfd0c8d7d6ea716,2017-05-06
635b67e7a17b4d236c63d1caa46d23d0,75e4b447deaa6d3563a29985153a7ff4,delivered,2017-06-24 10:26:25,2017-06-24 11:08:22,2017-06-28 16:41:50,2017-07-12 17:33:58,2017-07-25,38c4f543219294986cb3f2b35441b7fa,2017-06-24
f9427374480e37251d5c279ebc41a3ab,24d27d857775354d2ef3c83e95be2935,delivered,2017-01-17 14:57:45,2017-01-18 02:10:16,2017-01-19 09:12:51,2017-01-24 15:14:01,2017-02-23,71f9d647cd3876fd59aa40c74c81e972,2017-01-17
4ff976f3269ceebad2dcd032489c9ec9,035cbd7a946d33043056a4fb2d685fb4,delivered,2017-08-21 14:50:46,2017-08-23 15:35:19,2017-08-24 19:11:55,2017-09-13 21:09:49,2017-09-18,ca994abc57b0bd7981d91d0061b3d8d6,2017-08-21
06375e8bcbe64fb1da3b499fa42a7991,0288ac534f6ba035350df2527703ed47,delivered,2018-02-26 09:34:23,2018-02-28 09:56:07,2018-03-01 19:44:23,2018-03-15 17:42:32,2018-03-21,237beb4b0ae00c80268b9b894ed3f65a,2018-02-26
707c0049eb07b71b44d80b989f18719c,def2c745c728ef19defd4bfc6288c99b,delivered,2017-08-06 16:15:59,2017-08-07 06:42:52,2017-08-08 19:27:59,2017-08-17 21:26:36,2017-08-29,4ebfdce4ffda44b6af1876a53ed6d66f,2017-08-06
a1ca351ecfd6a7962ae956aeb0c9f96c,bd43884df2f0b61fefeeb1fc4f9ec724,delivered,2018-04-23 16:16:49,2018-04-24 17:44:07,2018-04-24 19:13:37,2018-04-28 11:36:54,2018-05-23,c35a8cd04f5a2439874c13f7846f32b7,2018-04-23
2118150cee01ae2de04990d1ec2d748f,60ce238d91a401c87e09ac0bd2a571d9,delivered,2018-07-28 07:54:14,2018-07-28 08:10:14,2018-08-07 13:12:00,2018-08-15 16:16:42,2018-08-28,d6fcf5fcbd433a96070c62c9f20cf291,2018-07-28
dfac3f1dc24186a8287f0a64c7b9f2a8,37c4bbb8a4a1e07eb66ac61ed57d5f8b,delivered,2017-11-29 13:52:27,2017-11-30 02:26:10,2017-11-30 21:44:04,2017-12-07 23:13:32,2017-12-22,6380e6f0cf7cc99c828d354d9bf840e5,2017-11-29
701a4ca3334d676567d4e5016a02cac7,fc65dbc709777157c273bdd7057565d0,delivered,2018-02-07 22:36:19,2018-02-07 22:50:29,2018-02-09 20:12:17,2018-03-02 17:14:45,2018-03-09,409cb030498f575d1c941cecaf1d2a06,2018-02-07
217bb07ca5be930bc84e050acb4817c2,41998b889bd03ec46e076f951c3879db,delivered,2017-03-24 14:18:07,2017-03-24 14:30:16,2017-03-25 10:07:33,2017-04-03 14:23:56,2017-04-17,daed0f436e49530f55719f74b1c7f358,2017-03-24
a0f2abd22194d771e11728852ff988bd,1f26a8a77f3a3ba3fe836e46e4990c36,delivered,2018-03-25 21:05:14,2018-03-25 21:15:27,2018-03-27 19:48:51,2018-04-03 13:34:23,2018-04-12,6ec51f2f2b0b40a8b15c0770de8859d1,2018-03-25
4e2080113ead7b0ce794da2606452ac7,8b5926f78698503e751cf6cc237cae88,delivered,2017-08-05 12:04:53,2017-08-05 12:24:12,2017-08-07 18:36:43,2017-08-11 16:49:52,2017-08-31,eac33b623ab76b8959bc85ea0f8e247c,2017-08-05
794d8552a259e61b5e8a46a573c77b41,a059473225838f7005cf82e2f6b9a18d,delivered,2017-08-01 17:03:10,2017-08-01 17:15:15,2017-08-02 15:54:50,2017-08-11 19:58:30,2017-08-23,1df28da6a384e9822da017c6d44b0656,2017-08-01
e524a1d7796e94896f17636abddaafe5,7fce02f8a58a49cf0daa5ea11fcefb28,delivered,2018-07-13 09:58:40,2018-07-13 10:10:19,2018-07-19 09:24:00,2018-07-26 16:38:57,2018-08-15,3477c1029e8d4e8be99f8c139d130119,2018-07-13
39012f748a03a617e56fd02e2326ccca,6d5e2c565ba7303bd4f0bc141182f928,delivered,2018-02-15 21:07:33,2018-02-15 21:26:33,2018-02-19 13:13:40,2018-03-09 17:01:40,2018-03-16,e85be9ac57134b8b178023f41b10c611,2018-02-15
2591cfc04214495607525020ec87652a,3021c6bb6322269731ace6975e49c56c,delivered,2018-07-09 01:47:35,2018-07-09 02:10:11,2018-07-10 14:22:00,2018-07-16 10:37:27,2018-08-06,035df089079c12357e9de09e7e608177,2018-07-09
c22e53cbe67ea326ea31cdeee2be8943,acc4192446cc575cbd79a14152e809a2,delivered,2018-01-31 17:35:34,2018-01-31 17:54:10,2018-02-07 19:19:44,2018-02-15 00:13:09,2018-02-21,4846eb5112ee2e916e1a54cb10d8c689,2018-01-31
458f56ee81b4430cbe1dc912203fddf9,a81a65b8827462e9fe311ab1848f82ad,delivered,2018-01-09 18:00:00,2018-01-10 10:32:38,2018-01-10 19:38:55,2018-01-18 21:37:00,2018-02-07,89a792f054cdda112cd97bfa75259013,2018-01-09
b786694b440fb6943dad1dcbffb42da9,0cd37b96e1f5c5d8152914365a58ba0a,delivered,2017-10-22 13:01:29,2017-10-22 13:14:47,2017-10-23 20:33:36,2017-10-30 19:34:06,2017-11-13,15c9fa4304cd1887a9c3ab3d71c32a43,2017-10-22
72bee274b97b852ee7741bfa0b924105,5fcc9e5618e149a1a40c31da01602529,delivered,2017-03-07 13:58:07,2017-03-07 14:10:09,2017-03-07 14:32:43,2017-03-21 08:15:34,2017-04-05,97b2d82807f75f96ebb7010085725349,2017-03-07
4ac735cd851ba30e7b280f7e045544a0,23786cea8b640b4add6ebb373091a6ac,delivered,2017-09-15 10:23:15,2017-09-15 10:30:19,2017-09-20 18:55:09,2017-09-28 18:00:19,2017-10-13,585f61c2e4b273283550c434cf1d0640,2017-09-15
71bc814a4b756aa6d80e9769f0c5ef37,7c842c2505f4d3650b86f949b1bb456f,delivered,2017-10-19 22:19:13,2017-10-19 22:28:20,2017-10-20 18:28:47,2017-11-03 18:00:02,2017-11-23,bc186285d21adeb7b7c88af5e40665cb,2017-10-19
c2d61723f3e69b1e2bb9cc9c638c0b5e,d608d88b8e4dfd4114634d9759b2f63b,delivered,2018-06-22 17:30:04,2018-06-26 05:15:17,2018-06-26 15:39:00,2018-07-02 20:16:53,2018-07-19,8672605892b455cfa79b6f69ca37d153,2018-06-22
3cabf3e464629648b819dd1bb6899bad,45ac624cab170d0d09a891f877d9d89f,delivered,2017-10-27 17:43:14,2017-10-27 17:55:21,2017-10-30 13:27:45,2017-11-03 16:36:51,2017-11-22,11be24c67838f8ec77cf2ef5add85874,2017-10-27
e36821475008c5656ee16e2433f91133,ac0fc0af13834a5c37a25f298526fa81,delivered,2017-11-27 23:47:38,2017-11-28 01:31:30,2017-11-28 14:51:49,2017-12-22 00:39:16,2017-12-20,f22357f14706393296415fd7e5f95b47,2017-11-27
29b9902bb92e1ce30edf00a712585365,59f8f1c3c80bd5f4c57ffbcb291c0307,delivered,2018-06-28 13:05:45,2018-06-29 02:55:24,2018-06-29 13:39:00,2018-07-04 13:52:59,2018-07-18,778245e76882be06eb951d90c0927bf1,2018-06-28
4976a4c9fcf6609b9ed1306e5e105905,8d016805442139daec3d78e2fc0ccd26,delivered,2017-05-10 08:02:44,2017-05-11 04:22:37,2017-05-11 14:51:40,2017-05-18 13:42:27,2017-05-30,5ce19d4ddb79a57ac1b98592af55ceb3,2017-05-10
a9e41421a906ed1a2e2c882a0cfecf48,219a14804135f9a0b4e76c88de0b5cae,delivered,2018-05-09 00:07:59,2018-05-10 03:10:14,2018-05-10 15:24:00,2018-05-18 19:06:44,2018-05-29,22e38ff4e27e7377d727eee723e12b00,2018-05-09
1b0ed67e2931f09f00cd8553479f5823,f02e1a594b4c9a366f72ca251c91da07,delivered,2017-11-20 11:45:14,2017-11-21 03:59:26,2017-11-24 17:28:55,2017-12-27 23:33:44,2017-12-21,2a3646bd81800eaee94e62812eb7a7f9,2017-11-20
8a1700a8665d4c4f42967a8fea958520,db0142f84b12d3db5605aeb200ead43f,delivered,2017-12-10 13:32:17,2017-12-12 03:50:17,2017-12-13 21:03:46,2017-12-23 15:09:19,2018-01-05,7fc2c4ada93f4c4569f60fcd436a97a9,2017-12-10
e330a36de2a3f72b1322612a178d613a,cfec5c07d9fc968c605373142960cbc8,delivered,2018-03-03 11:51:36,2018-03-03 12:09:01,2018-03-05 22:43:32,2018-03-15 21:38:37,2018-04-05,c7174e724386dbae09dda205d38c6ae9,2018-03-03
67f8f676db053a060da849e36ee9da6e,34a0068027874fad3e0d4ff1519e46ee,delivered,2017-06-03 23:46:04,2017-06-04 01:22:09,2017-06-06 14:08:32,2017-06-16 13:37:55,2017-07-06,aac29d117aa9fe4810db795aa5d6f292,2017-06-03
cee2b107d70b04f20a6b74b7a086c8cf,d156adf822c2f7cf64cf09297bcbd0dc,delivered,2018-02-18 18:55:45,2018-02-20 07:40:22,2018-02-20 18:18:52,2018-03-05 21:26:02,2018-03-13,2194fa2c1d46723439ad0987c5ea508b,2018-02-18
8b103650a25fb8cc322e23f2aabb44ef,204d8daebd63de26069fdb27665c65e4,delivered,2017-10-26 14:27:59,2017-10-26 14:49:15,2017-10-27 21:08:42,2017-11-08 20:44:56,2017-11-17,8e2026db167c45a8ff8f5e4728bd9dd1,2017-10-26
b420ccbcb8265772b8c13687c24bb5eb,0c03776e54dca1457ed2ce839749eb4e,delivered,2018-05-29 14:13:18,2018-05-29 14:39:35,2018-05-30 14:09:00,2018-06-04 21:26:42,2018-06-21,5686df2ddde4aca6069befac8350a7d1,2018-05-29
7ef5eac7150ae4458bcfe5e3151a8f1f,256ef90fce9238d079aaa58fbd1be49c,delivered,2018-07-20 11:14:23,2018-07-20 11:25:10,2018-07-20 14:54:00,2018-07-25 16:20:37,2018-08-20,80b5ded033acdf0dbbf95d15d1fd1c19,2018-07-20
3a336bcc0b32d1c0af48b63419314ff5,afaa50b702a3fd9ad44a2bd591ae53b8,delivered,2018-04-03 22:29:43,2018-04-05 02:28:00,2018-04-06 21:22:29,2018-04-11 22:32:28,2018-05-03,1573fa36d8bf101af8300e86e78fecbf,2018-04-03
9205fa5e239eb69fa652c044d52f7c0c,0320b57550ef2aea72c685cc12c09ecd,delivered,2018-06-08 17:08:41,2018-06-08 20:31:45,2018-06-12 12:38:00,2018-06-15 12:23:43,2018-07-05,41995900207768dc89a07a2e3413c99b,2018-06-08
84a8547f4f0a41d7209e827a7c38d93c,8c54c3840732404955dd52b4b4babe87,delivered,2017-06-23 08:01:10,2017-06-23 08:15:09,2017-06-23 10:29:56,2017-06-27 14:35:50,2017-07-13,bb2aefa00733e92169d0f4fb417e27a8,2017-06-23
1089d5a6448a4ce3e457e66fea34ab1b,d23c612cd9d2a3ca8b182524cc3ed822,delivered,2017-12-04 20:06:04,2017-12-04 20:17:18,2017-12-05 23:16:32,2017-12-14 19:06:55,2017-12-27,30e164389cb9c5c8dbe2eaa06cfea833,2017-12-04
69a3d3d4af1b74db85965b00394b5d21,d701d4f8da8a0d17c1fbf6e134d07c4f,delivered,2017-11-26 20:11:16,2017-11-26 20:19:27,2017-11-28 17:32:32,2017-12-05 15:33:39,2017-12-20,936fe566bf1b0c4feee2f36ac836789d,2017-11-26
7e1090f3947562c4ac55c5ec2387ec9c,b65415e1afa271900dca60ffeb28a8b5,delivered,2018-04-12 17:48:18,2018-04-14 02:15:20,2018-04-25 13:32:00,2018-05-04 16:53:53,2018-05-15,587931cdd747effe257dea1995390314,2018-04-12
92008ae86d495f8b9098a932b499688e,b4df057c1d0ad86a5600fdecf31d45c0,delivered,2017-07-25 15:26:00,2017-07-25 16:03:02,2017-07-26 20:14:18,2017-08-02 19:59:24,2017-08-29,bc877a9f97bb3f3d4fcd5f86028f81a9,2017-07-25
a25b078a7827d95f8366353a32c90fe0,f99bd4afbf8edf456e0c9c6a59cd9dfc,delivered,2018-06-14 06:39:21,2018-06-14 06:55:45,2018-06-14 10:17:00,2018-06-22 19:46:31,2018-07-12,4afd3fe608c035a0539c2974567e3bf6,2018-06-14
a3d8c9c0cc54f62dabea48768bac8f73,8825d35aba336a5bf08b8b986cc7f13d,delivered,2017-11-09 22:20:30,2017-11-09 22:31:18,2017-11-10 20:54:28,2017-11-13 21:55:51,2017-11-23,145e84a50c40410afbba5cccab4e88b2,2017-11-09
96cc5b48d0612a6b8917717f1fd073e0,aef5406f71a6a3b4d5b5e14c8f2c6a5a,delivered,2017-10-22 00:55:23,2017-10-24 03:56:38,2017-10-25 12:18:59,2017-10-31 20:57:40,2017-11-10,e9a42311906ef0aea61062641bc3c705,2017-10-22
b92eedda04f5afe987c7e439cd6d971b,77dc7a088265a3d7b01dfd9c1ff38e8e,delivered,2018-01-19 16:58:07,2018-01-20 09:10:35,2018-01-24 00:23:37,2018-02-08 12:28:01,2018-02-19,a3ff74b5c88d6732e28e24e2ba7c68ec,2018-01-19
6b5fb7a597834a8211623075d4b8e079,0c449d43caee651308a153c58e09c9f7,delivered,2018-02-08 14:14:37,2018-02-08 14:29:32,2018-02-09 19:45:57,2018-02-14 20:25:07,2018-02-26,50208f415cd5914be95dd2c42a3041a6,2018-02-08
42366cdf97324dca1aaad40c066cc085,ac3b63e95281ed75a7cb85169e64d506,delivered,2017-11-22 08:15:36,2017-11-22 08:28:09,2017-11-22 16:38:42,2017-12-03 17:03:47,2017-12-08,f995cf540e244be2b9fef478f113db46,2017-11-22
57e34f23ea6f7d6197a2792928bfbb04,dacccfaf7a067af7d60894dc5cf1bbdf,delivered,2018-04-17 19:57:43,2018-04-19 02:35:22,2018-04-19 17:42:33,2018-04-24 15:43:47,2018-05-08,0b61db16f7442906464f968d0a1d34f8,2018-04-17
5b74abebfd5bc1d137d7ade71c5cfd36,f4514fc7499d3434ea63195c12bfca4f,delivered,2018-08-24 20:22:30,2018-08-24 20:35:18,2018-08-27 14:47:00,2018-08-28 21:11:45,2018-09-12,2157586e083812fbdd11c89877b7c37d,2018-08-24
2936486c289152580e86cde8051de57c,be89c1031df2d31cf565eac6c699bf64,delivered,2017-12-29 21:41:00,2017-12-30 21:31:24,2018-01-03 17:10:58,2018-01-08 11:56:52,2018-01-26,9070542e9f555b696dbaf24eb656fc4e,2017-12-29
fc473b8de8c0167920c1a693670d4c41,73f569075d082f990036fd174cc328b5,delivered,2018-03-19 12:58:02,2018-03-19 13:49:26,2018-03-19 23:17:23,2018-03-28 18:41:35,2018-04-10,6a61e56751ddb9171c0f9e6344337b70,2018-03-19
f9cfd7e4eb2776cec1a63a59a1305e9a,dc837aeb1f809812f4ba96906c33a528,delivered,2018-08-22 11:28:14,2018-08-22 12:04:23,2018-08-24 20:05:00,2018-08-28 18:45:29,2018-08-30,46bc23522a5cfc52739f59b1a7770ad5,2018-08-22
f334a266fb65d5d853e108b4442f1f01,beeca8af57f7cb7b42b1877824a941c2,delivered,2018-02-22 11:17:41,2018-02-23 11:30:56,2018-02-26 20:29:10,2018-03-12 18:04:54,2018-03-15,bd9cb7a13da43814b1119382185a9858,2018-02-22
24643770500b1396c93afd30d760f444,9f895a063a0c9aaca1898ec6692bab6d,delivered,2018-05-17 13:57:33,2018-05-18 00:14:30,2018-05-18 14:55:00,2018-06-02 12:08:57,2018-06-05,9d56c7f19bb52350060501132d6f6f7f,2018-05-17
d888f4591d9dd27281a58331a6a9db93,2a20585c72d654acdd99d11d22040fbb,delivered,2018-08-08 18:37:57,2018-08-09 18:35:18,2018-08-10 14:22:00,2018-08-16 17:24:45,2018-08-24,ee5f8b9477ac498e1180a64113c9f27c,2018-08-08
a8c012ba7d95bd2d15f666681f19c146,b55866a8482ea8bcc889756ed34cc80c,delivered,2017-02-06 19:47:10,2017-02-06 20:02:12,2017-02-07 11:27:02,2017-02-13 15:05:42,2017-03-03,83941fec1ea0d5752f8a0bfa124a5bb0,2017-02-06
737ecd48032c3cedf3facac4baf28bf3,1d9c36f1fb67c925df3fa50b231d1b83,delivered,2018-03-12 20:08:10,2018-03-12 21:47:40,2018-03-13 23:03:31,2018-03-23 21:48:37,2018-04-09,0839a7806dff4c77a82bc851b39cd18d,2018-03-12
3683a64548d4008fcbcd5e9188803b86,2b3d8be4fa506df40afbeba026df7e70,delivered,2017-04-25 07:08:25,2017-04-25 07:22:36,2017-05-04 13:03:20,2017-05-16 12:23:52,2017-05-22,9cea402fce863ec4bee5af27306e213d,2017-04-25
d7db77bb8d097d3b1a23cb84d12f4c63,a8fcbd21f54cac36c246be8c6415e4bc,delivered,2017-06-05 21:49:14,2017-06-05 22:02:24,2017-06-06 14:33:38,2017-06-12 15:47:41,2017-07-05,02844e55117602121bb79fe70a59522a,2017-06-05
08c839f6091875ffd1a1d876dd48de40,65a2393f12fc8796f152eef39d25fa4b,delivered,2018-02-16 10:31:45,2018-02-16 10:50:24,2018-02-16 21:36:47,2018-02-22 01:29:09,2018-03-05,615555b69b411108248f61161aac1c48,2018-02-16
95090e36b7613cf8e45f25317cae256a,19653886ab528741bd0e988a41d643be,delivered,2018-07-25 15:42:29,2018-07-25 15:55:09,2018-07-26 09:49:00,2018-08-01 13:13:37,2018-08-15,9152ce996690fb1cb9bff122e9f7cf7d,2018-07-25
a5405fc7cbd6fd95875ab2de9709844a,691f8c3aaf876f1892786a22e30ff785,delivered,2017-10-20 02:51:03,2017-10-20 03:07:24,2017-10-24 18:22:00,2017-11-09 20:42:52,2017-11-13,8114e62847b5f4f96a7e617db5f05010,2017-10-20
0aecc6c0c2b3598d9cd3119e0a58dc1b,8b97935c355ec9be1897a67de022a398,delivered,2018-05-07 14:38:13,2018-05-07 16:33:53,2018-05-08 15:37:00,2018-05-15 14:03:45,2018-06-04,b98ffc4585392290cf590c54056ce198,2018-05-07
52409ab9ace8f52a885e05a9204b8aec,1be66dc9fe8afd9130ffaa223074cdd8,delivered,2018-06-04 19:49:10,2018-06-04 20:11:38,2018-06-05 15:50:00,2018-06-11 17:42:17,2018-07-13,9f18c0829aebe6fad3c78accda00f854,2018-06-04
f5a52747a52ed566b63d20a717778698,3a7841008ec6759d4e33345a3e146606,delivered,2017-10-19 17:23:01,2017-10-20 17:26:51,2017-11-06 19:37:47,2017-11-23 22:42:48,2017-11-29,583ac90d6f69ebdb989e08e5318d5389,2017-10-19
8d1e657be5d1b879cf7e1f085eb4a3b7,6d29bad4541204600412a1eddfaa1288,delivered,2018-02-17 03:01:19,2018-02-20 07:26:55,2018-02-21 21:38:57,2018-03-02 17:09:30,2018-03-20,480529f64761f0f46b65206566a6ed55,2018-02-17
e7cb94c5e7b7ce7ea2e83e7e461662f9,757be9f0f57d1863fb62a6d4b08ad287,delivered,2018-03-27 15:21:33,2018-03-29 03:28:48,2018-03-29 18:28:46,2018-04-02 16:56:53,2018-04-09,d1e7147f81b3c9ada662c567a18a8135,2018-03-27
edceeba4876b8a3c43a4bbce2246794e,17521e58bb7acc353b73ade610b1b12a,delivered,2017-11-24 13:44:34,2017-11-24 15:55:22,2017-11-27 17:27:12,2017-12-11 19:18:28,2017-12-19,679602a8ef73ec6bd0755d5dee16d46f,2017-11-24
bc35b6af8ce28ad350dce0b0af64a28e,65f68fa060c349cf51d34331a2d0582e,delivered,2018-07-14 22:47:28,2018-07-14 23:15:11,2018-07-17 09:33:00,2018-07-24 12:17:34,2018-08-06,9e137723a49a338fce1be2437c2c779a,2018-07-14
72d57326ad4cc10d180de3fd4cf1afc9,bbfa2abd07d6ddc2845d37b1487e3d34,delivered,2017-08-09 13:40:05,2017-08-10 10:03:48,2017-08-11 17:45:52,2017-08-14 16:44:52,2017-08-22,eff3b66ad5e3da333c467dec3b4f1f43,2017-08-09
a5e8a66d24ac5735531a3eaad092730f,930ff20aabc38d303c1d09288f4b40e4,delivered,2018-08-15 21:39:41,2018-08-15 21:50:12,2018-08-21 14:58:00,2018-08-23 18:28:32,2018-08-29,94cac7a901fa7a145722dfd0a147b050,2018-08-15
75b243673e2423675b74c7f34610610c,e0f8bbade1196eb02fdb6a80bc19525a,delivered,2017-08-05 18:56:35,2017-08-05 19:05:14,2017-08-07 16:06:22,2017-08-08 14:20:09,2017-08-18,e1ae22e44195287c521e969919915e4d,2017-08-05
e30c50d1f4deaae389eb54201acb8d28,693c5716efe679e85aefb9336d4fcc41,delivered,2017-03-18 15:24:12,2017-03-18 15:24:12,2017-03-20 14:27:02,2017-03-24 12:13:02,2017-04-12,e7bfc4a97ad4b04199dfc5844f097336,2017-03-18
1bc4d43c267aa633bbae2e3fa5395c27,13b14c479d62218a2abcfab3a3ce79fe,delivered,2018-05-02 22:52:10,2018-05-03 00:13:21,2018-05-04 15:21:00,2018-05-09 23:48:32,2018-05-18,5c2f47dedbb16d4155a8ce7f639fb25b,2018-05-02
6cadee7832cc4deb51fa0e117f3b6ebe,7339b0f79dfbef1f52b3718c8bc6a71f,delivered,2018-04-09 15:45:17,2018-04-10 04:10:36,2018-04-11 21:24:35,2018-04-17 19:22:30,2018-05-07,032b1e4c69af2508092a7778380353eb,2018-04-09
047ad2bad6fa4c12dd98ff4b00ce0317,92b8d36f0a4d70694f64082b903852d1,delivered,2018-03-20 11:29:46,2018-03-20 19:15:25,2018-03-21 20:21:42,2018-03-28 22:44:57,2018-04-12,66068e0f740bedc625557cdf3fc30bff,2018-03-20
2c6017cac50e6be76810bbe9af615005,6b07820975c0b42e74d62d809d42881e,delivered,2018-06-24 13:47:01,2018-06-24 17:18:20,2018-06-25 13:34:00,2018-07-04 22:16:55,2018-07-25,c332c15f8b177aeeb7b439f4879d50fb,2018-06-24
de03f4f4bb610147a9bbfbed56438cbb,5ac9fcc9259df95cf14d27238b112148,delivered,2018-02-02 00:01:31,2018-02-02 00:55:32,2018-02-07 15:04:45,2018-02-16 17:18:33,2018-02-26,cf3839da0d9492ad151690b65f45d800,2018-02-02
2463279edadcaf575a27466ac0030f67,e71aa4d6c1d0e48c39a4394e7d912601,delivered,2018-05-03 20:59:21,2018-05-03 21:11:21,2018-05-04 13:31:00,2018-05-05 12:32:34,2018-05-16,9acfd126b8934746901bad32595d0b8b,2018-05-03
1417dca2e0baf0af7fae3c986506168a,ac18ae4e287a1733db9b391a7607a548,delivered,2017-06-23 13:00:28,2017-06-23 13:15:13,2017-06-26 16:15:00,2017-06-30 16:02:25,2017-07-13,628ebf2c7d5539361dda045b7eb49fa7,2017-06-23
c2e38eb887763f42dbd2417388e62b7f,481b84475f6bd84bc0b83fd1ccb02e77,delivered,2018-02-10 13:44:26,2018-02-10 14:10:30,2018-02-14 22:23:13,2018-02-19 14:37:43,2018-03-07,7ea1a12067a7dbdd71c60c9434715262,2018-02-10
6458722841a6fe2a74274bf02583f105,e79287928f6f8b4e1fdd598c3e0b43e7,delivered,2018-08-09 11:48:00,2018-08-09 14:26:16,2018-08-15 14:07:00,2018-08-21 16:12:39,2018-08-31,2c33e3f163592742b3c29b2983900708,2018-08-09
0e5d6a7f18b77c72f681911eaf6c011a,5ba4f0a54e593b777bd6059f7b7e0235,delivered,2017-07-19 15:33:18,2017-07-20 02:15:39,2017-07-21 21:42:21,2017-08-09 19:13:48,2017-08-17,6df827ed74b2b39a2b18b83ba11949c5,2017-07-19
ca843d205ec288c96c0133bc678c44e8,0456002a0c954678f3a3151b18ad4a05,delivered,2017-11-10 09:13:39,2017-11-10 09:30:22,2017-11-14 22:53:56,2017-12-09 00:26:50,2017-12-05,bca189e865ae06fecc876629651afb4b,2017-11-10
9395d4c9e6eb2f40828f955c8bce1686,168db0f4afd2d0ece0e925174228ee29,delivered,2018-06-15 19:45:11,2018-06-15 20:21:26,2018-06-19 12:13:00,2018-06-22 20:21:45,2018-07-11,f2bcc6ad1bb400ff8d1ed1b570f01348,2018-06-15
63a751ba03546afb43799a2dadb49ef2,dee4e9216587756d16369ec4b5e0ef95,delivered,2018-06-05 23:07:17,2018-06-05 23:31:47,2018-06-07 13:15:00,2018-06-13 17:26:40,2018-06-29,1f5c49019dcb5f1f9203edb025cf6e40,2018-06-05
3b336014b6a2b0774fb872f338dab7a2,6cd41c3423e017e6eaac4434b629c9fd,delivered,2018-01-05 10:37:58,2018-01-05 10:47:52,2018-01-09 16:51:56,2018-01-20 17:15:24,2018-02-14,fcbb5c1179027d0de9b13be0262f2368,2018-01-05
5d6b2a5fb9a709d4d59ac6eb4bb1a6c5,107a0ca2d031c7f0825cabad3c439401,delivered,2018-01-31 23:46:01,2018-02-01 02:10:38,2018-02-01 19:49:50,2018-02-06 17:03:35,2018-02-22,fbb3abe358fcda91763653b9975cf8e6,2018-01-31
6acce0b54d9a0e8dab044bda974b383a,c852c0de5625170406baddc488a0f780,delivered,2017-09-25 21:09:43,2017-09-27 03:05:05,2017-10-10 14:42:09,2017-10-19 16:33:52,2017-10-25,a323f5f9a2cc270aa0e158a7413e8b55,2017-09-25
bc64f672506c531820c9815dbef4d7f9,31d44ddd234e73ac286ccb7d7c07b0ad,delivered,2017-08-14 15:33:05,2017-08-14 15:55:11,2017-08-15 20:36:29,2017-08-16 19:06:48,2017-08-25,69ed7a77271bbf007c53e3545f89de15,2017-08-14
d2aa63ac411996ad85fc0099c47db2df,d6b5bc1a3bb9c1ac3514ba6c282919bd,delivered,2017-04-24 22:22:34,2017-04-24 23:45:18,2017-04-25 11:44:16,2017-05-09 08:12:13,2017-05-17,3f817d9d92c9592858593f34df4bdd2d,2017-04-24
bb21a8a9e033eddfd4f1783bcdb5b264,dee22247fdc9435af84f5c0ab7f9bf7a,delivered,2017-05-17 23:32:26,2017-05-17 23:45:14,2017-05-18 10:35:23,2017-05-19 11:39:40,2017-05-30,18e5c815bf3dd30fd8e56942c573d61f,2017-05-17
7d8e703e70fd43aad80bd4b5d6a7b14d,e4d79f3aa857364398919757c232154e,delivered,2018-08-18 23:03:24,2018-08-20 11:09:40,2018-08-20 15:29:00,2018-08-24 19:54:44,2018-09-06,d4ac357147c0576914c5d6eaff3fa89e,2018-08-18
23aee6ac2f5a0a3056aa62c615974c0c,c330f7967c92a086239c675991cb6aa6,delivered,2018-04-18 16:33:30,2018-04-18 17:14:39,2018-04-20 15:56:47,2018-06-01 18:54:20,2018-05-22,361dc89b24a5dc808b2803a1ac33ff3f,2018-04-18
ac0d651b9931070684816c338dab9a3a,c7aa60532937e581cb6fdb0320a400c6,delivered,2018-04-27 12:15:55,2018-04-27 12:31:13,2018-04-27 14:12:00,2018-05-03 15:09:10,2018-06-05,b1d324629109952056d8da2a691a856d,2018-04-27
a6cd7cac7ee11538a78649066487e0ca,950a60900e19a2d87d316224bfc9e60f,delivered,2018-07-01 08:36:29,2018-07-01 08:49:49,2018-07-02 16:24:00,2018-07-26 16:51:09,2018-07-31,561e48624eb8366b9253ad9807c19fb6,2018-07-01
9b04ee502585bbf5ea1c396717eaac34,ee88eba0ecbbe5b6417be16b4bbfd74f,delivered,2017-05-30 22:39:48,2017-05-30 22:50:15,2017-05-31 06:33:26,2017-06-06 14:54:52,2017-06-22,11e62f7de7be0101d02eecb390290019,2017-05-30
bb217942f3a8142b20e2e509a6f8927c,7705c11b3c78e3b558c28aed7b8d8600,delivered,2018-04-06 16:47:38,2018-04-09 08:09:24,2018-04-11 17:46:27,2018-04-12 18:18:48,2018-04-19,4c4b5dc90eb4e33188153ca3e7999f92,2018-04-06
a8db6b84057a7a3a8a38968f10853069,bc9954bc4eb2a6fb6ed4eee63bbe2193,delivered,2017-06-15 14:38:02,2017-06-15 14:45:16,2017-06-20 14:22:03,2017-06-26 10:27:25,2017-07-06,b09f1bff1aff13c997af071602bc048b,2017-06-15
908e192e4db399ba3df7c844bbafa304,b563a655fd86010adaad1e9708b0c33b,delivered,2017-09-10 22:33:41,2017-09-10 22:45:14,2017-09-11 21:14:33,2017-09-13 15:25:47,2017-09-28,3871b0ab0166a2f441fa762f5206cacc,2017-09-10
cdca52aa619c8e59bd64701d54571cc0,36da15e62a3ecf96427337aba9139f2e,delivered,2017-09-04 12:30:41,2017-09-05 04:24:15,2017-09-06 22:07:00,2017-09-12 17:10:17,2017-09-26,9dc7e983a9dde2b110ca06f7547d6b5a,2017-09-04
34f9b9c8510e491d1992dfd62ed68e46,47d5288ef362b3cebeead430d0fcf9c1,delivered,2017-12-08 11:14:30,2017-12-08 11:25:18,2017-12-11 19:43:33,2017-12-18 15:59:39,2018-01-03,d030dbb641800b45b2cb642f2edd152c,2017-12-08
c86368d17ff48588fec9eae138854ea9,702635243e34f3e8ec65b8bc61e95cdb,delivered,2017-09-06 00:03:37,2017-09-06 05:32:59,2017-09-06 18:10:04,2017-09-11 20:45:51,2017-09-28,f85f92251dc2de1c9d2774b148e0385a,2017-09-06
4525dd56bc3c3fb6d4e3b02a54db984d,62c1b2fedc08018cac5045b665fcf462,delivered,2018-02-11 00:12:16,2018-02-11 01:15:35,2018-02-26 10:45:08,2018-03-14 00:52:24,2018-03-09,f27b718e16571eb1884dc04a84a69752,2018-02-11
d7734a834b8c2b0138d57157af28e7f1,9a3a72f79c865e8d4778890226b127ef,delivered,2017-06-04 20:28:39,2017-06-05 20:35:14,2017-06-12 16:15:19,2017-06-19 18:47:51,2017-07-11,d79ee1eeb9558345e7bbfd63a5350c7e,2017-06-04
4456598910b67f78e196b09a39a53c50,23e22609b3a5ccd8fcf8cd0cf8a28f7f,delivered,2018-04-27 10:46:12,2018-04-27 11:11:22,2018-04-30 14:33:00,2018-05-08 17:08:49,2018-05-24,1da2a3343d3e10a969375849ac5b7f1f,2018-04-27
98e38b5d59b358aaf4d5a08ca9814883,6060d9a57cf9e44fa54a5034481e458d,canceled,2017-02-07 15:25:41,2017-02-07 16:30:10,,,2017-03-06,bb3f306244311e629c7bd51a257d7669,2017-02-07
6024ba74feaaac8884b2c5c9a8dce93b,147a66016ca869c7c1ac0e8480119ae2,delivered,2017-09-03 14:37:33,2017-09-04 16:15:25,2017-09-05 19:25:11,2017-09-12 17:01:08,2017-09-25,c88e7bbfd4b88522a56fd97b47fcfd5c,2017-09-03
4dcfdc517f6df36a4704bfb8e33688d7,982d23699a9acb87bf7e67f965918846,delivered,2017-12-27 21:33:57,2017-12-27 21:46:54,2017-12-28 19:52:36,2018-01-04 20:18:54,2018-01-23,65cf158ca5ee24aecbc905be1ba6b600,2017-12-27
ec7d908a287a36d1b411a7b29336e820,9e630b2d4070b5cbcce64dc50dd12f1f,delivered,2018-05-14 15:58:00,2018-05-15 15:56:16,2018-05-17 15:06:00,2018-05-21 22:18:38,2018-06-11,cf1dca927e0a51ce5b14bb5e83aea412,2018-05-14
6a561b1f3b2ed85c05e55494271c7061,c116f2069fcf54d5e5d4864cc29f628a,delivered,2017-05-09 22:42:23,2017-05-11 03:55:16,2017-05-11 16:15:00,2017-05-18 16:15:00,2017-05-25,2a7c99cd9f9eaf9822451457f1fcba32,2017-05-09
f6f81fccfabf745399954eee1c404a5c,0e93b56d7f4e6ed8fce31e560d034421,delivered,2018-02-07 15:04:44,2018-02-07 15:30:07,2018-02-08 17:37:34,2018-02-21 00:29:10,2018-03-14,02d7bb6de9f217667b00c91a1b9680f4,2018-02-07
ebee038c5993647eb1defc78207cd187,0310d1eb2978431efb158b535a3c0fd7,delivered,2018-05-23 07:50:10,2018-05-23 22:35:46,2018-05-25 12:44:00,2018-06-04 14:28:56,2018-06-08,62cdedb6061865cae9e0f33f3ecd5d16,2018-05-23
e670c857f8a70c9aacdf644c59980d17,9046e54eb6f0639a45d278973bad06ab,delivered,2018-04-11 20:38:34,2018-04-11 20:50:54,2018-04-12 22:24:22,2018-04-27 21:45:54,2018-05-07,8f05d5c09f7e443a1f2390c7c900022b,2018-04-11
64fe1a032e48385440b54e5892d778be,361fdb99ba935f962692efed864a6c72,delivered,2018-04-29 13:12:10,2018-04-29 13:33:58,2018-05-02 21:23:00,2018-05-05 12:04:59,2018-05-17,e4606029a8223c9d47ba6779e2dc602a,2018-04-29
79730096d219216eb484e1e16568ef23,56399803cd15cb00e69b0cf163c98866,delivered,2017-12-09 12:29:50,2017-12-09 13:13:32,2017-12-11 22:38:13,2018-01-08 22:13:02,2018-01-10,d7adcdb433f3dffc954f4b7f5cfe9dd0,2017-12-09
65dd9664feba93680da24da77168ad7b,226152ac481f0b29cd416d4028f64224,delivered,2017-05-07 17:42:39,2017-05-07 17:50:21,2017-05-12 10:18:08,2017-05-29 08:03:25,2017-06-21,d38867091f1bf3531ce67c7f4b93b39b,2017-05-07
5f69b4a2f6573c8ec6ae54125bb181fe,7c102a34442b0b0427ac1643cee20208,delivered,2017-12-23 18:45:24,2017-12-23 18:55:23,2017-12-26 14:24:18,2018-01-06 15:28:47,2018-01-23,2c6a932533e53ba1db487fae20a90adb,2017-12-23
6b27933c6a46e3d66203137ad1fdb678,e46cf1ee4ad1144aec5dddab5a5cb661,delivered,2018-05-16 21:15:46,2018-05-16 21:36:11,2018-05-17 09:28:00,2018-05-22 17:33:12,2018-06-06,599d8c19c6086d1444c3a430aebc8abe,2018-05-16
10c7b16de7ade26ab82b8d6a42017e1e,82d38cd139e90ea545ff49b9c8a2fdca,delivered,2017-11-25 11:24:09,2017-11-25 11:35:32,2017-12-01 14:02:54,2017-12-18 20:09:47,2017-12-19,531f9c9ea5835994f99eefaa1727c3b7,2017-11-25
e3a851896a5960f36443bee36f006936,796a96842a5cc545311f8736eb0f0ad9,delivered,2017-11-12 22:54:54,2017-11-13 23:06:41,2017-11-14 18:57:05,2017-12-07 01:33:35,2017-12-21,f81557126d5ab0a6cb73fe6bc1b38ce6,2017-11-12
9854c9854695b1856b5f7832f336db5c,ec86a47ce0050ff9be984c455dc57231,delivered,2017-12-21 07:39:41,2017-12-22 02:51:02,2017-12-22 19:27:34,2018-01-02 17:22:03,2018-01-24,333116644860dfd23cda707c267686b8,2017-12-21
c18b6204ad61e6f20f2681af7cce007f,4faae87d55584d344fc5f694c270dfd8,delivered,2018-08-01 22:57:50,2018-08-01 23:15:12,2018-08-02 13:24:00,2018-08-03 13:33:04,2018-08-06,5673d9f5705618734ad0e72865a66d07,2018-08-01
f67e9b8dc50a6d514738faf418d8de69,9ed7573e4de35762fa8bcf6f0d58ca49,shipped,2017-07-04 15:58:05,2017-07-05 03:04:01,2017-07-06 13:28:59,,2017-08-03,cdce280eb29d7fd7e87569576ac870e0,2017-07-04
fe583f15d230c8ef63b9c1e8053a5240,b8203436dd3a41276d7be98831ddd3f1,delivered,2017-10-29 11:59:16,2017-10-29 12:10:20,2017-10-31 20:35:35,2017-11-13 17:37:39,2017-11-30,410f9b983169496799178835774f1f20,2017-10-29
934a734f2c8a77cbe4f55441d7e051ae,3ebd3326c483aa9a6615659a8039b0b9,delivered,2018-05-15 01:57:02,2018-05-15 02:11:44,2018-05-15 13:15:00,2018-05-22 19:11:29,2018-06-21,e17389eea4d3cbca4b20b0b6ee23734d,2018-05-15
7ffd48a27c90a946cfa8198b76a7120c,afbbb519a35f84ad208f8f04de698e41,delivered,2018-05-28 14:11:57,2018-05-28 14:35:32,2018-06-05 16:06:00,2018-06-22 15:51:00,2018-07-05,f773067b7aa98b62b35fd5544491c3cd,2018-05-28
ff23c2ed75e1dd692c237538513b27a6,4bf8f2a0187cada294f054af193475e7,delivered,2018-04-09 22:15:15,2018-04-10 00:15:50,2018-04-13 23:35:26,2018-04-23 20:42:06,2018-05-10,6ce3661998c50588da82854251489d8a,2018-04-09
ff3555a6834ab7c343f8b67157dfdd07,a90a31848399d3e06e0633012a773433,delivered,2018-08-05 23:12:00,2018-08-07 06:05:47,2018-08-09 10:16:00,2018-08-10 22:18:32,2018-08-21,5a7ff7d4adb18a0d64314cc177a2f89a,2018-08-05
27f190f6efe898d203f09dacc0d5e6cf,1a7dd5dcad819da555d5d310e108fd90,delivered,2017-10-23 08:43:23,2017-10-24 03:49:51,2017-10-27 18:11:58,2017-11-08 17:17:25,2017-11-23,d15940ef308583106b2bf937e10ee015,2017-10-23
2bf9fdd42a3609f2c440bec186b10ff7,f257e9cbaee084fabf915bb3eef2404c,delivered,2018-08-21 14:30:46,2018-08-21 14:50:03,2018-08-22 14:00:00,2018-08-27 17:22:45,2018-09-21,3158fc4f60ca92412de397461b64cee3,2018-08-21
5fd4cc6625fe077304f6fd2ffd3681d9,3d799540a13a83c8ef8f0a7f375c5d1b,delivered,2017-10-31 11:33:08,2017-11-01 03:26:12,2017-11-01 18:23:39,2017-11-06 19:18:37,2017-11-16,934a220ee61048efb91973a713c38cc7,2017-10-31
8fdfd0573d4f3afceb521f146fbc3cf0,b3a9b3d9251e6fff38505a9d20ea5832,delivered,2017-06-26 11:36:23,2017-06-26 11:45:19,2017-06-29 15:36:10,2017-07-10 18:45:18,2017-08-01,eefa0a9fde70078110cadb0d92e10a16,2017-06-26
cb6b0165d96a5abe74613ab5e67407ae,0dbbcdf57e3dc669466f0a0157beee8c,delivered,2017-11-28 21:38:47,2017-11-28 21:51:44,2017-11-29 15:53:48,2018-01-04 21:08:12,2017-12-22,da04cd5150876b9ffcf261b880fd48cf,2017-11-28
79b37fcf4e0760cca46b51b7ca3646fa,c9ae21709ebe8586e4b45a780eb6f25b,delivered,2018-03-27 17:14:16,2018-03-27 17:30:24,2018-03-28 17:55:42,2018-04-05 23:40:35,2018-04-23,83a0cf9ce78e037d4bbe79da0371a577,2018-03-27
bf43c3dc9e568e98768cd15b4d526f9f,0f30f95a3b35cec6eb5d7b1fb3d41ba3,delivered,2018-01-16 16:01:28,2018-01-16 16:52:11,2018-01-17 21:03:35,2018-01-26 01:09:23,2018-02-15,e2ab461bbbd2cda48146aaaf21d6bd29,2018-01-16
7e772cb45f952aa56139d1cce1c308dd,f1a9c5f4eb8a4d8cd2eb314107f615a4,delivered,2018-07-29 17:29:59,2018-07-29 18:04:22,2018-08-01 12:52:00,2018-08-06 15:58:52,2018-09-11,bce1e4505f90411071ef9dc3a96e8d57,2018-07-29
3951227294406e4a8f10d726a82027a0,c5a2f7e6d26faefb2a40da15e8eb3e71,delivered,2017-12-25 19:09:03,2017-12-25 19:17:26,2017-12-29 20:43:04,2018-01-22 21:48:20,2018-01-24,acbb1fa87c4225ec3b82510a59f77d7c,2017-12-25
c71cbdb7b9942bb81f17f42771a10f90,83d0b3985df686f67a815c1c0712e54b,delivered,2018-02-02 16:15:56,2018-02-02 16:55:58,2018-02-05 19:22:27,2018-02-22 21:14:23,2018-03-09,8d198cca00c3335a295e9f504e00d339,2018-02-02
e2d66db1ac680c44e6419a6a7a5095a4,adab95af0aaccb5b653ea193a0e073db,delivered,2018-05-10 20:11:13,2018-05-10 20:31:59,2018-05-11 12:26:00,2018-05-17 22:16:40,2018-05-30,86be9ff5cb6382e8c1e92bfc17e0cb85,2018-05-10
fe5fa7ea8b31c2ea3bf07597ea194225,5df17eae086275e9545bb6e04d79edbf,delivered,2017-05-21 11:15:14,2017-05-21 11:30:11,2017-05-25 09:28:00,2017-05-29 10:15:00,2017-06-13,bb80430dfc6dd81aa3ed50d18013fa41,2017-05-21
a19d79983ace7b3b6785db9f7284eb7c,480ef7d1e6b7e717e0b7d26525a4ee69,delivered,2017-08-02 21:29:56,2017-08-02 21:45:11,2017-08-03 20:52:10,2017-08-08 18:00:05,2017-08-22,07540f2fffbe583e4bde29fe25ba450e,2017-08-02
9995360441590d940305130a344602f5,4812c1834f4b519929f05c22f6ca6a54,delivered,2018-01-29 15:16:52,2018-01-29 15:35:27,2018-01-31 14:22:05,2018-02-09 16:12:59,2018-02-22,e65f47a397dcdb60a3c5fbf42821b499,2018-01-29
4a7daecdbb69d275f72866f7f8d00448,52b25d31e779e259422789a033435421,delivered,2017-12-10 09:22:54,2017-12-10 09:32:26,2017-12-12 20:07:07,2017-12-26 23:22:12,2018-01-08,2271b98c96ef2dbe4241cbbde7c8c12b,2017-12-10
ed7774b614a7ad220649f09dc6a4c043,d92a2fbf56a1e0f231a58f7a1e9ca540,delivered,2017-11-16 23:27:21,2017-11-16 23:50:57,2017-11-17 22:32:25,2017-12-11 14:14:54,2017-12-13,3fbfe90197db709a78d7e0eaabe0aac0,2017-11-16
05885929f901bfe4490878f068b7da8c,11e380be5c4a5ce9622d3e48d02f042a,delivered,2018-02-22 08:17:18,2018-02-22 08:30:29,2018-02-24 00:26:50,2018-03-08 20:34:19,2018-03-16,af4255e3bd906a82b904c612c47c0a88,2018-02-22
6dad10eaed0900d63501e1c436408bf6,36d3603a054c833fae1410c2bea687ae,delivered,2018-03-19 12:45:46,2018-03-20 03:30:44,2018-03-20 19:48:49,2018-03-28 23:12:32,2018-04-11,7e9a6d294183b65ac05b4846154d3eee,2018-03-19
17d8bb8daefb337fdf4be46cc3e7a015,82f2353693ff81e3fae421f5fad9784e,delivered,2018-07-09 20:18:05,2018-07-09 20:30:11,2018-07-10 12:54:00,2018-07-11 16:44:33,2018-07-23,f64d7323000f73047c4af21f1783bbfe,2018-07-09
922fe0fd780e0fad844f31464d8e46ed,c1380a13251ab5fff46527214676054d,delivered,2017-06-07 14:43:53,2017-06-07 14:50:23,2017-06-08 10:29:08,2017-06-12 12:32:51,2017-06-28,852d914bdf72a35330ffcb624ca9b52c,2017-06-07
3ca5e7693386a872242471df60bab834,3f931d144d542e7e7ca9fa5aaefdc28f,delivered,2018-03-12 11:16:32,2018-03-12 11:30:30,2018-03-12 22:28:28,2018-03-14 15:41:46,2018-03-22,1df2e75b69db2b96a79542957c763bd4,2018-03-12
88e3babdb4772c2fc14b52cee9cf7da7,307d23e1f14bd104cf9d7720157079a3,delivered,2018-06-26 20:14:37,2018-06-26 20:30:14,2018-07-26 14:03:00,2018-07-30 21:28:31,2018-08-13,5da9d990959ec62109d5430ef741f5ae,2018-06-26
c586249094ad18825980782ff1b7d730,d013a9635984f984b4a5eb85285898a5,delivered,2017-08-31 12:50:35,2017-08-31 13:04:32,2017-09-01 19:53:50,2017-09-05 22:32:55,2017-09-19,72a410714c5a753b08bd3954486fbcf8,2017-08-31
fdafcfbadd88c33d4798432d3bcf6004,050f6087053bfb249521d6910798e274,delivered,2017-09-11 12:07:57,2017-09-11 12:25:12,2017-09-12 19:43:08,2017-09-14 19:43:29,2017-09-21,a160253d2a6e0d66453fa6c5dcb69ace,2017-09-11
dd8f044a145ebf7152fc8a718cbd3412,935b0e35c27eff20b89b6dfe7753d31f,delivered,2017-09-03 10:41:08,2017-09-04 10:50:12,2017-09-06 20:05:10,2017-09-12 03:21:16,2017-09-25,ba3f35c1ecbfcbac6854edf5ffcc198d,2017-09-03
2c9efd6e429c8bfc4f59a509334aabf0,e69ebee136e7b65b641c6839b5f5e743,delivered,2017-11-13 20:44:51,2017-11-13 21:31:37,2017-11-14 18:25:08,2017-11-22 21:28:41,2017-11-27,5f660d28c5f9ec920baf48bbed955b2d,2017-11-13
343c609ca3ddf3294e1e2d54ce6d9a76,6284b8ac7b0fae398f24ed57339cf072,delivered,2018-01-20 23:23:21,2018-01-20 23:42:25,2018-01-22 22:46:32,2018-02-01 19:37:46,2018-02-16,3d33fa7b80bba2f0a706b7b141485add,2018-01-20
d1632cdbf90f11c2d5fa53d5c3deeadf,4944ae402beecde21f97b5ac649cd1aa,delivered,2018-07-09 11:23:05,2018-07-09 11:35:09,2018-07-11 14:47:00,2018-07-12 17:43:00,2018-07-18,4ff5594bb250c1c1d63f662829a68fab,2018-07-09
1a82ae1928c32cea24d0235445148454,c9edf82d38888fa613f3d9486a582b2d,delivered,2017-09-01 17:02:47,2017-09-01 17:15:17,2017-09-06 20:14:39,2017-09-15 23:13:51,2017-09-28,4835837b30a566930f3c0227935d622a,2017-09-01
2c2ad0e6636d842e7f1eead45cdc6065,89b38155c3932e00912173b7aef3dc94,delivered,2018-03-15 14:53:01,2018-03-17 02:45:46,2018-03-19 19:38:41,2018-04-24 16:49:47,2018-04-05,0df819a6668caa4c8f1ecb03f1e868a6,2018-03-15
f45e1a0f364b364c89d9a6d53a48deb3,2d7d40dea81b3f92cef97262a08db3d7,delivered,2018-03-19 12:05:25,2018-03-20 12:15:41,2018-03-22 20:38:50,2018-03-27 19:29:03,2018-04-05,cac981eb97f98f8af8de3b9d3766db04,2018-03-19
52128ec39ceae0d14af6c5779c4173cd,a4a4bc6742b800e480f8e5f1e8cc1100,delivered,2017-11-29 13:03:22,2017-11-29 13:14:26,2017-12-02 14:07:57,2017-12-11 16:42:55,2017-12-19,6f799a94b4ca2205bf0b894ec406d30e,2017-11-29
5f48fa73561d6de6cd6cca04a466840e,7458e588e5b977cbeaf1b350aacfafb4,delivered,2017-04-17 23:17:28,2017-04-18 00:10:48,2017-04-18 13:03:25,2017-05-08 09:10:21,2017-05-16,57152ecf5f2c1f8f940fca676b6d199b,2017-04-17
3e71c6639efc622b22bea76bc198841e,46f90a95ca3b2fd7a603364b4eddeab9,delivered,2018-06-29 15:57:50,2018-06-29 16:11:37,2018-07-04 14:47:00,2018-07-05 13:57:52,2018-07-17,2666aeacca810e1dc86fcf9619f56a72,2018-06-29
019886de8f385a39b75bedbb726fd4ef,8cf88d7ba142365ef2ca619ef06f9a0f,delivered,2018-02-10 12:52:51,2018-02-10 13:08:12,2018-02-14 15:28:51,2018-02-23 02:03:03,2018-03-14,d29ede26cd3e2817b314005a88bd28a8,2018-02-10
8eabb0219281482f84013cbc8a4e5364,df4b898f23b187ddf234dacbee036bd1,delivered,2018-07-16 20:07:08,2018-07-18 03:05:13,2018-07-24 12:14:00,2018-08-06 22:44:50,2018-07-26,a7fda0a7f7f0dadaf0db8a13bc7a0190,2018-07-16
79b8758142105381b27a6b990f80bf3d,504abb58c38286d2cd8bb36f4939dbe1,delivered,2017-11-20 11:45:59,2017-11-20 12:09:23,2017-11-20 20:11:50,2017-11-25 19:31:35,2017-12-11,9d6d99c033af3a65900fe1e18b78dd84,2017-11-20
fa3ed89c3b607653c3e70eaa8b2fd792,1da48ab5e00769143416057a29a7616b,delivered,2017-10-25 18:30:41,2017-10-26 16:31:09,2017-10-27 18:08:01,2017-11-01 17:13:28,2017-11-17,401acc153c4c5058a9fbf5332375aa19,2017-10-25
1c2d22c1d55459e10c141fba4eed75be,bc1b70fc3b07ac60850fe4986e47e4d7,delivered,2018-02-13 13:06:08,2018-02-13 14:35:33,2018-02-16 22:09:17,2018-03-05 20:49:09,2018-03-12,ef3f1e3262a0448a073634cce6c7cbfc,2018-02-13
a7e9c89f44760729cadc85cb2d282e1a,b9051f8570a716f98777d8b82d883a28,delivered,2018-02-03 20:38:00,2018-02-03 20:50:26,2018-02-06 03:32:17,2018-03-02 19:33:05,2018-03-13,8eea2bb4ae0765eee4aa7974a93f084e,2018-02-03
91990b363df359a26a2609a3c414097f,97fef60abc71cb52b81fe6c96198fdaf,delivered,2018-02-02 17:27:08,2018-02-02 17:52:07,2018-02-05 21:12:22,2018-02-08 22:58:41,2018-02-26,3495282b79ab9d5e23e1999e2a460a0e,2018-02-02
e8a2fe3e5e58d8ed9080188f35c108ef,9dd8245cbdc86cf19b4e02f11c923849,delivered,2017-06-13 11:13:23,2017-06-13 12:23:34,2017-06-19 13:57:55,2017-06-19 18:07:51,2017-06-27,3443f8095ad309eebbdc8caa8b2bf936,2017-06-13
07068f92ceede34d93d6dd0b5117feef,fa2a6143fcd4d39afb184064b19d13bd,delivered,2017-04-09 23:37:46,2017-04-09 23:50:15,2017-04-12 11:54:50,2017-04-19 15:46:47,2017-05-04,a309cc24139cbdc0bfad6f5d2d26f7dd,2017-04-09
b42b605ed9b590d3c82600285db879e9,aacce4b379f144d901d99fcb2cd07f62,delivered,2018-02-05 07:11:56,2018-02-05 07:28:50,2018-02-07 19:45:52,2018-02-28 12:27:03,2018-03-12,2401c4cea7bbff5385e3a97035b00967,2018-02-05
e43bf5e038481356e162cc65ab7fb1c2,660614a6a73e9d60ca9c9ab2b37d4bbf,delivered,2018-02-15 19:29:58,2018-02-15 20:15:32,2018-02-16 18:19:07,2018-04-30 16:44:28,2018-03-07,a23e665deb9007ae2c4e9175af07a958,2018-02-15
329954a78d93c0af4e24aad8677ba9bb,8cc4f41a7488887dec0be5b5e2674293,delivered,2017-09-10 10:02:45,2017-09-10 10:15:20,2017-09-11 21:41:28,2017-09-15 20:47:42,2017-09-29,e2f3764345a82793064c2d540db5e2b9,2017-09-10
4e5a9a16a51f946e82d4922064b9bd96,2e552907be728e91fb7033c374a4facc,delivered,2018-03-29 14:03:06,2018-03-30 23:07:59,2018-04-02 22:38:32,2018-04-11 19:42:05,2018-04-18,daa1e5112eed66b320173cce9c76e6ff,2018-03-29
67e1523ecabbe030f525c66b8cc57fa2,d0eaf0e4b95a2db94a72cfd221a0b58e,delivered,2017-10-02 15:18:42,2017-10-02 15:28:23,2017-10-04 11:43:20,2017-10-06 17:33:00,2017-10-25,85f43d7bf17a5b212fc13da627ee0150,2017-10-02
19171b9b900193fe84dc711a2dffe56d,5219321f4cfa568d79fce57113233d7c,delivered,2017-10-05 21:45:24,2017-10-05 21:56:28,2017-10-06 15:07:59,2017-10-16 21:17:06,2017-11-01,6f7ded39d56782a61aaccd529145e7f8,2017-10-05
06f4be78b76ba6a42605efa4ce7544d7,24f68e18ddb48a182d88e0fe261776c1,delivered,2017-02-07 16:34:29,2017-02-07 16:45:19,2017-02-21 05:11:57,2017-02-24 14:21:39,2017-03-15,1adab11c115ed5de9a6680d4a0633649,2017-02-07
0ee315717889c709f2cd864a34eb3ded,969f636e9dd16a2d0b853b4541037698,delivered,2018-01-31 08:40:42,2018-02-02 02:53:34,2018-02-08 22:35:21,2018-02-19 21:34:15,2018-02-22,8f5cea6168eb36b5c75205b12d5d2c5e,2018-01-31
e8f10e96c2974b2d58613a46cfef346b,fc54d76b1cfe2349a1d216a4bb3e4190,delivered,2018-07-31 08:57:40,2018-07-31 09:30:44,2018-08-01 16:45:00,2018-08-07 17:51:55,2018-08-17,9c047eaba595212eef2c82ccee044f21,2018-07-31
77bf14a61d9efbddff1e34f655e5ded6,ea0bf08a86058c39996ba369b82e743c,delivered,2018-03-11 19:39:41,2018-03-13 03:50:36,2018-03-14 20:38:44,2018-04-25 17:56:33,2018-04-03,90c4e03bec74ecb57df63b0e9c401f54,2018-03-11
11644b89c9bd9d27b1c1fda5307844d1,947d490e87464fc7f56c57d24b98564e,delivered,2017-06-08 16:15:15,2017-06-08 22:31:35,2017-06-13 09:46:46,2017-06-23 11:52:09,2017-07-03,d5d6260321705352c2f7c2c39937b03b,2017-06-08
d8548c48e1580222bda2c86c47ce10cd,16982a113ebc20e88b9459911012b11f,delivered,2017-08-31 10:21:58,2017-08-31 10:35:21,2017-09-04 19:33:22,2017-09-12 20:57:30,2017-09-25,28da99e178f274876e3052c1740c6c87,2017-08-31
b8fa6b82124d10ce03fca71fba70a4db,a5feebb225cf5be149ba5ba645441ce5,delivered,2018-04-08 21:18:56,2018-04-08 21:30:25,2018-04-09 18:58:26,2018-04-20 18:51:21,2018-05-16,b7114d94711361017988dddfb611ea0f,2018-04-08
925ee1f93e14abe8dc23965bf65f6c0d,2bb022e877c695be25cd5df533b1ff9c,delivered,2018-01-15 23:24:07,2018-01-15 23:35:26,2018-01-19 22:46:51,2018-01-22 18:41:57,2018-02-06,7edfbb864330990fa6301184c3942572,2018-01-15
3521cc9e135966413d4c3eb1a212e19a,bef97440218f17f5f6a75807e2bd7793,delivered,2017-11-14 17:38:37,2017-11-14 17:50:29,2017-11-17 17:11:37,2017-11-25 11:53:09,2017-12-19,f52fd777cb220b39d2020b34128b1301,2017-11-14
9f3c15fb0dfc4d3f2d9f5e8e9323a9e5,85f6af84a0950fd199880c7c5adf6af7,delivered,2017-05-05 08:21:12,2017-05-05 08:30:17,2017-05-10 10:28:51,2017-05-18 14:04:44,2017-06-12,45bf7aba22952cd69510c0280b4fb5be,2017-05-05
1247e7aa2e791c9f1b0d6193c132dba6,55ccf84914fb92df2f02eb8df1215bfd,delivered,2018-01-09 00:21:34,2018-01-09 01:28:07,2018-01-09 19:04:33,2018-01-16 19:32:25,2018-01-26,09c1032bf1210a53140241c8ab689127,2018-01-09
48e58c173cd635c5db80cda55c25f17a,64ec097896b5529be6ce25d578233617,delivered,2017-12-28 13:57:40,2017-12-28 14:07:31,2017-12-29 19:39:02,2018-01-03 10:06:42,2018-01-17,fc128a4fe9079758a234b36379013c26,2017-12-28
c284a43b72cd107402733c5bfe5678bf,e8a7dbfaf5a4bc723367f8d91179a8d5,delivered,2017-08-21 19:21:41,2017-08-21 19:35:22,2017-08-22 18:16:01,2017-08-28 22:49:48,2017-09-11,90293486740949daabcbacf097236b32,2017-08-21
61214a9d6c5c37e81a915395874660aa,6235fdc0283c91ed37062e632727809d,delivered,2018-03-06 20:35:42,2018-03-06 20:50:23,2018-03-09 20:48:59,2018-03-13 18:32:15,2018-03-16,adc9667c3859e1b93fb0a99387f54bbe,2018-03-06
215e5233d56b418ea25a08ca57b67619,ba9e6a4e3892184d2db7e7c35c1b269b,delivered,2018-07-31 16:34:54,2018-07-31 17:24:25,2018-08-02 13:38:00,2018-08-07 17:48:28,2018-08-14,14ec2a04d0e694c0c8fceaf5a061273a,2018-07-31
8809391e10af2cf3abaef5ac8af9fc4e,0b6c7af97ae369ddab1fec6d5d29afc3,delivered,2017-10-14 14:45:58,2017-10-15 14:56:14,2017-10-17 19:31:57,2017-10-30 20:53:57,2017-11-07,55a97ac4a03a60a3a30e1d7a9423b911,2017-10-14
11ff2af78a9ec50c26f9cbbc62a10d38,a48b14b74f4daa3f589086dd35afe553,delivered,2018-02-01 08:52:15,2018-02-03 02:53:47,2018-02-06 00:45:55,2018-02-16 15:35:44,2018-02-23,e2492e4188991b6276a4a62a287a5451,2018-02-01
bb07a1c8ba165fbdb4a5387b0489ceec,e3e0dbb66c2ee05a114b214a7e7447a0,delivered,2017-05-17 18:02:40,2017-05-17 18:10:24,2017-05-18 09:59:05,2017-05-24 10:33:57,2017-06-06,2be849e7d8e78b789a8dd50b12833dde,2017-05-17
583897e4cf9cd552e5abfacdf82bcb75,30446ea2e198de0fd4d7a05ec53c046e,delivered,2018-05-29 21:58:00,2018-05-29 22:13:56,2018-06-04 15:30:00,2018-06-07 21:38:46,2018-06-29,846618f4e6c6867cfcfc9d7591282aa3,2018-05-29
342f80dffbb78439bbdb1d94b8ee09da,a8b55141d82d0f3be057b4afaaa97625,delivered,2018-04-03 10:51:29,2018-04-05 02:30:15,2018-04-06 00:05:16,2018-04-06 22:32:34,2018-04-19,6b08bb8ce14082c8514c46bcd2f89c02,2018-04-03
3c276467cadfbfe2f055dbcc62e32b2d,8eeced160477a50dff09b0316da6c1f0,delivered,2017-06-29 13:06:33,2017-06-29 13:15:20,2017-06-30 16:28:00,2017-07-06 13:51:44,2017-07-19,6bb0bebc0758e1a834cb5bf96b6d8feb,2017-06-29
7e9dd1dc8d16b86e67a0c7a8a3f1ebdf,b226a663d199c9e27923c73a74d6aed7,delivered,2017-09-15 15:51:25,2017-09-15 16:05:11,2017-09-22 21:28:05,2017-10-03 23:28:00,2017-10-05,fec26cfbd2fb085ffa13b9b42bd558fd,2017-09-15
b7742f2170d58633568ed9f864fa1220,8fed7a5f35c67fad2da40ad0223fb07e,delivered,2018-03-27 07:59:27,2018-03-27 08:10:15,2018-03-27 20:33:37,2018-03-31 13:47:36,2018-04-18,e93551d6d2f692df4c7e723cd9ec24d7,2018-03-27
6c8d9c889ff58afb2ced2fdf22588b6e,e3b2258f69bc6e7072ce06257ef6077c,delivered,2017-11-30 10:32:25,2017-12-01 11:31:14,2017-12-01 18:11:53,2017-12-19 01:23:40,2017-12-22,5f14595e04d3a3e3f613ee137a26b154,2017-11-30
4c16132abeae3fd9a70253acff71ee2f,6d8c8762e59d4c0884797df97b65c312,delivered,2017-10-26 20:26:16,2017-10-26 20:46:31,2017-10-28 16:32:17,2017-11-07 18:21:44,2017-11-14,a2855d9221a8f1355dc22f859559a19a,2017-10-26
11720c3352cc89c305e6211b13e73084,607351e2b45eca84823f158f10387775,delivered,2018-04-05 15:57:22,2018-04-05 16:10:57,2018-04-07 01:26:27,2018-04-12 18:49:44,2018-04-24,012ba82b3ff6ea994a4ecc6c848a4782,2018-04-05
7feef5128350d0b84c9b26309b475e8c,9bfc8eb502450374e1c3a5989a0b7174,delivered,2018-08-17 13:09:12,2018-08-17 19:10:40,2018-08-20 14:20:00,2018-08-24 20:56:28,2018-08-30,633ae8941a2bb09f94c8c4e032b9a325,2018-08-17
bec6c8437e350113789da9c0bc9c2566,4ce0c6e4d7b908ea1a35aee4fbbda890,delivered,2018-03-26 22:17:15,2018-03-26 22:30:13,2018-03-27 23:29:14,2018-04-15 12:08:48,2018-04-17,e96e7e19763d53f6297e68b6c1ff548a,2018-03-26
edd48aefe5aa3c03da43c13ef577ada6,d89ff434ef3b5628d6736b1669770a1e,delivered,2018-03-07 22:37:13,2018-03-07 22:50:26,2018-03-08 21:04:26,2018-03-13 19:22:23,2018-04-05,ae13e9f7baf274cfb271998626b10ee6,2018-03-07
1647b45719e7eb15e1a8c1601666017e,1d78de7aa8286c16746a84cdea461040,delivered,2017-07-13 21:10:06,2017-07-13 21:24:29,2017-07-14 19:32:31,2017-07-21 17:32:54,2017-08-08,6a00fb25ce15aaa9022e1fb0a7b6f482,2017-07-13
986bc2d6613975f7fd8c8e203a90b782,78d882bf8379d97c8e66896add39344f,delivered,2017-04-23 16:37:15,2017-04-23 16:50:13,2017-04-25 10:59:45,2017-05-10 16:11:50,2017-05-23,edc95f0f6da7d599d1ab5b569567447f,2017-04-23
31cb68b9dd0585b7d33d7c6d63df94df,a7263ca2a95cbbda501cdb4e676dbfb5,delivered,2018-03-25 21:52:02,2018-03-27 03:48:14,2018-03-27 20:12:33,2018-03-28 21:22:15,2018-04-06,519f1f2c72b6d52b161e53716b1ece1d,2018-03-25
f190884813097fe74073188f97302e98,22dadc8b01014f9b0d7fe7bfc7a72be6,delivered,2018-03-09 09:10:06,2018-03-09 09:49:21,2018-03-09 20:18:46,2018-04-03 14:56:27,2018-04-02,01626676a41ff29901f7b42bc8e09dd8,2018-03-09
dabaa5a0b44ef0e0e333e9814418298c,b67450e5415709b21b5f1f49a1974d2b,delivered,2018-02-19 19:32:17,2018-02-19 20:35:27,2018-02-20 18:55:00,2018-02-21 20:27:27,2018-03-05,d2e8a737421fee29304c4bed77a0a576,2018-02-19
ed133fc7e5f6007c120fe3cf3743c7a2,e137112413fc947be060ee527dfecd38,delivered,2018-01-06 00:53:47,2018-01-06 01:07:50,2018-01-08 14:54:54,2018-01-11 16:09:48,2018-02-02,08ec224851e26450be6ac8cdb0a7c906,2018-01-06
5dfbd16c2935172c2f8eed9135087454,e99735b6b3039368cb6af2e0df9c2e08,delivered,2018-03-05 07:03:12,2018-03-05 07:48:26,2018-03-05 20:33:13,2018-03-17 11:51:58,2018-04-06,d1ea1ece03b179cc65966677fe6b4eea,2018-03-05
a88a97b1f64733fb73f753a519db23b9,5fe4c97f6eb784c0e89656abddca6865,delivered,2018-05-28 21:16:48,2018-05-29 12:50:32,2018-06-01 14:23:00,2018-06-27 20:50:56,2018-07-11,7fdebacaf46964084f11cc86e619582c,2018-05-28
fbfc92ca2e01f432089ae7797b9b2224,b0d9ad8fe3898d9c0d90dc8bdd509e5a,delivered,2018-03-19 21:56:09,2018-03-20 21:50:26,2018-03-27 20:56:51,2018-04-03 14:58:54,2018-04-05,47d6433140815901cedf731ce46ed185,2018-03-19
85406138a2e61baa5d9f0a8298bd6c56,47cd4a12d6a89098ff96e0ca4bf8d82c,delivered,2018-04-19 16:39:50,2018-04-19 16:58:36,2018-04-20 21:46:26,2018-04-23 18:54:31,2018-05-08,1577353509c2ce4509d6e0440973c2c4,2018-04-19
575d8ef8d005dd6e8f39b314079973ef,262e3835bb60820bea8ee7847d5cd365,delivered,2017-12-01 21:21:44,2017-12-01 21:33:27,2017-12-06 13:23:13,2017-12-19 19:43:33,2017-12-29,ef55f1ce91275c388c4f411081501d7d,2017-12-01
3ae0703f18033a46c7bd5aff2e394693,072aade529b4fc337113a15dbce8873d,delivered,2017-11-18 15:07:04,2017-11-18 15:30:38,2017-11-20 18:09:11,2017-11-22 17:47:37,2017-12-01,5461c05aea1778e47e0bc8a268a6cfbf,2017-11-18
937e9317b5d8768bd5ddc9c81cd80f27,ffabac359c29ee1a640dcd57f275a2f7,delivered,2018-05-12 00:08:21,2018-05-12 00:31:20,2018-05-29 09:51:00,2018-06-05 15:03:32,2018-06-20,5c1e87adbc536d6a6bef707ceb9b27cc,2018-05-12
62fe4763f75b8c61cc111e465211c08c,157575b3e2a7afeb7174abe0436aeb54,delivered,2018-08-06 20:10:33,2018-08-08 03:25:00,2018-08-09 14:06:00,2018-08-10 21:58:26,2018-08-09,c565f5f9bbee1978816d3285b5830198,2018-08-06
80aff51ef1baac168aede241f057bafe,6f05cce9a1626926ab2be4dfeb9a33c3,delivered,2017-05-30 16:27:19,2017-05-30 16:43:20,2017-06-01 10:56:42,2017-06-06 13:35:37,2017-06-22,d3961181603ae2c26d520ca70cce3c0f,2017-05-30
16335761ea48f493e1fb30770e982a36,4b6484fa6c4406d63dca39c2f421d2b4,delivered,2018-04-05 20:59:20,2018-04-05 21:10:15,2018-04-07 01:19:37,2018-04-19 00:43:34,2018-04-27,b087812101562e36a7b1c11c1540c3bd,2018-04-05
59dc078740135e14b746b30b397545f0,9dd86fef44195e98360aad111552c390,delivered,2018-05-07 12:02:26,2018-05-08 04:14:53,2018-05-08 16:46:00,2018-05-10 20:21:54,2018-05-17,0e9d3c2d435592879fd8052fa58912ef,2018-05-07
04b16351c3a70c83b9f8f1fe295cb450,bf5c3a54675e9a5b3dd58af952adeaff,delivered,2017-04-22 14:49:56,2017-04-25 08:02:54,2017-04-25 11:30:35,2017-04-28 07:33:27,2017-05-15,dcf2e93c682131bb9b8ba3472d95bed1,2017-04-22
e3b442a0dbd0eab458fb4d4abbead49e,9eb9aee89944d31410282c1437ea8c63,delivered,2017-08-02 03:47:44,2017-08-02 21:23:30,2017-08-04 18:13:01,2017-08-10 20:09:34,2017-08-24,0cafb3b42a6959363663032efe813ef2,2017-08-02
0e520b5aa77bac2965d232c9a023229d,acebbc9f40ca44f6a8a1f9b93d65cde6,delivered,2018-08-03 13:42:20,2018-08-03 13:55:15,2018-08-03 15:46:00,2018-08-07 19:42:37,2018-08-21,5ad84888519e10ff52d8af00641d41bc,2018-08-03
ad267363f417fe1945d534f8df659562,1b6de3de93dd6da5e8ae0a0b57b5ef2e,delivered,2017-08-16 11:32:22,2017-08-17 02:55:15,2017-08-17 20:13:54,2017-08-24 21:53:56,2017-09-08,74b91fb33070df7709adad417fd214ec,2017-08-16
c038a5b29abf034f262370c75f739875,206314a71bd9f1bc91cfb6491e17e98a,delivered,2018-03-05 13:26:10,2018-03-05 14:41:01,2018-03-07 15:05:20,2018-03-16 01:05:51,2018-03-26,c6c966a2924ee8d557d167a7d24347c6,2018-03-05
b4ddf2c58c57f7f338c21d36cbfea6dc,0ab5ac57aa93f5bc1a7da4ded0810294,delivered,2017-08-16 09:03:58,2017-08-16 09:25:16,2017-08-22 20:40:03,2017-08-25 18:37:56,2017-09-13,9314b3483fb6e50ab88ebc930d821a9c,2017-08-16
aa5472de2f22cca7b5a661f6fbc94389,edddd8420d4baec0251cfaed38b577a7,delivered,2018-06-16 22:24:09,2018-06-16 22:36:21,2018-06-18 10:56:00,2018-06-19 22:04:12,2018-06-28,9cfb3c93996078bc581e2a5132238b01,2018-06-16
4a484c46ae5f093eca638e3c55d3dbc2,f09327112f642aef342574a73c0b3a40,delivered,2017-02-06 13:58:01,2017-02-06 14:05:18,2017-02-08 11:41:21,2017-02-23 13:44:49,2017-03-01,15094c09eaf3bfe96a05084ed9e78658,2017-02-06
69f300c1548bb914121c37910b3f8196,e0e201b85ad5717fb99edb6d9194795c,delivered,2017-09-29 16:22:26,2017-09-29 16:44:22,2017-10-05 11:08:00,2017-10-06 20:15:57,2017-10-17,71df425cb9aec3337bc969df451d663a,2017-09-29
4328a3227949bd5087871131a3e852a1,184a0d53e3db6779ed520064e09d1df4,delivered,2018-07-30 18:42:01,2018-07-30 20:00:26,2018-08-13 11:05:00,2018-08-14 20:32:52,2018-08-07,6da9ed1445df35f239b6e8ce93011883,2018-07-30
1f2b7ae7e2372de1f0daf10288d65c9c,4c880e154829e72073c4e5558572ab68,delivered,2017-08-07 21:01:57,2017-08-08 22:25:18,2017-08-09 19:52:28,2017-08-16 18:04:10,2017-08-29,08956f78b05a629117296cd7fea74142,2017-08-07
c50e269f3f05dc460ee457106f787b7f,bdb3e5fd8dc8c30b7fdbe43e818bb2ec,delivered,2017-12-11 16:18:48,2017-12-11 16:30:32,2017-12-12 19:57:15,2018-01-03 16:55:15,2018-01-10,6f0121b5eb1d59e51ffef8e106ae40ad,2017-12-11
7f7ecce97b3b42d8f61c14fd46a50593,84f82d5d361c6b6ae90f6de02256702c,delivered,2018-08-19 19:12:14,2018-08-20 12:55:35,2018-08-21 14:03:00,2018-08-27 20:28:48,2018-09-11,40418d42f6fe097b451c29318f01e357,2018-08-19
b65e9f6d886f2fd5807096ed8f4a72fc,631bd6103e3501aa2afe52416cbc1c38,delivered,2018-06-29 11:39:04,2018-06-30 11:30:18,2018-07-03 15:12:00,2018-07-10 16:28:39,2018-07-16,d82337768d1ed077708fac5b4a156ccc,2018-06-29
ef121c337009d84eeb960c0890bf4666,cd4c177b9ffe9a94685b0f87f0e760ad,delivered,2018-04-11 18:09:21,2018-04-11 18:31:22,2018-04-13 00:02:38,2018-04-17 21:14:38,2018-05-04,bd8dffda3ac0e0ac840c79e09386c085,2018-04-11
221dae1c9b60927dd164464fc6b17a77,5f9e6a1b42ce4ff9c7578bbad0c323e2,delivered,2018-06-11 13:41:45,2018-06-11 14:02:52,2018-06-12 17:05:00,2018-06-18 18:44:27,2018-06-28,4c22a25537bf2daf9bd211117e5b328d,2018-06-11
e20a38519798b9e60a722ea899d1159a,ab8c39d930eca414e69c0e8b7072aa38,delivered,2018-03-15 11:02:46,2018-03-15 11:15:29,2018-03-16 23:58:48,2018-03-28 18:36:58,2018-04-11,eda135af5a64a535f01e6186ecb76da5,2018-03-15
a7b7fffe0b7b5cd970eac0f5cf96f824,7fd8d5057daeac55fdab8a792f1cdc64,delivered,2018-02-16 10:35:38,2018-02-17 03:47:39,2018-02-19 16:42:23,2018-02-21 20:39:47,2018-03-05,209dd3c03758ed63f5f270d19c1ac1f5,2018-02-16
15c73309f9a91be9baa4d58d1e02cbab,59365a596fafb5488c739ac1e657f6ab,delivered,2018-06-07 12:27:49,2018-06-07 12:58:02,2018-06-29 15:34:00,2018-07-23 16:04:56,2018-07-30,d5836fcbe2d26317c39caf19d08f21a7,2018-06-07
45999efb9bc85af2a2a2716e46c92e49,986b5b432a29b3edf0f60465e6496f8b,delivered,2017-04-06 14:59:17,2017-04-07 03:22:57,2017-04-12 06:50:01,2017-05-03 12:27:53,2017-05-04,0ae84ad270ea8462d8cf60a2caadf7ce,2017-04-06
fe7fd4c764d135ef92ab8e6f0f8546bd,0def0c85a554e25ea5dfa3e80f4f2164,delivered,2018-06-12 10:17:16,2018-06-13 03:55:13,2018-06-18 11:55:00,2018-06-21 16:16:37,2018-07-13,cac09ddcf7c52f058e671a4501d01913,2018-06-12
5982f7ae2a7fe7f609c44a33a9780ffd,53e6e41bc6b908943de2b9fea8556582,delivered,2018-01-12 19:00:35,2018-01-13 18:54:31,2018-01-17 00:54:45,2018-01-29 20:19:09,2018-02-07,c6986fd84f75816d2db83be5bdd44bdd,2018-01-12
413a22d2dbe22795ff56d989a9ad09c8,9a6c7184233793dc64cdabfcc7120b83,delivered,2017-05-16 00:46:45,2017-05-16 01:02:31,2017-05-16 10:30:24,2017-05-19 15:27:33,2017-06-05,65db6dcd7ff3b3930cef912ad7d9c900,2017-05-16
63897b6705887543f6b7e7a468ff337f,6a615fa5571c8f737a2fe8820563bfbc,delivered,2017-10-31 15:47:37,2017-11-01 03:26:23,2017-11-01 17:51:33,2017-11-07 22:42:45,2017-11-28,77f724c7a03af64b4d859afaa3c1c303,2017-10-31
a1140c6c45de6428c62f4c2322a59fb9,d2bfbf5cc7b58b39f4855d895e6f22c8,delivered,2017-11-24 08:09:34,2017-11-24 10:31:46,2017-11-28 21:47:08,2017-12-22 14:57:51,2017-12-20,4c0a53b49cc891849b128ee275237e5e,2017-11-24
aaa63c36d6b3e5379a0839588ccd8c01,754dd36ae2b2ab467f800bc8e37f18b5,delivered,2018-05-16 16:46:36,2018-05-16 17:21:32,2018-05-21 14:47:00,2018-06-07 17:28:41,2018-06-18,f700c4e1d4d018cab72552a4e80ed584,2018-05-16
8f3b78080ad48c79fb6172b897c23d37,448b0b34dd5f3873c9eef9f61ccac1e9,delivered,2017-06-13 15:38:50,2017-06-15 03:06:01,2017-06-22 10:42:30,2017-06-23 10:39:28,2017-06-27,185d922c5f9d6004170bb4bfa69a98d3,2017-06-13
9b05dfd13ccb8d6f602035dfafa632fc,7c9321054f8122ac17e67d6c0c2a36d1,delivered,2017-06-12 20:31:06,2017-06-13 03:50:27,2017-06-14 13:52:45,2017-06-17 12:03:24,2017-06-26,6abc999251612920bec93b3be616fa1d,2017-06-12
8cc50a1b31f5542e2289304e7d6b039f,00785e4d6fd1ab53e7de20c730c070f1,delivered,2018-06-10 23:18:48,2018-06-10 23:37:38,2018-06-12 14:15:00,2018-06-26 17:48:52,2018-07-04,717bebcdcbf23f37f3fba2a88f397678,2018-06-10
790e4dbb16093464e8d8e26035df5523,a57c51b6270226aab5e8ac92276ffa73,delivered,2018-07-30 00:47:05,2018-07-31 01:30:24,2018-07-31 13:27:00,2018-08-03 16:09:12,2018-08-16,628657de2faa40af2535b4adf8e7b8ac,2018-07-30
acd9800634da27c199e4dbb40a24dc0b,eb1c64f9b33352ea8d8a287d14a7dbea,delivered,2017-06-27 13:41:32,2017-06-27 13:50:24,2017-07-04 15:43:09,2017-07-11 14:32:27,2017-07-31,f8ff86bd8664dd8483d7f79430355734,2017-06-27
4c892e84219a67197b564a1458748023,6fb5645658e5c19c7a9fba3bfdde25c7,delivered,2017-10-10 16:24:23,2017-10-10 16:46:34,2017-10-11 21:25:15,2017-10-17 20:32:40,2017-10-27,b269cc05ca02159cd809220c6d57a7fc,2017-10-10
594e2ee9453a2777a4a33e6b9695c8c7,f159cc6c8e0c4582c3580cf716db5237,delivered,2017-11-14 10:26:30,2017-11-14 10:36:08,2017-11-21 13:13:09,2017-11-25 00:41:52,2017-11-28,c06dae2996586cc98b92ea2c1187da8b,2017-11-14
2c55979729e848c9614426ba49826183,4f807878f4cbc724cc06a0857fbb1134,delivered,2018-02-06 11:08:33,2018-02-07 02:55:55,2018-02-07 18:38:51,2018-02-09 15:11:54,2018-02-22,a984bdee77eeaef1add4419d4d994f0b,2018-02-06
a7aee2bef4a7f3826328ec49c9d6f66d,ccb7adfebae1f1cb085857059a10f21b,delivered,2017-06-25 20:03:43,2017-06-25 20:15:11,2017-07-04 12:35:26,2017-07-04 16:21:59,2017-08-14,96b102f36c7dd1b98b680c1ef5cc66a7,2017-06-25
cd39022e5751efdf258a1052e7e9bc70,99edb37901193efa5288192326767ad9,delivered,2018-01-16 12:45:33,2018-01-17 03:38:51,2018-01-17 19:59:12,2018-01-18 16:28:35,2018-02-01,70f386d6a18e4223d58eb9e82781cc6b,2018-01-16
6eab05774245e7618924a3be1ad46115,898bbe05a063386f93afa4654026f9a6,delivered,2018-05-10 17:08:51,2018-05-10 17:37:57,2018-05-11 12:23:00,2018-05-22 21:44:24,2018-05-30,3050b3ce774db15c4112fefb072ac5c8,2018-05-10
0c325ea6925de749e1420be0cf43587c,e03505278b34146e87c0b4eb41e4f082,delivered,2017-07-01 15:27:23,2017-07-01 15:43:50,2017-07-05 12:00:33,2017-07-10 17:17:21,2017-07-25,c082f4437360e3466068035e94a3345b,2017-07-01
c5080b6b98d9207bf2aa64d3a2647957,5efa08adfd67aa9187b0ec83d949a797,delivered,2018-05-19 13:28:37,2018-05-19 13:51:28,2018-05-21 16:43:00,2018-05-25 14:22:38,2018-06-08,cbf411a8cdf5eca112fcc459f3588d6b,2018-05-19
626b349f722088587417d2c277329c5c,290e2d3c42858f8a22534459de3bdb2e,delivered,2017-11-30 18:37:32,2017-11-30 18:50:45,2017-12-05 12:58:54,2017-12-09 13:34:03,2017-12-22,17c7da60a0690728119612a54035452d,2017-11-30
0c50644a967084c645a3bfdf0cc47545,627ed432c94cb78c7372b6f7cade43b5,delivered,2017-02-18 15:29:37,2017-02-18 15:35:21,2017-02-24 06:58:09,2017-03-02 15:52:02,2017-03-23,736f5dd51ba596512ab19214081058a6,2017-02-18
a4f65635b53078c1e039432eaa86e40d,4aea8a4affc83999f9dbb483f2b49bae,delivered,2017-09-04 15:16:58,2017-09-04 15:25:26,2017-09-06 22:19:38,2017-09-17 17:14:48,2017-09-25,c9c3c8853936d42eccb70e9b020b55d7,2017-09-04
f27f26eaf27993dfc785b8bb3157b307,3e0453deda81aa54f6a5ebf960b9c337,delivered,2017-11-11 17:33:15,2017-11-14 03:50:51,2017-11-14 18:17:04,2017-11-28 19:37:49,2017-12-12,e92114b1ab4b4cea69203a57a4a6d794,2017-11-11
db9cf376e67dbdfc53109dce1354745b,88fadbc0119eb47188f05ae8d1be6c70,delivered,2018-08-08 15:17:46,2018-08-08 15:30:12,2018-08-14 14:10:00,2018-08-21 14:53:48,2018-08-28,296082239e7b3aadd6a3376fef0ff290,2018-08-08
c34e0ceb1b974989a54cc47f2ccf12f0,82bdbb438dc12b9df0cc2e0ac96db29c,delivered,2017-11-06 20:41:38,2017-11-07 04:31:42,2017-11-07 20:11:30,2017-11-08 17:33:01,2017-11-17,3fb316b932251d79d4bf4778964c2acb,2017-11-06
d2855109f77d3c3202bb4be96278e124,895bef6cd5713cb926654c47e14bfa33,delivered,2018-01-12 23:30:41,2018-01-16 03:40:05,2018-01-17 17:44:04,2018-01-30 21:28:21,2018-02-06,c1b9439e508c2f4bdbafe0a20de792c9,2018-01-12
11fa0235decc84fa20b516ab7eec74ec,b1838d0d4345422a5a30e0d9251694b8,delivered,2018-01-14 00:09:22,2018-01-14 23:59:20,2018-01-15 17:04:50,2018-01-23 20:23:27,2018-02-09,42f7f650a6dc98f25a476d34c768d3bc,2018-01-14
0420da8d50a3784011290a782f25a8a8,0949b5cf9adad08c1421aa3f1778e4a3,delivered,2018-08-09 16:42:43,2018-08-09 17:35:18,2018-08-13 12:48:00,2018-08-16 19:45:47,2018-08-21,ab2731479851fc8019caa384772a2a0b,2018-08-09
0ead7996f8952fba09e18bed9872414e,1070bdeb30f438c677f47d05bb084550,delivered,2017-04-18 17:12:17,2017-04-20 02:50:33,2017-04-20 15:47:44,2017-05-06 09:17:52,2017-05-12,9148558735348ad15d504d4b510a0f81,2017-04-18
d32d584f32319a9b013c05fd83400831,dfa27a9b70d0140ca36bdaf074359abd,delivered,2018-08-05 16:29:21,2018-08-05 17:04:07,2018-08-06 20:29:00,2018-08-07 15:58:38,2018-08-09,77510a8b11f62c910ac832b7d8f70dd7,2018-08-05
7de1ba35d9d0422c7129096639f316c9,82246fa860dbc4d1e81654bb922253de,delivered,2018-05-19 19:46:33,2018-05-19 19:56:57,2018-05-21 13:06:00,2018-06-06 17:46:56,2018-06-20,0eab825f57b3aa46d8c63ad696bece66,2018-05-19
117db2f85d3f438fa92b5e9cb579e7a9,44c06406e992109c1e84c741a2faddb1,delivered,2018-07-03 09:22:10,2018-07-05 16:24:52,2018-07-03 13:33:00,2018-07-24 20:46:33,2018-07-25,6793f782d629978cd055ecb70b048e8b,2018-07-03
0a0ae6383118ebd8939e7d18c5dda408,dd8b5fb300450248e98874ee5171824c,delivered,2018-03-10 10:29:04,2018-03-10 11:08:11,2018-03-12 22:41:53,2018-04-12 15:59:05,2018-04-02,1118aa06e11677ddc73022c31a292540,2018-03-10
56f7baee2d1568fbd2dac0ba1a77418e,119c2bef5f2a91310495d3c149912884,delivered,2018-03-17 16:37:16,2018-03-17 16:50:45,2018-03-20 00:42:33,2018-04-20 15:21:16,2018-04-12,20bf08e3c5dc54e8aa7f4399acf66817,2018-03-17
568fa72ae30274dd2ab9ed7d0a0ec19c,01b7e319fb16f60c28e387d29cd80c38,delivered,2018-03-12 07:57:22,2018-03-12 08:30:51,2018-03-13 22:27:34,2018-03-17 16:12:14,2018-03-29,c029b1b7cd441ce9c808ccf6897fcff0,2018-03-12
d08a79ed250412c79cc17a81c4abcf86,fff4fdd0de70a51d4e0f57a4c1c6bfae,delivered,2018-04-09 12:36:56,2018-04-10 15:35:22,2018-04-11 19:22:28,2018-04-12 19:38:46,2018-04-19,7b6d07dac0a2c373d749142e920ae356,2018-04-09
e6c7749520fc49e6ede435a6996d5f0e,63abd60f51ca1ed442bbb0610f59ed3c,delivered,2018-06-10 21:28:17,2018-06-11 21:40:37,2018-06-12 11:16:00,2018-06-14 16:34:53,2018-06-28,e3ec2f7923b9043340423af694cb6c81,2018-06-10
92758dbac7384604fdbbd5e1715a1625,f940d63b2eea16e8ecf8704b38c79af3,delivered,2018-06-12 00:38:07,2018-06-12 14:45:45,2018-06-13 14:49:00,2018-06-14 15:36:47,2018-06-28,e5ced7e7c1bcaf19986f2e68afcfc2a5,2018-06-12
002b4e6fa42cd4a22cc86abc18fe9c05,a5fd6dd86d703cedc9ab6be3dba12816,delivered,2018-03-11 10:24:44,2018-03-11 10:35:37,2018-03-12 19:47:30,2018-03-19 22:34:41,2018-04-06,248d18ee4a4b0977fd21ef3273eb4352,2018-03-11
35ebecec251e4613f0b189b05e05b9a8,4e9f5e6a684de0e52a322243f0a00b51,delivered,2018-05-12 10:17:02,2018-05-12 10:34:25,2018-05-14 15:27:00,2018-05-17 22:44:33,2018-05-28,68e7a15ebbdef8c710aece489f7b7499,2018-05-12
18dad78c0f87f4c45ef196daeaa3ffbb,e4780f4524969db38b49dd1c82e03fcc,delivered,2016-10-05 08:01:47,2016-10-06 15:55:39,2016-10-15 10:31:16,2016-10-17 16:47:46,2016-11-29,231fb63f9dc7482c7016020ef322b011,2016-10-05
6a0c96e8fd6d1c42bbfa1f5d49f3d3cb,b0cf86489356b4de18670fd11e6db7d1,delivered,2017-10-29 14:24:38,2017-10-30 11:11:10,2017-10-30 16:52:52,2017-10-31 16:37:43,2017-11-10,0b8d131c66052d1d54f8e30ad3554811,2017-10-29
a824974b8e61d6186b2850a63ca9461e,a4a6c746d0fc091842d5dd44bb22d754,delivered,2018-01-07 23:03:33,2018-01-07 23:11:38,2018-01-08 17:47:11,2018-01-11 18:41:55,2018-02-01,925694faf56b358a8cf0aafc9927ae06,2018-01-07
f17a58e669a7f4cf7a7f227899f8abf7,317409042fe3982fa0919b9011ff9494,delivered,2018-01-17 10:27:45,2018-01-18 10:31:30,2018-01-18 22:32:44,2018-02-09 14:05:22,2018-02-19,485b579080cb441d437e6f173753f7a6,2018-01-17
85456fd9a661ca7cf863b778555482c6,7e4daef1d8ced5b3f61a3de8b435feb6,delivered,2017-06-15 20:59:27,2017-06-17 03:19:07,2017-06-19 11:12:49,2017-06-27 09:17:40,2017-07-10,3f77d2e40b9443869099acdda0f3f8a8,2017-06-15
c54c9b37bca70bd82214fd3ca5a6ccff,f4b50babb4b873117c5817cfb64a210f,delivered,2018-03-16 17:25:09,2018-03-16 17:49:45,2018-03-19 19:58:58,2018-04-03 17:58:49,2018-04-20,d463415600be7fa2bad9916b040484e1,2018-03-16
da2259f43effcc1adc7e8e1eaeb720a0,0ab14736076aeefb2a545f8c89931f9f,delivered,2018-03-17 14:05:37,2018-03-17 14:28:31,2018-03-21 19:32:56,2018-03-27 19:42:08,2018-04-05,be57fcdfe21fbc67a8724f4f8b020662,2018-03-17
3bd9055cde8c3ff6e14396459c776cbf,cd8b1e5a7b8c53ab97a47bdb544e930c,delivered,2018-08-12 00:26:37,2018-08-12 00:35:14,2018-08-14 13:16:00,2018-08-18 19:31:29,2018-08-22,85d6439a40fc12f6805c04147e9c3743,2018-08-12
4420cbe16c262f724b648cd1294c88b6,8655fe7b7fda80004fa4c9e0cd65cd57,delivered,2017-03-25 09:08:40,2017-03-28 03:51:24,2017-03-30 16:08:48,2017-04-07 12:23:32,2017-04-18,e4b98eebb8983cade8610c0def59f705,2017-03-25
58ded2fbeab30e8d3f53d888277f6b2e,8f7e5621fe5515e2d200a90f6643bbb8,delivered,2018-07-01 22:14:50,2018-07-01 22:30:15,2018-07-02 13:57:00,2018-07-10 22:54:33,2018-07-17,d56d3ae6108bcb7aa1b8a58913d3fc5f,2018-07-01
110db9a85229d82cf8223a0315afaf8f,5870764232b1c85c58f471bea1c2f982,delivered,2017-08-03 17:34:25,2017-08-04 06:45:21,2017-08-04 18:23:45,2017-08-11 13:32:37,2017-08-17,16d3bbc6c5f8fcfe1547160c74f215e8,2017-08-03
ed6de1d370dd47560f0d9c87c832b6fe,f0d34aa376fb5a83688a6fe7bf66b252,delivered,2018-05-03 00:34:55,2018-05-03 00:58:38,2018-05-03 10:12:00,2018-05-04 17:58:57,2018-05-16,024e448ec8650b88a45e9f6049eec02b,2018-05-03
13416403fd4f1a64aebdecd3f21c4764,66228be37880f504ce2dbbd32c4ffeb0,delivered,2018-04-14 15:12:34,2018-04-14 15:32:45,2018-04-17 18:42:38,2018-04-21 17:48:44,2018-05-03,42e1bea92a6da805be9434cfb91c4038,2018-04-14
fb612793f43e55d0df079f56c7ffb811,0b87eea12c9bc8ae36b6e4c551f4770e,delivered,2017-11-28 20:41:00,2017-11-29 02:16:49,2017-12-01 16:11:50,2017-12-27 19:58:56,2017-12-19,945a0478f858996b861b5c9b1905e56c,2017-11-28
7d170449ca92e7f9c69431c2e23e35e3,87e5dbec1cdacf711716cf07f8b8498b,delivered,2017-05-18 11:00:52,2017-05-19 11:05:14,2017-05-23 15:49:07,2017-05-30 03:06:55,2017-06-09,a66315c850c3712707754c1eca7a8069,2017-05-18
96a056333b6517f334ac928d91dc7e15,59fb48431c37f2c42e245df4cdace347,delivered,2018-08-12 21:12:46,2018-08-12 21:25:16,2018-08-24 07:18:00,2018-08-30 12:24:49,2018-09-27,61194a973b4afc068e049f5317ee4468,2018-08-12
af2a45bf678ca2d4d9f78d43503d0cb7,ca355694bea3ffcc170fba3ad327b02f,delivered,2018-08-15 09:38:25,2018-08-17 03:10:28,2018-08-17 15:40:00,2018-08-22 21:13:45,2018-09-12,3418a727cb2b8049ade87e9c7d253a8f,2018-08-15
5aaecad5e5cba1ebc5ba1d2b22c98d7a,0fe3d243c3ea2f71639a95f24c2fbcdb,delivered,2018-07-13 21:47:16,2018-07-13 22:04:08,2018-07-16 14:39:00,2018-07-25 18:11:52,2018-08-07,d1b5bb227be6fc50af8cdd4d73770237,2018-07-13
09e21d9c7aee6884dbb1ac35cf2dfc70,d4e93ae4dbf6a273340fc20bd7908335,delivered,2017-12-22 11:02:13,2017-12-22 11:13:21,2017-12-22 20:19:00,2018-01-13 01:32:18,2018-01-18,268323bb57cba6b9911147a93f90cab8,2017-12-22
e95221b086979e4c09eff4fef472ef04,5487e6c4f3ddd99d5e210f183505d974,delivered,2017-03-02 08:32:21,2017-03-02 08:42:08,2017-03-02 09:22:40,2017-03-07 11:43:50,2017-03-31,121b5a0ae9d09a2ca5e8090fd2a00a58,2017-03-02
d47efef4161e33638c14122a723fd9fb,c228d2ea46e34e2257e8b34b694ad9e5,delivered,2018-04-05 08:22:39,2018-04-06 03:28:34,2018-05-04 15:42:00,2018-05-08 17:54:30,2018-05-09,22e35adb0223a13bf4d54950a468551e,2018-04-05
f2e66c1285248a57d6f934463632274f,cbc7af079d4caea005e49f188d9a0403,delivered,2018-02-28 19:55:39,2018-03-01 14:57:01,2018-03-06 15:48:58,2018-03-14 19:08:51,2018-03-22,29765d0cf37b86c4abb8b0336b387c65,2018-02-28
b37a7be6fbd41461b87deafd8b902cc6,80c07a5d6b086b8c179589f4521e04f2,delivered,2018-01-01 20:49:02,2018-01-01 20:59:28,2018-01-04 17:26:33,2018-01-11 10:17:45,2018-01-24,fa0ee7ceb94193fb02aa78ce3a55695a,2018-01-01
b81909d99454a0227bc01cc241ef921a,ac58c7cb6aaceed8322a359c2c9e9596,delivered,2018-06-05 22:19:57,2018-06-07 02:55:02,2018-06-08 14:23:00,2018-06-14 18:21:58,2018-07-16,6f640589ab64054124349b003b610629,2018-06-05
b7d7bac557fdaf041e274d8043d9c588,eee880a5612da1f14c9e570990ecb9b9,delivered,2018-04-16 00:18:05,2018-04-16 08:50:59,2018-04-17 17:21:26,2018-05-05 13:38:55,2018-05-16,08d8ad84b0088cbeae77da4ff3817479,2018-04-16
560459df3c765b876f92c018e728b978,e306c9b9d7ff9cb8ff5da5c98e036fae,delivered,2017-05-18 21:31:37,2017-05-18 23:42:36,2017-05-25 06:03:14,2017-06-06 14:43:55,2017-06-19,561120257da1c5fc8470ef7b121681d1,2017-05-18
4e0d44809a2f13a874d59c6893144c26,b33b9e91b141710fea31cc692dd293e9,delivered,2017-11-15 18:51:58,2017-11-15 19:06:32,2017-11-16 15:28:55,2017-11-27 18:04:04,2017-12-08,b1ff9fb27a1ecdbaa55ac715b5cb085c,2017-11-15
a33539f882610ee1dc18289cc3087217,d8ad8f5acc7a63ee1e692f441defc86f,delivered,2018-06-01 22:41:07,2018-06-01 22:55:11,2018-06-05 12:41:00,2018-06-15 13:24:57,2018-07-12,45c673c267463c1c2e17e47febfea1c3,2018-06-01
e5e97ea49a63037149fb40b8d41f87d3,2787b52f991163e9aabe52703b25d2ce,delivered,2018-08-06 09:56:17,2018-08-06 10:10:21,2018-08-07 13:29:00,2018-08-17 00:22:38,2018-08-24,91a9ea8955c590c56a2bc6e526333a3b,2018-08-06
a586da019f92d63ea627fb32eba2b776,5ae1be4283fb91cb5441d0b8f533eb1e,delivered,2018-04-03 12:23:56,2018-04-04 03:15:20,2018-04-04 20:19:08,2018-04-28 11:38:42,2018-05-21,cd74c43bf1fe964a63192a27a70d97a7,2018-04-03
8bab0782e1f2a9fdc338a883c124f75b,f6a51667be5d74a02fdb9ed7947ab21f,delivered,2018-07-27 08:51:23,2018-07-28 02:44:31,2018-07-30 14:43:00,2018-08-02 18:21:22,2018-08-14,657592e723013b9723458a09e6576097,2018-07-27
7d09831e67caa193da82cfea3bee7aa5,1409b2945191b7aff1975ba2ce9918c5,delivered,2018-08-05 17:11:44,2018-08-05 17:31:19,2018-08-07 14:44:00,2018-09-25 00:47:25,2018-08-20,c9f2b70eaddf459267a9de373aaf743b,2018-08-05
e3e62e0e951111bfe905b90ad456e0ed,61a2bcfdddcb8a54fcb1df4a1f2a6f5b,delivered,2018-07-16 15:04:39,2018-07-16 15:15:13,2018-07-17 10:56:00,2018-07-23 17:48:37,2018-08-15,c7b7d8934b4a3ce51288162d4f7a1399,2018-07-16
8bdf9c1234f103cd24f42bbe538bcfeb,04d77dc98bdc43b4520b57d074c8245e,delivered,2018-04-24 10:08:08,2018-04-25 10:12:49,2018-04-26 15:23:00,2018-04-27 22:32:55,2018-05-09,f9cf5c26d115a7d3231bbe7be0bd6d45,2018-04-24
fbc3d892b4dad0fee10db683ae33ec25,cfd94b7371d772037e785dc4dc6d0b41,delivered,2018-04-01 19:17:43,2018-04-01 20:08:26,2018-04-02 20:06:34,2018-04-12 16:51:42,2018-04-24,75544ab36d8d3de3bf722d17569daab9,2018-04-01
d86c683d3790be2beffa016e4140940d,eb71623aa4cc35bc122f26ebe26e9620,delivered,2018-01-22 17:08:00,2018-01-24 02:37:25,2018-01-31 00:21:15,2018-03-29 22:22:04,2018-02-14,96c93284cd5c414ba50135ded1944e33,2018-01-22
c13040a934f67612318e219d4bf00cc9,8a81a8a29d1c4315789ee15296746b67,delivered,2018-01-06 17:35:14,2018-01-09 07:19:42,2018-01-09 22:28:58,2018-01-19 20:16:27,2018-02-01,a8c769bb7a50ac254177168a981ebe0f,2018-01-06
e949e43f455d61de5d481021b84e66c6,bd127006cdf5f6d30b2d413231cd8415,delivered,2018-08-11 12:07:04,2018-08-11 12:24:34,2018-08-13 15:06:00,2018-08-14 18:51:18,2018-08-17,d4228f8d76fab52750ae80a65351e5b8,2018-08-11
4a631d69e25800fdf31d9e2d0e08b1ba,9786fb06d77d78eb58eb38a4d3a35ac6,delivered,2017-08-23 12:29:54,2017-08-23 12:55:28,2017-08-23 20:37:49,2017-08-30 20:08:01,2017-09-15,3883df9b90b31b4e1782b3b751617f78,2017-08-23
d895b69ba0803a2ebe648a624d6e3f08,fbae1896042b44e1dc682cb66516a333,delivered,2018-08-15 12:24:12,2018-08-17 15:09:54,2018-08-21 15:00:00,2018-08-28 08:36:36,2018-09-25,bff2db7f78f28bc782a4eaf32b8d00e3,2018-08-15
dc072ac65fce2a16ef5cc9473e91dfa8,ad2a892cb75797930dd37af669701f85,delivered,2018-06-12 08:29:53,2018-06-12 19:46:43,2018-06-18 14:22:00,2018-06-22 17:54:54,2018-07-05,1b870d511f6630a41044f05f41dec5da,2018-06-12
daf9351361ff975f5aea7c82d29c5f3c,bf805337217234812b07fc38f9c3a896,shipped,2017-08-15 23:51:35,2017-08-16 01:55:09,2017-08-22 14:52:27,,2017-09-15,15ede17b8783a72d68b3ddec9848473d,2017-08-15
3863a19752e7afd5305895ae86ee0fe0,a01f848aa7cfe443739f20cbb9a943df,delivered,2017-12-02 15:12:58,2017-12-05 04:12:00,2017-12-05 17:43:39,2017-12-14 13:42:18,2017-12-27,ead70bfb3b6e54890bc4c9b57f4a7276,2017-12-02
7582b8c10039cceafcfe7b13e41a91e2,57bb0f2ff265139687180b2fb387e198,canceled,2018-02-07 14:27:34,2018-02-07 14:35:40,2018-02-10 14:08:59,,2018-03-08,a0b7dc1fa38cb0c12f893dddc975cd2b,2018-02-07
391547bd36c3568e53de7b7db15ede21,e9685954f95639ae6fa1a3a4866c3012,delivered,2018-05-14 17:40:48,2018-05-16 03:15:12,2018-05-16 14:43:00,2018-05-22 22:58:26,2018-05-28,50273615e6d7fe833a95fe9dc5014f6b,2018-05-14
fab137488ea6654792ec4cac3000cee8,71999455ee91778f2540d6840640d8a5,delivered,2018-08-04 12:13:15,2018-08-04 12:25:17,2018-08-20 15:08:00,2018-08-21 21:21:35,2018-08-13,3a0aa905da1ce8ced9144570dd49fd18,2018-08-04
5e0d2c150ad3048c4cf22d46956f0585,2748c83dba9c7f53304269436ea3fc8e,delivered,2017-11-24 15:58:40,2017-11-28 03:18:28,2017-12-01 19:09:30,2017-12-15 14:58:44,2017-12-21,3ebefa66135ff12ad60a2de9cf5583ca,2017-11-24
c2e07c679e4ecc1a5d27c0435e6c8425,dc38adb85ba2eb11bb3cf818834502d2,delivered,2017-12-06 14:37:55,2017-12-06 14:52:16,2017-12-07 19:28:31,2017-12-09 15:17:25,2018-01-02,b97f457059c4a108f400ab7369548fa8,2017-12-06
f7990eeaa9997867008e68d2a8972953,d13f886225b29a38fab0644a6f29a112,delivered,2018-02-14 11:19:03,2018-02-14 11:35:21,2018-02-15 19:16:48,2018-02-23 00:03:27,2018-03-09,e3636ed2c618b2eecdf1970d8c87bc67,2018-02-14
c5ea69eb816127590a14c3d848e1679c,9e682deddb164563d50532ebab34306c,delivered,2017-05-14 05:55:24,2017-05-14 06:10:06,2017-05-17 14:21:39,2017-05-23 11:55:48,2017-06-07,f59d12a1dc4d761dc9f5ad63f904e222,2017-05-14
906749d5a54394fdebe2bbc6f2c86085,eba9e6ca7e355d15e295fabf441d3f2b,delivered,2017-08-18 00:09:15,2017-08-19 02:15:16,2017-08-21 13:14:13,2017-08-24 17:56:10,2017-09-08,1fc21efb0168e17836ceb0b8ecde05a6,2017-08-18
ba4ca0fc7fbb88ea289868764ca06619,1bb0dda4f7267e2f1787555e13581d35,shipped,2018-03-04 12:27:09,2018-03-04 13:41:01,2018-03-08 00:38:41,,2018-03-28,c85693be7b469fefdd4060c0ab4498b8,2018-03-04
d1ec61b50c7780944fab32ad8b873c85,77a7c76e4281241373f795779bdb49dc,delivered,2018-07-15 19:38:42,2018-07-15 19:50:16,2018-07-17 13:35:00,2018-07-20 18:27:43,2018-08-10,911704cbd367ca74184a625ffdd49ad6,2018-07-15
8791bf41384da9d1984f98c71a007e85,017af68734338e58b5925665038650ed,delivered,2017-03-16 11:11:09,2017-03-16 11:11:09,2017-03-21 15:16:58,2017-03-28 15:55:48,2017-04-06,523e25fb475e982925556f0a363e7891,2017-03-16
3fd458f81a4ab505469540d26bcdb598,959dea625b3585727393f81649b336a8,delivered,2018-07-02 10:27:02,2018-07-02 10:50:08,2018-07-03 14:45:00,2018-07-20 23:31:58,2018-07-27,77d0eb168aa447aedcfd3a2a64ed0908,2018-07-02
7bfe238bd2ede94073ec8c6c64509b90,44c14ab4c4d0144041d639254fcf13d9,delivered,2017-04-19 21:08:35,2017-04-19 21:25:14,2017-04-20 09:59:07,2017-05-02 15:46:49,2017-05-18,45e749ae45014495eefade857b8728c0,2017-04-19
c608468eb1bf28d4f4e70d4f38157357,3a6c7b8aaaec44a52ea5d490b67f3dbb,delivered,2017-12-17 17:30:08,2017-12-17 17:39:23,2017-12-20 14:49:07,2017-12-26 20:24:35,2018-01-11,e33e88f87bb37e2f7351872983d7aac3,2017-12-17
e1282f31d9a5f43661a251858c894bf3,4ffd93637ab3b7419b09f862e033e02c,delivered,2018-02-26 16:26:22,2018-02-26 16:49:48,2018-02-28 00:52:29,2018-03-22 16:58:42,2018-03-27,8d21cba0a2dbbec7fd2ed68840a159e6,2018-02-26
1aa9e8f35ac38d8a10b41441e1faa0a2,e02bd72de8a4b5f8ce982f24a4688b8c,delivered,2018-06-11 18:32:17,2018-06-11 19:01:16,2018-06-12 15:09:00,2018-06-19 16:49:35,2018-07-04,dc75b21faa83875157ade3ef98dfadc5,2018-06-11
81958f88fdc0ca51fb2a42c8e7f416ba,fdd7e696cd16748699f61a4beb5f6a48,delivered,2018-05-04 13:28:13,2018-05-04 13:50:38,2018-05-07 12:21:00,2018-05-11 17:21:00,2018-05-25,666359a64a620c8ca12391c0d5cca2ab,2018-05-04
7c496cea7613c2efe6033e93e573347f,2b629d0b742814e674442efd475d0c7c,unavailable,2017-11-23 19:46:09,2017-11-23 21:39:27,,,2017-12-14,7f3b9c3de305ae8051c6c8c6d08f0133,2017-11-23
add85850d87ec9b2926443c2310561dc,4fb68ac78bb3e5d8af27146d9da1ff46,delivered,2018-06-22 17:04:55,2018-06-22 17:38:43,2018-06-25 15:55:00,2018-06-30 12:47:52,2018-07-16,338d1e152c0e30b93f407df63a2da4da,2018-06-22
6299705212aa08256a85fb33aecfa7ac,a1f91e4a3b6a5e137663fb76d83aa7cd,delivered,2017-11-24 20:28:52,2017-11-24 23:34:28,2017-11-27 19:56:48,2017-12-07 17:37:28,2017-12-21,35fecbfa56f7aad0e3c1e8c639709ebf,2017-11-24
07bfea8893b7262f7d61cfb2068b12c3,5ff12b5d7429e2bfde8594ee4ebf0ab0,delivered,2018-03-07 09:55:02,2018-03-07 10:40:24,2018-03-10 02:21:12,2018-04-04 19:12:57,2018-03-28,73a229f5f1038f3106643f4a4288402c,2018-03-07
accd8ec914c1ab328cfbafe6a5339c85,82a238f8e3cd8ba8688cd74ada659cf1,delivered,2018-01-25 13:20:00,2018-01-25 13:38:52,2018-01-26 18:05:52,2018-01-29 22:28:40,2018-02-09,96f44809ca0fe2591d2f0564d893be44,2018-01-25
260134f5f43f28b62a2a9512fa7eae91,89775ddb4cc5cf866462ea2fd4dd6a29,delivered,2017-11-29 15:24:51,2017-11-29 15:43:03,2017-11-30 16:44:31,2017-12-11 21:59:59,2017-12-21,f671bfb0681ebc5e528db9f93df8ec6c,2017-11-29
6eadf3654aee7c1c335e7f0ca86d69fa,1e451a6f503504ea01da3655e83a98bd,delivered,2017-09-22 09:08:16,2017-09-22 09:27:49,2017-09-26 13:47:44,2017-10-17 14:26:49,2017-10-13,8aa4a3fbc4c361b7d4e453924011d7ce,2017-09-22
6a5a302850fcda00dc96d742bcb810f2,aab6159a949e85ac6cc9ed3d75bf36ee,delivered,2018-03-19 13:15:31,2018-03-19 13:30:01,2018-03-21 18:36:15,2018-04-11 19:02:54,2018-04-09,21b14794a4c45fea4daf625962a9ff99,2018-03-19
cfa7558b5566935509a9dd8982bcc48a,073c73d89741b48ab04ff4660d413332,delivered,2018-04-26 18:41:25,2018-04-26 18:55:09,2018-04-27 15:06:00,2018-05-10 20:58:39,2018-05-24,d0712b91e989bbdafdc1f49bf35b04cf,2018-04-26
e821a98683cf36d7fd5ee3e3e0b63664,1384a39466fccf321f9be425c1090b4c,delivered,2018-06-07 17:50:51,2018-06-07 18:17:29,2018-06-11 14:29:00,2018-06-15 18:24:04,2018-07-05,acdf4f7e41a4a460570d9655c065f1ee,2018-06-07
96f7907d370d310cc46c4875701cb40f,b094f9d22537cb4892ecff5504dd8172,delivered,2017-02-01 18:29:23,2017-02-01 18:41:29,2017-02-02 12:00:38,2017-02-22 12:51:51,2017-03-14,869c42460da6e3509771df17387bdd42,2017-02-01
9f625a3ed898cbfe30b9f9ef44897889,1b00ab4ab200e2215c0913759051f47c,delivered,2018-06-13 08:32:11,2018-06-14 02:57:06,2018-06-14 13:12:00,2018-06-15 18:12:51,2018-06-28,f2d5c06e0212bc8889908ad1160cf741,2018-06-13
ea18597e57e0a18f0a113e6afe95423a,826bde95c0373381be2a3e6ebe9eb14c,delivered,2018-05-22 15:48:18,2018-05-22 16:19:21,2018-05-23 15:55:00,2018-06-06 14:31:26,2018-06-11,13ca1f314ed5b1afd678edd7cef39d45,2018-05-22
b31ee0faeb3ac3b93e33f3733e8014d0,e6f59aabb8295dd97e037b2d9b457e58,delivered,2017-06-28 14:05:47,2017-06-28 14:25:19,2017-06-28 15:42:48,2017-07-04 14:09:52,2017-07-18,178ca40f39496db7387503a355d62f75,2017-06-28
771b546bcdc6a4a0e6e4702ea7e0dd5a,729c8b439dc4d69353f36eb3c4099c14,delivered,2018-03-05 19:29:12,2018-03-05 19:48:38,2018-03-06 18:11:58,2018-03-24 18:58:53,2018-03-22,2f5676f35d4985a044bace2598eb7152,2018-03-05
ec451fb3a1ee5782fef4937473a9ffac,7904f82db05d978b48c96a1f2576eb8b,delivered,2017-11-03 11:36:16,2017-11-03 11:50:59,2017-11-09 20:46:47,2017-11-10 18:07:48,2017-11-16,04c30572288c174afe55fdf8cebce643,2017-11-03
bc3ac768a8963f4ca68942ea6558fc9f,7968f8e8d5429c6a0611671f5a52ed2b,delivered,2018-03-21 09:40:36,2018-03-22 03:09:01,2018-03-22 21:54:58,2018-03-27 20:14:40,2018-04-10,cd52ca09554e5cc34d9ec28d230008af,2018-03-21
15b00f1a7877ceb1dbcfde56e50359f5,8be8c5953507cb96a5f1b26c0480a611,delivered,2018-01-22 09:26:07,2018-01-22 14:14:34,2018-01-23 22:28:38,2018-02-02 23:26:37,2018-03-02,14683037215f45070fab7738a7c8470b,2018-01-22
e8a9b5c4c30f1e49cb5302ef0b3cc458,390f2e0fd81bd989f2796daaece90704,delivered,2018-02-06 16:10:45,2018-02-08 07:49:54,2018-02-08 22:47:52,2018-02-23 00:59:40,2018-03-02,18a9df68701bc34dab01dc86603c6c54,2018-02-06
6cb79ca831fc2210fa584592cea3c5f1,bd345656334581d4e07227d786486629,delivered,2017-12-14 23:40:33,2017-12-16 02:39:35,2017-12-18 21:03:36,2018-01-06 16:45:49,2018-01-11,06dea25f72464d360d2ae75b42fa492a,2017-12-14
6ce44e655ce6545d9637e72f7529cb5b,4d3821a220a68df1beee526db455b8bb,delivered,2017-10-23 20:24:18,2017-10-23 20:35:18,2017-10-24 15:39:58,2017-10-27 20:47:35,2017-11-24,233cc5ac538e04b3f74b5f518b8499a8,2017-10-23
7f40788714e03b8dda5b7ced37a77e37,e3dd4a892b03eb2a71e4edff753f78bc,delivered,2017-08-01 13:53:59,2017-08-01 14:10:24,2017-08-01 19:52:33,2017-08-04 17:23:53,2017-08-24,30e8026f44c4200b7d0186e73bb25d75,2017-08-01
b2b345cd2633deaf2b69c3b5c5585afa,0e12e9ae0026db8d0392421e6e1a61ee,delivered,2018-05-23 13:50:08,2018-05-24 02:34:29,2018-05-24 14:45:00,2018-05-25 20:18:33,2018-06-08,e9ec5f74e83d5162e06a7c212836defe,2018-05-23
e992307f910844d84f796767fa1c557c,a7e6b8b50366b318fc25f4b8fabb39b2,delivered,2018-06-17 20:06:48,2018-06-17 20:17:54,2018-06-18 14:24:00,2018-06-20 02:36:35,2018-06-29,83c3d1345bf31ee3cb84e993e89f1c7c,2018-06-17
b07bf2d32756618446d0cc1896d2eedb,0366081656b950085a27be941a5b28c0,delivered,2018-03-26 19:48:17,2018-03-27 04:08:34,2018-03-27 21:33:26,2018-04-12 02:58:22,2018-04-17,b4224936e820cb80c7f012043936f6c3,2018-03-26
bf58fdaaab7ac1fa204ea7f60aeb4e45,bb8953623b704a45917b3800da0860ed,delivered,2017-07-20 00:54:00,2017-07-20 01:05:16,2017-07-20 19:32:05,2017-07-26 22:23:46,2017-08-09,34784e7051458196fb0e889e5f1b3d71,2017-07-20
d8578262363755dd9a09ce0b4110a1cd,0722cac4e97a1d3381723e1770a60391,delivered,2018-02-07 20:57:04,2018-02-07 21:10:30,2018-02-08 16:28:25,2018-02-15 22:39:50,2018-03-05,a945202d20c443e03291b27f269e27ab,2018-02-07
d112a6ef5cdb3b9a169fbf4bbd7dcabc,4d2e787054eeed8efc8919a4d16431bf,delivered,2017-05-11 11:44:50,2017-05-12 02:55:49,2017-05-12 09:02:56,2017-05-15 17:16:57,2017-05-19,6c0d12ea45068c8e739a20b7de2995d4,2017-05-11
cab587eb398be7856799cbd4f9f57b28,07f51f870d88165a02b1f3a9946cd1b4,delivered,2017-08-05 19:43:56,2017-08-08 03:55:24,2017-08-09 19:37:59,2017-08-21 21:45:00,2017-09-04,4793effe83c817a1cb4491e94a0e401d,2017-08-05
d7afb34a55fee792585830fc0509d1fe,90b3e7b0332dcac106c936fbc1ae83ec,delivered,2018-01-21 16:32:05,2018-01-22 13:53:41,2018-01-29 22:13:16,2018-01-31 18:20:08,2018-02-20,b7b476ba48b5338af0be703560d5e4f9,2018-01-21
42f1ec56e012e2c2c5b269c7681ff429,3be2672b8530d0f4d342c18d907de378,delivered,2018-01-02 16:46:47,2018-01-02 16:55:56,2018-01-15 20:58:39,2018-01-24 12:54:30,2018-02-16,a8c4f81a79163a7ad83c16bf93b02afb,2018-01-02
d7511947889e0d0717a337554a6216ac,2d286468f438650339946ef48c13c971,delivered,2018-05-14 22:22:00,2018-05-14 22:37:50,2018-05-16 06:34:00,2018-05-21 20:18:48,2018-05-30,b326a661d1a93692be0821d8351b2d38,2018-05-14
23e117ca8f65562000f29a26f19f1a3b,658ff649fc33a23b0c62dbb364eef7dc,delivered,2018-05-07 20:46:53,2018-05-07 21:14:01,2018-05-09 13:33:00,2018-05-15 18:35:14,2018-05-29,1efdc68247b459662a939467eda85740,2018-05-07
e02513d56c28c7f7f0050e48ea836c05,4625da7f4d9dd82612242ee97ff1d4bf,delivered,2018-06-03 13:07:03,2018-06-03 13:15:14,2018-06-04 13:24:00,2018-06-08 18:38:19,2018-07-13,09c06d2a7f62d2dfa843f8fa6f893c8f,2018-06-03
3ceec142bbeb4de9939d371d6182d5d6,b9cc7bff1ac00970ba1247f36be4879d,delivered,2018-05-10 14:50:58,2018-05-10 15:11:42,2018-05-11 15:02:00,2018-05-14 17:21:52,2018-06-08,62de6068da9506dca753598fcfbdcd16,2018-05-10
06f0522e3c0dd8f8ea7a738176844f04,07568293de9832dcefca19385d02354b,delivered,2018-06-22 15:12:55,2018-06-22 15:38:27,2018-06-25 14:31:00,2018-06-29 17:12:43,2018-07-16,c3aa49f9e404042df76c3d495f1575db,2018-06-22
bd59f8334a4f41c92dbfe620bacfcbc6,54c17028a374a93b04bb0676251f4e7d,delivered,2017-04-25 16:47:22,2017-04-27 13:10:23,2017-05-02 12:55:23,2017-05-10 17:05:08,2017-05-24,3dc5aac2bd6aa40693a55c0ddd5c6b72,2017-04-25
0d778ab2a536db4175fd9e51f7022c91,0da6c4c584cd72612e829dcade815e57,delivered,2018-01-09 23:35:27,2018-01-10 10:32:05,2018-01-10 18:43:43,2018-02-05 21:51:38,2018-02-14,098f7fcba1b8771e3b674264273ecfab,2018-01-09
f05771c7b5cadd4177b82165484ac8da,7deb5a8913d92293236bd976ac452fcd,delivered,2018-07-15 20:51:11,2018-07-15 21:04:42,2018-07-17 12:03:00,2018-07-23 23:40:52,2018-08-01,14a676d1082ab35823d910dcc45736b2,2018-07-15
7bb7ec02511e66d678f70848ec8d3366,885b56453045dc6b9911e37f5a3e5e12,delivered,2018-01-15 16:51:40,2018-01-16 03:38:31,2018-01-16 18:16:49,2018-01-22 18:17:40,2018-02-09,24821d65648f4c5a1e40ea8a4e2f5c7e,2018-01-15
ac1ba3d6cc5dbfbe4ebb5db9d2039bcc,d3625a7c916105c686352ba67f8a0ce7,delivered,2017-10-29 13:40:05,2017-10-31 03:55:16,2017-10-31 16:53:13,2017-12-05 00:16:34,2017-11-29,7683033367a9aabafdf017fa9c393af5,2017-10-29
3efb84891f27efd4a1ad0e11ca4fb36b,2ee30957e8f33b2bb55367f1eb929c03,delivered,2018-08-03 15:30:58,2018-08-03 15:45:11,2018-08-16 14:46:00,2018-08-24 19:12:37,2018-08-24,6f7db2812ff3fc7e881594b5a1903898,2018-08-03
864eedd447e159c27f86ff87932205dc,37745fa479f6b3130fea21ac6f375d24,delivered,2018-03-25 19:08:17,2018-03-27 03:49:01,2018-03-27 22:22:51,2018-04-04 10:08:35,2018-04-23,f6bdd3ee1531c4c1e8d82925affdc375,2018-03-25
409bc4cfbf301b760050e1adec588929,809e1861cfee372e6a6f8523ff520605,delivered,2017-05-11 22:11:20,2017-05-11 22:22:34,2017-05-13 06:31:43,2017-05-18 21:57:57,2017-05-29,648a5085600172967fa79c7bb045f574,2017-05-11
5fd8e536596df0210d3e483288529070,d2c7397c64613228bab00803f9ea9ef6,delivered,2018-01-11 10:11:22,2018-01-11 10:28:00,2018-01-12 22:26:59,2018-01-22 17:29:16,2018-02-09,377959860674d65966bd9b20b46571b7,2018-01-11
d1d85d0d469cb9c26d7f8ee944c92cf1,7e88bddedab5603be5bb50ec9025080e,delivered,2017-10-03 15:54:15,2017-10-03 16:07:14,2017-10-06 20:42:44,2017-10-10 21:33:50,2017-10-19,95a034d6e3c9bb4d456c45771ac7b997,2017-10-03
2f4b6bf22d858c8b142942bf133b5b05,3c33abcd1723c7767914efc6580bfb36,delivered,2017-11-24 18:08:36,2017-11-24 21:33:33,2017-11-25 11:26:58,2017-12-06 18:44:23,2017-12-26,7b5b1d7f96041d3456127ad9eed8e593,2017-11-24
3443b7575b141322b9be5ea9ba71188c,5c192d3f1d7b6f2f982c8e01aa350847,delivered,2018-02-25 18:36:15,2018-02-27 04:31:05,2018-02-27 16:41:44,2018-03-05 18:56:40,2018-03-16,ad98c4b02f37dfd862e224b26f56778e,2018-02-25
3aa5f858c83b87da83eadc344e12b006,eb46549d630eae747fd8771f202bc1fe,delivered,2018-03-07 12:20:36,2018-03-08 02:35:41,2018-03-16 18:32:37,2018-03-21 17:48:53,2018-04-09,4b83f8eb0d4d579e20d192dec4d8480e,2018-03-07
2b10f34d131e31564821104736086e82,ec41bcdb282e1a816ce6014f45a61b0c,delivered,2018-06-18 11:40:59,2018-06-18 12:37:18,2018-06-18 18:15:00,2018-06-19 13:12:20,2018-06-29,bb67a2b9f83d25ea5951e7521ddc572a,2018-06-18
d24cf30658f279bb1e8677169e43e44a,933da2a653210f730747c28a49d54d8e,delivered,2018-07-27 13:12:48,2018-07-27 13:25:22,2018-07-30 13:51:00,2018-08-04 12:18:56,2018-08-13,638b990b3b08f2b36b0eb8dc89cc11f4,2018-07-27
2e95926835baa8ca4f74e2602a69a84e,86461f32d75c88adf526de69438d0a9f,delivered,2017-04-26 14:03:27,2017-04-27 14:02:39,2017-05-02 08:11:05,2017-05-17 16:43:05,2017-05-22,1fe7afd58ce8429c5a8d27bf8c24738f,2017-04-26
1ab6256565ac0d87b4f559d9171b9323,f68c519a9da55d40f6359fc1223e1e0e,delivered,2017-09-19 14:11:14,2017-09-19 14:30:13,2017-09-20 20:27:52,2017-09-27 21:07:31,2017-10-11,5927825378276b5ef703e30c3f742cab,2017-09-19
c8fd0f3c7bda7790a60b4e873b7a2a32,4b161e9366515106243138d4d12d9adc,delivered,2018-04-19 15:34:20,2018-04-19 16:31:49,2018-04-20 00:52:48,2018-05-10 00:52:03,2018-05-24,74fd33eb46b1e2e4b0a5bb94ed4c4b6b,2018-04-19
178f052377fd9d56a7218ef98b945378,7a712c6f68eb4f82e3476a2b15aae037,delivered,2018-06-27 01:19:02,2018-06-27 05:11:02,2018-06-28 09:54:00,2018-07-07 11:41:02,2018-07-25,3983d70881f360f71bbfb1950bdb65d4,2018-06-27
fbae1b9dac9991f79b54655e26cbe64e,13e1bfd20542fb44fba2f5c239eb02b3,delivered,2018-06-01 20:30:35,2018-06-01 20:51:12,2018-06-04 14:19:00,2018-06-15 22:05:10,2018-07-23,e2e0e8c708af27b692d419af3bb3daa7,2018-06-01
b11ef0887d152f735e9b39864eae2ad3,4529772b580b0249d5cdd57099d9d000,delivered,2017-05-14 01:08:21,2017-05-14 01:22:45,2017-05-16 10:58:06,2017-05-23 12:32:50,2017-06-13,a6408b4025cdea6e80ebbc09aeb59dde,2017-05-14
32d29d9903eaaae11d418d087f442fbd,1367595e0b2e19af7d65497c6332de14,delivered,2017-09-04 12:54:32,2017-09-04 13:10:09,2017-09-05 15:42:49,2017-09-11 16:47:23,2017-09-21,419013301b30ef6f2c7f5e9bb779bfbd,2017-09-04
b24cae8a85f1becbb93b9150bdd41a7b,a97425858c998f7521243b0ea387b80a,delivered,2017-09-11 22:33:55,2017-09-11 22:45:23,2017-09-13 18:22:09,2017-09-21 17:50:26,2017-10-02,97fc7e1b732b838ad882d4e2812028c5,2017-09-11
56cbeec7ba721c09cf45937ec625f675,805c27c95b765919bfa4d7153a30eda8,delivered,2017-12-04 21:52:54,2017-12-05 10:30:45,2017-12-05 22:35:16,2017-12-08 17:14:40,2017-12-27,e87f0713f11e04c438f96adc52a333bb,2017-12-04
090c8122737bb94ca7fcbbf412be42d0,9c31acdac442c01a8bfad5430a362a71,delivered,2018-02-05 00:38:46,2018-02-05 00:50:44,2018-02-06 00:53:22,2018-02-14 17:49:04,2018-03-02,737adc1728fcd66b6e66cbe336ab0f9c,2018-02-05
3a4d49c9ef72a561be7ce1df8d7493d0,f10993096c40b8d553d468e2ea4ed1d7,delivered,2018-06-07 10:24:49,2018-06-08 02:56:27,2018-06-12 15:37:00,2018-06-20 23:18:48,2018-07-20,a84c66f0dfe1c902786511eee2c7a74a,2018-06-07
b02682757340133856bfb99145dd61cd,13362fc2728edd1397282bb32cf319c1,shipped,2018-07-28 15:49:27,2018-07-28 16:24:00,2018-07-30 12:27:00,,2018-08-13,ff36be26206fffe1eb37afd54c70e18b,2018-07-28
99ef62bcac6f07a11339ae8f0f5af291,5b36339f1b92c3a5429331de873c56c6,delivered,2018-01-12 13:00:46,2018-01-12 13:32:21,2018-01-13 01:17:46,2018-01-17 21:27:45,2018-02-02,b3f1aaf80d300e8f6c7ccd5b6c6eff36,2018-01-12
502b576f4d6a7091842c83677e13013d,96708d335efbd954a4449023aa1ca74a,delivered,2018-06-21 15:45:52,2018-06-21 16:19:43,2018-06-22 13:51:00,2018-06-30 15:09:43,2018-07-20,45a14ecc90e7085ad2e1f1fb4e5479a8,2018-06-21
aaeaacef40234696ca54078fe46acd5a,6343ffafd1f78f6c90bc1a81c2fe1175,delivered,2018-03-02 12:59:08,2018-03-02 13:40:22,2018-03-05 19:12:07,2018-03-09 17:24:35,2018-03-20,697452ef6f8c549b18ffecd3e0197460,2018-03-02
4051361e504d383142b6997954648b9e,6c082471f3d9069102ab907a390bcddb,delivered,2018-07-26 10:52:23,2018-07-26 11:05:23,2018-07-26 15:51:00,2018-07-31 20:57:53,2018-08-14,47777bf4b8cae8a127d5dfa770cc38fe,2018-07-26
c2be39a9987d992896de790f005d1bf4,60737004a5ba9b76bd54988608ff46fe,delivered,2017-09-14 22:30:48,2017-09-14 22:45:41,2017-09-15 21:23:47,2017-10-17 19:38:57,2017-10-05,b3e083eb6806d247a110d2564ba33164,2017-09-14
8ddafc9e62967101391805e620db71be,44c4ac277a12247d482f44db1d09c764,delivered,2018-08-08 09:52:44,2018-08-08 10:05:16,2018-08-08 13:20:00,2018-08-16 20:06:52,2018-09-05,5311cc6d162c6572cb5a2bf299a7c200,2018-08-08
5e4c3ad24632f5a0a597858f3d008967,1894aac94fa1486d7b60e6a429bf31fb,delivered,2017-10-16 10:19:21,2017-10-16 10:28:23,2017-10-19 15:31:49,2017-11-01 20:58:34,2017-11-07,787a5c4e16118ce0267bb67520cf8179,2017-10-16
2fb5944fe8b440b6b1e35e1a05eb92cf,bc0a6cbf514a4029e493d2bd9bbd1e0b,delivered,2017-11-09 23:55:05,2017-11-10 01:47:06,2017-11-16 21:21:27,2017-12-03 14:23:09,2017-12-01,111ff67267ecac0b00929214bc4275cf,2017-11-09
d64c8c262f2ffd8170c87e4d7e87d62b,d9dd833159c2e3f13967618121113bca,delivered,2018-01-19 17:26:37,2018-01-19 17:42:47,2018-01-22 19:54:39,2018-01-29 13:13:31,2018-02-16,4a4365d8802839ad5b3a5fabeef1feea,2018-01-19
b571f972f69a2f91ebd89ed09a6ebf42,b883a588df89f847c6c7a84e2a7d185f,delivered,2018-07-03 00:08:08,2018-07-05 16:07:16,2018-07-05 15:02:00,2018-07-10 23:42:47,2018-07-30,f257deaa49d5e0a8c5fde46dfc350e52,2018-07-03
e441fe4a9a90a9174dcecd88671cd3c3,c5c7d5c47827b765408483c47ab485fc,delivered,2018-06-16 15:20:44,2018-06-16 15:37:59,2018-06-18 13:57:00,2018-06-26 23:44:58,2018-07-16,050331c7df0a0d54e5dd22f4fae0f2c4,2018-06-16
c5bc8257538b2c4e938a4e8836aa70b5,9a72067ed588f17196e71c5b7758ff25,delivered,2018-05-13 14:47:18,2018-05-13 15:11:45,2018-05-14 14:51:00,2018-05-24 19:54:40,2018-06-19,6e11572b5ef68fa57369d4f33bf42a69,2018-05-13
b082c2268e673ebfc45544f15e42499d,abb0c51aae3100f32207ce24106bdf3e,delivered,2017-05-04 13:02:59,2017-05-04 13:10:47,2017-05-15 08:13:43,2017-05-17 09:52:42,2017-05-25,e238619eb27cfcf48f8d54df50144cf8,2017-05-04
33fa357691a45c05120f01f4fd386dca,aa1e13df57e9f25276ae9e1b162cb0f0,delivered,2017-08-16 17:42:28,2017-08-16 19:10:19,2017-08-17 19:52:31,2017-08-30 00:03:59,2017-09-22,a5ec68e2bf9b6a821fb454ece5b6df94,2017-08-16
8e806cca085990fdc8483aeb130d1330,ecb1725b26e8b8c458181455dfa434ea,delivered,2017-11-24 13:33:42,2017-11-24 15:53:48,2017-11-27 21:22:45,2017-12-16 00:52:06,2017-12-20,b55a113bb84fc10eaf58c6d09ec69794,2017-11-24
15c1a0aa2e32bd15bfe9302af6280f97,f68381e3e17489908640baa30d9721d9,delivered,2018-04-29 21:17:37,2018-04-29 21:35:45,2018-05-03 11:36:00,2018-05-08 22:37:28,2018-05-28,6b3c5551dfd4d19a24999392edc21d63,2018-04-29
a95612c7311ad95c69b272aaa4daa6e5,0718afa877e51051f32f3572cb7a314b,delivered,2017-03-04 15:43:23,2017-03-07 04:10:20,2017-03-13 08:07:20,2017-03-23 07:04:43,2017-04-06,bbe520bf5d2823fe8a51c526c83bc8bd,2017-03-04
42faa5e8832ee94d503e6a18da7b671f,ba35569d12fb8093873263fa41adaef1,delivered,2017-09-22 10:31:18,2017-09-22 10:46:24,2017-09-22 20:41:53,2017-09-27 17:42:17,2017-10-23,0dd730c9749b49cfc711cf622d0fa54b,2017-09-22
d54233c194fdd8970ee0e9f44af097c0,f4dfa976955e05d8f25d9d1262a65f36,delivered,2017-10-12 13:56:51,2017-10-12 14:10:08,2017-10-13 17:54:44,2017-10-21 15:28:48,2017-11-08,17068729bf6a0ca577f9060da7110a96,2017-10-12
7645e46463ccbf2206c966801d5d71b0,827da8f95e2341afae307c5df74e638f,delivered,2018-04-03 15:44:42,2018-04-04 03:29:29,2018-04-04 20:19:08,2018-04-19 19:07:40,2018-04-25,141bcfc7a11b7a56fd5c9c0cd020792f,2018-04-03
86ed1f35a1297fcd9ac0f8cefd187fa1,b92d3079edfca64c3eb8d564eecceeef,delivered,2017-06-27 11:17:51,2017-06-28 02:30:24,2017-06-28 10:44:07,2017-07-11 18:33:49,2017-07-21,6e1512c1c3221bd24fa4848202727ab3,2017-06-27
10d317f53ec8ebed37283a93bfd100c7,2a41fbaadf4e0d10f43b9e859d1c154d,delivered,2017-05-31 17:47:09,2017-05-31 18:02:29,2017-06-01 13:06:16,2017-06-07 09:14:29,2017-06-27,1013ec0cea79cc2fb72d78c6d31aa257,2017-05-31
881ea3597cb9e45f7141bdace6d42e60,625e0f9079a19e4cc2810a46c5a21457,delivered,2017-11-22 10:13:57,2017-11-23 02:47:40,2017-11-30 15:37:58,2017-12-05 19:56:58,2017-12-27,f7c01c092a59528431442b89e2fb6f1d,2017-11-22
4fc55f5886d54eeddf2b8527f4d72485,ae40a9366981463c2e921d2ff3527591,delivered,2018-02-03 11:17:13,2018-02-03 11:32:14,2018-02-07 19:04:00,2018-02-10 19:53:46,2018-03-02,d7cc9c9dfe42b7b3ce81e5ce98dfa735,2018-02-03
2f4b5984b0c48fc5bf385ed7f51051ca,98663ec2b8d1b5027c15e1f1a63fb984,delivered,2017-04-09 11:28:36,2017-04-09 11:42:19,2017-04-18 10:38:09,2017-04-26 09:43:43,2017-05-08,8bcbc121b2a37e21c52f9717e1b672a0,2017-04-09
8dcd08ba1ddd245791d0fe2a764d7c0c,ef47133f0b956dbc78dfe1a7e1d0b9ea,delivered,2018-08-15 21:32:29,2018-08-17 04:09:53,2018-08-17 07:23:00,2018-08-24 21:40:59,2018-09-03,be5b83578b9fdbc09b4c512adad90146,2018-08-15
e3bcb51f9cf80e278397c1c56d827285,9e9c658318294b4563a62a0b6b30a0bc,delivered,2017-12-08 22:59:56,2017-12-08 23:12:20,2017-12-14 01:07:27,2017-12-20 15:07:40,2018-01-08,c027922c18d74ec6ad21668b0736b14d,2017-12-08
1c78eaf9ec409703e3146cd034d187ef,a93eac6d356ee6a02cce6b74a9e9582e,delivered,2018-02-25 13:16:22,2018-02-27 03:31:09,2018-02-27 19:28:55,2018-03-06 15:14:14,2018-03-23,b74232e2a21fe1218c7f1e75bc691220,2018-02-25
fb8425454beb1c6cd18683ddb5e5dcfb,a5d3a09d47ffe599b7cff6b5f4db2e5b,delivered,2017-07-15 21:52:02,2017-07-15 22:05:07,2017-07-18 22:33:51,2017-07-28 22:52:27,2017-08-08,0d84f41012b2cde57daa54e32c4678c1,2017-07-15
32864fe724c9f8e8040000b044c5c77a,ae9b787cdaa48607cbbe32d3899f5368,delivered,2018-01-24 20:40:43,2018-01-24 20:52:32,2018-01-25 22:38:56,2018-01-31 19:56:56,2018-02-19,5d3c91f347dbd8a49ba30528baa5d448,2018-01-24
9ef921f5c09cf02012029e4660e4ddce,0cceca00fae637fe9d8eb79377d0da12,delivered,2017-11-24 00:08:11,2017-11-24 01:10:01,2017-11-28 21:47:36,2017-12-08 13:37:39,2017-12-28,6be28ae15cd1e7b3f3f36ac483512822,2017-11-24
e5337992995ebaef1a0c59a2fb22c287,47462754727fc39251cda5e119b2b462,delivered,2018-05-07 13:17:43,2018-05-07 15:13:32,2018-05-08 11:17:00,2018-05-09 18:24:59,2018-05-18,586ef85316ace9dbfe74ba0a265c5b2f,2018-05-07
cccf16c43b32b6548fbba329eb30f3e9,c0e7850f2d41cabcf4ead28d94ccdd66,delivered,2018-03-31 17:57:53,2018-04-02 08:29:10,2018-04-03 20:51:47,2018-04-20 22:47:39,2018-04-24,d5a0f127ec3ae34628d3ce916d9c1886,2018-03-31
8d5f27735f3694d8dfef2dedd96cc814,10c29c2d0b6dbe6bbc886543c1b9097e,delivered,2018-07-29 21:44:45,2018-07-29 21:55:11,2018-07-30 15:41:00,2018-08-01 16:48:42,2018-08-14,2c1bcb31c2c74538b614b05046084776,2018-07-29
7aeadd40359873918098a7477a4af310,9c83b804468c03febbb92653cb841822,delivered,2018-03-26 19:34:54,2018-03-26 19:48:00,2018-03-27 18:14:30,2018-04-09 14:16:49,2018-04-18,ea8759fd1e5df73b9ef546a7b5d9181e,2018-03-26
3e7223b7c9b8ef954924f508c37d171a,da2bf729800ce85f31e79a75506d94ac,delivered,2018-02-08 13:55:57,2018-02-08 14:15:44,2018-02-14 20:15:44,2018-03-02 18:48:27,2018-03-12,a3f155488ea10fd99f93c447faab72c5,2018-02-08
2703773aea9533b606eed4f16f883e2e,4995a41d93df085df7fa8829202f7a06,delivered,2018-05-09 17:43:33,2018-05-10 20:17:36,2018-05-11 12:56:00,2018-05-17 14:56:49,2018-05-17,f322aea4d174749705c1a0455a2e5658,2018-05-09
070d0ddec60c0e00d7df9483988d55e2,0787afe87fbc7be9114a66325d1a5481,delivered,2017-02-27 09:49:06,2017-02-27 10:01:38,2017-03-02 15:40:15,2017-03-22 11:37:59,2017-03-23,3845629d8ac15f4c0e482b5d68e608d8,2017-02-27
e2e62108a0daf44573986d823484239a,8dbd900d6aac6fead528237f425c51d6,delivered,2017-09-15 12:34:25,2017-09-15 12:50:34,2017-09-18 19:51:48,2017-09-22 20:59:00,2017-10-06,c4c49bb84c2b1cdcd7980ef859718d05,2017-09-15
da39c74861319e1493b1c77b6222958a,f830ef589ae72c834a4083ce86524c05,delivered,2017-11-01 21:43:03,2017-11-01 21:55:23,2017-11-07 16:08:47,2017-11-10 18:38:37,2017-12-01,4ffd7cf05f22d7a320750a2f9e73f665,2017-11-01
fe92769bd4a74d953a29a3878ef19b9a,c184792ba26c79ad55391b8ba5144427,delivered,2017-10-12 18:14:57,2017-10-12 18:28:17,2017-10-16 16:16:03,2017-10-25 20:44:26,2017-11-01,feb1f294b8f44aff91b06f3e3f8217f3,2017-10-12
2beb8dc5dc4936b846fb058ecad3bfc2,e9c2696343754fa3251902af0fb408c8,delivered,2018-03-13 23:06:11,2018-03-14 00:00:27,2018-03-19 16:58:49,2018-04-04 00:58:28,2018-04-18,e83bc3655081cc3917b039a55c53a504,2018-03-13
f33bb10a8083242acc69681587de119f,7f2c7852591133faac4da0fce82fb87d,delivered,2018-05-28 23:15:15,2018-05-28 23:29:50,2018-05-29 12:17:00,2018-06-04 17:34:46,2018-06-29,cd5317ec968d862b96ff90df43ff22b8,2018-05-28
a297f2735d1c57d50a70246794d12c3f,85aac716db9b14a50dcd9c12ba036eaf,delivered,2018-06-14 21:08:07,2018-06-14 21:36:48,2018-06-15 11:19:00,2018-06-29 08:58:23,2018-07-17,9e8e85c386f1a736db47e2011a46d24e,2018-06-14
c5fd1f4a2b25ac86cd7e1312875ff12a,5b5f98e66538647d1a5ca7826d8cb1c9,delivered,2018-03-06 12:52:25,2018-03-07 15:32:09,2018-03-08 17:27:19,2018-03-21 01:12:01,2018-03-28,1db68d9e2548c76f2aed411d073aff29,2018-03-06
c107beb52fc248b69e73264c0b32884f,80cb11602fce4509c0d90688908a5b8c,delivered,2017-12-04 13:41:37,2017-12-04 16:47:36,2017-12-07 16:13:51,2017-12-19 18:05:49,2017-12-28,9581074f17a8c44743950d7456f8ba80,2017-12-04
1190d4d9e67a90f9de44a7db2a0ceb52,02dd0797daa7b1b91de2b24bd6dfbba3,delivered,2017-04-20 22:05:41,2017-04-20 22:41:24,2017-04-22 08:41:44,2017-05-03 12:05:43,2017-05-10,39c879ea36a7f582456587ff828759be,2017-04-20
bb18a7304967722c7cef28dff0a916ed,c7fd81c103d8cf9d0eb4e33040df28e7,delivered,2018-06-04 17:03:42,2018-06-04 17:15:24,2018-06-07 14:27:00,2018-06-21 18:21:40,2018-07-05,3ca90669af3842a95b1c16b897791a88,2018-06-04
2f530dde74c88c4df00b7767e76f7542,6c0aa6b885517e59eb6755b70476f174,delivered,2018-04-02 13:35:16,2018-04-02 13:50:01,2018-04-04 19:02:35,2018-04-05 20:14:55,2018-04-12,c05fc59b8b1924e44af73f23b6ff95d1,2018-04-02
f057c0b69a9b64e8579f7873e9d04cd3,841b2848b570367c3e7f73ff6ce67bb3,delivered,2018-06-29 19:31:33,2018-06-30 19:30:19,2018-07-04 12:02:00,2018-07-14 01:10:33,2018-08-09,6130b2b1b5ad417bf024f4fd8b7e5054,2018-06-29
761d39ded287ade72b1e8bdd95fe0253,78eacafc24b06e4493afeba7c0b32f57,delivered,2017-10-20 14:26:51,2017-10-21 02:49:36,2017-10-23 21:50:12,2017-11-16 21:38:46,2017-11-24,29117ee653ef9e0288e69f930eba308d,2017-10-20
8f413a1f9c167b4f6c5f891b6c7c7d27,58431adea9b3704f65eb48603e5ae23d,delivered,2018-01-23 16:09:29,2018-01-23 16:31:32,2018-01-25 17:52:50,2018-02-09 00:32:27,2018-02-26,45a6c20b61c333d14bf69950f4d7e627,2018-01-23
8b24829dfa451bddb16a1f79eb144d46,d1a0878d67783b124adf8dc580609ce4,delivered,2018-04-28 18:47:24,2018-04-28 18:55:21,2018-04-30 14:44:00,2018-05-02 19:36:31,2018-05-25,8aa50eceee6f9b1ad2b646264648ca5a,2018-04-28
6b901164a6a34cde6b892a1a3c549294,e76982cbaf25f467d0a21c39655a54cc,delivered,2017-12-19 10:54:03,2017-12-19 11:13:25,2017-12-19 22:16:18,2018-01-08 22:07:39,2018-02-01,d4293714d5cc99f69d1244f05d07e70c,2017-12-19
214dc459e6a86173054c659d579491d7,bc853fea82ecd9031832a7ae20162ec3,delivered,2017-11-20 21:15:52,2017-11-20 21:26:56,2017-11-21 23:12:12,2017-12-01 20:11:44,2017-12-14,685f7d91b3bae2044bda2bdd579a0f8d,2017-11-20
9d4fe519c77c087d5a1bd73637c5c6bf,d71fe03e7185dd0150aac5381e4afeea,delivered,2018-05-16 06:34:04,2018-05-16 06:52:23,2018-05-16 14:13:00,2018-05-22 17:41:24,2018-06-12,a3954c8ef988789d32a6e7f3c4812492,2018-05-16
b1f1b53eff2bcb85d584f05835dd8115,177aeb8e2d309fc50ea913b999596971,delivered,2018-08-08 15:15:17,2018-08-08 15:30:16,2018-08-24 14:11:00,2018-08-31 13:06:46,2018-08-24,af21f4525831bb14040012fd9bfec6d3,2018-08-08
26526add9da95bea7b977eff1d40d11b,1e9ad002812017f0a6cc88057e7cca9c,delivered,2017-05-11 23:13:23,2017-05-11 23:22:23,2017-05-12 14:55:37,2017-05-24 14:48:52,2017-05-31,ebdb8144ac33f6c6b94813eef593af7e,2017-05-11
37ce508071e29f853c9a6af4fb9be089,c35bfff6450d64d4deb072a336ee5d33,delivered,2017-09-21 22:22:09,2017-09-21 22:35:23,2017-09-22 16:51:30,2017-09-27 18:04:33,2017-10-13,87460ba5cff6a64958f1f6b501a081b7,2017-09-21
42ecffa63ae6c06d836e17fc3a525c14,62d8a57ea89e7161a0dc95a089d327fb,delivered,2017-11-13 18:05:28,2017-11-13 18:15:43,2017-11-21 21:49:06,2017-11-23 21:33:24,2017-11-27,d6662a4edbf6f8527d7510ce70cfc03f,2017-11-13
d22567ff9749170e14c7485e02c1ff3c,9883a8a9a4eee71337503a8374f0f786,delivered,2018-08-27 16:57:10,2018-08-27 17:10:29,2018-08-29 15:03:00,2018-08-30 18:57:56,2018-08-31,d1ad3a8317c14afb90799ae8740b99fa,2018-08-27
50501e525eae308e75363c0606adb973,11943259dfd283f8c9495db75d4e56df,delivered,2017-07-29 00:24:16,2017-07-29 00:36:31,2017-07-31 17:49:58,2017-08-03 16:08:03,2017-08-18,5a16f2e6b635a8b5a137354d7ddb2913,2017-07-29
ff3d6fd1b0c2dff1989ae3e6841498bf,85d5d470017e7092de13058492ce9507,delivered,2018-06-26 11:52:13,2018-06-27 09:56:03,2018-06-27 08:59:00,2018-07-02 10:03:13,2018-07-19,f56e1b8fbf64993bf84f7ca5a33a1864,2018-06-26
38c0ff8cba12452ea772d687ec01ad56,b67cb8c5de80a8934f7c8394c9ec3af4,delivered,2017-06-12 22:07:23,2017-06-14 02:25:27,2017-06-14 15:15:32,2017-06-26 14:04:08,2017-07-20,54c7b4f48fb9e911bf328bf9884ca61d,2017-06-12
8635ed3e0c954b79a025272350785b49,f8fa3c7d2eedd1a1bd9b591b89a2ac41,delivered,2017-11-13 16:43:02,2017-11-13 17:08:34,2017-11-16 18:51:49,2017-11-27 15:57:00,2017-12-04,04dc486e3352a8ef6d749736321018f6,2017-11-13
7410535fe6a922518e4f862208c066bf,c8b7d6f94ed82f63ec835ef1af699c1f,delivered,2018-05-02 19:53:21,2018-05-02 20:53:46,2018-05-17 14:19:00,2018-07-12 12:02:06,2018-05-23,a1c839a978e05fedd92fec96d4ea685d,2018-05-02
adf1f47be859a7ab0340baff8771f678,edd1ecdbe06a18e4d396ad758d6d548c,delivered,2017-11-09 18:01:25,2017-11-09 18:10:31,2017-11-14 15:42:25,2017-11-24 18:17:13,2017-11-29,685215eb927618fc43add12ab3058c8a,2017-11-09
d35303da51fb552fc8fff1ff2757e44b,175695533829b464c7dc6ef7e8bed003,delivered,2017-02-07 17:16:26,2017-02-08 03:10:41,2017-02-09 04:12:04,2017-02-15 16:32:19,2017-03-20,0df66f1f85342af8b68413acd2bbc5d3,2017-02-07
6a8ead05c1fec9733ff10c379faa4e59,4a431d029dddd37ca7cdc62e65e15c89,delivered,2018-05-14 08:41:04,2018-05-14 08:55:32,2018-05-15 12:00:00,2018-05-21 18:42:49,2018-05-29,bcb745c59d24efb6a0da4d264a596996,2018-05-14
bc6e64a497c7dfd9468e41c742b09c6a,c0c10f8f4f261f41011eec939e677f6f,delivered,2018-04-30 18:55:16,2018-05-01 02:11:06,2018-05-02 14:20:00,2018-05-22 20:03:04,2018-05-28,232ba4a9caae27b4e186c99cddcb6383,2018-04-30
f1462e755e6dad34d26392c0715bfdab,190a811c6565fb843575352f492144df,delivered,2018-03-10 10:09:00,2018-03-10 10:28:04,2018-03-12 23:40:47,2018-03-16 18:12:06,2018-04-03,ba0d2a824a0ae3a33579faaea671462c,2018-03-10
abbc50a1e07d19c76cbcf0b649796bb7,7379ccc79f4f9651e5b35523dac6675c,delivered,2018-07-31 21:42:35,2018-08-01 03:31:40,2018-08-01 15:47:00,2018-08-03 18:48:28,2018-08-10,93bc57358bbdea8f97a79a38f2319008,2018-07-31
65a6146689b83878d498e1a7d03782c7,da4cc8456680d5049f400002411f7009,delivered,2017-07-01 14:17:22,2017-07-01 14:30:10,2017-07-03 13:26:58,2017-07-07 16:48:42,2017-07-27,a14303a63c31ebd333ac1831067bdcfa,2017-07-01
9b4ea4ff8f51f91557fd6448e909cf81,c900b2707ddd00c2ba5fcde30c52ee8c,delivered,2017-06-18 12:16:28,2017-06-18 12:30:21,2017-07-04 11:06:37,2017-07-18 13:38:31,2017-06-30,6ead799d8a12f9095ab29409be2aa075,2017-06-18
600ad056fd4fece16dcfaf524b4b9eee,324a03d3463a4457378b8811ff8077b4,delivered,2018-02-15 11:23:40,2018-02-15 11:35:30,2018-02-16 23:09:21,2018-02-19 14:58:48,2018-03-02,dd451c6ba720f8e9ff4600f28be8e56a,2018-02-15
683f4ccd4837332d59bedc4522fb0755,f9c41a56147b0426b032c3264bb0223e,delivered,2018-01-16 15:39:58,2018-01-16 15:50:44,2018-01-17 14:56:33,2018-02-08 18:48:55,2018-02-09,7b6e328e9b8901a1da0cb7922ebc6624,2018-01-16
5349e2710de7e91456348b102a890e1d,ff9ed492823cfd0166ab871b5b3ec483,delivered,2017-06-02 08:29:59,2017-06-02 22:45:14,2017-06-12 11:17:54,2017-06-12 17:04:54,2017-06-16,38d2c42aa068e0d56d4ae01c7574db42,2017-06-02
ed0b1b983f9bd6988b9865f7e774b885,59740caad82b963e3c037c27395d042d,delivered,2018-01-21 17:11:05,2018-01-22 13:55:01,2018-01-27 15:58:46,2018-01-30 22:04:32,2018-02-06,715e295d8e0bf31c06df39a9b01c25e2,2018-01-21
c2247ce3e3a6ca4c1db27476588f6a58,7b70735604ad64fa82a7dd141ccfc50c,delivered,2018-04-21 21:42:35,2018-04-24 19:04:46,2018-04-24 22:26:43,2018-04-27 15:08:37,2018-05-17,d395a920eacc1257fe019816ed3757d3,2018-04-21
97a2cf1bcffc778d8661d305a6d344f9,22d272b91aefe41f2a449372151f629e,delivered,2017-09-14 15:46:39,2017-09-14 15:55:17,2017-09-15 19:13:39,2017-09-19 18:19:36,2017-09-27,1924d194ed54e34435791cd233c5db29,2017-09-14
1c19fe562ab8176385b8e5fb6566aea2,06d99479baac3413561b21bd7ac27767,delivered,2018-05-02 22:40:22,2018-05-03 00:30:38,2018-05-03 14:50:00,2018-05-07 19:26:36,2018-05-18,55e2a75ae371722e048b5e9ef87e83c3,2018-05-02
ff2635a956565ccce72d295a39423aea,efff687fea6826a9f3929ab073adec01,delivered,2017-11-04 23:17:13,2017-11-04 23:30:25,2017-11-06 14:53:02,2017-11-17 19:22:40,2017-11-29,8148a04267b770094c93db158285ffd3,2017-11-04
ee817f9b5a460a02a218d34e1b6ac26d,dd775419344695651f23cdb9be218cd1,delivered,2018-06-18 15:05:58,2018-06-19 03:57:08,2018-06-19 13:17:00,2018-06-22 19:32:31,2018-07-11,9cc619dc1ee388aa1fee0ae375ca8d61,2018-06-18
27d9d312e04f1893b26836442d680000,56041b9a34fcdf3368352cbb4fa67432,delivered,2017-07-04 13:27:14,2017-07-04 13:43:49,2017-07-05 09:14:09,2017-07-11 16:12:52,2017-07-26,a5c62e7e896b7e6ed95d39714f51304a,2017-07-04
80f65dca1a0629872658ec11d1085d28,490880737177669393b6d791183fdb72,delivered,2018-02-11 14:17:23,2018-02-11 14:48:16,2018-02-16 18:46:29,2018-02-21 22:53:27,2018-03-07,815a99cb9852a1011da9bb7f2070b93e,2018-02-11
8459ae3222c7c867da73360e787fce4e,fe1160e1034d8af38b00708201370cd8,delivered,2018-02-28 13:25:59,2018-03-01 11:14:35,2018-03-03 01:32:02,2018-03-13 21:56:49,2018-04-03,46f7abaa3691d391d334ab03c0338f55,2018-02-28
689338a5ff7fc20c596ee2695dfac8c3,2254b94e0f630fbf407e03563b0747c5,delivered,2018-01-21 16:34:52,2018-01-24 08:31:52,2018-01-30 01:38:31,2018-02-04 10:08:55,2018-02-14,0ecb7751a7060a4fa039126fd7c30323,2018-01-21
2f54db7250b3463f57049dc32ce4ff93,44d362ea0df5a265f0c1849be71794d5,delivered,2018-06-24 22:16:41,2018-06-24 22:38:23,2018-06-26 09:40:00,2018-07-03 16:14:45,2018-07-19,99510f036318ec8f526637f99ad6b276,2018-06-24
c4935bcfe1d63ab17b37fac83c9f05b8,bb0fa453b48c8f4c9a4b461f14123095,delivered,2017-07-15 09:42:52,2017-07-18 05:50:33,2017-07-20 21:13:20,2017-07-21 22:55:47,2017-07-31,017d9afa17ebea3b2a7c03ed6bc954be,2017-07-15
edcae211fcaaccf2cfd426f297ebd700,fd646e095aeb71e4fe6669efdf04fd53,delivered,2017-02-13 18:38:38,2017-02-13 18:50:08,2017-02-14 15:07:37,2017-02-22 11:19:04,2017-03-17,547f5f9afa998b2e599e0df6584cf838,2017-02-13
437dbe46155da24f92d6b155899315b8,5dce98bda89783dccab4fa1ed6ffc28f,delivered,2018-07-28 13:11:13,2018-07-28 14:30:29,2018-07-30 08:50:00,2018-08-10 15:03:01,2018-08-24,1b79a5d60ecce51435ee59276d820340,2018-07-28
0c5c644d05d605a6778e47d43a1185d2,568e5d6c0fe4a7913f4a40a09af904e6,delivered,2017-04-29 17:42:18,2017-04-29 17:50:13,2017-05-04 09:15:42,2017-05-16 09:34:48,2017-05-25,3d5a1ae3fd2ad64a913c89f749733291,2017-04-29
25de47610b1fe93d066d999828c0fe57,11370ea4b3f9179755b40b090ff69cc2,delivered,2018-03-16 12:03:48,2018-03-19 10:14:45,2018-03-19 20:14:41,2018-03-21 22:08:38,2018-04-04,2f3f6dccce404d1c38be34db1fe4c34e,2018-03-16
d5d287f2402efa84433646638d83ffef,2e2a78932fdc2466f0e91fe4d86cd302,delivered,2018-06-28 22:35:31,2018-06-28 22:49:52,2018-06-29 13:40:00,2018-07-03 08:57:53,2018-07-18,8a67f67356d0f594c9820fa4242199f5,2018-06-28
4b6a69ab5ba578e5193deeffcf9d0f7a,eb24a2625cee3e242ef9c9e422a4b0a0,delivered,2017-05-23 22:12:58,2017-05-23 22:22:38,2017-05-24 09:49:02,2017-05-29 10:52:05,2017-06-19,d91311e3288fb34b7fc07cae92dfa537,2017-05-23
e5246a33b7ee0e4b0be573c4406b5ee9,bf0005fd4c56f911e047c23806d5a3d8,delivered,2017-08-06 17:44:47,2017-08-06 17:55:14,2017-08-07 15:17:46,2017-08-23 21:48:03,2017-09-06,f19d7913a34e1a1992f3ac0c9cff49c6,2017-08-06
22fa8082b517d09f9120e84f11fbf3bd,53e8ebe090be91e51e6dbb3f0d191ba5,delivered,2017-05-09 17:19:12,2017-05-09 17:30:24,2017-05-12 19:36:07,2017-05-18 08:15:46,2017-06-08,cbebce165db72a2bfba9e81a3411bdf7,2017-05-09
a03dd4329530db7fc4201347345864c5,90dfcc00d7ff2daeab34bb3790a0e462,delivered,2017-12-01 10:57:07,2017-12-01 12:31:34,2017-12-07 17:36:00,2018-01-11 19:07:04,2017-12-29,c6ffc8db817fa2d51f5228864c055cdc,2017-12-01
52dfaf3e430903d40571c0eb44d324b5,c778549cf25c2a4fb1b3a5e1874c91e9,unavailable,2017-02-16 20:55:53,2017-02-16 21:05:16,,,2017-03-15,91687e2315fd578c976f37533a7d597a,2017-02-16
375e959b0c2a17fef2be1bdaa03fa1b6,98b342e461bd12ba581cfc6aa6b5f120,delivered,2017-12-13 13:32:27,2017-12-13 13:50:17,2017-12-15 17:42:03,2018-01-15 16:12:55,2018-01-17,a166658710b335e011ca3fc04f6de068,2017-12-13
3ebbf40c93199bd38c2b821855ab1800,6249709637eaa28557e42c0197951cb1,delivered,2018-01-24 14:30:06,2018-01-25 02:58:11,2018-01-25 22:17:36,2018-01-29 15:46:04,2018-02-08,2a6965ae559ada2811f145cb06369076,2018-01-24
dd8d09b566d888014b27cee17809db12,b6276df95df35217a8d92ccc5ea93d69,delivered,2018-02-08 16:56:31,2018-02-08 17:29:53,2018-02-16 00:42:40,2018-03-01 13:08:34,2018-03-06,aef1b4d4f0a5bae44db3b7fe0c9d9d16,2018-02-08
5afde427b56e7f939052c2f2e54c628a,81f26f08d7362e24779a1f097ff2a997,delivered,2017-12-28 16:03:56,2017-12-28 16:09:20,2018-01-02 18:34:04,2018-01-08 20:23:11,2018-01-18,826d63934369bb2379c034ad7cafb12b,2017-12-28
4e873733a6b30b14fa37d7fa9d38a213,352f4e1ee3195dc6f4e4a906afaeeb3a,delivered,2018-01-09 19:16:48,2018-01-10 10:31:35,2018-01-12 21:07:01,2018-01-15 20:19:06,2018-01-26,3fe3e0d408b68fa56e91134d1fa11b7e,2018-01-09
18279a656ac308b75f99ed16ed347192,119a09b54964ed6697e8e8b3937b6859,delivered,2018-06-14 17:08:09,2018-06-14 17:39:29,2018-06-15 13:53:00,2018-06-29 00:38:44,2018-07-11,d043a8f5545b7173bc6f2dc1a756e953,2018-06-14
6f6739449b027efcae27be49edf91911,04dda5c8deb02a801e2f7da84881cedf,delivered,2018-07-02 18:17:05,2018-07-02 18:31:09,2018-07-06 09:21:00,2018-07-12 15:45:07,2018-08-14,3c6829f65318addce55df720eb884af0,2018-07-02
6e524001468d26c4e7caca6f22c6fcd8,cd63f1331ec74e1097b0b508703aa00b,delivered,2017-12-24 13:55:11,2017-12-24 14:07:41,2017-12-26 16:56:52,2018-01-05 21:36:45,2018-01-23,1043fbaf55d6cf95139a3601c30bce48,2017-12-24
ab8d7e03c02e35b89d4eee1dd9ab65ca,263d3314eb124da16668b6968c381690,delivered,2018-01-21 16:42:52,2018-01-22 13:53:47,2018-01-23 19:12:51,2018-02-02 12:19:02,2018-02-16,864c5e4e1eb2432a0a373b4bab423ebf,2018-01-21
10c12ecab799c32c29b4df3a203ecaa8,2958f7dccf3976fef64e82ec6d3b562b,delivered,2017-02-08 08:34:04,2017-02-08 08:45:18,2017-02-08 10:33:02,2017-02-15 14:45:40,2017-03-09,da778b674d3f27898dbffc9d416bf784,2017-02-08
3304f260a9b2d280ac64521d3e911dec,9ab6829ab5b95881413d99af140fdf08,delivered,2018-01-22 15:45:49,2018-01-22 16:18:06,2018-01-24 00:56:31,2018-02-02 17:41:43,2018-02-21,2649819070c2be85f8422e396c220270,2018-01-22
a98b1e22983a801f5fdd3deef0cd4b1c,b1a148a61bba3952914af2de990e5493,delivered,2017-05-14 22:26:36,2017-05-14 22:42:27,2017-05-16 09:07:48,2017-05-25 17:40:08,2017-06-14,41ffcb2420e2af2e55b3832df16f4eb4,2017-05-14
556ff8bcd5cc9d1737128fc613ce16ad,2872a928c735de2b583371e7b3b37dd4,shipped,2018-07-28 13:20:44,2018-07-30 18:31:40,2018-07-31 14:33:00,,2018-08-27,f71091c880cc1db3753fb760307daa16,2018-07-28
80f3b3dfb90795a9b5bf61ed8e8df267,789e56ada05b9e9529d5c04adfa90a55,invoiced,2017-07-06 16:39:04,2017-07-08 03:25:25,,,2017-08-09,463a32dcd8a292c60601024be014d621,2017-07-06
1e9bf802b8192eb97af61fd92b586471,9b393f101c2a58389bc8c804e560b284,delivered,2017-03-10 21:44:39,2017-03-10 21:44:39,2017-03-14 10:33:09,2017-03-23 13:27:54,2017-04-07,8b658cda92ee9a3972c756bd9069ef24,2017-03-10
c28ccf873b952bc98490e627a34c60f0,0b6a6db7c5e91f4bfd593b6e78206e6f,delivered,2017-03-11 15:29:09,2017-03-11 15:29:09,2017-03-13 09:55:51,2017-04-01 11:49:45,2017-04-07,f9d518ce8def4aefba686655c57ac3e0,2017-03-11
661d0bde7291e9a8761e0769cf4d954c,318c507609f1e34e3fbaa0d012e0a3e8,delivered,2017-03-09 22:11:37,2017-03-09 22:11:37,2017-03-14 13:56:05,2017-03-24 16:57:48,2017-04-11,1c92261df2b30006b6d6dea39975093e,2017-03-09
acd45245723df7cb52772a34416b41b1,486ce94ccf26c511ab93d31fefd5de0e,delivered,2018-04-19 19:44:47,2018-04-19 20:10:40,2018-04-20 22:24:23,2018-05-07 16:48:43,2018-05-10,bc71d9dde7a14cf82eb4200b2a282131,2018-04-19
b3b23b94af6255a9c81f8755bdbd6d39,ed39c87d47bcc8c9cb3d809059243da3,delivered,2018-03-21 11:33:01,2018-03-21 11:48:17,2018-03-22 20:32:27,2018-04-03 04:48:40,2018-04-09,73b8dd1ddf2ba4f2074b5c5da45ff0a5,2018-03-21
f434052bc2203ff466927ada035bbef0,bc68a8c3ad1d8efea8a756fdf987638b,delivered,2017-08-23 23:56:42,2017-08-24 04:10:15,2017-08-24 19:04:09,2017-09-11 16:55:04,2017-09-25,a4f40d016291ecc27a5516f3c4547dda,2017-08-23
cad9cc97c8f0878b65c04815fb985252,29358874d3323c0216925b21ceb703ea,delivered,2018-07-26 20:21:07,2018-07-28 02:35:10,2018-07-30 14:16:00,2018-08-17 15:56:57,2018-08-20,bed7ad8109f1526b49c3b03401c0ac1c,2018-07-26
41bf1169cb9e21c201df1aedbcdb6b1f,eb49614e45790ac166f91bcbcc1a9014,delivered,2017-02-08 17:25:18,2017-02-08 17:35:13,2017-02-09 14:37:47,2017-02-15 10:24:53,2017-03-21,e4085c584aacf816aeb1e82e24ebe1ab,2017-02-08
1cd5bf46850066b6dd1321c0680ed93f,51058a70e7b0594b71314346eb64f4cd,delivered,2017-12-01 17:03:26,2017-12-01 17:19:52,2017-12-04 18:07:16,2017-12-06 14:52:28,2017-12-19,cfd472b63cf204c38bc6614b64e379f2,2017-12-01
2067e6809c31a615c37a470db2e6bf89,7d9692e3a7850c9ce64a089b62a910da,delivered,2018-06-21 14:56:17,2018-06-22 15:00:09,2018-06-26 14:36:00,2018-06-29 15:47:56,2018-07-23,1d7769ad41c1a760e8246d7b7996d4a8,2018-06-21
27cbba95b3a45285af049060be4d4d10,8c76130743a337ebd61202a070670616,delivered,2017-02-05 22:01:30,2017-02-05 22:10:23,2017-02-06 11:51:51,2017-02-09 09:24:45,2017-03-07,f520898406391d568927fef788d4234f,2017-02-05
f4c9ae3260949e6ff7e337d1a722db4d,4a2a3d27dfed43be53231f0f8f55aef5,delivered,2018-04-25 11:41:18,2018-04-25 11:51:58,2018-04-25 14:05:00,2018-05-04 21:56:48,2018-05-16,f7b78e7a11e9fc89c0f4153fae178d45,2018-04-25
70983de08035fb49df8fcf1afe6458cd,6fe374dedb4208bfc744290a1df813d6,delivered,2018-05-20 21:28:54,2018-05-20 21:50:37,2018-05-23 14:51:00,2018-06-07 16:26:44,2018-06-11,2d10ba74e58f46cf7e01fd715430f89c,2018-05-20
f8ed26e5b5bcfb0d20833e3996b5e426,c3c004b865c6a674a7b4567088f2dbc6,delivered,2018-07-15 12:24:42,2018-07-15 12:35:14,2018-07-16 14:24:00,2018-07-20 20:51:38,2018-07-30,d2b4f91507f85ecc9767b0ed2146b05a,2018-07-15
4233067932385b2d8b301e18e1b75958,7e1c94909b82d667fde37d090d81d101,delivered,2018-07-18 10:14:56,2018-07-18 10:25:16,2018-07-18 14:42:00,2018-07-26 15:51:32,2018-08-08,3100ac181f080ff2a7beb61813c0517e,2018-07-18
0c5a4222cc662d4e0ec50de57f1f8b98,708932e8e8ba10ae0e57abe5650ff985,delivered,2018-05-20 20:40:14,2018-05-20 21:01:29,2018-05-21 15:54:00,2018-06-07 22:37:21,2018-06-08,495dd72676ccf7d3a7d7ad8f4dd13dba,2018-05-20
114b220ff080617e99d21cb8549b7433,f3b31ef24fd2dee8c429445b06376351,delivered,2018-06-29 20:26:56,2018-06-29 20:50:14,2018-07-03 07:18:00,2018-07-06 20:27:00,2018-07-19,0473d91d551a30df5027481af9963b8a,2018-06-29
f8a6d03ed88e47a216d244f20d4333b4,f430542e555e325d0dccbbb8410208a1,delivered,2018-05-16 17:31:05,2018-05-16 17:57:52,2018-05-23 13:49:00,2018-06-07 23:18:38,2018-06-11,39d7229ec5fb17788c6e0ef78569affc,2018-05-16
936a199847ccb47438d3ae454d5e18d1,8c587eca721e5478cc6bd17ac3e8cb4c,canceled,2018-02-02 17:42:31,2018-02-02 17:52:12,2018-02-05 13:19:36,,2018-03-09,7c6c3b71261f732a0f3243c10dc991f3,2018-02-02
0e8af1a05e9022734d9794c079ebdcf5,fb203e8695c629379d79a400387c8a42,delivered,2018-06-06 13:45:27,2018-06-08 02:56:27,2018-06-12 12:00:00,2018-06-20 04:05:44,2018-07-17,fae4abdb055865be8918a992ba39a638,2018-06-06
1721eb90ee8c1fb7d6c2f81e8acd2a22,544c28b6508aec0819b39515c115ecc8,delivered,2017-07-03 08:56:17,2017-07-04 09:05:12,2017-07-06 12:12:35,2017-07-10 22:46:49,2017-07-24,bd0c5444804d8d40d939152e41ca9f8f,2017-07-03
0412b784548c0bf8cc35073f13923e2c,d74b39df7717e34ebe07e263211bfe52,delivered,2017-09-26 22:51:24,2017-09-26 23:04:31,2017-09-28 20:06:54,2017-10-11 23:28:48,2017-10-18,c823614af4977d762bb41c573d869535,2017-09-26
393c4be3908441526fd75379ec8a6fdf,d2a1ddd88d7fe00e725ff1b57aa1778f,delivered,2017-06-05 17:05:52,2017-06-05 17:15:21,2017-06-06 13:54:29,2017-06-12 13:17:43,2017-06-27,5cb5e010562f6856f97ef2f67b223f70,2017-06-05
8ed7cc81e4cdc0a5504230aabfaed110,399e90278e14b9e4e3fd8e094c2c7a26,delivered,2018-01-24 11:03:42,2018-01-24 11:12:38,2018-01-30 16:35:24,2018-02-03 00:58:49,2018-02-16,4bfb93f550d1f96be2ced738dd8c32bf,2018-01-24
e9a203017644039168e4c5b62e6ec9c8,7863d0291e39b9afd4f996796f01b811,delivered,2017-09-22 22:31:11,2017-09-26 06:35:20,2017-09-26 15:13:08,2017-10-02 18:13:40,2017-10-18,3f26865ab1cafc762e8c28b95c1d63ff,2017-09-22
db89bc4049910bb63611187321f35503,ba71eef961930f37bc2765d86a09c3c2,delivered,2018-05-15 16:27:25,2018-05-15 17:14:52,2018-05-16 06:55:00,2018-05-22 00:29:30,2018-06-07,2aa91ecf9be04feeaddd068ba26b646f,2018-05-15
44b375387a05e8986651d12dd9fde735,1c2b086c2496c2b728a636ea3bc95343,delivered,2018-06-30 10:06:02,2018-06-30 10:30:02,2018-07-02 16:24:00,2018-07-04 21:44:30,2018-07-25,77da2082c11bfef848a248f3f94fb877,2018-06-30
57122ae1510bd4f4e0203ae8dec5eb30,1fa3275d3db9f7e865fff12a76c6d460,delivered,2017-09-26 13:02:17,2017-09-26 13:14:19,2017-09-27 16:52:17,2017-09-28 16:34:39,2017-10-11,5f80e1b868be57e4d50ae6bbeae78d77,2017-09-26
36321eba7223a1e5371a446405480aa2,9816164cef05016d195013441165193e,delivered,2017-04-27 00:13:06,2017-04-28 11:46:31,2017-04-28 09:45:02,2017-05-01 10:42:38,2017-06-01,4ccfac5a7a9bbff89211f40e5085d003,2017-04-27
9dd2fd0bc65b8d4b92ff4ab91cab5b28,be3989ffce9034d2e139160793f1db99,delivered,2017-12-13 19:20:31,2017-12-13 19:30:33,2017-12-21 15:37:59,2018-01-09 13:46:32,2018-01-11,cf83b282f8879e44e94c917f2b2b4f8e,2017-12-13
0c2bbee72e02611ffd7ba4c1b30b7a18,d3a6688ba3e7d1f5775d0ae9b2992712,delivered,2017-11-23 21:49:07,2017-11-23 22:07:55,2017-11-24 21:51:34,2017-12-02 17:13:28,2017-12-07,8dbcce79f9d830067a7ea8d202f115ea,2017-11-23
24ba7ae4f55da4a0e458233a297d124a,d2918ca869fa701c882e7971ba725bdd,delivered,2018-05-31 21:45:18,2018-05-31 21:55:16,2018-06-07 15:43:00,2018-06-08 12:54:55,2018-06-26,d102bcea6c798fe5ac64221fba31e2ab,2018-05-31
1639cec93b4df0f2fec8601299c7f4c8,fbe5e936200a869da3a98b8bb37584af,delivered,2017-11-30 20:55:26,2017-12-02 20:56:22,2017-12-05 22:22:46,2017-12-18 21:12:36,2018-01-05,d105ba436df4426aaa8d11fb73d09f8d,2017-11-30
3b9671a31679fa4544b9b7a1e55ffe4f,75cf16e96df2157673bf319ebcf83b59,delivered,2018-01-13 13:01:43,2018-01-13 13:12:19,2018-01-18 21:26:23,2018-01-30 21:45:26,2018-02-06,2005f0ddee9cf831f31bc3e2c56a3fd5,2018-01-13
8638ab78e1d77dccdeab53b0720505b3,6c2d0842517df8f1dcb81843c10410a6,delivered,2018-01-24 19:21:55,2018-01-27 02:40:43,2018-02-01 22:26:51,2018-02-08 17:34:08,2018-02-16,3184bb19ff14f1ba91c4cd36029cd238,2018-01-24
8c78d01de3a9009e23d6877a7cc9be20,6cd7106899e59a1fbd0622d5f1efedf4,delivered,2016-10-08 15:36:50,2016-10-08 18:13:44,2016-10-26 11:41:53,2016-10-25 17:51:46,2016-11-30,6360ff9a3d58800ba0b03b1c6c290d92,2016-10-08
3f9666fbcb3490ff8c1f0d2b826c32db,7530725b2b86b0988d6a6ed6864e6a67,delivered,2018-07-24 08:02:06,2018-07-24 11:41:48,2018-07-24 14:09:00,2018-07-30 22:03:06,2018-08-10,f720919165f644498318c16c68d66510,2018-07-24
c0fc5c6702f93ec8646c5404b4147864,6eed4ef57344486d5a44b9b8e23913c2,delivered,2018-08-20 12:14:50,2018-08-20 15:36:05,2018-08-21 14:56:00,2018-08-23 14:46:50,2018-09-04,e67ac9785a0dbbb134040135a75cdb71,2018-08-20
64e3321a3a685e5fc72f768029201519,eb70b202fb99d261fd9601e633fce956,delivered,2018-02-24 11:14:35,2018-02-24 11:30:29,2018-02-26 15:37:23,2018-03-20 22:07:39,2018-03-19,54e92add6daf21de41714e1a141e7c37,2018-02-24
34c1d5a6ffd6f4ffe32502ec9c156d2b,72e0272d32abfb1cd4b5418770dee89a,delivered,2018-06-08 14:49:51,2018-06-08 16:30:41,2018-06-20 14:16:00,2018-06-27 20:22:31,2018-07-16,04947c94858c4ff76c6d6debc3f152dc,2018-06-08
128968a8f3d827298b66853b00d1e34e,a59b6960d20e40918470c13e6cefcd7f,delivered,2018-03-16 15:36:26,2018-03-16 15:49:49,2018-03-20 02:14:28,2018-04-02 21:29:03,2018-04-05,e1aa8dee831e4f9442d97600ad811bbd,2018-03-16
890b59a3c92690ae11b0cfe321e979fc,5a3342f212d4ac404bd2f450632d1cf4,delivered,2018-03-09 21:12:27,2018-03-12 16:15:49,2018-03-16 19:19:43,2018-03-31 12:31:54,2018-04-16,944b22cacb5776c2bfbceeb0c1114028,2018-03-09
b392178525db3323c13bd67d9dee38ff,8144e16e04d00723d22ff69e9c08bb49,delivered,2017-11-03 23:11:29,2017-11-04 23:05:46,2017-11-07 17:03:31,2017-11-13 20:44:46,2017-11-24,05e8b4d95b191ed344b0c2bc3b1dd984,2017-11-03
5c458a0a24c83bb972feb57ab32e38a6,b893a27f67713b0aeced6c2ec3f91250,delivered,2018-06-02 19:51:39,2018-06-05 03:49:57,2018-06-05 13:41:00,2018-06-19 21:32:16,2018-07-12,061abe74d3296b2623abc5e9755fb161,2018-06-02
ad5ad3658e7ba2b40e80f791dfb3dbb9,b6e3c3e8971322958562758e9e07a522,delivered,2017-06-09 19:00:08,2017-06-10 18:50:18,2017-06-16 15:04:47,2017-07-04 16:16:22,2017-07-26,d7138daec48cc64772a12e236b0bda6c,2017-06-09
cbe9e2376e5d8de3c057ed58a638403d,786b132ea5316b4b8ee43854c89e1ff6,delivered,2018-07-03 14:50:12,2018-07-05 16:16:54,2018-07-05 16:56:00,2018-07-10 20:21:28,2018-07-25,d3784a43ee527e6e52f1805d0cc80bdd,2018-07-03
04398fd8d888a4857774d982da494987,596040e2523803a2b45f1a403a86be7d,delivered,2017-05-15 14:14:21,2017-05-15 14:25:18,2017-05-17 09:45:16,2017-05-23 15:28:01,2017-06-06,37f8072da4c5026bb739a2c2f34fa9c3,2017-05-15
fd6508408ae641784eec9008b9c351d1,cfec05b8c098a72ba2db50395843abdb,delivered,2018-08-05 08:29:26,2018-08-07 04:30:25,2018-08-07 15:30:00,2018-08-13 13:50:40,2018-08-20,d8207d7cb28c86f2ccad85df4ed42dc6,2018-08-05
c2ca2bb17ed706c909f7011c18b1ba98,596333805ac932042fad7eeb3f2b9362,delivered,2017-10-01 19:37:59,2017-10-03 03:56:32,2017-10-10 18:44:48,2017-10-30 17:52:19,2017-10-27,1f33de2860252339c526feb6de7f1b91,2017-10-01
7b84c60b417905af7d0237310bd48f0b,e04d99995856fdb1172314dbce6e0fc8,delivered,2018-06-11 23:01:49,2018-06-11 23:18:34,2018-06-13 14:19:00,2018-06-28 19:08:39,2018-07-04,5793f9d7d53ad4c54032da6fa3069834,2018-06-11
e4c412c45813fd2fdd6e1fa72b69425a,03ec2e284072ed26c76280702832ed56,delivered,2018-06-13 11:14:12,2018-06-14 12:58:45,2018-06-14 12:59:00,2018-06-19 00:31:33,2018-07-11,ee857c5838a5bd6a7e338ccdcdc76b9e,2018-06-13
460af70fcd26ef464f2c55c1016e087d,e9b4a782c01f35ec401edd9e1ac9c96a,delivered,2018-03-26 11:49:18,2018-03-26 21:47:31,2018-03-28 16:06:20,2018-03-29 18:42:33,2018-04-06,8719db34045e5b49cb5a5ed64f8c92b1,2018-03-26
8e1a74ac241f8a7ba34ae53f37e9fd26,89a45d9c97956e4055d7963a8cd6d81d,delivered,2018-01-11 14:46:52,2018-01-12 14:48:13,2018-01-15 17:18:08,2018-01-24 16:10:36,2018-02-05,cac15a954caa4321d394c1c5fd01cb56,2018-01-11
dca9c66e66baef1acdb9d05297bf59e3,5db7ba0d9c75f6e67a904e1419cfc183,delivered,2017-07-18 19:24:03,2017-07-18 19:43:14,2017-07-20 15:27:38,2017-08-01 11:07:29,2017-08-14,88b670aaf0c05a361c8566237a9278bf,2017-07-18
08688e50bd932bdbd480bb25e55c70de,607157d84f812059eef282a0468bef85,delivered,2017-11-09 22:27:49,2017-11-09 22:46:40,2017-11-16 18:51:25,2017-11-23 18:49:31,2017-12-01,ac7dae85c4761570835de5d55d5fec7b,2017-11-09
f8765f3bdecd553e63bbc4de833ff8b6,4e2e3f18675718bb133c6de3369677c6,delivered,2018-05-23 08:20:07,2018-05-23 08:39:19,2018-05-25 14:24:00,2018-06-05 21:17:36,2018-06-12,0bee4ef1025816711bd8c531720da011,2018-05-23
10dcadee7d291d6dd245b3f85b11fa65,87561e05b144fcf7c4c3d641bd57a479,delivered,2018-05-09 08:55:26,2018-05-09 09:10:50,2018-05-09 13:49:00,2018-05-12 18:04:37,2018-05-24,2e45f10be210d348fe972e5150f18ee3,2018-05-09
efd0f1ade75c87d48efc34e01b3c0f4f,0f346a2cc84ebb2d52f0759d0acfd030,delivered,2018-01-19 10:31:35,2018-01-19 10:55:34,2018-01-22 21:35:12,2018-01-27 14:41:19,2018-02-15,6117c9ef3251089693a6abb90c195eba,2018-01-19
2b412aeedb11e28a767792c75ae47a1f,e0e5bac5bb3c53c8d9a91aa09b3edbef,delivered,2018-08-15 22:37:30,2018-08-15 22:50:11,2018-08-16 14:52:00,2018-08-21 14:32:57,2018-08-28,3bde82b4ad6c7f8eb68eb036e0258e85,2018-08-15
3671c63de5b229f79f8ada4644a3d995,ed06bdbc21c55e3174bb8aae5e36366e,delivered,2018-02-20 13:08:44,2018-02-20 13:27:54,2018-02-21 23:38:01,2018-02-24 17:28:53,2018-03-06,5533503420b3db94f2ed0571b986edcf,2018-02-20
972d0ed6eecb690d07910ee2dbaccb19,9f1174fee9ddc446660a9131d5c23923,delivered,2018-02-23 11:15:00,2018-02-23 11:31:04,2018-03-01 18:23:41,2018-03-02 19:08:24,2018-03-09,121d81c074edf74f0338b8688c1e8f6f,2018-02-23
68f47f50f04c4cb6774570cfde3a9aa7,0378e1381c730d4504ebc07d23b5bda1,delivered,2017-04-16 14:56:13,2017-04-16 15:05:14,2017-04-17 10:44:19,2017-05-16 09:07:47,2017-05-18,39fd40b7766d6d39bdcc6276541a26a2,2017-04-16
2b0e07b3ff6d3a2db9405022edc865c2,a43a79dd4f99afae882ef0a2e89bc14e,delivered,2018-01-18 15:08:15,2018-01-19 14:59:24,2018-01-23 01:21:51,2018-01-31 14:19:10,2018-02-14,ba06852aa0cfbaf3e534272d2be15a96,2018-01-18
1c2fa2bcaa76535eee600e20477b4abf,31919db7a3e7bc8583e81e098f9ba3ab,delivered,2018-04-18 22:32:12,2018-04-18 22:50:42,2018-04-19 17:06:56,2018-04-26 00:56:54,2018-05-18,1f097d54a793705323ec9d614bc7ca20,2018-04-18
d31a9548ec43f1d8973413419706be40,90399069cc6b8c165d4ae2da3343e6dd,delivered,2018-01-15 12:19:51,2018-01-15 12:28:21,2018-01-17 18:33:00,2018-01-22 16:52:21,2018-02-08,0d4fa1cd351c8ce220ecfa05cf39b689,2018-01-15
a3c1394b2224879f15740f0ad33dcd57,02494bca3ed33bad80e43ba0fde023d8,delivered,2018-05-31 22:25:20,2018-06-05 04:35:12,2018-06-05 15:40:00,2018-06-06 16:02:29,2018-06-19,bec53458d5c4015a972c2cebaab5586d,2018-05-31
7e725a02a94edf1bb07180293cbb29d9,9d1e06b0ab7ef29fa0e9cea88bdc7eeb,delivered,2018-03-04 15:01:18,2018-03-04 15:10:30,2018-03-08 09:32:08,2018-03-16 11:18:49,2018-03-21,cbe71e4cb0b82b97bbec5cd51e0fa3ea,2018-03-04
4f2acff0b7d2bcc4a408abe5a223d407,d67b6cca5a87299f711a6961f579fe67,delivered,2017-08-01 16:31:35,2017-08-02 02:50:25,2017-08-03 14:36:34,2017-08-09 19:56:50,2017-08-23,aea90564d6f09ae11bf936f55ed49d72,2017-08-01
6c582a1d03722135e181ae0c4203ef71,34b85936523200df09ab375fb82175aa,delivered,2018-01-04 13:23:57,2018-01-04 13:34:27,2018-01-10 17:22:13,2018-01-18 18:09:50,2018-02-01,409fcb2cab28b569f410d1bfe4918a5e,2018-01-04
977eb5dc580cec4f90911b1ccac0ff3e,8f87340ea014a53bd7d10d0264ef8b52,delivered,2018-01-23 11:46:53,2018-01-23 11:59:26,2018-01-30 21:42:45,2018-02-15 20:06:52,2018-02-19,1cece1ea9d83ffeeeecc8fe45cb6b0a7,2018-01-23
9eafd3f1b3f845e19e6aa8779283d285,ed01b54d3ce6d0440a60e1094c87d7ea,delivered,2018-05-07 16:02:46,2018-05-07 17:31:04,2018-05-08 14:40:00,2018-05-18 17:06:32,2018-05-29,871ab137cd7348e680922eb60897dadd,2018-05-07
71ba7b3f5aca19e723b21de8b67fc3a3,58d9fce5ebd487e6742960be2147af5b,delivered,2018-01-31 22:52:16,2018-01-31 23:10:04,2018-02-01 19:34:34,2018-02-05 20:41:30,2018-02-16,9c34cc0ced21ac538feb7377547b99df,2018-01-31
6f8b0c86311ec8c9e1558eff54965728,5bb2636017269333db235dbff660e595,delivered,2018-06-11 11:13:35,2018-06-12 05:16:00,2018-06-12 14:24:00,2018-06-19 17:10:34,2018-07-16,297671736648f96db5d0fc8a2a1fb30d,2018-06-11
101e824cbbf87e5511fcdb89150363d1,eea014c782415250bdc329e49382557d,delivered,2018-03-06 01:42:29,2018-03-07 02:10:29,2018-03-08 01:09:53,2018-04-09 16:48:41,2018-03-29,923bd12318b8360bc40a6e4887f43fce,2018-03-06
8fcd6f089f547fd8258eb300d6b560da,83ab7b6e3ee453b2e3a11d072e5bca61,delivered,2017-02-15 13:44:50,2017-02-15 13:55:21,2017-02-16 13:18:54,2017-02-22 13:50:59,2017-03-16,7446436ab6df28306f77c991bdf136af,2017-02-15
1c8b5a1518e3fa1ce5ad4e40ae664998,41717d975c5bf79364cf4a4c73461ed2,delivered,2018-03-14 10:03:18,2018-03-14 10:15:40,2018-03-14 21:32:25,2018-03-28 18:03:29,2018-03-26,7a26443b49ac5f183b899e0a6efa3d92,2018-03-14
c4bca20f52c2d6a327cdae08b535cced,8def3efb30406813d14603306f520d99,delivered,2017-07-21 09:28:29,2017-07-21 09:43:06,2017-07-26 11:15:54,2017-08-02 19:09:54,2017-08-16,023571745d76e09f8bd5477af28f605e,2017-07-21
87b11e8650942d90851905d1bebae8d1,6c6188669dc1f7300b57fe0fe378d24e,delivered,2017-09-19 07:53:29,2017-09-19 08:05:56,2017-09-20 20:22:21,2017-10-04 18:58:02,2017-10-13,30eb528c7feea10459355021bacdabc4,2017-09-19
98ff4145b11d1c215563ee9ca819f5da,44817a7e295559061d5039eca7fef837,delivered,2018-02-28 16:31:28,2018-02-28 17:41:18,2018-03-06 19:22:05,2018-03-19 22:57:44,2018-03-19,3293d97e95f69dc0b60f668080f28289,2018-02-28
627117aaaacdcc6f1baf9e5c1c3cd26a,0c5391131aba8ccabf382480bb3bf660,delivered,2017-06-03 13:21:52,2017-06-03 13:35:09,2017-06-05 14:08:05,2017-06-12 13:04:43,2017-07-04,1d345e543fe8f96784e306c0daa4eac0,2017-06-03
42ba12b4f475fa439830ed994ad57b96,120d8152329c73cf1c57b20b55a0d6db,delivered,2017-09-08 12:49:00,2017-09-08 13:04:07,2017-09-11 19:50:00,2017-09-12 16:25:55,2017-09-21,f265ed971e975f6f931da5bb5950f43b,2017-09-08
a5c7e6bac2227411fff0d646ffdef74c,3c9a270080ee810c3d766c0ef3868bd9,delivered,2017-05-31 12:45:31,2017-05-31 13:11:03,2017-06-01 12:53:55,2017-06-12 11:57:59,2017-06-23,597f21c53c7411de4ca56b39542ca715,2017-05-31
31f9d6ac65559c258f1992bd34d10e02,b612bd8d705ec705c7b05c06af456a4f,delivered,2018-01-21 14:16:55,2018-01-22 13:50:56,2018-01-23 17:13:33,2018-01-29 20:21:45,2018-02-20,3782de169bc87c8616a06bb80ef561a7,2018-01-21
cf8c5625d28a00a4d93cb05f30a0eead,865258f69d1c08aefff813050c4d7afc,delivered,2018-01-07 23:43:28,2018-01-07 23:50:23,2018-01-16 21:26:35,2018-02-01 21:33:01,2018-02-14,b094ab5e1bf0e1db3afe0f4cd9676c98,2018-01-07
c887294d29ae18c8f8cdfa478a4a36b2,7a4f8eaebcf61c55ecc1812c83311787,delivered,2018-05-18 15:30:17,2018-05-18 15:55:42,2018-05-18 16:10:00,2018-06-06 19:26:46,2018-06-06,2866c9e957865287f7f4256f0c91c9af,2018-05-18
ec5542a8bc5944e2401ce66b372fcffa,5c3f787f9f65d352f896f5ddec1e4403,delivered,2017-09-21 12:44:36,2017-09-21 12:55:15,2017-09-22 18:32:02,2017-10-10 23:48:03,2017-10-20,399b2910844dab3d844e3d3625e6c2c3,2017-09-21
147e2f8c0ffbecad4e4f91268c28e1ce,d3694e655c88a73ce66c2d05d65de12b,delivered,2017-04-06 14:47:48,2017-04-06 15:03:06,2017-04-07 14:35:39,2017-05-09 10:20:18,2017-05-12,1ef2f8b84b3cba05855545590e365e65,2017-04-06
8d6fb99c2755b4e2d421c15398cb37d1,a09bc5e0bf00f02162fc11c5ba76ae72,delivered,2018-05-04 20:40:19,2018-05-04 20:54:08,2018-05-07 11:18:00,2018-05-28 17:51:53,2018-06-04,dcae8dfbc9b2ab76e457e65a4ae514d9,2018-05-04
35db1acf6c0b27307bb8a083f564257b,bfc72a2484f86769c79f6f01a1a6b061,delivered,2017-06-13 14:52:23,2017-06-15 02:45:24,2017-06-16 14:09:42,2017-06-22 16:18:19,2017-07-06,5a36e1707c1cc4e2fa138a4dca3d9743,2017-06-13
e2a6b0a5726eb784ad4d8281e02ff025,cf7ce922150eda8741cc086fa1ba721b,delivered,2017-06-26 14:49:41,2017-06-27 04:23:12,2017-06-27 13:05:02,2017-06-29 16:57:40,2017-07-11,3d54514627343e42a4e59c88d68df5f9,2017-06-26
d384b1c62ae84499639bcfbb3f9f8116,e310e666970986357165e676910017f7,delivered,2018-04-08 09:21:58,2018-04-08 09:30:21,2018-04-09 17:41:48,2018-04-19 17:06:51,2018-05-03,e6f7a95a474d4f2224834b896c22f66f,2018-04-08
a60c6548ab8ab949bbfce006f7b8a513,afd83d05ef70ea7d5f93796e688ebb0d,delivered,2017-02-10 12:53:44,2017-02-11 02:55:45,2017-02-14 11:11:24,2017-03-03 13:05:52,2017-03-27,923268c8268e5ce378b743c0e91a72ee,2017-02-10
8f5fac100b291e3c7c7c34ca50001b5a,af864470ba760a89366432dd93980806,delivered,2017-11-30 09:01:59,2017-11-30 09:13:27,2017-12-01 00:03:40,2017-12-05 20:38:46,2017-12-20,0b8ed32525608a907c7331b613b5b67e,2017-11-30
e93fe3b7d6cf93d390620d65c8d98e68,dde1f7684ab290fb436ac60f0b33a6a4,delivered,2017-12-18 11:07:27,2017-12-18 12:45:26,2017-12-18 20:42:16,2017-12-23 14:32:20,2018-01-12,0e0f83c35771f4b6e283a6e40bf11085,2017-12-18
4424106c5b68a52e3c47371526b4a264,0fc58fd3e7d793da0de9dadc042c3259,delivered,2018-04-10 19:29:38,2018-04-10 20:30:19,2018-04-13 22:25:20,2018-04-23 18:50:53,2018-05-18,9a51a02b8d385a60eabd5606eea6ea66,2018-04-10
526404bb2c3943e843e39ff556ce5f71,3fff0b30168471f40305903a717a1a17,delivered,2017-12-27 15:34:00,2017-12-27 16:09:58,2018-01-03 17:47:09,2018-01-11 18:15:13,2018-01-30,984f7b9c8ba37c3cc709ec878ae37a3a,2017-12-27
e66cc852b36edb438911a0865e65ed40,a9bbe65645502479db214ff9ea506e25,delivered,2017-04-28 12:23:56,2017-04-28 13:05:29,2017-05-04 16:07:42,2017-06-02 12:48:02,2017-05-24,037417c0d0accba5baba0125c7fe6acb,2017-04-28
b0c9b865f0a55ad23c74dea02e570349,060011f2db60964bc59850b81b148351,delivered,2018-04-19 16:53:53,2018-04-19 17:07:34,2018-04-20 22:08:43,2018-04-26 20:12:16,2018-05-07,de72a0d8f772ae29cb7331b8e4d99efe,2018-04-19
c3f5604968d8dd5686a261e2ff17cb96,7b4bdf82b4991c98ec43c904139f5190,delivered,2018-08-03 10:21:35,2018-08-03 11:00:14,2018-08-06 16:55:00,2018-08-22 16:32:18,2018-09-20,f992353d9fc256ede3bd2e63d90047c2,2018-08-03
2e95196ae337c5a2956c332bb1fc0a7a,2b9b0a1c181f767e11f646be504aa858,delivered,2018-06-26 13:37:09,2018-06-26 13:56:11,2018-06-28 18:08:00,2018-07-04 21:03:39,2018-07-13,e620a3f4451319f481718e291372d925,2018-06-26
5df7dfc7f38c7633632be959cc9bb879,059dfc6c74bcf83ff77081e773ac1631,delivered,2018-03-19 10:53:45,2018-03-19 11:15:22,2018-03-21 21:37:35,2018-03-23 00:34:32,2018-03-29,29dbbd0c3219e686ce393679d69d9d76,2018-03-19
b8ca5c17e73529b3e763b42b5e1ad575,e21140b243e65c32bc3d57f01ee1b30c,delivered,2018-07-24 15:31:22,2018-07-24 15:44:22,2018-07-25 14:49:00,2018-07-27 17:34:29,2018-08-09,644012661ef14548947e747720e4cc7b,2018-07-24
6779326a03f96624c0f23a80b2d4d2e4,2c29a778bcb425a870da78fe671342a3,delivered,2017-11-08 19:32:17,2017-11-08 19:47:11,2017-11-09 17:24:48,2017-11-20 18:03:34,2017-11-28,63e04bc577f584679fb4d0cf588f51d2,2017-11-08
accddd3ce343b9c4a7ad6d49ecc3c3d2,c8ed2b9476c21e4cfffa0dc1cff1d3a9,delivered,2018-08-09 18:31:58,2018-08-11 02:35:26,2018-08-13 15:43:00,2018-08-20 23:45:36,2018-08-16,331b3b4cbbec4a67b2d5544a3ee694b6,2018-08-09
1bb74bdf991ecc937ab8901c6b412a24,f72224709e8bef3430441583b08a2d64,delivered,2018-06-14 17:16:15,2018-06-14 17:39:48,2018-06-15 12:23:00,2018-06-20 20:54:53,2018-07-04,3a04302647aab2b73c7d64aecc4eedfb,2018-06-14
2c885b285dce307562d7f4caae89c6dc,1028ae318a4846d5f21db7dd749f2ee3,unavailable,2017-09-07 07:46:20,2017-09-07 08:03:28,,,2017-09-26,921d58c81068176026975777ae295c05,2017-09-07
3d7ee397cbe71826e767837af0d81c2a,7ece2b3ab3eb5f52ad14de91dafb5c65,delivered,2017-11-27 11:34:56,2017-11-27 11:54:56,2017-11-29 21:07:10,2017-12-27 18:25:02,2017-12-15,ea04dc2bad9665ef9b9791c517601f05,2017-11-27
9dd2846e2fd754eb21361544d11a1d71,94bf85e979a2e6245f0cdf848a859676,delivered,2017-09-05 16:55:15,2017-09-05 17:05:15,2017-09-21 13:34:38,2017-09-26 18:33:46,2017-09-22,2180bd02ac063986fd64e0253e9057a9,2017-09-05
cabba97967d16bac380c32035936467e,2dd070ec536d3e8a9fa57943bfb994cc,delivered,2018-02-16 13:56:07,2018-02-16 14:06:50,2018-02-20 12:04:15,2018-02-27 22:59:23,2018-03-08,fd2cd34b9faabbdc89c4f84c44d6309d,2018-02-16
338fe34bc3c6875bdb7981bfb5a53b26,057db29b6b62733f807c88f2faeb1f39,delivered,2017-12-01 20:33:56,2017-12-01 21:24:04,2017-12-04 16:52:04,2017-12-15 18:48:03,2018-01-03,250b54f7aa491c79f6c93b9b26d26c25,2017-12-01
d84d29e12f989c8237aa0f2a2213168e,d9586db48229578debeab901fc8be467,delivered,2017-06-02 11:57:14,2017-06-03 02:22:39,2017-06-09 10:46:41,2017-06-14 15:17:00,2017-06-28,a536641f7d1a8532351f605f0e266e10,2017-06-02
4b09eff002dc4f137082d6391f5fefda,125d13d4fc24624c5dc40b67c1dbaec5,delivered,2018-06-01 17:03:27,2018-06-01 17:15:15,2018-06-18 13:32:00,2018-06-26 17:46:32,2018-07-19,abeb924c04d1ecc307807424e023f111,2018-06-01
03f948b381187f1aab320e84e7be949e,3d1b213b4f9d6a6aa1cff9e5ae6a9c0d,delivered,2018-01-27 19:40:57,2018-01-30 04:31:15,2018-02-03 00:26:19,2018-02-07 19:19:39,2018-02-14,6d077455bcea33907fe6be3f9fd042ca,2018-01-27
9fe32da158d0f7c1adb336ad3b69839b,3798322b28e44851698f319a8471fe5f,delivered,2018-06-12 16:09:32,2018-06-12 16:51:02,2018-06-14 14:23:00,2018-06-15 21:24:36,2018-06-21,9c00a70e48edaf4e39c7edf70f4d0cf7,2018-06-12
a3780280bea9cf5034c0d8834b206fde,6038a8e8039d115a4ceaccaf98160d07,delivered,2017-12-20 23:56:36,2017-12-21 00:10:46,2017-12-22 20:33:08,2018-01-09 16:44:29,2018-01-18,edab05372ea5f8a8ec1f9b57e1e61a39,2017-12-20
61839bad7238b99a645d22f47028722c,07af2b5f94948733e7e9bf819c3d25ef,unavailable,2017-10-06 20:05:06,2017-10-06 20:25:23,,,2017-10-24,b49fadb05a2ac9f457c37308101d31c2,2017-10-06
bb33713436d6ec837ca0f59cd16955fa,12716f4ea1ffefdc84b026a370d0b7ff,delivered,2017-08-15 10:37:38,2017-08-15 11:04:22,2017-08-15 16:04:02,2017-08-23 16:43:01,2017-09-06,c30f9717b53a69121c3ddd72b1aba32b,2017-08-15
e43ed2b08857c6ddca4d7337c055debc,1c1c50c228d99f7333c9c075557fe448,delivered,2018-03-14 17:02:48,2018-03-14 17:10:43,2018-03-15 20:32:30,2018-03-26 17:22:37,2018-04-04,449f2fa5eabd1ed61c7a8fd3cf1c555f,2018-03-14
0499c7fe87611ea8ba76fc6ddceaad0e,a4cc4219f6af8bca6fa018f03aa054ac,delivered,2018-07-30 11:52:30,2018-07-30 12:05:13,2018-08-07 08:44:00,2018-08-13 19:38:33,2018-08-16,364cd8a1b36e7aeadf24976a3e7a0702,2018-07-30
d522f96f6e68d83b5ee9a2e4fc2432b0,ea7182ed87b1f092cf7724f823308294,delivered,2017-08-13 15:55:21,2017-08-14 16:05:12,2017-08-15 19:02:58,2017-08-16 17:33:36,2017-08-25,dfe2fb1665780e1d165744cb3d078362,2017-08-13
490b4a17364f3c7de5877ba86082139c,04ea46c7546b44f82ec3096ddaa941ca,delivered,2018-07-19 21:16:13,2018-07-21 04:05:11,2018-07-23 13:07:00,2018-07-30 17:48:34,2018-08-09,15dc5cc01e20978570e7b51f5537a0a1,2018-07-19
5ff8bece1ba3adcb585b884358bb9917,5a484fb97bcfd090eb27cf27f23c3f0f,delivered,2018-08-06 20:09:22,2018-08-08 04:45:05,2018-08-13 14:24:00,2018-08-17 00:34:37,2018-08-15,c042b1ba3b0672a54b377a0f883f0ad2,2018-08-06
85728ab380c0bb7e1c0f5f26d1e48cd3,6634a05c21ba8cc1b041d1793dd8100a,delivered,2018-01-08 18:43:10,2018-01-08 18:54:30,2018-01-09 16:18:58,2018-01-18 00:42:28,2018-02-06,941590fb8aef66b3a8352fe7c691879e,2018-01-08
914b6a66a8869f4e544071994451822b,ad12d6feaa37e9500ae0eb825bf9358c,delivered,2017-06-10 19:03:03,2017-06-10 19:15:16,2017-06-13 09:10:15,2017-06-19 19:27:40,2017-07-13,e64ab18890c89066fe47f8abbbf180de,2017-06-10
e4774d4c3b28de27487f1caa9de5a6f5,7820fb76c321c0ad6ffe4eb9fc1e5af6,delivered,2017-01-20 17:23:00,2017-01-24 03:35:24,2017-01-31 16:09:56,2017-02-10 16:34:57,2017-03-02,62e69a7b8e3d109af287f367e3b0f143,2017-01-20
56ed02af90f688d10a65b08ce598bb21,4d1717454686116ca5d1f153ca5baae1,delivered,2018-05-20 22:35:12,2018-05-20 22:58:22,2018-05-22 10:46:00,2018-06-08 20:03:50,2018-06-06,96ee2b9d0694882563bcee854e96ebab,2018-05-20
a8f1f10558180d8aebf3fc5550f853a2,bdaa75489c4822902151a3dce16288cb,delivered,2017-06-19 09:46:15,2017-06-19 10:03:32,2017-06-19 20:52:33,2017-06-30 14:57:53,2017-07-11,2e5ae400191e32155a0ffac69b1814dd,2017-06-19
bd5cbf5e78a2aaafc9f6315090775f69,7ac29e52c40d54abea07c4ed255895c6,delivered,2017-10-04 14:04:56,2017-10-05 14:14:33,2017-10-11 15:44:56,2017-10-17 16:36:34,2017-10-27,9c26117062d624d8e80a5fa19067114c,2017-10-04
44979e484e687b4245460b7b784d9060,36fbdf474dbc8289005a4112091225ab,delivered,2018-05-09 11:56:23,2018-05-09 12:15:17,2018-05-09 15:28:00,2018-05-15 21:26:35,2018-06-04,2fed10c7ff4a9eb7bcdfa9c0ec08a181,2018-05-09
fd566cfe4efd75cdc3ac93a0e1010248,92fd2dbb19fd39ea00de6be68a726ea9,delivered,2018-08-02 12:05:26,2018-08-04 04:10:41,2018-08-06 14:34:00,2018-08-09 18:36:39,2018-08-14,1b5f9e9a593f59e9b716b6994ab2e197,2018-08-02
92ad41ab284aef4e8500e91e427ba943,b0d8ffc1f570fed9489662b5a0378bd9,delivered,2017-04-21 14:22:09,2017-04-25 08:25:14,2017-05-09 10:23:17,2017-05-15 14:04:45,2017-05-29,50353cb3dff3aa5646fabd41e30572da,2017-04-21
ca8fa06463178aadc41f6b9422647f50,dd69dd5948a82041fef994c31cecd78d,delivered,2018-04-19 16:55:56,2018-04-19 17:10:21,2018-04-23 21:21:56,2018-05-02 22:07:00,2018-05-28,c7bae64c6670682dc01fe9295ce22563,2018-04-19
3f41f3048b0987af5338a7f006741d2a,bb4f1c5265a284f27dd8e6568369eb96,delivered,2017-10-07 11:13:27,2017-10-07 11:28:22,2017-10-13 16:38:08,2017-10-16 21:56:39,2017-10-25,f9ad851d41663b128a5700f2df35a02a,2017-10-07
3830e6067665c6a4bf2cc393fae31996,7491318eb8eb374b87259c25a9b2e024,delivered,2017-03-27 13:14:39,2017-03-27 13:25:10,2017-03-28 11:07:07,2017-04-04 13:08:26,2017-04-28,14f2758c01992262f89f088cf789fa10,2017-03-27
a81957953164f65e49dd6af3972b9db5,607cac3b738f3e37909b517901df2e85,shipped,2018-05-31 12:58:38,2018-06-03 11:30:34,2018-06-04 14:55:00,,2018-07-23,337f122abb707c6c693b474038ac8d98,2018-05-31
a45d988c5f5764f548ae6fa14a8ee773,399cc941c7a8a325c3c3bd68f9aeeee9,delivered,2017-10-26 08:50:37,2017-10-26 09:07:43,2017-11-08 22:56:48,2017-12-01 19:24:39,2017-11-28,32cb21bc086b7b1b26c8d8a6cf2d35c5,2017-10-26
f31b8a3ba0d40cba425c9bd89c69a3e7,1f50abd4b365778f654d8ef95952c1b7,delivered,2018-02-28 00:38:04,2018-02-28 00:50:23,2018-03-06 18:11:45,2018-03-07 20:19:16,2018-03-22,017eb8439a0ca7dcfc228f933bd204d8,2018-02-28
8275a8137ae9dfb14ecb5307ea797413,d3c1d56a51432da29ad51ae084d90275,delivered,2018-06-03 02:11:33,2018-06-03 02:32:09,2018-06-04 11:06:00,2018-06-11 20:41:46,2018-07-27,56f358d01cf9b656a37e1db99e0af45b,2018-06-03
7a4df5d8cff4090e541401a20a22bb80,725e9c75605414b21fd8c8d5a1c2f1d6,created,2017-11-25 11:10:33,,,,2017-12-12,355862aa14375fe3950ee04fef9c7a53,2017-11-25
312f43273284b7ab987d5bc4d880d5ef,dcfcc8796b47089b9fb9d73e06011085,delivered,2018-07-03 20:17:22,2018-07-05 16:27:45,2018-07-04 13:01:00,2018-07-09 15:40:50,2018-07-27,9808ee5ebb65190e6144a2df4c5b57fb,2018-07-03
dd1195b0c8bec457f3682d13dae7ac55,7303cd164266e5bbf1368b21cd4e79ed,delivered,2017-03-16 22:44:23,2017-03-16 22:44:23,2017-03-20 11:53:45,2017-03-25 10:53:45,2017-04-04,d5f6453acaaa1eecf1e0d27a10ecb604,2017-03-16
da9e49f2e3064ed64f05c5f9e32ec773,5f932996c6408714b55c073f7fd7fb69,delivered,2018-01-28 20:46:50,2018-01-28 20:56:19,2018-02-02 00:43:07,2018-02-05 17:43:12,2018-02-14,02c2adcfacd7ead855d2497e0d8eecae,2018-01-28
0dbd8f8a36f6705bcd98717af943018b,2490d3258154e0aa83eeb1f3bc76a75a,delivered,2018-06-07 14:12:18,2018-06-07 14:37:39,2018-06-11 11:38:00,2018-06-16 00:05:50,2018-07-13,fc083a8b0f1f856ca53a16bf39d52d54,2018-06-07
1a076ebf5225e2c21de6fad7c324ddec,8b9da83aab7e0dd9a053a6c11aead43a,delivered,2017-03-08 19:20:28,2017-03-08 19:20:28,2017-03-14 09:04:13,2017-03-23 18:06:19,2017-04-10,e98d0dfdf6fbd7719f1f6e7439316ece,2017-03-08
3307fa374be3286d440dcd94dd5d2831,1a709e5cee4949834d57464dd9c13d22,delivered,2018-07-24 21:26:25,2018-07-24 21:44:18,2018-07-26 14:56:00,2018-07-30 17:58:45,2018-08-13,ead0a833638c439845fe1738f249f80e,2018-07-24
f027a72924b60764c1856fdd63de5316,01570eff130cb5aeca5e6ddc6c14a6ae,delivered,2017-10-05 14:37:27,2017-10-05 14:50:27,2017-10-11 20:37:41,2017-10-18 20:54:51,2017-10-31,bdf598132b2804c8fa2d548155059d0a,2017-10-05
3fc0323af515c9e4dba71c703ac3d011,97fac1c82c1a0f35c27b46a09e820c9b,delivered,2018-03-11 16:43:50,2018-03-11 18:40:39,2018-03-15 23:22:38,2018-03-20 22:59:35,2018-04-10,b4678349955509802809738a08ce2454,2018-03-11
7416fee595e25348b79a5d82a55c725d,4ff01dfee89511e08ce1605b08142cb8,delivered,2018-03-19 11:43:13,2018-03-19 11:55:32,2018-03-21 19:16:35,2018-03-31 21:08:41,2018-03-29,57e94a1301e8af8e7c6f26165191c9d6,2018-03-19
818d0c9b3531cc8ccfbaf8c6efb8f17f,9affa06fd4ae5b70c4d18dc57affa932,delivered,2018-03-22 12:34:19,2018-03-22 12:49:45,2018-03-23 18:28:46,2018-04-04 20:42:12,2018-04-10,975144cec760be06b41fa74f09952278,2018-03-22
56dc0181ea630588eb17a1449955f57e,ec2e3f8a0268274734de9673e6915dd8,delivered,2018-04-23 21:49:08,2018-04-24 18:38:55,2018-04-24 20:36:27,2018-04-25 21:17:58,2018-05-10,3967fabdddaea808d8496eb6aedc55f3,2018-04-23
ffc22f2404e3490516c9a03e88da4507,127464f7c2d53e47eb1c8b0566b7e78f,delivered,2017-11-05 23:33:03,2017-11-05 23:47:11,2017-11-07 22:23:54,2017-11-16 21:25:51,2017-11-28,f7a9e1dae3c51a82111886d637af688d,2017-11-05
844ec50f4de4b51c2905edc92cfff82d,c231d1c8dfe0c0c263f5276e21a21545,delivered,2017-11-24 08:39:30,2017-11-25 04:30:55,2017-11-27 20:36:32,2017-11-28 23:41:34,2017-12-08,53a060ac09d8a2133c6787822e77e878,2017-11-24
638c9cf27361e5d5ebfd404b72248390,f0a8aa77e0c61d91b2021d1d63b60e42,processing,2017-03-14 22:01:28,2017-03-14 22:01:28,,,2017-04-26,4d711b60741b6c36db7baf401dc8e6b8,2017-03-14
ed2ea4498bcd56d90d461a23fa47ac56,b629604bb4374da78155fb48fcc1ec4f,delivered,2017-01-14 23:05:01,2017-01-14 23:15:16,2017-01-17 05:18:01,2017-01-24 13:47:47,2017-02-24,b0bc6de4a99007470bbdbbf5cc502ea9,2017-01-14
9ac0defdd7d48e7dd9ed02a4e3e8a15f,1a7b99cbc426a387112f667359019065,delivered,2018-02-11 11:07:50,2018-02-11 11:28:02,2018-02-14 23:04:02,2018-02-23 21:28:34,2018-03-07,ca08650e9bb7f71df39472e1c25e8d7e,2018-02-11
78532828d00531b29b635848828001f9,a32c679c1442b98bedec979ba6015019,delivered,2017-07-20 08:41:22,2017-07-21 02:45:12,2017-07-21 22:25:26,2017-07-26 21:10:40,2017-08-31,256c50d7f5553a7b3fff796fed6e39f3,2017-07-20
49e9e78cdbec6c106e1958234d752ce4,7dc77ed10077ef0779bba656c78da6fb,delivered,2017-11-06 08:39:05,2017-11-07 07:30:29,2017-11-07 17:22:59,2017-11-20 21:13:56,2017-11-29,3a2dd9ed30322ef11af9f31f8bbd498c,2017-11-06
256cb711364e60ad3e99bbf41a2d9136,509e723dd04aa1761c7f556969405962,delivered,2017-10-10 19:40:11,2017-10-10 19:49:45,2017-10-11 19:58:33,2017-10-13 23:54:02,2017-10-23,148d715355e70b592118ab49b8684536,2017-10-10
c02325767e982cf63ab102120dba687a,085c37e1bd86e91893d40d211fae62b4,delivered,2018-07-14 00:41:01,2018-07-17 04:31:59,2018-07-20 13:07:00,2018-07-23 13:58:56,2018-07-26,6fc3b7f341d4c689abe68b8c0d435ce4,2018-07-14
306d73cb716b08d3525396fb16493d3a,02419e623129afb04b8cc41e737d2702,delivered,2017-09-11 22:32:54,2017-09-13 12:44:26,2017-09-15 21:49:52,2017-09-20 21:33:20,2017-10-02,7de4996fa8526928dbac71c4df1e8727,2017-09-11
0449fc8e83f3042e2e415a2bc3f2a424,e21d7ebfedc67c1a6678e37c53a78a4d,delivered,2018-04-20 08:36:13,2018-04-20 08:52:48,2018-04-20 18:52:41,2018-04-27 16:38:37,2018-05-18,4b3693c5e5a7965cc854260a30ce0231,2018-04-20
6868b1111e9eb1b40b43c971fcc28847,5c969134db33ccdbb2cc977afd380333,delivered,2018-03-20 10:48:19,2018-03-20 11:08:08,2018-03-21 20:08:40,2018-03-29 23:20:55,2018-04-12,35965fec04ab010f508e7b1a475a07d3,2018-03-20
1a302b3c311d6fd772e886b742c24304,c23a847f6ffc7605f0ef67911fb58908,delivered,2018-05-19 15:19:13,2018-05-19 15:39:23,2018-05-21 15:56:00,2018-05-23 19:24:33,2018-06-04,a0099ae4aedb343539162eeb0d23920f,2018-05-19
8081c44895cefcfebc13faec5c9ed8bf,1979060e7ea60e0c50f47b27e581cdee,delivered,2018-07-10 22:18:36,2018-07-10 22:30:15,2018-07-26 11:05:00,2018-08-01 21:58:43,2018-08-10,019fcfdd0b0ec239cc2b536428064c47,2018-07-10
a76ada6fa5bcfc4b6225ec88c219ab99,23227f94be082fdbf86795983cd4ff4f,delivered,2017-03-15 20:14:39,2017-03-15 20:14:39,2017-03-21 15:07:13,2017-03-27 20:03:48,2017-04-03,a739e18da2ae060751cb8cff6313d729,2017-03-15
5e4460100810dd86bd828963e7719858,82468c6a47f107fa5133cdd0a2ea6421,delivered,2018-08-08 08:40:03,2018-08-08 08:55:22,2018-08-08 16:04:00,2018-08-15 21:51:32,2018-09-12,25d2851d2a412e0dae38b1b720ff9f5b,2018-08-08
93acdf7d3ef9f5c049ab02e97d1c6158,f3a656086677996ac82031c6091ffac3,delivered,2018-03-29 15:22:24,2018-03-30 03:15:41,2018-04-04 20:38:41,2018-04-09 18:46:21,2018-04-11,0f6eccf6038c19979ef7336561d15bbf,2018-03-29
26691e37091554c74df671ce610ead4c,7077cffa9bdf93c44da47143517b6a7b,delivered,2017-11-24 21:07:00,2017-11-24 23:57:31,2017-11-30 00:18:55,2017-12-11 20:07:12,2017-12-20,04b718d93b254329e7dbdbe026e85301,2017-11-24
4e1f85dd4d12e685a7cc827f2341e25c,e65b1829e83ccd4edf454c68d6b87e65,delivered,2017-12-04 09:42:14,2017-12-05 11:29:57,2017-12-06 23:15:02,2017-12-20 12:18:33,2017-12-28,64fff06f4c29a9b360c914d96e605c44,2017-12-04
e3abb4266cbf84e7c3d00542a488cd32,1f7e7fa28a617d2b62a0fc184185f7ba,delivered,2018-05-04 14:36:14,2018-05-04 14:53:28,2018-05-07 12:08:00,2018-05-14 23:28:32,2018-05-24,ff18e380a317451b155701b57a8f57fd,2018-05-04
a5aa5239c6020daa6c90c0a34b0fb2ad,02fd0cffae342f16aefcc95f2cc8a77b,delivered,2018-01-13 21:11:31,2018-01-13 21:19:29,2018-01-15 17:13:01,2018-01-20 00:33:28,2018-02-15,3d99c2d51c16a9c900b74ba30301ecdc,2018-01-13
037f4f91c8f5cd2a6ddd52a63d97fdcc,b5dbaddb7666f875d9a348cb0584823e,delivered,2018-07-18 21:08:44,2018-07-18 21:15:21,2018-07-19 10:06:00,2018-07-23 11:41:56,2018-08-01,0f9f321be72b164e312f125825e9aa44,2018-07-18
f6879e8e12a44ceb4c422c23489a029d,6e303c5ef1cde172b564c70285f61214,delivered,2018-07-15 12:29:16,2018-07-15 12:45:13,2018-07-16 16:42:00,2018-07-20 22:48:37,2018-08-09,f9587d91abceb88cb43a144b5123188f,2018-07-15
66480b6a7d8c4b5debd250de643ac7ed,9aba87c74f5eed0b71841c56eebdab17,delivered,2017-10-24 15:50:55,2017-10-25 02:26:13,2017-10-25 21:35:31,2017-10-31 15:24:01,2017-11-10,fae89dc82c335fb681c6e5a0cd8c9f0d,2017-10-24
ba70922d044f56d4b4cce2010e3f4cd6,1a38585b7f867f8bb2823aef378b9445,delivered,2017-06-02 14:02:21,2017-06-02 14:10:15,2017-06-20 12:50:23,2017-06-26 17:27:46,2017-07-04,128a9d75541b03c7d96cd99f68d6bc9e,2017-06-02
501ce7b81b23f0c4009057c589c08023,3cdeef44eb1b45d1eafd4b86dd787c1d,delivered,2018-07-27 09:48:19,2018-07-28 09:45:11,2018-07-30 15:07:00,2018-08-06 21:08:42,2018-08-21,551cb9a6b9db0bd6a96672e542ec83d3,2018-07-27
f16aa03fddf358ebc2203c03a5ba1d48,7ceadfd26cb54dc65928c90a81f0fce7,delivered,2018-07-17 00:04:20,2018-07-17 20:10:14,2018-07-18 11:29:00,2018-08-02 12:03:12,2018-08-07,dbeae02e52dfaffe3cc36d0e63d11812,2018-07-17
8da267ea6fadbb945e33ffb911885e23,6a37a9c7d62108c3bbd5397b3b0ccd57,delivered,2018-04-07 15:07:13,2018-04-07 15:28:17,2018-04-12 01:02:33,2018-04-17 23:08:30,2018-05-03,ea10c984e50edffb58668706bd0bbfc2,2018-04-07
bc6b924030f353c5ea9a83bdde14f994,d36575c3934612662f680eb0563da979,delivered,2017-10-02 10:51:36,2017-10-04 07:43:48,2017-10-05 19:09:00,2017-10-10 19:45:33,2017-10-24,7995fe720536df533c4796276fd54b11,2017-10-02
1e189a60261c3efb60bdace6d37ac223,d682fa04ab665d8f7d4ede5b8d1dbebb,delivered,2017-11-17 10:22:00,2017-11-17 10:51:04,2017-11-28 17:02:56,2018-01-23 19:06:57,2017-12-14,02620ba8f4c9b8583a78fbabcbf155cc,2017-11-17
41056c68216a5174be6c39a7b4d596c2,f2c995877a18094f7db6037da3d927f1,delivered,2018-04-02 14:44:19,2018-04-02 15:11:19,2018-04-04 02:41:02,2018-05-08 20:12:08,2018-04-25,cb1e6596c84490a7dd4fc031e951b244,2018-04-02
597310d5c3dc11229fe9221f13489cab,c4357c0fbb69c53822f3690047baa057,delivered,2018-07-31 15:50:04,2018-08-01 03:31:38,2018-08-01 15:07:00,2018-08-14 21:42:03,2018-08-23,397cc6f362ce814681a6d95e3b9cde2c,2018-07-31
79b49127db2c9bc718a161183671505c,46210ff74e2784d4d386742c4a72513a,delivered,2018-05-25 18:57:19,2018-05-25 19:12:43,2018-06-05 14:33:00,2018-06-06 22:12:16,2018-06-19,735b149aec91b1024480fdc9e2c7a5ac,2018-05-25
7621d265cbcc87d4845818b256ac193e,c88e6265903acbcc184a0d99abe6b987,delivered,2018-06-03 12:00:29,2018-06-03 12:15:18,2018-06-04 14:18:00,2018-06-12 20:58:33,2018-07-24,ddb53c4b0d47088ef6c2a1cb3495f0c4,2018-06-03
7244309fd0802a48b22151820d256ce8,6e083fd989298b1f0d7d3d3d4a3c187a,delivered,2018-03-14 14:24:46,2018-03-14 14:35:31,2018-03-15 18:12:18,2018-04-03 23:42:03,2018-05-02,b9185e5e8958ab01b37e950844592809,2018-03-14
d9f8dfc775170aba5d24809cc2c04058,75914cacf6734f099858d9878c05aecb,delivered,2018-03-30 20:45:52,2018-03-30 20:55:38,2018-04-03 01:03:30,2018-04-06 20:05:41,2018-04-18,10384cd4834060c067f54572a085ac8c,2018-03-30
0eeaf3619d35e90b2430da57d351dd01,47582d9527dd8483589057d536cab7ae,delivered,2018-06-07 20:40:40,2018-06-07 21:35:54,2018-06-08 14:40:00,2018-06-15 20:02:46,2018-07-05,f2c9a3b4074511469c4949382741fe12,2018-06-07
d089955a4f09c3d031b4a8b99017417c,1e69e7df48c7b57590cd5f3877728f54,delivered,2017-12-29 10:15:25,2017-12-29 10:26:46,2017-12-29 18:06:05,2018-01-08 15:26:47,2018-02-01,0cb6cace3955a479dede0a316447dd91,2017-12-29
2f36e982eab2df4e0ca5890a0228907d,83289a74d3711814647a80118096beb4,delivered,2017-08-07 10:46:09,2017-08-07 12:00:10,2017-08-11 17:27:43,2017-08-16 17:48:45,2017-09-05,9bb5c41c4e6618bcbafd37801b41e2eb,2017-08-07
c535905a60628bab8a2b2a69375180ed,14306fe307e348f15f633d6ff1670e18,delivered,2018-05-21 14:49:13,2018-05-21 16:15:14,2018-05-23 13:32:00,2018-06-06 16:28:24,2018-06-07,0bc40717d757d91aa1426779bccceb26,2018-05-21
4f1e72c86c397722120a1cb409714f5e,908a1fbd0e1813bdb1fb722093e72207,delivered,2018-06-28 17:01:42,2018-06-28 17:15:13,2018-06-29 13:47:00,2018-07-03 20:54:54,2018-07-25,a931e9c8a672ff5527de39785fa58673,2018-06-28
a8846701b9f3e21e64c9062ed3f4dfd7,814d58f5b1b9829ab9a1d690b13dba62,delivered,2016-10-07 11:33:35,2016-10-07 12:15:23,2016-10-11 12:15:24,2016-10-14 12:15:24,2016-12-05,4dab471599dbcca61ac7f57baf6537c5,2016-10-07
2a501110090ab23e63d72ff45712c849,2bbcf5af36dc7f58511d502ae23af9c4,delivered,2018-03-29 18:08:38,2018-03-29 18:29:24,2018-04-04 13:58:54,2018-04-05 23:46:45,2018-04-11,4b4abd192b7b9efadbac17e545075e93,2018-03-29
1be0f117edf1db44a3d8349c0a0d2b5c,4f75e31b1c3977689e9fa85f8a7b3b05,delivered,2017-11-23 23:15:48,2017-11-23 23:28:44,2017-11-24 21:38:49,2017-12-14 21:56:57,2017-12-22,96c54a8cc8281eb974434459804c2ea5,2017-11-23
e2e7fc3ae21156fa90a10b87e7d37eec,3786c09f9f30967a33c43cf987fff1e0,delivered,2018-01-12 00:35:43,2018-01-12 00:47:56,2018-01-13 01:19:31,2018-01-19 15:48:59,2018-02-07,75bf18850557594bbdb54271b5612310,2018-01-12
01b94d6940365deb1eedb643ba43114a,53d7168d4cbc0acd88e9d17e2e18b47a,delivered,2017-11-08 16:06:33,2017-11-09 04:31:11,2017-11-09 20:54:55,2017-11-17 23:16:32,2017-11-29,587ddeb2fbb61cb3659ae90a54003cd9,2017-11-08
3a0ae60d56c22367fb5e1f77bd8232e8,544362f07f5347cb4a674eb6aeeba355,delivered,2018-07-31 12:04:23,2018-07-31 12:44:21,2018-08-01 15:08:00,2018-08-10 18:53:27,2018-08-16,b1318a7504d156ed676d807516f427d2,2018-07-31
537ab73bb1215513e99d2c7aba6ca5e9,b6ec4158528968d808b7af43a3ea1aa9,delivered,2018-04-24 20:09:54,2018-04-24 20:33:36,2018-04-25 14:23:00,2018-04-30 23:11:18,2018-05-15,27ab8d21d902c587adec661570317db2,2018-04-24
58be29292eff76e98cd5063f83ed7c51,202959f85e9ce675cdd5867d0babb876,delivered,2017-12-06 16:51:52,2017-12-07 03:11:15,2017-12-15 16:49:53,2018-01-09 20:38:09,2018-01-09,c400ca69892767c778ae4a1364e06672,2017-12-06
a23316a0b0209f50c13935e4848e6b68,9ed949e2c8a4babd308ecb886f58dae2,delivered,2018-04-22 12:30:43,2018-04-24 17:47:28,2018-04-23 19:28:50,2018-04-24 19:47:43,2018-05-07,984f54c98f761d6af37e70305a09044a,2018-04-22
a89be75924730a39d29149cc159514e1,190e688d1f5aae2e04a68016c3671b25,delivered,2018-07-23 16:41:12,2018-07-24 08:31:38,2018-07-24 16:02:00,2018-08-02 01:43:04,2018-08-16,8774ebcc57a20931b0e318d4d4396f58,2018-07-23
55314fbf301db20ce06d233511d4fdbd,bdd1272c1c37b3cce03f2c69d68448b0,delivered,2017-04-08 18:01:28,2017-04-08 18:10:18,2017-04-10 11:18:16,2017-04-22 09:47:12,2017-05-02,7590ece88ff4a66a8f5d78d9b6f3847c,2017-04-08
d688c0804e20281bdd7c7c864fe300fb,033f5ddbb536a477e81abd786f23f452,canceled,2018-05-22 20:31:58,2018-05-22 20:56:48,,,2018-06-06,77990aebc36116f217b324ac96d6ad10,2018-05-22
ab5f88ecd8bbfe5386a0b5687ee8beba,42c0680560a944fda8f8410597dc76a9,delivered,2017-06-24 14:53:11,2017-06-24 15:25:28,2017-06-27 15:42:53,2017-06-28 14:34:08,2017-07-07,7b04a6bcade4f93bedf6ff26fcbe39fd,2017-06-24
935221d155b676b347464a2f7aef9513,97018212070d126828cf1e84045b1e5a,delivered,2018-07-14 14:32:44,2018-07-14 14:45:13,2018-07-17 14:06:00,2018-07-23 17:43:31,2018-08-08,978fc0eb08dc38b7366e9457330deb2b,2018-07-14
d8d5cc8b2d42cce90b7ea35e5691a7b1,ae0709e51a6229f894ccafc894ea4cfe,delivered,2017-11-25 00:23:14,2017-11-25 02:33:01,2017-11-28 03:04:55,2017-11-29 20:17:02,2017-12-13,ee43ef2ae96c506b7e1949660d6a1d87,2017-11-25
a8096d0b94faa1314dbd562efc6a0967,45ead47bd4ee6bb5b5108506c44a4a7a,shipped,2018-01-18 04:37:44,2018-01-18 04:52:09,2018-01-18 16:49:00,,2018-02-22,12c4c68f9af94cf0051ae7068211aa98,2018-01-18
001862358bf858722e1e2ae000cfed8b,2cf869dd40c98f29686f636d83545cce,delivered,2018-02-06 19:11:57,2018-02-07 19:10:37,2018-02-08 17:44:13,2018-02-15 22:57:01,2018-03-02,eb2568a7ba9b2ca9bf1f818a8dea82ce,2018-02-06
f0ac9fdc189bce470ca4268f7dbb9037,69d7c0b90b4b01fae962b59e7d9bd2d1,delivered,2018-08-23 13:38:17,2018-08-23 13:50:16,2018-08-24 13:05:00,2018-08-29 23:12:07,2018-09-11,ed146be95fe60d3038e6dc86c8ce27eb,2018-08-23
f9270cd5daeb42a656ce750937664ae7,de9dc7ecfddbfb83a2f0c9b115e6ca14,delivered,2018-05-17 16:40:16,2018-05-19 03:13:03,2018-05-22 11:34:00,2018-05-23 20:26:34,2018-05-25,a4f49fedb5cc74d4d81724e84fd9ac03,2018-05-17
193c6e3830b91df8472db1d2cdd6a876,255bf08de2fcbaac909f720dea5f427a,delivered,2017-07-24 17:27:59,2017-07-27 10:25:24,2017-07-28 18:38:03,2017-08-02 18:09:31,2017-08-18,d460303005eb560b9053d48589bcf79d,2017-07-24
883781be689361196e762b3dbeed6cce,fc64d36cb6c7a53dff087efa3651d2ef,delivered,2017-07-18 19:13:21,2017-07-18 19:25:14,2017-07-20 20:19:41,2017-07-27 21:10:45,2017-08-09,b137ce1f077eee065753b578e9e27904,2017-07-18
98576d430a6b6a1f2354a144cacc5940,bbadb481c7afa7f5d4e726e788aed89b,delivered,2017-08-05 07:21:56,2017-08-05 07:35:10,2017-08-07 18:33:56,2017-08-25 21:22:08,2017-09-06,63db1f821ec063ba87e31ed9a143917e,2017-08-05
3879246672dcc4cf13a523fcd4354e32,355767124591b6224d962485bd1fa883,delivered,2018-08-22 18:13:04,2018-08-22 18:25:11,2018-08-23 15:27:00,2018-08-24 15:08:39,2018-08-29,cd3fbd4a3cda325fe5aabf4b66cc4998,2018-08-22
d559ca25e0953705de5c369c8bdebc48,b37c31e2ae4a6cec098a2e0f5ffa71ad,delivered,2018-07-05 16:20:54,2018-07-06 16:30:56,2018-07-09 15:25:00,2018-07-13 22:56:39,2018-07-30,6c4490372f89eab34503319580def2ee,2018-07-05
1f061ee76d5c329ef464f0dbacd60173,674db4844d0722cfcd381ba363b3541f,delivered,2017-07-14 11:17:12,2017-07-14 11:30:25,2017-07-17 22:45:46,2017-07-25 22:37:58,2017-08-07,6bb95ec4293b3c03283e8b8bdde73cdc,2017-07-14
97f477568d1e8f1f8fae71bb70e93ab7,969775c0134490a47f3e5e3737fa1665,delivered,2018-01-15 12:33:55,2018-01-15 12:50:39,2018-01-17 18:47:03,2018-01-19 21:21:39,2018-01-30,6be759e7f605ad6c9254aa205a0acbf3,2018-01-15
8814f631c904625a3d275d23f5e3c45f,cb3681565ea0fad6e0c1f1f9d4bb34f5,delivered,2018-03-28 15:19:43,2018-03-28 15:30:23,2018-03-29 17:19:10,2018-04-24 19:57:09,2018-04-17,4f054c08fec137f4985d1b5d12141764,2018-03-28
aaf164d36ed493530b104e9e76e44af9,9038e96519dbd57f22235e0b79e1099f,delivered,2018-06-24 11:33:49,2018-06-24 11:58:12,2018-06-25 15:09:00,2018-06-26 13:03:20,2018-07-12,80097d5328551b116dd367631841f79b,2018-06-24
8a2629274a548e155cba08215435391a,4db243868d0af189d9944dcc0c9ea93f,delivered,2017-11-02 01:31:44,2017-11-02 01:46:37,2017-11-06 09:14:51,2017-11-10 23:22:14,2017-11-28,944c48a5eb418eebf66fdddd731b387f,2017-11-02
a26383dbdfc796db53fab96b099d15ba,f8dce7decd9d93480756512e175760b4,delivered,2018-02-15 01:32:07,2018-02-15 01:47:27,2018-02-20 18:23:23,2018-02-23 15:25:00,2018-03-07,6211c8be2376d76002f5a68e610700a2,2018-02-15
d7e93c4406d75d381ca84f418c951d9e,b24d2d2ef89757e33c8c994cce3cbb7a,delivered,2018-02-04 23:40:46,2018-02-04 23:55:28,2018-02-06 20:55:33,2018-02-15 15:55:05,2018-03-12,e65a19abd4e4edcb024111af0dd7f048,2018-02-04
ba2a9b68f160ce0f85a13210ce1975b0,d081610250e278e9e49c0f26ed0a0947,delivered,2017-11-15 21:34:59,2017-11-17 04:15:31,2017-11-20 15:48:42,2017-12-05 18:07:48,2017-12-06,1dc495a5de0105699d1ce26a3627b123,2017-11-15
4d1bd19ef9b586e3ffe42f894f2b041e,9958f501effb678f77ec159aaf4feabf,delivered,2018-03-09 13:29:41,2018-03-09 13:48:06,2018-03-12 15:04:44,2018-03-16 18:20:43,2018-03-21,6a00b4e45fd74edde84cd72f8f16c33e,2018-03-09
3305840d006ff4ecbf347e2c1a38d698,9df838ecf2da1f1acab7c808dd93d6ae,delivered,2017-12-12 00:24:39,2017-12-13 02:36:34,2017-12-14 11:44:44,2018-01-20 14:12:38,2018-01-15,74f91d83f0d90cad6bd731402aa7dee0,2017-12-12
1ce0d4e564057882e017216607a2c196,69348267a5b2868e605dcfb793aac39a,delivered,2017-11-24 16:12:44,2017-11-25 05:19:21,2017-11-25 15:17:38,2017-12-04 18:23:53,2017-12-27,8b116b6c7a709e52e83ff5d68d4f01fd,2017-11-24
4b9a2fcf7058ab9f5609fc6556941297,5cbe5f384e68197de1f06c4bf7359e71,delivered,2017-03-15 16:43:06,2017-03-15 16:43:06,2017-03-20 15:47:11,2017-03-31 12:38:00,2017-04-07,68bbe97935e12499b4495158e86f46c0,2017-03-15
08d4e83325f02f000d2ba37961c0b8b3,7cd6c60621b276093ac75abd0bfcfe72,delivered,2018-06-18 15:57:14,2018-06-19 16:01:39,2018-06-20 14:24:00,2018-06-25 14:18:54,2018-07-11,29e3147b17a5d1433ebdf21942b3806e,2018-06-18
478c9895d19d08bb6ab056f97395671a,2b51b026f8944d9089c5b26073f26d86,delivered,2018-02-28 18:17:06,2018-02-28 18:27:52,2018-03-01 19:54:19,2018-03-12 23:11:01,2018-03-28,e06744fd3a4685b7909f03ec1ca5212f,2018-02-28
037556f936da90c5f9504956ff286860,4dd66b17e6ebfe130ef40705bb44a1c2,delivered,2017-05-02 12:02:54,2017-05-03 12:10:24,2017-05-09 17:03:20,2017-05-12 13:36:56,2017-05-30,29dc4aeff866d6a940c471a3ea4faef0,2017-05-02
9dddf1bd736b9571dbdb39f097768961,1ca831a513db77af32fdb3913acf20bf,delivered,2018-02-02 20:38:11,2018-02-02 20:50:57,2018-02-05 18:21:34,2018-02-07 21:54:39,2018-02-20,40cbd5a0c68beb9778cf511bc134e379,2018-02-02
c262594e0801a04a4946d2f9a16972cd,da967083abbec2737a518bad144f320d,delivered,2017-04-19 17:18:28,2017-04-21 05:10:34,2017-05-11 09:49:52,2017-05-25 06:54:43,2017-05-16,909b29cdbcd4a6de30ac9c1a8abbc179,2017-04-19
ee85f19387464b0c9f70dfb6f5005a18,0e3ff8d8ba3af6a46fdcaf5d884fccb6,delivered,2017-08-14 06:48:13,2017-08-14 07:10:33,2017-08-14 18:07:58,2017-08-16 15:33:00,2017-08-25,95aaa16c1b45878b2bf84bca34869884,2017-08-14
2a0f332fd6b3b477c16619a99313d29c,2596ba7fc52317caa07f81aef3f42911,delivered,2018-07-03 15:56:18,2018-07-05 16:32:59,2018-07-04 14:06:00,2018-07-05 17:31:46,2018-07-16,4799047af25302113a3ab838d2cf028a,2018-07-03
5b8c60dba179499a7eba13bcd9131415,ba649fed4375cbae013a05d52ba39dab,delivered,2017-05-13 19:52:24,2017-05-13 20:02:31,2017-05-15 08:47:59,2017-05-23 13:35:53,2017-06-07,bf48f6947e4c7ba816a0c5bd97f7a7af,2017-05-13
df421353d656af08ee42d32fe894f484,23fcd188754d0d9eab9487ac6ccc99d9,delivered,2018-02-01 11:43:42,2018-02-01 11:55:51,2018-02-02 02:10:08,2018-02-14 17:41:51,2018-03-07,b463aa86422087e97281b2787590fb0d,2018-02-01
6d7f89c34bd6171fd439f8f7c2404460,56408a981d1db807e504e7e021702836,delivered,2017-10-17 22:27:33,2017-10-17 22:50:03,2017-10-18 19:48:47,2017-10-23 15:32:48,2017-11-03,1821bdbb4b7675ceb22ff66ef968d698,2017-10-17
310e89c32f0c576eb9e50723c1c23e19,551f65d9a0bd47db036ed3b52149c3f2,delivered,2018-05-05 18:56:01,2018-05-07 08:55:42,2018-05-08 14:38:00,2018-05-12 16:38:56,2018-05-29,2b058add3301e8d10ad00dc699df6d33,2018-05-05
4a5cf649e3eb500fc079aace5f03583e,128433c9283a98b6eddefd309edc7e00,unavailable,2018-03-05 14:37:40,2018-03-05 14:55:39,,,2018-03-28,4438d2515d9dc45a325a676561584982,2018-03-05
e13c8ddd0d03ac5525c6b54d0442e9a5,0fd965d968903f6f1179bfa430d667ae,delivered,2017-08-29 11:11:36,2017-08-29 11:28:11,2017-09-13 18:53:36,2017-09-18 20:23:52,2017-09-15,f9a71fbff71f4c5a52c8a3fb8e73b2f5,2017-08-29
9b24c8496d87684865617cdb3eff7065,5fc6c91894c2954d8d5a1709e3b501cd,delivered,2017-10-01 20:48:39,2017-10-01 21:07:01,2017-10-02 16:48:06,2017-10-14 13:23:54,2017-10-25,bfca7a9e3e07df51447510ede80822ec,2017-10-01
6005e16820f20784bf25d26f7a60af40,e7203c42cef55542c2c6da43712fad68,delivered,2018-08-02 13:30:59,2018-08-04 04:10:16,2018-08-09 12:18:00,2018-08-10 15:11:46,2018-08-10,b6466605bdc9a94297b12987938db24a,2018-08-02
20a13178dae2376d9e14f7599f05400c,523d292f4dc9c15df9ffab89d898e888,delivered,2017-11-27 07:16:47,2017-11-27 07:30:23,2017-11-28 20:38:59,2017-12-04 19:05:19,2017-12-11,911e22d1023e50bd7e42d9096d5c60bf,2017-11-27
f4a291980c5b03cc5d41ced6b0407be3,77ad74a9853420d7436599cc3ae2c567,delivered,2017-03-28 13:03:50,2017-03-28 13:15:11,2017-03-30 16:07:41,2017-04-05 15:42:59,2017-04-17,e014d8299dbdb7f7329be5e5fa637d15,2017-03-28
0b277c8a59b6fac83b512d46a575c8cc,b4a9fb5e9e2eff09bfc2bc3dc69957a8,delivered,2017-06-07 21:41:00,2017-06-08 21:50:12,2017-06-14 10:14:01,2017-06-19 20:50:30,2017-07-04,1b0620623e20fde7c0f9b0119bb64db4,2017-06-07
3ca411651463b3a30f194126a1d6fda6,5f7a1157be9a94622777a7bb2a1ac7cb,delivered,2017-12-12 13:23:23,2017-12-13 02:50:00,2017-12-14 22:27:07,2017-12-20 21:09:50,2018-01-05,5502ab87c2ae71e04c15d53f98b68b0c,2017-12-12
e30787025578adaddf110614dce5e399,185e201c2309d1e2245d88ac8ef70712,delivered,2017-10-30 23:00:39,2017-11-01 20:55:56,2017-11-03 22:34:50,2017-11-07 17:32:43,2017-11-07,7ea35fce34322b6755cafa76113d224a,2017-10-30
d4b8d4d2db125937bf34083422aea427,652c1f8e1a06d78d745521cf576288cc,delivered,2018-01-17 16:12:47,2018-01-19 02:37:25,2018-01-19 22:23:01,2018-01-26 01:40:43,2018-02-01,be4d6674ace594e7000d2673b3b0eadc,2018-01-17
0484f1d11d891ff86fcc2d225ce7094e,0b17547070772a7ce777870c5aefd09a,delivered,2018-01-13 14:59:32,2018-01-13 15:09:07,2018-01-15 21:56:03,2018-01-19 16:12:25,2018-02-05,d04c6215922f50448442fa1752df2393,2018-01-13
9220fb45f8a6492e8f7a9094fa80bdc3,9f494a5457f367b4eba25972ae348754,delivered,2018-04-04 20:08:14,2018-04-05 02:10:31,2018-04-07 01:06:48,2018-04-14 18:26:34,2018-04-26,3b5d6001cdd493da3fabcd800461ee63,2018-04-04
0e8442cad88bc3852a68be6bbee1d071,2db5ccde0581d988dc033a32318c44de,delivered,2018-05-01 19:36:02,2018-05-01 19:52:53,2018-05-04 14:09:00,2018-05-10 16:54:54,2018-05-21,3ad89fbab7cfab9c9f41c495637b6e3d,2018-05-01
eb92ca9ec0ad2f752061eeae4cff2f6e,009c99241ad4ac86427982c474c18771,delivered,2017-05-03 10:06:00,2017-05-04 02:50:28,2017-05-05 09:03:21,2017-05-10 08:37:53,2017-06-16,ed3540836eb82093f5647ec31a037f42,2017-05-03
fe2cf0b53cf21416269ca17fd38060ab,9c46deb6b8ca01d0df7e67b255e4fa97,delivered,2017-12-01 11:22:04,2017-12-02 10:30:41,2017-12-05 18:32:57,2017-12-14 00:06:49,2018-01-02,37058be38f15883c363d658ade716ee9,2017-12-01
3eb95f6a896852d771ecaa56c4f02349,95149169752f33705244ee124d213204,delivered,2018-04-11 00:31:22,2018-04-12 07:51:18,2018-04-19 22:58:38,2018-04-25 22:12:39,2018-05-07,f90991a5af30ace5666c873abc3fbf10,2018-04-11
7e981abcf7b25747fb198f5befcae28f,2053c4249878bd1b9a6f4a22d25dba09,delivered,2018-01-10 22:34:01,2018-01-12 02:48:26,2018-01-15 17:22:56,2018-01-17 22:38:51,2018-01-31,eadc46c2dbdffb8163470dcfc6cab8f9,2018-01-10
bfa2cf122902aef8481770976e16e408,43bec0d9bf15d1ff1d229a3924145f04,delivered,2018-05-13 16:17:54,2018-05-13 16:32:03,2018-05-14 12:59:00,2018-05-22 21:38:24,2018-06-01,80a66dcc9d389e1fd247dc1f6e360a7d,2018-05-13
e8cdabb3d52699bdfdff098478ad1a02,27e82f4eccf1fc876e78a3c189303f80,delivered,2017-11-24 14:04:25,2017-11-24 16:13:35,2017-11-27 17:34:42,2017-12-07 21:38:58,2017-12-18,7573d3c7008f7374d3d2ad1ddcf591e9,2017-11-24
4735d69a263ba04fa00533b8f3d317b1,0d380cd86105a9cb8abf440e29132168,delivered,2018-05-04 19:53:23,2018-05-04 20:15:17,2018-05-07 12:15:00,2018-05-11 23:56:36,2018-05-22,671b97e69e72a66b0be36e82406fc42a,2018-05-04
753f20d5d3b360334f4bf5e239710c14,0a1de65b371609807ea80d803b47cdc6,delivered,2018-01-31 15:05:53,2018-02-01 03:31:33,2018-02-01 18:10:34,2018-02-05 10:52:39,2018-02-16,58527ce16a6e4997c8ee4ee2b2b58fb1,2018-01-31
31a4ffe90b3bbda342ae160ef52affd1,7e58db99674b0e849eca7cb8cb32cfb1,delivered,2017-04-09 16:26:13,2017-04-09 16:35:10,2017-04-10 12:15:47,2017-04-18 15:53:47,2017-05-16,093723a103e8b73b2675d7082b8436d0,2017-04-09
ca7887c5152594f00b83af3cc8aef217,f506a3e6d91d7d32b36407d69d9d75b7,delivered,2017-12-30 16:25:37,2017-12-30 16:37:21,2018-01-03 18:46:45,2018-01-08 18:24:32,2018-01-29,8256bad766632faa825f10e0a78e1ade,2017-12-30
f4b61d27084d490fb0046eeffa1af17f,6ba2b4d1755c093c1e43843f094a041f,delivered,2017-11-03 17:27:44,2017-11-03 18:30:37,2017-11-06 23:32:41,2017-11-10 17:32:31,2017-11-28,a1b1ba35bba0f6ad5ec156792d50bde7,2017-11-03
9bdc00acb04f677adc8329b932122fd6,7a679d5d672af90243ba392f23eaec66,delivered,2018-08-13 15:34:27,2018-08-15 03:23:59,2018-08-15 15:32:00,2018-08-20 18:08:36,2018-08-22,3b53a1869c7172b2e89266d4e7d7b6a4,2018-08-13
3eec01b486a4d08de50a38ef2fb87b79,ecd3a588ea3e489c2c043e23df933106,delivered,2018-08-02 13:55:09,2018-08-02 14:10:15,2018-08-03 15:45:00,2018-08-09 01:12:03,2018-08-15,dfd82d0d6e3944796b43a7e549c46ac0,2018-08-02
f3a9533be7d4d89807905327d3d9a90f,31cac48ab63105d3f0881d4e6dbf3584,delivered,2018-06-25 19:58:34,2018-06-26 19:55:12,2018-06-28 14:35:00,2018-07-03 17:14:36,2018-07-24,28f6c6914757a5933a8d48f60bd119f6,2018-06-25
522d7c3197277c13553183e4960cdf5c,fe05494067b9bda7fde921a85dcfe6a1,delivered,2018-03-13 16:25:42,2018-03-13 16:48:08,2018-03-15 23:20:53,2018-03-26 21:48:37,2018-04-05,2489a2b71281e20767c456b4e1dceba8,2018-03-13
f5534d6b1d3258a7ffec513deeeade95,2ab6108e1d12014a4acb8983df9f4edb,delivered,2017-08-25 17:43:52,2017-08-25 17:55:12,2017-08-28 21:40:11,2017-08-29 21:58:02,2017-09-08,5cc480f06fa48eef1c809211e66507b9,2017-08-25
091ac0791556275533697b36e2b00ff4,d0bfc5ed8302e145eb59a75cc94cb715,delivered,2017-01-26 14:29:25,2017-01-26 14:45:11,2017-01-27 11:17:09,2017-02-06 13:42:41,2017-03-06,c0701622a849e0f0e05461f9c2c427f0,2017-01-26
7d968bc979aa1c9884fb1cd6e4e76f64,37991a544e6b4464522b1b09e11ca843,delivered,2018-01-16 17:54:02,2018-01-17 03:36:36,2018-01-18 18:49:00,2018-01-27 14:48:25,2018-02-06,d0eaa50fb219d6a81d7d275301affb5d,2018-01-16
c6a5f76862a81e678914f832a7ac1e19,e805038e1fd6afb0433817c7e951bcd3,delivered,2017-06-06 02:49:40,2017-06-06 03:02:20,2017-06-07 08:37:48,2017-06-19 18:44:56,2017-07-06,541c26062546ae3a798ae10946014914,2017-06-06
bd3458e3df5a23eb95e6d526dc86bf2c,a9749e560068580b0f1feeb9bbd843c3,delivered,2017-11-14 17:07:08,2017-11-17 04:15:47,2017-11-17 20:21:39,2017-12-06 23:21:44,2017-12-07,59131d58902de964d1bb606024e7c4ff,2017-11-14
9fb383eddd3b9f4b2970160c76988005,bd3791922950cba5ed71594c5634c030,delivered,2018-02-04 15:12:07,2018-02-04 15:30:17,2018-02-06 17:04:27,2018-02-14 18:58:34,2018-03-01,8e6ab5e2e1df45abe35e2f0eb16ce764,2018-02-04
500c038a3212b71500554116cf87552e,4f1bbce28fa7e3c6ba327eb99bea5b62,delivered,2017-11-29 18:09:50,2017-11-29 18:37:20,2017-12-01 17:27:43,2017-12-19 21:16:59,2017-12-27,7ad069b7a8d066039d2db63cd490d408,2017-11-29
bbad5d13167b7fc87a31a92251a6de88,7dcf029782f48ba5e8dfb75ff27608d3,delivered,2018-06-06 14:59:42,2018-06-06 16:14:30,2018-06-07 09:39:00,2018-06-14 18:48:43,2018-07-12,468d87a275b76f4cb3bd101fa4c9e2a1,2018-06-06
236dc705223e6458673e808d1024d671,3d85d108500e5b7408f0333e240469c2,delivered,2017-03-25 21:52:22,2017-03-27 09:55:14,2017-03-27 15:39:51,2017-05-03 14:03:40,2017-05-02,ad7116da4fcafd2d6d711bfdcf083855,2017-03-25
0562291f2b37f55cc259053d2230fdc5,24824d3120ac876328bf46760d493969,delivered,2018-04-30 10:06:08,2018-04-30 10:31:29,2018-04-30 15:42:00,2018-05-09 21:58:44,2018-06-06,0f9780cb909b6854a35a41fc1dd7abd2,2018-04-30
032de52b21013e176ee997c8f210dd66,dd810dd0a6c0af12c6450f51f139a2bf,delivered,2017-12-07 09:32:16,2017-12-08 02:54:15,2017-12-13 00:27:01,2017-12-22 21:35:23,2018-01-11,3648f9e5f51f679ed24deff1f031a093,2017-12-07
720eff52272ce75d967e9a8f382681f3,026bfde40abfbefc0a23ce6856a9b3f3,delivered,2018-07-03 23:33:31,2018-07-05 16:31:13,2018-07-04 15:11:00,2018-07-12 19:21:49,2018-07-17,94694711948ad597542ec300073f7239,2018-07-03
064c48df7cb281b1f0f0cfcaa2a69662,1e4e56c1993be4f3be455fae5eac5393,delivered,2017-05-24 19:32:16,2017-05-24 19:42:38,2017-05-26 14:11:52,2017-06-13 14:08:13,2017-07-03,f72c62e3003b21da59e71cc5d92fa7ac,2017-05-24
951f0ff2668075024286016d68600d26,a28ec6d2b92247d9516707137470bc20,delivered,2018-08-16 17:53:31,2018-08-16 18:09:58,2018-08-17 12:05:00,2018-08-29 20:12:35,2018-09-11,a16463c2667c5194f1ed62daab06e79c,2018-08-16
4b4af79eb26f80dbef369da4a4cd1d45,811863441f31bb8c711015a7730e1b41,delivered,2017-09-04 11:41:03,2017-09-04 11:55:23,2017-09-05 14:48:09,2017-09-11 20:05:11,2017-09-27,d580dba2b75dbaceead280af1c1b2a57,2017-09-04
06cc5452c0a830d345b93a5385ee310e,fc96192474241f981f6bc9b37a572004,delivered,2018-07-24 01:06:38,2018-07-25 04:05:14,2018-07-26 11:30:00,2018-07-27 16:17:05,2018-08-01,7d810ed5b79014ca136c273e694b10c2,2018-07-24
65f3fd49c769a2d6de1aba25b6a5b8d0,13b13e29ca16b2be8f48ce9374d42f41,delivered,2017-11-24 06:29:59,2017-11-24 06:39:27,2017-11-27 22:26:38,2017-12-02 00:26:45,2017-12-08,b65c0b9fab51aaa116ae66138edd6624,2017-11-24
b1973248ff76d9a24f6a8888662de6bd,7a4cb15a23deeec4682b3661b0fce930,delivered,2018-06-24 09:54:00,2018-06-24 10:15:35,2018-06-26 13:21:00,2018-06-29 19:49:04,2018-07-19,a559efb7dc5165464cdefaf47a0b1610,2018-06-24
f5812a9fb42759e8e49d17f11e9d18ad,72c9fcbee3deb52caf82f27187887616,delivered,2018-07-31 20:32:44,2018-08-01 09:04:04,2018-08-03 14:35:00,2018-08-09 18:50:57,2018-08-14,6b383324d91b86a77b78116f947fa8e1,2018-07-31
5ba3cea9dff7fe43cd56516ba1390ea3,63d457d68c7351a548fe4dff68b4b8f2,delivered,2018-02-03 12:06:25,2018-02-03 12:27:11,2018-02-09 20:13:48,2018-02-17 16:19:50,2018-02-22,991661da9dcd5764a09be065bb4246fe,2018-02-03
ec8e9794cc2de09054361b036773b543,8196bd96182b01ed80b2927b8a3ccb71,delivered,2018-04-10 00:17:56,2018-04-10 00:35:11,2018-04-10 17:22:15,2018-04-20 18:03:58,2018-05-04,a0b8cb877c42bab28dc9548a600ca0c7,2018-04-10
eac51ba7a8bd2abf757e03c95fba700e,f009845070b2e65bb051193322a10965,delivered,2018-02-18 23:34:56,2018-02-19 00:35:32,2018-02-19 18:48:36,2018-02-20 19:29:06,2018-03-05,28a5c002f0b1c5127dbc1ca8858c31c9,2018-02-18
543ab3128139efe78bf5e8006ae25087,ab2ea0f54206e58856bd5b50647a5cbf,delivered,2018-02-28 22:42:01,2018-02-28 22:50:29,2018-03-02 00:15:04,2018-04-02 14:09:00,2018-03-19,1b1e1338111f49fa2d7d5acf5fae5de1,2018-02-28
afcb8a93dec4243dbcf29ed98e5b0d4b,2814ddad2bdc3682d9f32b3f4c86dd7e,delivered,2018-07-26 10:17:25,2018-07-27 02:24:10,2018-07-27 14:47:00,2018-07-30 22:06:25,2018-08-06,8a8a31d188c3cf9dea0126d1b1049c18,2018-07-26
c0f5eb23b8443f0945a621152bb6bd62,358bcab53116b7f355527e475b2b6b1d,delivered,2017-08-15 20:28:42,2017-08-16 00:04:19,2017-08-16 17:07:20,2017-08-23 13:20:09,2017-09-06,695ceaf24e4da77e10385dfc7829a701,2017-08-15
e0e8bc6045cfe08b087197d81196e339,ccf255b29886e51b62641549f3c2d9ce,delivered,2017-02-07 21:05:56,2017-02-09 02:45:17,2017-02-10 13:57:54,2017-02-23 09:32:11,2017-03-22,7067ac4b80a40da3604b6c9143502eec,2017-02-07
728e6e20cca95cec41b3ff149895c6e2,3190d3289eeb987b3874ac2b14fd913f,delivered,2018-06-03 11:45:40,2018-06-04 11:51:17,2018-06-05 13:44:00,2018-06-10 13:42:21,2018-07-05,ac50e9f5772d10bdb2d5d88b4e77f31f,2018-06-03
29a78ee4f09c8306a3a5551825acc903,e3e0534dc37dd14280ac15f24acb0530,delivered,2018-01-27 16:30:39,2018-01-27 16:39:19,2018-01-29 20:37:16,2018-02-21 02:22:14,2018-02-23,fc1076ac48d91abe8fb6ca4753f84b83,2018-01-27
3ada46ab6e80f69472ec0d7a930fc64b,4776b16f87e0569a736e4d85d9bc1876,delivered,2018-01-10 19:26:36,2018-01-10 20:08:23,2018-01-11 19:07:36,2018-01-30 22:08:59,2018-02-09,75e81cea3851f06c3c06275f8b3704bc,2018-01-10
157fa4382ef233561294d5b9e279df5c,4d591125ff32d94454b07b580fe2ecae,delivered,2017-10-09 18:00:12,2017-10-09 18:15:42,2017-10-16 21:56:01,2017-10-17 21:49:47,2017-10-20,57a594afa17213a35e2a12bfd70c0b1d,2017-10-09
082390c0275d73d20f55fec91903bbd7,df4377ee7e2f8972b24a39ff87cd3a6a,delivered,2018-05-11 14:39:15,2018-05-11 14:58:22,2018-05-14 06:54:00,2018-06-01 19:21:52,2018-06-05,b3a34bbf1a1d11885918ad3ad99083ae,2018-05-11
d2b5e8f8cd2c6cbeb72e82d644255b6d,7d1dd3c96c21c803f7a1a32aa8d9feb9,delivered,2017-06-13 18:16:27,2017-06-14 15:10:09,2017-06-19 13:21:51,2017-06-19 20:55:46,2017-07-06,729e9d3fa93475add3ea25424e83e1ad,2017-06-13
001dbc16dc51075e987543d23a0507c7,698a74f33469466fa4172e829505d1c6,delivered,2017-01-28 13:17:57,2017-01-28 13:32:16,2017-02-01 15:59:46,2017-02-13 13:17:47,2017-03-20,c6f624cf0e9908fe310d59a80350bea0,2017-01-28
6076ec81706ee9060d085f2909a6fbe7,dc0bb7dd2728bf6c65fd99487754c55c,delivered,2018-07-09 08:22:00,2018-07-09 08:35:11,2018-07-10 15:04:00,2018-07-11 17:29:45,2018-07-19,5301cf10a5bac57f36e3a610d368ee77,2018-07-09
d790743eff8a57ec6b1bd64865b8c60f,81cebdbc72fc17d808b85df49b9d52cb,delivered,2017-06-25 23:28:30,2017-06-25 23:35:17,2017-06-29 06:54:57,2017-07-04 17:13:49,2017-07-19,cc71814df40aa575da92b47730280910,2017-06-25
6b6e84189c512720324071e9a7769ceb,5e3c118213835b8e4dccc105723228c2,shipped,2017-12-05 19:02:44,2017-12-07 19:09:33,2017-12-08 17:33:46,,2017-12-21,6124f2952e541b2402be68f02d560562,2017-12-05
fddaf32439eab4df416cb63ef0a0ddda,4bccb2dcb37df1357354a61682497024,delivered,2018-08-05 15:48:29,2018-08-05 16:04:26,2018-08-06 13:06:00,2018-08-08 17:48:48,2018-08-16,5eefb861d4921a3e628bbc65c50a480a,2018-08-05
28e5cef9cc61c5abe004567dca778bbb,8b9ed70ea2b09f596499dcd77b577ce8,delivered,2018-02-07 11:17:26,2018-02-07 11:35:25,2018-02-08 16:51:09,2018-02-20 00:51:48,2018-03-07,8ac6335b52338b08e4f607ad01c0ca75,2018-02-07
bb140c47651a535f268a412957c31987,0467879b99ff56b66e87cbbb39dcfc36,delivered,2018-01-18 22:29:02,2018-01-18 22:39:21,2018-01-19 18:06:58,2018-01-25 12:28:42,2018-02-08,ba07af42a4b3a09a1c7af2292e84b80a,2018-01-18
36bed4b6f0c3a5086108ff51d0afa4dc,e2a266deea6e4e3f8e7fa300fd12704e,delivered,2017-12-12 13:01:58,2017-12-12 13:14:24,2017-12-18 16:25:10,2017-12-30 12:03:21,2018-01-17,fb84a22dd1582b07ba9d7a6c451126f8,2017-12-12
6d4e57d7c544dcf34b3dd4c1afb12c60,4967d2875ed8ae35f0cfc663b28d5499,delivered,2017-10-03 19:46:08,2017-10-03 19:56:22,2017-10-17 00:15:52,2017-10-26 20:24:17,2017-11-10,c99d68336d7dbab8ab3ca6627b9b5b63,2017-10-03
174394823ac1f610113794f480f3b60e,e67409d790aaa70b825c55579f844de1,delivered,2018-04-26 15:03:53,2018-04-26 16:11:13,2018-04-27 13:38:00,2018-05-02 20:18:47,2018-05-25,0a11382e1d37c94ec7b66c7a4e206bda,2018-04-26
618ac45ad42a3bd6d81db7fce1320a15,9102c1aff9fdf9f79091ca25e26be387,delivered,2017-06-13 15:31:28,2017-06-13 15:45:19,2017-06-14 13:44:03,2017-06-19 14:09:43,2017-06-27,067fe68a7a118f91c50eb69fedb34edb,2017-06-13
4c258c68ac65ec1cecbb12261f095535,dbe90c26448a3f8ff01b364f5b1e12a2,delivered,2017-11-29 13:46:51,2017-11-29 13:57:33,2017-12-04 23:15:56,2017-12-19 20:14:55,2017-12-22,6181411328cc49b514bc84fa11502752,2017-11-29
fbba9a57e45f4bd443598e6548ee329b,71908cc6a4d4a63637df967dfbda39fe,delivered,2018-05-15 15:24:37,2018-05-15 15:35:24,2018-05-16 12:21:00,2018-05-21 19:32:45,2018-05-29,6cf79118c9f8d0f9658313a4a6e14ee7,2018-05-15
e12019a9afee02a4355f3629cc804f9e,64065d6a8dff88e59b688faf3c35997b,delivered,2018-05-16 22:43:52,2018-05-16 22:56:08,2018-05-18 08:23:00,2018-06-01 17:34:34,2018-06-04,537c302229bfb3e664aa7c807f975cc7,2018-05-16
c60c1ff560443153d7f50771e5fe9b92,a2dec8f3303859110de7fa39ea593b45,delivered,2018-02-22 17:53:15,2018-02-24 02:50:34,2018-03-02 00:59:00,2018-05-11 16:45:21,2018-03-15,d1dec495287c9d8611b5fc1938a07acf,2018-02-22
110a462b79593be68884297cc9a31b3f,ab364b9574cac248d89087867bc3bc4b,delivered,2018-08-10 18:49:26,2018-08-10 19:05:15,2018-08-13 16:03:00,2018-08-20 19:50:54,2018-08-23,44eca90daf8c29cb7a2c5c912b3282ac,2018-08-10
5df489bf628aa872653bc4791319921f,194f91ba65b13e35ba4883be836ecfc5,delivered,2018-07-31 20:20:14,2018-07-31 21:00:13,2018-08-02 15:52:00,2018-08-07 18:25:14,2018-08-30,a28ecf838a6a7aabd3ea8d9db5e2e8f1,2018-07-31
bc26562fb9717b24a6b7b1b4b7ee642f,866a3fa26c4f0eec9a6ced94ed7b968a,delivered,2017-04-05 19:20:38,2017-04-07 03:15:46,2017-04-25 12:12:55,2017-05-04 15:14:34,2017-04-28,55eba592aeb0505e92a1db72d8d2a038,2017-04-05
bd9224b27d07de203a835041550ad525,73ffcf1dc5c927c233d385a272c7099d,delivered,2018-08-10 14:36:48,2018-08-11 02:55:12,2018-08-14 15:20:00,2018-08-15 18:04:11,2018-08-16,24f1a2cd59b1e75983ac5393d6010e38,2018-08-10
84351e90a3987cf17e6a6a451d7d4904,3a3b386b99c4c2dfe725a720051b4cb4,delivered,2017-07-27 13:36:32,2017-07-27 13:50:08,2017-07-28 17:27:58,2017-07-29 14:11:56,2017-08-11,c75fb5680989856542a441c1d9e3175c,2017-07-27
ddf3bfcdef56cb027078b905d96da1e5,68f87541277bb5a1656f70f30bfeacd5,delivered,2018-08-14 09:12:21,2018-08-15 03:05:19,2018-08-16 12:05:00,2018-08-23 23:57:03,2018-08-29,d8035370c01c824bb5d8e0447b719c03,2018-08-14
03ba1ceb961947c4c2945964f28cb9ed,2418bf588d6de0f09ec132820a6e15cf,delivered,2017-05-18 06:54:10,2017-05-18 07:05:10,2017-05-23 12:36:39,2017-05-31 15:24:01,2017-06-26,5fa46f6e9387b360002615c36c0ae68e,2017-05-18
43bffe408178fd5389e8ab84d5dc42d9,a2f803ba61b9ef40e42612271462e903,delivered,2018-01-15 18:07:10,2018-01-15 18:17:25,2018-01-16 16:46:59,2018-02-06 19:52:49,2018-02-14,ea94b7b9e6e32385786b28a637f28f0e,2018-01-15
1acbcc1d765cecf7db32b44062d5dd16,c86f684815143f5ed9259aecf7e16909,delivered,2017-11-24 15:58:20,2017-11-24 19:36:29,2017-12-16 16:22:52,2018-01-06 14:36:42,2017-12-26,095bb58f391a04e80a814be3d2032e59,2017-11-24
a426fb48d642be17559e3f9caab0551d,f4c7c9d19f28cd276cacde9de2f66e1d,delivered,2017-11-19 19:34:38,2017-11-21 16:16:24,2017-11-23 17:37:33,2017-11-24 17:35:00,2017-12-01,fb45ef83da61d08113e6bfc6d13b6e0c,2017-11-19
1770ee9dc600eccda7bfb6c56562b91d,c17bfc06e780f1956ebe2659b2a90caa,unavailable,2017-08-22 19:54:54,2017-08-22 20:06:18,,,2017-09-27,bb1a47fe28e508114dcc09a0bb125529,2017-08-22
673eb223ff385f5a14396580692d36ed,dec64f845216857cf58dd6b576457096,delivered,2018-06-28 11:26:48,2018-06-28 11:35:14,2018-08-07 09:34:00,2018-08-13 15:04:17,2018-08-21,a505b71ff66a5bff3c2c391c522fa957,2018-06-28
fbea1a61473aa3cc30e0a617aa72b70c,b7d4c9cf150b66854922a7a1d064f56d,delivered,2018-06-19 19:36:57,2018-06-19 20:16:15,2018-06-20 16:13:00,2018-06-21 22:12:29,2018-06-29,9682c531e9491fca598e0a3ccdbc7cbc,2018-06-19
026b41054c5e6b7a4e94a971bb94193c,1e0cf6a24bb919d69e632aba60a69ead,delivered,2017-02-03 18:25:13,2017-02-03 18:35:22,2017-02-04 08:56:55,2017-02-11 06:21:50,2017-03-10,85fb83a5f1c3ea6c7824a3e55e7a6183,2017-02-03
3c2a7cc75899d6a06e8735da9b7fa302,3dfd713792fd5ddc4ffedb9ea5fd9318,delivered,2017-02-10 22:12:39,2017-02-10 22:25:12,2017-02-13 08:32:21,2017-02-17 08:16:37,2017-03-10,f9538d66bfe1de92870c834eaa62db8f,2017-02-10
ff6ca87fd2b8db43cc48510cb32dfc69,4b2298ddb83f3aa56efc4e1dd845ac5a,delivered,2018-02-28 19:30:56,2018-02-28 19:50:02,2018-03-01 22:13:44,2018-03-21 21:14:50,2018-03-22,c0bb336030bf3089cd3ba6dff691c50c,2018-02-28
13fd61236a6baeb00aba9df344275a78,4fbd4b0638090bdcac4bd0a0add76ed5,delivered,2018-02-02 19:46:27,2018-02-02 20:12:06,2018-02-05 19:22:28,2018-02-06 16:48:36,2018-02-20,4666f784ff8095e0c13004e1737ad184,2018-02-02
cac247cece621e1bc64748d44331d22d,a39a11e156aa248ef573dbb7c65580d2,delivered,2016-10-05 12:34:04,2016-10-06 15:49:11,2016-10-30 15:24:49,2016-11-04 14:31:26,2016-12-07,1979dc402581a74e2bd0c0853951311d,2016-10-05
56ecfea68a6a0f6592184f65abc70394,d91ad413bd665321f272ca85a9abc337,delivered,2018-05-12 21:37:52,2018-05-12 21:56:33,2018-05-15 15:34:00,2018-05-17 19:54:40,2018-05-23,f2f2077041b4e75c60c05f1c84e3ea9c,2018-05-12
46a5c63af66fc95c48a6aa738f69049b,91a4a3a7af74c7acb81ea2d385e92849,delivered,2018-05-24 19:50:41,2018-05-24 20:14:53,2018-05-25 14:12:00,2018-06-08 01:33:13,2018-06-18,bb1185da22886018db3140e842e52b80,2018-05-24
205587440f824c5e5d7bc3bccb63aa15,e768022fa47ad4364d367e4d29030cea,delivered,2018-04-12 15:59:04,2018-04-13 19:10:04,2018-04-17 20:04:04,2018-04-18 19:58:48,2018-04-24,70516671abf50491a2d1b4c416078961,2018-04-12
38ee876a426aeaf353e2a06a0e2b17d9,90524e55a20cda4c520f6a6e893bda6f,delivered,2018-05-05 10:20:53,2018-05-05 11:50:45,2018-05-09 14:47:00,2018-05-17 19:05:29,2018-05-28,be1d30e4bf79928d1f7e62529c2e855a,2018-05-05
769214176682788a92801d8907fa1b40,2b01b5fb8141bbb9fcdc853a0e26da83,delivered,2017-06-29 21:26:38,2017-06-29 21:35:09,2017-06-30 15:46:44,2017-07-20 22:42:54,2017-07-25,9b61cfcf9bc923fed1c1c8d38fab5a1c,2017-06-29
195362ade532294f73fff8ff4f138c3f,2de7c1adffd1bb406b6bd0b76ddfe85e,delivered,2018-08-05 03:12:57,2018-08-05 03:25:07,2018-08-06 15:23:00,2018-08-10 16:03:25,2018-08-09,681e78b2bb4e86af70cb3b45adbe122a,2018-08-05
7c047c85426bcfb2784094eedd90ff94,085e2dbcdbd3235701eec1d6fac9de31,delivered,2018-02-01 16:42:19,2018-02-01 16:57:14,2018-02-02 22:18:36,2018-02-17 18:38:56,2018-02-26,4b06f98695c793ce71d05705b3cd982c,2018-02-01
bb13fa2703eaccdcb1e263eab3be6de4,0c3dfc99f2187c03f0e115be04ab0d72,delivered,2017-09-10 20:19:02,2017-09-10 20:30:23,2017-09-12 22:14:58,2017-09-22 17:42:05,2017-09-28,eb69ead1e0da68c941a67677f6a39f3b,2017-09-10
b67b036b220e4e3e118d03a1f536d10c,82c1b2573eb18c62999ae22f2b5aa95d,delivered,2018-01-12 07:12:38,2018-01-13 02:11:34,2018-01-15 19:10:01,2018-02-02 14:44:56,2018-02-20,254a9ae5db3bc5cb5027f6b616e8dab2,2018-01-12
f2a150c813c1eb96fd1883c1ed8fd9e5,e624987b8f8a9424f614771d13698100,delivered,2018-06-19 10:14:30,2018-06-19 10:37:37,2018-06-19 10:14:00,2018-06-27 17:04:42,2018-07-24,ce035dc4c675ac090c8a0ea03097d1f0,2018-06-19
d502fd1e974fe51d60f448759321cac3,becc5de7d329f4b15748aeb0e96af317,delivered,2017-07-26 07:01:18,2017-07-27 10:45:13,2017-07-27 17:47:38,2017-08-01 21:13:34,2017-08-15,6b09817c8e3a5ce3c973c57244d33a01,2017-07-26
7798ed7e55f7cf0896e6a09f442c69cc,fedad553036c744cca336c2ed0722e3c,delivered,2018-01-22 01:37:30,2018-01-23 03:52:55,2018-01-23 16:22:41,2018-01-29 19:36:49,2018-02-20,b8ad9cbd6c6a50ec05e51737a48eed62,2018-01-22
f526502583165bcf37f59cb5092ba1e7,c3fa66cf6941f5323971a4c3db4029ff,delivered,2018-05-27 15:04:55,2018-05-27 15:15:08,2018-05-29 08:07:00,2018-06-07 13:50:02,2018-06-29,d767c377f8126d47190ade144222c689,2018-05-27
2e346f2848b0263dc1775fa2b5af2719,ce510a4d2db930a570c19134f75a80cf,delivered,2018-06-23 07:13:25,2018-06-23 07:39:27,2018-06-26 15:59:00,2018-07-03 16:44:25,2018-07-19,78785286de8a49f670ca4d290ac15b3c,2018-06-23
7c596c1da3694fa12ca3f95b52131d6a,49ad8c66ca691087fa4af6939448dbc9,delivered,2018-02-06 19:45:05,2018-02-06 20:31:22,2018-02-07 22:42:02,2018-03-08 23:34:31,2018-03-12,ef7e769061a29b011ad2e707a7124ecc,2018-02-06
19b99fd79d81fab77d8b7ba4f7a5c799,b5d4f7c5d54ab659063d17e5637408b8,delivered,2018-06-21 09:31:04,2018-06-21 09:59:01,2018-06-21 13:09:00,2018-06-25 16:32:52,2018-07-13,e608691ff0899ed4f5894bbf8eec599a,2018-06-21
c8c0c4a2ad083088d8b31da1efdf197f,8eb048fef44343cb54c99b43509f978a,delivered,2018-05-12 22:04:33,2018-05-12 22:36:01,2018-05-15 14:18:00,2018-05-18 16:53:32,2018-05-28,728c5773eefcd4a7f5b32d9fd104d624,2018-05-12
3ad2e497fdcd8a39a30da81b156b3b31,7a50dfdc0a0dec6327ed4d772793e812,delivered,2017-12-10 11:09:43,2017-12-10 11:30:04,2017-12-12 00:38:33,2017-12-18 22:04:29,2018-01-10,52b5b573f94e98a9284069557f5bd750,2017-12-10
48ff0f8a939349e708998008053afbc7,a26ba58154606a5f719ffdca754e773b,delivered,2017-09-24 21:56:05,2017-09-24 22:10:14,2017-09-26 19:55:54,2017-09-27 19:15:29,2017-10-11,51f94550d7bcfad6c7c91700954a597a,2017-09-24
9d6a4798ca60c057f632bed582e5b0c5,ab1a8af7afb01624d04f78edb04a5d39,delivered,2018-07-01 00:25:07,2018-07-01 00:48:32,2018-07-02 19:05:00,2018-07-03 21:06:53,2018-07-19,16e1cfa8f090f7b765fb08945e38e9d6,2018-07-01
d5db5ade6120da8525cd7eac0608d009,49efae505182bd0c31e9afb8be694cb5,delivered,2018-06-04 16:58:20,2018-06-04 17:10:53,2018-06-06 15:03:00,2018-06-11 18:48:46,2018-07-17,bb2b1ba29d905fb1136a1ef732947e00,2018-06-04
3a754d9436ef0dd5d52e94a0e7ee2f0c,8bf209e6a80b1b6813fd5ef7cc0859a9,delivered,2017-07-31 09:09:01,2017-08-02 16:43:38,2017-08-03 19:07:33,2017-08-04 16:51:35,2017-08-11,647d365f07327085468005c50ee92f4c,2017-07-31
f4b0d21e2191cfc01c5930109fd7756c,ee519cedd5a973f8c6f245c1b2da22e2,delivered,2018-04-06 09:43:41,2018-04-06 09:55:10,2018-04-07 01:04:22,2018-04-07 16:28:36,2018-04-18,9a0d65f3956268dcd4f73f23dac97f8b,2018-04-06
3ac3d00c110eba19a72b3a2c8b8b8e38,0f4e44ea6ea0a296018a776d4c5c5cde,delivered,2018-05-10 14:40:29,2018-05-10 14:57:10,2018-05-11 12:25:00,2018-05-17 22:07:46,2018-06-01,661808f26509f17d405df2234610c991,2018-05-10
07684a430f124ffa76c3415f04fb2ed5,f374a23494f580eda86c55a7443f6e28,delivered,2017-07-27 10:29:11,2017-07-28 08:35:41,2017-07-28 18:18:15,2017-08-04 22:27:39,2017-08-22,c9c2b386068c88ba3b35f6620b25a8f6,2017-07-27
ffc29f864fd689fab9ae81be82baf8ef,77d2c30e1dff5d4440ec316f8a2ef2a2,delivered,2017-07-30 20:33:10,2017-07-31 20:43:11,2017-08-04 17:45:04,2017-08-09 19:56:29,2017-08-24,8bb58575ed9d6156e20aa9ddf05491df,2017-07-30
c61cf47bdc2201ee30ab321b7aa3ff21,6b8393e7df09b0728b63652a19d59a3e,delivered,2017-12-26 20:50:28,2017-12-26 20:59:29,2018-01-03 19:59:43,2018-01-16 20:42:40,2018-02-06,dff9699b7de544176bc284df06dd980c,2017-12-26
fba245de6698569b717828ad436f6fc9,e9cf1da2fc1a115c19f945adf4a10819,delivered,2018-01-07 21:55:58,2018-01-07 22:32:18,2018-01-08 21:19:36,2018-01-12 21:48:06,2018-02-02,faf46ef4c86bcb5fd1db5234c1ce5e67,2018-01-07
96a902cd4b751087e41ef64474975946,224abfd20ba42fe6b394ba1e5a67b645,delivered,2017-02-28 21:09:07,2017-03-02 03:55:18,2017-03-03 14:05:19,2017-04-13 10:22:00,2017-03-24,5fe35ed36e47572b5e4238bbf066bd5b,2017-02-28
b42efbd88abf3882f91928b08cf74d6f,7784b523efa600a47de73bd1e9f7f022,delivered,2017-01-24 17:11:53,2017-01-25 02:50:11,2017-01-26 15:13:00,2017-01-31 17:12:06,2017-03-03,6ec09595e0817c04ed4844f143251a69,2017-01-24
65a9d3006386a380f4b594577a01cef0,fb611ba8817096ba3bdc1d9807f5cdac,delivered,2018-01-16 21:39:25,2018-01-16 21:51:29,2018-02-01 02:44:55,2018-02-19 12:13:32,2018-03-01,2faeae5eaf2e2e108f1473280bf919f8,2018-01-16
31b422e702720f306ecb8c6d4ec2ee06,00de350c10e898eb927e6a5440a30191,delivered,2017-05-01 19:26:27,2017-05-01 19:35:16,2017-05-03 11:20:07,2017-05-15 09:50:02,2017-05-26,73e879f10191d104c98f767f967b1e63,2017-05-01
72716d752663ddcb65277a2a9af7420f,b50bb33885963b372a199e1c3bc38d37,delivered,2018-02-20 17:45:38,2018-02-20 17:55:22,2018-02-26 22:06:38,2018-03-15 22:52:12,2018-03-12,983994b46a18dce5db8648ebf95754af,2018-02-20
75f959697b81c9b9eeddb7499941ecaa,e39f84b2bff6b8160f8257e7c1164c0c,delivered,2018-08-04 10:03:25,2018-08-04 10:15:18,2018-08-06 15:35:00,2018-08-08 19:28:38,2018-08-15,fe5d59204b1e2953075779ed6a6fc20b,2018-08-04
43815de1cf66f1ea104e0d114b8e1564,ad364862328f1b3bf6c9cedbd9f4ab80,delivered,2018-04-11 22:40:53,2018-04-11 22:50:20,2018-04-13 17:58:35,2018-04-20 16:19:27,2018-05-10,7d139b4764ef2597398453664b3967a2,2018-04-11
b4e38e01065499f65724c74404a21c64,5b6030a690297d70a2f2df507c586bb7,delivered,2018-04-20 10:39:16,2018-04-20 10:55:13,2018-04-23 18:21:31,2018-04-30 22:37:48,2018-05-17,0195b599954bfa2cfac327dd3b35a877,2018-04-20
af348cfa2c8539e4fc38335249aab3e8,be628d3037018532a334bf2f6889ec49,delivered,2018-07-20 10:31:30,2018-07-20 10:45:17,2018-07-27 19:02:00,2018-07-28 19:32:04,2018-07-30,ccdd5a0e34fcf84f9226feb299844066,2018-07-20
bdb7914e757d235eaea872b4c9031509,0cec3ce8269e3f3a60be6d6dcf05e567,delivered,2017-05-24 15:31:18,2017-05-25 06:42:43,2017-05-25 14:35:33,2017-06-05 12:52:49,2017-06-23,c6b51845f27053a7f956039660c1f539,2017-05-24
246d8d7f7205077c174a7c1aa62f1440,52cdcd7db8c6b1026affa1a6f9004429,delivered,2017-12-07 19:16:05,2017-12-09 19:10:19,2017-12-11 22:56:46,2017-12-15 16:28:06,2018-01-02,97c37957f43c6cc02d23c2fa692b4f88,2017-12-07
9dce1279b896cb9d151b2649073089c2,36e34bda9665446a115a9d92af07ef16,delivered,2018-06-01 12:38:41,2018-06-01 12:52:10,2018-06-04 06:05:00,2018-06-08 08:38:51,2018-06-19,55ef2095000c45c07b795af886124568,2018-06-01
2aab3a740da24c9c894d61330645464d,eb93503140aca4af3794c611805b35f2,delivered,2017-05-09 15:22:34,2017-05-09 16:42:35,2017-05-10 09:50:23,2017-05-15 08:37:57,2017-05-29,1ec6e5f5e1b3db61b2a2cd862d8038d2,2017-05-09
c791909f76b64d893eb56aeed54be767,ab45e7a398426e153bba8316d497aa0e,delivered,2017-06-14 09:26:34,2017-06-14 09:43:03,2017-06-16 13:25:31,2017-06-26 12:26:28,2017-07-17,0f6179cfaa3f3675e6082c160a42345c,2017-06-14
dfca7d8ebf03cc6118734497cd33e14e,ab9ad8ec2caab5ef277d76fdab958c0e,delivered,2017-10-03 18:48:58,2017-10-03 18:56:24,2017-10-04 15:53:03,2017-10-10 21:42:02,2017-10-25,0adf1c0405b73e1f39dcd3f21c005a09,2017-10-03
1d9c50c894c0353c480222a9de8512a4,9b019db873f6ac74abb726288163456d,delivered,2017-12-21 07:48:42,2017-12-21 07:58:25,2017-12-21 15:28:35,2017-12-28 19:35:11,2018-01-16,5935068f0f9725d0106bd02cae7ce4c0,2017-12-21
9725ba7393be89844451138f83d13a11,a157e911caa6af2ed1cdb37830ec8b58,delivered,2017-11-12 09:26:31,2017-11-14 04:15:48,2017-11-14 17:02:44,2017-11-21 20:24:09,2017-12-08,bdd928130d266b9cc7daf38716ea0277,2017-11-12
7c6de5f0eea0d2f823e3dc3dc6e3ef4c,93bfec941b9c7d59bd6bf995d844a214,delivered,2018-04-01 12:30:13,2018-04-01 13:10:10,2018-04-02 13:05:32,2018-04-07 00:38:56,2018-04-19,ea7fa61f9d7af6938fca0b33fd3a5129,2018-04-01
4c5fc08caca3c520b9c4cbf83d2c14f8,0e839200645d7751582359afae0818af,delivered,2017-11-18 14:33:01,2017-11-18 19:06:15,2017-11-22 13:56:03,2017-11-24 14:12:35,2017-12-01,6457b2cb5462c1217e8e6d36b0ff39d2,2017-11-18
1825a3f130b2692290f29b53f5dd1c66,2524724f12cd991105b97685636cac6f,delivered,2017-10-13 09:39:11,2017-10-13 09:49:22,2017-10-13 21:09:06,2017-10-17 01:45:52,2017-10-31,7a531cc72e541d40a6d9f9dbf7e991fd,2017-10-13
34688497162fbb53b24e10738f912fa4,35b1a3161577151979b495f826641469,delivered,2018-08-14 21:28:20,2018-08-14 21:44:02,2018-08-15 14:04:00,2018-09-04 21:33:01,2018-08-22,47911c12fe5b77683f7cb593c027c479,2018-08-14
a9b6d8e262a7af70b343cb113509e489,7110ad84c08dbbcd73eb4164e2eb988d,delivered,2017-12-03 20:44:47,2017-12-03 20:57:25,2017-12-06 19:24:58,2017-12-11 23:12:29,2018-01-02,122069fca3311a187c778eb5c822b43c,2017-12-03
98d069c561ebb323c7a43ec817b36dd4,8f9c453d4c1deab9d6ed3da172b94200,delivered,2017-11-21 18:09:39,2017-11-21 18:17:27,2017-11-24 17:44:44,2017-11-26 18:37:21,2017-12-08,fe116efe0763b10ad178bd1c8113e047,2017-11-21
2388c04ea924e96663a57113cf1d7425,59a600cdfd73de5d7a12dc35f9b0443a,delivered,2018-03-09 08:39:05,2018-03-09 09:28:26,2018-03-12 19:58:37,2018-03-20 22:21:24,2018-04-03,38dd24fe0bd511637c0f74f76d151d8d,2018-03-09
5aaf5359952da832a493aaa6e4269d9f,f49b2fd3d290c3b75e8788498bcd9e98,delivered,2018-02-22 07:44:07,2018-02-23 02:31:15,2018-02-24 00:03:28,2018-02-26 20:48:41,2018-03-08,d1fd38dd11488ce9033161506ac358ce,2018-02-22
8906d9dd8d476768948e2709395ae912,04793d54bfc5338e1852fed0a18ea3a8,delivered,2018-05-15 13:41:13,2018-05-16 03:15:10,2018-05-16 15:07:00,2018-05-21 12:03:57,2018-06-04,06b049bb5fd4f3d499decb9cdfff1b0e,2018-05-15
5a1c6fbb26d08c5385bc4b9b066f2bca,8cdca44e9e54f247f3472bf8f28e63e3,delivered,2018-04-27 17:33:30,2018-04-27 17:51:42,2018-05-02 15:15:00,2018-05-14 15:57:48,2018-05-24,e44ec325a5775961283c668807c91657,2018-04-27
a77e882c9c59d8664553d1385390b6ae,9b458fc3c90b744c006fbde76f22769a,delivered,2017-10-23 12:00:33,2017-10-25 02:08:37,2017-10-25 20:52:51,2017-10-31 21:47:44,2017-11-13,a654683f3f4acce19f4c1e9c53bbe0b0,2017-10-23
ff0fc662abeada5aedb2f3a0279628c3,81b645548b83aa9c8f177f5509d54cfd,delivered,2018-05-03 22:59:46,2018-05-04 00:52:54,2018-05-05 08:40:00,2018-06-04 23:32:03,2018-06-05,989607fc4fdff3504fdfbd8420afb050,2018-05-03
34e974a7933cdef65a81519b29e3bb26,f0fbeb9756b77e7f9fab29a9eab784a6,delivered,2018-02-26 23:33:36,2018-02-28 09:29:32,2018-03-02 00:03:42,2018-03-27 15:17:39,2018-03-28,10c009dd098e5e448e7ba617e26adec9,2018-02-26
8d9de4f71359b674f9e16be4c40bf358,7cf345a01640ff975fc5e3baea23e56a,delivered,2018-06-15 00:04:40,2018-06-15 00:19:15,2018-06-15 06:15:00,2018-06-19 18:28:42,2018-07-05,e5959be40b356a89206e1a4e3e895c21,2018-06-15
dd83bcfbba569f573c6e7290d3092506,03493176f2a79c72181b9f75f539c55b,delivered,2017-08-16 16:29:31,2017-08-16 18:10:22,2017-08-17 15:09:06,2017-08-21 09:39:08,2017-09-20,101c4f3a8d05e210924b56609b8497af,2017-08-16
8b8eff044126a94388def4b95db32ccf,020c3bb8476e9193550d4c308c1e45de,delivered,2018-04-16 16:06:10,2018-04-18 08:34:52,2018-04-23 12:58:57,2018-05-03 21:54:38,2018-05-17,ebd5a8b2f2a2cad0a82ed02c86d3ac59,2018-04-16
bd6db30a785b2562c0fdba187450a2db,04a1baab9cbc43e54f00c5c243a4366a,delivered,2018-08-23 10:53:55,2018-08-23 11:15:18,2018-08-24 12:17:00,2018-08-29 18:27:41,2018-09-18,930b47df55f7281c598c908585ae7435,2018-08-23
b418f47f5f940ca554e3010f3c009c8f,5acd1a67f329f6da37575c08b32b87e8,delivered,2017-11-24 09:36:20,2017-11-24 10:13:12,2017-11-29 22:46:48,2018-01-04 17:24:53,2017-12-22,7b5679cb67856a1fb48b106614317771,2017-11-24
70319d04aa0c847be6f9a23326f7bb6c,19a35c7fca09991bec956f11a02543c5,processing,2018-04-30 18:55:03,2018-05-01 02:15:39,,,2018-05-25,fd9a706b2e4d26b9ba1e0a94c842e841,2018-04-30
316119df99801d35bea84dbe48f4765e,50c59de5f940db0689080c7a6c6be54f,delivered,2017-12-21 09:01:00,2017-12-22 12:33:31,2017-12-26 17:48:13,2017-12-27 20:37:47,2018-01-10,13ac6da47fef1b17b16f511e03b57918,2017-12-21
ff8f8f9123b73422b7a732a02483d9e2,6a029307b24c4e85eb7f8b54d28f531b,delivered,2018-08-18 16:29:06,2018-08-18 16:50:16,2018-08-21 11:27:00,2018-08-24 20:28:43,2018-09-10,ef3619723058855152c4c48778a0e656,2018-08-18
9598b1f75e82917256f2fda897e5dbdf,21cad034f035196d4c21074d41f5d701,delivered,2018-05-10 19:27:38,2018-05-11 03:37:45,2018-05-19 06:14:00,2018-05-28 15:44:34,2018-06-01,ef39e758b13d83cf66c9624a8fedb728,2018-05-10
8c6bfa76e0b4be56db6c43f35db2d4e0,3a0eb9e1b206d86984425581cc2e6f58,delivered,2018-04-08 11:43:25,2018-04-08 11:55:17,2018-04-09 18:51:30,2018-04-11 20:19:05,2018-04-20,7e1ad66cf0b136c9348d4bcfafe77a0d,2018-04-08
d1a400ce562574516f7678085b06cb43,378b3a1eb52e28bd3657d8639fb563d6,delivered,2018-07-24 13:12:29,2018-07-24 13:25:13,2018-07-24 13:58:00,2018-08-03 23:34:27,2018-08-13,15ac25e2b25065073f99110af705cd19,2018-07-24
b61519b912ded530fcb3fcc9103fcff2,5c6fc6203282033c16b64ea68ed111e4,delivered,2018-07-21 15:45:49,2018-07-21 15:55:11,2018-07-23 16:50:00,2018-07-25 19:11:55,2018-07-31,03d4953a455f8489e712ea80699de878,2018-07-21
ca3b58af42b9daa0734a85b70fefb260,83f3fbb00f10d67c1a2a0173c6b49b23,shipped,2018-02-07 01:59:12,2018-02-07 02:10:21,2018-02-07 18:18:28,,2018-03-12,149dbdb469dfff54f9927c31d44363dd,2018-02-07
29c82ccd5237fc5a875f59fd3c6c1c0d,77e5806ecf9fdef81ef001f1b9fb425f,delivered,2017-06-16 17:00:34,2017-06-16 17:15:16,2017-06-21 18:57:47,2017-06-24 09:47:47,2017-06-29,21c8f0e82e8cf56729e6d1c4937e002e,2017-06-16
ed74b2249d7641a1a372251783b088d5,5772febf15640624d43fb155efde3061,delivered,2017-10-27 13:34:12,2017-10-28 02:50:53,2017-10-31 18:51:32,2017-11-07 17:42:23,2017-11-16,fd08d561f205e946c8d2bd8e883e87df,2017-10-27
ef8e8348ba291917542268f900fac505,89baab6924c357bb87101f06523bf1a1,delivered,2017-03-01 13:25:04,2017-03-01 13:35:13,2017-03-01 16:12:05,2017-03-07 10:37:44,2017-03-21,91fcf0b76faf0a675625fd6fd6f72361,2017-03-01
aded763e095ef505747ec7376f7310ef,df98e095ab670c3abe0a814e160ef507,delivered,2017-11-08 20:24:38,2017-11-08 20:35:54,2017-11-09 16:09:30,2017-11-21 20:38:31,2017-12-11,23a241c42bef9b80bfe4243017a50837,2017-11-08
404c087c1f661898fcfe9d4c4b1480d7,1ce70910bc16481433b771949f74552c,delivered,2017-02-24 22:55:52,2017-02-24 23:05:16,2017-03-07 15:02:21,2017-03-13 11:04:15,2017-03-28,c23315b264964939b72da1eadedacc3f,2017-02-24
fbd3991898630a7003a6c900b2b0ed7c,7f999926bdad61c9e3d5442fe294ef2f,delivered,2017-12-23 00:24:55,2017-12-23 00:35:29,2017-12-26 19:03:15,2018-01-23 02:12:08,2018-02-05,8f5d2e56d8e3ed7c7937d9aead8c91f6,2017-12-23
5aaa1fab54b179cb7c048131f1ea8f78,dc1a55154836abe604137fb9a1a1b6fd,delivered,2017-11-26 00:21:53,2017-11-26 00:33:27,2017-11-29 22:37:45,2017-12-02 00:41:54,2017-12-12,f680a7104fe131f29d3b05cb5e84b7b9,2017-11-26
362b6af60a35f334d6df5c237a9897c4,3b101001377166d378279d7a33405c4e,delivered,2018-04-14 17:09:51,2018-04-14 17:32:12,2018-04-17 22:18:25,2018-04-25 22:12:10,2018-05-14,5207759d6a1aab2379c1eae36e3c5bb4,2018-04-14
3e4a2b96719ecae342e5d413e97a1be2,a93e6e1bad3b9d95239b7dd652a1ff13,delivered,2018-02-27 11:06:32,2018-02-27 11:15:32,2018-03-12 18:22:25,2018-03-21 22:38:25,2018-03-21,5261961eeb22ad480eafeb8829cddacf,2018-02-27
9d112e41d85aec5101964866c4801784,b2afa88ef592c0ea21561b3161d1fc83,delivered,2017-08-31 15:06:55,2017-08-31 15:24:46,2017-09-01 17:07:50,2017-09-12 21:59:41,2017-09-27,abda1c05a81530c2b556651724ddee05,2017-08-31
816210a15f4fa3b8fbc41acdb76f4733,96e3967a4dd44db7e946f46988281df4,delivered,2017-05-08 22:36:56,2017-05-08 23:42:27,2017-05-15 06:44:39,2017-05-23 14:03:58,2017-06-01,38ea8929fa7b469a3672b427c6663e43,2017-05-08
8f367420ab5fc7305b7383f29ef4ed4e,56be20830570df2c36d2935be6f1e417,canceled,2018-01-30 22:32:13,2018-01-31 20:30:52,2018-02-01 22:47:53,,2018-02-23,04eac1171d6846c64e71bf03b3e4174e,2018-01-30
44ac5be3803a136ad51df67f789a2dab,777383b5753753a9c3fbe33e966567e7,delivered,2018-04-20 09:01:16,2018-04-24 18:35:57,2018-04-24 01:17:50,2018-04-25 01:30:59,2018-05-07,1811fa86febfd40fa2b58186732468f4,2018-04-20
993fdd67bb09daf3cfa570484782ae5e,02147933803d610875878623ed98c7d1,delivered,2017-05-05 09:01:37,2017-05-05 09:15:16,2017-05-09 14:09:43,2017-05-16 22:52:53,2017-05-30,024cf57b6da1f225b8b130dcd9093af9,2017-05-05
a7255b91d9eb85148e57c8238cc67214,07eec386a53111e17e55f958947dfd4b,delivered,2017-12-15 17:57:08,2017-12-15 18:41:59,2017-12-18 16:36:54,2018-01-04 14:24:39,2018-01-30,9e6fc5bc922be463389f7ec3227dfef3,2017-12-15
8dd77e1eb85a144a90a50d1a813bf84a,41c983dc687ad44bb790cd5840612d3f,delivered,2018-02-14 10:00:46,2018-02-16 07:50:50,2018-02-16 17:17:18,2018-02-22 21:45:16,2018-03-02,18e1192f2a6be73c4365dbc29eb7a6f7,2018-02-14
c4ff8f56a1fdb2e9dcb882b73903d104,a875682b67eb7d30c5fdd0408711e669,delivered,2018-04-25 15:59:08,2018-04-25 16:53:26,2018-04-30 14:49:00,2018-05-04 23:31:28,2018-05-10,30b9964f0783ba4a4857d1e5a23f6586,2018-04-25
2c23086c23ba12b76e8312efa418c62d,e0e226f1c923bbf1ddfff85365e8933e,delivered,2017-04-04 22:12:24,2017-04-04 22:22:44,2017-04-05 16:07:38,2017-04-17 08:05:11,2017-04-25,408a225630a7b19b4cdaefb4a03f84d9,2017-04-04
c930f0fb9c6fed6ef015de48ea8dd5ea,8c0a910554ce1592ec6402e94e232ab9,delivered,2017-07-31 14:46:47,2017-07-31 15:05:14,2017-08-01 14:51:38,2017-08-02 17:25:04,2017-08-14,ac1025080589ce9b5b2a2c75ccd1d420,2017-07-31
9f40e393aa9198eec21f6c89f378da4c,2577a8a483e4c65a4e9256b90de22f4d,delivered,2018-06-25 16:02:53,2018-06-27 09:11:27,2018-06-27 07:56:00,2018-06-29 15:28:52,2018-07-17,ca10eee314aff3626f3d60e81fefc22c,2018-06-25
fc62afb57b86ee5363aee2b7c04421c0,2c5fa55f96afc893b29c94255b4b7ad5,delivered,2017-12-04 10:58:22,2017-12-06 17:34:23,2017-12-07 18:49:03,2017-12-13 13:17:22,2018-01-09,26acc72cbc14d9fcd1a519a43d5376ac,2017-12-04
dc38e52fa44c2617addf64cf5787780e,ed7a2717fe99c4f89746804d399a4e6e,delivered,2018-01-19 14:44:00,2018-01-19 14:57:25,2018-01-26 17:11:56,2018-02-15 01:18:32,2018-02-20,f6562b5995553e2607570b1898414648,2018-01-19
a073cf1c562686644bf7be677ad35b3d,42a83ad36631f91c083ca28318f5c24d,delivered,2017-11-07 19:38:03,2017-11-07 19:50:54,2017-11-08 15:46:35,2017-11-15 11:27:27,2017-11-27,f56e9b265ee45f4184eed20e928bc55b,2017-11-07
d219d37e7efeb5f720d562521eef772b,1a8634298e40d90da9a1b11d1434cf2b,delivered,2017-07-21 10:25:35,2017-07-25 03:45:20,2017-07-26 10:17:44,2017-08-12 17:09:52,2017-08-22,734392e6ad28a23030c6d151fa2193a9,2017-07-21
952dfc4bcc1dce2062c0b0575ec23db7,8de1e48bcdf39b47ab42e9b32b9772d5,delivered,2017-11-17 08:02:20,2017-11-18 09:29:17,2017-11-24 18:35:23,2017-11-30 18:27:14,2017-11-30,2d07a93ef92e366b7591ca1ee99da5dc,2017-11-17
4dcf36a6420bf67ae5326a294ef1bcc3,0fcccf66f19e899aaaeac881f43c012d,delivered,2018-07-03 09:36:25,2018-07-05 16:27:36,2018-07-04 06:48:00,2018-07-11 22:37:53,2018-07-20,24eac7ace1babe64a0786978c5b58dfa,2018-07-03
84cedab09d15fbd3bb87956434d61573,71e0544719fa3df92e71213e2e83fb4b,delivered,2018-07-20 15:57:07,2018-07-20 16:05:30,2018-07-23 11:45:00,2018-07-27 07:22:40,2018-08-08,675ea553e9970a90997c47df60fc6275,2018-07-20
5cdad9598ab8686c137c2ad8c24d4803,72835445167408da77e382199e203451,delivered,2017-11-06 16:46:47,2017-11-06 19:36:09,2017-11-07 18:42:22,2017-12-12 01:12:19,2017-12-07,6a6f22ad7d0ef9a767fce278780c91cd,2017-11-06
e1a3812afec72cd377060bfcf9dbf91e,96d410aaee618eeb06de133dba6b447b,delivered,2018-04-21 11:52:55,2018-04-24 18:33:07,2018-04-24 20:22:42,2018-05-17 23:22:51,2018-05-18,69e88e85fe0c8174250a124b7a562481,2018-04-21
333949e8d3532d52be513adc226bc7a5,7eac6328884607e8dd6a1023cda571af,delivered,2018-05-17 16:39:45,2018-05-18 04:55:22,2018-05-18 10:48:00,2018-06-13 15:44:36,2018-06-07,5c481bed52b4f421f6d424d6fd0c3990,2018-05-17
3a430e3b4726aa29854e7fc28fc77761,aded5846154a6b4a05daedda99c15323,delivered,2018-05-04 23:18:55,2018-05-04 23:33:50,2018-05-09 16:19:00,2018-05-14 16:48:48,2018-05-25,389fe925fb3a838c1ffeb1da775174ab,2018-05-04
c0e9dcdcd3862119d8650ae98410faff,616466bd090f63f7898fc58b61970ee1,delivered,2017-08-30 22:03:56,2017-08-30 22:15:13,2017-08-31 16:37:52,2017-09-01 17:59:58,2017-09-12,82a51ec91130ecf68613638196ebe904,2017-08-30
4ee25083ee6cc047adea4955dce72c6d,4caac2b083c3e53c597c4362c61f2598,delivered,2018-04-11 00:03:20,2018-04-11 00:15:26,2018-04-13 20:41:24,2018-04-23 18:27:49,2018-05-03,f4714ce5ac2fe6ebca5ba8f8a4756b00,2018-04-11
d6433f92f95904f2d4a77beb2769e8b2,13ba8801cf584ba4d16ebee647f2dfd6,delivered,2018-05-05 19:09:55,2018-05-05 19:33:29,2018-05-08 13:39:00,2018-05-11 20:34:43,2018-06-04,73a6e573590e0774d7b47db2ca3a897a,2018-05-05
6a6b5f5c1957d008772dc54c84a0980f,09dd5b8cd013d6fe41dc343609a44cc2,delivered,2018-04-05 12:39:41,2018-04-05 12:55:35,2018-04-06 23:28:50,2018-04-09 13:52:49,2018-04-20,63aaa0042a4983e7cf9ca741b0ad1849,2018-04-05
ec250576de989120ce229e49bae2e72c,320f11397eed52480b8a85e858331538,delivered,2017-02-04 11:13:31,2017-02-05 11:21:53,2017-02-06 10:32:16,2017-02-14 10:33:05,2017-03-01,bd5351ebb398da13fad912b64456483b,2017-02-04
460b00ca293dcd679c0c580ec1982f64,cc78bdf21d2e7ce9282173a7c988e998,delivered,2017-11-11 19:20:10,2017-11-11 19:30:50,2017-11-14 16:29:07,2017-11-23 20:14:30,2017-12-11,3648f9e5f51f679ed24deff1f031a093,2017-11-11
ff7b636282b98e0aa524264b295ed928,eb09a9c966e7801d1ab6ccb15baa96ef,delivered,2018-02-17 14:46:29,2018-02-18 15:35:35,2018-02-19 17:15:12,2018-02-26 21:35:20,2018-03-13,3dceeb3d4179741a2989416284356e63,2018-02-17
6b256beca574a0dfeb3cb16afb216061,46ad2a4627eaff989f09ed085a63f0f8,delivered,2018-02-03 18:07:36,2018-02-03 20:10:19,2018-02-05 22:16:22,2018-02-14 13:04:05,2018-03-01,b13cfce354f3d85b78bfaf5d8ee4cff6,2018-02-03
23d0c6798618d5bfc02a9d517e79a641,437fd71bb6a1f6fae1a78eab396ecc2e,delivered,2018-04-01 21:01:06,2018-04-01 21:48:13,2018-04-02 16:19:14,2018-04-04 02:55:27,2018-04-12,fb927b0b2ddb2d2bffb5076119a8bc13,2018-04-01
2ea06e4e577c7be86e2e35ab0d7e74b8,dd8adebabc801bb0fed474be66be9f92,delivered,2018-05-09 13:14:53,2018-05-09 13:35:00,2018-05-09 12:52:00,2018-05-15 15:38:51,2018-05-28,76fbf76b56d37626f2632604536cdd61,2018-05-09
89b55ee54073439836589d42a92ddb33,1667139087d31a573de9e38c5800835a,delivered,2018-03-15 19:07:58,2018-03-15 19:20:42,2018-03-16 20:34:35,2018-03-29 14:08:26,2018-04-10,c824095fa1bf5b145ff0ac82b1eea811,2018-03-15
de6ea8b619d37e5f86f1566fb3136a15,de416864fefbc148110c3951c25fe872,delivered,2017-10-30 10:40:22,2017-10-31 10:35:21,2017-10-31 21:29:06,2017-11-09 19:26:47,2017-11-24,03473df77f2a5b6cba2360f245b61a7e,2017-10-30
58346246ea802a21cb34124ed2326770,0922ca5cbf709f1cbbcf0121e4eaba91,delivered,2018-07-11 17:17:37,2018-07-11 17:25:53,2018-07-12 15:15:00,2018-07-13 17:58:42,2018-07-19,211aaecea827d378c879c2b2f667c89d,2018-07-11
8b603b48fa05d66935f7c27466bf9293,e3e19da7f1de845ef556c5191c0fccf6,delivered,2018-03-14 11:23:27,2018-03-14 11:35:37,2018-03-19 22:32:09,2018-04-03 20:56:38,2018-04-05,fc58e93ad5f2daf2014c8d138813d1d6,2018-03-14
dcaf612dbd866a980d731b8a1b8fce59,b9c50863af770d30bd3a14719df9b726,delivered,2018-03-31 13:15:30,2018-03-31 13:27:16,2018-04-02 17:16:58,2018-04-03 19:27:31,2018-04-12,b59573acc700db477ad379a38496357f,2018-03-31
726dc9c6c71556f7c7ff01eb24278bd9,a3552008b1cf707a84d3c8124acdb7ca,delivered,2017-12-02 18:45:26,2017-12-02 18:57:21,2017-12-05 02:34:26,2017-12-10 15:59:16,2017-12-28,2a7728b8d57b8876d36069dc52f79e21,2017-12-02
847e04c1fabd29748790e74c1430c603,456689adc192943c460cdefd37b4ccfb,canceled,2018-08-06 20:05:00,2018-08-06 20:25:19,,,2018-08-13,8964628f0dd7ab0fe0751abedcbd317d,2018-08-06
8ecc75b89cac1a60578b65339ad6a169,ab5e250b91db7cff17070cdf5cad37ee,delivered,2018-06-14 14:54:24,2018-06-14 15:20:30,2018-06-15 14:29:00,2018-06-20 11:35:31,2018-07-04,76355fb3e7cfd10805e28e4bfbddda37,2018-06-14
6bf23bc0b1c629639c42e76d525ea1a0,fe90652327c5b552bf56d431f882ad20,delivered,2017-11-09 13:21:04,2017-11-09 13:35:30,2017-11-13 22:56:46,2017-11-21 22:07:40,2017-12-04,9dcab95207547d24008d01cfc8e96664,2017-11-09
202b0e2a72ae812b73b645d02a6b1bc0,428d17477be86381ead9c16e52c0528c,delivered,2017-09-20 21:08:06,2017-09-20 21:25:06,2017-09-26 17:12:28,2017-10-03 19:58:08,2017-10-18,3a992f49b846364998d3d24dcf6096c0,2017-09-20
f4d8adf14699f63ee2a2c3a6a43a1d0c,d4de81de6b255769e95b62a6f80eca2b,delivered,2018-08-07 14:50:14,2018-08-07 15:05:14,2018-08-07 22:32:00,2018-08-08 15:22:18,2018-08-13,4694564248fbec64fdb096291fbbe92f,2018-08-07
39e9c38b504f39d0e4ee71af8823bc45,a5bce1b77eb9af9890cc3f9472a19844,delivered,2017-06-20 10:42:59,2017-06-20 16:45:32,2017-06-26 16:24:44,2017-06-28 19:12:55,2017-07-03,29cbe38752ab1949f4156179046eeef9,2017-06-20
717903b4b996a7ae799b0c76b779fa0c,57f0329a42dc7c06a16fc1abebc1e84c,delivered,2018-04-09 18:28:14,2018-04-09 18:50:00,2018-04-10 19:02:58,2018-04-11 19:51:33,2018-04-19,801e6d205ff6ea1f0ac9132ccecba63b,2018-04-09
587db1c1aa53b800cbf81582f39cc672,5b26f35249b0f0f479cdd89bb9fb5edd,delivered,2018-01-23 17:13:20,2018-01-23 17:21:30,2018-01-24 17:52:26,2018-01-31 21:13:20,2018-02-21,0e50cbdd5d63d23949fe524dd4a7fbbd,2018-01-23
47420d7f7e141ae9974351d8a438f759,55cae1e7c9b2dd0420cf1f95699d77a6,delivered,2017-09-02 11:37:53,2017-09-02 11:50:23,2017-09-04 22:05:58,2017-09-12 17:33:42,2017-09-22,9724553bac1f3f92a40de0c99327fb6c,2017-09-02
b0e65df29a0a85006409d9a2f2da4b01,8352b8e0095399b0666b8b7b1a95a561,delivered,2018-03-25 21:34:57,2018-03-25 21:48:22,2018-03-26 22:38:56,2018-03-27 15:48:53,2018-04-20,e532a64d41daee7d8deb7eff9d02cf47,2018-03-25
2b1313fd0314bab6ab57ffc7725febdb,49c55e79af641e5db8f27d66d690bd81,delivered,2018-01-24 16:12:58,2018-01-24 16:39:17,2018-01-26 12:58:49,2018-02-08 23:03:38,2018-02-08,cd9cabca3c19d33f765e621a5573e845,2018-01-24
2ffb8e2050ae93716f72226de572ab0d,8f6897eea837b76a043cefd94ddcf4be,delivered,2018-08-14 17:13:56,2018-08-15 19:04:04,2018-08-16 11:35:00,2018-08-29 15:06:32,2018-09-11,0e654cd2ff0c4694a184cf1ebfc0fcd2,2018-08-14
79a1e2d3510d26bc14308f2e691a9804,75dde84882a9744fea5b751b8e35ca90,delivered,2017-07-21 10:44:30,2017-07-22 11:10:11,2017-07-26 18:53:36,2017-08-08 11:07:44,2017-08-22,702176302a39135b2be89681a80fbc32,2017-07-21
c81d1d3f8deeded6af5d352021b5a188,f7f8813f575553b785f3a37652488027,delivered,2018-03-28 16:16:20,2018-03-30 03:08:56,2018-04-02 22:21:19,2018-04-03 15:04:48,2018-04-10,18e6ba0f14fc6c41a56d880927f4615c,2018-03-28
08e8db59cdb3cd620eda092781cf84ad,61d9f7ce8890eb093b0246f89c1c896d,delivered,2017-11-24 20:35:14,2017-11-24 23:34:07,2017-12-01 16:09:12,2017-12-11 18:37:42,2017-12-18,2d600e89276f8e28928277b5c297ddcd,2017-11-24
3efd0db4e238cc683c2e6c2bd7944b97,0107c38d1ad737e7508cc65067b25d10,delivered,2018-05-10 20:41:16,2018-05-10 20:57:56,2018-05-11 09:40:00,2018-05-21 19:16:30,2018-05-30,ddec07b2176f23c3e4a17570e0f2eb3d,2018-05-10
24d1b74a97e959cf2ed7190dcc02e726,06369c2ee3b11ec9c30ef9e8ea3ca97a,delivered,2018-03-21 22:09:48,2018-03-21 22:27:43,2018-03-22 21:13:30,2018-03-29 22:26:47,2018-04-19,8b300ae21ec99f1021506efbb3820ac7,2018-03-21
bcd02f9a1aba6a6d65dca88c18107f09,38b74cc031acb9c0544dad2391472e2a,delivered,2018-04-18 22:16:32,2018-04-18 22:31:17,2018-04-20 18:52:40,2018-04-27 17:36:55,2018-05-29,23edc5a3d1e401df09610fff81a7551a,2018-04-18
906f3bc1c109fc6476f1d3002448f260,e36003b61f157c0ecefdee172a637fa0,delivered,2018-03-06 16:03:17,2018-03-06 16:41:02,2018-03-08 18:58:45,2018-04-09 16:36:37,2018-04-03,101732d08cdaa0fe2b7712b4b03311b3,2018-03-06
3da4b0f0c89bb8fee8a810459e641414,2415312e36eac3ab3819f5b7f32522e5,delivered,2017-06-08 16:46:33,2017-06-08 18:20:19,2017-06-12 15:31:40,2017-06-13 13:23:01,2017-06-23,1f83c87997168e248ea52ad3453b069f,2017-06-08
a9226b72b35dcadd237ea0c46e5ca31b,6a239e8985c0fc11d1b57b9b189f9302,delivered,2018-01-05 19:14:15,2018-01-05 19:27:40,2018-01-10 22:18:09,2018-01-31 17:28:04,2018-02-02,e13de50b432a1c2727e6797ace190aaa,2018-01-05
976d43cb798a1624b39076696b1b6524,141c3bffe4f9ee817bf6d37a4ba1b65e,delivered,2017-11-15 12:07:16,2017-11-15 12:26:55,2017-11-16 22:32:44,2017-12-04 23:06:27,2017-12-12,ce6d2092d24e4e716268f43412799c3b,2017-11-15
9d71ed3bdd31105ae9fff4690e74b78d,17cfb5477c2932c7ccea2be346ae4a14,delivered,2018-07-18 22:34:08,2018-07-18 22:50:14,2018-07-20 12:11:00,2018-07-25 20:42:40,2018-08-08,3ea4185126195c34ed9949d8e406d570,2018-07-18
d497ded2ccd602dd16411b12b379f432,d474e533438fe56c31460ebec1686754,delivered,2017-09-05 09:33:45,2017-09-06 12:43:38,2017-09-12 21:25:36,2017-09-20 17:04:51,2017-09-27,e93c9d91e73b0d4d2ce6670f9f060702,2017-09-05
e3666b7c6eae23a285267dd0851c5ae1,60e00d7edcd8f89eb0af755e9eea3c6a,delivered,2018-02-09 21:29:09,2018-02-10 12:07:41,2018-02-14 20:19:00,2018-03-02 17:17:41,2018-03-14,4cf8b722229a83277ba425b6f10c4da4,2018-02-09
3ea45d5f974b611d993c786591f2c6c5,448c72f07cc0cc6295bbc4d4d7e2c14b,delivered,2017-11-09 23:51:51,2017-11-10 00:07:06,2017-11-17 21:46:51,2017-11-28 23:57:11,2017-12-04,ff0434cf9d1fc2afacc7f8985c456da7,2017-11-09
11f10acabb1552521a9a7ca484aabd64,9107a1be2b8b1e2d453bd9d24db120dd,delivered,2018-07-20 14:55:56,2018-07-21 03:25:13,2018-07-24 14:09:00,2018-08-02 14:22:19,2018-08-24,f22658cd20184d80e405606a5488c752,2018-07-20
b2e5be9642d390480c19fbc80e533de6,250db83427885000b3aa996cf9dc3a72,delivered,2018-04-16 13:41:24,2018-04-16 14:35:11,2018-04-17 00:03:11,2018-04-30 20:34:36,2018-05-07,4a6fae603f245a9312b737c601aaee78,2018-04-16
d2aefa1e404936eb9c5660ac2bde4ecb,4143e540a8eeca082e8749064bb16280,delivered,2018-04-28 13:50:23,2018-05-01 06:13:39,2018-05-02 15:15:00,2018-06-04 18:48:44,2018-05-25,ad37ff09f7266e754a55d616c5613634,2018-04-28
2107484004fafd3fa95b3ddefb066aed,c7aef0278d3d09b9f80219ae272cc0cd,delivered,2018-01-07 18:47:26,2018-01-07 18:57:34,2018-01-15 17:17:02,2018-01-16 19:56:47,2018-01-24,4771566fc89f5d397e662758483df828,2018-01-07
452053a4ee7ad52552d9102101ff4635,cc309d30a86e1ffacdce0b86296d69dc,shipped,2017-06-11 19:08:12,2017-06-11 19:15:16,2017-06-12 10:12:32,,2017-07-05,59d83a6ad4e3ddf1d983319146230b01,2017-06-11
3322def88876cefd455c98956089a062,4bf7fc5e4c8864c7c02ad8db81d2e804,delivered,2018-06-29 20:09:38,2018-07-05 16:24:37,2018-07-06 08:41:00,2018-07-12 20:38:28,2018-08-03,2c9f251615f1fd1fc813a222fed9cc10,2018-06-29
f882dc69fbc15adb2c82cc8898c3c917,5dcc806f43bc57d5eee24e1e6c10a5fa,delivered,2017-08-03 20:50:07,2017-08-03 21:05:13,2017-08-07 17:28:19,2017-08-10 16:14:09,2017-08-29,3f3c52cd37c95b4df44a43f5494d274d,2017-08-03
3386674e0363653ac5f71597d88d80fe,d057951b2e010930970d111b015bc37d,delivered,2018-07-23 12:04:23,2018-07-24 13:24:53,2018-07-24 14:42:00,2018-07-31 18:42:16,2018-08-10,fafe2f8e0b7065fef995698ef3809fec,2018-07-23
e6bb409c7115979984f53a191daf6a1d,61394198d41ef8190da8913ab2f9c168,delivered,2018-08-15 20:47:47,2018-08-15 20:55:28,2018-08-17 12:05:00,2018-08-23 23:32:56,2018-09-03,14d4c6468374f217d4ef9e134799ffe4,2018-08-15
4f348896f3a3026792f1e8794746263d,930b16e4f16b2e13a346bd2c232ef0c6,delivered,2017-11-24 13:16:06,2017-11-25 05:59:31,2017-11-27 19:59:52,2017-12-01 00:33:08,2017-12-08,fe6b113acee46594f596e9d8dce810dc,2017-11-24
2a48623a075ed7b21c8f9ed3ab513674,70402b5d4e89d75ccb09787eb910a146,delivered,2018-06-05 18:50:05,2018-06-05 19:13:41,2018-06-11 14:44:00,2018-06-16 16:32:06,2018-07-19,2781a2e4e52f043644791347b8227cb7,2018-06-05
574e7fa647bceaebe16109cf9380cb2b,62e36ed8385fad5554f9f1f5a9e8dbb8,delivered,2017-10-04 15:11:59,2017-10-04 15:28:09,2017-10-04 20:58:11,2017-10-08 15:58:03,2017-10-23,87575b734771e8183765cb369e6ff86e,2017-10-04
184223a0c4c2ed91aaa25b6b7752ad02,273a2c45979f0ebb2a9e1a250fbee706,delivered,2018-04-17 11:19:06,2018-04-17 12:30:00,2018-04-18 15:12:32,2018-04-20 16:16:38,2018-05-02,46ec69b0ed8d4428218e24bc0d392303,2018-04-17
849e25f377587e96a7c12453f32f7fb2,2381dc24b79f58780240a6892ad9db15,delivered,2017-02-17 08:05:08,2017-02-17 08:15:13,2017-02-22 07:51:48,2017-03-08 19:37:49,2017-05-12,5c768e38434aeda51ba32eaaf77d14e8,2017-02-17
186a454110404a0ad7994b2853592901,ba49d0aa8b1e72ef7117c3cd4a6bbe88,delivered,2017-02-23 14:44:21,2017-02-23 14:55:24,2017-02-24 16:58:13,2017-03-07 11:13:19,2017-03-27,eb740aafbd79d26cd546c5c094985c4d,2017-02-23
4ee079b7a0ce4db29edb51f5d333b338,ce547f55d4451c52c0619fbc6e73608f,delivered,2018-03-19 15:28:34,2018-03-19 15:50:50,2018-03-22 20:38:25,2018-04-05 01:04:52,2018-04-12,9df144eb05e04bb3839d711cb8ddb361,2018-03-19
7d4bd3fbe5a300f9dc51aa3c63ad011e,c06ced9dfc8ab53bf20bc4f403a255da,delivered,2017-08-26 01:25:25,2017-08-29 04:50:38,2017-08-30 21:13:20,2017-09-01 19:25:50,2017-09-20,02aa4845dc6ee08624bcc899ad684b33,2017-08-26
8aed60ebc9e0c32365fe7fcbe6138592,823c735d2299e974e39e525cf1125d56,delivered,2018-07-09 09:49:17,2018-07-09 10:05:09,2018-07-10 13:00:00,2018-07-12 22:07:40,2018-07-27,9111d8f994722d7e6633c85b3a3c7fb3,2018-07-09
641682198a3f69b843b8d88fd145b8de,9a3feacf0ab6c455903766201558c15f,delivered,2017-08-19 21:23:39,2017-08-19 21:44:18,2017-08-21 21:42:38,2017-09-27 16:38:25,2017-09-21,37b724372b14d67a4296519f579d8697,2017-08-19
718b42497723bf9bed7b3e37380e1a84,15f35717f8fc5167d010bdf70a86a45a,delivered,2018-01-18 11:03:24,2018-01-19 02:38:30,2018-01-20 00:44:04,2018-01-24 22:34:23,2018-02-14,2a4fd5807f2912ab0596a468bb514e6e,2018-01-18
47b4bf81340558dae3b914a280e01e9b,6c89a3dc26d1005e439d707eebeacc85,delivered,2018-08-14 08:02:03,2018-08-15 08:15:16,2018-08-15 13:55:00,2018-08-20 14:24:48,2018-08-24,b491f301f328a008608ded913bb4e5e7,2018-08-14
06743668e599a5ca8cfe58b46d058fc1,593c6525b07d968df9a7989939d71738,delivered,2018-08-10 13:22:50,2018-08-10 13:35:15,2018-08-10 14:08:00,2018-08-22 22:32:51,2018-09-17,4f1dced97eedcc55e4966d0b746c2f4a,2018-08-10
81f2057c0c9128404edf9896a9269d23,08134f392c78e4c4cc9ba45e21a542a2,delivered,2018-06-25 22:59:03,2018-06-26 00:33:18,2018-06-26 15:05:00,2018-06-28 16:38:32,2018-07-19,c663b97acb12faef3f63fbdc9b9c2fe7,2018-06-25
a3f9bebb285f1758e8c3115c754d76d4,f22908184f6c250227bab0453b879e35,delivered,2017-09-29 18:38:12,2017-09-29 18:49:22,2017-10-02 19:58:56,2017-10-06 16:19:04,2017-10-17,c71a65221c21a4633e7ef4ea221d4dd2,2017-09-29
50182b772092990f9c237c00c8c24996,d9bda6cddcb5b6018967ef7e142e9965,delivered,2017-07-19 20:24:58,2017-07-21 02:55:24,2017-07-26 15:53:51,2017-07-27 17:46:25,2017-08-01,7166419db5bd013b570edb2306374631,2017-07-19
20171528a2535a40459caa7c39ff4234,597f5c79639cb341754f018424f7484a,delivered,2018-03-30 10:26:05,2018-03-30 11:10:11,2018-04-03 17:42:42,2018-04-04 19:54:26,2018-04-12,2b01ddcb67f2e36286975af102540c74,2018-03-30
27d30c300e058c28a3db99bf39aee1ad,a62c69530073e68d2c7e8c407ee8090a,delivered,2018-02-22 02:49:05,2018-02-23 14:15:49,2018-02-27 16:59:03,2018-03-08 16:11:54,2018-03-26,c9852be3a008869131e1f61af98832b3,2018-02-22
cd55a3824ef5413fb6fedc755c75fe39,1997e90b0b53f6767e0cc31d58c1db54,delivered,2018-02-25 12:32:30,2018-02-25 12:49:08,2018-02-26 19:41:57,2018-03-15 18:33:13,2018-04-04,bc98051cee7c0111167e6f40a4ed76f6,2018-02-25
481bab4ab953e59fd75574754371e676,57881a5d221c6786c46880c5358abb30,delivered,2018-08-03 11:42:26,2018-08-07 04:10:21,2018-08-07 15:33:00,2018-08-09 21:15:47,2018-08-14,f1acddb13b0339763b3af4497f769ac4,2018-08-03
9e55ecf53f805f324b146ed94f96ccb8,abfea012c84198a55091775654cd34bc,delivered,2018-04-15 15:37:07,2018-04-15 15:51:17,2018-04-17 01:16:22,2018-04-26 17:16:29,2018-05-09,53bdc79ef8d5c3f599884b10e8f1e2af,2018-04-15
ddd254b7f860427ef2a3edd452c9aa4d,cd76f44f6f6ca207f1a4ce700453374a,delivered,2018-01-16 16:43:26,2018-01-16 16:55:40,2018-01-17 23:48:28,2018-02-05 13:07:43,2018-02-09,ee8d6f6906b20a3bb172337ad272b46c,2018-01-16
fea59446572d8db3b8e9709ab5c096d6,bc2b4334acd8e2111cceaa040aa39e99,delivered,2017-12-05 21:27:45,2017-12-05 21:36:22,2017-12-07 03:17:27,2017-12-20 17:49:11,2018-01-03,122481af81b855a6e6c175f687e8bf39,2017-12-05
e5b61208a742effced13b469b54fb4ad,29f01fc9468ddaafdc8f0d61e244d6e0,delivered,2018-05-05 12:28:16,2018-05-08 04:55:05,2018-05-08 14:21:00,2018-05-15 20:52:48,2018-05-29,1de4754c0350d4ce451471cbe8655422,2018-05-05
303eb5cb4d788bba757d3b0a2aa5f270,7be913d53481da4195609f9dc1ea373d,delivered,2018-07-23 12:55:14,2018-07-24 11:32:05,2018-07-30 12:15:00,2018-08-06 11:48:26,2018-08-17,4aed79dc2cf59f8b81ea9242fd2a66cb,2018-07-23
6b2d83ecc02efe5e25e6be904c023456,e234cd9396872f2de40b139ccedddd11,delivered,2018-08-17 11:18:22,2018-08-21 04:55:36,2018-08-22 12:14:00,2018-08-24 18:42:41,2018-08-31,5eac32fd7c8fbf52e46c891228ac3067,2018-08-17
f5e5bce7921ab21b3f8b99aad9667d53,00931eabd5b24b4a2d97ec779d739631,delivered,2017-05-24 03:14:20,2017-05-25 03:02:47,2017-05-26 16:03:57,2017-06-01 11:18:45,2017-06-16,15b3549f16e0f7bdc1afcbad647eb8a6,2017-05-24
f9f807903694bbf34df92036c1d192f6,76279334b4f440007e4ecb65eb713ea6,delivered,2017-11-12 21:43:58,2017-11-12 21:55:35,2017-11-16 17:06:08,2017-11-28 17:21:38,2017-11-27,2524599680c3e5051c8617457261357a,2017-11-12
49a12cdc30a64a726aa3c369ee8e2ef8,b0e88ad242cad980b051942a695fe171,delivered,2017-12-26 21:53:38,2017-12-26 22:02:20,2017-12-28 15:52:12,2018-01-04 22:58:44,2018-01-26,0c1f3299395c2f8a1c7022fd0332e8da,2017-12-26
bdc62a1026f13c8b268f075b88b81a20,08ab2ec232b0a35e92e3fa0f137529ff,delivered,2017-11-28 10:49:19,2017-11-28 11:49:50,2017-12-01 16:59:24,2017-12-08 18:04:34,2017-12-18,8d441896b30e021e8c4cde7ac7b76b77,2017-11-28
cbbf05b335b2987a5dec3e32f3ebeac4,402c412f0d4238f4503618b86b509939,delivered,2018-02-05 14:10:18,2018-02-06 05:31:43,2018-02-07 15:18:25,2018-02-14 20:29:40,2018-03-01,b86c3ccd584d448b6aa2200f8401991e,2018-02-05
571404a093e61054fe87db8b17beec73,d7440fbffd81b24d87b206be574d2604,delivered,2017-09-29 15:02:09,2017-09-29 15:14:14,2017-10-04 11:40:11,2017-10-11 19:59:52,2017-10-30,6f354038206bacc8c71b44fd654e2305,2017-09-29
c4844a648661a8301e3f1fec6b95e195,a3f75bc9ece2710b9799855474eadcf2,processing,2018-04-02 11:24:47,2018-04-04 03:10:24,,,2018-04-25,87500a9f90e47a028fec1281748d4355,2018-04-02
13d519be7e5206509a15e017ab923f71,f2b29ebe8a1e00eb8f9273ae1adec012,delivered,2018-04-25 20:18:15,2018-04-26 03:51:34,2018-05-02 13:40:00,2018-05-07 19:33:31,2018-05-24,98a5e58898b04ec9f77f6e26e67050a7,2018-04-25
687c2552711e443577a0960e9dd5cb4d,f0eb9241899fc73d5a852f7993517e2e,delivered,2018-03-25 17:28:49,2018-03-25 17:47:42,2018-03-27 02:08:51,2018-04-05 18:27:54,2018-04-17,f10141c61217d2797912e6b2715229e2,2018-03-25
fb8cc84309560b14ab09d560ef375beb,a022a81ac1f3910954f1741372f6f09c,delivered,2017-08-25 23:02:45,2017-08-25 23:15:19,2017-08-28 15:48:52,2017-08-29 20:53:57,2017-09-06,af09c4c5dba91ea8c83a64a3798fe01c,2017-08-25
24011f35927e676f392e9dc0f7a4b06a,8cb5215c25ad0689fc8460e4191233c5,delivered,2017-12-14 08:34:48,2017-12-14 08:52:10,2017-12-14 19:53:17,2017-12-26 22:57:50,2018-01-09,03721174fcf1710568e95319cba03508,2017-12-14
8bff3c1c4e7be54ba2c6e96173af9cbd,03c8a5c09464a476c67708e0ef65078d,delivered,2017-12-04 11:02:18,2017-12-04 16:31:57,2017-12-08 23:47:13,2017-12-20 18:32:44,2017-12-27,0f934eee5883e89afa40170db7f3efe7,2017-12-04
6782d250639c09c7c4e49e3cf17828a2,32a76ff73afc1bd3bb1300339764345d,delivered,2017-05-22 11:30:53,2017-05-24 03:10:28,2017-05-25 09:12:04,2017-05-31 07:55:46,2017-06-26,887c71ba8e0b027ea5499e55764ba5ec,2017-05-22
7277412b4dabb3b15f3511cc78e81125,8a06eb73f20ede01d69f7c464749790a,delivered,2018-03-26 02:15:00,2018-03-26 02:28:34,2018-03-27 00:32:13,2018-03-28 19:43:32,2018-04-06,86d275d37ab130693fc6a970fa1accbf,2018-03-26
cfeafb929e8e089a77a5941999a6c608,504d0f9e21cb1577eea28f19076379cb,delivered,2017-12-02 13:39:00,2017-12-02 13:50:16,2017-12-04 18:43:23,2017-12-24 14:18:41,2018-01-03,60ddbe9250a1ea26609f24c651c9f03c,2017-12-02
de120713387a2f5797786ebd0795ef04,013b46f9a2576623a655fd9469b7c583,delivered,2018-01-12 10:26:50,2018-01-13 04:54:41,2018-01-15 17:43:18,2018-01-22 21:29:08,2018-02-06,7ee7b51e84d754f7a627c51c473d670c,2018-01-12
0327e299243edec0ed4f26712a05b910,e2696f174d3800f8f86fca7d33a82018,delivered,2018-08-06 18:16:20,2018-08-06 18:30:20,2018-08-07 13:11:00,2018-08-10 19:21:51,2018-08-14,6db99644c69ba64b1a944bf6a14d1147,2018-08-06
27b974fdb1343121e2a97ab9bfe080e2,d5c2ad00773abc9e718dc31789b7d4a1,delivered,2018-05-21 21:09:32,2018-05-23 02:15:33,2018-05-23 14:57:00,2018-05-25 18:36:30,2018-05-30,3407935f69908e6f71fa09a2787fd2f2,2018-05-21
f810d2ff6e68d3a6f99b7f6da33053d3,1ed2483b99a805594c26a689e5b153ba,delivered,2018-06-18 19:16:32,2018-06-18 19:39:56,2018-06-27 07:59:00,2018-07-02 19:05:11,2018-07-17,a1918ca2f4fe2024f4fc0dd20f31c3cd,2018-06-18
3f6722bfec2a8821209030cdc7ae23cd,13c417132e3c0f321b863c76b766465c,delivered,2017-12-11 18:13:43,2017-12-11 18:30:50,2017-12-12 18:24:59,2017-12-26 19:07:15,2018-01-11,a605d2f4a391a98d2b5e7077a828e712,2017-12-11
da56c7c0b595c544c33fa7d3ea80de80,55c7a8330e2177f5de6edc17b623732f,delivered,2018-04-21 06:48:05,2018-04-24 18:39:37,2018-04-24 22:26:43,2018-04-27 15:33:20,2018-05-11,d9cee103d6fe822cc463f513fc32a521,2018-04-21
647255bbedcdf748e7496180374b0dfe,01231f8b1b36a9da85f695b48c2f18b2,delivered,2018-02-28 12:44:18,2018-02-28 12:56:06,2018-03-01 19:43:37,2018-03-09 16:06:29,2018-03-23,5ef8bd6f12f2d06de7b39c5b913876da,2018-02-28
3deae78fe543fe7c561f18a237ad309e,fc63101cdeb7148093b5bf42644568d5,delivered,2017-11-23 23:00:11,2017-11-23 23:08:22,2017-11-24 16:25:46,2017-11-25 16:52:24,2017-12-14,46f6d9edde823b57360186471b35d4ff,2017-11-23
af7b2ac1a7c361cd89e363c4ba77a885,3b6f4b0ac987534c2b360e65978a02d7,delivered,2018-02-19 10:35:54,2018-02-19 10:47:03,2018-02-20 19:09:12,2018-02-26 12:47:59,2018-03-05,99dba9c4b6a6a5eff71f9d7bcf405fc1,2018-02-19
16fd7497db9ad42ca340acfda623c1e9,97d60c4bdc2028096d7750589b412ae2,delivered,2017-10-25 10:14:46,2017-10-26 08:49:13,2017-10-26 18:28:02,2017-11-01 23:02:43,2017-11-23,1d79aec4d5dfa74805c303c16de9ede9,2017-10-25
65d1a82f9ce69290556d70fc555cba43,e5f657faf489a605ece3d14855b8f2c4,delivered,2018-04-18 09:26:43,2018-04-18 09:35:18,2018-04-18 18:28:49,2018-04-26 18:19:25,2018-05-16,58807da08df469f349ee480a378e8421,2018-04-18
c405d70e7eb2ef546a6e54524412a9f2,e1691dd56ea0646a2ae3fbac45b1d181,delivered,2018-04-17 08:24:54,2018-04-19 02:51:24,2018-04-19 21:52:49,2018-04-23 19:38:37,2018-05-04,27f1d849500cda06b73f883fff734a5c,2018-04-17
c6b834f817f95bd7f31d78814dbb14ac,8cb472ad4da26b59f50a5fa1194d47b7,delivered,2018-05-08 18:42:08,2018-05-10 04:16:37,2018-05-15 13:04:00,2018-05-16 17:13:11,2018-05-16,94e8e9f7feacb6478fa2b9c6b3293749,2018-05-08
9d76974325109da947615c96eac22698,4840b77c0a6401c19133b159163d0061,delivered,2017-11-23 23:07:26,2017-11-25 06:15:10,2017-11-27 23:16:49,2018-01-09 18:09:09,2017-12-22,f8f3a2def4a348fcae91b6fa26da9854,2017-11-23
c9e0c39985eec7874e2902fbc6256be6,5d65ba8b30ada8fdd15195fa18e29e51,delivered,2018-05-25 11:13:26,2018-05-26 02:31:26,2018-05-29 07:31:00,2018-06-05 08:45:00,2018-06-20,3f86db7a226a23bc9ad2cbc312f665d3,2018-05-25
0b838846dd20161681d3072fbc6765ff,fa9aeaaa3b42642c3b1d4e53f0ef1d2b,delivered,2017-03-14 08:28:35,2017-03-14 08:28:35,2017-03-16 03:37:40,2017-03-27 13:35:58,2017-04-10,0d66c742b4e9676af77e40afc4522b89,2017-03-14
171398a0cd843c65ac78aee9e05a1f49,f0244902c07b7c0799e468218579a925,delivered,2017-01-18 16:07:37,2017-01-18 16:15:20,2017-01-23 10:02:30,2017-02-03 12:51:58,2017-03-20,147375750bdc81b55b75dc08daf84c8a,2017-01-18
2e4950942a89079792a52127600284e5,c4b86ab8de94a7f4f9f46a1fbf57f4ca,delivered,2018-08-02 12:05:23,2018-08-02 13:04:36,2018-08-06 13:40:00,2018-08-08 17:44:44,2018-08-09,a926aae38267e7f54e67de9b5775d0a5,2018-08-02
aeec65719910d5eeace9b241999be456,017b60010b64f28dcc98161205bbf51e,delivered,2018-08-11 21:41:23,2018-08-12 21:35:20,2018-08-13 14:45:00,2018-08-16 17:54:24,2018-08-22,fa1dd6178e738a81cffa3efea1cfe827,2018-08-11
9660767a8d96cb12bf8bd94b3797bb75,b1407d31724e2a3f513877e516bb0c47,delivered,2018-04-03 21:19:32,2018-04-03 21:30:12,2018-04-04 23:47:40,2018-04-17 13:26:42,2018-04-27,a23af1ae4371a8dfedd04368b1e16f38,2018-04-03
1336838d0eba0be4e38d6f917665d23e,79eb118c0512b47d7211588880f00c25,delivered,2018-02-17 21:56:18,2018-02-20 07:11:13,2018-02-20 20:32:48,2018-02-21 22:08:36,2018-03-06,d9a85a7091edb8c6ec149d7942f52a7f,2018-02-17
c21e65a4acbd5b33beb95820d4894e22,6f9f9f498ccdd625cb0b6d623957fefe,invoiced,2017-11-24 11:17:26,2017-11-24 13:16:37,,,2017-12-18,38c695d078e66c63ff39ab0c5f566322,2017-11-24
0101aea69a09e1aa32caa6dbaba98503,55e153b503a15cf10845bacbb3b4d616,delivered,2018-05-26 13:07:51,2018-05-27 13:10:20,2018-05-28 14:08:00,2018-06-16 19:34:39,2018-07-19,7c6afa006e0c76d40fe0dc6aacee2940,2018-05-26
7e67ea8ab775d8201ff8058366cb4d8f,fb24d6ed4f2167589637ae1cbf69e605,delivered,2017-06-20 15:10:43,2017-06-21 02:25:45,2017-06-22 17:20:05,2017-06-29 11:10:16,2017-07-10,d84fde13b584512a6d1b95385c7c0138,2017-06-20
1011743f27a84fef8503f748cb1d951e,e2f0a1baa756cddbbfdd66856ecd91de,delivered,2018-07-23 12:04:15,2018-07-23 13:44:13,2018-07-25 11:59:00,2018-07-26 17:22:46,2018-08-01,ae2a71382b06287246b07ca68b92f0a7,2018-07-23
43bc72f5380889da97627ba5ac7806be,0a4cfbeec9f7324a7b93e40928916004,delivered,2018-05-02 04:59:25,2018-05-03 03:53:02,2018-05-03 11:27:00,2018-05-08 21:41:52,2018-05-23,1e2984ef05827ff6f8aa167b5c406868,2018-05-02
7d4cbd9b923b192e7ee6c0667dc10bda,9c28fa4eac283acf8bd3fbac3358e9f3,delivered,2018-04-29 12:10:02,2018-04-29 12:33:01,2018-04-30 14:44:00,2018-05-04 15:55:23,2018-05-17,e550bd9a25c8a9a6babddc13af03ab96,2018-04-29
29e2bbe8a5ae911930d4212767050067,a399e13882d097e64ed0e25b2edcd6ab,delivered,2017-10-23 14:52:52,2017-10-23 15:07:22,2017-10-23 21:07:55,2017-10-27 18:12:37,2017-11-09,0495139fd27c13934537d6a3b690cdcf,2017-10-23
c8ce9a6ce9e77be6a9d5fe31e7496c34,3dc5b3bd7190f4a9617a3618e30e60e0,delivered,2017-09-21 18:07:47,2017-09-21 18:25:00,2017-09-22 16:51:28,2017-10-02 18:13:56,2017-10-13,ebd21b296c3b3c9d07f9efc68bf3202e,2017-09-21
a76350c88470281e23e8fb2a32fecd2e,a250f613f6bcde8c736ed7d5e04c26b0,delivered,2017-10-12 18:22:30,2017-10-14 18:34:49,2017-10-18 15:23:04,2017-10-19 15:42:22,2017-10-25,f0e11eeb833b5f8681afbbd9c0cd5ea9,2017-10-12
c2111fc685de07490729134e8d37188c,c5fcae9c4ceccb3bd3b8c816481359ff,delivered,2018-02-13 12:20:30,2018-02-13 13:28:05,2018-02-14 14:26:48,2018-02-15 13:58:58,2018-03-01,243f6087e37a9408f0ec4ad914312d54,2018-02-13
5252be17eb4a003fa9d9d4121f05687f,f3edf70749874d4dd444264b7db886bf,delivered,2017-06-13 12:44:35,2017-06-14 12:42:37,2017-06-19 19:06:15,2017-06-26 14:46:59,2017-07-07,eb92e74791d98813efc3589d4f807bdc,2017-06-13
62c5d13fc49db297fd55a998c9cde780,6a4e7243853b0524addc569804232fde,delivered,2018-08-08 08:46:02,2018-08-09 08:50:22,2018-08-09 13:41:00,2018-08-13 16:20:52,2018-08-13,30f58a70b375b24035eb7ef8f3587aee,2018-08-08
50149964ce90871c2acee62879f37774,de1f15a4aedf2f19f56f213024c19734,delivered,2018-03-23 09:33:15,2018-03-23 09:48:19,2018-03-23 20:32:38,2018-04-09 20:21:49,2018-04-11,eb0cfbc8ba2735b1333a69e41b47f5ab,2018-03-23
9f3f85ddc354be372be6cde53a577cd5,acc559579aefad3c725ffb1b7c7e4c45,delivered,2017-07-06 19:46:22,2017-07-06 19:55:21,2017-07-07 20:24:45,2017-07-12 12:52:56,2017-07-26,018875156db79cf3fb697342f256c329,2017-07-06
04ef688ecd44ca2621c3f78abfdf42f9,3a37dcd5837e170840e9bb335b8db8a2,delivered,2017-06-04 11:21:10,2017-06-06 13:15:42,2017-06-07 12:47:35,2017-06-28 16:38:46,2017-07-11,6d787c55a39fe529ecc723fcb79ce16d,2017-06-04
34de03b29a9f426dca5b1e1f5f0db23a,4e8aed07b9c792262ce1e3b539ede9cb,delivered,2018-02-04 21:56:50,2018-02-04 22:10:31,2018-02-06 19:58:44,2018-02-15 20:36:48,2018-03-08,78dea1a4c8ec71bbe376631b7aa622bd,2018-02-04
8b73eaf0b3285e63a85d59785dda1605,bcbd2c2421ec0c9b4d893d069b789bef,delivered,2018-01-23 14:46:29,2018-01-24 02:37:39,2018-01-24 17:23:31,2018-02-06 18:46:41,2018-02-20,7b3539f34f4a40a23c6a629e047b5179,2018-01-23
879789a8903f3f832bf5ab0417ea3a31,6a8ab1cd5158c7451562253ad39e8eda,delivered,2017-07-26 18:55:40,2017-07-26 19:10:14,2017-08-03 21:27:31,2017-08-08 18:23:06,2017-08-25,95d1f6f4425e77caf5dfe0329939a7d8,2017-07-26
508e50f7d8c25e1a24d9d21bb4adaa79,4c7e3fd8d2554c665b7786714cec29b6,delivered,2018-05-13 19:13:01,2018-05-15 04:12:16,2018-05-15 14:44:00,2018-06-04 19:06:44,2018-06-05,394780cbcb1eaf7b463aaf83b38a987d,2018-05-13
a24330f9f979dd041f57f4c8f937c9ad,d32b227858607cb7294b71f92a52da93,delivered,2017-10-28 12:47:17,2017-10-31 04:15:18,2017-11-10 00:38:34,2017-12-02 12:35:00,2017-11-27,93b62b6a37d644c4556694f8031f0acc,2017-10-28
bbec0e8ff27f20abbd5b2fc0ab8a82c6,b90b0b7a2e5f7b78057247cd0db0ed51,delivered,2018-08-21 12:19:11,2018-08-21 12:31:35,2018-08-21 14:14:00,2018-08-28 22:51:30,2018-09-05,bf5deed757c6d9bd3a2bf7d2a2d9c4a7,2018-08-21
e813a30360cebcbde709b43acab13bda,b682318d8a8bcef0b05be97579624d66,delivered,2018-01-25 22:09:06,2018-01-25 22:18:04,2018-01-31 13:04:10,2018-03-02 20:38:54,2018-02-21,cc55944d2ca6939e7055251db2b440ec,2018-01-25
b0c24ba8fd93348465e99a9cfa27db35,e82226492769c23271bcb128343105bc,delivered,2017-10-18 17:37:06,2017-10-18 17:49:50,2017-10-19 17:20:08,2017-10-20 17:58:05,2017-10-30,031886d262097a55a2fafa6e9c5f4b32,2017-10-18
682332c2474e425ea23c40848faa25e2,e0d50842eb1d45e542c592466bcc06b5,delivered,2017-11-02 15:43:52,2017-11-02 15:55:31,2017-11-03 20:39:38,2017-11-09 15:42:03,2017-11-30,f2b309d635229f7ff00c0ec3ca616d92,2017-11-02
934687c37e7180c1b553ffbf3485af95,7334efdf6ae2ad70391ed83ac5739170,delivered,2018-05-19 18:40:22,2018-05-19 18:58:33,2018-05-21 15:32:00,2018-05-22 16:36:44,2018-06-01,e3ad27e8ce89dac0796b09dbf9b4b0b8,2018-05-19
2b92e54af943b80a3cd1863fedfd6496,057ab3c9006d239fa05fca50c8be5df4,delivered,2018-04-07 20:27:04,2018-04-07 20:48:07,2018-04-10 16:19:01,2018-05-07 18:26:28,2018-05-11,e868f393d1adcbf45312d7e72d74eb55,2018-04-07
748d3b50f6f4b32e9998bb62826d4812,35aabaccc2c7476c4dd5f81192a067d1,delivered,2018-01-18 22:35:25,2018-01-18 22:50:10,2018-01-19 22:28:42,2018-02-01 01:35:59,2018-02-20,2010254934075418afe8437eb709a885,2018-01-18
e9deefc5724bd9c035dc3727fa4ad4d0,8c250695c6959b9f09b7c1139313f63f,delivered,2018-04-22 15:06:51,2018-04-24 18:12:14,2018-04-24 15:51:30,2018-05-07 11:38:37,2018-05-25,63f03d1fe1363c8d910910529297a56b,2018-04-22
e61f21c687d3607657f3799b5e182916,66fe81ca7152f1820aa2514b3baff3bf,delivered,2017-09-29 02:15:28,2017-09-29 03:21:55,2017-10-02 14:57:39,2017-10-26 14:22:19,2017-10-27,068061758b638ecd0dc9b22b6a79868e,2017-09-29
75e0647c26de647eca3421e9cc66c9da,98fccc58a1c599a9894c7d8db5905c65,delivered,2018-01-07 20:37:56,2018-01-07 20:47:21,2018-01-08 20:42:39,2018-01-10 18:54:54,2018-01-24,2323dd46ef58a7ca6c4785a4e83224b2,2018-01-07
1e89e2312f1a1fd948c615602f200480,a68df3fd3ee564762f7ccef42f3aa14c,shipped,2018-06-29 22:00:43,2018-07-05 16:05:46,2018-07-06 09:25:00,,2018-07-19,572f9b684aad25530f0c20d18da2e5a5,2018-06-29
ef27899be3cc299d6e7b3a0d9c895809,a6a98e424638dafd3a75867ed4fbceab,delivered,2018-05-12 18:04:04,2018-05-12 18:35:58,2018-05-14 16:05:00,2018-05-23 17:45:43,2018-06-07,3966220119e365b73655a351afeb70f9,2018-05-12
ee2201177cf7e3f0d85cfb44a6a548d3,c9eb51d4c73a71b76a9b1131ce6e5828,delivered,2017-07-24 23:14:08,2017-07-24 23:25:21,2017-07-25 22:14:46,2017-07-27 19:19:31,2017-08-11,8400f003706b8a106fd7e2b1a7b8d77e,2017-07-24
daa1304bb2494eea83e9a063e948c703,971c5eadf986c2039482a93fb959c252,delivered,2017-06-01 17:59:54,2017-06-01 18:10:21,2017-06-02 15:58:04,2017-06-12 14:43:06,2017-06-28,a05c67693eafc3fa1cd1bca7ecc9f4a0,2017-06-01
8e1c983bb7b5583c8b0e8a2d2f47677e,d9d16bdf58eb3782f9f4fe2c2920ebf8,delivered,2018-05-13 16:56:31,2018-05-13 17:12:06,2018-05-16 13:18:00,2018-06-04 20:38:26,2018-06-08,11797c34b506d6d72aaa0b68fc955a02,2018-05-13
c0805c744ff47283d91804ab88a2e5c6,feb25a9935622c0e73e43acf72412f51,delivered,2017-11-24 14:43:03,2017-11-24 16:54:02,2017-11-30 20:16:59,2017-12-02 01:54:38,2017-12-08,cb7ab27579bda3363cb3cc39c7f0bf25,2017-11-24
090c44686a2c4ac5320b757784023c4b,201d2aeda9fbba49d2ee9d6fd1a8b572,delivered,2018-02-16 16:20:37,2018-02-16 16:35:36,2018-02-19 21:52:46,2018-02-28 23:38:48,2018-03-08,346d3e83c82403f85942d3ef934ac7b4,2018-02-16
3ec8d477ad3b18290ba325fecaf053f3,722a4e948bc8a8a02e9f1ea192e2052c,delivered,2018-03-05 09:37:06,2018-03-05 09:48:27,2018-03-06 20:49:01,2018-03-08 14:58:37,2018-03-21,c6a8e859f1fed8dbaceed3503a55d48c,2018-03-05
d513f9d572bf6a3a3c4e59252fe4f19c,bcf9eca9898fb2c565e6b838d4dce019,delivered,2018-08-06 13:50:09,2018-08-06 14:05:20,2018-08-13 09:24:00,2018-08-29 15:59:57,2018-09-10,717aff83d47386f47bf900ab864916f6,2018-08-06
cecc450aed233004e69538a4ce7f7f37,2ada3ee677b4c8f574b3affda371a5ed,delivered,2017-05-18 09:51:42,2017-05-18 10:05:14,2017-05-19 15:12:00,2017-05-26 16:45:55,2017-06-09,e598c16b95319e7b7e7751aeeb0c22b0,2017-05-18
f7d17bafe7c67afef77b8a96ad5abfd3,c50977225ea8106769613f88e9ca304e,delivered,2018-01-21 22:03:37,2018-01-22 14:01:37,2018-01-23 15:44:51,2018-02-09 19:31:38,2018-02-21,3a3e6f90946944d654b42e6d3c3e9a9d,2018-01-21
6fd9d5b35f04ff5c30e58111b9ecbff4,8dbea104c98049225865dd6fc0ea8bc6,delivered,2017-06-28 10:52:04,2017-06-29 06:43:46,2017-06-29 16:36:53,2017-06-30 15:38:02,2017-07-18,d9f94a44ecb88e0d73fd43b158fa2ae9,2017-06-28
1a3960b27016b5cb04fb3ad29076edd3,99b09a07b7eeef0b5d554984486a6bbe,delivered,2017-04-06 09:53:43,2017-04-07 03:15:37,2017-04-07 14:42:22,2017-04-12 11:38:12,2017-05-02,5898ecec497087790a19575f1dcbe0c9,2017-04-06
0eb75d20173919818bfebe16eaf91333,ee44e7fda0ad40d0374856dfe281368c,delivered,2018-05-08 22:55:25,2018-05-08 23:11:46,2018-05-09 15:20:00,2018-06-04 14:58:06,2018-06-04,f4aea85dda6c29ef68db371de3b724d9,2018-05-08
dd436680fbd2d38edb26277f5b8379dc,1143ed87c28997c59c4278b7be8c1e36,delivered,2017-12-25 15:00:28,2017-12-25 15:30:50,2017-12-28 15:47:24,2017-12-29 16:57:08,2018-01-15,ac7cbcc0c3a162e01f6e6d76b2bd6039,2017-12-25
771d0ce9e2f9b65e92d4acec6372d453,920ec9381aa6721f9e3928edcd0f9ff1,delivered,2018-06-12 13:36:19,2018-06-13 13:41:39,2018-06-14 14:29:00,2018-06-15 20:08:30,2018-06-26,71a9809c493b704fa3c200fbbf98aeda,2018-06-12
e43a18300d40c9a864931b5ebb5b3352,e83da1438f8802ae96b870eb4c4db70c,delivered,2017-12-01 10:05:42,2017-12-01 11:31:59,2017-12-05 01:28:59,2017-12-13 21:42:20,2018-01-04,21fbbe880ef907377e90229f91a02801,2017-12-01
bcb83032ff3fe35a0f6df11c771069da,2b0a2a72dfc3c8246bb03bbe7ec220ff,delivered,2018-08-03 21:36:11,2018-08-03 21:50:08,2018-08-06 21:04:00,2018-08-09 18:12:10,2018-08-24,e09afa5e2d5a341b1f64504d5b73e8ae,2018-08-03
0cef0a9c1d74d5ec485fb3195191caa1,80655c33f3653b792e8d564993ee25a2,delivered,2018-06-09 16:21:54,2018-06-11 08:17:34,2018-07-03 14:02:00,2018-07-06 11:16:50,2018-07-24,bbd4e26038493d68628f516f853d85dc,2018-06-09
6173b12d20352050fd83d1a49eac065c,643f6ffad3d3b4c0345a279dec9cf5e5,invoiced,2017-08-31 12:55:33,2017-08-31 13:05:40,,,2017-10-05,c164009499a153b8100b548003560c2f,2017-08-31
d02adc4aef085f611aaf9e975642926a,fc78016bbb85f3105bfd610141fde114,invoiced,2017-07-28 13:42:40,2017-07-29 02:24:01,,,2017-08-21,8483dc16ca810a9454e1574f4d60bbf1,2017-07-28
6a5c530eab233c31e30ba74a78ac72cf,53f611fe710a6fc204d4c0e74b893fa9,delivered,2017-10-02 02:01:28,2017-10-02 02:14:19,2017-10-02 19:59:48,2017-10-05 20:19:08,2017-10-18,947c7bf59830ff65481d2a8380f8b223,2017-10-02
cdcdab9c657011a188471120c6c6accf,b12cee13b76df10c9c9aba2e9605e300,canceled,2017-09-13 20:38:00,2017-09-13 20:50:12,,,2017-10-11,759cc1995ca016648b670d3cb5c0c999,2017-09-13
985ababda3f8a9904b8a01023669464c,24215b7765f41b05e379ba5bf279630f,delivered,2018-03-06 08:41:59,2018-03-07 02:48:25,2018-03-07 23:42:05,2018-04-04 23:48:40,2018-03-27,1ec0ad42e5322411fb77ffd972be6821,2018-03-06
a8698bce49d9222fa1a1b4cfb3cba3ef,2f99094373caec27d1f367812e659547,delivered,2017-12-13 21:47:50,2017-12-15 02:17:40,2017-12-15 19:33:14,2017-12-26 22:37:13,2018-01-22,ac4bd6797b63dc421edf4f643f513f14,2017-12-13
8d1177e3fcee9f6f1985cc468d87a7d1,24867a30fb114e68f333a0645f923497,delivered,2017-12-09 17:59:47,2017-12-09 18:10:44,2017-12-14 13:33:06,2018-01-04 23:32:54,2018-01-12,2ca8ef8560c5cd0f9ddb65d1b1b51380,2017-12-09
6fe061963af4f849e89ab8a704bfbb23,83ad2f780fb78cef1d84812445321f71,delivered,2018-06-23 17:48:33,2018-06-23 18:18:47,2018-06-26 19:44:00,2018-06-29 13:22:17,2018-07-12,f9814e08df56fd4bf7e52db6c2dfbc13,2018-06-23
6023c91a14d68c5adb556a5dbd2e0f84,7f1fd0d4e16c56fa7dd4adf4a0c03684,delivered,2018-07-31 23:46:01,2018-08-01 00:04:20,2018-08-03 18:19:00,2018-08-09 22:58:39,2018-08-15,830be05486a3cdadc108dc8c434beea3,2018-07-31
d6a3975b1c9b18752ebf945128ff9c3f,a24bcd38ab313cf3a81abffc89b98206,delivered,2017-09-26 22:15:44,2017-09-26 22:28:22,2017-09-27 18:05:39,2017-10-04 15:43:08,2017-10-18,59764f9ea50cbd6dc54b1f79ec613b1c,2017-09-26
a71b12ee1bc3ee0058ae29618baacf02,4901e8cb3a6e8b2c044f18c699b00282,delivered,2018-02-13 14:35:43,2018-02-13 15:08:13,2018-02-19 20:13:50,2018-02-23 00:05:22,2018-03-14,ddeb574c6abf389c6ba0d239a6ef8d00,2018-02-13
fb5e71b90bc82484e81d1c9d076a4ec3,6bb61e20ad7cb7dacb55ff30900f3623,delivered,2017-05-20 15:47:20,2017-05-20 16:02:53,2017-05-26 14:45:10,2017-05-27 04:14:54,2017-06-13,e2d2fac14a650e3e6711d3e221cd86eb,2017-05-20
e23c9dcc304042fa90d538be679fa68d,eac1c6949e2905bda961903996e25630,delivered,2018-06-13 11:41:23,2018-06-13 13:31:40,2018-06-13 09:53:00,2018-06-25 13:57:31,2018-07-11,d3c533ebdc371b7a6eb2fb77c726caf2,2018-06-13
a43da589ba6d3c9eb959a36699088162,af7d5016eab3b7c8f3e6b4f23cabe253,delivered,2017-11-09 22:49:27,2017-11-09 23:06:32,2017-11-16 21:22:56,2017-11-22 21:13:36,2017-12-04,d5a9d15e470b34ead768e08a7f1ca239,2017-11-09
2934eab588f70ed4ddd8e9f4abf517fb,a0a5920f042973b2e96268dfea798a0a,delivered,2017-05-28 02:29:51,2017-05-29 03:30:05,2017-05-31 10:58:05,2017-06-02 15:33:17,2017-06-27,2903f4f951e72848363b7f271bed8cf0,2017-05-28
88743d1ed8e7b6ca01e12830855ccda2,6ab3e2bc219dc5f054b7962e4fe6cf39,shipped,2018-02-28 17:18:19,2018-02-28 17:30:46,2018-03-02 01:18:59,,2018-03-22,49bd54e33718a5adc18b62bed82ae35c,2018-02-28
41a207671f292d00ffea01b171f2a30b,3619df7a89a873ba249bf47e9fc6ed2c,delivered,2017-09-04 05:00:16,2017-09-04 09:32:33,2017-09-04 18:32:42,2017-09-05 15:52:28,2017-09-15,1ce1097b476f97ea37d805251c5c74ba,2017-09-04
7e09cc861487709e81e6c729d2635208,bbe208ab812ec207b4af5580b64e68cd,delivered,2017-12-05 13:33:44,2017-12-05 13:53:37,2017-12-06 00:27:05,2017-12-22 15:07:17,2018-01-08,6d4f8f9b9520103722945bb5ddf878d2,2017-12-05
7cd365ff7ab370ab236b1abfad4e188a,06a8094ea22f358a71c5ac55e549c10a,delivered,2018-03-01 20:15:08,2018-03-02 02:15:55,2018-03-02 21:39:43,2018-03-05 20:12:59,2018-03-13,39bb6dd940a0f6701af4c6cc3e9863d5,2018-03-01
a61dfe4c73cb6f1fa1280f905a13e26b,a5190090f24b9cc8b822529eecd264e3,delivered,2018-08-09 10:56:48,2018-08-09 15:25:33,2018-08-10 14:35:00,2018-08-13 12:28:46,2018-08-15,28a3ae98731c6bf62767b91aeca1a809,2018-08-09
9477e87a26d6859d592a24e63446f63a,35a71284f4b292d9718aedd7530a32fa,delivered,2018-01-15 00:05:45,2018-01-17 03:34:32,2018-01-20 15:34:50,2018-02-06 16:00:00,2018-02-09,f102356cf5b739abd755aa98abf8c4bd,2018-01-15
eb6ab30cb30bdde1094fc3b0ee26a2d9,0297b96a2290b2d419ac0b0cea83b5eb,delivered,2018-05-16 17:25:11,2018-05-16 17:57:32,2018-05-21 08:41:00,2018-06-08 23:47:30,2018-06-06,9d0d761f119fc063198cc754fdd8eaf1,2018-05-16
9200a54888acfc3e1a74a56b7ab18c8c,e86db863d546c8a44d1cffb976c0f38c,delivered,2018-06-28 12:40:32,2018-06-28 12:50:34,2018-06-29 11:18:00,2018-07-04 18:03:35,2018-07-18,b776141f219f45079341c02028f55660,2018-06-28
aadce7a39633733ac0e5f23e3021e534,379c5af8df5332d211ab4c9059b0aae1,delivered,2017-07-25 21:08:46,2017-07-25 21:23:03,2017-07-27 17:42:06,2017-08-01 17:25:36,2017-08-22,eddd35c7b2b27ee3d98017465b316f3a,2017-07-25
874b937415e8afe58b77b9935e5da04b,eb8beee7ae07455b88c132c551535788,delivered,2017-06-02 11:29:10,2017-06-02 11:45:11,2017-06-05 10:46:45,2017-06-08 17:14:41,2017-06-27,e8b5c3a5a7e536414651f701f4df7557,2017-06-02
d6bf93d827293f0b9a1582be0719a1e3,d4efc1f03bf9506b5b8571e78a4cd370,unavailable,2017-09-20 17:48:30,2017-09-20 18:05:47,,,2017-10-25,020d46eecb7bda2b3ab2316a91bb49f6,2017-09-20
76c5b78f3697891a4d6e6cd23a4862a1,f49d254bc11c026cf3e7ec5d1509ae4d,delivered,2017-09-06 13:56:42,2017-09-07 10:33:32,2017-09-12 19:47:29,2017-09-18 17:52:55,2017-09-27,bb4d6391163b87081a7db373e6336ec4,2017-09-06
4f798d08a26169482935550e67126382,eec6ac37b5e2ee144615361f466cb0cf,delivered,2017-05-09 21:15:21,2017-05-09 21:25:26,2017-05-10 11:29:46,2017-05-15 15:48:03,2017-05-25,318275d43f420cc9f44439fe015fc10d,2017-05-09
ac2b0218860ad82946845af74f514052,46b72335f49606ae78700dcd6b66fa80,delivered,2018-02-19 15:11:22,2018-02-19 16:10:35,2018-02-20 17:05:34,2018-02-26 19:17:12,2018-03-05,7378e833a37b935c8b770b38038b17f4,2018-02-19
067c946a70abc2e1e8d9185ae309b48a,45d13f49d630df78bccfa2a05aca18a9,delivered,2017-07-07 09:20:11,2017-07-07 09:30:11,2017-07-07 17:59:52,2017-07-17 19:26:13,2017-08-08,bbe23bf5d5ed17c5a3132bebc16db355,2017-07-07
df466fb774f8f20a2cca22211d35b778,7824c8b07c7b46bdc97bf07d618a524c,delivered,2018-01-28 19:26:06,2018-01-29 19:31:40,2018-02-02 01:18:13,2018-02-09 16:36:46,2018-02-20,5ebc9e66c6f7fc4edad3775ce325f4e3,2018-01-28
6a8aa717f634f40359895df0cea70403,6c9f182259d8e2895974bbcf9c0e44dd,delivered,2017-04-08 16:08:56,2017-04-08 16:22:21,2017-04-10 13:43:41,2017-04-19 16:38:26,2017-05-12,e5a496ca44e566e4ca1208c6692d0d20,2017-04-08
6644dceea3b42c405236d956eea44d70,76da52ccb9bf4415fa103e64a5a027db,delivered,2017-12-04 19:07:14,2017-12-04 19:30:44,2017-12-06 00:07:28,2017-12-08 17:48:50,2017-12-20,b031092bf5cb42969d3b234ff05965e7,2017-12-04
891bbd4e052c5f3e894ed330a7419c6e,095179eaa54b75064120ccdbe350eef3,delivered,2018-08-13 17:13:41,2018-08-13 17:25:14,2018-08-15 07:00:00,2018-08-20 19:08:43,2018-08-27,b5942bee6bddbc0becb625c49cc1c46b,2018-08-13
eb77e9c6dc499d31e05de046f8467052,a5609802cdb5494944eb1acb62680133,delivered,2017-06-11 18:44:29,2017-06-12 17:05:17,2017-06-14 17:21:59,2017-06-21 17:26:00,2017-07-07,d99f0b310be3fef729a481b4f892cbda,2017-06-11
71bd50400074bcb6afdacdccb82a5478,1071adb636fc88d3329940274c15ac17,delivered,2017-05-14 16:08:22,2017-05-14 16:22:10,2017-05-16 10:13:02,2017-05-28 04:04:00,2017-05-24,10913bf4708bbb2f0db21f5ed224c24f,2017-05-14
c26c0e4d81f8dabd04bd61f7545ece54,5c965d68ec3a145629e5ae44d82ee15d,delivered,2018-02-22 15:30:21,2018-02-22 15:50:13,2018-02-28 01:49:32,2018-03-09 18:22:13,2018-03-14,e9f972b3f457a8ee43154af187aada14,2018-02-22
208f886949aabb97ed60c2f51a74717b,f597de4b306148f8269a02c7dec0ec6b,delivered,2018-03-21 18:46:01,2018-03-21 19:08:24,2018-03-22 21:32:18,2018-04-10 20:19:12,2018-04-23,3a8624a01ed4b667453df13648ea5676,2018-03-21
f38176af08190044aef2fe48eb38365b,36563caf711bd050e626f4d58e144159,delivered,2017-03-03 16:49:00,2017-03-03 17:02:25,2017-03-07 11:18:17,2017-03-16 11:47:50,2017-03-24,068d4c8ab0671a7cfe81a0ea95e5e895,2017-03-03
5a3663cb6b6d7369ab838a80cdcb06d7,5413a41d855cefb4a4284615864b664c,delivered,2017-09-05 22:04:38,2017-09-05 22:15:36,2017-09-06 14:39:49,2017-09-12 19:44:15,2017-09-22,47f2dade4609ff35617dcb6872d7c776,2017-09-05
6d0940a8f5fba47562bb14cd97dfd6da,548692bdcbd6e3683ff306ac9d8418d6,delivered,2018-08-10 00:17:59,2018-08-10 00:30:16,2018-09-03 12:56:00,2018-09-12 20:15:38,2018-08-28,8e07cbdbbb24328ece74135e2a81405b,2018-08-10
d45cf0ee12449d5401c6debe3eac6075,33894fa2d290a8dd92f486ef36a23398,delivered,2018-04-26 17:32:55,2018-04-26 17:52:42,2018-05-03 15:28:00,2018-05-23 17:04:05,2018-06-01,d389e650f557008420c2c51ee8b6ebb9,2018-04-26
5dea18c7d711cbfab32281c88b2650a1,9f47604c099a40d786b0d5aa85c4316b,delivered,2018-02-12 20:10:26,2018-02-12 20:28:12,2018-02-15 16:42:59,2018-02-23 15:12:21,2018-03-08,73b4db5ea867248f597f91c9c28035ef,2018-02-12
fb2423f82ab5e03b37ccadb268d6f445,ebc664bde97391f5538ed7404818ce0a,delivered,2017-05-07 19:20:16,2017-05-07 19:30:19,2017-05-10 10:04:25,2017-05-15 14:42:06,2017-06-05,f650b24f5ed49e64e9d088df058196b3,2017-05-07
a2c1acb8393064a046b84cddca029edb,51173af296cf2851725cc45c81159dbb,delivered,2017-11-28 12:00:21,2017-11-28 12:15:16,2017-11-29 15:32:20,2017-12-07 20:48:36,2017-12-19,70eddc89af84565e9b2b46c45de8053e,2017-11-28
a23469fd5d775d0200de4f5aaf5421e9,7f836deb6a37a05769e7881b81fe689f,shipped,2017-03-06 22:34:42,2017-03-06 22:45:10,2017-03-08 09:31:51,,2017-03-29,0880af84ae25cc581ecc9b9f9f2d0231,2017-03-06
632e726a9f9d86fa53c5337dde0b50a1,5c1317356b2236bcfec017edfdcd16ae,delivered,2018-08-15 22:22:22,2018-08-15 22:45:10,2018-08-17 14:47:00,2018-08-23 18:03:56,2018-08-31,fc180164825753aead139a501ab5e98e,2018-08-15
3eb03e7a4a9a9197c4f0481415bec34d,5299b943976494fb36a9cdd278099eea,delivered,2017-07-23 20:33:10,2017-07-25 03:35:38,2017-07-26 06:17:56,2017-07-31 13:32:51,2017-08-15,9436f74aec21544064bec94e46ebc944,2017-07-23
ef704761e364e431e0ce0e0d170ebd81,f6ef3f5caf2b9fc0cb87f67c14b98196,delivered,2018-02-10 09:07:01,2018-02-10 09:25:29,2018-02-14 13:13:19,2018-02-28 16:03:43,2018-03-09,f6ef2651d677a428217bf5b82dc254f8,2018-02-10
22875ab1b7dadfad36b9181f36a1b8d6,a633db940f16194ccad9feb7a574cf19,delivered,2017-11-24 08:30:58,2017-11-25 03:36:34,2017-12-05 00:32:48,2017-12-18 14:49:03,2017-12-15,d9f4667ea1eaeff6977492eac06ae423,2017-11-24
1ebf075fd032885ad39a842a35c72fe7,0fa4e4bd4340f3a7bd364c2da0fc4104,delivered,2018-07-19 15:01:50,2018-07-19 15:15:07,2018-07-23 10:04:00,2018-07-31 23:44:32,2018-08-14,86ed73fecd668c55dbaf7267e38b2a59,2018-07-19
38d3c26f8db105374d9387f518623a3e,aecc0c209f78b49159228aad6d6ec3b2,delivered,2017-09-16 23:49:24,2017-09-17 01:15:09,2017-09-20 21:07:54,2017-10-05 21:11:13,2017-10-04,1013194e8e0710a463933a1b01e9dbc3,2017-09-16
77df84f9195be22a4e9cb72ca9e8b4c2,1205480caca6c37f55954da838933b8a,delivered,2018-08-16 04:29:53,2018-08-16 04:44:00,2018-08-16 16:21:00,2018-08-17 13:21:18,2018-09-18,bf869f6a89c8ba217f47e22359f884f2,2018-08-16
5c9c68fa207f9a2233b3152907f44851,8425348e16b68a762119a16c1d807eb0,delivered,2018-03-01 11:18:21,2018-03-01 11:31:06,2018-03-02 19:15:14,2018-03-06 19:58:50,2018-03-19,dc3986d8bd2609353c09c9c629809ec0,2018-03-01
aa69d26fefa39766fb36a91d0de4d7c9,b0aea781ac94147b3daee7b765801f32,delivered,2017-12-08 12:11:40,2017-12-08 12:19:23,2017-12-15 17:37:29,2017-12-30 16:42:44,2018-01-16,485fc62bddc00598df14fc34e0effd2b,2017-12-08
9018667e72a0eed0c3ce4466639139db,046851b37261eacf29f855ea1af7a6d8,delivered,2017-10-31 13:16:50,2017-10-31 13:35:24,2017-11-02 00:17:02,2017-11-03 21:53:53,2017-11-10,b5ca92b3bcb9eaad4afa5fa359484071,2017-10-31
9b28ecb03bbb9a5081729d9f822f46a1,c4946e083dba78bcd53957ccfb128b7d,delivered,2018-08-03 13:49:23,2018-08-03 14:05:09,2018-08-07 12:38:00,2018-08-13 19:12:56,2018-08-17,9602e5cc2967f434e775196bb06b9300,2018-08-03
e57e73a70eae13788da4c7fd3b96ed0b,b6962ceab2ca52d9e458afa14256dc02,delivered,2018-05-02 06:17:17,2018-05-02 07:00:29,2018-05-02 16:01:00,2018-05-08 15:33:51,2018-05-28,df16ebe187653747ab50f3503a514255,2018-05-02
94ce92b2f82292f914ec3cdc04651953,4c5a76fa6c3c9b993aaa8a2d37f2e985,delivered,2018-05-10 21:09:03,2018-05-10 21:37:13,2018-05-16 13:42:00,2018-06-01 21:38:26,2018-06-01,7ed17e9562359869ad07944a189eda2f,2018-05-10
ea27276ae0fbab49a3e542b3f44f6fd4,e9666f09e30dc136efd23315bc14e106,shipped,2017-03-05 21:47:58,2017-03-07 03:55:24,2017-03-07 11:28:15,,2017-03-27,5eefb861d4921a3e628bbc65c50a480a,2017-03-05
128967b86751f65b5d5fc02f7354e722,5c3ec0fc7ea0606ad69573c8dc8c01ca,delivered,2018-01-22 08:07:57,2018-01-22 14:13:24,2018-01-26 20:36:53,2018-02-01 20:37:48,2018-02-14,7de827ecb30555891a8c3b2ff7341aa7,2018-01-22
2a11e293888cfc616767f5be01e7e5d2,a8369395689cc966efea14864a417708,delivered,2017-10-13 18:46:27,2017-10-14 18:34:41,2017-10-17 21:32:51,2017-10-26 19:46:43,2017-10-31,fcf38c68b308ef4f51873eeb966ceb75,2017-10-13
ad1c49d96d60ad32cea5220dbe6aafda,762e8ea539165da0ae00470a4f8e477e,delivered,2018-02-02 17:57:48,2018-02-02 18:31:22,2018-02-08 00:45:59,2018-02-21 18:12:52,2018-03-01,195a5dead86106de9b898e2d6830b01a,2018-02-02
811d489212933883305dce687df36572,496d2b35eb950f48f03c4d4bb925dbe0,delivered,2017-10-13 20:05:04,2017-10-13 20:14:25,2017-10-20 17:51:46,2017-10-28 16:07:38,2017-11-21,bba37f7ed8c8885d657526c4a5851bc5,2017-10-13
eb999d408b8016b7bd014cf08348fe86,a7b21a6a3ce44761ce4955ab0ca3c99e,delivered,2017-10-21 20:53:03,2017-10-21 21:06:01,2017-10-24 23:03:58,2017-10-30 18:37:34,2017-11-14,c89baff4e3b659c48ebff23a7767799b,2017-10-21
19f18d8100c83fa718fbe5a064e982d1,16e38770e962953f296350b1bc7684ff,delivered,2017-11-16 22:41:36,2017-11-17 07:06:32,2017-11-17 18:56:51,2017-12-26 16:37:06,2017-12-13,88962954e48c57e167affdba292a1d4d,2017-11-16
34f7d354b559b06f85fde0f588dd5152,c5d214fb2765464a463da875f08ee692,delivered,2018-02-28 17:51:13,2018-03-03 02:50:37,2018-03-05 22:08:15,2018-04-13 17:14:21,2018-03-27,bbd45d363bdbd76fa2b8442c06bd6e24,2018-02-28
fe349b1979d7bcce7bce8df71ca6a902,cc93bd73b22ed6cd4731e98525c57938,delivered,2018-02-25 11:45:07,2018-02-25 12:09:30,2018-02-27 14:36:21,2018-03-23 19:50:49,2018-03-26,25aa02f546501be15ab22b19693517dd,2018-02-25
1a5e8ff5b36ddd03ce826651c129a760,0ac1fd3d77dd30845993d7e84e5b6013,delivered,2018-08-02 14:56:06,2018-08-02 15:10:15,2018-08-14 14:19:00,2018-08-16 17:54:47,2018-08-17,25e874d5e9610b2406ba7405aabb45ca,2018-08-02
2a677120e5ddca4e25eea9768d3a67fe,a3f635854bf35a6dd0eb28c5bf205147,delivered,2017-12-20 12:48:35,2017-12-20 12:57:36,2017-12-28 19:38:56,2018-01-05 13:57:26,2018-01-23,44ed0c448cc846105450afa7ce2573cc,2017-12-20
877687331a072fd1d67ab7ffef4e9d25,99fbfd2d16f99ce519d3ed4422d1d3c4,delivered,2018-04-09 20:04:29,2018-04-09 20:15:22,2018-04-12 20:48:59,2018-04-16 19:13:42,2018-04-27,cc3efd5be0b76c230cab8634da2d41e7,2018-04-09
acc49f0f6b7bec49649fdc4bab06001e,2fd2dd64c8580ed8cfcb6cf39de52576,delivered,2018-02-27 21:13:14,2018-02-28 13:15:31,2018-03-01 15:59:50,2018-03-06 17:39:48,2018-03-13,a015becbf66886cef78c2a1d9eb33abd,2018-02-27
207b5f2c209a833062538391be4a04a9,0bf8a653959904db413cc2f379facfaf,delivered,2017-06-02 16:17:43,2017-06-02 16:30:24,2017-06-05 17:05:15,2017-06-09 13:55:06,2017-07-04,df5206f3d3eb5b38ee2126705498a7a3,2017-06-02
b5b4d7badbb01d0d2b9d6c5a060bc058,5649da471208b18769ef8347746fcac4,delivered,2018-02-20 08:07:28,2018-02-20 08:32:32,2018-02-24 18:27:49,2018-02-28 15:59:00,2018-03-12,b8c3779109a269806c0f1503490eb566,2018-02-20
6c42710103edec4820898e5084c770a5,67f5e7bfc14b8fef4142a1aa63b12de4,delivered,2018-06-21 11:43:42,2018-06-21 11:59:03,2018-06-22 16:02:00,2018-06-27 15:26:43,2018-07-13,42b39d53b64925b038b20d95920a84ba,2018-06-21
4429817093ef382ad98f0d8471211146,41f7daecd21e5bf31d52eead8fd593fe,delivered,2018-04-03 09:57:16,2018-04-03 10:10:11,2018-04-04 16:36:44,2018-04-10 00:43:01,2018-04-26,59ccf65bb4997946e8cb1a7b85a75f38,2018-04-03
6e4f6fdc70c0d961b8597e98430b8d4f,ee0285bcfb8ab655fd93f2275a1c6321,shipped,2017-05-07 23:32:33,2017-05-07 23:42:04,2017-05-15 14:03:59,,2017-06-08,0d4ee85e3254ce40ca2d06465048f943,2017-05-07
a7f051d652980403c34f1f734ec4f82d,64f98c1c7790dd7c9a7dd4b90a30b76b,delivered,2017-09-18 13:37:37,2017-09-18 14:30:59,2017-09-20 20:07:44,2017-09-21 19:59:08,2017-09-28,1b635fa3ad3a1fbf804d199e27a842ef,2017-09-18
84b1a040b5956976ddb49db67333f19e,56ad3528b89d18614aeed80f41562672,delivered,2018-01-03 11:26:07,2018-01-03 11:34:25,2018-01-05 18:57:20,2018-01-08 15:29:10,2018-01-22,37de5714ded5d15cc677b664bc48fc88,2018-01-03
2b3c07290f8f2e99eb7f2201066b75b7,7154084ce152d55bcf5cb7f27e265f61,delivered,2017-11-24 19:24:40,2017-11-24 22:53:53,2017-11-30 01:18:47,2017-12-05 18:41:29,2017-12-14,a711da5d6a3189eec1929905f25513b2,2017-11-24
216a8b668866adcc7e2651ffa6c5ebcf,2e9688dfc26193a7c2bbb6717beaa13e,delivered,2017-09-07 22:16:12,2017-09-07 22:30:11,2017-09-08 19:14:01,2017-09-15 20:57:24,2017-09-29,8c4c10e29f4905df38860241832eda35,2017-09-07
e48c42a05954c6542e0631596bfb6fe2,92349255be2950b2ecb56142b551070c,delivered,2018-07-30 13:31:08,2018-07-30 19:32:13,2018-08-09 14:59:00,2018-08-15 23:52:51,2018-08-10,47b23c87420c414f59e6c0c3983bab3b,2018-07-30
9f85c30188f56e233f420cb63b51d728,a8d7167182ac070d269d752eb692b1db,delivered,2017-10-17 19:50:10,2017-10-17 20:06:04,2017-10-18 18:47:53,2017-10-24 13:03:01,2017-11-07,fe78f9a2d0726d03ff9fc4307d3fa5df,2017-10-17
d395475d71e6042e654407cef55e3c47,02a0108a7d89916840cb3edb1585480e,delivered,2018-01-23 15:52:37,2018-01-23 16:17:14,2018-01-24 15:16:48,2018-01-30 20:32:03,2018-02-20,862a31a206dd93be6ed95a70cd8b4b2d,2018-01-23
c6e0ac21ec42ce78d3ff7fd8eca3735c,0965b098ed51d51d2531630ed392704a,delivered,2018-08-07 21:16:25,2018-08-07 21:30:41,2018-08-08 14:19:00,2018-08-14 14:22:44,2018-08-23,ad32fca3f475f02dfffa649ed0ef3cf6,2018-08-07
b1adda8b2734d4a0bae4885a90722859,7fe022d44964a339398a981ce3026ea7,delivered,2018-01-21 23:34:21,2018-01-22 14:04:29,2018-01-24 17:49:13,2018-01-30 21:22:28,2018-02-19,7f8836cc00b0efa4487af4127660d68a,2018-01-21
f5f9034b5251b9a67898e5be6847e83c,050d927d2bc06382e52063a3504924ad,delivered,2018-05-08 19:10:01,2018-05-08 20:31:46,2018-05-09 16:19:00,2018-05-14 23:35:34,2018-06-11,3769731a0b3181e7ad10af9a4521f3ec,2018-05-08
d0ad497b0a295331204a39fc13a6f70d,a83ad9b007b12d9e8a6f3f5d033dde19,delivered,2017-03-09 17:30:36,2017-03-09 17:30:36,2017-03-10 09:11:52,2017-03-17 12:35:11,2017-04-10,1f4cffb6645eae7e8f7be7047470efb4,2017-03-09
e0c49af20b2a6c2089f40a9d7a60d6a5,d7621cfe31786dccb998434745ea3a2a,delivered,2017-06-15 20:11:55,2017-06-15 20:25:14,2017-06-16 14:07:36,2017-06-29 10:09:55,2017-07-13,e1bdb6f98283d53aa07bdfdbb78191cf,2017-06-15
b16c1067c1dfbf95e228103f22b17aef,9710138d96e1a01a67cbc34b1b981014,delivered,2017-11-26 19:11:30,2017-11-26 19:33:44,2017-11-28 22:44:29,2017-11-29 19:15:03,2017-12-15,4869e6907b413e6850f5421b5bb4aa77,2017-11-26
01ba72e24cf883d74c5479c0a626c740,edbaa972997d3e33faec1e1b6e0b7e43,delivered,2017-01-17 19:55:40,2017-01-18 02:10:52,2017-01-18 09:40:16,2017-01-25 13:52:35,2017-02-27,4cee4a02eb33c498d0ad31ff0e7f32f1,2017-01-17
3403737b992c9f33385088e482793274,58931b4b7f3aaf9269ac4ee1c3d42e28,delivered,2018-01-06 17:39:26,2018-01-06 17:52:18,2018-01-10 18:16:17,2018-01-15 18:33:05,2018-01-31,c529ee170c8e01f04a4c377eb76cff2a,2018-01-06
5552927954803697ef5ebf1431693061,b835dce98400fd0669dc5756e8fabb42,delivered,2018-07-14 09:54:59,2018-07-14 10:05:09,2018-07-17 14:16:00,2018-07-20 17:22:38,2018-08-13,25dbd169c0666e4f0ebc6e784cf573c8,2018-07-14
51f3f9237b10868cd54630d1c7a71174,95fdcb8a9d716e55958805e90e5646cf,delivered,2018-08-20 20:35:50,2018-08-20 21:09:50,2018-08-22 11:24:00,2018-08-28 17:35:32,2018-08-30,08189e909aa7bfc3a5f45b12da63c847,2018-08-20
f8dc2e2efd79f135f2ae7b04e0d95985,b5497c073e0cc7f337a46cc0c423a0c0,delivered,2017-03-10 23:37:11,2017-03-10 23:37:11,2017-03-22 10:42:17,2017-03-30 13:59:39,2017-04-04,c23ff02ce0c6b05a0fcfd7fdd9af6b4b,2017-03-10
28c35e27d64425be0368e275997f7779,796d054417f0f7134531b6af32578643,delivered,2018-01-12 10:39:20,2018-01-12 11:08:35,2018-01-15 17:22:37,2018-01-23 11:38:29,2018-02-05,17c8adc49cb3aef4a23cf79fe88e2f48,2018-01-12
b4e9e179195a7cee910bf458c5b6e01e,acad76e6005b7efd172a9fed40f7d31f,delivered,2017-01-25 20:00:43,2017-01-25 20:10:18,2017-01-26 10:26:06,2017-02-08 13:37:45,2017-03-16,1b9c191439df93697089504c628ca951,2017-01-25
c91097c936cb64d71ceee3f0d99927ea,b70d76ac08b3fa25a7af749b320e1a83,delivered,2017-03-03 01:13:11,2017-03-07 04:15:17,2017-03-07 09:53:39,2017-03-10 08:07:36,2017-03-28,b153a9c1067a6994ca8b04623a5af0aa,2017-03-03
08dae4aaedc034ee67385e739d42d0a8,9e80bf15286ac4efa8833654940b0e1f,delivered,2017-10-01 17:19:18,2017-10-01 17:28:20,2017-10-02 18:17:58,2017-10-07 14:46:56,2017-10-19,ab744045d2445f5bae53b57a4b99bfbf,2017-10-01
5780928bf02589330d7318899b32f757,b4780b1a1ae9bdc3a55a9f3ee26dbb61,delivered,2017-09-15 15:32:16,2017-09-15 15:45:12,2017-09-18 22:19:43,2017-09-26 15:13:10,2017-10-16,5ef08d4b847e88520aafd4856c5068b1,2017-09-15
53d98d6f5af9e1734271f43a0aa46f26,9bc638d98a04f9f85b651edf96c3c8db,delivered,2018-01-30 12:39:19,2018-02-01 02:55:58,2018-02-01 21:07:30,2018-02-18 21:09:28,2018-02-26,03ede110a49c83121893d499aa0ecd85,2018-01-30
c72340047105422e220e980a8b0ab3ee,64a17e471b673fa33280d32aee9f4b5c,delivered,2018-07-28 16:50:41,2018-07-30 18:31:33,2018-07-31 13:16:00,2018-08-09 15:29:58,2018-08-09,cab9ac84e3901590e75cea8bd81c029c,2018-07-28
9065442ba82e20a8ec900872056f9b35,c8fbd8d74cc5bd9a6c5caa16a55bd1db,delivered,2018-04-23 16:45:47,2018-04-24 18:01:17,2018-04-24 17:28:58,2018-05-09 21:41:42,2018-05-17,1a0807b660ceb8efc58902cb5900a232,2018-04-23
4810ed84accc83eb4ecab078f19a3dff,ba8c474f00bbace8e87fb5d5bb34b9fa,delivered,2018-07-31 10:23:47,2018-07-31 11:00:13,2018-07-31 15:11:00,2018-08-03 16:41:40,2018-08-07,69e772acba5d86336594e13d79faaf2f,2018-07-31
d318b798f415b925411c4b1158c2ca9a,20f7de2fa3510b859b29df643f4fb0e4,delivered,2018-06-13 19:05:30,2018-06-13 19:40:50,2018-06-14 14:02:00,2018-06-20 18:45:43,2018-07-04,0f26a77f8de836d7c44b4694e0fa3ea4,2018-06-13
22c8faafaa73e4f93daabfd551279c41,402697a18bebdb6c855efa359a039c2c,delivered,2017-07-29 11:04:37,2017-08-02 08:32:38,2017-08-02 22:07:42,2017-08-08 18:35:53,2017-08-22,96e58d8d78694f7b50be70a1f3c1fe2d,2017-07-29
9080bbebe770730d55977265386a0b21,377309e4c538bd6988eacb5862dddcd5,delivered,2018-03-17 17:12:36,2018-03-17 18:15:27,2018-03-19 19:52:56,2018-03-29 23:56:49,2018-04-05,f96f093772ba5ab5f36b6eb297234c52,2018-03-17
52e0844a4571e7443dd8e575e7f33480,0cb784f306c422f2792472ad6607b540,delivered,2018-06-04 17:42:44,2018-06-04 17:53:10,2018-06-05 09:11:00,2018-06-11 16:58:36,2018-07-20,e88fed3868f914d91d2dcdefc0d62ccc,2018-06-04
26a5b0a07c7ef0706d61bc152fbfd6e2,f270cf26e97ca58a0324f8c260bd244b,delivered,2018-05-01 22:54:16,2018-05-03 04:52:37,2018-05-03 14:00:00,2018-05-07 16:42:05,2018-05-23,5980fdd520297d363b32aa47c0232c5b,2018-05-01
4c29d54811a81ce9d302617b04f7800b,5521ec921e8a912afff4689604e69407,delivered,2017-04-30 17:43:19,2017-05-03 13:06:40,2017-05-05 10:38:37,2017-05-16 13:50:16,2017-05-29,b4c7de73bde9cfbbf56f445de459e0a1,2017-04-30
8c12ae12162b757faa950f28fd235ad8,4d3efa9f79cbe7f9df1a06786b3415ce,delivered,2017-06-11 10:43:14,2017-06-11 10:55:13,2017-06-12 11:32:31,2017-06-27 15:47:41,2017-07-05,1083cd23c22786812a0743ba4bdecd31,2017-06-11
fec4d0de541b41fe6ae602ea962dce1a,d40ae4a4c27cc1a1741d01274cf79d7d,delivered,2017-12-02 08:16:44,2017-12-02 08:59:48,2017-12-06 18:27:05,2017-12-21 20:22:29,2018-01-05,63b10e69acd026f6c345f6906563d8d0,2017-12-02
760de0e8fab552d849d1b3055ed21fd5,abeb1efb87a1a62662735ef66bd2f1f8,delivered,2018-02-19 10:17:05,2018-02-20 07:10:58,2018-02-21 13:25:07,2018-03-01 15:54:21,2018-03-09,b09257f852576c16927fc8652f16769e,2018-02-19
2e48496fcd4e08d2b2c66ce170c428ba,b51ef096647800ac676566855c6a4a24,delivered,2017-03-25 18:55:36,2017-03-25 19:10:17,2017-03-27 14:04:43,2017-03-31 16:14:44,2017-04-18,89221bc2da10ae4adf10dfb2ad5d500c,2017-03-25
dbc9ee70287772e4f094f39843a6b99e,9320ce0f49b79e3b2cedc6da99d49498,delivered,2017-03-06 12:50:12,2017-03-06 13:10:52,2017-03-07 08:43:56,2017-03-13 06:15:04,2017-03-29,3a3b3079c481f75342ad194a36272e89,2017-03-06
7e722bfc2987b03c9f86dc14857dabba,c4a875883036b34ff4fe78e2d66512d8,delivered,2017-04-24 17:58:57,2017-04-29 23:32:51,2017-05-05 15:27:11,2017-05-15 08:17:56,2017-05-23,77510eadced051a2e5419ba684946998,2017-04-24
c3297de5d87bdb1364601547517e83b0,8da8819c5808c4bd18ccf60153c44ff4,delivered,2018-07-18 12:24:30,2018-07-18 12:35:15,2018-07-19 13:30:00,2018-07-23 20:33:25,2018-08-01,2b031e5d0de707138f3a0050fc420d03,2018-07-18
e2755dfe79c25d6e6e7ab1397254d527,4351c2eaa6563ace78e4793c5459fdea,delivered,2018-05-11 22:43:03,2018-05-11 22:56:10,2018-05-14 11:20:00,2018-05-17 23:45:25,2018-05-28,299ebe2d5eb0fcad98f7ab9f59210b7b,2018-05-11
b7bc42b133d843af73988f6a9c68dbca,fa830ffebc8465c777e8deaa55936022,delivered,2017-09-01 16:23:37,2017-09-01 17:24:49,2017-09-05 11:54:48,2017-09-17 18:21:55,2017-09-22,0cdfcc66651ed7c61e3e50a9349ba585,2017-09-01
83f0c4c6b1a3c31214ca8266dc888258,17f9863585a471e9ffe77c4d4f26ecea,delivered,2018-01-27 00:10:10,2018-01-27 00:18:24,2018-02-09 13:09:34,2018-02-21 23:33:12,2018-03-09,d4336c36fbe83d4668606c4361932e1d,2018-01-27
8591fef6d807e0044487787892dec80e,15f9287fd26f7b9c9a3a78e4cc82586d,delivered,2017-07-28 16:38:35,2017-07-28 16:50:10,2017-08-01 18:29:47,2017-08-07 17:04:36,2017-08-21,48a0c088d51523d887f640eb1b7e6011,2017-07-28
7166be578429d02a7a8b066cfd4a7969,d7c21e2c3bb8f78c8bc0e18fbe065624,delivered,2017-12-26 16:17:42,2017-12-26 16:28:08,2017-12-27 21:32:30,2017-12-28 23:19:20,2018-01-15,a9ee0ffb5493291751591e53992b1349,2017-12-26
7c3e480eb90c173aae4ffde40bbaec26,880b4294c02c693bb9882858758995d5,delivered,2017-08-22 10:14:07,2017-08-23 02:55:54,2017-08-25 20:41:57,2017-08-29 21:58:02,2017-09-14,47c1a3033b8b77b3ab6e109eb4d5fdf3,2017-08-22
e623a72e994c0646daedbab9b8becef7,342606a55734309d4c735240bf48f04b,delivered,2018-03-19 22:00:54,2018-03-19 22:15:47,2018-03-21 18:08:53,2018-03-22 19:47:43,2018-03-29,baa86acbf1abb4ee98d476c97b73baf3,2018-03-19
c138ed76de074431ead0f918198673f3,2fea4e537f4cc4b084e036ff9f3ddef5,delivered,2017-08-17 20:11:31,2017-08-17 21:15:13,2017-08-18 19:55:31,2017-08-25 18:47:26,2017-09-21,06afee38c5df20b1e627c986ffabe3f2,2017-08-17
1b34f3de23ae790473c7e4ef6ac0b1f1,8953f8bf10bed387ad35f83d268ecf2a,delivered,2018-08-17 08:05:07,2018-08-18 02:55:18,2018-08-23 14:47:00,2018-08-27 21:27:55,2018-09-03,a9e548f8d73f58feb2aa94dc33f67fcf,2018-08-17
afcc3e09a357bc8f3c1caba3702d1e33,0f37b06ecbf83e513a4cd2dd2047e106,delivered,2017-05-16 21:10:41,2017-05-16 21:22:12,2017-05-19 14:17:31,2017-05-23 10:19:49,2017-06-05,790c376f3e190dfda37dc6cf5fe5f16b,2017-05-16
d40811dee75b8f1713674d3dd8e67d3d,e5a5b930e88703c43ba479860f50ee1d,delivered,2018-01-16 09:03:24,2018-01-16 09:12:28,2018-01-19 00:56:28,2018-01-25 17:44:31,2018-02-09,c69376ebbbba6266a57850eb12a17d17,2018-01-16
1f04c2d89c92de520d7c6d5708b5b676,0b6eceb6d7f78319c58e4e91d10004d2,delivered,2017-12-30 01:32:46,2017-12-30 01:41:24,2018-01-04 23:04:11,2018-01-23 16:18:58,2018-02-07,87c2eb529dbad6e0fef1b43f4cf94b35,2017-12-30
3e4c2286500a9d3194bd7d92434c8233,6b7d8deb29906a81465a537f41c7705b,delivered,2017-10-04 02:29:52,2017-10-04 02:44:09,2017-10-04 20:25:34,2017-10-10 20:30:05,2017-11-03,0f012d9e3814712b886909bd6c99a4c3,2017-10-04
997fd4b37386d10b57d4ac8cdec011a6,4c06b42fbf7b97ab10779cda5549cd1c,delivered,2018-07-08 09:59:19,2018-07-08 10:30:15,2018-07-25 15:12:00,2018-08-08 19:42:53,2018-08-16,07d190f123147d9e89d4b922543d7948,2018-07-08
9c365b96e7181fee770fac0adf79d118,d24e2cc94a4722b65c06f1912247f544,delivered,2017-05-08 15:07:35,2017-05-08 15:22:16,2017-05-09 13:40:20,2017-05-10 16:37:59,2017-05-19,a7465fb2745d0bd670aba354c28e0ca6,2017-05-08
ea512642f80b37ce170a8d385d424e3e,d3bc770fef90670af6d720d8b62fc704,delivered,2017-08-15 07:31:31,2017-08-16 10:04:42,2017-08-16 19:54:16,2017-08-28 17:22:21,2017-09-13,4f6e07ca18fc4879d020c4e4eaafde99,2017-08-15
3c53899514519d3513da33f9173febc2,06bb94c253e8aabc2bb33905d07a5676,delivered,2017-12-15 19:45:53,2017-12-18 14:11:25,2017-12-20 20:29:03,2017-12-27 21:46:37,2018-01-19,4e512ed6682ee598c330736afbeee331,2017-12-15
549e5c65d1f41cb1c4d307752c3b9eae,6e888e003d673cdce73296c4b656fefe,delivered,2018-05-22 14:22:51,2018-05-22 14:34:57,2018-05-23 09:07:00,2018-05-24 20:51:37,2018-06-05,4c0ec556021e916e7d469399bf98d09c,2018-05-22
55a924f9f03b8eefb1d0ed3c312263ce,f632c808918636bee977a68126b32188,delivered,2017-12-27 21:08:49,2017-12-27 21:17:27,2017-12-28 22:19:18,2018-01-03 21:22:18,2018-01-22,3db553f2f06164371a33b0bc51084a01,2017-12-27
fa2f06a4a4f3bb8b8045087e4b3cbd3d,fd88fc5e3ee90a57041c46b74c5c9dbf,delivered,2018-06-05 16:04:51,2018-06-05 16:35:23,2018-06-06 12:34:00,2018-06-09 00:12:15,2018-07-25,0456613eca33128a2a5627aff5caab80,2018-06-05
7806db2eb65970f1f79cf179a640a2ee,2fbb7d2abee363394a20bd29fe5d520d,delivered,2018-04-04 00:14:29,2018-04-04 17:10:23,2018-04-18 00:30:44,2018-05-03 15:59:21,2018-04-30,1dbd49ecc004220cc99e679369492ac2,2018-04-04
b47238f009b4f97b2676067d6c0c0386,d848c524b1e0639c9bfde8852bd810e4,delivered,2018-08-14 09:58:07,2018-08-14 10:10:15,2018-08-14 14:39:00,2018-08-16 20:52:02,2018-08-21,c4e1be2c2425a037aebd1443b7c59bbd,2018-08-14
b0edc0b20a380c879d0775721c5b5b20,209e672c1927a0fb4362d09d0f3971af,delivered,2017-03-14 17:21:08,2017-03-14 17:21:08,2017-03-22 10:55:51,2017-03-28 13:21:53,2017-04-07,5472581443d2221c04182a33205feeee,2017-03-14
fc83eb7b2a806cd7c4ed7abaa9af49e7,207fc86853ab74bf287efdcc03032199,delivered,2018-08-08 12:09:55,2018-08-09 15:50:22,2018-08-10 15:48:00,2018-08-14 22:12:39,2018-08-13,fb1fae7c8d4ad84a1c4516955895d2b4,2018-08-08
2c08b1748cfbf8372658ca7f40ce82a7,932cb955d0fbf4bef9fc737585832620,delivered,2018-08-08 21:09:28,2018-08-08 22:05:16,2018-08-10 14:33:00,2018-08-13 12:56:39,2018-08-17,b31124451c6d25e5fa513d12d33a51fb,2018-08-08
fdf459030a31d8361d80f9994ad7f8c4,c3861717ce209342c12c495176b855e7,delivered,2017-06-27 11:07:55,2017-06-27 11:45:20,2017-06-28 15:32:54,2017-07-15 13:03:47,2017-07-19,c02749046d06b5043c60a4313887b006,2017-06-27
b6f999c6eccbf4df9af77d67c77a8e52,61fc851ac2ccfe9254c67b210b69ad7f,delivered,2017-08-07 14:14:22,2017-08-08 05:00:23,2017-08-08 19:56:43,2017-08-15 23:54:50,2017-08-29,47c1a3033b8b77b3ab6e109eb4d5fdf3,2017-08-07
6836f681dde1414dbb28f92af526ae2b,94141c62a5e4b28c99d32c74905ec09e,delivered,2018-01-23 17:37:32,2018-01-25 02:58:09,2018-01-25 23:34:22,2018-02-06 19:25:14,2018-02-19,5dd913ded60457cbc8d24a3b6b0eaa42,2018-01-23
331c8aba2d911c0be8bd043ab1c9832b,da2f75aee4e935cfc9dfb3edee0e8b55,delivered,2017-12-21 20:02:39,2017-12-21 20:14:25,2017-12-26 18:36:47,2018-01-10 12:50:34,2018-01-26,d8ed8e78d044624d8bac4bd0fcdc9fa2,2017-12-21
39ffbfb6ec0947fd9825777cabd10c0b,08e2e8f0d6a0264fb3a6da7b40dbf12d,delivered,2018-06-25 14:18:37,2018-06-25 14:40:49,2018-07-03 14:41:00,2018-07-04 22:16:31,2018-07-18,4acbdb04ea54671a250e834621a24516,2018-06-25
86795953649e4ff4f2edada496f38e6c,9995cc856683665967a71bbfe006e939,delivered,2017-08-13 12:45:38,2017-08-13 13:11:28,2017-08-14 22:55:35,2017-08-18 17:55:50,2017-09-05,d9997a7f31ab2f0e410be938a3d251fa,2017-08-13
f64fb4946a90218bdbec589122e8f914,16c0ebec0c65bc08d8ad17f0d74bc01e,delivered,2018-03-14 22:26:08,2018-03-14 22:35:31,2018-03-16 22:39:47,2018-03-21 22:34:37,2018-04-09,8324c8b2c517c5039e0be3d5e63ed881,2018-03-14
a17aee38be3194baacef391d7ef26415,7dea181d02fcb0026f5c2ece003a735e,delivered,2018-02-16 19:20:45,2018-02-17 19:40:21,2018-02-20 22:42:03,2018-02-22 16:38:50,2018-03-02,cb9d837c85038a44d69bcd8a863d7d48,2018-02-16
a4220c184ed6700f8516552b2cb3c20d,a41867ff8c0050770bc4f457c1e817ad,delivered,2018-04-22 14:57:48,2018-04-24 18:04:45,2018-04-23 20:30:49,2018-05-14 22:55:54,2018-05-14,4d53bdc0114bdc94c20c5c1fb6703d3f,2018-04-22
3f741f27f2dd8988d7c287f567a35c52,65ccf1af630bcbc53e10be670bc8563c,delivered,2017-05-30 17:52:25,2017-05-30 18:03:11,2017-06-01 12:52:16,2017-06-02 13:49:08,2017-06-12,56f162881887b4fd9176b338ac8ff2d0,2017-05-30
560f7585b57fcc9579460fa21c0d8ec1,ced5464be4716dddff6e88ccf5e0261a,delivered,2018-03-13 22:33:50,2018-03-13 22:47:53,2018-03-14 22:51:27,2018-04-04 22:18:30,2018-04-10,f00e7984c3364ec425d0c9d2e9ba817a,2018-03-13
17c80e00cb0e561fc779745fae6dc4e9,4e46b98e954d79ebbf7744bc8f7e76ed,delivered,2017-11-26 13:04:06,2017-11-28 03:38:43,2017-11-29 00:27:53,2017-12-05 00:08:46,2017-12-18,506a8f8461c08d84d2198b3bd9a5bd9a,2017-11-26
f3458c2495b179f0e198030eb89b8ab5,dfd010ff2fd3f17bfb7e6a8a3c1ab939,delivered,2017-10-30 16:57:04,2017-11-01 03:10:18,2017-11-01 17:12:58,2017-11-14 20:09:33,2017-11-27,be76b702c8a7f76b6d8984f7fb83d7ce,2017-10-30
362862be62935fefa3575b0b3b431bad,98330bf6030605e83ae05783fb40fd44,delivered,2018-04-07 11:15:40,2018-04-07 11:28:12,2018-04-10 17:19:23,2018-04-20 17:54:38,2018-05-02,3d384508dcdfe0542bd9458a84038ff2,2018-04-07
1f75191842f4f2343c718aba4007d742,289e413a221b35d1cf92f69e4dc48fb2,delivered,2018-07-19 14:29:08,2018-07-20 11:05:13,2018-07-23 15:07:00,2018-07-30 18:14:58,2018-08-06,03954c4eab2b709af4659c43fc74708f,2018-07-19
a9b40303a2123e60ba30e5c02613e6dc,daa50cdfa430a264916297a623c86011,delivered,2017-11-04 23:27:43,2017-11-04 23:46:01,2017-11-07 20:24:40,2017-11-16 17:05:21,2017-11-30,5692f45005b99d929b723b96408957ec,2017-11-04
8b0f121dbcd7a605911362fdc4df8e76,2c2e166b40d0abeea975d9813bba3ffc,delivered,2017-03-09 14:39:28,2017-03-09 14:39:28,2017-03-13 10:41:21,2017-04-07 16:44:55,2017-04-07,3eb22737c9117e09ef22519ad20f4e1c,2017-03-09
ac3ae8fc5dff10d6c86e54f2ee4ccb21,81c3c727d0aff97c26d22458874e3b75,delivered,2018-01-05 19:17:25,2018-01-05 19:28:29,2018-01-09 17:16:49,2018-01-22 18:33:01,2018-01-30,8c78d2fbdc7623260f382da235ed8e1e,2018-01-05
89919c333a05c327cd25b1ee32ccaca8,ee218228d0ff9d569459b1f1e7a2c2b7,delivered,2018-02-18 19:01:43,2018-02-20 07:07:26,2018-02-20 17:47:55,2018-02-22 20:12:33,2018-03-14,1e833a2651ffdd54786a1743d54e3e9d,2018-02-18
5faa7dafdf19e1e0e96dc20cff3a5f6b,fa384fc2f25297a4ab6ae14753130679,delivered,2017-07-10 00:12:11,2017-07-10 00:25:08,2017-07-10 17:42:35,2017-08-10 20:48:51,2017-08-01,42d60bb3c54032d55573adc4c2e694c6,2017-07-10
d0951ca2244d54908c43b6de2aec3974,997527d59e2e579ee89a14fc707c1f9f,delivered,2018-03-01 21:54:32,2018-03-01 22:10:27,2018-03-06 20:56:34,2018-03-24 15:04:15,2018-03-23,5a21ec58c64ca71284ad7d9a1131c69a,2018-03-01
d5499e385aef94ea76d2ea5e6a73e60a,db4ed23635ef5d8105c78ecc17fc34a9,delivered,2017-02-22 17:38:51,2017-02-22 17:50:22,2017-02-23 11:34:08,2017-03-03 12:41:42,2017-04-04,0d1b072f720c3e2778a1b93b937ec8ac,2017-02-22
9a9493d725526cae22a6a7aec2d5aff4,7658c849ed9aacff0f071b3b4d5011d9,delivered,2017-02-24 21:13:03,2017-02-24 21:25:12,2017-03-01 12:35:01,2017-03-07 15:09:57,2017-03-23,fcb49d3d59e5a5277721517660f919b7,2017-02-24
b722a4d724bb8dc8c8f69f6239797c4a,b2e2d02679d78fa9b26ca1eddc475732,delivered,2017-08-10 22:15:35,2017-08-12 02:50:19,2017-08-14 16:12:53,2017-08-28 14:41:41,2017-09-12,def4d4fd32998652ae25219276c81dfd,2017-08-10
37726a8b1cbcf77034870df2521be6f6,2976ca9e434924142eca1be125f4653b,shipped,2018-03-07 10:06:01,2018-03-07 10:15:51,2018-03-08 18:17:02,,2018-03-28,a05dfc86f74cf1ae98a82ebcc628cbb5,2018-03-07
8c6541ccd245c735762e6dfbeeeef23e,7f4e3f3ac0c2f3a9d1adb1fd104f0700,delivered,2018-07-22 16:18:31,2018-07-23 12:31:45,2018-07-25 13:32:00,2018-07-31 19:52:49,2018-08-14,14fe28ddaeb1c821b132701b9c254087,2018-07-22
d7390b1e8637527602269d4b429deda7,2e0dcf32decf3f71d385098b74d93721,delivered,2018-07-19 19:36:11,2018-07-21 04:05:17,2018-07-23 14:01:00,2018-07-28 14:23:33,2018-08-07,06a492c4633c57918215fa9b4f87919a,2018-07-19
b5027abe05e765cbc186526437ddd21f,e92c0de5b9a170f19572d6ec0cd67785,delivered,2017-11-20 19:08:38,2017-11-21 19:15:41,2017-11-29 21:58:38,2017-12-05 15:15:13,2017-12-07,32c95c8e7ca77240d4c84722197646d3,2017-11-20
fdcc8d62390289b2bda3229c41e961ec,a38d868a3f9c5489968a012d9dbc60a2,delivered,2017-11-22 13:10:38,2017-11-22 13:40:26,2017-11-23 22:21:57,2017-11-29 19:47:51,2017-12-08,71701a9e3db5893dcf98f25e8b67ecbb,2017-11-22
9b9bad2c285cab8257e0dbadf191d8d9,9e6a4c410d7d354782949d88b712e12e,delivered,2018-03-04 18:03:29,2018-03-04 18:48:30,2018-03-06 00:23:07,2018-03-07 20:12:33,2018-03-15,75bfbc48d9317a171e31db58dd70d5c6,2018-03-04
abc5db459823982b227dde437fa0ef34,afd3fbeaa7a5318d4bfe1e0147f4feae,delivered,2017-05-21 22:07:50,2017-05-21 22:15:20,2017-05-22 15:18:27,2017-05-23 10:52:02,2017-06-02,537c6d4bdd828b0c279c0ab367c93788,2017-05-21
d8a46fc8e10a38b3756d7e677b3f6ab0,28c784571d92457311cecc16e66688e0,delivered,2017-11-13 15:48:05,2017-11-14 04:10:43,2017-11-16 14:16:56,2017-11-27 21:19:21,2017-12-08,ee4a5dab94b427525ea24bc30d4442fb,2017-11-13
7892114ce9e8834d860b44a782ef9af6,5581f26ba2dcb90e8c250e0850c66172,delivered,2017-11-05 00:57:30,2017-11-05 01:11:00,2017-11-07 21:28:29,2017-11-16 21:48:45,2017-12-04,b7f8a7b85fdd98bc5fd951c67b6e1684,2017-11-05
f0e3fe1f0a0a04e3e51efb76a536a099,ea6d33d5bef2ffa54ecb81acf3c4fe60,delivered,2018-02-26 17:34:33,2018-02-26 17:49:56,2018-02-27 20:24:56,2018-03-20 20:46:43,2018-03-19,7815799d031c22df2d34a2ca6dd582bd,2018-02-26
7f42ca48939d07a27919a2a3241ce9a5,b806d6199ed9ffc4e48974784d3fadb4,delivered,2018-05-15 16:03:03,2018-05-15 16:15:44,2018-05-16 13:44:00,2018-05-26 17:41:42,2018-06-04,98c90b1b8917a7195ac0461dd4c8b26f,2018-05-15
b8b2b6e3608c39adc510b2a5bf6c9437,ae88b5d233a5c934013e2641f78748a7,delivered,2017-10-12 20:06:42,2017-10-13 16:07:33,2017-10-16 19:12:06,2017-10-27 19:27:51,2017-11-13,f36dfdc3eabc5268ef196f83d0ea4312,2017-10-12
c8aea852a760205e92591d5053231e07,76fee7c59d7317435aef4230a46b23bd,delivered,2017-01-27 18:00:27,2017-01-29 08:32:02,2017-02-01 09:18:31,2017-02-09 06:04:49,2017-03-20,a8e4a8d784c5a994b94dd2f368de5cf2,2017-01-27
8437cc26c9de9099049a5d619bd5ea67,64cdc06f388a59d50fc18582e3f8e513,delivered,2018-04-16 21:07:33,2018-04-16 22:10:26,2018-04-23 17:42:56,2018-04-25 02:18:39,2018-05-08,e48db36798d87e0f0716a88fc4480abe,2018-04-16
0bfbb90a7081700d37f79af63c088655,4b691768be854218728575411948fcba,delivered,2017-11-11 19:24:30,2017-11-13 21:55:26,2017-11-14 19:37:15,2017-11-22 16:34:13,2017-12-06,4090db2dfb40ecb087c4b67571d50d97,2017-11-11
334835dee6d2994b7a4c3a396763520b,a06b4234539b780ad912a4704112dbbe,delivered,2018-01-16 19:10:27,2018-01-16 19:31:16,2018-01-18 19:07:03,2018-01-31 17:19:37,2018-02-19,80f50b80a006cb5521d2be7d8fb3bd7e,2018-01-16
6bc36770d620721000e91c6115924837,64cb0117a687a23b3d4a4982c7dedad3,delivered,2017-03-18 20:00:53,2017-03-18 20:00:53,2017-03-23 15:19:43,2017-04-05 11:52:49,2017-04-19,e7a252c629a472f5bba6489cb1779c2f,2017-03-18
5c1ae73856bf1d09958ec5ae3a64b73a,d5695e900ecca93e1369d850dc1e986b,delivered,2017-05-11 23:24:53,2017-05-11 23:35:16,2017-05-15 09:14:36,2017-06-03 09:32:46,2017-05-31,101ff0513ba9e400909e3b25d8a6b500,2017-05-11
d243808e23f60f3895c6a696df710642,f311cdd5c8f22cae58ea2495cebbf047,delivered,2018-07-16 11:01:26,2018-07-16 11:15:18,2018-07-20 12:16:00,2018-07-30 17:18:42,2018-07-30,1b725d9d2de794518292b023a94fe0b1,2018-07-16
7c37927fa7676a5dc4dafc75d15d6bdc,96d072f787b15baf8b013a7a9150b307,delivered,2017-09-19 13:30:43,2017-09-19 13:44:12,2017-09-20 15:17:54,2017-10-09 13:35:22,2017-10-11,ac921754eaae7ff62c0be2b5145abb1b,2017-09-19
28a58d10c5ce66e99e4edf25548e1a0f,d120c21be52a1136c423dad6a50a75a4,delivered,2017-05-04 14:51:10,2017-05-04 15:03:25,2017-05-05 16:26:54,2017-05-21 08:37:37,2017-06-08,fcabb707b5321219a0a8f54beff496ee,2017-05-04
1436cba3294812a22fe0868db7581b68,662b50538fbec2fa00feb3d4e7135b93,delivered,2017-12-12 22:20:59,2017-12-14 02:11:58,2017-12-14 17:02:48,2018-01-16 21:33:39,2018-01-12,bc0f16bc629417829deb3b163c25c510,2017-12-12
a6cf11644446a2f66b35c06a3b61917a,a06b36afcb92e3dd94f5589baf453ec3,delivered,2018-04-12 15:43:20,2018-04-12 15:55:15,2018-04-13 12:44:47,2018-04-18 18:02:23,2018-05-04,e97081db25f1967ef831179b1995eead,2018-04-12
80486ac4792fa4fe4ecf6011109b0edd,4b0352987831be898b4d3a4c0393ec6f,delivered,2017-11-17 19:59:08,2017-11-18 07:35:33,2017-11-21 20:07:09,2017-11-30 19:51:41,2017-11-30,66a649c03a48ef256d23fe024df88835,2017-11-17
3a7d825f151dea33dcd33aaf24c803cc,4ccd20adf1bd2ac9b5a490d9a5ee2b75,delivered,2018-05-16 09:44:37,2018-05-16 09:57:27,2018-05-18 11:10:00,2018-06-04 17:46:43,2018-06-18,5ce049f2479d3d89913200539bedf131,2018-05-16
63ed630173e589bf5897cc6eca5aa66d,90944df5064abca8c0580acfa5476fda,delivered,2018-06-03 20:18:57,2018-06-03 20:35:14,2018-06-05 10:15:00,2018-06-16 15:03:10,2018-07-13,a7ecf1cd553b2462d8fe09b3ea3138f0,2018-06-03
b124967afcc82ef17ec41020fe2a9136,43dd5cdd60809c5f268d9d3b1e5b986d,delivered,2018-05-29 16:19:32,2018-05-29 17:18:09,2018-05-30 14:09:00,2018-06-01 15:48:34,2018-06-21,da6ad3471341a3f6801cb11ea9a88b3c,2018-05-29
86a6d09b2d1149ef6c9e0f8bf09d3a7b,f0064a25d6ef0a0958746b7048ef77ae,delivered,2018-07-25 13:00:42,2018-07-25 13:10:19,2018-07-26 12:25:00,2018-08-02 20:07:46,2018-08-23,5406d6a56f0e9267cd7820616828c382,2018-07-25
0e8e7aed5de3681d008b56aaa514fe6a,d6e2b7381afd823e7d123fdfca1b3b3a,delivered,2017-09-12 08:56:57,2017-09-13 03:15:36,2017-09-13 18:23:01,2017-09-18 20:54:42,2017-10-10,e8a63b5829f45bc153ed838ba9de6c0b,2017-09-12
94dcbb5ca9d603177841a40f3d630483,40186e58e5331d475bac4a234986a029,delivered,2018-07-04 17:41:00,2018-07-05 16:32:52,2018-07-05 13:08:00,2018-07-10 18:08:35,2018-07-30,f3a00ac7ef765a53370cd03daf250c2c,2018-07-04
67fdc329b2ca0a11de2819f353d19ebb,d2ea35fdddd6e31de96015f837c481bb,delivered,2017-10-16 21:07:08,2017-10-16 21:26:19,2017-10-17 18:47:45,2017-10-25 20:00:09,2017-11-01,821196310005787faf758cf653317a71,2017-10-16
bac2b1fb4eb632cd04d6c26f47b61ff9,8ab7b5a0e010fcebc3f6dd6eaa190319,delivered,2018-01-05 16:04:43,2018-01-05 16:16:05,2018-01-08 21:54:06,2018-01-23 01:53:08,2018-02-06,f8af7fabb3e9e70beee01db243cd3eaa,2018-01-05
3d256d368580c4cc0dc2b5fc606f1e57,195d4fccba77a084a0b2ca23c49db18c,delivered,2018-08-18 12:20:25,2018-08-18 12:35:06,2018-08-20 14:59:00,2018-08-23 00:03:23,2018-08-27,ee255ff37746ba33e1d124150cadf936,2018-08-18
fce5031b8cd60863c55256f9d930d269,d3ad4dc86c316469ac1f47a303bf5e3e,delivered,2017-09-20 06:20:32,2017-09-20 06:30:12,2017-09-26 20:33:38,2017-09-29 20:05:07,2017-10-03,5786ba8739180a4be2cd1f6036114ac5,2017-09-20
ba2f2f4bd29ed2679295a4c10cede333,b51d567410c3cb6190b2de9cca60c5bb,delivered,2018-01-04 15:59:36,2018-01-04 16:10:28,2018-01-05 20:52:54,2018-01-10 23:48:49,2018-02-01,d02acc453a237d7a12c0100a6c882ea9,2018-01-04
fbe404cf18f22d782369d500d1a75671,79464ec451b3e1eadc7f4583dffa6051,delivered,2018-04-30 20:10:59,2018-05-02 09:33:14,2018-05-03 09:21:00,2018-05-07 22:10:47,2018-06-04,decaa679a2182236299e4ec7664095d5,2018-04-30
0b0d8e5883c78ff45f2f1b7c511151db,69b15f0fc02f022ec3c729f145089728,delivered,2017-11-11 22:11:09,2017-11-14 03:55:40,2017-11-21 18:31:53,2017-11-30 18:41:47,2017-12-11,bc4feed39092799c39cdf8861b188b08,2017-11-11
315b408ea2b172afb8ed00e598158e62,cf1324990b51279a4a7ebc7eee09f5e3,delivered,2018-03-11 21:28:28,2018-03-11 21:48:39,2018-03-14 23:57:35,2018-04-09 20:56:24,2018-03-28,a8bdc59f80b047d3d5fdff12d0c146f8,2018-03-11
dd0772fc1baae39225ffcb43bbb71a99,b117ae6771e4c5db77c8e5c8411ca4ef,delivered,2018-04-01 18:58:17,2018-04-01 19:10:08,2018-04-03 23:46:31,2018-04-11 18:34:36,2018-04-23,203d5416993fb9e1d8f97d713bd22cbf,2018-04-01
0f0dcff95d53d151facf1af7575432cb,3b0fd9775eab322c7a98dc12b3b35a5b,delivered,2018-03-18 11:11:19,2018-03-18 11:28:00,2018-03-20 21:04:16,2018-04-05 21:08:41,2018-04-06,82da2451de6e77fbfa5a19de351bfd56,2018-03-18
9050348d03b76a6157c65693742a2073,ddb3130ade3920265203853e3885d9f0,delivered,2018-03-21 15:56:34,2018-03-21 16:15:41,2018-03-23 00:28:51,2018-04-04 00:48:33,2018-04-19,4ebf67e04cc8824f896f8400249e1c57,2018-03-21
c12f0726eb6667bd058a5282d131e680,c40c836a98137665fcdfc92b9b8837c6,delivered,2018-01-22 21:54:15,2018-01-23 21:59:38,2018-01-24 21:44:01,2018-01-29 20:03:33,2018-02-14,8cf487eab4763bfe5f28f5920c6f1cec,2018-01-22
e3e2ca5afeb7f8dc5e95b1633d8cd6b1,0739e05c71a6246747cddc1af25fcce8,processing,2018-01-14 23:22:30,2018-01-14 23:31:29,,,2018-02-05,036a1e754cf00a7c7f1ea31bc6d93149,2018-01-14
903b027d6b01452fda4780d82f286bcd,d6dd616ed774326df2147bfbc0e75490,delivered,2017-08-08 15:37:05,2017-08-09 15:45:13,2017-08-10 20:51:55,2017-08-16 21:51:59,2017-08-30,7ca7ba98b11adc48903be9b23ba7f624,2017-08-08
cc8ae3b6f1e14041c68fb899d1d83303,ed27c1a48c82bc9d7d5ca822fc2b62cc,delivered,2018-05-13 19:59:57,2018-05-13 20:13:28,2018-05-15 15:06:00,2018-05-18 20:03:22,2018-06-05,64c827c6adeb5e44d755328b32cfe826,2018-05-13
d3a543aebcdb10da36e411d1b65a7493,55295292eefde14db24c4018c8fb550a,delivered,2018-05-21 10:33:00,2018-05-21 15:32:00,2018-05-23 14:00:00,2018-05-25 22:08:39,2018-05-30,b3d6341ff10832a54716444780256d87,2018-05-21
3a5271b57335b6f18985d213924b3ca0,53885730087107b7a4dd579001c918e6,delivered,2017-05-24 12:43:47,2017-05-26 02:25:25,2017-05-26 16:12:42,2017-06-08 14:22:22,2017-06-13,63ec4c57fcfdce705d77573e49e2068e,2017-05-24
fa6ae95493388e7d79e8da2b87087a95,f88903d440fd26c3aa83f4f8c269c66f,delivered,2018-02-19 19:04:45,2018-02-19 20:07:59,2018-02-20 19:04:18,2018-02-28 20:46:59,2018-03-12,f0ffd8c6cc5ee310933c1b109c3e69f2,2018-02-19
5664108fc73599db9191ed8160e0989c,28ec50f091f0e77b714b91eac5074c01,delivered,2017-11-30 16:09:24,2017-11-30 16:16:21,2017-12-01 17:37:50,2017-12-12 01:17:16,2017-12-27,09359dad1729f1280845344ebbd6263b,2017-11-30
afcbb3c01317e203538feaa1bac05741,ffe74a03e68b1c23d2bd6a1ecdc2f3d7,delivered,2017-07-12 12:46:09,2017-07-14 06:45:21,2017-07-17 17:34:03,2017-07-24 19:25:32,2017-08-03,c5a755e023b897c5c07797f768fc2e81,2017-07-12
e3fdb4acd9e17c8b90cb9632990ee786,f55e489fa5e3fa5cdab0588fb2cf9f0b,delivered,2018-01-02 07:50:34,2018-01-02 08:17:09,2018-01-03 21:07:04,2018-01-08 14:47:54,2018-01-29,c8beef897465bd87168f7793cf9d0981,2018-01-02
29bd5d4c7f91a9952f98e09ff439cc2f,e3fc6b36511d2b9aebbb706cc1b613b6,delivered,2018-06-25 16:15:24,2018-06-25 16:38:05,2018-06-29 12:28:00,2018-06-30 16:18:54,2018-07-11,107add80de9ce0b6a544e96ea189c2dd,2018-06-25
909d3b2480dfb32ec3a81fb0e9a69627,2c638b26193ba082ad5078be3f37a854,delivered,2017-07-19 14:38:39,2017-07-19 15:10:18,2017-07-20 15:32:14,2017-07-28 19:53:32,2017-08-14,5ebf36a0459a0403b8f6576b2a241e33,2017-07-19
2c2aee01af5e98a463c29e726ba3a272,f02c4a831d9fc285c178f61afdce2b5b,delivered,2017-05-11 11:47:42,2017-05-11 11:55:23,2017-05-12 07:19:38,2017-05-15 14:22:23,2017-06-01,d08ddb2cce5c55f8dd09cedbae2134f5,2017-05-11
607a53a5c5210e129c689ecfb2c1897b,a9c9fc2ca98560e072e73177c7046e7e,delivered,2018-01-31 18:02:38,2018-02-02 02:54:01,2018-02-05 16:22:54,2018-02-10 14:33:20,2018-02-22,fdce3a41e2e35d86665f92a3e8c8db65,2018-01-31
9174fca54bbd6e4bef29bd8cebea449a,f3fc8d82cce28672798c9eb59ee15250,delivered,2018-07-19 10:06:33,2018-07-19 10:22:53,2018-07-19 13:19:00,2018-07-21 02:12:26,2018-07-27,3467e97ab367cc77d54f3b94ce52a801,2018-07-19
aa078289a37e7fc6858559006061646d,f3367c9aca21c8339000542eef955545,delivered,2017-12-21 10:26:44,2017-12-22 14:31:45,2018-01-26 20:42:33,2018-02-07 18:19:12,2018-02-01,b223711454139852be71c956e1437978,2017-12-21
6333046a213dd2a7a2fa8909a8111bfb,01c41ead4383471f6ef23bcf19aeb5c5,delivered,2018-06-05 00:26:37,2018-06-05 00:52:25,2018-06-06 14:37:00,2018-06-21 00:02:46,2018-07-19,2454703ec6ed0fc0ec8d9b65c2b4186a,2018-06-05
3ff488af63223ea08fce4e9db03a82dd,fb62f2a2b233dce9750bd57255526150,delivered,2017-02-12 17:11:02,2017-02-13 17:22:59,2017-02-14 09:15:08,2017-03-09 08:51:55,2017-03-22,94ab7b79166b804ee2c4d59e16eb3b8f,2017-02-12
cb750ffaf626492fdb62fab26f501b82,bec066d38efbd6e61e680eb9595685de,delivered,2017-12-08 22:25:44,2017-12-08 22:35:29,2017-12-11 19:37:55,2017-12-12 17:13:10,2017-12-27,2a2478251d7265d763d02298f95891fa,2017-12-08
e92900da13e75122f18f3694fd9e0230,5f05de07772c3e69f3a019b70a0c97e9,delivered,2018-02-20 17:03:21,2018-02-22 02:31:04,2018-02-27 18:58:51,2018-03-21 20:21:02,2018-03-19,b73f9b2eb9963a26663976fff2cece8e,2018-02-20
cefb2c1509c176244d633a5f3f38e24b,0bb7a259af35271edd61b190f9cb78be,delivered,2017-11-24 21:21:02,2017-11-25 00:17:50,2017-11-27 18:17:11,2017-12-02 16:52:01,2017-12-18,f468e6ec723b96c71219660b45a1a1af,2017-11-24
3b5d81f92e4a18f0fc0752f02f47a5ab,f1e385cf7166b007ceac8d79c781c8ab,delivered,2017-10-12 19:32:02,2017-10-12 20:36:28,2017-10-13 22:28:43,2017-10-23 20:28:52,2017-11-13,854d042883d4ea8d6481248fd04418fc,2017-10-12
9af75af133e554afc286c77a5684cd6d,5d1fe77e26f6db69ffcc7075b48d966a,delivered,2018-01-10 10:27:04,2018-01-11 03:31:18,2018-01-11 15:10:48,2018-02-01 20:49:48,2018-02-07,751eb00ecd77b6270af7f63acd3dd42a,2018-01-10
b210c676cae65f95f7e08a49d195e1a1,44cb55a7202fc9fccf83f653373bb000,unavailable,2017-07-21 14:40:21,2017-07-21 14:55:15,,,2017-08-16,ec9c7ebb2a345ccd42c46b94ecb4d319,2017-07-21
8ec02de389ef4b7fdd3b0b084027c0a6,b6c9564644bbdfd2316ac9ef9987b87d,delivered,2017-10-21 00:33:38,2017-10-22 00:49:20,2017-10-24 19:17:44,2017-10-25 15:50:08,2017-11-07,c43799dc8df511e0c4c6fc3ac0255d73,2017-10-21
4b7bf1f7eb492ad33680ba2cb4c4ba56,1b2fccd64ead0637991ff28c1971d9a7,delivered,2017-09-03 16:52:33,2017-09-05 04:24:48,2017-09-05 20:03:35,2017-09-08 17:36:34,2017-09-27,b4487f7becb51a93d4d0ef1256e60d99,2017-09-03
46d7f4b6bd94be776c180799b944fa43,549d18cce1fd46ab0ed45a76cab1f23f,delivered,2017-09-12 19:35:55,2017-09-12 19:50:22,2017-09-15 21:51:58,2017-09-22 19:29:01,2017-10-02,f3d0fea0d8a92efd77eb11feaa53a151,2017-09-12
ef3d759ba50b03b99a1f7785496d554c,f3717d4601f58d09957af0f308c981bc,delivered,2018-03-07 23:52:43,2018-03-08 02:29:15,2018-03-10 02:22:42,2018-04-10 00:03:32,2018-04-03,a6b3fa1411014a11a9cd4c238e0241e0,2018-03-07
e5ac2ec6985bd8401bc382345e4266b3,187a209cec5b138187e8e4bfa8fd8825,delivered,2018-03-28 18:59:41,2018-03-29 18:55:18,2018-04-05 18:31:09,2018-04-07 01:08:46,2018-04-12,b39300444cbd93492b01205ba683bc50,2018-03-28
41593546724af38df27bd3f5a7f10580,629c063ae504efc5531dafb30fca6ea3,delivered,2018-01-20 21:47:36,2018-01-20 22:02:10,2018-01-24 03:45:04,2018-02-02 21:24:23,2018-03-06,cb008b64d6596dcaf6c0480c70580425,2018-01-20
c4512da2ee4d091cf912a878cba23f6e,e72b7c5bae2b9031c4372ac8654327dd,delivered,2018-05-07 19:52:58,2018-05-08 20:54:52,2018-05-15 12:28:00,2018-05-21 19:48:35,2018-05-30,026369eca788b2b8574bdcd04b003d80,2018-05-07
69c57a5417fc7d21a4eefc51ccb864c0,dc755b08c86f5315f97a52458fbd59b0,delivered,2017-04-10 13:43:23,2017-04-10 13:55:19,2017-04-10 15:30:21,2017-04-17 09:54:11,2017-05-04,d0e2d3a16b7a5b1cb689123a88937410,2017-04-10
67332434603362ce9e1894a63211232f,aa19299c3284aa496d206a5460bde6e5,delivered,2018-02-14 10:10:32,2018-02-15 04:20:22,2018-02-17 01:12:39,2018-02-27 20:18:56,2018-03-16,27690888a79eb5f2a5b8d0cd1ae0e596,2018-02-14
c833391c20c67e486071538365c1edae,abf36d4666c68c17927c23c39364fac4,delivered,2017-11-24 12:04:50,2017-11-24 14:52:32,2017-11-28 01:03:03,2017-12-10 15:46:23,2017-12-08,f108981245a86b509868e5fc57a3a85c,2017-11-24
28cf6655a339bec298464ed6ac5b4550,3ab22580c82d3db7531aba1fc5fe49c1,delivered,2018-02-25 14:38:34,2018-02-25 14:50:36,2018-02-27 21:37:56,2018-03-20 21:28:51,2018-04-02,d18227b7809322199605d38e81ec230d,2018-02-25
b51f2621265ffd44eb7cdc9358836225,a0283634d75ba3de47f555d16310dd30,delivered,2017-11-25 00:08:21,2017-11-25 03:11:21,2017-11-28 14:33:02,2017-12-23 13:11:02,2017-12-28,cf72db4c4c74dc8d6eaa66311dc89bcf,2017-11-25
1af215a28c496e6d38edbd01e261f044,5fa2153b4ba64216d026039216f631d3,delivered,2018-04-24 15:40:11,2018-04-24 18:49:44,2018-04-25 13:21:00,2018-04-30 21:12:12,2018-05-17,db290f78247374991d100fa8cceb3149,2018-04-24
ac354a1df0a6139d9bffe004c924c10a,d4ad3f9169dea39a475c37b9fa49e186,delivered,2018-02-14 17:29:00,2018-02-14 17:48:04,2018-02-16 01:43:12,2018-02-28 14:12:33,2018-03-15,75517482e799dbe044ca7c24908394a4,2018-02-14
38541d08d4eb7d571b5b80cb6ca9be03,937682b4176cf634c443714be31b5ca7,shipped,2017-11-24 21:36:30,2017-11-25 01:31:42,2018-01-04 21:07:51,,2017-12-20,fdc6f20686f610bbbdd5f4898c4d44b5,2017-11-24
488a016252a949b46cb0ac82a597d663,d600c51ea8cf9cfdad799165e8b88df9,delivered,2018-06-20 14:56:49,2018-06-20 15:19:22,2018-06-21 15:40:00,2018-06-22 19:14:28,2018-07-12,4c416761bb20e5d8e4f5e06ea591d9f1,2018-06-20
44fb50923bb950b4aac437b0e7e0e3c4,df86fdd2e6ba6d883347af319dfd45c9,delivered,2018-07-27 09:03:24,2018-07-27 09:15:12,2018-07-27 13:52:00,2018-08-01 20:51:15,2018-08-10,2d97bdd6a91c63d6464c5e412ceb603a,2018-07-27
6a86d97dc3bc979462a5acfe0e98fdcf,60d2ef638fdb1625f3f599fe416c3dd8,delivered,2018-04-05 19:10:13,2018-04-05 19:29:48,2018-04-06 21:21:26,2018-04-18 22:58:20,2018-04-27,b5977f9bdf907f172d1cda015b6df4cd,2018-04-05
acb7a021e51917d7f0aa4a7567c5717a,4841d8c1900e338fd39052513cc592e2,delivered,2017-09-15 19:40:15,2017-09-19 03:45:09,2017-09-21 18:52:33,2017-10-03 19:44:00,2017-10-09,55a44284e2c362a0199fb0df3ea9fb7d,2017-09-15
2c53bd1388754e218f18b97bf025d935,09cda23610c5275912f43be97020e76a,delivered,2018-07-11 19:55:14,2018-07-11 20:10:12,2018-07-13 14:33:00,2018-07-21 10:41:27,2018-08-01,39900024bf0c52f36b40b1866f42f385,2018-07-11
d90f36f9fe6a2fda4bbc5498a14b81d6,e48d7789f6df4397bf00bff9c80110f1,delivered,2018-04-12 13:46:50,2018-04-14 02:30:32,2018-04-16 23:52:09,2018-04-18 23:26:51,2018-05-07,5dee7715eb91b43858f8de5822cd8eb7,2018-04-12
4360063fea90cf1fafd22f165125cb2e,f4cfa0a6eecf28cf72c451b974d96f9a,shipped,2018-07-27 14:16:52,2018-07-27 14:30:07,2018-07-30 11:28:00,,2018-08-20,d812cc1c30ac21ff6e96ad5fb15d1679,2018-07-27
2aa8454e751e7fc82eba1192b4e49aad,6f7c8b3369dd1f736a77264ecd928a47,delivered,2018-07-31 09:53:32,2018-07-31 10:31:20,2018-08-01 13:42:00,2018-08-06 17:52:54,2018-08-14,8b4870d5e710991db0eb07f29084b00f,2018-07-31
6305e90ad1e8185734f333b9fd2b22e9,dd6b260a2c609fd68917fb3551187b71,delivered,2018-08-21 12:01:40,2018-08-21 12:10:46,2018-08-22 14:01:00,2018-08-28 21:27:41,2018-09-03,66bef7380f710801ab2baaed04096bc1,2018-08-21
b1135445c9efaedf0b492762d692bbcd,f26fce0d0ea5cd4f464e88472db6161b,delivered,2017-11-24 16:05:11,2017-11-24 19:53:01,2017-11-27 22:55:42,2017-12-27 22:46:12,2017-12-27,26d6d75e98b2891c9391e64debb9a006,2017-11-24
dacb857612778747b96d5afcad0adbd4,2efa228413723f2cb74177fbe013df47,delivered,2018-07-13 18:45:16,2018-07-17 07:31:37,2018-07-19 14:02:00,2018-07-23 20:32:24,2018-08-02,c5225103e3e175b445d346887d88a153,2018-07-13
ddca7a5427d96087ea1402cb4375ed3d,cda317dbbdd9887d0ef766b397d36fdb,delivered,2017-11-23 23:19:06,2017-11-23 23:30:35,2017-11-28 21:39:03,2017-12-01 20:09:57,2017-12-13,b9de41f84443cecabc32eb65cced5b5f,2017-11-23
709c6595b82e501a8c6a767b30aaefbb,8e036358b5575b6c70773af8496ec5b4,delivered,2017-07-10 23:25:48,2017-07-10 23:43:19,2017-07-11 18:32:02,2017-07-25 22:48:03,2017-08-01,9fd53f72f6708f4ca3bb4ae749f883ae,2017-07-10
46f205bf859fece0e93ee991d1a07548,cecfbcd61fe1f11b7da316e1be390dff,delivered,2018-01-19 08:45:56,2018-01-19 08:58:16,2018-01-24 23:13:32,2018-01-29 13:38:33,2018-02-09,21ba5ce9cc24b86ff0f9cc95a5897d00,2018-01-19
c139edcf8b223915f78d5a487a6b5500,492bc00d194c024369dc01d865b094ad,delivered,2018-06-26 09:21:04,2018-06-26 09:37:57,2018-06-26 14:30:00,2018-06-27 22:22:41,2018-07-11,ad93c6ca39d2da639362bec98c0a2d81,2018-06-26
a3266d5717615919b50f2d1f62d8c0a8,5b41c0b5df09a95d8f74f5d6373571c0,delivered,2018-06-30 11:02:45,2018-06-30 11:15:14,2018-07-03 12:21:00,2018-07-10 01:12:14,2018-07-27,415b073d153528fa1ed35a42e39945da,2018-06-30
4b918143b2bc5955cca83595afd57833,010dad3dab8189cba58ae1ca11b8cc09,delivered,2018-01-11 17:13:36,2018-01-12 02:34:50,2018-01-12 21:03:15,2018-01-18 00:25:04,2018-02-01,e74fc8f58aa86705361306701351d1c4,2018-01-11
4b2dcf714729a31ae2d3b69b1dd35629,e6e2f4bd5dc5431d4cccd258adcce955,delivered,2018-04-21 13:33:05,2018-04-24 18:54:31,2018-04-23 19:32:08,2018-04-30 17:08:38,2018-05-23,693d85d1a05cfbafc51d7f7540b45d6c,2018-04-21
31387068a4e9c19d93f6e8b13853bc46,09714b907f40049ef6c7e0db105e5fa8,delivered,2018-07-28 19:53:30,2018-07-31 06:35:21,2018-07-31 14:45:00,2018-08-01 14:06:45,2018-08-07,6275f17d7e82e7702321b867bac13e62,2018-07-28
0e7a11a73554ebd7fa1de70d50b75285,953b2f1b03eaf585de5e879a3b4b878f,delivered,2018-03-30 05:48:12,2018-03-30 07:07:34,2018-04-02 23:11:22,2018-04-09 17:59:24,2018-04-19,34cf93aa569d61bea174d1ef5899ba47,2018-03-30
53bfe1a75c6a15a54e6452b167689ef4,97966ae10a4aa065e715e2c2fbf0a86f,delivered,2017-07-23 05:33:44,2017-07-25 03:45:23,2017-07-27 15:09:30,2017-08-10 17:30:30,2017-08-11,f06d8ddfeb5070e8ed67659a519249c3,2017-07-23
ab5628545011511727a47e013585705d,f4a542eb93975b9f18f2c2cc4cc13a0b,delivered,2018-07-31 04:03:02,2018-07-31 04:24:31,2018-07-31 13:52:00,2018-08-02 01:26:45,2018-08-03,3b601088e809efd71b63f5f5d02c6d31,2018-07-31
48fdee20557eb297d2cfecd7df1a82e2,40c48f5937d17b1b12b53503e9c06836,delivered,2018-03-11 22:10:16,2018-03-11 22:28:02,2018-03-12 22:54:50,2018-03-21 00:42:31,2018-04-04,42b638e50b361535a6e3a20a7eb93be6,2018-03-11
5a911c89527605e73569727488b5468d,2f354a7f80d67c7a475622acf2692026,delivered,2018-04-28 14:23:19,2018-04-28 14:35:17,2018-05-02 08:00:00,2018-05-14 18:44:49,2018-05-21,0567862a60d6b41efcb7f0e4d20aac8f,2018-04-28
0071ee2429bc1efdc43aa3e073a5290e,081a2d41949e652a50988fd39febb4a8,delivered,2018-01-22 11:08:15,2018-01-22 14:17:41,2018-01-26 15:12:17,2018-01-31 23:58:36,2018-02-15,d462d9e30ff3df8b64ade2aac3cafc7a,2018-01-22
0a8b6e2cf83e2543f6b756e3a6d16eb5,d40c0a437930e5c214c1a779b5815b81,delivered,2018-03-23 14:45:54,2018-03-23 14:55:32,2018-03-27 00:48:46,2018-05-10 22:19:30,2018-04-20,93c6af03fa409a28e083e2a5cbfa8204,2018-03-23
248065388c27d5287020c4ff60183298,624b29e32f32cea6abc3daa3a6e539ff,delivered,2018-03-02 06:54:42,2018-03-02 07:09:07,2018-03-27 16:52:54,2018-04-06 22:14:52,2018-03-28,8a3b4687aa6f5db94f2d0079eee3bd8b,2018-03-02
0812eb902a67711a1cb742b3cdaa65ae,c6e2731c5b391845f6800c97401a43a9,delivered,2017-02-12 20:37:36,2017-02-12 20:45:12,2017-02-16 09:23:13,2017-03-03 14:23:18,2017-03-09,dc4802a71eae9be1dd28f5d788ceb526,2017-02-12
02701a0103fedd7310a8d575f9a8d291,92e2508e660317ea7b5be007a5e38e7a,delivered,2017-07-24 16:08:06,2017-07-25 06:43:06,2017-07-26 11:07:54,2017-07-28 14:13:13,2017-08-11,04797864da463ad3509a27b58337a009,2017-07-24
0c71a69769943ff74326682f85d34be9,8e2ca602bd712bb232afd470752cef62,delivered,2017-08-08 08:49:10,2017-08-08 09:03:18,2017-08-08 15:53:30,2017-08-17 17:53:11,2017-08-30,62e049c57f1b37b4fe0e102f9da9fe13,2017-08-08
61fbc5899c21d17064fe3d17911738b2,268b8b7bf0c5d5653047775c202d6936,delivered,2017-11-09 12:37:53,2017-11-09 12:56:45,2017-11-10 20:22:56,2017-11-22 21:11:02,2017-12-07,0332fb05cd4a72c2eb50088262a4586f,2017-11-09
57f67475fb7b09eedaba20d1a7cc6097,e57c26f7888cbed458512dd2b53d7180,delivered,2017-08-07 15:29:39,2017-08-08 15:43:32,2017-08-10 15:08:17,2017-08-23 14:38:16,2017-08-31,1473636eb2ceaf90448ed0e1f5b6a166,2017-08-07
aaf1d91f4fd6cb8412c05db8e186c8b4,61d1b9634e1dede347e7efc29450a3ca,delivered,2018-02-06 22:12:28,2018-02-07 22:55:52,2018-02-19 16:57:16,2018-02-20 18:16:55,2018-02-22,3f56ea95db7107183094bf1b7b5ad5f7,2018-02-06
5dd757355fed8ec589b18d6d5c47e6a2,5403307de6fa27256a706e5fc1624531,delivered,2017-08-12 17:13:04,2017-08-12 17:25:11,2017-08-14 16:32:54,2017-08-15 19:06:47,2017-08-25,ffc04aafbf624bd130516cc1d195626a,2017-08-12
38f93719aef944cdcf2fbb212432be91,92f176d7d926c22dff2f54d791aa9ac3,delivered,2018-04-05 15:28:22,2018-04-05 15:49:31,2018-04-06 22:41:42,2018-04-09 21:21:49,2018-04-20,3635cc5e0b6e751a45727092f8b835d3,2018-04-05
56ae029ed8bd31758f66831a64bf5629,4819e20338590ee062fedff6ebde9167,delivered,2017-05-06 20:11:10,2017-05-06 20:22:13,2017-05-10 09:56:40,2017-05-17 15:41:25,2017-06-02,06a52782a04f0086d16b9c22d0e29438,2017-05-06
889508c3700be6eebc597a173a99c250,57fd533504f8465baa7d22a08b659f9e,delivered,2018-02-03 19:28:45,2018-02-04 00:09:40,2018-02-08 20:58:07,2018-02-18 12:50:59,2018-03-05,c7bf8f8c92f3dc02e746be6a5c8fad5b,2018-02-03
e283aa41f393430cec1d2637cb65b79f,7b9a13da4fd5b8eb772caba299eeb7ab,delivered,2018-02-14 21:27:04,2018-02-14 21:48:03,2018-02-15 18:45:14,2018-02-26 22:58:31,2018-03-08,bcd7f55070d9bb471442c6fdf89c109c,2018-02-14
9c4dfa7a4f01d5042e9363edd0c7c7b9,176e4214bb992cb6ecb6d426f39db3b1,delivered,2017-03-13 14:00:28,2017-03-13 14:00:28,2017-03-20 11:42:32,2017-03-29 16:35:47,2017-04-10,6fc0d32375bbbe60599f0817445e4f62,2017-03-13
cdbf1b19ed3de1544a0b6980ef0aa28b,7014b87db22f330b67a1a709906d19e5,delivered,2018-02-19 18:47:52,2018-02-19 19:50:41,2018-02-21 16:35:35,2018-02-22 01:22:35,2018-03-05,2a4d0e55e4ed0ecbf895814a0a24312e,2018-02-19
218aa418c193211de5e1ead0c8eba54e,c40d73f46a20b9b5387bb02c800636df,delivered,2017-11-19 15:24:26,2017-11-19 15:35:26,2017-11-24 16:28:13,2017-12-04 22:10:18,2017-12-07,766786a63656376da7cbd6fc98f076f9,2017-11-19
4733b3de4bf04376a9d53930899ef18c,e8d32260f2ebace5f1b80c9b213601ff,shipped,2018-01-08 14:16:01,2018-01-08 14:28:11,2018-01-10 20:14:13,,2018-02-14,99cdf2bf2c5bab3b8e27abfaed6b299c,2018-01-08
4c16e2f2793eec4da8f68fd77b2a092a,5ce38fa5daeaac0e2a58fcde5fbc923a,delivered,2017-02-19 19:30:12,2017-02-19 19:42:11,2017-02-22 09:41:40,2017-03-11 05:43:48,2017-03-23,4f011f45db425dcd3be79d4c11e9ad05,2017-02-19
3bf4ed8507baa998f5cbeb2e65d6e6f8,a205407473078b5529f6654ae2d88729,delivered,2018-04-01 20:40:32,2018-04-02 22:50:18,2018-04-03 21:14:28,2018-04-09 21:24:41,2018-04-24,dee7189ff497ea5803772e8a5c93db0c,2018-04-01
5c2a89b532544cedf5069013231f0c8e,9674e05d82c3b6ee52c8c9800b3f5a1d,delivered,2018-03-14 12:04:20,2018-03-14 12:15:56,2018-03-21 23:02:54,2018-03-26 22:11:54,2018-04-02,1431b66e9a1a258f8e724e885869c17b,2018-03-14
08fa939ba176d6eb8430ef2990a68245,9d37090bcb08893303afadd62b9a5c46,delivered,2018-07-03 19:21:21,2018-07-05 16:30:44,2018-07-06 09:25:00,2018-07-11 13:41:55,2018-07-19,6552db12a4e05649e91881ac99a7cb1a,2018-07-03
71408894cb2412e1f48530b6ec0a2e4b,84022f0b4a55c6fa83660c019d91ec08,delivered,2018-07-23 18:33:22,2018-07-24 10:31:39,2018-07-24 14:47:00,2018-07-25 21:16:34,2018-08-01,29d7f781472bbb9d4c76050dee6cc80b,2018-07-23
3ba790c8d2e841929c346e8da5c6abed,ff344e297e03bee1955fd3b4cfcd19b5,delivered,2018-08-04 22:12:46,2018-08-06 08:44:48,2018-08-07 14:08:00,2018-08-15 19:41:45,2018-08-20,c9aa4d4e3b52c013ddbe949848a81487,2018-08-04
6e2195905a29e13f764109b542ca65cd,225a3e44085e827d6c058be9a7781252,delivered,2017-07-12 13:09:30,2017-07-12 13:30:13,2017-07-14 17:41:46,2017-07-18 03:57:51,2017-07-25,e0d3bce7e369748aa2bcd758324fb400,2017-07-12
79c786a94283e846deec8681219bc144,58e73c82bbd5992b6ca53e1dcd0aaf16,delivered,2017-10-27 16:54:59,2017-10-27 17:09:10,2017-11-06 16:28:48,2017-11-17 23:18:58,2017-11-21,5c7362da4a7796e725a71031afa96579,2017-10-27
d82c5f84358d79a603ddd499e2ab9d22,dfc05ec4cd332bc05c602f36c93e5f6e,delivered,2018-02-07 00:35:59,2018-02-07 00:53:53,2018-02-07 20:33:32,2018-02-16 23:22:50,2018-03-09,c5f9b6b7f240e750a9e81f87fc0cf504,2018-02-07
f29f35a09c1dbda89c4cab0d09b89efd,37517a5afc1e78585b25e5cd2b9b7a7f,delivered,2017-06-02 15:14:54,2017-06-02 15:30:22,2017-06-05 14:52:52,2017-06-13 15:27:45,2017-06-27,9f3b194c8a6491fd6af12b870cbb4674,2017-06-02
f55549e038254ac7c374f12888ab7b84,32ef00faaec28f844c83dd9856d67177,delivered,2017-12-12 10:50:38,2017-12-12 10:59:33,2017-12-13 16:48:51,2017-12-19 16:58:41,2018-01-09,803c9b252709beca97a308a9197371ff,2017-12-12
f94be056d3d4f784555461ec0c2c19db,55ad70f3207fcef17011bf16878d5b9f,delivered,2017-06-08 11:18:47,2017-06-08 12:32:19,2017-06-08 14:08:34,2017-06-16 16:24:42,2017-07-07,c11c87f1bdcf10efbe8fee744928c767,2017-06-08
8a02df0db15a7e4f1ba462a2b939a532,30284eafcda5344374c7853fb73e07a5,canceled,2017-10-22 14:00:34,2017-10-22 14:14:21,,,2017-11-09,73267f7077dd9d3d5d28033e63af2b4d,2017-10-22
9eb9610a7e3c04e7ab0298d704c383dc,cfd34f15eb3c20730fcfa9da03936fc8,delivered,2018-02-24 10:02:16,2018-02-24 10:15:24,2018-02-27 00:55:40,2018-03-06 20:13:29,2018-03-21,b4e4f24de1e8725b74e4a1f4975116ed,2018-02-24
4abc32e9c706c58cae553dae3c2c914b,f14da5aeebc8cb65ae9238a0cf5aac7f,delivered,2017-10-08 18:24:44,2017-10-08 18:36:25,2017-10-09 15:51:58,2017-10-17 18:13:22,2017-11-14,bfd49a10df6b2c8d1015055d8b4567c3,2017-10-08
c3d8fe24facbdbcf714246c6aa420834,5fd8d85758c33eb86b7907f3718cd221,delivered,2018-08-08 11:51:56,2018-08-08 12:05:10,2018-08-10 12:25:00,2018-08-15 18:58:52,2018-09-05,239e7d1ca02870766feb3de2c277132e,2018-08-08
878deac45277a6693260658cbce58cf2,9fa14d0cd5f8786390f231fade59345e,delivered,2017-11-28 17:24:56,2017-11-29 02:21:53,2017-12-07 21:56:58,2017-12-18 17:39:20,2017-12-18,18e3d276253780b44b5b7bf83f6785ec,2017-11-28
5a130e5571bc83bee3bbf7524d83b831,7774234aea52a82b6a8d960506d5fd49,delivered,2017-05-22 12:30:30,2017-05-22 13:10:19,2017-05-24 09:47:56,2017-06-06 10:34:30,2017-06-02,976894a9f3e1aa6ad8fe43ba1fef7861,2017-05-22
8071505187465938d3f033c82180edc6,4aa4b0bc224d904c78b9416cf90bc686,delivered,2017-06-30 13:00:42,2017-07-04 04:04:07,2017-07-04 13:27:07,2017-07-17 18:53:54,2017-08-01,9d215ac353daeef73aee872460338e3e,2017-06-30
1a5ec149ca0570ddff60135606190445,ea3ef3d0dce264b94bedf3b93fcb1c44,delivered,2018-05-16 22:46:24,2018-05-16 22:56:08,2018-05-18 12:03:00,2018-06-09 14:27:23,2018-06-01,03dd3244bf71b675adc88a6d0dd7180c,2018-05-16
64f8d43fc9ba9110bc3142d2f7a1f40a,27e91a1e00fe25b0b8b26b7f6729b318,delivered,2018-01-10 23:28:03,2018-01-10 23:37:31,2018-01-12 22:59:05,2018-01-31 16:24:56,2018-02-09,cf88f95555f14369cb3e534b371aadb3,2018-01-10
4bd1c66907b2334cfdb5bc612d980f0d,02d34c287580a6f46ad7ffc395bbc208,delivered,2018-06-04 13:39:12,2018-06-04 13:51:52,2018-06-04 14:22:00,2018-06-05 22:56:30,2018-07-05,0e346c191c1b50fb14c4c9f6764af797,2018-06-04
80ba49127f9a97f9bbe4e60770798cc7,a0be389ce9a97ffe548099c7efa36746,delivered,2018-08-03 10:08:57,2018-08-03 10:43:57,2018-08-07 13:10:00,2018-08-14 18:42:43,2018-08-20,e6e7efe4f4a9224c5ec58c2f6f52cfd4,2018-08-03
8c2b13adf3f377c8f2b06b04321b0925,0aad2e31b3c119c26acb8a47768cd00a,delivered,2017-11-17 19:46:08,2017-11-17 21:31:03,2017-11-21 12:57:04,2017-11-29 20:13:45,2017-12-20,d00cb93157046651ca3e21a3fc422413,2017-11-17
74ad3397d84521ee94f326aad1a35d14,ba9872439094744184c4a480082458c8,delivered,2017-11-24 10:00:18,2017-11-28 02:51:33,2017-12-12 22:56:42,2018-01-17 17:46:03,2017-12-18,207abcf5e65e72037f216db0540406e4,2017-11-24
1428edef07a52576000d65e9e76ad451,e27e6c78c40ec4b9d9bf621529c61dff,delivered,2018-05-17 20:35:56,2018-05-18 02:15:13,2018-05-18 13:57:00,2018-05-21 14:37:48,2018-05-25,b56e429a081b6629d1616a48502dd9ff,2018-05-17
6428b2a748ec44017c56190db6b0d500,d02486b2d7a7e66096b8da5ffba66147,delivered,2018-03-17 14:27:34,2018-03-17 14:35:28,2018-03-19 20:49:41,2018-03-28 14:48:44,2018-04-11,18b897fde190d8597dbaf14945af81bb,2018-03-17
04b7f4eff7b30fc23df0be1f249113a5,97b1a3ce290922863b4118a8a290d3bd,delivered,2018-07-30 10:59:07,2018-07-30 11:40:04,2018-07-31 15:22:00,2018-08-04 12:55:49,2018-08-10,31f24c5fa105c2e0b0b5fe5d08c1e484,2018-07-30
804b3f6bad007a44efd1fd85f0291070,186da0669cec6692e20f9bb2f1985aba,delivered,2017-09-28 21:11:45,2017-09-29 10:28:35,2017-09-30 00:12:02,2017-10-09 19:32:59,2017-10-20,c514e06f93d163750257e727d01edab4,2017-09-28
6de71495f07c4feda3d6cf820c1733c5,660371b8af390559d94226eb283b514f,delivered,2018-02-26 15:01:45,2018-02-28 10:15:40,2018-03-01 19:47:47,2018-03-10 16:24:52,2018-03-23,9782ce9e14abbc8ba2efb435adec8e55,2018-02-26
8f5a539f581d3e8bbd7ceda637dca43e,ab8722afbdd58083bafd355ba64a4dc4,delivered,2018-04-07 00:35:53,2018-04-10 03:50:16,2018-04-10 22:54:42,2018-04-11 23:22:11,2018-04-24,9a493882353a73e4233a5ceb807361dc,2018-04-07
2438d9ebc81a498562b889ee3ea2ec30,d94052cc4d67e05442039c37168d709e,delivered,2018-01-04 09:29:28,2018-01-04 09:48:35,2018-01-04 16:42:59,2018-01-13 00:12:59,2018-01-22,9c963266ef96ca2deeef8ee233009319,2018-01-04
8c7fcfaa7131076e4b646b3977ad6633,bbf8bf3664ee1a661f3d440418622273,delivered,2017-11-28 23:04:53,2017-11-28 23:12:31,2017-11-29 20:18:53,2017-12-15 23:29:08,2017-12-26,beac562d7faeb93b84ce539a096c920a,2017-11-28
04d7676ae07d3a61604185998b0d51d9,0b171140ee2baf7b6039c45ee04d8abf,delivered,2018-01-23 16:25:47,2018-01-24 02:52:39,2018-01-24 22:22:58,2018-01-29 20:48:04,2018-02-22,dd27109e85436259744768c2450b2818,2018-01-23
09138fb3bbda7e400f9aac03c238385c,083e90e0576402957154264852d4b8ca,delivered,2018-03-17 18:33:39,2018-03-18 18:30:29,2018-03-19 20:09:44,2018-04-05 21:44:23,2018-04-12,8b480743fbc5cbebc7c83868fa796001,2018-03-17
40e370756cfe851295bf0ca9e6811f46,b81bc98e6a37230863c0cb4f71c0c9b4,delivered,2018-04-20 11:13:43,2018-04-20 11:31:14,2018-04-20 21:51:17,2018-04-23 19:03:30,2018-04-30,fa90b2a9a8f5294a5c2fa9f7101e4e85,2018-04-20
eb5063779e537e3b04fb1f0a50774ffb,51ed85a93d25b1d695fde7d13ab831c5,delivered,2018-07-30 21:21:05,2018-07-30 21:35:18,2018-07-31 13:05:00,2018-08-03 17:21:40,2018-08-10,edfb9099f50ab0cfe5f871bb34797782,2018-07-30
275743d143363260c8de58ac45967d73,9d6c2f1cdc8fa0a8791bd7fab90aa596,delivered,2018-04-22 20:46:41,2018-04-24 18:59:48,2018-04-24 22:42:14,2018-05-04 16:24:30,2018-05-16,91a118239ebf65d409d77e48041e1192,2018-04-22
b6bd1268edd63fffeca68296b0abbb27,74693dcca0b4f00d1e44f2761861eec5,delivered,2017-09-08 10:42:45,2017-09-08 10:55:23,2017-09-14 20:27:56,2017-09-28 20:51:43,2017-09-29,e3c6501431a24500d36e684de754101a,2017-09-08
36aa2198c0e91257b4b146cc25267a45,e7368cca4ee120175b9de0d9eda58288,delivered,2017-09-28 11:16:17,2017-09-28 11:28:16,2017-09-29 15:17:10,2017-10-19 21:42:54,2017-10-30,790d0baf6bcaa1d71260cac5d1149ad4,2017-09-28
b49180948b6f7e304351b16053fe2f42,f885a76f4d16f14183bd8762ca6420b0,delivered,2017-12-13 04:20:28,2017-12-15 02:17:16,2017-12-20 00:39:08,2018-01-05 21:56:47,2018-01-15,bb251a9d3788c9fbbdae048f5e4c1a1b,2017-12-13
b39d5e5d31956b4598ed01674a0943e7,1a9f9ff94f0cc44bd356c8c8da8d3303,delivered,2018-08-04 00:47:11,2018-08-06 08:50:12,2018-08-13 09:24:00,2018-08-16 20:11:43,2018-09-05,e6b5ad3a28f39ba76606c8d81aa72b27,2018-08-04
f25089f2ef76f59d6eeda680cebb8b01,440cec713dcbe10aa3d8b68336d41fd8,delivered,2017-09-27 08:56:52,2017-09-27 09:07:25,2017-09-27 16:40:47,2017-09-28 21:27:36,2017-10-13,3fd7c033b9809fe0d4536b4ea3b1e0dd,2017-09-27
817244d0b17cd86f2e5d77b1985b74fb,11bfd7088bc99779d75cde702b95e6fb,delivered,2018-04-13 16:53:19,2018-04-13 17:11:06,2018-04-16 23:11:53,2018-04-24 14:41:08,2018-05-15,8a09a9411890211f4714d183e3c95077,2018-04-13
a51878c7b567d6bb29abf33bbbd80c24,a890bc05dda2a95551879eda1ce862e9,delivered,2018-07-26 12:57:37,2018-07-27 12:05:10,2018-07-27 13:49:00,2018-07-30 15:03:16,2018-08-13,505824fb4f1d7fd780d749da901eb412,2018-07-26
81b7c7bbc8ec003eeb67d87441a6a148,75c6e03e7206bd1dd59f427c9f75142a,canceled,2018-08-20 09:03:23,,,,2018-09-03,ff36be26206fffe1eb37afd54c70e18b,2018-08-20
3139254607a08295dbd11e787d816506,8a14edb98e31117b2e0f10525840e410,delivered,2018-07-30 18:36:56,2018-07-30 20:00:19,2018-07-31 09:12:00,2018-08-10 15:45:57,2018-08-17,52d1ba60dd7489550beb785ec71c6f37,2018-07-30
c4583fb919a75c51dfb38e60c34d29c2,d3acdc18008e13a0f4c767063ba01780,delivered,2017-07-14 17:52:27,2017-07-14 18:05:44,2017-07-18 18:43:50,2017-08-01 10:07:27,2017-08-07,9c91dbf3b2ebe1ede794274890dedc6a,2017-07-14
fdfeec75aa07c1d2a88b17b8fbfc7b8f,8fbd29638b8ddd97d012473abf1f7752,delivered,2017-02-24 22:28:55,2017-02-24 22:42:22,2017-03-04 11:58:57,2017-03-14 16:17:59,2017-03-21,4d34eb7a11a201d8a2317a791adbcb29,2017-02-24
fe97236a8a4c033c66e3510e0b5d2736,3ccf34d50a0b0879b38987657cd3b561,delivered,2018-03-19 19:29:49,2018-03-21 02:49:03,2018-03-21 20:12:21,2018-03-29 22:36:25,2018-04-10,d87108b48ec7b85b2f78fc1f3c2ea87a,2018-03-19
9142e38d4f7b7cf458a1eb8ee2b52157,f3872f2416b6121ba4e15f69d4f7e306,delivered,2018-07-03 23:00:59,2018-07-05 16:32:35,2018-07-04 11:28:00,2018-07-12 15:41:43,2018-08-01,e8075d0d19d526b4c51dde1ed84582eb,2018-07-03
f205f377ce93a394ec8b876eca520695,72ffa8eed7683ead20dbc237792ef890,delivered,2018-08-10 18:17:11,2018-08-10 18:30:36,2018-08-14 09:55:00,2018-08-21 13:32:09,2018-08-27,af5990af08c5ded79398a493a3be1842,2018-08-10
98f80eddddaaa6c3e5dea02ff36ad263,d821071edc6be2316b5bb7b4bc6d6b12,delivered,2018-01-19 19:59:21,2018-01-19 20:17:02,2018-01-23 00:12:45,2018-02-19 21:59:55,2018-02-14,2689e9b6c08672fdd48762a648c6303c,2018-01-19
674bb629cac4177ab54a460e33b6d9b6,19648397a2548f9269841d808f59ea17,delivered,2017-06-07 20:15:48,2017-06-07 20:25:16,2017-06-14 14:33:39,2017-06-19 17:57:46,2017-07-07,ff1df81c3678c2b8a865d90c7ce89df4,2017-06-07
78d406c93c4c8fcfdc38b4b1b8842b9c,fb20d746de8b6784ad3a0b665c457c17,delivered,2018-07-21 09:48:28,2018-07-21 10:05:21,2018-07-26 11:55:00,2018-07-30 16:58:59,2018-08-06,a23c501587d77f83f65fc18639c811fe,2018-07-21
b2177e0904af2bc1e3ab8e1eecd2e90e,af813d7cecebcc076139351b95e7d289,delivered,2018-05-14 19:04:06,2018-05-16 02:53:52,2018-05-16 15:29:00,2018-05-21 10:40:50,2018-06-01,356698bfff8588efe6ce0ab749e4eff8,2018-05-14
27b21720ea6e7cdbd58f9948ec1be09b,98725303cf0d5184eb3889f3ab21b87b,delivered,2018-06-06 09:06:55,2018-06-06 09:34:08,2018-06-18 12:22:00,2018-06-19 14:55:57,2018-07-03,baafbc5a23b9a881b4b3b74ebc9593fa,2018-06-06
827234ed6a8afe212d1eaaa7183e9c75,95ce4fd44553a449b0e08d3d42567928,delivered,2017-12-19 23:47:35,2017-12-20 23:37:27,2017-12-21 23:39:51,2018-01-16 16:37:39,2018-01-19,9d569c712f00ac269510202d6c1e5239,2017-12-19
9f3df5bfd4a69a1bf384e85aba1d0ca7,809afef03e198ef057dc881992599dda,delivered,2018-02-24 12:34:17,2018-02-24 12:48:02,2018-02-26 18:14:48,2018-03-28 00:18:38,2018-03-16,6fdafe3a23dfd3dc4f72312f282a8dfc,2018-02-24
c32b4d70241f1ac1d8802908cfc85f03,abdd13750056da284b03b4c6f68ceef3,delivered,2018-04-02 22:32:48,2018-04-04 08:10:14,2018-04-05 00:47:19,2018-04-09 23:54:27,2018-04-19,aa35908ea856a548bd14a41b0365ed8e,2018-04-02
5320fb6f684caacf933c7f9597454391,376c7f50236fad51150ba8d901db18a6,delivered,2018-03-01 18:28:24,2018-03-03 02:35:28,2018-03-05 20:03:51,2018-03-09 18:56:21,2018-03-27,afeed2fe9f00485bae19623e306b3937,2018-03-01
3e969ee3b96e0dfbc5541bb80591597b,371e1236f73c27c52e1d25928463c0c2,delivered,2018-03-09 16:41:05,2018-03-09 16:50:55,2018-03-13 00:14:25,2018-03-15 18:04:04,2018-03-21,53100f780630b0755dcdec40f673abfb,2018-03-09
9dafdbeb6a7b7240bc32fd6861c42f54,d901eddcaecdc97febda055ffb0fcdd4,delivered,2018-06-07 13:02:12,2018-06-07 13:18:07,2018-06-07 12:02:00,2018-06-13 23:12:06,2018-07-05,5c183710323fed305c617f8840b8338c,2018-06-07
73446e87cf3849b92938207c7fdb4ed8,2c35347dd7ed0a7c3a9e575ec33c5381,delivered,2018-03-29 14:47:10,2018-03-29 15:14:36,2018-04-02 21:21:19,2018-04-18 15:24:49,2018-04-18,f209aeff5575256eaa8352abab984ce8,2018-03-29
45d40c41efa3e7f0603b753465305bab,b70ae91b190a35c8b6341211d3b10bd5,delivered,2017-07-24 15:52:29,2017-07-24 16:05:52,2017-08-16 17:37:55,2017-08-28 22:35:04,2017-08-21,7886084d7a7fb543b95d8b24c4cc7ac1,2017-07-24
5939f36dbe12649adeba478ae3c7e636,02228cce72fcd2eb6622b074bc27fe94,delivered,2017-11-07 23:39:52,2017-11-09 04:31:09,2017-11-14 22:32:01,2017-11-28 16:52:08,2017-11-30,966a06d7b193003998f1e41f525d4c83,2017-11-07
592002a073871b88f530ca875a3b8cd6,0755e6f6ecac96625cb7a0efa00d0b39,delivered,2018-01-21 11:04:28,2018-01-23 03:37:23,2018-01-25 19:14:44,2018-01-29 20:54:51,2018-02-19,2d8898fb1310c4e23f64fc23d6760794,2018-01-21
17a64f4aa50ee9ab751db1cfb720776f,8c3cd248a2635e7b2e32ecc118d8fdb2,delivered,2017-11-15 20:20:11,2017-11-17 03:35:46,2017-11-17 19:56:08,2017-11-21 20:49:00,2017-11-29,be6785c7350c0f5bda4067f160f29d59,2017-11-15
2e23e1f7d2c2bd9b1926b5e071d4cf18,a00f18ff5bcf5a06aca882cf83f57127,delivered,2018-02-14 12:48:23,2018-02-14 13:47:20,2018-02-15 20:13:34,2018-02-21 23:43:43,2018-03-06,51d11e5abc725531b3a2fd56456885fa,2018-02-14
963ed653f00e0f3db85dc163baac579c,9ca6194429e983e3d30bf20c15eec582,delivered,2018-05-07 20:20:40,2018-05-07 20:35:21,2018-05-08 10:19:00,2018-05-09 16:42:08,2018-05-16,a84acade06aea50c5ba7a115ee70ba00,2018-05-07
80bbfe23fd50d4ea9762ef70a8ada1be,733c183c3f9284e9e1f4886214f1b376,delivered,2017-05-08 11:36:06,2017-05-08 11:50:06,2017-05-19 09:37:34,2017-05-25 08:37:45,2017-06-08,07212b6b20c842faac31170b9dfd66e6,2017-05-08
02870408b4c4492b036a48140f2092ed,1d50170cec4905b52a53fc43cf2eb0f7,delivered,2018-01-21 11:41:52,2018-01-22 13:47:46,2018-01-29 18:44:10,2018-02-05 23:14:28,2018-03-01,33e7c312409096541dd095d94d6ef95d,2018-01-21
eed6840260c6121e19cdd7b39bda7450,cd740c73ba83284665026227eaa0f25c,delivered,2018-05-08 19:24:02,2018-05-08 20:15:43,2018-05-09 16:32:00,2018-05-17 17:18:44,2018-06-01,cd207eb5b4d7a9b5f4ad684eb5461c47,2018-05-08
865897de02d9ded27e7598dc5013f98e,040d25956c9d082b572f1482b34630ce,delivered,2018-08-14 22:42:02,2018-08-14 22:55:35,2018-08-17 07:43:00,2018-08-27 19:36:49,2018-09-24,5ac53376e1062bedef136a6928961d44,2018-08-14
3dd3af0c0ea3929f82a3851cfb25f0a3,5531cbb0d9f05752f31c5c1a98938451,delivered,2017-10-12 14:47:27,2017-10-12 15:27:50,2017-10-13 18:27:35,2017-10-23 19:23:05,2017-11-08,b5d93b45ab17ed7ff015546fbb76ae11,2017-10-12
91038108554d2455d744ce8eb0a0ff35,fd4fcbbfe54d955be1a6065cbf9a3c8d,delivered,2018-03-06 20:06:34,2018-03-08 02:35:35,2018-03-08 22:12:38,2018-03-20 13:42:36,2018-03-28,33341fbd4f42eb0f8e5a657e9914191b,2018-03-06
ea048e4dd31fbc0e639a1aade37c7f3e,4b3e7362d1817574e08899f1f72db97e,delivered,2017-07-03 12:26:12,2017-07-04 04:24:39,2017-07-04 16:03:18,2017-07-20 17:26:58,2017-08-04,2cec43a244a9f58f29ddcd0a951dec3a,2017-07-03
a69d0f3cfd16e940ead155695b5fb184,7641b48b8bfb1b7a75fca3244ed99e0d,processing,2017-08-12 17:39:56,2017-08-12 17:55:15,,,2017-09-04,97e7e847d66ac38ddfcafb4167d10788,2017-08-12
7cf857cfb39ed45b92fb028838b4c2d8,15b01c0eb91f2f6397290e02db0d9e0f,delivered,2018-01-09 14:52:04,2018-01-09 15:10:38,2018-01-10 16:17:50,2018-01-15 16:32:58,2018-02-06,656a679ebf60a94de188e9187f6a3c30,2018-01-09
256c2127e05b924a7cbf69f95e3c4830,85fa08abb6d9f3bdec5bc578ee0a1b39,delivered,2018-08-14 23:20:59,2018-08-16 03:24:07,2018-08-17 14:22:00,2018-08-20 20:42:50,2018-08-23,776970bb01d9a481a0a09d0db9453d5f,2018-08-14
d8cc1cf815465b0812b29a738492e4f9,d0bdd3ac3cd76739239e1571f9fbffc8,delivered,2017-06-22 19:09:57,2017-06-22 19:25:08,2017-06-23 10:29:56,2017-07-10 15:53:32,2017-07-21,478962ee4a624fdfc8989857a0da2864,2017-06-22
92758826a22a6b5a7f78b076a3c7f164,e0d04bfddd887072500d8f6bec005f79,delivered,2018-08-13 09:07:14,2018-08-13 09:24:29,2018-08-13 15:03:00,2018-08-20 15:52:58,2018-08-23,f86a09e33e779a92d4529cbdaec9bf2a,2018-08-13
53cd36155a7bf507095985b2f26368a5,3fb14779b189f5fde47f8918e88dcc36,delivered,2017-01-12 09:45:32,2017-01-12 10:04:59,2017-01-12 11:49:26,2017-01-18 12:51:59,2017-02-20,62b690c75a3008d4712aa691ac30b7ba,2017-01-12
e736e8be46e455e1393b356298420641,05b71745c47ff8b2d3e41ed02dcf1a81,delivered,2018-04-03 12:31:20,2018-04-03 12:49:06,2018-04-05 22:58:28,2018-04-06 21:52:34,2018-04-16,39bff4c2b3ab45457843adaff876574e,2018-04-03
4982e9a98a9e8a3c5bba953450fbf51c,36b978fee6782172875b2f50f047f475,delivered,2018-02-11 07:17:34,2018-02-11 07:30:19,2018-02-14 22:13:02,2018-02-26 19:27:17,2018-03-08,f0e310a6839dce9de1638e0fe5ab282a,2018-02-11
191fb3bcee4d4df8099e3f29d9ff8197,f8796d13691eedf993154321a5798732,delivered,2017-05-22 13:35:29,2017-05-23 04:10:24,2017-05-23 15:29:51,2017-06-17 10:33:28,2017-06-20,0ca871bfcec4f2ec8211b5550a4ac892,2017-05-22
3be9883ba4ef261dc194228abc739d0c,34d9abbd51f86b7faec4fb8bd8a630d5,delivered,2017-01-22 20:54:11,2017-01-23 21:02:12,2017-01-27 14:21:25,2017-02-03 15:52:34,2017-03-02,a48ce24144099b583b6150e0f69712d4,2017-01-22
b8c26c45a4adb8e4dbc205f147659a71,969159c8b2884272d6e4ae6b343af005,shipped,2017-03-15 07:34:38,2017-03-15 07:34:38,2017-03-20 15:53:46,,2017-04-05,384b7a59cebf268bbc2f6c9b09e2e274,2017-03-15
6468b5ffa2abf8b82f3c5ff91c6fe9eb,d55dad686343e219424a56331dbe67a3,delivered,2017-03-30 10:23:03,2017-03-30 10:35:06,2017-04-06 10:26:44,2017-04-13 23:43:21,2017-05-10,f713fc1d15861b69b5453d169788d580,2017-03-30
8b39b750545a091909b29edd02a042d1,bf64e27eb5d3f4aa00b2299e43ad4e62,delivered,2018-07-30 00:59:02,2018-07-30 01:10:09,2018-07-30 15:38:00,2018-08-08 18:52:02,2018-08-31,5e8e7a5e50ca291250f874d09c037f72,2018-07-30
61d2a793d75b8f30ad016615afadad8e,ca980f1536ad94c1a6b7e27b7dad6b59,delivered,2018-04-03 13:03:34,2018-04-03 13:15:23,2018-04-04 20:41:00,2018-04-18 19:38:31,2018-04-23,5f8d84aea2399aed6e5707f462366019,2018-04-03
7fa83afea16e1e74fa6ec834ab946ca9,deb738fd96ba60f027852db16b23efdd,delivered,2018-08-14 09:43:13,2018-08-14 09:55:21,2018-08-17 13:29:00,2018-08-24 14:18:29,2018-08-31,e6c7994b4e2c0834fd605d13eb61cda7,2018-08-14
ed8319a94e3499f610df892d44e45767,a9acf77b6991d6bf1eea76ec090c2a4e,delivered,2017-06-07 22:34:37,2017-06-07 22:45:14,2017-06-26 13:33:21,2017-07-11 18:55:46,2017-07-04,f43dcfca40be4b546d6620e447515925,2017-06-07
b4ef4b05fef13db5a94b0ccd497c521c,046a5261421159f926af159485832725,unavailable,2018-07-12 09:41:54,2018-07-12 09:50:20,,,2018-08-01,ca072da22ab6c6a14608c9d12c00595c,2018-07-12
37e0f821c1cec37404754d4aef37091c,6c5c37885633777105f72c3478b08f27,delivered,2018-05-19 13:36:27,2018-05-19 13:51:36,2018-05-21 09:45:00,2018-06-09 16:48:35,2018-06-13,ea970ccd17622e6426e04698f62292f4,2018-05-19
b11277967c91e971b81a787a51849320,6552cd640a76d503cd18ed9b10adc740,delivered,2017-03-02 15:22:55,2017-03-04 02:23:28,2017-03-08 15:30:31,2017-03-14 13:12:23,2017-03-31,336421b86cc4259a58106da261e0e000,2017-03-02
9022823fc38d81801009f09e72eb9dd9,d67b34be0c688b831f3312fff2c1be17,delivered,2018-01-21 23:29:59,2018-01-22 14:04:24,2018-01-25 18:07:42,2018-02-26 18:04:15,2018-02-21,44192b082610077662971864fdf83685,2018-01-21
ec911d04a46236b0d41d79ac7cf73376,325b358f012b5d274e0a3ef34a351f55,delivered,2018-08-09 13:37:48,2018-08-10 03:10:14,2018-08-14 09:14:00,2018-08-15 10:57:00,2018-08-16,8ee891b2d6dd0f6d8c05863038d99cfb,2018-08-09
d3cff80fc89ebb26ca5d11beea4f3744,f45875a0d560e8e5b3684dac6e3eda29,delivered,2017-10-07 17:59:14,2017-10-07 18:07:25,2017-10-10 20:41:55,2017-10-17 18:23:23,2017-11-07,f04a524ad8d79ba6635f093e9e8c2512,2017-10-07
829f9def41c63a3e1d787ae15d45540c,0f6c5adaf04a4fdb0387f73347dbffaf,delivered,2017-11-03 12:19:20,2017-11-04 05:05:34,2017-11-06 19:29:17,2017-11-07 21:57:53,2017-11-16,ace1a02191cad5678a1c6f53e16be84d,2017-11-03
fa4012abcfd54cf5e677975e80f5c3c0,294ac0153fd411f60237bc8334efa706,delivered,2018-01-25 17:36:52,2018-01-25 17:52:08,2018-01-31 21:48:08,2018-02-05 21:08:31,2018-02-20,8bc2eac4c1ae2edb2f62a7489619039e,2018-01-25
9dfdc2ebd5ad6715951eced9ebfdd950,f309429ee5193757f638d08dd96feeb2,delivered,2018-07-05 14:53:26,2018-07-05 16:25:52,2018-07-07 09:17:00,2018-07-12 21:09:34,2018-07-24,30027503d8260651f9b02434ee20705d,2018-07-05
95d3783847e427ad917eba3b07c4ff2e,b4f08fc80f3ff3ae585dbdb8b3e2e2eb,delivered,2017-06-08 16:46:16,2017-06-08 18:20:18,2017-06-09 15:35:08,2017-06-19 15:02:59,2017-07-05,cfc825aab2e34838449bf5df3fba69af,2017-06-08
0d3a8a92f8bf8e1824f9460268920966,31e6809dc113df6b2a79119065ffa489,delivered,2017-11-27 12:32:41,2017-11-27 12:55:09,2017-11-30 16:51:42,2017-12-04 14:12:04,2017-12-11,aa1890997269ece86f66446fb5e66c71,2017-11-27
330cddd53241bd912b7df82d4a5e99fb,5869c52a95a120103ef306ca852d84fb,delivered,2018-08-02 14:38:21,2018-08-03 02:35:14,2018-08-03 13:55:00,2018-08-07 22:44:38,2018-08-15,d2f267e7a4055521415a271348a6a2f0,2018-08-02
0a45b0373a9b1178357bb9d93243ed18,5e47108744501cc098879b44a9252a03,delivered,2017-11-17 20:01:53,2017-11-22 03:07:57,2017-11-23 21:32:24,2017-12-03 15:55:02,2017-12-08,4c59cf3b8144893e300fd7c3526ec377,2017-11-17
a8986837f6dff6a1dc83345fa71dcf1f,6bb94867dae81007c61bd428f1039373,delivered,2017-08-26 16:17:10,2017-08-29 05:32:42,2017-08-29 16:23:53,2017-09-02 16:05:32,2017-09-12,e406bc46939bd98faaa641fb597a1915,2017-08-26
be181c4e93f5554a73a00b207c765e8e,31a216554f0e747a8f43d1908ed1cfa2,delivered,2017-09-26 14:16:25,2017-09-26 14:35:51,2017-09-26 20:35:08,2017-09-27 20:11:29,2017-10-11,b9c72338d8f4f585a15eb445cbbfb0de,2017-09-26
4c27bf002d88f4cf2e706cb1237de923,4c9812efd668413532ef5be76e2c81b6,delivered,2018-03-18 13:00:45,2018-03-18 13:10:23,2018-03-20 14:10:47,2018-04-09 22:07:51,2018-04-10,e0114238af7a9aac7fcea56cf2e43cb9,2018-03-18
9435ca5afd4668e55d0dbd99c204b42b,110854a59606d579bbac092d70777bc8,delivered,2018-02-27 10:12:37,2018-02-27 10:30:33,2018-03-05 17:36:50,2018-03-08 22:52:43,2018-03-13,c8a0a50ecb5462ccf003ad5e3639df2d,2018-02-27
f3eb66a4129d33fbc7c1077f39dffe65,6dae75ae93459576d7a7a805aaa1283a,delivered,2018-06-29 07:15:42,2018-06-29 08:00:39,2018-06-29 11:59:00,2018-07-05 20:32:03,2018-07-31,12daf373729890fb70d6e10e89f3157f,2018-06-29
940586e6751748f8a6bb630c6f5e3415,35cc86e02062cda7f52208ab92493200,delivered,2017-11-18 23:19:17,2017-11-19 23:15:23,2017-11-20 22:19:51,2017-11-29 12:23:08,2017-12-12,f34a975fbd9146962c2a2171c158df34,2017-11-18
b28360b44929ee4de27af7329c403c58,15c9f479d7e7aba1663ab215517f9310,delivered,2018-08-06 22:12:30,2018-08-06 22:24:38,2018-08-09 13:17:00,2018-08-21 23:21:37,2018-08-23,63923c0ec5cbc6893736efc26df5767e,2018-08-06
d55ece0f3afa9b57b5a78038efddbbbc,f027649d8f2a7b182522d5da3cd4f010,delivered,2017-05-22 17:20:34,2017-05-24 02:50:18,2017-05-24 09:44:28,2017-05-25 10:40:49,2017-06-06,1564ee39948417bc23c6d956bd61f397,2017-05-22
61445239e59094f97a341dd87d896e91,2c49e0470c16f4c01cdc75b8720c237e,delivered,2018-02-03 17:58:32,2018-02-03 22:49:36,2018-02-06 17:04:30,2018-02-20 23:13:07,2018-03-02,a52a0d69ba8f960ea93f7203457ccdc1,2018-02-03
a478eb30e14a74d359e1f35507cbef41,2b651491a43e024dd5767924beb97e3f,delivered,2018-04-09 19:49:24,2018-04-09 20:10:29,2018-04-11 00:21:54,2018-04-17 23:06:23,2018-05-09,7e4feea2c308e1cbe0bc165056734a4f,2018-04-09
8510aa728676190536f53ffdc5a8010c,80baedbeaca5cccacb1118378473cbac,delivered,2018-02-22 00:06:52,2018-02-22 00:30:00,2018-02-22 22:12:29,2018-03-08 12:12:18,2018-03-20,ab1f3897b6b112b22582f6a9c3a2e7f1,2018-02-22
32ef0e6f75975bbd710fb93a083fd58f,0fddfe15afd87240227d687cc9f46b65,delivered,2017-05-30 22:39:17,2017-05-30 22:50:16,2017-06-01 13:07:43,2017-06-16 10:34:10,2017-06-26,fc62ebc813865bf576dd3bde250a3a7a,2017-05-30
de3fec33d957ed53eb71e2b49fc215c7,43855c18f5c1deefaa7cac5ff8373b1c,delivered,2017-12-21 08:46:30,2017-12-21 08:53:30,2017-12-22 17:46:54,2017-12-28 00:22:22,2018-01-16,cb11c9e040347e14e97a84fffb4d4281,2017-12-21
779ee2bc8384b3ea52f4e6abe2c84271,c00da0a10c9e68d17183e84653fb38bb,delivered,2018-07-21 20:43:02,2018-07-21 20:55:28,2018-07-23 10:57:00,2018-07-31 20:24:33,2018-08-09,2682a5cb362bfd3245758ba272e7e248,2018-07-21
f5189c5469aa331b59de00b9af4ce5dd,87667804fc0efaebf2b4f39cf591c580,delivered,2017-08-11 09:26:52,2017-08-12 02:51:06,2017-08-23 14:07:50,2017-09-04 16:34:14,2017-09-11,516cc532391806eb4ff420f375bc0ca3,2017-08-11
0ea7e836701fed12588fd394c9650d14,aa0bae21ba2b29948101561a7497737f,delivered,2018-01-17 15:07:40,2018-01-17 15:31:04,2018-01-18 17:18:51,2018-01-20 13:12:49,2018-02-05,c8744037ef2ea3d73b723e9ec68997e1,2018-01-17
5e1c835de943927d56469fa225bca0fe,01e5b020d9c4f26539154b00f632e3ae,delivered,2017-02-01 22:26:21,2017-02-01 22:41:30,2017-02-03 15:25:25,2017-02-09 15:25:20,2017-02-28,e208c1565f7dafbab63310a957a68174,2017-02-01
f297a4839c7100e94430c5d42f555bab,37b6e5bed4770b564221465801f4f5f7,delivered,2017-06-19 01:27:25,2017-06-19 01:45:08,2017-06-19 20:52:32,2017-06-24 12:41:26,2017-07-07,2e71193da3ec3a87b4880bc3406c71f4,2017-06-19
99d3564705b8fa6e354dadabe49e8c28,18f279a61d8165f3747df375301daaad,delivered,2018-07-04 17:00:29,2018-07-05 16:16:49,2018-07-05 16:57:00,2018-07-10 19:28:44,2018-07-23,978bbd403a160c7e4732f90e7a6d3309,2018-07-04
031bf6514694552e5b2967d02e4c42b4,e7aec94ccc558cd76a77a8a64ba60f52,delivered,2017-11-27 20:54:17,2017-11-29 18:37:21,2017-11-30 17:54:36,2017-12-06 22:00:01,2017-12-14,8be9e2ac8cd05c487471b69ef7687b38,2017-11-27
eab0944c40c304c769e5c24309caa8cc,9b4f6cff492df6f19b4cd348fd0d0853,delivered,2017-09-26 23:20:17,2017-09-26 23:35:17,2017-09-30 13:55:01,2017-10-10 19:03:55,2017-10-11,b7474898d0dccad79a77bf2b0d23bbab,2017-09-26
f0ffbaf1fe35a4a0565b047824341bc3,db4f310563a27c2d20d89d7abcf2260b,delivered,2018-01-12 09:29:42,2018-01-12 09:42:22,2018-01-15 20:56:39,2018-01-23 14:37:43,2018-02-07,ed36b9efe3ae9f39a6007159d9d3774e,2018-01-12
375c717fbe948f24044e81178cc38b0e,f2be8c3486681610dd9649534c41f7ae,delivered,2017-04-04 16:59:43,2017-04-04 17:10:18,2017-04-06 16:01:52,2017-04-20 10:31:03,2017-05-05,c1d43ef6f70aff50201a1b882176a346,2017-04-04
7b3f7b1f639917b41e0caae96643d596,fad2cebf0a18c1b19a546fcf49835902,delivered,2017-12-13 15:27:06,2017-12-13 15:38:20,2017-12-15 17:14:29,2017-12-28 19:12:17,2018-01-22,eba1f8e3c369e4f7cabada086415cc0e,2017-12-13
b0e07744a89c97ec7dc4be61ddf6a5ac,11880ff6b80b15209604ac1e4a5e64e3,delivered,2018-03-13 22:41:06,2018-03-13 22:50:33,2018-03-20 00:34:44,2018-04-17 00:22:24,2018-04-10,d75a854dd5534f42bfac3299ac2d0b33,2018-03-13
2a706489eee816fe6f5bfe2298c51840,15b13916422ccd2d823abb287bdfca49,delivered,2017-09-02 12:03:14,2017-09-02 12:10:16,2017-09-04 16:22:45,2017-09-05 13:44:05,2017-09-15,84d0047c12ae38389481afbb9f4a5bf6,2017-09-02
3aeb3d4e53be38746876f1f83d3726c2,6dd021e2ed02996bfd716d7bd5372a67,delivered,2018-05-18 12:28:09,2018-05-18 13:27:10,2018-05-21 09:45:00,2018-06-07 17:28:45,2018-06-18,f71ada981403cb12be7003395a258a2f,2018-05-18
67d51f83fcd035393f57e00d584498fa,b2049c6a53b1cc617c7e57eb9731f62e,delivered,2017-11-20 11:46:38,2017-11-20 12:08:31,2017-11-21 16:00:01,2017-11-22 22:22:52,2017-12-07,c7a63e95bffbc4a546a978662c374a88,2017-11-20
f489dacdbad0317b1ac5e2c190b3ed26,aa41ab7e6243152d3c21ec01446ee1df,canceled,2017-11-13 11:41:46,2017-11-13 11:50:41,,,2017-12-06,38c89b5fb20e1cc1fd098e871ac8a8b1,2017-11-13
3a4952f6d090b5349392cbc64b971d1f,29dcc155cda9479696b8bf386aca3e1a,delivered,2017-07-15 00:29:40,2017-07-15 00:43:12,2017-07-17 18:19:47,2017-07-20 12:30:00,2017-08-08,15db2039c3a64d0b3e6a6dda4f4d0381,2017-07-15
6264cc0ad74f0cd5c2133590679c5284,4ec48bc6b605fe7c8640b47af14fca4a,delivered,2018-07-22 23:12:02,2018-07-23 12:31:41,2018-07-26 10:48:00,2018-07-27 21:21:39,2018-08-02,98cf2f6f61000afafb2c1a276f5c21ba,2018-07-22
24abd231b3f48073eb9bc660b3eea5fd,b435433040b710baaafb84a8fe432fa5,delivered,2017-03-01 10:28:55,2017-03-01 10:42:55,2017-03-01 11:35:39,2017-03-07 14:29:24,2017-03-22,9b657714f1df8f8f86cdcdab9925b349,2017-03-01
f58ebdd1a4d270925b85a62286d42e85,f5cae8d5901d3ca3d816e66cc9c76513,delivered,2018-01-10 23:05:23,2018-01-10 23:13:28,2018-01-12 23:58:08,2018-01-29 18:42:39,2018-02-02,4d87f2f1b7b82da07b7d6a7ab2528c74,2018-01-10
84eda024589384c414522637e6a3d313,6ce4836a1e0c3324d4aadd6832fe151c,delivered,2017-09-01 16:11:40,2017-09-01 16:24:57,2017-09-15 18:02:46,2017-10-02 17:23:29,2017-09-26,6fdb6280d5fa94daa8dae1ea21b7b228,2017-09-01
c810304332560d2e653d082b66d3cd1d,75d55004834d1aab5f9a2a4d058e65b8,delivered,2018-01-08 23:50:22,2018-01-10 10:33:03,2018-01-16 15:03:57,2018-01-17 18:04:19,2018-02-05,b440e4b2919c01d29cebadaf09ef7272,2018-01-08
e5a111e770d6ac9f8f3ee2a37bd23f47,e35a269a4bf5db26948c1d6105611225,delivered,2017-10-12 20:39:21,2017-10-12 20:49:35,2017-10-16 19:55:35,2017-10-26 21:40:02,2017-11-10,4edc601b95352e37be4af8a3fc1c133e,2017-10-12
ed9b8c42cfb80e03b2218426b8ba0cab,377f47f7fe916f817019431d3a46f70c,delivered,2017-03-14 14:29:00,2017-03-14 14:29:00,2017-03-16 16:57:41,2017-03-24 08:37:43,2017-04-06,041132794a19cd483918f5e665d6445a,2017-03-14
293a75c86f46c5eb1f8499b81035957b,aeceea4c7e2aa9f2de64e2e3e2945108,delivered,2018-01-19 13:44:22,2018-01-20 13:42:10,2018-01-23 00:29:10,2018-01-24 20:19:42,2018-02-05,2146649db392a52cd27028baa62a3a63,2018-01-19
0dcfff35f1d2e0fb46301c92143663f9,a75f323cd574822489845798a046a6ce,delivered,2018-08-10 15:42:56,2018-08-10 16:04:46,2018-08-11 09:12:00,2018-08-17 19:46:54,2018-08-29,19f79a2e7708ffa5d3cc9ca72b416533,2018-08-10
8be437a648c6a4500a516c61b27d3c63,1e8573b86d3a9af3554bdd1e8d0b13da,delivered,2018-04-04 09:52:29,2018-04-04 10:10:06,2018-04-11 19:58:23,2018-04-13 12:06:35,2018-04-20,360d5b1a16566d2f1da53354adfef749,2018-04-04
cf1703dbac3ae0d4e32706265f36d200,e8a80ff08b448d3a676cff98d320096b,shipped,2018-05-14 20:32:14,2018-05-14 20:50:20,2018-05-22 12:26:00,,2018-06-14,e91b8b52ead64f53afffa45635f3bdff,2018-05-14
3adab61474a972a1606b0c78d64b8aee,6db8779686d293a60dabd0756a524431,delivered,2018-07-06 21:38:46,2018-07-07 11:25:40,2018-07-10 12:18:00,2018-07-28 20:15:20,2018-08-10,cdd2423c8479dba4e44a9f5d43808651,2018-07-06
a231037428b0d6c4288432191551c3e9,631d8de87e4504c3f6ddd50d79274a29,delivered,2018-08-10 16:53:49,2018-08-10 17:05:23,2018-08-14 12:30:00,2018-08-23 00:37:27,2018-09-04,73bbc2ec866d6c9398e35e5c1cf0bb8d,2018-08-10
b26d0e4b269b9370121538ab116bb04a,18538d4c5ba3cf1a66b9a8c4aceb5e84,delivered,2017-07-09 17:53:12,2017-07-09 18:05:28,2017-07-12 16:57:45,2017-07-17 19:43:31,2017-07-31,9c7751553d42cb89579f028bfbbe55ca,2017-07-09
3e10da3f366b635d6a1e0d380b32da95,1b056cf6b6263ba5fb8067b76857b66f,delivered,2017-07-25 16:48:08,2017-07-25 17:03:29,2017-07-26 18:55:54,2017-08-07 22:33:52,2017-08-28,c2929bce5f53bdea31e2d1d4e3796e07,2017-07-25
37d98f73718806be808b9e73e5d5d93a,0156badea44f4ffcaab3ad7572b69e28,delivered,2017-11-08 20:18:37,2017-11-08 20:26:38,2017-11-09 18:32:13,2017-11-20 19:19:18,2017-12-04,afe73cfac99dbc1c8e67cf99091d61a6,2017-11-08
733499fd294c93ea1202a57b6e1f5613,fc58b6b9a4b7c2067184ead5354691d7,delivered,2018-07-05 18:28:06,2018-07-05 18:51:24,2018-07-10 15:03:00,2018-07-12 17:12:30,2018-07-30,ae86daa72f710105fb92e3843e356425,2018-07-05
4fddd85a9d1f46412f6715f5cfbea489,d538c4e277ea9057a231aa75764ea5d2,delivered,2018-08-16 14:47:22,2018-08-17 03:31:08,2018-08-17 13:46:00,2018-08-22 22:28:39,2018-09-06,5662855e2f6ad60ab412adcd3ed030fe,2018-08-16
3c2ae362c7a0d00db3ff4cc392e1844c,6d0859bfb37c7bf98b55c29d017cd11f,delivered,2018-04-05 14:08:34,2018-04-05 14:29:04,2018-04-06 00:28:24,2018-04-13 16:51:46,2018-05-04,77ff92942165429bfa130320bec36412,2018-04-05
1df73825ad3aefd721f16df54e1e84dc,1ba283e330254f59e8ea1ce749494cdf,delivered,2017-08-10 09:35:59,2017-08-10 09:50:16,2017-08-11 14:39:47,2017-08-18 19:19:42,2017-09-01,27e0c9d21279230697c893abe570a4bc,2017-08-10
b4cd10a24e0976a9d5f509cfbc3f566b,9863d23f12bb601f16a36c14f5638a1b,delivered,2018-08-22 22:17:56,2018-08-22 22:30:14,2018-08-23 12:53:00,2018-08-24 21:18:30,2018-08-28,61172f1f85b147f579536247e376b782,2018-08-22
3af00e0602421aa412b0f4ef0ebdb6c4,59e0d4564a850e47541812e373226501,delivered,2017-09-01 21:28:51,2017-09-05 04:25:56,2017-09-12 19:25:23,2017-09-14 14:44:57,2017-09-22,3fbe5c847861e240fd6800517172694b,2017-09-01
c6d8daf7c4eafd635edcb99748cd1049,6e1beb08ef00ec7067d3615e9fee3958,delivered,2018-06-15 13:08:55,2018-06-15 13:44:08,2018-06-19 14:12:00,2018-06-21 20:05:03,2018-07-05,3579a5962382a26dccb9d2ece52b50f4,2018-06-15
77c374d0a559e948d26ddd439b558558,e59f98f6faddeedd45f959bb6b96f84a,delivered,2017-12-14 08:39:34,2017-12-14 08:52:15,2017-12-14 17:25:11,2017-12-19 18:52:43,2018-01-09,cf48760500cfbe80f21a40d744d6a0cf,2017-12-14
6c207e919b89964cc8083c67b373e496,b15a07c3273c8aec82ab6f4458fa861d,delivered,2018-01-23 10:05:42,2018-01-23 10:20:32,2018-01-23 20:51:39,2018-01-26 20:41:28,2018-02-07,a5827e4647007dd14dce567495edb6b1,2018-01-23
de72985df853586cd2ba29e3269dbd4f,61574bd1bc8408825d5d4293093e9676,delivered,2017-04-20 12:32:55,2017-04-22 13:21:14,2017-04-24 13:28:55,2017-05-07 13:27:53,2017-05-10,e8483e60474d65f883faaed50a031572,2017-04-20
53e3eb2bb46d323b3d7e3e7bc476e4fa,a10b24d46b3fa4207038ed45fa1e5d9c,delivered,2018-02-12 13:09:04,2018-02-12 13:30:20,2018-02-15 19:58:49,2018-02-17 11:19:08,2018-02-26,6ee42aac021799a8e0088fdf462a1c30,2018-02-12
9e3a542f51363bda001167b7f5bd8dbd,4ca13991254732af64a40137aec89be0,delivered,2018-04-04 12:20:18,2018-04-04 12:30:15,2018-04-05 00:36:50,2018-05-25 17:17:35,2018-05-02,a1cbaab4236d5ac6f71bcfc7fdc87d10,2018-04-04
e3f593928ae2e5fc7463fe3603dd3e85,60f02d86ffb0ecb42c3f2c45036d9a1d,delivered,2017-05-23 21:31:24,2017-05-24 13:05:38,2017-05-25 09:53:12,2017-05-31 09:07:42,2017-06-22,95444597528fa4349b35f17bf9f9b6f3,2017-05-23
8ed3b0f10074e950e00b60fb43e7e373,ba7397e46515dbbd9aa50d5a80ef7a9e,delivered,2018-01-17 12:25:38,2018-01-17 12:34:31,2018-01-18 23:21:20,2018-01-23 21:19:05,2018-02-09,7c42172b267876f1aa6c6271b851dbeb,2018-01-17
dc6ad9979090e9f597d6cd0ea5a3feb6,3890ca07984aeb87f3c7418ee749e0dd,delivered,2018-03-26 10:25:49,2018-03-27 07:06:50,2018-03-29 20:58:58,2018-04-09 21:18:35,2018-04-13,8d1c52c3dad67740821bb4f374082eb9,2018-03-26
59ec56fb4a12d230d24b71e77b3bda8e,7690eda4c4a4dfe1c571a961c59911bc,delivered,2017-07-23 21:26:36,2017-07-23 21:42:57,2017-07-24 13:04:39,2017-08-08 19:22:22,2017-08-21,eea9760327567e3edaac0cb002b51c0c,2017-07-23
2cf8310e7bc2b7b41f5179aab91407cc,00411811e3b661e746a6e1ce1f0878ab,delivered,2017-05-07 17:27:21,2017-05-07 17:42:03,2017-05-09 09:50:33,2017-05-16 17:25:55,2017-06-01,6dade60d28a0f5b8ae7e8d67321b4141,2017-05-07
35f7b5bd54e85367e42167d104f06813,e82c5a6dd63e0f9da0b2f8fce63465ac,delivered,2018-08-22 20:43:48,2018-08-24 03:05:09,2018-08-24 19:01:00,2018-08-25 14:42:34,2018-09-14,fb7e29c65321441231990afc201c1b14,2018-08-22
f33f70dad90fd2f5811dbc1d2a46849d,8887509a58adbf58c980f239ef92dabf,delivered,2018-08-23 18:10:17,2018-08-23 18:24:45,2018-08-25 09:00:00,2018-08-29 16:53:01,2018-09-04,f607365e291dc52648cf9bf3775558ac,2018-08-23
d302035b23b53abf7dadc4b6a0b62547,4c3a69a70ab3aafd4c7024377c9c9821,delivered,2018-02-16 08:15:12,2018-02-16 08:27:06,2018-02-22 00:18:28,2018-03-08 16:30:42,2018-03-13,dbd83295ef91a610b2800dc2adc2968e,2018-02-16
fed6ef6fb04042a3b895df051c11225f,0843fd3baa42b70bf995bb83753bfe90,delivered,2018-08-04 14:19:59,2018-08-05 14:15:12,2018-08-10 14:13:00,2018-08-14 19:38:42,2018-08-23,35ffdc750d13d77f2c0f2bde57693c41,2018-08-04
13ceb10d0a1fb089ff634acc7114a743,c7b0cd6d863462734458324cdcc65169,delivered,2018-03-04 10:40:53,2018-03-04 11:10:23,2018-03-06 03:45:56,2018-03-27 19:09:22,2018-04-11,4df4e976784c5fcfcefd8be11029cbc6,2018-03-04
1d3a68238096f9cec486437166e57716,e382d18c674b20c5bfedbc86c51b7010,delivered,2018-02-09 15:18:41,2018-02-09 15:29:39,2018-02-16 19:12:13,2018-03-09 23:04:08,2018-03-07,3d8efae43a6376c9ce72a639fba3d9b8,2018-02-09
d924b2f481ea43a95856d604e81f9219,589d137c275b6d5febd35a00f490e8bc,delivered,2018-06-21 10:44:22,2018-06-21 11:01:02,2018-06-22 13:56:00,2018-06-26 22:12:17,2018-07-20,5eaf6271955a5a88e0af33de9eb148e9,2018-06-21
fa902363ff995f79f7ae0694ec0e2aaf,3c01e794e3628a94c415f171f9f6086a,delivered,2018-08-20 15:17:36,2018-08-21 04:29:25,2018-08-21 14:24:00,2018-08-22 21:32:20,2018-08-27,80223ef359d6c077926ffa46568bec0f,2018-08-20
99aeaeb7e702f9008fe9823750689bbd,c0000e87c4c36f4d17c42ba614aa35b4,delivered,2018-03-22 15:52:37,2018-03-22 16:35:46,2018-03-23 23:29:33,2018-03-26 15:19:03,2018-04-04,38b3f1ecaf005002a421b343fcb6548f,2018-03-22
adac885fef6aa7cf2ae87956f4eb74c6,1148833389d584122a7e8b60b1f8c9fc,delivered,2018-02-04 17:11:52,2018-02-04 17:49:08,2018-02-05 20:06:45,2018-03-05 17:36:10,2018-03-09,99736d563ae06d7a95361c890e6a3d1e,2018-02-04
79fe183c2c4f23688615d54004cd3f2d,31f2257087bbdb1d7fb09ae2b05377a6,delivered,2018-06-28 22:24:24,2018-06-28 22:35:13,2018-07-03 13:08:00,2018-07-09 17:32:55,2018-07-24,77b8ddf67a8b7731506ac6ba707e6997,2018-06-28
431fe12f4d24d8f61a0947c0bc842a04,208d96575c5bcce7280aeea4e1260658,delivered,2017-08-22 16:50:11,2017-08-22 17:33:07,2017-08-25 19:17:35,2017-09-08 21:33:17,2017-09-14,5b09c620db60411b0be6f1817c6cbe71,2017-08-22
cd69fdf2e46758d65a29de7bb4766e5b,f4926d4b789ad9370721217c7800fd58,delivered,2017-11-04 23:17:28,2017-11-04 23:30:30,2017-11-08 15:14:39,2017-11-13 21:48:34,2017-11-24,b993981240043cefcacd680e731fffe9,2017-11-04
703d387c15220ae49735c98c882b8fc4,4290511b6f1ed049dc3c4dd2ffdca616,delivered,2017-11-15 22:30:45,2017-11-15 22:46:50,2017-11-16 22:18:25,2017-11-28 19:26:53,2017-12-08,6b33793c8c5a447b498841d46cbc321f,2017-11-15
c70cb30c4935057ce1fe28f7f1226507,709a792eb53d3045dc9dadb19fa403a5,delivered,2018-01-04 13:52:26,2018-01-04 14:01:27,2018-01-04 23:06:59,2018-01-22 19:33:15,2018-02-02,2e65fa6556bc340335534ea848f385ff,2018-01-04
9ed113cc7c82f8871d91b27a7b0d7da2,aca0989af736e8b434d68e6f38e50739,delivered,2017-05-29 22:08:30,2017-05-29 22:22:40,2017-06-01 16:33:00,2017-06-06 15:38:22,2017-06-19,2c9531c3d00dcaeca5479e56b884ec34,2017-05-29
23d23296f19f96722556d7712d45ca0e,20069d8437820f86e07c7036693aa9b7,delivered,2018-06-04 20:13:34,2018-06-05 16:16:30,2018-06-12 14:46:00,2018-06-15 16:26:52,2018-07-05,c55c2e31ac76a1d0d9f6d221c84b7cdb,2018-06-04
7920e7d2f91a12543837febe80d5503a,679199777b88ed8041f6cfe369cf722e,delivered,2018-05-08 22:44:18,2018-05-08 22:54:32,2018-05-10 12:28:00,2018-05-12 10:06:51,2018-05-16,3b9a0d6e823e479d97f3642fcc157c3e,2018-05-08
53f5a7f622d498ff3eeb334b8efa7ae7,8130aff1c0475cddc4945c24074dff66,delivered,2017-03-04 20:25:11,2017-03-04 20:32:22,2017-03-06 06:47:13,2017-03-15 15:57:55,2017-03-27,fa897856f19a95faf61b1fe22bfd0ace,2017-03-04
f1084769a9d3a8c88ae9aa1ceb9c63f6,b92d07c285b02d5fbf75240d37dda801,delivered,2018-01-12 18:07:00,2018-01-12 18:31:34,2018-01-15 17:59:13,2018-01-22 16:20:12,2018-02-09,cacffd69b708014eebf2eaa39051db45,2018-01-12
ef91a0138a69318c86432c32ad98db82,a9b884c0cf01e7b65fd39f9d9cfa604d,delivered,2018-01-29 11:12:03,2018-01-31 13:32:35,2018-02-01 23:51:49,2018-02-16 14:31:46,2018-02-20,43b1470546e99dc3b9b5057525f2c8a1,2018-01-29
ab8059755e11171ef8b3b3065ccc4aab,c80115adfd169640586a764307e45894,delivered,2018-01-03 16:19:59,2018-01-03 16:31:50,2018-01-04 16:22:11,2018-01-17 20:14:58,2018-01-29,86863d4c1e6ec8a8355bfed0bdc1d802,2018-01-03
989d4dc670329cd432f4345b25194cb9,714b6710fb0b00feac54edf86be85893,delivered,2018-03-06 14:58:36,2018-03-06 15:40:23,2018-03-07 20:05:33,2018-03-19 21:22:05,2018-03-27,43dce1c46f91f3cd233905d0a8b19153,2018-03-06
23bab630b11eed4b31aaa2edd31ba773,c03793e75bfde694b9f88aa885d5b7f0,delivered,2017-08-05 14:12:12,2017-08-05 14:25:12,2017-08-07 15:47:27,2017-08-17 16:35:34,2017-08-29,1872d5abb08140a81a030bf5acaea2a0,2017-08-05
8f48df24381903f850d1c20b035f4a86,e406ec5a3f6e41c1eebbbcc6f48abda2,delivered,2018-02-18 20:13:02,2018-02-18 21:15:28,2018-02-19 21:13:06,2018-02-23 19:57:54,2018-03-12,58a5e7f5a4a92dd4a424cacdb5170a8d,2018-02-18
f7614e634874a2b92d65dda076f0bab5,2067794c960bc6a1705e94651086144d,delivered,2018-04-09 15:04:30,2018-04-09 15:30:24,2018-04-10 18:20:42,2018-04-19 00:52:42,2018-04-25,3f564d2d54ebc70c2637cfd06d02f502,2018-04-09
33ce126846ecce9afdfe8f1b93551928,630f64fb6bc2a53c0e5d61e03761e5c4,delivered,2017-08-28 17:26:57,2017-08-28 17:45:08,2017-08-29 19:56:30,2017-09-06 19:33:43,2017-09-27,91606840c1a34393f335ff4a96be4de6,2017-08-28
9c6203a8eacf4ccb437c800c9629f792,b0c70716ff17136d17c12881d303c543,delivered,2018-04-05 20:32:14,2018-04-06 15:30:07,2018-04-10 00:20:59,2018-04-18 15:34:54,2018-04-26,5c2ba72aedbc39973447c2264dba934d,2018-04-05
6684a2469619cc89b92f6065a0fdccb8,c3a918fdab36d16fc128d5327f1f7be1,delivered,2018-02-06 00:05:32,2018-02-06 00:15:37,2018-02-14 19:06:33,2018-02-15 17:53:47,2018-02-22,6a81fb4e2dc07a9b711cd73142689ee7,2018-02-06
db8730baa35db478122207bf2b26590c,eed8fa5607d71228491abf287184146e,delivered,2018-06-11 08:03:30,2018-06-11 08:31:39,2018-06-11 15:11:00,2018-07-02 14:46:42,2018-07-05,1fb06669c6567f0824c37a2c8a142361,2018-06-11
ceb9b6d878227743fd57f4f50dff13c3,54ab397e856d6388c4a65fb0952688eb,delivered,2017-11-29 15:52:39,2017-12-04 23:31:03,2017-12-05 18:09:12,2018-01-03 19:38:56,2018-01-24,3ea34c11ebffedf88b8cf531608072c3,2017-11-29
a96be3f7775bce7abde7918670a3d67d,958471435e5032bfc8fd27062abb64e2,delivered,2018-03-16 18:06:08,2018-03-16 18:15:34,2018-03-22 22:32:42,2018-04-06 18:17:33,2018-04-05,8711799e43b86fbd1379f236d4fff7e3,2018-03-16
f5e409c4e093a36f74d9ba76df3b5f19,5fc3699e987af1cbdfa9b6592c6c9cbd,delivered,2017-11-26 18:48:09,2017-11-26 18:55:31,2017-11-27 18:18:35,2017-12-18 17:58:18,2017-12-20,7f9d6c6dd077d663837ade05fcd8ea07,2017-11-26
a11848157003e277da67e7700e1fb630,563fecde53b98e154a0c76032365fb36,delivered,2017-09-13 12:16:05,2017-09-13 14:27:25,2017-09-15 20:41:55,2017-10-06 16:45:29,2017-10-10,416313386057e0c1276c172251cbbaf9,2017-09-13
ae6fa796d6bfcc527feea40286702f7e,9c69caac16f1c5f268cf6e4eb62091a0,delivered,2018-06-03 21:10:29,2018-06-05 04:12:39,2018-06-26 12:23:00,2018-07-06 17:28:53,2018-07-27,b4d87d1de1b858eb258f88bcb8282951,2018-06-03
a0bb89116fae61995bdade42a37fccba,5e2d22e7df33e1938e816e8f7cae6e8d,delivered,2018-03-08 12:49:21,2018-03-08 13:10:27,2018-03-09 18:41:02,2018-05-03 04:52:09,2018-03-29,85a932c6f9a4b4574fda6ef6a71da6cf,2018-03-08
1a67c7a3cb47a447f68bc24f7cbbe825,2fb6a28105827799ef2dffcb4f4f4e53,delivered,2018-03-27 11:26:05,2018-03-28 02:47:56,2018-03-29 23:32:49,2018-04-13 17:34:51,2018-04-26,d23129eb062ab70fd6cdd1b790273018,2018-03-27
953baa58baf3406cc310c032d73ddde0,629979f51e36b1b5e7589d7c96020b32,delivered,2018-05-04 10:55:36,2018-05-05 03:15:20,2018-05-07 14:23:00,2018-05-11 17:47:51,2018-05-30,99e81e6bdfad9a58f7d9fbfe7e2f32d7,2018-05-04
1372aa0637277287bda77b0de38676c7,a5347c1cc1b3e01cce8d58574f6a7210,delivered,2017-12-04 11:24:31,2017-12-04 16:31:43,2017-12-05 18:32:03,2017-12-07 00:34:03,2017-12-20,2b4ac15332225168fe3a3ddd4031275b,2017-12-04
09c55723561623b19ad72cf0299d58bc,48961cfec533cf17b135ded190707882,delivered,2018-08-22 09:42:27,2018-08-22 09:55:11,2018-08-22 14:10:00,2018-08-29 00:46:33,2018-09-10,ddf701b98740be6f2798814e7f730fba,2018-08-22
ac28767a818e6e5bc6895e188ef622ba,0a984c883069c23cdf9b63f5d5c7c152,delivered,2018-06-11 17:50:09,2018-06-11 18:19:29,2018-06-13 14:00:00,2018-06-18 16:03:52,2018-06-28,9b89dd300fbf36dc6633c0e66db63233,2018-06-11
c7b4a7a4d974418197e38cc0f6c2ea85,8f1a8643c245e8b74e2e6535ca5c4e19,delivered,2018-02-19 13:32:15,2018-02-20 13:28:04,2018-02-23 23:59:23,2018-03-02 22:39:34,2018-03-19,a05b92eef689283a24ff812eb827471a,2018-02-19
f572e229540954ce62e0f8d20cdad2f2,621db81dd0257835e7dbb90e5305c687,delivered,2018-05-08 09:03:18,2018-05-08 09:15:32,2018-05-08 14:24:00,2018-05-14 14:55:19,2018-06-14,3d987951980db0e743ed51b4aa0afdc6,2018-05-08
086731f4ad521c4094b1eda75986b88e,e038ce5f1155ad7b6235f4df7ecc77c6,delivered,2017-10-25 20:36:00,2017-10-25 20:49:29,2017-10-27 17:04:06,2017-11-28 10:19:34,2017-12-05,49e653e04b8fbe4832f13fb086775258,2017-10-25
7c05cc46380212da89ef95678210500e,34e8953891bbf0ffcb797b69dbf4a122,delivered,2017-06-07 18:06:13,2017-06-09 19:10:13,2017-06-13 09:10:16,2017-06-27 14:41:46,2017-07-04,c5b40dd9a747614a0f760decbabc0d23,2017-06-07
bc8446f693e6c406e28d5cee739dc4cd,739a32b2dfcac52c4726c626a7383e1d,delivered,2017-03-03 18:40:14,2017-03-04 02:10:29,2017-03-06 13:00:26,2017-03-13 11:30:49,2017-03-22,9895459a777c96d1f180c344fc5fdefe,2017-03-03
335046c7c87cf6b4d47ce63b22c563b8,0a215d233e87a33399e8defc4598588b,delivered,2018-08-06 16:56:19,2018-08-06 17:10:18,2018-08-09 16:12:00,2018-08-16 16:56:34,2018-09-10,47770fce2a0398a1da5ccd4adf5e515b,2018-08-06
25fbf27ebf14d822b62827aeb77d9d10,8dcf681336e6c839f3d6c2399dee467d,delivered,2017-03-14 12:50:27,2017-03-14 12:50:27,2017-03-16 08:17:46,2017-04-09 09:07:03,2017-04-26,382ccd3bc70cdb52f5a4515ffcdff615,2017-03-14
1b6e795c12ed471246103bf4f218dce2,70b1b8023bddf594d19603ca213efdea,delivered,2018-01-13 18:49:41,2018-01-13 18:57:28,2018-01-15 18:42:39,2018-01-18 21:28:38,2018-02-05,c92b96a0007c240b09d1119273b61f55,2018-01-13
4044c5fad995d07177b0c09ff2b0b7f6,16bd290303092475ef758981282d5b9a,delivered,2018-08-06 10:58:22,2018-08-07 10:50:19,2018-08-08 14:27:00,2018-08-14 19:06:54,2018-08-28,18ac369326ec0aafe3ae0e397b14102b,2018-08-06
08322b6d209359f491acb1e5f89cb371,6b47c3eea2c418b4ee03f1cc38e30519,delivered,2018-08-22 20:16:37,2018-08-24 03:05:13,2018-08-24 13:57:00,2018-08-30 22:32:31,2018-09-12,215c346bf0164978a8725f01f7715ab4,2018-08-22
2b72e9015af390303d5d89ae0fd64673,adad7c2f00e8d79a37b5e7b7fc17da0c,delivered,2017-11-23 19:28:37,2017-11-23 19:36:23,2017-11-24 23:41:37,2017-11-30 23:59:03,2017-12-13,4eda116add853323e439c104b7d0824c,2017-11-23
961d9e5c68462472ac3bba1243d731fe,f7b06276835d7da62b9d98e7c519a2b1,delivered,2017-11-28 15:55:19,2017-11-28 16:17:48,2017-12-01 15:38:43,2017-12-12 00:39:51,2017-12-12,85b79989b7d35124ab26a7089d870ade,2017-11-28
30c902056ce61a4404a706f9dc06b4bc,cb2af73ae8790acc67766c8121b349bf,delivered,2017-02-26 17:55:11,2017-02-26 18:05:13,2017-03-01 16:41:53,2017-03-06 09:37:50,2017-03-21,5e6a352922e29670caf312ca809093e1,2017-02-26
4273eb19832c1ba5b1d96ec21fcc2d1a,79c79e48306a6e400f3095ef216acf8c,delivered,2017-08-12 10:28:37,2017-08-12 10:45:08,2017-08-15 16:57:19,2017-08-18 17:53:35,2017-09-01,628b9d1771f6b4fcc22daf2559baa7b5,2017-08-12
061cc2095125b495f7221ed85a706c07,208abfb07a2f4c1de66445c9286f5c33,delivered,2018-04-13 19:43:09,2018-04-13 19:55:14,2018-04-16 23:07:37,2018-04-30 18:53:48,2018-05-08,ca7b3c23d1c5f37c4af1b5079d0bfa02,2018-04-13
89cd9f68aa6c5370ba3443f02292f7a3,c59a4c0d6a4569a272f28487ede54c16,delivered,2018-03-31 22:21:00,2018-04-03 05:48:59,2018-04-06 20:38:28,2018-04-16 18:37:36,2018-04-30,0ff06fea306b3e9a4f7276283bd93ec3,2018-03-31
810a20b5d63b93c766be34093cf05187,952314d81832bec79f508e87223d4fc8,delivered,2018-05-28 13:57:59,2018-05-28 14:10:50,2018-05-29 10:12:00,2018-06-11 20:13:39,2018-06-29,8359bfaca63e1995f611738775bfe136,2018-05-28
018fb228a3dd1a16349e73d2e41b239d,e2a629c7ccabea34df0cb4954f6c08db,delivered,2018-01-13 15:59:39,2018-01-13 16:09:43,2018-01-17 12:14:55,2018-01-26 13:22:19,2018-02-19,a49f5184df6f790d7765174f8fc569b5,2018-01-13
a89e0347b6138ab8ed766aeb2f79c157,e1cb75c4e9c635beaa9c4f595f75d36d,delivered,2017-03-27 13:19:07,2017-03-27 13:30:19,2017-04-10 13:38:44,2017-04-12 14:13:23,2017-04-20,435ba4268e6716ab5669b3b990ea3a71,2017-03-27
1ba067e676f52a18b8b2fdba56eecae7,d2d354a32e8cd619c0466eeefabd826a,delivered,2018-02-23 15:18:25,2018-02-23 15:32:08,2018-02-27 02:09:04,2018-03-26 18:58:23,2018-03-29,4dbbae8a27b6628f4afd33cf4dde89d9,2018-02-23
608550deb32171538771afe8f00b2cb8,9cbe13ffb632f70b6e49d86d0d007cb7,delivered,2017-02-24 17:04:27,2017-02-24 17:15:18,2017-03-15 09:55:39,2017-03-20 08:38:32,2017-03-22,7d6d1cb82d9fce9dc13a7ed53e7d5d68,2017-02-24
cc89389bd59dfd8cdf5b4490dec5df27,ea30d9a61fecff76bd58e5c62f4379b7,delivered,2018-01-01 11:39:28,2018-01-01 11:46:18,2018-01-03 17:38:50,2018-01-09 00:12:22,2018-02-07,38b4470d64fabed66ce747ebabae730e,2018-01-01
fee76720d4d707fc12d7e5a40cd5c18d,4b6de9e1db470b7b07f6ee6c989b6d65,delivered,2018-06-02 11:04:02,2018-06-02 11:15:25,2018-06-06 14:50:00,2018-06-11 21:42:33,2018-07-11,380d90cf63838569f2889b117e813449,2018-06-02
ccdd202175f5156c1dffdc949b4abb85,e504a4f515eca66917e45ec6eda6d735,delivered,2018-05-14 14:50:45,2018-05-14 15:17:22,2018-05-17 15:06:00,2018-05-18 14:23:44,2018-05-25,021d9099364431e24195152225c8c535,2018-05-14
7e5755dcda787dcc7269f1698d6372b7,21fb2ebc5077f72af04e6ead0763eba5,delivered,2017-08-08 09:53:50,2017-08-08 10:10:15,2017-08-09 19:29:41,2017-08-16 15:45:19,2017-08-30,59150cde6405fb8f31f6dd1882d15754,2017-08-08
2bb801ea071223cff75e08c39fab9155,c250f85418e87fa6d92dbad44a293ddc,delivered,2017-12-10 10:51:47,2017-12-10 11:10:22,2017-12-11 17:34:48,2017-12-17 16:31:47,2018-01-04,ce1439307017416a0a2042d085aa4628,2017-12-10
7563e13fcf7f6c6d8db57ef0c5760c87,ea523606564418ccc7fa53b7a081c510,delivered,2018-07-29 15:25:12,2018-07-30 15:24:44,2018-07-31 10:27:00,2018-08-01 18:44:41,2018-08-02,776ec4e57febe32c0cb38c8122b7a832,2018-07-29
3b12b05b1ef9fd1f18face4e10c50c2e,4d7fc7b184089eadde3dd0133adcda45,delivered,2017-09-08 00:59:39,2017-09-08 02:34:04,2017-09-08 20:13:42,2017-09-18 13:59:53,2017-10-02,02c661a1832c392b81d7ba1ebddf8796,2017-09-08
ae7f30650fe9c91685d2fb23a527df97,94dc77420394cc2e94c816422c0c720e,delivered,2018-05-14 17:53:13,2018-05-15 03:55:59,2018-05-15 15:06:00,2018-05-23 20:12:20,2018-06-04,9754a2ef8d618a48c12820d51021cbb0,2018-05-14
f9537b9d24a68ee87a6ea92286bcccc9,3dc08ab32bcca551725a07122f56de3d,delivered,2017-07-12 23:02:05,2017-07-12 23:10:19,2017-07-14 12:54:32,2017-07-24 17:09:12,2017-08-03,acefab7e230c98e8eb1f0df75a99a682,2017-07-12
c346218ec3d36d79c60de8073dfcbd8b,f1211d93e1993b500519ecece60e5e6e,delivered,2018-01-15 20:24:42,2018-01-16 20:14:28,2018-01-18 23:54:36,2018-01-19 21:34:40,2018-01-30,31bc23941a9984d8ce65e1afbce180ad,2018-01-15
2365573dec3c55b420a248893b61d168,7fe6ee9c7c3fc0bfb3cdaf93fbdbad96,delivered,2018-01-27 20:59:57,2018-01-27 21:17:12,2018-01-30 14:13:06,2018-02-07 17:05:21,2018-02-15,d1b05e0dd1bb6549d942d7bb1328042f,2018-01-27
38291bcab22211eb312fd02756c288c1,a63bb59ba24b8048df8549dd217a586c,delivered,2017-11-20 12:50:46,2017-11-20 13:17:22,2017-11-20 19:18:32,2017-11-28 17:29:04,2017-12-12,d05658f0f527a8dfcaaa935a160a5094,2017-11-20
6d098fe9c328d8dbe615f82bf930ee93,d12c9220f616b02b0e58cdcd3fc1eea4,delivered,2018-08-09 17:08:38,2018-08-09 17:50:10,2018-08-10 14:46:00,2018-08-17 21:51:20,2018-08-27,f3baec24346002a0541a444213dcaa5a,2018-08-09
8bf042f3248ba31efd190930bd406ea0,f396dc47ebf03c371e9d1144827a88b3,delivered,2018-04-26 17:28:49,2018-04-28 02:55:26,2018-04-30 13:22:00,2018-05-05 00:26:34,2018-05-17,f851601132fd95d1bc72825fdc1653a6,2018-04-26
2dabb10146331fc98c0322801df870d7,d829dcbbc1ddabd3a91c20b64e2ce5d8,delivered,2017-08-24 09:48:12,2017-08-24 10:04:31,2017-08-28 21:05:18,2017-08-30 15:14:39,2017-09-06,5c3a15e958c7a36e722408cd2ce8b34e,2017-08-24
3b7999074565a5320366ad70c5aec08b,1d65236b903e944ca24271c42aa4a221,delivered,2018-04-05 11:22:30,2018-04-05 11:35:24,2018-04-06 22:48:59,2018-04-09 22:24:45,2018-04-19,dc8148886a16779c8e9882d053b10049,2018-04-05
3c67df5e19638f8fa4fcd2658347b622,0e369984255ebae345028d4858c3877c,delivered,2017-12-10 22:17:46,2017-12-10 23:30:45,2017-12-12 19:14:05,2017-12-26 13:18:12,2018-01-04,ef64a53bcd0bdebae1d80e977ce62988,2017-12-10
9edc5231dd902e3a6b3cd4d8692d3e19,66526956e5bfc707bff7039c8dee6097,delivered,2017-11-24 10:19:18,2017-11-24 13:13:41,2017-11-27 21:52:34,2018-01-07 00:09:31,2017-12-26,98e4ee1f6e5b08ad5ab5fbfa99206b74,2017-11-24
a23760b9274db6304cc3cc0085583693,13b998c33df7f51c51078cf30c1ceed7,delivered,2017-09-10 15:36:39,2017-09-11 19:35:12,2017-09-12 15:05:41,2017-10-16 19:10:02,2017-10-11,43d49082b0b4c9cd47729f80b5b515be,2017-09-10
8982c5a29644a98312ad54cac13d513e,24f72944b81a1af99ec38141a8b93880,delivered,2017-02-05 21:01:32,2017-02-07 03:50:31,2017-02-08 14:08:37,2017-02-17 15:32:03,2017-03-09,63857b86ba184a03893452c46c285fb8,2017-02-05
577285c10c95871f906ac5ba6d9d902b,e9c9c155a55ad03af57867143ee91937,delivered,2018-06-01 15:08:12,2018-06-02 15:10:04,2018-06-11 14:38:00,2018-06-21 12:24:46,2018-07-23,5ad84888519e10ff52d8af00641d41bc,2018-06-01
4ac6cfb47c51ac043927b84975d1a62d,06c5c4b0292effa4b19173210ffafb33,delivered,2018-07-03 18:19:30,2018-07-05 17:03:19,2018-07-05 12:45:00,2018-07-10 15:06:42,2018-07-27,0a018a3d9e007d7a9e927f7b4bd4fad1,2018-07-03
923cc27376a32cd0e1252597e42a5586,0ae1f70aec3c222c780ca0bfae1f1ced,delivered,2017-08-17 11:49:54,2017-08-17 12:10:11,2017-08-21 10:48:40,2017-09-10 14:13:23,2017-09-21,ec4ea83b730a66c09400b99656e03934,2017-08-17
5f082a502d1fd6f19d32897c2c2cbcec,2940ece501baa1342d450993f3f20a94,delivered,2018-08-20 11:23:16,2018-08-20 15:11:33,2018-08-21 08:11:00,2018-08-24 00:18:55,2018-08-29,354fa4b6a34304600de128c7196a7a2a,2018-08-20
457e6ef20b5dfa0a75041c5a200080b3,ee777e76a5abe6097a2a44199b4732dd,delivered,2017-08-21 18:17:06,2017-08-23 08:05:33,2017-08-23 19:00:19,2017-08-31 16:47:55,2017-09-21,35dfe1efe6ccc08b68e2152f0e051545,2017-08-21
2cad5aa95a3bc7f622d44d01452b7887,c41a7998511438b4512f6382286455e6,delivered,2017-11-26 18:16:02,2017-11-26 18:32:53,2017-11-27 21:52:56,2017-12-04 23:21:48,2017-12-18,8e686fe918d48a3efe40aae2c526618c,2017-11-26
08d551ca6776789b820288466888bc3a,b1ba1b27a0d546c2227c49e9eb786a0c,delivered,2018-08-19 18:23:33,2018-08-20 12:50:26,2018-08-22 15:33:00,2018-08-29 19:08:37,2018-08-30,d624da6fd3772c199160626a7e33d2b6,2018-08-19
8ec3dc58218022294d63f307fb8adaba,7e7b03c269204cfe21f404efcdcc22bd,shipped,2018-05-14 20:08:22,2018-05-16 03:33:49,2018-05-16 14:04:00,,2018-05-22,955c20e8b19c41c53574eaede0c6e8f5,2018-05-14
7526e6e32c9eb710b8afc4c01dd785d4,957f824cc80070650b329d52de1b8d07,delivered,2017-10-23 20:10:06,2017-10-25 02:26:13,2017-10-25 18:59:35,2017-10-26 20:58:03,2017-11-03,267c2edb74cff7cad016dee99b43c272,2017-10-23
6f4f578dc1619bddcbc6c56c9502eb74,208a1b9c48657302f6c38ea8901e2bff,delivered,2018-01-23 11:58:33,2018-01-23 12:18:03,2018-01-24 21:24:46,2018-03-03 19:29:11,2018-02-16,3dc3016006cefe3f43b3e0fbf60fbd7f,2018-01-23
c105be01f21c9df6a2579f59b95cbcd9,02288a47f696f3054b9ef1d5f8e73973,delivered,2017-09-18 16:12:04,2017-09-18 16:27:55,2017-09-20 20:00:24,2017-09-25 21:59:46,2017-10-04,eb28e67c4c0b83846050ddfb8a35d051,2017-09-18
5043f784269d4557975f07e2ceae445b,462745b7e4248b889b1b2c446705a8b5,delivered,2017-06-12 00:35:07,2017-06-12 01:05:31,2017-06-14 13:04:00,2017-06-24 08:25:57,2017-07-07,c06f99df3969ced4a4a357486c3a3d84,2017-06-12
391cd3f7e6052e7827a66f333705099b,b609533f40e96134748755961fefd32a,delivered,2018-08-08 21:14:14,2018-08-08 21:30:10,2018-08-09 12:15:00,2018-08-16 19:08:54,2018-08-23,7723fec2b74dba644d7e063a9ed5a3c8,2018-08-08
c1dafa077556522d38557ad3452e3ac6,c4f8ebdb558f6064130ea0b705f65997,delivered,2017-11-27 15:54:16,2017-11-27 16:10:17,2017-11-28 23:28:24,2017-11-29 20:16:42,2017-12-11,444d0536d399ae2628da259c742cc4cb,2017-11-27
71e65504647428c80f14efcc2a85f666,4553d174357510751fffe2519aa1b501,delivered,2018-02-11 21:57:56,2018-02-11 22:10:29,2018-02-16 01:04:41,2018-02-21 21:23:20,2018-03-13,65e16ec8e4af797c1cba349b779042d7,2018-02-11
e1fb73a7a364bc2406681b3e16010660,482e951bbe038b32d7f36484f2ddc53b,delivered,2017-04-25 18:57:46,2017-04-25 19:10:48,2017-04-27 07:03:39,2017-05-04 15:36:26,2017-05-12,e8d0d22976f3917db1ceba1e995fb99b,2017-04-25
ff36cbc44b8f228e0449c92ef089c843,ac4e6e678ad7b6c5e3f90ecb4f8b9569,delivered,2017-11-25 20:34:42,2017-11-25 20:51:36,2017-11-30 22:55:04,2017-12-08 00:19:09,2017-12-28,dba6bc21c57ea947f85b3c17b6b409a9,2017-11-25
7d892708f2153d1763c61337cf6ba495,5a2e36e29494ce0f03e22c7f28df6617,delivered,2017-06-23 09:23:10,2017-06-24 02:25:15,2017-06-27 10:04:24,2017-07-04 08:04:11,2017-07-20,620ad450a89bab5e7ec65b56a4e43404,2017-06-23
7a5dd7d63f46b1aa728444da8066b0d1,8099998a9347941bf444542df2488f5c,delivered,2018-01-27 13:50:27,2018-01-27 14:12:52,2018-01-29 21:13:00,2018-02-16 18:04:22,2018-02-22,682e07da0e2c01d9849fb3587c7de3bd,2018-01-27
a1eeaeeab9533845a43b2c7cf8bc79dd,49dc3c4d79846f3a6b260f4614828195,delivered,2018-01-22 14:38:21,2018-01-23 03:36:42,2018-02-08 20:28:53,2018-02-09 19:26:05,2018-02-06,924e12d85f9aaa1836dc75b9b47b1866,2018-01-22
e22da8f5aa7c1414020c647664a8483b,060d1aa4818f0382d6a4cd5549e63dc4,delivered,2017-04-10 14:54:45,2017-04-10 15:10:10,2017-04-13 09:22:48,2017-04-27 13:48:03,2017-05-18,ed266cb9c07a4546fb371302a8299920,2017-04-10
1fb66111a1c0bdc6fdaab7101429f9df,3036f3db9acbc09573e6b3d1b15ded84,delivered,2017-10-08 16:29:46,2017-10-08 16:42:16,2017-10-09 22:09:40,2017-10-17 18:29:28,2017-11-09,652362064dd477eca466820a2f6bbbf4,2017-10-08
4444b24c6acad48b8f3f43a18205cff8,9b77c21f0f0e900bd2bdf26a65ee9d41,delivered,2018-08-09 22:03:58,2018-08-09 22:24:52,2018-08-10 12:40:00,2018-08-20 13:54:32,2018-08-31,1175be9ac209d4aa54054037e4936b6b,2018-08-09
605cb018bbe790a8132db79998de4eab,9bf220b8bd3b9fe60ef57c537a1476a3,delivered,2017-11-27 16:31:25,2017-11-29 02:18:33,2017-11-30 18:28:05,2017-12-19 21:29:07,2017-12-19,1c3d7c636328b67e04868833bc52122d,2017-11-27
3d5857f4fdb1061d247dea2544782580,ceec04c1f9846950a467eee17ccdfb85,delivered,2017-10-25 14:58:48,2017-10-25 15:14:19,2017-10-26 16:48:54,2017-10-27 18:26:47,2017-11-07,34962563ebeec9ee2399336065fb09e0,2017-10-25
68231c7a35ad513fc1c82338d1682275,18cb08c917ab8bf5c3173da7e3a43d9a,delivered,2018-01-13 17:01:36,2018-01-13 17:16:27,2018-01-16 00:07:06,2018-01-25 20:56:30,2018-02-06,2e90591e274815f73baefdb9e11391b8,2018-01-13
cc18507fa6f7e2becd46712b03d1f51c,71f26a95b92285223eb7663ebc8ac5ab,delivered,2018-08-10 11:44:54,2018-08-10 11:55:13,2018-08-10 14:53:00,2018-08-17 18:04:42,2018-08-30,f53a5355dd9620f158d1716b6ed2d571,2018-08-10
f92cfbd80ead6ae168b77674a374b196,7166393c56bbf109b79189e2facb6d55,delivered,2017-12-13 22:43:16,2017-12-13 22:52:27,2017-12-14 19:40:00,2017-12-21 22:38:40,2018-01-22,0a4e9baf87eeb07bc32e09b711797cd8,2017-12-13
6d8699cc1bfa9e279a2149dc5ed26e04,58f7e662bb4f4196f1496f7428b5cb46,delivered,2017-08-23 12:00:45,2017-08-24 02:55:51,2017-08-25 12:23:54,2017-08-28 14:23:29,2017-09-08,ea8c650b1f2761afa875981cb490fb16,2017-08-23
b1726f5f5eee97d8fea5de3919216920,047af869a64d9d11c79cae050dea02b3,delivered,2018-03-02 00:47:01,2018-03-02 00:56:56,2018-03-12 19:21:34,2018-03-18 20:26:28,2018-03-14,f2b8d21b85eaa96118545d115c18f9f6,2018-03-02
219053fd0b52b800d2c901487d11ee93,71515ae407f2e4dd8ed76ceaa7cb6590,delivered,2017-08-10 16:02:23,2017-08-12 02:51:00,2017-08-16 18:54:48,2017-08-28 20:48:02,2017-09-05,a8b4638be62f959ec6b7cad229919b68,2017-08-10
7b232b239a1cddecaf6d757b4bb3a0ae,da0da702d34fb95a5be2d516996d6082,delivered,2017-08-16 13:35:48,2017-08-16 14:24:32,2017-08-17 19:53:13,2017-09-04 19:59:45,2017-09-14,384e3e0f5e8fcdde09f05168ee8bdac6,2017-08-16
90a0728a1ce3a04e661798e3db7d842b,d050ccd8fa4f60813134f7bb409ca04e,delivered,2017-11-24 19:31:32,2017-11-24 22:53:55,2017-11-29 21:17:02,2017-12-23 15:23:40,2017-12-22,ca88da1010f6292296729d4bf59fda42,2017-11-24
3e03b1d83d3900b822663724a388a410,5c460be259c9a70a1553efa96b294e8a,delivered,2017-06-02 09:28:25,2017-06-03 02:15:19,2017-06-05 13:43:16,2017-06-06 15:04:23,2017-06-23,7ccff7239174883e2ed56008ac04e184,2017-06-02
e9fb88ba8cd6b5d1e4812dbe24d2e893,e6f1d2f7ebe34ac3cdca5e628379e59c,delivered,2017-11-06 13:25:46,2017-11-06 16:33:30,2017-11-06 19:19:00,2017-11-08 18:21:29,2017-11-17,b790018858eedb8acf351b01ec841ee1,2017-11-06
4ea1a4c03356983fb0ac9ab44a7b03cf,b6b50cc057ac2920cd717ff1d6dd1fca,delivered,2017-12-10 23:08:28,2017-12-12 03:50:03,2017-12-12 18:05:36,2017-12-22 22:48:39,2018-01-09,f05124f0cbc15a2a4ab35a06cb86b9c0,2017-12-10
8616d2e4f9d29d0a08571be7ccf0acc3,7add403a697858f1a47857c3e396b54d,delivered,2018-05-08 00:14:57,2018-05-10 02:57:15,2018-05-10 12:07:00,2018-05-17 16:22:05,2018-05-29,12e7b097386af1c4279a1d3bc9bee056,2018-05-08
615cf04f32d0e674e960edda73584d42,a2f7313b28ba694103e5ae94043a2846,delivered,2017-09-19 10:49:11,2017-09-19 11:05:36,2017-09-20 19:34:09,2017-10-23 13:23:49,2017-10-16,a27dcfd7f0762a7e60773d290e9076dd,2017-09-19
cbbac32b13e7fbbcc8e815705213e1e0,683ee50297d69c35e07eb2fbcdc95737,delivered,2018-05-31 11:16:12,2018-05-31 11:35:09,2018-06-05 13:43:00,2018-06-19 21:18:52,2018-06-26,0165dc4e0c64d7c1e17757ab8676f213,2018-05-31
453d23c01dc7a572130a7bd307202429,c0cd13bc1cd404a4e41e887662df7821,delivered,2017-07-20 14:56:52,2017-07-22 02:25:17,2017-07-24 15:03:11,2017-08-08 18:07:47,2017-08-23,345759b8cb3d30586551de1ca6905df0,2017-07-20
a96b775bbe86a3032362da96d01ca9b1,3db1310d635a3c73f361d3d5e492b9e2,delivered,2018-02-23 16:51:37,2018-02-24 02:35:51,2018-02-26 22:05:15,2018-03-15 13:09:24,2018-03-21,19c317906dcce4869c8c905e206495aa,2018-02-23
32a49c5529ba09cb894b8a5ad185f8d3,d08871ff234e5960aa646002ef26f0d7,delivered,2018-03-11 22:49:48,2018-03-11 23:28:27,2018-03-12 20:29:23,2018-03-23 02:35:03,2018-04-02,0b443fc9b9241731f7d66e6ba1f3bd18,2018-03-11
0504c112cd5ef9650a65748c4dc380cb,e9bfa89152f63f9d38fd4dc978100ce0,delivered,2018-04-17 09:10:35,2018-04-17 09:31:22,2018-04-18 20:54:33,2018-05-09 22:44:37,2018-05-10,dba4ad448aa28c20665f6e71ec2a54e0,2018-04-17
793a2c4ddca6f26b9f06c056a96f9f17,9a7689668b3570dd860177d7ea481402,delivered,2018-04-18 13:43:52,2018-04-19 13:51:59,2018-04-23 11:48:53,2018-04-25 20:57:39,2018-05-11,21c5fd95a3c6aad7c4581a1088db2809,2018-04-18
8dad890455db66ffac6129c12a659b6e,23a749a15c5fbb6adfc59210e855f02c,delivered,2017-04-24 12:44:00,2017-04-25 08:15:18,2017-04-25 14:35:26,2017-05-05 16:23:01,2017-05-15,e6c3cfea63c4944655b1245001666f16,2017-04-24
0806cf8565810770735ccbff09d9d4c5,16894e9f92caa5eb04cb7a6caa17f076,delivered,2017-12-06 21:09:23,2017-12-06 21:30:39,2017-12-07 19:15:04,2017-12-21 00:57:07,2018-01-10,4baedb8d844cdc5d6a5a6f6e5a080863,2017-12-06
728a577861155d9f41746915e7cdd5f3,aaaef32968f77212ded9b31318d56dfb,delivered,2018-03-30 09:15:34,2018-03-30 09:55:19,2018-04-02 18:58:28,2018-04-18 13:07:09,2018-04-20,20139dd17ffae8bd2c669fdcf9f082e6,2018-03-30
351d5d1e18d0b2bc2024ff1655911dd1,78b9600a08c5e140638ea940dc41cf84,delivered,2018-06-01 16:49:17,2018-06-02 03:31:41,2018-06-04 09:12:00,2018-06-15 16:56:48,2018-07-12,901769b1d83c3172e6f1c4bfd8ca695c,2018-06-01
4636e6ea585a0b807447a165874cddd9,d4b77c3d658c49d2ca05b26bca941ec6,delivered,2017-11-15 11:07:01,2017-11-15 11:26:46,2017-11-16 15:33:23,2017-11-24 20:11:57,2017-12-06,288738b125150edd39c0dc1390978442,2017-11-15
7c7237e63d10d0c607774c08e171e8f3,22d4cd71071d2d6030648eb12c3036ea,delivered,2017-11-26 16:54:35,2017-11-26 17:15:58,2017-12-05 02:22:25,2017-12-18 17:53:34,2017-12-20,f16c7ab33edbe5e64b895c4f4409ff8e,2017-11-26
b5b86cc01a292ac6d17c3db9fc5abe30,2429e9ebc35dc8f2631d7b47d12c3dd5,delivered,2017-06-02 12:06:11,2017-06-02 13:05:38,2017-06-02 13:24:21,2017-06-08 08:52:51,2017-06-27,4ac8e61b1ca423148f2cfe31c8b8bd28,2017-06-02
f492adf6fc3491e8dc0076c2383e6afa,f419bdf38e151f30757599269559fd78,delivered,2018-06-11 21:18:25,2018-06-12 04:35:55,2018-06-12 09:30:00,2018-06-14 17:17:42,2018-06-20,dbd9958f00d1b27876df85274a491783,2018-06-11
1d9620d3304b1a785d94220904c4a33b,02dd94e5176a4d6b274f8cfc6666d184,delivered,2017-11-20 11:45:52,2017-11-20 11:55:56,2017-11-20 18:21:35,2017-12-01 00:29:05,2017-12-13,10b7d6b1cf97cc6cba1bb7b7e2931cf7,2017-11-20
c79d8859e60196e652856a5f2dd27da5,2ac8ec8e325fcd370871d1fb7e62f774,delivered,2018-02-01 17:05:51,2018-02-01 17:32:58,2018-02-05 22:53:17,2018-02-06 20:07:12,2018-02-22,21421ba1bd92005a3b48e6a745e9b8bb,2018-02-01
6e7e9fd0c7c9256e1119cbb95fd12bce,2c2917bd12c5663dde831f0a22df9caa,delivered,2017-12-26 21:14:43,2017-12-26 21:27:55,2017-12-27 19:41:41,2018-01-09 22:29:20,2018-01-31,01c289bb06354cdc7e6549570f20ada4,2017-12-26
e55650ed198645300501994955043aef,a1f313b024c7909e99246bf7f4e3e7a4,delivered,2018-04-24 20:55:50,2018-04-24 21:13:00,2018-04-26 07:03:00,2018-05-21 18:28:51,2018-05-21,4165f124b514ad4a34ec8d3e46e87fbf,2018-04-24
4cc275a83d9eace28626f30559570ba0,3bd9ef86e2ffaedbd8bb7c3fe0438c2d,delivered,2017-03-08 12:44:23,2017-03-08 13:10:47,2017-03-18 07:24:00,2017-04-03 08:36:03,2017-04-10,60f594984043fd2f99b024e41f029145,2017-03-08
8010e9e1fe4c8ef75f5a261f6ef9e748,65b9b5ce785c22668628edb304992629,delivered,2018-03-27 14:11:31,2018-03-28 14:08:52,2018-03-29 17:46:45,2018-04-09 18:41:29,2018-04-09,2ec20d01e0044bc8c80a9540cf156cb9,2018-03-27
0108fba93678555ad1cec9c267848187,8bbf21f65f542300bbf3ef6012820922,delivered,2017-06-04 21:48:02,2017-06-05 21:55:11,2017-06-06 09:51:45,2017-06-07 07:17:37,2017-06-19,6a5cf4459fd3a29f02b960b8f2d3ee7e,2017-06-04
f25d0a9da957de7ffe36398088651d59,d011b185f979210e275fec153f3245be,delivered,2018-01-25 02:10:55,2018-01-25 13:38:59,2018-01-25 23:52:10,2018-02-04 16:13:07,2018-03-01,1e69a7ade061300184ff903107daa599,2018-01-25
094fe1a1311bdcff558e373c756412d7,e89806410bcb033c5cb314490d6c5b99,delivered,2017-03-06 19:35:21,2017-03-07 19:43:21,2017-03-10 08:07:58,2017-03-16 19:17:58,2017-03-23,efab514af1ccc028dcbabd1f8d8cdf90,2017-03-06
d7d4afc3fb829c97bf4669cec420064e,d7e491aa011edd106624e71e844f2f4b,delivered,2018-03-20 21:54:37,2018-03-20 22:08:58,2018-03-21 21:05:17,2018-04-18 17:31:12,2018-04-16,f5928063091f4f64c66c07ce11f60876,2018-03-20
48aa82e857be5deaea8efb00a7847b43,8b0b7e9b7100d32941b3cfb34a613b46,delivered,2017-04-10 20:27:44,2017-04-10 20:42:03,2017-05-19 12:27:25,2017-05-23 15:28:00,2017-06-07,4bcd55806a03d0854780cd203355b2b2,2017-04-10
c58cff333993bb6b7161d7ec1350eef3,36298473367cf09c2706b2372508079c,delivered,2018-03-27 18:00:43,2018-03-29 03:28:47,2018-03-29 21:48:48,2018-04-06 02:32:49,2018-04-18,0d0f1e31059493a20be4ca95d218c6a4,2018-03-27
9bbba0c7c0a72b2fad487f353aa9af07,37ab85674e063047fd84ea82f76859de,delivered,2018-02-27 20:10:28,2018-02-28 20:08:24,2018-03-02 12:11:55,2018-03-09 17:14:48,2018-03-22,330c4e68e30aef93a1770963fa187078,2018-02-27
460a278fad430b5eff0e1a768bd2b331,4521ed229279c95de16ce2fb56dea907,delivered,2018-07-15 12:29:19,2018-07-15 12:45:12,2018-07-16 15:48:00,2018-07-21 06:38:35,2018-08-03,cc9ef29b787d60a27781755fc700ad64,2018-07-15
266b0e02c5f1de0a40f86f63180419ad,8b1a19c76c21ee813ce4e93237633be4,delivered,2017-08-02 10:20:03,2017-08-03 03:10:24,2017-08-03 20:27:30,2017-08-07 19:49:37,2017-08-17,319570c563033f7313d82b2c906c695c,2017-08-02
77721e12dbceb83c4788ae7feb888c39,3ad66ee22b948a3ef3c39e3f135b1687,delivered,2017-12-13 23:46:10,2017-12-13 23:53:22,2017-12-18 17:08:55,2017-12-23 12:18:29,2018-01-08,85d2262848da1dbfbdf98fa83ec0b087,2017-12-13
f4fdb235ce7c1f7d3eb1b2fdd3a4f610,841583c9439180dd784a95ad9498e34a,delivered,2017-10-27 12:50:10,2017-10-27 13:07:28,2017-10-30 21:03:41,2017-11-07 20:18:42,2017-11-14,3ff01063b5e9ac29b967bac52fa3fd33,2017-10-27
5fd99401d1c6e62d94afee10a1820622,4db0ecd4354b4c7042b9c913bdd59b77,delivered,2018-03-04 09:55:23,2018-03-04 10:48:48,2018-03-07 19:05:26,2018-03-08 20:11:39,2018-03-15,0d4050b922f53b37ad64e7cbd736bdbc,2018-03-04
7099539c7bec32e6a15a56bfbfa058ba,9f9e2a9952c8085a7fc40cb3ffbcf784,delivered,2017-09-08 13:48:34,2017-09-09 15:15:17,2017-09-12 20:52:55,2017-09-26 18:02:59,2017-10-11,8f90f5ad24e2257cd3887aa3cb9574a7,2017-09-08
79bcc8051d22d7df6b06a2043627ff5a,2bab5b74d0058d54987dbecb72c8c58c,delivered,2018-08-17 00:56:07,2018-08-17 01:10:11,2018-08-17 13:38:00,2018-08-24 11:22:28,2018-09-06,409b9ad422d4c4268bce0365f6e3fd38,2018-08-17
b549db79344ec0935332f80fda6b63e0,934dca5a58c68b147349a0ed86576aa9,delivered,2017-02-20 23:53:10,2017-02-21 01:02:09,2017-02-22 14:23:45,2017-03-02 13:38:53,2017-03-17,22dab429c0bfcf456d9a05f9e2b509ee,2017-02-20
03ee7babeb6e80cbb48962ce1719fcf7,0d3fd248b9091835bed29763f4eca9b8,delivered,2017-08-30 11:00:51,2017-08-31 04:31:48,2017-08-31 19:34:00,2017-09-01 21:26:41,2017-09-20,468594b34a196118b704963bacd30529,2017-08-30
7c49116d4145973db0932d0e6a18fe6c,3a5868db6eb6f9c8aab4656ba244857d,delivered,2018-08-14 21:53:02,2018-08-14 22:04:14,2018-08-15 14:31:00,2018-08-16 22:58:31,2018-08-22,e575913379fcdf7109c06d86e2370dc8,2018-08-14
0d72ea72bb291e23fc4da4324144fe24,b1bb127ce792d5bd572bcfecc6adb9ed,delivered,2017-08-11 14:14:14,2017-08-12 02:50:23,2017-08-14 13:36:49,2017-08-22 17:28:18,2017-09-04,e76b5511af55ea57be641fac4b41c329,2017-08-11
0743b54da8ffd8f7f9fe79fcaf006000,9d2a100b3989b4688a0498dc976946bf,delivered,2017-06-22 19:51:20,2017-06-24 02:30:19,2017-06-26 14:22:32,2017-07-05 13:38:32,2017-07-14,acc374bd9024806a83121b1d2565db2f,2017-06-22
bceae68488231cae8418713a4f1a5a99,2c3a6ec473549cb156fcf3756a60cbd6,delivered,2017-09-26 12:02:18,2017-09-26 12:14:21,2017-09-27 18:20:23,2017-10-18 22:10:30,2017-10-20,033ef844790de4ae0aa7dfdef85a5d2f,2017-09-26
92e3bc2d87e3b3c8d2357a4525d5af8b,80a60347757d086ce3c1d8c375c7b44d,delivered,2017-06-17 18:33:32,2017-06-18 18:30:08,2017-06-19 19:59:21,2017-06-21 16:51:58,2017-07-07,9b1fb6c5340404c81e330ae8f88869d7,2017-06-17
1439c73f16c16e5ec78a3b2ff4e4f73e,618fcce72f4fa2a302ffb7cac06dd84c,delivered,2017-08-24 23:57:43,2017-08-25 00:15:31,2017-08-28 11:37:57,2017-09-23 15:43:21,2017-09-20,dd73b672e6707bbc66ca2d839f39b52f,2017-08-24
1c860166a4ec1f520625c28e60d5b157,9265e8abf2494201b1d237dfc1e270e2,delivered,2018-05-08 23:08:40,2018-05-08 23:34:17,2018-05-09 08:33:00,2018-05-10 19:33:51,2018-06-04,a20cffe0c98b9e50d4e8d58ef32cf9fb,2018-05-08
4b69fe6557f0b4574967a8ccf31628f5,2429d9e3f4e102d447d0cecb4f39ef5d,delivered,2017-09-12 00:14:14,2017-09-12 00:30:15,2017-09-12 14:43:35,2017-09-29 17:03:33,2017-10-03,ab97436bb57a16a3bb83d3b1806b390c,2017-09-12
e9f3aab944b658f5f0b241fca193f3b6,82300dcbb75ec16bd16ef80e319ce42d,delivered,2018-03-22 16:43:27,2018-03-22 17:25:32,2018-03-23 22:41:33,2018-04-10 16:18:28,2018-04-10,9d8db59b355ae2df527ee6ed8821b6f1,2018-03-22
b27af682321527a6349f1761eb3f360c,9859dd92e872dbaa60ca3cd5f0d7ad07,delivered,2017-06-14 20:17:04,2017-06-14 20:30:08,2017-06-27 14:51:54,2017-06-26 15:45:35,2017-07-14,0ec0111adb427dd69d1803a42c15eca6,2017-06-14
4354009cedb567f304b9517e4801c22e,104cbafbeb71d47ad1b0859c555f690c,delivered,2018-05-10 19:41:33,2018-05-10 19:55:11,2018-05-15 10:40:00,2018-05-28 19:18:49,2018-06-25,f8f4221e2e685b9792b23bcba4fb6af0,2018-05-10
07f400658513d45866ee381bace93793,eff4884acadadcbad03182751f8aeaa5,delivered,2017-04-20 22:31:37,2017-04-20 22:45:14,2017-04-24 08:14:59,2017-05-09 11:44:17,2017-05-11,ec4cfcaca3f0e18ec622318b39263844,2017-04-20
367d9f6d184cf1d060d92bdc71810d2e,75baf74d97b2339e14e57681073a42ef,delivered,2018-07-21 11:21:29,2018-07-21 11:30:18,2018-07-24 14:21:00,2018-08-06 13:06:43,2018-09-04,459a68fbf277556ad8bc2343a06328be,2018-07-21
22481cdbb6f8a97cee4e2ba46d59c024,c8d6e2f404529ee75435754a20a88c9f,delivered,2017-05-01 10:49:22,2017-05-01 11:02:31,2017-05-02 08:11:04,2017-05-09 11:37:00,2017-05-29,3c5f60f053134a5cd182e558467fdec3,2017-05-01
e13402ab3dbd2908d54ce9cc67d40162,8fc068e919f1f4ed178bd040919755c4,delivered,2018-05-16 19:23:48,2018-05-18 00:55:40,2018-06-05 06:31:00,2018-06-12 18:58:44,2018-06-20,330d7392c0bb0f03bf59373f45e363f9,2018-05-16
3d5f593a3675d379285142d8c932bb6e,f656ac8f37b7201ead107c3dd7e82a4c,delivered,2018-02-05 11:39:46,2018-02-06 11:35:43,2018-02-06 22:38:25,2018-02-15 15:22:44,2018-03-02,95f9c485da51027740f0d60017c0f5d1,2018-02-05
27da527c266684c5bfb86fc601060406,950dfc01056942c9da37e17fe1ab71e1,delivered,2017-05-16 00:42:03,2017-05-16 01:02:32,2017-05-16 10:19:12,2017-05-22 09:45:58,2017-06-06,5b5a5a59f8308236b0ed364c3a973323,2017-05-16
202ecd14054c7ca8c26634abe19ace58,503c0a508e852f0479e3719b5816bacd,delivered,2018-08-02 14:09:57,2018-08-02 14:44:05,2018-08-03 15:10:00,2018-08-09 18:38:43,2018-08-13,34f15eaffb86fbc89f0f05b534986c8f,2018-08-02
2915c20e160084a923dcf4f9a1f62549,4783b65a62dddd8b10c8377605212bdb,delivered,2017-06-25 14:59:16,2017-06-27 04:03:20,2017-06-28 15:45:09,2017-07-07 16:33:07,2017-07-20,de050800ebbf6c4184f9b9612f9cdc0e,2017-06-25
fcd4159eeb371273ad224945569162c7,6285b5a7402c20ed44a33c852621827d,delivered,2018-02-27 12:54:12,2018-02-27 13:09:55,2018-03-05 14:19:44,2018-03-07 00:04:35,2018-03-13,e5de9758720581f20662470864b17182,2018-02-27
8aa5449c8eaae72c25e792d938fad002,7202f447b2ce41c395dffa31dfbe4351,delivered,2017-11-24 09:43:57,2017-11-24 11:13:00,2017-11-24 21:16:54,2017-11-28 19:51:44,2017-12-08,ae58e00a7d46b5ecea59c3d61fbab7fc,2017-11-24
30ac8b8782654d77789e93e42462fea2,b38fc5ae2f4598b70bc24505a0d818a0,delivered,2017-05-01 18:38:20,2017-05-01 18:50:17,2017-05-02 14:30:50,2017-05-08 10:06:03,2017-05-25,528667340b590d26ffa557637ac9700b,2017-05-01
ccf0360c8b7c2fbfd429c07b9d55b316,15767fe37ba4bd84e258440467cf084e,delivered,2017-09-11 01:56:47,2017-09-11 03:00:22,2017-09-12 20:19:53,2017-09-18 20:39:52,2017-10-09,217423feb3facd42e9449d35abb50109,2017-09-11
6397600035456e8e57cbcf89cdf7268c,eb15b32fe7190330e096562eac5308f5,delivered,2018-05-10 11:21:21,2018-05-10 11:51:37,2018-05-11 13:36:00,2018-05-15 23:08:54,2018-05-30,895d0298218c0deb5e1ef700f0293070,2018-05-10
15b8dab55a580b5e02a06fe73862d60b,36457bf11ff115bb8c485a44c4749c48,delivered,2018-04-21 13:44:11,2018-04-24 19:27:33,2018-04-23 17:32:16,2018-05-07 21:58:39,2018-05-25,1e0ba55381f0bfec675aecb3b18f2542,2018-04-21
05259e30e40e08eddb05428cb38ff248,90e3eeece77d494de02de58bc257b248,delivered,2018-03-18 10:07:36,2018-03-18 10:27:54,2018-03-20 17:04:47,2018-03-22 20:03:59,2018-04-05,b1324928500c7eb187957630199b6113,2018-03-18
d8b31a554d23223a2493c602bcadb81b,4b1d7911143320a2d3adfc593076d413,delivered,2018-07-10 14:49:27,2018-07-10 15:06:59,2018-07-11 11:48:00,2018-07-19 23:03:13,2018-07-31,d33c1977b1b45f05e4de8230d6074baf,2018-07-10
aa77456ca20becffcb4fa5a88e21129f,2210fda266bae8812dcd5d46dfe24df9,delivered,2018-03-31 14:51:51,2018-03-31 15:07:48,2018-04-02 23:24:56,2018-04-08 17:11:21,2018-04-12,fd37ac80bc8103365858fc039a64a534,2018-03-31
0006ec9db01a64e59a68b2c340bf65a7,5d178120c29c61748ea95bac23cb8f25,delivered,2018-07-24 17:04:17,2018-07-24 17:24:20,2018-07-25 11:02:00,2018-07-31 01:04:15,2018-08-22,7ed0ea20347f67fe61d1c99fdf8556ae,2018-07-24
e492e10592b04a630079ea69df092a82,b7b1e834c2314460d8f26402cd95cdd6,delivered,2017-05-23 11:19:13,2017-05-23 11:30:23,2017-05-25 08:48:31,2017-06-02 17:17:08,2017-06-19,0bd9f9da8253b657fe024591dc51158e,2017-05-23
b3976bdb4d46f967c8a100c54c76dd58,b961ab7b5e737c9101d64485c9e12a67,delivered,2017-12-26 18:46:28,2017-12-26 18:52:27,2017-12-27 18:32:40,2018-01-23 15:05:47,2018-01-26,bd142e219e9f3631475b3e4e69a69ff2,2017-12-26
89331d59a40d00a147e107abe6fd9778,8f6c75c93f78947bf1bfa93beadacf15,delivered,2017-02-24 18:04:56,2017-02-24 18:15:18,2017-03-07 09:33:10,2017-03-16 10:28:40,2017-03-23,5b0c89a62cb6acde91d22de804570689,2017-02-24
ca66d500112900d75968df9716752250,db3da8e7717f79f47d3c27890ca51dc2,delivered,2017-10-11 13:36:29,2017-10-11 13:49:14,2017-10-19 18:04:14,2017-11-07 19:52:42,2017-11-06,4702945c3b363dd3a5d1cbe913cc95d2,2017-10-11
30c81e4049d16861db007699a31d9a5e,83077f14414686e9a226bda8826ea461,delivered,2018-02-16 17:47:32,2018-02-16 18:05:26,2018-02-19 23:42:22,2018-02-28 20:32:15,2018-03-12,2fbc8418b1292dc78c14583a8e1386e2,2018-02-16
124a51eba46b576ea4c0bd1bc8342cee,e5c606a13a8c2014a8a850c4865ea497,delivered,2018-01-07 09:52:22,2018-01-08 09:48:51,2018-01-15 22:10:50,2018-02-09 18:58:51,2018-02-15,ccec447b7bdf3b2f5303e2dc6876ee8f,2018-01-07
5ae7a6fa175ab7b180b6c0142e5466e9,bc7b861ebaf4366268881e14b4a52666,unavailable,2017-02-03 16:08:21,2017-02-03 16:21:39,,,2017-03-14,2780ca41194612d0d21951f840107289,2017-02-03
5359005d1eec976195f2ccac2fc570dd,245d34e7c0f12c871d9cf7941a41fc9c,delivered,2018-01-17 12:05:57,2018-01-19 02:37:22,2018-01-19 21:54:58,2018-01-22 18:09:41,2018-02-05,898f9e5d271975c22949b9693239bd8b,2018-01-17
dbf28dc3dffa48ddd066ad50c10c54e6,955f2d063cdfaae046329347c44d8b3c,delivered,2018-02-05 13:51:12,2018-02-05 14:10:41,2018-02-07 20:15:31,2018-02-27 20:13:21,2018-03-07,a6a445134ee58809e8424ee2a6cc16bc,2018-02-05
db640157e1dcec75f26ab07653111cf2,3cc066496f34fb2db4ab8dc3b4fbec68,shipped,2017-12-31 10:42:54,2017-12-31 10:50:21,2018-01-03 20:14:20,,2018-01-24,5f2db0fa31237e2351e2f0923dd04c9e,2017-12-31
00024acbcdf0a6daa1e931b038114c75,d4eb9395c8c0431ee92fce09860c5a06,delivered,2018-08-08 10:00:35,2018-08-08 10:10:18,2018-08-10 13:28:00,2018-08-14 13:32:39,2018-08-20,af861d436cfc08b2c2ddefd0ba074622,2018-08-08
d1906aaa99334bb372ca6bb31b8ae5d5,c374b0cc201a392bd2bac0b599803469,delivered,2017-11-08 10:47:21,2017-11-08 10:55:32,2017-11-10 14:46:38,2017-11-13 11:42:00,2017-12-01,b8916bc2a46ce5e61f143f19f56ea1f8,2017-11-08
4eb2ff9ddc8c3a30a20b59bce294e136,2c5e1185431df52617065707c0e1c742,delivered,2017-08-09 18:33:18,2017-08-09 19:43:39,2017-08-14 12:48:47,2017-08-28 14:56:46,2017-09-04,fa12682bc91b5d8ec8f36d8c15b86afc,2017-08-09
f47660d3918724652c1d5a32c5724147,8a95b8c735c90ebf4f9f491e1d394e9f,delivered,2017-10-15 03:24:51,2017-10-17 04:08:23,2017-10-17 16:43:04,2017-10-23 18:17:34,2017-11-22,2d6c92e215e5e67fa22737b6c75df406,2017-10-15
8f8cf49b9bbb4c2344382d62362e2c4b,9cd29c8183b0d26d285255515ec01b3c,delivered,2017-11-30 13:57:18,2017-11-30 14:17:20,2017-12-02 00:58:36,2017-12-11 19:13:57,2017-12-22,637263c3bd8fa41213e5485783f8b8b8,2017-11-30
7b46ef3113a4b5ca5e06eb8ac14131c2,893ab218533ae69e11ea359251e3f2b9,delivered,2018-05-03 18:50:56,2018-05-03 19:10:48,2018-05-04 12:00:00,2018-05-09 21:47:42,2018-05-29,b66d371019167bf179939648be12f2cd,2018-05-03
b28172a3fb839825322c132046f1bd8d,ac0f463cf83ca59742bdb8a44a864619,delivered,2018-07-25 17:17:35,2018-07-25 17:30:13,2018-07-27 08:55:00,2018-07-31 20:31:54,2018-08-03,e27b1ce1665ecee46658235b3b0e0c7d,2018-07-25
b2059ed67ce144a36e2aa97d2c9e9ad2,4e7b3e00288586ebd08712fdd0374a03,delivered,2018-05-19 16:07:45,2018-05-20 16:19:10,2018-06-11 14:31:00,2018-06-14 17:58:51,2018-06-13,060e732b5b29e8181a18229c7b0b2b5e,2018-05-19
e56d88cbec1f6fa11c71a07941433b0c,ee293069056334e9b2076d69f4dfc367,delivered,2018-01-23 22:34:33,2018-01-23 22:53:23,2018-01-24 21:51:34,2018-01-26 23:28:55,2018-02-07,b25ff7d6964d189833a66f4f2f8b2f7b,2018-01-23
74c7716ab7523de71a5bab869d6a0055,9ed1e8dd585793101fbbc5f1d8686e39,delivered,2017-11-27 16:07:04,2017-11-27 16:15:31,2017-11-30 21:33:18,2017-12-09 16:58:34,2017-12-18,5eb4bcb3697ed797f0e1369de190546c,2017-11-27
8f7674bbcb64b16e52d28222db9a3263,8ef74d7f7464fef1901ef5333791ba23,delivered,2018-04-02 13:00:31,2018-04-02 13:10:17,2018-04-03 15:26:45,2018-04-06 17:37:00,2018-04-18,6ce600e7df782410b29d2d7c4ff77865,2018-04-02
17f1909bbd1c04e12d122bfb43ea383d,f6f506de3f3a33667b37e7a64d60c173,delivered,2018-01-12 20:15:21,2018-01-12 20:25:31,2018-01-17 17:30:21,2018-01-30 21:42:42,2018-02-20,4c381c12a73e57e6bce1a48dbff56ce2,2018-01-12
df9deeb3f35f5f1f50697012b7bab129,22f376753863f196880ee0a11aead3e1,delivered,2018-01-13 13:36:23,2018-01-16 04:31:07,2018-01-19 01:58:40,2018-02-02 01:06:08,2018-03-02,f170c6e04c4cdf9219fc5c669b10f506,2018-01-13
e1ec9566121e686526654847ac92397c,e6ffef20b193cbdbbf025b02799e075f,delivered,2017-10-03 21:23:41,2017-10-03 21:35:18,2017-10-06 17:52:27,2017-10-16 18:23:05,2017-10-27,cd5d6c1eb693bfbe3814dc71543719bf,2017-10-03
2e6ca1196243627f2157c673a686ba36,a8d898ec43cbfd26e92a6563298b8abe,delivered,2017-05-22 23:53:04,2017-05-23 01:05:34,2017-05-23 11:41:56,2017-06-01 14:12:02,2017-06-09,88bd88816f526f8e1db88c39994527a2,2017-05-22
5000db43709b8a1e13f508043ff281c9,8f43eeb988c31213d67b0807a9b6f193,delivered,2018-04-17 17:08:56,2018-04-24 18:58:37,2018-04-23 18:16:56,2018-04-30 22:34:30,2018-05-11,1c40fb89a5bf8bf7a40dc6912d94935b,2018-04-17
feedf8f109c19b01f36d6d87eb1e5dbc,1fcba89e5e84c66022ab9c144cd9d461,delivered,2018-05-21 22:01:13,2018-05-22 00:57:17,2018-06-04 16:03:00,2018-06-21 15:11:52,2018-06-18,8447fb0ee2ab6850b3816682b498e25d,2018-05-21
23289a87ad267a113c014020edf79ea2,d7f5c766748d1e31c16f498e25bfa6f3,delivered,2017-07-06 10:10:16,2017-07-06 10:23:41,2017-07-06 15:35:41,2017-07-10 19:43:25,2017-07-26,8c0420c77ac9047d2e13902e2fad5275,2017-07-06
b54b2577f6ecb6dd8fca5890dfc26633,0c9a9d3156fbb9d6d4d2ecdf35c8888b,delivered,2018-01-30 10:23:03,2018-01-30 10:35:37,2018-02-01 19:38:45,2018-02-05 12:32:32,2018-02-26,c06a73a09a574512394fdd78ba568c18,2018-01-30
666be2ff7fdde94ab68358d3e33560ef,e2a0805753be3111ef9bf82401bf85d1,delivered,2018-05-08 16:39:50,2018-05-08 17:35:09,2018-05-10 12:38:00,2018-05-14 14:48:49,2018-05-17,6fe3cecd4de549447dcfa980902bbba5,2018-05-08
63c7797265c51bbc8aadc80de737f96c,1ec6f68e0e15f6848170a20f29532b30,delivered,2017-10-26 12:58:12,2017-10-26 13:14:22,2017-10-27 15:23:38,2017-10-30 23:18:58,2017-11-08,271141f2a70555d8f612d963650c45b8,2017-10-26
5eff8994dd7178d8d878ea3d8f8b195a,8423fad39937957cb04dd5528c746a4a,delivered,2018-05-07 22:57:58,2018-05-07 23:12:37,2018-05-08 14:51:00,2018-05-11 23:19:36,2018-05-22,be7e5ff8a8365022c9efac551c7c3a49,2018-05-07
b684861615924ba1b3d4c803a0129459,a06b6cb5d7c009502e975ccbf281e0ac,delivered,2018-08-18 17:45:45,2018-08-18 18:09:49,2018-08-21 11:41:00,2018-08-25 16:58:29,2018-08-29,9b974e428ce09e822df7ba82b5a66b1d,2018-08-18
4b641d699688dcb4ede9708f83bd3b5a,a8a2c8dc31f3cc955531ea05c18e9bc4,delivered,2017-09-30 19:35:56,2017-09-30 20:14:17,2017-10-03 00:51:17,2017-10-16 23:24:58,2017-11-03,7fd381bc723648d89f47ac6424267358,2017-09-30
534129d1bbf7f748aed61a2f41c3534a,4e20298ef5b5b21e8e721e7fe09289d6,delivered,2017-11-17 21:56:36,2017-11-17 22:07:50,2017-11-22 20:56:49,2017-11-23 14:18:55,2017-11-30,a320d5aec693b8f5f0023d9f8238eb53,2017-11-17
6ca46f2b9a1592929647682510800e0e,13bf775a749925a15ef7cc1985b564f1,shipped,2018-08-24 17:02:19,2018-08-24 17:15:10,2018-08-27 15:15:00,,2018-08-29,ff22e30958c13ffe219db7d711e8f564,2018-08-24
ae16a4774354e48d2a9a8c43c685b30d,b5c8b2cf65bd49d6d1462ae6489fea43,processing,2017-03-04 20:05:28,2017-03-04 20:15:21,,,2017-03-27,934e91b0e98dbbeb3649cb1091cca051,2017-03-04
a59a15e4b6085c752d338431dc68d464,2047d319716b4d8b858394394eb760de,delivered,2017-10-18 08:47:45,2017-10-18 09:06:21,2017-10-18 21:13:52,2017-10-31 15:23:57,2017-11-13,10392a29f932eb4ba6c6483ce413efd1,2017-10-18
3656e5952194117e323c383e559941a3,881c33e67e834bcd0e7229a37c674c13,canceled,2017-09-15 09:29:20,2017-09-19 03:37:51,,,2017-10-05,f7e41e48e45dfb7643f171b5993cf54c,2017-09-15
ae577e9c807a2335fb55c903ca5e90fc,b3f223f6d6a12d794c2ed30c717998cc,delivered,2018-03-20 21:36:47,2018-03-20 21:48:47,2018-03-27 13:06:18,2018-04-02 22:51:21,2018-04-13,46be49cfce3fbd2167700e357f23ef29,2018-03-20
477506ed85684990371c7d22a1f5a75d,f53bc3b088919787f72a0d8492ed679c,delivered,2018-04-09 21:48:58,2018-04-10 00:12:22,2018-04-10 20:03:11,2018-04-23 16:21:06,2018-04-26,88392203b5e585059ff88086cceecc03,2018-04-09
939000c8ddbd3a61d9038479d0be4009,ffbce3fb7ec0f4543316155f6d985841,delivered,2018-03-27 18:22:28,2018-03-27 18:35:19,2018-03-29 19:59:00,2018-04-04 23:47:39,2018-04-16,7cf29b092bf627b4137ae5ab7e48f477,2018-03-27
e6baf197cf97695698df42588f7c0d05,6de6afd678709a0576958f186be099a6,delivered,2018-04-28 21:31:06,2018-05-01 05:55:20,2018-05-02 12:18:00,2018-05-03 15:56:35,2018-05-16,ddbdedb6b22d4e6743755970c5d221ba,2018-04-28
048f3e9b77a965f84a501a7f29076128,78a198d1efd0b8219f1be948094c5ff0,delivered,2017-07-28 00:35:02,2017-07-28 01:20:06,2017-07-28 17:45:44,2017-08-02 21:06:12,2017-08-17,411e50bb0499cdfa9748d32ca6f7e92d,2017-07-28
803d00122f7202a5dc14ec896930c5a2,1092e3509e1abf967bdb283b72484323,delivered,2017-07-08 00:22:49,2017-07-11 03:50:24,2017-07-11 19:19:42,2017-07-18 18:06:58,2017-07-28,68588530b1cd45a37ec5d1896bc5138c,2017-07-08
51624e6ae1a0491539baed0f69d34230,0126c89d5a7c2b7b2bda098668c7526d,delivered,2018-03-21 21:06:54,2018-03-22 11:35:23,2018-03-23 19:02:19,2018-04-03 16:56:48,2018-04-12,56727e990cb63b930b63d8bcbfa08ffe,2018-03-21
c5585ae33ee215aeee0d7f9aaec67cde,5575494798cac6f28d4da41aa44b44c8,delivered,2017-11-28 10:56:27,2017-11-29 02:20:00,2017-11-29 18:03:00,2017-12-11 20:47:09,2017-12-19,35275bb2b340c4f4a51845f26f7225da,2017-11-28
ad635e6771f7a11f6ebac2e8a4260bf9,3b97b6044056ec33bfcd32e29de651cd,delivered,2018-08-10 11:23:10,2018-08-10 11:35:19,2018-08-15 14:15:00,2018-08-16 19:38:45,2018-08-24,695fe92fcf628afb36e8fe30636bae7e,2018-08-10
fb7a9e3e0ff0d94790b472206462f2de,cec58a230b3feb0e56a802540eb8b28d,delivered,2017-06-15 07:42:43,2017-06-15 07:50:14,2017-06-19 14:56:01,2017-06-19 18:46:44,2017-06-29,345d82427f12013241a1b2ef4062c28b,2017-06-15
d1bd65aed378a00706c69353b62cfa2b,20448f1113010adb640892ed126e7ef7,delivered,2017-05-28 16:38:23,2017-05-28 16:45:14,2017-05-29 08:21:52,2017-06-02 12:23:48,2017-06-21,562283d5909a15e58ddb7dcbe3f7091e,2017-05-28
f81f3d776ffdcb6331fbc140d5a1f2bc,13cfc8ca4d68e6c93fafd25df60775a6,delivered,2017-10-14 19:10:34,2017-10-14 19:28:10,2017-10-16 20:58:38,2017-10-26 18:53:10,2017-11-10,b7946daee74dd2a86aca694b8ae5f715,2017-10-14
850df8d2d9f6606dc127956ac3ce70bd,f0da7047cc3d5cf5a2e12d48c5a3c683,delivered,2017-08-30 12:31:55,2017-08-30 12:44:19,2017-08-30 19:06:21,2017-09-05 15:15:16,2017-09-18,51d074c920786eb8d12d35f5a737e4ca,2017-08-30
778b4dadb2f8689ce7d6eb743e53acf2,07fb98a746604f5d2c24f87adf807431,delivered,2017-11-26 18:14:49,2017-11-26 18:32:27,2017-11-28 21:48:33,2017-12-04 20:04:05,2017-12-21,95b4427977c544fe23e57521881ae7e4,2017-11-26
5034308872e3b0e7c30ab14859feef53,b4bade0909a2956cbeef036f6fd7b95e,unavailable,2018-01-18 17:41:34,2018-01-18 17:54:08,,,2018-02-09,866d6f4be080dca2563139c043804db9,2018-01-18
0b912988b29c93bf79e780956d8d309c,898d5e5238863a03c7e476003490f40c,delivered,2018-04-19 16:23:07,2018-04-19 16:35:21,2018-04-20 22:25:34,2018-05-07 23:26:48,2018-05-15,44733fe173f346686092191f6ab4feed,2018-04-19
8921107bab33ea7cd390f1893ac6d643,7a809137201538510f118a593895636b,delivered,2017-11-28 22:26:12,2017-11-30 02:25:48,2017-12-04 22:58:58,2017-12-06 20:07:54,2017-12-12,f8b06667d3fcd80d576c5402652b35d5,2017-11-28
ea8d1e7bfa0a8f264082703401aafe11,64de25609e79914590d78c38330ab2f7,delivered,2017-09-11 17:20:38,2017-09-11 17:50:22,2017-09-12 20:51:36,2017-09-18 20:22:27,2017-10-05,4b007bdd91649f684a6140f6645bbbc7,2017-09-11
3bb01fb597afee976918577ed7697c80,1ccd718594a5661a5b07dae0ed7b5e59,delivered,2017-05-25 15:54:41,2017-05-26 16:02:48,2017-05-29 11:55:55,2017-06-19 18:37:42,2017-06-14,c803385049057260f738c18c12749747,2017-05-25
52363fd30a7df27f6789c3d086f4aa0e,4515197a9cb2fa62285ccf9a2ccc148e,delivered,2017-06-18 20:46:13,2017-06-18 21:03:47,2017-06-22 16:23:04,2017-06-28 13:35:36,2017-07-17,5b87097b1bf3d4c9234bfcef45c6c8b1,2017-06-18
f046f702f9cb0684a1c673664440bb22,c262a18dfc688f7d8792e90f6408dcd0,delivered,2018-04-11 07:39:28,2018-04-11 09:15:12,2018-04-11 23:48:27,2018-04-27 12:38:45,2018-05-03,9e1aa59675b1a4a28f87894dac4cf915,2018-04-11
ff207aa3493754ffcea819b8c0c0dbb5,ac3212e805cef78bb3b1eba49e8587fd,delivered,2017-12-29 12:06:43,2017-12-29 12:16:20,2018-01-05 17:22:25,2018-01-11 15:04:19,2018-01-24,5e7def8a4af54e8312620aa5b8c78921,2017-12-29
2631d6c1ebced155e8a1b4e87439161b,96b8c8d2ce1156120d01e8fd16e40fc0,shipped,2018-04-18 11:12:24,2018-04-18 11:31:48,2018-04-19 23:18:21,,2018-05-08,eec91ec194f2882b32ae422432157fc8,2018-04-18
81fd075e4c7bbc4370a3467b89d28cdf,a32acf5a04c789b2136538fbac2e72bb,delivered,2018-02-15 21:11:46,2018-02-15 21:26:33,2018-02-19 15:13:07,2018-03-24 00:21:34,2018-03-27,8fde23c288a8869e91ab02eb4fedfcc2,2018-02-15
612d140e314dab491efb33ec8219c2ee,f6af2b95b6be76fe88673d0a62a7db2f,delivered,2017-10-18 13:34:48,2017-10-20 02:49:40,2017-10-20 19:23:06,2017-10-25 16:36:09,2017-11-06,310647380793836bfa5b7b6b3f518423,2017-10-18
9ba0165adc8f80295e82cb5418788889,ca0cbc348ce930d599f8dabcb7436bff,delivered,2018-05-27 09:34:33,2018-05-27 09:50:26,2018-05-28 16:16:00,2018-05-30 16:18:45,2018-06-21,50f6877bbe14e89c1727bfd22ff3775e,2018-05-27
4b6e9f4a9064668e8c026bf9409993de,188e79c8a44386f6a6ba355783b56a93,shipped,2018-03-09 18:01:07,2018-03-09 18:10:38,2018-03-14 17:42:34,,2018-04-09,559c5ec4792aa8e44f53927870b23cf9,2018-03-09
f5b14001d7b69026a8e08343e5f4c423,1e28d41a63a43b00df36d4c67bfb8684,delivered,2017-07-29 09:50:31,2017-08-02 02:36:46,2017-08-04 19:21:16,2017-08-09 20:59:43,2017-08-22,734f8b4d6e595fffb4643626ae2b1007,2017-07-29
556b640fe8c3c509b624e3d5ef9a78a5,ccc5821463fbd357e2d36e0da6dbe5f2,shipped,2018-05-03 21:09:38,2018-05-03 21:33:08,2018-05-04 14:34:00,,2018-06-06,27d99d98f4a45946cc30e40e417db989,2018-05-03
09ec3f2a1a1ec11f2245a4538a00eae3,b90da3164c845cd3f902f2c377a4fa86,delivered,2017-06-19 13:17:06,2017-06-19 13:30:20,2017-06-26 17:35:37,2017-06-28 15:42:08,2017-07-10,b405e3156bea0a8357952361f85ba3cc,2017-06-19
35f0d58e9c3e7e51c5ed9b744b0cb90b,1951367318fa142478b26c0fa8c0c136,delivered,2018-03-29 07:32:59,2018-03-29 07:47:13,2018-03-29 22:14:55,2018-04-12 17:52:47,2018-04-20,b8ec5eae8e8c865f3ad5ea2528aac3fe,2018-03-29
dbf8b46f6dad6cd41ed7e06b5dcbf4d1,9339fff4d569ea2da62a6a373f68c5a8,delivered,2017-04-25 21:57:31,2017-04-26 22:05:12,2017-04-27 17:38:03,2017-05-10 20:57:42,2017-06-01,336b1252ca773208d3417522d53c84b8,2017-04-25
9cf62f240f501435b77f4d448a2b5f39,6b2841f584f046ce582a6a12ca0ae051,delivered,2018-02-04 13:30:00,2018-02-04 13:49:11,2018-02-06 22:26:45,2018-02-07 20:57:38,2018-02-21,190b15167c091bf6e1c1e79a5c5af8e4,2018-02-04
9bac85c16dd5e1a5836d8b0b9d8877df,f122107bba8fe14e1ef0304dc14b99ab,delivered,2018-01-18 15:26:37,2018-01-18 15:38:32,2018-01-19 20:15:05,2018-01-27 16:25:39,2018-02-15,effecf2e702b13058b6ca07a0a649691,2018-01-18
34cceecb116e314cb7f554bb3ee1db08,2495f2c0b621406897c5df5437666a06,delivered,2018-06-05 15:15:55,2018-06-06 09:51:03,2018-06-06 15:19:00,2018-06-07 18:52:38,2018-06-29,decb307ddea7099666fdaa07689ac885,2018-06-05
8a456a91c540561a48650b2954977017,cfd1690eb3ab3c9a53d711bed4ebf9dc,delivered,2018-07-20 16:22:57,2018-07-20 16:35:13,2018-07-23 09:50:00,2018-08-02 20:09:43,2018-08-15,248b7cede37b4c9d2800654c5c022a71,2018-07-20
b78c17a6974789efd7a5a0cdaead0704,226be7b82ca0f5e20c1050e42ade76ec,delivered,2017-11-15 12:16:16,2017-11-15 12:26:31,2017-11-16 17:27:15,2017-11-20 17:42:16,2017-11-29,a3d6111a61ee337b1de729d6a0a3c84c,2017-11-15
58ad8c9795c17d85d9005b42f7c3d14f,59993ce71f47d61ef6fa01687e8c48e8,delivered,2017-11-14 23:19:40,2017-11-17 03:55:36,2017-11-29 18:42:08,2017-12-04 20:27:23,2017-11-29,748ff039820a309f68d0ca5d57ba60b7,2017-11-14
cdf0571d960505817e8a525040584ae9,04e0f25cc5098641d43654cbb7e73f6b,delivered,2018-06-24 21:36:08,2018-06-24 21:58:30,2018-06-28 15:41:00,2018-07-02 16:24:55,2018-07-20,51c4c9378d32e822b9dade00eaeae998,2018-06-24
af3b01e3241714b3e97093047a467db1,6ecc28fcc2fc38144c26e9eb3a037d9a,shipped,2017-05-21 20:59:30,2017-05-21 21:10:20,2017-05-22 13:06:10,,2017-06-26,98d560cef5f3cb9f5405580488338871,2017-05-21
a6d412851f5ec3967d9664d3654be93f,b104f8e5aae38a58aec1bc28bb05ff15,delivered,2018-08-13 08:34:05,2018-08-13 09:04:24,2018-08-13 15:47:00,2018-08-22 21:18:53,2018-08-28,f34f3c6c4bfe650689b22e5ba7a92888,2018-08-13
781e1ca4fa47961d2d8aaa899b3844a9,e443a16cb8c9de00c7fe871c07c722da,delivered,2017-12-03 21:19:05,2017-12-05 10:30:56,2017-12-05 15:23:22,2017-12-29 18:18:35,2018-01-02,62571cfc1e7bc956d34304b50e67167c,2017-12-03
266afa038ae840df982e7b896e48ae62,8aa46663a5809f942f683501ce3606c7,delivered,2018-02-01 09:43:22,2018-02-02 09:53:13,2018-02-05 19:42:25,2018-02-09 20:58:48,2018-02-23,0a393639a9f1e2504c5509eef49cbebd,2018-02-01
2d715895d98aa1a83c1e48b9ce8bfef0,bb36e48b18ee7208b8a832490e8b9ca7,delivered,2017-12-20 22:30:04,2017-12-20 22:39:24,2017-12-21 23:23:34,2017-12-30 10:30:07,2018-01-15,43c82245d9a277c68978713e3d4fb1a1,2017-12-20
78a2585efc5ce6a204caf53a19ee4599,e78a8cd054af582ed4b9a2243efc2152,delivered,2018-03-25 15:11:00,2018-03-26 15:08:51,2018-03-27 19:27:00,2018-04-03 13:05:20,2018-04-16,53da7f8bf02914cdd2c23bf9867f304e,2018-03-25
fb6d9f2b63d335de19b9df4b1c4a6f51,a8f5f338424e31f8352a3969e8c40a73,delivered,2017-11-25 16:17:31,2017-11-25 16:33:06,2017-12-06 13:52:26,2017-12-18 22:29:15,2017-12-15,fb43f7ed2c5c1390f51720ccf1a9bb68,2017-11-25
8bec10779c439cbca16b5d86fae19f72,1fa8883eaf19c9adbe1ca73b326f9a34,delivered,2018-02-13 14:44:19,2018-02-13 15:07:58,2018-02-14 19:12:33,2018-02-24 16:26:53,2018-02-21,233a824b1abbd1a1e4a3b034db7020a6,2018-02-13
4fb940c1dd0d52bdd810288027151f9d,30704e074aedd9c8a2f97e3cde9c101c,delivered,2018-03-23 10:10:23,2018-03-23 10:29:04,2018-03-23 23:04:32,2018-03-27 00:48:37,2018-04-05,ab671adcabf84b4f23938a0d20744ec4,2018-03-23
d4fea11ff5517f07ba8cd4220302d1fe,8970ed2a42455d59af7ca18d17aa8b8b,delivered,2018-02-23 22:11:52,2018-02-27 04:31:23,2018-02-28 00:09:00,2018-03-06 20:57:53,2018-03-15,b92521a4c53914658017fda4e09397ba,2018-02-23
2dce16f88737c679c4fddab2b2cf88da,6c24d5af84017a7f107d5339f00e25e3,delivered,2017-08-10 14:25:36,2017-08-10 14:45:11,2017-08-10 21:58:31,2017-08-26 14:18:58,2017-08-30,1f7fccff258c4c642f0cc302fc49e592,2017-08-10
26b4d5acef7d1ea2ca51d3836df08d78,16e83b87239bff66ebddbaa1028feb83,delivered,2017-03-11 09:35:17,2017-03-11 09:35:17,2017-03-14 12:39:25,2017-03-28 15:53:52,2017-04-11,b4b93208f74738929b257289b4fffb16,2017-03-11
bba17d97a5a45416d0782d5d07fe740d,9a4578c9dd9dce6517d583cb5eca0276,delivered,2017-12-05 09:13:27,2017-12-05 11:13:25,2017-12-05 19:28:41,2017-12-28 17:43:15,2018-01-02,1b6c7548a2a1f9037c1fd3ddfed95f33,2017-12-05
272bcd7b520b3a4628acadb461400675,b7f396c9fd13888c4ebe7f73435525b1,delivered,2017-02-11 18:42:33,2017-02-15 11:32:39,2017-02-16 14:42:56,2017-02-21 11:04:15,2017-03-13,fa3252e1b283ad5fe9d5d43a4a234900,2017-02-11
0547cd893959df1f7e54aeaee4368577,68491aa52cafce7ca8cfd1cfef3681d4,delivered,2018-05-02 23:31:12,2018-05-03 00:50:13,2018-05-04 14:40:00,2018-05-10 16:08:26,2018-05-23,362dfd5054d601e41fefddc74af853da,2018-05-02
4c7278311a8fd4a51374e5577ef92e27,63f8ee2920f8fc95277d251b1f0783a1,delivered,2017-12-17 11:57:41,2017-12-17 12:10:16,2017-12-18 22:08:15,2017-12-21 01:41:40,2018-01-05,db07fd2ad9869f8356b1fbeefdac31e8,2017-12-17
4d66d84298606d4fea8ade08c8b66d9a,3751365025252835e2abdf0b0405b6a0,delivered,2018-01-18 17:07:14,2018-01-18 17:19:33,2018-01-22 11:47:31,2018-01-29 18:18:49,2018-02-08,fef38f31c1033d70cf500c2385d5ff06,2018-01-18
7c7fe53f2fdb00627f75d98690d753bf,f1b2c0104dbd388db6988523bfc1187c,delivered,2018-03-24 01:03:53,2018-03-26 09:10:14,2018-03-26 20:52:15,2018-04-08 18:31:03,2018-04-23,55886b0da0e1a4c9e753f3250419c0fa,2018-03-24
bb7c0440a98c76223de17ef728484ce5,823e4298ffc2c644adfed042817a8322,delivered,2018-04-04 23:27:37,2018-04-04 23:48:29,2018-04-10 01:12:53,2018-04-11 19:04:47,2018-05-11,078411797c626f6c0d8be1ac4858fe36,2018-04-04
ac9c563c1293db37e4a035f8ee3763db,901c413984e6a191582753a0a51104f0,delivered,2017-12-04 14:20:05,2017-12-04 16:48:39,2017-12-14 17:54:50,2017-12-20 09:12:42,2018-01-05,91dc92aa21acc446f71c96dbfc7f0bdc,2017-12-04
614c7adfc74985b5d111c1e38f0ad0cd,01a51dab2737347e9b62bd2616a16d22,delivered,2018-07-29 12:03:31,2018-07-29 12:40:05,2018-08-01 12:46:00,2018-08-07 21:56:29,2018-08-21,b326e628704a6e2662dc4471885fe112,2018-07-29
3d0c0f6ab268b67176fd58927a08b69b,92c997e26fcb5d0c3d7677dd64830c29,delivered,2017-05-06 11:26:35,2017-05-06 11:42:23,2017-05-09 07:59:49,2017-05-16 10:52:20,2017-05-29,d0ba7b5b94efc995706e1219e9b39081,2017-05-06
a1310bb1b602cdcd8aeec03a52c4a286,7cd4fdbf9ebd24da18652aff9f9137cb,delivered,2018-08-08 19:15:04,2018-08-08 19:30:15,2018-08-10 09:54:00,2018-08-14 18:37:52,2018-08-22,b8e1f9329cc7905afbbfb0f4d65086ba,2018-08-08
4a53124ff0021d4eb276c76766d45f71,aa850ff40d565e7dd78c9531f875b32f,delivered,2017-10-09 15:53:41,2017-10-09 16:07:26,2017-10-11 18:02:46,2017-10-17 19:35:05,2017-10-26,e2413f114b705e5bad4db3f5182663c8,2017-10-09
8f4af5bc8345e13d9b92eb4d75aec7d1,2ad234fffe8a656d1585f96cba385dbc,delivered,2017-07-18 11:10:37,2017-07-18 11:23:47,2017-07-25 19:12:53,2017-08-01 19:13:12,2017-08-10,bc3a1632864ef4e9a2b23ee33eceaf87,2017-07-18
4c9030a09c44d1059676919ef4b11265,18d40b039819845ba47e637971b75735,delivered,2018-01-13 15:18:32,2018-01-13 15:29:04,2018-01-16 20:43:37,2018-01-25 00:36:38,2018-02-09,5042843e7dd9fa9d4d8dd7da52f15f14,2018-01-13
2ca33108764fd34547c251d1a4ad73ef,155314da9787559f5ca430c76dcb68fb,delivered,2018-05-02 21:37:49,2018-05-02 22:34:57,2018-05-07 12:53:00,2018-05-24 14:38:48,2018-06-06,c0d0f7e3892d65148b9daa195c577b03,2018-05-02
983213a9301fa00262c06b85e30b3530,6be111f5fe0161f03e8eabc3b8df2e9d,delivered,2017-08-13 16:55:17,2017-08-13 17:10:08,2017-08-14 14:58:00,2017-08-18 17:44:00,2017-09-01,7aff93c6683b0322529108a8e9a990eb,2017-08-13
94e050666a9b391d3aab71554fe12421,66631e40bb70105ec13118c26b650735,delivered,2017-04-26 14:54:02,2017-04-26 15:05:20,2017-05-02 11:27:33,2017-05-08 17:09:54,2017-05-16,080e9f068e464dd0fc1a7bc98425b12f,2017-04-26
a994ff8265aed38e21cb63b2d8402b09,bc8d0eaead98c6ac8afc8ef41f1f483e,delivered,2018-07-01 10:38:02,2018-07-01 10:50:13,2018-07-03 13:22:00,2018-07-10 19:21:25,2018-08-14,ff8eddc3ff272a5724e2ac6635cb7df2,2018-07-01
b08e2959017b58fc14b3db344f0748e9,36d02abe1f902dc19db2f63819390ea2,delivered,2018-05-15 15:53:32,2018-05-17 03:16:13,2018-05-22 07:51:00,2018-05-25 21:12:04,2018-06-04,a635cca7bc449a7faec61a2ab5ff1176,2018-05-15
0913c46b1cafecb52e5a9a55b6c0e0fc,28622a30de0b61091d78cb053b9cf450,delivered,2018-08-23 10:56:52,2018-08-24 03:25:26,2018-08-24 14:56:00,2018-08-30 18:04:46,2018-09-05,2c84f1599c2cbebed0b8fa6cadf82003,2018-08-23
681dcd4b4304448b7619c295f1048482,f51793c6337b1ec28c51b89dc7a9ee62,delivered,2017-05-18 08:06:36,2017-05-18 08:15:17,2017-05-24 14:13:21,2017-05-26 11:51:34,2017-06-09,bc11c8e72f4c6dca1a64c77a03dc5e09,2017-05-18
25ba9b359798bd58693b37d552c5d08c,0bfb2fed550e74483522a6712b69b7f2,delivered,2018-04-29 22:03:43,2018-04-29 22:15:55,2018-05-02 13:12:00,2018-05-08 19:36:48,2018-05-25,2e8d1bd161dd6302acff9b4e4c6c75f7,2018-04-29
51a794671126e0829276fe7de804043e,44e0884274cbedabca6f7126b6919f0a,delivered,2017-04-18 23:36:42,2017-04-20 02:50:24,2017-04-25 10:20:21,2017-05-05 15:56:59,2017-05-26,d9a0ee6d5b0c820ed2e5c67b5393fb10,2017-04-18
33715342b6e83325b4fb7a20427b0584,48162cf58a63fec5ad05f501a6726a35,delivered,2018-01-10 15:24:38,2018-01-10 15:33:33,2018-01-11 17:38:56,2018-01-24 01:29:12,2018-02-01,81c2c1ea07891c508d676e0a9546fb50,2018-01-10
68a3b05ab76c36cbd4a9d398686b79f8,34cf0fbafdbe5c33c8e454e6c2fc5e61,delivered,2017-03-28 09:40:41,2017-03-28 09:55:14,2017-03-28 15:54:14,2017-04-03 12:35:57,2017-04-25,ccb8c6573d8e10c8ebe612485be0c8f4,2017-03-28
3fa4f7a10b65f134540ba15cd4e2d914,3088b37fce748102582784ac7228e026,delivered,2017-06-25 22:28:08,2017-06-27 17:50:24,2017-06-28 10:44:14,2017-07-03 14:56:25,2017-07-20,9b7614f405928f1979f3abfea10ddee2,2017-06-25
101239b587ffbf256b1cf48485854842,0bbdbe9583119040379634b5ebf5a3f1,delivered,2018-05-28 11:13:09,2018-05-28 11:33:10,2018-06-06 15:03:00,2018-06-11 18:52:51,2018-07-05,1815404d80ba1f8e55be9ac3fd32c1c0,2018-05-28
86ee3d3bc690a447dd7f8a1b466cdab9,30e82497ccfbf893c3e6561e784ba613,delivered,2017-12-07 02:05:58,2017-12-07 02:16:20,2017-12-07 23:53:16,2017-12-19 17:59:13,2018-01-08,c47eb0052de2c7c5cb0b55f5f7b86b75,2017-12-07
53f2d5cbef0a11dae2982bf04a35e121,bfedb28d23d9f46c499f8d184d725474,delivered,2018-01-05 21:27:56,2018-01-05 21:35:24,2018-01-09 21:38:17,2018-01-13 01:39:04,2018-02-02,55979bb000a56ddbe26bcab4443ad98c,2018-01-05
08a1ae3618b37c278906f99c6a97fe1d,dab046e9e5817b2f04b357b4fbb9fafc,delivered,2017-11-02 00:19:30,2017-11-04 08:05:27,2017-11-07 12:42:01,2017-11-09 16:58:33,2017-11-16,174a20d05ce3833ac66877e7649aee57,2017-11-02
e1b095573ee9260b571257f2ff8a4798,1c0e3ca6b0d7740309a350fd350d04ce,delivered,2018-01-22 22:24:56,2018-01-22 22:37:24,2018-01-24 00:43:03,2018-01-30 17:38:38,2018-02-20,9bd2e19d0da4d40bbc5f5a9631490110,2018-01-22
14ff9088bad0d954c2b1f4801f774c69,157746cf254232fc1b21a9bc733ef867,delivered,2017-04-19 12:36:38,2017-04-19 13:21:47,2017-04-20 09:16:31,2017-04-24 14:25:17,2017-05-16,9b53a39e76bc3551c1c9136057898603,2017-04-19
1f201b2bf1eecbd0ad32c3f430846b84,856f3263eb7af3a48765c85d4d0eea1d,delivered,2017-09-26 21:32:17,2017-09-26 21:49:42,2017-09-28 15:28:03,2017-10-03 13:38:04,2017-10-11,8b8d696df5beff17e7cfef915f0d1d78,2017-09-26
5cf925b116421afa85ee25e99b4c34fb,29c35fc91fc13fb5073c8f30505d860d,delivered,2017-02-18 16:48:35,,2017-02-22 11:23:10,2017-03-09 07:28:47,2017-03-31,7e1a5ca61b572d76b64b6688b9f96473,2017-02-18
6f429f70c82d9e5e7542ab3ddd773771,7f32fbd449189b491a58a78eb5357b9f,delivered,2017-11-24 13:30:59,2017-11-24 15:53:15,2017-11-27 17:54:10,2017-12-11 22:14:53,2017-12-20,507dc9becd4fc65635d90682dfa9d3a3,2017-11-24
ecca17940ac000efeca3a8bbb3866591,20f7d5a1e72cd09a5e9ef4d16b72eb1e,delivered,2018-02-15 11:26:52,2018-02-15 12:27:25,2018-02-16 15:39:19,2018-02-28 19:59:37,2018-03-12,9a7f47bc7273a885d5518421db4a20f7,2018-02-15
2e030421b0b918820fd7afaf06c61874,9077572642c665ba8796dae2b3e407d1,delivered,2018-07-16 21:05:12,2018-07-17 04:25:10,2018-07-17 12:03:00,2018-07-20 18:23:44,2018-07-24,c13a71d8829d7a1331c60adde3f4f39a,2018-07-16
03fefb6f166efd081e05a842f7def973,68c8855d1c948dff63ae6fffabb8fe5a,delivered,2018-02-20 09:02:15,2018-02-20 09:15:23,2018-02-21 23:19:28,2018-03-07 21:13:43,2018-03-12,26d571da801f51da17d64ab0b50641e1,2018-02-20
d5d0829757e3f168a603b3c272d96fff,add7aa6095dd2aae6b8d70d022bae3e5,delivered,2018-03-07 19:39:28,2018-03-07 19:55:32,2018-03-08 20:28:34,2018-03-15 22:32:39,2018-03-27,a5bbd6eeb5346baf703a636f93182379,2018-03-07
546f64a5981ba2d29b0a43a6ab6da440,267145a43451296f39cc6560c50a9f8b,delivered,2018-04-01 10:39:41,2018-04-01 11:27:48,2018-04-02 19:05:19,2018-04-07 15:28:39,2018-04-18,ef60ef5d0102981aae4326cce20a2582,2018-04-01
71ca30b49c5b34847a66dd05c3a9f8e4,1b69c1e1aabf371a4e539badffe8d482,delivered,2017-05-26 10:44:07,2017-05-26 10:55:10,2017-06-06 14:48:40,2017-06-27 14:27:58,2017-06-26,b06f1c6ba8464e480ebe5a10d8ddf25e,2017-05-26
5f38b72f814e9f46ed3792fed53fa221,8abcddf97039e2caa85efc2851cc1270,delivered,2018-01-04 11:27:59,2018-01-06 10:07:22,2018-01-08 19:56:26,2018-01-15 17:41:53,2018-01-29,eee056a1664b2f91466c96a455ceea8b,2018-01-04
a6f96f5f41817cbffc01b1c756b58b8c,615083329aca47787c68a44be804d3e1,delivered,2017-10-08 16:20:46,2017-10-10 03:35:25,2017-10-11 21:15:49,2017-10-20 17:58:00,2017-11-06,c5603214b76d2ede1eb146a043248ef7,2017-10-08
284dfdbca771e6488f7c8f9114f407a9,6abd8ff31dd9ea5d6a95b500da430975,delivered,2017-12-01 14:48:56,2017-12-01 14:58:27,2017-12-04 20:42:24,2017-12-22 22:58:00,2018-01-16,1a8ad9a412cd86236a086b3b2ac3e102,2017-12-01
5e80bc266978655e4e9e1ef166f52885,7cb59c6d5ff4c1738e140a6a8b9a214a,delivered,2018-08-13 00:11:07,2018-08-13 00:26:36,2018-08-24 13:50:00,2018-08-28 17:38:39,2018-09-03,c131fb2090a114877c0330bbdd09ed04,2018-08-13
01787af385123b93ba50c5f05530ee12,ca5fc68d665a2ce5392fccbde3475f72,delivered,2018-05-15 17:33:50,2018-05-15 17:54:29,2018-05-16 09:25:00,2018-05-17 14:24:29,2018-05-29,a914b2be4782207abc6758095ec9e8aa,2018-05-15
898a3c6ae100548e40cb528dd26df687,1003176bbc6539b4cf4931fe0228a69b,delivered,2017-06-21 09:59:02,2017-06-21 10:10:15,2017-06-22 15:52:26,2017-06-23 13:19:24,2017-07-04,7529cddb0b278198afe2ca79092325d6,2017-06-21
6c0b82a9a69f551e8bc3df69007d71ad,89eedbc068effe1d1ab847660e48eff4,delivered,2017-03-21 11:38:33,2017-03-21 11:38:33,2017-03-22 09:40:21,2017-03-28 13:37:31,2017-04-17,e257ea35efcc4d9b3bcb3470c0ca1d84,2017-03-21
d1f478a5468a4aed52abdbc2d98e0030,c71291b5215e66f777984a2d42544b52,delivered,2018-07-23 06:40:33,2018-07-23 14:31:02,2018-07-26 14:19:00,2018-08-02 14:40:34,2018-08-10,b2d7e20f85ca24c7bc0f3eec57d79cc9,2018-07-23
5697c84d8f3e63f51bebf917fa2b72cf,d8cf9aaa20e7204f0606dbeeca4f88ad,delivered,2018-04-07 22:57:59,2018-04-07 23:10:18,2018-04-10 17:11:22,2018-04-13 18:12:34,2018-05-02,f665885a918a283d25910db7e8cf94e3,2018-04-07
44ea86700a44cf863db3616415b5f9ad,f66547408b1b92daaffe3b57398e1605,delivered,2018-04-23 20:10:30,2018-04-24 17:44:21,2018-04-25 14:19:00,2018-05-03 00:03:39,2018-05-16,7d0752af740a4bbdc87d42fcd66de17c,2018-04-23
0d2495ab9ff55e8edc50bdc92b443103,9b29ffc82f368ca303abd6cafcdf0096,delivered,2018-06-14 07:13:51,2018-06-15 02:37:37,2018-06-18 14:18:00,2018-06-19 19:19:30,2018-06-26,66159163756490f2e264283f3caa0354,2018-06-14
39cdc187b130d5b19a832af5443121fa,e89c4590c90f9e8797fadbd40425ec1b,delivered,2018-04-19 19:17:00,2018-04-19 19:31:14,2018-04-24 21:08:47,2018-04-25 21:28:40,2018-05-08,ceb01835ec560e4b3adcde4597856786,2018-04-19
5850f6bb95a78cd0fd9641e0453a740b,2ac1daaa46bd7702d300fccdf76a3d43,delivered,2017-12-12 23:13:06,2017-12-12 23:27:49,2017-12-13 21:47:44,2018-01-18 00:48:06,2018-01-11,53133ead339a3d2fd6416e8e4249d87f,2017-12-12
7de7f006c92939fa56c701362b611030,8f13be0d19e31d3bc6ca0ca0ad839672,delivered,2018-02-11 23:05:12,2018-02-11 23:28:21,2018-02-15 18:17:47,2018-02-19 12:34:09,2018-03-01,f513f43c38ae261dab254c60577c21f5,2018-02-11
1bf389bed4651ac01500f40b2dbc7f0c,069f1deff35f9752a09c02f3642b14db,delivered,2018-07-16 09:58:46,2018-07-16 10:10:11,2018-07-16 12:29:00,2018-07-24 21:22:10,2018-08-16,114438a2f44252d25fd72c8868b99a63,2018-07-16
7da3005df84ce7059e9123070c62877e,9ae94813a73d77503a36add2f9d479e3,delivered,2017-07-04 00:07:09,2017-07-04 00:20:16,2017-07-06 10:49:51,2017-07-12 22:10:22,2017-07-26,498c3fa27c15a3020b1370bf48390fb2,2017-07-04
57fe0a3ea5f2eab0a68f2f9fac4e10bd,cea56c52e2340a4d411f02c326f23764,delivered,2017-10-08 15:06:16,2017-10-10 03:49:35,2017-10-13 19:33:04,2017-10-21 16:04:15,2017-11-03,7f78e978e0a0410f8ac05e2f4ed356d3,2017-10-08
4558450bc5fae9411f57d15406ca6064,fde638c6200202b4ccb8cb246269cc79,delivered,2018-01-04 06:56:30,2018-01-04 08:58:58,2018-01-04 22:39:16,2018-01-10 12:18:09,2018-02-02,9e02284681e4eb5b4944deec87753d37,2018-01-04
533ca098906e55ed14be6385223b86d1,d219cc7387e6bbc57a8660d1924f995c,delivered,2018-01-27 16:53:27,2018-01-27 17:17:06,2018-01-29 18:52:23,2018-02-07 21:18:51,2018-02-23,a0ec75d54358c7f8aa3d2fd6f1fcf523,2018-01-27
574accd5d1addd79bc32cb3effecf05b,e608980439b12edb850750947d887089,delivered,2017-11-26 17:52:26,2017-11-28 17:55:32,2017-11-29 23:22:14,2017-12-08 19:49:42,2017-12-21,804099e1ffeda3c487d531fbb3e65430,2017-11-26
f45306d2f1da638e61e75e83d5c7214a,d0fe1de8e5056220a8cb4f9b0b5eeaa8,delivered,2018-05-11 02:05:42,2018-05-11 02:18:09,2018-05-11 12:40:00,2018-05-14 19:32:36,2018-05-23,2493491651cf2e1b94b1585266b8b0b4,2018-05-11
16d8aa6e57efa7fdeec700d10f671bf3,53504e565bf762a9157894029b9ae3e2,delivered,2018-06-24 22:33:16,2018-06-24 22:53:44,2018-06-25 15:18:00,2018-06-26 18:33:35,2018-07-05,9744be7a88a6f980a0b38fb0248ae3f1,2018-06-24
7396bd5e3f3fc177970bbd41a676636f,d6e801f63a31bda1ed8f6caf4c2620d1,delivered,2017-11-14 17:00:43,2017-11-17 04:06:22,2017-11-17 22:54:29,2017-12-06 18:57:33,2017-12-13,e6f076b92affb56abb5b7d8cc8011b20,2017-11-14
8275d4aa466e4679ed369b23c8eda40a,6b3a20b24d577f4c35d290c9933e915a,delivered,2018-03-31 18:56:21,2018-03-31 19:47:35,2018-04-04 18:05:23,2018-04-16 16:37:56,2018-04-24,3fde7f0e201f955c897b57d00e5f20dc,2018-03-31
66f5111aa3f376fd7dfa577aa7c57515,89517109d03f8c3f1c63b84418e97559,shipped,2017-01-27 15:00:25,2017-01-27 15:31:29,2017-01-30 18:08:13,,2017-03-06,8cb40ef133339b4e57628635a421ec87,2017-01-27
382b28c2f9fa93f5bb38c304ea11d6fc,82d49350087901dbb49770edeae39a07,delivered,2018-06-22 08:46:56,2018-06-22 09:15:30,2018-06-22 13:35:00,2018-07-02 19:54:17,2018-08-01,52eb8299449743afe4b3c547e6dfcf7e,2018-06-22
b245a355c20f011bd92122803bd0f5c3,003cb2c7ce25d8af8556fb456f903546,shipped,2017-08-12 17:08:34,2017-08-14 08:25:14,2017-08-15 17:17:15,,2017-09-14,00e872ca2fc94e59982286e69f186e0e,2017-08-12
73689c18cffbd61ae75e2983453b4689,7d95f28e19204d8967a228cd7ea11896,delivered,2017-05-01 08:58:52,2017-05-01 09:10:16,2017-05-02 13:12:56,2017-05-05 13:07:45,2017-05-24,f804ed90360900357b6db9d7635d275d,2017-05-01
2d776245a3529fd575b20e7bdee51fc6,165e050c48ead27b2f840a909463e6cc,delivered,2018-06-11 11:35:34,2018-06-11 11:55:42,2018-06-11 15:57:00,2018-06-14 11:43:24,2018-07-13,355535e7c116cea041c60e1afeb77901,2018-06-11
784a19dd0d5ab3f6d2c970c3d5210215,bf7d23b644baa9c3581eedc55f9b55a1,delivered,2018-02-15 23:30:37,2018-02-15 23:47:05,2018-02-16 22:47:56,2018-02-21 17:19:34,2018-03-16,fed4b1be32aee3238bb1408f3a38a037,2018-02-15
b9224c19c5ea3ae062a0141931846476,06363955dfbb8c28438d249c8670e6b9,delivered,2017-06-20 14:21:18,2017-06-21 02:26:07,2017-06-26 17:07:52,2017-06-27 19:52:10,2017-07-10,7bb854844864db3e6321acdc15e1066b,2017-06-20
ca6475db54a7830e664bd059746b144b,4fec148198541e22dc2c6407b7a1cdc4,delivered,2017-12-24 10:12:45,2017-12-24 10:27:10,2017-12-26 17:12:47,2018-01-05 22:01:16,2018-01-22,7f49663653a569e45523105744bfdd7d,2017-12-24
1ea65cecbb597686d8cd052ac3027b0f,69cf7af55d6f0093b189288e895a577a,delivered,2018-05-08 21:54:29,2018-05-09 19:33:52,2018-05-10 09:50:00,2018-05-29 18:38:39,2018-05-23,0988bf3de31325af88e3130ee3e5f821,2018-05-08
819f320b449906b797b0b826293665d8,c1c3d95ec41f108ca60f2201ab73cddd,delivered,2017-12-02 14:57:49,2017-12-02 15:10:42,2017-12-04 21:23:07,2017-12-28 17:53:42,2017-12-28,866ce518090cb08bb2e299fef22a6424,2017-12-02
28c3c716d01cc934376d3bebea04da92,ba9bca00a23fd0f3bba7e206ddf8283d,delivered,2017-10-07 09:10:58,2017-10-07 09:24:36,2017-10-10 15:48:15,2017-10-25 17:56:06,2017-11-03,f1183cf09ab95e0541c02303fd70d744,2017-10-07
f94e0e7c18de77db38fbde857fa75be1,04bceafd0111719988603d18dbac84fc,delivered,2018-02-11 20:04:59,2018-02-11 20:28:08,2018-02-14 20:07:35,2018-02-19 20:58:42,2018-03-09,0df285643c970345de8307c566b42eb1,2018-02-11
bfea95ad916f92dc69b5291e6827a01f,53f9e8b5951b3192ee519409479d4d6d,delivered,2018-05-18 13:22:34,2018-05-18 13:36:47,2018-05-21 14:58:00,2018-06-05 17:41:44,2018-06-07,f96be73d5c1d3bfe8fcba7924798ba91,2018-05-18
791859263302f6030c2a7a1da8c291ac,9f58ae46e670c6f8c3111b7d5ac30a12,delivered,2017-09-22 15:48:29,2017-09-22 15:55:13,2017-09-29 18:44:59,2017-10-04 18:40:03,2017-10-18,8cc5d2ac1acb37a0456d0205acdc3768,2017-09-22
e864c88c30cc7fb46f79e88de8b6397d,c9fe92fa60e20c4175118d51cf0cdd9c,delivered,2017-12-21 15:51:55,2017-12-22 02:50:56,2017-12-22 19:19:09,2017-12-28 20:32:41,2018-01-18,e71a124dadcd2ee1047f04847fc58bda,2017-12-21
e5a82ab3e8fd5f8a2ff5c12f15736659,417411d9559c0eacf9412bfb720e4e5c,delivered,2017-11-04 19:27:25,2017-11-04 19:35:30,2017-11-10 22:09:45,2017-11-14 16:14:40,2017-12-06,2d462921bfc3604f732bb3109d5e7259,2017-11-04
11edf2e8e2e689ab25e609f6a45b5b7a,cb294cb1111adecb97d5d9c1416bffbc,delivered,2017-06-26 15:01:51,2017-06-26 15:15:15,2017-06-29 11:33:20,2017-07-12 18:03:23,2017-07-20,3a96c708f3ced94eb4cd3f43d109833b,2017-06-26
3f5ff6ee2cdbae33ef3b6aa6a193f9f6,72fbfb632e6357d45a3a96a755cfd9b2,delivered,2018-06-12 15:48:00,2018-06-13 09:00:35,2018-06-13 14:57:00,2018-06-19 23:06:39,2018-07-16,3058f602e8fc1b30ab963bef876e3eca,2018-06-12
bec450cb94e08bd4de13c6b6927205e1,9fe2a1553930eaf754ae2bb82285bd30,delivered,2017-12-08 13:24:05,2017-12-12 03:36:32,2017-12-13 19:17:29,2017-12-17 15:09:03,2017-12-27,6d59894985357b6019d4d7dabdd34ffd,2017-12-08
0dd7345135d5cbc4c660b3eb4085e19e,25b759d36d97770f08c8894eaf807735,delivered,2018-02-16 18:53:22,2018-02-16 19:07:27,2018-02-19 21:13:03,2018-02-26 23:45:36,2018-03-08,28f034be06a1b1ae10dfa42f4c4266b9,2018-02-16
736781fe643ac5d2d2b468bcfe193adc,d885aa7b275634a1eb0ea2c470b143d0,delivered,2018-04-07 10:40:01,2018-04-07 10:50:12,2018-04-13 00:32:52,2018-04-24 22:11:52,2018-04-30,434ed7629f7c1a025aff9248a9e971e8,2018-04-07
25f4849a6afc2184f9c368d736e18341,a237a8ee24fb3ca2a1b49aae0a515d9a,delivered,2018-04-15 17:57:30,2018-04-15 18:10:53,2018-04-19 17:44:37,2018-04-30 12:42:33,2018-05-18,78ec96ee1fffe72ec06bda39801f5145,2018-04-15
05be03ef1c99159686f59d8a51dd17f9,b160ea16b7e64557b6c6fead0b3cdc7d,delivered,2017-10-30 14:39:15,2017-10-30 15:31:18,2017-10-31 17:15:55,2017-11-07 16:05:36,2017-11-23,d8628783cf93c3fec2a27cbc68e608a6,2017-10-30
5fce29fc25bfce9a829c5f4caa9ab9b6,3d7fab786b66851c00acb6de08a5d7f4,delivered,2018-08-04 18:22:26,2018-08-04 18:35:25,2018-08-06 14:52:00,2018-08-08 22:56:49,2018-08-13,93db82a737772d3f4ebdac173012fdf1,2018-08-04
b293a5668e9ef946f56c5eb92b468f14,4fc58708631af32db156af6207c3ecfb,delivered,2018-01-30 10:21:24,2018-01-30 10:35:35,2018-01-31 20:39:07,2018-02-14 23:39:03,2018-02-26,ff1828355a33212289e2a75c97258df2,2018-01-30
99bcaf97ce53d503eb254ac49786bb13,cbc1589fa3c1d671120559e26c3c3a96,delivered,2018-08-14 21:49:10,2018-08-15 03:30:21,2018-08-15 14:16:00,2018-08-20 16:26:59,2018-08-27,2a71f9e7d759364bda9e2acb39512509,2018-08-14
c67941b4ae569566ad69104332761988,da20414ef11e15343480c8481c7a353c,delivered,2018-07-14 19:46:38,2018-07-14 20:03:54,2018-07-16 12:31:00,2018-07-23 19:48:34,2018-08-20,dc19ad0af3cf2d05d102d94767550f27,2018-07-14
9cb058418ca948d8b6c3f369d031ab90,ee4919c10e807a1ac1d48c9314950830,delivered,2017-07-25 21:33:46,2017-07-25 21:45:14,2017-07-26 14:27:50,2017-08-01 17:34:56,2017-08-14,6410fc47b07ce0eba57124655246f19c,2017-07-25
40f1d14481f5e228f099414befcddb1a,5de70cd487e3be880e5bf496a2912fe8,delivered,2018-01-15 18:53:20,2018-01-16 18:51:15,2018-01-20 00:22:31,2018-02-03 17:22:52,2018-02-06,b06775536f31e1f9ff708b40cc0541b2,2018-01-15
c15509fbb2f63d140e9f78220c6163e6,805dd3f5ae20e13e154b376a706f3541,delivered,2017-12-01 11:01:09,2017-12-01 11:31:54,2017-12-04 16:08:58,2017-12-11 18:09:58,2017-12-29,782fa011637ad33d9dc48856380df409,2017-12-01
d0e54233f6df824cc818b3d6f936c2db,59e6711e78382f0d326f719117277141,delivered,2018-07-15 21:39:49,2018-07-15 21:50:19,2018-07-24 14:13:00,2018-07-25 19:48:40,2018-08-01,a5eb986c3d4aeb4c4c841118a02f6a9a,2018-07-15
2ab340837ecacc1da5c088346b0d873b,2b50e8a04cee4649c28af67de327551e,delivered,2018-04-23 08:17:57,2018-04-24 18:59:40,2018-04-23 18:25:23,2018-04-27 20:32:17,2018-05-10,741046f82ebb4bd8723e5f36fe8fcb54,2018-04-23
798738fb83403d78d10892ac46cf8065,ca860cef411f1bc07c2e4a2b19fdfd4d,unavailable,2018-01-24 18:44:14,2018-01-24 18:56:24,,,2018-02-08,dc0eb6b79e438bca1400a408ff88fd15,2018-01-24
995afafadabbc8e07804a5f08f096b01,471c58cd2e88e9d71cb55ea00452a587,delivered,2018-08-06 09:55:30,2018-08-06 10:10:19,2018-08-17 14:48:00,2018-08-20 14:04:03,2018-08-20,4a3545dbfdf7bc14e6cee312a234b133,2018-08-06
c616da5cc141068461ed014eb4c21d9d,116f2485586eef5359edb16d364f7136,delivered,2017-11-24 10:40:01,2017-11-24 12:13:51,2017-11-28 22:38:51,2017-12-05 19:48:47,2017-12-15,7bff4fff725edd40fde6f0ac1eb0e2dc,2017-11-24
a87e2eb19e3e22c6c62607b148aaed4c,ddb787f24795793a5224f6ab98fc8dbc,delivered,2018-08-11 15:40:04,2018-08-11 16:04:33,2018-08-13 16:12:00,2018-08-14 19:12:09,2018-08-21,64ac246c6a14f646814dff0c80af4162,2018-08-11
effd028fe36981328de3b4be7d6c7eb4,e0912be609a1611bdcda51260ab805f2,delivered,2017-05-02 12:48:09,2017-05-02 13:10:58,2017-05-10 09:13:07,2017-05-22 09:33:48,2017-05-23,f6b5eea17ba0d755e5da7a7ef5f37180,2017-05-02
13b7331f53684efbf758aa353c16ba3b,0d69bc4931b72db1d328f35f909abd08,delivered,2017-05-07 22:18:33,2017-05-09 09:35:43,2017-05-17 13:35:49,2017-05-31 13:24:10,2017-06-13,8395d05dfd429598af89049734873309,2017-05-07
590472757d28d7b3dc2440d99ad750fb,d5b02fce9c3b6d335a9cf3ce1163a8a4,delivered,2017-06-04 02:56:42,2017-06-04 03:05:12,2017-06-06 10:55:02,2017-06-13 16:10:22,2017-06-28,d1a32a7b81238990f2e9bd7d0084bd5b,2017-06-04
9eebd18ac02881c6c6e4f47f3642ff8b,7ea5fc79e8868ed776ebfce44c06869f,delivered,2018-01-03 16:55:29,2018-01-03 17:07:51,2018-01-11 17:17:09,2018-01-15 21:07:45,2018-02-09,981aa6afd62a1ddc2685f8ddf0b358b3,2018-01-03
65e96eb0ec0c05756d035e9eb8fce071,528db5e83192cfe52f500e42ac01ed57,delivered,2017-01-31 12:04:27,2017-01-31 12:16:02,2017-01-31 12:44:16,2017-02-07 09:50:42,2017-03-01,174ca114d69e69c17a25752cbac289bf,2017-01-31
746e40ac3c01101618e8a7d582b1029a,35cba8240cff7a8485121c06c306f534,delivered,2017-11-24 18:09:16,2017-11-24 21:34:24,2017-11-29 16:14:48,2017-12-20 22:24:27,2017-12-22,c98371c8c628fe00729bc01622b9009b,2017-11-24
30795f13abba18bf1c6866eb7fa63d52,482013f085c9f29219972bd63044351c,delivered,2017-12-16 15:40:55,2017-12-16 15:49:58,2017-12-19 18:04:06,2017-12-21 13:08:36,2018-01-12,9ffc037c38aa6ada21c4fbaa67185432,2017-12-16
c905910185bc1f8e9c3617ee560770d8,ba99522723165b9b7236ff61141e5f4e,delivered,2018-08-07 17:57:10,2018-08-07 18:10:14,2018-08-08 18:00:00,2018-08-09 15:48:48,2018-08-15,14b0730b5edaa8f7a8decc1620d09772,2018-08-07
eed6cf91f1993f8b026ebb204f3e4092,6929b26c338c69f8a70e85340a3fb433,delivered,2017-04-18 18:17:32,2017-04-18 18:25:20,2017-04-27 14:43:25,2017-05-08 16:14:39,2017-05-22,e99428cc3257cdc825c71d3e77635deb,2017-04-18
675a6fde0b4a8f78243d9ca2ec8be1be,c75018310f578a46cfec39b6df04a827,delivered,2017-10-31 23:50:23,2017-11-01 00:05:58,2017-11-02 00:21:35,2017-11-06 20:57:40,2017-11-23,26f70ee88a13c763eee88f1983b05f1b,2017-10-31
f240664fa94d4650c67cbdc818bc8135,08795c52e7b0525cd0b5bf92a66da58d,delivered,2017-04-01 12:40:40,2017-04-02 13:42:26,2017-04-03 09:38:03,2017-04-04 15:40:01,2017-04-24,e770900b7b855ab3499928cce863eb34,2017-04-01
903db3e1980ea3e0fc2138852af7d3ca,d81815d7ddb29da80f4e6c4316520cf6,delivered,2018-01-02 20:12:54,2018-01-02 20:28:59,2018-01-03 22:03:51,2018-01-16 23:56:02,2018-01-30,1508a07c19134ddc099d6161ef9ae4d9,2018-01-02
eda15f47d38268e4c8dfb881cc473512,42f30d19ba55c70a397cef0afe830f2a,delivered,2018-08-21 17:44:39,2018-08-21 17:55:18,2018-08-28 19:02:00,2018-08-29 16:54:38,2018-08-30,b6b65909737e1c43d35ad284f73cf150,2018-08-21
4ef3c842b74a91b2524df4e621606c94,02dfd8931ac72171c45b5c8522cf4082,delivered,2017-06-07 07:29:40,2017-06-07 07:42:40,2017-06-08 06:26:41,2017-06-13 16:09:34,2017-07-12,a8794bde6655593c9b71212e6dea7177,2017-06-07
8c06312986ecef33f206596783859b96,9c39437929c95a05cfeecb8f0a75da4c,delivered,2017-11-18 14:43:33,2017-11-18 14:55:27,2017-11-21 20:37:10,2017-11-28 20:19:10,2017-12-07,5273e94e60f4040f2bac5015e351c2dd,2017-11-18
9d03d999c1103e51b47e5dff3b2b7183,419d47845be9e84b0f437ac266b17da3,delivered,2017-10-12 16:01:54,2017-10-12 16:14:13,2017-10-17 12:52:20,2017-10-27 18:03:02,2017-11-22,9c8efa21c963785c7c32862ada5d55ee,2017-10-12
98484b32a3bbf287f3347e001275ed21,c156d63bdfce1d456bd43cf1c4dadfca,delivered,2018-07-21 08:04:54,2018-07-21 08:24:16,2018-07-23 11:58:00,2018-07-24 17:17:30,2018-07-31,e5cf9da72b751849b7b217f7a943d0fa,2018-07-21
0ba2bc78c04f47c4757a465b7d7e4f79,8718f740a7d11ad0180de2f7b625c7da,delivered,2017-12-06 21:43:24,2017-12-06 21:52:55,2017-12-13 17:38:35,2017-12-19 17:32:27,2018-01-03,4a3528ddbeb20abbf13730135a55ea77,2017-12-06
60e9d08b7a6390df94673a13d1d3c0f3,e5ec7f1a08b68625aaa4a180987813e3,delivered,2018-05-23 12:43:11,2018-05-23 12:54:58,2018-05-24 14:40:00,2018-05-25 22:58:28,2018-06-12,d7656e8ef401d1eec66264fac44d0e04,2018-05-23
f48a1909651bdf6645b2cc6fa8e8ea1d,867cbd39f5519fd4062ed75e3567e76e,delivered,2018-03-22 17:39:36,2018-03-22 17:55:36,2018-03-26 19:23:06,2018-03-27 13:42:33,2018-04-04,de8e7d7d1d66fd882a0cadf8b1bfddba,2018-03-22
ea72009e972388b2881aee7fd39a094a,714a50db626b8618bc77230f0795ec9a,delivered,2017-11-25 20:37:00,2017-11-25 20:51:43,2017-12-04 20:09:28,2017-12-19 17:51:36,2017-12-20,9d40de5a5adc41c85d3fb906c35ddf7f,2017-11-25
9e404de5caad33c6cbff720e0d721008,9dd8f1c94c6d9e74b484bd87ac5a1d17,delivered,2018-01-22 18:35:50,2018-01-22 18:57:05,2018-01-23 16:27:06,2018-02-22 19:43:02,2018-02-15,fcdec82e5d7da06a5afc2df73b0196c3,2018-01-22
92e3b708c3923190432db2b9fd006b44,851464b0ef03b23f004c016a8b1f0b65,delivered,2018-02-23 13:12:21,2018-02-23 13:29:40,2018-02-26 17:52:20,2018-03-06 12:18:45,2018-03-16,b4e4f24de1e8725b74e4a1f4975116ed,2018-02-23
fc104774e9921bae682e646267066b82,460f9766e57a23aeefa6502d1f8f0e67,delivered,2017-11-20 11:00:48,2017-11-20 11:31:25,2017-11-21 19:16:55,2017-12-05 23:05:49,2017-12-12,7b41e43eab34bc4f82fd71ce72a77db6,2017-11-20
edfb04977a2d0a919e5c3bd40e053440,dd39606c9f630c83664bda7996220c07,delivered,2017-09-26 10:25:46,2017-09-26 10:35:19,2017-09-29 17:43:02,2017-10-05 22:10:40,2017-10-18,dc65b2fa23418bdb7ee54cab7f875bc7,2017-09-26
72e44b7d63b447ef53a8a281314c6a9d,aa5f5931b8901ae1ca4b8302f9b94c02,delivered,2017-10-06 11:52:25,2017-10-06 12:07:19,2017-10-06 18:52:38,2017-10-25 20:24:57,2017-11-07,9542801e30d433cd9d8d1a4283845d46,2017-10-06
9e1767e9e357aefade604f2b54d83ff2,5a43ccaa10dea378cbc7a14c9e56405d,delivered,2017-10-03 13:51:56,2017-10-03 14:07:35,2017-10-04 18:57:50,2017-10-11 22:44:05,2017-10-25,2bef470bb02cd46739e64e6dff23612e,2017-10-03
bf3a76ee801a768ad823615d9fdc019a,03a808b2b6c6da738ff0f3ca8ae8f9e2,delivered,2017-11-27 22:16:14,2017-11-27 22:30:44,2017-11-29 17:21:47,2017-12-08 19:15:55,2017-12-21,67207354acc26987a2d1269c89487a98,2017-11-27
e3331d4095fa2501c3e9d62525dfec14,575237c653bb998e8eb61f595297fb1b,delivered,2018-01-08 10:50:24,2018-01-09 07:18:32,2018-01-09 21:12:51,2018-01-19 17:49:24,2018-02-07,8af6c48ef75b255a2e4a6eb0d2fa45fa,2018-01-08
73ff74f8f201c61c0c625cfe7ec63cd2,156ecab0fc23f6cd5954e5a8bb354ff3,delivered,2018-05-10 07:09:45,2018-05-10 07:36:31,2018-05-11 15:45:00,2018-05-22 11:08:32,2018-05-29,cabf2fb9019cd39fda2002531d473d25,2018-05-10
13672bbd5446ca25fe82ddc218f81a3a,97efeb58e92886e9de1ab49ce06a8139,delivered,2018-05-14 21:43:39,2018-05-14 21:57:58,2018-05-15 13:17:00,2018-05-16 16:18:54,2018-05-25,6c7c9cbd6becaa4a1822207f900cc0bb,2018-05-14
738958f1bd5348249ab7a14f6a9959e3,7a55476a19361dd97c46e26658ba5885,delivered,2017-10-30 09:12:27,2017-11-01 03:26:22,2017-11-01 14:12:26,2017-11-06 20:46:48,2017-11-23,db13c9627403db90fdb0ae7c14909394,2017-10-30
0c760c32925c8a67562a4621ff46556e,264484a3add4c4f5ae9c05e21bfa6466,delivered,2018-07-07 15:51:13,2018-07-10 04:30:44,2018-07-11 12:58:00,2018-07-16 15:55:26,2018-08-09,3e08b9cd8d0eeebebd230aead5016f71,2018-07-07
bd5159bb719385afe3b487906110342c,7635521331d89d14ac8b9e2b50a8803b,delivered,2017-05-15 16:46:41,2017-05-15 17:02:53,2017-05-16 16:02:09,2017-05-25 13:14:05,2017-06-09,37c6657da11f2828649875864fdb14be,2017-05-15
dd38bb2616d4486d83368c43f16e04eb,3270c7818d607c004939b3dce822df92,delivered,2018-07-01 21:27:17,2018-07-05 16:26:52,2018-07-03 15:22:00,2018-07-09 19:22:00,2018-07-31,a1bb8157c55fb375a0167c71444b0726,2018-07-01
e85a4861022f27b6764e4fc0372323e0,b0b2ad65278fa9b0d77bccfeab5a37e4,delivered,2017-09-24 23:38:18,2017-09-24 23:50:12,2017-09-26 15:33:42,2017-10-09 20:46:07,2017-11-01,24b0282ca83dae405c1b23daa4e9a742,2017-09-24
00ce92d57f4f9a112bdb8a2a283e5f97,9c1e141643cc2c164c2fa7c7140f5317,delivered,2018-01-30 16:20:19,2018-01-30 16:52:46,2018-02-02 09:15:38,2018-02-07 12:22:05,2018-02-26,a67fecd4801b668a6f99946a13333c61,2018-01-30
eed0820e183311e6ae0d016436318b19,ce706e81decc274e0a5a183d1690385f,delivered,2017-02-09 21:43:32,2017-02-09 21:55:11,2017-02-11 07:55:50,2017-02-16 10:04:45,2017-03-08,9ff82389742ddc09abe60d74f00ebde7,2017-02-09
af49668a0abb3ceccec65b9cdc5dcac7,a6f70f3c902c49b84554a30505e9f539,delivered,2018-03-16 13:36:38,2018-03-16 13:49:37,2018-03-21 18:35:40,2018-03-22 21:06:35,2018-03-28,89baf783e8bf8766ee306ad8aa15ef2a,2018-03-16
36af952fa00b09aef1c4c6020442a819,8b2eb4ad78ddc8b18e303faa54348db7,delivered,2017-09-07 20:19:52,2017-09-07 20:30:11,2017-09-08 20:21:44,2017-09-12 20:52:12,2017-09-26,4ffd7cf05f22d7a320750a2f9e73f665,2017-09-07
80d2f4b0e0fb1b8385d270a2d585a1e4,2cbe7c4786ce290dd92f38ad6871b72d,delivered,2018-06-14 21:37:00,2018-06-14 21:58:12,2018-06-20 11:57:00,2018-06-26 17:12:19,2018-07-17,7b6f4a6d512f5bea2c5553d333db37e7,2018-06-14
df8f138cbe59c7bb4454c61d1223ca18,d77f3797ee0abe8fc7d85e9610400958,delivered,2018-06-01 15:10:00,2018-06-01 15:31:50,2018-07-04 06:38:00,2018-07-05 19:51:35,2018-07-19,9751244bd65fd1f1166ab7f3e10a31ab,2018-06-01
290095474d5b5550b5c86ef43e11d021,7a33f21fe79a9a7c069e723b0c339a6c,delivered,2017-11-16 15:46:22,2017-11-16 16:08:48,2017-11-20 14:36:51,2017-11-23 20:52:56,2017-12-05,32f49481cc9ebbfe06f2e63a2f5279cb,2017-11-16
3e6378294bcb6ea2ff0ff1eb3ba7388f,63150e501182768887ac59b79c6b8546,delivered,2018-05-12 16:33:05,2018-05-13 16:31:46,2018-05-16 06:00:00,2018-05-21 16:38:21,2018-06-08,b3dfaa749149d9ac2eec071d793c45fc,2018-05-12
32c94c00d713b91db6899722551375f0,0b12a2206dcf63cac81f822926a71363,delivered,2018-03-02 08:00:13,2018-03-02 08:10:24,2018-03-02 19:15:15,2018-03-10 15:39:28,2018-03-20,d37d0e373c5ea67fce4aa1613c51bb5e,2018-03-02
19eb93c45881950fa631d29cd96bdb56,6c9a9bf1e6a3e91d456273a932bbf209,delivered,2018-01-25 15:09:03,2018-01-26 03:16:09,2018-01-30 14:42:48,2018-02-09 21:08:12,2018-02-26,48f45bf2261a417081b53d4a74a6ee37,2018-01-25
db70205a4fec901db7c957ac7d335064,f6a3f0516c41a4f20f40eb90f5b33c57,delivered,2018-07-03 11:26:40,2018-07-05 16:13:11,2018-07-04 15:18:00,2018-07-11 18:18:46,2018-07-26,ab32d08b3713fe2b7f2de4fb7759e937,2018-07-03
22588da93e7ab2d3145f0e004be4c778,7bc38ef672740eb8d3c85c2e7dcce8be,delivered,2018-03-17 18:26:52,2018-03-17 18:48:23,2018-03-19 23:58:36,2018-04-04 22:40:50,2018-04-05,f5a4d884f3c5ae8e25220eb81946a81b,2018-03-17
6d0f82a01588821c295aabc53d05a552,3f699c9cf773be1c838c6011ac5ec571,delivered,2017-05-22 14:07:45,2017-05-22 14:22:44,2017-05-24 09:37:55,2017-06-16 08:07:47,2017-06-26,c1d4212048a7a0a863a46e37ada2b32f,2017-05-22
b516594d49d0cab100b01fd7bc0b981f,88977a0c1c4b9ee4ca5d6f12df4107ac,delivered,2018-01-08 21:44:26,2018-01-10 10:32:47,2018-01-11 23:23:38,2018-01-19 00:54:00,2018-02-06,fa770f7e2ab9d30967bf870237494c97,2018-01-08
d5258694fae61d00d67f18919b349a3a,f758a1acd42a62b2a8275356cf0c769b,delivered,2017-12-22 15:16:31,2017-12-22 15:34:36,2017-12-26 17:48:13,2017-12-29 16:59:59,2018-01-12,c99b4eacd5588b5793fcb33ef48a7653,2017-12-22
279b9a9df2c05138cfda068bb1e0143d,4b29474c60ebdcf9372db1c79c2190b7,delivered,2018-07-11 19:49:54,2018-07-11 20:06:12,2018-07-12 11:58:00,2018-07-13 17:59:35,2018-07-19,001a34eb30ecb8e3aacb07c475ca4dd1,2018-07-11
2f1190c795ae566cafa5e988601a84b7,f785a4fc69eb2ba079b0076cd0cfa5a9,delivered,2017-08-31 07:31:06,2017-08-31 07:44:00,2017-08-31 16:36:07,2017-09-09 14:57:48,2017-09-19,4cca4cf79eeddc8d36b6b659fbce5cff,2017-08-31
d85ce9b0e10e08627fdc72bedcf4cde3,5563bcd137c276544c67d76ee55b0a1d,delivered,2018-08-04 11:45:44,2018-08-07 04:45:13,2018-08-08 12:00:00,2018-08-13 17:20:47,2018-08-16,2a17d0a71f5910d7207819f9ca9ec12b,2018-08-04
46bd2b5fe2b3d02d198552cf137c0bb5,7ebb11f7532296b859de28f65bb7970e,delivered,2018-03-27 22:07:19,2018-03-27 22:15:12,2018-04-02 14:34:27,2018-04-06 18:43:29,2018-04-13,2a48ca33f22f3e81ab5bdc92972334eb,2018-03-27
7922fc267fee367d631d58c09d8bdfdf,54c9be3772a24c5641ba32234f87d453,delivered,2018-04-17 16:46:32,2018-04-17 16:55:37,2018-04-18 16:58:28,2018-04-23 23:58:49,2018-05-04,be24d47bbbee78bab370ac2f13d6f136,2018-04-17
ab3bc480a02b5a058759d5855428c22f,d9ee1197cc7498f4a0a0d6dcf627268f,delivered,2018-08-18 08:33:37,2018-08-20 11:10:19,2018-08-29 13:44:00,2018-08-30 20:41:48,2018-09-03,ad218aecec00c5ef5f3ca7182ea0570c,2018-08-18
0c3f17e10268e00c6716de19889e2cf0,bf5b40a6507179f537bbe16dae02d080,delivered,2017-03-09 12:54:41,2017-03-09 12:54:41,2017-03-13 09:34:56,2017-03-16 12:44:04,2017-04-06,691e7d204a68d16f2353fc8db449f02f,2017-03-09
34b1c1b1fca85eecadd97c4612423897,51e7020a5a2e79b5fe980eed4f9ede9a,delivered,2018-04-17 16:31:53,2018-04-17 16:52:07,2018-04-19 18:08:25,2018-04-23 16:45:44,2018-05-14,127b0b24adcbc2471c59dd8f4e61c443,2018-04-17
00d9ac423c9ad6781c0ed04e87666691,64a495213f59f3050ccd2ed250d88dde,delivered,2017-10-03 11:54:16,2017-10-03 12:07:19,2017-10-03 20:28:19,2017-10-24 23:03:41,2017-11-03,0cc2ee1112a11a1094eff52fa2e87150,2017-10-03
5ba366f795902a0675d37d1dc4f0267f,f7ee00959d2e86ce3c64d648d2f9b89e,delivered,2018-08-13 21:51:53,2018-08-13 22:04:13,2018-08-27 14:28:00,2018-08-28 15:51:55,2018-08-30,026fef2c54aa326832f6eb30e9a13398,2018-08-13
b5c61b4a6a49433438da01c86ae0db90,9ca8f80d320284ae0aadcb172d352935,delivered,2018-05-14 17:20:48,2018-05-15 04:35:06,2018-05-15 12:02:00,2018-05-18 21:34:37,2018-05-28,35bef65734e1356b940cf914f9c73837,2018-05-14
e703b57c60a71b0b7cae20a5209efea2,2b64bce339e8c42e61b87f2b245bd876,delivered,2018-02-22 12:04:32,2018-02-22 12:29:22,2018-02-26 21:09:33,2018-04-02 23:26:57,2018-03-20,c96c913406fc838201b0f128a2e34b9d,2018-02-22
927ca6bf25d6e13695224ff77dd430ea,a6b0f259b6c18701657c473f250f1806,delivered,2018-07-19 17:15:21,2018-07-21 03:23:49,2018-07-23 14:36:00,2018-07-25 21:48:30,2018-07-27,7fe070d05f090cc22bbf7496bae554dd,2018-07-19
0866d83668146dad766bf1a583207b19,9a7a6d76d51978e29bbc282074409065,delivered,2018-06-25 09:22:58,2018-06-25 09:35:22,2018-06-25 12:06:00,2018-07-11 21:26:25,2018-07-23,c83640a3ac22a4216656d11e5281ea9d,2018-06-25
7d7802f0d69dc1e8aca3e936dee50912,8256ca825f52c400ad2894793c8a232d,delivered,2018-04-09 10:20:40,2018-04-09 10:30:34,2018-04-10 20:19:08,2018-04-13 21:28:46,2018-04-25,0a576c743e8ed96b08d3de75b4d80849,2018-04-09
3c2923394ca30af830a14e74ab005b3e,a577e87a5b6d85a43d06f1238ddf0c34,delivered,2018-05-07 23:06:34,2018-05-08 08:30:15,2018-05-10 13:45:00,2018-05-14 23:46:48,2018-05-22,7e97186b74933a825912d33faed2b781,2018-05-07
7bc6b6f769b29b2e75c2699f915fe835,9a2d60ab9e3e553f4c487b3982bca816,delivered,2018-06-11 07:27:24,2018-06-12 04:35:49,2018-06-13 13:32:00,2018-07-13 15:08:34,2018-07-13,3b4eceaf171a7e14ccb8ea389f3d0a3b,2018-06-11
c132bc0c62bbe1c74a7944877af2246b,ccbe7fd54aa82159f48ade29b2bd4b06,delivered,2018-04-13 12:02:33,2018-04-14 02:15:30,2018-05-07 15:46:00,2018-05-15 13:19:38,2018-05-16,679d04027a902ad4c19da1382962a420,2018-04-13
1feca64d75daa682ce3174a1eff73d8b,681afb2f3720c1aa3d3fee254be18800,delivered,2018-04-17 14:27:45,2018-04-17 14:35:27,2018-04-18 18:23:24,2018-04-26 18:14:43,2018-05-17,07f765655f560c8624267665ce23675a,2018-04-17
054db90b78e9a5af5983855572b4e6d8,489df64da2a93a05244fc7edde3b328a,delivered,2017-07-26 10:05:21,2017-07-26 10:15:24,2017-08-10 12:33:04,2017-09-19 16:15:56,2017-08-29,9ec15815a7f0c7ca9b046af5e0cd2d39,2017-07-26
b54c46bbcc169d297c618e15480c3048,e81e535000873fd8112aa8cfaecbb742,delivered,2018-04-29 17:06:58,2018-04-29 17:35:21,2018-05-02 14:26:00,2018-05-07 12:18:48,2018-05-24,076ad5b91ba9b470ed7126b6f22fe201,2018-04-29
a7014e8529a3c8fb841862e33476d9fe,8a720123cd5c180513f6340bc717824e,delivered,2017-03-12 16:26:20,2017-03-12 16:26:20,2017-03-13 15:54:19,2017-03-20 19:25:38,2017-04-03,75fe145e64986de933b893642277d8a9,2017-03-12
dcf4c7f221833bff3e0167a4dee18489,35edc4a10a59c8a8224feb8c19a4a864,delivered,2017-11-21 02:03:56,2017-11-21 02:13:24,2017-11-22 16:55:52,2017-11-23 16:28:34,2017-12-01,093862d1d1cedccf9c5d15ea4da89f14,2017-11-21
cf8b06e3cb532f6045a05a87af095b50,bdf5201a85adc11a3881a5e1ffab102c,delivered,2018-04-20 16:17:12,2018-04-24 19:01:55,2018-04-23 22:41:41,2018-05-03 15:42:06,2018-05-09,d99a94ef74620b95c29ca49d7c778bf4,2018-04-20
a35b17147a43ac3e68aa99ed70a602ba,0f87e42994dc08cb1050d9bb35fa7f37,delivered,2018-04-27 22:57:12,2018-04-27 23:13:10,2018-04-30 16:08:00,2018-05-05 15:44:47,2018-05-17,c97b572d3bec6bfd65aae3b5c0f7b031,2018-04-27
01719300f9ca182b8361556a3873d8ed,5f7a7e33fde7fdd09dac4e27902f7868,delivered,2017-08-28 10:15:59,2017-08-29 04:30:50,2017-08-29 14:36:06,2017-09-04 20:39:08,2017-09-21,a3a5ea7b1ca85d1a9e4a756cfbf0060d,2017-08-28
b7357bb8e9d9742a5c4f686050baecd5,c63198f961c7be78b3c8389f68a537fc,delivered,2018-07-20 16:39:13,2018-07-20 16:45:21,2018-07-23 15:35:00,2018-07-31 12:51:52,2018-07-31,f324fb2ff71d3fe466169a995de25315,2018-07-20
b9df3ba1cd5cd93a66fa5f902ab0dbc5,bd6d5bb0762574fcf0102668be4f781c,delivered,2017-05-05 14:13:32,2017-05-05 14:25:24,2017-05-09 08:18:47,2017-05-15 15:41:39,2017-05-31,3402f0b7180d733ed9a7a779df26df9b,2017-05-05
7d666b83ead768ecbc15773ef8ef6c42,f212f27910c574c5835d1fc48eace4a0,delivered,2018-08-09 16:08:44,2018-08-09 17:30:12,2018-08-13 15:54:00,2018-08-16 16:52:22,2018-08-22,7fb9799d995f17c3db2652a1adb14e10,2018-08-09
79ae0e4182dcaddaa21ac3038aa4e5d9,3e756b26fc9e8cda22e66cc2f1bd567b,delivered,2018-01-11 16:39:37,2018-01-11 16:49:10,2018-01-17 22:23:29,2018-01-23 18:17:11,2018-02-06,16b73e9a800062b64782f4dd057bb757,2018-01-11
9ff74ab0bc3dadafbf2aa0aa674a9850,46ebe25079ad39b2802185eb61cc8708,delivered,2017-04-24 10:25:35,2017-04-25 07:55:41,2017-04-25 13:11:19,2017-05-15 10:32:22,2017-05-17,04d0e3bb47826531ca93b70f7f442923,2017-04-24
8a9e4058bd52b1df24af22b9cd604f87,62fd641e1ebc8e22418e3dc08a5381f3,delivered,2017-05-21 08:01:57,2017-05-22 10:39:43,2017-05-22 10:52:17,2017-05-24 12:41:57,2017-06-13,e389fc91d0a530f06f9209803a38f669,2017-05-21
155e6d1ccd9fe50ed7aa1ddd3bfb1cf5,95b1c30cf56ac066f1465b14857a2055,delivered,2018-05-14 11:40:42,2018-05-14 11:58:47,2018-05-14 13:17:00,2018-05-18 12:46:38,2018-06-05,17571fb4fe3d7d07735434a2064c1312,2018-05-14
f232ff4908be69d9a06a746be78f1390,6b1066ec623d8c60ca4dc0473a272afc,delivered,2017-08-03 14:16:56,2017-08-03 15:45:26,2017-08-07 20:18:41,2017-08-15 13:15:42,2017-09-05,3cd77f358fcbe4116c33ac9875f27705,2017-08-03
562e2ed068c6e2de3e56da6209337375,315043c1ebc155089602f917d16f3baf,delivered,2017-10-18 17:17:43,2017-10-19 03:12:44,2017-10-20 16:35:06,2017-11-03 20:22:52,2017-11-13,4bd6593dcf0d5a09608aab62171ff4e2,2017-10-18
f79166d484b12d995cc47ff0fd43db75,c0c6670992f4b739fed5149cdd7de373,delivered,2017-11-25 23:37:21,2017-11-28 03:44:50,2017-12-05 21:42:25,2018-01-24 19:18:13,2017-12-18,109a7151c235f2772b649fb4be10032a,2017-11-25
f7fde4811e5d7df0df4f46e475c4d752,ab95bb8d3768e62831048ac6e059a973,delivered,2017-06-03 09:27:33,2017-06-03 09:42:33,2017-06-05 15:53:41,2017-06-10 09:29:40,2017-06-30,91edbad4917604a9a24f004c02d788e7,2017-06-03
60497e7e5e68a6c28a15eaafea0f1e94,4e57ef42359fa8a9a31597f6081ea345,delivered,2018-03-01 22:30:09,2018-03-01 22:49:26,2018-03-02 20:21:47,2018-03-21 18:11:21,2018-03-26,c8ec99d9532ed61578f3717cb0eff87c,2018-03-01
90c0d4df184cd39fe38d7b3de0cbd878,1373bf3289262687cf4e388a8318d8d5,delivered,2018-08-22 07:28:08,2018-08-22 07:44:15,2018-08-22 14:55:00,2018-08-24 19:46:43,2018-09-06,5d9a935069dbcca38415cb23b8cc4ef4,2018-08-22
4b16d0a302a6bd19d22825d08d17d973,112a0336c86d903ae81179c5894232c2,delivered,2017-05-13 11:44:27,2017-05-13 13:02:58,2017-05-17 14:22:13,2017-05-24 18:18:46,2017-06-02,318a99e46c2b01163c597b8c142bbbf0,2017-05-13
cba44aa41766f6210b875f576a4241e4,bd4afb694357fe76ab8dbe8bd8fba61d,delivered,2018-07-16 18:10:36,2018-07-16 18:20:34,2018-07-17 14:55:00,2018-07-23 17:57:47,2018-08-01,564df947eb9192d7e1613b1b957cb192,2018-07-16
0ba1afba0d7716b50cd8b5f3c7e4e638,4d0a3ab9510d745baf706ca6a6a453ef,delivered,2018-04-21 18:08:42,2018-04-24 19:08:41,2018-04-27 08:29:00,2018-05-23 20:13:40,2018-06-01,3172e7e1a9156051d993ac4c332b78a0,2018-04-21
73a91d3091e63cef0eace2fbc0c96615,136937c785e7fa4fcff416d298215888,delivered,2018-03-06 22:32:01,2018-03-06 22:48:56,2018-03-21 18:51:21,2018-03-29 22:52:08,2018-04-10,4eb8e9459b5265e8d7896900ab1127e4,2018-03-06
0671b2e93cae091a55f24e5b33705550,47e3a2dc9ad4a1a3e07f89ec91a82170,delivered,2017-12-09 02:35:31,2017-12-12 03:55:36,2017-12-12 23:28:27,2017-12-20 18:40:20,2018-01-08,99bd5e48b4ac82665104c02f457b1fe1,2017-12-09
1d643b8cef95dfa4cf580061a62c6075,cdb1f6506ca30313b24766d993482ca8,delivered,2018-04-11 20:48:46,2018-04-11 21:09:42,2018-04-14 00:48:45,2018-04-18 21:50:59,2018-05-04,a16ad765c958d49d1239b3ccb2a3717e,2018-04-11
5cf2f1cfd8e622ef00a2e29b3cf971f0,30f851d3aa42ea5880019d1b5b8ce304,delivered,2018-02-15 23:09:23,2018-02-17 03:47:38,2018-02-19 19:12:55,2018-02-28 22:13:19,2018-03-12,61822b79a64d7d39a10d565b4ba64017,2018-02-15
d94486278633cac5f50e370851d24de6,d0615859a639a94c1fe472eba57d4a7c,delivered,2018-03-15 18:07:49,2018-03-15 18:28:40,2018-03-16 18:55:44,2018-03-19 16:52:07,2018-03-27,9072b46e3b68961565477d90b24092e9,2018-03-15
47ce198e173de34ed4c92187e82717ac,86940f0108edf822ebc008ea857d193b,delivered,2018-07-09 21:16:50,2018-07-09 21:25:22,2018-07-10 14:06:00,2018-07-11 16:41:08,2018-07-20,2b732aeb1a2c70bcc9c94e24fe3713fb,2018-07-09
440e9f47085a2b746335a1dc25b8bba8,e72b07e2d16cff09d726649acbd12c1f,delivered,2017-11-24 11:38:13,2017-11-25 16:13:38,2017-11-28 16:21:49,2017-12-18 19:53:40,2017-12-20,c9aaf05e11f9c65dd3e76357606c76be,2017-11-24
cf5e18822d6c886902d93a7a709a8950,6dab5b2c63864d85dfbaf832f347f00f,delivered,2017-07-31 20:27:43,2017-07-31 21:05:21,2017-08-03 17:37:22,2017-08-08 22:24:44,2017-08-22,1a52bb8ae883e2c0beda943ac08e8f42,2017-07-31
4d25e18ac18c41c5b22edfd17ecf8ae8,7147d53af4cee2254efd0c3f201ca1a1,delivered,2017-05-03 21:20:32,2017-05-03 21:30:17,2017-05-15 07:13:04,2017-05-18 14:03:54,2017-05-26,c2beab6213541eb95e6414f46ab00020,2017-05-03
a7b99e52e5bf8862a3727ddafe014d03,0f3634092b8645824b6a6cf3468a163a,delivered,2017-11-24 01:29:43,2017-11-24 01:37:35,2017-11-29 18:22:10,2017-12-04 19:16:58,2017-12-14,1e1f53c19aeedb5ebfafc4e87c5aac37,2017-11-24
a2c43042a0f72bd5959e4360b16b6730,752597d371963a01b4f6999eab0aba7e,delivered,2017-09-29 15:42:54,2017-09-29 15:56:22,2017-10-02 16:35:15,2017-10-16 13:44:38,2017-10-18,d5907bcb5bb9c7f2fe0b98c0797edccf,2017-09-29
e5b1297afacdaf34c9b32c69a37bfa59,2754481372b222e0d551bbbdf15e0036,delivered,2017-08-27 14:07:04,2017-08-27 14:24:23,2017-08-28 20:50:02,2017-09-16 13:06:42,2017-09-21,0d3670b39e22cd5272b0cee0bcbfd600,2017-08-27
3438253f6ad093b9a0051a04700d125f,a292a83e844f94fd579a662199ee9319,delivered,2017-07-25 20:13:09,2017-07-25 20:25:16,2017-07-26 21:57:40,2017-07-31 18:29:56,2017-08-16,77ed6756100f9e16700cc6bf7207abd6,2017-07-25
1a4f3b996d84b463e4d60ba560d0dd94,62291404156da337649d7e99334fbb6e,delivered,2017-11-26 23:04:32,2017-11-28 03:32:07,2017-11-28 20:18:43,2017-12-18 17:51:53,2017-12-19,8533a540818c6fcd6c1eeaa4f1a40d45,2017-11-26
a3e866227b2e2569279dc36cbab3944b,0c292ba8f76828610bd7c666ffed392b,delivered,2018-01-29 00:39:25,2018-01-29 00:49:05,2018-01-30 14:57:16,2018-02-03 13:49:46,2018-02-20,4a662185bcee16e495098724748fdcf4,2018-01-29
aa7b6f133145a6afcfa5f103efd4d9df,866d25795145da1bac4d264d2abaf45b,delivered,2018-05-17 09:48:59,2018-05-17 11:31:50,2018-05-23 14:10:00,2018-06-08 16:50:12,2018-06-14,3c8272f01e0c4605f7ecec09ec8c2940,2018-05-17
26a4c5b97bdf4e499a22334ea494e883,1acd80f827bb4f30d15edf43b2e05dc1,delivered,2017-07-31 19:14:08,2017-07-31 19:25:13,2017-08-01 18:22:17,2017-08-23 19:05:49,2017-08-22,e24a4e0422f1b22febb175defaab7932,2017-07-31
432970feead980fb3f7e871ec7a45494,3b57fb5ff73b9928e6b1021f51b7d5be,delivered,2018-03-08 11:10:09,2018-03-09 02:35:28,2018-03-13 18:42:23,2018-03-24 19:10:53,2018-03-26,732296e693d6282c77bc3cb3bc96d484,2018-03-08
926c0265d29d0a2aeaa50df0a39851c8,f46d0fcacde3f22bdf77c8ed4e30c5ce,delivered,2018-06-03 20:42:44,2018-06-03 20:55:35,2018-06-05 08:45:00,2018-06-07 21:38:41,2018-06-28,f1187199c9985066ec3180eb9d00db54,2018-06-03
e5ea36284ceebc6c0ee38a30f70e357a,35f09e03979308b23060cf03c2006373,delivered,2017-10-14 22:26:22,2017-10-14 22:35:24,2017-10-16 19:00:14,2017-10-19 20:34:47,2017-11-09,089888955a17313cf3bfa1c50d1dd0ec,2017-10-14
469e8e6e5a8946a3ba0e0835ae771e6b,288e976c94e837a29abe6b90418dcfef,delivered,2017-02-10 14:34:59,2017-02-10 14:45:23,2017-02-10 15:42:49,2017-02-16 18:33:59,2017-03-13,af909ac0b64b17367c81a96d3da1b91f,2017-02-10
d6b77bc6a9aaaf549d60d3f5ae45fef7,2529bc44e8097e196ecd0ac108c6834d,delivered,2017-10-12 08:21:15,2017-10-12 08:28:11,2017-10-13 16:22:10,2017-10-21 18:05:30,2017-11-03,e0abe989a548720fcbb84595a7b3c6c7,2017-10-12
4f6e86f404fab64c41e4e17b71ae65e4,161dd77f282cd9103c317fb318674424,delivered,2018-08-15 21:22:53,2018-08-15 21:35:12,2018-08-16 14:47:00,2018-08-17 22:04:26,2018-09-14,caaab6f5e52ed9151d52eff4e6f0faa7,2018-08-15
961430048597ac74ad88e6aa0796df23,3aec84a5cdf2ccdb51b6eb15f1f438c9,delivered,2017-10-06 08:49:53,2017-10-06 09:07:15,2017-10-11 11:07:49,2017-10-18 21:54:55,2017-11-08,1b7733821d1e0ec8907bbb441271f80b,2017-10-06
e9d2f8cb1275cfe37dd531ac43bcb2b9,0df0d96998ff63a976f5ef546accdc84,delivered,2018-07-03 14:25:07,2018-07-05 16:40:25,2018-07-05 10:24:00,2018-07-10 13:23:40,2018-08-03,c646c8995fb6110b5af90f3452c8ae66,2018-07-03
ef1d282a121e2bee046bbab7f9f88331,1a8ee097c14bb88b04f6a66b4e966d21,delivered,2018-02-25 17:16:35,2018-02-25 17:30:29,2018-02-27 22:51:36,2018-03-19 14:03:55,2018-03-21,88512a144240eead8e662f42e70078db,2018-02-25
d3e3254f96576169e99f06290b8b9a07,e2ed41ef244cd9a72a748a9ddf6ff21c,delivered,2017-04-12 12:13:43,2017-04-13 13:05:08,2017-04-13 13:20:55,2017-04-19 10:46:37,2017-05-08,9ec52a1bfb7c485acde06f4c5e235500,2017-04-12
f39e2e45839475f6c0afc38589749f69,abf76aa21a6198821da8147c49803f47,delivered,2017-02-01 22:44:34,2017-02-01 22:55:16,2017-02-02 18:42:20,2017-02-07 16:58:33,2017-03-08,85a3ba3f26cfa37e889b67e197a9a875,2017-02-01
5ed4a711abeae54546aa870c4ca1df83,50a941fc51a3a9f527f340e481af250d,delivered,2018-03-12 22:30:47,2018-03-14 02:50:49,2018-03-20 18:26:24,2018-04-02 23:24:45,2018-04-06,4e05499e4b649df723f401bbd48c5007,2018-03-12
c94ddd241e51ad691efa43aaee5b7f7d,c94c5dd9a5c1799b59a4c29a2ba4a87a,delivered,2017-07-19 08:37:27,2017-07-19 08:50:13,2017-07-20 16:22:05,2017-07-26 21:42:55,2017-08-11,cb5e3100153f9a6abab5b2402814d881,2017-07-19
81f0dd14eee4b51169dae95b267a199f,e453eba6874ae7976a4eb1eca4afd14a,delivered,2018-02-20 23:26:58,2018-02-20 23:47:26,2018-02-21 20:06:32,2018-03-02 22:23:33,2018-03-12,0d1596c6db649c6cefac154bd826d0ef,2018-02-20
c22a588780963010739e299de0a9bf51,b400985b193841a8e9b087168b103e15,delivered,2017-05-18 12:59:40,2017-05-18 13:10:57,2017-05-18 13:29:17,2017-05-31 15:54:52,2017-06-09,0aa203e722cc3f4b440d38e357e30e47,2017-05-18
b6af840e6199db586de5da4e646cce76,e10cc38ada4c34acd6ad1bb67df93953,delivered,2017-03-10 13:20:31,2017-03-10 13:20:31,2017-03-16 09:58:29,2017-03-27 11:51:55,2017-04-06,c3763b3615d9ba4d12f8c534c7e6c77e,2017-03-10
374a125372cffb30e8e2df55f8448da4,88de5fdb28af4bc887846a98e23f6e5b,delivered,2018-01-31 23:31:40,2018-02-02 02:55:44,2018-02-03 03:42:53,2018-02-06 16:52:18,2018-02-20,dc858be5b0bb881c067192937bf4ff78,2018-01-31
bf1bd9414a575d2bfa50f8d5c66fd161,cfd1a2cc48a14de5918e86a29e606406,delivered,2018-08-01 12:23:49,2018-08-01 13:20:20,2018-08-02 14:15:00,2018-08-20 19:17:13,2018-08-23,f382d408a9efc042948ecb54576ba438,2018-08-01
a90e65884b5ddd672fa889ed85cdf79f,be5cdc70fac60d87542a1e37ce3fa2d9,delivered,2018-08-09 18:09:53,2018-08-09 18:25:11,2018-08-10 13:05:00,2018-08-21 12:31:46,2018-09-05,f8414aab3af31faec50b0193f1400090,2018-08-09
7efcc78e753fc4f4bf1a4c52af34eeb9,dc92bb0592372c62b31cfbda4653c56f,delivered,2018-04-29 10:20:54,2018-04-29 10:35:16,2018-05-04 15:54:00,2018-05-08 20:46:50,2018-05-23,cf2d114c5b839e414ffe9fb32acc7421,2018-04-29
c73c7b94754de2363ea55ba35902321d,6c80407cbc3d1710a3abffea674cc1f4,delivered,2017-11-30 15:31:04,2017-12-01 11:30:58,2017-12-07 19:57:34,2017-12-19 14:28:05,2017-12-22,b7d3b4f8da39c2b27404f53ef5f74be6,2017-11-30
28bd3c7129e7181ef074c55bb147d6f9,572bbac327edfd6f4f7b44226c0bfb8d,delivered,2017-06-27 14:37:29,2017-06-27 14:50:24,2017-07-04 13:49:40,2017-07-18 22:27:33,2017-07-19,8da73bbb2511f57ff1eb9f357db36b77,2017-06-27
f64e2aff8ae7de23a6aaeb7b7dcf8bec,772c4f98240f0fd217f9ec388b2bfc89,delivered,2017-04-25 15:24:11,2017-04-25 15:36:04,2017-04-26 08:54:17,2017-05-06 12:14:53,2017-05-22,65f4479c0ea64d2d077e03324d0063b6,2017-04-25
58c43e59cd24b301789382786fa841f2,9904f5a76e6579ef02a0e0a948f1073b,delivered,2018-03-11 17:44:34,2018-03-11 18:08:23,2018-03-12 22:36:33,2018-04-26 21:04:06,2018-04-16,e6c511136553ac0142b1b637ed2671a7,2018-03-11
fe5da8a231bcf8484cea27e428a39cc2,3415bcecd28a990138d5057e29138af1,delivered,2017-11-26 13:22:38,2017-11-26 13:31:35,2017-11-28 18:07:45,2017-12-21 22:18:02,2017-12-27,98aeea3933099a0948bf63bbddfc518d,2017-11-26
97d4fe1febafe8399c24e7f0640f1f5b,08c58fac6ff554f3e63b755b5644a7d8,delivered,2018-05-21 10:40:20,2018-05-21 15:32:16,2018-05-24 14:14:00,2018-05-28 23:56:26,2018-06-01,76ff5f4163deda96b7b9e58a82b6df8b,2018-05-21
63769bd918e5619db29316bac51cc4e5,fd80fe1d9709f6dd159fc642a4f45bb9,delivered,2018-06-04 18:07:27,2018-06-05 04:12:37,2018-06-05 14:38:00,2018-06-06 18:32:56,2018-06-28,af691f35fbff7e41386cd98b6b935b13,2018-06-04
6e15b44afc42ba31c4eb67e967a3bf4b,1bee76a927995b16bc122faaa93899d2,delivered,2018-03-01 18:22:13,2018-03-03 02:50:37,2018-03-15 00:42:26,2018-03-29 20:35:13,2018-04-04,8fee15b90ae3479e1075138d546c12bd,2018-03-01
6b086fea124485708ba5b82b44b76119,b479b903bae1c3a6c9d5c541352c10e9,delivered,2018-02-26 18:21:39,2018-02-26 18:35:35,2018-02-28 01:12:55,2018-03-02 20:09:18,2018-03-16,19a109ea6646b14dd60c8d5d766b7236,2018-02-26
7a4249e5c392d712ca2fc053a70c442f,5b171f8468e94098ac4efb1625aae760,delivered,2018-03-23 09:42:52,2018-03-23 09:55:33,2018-03-26 16:58:55,2018-03-27 11:42:56,2018-04-05,aaeeb65a60e52a95bcca22d97211f25f,2018-03-23
3e1932d12fea3c82f976273812475645,40228a7f6bb0be18565a2da05351cfb4,delivered,2017-10-02 14:18:49,2017-10-04 03:03:58,2017-10-04 20:12:21,2017-10-06 21:24:43,2017-10-18,66bf567cb0c92335b9df1ec2b17106bd,2017-10-02
98090e4030b82dcf1d53e4b3557071ea,b0cef3a2a5a906f037086d9887793a27,delivered,2018-03-01 20:06:08,2018-03-01 20:29:15,2018-03-06 18:49:05,2018-03-13 21:44:31,2018-04-11,8569ef2bb58d5824a7d60319888c6c18,2018-03-01
4072fb31a37a095cf5c6efcc068d4f5b,4d5d221f42822e2d35af67da7b2ebb88,delivered,2017-11-25 16:09:19,2017-11-25 16:17:22,2017-11-29 21:12:26,2017-12-18 22:10:38,2017-12-28,2c5b512a0b9f1b05af00b5b15fd66d49,2017-11-25
5c19570470dcab18cd18b1cd390c042c,874211fffa941800228fb197bc411ef1,delivered,2017-08-28 13:49:55,2017-08-28 14:04:52,2017-08-29 19:40:06,2017-08-31 21:07:47,2017-09-19,149c19901ddcd1057deaabc003004a12,2017-08-28
f7b7cd620fccb9f2041e9f3b569d49e0,54eb89ff2fe76545bc7f3f61ed18af52,delivered,2017-10-16 01:17:13,2017-10-16 01:28:21,2017-10-16 20:58:49,2017-10-23 22:52:21,2017-11-06,fa7b88d0c613b6a2c749e2cce1d558ee,2017-10-16
c4f78575643f2f35c117ade8521fc9bf,5b536bd453932eaeb114ea0bb8baf5ec,delivered,2017-05-08 08:30:29,2017-05-09 15:22:24,2017-05-12 14:06:33,2017-05-24 16:03:59,2017-06-05,ce6ab65fd6a824296f5c16998568824b,2017-05-08
1ac18d97e1b6b6735f1c5ff4f4757380,7f6dac815cfedce002223f96e81506ca,delivered,2017-11-13 23:10:55,2017-11-13 23:31:12,2017-11-17 20:09:16,2017-11-22 22:04:45,2017-12-01,3afc35abd693ca1d18989f0165776d5d,2017-11-13
e996c39018a2d8a9e46fbbbbb10ee3a7,fe3fe44146243711a4f5eabc7e65b6dc,delivered,2018-01-20 18:15:12,2018-01-20 18:31:08,2018-01-22 22:38:42,2018-01-30 19:56:23,2018-02-14,9552e483569676e72345f4aab29e4f5a,2018-01-20
b497a58303bca7160ad663bd22cea268,9f007da472be12e0c1b223a9320805f9,delivered,2017-06-09 13:25:52,2017-06-09 14:30:16,2017-06-12 13:08:20,2017-06-19 19:41:47,2017-07-10,ffe9102bb78a76921ba0ff3c4659616a,2017-06-09
8daaa56188fbcc1390ce4d2292f614a6,e09de253ec11697c31967f68cb41b100,delivered,2017-07-25 12:59:39,2017-07-26 13:02:54,2017-07-28 15:34:00,2017-08-02 20:12:05,2017-08-22,76fa7a3d20729ce3f3ef2088d6f81e37,2017-07-25
81e729c96d2b8301d0c537f50c00dabb,02a307e718d16f6dd85c4d15c935c11d,delivered,2017-05-23 21:51:54,2017-05-23 22:05:07,2017-05-24 15:53:13,2017-06-12 06:11:55,2017-06-27,3715e402c05e156df3108939aaa73900,2017-05-23
b4dc5c3ea28c7836755af87d3d253d68,2a5cc521188a04e72cae8f7115680f18,delivered,2017-08-02 08:12:10,2017-08-02 08:25:14,2017-08-10 19:03:19,2017-08-21 20:51:39,2017-08-30,63cc1f88e0368077eaf0800d24e5adc8,2017-08-02
16bcafd500d4d2303b76bb9d95a1c5d0,357a476fc6c861df26d0765b758c0bd7,delivered,2018-03-20 21:15:50,2018-03-20 21:28:31,2018-03-21 19:32:18,2018-03-29 22:03:44,2018-04-06,d47a4aa9da0e66618739308d21e548e0,2018-03-20
dbd4175cab44d4d8c6d185418c00e0f1,ecc832f479b5a163b2216a3a53ede933,delivered,2018-04-15 12:47:36,2018-04-15 13:10:23,2018-04-18 18:36:29,2018-04-27 18:51:59,2018-05-16,bfbf6b103dbb2803a3f80f4f74fc5588,2018-04-15
2fc528da1a706c355f00172b33bf7a1d,091f8a46596e5e19c071bbe12abd1ca6,delivered,2018-01-12 12:47:34,2018-01-12 12:54:52,2018-01-13 01:19:28,2018-01-23 18:28:59,2018-02-01,24ee0e579a75f7f99be0ad7a787e455c,2018-01-12
f8b990617b1af31bd9e7a3d70f8dafc5,ad9ad1bbc3ec168f6d7e7e5637788fc3,delivered,2018-07-27 16:31:12,2018-07-27 16:45:20,2018-08-03 14:57:00,2018-08-09 21:04:37,2018-08-23,f00acae66459f1828fc1feba2c759fa0,2018-07-27
b9f2b2423c61aa201a499e191534af79,89030dfae02f74f589085b54f056b49b,delivered,2017-03-06 22:56:51,2017-03-06 23:05:19,2017-03-10 11:17:26,2017-03-17 14:58:02,2017-03-27,fb17629bb725ea02d4aaaf72f709557d,2017-03-06
61eedf8710394769412bccced6288fff,d37fd6fd3173334ae9deee9569212ced,delivered,2018-08-20 09:45:10,2018-08-20 14:52:58,2018-08-21 15:37:00,2018-08-27 17:16:52,2018-09-04,164b46961e3ef442750fed496929369f,2018-08-20
04b7bd5687bbcc2087d9af68fe7302b3,e25fd5064e602530991d1f6482e642f1,delivered,2018-03-24 03:39:41,2018-03-27 03:49:31,2018-03-27 19:12:36,2018-04-05 18:36:36,2018-04-12,fd91c7c081aee2cfbc2571043f08946c,2018-03-24
8ee64ebf7fd7699c94078e53d92ab768,da521c20bb48e350b57493d2810c4d02,delivered,2018-08-12 13:26:21,2018-08-12 13:35:13,2018-08-13 12:13:00,2018-08-17 18:42:40,2018-09-03,37b54c95638fd68ce8bd69a4c011ee36,2018-08-12
b30eea47fa98c4b4712937752378c0e5,aa1181aaabc8acc0efe84c07481fe71a,delivered,2017-04-22 20:02:16,2017-04-22 20:10:16,2017-04-27 04:51:30,2017-05-25 09:07:45,2017-05-23,35c89684a9ced0dc8bd6c917e8b8e89c,2017-04-22
1544c3a5e5f00c3c65b8a7d5b83d7b04,d8b42bf21d875e32af8eb647fffaa81a,delivered,2017-11-02 14:14:52,2017-11-02 14:25:42,2017-11-06 22:22:39,2017-11-10 21:48:26,2017-11-29,96604fae6eebbe739925d9be4a948601,2017-11-02
b5b967cc29ff5ce57bb11ffd9c2e9101,fe00a52c6e20dd4cd53891d93b363977,delivered,2018-03-01 00:00:37,2018-03-01 00:10:25,2018-03-07 00:33:54,2018-03-14 12:52:28,2018-03-22,0a3ce7e05075260fafbc5949285296e3,2018-03-01
437ad5a02525073e622a0752d52e8e19,9416442098a63db64793060ee56cc87f,delivered,2018-04-17 19:04:41,2018-04-17 19:15:17,2018-04-18 19:04:44,2018-04-26 02:12:07,2018-05-15,6b33d9914861774e1f9ea1aa9c14382f,2018-04-17
eeb07aa24e72e434c3a2617822832059,1bf1636f4db4a1a50f5d351f61ca2081,delivered,2018-01-11 07:27:07,2018-01-11 07:55:23,2018-01-12 14:28:11,2018-01-22 13:18:56,2018-02-06,2bbf7ad49a088ad1baaae52b534eb945,2018-01-11
81342024c8d07f66fa2852d3c8d9b890,10127aba366db1abba5a47e89c03df66,delivered,2018-08-07 18:58:53,2018-08-07 19:24:55,2018-08-27 11:44:00,2018-08-28 12:12:41,2018-08-31,c7ffd67556b0ce043baed501d4899bb8,2018-08-07
a1e6a1eeef79fc64be1040e5ac6d3119,6cfeaded31c296bc1201f7cb08c4c83b,delivered,2018-08-06 12:08:46,2018-08-06 12:24:28,2018-08-14 11:41:00,2018-08-22 00:43:48,2018-08-10,7a43b10aeea933161f61890f838d1cef,2018-08-06
7989909fb944b3db9b477b3294d25a28,b520ab4e682199a81dd24fe3d2f23755,delivered,2017-12-27 14:00:06,2017-12-27 14:08:20,2017-12-27 23:07:05,2018-01-04 16:40:37,2018-01-23,e85795c9280a6da16dc81533786c75f6,2017-12-27
b899e470532d1245c5f85d3cfd42d404,ff758e6466f097d3daf5352495a0f928,delivered,2017-04-24 14:44:47,2017-04-24 14:55:18,2017-04-25 18:52:40,2017-05-18 08:59:49,2017-05-11,15624bc6f84acea629971296bf7cc579,2017-04-24
629ee34cec78dd55cfc4ed143cac2c11,5673a31a353a82920434665127feddb2,delivered,2017-08-18 17:09:31,2017-08-18 17:36:45,2017-08-22 17:38:32,2017-08-25 20:48:54,2017-09-08,8a74d30addff026d27be06e3be4e8be5,2017-08-18
3a4b013e014723cc38c9faa8ffdc6387,e7c905bf4bb13543e8df947af4f3d9e9,delivered,2018-04-09 11:32:37,2018-04-10 07:35:20,2018-04-11 17:51:47,2018-04-13 02:06:43,2018-04-24,2c3b08cf3584d8c0a81d9618a73aa219,2018-04-09
61c0464172a9cd2c41d0e408b1dbae98,938b341e7c2f5edeb2de330605bb3e9b,delivered,2017-02-13 08:10:34,2017-02-14 04:10:22,2017-02-14 11:05:45,2017-02-20 12:53:54,2017-03-14,983d3c777b35c6d3f0f86336af668b12,2017-02-13
f27ef7407696d146fa7001185d6515c2,7ca5d77901640418f5f1c4cac9489d2d,delivered,2017-11-30 21:21:32,2017-12-01 10:31:17,2017-12-07 21:07:40,2017-12-18 17:29:03,2017-12-22,ecb600f26978cbc4df9c580282e00f87,2017-11-30
bd7f8a8a67a2c07406735945fc28b4c7,7faf9c260f51ec1b1e441defba82da35,delivered,2018-06-19 14:30:10,2018-06-19 14:57:22,2018-06-20 14:21:00,2018-06-21 18:41:42,2018-07-03,a817e96853351d8e7c211cd5045f41f2,2018-06-19
b41e372c4fbebabe98c8f611039981f3,fe4d271b21fbbb8811097b6e1985193e,delivered,2017-03-22 07:58:24,2017-03-22 07:58:24,2017-03-27 12:24:23,2017-04-05 06:13:11,2017-04-10,1b6e96ed99cb8d135efe220d761bbd67,2017-03-22
16725237f8f6e32f876dfeca7624063f,0971e7340c57e772a442f0f319161c7a,delivered,2018-07-23 17:14:32,2018-07-23 17:25:35,2018-07-31 18:53:00,2018-08-03 19:35:45,2018-08-10,953514c82635bd8455f73c54418c866e,2018-07-23
a79af87b8a7a623374f879412adc351e,94e6eb73f0774b8be5f3f7aa3587b5f1,delivered,2018-08-03 21:38:15,2018-08-03 21:50:11,2018-08-06 10:28:00,2018-08-08 19:42:14,2018-08-10,944779ed5e0464b49fbb2108382b0ddf,2018-08-03
9ccfe5d0484872e6df585a289fc12206,4889ca3aa8a3294c66400909597bc40b,delivered,2017-07-14 07:27:33,2017-07-14 07:35:12,2017-07-14 20:21:22,2017-07-20 17:17:52,2017-08-03,99b75c38e1ec194bc690b476e21c3a1c,2017-07-14
8d34f2fdac1faf9db254624c34f20c00,0cbaa090831f2717efb0aea6ade6c312,delivered,2017-08-20 19:26:12,2017-08-22 04:05:32,2017-08-29 10:46:12,2017-09-05 16:42:32,2017-09-21,eda46d6e2c60876abff5c974b0523158,2017-08-20
27cf3bc7a008cb9eb712e4db141d25a2,01fb8712cdee539fb967502da4217019,delivered,2017-11-24 00:18:30,2017-11-24 12:56:29,2017-11-28 22:24:35,2017-12-18 11:58:37,2017-12-14,5209149e0cf2c52fb59b187ddb43416f,2017-11-24
380886e93bc686d76d710cff9c36ebe3,9eaccb0d6f9e15e40ee4e61937c03f60,delivered,2018-02-12 11:37:57,2018-02-12 11:48:16,2018-02-16 01:26:54,2018-02-19 17:13:02,2018-02-26,284844ea3d5f98b61bbda9b80125632a,2018-02-12
8f28f92f45566ee07cb2825ff5bea311,bb75bfdea51d71f445b6ac9939721d18,delivered,2018-03-11 10:54:51,2018-03-11 11:29:37,2018-03-12 22:48:43,2018-04-03 21:29:05,2018-04-12,0413396f7c07f527e06d395ac98be887,2018-03-11
e37de8ebd6b9572f9265b56ea828b645,9b0c38b8264043a5c4bc51a6fabb20a5,delivered,2017-09-26 12:50:55,2017-09-27 02:56:23,2017-10-02 20:33:28,2017-10-09 17:52:40,2017-10-26,06f6ca742a26f906cac6f9f1ee7656d4,2017-09-26
fd553da7e8c2b075f67da11e409e55ca,395eee18a2ada8f9ec21db739527776b,delivered,2018-07-30 09:14:26,2018-07-30 09:25:09,2018-07-30 11:14:00,2018-08-07 00:12:37,2018-08-14,da319a31d8646a324d68e4ea8299e22f,2018-07-30
26e151776de74222baf9cf13a8ef9b74,9ba6c878e925f4497d95550768c308d0,delivered,2017-04-20 10:14:27,2017-04-21 10:21:55,2017-04-24 17:37:43,2017-05-12 16:57:54,2017-05-12,2e54509ba945d76438370d9e475606c0,2017-04-20
c93ff60dbb02e26f340bbca4b680435a,be5d03aa240b103b91caa3e34ad71b27,delivered,2018-07-06 20:53:55,2018-07-06 21:11:29,2018-07-13 13:38:00,2018-07-25 16:02:44,2018-08-06,a36e6aac0494b98f92d12383ae4194f0,2018-07-06
5d7f7d203683b4e7dda40d75e1c4634d,14fff6742eb1a4347df2c4db8916fb8e,delivered,2018-05-16 17:23:44,2018-05-18 01:17:39,2018-05-21 19:15:00,2018-06-06 16:55:43,2018-06-12,6c28e6a7642123fddaafcf789981dbb8,2018-05-16
f71786d492e3575ce6af4785508e1846,0b174050b751d2fad395123bd2a23568,delivered,2018-05-30 10:21:46,2018-05-30 10:30:23,2018-05-30 14:52:00,2018-06-11 14:42:32,2018-07-17,4e05e6ade630691c027bee8270709c7e,2018-05-30
b17ba1dc20f88334dd3f083464221a18,edc5de205c637b4420f181f097660d6d,delivered,2018-06-02 14:40:16,2018-06-02 14:51:53,2018-06-04 13:16:00,2018-06-11 15:32:40,2018-07-19,98b28fa1ad333b4538ee8ed202655346,2018-06-02
b3f61a24a3f72625e4c6365e5f9e29a3,5a45b62097021e8329b56d929aa1b6fc,delivered,2017-10-12 15:21:57,2017-10-12 15:35:13,2017-10-13 16:33:39,2017-10-24 18:29:43,2017-11-03,7d57f9dcc78e2bf307e6f830b506674f,2017-10-12
85c86d629e3c5e477f457be9db748d3b,e9c7d222316ca2c78cbf05d83c1e9fa0,delivered,2017-07-01 10:07:41,2017-07-04 04:44:36,2017-07-05 08:51:48,2017-07-10 17:32:16,2017-07-25,00d7e54ab8c5d9916f19209dbaacbb3d,2017-07-01
23a8531948bc865dee9fcdbacea311eb,7ade565c3bb52b8592eb087a92d7b04d,delivered,2017-07-03 19:56:21,2017-07-03 20:05:47,2017-07-07 18:56:33,2017-07-14 21:53:53,2017-07-21,b349427e0a6cb4c17e82775686d0c464,2017-07-03
49ac83265a3a9d7d492eb5e1909b485a,c47a4cc40c4b8ca461432c5eef3b7fef,delivered,2018-07-14 16:05:34,2018-07-14 16:24:02,2018-07-27 14:26:00,2018-08-02 13:31:33,2018-08-09,0a1e3cbe04dabc1a55aa546866092a86,2018-07-14
caa6045d366628b2fe9115e7e99bd399,48b49f082affdb9609558fa72a44f38d,delivered,2017-12-07 15:06:16,2017-12-07 15:43:11,2017-12-14 14:33:14,2017-12-27 16:07:45,2018-01-02,30fcc14a39420996d84eea0ea72ccbde,2017-12-07
deafd5190946c25dcce1974055abb693,2b7ebe86910fa1edb06eced4888bf7b2,delivered,2017-06-28 21:03:27,2017-06-30 03:15:27,2017-07-17 14:22:30,2017-07-21 15:42:28,2017-08-01,e7e7d721fbd6e06b5639641d7c653b20,2017-06-28
327c17fe3bf926f72f592503b52e3b5a,b9c84df370dea836ec452ed49cca4c78,delivered,2018-01-07 23:42:15,2018-01-07 23:53:40,2018-01-08 21:27:00,2018-01-26 18:58:59,2018-01-31,340031e96a08c8ef82c884b9348b9dc9,2018-01-07
4bfcba9e084f46c8e3cb49b0fa6e6159,de832e8dbb1f588a47013e53feaa67cc,delivered,2017-05-29 14:06:33,2017-05-29 14:25:14,2017-05-30 09:25:02,2017-06-01 15:34:09,2017-06-09,c4b224d2c784bae11ae98b6ae9f2454c,2017-05-29
bf0448def08e9657c8f990eea9bc4057,030eadebe042e915dc4d1fd5abcfe620,delivered,2018-01-03 20:20:16,2018-01-03 20:28:22,2018-01-04 18:32:41,2018-01-10 15:58:07,2018-01-29,b580ec11fa741f3835dc28a7ee995ed3,2018-01-03
12656ffa174ee7dd1434940b8e538f32,fd33257e245d8ffd4281adc1ffd97f88,delivered,2018-03-27 14:02:04,2018-03-27 14:10:21,2018-03-28 23:03:40,2018-04-02 14:32:43,2018-04-09,6578e1b112f6f1bcc70a4a99f09ffd93,2018-03-27
9ddf6157726c9d957999c8316a03a9ff,7448298ba99e8e8ad697f7deb8514823,delivered,2018-01-29 08:40:57,2018-01-29 08:50:38,2018-01-29 18:29:04,2018-02-06 20:22:35,2018-02-23,75207ac40392ae8d8aba08fe3724264f,2018-01-29
3066824e203de546e458d51386ea14ce,7957a69663528d350746c7958f85ed40,delivered,2017-07-14 11:44:59,2017-07-14 12:04:42,2017-07-14 20:55:56,2017-07-17 20:21:23,2017-08-03,4b78eb13e67dfbcaf19a5340a17981a9,2017-07-14
71db292c69a2bff7186b705046336c61,003bdf7fd8312f9d14a4b979f3747334,delivered,2017-11-28 15:39:53,2017-11-28 16:02:38,2017-12-04 18:14:02,2017-12-06 23:52:58,2017-12-12,12d1cda209613cd60b9d242181be7077,2017-11-28
0c855b2afa3ba71dbaaf066c4fd83518,e57ad40af961e5012b7c863a582d16db,delivered,2017-06-14 13:52:42,2017-06-14 14:05:27,2017-06-16 17:22:46,2017-06-19 19:51:59,2017-07-07,95ad54c1f758042b6ea3e026b7166d9b,2017-06-14
4b37d81b92f6cc32e5225cec78244917,29518e434acca8cb6ea052cab056bc87,delivered,2018-04-25 11:37:41,2018-04-25 11:52:23,2018-04-26 08:51:00,2018-05-10 14:09:44,2018-05-22,0b4336bfd6d4e1f3e6ee3d8ae5f3ba36,2018-04-25
e39d427402fa3f754c7fd38ceb788901,657332c1833706577d91fd90ac02d9e5,delivered,2018-02-07 21:49:12,2018-02-07 21:55:33,2018-02-08 23:04:18,2018-02-14 22:09:25,2018-03-19,03158bd71a48524ddf0815337068d10b,2018-02-07
0cc4a0e7b03976348e97bf0721a96376,aab107994b53982ce98d1b528a33fbdf,delivered,2017-12-03 22:24:30,2017-12-05 04:13:22,2017-12-07 13:42:25,2017-12-22 15:36:32,2018-01-09,743afbc068980db1534b9b1d01d80043,2017-12-03
d1a2f198bf6d06a0c46f0a5cc53f1984,2aa68f32b3abedf8ec5c24887379176e,delivered,2017-05-20 15:46:52,2017-05-21 15:55:18,2017-05-24 07:22:08,2017-06-02 10:43:11,2017-06-23,9fb279e1dfe576b362735fe727333d5c,2017-05-20
fae621cb5d9e146a2656da4f1afe39cc,1c83c1bbfcb7c9a94758326c300cd2b7,delivered,2018-04-19 20:12:45,2018-04-19 20:30:36,2018-04-24 18:57:46,2018-05-21 21:08:52,2018-06-21,98ac019a5eae363963d9b119e5e080ae,2018-04-19
0c63a4c9a17deeff24d65bec51f3a5ec,a23a0e710e605ff1704284b0152e0bfc,delivered,2017-09-30 21:44:37,2017-09-30 21:56:14,2017-10-02 17:43:39,2017-10-06 19:13:43,2017-10-27,81e9ac68bbc3e685a6821f8f16b2d62f,2017-09-30
8a4278a33a74f05e4d79f18b826a0c6f,b40aee25a6be204c9446155039256160,delivered,2017-06-25 16:07:00,2017-06-25 16:22:51,2017-06-27 16:03:49,2017-07-07 16:31:59,2017-07-28,93451172a198897b74f15a1cd6f2e954,2017-06-25
f79a31ab5cdfb67808fb8e27005ffa52,e5e5ed68f5e3c9e8153910bf408b75d5,delivered,2018-04-19 14:45:52,2018-04-24 18:28:09,2018-04-23 17:33:01,2018-04-30 22:08:53,2018-05-17,b64d7d3d6c9cad23a169c178b6e170ea,2018-04-19
23922a8d5cf1517d181d87c134bdb162,50be8a052d526baa0d515eea26a5a6cf,delivered,2017-09-14 10:22:06,2017-09-14 10:30:28,2017-09-18 22:27:28,2017-09-26 18:38:10,2017-10-05,e4776cba7ea62aa2e8816e89aa401fbb,2017-09-14
e300c76076c4b56031abe6f3ff54817f,58e41ee664edb6b56cfa39832d76d01e,delivered,2018-08-15 10:59:22,2018-08-15 11:24:10,2018-08-15 10:27:00,2018-08-21 17:21:15,2018-08-29,309722f7e774dc335d7ba2104705c4bb,2018-08-15
5b7906a5a90957b0020ae90b2d7caf1b,e906d6e3253ba71fca26df0314356f9a,delivered,2017-12-06 17:02:24,2017-12-08 02:54:14,2017-12-08 16:24:52,2017-12-12 15:33:17,2017-12-29,7b25ab0d08d78c12d64d346bd3c8ac8b,2017-12-06
015ed18d7ea7ca5c14f3c1decc55daf1,4eca2e495967922f24cbc0600040e006,delivered,2018-05-24 12:31:24,2018-05-24 12:59:20,2018-05-25 10:33:00,2018-05-28 12:17:39,2018-06-11,2405f1b2ab4f5660d9338425029ddb50,2018-05-24
b1f84046464711e8064cd70d5232d104,1fe28ea440ef6c1bc8c0628dd6de9cf2,delivered,2018-08-02 19:56:42,2018-08-02 20:31:02,2018-08-03 11:58:00,2018-08-08 00:32:29,2018-08-16,a2b6db091d630fb0769c10c3af80f964,2018-08-02
363b0ca1f6415ac4da76eb3a3d91f191,ade86093a862018edad215097f99684e,delivered,2017-06-14 15:07:29,2017-06-14 15:23:02,2017-06-26 11:48:05,2017-07-10 13:28:35,2017-07-17,1c09e25b8c3430a1651682fca49cddab,2017-06-14
3f913d30288c117e41ffe5cc74743dc9,7aae6b74d7e0a2a11051bf8a16e16021,shipped,2016-10-05 14:36:55,2016-10-06 15:53:06,2016-10-15 12:24:42,,2016-11-29,ff39ae410be7f9b3a2457c546c6f67de,2016-10-05
84a53c98bbfbafdea72e38df644d94aa,938b039aef166fd68d32f4c69045d61f,delivered,2018-05-03 18:36:10,2018-05-05 02:35:13,2018-05-14 11:02:00,2018-05-21 16:28:32,2018-06-11,2f2be576529a5477f0f608fed97db69c,2018-05-03
6f078a846f0427e42e068e545b56efdf,5330499077787fb311af2c16a223db74,delivered,2018-07-24 09:31:31,2018-07-24 11:24:08,2018-07-25 13:51:00,2018-07-30 16:32:04,2018-08-13,cde21009d0c20492ba91c194adc13101,2018-07-24
0f463923e58ae2578bc70e3083b98e93,45f03f88bd8f121c974acbc79549be7c,delivered,2017-03-22 11:05:06,2017-03-22 11:05:06,2017-03-22 13:58:46,2017-03-29 16:18:31,2017-04-19,91c85345f4a64761cab837e0157488d4,2017-03-22
a23f721497b1d681e6408ab48c1cf387,f9ab13c4ce6bd348989081ccc9e71dfe,delivered,2017-12-11 22:11:37,2017-12-11 23:36:02,2017-12-13 01:51:46,2018-01-16 20:21:48,2018-01-05,d0370528c4ade8ce56a93a530163818b,2017-12-11
fdee82051bea952f280e8f81b6e64f82,3bab4e7cd9fd72391f090911718978d2,delivered,2018-03-01 17:08:39,2018-03-03 02:49:30,2018-03-06 19:46:37,2018-03-21 17:05:26,2018-03-27,c2afe8e728c0cf34c370f49eb5ebd860,2018-03-01
1e6add8e062fefaf389db3e1006dde0c,39144fb38c7c1813255d6b2a8bbc4d3c,delivered,2018-03-13 12:38:05,2018-03-13 13:20:24,2018-03-15 20:16:28,2018-03-19 20:03:29,2018-04-09,111d5a051ea4c1d0066bc5a9b265104b,2018-03-13
4a9aa52753aac6caa45637771c96ace4,525ce41b05a0e5719c563be182ed6724,delivered,2018-01-12 23:53:36,2018-01-13 00:50:54,2018-01-16 23:56:06,2018-01-23 15:18:37,2018-02-19,97ecfb0a8c186e4351c9f2206b40d467,2018-01-12
e62d530c9b5d79b0b222e5a4542d71be,b323dd4451f8a811f505bd4c597bd181,delivered,2018-06-11 15:24:27,2018-06-11 15:39:08,2018-06-12 15:05:00,2018-06-13 19:54:39,2018-06-20,659b2485938ee7ff6b7914b5fed15de3,2018-06-11
55d9bfb1379b4c4821e91dfebac30e32,cf20029cd3db41625d74f3dc55686f4e,delivered,2018-01-04 10:22:43,2018-01-04 10:30:24,2018-01-08 12:23:17,2018-01-09 14:40:06,2018-01-29,e34f4ac2479873a6b467a7bdbbf05efd,2018-01-04
058a48943f3034afea88ff56b960dfdb,ae42f7bb2b7fd41673207c4a4903b919,delivered,2017-11-02 17:25:13,2017-11-02 17:35:35,2017-11-07 15:54:58,2017-11-28 17:41:41,2017-11-29,a6d5806c529a9c93a116468d58649ff7,2017-11-02
d2724b0b7b8d7bbfa7d11f7415f5c551,d96e32c8a22d9ec0fe5f43b316a2a197,delivered,2017-11-25 20:53:51,2017-11-25 21:55:40,2017-12-15 18:07:57,2017-12-28 13:41:53,2017-12-20,7b065c372297e499853033787f864ec9,2017-11-25
27a530fa8ac219ee1e453ccc7c575a07,5e90487009d584be45aa8a4083650aae,delivered,2017-12-15 22:23:41,2017-12-15 22:36:31,2017-12-18 20:03:47,2017-12-29 18:58:52,2018-01-15,68d5d57eba6caf31a18fdd1fc75153c9,2017-12-15
638dd0cfabf15189b7ce42b077f9fb9d,220963a1244c1ee4f82c79a60e1a5fa8,delivered,2017-10-12 17:03:36,2017-10-12 17:15:40,2017-10-13 22:45:58,2017-10-18 18:48:35,2017-11-01,ad57551ef98ffd9dae88136d56e0b9e7,2017-10-12
ad443a68e64f21acbda949c91bbe9aff,554f93da437c4a70aed87dbd4f3dbe0f,delivered,2017-10-08 21:42:48,2017-10-08 21:56:21,2017-10-13 19:52:47,2017-10-20 20:48:34,2017-11-08,2117d57582b39d2fd28487500a733d7b,2017-10-08
9c2cd65f37fcbe73d562581e5d53577b,151bf07dad039772c952a5d540461755,delivered,2017-06-30 00:55:57,2017-06-30 01:05:08,2017-07-01 04:19:53,2017-07-10 21:04:13,2017-07-28,87caa86785c28cfa1591631ebb4951c7,2017-06-30
fbf352b18a26c6a86a53cca922facd25,ddf7f01125cf17e84de173d4d8112035,delivered,2018-01-28 20:42:29,2018-01-28 20:52:22,2018-02-08 14:33:53,2018-02-15 13:55:20,2018-03-09,c972b399cab18f0f5b8182528946bac0,2018-01-28
24c30ddeb5a4b85a61bbb58b9e3d66c9,b73c72519bfcc61f91836d7a67ef40d5,canceled,2018-08-07 16:57:23,2018-08-09 03:35:18,,,2018-08-20,35f9c06b21bcfc50e0d0ebdfa147a94e,2018-08-07
40276598768326cdd5ae39038037434f,6bed5f3eb94ab029e369ec0cc3a32037,delivered,2018-07-20 08:57:39,2018-07-24 11:32:40,2018-07-24 15:27:00,2018-07-30 20:02:48,2018-08-10,750d05ca464c997d77832cc3b43683c2,2018-07-20
8eb24f96b8213d619ec9940e7f8d8ffd,531ba0f912c20561b75865af5386b538,delivered,2018-08-20 08:25:59,2018-08-21 04:29:32,2018-08-22 15:36:00,2018-08-28 19:16:40,2018-08-30,328224782226c0f6889518461f702ddd,2018-08-20
110f23195a2ddb2ccaad30b37bfacbbf,150143ea3d26900ada875ff4ca7950a4,delivered,2017-12-01 16:34:59,2017-12-01 16:49:31,2017-12-08 21:28:46,2017-12-26 19:34:24,2018-01-03,7cb20dd79b4b5bfda52b712000a30de5,2017-12-01
5a0338c421599254813c9ab9d9c3dc2f,5d0a0ccfb50f5dd07398cfae09297925,delivered,2017-04-24 22:02:11,2017-04-24 22:15:20,2017-04-27 11:24:46,2017-05-03 15:46:23,2017-05-17,08f6e317b471e0ac9552060d98020c2d,2017-04-24
52f795c33d266ff75e0f1b1738caf2f0,ab388c4334590b87f33f5c372d87ec15,delivered,2017-09-01 14:40:07,2017-09-01 14:50:22,2017-09-04 21:12:00,2017-09-11 20:14:48,2017-09-21,5cd349e7d2a4516c1a97c2089b89ffd2,2017-09-01
542ff6bc27af2bc961c692ce0197fbbe,a191aa08b2695276ec71b4e2aa37215c,delivered,2017-03-26 12:13:51,2017-03-26 13:06:21,2017-03-27 08:22:37,2017-04-13 18:22:00,2017-05-04,be0475e28fdb0b513000ec573df430e2,2017-03-26
7f4eea789244d8b7281f619104c82bca,61c9573dec61bde3d187a5bc5ce3c1f3,delivered,2018-07-21 14:30:40,2018-07-24 11:33:03,2018-07-24 16:22:00,2018-07-27 19:37:53,2018-08-01,eb13a7fb758dba2827ac002ad5912787,2018-07-21
69cfce9a67acc391a46d138195d70ffb,987e4a7241ef9b2439140b3a97efec04,delivered,2018-01-10 18:02:56,2018-01-10 18:13:35,2018-01-12 15:11:34,2018-01-13 14:52:49,2018-01-29,0a4fb11cb77081db8cc76249babaf658,2018-01-10
c51b35954aa4164be11e5568091b9b67,88b21177ca07862c2dcf408ea35fc8a9,delivered,2017-11-13 21:21:26,2017-11-15 02:51:05,2017-11-17 19:33:16,2017-11-25 14:43:30,2017-12-01,a4b0d2e3f025a73485845429f9f3a7cf,2017-11-13
2025b5bad835a500f8422436e24bd78f,1677712a7d16c75d46e54b6c5c9218b1,processing,2017-02-22 09:59:09,2017-02-22 10:05:51,,,2017-03-27,6e288c68788d1a0ad3f1b86470ef8126,2017-02-22
6fe3cca762774a4e0e4e75467b4651e6,7969cf61f33d9ffc12386debfb42c2c1,delivered,2018-08-04 12:42:39,2018-08-07 04:30:17,2018-08-10 14:56:00,2018-08-14 16:24:43,2018-08-13,2c926b0fa4cf4e7a56a84f5165398378,2018-08-04
5bf8cdf4243a8b1c0eda74df41204260,45b1404b9999ab649e8b026fa88b5c07,delivered,2017-11-14 22:19:55,2017-11-14 22:30:25,2017-11-16 13:18:59,2017-12-23 15:19:15,2017-12-12,4cfd000ffc41f3b680bcfb8a6cd649a7,2017-11-14
692fd4925e0a7e3c946566b4626f0f75,006b5498d9494c061f8c2f80a6c2f343,delivered,2018-06-10 14:25:35,2018-06-10 14:56:50,2018-06-11 07:51:00,2018-06-18 11:05:20,2018-07-11,6b1070bfaad94d225e6cab57b47e2326,2018-06-10
3627f028b51748649d9f8e36ca465131,3a40eddce1165895c36fd061a525e443,delivered,2017-08-27 22:46:05,2017-08-27 22:55:16,2017-08-28 19:52:31,2017-08-30 20:00:14,2017-09-08,d3dd62325aba093e0b22d76dcbd9717a,2017-08-27
50416a6ca6208fb73d89725949591dbb,fde6dcf6c2599f15ce2847cd32677883,delivered,2017-12-04 19:22:50,2017-12-04 19:33:23,2017-12-05 18:54:29,2017-12-18 18:27:11,2017-12-29,c10a7d9e6cd783c08d361319a5b7f396,2017-12-04
31a9ca81d056ac824459a57e784fcfe6,c4ed2755f23f173426fcc47decf4ebdc,delivered,2018-06-03 01:51:37,2018-06-04 09:29:59,2018-06-05 05:40:00,2018-06-12 22:28:50,2018-07-05,176fa14df41f3c8f0daf93c00c4f6229,2018-06-03
b21c9bac60c92e8b6ba770accf270445,49458e71378c6be16ff3b21b6e83676c,delivered,2018-03-01 13:15:46,2018-03-01 13:30:32,2018-03-03 16:52:08,2018-03-19 13:58:46,2018-03-22,be7b8e5d123ff56fa757c60cee834eda,2018-03-01
ae00ce5e73025df933f11dcb23c27104,8e870498ca6259ff0bf31c720b9f8687,delivered,2017-06-27 11:29:25,2017-06-27 12:24:05,2017-06-27 15:42:12,2017-06-29 13:24:11,2017-07-10,f49d8dcfb6eccf32e01ad46dca93c6e7,2017-06-27
c10f283ced7431fdfdcc159b12344b11,eab8d39b5241abcb22eebeca69547491,delivered,2018-06-12 20:26:38,2018-06-13 20:39:47,2018-06-14 14:41:00,2018-06-18 15:28:55,2018-06-29,585eb4f23058fdf743cacc442469e263,2018-06-12
8291cbcef6e19c8a7926f95f5e38c6e2,bd0f57c02559be896fb70c75cb41b70c,delivered,2018-02-16 15:49:08,2018-02-16 16:07:08,2018-02-17 01:14:23,2018-03-12 17:48:50,2018-03-19,f15368fc82146080a85b803b47e6a131,2018-02-16
7e4ac7e51f277ac8bd918f82063b20d8,c43d980ae6e52210ecdbfcf8e763f267,delivered,2017-06-14 14:26:11,2017-06-14 14:42:51,2017-06-16 07:29:48,2017-06-23 11:19:39,2017-07-07,6176a6ca3a8d75da8e99af5506dc8497,2017-06-14
d13d925b4c366eb57388fbf0a99db1da,6ec53a01c735a94d14637d30fd68ca37,delivered,2017-10-10 23:24:10,2017-10-10 23:35:38,2017-10-11 18:56:04,2017-10-17 17:36:06,2017-10-27,0e2fbb911451e9543d4868911bef905e,2017-10-10
60902f64bb98d5d9911ee0c48ad5008b,994cace97b0f7461dd1b9912f0714560,delivered,2018-04-04 17:32:19,2018-04-04 17:50:29,2018-04-05 19:08:43,2018-04-11 20:07:52,2018-04-26,251e2b5f0f765503f7a20ee1dd259b40,2018-04-04
e641b9f6a659a79390e82e48859707dd,bd2a328b9b4edaf2c99ac219ebd7366e,delivered,2018-02-01 11:37:43,2018-02-02 02:54:05,2018-02-05 12:27:13,2018-02-10 18:01:09,2018-03-07,6a624079d93205c12f5325b45d796fe5,2018-02-01
36eff6fb1038c819d2f3fcbdbbc36df1,9de809b5f4fea7d2cbdd1956eac4d7ae,delivered,2018-05-07 09:12:14,2018-05-07 16:55:38,2018-05-08 15:21:00,2018-05-16 22:28:42,2018-05-29,882e7c72d7d3477dab6e3b561a50b426,2018-05-07
09b8d47d2f753e1c1ee4da43e4429ff5,903f32aafd0c0b8f44467b505107d153,delivered,2018-07-28 17:56:15,2018-07-28 18:10:12,2018-07-30 12:49:00,2018-08-06 22:28:41,2018-08-20,be9a181fe55cd448322d67120fac3843,2018-07-28
2aaab7e991347226dbda1f61c6785f88,55c72a24117236fa6e1e89bb2b4a02e0,canceled,2018-07-25 13:57:52,2018-07-25 15:10:12,,,2018-08-10,8be62615a1d342d4113d8d30cf30cf55,2018-07-25
336ed4e4f5edad73028eb4fd741e804b,1e33911f485f93fae7ebf9f9f26c54bc,delivered,2018-02-10 20:54:34,2018-02-10 21:35:21,2018-02-16 23:03:27,2018-02-19 16:17:06,2018-02-26,42a32de77a81d7864ea2f5cf3a6df9ec,2018-02-10
2d0d62c817b4a3bd553edad144cb23b9,00cf7bb323cf933b841728576c4de744,delivered,2018-04-19 22:20:46,2018-04-20 08:10:27,2018-04-24 23:18:37,2018-05-03 16:40:52,2018-05-17,9595c4a04247bc9a1930529085323033,2018-04-19
328ae377ef041759aacefa4eee149cdc,a829ee384e09cfdd79757cdc48e4acff,delivered,2018-08-01 13:52:54,2018-08-03 03:30:33,2018-08-16 12:45:00,2018-08-20 20:44:54,2018-08-15,be24a01b6f700eef3524d82b469b2c01,2018-08-01
0070092bb6004faafa287e5fc35971e9,399d1e628c48b7c3b6389098be566cfd,delivered,2017-07-25 11:42:58,2017-07-25 11:55:24,2017-07-26 10:47:53,2017-07-27 21:34:24,2017-08-14,0ee84527dd65b0a7fadd79df2fc273fe,2017-07-25
13029a6f70b0aa74acea8a239d7d1d6f,a645d9d4502ba3178fca0a3cec9aefd8,delivered,2017-11-30 11:08:27,2017-11-30 12:12:17,2017-12-01 18:11:52,2017-12-29 18:29:58,2017-12-27,49354d93b6f00c69011b1f5910bf8488,2017-11-30
324f3c3352916cbfee179bcbae1e8ce5,0949ec89804801eea30b31f63f49e2ee,delivered,2018-06-03 19:28:54,2018-06-03 19:52:03,2018-06-04 14:13:00,2018-06-07 00:38:23,2018-07-12,9337f86e11a381a0a6eccd6f9143b202,2018-06-03
543933b39ebd50e13884fca2829ccdf8,731bc8cd3f20efa7d59c2db944bb8b4d,delivered,2018-03-02 14:18:51,2018-03-02 15:00:29,2018-03-03 00:14:38,2018-03-09 21:04:32,2018-03-20,5ea60a7885845fffcd48d8aea054ec26,2018-03-02
6a1b1c85cb88090b0bc406c8a6fd8965,8bd636e3f2f38a8842f3d2cb1f68e5e5,delivered,2017-07-28 11:56:39,2017-07-29 02:25:46,2017-07-31 18:52:33,2017-08-02 19:06:53,2017-08-18,5b07d855f3356e33b1434dfb5a035cd7,2017-07-28
0de15ac1caf4268ed3340cf0473c1d16,8fdcae8f8a678afc8f8303c84428d22d,delivered,2017-09-03 13:17:38,2017-09-04 13:25:25,2017-09-04 21:08:43,2017-09-12 21:32:17,2017-09-25,5d1894e6e042a43ff7a8b82511cb5a84,2017-09-03
893a5dc3f4f76c2168a2e14be5671e1d,938a4f7cae49e83663e253ce618d8e92,delivered,2017-11-24 13:14:41,2017-11-24 15:17:41,2017-11-27 14:12:07,2017-12-04 21:52:27,2017-12-22,5ae1e66fd44e0c177ced08ed216a5b34,2017-11-24
1020cbc5eb8c82f34b7d93096010ceb9,06870616b5ec115b0f9435fc32682ab5,delivered,2017-12-16 15:53:14,2017-12-16 16:14:19,2017-12-18 20:03:46,2018-01-09 19:10:30,2018-01-22,e8ec187368d8dfbda17f255e0137ea38,2017-12-16
9afe140eb263e30124e4abeeb76c4100,3e6a9dd9bdf4c82361ee9fbafd472949,delivered,2018-06-16 11:34:44,2018-06-16 12:00:23,2018-06-19 14:27:00,2018-06-20 18:18:33,2018-06-28,324d3c93755a6a697210582d7d976f57,2018-06-16
0e9a2f8bcef22eac543de56cd6c24b8f,0c1095f12f17b8a8814c3b52b94084b8,delivered,2017-12-14 16:00:11,2017-12-14 17:12:56,2017-12-15 18:22:00,2017-12-26 22:53:32,2018-01-12,f614398f8fecd0568565d52203c67247,2017-12-14
1314746d24fc84d41f49777b0ad90c69,cdf5d3222d200deac16e4b4c2e97b519,delivered,2018-08-09 23:41:23,2018-08-09 23:55:13,2018-08-15 14:15:00,2018-08-17 19:11:32,2018-08-28,89c8fd00e68cd196611b48318f4b8bce,2018-08-09
a39d517f6df7cb33a7d4b3b610e94d1c,3ac1fc6e9d3bc2e8218298e7dd7a8b5f,delivered,2017-12-26 09:58:12,2017-12-28 02:37:44,2017-12-28 15:57:23,2018-01-09 23:32:35,2018-01-23,b6c4d674ebce90a34379319be479af6f,2017-12-26
0c8703831f0dff29ae877f4f9cce845c,d2f5dc6c6f4bf3e6c848267c6b63d6a0,delivered,2018-07-14 09:40:19,2018-07-17 04:31:37,2018-07-17 12:08:00,2018-07-26 21:28:55,2018-08-09,ba8e4563ffa217bd76e723e5dc0266cf,2018-07-14
225f91612c9a38c727b64ac3c7d11e7c,3421838a52fbff1c4771a2d523cb39cf,delivered,2017-12-04 14:59:26,2017-12-04 17:07:40,2017-12-05 23:41:44,2018-01-19 02:34:33,2018-01-12,3705f77fe0e8f958b47affc9f1509398,2017-12-04
0cd2179b125d8eab88815631c3ce586e,07dd0f56f96437f103f6718cc9e718c0,delivered,2017-12-14 17:20:32,2017-12-16 02:34:40,2017-12-19 16:43:06,2018-01-04 11:17:22,2018-01-16,781e46c8c808ad035cda5041057c8eb0,2017-12-14
b2d4f733ede00ab3acde121917de3df9,c1d6f0c6736f09944a5ae0ab8bb514f5,delivered,2017-11-28 15:27:09,2017-11-28 15:36:22,2017-11-29 21:15:21,2017-12-21 01:38:54,2017-12-27,19314dd514d8043d33f291a74db7fc64,2017-11-28
35baa1b2a801b5181147ad7c02723d9d,ea674b857582bdf75d6a2cf08df648cc,delivered,2018-08-09 10:24:12,2018-08-09 10:55:14,2018-08-14 12:13:00,2018-08-23 14:12:41,2018-09-19,839a04051a2c347397fd425d01fc3eb2,2018-08-09
ab2bdf1229c8b790d6ebf0f703023f01,efcd7d8360b578ca5bc76b33ab4b3aa9,delivered,2018-03-27 13:25:46,2018-03-27 13:47:53,2018-03-28 17:21:48,2018-04-12 23:32:21,2018-04-23,e32adc31eb7d235070c49ce1f8a946db,2018-03-27
dd33f743f8af5bb74051a4e3935388ba,95f347a9955c610485ec8ce536ee403f,delivered,2018-06-19 23:23:53,2018-06-19 23:35:08,2018-06-20 14:56:00,2018-06-22 20:51:20,2018-06-29,b8fe32c8945b1b11495d411e4e8d7d9f,2018-06-19
73ac25417f920bd2a20e770b8a37ebc4,c6cbf7166d1b72d60b6217b90990d9bc,delivered,2018-07-29 23:11:08,2018-07-30 18:30:56,2018-08-01 13:36:00,2018-08-06 17:36:07,2018-08-10,4190cd95848f843958c430791350f965,2018-07-29
e204e879fca83906b12991cb4d455799,d52cc5fc2dfff382fa124c800a0feb3a,delivered,2017-10-20 13:11:07,2017-10-24 03:49:20,2017-10-25 21:29:55,2017-10-30 18:06:16,2017-11-10,67a51ccbe579e2e604aa5d6e0b6860a6,2017-10-20
fde38569846bca72339489200ee42f44,8b7d23dd30d06f359eb4bf17c42bcb96,delivered,2018-01-09 22:55:39,2018-01-10 10:31:53,2018-01-11 12:03:02,2018-01-19 17:26:03,2018-02-02,90365189fddec8fc1ba51b14905217fe,2018-01-09
f121e3823450aaf75165ede57ffe3fb1,78548373639ca35c05156c904da7b3dd,delivered,2017-11-30 16:49:06,2017-12-02 16:58:55,2017-12-05 02:06:02,2017-12-13 23:11:38,2017-12-27,9b61dd49ba640ec864f865cc10aa8aa8,2017-11-30
ad6d3a18d2c834c332464ee72c2131cf,696cfe66865abec5b9a5165cc2b7bd6d,delivered,2018-01-24 07:33:26,2018-01-25 02:58:18,2018-01-29 10:52:30,2018-02-02 16:09:06,2018-02-08,70277af0052ed00f73bdcc75afb3f344,2018-01-24
4642b5eb7edc14a4a0dd2c2eb7b68e14,30fca276feb60858f0292213c46c9756,delivered,2017-09-10 21:28:33,2017-09-11 21:35:22,2017-09-13 12:38:05,2017-09-14 16:12:08,2017-09-22,55b992c01d44cb18a2bf64f4757bb99b,2017-09-10
19c6c1105d0814693c2555123f76cc1c,5b0cea612ade0b822a1cde77418a9791,delivered,2018-05-30 07:37:14,2018-05-30 07:51:21,2018-06-04 13:32:00,2018-06-15 19:34:28,2018-07-18,d8da92d40cebc7e5cd93daa7d642e554,2018-05-30
9d490e0cc1734e6efc3c66e08acc7d3b,f84f26f63740d611dc698e3000288cf1,delivered,2018-08-01 04:52:56,2018-08-01 05:04:02,2018-08-01 11:01:00,2018-08-07 09:08:54,2018-08-10,0fa106c070f4109f39a50144684c4afb,2018-08-01
167d27116a1c2e0290a505e98f352c3c,9026f16b4a80f2efd9dbc7be05f61cfd,delivered,2018-07-18 14:07:43,2018-07-18 14:22:14,2018-07-19 11:30:00,2018-07-24 19:21:44,2018-08-01,84dc3f6d36a6eab4549b01bf8d2fd714,2018-07-18
2be5c054b376cfbf66ca1842a48b365e,fad625090f41ef1d2b5e2e6da310ea8a,delivered,2017-11-07 13:42:45,2017-11-07 13:55:24,2017-11-10 20:44:41,2017-11-22 15:45:36,2017-12-07,1fc82729e465372e65390083c1ff22fe,2017-11-07
81694353e4bd6b9c70314404bee7367e,43fb19aec88356ab7a785666c7436ae9,delivered,2017-06-19 14:31:09,2017-06-19 14:43:54,2017-06-26 14:11:14,2017-07-10 20:04:08,2017-07-11,c8357179696e6ff367cc2f97532a491c,2017-06-19
b0b558b3576d4787a37f77a5250ff717,450ba1ad7318e1fd45d8ac3d9b33f1dc,delivered,2017-11-03 08:43:08,2017-11-03 08:50:24,2017-11-03 19:29:01,2017-11-08 22:20:59,2017-11-28,aa42f160789bc9114cd54d26566b95dc,2017-11-03
e706765d0ab55ce790c7713ddc4e1ecf,2376cdfca9eb8eed042914e8705728b9,delivered,2017-05-01 10:20:06,2017-05-01 10:30:14,2017-05-04 13:10:01,2017-07-08 12:53:25,2017-05-25,b5841660cdccf5c0dde07b5f1728777f,2017-05-01
87c4efb4c0e03d492ca4660004846a89,57313dc6058de7ab7fead823b827093b,delivered,2017-07-11 08:42:04,2017-07-12 02:15:11,2017-07-12 17:57:44,2017-07-24 17:43:49,2017-08-10,a22409cfb73c2603d9215813083785c8,2017-07-11
6a237417299073f59f68b14d3eb4c794,4241b08d083d12c99a329c9163db0d72,delivered,2018-05-14 17:37:41,2018-05-14 17:56:43,2018-05-15 10:44:00,2018-05-18 21:44:43,2018-05-28,9449e05527de6dc100d7b851364d8273,2018-05-14
6d03ab0713a35b9475f6c5ed0d989976,a5adb81886eb68c76f621cb69a2eb9f6,delivered,2017-12-01 13:49:05,2017-12-01 14:11:22,2017-12-02 13:09:27,2017-12-29 19:05:16,2017-12-28,cb9f1b479c24cdcbd80d7c7064e4c9fd,2017-12-01
a0926696307e88c39cc2fc46ebc9cee4,10212d95121fec29182c97042685640d,delivered,2017-12-05 15:17:47,2017-12-07 15:32:09,2017-12-11 12:39:17,2017-12-23 16:49:53,2018-01-03,ed4cb3c77ad59af708bae2e355b414c9,2017-12-05
5b9ec93a929c3ac36c58426030b286c7,feb218d83fec5edd15652761eecdabcc,delivered,2018-04-04 18:32:53,2018-04-04 18:48:34,2018-04-05 16:16:42,2018-04-09 22:41:55,2018-04-17,ec1a46ef8409aca3b3f94b01e02d6582,2018-04-04
0d71b869b9be4491cbc466910f186bd4,304116a2b5c0a0d97740d1ed7cd1006a,delivered,2017-06-19 23:34:03,2017-06-19 23:43:00,2017-06-21 13:20:53,2017-06-22 16:54:56,2017-06-30,56030b824757ac1ff1e598db51cca04f,2017-06-19
57232372e09e40010fd0264135cd2c43,b622c09c123485c3cb43854c319f8ac0,delivered,2017-05-11 16:15:03,2017-05-12 02:50:37,2017-05-12 12:00:10,2017-05-22 10:27:35,2017-06-01,4d0a36655fd8b23418624efafef982c3,2017-05-11
13ff8a02b63113dd72976dab2e01b171,de0af4a54889db8e1d4317a8bea43a25,delivered,2017-05-10 12:57:43,2017-05-10 13:05:43,2017-05-12 14:17:01,2017-05-19 12:55:55,2017-05-30,b9d637448a10f135a21ae39465ad6445,2017-05-10
2c46e039a885b9d82aca6fdbf7aeb482,c6f60acf07eaea60cdd170c37b8606ac,delivered,2018-02-07 11:22:09,2018-02-07 11:35:27,2018-02-14 18:52:47,2018-03-08 22:04:22,2018-03-06,061e2147297977f2a31cc05eea4888e4,2018-02-07
48614d2cd50444dc19b6585e6398bf33,b153b497b39881176a662c8edd5c5671,delivered,2017-12-26 15:18:16,2017-12-26 15:40:25,2017-12-28 19:28:58,2017-12-29 14:32:39,2018-01-15,6baaa78bcfa57252541e4714f9bcd1a6,2017-12-26
2463eaec66167230ee0c637e3598e2cd,7170c802ec75e5fcb3792110e68ab323,delivered,2017-09-03 21:16:20,2017-09-04 02:32:24,2017-09-05 18:51:59,2017-09-13 19:47:53,2017-09-25,00e2972a013072289c3e86cfc2b9e38d,2017-09-03
736dca37c6d52d16556556bdd7d208ff,cbb02f3bc8481f06cacb94dcde253af5,unavailable,2017-12-04 13:01:38,2017-12-04 16:33:17,,,2017-12-20,6794917b679172337e17b6a79927ade4,2017-12-04
393123cf50678c8c2e0921146719d7a9,1c80b2055d01d3abf9a94ff2d676925c,delivered,2017-07-06 14:19:43,2017-07-06 14:30:14,2017-07-12 20:04:37,2017-07-19 19:44:53,2017-08-01,d0665e0d9a9a44c9983bcf19357763c6,2017-07-06
8d42bc7cf9914679406f48db0e05e571,481bc44dade5fd594cc14012ba50b262,delivered,2017-12-01 16:35:00,2017-12-01 16:49:33,2017-12-08 22:16:05,2017-12-27 21:59:10,2018-01-02,7cb20dd79b4b5bfda52b712000a30de5,2017-12-01
c0a4f59b8df4e3d9d73bc2d28982fb1c,0acbcf4c99216f66aeb7c583bca57fb9,shipped,2018-04-26 14:39:40,2018-04-26 14:51:48,2018-04-27 09:35:00,,2018-05-18,c5a3b411f41e936cba27a68dbac0a35d,2018-04-26
00f6dbc6195397197ee147ee45607a2c,69a24d8e0de91f88acc612cb7d70dc1b,delivered,2017-05-01 17:23:57,2017-05-03 11:15:30,2017-05-04 13:46:28,2017-05-17 10:53:02,2017-05-25,466a171e9af288fa7c8d2e5d90c7f672,2017-05-01
38bf87ca0f718d17d331fe70eb7431aa,7d425acb99461ffaf9e807b06ebc3834,delivered,2017-06-15 08:50:42,2017-06-15 09:05:11,2017-06-21 14:07:20,2017-07-03 14:07:33,2017-07-10,b67c39b6d9b247db540c6ccf6c3cf72d,2017-06-15
69d838677089d135b38310ff74779901,44d1e5be01114b520202814589267106,delivered,2017-09-15 09:38:15,2017-09-15 09:50:11,2017-09-15 21:15:39,2017-09-28 18:58:36,2017-10-13,181943d611ace1afd289de482ba7844f,2017-09-15
6b0e4ed8dcbabec5410a8b28f0405cd6,565f86d78a5b057917366c58362a85c4,delivered,2018-07-02 11:12:27,2018-07-05 16:20:47,2018-07-10 15:27:00,2018-07-13 16:41:49,2018-08-07,05b18010a8a20bb7103a7c67b1b37800,2018-07-02
a462c8de1c8c82abe3661cb123a167c4,34f95f0bfdae9d74c69ca03c5ef7d652,delivered,2017-09-06 14:28:10,2017-09-06 14:43:55,2017-09-15 17:13:34,2017-09-25 22:06:47,2017-09-27,a2311e89ac2c26760a79af2a90f9ac8b,2017-09-06
14083f06e3e4bf1cd90b09251b0b7061,767e04f5c232aae9f6efb7bf1fb04cf1,delivered,2018-01-25 12:40:12,2018-01-25 12:59:36,2018-01-26 19:13:17,2018-02-02 19:27:51,2018-02-22,740c7750bdb77759e9b410eccab28793,2018-01-25
8a06390a35c02135e18a6d75a3831ba4,373f56c05bbbcb272c4700212dee070c,delivered,2018-02-11 20:05:15,2018-02-11 20:15:22,2018-02-16 01:23:10,2018-03-02 00:51:49,2018-03-12,5bb26f39e62a9ea5bdef94b964f04fa5,2018-02-11
af7849588d1bc245d9c07492a05db887,4f0a80cfa4a5eaab069330b6941fd9fd,delivered,2018-03-17 01:47:28,2018-03-19 11:28:05,2018-03-19 23:58:40,2018-03-27 17:37:37,2018-04-05,b0c12d544576f6709bd730612a9cfbc8,2018-03-17
3b2c1076db50e3fbc99981ae5ca1e6aa,303fb7551f5f1e31c71dc4a84e202375,delivered,2018-08-20 16:27:48,2018-08-20 16:50:01,2018-08-21 14:35:00,2018-08-27 15:12:35,2018-08-28,5d186779066a00491fe5c0429b1d3342,2018-08-20
7d92cb6758010db52a51e6e283edcd6f,1e512c6eb672d5c4b47268752d86060b,delivered,2018-05-07 22:01:43,2018-05-07 22:11:37,2018-05-08 13:56:00,2018-05-14 23:46:47,2018-05-23,3b927d7e51ae0a57e0f7e7efd12faf17,2018-05-07
969d3f02f498a3db8037e194ed29cb4c,7c27d90ed9cded084da9e9a54472f983,delivered,2017-10-08 16:48:00,2017-10-08 16:56:30,2017-10-09 19:37:44,2017-10-13 17:14:17,2017-11-01,c3c06a0f7692aeb2478cded3ecc3f2be,2017-10-08
152c82feee7072e62c6496ad13cc188d,4ae7657c4b99ad33c3b842f5f0decd86,delivered,2018-07-25 15:49:36,2018-07-25 16:04:47,2018-07-26 09:14:00,2018-08-02 20:28:35,2018-08-14,c3a2541d3d73ffdf5c42dc6ed3a781c0,2018-07-25
e2078bdcaaa9e81bb8bab8641489dcd8,7ac84be99fa92537dc66ed34057ae742,delivered,2017-12-26 19:18:51,2017-12-26 19:28:21,2017-12-28 10:58:20,2018-01-03 15:22:09,2018-01-19,5b851034f9e2d218bd07a7d135682f77,2017-12-26
a37bfcf3d20f35acbeb8802726c3fabd,d81da029b132ec65b31f0ad2b7d6f728,delivered,2017-11-26 23:06:02,2017-11-28 03:19:42,2017-12-08 02:34:06,2017-12-13 13:58:50,2017-12-22,413329dc15f2130e3e7fd597a51651a2,2017-11-26
b263be16ee60d34da81f89c59ba85ed4,eabc0ac2cf33061b6a498f226194cf8b,delivered,2018-04-20 11:01:36,2018-04-24 18:51:31,2018-04-25 14:54:00,2018-05-05 15:10:55,2018-05-09,195a7a1cdeebc3849c6196079a1ad59f,2018-04-20
88c1796abf705db4504c5e18914edfce,2f350cbd2b1d1868c511b54f6bf9d3f9,delivered,2018-03-14 08:38:24,2018-03-15 03:29:31,2018-03-16 19:38:22,2018-04-09 22:33:30,2018-04-05,f38ddd27ff8e8dddccb544e5751dc864,2018-03-14
aa797bbf394057d8028348d4197a4005,1920602a4a42900cee65ac56cf2071bd,delivered,2018-06-18 08:46:14,2018-06-18 09:13:50,2018-06-18 15:00:00,2018-06-19 17:49:35,2018-06-28,44ba665f6047943b97f60fbb758fa570,2018-06-18
feba3a25c875f5f95f3d57f54aaefa10,2682c514169a4920143bf0ddc6cb67b3,delivered,2017-04-02 10:28:58,2017-04-02 10:42:50,2017-04-03 17:27:56,2017-04-06 14:03:56,2017-04-26,5081a85d300ef9753d10f6d48f41c626,2017-04-02
9f7a5181d7e444fb3cc09b5cf99d417c,7a9c13db2472716010166b76727665f3,delivered,2018-05-03 13:19:06,2018-05-03 13:34:18,2018-05-07 09:59:00,2018-05-10 22:37:42,2018-05-22,02379766f7d489377d4a0b5e5a7bd40c,2018-05-03
5ed8f4bfd8583d251f719e31dd697690,128188e9cf187ce458b6b77b468fccff,delivered,2018-05-10 21:47:24,2018-05-11 20:30:49,2018-05-14 16:10:00,2018-05-25 21:47:36,2018-06-13,7ad6ce39a91cdab266d18f6beac1b0a3,2018-05-10
41fecd3ee080963d54b99007e1393f97,c612eae35f6ecdff3b2f877149881c38,delivered,2018-02-21 17:01:32,2018-02-21 17:10:35,2018-02-26 14:25:56,2018-03-19 20:08:48,2018-03-15,88eea50932a35ff33cdbe87b8e1fdf25,2018-02-21
817e8b5495d2b31da82dfe5a89aacdba,bb4b3ce332df6f94fcd95ed5131cac94,delivered,2017-08-17 16:33:28,2017-08-17 17:15:11,2017-08-18 15:49:39,2017-08-25 19:15:36,2017-09-11,f96429b59a7cc8fd0110c5e5a81a0994,2017-08-17
95c98b104ca0e68739f62a280a5b00de,67e006c137d605a254b58576a282ec5a,delivered,2017-06-16 09:00:03,2017-06-17 03:45:24,2017-06-19 13:22:30,2017-06-30 13:03:03,2017-07-10,166f0badb3f1888c869e8eaa44ec0512,2017-06-16
57d0641da97fead93c9541a7c3b1fc75,06909593a3382d75b06bcde5c527ad59,delivered,2018-08-27 17:18:42,2018-08-28 17:15:19,2018-08-29 19:57:00,2018-08-30 23:58:30,2018-08-31,d44f553a3663a6323c901cf1f0a47c87,2018-08-27
8ed4df9e21def5033d20475c0e568c92,fc17baf4dcd77a8e52ccf15b42f82c2e,delivered,2018-05-14 13:48:00,2018-05-14 14:09:59,2018-05-15 14:51:00,2018-05-21 21:26:39,2018-06-20,da533dfdc1a3ab068ab6107f443c6a9f,2018-05-14
b0ef007a9f33ffd24dcfba02178afed5,46892c9ab706c93de01025d07b029234,delivered,2018-04-09 11:00:52,2018-04-10 10:55:25,2018-04-11 00:08:39,2018-04-16 22:17:47,2018-05-02,f3b1b8e7f16598ac61071071cc3203a3,2018-04-09
23259ed6c735fe1c3e748d9400ff4a79,79f96d2cbe80d476674fe8df8bc4d5f9,delivered,2017-11-24 08:29:46,2017-11-24 14:32:47,2017-11-25 12:28:54,2017-12-08 22:10:56,2017-12-15,7bea0a307af6b2f031657ef855a10bfc,2017-11-24
fe8fb13770857cd6d22fda24ce5bd4a6,4cfd1cf4ebdcc9beb01c7b267359dd1a,delivered,2017-02-04 21:27:04,2017-02-04 21:41:56,2017-02-13 02:37:51,2017-02-22 13:05:42,2017-03-07,6f3b80ba079455b6aa9fd86e065f6a1e,2017-02-04
5a8860de5c94def4edfddc2f88880b2f,d4e2b78958020f76ccb03034b94b1a43,delivered,2018-05-26 13:28:01,2018-05-26 14:35:17,2018-05-29 13:36:00,2018-06-06 18:38:44,2018-07-05,99172dcdec60d7c00f2f6cedcdab4c3e,2018-05-26
86430d523480a84b621ef0c347f56ff2,df36c3d696e5167eaf8dad13008e5f3c,delivered,2018-07-31 12:47:31,2018-07-31 13:04:31,2018-08-02 13:23:00,2018-08-08 17:23:54,2018-09-10,a0f575c70c2eb6e4ba6843930b50f8f5,2018-07-31
b9f31e3a32f182587fd629c681118d79,d602a0c12e9023bd9f13bed51e8d4caa,delivered,2018-01-11 11:19:49,2018-01-11 11:28:36,2018-01-15 16:28:42,2018-01-22 12:59:31,2018-02-09,8d6e2d63be229a4d1ac7e7087a32b5d6,2018-01-11
97a8e78c9b29af3ed3a454d82a5ed310,0d91c0772ebbeeb7940a79c886b29a3a,delivered,2018-04-25 13:10:00,2018-04-25 13:30:59,2018-04-26 12:55:00,2018-05-03 00:12:48,2018-05-29,a9e8a8258cc9ace2554030c55c1da9a6,2018-04-25
a01b8c1afb8cc652c7d3b3d069951729,1cbec9e3f90761ff856fe2487f253cc4,delivered,2018-06-04 11:13:02,2018-06-04 11:30:43,2018-06-06 07:31:00,2018-06-18 17:56:41,2018-07-12,f1bc47b6c804a6fc63a5f584508f0bd5,2018-06-04
9aaa81b734b180a0c3f2aa1295666bdf,0be267b9bd2ddb2eb1e6112612f5b513,delivered,2017-07-10 11:55:07,2017-07-12 02:15:32,2017-07-13 12:17:40,2017-07-25 22:42:59,2017-08-09,5d01ac79738d2c0486e52d4ce873ccbb,2017-07-10
84b33f3ecdf8f82df2db1517f0f44396,9619f561d67cb918bf4a6d608a04febc,delivered,2018-06-18 20:50:11,2018-06-18 21:17:49,2018-06-19 13:17:00,2018-06-25 13:18:46,2018-07-11,3191762c3dbb98aeb88b8f77bb2fd343,2018-06-18
952634393483fd90dea9be0d3c8ea581,0f0e7b31cc8256b64d06a44aa5da0e6b,delivered,2017-05-16 15:12:47,2017-05-16 15:25:16,2017-05-17 14:04:10,2017-05-23 11:28:01,2017-06-22,b79024baa42998a7f887b56f9ea79304,2017-05-16
c9fec30469cd7bb3784574c3200b828f,4fa7e70250c6a3a651de8b0151353b5a,delivered,2017-03-09 17:28:19,2017-03-09 17:28:19,2017-03-15 08:32:19,2017-03-22 12:25:13,2017-04-03,605741a874b6b50b5c346846107ca075,2017-03-09
89459df51caaa029d2494f4b36f1b96a,a8a1a5d2e8715b7a7a7d558a727509c7,delivered,2017-05-24 10:54:15,2017-05-26 02:30:18,2017-05-31 13:23:15,2017-06-13 17:46:01,2017-06-06,fdc1353690b8a0895a2faef8c3575cbc,2017-05-24
1ec0c008e2f52adf3af40327df25cea8,1ea06ca6a82feeb3caf1e35c01887ed8,delivered,2018-01-30 09:55:32,2018-01-31 13:32:07,2018-02-01 14:14:29,2018-02-16 14:51:51,2018-02-26,e2be2bc8ff975c135f37ce2418e1c68d,2018-01-30
787da13655afdfe6f549e008c69ebca7,916a0ed6e7b137a78ca9e6e752f676a1,delivered,2018-03-23 12:25:41,2018-03-23 12:35:39,2018-03-23 22:18:55,2018-04-03 15:12:46,2018-04-16,d63141f0bc29d2b4acbec78f6b52f189,2018-03-23
466334b9ec76342cf368c99aa06375cc,1efebd69ab836c96419c1606dc79c1bc,delivered,2017-12-04 11:30:44,2017-12-04 16:30:35,2017-12-07 18:53:35,2017-12-08 16:54:39,2017-12-20,097bafa0b6b397c9695473e39934bdc7,2017-12-04
f9b91536d4ba5625abb8769a3183b657,62c2731d5d684217ed13e33db600260c,delivered,2017-09-01 22:22:13,2017-09-02 14:44:02,2017-09-06 21:26:36,2017-09-13 23:20:02,2017-09-28,fc16565ad8c9887ecc561e0708cd14ba,2017-09-01
172fa490c511f028f9fb22f36a3b0d83,cb3ec78e0c9eec2708ede27637e9ebc6,delivered,2017-11-29 15:07:10,2017-11-29 15:15:31,2017-11-30 20:32:15,2017-12-20 21:33:14,2018-01-02,4b6a740898a321caf1931e71f7dbf17b,2017-11-29
9800ee2371539396d5bb270f1e844e11,ba4ec83bdd2a861c366574f0d4cef56c,delivered,2018-04-08 18:01:46,2018-04-10 03:55:28,2018-04-11 23:25:46,2018-04-13 15:37:51,2018-05-02,8479ef9838c9bca6f1ad143f1c0404f9,2018-04-08
38818b191327c9095735fe8132a0b728,694641abc740efed70f7112802eed054,delivered,2018-05-15 23:18:23,2018-05-15 23:35:15,2018-05-16 13:15:00,2018-05-21 18:44:49,2018-05-29,9a0dff840bad52a6bbc28367a21449e5,2018-05-15
823bfedb2c6c0e1d98750d4d7fb3c1a0,31f0f6f285d4ddb2179e8d695930202e,delivered,2018-03-25 15:32:59,2018-03-27 03:35:15,2018-03-28 20:27:36,2018-04-02 20:36:35,2018-04-12,6a58b81763c22bf8ae1234c3e1836e7b,2018-03-25
cc85b0be56a5a15d2146816d54ee0eff,6f1393f12f1db16beb9ffde24d6018b2,delivered,2018-01-15 20:09:27,2018-01-17 03:38:42,2018-01-17 17:22:31,2018-01-30 22:28:55,2018-02-07,501ff67ff20c4eba841e2d125da18043,2018-01-15
efa247c04ccbd33d0ddfdcd3817466a9,2c0d19a3ca20bb61b938eacf22b6b6dd,delivered,2017-11-15 16:26:01,2017-11-17 10:50:54,2017-11-17 20:56:42,2017-12-01 18:38:57,2017-12-11,a692c9e28a1437550e1ba407ebdf47d9,2017-11-15
fe802824215762b3ea5f49760eac0bd4,adb4b9cd38cc8cf96110b37c02f7a739,delivered,2018-01-06 17:32:11,2018-01-09 16:32:35,2018-01-15 18:05:57,2018-01-28 17:43:09,2018-02-05,8ca65fef69bdf0299409e1b52b6229f5,2018-01-06
7354aed5e2d142803a8121059f1e9324,f30c4202fba22ee2b49b2af16767b380,delivered,2017-08-28 00:17:53,2017-08-28 00:30:26,2017-08-29 17:55:02,2017-09-02 16:12:44,2017-09-15,457db8fb18e448a5dce85d3971495099,2017-08-28
b8e5479aa8fa4ce67ffdd5bdd92c2303,27cd74c2fb9278dc9a872029a1edc6c1,delivered,2017-03-23 18:45:20,2017-03-23 18:55:15,2017-03-24 14:12:13,2017-04-06 17:17:32,2017-04-20,547d96d61444758bad5bca8d0e3401bb,2017-03-23
d6a544caf1fd9274c3ff0d13257bfeac,fde0ee97ca2052ac432724b847a0bb51,delivered,2018-06-02 11:14:09,2018-06-02 11:31:22,2018-06-07 15:04:00,2018-06-11 21:48:56,2018-06-20,eb0fbfa5630b5176ea4ec7b9b1239473,2018-06-02
f1ee3463a2c0ddd328a63ac9db6af746,5645f6b97d3740bc2846f27af1fe973f,unavailable,2018-03-15 19:08:52,2018-03-17 02:55:36,,,2018-04-04,034e7f551239546ae63e45d0b1186ab1,2018-03-15
d327d4550c9e554034f23cd77a8924a4,0581d4ef9081dc26ed2e1580a6e34ea3,processing,2017-05-09 12:57:11,2017-05-09 13:10:39,,,2017-05-30,2587940c36e40620fb5384f80d56bdb2,2017-05-09
8d3815553beb9e0a66908d8df19e7ffb,62ca0be9b9b1232f45da308d28f061bb,shipped,2017-10-20 19:51:41,2017-10-20 20:05:36,2017-10-23 19:10:52,,2017-11-13,7d4e11cad3ad4e059aa2eaa8de219531,2017-10-20
30e0eca22712c9c8dc922d890a4e0c0c,42fc864d451bb4b33b723bf6730a042b,delivered,2018-01-28 00:07:44,2018-01-28 00:14:44,2018-01-30 00:22:33,2018-02-14 12:52:46,2018-03-05,d4b6dd98cf19070cf479018bbbe161af,2018-01-28
87980ebda651df2ddec79138c0366d96,78292d3014075572ac392eafc05ae2b9,delivered,2018-04-30 17:22:01,2018-05-01 02:38:48,2018-05-02 12:57:00,2018-05-08 14:59:30,2018-05-24,29f8e372b3b1d42ad2e00a0b976bfc34,2018-04-30
3a6b05ecacce688f20fecd1824db1c58,6ef189a5fb5fd30cda5d5e7aa2f96e4f,delivered,2018-01-14 18:16:33,2018-01-14 18:28:31,2018-01-15 21:42:57,2018-01-17 20:30:06,2018-01-30,d24aff1ad0f3ca3e1a859f7ab3134f2b,2018-01-14
3d7d60b10ba4b43cf6f6d5df2e933f67,02cb3a8ef6e13d37560379559e2f533d,delivered,2016-10-10 18:09:39,2016-10-10 19:00:39,2016-10-30 14:57:59,2016-10-31 14:57:59,2016-11-30,d51c96d2f1d710b94744d6f7b88387d7,2016-10-10
d5df7cabf2a09710613a5ec9d089150b,69e18f38951d34592db4c7ca5e591101,delivered,2018-02-15 01:23:30,2018-02-15 01:35:20,2018-02-15 18:12:44,2018-02-22 14:14:23,2018-03-01,4697e625af65073d5d5223f663c2d5ca,2018-02-15
86198e40464e410dbb14a4ae8e03ecbc,0d68337f488186409a070dfe9dea0b81,delivered,2018-02-06 09:34:23,2018-02-06 09:50:10,2018-02-16 17:03:53,2018-02-26 22:09:32,2018-03-15,7370a0c1920f4a92e1f09463099e9b42,2018-02-06
227a77cf2c1425f0207076c524b1bb5e,4c1b6904113f2fe66abb338150c60697,delivered,2018-07-04 14:48:12,2018-07-05 16:32:36,2018-07-05 14:22:00,2018-07-06 19:12:31,2018-08-02,bf1b0f46fcc225bb6d6d512f9727d564,2018-07-04
32a5bc9d3f2a71d05c275cfb8d2adccf,94dbca303a9992cbe54a1a2cb78df2a5,delivered,2017-07-20 13:38:18,2017-07-20 13:55:10,2017-07-26 20:03:26,2017-08-03 17:23:48,2017-08-18,0d51e1d665d652b294c5246222e8b716,2017-07-20
065963d921de479181824ca8d8737935,39c97375f33b48f0e40142121854d6ec,delivered,2018-02-07 20:18:59,2018-02-07 20:33:09,2018-02-16 18:53:24,2018-02-26 14:26:43,2018-03-09,0f0b49d45120fcb28bda56e94bc85673,2018-02-07
bc3e295306ee4d3eba91aca49b0bb539,000bf8121c3412d3057d32371c5d3395,delivered,2017-10-11 07:44:31,2017-10-11 07:56:17,2017-10-13 15:16:26,2017-10-16 19:35:33,2017-10-24,1bc9b2dad6aefbfbc011508e34c8adfc,2017-10-11
0c06719338eba9ad30362c43bad76d87,627dfd4a1b84a6a7e2a5e989ba72101d,delivered,2018-07-10 17:52:57,2018-07-10 20:31:01,2018-07-12 13:23:00,2018-07-16 13:51:39,2018-07-27,4c3e319751f31fb9c21a247247fe85e0,2018-07-10
77c820f0779ad518a4a2c6ddba08477c,826edf98e54310d36fac3342e624dab7,delivered,2017-10-17 23:40:33,2017-10-17 23:49:42,2017-10-19 23:13:32,2017-11-13 19:42:08,2017-11-21,cadfd65da64dd51f3f445921f3540012,2017-10-17
3252dd45c17883d5627d7c9aa1ef9bd8,ff0ef6940fa0335287ff7d9a67477e34,delivered,2018-01-17 08:10:22,2018-01-17 08:29:18,2018-01-29 18:49:31,2018-02-03 14:16:40,2018-03-02,d9e724e4624dd09a84815bd03885e9ca,2018-01-17
68dac825547e9410f017e7d9dd6daee0,8e3d0b8d1eadcbfdfcce1672e70c3ca8,delivered,2018-07-23 11:22:25,2018-07-23 14:30:51,2018-07-23 14:43:00,2018-07-26 20:43:42,2018-08-16,f846cec16a9ef87e550ef227e1e25a08,2018-07-23
f32a550a349f4749ad02133d61ced124,ca906127c621a7029dde82b6965ff366,delivered,2018-02-13 15:37:27,2018-02-13 15:50:28,2018-02-16 22:16:33,2018-02-26 18:44:58,2018-03-13,2ce3418cd7badcaed052068125c64b87,2018-02-13
2c67561120ceec16df8e4b5753e23193,f9edf85c1fcab98c046a6b4aa674f27a,delivered,2017-09-03 20:39:02,2017-09-05 04:24:34,2017-09-11 19:55:56,2017-09-13 19:24:48,2017-09-21,1e3c2a4fa0cedefada8f2a74e8d73c13,2017-09-03
de0d8b8e774b3211e7e001d3e5985470,55fd5d10a5036383fe19af015d2e5a80,delivered,2018-05-29 14:21:11,2018-05-29 14:39:40,2018-05-29 14:26:00,2018-06-06 20:26:30,2018-07-04,8ad6fdb3d658f916f444aaf55a49bb29,2018-05-29
361db03164887c1d35adf146e89ac533,9ec0c5bb4f39470f0198f148f4a8943f,delivered,2018-03-09 21:58:11,2018-03-10 04:48:18,2018-03-12 15:10:48,2018-03-21 01:51:51,2018-04-03,9c4af2403363c44a1fb540c6209edda8,2018-03-09
f7f46af81b7c22c74b8d97f38a8adb5a,bb36797e2cd21892856f26ab19fc466b,delivered,2017-02-28 23:08:47,2017-02-28 23:22:08,2017-03-01 11:03:48,2017-03-13 12:38:30,2017-03-22,64be3c1bdf231afa70b0200beafe0b09,2017-02-28
a9bbc934d59147ac5d452271a95e4891,b43cfc5b2a646988816394648576738e,delivered,2018-04-10 05:48:41,2018-04-11 08:50:49,2018-04-13 23:51:50,2018-04-24 12:08:45,2018-05-08,be67e001d4f7e22f43289d91ec41935d,2018-04-10
c79ba7d8e02ca2a64a4474bc0927a03b,63c69d97834767e5c396a8c740967561,shipped,2017-12-06 00:03:51,2017-12-06 00:12:35,2017-12-07 21:09:22,,2018-01-02,e50a7c66f180d4c330e1689bc42772ae,2017-12-06
af4cba92abfe8fdc4502754b7d91beb8,785825a3145367ebfaa8b213aff33af1,delivered,2017-09-11 09:26:49,2017-09-11 09:43:20,2017-09-12 15:17:49,2017-09-22 22:51:48,2017-10-09,9e7081294b8909a192191a52752131c1,2017-09-11
8b3bda465a61f930742d256916d1d7d9,72439ef3181cd62d5b508cb9beb48c4c,delivered,2018-03-18 12:38:29,2018-03-18 12:50:33,2018-03-26 19:29:33,2018-04-02 15:21:22,2018-03-29,6a9228e8188372259d9a1db0e80b5af8,2018-03-18
a80aedf3acd66b4cd4f63901251af78f,36124cec171c5433dccc49bae61bd8ce,delivered,2017-04-25 22:22:31,2017-04-27 13:37:07,2017-05-03 14:29:38,2017-05-09 14:20:09,2017-05-15,be73cd7494ec36befdb18b00a03dc642,2017-04-25
a1aae88ac8b48e870e9fe5dc2ea8730d,c227a5a137bda4069d4d913eb9715765,delivered,2017-08-15 22:09:11,2017-08-16 00:50:16,2017-08-17 13:14:00,2017-08-24 20:23:33,2017-09-04,fdce045e93bafe4c88aaeb16e4de8c4d,2017-08-15
da4166921f982b905ce0d4afd3e4eb02,22730a84263075f8daa82815f391c2d7,delivered,2017-11-10 23:17:44,2017-11-10 23:30:41,2017-11-14 14:26:35,2017-11-27 19:09:59,2017-12-11,f626e04100d0d00724d0bea895ccd9b8,2017-11-10
d7516b945750658964b64128d3de72de,5add23093af926ef474c767dd401ee6c,delivered,2018-05-14 16:02:39,2018-05-14 16:13:56,2018-05-15 14:37:00,2018-05-16 17:24:34,2018-05-28,d45ec5fd35a9fd9b66051945f107fa26,2018-05-14
9d12e7d13379e3e2a600bfccb801604b,1a5a3898747599fccb25a7201c603bf3,delivered,2017-09-17 12:49:39,2017-09-19 03:38:18,2017-09-19 19:13:50,2017-09-22 19:40:01,2017-10-05,17e873c00e3fef97c9f1347c6681bd1a,2017-09-17
da28ac567f1bbe704eb39c1d21c53a0d,f1dbd5b4e2100112b354805ad704e604,delivered,2017-03-06 15:55:08,2017-03-07 03:50:29,2017-03-08 11:14:37,2017-03-14 09:38:56,2017-03-27,f8f1963398b95ea31797dcb821ba8541,2017-03-06
da225376046ab771e41a24f84f53f536,6e487c18c49fbce6f7cabc4b4565e156,delivered,2017-04-11 21:58:16,2017-04-11 22:05:24,2017-04-12 12:39:58,2017-04-19 14:44:35,2017-05-05,ed1b93b5f34254686f7765a2af95a6f8,2017-04-11
611422343cc9f16ead16e75de8622dab,56ca9dd30b41a32667730b7b3c9b7ad8,delivered,2018-04-03 13:39:06,2018-04-04 03:29:26,2018-04-05 01:33:14,2018-04-28 00:44:52,2018-05-02,74775b185d083e023e791aa9b00acc08,2018-04-03
fd65881e4d025c30be898ab8dd8bb736,807897a98979ed081824f8d57e3cd44e,delivered,2017-05-16 22:25:20,2017-05-16 22:35:20,2017-05-17 10:40:44,2017-05-22 23:29:28,2017-06-07,1fe3f32614afcb3e59289960c0de5b71,2017-05-16
2d881e3c6da74bac32d844fb3eef6931,4764d7ffd9539c85c9a8f8342187c9ff,delivered,2018-01-17 16:13:03,2018-01-17 16:32:46,2018-01-23 02:15:05,2018-01-29 12:53:06,2018-02-09,fc39ab48d908b061e6ea3b4305b449ba,2018-01-17
8297b34c026c282fa7c0940d7217b87c,3a992e6a82ee84aa0877d9740bd50325,delivered,2017-06-10 20:32:42,2017-06-10 21:02:50,2017-06-12 12:21:03,2017-06-23 12:04:25,2017-07-11,669847632976dec8e615a869b2f7dc0e,2017-06-10
84e407da1f6a0299466bfa129b7311c3,1265dac0c8d709601a1234e4a76343d3,delivered,2018-02-03 15:25:59,2018-02-06 04:32:45,2018-02-10 11:44:42,2018-02-22 00:24:08,2018-02-23,976a362337483723d9dad153bbade3c2,2018-02-03
c832ce5ba2a8d18876c7498fe257f7e2,679d652ccfb090a95a303461dc11a668,delivered,2018-03-12 12:32:29,2018-03-12 12:48:39,2018-03-13 21:25:46,2018-03-27 15:42:52,2018-04-13,6cb334a771ed67d344f5a5182b986d11,2018-03-12
eb4fc04dec501a9893d00e5090e59f7d,36229c07f9122516f4f75bf0f53f445c,delivered,2018-04-18 15:43:43,2018-04-19 02:10:52,2018-04-24 21:22:46,2018-04-25 21:32:06,2018-05-02,5f3a1cc35c80ec1594c431b92ba2da32,2018-04-18
64397307c6954ae1ad2ad8e791ad8a31,ed421f2bf6c0ea955e4ac8a5fe646b94,delivered,2017-12-27 22:36:41,2017-12-27 22:47:44,2018-01-05 00:44:26,2018-01-15 19:39:13,2018-01-29,fffbf87b7a1a6fa8b03f081c5f51a201,2017-12-27
90551de7b2d0a7cae5254f30afd7b761,4870fd3dd96185117a9165d9be8cf09a,delivered,2018-03-13 10:15:51,2018-03-13 11:20:39,2018-03-14 19:48:34,2018-03-20 10:05:23,2018-04-05,a45653bb3070a7504b2805d252c96cba,2018-03-13
ea7221ed75c18585b0558f1df2979bdf,fc7d5050279455bec7ba29f3a45e7092,delivered,2018-01-28 18:40:31,2018-01-28 18:50:21,2018-02-01 01:13:16,2018-02-14 17:23:30,2018-02-21,b17ffae028f869285706f779bdd130dc,2018-01-28
fd50846b20c17e489103e3f00efdb5e5,4827c8af68e3471f20dc4f5d9a41cd37,delivered,2017-02-22 11:13:43,2017-02-22 11:25:19,2017-02-23 05:44:04,2017-03-02 14:09:02,2017-03-31,72df25f16373d573a6d87dedf654f84a,2017-02-22
7df620c5efd94b149ee17db0a48e4916,aa5e567592c7fce76e3937e35c6a4ecb,delivered,2017-12-11 23:21:10,2017-12-12 00:14:50,2017-12-12 19:24:44,2017-12-14 01:22:31,2017-12-28,33aca86429de0f71ff7118b93bb09712,2017-12-11
cf23765a36f2957f143e96a358682882,f46a004eb72287f1d215003b493fbd34,delivered,2017-11-14 13:25:40,2017-11-14 13:36:11,2017-11-22 20:31:20,2017-11-28 19:28:59,2017-12-11,cdcb92c409c23301d05f043383330186,2017-11-14
df719e82188cc47552d259703d5413f0,d71f9e25f2db23f5cdd2bd4d931e23e9,delivered,2018-07-28 20:25:08,2018-08-01 16:31:43,2018-07-30 14:58:00,2018-08-01 23:38:58,2018-08-15,c19526f76fe204393c2e18146a07fecd,2018-07-28
7acb2e2b8caa44792627d9bcccf40b95,26c039a813a4c04b92fa1f38572501d1,delivered,2018-03-26 11:05:42,2018-03-28 02:47:56,2018-03-29 01:10:30,2018-04-07 01:21:17,2018-04-13,3df37cddc0b550720a407fe5a1fe27c6,2018-03-26
2afae7f170a9a4b132f5d26a2aa53feb,6439ea90707454d13d653853845f5721,delivered,2017-11-26 10:00:15,2017-11-26 10:11:22,2017-11-27 19:38:26,2017-12-06 18:04:38,2017-12-15,dec8755381b4ce5dd52a2f90f938f072,2017-11-26
02742159d4c85a23b993b6f11ae044ea,d179f9e9c42bb8355300f094908ebc7d,delivered,2018-01-15 13:37:28,2018-01-17 03:36:45,2018-01-19 20:22:21,2018-01-22 17:32:41,2018-01-30,4dbcc784af3e9cff899f8e7b72ac5ce3,2018-01-15
6b4d058045fa7ac94844f599d975fa73,8bf38ab6057b0c2f07f383f6d899f7c5,delivered,2017-05-10 11:31:38,2017-05-10 11:45:15,2017-05-17 13:35:45,2017-05-18 11:52:21,2017-05-26,8e4369dd556cd8ca64e30de4f8cddfb1,2017-05-10
a80b9e4d406b12636bb0f6792cd1862d,95b4cc7e3b32e271d581e3dce4403c77,delivered,2018-02-27 18:14:18,2018-03-01 02:48:59,2018-03-02 18:07:22,2018-03-06 19:21:40,2018-03-13,bb6d785b806cb1eef824812b06b9f15b,2018-02-27
860c765342eaa4f946dfc210c1898072,8ba72df9f8da30c34c3f31f5cc762e8e,delivered,2017-03-08 10:33:45,2017-03-08 10:45:18,2017-03-16 07:42:23,2017-03-28 13:32:59,2017-04-04,233fd54efdf9c6a5af51fe9cfe88fd4b,2017-03-08
da225d51cdb2a615ac38734cfdaebab4,5a01248cc0f2dfc237fe63b35f27a918,delivered,2017-02-10 12:13:02,2017-02-10 12:32:19,2017-02-13 10:12:30,2017-02-23 08:53:59,2017-03-13,9fc6bf73e3c3b68c7e3ab91ab0f40058,2017-02-10
2130b83c315c16dd6afd6c742c6ae4a2,922f8983e459278daa15437950d93666,delivered,2017-09-29 22:34:09,2017-10-03 04:35:17,2017-10-04 17:32:56,2017-10-18 20:32:34,2017-11-03,1b8fa1f83767978408ddfdd4105d31e4,2017-09-29
e903b78abd758568d7597212405c6576,d6fe1f0a70ce8532f4e3a442664f51fa,delivered,2018-06-15 08:02:54,2018-06-19 03:57:36,2018-06-19 09:24:00,2018-06-28 14:03:32,2018-07-18,d2e8567398f17f502a49d198a480caf5,2018-06-15
b080474e9c0057bcc274eb9e087aaa09,348a00565d40dfb3a6a6a2cb59159131,delivered,2018-01-15 23:58:47,2018-01-16 00:09:28,2018-01-18 12:33:12,2018-02-07 22:43:14,2018-02-19,31293e1997e11545f4ba40ca0cf29f21,2018-01-15
a8c02875c8391d968525088da5fce5a6,89644ae442e654506e57ed7604a7ec73,delivered,2018-06-25 11:05:44,2018-06-26 04:58:59,2018-07-04 15:01:00,2018-07-11 10:37:23,2018-07-24,ee1ab7f8a445e29acff592989e83a70a,2018-06-25
c1556665d5eda63ad0a01cb682e2ad6d,31781f419af2c8f79d4be4a88c6fa600,shipped,2018-08-11 17:45:38,2018-08-11 17:55:15,2018-08-13 14:55:00,,2018-08-20,c40ed267ec92ebb6b0d4661025cf642e,2018-08-11
c53650d065ed0639a5181397ce08c423,b9fa68d5a325ea422f38f683138653a2,delivered,2018-07-15 11:02:40,2018-07-15 11:15:13,2018-07-17 11:33:00,2018-08-23 19:12:00,2018-08-31,7c774ddf637e095207a45178579290e1,2018-07-15
a06a785eb10dc081b633142ea4f085b3,34b4e4192efcbe2aedef52e830191715,delivered,2018-07-24 22:56:00,2018-07-25 20:10:12,2018-07-26 08:24:00,2018-07-30 20:08:35,2018-08-23,c41cd7cda3bd50d12b9b0e31325c9d1d,2018-07-24
12a95a3c06dbaec84bcfb0e2da5d228a,1e101e0daffaddce8159d25a8e53f2b2,delivered,2017-02-17 13:05:55,,2017-02-22 11:23:11,2017-03-02 11:09:19,2017-03-20,c8822fce1d0bfa7ddf0da24fff947172,2017-02-17
1e2e1541db9d4266715ce7360f75ba93,5a57f532faba59531113ddde5bfe95d1,delivered,2018-04-27 14:00:57,2018-04-27 14:10:27,2018-04-27 18:59:00,2018-05-02 14:58:25,2018-05-16,672673547116f07e0a93746bae02594e,2018-04-27
e4d17d00b2f18f1898c9449c1e7a8e09,08a693d30dbbc9a5d75172df73023731,delivered,2018-03-01 11:08:20,2018-03-02 02:10:45,2018-03-06 20:33:57,2018-04-20 15:18:34,2018-04-05,cccd9f2759978bf9c0961f1af1f641a6,2018-03-01
9f4f2427a2164a1c60bab5a8426d2e2f,5dfd945eded1ca414e81743512bc3856,delivered,2017-12-28 11:18:14,2017-12-28 11:28:08,2018-01-02 23:19:01,2018-01-08 18:52:52,2018-02-05,3002a57f25950e0b654ea5100f65df88,2017-12-28
3101c208f7e41c66b3929266928afa56,7877cd36cf788987d0e8ec3e5aedfa05,delivered,2017-11-04 20:42:48,2017-11-04 20:55:47,2017-11-07 01:31:47,2017-11-13 15:28:55,2017-11-29,37e06dc2d138214d1562fa194a2f4fae,2017-11-04
b56c143bc1ca0cee7345b354671f1e2d,b6ead1303ba468d8d5d31a465edd6670,delivered,2017-02-17 10:53:20,2017-02-17 11:05:26,2017-02-21 12:42:19,2017-03-20 10:14:30,2017-03-30,dbaf6869afbfccb179455cd72c936bd6,2017-02-17
713eda1fb337fff2cccfae60fd0b411e,2d910ad991e18b8a03bbcca79a35a3a8,delivered,2018-02-11 15:44:25,2018-02-11 16:20:20,2018-02-14 17:42:37,2018-03-01 14:06:17,2018-03-06,cdb5cfd897eae464933d6fbd24354fbf,2018-02-11
04b9ffa87087a2450449da3911146316,fb26eff42e25a6ee635de85d8587b85f,delivered,2018-04-04 08:59:16,2018-04-04 09:10:20,2018-04-09 18:23:28,2018-04-30 21:18:45,2018-04-25,63eef04cea80cd9c94b9cbea99e5324a,2018-04-04
9e9dff165f74d5e8c1fb7866d6882a24,df7d4901e5cd14de227ac09a1d09d59c,delivered,2017-11-13 14:13:15,2017-11-13 14:31:16,2017-11-14 22:48:40,2017-11-20 19:29:16,2017-12-01,7a63007ead3b968b879d8e586111dcad,2017-11-13
11c601407b62dd629716ee3ff3efa95b,49e0224052a8e55bcdc4b3620c5febd4,delivered,2017-09-08 08:44:08,2017-09-08 08:55:24,2017-09-12 18:03:04,2017-10-02 18:35:01,2017-10-03,5c0b5937776c0900b3b03cc9338f313a,2017-09-08
56f67ddc4dcd366ecf0d6ac941581ac3,2b135100730ee38ba51b4e01aa8d23bf,delivered,2017-12-31 17:56:51,2017-12-31 18:07:11,2018-01-08 16:53:19,2018-01-12 23:42:04,2018-01-24,a00a162f404924c1b5ac277b4130abae,2017-12-31
b05b331d732972ead47dbea28dd5305f,1d01743ecce3d128328fa7261e7c1650,delivered,2017-12-17 13:10:06,2017-12-17 13:30:16,2017-12-18 20:57:57,2018-01-08 23:29:14,2018-01-12,947b039d1b28c2796adc499e429758eb,2017-12-17
cb61f25ed186c04d0a96e8830a3078d2,7b87f3ec73e9b766c9b145790745ab7d,delivered,2017-05-02 23:22:06,2017-05-03 23:30:11,2017-05-04 11:52:53,2017-05-18 18:29:57,2017-06-02,153c97dab1f1c6a92ac787c93be1b35c,2017-05-02
749c1e78ae991da38b61c92f926ab6e7,7224ce4000539b85758bdae0e06fb611,delivered,2017-02-07 19:41:56,2017-02-07 19:50:19,2017-02-08 08:10:26,2017-02-17 18:05:13,2017-03-10,1c266d9dd6ac729c3b734f15714dcb11,2017-02-07
3c082ca49aaf1923e87b34e1375a1413,0d8bfa786b498c6b7fc432785bcf36fa,delivered,2018-07-01 09:14:54,2018-07-05 16:35:02,2018-07-04 14:19:00,2018-07-10 13:42:00,2018-07-20,bca9d4bbd28dea71c49b8d5422bc83bd,2018-07-01
87ef1d19ade51410879febf6046ea642,8f5d149c0a37de04f261fda4d009fd03,delivered,2018-05-14 14:36:06,2018-05-15 04:35:01,2018-05-15 14:51:00,2018-05-16 15:03:53,2018-05-22,5e795bc46986de0930b4ed3247b1d673,2018-05-14
c5c6c23c10d2df268fd5cd8c107ba622,d3d2e5315be00995805d910be5eac7a0,delivered,2017-10-23 18:36:01,2017-10-25 02:14:12,2017-10-25 19:35:17,2017-10-31 19:28:55,2017-11-10,c64806f8051b6e2dd95b7de4bbb91227,2017-10-23
928039731518f9e1c89ffe7c84bd272b,664a413bf40bf81d1de046a84f08c9f0,shipped,2018-03-23 22:28:09,2018-03-23 22:35:24,2018-03-27 02:32:21,,2018-04-11,f697fe077a3fdfa8f834595a6bc92464,2018-03-23
6883451a6880e8f0879d89b14f32d543,81df28f929296b9240d2dfb837ccfd5e,delivered,2018-08-09 13:01:14,2018-08-09 14:30:58,2018-08-10 13:44:00,2018-08-15 16:03:22,2018-08-21,456abc432577505d26eeb707c4fecef2,2018-08-09
02f1d13053a2833d022b8921ee3411a3,d11acaa2c66d92618088456a9ab09d11,delivered,2018-08-02 12:05:22,2018-08-02 12:55:32,2018-08-03 15:08:00,2018-08-09 17:51:25,2018-08-21,1d4c192bada6d060c03cb0464f40c871,2018-08-02
bae83a08b2c4fe52762acbf4b99ccbe6,f8b61dc0db201feed59e23ed0b26d2c4,delivered,2018-03-27 12:06:45,2018-03-27 12:15:24,2018-03-27 23:18:47,2018-04-03 01:34:36,2018-04-13,ab67636a93791935284c844dd87669c4,2018-03-27
7f810862fa59153634479bde94a7dd01,d01f8667e3c2c3c75fe19ecaad2c36a0,delivered,2017-10-23 10:11:14,2017-10-23 10:34:41,2017-10-27 13:07:47,2017-11-07 21:03:25,2017-11-14,36f6d4191a93be39f257b4999e373a2b,2017-10-23
d1b501557cbea543fbaeba346ba6ca8d,662906073a9bafaa8a9c671c1112857a,delivered,2017-12-24 13:25:02,2017-12-27 04:07:45,2017-12-27 17:07:54,2017-12-29 20:33:49,2018-01-15,8216ababae1f2b5d8aa1f6685e6e3d12,2017-12-24
df31c03f22f15e6460a9eeb4de4968ac,611b4eed02fe31a0a9993a59023c35a8,delivered,2017-05-22 23:11:51,2017-05-22 23:25:13,2017-05-24 15:59:49,2017-05-29 16:29:45,2017-06-13,137b4e1ba5cb7c50a594173887b3e997,2017-05-22
c041c06cb08a4dc92578157f2ad78587,34d7728944672ccbbe70d07c7e9cb4f2,delivered,2018-01-17 20:24:21,2018-01-19 07:52:24,2018-01-22 20:05:44,2018-02-01 16:28:25,2018-02-09,abbc371b080d0e55bc3f40c244b1172e,2018-01-17
48842751df68fccf0ab0caa30930f21d,14d90e60e59ce7e9e9d2e8fb9dead3a0,delivered,2017-05-22 17:54:01,2017-05-22 18:05:19,2017-05-24 10:28:12,2017-05-29 11:43:13,2017-06-09,da2b78576894a7f95d45bfd20250cc54,2017-05-22
0e64431c08745e9d2d789b9e6c8acf0f,92757035e85249f3d30f26b354c8ef45,delivered,2017-11-25 15:22:23,2017-11-25 15:34:48,2017-11-27 20:28:31,2017-12-08 01:52:14,2017-12-21,371c26bac078c1bb919c6872022e3b8c,2017-11-25
62c0ac109b07c5ee88e4af0defbcd93a,5184b8a8ed32a5a2fd1ec17cb443f3ef,delivered,2018-01-06 19:09:04,2018-01-07 19:07:03,2018-01-08 19:14:18,2018-02-05 20:54:29,2018-02-09,6b1b8ac47d627fb4e8570ddcdb036710,2018-01-06
c3b52dc8daa95457b88d258c2ebd55a0,1a5ae63d4cfaad990cc08d2f9a542326,delivered,2018-07-23 12:18:41,2018-07-23 15:31:50,2018-07-24 12:30:00,2018-07-30 16:45:31,2018-08-13,6fdd493f3384a3ecbe665e0900c15a6f,2018-07-23
80384df0c422c9485fe5c3d33e07ac6b,038d099e202deff2c5ac1e89f86c6f46,delivered,2017-06-25 20:34:55,2017-06-25 20:45:07,2017-06-27 14:10:03,2017-06-29 08:59:41,2017-07-25,934413f76823331fd8c6d6d9958f0631,2017-06-25
a22b2c47646006a89dd924c050860bb9,2f9b7738d4278250382b2ee26d7bf145,delivered,2018-03-03 22:50:45,2018-03-03 23:08:26,2018-03-05 19:39:08,2018-03-21 18:12:15,2018-03-22,c413c967f0229c9c432d19767feb3cb2,2018-03-03
3cbfc1637c7e8b1fefc098ea8220a57e,8d8b42864e9c58a7c29ede290104b5aa,delivered,2018-06-29 11:27:38,2018-06-29 11:51:17,2018-07-05 06:06:00,2018-07-12 18:32:09,2018-07-25,fc0d722b73848be8ce2a1a127125942e,2018-06-29
4a4802e33f88a8787ccc4cb998f416ac,364543b76991d783f53202967dd031ce,delivered,2017-08-15 16:59:37,2017-08-15 18:30:16,2017-08-16 17:25:47,2017-09-01 16:19:06,2017-09-06,ba4a42117e2f671a90e2a16844cb28f2,2017-08-15
a2043f0404780bcf3bcfb20cadbab2d8,b172fea144901e973afb5abe2e193106,delivered,2018-08-19 08:39:24,2018-08-20 11:10:31,2018-08-20 15:44:00,2018-08-23 02:08:52,2018-08-23,df29f1f6e5d1337efadee674fe6bfe98,2018-08-19
2a426febb90cb52eb50b9fb0f23a2866,39968567a8df09da844200af88be6d72,delivered,2017-07-17 18:49:48,2017-07-17 19:03:18,2017-07-18 20:15:53,2017-07-20 18:16:25,2017-07-28,898a245b74e6ca7dce6ce1568ba1e65f,2017-07-17
a35d19174da638cd2d36dfd54c07749f,080251bf5e42a68d0afe41550463d74a,delivered,2017-09-26 15:58:52,2017-09-26 16:14:16,2017-09-27 16:38:12,2017-10-03 15:11:29,2017-10-25,c5a9f152f2709d4180302cfcb357c237,2017-09-26
ef9d153cbc715c909f32f099607e4fc2,34fd04888ab79b3b54d234056f63152b,delivered,2018-05-21 09:32:06,2018-05-23 02:38:26,2018-05-23 12:54:00,2018-05-24 15:18:27,2018-05-29,d63134679bbb530a789f919555955aa0,2018-05-21
9608711e5e4642e06ddc2cddfe564d72,e881a54d9015afa438c2cd619aaf2f7e,delivered,2018-06-09 17:25:14,2018-06-09 17:38:59,2018-06-11 13:46:00,2018-06-15 16:52:29,2018-06-21,af0bb9a430003f9a8601e77c6154f81e,2018-06-09
2db27b143f985b40640f72cb16a95f29,d723777e75dcf9ef925213374d01b37c,delivered,2017-11-26 17:11:53,2017-11-26 17:19:30,2017-11-28 01:04:40,2017-12-15 23:17:11,2017-12-27,967ee07cb69460a7e1d42c7747142572,2017-11-26
93355a1eda6104b6fc69e20c6dfa753a,0a390bc3afc5179c5f3052d03059fe97,delivered,2018-01-23 16:46:57,2018-01-23 17:02:29,2018-01-30 22:49:15,2018-02-23 18:07:56,2018-03-01,04296cfd4c18a71d06f5d34d8c72a6ad,2018-01-23
7ca8f2556a9744a905d8f831fe60e39e,ffd094af4643c7ac712acd36a56feccc,delivered,2018-05-13 21:41:04,2018-05-15 04:35:11,2018-05-15 13:25:00,2018-05-22 12:16:32,2018-06-06,c493a6f252752d99465b8fe3271a3429,2018-05-13
66dd200c66aaf1ba827ed694617b9ae3,e7d3f3253600cafa86cfb8884ead10af,delivered,2018-02-10 16:16:28,2018-02-10 16:30:33,2018-02-14 19:58:34,2018-02-19 20:29:56,2018-03-06,9a5869c2b1c774e15262d5d1823f68bb,2018-02-10
c5a47daec61dfde191baca4e5c10668f,d381b739f668204d24cec2de8c3c648e,delivered,2018-04-28 11:28:59,2018-05-01 05:32:45,2018-05-03 14:51:00,2018-05-07 15:10:13,2018-05-21,c75ea04d55a5c6681619813b75ee0215,2018-04-28
4c5071751ff07b3f013734d8b4aed882,fa819a09f3670490f40f198b7fc93a94,delivered,2017-05-15 21:59:13,2017-05-15 22:10:20,2017-05-17 06:39:46,2017-05-22 07:43:48,2017-06-02,d87131e99309404e9e5e785e4d9125d3,2017-05-15
c08f913d8edeabde7839e5b6a953ecf3,e62addf0b004f6b6785542df9821b423,delivered,2018-03-18 22:38:10,2018-03-18 22:50:40,2018-03-21 00:25:47,2018-03-22 18:59:54,2018-04-02,7ff94a3b88a95eb8d8c2202a50797781,2018-03-18
0c91f244ab45cbe4383163d46635b442,7c49e9f39b3edb70c81f1b9a3c443b06,delivered,2018-07-23 20:10:08,2018-07-24 10:31:04,2018-07-24 14:47:00,2018-07-25 21:16:34,2018-08-02,d909efc170e97275cfe65980da6fd7a6,2018-07-23
8b79176e5b12024a8da1e16cc162689c,838c788547330fd527ab08f59e37b65f,delivered,2017-10-28 16:40:13,2017-10-31 04:15:09,2017-10-31 17:43:42,2017-11-07 17:28:02,2017-11-27,a6725192331573b404a1183f44428739,2017-10-28
e00bfbddf86f0a755d3550dd87962824,4ec69c7b800374eb21ae088ad7d707ff,delivered,2018-06-27 12:03:22,2018-06-27 12:33:21,2018-06-28 12:32:00,2018-07-03 16:18:48,2018-07-20,bb21eb7a7de7d4886dfa152f60505863,2018-06-27
650a7c15686558f3805202b20b140fab,0d002ec84d39123abdfe7ebffc04bb3e,delivered,2017-11-25 11:42:17,2017-11-25 11:51:55,2017-12-02 18:17:08,2017-12-12 20:03:29,2017-12-18,a4833b3f96cacadd4c28d978287a4e2b,2017-11-25
a0a7acfccad3bda2ede93beeaeaac876,5fb39a43ec716936e83699ade7a664f5,delivered,2018-01-12 18:17:00,2018-01-12 18:28:58,2018-01-16 19:09:47,2018-01-19 16:39:49,2018-01-29,0a61b571f594b6919601bcf3380da7f7,2018-01-12
693f8bb47e6135ecad76616fa2596a05,ba7bd8c251c6e523206a75d970a5cc18,delivered,2018-08-08 19:48:41,2018-08-08 20:05:03,2018-08-10 15:07:00,2018-08-20 18:32:24,2018-08-29,4512070eeda071f62cde3a31ded19f8e,2018-08-08
a8d5b616150d16469de71f4099a76148,8d3715cd0e1d49020db4ecb2812f68cc,delivered,2017-07-01 19:32:46,2017-07-01 19:45:14,2017-07-05 13:16:47,2017-07-12 10:04:13,2017-07-21,91d0082597ab40432442cc03ad3f2293,2017-07-01
3310a2bd8c292776c39ea3fa6cb47447,c4c8b821713ac3c53e5bad82d73309a5,delivered,2017-11-26 13:58:34,2017-11-26 14:11:49,2017-11-28 22:03:04,2018-01-11 15:39:57,2017-12-15,80df30f0d6ba1645c5c2810777c73539,2017-11-26
420ea4ffeae87855d2892618fb9f25f7,bfbd518c2b48ebac376121d42f5854f2,delivered,2017-05-22 09:55:03,2017-05-22 10:05:14,2017-05-22 13:52:55,2017-05-23 15:39:44,2017-06-02,4455b60aaaca6704a9bc5293a18bd636,2017-05-22
15443e6c36bee0191bba44f93f55c1fe,5e34825621e2f665d50b4cee28e37023,delivered,2017-12-09 09:02:05,2017-12-09 12:51:07,2017-12-13 19:47:25,2017-12-23 15:38:53,2018-01-12,d0b7a41ff188f16fce4f7ffb2c67a5a3,2017-12-09
a57e4cb553fb02d95f5acfab1d068804,a29d711b1c8981c8e968a69bf604980b,delivered,2018-02-06 13:13:27,2018-02-07 02:55:45,2018-02-07 19:44:56,2018-02-08 17:32:23,2018-02-22,6a6cea49d5f0a68c6c173ada599bfa0a,2018-02-06
d3e8a13414ab6f219caf1745f1384b48,8f1ebbe7ddaf3f8846224831161d4141,delivered,2018-03-05 11:54:30,2018-03-05 12:10:24,2018-03-06 19:08:12,2018-03-07 21:22:17,2018-03-15,15fdfe149314b18356501f1c07614bf3,2018-03-05
a1b541c5eedff59d42c867f78a823fdc,ac555867e2c10ce2caa5b945ce5d3e9a,delivered,2017-11-01 14:44:20,2017-11-01 14:55:21,2017-11-06 12:46:45,2017-12-05 18:46:39,2017-11-27,7a3e8038f94725db6da2a8c6b171f880,2017-11-01
9d4c848f67a05d1b2d6f9f9fe1c932c8,c99c8103d1af91b19f82cec25c9a348b,delivered,2018-07-27 13:03:40,2018-07-28 10:50:12,2018-07-30 12:30:00,2018-08-06 17:59:46,2018-08-22,c7ef94646db3745837b7449af9f3fe5b,2018-07-27
9183e2fd9515c57925a0251ccfc21c63,0411e33b400d7bea31c3983d67bc071f,delivered,2017-04-23 09:10:01,2017-04-25 08:05:34,2017-05-02 13:46:43,2017-05-11 13:58:03,2017-05-11,ac986f7ba1b566e5116f30662a1c1d41,2017-04-23
5d0b303a697b0b722ed82edf076fa3ef,de86465947da93f1fee2fdae6801c726,delivered,2018-08-18 22:35:00,2018-08-20 10:50:36,2018-08-20 14:05:00,2018-08-24 16:36:28,2018-09-05,e0a23a792fb96420c6f31e754e998d87,2018-08-18
d9249bddb2097479f5b0eede146ed02d,470fa3fd312895b59fc3b5394bcc99fe,delivered,2017-09-19 16:26:26,2017-09-19 16:37:19,2017-09-20 13:22:29,2017-09-29 14:29:39,2017-10-11,5bbc1bbc5568a1d7c22f7326471e5037,2017-09-19
f59727f72b472d9e3863e4b4b277e1a9,2a146eb24a089c268ea7e15efb9ea6cd,delivered,2018-01-09 08:26:47,2018-01-09 08:36:03,2018-01-09 16:17:29,2018-01-17 17:53:23,2018-02-05,80fe405903e7ac1015d6df55ad6bae0f,2018-01-09
1a13ca44eb6a81849dac4aca572b5694,cde45df48b2265ad922b9d820ef49323,delivered,2018-01-20 18:56:44,2018-01-20 19:20:37,2018-01-24 18:09:26,2018-02-01 20:29:57,2018-02-20,b5e17dbc212c98d29909cb74208dec08,2018-01-20
eebb8622e78c78a62c7a2b941d76680f,2e5e192daace5791ff9fdb7cc0cc6d1c,delivered,2017-04-14 20:11:58,2017-04-18 04:32:32,2017-04-18 13:17:36,2017-05-08 09:57:38,2017-05-22,0246128cbe42bad650aca67dea148ecb,2017-04-14
482795eb406ad7dbf6ddfa6af6e57361,17e951b7fd3ff98d07316a814b41b1c7,delivered,2018-01-16 19:00:31,2018-01-16 19:11:28,2018-01-17 17:22:30,2018-01-26 12:06:31,2018-02-20,335ea262e0c887d122edebf8fe0aded2,2018-01-16
cea95d05ab9ed4492e8be1c2122efcb7,ef332457518cc36a767dbed801b4b2ba,delivered,2018-03-27 10:37:34,2018-03-29 14:34:09,2018-04-03 23:25:21,2018-04-25 17:06:48,2018-04-24,97d34fd6c050c586e0f13d9306155dde,2018-03-27
62899f7b8e4122204fc3d26d8d2c3737,551adb1ab4dd9254a79d487f163c9629,delivered,2017-07-19 11:34:45,2017-07-20 11:43:36,2017-07-20 17:54:52,2017-08-04 22:19:45,2017-08-14,305af21f2178486da285dd0082ae5240,2017-07-19
4b8824051ed03389f14443b1997b47ca,17d62cf511786fc1707088b9d1542883,delivered,2017-12-09 20:11:31,2017-12-09 20:30:37,2017-12-12 21:33:04,2017-12-28 21:05:14,2018-01-16,158329697c2e9b9d8dbae1404f1f16ff,2017-12-09
b6206a76c2773130f565806250be79a2,2d2831c77d9e86f8b8534ecf24cb2ed7,delivered,2018-01-11 12:59:07,2018-01-11 13:10:42,2018-01-15 18:18:59,2018-02-09 21:52:20,2018-02-16,b68973d2f28dac42cff128bea2e56564,2018-01-11
95431c05f2b32414cf7839de333dc57f,91f7ba105111f895086a17fe5417431c,delivered,2017-02-01 13:01:36,2017-02-02 02:35:21,2017-02-03 13:18:57,2017-02-09 12:32:02,2017-02-28,ba58671cbf108397a73d8b85e57a4869,2017-02-01
8f7575919fce15314fd62b9cdea8cba6,9aa018fafd653c1c86f756a0645579eb,delivered,2017-05-13 16:46:18,2017-05-13 16:55:14,2017-05-15 07:52:37,2017-05-26 10:58:16,2017-06-13,9a0b05cb402e6191af90e38899e9fe4a,2017-05-13
2804b32d150c753fbd49da4d9c0c3158,5d86d96c2e0dcf2821a9f5b082e8bcc9,delivered,2017-04-11 14:17:17,2017-04-11 14:30:07,2017-04-13 09:35:44,2017-04-20 14:45:04,2017-05-09,2bfb41d07316202af02dd28b825028d0,2017-04-11
8f18c3388d30c472f694e605be95b15d,c2941f3b96e73ee4e9011e091d332f61,delivered,2018-03-25 09:50:42,2018-03-27 03:49:34,2018-03-28 22:59:57,2018-04-10 17:46:43,2018-04-20,af357fc1f117effb6aa715bc766ffe8d,2018-03-25
5c5bada3b8df98250966f5a7a584657d,8b6d84f739545aebe27a78474fe9ab9d,canceled,2017-11-06 18:16:33,2017-11-07 03:31:09,,,2017-11-28,cc744cdbcc1c3e74f8995202a910cbd9,2017-11-06
b5826ef2c747e9cef1800c63d1a113e5,7e4a1d92a9fb7ea232cb87b57cc51ea6,delivered,2018-02-06 11:40:32,2018-02-06 11:55:44,2018-02-07 20:52:53,2018-02-28 22:22:39,2018-03-08,852bc4f68aacd9ebf82bad028bb1c04b,2018-02-06
dae72058c85d67deae51d329e5b5938d,a4b9d0ad5ba0ebeca7c9e701a4c61e3c,delivered,2017-08-03 09:22:20,2017-08-03 09:30:15,2017-08-07 15:45:45,2017-08-11 18:06:01,2017-09-01,767c61b81b5cb8cade1a253cb3b41412,2017-08-03
dc48537f3fcda6ce650158bebd4ecc6c,8b6cf98f689d56dcb2512ecc0b313729,delivered,2017-08-11 10:13:17,2017-08-11 10:23:51,2017-08-11 20:11:09,2017-08-17 18:53:44,2017-08-31,9c7f37f879958c67ec179c3373ceda3a,2017-08-11
fda140e135ccab872e95fb03e76ba27a,2ac2009b6df5fb2fe64b6665f29f2405,delivered,2017-10-03 12:53:53,2017-10-03 13:07:21,2017-10-05 20:05:31,2017-10-11 17:53:49,2017-11-01,2c8baf984ba1a5cc7b56b575f7feb9d3,2017-10-03
b287f7a260f83369913e3203c8b15be0,bd574f931adcf2c1c83e06ffb460d917,delivered,2018-08-19 19:06:06,2018-08-20 12:50:42,2018-08-20 15:21:00,2018-08-23 17:45:44,2018-09-11,abf2bb6edd612a37e1573803f170901c,2018-08-19
229e63c6692ae32cdc9c4ba2851efba6,c1be99ad4f0115a447fc254886786926,delivered,2018-06-09 15:28:26,2018-06-09 15:50:12,2018-06-11 14:35:00,2018-06-18 19:11:47,2018-07-12,244f61f302a3794e045a869f83eccae8,2018-06-09
910be2c3ca6942b34613e11764c42e1c,369ec282b14f6130ae496897bfcb231f,delivered,2018-05-23 22:55:00,2018-05-25 02:55:05,2018-05-28 14:09:00,2018-06-04 19:48:27,2018-06-14,0b1715dfc26a6231c736058821dc0eb4,2018-05-23
ee7a0f670ec1721759c9ca4217e1d9c9,b2a2e8b556dc8dcb235e678177b7352f,delivered,2018-01-13 18:51:24,2018-01-13 19:10:05,2018-01-17 23:04:04,2018-01-18 20:07:24,2018-02-01,6374d7e0ade65962a0454178f9126087,2018-01-13
3d9a71340ea2b14362b1a69f08252e45,3bbc87d35ec2db3f1ac09c6c55ce4d15,delivered,2017-06-15 10:15:14,2017-06-15 10:30:11,2017-06-16 17:55:52,2017-06-26 18:12:33,2017-07-21,4664e264c981c09c0480426419f57c8b,2017-06-15
42682e26483a7308854ae17e8ff408dc,079398086249945a3ef432ae14ecac00,shipped,2017-07-07 12:48:06,2017-07-07 12:55:14,2017-07-12 15:27:48,,2017-08-07,89672d977dd21afa429505c66a1abc17,2017-07-07
80ed5c72f5b84292602ff0184aad2385,24562e8f4e2484eb6586fc3716558e31,delivered,2018-07-08 12:01:00,2018-07-08 12:15:15,2018-07-10 07:14:00,2018-07-12 17:03:16,2018-08-08,f2146708b13384c5bf0625b175f20ba7,2018-07-08
668a8c6658202dfcedaffee43fdd4523,5168d07f7ef162f03de69cb599e6bd8c,delivered,2017-11-13 16:02:07,2017-11-13 16:11:22,2017-11-21 21:07:02,2017-11-23 14:16:47,2017-12-04,fcc4973926b235f6a75aa30b0c73ee3d,2017-11-13
6ae8872e75a5a7aea3e8224fa4a67265,164ec23ae2118d936228a6b921fa02d5,delivered,2018-05-10 11:27:22,2018-05-10 11:51:46,2018-05-11 12:48:00,2018-05-22 15:32:41,2018-06-04,a55f0e5987ccdedc5fd36bf3a4d8b37d,2018-05-10
44fb0b3fb29ddaedf3fe5bd4a99e7495,0d7b652454b643aca094cbdbd5080867,delivered,2018-07-21 19:08:07,2018-07-21 19:24:08,2018-07-23 15:40:00,2018-07-27 19:58:23,2018-08-06,5ebcc5c8c91b96b3a4451f88903e0ab1,2018-07-21
690b993c5b9c86969f5d763a0f1d5c36,0db1285d1cb88cd2661d114befa1374a,delivered,2017-12-13 11:40:50,2017-12-13 11:52:24,2017-12-15 16:35:21,2017-12-18 13:28:56,2018-01-02,57dc7b74082d29fa68993f6577d6b3a6,2017-12-13
c52c7fbe316b5b9d549e8a25206b8a1f,88324c93ce11436ae046563bf0da285c,delivered,2018-03-19 18:58:49,2018-03-21 15:15:35,2018-03-22 00:11:41,2018-03-28 17:45:55,2018-04-11,6411590d91c48640cb07e72fbb4a359e,2018-03-19
833eedb56c32640feb0446e2e042b42a,87655477e8726517d4bb95d4540576a7,delivered,2018-04-23 07:20:15,2018-04-24 18:38:55,2018-04-24 19:02:30,2018-05-05 16:56:33,2018-05-22,7c89d1d1dbf51d6087cb650515834764,2018-04-23
e9e856785fb0793e8ebc749b65858a89,e3292183ca12fd9ebb10b1599b0f9528,delivered,2017-08-21 17:46:25,2017-08-21 18:06:40,2017-08-22 19:51:58,2017-08-24 13:44:36,2017-09-11,fd450726a0013ed52fe1c127793eaddc,2017-08-21
6be2c0f364bfae8f84f696a114aab022,2e9e329d24a9a089ba5b571826fccb12,delivered,2017-08-28 10:34:23,2017-08-29 04:55:27,2017-08-31 22:30:04,2017-09-15 20:41:54,2017-09-26,f9aea5d6857f3b27745ae32b327e714d,2017-08-28
eb0a128259780bab9b612db54eaa8eca,8eeb3f16a6b991197431a8738689fc5b,delivered,2017-08-22 08:50:36,2017-08-23 18:30:17,2017-08-31 20:34:58,2017-09-12 16:57:26,2017-09-21,6a18a6b804be2f414cde09226718354d,2017-08-22
8bf12a5b441bd86a1edbccb6137c9b0b,c466c7e0ab222e3ef6c8046e96128a8d,delivered,2017-09-02 16:05:34,2017-09-02 16:23:34,2017-09-12 19:55:32,2017-09-13 18:05:11,2017-09-15,6f5b9d1cdccc4d28f0483a612edecacf,2017-09-02
c32cd20b02f7a00f57fc945e5ff41a6f,50af213ac6c4d368abec6e28d12c605c,delivered,2018-02-07 13:27:36,2018-02-07 14:31:57,2018-02-09 00:09:30,2018-02-14 13:57:13,2018-02-23,4f33b5c5c1697f81dc34a619b88c3f0b,2018-02-07
71121a4bc88a3b33f336ced66428974f,64515d5b8b7d02067fa9f06818226243,delivered,2018-02-04 18:47:06,2018-02-04 19:09:39,2018-02-05 17:58:48,2018-02-07 21:22:35,2018-02-21,5c1b09e90738995df546514dc1d3c91d,2018-02-04
a68ce1686d536ca72bd2dadc4b8671e5,d7bed5fac093a4136216072abaf599d5,shipped,2016-10-05 01:47:40,2016-10-07 03:11:22,2016-11-07 16:37:37,,2016-12-01,f15a952dfc52308d0361288fbf42c7b3,2016-10-05
2aac5c4d129759ae26c259e49082856d,015d0c1d91a5b8042fdc425b5e8c8259,delivered,2017-10-08 12:57:15,2017-10-08 13:07:13,2017-10-09 17:52:41,2017-10-23 11:33:29,2017-11-09,3b9e4c58ddb5c57082fbfbffef158847,2017-10-08
89dcf119ac3433da8745b713ac6e1e4d,3b8655cca1d71775f761b6fa2b2bf468,delivered,2018-03-05 16:43:45,2018-03-05 18:31:18,2018-03-09 22:42:24,2018-03-16 23:42:06,2018-04-18,eb04c883601bb02d2f85f2f9328af2e6,2018-03-05
15360da03a0a021fc0e712a2d11f3020,9fa6f373ffbaf4c8dacd572551406374,delivered,2017-08-30 13:09:34,2017-08-30 13:25:11,2017-08-31 22:29:44,2017-09-05 21:57:01,2017-09-20,a009a4009fdb7456af9e59dbccfdc3b1,2017-08-30
b78392b7c33c7ebd00d3ed0566813802,e59a2725e1a47c24139b9957f6ecd9ab,delivered,2017-07-24 22:02:37,2017-07-26 02:23:56,2017-07-28 17:27:45,2017-08-02 20:52:08,2017-08-17,6a9af930101f7845ca75bc3c05b4ac50,2017-07-24
23d0e1d4771f03561178a0997255ec3f,c174b07e5cef65c7e1c08a05d38ce5fc,delivered,2018-07-02 16:26:50,2018-07-02 16:50:06,2018-07-03 10:52:00,2018-07-10 16:34:48,2018-07-27,3e96b1ebbfae6bf689931e465e11cd56,2018-07-02
7439e4bd093c2c4b6d428c40e9b50c30,57d2e8cac21d839292ba374f50f07e58,delivered,2018-01-27 11:46:24,2018-01-27 11:56:46,2018-01-29 16:39:14,2018-02-08 15:58:51,2018-02-20,b1f0cda311daec745ed28fe913f200aa,2018-01-27
77f514f9d88e4b1d04a34761994ee78c,038043a62bca294b36eefac078e69729,delivered,2018-06-10 12:46:49,2018-06-10 13:11:21,2018-06-11 14:54:00,2018-06-15 12:03:37,2018-07-12,27177c850559ea0ec7bc49e36d30a45c,2018-06-10
0560d47b670c197def5674ae22fe4fb2,653aab8386291bc37ce2475f7e449195,delivered,2018-06-09 18:09:07,2018-06-09 19:38:26,2018-06-18 09:51:00,2018-06-25 17:42:38,2018-07-11,927c22725e28f76affbccac8a8e7413d,2018-06-09
82c5ef9af05ba4775bcabac8b9520c3e,39dc4ea368095398e5290e9370822169,delivered,2017-11-24 22:57:41,2017-11-25 01:58:28,2017-11-27 22:52:18,2018-01-13 16:28:48,2017-12-19,6b7cd918273d2946aad5dd4fb4b3da16,2017-11-24
b1c87cf3c9ac90d18dbf33b6a5c32d83,24b80c81e6779841e8f648396b28c6de,delivered,2018-04-29 13:09:46,2018-05-01 05:13:50,2018-05-05 08:40:00,2018-05-08 18:58:42,2018-05-17,3b030b93e05010026ff4449b9647415f,2018-04-29
b40456ac26df93f73f7cac7e9d87de5a,fefad1fb324e283d8cd4dabc78c26e3b,delivered,2017-07-02 19:26:25,2017-07-02 19:35:11,2017-07-06 11:52:43,2017-07-14 19:07:30,2017-08-01,3ea6ffd000303e1e46f81b7ede6f08de,2017-07-02
2dd1110225406663fec91a10b3c47c4a,240ab70435d02cd9730a051774515854,delivered,2017-11-15 09:37:00,2017-11-17 08:06:20,2017-11-22 19:07:34,2017-12-06 21:54:53,2017-12-20,4c30e4dd03cd345d33e315a19c828265,2017-11-15
fd74272535ad3904f7b20001968d5ad6,e29db470e294c6f8adcf5371d3c5ad07,delivered,2018-06-12 18:54:44,2018-06-12 19:27:06,2018-06-13 13:09:00,2018-06-18 15:58:42,2018-06-29,04ef021a9baf0e95bd76ae8f731de1e6,2018-06-12
445e644ce100ddf209bc9fd616d882ae,e3e913ab3cb9ac3f67599e8174260658,delivered,2018-08-08 21:19:23,2018-08-08 21:30:12,2018-08-14 14:02:00,2018-08-15 21:59:43,2018-08-15,7040204cafb030750c3d1c8add529d83,2018-08-08
16b0c0cbd2cb8d38451cde11c7692534,aed262b54ee421d5750799b00c1585e8,delivered,2017-12-20 21:43:26,2017-12-20 21:52:29,2017-12-21 22:13:31,2017-12-28 00:10:09,2018-01-16,f4ad832929592f3a3e2412d6bdcb2d0d,2017-12-20
97fa69d1dadf68e14380efff921e2f08,c4a52e51855bb2501617758f2484b199,delivered,2018-02-25 17:49:28,2018-02-25 18:27:21,2018-02-28 18:18:48,2018-03-08 00:28:32,2018-03-20,76ad2fdaf83fdd5c92cad85e3c8c37a4,2018-02-25
f290369adad755bf94b365f0494dd617,02e5982f021f1312a54f569c0f9e7625,delivered,2017-12-12 08:14:21,2017-12-12 10:34:26,2017-12-13 15:17:19,2017-12-14 20:57:52,2018-01-03,5dc6a8992710c97d198e7534150c23c0,2017-12-12
03dab6b77334d60ea91564ec4c7813a1,0b1d44eb88413fe2e8981d81c8a989c8,delivered,2017-09-29 23:08:23,2017-09-29 23:24:45,2017-10-02 19:51:32,2017-10-11 18:29:51,2017-10-26,a446360b75fe8bd0dd9241a59d32b2e0,2017-09-29
add089947b9ed98e5e257bbd4d13c8d7,8564af153d419842f67241c93e79dbde,delivered,2017-10-07 16:59:37,2017-10-07 17:14:14,2017-10-09 18:28:18,2017-10-13 19:10:07,2017-10-26,5ac793e4672aebec868e5d3795fb02fc,2017-10-07
5a2c5c05a81bd6f430409c33079b43b1,eaa68a110b44460454d1c80a686ac16e,delivered,2017-12-18 21:32:30,2017-12-18 22:33:23,2017-12-19 21:09:01,2017-12-27 19:16:48,2018-01-18,6491f66571c9f442c269f92fdbef21a2,2017-12-18
7ccc11577ae58791fde9fe83f4c7f106,b7dbc8874c0f2dca8ff7b3cbd24c4f00,delivered,2017-11-26 19:20:04,2017-11-26 19:34:34,2017-11-27 20:39:44,2017-12-12 13:42:42,2017-12-12,50d02c9ae56997f6e094f25ed8d4dcf9,2017-11-26
90ce89533b41eda077534cdb0b9c9b82,8c97b7aa1fa85853a873119a113b7f46,delivered,2017-12-13 22:52:20,2017-12-13 23:09:14,2017-12-14 17:52:11,2017-12-23 00:33:30,2018-01-02,c58199977c5087158696435399ded589,2017-12-13
d4575d5b52616538e99ffe90f8931f81,f31dd75832bf4dde37a747567b6211cf,delivered,2018-06-21 17:20:29,2018-06-21 17:58:17,2018-06-22 12:41:00,2018-07-13 19:34:17,2018-07-19,6f1b9f60ea8ee748140353648c2d8d8f,2018-06-21
b4f0db8feaccc3ba21f4998d4927cd4a,91835f885bfb14dfde8979136407fc85,delivered,2018-07-26 22:31:20,2018-07-26 22:44:21,2018-07-27 16:58:00,2018-08-02 01:40:49,2018-08-16,c2bf9a98bc1ac4defbebaa21c71dd3c6,2018-07-26
67bf20df4e87ad1c8103649d48afdcf1,1f5b0c07f0465d5231fa25560f7f321c,delivered,2017-07-20 08:35:21,2017-07-20 08:45:14,2017-07-24 18:13:41,2017-08-04 20:55:45,2017-08-23,05fb601835f6d7da845933b79f8a72bd,2017-07-20
849bd27b7510577eef2f081308eded4e,c5937f792a8d1763a86a7e84fd76218e,delivered,2017-08-17 19:47:55,2017-08-17 20:30:09,2017-08-22 15:27:53,2017-08-28 20:16:55,2017-09-06,0ddf38f60c280db72ffa78c5d9c1af90,2017-08-17
32d31557d141320ba009dfb89facc01e,c35c5e3b336edfa0c68f04924fa48728,delivered,2017-09-23 21:46:49,2017-09-23 22:04:29,2017-09-26 00:56:51,2017-09-26 19:30:03,2017-10-16,b66b993b8c12ef14d25a717b22708dbd,2017-09-23
4290ed1773c23fc8355ff8a696662879,a703b86ab97781e7be2f36724882b9a6,delivered,2017-05-27 20:02:51,2017-05-27 20:15:18,2017-05-29 06:56:41,2017-06-05 15:59:07,2017-06-21,214fd9ac9d7c04cf1e736cc065114d69,2017-05-27
3a335d9250509602da8eebcf766e1ddb,4b1bf0fb3fab75d5d3514922217262ac,delivered,2018-07-06 17:13:33,2018-07-06 17:31:30,2018-07-10 14:41:00,2018-07-12 13:43:24,2018-07-26,3bcd0ddf751cb9542efe9f6299fad626,2018-07-06
f6f0b0676bef546699a839d4e32078be,4abc685fab216e3d64369af95b1fe788,delivered,2017-05-03 01:33:19,2017-05-04 10:03:00,2017-05-08 15:37:59,2017-05-12 13:26:56,2017-05-24,6502d0e082d6440dbe54d92418a450ed,2017-05-03
2066d72ba98377b5d57dcb234c70c2a1,abd627a874f1563f677eca50b8644154,delivered,2017-10-22 14:11:40,2017-10-22 14:21:20,2017-10-25 19:52:55,2017-11-01 20:56:53,2017-11-13,a86c5169f8a40e3c5e758fa57b032cba,2017-10-22
91663d2b599bc34de8a6c4993c5ffd0b,648e26ec05cfd8f8bb433e04a1c648cd,delivered,2018-03-21 13:29:51,2018-03-21 13:48:02,2018-03-22 19:51:27,2018-04-16 22:03:24,2018-04-20,e6b9dd1ff3fc7c413f1786685ed6dd1b,2018-03-21
c98c642afddadee451d6ca9822f297d9,4ee4c7cf3dd5c13201b260d010f3b623,delivered,2018-03-25 14:14:04,2018-03-25 14:27:55,2018-03-26 21:47:58,2018-04-10 22:03:33,2018-04-19,d30de16d4e480a031219aa0c383a1a52,2018-03-25
2a02e0744a44c3062272575a439947e4,187f706629173579fa6ab0deae7ef90f,delivered,2017-07-06 12:30:26,2017-07-06 12:43:49,2017-07-06 12:49:07,2017-07-12 20:12:35,2017-07-26,353801f49ab64d5e6ca90ba46e2e5f0f,2017-07-06
631865c63a1d2240a67c708d4b166f14,fb5124803b7ec9f7be751aac31d008a1,delivered,2018-06-15 22:08:34,2018-06-15 22:40:34,2018-06-18 14:11:00,2018-06-28 16:10:55,2018-08-03,f152b7069661b094652dae554d2a265e,2018-06-15
05cb96d379b1a3df48333ecaa572bf26,c6e691c175eec63a4100191183cf90fc,delivered,2018-08-22 13:49:40,2018-08-22 14:04:38,2018-08-23 14:23:00,2018-08-27 22:58:23,2018-08-27,48988315c344c6964a309c67916e250e,2018-08-22
ab07bba4aa52c95cfd9d7a418d9be63f,f6010393e9f880a4a9cff385df25e0e8,delivered,2018-08-07 21:54:37,2018-08-07 22:05:30,2018-08-08 14:43:00,2018-08-13 20:48:46,2018-08-24,3009980c921a074305e7eaa78caca4d0,2018-08-07
55a54184af6cdb5cbd95d124883c2dbb,6633e658356d7a598fe1cd44a46cbf34,delivered,2018-06-27 06:56:08,2018-06-27 11:18:24,2018-06-27 09:57:00,2018-07-05 19:03:34,2018-07-26,cb8a48f552b6dfba01c3362d4eec7e79,2018-06-27
b440ae5462e075298885ddda8a0b9b1f,add67dab5fc95de57ed622543b92d355,delivered,2017-08-02 21:39:05,2017-08-02 21:50:18,2017-08-03 13:33:57,2017-08-14 16:57:27,2017-08-24,3918bd5f8eec57b889a500537a9e725e,2017-08-02
90540cf8cf4df7ed6e10425cdfd522c9,98721c618b43935849baec57ffb8dda0,delivered,2018-05-09 18:14:31,2018-05-10 18:18:17,2018-05-14 14:35:00,2018-05-15 17:34:59,2018-05-18,e5887c53081fedb7b6795f1ba14e08ff,2018-05-09
22d0b79a88fe360e41471c8477379673,232359797a832f108d94e9351a75fc2c,delivered,2018-07-07 14:42:57,2018-07-07 14:55:18,2018-07-09 12:16:00,2018-07-12 19:31:55,2018-07-26,95991b97d5dad91c4ab53fa3daa4353a,2018-07-07
6d1f4b5c285e35679fa4d3bcf80d3706,ec7d43b5e856b72f416a6e22a83d9877,delivered,2018-01-04 22:42:39,2018-01-06 02:08:09,2018-01-09 20:44:10,2018-01-15 16:44:35,2018-02-01,a7b18eb920fd2b59c60d46e4f3848a1f,2018-01-04
1b31224d12bca993297e386557c6a6d1,993a144bb2476f75dedfaaa4d1f3d213,delivered,2017-08-17 20:15:03,2017-08-17 20:55:22,2017-08-18 16:59:57,2017-08-28 17:39:37,2017-09-15,b7bf41e97e42aae7517baf9c28887010,2017-08-17
751161aadc4b3f4e09ace1f4ea2c146a,e648e9f600dd3dffe651b1d7cd0dd0ef,delivered,2017-10-10 23:12:54,2017-10-10 23:21:31,2017-10-11 17:35:57,2017-10-17 17:48:55,2017-11-03,772c4d116b85873c6d1b797314b70c4c,2017-10-10
bd6e00529da9ca228af97220e4ca308e,ed4195807797d36c737ccef3fc149543,delivered,2017-12-12 19:34:26,2017-12-12 19:50:13,2017-12-14 13:28:36,2017-12-19 14:04:58,2017-12-29,c1874116728c33a63639ea5c622bca56,2017-12-12
40c95b7789cf4450c616a71d2efab73d,75bfc6853270154fc640f0ca072112d0,delivered,2018-08-02 15:24:39,2018-08-02 15:35:14,2018-08-07 10:45:00,2018-08-10 16:28:49,2018-08-14,06dee9e59eb5fc01da71139a771a9923,2018-08-02
569cb3533c4e55e00e6194974c746ec0,ac2c4761c922473d929ad0e8753b3863,delivered,2018-08-13 04:42:52,2018-08-13 04:55:21,2018-08-13 16:09:00,2018-08-15 21:46:50,2018-08-16,7d4df31262dd8ba49ca733793347fae7,2018-08-13
22ae8ab3dfa3ebdf917e692ac6c0348a,ae6858271a7210775085e4309eff5bd7,delivered,2017-04-10 20:17:01,2017-04-11 03:55:39,2017-04-12 09:52:38,2017-04-19 14:58:32,2017-05-16,b7830a1028c010a90406c14ccece7e6b,2017-04-10
56e46f9fbf0e165946433a74fc1fe7c8,735007c3338c8aa5520bb513b4166921,delivered,2017-10-15 04:15:02,2017-10-15 04:28:11,2017-10-17 18:09:29,2017-10-23 14:37:33,2017-10-26,5ed5d421293c1b31273fd0b28489aee9,2017-10-15
bd859dd7a6a1b8c1df9fcb75c3604eaf,db12eed5694b676a8e2e6943eabf3353,delivered,2018-03-19 20:13:59,2018-03-19 20:28:06,2018-03-20 22:41:44,2018-03-27 23:12:33,2018-04-09,11494ac4b94a215ddb5a75f30127071f,2018-03-19
9d54d8f8b66f65b995f70ab7a098dcb7,7c084893057c9192829aafcf10078cff,delivered,2017-05-17 20:01:55,2017-05-17 20:15:10,2017-05-18 13:22:53,2017-05-24 10:46:41,2017-06-08,cce4844652ee1faa10ced9ef56f0b005,2017-05-17
43e4d5ff99bd1ca2d1cecbbf81067f4d,23fd1057f419241e5e9307e2ce4b0b28,delivered,2017-03-20 19:49:13,2017-03-20 19:49:13,2017-03-22 09:53:06,2017-03-28 14:28:02,2017-04-06,dc38b31bbf7da8165b8daff2dee40329,2017-03-20
5b87678fe5651f0c1e5ee9bb16108947,49919872da0015df0976c8783cc00cde,delivered,2017-09-03 18:39:52,2017-09-05 04:30:59,2017-09-05 21:18:16,2017-09-15 21:17:50,2017-09-26,c4e759011935f3bafa32e18fad96d7c1,2017-09-03
8fa73214ec84ad62b67c72e8b9152a42,8ec0c8b45cc0a0fe7f4e077aac379ddc,delivered,2018-05-12 20:37:51,2018-05-12 20:50:45,2018-05-14 14:25:00,2018-05-29 16:03:03,2018-06-11,8236438039004a1bfeeab186f8b30384,2018-05-12
62fd709303ada1fdabb94af48092000b,07da8351231ee38e495f9858a6531489,delivered,2018-03-10 11:40:41,2018-03-10 12:28:13,2018-03-12 18:18:32,2018-04-11 19:41:11,2018-04-09,d4e92cc069e4cb0e1a20de1a505b8507,2018-03-10
36b29d751a3c14a1b9be3bf8321412ff,a816185b2218c41340f7ef0ac436daee,delivered,2018-06-22 13:52:32,2018-06-22 14:20:11,2018-06-25 15:31:00,2018-07-03 17:14:08,2018-07-23,94b8d7c5df198d55b4eb50b4e0ad7f0b,2018-06-22
1679d1eb7779b27771375628ff2f95f7,fdeef3ab1f545e40afb89b67d3979118,delivered,2017-11-24 09:33:45,2017-11-26 09:34:26,2017-11-28 22:16:59,2017-11-30 23:16:48,2017-12-08,02ba802031bd2351ccc570b0d7581592,2017-11-24
f1b7d59f950404a6f520298601daac7f,842d0a578fc9965acb84ea548c9f1a64,delivered,2017-08-10 13:10:48,2017-08-11 13:05:08,2017-08-23 13:34:58,2017-09-08 11:00:11,2017-09-12,26d94771dcb8f47f8459d7b874c89e0b,2017-08-10
999e2278889e77fb63971f65efa94ac0,85805efb5806ba30050e8214da2277a2,delivered,2018-02-05 21:00:20,2018-02-05 21:11:19,2018-02-06 21:07:53,2018-02-14 15:43:44,2018-02-21,eb8fe6be6ce6a84ad1ebed509effd13c,2018-02-05
84efa035e6e5705e9a028f381e668b62,4fc3bf60da2889c40095a1f65fd59d3b,delivered,2017-03-22 21:02:08,2017-03-22 21:02:08,2017-03-24 07:17:42,2017-04-04 12:38:20,2017-04-17,88d428f489b7fc4cc8341de4ca80f584,2017-03-22
707977c86502593ef9aa22201fbcbde5,e36c09732cc189b578c48630cdef520c,delivered,2018-02-19 15:23:56,2018-02-19 15:35:25,2018-02-22 20:53:01,2018-03-29 18:46:58,2018-03-12,edc7ff9191e26bd5b798dc4aca915064,2018-02-19
c171b5e40886fdb5a21408a037b5e737,4cbc8c5fc7de7cf304844aafa22c189b,delivered,2017-12-27 17:44:18,2017-12-27 17:54:25,2018-01-02 19:38:43,2018-01-22 15:46:42,2018-01-29,6908fd1288fc9fa89f20bb4895bec91c,2017-12-27
15326c34cf9b21f614aab987f04df16d,2d5bb2d60a1915c29811a2639374b6f8,delivered,2018-03-19 16:11:16,2018-03-19 16:27:26,2018-03-22 22:26:30,2018-04-20 20:57:22,2018-04-11,be03ead92d2238324c3731d459725b8a,2018-03-19
0501e7fec71cfd7db3c1e2242e51f909,e4f9d16f59a10c5f8e30d4cd19a8f1a9,delivered,2017-11-30 13:30:38,2017-11-30 13:52:12,2017-12-01 21:06:55,2017-12-04 21:28:42,2017-12-18,7100473ac090214faac1fd8f9af9f68f,2017-11-30
2c81e6aa6ff35dc1927f3002b02c7066,f31d0ce927351196bc937833455c3185,delivered,2017-06-27 19:39:10,2017-06-27 19:50:17,2017-06-28 14:42:48,2017-07-04 12:14:20,2017-07-24,49d63ca93dcff55be6f279beab94e3a9,2017-06-27
2491bbd54035d1c304dff79defaf8956,776713d4beaa23822f7f39e707754708,delivered,2017-12-07 23:37:37,2017-12-07 23:52:36,2017-12-13 16:19:18,2017-12-28 16:44:46,2018-01-05,f5157bbdffb5f977c5f2616beb258d7b,2017-12-07
12d67f3bb7022b6f0f96a8189a811564,3e27773eaf75d0e19eea74c707995321,delivered,2018-05-08 17:36:10,2018-05-08 17:51:54,2018-05-09 12:24:00,2018-05-10 18:35:31,2018-05-17,5350c27ee3cd55143ce6fbcfecb3de98,2018-05-08
fae572411cb121810698d2fff3251754,d97e260b2b3b058753300aca9b46b20f,delivered,2018-03-12 20:57:39,2018-03-13 20:56:18,2018-03-16 21:45:48,2018-03-30 00:21:10,2018-04-02,1952b14ea407966b4436bb4c1a58ecb1,2018-03-12
08ea06da9974b971f8fad4929380e24b,cef90a63b305fc7abea62dd395a056f7,delivered,2017-11-24 18:30:10,2017-11-24 21:38:30,2017-12-06 17:25:18,2017-12-13 17:48:47,2017-12-18,e9b83c5c52887dcf92bcf50ab1ff1ee8,2017-11-24
4fd902efd26ccffb79f2a7df0fdba36c,673d3b04bdc0ed94516bbc922c2160a8,delivered,2017-11-20 19:31:42,2017-11-20 19:38:34,2017-11-22 21:22:08,2017-11-23 20:59:07,2017-12-04,67f93a2ce830ddebb518efe5a39db604,2017-11-20
6365be88d51d66dbac002c738a56bae9,90988a2f99816e66258626637c4d1599,delivered,2017-10-14 04:31:51,2017-10-14 05:23:23,2017-10-16 16:28:59,2017-10-19 19:33:06,2017-10-26,fd7d2fe8189e3d7209824dd6300b921e,2017-10-14
1537883594710d72e0f3e96f796fcd27,fca4bdb14966b7230098dffb7e01e67a,delivered,2018-01-01 17:25:07,2018-01-01 17:35:25,2018-01-05 23:42:35,2018-01-18 22:13:32,2018-01-29,4b271dbd4bfeefce07c67cfb51448390,2018-01-01
e192b63496e874f9ec02a62d97ac23be,611086d2305e396ee944223283d20362,delivered,2018-03-03 08:59:18,2018-03-03 09:10:28,2018-03-15 18:31:35,2018-04-21 00:48:52,2018-04-12,07688a432e555be9655e83874563bc74,2018-03-03
5042c0182e2b58be03014e391041a643,0805e08d6c7516d177edfe9fc6152a98,delivered,2018-05-13 21:54:21,2018-05-13 22:13:48,2018-05-15 11:04:00,2018-05-16 20:16:34,2018-05-29,baad4c06e7feffd0e2849ab8bbb6286c,2018-05-13
50cc8ba47fc38dfed74c9482ff949a46,9d5af95c54d7bc8a6ba7ff4e58a27cdf,delivered,2018-02-10 18:23:47,2018-02-10 18:35:25,2018-02-14 22:09:34,2018-02-19 22:55:13,2018-03-08,2dd284d70f7ac1572460a0a028464349,2018-02-10
08c3c0d49b3cb66764234e0fa980e850,24a9d9ed5262306de7a4b0925ada06dc,delivered,2017-12-05 13:29:49,2017-12-05 13:53:42,2017-12-06 12:52:09,2017-12-20 20:19:12,2018-01-03,2548ce8e60025afcdc81a1a44c3caa9b,2017-12-05
5608fbafdf5afccc1d6582215f9a0400,c767d22702cc40cebd33633d12a2675f,delivered,2018-06-27 11:43:22,2018-06-27 11:57:42,2018-06-28 11:57:00,2018-07-05 16:46:48,2018-07-30,ef487f6aeadd630b45b2e183711b7a4a,2018-06-27
928563298c0ea160c86ff4cd98c52aa7,06225a4d38766a2b975fe4dca6d61939,delivered,2017-09-27 20:34:37,2017-09-27 20:49:29,2017-09-28 18:02:31,2017-10-05 19:16:33,2017-10-19,9f0fd7e0120eac8394ab57e42854438f,2017-09-27
705c73692cee1d4b25042f00e09d7688,0c4846a1d98b1cba181d10d8f391b827,delivered,2017-07-27 08:44:04,2017-07-27 10:02:50,2017-07-27 21:15:02,2017-08-04 17:38:00,2017-08-16,dd83601747bb34ce580f777563e850d7,2017-07-27
e4abb8fe0937a88e04513430b69d268e,f2ac1a7631ac7ddebc1adcd171f7e2ac,delivered,2017-02-20 14:07:29,2017-02-20 14:15:21,2017-03-01 15:18:57,2017-03-06 19:25:45,2017-03-17,54f4544f28cadcb2b350e8c84b260868,2017-02-20
c12d83e36f291cf576ce948e5883310a,08267ee530789f980dabae7d90aa87de,delivered,2018-02-22 19:54:43,2018-02-22 20:09:11,2018-02-26 19:19:18,2018-02-27 19:40:03,2018-03-09,f2e0c95f9c0e971bb561b11ecf5a95d3,2018-02-22
c14ecd7b2fd9b06640b5ef67f195ee36,be996b69aa2787a4562aef93e61ab3d5,delivered,2017-07-29 10:07:48,2017-07-29 10:23:30,2017-07-31 20:36:21,2017-09-06 22:04:44,2017-09-01,96d32288162d455f65d5e043ac510c00,2017-07-29
87f53a70fe59ee417c9cb654dded07ac,0a60a71e2886cc3c0d92fb7618073020,delivered,2018-06-26 18:51:12,2018-06-28 09:10:21,2018-06-29 14:06:00,2018-07-06 16:46:30,2018-07-26,685217c8a7f64006b29129d207c29e47,2018-06-26
89a52f9735ee199f8c4583cd8d77de4c,c560882c119189881ed615f5e1555f0e,delivered,2017-09-19 15:49:50,2017-09-20 02:24:07,2017-09-20 17:03:22,2017-09-26 19:32:55,2017-10-06,8356da38a91336d5af205fd1ae041c10,2017-09-19
a2a2c4451f820eb26afdc913f23b318b,efd6fec8f33c64ead2d675d6c953d397,delivered,2017-06-27 11:04:34,2017-06-28 02:44:18,2017-06-28 14:19:00,2017-07-03 14:51:17,2017-07-10,83de585fbed8db52616fa217c79581ff,2017-06-27
b203926285e72ba51c04c68b70666e32,2caed4106ac34123aaa5b6bdcd6fccb4,delivered,2018-05-06 16:31:54,2018-05-08 03:52:26,2018-05-10 19:56:00,2018-05-19 12:26:05,2018-05-25,894fa561f54fa10de0bc4db8b581947e,2018-05-06
4bb9f56f9fdb757c77ec38c0989cba4e,c159666648d013ce39dc858d45eae4c5,delivered,2017-04-27 07:59:31,2017-04-27 17:45:25,2017-05-04 13:34:25,2017-05-17 09:05:11,2017-06-07,4d73a832ad6de2f942dfc0aeb9b70ee9,2017-04-27
3e99c48e3a2093f5d222df8f00b5a6f1,8aff0cb3e073d9508eb9b614cc02f42f,delivered,2018-01-20 15:37:45,2018-01-20 16:00:27,2018-01-23 18:35:38,2018-01-24 23:52:44,2018-02-06,8f7e3a46aa2ec9c401ab3dff6503999d,2018-01-20
159844b19db2d2dc59a55ee69a971226,7b1e954a8fc9cef169c7cd89297c94a8,delivered,2017-12-13 11:29:30,2017-12-13 11:38:30,2017-12-20 18:11:28,2017-12-26 15:38:07,2018-01-08,6e96c18528a8cec8ab82a7c3e33ac678,2017-12-13
bfd3c0322478fe031cd53276e6927ac6,e7443209409e77cc0f3301d94901994a,delivered,2018-06-07 17:11:03,2018-06-08 09:14:40,2018-06-08 10:33:00,2018-06-11 22:25:45,2018-06-25,1adba0e6e681f9605082236249ee0ca8,2018-06-07
c02f1c85742b8acbc1c02a8d7e6d71dd,943521f571176614708a6910175178e3,delivered,2018-03-07 22:25:17,2018-03-07 22:35:35,2018-03-12 19:02:14,2018-04-15 18:20:47,2018-03-29,d2d7bfabbd3076340239df05bed8ea5d,2018-03-07
19bb820442f9f4a4efe0ee64f855d532,2834eff6cf7bd868e71858ea37ccada1,delivered,2018-05-29 17:07:53,2018-05-30 07:34:07,2018-06-05 11:39:00,2018-06-18 13:48:54,2018-07-05,2e73f2a365d0f54d1f7743f110dd7dee,2018-05-29
f0d367f04ecab8c00411ee7320a5ca77,bf01f3a04b580fb95c093bf4af56255e,delivered,2018-07-02 15:13:42,2018-07-02 15:30:57,2018-07-03 15:28:00,2018-07-06 18:40:32,2018-07-31,177ec48599fc2e90568f803d0c223826,2018-07-02
e326f9904d668c8e2fce637b8b1fabe6,1a2c5e72ec0730bd2dc38f854761d1e3,delivered,2018-07-28 13:14:25,2018-07-28 13:44:38,2018-07-31 15:55:00,2018-08-01 14:51:23,2018-08-06,1b153b4606cb6f4a89a5b74db2eceb6c,2018-07-28
ef0dcf520a0a4634713a5ef4806433c2,6f6b0d00f27e19338f698aa121703b4c,delivered,2017-12-27 10:18:50,2017-12-27 10:28:30,2017-12-28 17:19:25,2018-01-04 16:52:52,2018-01-24,0f8c91068429f17df0c64c5fd06f0236,2017-12-27
050c32bac1e923fa3406fdedf75feb89,6dedb64b7cc4bfe0caf12f060f14990b,delivered,2018-03-05 12:04:09,2018-03-05 13:15:44,2018-03-15 18:32:36,2018-04-04 16:46:42,2018-04-18,3370e12bbaf444a362bb56f59a28d376,2018-03-05
44af8639fec8bea3c082d435fc3a5a5e,6ce734231e9e9965c32287678fe1aaf5,delivered,2018-04-12 22:22:40,2018-04-12 22:35:13,2018-04-13 23:32:06,2018-04-26 20:46:43,2018-05-16,99179def136091447796d5a6ac793cc2,2018-04-12
fbd3f15f34958b4aa4d193afa4a7278b,2f71b2b6d65a60fa6bf6e33bea5175fb,delivered,2018-01-17 13:44:36,2018-01-17 15:48:37,2018-01-19 16:58:49,2018-01-22 21:22:43,2018-02-01,7c9fd82dc6a1d40334763e4fa70bcacc,2018-01-17
55d4d9c0f7de603b836a906fa3dc4d91,92e467b22526e35c020e4b58b03ba8f3,delivered,2018-01-31 13:14:45,2018-01-31 14:26:37,2018-02-01 20:47:36,2018-02-06 19:22:46,2018-02-23,e87657086fb303f8f2f829eccdc587ef,2018-01-31
674dc699bdf7b477fcf8efa0b898802a,55ca0a4d904df9708853ea6231f68a26,delivered,2018-05-20 01:08:53,2018-05-22 09:36:22,2018-05-23 15:01:00,2018-06-05 19:58:51,2018-06-11,ef716fe11fe395b90844c72d0cfc391d,2018-05-20
b62490833ad4da4f0f696c9358737651,36a52cbef5f4a32aed0c0215995985d4,delivered,2017-10-30 02:03:05,2017-10-31 04:30:15,2017-10-31 16:53:48,2017-11-08 17:54:43,2017-11-29,bdf66f18d41be7aa7fc10dc72e188357,2017-10-30
1b6c5ab6683a19bca12106679e94fe4e,8ac8d9c1fb5ae04d995ea858252714e5,delivered,2018-03-28 20:36:47,2018-03-30 03:15:44,2018-04-02 18:04:13,2018-04-05 14:22:38,2018-04-20,ec92c237061c9d7bf0ad5277cf15b886,2018-03-28
9b1d0dd42862c68280468732a4399034,6d7dae0835c48b8cf7ad6a03b9105132,delivered,2018-08-08 14:24:20,2018-08-08 14:35:18,2018-08-09 08:03:00,2018-08-16 20:21:46,2018-08-29,b5c49f9e03226e50e460245cbc35898f,2018-08-08
66dbc9ec3eb2119ce225357587599804,0d50a5c726a7cef6fa42fedead26a863,delivered,2018-07-24 17:06:47,2018-07-24 17:24:17,2018-07-25 14:49:00,2018-07-30 15:43:48,2018-08-20,88c11a241bcbd239da19623bb23891a9,2018-07-24
10868fbb44c78f78b3c037e71150b0f3,3f2372ae0d7c19bf8f2b07bd3bf82d70,delivered,2017-11-27 23:11:31,2017-11-30 13:31:20,2017-12-01 17:51:42,2017-12-18 23:59:11,2017-12-21,848d20e37c7bb9152bbcca32a52cc0d7,2017-11-27
038eb192a216fe0c545a8ff3b1b96885,320a107d49c46f919012be351ec06cbe,delivered,2017-12-30 22:07:13,2017-12-30 22:19:19,2018-01-03 22:14:41,2018-01-05 18:23:09,2018-01-24,b2b779eb0dedff7f9eef0770287a9979,2017-12-30
7df7653547bf44ffc3ac4a10375672cc,36909e3da877ae21a068c17e1a723de9,delivered,2017-05-03 12:00:36,2017-05-03 12:10:27,2017-05-04 12:50:02,2017-05-16 14:47:33,2017-05-29,caf030712c039c23b67313c065887328,2017-05-03
43cf87bce9a2df259cbe04f3effece28,adebd09bf34331895e85b10eb882a992,delivered,2017-09-16 19:25:39,2017-09-16 19:36:09,2017-09-20 17:20:12,2017-10-02 19:49:57,2017-10-05,a9acec729896b1f6d43601107fd46912,2017-09-16
175ba47aad2d017d2495c66b763a7df6,890f8c3559b1bf4248a9adc64369228d,delivered,2017-08-05 22:15:00,2017-08-05 22:43:24,2017-08-07 19:21:50,2017-08-14 17:50:15,2017-08-29,02f075dab3fb75daf0df033125b9f97c,2017-08-05
e8d59e851f7fa20ad90e71de20e4b099,22ae63417e53c613cdd4ed5e1863f3f1,delivered,2018-05-18 11:34:09,2018-05-18 13:26:10,2018-05-18 15:43:00,2018-05-22 17:09:50,2018-05-30,a1474bfdd3eff4638e5b21ca08fba768,2018-05-18
f461365902fbac0de671877edd6649f1,e966362139bcbf3adfc02f892f0483be,delivered,2018-04-14 21:03:20,2018-04-14 21:15:18,2018-04-17 14:08:39,2018-04-24 14:05:33,2018-05-17,1cedeea6974a8da4a99ef0b6e399eed2,2018-04-14
02593f8472d9ab3c2620b1b46166c231,35a7bbd619604e6a5796498ff353983d,delivered,2017-07-12 11:50:10,2017-07-12 12:55:10,2017-07-12 19:07:57,2017-07-25 13:07:58,2017-08-01,a5c565a59f333f0d8e37f2010a825538,2017-07-12
6ee51c0635bd64edb1ee4563a3d6d34d,0eaa15d07cfcaec9478c1f26008a939f,delivered,2018-05-19 21:22:24,2018-05-20 00:33:23,2018-05-21 10:26:00,2018-06-05 00:18:20,2018-06-28,dbd6677a4cf469a8ac0aa22be1466630,2018-05-19
d437ec1ece70f3e35d2695adfeb8a272,a75a82a30eac1c78ee2382e13027c787,processing,2017-03-13 13:32:46,2017-03-13 13:32:46,,,2017-04-13,3488103ad1d9ef25188f1698327d81cd,2017-03-13
cdd2f841bc21ca6e8cb60fe51a640bd4,4721c721366c0149c5f5e89bfa7b57ef,delivered,2017-12-09 21:16:31,2017-12-09 22:10:52,2017-12-13 14:37:59,2017-12-26 17:24:34,2018-01-10,e979216ae0e169f03bbf3499350509af,2017-12-09
2f184c1f767b1dab8ce9aefda0db5b33,d8fd572ce0ee17f76fae769f2511170e,delivered,2018-01-09 13:30:33,2018-01-12 08:28:17,2018-01-12 20:23:44,2018-01-18 22:35:05,2018-02-09,4dff8ebbf016e43246f4a6a16e55f849,2018-01-09
50016cfea9ee1adce87144110716aa4e,9e180b9c16351a7ceb21f0a03621cd50,delivered,2018-06-03 23:16:48,2018-06-03 23:30:01,2018-06-04 13:45:00,2018-06-12 14:11:10,2018-07-11,d7f9c19feda1a7b5f47b8cf37c15b784,2018-06-03
49db15f238abb7faea2c0d5610794e9a,6b233da8495074971cae1707484afe04,delivered,2018-02-09 09:48:57,2018-02-10 02:35:55,2018-02-14 18:36:51,2018-02-18 20:08:39,2018-02-26,dd60451acc6ce301074a48a626b220ef,2018-02-09
a7a4d5215a044ac4b7d95b57df797769,2ae1536892f83ba2c76e147c2a160dea,delivered,2017-06-20 09:56:30,2017-06-20 10:05:16,2017-06-21 10:59:52,2017-06-22 10:35:01,2017-07-03,37c14167fa00bb13d2d3aed623afd421,2017-06-20
5128a1fb5fd9f44d87fc13d784b3b9b9,3e64eb3cfdeb0c9cb5fb497e7afdd9f6,delivered,2017-10-31 07:53:48,2017-10-31 08:05:57,2017-11-07 12:29:15,2017-11-20 20:16:59,2017-11-29,1b51af3c9a3ff91fe4c5b90d4aa47154,2017-10-31
5eec54bafdf6539e7714a6f883ed9e60,edef7a1bafe2826816b9433101b0e144,delivered,2018-03-26 12:47:59,2018-03-28 02:47:50,2018-03-28 20:06:35,2018-04-02 19:58:56,2018-04-23,b686ef62c3703947c5746ed7a271b865,2018-03-26
1db8c2514e276b566dd44aad287362aa,df57c18507600c6ed4e010f3ebdc516e,delivered,2018-07-28 19:04:17,2018-07-31 04:05:52,2018-07-31 12:19:00,2018-08-10 10:48:46,2018-08-17,8a95fc4d4ad20814561966accde4ac2e,2018-07-28
fcdaba27fd62777362e818998aa76b94,ac547427f9b41bb8d04e4d0c01ae1078,delivered,2018-08-25 22:41:57,2018-08-25 22:55:11,2018-08-27 14:11:00,2018-08-28 12:34:52,2018-08-31,72af58d63ff7b96ab0f296e553841def,2018-08-25
e4757cbf56d456e12fe04d675a220f1b,6ce2db4475128f5286e92f4361334644,delivered,2017-12-29 16:31:00,2017-12-29 17:07:31,2018-01-10 15:32:26,2018-01-12 12:16:04,2018-01-18,9a0a6a4c3386b9db003e817d3466507b,2017-12-29
de9517fb01c6e4692d1cc9ff37c4d9ad,d84540bbbcc74f318a1cb2d8ede1990f,delivered,2017-10-14 10:44:30,2017-10-14 10:56:16,2017-10-16 19:37:58,2017-10-23 22:54:40,2017-11-07,7a4d9594acdefeb4232a4f154a0fa8e6,2017-10-14
b27b73e4dc66dd3733d11cd49b3474be,6d9ef37528ae275f2b37f5796c8784f0,delivered,2017-06-09 17:01:27,2017-06-09 17:10:22,2017-06-09 17:17:44,2017-06-13 15:03:40,2017-06-23,3e472e2d60f12c183ead97b03b0e8963,2017-06-09
bf7911236fc09a55304ec17e869b1a1e,ad45cb62302361bbf57a3efbf8dfcc67,delivered,2017-04-20 15:09:33,2017-04-21 05:15:36,2017-04-24 17:33:27,2017-05-05 08:46:58,2017-05-12,9982b3c6a5d9b20533cf4827e3f2c0df,2017-04-20
7509453843e932c3120d2e3c8bc4563d,57faf08fbe5cabf31844e466b478108f,delivered,2018-06-13 18:55:35,2018-06-14 17:21:06,2018-06-18 10:00:00,2018-06-25 17:38:19,2018-07-17,68e2f6c52e85de7de16d37980f95640b,2018-06-13
c0501d3db0e3b05744f4aa2c83338a43,f43a7529c551768c6df1c74842568ad3,delivered,2018-02-13 14:33:30,2018-02-13 15:07:52,2018-02-16 23:04:30,2018-03-13 19:07:19,2018-03-07,214adad10ce2eda34e3ce7386c341627,2018-02-13
ca568c428649f0aaaf41519c7010f093,83311320eccb56aef770194034cd359b,delivered,2018-08-18 15:28:51,2018-08-18 15:49:20,2018-08-21 10:32:00,2018-08-30 11:03:03,2018-09-05,5663c2758eb1402dda352026f363a0b6,2018-08-18
bf2b2acbd8715f4415c2adfd5d9cf772,15da4fa167d44cfb1f970edb13027e88,delivered,2018-08-03 16:03:27,2018-08-03 16:15:17,2018-08-09 15:39:00,2018-08-16 14:52:51,2018-09-03,e9a9d052f161cb85378f2d8e258ad122,2018-08-03
6eae3cf9505d45a6663aae819a2252e9,963eb10f3b68d2d56bea152cce226f80,delivered,2018-04-03 22:50:02,2018-04-03 23:10:06,2018-04-04 19:14:42,2018-04-05 11:51:07,2018-04-13,f6337ff8052f9103de1a04029cb51b0a,2018-04-03
478887cd708081a72d53f271fe615bae,1a4b78d85fa4ba4e6411700e62e8417c,delivered,2017-10-03 18:49:22,2017-10-03 19:07:11,2017-10-04 20:52:27,2017-10-19 22:33:46,2017-11-06,bf10f9849da1d6d7e87819669bd15adc,2017-10-03
21c8e489ad81de6c543c6e3964f8038f,7c5eab034667bf8875fbb75c1a2ed261,shipped,2017-11-10 10:09:43,2017-11-10 10:26:45,2017-11-16 14:40:35,,2017-11-24,763c4eafd36045a26ff9823a15527976,2017-11-10
441ab430a31f0c3424c85496c65bc8f2,ef0a53a3dc977bf493065ebf09ab4d93,delivered,2018-07-28 14:47:32,2018-08-01 16:31:29,2018-07-31 08:30:00,2018-08-03 18:36:45,2018-08-09,d9e5aad93bb7cf910fb662a04a8177d9,2018-07-28
b495ec18170fb28a3610c8d3ab464442,a7ef3a4c88848b53b0a34eb34ad1fc2a,delivered,2017-02-10 11:11:16,2017-02-10 11:23:10,2017-02-10 14:24:46,2017-02-17 18:47:55,2017-03-13,cd5c58ed66702e6ee5b09be4a30d9108,2017-02-10
b8c5f369bfaa01d560abf962a460e01a,838a8a0e522e128e0d0ce9ba3e142606,delivered,2018-02-19 19:46:06,2018-02-19 20:47:06,2018-02-22 00:21:28,2018-03-12 20:40:37,2018-03-14,f8205cfdac350f11ff3fc901d33c7db4,2018-02-19
46ad0b6df7c2befc459ec361a3b4ec2a,173e7153a2524e46e9273d7fa559d42b,delivered,2018-07-13 19:56:03,2018-07-13 20:05:23,2018-07-16 14:59:00,2018-07-21 17:51:27,2018-08-08,575be3b0c46ec3cde9482bb4b41f96be,2018-07-13
274a6079c2d1a10fac2e7e0154ebf4d8,21d6092db5e584e8b67f5841c6157289,delivered,2017-09-04 16:34:24,2017-09-04 16:45:35,2017-09-05 20:09:32,2017-09-13 15:55:56,2017-09-29,930a6f300d6ce2fe2e5e7b73d13642b6,2017-09-04
e40632c1a86bf79342051a1ed16149c3,126c07766dc7ac241d1147197509edc7,delivered,2018-04-14 18:14:54,2018-04-14 18:31:23,2018-04-16 21:57:42,2018-05-03 20:27:51,2018-05-21,89232715b456747c17c31663f25e6453,2018-04-14
d4571886185581e35543a4c104bd0cd4,23f1d9792d6032bbdb97d6ae3988d21f,delivered,2018-05-08 09:27:13,2018-05-08 09:50:40,2018-05-08 12:54:00,2018-05-18 15:53:45,2018-06-06,8e323c75fdec6658ed2933b3f2ecc33a,2018-05-08
ceb0508b7d0cebf8cd0cf1052322da3c,c4e0a16af80a051c0641f0bd76622c7c,delivered,2018-08-01 09:08:12,2018-08-01 09:15:11,2018-08-02 10:51:00,2018-08-06 20:27:47,2018-08-22,a2c484052f03bb5d2533b1429eb938df,2018-08-01
d2f7f741c41b156c60f31e9d119dd22e,beb96061489f7c042c033ae76990e106,delivered,2018-01-10 13:50:43,2018-01-10 14:08:03,2018-01-12 12:48:49,2018-01-18 17:24:28,2018-02-05,2d9f7f637cf97d422e39fb3b5910cbc1,2018-01-10
257b6d1def081b82c8b6a90d527728b9,ee9d0cf48b7f9442b245f9056b354d2f,delivered,2018-02-22 16:06:13,2018-02-22 16:29:30,2018-02-23 18:52:25,2018-02-27 00:32:54,2018-03-08,9eb65a1734ecafcca24ef1e158d03ca4,2018-02-22
fc8cfc59e513f5aafda0556119d11adb,2807681b890e0f8dc56034e98de8531c,delivered,2017-04-05 08:39:45,2017-04-05 08:50:11,2017-04-07 15:46:22,2017-04-10 11:10:18,2017-04-26,a5b85c99418f14615ceb9117781fc5da,2017-04-05
85ffc5039512a0157a7c1f285bad1341,04ac504901720fa9836cbc6df1350e4e,delivered,2017-06-04 18:42:05,2017-06-06 13:15:16,2017-06-07 10:44:38,2017-06-13 13:00:15,2017-06-30,a1da6c965fe2a3e566f6da53c09d0afd,2017-06-04
c99f7c8803c7a958c31ba67e7432ba16,f91b9de924df4019df6884555b9b23d2,delivered,2017-11-26 14:26:57,2017-11-26 14:35:48,2017-11-27 22:42:00,2017-12-16 02:48:39,2017-12-15,e93171b16dd12e9618c52339f75bfc79,2017-11-26
62c66f80f422c25636cc243baaba2568,cccb9ee6b6e94ed342a4f81f577c2657,delivered,2017-05-19 22:30:30,2017-05-19 22:42:42,2017-05-23 15:41:39,2017-05-24 15:57:00,2017-06-05,23ebcc7c46a2fbfba024576852b06080,2017-05-19
6c2f233beab45c66d7ae29bc584339cb,33d3e95279af2757398417efced3b882,delivered,2017-09-18 23:21:07,2017-09-18 23:35:46,2017-09-19 17:52:12,2017-09-30 14:37:12,2017-10-13,ca522c1ae62ba3333b8caf4c8237d808,2017-09-18
84d21eead7694f99925e7e056ca88832,abdf1a22f119fef62a91570679ff9462,delivered,2018-07-28 16:59:24,2018-07-28 17:15:14,2018-08-01 14:02:00,2018-08-06 21:41:48,2018-08-21,d5fbb912f2bef2cac1cc87d3edb4ae89,2018-07-28
3c21823fb08a6a2ff770877efffb1c1a,6471522ef0977f7402fcc46ae568c083,delivered,2018-02-08 21:58:29,2018-02-08 22:10:34,2018-02-14 22:43:46,2018-02-18 15:48:56,2018-03-02,ffe0c10afc687bcf34a0451f2b87dd9b,2018-02-08
65d45b2f40853ee124b911fac597afdb,d0bcaa005c8abd044fa9eb2dd68f792d,delivered,2018-02-02 18:31:54,2018-02-05 09:09:37,2018-02-08 01:08:28,2018-02-23 19:47:35,2018-03-19,794be115b1249e6868474266d6623488,2018-02-02
317e190ae75e8e5cd40dbc82c4ba2d73,98796dd88cdff48e7b6816f863a0643c,delivered,2018-02-12 00:52:18,2018-02-12 01:48:34,2018-02-15 15:48:52,2018-02-27 19:16:53,2018-03-07,19c17b77f04f9d1ddec3be90c5ae7351,2018-02-12
d9f83b0a9042552fe91035c5ed91e23e,883f2691dc066e86bf57436be6cc4a41,delivered,2018-01-28 16:40:23,2018-01-28 16:50:11,2018-02-07 21:46:36,2018-02-23 16:54:38,2018-03-02,5556b37a456794ad3c6fb2cbd9732a71,2018-01-28
f0f7dc2419ca55c30f76a386584b9980,0e56c2f71e978cffbb3e9093b9d2617c,delivered,2018-08-22 16:44:09,2018-08-22 16:55:26,2018-08-23 08:48:00,2018-08-27 21:21:25,2018-09-14,296f430e8b0a2a082a689aa4460d2b27,2018-08-22
ab85b219b698a7d569995ee1ea9b76fe,7ac9b67de74b34e14f2b547a8eb818ae,delivered,2018-05-14 13:03:19,2018-05-14 13:17:32,2018-05-15 13:39:00,2018-05-22 17:08:26,2018-06-07,90088beec1a52588bd1a2991b633b3c6,2018-05-14
9c478c10c15e4728df3923eafb5856e0,29d782b6904423bb517c73bbf85a77f8,delivered,2018-03-27 22:55:40,2018-03-27 23:07:14,2018-03-30 02:18:36,2018-04-04 02:50:49,2018-04-09,129be06872afc8a36cc1ddbc4cb04600,2018-03-27
178ca782e5105b917275138274960c52,cd1b76220f1ef8834081af5831663e44,delivered,2017-10-12 08:41:46,2017-10-12 09:20:16,2017-10-13 20:36:54,2017-10-23 18:07:56,2017-11-06,f9ddad97b1a41864dbf8b1dc6bcc028f,2017-10-12
2466042f13331acca52c382e1d3ac6f1,86cd6a0332600ffdf374be02b7138c86,delivered,2018-08-20 17:35:01,2018-08-20 17:50:28,2018-08-22 12:16:00,2018-08-28 14:56:50,2018-09-03,8affef1a9da1b5d0e18b9defcbb34f2b,2018-08-20
c2ee895532a4463f765efa0c39d2f878,0df6e83f2e878145577f55d2c0bba916,delivered,2017-11-17 02:26:58,2017-11-17 02:46:39,2017-11-22 17:00:09,2017-11-23 16:21:13,2017-11-30,14ebf7e23309c8c2b9f3a9bec38b727e,2017-11-17
670c84e9a6fd7e747802d559696aa1e5,08130920035362156f7b45a92f9b564c,delivered,2018-01-02 12:16:36,2018-01-02 12:29:24,2018-01-03 17:44:28,2018-01-11 11:45:25,2018-01-29,c903d75b5c87bb49ed9f1f7a839e80a8,2018-01-02
bdbcb0e21f0d85538d17911900b26610,f886bab03373ae225f6a7d25e7ec14a9,delivered,2018-07-19 21:09:30,2018-07-19 21:23:11,2018-07-30 14:19:00,2018-08-02 20:46:56,2018-08-09,684a5af2fdb1b2f2e74df1660a897e7c,2018-07-19
d36ad3f4b22bb20d764f83cfe6ab045d,f7e70f0c355ed8b7a5d905650b4aac1b,delivered,2018-02-27 14:28:48,2018-02-27 14:55:30,2018-02-27 23:19:42,2018-03-23 20:38:57,2018-03-21,f5dd9e9fb1f73e4f3295625a6d207059,2018-02-27
da9409a419597e4d2a671193c8dd6095,be5b277d10b30185c23cf7a5b8a03d27,delivered,2017-08-12 20:13:18,2017-08-15 03:45:37,2017-08-15 14:35:48,2017-08-23 18:53:19,2017-09-05,a5a49fe1cf2e41c91453fc0f95ea43e4,2017-08-12
1c7e33aeded98d127a71477f5e81cb36,0c61300017ebcb3358fe2d7c8578e12c,delivered,2017-06-19 17:59:58,2017-06-19 18:10:23,2017-06-20 10:12:36,2017-06-23 11:07:42,2017-07-07,54cb075bf02ae0c87e88d3bd76739178,2017-06-19
485eacbde792f619c98700dab1918163,98e1b7b12121febe52ac028baaf2901c,delivered,2018-06-14 20:23:32,2018-06-14 20:40:56,2018-06-15 14:07:00,2018-06-22 19:21:14,2018-07-18,580cb51ef32f77efc212a90937e83ce3,2018-06-14
a399820aa2907a38ecccc015b188f4c2,33db0a0e285cdbb3899c6f634da3d752,delivered,2018-03-30 18:00:49,2018-03-30 18:15:22,2018-04-04 15:56:43,2018-04-17 22:27:43,2018-04-20,bb8abd8e96c77fb4a242f28b20a83099,2018-03-30
80c2d7b033497bf5aea90a2eb4b0966c,4ca8f71e6f71c236c3b09e04be215389,delivered,2017-09-12 15:51:11,2017-09-12 16:04:59,2017-09-13 18:00:03,2017-09-22 21:09:43,2017-10-09,a117d98c2195d806a0c35893d95fd66a,2017-09-12
3503ca07647fc40291e999ca3e3ea490,cf0abe8b6ab8b4dc63116b7617efafa0,delivered,2017-08-22 15:10:43,2017-08-22 15:27:16,2017-08-31 23:26:00,2017-09-08 20:42:19,2017-09-22,474185685b6ac97a0fc6daf0b10544d0,2017-08-22
38648b71bc657c2d7c0f96930cee401c,74fa648446ac066d771e173625e86722,delivered,2017-11-24 23:15:21,2017-11-25 02:16:05,2017-12-13 19:35:14,2017-12-21 21:07:55,2018-01-03,ddf0c995e1c2b2be119f15512d8f28b7,2017-11-24
c8f6b2cfd4ae525f62e7f2af94f529d7,fa11b190c4945c105eee4fe830a1046a,delivered,2018-03-02 14:00:57,2018-03-02 14:15:38,2018-03-06 22:49:00,2018-04-07 00:11:51,2018-03-28,d91bf14a29fd9a658d074eb383d447e6,2018-03-02
172f9fee6f5a8b311968d1c27b336438,ae95b18878272e222e88f529d346a9ba,delivered,2018-07-05 16:40:36,2018-07-11 03:30:22,2018-07-12 09:06:00,2018-07-13 20:03:02,2018-07-20,30c6a70550153f88a9913242f9e756ea,2018-07-05
7eb6ac79ca52bafc416276001ae26e51,437227bc2c5bc4f8e8bbc516c9fb26c7,invoiced,2018-03-16 19:50:23,2018-03-16 20:08:18,,,2018-04-04,ab0a1edab94af6028bc1e9fce373c5b2,2018-03-16
06a63f38cc8f4de325c456f6843c7ff0,c6a7e52beb6e4486135202bfebbe8c01,delivered,2018-03-23 15:44:26,2018-03-23 15:55:36,2018-03-24 00:53:36,2018-04-02 22:52:33,2018-04-12,c457b4ea78332fdc4b3ef85327e31996,2018-03-23
886e9aa900cc918c87009fa3bbb3a493,7c21bd5b2cbccfd0cb432b73153afb1f,delivered,2018-06-25 07:55:12,2018-06-25 08:38:26,2018-07-03 07:54:00,2018-07-04 01:27:30,2018-07-16,746aa3b45e53bd2ae0d40fabac5d591d,2018-06-25
ba20c230064f86c3a1c764fe3cf7ce8a,0e838cc1b33b1ab874583658e4b76ab9,delivered,2017-12-04 23:28:43,2017-12-07 09:51:23,2017-12-13 15:54:40,2017-12-28 22:43:22,2017-12-27,65fbf07cda31249fd51219053e9ae2e7,2017-12-04
68a834a7eb37c000651e94145a7102f4,6a43fba0e1828fac3da47806c0c5b1ac,delivered,2017-05-17 18:30:32,2017-05-17 18:42:20,2017-05-19 14:49:07,2017-05-23 10:33:02,2017-06-23,b22a0549b8ec4030adb91fa355eea83b,2017-05-17
9c9d443e386dc6332b14958d37eaf75b,45405b626a4056adb9220c5596687269,shipped,2018-03-25 09:14:45,2018-03-25 09:27:48,2018-03-27 19:44:33,,2018-04-20,a93e0e87cb1ca12bc29babd8b4abfea4,2018-03-25
f68e99de5c101aa886450b4a0278bee3,b7c13b2df92dc0d616315d518bbb97c7,delivered,2018-07-21 15:10:22,2018-07-21 15:25:11,2018-07-23 15:56:00,2018-08-03 12:27:38,2018-08-07,d2308b8cb44552f9245efd95f4e73092,2018-07-21
810d4c0ffa550c04303153fb9c0f0e11,fe00d4958dfeaf621e1840302cb7e47f,delivered,2018-02-20 17:34:05,2018-02-20 17:47:53,2018-02-22 16:43:55,2018-02-27 16:29:10,2018-03-06,3bd9a1728547aabfc9ea40f0ae23dc52,2018-02-20
10dc93d46a5261c20478b850f3c240a6,5951a1097ccd1351906878cc59d9f28f,invoiced,2018-05-03 07:38:29,2018-05-03 07:55:20,,,2018-06-08,5b2c7735ff14ce37ff1926415a451cf9,2018-05-03
6939582f505ed6bf44bd9a1bde337711,df813c2c1aeaa67fd26407370027db18,delivered,2018-03-31 00:14:39,2018-04-03 05:27:59,2018-04-05 00:42:43,2018-04-05 16:48:59,2018-04-12,ddcbd9c87bce192fc14812129a7894da,2018-03-31
de9a3a4892ed94ca9e82655bdae1b840,798741b4332a186edf3fd721754e23dc,delivered,2018-03-06 08:19:25,2018-03-07 08:15:31,2018-03-08 18:09:29,2018-03-27 20:32:57,2018-04-10,82d9f1ce8abc42103db9346fad55301f,2018-03-06
3493a5e1499df429a53453047b3b4365,afc2298cda7354dc7b88a657089c0da6,delivered,2018-04-30 16:57:43,2018-05-01 02:52:54,2018-05-02 14:14:00,2018-05-10 21:16:51,2018-05-22,7e34caa1c23561bf9e6587ad489e2f6b,2018-04-30
60e3a3852eb45dfe8e9cce6c97c1a1b1,61248acbe7cdec04b7ae3a3beb69a171,delivered,2018-03-04 15:57:57,2018-03-04 16:10:34,2018-03-07 23:32:50,2018-03-27 19:36:44,2018-03-21,3031a1ee0ebe70445c566be3166b386c,2018-03-04
7c9be012c84c629a1f6f9e7ad6cdb81b,1e555bb209b083428207fe0e28c62252,delivered,2018-06-03 10:24:42,2018-06-03 10:49:59,2018-06-04 15:16:00,2018-06-15 00:57:15,2018-07-13,6820262b5c131c96261155f35c4a2e20,2018-06-03
be55e32a03c6067d7fac887a8f607d11,7222d9a0c96d9a2813e905c54fa170c0,delivered,2018-05-26 03:36:55,2018-05-26 04:22:24,2018-05-29 15:32:00,2018-06-05 18:05:05,2018-07-31,7936c03612607b0b78d0fb1cffd870b2,2018-05-26
c0257fe04f54df9e09bea363e60336e9,bbe5971faf8ed849f7dffa2e412859cf,delivered,2018-02-21 21:52:56,2018-02-21 22:10:49,2018-02-22 18:23:00,2018-03-01 20:17:31,2018-03-15,dd125e1d2a8cf2f72404aeb2fff8bcee,2018-02-21
5bfce111a3fc0a622ab552626165ab2f,442d01aac55be68ff80be4de320fa60a,delivered,2018-07-17 18:18:33,2018-07-18 10:10:10,2018-08-15 15:41:00,2018-08-17 23:09:43,2018-08-16,937e27b334692fa4bcafc1d4186cf4fb,2018-07-17
fb52772040f4324904abfd196ab908f8,f42e699878e3e99189d663c0818b7006,delivered,2018-04-02 14:55:04,2018-04-02 15:11:50,2018-04-03 17:21:40,2018-05-02 16:52:25,2018-04-18,cacdc7392d5058cca242374dadf53068,2018-04-02
fb8d4fa3b150bb3a129a10015eeac145,32528e4f1eaacf4bef51744ce7827974,delivered,2018-06-13 15:39:55,2018-06-13 16:19:04,2018-06-14 11:56:00,2018-06-22 20:22:06,2018-07-20,1856e7ddbf6567f246428dee7282b021,2018-06-13
a60410ea7c70850c01bb29effe6d2da0,a7c9fdaa3d2047ccdbbfc5b5452a6f3e,delivered,2018-01-17 13:27:27,2018-01-17 13:33:28,2018-01-18 18:51:47,2018-01-30 19:53:40,2018-02-09,d4da368f76c9a5d3fdd0954e1d1472a5,2018-01-17
7a571da00e7b58c32fce2e6eb560dbde,3b7635130d1327ea2b273050efc450a9,delivered,2018-05-14 21:28:52,2018-05-16 03:34:01,2018-05-22 14:13:00,2018-05-23 17:06:22,2018-05-24,0220755d57fdf6a1f63f39f51bb5fb90,2018-05-14
c4cc12e29d292f1e48ab8b20d64d3a4d,8fe2856f32ca388c5ba030f0fd59451a,delivered,2018-02-28 15:19:43,2018-03-01 02:48:26,2018-03-03 00:22:45,2018-03-21 11:21:19,2018-03-23,1e1bf825ce7e4b4e4d6b535d28cfb2f2,2018-02-28
0ec4af8420f96af137f9b52194956497,482e05dadfceda1d9ab8cd9c6b5279f1,delivered,2018-07-25 19:05:41,2018-07-26 09:05:13,2018-07-27 13:28:00,2018-08-02 19:57:38,2018-08-10,0adec5e4aacbd5738d0bf90ad046c7c3,2018-07-25
b3a54cc61ee983ecd0b5fcbd1e22e962,810b687b8ef323856fa272f6049d6863,delivered,2018-04-28 21:03:43,2018-04-28 21:15:19,2018-04-30 12:52:00,2018-05-14 19:19:18,2018-05-30,88615bc2e86b4c741283726e407ffe01,2018-04-28
aebdaf13ebfa0d478e200577c665ffb8,d689f03169d9172418de3b1251d2580e,delivered,2018-02-28 17:14:55,2018-02-28 17:31:14,2018-03-01 22:46:39,2018-03-17 12:11:52,2018-03-23,c93c7d2dcdccb1c0bed454d8eb247d68,2018-02-28
75f3ecc1ee0d23f0fcc29fa7bff30a16,cf217935713d555a320eddf49ba10b46,delivered,2018-08-15 20:08:29,2018-08-17 03:29:55,2018-08-17 12:50:00,2018-08-20 18:57:40,2018-08-20,86ec2fb8f005cc27710a4a9bf12386f0,2018-08-15
596428e20f127315255e853fb6f851fe,4509553aaf1841a7fc2de7bc3cbaba73,delivered,2017-10-01 13:05:13,2017-10-03 03:49:27,2017-10-04 08:36:03,2017-10-13 19:53:33,2017-10-31,8b3a246714d7e73eee1214efc27fa818,2017-10-01
31b855608ca69e4146b737745506f2d5,ecddacb5d88a37903a95579250b5a40e,delivered,2017-08-23 14:34:52,2017-08-23 15:06:38,2017-08-24 20:30:02,2017-08-31 17:17:37,2017-09-22,86df00dc5fd68f4dd5d5945ca19f3ed6,2017-08-23
750ec067636ece1a4c163a6e1c764fe1,b84bb32b376bde3be1fcf5a1fec98b60,delivered,2018-04-05 13:35:58,2018-04-05 13:50:16,2018-04-06 22:41:41,2018-04-10 23:32:39,2018-04-20,608be86eed02e406447001b3dc815995,2018-04-05
c4a3a64bb10616483729097dead2a6f0,afdb934f9b8d854c2d5cdecea2783899,delivered,2018-04-18 12:06:36,2018-04-19 08:15:28,2018-05-02 15:32:00,2018-05-05 03:08:40,2018-05-09,5ae3a8617673c3487050098780df40ed,2018-04-18
b00b03aa8a123e124b6c8674275138ef,279a782ead71289aea6b062e56a21aec,delivered,2018-06-24 15:52:02,2018-06-24 16:14:24,2018-06-25 14:21:00,2018-06-28 22:58:48,2018-07-11,450f444c9bdd54b76fca4a6f727b9a35,2018-06-24
477c5227ffdd6b36ff00bbc57f290874,6f998922a97234f1a1eb28647d9ca68c,delivered,2018-06-08 21:14:01,2018-06-08 22:08:55,2018-06-11 18:56:00,2018-07-09 17:54:43,2018-07-04,8869acc42201e65d2ab1e1202e3b3be0,2018-06-08
e54f60001872f7fc5d8d6d919aa0d925,106dc4cd0c6de742ecbe154db2be1ae4,delivered,2017-12-05 22:40:35,2017-12-07 03:10:57,2017-12-07 17:32:47,2017-12-11 23:27:44,2017-12-21,a8d062cdea3dcb9addaf6657b0a2770e,2017-12-05
2695fad29683cb9e20b91e87fc0cfd39,5dd8a8ea9853a2ad0a98954f51047d52,delivered,2018-04-11 15:23:22,2018-04-11 15:35:18,2018-04-13 22:22:34,2018-04-16 19:18:41,2018-04-26,6d8f77c21cb4cfcd376d6f82b7e1b713,2018-04-11
dc9b66f791e6bc0d3a44e2c513a1d117,cd030cc7d9fe30c0ca7889aeffa326a4,delivered,2018-07-24 11:09:11,2018-07-25 08:05:12,2018-07-25 14:29:00,2018-07-27 12:32:19,2018-08-14,0025795df7a7d077c4c90162fa820085,2018-07-24
fe0b65896fefa5e3ed76059830c2e49c,2d96fcd378f95a432e17149d2e169247,delivered,2018-07-29 21:55:10,2018-07-29 22:10:16,2018-07-30 11:36:00,2018-08-07 17:13:24,2018-09-20,9f73c7d14fa33cf0c112c7a393c30900,2018-07-29
082c2f05e569e5d095ac086461bef733,f9ef0db14774b4dd1e59705b596d6984,delivered,2018-01-21 11:29:19,2018-01-22 13:47:30,2018-01-24 23:27:50,2018-01-30 20:41:39,2018-02-16,c60635e3c36e27ff9222fdac1ef3e17f,2018-01-21
43d8ceec1139cb3e75a6ab9d25e2e6f6,25d44c03117c35e592017d6361154a4d,delivered,2018-03-31 17:41:02,2018-03-31 18:27:12,2018-04-03 20:13:11,2018-04-12 22:50:58,2018-04-25,4d481e054ecf26fc64cd15f677547534,2018-03-31
49c06ec1bf8280d4a6ff6f3a70b59eee,c6026ed0b2168a33d2d720d2c1b7a83c,delivered,2017-12-18 20:14:01,2017-12-18 20:30:23,2017-12-19 17:41:52,2017-12-27 17:07:44,2018-01-19,d05cec6e9bfb374346a4dfe6a0dedd38,2017-12-18
5b8e4e84a2e2822c4a1e704ef4b20f92,b955b2fb6c219be7ae9be4de79f310fc,delivered,2018-06-06 10:57:16,2018-06-06 20:34:24,2018-06-07 09:03:00,2018-06-11 15:03:10,2018-07-13,fd3ef8bab40591fb39bf4dfee5fc75bf,2018-06-06
9a85e7c1fbe3b6519b2f943527d21426,09e3c49cbaef2200d7f8b129d96e9d0e,delivered,2018-02-26 14:25:44,2018-02-26 14:35:40,2018-03-01 14:28:30,2018-03-30 02:41:34,2018-03-21,f427be7beb3abc0b1626c108aacf588a,2018-02-26
d1bf58d8a4537bcae92031dc9506b0d1,54219e2e76f6a2c60768ffad1ef081d6,delivered,2018-01-16 10:18:45,2018-01-17 03:38:54,2018-01-18 21:08:33,2018-02-08 15:53:53,2018-02-19,3a73ce6fc3b392e1ca609b5548418c36,2018-01-16
1bda6a57a0819d9483894ff53a9fb742,b2d679dd685c9580d766ac171cbc1e2b,delivered,2017-10-18 11:17:22,2017-10-19 02:56:58,2017-10-19 20:52:19,2017-10-23 16:08:55,2017-10-30,010a81611c87c7e19c18f303e39973b2,2017-10-18
7df7d4ec17315f0dd0c1f6099a9fa5f3,c38c9babe9e1c44bc6ca87218f060bac,delivered,2018-04-03 16:00:49,2018-04-05 02:10:26,2018-04-05 18:41:44,2018-04-11 18:28:33,2018-04-25,d3dac8825eb9bff1e41c59552aadeeed,2018-04-03
bb7f386eccdada8610770251d6698b13,c1f792df39a09f85c4ae6258e171e1dc,delivered,2018-03-23 20:49:57,2018-03-27 03:56:00,2018-03-27 22:15:30,2018-04-04 02:03:54,2018-04-16,710762698c0c755b9299772cfc20c1f5,2018-03-23
2e7e996efcdd5363fe2dc812bf804e58,1c2e9eed38f46d24ee6afa2edd983dd2,delivered,2018-06-15 15:58:19,2018-06-15 16:19:28,2018-06-18 18:57:00,2018-06-21 16:52:27,2018-07-05,822ea97fdff0c0fd8800501d449e452f,2018-06-15
d3814caaf7587391515f5ec329ecda07,0cfdcf557ac3190fe1a6d0cf88027b2f,delivered,2017-03-22 23:17:07,2017-03-22 23:17:07,2017-03-30 13:08:01,2017-04-05 14:40:03,2017-04-12,973206107af40234a0f30dc9878a2311,2017-03-22
22d6af278bac655b75f102132b019564,6723612930282cb0c95e7558a28cd72b,delivered,2018-06-17 09:49:56,2018-06-17 10:19:29,2018-06-19 06:42:00,2018-06-30 18:18:29,2018-07-17,254dc956a81670b89e5d21c2a9a43a85,2018-06-17
17028de7d02a1fca7c1d08221b859b77,89ba44b1047e2e06f48cebad470b10d7,delivered,2017-02-08 21:06:37,2017-02-08 21:15:17,2017-03-01 11:49:15,2017-03-08 08:44:02,2017-03-27,1f82a45bfd1d8e50793443de86f20df2,2017-02-08
d61e9236bd0abb5bf81b5c7f984c9d74,7a2e59b53759c754c5ca4611bb91f7a2,delivered,2017-04-06 11:19:58,2017-04-06 11:30:17,2017-04-06 14:20:06,2017-04-12 17:41:55,2017-05-02,653a7619cc4095be9549ffbe73508abd,2017-04-06
a37f8312a0547362c60345cc4cb0f8f2,9f15e1370b94ffa25930221dd6dc1061,delivered,2017-05-09 01:57:10,2017-05-09 02:05:14,2017-05-10 09:46:45,2017-05-22 18:27:41,2017-06-01,78a314a58d639d0d542958c86c737e60,2017-05-09
febc08cf93a49479fcb455b3f673bd2f,aaab7342092f1dea95d1b5a01f6cf198,delivered,2018-08-02 18:22:40,2018-08-02 20:15:20,2018-08-03 12:04:00,2018-08-08 23:51:28,2018-08-21,0ca475c05ddacfeb9f999b9db9c77e4b,2018-08-02
0a2902af9ad58b25df153a4e743b5db9,87150b3d9a793f5308d1f02a4a9a29a0,delivered,2017-12-13 12:20:39,2017-12-13 13:32:13,2017-12-13 22:08:11,2018-01-06 00:23:42,2018-01-17,f7a4e3a119ca95171fb62bde4a271c03,2017-12-13
d07225e5c85eddd7a69ea4c13650de38,9e474bb844a79cb40d7289813d98c2a2,delivered,2018-06-26 09:59:43,2018-06-26 10:17:57,2018-06-26 15:13:00,2018-06-30 00:22:28,2018-07-18,59c281636ddd7d912f273a5979dc2f22,2018-06-26
7683e28d403c6a04e30902e9e415eec8,856d198a0f044d71737a4f922b50b0f8,delivered,2018-05-04 15:38:57,2018-05-04 15:55:22,2018-05-08 15:46:00,2018-05-14 15:54:50,2018-06-04,e816453a1cbe8d142e5c5c9a80eb920a,2018-05-04
ce01fb712d44ec615ee943b00b2714f6,de5821ba1a05973d20492903ecba0317,delivered,2018-04-13 23:52:54,2018-04-14 00:14:43,2018-04-16 22:52:56,2018-04-17 14:23:33,2018-04-30,db0beb87bba98eb44e1d3fea46e90b5a,2018-04-13
1ee5be25d6e54e1ea3c75d3fc9ca3d6f,4f606249b66141d3a22b6ed603fb3771,delivered,2017-11-02 12:40:27,2017-11-02 12:50:34,2017-11-03 17:29:56,2017-11-07 22:36:35,2017-11-23,b61ca21a9f10b3373c257ff5a1a1ef65,2017-11-02
efd9ab80b2abae957f5b9b34328ea36c,0b72a424f7acaba1d898d56478f9d964,delivered,2017-07-13 11:48:17,2017-07-13 12:03:38,2017-07-13 19:18:03,2017-07-18 02:24:39,2017-08-02,d251a1124846b199b2cd71d7993c1570,2017-07-13
fba464e2b8022e40e3a5e5fdb8e7f2b1,c91935a29bca80d4d90ccb1fd85b497e,delivered,2017-03-06 12:38:42,2017-03-06 13:10:37,2017-03-08 16:03:58,2017-03-14 15:24:04,2017-04-06,0e46794bf99ba5d4a3ccc8ab5ae45a60,2017-03-06
9724ff037a78e9215939269a8f52ef19,8a5d92601125597c036996e143bce494,delivered,2018-08-12 20:35:19,2018-08-12 20:50:24,2018-08-13 14:49:00,2018-08-17 19:21:46,2018-08-24,da686e70571c6dd4956e1079fb3ff38f,2018-08-12
aea6f638ec66f7a8db1a9216ddaaff2b,6093fdd0645070ffa0c013381b6cf31b,delivered,2018-08-13 10:45:54,2018-08-13 10:55:17,2018-08-16 07:25:00,2018-08-22 17:44:57,2018-08-30,116599835eb984c240446753380232c1,2018-08-13
4d6ff00ff70bc8add58ab6f275c2b61d,e754b01fc92cea994bc9fc72908b4afe,delivered,2017-09-18 20:06:21,2017-09-19 09:30:22,2017-09-20 17:16:00,2017-10-09 11:28:55,2017-10-09,4106b7bd682b25f72abc9f46e7e73ed0,2017-09-18
b5b362ec945720b946181f08eb7bdd04,d60157b6edc4c62efe9bda6b47cadf5d,delivered,2017-03-15 00:17:58,2017-03-15 00:17:58,2017-03-15 15:57:12,2017-03-20 06:03:50,2017-04-03,c2f1bd7529dcb6abfa92705130fe3299,2017-03-15
7e6c86f2c78f3ccb8f18fdace19f0fc9,c928d6a6268dddc2478c1efab167900d,delivered,2017-10-17 14:31:21,2017-10-17 14:49:25,2017-10-19 18:06:39,2017-10-20 18:24:04,2017-10-27,73b83a4b5e1dcc17620f1016b65371b8,2017-10-17
0eb43791d78d71f1098d5cb2b46e4c7b,bab91c3c25a207c83b5c95392df95163,delivered,2017-03-25 14:57:53,2017-03-25 15:10:16,2017-03-28 09:51:58,2017-04-08 03:46:03,2017-04-13,7d5c4bcaf5e9ce14f2ac132ed39b1bb2,2017-03-25
9af9ab2e5e9932c6d31b5fb79e8c844b,ccdf080c53c6ea522feac09d9ea18290,delivered,2018-02-25 20:50:52,2018-02-25 21:08:06,2018-02-27 18:58:52,2018-03-21 18:26:42,2018-03-21,8660f98f7e1f51da6cf89794f066dffe,2018-02-25
f05a68aaa0d8f89e758c7134d53fa22a,7e16c78f08de9b2ec5b9eff657934019,delivered,2017-08-22 12:51:29,2017-08-22 13:08:00,2017-08-23 18:53:21,2017-09-04 20:54:01,2017-09-22,011b4adcd54683b480c4d841250a987f,2017-08-22
832fd2df9c576a07c015ce8f0d88466e,773bfaa3eb31a2865900e4d3171cc854,delivered,2018-04-04 20:41:57,2018-04-05 09:28:21,2018-04-06 19:21:53,2018-04-12 22:14:32,2018-04-27,5c6a9d3bed2ece0df608533a87996df4,2018-04-04
7091c6daca979c1cc15c2a2faa9a468f,25fd7f2921cef8c9a93ba42b17f17840,delivered,2018-05-01 23:41:46,2018-05-01 23:52:10,2018-05-04 12:27:00,2018-05-09 14:14:45,2018-05-25,5c867d6e747bb99b08f7c361d2d8ec7c,2018-05-01
84db939b1ab9686533e9a06a0354beb6,c0789eee49fe7d5d93d5e412c14181ce,delivered,2018-07-20 13:14:25,2018-07-20 13:25:09,2018-07-25 13:27:00,2018-09-17 13:49:04,2018-08-16,debe6716f0bcb2325600aa2bfa0bc0b6,2018-07-20
a139ecd5f1989a8f5d829cc03aa1a046,a6fba43413c5d37fd7dc3173432f6ab2,delivered,2018-08-17 09:01:51,2018-08-17 09:10:17,2018-08-20 11:40:00,2018-08-28 01:54:49,2018-08-31,212b273eed006f96498ccd8e91427e42,2018-08-17
e37b307b6954ca1be0ac80b25209bf9b,187515b8587ca337b347e05f8ca3b599,delivered,2017-08-29 14:18:50,2017-08-29 14:35:31,2017-08-31 14:34:27,2017-09-04 22:04:15,2017-09-13,5bc2fbba573a24390675a1c171cb8430,2017-08-29
fe35b95a8b1a9a4368bb624adbf8f727,cba605602a2560447eda9e8eb3f17f8c,delivered,2017-10-10 15:59:34,2017-10-10 16:14:24,2017-10-11 20:08:47,2017-10-19 20:59:57,2017-10-31,2acf396d1201507ccb4afe2e4d9a947c,2017-10-10
074eb2398def4038d7fc4fb8a5aeb0bf,d0dcfb2170fef37e3e3804fd0f51f761,delivered,2017-12-03 01:35:22,2017-12-03 01:51:10,2017-12-05 14:09:05,2017-12-07 18:43:40,2017-12-20,4fcf56f1cf3d583a0cec41f7f523a852,2017-12-03
b822c2238bcf6e7dac25f9cba3312a02,daf220c354971444745614116205d3e8,delivered,2018-02-28 21:37:34,2018-02-28 22:20:22,2018-03-01 23:15:34,2018-03-02 15:42:59,2018-03-13,db39fe4a38859a3ea32a474664bff72e,2018-02-28
d8fb797beb3bc5099a065c4db4a4d8fa,73c029b75adaf58c0a95829e5befeee9,delivered,2018-04-23 18:33:00,2018-04-24 18:59:06,2018-04-24 16:22:37,2018-04-28 16:42:50,2018-05-15,6e8ded16670d161d06417980dc6dc5c1,2018-04-23
fd27a031c5f2efd93917e23822de573e,0a9c737f5b873019090c5ab48397ab19,delivered,2018-06-15 17:52:17,2018-06-15 18:21:34,2018-06-18 15:40:00,2018-06-23 17:43:26,2018-07-26,85b8a4d541d0dcf87b8980bf17f0c516,2018-06-15
4fce9f3074d7baa96d8aae3caf9b5f6b,cb271fe0d01f7c35a84435e3661ebf0f,delivered,2018-01-06 20:12:15,2018-01-06 20:31:52,2018-01-09 21:19:27,2018-01-27 02:20:17,2018-02-08,ba216aaf0c96f02b4e2689472b945ff2,2018-01-06
5cfc8b5d0db5dc5bc500d0fb6c986a53,6437eb6b4005fd6cb07209f146637db1,delivered,2018-04-10 08:47:23,2018-04-10 09:10:25,2018-04-11 12:36:45,2018-04-17 20:04:57,2018-05-07,6ba1b64784112741f73ac654c4758a17,2018-04-10
27e9503d4ac32f3fc54ca1acb8ac74a3,e49f2a7ff5c2a15d3b599d50a7a77a91,delivered,2018-02-25 20:14:24,2018-02-25 20:27:44,2018-02-27 23:33:06,2018-03-01 00:23:01,2018-03-12,d55b40b541be53be1afa3bf62f98d8ba,2018-02-25
196750f3a540bf20f0d449337221bd1f,14841ab540bf9dd232bcb84d8135325c,delivered,2017-10-11 00:58:33,2017-10-11 01:14:09,2017-10-11 17:45:49,2017-10-18 20:15:31,2017-11-07,8ea127cdfebf2952bcf1314cb10ec98c,2017-10-11
bc6d2ee01d1daa8441fc48b586bcd985,754cdd12a072b7cd037ad32aee11db02,delivered,2017-11-24 10:09:50,2017-11-24 10:31:05,2017-11-24 23:11:35,2017-12-04 21:37:42,2017-12-20,f57447503d39554110de485b2ece7769,2017-11-24
d470b00bc3d705453cd02a793aaddb07,0b66eb99b1af5a704c8bb97390d2ea76,delivered,2017-07-21 02:13:24,2017-07-21 02:22:47,2017-07-24 10:43:58,2017-07-29 10:55:35,2017-08-15,fb76fb542caab10b86ecf698a3c49cfd,2017-07-21
bab72f3856e8cc2c8396ce2441414540,c4524e479c54f1caa0d8997bbeb7bde8,delivered,2018-08-14 17:27:42,2018-08-14 17:55:19,2018-08-16 12:24:00,2018-08-21 17:25:37,2018-09-03,ea519434b78cb6612b8164c573eabf18,2018-08-14
eb9d7441dd3a370bd4c5e2c99f660af5,93c80a4d82691afe3f682d8deb8e2fc3,delivered,2017-07-27 22:42:22,2017-07-27 22:55:20,2017-07-31 11:26:38,2017-08-03 18:27:59,2017-08-16,e1ba66a5a9d18b225ac4c2adc66e7737,2017-07-27
f5fa6cc75eb7dc511bb4dac263fd05d3,e3afdef8e94c0d1bfa5d378d0574ee54,delivered,2018-06-26 21:58:19,2018-06-26 22:27:42,2018-06-27 11:31:00,2018-07-03 20:57:41,2018-07-24,29c40ebdb9bf8268efb4a8aa01078f58,2018-06-26
2d695e0d0fe5d863c921713fdc1faf7b,5ca9f1e0cb1c302adb16d254b7d38b92,delivered,2018-03-07 00:39:30,2018-03-07 00:50:29,2018-03-09 17:09:43,2018-04-19 16:08:38,2018-03-29,1bb7f4eadee0292c18333f8698599347,2018-03-07
24d467b091af7611de89fe9d2c4b76c9,bc3327481eb6481c9de552b1b15abf6e,delivered,2018-08-24 16:32:04,2018-08-24 16:45:18,2018-08-27 13:28:00,2018-08-30 23:06:51,2018-09-05,3acd02ebfa5992ca408cbc3da8718093,2018-08-24
44d4ae94f250aacf9d4a3d0e23d8a4d2,ed4bd9cbd2c8c350baeb7c093147553b,delivered,2018-02-25 19:51:11,2018-02-25 20:08:09,2018-02-27 19:28:38,2018-03-13 17:59:29,2018-03-21,8b4cb7273a814b7134a41abd824b6485,2018-02-25
ceeaf57b8e4f3315fffae525ec8018e0,59671c3de58dc1bcbbb7ad274537ac20,delivered,2018-05-13 15:32:37,2018-05-13 15:52:06,2018-05-14 13:57:00,2018-05-17 16:34:40,2018-06-08,c7483147fb9cc65b26e2abac506a9fe0,2018-05-13
71359a053b02802c8974b69049cec60a,186a017967220b623997be9195d258c0,delivered,2018-07-31 10:29:51,2018-08-01 02:35:19,2018-08-02 16:05:00,2018-08-06 08:51:26,2018-08-06,c429425f10004f7f2b5e7b13801845e7,2018-07-31
9f038ec9f60cb6ced5e69f113cdd1147,8addf8eac3121910b35f1e5a9b90156d,delivered,2017-08-28 17:12:27,2017-08-28 17:25:16,2017-08-29 20:20:01,2017-09-11 21:15:16,2017-09-22,9b52f9a04732f8ed8786607f0b88b910,2017-08-28
b10818512d51945f6498d36b8de77c68,651f4f5c54de7d8ca39e09f7c6c56e5e,delivered,2017-08-15 17:21:46,2017-08-15 19:10:20,2017-08-17 14:06:49,2017-08-18 21:55:33,2017-08-29,dd76ca8e2a53d6b71641758883958449,2017-08-15
86c2a7e3005f95b5a412d19e1642ff37,1cca92e0b1720ab2b9f5643743d635f3,delivered,2018-04-01 21:43:29,2018-04-03 05:10:30,2018-04-05 23:36:43,2018-04-21 15:18:23,2018-04-30,7ef87ebc535cb9fc50db4eea02fb6089,2018-04-01
ffef98cd5ecdc992fefbd967549520dd,8219ed06f16d11e061ca521bbc175c17,delivered,2017-06-28 21:01:06,2017-06-30 03:15:21,2017-06-30 14:09:00,2017-07-14 16:19:41,2017-07-20,2c27e67b4518e5db1b0b1faf8fb920c7,2017-06-28
0659ee4a8b8b8da8337c94d35e423c74,f5dcbb401660482ff93b39d3aa1edb7a,delivered,2017-11-24 14:30:49,2017-11-24 16:34:52,2017-11-27 13:58:15,2017-12-01 22:44:43,2017-12-20,bf429f20c75a39eab83442cda8e59832,2017-11-24
944ba1aaed29edc4ee698aac30d875b4,e4ae26185e2acfb426239f3da098bce8,delivered,2018-02-22 08:46:35,2018-02-24 02:50:46,2018-02-27 12:36:44,2018-03-13 01:52:46,2018-03-19,e817c507d908476a03da11ebc3489165,2018-02-22
74a9c19e8e4a00a669fa8fd0a9134881,27c01f3790a87e78b43224e8db4e2fc5,delivered,2018-01-18 02:11:56,2018-01-18 02:30:36,2018-01-19 00:10:01,2018-01-25 17:18:50,2018-02-08,b6551acfa77dba27fb288e08dbe02f84,2018-01-18
c405f957a0a4870d31e629acc3975889,42e4791dd34dfbe5bbd0c74253ec36b0,delivered,2018-04-26 09:05:59,2018-04-26 09:56:20,2018-04-26 13:16:00,2018-05-02 18:45:54,2018-05-15,3f2566993f8a2867cc120448ed03d133,2018-04-26
15ec3d48383c58c0dc96cd66f8884630,fc768a2275c44d9383cc6926adac469d,canceled,2018-08-23 15:17:19,,,,2018-09-20,ca9047711198032d7f41114bd56bf7ae,2018-08-23
d6ae19c6c065f3ba77f44eb583be611e,db7a54c176ba4480ca18f885ee8fc437,delivered,2017-02-26 12:30:22,2017-02-26 12:45:44,2017-03-08 09:46:41,2017-03-25 10:07:51,2017-03-30,999386a35cbb57d3e5513ce90dfa7fa7,2017-02-26
ba780148e634afd811153d5362fe6261,248a663a76ecd556546414c94d8055bb,delivered,2018-05-08 23:11:18,2018-05-08 23:34:16,2018-05-09 12:34:00,2018-05-28 16:18:36,2018-06-07,a3428f0097afdccc1c63d75b5c77e768,2018-05-08
2acc7dd7478c845d1f150d20dc7d7e43,90057310fbaa6d4e51e1d3e4b498d335,delivered,2018-04-06 14:03:10,2018-04-06 14:15:10,2018-04-07 01:42:35,2018-04-09 16:27:56,2018-04-20,23d45783663ab2f8ddf4cefd8cf882bd,2018-04-06
534e2b783c1e84bc830f3f372a31ba0b,53c312b1cd2febb91dedfdcce49bd1d0,delivered,2018-06-15 22:50:54,2018-06-15 23:21:13,2018-06-18 14:55:00,2018-06-19 18:28:29,2018-06-28,77983634622d68196464f8a428693a7b,2018-06-15
74fd3f19e82d4dc348cf34d3870605c1,67c217f8637c4c1f72e8b54d2e5b0f74,delivered,2018-08-24 17:53:18,2018-08-24 18:11:46,2018-08-25 09:14:00,2018-08-27 17:22:46,2018-08-30,9514faadedf04aec66980238b2abfd06,2018-08-24
029c366599ce117100419a093b7f6132,ac81fb6a1f089d191d0a0337ea2bfad0,delivered,2018-06-17 20:41:20,2018-06-17 20:58:37,2018-06-22 14:38:00,2018-06-25 18:58:53,2018-07-20,15c35e5906c9714b6a7f05bf450274b6,2018-06-17
40fdebf7099c66b23f5856729f82a68a,96b80763a9e40ec80e13ab289a3296b7,delivered,2017-07-12 10:59:26,2017-07-13 02:50:32,2017-07-13 18:05:58,2017-07-17 21:10:47,2017-08-01,9363e2b5b41aac1a5f31741dd9292123,2017-07-12
c547c9add673a922b5bf997e06202754,245bf42163498d23ca14484c07988535,delivered,2018-03-07 14:26:32,2018-03-09 02:10:30,2018-03-10 02:31:54,2018-04-17 16:13:36,2018-04-10,9dab217089224ad75d6f756a5b253930,2018-03-07
47676a246458b42506986a0c5b9dc94c,85b33bce9e1e9b9c05c0a2e30385cfae,delivered,2017-02-03 13:02:57,2017-02-04 02:25:22,2017-02-06 09:06:38,2017-02-14 14:15:12,2017-03-03,c38c3af8fe28f2cc69b6404694b47d91,2017-02-03
630d50b3a0f69b6ee270ae91d0594969,a3ac867d63cf8677e8a73b97363ce38a,delivered,2018-03-13 16:57:45,2018-03-13 17:40:30,2018-03-16 19:45:02,2018-03-27 19:57:48,2018-04-03,dea569a21e1e3459f8ca72eec38776ec,2018-03-13
ac0b40db773fed894ef5646453a38544,788a2e681b4dda11b40f137041045bbf,delivered,2017-02-07 19:45:53,2017-02-07 19:55:20,2017-02-08 09:55:37,2017-02-13 11:29:01,2017-03-10,db7139dd202dfc6da9e4b05902c713a4,2017-02-07
38464606001eea475b8009745791c68e,9d0c6eb05d8c8adc9242674560985252,shipped,2017-12-21 14:55:50,2017-12-21 15:10:16,2017-12-26 14:28:53,,2018-01-22,221436a552a502de0ad8abdc2888f34d,2017-12-21
3ca3064a730b878a04e074e0f1c9f93b,82659d9d36476dcd64db2212d90f7457,delivered,2017-03-19 15:52:41,2017-03-19 15:52:41,2017-03-22 06:37:39,2017-04-03 12:26:09,2017-04-25,20b72badcae7a60f803713e9bc93311c,2017-03-19
b1d12607ff873709c10b5f5076e5b442,140e311a3d45416c193c871018efccce,delivered,2018-04-03 11:19:16,2018-04-03 11:35:10,2018-04-04 02:10:59,2018-04-06 04:08:51,2018-04-19,6da05480662a8ffeab46215c39789fa9,2018-04-03
f42f487134140e71384ac6b1f520d681,d468ac6b0cfcebb3f2939fd191cc76ac,delivered,2018-04-27 12:06:54,2018-04-27 12:32:02,2018-04-30 13:01:00,2018-05-04 20:11:12,2018-05-24,29c850bcc668e9c060e2b47f9673d018,2018-04-27
7de82f23620bd64b59c175c554191182,c174b4f39f769670fdb04e1994b4081d,delivered,2018-01-09 19:54:10,2018-01-10 10:33:07,2018-01-15 16:49:15,2018-01-26 02:18:40,2018-02-07,8efdcd51f527f5aec0875573fd2210b3,2018-01-09
7936367b7140cd4370be2d7eb8d3e325,f0f76dbeeb66c9fadaf92fa912cc6248,delivered,2018-07-30 11:34:43,2018-07-30 12:04:52,2018-07-30 15:07:00,2018-07-31 19:36:49,2018-08-02,fcb1d4dbf1280abca0cbee998a5a4543,2018-07-30
2bb1693e6826b1ef5f46a4e33f0dbef8,8b8cfe7e4865337a1e11913c2a778d3e,delivered,2017-08-18 02:11:52,2017-08-18 02:31:05,2017-08-18 21:59:06,2017-08-23 20:35:59,2017-09-12,9dd31f7f043c91bf089e99e10ed690c2,2017-08-18
3dc8ca7de518eae32ebe7dc2dad8ae77,56280bfbcefb145b91a360ba0ebe9bd9,delivered,2018-03-06 10:39:28,2018-03-06 11:20:22,2018-03-07 18:17:20,2018-03-08 19:50:53,2018-03-16,6654cc899a01fc55b6ec2a6db5ba583b,2018-03-06
483f86b7cf498c438e3be9ef583d7548,44ed3932b2a2b54817fc89ed47138012,delivered,2018-08-05 15:10:59,2018-08-05 15:55:25,2018-08-06 15:16:00,2018-08-11 14:56:41,2018-08-09,f2ae5ee1810b82643a887ea777b71667,2018-08-05
f3c973baad2d145cc17da5473621e0db,3bf70d98adff5db9b2292184cb16e078,delivered,2018-05-29 10:13:56,2018-05-29 10:38:42,2018-05-29 12:31:00,2018-06-11 13:32:12,2018-07-24,7fc67a676286f54e9fb2946e223797a6,2018-05-29
f2decddf8c6c81ab5681626c6c282871,ba94c4a2ea6b73745411d64f48180b6c,delivered,2018-02-02 19:07:59,2018-02-03 14:10:10,2018-02-08 22:08:57,2018-03-10 14:12:27,2018-03-07,7a8afce0fdb6cd5e748818e19f1e223a,2018-02-02
77e548d1df3a7054cc11757ec6a0af59,3dfc54c80465a34e894278f7dde57435,delivered,2018-01-16 18:45:15,2018-01-17 03:38:28,2018-01-19 18:18:56,2018-02-08 22:19:49,2018-02-14,5a2f02affaa2cb06906dad10bddd8206,2018-01-16
905fc82a3f92ee92e5084172bf337840,c5b20170d6ddfe451eddcd3ac0043bff,delivered,2018-05-01 11:44:15,2018-05-03 03:55:18,2018-05-03 11:11:00,2018-05-08 18:36:31,2018-05-29,cf7648ab92d22219a2aa8218d19ad309,2018-05-01
045d5f2b9ec233c262c0ba79867e37fb,8c517daf8df92143b97b5da73c21159d,delivered,2018-01-13 19:50:52,2018-01-13 19:57:30,2018-01-15 17:59:17,2018-01-29 17:48:28,2018-02-19,be33ce67f6c02b468b94afa895a955fe,2018-01-13
1e6b3e9b3559f895fe71446d124303a8,36fd65d22406eeb8543456a17187e97f,delivered,2018-05-22 11:51:09,2018-05-22 12:17:22,2018-05-24 08:58:00,2018-06-03 16:11:11,2018-06-07,94cc5a9b3476fb489cea3b8554300d45,2018-05-22
294bc47f2c556ebbec32a74c4811efd5,4bd474d81a0e7b62ee85040e4bb4035d,unavailable,2018-02-26 21:32:49,2018-02-26 22:08:40,,,2018-03-21,3e3b2a4bd5f40878bfd9b99a74c8370c,2018-02-26
0572c29de369acbc110ad921d93d01a1,cc2e48332039640e42842bdcd64fe4e2,delivered,2017-09-30 14:48:37,2017-09-30 15:04:08,2017-10-03 13:41:33,2017-10-10 19:50:33,2017-11-03,7289ef64c73bc18f265634e530689474,2017-09-30
5fd0d1844c46d95e756c563bf148d01d,4bff33bda9d28aa45c0a3883999849bb,delivered,2018-03-15 13:35:00,2018-03-16 03:45:21,2018-03-17 00:26:43,2018-03-22 00:22:27,2018-04-03,37c39077b1b8e6f8fe622e9d73145121,2018-03-15
dcef4484357754fc205095e165e01504,8cd433d9c98ec34854fbb512c88a589c,delivered,2018-02-26 21:44:20,2018-02-26 22:08:44,2018-03-06 19:58:34,2018-03-17 00:51:35,2018-04-03,d150f8dd71779963cecac468b0108aa7,2018-02-26
0bfe55f7a11b408e6519d50eb874b331,26a5ebc887e2d4d92ef470d35c78f280,delivered,2018-04-02 20:46:38,2018-04-02 21:09:26,2018-04-16 19:47:33,2018-04-23 18:36:25,2018-04-20,cd2671a21d95e72a623e07b63551335c,2018-04-02
f32506d911d029d9aa31e074798f2c2f,cd0f4edcbda5a1922810b83e7233b33d,delivered,2017-10-28 19:51:27,2017-10-28 20:05:48,2017-10-31 16:17:04,2017-11-06 18:26:42,2017-11-17,7c1cfb3c097e0f1caa90bb17675a63e5,2017-10-28
c6735c93a3773ffe872b4184ccfdad09,d433a7052842b27ecc5ff0c94c3b70dc,delivered,2018-04-25 09:55:08,2018-04-25 10:12:55,2018-04-25 13:31:00,2018-04-30 18:56:35,2018-05-15,60f675b9da2d000b23f9e9a838f5a83d,2018-04-25
48d230e6c8bd3de6e2c702e6869fea67,71179eaf4b20880be945cfd2a5bc6084,delivered,2017-03-19 22:22:24,2017-03-19 22:22:24,2017-03-21 09:17:46,2017-03-24 11:56:23,2017-04-10,25c136107d37f6ce7ee99dbda316c4f7,2017-03-19
6a93cbb588894c2518200e99a8fc2c2d,4a10950356df84c8e24bfb62036767aa,delivered,2017-05-19 13:04:07,2017-05-20 04:03:04,2017-05-26 15:20:34,2017-05-31 08:53:33,2017-06-20,6f019b3ae310ea52cebb131f8c4cb127,2017-05-19
f88efcb15bb4da564e09c5ef905ae3cb,6c59519f2a9cda4a71097ab4756bca4f,delivered,2017-10-19 17:26:15,2017-10-19 17:35:33,2017-10-23 18:26:12,2017-11-01 21:06:11,2017-11-14,5bb439a4a0ef5e16e7bf261aad03f97f,2017-10-19
3fe87c4649dc474cb4fa2f31cfa06d4b,8f56174e1d057bf34969334b12320cbd,delivered,2017-09-20 11:31:26,2017-09-20 21:05:18,2017-09-21 19:50:19,2017-10-09 21:50:02,2017-10-18,362b4253f6e5a0752223fb2a97867ad1,2017-09-20
0af403b34dc11cd542ac6d94ad39aede,0fc1bff893d4a706ede1cc92f6d310d2,delivered,2017-08-16 08:58:35,2017-08-16 09:15:09,2017-08-21 11:36:45,2017-08-24 21:09:06,2017-09-08,e1dc04d9c7409bdb78bf89102616f7de,2017-08-16
7e90e3edeeb8c1da0769b4cb682cbfb1,26d480c92395324f05d07c5ed0101a6b,delivered,2018-01-04 13:54:22,2018-01-06 02:08:33,2018-01-10 20:45:33,2018-01-11 16:04:17,2018-01-22,75397e2d405166ca0d08813edc81a858,2018-01-04
fe857b5ac310b06adabd0e18af932cc5,3a5e6f873f45644fdfea652076839de0,delivered,2018-04-22 23:12:46,2018-04-24 18:53:22,2018-04-23 18:37:43,2018-04-24 19:17:28,2018-05-10,a853fbe4c65c24952022a30655adb74f,2018-04-22
10440809f608f9f9bbec0bf06a82b160,0221ef5387bbb856f1b319d942fd15bc,delivered,2018-06-10 22:51:23,2018-06-10 23:10:56,2018-06-12 13:25:00,2018-06-14 23:51:49,2018-06-20,264d1439db36d0bffbe6f70e72e256d4,2018-06-10
f4427355eae41ccd3245fcdea1bef5dc,fefe3fceb37bd580239455461220cb1e,delivered,2017-03-23 10:52:36,2017-03-23 10:52:36,2017-03-28 15:09:24,2017-04-02 10:47:41,2017-04-11,7d084c7095c23607a58f70560f402366,2017-03-23
1b1f5c0333fae3e7b4b4670d2cc3c0ac,366fb612efb2c56314f956bd01552b0a,delivered,2017-11-06 20:30:25,2017-11-07 18:30:34,2017-11-08 18:48:23,2017-11-20 18:58:41,2017-11-29,2bd9d2f3cc5d99b1b3d9ff5acd81bd5e,2017-11-06
eb17935134e6fdd210b40a3d4f8235b2,e715f0071c14494e92c198554a08bb2d,delivered,2017-01-23 00:55:47,2017-01-23 01:21:51,2017-01-24 14:41:52,2017-02-04 08:27:34,2017-02-22,1ba713c8258f756279a049018ce01177,2017-01-23
f124bd0275e05b559aee8d1271442d1b,954c2e756d7693bdb1fd0c45d8dd660b,delivered,2017-05-21 22:42:42,2017-05-21 22:55:17,2017-05-23 07:19:35,2017-05-29 16:33:57,2017-06-13,d21f315ae37b45d5d01e6999c1e22223,2017-05-21
df258d3d30d51b9991fe71bb0e4f126c,e1c409b2499704247a1dbb5b7f96d78f,delivered,2017-06-29 13:25:04,2017-06-29 13:44:01,2017-06-30 07:35:28,2017-07-05 14:27:42,2017-07-19,a59fb29abf279cac3c8777a5e7d3da24,2017-06-29
7359dc1b2795acbc7d4410fc336236ab,0b712ffa093a053e8b8de49f7dc88ba1,delivered,2018-07-06 13:40:16,2018-07-06 13:55:17,2018-07-10 14:58:00,2018-07-11 18:56:37,2018-07-20,477a95dd4f4661ff000325d0d9cd2e71,2018-07-06
4427e7da064254d8af538aca447a560c,f7a7c89c26a88f235ba4dee6e9e46d14,delivered,2017-09-19 15:11:29,2017-09-20 02:11:19,2017-09-20 21:43:52,2017-09-29 21:52:56,2017-10-05,2bebaf850a379eb817a910529fe75a30,2017-09-19
9a52b513e3ad42b2ec72f145c2ffcfeb,3fc74317efdaa01d0114238407b803b6,delivered,2017-02-03 15:03:46,2017-02-03 15:15:10,2017-02-06 09:40:21,2017-02-10 14:53:46,2017-03-10,fb19c402bce900fe1160136b7efdeb87,2017-02-03
beef13df9e204c44aef29545324a9606,436e76ce9db9ce1615e2d2072ddc8490,delivered,2018-04-25 20:57:08,2018-04-25 21:11:29,2018-04-26 14:43:00,2018-05-03 22:31:24,2018-05-25,a9e91020f6114cdec2a30386c314a737,2018-04-25
eb82b4939d86eb4497248efa52f20d56,d57979f48d2343ca2d97a589a8267f1a,delivered,2017-06-10 12:09:35,2017-06-13 04:32:47,2017-06-13 15:59:37,2017-06-22 17:32:09,2017-07-05,8ce012b69b7467dbf22f1927c9511d20,2017-06-10
e914968a4a80318986033740e89717d8,5e0bd280fb0e426125c899b520434e44,delivered,2017-07-18 18:22:50,2017-07-19 03:55:30,2017-07-24 19:47:41,2017-08-01 15:43:59,2017-08-21,34520a1612de8199cc5a1e873db564fa,2017-07-18
90b4022f2a95f2d5b8408c0f6367970e,5e7aa73120cbc53fa49f21b2179ac0d7,delivered,2018-01-18 22:54:15,2018-01-18 23:16:26,2018-01-19 22:13:08,2018-01-23 15:18:39,2018-02-05,cd8738980c3332339baf3e92dd5cb071,2018-01-18
8009d1f487beabd126e7a33797c5f3fc,82bbabf74d3e033c6b45091ff046a134,delivered,2018-03-08 17:20:44,2018-03-08 17:30:36,2018-03-09 22:58:45,2018-04-06 20:14:46,2018-03-29,99a7a92362fa7e80923c1e4545ff5f3c,2018-03-08
0e8e76ea202279fb49931c948ed20655,52d9390024b97381b0088a515222c4af,delivered,2018-02-25 11:41:01,2018-02-25 11:50:24,2018-02-27 12:22:27,2018-03-07 18:23:40,2018-03-29,cc0472ed54d7ef34d66a4cad6bf2e666,2018-02-25
85d9731859c1d47faff637b19d102f14,258c3964a2e0d3864dff03d262ca5d35,delivered,2017-10-08 22:14:41,2017-10-08 22:28:14,2017-10-11 21:32:22,2017-10-23 19:27:51,2017-11-03,b2edbb3c03cf8fe95dc45c4eab14361f,2017-10-08
bda48a4ac6c3da5a90069adfc818311a,4d72e095237b53ac52c899ad48dd3deb,shipped,2017-04-17 09:56:09,2017-04-17 10:10:16,2017-04-18 14:28:06,,2017-05-10,bd8bda698951b41d002cdccf69d92ca2,2017-04-17
ac7204e1893dcaef40c01c2616987fb0,c2a69cc95ddc26ae4980abae28905855,delivered,2017-03-27 22:26:08,2017-03-29 02:15:21,2017-03-29 14:05:34,2017-04-05 17:52:54,2017-04-17,85a13f999739d032a9f3a53452a7deb3,2017-03-27
d79ade6e8f673b2bff8995540f1e468c,858459ae6a1ac94dd6fc02a89363c146,delivered,2017-10-16 11:10:56,2017-10-17 03:56:16,2017-10-17 23:12:30,2017-10-23 19:29:00,2017-11-07,d587a7219e1c05a93a4e299619d3b05e,2017-10-16
26d68d1f4cc791daedd467b3519ed476,3f5e8ec48fbe4a146a95c74608792d15,delivered,2017-08-25 19:12:06,2017-08-26 02:24:51,2017-08-28 20:59:37,2017-09-20 19:37:58,2017-09-19,30d4fab7e8b6301717ee15f7dab346c1,2017-08-25
9aa39389b428a90ff82b0c94fb0afc5a,499813b6e2b1ab4e68e9530231b076cc,delivered,2018-08-27 19:37:48,2018-08-27 19:55:06,2018-08-28 15:01:00,2018-08-29 21:12:45,2018-08-31,0b4ca72e4c8e1672f6376f8d261712a8,2018-08-27
0e6f7fb47bffbb13f0c144a12443e5a7,6337af5c62eac96c7e4533af747872df,delivered,2017-08-25 18:09:40,2017-08-25 18:26:14,2017-09-13 19:13:05,2017-09-19 22:05:52,2017-09-29,f97e22610df0ef17c41cf7f3739420da,2017-08-25
8e6c27f398014811b5c97729cd6ec20a,24108abba4259b3a153a25fe19748ec1,delivered,2017-10-30 21:13:35,2017-11-01 12:35:18,2017-11-03 22:15:05,2017-11-09 17:48:30,2017-11-23,4bd4fc28f540ca50a3a796df373968c5,2017-10-30
a8fee5f264541f904519912b305d0bf6,0d143037269090509ae15979eddd8997,delivered,2018-04-23 09:31:12,2018-04-24 17:29:46,2018-04-24 00:16:47,2018-04-26 16:56:50,2018-05-16,7a4162f7e0c7e245c68f36ccad93afa2,2018-04-23
2e44eed06964c4f013319b7ab0eeeee2,c4e2614627156724f3b7f23af512e5d0,delivered,2018-06-28 20:53:25,2018-06-28 21:11:05,2018-06-29 13:32:00,2018-06-30 17:16:15,2018-07-12,deb1fdf2087cc9ccb7cf32accb9bbe53,2018-06-28
06f9b3a828a976a2fca71a4ebf55b1b2,62ec2ffac596b132bb32e5c1b97c604d,delivered,2017-12-04 13:31:13,2017-12-06 02:35:46,2017-12-07 18:54:47,2017-12-15 19:12:32,2017-12-28,436afbdf1b6fdacafdf362a839fa17a5,2017-12-04
5b97959bc8102d72edcb01bdb5a0e9df,987c969d893ae9713001643cbe08fe88,delivered,2017-07-03 19:47:34,2017-07-03 20:03:43,2017-07-04 14:45:28,2017-07-12 09:07:50,2017-07-25,2909eb21d741a76b2232969b48090396,2017-07-03
d9d8694b11dccc4257dd55bd6744f0f1,e5e4541aadc3088d6d85a429c146413b,delivered,2018-01-30 13:39:03,2018-01-31 18:10:21,2018-02-10 03:16:53,2018-02-23 17:30:04,2018-02-21,80cb3279f02a1f700c908ab272ca2223,2018-01-30
252882b94e763c5eea42ea50f749cfa0,c14f672b74a8f1ef6b891397505488c0,delivered,2017-12-05 07:43:18,2017-12-05 10:50:49,2017-12-05 22:57:09,2017-12-07 19:33:34,2017-12-21,ce6160651998b40db0a0f3b9d69f7f3d,2017-12-05
3ce72b2994e828da3646bf9f0cd92ff8,902d4ba92d35a4ccbe1bf118744985c2,delivered,2018-01-02 23:07:38,2018-01-02 23:28:45,2018-01-05 17:22:37,2018-01-22 22:50:11,2018-02-06,4a7abac910aa972f9aca1b9f4c0d278b,2018-01-02
864a3b3cc4c7ea1045528ea46f1848e9,6238031a69e4a3bafdcfdfb391e1f7a6,delivered,2017-10-05 08:32:37,2017-10-05 08:43:57,2017-10-05 20:57:37,2017-10-18 18:35:16,2017-11-06,95467e9211e982492dd7a23314a045ad,2017-10-05
911e973fcd823c79ed2f924eef8b0874,6ba66a8857593089687875fd781e8efb,delivered,2018-02-19 15:19:49,2018-02-19 16:27:25,2018-02-20 20:39:14,2018-02-21 22:12:50,2018-03-05,55c84cb5528ed1469244767c831c678d,2018-02-19
45ceefe79e1b3b2757d1d3853fdeaa68,867724eea3f04648f38827c2485328db,delivered,2017-03-26 16:14:02,2017-03-26 16:14:02,2017-03-29 15:22:37,2017-04-10 14:34:15,2017-04-18,7ca5deef04557043999bd9d8dda44b93,2017-03-26
ec36cbe1738f8ac4379b1ced0757c583,94433870320f80ea3eb45f2e83969746,delivered,2018-04-17 11:58:29,2018-04-17 12:31:07,2018-04-18 21:56:39,2018-04-25 12:33:10,2018-05-10,2d170cd13ebaea10fd00ad9e40c35d3d,2018-04-17
0ef95a4e8ed73bc72863cca218c4791a,88fd1e7e8649557c4f7f06cca6ebf337,delivered,2017-09-01 22:47:02,2017-09-01 23:07:13,2017-09-04 21:28:30,2017-09-11 20:28:59,2017-09-25,7b6d800cbf415e15bba156cdbe6d110a,2017-09-01
ae33f39181d7f2c55b9ac5ea4e784173,c4f7b469a14eb388cb8284c6228c17fd,delivered,2018-07-25 18:49:10,2018-07-25 19:04:19,2018-07-26 09:51:00,2018-07-31 16:28:58,2018-08-10,c5a4f43cbaec086210cc75587ecabfe9,2018-07-25
146f79f564602aa6bf9ecbd760651c7f,a0da533a80af3c6f0346ae45578fc80c,delivered,2017-04-25 15:41:02,2017-04-25 15:50:21,2017-04-26 12:16:55,2017-05-19 12:26:25,2017-05-16,93dbd712e976844f51218d25af826776,2017-04-25
d73a3a52a8b9b8430deede6d0491ae54,a26836b9cfc40d714e38cff84bf5381f,delivered,2017-11-14 22:50:15,2017-11-14 23:06:55,2017-11-16 20:34:37,2017-12-05 18:53:18,2017-12-11,32fcda2f258293ba3299d9766c7b97bb,2017-11-14
b802f0437c5f5c60cda55e03b0a84902,c9191161c0f5334bd26ccf9568d30d12,delivered,2017-05-21 09:51:24,2017-05-21 10:05:17,2017-05-22 09:55:19,2017-05-26 12:03:10,2017-06-13,affe4f4b1746347a85182fb0d2b29a30,2017-05-21
e5b8b27e1436ae108e5e2712a22c0033,bbfcb80281d72b0f7b1948d4da74c0fb,delivered,2018-04-22 13:59:05,2018-04-24 19:24:11,2018-04-24 23:48:40,2018-04-27 16:58:56,2018-05-15,1fb0de25fc442a05a520c93456c1e8b3,2018-04-22
675d6533ed09bea158fd932431474b82,6036479ceafa4aab3dc585f1a05772e8,delivered,2018-07-28 21:10:25,2018-07-28 21:24:19,2018-08-03 15:14:00,2018-08-07 18:24:36,2018-08-22,a72dedb6e6e4b341fb3517746878a04f,2018-07-28
b3ba29e94137bda882f9d0f41796363b,ca8bff97326e402bf9add2e236ea5534,delivered,2017-07-07 20:00:10,2017-07-11 04:05:59,2017-07-11 19:52:35,2017-07-19 18:12:51,2017-07-31,8f3e2d49a5095435fe8f454dace6c354,2017-07-07
9e7314b623f0dde678304009f6e16ee6,61a154cc2e509e372ab7a02b8240c1fd,delivered,2018-07-29 12:22:04,2018-07-29 12:35:11,2018-07-30 14:43:00,2018-07-31 17:08:50,2018-08-07,da41c75a2312d7f400a195235277278f,2018-07-29
e042f1ec6293e2f37caa42cf5878b021,97ead85046c88db67bd6f13ad4fa3196,delivered,2018-04-17 17:01:58,2018-04-17 17:15:13,2018-04-19 19:36:41,2018-05-14 12:26:56,2018-05-17,04bfca470bca6cb201479f0d7a57c7f9,2018-04-17
8d3a0426fb1b51bacd3297517f48b0ae,a4aa6e8cb1fe3ed490cc26cabd8be8bd,delivered,2018-03-06 12:04:04,2018-03-06 12:15:59,2018-03-07 21:13:04,2018-04-05 23:58:38,2018-03-27,fd450c3377e29c90c0528eb7dcd93294,2018-03-06
3e35125284d6fd68b3f5db725d146fa6,f61f0bc0c9355ff3faa8ad57f306b783,delivered,2017-07-12 08:00:53,2017-07-12 08:10:09,2017-07-14 19:05:54,2017-07-17 18:15:09,2017-07-25,75f45d61b677283e6b974bf7ba267dea,2017-07-12
b4bf86ceca8b763240fd6be6d5e313ba,bf725177f884f54d91f03c29eff25683,delivered,2018-07-20 15:59:05,2018-07-20 16:10:14,2018-07-23 10:04:00,2018-07-26 19:12:01,2018-08-09,4b9cb72fe60bca55b0b86f51577096ed,2018-07-20
f538ab1833873a6a10bf9e563867c4cc,0bd0b101f44fe42c7046dbfdc9d22376,delivered,2018-06-25 10:43:42,2018-06-25 10:55:30,2018-06-25 13:13:00,2018-06-26 11:18:36,2018-07-05,d6667d893ca322b67e7ba3c454d043de,2018-06-25
66039d5c09809a835bd5e6e34619efc7,2ea99a95ebf94238ec56b30d6d2fa636,delivered,2018-06-03 14:06:01,2018-06-03 14:15:23,2018-06-04 13:35:00,2018-06-08 22:14:21,2018-07-05,378557efd52a2a8abebca1d83d276e85,2018-06-03
20d82c386747fe65c4190d75f15c9a6d,15b9711d8c8b0dd668b1399ffef68ec4,delivered,2018-03-28 18:02:49,2018-03-28 18:10:22,2018-04-05 19:19:11,2018-04-07 17:45:24,2018-04-11,d2ba241618c8d279f887476b41705adb,2018-03-28
e359056f7d7b5f57f57e4d8f61b5659d,73f0a3cab227be05527630b0172f3a27,delivered,2017-09-16 14:55:03,2017-09-16 15:06:00,2017-09-20 20:50:09,2017-10-14 14:00:08,2017-10-04,e12f7f1e96f1f9f6361572028a1fad5a,2017-09-16
3ce0da4f1162078580b54661a488d80b,24d9d65af8e197f76dbcd99e99953862,delivered,2018-01-08 14:36:39,2018-01-08 15:31:51,2018-01-09 20:19:22,2018-01-15 16:25:08,2018-02-14,dcaaea8aa268585bd75a44eeb2463996,2018-01-08
23fb5e6768dd0cf8df7aaa74d80f8ec6,b54c3706d7d7a59b0f07541d4070dae3,delivered,2017-12-10 23:59:32,2017-12-11 00:10:41,2017-12-20 18:52:07,2017-12-26 22:09:13,2018-01-15,1ab4eada30fbc61fccc37625314cd6df,2017-12-10
d9eabc69f974b3d088e991cb7a7f08cd,d4be0795e8fa7ea792920e04f7fba7eb,delivered,2018-03-21 19:32:50,2018-03-21 19:48:04,2018-03-22 19:48:46,2018-03-28 18:56:52,2018-04-13,3c25f9753808007f9bace47ebbe23b55,2018-03-21
c9fbf88f9c58364e0434971962dc1a53,7ec5b53960d508118d7a3126af968d44,delivered,2018-02-05 16:47:14,2018-02-05 17:16:09,2018-02-07 15:04:45,2018-02-20 19:59:00,2018-03-12,edfa9c76eb9296cf40024cc3b079ed95,2018-02-05
fd01a48a7d75383a3623e71a538584c3,014f2d069b53eec84aed9b8c1d5ef270,delivered,2017-08-18 14:17:44,2017-08-18 14:35:12,2017-08-25 15:32:02,2017-08-28 17:04:11,2017-08-31,0d88b12063c0388a66ba0b8761c3ffa2,2017-08-18
6d4616de4341417e17978fe57aec1c46,adc1b0d30fe2b52bde12fe806630d54f,delivered,2017-04-15 11:46:19,2017-04-15 12:02:55,2017-04-19 08:18:54,2017-05-05 15:56:20,2017-05-24,93d8aba57ba1b1a343333f89358fa60f,2017-04-15
c606769bddf9fb8b9f949b128133c463,a4b29e455132615d47ab1751f4158252,delivered,2017-06-15 13:17:07,2017-06-17 03:45:11,2017-06-20 10:54:02,2017-06-23 13:14:54,2017-07-10,65afd4b2d458240edf88f638f7a14a8e,2017-06-15
5ef95d0a45b4caaaa70e601665ba1a6a,11862cf00ec1d9f5067508ecf1252790,delivered,2017-04-17 21:38:31,2017-04-18 02:15:13,2017-04-18 08:51:11,2017-05-15 08:17:43,2017-05-24,4bb97a71ff32cc0172195b373693a781,2017-04-17
9f2fe2350791b5e9e62610331d125843,208dce5ddbcf741af0c04f0a72a4d08e,delivered,2018-05-03 22:21:53,2018-05-05 02:30:07,2018-05-07 09:10:00,2018-05-10 13:08:57,2018-05-23,cf04cba694ad1ad92700203a75d8ebdb,2018-05-03
86bf07c0a6d01d38dd8ecd1a1b68d139,491b9b3d90d1ad0c5ba4e621878d2d56,delivered,2017-09-17 22:44:26,2017-09-17 23:20:49,2017-09-19 22:07:51,2017-09-26 18:33:42,2017-10-17,6204c4e582a95b6a350adf6988623bfb,2017-09-17
2eb455a9ac809470168098ddf4e2a25b,6c26787bd0d839f80a4450e527d0586b,delivered,2017-11-05 21:59:14,2017-11-05 22:10:55,2017-11-06 19:18:39,2017-11-09 14:55:57,2017-11-24,3201915c3f25b7f281e5a5e0a89fab6d,2017-11-05
5e4d2d8a6589ec90d1c82d0c2cb55eb0,3df001627683ff649e8df47730d2b52c,delivered,2017-11-26 15:51:16,2017-11-26 17:16:05,2017-11-27 18:14:56,2017-11-30 01:14:36,2017-12-11,573b27380c382b7fcfc8b059c0ff46c7,2017-11-26
098a8457920d6c63f0cb10ccfbcd369d,f6a623ccb7b0dac8b9c9c74594f2c041,delivered,2018-06-07 22:58:16,2018-06-09 02:57:45,2018-06-11 14:50:00,2018-06-12 12:41:20,2018-06-25,3290c55d91fa90ad3eccc922f8174046,2018-06-07
11d410c3e9ae90f2956cf43741d93347,6f08e59327aaa16ee28f5904d596a05a,delivered,2018-01-03 11:53:11,2018-01-03 12:07:13,2018-01-03 20:18:35,2018-01-09 15:59:34,2018-01-29,ccbee3d94943947827d0dd51474e0835,2018-01-03
f66696cb1765edf51ab4e07f41687f9e,5c1bbb8c8c2ba7ed55150827c25c4b7f,delivered,2017-10-22 15:03:58,2017-10-23 17:36:03,2017-10-24 16:58:04,2017-11-07 23:41:55,2017-11-22,1607216d9bd53269ad3115bb4b9c3abe,2017-10-22
c55fbaf625bec4b8ee5e7b0e8929bbc6,7164a31758114ae20ec36fab61923c51,delivered,2018-03-15 14:39:28,2018-03-15 14:55:43,2018-03-16 19:34:57,2018-03-21 19:40:44,2018-04-03,aea22faea64956d7b9e1fdac5229162b,2018-03-15
b90dbb242e04b393fad2f1df17bc90dc,c08451aea5147d7bfe2f21b8bc444d76,delivered,2017-07-21 12:52:35,2017-07-21 13:05:18,2017-07-25 22:19:33,2017-07-27 19:27:47,2017-08-11,9734a300e2ec028b45bcd4840c23a6e8,2017-07-21
c11e1e377e956e9d5bec2b0fa2ddc067,d53b4f45e70cf4ffa40c191672179c64,delivered,2018-06-18 21:39:42,2018-06-19 09:58:08,2018-06-20 12:49:00,2018-07-04 22:18:33,2018-07-17,9dec569f601fee3c623817ab3d57b844,2018-06-18
96a5b82a5f7b31928a21f1fe875e1caa,5310ae71dd819077e7b2ec40525d1110,delivered,2017-06-15 17:29:21,2017-06-17 03:44:03,2017-06-19 09:36:29,2017-06-26 12:17:21,2017-07-12,d5d80ce310a2a201de1fe880dfe7b73f,2017-06-15
ff36f4d6d98c0b2a7e70acb7d1b3f139,5cec9498555333d107bea6a6ccd9e2f9,delivered,2017-03-23 18:25:38,2017-03-23 18:35:16,2017-03-24 12:39:56,2017-04-05 14:13:11,2017-04-18,e7fa56c65e33a37a9b56c6062748fe18,2017-03-23
3692c711f70b60feeedb43ae77e87980,1f18b71a69fbba019ef55947129c7f84,delivered,2018-02-08 13:54:12,2018-02-08 14:10:29,2018-02-09 00:49:13,2018-02-16 12:28:56,2018-03-09,031167ec9bd578be0d73db1886891745,2018-02-08
c01eede39735860e68ef74a1d9ddf5cb,2010323a22f8ea51174a746875bd36c9,delivered,2017-12-20 19:18:39,2017-12-20 19:30:34,2017-12-22 18:58:59,2017-12-27 18:54:45,2018-01-16,80cf70676e5509da899a6a56057eac55,2017-12-20
9f58be0e75ed0e5862bd6dbf261a8b05,93018c18fbe02150657d27ad3e410037,delivered,2018-06-06 19:24:54,2018-06-08 03:13:36,2018-06-08 14:03:00,2018-06-22 17:32:28,2018-07-20,30a67407e7b11df58d4a9bc01407de52,2018-06-06
a4e584c6dc40947a851d93c60fe9c50c,6ca380abc4115fc796b443dcea044d0a,delivered,2018-08-05 11:19:24,2018-08-05 11:30:17,2018-08-06 09:17:00,2018-08-09 01:03:23,2018-08-09,0fc76f5dbbcc065b265eba18182f2943,2018-08-05
8024bee268e76b6cff9da86da00f1490,6c06d044bd00f13419b2e34b2aaeba94,delivered,2017-03-14 09:22:56,2017-03-14 09:22:56,2017-03-16 10:53:46,2017-03-22 13:34:35,2017-03-31,04eb4e845e65d2c3ae9f85f2a0be5518,2017-03-14
209e55ebe1b6ee30b02a4c07d7fc0cc8,3b799eb460f222550eaea389b00e92bb,delivered,2018-07-18 20:32:33,2018-07-18 21:02:34,2018-07-20 13:57:00,2018-07-25 19:41:20,2018-08-06,636443768344855307bfe5f2f2f6ba2e,2018-07-18
47c001ba3d3d57aa11d52c45995d9e11,2d9d35da5b956b2369a3ac7a3e8d3ce6,delivered,2018-02-25 13:49:30,2018-02-25 14:08:05,2018-02-27 18:25:15,2018-03-28 20:46:58,2018-03-20,f3e3f191ceba0f2b732661fe60d43b3e,2018-02-25
e5700a52207ef266413e9f43a7b0d5f6,82f0b47bafae8118df842b125aa0fc54,delivered,2018-08-14 21:21:39,2018-08-14 21:35:11,2018-08-17 13:25:00,2018-08-23 18:38:31,2018-09-10,8698752d731db8f1961309a1fa72cf5e,2018-08-14
282160d8e83b257c5105cac8f3ba2b63,7955de5408ac36319ca416ac4debb0f7,delivered,2017-12-03 17:37:52,2017-12-03 17:52:22,2017-12-05 01:04:53,2017-12-28 09:32:26,2017-12-28,e0d0b48b5fd008892e5e14806ab2b023,2017-12-03
61e268eee1d131498001b6121895c5ee,150cc81c97ac79c4d951f57f8fb6b5d8,delivered,2017-12-19 00:52:26,2017-12-19 02:50:42,2017-12-19 17:41:58,2018-01-05 19:34:22,2018-01-19,e56d844ce394899567b96a627d29ce7e,2017-12-19
3351bf124a5c98aeee6b64f3ba214459,120900fe5702f3b09c391b686de66804,delivered,2017-08-09 12:05:47,2017-08-09 12:23:50,2017-08-09 20:46:14,2017-08-17 15:33:22,2017-08-31,090e97078ee58f11563152e1d5563bbf,2017-08-09
a501de32f4f7eba26aaa7864ec8dafb1,92eef49ec1452a8cdfdc803bf88e4288,delivered,2018-01-26 02:51:14,2018-01-26 03:15:39,2018-01-26 14:56:54,2018-02-01 12:58:32,2018-02-19,2da78ae34b536da727156c89276bd3eb,2018-01-26
26f9b65f14088371f7c082c607f04d8c,5e2d7f57c86912d4f1274f15c7bd2c27,delivered,2018-01-23 00:55:19,2018-01-23 21:32:37,2018-01-24 22:05:30,2018-02-02 18:13:11,2018-02-22,751499e23bee98be291ec8f63463a5be,2018-01-23
f5cf5716413185387030a378bdd46ebe,ff95df9a387c8d032a2ca6887cf77236,processing,2017-02-19 22:31:47,2017-02-19 22:45:13,,,2017-03-21,5166dddbe02c6e2279cd1305a88b0c99,2017-02-19
6e68db908b8a2902c4f8309e1c1cbe3f,f7c1fc6ee1c33862103af46259da9c1e,delivered,2017-11-07 08:28:02,2017-11-07 08:45:58,2017-11-07 19:14:16,2017-11-16 18:04:47,2017-11-28,b83753cbd6fece26b5ce9a32267d2462,2017-11-07
903103f3e4c9dfb4fd9224fd0f43d950,f5030047617e208f039e76966cce8406,delivered,2017-12-18 15:48:07,2017-12-18 17:13:28,2017-12-19 16:52:15,2018-01-03 20:58:47,2018-01-12,e1a70d909a12698bed42196055d4daf4,2017-12-18
f3c5d914eec90079a826c2b5ea7fe6bc,078c6672babf4cf39a551e2dcd79229e,canceled,2018-01-26 12:58:01,2018-01-26 13:12:44,2018-01-26 21:45:07,,2018-02-19,5d13c5bdde211e7b29f55af368b42a53,2018-01-26
4d0de3f8be3ad40e85a5d6fe37054d9a,acfa1cb53f002260bb389f86af953c5f,delivered,2017-11-25 01:37:14,2017-11-25 03:55:33,2017-11-30 00:57:39,2017-12-22 21:35:24,2017-12-26,22b1f9feaf21c1e276d50615588770a9,2017-11-25
38639a0e5f4778171fd90e2233972555,2d76ccbc1cecea0ffef654de59923d87,delivered,2017-07-10 20:47:49,2017-07-10 21:05:06,2017-07-13 22:07:39,2017-07-21 21:52:31,2017-08-01,fd48945800d023ec3d37e7a7298f0cb5,2017-07-10
d705acf2afc3dcdc3de7aefa1e0215cd,6e03753c9af0fee7dd32d8ccb6a202db,delivered,2018-04-30 22:39:58,2018-05-01 03:32:41,2018-05-03 11:30:00,2018-05-05 00:07:42,2018-05-14,f7a5c87d48a257302a24cc51e1962d99,2018-04-30
ba2018431e2b0cec56147edc7a0627a5,0a2cbb5dd1016b265146d7ffa0a94176,delivered,2018-05-03 13:57:06,2018-05-03 14:14:48,2018-05-04 10:19:00,2018-05-11 22:47:33,2018-05-25,f484741ee1c9d74f29926046ff2635a4,2018-05-03
86dcddd0920dec11c6faa2276be53edf,4700a9c25c2412e57e2ec4753b608af0,delivered,2017-02-09 14:03:16,2017-02-10 02:50:16,2017-02-10 08:12:53,2017-02-16 13:56:09,2017-03-10,dda765de88a92811547f2ae44ff3ea99,2017-02-09
6730796e2413628c3e327fbc24177a44,34b06cf331da94f4737ed7aca9acd194,delivered,2017-08-20 19:40:35,2017-08-21 20:25:43,2017-08-23 19:41:34,2017-08-28 19:37:45,2017-09-15,e532b5d8af846af30fb31f0d87ba0c9d,2017-08-20
fc79bdcefc8fbd9f44f8cf9633793359,f17aac72ebe06a7fbf7f6c923cd82718,delivered,2017-01-26 22:15:09,2017-01-26 22:30:17,2017-01-27 15:44:25,2017-02-03 16:42:04,2017-03-02,c9db46713c0120a12c6abbed0f949993,2017-01-26
18846e52fc8a87bb5f3e3b353940b320,830886644e4e7bdc1395f0a7773a9235,delivered,2017-12-18 19:55:15,2017-12-18 20:12:12,2017-12-20 20:03:06,2017-12-23 17:23:25,2018-01-08,d79331fc284179e11e0b1ecb4d39daf9,2017-12-18
2780526e7e2cab327faf72d4ed3d2b5d,56add768549d86b62ee58bdc77832ea0,delivered,2017-11-29 14:57:33,2017-12-01 14:54:26,2017-12-01 22:34:20,2017-12-11 16:39:16,2017-12-27,c723bbadd0111735c280eef81266ec6e,2017-11-29
9bf690bf6db94b0702d0b348b7461437,c294e04f6971c22a777625d22acc93a4,delivered,2017-09-22 21:37:39,2017-09-22 21:50:20,2017-09-26 20:52:05,2017-09-27 20:35:31,2017-10-09,e5877e6bbe49109a9a8832092a18647c,2017-09-22
5fa2c99acd19b1724a6bbce82b7fa3c9,ba73861377213f078d8f92abaeb7dad2,delivered,2018-03-08 11:43:33,2018-03-08 11:55:35,2018-03-12 22:37:24,2018-03-29 18:38:41,2018-03-28,4011b7579e894fa929d2de97b4928f41,2018-03-08
85a0f4063a60774bca35eb38ffccd86c,7641ac3c572f616590deecf0c16013ae,delivered,2017-08-10 13:34:25,2017-08-10 17:04:07,2017-08-11 17:31:57,2017-09-19 17:33:17,2017-09-14,56fc8317d68752ea75f6480c905f12dc,2017-08-10
3f98bab30ef9c774b3cd5cc9407f5132,b227664d2a9919467f60b1bcf249d283,delivered,2017-09-28 10:18:42,2017-09-30 02:24:41,2017-10-05 17:58:50,2017-10-06 18:08:58,2017-10-16,21a231593e7582f2e5960bf0ac99aade,2017-09-28
ae08a26b052c48419e21581f9f01d47e,d80952ace947b1e43b7a5d279da00cd3,delivered,2018-01-12 20:18:55,2018-01-12 20:31:25,2018-01-15 21:29:02,2018-02-20 19:13:23,2018-02-08,544b0803441f99ed0fe77314e956ab76,2018-01-12
cbea6b1435a20cbc8c49dfdc50479912,add018da2166a6af8cb006fc6d79a819,delivered,2017-11-02 11:58:27,2017-11-02 12:10:26,2017-11-07 17:46:48,2017-11-27 21:13:29,2017-12-11,3c631f7224998f22c0fa884a2e04e39c,2017-11-02
346cd3685987f63655b81288de9e577a,bb6f5cb50f73e0680998b7ff38f23977,delivered,2017-11-10 05:38:42,2017-11-11 03:06:45,2017-11-14 20:56:49,2017-11-23 16:59:05,2017-12-11,684d07025247677b1a011a9009d62c63,2017-11-10
723f4709e0dc0b2fc27c8d68792c2ba6,5df398b20c03c1d2e26f7eb8b65c9f29,delivered,2018-04-28 22:47:11,2018-05-01 05:15:18,2018-05-03 14:13:00,2018-05-07 20:33:34,2018-05-14,fe3f5b26ac1f3f88af269e7b7585a8cc,2018-04-28
f6cc9e6914d9aa4fd5dc1d380ca571a7,c692d340d85920f6b1b012caf4e358e2,delivered,2018-07-09 18:46:00,2018-07-10 18:45:37,2018-07-11 14:23:00,2018-07-20 20:03:40,2018-08-01,2ffb346a1d49f3a0c816815c9973b774,2018-07-09
96a829e0e554c697670638997aadc45b,70fbbcd5673a81a5827edcbb5d3f2e59,delivered,2017-04-19 15:02:03,2017-04-20 02:45:36,2017-04-25 14:48:00,2017-05-15 13:16:14,2017-05-09,9ba69e0a247c5bd5fd3fc66900939782,2017-04-19
c5a36eecd2f518a638fc7a6a7d46f59b,403b0d98899e1d162e669ff629a74a04,delivered,2018-06-03 19:39:40,2018-06-03 19:52:17,2018-06-05 08:52:00,2018-06-16 14:18:28,2018-07-13,0d8c3623b167f85aac7120dad51f949a,2018-06-03
e65296eb50fe1920930ee46ff3337238,320d65872c564439138f91907d31866c,shipped,2018-02-19 15:37:47,2018-02-19 16:35:29,2018-02-21 21:08:59,,2018-03-14,dd404d81b12247da9794cf3fb53d36ba,2018-02-19
cb3e2226cd8c8ec4f82c8ee841db52f4,72edfc5b298d1829b93d7be9b251128f,delivered,2018-06-11 23:55:34,2018-06-13 02:37:05,2018-06-13 13:40:00,2018-06-15 17:52:36,2018-06-20,c8d65a8ce7e6659470886860b1d1d694,2018-06-11
cb01f5da9344f4c8dce9d954754b4253,8c4c6a0179865a08f434180f15745a76,delivered,2017-10-17 23:44:57,2017-10-19 02:49:14,2017-11-01 22:08:02,2017-11-06 23:21:40,2017-11-03,aec43889217a7fe3007781fa0baf0db8,2017-10-17
7b9d2b13802cfc504efc515be768ee0f,908e309daba56744e5547669c5e0aff0,delivered,2018-04-26 07:49:45,2018-04-27 03:51:13,2018-04-27 15:32:00,2018-05-04 20:38:52,2018-05-21,c6e03a8f511b7765fd06c2bcf591f9e7,2018-04-26
b85825cdbdab14cc17f2e159f0fba217,acf49250165ea89cee38b3c29d67e838,canceled,2018-07-21 23:27:59,2018-07-21 23:44:08,,,2018-08-09,0b359b28a045abf2876987ccce010ac5,2018-07-21
3e267049881813a950479aa8e92edefb,3078a3176978437dd9dfe9e5393369ae,delivered,2018-01-17 11:07:49,2018-01-17 11:16:26,2018-01-17 18:21:31,2018-01-23 13:48:39,2018-02-05,c7cbe3ca58f40994983d42d31da51f81,2018-01-17
460d57443ffdcaeba240360239747cf7,2514a33b1704c36bdfbe51840e105cde,delivered,2017-09-03 20:33:37,2017-09-03 20:45:16,2017-09-06 17:45:50,2017-09-12 17:27:30,2017-09-26,1acc368e2db62752896a9e414eff41c2,2017-09-03
6a3bbd282ed61602136e45cb799f5e80,cb69b6e3e313f40f75fdf15057d81e62,delivered,2018-01-18 21:27:36,2018-01-18 21:38:25,2018-01-19 23:33:03,2018-02-08 19:54:38,2018-03-01,b95153385c33bb840b160a514e38f71b,2018-01-18
21c1e4b87c9c6695a749181ed6286926,ed6e8b106e557c95ea0bf5d3a51552b8,delivered,2017-04-10 22:33:21,2017-04-10 22:45:16,2017-04-12 18:27:40,2017-04-20 12:25:49,2017-05-04,54e83ac205ac19187f842119a4e78297,2017-04-10
8957a41ab8f836a770913d537aaed222,b64ea29d329feb666e14bcc1d10e59da,delivered,2018-06-13 11:28:17,2018-06-13 12:32:29,2018-06-14 13:45:00,2018-06-20 17:33:01,2018-07-04,a4b23a88a97763faff732368794be4d1,2018-06-13
bec5a824282dde8cdfe6aaf6b6525a6c,391e5723fbe91b2ed053106d5c3dd6fe,delivered,2017-08-22 15:32:50,2017-08-23 02:50:38,2017-08-23 21:05:07,2017-09-01 20:00:06,2017-09-14,5570e312bd641ceba38f678cf62ca055,2017-08-22
833c7c18fb30f61e0d89316ff562c1a8,b661a09416cb2f21723aa3ad12b40a1b,delivered,2017-07-23 19:04:36,2017-07-23 19:15:10,2017-07-26 20:32:17,2017-07-31 20:23:09,2017-08-30,8b290fbc061d3248230cf393c55d5cb9,2017-07-23
24d505034382a8c43dd5524e1b4eb3fe,2572738e77279aaac9c5c15620166859,delivered,2018-05-27 11:07:24,2018-05-27 11:36:03,2018-05-30 14:41:00,2018-06-08 17:44:52,2018-07-04,b1fa35d54ad19b601fdf88a9bd9e2327,2018-05-27
98ffd20f7510aafde026fc41c46876b1,2992f232ff17cb4cab17dc4cd2922251,delivered,2018-04-06 11:46:03,2018-04-06 11:55:18,2018-04-07 01:32:32,2018-04-12 01:41:16,2018-04-24,266bd072600e898f80a34d654c51a643,2018-04-06
6f845696f97dbd80eb0bc519f70127a7,8a26e9d12e385095bc938849cad12a30,delivered,2017-06-28 00:11:28,2017-06-28 00:30:14,2017-06-28 14:33:47,2017-07-11 19:19:44,2017-07-24,b3bdf81199df64fa6e7dc57a0e588cf9,2017-06-28
55567a8e851b2400b53f74ec9b974221,75b55ff7cceeecbc718b1094555f5568,delivered,2018-05-26 19:20:39,2018-05-26 19:38:22,2018-06-04 13:42:00,2018-06-14 00:22:51,2018-06-29,2ea9936466eeb455bd93ffd51727b3f0,2018-05-26
7c1c60f422c242e539075d9b9edca95c,8606b2a0ee4bf45d1f8e558fa083dfef,delivered,2018-05-13 11:20:49,2018-05-15 07:55:08,2018-05-15 12:54:00,2018-05-21 21:44:46,2018-06-14,13577f3827a7cebf81738a9d821bf8db,2018-05-13
ed12a8b8c5f0f68831d02ebafb70763b,ad4dd64d7f0425f4463b626f361a1ae4,delivered,2018-03-20 20:56:24,2018-03-20 21:10:33,2018-03-21 18:59:00,2018-04-02 19:50:43,2018-05-14,c0afaf1122e66bbb7e5a6dd67a65b34b,2018-03-20
8aad1f0c6ff336608e58eab9851f7ead,4c279b544594b9bc2e5f8db65fd005dd,delivered,2018-04-17 14:46:29,2018-04-17 15:09:21,2018-04-20 01:58:38,2018-04-23 16:33:00,2018-04-30,448a55fb65d9e73aa938a0c8a2fd6560,2018-04-17
2ea42a9244db919209a5b414c749a085,fae1bc18fc44fd9a65149ceefe83811f,delivered,2017-06-09 14:24:57,2017-06-09 14:35:18,2017-06-16 07:53:50,2017-06-22 13:23:48,2017-07-04,a7657330b1c135f3acd420326e335b2c,2017-06-09
27b7b4c3fcbac778a89cb52d6e05255f,c1d3f90ae6566b0d6e0673d6a2de44d0,delivered,2017-11-25 23:32:45,2017-11-25 23:41:24,2017-11-29 22:37:46,2017-12-13 13:22:25,2017-12-19,6856178ce177496369e3a83fd143e621,2017-11-25
05522f28f3be3d5e7ef9f09cc0ac35ba,d35996269f53b0d70d2dbf6f3836ed60,delivered,2018-06-14 14:37:31,2018-06-14 14:59:10,2018-06-15 17:25:00,2018-06-21 18:04:58,2018-07-05,b7974be9aba6166e8dc42b4f7db90626,2018-06-14
617dba85b5a384d32d348f3a8cb4ce80,e8e959d59d353044e098efd1f9cb34bf,delivered,2017-11-25 17:31:43,2017-11-25 17:52:59,2017-12-01 19:16:21,2017-12-15 20:47:47,2017-12-28,3268d9544224d6bbdd2893d666d5580e,2017-11-25
913f18fcb317f3eee87b26f9b241c683,cdb2d7e08c5243701392d8b232a8a6b9,delivered,2018-01-30 18:02:00,2018-01-30 18:15:30,2018-02-01 00:35:20,2018-03-07 21:08:54,2018-03-01,892bdc0d449b798eec8375762fb411b9,2018-01-30
97b4cc9d2433a4b4f42fe54621738b78,322cde09fe689509868ff2f526e50054,delivered,2018-02-25 21:05:44,2018-02-25 21:20:29,2018-02-26 21:37:40,2018-03-23 01:16:29,2018-03-22,45beae4f7ef87d231ec3909b1d0b876c,2018-02-25
9ea0ebee145dfb3f4790d6637345db21,92e9bc030ae552be2a2602a7a72e999b,delivered,2018-01-06 10:24:39,2018-01-06 10:36:30,2018-01-10 17:48:13,2018-01-22 23:58:26,2018-02-08,883ce6de316525ee6c45bdc335c0494f,2018-01-06
b31ea01e4109e29d10d43b5aa917f65d,7a89fff116b1d5d95621c5f8954657b7,delivered,2017-11-30 10:49:06,2017-11-30 11:02:35,2017-12-04 23:38:57,2017-12-06 20:38:49,2017-12-18,0e94e5694c25cb365cb665eb074053d3,2017-11-30
1c3a799cb7d9d4ea2c60a373c8f46342,780b4d93c39f090c2124fc0a716c881f,delivered,2017-11-20 18:06:18,2017-11-22 02:59:36,2017-11-24 16:28:37,2017-12-07 01:09:34,2017-12-14,ec8d032056344c67d1ceacfbb2b1fe6f,2017-11-20
16b6123f7077419424bf89af74e2d054,e3702794d8a26f52191ff4badd7f40c4,delivered,2017-07-01 18:42:10,2017-07-02 18:35:07,2017-07-04 18:09:55,2017-07-24 17:29:32,2017-07-31,d5ddf34cf6c2c4b17510f778b7335e1d,2017-07-01
8d35042b6a7e4aae80685a704e6cb71d,6e5febec77b6b0c1c379e04f27bb37a1,delivered,2018-01-04 07:22:51,2018-01-04 09:02:01,2018-01-05 17:15:39,2018-01-12 21:37:13,2018-02-06,24da7b2fbe0a0cbc65c0d732e2a9e762,2018-01-04
ced1e4de6ea18eda51e277b004a6edff,08a88979eb310a294b5636de96ea7fe9,delivered,2018-04-28 20:50:26,2018-04-28 21:10:55,2018-04-30 13:27:00,2018-05-08 20:11:49,2018-05-28,47e53a8698d438c53aae1e8e19e53e39,2018-04-28
e12e1c2f5a9e258abeecce80cfce12df,6daa9110d3818f3f105691c3dbc0a715,delivered,2018-08-02 19:25:36,2018-08-02 19:44:02,2018-08-06 08:57:00,2018-08-07 19:36:46,2018-08-13,ecc372d277dfbc7eaae444c3839f95d4,2018-08-02
316f3f2ab44e5ee70b0d45afcc087e81,9038ab949be47a087d3ff510a2a31b5f,delivered,2017-11-18 20:09:08,2017-11-21 06:39:23,2017-11-21 17:18:31,2017-12-04 22:04:19,2017-12-27,e5248eaa0d4cd094aa53339dbb3ef665,2017-11-18
47079aaea155f6682964d23c1b9d0ab2,f8c10189b4213f078fd1e229aabb7281,delivered,2018-02-28 11:07:53,2018-02-28 11:32:27,2018-02-28 23:03:34,2018-04-11 20:08:41,2018-03-20,25e29edadf2de1c199a01bd861f63c8d,2018-02-28
05519ea9a25c6f57bfaa4ce4c372b26c,2b6e68e78e560c5b8dd02ca48f064a51,delivered,2017-05-13 14:42:24,2017-05-13 14:55:14,2017-05-18 14:49:29,2017-05-29 16:39:49,2017-06-06,b5af880788fd18dc583db64755bf0a56,2017-05-13
f2bd2aad570babba3555eac14f843c49,e0b6289d157d47514338fc62360d469f,delivered,2018-08-08 09:14:56,2018-08-08 09:30:11,2018-08-09 08:16:00,2018-08-13 21:49:45,2018-08-21,9347db75834c15caa6cb43e142c36fff,2018-08-08
e9d368c231d559667f6906ba8421d74e,a298207ad077c92315b887dac7e2c049,delivered,2018-02-10 15:03:10,2018-02-10 15:48:18,2018-02-14 21:53:50,2018-02-20 23:18:53,2018-03-07,b5667b9916018de6fbc1ab69f6dd3206,2018-02-10
b20e167bec039233a097f9204caca32d,f26b7c2fcccc65373668a87f61c988b3,delivered,2018-04-14 23:13:00,2018-04-14 23:31:35,2018-04-16 19:08:33,2018-04-23 15:56:40,2018-05-03,0f4389ffbcaa187a02a5ebeb0a2e616c,2018-04-14
b5590da0e1ed55750c6f09988b5935a2,2ecce1e69373563e1566114105f5ecee,delivered,2018-07-31 20:34:45,2018-08-01 02:44:08,2018-08-01 15:32:00,2018-08-09 19:04:37,2018-08-24,a9399796b67df5d2b2efb4e66b92b4ec,2018-07-31
ea2246b752ee2b7a1880cc4855171a1b,cc96f0b7244df6fc5aedb941050bfc3c,delivered,2017-08-17 19:04:33,2017-08-18 02:31:09,2017-08-21 21:03:14,2017-08-31 20:06:07,2017-09-13,cd927e153709f865dff626ac910d81b7,2017-08-17
4f8e380dcdc0ff7f92479a8d9c950490,2deb1b71301af93562fe892026531417,delivered,2018-02-21 18:21:12,2018-02-21 18:35:25,2018-02-22 22:22:54,2018-03-06 01:08:32,2018-03-20,a449a968d16d215b87378ca18220f3ba,2018-02-21
d1cd7d486ae6facbe6c2a59a51c6d1f3,b7b1705b5beb9ffe3c0027a4e9531e89,delivered,2018-07-21 20:25:45,2018-07-21 20:35:17,2018-07-24 06:51:00,2018-07-25 18:56:48,2018-07-31,eac3ccb24c384e1b34c596a3bd7f947b,2018-07-21
b93e694316954c82db60cf84faf9c694,719838a3dee4775a7054b8dfe43cf7a6,delivered,2017-12-09 14:21:59,2017-12-09 14:32:20,2017-12-12 22:06:00,2017-12-26 14:35:37,2018-01-11,dc2bdd4867f1a056690002c59c99320d,2017-12-09
6cd2700e3e9fc015e3bbe4ee264af57b,c69c846746a623c12b98b6162c3dd725,delivered,2018-02-09 17:36:45,2018-02-09 17:50:36,2018-02-14 16:29:06,2018-02-22 19:17:48,2018-03-08,01ea7dfdac01a4e8fbe2902b73510b20,2018-02-09
675b1c40d6b0d4397714c1087eeafb01,4d30d32398120943b2a800664e7cd180,delivered,2018-04-24 15:34:42,2018-04-24 18:57:08,2018-04-25 13:26:00,2018-04-26 17:46:49,2018-05-03,502cc5f92b484e9db94c93d5cc6b7a8e,2018-04-24
df2d910b8b5e5f461f67043489f9569d,2e76c1f2a920153d79cc98b634c50942,delivered,2017-06-05 12:22:19,2017-06-05 14:31:21,2017-06-07 13:09:07,2017-06-26 13:52:03,2017-07-06,0efd4833752113fedce2e7250d49d5ac,2017-06-05
970f01d4d6e42b5dbaaf975d2d45f913,746cb47767f7817cb0d5347862cecc08,delivered,2018-02-21 10:21:33,2018-02-21 12:05:35,2018-02-22 18:47:10,2018-02-28 19:22:42,2018-03-16,aba50a72a3cf5de33e66ca1f9a2231d0,2018-02-21
b3cde042b77a6274419dfa8c4538a682,cab3cfcc4117707b1a8a47e3bb0021c8,delivered,2017-12-26 17:54:14,2017-12-26 18:08:51,2017-12-27 16:15:00,2018-01-08 16:47:49,2018-01-29,ba9fb0b0be19fd74e74c286d368de9e9,2017-12-26
79d1b9fc8db94431a92d87a19439ecf5,7b9600a82aefcd6b328f578e8e7a67e8,delivered,2018-05-15 10:57:36,2018-05-15 15:30:41,2018-05-16 13:36:00,2018-05-22 16:29:46,2018-05-29,08ae33aa0691679ebd9e11ec3b1c0789,2018-05-15
6ff09113fd48861d786d40583b7f2aa3,9b29afbe5be6f07ceca7ecd44ae83a4f,delivered,2017-01-19 20:12:02,2017-01-21 20:10:14,2017-01-30 08:22:51,2017-02-06 09:15:59,2017-03-13,b8bdfc9a2e1db42608cef6cd5002e32b,2017-01-19
648baaf2d0ad94dfad6cb960e3133012,5feda98324014ed7603a197517fa6f6d,delivered,2017-10-01 19:35:27,2017-10-01 19:49:40,2017-10-02 21:06:32,2017-10-19 19:20:03,2017-10-30,5e8b7a60ee5a2e6e4a7ba9428826e058,2017-10-01
a2a40434e08665181cc74e01e9eb05e5,17585af293db14283fc81f53146a7399,delivered,2017-06-15 23:43:12,2017-06-16 00:35:22,2017-06-22 09:16:50,2017-07-05 14:51:44,2017-07-20,05042944408edc1795465efe58536e4a,2017-06-15
03d08548bb620e09cd4821b96f12a1e6,1e02b284271ae29e4df0ed29851ed4fc,delivered,2018-06-20 20:10:06,2018-06-20 20:37:30,2018-06-21 14:07:00,2018-06-29 16:05:05,2018-07-19,e4c5964975cdce8052a5743336264234,2018-06-20
5dbf3bee4c547774bf74d477748dda22,5dadf9303f4c0c38d65b444aaf92b86e,delivered,2017-06-15 17:23:29,2017-06-16 17:33:31,2017-06-19 14:45:38,2017-07-13 13:07:50,2017-07-18,60103f7968de921c5147233a6885185c,2017-06-15
1f643298de39c374e3ad4e4838d156c1,7c5dee768f1dfbea5ba80fd468040c19,delivered,2017-09-09 20:32:22,2017-09-09 20:43:31,2017-09-12 14:32:55,2017-09-14 20:39:50,2017-09-21,6a72e79e17a6747650c71f55887a4ffa,2017-09-09
8ba27d0eebcbab5fb3680d1fa19f7657,8dbce15e24731c41a4e8f57b5e016658,delivered,2017-07-15 19:14:43,2017-07-17 06:43:14,2017-07-18 18:56:09,2017-07-24 13:09:47,2017-08-04,15fbf8901611b1a62de6ad5934d8c8ff,2017-07-15
e708577dce77e8e44c1bd9534419576e,914ab1ff67c21c0d81ee7bb3d0e33893,delivered,2018-05-03 18:55:30,2018-05-03 19:10:47,2018-05-09 15:48:00,2018-05-15 01:52:03,2018-05-24,508a0ed9319d4924783cd9e4829fe655,2018-05-03
6b9d30f0b006a467142d46f2280c7fe7,cfeb304b0bb336936928474f8969a5a1,delivered,2017-04-28 13:14:01,2017-04-28 13:25:16,2017-04-28 13:44:15,2017-05-05 12:12:28,2017-05-24,084366719c9127e938b149e75dd48ad8,2017-04-28
462f5581ea52a4b865cc8e66f70661a1,8fe8e4c47e8bca937e1d667d40ca93be,delivered,2017-09-28 21:01:01,2017-09-28 21:14:51,2017-10-04 17:56:40,2017-10-06 14:36:34,2017-10-30,61a96d464b4f08cd98ef6ec8e4eab2bc,2017-09-28
232674aa2334edfdd9c2dbe346291712,b8cbb2fa6090f51abb6076e2b26ca3ae,unavailable,2017-11-09 23:51:34,2017-11-13 20:07:20,,,2017-11-23,c7797b25e6175614c2c8ad82742a2ddd,2017-11-09
34faef608414c76d996d5d864e3c76f3,19d0364bbfc4c3ff2118c129df5887c3,delivered,2018-04-09 10:51:31,2018-04-09 11:10:41,2018-04-11 20:48:32,2018-04-12 21:04:00,2018-04-19,3ff01695f6fb04a15736096f673156dd,2018-04-09
646f1971e7c3a05fe0ce5fba3d67cda9,a8e87c05f9e513927cbeb64191ce3dbc,delivered,2017-10-16 15:22:27,2017-10-16 16:07:37,2017-10-17 15:10:20,2017-11-03 14:04:03,2017-11-16,e143abeecb6208d3d01b820589f06271,2017-10-16
83adb8f44a5e98ea2d58a04ca0b7fdc7,2d5a03254d72a9e56dddc8616bab0216,delivered,2018-06-04 09:33:26,2018-06-04 09:51:40,2018-06-04 15:44:00,2018-06-11 16:27:42,2018-07-16,cf887277eddbc2f8063cac0b99d3892a,2018-06-04
397362c54ef533a63d68133a45ecf54f,820a174cb0897977268e5a8400aa7d53,delivered,2018-05-02 06:50:09,2018-05-02 07:37:06,2018-05-03 16:12:00,2018-05-11 21:08:59,2018-05-22,36da3357f1c49bad4fe035b31537b758,2018-05-02
a14b18fc312879f9783d9d6c3f216787,a28d84b0258584bfe43bfe94bd30b657,delivered,2018-05-31 17:39:16,2018-05-31 17:50:47,2018-06-01 13:24:00,2018-06-04 21:14:49,2018-06-26,0145fc4d376df22449756022b9ccb472,2018-05-31
59a9185f4ae4b284bf06962763f4317d,5a4fde7d0bc3c7d2f83e49ea99d2cae3,delivered,2017-10-04 08:52:05,2017-10-04 09:07:24,2017-10-04 15:58:57,2017-10-10 22:13:59,2017-10-31,0709ccc300916a7cd9d4d608dbe8bd68,2017-10-04
19e9072a16886c91fdd5127eb6ffaa6d,b3a04113801a5c4f023a00303023e9be,delivered,2018-07-18 12:45:29,2018-07-18 12:55:57,2018-07-23 11:05:00,2018-07-24 18:02:30,2018-07-26,8a45b36a4159472791d282ff79c3db2b,2018-07-18
a1c5f705a277dc65135f50fbfe2ce8bc,aed1b6fba1336d401cd7566c2b070357,delivered,2017-11-24 14:16:35,2017-11-24 16:32:36,2017-12-01 12:46:59,2018-01-17 14:58:48,2017-12-18,43fd9d15c0ac116923be0e2b8608555a,2017-11-24
996df00d13e13ca3a09721eec0b07c37,03ffaf40c1fc47ccdf91dfd08f8ed901,delivered,2017-12-27 14:46:06,2017-12-29 02:09:29,2018-01-03 21:38:41,2018-01-18 22:29:08,2018-01-26,a63693459bce14da8966dc3f34c96663,2017-12-27
9e27a77121b82195690a4fb1994814ea,884bd418dcc0f0dc117f7800e752acfe,delivered,2018-01-08 13:11:16,2018-01-08 13:28:04,2018-01-18 22:39:12,2018-01-20 17:35:19,2018-01-24,9371ed37481e44740a1e32eb40876f96,2018-01-08
35576320702385b5938becec9a816a8f,e858b7e44036c184acabb93333066d09,delivered,2017-12-26 12:55:21,2017-12-27 17:48:25,2017-12-28 17:48:09,2018-01-03 15:37:36,2018-01-19,23fa15659f3e61440e97fc487d7467b2,2017-12-26
82e098e90be56ba3b67aca2e1ba26fdb,3f7738efc416bab23c48f5d6f701c693,delivered,2018-02-21 22:03:51,2018-02-21 22:10:29,2018-02-22 22:23:09,2018-03-22 23:56:42,2018-03-21,de12f7e59f4513ab89285567520282fe,2018-02-21
faa01b7a24d0ba51d0d0ec652cd9b745,e6dfd24ec0d6e4e7002fa6dca5bf55a0,delivered,2018-07-10 18:14:47,2018-07-12 03:30:17,2018-07-12 07:30:00,2018-07-25 11:52:20,2018-08-06,7a76f872eec388119a13858df1571b2b,2018-07-10
7bf07dae0e08f5a2b54f5d784c8bdd12,edb5b9d723092a06959de10d7040f40a,delivered,2017-08-04 21:53:03,2017-08-04 22:05:15,2017-08-09 19:41:22,2017-08-18 18:32:47,2017-08-28,603ad59966d17ea60390ebe6d3268f37,2017-08-04
747aab082292790602a7f64196ca8e0f,ca03c5f7316bf1323ea039523cc0037d,delivered,2017-06-07 11:50:25,2017-06-07 12:45:07,2017-06-08 09:37:28,2017-06-21 16:02:31,2017-06-30,45a29a8dce45950c5a44374490d80430,2017-06-07
1fbf181e068d25051390f9f53d45ce0d,aab6bdb5ac89272cebc58bc9c59a45f2,delivered,2018-03-21 23:46:43,2018-03-22 00:08:13,2018-03-22 21:24:21,2018-03-27 19:22:05,2018-04-12,4594d87e4a3376231722e88c0b1352b9,2018-03-21
3fe67b23f3a9532482fd5c6dda351895,eb68e8ebd5a36d827e0c55b8d535fea3,delivered,2017-12-18 17:44:31,2017-12-18 18:52:22,2017-12-26 18:23:26,2018-01-04 22:56:46,2018-01-15,d9ee904276e298eabdfd0cdb2f03d7f1,2017-12-18
79194a36c77059c7510e51e4afddc643,e968c215cc5a146095be714aa34028a5,delivered,2017-11-17 00:08:29,2017-11-17 00:27:01,2017-11-22 16:22:47,2017-11-27 18:49:06,2017-11-30,023c86aec9feb3a43c76311813f04a3e,2017-11-17
1836449b27f6394061739f38bad607e8,6f5a474e3e4fab8487a01cd4eabcc91a,delivered,2018-05-16 19:20:18,2018-05-16 19:37:15,2018-05-17 14:33:00,2018-05-22 18:17:33,2018-05-29,474897b0404bdde15ac6f63448c06622,2018-05-16
dd1341091b6a6b619079944b4aa45eb7,dfff377396a4ab6e54d73dd479008d66,unavailable,2017-09-23 11:36:05,2017-09-26 04:14:15,,,2017-10-10,a842658b3fcf9836e6f9b2aa1d05d6a0,2017-09-23
40c6a2db0ce06b7ed796a48b20206c92,46c56c11259668f72547b0c457cf5ede,delivered,2017-11-24 13:37:20,2017-11-24 16:16:06,2018-01-04 21:21:33,2018-01-11 19:10:14,2017-12-18,27b521a055cd1e37cc5ceded75d02472,2017-11-24
ace64c0c1402369a3073d086ec6ee306,1db3a7b88cd7fd05902c3fcde318795d,delivered,2018-02-09 20:33:26,2018-02-09 20:47:54,2018-02-16 22:54:56,2018-03-02 22:21:41,2018-03-08,3db3885c251fead1659574f04032d844,2018-02-09
9a2176942821e355e4ff9dc4a8e96a07,b8126473affde2fa5bd627695704995e,delivered,2018-08-27 16:12:22,2018-08-27 16:24:11,2018-08-28 14:46:00,2018-08-29 20:38:40,2018-08-31,2c9b981cbaf2a21fe0085b78964ec877,2018-08-27
179de2e682fa3219ba41a728047be96d,0cee073f6aef54fbabf3954ff549c244,delivered,2018-06-12 15:15:19,2018-06-13 22:57:58,2018-06-15 08:47:00,2018-06-20 18:28:44,2018-07-03,62f542ed08eee27ee1f1e2de04886ee8,2018-06-12
c5496b624a2992c280191ee51a5f0650,a46e766acc377978584e2e7ffc863e3e,delivered,2018-07-24 16:06:57,2018-07-24 16:40:12,2018-07-27 14:12:00,2018-07-28 15:55:26,2018-08-03,b840d2f735d4ececd4aa5ef3f9e3e3d3,2018-07-24
3bb0635cfdd779b10da72af7d39f9ccf,508f02445d31772d7ca55d0f3f4008dd,delivered,2017-10-16 10:42:28,2017-10-16 10:56:26,2017-10-17 19:16:42,2017-10-27 14:33:50,2017-11-07,ddbc5ab0cfb1a300e22ab07cb720feff,2017-10-16
e3650ea29ce4ca131ce317a0f291fd56,45e93cba18418238127f585180e2b0e4,delivered,2018-07-12 15:16:10,2018-07-13 13:30:13,2018-07-13 14:50:00,2018-07-23 13:18:39,2018-08-01,bf539bfb08d4a36318662e754e6dd196,2018-07-12
307ddda45d830e2a08ee3892edec5d2a,7300cfcf40dab53201229f2bfcd4d5fd,delivered,2018-01-09 19:14:09,2018-01-10 10:32:20,2018-01-10 20:29:08,2018-01-11 22:38:59,2018-01-26,c411c8b6dbaffd467263f87a23f2cf52,2018-01-09
b47f9f663e41971f0d31b1caa6468c40,7bfd349ddcab469ad888395434783f62,delivered,2017-10-15 19:41:20,2017-10-17 04:25:11,2017-10-18 21:49:56,2017-10-23 16:52:45,2017-11-07,6e084572257e542c43e139553ac21a41,2017-10-15
7ff091a081c936e22d36651bad1fc653,c01280b92a482132cce4f7cc5866508d,delivered,2018-08-19 03:05:57,2018-08-20 11:10:07,2018-08-21 12:54:00,2018-08-22 22:12:11,2018-09-03,c28b1528e093df4b2a5d47f6f2b0d5fb,2018-08-19
410ba50fe8c000ab2342ac8e4282b2f3,8c0d082aeefaa983963a8d7aa2da8208,delivered,2018-01-23 12:53:17,2018-01-23 13:12:18,2018-02-06 22:42:59,2018-03-01 14:23:12,2018-02-23,b3d14bf7756b42c9fa33aa34f502c7df,2018-01-23
d9c5038b04ba670150fce7814b96c68c,c0f90357c31152626c781691029071fc,delivered,2018-01-19 19:37:03,2018-01-19 19:49:42,2018-01-26 19:53:22,2018-01-27 15:44:57,2018-02-05,81213bd1ab0d4c5431b6f7c2686cc7f3,2018-01-19
03c765107c8fc34c68a82bbd6c686856,f28dead4549d1753510b2f16df5724c8,delivered,2017-04-09 20:15:45,2017-04-09 20:25:10,2017-04-10 12:26:52,2017-04-17 12:04:56,2017-05-04,1443b4d9d053e73721c7ae1f5afe5f69,2017-04-09
fc0f2134e9a7cffb77d02c4754c264e8,c047c68f42cf14e79adf7ff885415324,delivered,2017-11-02 16:41:02,2017-11-02 16:50:59,2017-11-06 09:53:23,2017-11-14 17:32:06,2017-11-29,38505d03328fe209000f0bfee6709cf4,2017-11-02
a1e313e06320d5c725c2ba02d0cf5be2,6b66c3c14df21f07ea7f57fc8af6517f,delivered,2018-08-14 20:02:28,2018-08-15 20:04:01,2018-08-22 10:37:00,2018-08-26 03:38:40,2018-09-03,8a8ac60fd8ea25925f379a33ef277987,2018-08-14
78ce53a063eb2907f9727aac2c678339,e9859fbdff7d26c36c228cf60796e844,delivered,2017-04-06 21:07:35,2017-04-06 21:22:51,2017-04-11 14:22:53,2017-04-13 14:38:33,2017-05-05,7814db11654d2bf3b43bae828b6eee05,2017-04-06
9a4a6043b37a47e2c964bbc055f2e837,0c6d59647f04b19897e2fd48ae191f27,delivered,2018-02-10 18:52:05,2018-02-15 03:50:48,2018-02-15 19:17:07,2018-02-21 14:55:10,2018-03-13,7be167d08449c66080dc4038459a4161,2018-02-10
2cb146ee8dcde5dc2e8dda5bcebe3f47,9eba5d654db88e3e5c4afbbe96787e08,delivered,2018-05-26 10:08:31,2018-05-29 03:15:23,2018-06-01 14:59:00,2018-06-04 19:23:38,2018-06-20,ce31d55edfb8ad4343388ea88fc4c244,2018-05-26
581c795a0fba4d5e258484943a5ab0fb,864b6e5515568a915e535a341c973ec8,delivered,2017-10-03 14:42:43,2017-10-03 14:56:16,2017-10-04 15:28:08,2017-10-10 21:32:58,2017-10-30,98c739ff73ba1541f4c008e55f30a25e,2017-10-03
d00ff6010b4c8c182b603ec360026b44,04932ff700030fe6c723a32ed80bc2ad,delivered,2018-03-18 22:25:47,2018-03-20 20:50:39,2018-04-05 20:02:41,2018-04-17 17:41:53,2018-04-25,f1108e890f45f29145b2432f06f2c7cf,2018-03-18
cbcf8d46a56861257f5bcacbc2c96709,a5797f5d047ee57b896d3eadd781012f,delivered,2017-12-13 23:18:31,2017-12-13 23:30:39,2017-12-14 17:37:21,2017-12-22 17:49:45,2018-01-15,bf5c23372d1de6215067d58720a85d44,2017-12-13
4447244b60640d0067069c680995049d,926a39c05e638211462221c33ae1fa5a,delivered,2017-10-26 23:05:22,2017-10-28 02:55:08,2017-10-30 22:14:21,2017-11-07 22:12:58,2017-11-23,495da79af2388e1609849b52d6d4a348,2017-10-26
c4449cba74f34a08a7c57edd66351427,f88d78b8e2587ff8ae51f34a792811ac,delivered,2018-04-22 21:50:06,2018-04-24 17:37:11,2018-04-25 00:36:31,2018-04-30 21:36:43,2018-05-21,05eece82f626032f909a2bc445957b92,2018-04-22
5e51393cd4562accba29a68b5db784c6,d2ef22dfde19ae5c25d2275eaf1d7869,delivered,2017-07-25 13:52:07,2017-07-25 14:03:15,2017-07-28 19:09:44,2017-08-08 19:41:28,2017-08-16,7a443ff6dbc48349835cb18a9355ea1b,2017-07-25
e02d1acde68fc554aee0e2913c3179d0,d71d0786dd993461821ec16125a0f013,delivered,2017-11-15 20:26:14,2017-11-15 20:47:02,2017-11-17 20:22:58,2017-11-30 20:53:00,2017-12-12,bb115f38be57f6772f404c3cecb780da,2017-11-15
6395828841eb4af7b78aa60f37b6ba40,47d02f3b50d39b9b4357d5914d8425e2,delivered,2018-04-27 13:59:04,2018-04-27 14:15:15,2018-04-30 14:02:00,2018-05-04 02:28:50,2018-05-11,611e703901bb5d90cba60db934d81863,2018-04-27
7f2ade8e17f4c600c4d2ef62f72a860e,3eccb9c1241dd874da335a074221c39b,delivered,2018-05-11 20:22:51,2018-05-11 20:35:19,2018-05-14 13:18:00,2018-05-19 17:11:54,2018-05-29,4d833af687c54b3efcb49768acd703d2,2018-05-11
38cf938c02a2fd1cf1fc7f7c6a32b03f,7b4c0d29807fae134a5035f012830fed,delivered,2017-09-28 22:09:11,2017-09-29 15:49:35,2017-10-03 19:13:31,2017-10-09 22:10:15,2017-10-25,aeae04ea9b0b9ffeb17c9c254b2c2bca,2017-09-28
9f3ff139356a16e68632efe0a4606f17,87a86ea726adb5f9d23bf68e0b962c3e,delivered,2018-04-03 15:54:17,2018-04-04 03:15:39,2018-04-05 03:43:31,2018-04-24 00:51:04,2018-04-27,dcbe7d7c408e5051a6bc6f1bd39b9b76,2018-04-03
ae5d90764ed49cd5e5e72cd3df5b787e,f470ef6c3f70afc022449af9a10aa4da,delivered,2018-01-23 17:02:54,2018-01-23 17:11:22,2018-01-29 20:37:05,2018-02-07 21:19:46,2018-02-20,e66f60d86942c41f5c982a267c881c49,2018-01-23
a498cd320a4937e66cb7b1013909a271,53502e3a5e34fccc01cdf19dcbf3c679,delivered,2018-08-16 11:56:55,2018-08-16 12:10:15,2018-08-16 15:06:00,2018-08-17 14:38:56,2018-08-21,9a5db76deec0f13d3e1df2367a984b8a,2018-08-16
b5b51b2363f2372af3e36828b9e25b97,e8e6f046acff0badcc024299b5162917,delivered,2018-03-30 15:08:49,2018-03-30 15:27:31,2018-04-02 17:06:50,2018-04-05 21:19:21,2018-05-03,2821b789e6c440b6f3515594b2592646,2018-03-30
ccb493a84cad1ba5ce523d205f00d987,8ff7ace831161da79f068d3e92d3a9cf,delivered,2018-06-30 17:06:42,2018-06-30 17:55:11,2018-07-02 19:01:00,2018-07-03 21:47:00,2018-07-17,e6ec799a16760c123b457118061484e2,2018-06-30
9ac24a8afcd635709e2443e878ccfbe7,77d824a1031f69a3901ccb843e32d7fe,delivered,2017-11-29 20:27:24,2017-11-30 02:22:13,2017-12-01 20:18:40,2017-12-08 14:27:59,2017-12-21,5b1f05394a4cf3356d430713353ea50c,2017-11-29
771a3c809e079dc89392a34a5d797651,30326a0347086d7044f8f0ac86c677d1,delivered,2018-06-19 16:33:33,2018-06-19 17:04:50,2018-06-20 12:14:00,2018-06-28 12:33:43,2018-07-11,5f9d9a6beef4df4c5fbabafb14a41d6d,2018-06-19
bfca7413b79272dc5ed993b4e90c53ce,7f17b542f4d09af6377365917101cf5e,delivered,2017-06-19 02:03:15,2017-06-21 02:15:56,2017-06-21 14:02:02,2017-06-27 15:04:55,2017-07-18,464249e5d2b515deeea902c219cbc936,2017-06-19
5674e908354d328e44e831ee61b6fd85,b520dffb45818ab048218df9cacee680,delivered,2018-03-01 11:30:22,2018-03-01 12:20:29,2018-03-02 23:58:51,2018-03-27 20:51:37,2018-03-21,326d98792a7a644117f3488f7c9b44ec,2018-03-01
4e3c64d86c6701af13d8d0e899dd6b1c,0c0603d07483f48b102fe37e1745befa,delivered,2018-05-01 21:03:25,2018-05-01 21:15:25,2018-05-02 19:01:00,2018-05-03 14:25:00,2018-05-18,56d6d1ae03e95325991e4c77bf3cbe53,2018-05-01
1a7e970c994a82401235495241e66a14,e4cd7646d181863566d0c48f9d28e81a,delivered,2017-11-16 22:02:14,2017-11-17 11:30:21,2017-11-21 15:34:12,2017-11-23 15:19:09,2017-11-29,f88b7f7cb2129bde3adc7550289373b3,2017-11-16
c6e7a0810e0020963c7dc5ec9087c509,9d02a1c6855b3536a26bec71750a7908,delivered,2017-09-09 16:16:29,2017-09-09 16:30:20,2017-09-14 13:30:09,2017-09-20 15:37:24,2017-10-02,1bc2bf4a35e6709ec796ea88a946b66b,2017-09-09
48c39947fd42eb080c2e14b368f79c60,6c5bf6c3c6936b42d1cf39f0385d8807,delivered,2017-12-28 10:59:50,2017-12-29 02:08:35,2018-01-02 20:46:55,2018-01-04 16:25:04,2018-01-17,22d91a4686e0a3b3b9ad164def2d121c,2017-12-28
4c5c8e4d5eb79a80f344aa59a4d8d04c,81a8eaf2d00263614778a976af4c30d1,delivered,2017-11-08 22:57:01,2017-11-08 23:10:56,2017-11-14 22:12:02,2017-11-17 12:22:23,2017-11-22,4eb6fcfd481ef3c2ab3afba135ef4bcc,2017-11-08
fa511a915dea9b19df81ec0424400176,aee6a4b7dd37206736642224fba0de6e,delivered,2018-04-17 10:23:24,2018-04-17 10:35:27,2018-04-17 19:22:07,2018-04-23 10:48:52,2018-05-10,017c477c81dd0f10726f7828f0475c0e,2018-04-17
d6215a45def043ea37208c33a9cfa550,dbf750cd1c54a2b7e13a58520dc1fe5c,delivered,2017-10-20 11:43:27,2017-10-20 11:56:14,2017-10-23 18:43:30,2017-10-28 17:17:08,2017-11-13,a5b511995dd00dd45fd9c02b4b5f11af,2017-10-20
7d49a1c0abbfb267942abc717ed81422,9ceedfd00f1ffbfa98dd9b9e960b81b2,delivered,2017-12-12 17:34:40,2017-12-12 18:10:43,2017-12-13 18:43:20,2018-01-23 14:05:07,2018-01-09,6d7c24825fd7ec8c73cf050a300ee9d2,2017-12-12
b747117c2b61e77e4ca28fc2ab62860b,8c1f0db2e1e91b28425f0d7e46454e94,delivered,2018-03-03 17:24:22,2018-03-03 18:29:09,2018-03-06 18:52:02,2018-04-20 11:32:51,2018-03-26,98fac811fba7ee31c89a875658932862,2018-03-03
434e81e3dd3038e858046831f20c479a,152dbb1b41350e9b107e483e9ec546c0,delivered,2018-06-19 14:43:48,2018-06-21 03:17:44,2018-06-22 13:29:00,2018-07-03 19:32:08,2018-07-26,473d82e9b787e6b8a60ffa4105346866,2018-06-19
fc664ce755b461e5eaa3acd0be4e2118,3f85552d6e82f0d5ec4a1c82bc4dffa8,delivered,2017-09-27 12:56:13,2017-09-27 13:07:25,2017-10-03 18:15:51,2017-10-13 22:53:47,2017-10-25,3e2d3d8d246126b4874139c36ddc550c,2017-09-27
efcb1e3ac5e7826d0395156ddcce513d,0218cebf93e71536419e31f4938f1774,delivered,2017-11-28 23:39:55,2017-12-01 16:00:06,2017-12-12 16:52:06,2017-12-20 19:17:42,2017-12-28,447323c765a8a12f50babea794075c09,2017-11-28
6b0b2d1c9273be37dfc235652a4a3d32,49b178e403b4791714ba184ecfbea446,delivered,2017-05-29 11:19:46,2017-05-29 11:30:17,2017-06-01 15:17:36,2017-06-03 12:24:27,2017-06-21,fa93c146370902578370636dc9e6ed98,2017-05-29
7f43dd9ca3fa1b6ac3d26dabda86d82c,c9eeaea4b6584bad78925309aa79ba46,delivered,2018-06-07 17:35:38,2018-06-07 17:58:32,2018-06-08 14:41:00,2018-06-15 13:32:12,2018-07-05,99d77e2a8eae6867fb4e50b1fca4a33d,2018-06-07
753409eb1dc2fceb6dbb2a350a35ffc8,a88cee1715cb725d85cef9cf6fb25261,delivered,2017-06-05 11:22:06,2017-06-05 11:35:16,2017-06-06 13:33:04,2017-06-19 13:27:44,2017-07-04,435394d047f4979f9d913a5d04581aa2,2017-06-05
1323c3d7f54506c2aeab7f1ce9668caa,785c55fef8afc1270212491986c7a6ee,delivered,2018-03-17 14:27:53,2018-03-20 03:35:40,2018-03-20 17:58:45,2018-03-23 15:24:53,2018-04-05,a303adff38b473cccf3daf3c64681313,2018-03-17
4de0c037e9bfc358c31f09c0dbad15a5,ec90f2754696667a3509731f034c8dd9,delivered,2018-03-20 14:39:22,2018-03-20 14:55:24,2018-03-21 18:51:20,2018-03-22 20:25:22,2018-04-02,1f65a349694b2cde16766eb2ba100770,2018-03-20
806c224e302c85404164d60601ee3c10,48853c5802b9480df9fe3b34cb7226fe,delivered,2017-08-01 13:45:24,2017-08-02 03:04:37,2017-08-03 15:13:18,2017-08-04 21:33:01,2017-08-16,df946ef265626b1e0a425292815ddead,2017-08-01
ddec9d49faa955faea0c6b494561d4a4,2b3063a29b11954c10c7e572a8477082,delivered,2018-04-25 00:25:46,2018-04-26 04:10:59,2018-04-30 08:39:00,2018-05-07 23:46:34,2018-06-11,3615a4709bf9ea3a20298b5c94209a48,2018-04-25
d49132be94be94057aadb0fdd665943b,2f602347f836fb37d192a2bc4798a471,delivered,2018-01-17 09:42:34,2018-01-17 09:51:25,2018-02-05 22:29:55,2018-02-27 16:05:31,2018-02-22,0cfb94f148a3f7b02123e6f64e6674f6,2018-01-17
e71d504f1de703f2bf1ae44d69a9d27d,a0539dcb52f6e42b62a2e9c8b675ca16,delivered,2017-10-05 21:21:43,2017-10-05 21:35:30,2017-10-09 21:07:46,2017-10-24 17:44:16,2017-11-16,65fb677b2468e81b4620a5d17957db08,2017-10-05
df65602000ffdf593af0979d8c8a8544,3bad19aaa42d001d49f219c0cd2d1c60,delivered,2018-02-22 13:04:20,2018-02-22 13:15:43,2018-02-27 18:09:19,2018-04-19 22:03:46,2018-03-20,6d0d4fc6d3394afe566b5672bd7d4863,2018-02-22
e7591928e884f24aa164ee55fd05d56d,fec1fc12bd2473836d0a3f18a622e20f,delivered,2018-02-24 19:34:27,2018-02-24 19:47:14,2018-03-12 20:49:47,2018-04-04 20:34:54,2018-03-23,852f3bf903feef0c6136630363c64646,2018-02-24
1fa3578be8d670ef139e0216365d71dc,09b5561e6bad06d4ce5d5b0d107a8817,delivered,2017-10-29 21:39:52,2017-10-29 21:50:17,2017-10-30 16:36:03,2017-11-03 19:59:52,2017-11-17,1307d6e6528b4c009008594ee8d16260,2017-10-29
c97e64988f3d2b091838bb2815fc246b,5e51f41c2c9cc612e4d63c9fd18b28c6,delivered,2018-08-02 18:23:51,2018-08-02 19:30:40,2018-08-03 11:13:00,2018-08-06 15:49:20,2018-08-10,0015752e079902b12cd00b9b7596276b,2018-08-02
8fb9e44943fd93ec9a5eed36cce925c5,aa2e9d6a786f96aaab74743384293503,delivered,2017-11-17 21:13:18,2017-11-17 22:00:28,2017-11-20 15:09:24,2017-11-23 20:26:58,2017-12-06,31329ee430dd72f8e82f49a71e198a12,2017-11-17
0a461e390d6d2280c86fa9a76b3a0e68,461f03df681f6f248f35e924ad547cc6,delivered,2018-06-08 19:14:02,2018-06-12 07:57:45,2018-06-19 09:23:00,2018-06-26 18:08:35,2018-07-27,031c3f0de9be6e0c7b04de23fd60c283,2018-06-08
e4a9759ef4977b2303b79da089cc865f,98ff9f70b5748c2f0518a94f9e9a975d,delivered,2017-10-27 18:51:06,2017-10-27 19:06:46,2017-10-30 19:52:11,2017-10-31 14:20:11,2017-11-09,1116cb054ce9d9388c6b1616f907e412,2017-10-27
2d3246c68cbe85d64b652f4ff3848de2,f3de897db02b60ae259ac54f92c43d17,delivered,2017-03-08 10:07:04,2017-03-08 10:15:20,2017-03-09 10:01:42,2017-03-15 15:47:44,2017-03-31,2026fd98a236e9f50742ccfbc21112f0,2017-03-08
f987b0a9e1af0c2ab9667ca39d41721f,35d1cb27050a35328d41b85513113261,delivered,2017-12-27 09:40:30,2017-12-27 09:48:56,2018-01-03 23:07:11,2018-01-13 00:10:05,2018-01-26,08a99c5876ca4e11428933a8d133e659,2017-12-27
0a1f877f7653fce5563de42726f033ca,485ae36cb82a351de4f4c2a099ff3606,delivered,2018-05-12 18:24:44,2018-05-12 18:36:09,2018-05-14 13:01:00,2018-05-25 21:55:49,2018-06-05,9931e8eaf4e334645657eb529b1272a7,2018-05-12
3e63664ed5cdf7a1435eec921b9091a1,b0d296c2459346d50a47ab65ea5ea739,shipped,2017-06-04 20:35:27,2017-06-04 20:50:17,2017-06-05 14:42:47,,2017-06-28,78e72c819e2b5336a5aecc17132f9be0,2017-06-04
46c36a9b14438f007086c53a374abf1f,d716708080665af336cd4bc2aa0f4ba8,delivered,2018-02-19 11:37:37,2018-02-19 12:35:23,2018-02-21 19:46:54,2018-02-27 19:59:04,2018-03-12,80309c345159c6d95a16fccf3ee25f60,2018-02-19
3865adcc2f53015a9526a22f9f5da972,ad12987f0baa11e225e27f71cb1cfe3c,delivered,2018-03-26 18:50:04,2018-03-26 19:08:09,2018-03-27 19:25:53,2018-03-29 21:48:54,2018-04-12,cd65b7d632cc3b6a15bdfad822b260f4,2018-03-26
7d6b60a740c816534aba4faf2dad0752,7eecc872bb8542c147aac6a7b801ad2d,delivered,2017-11-24 22:29:43,2017-11-25 00:51:35,2017-11-28 23:04:56,2017-12-15 00:27:39,2017-12-18,bfdcfb779dbc2b1b2ee3386d711cc9d4,2017-11-24
6c902413dba57690cf1e5dd592553b6f,cff1f046a50c6c57875eb287c50c7b7c,delivered,2018-05-04 00:08:11,2018-05-04 00:30:36,2018-05-04 15:11:00,2018-05-07 14:21:14,2018-05-18,c16efae1edf832f8b73fd534a9b3a73c,2018-05-04
09c29dc1d814f755a8183dc859945531,bb5ecb070b1cabb71470e74ccabb9ad5,delivered,2018-02-11 18:53:35,2018-02-11 19:07:48,2018-02-15 20:53:52,2018-03-02 20:38:41,2018-03-15,f92f6ab3c62a0ea894141b1f06b3f160,2018-02-11
8349a1bfa0cb940e2505005041c3fede,37f821765d8ac920b59ce7fdeca55a61,delivered,2018-07-29 20:23:03,2018-07-29 20:30:29,2018-08-03 13:51:00,2018-08-09 15:05:16,2018-08-10,5362503059c670f5f7f0879a5b363fe5,2018-07-29
189a53cf93264d51ff7b5a92601c7a34,ddf33cdfb2eb21f708dca32e2bf4299f,delivered,2017-10-21 11:52:47,2017-10-21 12:07:16,2017-10-23 20:10:15,2017-10-24 18:06:15,2017-11-03,26b0ac7346f185b022438efbb08d5e5a,2017-10-21
fcd8b3a2ce5ad445e576820a3655052f,13bde1e7feafd935f9897e104ca7e3b0,delivered,2017-09-12 00:02:40,2017-09-12 00:15:12,2017-09-12 20:17:42,2017-09-20 11:44:11,2017-09-28,74f098072a8a1813a100db4bac87a297,2017-09-12
cc5bbe32adca312ddc1d24d3dcf803a2,2b94310434fdcb88c6d1259cde11d657,delivered,2018-01-02 19:26:43,2018-01-03 04:12:27,2018-01-03 19:52:03,2018-01-11 20:43:51,2018-02-01,981f850363547baee4e889e840be3cea,2018-01-02
b94de0a4b60ee9f23315de77e1dde986,3693091a7448d5b06ee8a866d8bde846,delivered,2018-02-07 22:20:33,2018-02-07 23:29:29,2018-02-09 21:12:27,2018-02-22 23:49:03,2018-03-05,d037163229397a2f18834622b20c5256,2018-02-07
0e485d1f54cf7d8e93339478d9e1d884,920de9467dd250906015fc6c01d08f14,delivered,2017-07-17 21:38:27,2017-07-17 21:50:17,2017-07-18 17:23:53,2017-07-27 19:57:32,2017-08-14,1d568eb00797648b8b1ae1795f98a571,2017-07-17
897648537fbaa2faa3eecbbefda2e1b9,01fb955db98cde5399bd9d21e88caa9b,delivered,2017-10-31 07:42:00,2017-11-01 03:30:18,2017-11-01 15:22:56,2017-11-07 18:42:19,2017-11-21,f653353094455f08debb51d45bb3cdc2,2017-10-31
5e5e74b102f501b1f57aa7ee1a7b84de,477497012d509132e418c5ec5e69d109,delivered,2017-10-13 10:53:47,2017-10-13 11:07:35,2017-10-18 16:04:44,2017-10-23 21:45:49,2017-11-01,df001020819b71231acfa0791136320f,2017-10-13
bb299ee4fb79d4056dad3e6bc0aa8a46,336353043c293fff266ae08b9ace8bd4,delivered,2017-03-29 20:29:35,2017-03-30 02:15:58,2017-03-31 12:51:46,2017-04-06 17:00:09,2017-04-18,b81c447e1a3203c7ca70eb2b245dc456,2017-03-29
5eff879c2f04b5e1f7e9c72ae229f074,409a7199f800822fe76d8c313ada25cd,delivered,2018-08-09 00:06:28,2018-08-09 00:15:30,2018-08-09 14:32:00,2018-08-15 18:21:24,2018-08-23,bd2b0f828049090848137ba7f0ce91c6,2018-08-09
c2509daf9e1312fea710fc46902c9da8,d6505f1e68ff1731c2b79517f47a8d4f,processing,2017-03-16 14:15:16,2017-03-16 14:15:16,,,2017-04-28,e9d46be2cf4eda58a25af60f153a39f2,2017-03-16
ba80262d7327dbeeba3cf78129c6119e,a8cea6f9dd91c26982fe8af67d0cd84a,delivered,2018-03-18 14:26:14,2018-03-18 14:50:28,2018-03-19 19:52:48,2018-03-20 20:54:33,2018-03-29,cca40bade5aaedae52e16a3e60c875f4,2018-03-18
71e077cdb8aba5646817189b9aed6b44,5ea10f0e3b12d4dd62cda8328e72efad,delivered,2018-02-23 10:00:29,2018-02-23 10:15:27,2018-02-28 13:03:56,2018-03-02 23:52:28,2018-03-09,a3400cc98391d59d5a4a0c5a0e4ba7d4,2018-02-23
166006e25a9d9a411e8094e0237104e0,1f224b90a5ccd7ff2d61d7c34ac8508d,delivered,2018-03-19 10:33:18,2018-03-21 02:51:00,2018-03-23 17:26:47,2018-03-28 13:59:10,2018-04-05,2453dc635a51ae000cbfbd44c2031e70,2018-03-19
5b2a1612e55a77383b77e3e554e67040,961b5bfb86c1fbdb13f2b162d9fd78ec,delivered,2017-12-04 09:19:58,2017-12-05 04:15:48,2017-12-07 13:22:53,2017-12-13 15:37:25,2017-12-28,218dcc9dc815bba457bd8b2fc03c5d96,2017-12-04
192c8364fff4c42bf70f0d9a4525c340,1459b919586d464598d816e4163b19e3,delivered,2018-02-03 01:28:56,2018-02-04 02:31:34,2018-02-05 21:05:34,2018-02-19 20:31:16,2018-03-07,ce8865c80c91549c0bdd2fd8da37d394,2018-02-03
6c673e7f0e59af3f88e62db4bde6b126,b3e798968d182062a9ced85f8143dde0,delivered,2017-12-26 10:26:17,2017-12-26 10:37:31,2017-12-27 20:27:00,2017-12-28 15:17:05,2018-01-15,79a3da806f9357fc450c94270dd1f222,2017-12-26
a9f03424f2176817b05dc4ee9d048d6d,c5df5e68beed79bba641bf1e9d4119ce,delivered,2018-05-10 13:31:36,2018-05-10 13:51:53,2018-05-16 08:12:00,2018-05-18 17:03:44,2018-05-28,b2eac945674f33c3d76334c0ae1083c6,2018-05-10
d6b35060d6baa125cae83779381704e2,cd62038117be9143e5e19f43f6a56e24,delivered,2018-04-19 21:32:40,2018-04-20 08:10:24,2018-04-24 16:21:38,2018-05-02 16:02:36,2018-05-16,50d90faed8456bd0f684c1df9b6ebdc9,2018-04-19
713d50ddc8c1a4367d76bf00bdf4d150,8aa97fdffddd4bdca82542fc851250dd,delivered,2018-06-05 17:40:24,2018-06-05 17:54:03,2018-06-06 11:40:00,2018-06-14 17:50:02,2018-07-16,9d7fc38b946974fdabeeab8cda8098c3,2018-06-05
54220fcc516cabe9ec84b210c0765ef2,24e7dc2ff8c07126358af519732b8558,delivered,2017-11-24 16:16:45,2017-11-24 20:13:16,2017-11-28 23:07:36,2017-12-07 17:47:15,2017-12-20,e0ff4805ba6693550d1db7d374c477c9,2017-11-24
120142f868b25baf05430c42ed963a99,a20abc59a2b88e8284dea1ee1cb11b10,delivered,2018-04-22 13:27:41,2018-04-24 18:39:30,2018-04-24 21:51:40,2018-05-04 21:41:13,2018-05-21,b0fcd51ba7c5a5640b29bb17a5bc023c,2018-04-22
a1092ad981e90f68879726e1c2c0fd63,fdbb070bf19091e33ce271b284457c4d,delivered,2018-02-19 21:47:07,2018-02-19 22:50:27,2018-02-26 19:58:52,2018-03-19 10:46:28,2018-03-20,41d0abac2d2a894683c25e311fb7e26b,2018-02-19
c8b1f5c6c2a11855f32ba79cd9e19d1e,e019ee7f821108995f53fcacc264dc51,delivered,2018-01-21 19:04:46,2018-01-22 13:57:25,2018-01-25 23:08:49,2018-02-08 23:18:47,2018-02-26,88d0279c935c078fb22ab064fd30874c,2018-01-21
7b34b9075e576d1d26171c4772f70557,04825cf7799fbea0fd7e9e3d33187429,delivered,2017-11-14 15:26:02,2017-11-14 16:16:24,2017-11-16 23:21:07,2017-11-22 23:44:23,2017-11-28,ca93f64412721568b7661eeeab085f54,2017-11-14
28744e7a534028309c1d21455f676752,9ba9686d3b6346e2c61f67581045f2ca,delivered,2017-12-31 10:24:39,2017-12-31 10:33:07,2018-01-02 16:10:40,2018-01-30 19:12:33,2018-02-01,a0bbe554a7d44b1f07192f2feb94b6c1,2017-12-31
b2190e086b2cf877f42a661db8eaeb8d,7e665bf60370543be4e0c8065f1f014b,delivered,2018-03-25 22:21:25,2018-03-27 03:55:59,2018-03-28 22:04:20,2018-04-05 18:26:48,2018-04-19,9017b04417699caea03574bfb3f968a9,2018-03-25
3d569c9ae7a98780b9a771da0b86532e,e08e4e6f008095f5b4506470029594be,delivered,2018-02-27 22:12:20,2018-02-28 09:56:13,2018-03-01 18:12:05,2018-03-13 21:42:03,2018-03-19,558df3ec109ed75cbbde14f3e7620d1e,2018-02-27
3940a7329348b875a9384998bda9b303,a8af0043cc88a245b8c0c8313d34e882,delivered,2017-06-14 16:51:33,2017-06-15 17:03:05,2017-06-16 08:57:21,2017-06-19 21:07:39,2017-07-05,56bf49c0093878eaf302e04c8104e884,2017-06-14
0426ac8a5e4a839db34bb45d7e313fa3,6d9fe8b5637274da827f91f43481d026,delivered,2017-05-01 19:33:24,2017-05-03 11:33:42,2017-05-11 11:50:39,2017-05-16 10:32:59,2017-05-25,4838cd3f23ac071710fbd49be8c98692,2017-05-01
9d8a5f2bdee14c918feed8f8cae3cf94,e58d429f0a9f1706d5634b5b33710843,delivered,2018-08-08 10:50:05,2018-08-08 11:05:18,2018-08-08 13:21:00,2018-08-13 20:28:34,2018-08-17,e4971a4defaf07a1d7f2ff615a32c809,2018-08-08
ca4ae0f72099b587c67669fa71d105b9,b21059cdf9f6d2abdec2bf4aa108e454,delivered,2018-04-12 19:13:18,2018-04-13 02:32:08,2018-04-16 16:23:56,2018-04-19 16:35:33,2018-04-30,09c1d1bd38bd7968fb54a1c2aaf7827b,2018-04-12
a68d55e37069898482bef61866cac7f4,3a38221b09bfb907e18edee4e1a12645,delivered,2017-09-08 01:21:52,2017-09-08 01:30:17,2017-09-08 19:24:51,2017-09-09 15:12:10,2017-09-20,77d0b64c3b3f1e8b24c38a007e66a8bd,2017-09-08
3972df2fee6713723d3c001075f1a039,692dd6534618720df0e4d0e06ef0a72f,delivered,2017-09-07 12:35:23,2017-09-09 05:15:24,2017-09-11 20:05:50,2017-09-19 17:49:51,2017-10-05,b08fab27d47a1eb6deda07bfd965ad43,2017-09-07
fa42a34be61fe1ded5df8a8079ce8a52,5a69025bd00a6950e3aa782b2213aadd,delivered,2017-05-06 10:24:55,2017-05-06 10:42:29,2017-05-11 14:46:57,2017-05-19 09:31:47,2017-05-31,5e2d8aec6009ce6b41ff04c47cbcf314,2017-05-06
12bac66f44df6a103bb5b982c45f5617,34a57d208c01c5a0d4cb4cfb232e647d,delivered,2018-05-06 09:02:34,2018-05-06 09:15:18,2018-05-10 15:08:00,2018-05-11 18:43:34,2018-05-22,35276eec8c44aa4f7595449f92185dbf,2018-05-06
1dbd19609384c9e5b21e382e560a85fa,e1a81b9db2bc308ffc7e2ee4f70dd22b,delivered,2018-08-02 12:18:36,2018-08-03 02:35:18,2018-08-03 11:37:00,2018-08-07 23:55:24,2018-08-13,8a9db9eecc862f85b411a51468d886a8,2018-08-02
452724506999f9dc003d6b9ea7dcba41,c3004b9514f8871bd714fbede4949b51,delivered,2018-01-18 09:13:31,2018-01-18 09:37:02,2018-01-19 19:42:19,2018-01-26 21:26:36,2018-02-14,624efe0d20a39773fb86912608e69d2d,2018-01-18
8851b8f3b3c9736081a17b2f49b4eaec,5cdc045a9409dbfa5db1b7326a598d84,delivered,2018-07-31 11:14:07,2018-07-31 11:44:27,2018-07-31 11:31:00,2018-08-06 19:51:42,2018-08-17,6ab722fe84643343e7ad4213f8587305,2018-07-31
03679d41c590caa3f9f56dfad35bff0a,4e7afdb91c131ae7ab4b3e2f423ed6fa,delivered,2017-02-01 15:47:22,2017-02-01 15:55:21,2017-02-21 13:56:18,2017-03-09 18:52:16,2017-03-28,a04529eb06ba6ed6dfb3a37d28cab6fa,2017-02-01
bce1e6fae8db0875cde2048ee4220438,6d27a9361e591da38c87a5e70253f3f2,delivered,2017-12-28 10:45:14,2017-12-28 10:54:22,2017-12-28 22:04:14,2018-01-08 17:00:02,2018-01-29,76b029c87118a29f2e3de420f5ec2fa2,2017-12-28
a966231d1abc5095725cb52a810d5694,4642a001f9aa9f1738d27a921d8703b7,delivered,2018-02-08 18:36:44,2018-02-08 18:50:51,2018-02-09 21:41:50,2018-02-19 21:43:24,2018-03-02,c4c14d1734ff3c369881745dd0e96159,2018-02-08
80c54b49eb28ef498e5076bb0a7ca24c,fbaf9e9c575481dc74d37c517fb43f6e,delivered,2018-08-05 11:42:29,2018-08-05 12:20:05,2018-08-06 18:18:00,2018-08-10 17:03:12,2018-08-14,9d76aaca6dc4b936615ca296c7287a68,2018-08-05
dc303df898b2e4f80f8596f6f77c2373,22eb58040e81aadaab163fe50e1231b1,delivered,2017-12-02 23:10:19,2017-12-02 23:45:51,2017-12-05 01:06:31,2017-12-06 14:34:04,2017-12-20,da96fbaa126cc9295f42ec16187b2ba7,2017-12-02
19247443a7dfd6e4475b0e9b3fae86de,db44d450b483eeccdc0873434be0b954,delivered,2017-09-22 16:15:54,2017-09-22 16:30:22,2017-09-25 22:06:33,2017-10-05 19:45:52,2017-11-01,ca3973f10a5fd8e4def41200918efb9f,2017-09-22
fb8c006ccc9a5c06f63dc31bb472daf6,9fc8fc3c12de47e3fa73de21a6e86f4e,delivered,2017-08-22 19:37:39,2017-08-24 14:26:14,2017-08-28 17:33:16,2017-09-06 20:14:12,2017-09-18,872104e59321d8928cfbca9c16776b2c,2017-08-22
576882ceaf82e014aa28d9909f9d1636,6e798f3fa256eca7e38845268f8470c7,delivered,2017-05-04 12:04:42,2017-05-05 02:32:42,2017-05-05 14:32:51,2017-05-11 14:32:29,2017-05-25,6ae255e53faf74fc94493679ed743211,2017-05-04
b7d161c2d8850a5c429ef63f992193d2,69e79c2e874c0c995d596d47bb605889,delivered,2018-07-13 15:26:30,2018-07-13 15:35:18,2018-07-16 16:42:00,2018-07-21 00:34:50,2018-08-02,0117fc67656c020dddef928c878ad5e3,2018-07-13
0247aa98317f60908e99f44e7a2a4896,c2a9d304ac6f6c83a1d58953845a94b0,delivered,2017-12-08 11:32:44,2017-12-09 02:37:23,2017-12-11 16:38:52,2018-01-08 23:13:13,2018-01-08,001ae5a1788703d64536c30362503e49,2017-12-08
6e4867ec1116496a05dd3051994fa325,e6c569252b44b3a6528be6af74846dfe,delivered,2018-08-18 01:21:38,2018-08-18 01:35:08,2018-08-20 16:47:00,2018-08-29 23:12:04,2018-09-10,025d6eda479e8fe58f6f9c334f86712d,2018-08-18
d57afd1eb0696854d3351e5926aa9813,58a556973edd562151f3346d527427bf,delivered,2018-02-20 08:54:23,2018-02-20 09:07:31,2018-03-08 01:33:41,2018-03-16 19:16:57,2018-03-14,e9b52a3e2e946860b103b1b30fa86429,2018-02-20
8d07b1d889f9478843ef1881587a5bd2,1752f1f3bfa32411eee01caf092db06c,delivered,2018-02-18 14:07:08,2018-02-20 07:07:10,2018-02-20 21:07:29,2018-03-19 21:39:47,2018-03-22,7e3187bf0cc14a8b48af466b4c8e7405,2018-02-18
7ed12a1423ed9b6c596c5e0e2f92dadc,a62e1ccc71dbce6dd7bacecf6941ac32,delivered,2017-07-23 13:46:10,2017-07-25 03:45:43,2017-07-26 16:33:09,2017-07-27 18:12:43,2017-08-07,6b6cbf319617e3cbcb8b2bc7e36173a1,2017-07-23
607058c64490de01be8019dfa31a25a2,e63417634e8ed5d4a0ac4c2472659e07,delivered,2018-07-09 18:42:06,2018-07-09 18:50:20,2018-07-10 12:52:00,2018-07-13 12:32:39,2018-07-26,3f3bf8f73d332a80cb1e892344325e15,2018-07-09
306193c0f58d9f95461c43563b65166c,601f0d17fa986363bc18f776bca2d709,delivered,2017-10-14 17:12:45,2017-10-14 17:28:09,2017-10-18 20:14:50,2017-10-19 19:59:14,2017-10-26,377b9a67d0decf21cad74c2b44a13448,2017-10-14
b1d6c125e1ba110f139e7dfa4146f787,83857ffbd031e05ba434ec824ebe70b5,delivered,2018-06-28 13:33:26,2018-06-30 02:52:25,2018-07-05 10:07:00,2018-07-12 15:49:44,2018-08-03,570d281edfea10f6512b40b0a2391e76,2018-06-28
ea639b1119b066a5966041d2367ce1e7,2a8e6bb4efdcf4ac252e81658f1eb003,delivered,2018-06-01 19:45:08,2018-06-01 20:11:23,2018-06-04 14:21:00,2018-07-16 23:48:41,2018-07-13,e5f507134c173e28abe7cb4b71c7c5f8,2018-06-01
3bb8ecf664bfd847878cd39b191d5b79,803c5200acf6cbfe01c1ab5ef98e2351,delivered,2018-03-26 08:35:15,2018-03-26 08:47:38,2018-03-29 21:51:54,2018-05-05 15:58:37,2018-04-23,56d712095533382d8543d34592f00118,2018-03-26
b53db5bfc01973bfc623da8c9a5b1094,95d92c3b47e281a45ac183a97e55e054,delivered,2017-04-12 21:21:54,2017-04-13 21:25:13,2017-05-22 13:20:28,2017-05-29 11:04:47,2017-05-22,a18fa8c6c5254fead9839b4abd839880,2017-04-12
5fab73b31e4fd43344a3f2fa650807ce,10d723bb23836f3aeaba6c95810b120c,delivered,2018-01-02 17:47:14,2018-01-02 17:56:42,2018-01-05 21:38:33,2018-01-13 00:56:03,2018-01-26,6a9d8a91d30c873d11a840b69d876163,2018-01-02
3ae8930ee72af8e7345cc74d9845ead3,0960fea21c3d02f92b107446acd74223,delivered,2018-01-21 19:00:30,2018-01-22 13:57:12,2018-01-23 17:46:49,2018-02-01 01:23:12,2018-02-20,fabfe393bf39d86d31d45030cc2d8726,2018-01-21
eb16480bd94a5fbe4e96614791306ec6,337cd2f8a2f933b6707f90c561990099,delivered,2018-03-04 18:51:09,2018-03-04 19:09:06,2018-03-07 00:48:57,2018-03-08 20:28:36,2018-03-15,b26ce1d62372d6db9c27a86188e0529f,2018-03-04
c75886866a89a0c9a04fbcd4699f3772,19e0b32ab46adbf4c0a65588e5e05b4a,delivered,2017-09-27 18:56:35,2017-09-27 19:14:10,2017-10-06 13:39:03,2017-10-21 12:43:49,2017-10-30,c968cdb924339d7a42e0c448153b72cc,2017-09-27
de98a626981e2086824e16ba939bf641,f09c225bfedecea0f4f836331479a65c,delivered,2017-12-13 13:55:30,2017-12-13 14:13:52,2017-12-20 17:12:03,2018-01-08 18:20:05,2018-01-12,d3285f44137360acb86b886cf4624218,2017-12-13
b8a3faed0f5c557b7d0e55a9040c684f,5959f73682e3e39e2e1384ec6b77540d,delivered,2018-02-06 21:40:18,2018-02-08 07:50:35,2018-02-09 19:34:06,2018-02-21 21:42:56,2018-03-19,1f54f304e60b0d852e6cb92d5a727408,2018-02-06
cf307f492c4cc991cceb55f6c2a2370f,ca5f917f62d02f04d32f056723123cec,delivered,2018-02-14 15:59:15,2018-02-14 16:31:11,2018-02-15 00:48:58,2018-02-28 21:08:49,2018-03-09,68f3a52343959c68d75e042cf82726cd,2018-02-14
46a82de7cb247602021cb71731323fd4,8a46409d77e905aa6359b32873fd2a1f,delivered,2017-09-22 00:10:18,2017-09-22 00:30:17,2017-09-26 20:43:27,2017-10-03 22:03:01,2017-10-16,2ee8e4dc2718c9e0926901f05277d35b,2017-09-22
170130a20f16a39581bba39d938d2e25,b33048573f45345486965ab1963311c5,shipped,2018-05-09 16:21:15,2018-05-09 16:57:29,2018-05-11 12:13:00,,2018-06-04,a2e392db5c7c71fa3b719bc71b73faa3,2018-05-09
03d409e5b5b19ae88c43b41b503fdc5f,f1a3c6f8513df212602449fa07d582fa,delivered,2017-09-04 16:49:14,2017-09-06 02:55:29,2017-09-06 18:34:00,2017-09-08 17:36:46,2017-09-18,c15854d47adb3113dc35ae6559d4c57d,2017-09-04
d71b1c42c6f9f86a5a60c831f0824337,a1f9506b4302736a8c61b16952bf3cd8,delivered,2017-07-15 13:18:06,2017-07-15 13:30:13,2017-07-18 13:16:30,2017-08-01 18:27:37,2017-08-10,5bed8eff61ba2d4873c6c72aa623b429,2017-07-15
67d6c5d86ba37be6774ee81dc0bed780,99dbdde50aa099bb65865d1d444bea15,delivered,2018-06-11 21:32:12,2018-06-11 21:59:39,2018-06-20 15:20:00,2018-06-28 17:44:23,2018-07-30,0ceb75853abfb1e768f2c87d8b89efd0,2018-06-11
e11dead0c183b7b8da09f6b3039ea730,e559ddc91d9410c38d576e423ffbb67b,delivered,2017-02-09 10:40:05,2017-02-09 10:55:14,2017-02-10 11:09:01,2017-02-14 13:08:44,2017-03-10,de53649541ad2006de823720ad65ca77,2017-02-09
4cc5e60f36ca3bdbb07ab8a3c490e15d,500c2c3876ee69c5d1eb3084c545c467,delivered,2017-03-14 14:56:03,2017-03-14 14:56:03,2017-03-16 09:49:45,2017-03-21 21:23:45,2017-03-31,1590457b4be348b165ff7030a6f94dce,2017-03-14
a722dd5ab3a3cf4065a47d75a502fdab,9f8713bb5653423221f0c56370f9b12d,delivered,2018-04-02 14:56:53,2018-04-02 15:11:53,2018-04-04 03:18:34,2018-04-10 22:52:48,2018-05-07,8418b8ecfc9702b5eacddc5e75a4dcca,2018-04-02
fcab87cc4b99e2bf27ba067107607f7b,65bb566a171a30602dd73dc55f8fbfae,delivered,2018-05-05 14:30:27,2018-05-07 16:12:56,2018-05-08 07:24:00,2018-05-11 17:34:48,2018-06-01,8299b6cdc825e7185b3f96f3687bd745,2018-05-05
955e699346529d6bcc53773764526cdf,2e463a81ed58e3ef5e49ab14d311f9ed,delivered,2018-04-04 11:51:57,2018-04-04 12:11:42,2018-04-05 16:04:20,2018-04-09 22:07:43,2018-04-19,9310cba398a2ffe3d9961e58bc0dec67,2018-04-04
ee0d500361ede7d039d9ce2eac9b8f99,c1884edad7ac84fd6d66a350977f6c27,delivered,2017-11-25 10:53:06,2017-11-28 03:31:36,2017-11-30 21:18:54,2017-12-06 23:05:41,2017-12-21,8972983f6642f70abccfcc8e3978804d,2017-11-25
8c05fe795783a73c159dfddbcf910689,6db9ffb75f1ab4e8ff22cd38c5c32579,delivered,2018-01-11 15:19:31,2018-01-11 15:29:22,2018-01-24 23:48:04,2018-02-05 19:14:47,2018-02-09,81d8b633535b84af3d145ffcd021dc4c,2018-01-11
d8764a0bfdbd63c0dbcb665b8eafb7d8,5a9b4246a7ab1a2994158a7f5d0e5a17,delivered,2017-10-19 12:09:46,2017-10-20 03:05:55,2017-10-20 18:57:51,2017-10-25 19:04:07,2017-11-07,c8d499fd34360bfb33eb2d7dab386445,2017-10-19
38b7ab73ffe50166a40179ecf80bfdc9,e29647e5f2967fa8de0b7cdc6c243ecb,delivered,2017-12-08 00:38:27,2017-12-09 10:34:23,2017-12-11 22:12:55,2017-12-15 22:19:10,2017-12-27,c669d1db6dffe257a12bda55de6dbd33,2017-12-08
f008d12c8af46ec384fe7917b2991f7f,250952be8a7484ea9352534be9f2b587,delivered,2018-01-10 10:04:46,2018-01-11 09:56:36,2018-01-11 20:09:58,2018-01-16 20:26:39,2018-02-02,1cf2f742188fbab50c048fda206afbdb,2018-01-10
ac8c9e8feb6a2a05ba155bc1e346843b,e1e93afb20eba9f6e5a8aad973d0e457,delivered,2017-12-10 12:17:23,2017-12-12 03:49:44,2017-12-15 22:51:27,2018-01-09 21:17:48,2018-01-16,059e0f6c22a36c98be342c280b7588c2,2017-12-10
df0558355915aa6d41e3eb7067957978,b5157b9f9688400a393d5afb2e4fb44d,delivered,2018-02-20 11:02:32,2018-02-22 02:31:05,2018-02-23 19:15:40,2018-03-14 15:27:05,2018-03-16,be7a16c7ccd68bf7b6134a221d2506bd,2018-02-20
11b5318df1116986f383f6c6710a3238,bdfa6b6351a89a8d9381608d2ee5abea,delivered,2017-04-19 10:40:13,2017-04-21 05:16:10,2017-04-25 13:01:03,2017-05-03 15:17:47,2017-05-09,29ed11de90af3b8dfa3068a5c2792795,2017-04-19
f802f0454d62d229a457b29f0dc41173,08a877734f7083608a6db968a06ebe8f,delivered,2017-10-04 20:20:39,2017-10-04 20:35:09,2017-10-09 18:35:14,2017-10-11 20:46:54,2017-10-23,6fd5bf76c627f3222f09700d1988865d,2017-10-04
352d96ca187708670e0f8ec35af10421,a66b6159d86d6545fc29ecfda546b4d7,delivered,2018-05-20 14:21:06,2018-05-20 14:35:13,2018-05-22 06:18:00,2018-06-13 02:28:30,2018-06-08,9fe46939902214ee5ade4b3d17b86276,2018-05-20
9917a4ec1326b36d3ed615c06c839870,6f19e60a4a9f73d51b95752599f1d0cb,delivered,2018-07-17 08:49:56,2018-07-17 09:05:15,2018-07-17 15:45:00,2018-07-23 21:21:53,2018-08-01,e04378e23b36f23f80830f070f517b0d,2018-07-17
3a6d328a690186c43b5d2971a2d495b5,32a3ada5122db707af954598a05fb6f1,delivered,2018-01-29 00:37:45,2018-01-31 13:32:35,2018-01-31 22:19:49,2018-02-16 22:27:54,2018-02-26,6628bd2ba0521a906591b716e6b63fab,2018-01-29
ecd6e336e4e791c637319f60de98bef2,bca1b06b3c1249cf30d61543e7eb6d29,delivered,2018-05-05 16:45:39,2018-05-05 17:10:15,2018-05-07 11:00:00,2018-05-10 23:28:27,2018-05-28,4cc460b417f82668c7bfd1b2d8bfb189,2018-05-05
0bc71f9d1d261859e298454e14b3775d,e9aee3238f4c107c7907f169ba18bc13,delivered,2017-05-29 19:12:01,2017-05-31 07:02:38,2017-06-05 09:12:22,2017-06-16 09:11:57,2017-06-27,1e5398e6f92206cb1cf6c0b54f8a702e,2017-05-29
4f715c773fea2bcf2f4b9fa246ae5c12,3a68eec330b1d5cf3e82f4ecab77947d,delivered,2017-06-03 16:21:36,2017-06-03 16:45:47,2017-06-05 12:25:56,2017-06-12 15:59:48,2017-06-26,26171b6533f458799d5dc08df877491a,2017-06-03
5659543f2c384877607595dab0690d5d,4b5887808bfa4aec1089a607cf5e0398,delivered,2018-06-20 17:38:09,2018-06-20 18:47:22,2018-06-21 15:37:00,2018-06-27 16:08:38,2018-07-24,63adc4def3cd3c39bd83083d737d98b5,2018-06-20
660d34c91c18d67ef8ceb65f2c4c433c,a8b9ef5c2372a6355e6bb3cea1dac02f,delivered,2018-04-07 14:17:29,2018-04-07 14:30:18,2018-04-10 08:58:27,2018-04-11 18:26:32,2018-04-24,89a849f3bed91ccdf5e59901d0510071,2018-04-07
d4550a84368a296d44630ab6e29c6999,1abfdac3f8679e9df8e679a10e7e392c,delivered,2018-08-26 13:26:12,2018-08-27 13:30:20,2018-08-28 14:16:00,2018-08-29 19:41:30,2018-09-04,efef54930930d81b95bab9d149b602a0,2018-08-26
b86e22e5e3a066c2ed4ccf5ac6553481,fdfc7165e786e2e3cf6bc17dca28d774,delivered,2018-05-17 17:34:16,2018-05-18 02:14:41,2018-05-18 15:20:00,2018-05-24 16:41:40,2018-05-25,ecbbd07f23eeadfbd5c429cf679bf993,2018-05-17
0e83ca298ee53c0b92b5d46350262470,c58f1066bbea8063d18312d59f73882a,delivered,2017-05-16 16:01:38,2017-05-16 16:15:18,2017-05-16 16:27:18,2017-05-25 23:39:41,2017-05-29,b0fe3e57f542f0b451ad4bf8b0933d12,2017-05-16
fb233ad89395150ee1cd3e1e90906dc3,057b7af3b6a1b7ff16306e3f9980daa8,delivered,2017-08-07 10:57:20,2017-08-08 04:04:22,2017-08-10 17:04:13,2017-08-17 17:58:18,2017-08-29,8c32de635e261bfa910857170363ce59,2017-08-07
3dc4c0506f878aebd3490dc72c1e77e2,4fd171832e04a926973b2148c536ffb1,delivered,2017-07-27 08:46:06,2017-07-27 09:50:22,2017-08-01 18:32:32,2017-08-10 17:43:06,2017-08-16,1c0acee0894cffe97d6700d2d2eea566,2017-07-27
6c5cccf873a409e565ece5d56bf5a49a,341babf15f52e484fe4767376cdce1f6,delivered,2018-06-27 19:58:30,2018-06-27 20:11:45,2018-07-02 23:51:00,2018-07-07 17:28:43,2018-07-25,8491be4ed053949ecbec1bc620628f1c,2018-06-27
fd7a23284efc47d1c49b2c1cc6ed4cb4,8ccd46cc8be33674f7a7877cba04c34e,delivered,2018-02-28 09:36:33,2018-02-28 10:10:56,2018-02-28 19:24:24,2018-03-12 16:32:02,2018-04-04,a37e505cafd500bc50d4309bd44b3fdb,2018-02-28
fbbc9a2991b4a6a0fdc9ab30c4c0b7af,0f87f7e421b2b02d9e50a6b3a661559d,delivered,2017-02-24 22:43:48,2017-03-02 03:50:32,2017-03-13 12:47:44,2017-03-15 16:07:41,2017-03-22,254f7ec2a973703d2add3ef1fb3cb0b5,2017-02-24
4f211215000592921381e69e480acbc9,c29001d4ef8fec0b038cbae8d53a7028,delivered,2018-01-05 14:06:08,2018-01-05 14:12:43,2018-01-08 19:29:56,2018-01-09 21:55:11,2018-01-23,1fdaf39bd79c89dd99473afeddbcf9e7,2018-01-05
e0fd296b15be54dfdffe8accfcd8620e,48fa9cb2371de8de60287de50f79c74e,delivered,2017-07-13 07:04:49,2017-07-14 02:25:40,2017-07-17 16:41:27,2017-07-26 00:05:53,2017-08-16,1a71d6e458cb1c86e15b04c9599923ae,2017-07-13
6a5b5b3fdbfa3701498dcddf6979dff4,7422f90b30b7fd4c519f7645a10c2404,delivered,2017-10-21 18:50:25,2017-10-21 19:05:58,2017-10-24 21:36:05,2017-10-31 23:06:10,2017-11-14,d684856204b891809215375ac349fd03,2017-10-21
2d5ae830c6d01bd20fb19d16cef10ce3,1aa4931994ecbbd3ec57dacac0d7bc08,delivered,2017-11-24 19:21:39,2017-11-24 22:33:12,2017-11-28 22:22:01,2017-12-05 18:10:16,2017-12-14,5b995a832b84871450765d5ad8afb3b1,2017-11-24
8b4fc455b9a8cc1559dca8dd2d392ddd,98b4b785e83226f87856021a5f669283,delivered,2018-01-12 18:55:39,2018-01-12 19:08:46,2018-01-15 18:54:06,2018-03-11 15:32:37,2018-02-08,f341780a74adb200c79df0cb43c23311,2018-01-12
ec8dc4f5713960055446535c7102fde9,13b8e153aa2661809c32c7bbb75c2674,delivered,2017-05-01 11:19:07,2017-05-01 11:30:22,2017-05-02 15:56:46,2017-05-09 14:27:05,2017-05-25,286f68deaed72fcd74c89cffc9e02e35,2017-05-01
d7dde398a6dd964e449d06ce77cbefac,7d5d6cb399a372b0d4cba689204ffa73,delivered,2017-04-09 22:51:08,2017-04-11 03:42:24,2017-04-19 07:49:03,2017-04-28 10:53:46,2017-05-04,13297523037b589caaec95130f4bc37c,2017-04-09
09daf6c53d9fa98e18b67728b86a7848,8d71726a694b711311fc6dee2f28ed14,delivered,2018-01-22 11:57:11,2018-01-23 11:51:06,2018-01-23 23:48:52,2018-01-26 23:06:59,2018-02-26,a829f670f22dce154b3d967a5b138ce2,2018-01-22
36beeab200d5cfc98103d1fe0b00669d,4832d444151b8c5bc742398ef2976be1,delivered,2017-06-07 09:34:22,2017-06-07 10:02:30,2017-06-13 07:45:52,2017-06-22 17:38:00,2017-07-12,f7797ff55ecdb89dff80ad0ffb2471c1,2017-06-07
a733b21b193138d300d317f855e1d102,bb09e829d0921e3e6ed7ea93a57a9678,delivered,2017-02-26 11:13:18,2017-02-26 11:25:13,2017-03-01 07:27:59,2017-03-04 07:17:39,2017-03-23,854a44ab9b7ec8fb28c539c51ae16725,2017-02-26
c7f9d26b8af0469ef75b9f5acd3b31ad,bd48e68a292023a7e00a52196b77d9dd,delivered,2017-05-17 16:08:55,2017-05-18 02:30:47,2017-05-18 12:15:18,2017-05-23 11:28:02,2017-06-07,313febe2adc914a7cb3f6e903f8e13cf,2017-05-17
aeb4ec5f0696847ed2357f26abeb5a62,2ac065cbd96608d279af3d61ad96b3db,delivered,2018-08-02 12:07:17,2018-08-02 13:15:12,2018-08-03 13:14:00,2018-08-04 20:34:53,2018-08-07,eac0d6a5f0864123464fff8650e03872,2018-08-02
3b3725fa3dfc009ca1e6ebc503a0bd16,214da6d258e415ee782fd14c108be3a2,delivered,2018-08-04 20:26:33,2018-08-04 20:44:16,2018-08-07 10:44:00,2018-08-13 17:57:39,2018-08-21,486a411f40fe3cbdf049451bd713d2be,2018-08-04
54467f436875fa3701511ca9b24213bf,286131272a9af4b27a80c43b7c0ff1db,delivered,2018-02-14 00:09:38,2018-02-14 00:27:47,2018-02-28 20:34:19,2018-03-09 20:03:56,2018-03-19,7623a77452d70b0794b8d4d20a2366cd,2018-02-14
89741980c62aa4ee1bedf37ae9d86c07,ed7f4cea352af04e330462bdc62de02c,delivered,2017-10-25 15:06:48,2017-10-25 15:33:45,2017-10-27 23:03:26,2017-10-30 20:21:12,2017-11-13,7042babc504c3f7bdc6e77ad44094c6d,2017-10-25
fd4479a5be5a0b3caad350328c719cc1,780fb7cdabcbcf7c7d94e3e4ae1fd577,delivered,2017-05-23 12:54:51,2017-05-23 13:10:10,2017-05-26 09:04:21,2017-05-27 11:42:27,2017-06-06,73ddb9ff4ba1c664bc9418b4d65b3a1c,2017-05-23
785b7df518015708aebc146bd8e8a26e,67499245ee845319c6a71db779fbc4c5,delivered,2018-02-27 16:18:58,2018-02-27 16:35:42,2018-03-01 21:49:08,2018-03-23 23:08:35,2018-03-26,f210365d2b10289eab6df433a62ead1b,2018-02-27
a6bb9d1aab3f3b84ce39c8164836fc87,febca700fa4661a712a437ba656dffb5,delivered,2018-07-05 02:06:49,2018-07-06 03:11:22,2018-07-06 11:18:00,2018-07-07 17:56:24,2018-07-18,3b93b770a314d48d7f698a09cab03370,2018-07-05
7730b36921bb0194af950d724e330914,8ee2827a09d8954784a143ce31adb879,delivered,2018-01-04 15:22:28,2018-01-04 17:36:23,2018-01-10 21:25:18,2018-02-07 19:59:49,2018-02-02,8de6e7fe8239a4b0bc440c67ec7f5b0e,2018-01-04
a862fe780f3ed3292f7835882aad00b3,16c3c9fbca9023acba9f5b00daacc1f0,delivered,2018-05-22 20:25:50,2018-05-22 20:37:22,2018-06-04 14:20:00,2018-06-06 22:08:31,2018-06-12,374fcbbfcf189ae177b2f955f9e74b3d,2018-05-22
c5da9ed3db42d9ae4e1938ebd9f77a5d,f3e95129cd5b09e937f8509b87c0536e,delivered,2018-06-11 13:54:32,2018-06-11 16:31:48,2018-06-13 13:54:00,2018-06-14 17:26:51,2018-06-25,21d131a493c5fd8f33b58dda6c6ae95c,2018-06-11
527b28dd1cc06cd5f5d361c544909a40,51157afd140d7bfe150232e37a295eb5,delivered,2017-03-14 20:26:14,2017-03-14 20:26:14,2017-03-16 08:40:00,2017-03-31 14:54:19,2017-04-12,6faa792efdf7c9c6eb7cfdf68aa5e581,2017-03-14
43b1a119dc947cc0fbf512a8763d2c15,cf9d411ddeea9eb736d0c330efe0fbeb,delivered,2018-08-17 18:51:02,2018-08-17 19:10:31,2018-08-20 11:15:00,2018-08-30 15:32:44,2018-09-14,8539847c461dd9b6552e4391fabe7731,2018-08-17
343249b827e700995c0f620f5b51c15c,20d25a697a5ffc1a641fa0fa5d455b51,delivered,2018-04-15 11:34:42,2018-04-17 06:11:36,2018-04-17 18:16:48,2018-04-18 18:16:53,2018-05-03,51edd9d3ebf61099b23bbe25d4d81956,2018-04-15
3c557fef5b5d9315a99f7442ef013a8e,621d89fb61292d49317f4a4562a11f49,delivered,2018-02-14 11:52:13,2018-02-15 03:55:52,2018-02-16 19:59:29,2018-02-21 22:43:43,2018-03-01,d3882d7abd0c66064d740d7ed04dd1ef,2018-02-14
95edd52b3452d4069b0fbc8056f01daa,f6917e239b9f9f34309ae169d4adf084,delivered,2018-05-03 22:12:32,2018-05-03 22:52:43,2018-05-04 17:23:00,2018-05-07 21:28:55,2018-05-17,fde381fe79993303957d1fcf9cd6bf4a,2018-05-03
f255dee03c0e577afd1457dbcfe7c264,4516d9bb34161f0c224eed49b1e0aee2,delivered,2017-07-12 13:15:37,2017-07-12 14:03:38,2017-07-13 18:57:49,2017-07-18 22:44:52,2017-08-01,847776bc437d1904d40a502fd7c982b4,2017-07-12
1e183518cf69a3f47a8f2de2105a1c16,2472db5dcd1737948d7c75037c8d9ebb,delivered,2017-11-22 20:58:02,2017-11-24 03:12:17,2017-11-27 16:47:01,2017-11-28 19:39:58,2017-12-04,99eb34555f2b022b5c8cf242b9802e78,2017-11-22
b6403787453855be6332055dc2d6bde9,219bdcd9e62deb3224eb3a2963b89c0a,delivered,2017-12-13 15:22:11,2017-12-19 10:31:29,2017-12-20 21:22:07,2017-12-27 21:38:40,2018-01-15,900ba6f9f288dd56e13921a55cebd4ca,2017-12-13
ae0913baa54f18027667d8049c36fde2,c6045ecabc5f74048d727035f82c3826,delivered,2016-10-04 18:02:37,2016-10-06 02:46:32,2016-10-21 16:33:37,2016-10-31 13:17:48,2016-11-30,0acb54b64345b37d81205175f3f3e779,2016-10-04
a61d8c257ea0d176a22ac408689385f1,74e7094ded3e3349ba44c02b78901d64,delivered,2017-02-17 22:27:53,2017-02-18 03:10:21,2017-02-20 10:24:05,2017-03-01 17:52:02,2017-03-22,4a8aec5fe43589b55c4e7f5f1550119a,2017-02-17
e26d15f63813b89371c9a65319cd5ca9,fd1e76e052af29aedd38a2b33af0a316,delivered,2017-11-27 20:21:56,2017-11-27 20:39:15,2017-11-28 22:28:26,2017-12-05 18:29:19,2017-12-18,cf67e25021c5d2d3be45274bb18c1b08,2017-11-27
1e219f956f9c6addbb50e09227473228,7c18b49687c8b8a12728b09900a3b8e9,delivered,2017-11-28 18:13:33,2017-11-28 18:32:28,2017-12-22 23:12:37,2017-12-30 13:13:25,2017-12-19,1559417929eaac509fccdd18c16cb0fd,2017-11-28
5eca24d683e367960eb71efa3fbad661,9ea2a797c45283fd341f1fc735499d20,delivered,2018-01-05 10:04:00,2018-01-08 06:52:29,2018-01-09 15:05:31,2018-01-20 15:33:18,2018-02-09,99231dacdb098a3e1feb77c042118457,2018-01-05
ef06e7945c6c75f875b06db75ea438cc,5868eb63b97a6fa6b79d9eeecceb08e9,delivered,2017-10-31 13:58:55,2017-10-31 14:10:46,2017-11-01 17:52:33,2017-11-13 18:12:20,2017-11-23,9266c1162160a9f89df9e70f2597b605,2017-10-31
f9a854036ac4b94b1a7f20abb47c8259,71f41a260a74dcae2f3da6f20e8f1b5a,delivered,2018-04-24 07:39:48,2018-04-24 19:17:34,2018-04-25 12:24:00,2018-05-17 19:41:58,2018-05-28,7c164b4dad69f0e0acec435183444113,2018-04-24
e0017093576ff7e25777c2d023eb1cd9,0bfb2278d83ff358645a588158d39b8f,delivered,2018-06-26 14:57:28,2018-06-26 15:16:21,2018-06-26 14:50:00,2018-06-28 21:48:51,2018-08-01,b1fa8a69946f10ba9b6010afde8f4762,2018-06-26
d43472e081e497455a0b707e249ce567,b2c2afb111af6e0f4fc365860ad22537,delivered,2018-04-01 11:51:21,2018-04-01 12:07:30,2018-04-04 19:58:38,2018-04-16 18:34:45,2018-04-23,6b93b87b38cd00d88bba92e075330fc7,2018-04-01
372ffaa162f256187848bfa1d66b6808,9132e57f9a51cf382ef609835a24aa2d,delivered,2018-01-22 20:24:43,2018-01-22 20:37:29,2018-01-24 19:08:05,2018-01-30 22:38:23,2018-02-14,95ccc510f68e05d7ecceb58a4f37558a,2018-01-22
f84232f2c6e04020713dcf02f3532f3a,bcaa0dd68f572f199c618b11b0013656,delivered,2018-03-13 10:37:23,2018-03-15 03:30:41,2018-03-15 23:28:39,2018-04-09 21:33:16,2018-04-27,959c432a32028f13939b7bfdb25162e2,2018-03-13
064df82a5ad596912cc304c6c72a42bf,0c8af5a21f97e8702d8a49fc3232036b,shipped,2017-02-26 14:26:14,2017-02-26 14:35:16,2017-03-01 15:24:52,,2017-04-03,10543702272713afb6d70e53d48237cc,2017-02-26
c86ed3d96b3e082f9cd03138001af2d6,18df310319efd9086e54391a5cc4fb82,delivered,2018-07-31 19:35:04,2018-07-31 20:40:15,2018-08-01 15:58:00,2018-08-03 23:22:47,2018-08-03,2503bd9d9031e8c9297d1b43d0c1711a,2018-07-31
ec8e9a10b613682c45e614fd392bb666,2986e0dcdf8b36c8fb8a591504ddb0aa,delivered,2017-05-04 11:01:02,2017-05-04 11:10:18,2017-05-04 11:49:26,2017-05-16 08:33:55,2017-06-16,3cebc638abdd92da9c304b8250bdcc7c,2017-05-04
1d35b9b8088b6c9e1fcff77fdb44ef53,875858cb4fa77eb349a94cb42d3303ad,delivered,2018-02-09 17:59:02,2018-02-09 18:20:26,2018-02-17 02:37:58,2018-03-05 18:21:53,2018-03-09,c1ec8a554c30f17eb209bd09df0d98e7,2018-02-09
e0aa66d7588bc46f68bf32d34ab6562d,03e5e57dd377a3da84cec48a7bbfba2a,delivered,2018-04-27 03:45:31,2018-04-27 03:55:20,2018-04-27 12:50:00,2018-05-07 20:38:51,2018-06-07,ba05c99cbfde258253cda5241f21136d,2018-04-27
35e29aad915d0ccfeeb308572ff8fe79,f0c584bdbe6bc2d65a3906a25191b07f,delivered,2017-11-04 12:02:38,2017-11-07 07:30:38,2017-11-09 18:48:43,2017-11-17 16:12:57,2017-11-27,36a9da4891b799387b6e7d59173ab8b6,2017-11-04
1fe230babd9febb264d12c9f2977820f,a467bc7fd76fd535a481eb469b97c404,delivered,2018-05-01 22:01:22,2018-05-01 22:16:39,2018-05-02 11:23:00,2018-05-03 17:46:25,2018-05-14,c6cc35f352f309959232a97ec4317572,2018-05-01
1f42f4d540bb667dcd3bde1a50c9e442,2d1f6ddb9f55c993ef3f71eec46464fa,delivered,2018-07-13 14:02:37,2018-07-13 15:04:07,2018-07-14 06:41:00,2018-07-25 19:51:56,2018-08-06,aa7f5c2ed901ed8a70b55492f7d2b041,2018-07-13
e05832d71fad97ae7744fc444ce72075,054bd8842309379cd9f34431efde1239,delivered,2018-03-17 08:15:57,2018-03-17 08:49:41,2018-03-20 01:41:45,2018-03-21 19:18:59,2018-04-03,bac1f311e403ffbccc91a3faa105a936,2018-03-17
75bf0422b7fb2244c7ddb0ee73e8e8a8,c1cd6c7fef540804e13d14089d18c0a2,delivered,2017-04-06 11:40:49,2017-04-07 03:22:42,2017-04-07 12:31:21,2017-04-12 16:29:06,2017-05-02,2b991d566a6300b5f1f914111405b62e,2017-04-06
43337ecfe7c181f34129b75c7c96a557,3baded4af7acec322d1c4eb8b405a0b4,delivered,2018-01-25 16:53:00,2018-01-25 17:13:21,2018-01-26 16:05:55,2018-02-09 15:34:18,2018-02-22,504a5360578f4abc1d58b7cfc630f715,2018-01-25
5210b81b464dc0a92a977632cb6e8a6e,f3f1c09000ff5b8301e6b7918e4f2cbc,delivered,2017-07-23 15:56:36,2017-07-23 16:10:21,2017-07-26 11:21:41,2017-08-14 15:36:31,2017-08-29,b7b162291adff744d6f3c6450557ffee,2017-07-23
410d704bdcbe2893fd5ad73fe8166f43,0424e2f81bdfb77d7c11c3f447c7b241,unavailable,2017-12-10 15:25:51,2017-12-10 15:32:40,,,2018-01-04,bb6ffa5f9b68665f0cb238ea298092a3,2017-12-10
5e6e3eec3b411047e8c1c16dd5b97b02,73fb4721b557cd1ec5661ad24b51de1e,delivered,2017-11-28 21:32:25,2017-11-28 21:51:28,2017-12-09 00:34:04,2017-12-12 16:48:40,2017-12-18,0e2fb051db7bc570fbfcf340943b1f26,2017-11-28
154029fef0e3e2f72ef09775cc9d1af1,8179ff67fa0372e2cbc68facbb47ff62,delivered,2018-05-22 11:29:21,2018-05-22 11:53:51,2018-05-22 10:46:00,2018-06-07 20:58:39,2018-06-21,28aea3e12549a3611bbd8d4e3310e4fa,2018-05-22
e5040a92f4219085e9a7a4b6416512de,9bdb0069e23264eb579afde1860b0dcc,delivered,2017-12-13 09:29:56,2017-12-13 09:38:26,2017-12-21 00:47:08,2017-12-29 15:23:43,2018-01-16,00e04d8e3aaa5ffab327612642ab4564,2017-12-13
817aec5fee39a2d4968cb6c48bad78f1,616c3d715afc55e0ae24fcfca7780796,delivered,2018-05-16 20:57:35,2018-05-16 21:14:08,2018-05-17 11:22:00,2018-05-22 17:42:11,2018-06-06,786ccad63616e631472911d4762363f5,2018-05-16
4de51073bc1cd11e85fb03f29508b308,fd650b09ca50cbec651acc566907b2b4,delivered,2018-08-06 17:14:50,2018-08-06 17:25:45,2018-08-17 11:33:00,2018-08-24 17:11:48,2018-08-29,5c592a4a6e10497444ac1f7c46d8c51f,2018-08-06
80b430d0029bb33110ac31d60e87e0b8,f29399e2ba4959552fe86d37c46bb8ea,delivered,2017-11-30 13:37:52,2017-11-30 13:56:33,2017-12-01 22:22:31,2017-12-07 18:43:46,2017-12-27,e72c6b15cf8eeca01a5874dedbdec41c,2017-11-30
e0fe96cb5635977938491ccfe7cd60f0,d81f3fa255fdfa20d57eaf95528b9533,delivered,2017-12-04 21:26:41,2017-12-05 10:30:44,2017-12-09 17:54:26,2017-12-14 15:13:59,2017-12-27,7f38d02baffe26c567bb9a37c0d08104,2017-12-04
c8561f97a8ae2c73be7dc1a013203192,1a7b562e49d93966444db2704cdd5632,delivered,2017-10-19 19:45:40,2017-10-19 20:05:06,2017-10-23 20:37:56,2017-11-03 20:38:32,2017-12-01,02f74d858140191b360bddd6310357db,2017-10-19
a05690d552685ceea5a59b90a278823d,3177b0de4bbcd569c2f5a0382564beee,delivered,2018-02-22 08:27:48,2018-02-22 09:08:45,2018-02-22 22:56:54,2018-03-20 20:57:47,2018-03-14,516272105acd95d7c7a902edd496312e,2018-02-22
8022faf7630a575c5e5c6f0a7da78c21,e965ebcabb3aff4dd37de3abfe30644c,delivered,2017-06-03 14:32:47,2017-06-06 13:25:22,2017-06-07 13:23:22,2017-06-10 09:33:48,2017-06-28,0d01df34edc7a4c5d41d64546bf3b88a,2017-06-03
a4cae3a44a6aeebd2b30ccf5cf828d89,2cc1b7e403fc1a0c082900f0eb981ccb,delivered,2018-05-11 17:20:41,2018-05-11 18:07:00,2018-05-15 14:56:00,2018-05-21 15:12:35,2018-06-19,fea3fe25fcf1d736dc7b2cc72a0749e4,2018-05-11
5c0020b504a0fe54c58f9135380f6e6d,2d7d7ef5272cb7c9ec3f7aa57a2b2dec,delivered,2018-07-14 15:45:27,2018-07-14 15:55:16,2018-07-16 15:24:00,2018-07-23 18:16:32,2018-08-02,003162bf0351f47a1a247992b8b9b42d,2018-07-14
a396281033c0177b08e97ad5f3a8e485,e8485a5f227526d51e565b4d02cfef67,delivered,2018-05-16 22:59:38,2018-05-16 23:15:10,2018-05-17 14:48:00,2018-05-21 23:32:41,2018-05-30,bf8ca00c5d6afc2c630663d2fb399552,2018-05-16
a72c3152ab2259acdae64303a9a12efc,0a05250f6702d7949e237fa591546429,delivered,2017-09-05 20:42:50,2017-09-05 20:55:20,2017-09-18 18:41:53,2017-09-30 13:08:17,2017-10-02,8d692a436fa634e911ebb1e69bb0f481,2017-09-05
7ecfa19903fa2693cf01e180885b6235,23e090daa2ea17dcb009709652faeed6,delivered,2017-06-05 22:38:53,2017-06-07 02:35:24,2017-06-12 14:52:53,2017-06-19 21:25:53,2017-06-26,ccc9b20de34d924b23584f1b7fbc70f5,2017-06-05
670f7c6ecca0e570a8ad77f58515670d,2e865142221e631b4f080f974bd5db5c,delivered,2018-04-29 18:29:07,2018-05-01 02:10:23,2018-05-03 14:38:00,2018-05-07 17:28:48,2018-05-21,b5604c0bdd85b328152fafd223c7aff4,2018-04-29
ad47c55e7dc71d935ccff9650ff1beb6,77e155485a013b9fa61ac6b8305c4882,delivered,2017-10-21 20:39:37,2017-10-21 20:49:30,2017-10-23 20:47:42,2017-10-28 14:42:51,2017-11-10,cbb624db9e91cf3b7c20d324662e5269,2017-10-21
093974ced77f199dd42068d1adf5c359,9cc7c8d1d33ad6ae2a76f1c34ad512e5,delivered,2017-09-18 18:20:50,2017-09-20 02:11:09,2017-09-20 22:47:58,2017-09-22 17:13:01,2017-09-28,29171d5362ed0946228c199794309e88,2017-09-18
48fcd5dcb717aaea88e3a1d5a666abd2,c412d099f42add244db556ea7aa9a74f,delivered,2017-12-13 00:06:48,2017-12-13 00:19:40,2017-12-14 20:12:43,2017-12-20 19:43:57,2018-01-08,140349f48d58a4c5a30e66fe3da46797,2017-12-13
3a7796fe71a79bf9d4b0f0da69362ce0,ba0babb4c3c3ae5383fd29f3049d6bec,delivered,2018-03-06 18:36:26,2018-03-06 18:50:23,2018-03-07 23:09:57,2018-03-22 17:44:33,2018-04-02,c8297b383b588f4cf7754d833b70e705,2018-03-06
79b3ba7b7296b5c683e4ec7b173e4020,6f70f80d7b53b0e1f9fbd1966eeeea51,delivered,2017-07-05 18:01:56,2017-07-06 03:24:08,2017-07-07 14:22:51,2017-07-10 19:12:36,2017-07-20,9c4b6000c2b7f75753909d232d8e9bbd,2017-07-05
9296285ad7fc6a1f332b14294d846de7,df8e6c9af17b5106918747256f7326dd,delivered,2017-05-29 23:34:35,2017-05-29 23:45:13,2017-05-30 10:35:25,2017-06-06 15:52:09,2017-06-21,59320290aeb1ca17c488a7090a1c0944,2017-05-29
aa26b333bebbd16d5bbc7a070574be08,0e5ebac2ab9ea7902884df925ce4db6d,delivered,2017-08-17 03:26:16,2017-08-17 03:42:37,2017-08-17 20:22:36,2017-08-25 18:07:56,2017-09-06,9947c0ed8bf41cd508a78da36abc1d41,2017-08-17
bb39cd2f2f58e93ae10568be5cad1b58,ddf98a7aaeadf47dbd2a7fa2e82eb3ed,delivered,2018-01-03 22:50:18,2018-01-03 23:23:12,2018-01-05 00:32:12,2018-01-05 18:59:36,2018-01-19,766c81a2c833af9ca5fa917a7f1a506f,2018-01-03
e0ffd1287f544946a6a6a2dca083e37f,cc12f903cb4dfe438e7cda0765a8cbdb,delivered,2018-02-08 19:45:42,2018-02-08 19:55:31,2018-02-09 21:06:12,2018-02-23 00:08:58,2018-03-02,ed526515060fdd64cf35698e321386df,2018-02-08
977c422fe0aba1010810e690cf725b20,45f6cd0d5df906042e1828a4cd5a095f,delivered,2017-10-22 18:57:54,2017-10-22 19:14:13,2017-10-23 21:10:09,2017-10-26 22:19:52,2017-11-09,0f7e428084c3b6a570b7cac5627de597,2017-10-22
42f411d422812629088893b1dcbc9749,fc9359b44301eb7afc380dae1953a26f,delivered,2018-02-02 15:14:47,2018-02-02 15:27:46,2018-02-05 18:26:37,2018-02-20 18:35:52,2018-03-07,3bd6f8684d937e605f73b9975724d4ad,2018-02-02
f3da221e0d9a3dc9fc69c38ebc04e196,f4c3935dfb85c4e7bcfd3b13ca483e87,delivered,2018-02-24 20:27:49,2018-02-25 18:35:29,2018-02-27 00:18:43,2018-03-05 17:25:01,2018-03-16,0bc2fef7a4094dd837ae0cf47022504b,2018-02-24
6faf5506e03c48ca5cd8fec8b1d7d1f0,41018bdb3202b98952b12ecfc16b052e,delivered,2017-10-11 13:53:45,2017-10-14 03:28:26,2017-10-16 21:56:53,2017-10-23 19:04:04,2017-11-08,fd0b0f2d8971b0fa0f0a69ae49aaffe2,2017-10-11
3f68045e9395c1a77fc095c052080b71,44e1ce7c2312abc25d4aab8224ec8747,delivered,2018-02-28 15:28:14,2018-02-28 15:49:55,2018-03-02 13:12:52,2018-03-03 12:37:32,2018-03-13,2b4d62e5056439604ab140e662da21a6,2018-02-28
4bfccd93522d928f8732e455310da85b,3ec8cc6d30a0755af39886e37e4a872c,delivered,2018-01-24 12:33:58,2018-01-25 12:31:23,2018-01-26 19:16:22,2018-02-07 15:22:11,2018-02-08,66f4eec9da64df09009a7f397c2a32b1,2018-01-24
f53e84fa60220aea229c7a70f02e0320,78a8504550f2f036a4f13bd11483557b,delivered,2018-03-15 23:24:09,2018-03-15 23:35:29,2018-03-16 22:42:03,2018-03-21 22:16:45,2018-03-27,f0acddfdbeac2560f9e34b361959db78,2018-03-15
9bed4ab223c0c29b12941aa6a1e524af,c6e9208594de0ddb9c87118e75b7363c,delivered,2017-03-11 17:05:35,2017-03-11 17:05:35,2017-03-16 09:02:31,2017-03-28 15:58:38,2017-04-17,37df6cf2f4402dbea288315fb12a84aa,2017-03-11
7d899835afebf887c5884a7d4f1399de,6ab3b8f014bd8e778319d7f92bdfc494,delivered,2018-01-27 00:00:07,2018-01-27 00:10:32,2018-01-29 22:17:42,2018-02-07 22:28:34,2018-03-07,c8ae3e40b261b27bd678915f4b964d69,2018-01-27
c4451307baafd35a8fbd349339881a10,ce738845c4d6188c95f2091d90eac164,delivered,2018-06-01 10:15:58,2018-06-01 10:31:57,2018-06-04 14:19:00,2018-06-08 21:11:44,2018-07-04,0bc4269327570a9a28fe8e54ffabd3bc,2018-06-01
05f8021cf7217f1990addecad0e24b7a,1b4f0369610bd9e4d237aab3a993bdcd,delivered,2018-08-10 20:50:51,2018-08-10 21:04:25,2018-08-22 14:49:00,2018-08-28 13:08:52,2018-09-11,5d63628c95182301765aa1482b0293aa,2018-08-10
b7379296b019454685a1d8bbd412f36a,86d9162e0baa8145683f025c9164de46,delivered,2017-09-26 08:47:29,2017-09-26 09:04:28,2017-09-26 19:34:55,2017-10-11 21:56:38,2017-10-26,2cd976730265cbaf5705ad2d586ba097,2017-09-26
6be4566ff84c15f3069e3751958576dd,f6f01ab465348b0c30e6bc957311013c,delivered,2017-11-01 15:22:24,2017-11-01 15:30:55,2017-11-03 20:33:52,2017-11-08 18:12:19,2017-11-22,4eda116add853323e439c104b7d0824c,2017-11-01
7dbbb0cf6abae430040bc4914055c036,365d8633820f3d1ba6f2aa3628f623a1,delivered,2018-05-21 15:54:51,2018-05-21 16:56:27,2018-05-22 12:25:00,2018-05-23 14:58:42,2018-05-29,7752f494eaae9a4a1b33fe6aa4d04f39,2018-05-21
b06373098fedad1545401c91bf3af711,a736e75fc7dd3f81d02e337d2e6d35b7,delivered,2018-04-30 13:14:45,2018-04-30 13:34:27,2018-05-08 12:38:00,2018-05-09 19:32:10,2018-05-15,460d82eecf60cd15ba08b6e6c0bc680b,2018-04-30
2431a0e08b6e889d8acf165d559a4d3a,7236ea8b7c6721882ba4c28a427e184f,delivered,2018-05-15 10:45:09,2018-05-16 03:33:57,2018-05-29 07:07:00,2018-06-04 11:17:48,2018-06-07,597e54e653cbc1ce5df1e6d97bbc448c,2018-05-15
1dfc614ac8b1f459eef53dd1c85c2e53,05812fc855821b2f091461ede3d2a960,delivered,2018-06-07 14:57:56,2018-06-07 15:19:15,2018-06-08 14:08:00,2018-06-12 19:19:00,2018-07-23,f9717adc1e9a300641bf9dbbbfe68024,2018-06-07
599f88486aefa57adef7d260eb589778,3207464ad453b7068d8668810eca055b,delivered,2017-10-06 16:33:14,2017-10-06 16:49:35,2017-10-11 17:14:03,2017-10-17 17:54:50,2017-10-31,ac61313799cbdcce7029bae4717d08e2,2017-10-06
35d15795626a2c3faa8cd08ff3848637,e485496b2ad8aaa260a7af087d9db1ca,delivered,2017-08-29 23:22:36,2017-09-01 22:31:31,2017-09-04 19:05:56,2017-09-12 19:03:08,2017-09-19,0e324dd34836a0e6fe8bc308ac975e1b,2017-08-29
66ec1ee812f8f435480e7b0e2e54ebb6,f7cac87413a36fb4a06336f0ed964632,delivered,2018-02-12 12:12:33,2018-02-12 12:28:13,2018-02-14 19:58:29,2018-02-22 13:43:56,2018-03-15,a6a50d6e51a83372c79aa089f5105131,2018-02-12
029b1d3a355dec12cfed60927f076a9d,765e479faa5efcbc58b804c84c62cb71,delivered,2018-07-17 17:16:25,2018-07-17 17:25:19,2018-07-23 14:28:00,2018-07-26 20:18:32,2018-08-17,25c88b7eff936d6a6fed64142b760035,2018-07-17
4651d5acd5a3f7afd4619aef8d845d32,28bbfb348f7f0f1df39e79a95a6e1ee6,delivered,2017-03-11 22:18:24,2017-03-11 22:18:24,2017-03-13 13:10:25,2017-03-20 15:48:32,2017-04-07,bd3e19ee7cc9530f1f06fd2faa5609fa,2017-03-11
2c3723bb7d16a32dea44d6431d55ac68,bc55547f9f2fb026085824b7acddb9f2,delivered,2017-08-12 19:25:54,2017-08-12 19:43:43,2017-08-15 16:52:22,2017-08-31 19:46:53,2017-09-14,6c2ef020ebd597ed7829883ebd9d7717,2017-08-12
219db423b9c3ca26e1d379f41eb8cbc7,3525dbcee4c41a9376526a0db1ffe715,delivered,2018-04-03 11:08:30,2018-04-04 03:10:32,2018-04-04 22:03:08,2018-04-05 23:03:45,2018-04-17,42f48f56c6cc721d68078cb17a4fc925,2018-04-03
807e0bcda46d81432d5c84ae79bb1032,a1e65f5f12d39fd6d16d0f74cf754dec,delivered,2018-02-10 10:11:21,2018-02-10 10:28:07,2018-02-15 15:49:41,2018-02-20 18:23:18,2018-03-06,b784143b94566b06c7181f40ffa54369,2018-02-10
0ac51a16347f7a7497b799596ad5fab7,0107ed88ec010416e20cacf67d2c905c,delivered,2017-05-08 13:05:01,2017-05-08 13:22:10,2017-05-09 16:53:17,2017-05-18 14:13:15,2017-06-01,84720447172b234e7504da52ee639435,2017-05-08
008a40c2b8b21893e04945ce58854b55,a11dde3e6e22e6541818f5e81563bfc7,delivered,2018-04-29 20:26:41,2018-04-29 20:54:23,2018-05-03 12:01:00,2018-05-08 17:14:38,2018-05-28,5c88de047e539f2ed9a643b3c7522f14,2018-04-29
de52e5e01af9c33b04806dea37fb50d7,81a4c194b713c267cca9d68e81b2a672,delivered,2018-07-20 16:06:16,2018-07-20 16:24:19,2018-07-23 15:36:00,2018-07-27 20:44:38,2018-08-10,dd1d0bf4639f484a8044b303618e3516,2018-07-20
5ed751a2307994faf9dec6fea755e58d,8fbdc0ea3d82eccef184000af3dd06ec,delivered,2017-10-13 09:32:25,2017-10-14 03:56:19,2017-10-16 22:23:30,2017-10-25 03:22:30,2017-11-09,2021f54a47483b25fe2629c901a81995,2017-10-13
bfb252b3dd3e56fde4d0c9a31618323f,264ccafa6c46b43174bce09f9f63228f,delivered,2018-02-15 15:33:13,2018-02-15 15:46:48,2018-02-19 17:25:31,2018-03-05 22:51:50,2018-03-07,dce2ed744c77bee28e2a2491c49baa59,2018-02-15
9878f33f592676d910a779d534fe5024,b196eea0d507ac41ffc9a09855897bb3,delivered,2018-03-26 20:52:04,2018-03-27 03:48:56,2018-03-27 20:14:56,2018-04-02 21:42:02,2018-04-27,a253d10c681ebc4ee987907d2fd156ce,2018-03-26
7f6209da874fb56bf2fd26791d83bcb8,c5ddea870873143bfa9a00611cfcc972,delivered,2017-06-04 19:55:30,2017-06-04 20:10:13,2017-06-05 15:55:48,2017-06-13 17:24:27,2017-06-26,93bdcb31690862c4a8659799b455aef2,2017-06-04
37b92fc72372e93fa35d07f46b8f2421,89bf98721a9d6b5960f6172882b46255,delivered,2018-05-14 14:08:20,2018-05-14 14:37:18,2018-05-17 13:49:00,2018-05-21 22:16:36,2018-06-06,4f3947f4f4046d6fd77845613724e22a,2018-05-14
e28092688b076f8a163428deea7e3bfd,0fc139ebf3e835a4c3aa3e6ca7bdf289,delivered,2018-02-10 18:59:05,2018-02-15 04:07:07,2018-02-15 23:33:53,2018-02-22 21:05:16,2018-02-26,0db593f8cbd86637e7f356168eae9f92,2018-02-10
d572cde58d2fd1fcd7d019dae26cd911,4a5212db74866a8ba968afa84723c2e7,delivered,2018-02-20 09:05:49,2018-02-21 06:20:25,2018-02-21 19:29:09,2018-02-23 23:06:20,2018-03-06,6dff7831f68f155b476cbbc2123125c8,2018-02-20
521a65cfd386ce592bb2ef094c71ed9a,0d56373ebe3d4a35df2fd23c062db8ec,delivered,2017-11-06 19:19:24,2017-11-07 04:31:44,2017-11-07 15:55:04,2017-11-10 18:41:53,2017-11-24,c37f529bed2058784033a0ea12498852,2017-11-06
a2a52f7080ec8e720ea0fded371622b1,2f0cc3afccab59129e4e8c069b466a22,delivered,2018-04-26 18:11:11,2018-04-26 19:15:17,2018-04-27 13:47:00,2018-05-04 15:46:45,2018-05-22,37bba0e093360226923cab9f20c0cb08,2018-04-26
875e51f9d6e1c16b9c8efd34fce58b13,d79dc87e5f7e08edbda3d5a7ee57ff18,delivered,2018-04-03 20:25:44,2018-04-03 20:49:10,2018-04-09 21:14:51,2018-04-11 06:15:50,2018-04-19,3a5ac2fe3fc9ca6bef86d5f761d85978,2018-04-03
8f50ea351cdf971144474e5a4aef9dd4,0bd38d9b7cd6d1fde9c2dbf6a45b2efb,delivered,2017-08-31 18:40:37,2017-08-31 18:55:15,2017-09-01 16:13:29,2017-09-04 20:52:31,2017-09-13,dd47740f3c285d15d8c9c72fc204e78a,2017-08-31
932a6270af6750a5192681cb29c17a6f,20b7cb7693554c07cc5cb8388f68d74c,delivered,2018-07-14 22:33:28,2018-07-14 22:45:09,2018-07-18 10:17:00,2018-07-25 15:28:33,2018-08-06,0d556387cbf984681af335f1079f15ff,2018-07-14
a15641400fbcb7ec727c8f5fcd9ae5f4,477c364409ec4664afc58d14a58462b8,delivered,2017-05-02 15:04:19,2017-05-02 15:15:17,2017-05-03 15:37:12,2017-05-09 08:42:59,2017-05-24,43dce1c46f91f3cd233905d0a8b19153,2017-05-02
94a817174af541deb9c64333c5190b51,158eb98729448d3b4e5d3373d57df47a,delivered,2017-11-06 10:55:03,2017-11-06 12:31:55,2017-11-06 17:52:39,2017-11-13 18:51:50,2017-11-28,e557f27be2ff15a34d71e2932d83bea0,2017-11-06
f536792a13716fb94028f1c59984763c,e1e145e1a407187a0057f9008aad829f,delivered,2018-03-20 20:41:40,2018-03-20 20:50:43,2018-03-23 19:57:40,2018-04-09 21:04:27,2018-04-16,0da0ebb4d9cbedf6d64c7c6f5df15db5,2018-03-20
c27718d838f42d07a94941a8d34843e4,476578ccb1cfee32b298106e453c7402,delivered,2018-06-19 14:59:31,2018-06-20 14:59:12,2018-06-21 13:42:00,2018-07-10 17:21:38,2018-07-24,d42d80a0e58167c0dbb59315c93788bc,2018-06-19
b151ec4e0f6084208319c81f64376096,a0735bf57a1b911eab046a6dad3b4541,delivered,2018-04-01 23:33:05,2018-04-03 05:48:45,2018-04-05 11:27:40,2018-04-06 19:02:37,2018-04-12,9e83427ceb9bad7f4949dfde22a517c9,2018-04-01
21b1cde01224deaa8db59b838cfd9c16,c5878c6ef1faa887b7331d0ab1331188,delivered,2017-11-24 12:38:31,2017-11-24 14:52:48,2017-11-27 20:06:29,2017-12-01 21:58:41,2017-12-14,d502ffba9c9bf76fc4ea5b64771b89e4,2017-11-24
157ec3dc3f38cdbd2706bd216edfe8fb,7dfd10dcc726950fc6171cea83872351,delivered,2017-01-06 13:43:16,2017-01-06 13:55:11,2017-01-09 16:03:33,2017-01-13 10:58:13,2017-02-16,48368b31672665cca1b8a03047a1702a,2017-01-06
f0179b88633233286f65c7b7162b4b9f,6c05f6d7837fc7cbdfe9fdfb3f2ce09d,delivered,2018-01-19 15:44:56,2018-01-19 15:56:14,2018-01-23 12:42:36,2018-01-24 18:44:33,2018-02-05,a1fc7f67db48678702d1eb13832aa193,2018-01-19
adb251e4a198e6d934082144c31f07fb,441ed3a1b8e761107310bb52752cff20,delivered,2018-02-27 14:13:10,2018-02-27 14:29:14,2018-02-28 17:55:27,2018-03-12 23:25:53,2018-03-21,d95f8e7462aae60a76390be454441bd6,2018-02-27
2db4d7de1f3f3a182139f64acfa9ab25,765eefa1f38830e39b90cd18cf60a11d,delivered,2018-01-09 17:03:34,2018-01-09 17:32:30,2018-01-12 22:10:52,2018-01-22 18:52:56,2018-02-06,9bb1e05a18492dfc74d3d44490ac8547,2018-01-09
4f9f24f1dd52ecdf0684a63eaf36c51b,feca784ce427334208c8df149c58bee4,delivered,2017-03-28 17:24:46,2017-03-29 02:22:50,2017-03-30 15:09:15,2017-04-03 13:54:31,2017-04-18,5dcc06236098340b984e6865ba850593,2017-03-28
bc76f0b0323c7a867739b72cfc9277bb,807d44b7eb8d4d8c38ae5fd4859bd1a5,delivered,2017-11-26 20:15:10,2017-11-26 20:32:27,2017-11-30 00:15:55,2017-12-16 13:42:27,2017-12-19,db16b79a79878863b1a566d75a192639,2017-11-26
496e132afac00fbb1272944c4c0c1d49,1aa1b1381dad7ebce4929e76ab28c229,delivered,2017-11-30 13:33:14,2017-12-02 14:17:09,2017-12-05 23:54:31,2017-12-14 21:08:06,2017-12-28,48e5fa6e42bb83aeb547bcea3066d989,2017-11-30
9ea1203e5b988b66f3a348380106b77e,b8f84f80042abaa756f3e62df71d492a,delivered,2018-08-16 18:16:37,2018-08-16 18:30:11,2018-08-22 14:08:00,2018-08-27 19:28:40,2018-09-04,40e9cf59d384ccee0d2a3598e959182b,2018-08-16
1ff6ec2c3e9d8820643f43696482d2b9,4cc7a2f916c54cc32139b5481b4d611f,delivered,2018-07-24 00:14:31,2018-07-24 10:31:19,2018-07-30 14:17:00,2018-08-03 20:02:33,2018-08-24,e4bbc30179d3836f29479b8905476120,2018-07-24
5cb47274e256db548371bc1cd39f1bae,f0a19a6acd8407b14705386e24b0cb70,delivered,2018-08-01 18:01:21,2018-08-01 18:31:36,2018-08-02 14:30:00,2018-08-03 13:14:28,2018-08-06,2197ff2cef41c0d4f19739aabc1a8b4c,2018-08-01
f98961e605ec96d621506161743643f5,18146767f23701401b08f4ffcc8548b8,delivered,2018-06-10 08:48:15,2018-06-10 10:19:11,2018-06-11 12:58:00,2018-06-14 11:05:09,2018-06-28,27f533c49caf7f299c1567e655d1da67,2018-06-10
17cdb2d46a5fddefa7bab0474418cc26,89d71eb3d9f960b4d318bb458bf88d92,delivered,2018-08-21 13:41:26,2018-08-22 03:50:23,2018-08-22 10:40:00,2018-08-27 23:32:27,2018-09-11,1be76de96145dae16cfbd1dc5cdfae68,2018-08-21
61816022ac3061c27c63a5432085340b,ddf6cc2c282686bd3b7043d01c06f006,delivered,2018-04-12 20:36:17,2018-04-14 02:30:34,2018-04-16 23:38:53,2018-04-17 23:38:28,2018-04-30,745596016d47674d833680994c86a673,2018-04-12
1c9fd2a0749771fdb8c1cad52a3c27a6,e9590b1476593f300b06fa2216af4c35,invoiced,2018-01-21 19:44:46,2018-01-22 19:38:29,,,2018-03-09,f4c57f34e3dc2a6a23a529cf0ff17ff8,2018-01-21
bf055d63b3d95ca9091e3578ee703a88,0f3f92165f5acd28ac0c06580600fb10,delivered,2017-09-24 22:37:18,2017-09-25 22:49:17,2017-09-27 16:01:51,2017-10-11 20:23:52,2017-10-27,a7876b9bc68cccec5ab1dc80c04c2ea3,2017-09-24
cf287f639abd10b1630574c4a065d4f1,a193aa8d905b8e2460a1f49e26caa4a9,delivered,2018-02-12 18:04:28,2018-02-12 18:10:32,2018-02-14 22:58:48,2018-02-16 22:32:51,2018-02-26,ae977f6cf6981d883940f7e618620b3e,2018-02-12
bf101963374c9a004517e115644d0d4b,57e6ae095b08dd99185564e150c0c97a,delivered,2017-02-25 19:14:08,2017-02-25 19:25:09,2017-03-02 06:51:44,2017-03-16 10:54:51,2017-04-04,8a2fbd75f6a200c72e462a23f47c8373,2017-02-25
cffde0f0482fa704a6b0e543f838cbbf,135d3f1d080900a5bbea9a5a23c4385b,delivered,2018-02-04 19:24:44,2018-02-04 19:35:28,2018-02-09 23:12:01,2018-02-17 11:17:40,2018-03-12,26925800b79a132f5a050a0cd5233999,2018-02-04
ae33d9911d4d85073c77c28678de681c,11d69e8cf762813644bd7404602a502b,delivered,2018-01-03 17:06:02,2018-01-03 17:17:34,2018-01-04 22:09:06,2018-01-10 18:13:24,2018-01-29,5c77da09750b42091c93c331d544ab53,2018-01-03
7a0065369b3ed54a8561db3aaf29965d,e6367d7b8232978fb0c1e7e99edb25e9,delivered,2018-08-11 22:42:44,2018-08-11 22:55:17,2018-08-13 14:53:00,2018-08-17 19:44:42,2018-08-27,86cbe11fd60a1037c99ac650997ff80a,2018-08-11
3ccadf098357a20c809d57a50c3d47ae,7a1ab9788d3a3325c375971012b979eb,delivered,2018-05-26 15:19:45,2018-05-29 03:31:24,2018-05-29 13:07:00,2018-06-01 20:40:41,2018-06-25,97c7d72d01f83be7cd235a3658b938c5,2018-05-26
9c1065a9bf5514fd2349797c407c61b7,d19f71039cf48477275961be96df0a13,delivered,2018-03-16 10:30:59,2018-03-16 10:48:57,2018-03-19 13:05:39,2018-03-20 22:28:45,2018-03-28,45cb645cd8d03a8704424516bf9d01d0,2018-03-16
14c17d3f1039eddcf915f58d3f126948,59d93d62b828a2c8b877ee0a70852f31,delivered,2018-08-16 22:16:03,2018-08-17 22:10:21,2018-08-21 13:08:00,2018-08-27 23:42:39,2018-09-06,2fc033d92b92c12c7561a382370a881b,2018-08-16
8e1e1daffbcfac661558e71878b2780c,431aa8450d30ae25badcaf4186f88281,delivered,2018-02-01 12:22:13,2018-02-01 12:35:29,2018-02-01 23:17:31,2018-02-06 13:04:57,2018-02-26,f7b9c283c33747e2cacd9c4c4d87e291,2018-02-01
5685548b79358ab0ae555e21ef9cb4ea,c17c6a65a59d3b444858f91b44800134,delivered,2017-02-11 21:54:04,2017-02-11 22:05:15,2017-02-15 07:37:47,2017-02-21 10:11:46,2017-03-16,eb291381e2d0f9e4e40e7f1249026181,2017-02-11
f1f920036ae5e94e294eeb5bf898b9d6,3e0f41971711441885d888b03d44ea11,delivered,2017-03-23 19:45:24,2017-03-23 19:55:15,2017-03-29 15:06:14,2017-04-04 21:26:53,2017-04-13,3da51adff0de3e116ebdbeecba9a6a6d,2017-03-23
5a8cbc60b032f344459aae65f0c01d26,dc1cead92f997743b2af1652866ae92f,delivered,2017-07-19 14:59:53,2017-07-19 15:15:19,2017-07-22 13:42:07,2017-08-02 22:51:37,2017-08-21,cb3e91187f0dd795238541d2ac599892,2017-07-19
5e32d63948bae10a5a878d024e3e4e37,99b81369c2f7870fee6166d01c7a5e02,delivered,2018-03-15 12:23:11,2018-03-15 12:35:22,2018-03-16 17:03:01,2018-03-18 15:42:24,2018-03-27,fabbe0c74a00c899851dffb2ce70313b,2018-03-15
f52817099e70b1c849285ffd065ac68d,7676dcc955231ef8263c3de86bdc1ab1,delivered,2018-05-11 20:36:54,2018-05-11 20:57:08,2018-05-14 13:22:00,2018-05-22 20:32:39,2018-06-07,045bc837a19ec2f94f2eade75b728409,2018-05-11
5d49743106500a75100374031f73e22b,ae4bdc0bca693d35b29a42eb56cac1c3,delivered,2018-04-04 12:42:36,2018-04-05 02:08:32,2018-04-06 21:54:40,2018-04-27 19:32:15,2018-05-09,de074c70e3de03da12d71812dd863c06,2018-04-04
5dbbced030c8556f919a3b392a589b7e,dad1e2ee878086780ede43f04ff07a53,delivered,2017-11-03 11:10:16,2017-11-04 11:15:27,2017-11-06 21:11:58,2017-11-29 12:43:05,2017-11-23,faa9b3f294b9363727a76d0f75781b14,2017-11-03
2b4aa534be731020396ff6564af04cb1,92cc70bf4106a2b161c3188087a2cbce,delivered,2018-03-16 15:13:26,2018-03-16 15:29:12,2018-03-20 00:53:27,2018-03-27 00:16:45,2018-04-06,fda147997cc83ff1463fcc2ba842d462,2018-03-16
a92b5b0bf2a617da3f9c3b28486798a8,e5a35f7c416393965fd0e38682df1697,delivered,2017-08-05 19:14:48,2017-08-08 04:04:27,2017-08-08 18:25:39,2017-08-11 16:50:12,2017-09-04,9ab6bf6526a2012673c221eab415e362,2017-08-05
0cb752bde20054fcde65c16163ab64b9,fcf43464dc356f38b043ad3bce8b48d5,delivered,2017-12-15 11:21:28,2017-12-15 11:32:12,2017-12-15 22:10:07,2017-12-23 12:10:15,2018-01-10,452d17fa01efca52d53c2b88c6cfc041,2017-12-15
55e5ec213742bae19f2e36685d3aa5e9,09ab4ae2ecab51b1bf620bba0027abd9,delivered,2018-02-16 08:18:51,2018-02-16 08:30:21,2018-02-16 23:16:37,2018-03-03 14:04:04,2018-03-14,313d458d078d9c1783ef3b8b93ba56ee,2018-02-16
c3514a3dc150acbbf0ab547f1cdc1fe4,2731bf1c00685708217536d50bd1c8c9,canceled,2017-09-16 21:43:02,2017-09-16 21:55:07,,,2017-10-16,5c694a3890f4de5708c0252c38cb6b5d,2017-09-16
7fc65542211bac2f7c30c30f3e6916ae,0474930b6f1687f99415cee7aee3d55b,delivered,2017-04-10 09:14:35,2017-04-10 09:25:15,2017-04-13 11:42:48,2017-04-18 10:54:48,2017-05-10,459534589ae424a4955f7fb79760a3a7,2017-04-10
f03420f7fe5633764a9eed270f0cf359,23a82cf3d15fb435aca1b75b6a22ce6b,delivered,2017-09-21 02:50:29,2017-09-21 03:40:07,2017-09-26 19:42:31,2017-10-06 18:28:58,2017-10-16,290aaec85f26ac33c2287cb930b84a40,2017-09-21
277ef68319aa0ee0561831fab6e9e0aa,2d2f9e6b571d8ee9de59696261d13592,delivered,2017-10-05 01:37:34,2017-10-05 01:52:19,2017-10-05 18:55:42,2017-10-16 21:43:49,2017-10-30,2e09c4ef733e73c1e89d998e5ee30a91,2017-10-05
c64bba38c488c2f4362e11cf93ebbed4,35a2b4e033bc862686a6634fb2b5ca3f,delivered,2017-12-14 19:44:56,2017-12-15 02:16:15,2017-12-15 18:42:24,2018-01-08 20:24:00,2018-01-16,253e9aeb7982802e6ef18ef16f3b0adf,2017-12-14
6a4b7874ba286fe298add408d85ffc11,8fc638e860ca4a98a87fb01935b9dbbd,delivered,2018-04-04 09:35:03,2018-04-05 02:28:11,2018-04-05 20:18:21,2018-04-11 20:12:03,2018-05-15,0b040f969bf3ae07390dba83b046dde9,2018-04-04
4144366812f72111c1f9d2c065e3e374,1add56abe5f6a81a005c64b8e1fb7f8c,delivered,2017-04-28 14:19:11,2017-04-28 14:35:16,2017-05-19 14:46:35,2017-05-20 06:32:53,2017-06-02,2cd8b412a233023c50f0a36f12c5524a,2017-04-28
222dbd787fceffa6d29b3586ef4f9c11,4dc755960dfc89677457aa98e0e4d4b1,delivered,2018-02-16 21:19:30,2018-02-16 21:30:44,2018-02-19 19:44:56,2018-03-08 20:38:34,2018-03-08,c71056fcc1032accfdd3eb27a6b4f5f3,2018-02-16
5e30dcb2e114da32afe2f0942750616a,1d19f123d715d31a525094a81bbea5ef,canceled,2018-04-06 22:13:21,2018-04-06 22:29:11,,,2018-04-25,1963df51f83e0b947ab78557117c25cd,2018-04-06
76d1d5d9e614ab4fc54310fda49855b2,8bbd3bb0796450a7bea0922e51e3aa6c,delivered,2017-09-18 13:24:40,2017-09-18 13:35:16,2017-09-18 21:33:34,2017-09-30 14:03:08,2017-10-06,f110c06816a99f833736994f6c7797c3,2017-09-18
99c0ec36ad63cb20a6ad29041d537e85,32cbb3cad9dd1ccab31b01a36c2eed7f,delivered,2018-05-24 12:03:16,2018-05-24 12:19:12,2018-05-25 19:22:00,2018-06-05 12:08:49,2018-06-26,8f79dc5e831c5552d9fc8c03f0af2492,2018-05-24
45a0a5dc315fa233270e5c4778e54e87,4eda266abd3a03ee67083efeaebc853d,delivered,2017-09-19 11:20:37,2017-09-19 11:37:03,2017-09-20 21:03:34,2017-09-21 20:23:55,2017-09-29,b7b2f74961bfa28233dabd6d8c6f0153,2017-09-19
6970a3865417daf2e16446623fe67db2,55cbadf1632a0767011855eac1eb4313,delivered,2017-06-05 07:01:35,2017-06-05 07:15:08,2017-06-05 16:10:11,2017-06-07 15:08:28,2017-06-19,4d3eccac5883986e619df1f95a26ae6b,2017-06-05
97b1082dbd479f678e3eda517490413c,870cdf56b8daf359f640de474693d43d,delivered,2017-10-04 15:40:05,2017-10-04 15:56:16,2017-10-09 22:03:03,2017-10-24 19:04:16,2017-10-30,d94b0945b0d76b7a9b3a97e0935d92a9,2017-10-04
e739161210dba9b6debb04897d5e7046,41bc36cdf2c5f07894056a60617db329,delivered,2018-01-03 21:07:26,2018-01-03 21:26:56,2018-01-04 21:22:31,2018-02-01 19:55:19,2018-02-06,14729d0075dbb492556a4758f2bc6b63,2018-01-03
e839eca104c8f6c0c1234e9d8d613b2a,ff543ce508467e68ce94f28d79f5dc3c,delivered,2018-01-15 13:21:23,2018-01-15 13:33:21,2018-01-16 22:36:02,2018-01-22 17:13:17,2018-02-05,535f835b476a56a138ed851f35a3c620,2018-01-15
7ee7410ad49b716a783af62488071cb7,7534c433c432943e5dfe580148176282,delivered,2018-05-01 22:57:16,2018-05-01 23:12:31,2018-05-03 11:36:00,2018-05-25 23:28:30,2018-06-18,877bce7587591150bb7d2a6dc99d8d9e,2018-05-01
aab77f6b8eb88bca78803173c935407c,665cc337dd205e3f2683add6978558bc,delivered,2017-12-08 19:02:41,2017-12-08 19:13:25,2017-12-14 18:36:54,2017-12-18 21:19:06,2018-01-04,892f1a836d79ccc8b37ba514e0f215a3,2017-12-08
08a8150915627e46099f01a220ed8efd,6048ec9b4f1c8b8c74d9c24154f84278,delivered,2018-03-19 21:17:53,2018-03-19 21:30:31,2018-03-20 19:25:03,2018-04-07 10:03:37,2018-04-10,c2692a72878b08784d5cb04cdad4a91f,2018-03-19
66480576a5bbc6e076d5a69490a0592f,e7767d9adc0241c1c75845144e3abd25,delivered,2017-12-02 14:37:35,2017-12-05 04:13:30,2017-12-05 21:38:37,2017-12-08 15:36:43,2018-01-04,24fae8aa722f74b25e1ba720a8d52839,2017-12-02
85390f5003d9b2084c226bac317cca79,9e227b9be284a33b91dae97793dbd60b,delivered,2017-06-08 01:01:01,2017-06-08 01:42:52,2017-06-09 19:03:13,2017-06-23 02:14:35,2017-08-02,5689fe22b7c867a78b4afca1670420af,2017-06-08
a38b129bded4bc374ba9a5d6333ae9b1,fad3d18df41fbdb519d8f885992b9bcb,delivered,2018-01-04 18:07:07,2018-01-04 18:14:21,2018-01-10 16:43:39,2018-01-17 15:22:14,2018-02-01,8ad1788843e107a8387db336270c2131,2018-01-04
bc3dd54a59fb99e166087c3525c9f189,331eaa97fcf6d1dcfd99d6e2f9eafe0b,delivered,2018-06-25 20:40:37,2018-06-25 20:57:42,2018-07-04 10:29:00,2018-07-05 20:31:56,2018-07-16,bc55916bad50d1897af16e84b9f4625c,2018-06-25
e52d6fd1fb812c9f263fd19fddb957d9,ce6c5a902bad9cb9b8675a9fccacff09,delivered,2017-12-01 08:36:14,2017-12-01 11:30:56,2017-12-05 00:55:33,2017-12-11 11:19:38,2017-12-26,3b3a25d327343af47148701d883ab92e,2017-12-01
791ecfcf358d8482338314a266c01fc4,f65235e8410545c21b41ecc9194cee27,delivered,2018-02-01 23:12:23,2018-02-01 23:33:35,2018-02-07 16:55:03,2018-02-20 21:39:34,2018-03-01,f3e7030f8a429669d0204c88b313f763,2018-02-01
17341621682ba3c2b7bc79fd48d22a34,b926da2bf792c1a19fcd489ae0f8be6b,delivered,2018-04-29 21:39:29,2018-05-01 05:32:29,2018-05-02 14:17:00,2018-05-07 18:12:25,2018-05-18,1fd6d165ffdb52c44756353c668e4a5b,2018-04-29
33fe1cb532ac16a48902980e00c26da6,e0669fc658288e9aea6d958ea90fb9b7,canceled,2017-07-25 19:26:15,,,,2017-08-28,391a81a38af3c3132825107d346a35e0,2017-07-25
31437ad84ad2f4fd755bc1a5351d370d,0d229f41d3b35a7dc1a128dcc48dd211,delivered,2018-02-19 10:17:28,2018-02-21 06:10:31,2018-02-21 21:18:59,2018-03-09 20:43:26,2018-03-12,ab487f6d62e9a0cfcdbe428b4d4d571a,2018-02-19
a5bee526a0ca9f2a66f3704b82ad7833,5d9bad1b4aad6061f0b26c8b58291a6a,delivered,2017-11-05 22:32:25,2017-11-05 22:46:15,2017-11-07 18:12:10,2017-11-08 20:12:11,2017-11-17,18887503eefa84ee51a6fcdca1e71240,2017-11-05
656ab6b8b05ce120b2411c530bd2d446,c827aa062f905fbe89b106dc05a9ec1f,delivered,2017-12-08 15:53:08,2017-12-08 16:11:38,2017-12-12 22:53:15,2018-01-22 16:51:49,2018-01-11,0e551179fb999b023834cff68fcfac35,2017-12-08
b5db96e8b923dfcb5699d38714b5b3fe,f258cff84d51c8fa44aec46c624ee106,delivered,2018-04-09 19:07:02,2018-04-09 19:29:42,2018-04-10 18:44:25,2018-04-24 16:11:49,2018-05-07,776e6661aa6ba9f0747ba59181b46f12,2018-04-09
e30fb155cacfee81443d974ce9c8a2d3,8cc80e5696a1114a3b9220ba5db5e5be,delivered,2017-08-28 09:08:44,2017-08-30 02:16:08,2017-09-01 20:47:52,2017-09-14 22:15:05,2017-09-22,b69ea2c34b2d989576625952aab1266d,2017-08-28
e4c77eec895c98ee6919f8d872614ee5,002a10e899b62a460b0116e0b68697ad,delivered,2018-05-05 18:33:24,2018-05-05 18:53:44,2018-05-07 12:43:00,2018-05-09 00:06:25,2018-05-23,660e4e077b40d477e2ffdb2da6349b79,2018-05-05
b6d6730512437da0a234e99ea7885212,a5569eafa093045938b448b5f802032d,unavailable,2017-09-04 09:44:46,2017-09-05 08:33:58,,,2017-09-21,5bdff994fa115621df0b714401ec5db4,2017-09-04
6f714d580daa8c3faffadb162c76f239,233d7aff39e31e7fa2cd86f61d751b24,delivered,2017-12-06 11:26:48,2017-12-06 12:03:57,2017-12-13 16:43:10,2017-12-26 19:18:58,2018-01-04,c05a776967883137dcaeb82b1709314a,2017-12-06
3837316347c6731a7368bd44a3b613bc,928922804cd240fbd2f55e7687c0c412,delivered,2017-09-29 00:00:57,2017-09-30 00:24:50,2017-10-04 19:41:27,2017-10-16 23:43:10,2017-10-25,52ed5a07cfa81a6802763aa0e29e4311,2017-09-29
697b4c68b81ce7731108f096fbc56aed,7b6ceb73c7d700281dd1a2fc3d616128,delivered,2018-04-04 00:05:48,2018-04-05 00:09:24,2018-04-06 23:24:39,2018-04-09 22:22:40,2018-04-30,ea6f9323b5f8d196980fa72fb91546d0,2018-04-04
a3b2201d0e95f595df90c26c8dae015f,61b5bd939044332625d8373f774a10b3,delivered,2018-01-12 19:43:25,2018-01-12 19:52:28,2018-01-16 22:21:35,2018-01-28 13:16:42,2018-02-07,e6598b200124ba3d069678bd3b569475,2018-01-12
9211fd3895bb47e2540f63577341f7b3,8f1b10b11a72fe1a4fb0af954200fcec,delivered,2017-04-27 01:31:50,2017-04-27 01:45:27,2017-04-27 14:50:16,2017-05-15 09:51:51,2017-06-09,2426c60590318f6429d43d71a6fab556,2017-04-27
a480374bd52d2f0f0b6e3889e138ad70,725842133e4deae147136c61280cbb30,delivered,2017-11-11 14:10:38,2017-11-11 14:27:05,2017-11-17 16:45:33,2017-11-21 23:42:03,2017-11-27,43c60184df3563e3c5483e858765183a,2017-11-11
c85dd5c7536e1f5767943db786f80a7d,69c5993132dcb1e0f06485913ed161f5,delivered,2018-08-03 11:08:29,2018-08-03 11:24:13,2018-08-06 14:24:00,2018-08-09 23:03:36,2018-08-16,e464ca77147e56dc6e7f51668e24ae61,2018-08-03
0e8488c62611eb99cdf174e019bf9d8a,e9400e3d4945ada34b67e31c4c02d85f,delivered,2018-08-03 16:37:04,2018-08-03 16:50:26,2018-08-06 16:51:00,2018-08-13 20:04:46,2018-08-21,c79719fb0dffa4835479293c560b56fe,2018-08-03
3b8574ac0df531f31f1bfc18f9d9bc97,727e298f03e45434a45a097b8fcedce2,delivered,2018-03-13 12:52:59,2018-03-13 13:08:14,2018-03-15 12:16:54,2018-03-21 13:34:31,2018-04-06,bc17d224e5a9267382ef87d2197453dc,2018-03-13
763e7d05316c7defbead9bc116208b5f,1c8e8832ee4a6301e124bbc554a2810a,delivered,2017-11-13 10:18:35,2017-11-15 02:50:30,2017-11-16 21:46:49,2017-11-30 21:12:34,2017-12-01,1890c85d7258d0734646fc61c8256a10,2017-11-13
85eb08e88c69146570db90c32c0da522,47a919c608b9d482cbb4dc77e978ce1c,delivered,2017-08-27 23:55:53,2017-08-28 00:05:17,2017-08-29 17:33:04,2017-09-05 17:35:39,2017-09-22,b7b567668fdfb1ad87865825b0422c8a,2017-08-27
4ed868229ad01b5686124edd1f82b18b,3826c69b59a924f799f03ee725391b04,delivered,2018-08-05 21:37:08,2018-08-06 21:35:17,2018-08-08 06:18:00,2018-08-13 17:49:50,2018-08-15,355e4d8054479703e56d694dc661e35d,2018-08-05
340c580a7c6f6c2440518a9458779277,ebd42fb3a55fc556e3cb3e8dd7713b09,delivered,2017-07-13 11:58:23,2017-07-14 06:45:20,2017-07-17 11:52:07,2017-07-18 20:41:20,2017-07-27,46e1c5fa70c1f3b35960a35c5dd08084,2017-07-13
65fc7195f2f70e60bd81a12c69d7389d,f0e3b37d5ca2fc5c28ba3f66c71a3aaf,canceled,2017-07-25 10:11:21,2017-07-26 20:45:57,,,2017-08-08,aeadc34e89c894f08e1c9e5fcc4b8f49,2017-07-25
c6f1ebce1a5cf02dffc63b2df66fb920,b8d917327aaede6d6aae20322a726767,delivered,2018-01-09 18:44:41,2018-01-10 10:07:13,2018-01-10 21:25:15,2018-01-18 19:54:39,2018-02-05,6d81cb71a99fa540f649afe49a4c8671,2018-01-09
61bf64d7b02245b6f59f471a6ca6ded7,0e3c876cbe9a1d90dda647b150f51441,delivered,2018-06-23 10:30:35,2018-06-26 05:37:33,2018-06-26 14:07:00,2018-06-27 18:22:42,2018-07-12,e1e34b3fc5879f1fe7c47538ddb346b7,2018-06-23
6d10445e2d4cfc53db33470b19b33ec8,132f0e561c32662c9a19fe2042816573,delivered,2017-11-25 13:56:27,2017-11-28 02:58:29,2017-11-30 23:43:06,2017-12-07 01:48:38,2017-12-15,eb82773f124d950497791381563e00f6,2017-11-25
156824260a71270937eda941cd291a58,f6478d7616405f3c9d14a3654ab9b0cb,delivered,2017-10-14 18:11:37,2017-10-14 18:28:14,2017-10-16 20:00:04,2017-10-20 21:41:58,2017-11-10,7e081dff4626e629513714284501be6e,2017-10-14
eb7a14bc7848b286eec69794221438a8,fbd371b9acb73b3a6c0720cfdb0ad7b5,delivered,2017-09-13 19:49:04,2017-09-13 20:06:08,2017-09-15 19:23:41,2017-09-17 12:58:16,2017-09-25,33de1df7ed5060ecd059d629e9766cbd,2017-09-13
44d14514a06127f72cd96745ed0eed21,ca8d56a19c40cfcdba873cbe942e5013,delivered,2018-07-08 08:30:55,2018-07-10 04:35:21,2018-07-18 17:04:00,2018-07-24 19:59:28,2018-07-31,9b7fcfa05fb6f8b88fea3d74a6ba77d6,2018-07-08
38e61f4af1178dd0d6d02b1b01085105,e9806f0cec46b8ea205a3ba236ff0d35,delivered,2018-01-12 10:36:28,2018-01-13 04:54:44,2018-01-15 21:33:00,2018-01-22 19:49:13,2018-02-02,c5bbf7d2271a2d829cd051f85b01d5ec,2018-01-12
16c94c833d565079bc2b35b78a99b3e7,b5118c4012f1395f7143b9e6084620a5,delivered,2017-03-21 16:03:34,2017-03-21 16:03:34,2017-03-22 18:15:10,2017-04-04 16:15:56,2017-04-24,59b2394f4f369bc6ebdd38a5de11c927,2017-03-21
b1ab9ab628993453ae0b068d4a8fcf78,2b98b520582527503b1ccb5aec7949a4,delivered,2017-06-05 17:34:50,2017-06-05 17:45:16,2017-06-06 11:40:28,2017-06-09 16:42:16,2017-06-26,9915c0d033db436c5476434b2d7bd7e2,2017-06-05
f0ed6cd987eaa2a46f85320b39fd406c,a4c1017188a10ac3de20036f363b7fe2,delivered,2018-05-11 20:57:27,2018-05-11 21:10:53,2018-05-16 15:10:00,2018-05-19 14:18:39,2018-06-04,d394969c7455a2bbd8639fd450477d15,2018-05-11
b352b37732770128092c01c05cb2d8f7,f8fd2c4852d04dafce46ff9d0e194e41,delivered,2018-02-01 21:08:53,2018-02-01 21:32:12,2018-02-03 17:24:28,2018-03-07 00:48:30,2018-03-08,49d0b00a8a500a6ef459945d7132f29b,2018-02-01
1a46001e1aebe58323d90a0d62d632a6,f92229fa88de40c297c5796a3f4f8153,delivered,2018-05-03 20:27:20,2018-05-03 20:53:10,2018-05-04 14:30:00,2018-05-07 22:58:48,2018-05-15,109b34b50e7af89735401382bfa2bf81,2018-05-03
e2d77a0d9b0d31ca58de237b8d9dcdbf,18d30d471877a4eaa28399ad9a7eaac5,delivered,2018-08-08 22:32:21,2018-08-08 22:45:15,2018-08-09 14:47:00,2018-08-10 23:58:38,2018-08-14,d087db898f024ed73b46d7e81bde6155,2018-08-08
89cc4b3fd3de52a930bc92ab0d876d1c,58b97b62f1bf883c3f0578903451e7fb,delivered,2017-05-03 23:01:50,2017-05-03 23:10:16,2017-05-04 15:59:00,2017-05-12 11:12:09,2017-05-24,db8f18483f0428ad7715d5cdc30dea06,2017-05-03
33331ca3a2e00e80d485324dd9d3b070,0e3956c83bcf7e8f54e1dfc46ea4a34c,delivered,2017-09-11 17:17:10,2017-09-11 17:35:31,2017-09-12 15:46:02,2017-09-14 15:43:34,2017-10-06,6cd850488c03016c07454bb7e184d779,2017-09-11
a6c6868f13ca88d37426218824397a4d,1f7274018a7ce8fe4993a626e3e54275,delivered,2018-04-30 13:01:45,2018-05-02 16:38:07,2018-05-07 12:31:00,2018-05-21 19:28:28,2018-06-04,15f49217ec4023d179c89ce64ea0763c,2018-04-30
7b7d41ed4a08974cabec08405b527b18,9cf5f75b8cce94bec85e361f2f89ff1a,delivered,2018-07-15 14:07:37,2018-07-15 14:26:09,2018-07-16 14:24:00,2018-07-25 17:38:54,2018-08-09,432477f9f22d3019c7585b5b7012972b,2018-07-15
d5d91beade5592a7f19b57ef4910572e,3324c0488c6c1aa261c51589a05762f3,delivered,2018-07-02 14:50:55,2018-07-02 15:10:39,2018-07-03 07:39:00,2018-07-07 18:51:14,2018-07-27,ad97668eed5826a5d800b15351bea269,2018-07-02
ff27293d3d0221896d1bc2dd36b73ebf,1600cba8f89293caaa9089c72ec9b5f0,delivered,2018-02-22 18:01:42,2018-02-22 18:15:22,2018-02-26 21:57:46,2018-02-28 22:34:17,2018-03-08,df02c8901f9435e5de9f520d6821c153,2018-02-22
e325e4af77424e58e4ed99a20549a7b0,d7c7adec9a1f73c44354049cc01c93e6,delivered,2018-05-07 15:03:20,2018-05-08 04:54:23,2018-05-08 12:49:00,2018-05-16 14:36:35,2018-06-06,b1f5410ab04c6a521b56abf3fb5cb6d5,2018-05-07
e83965852a6e35ed713250e090367ff7,8d53cffa847c8c98fc003386511020eb,delivered,2017-12-11 22:13:55,2017-12-11 23:35:56,2017-12-22 15:18:58,2018-01-20 00:58:28,2018-01-04,7f4d4d150d120fe0dd56f11866a63f36,2017-12-11
fc566a7948095d23a16e8e2fb3c8ffc0,6ec28820c95f4830ffd681df551a2531,delivered,2018-03-16 09:32:52,2018-03-17 02:50:44,2018-03-20 19:32:45,2018-04-02 15:41:32,2018-04-23,8ba4b4147b472a8a735f14033e418518,2018-03-16
d760ce6e5ac0d32b1934dc91b60ae391,4f4ba6ed6f16878332242fc55adff7c7,delivered,2018-01-09 09:39:09,2018-01-09 09:49:09,2018-01-11 14:07:26,2018-01-18 21:35:18,2018-02-06,ef7652259dccdefb1f8bcbca8dc866e4,2018-01-09
b1927b1b40d5a2c5e0d49a6bb76fc273,94038129d7563a93b534f34df9b25ad0,delivered,2017-07-24 18:17:09,2017-07-24 18:30:13,2017-07-28 17:17:53,2017-08-10 22:24:04,2017-08-17,ebd65ce1d1f8f8d58443bc086a49d464,2017-07-24
e5c8cf4dd91786f33a0f1c96ef1eda19,e98d17d903b13a77e8ccc890ec3875f9,delivered,2018-04-23 10:42:20,2018-04-24 18:29:03,2018-04-27 14:36:00,2018-05-04 22:52:33,2018-05-18,6e9985ba0fdc5ce1899b3fbd7a58961d,2018-04-23
1798a9d3b896e39ea128c25cf6b84ee4,1ceacda3f304066791cb6ad623ee3e90,delivered,2017-09-26 23:40:53,2017-09-26 23:49:17,2017-09-28 20:47:40,2017-10-05 15:57:04,2017-10-19,cb1d8bf84961e8b849f824e29103f668,2017-09-26
3da8b1bbe6650411cf568285bb956f90,885d7e16b3febef0a036aa5ebbba9659,delivered,2018-04-17 15:50:16,2018-04-19 02:10:45,2018-04-24 17:19:26,2018-04-25 18:28:53,2018-05-04,3c97e5f77160f6deda2b96babe6d7b0d,2018-04-17
8c17e98f67708928c1b03bb705c14b3e,41dab101e63cf0c1866b20cdff40471a,delivered,2018-06-22 12:04:50,2018-06-22 12:36:22,2018-06-27 11:42:00,2018-07-04 14:33:01,2018-07-30,8110579e604a8b928b43700ee5761af7,2018-06-22
1d25b465b66d2cd1ed4c7d3b449be280,53c1d69437a94fac86785d028982c66d,delivered,2017-11-30 15:08:04,2017-11-30 15:15:25,2017-12-05 20:38:45,2017-12-10 11:51:55,2017-12-18,1078e94cf34616919e3edd12a8d8dd2a,2017-11-30
d9a9a11dd85e0803fdf91293e4baad64,b911209fe83da3f3ee07919404296e17,delivered,2017-06-10 03:30:49,2017-06-13 04:03:03,2017-06-13 11:03:00,2017-06-14 12:48:52,2017-06-27,0f7ed2535efa403314d5c52996014ce0,2017-06-10
2b0b02914575b69cd6787aba9f79a73b,d0e91472876e34986a2a61f2461e98aa,delivered,2018-07-22 23:08:31,2018-07-23 12:32:24,2018-07-24 17:10:00,2018-07-31 18:58:35,2018-08-10,7bc6683e049a0f49bfd194145f0706a8,2018-07-22
581805128c859d26d9ddea54faa05207,3182be8311cafb4d4c8ea0385fea7df3,delivered,2017-02-14 10:52:49,2017-02-14 11:03:27,2017-02-14 14:28:22,2017-02-20 08:31:40,2017-03-13,1d95a47c2206919e1de2f8ff91065d20,2017-02-14
3340fd16bb81e26a23a17a1b9da63186,92c9293ea5fb93ed5ee02c0060b5e677,delivered,2017-11-11 23:11:23,2017-11-11 23:26:30,2017-11-27 12:37:39,2017-12-01 20:16:32,2017-12-05,9c9372efb0eaba42664210e312fe38c4,2017-11-11
952b0a1d898ae59226e8ae13f1ea4121,2e86656bf35be872232e7ba55c1fd751,delivered,2018-01-14 17:28:18,2018-01-14 17:36:33,2018-01-15 22:18:31,2018-01-24 13:52:30,2018-02-08,f31772ef81333578d84facc791fddba9,2018-01-14
58955108a9a0a8b3762f903aba23099a,8f9ca53a1f42352f3a7db6568f6ed10d,delivered,2018-07-19 10:48:47,2018-07-19 11:02:56,2018-07-19 15:08:00,2018-07-24 00:07:48,2018-08-02,de40ecfa1c322fc7cbeee5f70eb0d646,2018-07-19
df720130627bfe896e4eaafe2df5b721,01aef689891025af290bbdc4788d87da,delivered,2018-07-30 14:51:21,2018-08-02 13:42:37,2018-08-01 15:03:00,2018-08-03 19:32:38,2018-09-05,1f8b38300bb7bf1d1e94ce980a02b550,2018-07-30
d710a78f61cc62d2aeb7ebde38ee7738,83f518916b0d90fef92d2f4de727b5c9,delivered,2017-03-13 16:40:57,2017-03-13 16:40:57,2017-03-14 09:35:26,2017-03-21 11:28:46,2017-04-07,d0e492ab502904f025b40de7e32f5374,2017-03-13
626c5c9bfe704ebabd98974ff8307803,9835403a86d824be9a0b0cb332f3f7f8,delivered,2017-04-02 16:42:37,2017-04-02 16:55:13,2017-04-07 14:13:36,2017-04-18 14:48:25,2017-04-27,aaaa929bac9fc3808e989875aac47ba9,2017-04-02
378ebcb514854217da7df194297faaab,3562fd1efbda162d4b0f2269ca2561cc,delivered,2018-06-01 21:06:41,2018-06-05 04:31:00,2018-06-05 08:54:00,2018-06-13 18:41:43,2018-07-12,bdcd9527af18d080cff76388972840cd,2018-06-01
2f2f33a69a673fb2559f95de9f14538c,ee251ea5871653264ba1f639bb6f84bc,delivered,2018-01-02 19:14:12,2018-01-02 19:28:55,2018-01-04 23:40:13,2018-01-05 11:49:25,2018-01-18,44b52aee753b18006590f2c06d1f1bdf,2018-01-02
4691f9f99793c6535e4279ae1a5e75e3,12d7b5f6b29bcc2df27c360155db6742,delivered,2018-07-29 02:26:04,2018-07-29 02:35:12,2018-07-30 13:44:00,2018-08-03 17:22:43,2018-08-07,0dfcd4f21dddfff16d631b6d27ce211f,2018-07-29
a6338c083da70631fcd9cdb8a9ccac29,d2e6487cfc92b4e2342d92853c158e27,delivered,2017-08-15 10:38:40,2017-08-15 10:55:12,2017-08-16 20:45:59,2017-08-22 18:05:50,2017-09-14,a4a9e954b570de1d79598cb3c886a654,2017-08-15
6851d4a26dc9bdbce52550f0c68d61ff,19a5fcf6936cd424026777aefabdbc3c,delivered,2017-05-22 10:11:04,2017-05-22 10:25:18,2017-05-23 06:38:41,2017-05-29 15:07:54,2017-06-13,d4d41d50de28e3d378b49d39217588f2,2017-05-22
2cdc4c50ebeabd8fd87582544e8e46a6,34507ff3bdf097cd8a3b9c667c6803a7,delivered,2018-07-08 20:07:08,2018-07-08 20:25:20,2018-07-24 13:30:00,2018-07-27 20:12:43,2018-08-17,daebfd0aa8223385cf1a6e38271cf927,2018-07-08
8c6dfc3056be4a27212a845d5f2bddc5,79e473268654510e76eaabc30b1b0c2c,delivered,2017-03-30 15:13:10,2017-04-04 05:45:22,2017-04-06 10:26:45,2017-04-11 18:54:14,2017-04-25,70f5d483eefe51368b9e4a4e31a4c2e6,2017-03-30
f738ff751aa9c2388f4009d04ada528b,9ba9a573af39c332b4844fee4e2cffc5,delivered,2017-02-21 21:47:14,2017-02-22 03:22:38,2017-02-23 08:28:55,2017-03-07 11:34:33,2017-03-22,9896b923caaaaa7b990668b312bf5a1a,2017-02-21
4cc1863df594e8a20303a29626ca0834,bf721cd064b03dcac90a8e903e15a6b2,delivered,2017-10-29 22:02:44,2017-10-31 03:55:20,2017-10-31 18:12:54,2017-11-08 16:36:47,2017-11-21,20932bc8d54ddc2818b7539fd4a13c4d,2017-10-29
20de77e28f73070461781b0eb6228f6f,24cf4347382b8e190a512b2de912f89c,delivered,2017-01-25 17:06:40,2017-01-25 17:15:23,2017-01-27 14:21:21,2017-01-31 12:22:38,2017-03-02,5dfa073ad1f07633e87ad388a99a55b1,2017-01-25
c879afbc0d85767d560c8ba52481a01d,e028afd98183a3e4c189bc75e65d1b22,delivered,2018-06-01 14:06:14,2018-06-01 14:15:24,2018-06-04 18:11:00,2018-06-11 15:28:43,2018-07-04,bb8e63a95169ec5b2d1bb40fbe22d3bc,2018-06-01
807d374126669a84b2391ebcda50821e,bcd217c236659603e2ce30b1f4093e98,delivered,2018-03-09 08:38:25,2018-03-09 08:50:36,2018-03-14 00:48:40,2018-04-13 19:34:29,2018-04-03,fbb163a516fceac80fabc33c0e0453ad,2018-03-09
538c572a252f5c6e5cc6a9f172c47a0e,38312840724ceeaffab5dda0694f9b91,delivered,2017-07-01 12:32:51,2017-07-01 12:45:13,2017-07-03 17:17:51,2017-07-12 17:27:46,2017-07-27,d0248c662a32d91e0021b5bc231d58c2,2017-07-01
54822c94cce4ceb64eb08bbb05fa8fea,42ce8044da72970c92b48514f86516f5,delivered,2018-04-20 12:24:05,2018-04-24 18:39:04,2018-04-20 23:03:46,2018-05-11 13:33:06,2018-05-22,5842d0c9150cc3e6c4719e97f8d11a73,2018-04-20
af49eb64bd96a66df6582e592168e004,f20dcd0331eea6744a767d5c9798b9df,delivered,2017-09-29 13:41:56,2017-09-30 11:28:11,2017-10-03 16:28:24,2017-10-16 19:32:25,2017-10-26,ea86dd52dc334ddeb9c13130486878e4,2017-09-29
d51eb6c998198af68efed5deb04cad17,f51f8a4cd6cc2f05541f5e8097fc444c,delivered,2018-04-15 13:07:03,2018-04-15 13:30:26,2018-04-19 02:18:34,2018-04-25 00:46:40,2018-05-11,800f59bb8c8faa03257d4eebe62fddf7,2018-04-15
94eadd6bc72a7dde85095b20f33e06e9,7f85abb2fd74817e5580b4405ef2bb08,delivered,2017-12-11 23:03:04,2017-12-13 02:39:39,2017-12-14 13:48:40,2018-01-26 16:52:54,2018-01-05,640360f232febb3784beec0de4d18d1d,2017-12-11
cbb0c16aad97026473749dae23084e7c,5c55bfd2c2e052389bdc5c4b7a9d87e5,delivered,2017-09-19 13:58:08,2017-09-19 14:10:45,2017-09-21 12:40:19,2017-09-26 19:00:03,2017-10-05,9f934774b1360ae45ee06362209cb240,2017-09-19
9a900606a9398af4cfd33ef935bb00ed,5167b413ed29851e90f2f7546b3b8328,delivered,2018-02-20 21:52:59,2018-02-20 22:08:06,2018-02-22 19:04:31,2018-02-26 17:45:39,2018-03-16,6ee3f2d74c565301e2c1a54f1debcd40,2018-02-20
c8e348190c50484d7541f831a9fd75b2,927907194a41831695e363d56ba2c8e8,delivered,2017-10-03 03:16:34,2017-10-04 02:49:34,2017-10-05 21:20:46,2017-10-11 18:55:20,2017-11-01,fa053abbf6429136cc9834de008ecbd8,2017-10-03
7ed3afede9e4f41bb24283da88e6e91b,1bf8457339eaeb36acde4228f7b5c318,delivered,2017-02-22 20:39:31,2017-02-22 20:50:14,2017-02-24 10:47:41,2017-03-02 12:21:50,2017-03-21,0ec7a2de907687639ba7708527850b78,2017-02-22
87926f4f1402d4f56a21096c78d994b8,130f836722765043b992df7a42f41404,delivered,2018-04-11 10:46:20,2018-04-12 07:30:12,2018-04-13 23:04:10,2018-04-19 20:48:48,2018-05-14,df55f802941c9d68bb8c9c4c77480077,2018-04-11
f4b166c60fee8f28f16c05ad386fdc09,c2899f72e06b9264f47a9b41af8ed517,delivered,2017-08-09 13:04:09,2017-08-09 13:15:13,2017-08-10 17:53:57,2017-08-15 19:36:31,2017-08-31,f7ec6f1428f9ba2f245f93ec5b1e9f93,2017-08-09
43dd5fd2b9320473a388b6a3a1785ac3,4d03cb0931fcffd7c1a4b13e8da6437b,delivered,2018-05-07 16:22:21,2018-05-07 17:56:31,2018-05-08 12:02:00,2018-05-15 17:48:29,2018-05-23,67b70801e21ff8c93e7ad2e6a063b9a0,2018-05-07
4615c7d39bd730eaba5a1437d22ae212,09b0a4acbc34e89a6a7ea6f71aa8a6e2,delivered,2017-03-16 15:40:51,2017-03-16 15:40:51,2017-03-17 14:55:11,2017-03-21 15:12:18,2017-04-06,1462a5f93fe2fe6e5db87bbff2950df0,2017-03-16
77749ba00bdd3c6d19363c493a38bea5,9142192904c10ab30d79a1c1956fd5a2,delivered,2018-05-15 16:37:39,2018-05-16 03:15:00,2018-05-18 16:57:00,2018-05-21 22:16:35,2018-05-24,6ed5269a8360486d45bab22d695b1760,2018-05-15
104510f87942ecbbd9af73b0773b0e68,2333d7a9a57fd5d8f392de3802b59174,delivered,2018-03-31 09:17:32,2018-03-31 09:27:39,2018-04-02 21:56:36,2018-04-11 19:32:42,2018-04-26,bbb274d156da2bab113ca334c3345ee5,2018-03-31
8cbfd2b5ba048f1dd173a5309f8b5bf5,e3803fa0eac81de64abba13f1544f5ac,delivered,2018-04-22 15:57:59,2018-04-24 19:02:24,2018-04-23 22:58:36,2018-05-02 16:36:46,2018-05-16,63e8de211c546a3b02ef176429bd8ebd,2018-04-22
23eff627f4b39bbe7c0910de77b75eb4,30d7ee6ab271792628f445c8c3232a72,delivered,2018-05-16 17:20:08,2018-05-16 17:57:41,2018-05-17 12:38:00,2018-05-25 20:18:35,2018-06-04,26a9b95058d46f1e6a685688355a1cdb,2018-05-16
fff2e9e3aa8644e19710216b4ef53ab2,3aa733464591b63ba16abe084903a511,delivered,2017-05-25 17:22:57,2017-05-26 02:42:42,2017-05-26 16:12:47,2017-06-06 14:05:37,2017-06-19,d104a1857bcb78c73dec2ac5a46ca210,2017-05-25
3acfefca1b7d510f944c782689681753,fd82f1f6243134cada673eb5c862ee33,delivered,2017-10-19 13:06:58,2017-10-19 13:21:19,2017-10-19 20:33:24,2017-10-20 20:54:59,2017-11-01,cf3a8065c7324bd183ae9bc8ae4c9d9f,2017-10-19
9fc1cdaa591d198154efdbf0e8e33712,6f73cd5eba805d0532ea9099393deed1,delivered,2017-09-17 15:12:17,2017-09-17 15:27:58,2017-09-19 16:52:51,2017-09-26 18:48:53,2017-10-06,053e4f362dde6cbd1493b735fd3282ec,2017-09-17
669efc1e4d498a04728b578a35f6e92e,f69b83b4326708e8cf591dd24c1e104e,delivered,2018-01-12 11:41:07,2018-01-12 11:48:33,2018-01-13 02:02:42,2018-01-24 17:25:39,2018-02-15,441a1955fe5e041bf92298b9f99bf424,2018-01-12
4010af255873d6e26073000d24a8f52f,82c595ab5dcb46ee4c08bcef2ba09981,delivered,2017-02-23 16:39:13,2017-02-23 16:50:26,2017-02-24 15:24:52,2017-03-07 19:42:02,2017-03-20,132acb0eb75c96160db9e064d80e42d6,2017-02-23
7b9346f5875f5ba40aa2f851365d3daf,64ed151de6054d3f07c9bfcce705b0e0,delivered,2017-09-26 14:57:55,2017-09-26 15:07:22,2017-09-27 16:16:59,2017-10-02 19:47:31,2017-10-18,ee4cb494369995430d520027357b9c83,2017-09-26
9f5721ac1a943468f5591f34f17bba7e,dddeb6a18ada32b5e2e0cbc4829792c9,delivered,2018-08-15 11:29:21,2018-08-15 11:44:13,2018-08-15 13:17:00,2018-08-21 16:28:52,2018-08-24,2f2ea462ef0e8e1fbdbbbda9fe591ada,2018-08-15
bbf5ed9b1422ec62f85bb583115b56a1,c2a2fca81f9fa31bede9b92c5606bc7b,delivered,2017-12-17 22:34:50,2017-12-17 23:31:26,2017-12-18 23:19:13,2018-01-03 20:32:26,2018-01-15,2f9befbaaacc47daa28fab1e8fc66812,2017-12-17
8b83251dbc9bd02530320cceb82cc03e,7aa78ec38a25e08bf82617d92a583d0f,delivered,2018-04-20 12:33:21,2018-04-24 18:59:43,2018-04-23 18:12:48,2018-04-24 18:22:27,2018-05-02,995e3863a393f3465e260e1ad265e7eb,2018-04-20
786f969d6b0f6384dbcafb7099d808ef,1367a869b3a134edd6adb4446bd8053c,delivered,2017-12-27 17:50:51,2017-12-27 17:59:32,2017-12-28 21:21:52,2018-01-04 21:54:41,2018-01-31,5d745fc45165c60ba69c335e84acfe48,2017-12-27
b5685de8123bd5d22f75055f38b6cf7e,e799f524df8877c5895a81fb6dea992f,delivered,2017-03-18 14:39:09,2017-03-18 14:39:09,2017-03-20 12:47:26,2017-03-29 12:35:31,2017-04-18,041fb341560d3bb7036cfab81cfbf063,2017-03-18
99a29a0878f41a8dd8d2e20b2aa621c6,22830823ff4ee06179343e49ff7f26c1,delivered,2017-09-17 20:39:20,2017-09-18 20:45:42,2017-09-20 10:23:38,2017-09-25 16:52:53,2017-10-09,aee74d366d082eb52b45c20bcec09d0c,2017-09-17
522c62c4cfb541b50ffc3999515fbaf3,7d23731c0ce56e95295ae135272ad451,delivered,2017-09-22 17:15:55,2017-09-23 17:24:32,2017-09-25 14:53:50,2017-10-03 17:57:42,2017-10-19,c0d55879d7535100ca7094a97892d320,2017-09-22
ec88a091f17fb7fb6b5a498439931a1f,5bef783d290d8c384444f7b326f0212a,delivered,2018-07-11 20:15:42,2018-07-11 20:26:16,2018-07-12 13:36:00,2018-07-13 20:14:29,2018-07-23,162b212a2d34413a253afd762f8ae816,2018-07-11
d2733958b49450e568a7cda310ac055b,87084f6cae9abc94b7fe9ada355137af,delivered,2018-03-24 19:27:39,2018-03-26 21:47:36,2018-04-02 15:52:21,2018-04-10 19:20:53,2018-04-16,5e093be86aa4039c6d9eaa146d54c64d,2018-03-24
83e7d6f02761a2c17b9e5661a1666885,9da6254d98f02499baa9f562e545e257,delivered,2018-06-13 19:09:42,2018-06-13 19:40:50,2018-06-14 16:01:00,2018-07-04 21:48:34,2018-07-26,a3af9db3b686f891e7f6a7d4a27b158a,2018-06-13
d18c62967c0e60ea439822111331f6ec,8dea975d24eb60b0de4af2e1c8488944,delivered,2017-11-25 11:40:24,2017-11-25 11:51:59,2017-11-27 20:58:30,2017-12-20 19:05:05,2018-01-09,f83b33ff66a134466c0362788e45abfb,2017-11-25
0653cf037de0812e8ba775b4a0ea9c2f,bf140fe2e3a26db29d95589b4e03b3ac,delivered,2018-01-11 16:30:57,2018-01-11 16:48:40,2018-01-12 21:13:38,2018-01-23 00:41:47,2018-02-07,05ca8458d5b3e8ca4098650e24802536,2018-01-11
711b9be9c346d9ecdb9d38a5e1e7e39b,81e4aed5ab4253757305267b80712689,invoiced,2016-10-04 13:38:37,2016-10-04 14:08:38,,,2016-11-24,d7afcd4b6f0d645a8efa24bef0b66ca0,2016-10-04
830c7606efcb798e1bacdc56247dc134,1ace49e26a375d56dda111fa921f0c01,delivered,2018-08-09 13:35:56,2018-08-10 03:05:26,2018-08-10 15:26:00,2018-08-13 22:38:50,2018-08-24,7d15fd580b793c8ff29e3667ec862df8,2018-08-09
e9fb2d9703e24b2ce5207a109f7b96be,f3ca3600b3e3a18b81e657bce05fcfdf,delivered,2018-08-27 12:59:16,2018-08-27 13:24:46,2018-08-28 09:18:00,2018-08-29 16:51:03,2018-08-30,e24daef584dab37c5b532e691b5bdd9e,2018-08-27
75769af508ae5e105845b3b4813fa07a,a4850b2f860df2ca227654e927a7f34d,delivered,2017-05-20 09:56:04,2017-05-20 10:05:10,2017-05-23 17:08:46,2017-05-27 11:09:45,2017-06-14,21c2111e13a20ae0b1d6ef693f40768c,2017-05-20
eec18cec4f5f09fbfb40786402695c0c,9886facc8bd2f4fd2d3cb6295c493b96,delivered,2017-08-12 20:40:18,2017-08-13 20:50:11,2017-08-15 13:16:36,2017-08-16 16:37:49,2017-08-25,daf8072197465eabacb942e6f644585a,2017-08-12
d20cb870c4dcb39bb4703c900f4e6dfa,5d450b0db7c1b066c7dc768f9508f3de,delivered,2018-08-25 21:53:15,2018-08-25 22:05:11,2018-08-27 12:00:00,2018-08-28 19:04:30,2018-08-30,ea3d952c0a58fb5f6c986c36f0c27931,2018-08-25
3240c29a58e0f5100088c091d4a9a0e2,a282b878ff6fbe1e92f4ad9a902d97e3,delivered,2017-09-05 21:20:12,2017-09-05 21:30:23,2017-09-12 11:42:53,2017-09-13 20:08:57,2017-09-21,cf2ab9fc5ad6668597ee514bb2ff4db1,2017-09-05
1c0d773f74bac71f5ea5374fff052392,9800149c926270ae16477a55f4eec5f3,delivered,2017-12-12 17:53:28,2017-12-12 18:10:52,2017-12-14 15:07:28,2017-12-20 20:52:32,2018-01-10,5f569e1facc16520b41335b06b2d1113,2017-12-12
a557a0d8ff0129cd241d2bca612b3d6f,0645c1e309729e801e822bb721e822ca,delivered,2017-11-24 13:19:54,2017-11-24 15:33:16,2017-11-28 10:27:35,2017-11-30 16:53:19,2017-12-18,cab55216945e323b299cd9be2ede7c85,2017-11-24
8c8ebe7dc2f3642dbca41a627402b39d,4e36586a43de907487a57c6c4d851d80,delivered,2018-07-18 15:34:47,2018-07-18 15:50:13,2018-07-23 17:10:00,2018-07-25 21:58:39,2018-07-31,40f9b6aa5e7598eee29ba97490eec043,2018-07-18
084ce670827e3ebb5f585818b985bc25,9ae6a1c35062a9ef885bf22b62970227,delivered,2018-07-03 21:05:39,2018-07-05 16:40:37,2018-07-04 11:36:00,2018-07-09 21:44:51,2018-07-27,d58760239457cc420d92744d97087921,2018-07-03
c17d8e9298a127be6a6c0fe4b693275c,b089b3bbec07357f04693426004319cc,delivered,2018-06-01 15:28:28,2018-06-01 15:35:26,2018-06-05 13:30:00,2018-06-14 18:18:24,2018-06-28,c6a6215b98eca2c8a4d713555ee95c97,2018-06-01
c4c4d6af87a38d11687de496459bb99b,3717612863a607e3b9d0d96369ad6495,delivered,2018-03-06 20:19:33,2018-03-06 21:00:23,2018-03-07 20:35:00,2018-04-19 13:24:49,2018-03-23,0ad89155e038588bf01170fde49b6972,2018-03-06
fd22e91229997472d843aed4e2be8965,e0fb79ab94350c473cb5d712edb01821,delivered,2018-08-08 19:30:33,2018-08-09 19:25:16,2018-08-10 15:00:00,2018-08-13 19:07:13,2018-08-16,c21fb434ffd8f66f5febcfb3bb82ec31,2018-08-08
845741b02081020193c3b7ea4dbe1a23,d1a06aa8c01856b012f9cde59c3c90ba,delivered,2017-08-21 19:36:31,2017-08-21 19:50:17,2017-08-24 17:20:09,2017-08-29 14:03:43,2017-09-13,cb19b98e488b470bdced6f88a32033cd,2017-08-21
0d33a1e4f7c4426e2adf540cb219baef,1e487116feb9361b3221c3e93fde4d7f,delivered,2018-06-24 17:53:16,2018-06-24 18:15:03,2018-06-28 14:27:00,2018-07-04 00:59:43,2018-07-20,45a638e49125f9e17944eca6097399ec,2018-06-24
75b69b48d972622a97944744d2d77400,d39b36bae7de866a9bbb376d2b42b96d,delivered,2018-01-08 15:58:20,2018-01-08 16:08:55,2018-01-10 19:56:30,2018-01-19 20:28:47,2018-01-31,ffbd1090fa1840d6cf9106fb238089e9,2018-01-08
6c18e8919d8c368f2074946445b35dce,97e451a140faf5f6c398d22d62f291ee,delivered,2018-07-26 00:06:12,2018-07-26 00:24:23,2018-07-26 09:51:00,2018-07-27 17:08:45,2018-08-03,4d72bfdc6c5442aa9c88a833bdc2b681,2018-07-26
680b0014ca0f8fa0855a12fd91927dcc,2dc21e7d19d6f6d6a2acbefee0b6e77c,delivered,2017-05-02 00:38:57,2017-05-04 02:55:35,2017-05-04 17:32:55,2017-05-11 08:37:50,2017-06-05,67986fdf636d810d9a9e940f22e027fd,2017-05-02
e8b1491dfcdee1fdc21ca1f8100308f7,df6c931f10ffbf16ec1b2b1056d53f7f,delivered,2018-03-13 12:50:18,2018-03-13 13:08:13,2018-03-20 01:12:33,2018-03-24 15:08:51,2018-04-06,380c45d802209a08cb95a26cab8057dd,2018-03-13
d6f7121c5ede8e22d75e57b6e836871f,c167ca7e3249df1c0fce76509c0da7bc,delivered,2018-08-16 14:42:48,2018-08-16 14:55:21,2018-08-17 08:24:00,2018-08-24 18:28:43,2018-09-06,c04825f7f2dea64775bba021dd842fdd,2018-08-16
a4e8ed3c6d3f35cd4d7999f34d2a2a9a,1a6056639257dc90da72c10b56ae121b,delivered,2017-05-13 14:36:03,2017-05-13 14:50:07,2017-05-17 10:25:43,2017-05-28 09:57:31,2017-06-06,29be3536a9548cd67da83cdc6c44e40c,2017-05-13
6a4ce4b6c9db497b72fc7446e987ffb7,675149f38575f85aeb539721c522692f,delivered,2017-05-03 09:33:59,2017-05-04 10:25:17,2017-05-16 14:33:43,2017-05-24 12:14:46,2017-06-02,b2526804c81e5a51b34b26cb316d1174,2017-05-03
b6e4cfebbca461e11b3f453db216b3e2,5fba8d7ca09f3a20f54ce1b72302f95c,delivered,2018-04-30 14:14:00,2018-04-30 14:32:33,2018-05-02 14:03:00,2018-05-07 13:24:44,2018-05-23,b4c81dc481274c65dd23f553896d447d,2018-04-30
e11e49042dd9e24863991a081fd4bf19,1c3df9a5fdcd90e6aa96b5cd99bde9a6,shipped,2018-03-06 11:13:39,2018-03-06 11:30:38,2018-03-10 00:48:30,,2018-03-16,bfd41740061f03b856f98534671a41b2,2018-03-06
a6c5cbc5cadf62d9f007941e1da19433,a518e8349ce9512649f447314de4ac60,delivered,2018-03-22 08:19:33,2018-03-22 08:30:32,2018-03-23 20:22:20,2018-03-29 19:52:46,2018-04-10,93b13aeabd0f92eddec76fe7d1b3f951,2018-03-22
8be192b8116fd3957c5218c2ec049943,bc576945283c7299890a7879558a83e8,delivered,2018-03-28 17:15:08,2018-03-28 17:28:05,2018-04-02 15:57:29,2018-04-19 19:18:32,2018-04-26,92c4bcf841b9aff311259bc516ab19f7,2018-03-28
e6655b62634767edbef6221a1ec2660e,6d2dac74a2f3d4e201e7494ce958c259,delivered,2017-06-23 08:54:24,2017-06-23 10:04:17,2017-06-24 08:36:55,2017-07-12 19:39:55,2017-07-28,febca8b008dbf9f686923f7dcaad9903,2017-06-23
9e81c4ecf83ac3e5fce3ea780b1aa38e,b72f4ad269dc62bd9bb35ceacf22103e,delivered,2018-02-15 10:03:54,2018-02-15 10:10:55,2018-02-19 17:42:34,2018-02-20 18:59:03,2018-03-02,230b4f507363554472ce5dc51568c948,2018-02-15
40cc087704cdc9456b35cb98bbd6c8fe,d8d1697c07d4de01d911f6287bca774b,delivered,2017-09-21 21:32:08,2017-09-21 22:48:06,2017-09-25 19:25:04,2017-09-26 14:27:38,2017-10-06,71df425cb9aec3337bc969df451d663a,2017-09-21
dddc39f5e5e0fa66470e4fd815a31c5d,67ec30c3644befcf17d88bff9f9fd1a5,delivered,2018-07-11 11:18:33,2018-07-11 11:35:13,2018-07-17 14:16:00,2018-07-24 16:32:20,2018-08-14,9b73fc3f0ec886a6d9801d8d90023653,2018-07-11
4c965a6b51f418eb66abfe9e102e98b3,79259b4281075f474da7d53f057c08af,delivered,2017-10-21 20:54:47,2017-10-21 21:14:13,2017-10-23 21:25:07,2017-10-25 20:41:48,2017-11-03,c72c5c7c3af5eb788aa4608b39ea6ffe,2017-10-21
f5e55d131e51bd5f0dccc56c9096a951,a27a14f50c9ade8811a5c353a6331eef,delivered,2018-04-28 13:26:23,2018-05-01 06:13:17,2018-05-03 09:21:00,2018-05-07 14:36:49,2018-05-21,f2f5927dde43e342dc5b5bb8bb5c0f95,2018-04-28
a7384426d477fd16a093284ebc51ba0b,2b26cb2b1582d5b1be9e122a56be6f43,delivered,2017-03-01 20:18:32,2017-03-01 20:30:16,2017-03-02 10:48:35,2017-03-13 10:24:37,2017-03-22,8d51216cfeb9efed71d0570e6a3c327a,2017-03-01
cc33143e956d12c68737d2ea49910386,c7212c6b00c93655491af0bddc4fd7e4,delivered,2017-03-22 15:57:01,2017-03-23 16:03:46,2017-03-29 14:01:36,2017-04-03 15:07:49,2017-04-17,82b7ede6a7d085be958fd987a87159c1,2017-03-22
30afa4792f6e5ee287ff87fa649e56f9,6a8e065530245694f01cc0f62044b134,delivered,2017-09-01 16:37:09,2017-09-05 04:44:19,2017-09-05 19:53:50,2017-09-06 17:33:37,2017-09-14,866dc7313a096e4b4724a158516aad22,2017-09-01
58136c793ec750208197137a718e94f4,64912840f73be40841f3675ae7268800,delivered,2017-06-29 17:06:02,2017-06-29 17:20:08,2017-06-30 15:46:15,2017-07-12 19:19:49,2017-07-19,c85e6d09bd8c4a56d801c0290d13438d,2017-06-29
28a32ec11abbac5c27adfa4d8cbc351a,57227045173898a44efa3707ce0d7399,delivered,2017-11-26 18:33:35,2017-11-26 18:53:45,2017-12-04 21:41:50,2017-12-12 13:38:32,2018-01-02,4bbba2a307995c25e9d635cc1a9700d0,2017-11-26
47f94daa7c25c51ecaab4744c6025f2d,4740646ef04bb4fe7d76985526e58afe,delivered,2017-12-12 19:09:19,2017-12-12 19:17:20,2017-12-14 17:07:41,2018-01-17 15:44:13,2018-01-05,78f6f900017024755baa2ebcf6e94c7a,2017-12-12
a0de51cbad4f3e14a380e07a0b88ee7a,1d105baee439636393150693975dc2cc,delivered,2017-03-04 14:55:51,2017-03-07 04:03:13,2017-03-08 12:41:35,2017-03-17 12:25:05,2017-04-06,56ca66bcf6d0b1a37817d2ad039eafdc,2017-03-04
c6f24de5c976bfafc4a340b805c70fe7,eb0424db69f42111ab7c8e8dcb5307c8,delivered,2018-02-06 09:34:41,2018-02-06 09:50:26,2018-02-09 12:28:37,2018-03-03 11:48:34,2018-03-13,a295dc9145e168cf5a93a4bea7225532,2018-02-06
5ef46c939902d5213ce1ce081146a410,98eb7498d55be85bce93789b8064acbc,delivered,2017-10-29 23:03:16,2017-10-31 04:26:54,2017-11-02 00:13:21,2017-11-10 18:48:40,2017-11-23,ec51e5c8206e8a673f622d3cc61ce0f4,2017-10-29
927ace45edbc6f486fa5656683aa791d,9d152916f0320da486a98c2231599a4d,delivered,2018-04-05 21:50:13,2018-04-06 21:49:20,2018-04-10 20:49:28,2018-04-27 10:48:55,2018-04-26,739569d155392a052c876b8f60a6ee41,2018-04-05
507f91afedbd57681c60c5d8c447716f,c958c1fbd0747ce852aea9017838ee5c,delivered,2017-03-15 14:12:00,2017-03-15 14:12:00,2017-03-16 09:22:31,2017-03-20 07:08:48,2017-04-03,42ccb64a8249790bfbf885c6efc1cb40,2017-03-15
12c49270845b0006a7036adda4045c74,9cfce2cdb27217970f887a8c3703116a,delivered,2018-02-21 13:32:45,2018-02-21 14:31:38,2018-02-23 20:23:04,2018-03-16 16:26:23,2018-03-14,8610d0b6aaf37818de21daf5c7773a79,2018-02-21
69140db0db6aff7d50eb3f0e8c8a5016,b1cdcbc7bfab9305894a5693c993687a,delivered,2017-06-03 09:57:33,2017-06-06 13:05:42,2017-06-06 14:10:03,2017-06-10 10:18:02,2017-06-27,0ce6d8e7f2b6592768185b1782a0b5aa,2017-06-03
e2cd740333fe4585ead5c50c61edb6a5,4a51cb396dec2a0c8395363ebae19916,delivered,2018-01-08 21:24:09,2018-01-08 21:50:29,2018-01-09 16:19:01,2018-01-16 22:26:45,2018-02-07,831d5ed354fc1d51fa7e6a5f981e8069,2018-01-08
56adbed615cf6836302069e3a9784702,0b6a3d281b126b6fecdae5352da24cac,delivered,2017-11-24 12:47:49,2017-11-24 14:57:40,2017-11-27 17:53:21,2017-12-11 13:53:44,2017-12-14,cd5cd7e22f2acfb5df74bd247bf41bc2,2017-11-24
6ad6a8701a498c74450b0876eda2ecb9,97b9a5321e3692d75b86417e0cd4d83d,delivered,2017-11-11 22:34:51,2017-11-11 22:50:31,2017-11-17 18:17:58,2017-11-20 13:38:46,2017-11-27,19907f11bb921f810c74da2d118ac218,2017-11-11
85f1a7c5b82d38cc3a4e8bb7111a40d2,2a337cd26f2ba55b48e0b812061d4b45,delivered,2018-04-15 23:04:47,2018-04-16 23:12:02,2018-04-17 15:48:49,2018-04-18 16:12:49,2018-05-02,71782ac14e44cbbdd9c38f40abd5a4d4,2018-04-15
10938b7ea022f888b8a2683a6a0fc533,3d79e35468914192eb3d1b15687d34a4,delivered,2018-04-10 16:06:56,2018-04-10 16:31:09,2018-04-12 19:31:13,2018-04-16 16:28:36,2018-05-02,686f427fbeebfc5e7459e9d216ef1b8e,2018-04-10
36683f777b9845c20b2721501c1e67dc,719392a7a5473b77c7131b02a3ab1ffa,delivered,2017-05-29 21:46:58,2017-05-29 21:55:18,2017-05-30 09:12:35,2017-06-06 19:14:35,2017-06-21,0577db0efc765dafeb6ff6ad59238c0e,2017-05-29
3ee6a5145ccf8837184fe98c491e232c,7e717f19f1be475d462d048552c7e0fe,delivered,2017-12-01 17:09:35,2017-12-01 17:30:26,2017-12-07 22:10:40,2017-12-08 20:34:35,2017-12-27,25ee64833b4517bbd910f6f981859626,2017-12-01
ba69999c786ff19bdbff341ea39a3b54,f0b2c1bf100f2ca96f092740bbf1156c,delivered,2018-03-02 12:58:05,2018-03-02 13:15:30,2018-03-06 19:04:14,2018-03-16 16:11:50,2018-04-02,4e32c2752aeaa8d8b99da2b145a1c826,2018-03-02
5381727270fcf411f98509c7462ea3e6,747273f8933ca373ed0b2640610e56e8,delivered,2017-12-07 17:58:26,2017-12-07 18:12:09,2017-12-12 15:08:55,2017-12-18 13:44:38,2018-01-05,61f53a955923a271a5a805c3ec1d67cb,2017-12-07
f144d2196005dc7f715ac8e51a03ff3a,5e0e237528d42f6f95ccdae5b516e2c5,delivered,2018-03-21 12:20:07,2018-03-21 12:35:26,2018-03-24 15:03:31,2018-03-28 19:15:47,2018-04-09,7ea09ff7ed3ea1234cd9a3db5740135d,2018-03-21
acd8b5c9553781a42c06690b5332a9f2,6a3bfd19e5e2a0695d4fbe8bd00e15e0,delivered,2018-08-15 22:41:15,2018-08-15 22:50:10,2018-08-20 09:30:00,2018-08-21 18:25:34,2018-08-24,875d7af9d517f8072e6c9c5c5148439e,2018-08-15
3f1cef1dad28d66ac73d711f75a8ade6,93732ed72146ae356dec2a111f0879e1,delivered,2017-02-09 21:36:29,2017-02-09 21:50:16,2017-02-10 10:49:27,2017-02-24 13:06:30,2017-03-14,13ec734449904d3346466df58a6db4f7,2017-02-09
16febac56c216c1cc40407ff81315a97,d36ad67e31081649d98206e542b056fb,delivered,2017-09-06 15:31:17,2017-09-06 15:43:32,2017-09-09 13:22:35,2017-09-14 22:35:52,2017-09-27,e68856e8450afe7390b02d1b2bcefb29,2017-09-06
2823ed00ae59fbfb1749e613d3888384,f380ddeb72aa4358af2f9d4a9dab1da3,delivered,2018-02-20 20:38:22,2018-02-20 21:20:21,2018-02-24 01:33:28,2018-03-19 12:32:56,2018-03-20,a368079a0bebc82daf9ee12fd8a6ccd1,2018-02-20
60b95ae48ea59d34eeb4b8c8c6c3bb71,c3fd6b5ceb88dc05412c8419f98c7779,delivered,2018-06-18 23:10:33,2018-06-18 23:35:55,2018-07-03 15:02:00,2018-07-09 15:08:41,2018-08-16,117a96c874fa6f587fe324eb89d65703,2018-06-18
768351bcdb7630b77da379eb5a54e9b3,22e7d05a63bb1bfe0b2eede7b74723c8,delivered,2017-03-11 15:19:53,2017-03-11 15:19:53,2017-03-15 10:00:34,2017-04-07 14:42:17,2017-04-11,24b75b0b4b339925164dd10697cd6e09,2017-03-11
48275cf565f4ea4f291da07bbbc7d330,48feef90ef337d61dbd501ba9fdec246,delivered,2017-02-12 17:28:07,2017-02-14 04:15:24,2017-02-14 08:30:27,2017-02-21 13:17:57,2017-03-16,95527002c6fc43702983d4096149d997,2017-02-12
138154e59536bfac1cccbc4198385c08,204d306402eabc695addca8f33c8fc1d,delivered,2018-01-15 13:24:53,2018-01-15 13:35:27,2018-01-16 17:19:53,2018-01-22 18:39:41,2018-02-08,57c06dd65020c628bedf9d082cb3c946,2018-01-15
74337d4b8aec7d9b18c016cff22129fe,31f52a0666897583ffda8c05eed54aba,delivered,2018-06-09 22:28:18,2018-06-09 22:59:15,2018-06-11 13:28:00,2018-06-19 21:04:22,2018-07-13,fa4b986ddd49f0ac5f9b30baae85c8e4,2018-06-09
e5ac3ed8cb50fb70e917345ac5e9f195,cae95c9edd6def3660ee51bf1b154b9c,delivered,2017-05-17 09:07:59,2017-05-18 02:26:05,2017-05-18 13:17:34,2017-05-26 14:28:06,2017-06-22,abe052717d4563411eff0dd761a6670a,2017-05-17
a7761506ea2b30bff4d555a4bb33acc3,6f4be82841853a096ebba32e46db7048,delivered,2017-10-13 13:33:26,2017-10-14 03:46:38,2017-10-18 19:47:41,2017-10-25 21:26:53,2017-11-07,360b7c2e6dd484656d44e3afca64dec5,2017-10-13
630851c26588ce1346328ce74a222c7f,23e04819069fd4769e34af02b09bdc3d,delivered,2018-07-30 13:54:40,2018-07-31 04:05:35,2018-07-31 13:33:00,2018-08-15 21:21:09,2018-08-27,be5dba93797ce19f2b4457c015086a20,2018-07-30
2684b8d49a43f210eb2724335388e84d,56d6f579774121aac7b8ba62da225661,delivered,2018-05-09 23:26:16,2018-05-09 23:35:20,2018-05-10 19:23:00,2018-05-11 23:36:37,2018-05-22,7edad59112795035c2acbb378d3f7e99,2018-05-09
ac5dbdd1bd9d027a65020cace8e357ba,d06ccb7295eb16b03e1539665c0f6e13,delivered,2018-01-20 09:47:24,2018-01-20 09:55:37,2018-01-24 16:59:37,2018-02-09 19:04:17,2018-02-22,f025f4db3745551e06331b5427891dd1,2018-01-20
84e3112c2a4f1708a00c880218f52886,b58f4730e9310e940e9f674b4cdc936a,delivered,2017-11-27 21:55:05,2017-11-27 22:17:48,2017-12-01 19:32:48,2017-12-11 20:53:34,2017-12-20,2b5163db658105e756b91611089dc344,2017-11-27
0113affd907a209209ab08413bb54226,e4d417e5628f278edd59031ac99c168a,delivered,2018-07-09 20:46:49,2018-07-09 20:55:27,2018-07-16 13:48:00,2018-07-31 18:26:36,2018-08-06,ec7d40c66edb9281d1d9d58d6a974fac,2018-07-09
dfcf78d03c529afb0f155890a276536d,acefe4b95b6fb69d2ab2ff6f84c31a49,delivered,2017-07-02 18:47:09,2017-07-02 19:03:46,2017-07-07 15:39:50,2017-07-12 18:19:48,2017-07-14,26d9bf40b97ab092db36128329a0e9da,2017-07-02
2ca72b762bd6252e6d2ffb6188556add,26480f610ed26b28b18d2dbc0e0f3efb,delivered,2017-12-14 15:15:06,2017-12-14 15:31:27,2017-12-15 23:28:49,2018-01-05 19:55:06,2018-01-12,0bbab1155e8ce20e988fab57343aa995,2017-12-14
403ee67b92b2fc4c2c2ece77d61b168c,ad38953c83078a2435f08d54d39ee7c9,delivered,2018-05-05 11:09:09,2018-05-05 11:33:42,2018-05-08 14:33:00,2018-05-11 14:57:03,2018-06-12,fe48d57c844190faa13fd5505991bf9e,2018-05-05
d27cfc6c8d78bf11f6a4718f21ef6b01,1b4619c88bc267fa3b710ac3ca68800a,delivered,2017-02-20 16:53:03,2017-02-20 17:05:12,2017-03-02 08:27:02,2017-03-09 06:08:01,2017-03-29,e78dbce12ce0dcc3c8887df21955ca72,2017-02-20
e327b1f61853b5d93ba0c53bf998b557,dd742ad37209136e32c9530457372fe9,delivered,2017-04-01 15:42:51,2017-04-04 05:55:25,2017-04-05 07:23:05,2017-04-25 15:16:33,2017-05-09,7c927c2454a57a0e02fcaceb99750523,2017-04-01
ccb379daf2809ecb372b357caf254c33,1b7d58a6ba4bcfa32aea12da4a864b36,delivered,2018-07-29 12:29:55,2018-07-29 12:44:21,2018-07-30 15:15:00,2018-08-01 16:12:07,2018-08-09,08538899c9349c72a2286e39a0a31717,2018-07-29
21787a9b049d1651878b1a9bb3fec657,eb09ef2f28cf8c053eda6a633347f73d,delivered,2018-04-06 17:16:18,2018-04-06 17:30:23,2018-04-09 18:28:52,2018-04-17 02:02:21,2018-05-03,0cae3e3f9f17955cf951b6b5e03ab9be,2018-04-06
54712d4ca80b81caac326c16fafc300c,b5ebd20931e0aa305e53e7a18d65bb06,delivered,2018-06-14 16:33:24,2018-06-14 16:58:32,2018-06-18 12:11:00,2018-06-25 20:12:16,2018-07-20,7c7da83f82793be37ab68cfd215cbca8,2018-06-14
9de58a725e435fc7ff5d41e6d8691788,f0f4a52656c30d79da81bc6b0057ddd8,delivered,2017-02-04 18:25:15,2017-02-04 19:04:42,2017-02-20 08:46:05,2017-02-23 16:44:39,2017-03-15,1923d9efabca7513e7d8e2ab4a656a67,2017-02-04
2b4b4a22de76a4cc703a9d68cb690bae,0cbce6934c79d9c012e64ce1daad6750,delivered,2018-07-05 14:55:32,2018-07-06 02:55:10,2018-07-17 07:48:00,2018-07-23 16:54:45,2018-07-31,70d84d139444fa0508a14ddf7a50096d,2018-07-05
50cbc0ce14ba62ab76c2c353dbf6bb7d,6e4fce89806ba59751307949337ed655,delivered,2017-10-09 12:17:50,2017-10-09 12:49:15,2017-10-10 19:43:49,2017-10-16 21:43:17,2017-10-27,42befda568ea0df110b6cec63c233bea,2017-10-09
3c3a231d25bdc9110e295bd809ac5e08,d2655a7659f341c72e6b8752a83ca5be,delivered,2017-11-26 10:53:19,2017-11-28 03:31:33,2017-12-01 14:12:37,2017-12-07 16:28:37,2017-12-20,f81b4d5aa7f81a315740a2701721693a,2017-11-26
ab500cb1d60a0e2ae7ce02ef4e8236d9,0517275619c2cf3f948fd80048339422,delivered,2017-10-18 23:22:07,2017-10-18 23:32:39,2017-10-20 17:10:13,2017-10-26 18:32:55,2017-11-07,cc344e22d5f33eb4ad85fb088ea60833,2017-10-18
f0acba5e31c243b3ba15fc908e1c0034,7c1566a8236807fdd72aaa3c44c1d3d4,delivered,2018-01-14 15:14:16,2018-01-14 15:28:33,2018-01-15 21:21:49,2018-01-21 14:08:08,2018-02-14,8a665d83c1dbd3bccfda3a4d79f66171,2018-01-14
338d127554d67a15cb4e257742847056,13a6bcc8613c796033664f81fec6fc70,delivered,2018-01-31 08:51:08,2018-02-01 08:51:26,2018-02-01 19:26:03,2018-02-16 12:35:21,2018-03-02,d8c9bcfdb052d3431868568f91eece65,2018-01-31
7a47bfd32ec0555c396657f5d98ef7b7,887ab28169b9f7f2729f991d0b1eb3ee,delivered,2017-12-24 19:51:20,2017-12-24 20:08:10,2017-12-27 15:33:18,2018-01-05 19:23:16,2018-02-08,1bdd29b0ce429f555ef1167c41769a85,2017-12-24
11b6318ec732b94b5593c66ef1f37863,2eeafd9d0467198f7d94fabf020d86e1,delivered,2018-05-16 10:47:06,2018-05-16 11:19:00,2018-05-17 13:07:00,2018-05-18 22:12:44,2018-05-24,e9f90fb4f8b985b9450638226b9543fc,2018-05-16
5b8d793745f3ac9e033f77ff0f8ea88c,e50282a57bfcb1996979f08a9c82c765,delivered,2018-04-25 12:58:56,2018-04-25 13:15:08,2018-04-26 11:56:00,2018-05-23 17:13:25,2018-06-05,9d9b80aa47b4045db6932eed0eefd59d,2018-04-25
19a321ecdcd24cde55aa21aef3693080,9f74f559f6013fc7c526c3333c7ebc2b,delivered,2018-03-27 16:28:09,2018-03-27 16:50:52,2018-03-29 18:39:16,2018-04-11 22:07:28,2018-04-13,1d27d784106148afe2e99264f6a198eb,2018-03-27
965a6495fa9d7529c9de27134b8698c6,d0247c28374e4e18ae76a079b07f69e5,delivered,2017-11-09 12:46:52,2017-11-09 13:07:52,2017-11-13 20:44:48,2017-11-18 12:28:36,2017-12-01,da8e45253ba646d4a0eba2d10ac9c889,2017-11-09
01946da9e2db8bab61d79296c037ee1f,14532f1320645821a6da04e049dc6b53,delivered,2018-01-06 17:48:40,2018-01-06 18:06:39,2018-01-08 17:42:45,2018-01-25 19:41:06,2018-02-06,3e1f5ce6a6847bac4bc3f20a2c3a58d0,2018-01-06
3c153f5d35e78b843022376a66dac30d,6d4c670ec12bca4a383d5841d79f5952,delivered,2017-11-24 11:35:33,2017-11-25 20:17:25,2017-12-01 15:09:05,2017-12-12 14:23:52,2017-12-19,8d230854cf974179c7ae4e4c81230a1d,2017-11-24
7106d4481a2ba708b934d912e3b4413a,11024ab79fef63ba4aba813bd23823f0,delivered,2018-01-29 19:47:14,2018-01-29 19:55:28,2018-01-30 21:38:54,2018-02-16 19:13:30,2018-02-23,d997afde16cf500218094945b8eea046,2018-01-29
55b2ad4123def9f023f3196c460badca,c813e3d2a88b76286dde28c40fe181c4,delivered,2018-02-13 14:35:25,2018-02-13 15:08:01,2018-02-14 19:27:36,2018-03-19 18:46:31,2018-03-12,290caae6401545a3337819493aaa8163,2018-02-13
31dc5103a73f31b15f42c3a5367efcf0,7abd77b51deeabe8ad9fb72b41459570,delivered,2017-11-24 23:22:30,2017-11-25 02:15:37,2017-12-04 16:27:41,2017-12-26 16:52:09,2017-12-18,69ebe4121049936c63874c340f4c96af,2017-11-24
8644d20fc1d990622fd19bd143ea7abd,0475a2c07b935b757ebcf4a0cbf8c332,delivered,2017-05-30 18:18:37,2017-05-30 18:30:14,2017-05-31 10:33:06,2017-06-05 14:07:02,2017-06-22,df80c5d2d57eb3e58274bf571c66dfcb,2017-05-30
5cee1e12f1ce78f2ded0e50055aaf638,079954fc02a0b0ded54465ecc1f1e6cd,delivered,2018-05-20 16:52:56,2018-05-20 17:10:25,2018-05-21 10:34:00,2018-06-08 22:24:58,2018-06-25,072dac04bb50613ce069d18e641ba0d8,2018-05-20
df8c077268f7f3baaac0892eb3143642,5bfe800011656c0afb81db64519982db,unavailable,2017-02-01 00:04:17,2017-02-01 00:30:55,,,2017-03-10,0071f46a072a9ae25bbe4438b15efe9c,2017-02-01
d10a096222e79b442a554b53eab60f9f,f2bfe91c73291dd12b088dbbf7c4b1f7,delivered,2018-02-05 00:42:57,2018-02-05 00:56:08,2018-02-06 17:04:29,2018-02-14 19:52:57,2018-03-06,4f928a6270233d6c7c4e73919fa12295,2018-02-05
4820438862b5615d0c4b3d7c2ae30855,021987f5dabdb8e550dc74b02d6e2371,delivered,2018-05-11 18:51:07,2018-05-11 19:08:32,2018-05-15 15:06:00,2018-06-07 15:52:38,2018-06-05,6d21443a02f0993b8262cf0da414929b,2018-05-11
a767d7ce801115c680495fc2ecdf36a3,9924d9f4a1fe48aa591d0f4b596a0ec6,delivered,2018-04-16 17:36:55,2018-04-16 19:11:21,2018-04-18 17:05:01,2018-04-25 23:58:32,2018-05-14,cac6462be73fe5bff7ed9ee6f8c89d24,2018-04-16
f1d6087db90cd2b8feb467f5924d4f08,db413ec55ca6ad5b093d08c564cf9a9a,delivered,2018-08-14 17:26:41,2018-08-14 18:23:55,2018-08-18 08:43:00,2018-08-21 12:35:38,2018-08-22,c38ea92aa01ad97a67b5fdc061846fc4,2018-08-14
83f6cb8aeb5110d722e025c724011f06,992a21aa47aee416164fb221a5880370,delivered,2017-03-08 15:34:05,2017-03-08 15:34:05,2017-03-14 15:09:29,2017-03-22 08:38:41,2017-03-27,f74a6b1fdb1ac55d4dff82139cc6c55f,2017-03-08
7e0116db05fb76773a33ff4e6e9b841e,6dfb2961d9ace9cef6f6754b38ca3845,delivered,2017-11-24 23:44:54,2017-11-25 02:32:48,2017-11-28 17:12:17,2017-12-18 23:08:10,2017-12-21,437575693e7f49a32c13c5e402b30631,2017-11-24
b57b3958cf9a3e784bef1df23bc9b9fa,59ffee5e19c99f7991b5e57f452bbb3b,delivered,2017-11-23 23:19:10,2017-11-25 03:51:35,2017-11-28 15:46:45,2017-12-23 00:03:34,2017-12-26,bf6f2042aa3bc2cd85e5c186dbc06657,2017-11-23
d077e337c81f9e6f14dd798fe60d90d0,9cd1932f6366005d7fc2819e4b524941,delivered,2018-05-08 21:36:29,2018-05-08 21:52:09,2018-05-23 12:59:00,2018-05-25 21:38:19,2018-05-30,1e15fe81c685c1580edae27baee70608,2018-05-08
6ae15bd9804be2bd1217f4583325802f,58eef387307ca6f5acbe151dbd4d1b10,delivered,2017-03-15 23:09:18,2017-03-15 23:09:18,2017-03-16 10:06:56,2017-03-21 12:05:45,2017-04-03,70f437bf3a02c658a32b320b87e25127,2017-03-15
b691ffb0177f480a9a5eb8772050bb2d,5d8e9bf326847e0aff523d2a032bbfe6,delivered,2018-05-30 16:20:16,2018-05-30 17:57:34,2018-06-01 15:12:00,2018-06-08 00:38:25,2018-07-04,1c2578eda86b35629ea3f22dbe4201db,2018-05-30
f3d15fc6394b30a6a35e4c3886208777,e34d70554db55ce4dc72e27ebaa26a3b,delivered,2017-07-25 12:12:24,2017-07-27 10:10:08,2017-08-04 21:10:38,2017-08-22 20:43:10,2017-08-22,7eac2f7bed76b60c333c8d646a8300cd,2017-07-25
14c99dc23c614159bed88378c219456d,9f340837a355b99272f81b612f396566,delivered,2017-08-06 22:22:24,2017-08-06 22:35:16,2017-08-10 19:52:25,2017-08-11 18:00:04,2017-08-18,6d0fc8d55251c38ea034b0ea5c844f38,2017-08-06
93feaaf6bcd5ebfd8e50ddca7a8e3d0a,3114d637f54a47ad83603a3cbfccb511,delivered,2018-07-20 21:19:51,2018-07-20 21:30:45,2018-07-23 14:13:00,2018-08-16 21:59:01,2018-08-31,b199f68a57e6afbf65d5d0e0ad11cbbc,2018-07-20
0893ae2dd572c400965d60fa77f45076,32e2b0ae693a8b4699e23eebb370dea3,delivered,2018-07-18 10:23:33,2018-07-19 04:35:16,2018-07-19 13:26:00,2018-07-24 14:58:37,2018-08-06,61bcee3f95beae3d04d367bf937703d4,2018-07-18
789ad4169dcd29dce4417a113de1e0a0,2b694db51dee9b81a5e3d0fdef04f3c6,delivered,2018-02-28 18:01:37,2018-02-28 18:15:37,2018-03-02 01:15:07,2018-03-13 20:06:23,2018-03-19,8753b8629e500d1c556daeeb8da3ca75,2018-02-28
bb4648eb654b7296660ddcbc2ac64c0f,3436830523f11956f158565d582de289,delivered,2018-05-27 15:56:17,2018-05-28 15:56:22,2018-06-06 08:20:00,2018-06-20 18:18:22,2018-07-05,8946e8c5cc3302215a736abd180f9c08,2018-05-27
8b3ad20d8b8078adcd5384b69742b1c1,d881deecb3eb4abd1661984f8429ed1e,delivered,2018-02-06 22:17:40,2018-02-06 22:31:35,2018-02-07 23:12:37,2018-03-05 18:09:44,2018-03-06,04fdd3ae5325927df81c7344d504a884,2018-02-06
56f4b702b959eee297b018acdb60c380,2d90c7d62a912282ac15ea7d3f09a075,delivered,2018-02-01 11:43:40,2018-02-01 11:55:46,2018-02-14 23:47:07,2018-02-21 01:27:04,2018-02-20,b463aa86422087e97281b2787590fb0d,2018-02-01
d77cf2f162aee9c140d2b98ed09019c9,608e2ee5f057c6da607b3fcceeac2cda,delivered,2017-11-24 23:37:48,2017-11-25 02:19:28,2017-11-28 21:28:54,2017-12-29 12:54:05,2017-12-20,83f719b43492b71ef5b89197fae7d988,2017-11-24
4799c38fa3f9263d65b42c5f923538c6,b9da07b57372061cd82dbb1df5a6cfd2,delivered,2017-01-24 09:42:13,2017-01-24 09:50:17,2017-01-26 09:42:38,2017-02-02 15:52:00,2017-03-07,6b5fa65642acb463c835ef79de54c1ae,2017-01-24
1d301b935a2555d96600d432bbf859b9,71b4c6e6533aedf91badc5276da1b344,delivered,2017-12-13 15:58:33,2017-12-13 16:10:55,2017-12-14 18:41:52,2017-12-22 19:48:59,2018-01-11,cf9dee1201f8413d6618ebf94dc94301,2017-12-13
6632888390f3af5ed95c013591e1d625,bcb15fe39a9e338031254851ada7c6d7,delivered,2018-04-23 18:27:04,2018-04-24 18:58:33,2018-04-26 13:50:00,2018-05-03 20:58:58,2018-05-10,dcd9ed0032f9acf5696609931d6b3bdf,2018-04-23
021645306ea1563079aaec6e96f20d38,765f69252734ee67b9b129b30f8220a3,delivered,2017-04-01 21:57:17,2017-04-01 22:10:16,2017-04-10 15:57:03,2017-04-13 14:26:47,2017-05-10,ec83d060d9a0abba4b409c544c744c2f,2017-04-01
6d8102dfb9acad707f6e15b413270621,cbc1a4a40e7aa73b36fc4ba3e3bb663c,delivered,2018-04-07 21:15:34,2018-04-08 21:10:54,2018-04-10 00:28:47,2018-04-10 17:19:22,2018-04-20,81727db8bf17c790200c566ebc8fa2e5,2018-04-07
043e7f7cfe1fdc68f4ba3dc83504db83,dde9aa56108832961eb53e80ac4a2e5e,delivered,2018-07-02 22:03:59,2018-07-02 22:15:15,2018-07-03 12:46:00,2018-07-11 21:48:23,2018-07-27,249bd5d40e52b5e10280890b693bc49b,2018-07-02
5016bbd9915b475906c3e5db8f45bfe6,761c1b5ba804fd172684d5c85ef49c07,delivered,2017-11-26 00:27:46,2017-11-26 00:33:31,2017-11-27 22:14:00,2017-12-19 21:13:40,2017-12-20,508f416faa150cd3249d045d81c93399,2017-11-26
707c5f99c91cb848fec1431b02073446,4c803d00555aca1e29dfbd31d29a3218,delivered,2017-11-19 14:22:35,2017-11-19 14:30:22,2017-12-14 11:24:43,2017-12-14 19:22:57,2017-12-07,4e8651a2178dc632097e184aa8868fff,2017-11-19
f5c6d2e1e505748547e4ae426b377168,5f04a7c4f329379b5cc02038ce8380c8,delivered,2017-11-25 09:55:46,2017-11-25 10:14:50,2017-11-28 20:26:52,2017-12-12 17:24:13,2017-12-18,9ce510a1c8c2503b4af5233bb8d1ac8d,2017-11-25
722240f8e46028995a04cc68f3fc1602,41ade4b6eed921a3540bc9b279575b64,delivered,2017-06-08 11:45:38,2017-06-08 13:06:02,2017-06-12 04:42:37,2017-06-19 21:25:44,2017-07-13,7371724cc4cc1386274d9efe1b1f7c07,2017-06-08
feebdfdb4759bd4600d52547c81b4fa8,5c296f7939550b876425980a5d7da5ce,shipped,2017-09-25 08:57:20,2017-09-25 09:10:09,2017-09-27 15:18:41,,2017-10-24,51e96af5f0314b37ecdc524b4c44c06a,2017-09-25
75f6fc813634864d90b8460cb0133b7c,fb765a48e9f6c36764e23c01eaa9547d,delivered,2018-05-21 14:25:08,2018-05-21 16:14:15,2018-05-22 13:55:00,2018-06-07 20:18:41,2018-06-06,c055ef87c7194b7a6e3a986b2923b9eb,2018-05-21
8310cdbd05266e3cd7777e012ad9e5ea,7142bbfac897d769be7eee19aa1a9242,delivered,2018-05-01 20:35:21,2018-05-01 20:55:32,2018-05-03 06:31:00,2018-05-08 23:46:35,2018-05-22,5a67f586c461ff4fe70143d4938bc1a1,2018-05-01
eda3cb37479a52de9848bfba4b805cdf,6a511c608ca737b62ce160178b17ca5f,shipped,2018-05-04 12:55:43,2018-05-05 03:33:38,2018-05-07 15:05:00,,2018-05-29,58f9481a6d59f6ff267e4cdfcd8251be,2018-05-04
3794637715d8b081505b74d3274f9c4c,a84befba87db6aa26de1a34fc2d72e9c,delivered,2018-06-16 23:35:17,2018-06-16 23:55:04,2018-06-18 08:26:00,2018-06-27 13:26:24,2018-07-13,6878c285b2a8fa0f61c2d0772cdb6c85,2018-06-16
79e843f791612177a6bb9f948f96f904,a27d37b50d5647c132898b4fbb6782e9,delivered,2018-06-18 15:34:13,2018-06-18 16:40:26,2018-06-19 14:45:00,2018-06-20 19:24:25,2018-07-03,ec442faae8422b7ea35399ad213ff494,2018-06-18
d0f997047dcce0d9a1f963e986802d25,cf20ab97b8305782e315823c68c7eb22,delivered,2017-11-22 21:32:02,2017-11-22 21:46:21,2017-11-27 13:51:57,2017-12-01 22:51:35,2017-12-11,bfe08c22c351563f9a9049f046bb1ee7,2017-11-22
14c7dfb8e61a3df193f153c72a99a3e5,19ee522d0dd140702062bb89e4820e19,delivered,2018-05-16 12:12:10,2018-05-16 12:39:24,2018-06-04 07:18:00,2018-06-05 20:07:46,2018-06-04,8e7b6c489f1fe794c0ca58c80868a24b,2018-05-16
8726f6a81f4ae5a390e7e638a31e9a21,c96e84fe010b6c64f16216b8786fa0a9,delivered,2018-06-03 00:37:51,2018-06-03 00:51:23,2018-06-06 12:06:00,2018-06-26 21:35:36,2018-06-28,1570fd02cc445d9818f908de84103127,2018-06-03
a71ebda57a67e6349ab52539913f78d8,324ec4addc12b40f3f4223fc376185fb,delivered,2018-07-26 16:24:10,2018-07-26 16:35:10,2018-07-27 10:32:00,2018-08-02 22:22:43,2018-08-10,0bf96ae17d786534def0b9f7ae788b14,2018-07-26
fa5dc4c3b8326a0da88dc49b20e0ed27,6311060a7264023c715502f1608b1147,unavailable,2017-11-17 20:08:03,2017-11-21 05:09:15,,,2017-12-06,8eca66d1420d3d84211c668c66a1cedd,2017-11-17
67b0499c2ebfc14f8d5f507ac029a683,40ca21e6d30779f6bbe94376d5126f4f,delivered,2018-06-15 22:14:48,2018-06-18 16:23:16,2018-06-19 14:15:00,2018-06-22 17:32:29,2018-07-05,9b56621a497380ade46b870459f4cf8c,2018-06-15
715d1b25b622ce303939e77c3aaa03f1,72fbf3e6bf841e7d04042b8358883f9e,delivered,2018-06-22 00:15:15,2018-06-23 01:40:29,2018-06-25 13:45:00,2018-06-28 18:35:51,2018-07-05,c65e02fed4b1425c7c113c4b33f5f3b3,2018-06-22
73e0c0e9d14c86750d2df4a0d74eff29,0c19a47cf78648bc68d3e9e3d4fce3bf,delivered,2017-02-11 19:26:46,2017-02-11 19:42:57,2017-02-15 10:42:01,2017-02-20 16:22:54,2017-03-14,48d53c274b8fa24d790d2113ce1946f3,2017-02-11
4b28afe5e25f1d2fb8ea4e378b25496b,b7dd7189f7d7dcd2556ad47bc91bd5d2,delivered,2018-04-17 00:29:51,2018-04-17 00:50:17,2018-04-17 21:56:52,2018-04-20 23:22:04,2018-05-10,4d6365e0380d725248a1a2aa490d7f0b,2018-04-17
64cc5ef24e102ee02c47f7a1967b8d27,9f0534f3d0fb02a05113bfdda441c899,delivered,2017-06-05 22:37:25,2017-06-07 02:45:30,2017-06-07 13:00:44,2017-06-14 11:20:02,2017-06-26,ea80ffd1f7b96035687a4b3125d72e95,2017-06-05
b1052e92ac8aabc3374c0a9bfdd33c41,3946163f3eb34032e2d75ff2b885fb98,delivered,2017-07-28 22:01:56,2017-07-28 22:15:13,2017-08-02 19:12:16,2017-08-09 16:55:44,2017-08-29,53a104b94e4d9f4f3b427dd6e8dee994,2017-07-28
813e757cecde8eee7af8d87fea8e50f1,662cd9737f0a4fd525c2c1c5f82fe3de,delivered,2018-04-25 19:47:20,2018-04-25 20:31:40,2018-04-26 13:14:00,2018-05-08 20:22:15,2018-05-18,bb030256ed593a7a0cca3feb2c77af9d,2018-04-25
00faa6afcde74aaa630e1d2fda2bb0f7,44344e9f944a5692177be10177f62fba,delivered,2018-08-01 13:24:27,2018-08-03 02:45:18,2018-08-03 11:14:00,2018-08-10 14:52:54,2018-08-24,95b1cb35aa91d54d59bc51c85b4de0a6,2018-08-01
0fc2cdf979f0036ab67e726cd3131e05,2bb93fcd989e0b0e65a0be9461d00470,delivered,2018-04-03 23:14:59,2018-04-03 23:30:13,2018-04-04 19:22:23,2018-04-05 20:32:02,2018-04-16,401a630eaf116b46bb2b0a2d13245e16,2018-04-03
0cde8327c49577c3c0fed91e084daef5,4cc465bb8ccb079ba561852ffa794668,delivered,2018-03-27 19:07:09,2018-03-27 19:15:17,2018-04-03 23:05:16,2018-04-07 15:28:33,2018-04-09,7981196c7252350915beb9a7367d40b2,2018-03-27
dae91c4dced184f9ead8277e600b44a2,418e716dda4e353467a4f770a0bae939,delivered,2018-07-18 13:28:54,2018-07-18 13:42:15,2018-07-19 14:35:00,2018-07-31 10:18:31,2018-08-07,8be0275a7f9336dee5b2cf2f8e6158e5,2018-07-18
7f6ec42fa02aab4e3d25656e81bc7c8f,988d29f01ed741501d1f99f5e30941b6,delivered,2017-11-20 23:07:17,2017-11-20 23:14:33,2017-11-21 17:09:00,2017-11-30 15:49:01,2017-12-15,9318503cd3fcb28ff64924992bfc4e06,2017-11-20
110e8ac89d295b26aff6fc751c94dbec,0680461a4a1e26dbd29a3d3445bf4a5f,delivered,2018-01-21 21:21:03,2018-01-22 14:00:47,2018-01-24 17:49:18,2018-01-31 21:14:09,2018-02-19,cecec0dc358b9b2c8536cf426c753759,2018-01-21
6bd0fc624485f2d1ad4aad6df1569d1a,59d13303f9c4b0eee305ba2b914901d8,delivered,2018-08-15 20:14:22,2018-08-17 03:29:53,2018-08-17 14:33:00,2018-08-24 20:03:03,2018-08-31,1605f22a19fdd5fd49dd962929107cf7,2018-08-15
263b107695b98c10b2f5c6c16c246c3c,8193ad96bbfedb190cb2ed97d48bfb85,delivered,2018-06-09 11:59:19,2018-06-09 12:20:18,2018-06-11 12:21:00,2018-06-19 20:35:27,2018-07-04,13d1712dcb37b065e7eae6de11475668,2018-06-09
d190d15996631437cb3efddfa547aba9,b9f86a618dc82af6999e68085f2e7c57,delivered,2017-07-04 16:55:21,2017-07-06 03:25:36,2017-07-07 18:37:57,2017-07-12 18:04:05,2017-07-26,e6591c0e8814d0f576995dcf54016221,2017-07-04
ef29d8249c4f5670c259bda87461e3e4,3a31dade13063f1e0591135c8d811491,delivered,2017-09-14 18:52:30,2017-09-14 19:04:52,2017-09-15 16:15:35,2017-09-22 20:57:49,2017-10-04,77a1941e1240e00af4be4e1f18b13297,2017-09-14
99e4bed65a545aa74dfbdfe233f052a5,54b6f1f21ebb3358d8aff74164294c37,delivered,2017-06-26 11:27:02,2017-06-26 11:43:25,2017-06-26 14:57:29,2017-07-07 19:05:06,2017-07-18,b897a4a1215a9e681cbe4f722132edb0,2017-06-26
84869ba3df14629b57ca40c491a842e6,8000d8c2201ad0577d5f459c6325ccdc,delivered,2018-07-27 13:50:48,2018-07-27 14:31:19,2018-07-30 10:11:00,2018-09-14 17:11:19,2018-08-13,25c092bd41435b85c8654522e96b5d33,2018-07-27
5aa07c882829a16d874ae4f8538504e1,571adf7ec010018c07153bc155499a7b,delivered,2017-08-15 21:53:17,2017-08-17 03:05:59,2017-08-17 19:39:56,2017-08-24 20:23:35,2017-09-06,faafedb789ff485bf513632e71f468ba,2017-08-15
131b770dae46d4fbf6e9a62a1b177ed1,ac6658acc9dcfe36bd3965a83e957861,delivered,2018-04-11 23:14:26,2018-04-13 12:50:26,2018-04-19 14:28:52,2018-04-25 13:33:24,2018-05-03,f4d1502ace38b0df6f052a5544add9f4,2018-04-11
b7d0e451b92a8719276a9f822fa0dd1f,75e0705d6dc5fb48c6976d5282804372,delivered,2018-08-14 06:30:49,2018-08-15 06:25:17,2018-08-16 08:59:00,2018-08-17 21:11:12,2018-08-21,c7be44cba4d2e43b55063d4b83c22960,2018-08-14
aa5b3532eb2e8a4ae2c9f1043e070404,6c1b0541320aabbf2c793b921abb58d6,delivered,2017-08-25 14:41:08,2017-08-25 14:55:11,2017-08-30 21:14:25,2017-09-06 21:33:59,2017-09-19,3ec9e1c17aab8b94122709061f05664b,2017-08-25
a4c7db3bf41a4d09d2a5166346366be5,3e8ebf448d13904855775c75023cccc8,delivered,2018-08-05 14:21:53,2018-08-05 14:30:14,2018-08-06 09:35:00,2018-08-13 23:49:33,2018-08-15,d3f0404608813dc65f18238a66419df1,2018-08-05
28fb72e69040221a2e471a51c251f8da,957fb38c0094991e3e8a12fa2c1b31b9,delivered,2017-08-16 16:04:50,2017-08-16 18:10:18,2017-08-17 18:29:12,2017-08-29 12:36:52,2017-09-08,50819951e224f7acf9660ecf8a48180e,2017-08-16
0bc97d91a9a3a1923234614958556071,725cb0062f2215d2f731bef5957d1faf,delivered,2017-09-30 16:14:28,2017-09-30 16:28:15,2017-10-04 16:55:14,2017-10-25 20:42:48,2017-11-22,db4d7163c368571d91298413b68bb6a9,2017-09-30
f0536754654db1ab9ce4d7c1d369276b,3aa3f654a4fae1c0c53fcd842e47aaa1,delivered,2018-02-18 22:08:38,2018-02-18 23:26:57,2018-02-20 22:18:49,2018-03-02 18:37:54,2018-03-16,444a1178cb8585b8401f639468ead07c,2018-02-18
49f02b4e9f14707b1cb78c09ecb89ed3,ae6c6553b187988bbde207168e472585,delivered,2017-04-25 17:46:45,2017-04-25 17:55:31,2017-04-26 23:48:01,2017-05-29 17:27:37,2017-05-25,ebff870b5a85780934529cd00766f495,2017-04-25
617aa5cf4b76fa15872c99667d8cc833,f5ab2251d475bf866925654740757b07,delivered,2018-05-22 10:22:36,2018-05-22 17:15:27,2018-05-23 11:14:00,2018-05-25 19:46:31,2018-05-30,d6903bc66ac9ae94d0bec00ea5c39568,2018-05-22
fae6817170e0509473149b11bdb8e285,eebbe9b118ceca3679d622d2a1d92719,delivered,2018-01-03 18:41:22,2018-01-03 18:52:30,2018-01-05 21:05:42,2018-01-09 20:10:32,2018-01-31,6e879984d12d4c62daf17b8e11cca2fb,2018-01-03
fd9b5a4a4e319a975fc817ff0254cbd4,2ed2fba1bc0c0ad69afa253c766593fc,delivered,2018-04-16 21:57:27,2018-04-16 22:49:48,2018-04-18 22:58:31,2018-05-01 02:34:50,2018-05-11,27df32d327480d428dcf777ceedb0f3b,2018-04-16
890b21d0a6f89b73074c93af0c1c6eec,93ff86c9d97f22bc78a6f8b0d900f679,delivered,2018-05-18 13:30:55,2018-05-22 09:36:09,2018-05-22 13:57:00,2018-06-07 11:05:21,2018-06-07,24b9d3a7b1801c16a1fd57cec129eef1,2018-05-18
7a9197f998e7889b9e93303ec3dac531,154b6ed9a731645fee1a751fea80076c,delivered,2017-07-08 17:41:10,2017-07-08 17:50:20,2017-07-10 14:58:02,2017-07-17 19:32:54,2017-08-01,09ce6072ee896c89c6e24757c777f89d,2017-07-08
51119a98965b7d1f2fee96f39ad86695,017ffa5794b42a3527159bc0aff69a62,delivered,2017-05-02 15:37:00,2017-05-03 15:45:25,2017-05-09 16:12:23,2017-05-15 13:52:02,2017-06-01,7cb652b87791e9b3d5f7385fef432b63,2017-05-02
a6e8ad5db31e71f5f12671af561acb4a,dc346937cb5225f924af026092e4996a,delivered,2018-08-08 16:05:08,2018-08-08 16:15:21,2018-08-09 16:13:00,2018-08-14 17:57:35,2018-08-16,91098f720b1423fb38a0e9bbb603ba28,2018-08-08
afc7d4ca1aa5030cdb685010ed145c70,82f6a7b92692b8658dcde6117abdea48,delivered,2018-01-02 10:19:18,2018-01-02 10:31:31,2018-01-09 20:59:26,2018-01-15 23:33:49,2018-02-08,a8be8b2b5242afa034aea9f1ce38e15b,2018-01-02
cfec3311b95bf95d0d8d30e4ede143c8,dbba692279feffca33cacac80a04a0ec,delivered,2017-02-08 12:01:45,2017-02-10 02:55:33,2017-02-13 08:09:03,2017-02-21 12:11:35,2017-03-10,f068c105965c15b24896dcad0e6879a2,2017-02-08
c4647bef360696ee22e3644d2ff31a21,e22f85590d676d5b37532c7d5e8347ca,delivered,2017-12-24 00:13:16,2017-12-24 00:19:28,2018-01-02 22:37:13,2018-01-10 16:27:51,2018-01-29,cb05f7200302a01949eea0db40fdb954,2017-12-24
807cfbea3c04fa82a5bfda36d63e88d6,17b7724e770d6c20971072aa6e672734,delivered,2018-07-25 15:35:55,2018-07-25 15:50:19,2018-07-26 12:04:00,2018-07-30 20:04:34,2018-08-08,3d86efb31ed14a05d994860891ac529c,2018-07-25
acf02c5ab56a3df0a845ccd5cec4e057,31b9b42d16fa584c55c792555dd4360d,delivered,2018-01-08 11:12:11,2018-01-08 11:28:09,2018-01-10 17:52:52,2018-01-15 17:03:37,2018-02-05,5952549a517793e4cc07f74628343146,2018-01-08
53d06d4e404736f8d7d8795474e5845d,1b821d88761e953317becd1561e7d434,delivered,2017-09-25 08:56:14,2017-09-26 04:04:28,2017-09-27 19:13:42,2017-10-10 19:50:15,2017-10-27,e57ace179a6a6c54f4c3d7c6f95f9f47,2017-09-25
bf351cedb18cc34fc1bf14f882156e40,507fd1858c4a4323ba84d2d884273832,delivered,2017-12-03 13:55:09,2017-12-03 14:13:33,2017-12-06 21:22:22,2017-12-28 22:33:08,2018-01-04,9a42e626af412c41cc6d7f8ed0b390fd,2017-12-03
68f22824fa054075c52f660019cce134,c32c81e28e06a9bb6d3b24878e1caa05,delivered,2018-05-31 11:39:55,2018-05-31 11:51:20,2018-06-01 14:11:00,2018-06-11 18:58:36,2018-07-16,7f646be732edac3e0df7abcf0e958f63,2018-05-31
a47dd39bbaabbd5ae4ea18dd43cdef11,78b4a497874ceabb1f3dd6bb862b9713,delivered,2018-03-11 21:37:09,2018-03-12 21:30:22,2018-03-14 02:12:35,2018-04-26 18:38:49,2018-04-05,2b7c436369720a5b93d83a9b0af0dcb8,2018-03-11
fd73324057cc65cae5776cf4bc9ff56f,19f23438124b802768aabbef91d4ecea,delivered,2018-04-16 18:10:14,2018-04-16 19:11:31,2018-04-20 00:24:42,2018-04-20 16:44:45,2018-05-02,efb1b4b0f014f3126d0a8584bbebea9a,2018-04-16
1aa6dcae07029eb10e20eaa903ce9636,ef50d20cc1ac3214564b0f6d3d63ed64,delivered,2018-04-30 11:37:25,2018-05-03 04:35:16,2018-05-03 13:16:00,2018-05-07 22:18:34,2018-05-21,af88b795256816e682d4e351d4dfb360,2018-04-30
8badb85035ae9283c53e42b0ab697410,66aa7eb2404b076d9883feb24ece3f14,delivered,2018-08-06 09:18:32,2018-08-06 09:35:09,2018-08-07 12:11:00,2018-08-14 18:56:42,2018-08-23,e77bbaae2e466b411e98cb9bed821a06,2018-08-06
481a51f75cdfb2f0a592648739dfb8cf,dc4dbafb39aecfe8d561171fb2793d5e,delivered,2017-12-28 16:26:41,2017-12-28 16:38:26,2018-01-12 00:35:46,2018-01-17 22:05:45,2018-01-23,d895e73cbdd24adf73f5ce77df2b7ef5,2017-12-28
0d3adebce4bebc1f80a7f36e9833f497,a7c87c25dbdded68c26c640582cb5ddb,canceled,2018-09-03 18:40:50,,,,2018-10-02,ba84da8c159659f116329563a0a981dd,2018-09-03
31d2d973ab3772f718de008bfacc3d07,9d408eba773d0ed51cf8e3c398bbd72f,delivered,2017-08-15 18:51:26,2017-08-16 03:30:18,2017-08-21 13:06:17,2017-08-22 22:17:54,2017-08-30,fdcde7a3ed882d4c2a1b9ea30f6f15a5,2017-08-15
556a840ca8df33d08ff39fed4a28792b,3e90f244f79cec7fbaba94c4cf081f3c,delivered,2018-08-01 09:54:54,2018-08-01 10:31:44,2018-08-01 15:59:00,2018-08-15 15:09:53,2018-08-23,73c516a64ff064268d32efce2a9b333b,2018-08-01
b9978fd04acfedd507165e3f7ec97b05,15f01f6f68d778e5adcafe2216db0945,delivered,2017-11-24 18:19:17,2017-11-24 21:35:51,2018-01-04 21:03:47,2018-01-16 20:12:40,2017-12-18,0be0726fd707eabfadc49c81a9b81320,2017-11-24
0baa56401ae212e308d73cba2911ae20,4f8fe4b823a5dd42a7e42bd5cbdd985d,delivered,2018-03-10 11:38:42,2018-03-10 13:08:27,2018-03-14 00:21:31,2018-03-19 21:41:38,2018-03-28,0d0a29d20dfb78d30fe9c042f389a8f5,2018-03-10
995ecfdb2406d9b579cf84368f42e7a0,b5121f7fd1b0aa4addd65853b3b2e1b6,delivered,2018-02-10 18:25:06,2018-02-10 18:48:14,2018-02-16 17:33:25,2018-02-28 23:16:50,2018-03-14,2a5ae004864e4817ddc6b39f11473922,2018-02-10
18b7eabb777a9afcf244fac3c27f3391,da67a008e8bbd5c0c6e6f9ae44121d84,delivered,2017-11-27 20:04:29,2017-11-29 02:17:03,2017-12-07 01:27:41,2017-12-13 16:29:08,2017-12-20,40248387afb610ac2dde8f020efe6a88,2017-11-27
f54b76164346da8a6015b7e92a645f58,607e0ec914dd874eb698c705093fa73f,delivered,2017-11-27 16:02:39,2017-11-29 02:19:52,2017-11-29 17:18:00,2017-12-11 19:38:44,2017-12-15,f4599f9a025ce9c4cf41185856071650,2017-11-27
2f051c48f79c5d8bd789e2f51f24700e,2506353d8e7d5df20d0da907b6c5aac0,delivered,2018-08-08 22:13:19,2018-08-08 22:25:12,2018-08-15 13:36:00,2018-08-23 13:54:35,2018-08-24,aa591348866497ba6bf83de62e4f8813,2018-08-08
5a90df645c69ff1165894c2f2c11e1cc,fc72a2bc404989848c8afa35fab9accc,delivered,2018-06-04 17:02:06,2018-06-05 17:14:58,2018-06-08 14:02:00,2018-06-20 19:52:01,2018-07-16,5491723239a732983c7f244e5cb3809c,2018-06-04
003edccf16bc5ec447f592913b3df2b4,ab3642244247c0c638253fe68ee4c345,delivered,2018-07-07 09:02:51,2018-07-07 10:15:21,2018-07-13 14:11:00,2018-08-02 23:07:33,2018-08-03,5c96a427e784b5e917f5a4fbf0f9e84a,2018-07-07
5b397bd9f4b5824b8bcccd02f062bdcb,ab33d614535376ac075ef3f164f9bda7,delivered,2018-05-12 16:39:25,2018-05-12 16:55:27,2018-05-15 15:17:00,2018-05-18 17:07:38,2018-05-30,c8ee30c32bc94637189e7e19a7c6419d,2018-05-12
e69c09a33d9b7edf03204eb2f7e828b1,ef3c615b55eb1d05a3edac12405268c3,delivered,2017-05-15 12:51:44,2017-05-15 13:10:15,2017-05-16 16:06:26,2017-05-19 12:30:09,2017-05-24,53100f780630b0755dcdec40f673abfb,2017-05-15
dfb6faf0797af302d9074ab52d997f68,5837febb7dfeda8c90ea7ff652f980b2,delivered,2018-01-09 10:26:56,2018-01-10 10:32:39,2018-01-17 16:46:45,2018-01-18 20:21:46,2018-01-26,23eb37b493bcc680aa6847e14077bedd,2018-01-09
e5266bf70f5e421e61c8df95a55ae917,bebf28180d9c37aad1ee418004188eec,delivered,2018-04-11 21:56:45,2018-04-11 22:10:16,2018-04-12 22:57:24,2018-04-20 13:48:46,2018-05-21,46e28c1c66791e10583f7888d19347ed,2018-04-11
b0742e6cd15cd84cf91b637b0b601d77,f19beee41a937253515eac4b47aaa81b,delivered,2018-04-12 19:18:18,2018-04-12 19:30:13,2018-04-17 23:24:34,2018-04-26 15:40:59,2018-05-09,9d0ace373bd69cc599d745b9d1a323c7,2018-04-12
2c6c5c881336bcec2d8c89cb05184a81,8cb759609b468ec8d01195f328535068,delivered,2018-03-26 18:45:21,2018-03-27 18:49:00,2018-03-28 19:02:35,2018-04-03 22:22:43,2018-04-23,32c050ea3af0bf160de1209adfb922eb,2018-03-26
c98ec8cb960d61c4375413b70f225104,bfe94f549c2eaf050dfcb6332b9ce759,delivered,2018-04-29 20:44:57,2018-04-29 21:10:04,2018-04-30 13:27:00,2018-05-12 02:08:47,2018-05-25,14584c89f9dfa851a955eaef68ebbf43,2018-04-29
875e0781ef9c68f87a5d998f87502891,25444fc37980f07edb5b68ee7de4468b,delivered,2017-06-13 03:31:45,2017-06-13 03:42:45,2017-06-13 11:03:00,2017-06-29 17:02:43,2017-07-18,807537a0c950f378a41b502ffa23b38e,2017-06-13
3778f227b2036fdc76e56d070ea45c8b,524d837e3425c24c61000a639ffe2f4f,delivered,2017-10-20 14:46:53,2017-10-20 15:05:52,2017-10-20 20:42:09,2017-10-25 20:27:44,2017-11-08,44cf54d85d1475e80484e9c69be0f548,2017-10-20
2596b6e257bc5fb3e104adb5ca0c41ad,85bc87d9673932d86363aa6616850eb0,delivered,2017-08-27 10:31:39,2017-08-27 10:45:07,2017-08-28 13:43:06,2017-09-04 16:04:35,2017-09-20,353d04569392e5a31132f272aa633fb2,2017-08-27
61ff26ac3b205fc54a7431bb3b032cf0,e7bcaff19f8b12cf07de86e2796652d3,delivered,2017-09-11 22:36:52,2017-09-11 22:45:26,2017-09-21 20:13:58,2017-10-01 15:04:07,2017-10-04,d445cab50a0ecac66c15aaec2ef588d9,2017-09-11
f84142abcd970057a7ed92e21b1fd33b,5134c65c1978c45add46996351adb242,delivered,2017-08-15 16:43:59,2017-08-15 18:24:54,2017-08-18 18:49:32,2017-08-21 13:53:25,2017-08-28,585e518290d9497bf7670b91f6cacc46,2017-08-15
30f3565c987f787c24733cdb37313a0c,6621fc803c8d57a9007f43d50c52694e,delivered,2017-08-31 13:21:36,2017-08-31 14:00:11,2017-09-01 20:22:25,2017-09-11 19:42:34,2017-09-22,feff5c44ec43ad24ba9461794f60e3d5,2017-08-31
8fb220d5401020315f24eaba44d2e77b,8e71dc840067c82e8b4ac32521c9bcb4,delivered,2017-12-07 09:27:23,2017-12-07 09:34:35,2017-12-08 16:39:13,2017-12-18 22:57:11,2018-01-05,12d43aa0d63d45af21a491244b44e73e,2017-12-07
9256f7001c89e801855625e05c21537d,c65b3c6d4889ae58adf4102af9c283d9,delivered,2017-11-29 18:10:38,2017-11-29 18:37:25,2017-11-30 16:59:21,2017-12-06 18:59:07,2017-12-22,87361c7f4901582127d128af38ce2c61,2017-11-29
18ed62e249d4b637b186e91f0374a476,4d93cf82ad543d0d134458186931e611,delivered,2017-03-28 23:49:15,2017-03-29 01:15:44,2017-03-29 12:26:14,2017-03-31 14:08:12,2017-04-17,7af245753b444d209a25d062b1a94724,2017-03-28
5449f77a049c11b2e8b645ecfef2ebbf,d36ce7c3037a8087bee53db85b419b30,delivered,2018-05-15 17:59:17,2018-05-17 02:37:13,2018-05-19 06:53:00,2018-05-30 14:48:23,2018-06-04,7e956b1afda1dba9a6b3eae02f72b600,2018-05-15
59f26737bbeea8142a7e982cfce13e7a,e64d63f1e2d292e774d451d7b55f711d,delivered,2016-10-10 12:39:06,2016-10-10 13:01:33,2016-10-14 13:01:34,2016-10-17 14:01:34,2016-12-14,e6a1d274cbba12da4cd29eb462b34be5,2016-10-10
44aa038bc4a637f4c0c9ab66da0c48aa,4776e7e1e52b6f3157692342c51477ff,delivered,2017-08-23 22:58:05,2017-08-23 23:10:15,2017-08-24 20:30:06,2017-08-25 15:10:48,2017-09-05,dffbd155fea2751a4e0b86c1f5173f5c,2017-08-23
76ef2fe6ef1b33ffff4a14e2b49abb9a,b3c4d524670496e53db937a755a002e6,delivered,2018-02-25 18:12:49,2018-02-25 18:27:32,2018-03-02 17:44:51,2018-03-07 21:42:55,2018-03-16,a8ef0f94947717fb147de01ba6ab13f1,2018-02-25
4885f680d19431887659d8d44e97599c,ab6775e7e0990f4edb36429dc6fec28a,delivered,2018-08-16 23:05:03,2018-08-16 23:15:11,2018-08-17 14:47:00,2018-08-27 12:26:42,2018-08-30,c668d3f3047f8c06b74eaec4e878e481,2018-08-16
72f73037e114c82d0b49a74b4d7532a4,7a2f3fea8b2d7476c6c3e1ce334c4d57,delivered,2018-01-05 17:05:46,2018-01-06 02:08:00,2018-01-09 17:05:45,2018-01-16 14:55:18,2018-02-02,c874d8d3d5b70eb2f96895291b7d9fde,2018-01-05
20f7bd9604c674a8a5fb0e8673c5862d,f0bdf021706156be0a9c2517e26237ce,delivered,2018-06-16 11:54:35,2018-06-16 12:18:43,2018-06-18 12:22:00,2018-06-21 16:04:49,2018-07-11,e6765ab43b19c332b062522898db45d2,2018-06-16
df86f734aa38ba760f6b627af3870974,022422df869df5d9e924456635d9b091,delivered,2017-11-28 10:19:01,2017-11-28 10:40:51,2017-11-28 19:21:14,2017-12-01 18:05:49,2017-12-12,f02d645581f44f57678461d0e42f68ef,2017-11-28
c150d0cdd6a3320d8b475792bc422069,b94970aef6a60b0904db484a81f0ef11,delivered,2018-05-16 14:20:47,2018-05-16 15:34:51,2018-05-19 07:50:00,2018-06-06 22:13:10,2018-06-08,ed6bb3579d99a0ed255c44da1280231e,2018-05-16
14f67483eeb4f3204bff15ecab4dbd45,9308db403109319985f5bf1d950a9557,delivered,2017-05-22 19:23:10,2017-05-22 19:31:30,2017-05-25 16:16:09,2017-06-05 12:24:49,2017-06-16,bff448abe613ae8e4cfc345b8bfd649e,2017-05-22
ca786c07fdbcd2a6beb42eab64c23a3e,e60d09530ea34dd2ad7a33d35bf73086,delivered,2018-03-21 17:50:59,2018-03-21 18:09:30,2018-03-23 00:05:41,2018-03-23 17:48:43,2018-04-04,c7ca47747878996a42d992f15dcf023c,2018-03-21
db274d549125d73b0e1052886af9422e,4438ad15cf7315f2de20eebdb7b12840,delivered,2018-07-23 22:35:59,2018-07-24 10:31:07,2018-07-26 07:22:00,2018-07-27 20:41:49,2018-08-03,79a0b307b44974216a780af39a34ff31,2018-07-23
65b5c34eac96c508fd60327de50a2d3c,dcf28d347a6e85c7c92db5579b08ef05,delivered,2018-07-16 09:09:55,2018-07-16 09:24:16,2018-07-20 15:06:00,2018-07-25 18:51:17,2018-07-30,0dea26cdec4ffd64c495ce228e49c5af,2018-07-16
3b2af016e04e30d2b6ae3f321e2cda20,078f7e926df5377c345fa291b7d63317,delivered,2017-08-31 03:38:39,2017-09-02 02:51:03,2017-09-04 20:40:21,2017-09-11 12:56:46,2017-09-28,983fa8f1598e72b000ac758f7e7cd998,2017-08-31
e4dd49ba0611671232dcae9e0dc08206,73cb49c250b8c84bbba1cc2a3a767013,delivered,2017-10-06 23:12:16,2017-10-10 03:56:22,2017-10-10 18:30:07,2017-10-17 20:46:11,2017-11-01,f5eab9a4f37f40dcfcc8f913582d208b,2017-10-06
35b63215663d34dc972adc12d2cfe9bf,c266da042d905d3d3ca0276604c78e52,delivered,2017-03-15 15:52:54,2017-03-15 15:52:54,2017-03-16 08:57:20,2017-03-22 12:18:10,2017-04-10,75a0ea5187aba83e66c77b483d13be61,2017-03-15
071d4951a2505f0880cf9db3a48e21f6,97c3206d614083e8f256184bb271778b,delivered,2017-09-12 22:25:24,2017-09-12 22:35:14,2017-09-14 16:36:37,2017-09-19 02:32:20,2017-10-03,fe834c54bf8bbb9af65c5939e574c1ba,2017-09-12
990d8645aca16537246c78b0e24ccf95,970f91cf8d03ab0855cb4b697fe2b6e9,delivered,2018-04-19 13:34:58,2018-04-19 20:11:10,2018-04-20 17:52:00,2018-04-30 11:58:45,2018-05-21,f0ce70671be1b165c9d2237ee6ba1be1,2018-04-19
5b7ffb8d013b6d0b4ae7a8f454fa9bd7,48577f823aa2ebde3bda0767a3e1b925,delivered,2017-11-20 21:52:34,2017-11-20 22:07:01,2017-11-22 14:22:10,2017-11-25 03:10:23,2017-12-01,3c697899dd702127f600f0c036eb2a2c,2017-11-20
8c64dfe75b003b8f1eddd9721843049a,887a4af9b36671b35fac1219972a48db,delivered,2017-04-25 20:16:31,2017-04-25 20:25:13,2017-04-28 11:16:29,2017-05-11 12:05:02,2017-05-24,94855d95a7421bcdae0e93a17e800945,2017-04-25
fe151b6cee0c332491549decb948f94e,f27a9b348d5a0701b3794397a49aa9fb,delivered,2018-06-22 21:16:19,2018-06-22 21:58:42,2018-06-25 16:44:00,2018-06-28 22:21:15,2018-07-23,7dfe1bf6338fcb555c43bc1b0a6ef2f9,2018-06-22
a16c1e5c3c877e414d0e584e18ccb860,02ee17ed5705b0015ca334b76b8373e5,delivered,2018-04-18 00:21:36,2018-04-18 00:33:28,2018-04-18 23:22:18,2018-05-03 22:08:44,2018-05-21,8b1962e2787ecd68e878db50de992905,2018-04-18
fc4b2a0590430c3cef1c11dc737e4517,e7a9bb8214b36109177e6b3b3be6ba33,delivered,2017-09-26 11:54:37,2017-09-26 12:07:21,2017-09-29 22:27:31,2017-10-03 20:32:24,2017-10-18,94167fb69e0fff5cbd22cae95133ae88,2017-09-26
47d2367a665bbdf93b5db53cfc4f5d2a,56dad3e649e50cf4927b68490c559f8a,delivered,2018-08-16 10:08:28,2018-08-16 10:24:03,2018-08-16 14:44:00,2018-08-20 15:55:02,2018-08-29,39890e8a7f409dde80aef016e9601937,2018-08-16
8512df9f60e6856ac5ddd43a9a19bd36,9f013819439467d13f6f19edfecf468b,delivered,2018-04-29 12:20:23,2018-04-29 12:35:19,2018-04-30 12:55:00,2018-05-21 18:33:50,2018-05-25,ea8c130ad7f684ae458672c78e0dfd00,2018-04-29
5a65cedc025f607cbdb4c5219f648ae3,9eb85dfb61032b308cd9dafec6fcb3ee,delivered,2017-09-30 11:11:25,2017-09-30 11:24:47,2017-10-06 16:55:18,2017-10-09 17:46:04,2017-10-18,ccd78f91a99ea36a352433913577d3ad,2017-09-30
c5ca3893d72f5cb80e62ed87fc4700fc,8f33e94f957ad118c65e94fe36aff3d3,delivered,2017-05-14 21:45:11,2017-05-14 21:55:20,2017-05-17 15:33:47,2017-05-25 14:22:47,2017-06-06,0c9ae0b73483a44fa6d1349d606d0596,2017-05-14
59db0cf65fd439e6e76ec105e3aa421c,1d2b981cedb5a187a9eb0c2ecbf0df2a,delivered,2017-01-27 18:47:11,2017-01-28 10:32:15,2017-01-30 13:20:35,2017-02-20 15:36:08,2017-03-16,e6765cc5f48f2c03a00dff340ea1dd93,2017-01-27
dfc7bfc60d0dfafee75e8eec014851f9,31d542804172b7d8478fca8e6c47eba7,delivered,2017-09-06 13:07:38,2017-09-06 13:15:23,2017-09-12 19:58:45,2017-09-18 20:12:06,2017-09-26,5ec9ab6daf0fa86fead6629d515dd974,2017-09-06
b0c677ad0ea26bc5e9e3fd85bf05c9c3,ce6121237a09886811612ccb1d51ff88,delivered,2017-07-04 12:39:14,2017-07-04 12:50:12,2017-07-05 15:33:35,2017-07-06 14:18:23,2017-07-17,c72abd014adce3ad93d0cf7c5091e983,2017-07-04
562123563a31d7d3d69fd9ce87a0d443,9aebdec7f58b8eee8e2e495b0b0f67a1,delivered,2018-08-01 23:27:56,2018-08-01 23:43:51,2018-08-02 12:00:00,2018-08-06 16:14:39,2018-08-10,8e580bcfc25f825e7a9b7f66ae7d4a01,2018-08-01
be29b4d0774e9898e80770918c0f2f64,47dcf1a90121b6a747ed6329072c0c4f,delivered,2018-02-22 01:14:05,2018-02-22 01:28:35,2018-02-22 21:19:21,2018-03-02 16:09:08,2018-03-15,0170c406cddfc9a551a3f8045379afe5,2018-02-22
842cd0a979d57e29ba51a0f84a844cd8,c7b636cdd628ac8e9a1815e0ea5ac5ce,delivered,2017-11-27 16:05:00,2017-11-27 16:15:32,2017-11-28 23:28:47,2017-12-27 14:14:38,2017-12-27,f7a0a121b0e8510a4502915a2ec645da,2017-11-27
b002261c1b562472adb57d81cc90995d,41e6032fd1fb2f76526323b4c68f0e93,delivered,2017-11-04 09:44:23,2017-11-07 07:30:38,2017-11-07 20:16:44,2017-11-13 22:58:40,2017-11-24,08abf792f548422ecfebe3b2217fa9a3,2017-11-04
e9240e3e8bd5fbca3e55e993b597b512,c9bdee275fc8f4af25bbcd411c94239c,delivered,2018-06-18 15:51:10,2018-06-18 16:40:53,2018-06-19 13:41:00,2018-06-25 14:05:39,2018-07-20,5fc17f3ffba812809219ca7f8b2e5be1,2018-06-18
e43c3a1ff03aa2c3ca0ccee512f62371,475687b15b6e95e545b937e5a597d00d,delivered,2017-05-22 21:17:02,2017-05-22 21:25:16,2017-05-23 08:02:14,2017-05-30 09:43:04,2017-06-02,e8af6532230712b51ceb46072be610d4,2017-05-22
d7257440e4f74ef83b7bcf3d5e247e14,4180c4ede1ca838ec201a4e473e5830e,delivered,2018-01-12 23:37:41,2018-01-16 03:51:21,2018-01-22 14:24:16,2018-01-25 22:10:14,2018-01-31,e8c1047360b2fcb40c71a2b8999d5aeb,2018-01-12
3a6cbf7c8d48ea3b2f5594779dc6d23d,6d691cf4def20658ce6319a4a9f35196,delivered,2018-05-11 13:03:41,2018-05-11 13:15:19,2018-05-14 14:26:00,2018-05-18 23:54:29,2018-06-01,88a05273ec7607c9bdd318670effc818,2018-05-11
65fafe7de184fc57f3b77381cf6dc573,d09c63d11bf98283700a7b5ce520ea8d,delivered,2017-02-16 10:33:18,2017-02-16 10:45:19,2017-02-21 13:45:37,2017-03-07 21:12:38,2017-03-27,5cf05aa043b8c18f4350325eb425f107,2017-02-16
cdbce2d8fe4479ce0b9bbb32e0656e4a,e01bbe0abd11eee8748f2f376d15919b,delivered,2018-06-10 18:13:37,2018-06-10 19:51:42,2018-06-11 14:29:00,2018-06-20 16:28:25,2018-07-05,9eae557da3b6f8a104640babe869ad5f,2018-06-10
69f54f52631eb8ea8bec66cb902cf54e,9c0372af923228f1ddab62afe03e518a,delivered,2017-12-06 15:48:29,2017-12-08 15:52:43,2017-12-14 21:19:10,2018-01-07 17:06:27,2018-01-09,ef4d5caef06758ca4a71c8460426347a,2017-12-06
1fc147ecded099d8acf876cfaf66f731,ec7234ad72696a39eb528dc1720a962f,delivered,2018-06-18 11:55:25,2018-06-20 02:37:51,2018-07-04 11:37:00,2018-07-24 21:48:47,2018-08-07,0dc81b520ef7db9cb44bb075e129dcf8,2018-06-18
123eb6c42fb774382bf82e6a332af592,7e25c3cc2fb867d3fef223c50fddc713,delivered,2018-02-25 15:54:36,2018-02-25 16:08:19,2018-02-27 18:12:29,2018-03-05 19:58:32,2018-04-02,9bf986817c20eaeccf70a4cabfc7994a,2018-02-25
524c24c3a53528c5a91a3311012fcef4,df46100832e89294d668a42c0cbc1102,delivered,2017-09-27 12:53:29,2017-09-27 13:07:17,2017-09-28 17:57:45,2017-10-01 11:54:00,2017-10-19,44ab75f3f46df716de7ad1d4a2653e8f,2017-09-27
d9c7d6586555e3adb3709a7047e36c11,6a32ab73a4e6c08da27e427a8a8c1320,delivered,2017-05-13 16:53:15,2017-05-13 17:02:36,2017-05-15 15:02:46,2017-05-22 09:05:09,2017-06-06,72bb96e2bd1985827e697712ea97d19e,2017-05-13
35681d761149a472aa05d9fe484c61b3,ce06ca41a78f036031a1fd73d3088c2f,delivered,2017-11-30 08:30:30,2017-12-01 11:31:01,2017-12-01 18:21:58,2017-12-06 14:35:51,2017-12-29,130fdbc4a030daee63266df50cff43c8,2017-11-30
5ac2c9301491372ab320f5aa4e451ff1,e31c85fc7143c3cbe3bf90e43c5c6fb5,delivered,2017-11-05 18:13:54,2017-11-07 07:30:28,2017-11-07 13:32:41,2017-11-17 20:45:54,2017-12-04,f3614734af84686da8c277c2e041761b,2017-11-05
907876f99f250a7fca414743262371ea,a5d0358e802c2b80011410b0adbcf151,delivered,2017-11-29 03:36:56,2017-11-29 03:53:37,2017-12-13 19:35:09,2017-12-22 11:19:03,2018-01-02,04485a4fd9d7e6d4360d6eed4096e7cd,2017-11-29
40d02570e7ba8cffbc6770b392dbbbdc,89fcf2eed7b82a5cb579734653203026,delivered,2017-04-29 18:32:22,2017-04-29 18:42:37,2017-05-02 20:02:18,2017-05-10 12:56:32,2017-05-25,310cf94226277fd64154e3fa99e6e0d4,2017-04-29
46770adcb64010a69409a644252641b2,b6fc93990098b86dfa6ecf3f1e7446e8,delivered,2018-04-28 11:49:09,2018-04-28 12:13:23,2018-04-30 13:59:00,2018-05-02 23:32:07,2018-05-16,0bc3c5a94a7c0a1d3ca419fa8b76da10,2018-04-28
83b109feea07a54cdd034845cccd53b3,3e0b7768b5fca0be48e2981fb71823b7,delivered,2018-01-29 15:37:19,2018-01-29 16:10:43,2018-01-31 16:41:57,2018-02-05 17:13:05,2018-02-14,fe79bf9e428ce68a614bfea7ac8f9004,2018-01-29
48362159589d43095a14bba680682780,640903633d4a72545ccfadaeead42482,delivered,2018-03-29 00:24:16,2018-03-29 00:35:14,2018-03-29 20:51:52,2018-04-02 20:17:45,2018-04-11,26d792e30d0852d88ff4b5cdccadaf5d,2018-03-29
ee9a7a0f0c0446da13006eebdfa5e0b1,c00b01bd991034ca1d55abfd672a6eb4,delivered,2017-10-19 21:14:19,2017-10-19 21:28:17,2017-11-01 21:51:22,2017-11-03 19:13:36,2017-11-08,5168871139f401fa5214ce2aaa75bb97,2017-10-19
aee590f76dc95d8c147146ae04100704,5c4475298d8f13ef3f9ec7afeb13147f,delivered,2018-08-05 11:35:21,2018-08-05 11:50:13,2018-08-09 15:07:00,2018-08-16 04:16:42,2018-08-20,6262e5cf1c84fd903d308e41989eb1a5,2018-08-05
b2bbb2cca536bb4984557119c0eb3d8a,dc02544cb74d152616c32d1e5b099f8b,delivered,2018-08-13 08:56:16,2018-08-14 08:50:19,2018-08-14 14:17:00,2018-08-15 22:21:01,2018-08-28,bf178dcd41bb6f3aa303171c40e95588,2018-08-13
a3b07c74088a5acc85d1ddc7cc525b5f,51ac0bcc90cee37b00ebb076d6048684,delivered,2018-02-04 12:53:58,2018-02-04 13:08:38,2018-02-05 23:34:17,2018-02-10 14:37:32,2018-03-05,6467a9dbf75a20920a74ea874c566656,2018-02-04
930f7f40db5f938e56fbc1bdcd1bb28b,ab3ac67d2fba82499b0d71c4d16f76c8,unavailable,2018-02-16 20:04:22,2018-02-16 20:10:31,,,2018-03-13,ace27caee932e4e3722a322a8f1586aa,2018-02-16
a909c24a30d5a05204ecb7ef3f11e321,378149ca89a5e5020931071114dd8865,delivered,2016-10-07 21:50:26,2016-10-07 22:15:32,2016-10-11 22:15:33,2016-10-14 22:15:33,2016-12-05,b313b4a68d70a37718f0313f32789e2b,2016-10-07
283182f68c047a2b61aee07baeb819f0,a6a1db09b78026c1162e1b0086e55f33,delivered,2017-03-28 14:25:44,2017-03-30 01:05:28,2017-03-31 09:21:59,2017-04-05 12:17:54,2017-04-17,70a78c0eededdf10bee38a66ddf32720,2017-03-28
e04d9eacedc0dca9d83c14fcb0d7276c,d87b6988897b12def5709ca4f8142012,delivered,2017-01-19 14:04:48,2017-01-19 14:21:41,2017-01-20 14:18:23,2017-02-07 14:35:10,2017-02-27,6fd85726716a6e806049c1972b4e888e,2017-01-19
4f2fbccefa5c3c7afb05388013cb173b,800757ab822eb1712cc8c613225eae2b,delivered,2018-01-18 19:16:13,2018-01-20 09:07:51,2018-01-24 21:28:51,2018-02-02 00:33:03,2018-02-20,97c4f989c6ab879201319a2e5128aab7,2018-01-18
52b8659b9d786b77d4e4f25c26ed0b91,8cc9f9d5d7b70eaee68ab729495685db,delivered,2017-07-12 20:31:22,2017-07-12 20:43:56,2017-07-13 21:57:25,2017-07-20 19:17:03,2017-08-11,9c81b73cddf3395252e9ee748dd84836,2017-07-12
52628d72feaca84428e9d902d3985605,a5e6bf4ac91d2a0df7e87ad00f4b35b9,delivered,2018-08-07 14:52:44,2018-08-07 15:05:16,2018-08-08 12:23:00,2018-08-13 18:56:21,2018-08-17,159bbeaf58e0b4c5cdca4d998d669fdc,2018-08-07
274bf86d17f8952d2a505168fcc25c09,2839dda95f81b66b4cd7a53b92011890,delivered,2017-11-24 22:23:06,2017-11-28 03:32:27,2017-12-01 22:15:08,2017-12-29 20:38:58,2017-12-15,f0f8ceeadedd747aef7967d0f9e5969e,2017-11-24
cebd7770cff5bf0d645dae3996972876,c13db9bc3fded0084b31c833238843ac,delivered,2017-06-04 22:31:24,2017-06-04 22:45:10,2017-06-06 15:47:37,2017-06-07 18:08:52,2017-06-19,82648480e2c829a287c7c2c737f7978e,2017-06-04
533dccc39b9e7286042aba868d574ecf,40d75f2033ae0bd1f8668f21007975b6,delivered,2018-06-06 22:11:27,2018-06-07 08:33:45,2018-06-07 12:05:00,2018-06-18 15:08:34,2018-07-17,314e5bfbc5567af3fe09c6fba1845cdf,2018-06-06
097d24fcfb2b0afac45ea41ab4d91694,25ce51bb7c5d09ae44f343dc41af8463,delivered,2018-07-26 08:54:56,2018-07-26 09:05:13,2018-07-27 14:56:00,2018-07-30 16:36:36,2018-08-03,b2f37b4af3be9ae824df7fcf66f6f65a,2018-07-26
1b59079c85d79705ec843165565ddd43,cbcc7e46a2d1042aacb3064c3db6b351,delivered,2017-12-11 21:24:46,2017-12-11 21:34:38,2017-12-12 15:47:06,2017-12-19 20:16:51,2018-01-04,29b9db7bb2e782065c7f85be91b86cb1,2017-12-11
eb472d00613391a4925922120b3b6bb1,fc3ca13eb2ffaeee01ea231926217ab0,delivered,2018-05-13 18:45:18,2018-05-13 19:12:34,2018-05-14 14:59:00,2018-05-21 19:03:21,2018-06-13,936f03703700e6bdab6252000f6f6e91,2018-05-13
517a1bc05da7b712cb2580d142b0cc4d,2e9c6ec38c51cadfeefc3a53ba230deb,delivered,2018-02-21 16:27:45,2018-02-23 02:10:43,2018-02-23 22:05:12,2018-03-02 13:09:26,2018-03-19,c9910ee67d57f2f7c87b807ff43f84a0,2018-02-21
4c80861e8667ad2c3ec1686683c93ed0,0b712b6da4fc29dee43125037bead5fb,delivered,2017-06-09 10:55:56,2017-06-13 04:50:28,2017-06-16 16:13:54,2017-06-27 15:41:48,2017-06-30,3cd80edbe9aa268593282e5d0143fa86,2017-06-09
9a503487f2a2141cfc220d61e43bd938,2ad25d0d9c260ae766dfe444ecb901c8,delivered,2018-08-06 15:15:04,2018-08-07 04:15:23,2018-08-08 14:37:00,2018-08-15 02:09:45,2018-08-15,3a5a2a6b6641daad335f911a79a3297d,2018-08-06
ce687d3649728e81c25e9a105b34fcfd,c735bb29ae8b468119c03494b38d0403,delivered,2017-08-29 19:30:42,2017-08-31 08:10:08,2017-08-31 22:15:01,2017-09-11 21:11:25,2017-09-25,f5e46fd585e20dad4a0867db9e27b8a4,2017-08-29
6f1d91f81a2241dbf2e7544364d75f2c,f30d69cc258ebe5e80e1a0dd6287efb6,delivered,2018-04-26 13:24:29,2018-04-26 16:15:45,2018-04-27 14:30:00,2018-05-07 12:24:42,2018-05-30,d720fcbdfcb44f7c6d48cab1e8d4ad31,2018-04-26
7c62935e1c4bfb9a29d419cfcc0a13e9,66fc002d7b5e214c289a69fb62d036bf,delivered,2018-05-16 16:28:20,2018-05-18 04:55:23,2018-05-18 11:13:00,2018-05-23 17:04:26,2018-06-05,c6be0cc10d1e3fe802b0b63599b59c1b,2018-05-16
f32569596f879e74fced40a4bab98fc7,ead1f4689a7d350870a8f1b0e6745428,delivered,2018-06-20 19:34:58,2018-06-21 17:18:54,2018-06-22 13:25:00,2018-06-28 18:58:40,2018-07-24,e52963154250c2797d09eaa4d73ee180,2018-06-20
7f80ea6f3e569a6b44336db104dc12db,72ecfc69f7d90359d9bbf70530a340c7,delivered,2018-03-13 22:37:57,2018-03-13 23:40:51,2018-03-16 11:48:42,2018-03-29 23:34:35,2018-04-06,86d1743ca907bdb0f3852070a31b9972,2018-03-13
4d53d6e4655f67771de54f3c8d414ce8,7a81429a083c668d1366e07c37d4deb6,delivered,2018-06-27 19:17:44,2018-06-27 19:30:27,2018-06-29 11:09:00,2018-06-30 15:54:50,2018-07-12,7c70ca4d728c6988ee9c326479b5f507,2018-06-27
f58462e1774fbcabc35c4a2dda61704e,3aeb9a429e1a2c05362a1c03cb1a087e,delivered,2017-11-14 15:55:47,2017-11-16 20:13:18,2017-11-20 19:14:50,2017-11-29 21:57:56,2017-12-06,b5fac82fe065b5572bc8f142848f1448,2017-11-14
e8291f4bc553c5ac2a42ee7737836480,f78bf1a4a08641a29a6f0dfe42407440,delivered,2017-09-01 10:15:57,2017-09-01 10:25:46,2017-09-01 15:37:52,2017-09-09 00:27:31,2017-09-22,a7886c4f6ab83f8037398923e15e44db,2017-09-01
cea6a91496c8046f157f38239f2cf06f,3cf5edb4ea2694cdf6e42273f50dff05,delivered,2018-04-19 01:01:29,2018-04-19 01:12:04,2018-04-27 09:19:00,2018-05-04 23:58:41,2018-05-10,1bb222c054a366f595906a158ecb6420,2018-04-19
43c6a6a7096ab15a3baa2438ce460cfc,2d0402de72b302a2627bfbf8a1e7ea93,delivered,2017-08-11 17:54:46,2017-08-15 03:43:56,2017-08-15 23:33:20,2017-08-17 20:27:46,2017-09-12,801f745b604d8deff64078eb05583a98,2017-08-11
eb13af3b4aca94e5e189b94e09d6fa4d,cbe8003425467af7afa45b8dbd84512e,delivered,2017-11-29 15:21:02,2017-11-29 15:42:59,2017-12-01 00:26:26,2017-12-01 22:17:46,2017-12-14,773df13b9da8b5b10c111cfe409c0a65,2017-11-29
a72a85d8ae2274e218fcea46f815cfa7,151b2c4a56aab1fa8f3c822cc000b287,delivered,2018-07-05 10:50:33,2018-07-05 16:14:01,2018-07-06 10:57:00,2018-07-10 15:48:25,2018-07-20,cfd6d938da6317889f5c85ddf4b5fc0a,2018-07-05
b62cbd4c81925d07d9fd52a505072b62,de97e7bc8c7bd4b48968d2ae7869d627,delivered,2018-08-16 23:31:38,2018-08-18 02:55:19,2018-08-20 12:55:00,2018-08-28 21:54:44,2018-08-28,359491f8f6503bc517f4974cf235e161,2018-08-16
fa8af66ee11f929d58f95e9a0522d792,a7361cef18d3fa0382cf9b7179c7de30,delivered,2018-04-22 12:03:21,2018-04-24 17:16:32,2018-04-23 18:32:27,2018-04-26 19:12:10,2018-05-10,be3a69b6de0ec97f56118547394770dd,2018-04-22
4cd3892b846909cad34c7070fee79f78,61077f55e443e26ba5368cf308ba71b7,delivered,2017-12-26 22:25:19,2017-12-26 22:37:27,2017-12-27 16:06:08,2017-12-29 12:56:24,2018-01-29,0c2361f803a38f997296b5957edfd57e,2017-12-26
342e2aaf2361169a84afe9908ed78371,3d1afec2754d05ad1c72cced9fe9ace9,delivered,2017-11-12 16:54:37,2017-11-14 14:35:34,2017-11-16 19:48:52,2017-12-02 00:56:52,2017-12-08,be6b1b6f0fbdf661bb5e85959ef309fd,2017-11-12
a6f7597815271fe59f9c00b31e6d322a,1fd2b1510e209569272f307c731edcab,delivered,2018-07-16 14:23:29,2018-07-17 14:21:42,2018-07-20 14:43:00,2018-07-25 20:04:02,2018-08-10,04551dff8442a4da9c8860851f4096a6,2018-07-16
e309a85cd901c566767a2aa98090085c,b2f351b578d5fa960f941afe5379cedc,delivered,2018-06-01 09:35:57,2018-06-02 03:31:49,2018-06-04 10:55:00,2018-06-05 16:52:18,2018-06-26,0f00ec227ecc76530782aa0fcb87f0e2,2018-06-01
160fec373d1524d70a0adcc4922e3f5f,2b1e47c1a29b1db00b326753395c08bc,delivered,2017-10-31 19:53:44,2017-10-31 20:10:23,2017-11-01 19:05:30,2017-11-09 21:05:50,2017-11-23,ca0cd77819a2427d6ca0e0d0e92de58b,2017-10-31
ef2bd524117e3241e5166da54dffe473,2c87a3f1856fc95e951576f758a9c55d,delivered,2017-12-27 13:27:18,2017-12-27 13:33:27,2017-12-28 21:27:15,2018-01-08 18:44:11,2018-01-24,587be5fcece22a7d73da8d30594cecc9,2017-12-27
d67ce32732e8d5413c4bb2358bf5bb16,1de528add3801283e26459cf6005e3d0,delivered,2017-12-19 18:19:27,2017-12-21 02:12:15,2017-12-21 21:59:02,2017-12-26 22:27:47,2018-01-15,a986bcb29fea7269c96710285eb06db5,2017-12-19
1ded4213705262539b563c8f1a535044,a9132d11118521f5bcc480e1b814e9de,delivered,2018-02-15 21:25:21,2018-02-15 21:46:17,2018-02-17 01:14:44,2018-03-05 15:28:38,2018-03-13,3abf6ef042fa8ebcfd8c8811d25ef5f0,2018-02-15
e0ac12de8c4f2398d96dd807818adaf8,4cc35d6a322eb6950b08f6dc5e64f821,delivered,2018-04-23 17:04:37,2018-04-24 18:12:14,2018-04-24 17:51:05,2018-05-04 18:58:33,2018-05-18,7b5476637788a97b34d40c0aeaa1a98b,2018-04-23
739bb3840069271e1c2a54f5b485b695,58be67590e18c3d1e7d611dc65eda107,delivered,2017-08-27 19:49:14,2017-08-27 20:04:54,2017-08-29 20:38:45,2017-09-06 19:37:50,2017-09-22,0dbe45fa08f724bd664f996960b71a82,2017-08-27
7cd9f4c5a26e353b50e10cc165ef40d2,7ee04c773f064561c7f50cba4cda809d,delivered,2018-06-27 19:23:51,2018-06-29 02:53:16,2018-06-29 14:47:00,2018-07-03 18:03:39,2018-07-16,ac76983f510db2b3b56267fa6d399773,2018-06-27
da33da7f6eb79be4440ac5c606d6848a,3fe0db7ad3b18c99603dd7f57eb785b6,delivered,2018-03-02 12:53:02,2018-03-02 13:09:32,2018-03-08 12:49:39,2018-03-16 23:12:33,2018-03-14,5d54dcd3f5eaa9382cfbd3fd23f4c8ac,2018-03-02
1c26ca7959ab2a38626a3be3004baed9,944c6ee35914cce1ad278c06a649b312,delivered,2017-04-11 12:46:10,2017-04-11 13:05:38,2017-04-12 11:55:03,2017-04-18 12:51:36,2017-05-05,684e3d88c0afa75bc723a30921f07fbe,2017-04-11
e5ecfcbdbc07f8edf7ec0df1504a74a6,db329a00354d35ec9fdaaf8e11bd8033,delivered,2017-01-19 11:47:55,2017-01-19 13:30:21,2017-01-27 12:24:41,2017-02-06 13:43:56,2017-02-17,30ad1451a70a8da11a69dc6dcfe31256,2017-01-19
207bd7ea1f047ff2d6f2e5c70333e4b0,75b1b5710c1eea5788403c6868398157,delivered,2018-03-16 20:41:34,2018-03-16 20:55:49,2018-03-20 17:48:59,2018-04-02 21:23:00,2018-04-24,42ea884062c187dd8836a46af512c7a3,2018-03-16
02fab07a655ce404330d65b508f32d9e,10eee4da147ae9bc5f7b21f32c1fb3c0,delivered,2017-05-19 14:41:31,2017-05-19 14:55:17,2017-06-02 16:21:40,2017-06-08 16:55:58,2017-06-14,d2b5dbb06b988b0d6d95c772f1d6dbad,2017-05-19
cf5aab95566cf4551eee9dd9edbee478,23bd1f62a71c6e64c2cf533f7a1e73e0,delivered,2018-01-02 21:30:37,2018-01-02 21:37:27,2018-01-08 15:07:28,2018-01-16 23:32:56,2018-01-24,7250ea789c07ef9a8ab11db148f08e1a,2018-01-02
99056b576413d18b9d5a28061e133dc9,6b6aa10ce62aa811a680bbd03300e238,delivered,2018-06-14 19:25:08,2018-06-14 19:37:58,2018-06-15 08:45:00,2018-06-20 18:58:30,2018-07-04,502b920b612989fbdb42dd53576d93dd,2018-06-14
223f7c98cbcab2327a6e8b11e0f13838,fe9d789522315169a83d6740ffb2117d,delivered,2018-08-03 14:35:07,2018-08-04 04:05:18,2018-08-06 15:22:00,2018-08-16 18:48:37,2018-08-29,8d1b75d2f05067cf8aed47d96d14345f,2018-08-03
410cfb42b9a36728a695fe883df04ebf,b74584aa39691bb6fdd0f68571d3ba0b,delivered,2018-06-04 20:28:14,2018-06-05 04:15:17,2018-06-11 14:23:00,2018-06-28 20:25:51,2018-08-08,f72b7208452f18c74743c34dfdfcb37d,2018-06-04
89e7c74fa7b7671a581e7e36485f88da,c63ec7f1e7b5e7465652930f83c5e3e6,delivered,2018-04-23 11:04:21,2018-04-24 18:46:16,2018-04-25 12:24:00,2018-04-30 13:44:49,2018-05-10,18f81769a6112c52d34c081f3467e73a,2018-04-23
f061e8818fe8193a51388d6773625505,b7e921dc4c40998b54af80352b06d7d4,delivered,2018-07-04 20:00:33,2018-07-06 02:35:16,2018-07-09 15:10:00,2018-07-20 19:48:46,2018-08-07,99d77850f28d4876171ede0f62346fc3,2018-07-04
b19ca559688b49e8cf7f88c1aa3f0009,9bbf4660a4028f0bac41bf43b26b4e61,delivered,2017-07-21 22:39:25,2017-07-21 22:50:14,2017-07-26 20:03:25,2017-08-02 20:04:04,2017-08-17,8d384d9d49defe554f47b8186a206803,2017-07-21
07424cae1deed4169c2b56d1d150acf8,899ae8bcb4bbbafa09b4023c1777cd1c,delivered,2017-12-05 00:26:38,2017-12-05 09:47:10,2017-12-12 20:26:40,2017-12-13 18:09:41,2017-12-27,c48a9e1aeb73834ad73114f11d68f39a,2017-12-05
39454163ea6db630f644e723c00f7da3,570d9467ffdbc98825c03a008f823d27,delivered,2018-07-03 15:02:54,2018-07-05 16:05:14,2018-07-06 10:36:00,2018-07-07 14:48:41,2018-07-16,ea2e11109f088aeb9783a83543f1dbd4,2018-07-03
540b7d70e38348c6a2412ede9e1f1f2a,7a0c9d6fc5dc65fa1da11959b167c952,delivered,2017-02-06 10:20:27,2017-02-08 03:15:26,2017-02-10 14:04:11,2017-02-14 08:54:47,2017-03-01,141b0a78a1c056b72aebe29fc96b4198,2017-02-06
f87f3a5e91df877dc36b65fb69ff2465,c13b88bfce55305a9240404088bd6a46,unavailable,2018-07-30 21:49:41,2018-07-30 22:24:21,,,2018-08-10,d6bc315c133be9c0a334b96002b4c1c1,2018-07-30
710a8cc8056322269a0a3b07d27bd84e,9c3f2c2509f7574142b8d8448da59ad9,delivered,2017-08-30 11:25:53,2017-08-30 11:35:09,2017-09-04 21:21:51,2017-09-08 16:38:50,2017-09-25,6a1afdc6c02bdfc2997c11c65a5771cb,2017-08-30
788313c36328095e48229fa8fbe482cd,02e2ee466cf9f38e435864cc86796754,delivered,2018-05-11 09:27:10,2018-05-11 10:17:16,2018-05-11 15:16:00,2018-05-14 14:24:50,2018-05-24,ee2b199b53d7ee5eacf96be19bbccc91,2018-05-11
c8375e79155a5bfc564dd3da053bdd15,0e29b397ad475f246592749aa80c8821,delivered,2018-06-19 11:43:09,2018-06-19 11:58:23,2018-06-22 14:42:00,2018-06-29 19:51:38,2018-07-31,11c295be3896cde597bb0f31405919c1,2018-06-19
a9fb450008d4a94311a7288937b880e6,19d04e5c06403cf04a62edc4f1ded818,delivered,2018-02-22 09:03:59,2018-02-23 02:10:50,2018-03-02 00:46:53,2018-03-06 17:16:55,2018-03-22,33176de67c05eeed870fd49f234387a0,2018-02-22
89fda551a6bc59c3a9d868a580cc6ca6,c1668d67ed2fc31300b5c2e60a709111,delivered,2018-02-22 14:47:02,2018-02-22 14:55:34,2018-02-26 14:49:17,2018-03-06 00:45:01,2018-03-14,33909b7a3aadac8943ee99a62745f3ee,2018-02-22
bfb074fa3d43b5b13e7a67203ebdedf5,a4e90b1807174d6b2013ffab1ada0575,canceled,2017-05-12 10:11:53,2017-05-12 10:25:08,,,2017-06-09,2e7e91892d0d4db10d2c8c6de2b26798,2017-05-12
d0c925dd85481e3b99bbc725dc56e1a9,fba700a28090dd4cef5433076c454f4e,delivered,2017-09-18 00:03:47,2017-09-19 00:10:18,2017-09-19 16:37:43,2017-09-30 16:58:54,2017-10-06,4054e1e82fd95a834500737c196bf542,2017-09-18
df13cbaf3230c62a4b582317936e8a39,932289aae7b7195bc53d4c640ea071f4,delivered,2018-07-08 11:25:34,2018-07-08 11:45:37,2018-07-10 14:57:00,2018-07-13 22:04:38,2018-07-27,4b758691b67ec259ad016bfe2525f23d,2018-07-08
3365749860804a01bf35b50fffcfe842,31f4944b5a1f98a2056c825313c06376,delivered,2017-12-04 14:30:10,2017-12-04 16:48:49,2017-12-07 22:37:07,2017-12-20 00:06:16,2018-01-02,cd915c60db8686f9a3dc35745aa1691c,2017-12-04
186c43c492d0813457a0da8ee78ef748,c78afbf707e4446398d86ac463c3fd4c,delivered,2017-11-13 11:44:54,2017-11-13 12:06:39,2017-11-16 13:13:52,2017-11-29 20:51:45,2017-12-13,c63b5a8f651e04cc4b875d704ce9f0c0,2017-11-13
e327b0b5a08cf398b21ebfd6a36b38c8,968b4bf6385fe1f935ec48185a1f6a22,delivered,2018-08-08 16:35:30,2018-08-08 16:45:16,2018-08-09 12:49:00,2018-08-10 22:11:39,2018-08-13,bc1f556775d3a257626c8c7203e26366,2018-08-08
70fd1df0264577ffdd5510be4e18cfe4,6c3ca4abd5a5e76fc6072d2c47bcdc81,delivered,2017-12-27 15:54:29,2017-12-28 15:47:42,2018-01-02 21:43:13,2018-01-18 16:47:43,2018-01-24,59e7dae2dab0dd164a6ebaa15913ce85,2017-12-27
6c028cbba2a22fd7c9430fe9ab249faa,c0bd2d833fe07c857782efc1c5a525e1,delivered,2018-04-09 12:12:47,2018-04-09 12:30:08,2018-04-10 23:38:49,2018-04-24 12:56:41,2018-05-03,11eb5568a1188987fd0b88f2bfb7864d,2018-04-09
6e094f9da57fda90223610bbba3d4c6a,09ebe1786d9aee6e06ef0fae650eea19,delivered,2018-07-08 19:58:06,2018-07-08 20:10:15,2018-07-10 11:01:00,2018-07-12 17:03:18,2018-07-25,1c30bdec83f29f5c8bd1683b0df3b0dd,2018-07-08
405059897f5d5fb7e349800c44920c61,a71eaa5160ed05216c986f70f11ff298,delivered,2018-02-27 20:25:12,2018-02-27 20:45:22,2018-02-28 22:21:53,2018-03-03 00:56:38,2018-03-14,df7c5861095ecfe99bfbaaa172f17459,2018-02-27
2e9cc17227ce6e445941902dcbea67d6,e4baaeeac874d1625171dfe5e7b3b295,delivered,2017-04-13 17:20:42,2017-04-13 17:35:16,2017-04-17 17:28:10,2017-04-19 11:50:24,2017-05-05,01a013f2d3d7b0fa074a09d3e6e7b611,2017-04-13
3d9ffc9b8fda8e673afb17351d2c0ec4,b5f901ebee018e958ea2efe39b4cb8a2,delivered,2017-05-18 19:43:07,2017-05-19 02:25:26,2017-05-19 12:33:56,2017-05-23 16:59:51,2017-06-09,917de9fb824d070a7f1f4db097cbea8d,2017-05-18
b1a6e1094db81b9b6f4b80a40fec524f,7085964d18945061bea7d21f3a4f3c1e,delivered,2018-07-17 14:41:41,2018-07-17 14:50:28,2018-07-20 13:29:00,2018-07-27 20:41:41,2018-08-08,89b692db0c2020ee873dbf261d941543,2018-07-17
005997dca4c1fc45066d0a03d54a6469,c5b44be122ce413a4517716ad9dd072e,delivered,2018-04-10 18:01:04,2018-04-10 18:15:20,2018-04-11 22:32:29,2018-04-13 23:04:44,2018-04-26,04373f7c105c306e9bdae55e5c70163c,2018-04-10
9bc5c73ed95bec088ff04d924946fa45,5a134aeb2bc57fc5561108c40911a5e5,unavailable,2018-01-14 21:32:20,2018-01-14 21:49:19,,,2018-01-30,97800844084823aef5065286c2e1f5b0,2018-01-14
17fd242bc5402e221bb59a6efec0f397,cee637a42af216cb5475df2f812c583f,delivered,2017-03-06 12:04:15,2017-03-06 13:05:24,2017-03-09 09:28:56,2017-03-14 15:50:45,2017-03-23,b1e27e4eb8b0c4a0c37bad75545b4164,2017-03-06
c496bc3178d477c1390f52393d78d723,fbbca623fd2ed0a30fd87061b46980d5,delivered,2018-05-16 08:11:59,2018-05-16 08:36:51,2018-05-17 14:42:00,2018-05-22 13:03:03,2018-05-30,4d5fcc334b694fbd64186ef503d65f4d,2018-05-16
7d39421ea5f060563a2e6682058e676f,78a82b5613bfbb88286981a6a5c24ead,delivered,2018-01-06 19:32:06,2018-01-06 19:46:34,2018-01-09 17:07:08,2018-01-12 22:22:04,2018-01-24,815feac81c8a02aa182a1a1dddfb90ec,2018-01-06
8b1999cf2912d6be6f23ce1474751748,0cf926baf656a5dd581dd4d8888745f0,delivered,2018-04-25 14:59:44,2018-04-25 15:16:17,2018-05-02 14:58:00,2018-05-22 16:11:20,2018-05-16,c20897f7fdbf986ca80721ab3dcbd590,2018-04-25
18f9fbd712bb1da26f16a74e68f5361d,189c6e8f81d96c206cf839fd56352b03,delivered,2017-05-21 20:42:09,2017-05-21 20:55:06,2017-05-22 09:40:53,2017-05-28 09:27:35,2017-06-09,e9d83ddb5b55277ae391b0e708709f63,2017-05-21
5b6ceef2a759462c5010f414622dd1e9,5b313027017c6863751547885ba09d21,delivered,2017-07-19 18:46:31,2017-07-20 18:43:43,2017-07-21 18:23:42,2017-07-24 17:55:38,2017-08-01,9e03c8bb195c871ca0ba3a3feb8dd945,2017-07-19
4eedbea06033407253ea131738b99a5d,9023f21bb5ec09efe6bfb4e8cf09196d,delivered,2018-02-15 00:25:44,2018-02-15 00:47:17,2018-02-20 23:07:32,2018-03-15 23:55:29,2018-03-13,69f0837c1134ed7ac5da6a07e24af9a3,2018-02-15
c37a9a364fe07bc26ad03f0b4f306aa1,89b92d2ae3a3b7548b97d670c3af12bf,delivered,2018-07-30 22:26:01,2018-07-30 23:04:21,2018-08-03 08:06:00,2018-08-07 15:12:37,2018-09-03,03cf4e12f6dbafaa98d8db759e2f5d45,2018-07-30
b83ed42a4c8f73cee33121aa4ca4cb14,b4a4141e8a62c1869c0c0d428fe24e1c,delivered,2018-01-31 16:57:52,2018-01-31 17:13:51,2018-02-05 21:09:09,2018-02-14 22:36:31,2018-02-26,2d60f68e28c32c6d4ab7abdc038214ee,2018-01-31
d7f1fc795c94efd3a00141a5f8a2c9d7,bc6c83de95492ac49d824578ca50b941,delivered,2018-08-13 15:24:41,2018-08-20 14:12:55,2018-08-15 13:32:00,2018-08-27 15:47:37,2018-09-06,7934187db6e4477f02fa27ba1b764465,2018-08-13
f3753df1e0c5a22ca7c2ff5722387739,73a77e205798f6f820f6d70908b0be0a,delivered,2017-11-13 11:44:01,2017-11-13 12:06:41,2017-11-16 13:31:50,2017-11-28 04:11:49,2017-12-06,6656efd9580812cee9c6b10e3574ed11,2017-11-13
d245b7d86b7965f8007179df464f76df,531badd968ec63f7495c961436128119,delivered,2018-04-24 23:01:45,2018-04-24 23:12:37,2018-05-02 13:40:00,2018-05-07 18:32:59,2018-05-21,f90940bd21d1ea482d06b952e7c30916,2018-04-24
93c4655e5be1df1a5fad75de93847cd4,d08075d02a6c66fbf4b1117c31862443,delivered,2017-03-09 20:19:12,2017-03-09 20:19:12,2017-03-10 08:59:21,2017-03-21 13:39:07,2017-04-03,fa90078d56f7b9878deb29d9ed8c8b27,2017-03-09
1f19e6ce9fb04dda9ce82b2172a84d82,f289f8ffee306b2f6148218054b1cdf7,delivered,2017-12-08 13:10:48,2017-12-08 13:30:34,2017-12-13 16:38:54,2018-01-11 16:22:45,2018-01-09,eb5356a38f7c61471765fbad98ce5c87,2017-12-08
b565c648e96cc31e3a91feb417652a67,256af5f66a15afc03fb926c9bba1a671,delivered,2018-01-24 12:38:22,2018-01-24 15:19:26,2018-01-25 00:06:32,2018-02-19 15:36:45,2018-03-05,4cbdc0f2029c78a012c400623a82e55f,2018-01-24
0e750b2937251a81713e22e816179c93,8a40e7b0b692d67297e200e598a4a6b0,delivered,2017-11-16 12:30:55,2017-11-18 02:15:30,2017-11-20 16:36:37,2017-12-04 19:46:56,2017-12-06,7159d4b8864d111c17b42a4e62767cf5,2017-11-16
1d1e77334238a731c494f066a6c0d500,27cd342122c1263cda043bdc472cfeff,delivered,2017-09-15 08:51:48,2017-09-20 22:36:09,2017-09-18 17:34:02,2017-10-02 15:44:10,2017-10-13,8781302c5a86bb3b2e1aa9dd55e1ebca,2017-09-15
946cedc17603ad142f7396dbd256993f,f0abff8d773904828db3a92108aa4666,delivered,2017-09-19 17:47:52,2017-09-19 18:07:10,2017-09-21 17:57:39,2017-09-29 20:33:37,2017-10-13,e782fbe76400acda68fd7dc6757586e5,2017-09-19
6bde87b60e1daa6e453bcd0bc8e7f1ba,720c6806b0a93fd14b47306ce08031e1,delivered,2018-04-27 17:01:12,2018-04-27 17:51:29,2018-05-02 11:59:00,2018-05-07 19:41:41,2018-05-22,ff8dead90fad99d74213aacf611a2849,2018-04-27
5802070896d144b2186d3c280570c99e,80b33b056d950694513bbe083d526ea5,delivered,2018-02-13 22:29:44,2018-02-13 23:07:24,2018-02-15 20:08:20,2018-02-20 22:19:11,2018-02-22,a5ce731d4481dd58d0bb8335e72142e4,2018-02-13
2a5dd7112c6bf89f4b71733a54e81aa6,4c1e1174487600804cccce389ec85d59,delivered,2017-04-05 01:06:45,2017-04-05 01:15:14,2017-04-05 18:40:12,2017-04-25 13:02:03,2017-04-28,92c086226aca51aacc7e48bffa05ecba,2017-04-05
b0018957adea4b9acded9df77514b844,e37a641cec6b1b08f464a3cf50996176,delivered,2018-07-03 12:32:14,2018-07-05 16:11:47,2018-07-04 15:06:00,2018-07-10 18:58:40,2018-08-01,15e5e30a0f4192cdf554e6a2e53ace3c,2018-07-03
e666d7fa06d295372a716b917c2f94de,57518eb6cfc318e75d0d993692b87d71,delivered,2017-07-30 17:44:10,2017-07-30 18:03:22,2017-08-03 17:11:40,2017-08-16 21:57:52,2017-09-01,f3262b4152fc46b20c4b3e8c6523ddad,2017-07-30
251c2e36f5f9d2c37b63c23c4226039a,a7a63610c00d78a97ddc2fd9a6781149,delivered,2017-11-24 12:47:33,2017-11-25 03:33:16,2017-12-01 00:13:08,2017-12-27 15:49:14,2017-12-21,146ee84a8b840b713c90659dd5ae94a2,2017-11-24
cd44196e80474114b859765d62f12ddf,38a63fe852918021685a1f656a4d5049,delivered,2018-04-15 21:41:23,2018-04-15 21:55:15,2018-04-16 20:07:21,2018-04-23 18:56:22,2018-05-08,f15e3df8a37d94b4e9324f22b58ec5f9,2018-04-15
20e7a21a233fcb32bbbb2d3613b03426,6715e300551864f06d4deac32cad0957,delivered,2018-03-31 10:47:09,2018-03-31 11:27:16,2018-04-02 17:06:51,2018-04-21 12:11:30,2018-04-23,60dba56b05e9e2429ca32099c3c50ba2,2018-03-31
ae938042ee33a2f3048cb2e4d25f9bb8,2f8c07cbd57c27226a1db824670fe3e0,delivered,2018-06-25 12:58:18,2018-06-26 10:35:28,2018-06-28 13:47:00,2018-07-03 16:07:15,2018-07-26,4646caaa1c9548dee59a39a5e7ab4d29,2018-06-25
d032b5a19c78b60d1d65a567c274782d,6040f79d4f8a94363472308fc67ec011,delivered,2018-08-10 22:17:47,2018-08-10 22:25:14,2018-08-14 14:53:00,2018-08-15 16:13:56,2018-08-17,e90ca1e5b63f2408745812944196f43d,2018-08-10
a9d5a5f1ce00ef0a80bd1f6e66b291a2,92f640eaa92da7fa7edc6ea1cdd54814,delivered,2017-12-27 13:04:55,2017-12-27 13:16:24,2017-12-28 15:39:03,2018-01-09 22:10:36,2018-02-02,ce8c3a9189899cfa9882c8992bf2838f,2017-12-27
def50c71a1a53113fb9d1ad68ee34e4a,55206de1c7ec8be61806c19e4edc489e,delivered,2018-08-14 22:51:45,2018-08-14 23:05:46,2018-08-23 08:49:00,2018-08-29 22:32:17,2018-09-06,52bacdc3b01e5e8379f859adda1ff811,2018-08-14
46502a9584712989d3872f32e0e2176c,dbab122afe1a7ac161c29bc789f595d1,delivered,2017-07-02 17:56:35,2017-07-02 18:05:25,2017-07-03 14:57:55,2017-07-18 13:32:53,2017-07-27,a2d342f34a61db2ee336a2db0d246f97,2017-07-02
a7dfc0dec96501a2f03a9d1412d8975c,d61e0d911735f7edfbb4ec85a487951f,delivered,2018-04-21 11:24:57,2018-04-24 17:16:41,2018-04-24 00:26:41,2018-04-26 16:50:47,2018-05-09,d5911e052aee8a1f05f19c3bf612777e,2018-04-21
d3350e3a63b03e10d16463a2e75a5361,f2183922480268c0f1615ae3d86f5109,delivered,2018-04-02 13:50:26,2018-04-02 14:41:11,2018-04-04 19:48:15,2018-04-15 14:18:37,2018-04-27,cffe0bf326840211fd854576c4064129,2018-04-02
d1b180581daf3c00f4ab3691c9a12c92,8cf70936d9b6b4ade36d4f4349a301c9,delivered,2018-07-29 23:52:17,2018-07-30 00:05:09,2018-07-30 12:40:00,2018-08-01 14:23:43,2018-08-13,80a2bcd9d0fa5395832a6e86e18d7e0d,2018-07-29
f4d812e53e87755d0f4210f23caef13c,e6546445d69085e73903bd5d839b24d5,delivered,2017-05-08 16:25:25,2017-05-09 06:35:24,2017-05-09 08:38:46,2017-05-22 11:36:36,2017-06-12,1f14cece5da31d108e380c174f68f552,2017-05-08
73d20217539c04fd4194a9e17996047b,716dcf823064b69da58ba0509eb96b1e,delivered,2018-03-20 15:12:48,2018-03-20 15:35:25,2018-03-28 19:50:38,2018-03-29 20:57:25,2018-04-03,89af4a59fbd4471bfa9fa70e14803d2e,2018-03-20
5000739c56c2fbfbc0dfb05dafd7ab50,70c84875d254552d37cb96f14c92d23c,delivered,2018-04-02 11:28:21,2018-04-03 05:28:06,2018-04-05 00:27:22,2018-04-24 21:48:48,2018-04-20,5c32614e4ac9a3f1c2a7eb6d3996c61c,2018-04-02
46d69313b61b50a82923f811db17de3b,4348815275d4689bcfa8946f858bd222,delivered,2017-07-24 21:22:10,2017-07-24 21:35:17,2017-07-26 10:36:05,2017-08-02 21:05:06,2017-08-15,7788031452c2462fb27d5225237abbf6,2017-07-24
0852d26c3b55f84aca9d256f91a44bea,75aa6b9b1a2dd8b71c7a2fa42ac30073,delivered,2017-08-18 15:44:29,2017-08-18 16:10:18,2017-08-21 18:30:10,2017-08-25 21:22:37,2017-09-12,b949a7e00de1059f8c4ffc85b0b72864,2017-08-18
2cbc30cc52609a954b2eda461da97579,848a2f352884465ed67fceee37d858b6,delivered,2018-05-17 14:43:29,2018-05-17 23:18:09,2018-05-18 13:34:00,2018-06-04 15:35:46,2018-06-20,b500edaf94c2514921c6de910ffeffb1,2018-05-17
4a44e928d587e7cd7068ea354471c477,f04cee5f84e73924695f31301c815ab8,canceled,2018-06-05 13:51:50,2018-06-05 14:31:18,,,2018-06-21,89f64c1d337233ced9aa4db4b90617a6,2018-06-05
69caec6bf6c49c8f601f8327d8d5a7b0,763608b1f43b27200accdc13c055017e,delivered,2018-03-21 12:48:40,2018-03-22 02:50:09,2018-03-29 21:20:39,2018-04-10 23:58:48,2018-04-12,39ec2772bbce0124065738f0a4372c02,2018-03-21
a8a29ae9b3f2dc2e650dc520d7842041,ce0809a5eb4ada3a764f383e118c18a3,delivered,2018-05-28 19:57:44,2018-05-29 03:14:34,2018-06-01 08:29:00,2018-06-13 14:39:40,2018-07-16,903e244773d10d2ef9cba4a679253ae4,2018-05-28
0046e1d57f4c07c8c92ab26be8c3dfc0,ae55e228ded796581eccc67045516023,delivered,2017-09-26 15:24:03,2017-09-26 15:49:17,2017-09-28 18:42:42,2017-09-29 18:29:50,2017-10-11,b0efd7adeb04d15b16edaedd11215d40,2017-09-26
a85c359f7b726c381e24506bd9b1398f,e42824661f907326c63764bce693246d,delivered,2017-11-12 09:46:54,2017-11-12 09:55:31,2017-11-17 02:26:27,2017-11-29 22:15:27,2017-12-15,ff2d29bb6008f8ea4d54b3040578bfe8,2017-11-12
87fbaf80a5baf8a4b61821115117f999,9d85c417bd1b84d64b2613c81807adab,delivered,2017-11-18 07:41:46,2017-11-18 07:55:30,2017-11-22 19:31:34,2018-01-03 19:37:14,2017-12-07,ec7f1811826ab04a27a92197bc40c888,2017-11-18
dd148019cfd83f2e45f6c5d5a09771a0,47a4386977dab7c36f14836e7be7c0fc,delivered,2018-08-19 16:41:53,2018-08-20 12:29:55,2018-08-21 14:20:00,2018-08-23 21:05:50,2018-08-29,b0d476efb7e8ffa8cd5d6b929bdfce87,2018-08-19
994fd7613e80bc45020c7ab67df07f8b,626a74ca6cd084c974576167d2ad3edc,delivered,2017-08-25 13:35:47,2017-08-25 13:45:46,2017-08-28 15:53:34,2017-09-13 21:33:48,2017-09-21,82f5376e1df26ee3905a38a3f2421824,2017-08-25
b52c5e0a82ec048d983882e4d539394f,ed728363e0c58db8567c81f26af370ce,delivered,2017-08-18 14:38:23,2017-08-22 04:06:03,2017-08-23 20:39:01,2017-09-01 20:27:48,2017-09-14,07342638d0e0aad32c3cf0efc1a37ba5,2017-08-18
3d1015779173f2ac043082581b12e826,d0ecf87664a643c8a15a7ef0089df407,delivered,2017-06-11 17:50:18,2017-06-12 06:42:30,2017-06-13 11:20:40,2017-06-21 16:47:52,2017-07-12,ce740f5e5b31263575797c91a7f7c15d,2017-06-11
3a43013148c91141e56e105f93fb3792,c88049eeaedbed43c80a28501f20e6b4,shipped,2017-03-06 11:20:27,2017-03-06 11:30:14,2017-03-13 07:52:04,,2017-04-06,f46d77050b14b368b8582f85564167d2,2017-03-06
1c2e2705fc091788f391bd212887b6f0,d33d77d276d94eb726ee3edaada486ec,delivered,2017-04-24 22:29:48,2017-04-24 22:45:12,2017-04-25 14:05:41,2017-05-03 14:46:49,2017-05-15,bf857374a1fee887ccccb47d0f122e3e,2017-04-24
ebd0cec55989d5589a5c4577f06ca9dd,685bc8cda67aaf7957992f50657f26a6,delivered,2018-05-22 14:50:54,2018-05-22 15:14:55,2018-05-23 08:41:00,2018-06-05 23:52:34,2018-06-14,b2dd2bc898158bf01f6561e9cc8a6b39,2018-05-22
f9c8ce300676bd838f4a85b8e97d2342,e37cfd145e4106b73858cf08a409f2ae,invoiced,2017-04-30 13:52:34,2017-04-30 14:05:14,,,2017-05-23,a58736cfa4ae1ca5f15dea33c966487b,2017-04-30
0c218bb391f7d78332d4d53ad73b51bc,1d7a1983f569867020061b280db0234e,delivered,2018-05-17 19:19:03,2018-05-19 03:12:47,2018-05-21 13:27:00,2018-06-04 17:18:23,2018-06-01,1b3010b2f0f02c822765531edaad49be,2018-05-17
b6e3915b3670164d7ff568eb2db3aa88,68cff7512cfd266a08e79caaad3ca4aa,delivered,2018-05-04 11:39:36,2018-05-05 03:50:25,2018-05-08 09:07:00,2018-05-17 15:58:53,2018-06-01,e0843b0ace63133224a9f5481e66b7d6,2018-05-04
8dc7f5f2024708be4f36e4b1811cdd97,d374f2ed1fbdeceaf653e5a48796c12d,delivered,2018-01-22 17:16:37,2018-01-22 17:36:46,2018-01-23 22:29:42,2018-01-25 17:33:18,2018-02-20,3ac899172053ffd1ab35652f42f57626,2018-01-22
3186e75cf9e4a13149e5729f23cebf06,4255814e8b080bbf487d6e0f837092e4,delivered,2017-08-05 22:46:17,2017-08-05 23:03:45,2017-08-07 18:43:57,2017-08-24 15:40:13,2017-09-11,02682c9a04df6a3e140e2e7eb78fa693,2017-08-05
cf35cf6763e0db30babc4885c3b2596f,69fc9694382814714406da71406d676c,delivered,2018-01-11 00:48:01,2018-01-11 01:08:14,2018-01-17 20:26:25,2018-01-29 20:14:49,2018-02-09,456fc2dc1c1b0340d18ef3f2d14c8e25,2018-01-11
84f2f3376f85a2095f8b1e318e285d45,fcac4e7c11bf4757ffa2ac9ef34ee479,delivered,2017-08-03 20:28:45,2017-08-05 03:03:27,2017-08-07 14:15:43,2017-08-14 18:12:37,2017-09-05,f0e310a6839dce9de1638e0fe5ab282a,2017-08-03
7d11acc91c9f1986270f23fbf9c93e4d,05e237154feb13bc6ef4bb9906d36b5a,delivered,2018-03-06 04:39:21,2018-03-06 04:50:31,2018-03-10 00:43:26,2018-03-23 21:49:54,2018-04-12,3494f941155fd4f208c6f3164fa6adc2,2018-03-06
d677832afa9db3b30b1ae12129ef4018,8c0029b3b74ed5349f7f4e43cba41b72,delivered,2018-03-02 17:12:04,2018-03-02 17:29:47,2018-03-06 20:04:31,2018-04-03 21:27:30,2018-04-19,e863397ca773c34a6c8d75017b5557ec,2018-03-02
b20de8c4d92b516b001daf5375f4532f,dfd302718038530187da374f795960a5,delivered,2018-03-22 11:59:42,2018-03-22 12:15:32,2018-03-23 19:57:52,2018-04-02 17:22:37,2018-04-19,f153640f1dc0b321ef40f860a7dfa190,2018-03-22
8cc7ecd8057b154fb9227536dba2ce24,26acee41e2f75689a5615892f06ea0bd,delivered,2017-12-05 17:12:11,2017-12-05 18:04:56,2017-12-11 23:46:53,2017-12-12 21:27:01,2017-12-21,c3293e875ffb1116018edf76d24e52a2,2017-12-05
539089aba239767ab6256f0eb9a48c75,8882489a6088e4fe968a4ef7284d36a5,delivered,2018-06-01 12:32:59,2018-06-02 03:31:40,2018-06-04 14:53:00,2018-06-06 17:07:09,2018-06-28,8c637c0865c3acf70d010511669abbad,2018-06-01
d1a6e1e7cadfe1427229d6a8afc29222,d066605889f2209871ba356e9e602fa6,delivered,2017-07-05 00:37:32,2017-07-05 17:39:14,2017-07-10 14:12:40,2017-07-24 21:04:44,2017-07-27,d4e18ba02dea891aa1541250c92854d6,2017-07-05
554447ab44775d602bfe7b76e9407b9a,45bbc76ef2722860bbfe8dee150b6c14,delivered,2017-05-23 18:39:50,2017-05-23 18:50:21,2017-05-26 08:53:39,2017-06-16 15:57:57,2017-06-28,a43b5c0335b4e9ff27dcbe0e8c6adcaa,2017-05-23
b6c6f4d01d8abf2cba4656e026798fee,2a20b9912896ea5933d7207d8ecb9840,delivered,2017-09-13 19:57:35,2017-09-13 20:10:28,2017-09-14 19:34:58,2017-10-03 20:24:00,2017-10-20,3ac516f0e88a2a1759a3e9980391a5d7,2017-09-13
39ce583d015282eb748be465a0306f85,940315ea735d972f39c451d478055de2,delivered,2018-06-28 14:13:10,2018-06-29 02:53:22,2018-06-29 14:03:00,2018-07-03 16:48:59,2018-07-24,889bb546e301bd0fddc2637900d17c6b,2018-06-28
2ad833b9fd5613588e248a6973e94de4,21af5a6162295193843fcb0c06301dd0,delivered,2018-08-23 10:21:26,2018-08-23 10:35:14,2018-08-24 12:26:00,2018-08-29 17:04:17,2018-09-03,287de6b37e84b6042b32e6f4c665fb4e,2018-08-23
3c9bb68264b21d0acea375d7ea752fef,efe0bc8c596413f5f6193bffdf474f51,delivered,2018-04-13 22:10:25,2018-04-13 22:29:57,2018-04-16 18:32:20,2018-04-20 20:12:06,2018-05-04,478d38d8da5b73c1ec69b8d141aca8e2,2018-04-13
d2545da4dd93f38a15c5babeef77209e,aa447b9d0db3aad5c312efa627b9ffdf,delivered,2017-07-18 00:28:07,2017-07-18 00:43:36,2017-07-18 18:04:16,2017-08-09 18:07:21,2017-08-17,f1f4c70f9c038bb3a1c0fa288243f530,2017-07-18
a4bc1696d87f667da1b782b7707358ad,7ac341a526beac4680eab4b88c32619a,delivered,2018-08-08 00:57:46,2018-08-08 01:10:09,2018-08-09 15:08:00,2018-08-13 16:49:41,2018-08-13,2d2eb242540892ba55d99479dab48a95,2018-08-08
00ae7a8b4936674ebb701d4a23719a79,a7e8a3cb55d9c9a536992c6465a46a3f,canceled,2018-05-09 14:14:06,2018-05-09 15:51:32,,,2018-05-17,f0b9f688a3b9151bc6b38f4b5b36ea44,2018-05-09
c58cea025bb7cd3c7140a14e442dad1f,6b01fa696d4bcceec2f58d90c840a0ef,delivered,2018-01-07 14:46:44,2018-01-09 07:20:11,2018-01-09 20:42:54,2018-01-10 23:36:49,2018-01-24,af8657cf35a8c9d9d23b8bdb4a771aa4,2018-01-07
244e081969a4166ee413ecc790807e53,a213379bc2b571ff29dfa26f7e843d68,delivered,2018-05-19 00:11:54,2018-05-19 00:33:47,2018-05-22 07:05:00,2018-05-23 19:13:06,2018-05-29,6e25f8524edc13f1bab1a9265adde54a,2018-05-19
658276ea9713496f567a799baedc188d,7f3754843f5f8f1f45cbca5b405b59eb,delivered,2017-04-20 11:42:01,2017-04-20 11:55:15,2017-04-24 09:18:00,2017-04-27 17:56:41,2017-05-23,4e1bcb897bc30d7de23ead1312c22bf4,2017-04-20
4a6c7fdefcd879e7b3eca9f4e8186c76,d767edd8ea7aa3c642c69f22481c4f61,delivered,2017-09-09 20:45:43,2017-09-09 21:03:29,2017-09-12 18:37:57,2017-09-19 15:54:08,2017-09-28,469950bc72f937ed66694bbbc264adb9,2017-09-09
4fe7d00d2bde166848bb86b86054295c,a29a8fc6d1f1361451e6fd7a6880576d,delivered,2018-07-14 22:11:27,2018-07-17 04:32:21,2018-07-17 15:04:00,2018-07-23 19:03:30,2018-08-01,62f4007112415b343fa5cd2c97233636,2018-07-14
98073f968a57983414bdfe914432f100,1e8ee2859c7abf1bd5109dc08f49ea0d,delivered,2017-04-02 15:16:32,2017-04-04 06:02:46,2017-04-11 06:24:42,2017-04-13 14:03:59,2017-05-05,53ad9939355ab2c24394d19cbf8e7453,2017-04-02
582410aed951be23237a7de715f5f9e8,64cb405a00338ee30d7964b5f2c9cf10,delivered,2018-04-27 16:02:04,2018-04-27 16:15:18,2018-05-03 19:08:00,2018-05-10 18:26:34,2018-05-16,cfe174629a09964727b456f3a77643db,2018-04-27
fe563d119bfc3fde7ce511e31594507c,9fcb83032e28a4d71c3200004c46f62c,delivered,2018-05-18 23:01:55,2018-05-18 23:13:36,2018-06-01 13:14:00,2018-06-05 10:04:04,2018-06-19,6802a5080e6f6ade0f077d30a4be19e6,2018-05-18
e6f9a5b68fb526cd3212c1bb62436c83,2bed5aac2f46c272a55b05a033ff7516,delivered,2018-04-23 22:15:40,2018-04-24 19:06:51,2018-04-24 20:42:40,2018-04-25 21:24:47,2018-05-07,55419b2cd1d32adad5eb3d4d9f208d1e,2018-04-23
3b516844e485749f7f4e648ee31ab7de,cc37c549df8ca67257fff235c798a0ec,delivered,2017-12-13 22:15:24,2017-12-13 22:30:07,2017-12-15 16:41:43,2018-01-04 20:42:43,2018-01-16,ea6fd8d961a03ce4c5ba33eb8adbb0a3,2017-12-13
5762393dbc8a827e3c4e95b9f2252329,44acf7fe39d22e91aef0b95baacd7996,delivered,2017-08-14 10:27:59,2017-08-14 10:43:52,2017-08-16 13:09:49,2017-08-28 18:12:08,2017-09-05,af6fdf71fbd64dc80fc64ad57a594523,2017-08-14
141ca33a492a1e577828c4986e4775b2,aebe4c2b4467d067bbcc3852abc825b6,delivered,2017-09-24 20:14:30,2017-09-24 20:25:41,2017-09-27 15:34:18,2017-10-03 19:05:45,2017-10-25,854de56486b249c1dd6b2e23ee5ea8b9,2017-09-24
d60267bcb613cfdcfc6cbe8c558c0104,4f891e1528084cd24a399d9fa6fa05b9,delivered,2018-06-09 12:54:37,2018-06-09 13:11:13,2018-06-11 14:02:00,2018-06-21 23:51:04,2018-07-13,a8aa29b1ed8b1e9bc03fdf91cf28261e,2018-06-09
3114a4b9e970a79667d2f403e83586f0,682bc9b1f26664d72c9638d63de6ae61,delivered,2017-12-30 11:23:01,2017-12-30 11:30:19,2018-01-04 22:09:04,2018-01-10 18:29:10,2018-02-15,a1333f3441db0ffa72eb3e0f94d808a4,2017-12-30
d6be19fade8df35d46c377eaeb737f67,cc6ca9a06de92299b5d0fc5669174398,delivered,2018-01-08 22:15:07,2018-01-10 10:32:45,2018-01-11 22:39:16,2018-02-09 16:44:31,2018-02-20,377860a7242c2e503c926b76ab6e0a65,2018-01-08
c73f087113a67a6ef3ce597eb3ae028e,76b2d3449b756c2e84a83128f038c116,delivered,2018-02-27 15:51:09,2018-02-27 16:09:50,2018-03-01 19:38:58,2018-03-05 20:12:40,2018-03-20,dbd31b3de203c2361440cc64fc016ddf,2018-02-27
dcd8484814a9e470eaaa19a1d7657284,50de73f1e5a078e023fd006b11abf75e,delivered,2017-11-11 16:05:12,2017-11-14 04:26:33,2017-11-16 21:08:56,2017-11-22 14:09:36,2017-11-28,94177712076286a707bab74e10ebb235,2017-11-11
2fbaa53206d7c894eb7fd3a28d5d5592,9e8a0bc9cd150e543c8c6f749dea22f2,delivered,2018-08-06 12:40:45,2018-08-06 12:50:26,2018-08-07 10:52:00,2018-08-13 15:38:32,2018-08-17,32fb60e2ce6a1f62eeccbc2d33046072,2018-08-06
94aa11237bc16075072bb3569a0bf5c5,c64e45fbd454c09b9960c3515484f0f4,delivered,2017-07-24 22:28:35,2017-07-24 22:43:01,2017-07-25 22:33:23,2017-09-01 20:59:49,2017-08-25,f5cd93ed06699e5131befef195873d1a,2017-07-24
8b36489702231f1b610f9fcaa210b23e,d307fb8968cc26ea1d0b127c2ede2650,delivered,2018-03-19 10:23:05,2018-03-19 11:30:53,2018-03-20 23:44:29,2018-03-21 16:34:41,2018-03-29,9bc916a62e816abc0e794ff7928178b8,2018-03-19
39cf873ad8dfacb60ab26448e511723a,eaf1e7d10b6121a4f5546501c3af0e54,delivered,2017-09-14 15:28:48,2017-09-14 15:44:15,2017-09-15 15:41:59,2017-09-18 21:53:50,2017-09-26,3206043ea03fcb31dbf3d5ac293dbca8,2017-09-14
5a5ebfbbca639e25e63f09761e953a44,a37ac9cb206c694271dba8da8c53c576,delivered,2018-05-02 23:54:28,2018-05-04 07:51:50,2018-05-04 15:03:00,2018-05-08 22:21:46,2018-05-14,bbeff7ec4600d4f9a951c42fb2cd0e81,2018-05-02
5d62a96c11871f278906a1123555fb9a,5cb839cc9f60f1a15c2cd80336f953fa,delivered,2017-03-12 21:20:57,2017-03-12 21:20:57,2017-03-13 12:16:03,2017-03-21 08:57:51,2017-04-03,a28596568a62c4d435f1d1ba30a20439,2017-03-12
8a713dce9fdac6b51a968b765612a700,db94d9efecb7f6bab1eb7034317c735c,delivered,2018-08-18 15:57:06,2018-08-18 16:10:10,2018-08-20 13:53:00,2018-08-21 19:38:36,2018-08-24,89ac3e5e9a034510b8cc15f21bf1c8cf,2018-08-18
d2cc55640566b7af90b034a218806337,2660e136a18b12ef20651a987333b662,delivered,2018-01-29 19:33:28,2018-01-29 19:53:46,2018-01-30 21:42:23,2018-02-21 22:31:50,2018-02-23,681d3df5fa675d03795382f511bd0fec,2018-01-29
b4cfd92086298b1af6fd30b2625583c8,a1bc2ec71a4ddec969845df90d51b11a,delivered,2017-12-06 16:50:02,2017-12-06 17:13:09,2017-12-11 22:56:53,2017-12-12 20:41:07,2018-01-05,1439b4be54fbc7ae626e910c0f5dd08a,2017-12-06
de5663895e88028a4c5a84d46b7475cc,c785e91c77b1e2fc9f642dbf170adbd4,delivered,2018-03-24 09:15:27,2018-03-24 11:41:20,2018-03-27 02:14:33,2018-04-07 01:12:20,2018-04-17,3f92cb2c68fd2cf3739143147003d165,2018-03-24
67657701feeda0e62f6364ab7d3add38,4007032059e3f978b304bc9619aee015,delivered,2018-05-30 20:48:37,2018-05-30 21:10:23,2018-06-01 14:31:00,2018-06-06 00:04:04,2018-06-25,9b47daa25f7c605afe9f72de1da1c3fb,2018-05-30
f318921851480832ec75983410d612d8,1a9d075178c9d34858c1558c56af1018,delivered,2018-08-20 16:36:33,2018-08-20 17:10:39,2018-08-21 12:51:00,2018-08-28 17:40:44,2018-08-30,6e10d6571ddd6b7b58d61e4d5e7dde95,2018-08-20
1b025e1c2a64571df27e2229bcfe74dd,bd2ede42afdcf96bdcfbd14347344a7e,delivered,2017-11-22 20:33:21,2017-11-22 20:46:19,2017-11-27 16:03:29,2017-12-01 16:34:43,2017-12-13,285b78fd813ff7269283898759bac0a3,2017-11-22
2c60bc71e6da917194c35fa7c8477e7f,c14ee009789095771e86aece808515aa,delivered,2018-03-05 14:02:30,2018-03-06 03:49:18,2018-03-10 02:18:20,2018-04-16 21:26:58,2018-03-26,11e51fdd16f6c9efd1a09cf188c25a29,2018-03-05
ddd825e286b58aca3f41de496744dc1e,03ce599d2de7554119405035652e592c,delivered,2018-05-29 09:41:15,2018-05-29 09:56:09,2018-06-01 09:58:00,2018-06-07 20:22:24,2018-07-12,e2fbce001076ecbb2422c2b03e6e2a67,2018-05-29
38422d02f6afe2fd7a700d046a3cabee,e9d57c4662295c8b41c050d116d90a04,shipped,2018-05-22 15:04:49,2018-05-22 15:15:27,2018-05-23 12:55:00,,2018-06-08,f9485fa5e9d3f9e2260c90df2eceb058,2018-05-22
cc7dfc8992e6aaa96f3248ff602ee264,aacd86ff2dcccca69c8300e7312df450,delivered,2018-03-25 10:35:22,2018-03-25 10:47:55,2018-03-26 22:12:22,2018-04-09 20:08:47,2018-04-12,475b371565fac3dde82974b8c43b89ed,2018-03-25
8ac8caf128f503ff9cf86d1838fcd2ec,d2c14f1780dff884fbce12665db380a3,delivered,2017-11-28 22:00:53,2017-11-30 15:37:30,2017-12-04 19:52:09,2017-12-11 20:51:43,2017-12-21,6f0988e0106f1c58952c50b7ad68e036,2017-11-28
e20d0dab2f9762731d15cfc3d85f82ea,c083986c66490615ddf569438d975712,delivered,2017-02-08 21:58:56,2017-02-08 22:10:18,2017-02-10 07:05:21,2017-02-20 08:03:11,2017-03-09,b45706a76852d3d027f1872fd77bc2c9,2017-02-08
96e46ea85cec2195f5ba671b9b319c81,7eaaeccd5ca09382ddbd7364793f5d55,delivered,2017-03-01 10:08:34,2017-03-01 10:15:23,2017-03-01 15:08:00,2017-03-06 09:17:59,2017-03-22,bd0f8d6b6bc185debdf79f91ba30fdc6,2017-03-01
fd90be5a1209b495105960e8a5b847f8,2242fe2392c34d8a58f3197edc4d1d06,delivered,2018-04-27 20:34:17,2018-04-27 20:50:34,2018-04-30 14:13:00,2018-05-02 21:55:38,2018-05-11,7a40da3af7a607c7275b9b8f71d730c7,2018-04-27
dfe9ed7cb28d282f7cb649346e0898c8,5c56c46e8b5e5131de04d54306750efc,delivered,2018-02-19 12:12:36,2018-02-19 12:27:14,2018-02-20 23:15:19,2018-03-01 00:58:35,2018-03-19,7585fbdd188ac0087ecba9687914f7e0,2018-02-19
adc555665c1c9b44902b5bf42d4f4c2f,0501cdf44db4f060b106258dbea42f99,delivered,2018-05-01 10:50:28,2018-05-01 11:17:34,2018-05-03 16:45:00,2018-05-09 17:18:01,2018-05-25,996b6f9fe3bd438180bd37ff78758d29,2018-05-01
06e168d9ebbe911b7113e44536929f11,10ea1c70a7401d768cae1da688935824,delivered,2018-01-03 20:29:39,2018-01-03 20:46:43,2018-01-09 00:12:58,2018-01-23 23:32:35,2018-02-06,76c1e5615e108eeae2c00f69664f747c,2018-01-03
d4faff31076a717ccf349a804e59c8a5,81983eb8597592809b5b10a7fe53d97f,delivered,2018-05-20 21:10:02,2018-05-20 21:38:19,2018-05-22 15:10:00,2018-05-28 15:48:38,2018-05-30,54e1fbbe6b1f700fe82d6f343941b7da,2018-05-20
9e906dcb08be5abcfe04f3e3a9bbb8bb,9c000f06cc81959dd51932649049b358,delivered,2017-11-26 09:36:14,2017-11-28 03:33:25,2017-11-29 00:58:42,2017-11-29 21:52:59,2017-12-13,328c62079346daaca9a836c4634f57d7,2017-11-26
3dc9704f804fcd14def080ddb628a245,69321e0f270ea1ff8af1d565826e5a2c,delivered,2018-03-21 13:03:52,2018-03-21 13:15:30,2018-03-22 19:33:02,2018-04-16 23:42:52,2018-04-09,05229eb41fb903964de7b59ecc2b562c,2018-03-21
b837d07aca063bfa379766bb6740fdf9,56252fddbb6af46b87f5a070d68afd95,unavailable,2018-05-06 20:12:33,2018-05-07 09:56:42,,,2018-05-30,ac47e75188c54637af42ae4dc4f37468,2018-05-06
e84a02d0899d1118f39b570825cce93c,0632a82aafa50f8cb48e367b61c37d30,delivered,2018-03-10 10:21:43,2018-03-10 11:20:27,2018-03-12 21:03:43,2018-03-16 15:08:34,2018-04-26,cb1a949138283b4e065c0355370f8824,2018-03-10
52e6cb31e6d1cc5510759fc66b3a5385,e7b3dbe663e14bafd654231d7ae5c072,delivered,2018-02-21 11:56:46,2018-02-21 12:28:19,2018-02-24 01:44:33,2018-03-10 00:03:29,2018-03-20,b242d7e807f2edf8c115ea76c0578306,2018-02-21
badb6c692d426c37793abe34977de17e,97979d55a21d30d70f19963d62df5de7,delivered,2017-05-21 19:55:20,2017-05-23 03:55:21,2017-05-24 09:51:09,2017-05-27 17:27:29,2017-06-02,aecfcfbdbed5deaea72b8f500f5bd071,2017-05-21
bf4931e6025b2bdd77ffa4264659c9e6,8e43a72ca4287806280d0daea3cc46fa,delivered,2017-01-27 18:28:44,2017-01-28 10:31:32,2017-01-30 08:27:52,2017-02-06 09:27:15,2017-03-17,e2ebf2a8b112fe192cb13433227baf54,2017-01-27
c5af01c76029f8063c756b08fcaf17ae,7501df2dc997d1af77518258a520f8f1,delivered,2017-11-04 08:45:05,2017-11-04 08:55:57,2017-11-06 19:51:22,2017-11-11 17:08:41,2017-11-27,fd7c41c28fabc3ff2c039b465bb25a35,2017-11-04
4b7d638196bd6a0a5a0915a8f893225a,cd2cbda774b55ed42201a5b613a45a6d,delivered,2018-03-21 13:38:46,2018-03-21 13:50:33,2018-03-23 15:42:00,2018-04-05 18:21:00,2018-04-17,f22da779a017ed42f2c4e03862584885,2018-03-21
dc1c38562bafbecca9a27dd77d6bdf5a,c6c30c875a37fd22b85973acf55e600c,delivered,2017-09-23 12:53:19,2017-09-26 06:35:20,2017-09-27 14:53:22,2017-10-02 22:51:48,2017-10-17,fe52c2abb172426dd6416cc69e6b3689,2017-09-23
110808d8c648f8737e1ba2fbdd5821c6,79a5e280258b3806d34fbe55665a9908,delivered,2017-08-16 14:35:06,2017-08-16 15:35:22,2017-08-17 13:47:29,2017-08-21 19:12:45,2017-09-12,e9b87dccd9c326a3325385087eb0150c,2017-08-16
e9de409fda259726830399eaf5fb4e42,0a2e34cd9906d1040ce291b056d90e4a,delivered,2018-05-28 13:52:12,2018-05-28 14:10:46,2018-05-28 14:02:00,2018-05-30 11:21:57,2018-06-21,176a0069ac5306a9f9618601a15e4e7f,2018-05-28
e393acae9e64be5b2a7d48ef2ae87710,e1cbd7d7fef79591cb827af03dfba3a9,delivered,2018-03-16 13:38:33,2018-03-16 13:50:26,2018-03-19 21:22:06,2018-03-21 14:28:38,2018-03-28,b0fe66a62815dd9f8324bffccd587171,2018-03-16
a39f0c9adf755ada2f90b865904e8f1f,1b4390a2af254fa0c9e3f38bd33bc1c4,delivered,2018-05-22 20:58:16,2018-05-22 21:18:25,2018-05-23 14:18:00,2018-06-08 19:42:19,2018-06-26,df1b06750f1f779cfc50dfd3ac735816,2018-05-22
377bc86e107fd2c7c4f11edb372ec9d5,0f19b346e2641b36cc292fc4f058ec23,delivered,2018-03-26 23:04:23,2018-03-26 23:15:15,2018-03-28 17:58:34,2018-03-29 19:46:56,2018-04-06,b3e36a68dba4da69a9c394ad668bbea3,2018-03-26
16bd72af325ac043d6194e490e2f0f06,e2ecb4130f7ce2e893ae9c42c9af19ba,shipped,2018-04-29 13:02:12,2018-04-29 13:15:26,2018-04-30 16:40:00,,2018-05-29,a4aaf2c80e3c5ffb8209fe5419e9c640,2018-04-29
ba4b43e91b98401f6165023bd0f7984d,79e8b36e4033dcdb5bef5b59a6e664a9,delivered,2018-04-25 22:15:01,2018-04-25 22:31:47,2018-04-26 14:26:00,2018-05-01 01:34:38,2018-05-15,4caac8767772d0298e73536889ad919f,2018-04-25
830d8b3e6875ef6165ffc33219ab4fea,154c4ded6991bdfa3cd249d11abf4130,delivered,2017-08-13 10:03:36,2017-08-13 10:24:04,2017-08-14 18:43:45,2017-08-19 12:37:49,2017-09-20,e607ede0e63436308660236f5a52da5e,2017-08-13
011abf147a69ba486bae3a74b6cd1814,bdbdcd5b18193390b025df518afe94ba,delivered,2017-05-12 11:19:47,2017-05-12 11:30:24,2017-05-12 20:26:45,2017-05-22 11:22:47,2017-06-05,b54e1edda36c3e8918ba9c97ec8c7c4e,2017-05-12
00bcee890eba57a9767c7b5ca12d3a1b,3cecfffcfcdbac8b85cf74dfc8a60166,delivered,2017-07-22 20:51:26,2017-07-22 21:05:07,2017-07-25 19:12:51,2017-07-27 18:34:12,2017-08-21,70457f5d80967f5f4083e0cde7e89ab6,2017-07-22
b316ba513e4b801aada1b9a255b327d6,eb5fd8197c73f714f2e41223565baff7,delivered,2018-02-23 08:59:16,2018-02-23 14:36:40,2018-03-02 13:24:14,2018-04-18 21:11:39,2018-03-26,6bd78302ea029f16f0f8693533ee3853,2018-02-23
2f81679117775afb1a3ed7a78186eba8,1d631e96c1ff08ac485fa60f5e040d9b,delivered,2018-07-08 07:13:08,2018-07-08 07:25:42,2018-07-10 08:30:00,2018-07-11 21:59:46,2018-07-19,b4418ae2225a81808d6c5a61f3a719ff,2018-07-08
0ca768c507d1fc3c61bd950bb1c5231a,b3fb50a69d9de3ee23504d2cd66da13f,delivered,2016-10-10 15:20:14,2016-10-10 16:02:25,2016-10-30 11:23:50,2016-11-07 14:51:45,2016-12-06,d6a930873ee3f80aa823cb1d4baca58d,2016-10-10
43787011f63fb232ab281d68142f504f,b2378e4329384d595b08676b7d631a48,delivered,2018-08-06 18:39:07,2018-08-06 18:50:18,2018-08-15 13:06:00,2018-08-16 15:41:32,2018-08-20,d3504143c68ade90385518dd26d7ac05,2018-08-06
0124e0c5bfae1979838a91e47df53f14,6bf7cea1d53d6e27e5debdb2d5049ff6,delivered,2018-02-08 15:31:37,2018-02-08 16:59:25,2018-02-14 20:04:13,2018-02-15 20:11:58,2018-02-26,86d8261e5b348801fec7bf7ed0726e39,2018-02-08
383730d8be253fb34891920a417f2861,456a071d45cbb3cc872071729ec31dd3,delivered,2017-08-01 11:12:08,2017-08-01 11:30:12,2017-08-08 02:19:44,2017-08-08 19:52:11,2017-08-14,09bc7afc3e8d8dccaffd0b16944a91fe,2017-08-01
673233aa1d4df67c18c636593b6c38c0,8c3fb712bb2e85992047b1f11ea332e1,invoiced,2018-03-15 16:33:01,2018-03-15 16:49:01,,,2018-04-03,0fb4497f568fe7c3859c3c43d6be7277,2018-03-15
80380dcab14d7ec024883b76a82f04b2,c0be31fb57f9c3424f2207e69b48f305,delivered,2017-09-01 12:06:54,2017-09-02 12:15:17,2017-09-04 17:36:47,2017-09-08 18:35:47,2017-09-26,5302bf78436ac5a94fe3a45af6170b8c,2017-09-01
200cb3a47d4f37e4c7a76abf51fd7ef1,501d2b1bc552e31a3612c5014aa72255,delivered,2017-08-12 10:18:22,2017-08-12 10:30:17,2017-08-16 12:36:13,2017-09-19 16:48:00,2017-09-08,ff390fff7915e3bd391d0f1de6e1326c,2017-08-12
d80f699fe4f9cb9ee6be99a1ff5c3944,9be5bed664fb43b1a191abd9c5b026b0,delivered,2018-07-04 09:59:02,2018-07-05 16:27:45,2018-07-05 15:02:00,2018-07-13 22:26:34,2018-08-02,cba030f36069be2a349b6705a9033d3b,2018-07-04
6d33da353d1319cf0f6c982b71edf354,700df138d5181cae3232ad045b53b8a2,delivered,2018-08-17 13:26:11,2018-08-18 13:29:43,2018-08-20 12:10:00,2018-08-28 18:08:32,2018-08-22,6436ad2025eb0c01e5b78b0d7ee9500a,2018-08-17
4f1bbd24036e3eca1dd8b87c905b9863,1be9dec1c6ffd52c7e521433e0545b87,delivered,2018-04-12 01:13:48,2018-04-13 13:15:27,2018-04-19 23:16:54,2018-04-20 23:28:49,2018-04-26,4e6661ca84f39a29a21ee322e4ae6009,2018-04-12
e4b2030986f453ba45c63a508073e3d3,fc1930db602f4e5c3ef7aed98aed36bb,delivered,2018-05-02 12:35:31,2018-05-02 12:55:28,2018-05-09 14:10:00,2018-05-18 19:38:46,2018-06-11,e3527bddd3f016dfa0e4ae4dfc2f9ded,2018-05-02
fc2f86d56413e4c2e64ffd50117f6a6b,4e6826e816d3a05869a1157eed92c4a2,delivered,2018-03-21 18:52:37,2018-03-21 19:08:26,2018-03-22 20:42:03,2018-03-23 14:51:21,2018-04-03,e303e5adf60bd9eb2024949b653571db,2018-03-21
986babaebfaa430f69a8b2e816db5f14,4bead48ffd893945ec2ff5be738e91fb,delivered,2017-09-03 11:51:42,2017-09-03 12:04:02,2017-09-12 22:43:38,2017-09-19 18:59:26,2017-09-29,a8d67c7671c51872e5f4a25b1b713491,2017-09-03
d4a27413b758ce1cea90d005252591f9,67378a94f67bbe79e638671cc798612e,delivered,2018-07-24 22:46:43,2018-07-26 03:24:24,2018-07-26 15:26:00,2018-07-31 20:47:00,2018-08-13,cdd4ded15e1763910848b59158ee75f0,2018-07-24
10b063d9a52993cc25ea7fe15c9334de,1f417f8c558d5377ea279c84eafbd6db,delivered,2018-07-16 20:48:52,2018-07-16 21:00:42,2018-07-17 14:11:00,2018-07-20 16:12:43,2018-07-31,e9e50de5497d74be2d53ea3788f895d3,2018-07-16
66909db797c5d3478face7684ef13dbd,7598f2db678cb68d8573f0d0714e2bcb,delivered,2018-01-06 10:10:31,2018-01-06 10:18:24,2018-01-13 01:03:12,2018-01-26 17:29:03,2018-02-05,328c2d1a92734aca8653ad081d82fa3b,2018-01-06
e717c793c0726c4597d4bcb54916fa9e,b0d76aedeacafea1b1827b55f6dcdb86,delivered,2017-05-14 14:56:54,2017-05-14 15:10:14,2017-05-15 10:58:26,2017-05-17 10:55:06,2017-05-24,94061aba34326e2ea2b15ba612e89e15,2017-05-14
831afb751c35fb34357df1f402e12404,dbeb153b43157234d65f324e5816bfba,delivered,2018-04-20 08:40:59,2018-04-20 08:55:20,2018-04-24 01:12:54,2018-05-09 20:48:31,2018-05-17,75a2bfd8846db7221a72d137cef88fa2,2018-04-20
e517f71dc88296f054e8c386ddce3069,1b4c1968c83e9819f1c2fd4ae1cf089d,delivered,2017-10-16 09:49:38,2017-10-16 10:06:04,2017-10-17 19:25:33,2017-10-23 21:51:45,2017-11-03,a997d175a7e00cbcc5a502f76168e88d,2017-10-16
b8226aa72dca6aad3bd514885b7b02e8,24847010ba7f47ae100a5e27e6150c54,delivered,2017-03-27 20:29:59,2017-03-27 20:43:07,2017-03-29 12:28:00,2017-04-06 14:14:48,2017-04-20,1716028fea6de21cd9047615dde9f40e,2017-03-27
88435e218393c56a56752fd58b13270f,c8df320cb6236b1c77119c3c0c36435a,delivered,2018-03-31 17:53:44,2018-03-31 18:35:10,2018-04-04 00:17:37,2018-04-10 00:38:41,2018-04-25,99d964b267bf4c900ae77aa203ad2032,2018-03-31
5494b2ddfe11df2c043ab5a56a2832bd,d00c87a049eaae583c54eb356e3d1952,delivered,2018-08-05 13:36:36,2018-08-05 14:31:25,2018-08-06 16:35:00,2018-08-09 23:02:23,2018-08-17,6e38e1b30614aac73384d109efb9681e,2018-08-05
8c8681bafb6d998bc0fea19014904e1f,ce42625f9c07335b024dd1a1e8a6fc9e,delivered,2017-09-05 18:26:23,2017-09-05 18:43:53,2017-09-08 20:22:04,2017-09-11 17:58:03,2017-09-18,c234caf57ee6afad1e46ba3413db348d,2017-09-05
19cc900610a7e4a2d7691cc93384d224,b77f06832fda847b4b4604e82f075535,delivered,2017-07-08 23:16:10,2017-07-08 23:30:09,2017-07-11 20:12:29,2017-07-26 10:44:39,2017-08-03,2a9e930be82bd8ac6ab6667d4338ff10,2017-07-08
004f5d8f238e8908e6864b874eda3391,a69c820c317aa348d781a9d6732afc23,delivered,2018-02-27 12:16:30,2018-02-28 09:29:25,2018-02-28 20:48:42,2018-03-23 00:52:43,2018-03-21,17726716a98c98a7806b43a789820245,2018-02-27
64b45dd4d304401bc5a8b1ba620379a4,444479fd5e4914e1d03d5f3e03bf166d,delivered,2018-07-21 09:55:51,2018-07-21 10:10:18,2018-07-23 08:01:00,2018-07-26 21:44:45,2018-08-08,9987f1d85f8bf5863cd2fd4ab034d23b,2018-07-21
b701d65353872620da82e696574a589a,0573edc5eccee58dab8992faab015e4b,delivered,2018-06-18 23:14:47,2018-06-18 23:35:55,2018-06-19 14:18:00,2018-06-25 23:48:26,2018-07-19,7345d4421257c44d2866ee8ce2c82648,2018-06-18
4a0d049ee6c82b3348a21bb211c0a44d,4bdf8269eff0f30a5f8c14e9df179854,unavailable,2017-06-07 09:53:30,2017-06-07 10:05:15,,,2017-06-28,564ac5c8787de7b833ff45639347e145,2017-06-07
734bd07307ae901d45f8380b8670c37b,98a53d79e31a94fe70abe75d36e57747,delivered,2017-09-29 13:44:25,2017-09-29 13:56:09,2017-10-03 19:38:14,2017-10-13 14:12:35,2017-10-24,a69387176d3b3517e3c9f589921063ad,2017-09-29
597c3302d155d4d75ee6734213ab487e,e830b1aebce2039e335b7db120aee6cc,delivered,2017-08-28 20:43:15,2017-08-28 20:55:12,2017-08-31 16:12:48,2017-09-08 18:30:02,2017-09-14,1ce6cfcfe1ce47ad69d758387ff12c6b,2017-08-28
55cd5b0cae705a5ea4b5bb325e888eb8,2c2f2a5860e55dd7bd048637328908c0,delivered,2017-12-08 11:41:46,2017-12-08 11:53:36,2017-12-12 18:32:09,2017-12-18 17:41:26,2018-01-04,69a37c9ddc180d836898a4b9870baf88,2017-12-08
da822a9c701ddfc1e11802d3c2545964,426c0e74045f1622fdd5d3dbcb20be2f,delivered,2018-03-08 09:31:56,2018-03-08 09:48:57,2018-03-08 21:27:24,2018-03-22 15:17:01,2018-04-10,56556a95d541c4ca3745744d9aeebc00,2018-03-08
856a6bef735f48ac9d2c56835924921d,5b07b8efa4b0fb60ec1fb7e5cff88586,delivered,2018-04-04 17:44:32,2018-04-04 17:55:15,2018-04-05 22:38:42,2018-04-09 19:32:02,2018-04-27,db87c4eb510f2b5f5746d2925c7973b3,2018-04-04
8841394958f24da011b72bf4739047f9,7e98e4c9e5495039982aa17bd724e543,delivered,2018-06-12 16:22:59,2018-06-12 17:11:39,2018-06-13 14:08:00,2018-06-27 16:41:44,2018-07-17,9b80630c04e930a6391c2568d8b7225c,2018-06-12
3ffd74445bc80b19d008b3281f332bee,d738f3751571f4d590b4741ead89333b,delivered,2017-07-27 10:21:09,2017-07-27 10:31:38,2017-07-28 15:34:00,2017-08-07 18:36:45,2017-08-18,3e0e58010a278792a9caba7b029a2700,2017-07-27
115b01b1f77f0e02812425b6f5cd8f2f,3a33c0707eef44f18059500427d00c67,unavailable,2018-01-19 00:08:45,2018-01-19 00:36:45,,,2018-02-16,e41f728e0f739e2f07cea09d095bfb41,2018-01-19
35edfe0ed82ffa12bb88c0395209e513,7c6fd9b4e86393049fa65ba80b721759,delivered,2017-12-19 23:30:24,2017-12-20 00:33:47,2017-12-21 22:52:06,2017-12-22 19:53:21,2018-01-08,d7a7fcfd963d57dbb3063730285c5d95,2017-12-19
19ee41b13991f0661a6382e9ebfbacf5,14d326ff26ddc3801ce1d114912438b2,delivered,2018-02-16 13:09:33,2018-02-16 13:26:56,2018-02-21 09:19:18,2018-02-27 19:54:12,2018-03-08,1f38ffcb59d08215983357d6d59404ac,2018-02-16
1ecb44533ccf6974a67e7d36d913b027,9e10bfe5eb4c55263654f22bfb0af9b7,delivered,2017-08-07 09:56:09,2017-08-07 10:05:26,2017-08-09 15:30:23,2017-08-25 17:31:19,2017-08-29,874314e1119e9b6ff5ca4d852c62e935,2017-08-07
d8ab6e868995a618b7abea3119b56789,1b5f6923fe2ad022f3b10073aadf4c12,delivered,2017-07-11 09:59:10,2017-07-11 10:10:13,2017-07-11 19:32:21,2017-07-18 20:54:47,2017-08-04,c5b175cd6fc8392e789c8f0410519617,2017-07-11
eb3380fa24705b5a44ac256335e66f9f,fba17b6ecab422fe1c1972562e41bf9c,delivered,2017-08-22 10:37:35,2017-08-22 10:50:32,2017-08-22 18:07:52,2017-08-30 13:22:14,2017-09-14,4f8219aa1f72ace2ce6c261160b6e279,2017-08-22
45356b921c317565a85a7830994e288f,5e1ae27895d0dce5388c6e9529f10840,delivered,2018-07-19 20:03:43,2018-07-21 03:23:55,2018-07-23 13:27:00,2018-07-30 21:27:39,2018-08-02,6cdb0af66d147aaa257692164e8e39dd,2018-07-19
68a903e76c9eb6216932113b01e811af,bfa69495d356a6913800c3b4a20eae9c,delivered,2017-10-07 10:49:24,2017-10-07 11:04:59,2017-10-11 19:32:50,2017-10-16 23:47:51,2017-11-06,8863e8747d819c0e305d78b93d9ab775,2017-10-07
3f4d686018624f3b9275acdb244b0fa4,57398bde8b086b1b3512cc2974d83c01,delivered,2018-03-10 14:52:35,2018-03-10 15:48:24,2018-03-12 20:36:48,2018-03-26 20:57:06,2018-04-13,548c323e148acd16a038a4c436ac3278,2018-03-10
a9957adf297a6be5e8625b3e93329c6d,7e779aeb9722a44ac85680883c9ee20f,canceled,2017-03-06 20:51:57,2017-03-06 21:03:03,,,2017-03-22,a4a9f56f9f405802035afba6bc2576ba,2017-03-06
8b02937454ecbf39dea9989375d931e3,eb5cfb1e923b447232fd8d969c517974,delivered,2018-07-10 18:54:07,2018-07-10 20:31:07,2018-07-13 14:06:00,2018-07-20 16:04:52,2018-08-01,0a1bbf130c75c8e5abe2b20167b6f7ba,2018-07-10
0990477f1481cdf40c00d57bb13a1c9b,09cef74048128ea86d84ab0b84a517aa,unavailable,2017-04-20 19:01:56,2017-04-25 08:22:57,,,2017-05-16,d24b1c6f6f0b58a542d74e912fd7a336,2017-04-20
ac239060ce7c4835ddea6c657d9b179e,fa8df58dde47182121d2737ac7b8968f,delivered,2018-06-11 16:04:39,2018-06-11 16:42:05,2018-06-12 10:08:00,2018-06-18 21:18:45,2018-06-28,6b443674142ce1d8d0d31c555c71de87,2018-06-11
a27b4da2e65922358bc9573acde625be,428d7dfc5b5d5c2d8a28256d81d60932,delivered,2018-01-08 09:16:31,2018-01-10 10:32:48,2018-01-12 20:14:19,2018-01-13 15:37:03,2018-01-29,6ae060f776963ad068c4246ef5d6431e,2018-01-08
4f2126447b4bee203db80dfd57fa50cc,adbdaeaf581e9e6d48ca326a68db972b,delivered,2017-06-11 20:29:56,2017-06-11 20:42:30,2017-06-13 12:43:46,2017-06-17 09:57:35,2017-07-03,f983b05fe806de2fadc4dfacf3277455,2017-06-11
464cd296e96f72dc09a9601842cc0893,c561b36df059630e116a8d6594ec38b1,delivered,2017-10-19 10:32:32,2017-10-19 10:46:22,2017-10-19 18:53:09,2017-10-26 16:03:54,2017-11-10,6819c418682df38799955dc266ed2240,2017-10-19
5ad3a75d349361186b25fceeffb7a6fd,bfaed4a456a1cd28e5ce16ba9ed3baf1,delivered,2017-11-26 08:10:49,2017-11-26 08:31:51,2017-11-29 12:47:49,2017-12-10 11:23:00,2017-12-15,c3db13a5e90ea5c1ab6ca4ae7f53b437,2017-11-26
1ecbc003862e0ec743279fdddb78fa0f,2a2c0a13dbcdeecb4ee2242d223aa86f,delivered,2018-03-12 15:49:12,2018-03-12 16:13:01,2018-03-14 01:35:17,2018-03-21 19:20:59,2018-04-09,28e00be3c472f5b268813f82b1cf423e,2018-03-12
0d813b7b5de30d5f15d1d9dd5df3d296,4b40848316adc68105a2e0130a4150b8,delivered,2018-05-31 12:08:20,2018-05-31 12:30:51,2018-06-01 13:26:00,2018-06-13 19:40:56,2018-07-05,e4d26bda7fefc038ad607b71cf7a8c4a,2018-05-31
adf6c7a4c57ba5caa49483326f12cd3f,fb1d2f6f3278583e93a12235803cecae,delivered,2017-11-27 00:48:53,2017-11-27 00:59:21,2017-11-27 16:09:05,2017-12-07 20:13:51,2018-01-11,46d0adeb00a3ac414a77993181fcc44f,2017-11-27
473431d0839fce8be53d33d8079a1be8,374ac67bdf1af5238988bef543de61db,delivered,2017-06-06 22:54:12,2017-06-06 23:05:20,2017-06-20 15:12:06,2017-06-30 13:07:39,2017-07-18,f9db64eecd396e0b7a5532ecd897b0c2,2017-06-06
ff85c3e4329457e83cb474799a257ccc,bebdd0fa741d459ddb69cf8862bb641c,delivered,2018-01-17 14:02:36,2018-01-18 16:57:45,2018-01-19 17:41:49,2018-01-21 17:44:12,2018-02-01,b7ea44d55e6a749aece828fa7192e9fb,2018-01-17
861f30de872d5ebf55d9e66a880a5c8e,49a7483702871ea7f7c9ebfbd53d0777,delivered,2017-05-03 17:57:29,2017-05-03 18:10:11,2017-05-04 15:04:48,2017-05-12 17:42:09,2017-05-26,9eec9fe3b7e795eb94126ba9c3afab1b,2017-05-03
1000c0dfd7d9affec26d0db83e5063c4,938c91b3432f5e999ba24d826210eef8,delivered,2017-06-12 10:16:40,2017-06-13 05:02:52,2017-06-13 14:13:03,2017-06-30 15:06:39,2017-07-05,3d4f152e32102012b2b433492ded9586,2017-06-12
da6f4983b13d38e911e7c8f60771ba66,8bc508aa204c3d1ebc8eb08aee69ae37,delivered,2017-12-26 11:36:12,2017-12-26 11:48:47,2017-12-26 20:28:52,2018-01-04 16:53:22,2018-01-29,3277ec319b5ae6c2baff32baeb1c2bf9,2017-12-26
15010af27d8cf1619efb2867f47ebc51,f8a069c2a2ce5ac98d668ad6a7950cb8,delivered,2018-02-20 22:08:03,2018-02-20 22:27:34,2018-02-27 16:18:01,2018-02-28 16:39:10,2018-03-06,90af0eee5d960dda9e5548ed397b5940,2018-02-20
3f72d2b757e725cd48a4726f831c7789,e0de521fbb397bd7e83d079fe66357b5,delivered,2016-10-04 13:15:46,2016-10-04 13:47:04,2016-10-10 16:45:50,2016-10-17 11:25:59,2016-11-28,0829f7df6577d5a4b65439bea701405f,2016-10-04
57234dd70be5134da4994cc77f7d7693,532aae4ddf6a6def2c14258c4a1b2ed8,delivered,2018-07-25 08:25:06,2018-07-25 08:35:15,2018-07-30 12:52:00,2018-08-07 21:04:09,2018-08-14,49c8a2f9c1fcee72efe8276d6f6f3770,2018-07-25
99642f7c1549b12bcc0ddc010075030a,3b21e235a9bb02ab719d59a2e4db2818,delivered,2017-11-28 16:01:14,2017-11-28 16:18:30,2017-11-30 13:48:47,2017-12-01 18:52:39,2017-12-12,8abf9c74ba9b52dfe7b03b547122140d,2017-11-28
6046bc15c899ee2dd06d1a235f9f61c9,551c3d5349e8367c1edcdf2ebcd1b47d,delivered,2017-08-28 14:43:46,2017-08-28 14:55:23,2017-08-29 22:03:53,2017-09-01 20:19:55,2017-09-14,a061ea87fe96fc6b177a6201161c7847,2017-08-28
6092fe3ad5ec1596a921d582eb9838f1,0fffabab5f1cf705c6712d7d94a72ab7,delivered,2017-04-18 11:50:21,2017-04-19 02:45:48,2017-04-20 15:47:25,2017-05-05 20:22:01,2017-05-10,e006465f57411753eac280a63c078c2c,2017-04-18
6c8301b08c7426b14823e6362151d190,1c489feb0e580cc8e3efaeadb2a9caa1,delivered,2018-05-09 19:36:34,2018-05-10 16:58:49,2018-05-11 15:03:00,2018-05-24 21:59:40,2018-06-12,74ff394db4e98c42e572c43e516b6552,2018-05-09
76efb2fbb5b0e732ba6c77c63d263b59,2fb4bc911e1d0cac4789223573da742b,delivered,2017-03-23 16:38:33,2017-03-23 16:50:17,2017-03-24 14:03:04,2017-03-30 13:08:13,2017-04-18,c3aac0f3675a314a924cb484549447c5,2017-03-23
cedc76a4705652d7e79bc6d364500ba6,3e96c6da239f67215a3d66587dcff124,delivered,2017-09-30 18:38:46,2017-09-30 18:57:50,2017-10-02 21:53:17,2017-10-09 12:29:57,2017-11-07,d8e4ff94b73188559d77f9555571d021,2017-09-30
08ede61c43aa112b05a8207ec1847298,0671272d236e58448b3cbdb7f819f6f7,delivered,2017-06-15 13:24:29,2017-06-15 13:35:14,2017-06-22 09:05:17,2017-06-29 10:42:41,2017-07-06,f64882def8a20e86033de3d0401515c2,2017-06-15
c716cf7b3e3bdc07c0e72acc2b182b99,d89ac9eab8ca8626df80419d549d8427,delivered,2017-11-05 15:17:00,2017-11-05 15:30:27,2017-11-07 15:28:55,2017-11-08 22:59:00,2017-11-27,9f2edafc17f2d2141c6a7f63d0119cd3,2017-11-05
7707b1061567c2bc77fe8c3724a3d615,b812fe1010f04eacc4a420582ecf90e3,delivered,2018-08-07 16:16:46,2018-08-09 03:50:20,2018-08-17 15:43:00,2018-08-22 22:16:31,2018-08-24,4d55f1a833d2f3351faec4f3360079d0,2018-08-07
54639840f0eaa99e45fe2622a943087b,548ebf55669f022cf2e9ac8a53229d27,delivered,2017-08-15 13:26:37,2017-08-17 03:05:22,2017-08-18 21:28:03,2017-08-28 15:54:48,2017-09-08,296daf82405ff40856d0da565489a2e0,2017-08-15
b79a0cda08be9c158bf0709bdcc1af76,3d6646146ec066f0beea6c37ef49b705,delivered,2017-10-05 13:36:03,2017-10-05 13:49:36,2017-10-09 19:14:04,2017-10-17 21:27:56,2017-11-09,cfe71a9cd2110dbf9f293aee50deab84,2017-10-05
e1bd2228c92c296ee03ec76b523fc5e1,e903a9269d45d790749851d32f9f6f62,delivered,2018-06-06 11:43:15,2018-06-06 11:55:39,2018-06-06 15:39:00,2018-06-13 19:11:55,2018-07-20,c5b519c46ebbdf7c11dd471fe6c7bc7e,2018-06-06
14675586d82f55dea6b8b539f427ccad,f7b33dc41f6ddd40b442f6f289b82714,delivered,2018-01-19 14:42:23,2018-01-19 14:57:25,2018-01-23 15:22:44,2018-01-26 16:05:07,2018-02-09,3c01ae6b6234ce3ca7aa73f7231164b9,2018-01-19
1b3870263ab7aa66a5e2ca30df8fd3d7,f0654b836659036175a0103e9fcb2e4e,delivered,2018-05-30 10:58:06,2018-05-30 11:10:13,2018-05-30 15:13:00,2018-06-08 13:26:25,2018-07-03,1d5ce9d5c71fc935ec888aa182100703,2018-05-30
0a7dd1e47d756727fdfe4b0daf9a655b,d00f51a52d942dd722d22577d4f8c4cd,delivered,2017-11-25 12:55:03,2017-11-27 12:55:28,2017-11-28 18:43:01,2017-12-03 18:37:40,2017-12-13,fe7244ad27823759af5f43efd9389e2a,2017-11-25
ec0a8fddc4bad60fdede680f197bfc8a,9a3717c81dc5d2a688e780b5d8909e37,delivered,2018-06-16 21:51:14,2018-06-16 22:18:21,2018-06-19 12:28:00,2018-06-26 22:48:41,2018-07-17,b2f959c0170184abb7c5c43dc15d2c8a,2018-06-16
6a3d17234ba4b82167e2b8d9a6ca6602,c7c8e04c15ed45ef8fcfdb5beae1ad2d,delivered,2017-05-03 18:26:18,2017-05-08 23:33:05,2017-05-09 10:13:55,2017-05-11 10:27:07,2017-05-25,cefbbb1124978910bb96634fb9fef97c,2017-05-03
a13d02b31625a8f75ca5aa080d698c8e,f54327cc08d1d6b091e42d28d2c6385d,delivered,2017-12-05 11:23:29,2017-12-06 02:50:17,2017-12-07 16:28:55,2017-12-08 21:43:02,2017-12-21,18d9cfbd4870840b18429d9dee97ed0c,2017-12-05
cf2b1a6921421d6455c8be0a1e2677d4,32dbb571332b3f2cb1bf946ab1cede82,delivered,2018-08-22 10:28:17,2018-08-22 10:50:26,2018-08-22 12:05:00,2018-08-30 20:38:35,2018-09-06,eb48ffba67cba28517bb674db18f065f,2018-08-22
b9f824a81d19d3d8139194f093db9d19,4a3b31cad40ec7ab9426df7a64d2edb0,delivered,2018-02-18 06:58:14,2018-02-18 07:40:25,2018-02-21 18:46:44,2018-02-22 19:13:59,2018-03-05,be85a0a806dce759c23e87a3e8e24682,2018-02-18
a9383c949571ed7784f4bc07275752e9,e91028540517d0d7c1c12fc938abed23,delivered,2018-03-28 17:07:26,2018-03-28 17:27:54,2018-04-09 23:23:23,2018-04-19 14:42:54,2018-04-19,1d7b4eabb382e9d9df9021a1193a46e5,2018-03-28
64a0f964b7b91b348c6cf4d3e2deb256,c00e20c9280d6f5fc3e698c952a3201e,delivered,2018-06-20 15:33:57,2018-06-20 16:01:38,2018-06-21 14:19:00,2018-06-30 00:47:26,2018-07-20,2565b2a15c99a63ee6146dfc532f068a,2018-06-20
30a022caf1ba5b86f28124ed216c859f,796ce94893586f6db66268eab548a442,delivered,2018-03-06 22:50:41,2018-03-06 23:09:15,2018-03-09 17:36:26,2018-03-20 17:24:41,2018-04-17,f4385a17e1f99f33340a9c51a0e042f3,2018-03-06
5cae141c3dd545d1d08687790cf11e33,fc01be5a07da7c0f32af1ffeaf716e81,delivered,2017-06-16 01:38:26,2017-06-17 01:30:13,2017-07-04 10:21:29,2017-07-05 15:40:06,2017-06-29,03d1be27ccf6d46178ecd2ad2cc1db10,2017-06-16
b58613b6198d11176ee50ef1d433bfbd,e0cd956b5c6d7ca73cf45c57fdb4e985,delivered,2018-07-17 17:42:27,2018-07-18 02:41:44,2018-07-31 14:34:00,2018-08-06 22:44:55,2018-08-07,f55c9c0dc7092a0391b0b0913ecd827e,2018-07-17
bde8e850ff076b1b4ddfb8e65c79893a,cb7e1f3f76ff67320ccaaccb20da3e43,delivered,2018-02-04 00:01:02,2018-02-04 00:15:49,2018-02-07 02:48:36,2018-02-21 23:11:52,2018-03-12,6cf49d20520e04a68994ab64bb89a327,2018-02-04
e7ae5aa5c6aee358cae7da910d48fe36,f612c18e7425b557b4137950a546bd13,delivered,2017-06-13 09:46:55,2017-06-14 02:22:57,2017-06-16 10:07:52,2017-06-27 15:46:38,2017-07-18,c8a3f9657d3bc1f4b7343859648b5c9c,2017-06-13
518cc3d6b4d14d503ee41b6dbe4e1c70,0a2fb338be75030ed18b1c9073863abb,delivered,2018-06-13 16:07:45,2018-06-13 16:39:43,2018-06-18 15:19:00,2018-06-25 22:05:06,2018-07-18,414779003a0c5293d780791c1a7b95bf,2018-06-13
2bf247ba0fa83d6f30b133c7dc349f3a,57ee7fdc80ac873efd608d0a254fba09,delivered,2018-04-20 18:27:16,2018-04-24 19:02:47,2018-04-23 19:17:30,2018-04-26 19:34:49,2018-05-16,587cc63b7ae3f8d06895ea937c54db43,2018-04-20
0eb7aec5fc39bddda0c24ee5cf824415,1e57c443e89e347a469a7a94b902e9f2,delivered,2018-03-23 11:39:18,2018-03-24 02:10:59,2018-03-29 21:57:28,2018-04-17 22:57:21,2018-04-30,6132767aa5caac525394d64d61de4645,2018-03-23
d1014219440f60c0dafbedd79215e002,a3868c90d764166a10415c1caf38e78e,delivered,2017-10-25 00:34:35,2017-10-25 00:56:55,2017-10-25 19:17:35,2017-10-31 18:57:35,2017-11-13,95ae2eb5fe4513a7ff440848a5595f8e,2017-10-25
885e6b2a928b8989d31fe2e7db3a55f4,fdc9ea90bfb6df0f7f53217158a3ce0d,delivered,2017-11-24 18:03:04,2017-11-24 21:16:21,2017-12-07 00:35:09,2017-12-16 19:59:03,2017-12-26,b7ef1a0059d43c0dda7ccd863633560e,2017-11-24
41c45378fe62363faf80c45523a198f1,c68273998ee18269998844883ed238bb,delivered,2017-07-16 19:03:15,2017-07-18 05:50:19,2017-07-19 16:41:59,2017-07-20 18:04:41,2017-08-02,a8682c0f1c575484ebae6e5e962f6965,2017-07-16
a981518e0f2a9067f3129b87bad40285,ad66b15f07f47431f36ab4c551364262,delivered,2018-02-17 17:33:28,2018-02-17 17:46:42,2018-02-21 21:55:44,2018-03-09 22:58:37,2018-03-14,c4d8c10b53fd221c20b4c8fb4c81bb70,2018-02-17
e138166b54ea9292f505d07a4999db88,9993ed85cbf57e345720e3cdcc8c47c0,delivered,2018-06-13 12:45:36,2018-06-13 13:16:36,2018-06-13 14:50:00,2018-06-14 13:12:20,2018-06-25,78085f9ff6f99d4a1406f6c469b1d453,2018-06-13
3dedd60b79ed5b4e116046e2486fd329,a1af4ccd7d8b4451112f2df8c61d0ba3,delivered,2017-11-24 08:08:32,2017-11-24 13:13:25,2017-12-01 20:36:59,2017-12-14 16:22:33,2017-12-18,8e9ff46f69f83e3ef4bc038e32bf034a,2017-11-24
2d62ae6267e4fadef5b636987094dd99,27b1dcf8d024957e6a19aa018f014dd3,delivered,2017-09-06 09:34:48,2017-09-06 09:45:38,2017-09-06 20:04:10,2017-09-18 19:33:58,2017-09-29,2278d5880dfbfab995f4a65bf082f444,2017-09-06
86309254ed4a0698cf9b97e5d28637df,808bede9c1df0d6a2963e6bb3f4e0470,delivered,2017-11-25 10:19:24,2017-11-25 10:30:14,2017-11-27 17:32:01,2017-12-18 17:12:19,2017-12-26,e736c636c1725a9a0d79825a5182d14a,2017-11-25
a575e7dee2aa0e8876e2e8a1a3bdd644,fd5f007247569f77c57f685b8035241d,delivered,2017-11-15 22:05:18,2017-11-15 22:15:31,2017-11-16 19:26:55,2017-11-24 19:02:14,2017-12-06,5cb9d1d6d7f74c1f1e31b28bf83a2a84,2017-11-15
3ce28675a76726b00db6e5f1a3f61a5b,e81b380b3c669bfebd48ec3f0f679bcd,delivered,2018-07-28 20:43:06,2018-07-28 20:55:25,2018-07-31 14:26:00,2018-08-03 19:46:44,2018-08-20,5e27fb1ca5f8f65f60eecfb1c468b202,2018-07-28
88847f255be578610b9c0233f7dc2b86,dd27a8972166033eeb2e57761329d5db,delivered,2017-08-31 09:53:26,2017-09-01 04:35:14,2017-09-06 20:16:39,2017-09-11 18:27:42,2017-09-22,cea2d2fe88278b19c37aca43e45a38fe,2017-08-31
5ca62592256e82604cb922a22fd3b69b,958010b935cffa45cf155732f46113f9,delivered,2017-05-25 22:26:45,2017-05-25 22:35:21,2017-05-26 15:24:52,2017-06-18 09:34:38,2017-06-30,c821bb6c7c423a6ae911b4e2789d7f7d,2017-05-25
24a6cba94937d6908dec93e82249d67e,a99ec4e97b0e06139d5e40154fe73745,delivered,2017-12-12 20:44:45,2017-12-14 14:35:27,2017-12-29 00:25:08,2018-01-13 12:52:14,2018-01-08,0fb3c4d7715e48f761d6124fd9afdbba,2017-12-12
e6dbbd3eadd03d333cd36b4f5a951f17,83c0be46aac25ee599b2d3ef08b986fc,delivered,2018-01-02 14:45:26,2018-01-04 05:11:06,2018-01-09 20:18:30,2018-01-13 14:57:20,2018-01-26,b63c17b7096cdbd2b1a896ce31385753,2018-01-02
32f7089f715424548bd5307fded896d3,68afce1222a45541ff5fa4cfabb6cbc7,delivered,2018-03-05 15:49:01,2018-03-05 16:09:33,2018-03-07 19:38:37,2018-04-10 20:08:28,2018-03-27,a190ba94d3b565f0a23a1769a948c65d,2018-03-05
13753a4e6ae3b0201fb95003db4af823,142695f924c6f0229ac86a7bc6f31609,delivered,2018-07-18 11:56:07,2018-07-18 12:05:17,2018-07-18 15:19:00,2018-07-20 21:56:32,2018-07-27,d2f1476ef65bb7da95b24e82b82a5bb6,2018-07-18
d2621293a99afa3b92948bc9c9121c8e,897b0d2314e1886d01454dfe633dbd2a,delivered,2018-02-13 16:27:00,2018-02-15 03:47:35,2018-02-19 20:52:02,2018-03-05 17:41:59,2018-03-09,6c6d02cbc6d1e950a424e4fad44f21c2,2018-02-13
5cbab05b634ce976dce3c53ebfad1058,f845a6b798ec0cd1f5fd81b8744c6e68,delivered,2018-04-15 09:53:19,2018-04-15 10:15:19,2018-04-16 19:41:20,2018-05-03 17:38:43,2018-05-11,8635538dc5eca8fa9d4f5443d334efb5,2018-04-15
27e82e1666b119aaadc6466019e50bc3,0c6e1c99ede0af1d66df832917e4d7bd,delivered,2018-08-14 16:08:22,2018-08-15 03:30:29,2018-08-15 14:54:00,2018-08-17 20:02:19,2018-08-20,b6e1611f308a8687ccd737d88cb6ce89,2018-08-14
76a6cde2f1431bc0834cad44ad2f472f,061a2277159342ce2a3bc5a603856fca,delivered,2018-02-03 22:26:51,2018-02-03 22:49:43,2018-02-06 16:18:25,2018-03-11 13:41:50,2018-03-06,de5a8050cfd9767aebbc1cf8d87daa83,2018-02-03
b537ca3494311804a1191ad6a0dddf05,0a69b1982841326bf633a5073f8f4c00,delivered,2018-05-28 07:50:53,2018-05-28 08:15:03,2018-05-28 12:35:00,2018-06-05 16:36:21,2018-06-28,0304e4d219a41f8976eecf4c06cd87a7,2018-05-28
ff1f8f328e5a59ac754240b6dd31bcb4,ba53e87622e90e0a905d871c0c8d53af,delivered,2017-08-10 16:07:21,2017-08-10 16:25:17,2017-08-14 20:59:59,2017-08-19 14:17:43,2017-08-30,0cd33e5cc45d8be1415bf478ead300f5,2017-08-10
6d1832bd42dccbd91d1ce32da7f54492,1d12f3eea210892c245c9be2bd17a93c,delivered,2018-07-01 12:02:12,2018-07-05 16:19:44,2018-07-03 19:25:00,2018-07-04 22:37:38,2018-07-16,b1f7aa0f8737c9e24aa42df4a5b1f986,2018-07-01
76863cb4cf1a8ca82f55c78c02cb47a1,1d495a4c050f815224277093585e5eb2,delivered,2017-10-19 07:57:23,2017-10-20 02:56:13,2017-10-20 18:47:29,2017-10-31 18:59:53,2017-11-10,fdee2eae6432412459bdb857f57bdc5b,2017-10-19
2f7c478f21ac2d388886deb706e200b3,c725f6acf0e78328b3532826dccf5038,delivered,2017-02-25 11:31:00,2017-03-02 04:10:21,2017-03-07 11:36:33,2017-03-14 12:05:59,2017-03-20,2e480e3d60010e04de3acce012749279,2017-02-25
04211073930bd30b88b8170431a071ed,2f79ca5a979f66eb36747f4b354be942,delivered,2017-05-23 08:19:35,2017-05-25 02:55:16,2017-05-25 09:31:02,2017-06-02 15:54:50,2017-06-14,bb50112c998293f45f49f49704165768,2017-05-23
f0fb77580603e4f955c60d3fe023553f,448f1034e6bf87ad818490b3d1708360,delivered,2018-07-19 09:25:25,2018-07-20 04:35:15,2018-07-30 06:16:00,2018-08-02 20:56:56,2018-08-15,dbf21ed8892421bb5ca6bff66178bc98,2018-07-19
49e4c4907bdae7153ea492e2827fe5ab,09d35a85e870a6f5425234574a0ae1c9,delivered,2018-08-02 17:13:46,2018-08-02 17:30:24,2018-08-03 13:56:00,2018-08-10 06:08:36,2018-08-16,61ef8f0d68325c9d33434d23239086ba,2018-08-02
d3617ef729315e3964c28a7404030da3,056b8fbe81db69afef46a5c38b8f9732,delivered,2017-09-18 08:45:44,2017-09-18 09:05:43,2017-09-18 17:42:19,2017-09-27 20:53:38,2017-10-11,3c041797018efae6e8811ac22d146890,2017-09-18
642a8a89c36a8b2f4884cd8e68168247,64fc1ea0b3ef7d792474f9cce8ddbfb1,canceled,2017-11-06 21:02:18,2017-11-07 04:32:12,,,2017-11-27,fbd9bc53c3eba9807d3e246b2104b2e9,2017-11-06
b0645176abf1df25bb73ba0afcc20be3,91508c285297e223204b0b2952d92344,delivered,2017-06-15 01:15:36,2017-06-17 03:47:39,2017-06-22 08:37:40,2017-06-29 11:35:00,2017-07-06,818a54422350b38d3fb1cb3a1553889f,2017-06-15
f97ce00d14a023fd79a2db6216c031db,877d667faa33c5ddb4659f8616d01528,delivered,2017-02-07 00:16:04,2017-02-08 03:05:22,2017-02-13 08:12:04,2017-02-22 17:17:34,2017-03-08,63ecb29492f9b559affcab7aaad90137,2017-02-07
e302325f2e375cbc308a2e09a091879a,eb69c7715d71346c7542c52b8ecb3923,delivered,2017-03-10 17:25:34,2017-03-10 17:25:34,2017-03-15 14:44:42,2017-03-20 16:12:04,2017-03-31,5bf4ac10c802f0504b88d9113b975604,2017-03-10
1f8e0e89284fdf01a57b281f24e96398,271bbf1dbaee50087a9e0b5e5f76fc0b,delivered,2018-05-17 11:18:48,2018-05-18 04:35:59,2018-05-18 12:33:00,2018-06-04 19:44:41,2018-06-06,ad42403dc21f3b60df3121a73905ee60,2018-05-17
14896b78d03e4c9b80d6b32f73b2fb0d,0bc0850d0f0f4d17c5faac1f564e2a7c,delivered,2018-08-23 15:16:01,2018-08-24 03:10:28,2018-08-24 12:35:00,2018-08-29 16:26:38,2018-09-10,b9f7eefb8f104a1c8aa4e08a9a50485c,2018-08-23
c1219b88f5d48e3d0dd3229cbd88a722,fd8bcbf20fe64611607198391a80de59,delivered,2017-06-01 07:48:03,2017-06-01 08:02:38,2017-06-01 14:31:49,2017-06-14 14:08:49,2017-07-04,24fb2954f8c6cdb4b900ed8db6dc88e2,2017-06-01
b863ec287a0a4f65531e02e8983f0d96,efe08982a49e9a8da90432a7bacf7a87,delivered,2018-02-16 19:52:59,2018-02-16 20:07:04,2018-02-19 16:07:02,2018-02-21 19:24:58,2018-03-05,1676405e2b5606d627b0b170eca02eba,2018-02-16
ae4f22807612872a18f951767760f6bf,a777041c2eef52d6bf3fda896c12c1f2,delivered,2017-12-23 10:16:25,2017-12-23 10:28:35,2017-12-26 17:09:33,2018-01-16 14:41:36,2018-01-24,19453e9e30fb7e31e24f0e1edfd5788a,2017-12-23
454f02c2698ee870f2ebc3741d64540e,6849a0e24b4e6536f70e37b24f5170e7,delivered,2018-08-05 12:25:20,2018-08-05 12:44:14,2018-08-06 11:55:00,2018-08-13 19:05:31,2018-08-28,1b681ab145e46464c8bc53ee72c55ee8,2018-08-05
75b71f40b3c71469d12c7e4dc2ce0794,ee5c2e36a79081c2440e61990ec2f3af,delivered,2018-01-25 12:47:39,2018-01-26 03:16:04,2018-01-26 17:09:30,2018-02-05 19:26:54,2018-02-20,1b6c7548a2a1f9037c1fd3ddfed95f33,2018-01-25
1b0a4a31fc0d7e48066ec01d14ed1b5a,831549b2d6aa4f9793c3308a8054b933,delivered,2017-04-09 11:18:56,2017-04-09 11:30:12,2017-04-13 14:27:13,2017-05-09 05:07:43,2017-05-12,a3ae845f3a1f1742c6f94c7c33b55eab,2017-04-09
306b4ec62d908535f2bfa2877665e899,2306cc5d9784d518dce0f1d7649b1d61,delivered,2017-12-10 18:07:24,2017-12-10 18:14:28,2017-12-11 18:19:19,2017-12-16 14:57:12,2018-01-18,8004f80e361a5ee23aadb7418a685fc2,2017-12-10
768f78186d59eef3d5f40db13f5bcb8d,209e2df1f5f3ecc30a4eeab722f413ff,delivered,2018-05-15 07:44:46,2018-05-15 07:55:15,2018-05-15 15:15:00,2018-05-16 15:48:27,2018-05-24,31538ea9bcf468ca4361478b6a5346cc,2018-05-15
ee26442f130a74cb3b1d184ece5acd12,2fffffc689dec2be34acc43ac9584586,delivered,2017-07-28 19:39:19,2017-08-02 02:34:41,2017-08-16 18:57:45,2017-08-17 21:48:51,2017-08-15,fbc08ed5f82398b7ca55498a7c62844d,2017-07-28
db6953ee3e550b44b0876aef0ce63dd5,a259c06d14baf614184f83379b7c1e36,delivered,2018-08-25 20:26:07,2018-08-25 20:35:14,2018-08-28 11:39:00,2018-08-29 16:26:57,2018-09-06,4d34abf1db61181563c31fbd723a926a,2018-08-25
48e57df5132333c7c43df89d2c531ff1,35f68adc8ec170ab999117525306afc9,delivered,2018-06-02 16:41:25,2018-06-02 16:55:20,2018-06-04 15:11:00,2018-06-09 18:18:35,2018-07-11,57e5587a5f1c3fcf65dff88c6d088cef,2018-06-02
cf70b7c4ec0170d19ee4259edded4b00,08196b45594139b1c08f91a2dee1ec3b,delivered,2017-09-29 10:09:48,2017-09-30 02:14:19,2017-10-02 15:04:18,2017-10-10 17:20:17,2017-10-27,d3b2cbe73e25237ccde99c53c4d6750a,2017-09-29
5b5028d53cd0fe5647fe4968399194aa,51720e74ecbc9d52b02495f8cbe546d1,delivered,2018-02-18 12:29:09,2018-02-18 13:30:31,2018-02-20 19:07:23,2018-03-16 21:35:48,2018-03-16,7159bd2dfc1acca978f4621d33b7b86c,2018-02-18
e136cb9b855e25952b35078ea8287229,a925f54d80ababe092b80fc6fdc1a948,delivered,2017-11-11 16:44:00,2017-11-11 16:56:46,2017-11-17 17:08:58,2017-11-28 10:12:46,2017-12-12,501ef04df5fa6e273121fc863ed9b7d3,2017-11-11
4e096e3777d66a0e5f9df299cb080acb,7705abbfecc352e5fc4883d03056cd34,delivered,2017-05-13 11:46:29,2017-05-13 11:55:22,2017-05-16 08:54:19,2017-05-22 15:28:51,2017-05-25,2de2224d81e64f8d4281b4895261c041,2017-05-13
e6923cdf9090c6636e480d50c3512344,345558fbe90bd23ed54c5489ed4b7626,delivered,2018-03-23 08:20:55,2018-03-24 02:28:43,2018-03-26 18:58:35,2018-03-28 22:57:28,2018-04-12,56dd71743d522ff3e993fd5ece9840f9,2018-03-23
22fee62c2b437df078309d53efb2ec30,e8eaf1cd83fb76f65bdf87f4ab372d59,delivered,2018-06-26 22:07:14,2018-06-27 08:53:25,2018-06-27 10:20:00,2018-07-03 03:11:13,2018-07-30,a8eebe144722bd04a876fc7b939b79f3,2018-06-26
18fe9e7ed59582d16d26a9bd99872e7c,78043bcc27dcd1059c277f7206b21c07,delivered,2018-05-20 11:22:22,2018-05-20 11:38:17,2018-05-22 09:37:00,2018-05-28 19:51:59,2018-06-08,4788d3f05e1f650dfa81369b91145f59,2018-05-20
40ded1def93af58d921116148bcc30e7,f8de804e08c544b9e51607947fc9c5e7,delivered,2018-02-10 13:54:44,2018-02-10 14:10:25,2018-02-16 20:18:58,2018-03-13 22:12:30,2018-03-16,9b84c13b5320c45e3cb6b72fa9932cc9,2018-02-10
880d0b678864b60cb1a087a3a0a896f0,96aaf5651780af178def64669ec0d951,delivered,2018-07-13 17:46:13,2018-07-14 02:55:18,2018-07-16 14:41:00,2018-07-24 15:48:47,2018-08-02,e2ad57b172cf497c369a9f465547fa8e,2018-07-13
a01f943f4a95572159f0603bd160d67a,636a71e8e595e27362790f200dc2a391,delivered,2018-05-16 14:03:55,2018-05-16 15:19:15,2018-05-19 08:49:00,2018-05-23 20:13:56,2018-06-12,7d7a1d1f105e472c6bc30744d0cab0c7,2018-05-16
582fcbf6c15d85c705d101b4a3b6c25f,934bab8309cb5fe3e752f21cea484530,delivered,2018-02-21 17:06:23,2018-02-21 18:00:22,2018-02-22 21:35:48,2018-03-02 17:27:41,2018-03-14,d17aaee81356e6783a7df632a79aab57,2018-02-21
d23aab0e21efafc3216ce27c05565a96,7741a2c7f0be3dda60452f7c55769146,delivered,2018-05-28 23:23:31,2018-05-28 23:35:19,2018-05-30 13:12:00,2018-06-04 21:36:47,2018-06-20,da75590f6cf4c7efc0e3821639c71430,2018-05-28
a1eb0b36de05bd4a683d3f6a90eb5dc5,3ae9f33d719cd332ec9cfb388ec7c078,delivered,2018-02-14 12:56:18,2018-02-14 13:07:39,2018-02-16 23:56:31,2018-03-06 15:22:43,2018-03-13,d8cf4d34a2c3fd3fd1ff3a55422dcec4,2018-02-14
bbc2ceb7904160da9ea4967f93a1a087,2e6ace0ce983d79b53c08337c9dbdcc7,delivered,2018-01-18 17:46:41,2018-01-19 17:50:16,2018-01-22 12:49:15,2018-02-03 16:45:11,2018-02-09,0e6381a288e73b5f9d64ac699533ad57,2018-01-18
f5d086ba1ba04aa3f5417e0b6961348a,fce713ce55413765136bfd209d5a6542,delivered,2018-01-25 17:47:37,2018-01-26 03:16:46,2018-01-29 17:38:55,2018-01-31 14:32:59,2018-02-20,9627e55290c60f562fa06f399ec6b82f,2018-01-25
257006b4652ed6214a889913fec6a5ca,27d1cf404f0460a10612b45cee7f8821,delivered,2018-03-20 23:55:09,2018-03-22 19:48:07,2018-03-23 19:13:59,2018-04-05 21:32:03,2018-04-09,b854c56e1163bced9c3ebf1e4a6576f3,2018-03-20
443bc8cc2feef50a6b416a0645dbf7b5,bca356cac6ba081296797634c4037941,delivered,2017-03-21 14:46:40,2017-03-21 14:46:40,2017-03-22 10:07:47,2017-03-27 10:14:57,2017-04-07,381917c1951b8e044dd51544f465db6d,2017-03-21
dec806358e32446003f5fea8111b10e8,c3401b67e055a675e4fe595c638b2790,delivered,2017-09-17 20:41:21,2017-09-17 20:55:18,2017-09-19 19:15:59,2017-09-27 15:35:55,2017-10-09,e395de53a61a2f8fa96ea1ca399c3ff5,2017-09-17
d0a945f85ba1074b60aac97ade7e240e,4a44c8f258b8780e1da133c1f1c39854,delivered,2018-04-30 20:24:53,2018-05-01 03:15:13,2018-05-10 15:17:00,2018-05-11 17:16:36,2018-05-28,d132b863416f85f2abb1a988ca05dd12,2018-04-30
c8ee25817be1ba8d4baa1d441aff6d48,9c770082c3231d8cc46aa872c037b9d2,delivered,2018-08-12 19:56:59,2018-08-12 20:05:21,2018-08-13 11:23:00,2018-08-21 23:28:51,2018-08-24,83f25b5de03e8c151cf79275249643e4,2018-08-12
a34cb116fd337ef68f4d8057031b39a5,f4f06b67ddcc8a9efa90a1719558dbe1,delivered,2018-07-05 13:27:33,2018-07-06 02:51:02,2018-07-06 11:49:00,2018-07-12 20:32:33,2018-08-07,3dfa96a5c650beb1772d1db80b14b222,2018-07-05
b0238d84c31a9da40adc77dac0a117e8,11dee497bfc1ac6d65615bd4e2f10f2b,delivered,2017-10-29 16:19:18,2017-10-29 17:31:20,2017-10-31 19:37:24,2017-11-03 18:47:00,2017-11-10,2bddd43e43bcc53990ed501b4a0911d9,2017-10-29
c80454d8f4c7472827a5b2ec53cf85e5,17494c3f34d7feb4f62b47e76ea1be94,delivered,2017-08-11 15:52:07,2017-08-12 02:55:08,2017-08-15 14:07:38,2017-08-23 11:58:17,2017-08-31,9a5c4df1326945af470ac50fa853441b,2017-08-11
16424ce30b370cd4ad36d4aa24baf5f2,78d4ede5c759a45ff8a456070ae1c11d,delivered,2018-04-15 13:53:12,2018-04-15 14:09:43,2018-04-16 18:34:30,2018-04-17 18:32:01,2018-04-30,5630da26010252a5192eb3691f2c81aa,2018-04-15
3d8548cd4cec4412f9007bf10e67b70f,58c39b85579b280bb8c173de81749e7f,delivered,2017-11-28 17:12:30,2017-11-28 17:35:47,2017-12-06 19:52:38,2017-12-11 15:54:42,2017-12-12,c9c7f143771017a9c61af26f7291f7a5,2017-11-28
7834f61a42c24bfd83ff86a2886344d9,fc095837bc58e78ea02238dc7d6d3e0c,delivered,2017-12-02 11:17:52,2017-12-02 11:38:24,2017-12-04 21:13:08,2017-12-05 19:53:21,2017-12-20,00ab8b4d83051d5a41842abe7ff473fc,2017-12-02
9843c2a66fe0afda6509bc4274f743de,f6611745e44d78a6632f02f45c51e734,delivered,2017-01-30 15:12:23,2017-02-01 15:32:19,2017-02-10 15:43:11,2017-02-17 09:38:44,2017-03-29,61235e631ba89f302161d88c5b3e9b44,2017-01-30
cd4264a49b0c7d241e0ba8e454586ec4,f5ec9d075724aa5e4ede6b3e8442440b,delivered,2017-10-25 15:27:48,2017-10-25 15:46:06,2017-10-26 20:27:12,2017-10-27 11:32:49,2017-11-07,884ece68a7dcc287d561b33775df6004,2017-10-25
1e7058a9b831d3c87467082f9d306253,3b810ba824e880d525a1a1687947f30f,delivered,2018-02-13 20:21:43,2018-02-13 20:35:23,2018-02-14 17:55:08,2018-02-28 20:38:04,2018-03-14,c91bf5494ac2e2bef6f4b10a344f031e,2018-02-13
842784b3b697f1dbb51781a20352709a,619718b8cfa49a9a4a47287d7344bd1a,unavailable,2017-09-05 17:32:12,2017-09-05 17:47:26,,,2017-09-26,d51b29a32859eb01adc8fc789c04414c,2017-09-05
bdbdfbdaa06c3a19dbea7cdf75c17929,bebb9511585f29e23eddf2394cd9e3c3,delivered,2017-08-11 23:32:41,2017-08-11 23:50:12,2017-08-14 09:46:12,2017-08-18 17:03:29,2017-08-31,60701c1e7374ef731d859ed7be31a8c8,2017-08-11
bb66054173f41d6e29497808a82a614a,1930ebf86fd1bdd9ee6f1dcc6b81773a,delivered,2017-04-30 22:28:03,2017-05-03 11:11:30,2017-05-04 16:34:55,2017-05-08 13:47:57,2017-05-23,6771013326c01004a0dfee208f0915e2,2017-04-30
e72225f0958755f8cf49592aa3b45518,b6d1acc2745a778bfd14145b38d46fd6,delivered,2018-05-14 22:32:53,2018-05-16 03:15:01,2018-05-17 13:19:00,2018-05-22 15:04:47,2018-06-14,b10dd1b8e976e8a8786eb7b7bfaa3aa4,2018-05-14
e0f9722525043b60edddacd46709fea1,a89cadca9c9e913ed236af9991cfd22d,delivered,2017-05-11 22:41:40,2017-05-11 22:50:21,2017-05-12 21:37:56,2017-05-19 08:34:51,2017-05-31,ff11b38f483df431276354a0215d0435,2017-05-11
036dd381dfb3ec75e0a63e14828cc871,00f5116a953fdf1b86dd0deb055c0e12,delivered,2017-09-04 22:25:24,2017-09-04 22:43:55,2017-09-05 20:49:41,2017-09-13 20:36:57,2017-09-27,9f268d26a5ab9839702b621fbcda4f5f,2017-09-04
c0850e79daf52e54ddc594485a4819d2,199261b79f63b071d8c40c82607857b4,delivered,2018-06-26 19:46:09,2018-06-29 02:53:13,2018-07-06 11:34:00,2018-07-12 16:05:38,2018-07-20,69101784d3263f0dba4bad411d3289ee,2018-06-26
c2d1ffacb651ff60aad31b4ffdc9ac80,08f75c833b2e83e9627a628cac46f69e,delivered,2017-06-23 19:09:14,2017-06-27 03:45:18,2017-06-27 14:19:00,2017-07-03 15:05:07,2017-07-17,51b406ecf979a9fbbd0a879286210195,2017-06-23
3890fcf8a1670d214325e87baaa8c526,09a6d481d28965b838840b78bbabc13f,delivered,2018-06-09 09:59:44,2018-06-12 05:16:41,2018-06-12 14:21:00,2018-06-27 13:51:13,2018-07-05,5bb42b830bff3dec259d44a9042c16b7,2018-06-09
f584750a7d396178965d61cce2bf2c9a,0d9042bd800016a09f39508f92f969a1,delivered,2018-01-16 18:53:22,2018-01-16 19:10:51,2018-01-18 18:04:23,2018-01-20 13:18:57,2018-01-31,8d6ad7bcf10f8952e05cc715c8877b72,2018-01-16
6bdf325f0966e3056651285c0aed5aad,6289b75219d757a56c0cce8d9e427900,delivered,2018-05-22 23:08:55,2018-05-22 23:36:01,2018-05-23 19:02:00,2018-05-24 11:58:23,2018-05-30,8d50f5eadf50201ccdcedfb9e2ac8455,2018-05-22
4b7472650d90b16f5169d774d1e32292,c9c813b7dbdf3fddd1e25b8581a58f19,delivered,2018-03-01 17:15:24,2018-03-01 17:30:37,2018-03-02 17:38:24,2018-03-05 16:57:09,2018-03-14,4da48d50844a6b56fb74a654842d1f7b,2018-03-01
621be24850f6edd2e8dbd75a0f19668a,06be66243346e59b86a04d25496b19e3,delivered,2018-06-26 14:45:11,2018-06-26 15:15:55,2018-06-26 15:42:00,2018-06-30 18:43:26,2018-07-31,6ba32acdf26ca5cdabce839d791b634f,2018-06-26
e279507171f43a7609f31b89e48cbc35,0fc0f4437984bc9a1fd64bcf1ed5d8da,delivered,2018-01-22 11:59:21,2018-01-22 14:18:53,2018-01-23 15:03:52,2018-01-24 20:26:41,2018-02-06,fbaeb8c818b319f15bc3123590fdbb08,2018-01-22
ffe4972089425f7752aad086a7fdce28,bb22cafe10da65775931fd4dfcc38328,delivered,2017-08-23 14:30:58,2017-08-23 14:55:18,2017-08-24 16:48:27,2017-08-30 17:39:10,2017-09-15,75c7ca196c689b375f0f980d25852fdc,2017-08-23
a04d5b77845f10a45576f115ac7a9c0d,1d6ee1bfb4edda9ba229e554e410a0bb,delivered,2018-07-17 18:52:37,2018-07-17 19:05:11,2018-07-19 11:50:00,2018-07-24 21:28:36,2018-08-15,20bcea202c80cf0664d06db2ffc479c7,2018-07-17
1b2a8a35effe3c031684be53784ac90c,bace683427e40bae08e7af13660e1436,delivered,2017-08-15 21:29:06,2017-08-18 13:30:25,2017-08-21 14:51:53,2017-08-23 04:55:02,2017-08-28,e9737523e569c19a06d8afe7f030ccc9,2017-08-15
1852f4003a3be7d9054403de86fc4280,381546c76b322c8ca3fbad5a78a89c8f,delivered,2018-04-14 19:16:01,2018-04-14 19:31:21,2018-04-17 23:05:25,2018-04-27 14:50:54,2018-05-21,73f543ac7cc557af011be584a4dde8af,2018-04-14
5630f20edc34695d0b5daf86dc590767,73619b350b42a898dc24b298aea7d1e6,shipped,2018-04-05 09:58:12,2018-04-06 09:55:16,2018-04-09 18:26:39,,2018-05-02,3177fe6dc09992fd1ea77cf0e50cceeb,2018-04-05
6df84b84d593ebbd9922b07135002bee,2a49861a1d5d394bcfab48c9a2edf700,delivered,2018-05-12 12:53:29,2018-05-15 05:14:44,2018-05-15 10:42:00,2018-05-18 21:58:31,2018-06-05,1886a3ec265c6f5cfa1525e5be5bb084,2018-05-12
7bf06cefeb8101cf8c9cf8971049e931,4ee5fecd6bbda3b34759f2c4ac11991f,delivered,2018-04-24 00:16:04,2018-04-24 17:43:02,2018-04-25 14:47:00,2018-05-15 21:42:20,2018-05-21,c6cf1ed78ca8278d606d4883f0640f19,2018-04-24
ffdc5e3279114c523a09296f8fd28331,c1268d9379bcbdb861e57fa5ca4b2107,delivered,2017-02-10 14:49:23,2017-02-10 15:03:37,2017-02-14 14:34:40,2017-03-03 18:04:36,2017-03-15,b4a9efda098bbefeff0c5036cf915eb9,2017-02-10
f8b6b27efdf0f73f9e9d978fc503c45f,afa74a7d4baf26e7b0ea6eb4bcdfa450,delivered,2018-07-04 16:44:56,2018-07-05 16:27:53,2018-07-05 17:24:00,2018-07-11 17:51:40,2018-08-01,4a4e57e55c5c977bb82ad99a7b6fc190,2018-07-04
ccfcc7f58cf5619fc40593dffc299a9f,00302a0b99783c3d1d1e81c616e321e8,delivered,2018-03-26 18:50:44,2018-03-26 19:08:15,2018-03-27 19:27:57,2018-04-04 17:31:57,2018-04-26,1b9872e035e88fc720548cc74a815a46,2018-03-26
b4830eb292356ee360c41e0d3c239277,7b02e94a2352d4185b50fe7503b4b753,delivered,2017-06-12 13:20:35,2017-06-13 03:50:21,2017-06-14 12:48:12,2017-06-24 12:03:16,2017-07-05,6321bbd80d2615bf1ce7d905265f9681,2017-06-12
c5f2bd6122735f3362d5acc3e1df7e01,d93762da7e60d37f9d0293356feadba2,delivered,2017-10-19 11:07:06,2017-10-21 02:49:23,2017-10-25 09:54:52,2017-10-30 15:53:03,2017-11-07,169502e0aba22c4cc43001e96d36872e,2017-10-19
cd8c262644247fea6ddb4bbda562bc92,0eebd2d8515ca9a9886e26936af093b3,delivered,2018-03-20 09:54:23,2018-03-20 10:10:42,2018-03-27 04:28:45,2018-04-10 19:32:09,2018-04-06,a389bf3b38799d961fc282dcb26cdc3a,2018-03-20
d2abd29e33eb16f9db328c6fc2b474f8,e5e3ec222154fb7a9cec5b39c1011359,delivered,2018-01-03 15:18:52,2018-01-03 15:30:47,2018-01-04 16:48:24,2018-01-08 14:47:25,2018-01-19,2a3977438f5717f0ad181840e52a14a0,2018-01-03
e91f4cb0413a13fbdb115fa44b588404,2ffd69193e2274ecc9565bcbc94cf96e,delivered,2018-05-09 17:16:21,2018-05-09 17:36:16,2018-05-16 11:58:00,2018-05-26 16:48:44,2018-06-06,07b1b60bca2b6326fa2adb259ea4a55f,2018-05-09
5dc5e6edeb0fc2cc0b95d21e149d996a,2fb9224c9386826e935b5c2e99f78265,delivered,2017-12-27 16:06:36,2017-12-27 16:17:25,2017-12-28 21:23:31,2018-02-01 21:22:34,2018-01-31,0e95bc4200259edba13760f24a5637c1,2017-12-27
0753581dc10ba07cdb8302d6c7a40924,ee298a93185413cdcd448b734e65f3cc,delivered,2017-08-30 20:34:51,2017-08-30 20:55:15,2017-09-01 19:59:43,2017-09-08 20:03:08,2017-09-21,caac34ad2058114ddafc4e290ce7a432,2017-08-30
fb7f2bd158ff5c98d1c6f296100b89ee,9f700cd78cf84ddaab40881aa1352029,delivered,2018-01-02 07:58:29,2018-01-03 04:32:32,2018-01-03 21:33:15,2018-01-05 11:37:28,2018-01-18,10b046101bf794f7d9ffb7638147438a,2018-01-02
1239d3562a6ab53c79a35595a63c5c59,15fc8e622a91144dccf887fa5525c3b4,delivered,2018-02-26 21:10:57,2018-02-26 21:28:45,2018-03-02 20:09:14,2018-03-13 22:57:39,2018-03-20,c988628b7bc5d9c645eb7a3a66f31b46,2018-02-26
a65d4ac927fef29da1b58e60ebdbb1d7,9d151c7612fd140ebcafd620491a17b3,delivered,2017-02-01 18:41:32,2017-02-03 03:41:40,2017-02-06 07:25:28,2017-02-14 13:23:42,2017-03-09,b2e49db04cda33477b966a40343065bf,2017-02-01
1e5da4d344c0467e7c6f3a90e5ff91b7,a6390fcd76757947a87b174efbee7b8b,delivered,2018-07-20 12:26:58,2018-07-20 12:35:15,2018-07-24 13:06:00,2018-07-30 22:58:27,2018-08-09,1ecf79b2f5ad7e9afa392af18dc22ae6,2018-07-20
00e365f4fc03d1098841af23d05c17a6,491609eeefc72ee67ee5b42e63ba9859,delivered,2018-08-20 09:40:45,2018-08-20 14:51:17,2018-08-23 17:10:00,2018-08-29 18:56:33,2018-09-10,2bb3ba4dc5cea88949645027d417b4d4,2018-08-20
fe492b94021fc809f9fd371ca4162c51,f7b168a3506088397cd2d771c1553a9e,delivered,2017-08-27 14:15:47,2017-08-27 14:25:11,2017-08-28 13:14:34,2017-08-31 20:41:12,2017-09-14,5f7f2f316d856064acee6f1db7c9f63f,2017-08-27
fe05d1b3e709ca154c9f1377c91f6b05,fdd9327630579a54d51465e9cae41a9a,delivered,2017-10-12 20:38:14,2017-10-12 20:49:32,2017-10-13 22:48:50,2017-10-24 22:27:56,2017-11-01,19a1aaf98489ddf00c16ada82447e21e,2017-10-12
d032dd122bc93c30a420b6ee101c7f69,95a33b9e31d7f366c9e8be44c7f402e2,delivered,2018-01-16 21:24:31,2018-01-17 09:30:54,2018-01-22 14:17:25,2018-02-05 12:53:24,2018-02-16,00d85302f43fe8848153e3720c34ac01,2018-01-16
cd02db25220d623f419da3b1fa2921ff,7f86f92d486bece9cd34a1b02c55fda1,delivered,2017-07-25 16:05:45,2017-07-25 16:23:20,2017-07-26 17:47:25,2017-08-02 21:36:59,2017-08-16,8554106a935bd40d3b9a25d1d683c887,2017-07-25
ef57963ceae82ddbc1e426297439b24a,f7497cdbd74a6992075dc562d0e26068,delivered,2018-06-01 13:45:06,2018-06-01 14:11:51,2018-06-04 09:05:00,2018-06-22 21:57:46,2018-07-17,66589dc3b4b674a83911d806c0a5827e,2018-06-01
cfead345fd39589372b7ac0c255c0712,05b5f7bd9f0d0c31b4f479f1d4fd1c00,delivered,2018-04-12 12:01:15,2018-04-13 12:55:44,2018-04-16 20:14:44,2018-04-17 20:34:39,2018-04-30,ccded7fe60c9f6a682196c4941bf17ef,2018-04-12
cfc8693f5a72369e0b4cd8d2f4f01ff1,750020e5e910f6d66518e66a64b70d4e,delivered,2018-08-04 10:33:23,2018-08-06 13:05:14,2018-08-07 13:34:00,2018-08-15 00:11:19,2018-08-22,11f5fb5c11d7751687290dacf629aa29,2018-08-04
f161d2927f0847f8fd74ebeb8a7b3a80,00a49178247b91322bdca02625e81f7a,delivered,2017-07-02 09:51:03,2017-07-04 04:10:17,2017-07-05 15:12:45,2017-07-19 16:45:52,2017-08-02,feaa8891b941fef98112c26ef7c19cee,2017-07-02
d2fd9295960f8b867bbe434b2c9c7f42,a7cfd46328adb24558e5e875834a8672,delivered,2017-12-03 17:33:39,2017-12-05 04:17:34,2017-12-06 19:32:29,2018-01-16 11:56:02,2018-01-05,7229cb1e6d07a9106f98ff82eab3f3b0,2017-12-03
4c6b8f5bdbbce6acce7f9193da57a34f,cdef83592664829badb5df1a021a0cda,delivered,2017-08-15 21:07:01,2017-08-16 22:04:43,2017-08-21 16:27:51,2017-08-22 16:14:45,2017-08-30,158f9d93c09713c984d20a517415ffe6,2017-08-15
9181dcfd06aa134cf10d0dc56abcf07a,86cbaec898050c91b8b8abb9c028e8b7,delivered,2017-11-24 14:34:32,2017-11-28 03:33:35,2017-11-30 16:37:36,2017-12-12 21:04:38,2017-12-27,e32298294895b7f92d89754e744e930c,2017-11-24
c2412fc369f785dbaebb28b731f92bdc,78fb9eea9d926e3bda5305d45cf2c740,delivered,2018-08-03 10:43:27,2018-08-03 10:55:15,2018-08-06 16:10:00,2018-08-08 21:47:52,2018-08-08,0d1c52d53d56c6e8b387489ede355576,2018-08-03
e67c98054d83d2b7a9ba6e37eb2ca005,c838e44ef735bf81eaaf088eca9e4b18,delivered,2017-07-01 11:07:50,2017-07-01 11:24:06,2017-07-04 14:59:56,2017-07-05 13:12:42,2017-07-14,97d757d6e63c1cbcaa17689df4240d22,2017-07-01
1473319e2ff85803b7e969a788740cda,1874bf6cc7db3ab099a368518a32ddf4,delivered,2018-07-10 23:41:08,2018-07-11 00:35:11,2018-07-11 14:03:00,2018-07-16 14:28:35,2018-07-30,b541410bf6a43ea5919ccdbe0d74006e,2018-07-10
121c96617b2e0acee04016a0f37c1c7b,5fdda35530bccd97623de0d77924e337,delivered,2017-07-02 13:18:33,2017-07-02 13:30:14,2017-07-03 16:59:25,2017-07-13 21:03:50,2017-07-28,aea4d758cf1a6af26b5e7c143a99127f,2017-07-02
9397029fbc3ec2e77f3ada43544a9309,2dcc41b41c92ddf804bed36ec1531e30,delivered,2018-02-02 17:08:16,2018-02-03 02:53:24,2018-02-06 15:13:27,2018-02-09 19:19:10,2018-02-26,9948807ab5dce6319104af90ef6c3b1b,2018-02-02
f2d1a5c559c8046860d9dd51077d1980,08dc787fbd670738dde6d2b5302c922f,delivered,2018-06-17 22:03:02,2018-06-17 22:19:06,2018-06-18 12:19:00,2018-06-26 00:27:50,2018-07-17,a864829a200a4eef80cd8bbccb94fbfd,2018-06-17
0171ca1dc94d8ebde8bbd3b686f44c41,acda4e3bd86587774d6a17b8e8d7e47b,delivered,2018-04-27 19:50:37,2018-04-27 20:10:48,2018-05-04 14:02:00,2018-05-12 12:37:43,2018-05-22,41fb4efcf6fc7f18a4c273be7d1b5d07,2018-04-27
d0c8f9db386ca29a7033d2fddc2451b1,2583d589c372f055e7b01bbe0b752985,delivered,2018-04-27 10:18:32,2018-04-27 10:30:48,2018-04-27 15:25:00,2018-04-30 18:51:23,2018-05-15,78dbc62a36ec8428593ba53640745afd,2018-04-27
3900b88a922f66bc0aecfeb3807bec9d,ebbc53d51a9de79be500ef4db64237c0,delivered,2017-06-04 12:05:34,2017-06-04 13:02:02,2017-06-06 16:05:10,2017-06-16 09:08:03,2017-06-28,987edc330dcdc950d07d78cd21909c15,2017-06-04
5a2a431c383bfb1cf91cef8f21db8751,5da76606d8296067b9dc0659af7175fc,delivered,2018-04-26 11:51:26,2018-04-27 10:15:21,2018-05-04 14:58:00,2018-05-11 21:18:39,2018-05-15,7f921bcf63549ef3a91583a8e5275ce9,2018-04-26
b551d008e194e808841c76fe13ae2969,dea2f5dfb7067437f99c9790d190ebbb,delivered,2017-09-12 18:51:17,2017-09-14 02:43:54,2017-09-14 19:23:03,2017-09-20 21:17:30,2017-10-02,4602b5cd6f4d8d108039d3d39208786e,2017-09-12
f92b34d1e66d16dfe85adfbf914dee86,f7979c0a310f63a72ea83fd0f2c1de82,delivered,2018-07-23 14:27:40,2018-07-23 15:59:46,2018-07-31 13:35:00,2018-08-22 00:19:30,2018-08-13,74a63835c6e5eaef19af58cc83f663aa,2018-07-23
cc3ec3d8a0adc29d2f942ec3b743559f,5b912f0b13a097cd152ed6ea2f713326,delivered,2017-07-05 22:57:34,2017-07-06 17:05:18,2017-07-07 12:37:39,2017-07-08 14:41:04,2017-07-18,dbaa4e5cc22975b87383687b38042fb3,2017-07-05
24566636fd3af9e19494f916e9d72356,deaca55a21b9248b34e823583f5ddf34,delivered,2018-03-11 10:14:50,2018-03-11 11:00:25,2018-03-14 00:52:39,2018-03-23 15:15:03,2018-04-03,6dd5be3b2a4f4f7fe09e81590896fa0e,2018-03-11
b8c26d0e6999dd7df49908fe20b9a1d9,4e6e4e3ca1172d148b0f9d510d0804bb,delivered,2018-03-06 12:22:00,2018-03-08 02:15:40,2018-03-09 00:51:36,2018-03-12 13:51:43,2018-04-06,61248cc5caab47c3c27460e34d526c0e,2018-03-06
bb43688a01f21afcf24e7f05ce4e970b,bc27a4cff9ebcbd421f18a4381bfbe0f,delivered,2017-05-09 14:08:00,2017-05-09 14:22:22,2017-05-10 15:42:28,2017-05-17 14:46:46,2017-06-02,57975e1d408b3d718ec6d2282622f16f,2017-05-09
3c91e3497ee8a38751b01e5d549a9bf3,530d6fa633453c225358c8c3b1ca6eca,delivered,2017-07-09 21:25:24,2017-07-09 21:43:20,2017-07-11 15:47:22,2017-07-18 13:15:10,2017-07-21,8f96a7f4fb4e0fd2353f07078ee045ab,2017-07-09
2d86dca31adc614ff712e9900f70c395,7372613925550707111577db9b67af2e,delivered,2018-02-10 20:01:43,2018-02-10 20:10:23,2018-02-15 19:58:48,2018-02-21 15:07:56,2018-03-06,dcd05c6270b396f7e09322ef1c6436a5,2018-02-10
555d7aa9a2893149ace06d73b09b59b5,b9a9339701a218293ca3716d00e3f26a,delivered,2018-06-06 17:14:48,2018-06-06 17:34:07,2018-06-08 12:09:00,2018-06-11 19:13:36,2018-07-03,9bc06d52c1390eab6d1dff67a5f87e20,2018-06-06
13d07eb2de3e39a4ce35e42413657ca4,7a23160efef64877f74d3cf251232702,delivered,2018-05-07 14:26:32,2018-05-07 16:33:56,2018-05-08 13:10:00,2018-05-14 20:11:38,2018-05-24,4fbfc7dbc329c494d68d47b9780604fd,2018-05-07
22c3c17767ef06b388b1a0e1820d5338,05509281332c17164b8366e66f2a9ab6,delivered,2017-11-27 12:28:47,2017-11-27 12:37:29,2017-12-01 22:36:53,2017-12-03 10:23:01,2017-12-11,8f1c56d4cc0b092ab6eef0328e0c7cd0,2017-11-27
99b3fb1a943fa5d4af2a3386f00fdd19,aa03e52d50af7237a5963ffb09dd8872,shipped,2018-08-22 09:01:17,2018-08-22 09:10:17,2018-08-23 14:09:00,,2018-08-30,ef2836ca1f2acebc26c0def366f83b5a,2018-08-22
ea97a4da26b071abec848a38e4bedea8,d1edc9caf0eb9ebc2c96feb1e7d62817,delivered,2017-12-20 07:20:50,2017-12-20 07:31:24,2017-12-21 21:12:27,2018-01-02 16:39:32,2018-01-23,b1f8eba4b657c7a79a3b0f34c8b6af06,2017-12-20
8c18e2748f644242067b6c2269b072f3,7cbacee4ede6c8145c498e1b2091bb24,delivered,2018-03-12 09:51:54,2018-03-12 10:15:32,2018-03-13 23:46:47,2018-03-14 16:32:30,2018-03-22,ee49554db684054b298cf4314752eb3b,2018-03-12
93e337ab97f3eaafab94e2129d8feae8,0b68c93058ee253e88751545308f2797,delivered,2017-12-03 19:00:51,2017-12-05 04:12:01,2017-12-27 19:09:57,2018-01-09 19:07:38,2018-01-08,7ea594c84734eab39f86b4cdc75dc6d1,2017-12-03
5813dccc11eeeec1c8b609e396c12291,8fa05383791a1be46455976f3b50a1bb,delivered,2017-11-21 09:55:35,2017-11-21 10:06:53,2017-11-21 18:29:44,2017-11-30 18:28:40,2017-12-15,ff84121140b5715061b4999e72b50710,2017-11-21
12aba4fdeb04e5cca1132f86f2bda749,ff785d347271a777a570f540796d284d,delivered,2017-11-06 23:39:18,2017-11-07 06:31:17,2017-11-08 21:02:48,2017-11-10 16:08:43,2017-11-27,aee5f6629ae32b0042736c75b6e67368,2017-11-06
6ef7236f77012f10ce40fccc912d7f4f,47f220b95a6c2d2c582794485465a9cf,delivered,2018-01-15 09:33:37,2018-01-15 09:50:00,2018-01-18 23:46:33,2018-01-26 13:37:12,2018-02-05,dd8253fe17486f2e2cbff105e36e4a55,2018-01-15
a34caabc66a97d7d5228c0c98789ea62,c696badf7da001e76836a99e6f109b82,delivered,2018-01-02 11:36:41,2018-01-02 11:50:27,2018-01-02 21:53:31,2018-01-11 17:29:07,2018-01-31,59e8e80c76fd00eea739d8150f1e93d2,2018-01-02
7dfb5da526cec6b438017b4b44d07c72,e5ccfd48cc43aceb9d93703b68d8aad0,delivered,2017-12-11 13:08:05,2017-12-13 13:11:06,2017-12-18 18:56:39,2017-12-27 15:28:28,2018-01-16,2c194fe4c970ee7162da0ff0e244e599,2017-12-11
d419b374d8c1d6ee8ef676b3d5483193,a75295f130354e667dede27e1bc3ecaa,delivered,2018-05-13 14:25:21,2018-05-13 14:35:19,2018-05-14 14:58:00,2018-05-17 15:18:40,2018-05-30,3dda04e84e15bfab1e5cca523130d064,2018-05-13
3c179a72f1d2d9c87b18d2a0fa99079f,fbece8dafc6de4b62cef0d4df0228e7c,delivered,2017-06-26 18:03:36,2017-06-26 18:15:15,2017-06-27 15:43:38,2017-07-03 15:09:40,2017-07-18,3f1a1465cabd220ace8f6680154ec82d,2017-06-26
aed38287917d46c0c38bdb64bceb4885,4a328036b2db4acb50c6ba57f16efe31,delivered,2017-11-08 10:53:47,2017-11-08 11:06:41,2017-11-09 19:52:39,2017-11-22 17:46:51,2017-12-01,ad807e8a876326d427394737f4c7e01f,2017-11-08
0a280a8b4ce3fd3a61a076492e5d6b00,1792c3344cb8e193a50596b21a777a5d,delivered,2017-12-26 13:27:01,2017-12-26 13:38:25,2018-01-04 18:07:24,2018-01-11 17:42:46,2018-02-06,e1f9621df240662ea3fa4d3c8c26c161,2017-12-26
138f041df3644d9ad82f50c67b7bb304,c46b80a1d5e25ac1e32520e9b70ded53,delivered,2018-07-16 18:39:09,2018-07-17 18:35:11,2018-07-20 14:55:00,2018-07-26 18:58:41,2018-08-03,e12e3ee1eb7c5ad94cca4e7429e59932,2018-07-16
aaf8bab1b669bb91ff3ebc7396d45ce4,6206c83b48aeab97ebbace2ea496b64f,delivered,2018-01-28 12:09:26,2018-01-28 12:18:29,2018-02-19 16:26:45,2018-02-21 19:03:45,2018-02-14,d62a4aa312159ff0bb1266d53a891f47,2018-01-28
ce32a1ef7b8affd937675b5aa005d877,bd9864145b8be857f5e35f239ef69601,delivered,2017-11-24 14:06:15,2017-11-24 16:14:42,2017-11-29 15:33:26,2017-12-13 16:22:59,2017-12-18,bb2717a02780c30677e9786afc2fc9a9,2017-11-24
097be4cd83ab97b83a12738175758dc6,55e9ecbda5df3c2ad8a5ac6d6025e62e,delivered,2018-06-09 19:28:43,2018-06-09 19:50:35,2018-06-13 13:55:00,2018-06-18 12:52:25,2018-06-29,1c28d66c2f76bc7189461047650bf7fc,2018-06-09
412e78168592efba1bededb6122b7264,3f71ac4be023b21aba41f819458e9595,delivered,2017-05-21 15:38:06,2017-05-21 15:45:17,2017-05-24 11:12:55,2017-05-29 11:16:39,2017-06-13,03dca8ea786a4ed9cd2397ae25af721a,2017-05-21
a9b4d68c2c9921f6475ffb650b6c41bd,c2a58e625491c40184367570fc83de48,delivered,2017-11-21 15:55:40,2017-11-22 02:50:24,2017-11-22 15:27:50,2017-12-01 18:59:06,2017-12-15,5e9f07f029a4e234bbeb183b0044970e,2017-11-21
4932be6399a0d89ba5396fc1ccf0a7d4,a05cf79a29e1e55205a7d695975a7a0a,delivered,2017-10-20 22:53:41,2017-10-24 03:14:54,2017-10-25 18:07:57,2017-11-08 21:32:36,2017-11-10,bc0d145abaff89b9a0a1fa6d495c98df,2017-10-20
0e674de2505ddeb8770eb4e642b0a638,c80debb8c444b7ab7cb2619b973928f3,delivered,2018-02-22 22:05:56,2018-02-22 22:25:44,2018-02-26 21:57:04,2018-03-08 19:55:24,2018-03-09,7e6beb5f680be506d44e0d5c72c6a497,2018-02-22
4c72d41ba4c2afa336f5f612bed714a3,246fc6be059021ab9c909c51d61157a0,delivered,2018-06-19 20:47:43,2018-06-19 21:18:33,2018-06-20 15:02:00,2018-06-26 18:38:48,2018-07-18,469c053b1fc8360d3469b20ef7ae38e8,2018-06-19
2c9c2c96702997c879d75f927b76165e,20e569f30c28c88ac2731a006e5bb3d8,unavailable,2017-09-24 10:45:10,2017-09-24 10:55:08,,,2017-10-27,004ad212c650c96c8a48f30855a7bcb8,2017-09-24
d896a23dad25767048a7f2fc96b09c4f,ca5957a48ef2f6a2fbbcb02ea775f6a7,delivered,2017-12-17 20:57:54,2017-12-17 21:54:28,2017-12-18 20:13:41,2018-01-03 22:14:11,2018-01-12,44740b1389cb6593c9f3c578d257e9cf,2017-12-17
53c13f6010b84ebe8ee418785dd62890,f665e5190f5aa2db00841f43f192fff3,delivered,2018-01-24 10:45:38,2018-01-24 10:57:24,2018-01-31 19:16:55,2018-02-06 17:21:50,2018-02-16,58dedc6008928b4e5ebe3672d64f66d5,2018-01-24
0bc9cc637f074aa7df9fb7f206125066,64b522c8d8d1f7acce0f99ab0bc4309e,delivered,2017-05-25 11:58:23,2017-05-25 13:33:53,2017-05-26 10:08:25,2017-06-01 15:17:32,2017-06-19,6d9340cff66614691b64758da5a28d53,2017-05-25
13a6b84d8ffc29e4607ddcb4170cd8a4,bce0adf484fdef747ca68871cd487d44,delivered,2017-11-24 22:49:30,2017-11-25 01:52:46,2017-12-15 18:29:49,2017-12-29 15:34:03,2017-12-15,09942914169ba768d44c1fcc9605a058,2017-11-24
5f62be06e875c3a8a5d6a8501f49bd6e,1f3aa8a785ee6932db82e0dc29fa3ade,delivered,2018-04-20 21:49:28,2018-04-24 18:34:54,2018-04-24 19:48:48,2018-05-09 23:58:35,2018-05-18,0304835bc6b49f5085fd5dcd300e4007,2018-04-20
7afdc3b6a07730a765885e34841551de,3b0174d2e75809f788c4798be65fb5ec,delivered,2017-08-07 23:15:21,2017-08-08 14:23:47,2017-08-18 19:25:48,2017-09-11 22:12:22,2017-09-14,2a4f00eb2a1a0321bbf32bdcb7240b61,2017-08-07
b66f62c3c5b15126deea5d6bb1d75889,884f8c52120644a232953881424cc353,delivered,2018-08-10 12:08:04,2018-08-10 12:24:40,2018-08-17 12:16:00,2018-08-21 16:47:49,2018-08-23,eb8d2efedf1ad20c664fa356b6286259,2018-08-10
eaecb482f1e5f5058d49cf2984fc774c,9832e2c595ca4b625d442384566f45fb,delivered,2018-03-05 18:32:23,2018-03-06 18:10:28,2018-03-07 22:08:11,2018-03-10 00:08:19,2018-04-06,792cd65e93c8777a8e8a871e348b3b2d,2018-03-05
3bb7de438f6b9bd4c744381f15e6a23f,c160bdb0a9681910cb625afdd993a8c5,delivered,2018-02-23 18:38:09,2018-02-23 18:50:30,2018-02-26 16:33:47,2018-03-05 09:41:52,2018-03-27,b843f459abc28f25cba8b174b6296b50,2018-02-23
81d183ca30a0f0ced737aed18b2ed9de,e3601bcd9f1d4419789047745331e7ce,delivered,2018-08-02 21:47:53,2018-08-02 22:24:13,2018-08-03 13:55:00,2018-08-10 23:17:38,2018-08-31,96c6d4dd554cfd34869b06fe26ff3260,2018-08-02
7621ddb8114cb72e4ac4673daf869f93,1bd8a424814f6274d14c1c06679fec78,delivered,2018-08-14 09:22:11,2018-08-14 09:35:12,2018-08-14 14:22:00,2018-08-18 13:40:58,2018-08-24,f1a3e8c7bedc8645ca909ae74d45c455,2018-08-14
8c58b2a5e9f75210cd15eae77b7441f4,58299a6c7b64a6a0fa2f6f5d463fe108,delivered,2017-09-01 03:53:31,2017-09-01 04:05:32,2017-09-01 15:36:42,2017-09-15 18:06:58,2017-09-21,84dd01d73291594aae23316af3ef403b,2017-09-01
e1d3f67ea81edae5f2975c2adb668b80,b0de74a8396c6592f2ac3946725ec901,delivered,2018-08-08 22:40:21,2018-08-08 22:55:12,2018-08-09 13:20:00,2018-08-14 15:34:41,2018-08-27,c73ea778863efe7e94ea5efa3266abf9,2018-08-08
cbc7c4a678ef94d05ea8166eed3f320c,79906f0eef6c66263b18eae85af1573e,delivered,2017-08-06 15:51:56,2017-08-06 16:05:49,2017-08-07 18:15:04,2017-08-10 17:12:30,2017-08-29,4c2841b96231710cbfc1ce896d88dac1,2017-08-06
e566c1b5be049c45a4e4f83c5101b3fa,193710e578946caa03997487f4cc7129,delivered,2018-04-09 21:42:33,2018-04-10 00:12:22,2018-04-11 19:36:40,2018-04-13 11:44:35,2018-04-19,2fdf390d4775f384c242cc7360a989fc,2018-04-09
5d67a487bcc575e994f0e84e84823af2,608ca06a0877186cb46883660d1ae256,delivered,2017-07-29 23:29:44,2017-07-29 23:51:57,2017-07-31 15:31:45,2017-08-13 14:37:30,2017-09-01,bf95e665e75a658ab1331b1830faba9f,2017-07-29
adff109236fcf060cf7989c67c4280a5,df2fdb98ed5e099286c6fd60daacb0bd,delivered,2018-04-21 11:43:39,2018-04-24 19:06:50,2018-04-24 17:12:53,2018-04-26 17:44:23,2018-06-01,f3d8a17ce49b710701971367339af8d9,2018-04-21
58f6630e08902025bfb3813a0774fabf,e2f19e9b81bf91b8582ee89d85312dc6,delivered,2018-06-22 15:39:23,2018-06-23 02:20:21,2018-06-25 14:15:00,2018-06-29 13:02:46,2018-07-23,ae3bf7f6d63f0a735b67de84e7ee90a0,2018-06-22
fefd2241bdaad0b1f5a3ebbc75fcbc97,ccf7f93ad493feb3d33050ce2240a8ef,delivered,2018-01-08 20:57:04,2018-01-08 21:08:39,2018-01-10 00:24:14,2018-01-12 22:19:18,2018-01-24,07d0f92fe98485a217388a6b55cb8162,2018-01-08
28d030cdc8a0c663dc60bbe5a730971f,fc25e9ad5c4e1fd84faf0f1fadc8a5cf,delivered,2018-02-04 22:50:32,2018-02-04 23:09:50,2018-02-06 22:21:58,2018-02-20 19:08:02,2018-03-05,e6e94eb538899b65ef8b6d8258b65998,2018-02-04
d49d6674b1ce113a775ca977649da52c,dfbfccca56df9e3b44727f83aef4ef38,delivered,2017-11-24 09:31:49,2017-11-25 06:29:52,2017-11-29 22:32:01,2017-12-04 16:34:42,2017-12-20,0667c54c72af2bcfa8dbdecd2b1c38bb,2017-11-24
6e3d694de21b9149410f92a43ece1186,bd5829a8e441e1a7ad669932cf6e8841,delivered,2017-10-10 22:35:38,2017-10-10 23:09:41,2017-10-13 18:08:05,2017-10-26 21:14:47,2017-11-03,7071d8356158001d704cd2c0996214de,2017-10-10
70a988768d7dcafd6284577743090bb3,b3a51a3b8b6045db9ecd1d83aed817bd,delivered,2018-07-18 21:39:28,2018-07-20 04:45:19,2018-07-20 12:25:00,2018-07-30 14:52:57,2018-08-07,7ee4620520eccd5d72b52cc137631ef1,2018-07-18
a87e931eec5702ceb837f15fdcf39684,9ca35c51f341909f26c23e171bbcad14,delivered,2018-05-15 21:59:55,2018-05-17 02:37:14,2018-06-07 07:48:00,2018-06-29 22:31:45,2018-06-22,5691d9e7584b97e1b450398f3476b800,2018-05-15
9d3da55bc185ccdbeccac8824c7330ae,991158e376be091fdccc2d9ffe663968,delivered,2018-08-20 01:09:22,2018-08-20 14:32:57,2018-08-21 14:12:00,2018-08-27 17:58:26,2018-08-24,33ad06a63dc935b7e0f1771725840c2e,2018-08-20
0f30dd4c9af7aabbce81fc381ce2e807,c18a4cb3f8ff37151c8e3dacada355a4,delivered,2017-10-10 11:11:11,2017-10-10 11:35:25,2017-10-11 13:52:18,2017-10-23 15:57:07,2017-11-01,606745e140787f33e2e25105dccd9125,2017-10-10
a061df95ad7f5cdb3f6f15062486f4af,c567dd8049f21660628b9ec23ed09e28,delivered,2018-08-13 11:22:19,2018-08-13 11:44:26,2018-08-14 15:02:00,2018-08-15 21:26:55,2018-08-21,4102cb7b6cea863b781653eeed5dd550,2018-08-13
64e19c385c1026d61f22cdf85a0b42f8,23b779ddb684eb2034343952d61305f9,delivered,2017-04-28 13:52:51,2017-04-28 14:05:11,2017-05-09 10:26:27,2017-05-16 10:04:37,2017-06-09,c05194e767bd5ee67d82c2cc8869bb78,2017-04-28
2482a3ac21e8d1e6528ac010fe8c4c4e,9163faf0052ba7b49b28687ccb3eb6a6,delivered,2017-08-07 23:59:05,2017-08-08 00:15:12,2017-08-09 16:27:59,2017-08-17 19:52:35,2017-08-29,ecc4e8ea65bee089e9fda7474da7a8a4,2017-08-07
9d6fce663840af4f0e35863644f6c031,ba36efa6ed0c72bf1a9441e025812548,delivered,2018-03-12 11:20:40,2018-03-12 12:00:28,2018-03-13 23:04:08,2018-03-22 19:47:54,2018-04-12,4bf164cb2c66be44b7645b1d455f032e,2018-03-12
518a89db9918a8553dbc760454cc7634,97996cf8de4a0999ad9ffd8a65c2f697,delivered,2018-05-01 18:06:41,2018-05-01 18:15:17,2018-05-03 06:32:00,2018-05-14 23:40:58,2018-06-05,fd3a13c97274ff36f612acbb8e7a899d,2018-05-01
40fc1a40cf19e225f69e3790f1e33f7a,6f7df6e010787ea962389d629793ea30,delivered,2018-03-07 11:46:26,2018-03-07 12:09:47,2018-03-07 23:41:18,2018-04-12 15:22:30,2018-04-23,ec4d19112d7e72dbbcb8da31d9a79541,2018-03-07
0b1c59b14d8f5965dea7bc2db28a34ee,e84e0676514d73a73b62bc41750d40a1,delivered,2018-07-16 22:56:18,2018-07-16 23:10:13,2018-07-23 14:46:00,2018-07-26 12:49:36,2018-07-31,349c5a7114e1352032784bfd3e5ebb4b,2018-07-16
8634624f436e04b1667aa4299a7b026b,4101b37b2d8f20198ba112a754885204,delivered,2018-01-08 00:07:50,2018-01-08 00:15:34,2018-01-13 00:18:50,2018-01-16 18:10:31,2018-02-06,5fd93e3470930edbded2f0e1bc7cd3ed,2018-01-08
36427c26a33be23e4e8867d9a8245688,77afc934db39b853ba5c0c9216ba557a,delivered,2018-01-09 21:48:00,2018-01-10 10:31:39,2018-01-12 12:12:34,2018-01-15 15:02:23,2018-01-30,a464ae869686cb502a45df7efd21fa2b,2018-01-09
c83dc126a7ee10b227493835cb8370e4,bd31e43f04e1c26b6e2357fd6657aa59,delivered,2017-02-22 15:32:48,2017-02-22 15:45:15,2017-02-25 06:08:58,2017-03-03 17:19:17,2017-03-23,477f7f182e8da105ba6713c0d5a24f15,2017-02-22
0e78cb0dc0e9e34f24bab8c86de949f1,c94af12e653bc8bd263bb56c2573c36f,delivered,2018-07-29 19:48:57,2018-07-29 20:04:38,2018-07-30 13:10:00,2018-08-02 19:36:45,2018-08-22,e2687b9cea81324d42a8b25b7fe267d2,2018-07-29
de11314f84cd5578a36ab8312ab5b5df,9e5336e351aa9e91f0be9f38f189d097,invoiced,2018-08-03 22:15:39,2018-08-03 22:30:14,,,2018-08-10,e09cb1f5fa66176de2bba83e6a74de84,2018-08-03
924d24dd7c6de024d96e25d4812d65bd,ea5cf2682d61807e35798707c940adc8,delivered,2018-07-02 02:38:01,2018-07-05 16:05:43,2018-07-03 13:45:00,2018-07-11 15:32:49,2018-07-27,a78b060358eb2d9bbd19158b0d542f25,2018-07-02
2296fa4ebace1edacb9f91509766eb18,6982d29c7336cb81ba41937fbf3660b1,delivered,2018-07-21 19:57:05,2018-07-21 20:10:20,2018-08-06 14:27:00,2018-08-07 20:18:46,2018-08-14,d132b863416f85f2abb1a988ca05dd12,2018-07-21
77c23814d1d6e57a273cab3849d8cda4,c9ba9a753b479fc6697bb8aa17883456,delivered,2017-09-27 10:53:52,2017-09-27 11:07:12,2017-10-04 11:37:55,2017-10-11 19:09:05,2017-10-26,f556ac7784b4fb2e823017023245595c,2017-09-27
28bd33366e2139b089b6a34b70176d15,b9fed5f1693cb01eeab168ee4544fa56,delivered,2018-05-11 14:21:33,2018-05-11 14:35:14,2018-05-12 06:04:00,2018-05-22 15:13:22,2018-06-01,e1bb95946c7b570431786e853bec2f15,2018-05-11
440b07cde0dc78d377c42d29845bcafd,2aec0cd4d65938cb0c1693ef25843340,delivered,2017-04-08 21:50:16,2017-04-08 22:05:15,2017-04-11 14:52:28,2017-04-17 09:05:55,2017-05-02,336edbfdd04ef597db813abf11f0714a,2017-04-08
c2744b957de4e6e717f74b47499ce734,d6d2c18db765ea84370d9b33b9e3a006,delivered,2017-06-17 12:22:15,2017-06-17 12:30:26,2017-06-19 20:15:56,2017-07-05 15:32:19,2017-07-13,87ae416cba4fb79b69033a4fbe1769aa,2017-06-17
8d2bf5a428d30fa82c85d57bea01159e,007c76c2ab6101f00798548775dfdbaf,delivered,2018-01-06 11:59:07,2018-01-06 12:09:30,2018-01-09 17:32:35,2018-01-11 22:17:17,2018-01-24,5476fc5a4a6fd7f746b9e0461a585ec8,2018-01-06
87daab525d42b65a8fd0083f652cc9d9,3d81e0983219c68388bc93a067ccf4b6,delivered,2018-02-13 19:52:44,2018-02-13 20:07:41,2018-02-16 18:42:54,2018-03-07 22:04:21,2018-03-12,a8e1fe44841fc2a19044f100aa34ff15,2018-02-13
f4836c9fdf304c98f625b549ea6bbc39,23005111bb3890d6caf375df57ffcf79,delivered,2017-05-11 16:19:03,2017-05-12 02:50:49,2017-05-19 18:27:56,2017-05-24 15:33:52,2017-06-06,a4b69f3f2b0ea381b62b3589d8c47b51,2017-05-11
28ac9e005a274e1eeec0d874ce8e27f9,a6e269f67f64836f3ea089d0cbd3e846,delivered,2018-08-16 16:29:44,2018-08-16 17:49:15,2018-08-17 14:25:00,2018-08-24 18:07:50,2018-08-31,5491b2d821c91fb135fcf80cafd381c0,2018-08-16
ebb5a074406776ad07439bc2049c1fe4,df9e5a16c6e9ff85d78ca7ecc93af46b,delivered,2017-01-31 11:47:30,2017-01-31 12:03:46,2017-02-01 15:22:49,2017-02-06 19:47:31,2017-02-27,d4017905e4548317a2065065c8cdfad0,2017-01-31
9dfd8df84d4f07cc8da0f2fa0fe96075,d207633baa19cb97d98840f8e2814f32,delivered,2018-07-19 17:10:53,2018-07-20 04:43:20,2018-07-24 14:36:00,2018-07-25 17:03:26,2018-08-08,a9967806034d2d782bbcd181db432ee2,2018-07-19
d334b1a2c3f6f0dd083577490b7b6653,822f4e63656257d01644abf5ea76623e,delivered,2018-02-23 15:40:21,2018-02-23 15:54:30,2018-02-26 20:37:55,2018-03-10 14:54:26,2018-03-21,bae8a67212a902a123a9ade086754859,2018-02-23
492f9efcbf108782f4de28d4ad0d4fc3,39cfe3e2499905dd7c486c1629c55f6a,delivered,2018-08-11 20:35:45,2018-08-11 20:50:16,2018-08-13 13:13:00,2018-08-16 21:41:02,2018-09-10,02c10a545b4ff4123a8490cfc32db78c,2018-08-11
e48f28e15158bd10b02972eae44c8e7e,84716102ab4d906f65136c89fca3f0c3,delivered,2017-05-09 12:33:38,2017-05-09 13:10:16,2017-05-19 19:32:55,2017-05-23 08:47:40,2017-05-25,1985ee4e25eee7fc657c6052e733c3d3,2017-05-09
556d7ec009cdd5ae19dad069c808ad9c,d240701e28474e8e538c7665b899f3c0,delivered,2017-08-21 13:47:44,2017-08-24 18:46:35,2017-08-28 12:05:28,2017-08-30 17:05:59,2017-09-11,b9c77ffea1af438962029c7e12e918c3,2017-08-21
d4c1356b86dcc8a86c603174ba27d9bc,5bb44f6a01f1362e3eb39c521d1d1b08,delivered,2018-01-04 22:16:30,2018-01-04 22:27:42,2018-01-10 11:13:54,2018-01-17 22:59:07,2018-01-30,8570811b213ea1b6d3d1acaedd6b387d,2018-01-04
c8955054eff8de46231cb6e2e76b4fdc,1d96907104845395d097a938ba735edf,delivered,2018-08-03 14:22:25,2018-08-03 14:30:16,2018-08-07 11:18:00,2018-08-15 18:42:50,2018-08-30,f855612d3a952dce64bce4c69eafcc4e,2018-08-03
1aaa4f61529fb2b392016a694b437885,7f6c1d60597d2edb5adf63fef310e932,processing,2017-12-26 15:47:25,2017-12-26 15:56:20,,,2018-01-26,b2c5ac31b407fe42051e9228415351b7,2017-12-26
2f394c72b10dd317634e136938cf705d,d09dc997dd8abcba9bba46a33396ce18,delivered,2018-04-12 19:33:36,2018-04-12 19:52:55,2018-04-13 19:08:50,2018-04-25 16:47:52,2018-05-10,f14a9e9c027a984f48e590121700885d,2018-04-12
4a2415018bd75fb37bb24471baa6364a,19d3540bd1618486ffcf21bf260c9b0a,delivered,2017-09-09 22:48:50,2017-09-10 22:55:11,2017-09-12 18:59:33,2017-09-22 19:22:32,2017-10-10,85407fa8d53aededd382ee20b5ddb739,2017-09-09
9333298e9cc54a35f22242a9fc3a3ad0,7268d0d0a96aae2c0a19496f87fa9116,delivered,2018-07-06 21:20:26,2018-07-06 22:10:48,2018-07-10 12:12:00,2018-07-17 01:04:47,2018-07-27,9d1203ca4ca5c0f27f737e9fefca219f,2018-07-06
cd0e2c76047beea6ab6baefcaddb7de2,ffa9497e295ba6787d22775cd3576c77,delivered,2018-01-05 15:00:19,2018-01-05 16:08:57,2018-01-08 21:27:28,2018-01-16 22:27:00,2018-01-30,274add49ab891c9ce9a13d26d64daad5,2018-01-05
d08fd4a6faa8ded70a6af3f2d51eba19,f4cca385564f9511f9fd06ed67b7f947,delivered,2018-03-10 20:57:16,2018-03-11 20:56:16,2018-03-12 18:57:23,2018-04-06 20:07:41,2018-04-06,0185135ffdd866d3a29efa833ac0829b,2018-03-10
05efc756dc2f2fdb4e8e914ad1a73f3c,9893671bef76b7febbec2342704f3655,delivered,2017-05-25 09:31:14,2017-05-25 09:42:58,2017-05-25 14:20:49,2017-05-27 04:42:32,2017-06-19,1f8f96aa48b35fecae89ca2b52dee79a,2017-05-25
c8453f6044a72ced1761251c5edec66e,3e78c59d78945cd8dfa1470b382b1d53,delivered,2018-03-15 01:09:39,2018-03-15 01:29:35,2018-03-15 19:34:40,2018-04-11 18:03:12,2018-04-09,851e841ec4c3142bdfa4e0216749ec90,2018-03-15
46756e8b057947b9f69b5a70f084817f,8a76b80a516da668ff91dd7d197b7769,delivered,2018-06-08 20:39:16,2018-06-12 05:16:39,2018-06-13 10:03:00,2018-07-04 20:26:31,2018-07-11,05d6cbef1ece68d2e6252d0c1c7a79cf,2018-06-08
7afce0931219b60595f42a39594359d5,8e456d61973f2ca2ecce69f15d0af070,delivered,2018-01-15 10:37:13,2018-01-16 03:38:39,2018-01-18 18:35:22,2018-01-24 23:09:59,2018-02-14,e798b1e851221c7b5990408e34b64519,2018-01-15
4cd2c24a3aa066b7a4123005a00cb9ef,984053678c911516cd2eef9c66632357,delivered,2018-06-01 22:21:36,2018-06-01 22:51:29,2018-06-05 12:11:00,2018-06-13 16:41:20,2018-07-17,4ea472e8a806da1db6126a573e4b08d2,2018-06-01
e84484718ecfbc4f6c98105b691b2bd8,1928f2939f8f9c70fe35f0413061fc55,delivered,2018-02-09 07:25:50,2018-02-16 07:50:26,2018-03-06 23:38:46,2018-03-20 09:48:34,2018-03-06,e5b74085b722886353e1bd8aa56f33c0,2018-02-09
e611480872fef0bc9c499596a050c114,4c4ac90f260a26bc63b012f73b711d00,delivered,2017-04-02 19:19:11,2017-04-02 19:30:19,2017-04-04 15:20:16,2017-04-18 13:18:59,2017-04-24,8ec7ef0021e319bf0a72e48a7cb42833,2017-04-02
686aebaf1b0fb4cabe7c6e3526abb6a5,174d8398e18f661e844e419660c4fc36,delivered,2017-08-30 01:32:58,2017-08-30 01:45:29,2017-09-04 17:22:53,2017-09-12 17:35:55,2017-09-25,1fc08d2535901f6cca835ff37558a94e,2017-08-30
fa8fe325f86ee264db13706bd82eed79,d3a44fd152f8d7bf1fc08b3bd710f15d,delivered,2018-08-13 11:55:34,2018-08-13 12:05:30,2018-08-14 14:24:00,2018-08-17 19:01:46,2018-08-27,5219a75dd09b1cf3c7df129fe720365b,2018-08-13
bfc9c6b840e5a8ac6c42347673271b9a,fd9b8c35f091c1ad8569a436e9c0e497,delivered,2017-12-20 11:48:39,2017-12-21 02:11:20,2017-12-21 21:48:37,2018-01-07 16:09:40,2018-01-17,b846a19ce71828a54b2e888c455a7008,2017-12-20
b4b8e8f37818c443dd4c0c48e9a3707d,ca9aab3e58a7f76466087f26cfe4b41a,delivered,2017-09-26 07:59:36,2017-09-26 08:14:22,2017-09-27 14:22:01,2017-10-06 19:33:40,2017-10-24,cd827f7f52b0eb015e6c47ee63c619cc,2017-09-26
16a811fb1fdf869b3b5ab6f91b6f36bb,39e80f37ce682233db7e2474fcdcdcdd,delivered,2018-07-31 18:22:47,2018-07-31 19:40:20,2018-08-01 11:12:00,2018-08-08 19:44:52,2018-08-08,d10c8bcb70ed8f8b0adebd5feb385167,2018-07-31
25ab32ec1b293e1889e29cce8820832f,3f19da611727884c02f38af96ac4c622,delivered,2017-06-03 21:47:33,2017-06-03 22:22:20,2017-06-07 05:54:20,2017-06-16 15:12:11,2017-07-04,d408609e128b1b3b45068861ea6ea937,2017-06-03
354f93e9f4da886ed48d1add590d8d37,85706d8fd13e45bbdd93f89b557e3386,delivered,2018-05-04 09:50:09,2018-05-05 02:13:52,2018-05-07 15:05:00,2018-05-11 14:43:39,2018-05-29,f41497372beabe3d20481a43672ef2d7,2018-05-04
f8e1b50625c5fd41815f3af6e9dca501,3a5baf6be1884d05285d72325abb7a0b,delivered,2017-06-13 21:21:05,2017-06-13 21:42:34,2017-06-14 13:58:17,2017-06-22 14:34:35,2017-07-04,11c56043a6c01cba8fafdc636d1dae4a,2017-06-13
622596b79ec52eb416560462950da160,2994945ab3a708f77ffd9fa49fdee96a,delivered,2017-07-25 14:38:26,2017-07-26 15:25:20,2017-07-27 17:35:07,2017-08-07 18:37:53,2017-08-18,d420c86c05f4c403405f4fcaca1616b1,2017-07-25
8c46303a8d94eac65d84d4e8b500b65d,a3bedaaf2a73a0804292e8b3e5f7ed93,delivered,2017-05-24 14:14:36,2017-05-25 14:22:18,2017-05-29 09:55:40,2017-06-06 09:47:40,2017-06-20,77f14d999f0f8e0fcecf40c04beb552c,2017-05-24
3891073d9934c3bc761f151f90f1be17,6079c3b58285934faf0232a354b2c0fd,delivered,2018-07-23 21:40:54,2018-07-24 21:35:20,2018-07-25 14:13:00,2018-07-30 17:28:47,2018-08-13,be89a3c2ddbe23c21a4b437bc7f8a54c,2018-07-23
d3799717df1e5cb9074eda9ecbca747f,3b8cf328ece322eb798b8d553fa4a475,delivered,2017-12-28 17:13:29,2017-12-28 17:29:39,2018-01-03 17:26:45,2018-01-05 20:28:37,2018-01-30,bd26d294063109e250073d257d7b4ec1,2017-12-28
339e87a91e00231ddda7d5b3d7941ab2,a67d36d9048a871826a5aef5aeb7678a,delivered,2018-03-05 15:50:11,2018-03-06 03:49:11,2018-03-08 20:06:39,2018-03-17 13:24:45,2018-04-05,295a4623e709e63b30995101718ee775,2018-03-05
d29214dce21d4b2122fb3c01ae4f97ad,4a502d5a28b2fa68c06df518a308ae75,delivered,2018-03-12 20:52:05,2018-03-12 21:47:41,2018-03-14 02:08:39,2018-03-27 21:33:12,2018-03-28,e4b3e45ac955d17778da4106ac255288,2018-03-12
cf1b24b9c3eb7257436b2e7b176444a8,394c35ecce8f2fc1cd69d1eef55659db,delivered,2018-04-04 09:25:30,2018-04-04 09:35:20,2018-04-05 00:27:26,2018-04-10 16:38:39,2018-05-08,47875c5a4c68a629e1b81e551fa564f6,2018-04-04
3c4401b17854071a9f4cf7a4d017fe3a,b62588dde27339b3398ae926c807ea8c,delivered,2018-07-02 21:10:53,2018-07-02 21:30:20,2018-07-09 12:42:00,2018-07-12 16:43:39,2018-07-31,673cecc7c7afa1e54c12316ead7e0fa3,2018-07-02
d6d776b7130d34ea8a790c28a69dc2a8,9f1fed9d7e1e7cad76305ddd58f21815,delivered,2017-11-15 15:32:12,2017-11-16 15:30:26,2017-11-17 20:41:22,2017-11-28 19:02:27,2017-12-08,66a3c167e4b4e22b6ab286de28644737,2017-11-15
b2ec9793219a396874af11e39d08f183,e7593e9ae8506f9fe772e3c1af78ef49,delivered,2017-10-20 21:24:10,2017-10-20 21:49:24,2017-10-23 20:09:26,2017-11-07 18:57:59,2017-11-16,75b069f3db2bafb5dc7bb4004b7baa1a,2017-10-20
4679373170bfd9727d75f2cbefa4a50a,1068a136fe0b6afe3b4458d8c599a74d,delivered,2017-10-27 13:13:32,2017-10-27 13:31:33,2017-10-30 18:38:38,2017-11-08 22:16:36,2017-11-16,3d27c1531b803fa53d84ad3f26eb281c,2017-10-27
05df1c1ff1b3e0ba073493d2ca0bdffc,9f978a12f447c1d1e426f473f95983c8,delivered,2018-01-24 10:21:52,2018-01-24 10:32:43,2018-01-24 18:43:32,2018-01-29 17:04:16,2018-02-16,9562d61f69da68125efdb3fb770ce0c8,2018-01-24
c1547b9ad031612f2446bf9ad43a0716,27abab603d7f81ac30a4e67df6d81aa1,delivered,2018-05-10 08:43:56,2018-05-10 08:55:49,2018-05-10 14:37:00,2018-05-12 13:05:18,2018-05-23,5709900c6ded8af6dfb28b043943368d,2018-05-10
897eeb6af4bb0e9611c898a81a87ed34,1d405f8af09a60e4b409fa2ff9bdac35,delivered,2017-03-03 15:25:02,2017-03-03 15:42:08,2017-03-06 14:41:09,2017-03-09 09:37:37,2017-03-23,94600bfc9b8ac043b9c7670369e670a0,2017-03-03
4fe85ba34d52bb088ed6dc9a821d84fb,b25aa764e6323ef0d2ec25994df073bf,delivered,2017-03-13 23:37:05,2017-03-13 23:37:05,2017-03-21 09:55:13,2017-03-28 14:27:27,2017-04-04,d7768ff050b061e504e26cf4ed8a006d,2017-03-13
c77d22c73940d5b180371f024df0a132,b2ae058105db313dcbb7dbe97fe20af7,delivered,2017-08-15 16:33:34,2017-08-16 03:10:19,2017-08-17 20:06:50,2017-08-28 17:27:57,2017-09-14,8aa5860694ad08bafb8502e1911f4c2f,2017-08-15
d8e47a9014bdfe7e7d0d26b8a245d785,d811f93b6445bda2c5efbe61b0d881cf,delivered,2018-02-05 22:09:55,2018-02-05 22:30:08,2018-02-06 17:53:11,2018-02-08 21:53:15,2018-02-21,86b51c95aa155d9e55dbdf75c891efbb,2018-02-05
db838ea71c3bf3d4822172739b7098b1,9bb6b1aa6ab126257823c1c2146567cb,delivered,2018-02-04 18:19:37,2018-02-04 18:30:19,2018-02-06 22:45:39,2018-02-26 20:52:51,2018-03-05,d2445c09bb5b6ad47444bf63e6098fcf,2018-02-04
94af94e55976f5fdd5048f5166123639,a886076b68135034ad8b4b3cfa8efdb0,delivered,2017-09-19 18:47:18,2017-09-19 19:04:27,2017-09-20 19:43:19,2017-10-06 15:57:32,2017-10-05,96f5df0366df128842849c1d0514bc7c,2017-09-19
747517fa441ebfa91a5cd254702353ed,3170d89b96f61be4fd054833a50a5a53,delivered,2018-06-21 15:01:12,2018-06-22 03:17:18,2018-06-22 14:01:00,2018-06-26 14:36:57,2018-07-17,d523c182c82e9c877008febba9655e67,2018-06-21
5f19271c1eb0a8eb0a1efed995df752b,0551b1b0b246b2433f94f989661aea95,delivered,2018-06-26 16:28:03,2018-06-27 08:11:38,2018-07-05 09:41:00,2018-07-06 12:34:40,2018-07-24,8cec0fae588fbd27984abcec9ba0bea6,2018-06-26
455bef37f8ae2d5a8d99c72a6ffdbb6e,b5c5be1de00553c776989382afa26cef,delivered,2017-12-10 12:44:44,2017-12-10 12:55:54,2017-12-11 22:28:39,2017-12-29 21:54:51,2018-01-09,9980000a70dc1fe2c480b353bec7f470,2017-12-10
4ff9ab070e81af8af428c889cc08b06d,93fc0432389c6def75468710aac29efc,delivered,2018-07-20 21:22:26,2018-07-21 03:25:16,2018-07-24 13:19:00,2018-07-26 18:31:43,2018-07-30,92ff4b5fdcf9c55dde20ea759d5faa54,2018-07-20
f7b96bbcf705300fbb449595521d470e,3823b172dbd6ec254c91d9b6ff2f1e74,delivered,2017-09-12 00:06:46,2017-09-12 00:15:09,2017-09-14 13:33:36,2017-09-25 19:37:35,2017-10-02,3f49b7681de866bd7994878a71f6e97d,2017-09-12
6c16d886be4fe03174a289a4ca70a775,780b36c3e066c0251df695c5ce83994e,canceled,2018-06-05 15:06:16,2018-06-05 15:31:39,,,2018-06-29,4e1567240be3d719ba5c79afed039693,2018-06-05
c5e30f4818a17e20a66b7277cd2eda07,4607b5869fcea2fc6ffa85f57322cf8c,delivered,2018-07-14 21:56:15,2018-07-14 22:05:11,2018-07-16 12:55:00,2018-07-24 04:48:39,2018-08-15,63090a16cf5072baf04479c8adb04a46,2018-07-14
2c4ada2e75c2ad41dd93cebb5df5f023,363d3a9b2ec5c5426608688ca033292d,delivered,2017-01-26 11:09:00,2017-01-26 11:22:17,2017-01-27 14:59:35,2017-02-14 16:24:01,2017-03-07,d8bee9ec375c3a0f9ef8ed7456a51dcd,2017-01-26
bfa69a49568b6a506bd99efd224056b6,ffbbb95cb0540341b9900df515ba893e,delivered,2018-01-09 19:41:12,2018-01-10 10:32:19,2018-01-10 22:30:25,2018-01-17 20:30:39,2018-02-08,7a729b3ba2d33689c3c7614df123f865,2018-01-09
79b57d07c97ba24547cc8ec969785e64,8e9920ee9bf66ba4cf4107cfdfa61c40,delivered,2017-10-10 18:57:45,2017-10-10 19:14:11,2017-10-17 19:13:06,2017-10-20 15:55:09,2017-10-30,5dd53211751517b8795ffd30fb47ce00,2017-10-10
4c8519cf81f11a547256d84f97e82594,bc397c0f4a4ec217c911dadb0b9da61e,delivered,2018-03-21 16:06:48,2018-03-21 16:15:35,2018-03-23 17:51:42,2018-04-02 14:22:31,2018-04-10,d0145502f422d4a9387f75186674f29a,2018-03-21
463f34a9bee899d2d1f5f08af0c86d06,9d251ecab0a3f11908e5e048e5e14112,delivered,2018-01-13 10:27:57,2018-01-13 10:38:29,2018-01-16 01:28:20,2018-01-19 18:26:41,2018-02-15,0f370859ed2f5e5c3a26afe5fbad885f,2018-01-13
8e0e3b77770b10f595b5c27e62efd4e4,ac0d00f96a6aacf450f7760968d811c9,delivered,2018-06-01 23:40:02,2018-06-01 23:55:08,2018-06-11 14:16:00,2018-06-12 21:14:43,2018-06-19,c170112f1a61a5f02ae9ba985847b58e,2018-06-01
bc1b0a5ec1ab0ef72c28325275a2f908,f020929f0185d1b87ca711b997696c5a,delivered,2018-08-09 08:10:08,2018-08-09 08:50:25,2018-08-20 16:16:00,2018-08-27 14:56:49,2018-08-31,821f08dc4dc701d18c04761ad21a1359,2018-08-09
fe73ff32d6e2028f4dcb6afb715e7cf0,d38c046c870e2b8c4ef837d1579276ce,delivered,2017-10-27 19:31:19,2017-10-31 04:10:10,2017-11-06 12:19:11,2017-11-20 18:42:09,2017-11-22,ff2eeb9ac16da8f42e8dcff6ddcd9c42,2017-10-27
2e3e34bd9284d4ff8e51142c7c70d144,1b0c2dd1418689199f6f7332f7a96e26,delivered,2017-09-21 10:02:36,2017-09-21 10:30:22,2017-09-21 17:14:16,2017-09-29 17:58:42,2017-10-18,429b70f67d8406d6c0779b6e16f5ca52,2017-09-21
dac85d3cab0888e36afc2fdc41ecf316,2dcab4404892ffbd359bab47cb5898d8,delivered,2017-12-11 19:17:49,2017-12-13 19:12:23,2017-12-20 14:12:57,2017-12-21 19:05:33,2017-12-28,8e63d2582839dff07d4236b0c97ef780,2017-12-11
7416b68f6acd9fa1b73d37eafcf94975,0a51c8dc5002bbeb689ecf79406d1463,delivered,2017-12-09 13:39:06,2017-12-12 03:37:37,2017-12-18 21:52:46,2017-12-27 18:33:50,2018-01-08,0a03bcd725fb6d109ac5cffe3fe3556f,2017-12-09
7ed504f74d87e1d685166f9fcc73eeeb,a57573454880bafe84699ded0715ea5a,delivered,2017-12-20 13:13:28,2017-12-20 14:31:35,2018-01-02 13:14:19,2018-01-08 21:37:13,2018-01-29,79fb8bcb35d97c35f40f26799d885d6f,2017-12-20
316f68b737bb9d1e24ca9a1d4de6f352,298aeb3893e2ab07eae2950da9635e0f,delivered,2017-07-18 16:33:59,2017-07-18 16:45:12,2017-07-19 22:57:21,2017-07-24 20:54:35,2017-08-09,7eafe82893dd532dfca83b213e98981b,2017-07-18
e27a78bc8f647d6ce9c8b295bada702d,b44685cad72c65c19493d724131eef10,delivered,2017-11-22 22:21:32,2017-11-24 03:11:28,2017-11-24 19:48:35,2017-12-02 15:17:57,2017-12-13,de54961f9ae90d8b5db5e429947a04fd,2017-11-22
72683b144c2feca63881b49b5afd2bc4,61c13a14055ae790011592fbbd0a4f2e,delivered,2017-08-17 00:19:34,2017-08-17 01:50:50,2017-08-17 17:13:10,2017-09-04 21:03:00,2017-09-21,06d610825adb0c6137385eb866026d46,2017-08-17
45c9dc054d45b20502714951e49729e4,3621507d73438a6c5035c3fd631b7a92,delivered,2017-07-13 09:58:38,2017-07-13 10:15:10,2017-07-14 15:41:42,2017-07-21 18:09:44,2017-08-08,ef842da0c0795e0a857398995dc3988c,2017-07-13
74f5165a6e6e8adda316b90e58856eda,44aacc0f416f18e5e9e313adcdbb1cde,delivered,2017-06-16 23:31:25,2017-06-16 23:45:12,2017-06-19 16:10:06,2017-06-19 20:11:47,2017-07-04,1358b671f0c5c0d33f02c8329ccf08b0,2017-06-16
e0429b09a7ddac2d49e09ccdb6d95e59,ff1acf503bdf96c225e4dc499dac6954,delivered,2017-11-25 00:25:16,2017-11-25 03:12:26,2017-11-29 23:13:18,2017-12-15 20:15:58,2017-12-26,2733b02828ccc30fa2b580bd68a7490d,2017-11-25
451d82f07a1528cdce26398f1f04f8f7,51f1ef966d93ed18b593af1a76438594,delivered,2018-03-29 09:01:09,2018-03-29 09:15:12,2018-04-02 22:38:36,2018-04-10 18:49:07,2018-05-02,4bc108637733325cca15daabde296982,2018-03-29
5c938587fa6333223164d94333986fa5,41999e8297f687f4f7d04352ac195afb,delivered,2018-02-06 11:22:03,2018-02-06 11:35:48,2018-02-09 19:53:27,2018-02-16 19:16:44,2018-03-05,4534beedba2b17d1797e4724ad40df9c,2018-02-06
ade1addf11409e56553de1a62a3d358b,9f9196d6e6d1d0620a8c3ab6be9c255a,delivered,2018-01-06 15:54:07,2018-01-09 14:57:37,2018-01-11 22:10:52,2018-01-23 12:54:06,2018-02-09,81db39c1996977be31608d61dd834b69,2018-01-06
26c883d125f63d8f73de0fac7be06290,2be026e09fcd2b3b24f4ff18636229ca,delivered,2017-04-06 19:02:37,2017-04-06 19:15:19,2017-04-07 15:45:17,2017-04-13 13:50:08,2017-04-27,c37449d8b51eefa148cd87b2c605a1c1,2017-04-06
cd1ddd0a998b40f3335a4b6d9af53e7f,e283981fdc7530910844d1c8ccd4c9f2,delivered,2017-11-18 20:15:56,2017-11-18 20:30:39,2017-11-21 12:11:24,2017-11-23 18:02:47,2017-12-01,bfaf9fffb568b37a0c01e1d317577b5d,2017-11-18
c09b9192c720069e6bb07a007f8db6dc,f6e3de4885d7c1fbafb04a33e6bb74b8,delivered,2017-12-06 14:44:14,2017-12-06 14:55:21,2017-12-07 22:38:56,2017-12-08 20:27:32,2017-12-22,5cc29f61999520f54fcb99a5656c37b9,2017-12-06
544250ab4d14beef8f5e85c91ba932dd,a9c4afe35d4118f574a3173117e1a3a8,delivered,2018-04-22 22:49:01,2018-04-24 18:30:52,2018-04-24 17:18:46,2018-05-02 19:14:48,2018-05-21,3cc893cf5b4d65901081b898cc87d4b0,2018-04-22
e3ce941c85b5ae1ae2862a7344cbb845,d4497f33b4918074382d13f3999924cd,delivered,2018-08-23 18:27:44,2018-08-23 18:44:43,2018-08-24 13:07:00,2018-08-30 00:22:43,2018-09-11,9d63b836c63ed4ceaace112a3ec78f07,2018-08-23
e72a5280a46ca876b0fd05c1a1ee605c,e27a8cc9ed6af44e996a710cc9c09565,delivered,2017-09-13 19:56:29,2017-09-13 20:10:21,2017-09-15 17:57:56,2017-09-21 16:23:33,2017-10-03,1008b3f31c6a196efdfc4c1300b72ffb,2017-09-13
530b947c3a33112e9d1b807557aabe41,4576c33f528da318e87dc01cf7504004,delivered,2018-07-07 12:30:28,2018-07-07 12:45:51,2018-07-10 14:55:00,2018-07-11 18:44:38,2018-07-26,17866dccb16c944a857ae7b9447642f4,2018-07-07
33a08d5c54f24e209c3a1c2c9fc40c97,105abb3ec467cc6585a53923bc5be40a,delivered,2017-10-10 09:41:58,2017-10-10 09:56:18,2017-10-16 20:37:41,2017-10-19 17:15:33,2017-10-30,023a46a22f869dafae9c900b45b8622d,2017-10-10
602cbc1dba09db685a591cda4cb07c56,42256b3d3c167cddadd57ddbf9339f7d,delivered,2017-05-27 19:49:09,2017-05-27 20:02:06,2017-05-29 15:36:54,2017-05-30 08:46:43,2017-06-09,ca55f9ebddc988ee65f4dea1a93ebc98,2017-05-27
bdd6b2438d59a554a92624258e321354,925055020d3da2a5a903a5c08e0accd9,delivered,2017-10-10 13:55:30,2017-10-10 14:41:27,2017-10-17 19:59:57,2017-10-21 11:55:21,2017-10-23,844a1fd1ed142ec9cd2979e0e77784f5,2017-10-10
0cdc74fe3f18369cdc397f87a9c4a737,093afa5e2f16785b06a54179fdc986c2,delivered,2018-06-04 07:55:31,2018-06-04 08:10:18,2018-06-05 13:48:00,2018-06-18 17:51:15,2018-07-11,b6e4d8aa8df3bd5ce682be0ef338e5da,2018-06-04
80b822f372e31deefa128214a3380eff,5636e32c90d30cebaeb91ab447abd96b,delivered,2017-10-19 14:36:28,2017-10-20 02:56:41,2017-10-23 15:29:03,2017-10-27 18:38:42,2017-11-09,1e4fbcb877326ab9d4ca496a8687e6d1,2017-10-19
71c0d1686c9b5556355dc29a0f5cf8dd,076523f7baf4359c0728c0bee2d8ccc1,delivered,2017-11-26 19:11:20,2017-11-26 19:33:42,2017-12-07 22:22:48,2017-12-12 18:05:54,2017-12-21,b525fc8cce07342fb00ab3b2667c8eb9,2017-11-26
120b19c8ebbbe34df59e157f3dd1f0c9,a7cfe529b92621417a30967e7e4d5c3a,delivered,2018-08-03 08:38:13,2018-08-04 05:05:18,2018-08-06 13:41:00,2018-08-15 19:59:40,2018-08-15,cad348ab851ffe1d696529e392ea1823,2018-08-03
f1c5e5967b0cd0144bd3b56958f7da43,af8172141c0b941edc73d75ad7264d84,delivered,2017-11-24 20:40:15,2017-11-25 05:35:43,2017-11-29 15:23:06,2017-11-30 12:18:46,2017-12-08,ec158a6c62c1097f7ed70bb07b837bde,2017-11-24
c6af04c6a72b5d587a620ad29c41dcad,b8413f7f4483d2539434ada199471a33,delivered,2017-10-27 09:51:37,2017-10-31 03:50:20,2017-11-03 21:55:56,2017-11-16 22:32:34,2017-11-16,f94b83157ce2162d5eabd54f242d6065,2017-10-27
ae0c703b9ca19474ade7bec18099ad7f,472a39839e3ad5a790edb3721639caa4,delivered,2017-08-15 20:28:18,2017-08-17 03:06:09,2017-08-17 16:08:38,2017-08-30 18:42:06,2017-09-12,0a6fc943eff81607725f73d22f5eb577,2017-08-15
824a8fc017adc80f979335a8477eb7cb,e7e1263e931c8df1462ecaaf16ead4a3,delivered,2017-11-28 10:49:39,2017-11-28 11:49:50,2017-11-30 22:09:42,2017-12-11 20:57:43,2017-12-20,d0eb97bf1d2682c66046b50cd3078e72,2017-11-28
3942129663d1d1392c8da657a08422a4,5d2ec729a53068e4a9a9d1ab4a428d17,delivered,2017-12-12 09:39:09,2017-12-14 09:34:35,2017-12-19 23:27:57,2017-12-22 23:05:56,2018-01-05,88a5a7f256b418b0bd27e935ace8e572,2017-12-12
a6fa6ddceedb5ea6477c3660ccc379d8,682fb73a1af141803c7d70c084383dcf,delivered,2017-11-24 20:15:57,2017-11-24 23:33:05,2017-11-28 17:32:43,2017-12-26 17:27:05,2017-12-18,052e60ea292ebf02bc649c2713297a90,2017-11-24
5635c4d926a70f077059cfbc66700181,73a888920ff9b346bdee4b1fdccde84f,delivered,2017-05-12 12:16:26,2017-05-12 13:06:35,2017-05-13 10:12:09,2017-05-23 14:26:38,2017-06-01,1cb19c768aa3b18465cd7c6a4a8fcd31,2017-05-12
5546e31c47b50234b9ac599f2f8c0061,b7edcefe737a2bc9a92eaf9feb81fb93,delivered,2018-08-08 15:42:36,2018-08-08 15:55:12,2018-08-09 12:34:00,2018-08-15 18:56:39,2018-08-23,77c1de9fc5e7838eeed8e2b258db2e20,2018-08-08
ce002f713509a834a878215db407ac2a,cb3dc88abcd9449e027ecc9752ffc775,delivered,2018-01-13 17:41:56,2018-01-13 17:51:23,2018-01-15 23:42:15,2018-01-23 17:43:23,2018-02-08,77ae20566a2c220fffc77a47d8591fea,2018-01-13
7f76cbdccae790b41d0c10e5734c384e,d141bef69235870b48ba805820c3bd6d,delivered,2018-06-14 21:01:57,2018-06-15 02:17:25,2018-06-21 13:20:00,2018-06-22 19:36:27,2018-07-04,113be25dead22443bbdb71746e2983d3,2018-06-14
b08a2ddb1cad0292d6855409d06cee93,4ed03ec6b6bb0f578528c56059228081,delivered,2018-03-19 15:59:10,2018-03-19 16:16:03,2018-03-20 22:37:42,2018-03-28 16:26:30,2018-04-10,b6c0f93df0a41ca52c0b590f50493925,2018-03-19
64a0069bcf4240b9246d1f9b7ed61825,83b89cf9c779a9cd373086ac6bfe4216,delivered,2018-07-25 20:18:53,2018-07-26 03:15:07,2018-07-26 14:59:00,2018-07-28 00:03:39,2018-08-02,90cc5067067bd4540ec8d22fa3208b92,2018-07-25
53e92c6a182704806c0b00b02f89ad32,35912908cb996d4e7f287edf06b1c8f2,delivered,2017-08-04 15:17:18,2017-08-04 15:30:15,2017-08-07 15:49:45,2017-08-28 16:32:47,2017-09-08,2ff1b818fb048c44dc6629f013cceae6,2017-08-04
30e2d11b0cffddca576aea4e0a1f54f7,2a8afd4e0b4e479e397ffd48f618083a,delivered,2018-02-09 17:01:48,2018-02-09 17:15:42,2018-02-14 19:53:11,2018-02-19 20:29:08,2018-02-23,dfee3cc1dc586e9da95e7579be5416e8,2018-02-09
8e6f75525b0560b96f0391f462dbb959,2edde661dd127e32120fa7270da3930e,delivered,2018-05-11 15:18:55,2018-05-11 15:37:59,2018-05-15 15:39:00,2018-05-17 12:03:18,2018-05-22,63d008a30add115923da1106e88a11f5,2018-05-11
cec9f2d01230a5ec8b92b222bdcb3c41,1fbd8147176eca1835aa64b2f0e5e32f,delivered,2017-07-01 00:15:30,2017-07-01 14:43:45,2017-07-07 18:23:14,2017-07-17 20:33:40,2017-08-02,ece666ce869d4ab864a296b4f279525e,2017-07-01
9a9005e225c09281c29a530f65db93bc,ae3365d8ada0959db3ef7f3567112b78,delivered,2017-08-31 19:52:38,2017-08-31 20:05:14,2017-09-01 18:49:58,2017-09-06 20:13:55,2017-09-20,413953669babc67fd371bb95cb892bbc,2017-08-31
2e8a59579f027832343436a97c22499b,4dcdb96c4c889577e5b04124b6ce5cff,canceled,2017-09-08 11:19:09,2017-09-09 04:45:14,,,2017-09-20,8cfb20eff1ce8185a15ab1df1a8969e3,2017-09-08
47afd7b910ff2244e70dcaa59937755e,68931e60997eaddd5fb1192e138522c6,delivered,2018-02-10 09:55:54,2018-02-10 10:08:22,2018-02-15 13:55:22,2018-02-26 17:12:54,2018-03-07,2a7d85151b3c2c24f049134f03e785d0,2018-02-10
940fe99b486fcc37068908e4ca885d03,206aeae1efb26ffc5afbe8787ceb542d,delivered,2018-05-09 23:18:53,2018-05-09 23:33:31,2018-05-10 12:03:00,2018-05-30 16:48:32,2018-06-20,d37992dffa75015b8b5db9b845ffb432,2018-05-09
a18a3d5f4d2f4c8c71503ed2bcf3ca7e,7f6ea1a57ef2691275b59aa3322ee717,delivered,2018-06-28 15:53:19,2018-06-28 19:15:11,2018-07-02 12:56:00,2018-07-10 15:39:41,2018-07-27,d12c2a88942a00137ad3edcf3fe2f888,2018-06-28
48a957d6e7477f9bce68d7b419f91515,65adef7e4ef013761f164a5ff231a139,delivered,2018-06-08 22:18:12,2018-06-08 22:32:38,2018-06-11 15:08:00,2018-06-14 21:52:34,2018-06-28,414309e4d7597d0766fb6b030a164fb4,2018-06-08
469693e7d8d566a64be410892965da82,13caae43704d2c300744a001d62b04e0,delivered,2018-02-24 15:35:00,2018-02-24 16:27:05,2018-02-27 22:48:34,2018-03-06 16:38:27,2018-03-21,4f19dd7e1d2cb10b99c23cce1b47222a,2018-02-24
623ad958e8a30b32e7b64d28aac09059,d25b289dca5da7b5bc3781ddf068270c,delivered,2018-06-13 20:42:34,2018-06-13 21:00:19,2018-06-15 12:10:00,2018-06-23 14:21:30,2018-07-20,e54f6586beffb984205c5c8af985848b,2018-06-13
ac3b0c224349e4ca9a0b0f2e8fbc4c75,f444bb4bffe058f24c3b5b5a0c0f46b6,delivered,2018-05-16 04:47:08,2018-05-16 04:55:11,2018-05-16 14:15:00,2018-05-17 15:06:54,2018-05-28,03fd9f7966e4ffe00c2ca9705132171b,2018-05-16
a8a737a6c936da9f10807e4c4262da72,48f7707d8436ab3d8549abb02f4715b1,delivered,2018-08-07 16:58:43,2018-08-07 17:10:19,2018-08-08 14:32:00,2018-08-17 06:43:42,2018-08-20,5fce3567a69e158290a6d73138f4f69b,2018-08-07
ada8c993c9ef5f3e6705c9ea4af1a1d9,e5774bc03685e61b1a33c24e43e28a3c,invoiced,2017-04-24 13:37:12,2017-04-24 13:50:22,,,2017-05-18,9049685052da8ea435727689c67b81c9,2017-04-24
4331b358b6444eb8646111a7e7ee41a9,2fe41af4567a61030ca34a12594e0316,delivered,2017-08-22 11:32:57,2017-08-23 17:33:34,2017-08-24 14:14:00,2017-08-31 16:12:28,2017-09-22,b24c2da84afc32beb53ace42670b8aa4,2017-08-22
383adbaf853206e2dea04ba16c94f20a,d666ef2c560cf609bd8e19fad99350b4,delivered,2018-08-21 19:18:15,2018-08-21 19:30:21,2018-08-22 12:53:00,2018-08-28 17:18:52,2018-08-30,82c973ad1c212a9ecfb6fb8180cb1e75,2018-08-21
2c8ad966b56668262728f44fbe18c4f5,1deefde8db592ffd43422b02906baba6,delivered,2018-01-29 10:42:17,2018-01-29 10:54:34,2018-01-31 22:47:05,2018-02-09 22:51:17,2018-03-02,cd97905ffc60caa816c781d38b7e3d71,2018-01-29
edc07d2563b2d10bdf1a0376f65b8f76,acd35d862cfc0c1741ab3d368c4d341b,delivered,2018-08-01 21:40:21,2018-08-03 02:50:29,2018-08-06 13:29:00,2018-08-09 16:48:54,2018-08-14,be7c06fc301ff03be9fee2634cd304ba,2018-08-01
0f91be4a9bf9ffd2c1ace53b9e5dd9e2,3dd2f8a8b58ffd06e8bff60f30b84f91,delivered,2017-01-18 02:01:36,2017-01-23 16:43:02,2017-01-26 14:44:01,2017-01-30 11:04:23,2017-03-02,6cceb051264e3bac0ac2a98182eba14f,2017-01-18
27687629d1e64c201354bd2599e86782,b01592e974c5b73b5adc1cafc1ebb7e9,delivered,2018-05-22 18:47:34,2018-05-22 19:17:09,2018-05-23 12:23:00,2018-06-04 14:55:57,2018-06-11,2d51fb14470de565e7930d56becb3f45,2018-05-22
857a0b439aee4a14bebfef2ed3cfa26e,0445283ab2d69419d518a3b1d82092c7,delivered,2017-12-18 10:18:28,2017-12-18 11:32:05,2017-12-20 21:38:33,2017-12-26 18:29:12,2018-01-11,5e0e7a85d1e428267ec4904737d1fc13,2017-12-18
f294439a6719ccac91b6e2f25088dd1c,25c66955a6eb1e7d7e4c1f9130fccd6a,delivered,2018-08-14 11:25:54,2018-08-14 11:50:51,2018-08-14 11:37:00,2018-08-21 17:21:20,2018-08-31,b6b383e45af4044c22f3c17e3d0e2a6c,2018-08-14
aba142e1b0636b0e443cbe4ce0a93e43,ace9efacd99682fd1afabe6bb12b8024,delivered,2017-06-25 20:11:15,2017-06-25 20:23:10,2017-06-28 16:41:47,2017-07-06 13:52:45,2017-07-25,39d909e7e144641e0bc9e6e80796d6eb,2017-06-25
ef69d6f02be07ca6809eb8262e293157,40695e92613f8b181d9137e6491402e9,delivered,2017-03-17 13:22:04,2017-03-17 13:22:04,2017-03-21 18:28:04,2017-03-27 13:30:05,2017-04-17,6b45fae726b27f64c4c5f6ce1564ac3a,2017-03-17
fefecf93dec36efbfb0155b5db427db6,f035bca183a9850bcb629a58a365b70a,delivered,2017-02-22 19:49:48,2017-02-24 02:35:21,2017-02-24 12:04:46,2017-03-03 13:47:35,2017-03-29,42941122a51217f5655ea959b31ef18b,2017-02-22
7f5251463f48903ab101223e0021afc6,bf002650fd2a89537a05beb56357327f,delivered,2017-11-08 16:37:20,2017-11-08 17:30:48,2017-11-09 16:54:45,2017-11-16 15:51:46,2017-12-04,524afe842d6b1220e2067a40157e09f9,2017-11-08
3c23f03a52f26c926ec48ffa9bdd82f1,6b4181b03448813620a39cf169871ab4,delivered,2017-05-31 16:51:41,2017-06-01 03:50:19,2017-06-02 11:15:49,2017-06-16 15:17:49,2017-06-21,3d893c1bf392ef009bb06a0dcf5c6fa1,2017-05-31
e778abcc21ac8c885cf25e865e3ac49b,d4911eb6b6642de30488f78e70a9fe5d,delivered,2017-08-07 13:09:57,2017-08-07 13:23:30,2017-08-08 16:09:08,2017-08-09 18:24:29,2017-08-18,e026ef170c6c747799d77de7b6eacc93,2017-08-07
e373430e08d5873c363c0b4ac5a28045,18e4cf8ae0545fde9da9e42f9b4e9d90,delivered,2017-08-13 19:08:25,2017-08-13 19:23:56,2017-08-14 20:24:39,2017-08-21 20:57:31,2017-09-05,95141b8a36c0ddc471a1c4e74d0c197f,2017-08-13
1c7fe02ac4c7be50c59afb295cf85b89,20a452f528d487411fd7d3ebda1d0f20,delivered,2018-01-26 13:22:09,2018-01-30 03:47:31,2018-02-09 13:17:44,2018-02-20 14:18:51,2018-03-12,31318a0597cd9d50ce4cfd03c80fe780,2018-01-26
f11d659584813daadb19252b9659a670,9974e59c3f6c8186342935125184d014,delivered,2018-03-04 15:26:54,2018-03-04 15:35:32,2018-03-05 19:23:07,2018-03-21 18:48:50,2018-03-26,90f0b71981e1b1804ce0a4e267381ca3,2018-03-04
ba7243ecb3b63c80579ba1d4c34e277c,9e7bf73e5f989fb8530281d93a6faa0d,delivered,2018-06-21 13:37:25,2018-06-26 04:58:56,2018-06-27 11:27:00,2018-07-04 18:48:18,2018-07-20,897ecc46977d723a6e514f3ebe92c844,2018-06-21
d4b0a5abcc91e1b1300743ab94ab1fcf,7f0eb06f3d665e1f3de64301a663056c,delivered,2017-11-12 12:09:53,2017-11-12 12:26:56,2017-11-14 19:47:09,2017-11-21 21:53:05,2017-12-05,65413463e8c6b0f33e29e18bebac31db,2017-11-12
f73eb3272fd7648a3f673c87768d61a3,f474e4ad031e0c93db5b6c0f64da1659,delivered,2017-08-17 07:33:58,2017-08-17 07:45:09,2017-08-18 10:23:56,2017-08-31 21:45:52,2017-09-25,d779ad887927d1ccaf9ea59237b7a738,2017-08-17
f64c7fd99793f1416dea0acbf3d9892f,cb1134effa844529035effe06a2ae01d,delivered,2018-01-23 20:22:31,2018-01-23 20:39:24,2018-02-07 16:51:55,2018-02-14 21:35:48,2018-03-20,b5492cdcd2cb70885607dd676780ac77,2018-01-23
048e579f89c9b3ca9a05550876740754,e87d6c74cdba01997d0d19d4c8941c2a,delivered,2017-07-25 19:23:14,2017-07-27 11:45:11,2017-07-31 16:41:59,2017-08-08 16:04:09,2017-08-17,fcd2399004734c0e2c996479b1cdaf9d,2017-07-25
b81fc2a4875952a72ef06b533847377e,95e3388b5dcbb48857ce7d634e15ead3,delivered,2017-07-31 09:08:39,2017-07-31 09:23:03,2017-08-10 16:37:26,2017-08-11 19:19:38,2017-08-11,bba7d63521ea0c1e114d1afc1f14b7e2,2017-07-31
382447aa0ebf13393d646287fed13df7,a52974bc1deaf9058f66e8b8a5f16f05,delivered,2017-02-04 23:16:00,2017-02-04 23:25:14,2017-02-07 16:45:08,2017-02-13 10:19:00,2017-03-07,7e77959090a7a38cc5b3acecc1f00c0b,2017-02-04
287ef6e54574f46625b43dc4c5d5078b,83dd278da57d8a6065e06d3bb547bc91,delivered,2018-01-09 01:22:55,2018-01-09 02:34:28,2018-01-22 20:42:08,2018-02-02 20:09:02,2018-02-09,9297b7fbe8cbc35f1a5c10afc507d80d,2018-01-09
103a6df3372464e08e529f7d888a48f6,7a9915a7ff0cd1ba1f13318f84d1a7f2,delivered,2017-02-06 21:16:29,2017-02-07 21:22:39,2017-02-08 15:14:40,2017-02-17 17:58:56,2017-03-03,1e9617c2583b0542994b36a4f3136312,2017-02-06
81260078ee8b33f713aa199a395e1a0b,301e9d7384ca35b9680a4bedf7e8d6c6,delivered,2018-06-09 17:25:27,2018-06-09 17:38:58,2018-06-11 09:52:00,2018-06-19 18:44:52,2018-07-05,eaacf8a31c5b6f58d8d4346a3b430fd8,2018-06-09
72aae4d8091260674fd5abd94479abc3,d4da05b2b67ae67c603c1063a2a361af,delivered,2018-04-02 14:44:12,2018-04-02 15:11:26,2018-04-04 17:36:34,2018-05-22 16:02:41,2018-04-24,683714a0aa428eb05fd1dad1b3cb994f,2018-04-02
74174e09b0021ebfcb7b5e9d115910b6,1ba29be14150bf12e5c0339e3cae00c9,delivered,2017-11-21 20:56:07,2017-11-22 03:11:25,2017-11-22 22:28:23,2017-11-23 22:24:53,2017-12-01,0d57344e9e4e9d16dc699cb417e50cb0,2017-11-21
ef7c07e8debe38337f6865322d146103,fd7d197672b335172d5ac6d2f60eb9ac,delivered,2017-10-03 18:29:36,2017-10-04 15:25:28,2017-10-05 15:54:06,2017-10-07 15:59:00,2017-10-19,67dc23ad48d736eb34c4ce899916a775,2017-10-03
847a065b23a7d02398792f10f38a9b12,6a6235b58e3f03afd459bde7580a5ca0,delivered,2018-04-03 09:43:42,2018-04-03 10:30:27,2018-04-05 17:48:51,2018-04-20 19:04:41,2018-04-19,6a505279e28e4595861d694d40fda84f,2018-04-03
33c011fdacf02b14181fcd81f4b5ece0,0c5ce79848f718f81dec0ee02829d074,delivered,2017-03-22 21:08:57,2017-03-22 21:08:57,2017-03-24 10:08:16,2017-03-30 12:28:05,2017-04-10,7aaf11fd37a9580e5a7e74c59eec9428,2017-03-22
3cde8944e2cad2f0494cf3f146b4081b,26719a8eff2571760f7ea1a3640d9859,delivered,2018-03-20 20:48:34,2018-03-20 21:08:29,2018-03-21 18:48:40,2018-03-27 19:03:13,2018-04-13,3abe07850c97df0f798eee99af821191,2018-03-20
55bb79b4227dafa41a25a45e8462c7b5,73dbb993602046f482a399e17d8a446b,delivered,2018-07-01 11:18:47,2018-07-01 11:30:20,2018-07-03 12:26:00,2018-07-10 16:26:37,2018-07-31,50a220708f79b22c6362caa12a15d93d,2018-07-01
af3327b567206d03f49d5cc63c712a22,e4a45d4886a96c9ed50b463886c31c26,invoiced,2017-11-04 09:29:55,2017-11-04 09:50:22,,,2017-12-04,1f5eec9b918893bafd7b2e88c9abae7e,2017-11-04
b9aa04fee730826d066fd6b7f63def15,824586bf0c5be85cf4295256c5693f37,delivered,2017-07-15 17:27:36,2017-07-15 17:43:45,2017-07-17 18:53:04,2017-07-19 20:13:27,2017-07-28,046afa6d8a4e9f3054b35cca5ba947bd,2017-07-15
bb9552306cf6879fde49f4ba3bd94299,5e6ef5df32d231c3564df878e325d301,delivered,2017-12-14 20:30:29,2017-12-14 20:38:29,2017-12-16 00:19:10,2017-12-23 14:33:14,2018-01-12,a62e9bd0a19a1c311ee28321033c1208,2017-12-14
8f0518f5d4437b43c4849faee7e6dacd,41c148813f6ddd461988059f73e8a24e,delivered,2018-07-01 10:38:31,2018-07-01 10:55:16,2018-07-03 14:30:00,2018-07-10 15:34:50,2018-07-27,ab59824b3eabcd466c4eb205c3945702,2018-07-01
4960065fba0ef1eded83b35298e31a44,64b63f682a4ce353e5840bc5b353cfb2,delivered,2017-12-12 07:15:14,2017-12-13 02:37:29,2017-12-13 17:08:04,2017-12-27 15:54:57,2018-01-17,d7e148f83b26673fd102f903d6166ebf,2017-12-12
5ccbf94709ecf3a81efaddeec8a2141f,ce4918541808858e8b59af10d2d0e229,delivered,2018-03-08 10:22:00,2018-03-09 08:50:37,2018-03-09 20:11:56,2018-03-23 16:23:36,2018-04-03,64d2c91cc64e2257f6f2bfec86a1e68d,2018-03-08
22693e7b9440fce24aa700d0fb64f69f,a64bea57ad4ce9c9ceb671ea65d37e8e,delivered,2017-05-13 21:24:23,2017-05-16 03:25:21,2017-05-22 14:45:22,2017-06-02 17:40:14,2017-06-05,1ae3af034d2d5b9a30778b76193e8648,2017-05-13
c95fd0fc2b4b423d8ded594da8d1a398,5259347be036bd334ad145d509633d8c,delivered,2017-05-21 19:14:44,2017-05-23 04:15:25,2017-05-25 08:45:53,2017-06-01 14:23:26,2017-06-22,164ba50c15bd1157975375a75bbde58e,2017-05-21
ad9671d9fd8a26cd77fb4addb38f7463,36e69765211e0ea6fa0d0f33a5d3a15a,delivered,2017-11-18 08:19:58,2017-11-18 09:35:24,2017-11-22 00:09:38,2017-11-27 15:07:43,2017-12-07,050d0eae3cbee16d261fb66f313163dc,2017-11-18
9dd961aa6268f666f626787499250308,a259501a0af89f46dd6e8a591e8221cc,delivered,2018-06-20 19:27:49,2018-06-20 19:57:59,2018-06-21 13:07:00,2018-06-25 18:14:54,2018-07-19,81a0592f1f393f24af540b5bec89df5e,2018-06-20
8de5c10ac1599e2a0d202521d0a2cddf,a5d8f9d685de88983f7409c66971b8c4,delivered,2018-05-09 11:58:19,2018-05-09 12:15:14,2018-05-10 13:33:00,2018-05-11 13:23:43,2018-05-23,8f7e78708416e2de8f7cb5ae3684c8ac,2018-05-09
3e01278f6cf7cd9f094f320a1d2a8e5f,e1498108bfb9fdf2777cab12a50ad36e,delivered,2017-03-09 23:52:59,2017-03-09 23:52:59,2017-03-13 15:44:31,2017-03-21 21:34:18,2017-03-28,ce841bd1df47fac45d0a2dc2e38abc28,2017-03-09
a1deb5a1e93bdf89bc4e5e00ec3691d6,00949af96107ff1f55bc0f09e913686d,delivered,2018-03-31 11:35:12,2018-03-31 12:15:06,2018-04-04 20:42:18,2018-04-05 21:51:43,2018-04-17,3cc4acd6cfe6acb5f129a560961f2ef6,2018-03-31
3fe3f95b759ac932040fa128a84e41f5,81e25bfc02fbc899c8f1110e1b6f28de,delivered,2018-05-22 13:33:47,2018-05-24 02:34:41,2018-05-30 14:29:00,2018-06-05 17:19:01,2018-06-12,2b662952e348c3c3e5e7c4dc10241aa5,2018-05-22
4c18e8ddd12e99c9a83af114dd400891,674f10fb94cd875e1fb71c490dfe9446,delivered,2017-07-23 15:39:08,2017-07-23 15:55:14,2017-07-25 22:22:07,2017-08-01 19:12:41,2017-08-04,54e2366c118c48a816218411feb62215,2017-07-23
fa63bd85298f3d5a0d7750094e271e57,6af7f8410a3e4bdf3a8a138c9a0bc2f8,delivered,2017-07-13 10:27:54,2017-07-14 02:15:20,2017-07-14 19:17:55,2017-07-24 22:02:36,2017-08-04,4fc6c3a0791fee3afe1eb00aae488676,2017-07-13
901b7d3834c0b94a93d48cba6f2e3ce4,d3c7d2b32f278d3699a3e7376f85155b,delivered,2018-04-12 22:52:26,2018-04-12 23:11:22,2018-04-13 17:18:31,2018-04-23 22:22:44,2018-05-07,ad27629d4a95f815f18cd46f1844e1ca,2018-04-12
f46198db9ff29316c3d930efbef08666,0dc132dd6a84ba32be100a29704baa6b,delivered,2018-03-06 21:50:21,2018-03-06 22:09:26,2018-03-08 16:27:05,2018-04-09 21:56:50,2018-04-11,e64bf84beda887e254eb2774b89f1105,2018-03-06
5ae462adc9fc09ec40e8eb915cecb4ca,653136f490bd263f8aa1b687e32cd6f4,delivered,2018-07-09 16:57:25,2018-07-09 17:05:22,2018-07-10 11:41:00,2018-07-12 22:47:33,2018-07-18,86fc10d410a42f9e2e806859853c12ea,2018-07-09
1415ba1a8d324d2a63d74fb8e55145c8,6819b3d1de095558244839b7aa7be148,delivered,2017-09-29 18:57:23,2017-10-01 02:34:46,2017-10-04 20:22:38,2017-10-11 18:31:59,2017-10-27,51290da052de4afcd8f2a749bc37e225,2017-09-29
12fb3c36ed38cd5bf01aa6b287d4acfb,82e984ca94de36120ef7eb9388284c9e,delivered,2017-12-02 00:48:21,2017-12-05 04:17:45,2017-12-05 22:43:46,2017-12-22 18:57:48,2017-12-28,369aacdbb8276f10ba7686ac42cce19f,2017-12-02
6967b2016aa2f75c1547e72d299a82d4,ad2dd8c90eb7db839a1baa477318982d,delivered,2017-06-05 16:10:10,2017-06-05 16:25:22,2017-06-07 13:48:22,2017-06-16 12:58:43,2017-06-26,84a3a1921e7f765fc28f249b4774eded,2017-06-05
205600cda4d43b1596093a3297908ea5,3dc77678850c657617eda579624570e2,delivered,2018-02-15 13:16:43,2018-02-15 13:30:40,2018-02-21 18:09:22,2018-03-13 23:03:24,2018-03-09,8562cb7be6bb8698157e2d6522247f47,2018-02-15
28d3eb0dd357cb5e31b30493e2cf767c,17caf718945fc7f03c536d0a4ca3caff,delivered,2017-07-03 14:57:31,2017-07-03 15:05:14,2017-07-04 12:21:04,2017-07-08 13:41:16,2017-08-01,53374060b4660f3957071362c9f99ee9,2017-07-03
15aaee8363bb9a9c8c77e095cf45ef5f,6f201a0062d12408fb6ac9f1e6395bd7,delivered,2018-01-21 18:52:06,2018-01-22 13:56:55,2018-01-25 15:53:04,2018-02-05 21:47:23,2018-02-20,2b57b9cf10e96a6799f420d508d2d6bd,2018-01-21
575b1b9f37a11b59ac98672fa8c487b2,1217d9ba5408d02c8bb74d95ec4161c6,delivered,2017-03-21 15:41:28,2017-03-21 15:41:28,2017-03-29 08:46:45,2017-04-04 21:00:09,2017-04-19,82274b7ec8002257f8d57ca40d2c8b0e,2017-03-21
8d25f73f2fe9c225dff2232fd1e7c89b,626478b0f57ed4bdf6f462568f16d5d5,delivered,2017-01-30 23:20:41,2017-02-01 04:36:09,2017-02-02 11:43:39,2017-02-15 13:38:51,2017-03-14,5d3352f7a8f2f9e5d159f83b645a170f,2017-01-30
ab815320404ada153a9d06f166c961dc,8e6ca829706ccbf262d3cfcebe7ceb52,delivered,2018-05-17 09:48:09,2018-05-17 10:38:29,2018-05-17 09:45:00,2018-05-30 21:12:35,2018-06-13,344dcfca74b8df7ab46e9f1846570515,2018-05-17
914668db9e34e3393a12dae7b3253fb8,2e3cd8a974fb4d32ae5884c9d8643d3b,delivered,2018-02-11 17:43:51,2018-02-11 17:55:27,2018-02-14 22:17:57,2018-02-26 17:55:05,2018-03-13,d221b067b60ae3c085fd5bde1a27e92d,2018-02-11
8efa32589faa9ab3d9fb06ab4f2bceb7,a6e8fce51cea4eaa262c715df087aede,delivered,2018-02-09 01:51:53,2018-02-10 02:36:30,2018-02-14 23:06:50,2018-02-22 18:22:01,2018-03-06,7fc10d4d2ceb33951fd36f247dedc462,2018-02-09
c61e31d4cd0672fe89449ab560602519,a1937e26edb8cc57b903979f75291e8f,delivered,2017-09-09 21:11:06,2017-09-09 21:30:19,2017-09-13 14:20:07,2017-09-25 18:06:59,2017-10-16,76f96ad47604ec56b5d9c68148279587,2017-09-09
597762c317500fb387313e761eada089,a8107b4e41de56737858ff869270185f,delivered,2018-04-25 16:39:55,2018-04-25 17:12:50,2018-04-26 15:23:00,2018-05-03 23:41:54,2018-05-23,a82ac84f3bb9ffb3713cfcc88abffdaf,2018-04-25
ca122923041cbd981088cb1f28cb86cb,f177505ed902d9043faa6798e4881af6,delivered,2017-05-07 19:40:53,2017-05-07 19:55:05,2017-05-10 14:44:39,2017-05-16 16:18:01,2017-06-02,87a3e5095ff414ec2e9b1532996797cc,2017-05-07
f83bab059faa2a4560be63dad351763a,1b4521b13c7a4e9ced82aa5192725da3,delivered,2018-01-08 21:18:11,2018-01-08 21:31:25,2018-01-09 15:57:40,2018-04-19 14:32:49,2018-02-01,8e4b1a0fc7bcd6d2e2513229236d56d3,2018-01-08
ab7a53a8e94cab448240ff654797c44e,2f751d53058e28b3d51ad54852cc9c5e,delivered,2018-08-28 17:39:38,2018-08-28 17:55:18,2018-08-29 13:17:00,2018-08-30 18:41:01,2018-09-03,44d111bdc55faca551ef91cb74a444d8,2018-08-28
dc63907221fd261fcedb84efa214a6cf,57f70c8731f4b0c1bd04025365a14b45,delivered,2018-01-06 13:59:51,2018-01-06 14:06:51,2018-01-12 22:27:59,2018-01-23 21:16:48,2018-02-09,49f3c1a29bc68d07302b330b31c8b28e,2018-01-06
6533a0d9c1703a1ebf0115fb55e01834,7bb71c78bfdc5d8a82c1b6866956daf7,delivered,2018-08-11 16:24:03,2018-08-11 16:35:14,2018-08-13 15:26:00,2018-08-24 16:02:50,2018-10-02,424f29ff12eedc934f6bc9c90c449aec,2018-08-11
56ee0507f806ad1a079e2905d5beff09,9919279bb9d90740dc78c930d5a2596e,delivered,2018-03-05 09:38:00,2018-03-06 04:30:50,2018-03-07 00:10:09,2018-03-17 12:33:32,2018-04-06,894382535eef1ce243ec19088626be0e,2018-03-05
2de300305c4fc64802a63341e5780c24,323c3cfe7ddc27f3c54331fc41edc09b,delivered,2018-06-23 01:03:56,2018-06-23 01:40:41,2018-06-25 14:47:00,2018-06-26 19:08:24,2018-07-05,aa8663555edf43be51791b3f1fa56d30,2018-06-23
d4de2912c79702221bd12d642b18e49f,00c2781c163b9f057924ed8c45c724d4,delivered,2018-01-29 19:39:43,2018-01-30 12:31:02,2018-02-01 17:52:01,2018-02-09 19:59:05,2018-02-22,e3170caa179176b49f1265ffde5c27fc,2018-01-29
5010ecbb29633b8a98b4e6b6075b238b,577650aa5431a6b7fc835dd8839d2a60,shipped,2017-10-25 21:34:24,2017-10-25 21:49:32,2017-10-30 19:28:01,,2017-11-27,a6f77cd1cf16b425cbb6cad1ba964a6e,2017-10-25
9257ba43d1349df1fe69c0fdcf214056,17f443577c6454e58198ba4cd34d3049,delivered,2018-05-07 18:12:54,2018-05-09 17:10:29,2018-05-11 14:13:00,2018-05-30 18:24:52,2018-06-07,5d7873ae8c095b4aa1ad87e53a8c28ad,2018-05-07
d035bb29ea5accfdb6e0c4b6925651cb,7f59143dc719ca40fe74c4527ac95a0e,delivered,2018-07-29 18:45:40,2018-07-29 19:04:25,2018-07-30 12:57:00,2018-08-06 11:26:34,2018-08-15,7910ceff3751cb10f8d0d1d663784fa2,2018-07-29
aea98a9d19779475e8dd3302d7eb5ff3,39b67859bac381141ef9b5ea717666b0,delivered,2018-04-08 20:27:27,2018-04-10 03:49:39,2018-04-12 01:12:30,2018-05-01 16:12:09,2018-05-08,b0468c2f2573d7b6bc5bc33479785e2a,2018-04-08
a84cd46a772fbff921cbcad46c4f5a53,941053d2f2f52d39856add833ef99ea0,delivered,2017-08-19 17:10:17,2017-08-20 17:15:21,2017-08-23 15:05:56,2017-09-04 18:59:45,2017-09-13,1dcd5cc732b10dae1cc0b43998610955,2017-08-19
1b988e4cc28ec72241d86331f6edb974,c13053da85854545a5a7f5c2d19976f8,delivered,2017-09-24 16:23:54,2017-09-24 16:35:09,2017-09-26 20:03:37,2017-10-05 15:38:23,2017-10-24,e1146ef52561570bfc2b13b6a0c19f30,2017-09-24
560da5b17e4bf4f4a9eb6794a8d71eeb,94b975689c61872e24c36749bd542447,delivered,2018-03-21 03:38:33,2018-03-21 03:50:30,2018-03-31 13:54:35,2018-04-11 01:38:22,2018-04-20,bca18b5eeb716073cf391ceb2dacd6d2,2018-03-21
ae2a64ff575a69e9f700def24f6b05e1,7852374b87ec17bf7fb1fb0aee3b9a43,delivered,2018-03-25 20:38:59,2018-03-25 20:50:26,2018-03-26 18:46:48,2018-03-28 14:52:15,2018-04-12,03c30046bcd7d616fd8bab4f77ccabb2,2018-03-25
375c5afd2ca7bebe7227faae4dd01aa9,a217741046240aa9256eff40536e90e6,delivered,2018-06-01 19:09:52,2018-06-01 19:31:27,2018-06-04 14:10:00,2018-06-05 19:56:26,2018-07-17,69e048090a53284eec4c0b4cb264b145,2018-06-01
63feb2ae0b836343163861c5268b5e2e,145011fb245fefeb64d213c1193aafb6,delivered,2018-04-27 22:44:44,2018-04-27 22:55:12,2018-04-28 09:01:00,2018-05-11 21:24:22,2018-05-16,acf91aaa6f337456d3c506a5a494552c,2018-04-27
194d91ef19efa47048d37b91c5efe0e7,81d682c2f8062f1609d67f4fece07583,delivered,2017-06-22 13:37:51,2017-06-23 02:15:52,2017-06-26 18:03:18,2017-07-03 15:37:39,2017-07-12,cf78d4901c0523539f34aba755d0b7e9,2017-06-22
3fda50110c900229fd819d3b41c88626,16ceebbf32f67216a75f6b47508e5cf3,delivered,2018-04-30 21:59:49,2018-05-01 03:32:31,2018-05-02 15:16:00,2018-05-07 21:42:11,2018-05-23,5684bb363845deec13ca8b8d4b071c82,2018-04-30
36870d717737ef5f4b201e7787c3ea6f,b0fdd38d459d6c7fc8118dd3ed73d096,delivered,2018-07-04 23:04:01,2018-07-05 16:35:32,2018-07-05 14:43:00,2018-07-11 18:40:56,2018-08-01,6b8f49efa9b867eb0643ce5cf91aea61,2018-07-04
a31d01c5e7788d70334ff10309791055,d08af6caca2e5ae78e50b3e87c72d52f,delivered,2018-04-06 15:50:16,2018-04-07 19:08:31,2018-04-09 19:22:47,2018-04-13 21:29:29,2018-04-26,e0544bdce06fae70d2fb0ff8aeb9cfa5,2018-04-06
d643210fc3ba60faf761d5a9c9e3f8b8,f73eae10382b7e2d8bd624402eeba301,delivered,2018-01-28 18:34:40,2018-01-28 18:50:23,2018-01-29 20:58:54,2018-02-02 01:40:59,2018-02-20,4297601e222fb22f81e6fa0cb596c4e7,2018-01-28
7491b6e69f50c3e941057224d0826186,e7a06485005d68b08b90d6b212c114e3,delivered,2018-05-07 21:54:59,2018-05-07 22:11:43,2018-05-08 12:41:00,2018-05-17 20:21:47,2018-06-07,93e765999b1ac5d5498d5cbdd316c7ca,2018-05-07
cea54c1853c864ab36cea3ef732d7191,c09801227c7f48130b33a8ddb9d91660,delivered,2017-11-04 09:48:44,2017-11-05 11:50:17,2017-11-07 21:06:48,2017-11-14 21:37:04,2017-11-27,882023c0b40dc2130beea608b1196262,2017-11-04
d00324ba609a8298286edcf713565755,300b5f21e1b69c0a77295f8a85027a98,delivered,2018-04-02 08:43:29,2018-04-04 03:08:57,2018-04-05 03:43:31,2018-04-16 18:41:34,2018-04-20,c94f76a772a61d1c5d893a41a15fee98,2018-04-02
113a4f0ccb14984c0e48ae43a43d0214,e0971b72a2d7a7d471ea3122bbccf9a5,delivered,2017-05-20 09:12:14,2017-05-23 04:22:36,2017-05-23 16:32:24,2017-05-24 22:14:00,2017-06-02,bb7d0736359d0ae9ea4648934d11a25d,2017-05-20
dbf950454e4e2ce02692d5a05aa7a304,f1719554f23dca686fac4913bb333447,delivered,2018-01-10 11:11:05,2018-01-10 11:51:20,2018-01-11 11:58:34,2018-01-13 00:25:09,2018-01-29,a214b09bf06f0c3ae7f1b82be0344f24,2018-01-10
efe7380fd1ca4f19193a35a028f0ce54,fa64f507ec714d45b905f7330add8aca,delivered,2018-07-22 19:59:02,2018-07-24 11:31:59,2018-07-25 13:23:00,2018-08-14 15:25:22,2018-08-16,e7f7c15d69b5365b51b4cd18f10641a1,2018-07-22
c6eff5304f4a38da67159a731ae50674,ac1d9e675b29ba7cc97203d1a8830e4a,delivered,2017-03-10 04:23:41,2017-03-10 04:23:41,2017-03-10 14:23:40,2017-03-16 15:41:38,2017-03-31,e065bb65efb2bd95ee5441010098987d,2017-03-10
f03503cc14305b614cbfd2acf1f00c4d,0901a6c3dbfb079995b25de715c83cbe,delivered,2018-03-28 19:22:25,2018-03-28 19:35:20,2018-03-29 18:19:05,2018-04-06 20:21:56,2018-04-20,cb16000261ac2b49bba80d94da84b5a1,2018-03-28
aa8adac0e00cc6ceffb7b5f3548e5c9c,173670e79fa6edd507aee6d9d17e1be4,delivered,2018-06-12 13:48:36,2018-06-12 14:25:45,2018-06-21 14:41:00,2018-06-22 21:51:29,2018-06-29,43e17e94e970a85b7029bf1efaebdc08,2018-06-12
11746f9dc3d55313aadc6e6bf8464595,dcb15692eb3de5de08f5c4f51e1ca6bb,delivered,2018-04-23 00:23:12,2018-04-24 17:24:08,2018-04-24 17:05:50,2018-05-02 18:32:27,2018-05-16,e7a8ffe068441eeb724a204cd4b3b3ea,2018-04-23
8282d5532e3d6bc650960861965714ee,af3d97e75c2923767618f71f6747eb55,delivered,2017-06-06 10:56:13,2017-06-06 11:05:13,2017-06-07 03:54:37,2017-06-16 14:18:05,2017-07-05,62c6261a49af301b1b6238960090ff4d,2017-06-06
ddf02da047a1c300e78346fe13f7e862,1762d969fa7c868c95decf19211d08af,delivered,2018-03-22 11:00:23,2018-03-22 11:15:35,2018-03-23 23:48:24,2018-04-05 17:14:24,2018-04-13,7e252a96517b0a81cd0197944a80c5c3,2018-03-22
7e4e079e2d9663692b28939d0da6497e,d61c245671a7c5d1225b088dfde335ce,delivered,2017-12-13 17:00:14,2017-12-13 17:12:31,2017-12-15 22:36:58,2017-12-30 19:08:30,2018-01-11,3dbc90de68ad61c3aee9e43133b95208,2017-12-13
d6a9b94fe86c050b0b1f7d62a98579c9,c11ec7da7848a25b5c2ae31f66fcc02f,delivered,2018-04-27 09:50:09,2018-04-27 10:12:23,2018-04-27 11:30:00,2018-05-07 15:51:19,2018-05-23,5035dcae96703ced8ff2fc84a40434e5,2018-04-27
ac07d522efe22ee864da5a49b3e87f06,3400a591c061ccde020c507026862af5,delivered,2018-05-17 01:02:45,2018-05-17 01:15:17,2018-05-17 10:15:00,2018-05-22 20:22:42,2018-06-05,7d4b1f6931443fc8701e0e82eece8f8c,2018-05-17
c7068b2d09a51ca53dd0a06c2526be34,1ad694b547c3ea9f07c1257306fc67ff,delivered,2018-04-28 21:24:39,2018-04-28 21:51:11,2018-04-30 11:46:00,2018-05-02 18:12:32,2018-05-17,4d286abd93cf60eb5dda30c90dd3db3d,2018-04-28
ea64e33ee8ce74c882574ddc97a4f10e,432a90e363bd0b76e0c0f6d1e364941a,delivered,2018-05-20 17:16:24,2018-05-20 17:40:43,2018-05-21 15:19:00,2018-05-23 19:04:19,2018-06-05,d7d36c2e53f76e4199f1b250e70c3da4,2018-05-20
300b99fa4ea75136af2879d2bf751d57,da89c31c33c817601217ebdc26e42203,delivered,2017-11-29 14:49:33,2017-11-30 02:25:34,2017-11-30 18:48:15,2017-12-12 23:36:49,2017-12-13,41487caaa39c2f189e745d0291c0f873,2017-11-29
5b51c10e37ad26b98a3e168dc9be446f,97b4c5d7cc3b98f5601cd8f44a67432d,delivered,2018-04-30 00:37:13,2018-05-01 06:13:34,2018-05-02 12:32:00,2018-05-08 21:14:51,2018-05-22,7417ed92555044e46810c1e1de43aa80,2018-04-30
40d803e4b62276b9e5c570dabfcef88f,7d4ca04618bb93d27e18473b6d77abc4,delivered,2018-04-23 15:04:12,2018-04-24 19:04:41,2018-04-24 19:08:42,2018-05-03 20:34:31,2018-05-21,453c36e61ab9d23453cf9bfb61cd9c74,2018-04-23
977e2e63a3b6924e344efa8c684f83dd,2e8fefe7c64009a35dc6d4a985159bf4,delivered,2017-08-01 16:46:26,2017-08-02 03:04:26,2017-08-03 18:25:07,2017-08-08 15:33:44,2017-08-21,6e6752afb74ed3025a81ebb066a23639,2017-08-01
8781fc46d9d2a051c66e619d005a4046,9c6016bbf8f57b1aae49ba49fa48d33c,delivered,2018-04-28 22:44:32,2018-04-28 22:55:16,2018-05-02 15:26:00,2018-05-07 18:58:56,2018-05-23,17dc8ed4c411c8f498d9f01ea62c188f,2018-04-28
5eeb092ebe54bc6f635f566588d2e908,b67e09339b0e590a3e6dd7c502badc8f,delivered,2018-01-21 17:44:04,2018-01-22 13:55:27,2018-01-25 02:35:35,2018-01-30 16:35:01,2018-02-16,168b650549ccf26c55e7040bce0ad370,2018-01-21
dd6ee4d96f0f3cf1432c3b82818e0387,34c75c5903ab645174b88573e1950dc9,delivered,2017-11-25 11:11:25,2017-11-25 11:34:18,2017-11-28 17:57:56,2017-12-19 14:14:29,2017-12-15,078c0a7397239eb51fa067a579416dbf,2017-11-25
4be354605f898bd7290366706f07d622,c32f33e3925ff7ae6c926ab877813c07,delivered,2017-06-02 22:00:00,2017-06-02 22:10:18,2017-06-05 09:51:59,2017-06-14 16:26:55,2017-06-29,dfcbceb915805aad5e4f6fe5911ce661,2017-06-02
72a29a34308d7f62487412864e45db51,1a19124c6250a1dd852aed6824b9bac5,delivered,2018-05-11 10:03:37,2018-05-11 10:17:44,2018-05-11 13:46:00,2018-05-22 22:32:38,2018-06-11,e1429df8d7fcb85252834ee1552ea20c,2018-05-11
96d725684b5d02f6a5ee7a58c17296d8,802ddb120082372c8e8b2779a00f5553,delivered,2017-12-07 22:29:08,2017-12-07 22:36:20,2017-12-12 01:26:48,2017-12-13 13:36:17,2017-12-26,a7e908500ff232299d0af1169679e283,2017-12-07
25f7a3addc40a8945c939a6d4bf1148e,c42d04e55c339ec050338c3a8142bd91,delivered,2018-01-27 19:56:22,2018-01-27 20:11:27,2018-02-01 01:41:33,2018-02-07 22:12:42,2018-02-20,8cd852749066c2d145e6f14f4e85e98b,2018-01-27
596e3411897df0ab0f5d786eaafcf839,9b4efdb2241fd3f1780164c4e3ca2c13,delivered,2017-12-08 10:41:44,2017-12-12 03:55:36,2017-12-15 19:08:57,2017-12-22 21:09:22,2018-01-22,026888d959225b8c5d57f6f0fdb54470,2017-12-08
0c2b0060d3c030936fff3266c4224733,a7b81cf24e2a3d1fbdb932dad8ae8e2f,delivered,2017-11-13 19:18:28,2017-11-14 04:15:45,2017-11-22 21:21:48,2017-11-23 20:54:40,2017-11-27,14e8fa3ae839122091f7ebacad945ebe,2017-11-13
a470178a33b34c1e9a3f2eaafff55763,38a207eb1095e45ba5d6a3fae5112be2,delivered,2017-06-25 21:23:59,2017-06-26 21:25:14,2017-06-29 14:34:58,2017-07-01 09:03:44,2017-07-14,1af3dcbc89998031651925e3994eab18,2017-06-25
5c2c3051e99aa85bb1f2260f51e59f49,cb2e11bace32ece844401b0cae25430b,delivered,2018-08-15 21:21:22,2018-08-15 21:35:21,2018-08-17 12:43:00,2018-08-27 11:19:50,2018-08-24,09f0e1aef2fa8134f784f8097f154585,2018-08-15
3012c36a0f6377ec543f931bf33923d9,87e46784e51e259b907957c54c22cb5f,delivered,2017-12-30 12:19:04,2018-01-03 04:11:29,2018-01-05 22:49:16,2018-01-15 17:15:35,2018-01-29,2d33bad29d9ecc797cf7ee8a8dd11a9d,2017-12-30
7ec740ecb9d6f73b2e80bbc93dd784ca,c64cdd0013964702894b7d0d942b034f,delivered,2018-05-07 20:13:49,2018-05-07 20:34:02,2018-05-08 15:09:00,2018-05-10 19:18:34,2018-05-18,24f4ef31b40a4b5a09413b51ed1b74f3,2018-05-07
ebc0d4d91f884f9dc7983f079d1bde7f,d66844e2865d7000a3ec9e3a81ed0bf1,delivered,2018-01-27 09:26:42,2018-01-30 05:31:45,2018-01-31 14:57:58,2018-02-03 14:21:33,2018-02-20,5c678d1fab55c680482163fd14e98e96,2018-01-27
b009bb39092cf13a92060169b3d8bfc5,01cd4f08b8b1bcba4125cff64d2ebc94,delivered,2018-02-13 20:33:00,2018-02-13 20:50:49,2018-02-15 00:19:02,2018-02-26 21:42:48,2018-03-09,74f1d1f487534183c6b5f8abc0aff7b1,2018-02-13
8bcd360929ad5418e71ce8a211ceb57b,297aedbd30d2b83212a3776ff939abbb,delivered,2018-05-02 10:36:07,2018-05-03 03:52:56,2018-05-03 15:05:00,2018-05-14 19:28:34,2018-05-23,37c98f5f12194ccd5214da077c6b36da,2018-05-02
a28814d7900a79b375c4f1aa2d2e1006,64e2c043d20edb351bf9894c45475e80,delivered,2018-08-10 16:12:00,2018-08-11 16:05:12,2018-08-13 12:57:00,2018-08-17 18:16:52,2018-08-27,9d34e972bc8e81e5223abd70ecb299e3,2018-08-10
e2f32fa6ee7888b5fc5fcac4cfd8d055,eeb1653401a3e45527ae635accc52751,delivered,2018-08-17 23:16:32,2018-08-17 23:30:11,2018-08-20 13:55:00,2018-08-24 17:11:45,2018-08-28,b56cf9114a3336677146eb3f0fb33c55,2018-08-17
249cdd4e1dc4aa2c19a568ce182a7254,5dda90aebacf065a80afd8b35cf60dc3,delivered,2018-04-21 13:32:20,2018-04-24 18:54:15,2018-04-23 21:06:39,2018-04-25 22:03:27,2018-05-10,797dfdfe7186f9a2d613ae341c170713,2018-04-21
450f27b39a6a905c37a6acf203f98e6e,c0533f378549d3c71ab4d8a34a55cb1d,delivered,2017-10-26 03:29:05,2017-10-26 03:57:05,2017-10-26 21:06:42,2017-11-06 22:03:35,2017-11-13,e06c9b01f3f03458d338e3781e18e049,2017-10-26
48d0129c92992c4ee4c6b7b034c63336,85d622312fac76fa9a79eece3fe2eb9d,delivered,2017-11-21 19:48:09,2017-11-21 19:58:58,2017-11-23 18:32:48,2017-12-12 22:03:09,2017-12-18,317fd05046ea3f266ec94e1910400b72,2017-11-21
782d3bc431fb7dfe50633f53fff4ac62,896989a5e9110fb3c1301a9f5ae7ee93,delivered,2017-05-11 11:03:40,2017-05-11 11:15:18,2017-05-17 12:36:40,2017-05-18 11:47:50,2017-05-19,d6b3ab933d857690e1239a36f433cca5,2017-05-11
e73e3170000c0a93c0470e40aa0ccf91,2212507bd8c4ceb9bbc149e4ad1b66d2,delivered,2018-06-15 14:35:39,2018-06-15 15:03:32,2018-06-19 07:03:00,2018-06-20 14:49:48,2018-06-28,a69bb540f6071238ab453eefa0bde4e2,2018-06-15
aa1d1ca97c168f757ed08fe8a76225a1,49165a769ffc8f63260b6ed8f9b5ba95,delivered,2017-08-13 18:00:45,2017-08-13 18:15:15,2017-08-16 20:17:56,2017-08-25 21:45:49,2017-09-12,7544ed856433bc943e510588ad0dfa49,2017-08-13
0dd9baba59537d4782153775157d0a36,599d7a9e7ba62dc5f74251b638a7e30f,delivered,2018-03-17 08:55:25,2018-03-17 09:10:20,2018-03-19 20:26:36,2018-03-23 17:56:41,2018-04-10,8dd1d31b061fab003621e4385f95a85c,2018-03-17
6e116aaaf479cdcaa8a1262489a07086,4358412d9f188946dff16379af43b066,delivered,2018-03-21 12:11:57,2018-03-21 12:27:52,2018-03-23 22:17:20,2018-03-29 20:41:59,2018-04-11,e00e8d6baa14e557360a8680eace8b45,2018-03-21
2e1b58feba35b519cd774e6016c56e19,26c382adfdd9057179b948deaa54c2d6,delivered,2018-03-14 19:39:43,2018-03-14 19:55:28,2018-03-20 18:17:21,2018-04-10 16:08:31,2018-04-05,4ce5cc650e13fd7001aaf17e3f424edb,2018-03-14
adaeda2bff57a2960eb4710347cbffa4,b221a1216ce25664765639f2753409f3,delivered,2018-03-20 13:51:16,2018-03-21 13:48:13,2018-03-23 01:26:36,2018-04-02 17:44:20,2018-04-17,1bf2349098d90e1462a6c3cb7f9395fd,2018-03-20
5ba8500dac4dd5b631b8a82bce2400c4,cec09b32ae4d0d0cbaa540645255210c,delivered,2018-06-18 22:47:01,2018-06-18 22:56:20,2018-06-19 13:13:00,2018-06-21 18:50:58,2018-06-28,fca35a08a91d4a9254cc99889fc3d9c5,2018-06-18
818996ea247803ddc123789f2bd6046b,19b1122a589ca4893fcce3cb209abba8,delivered,2018-08-20 15:56:23,2018-08-22 03:55:07,2018-08-22 14:28:00,2018-08-29 22:52:40,2018-10-04,933a3c344289b11dc67567fbe01a7eb4,2018-08-20
2adb2f19ddcdf638f5c1284f84e4fe18,bb3b8ba65c06bcbe68a062e28fa27adf,delivered,2018-05-27 19:13:16,2018-05-27 19:35:18,2018-06-04 15:38:00,2018-06-05 20:05:48,2018-06-20,34d080ce8e6f7b1bd19d770cf7bf76b6,2018-05-27
17e74a3ed820df41b9bcfe9aeb73aef4,7c08ab0ad22ad42e8f4d13e0047c79fb,delivered,2018-03-17 19:24:55,2018-03-17 19:47:56,2018-03-19 23:32:21,2018-03-27 00:06:55,2018-04-05,36d6864487c51ad4725e179fe47ea58d,2018-03-17
f9068fc0240e1cf103d53197f7820a13,ac1fff69bbed8bc328508d6f18dc265f,delivered,2018-05-01 22:24:07,2018-05-03 03:53:05,2018-05-07 11:56:00,2018-05-10 22:38:18,2018-05-24,9f8ef7b07da1904e496a9b79582e7664,2018-05-01
44f720ecff743e26f1e3389c21fa89d2,71bad65633c705d7ffb0751cc2b5057d,delivered,2018-03-02 11:26:44,2018-03-02 11:50:45,2018-03-06 22:51:49,2018-03-22 21:38:32,2018-04-10,08dcc3c495afe4738a4562c5a1bb0fbb,2018-03-02
01677846a819fff5fc22d43d61e58367,d83f1643bc89dfc8516c6c2a11f46258,delivered,2018-05-03 10:12:15,2018-05-03 10:57:01,2018-05-04 15:25:00,2018-05-10 00:36:54,2018-06-06,79c389f4fcc007dfbd1f317f29e85030,2018-05-03
f6e638ae1f17003aac1cb6dc6a93ba73,bdeb52f66b5546ea418a547dc8888da5,delivered,2017-11-16 15:45:23,2017-11-16 16:09:28,2017-11-17 19:58:46,2017-11-30 21:17:57,2017-12-19,5ca16ec0316675b82183dfea21c595fd,2017-11-16
70828ad0ee27db08d57b1437374b15e3,cd6c27532dbcb15907a72ccc69255c9b,delivered,2018-02-26 16:59:58,2018-02-26 17:15:38,2018-02-27 23:28:32,2018-04-20 12:46:38,2018-03-28,ba16ddffbbaf17628e40c50333931bff,2018-02-26
d83d59b310da489d03434dc07fdb0d78,72a9e09c2ec8cc990bf5976ca6f4ffaf,delivered,2017-11-15 16:03:25,2017-11-17 04:10:35,2017-11-17 18:17:04,2017-11-27 22:46:51,2017-12-06,d1712e298f725595247ae4adfa085dc0,2017-11-15
47dd5e01f578faeecc316e731005674e,9e173d7282cd776907e4ea9d8af5d021,delivered,2018-02-28 15:44:34,2018-02-28 15:55:39,2018-03-01 20:33:29,2018-03-07 23:49:01,2018-03-19,839b122c77f655a8b9a8408321ef8be4,2018-02-28
6aa88d307527c2931de6242ca2fbd3a2,a0e1d216fe9881ea3d832b8ed6d0d346,delivered,2018-08-01 12:39:09,2018-08-01 13:20:18,2018-08-02 15:58:00,2018-08-04 11:08:24,2018-08-07,cd032f0fac213a1ee1b642ab26005f11,2018-08-01
1b54abf9a3a5c9a800878f91a25a6299,ff5357994d94da35b69ee05d44805916,delivered,2018-03-05 20:50:18,2018-03-06 03:51:25,2018-03-07 21:08:45,2018-03-16 15:08:52,2018-03-21,6d1c40bf80d9f5957e11d9877df90e50,2018-03-05
30aa5b276c1c261045daa747b8f24ffa,ef966e935e4bb6030809dfb1de9e9a97,delivered,2018-03-22 12:53:38,2018-03-23 02:15:36,2018-03-23 19:09:01,2018-03-27 13:54:52,2018-04-04,5e4ab7ab6f9af652b647cc98216a5489,2018-03-22
55c5ffea3ddcde9c94cf5218e02be4cc,616b84358bb0e1897e5f5b2bcaa6a241,delivered,2017-10-31 09:50:53,2017-10-31 10:07:14,2017-10-31 22:05:55,2017-11-09 20:22:10,2017-11-16,63a80f4b1f12c4dc3addd05d5cb2fa28,2017-10-31
b563a6894c8dac532fb2865e5581c3f6,78fcad4ad52f1de8696c574e824cbac4,delivered,2017-07-17 10:29:13,2017-07-17 10:43:04,2017-07-17 19:04:32,2017-07-26 19:52:04,2017-08-04,fa534f2c4cc4a0dfd70cd8fee8deeeb9,2017-07-17
0d02b771eedf655d493ce414a9a7abd1,e823a77c1eaef4c7664b0f4e4d275fb6,delivered,2018-01-31 19:15:21,2018-01-31 19:29:26,2018-02-01 19:10:36,2018-02-19 19:39:19,2018-03-05,018ca9b2c9f793a0e43e75d6a3eca86a,2018-01-31
5db9b0ad19ea0543caa70c934783946c,058f3fdd496fc2cd91c21bf8fe4b1a29,delivered,2018-04-05 22:12:22,2018-04-06 08:55:24,2018-04-13 00:44:44,2018-05-07 18:18:45,2018-05-08,80daff16b5c8f4ec8b89fe10a66a3cc1,2018-04-05
3784bc92c8ff0ca207ed55629e5df7e9,34b9bca8f3dbf57f921bb8cf2e276be0,delivered,2018-07-05 10:02:32,2018-07-05 16:08:02,2018-07-20 14:20:00,2018-07-23 22:27:53,2018-07-23,4e480261210d6151bde03ed17869966b,2018-07-05
83314981d658f63a24c17fb1133e2c74,154df1bc4015dcbf9423f52bb190abff,delivered,2018-01-17 08:43:28,2018-01-17 08:51:27,2018-01-17 20:17:00,2018-01-18 16:54:47,2018-02-01,be6f596c573b9b2f254c3047c5b0c1b3,2018-01-17
47bd649b812fd8ecc28320c466974088,cb617abe19badb2696a3615bfb355545,unavailable,2017-11-27 10:50:08,2017-11-27 19:18:56,,,2017-12-26,5450dfde402cbd5f6925d9b8d60e2b6b,2017-11-27
52db460eba3f85ec726f0a72cc6e03f2,69ba6d018d6ebc40e95e53abad57deae,delivered,2017-11-24 15:14:18,2017-11-24 17:31:53,2017-12-07 16:23:38,2017-12-13 17:35:08,2017-12-14,9544a3e8fa9d5c893004f7ed6cba4335,2017-11-24
4914b5077b095b26dbd6edf293259136,c118045fa1e7f9e09a5eed9130c253c8,delivered,2017-10-29 21:43:20,2017-10-29 21:55:06,2017-10-30 19:59:47,2017-10-31 14:18:11,2017-11-10,d55f091660e6c6fff71317c46e67212f,2017-10-29
b70756301d6fcc0725c60774a52d065f,710ffdf502c8581d4e5d4a5d139f1800,delivered,2017-11-30 17:38:32,2017-11-30 17:58:43,2017-12-04 19:28:00,2017-12-11 21:03:25,2017-12-27,04e925c9ed24829f23a112165bfd1ec0,2017-11-30
e3ef3902f4da2bf727f00602d912d034,897c8801e3fd285ce1196daed5ae2de7,delivered,2017-09-17 08:33:40,2017-09-17 08:45:13,2017-09-19 19:36:10,2017-10-02 17:19:37,2017-10-06,58c1b085b54c03a1f1ab5f13d64c2b1c,2017-09-17
377fd6b04bda10a4cc4e37e0adbf1706,ad82dd3414b1b3d24c02d7d1dde78004,delivered,2018-06-24 15:22:28,2018-06-26 04:58:59,2018-06-26 11:41:00,2018-07-03 16:12:37,2018-07-23,98262425ad6d0cf1b72cc9bd3b7dd7c8,2018-06-24
d2bff83d0edaab294ac81f5a5dae2a08,0a69d4359bde323285be50f7b6e0bda0,delivered,2018-01-13 20:56:49,2018-01-13 21:10:15,2018-01-16 21:22:11,2018-01-29 20:25:14,2018-02-08,3338eb58604120638a747086344e72b7,2018-01-13
8426a61c687c38a2fb35080413ec9eb4,c3b836aea9b06d84b1b9d38b41f137e1,delivered,2017-10-25 22:52:31,2017-10-25 23:07:19,2017-10-26 19:23:38,2017-10-27 15:18:00,2017-11-07,0a176442bca06755447ed7ae4f3f4578,2017-10-25
f85421868fd581e082e37edf4762cdb9,a31266a3190be83d980c303084ea3c6f,delivered,2018-06-19 23:28:51,2018-06-19 23:59:46,2018-06-20 14:10:00,2018-06-29 14:23:42,2018-07-16,f2536e1a9071d73747aac461fa10579d,2018-06-19
5b298cf66c6dc0f681cb4b104a799c5d,873c05da32a3c152c5dba39335605686,delivered,2017-03-28 22:02:18,2017-03-28 22:15:18,2017-04-06 15:55:45,2017-04-13 14:32:34,2017-04-19,752041fd42cbe3a4f4dea0d68a0a6edd,2017-03-28
e3972eaaa49eaaa56867a035b01686b2,dc4ecabc2c2df5b8ac9e3d290fcf2ec3,delivered,2017-10-27 16:08:35,2017-10-28 03:06:15,2017-10-31 14:33:08,2017-11-06 23:09:56,2017-11-16,d9587b036e319f877a0ca691026d842e,2017-10-27
82399e6596439c56390d6e5399e382df,eb3ab1c724c653045580b0ca6a2a0da8,delivered,2017-05-22 21:09:32,2017-05-22 22:35:22,2017-05-24 14:29:34,2017-05-30 09:16:39,2017-06-05,b4fc454d05ffad7daaf0115ff3eb1f38,2017-05-22
0159c6355a4e32f6ac68d838e2228150,bf0176bae5facd261148fb881ccb8cc6,delivered,2018-06-15 13:41:08,2018-06-15 14:03:58,2018-06-18 12:06:00,2018-06-19 23:21:34,2018-07-03,34745b94e42969e956d446695f58421b,2018-06-15
79c8c817d8876952db086059ef7f522d,8d8974f0ca989a65832ba618313b3eb1,delivered,2018-01-29 16:49:18,2018-01-29 17:17:44,2018-01-30 17:36:55,2018-03-01 10:37:12,2018-02-20,dcf4e629834d34cd8837b3d83e9532d4,2018-01-29
fb6a38c6d83a99a085e448f590cbc1d9,fd26478ce236861caceac8d463ce0325,delivered,2018-03-01 10:31:34,2018-03-02 02:16:03,2018-03-07 00:07:11,2018-04-02 15:02:44,2018-03-29,763cba0a9c38f594e908a3540e94d5fd,2018-03-01
bf858b59c72c1d556a32320bf0c7a42f,ece728a082ecf5aeeb2e5f295daf545c,delivered,2017-10-14 06:59:30,2017-10-14 07:14:17,2017-10-16 19:38:41,2017-10-30 19:25:53,2017-11-08,34943624e617f239bd9d5e54f58f9df0,2017-10-14
86a2b80cb9bd413ee74fefc7d9388fbf,ad94048ef88a457ebaa1fef9f56102bd,delivered,2018-04-12 10:02:55,2018-04-12 11:35:16,2018-04-18 20:16:28,2018-04-20 21:06:54,2018-05-04,e3950be1319f854e472db27fa9875fc9,2018-04-12
4cd90538d177466bf45e1a552242c216,d0aaa4008275a2e9127dc79e6142367e,shipped,2018-01-12 21:14:20,2018-01-12 21:28:53,2018-01-15 18:09:47,,2018-02-14,b165e09a37a175feb50e3934de005586,2018-01-12
5d8b449936e528d0d68ca11c6e42a224,9424e7d8d6bcf78e49b5fe87e73f0f8f,delivered,2017-08-26 10:07:00,2017-08-29 05:32:11,2017-08-30 12:59:57,2017-09-06 22:27:35,2017-09-14,5c0374d2ac6e6599c3530d687625afbd,2017-08-26
60d2564adbb41181cee729e095b83d0e,aaf1903fb0eb54c9b158e738d9fc5405,delivered,2018-01-18 12:32:16,2018-01-18 12:56:29,2018-01-23 01:32:23,2018-01-23 22:37:32,2018-02-02,801399addd718c22e03ee71586df3b19,2018-01-18
5a0a7e550cfceddb8e835ae54a3d0961,b2f7d7a2ae45fa22bc523975c98ea5b8,delivered,2018-03-29 09:51:12,2018-03-29 17:30:56,2018-04-02 19:46:50,2018-04-07 14:52:25,2018-04-17,11ee466b20781f3848ca971b09adcf60,2018-03-29
add546d4d3ce43710bba09276bbe07e2,6e99627292e6e50e897b63a3b94560eb,delivered,2018-05-25 12:48:12,2018-05-25 13:13:21,2018-05-29 12:47:00,2018-05-30 20:22:36,2018-06-12,536ffe40fff4f9e2617f57eb1a63713f,2018-05-25
9380357951a13ec61acdce81018dcdaa,f001d3e49718e62b503572e64920cca3,delivered,2017-09-01 11:00:41,2017-09-01 11:15:13,2017-09-04 13:14:54,2017-09-13 16:51:55,2017-10-02,4bd837a4c4bf0ff7093e3c951d3ec6a1,2017-09-01
5e9539c329818fcbcf5579c92a58501d,f4f702d7ea3e215274437e0df02de452,delivered,2018-01-02 18:55:31,2018-01-02 19:09:07,2018-01-03 17:17:39,2018-01-04 18:16:56,2018-01-18,dbc1ec016a5b8df476e5c366f0743d6b,2018-01-02
0a90fd1ec2b6416cf95f9f9dbca21d9a,8f359b4f2dcce84f7e8e43b452e7020e,delivered,2018-07-29 11:52:52,2018-07-29 12:04:29,2018-07-30 14:16:00,2018-08-03 19:44:50,2018-08-29,ca456971ad182f9d085b4f90c1590e3d,2018-07-29
b3e3c2b3031064109b437b0e1dae36d6,59c2ce1320336a6a0e747f86c4be7a21,delivered,2018-05-10 22:40:41,2018-05-12 03:32:24,2018-05-15 14:27:00,2018-06-04 13:55:46,2018-06-05,6228985db3cb61d5dcc74061283e7e78,2018-05-10
1461dd5a43608d03158f13131d6fa3a8,29cdfcc8b8e7d433cb3dcc1c87b1b565,delivered,2018-01-10 20:56:02,2018-01-10 21:09:01,2018-01-11 20:09:59,2018-01-24 16:52:28,2018-02-06,266438af868cfff4e787458cc4733763,2018-01-10
d21cecb198b9591dea2251849eed9852,419c17291ce5dbe142d80c0e75c8dc3b,delivered,2017-02-13 22:25:42,2017-02-15 03:03:32,2017-02-16 09:08:20,2017-02-23 14:43:49,2017-03-16,2b63b9bd77ab9906889f9c5a1039bf00,2017-02-13
f94765982f45d2bae74c9cbf55d37387,fc1d80ada6741dcac4c20f6da659fb3e,delivered,2018-02-13 21:06:34,2018-02-13 21:15:32,2018-02-17 00:53:37,2018-02-28 22:13:03,2018-03-19,79444cb5bb16964eea4c5abb2d3aa023,2018-02-13
cf8ba1509b00eca37b08289371dbbf0d,6b17845b9378ecf3d2c326579c38b24a,delivered,2018-01-08 12:29:43,2018-01-08 12:38:56,2018-01-11 19:37:32,2018-01-25 13:57:49,2018-02-05,a46128718ea42a2259e0410b9f94b611,2018-01-08
c4b8f31cb06079bdad3591ad9adc2d19,d234acfbe489e3cd99ffd62b7ac17138,delivered,2018-08-11 14:40:48,2018-08-11 14:55:18,2018-08-13 11:24:00,2018-08-14 17:38:29,2018-08-17,e3516dfa2db85b7f75ccff1bda80a011,2018-08-11
566d9c868488d3e11feef9ec86a29357,bf719e8e0b81c3a7a2ce1eae9c7c8475,delivered,2017-08-04 16:27:37,2017-08-04 16:45:17,2017-08-09 21:17:43,2017-08-14 15:12:56,2017-08-24,94837a8c3cb6e4f464af8394c3c5483c,2017-08-04
4aeb09d2415c840cd427f9b0e5dabfb6,611ef20bd95ccb865a0fac20facab883,delivered,2017-07-06 10:09:27,2017-07-07 02:50:19,2017-07-07 19:14:51,2017-07-18 21:06:09,2017-08-03,93a842d6ab8fb82ada2ed64c31a6b61c,2017-07-06
a51ce8127e0b31efcfe6b5bb17abe9ea,6840124f642926f3f604de43969f462d,delivered,2017-06-25 12:11:34,2017-06-25 12:25:49,2017-06-27 08:02:56,2017-07-03 14:16:40,2017-07-14,db9f79a312fe03018472b8172339f2e4,2017-06-25
b25f39c89d2229961d464a9606aa8582,2bdd0a7c4c3c8942e2ce472523c71eb5,delivered,2017-07-07 21:09:46,2017-07-08 15:45:11,2017-07-11 17:12:22,2017-07-13 18:52:58,2017-07-20,20ad493b3549bde2e73523a918687915,2017-07-07
ec3a30c1155fb62e7f0067107c94b83e,5ffd042e693ebea70bb9321fd4ea8749,delivered,2018-08-01 19:38:31,2018-08-02 21:04:18,2018-08-03 15:24:00,2018-08-09 23:04:42,2018-08-30,922234c767eb20840f16bb0aa97ef0c2,2018-08-01
80848ca638a6e695838ebee7d2409893,99ad4cfc3a41b227def56de8ddf4f91f,delivered,2018-04-25 09:41:44,2018-04-25 09:55:12,2018-04-25 15:42:00,2018-05-05 10:29:46,2018-06-05,57374054e2bd0dafa8c4fe382aae228c,2018-04-25
3cc8411a4e4c202d794d444154b17835,d6db5ee5b53361802be791b85e7ef833,delivered,2017-07-04 17:33:41,2017-07-05 17:39:56,2017-07-11 19:13:08,2017-07-12 14:31:52,2017-07-17,f76b3c1ea5fb8adb4de3f19f7f28f29f,2017-07-04
098e7344bff99946b1a3c2c4357503bf,3b864cf315fee8e0e4dafd9396d57248,delivered,2017-10-17 16:36:26,2017-10-19 03:13:59,2017-10-19 23:03:39,2017-10-30 17:53:17,2017-11-07,89f87ffdd991f5c7a57c14570e5bab8d,2017-10-17
4d7f4e1a1e39afe66a974da416849477,52cb925aa4eb5276c32cc93a2a130fc0,delivered,2018-01-13 08:12:43,2018-01-13 08:28:53,2018-01-19 14:46:50,2018-02-01 21:27:25,2018-02-14,f1bcebd8eab9d91c6a621c8f8087f740,2018-01-13
7e1d7adfaf4e026419cedeaed88f3a4b,a7a1f40697541672f4392767d549f9e5,delivered,2017-11-14 16:05:37,2017-11-14 16:36:07,2017-11-24 17:11:39,2017-12-15 15:15:10,2018-01-04,05cf4ddb31059a169df61046881d812f,2017-11-14
d07179898f582cd4b62f9f5328698baf,71f39c371308d132d7633895477dd307,delivered,2018-04-26 11:44:48,2018-04-26 11:55:27,2018-05-02 14:21:00,2018-05-10 18:12:33,2018-05-24,ca77025e7201e3b30c44b472ff346268,2018-04-26
b7633aa5145342cd219d1488b70ef2a6,73a3e120dc538ab196508572c13520b1,delivered,2017-07-01 04:22:21,2017-07-01 04:30:09,2017-07-04 14:32:15,2017-07-12 17:13:39,2017-08-02,dc813062e0fc23409cd255f7f53c7074,2017-07-01
59edcce6e0c1bcbf94a3c4bc23950e6b,5c3fc5d5058b1965e182a140d2980c48,delivered,2017-08-14 13:07:15,2017-08-14 13:24:05,2017-08-18 19:51:43,2017-08-24 15:45:19,2017-09-01,3e2a232d8d87354029b8076ef6974196,2017-08-14
e9ccb8277ecd5374b5a0532b5ee47f7c,8b9c46cb78faa340ba59effb94b5c672,delivered,2017-03-01 23:09:01,2017-03-01 23:22:39,2017-03-02 16:23:00,2017-03-04 08:21:51,2017-03-20,c77a1dadd2c14e5708a1b00707c8a636,2017-03-01
2c61d0e37fba7aea7d8b7f27091be232,cfbae2eff9ff8c8331a20155e3dbcc01,delivered,2017-08-08 14:53:46,2017-08-08 16:00:09,2017-08-09 18:53:09,2017-09-02 11:00:13,2017-08-30,18eb5dabb4335ff95df3036b4bb905d2,2017-08-08
52b39f7d5f670b983cae0ae2607bb1bc,a03a696301e1946f58f689501c6dc81f,delivered,2017-07-26 21:15:04,2017-07-26 21:25:25,2017-07-28 19:21:43,2017-08-01 17:35:52,2017-08-16,96a3711de86b37bb1a59c70cdc2be52a,2017-07-26
1ffd8e13662ff6d9ce2be11fd52f5b5e,19b2af4684c6b6c005ae43498f3abf1a,delivered,2017-04-24 11:32:58,2017-04-24 11:45:12,2017-04-27 13:16:25,2017-05-12 18:05:48,2017-05-15,bfcb850f095ba1efcd61e705bd8618cd,2017-04-24
7a8f0c1255003a0de7fd484dbab75fdb,04b48387bf71a20a7b51d540080e50f2,delivered,2018-07-05 12:10:32,2018-07-06 02:55:12,2018-07-13 13:38:00,2018-07-23 15:14:55,2018-08-13,af58c69736e0aa643594632082d00870,2018-07-05
5d7db52ac102f99555d721fa511f9cd6,cd664768f785ce454323f548ec4efc98,delivered,2018-01-23 13:02:39,2018-01-23 13:14:19,2018-01-24 20:33:28,2018-02-02 14:47:01,2018-02-19,aebb2db7f8b3b0c49f198c6de54e231a,2018-01-23
9f7cc87ce24aa70b16e4d42b0df25ab5,0bbd16cf1f513dee4ef3394883e26770,delivered,2018-01-11 13:15:48,2018-01-11 13:28:38,2018-01-12 23:34:01,2018-01-24 14:58:47,2018-02-08,0b439835fbf3ca0cc8d2ad49f06b1340,2018-01-11
bd7f6df012ed820ea52bf7f46da3026e,be2bfa73cb312a427f22e598733459d4,delivered,2018-06-10 22:50:53,2018-06-10 23:10:54,2018-06-12 12:51:00,2018-06-13 20:12:04,2018-06-21,62ae12b121b9cb06e97458dc2b3cf4fa,2018-06-10
e2b6044bf56157198c939856a105b5ed,91782546f0bd21d4a6f5afcc8487dc7d,delivered,2018-04-19 07:57:37,2018-04-19 08:30:19,2018-04-19 19:32:20,2018-04-26 17:02:24,2018-05-17,63348c0ea1d8f74fa1186ee7a2658aa7,2018-04-19
dc834ac1942008768708518d0c712066,29151b07b5ce96d4765b50fc3542d55f,delivered,2018-03-31 13:04:32,2018-03-31 13:47:34,2018-04-02 23:06:53,2018-04-24 15:34:29,2018-04-26,56f33d43edcc1e0399d15cb4de318488,2018-03-31
519478e4bc7d1ca7d93f2fcd7f9e54b7,b0ee592511423e8d39b952a4bdbbea13,delivered,2018-07-01 09:42:35,2018-07-01 09:50:09,2018-07-05 13:22:00,2018-07-10 21:19:41,2018-07-31,cc64b17724aeb94a818a8d06482c3803,2018-07-01
758f87ed332796046d9312299cdf1e5d,a567aa193920afd2dfc4ca7d94e9c832,delivered,2017-03-03 16:44:03,2017-03-03 16:55:20,2017-03-09 10:16:11,2017-03-15 15:54:57,2017-03-24,182a53832b938df728fab38fee56ad31,2017-03-03
1a018d08ae8c02d0106efe732d3e8a03,1516137a38d62194d55d7f4afc8498be,delivered,2018-08-07 19:37:16,2018-08-07 19:50:18,2018-08-08 14:08:00,2018-08-15 18:24:36,2018-08-30,9845116b46a09e48f157a11f4f340280,2018-08-07
46326cfd1e55e365befe43843126f088,c9002a3702a1805640b4d7349ccb531a,delivered,2018-01-14 19:29:57,2018-01-14 19:48:47,2018-01-16 20:19:26,2018-01-25 20:19:51,2018-02-14,eb391f75103bf8fed50cf125051753e7,2018-01-14
b534b99a55f093b594d8306e8774590f,8a285783cf67fd0d6ba879be42d10a40,delivered,2018-04-24 19:18:38,2018-04-24 19:30:16,2018-04-27 14:21:00,2018-04-28 14:21:18,2018-05-07,57604ac5d93c43f0d2d212fa9209b2d6,2018-04-24
0f6ce0bef7443fbfd5076ab3abfceaa2,145ff990454414f00ef6c1ea1ba6f60b,delivered,2018-06-28 19:08:30,2018-06-29 19:11:40,2018-07-02 16:16:00,2018-07-07 19:15:34,2018-07-25,298a2a12276b2f2ae86d8bc02eadcf07,2018-06-28
2be42939cac09105b9839ead73abb79b,9a1aee8930f8cd395b3642b837074dca,delivered,2017-10-29 06:36:45,2017-10-29 06:50:06,2017-11-02 00:05:08,2017-11-13 19:41:32,2017-11-22,9c2014c8ebe041a98e9603375cd7bb6b,2017-10-29
abc28055285d422fe7fd990935433cd9,7a62749a3193d655da644468f0a4d1ef,delivered,2017-03-27 09:58:14,2017-03-27 10:10:26,2017-03-28 12:33:14,2017-04-17 10:59:40,2017-04-19,2da07654dd9e5dff1cb0fbb5ceeb7396,2017-03-27
0bea543455029a72056bd0e781a8dca7,2fde2146af0116e4451b544145e05cc3,delivered,2017-07-23 11:22:00,2017-07-25 03:45:20,2017-07-26 19:53:24,2017-08-01 21:46:39,2017-08-15,52dea3631aa7ae55b1fc52a767908327,2017-07-23
45973eaceb6756a0232ab0c715f77426,9314c6c36c320bd971a7a06674dcd7f6,delivered,2017-11-24 16:22:52,2017-11-25 05:50:00,2017-11-28 01:22:08,2017-12-06 17:55:17,2017-12-22,99f0c33abddbeb5b72869e0e505453a9,2017-11-24
cb8ac0a66ab9381703d4a2c473bba526,3ea7697cb679588274ce6d851dec2178,delivered,2018-07-31 09:53:18,2018-07-31 10:40:20,2018-08-03 14:25:00,2018-08-08 01:32:05,2018-08-07,68624d7c499c22f25e30d71da380e465,2018-07-31
4d9ec9c5440b083e87ee872dec1b32fb,3898ff50da10264026af32549f7fb3b0,delivered,2017-12-04 15:08:11,2017-12-06 02:50:22,2017-12-07 21:03:24,2017-12-27 19:24:37,2017-12-28,e47e3ecbe9ae12ecbfc5651bd62d7733,2017-12-04
518a8da3b54c804945688f06fa29ee97,3bf82f36736faec5447806c698e05b26,delivered,2017-10-14 10:01:24,2017-10-17 04:08:36,2017-10-18 21:47:47,2017-10-24 20:05:47,2017-11-17,da412d9a325e47ead06dde7ca275a12b,2017-10-14
c3cf38b5ae4bba4ccb2082824d3066e0,fb082762e5a4e41cedcf439f6f7b32c0,delivered,2018-02-19 11:58:27,2018-02-20 07:30:54,2018-02-21 01:16:55,2018-02-26 18:11:50,2018-03-12,65ef1047a04dea7c4ac6c24cb960977e,2018-02-19
7d7f723eeaa656d3a6d504e6342e3d58,4bc9f46f3c7da8176327864a20730df6,delivered,2018-07-05 21:18:50,2018-07-05 21:31:13,2018-07-06 10:19:00,2018-07-13 19:21:53,2018-07-31,2c0e05701aacff128ff6eade69e72f86,2018-07-05
5a61e3312af9cbbf9a542aef9ad70ef8,b4f823a2a306bee716dadf254ac2f2d2,delivered,2018-01-19 21:09:30,2018-01-19 21:18:25,2018-01-31 17:48:58,2018-02-05 18:08:51,2018-02-09,ae9de284f9466c14dc7d15e9f3002e27,2018-01-19
6d15ab11184942cfb824b1946fc00aee,a90cbac9cff2b9205048ca41fab6fe96,delivered,2017-10-18 17:51:02,2017-10-18 18:06:08,2017-10-19 20:54:04,2017-10-20 16:28:37,2017-10-30,530bb1adbca6b37d6ecb5c7a50950faa,2017-10-18
9c5548e522bd06824106a8713a019e1b,ca9e758a38b2f83b2c1a31e00aff1c30,delivered,2018-05-28 10:38:34,2018-05-28 10:53:49,2018-05-28 12:24:00,2018-06-11 19:31:35,2018-07-03,6e10ec635e9028014714f4d14130af3a,2018-05-28
4d9f516707478b41c5932a3a3fcfb733,a9d950ed5c897a58ed2214e0d90b0356,delivered,2017-03-14 11:05:20,2017-03-14 11:05:20,2017-03-16 06:43:33,2017-03-23 09:52:35,2017-04-11,79014470a88bb56dd27da6241eca0f04,2017-03-14
17a3d477ebcd2f70cf12135d4e07fb17,4ad966e1eefc576c04159e46a8e38b20,delivered,2018-01-10 18:35:19,2018-01-12 02:37:37,2018-01-12 20:46:47,2018-01-20 17:27:02,2018-01-29,b73b575cfe44692948a64dbdd55703f2,2018-01-10
bdda3ba1c505bc39ff2117e340280a74,64d1731909bc780f4dd163b9c94b7372,delivered,2018-08-03 16:57:01,2018-08-03 17:05:21,2018-08-10 12:40:00,2018-08-13 16:47:46,2018-08-08,a30df00a22c69239b63f02b32fd233c7,2018-08-03
3190cee126ad6894778d3f21c28b0a55,f1d1239bf0cad23368e7729702967983,delivered,2017-10-16 11:34:00,2017-10-16 11:49:37,2017-10-17 22:52:56,2017-10-23 19:52:17,2017-10-31,2e9baa1b5454091a7581b9c4d6e615bd,2017-10-16
e677b67c28dfc75969bbf0ff515c0983,758f0c7c33755ee08645b2c472640d2e,delivered,2018-05-19 12:26:59,2018-05-21 08:31:03,2018-06-07 14:02:00,2018-07-03 21:15:01,2018-06-26,e5e2698d69db1201c1084f1cdae68239,2018-05-19
3b9a760c03f8e980720baef328c8a89d,305a0c763f05d43f5ee4d69bb84919d5,delivered,2017-11-14 20:28:14,2017-11-14 20:36:10,2017-11-16 17:57:54,2017-11-22 23:09:22,2017-12-12,9c825ffc75b0f0cc656b7630bbeb8395,2017-11-14
c40a16cd4a407b063160e518ca11f9d8,6875e267b269db773852ec0d6fab506a,delivered,2017-08-19 02:19:42,2017-08-20 02:15:11,2017-08-23 21:42:18,2017-09-11 13:58:01,2017-09-15,ea01e27ca59291ae7aafcba147097449,2017-08-19
f0d9a9e5ae6be6b5b74b1d58208e6261,5ac3eedd22a6b9b50cf801e60e4fc8e7,delivered,2017-12-29 11:10:34,2017-12-29 11:27:32,2018-01-04 22:56:58,2018-02-08 20:33:29,2018-02-01,2ba89e7eff6bfee5d2e755671c26ce3d,2017-12-29
8daeaeb312867695e95090559c5aaaef,9335ae4e15f4b98e71a0340c3bbfd13d,delivered,2018-03-01 14:23:30,2018-03-01 15:10:34,2018-03-05 12:54:43,2018-03-08 01:34:53,2018-03-13,3f63cfe07b030ad0906b309c2e552dca,2018-03-01
4d73a326dfc780a0a459f4ca37111749,40443fa34ffdf6e08864f0e327ba3fd5,delivered,2017-11-15 13:36:39,2017-11-15 14:06:26,2017-11-17 20:32:29,2017-11-22 21:48:32,2017-12-05,6bde5766756765223f0bd48e7d122e68,2017-11-15
1634d04100d187e0f985f2eb2909cba1,1a3776751ed3dcf149859b769566fe0c,delivered,2017-11-11 12:47:01,2017-11-11 12:55:51,2017-11-16 21:54:42,2017-11-21 21:48:56,2017-12-05,5657dfebff5868c4dc7e8355fea865c4,2017-11-11
03ad48120321b06697272dfa53deff2b,81434b9d10a7796f96c83d3b6695016a,delivered,2018-08-22 17:42:09,2018-08-22 17:55:18,2018-08-24 15:33:00,2018-08-30 00:03:09,2018-09-10,a8e4ef0240d9bf6aeceb1fa07f98b7bb,2018-08-22
90ee67e34c9289cc136a3677fc118253,c238318d6dfa22f8c5f753d7f7b45f33,delivered,2018-08-12 19:59:57,2018-08-13 19:55:17,2018-08-15 11:29:00,2018-08-17 16:55:14,2018-08-28,1e81e9225f5ee14fe675197a5ee8b337,2018-08-12
650f8b4597bac2e03e644e6e6d2a1122,ce23650d552b23150a2738a9d325e336,delivered,2017-11-22 14:27:47,2017-11-24 03:12:51,2017-11-29 17:48:57,2018-01-03 20:58:48,2017-12-11,c7f573cd86f5363e5c2cfb12a60e9aa3,2017-11-22
61c89d7dc798716af59ae91e97643681,574991f8027e5776efdeab8cf4c67c92,delivered,2017-11-24 10:07:13,2017-11-24 11:52:07,2017-12-05 02:35:08,2017-12-12 18:34:08,2017-12-14,ff39923a9c95c65545aacade99b7732d,2017-11-24
4d59ce1e8ec1c68f4c79068eb19e1edb,559c943730c2672a55b5a5201f58713a,delivered,2017-12-06 10:08:17,2017-12-08 10:10:43,2017-12-11 23:27:10,2017-12-26 13:42:08,2018-01-05,aedbffbe1f13c1f0f21d9005bed26c92,2017-12-06
f703311779ad4da44672d46ec63dc993,f2adc4b5b3101458bb92adfbdf8537d2,delivered,2017-11-25 20:39:52,2017-11-28 02:54:35,2017-12-04 20:35:05,2017-12-07 22:32:30,2017-12-26,4303c00683ac57c8470afbf87ed8d816,2017-11-25
93bb367e257c000bd449a46fd0e75e56,998e3585ac05662e53050cfbba2f5ff2,delivered,2017-03-20 17:56:16,2017-03-20 17:56:16,2017-03-23 06:55:36,2017-03-28 15:06:50,2017-04-06,7ec825a595229b555fdd6f63e07d732d,2017-03-20
74c42ab72711185c3dc65e4aec7b409c,8e18e3fb38f1f3f79ac2862f2b00c383,delivered,2017-11-29 10:48:04,2017-11-29 11:00:25,2017-11-29 20:52:56,2017-12-09 14:06:57,2017-12-19,31769e4868006bd8b9f427adb05a27bb,2017-11-29
48f8621793a7f3a199cad88137acbb86,79bb740237c04c4a93ec282b659952be,delivered,2018-06-26 16:27:51,2018-06-26 16:58:14,2018-06-27 11:23:00,2018-07-03 17:18:33,2018-07-17,c83ef37742fa65a01b9a38ce81b0eba5,2018-06-26
57785d086897beeadb05f3f58eb95250,53b414e1e7efcd10fc5c751a816d5a43,delivered,2018-06-01 22:26:33,2018-06-01 22:51:22,2018-06-05 14:20:00,2018-06-08 19:44:37,2018-07-04,086bc04deade6572d25b87f7a4c82c5c,2018-06-01
a727355acb88d9b3e6e41fb2e3888a0e,2e3f19e3763da38dd82c6e2e9ff69c98,delivered,2018-07-23 12:58:28,2018-07-28 23:31:01,2018-07-24 15:07:00,2018-07-25 17:35:30,2018-07-31,a22964f39cb8758996ec42f5fb5a7028,2018-07-23
afd221df311d71639bf0ae656fc819f5,f465bdb6782d8b0dfa790b46d7e10139,delivered,2017-08-28 17:16:31,2017-08-30 02:10:21,2017-08-30 19:47:59,2017-09-05 22:22:42,2017-09-18,7210252cf8592e778d794c8362b7120c,2017-08-28
55a626863a11ffe3797bc9fcddbf7c38,d151f9375523a84ea9a619a40594b98e,delivered,2017-06-25 12:24:52,2017-06-25 12:35:25,2017-06-28 12:30:21,2017-07-11 22:09:29,2017-07-18,1b47d90dcc64ba06f431baa262be1518,2017-06-25
53cbc02ffe278ca84b6f4920d9d3ecd5,a1a52dda6ac52aee936ad06712027b83,delivered,2018-03-01 18:07:51,2018-03-01 18:30:58,2018-03-05 18:57:58,2018-04-04 11:28:38,2018-03-20,559026a1299bd2ede976c8d516d92258,2018-03-01
95026e2a6e774fdf2bb59a5eab661b15,0f0c730c073bc0f1f9cbb6cda2ccb664,delivered,2018-08-26 07:57:32,2018-08-26 08:10:08,2018-08-27 15:03:00,2018-08-30 19:44:23,2018-09-13,67829da12cd01c7ca0641cc9890f592a,2018-08-26
f6e89f57355aba0267e4063a2d762c90,5a9c24ae3a1031f1439b260a24d14f36,delivered,2017-04-03 16:00:59,2017-04-03 16:35:07,2017-04-04 15:30:03,2017-04-06 12:57:00,2017-04-24,a6abe15d926391d0b739f4f60ae20b43,2017-04-03
b2c2d4d3b4f7a9fa42e60649bd8a9855,25bb375746821b2a2eb9d7061755b4ef,delivered,2017-04-17 15:27:41,2017-04-17 15:42:52,2017-04-25 14:49:48,2017-05-18 08:16:45,2017-05-22,c1daa30d0e747f8f4ee0ddc0d8715e61,2017-04-17
bde485bef13be8b3bd38071e027e954f,7afaa65f4cd64d06fcebc3ece0a240be,delivered,2017-05-10 11:43:18,2017-05-11 11:42:35,2017-05-15 06:03:07,2017-05-31 07:54:51,2017-06-09,31f508f472ebf8a37c13a7b85693db44,2017-05-10
87a3e006d97c66817429be0d25039a7b,bec3214b41b011e0f2c974a2bdabfce7,delivered,2018-05-22 14:53:49,2018-05-23 02:38:39,2018-05-23 12:46:00,2018-05-24 15:48:21,2018-06-04,d0967fd65654c055b64f3c92ae52bde6,2018-05-22
b3930c1f3ba41004ea17303295d1fb86,bb52339aeca3a09121d9d0b1c88a9dd3,delivered,2017-12-15 11:44:29,2017-12-15 11:53:27,2017-12-21 21:22:39,2017-12-22 18:09:14,2018-01-04,e6a1301f4dae77d4d17ad19cdaf513a7,2017-12-15
1cc3ae63caffff2d6c3ee3e78e074acf,01c843a2c0600def0b7693dba47af460,delivered,2017-08-07 21:35:22,2017-08-08 21:45:15,2017-08-10 18:28:56,2017-08-10 18:05:38,2017-08-25,f3d176999f9c1273045f770712608944,2017-08-07
ccc10a00d9ec059f5360475ddbed1816,e843b9018513091955d4f3b15a236a9a,delivered,2018-04-15 11:18:50,2018-04-15 11:31:37,2018-04-17 13:03:31,2018-04-22 19:48:59,2018-05-23,5732d3d352da117f04663db2861b8d2f,2018-04-15
61907c80953898abbc85d0df266308b8,6f6496c886d70f9cce8559f2450f1383,delivered,2018-04-13 14:55:32,2018-04-13 15:13:11,2018-04-16 23:38:51,2018-04-24 22:51:28,2018-05-09,413823cafbadc1e6267b0863a363aa41,2018-04-13
a88fed0457fca64ff6996a284e38c63d,4492ec8a5b46d602f72a38b327008863,delivered,2017-04-26 15:49:47,2017-04-26 16:02:46,2017-04-27 10:44:08,2017-05-09 08:20:10,2017-05-17,fe21ddc4cb6893d6c411860e84afc2cc,2017-04-26
28c82a8f08d843332818f4f2673e0128,f8897ca2b66630b4d587f8daab079c08,delivered,2017-09-04 22:09:17,2017-09-04 22:23:55,2017-09-08 17:35:59,2017-09-26 18:22:53,2017-09-27,d6f2b57f71496bbe267ebc2b437c661f,2017-09-04
c91379786e27968d49f8c216a94f7321,fd35bfd765a06c355133b40085779d10,delivered,2018-01-15 10:07:22,2018-01-15 10:15:22,2018-01-15 17:45:15,2018-01-25 21:25:00,2018-02-14,8d5eddfb57832fc75daec1c8c1062296,2018-01-15
17e6035d2c8a3c133174ada65347a2e4,e625f68cfc5ace3c29268bbda6328ae3,delivered,2017-05-06 15:00:57,2017-05-06 15:15:09,2017-05-09 12:52:51,2017-05-16 16:04:41,2017-06-02,219e17c492a20599578c4f0f3a5cec06,2017-05-06
3cda6f52ca254406b2c0ce1ae433a481,f89e4237764a0efd10acddd6f0bd18cf,delivered,2018-02-13 16:01:28,2018-02-15 03:55:56,2018-02-16 18:46:31,2018-02-19 20:20:44,2018-03-01,1b0dc0357a39353be33366b9488ebafe,2018-02-13
74960f1e9b23374fc910ece2c75a8f20,a58c2ae6cb7131203e64eb6ab84a3434,delivered,2017-10-01 13:57:47,2017-10-03 04:28:27,2017-10-04 16:00:24,2017-10-08 15:37:01,2017-10-24,814207b75976864697b0615612bae7a6,2017-10-01
c313f7a184ca89fe98049253bd4a3806,e2206e15b4f1a53db362ecf2d200e0c7,shipped,2018-08-06 21:09:21,2018-08-08 03:05:19,2018-08-08 12:59:00,,2018-08-17,4575635c52052ee618c2ef25aedc8809,2018-08-06
f34f5fc0699f22c0ff25056c89074d28,ed5489d5d03cfe3a1748946164d02d79,delivered,2017-08-02 20:05:51,2017-08-02 20:23:40,2017-08-08 16:22:18,2017-08-11 14:49:31,2017-08-22,d1056d68fb207f9fa55f74562df7a406,2017-08-02
881206af1a6a9cd34119b99782759dd4,c868a030c18275a4b69dec550b92a6d5,delivered,2018-05-29 14:01:37,2018-05-30 02:32:16,2018-05-30 11:06:00,2018-06-02 12:35:45,2018-06-21,6d141730d4ed0958992008a4b5ad62f3,2018-05-29
f98f9045770394ee230d0feec0817fe1,d721c06ffc4de876976100c345ce24ad,delivered,2018-02-13 21:23:42,2018-02-14 09:55:23,2018-02-15 20:13:56,2018-02-16 11:19:09,2018-03-01,9d27ffc4cb7abfad74b5943d7f2c20e8,2018-02-13
c2926e31138df3c04db3e35ee72471ff,c3242bc205d376da386c194f6c42592a,delivered,2018-02-16 18:56:51,2018-02-16 19:27:07,2018-02-20 10:23:26,2018-03-19 19:56:35,2018-03-15,9fde7d5b620128b697f4520d5edf9cc1,2018-02-16
b0a2019225451e417b6cc92baef9fc8c,c5352fdf29b9b8a89f11338d0d1ce90d,delivered,2017-04-26 00:24:36,2017-04-27 13:05:37,2017-04-27 15:07:54,2017-05-29 12:43:02,2017-05-22,d32cba0e07a87fa47d988ec46ee4c4ea,2017-04-26
9d9551f39ab1dfc1287b84fe2da6f55f,6955b02fbb91a54af55310ac2ce3b3c3,delivered,2018-06-26 10:41:19,2018-06-26 10:58:08,2018-06-26 14:44:00,2018-07-02 20:26:52,2018-07-23,8651165da92e0f3d689cf4f3cd80bf52,2018-06-26
a9fee536d06608e4030b0a66bdae485d,fb4983913ad382e15c604c2e026767b2,delivered,2018-03-13 16:25:21,2018-03-13 17:07:57,2018-03-16 19:36:17,2018-03-22 21:24:57,2018-03-29,f933e5138e95049704a16e573587a6d7,2018-03-13
eb93e1cf85b4a7ca753e6b6bca9cb1bf,0750772d41a8b042cde18f59e30522b5,delivered,2018-05-29 19:11:09,2018-05-29 19:32:16,2018-06-04 13:40:00,2018-06-20 23:02:35,2018-07-17,563e4637f3b1ef81c3240eae0ee51ecd,2018-05-29
6b80bb20190715d71c43efff617bd659,2fedecfd993b8b3fa889d00eee230748,delivered,2017-02-19 01:15:03,2017-03-01 10:51:46,2017-02-22 16:05:29,2017-02-24 14:27:26,2017-03-17,4687b78e990956109c4019200e3ac062,2017-02-19
ded777e28f1667b9bdaf988fea71c2fd,d958ab01aedd9d5e974f7af1882a753c,delivered,2018-06-09 10:08:43,2018-06-09 10:31:43,2018-06-11 11:38:00,2018-06-20 12:02:56,2018-07-12,6f780c5a7fe8b1bd7d629c7a5851d5bc,2018-06-09
789adcff38193883a280acd712ebe2de,b70ec054337f46427f14298591e9f3e7,delivered,2018-01-26 16:34:29,2018-01-26 17:32:03,2018-01-29 20:44:31,2018-02-01 16:35:03,2018-02-09,cb94563444e3559b2de0d6ac89c9785e,2018-01-26
189a789106a7456d348ba7ebf920586c,eeaffcc65dc75d4107aa7c7ec105ea08,delivered,2017-03-09 21:31:32,2017-03-09 21:31:32,2017-03-10 11:09:05,2017-03-15 13:17:42,2017-03-30,e2353482c23ee6c3ca881ac47143a2c0,2017-03-09
a0e963520ec328f1d0dfa09fc1deb60e,39261fec306b283a5bced88361e4693d,delivered,2017-11-09 12:05:32,2017-11-10 03:27:03,2017-11-10 22:18:48,2017-11-14 19:27:56,2017-11-23,0a7dc55f42bb74c643b846296af163b1,2017-11-09
666cef1ea6542e749eed5394238041a2,fb121a8c3933bc22507e8de3120ea186,delivered,2017-11-05 15:53:29,2017-11-07 07:30:51,2017-11-13 18:22:03,2017-11-21 18:54:57,2017-11-30,f64051691a2eaa6c39c8a546ff92220e,2017-11-05
1d003e03109b335cad4355041e8bb032,8b28757c02e88055f669bcd0e5567bea,delivered,2018-04-26 18:28:38,2018-04-26 18:49:31,2018-05-03 11:35:00,2018-05-11 19:45:27,2018-06-01,2781bc57f691b26e1c6727422a069865,2018-04-26
a57afe5184cd152ebb6dc6cdfbacb153,a2314c946cdf0ee3cda97e4daf7c3282,delivered,2017-12-25 10:40:15,2017-12-25 10:50:23,2017-12-26 21:42:28,2018-02-06 19:46:24,2018-01-24,13467e070783cb6bc9133dbb825dd569,2017-12-25
4c2c7fcf017b1d438e1d6b7898d34a3a,cba9cead491b833f77cea583b54b2fe0,delivered,2017-05-08 15:26:22,2017-05-09 09:35:15,2017-05-12 08:51:49,2017-05-16 19:42:59,2017-05-22,581b4e946d1ac8988b98af747379c150,2017-05-08
bdf7cbcf2a174866c15ade0d9a55bf7d,2a4e10a332748a0ce92f8189c2ca4a1c,delivered,2018-04-04 10:05:30,2018-04-05 02:30:24,2018-04-06 00:22:37,2018-04-12 01:21:08,2018-05-03,f0eff4d455cf4f8011510095cb94d553,2018-04-04
cff23799a67437f662527dff6056233e,857818de2f9ea61790817c40cb6fcbd4,delivered,2018-08-01 18:49:39,2018-08-01 19:05:15,2018-08-02 15:17:00,2018-08-03 20:07:40,2018-08-06,f70e7417b4a03f8e4ddf868d44b908d4,2018-08-01
10545ade808b5283e2ef685eda18d221,75cc4e1182bd4a5f38be0c7f4be85144,delivered,2018-05-15 12:47:31,2018-05-16 03:15:10,2018-05-16 13:52:00,2018-05-19 16:48:45,2018-06-01,72d7af786629573731f9b5dbd2f6de66,2018-05-15
c776863a93dc0740c6e7d78104b21413,1710b798ebdc5db6665c815b90a64999,delivered,2016-10-10 15:01:27,2016-10-10 15:44:46,2016-11-14 07:41:23,2016-12-14 08:03:48,2016-12-14,5c418344883a1f8617cb5577648adb4a,2016-10-10
b3bb86c886cad8c17163d21b74ae93e6,708ea8d0d3527b8581c3a4b0a8fbefb7,delivered,2018-03-11 19:49:20,2018-03-11 20:47:55,2018-03-12 17:41:59,2018-04-08 18:22:37,2018-04-05,7a620ae82428e52991054c34da8827e6,2018-03-11
f311dd8468b0b3ea94823b43c7708951,9f499d6fb0d24a3acfbe5868deba0bfc,delivered,2018-01-24 09:08:31,2018-01-24 09:17:24,2018-01-24 20:51:39,2018-01-30 15:38:03,2018-02-20,d185ee4a02326d41327c9f64695397eb,2018-01-24
6e91641701a7e08771aaaf514d5f7ad6,ea7519d779a7851f03adea20553eb128,delivered,2017-02-28 12:20:53,2017-03-01 12:30:28,2017-03-06 10:31:28,2017-03-09 15:48:15,2017-03-20,0b632cc0cb6815f899fceceef28713dc,2017-02-28
236ff4e9c2ed220ff9d4186b729379b8,34db1359df25493318a18179ae5d4aea,delivered,2017-11-19 11:35:49,2017-11-19 11:50:51,2017-11-23 15:38:40,2017-11-25 16:07:21,2017-12-01,87cbc22f48d2542614a44cd025238a35,2017-11-19
6b6d54d84ae9ab17605da7cd9c335394,b96cbafa722cc5fe4a0032da66e97ca1,delivered,2017-03-16 14:34:02,2017-03-16 14:34:02,2017-03-17 08:19:47,2017-03-21 18:18:08,2017-04-11,dcbc0dd1ac670eaf3c4f15b14c886419,2017-03-16
2c6fdda09fe92a0d4909b941e62fd790,39330c89e6e537b6e6698d805576e36b,delivered,2018-08-13 21:26:40,2018-08-13 21:44:16,2018-08-15 15:01:00,2018-08-25 13:54:39,2018-09-12,fd622355712e8790014974678f0910ee,2018-08-13
9fbdb5da34e42e5603cd57ad18c79729,d33598b092332a92b7b489af1689918a,delivered,2017-11-06 13:43:23,2017-11-07 06:32:03,2017-11-07 21:32:26,2017-11-17 17:47:55,2017-12-04,f01cce5639ad2767abee41dd4621d804,2017-11-06
91a4048535e7c3a499d28e56430d7c6a,47965c9b60a3f765a6a7c285e2ef5027,delivered,2018-08-05 20:00:21,2018-08-05 20:15:16,2018-08-07 10:04:00,2018-08-14 00:36:26,2018-08-23,74cd2924d881a678aaf2481796c975b4,2018-08-05
4dadb98bf1a3966f985a0e3e5923d413,6ba1266d3aa58e84be534a233686105f,delivered,2017-11-29 20:42:09,2017-11-29 20:53:20,2017-12-02 01:07:06,2017-12-09 15:27:08,2018-01-15,06d90b4cb3d0e2b583d4f4ae41cefa14,2017-11-29
bccf051dcbdb40d7aa00e84a00b169e6,3a1b59ada3b17dd1f3efe3ec95fc9a29,delivered,2018-02-12 21:17:41,2018-02-12 21:30:31,2018-02-14 17:09:06,2018-02-15 16:19:11,2018-02-26,2a9cf085d8b0a622e4b13792df7194c9,2018-02-12
6227de9611e75b006686710c6a29df35,8531003935cdca531082191dd5f53eca,delivered,2018-05-02 15:25:18,2018-05-02 17:31:52,2018-05-03 14:39:00,2018-05-14 14:28:56,2018-05-28,86594ed8ada5ff5a9f8090aaa3bd5ede,2018-05-02
f9b80bc225fe1efa4384db3fdb46c2e4,4f92b798813c32fae91a4e3b999d398e,delivered,2018-02-06 10:26:13,2018-02-06 10:50:21,2018-02-14 19:11:58,2018-03-09 12:16:20,2018-03-05,db192d2bec4ae9221d36b4145e15eb4b,2018-02-06
a195badc6ea6f1ecc6bd0e6fb4b45e05,968a920243024c3cecbae5fe32c17d19,delivered,2017-08-11 13:26:28,2017-08-11 13:45:12,2017-08-14 18:47:52,2017-08-19 12:23:42,2017-09-04,40c48509dcbd919a1ee7b7b532cf6155,2017-08-11
ca610b1fadf583e1e3c68c999643494a,0391a63da09585e6aa0b5903a30de108,delivered,2018-04-19 11:38:09,2018-04-19 11:50:34,2018-04-20 20:19:16,2018-04-25 18:15:34,2018-05-17,74fc3837ddbf95ff3f27ce0b4f0cd98c,2018-04-19
c02d29676287677de34ae218da13f8d1,6c019a4320ddf32ebc05c0e33ffca560,delivered,2018-01-20 08:41:44,2018-01-20 09:16:25,2018-01-26 21:58:07,2018-01-31 22:16:40,2018-02-19,902fb348888b2dacff1a11f720c66354,2018-01-20
2bb1a4f728190ce6d581058525ed83ba,f4d8c7a4dcfbc7e13b7a93f95c23c9b3,delivered,2017-10-31 17:26:28,2017-10-31 18:31:12,2017-11-01 19:57:28,2017-11-08 20:11:44,2017-11-14,4f8cd38150dcfc995a061901a89beabe,2017-10-31
ccc8c385093e913c7bab11ff2a5d6cb3,0ca483f116807018eaa073ff9ad84246,delivered,2018-06-01 18:58:43,2018-06-01 19:12:59,2018-06-04 15:27:00,2018-06-11 20:26:20,2018-07-17,fd3c867c2bcd048675609cf2b0f1aedb,2018-06-01
0b6d11d4a289a1574e8888f2558dd548,97e5e50c02504e32d222320d8c4dfbd1,delivered,2017-01-26 16:03:15,2017-01-26 16:15:09,2017-02-01 11:49:16,2017-02-10 05:34:06,2017-02-28,350e8b23ce9d4b0cb07e219f1735b04a,2017-01-26
5d03bfbe0e80f4b19e57854a7a258317,9beb8675c7f87d1d6ffc3a6bb620eb9e,delivered,2018-03-22 20:05:43,2018-03-22 20:28:21,2018-04-02 16:14:37,2018-04-12 21:12:01,2018-04-16,2539ef36f73b605769b83e7ba37bbc73,2018-03-22
2ec51579f21b9d6da3f417e7ccea378d,2ecb17e36f928982da214aaae7f2d7aa,delivered,2018-07-06 09:21:45,2018-07-06 09:31:26,2018-07-06 12:50:00,2018-07-13 14:52:47,2018-07-30,3316900754c0667c6d1cdba18d517544,2018-07-06
b15cd4687b1005f8274833b2c85b8cca,4dfd5c5fde13782f8a08265d9e373d81,delivered,2018-07-21 11:49:37,2018-07-21 12:24:07,2018-07-23 16:47:00,2018-07-30 18:48:50,2018-08-17,a29e416e91f49fba4b15d185c3b5d1fa,2018-07-21
1d75f74f2b35e491804fe25e4c5fd4dc,fb8d76cc917e3fc3c6ac3a9beb0d6831,delivered,2017-06-19 07:45:20,2017-06-19 08:03:08,2017-06-19 21:35:30,2017-06-26 16:17:37,2017-07-11,2096056b14a7360e261fa10b778563bf,2017-06-19
40720c42a96175879b2777f799bb29a5,2cd181b65a283b029e80b5e0e2c2d411,delivered,2017-08-13 10:23:44,2017-08-13 10:35:18,2017-08-17 14:23:08,2017-08-25 21:21:54,2017-09-05,f854c65eeb963e338382e85eb1605319,2017-08-13
db423937d76a5fd5863a04a19d564449,54e99842666d00fabd0928f8510739b9,delivered,2018-05-20 17:57:38,2018-05-22 14:17:15,2018-06-05 14:28:00,2018-06-08 14:56:41,2018-06-20,f546266e401753c3e88d310dd5843d03,2018-05-20
13056739c5aaa31be14c750a7cf9f598,5a2cd7dd3f897be11c0128848e30c585,delivered,2018-05-05 20:10:05,2018-05-05 20:30:42,2018-05-08 13:11:00,2018-05-22 17:07:51,2018-05-28,c6080d7c75651477a3fd06a4315d5f81,2018-05-05
bf474eae16fef2c6a00582f52e79ccbd,5f32eb5f54ab39d065ef46bcef6eb6f6,delivered,2017-09-04 11:10:54,2017-09-04 11:24:30,2017-09-06 23:52:59,2017-09-11 12:06:34,2017-09-26,b21db9362c8865d3a218bbebbf239bc1,2017-09-04
18de001c224789d86e9b702f0c0dde74,6ac31cf2cdbfde9b26ac301de8f94f87,delivered,2018-07-20 20:50:33,2018-07-20 21:03:48,2018-07-23 14:34:00,2018-07-28 13:42:31,2018-08-17,7f4590973f18fe340256da5393d31264,2018-07-20
71ec05487f7ec2171471b9dd16a1e013,b39f07f1c63b700fa1e070448e17108c,delivered,2017-03-12 20:01:10,2017-03-12 20:01:10,2017-03-15 09:47:45,2017-03-21 11:54:01,2017-04-04,b73d9357b3b019a3446e1b4f9b547f56,2017-03-12
6e4bdc7fcc77b5c937e14e033a3ba84b,bc2e9fce754210e9aea914d1fe98d331,delivered,2018-05-07 13:27:18,2018-05-07 15:32:48,2018-05-08 14:18:00,2018-05-11 22:38:47,2018-05-24,2148af710cbd02ff01b87cd3d2ade304,2018-05-07
091c0f9393510fe12cc5409a2601ff22,a3abeac424922b50be0508c7d3b9372f,delivered,2018-06-07 22:32:14,2018-06-07 22:56:02,2018-06-08 17:00:00,2018-06-11 16:13:39,2018-06-25,a31ef19138e1e8ddad1c8c30612a044d,2018-06-07
b9b862b71dd3a13f37bbb72f2addc949,948a5aa4913457adb9094c5f3f308ac3,delivered,2018-07-27 13:46:03,2018-07-27 13:55:17,2018-08-09 14:19:00,2018-08-16 14:40:42,2018-09-06,7b05e0471103ce0ef346e87c357273fe,2018-07-27
84ad418dcacad799e4a81ac24328d6fd,a938af9f18a3121d6729480532cb755e,delivered,2017-04-14 15:38:54,2017-04-18 03:55:27,2017-04-24 07:19:51,2017-05-09 11:36:11,2017-05-31,70efc62d78bc99c55122135b875a386f,2017-04-14
800bb72be8df9c5372c6a4235d38de9b,06bb24810f1367ff6137dcd2ef176d4a,delivered,2018-05-14 14:55:29,2018-05-14 15:17:28,2018-05-14 14:47:00,2018-05-20 16:08:26,2018-05-30,f7535faf5e62c1b979070b4b93d25d30,2018-05-14
c350d0389112a86be9f3802b560764fc,f821d6853e015783af0ce10338a3692e,delivered,2017-03-02 13:42:02,2017-03-02 13:55:22,2017-03-08 15:07:26,2017-03-15 13:18:52,2017-03-23,c353539f727204d0159a5328d5505fdc,2017-03-02
a0354d5eea0fdedb4be2c434273cf139,ab6cc37c6e78c5c1c7314592c14a5cdb,delivered,2017-02-18 22:42:34,2017-02-18 22:55:17,2017-02-20 05:09:28,2017-03-06 15:14:10,2017-03-27,c128f517bff061b450b5604a3478e1a6,2017-02-18
81fd4d3b4acc4fcaee13b2e9bc62bfd5,b19be5e092bab4d46f0a5d73c652d74b,delivered,2017-03-20 22:22:43,2017-03-20 22:22:43,2017-03-21 11:05:40,2017-03-28 16:18:48,2017-04-10,8fb0ffa21a58869a32d1e6f8e27eac78,2017-03-20
132d901a3191ebd415e9ed346435417e,11593c31e67cba57ac694b45f7728974,delivered,2018-02-15 16:10:40,2018-02-15 16:26:36,2018-02-21 02:32:12,2018-03-06 23:32:48,2018-03-15,d7da0f34317690055136ea1ff8f73e8f,2018-02-15
3110b5fad81e43d7deeb4bb585bc43f2,82528de399a6e9ae552a75d956decbe7,delivered,2017-11-29 17:43:31,2017-11-29 18:12:42,2017-12-19 17:09:57,2018-01-03 21:14:59,2017-12-20,26e91939f958f4fa1463c59f03211a90,2017-11-29
ed35c6ec36a7b59c5e1f902280143fcd,5fc1453ae536f0da12b0b1d8986c0555,delivered,2018-02-04 22:27:44,2018-02-04 22:35:37,2018-02-06 18:38:49,2018-02-22 19:35:43,2018-03-09,4a60461ed6324f617857f7f09e41c629,2018-02-04
d0462d19e9c58af6416a06e625c58f13,2b68f1115ff018e29415711c8a9feef6,delivered,2017-07-05 15:48:45,2017-07-07 02:45:19,2017-07-13 20:46:38,2017-07-26 21:22:03,2017-08-14,7151ab1b25efe473683b7ecb51dcf83e,2017-07-05
bcda98e5747cea8a343a6af0e5da9f91,74d314a6a565ebd0d43988de8d69d49b,delivered,2018-02-28 23:57:18,2018-03-01 00:10:24,2018-03-02 22:18:51,2018-03-22 21:04:30,2018-03-26,b316e256ce45161d3ab81f74834376e8,2018-02-28
467a8138ba602b8e9740eff5e08d1f23,d483d7564d3587737d30375771bb72a4,delivered,2017-12-26 17:14:29,2017-12-26 17:29:04,2017-12-27 20:59:07,2017-12-28 16:07:33,2018-01-15,d640cbcd22efe3aea4a346022c4aa8c8,2017-12-26
5265e13b1b649ee26bbaa159d56167aa,442fd67617440e5d001f5e5206f9d40a,delivered,2018-07-19 21:57:35,2018-07-19 22:10:14,2018-07-20 11:05:00,2018-07-27 18:46:45,2018-08-02,71289f58e61bb9977ff1c6f7d91a5af7,2018-07-19
8a24246c79463794ce357f7adc2eb5dc,b71f421805d1f5b43706d4c2f0db5556,delivered,2017-08-22 23:40:07,2017-08-22 23:50:15,2017-08-23 18:40:07,2017-08-24 13:22:56,2017-09-04,115d8a05f4d8734087d6cec282c85e68,2017-08-22
8606d6c4cecb397228da8411e644a5bd,6a3d189d7d294b5cbce75f2fc1cb5f37,delivered,2017-04-20 13:47:11,2017-04-22 13:35:07,2017-04-25 13:45:45,2017-05-05 14:30:22,2017-05-12,5bd572e9792d37a0902ca5342c4b9609,2017-04-20
9562a9a598a619a1726397eb5246e623,db68bc0ec210aa334d85a4360e045cdf,delivered,2018-06-11 15:41:37,2018-06-11 16:31:36,2018-06-11 16:16:00,2018-06-18 20:25:44,2018-07-05,6351fc41693a8af0542b0f91b983df99,2018-06-11
cead26525980a4c3b2709a02342422c5,ce282b3208baefe989bd4bfcbf776312,delivered,2018-07-25 22:27:45,2018-07-25 22:35:19,2018-07-27 14:24:00,2018-07-31 19:28:39,2018-08-16,d19cdec7c13ebd5deb8fc4cb81c508e4,2018-07-25
b30a09b85513a03dab6e86a547a73219,2f0b8de5b769f1fb9e33a828d229543b,delivered,2018-06-28 23:47:44,2018-06-29 00:10:20,2018-06-29 15:07:00,2018-07-02 20:52:34,2018-07-12,d2ee49341d6dd6b0629439c63a84a4a8,2018-06-28
d31df581f4efcfd5c6f523bb0fed1bc7,64c3b046e53fead1e450ccccfbe966a6,delivered,2017-11-27 11:43:42,2017-11-27 11:55:10,2017-12-01 19:27:03,2017-12-04 19:12:10,2017-12-13,429e518ce8df99be0112d0a03be13c15,2017-11-27
d701dc60f61795a62070fa2494b6691a,5c87184371002d49e08b9ac10eb96647,delivered,2018-01-05 19:15:37,2018-01-05 19:27:42,2018-01-08 18:17:05,2018-01-16 20:58:52,2018-02-07,86bfc49565a9ca52fcbf861fcc1e67a4,2018-01-05
3660e114692157e805cdd9f04e83d9e9,4b81d3c91fed6cc8ff56c408caacb520,delivered,2018-07-04 07:08:45,2018-07-05 16:31:51,2018-07-04 09:27:00,2018-07-10 12:18:47,2018-07-25,81cbddb7aee0b7f1db32b2792cbe5f45,2018-07-04
df9ad58c9ee5c31a5a9e19eea2acc369,c216afd969392d546d175422ce463b4a,delivered,2018-04-04 16:44:40,2018-04-04 16:55:21,2018-04-05 16:41:19,2018-05-07 17:32:00,2018-05-07,5b783104911d26b448550275f926fefd,2018-04-04
e398c7c31ed330a71788d15ed2fce3c1,5022998b373808425858c5fbb585728c,delivered,2018-01-04 18:09:42,2018-01-04 18:19:23,2018-01-08 23:33:14,2018-01-17 20:04:54,2018-02-14,13a39fca6688843021688b5d8dbe60ea,2018-01-04
525be0565c62b7b2f1fbcb67241fbd9b,69c63c544b530cd20fc9ca42a6b62525,delivered,2017-12-11 10:02:10,2017-12-11 10:11:02,2017-12-12 17:22:46,2017-12-28 23:24:41,2017-12-28,e2af06e94b3094789066fc9bdf6d32be,2017-12-11
b89453b158d269f648d8a0185f16339d,2e273a2e17845c4e82d0e4f77cee91af,delivered,2018-06-16 13:05:00,2018-06-16 13:19:33,2018-06-18 15:49:00,2018-06-23 00:26:28,2018-07-24,4328977b9f801923952fadae9b033b22,2018-06-16
e662f080948818831b03ae9386ddab42,937fcb3744fe04fe6197aaaf2b1a0c94,delivered,2017-07-28 08:27:03,2017-07-28 08:43:52,2017-08-01 15:37:34,2017-08-11 14:40:05,2017-09-13,9f9f671b24783ac2dae58b77523fec95,2017-07-28
790fb58b26bd95b481d6df9c7a0ea696,0c2df703f6752ebd02a6c972086b4c80,delivered,2018-03-20 08:02:54,2018-03-22 02:55:53,2018-03-27 17:24:48,2018-04-06 21:36:48,2018-04-11,460bb04758c9b4ee528d86a2504ee61e,2018-03-20
a52f7fed96d71ecc9f577e2584e9d938,a604feea72cf6c3c63208e5f35dc3c0d,delivered,2018-01-06 03:07:37,2018-01-09 07:16:33,2018-01-10 21:34:07,2018-01-29 19:41:15,2018-02-06,b8e21ad479da823a52b677502d3c7ea9,2018-01-06
873b407aec2027c9588607f4b0b8786a,0f5eb5cde12ff4b4d609d8c4fb4e20a0,delivered,2018-03-28 20:50:18,2018-03-28 21:07:37,2018-03-29 19:46:32,2018-04-06 21:27:33,2018-04-19,a9538cdfb823cb7f7c155a37e6ef603e,2018-03-28
3c9e706b2938bbef0922d8c7da956ec8,0f08b80da14cc5ee19ccb36e9cfb2b15,delivered,2017-08-21 07:30:58,2017-08-23 02:46:54,2017-08-23 20:00:05,2017-08-29 20:13:50,2017-09-13,f384a648741616e0389aa34f53db96f2,2017-08-21
bd034c2007f69b20fc34a194133c99f7,c4fb3d463124861b2fbfaa120b0b9dca,delivered,2017-04-21 16:15:21,2017-04-21 16:25:27,2017-04-24 13:20:06,2017-05-12 09:43:04,2017-05-25,379647e203f29b64434e9176d19cc794,2017-04-21
775bebf68a82c7b530c362d8fccb5ccd,7499df3bc3d59387a81ed0d55645de2c,delivered,2017-06-14 23:30:41,2017-06-14 23:42:46,2017-06-19 20:51:51,2017-07-26 18:06:37,2017-07-05,d12c7cb919ab7154a0cee8adfcc212a0,2017-06-14
38feb0b0bd51324506094a2c9f8bbc6f,6c03466a854c3fe8fee77457507dd5b4,delivered,2017-09-29 21:56:33,2017-09-29 22:07:28,2017-10-03 18:56:07,2017-10-14 15:57:31,2017-10-23,6682e97c3100dc9e7321a887b3479ee2,2017-09-29
d91313a0c0af07ea76d8eb89ed780b61,516f6d86c15992b88f28e335a4d5de21,delivered,2018-07-17 19:34:19,2018-07-19 02:45:25,2018-07-19 15:14:00,2018-07-25 18:18:45,2018-08-03,de866cb257c9e901821980f264fae2ff,2018-07-17
fcfe1ea18aae8ae4a08253fd4060a763,7708775efe2bcb20a0da522027356ba2,unavailable,2017-02-11 10:36:04,2017-02-15 11:32:29,,,2017-03-10,c7b11bae00fa4158c2be0764bf976ccd,2017-02-11
ad1e181092a016f9c984f5ba59bd9119,92d80c533a45c936e5ba04440a73d99d,delivered,2018-07-21 18:24:39,2018-07-23 15:34:04,2018-07-25 14:19:00,2018-08-02 16:25:00,2018-08-15,6c286f4b415764f00f8ebbe4f8fe271c,2018-07-21
0ced306b608e9bc80ef960368a3414a4,2f5ff4d0d6e4f93ff81abd25f3e35391,delivered,2017-07-09 20:01:59,2017-07-09 20:10:14,2017-07-10 19:43:27,2017-07-11 22:15:43,2017-07-21,94a19681bf6faa3c6ce3e2df1c2d97cb,2017-07-09
9e5416019158fcec718c7aa6dd877d8b,3cdde25678968e2b228c3839b58c9077,delivered,2017-03-25 20:49:27,2017-03-25 21:05:10,2017-03-28 11:36:20,2017-03-30 13:33:01,2017-04-27,cfff680665b1eb83311d43392f708efc,2017-03-25
1a0bb7fae90bbf7880d299f24698fd23,4b0d895315b8db8289d92f789ea5fbf8,delivered,2017-08-05 09:49:33,2017-08-05 10:03:56,2017-08-08 19:25:02,2017-08-17 17:03:49,2017-09-04,97cf1b6997633675b441a9c9a4135a04,2017-08-05
e7744f6b47fb7de31a60035c997d3956,5f92de07ddce980e01bd31b779d26a4f,delivered,2018-01-21 18:44:44,2018-01-22 18:37:22,2018-01-24 21:24:46,2018-03-08 19:54:31,2018-02-26,aabf1fe2dc1980ce711c6212d8fb5074,2018-01-21
3a61b3fbedc733000b0529431170ddf8,2a950b7952a2d2eb12010d9f5d1b55f4,delivered,2017-09-18 16:15:42,2017-09-18 16:35:42,2017-09-20 21:34:56,2017-10-11 16:03:17,2017-10-04,77ba7d982e2b7d4c36f2e2b26c4d6d92,2017-09-18
a0afddbc8d20cd503b16d30779bb1c04,b44f9d08ca382afcea11e98ff844f89d,delivered,2018-04-17 11:00:32,2018-04-17 12:15:16,2018-04-17 21:18:57,2018-04-23 19:38:43,2018-05-09,e7ab0030c1319de2bb06c023737f34bb,2018-04-17
1c4b050b03674a68df8780c156a1e117,c0a8281c9a51b166d389f6ee6c144dd2,delivered,2018-06-27 16:40:20,2018-06-27 16:55:26,2018-06-28 14:09:00,2018-07-06 00:48:41,2018-08-03,2b87779ed81054f89f79a85f4c56376b,2018-06-27
deda46d52534f8f81c482a3980bf644d,9ea532ae1a81a461327f049050c64f14,delivered,2017-10-31 17:17:33,2017-10-31 18:31:10,2017-11-01 17:16:04,2017-11-06 22:49:28,2017-11-14,473f7ba5343803cbf047377f04085c45,2017-10-31
542d558d7cd9f734858beabe2622b2bd,fe4a3d31418fdf45182fcea36d1515ba,delivered,2018-02-21 13:25:44,2018-02-21 13:35:42,2018-02-22 16:22:58,2018-03-22 16:28:46,2018-03-23,4351ecd4b7052df65c49b079b6d97480,2018-02-21
abfc66aeb626c9309463b929eacfa7b4,0dc9caeeab25bfb44e49d9d941234070,delivered,2017-10-14 22:49:38,2017-10-14 23:08:07,2017-10-16 20:52:29,2017-10-27 15:40:05,2017-11-03,159d4c970c59f873565aa78555900b44,2017-10-14
dca4a82d39755569d7c236f6182575af,57abe2e14a657e862011387e500abe57,delivered,2018-01-07 21:07:17,2018-01-07 21:15:26,2018-01-08 23:49:50,2018-01-11 18:07:43,2018-01-31,78c5bae602d6d120f6f4ed4acbd46284,2018-01-07
cf61ad2218e5c14397e7c0ba7a6a50f9,1f543da240d9e98a776df1a9b93fb0cc,delivered,2018-08-08 10:25:55,2018-08-08 10:35:13,2018-08-08 15:17:00,2018-08-14 15:28:32,2018-08-29,645c9cb2c3f485b7757d9fe0ce376e78,2018-08-08
67e2354f0dc001f2851fe42d58085f55,110b52a6ad38588a501ea02fc1156d69,delivered,2017-05-02 15:33:23,2017-05-04 02:55:18,2017-05-05 14:13:33,2017-05-10 09:48:36,2017-06-01,a2c403630a8ed427bb5d0b3d0f170f68,2017-05-02
7bb7bf45693873665dd4a3028c3d9883,cfc2dd5ca59a354d388f0047be4deeb9,delivered,2018-01-17 10:48:32,2018-01-17 10:57:37,2018-01-17 22:32:25,2018-01-26 19:03:54,2018-02-19,3dcdd9ca88cc9f6e7e51e7378bb982e3,2018-01-17
f64fc900013bfa7716897f6208c5c126,4a56f58eb3067bcbc9908f3edbd69658,delivered,2018-03-19 13:36:55,2018-03-20 03:08:26,2018-03-23 19:24:36,2018-03-30 00:39:41,2018-03-29,cd86f2b40a6183a8212f9053bb0aaf8a,2018-03-19
5cf5cdef34e1a2488666267e4eda1792,1d0696acbcc828834294b845e3f397b3,delivered,2017-04-07 22:14:58,2017-04-07 22:30:15,2017-04-10 13:29:31,2017-04-18 13:39:56,2017-05-03,7d2c83859f25ef23950e05c5985ef5f4,2017-04-07
d61c57ca1a55ced6197d4f0c6da594e8,e598ec14c5f4f343a13e75b56c1af120,delivered,2018-03-16 15:23:18,2018-03-17 15:28:27,2018-03-20 20:14:26,2018-04-16 20:11:50,2018-04-09,d028f19f3afb163c53c0d6f3592216a4,2018-03-16
9722eff1585170140d33d9ba863ba74e,54459d342aa6d7e6f4e52490a98c091d,delivered,2017-07-19 21:54:58,2017-07-19 22:10:14,2017-07-26 11:07:51,2017-07-28 18:55:47,2017-08-17,507d34ab7a9f465f7a023cf256e524da,2017-07-19
bb535f122a301b2b48f02befcedfcad5,5fa3e7405bd851a51f1e1aa56fc145a0,delivered,2017-08-03 11:36:18,2017-08-04 09:35:18,2017-08-07 14:40:04,2017-09-18 18:24:48,2017-08-25,73fd25c9fc5706f6db9eaecbf248241e,2017-08-03
ecb29eb956683b4c0a93b0a6ad9da2d9,fe8854b59888e2f4e16fa95a9fde3e27,delivered,2018-06-23 16:36:08,2018-06-23 16:58:58,2018-06-25 13:57:00,2018-07-05 23:48:51,2018-07-20,70385f2723b5983e2102dd4b06a266eb,2018-06-23
fdf0de381108943ba5c28f2ebce00782,0fe123899f3b5e1552eb5dea4d9d2283,delivered,2018-08-22 13:58:43,2018-08-22 14:15:14,2018-08-23 14:17:00,2018-08-27 23:11:51,2018-09-19,cd40521579e1a188a7fd1cae72b386b7,2018-08-22
2cb6e38ed0cc360e8364ac92cbd72c6a,daf48d46f02781281caa88f1ac967fc8,delivered,2018-08-07 22:19:51,2018-08-07 22:35:21,2018-08-10 12:02:00,2018-08-28 20:39:41,2018-08-28,c596a5d0ac41a4a51eee68f1a0fe7ecc,2018-08-07
b03212f61ea1e4e047d60f49271444c0,249aef511c0171483eb06077c8a98b65,delivered,2017-11-20 15:33:26,2017-11-20 15:46:40,2017-11-30 22:50:56,2017-12-08 21:53:05,2017-12-13,777f49cd884e35d4f7983f59f5fc6c98,2017-11-20
f9bec732ab454a0aa8d04a38af127a23,c328b59991677d1f69675d143c1f94c9,delivered,2018-01-29 01:52:05,2018-01-30 05:31:35,2018-02-03 14:52:49,2018-03-10 15:06:32,2018-03-05,367e22969d3e7963ed7906e186c662bf,2018-01-29
44b4829b58167b697a69c8aa8eb64733,9a4a3ebb868261c944c5ba16fdaff61b,canceled,2017-03-01 11:26:37,2017-03-02 11:30:21,,,2017-03-20,d80428a055be33747921d70b443d2fa5,2017-03-01
ecbdd603d8aaf9ee128285c94a390caa,3ae866c08dcb731c9b16ae503bfc8c66,delivered,2018-08-24 17:52:21,2018-08-25 02:50:09,2018-08-29 11:07:00,2018-08-30 13:52:13,2018-09-03,f25c87f2bde09ab1397ad8d35b6d99c8,2018-08-24
6bf198e21fd4b87c035d4e94da5d1f85,42e89706e18b5cd161f33ded3e9b379e,delivered,2017-07-15 10:40:53,2017-07-18 05:50:30,2017-07-20 19:13:36,2017-08-02 17:32:31,2017-08-14,af7677b14139402d72356e06e8d6b924,2017-07-15
eb504f547e9f4d8c739ddcf0d8efc9a7,f65a77a160b54821f47499e62dad9ecd,delivered,2017-07-09 19:24:21,2017-07-11 03:50:34,2017-07-11 18:07:39,2017-07-21 19:07:53,2017-08-01,d4282fcc5e857890e12ce8444d99b5e0,2017-07-09
0459f8e390241a0cad720e0fce4e66a7,4a66e81f5facbb22056e99f332d918b9,delivered,2017-09-22 19:32:03,2017-09-26 03:28:20,2017-09-26 18:54:51,2017-09-30 13:34:08,2017-10-16,2cc3ab894ffb00474daf7268dded66d2,2017-09-22
c84672629542fa3983b0f44124ab25f7,d2f3a09f97d3d7711d2b8b15993dd275,delivered,2018-01-13 19:23:06,2018-01-13 19:33:26,2018-01-18 18:39:55,2018-02-02 01:10:05,2018-02-15,864fafba0ef3990570fde1333e2cfa45,2018-01-13
c8c18df5a0fc2bd0c67d168dad34eeb6,0810bec75fe542b1d68666785181d394,delivered,2018-06-11 16:18:07,2018-06-11 17:01:42,2018-06-12 11:37:00,2018-06-19 15:48:25,2018-07-11,0a4bcde9c0983e84b1f4e0705d121f25,2018-06-11
ab9cecc2d664f4544a42672bdf9ce1fe,bf1515c87e5935319c2f90fe1cbc833c,delivered,2017-06-19 13:25:34,2017-06-19 13:35:33,2017-06-22 08:06:31,2017-07-04 18:24:44,2017-07-11,5f78e7fd782d320423c2ae0d49fdbcf9,2017-06-19
4c08f008753759d67d8ef45942f1a891,54ca6dc5e99a82fe5112744bc4e9ef26,delivered,2018-06-07 22:32:24,2018-06-07 22:55:51,2018-06-08 13:48:00,2018-06-18 14:31:22,2018-07-17,ed917c786a8a3e411eae87aeca27cb27,2018-06-07
bfd223d76eb49674f6870a4ed53081b9,f75cc5ac3e64181a86667dea65023268,delivered,2017-12-26 12:07:12,2017-12-28 02:37:50,2017-12-28 22:47:20,2018-01-10 21:27:07,2018-01-24,9d45542d3d4b9dbc754a65f8850e5761,2017-12-26
30ef7c120f099b71e0e0eae30f95c954,45ea718c3e7fb98d483c4a66455db9ce,delivered,2018-07-20 20:12:54,2018-07-20 20:25:11,2018-07-23 14:58:00,2018-07-26 16:19:12,2018-08-03,38617bf4355f96ed474cacae71db2873,2018-07-20
acfe0c2fea2b051266330ab0f7aece5e,d3832d663d780c302eed541de0cd7477,delivered,2017-04-18 05:49:37,2017-04-18 06:02:50,2017-04-24 13:35:39,2017-05-02 13:54:14,2017-05-11,b4c57c796e2807577956b7525d60c776,2017-04-18
8da6a6d44c21cc0512f5420c3d199733,ac1c9647599c6393d0e07abdd641516c,delivered,2018-01-08 19:19:47,2018-01-08 19:30:33,2018-01-09 20:47:43,2018-01-24 01:38:59,2018-01-31,94a39b14492606d6c98132b9a910779a,2018-01-08
9abf08c7cd99e4755666520ba9f96f2d,fede16cecec9d02f2959cc9e262a4ec9,delivered,2018-03-23 12:00:17,2018-03-23 12:15:43,2018-03-26 20:56:45,2018-03-28 16:06:47,2018-04-05,2a2516124968ae352470365881edee89,2018-03-23
45e646cf27d13009d98af6e85560a499,a9e109d30979d4afa7edc0409a64aedf,delivered,2017-08-15 09:26:10,2017-08-16 11:05:21,2017-08-16 21:22:16,2017-09-14 19:31:55,2017-09-19,017adfe7897c78902d9f7d58cd855990,2017-08-15
c4cc03bca99df6978ffec2cf33fe0acd,c66a6bc740f30c7a1f6718a8944939c3,delivered,2018-01-06 19:17:24,2018-01-06 19:26:43,2018-02-08 14:33:17,2018-02-19 21:52:15,2018-03-16,af97d4ce03773a8f1111bac6ea2871f9,2018-01-06
6cd5caac0c1958404675f8cc9804355b,964d237d2759ea48aa2dfac1602cd550,delivered,2017-11-30 10:12:41,2017-12-02 02:51:15,2017-12-04 21:22:31,2017-12-08 22:14:23,2017-12-27,1141580f2927c2954ecebbb621eafe02,2017-11-30
837bf2d48f18fc4d6e2e32cac9941960,c8d7c9a0047bba418f7a0ea9eda4976e,delivered,2018-05-26 12:46:18,2018-05-26 13:10:56,2018-05-28 15:12:00,2018-06-08 23:05:22,2018-07-13,6e08abf5cfb67eeea9e48463da288788,2018-05-26
34edba1d39c09cb41fd226b21f2116c2,fb67b1f519b9850cc4f21452d9e5a586,delivered,2018-03-15 10:58:42,2018-03-15 11:10:29,2018-03-16 21:41:53,2018-03-19 20:36:34,2018-03-27,383eeb5ca339357dd05eb6f567825d60,2018-03-15
12c4109395e2d739b7b358d3968c0e29,1e6871517e2bd63b7ccb393370800abf,delivered,2018-05-17 09:15:15,2018-05-18 01:57:11,2018-05-21 15:39:00,2018-05-24 18:31:10,2018-05-30,ed7497adf95561838f932780cbed3868,2018-05-17
13a4fe3b64aac56f600ed7ff191415c9,654462019c31f990e4e83b074b585b0e,delivered,2017-11-28 12:13:42,2017-11-29 02:20:10,2017-12-05 12:52:29,2017-12-12 21:28:52,2017-12-18,0aab2a678227c8ea1cab4315e5c1094a,2017-11-28
7bbaf5678aa799c667b939cb8a8b0294,36bebcb0ffc46c9e5f46a67ebc358010,delivered,2018-06-30 17:59:29,2018-06-30 19:10:15,2018-07-04 15:26:00,2018-07-11 18:46:40,2018-08-08,6ea55f78e7f208fc83ab0c64d5fa74c7,2018-06-30
5854e79825b6bb53dcf1afdf5568a404,de7120cd5e3d02e79031699729b785c0,delivered,2017-11-06 16:55:54,2017-11-06 23:31:29,2017-11-10 19:25:24,2017-11-18 12:54:29,2017-11-28,8f2c2bb85004d6fb8eaae044d3c4096d,2017-11-06
47aa1d8d4f3edcd905a4ec406c3b5ab8,838ea018e5f1adb0329e906f7381b756,delivered,2018-03-28 13:39:16,2018-03-30 03:15:49,2018-04-04 00:28:44,2018-04-27 11:34:35,2018-04-20,dc71182e44a6972fcee9d71c617226ed,2018-03-28
f0cd656fd53ad367dc70806501ef74eb,d893f12ff8eafcaec2a4dbf5944d1c94,delivered,2018-03-22 14:41:50,2018-03-22 15:31:16,2018-03-27 00:34:22,2018-04-12 23:28:27,2018-04-13,3be412c1321c061d6f85c5e41530ce2d,2018-03-22
56ec352c6fe1e0d991734d0d49151e32,154f47535f234011acf5637217d4614c,delivered,2018-05-04 15:27:52,2018-05-04 18:16:21,2018-05-08 11:51:00,2018-05-16 21:12:20,2018-05-30,b57d68613bed0cf12cc18e9312e5f033,2018-05-04
4e801b3860564f02745ba49a886fbc0d,2805aecd7250141468fc9e256aa3fa6c,delivered,2018-04-24 11:10:59,2018-04-24 18:56:28,2018-04-24 23:47:50,2018-05-09 18:48:40,2018-05-30,e2a1de379f4b1b3293a5a0c45aec186d,2018-04-24
5ffeee9d677333ddef6ef0db3aaf50e9,2519d867dd1a3978f406e0af4f7ece17,delivered,2018-07-15 21:31:59,2018-07-15 21:45:17,2018-07-17 12:27:00,2018-07-20 17:18:36,2018-07-31,87a1b6af711c5106549f30f931b77bfd,2018-07-15
dd50addabe54a9c924c82e73c4daac41,aa93b67bd6d5a770fde3735cb0e62b68,delivered,2018-04-27 01:56:15,2018-04-27 02:41:09,2018-04-27 14:12:00,2018-05-02 21:16:57,2018-05-21,19de4cc79e2c2986e70b155b7631f61c,2018-04-27
4b9fec2aafb24c7a29deb4edfea665b5,364451e060b01bc8ec601cc26d23c153,delivered,2017-12-22 13:28:02,2017-12-23 13:19:25,2017-12-26 23:45:50,2017-12-29 16:52:40,2018-01-16,4bdbedb4f04d2ac7e400c78e0fd6672a,2017-12-22
9e67554691d897a062b488672618621b,f10f498c2eeb29358c7e5d81a8b0c91f,delivered,2018-03-10 11:49:43,2018-03-10 12:00:39,2018-03-13 11:21:20,2018-03-20 12:55:10,2018-04-06,556b9d9fe41bf7a26e0d1c177ff832d8,2018-03-10
0bad561c531f95c3d0c3ef2e03ed72de,4012a377e719108fd66522acf06dabd8,delivered,2018-01-19 20:49:57,2018-01-20 17:21:27,2018-01-25 21:24:49,2018-02-01 19:10:29,2018-02-14,a30ba8df91205b96f2fe5f6d3651dc74,2018-01-19
ed0e059201c86672e445d3338bfabc13,07c3db976b113d84c84b4695caa0614b,delivered,2018-03-23 14:19:22,2018-03-23 14:30:43,2018-03-27 16:56:51,2018-04-03 21:58:47,2018-04-23,f32765895cfd7151c39fc8298821812b,2018-03-23
5366d1bcf7e5ea4eee3743562bb39aa4,814fe50852ab4b281eb92a353442483a,delivered,2018-02-11 18:13:24,2018-02-15 04:07:19,2018-02-16 23:42:09,2018-02-21 18:59:54,2018-03-08,3a5502b9589abfb6ec6372cc64b0cea3,2018-02-11
12ef95248b875f8d5b8816bd3f281cd1,2dcc6ad64939f4d896aba56fe6020d23,delivered,2018-06-30 16:05:15,2018-07-01 16:09:58,2018-07-04 06:49:00,2018-07-09 20:21:04,2018-07-25,b399ab7cfc16a8a52280423b8f601904,2018-06-30
20780a7d28c56e659d58bccb369a0b3d,9b69d111ae725c1c335dc08bd928e377,delivered,2017-11-13 11:24:58,2017-11-15 02:55:41,2017-11-16 16:14:48,2017-11-21 21:59:28,2017-12-04,28944c01561836b85c8282e6f9a1a295,2017-11-13
e0f9009cf0a83fa9341d61e7052a6e5d,ade877be50f6c176e0fafc2da7f37fd6,delivered,2018-07-24 11:31:05,2018-07-24 11:45:08,2018-07-26 14:12:00,2018-08-08 18:59:23,2018-08-22,a0dad71a362c1b18bed7361e8abb7031,2018-07-24
ffa1dd31c0e1fd3a1248fe23238eccd5,f3c933ff52ea525fddbaf9dc575bf332,delivered,2018-07-27 18:56:09,2018-07-27 19:10:10,2018-07-31 10:58:00,2018-08-02 23:46:31,2018-08-14,e62c31e923ffb28c1aaf4d6cd6a74286,2018-07-27
90c4f854c8aa741f36043f09790eb18f,b3a5381d8bb30cdeb5d9fed3b624359e,delivered,2018-06-08 18:01:14,2018-06-08 20:42:18,2018-06-11 13:19:00,2018-06-13 20:12:07,2018-06-21,a4083e34a02b8dd6f3a859a95f0fcc4a,2018-06-08
29e12a2232dff5d6c78392998b660f42,bd7dc1694b09e3cef45723eb8a5d579f,delivered,2017-08-11 22:40:25,2017-08-11 22:50:16,2017-08-14 18:21:52,2017-08-19 15:39:37,2017-09-04,6590476e3e28a735aae1f7299800451a,2017-08-11
db64a5b6724f1501323cc11154cbaf39,0193e732775076a20ff2fa6fed46513e,delivered,2017-03-23 15:18:59,2017-03-23 19:05:14,2017-03-24 14:02:37,2017-04-05 14:13:09,2017-04-18,f3de50f48e26b4ae2b1ae6d0e27e1629,2017-03-23
4f1185748d3ae9c27076947ae98ebed8,d83753072568e192f71fd5848f98a30c,delivered,2018-02-24 18:49:16,2018-02-24 19:08:12,2018-02-26 18:22:58,2018-03-13 14:35:26,2018-03-20,b93ccf800647485654f0c63b77a492f4,2018-02-24
a8318f40d6ce7e1367863809d56a63c3,95556f234fd4ad5aa8872f93455430ac,delivered,2017-05-05 19:53:12,2017-05-09 09:50:20,2017-05-10 08:47:34,2017-05-16 23:17:35,2017-05-30,3574bc798156f406b12f377bf3fdd381,2017-05-05
825197d9865f5523eb079605067c8fed,a7c27383344b1cccc4db0f42cbe437bc,delivered,2018-08-20 22:00:09,2018-08-22 03:35:09,2018-08-23 11:41:00,2018-08-24 17:21:33,2018-08-28,6cf435fc7c34c882d7688012eb54b43c,2018-08-20
48ccdeef5374f816e8e7112ce99c8076,b73c90779b141dd9226af3fc26b9d9cc,delivered,2017-06-24 16:48:06,2017-06-24 16:55:21,2017-06-26 14:48:39,2017-07-03 14:29:58,2017-07-18,e384888803fad281b6d49ffabc98786a,2017-06-24
a2f7b7dd8e50a59d16010e3d5a52b2cd,bb16c074df4c0c4551cadcaa2eabcece,delivered,2017-10-09 22:59:50,2017-10-11 03:26:51,2017-10-19 14:12:19,2017-10-25 19:37:54,2017-11-01,dfd745964828b2a884c373b7d48253de,2017-10-09
295223d3665d750dffdd3da21dee2d15,b7514d57081dbde6d17c152fc35f3531,delivered,2017-04-04 17:17:29,2017-04-04 17:25:14,2017-04-06 14:07:56,2017-04-12 13:12:09,2017-04-25,b0ba2e0d0afecff3b850f4c9675b6f1c,2017-04-04
74bdc516d1c6a8e16cd1a546ea067c26,24d97ea7bb12a40f87d701e17017d282,delivered,2018-03-27 11:00:09,2018-03-28 02:47:20,2018-03-28 23:37:37,2018-04-03 17:51:40,2018-04-18,5bd046eccd966d97c4fe06e8d75a64a7,2018-03-27
447fbbff08bf51738b0b1f820b166372,e697f7adabf275ea017610a2d7944ef4,delivered,2018-06-04 09:26:00,2018-06-04 15:11:14,2018-06-12 15:14:00,2018-07-06 19:38:42,2018-07-18,d99853d1799e1f3b93db64bc4b8e4637,2018-06-04
6d35086a1e8f72a2bb8add8d93b6aa8a,b36a5c96457aba6caa2835354af8b069,delivered,2017-05-17 18:00:42,2017-05-18 18:35:13,2017-05-24 16:02:50,2017-05-25 09:14:32,2017-05-30,18d0f289940d177bba8a90abbcd68adf,2017-05-17
04a18000a647d0f0f842ca489dd4a464,ec2b17a04abb80772ab4e8949e3dca27,delivered,2018-03-21 14:03:09,2018-03-21 14:48:45,2018-03-22 20:29:37,2018-03-28 21:07:12,2018-04-10,cddc66766972c6d5da2fdd80fcefe1f0,2018-03-21
5d384e0ab579db9d8e3e60baa0637f91,7d319cee0908bb2b366ca6d07a8b1b9b,delivered,2017-10-18 14:34:23,2017-10-20 02:49:39,2017-10-20 18:03:36,2017-10-31 18:19:05,2017-11-10,0b0349f4a757a33d0d65821fdaac795a,2017-10-18
52fb2336bbf199586136afbe9822086c,8e595e393b39a8843fa07dd9715232fb,delivered,2017-11-06 14:28:25,2017-11-06 20:41:44,2017-11-07 15:42:07,2017-11-09 21:02:37,2017-11-17,3abcdd9f2adabfc152ffc2c348ab5644,2017-11-06
a1a43cda291e19630504e0139508698d,f05d35ea25fb09c61b7068ef73038e81,delivered,2018-08-03 22:01:10,2018-08-03 22:15:17,2018-08-06 16:55:00,2018-08-07 11:46:43,2018-08-10,f231138de343521ac335f9a7ad7bc9e7,2018-08-03
7e6947a332fa36bbb61f7fc5a92fc988,fbe09f282571d313ea0bc08a3b9a8a39,delivered,2018-07-10 10:43:20,2018-07-10 10:55:21,2018-07-13 12:33:00,2018-07-21 00:18:41,2018-08-01,08104613525295ec3baa772d4c37ef5b,2018-07-10
e05fcf75ddcb70932821597dd5b5ae7f,946a373432fa262b9918c26b85b51769,delivered,2018-02-22 11:17:44,2018-02-22 11:30:52,2018-02-22 21:49:07,2018-02-26 12:33:10,2018-03-08,bd8846c0a9229525faa9fa94f8d259bc,2018-02-22
82b2afa9de6b8380c015e7281c3af763,18998e51073ea0cf42a276acf6629402,delivered,2018-04-28 07:57:05,2018-05-01 05:32:21,2018-05-11 14:17:00,2018-05-16 16:55:52,2018-05-29,659f52d8ed60a74eb8de94686fd54568,2018-04-28
6766c48f8826d672e4b844ee0a01a195,5c95668403fb988546ec398b82b99a0e,delivered,2018-04-17 21:52:30,2018-04-17 22:12:26,2018-04-18 16:35:28,2018-04-26 15:44:45,2018-05-15,4f3ae597d5e3aeea1edfdf3c39d55124,2018-04-17
402004d06d37321d07ea462d07df9947,b50ccf65d5c99b4cd64d745bb186039a,delivered,2018-06-26 17:53:03,2018-06-27 09:11:26,2018-07-02 10:33:00,2018-07-06 16:08:32,2018-07-27,8afad1dd7843b0d6e692a5f7c9542aab,2018-06-26
f7e13134cbda2f29f8690ed0dcb2e480,31cfcb9600cd06fceaf0839ab20c061a,delivered,2017-03-27 03:02:50,2017-03-27 03:02:50,2017-03-29 13:56:33,2017-04-29 12:30:06,2017-05-09,b9a24a599a72aaebfbcc609e10efe841,2017-03-27
728bbcb612c732517a23c0131afc0908,537929855d22c9c8af8bede75ec4ba90,delivered,2018-02-25 20:29:25,2018-02-25 20:45:29,2018-02-26 23:38:06,2018-02-28 15:07:43,2018-03-12,46a5e2588d7a8b54f054f813f0cce80b,2018-02-25
04782e9b6da0d4326e534dae5dd3e09e,6cd650d55491e2da73465ce4a420afde,delivered,2018-05-26 22:39:15,2018-05-26 22:58:17,2018-05-29 14:38:00,2018-06-04 16:37:54,2018-06-29,cd4e980e57f18e298b12e0c7bb11de23,2018-05-26
f8634a6cebe582fe768ba126c4efb871,3c4e2b2e5c5580ee9c48364f86c51263,delivered,2017-05-13 11:32:31,2017-05-13 11:45:08,2017-05-15 14:11:12,2017-05-19 13:10:03,2017-06-07,5b395bf91614196ab074374d34d68491,2017-05-13
94be63e1a7ab923288bebfdca7e71e84,18c3eac6cbd75dce23b4c6a230341659,delivered,2018-01-26 12:08:45,2018-01-27 12:14:38,2018-01-29 19:33:54,2018-02-10 01:22:55,2018-02-23,e02d989e7d4bb438b89148beff7f1af8,2018-01-26
ebae502e2bd29a26838c7469280f43dd,50cee586b30982f6f951847d4d31c79c,delivered,2017-07-11 17:38:13,2017-07-11 17:50:17,2017-07-13 20:02:52,2017-07-14 15:37:39,2017-07-24,9940fe042992ce336abcc1f99f330642,2017-07-11
5bd04e944fbdeb94cb04e86654501cfb,b4cebd8d585bef627dac123101a7efff,delivered,2017-11-17 13:02:28,2017-11-18 02:15:34,2017-11-24 19:53:48,2017-12-06 23:32:27,2017-12-18,a3b3f97f1f0daf989c5c8d3a4ee4c1bf,2017-11-17
4ff146e64dba229dfd00df19d2cbb570,3e8ea3c116928475eb1069b79e6295b2,delivered,2017-05-15 20:14:12,2017-05-17 04:02:30,2017-05-17 14:42:07,2017-06-09 13:27:43,2017-06-14,66847a47b031443cbaa8f9f974013f53,2017-05-15
d9bb9c8f757345967c226128c96bee43,8e1ee3cdc499889ab12cb38d1a8d9e42,delivered,2018-02-19 20:31:48,2018-02-19 21:35:26,2018-02-22 21:55:54,2018-02-24 16:28:39,2018-03-07,bf9d87aff93a6cc48edeb1c22dd050e4,2018-02-19
ab2789e683e9edeb0f07462e642c5ad4,0aaefb80e6a0c42a29ea9afc0a590791,delivered,2018-05-14 18:00:24,2018-05-15 09:58:42,2018-05-16 15:02:00,2018-06-08 00:35:39,2018-05-30,1b606e10c049e49fdc3ce5401e8131f1,2018-05-14
c53b2f33c8e307e7253650b9dc6cadd1,b3233ced1e274baf2f7079866bde7b57,delivered,2017-11-19 14:23:32,2017-11-19 14:35:29,2017-11-29 18:24:39,2018-01-08 14:40:39,2017-12-19,e683b2b068d7a63277bf964584899c3c,2017-11-19
8cca0783e72515e0e98435af620e38cb,99d720f5d4a0b956177a91e4651f1c7a,delivered,2017-03-01 10:03:51,2017-03-01 10:15:21,2017-03-03 14:34:44,2017-03-09 10:52:02,2017-03-20,20cf6cb9152c080cf98970a3019e19d0,2017-03-01
cbb44ec1d51ce52987925f28f64ba2c3,41816730caae0f3db1d0b40211c26dfe,delivered,2018-02-22 16:42:34,2018-02-22 17:20:30,2018-02-23 20:07:26,2018-03-01 20:06:36,2018-03-14,4a6d2f493704143bc3c1217512f638ae,2018-02-22
b11a2fc0664cad475e2700523625a1e6,85554b119a5a80efea7d591145baf64d,delivered,2017-11-01 15:25:10,2017-11-01 16:31:05,2017-11-03 21:17:32,2017-11-11 15:35:29,2017-11-30,e2ce734f0bd635b4b82317b5e5fcd152,2017-11-01
d773f56956696c7d318daddf1df0f801,e85334bfbb907c9faf334a17f46124ce,delivered,2017-11-08 11:31:57,2017-11-08 11:47:00,2017-11-10 17:22:57,2017-11-20 11:45:29,2017-11-28,a3021c629bd1d99347a8e75a9ab035d8,2017-11-08
7f3550ae81191baec2a35d0e2a21a6d4,a357ac2c5f309e317ef913bdac069baf,delivered,2018-08-22 10:05:04,2018-08-24 03:15:21,2018-08-24 12:59:00,2018-08-30 17:22:42,2018-09-17,1534c2f0660461d99aeb09455e18f23c,2018-08-22
4962c62f110070284d4a13fbc3a2c970,a8e35b18e55d2e557cd59b1a4b0cd4ad,delivered,2017-02-14 20:53:12,2017-02-14 21:03:29,2017-02-16 09:08:18,2017-03-03 15:37:32,2017-03-15,2ecd61ee84be014b273910e450c1a326,2017-02-14
93d7cfb112111edec49fd02555f48da3,f05b7d5565860304973f163aba0b8804,delivered,2018-08-15 17:00:58,2018-08-16 03:15:16,2018-08-17 16:04:00,2018-08-23 14:44:39,2018-08-29,f77ac730b6784c05fb61e42cac98d9c1,2018-08-15
5a42d01f5fdf7a96312618390f361e72,bc4107b4d96e42f69d48eb51dd533e1b,delivered,2018-04-28 15:00:33,2018-05-01 05:15:20,2018-05-03 14:43:00,2018-05-11 07:08:28,2018-05-29,ee33b26ea0375dc14f17a2371e6f6537,2018-04-28
224bd0a94ce4f3eeebe2ef447e596863,dffe34ca3527d5eb4d985e7a3ace6b27,delivered,2017-07-11 09:15:43,2017-07-12 02:10:47,2017-07-13 19:24:39,2017-07-21 17:27:56,2017-08-02,ea2a4a14c49ad9a9d64d2b7f91f0c293,2017-07-11
099ee5555931216b461149b6fa1957e6,ca81fdd0baf963fa30e92bc440be8bdb,delivered,2017-09-29 22:41:26,2017-09-29 22:49:26,2017-10-02 19:32:44,2017-10-09 17:35:17,2017-11-01,03fd10e90cd2b48f120d69c45ae42c64,2017-09-29
ac3d89654ac9458fc97bfeace44251d6,5ff7b80721a72398e49b45f54e4e591b,delivered,2018-03-12 08:35:53,2018-03-13 03:50:45,2018-03-16 00:17:10,2018-03-26 23:42:02,2018-04-03,08a5f925955465f418f69fa55991f1ab,2018-03-12
be560e55f6098370a75dae48230f049a,ddf0fc4e5538bd1eef22bd8c2fb726a4,delivered,2018-01-19 11:24:21,2018-01-20 09:09:04,2018-01-24 20:41:37,2018-01-31 00:32:26,2018-02-19,30f69ba98fe982ccf69f32845a94fc7f,2018-01-19
eb73628992e7d5099384b8016d82e775,8b9f34063c242242994cd8a08719f000,delivered,2018-07-31 13:16:48,2018-07-31 13:30:34,2018-08-01 09:47:00,2018-08-03 22:12:20,2018-08-09,d1d15f243813ad29040f59b84b4e2cf0,2018-07-31
fefde2c038077ee3f2cde28e6a6d94a7,5184896b399ca54e78e21e5f8e0085ee,delivered,2018-03-11 14:54:08,2018-03-11 15:27:59,2018-03-12 18:51:29,2018-03-23 19:23:02,2018-04-02,b3e5b91ad1453b7d097adf78fa6df97c,2018-03-11
a01a08ca0d8cf4c03ffd23029c091210,d9195d0325ce43bed923ee3edd6547e4,delivered,2018-05-28 18:56:39,2018-05-29 18:51:35,2018-06-04 16:03:00,2018-06-05 19:41:25,2018-07-16,b9adc8737de57264a2899e33dbb78dc0,2018-05-28
c4eb6bb6cce4739be64f37565afd5436,e9ed39c433c1acc15b42359ede26225b,delivered,2018-01-03 21:01:05,2018-01-05 16:09:06,2018-01-10 21:53:13,2018-01-27 01:07:01,2018-02-06,316b9249f9768e2b6a70dc32def4b8f3,2018-01-03
1cc2afbca351a1423aeb95bd67821271,867b9351d211003a7ccb5bbfcd7cf2ec,delivered,2018-04-15 21:26:28,2018-04-15 21:49:57,2018-04-17 22:06:47,2018-04-18 22:16:28,2018-05-03,cb37c3a58f718884c969dd7d895f4296,2018-04-15
5a4fb5816ef33f8e7514eb2719b794ea,d0351c04e02774821a6b7119ad0ae8df,delivered,2018-01-15 20:07:42,2018-01-15 20:18:29,2018-01-17 20:43:32,2018-01-26 23:48:59,2018-02-19,85eb73993c7eb1defbfbe1033435bf50,2018-01-15
20a0bafa4cc6e56fd5b827f46358e752,7726c0f6652be3a189429a41a156e66a,delivered,2017-12-02 23:58:37,2017-12-03 02:31:23,2017-12-06 21:58:10,2017-12-19 21:15:04,2018-01-03,52d309747878947b1781fc69fdd6c984,2017-12-02
84effd777e819e984c091302a37641d4,9baa3ebdd47ab308b0a043a9ff5a9f10,delivered,2017-11-24 23:17:46,2017-11-25 02:14:48,2017-11-28 21:28:44,2017-11-29 18:19:02,2017-12-12,22b4408591f16ff65d3ec1617c27b634,2017-11-24
4cbadee3ff54ebcd0ccc6f772738959d,2f3b7a7d8046c40279cac16cc0a62440,delivered,2018-05-17 17:54:46,2018-05-18 02:54:27,2018-05-18 12:23:00,2018-05-21 13:16:55,2018-05-25,2178dc15f1526ac11f6ec40296163573,2018-05-17
2061aae06d3c562205bbb42dc429df37,dd4858d8abdc673ef7e2b69910158f3b,delivered,2018-05-04 09:57:13,2018-05-04 10:11:45,2018-05-04 15:47:00,2018-05-09 17:57:23,2018-05-28,9f853463b73f37ab47b4b3f5a5f930e9,2018-05-04
b52c2a6044367f51b1e6f7d5bb8bca7e,02e6202903c54e4ad1b6cd9d9bc61680,delivered,2018-05-07 21:00:33,2018-05-08 17:51:47,2018-05-10 14:20:00,2018-05-15 17:27:52,2018-05-23,6968fc3480e60596b29c56b9f4a003cf,2018-05-07
06b54aee2ec1ca4bd7a460c7d256cce1,1772b9285f84b981cf0b40a94406c640,delivered,2018-04-17 10:16:18,2018-04-18 10:11:10,2018-04-26 09:56:00,2018-05-02 14:23:33,2018-05-10,64f26e4b6f923f6afbf4e6b49ba6a045,2018-04-17
efd2fcff6bef918e8a4ad7bb4c829acf,fbbc61fafbafa45406320a04a2c39c2f,delivered,2018-05-17 16:42:34,2018-05-18 13:31:22,2018-05-21 15:10:00,2018-06-09 17:36:23,2018-06-19,b1ad70441b90fcb12c95f62aabde33d8,2018-05-17
8f872e715d0dc90d10e7315809cdd49a,808dadb433aad1c6a2a45dcf10fb69b2,delivered,2017-08-10 18:04:32,2017-08-10 18:15:20,2017-08-14 14:16:01,2017-08-25 19:37:54,2017-09-01,6292600f71fe592f716a3e542f184d18,2017-08-10
7b368eab51e8752cd22b7a851e8be248,c54654905b64815899f7124f5c26f194,delivered,2017-11-07 15:20:32,2017-11-07 15:31:00,2017-11-08 21:51:42,2017-11-13 17:09:13,2017-11-27,aff6957885833ad8da7dc66469836773,2017-11-07
b25a9b5820cb66ccdfaaef99e366bb19,a7f5e09c6a7c26cd763a38e5fad45e81,delivered,2018-02-16 11:22:46,2018-02-16 11:35:24,2018-02-22 20:06:11,2018-03-06 14:42:38,2018-03-15,690fb60505ea83ea44ed0b4e05728b80,2018-02-16
e10d89c39c03d21e016420afd134cc17,8fed668b3ed411fb360e8763176b2da2,delivered,2017-06-14 15:16:09,2017-06-15 03:10:25,2017-06-16 17:22:44,2017-06-28 15:41:43,2017-07-11,141fffdf62fb23fc7032b530daf292b0,2017-06-14
f495929260b8f76b254652d9729e8c19,ae5885f1bc253502b27227a59692081b,delivered,2018-01-10 13:17:58,2018-01-12 02:33:41,2018-02-01 21:37:17,2018-02-26 16:47:31,2018-02-08,1f65f8bf7307ea4b643dbc85bb1bd613,2018-01-10
01b276e7af1d9e3ed34b431d39f45fa1,8e44b5b5a76df9682b27d50f5e98ca3b,delivered,2018-01-16 19:25:09,2018-01-16 19:37:27,2018-01-22 19:38:03,2018-02-01 15:11:48,2018-02-14,78e46b5d6e91b962494b1a841f720075,2018-01-16
b800ea6bc1a4ef36509ee646e9fba841,b06eddb5752756297c7bdbf1dd89cd36,delivered,2018-07-12 15:32:01,2018-07-12 15:45:54,2018-07-13 09:58:00,2018-07-24 17:04:03,2018-08-22,5800ebc7952f9e1dbe77cbbc2a27430a,2018-07-12
27c0ea3b1286c30e92f05f413398d055,02f8be25cf5a4dff37f2b03f7fbb04aa,delivered,2018-04-09 15:25:42,2018-04-11 05:50:23,2018-04-11 18:49:25,2018-05-09 18:08:50,2018-05-04,83a3886cb41ed582d01f35cefc123e5d,2018-04-09
5441ec6c31e10fcdf8e336f1cff74659,8310245246ab7219bfabcf7217b9a452,delivered,2018-01-08 19:24:09,2018-01-08 19:35:21,2018-01-09 19:16:54,2018-01-16 04:28:55,2018-02-02,8910756e56fefa701ff0efde3e4f6b4b,2018-01-08
73e6a8e83085aff9674ff4cf65247118,b85db2d7790a6505ae346aabc5916a1c,delivered,2017-05-01 16:56:37,2017-05-01 17:05:43,2017-05-02 13:06:07,2017-05-15 22:04:51,2017-05-23,b80d046e8a930c0da4ca2c65f89d1755,2017-05-01
1cdc5514158935d7bd408f33538ce130,2c196944844a66a1b80f84b3901d9bd0,delivered,2017-11-08 10:43:15,2017-11-10 02:56:22,2017-11-10 21:23:51,2017-11-13 17:47:34,2017-11-22,a6b74d3cb602d8a84c58f4c1b937862f,2017-11-08
e9f8c67129c6f0bf411b428141ddfbf5,b364fc9218a7e1ddd9eb23124ebb7d86,delivered,2017-04-11 22:09:31,2017-04-12 13:10:17,2017-04-17 10:26:59,2017-04-30 06:57:43,2017-05-12,11d76022677f3753f19633e2fd0470c3,2017-04-11
28f0cec71eeca821990dac072c20cb12,51be9c21b18ae3683b4ba73763a05475,delivered,2018-06-27 17:24:01,2018-06-27 17:35:12,2018-06-29 14:37:00,2018-07-06 11:08:41,2018-08-03,995ba139e8dbfdeedf2d06250cc465e7,2018-06-27
37872280df31defa5a1f4ff1f120fd8e,ce2fd81481eeda40090e0a1e373d8e36,delivered,2017-07-31 12:28:42,2017-07-31 12:43:14,2017-07-31 17:53:50,2017-08-01 20:16:58,2017-08-11,1c055106e8229b8677d8263c81014fde,2017-07-31
96a99b5ae04ac4def9a904440906fd6e,83e997c8f415ad8b786949edaee576a8,delivered,2017-08-20 19:35:18,2017-08-22 04:10:58,2017-08-22 19:28:05,2017-08-31 18:17:36,2017-09-21,d0472ad4bc9f6dd56d2d085c32bf6a80,2017-08-20
071be1c98f3a6f467d8e472d94350db8,d5b976444c9257b13cf100dd0933cff1,delivered,2018-08-07 01:19:24,2018-08-08 03:10:22,2018-08-08 13:35:00,2018-08-13 14:32:43,2018-08-24,df69205330ca51a4f5312b0ac01918f3,2018-08-07
1f195e1a5568ef0f4153d95a671a0f91,b099cf5685910b720ea73ddc4ec9b4c5,delivered,2018-01-15 16:26:53,2018-01-16 03:38:49,2018-01-22 23:53:52,2018-02-06 20:16:30,2018-02-15,e56faf66759bdbea23980e970e77cf1b,2018-01-15
b8b632a58abdbcc69a744281a630ecd8,87109c0a75a724d931893a7a0ec90d06,delivered,2018-05-05 09:51:37,2018-05-08 03:52:36,2018-05-08 16:11:00,2018-05-11 20:44:31,2018-05-23,233bced31686284a380870eb2761109f,2018-05-05
12731a5b2b2ad871d0994d8362dfbce2,b559f48b8ec90f0765f927d0d0f8e9e6,delivered,2018-08-18 12:18:56,2018-08-18 12:31:27,2018-08-20 14:18:00,2018-08-21 22:57:44,2018-08-24,35fc79d55fecaba18ca450947c90630e,2018-08-18
9b1e6dedd7de3097acb7948dfd8cc359,4789cc608a76c22397fdf821a2bc2e88,delivered,2018-07-04 11:48:32,2018-07-05 16:31:58,2018-07-06 08:41:00,2018-07-09 20:56:06,2018-08-09,09a5fc20dbadc2a146e93bbfece1c423,2018-07-04
b54127e9193743bfe17f7e5d91bb957c,e7030cbfd3cfe8c1f6e7249365ab052d,delivered,2017-02-23 00:57:25,2017-02-24 02:42:29,2017-03-03 11:34:25,2017-03-08 15:42:56,2017-03-24,0ab07df4a91ec1d08c3beae8560a7c1e,2017-02-23
02a7c0948e8f36cc17e787f73395de4d,88f5da0fac8ddf55d2cbbbc2dee4dc7b,delivered,2017-12-14 22:04:16,2017-12-16 02:51:12,2017-12-18 22:53:20,2018-01-03 01:27:11,2018-01-17,2c31eb62ef5869e069b6702ae943e77c,2017-12-14
4bafda97f5402269975aa9d45b82b9b2,54141e794a36e7897371026becaed62e,delivered,2018-02-23 09:21:12,2018-02-23 09:35:29,2018-02-23 22:28:47,2018-03-13 19:12:34,2018-03-22,bcdd148e1370252fdc01cb1d9b3ecd52,2018-02-23
fc501e42339fe22bc9c45d38c3cbe4ce,d382ad6bb56286079ce115ea6d4db527,delivered,2017-08-10 13:43:44,2017-08-11 06:45:10,2017-08-11 19:39:38,2017-08-16 18:44:07,2017-08-30,b8f9ecc7915ce653a1d7ee6dbfe8f54d,2017-08-10
d0c468c107ade3688fd4ffacea8e072b,0b1da960627c4ef05903277a9312bf13,delivered,2017-02-13 00:12:17,2017-02-13 00:32:09,2017-02-22 07:51:48,2017-03-07 09:54:53,2017-04-27,0d607793b94a257e7b377b3cbcd7d4cc,2017-02-13
783b1d8d1782290b10a4d8633721e26f,f1206f8f523e838e4f0f6a2122a415e2,delivered,2018-08-22 16:52:21,2018-08-24 03:24:12,2018-08-24 08:59:00,2018-08-28 20:51:11,2018-09-05,86e091b998439d057ce818eedc37f0d0,2018-08-22
7fc972218babb3bd6cc41ada5145606f,d5ba94a4fd64c7563ad4e78f2afe5534,delivered,2017-11-27 11:11:30,2017-11-27 11:35:23,2017-11-28 23:36:52,2017-12-12 20:33:14,2017-12-22,dd25b514ee922669e5de2d638199a3e3,2017-11-27
f99f27c6436299deb7afb301de293eba,d522ed4f4b141a73666f0c80e0c99818,delivered,2018-03-02 19:13:46,2018-03-03 02:35:39,2018-03-27 15:51:56,2018-04-03 20:08:39,2018-03-29,72c0cafb09a8df96f0f84bb6eb7525c2,2018-03-02
509e23091b0dc6edfc5fffc94dc3dd0a,32f4a031804a44cfe08b7a12db24df34,delivered,2017-10-22 19:28:07,2017-10-22 19:49:09,2017-10-24 19:09:04,2017-10-31 16:13:57,2017-11-17,7f6359e68770a0ffdfdf48ec7a3cf3de,2017-10-22
1a8479315924a0909a29ab6a0cc3cc20,bda7157621c15ca3dcbcac7924915099,delivered,2017-11-27 16:23:47,2017-11-27 16:39:44,2017-11-29 19:43:40,2017-12-14 18:07:59,2017-12-21,c2c6a0ad10379c768e3bdd535d4ff919,2017-11-27
079b79bacc6e0a0c7ed93cd6e3624f6e,9e9b4b54d810b93677fb4cb74911601b,delivered,2017-07-30 19:36:43,2017-07-30 19:50:10,2017-07-31 17:27:38,2017-08-14 20:02:58,2017-09-01,6c90d5dc3eb640f2b47664861cc2619b,2017-07-30
2063f9d50e384c34de535da7619f8aa6,392a865dcdc7870d3796cb245d0d4718,delivered,2018-05-17 09:06:35,2018-05-18 05:16:33,2018-05-18 09:50:00,2018-06-08 22:51:52,2018-06-18,c83039cce4da4aa2c06232f596d03261,2018-05-17
b60cab8c479e1e80420cbe584d7aa9ac,0282e1d60197412167fbb0b111fd55e2,delivered,2018-03-16 17:15:00,2018-03-17 17:09:18,2018-03-19 23:07:19,2018-03-21 00:03:18,2018-03-28,1911cdb7309ecc55ef3348e749588a6f,2018-03-16
11642b906362f0d80a1228e1fa45a18e,027366c552ba033496aceb34187f01d6,delivered,2018-02-24 17:10:58,2018-02-24 17:27:17,2018-02-27 16:38:36,2018-03-19 23:32:05,2018-03-16,f9e6cc68a7ec921e4c357710d6f19a57,2018-02-24
61c4ab6b7773c90ee722155c77ea3738,e9e5748e123c685fac1cfd570b2c7844,delivered,2018-06-02 13:33:00,2018-06-02 13:50:12,2018-06-05 13:22:00,2018-06-20 17:58:26,2018-07-13,120e71f0f433d7e1d8ed14dd4ca86d29,2018-06-02
63576020815760d4b5d11cef32595ada,eb1db1addc49bbf82c8ce7668681cd07,delivered,2017-09-03 18:10:21,2017-09-03 18:35:29,2017-09-04 19:49:57,2017-09-06 21:39:43,2017-09-21,645153adc47a2b420c17687062c364bb,2017-09-03
595f5439ed1b17a564eaa4eea9312db4,39c1a7d9f3e2bd45e1b0ca9ce33cfb8e,delivered,2017-07-03 09:50:34,2017-07-03 10:03:49,2017-07-07 18:21:22,2017-07-17 12:27:55,2017-07-31,762ff62ceef51fc7ba67f6f37b7b1886,2017-07-03
e37f11cae9985ca58f0b56f268720537,3947a361301f2ff0f3223159a0f2701c,delivered,2017-07-26 11:46:34,2017-07-27 10:10:16,2017-08-01 18:17:47,2017-07-31 17:49:56,2017-08-24,6d3d5771a12f5e7d00729f940bb28fd2,2017-07-26
c82445412645dc0bd09408f535c2b86d,9cd3390c40316f478e8b0eba6588b214,delivered,2017-09-18 14:48:19,2017-09-19 18:07:24,2017-09-21 19:02:40,2017-10-02 19:17:46,2017-10-11,cda6dd20e87ff949c01b54a89aebdd0c,2017-09-18
7747d3dc79a4f212bfe6870c8eed1247,1509646eeec96572db6ac31359f42b38,delivered,2017-10-18 15:25:26,2017-10-18 15:35:29,2017-10-18 21:22:46,2017-10-23 16:59:16,2017-11-13,b3c64a50cd822fd525dca9ac5b74542e,2017-10-18
26d067c5d629ef23cc86ba8caa626fcf,38ea3fe4613789cb79db2ff69b258725,delivered,2017-11-27 22:17:21,2017-11-29 22:14:28,2017-12-04 19:52:54,2017-12-11 21:32:39,2017-12-15,810a30f396f2b2c565e874e06fdfcd98,2017-11-27
890f778e65429f5466787ff91cda177b,3ce3808526b96beccb8f0b4c690ed876,delivered,2017-08-17 22:26:15,2017-08-17 23:30:14,2017-08-24 15:52:57,2017-09-15 00:02:48,2017-10-02,e5cef8af2d73f942f323232e2ebf08f4,2017-08-17
1857e77a4bad8abb2db929f107430663,616833eaef04d25b67207119cd6936dc,canceled,2017-08-31 23:55:57,,,,2017-09-28,6d443b75cff956bb73dce7385033e266,2017-08-31
e7f861ca5d9143d8e586bd85b1aa5bdf,e7a63b4918f846a8352704fb37e77763,delivered,2018-07-16 21:48:37,2018-07-16 22:05:11,2018-07-17 16:36:00,2018-07-23 20:16:55,2018-08-06,ef16e5c2526b1a0fa9054cef31f3f18b,2018-07-16
c518733b452a98377e02153098a0542d,4f9aac9e4ad8fe9d9c9fe19daf940134,delivered,2017-05-10 17:02:46,2017-05-10 17:15:14,2017-05-12 14:35:58,2017-05-22 11:03:26,2017-06-02,7d34060b4a349fb0b0e2e204e4faad80,2017-05-10
186517d0eb6786c1a45e1af8ac30cd28,73ef5e282de27dd8d7d50272332f2124,delivered,2017-06-29 19:25:04,2017-07-01 04:50:21,2017-07-04 18:08:47,2017-07-10 19:19:52,2017-07-21,843c5d4e2fcf4f09b15607004ef6ea39,2017-06-29
e2430bc2e4a68e6e61809fdbe4c15f0e,c01049464a5cc7c9e476ec5bfb6dbd4c,delivered,2018-01-20 00:12:26,2018-01-20 00:33:04,2018-01-23 03:13:16,2018-01-29 20:16:11,2018-02-16,1b86ac69a699411527036593e973f1e8,2018-01-20
6fcd3790fd12ab3c4eacc9da0f931992,bf06469eadee11e635909ecabf966022,delivered,2018-01-25 17:02:18,2018-01-25 17:31:47,2018-01-26 21:26:58,2018-02-08 15:42:46,2018-02-22,1d9787b5bb0f84d02fb97846970f5c5a,2018-01-25
42c146c7d76c003910cda3357aeb754b,077e58337411253659e060d903cec280,delivered,2018-08-16 16:14:33,2018-08-17 04:09:49,2018-08-17 16:25:00,2018-08-20 16:47:35,2018-08-24,787c21e4ce93962bb809fbd0209d7d36,2018-08-16
46a354ecffd29742e985db9b49cae302,f1f2220be2d7765501bfd00eb025fa3e,delivered,2018-02-05 12:43:16,2018-02-05 12:55:42,2018-02-09 01:18:24,2018-02-20 15:38:55,2018-03-05,757741b13845d5860e563a10310ae445,2018-02-05
ac59aee9b29e8e6d74a382fa868b611b,1058a5a2a59512a9d7308b9a240acbe4,delivered,2018-04-17 22:50:15,2018-04-17 23:11:34,2018-04-18 21:19:26,2018-05-02 20:38:44,2018-05-16,6190b2e3e21bd03fb217b774b51c080e,2018-04-17
609614169498a0a0719e1a47cd02b408,9eeadcff5162752a89925db4e4e33c42,delivered,2017-06-18 11:43:51,2017-06-18 12:03:07,2017-06-19 17:14:02,2017-06-19 21:03:13,2017-07-11,2a4bec925748fb50ef99498ae62e7828,2017-06-18
1da98926fa18dc5eb9045bb6c5a1e8cf,fd3ed16e8a4cacb3738e83046d328ba2,delivered,2018-01-13 00:42:29,2018-01-13 01:01:14,2018-01-17 23:04:09,2018-01-31 18:22:24,2018-03-07,4b480671804de1d9746ab18f3528a665,2018-01-13
4c2bda2a65cf17bca1d9c00daa0f8790,3a0557c5236d866291795f7a4ee3c2c7,delivered,2018-03-29 15:27:11,2018-03-29 16:35:35,2018-04-04 17:02:25,2018-05-14 21:39:21,2018-04-17,abcc1acad252e7151488e83f2da0ab20,2018-03-29
6250a70ada1a0cb3772f99181a27bb51,45f02458d5f699c5276958a087f40e22,delivered,2017-09-01 10:59:50,2017-09-01 11:15:19,2017-09-01 22:15:51,2017-09-11 19:13:22,2017-09-26,15a1b2bf19a5330c42296165fea3c043,2017-09-01
82da1fe1ba79ad376673815007b99ddf,1fca6e2c5d6938ecce03a96bd4d7c75f,delivered,2017-08-20 14:46:46,2017-08-22 04:10:23,2017-08-23 19:59:58,2017-08-29 14:46:06,2017-09-11,85d922e940ac805b49571967d1816d75,2017-08-20
ec89f64fa61a8186f474cf0a903fc4fa,16f8771e0120d9557103d473bc8c4833,delivered,2018-02-10 15:34:07,2018-02-10 15:48:26,2018-02-14 20:07:06,2018-03-06 20:28:56,2018-03-07,d4d00a249e8abd766afec7be3bf462a4,2018-02-10
f53f689b6008c22da247ed23e3c0b685,50aef86314536113cf37ab64f241ef8d,delivered,2017-02-04 22:19:45,2017-02-04 22:31:18,2017-02-13 14:24:10,2017-02-16 13:56:11,2017-04-14,59480732845d7411f4a2406a563c878e,2017-02-04
9184724aacd6a7da5bcf4c08c2c674a8,ef82ec18f684c8b9f44339a739570043,delivered,2017-05-18 20:26:57,2017-05-18 20:35:09,2017-05-23 10:53:48,2017-05-26 09:57:03,2017-06-20,18bc86a4e4448d95a0030fd022b6d968,2017-05-18
ea2c93fbb3cf79edecd5f993fe362464,637b0c3ee412e09ba5e46702af44ebf1,delivered,2018-06-06 20:01:45,2018-06-06 20:15:21,2018-06-07 13:29:00,2018-06-20 17:19:43,2018-07-25,15dc82b7d6c3e536b3912c307fbfeaf6,2018-06-06
c52497bdac8af9917fe744d605bdc43b,c6b3ec6d4ebb93cc2ca09e6329d38f5b,delivered,2017-01-29 22:47:29,2017-01-29 23:30:41,2017-01-31 10:26:04,2017-02-03 06:09:20,2017-03-17,b553fcaa629a8358eb9c498eed5343af,2017-01-29
f1e4736be624a0dad3a1d2c67545518f,cfe96687550c3433cb992a3fc576084f,delivered,2018-02-01 19:44:56,2018-02-01 20:20:43,2018-02-02 20:56:56,2018-02-04 15:38:53,2018-02-19,ac6fb9d05a48ca275c730cffcea3fd40,2018-02-01
a622cb9542d08e3004c1a9a33a7cd859,33d00aa51f5de88a67154c4600ad5c93,delivered,2017-06-13 11:46:11,2017-06-14 02:35:37,2017-06-14 07:28:02,2017-09-19 16:02:30,2017-07-12,fb24197c4a4ebc546b9d0fe21cc13835,2017-06-13
b88679bb25b44b2557f14eb76eb80054,4aca2ed77ba05b6d84b37337ec35ecd2,delivered,2017-10-09 21:24:15,2017-10-09 21:35:17,2017-10-10 20:52:58,2017-10-19 23:16:37,2017-10-20,fe8642c45378e099b84c7172323f8c5f,2017-10-09
8d4159350057e7ebf61c0083d75c8712,db5feea769fdb2109f87dc628f2e95ed,processing,2018-01-24 09:34:27,2018-01-24 09:51:41,,,2018-02-19,c076b36f8c631da71ffd07d67489619b,2018-01-24
78f792994f6c292b8038b7c4b5c3d9df,681957f67bfb9a208d049821b367f77d,delivered,2018-02-08 11:57:24,2018-02-08 12:56:30,2018-02-09 21:18:05,2018-02-14 12:13:04,2018-03-06,87ffaa55c5e69fb9e78f8968958f17a9,2018-02-08
63c6cc7ed0b8a61178a9ec1faa7770a6,110c0be1f16b752c89a04f1a29ec8b1a,delivered,2018-06-09 13:28:41,2018-06-12 05:16:22,2018-06-12 08:16:00,2018-06-13 18:12:25,2018-06-20,99a8bcf23112485f3a368fd7153a3f59,2018-06-09
838263e3f79563bccd736531aec2a915,933ef27e887c4f3e10f90ff8b4f187f6,delivered,2017-11-28 18:18:39,2017-11-30 02:25:11,2017-11-30 20:03:00,2017-12-11 20:14:36,2017-12-21,63590d97e0d4877dc3e33a332876b7bb,2017-11-28
b6369b16620510273273fe0d6be68744,8b37fefc7800774e24d316c4c9cf1deb,delivered,2017-06-12 13:30:45,2017-06-13 06:35:20,2017-06-13 08:46:03,2017-06-22 16:21:29,2017-07-05,59a6c111d33d35ba49287f594418028e,2017-06-12
8f2a08db3e03e43afed993c3f247a449,dc1ae63bd9c387114b602a80b70b20a7,delivered,2018-06-21 12:21:27,2018-06-22 10:19:07,2018-06-26 14:45:00,2018-07-03 19:44:36,2018-07-27,7ab58593aedebc4e2ab6cc25d4e13205,2018-06-21
02d50facee2072550ae5a8ef3dc2e10f,739ee0b3c55d7509cbf93ba4275199fb,delivered,2018-01-13 23:58:01,2018-01-14 00:10:43,2018-01-17 19:16:43,2018-01-19 21:36:42,2018-02-02,da6484fa560b7925147933b8ca61c3fd,2018-01-13
d11fd4395b314a358cc155ea5c525c07,a7f1b7380cabd2fb2efacd2df11ba224,delivered,2018-06-21 23:36:13,2018-06-23 04:18:38,2018-06-26 14:56:00,2018-06-29 21:04:14,2018-07-27,53310ffaaf0aeac192ea840f0804158c,2018-06-21
6e2b63d5084b319e8d72270b7882e119,08433985baf2e7ff94f2046d7dd14fdb,delivered,2018-03-18 07:17:39,2018-03-18 07:48:39,2018-03-20 01:58:24,2018-03-20 18:16:52,2018-03-29,0d2d8749c06ba6dbe3d76bea562594de,2018-03-18
040f214f2ec8be892fee452b52a96f1f,1b5e997904377a86956c021165c14e4c,delivered,2017-11-01 15:52:21,2017-11-01 16:31:05,2017-11-06 19:08:58,2017-11-14 17:33:16,2017-12-11,d22aa24da72728e2998df9ca9aca4b64,2017-11-01
35133d30b32f389949394cf5ce8ab03e,054a61b5ef37f443a58664bdea26488e,delivered,2018-08-09 10:08:22,2018-08-10 16:25:08,2018-08-13 17:43:00,2018-08-17 22:17:51,2018-08-23,4b3496d4740f8929ba830bb965b82891,2018-08-09
8a6e531dd83a94dfe1d87985dd6c4d95,77a852fc4ae186d53411121f3035a64b,delivered,2017-11-25 17:35:13,2017-11-25 17:53:07,2017-11-27 19:08:11,2017-12-15 00:17:56,2017-12-18,9bf4209d9dc9f93b60d6242caf790b0e,2017-11-25
ec07c69c53d0fd57a651909a33f16ec1,25c6702d4b98e41d6bc8ebfa53bafab5,delivered,2018-02-09 00:50:48,2018-02-09 01:08:51,2018-02-09 23:49:09,2018-02-20 00:09:42,2018-03-09,6bbfb0ded0771cfcc011570cdea6eab0,2018-02-09
6954eac303f94f5f51b80deb4ba7be50,4cbc0fdd8d7548de068a1cff9d293da3,canceled,2018-08-03 15:05:58,2018-08-03 15:40:17,,,2018-08-15,3bec6798ceb2e8fafb2e95e06b3610b7,2018-08-03
900dccc7efc408e86f24916af7c1c080,3a6e442f93b75147358099fa79ac5358,delivered,2018-03-21 13:53:21,2018-03-21 14:15:26,2018-03-27 02:45:28,2018-04-13 00:38:30,2018-04-19,04b037a85d4c5a22c62a7f698cd8a494,2018-03-21
d6ad33876be24f1d737a097da6dbc920,358ca9696b80fc7ad50eb9ad164c606f,delivered,2018-06-29 23:28:37,2018-06-29 23:50:22,2018-07-04 14:44:00,2018-07-09 15:41:12,2018-07-20,c351aa4c227fbb44856d1941fd50f359,2018-06-29
028cad58dbd393e348c73435f8192919,a9d2550cb10dd002881bd53c1e65b8e6,delivered,2018-07-02 15:42:23,2018-07-02 15:55:18,2018-07-03 15:04:00,2018-07-11 01:06:47,2018-07-26,ac0a213aef20d66edc12ccfba262c163,2018-07-02
1b16849c735fb603f647c0e1dbf503c7,e19a261a07951f1edb1897d7ad0186a8,delivered,2018-01-04 00:02:25,2018-01-05 16:27:58,2018-01-08 22:54:49,2018-01-17 18:04:27,2018-02-01,5c3890b29b887edd93c11470aa1d0c7c,2018-01-04
4784f1d85faf583d4655c60b4f114d3b,43773714119e39e64a98a041d164e405,delivered,2017-04-22 11:27:25,2017-04-25 08:15:27,2017-04-25 08:20:10,2017-05-03 12:10:38,2017-05-17,b14045922b173f1dfba1137acb9be960,2017-04-22
ca90add006fd5298fa92071a753eeeae,1e838d610c4558100d05ee4b24e874c0,delivered,2017-05-27 15:20:50,2017-05-27 15:35:17,2017-05-31 10:22:35,2017-06-07 14:23:46,2017-06-29,2b1e03eb6da2a725f314416498914e0f,2017-05-27
9a439e954e5b903680ccf8db9ed6a847,011aa728cdc4c57b506c6c40ac2a7712,delivered,2017-10-10 10:48:00,2017-10-11 10:56:19,2017-10-18 19:16:44,2017-10-23 14:57:52,2017-10-27,eaefab7076bee4c6fc967887e97e6047,2017-10-10
2ba9cedfe4113e91c29c82f4be24687d,7050e4e1b338bf7e54a532ff0f6710a4,delivered,2018-07-08 18:12:48,2018-07-08 18:25:28,2018-07-11 06:01:00,2018-08-01 15:04:49,2018-08-06,a68bc5cea21d3278f03955a921281a52,2018-07-08
d3838a24843870a5ec06d16bcf45bbdd,df616b558a4fd57856183451db38cbbd,delivered,2018-08-14 16:13:53,2018-08-14 16:25:18,2018-08-15 14:07:00,2018-08-20 20:27:24,2018-08-24,fb6c9d0396437595920a8b87481f3b4b,2018-08-14
22aaa02adda54ed16ee8d3eed7cb23f9,a1bfcbebe1e633d303b9ac1734de3445,delivered,2018-04-15 08:33:12,2018-04-15 08:51:33,2018-04-17 13:22:41,2018-05-03 12:48:47,2018-05-15,c5488919b63303db614810d517ae1e78,2018-04-15
0673ea591e7c9108ba7dc1a5246111a5,136eb50222d7c7deea2340f2a7bba0ff,delivered,2017-03-27 19:09:14,2017-03-27 19:23:01,2017-03-28 08:44:03,2017-04-05 16:12:46,2017-04-18,21b01e4f64e8861bc48cf10a263bec7f,2017-03-27
e008eec42c3cdeca3e9b47a91fbc848a,30c94c942e84899e8508e065325e382d,delivered,2017-10-03 12:36:36,2017-10-05 03:04:07,2017-10-09 22:12:35,2017-10-25 19:04:48,2017-10-27,40fdb731f416e141a80418867178b510,2017-10-03
f7057bf47ad8d184d0857bdaee0a1603,bce6c0027c2efdbfcb8ffe58e2c5abc7,delivered,2018-03-30 12:00:06,2018-03-30 12:15:28,2018-04-02 20:56:32,2018-04-05 00:18:24,2018-04-12,79eb97e18e448f1fdacc721658ff6eaa,2018-03-30
897b5491a20140b265bdfc2fc760e84e,e0644e3a412f2daa01c7733b93bb5cab,delivered,2017-07-16 17:22:22,2017-07-16 17:30:26,2017-07-17 19:56:54,2017-07-28 13:59:42,2017-08-18,9d35fc6a97a4259f613848a44729bf80,2017-07-16
394706e9971fea983907cd09aa349ed8,04a3408f7d73698797fafee2580f4b18,delivered,2017-12-12 15:25:16,2017-12-14 02:12:29,2017-12-15 02:09:23,2017-12-21 23:18:51,2018-01-09,56f0db47c9ee73713767795c062fe0d8,2017-12-12
9bccdd3552c2a68af6d166dfd82be6ba,b4e1d5fdf13905222b7a571b9edad9ef,delivered,2018-04-21 13:03:33,2018-04-24 18:05:57,2018-04-23 18:16:54,2018-04-24 18:16:59,2018-05-08,9eb5dbe2b5f217e8a10c5b7e14b90346,2018-04-21
1190c532678dda01871241a5e42f0527,4effccca9cf533b14988d625d60ef2b8,delivered,2018-06-27 20:38:13,2018-06-27 20:52:08,2018-06-29 12:35:00,2018-07-11 16:21:33,2018-07-26,6f97c9434dab50e4e422e0531faf7650,2018-06-27
c215c19d42062469daa299ba6242b3f4,f561d5cc81ad8fb4266e692b2774abf4,delivered,2018-01-03 10:11:19,2018-01-03 10:18:34,2018-01-04 21:15:55,2018-01-05 22:34:24,2018-01-29,8dcc705e001fbc7cae07a5c77d013abc,2018-01-03
4b71239d777b69336e70a98790387836,b97c2a086648b68159e6ffb52f7ac452,delivered,2017-10-26 10:40:23,2017-10-26 10:56:10,2017-10-30 17:56:56,2017-11-13 21:43:43,2017-11-17,c5e1c6a32df27a1bf0beef66d325bc74,2017-10-26
30125d2cf4cec0bf9e4840def6c4e7b1,17b9497c2728831c952b554483afd9a5,delivered,2017-03-04 23:21:48,2017-03-04 23:32:55,2017-03-06 14:52:22,2017-03-13 14:09:30,2017-03-29,00eca7e1c994897d0a31bf75478f4b55,2017-03-04
72661cd9e4da775b13011b9afff1969e,dddb6fc0273f44973736bdbbdce6b43a,delivered,2018-02-01 16:28:27,2018-02-01 16:56:53,2018-02-03 02:36:43,2018-02-06 22:34:05,2018-02-19,d071bec26e641e69530af2d584ab8b8d,2018-02-01
a389c8dd641e5e3bd97578e44f1ece83,7b0a3a430a7e8b6183eac952df55cb07,delivered,2018-04-23 17:59:39,2018-04-24 18:51:07,2018-04-26 15:24:00,2018-05-16 11:28:30,2018-05-16,e1bc4856f3e7b2a04eb051153f7e3bd8,2018-04-23
a4de95599a7ceea15c118d8a59c8d574,75cf84d6780222c5fa6285b1a93532cc,delivered,2017-03-24 22:20:26,2017-03-28 03:45:48,2017-03-29 11:04:09,2017-04-04 15:32:02,2017-04-17,afe9d6d9c6f3392215b71f8b2b0c11a7,2017-03-24
2b4cbb171fffb2fac96f67bc9425ad55,1c6e766d755506bb1e7a7dfc0fe44bea,delivered,2018-01-02 15:06:02,2018-01-02 15:16:24,2018-01-08 18:57:43,2018-01-09 20:29:51,2018-01-18,8a765fef5eeb1034ea1177b1d8463fa5,2018-01-02
a8442d4b8abaaad3eacc3338c9ff08cc,aa2df251bcd1c88412808a9c322aa857,delivered,2017-08-05 23:23:01,2017-08-05 23:35:19,2017-08-07 19:45:27,2017-08-12 14:42:23,2017-08-25,8743a15c464413d6bf3d3f2284e9ce87,2017-08-05
2a3bad5fc6e2759b3024cfb491d7f455,c854e3a8c5c5cf3a914ae26f193e78f5,delivered,2017-06-25 21:53:47,2017-06-25 22:05:21,2017-06-26 17:42:57,2017-07-04 15:45:52,2017-08-03,39455728f0fbc1ed6d630b9bca5f14ef,2017-06-25
bde483878bed3f9a95fed760af049891,db1f4247e9c49ea446174ad81a61d45a,shipped,2018-08-01 19:06:24,2018-08-02 11:30:11,2018-08-03 12:07:00,,2018-08-22,3d6e5110bc64eceed4091b4209f9935e,2018-08-01
b72afa4aad9d75e39c6edeb6141a3a7b,e9b4ca702b84a59c19e3c4f27a176182,delivered,2018-07-23 18:29:48,2018-07-24 10:31:45,2018-07-30 12:15:00,2018-08-02 23:21:46,2018-08-09,d37f9c9eaf7207e8125254606cf94e7d,2018-07-23
128e10d95713541c87cd1a2e48201934,a20e8105f23924cd00833fd87daa0831,delivered,2017-08-15 18:29:31,2017-08-15 20:05:16,2017-08-17 15:28:33,2017-08-18 14:44:43,2017-08-28,3a51803cc0d012c3b5dc8b7528cb05f7,2017-08-15
7885086b880b3ab7e8be74bbbe05779e,249865ef7c68054c2d31ded934f362d1,delivered,2018-02-25 21:24:36,2018-02-26 09:50:00,2018-02-27 18:29:47,2018-03-12 15:42:30,2018-03-20,25f24493ded5ebebc26a69b5db344e35,2018-02-25
5ec560222cf73999224c88e44327937c,fb7edc27ffa937fbe3721f0ecfb7c464,delivered,2017-11-26 20:20:35,2017-11-26 20:33:07,2017-11-30 00:46:46,2017-12-11 20:34:52,2017-12-19,c07e64c68b9365508a2d88604868106a,2017-11-26
e889aad082e12cd57386cac961a62d61,de4530c0594a6deb2226a823d7f504de,delivered,2018-01-24 23:12:41,2018-01-24 23:32:51,2018-02-27 21:47:42,2018-03-05 23:53:11,2018-02-19,8d4520af6ceffec673222cd310edffe3,2018-01-24
c9532b497ba2f82f14eeb95a2a0288ac,24d5a276278a805c85d3ee4677142da2,delivered,2017-11-29 23:07:04,2017-12-01 21:24:02,2017-12-04 18:12:29,2017-12-07 21:24:42,2017-12-22,878892fe5c724342e3d002cb01e3b8dd,2017-11-29
982c51d6339b46194f28cd465e72e740,c5f6afd37241e12a72bbe95c5564ce6d,delivered,2018-05-29 14:25:23,2018-05-29 14:52:16,2018-05-30 12:47:00,2018-06-08 01:51:58,2018-07-19,8492c2c6148ac3449374058371dc78c6,2018-05-29
3dfbb4a1925fb940c975dc4c5855a7d2,ae8db3ad1465ebe372f722f5d3dd5739,delivered,2017-10-25 14:35:46,2017-10-25 15:15:05,2017-10-27 14:08:53,2017-11-06 17:32:04,2017-11-14,d6f2fb3970b1a584b2f88ed42edbfdb0,2017-10-25
282565c3d7b0439d7adfa7ad1df6ac93,d23e282d723fd63c3b23480bd3e466e0,delivered,2018-03-27 08:48:55,2018-03-27 09:06:50,2018-03-27 19:22:04,2018-04-10 15:56:55,2018-04-16,57172168829468d7adb1a003d5e4d4a7,2018-03-27
37c2d70dad88a5791ea06e598e43902e,1672895e6d245b6277856c4dd25f34f8,delivered,2017-06-16 13:18:05,2017-06-16 13:30:15,2017-06-19 13:43:56,2017-06-22 15:53:55,2017-07-06,d9b22e034518b59879c4bfaacad559fd,2017-06-16
a6ef39ae149a4aa36b96c2d5246b9dbd,3caf263e1c5e13a0b5cc638cfc9dbb16,delivered,2017-11-22 13:07:19,2017-11-22 13:17:31,2017-11-23 21:15:32,2017-12-06 02:28:29,2017-12-14,772e6603c6b8facd693da507476bfc6b,2017-11-22
c4fef2621519c7ab7541140d3cbda9e1,b5990e25b793341673f2a60fa8c5368b,delivered,2017-11-24 12:55:33,2017-11-24 15:13:14,2017-11-30 18:38:48,2017-12-01 23:56:48,2017-12-20,960be312dd66fcb533ba30f26fd2f066,2017-11-24
bad29fab02c3d830ea834ff60207cda7,673b40fce476a5835df6b16dc8326adc,delivered,2018-03-29 08:54:45,2018-03-29 09:07:39,2018-03-29 23:27:21,2018-04-13 19:28:34,2018-04-27,89731c9b67b2d5b33c6c7d37f3140c90,2018-03-29
f6d1725c71af7ff66f5c4f5be412a82a,873e46201b44c1f084c6a4e37d00910b,delivered,2017-08-02 08:11:40,2017-08-02 08:25:09,2017-08-04 20:47:49,2017-08-09 16:08:19,2017-08-22,6d707bfc99be56365257758eed7ed220,2017-08-02
655352dd31829855980e8ba883725b47,8f6b24a248a2780662e39a53745ce210,delivered,2017-06-29 11:14:31,2017-06-29 11:25:15,2017-07-03 15:07:50,2017-07-26 15:58:16,2017-08-02,e7aa3fbe88423a0132e45578023bac50,2017-06-29
bd11d8a02c0645efcce377e63362cbf2,28282b019e106fd3e57718c143d0bef9,delivered,2018-08-01 17:22:24,2018-08-01 18:31:22,2018-08-02 11:21:00,2018-08-13 14:26:23,2018-08-28,4ea2815173da22073d45c43bd6a4c527,2018-08-01
07f57d42b535756c6e83baa0a5bcb322,7f0005d66dbecb865851ad1e92861df0,delivered,2018-05-09 16:45:20,2018-05-09 17:10:25,2018-05-10 14:00:00,2018-05-15 22:56:45,2018-06-08,5f804d66a712a98705de2b22bc5a3b5c,2018-05-09
bc5f0128352ad6328d797fa4166dd281,e5808327e7eec4417271ef55a0fc34cc,delivered,2018-04-09 19:04:17,2018-04-09 19:15:15,2018-04-10 23:34:42,2018-04-17 14:57:36,2018-05-08,3ad1c859a3402318242ed9871c8402a1,2018-04-09
931710bf1c2734343942b71b08db7adb,5594c844f9280abc665ba2d36b31f324,delivered,2018-06-26 17:16:52,2018-06-26 17:35:56,2018-07-04 11:37:00,2018-07-09 12:44:57,2018-07-24,713de0d4ee2b16c452a355a29022d94b,2018-06-26
e91f5d1bdbfb622d2b861447bbd89468,4e7d08d5c745a51315a7581f86239dde,delivered,2017-06-23 14:24:26,2017-06-23 14:35:16,2017-06-26 17:33:38,2017-07-12 17:15:32,2017-07-17,ce5f6e03dd62498a5d15321c2a89bfc6,2017-06-23
f7dc79358f6495f086b1874bae7a9575,cd9273c83f993ff58ff733f8cb7af886,delivered,2017-12-06 20:31:34,2017-12-06 20:37:32,2017-12-07 20:52:43,2017-12-14 15:25:36,2018-01-04,ed61e2c28b0226930150736541a9fcd2,2017-12-06
a251664f5760915d29631e4ea0a6f66e,38bd3f3f848e80040f85ddcdb8f7670d,delivered,2018-05-20 11:35:23,2018-05-20 11:51:12,2018-05-21 15:54:00,2018-06-05 21:09:31,2018-06-05,f9ea2418e0844db5b018bae082dc0eed,2018-05-20
b90e46cdc30adec2f0fa041984341170,16aae56add6dad28b649750cb6f7a1a9,delivered,2017-12-27 01:41:50,2017-12-28 02:37:51,2018-01-04 22:52:04,2018-01-26 20:58:42,2018-01-22,0d64c4d942be55faed0e67920d65b3de,2017-12-27
f5d82c89a8e580c89d24d874bdb6da0f,84246f284e7d0de50e53ac2abf96ca98,delivered,2017-12-20 12:27:39,2017-12-20 13:02:30,2017-12-21 20:58:48,2017-12-22 18:04:22,2018-01-09,135635093bebc04b4b89ec10d4994fec,2017-12-20
c96fbf82fa852856858765ef154a0918,3b65668df978a114bc3d982be6ec1ecd,delivered,2018-04-15 20:46:15,2018-04-15 20:55:37,2018-04-18 03:21:49,2018-05-07 22:56:30,2018-05-08,63e16a68064fa2ef23202ee86e3feac9,2018-04-15
b87fe28d8d70119601f63b7b131e7af0,28c2bddfd0115acbff6e0f9419f5b2c2,unavailable,2017-04-01 16:47:25,2017-04-01 17:02:27,,,2017-04-25,87ff69ee0a94361f61fbd5e5699c5230,2017-04-01
dfc13c88dea9f7f4169aa827c7d434ff,d4d2af2131029c90e9e447e97da69a79,delivered,2017-11-24 00:28:57,2017-11-24 12:55:38,2017-11-27 19:55:00,2017-12-07 18:13:48,2017-12-18,f898e7cd83510e72ef5b30a1008e55ea,2017-11-24
9403f186541e5cfa0b72d67be22cb81a,ba379abd49e420a1b7379e7047a63f67,delivered,2017-10-23 12:43:17,2017-10-25 02:07:13,2017-10-25 17:22:21,2017-11-03 16:48:07,2017-11-21,d979a464ccf913e6b92a85ea6c28b857,2017-10-23
4885cd7658f4cc5aa7f5955a69540387,f13d3b0c4676194b009c5829627f334f,delivered,2017-10-05 15:31:16,2017-10-06 22:35:23,2017-10-23 12:53:01,2017-10-31 22:35:37,2017-11-01,4e9a52af54abfaa35bcaf6bca581fd04,2017-10-05
a7c96c67b28612698cc5e0fb735dad94,a59b412d844d8ee85fe937ea21ec7c16,delivered,2018-07-29 20:23:34,2018-07-30 16:25:26,2018-08-17 14:33:00,2018-08-27 16:09:01,2018-08-21,4324608f0fb4b7580feabbca205480bb,2018-07-29
8e9fbb6ae194c4576ae39436916dcb1f,91c3497cd1d1d46c1431e56ee795b05e,delivered,2017-08-22 20:10:07,2017-08-22 20:25:58,2017-08-23 21:33:01,2017-08-28 21:17:32,2017-09-22,b90e75888b6099d30f89b49b8a05cbad,2017-08-22
64410a4fbf4904d3f9445bf58e9491b5,8f1d0358a348695533891708836a34d7,delivered,2017-01-22 12:21:50,2017-01-22 12:35:24,2017-01-26 16:42:21,2017-02-02 16:09:42,2017-03-02,0b71af0a1a119b2db8a6c0200b552ebf,2017-01-22
ee43f81be49659ebbee2bc7b90aeef4b,6ec9f5dc2b3ba35ba341bd0b1fab481d,delivered,2018-08-18 10:19:46,2018-08-18 10:30:30,2018-08-20 12:14:00,2018-08-24 00:56:28,2018-09-13,d4a6c37fe581656fa52915b6f86e065a,2018-08-18
d479fa8a25e886f272e443a70acfb2d9,776ff0f0b482f68cf127f48484ab5ed6,delivered,2017-11-25 13:22:03,2017-11-25 13:33:55,2017-11-30 00:10:18,2017-12-05 16:57:37,2017-12-15,742db6181340c9241138cb46365dabaf,2017-11-25
1f45a28586a90ea15a58abe89e405d46,56b9be0a087336ee3ac2a4b75d588b5c,delivered,2018-08-09 22:39:41,2018-08-09 22:55:21,2018-08-10 15:38:00,2018-08-13 18:58:28,2018-08-17,600658393632741f0eadfe731b4d10a3,2018-08-09
7672a59c69b073e25dba933ef431d182,ee9da0765943a521ee53135a2a6c407b,delivered,2017-09-06 15:20:29,2017-09-06 15:35:20,2017-09-12 17:43:13,2017-09-19 19:42:31,2017-10-09,93fc0adb343c8db5e0310f04859e7e82,2017-09-06
5ba8503668408d9c4b89795726cb7f4e,5413211ad71ba3439017598fd9397d62,delivered,2018-05-16 22:15:24,2018-05-16 22:34:49,2018-05-21 08:52:00,2018-06-01 15:28:23,2018-06-13,5e9c91d2ab9c71653247f6bec2b177b6,2018-05-16
ed1907be7ed16822efc6ac9615b2deae,fe5e35510062d441ad985125ca9fecf7,delivered,2018-08-15 09:57:51,2018-08-16 03:25:18,2018-08-16 09:31:00,2018-08-20 19:32:40,2018-08-27,548414d4fae122dfdee2518e86d1e5e6,2018-08-15
d0375554c3dba35f2633a701e75dd183,896807dd9f58b14b33035ffaf3591801,delivered,2018-02-23 10:11:58,2018-02-23 10:35:49,2018-02-28 02:09:10,2018-03-03 19:39:01,2018-03-09,6b2af3473a2aef0b5ba7461f97a9494b,2018-02-23
8ce422da46d4ce148ab5b05e5233f790,673729f3416d513c4d5a2825b5f42d44,delivered,2018-02-16 17:52:56,2018-02-16 18:26:54,2018-02-19 22:56:45,2018-03-08 16:16:22,2018-03-13,45afdb6ae8f4369a28827ddfc74fd1ca,2018-02-16
7e601e1373744c3c2572bb0877caac87,afab37ef329763c37b47f6efa67f2b8f,delivered,2017-11-27 13:26:57,2017-11-27 13:39:30,2017-11-28 18:12:38,2017-12-28 13:09:35,2017-12-22,a72b60a7c28c1790133e377f30f48b92,2017-11-27
03c968d10d8c63bd2388245d02579fde,0e50c6c7561c15b7879e4673e876fae3,delivered,2017-05-24 18:48:37,2017-05-24 19:03:12,2017-05-29 02:03:29,2017-06-07 11:34:32,2017-06-16,bfc88ad2f4a7c54dc245cc22ab468f73,2017-05-24
99c17c28779e5f367888a507c1ceaf96,3e7b2e247e06d43230046f448bd1a6ac,delivered,2018-03-04 17:16:20,2018-03-06 03:51:43,2018-03-07 00:21:44,2018-03-07 18:33:51,2018-03-15,f7542427705ce55ee46a88cf280b4f51,2018-03-04
fe44f9cd0ee7dc74d7981ba0f7722877,b6a82f4b91aed72ebd1e0660357fbe3f,delivered,2018-05-16 17:49:48,2018-05-17 02:15:28,2018-05-17 14:30:00,2018-05-18 20:18:33,2018-05-24,c83f74ff090d20622e4b43ba5d30e9f6,2018-05-16
d4d52a6470ea8a7ee5d1fba74508bf15,3e0806f0201dbf64cf2c8f6a6422ef38,delivered,2017-02-02 11:42:50,2017-02-02 12:13:55,2017-02-03 16:39:13,2017-02-13 12:14:59,2017-03-01,dd5cf6cbc16b83e6e9c03ab8b2e9c094,2017-02-02
d2d67eee0f617d4f903febb0279cd805,8391bb7cbeb9fc4ca38ba13af0673ca6,delivered,2018-06-24 10:02:47,2018-06-24 10:15:36,2018-06-27 08:01:00,2018-07-03 17:41:57,2018-07-30,20d04d39de790365a44cf0e3a0996279,2018-06-24
b959aa201236702af91eaa10dad4a28d,b52487ffb1dd137ae2dca9b1767d5e57,delivered,2017-10-11 10:51:51,2017-10-12 03:00:09,2017-10-18 19:02:52,2017-10-26 15:44:55,2017-10-30,8dc6d929a7c34f132029a88d6ec6239d,2017-10-11
c6655a752771703762ecca5e27101b99,36ba8775b49c2b4f32ce2544051a0520,delivered,2017-12-16 12:52:22,2017-12-19 09:51:40,2017-12-20 21:04:16,2018-01-09 22:34:23,2018-02-05,f14482c0e11f3669857be09db99a2338,2017-12-16
ea418b9e7145f9d09282bcd0f281b2c5,0ebb41b53df7726b1f2b00a27a169ae1,delivered,2018-01-13 21:04:16,2018-01-13 21:15:28,2018-01-18 19:12:50,2018-01-27 01:52:33,2018-02-15,16c248c9b83996ae42880287756e328e,2018-01-13
840a030c24ea3c06dd506a43ce2a0c17,5f6b544cb597780c7495e93d0c470c3d,delivered,2018-05-03 12:59:16,2018-05-03 13:11:59,2018-05-04 14:21:00,2018-05-10 20:37:41,2018-05-25,902e696c3adb44b46a7a5f07517bb884,2018-05-03
dcb69a3c1f97a14c7189a209c641f1ca,452c98cf218f8ed6604f9795df24e78c,delivered,2018-01-04 11:59:36,2018-01-04 12:09:19,2018-01-04 20:32:12,2018-01-17 21:03:38,2018-02-05,557b158701bedbb76b856eb5f3af51b1,2018-01-04
cb786e336b90d89a8d570fd0f698aaad,6525ca96d52dc98187a0ab8abc1cad2d,delivered,2018-02-14 11:12:37,2018-02-15 04:07:46,2018-02-16 16:10:18,2018-02-26 21:24:14,2018-03-12,6b1903bc6c0fe4ae9518fac8df8a2ddb,2018-02-14
2975b6c860dbfdf97400ce6e3f2f17fa,c19fd1f70eda21df900b350e67c26ffe,delivered,2018-04-04 18:14:13,2018-04-04 18:28:25,2018-04-05 20:42:39,2018-04-27 18:38:45,2018-05-03,43609bac99eff5f455f5ed4ac1f78171,2018-04-04
a94ef6352b750b132a1a2fdad975a6d1,58a58a121055c2c15bf9f2d39f78a555,delivered,2018-04-03 13:50:03,2018-04-03 14:09:53,2018-04-04 18:24:53,2018-04-09 16:03:35,2018-04-19,54105fa38b2a33d5bbf42edc2ce4e6db,2018-04-03
9e3a37ffccf4190a8b497c3e563fd95e,9d4a035a6e506fab0cd9f7daa355d48f,delivered,2017-05-04 13:10:28,2017-05-04 13:30:14,2017-05-05 11:28:02,2017-05-15 16:07:07,2017-06-02,a273f051b6437ce1ef85ed41b454518c,2017-05-04
013037c3f1773cc8fdbaf8ff54d8013b,35df3e8a58fe7d040ed21c7d521f8711,delivered,2017-03-28 15:15:18,2017-03-28 15:25:21,2017-03-28 15:39:21,2017-04-03 16:43:54,2017-04-19,f25c64d74c6188c7fb8d3c58d83c6a85,2017-03-28
9ab17910110e2869d3b5644d2002eb40,c0fa7f3347b157aa5d82b3c2f55ef164,delivered,2017-12-06 21:30:32,2017-12-06 21:38:26,2017-12-07 19:48:33,2017-12-08 17:51:56,2017-12-22,390df523f7c6dced198774bac51a9375,2017-12-06
3da9b6dcdc5ef9a54af76280c750bb11,668388871ab75ee8c8cd33182a1d8ca3,delivered,2017-07-25 17:14:19,2017-07-25 17:25:17,2017-08-01 20:07:29,2017-08-02 18:12:21,2017-08-11,dc2614eb286553368ee7b6cab3dbfd70,2017-07-25
65d5ab70320210b215c305db9ff2f1c8,196dbd926f76403591fc4fd8b225171d,delivered,2017-09-11 21:23:45,2017-09-11 21:35:35,2017-09-14 22:20:06,2017-10-04 23:34:13,2017-09-28,5446fa30b1804ee0c3729e788f778508,2017-09-11
2d6514f6bd302c94ecb00d6781f938af,207767ced0a5a931ac7ab03cdc36659e,delivered,2018-03-20 15:30:10,2018-03-20 17:09:15,2018-03-21 19:11:05,2018-04-05 01:51:50,2018-04-16,539cbe23d0b09caad7653bc782ce0e88,2018-03-20
d0fc40215ca8a24ee1ad72bdac36c29f,d10065abe48b6225e69b5dd8ca4ee9ef,delivered,2018-03-02 11:17:03,2018-03-02 11:29:50,2018-03-07 20:12:41,2018-03-20 21:05:49,2018-03-23,21b6d5ffb3f9b205a8a7d42d4336086d,2018-03-02
69d0959da386c4510dc8cc69db5d68c6,3598525c5f55f5313199062d3a24b706,delivered,2018-02-08 20:51:52,2018-02-08 21:08:39,2018-02-14 18:42:03,2018-02-24 00:46:44,2018-03-05,6026244843aa0acabdbe72bbb7744c38,2018-02-08
e995d882ff7b28ef28cd7e87737fccec,d0ca3bd883db211fc63dfc257d64578f,delivered,2018-06-27 11:39:12,2018-06-27 11:57:20,2018-07-03 12:32:00,2018-07-04 17:08:28,2018-07-16,62f4775fd18910c443913256f1e11a84,2018-06-27
5943d2b7f07adf0f9bd4dd14b9ecd070,b203cf39f884e69ed6902e98fd64c552,delivered,2018-02-02 22:24:40,2018-02-06 03:48:43,2018-02-07 17:19:43,2018-02-20 13:14:10,2018-03-08,7cffc67afb86a073aed6dabde0615bab,2018-02-02
820749211528f2ac3c371469c8dcff94,f439a62be9d46893925dc9c101e2b80a,delivered,2018-07-29 20:17:44,2018-07-29 20:35:14,2018-07-30 15:46:00,2018-08-03 23:56:28,2018-08-21,9ce6ae078350732e8632e29fcf2db082,2018-07-29
1e5276061569fd2d678f6363fd8f0aa1,e14ffadfda9f3cd76ec8c4fc2cfa9cb3,delivered,2017-02-09 15:03:09,2017-02-09 15:10:23,2017-02-21 08:43:56,2017-02-23 11:27:50,2017-03-15,8637b999cbcbf3e5a07e1155424c103c,2017-02-09
db3d48fd23bba176f603903cb139ccb0,5768c4a0f086797bbe3c1a86c53d2311,delivered,2017-12-04 22:44:41,2017-12-05 10:30:42,2017-12-06 18:37:14,2017-12-20 17:45:05,2018-01-02,8121bb77106e29a592b6dcc97841872a,2017-12-04
f471b0bfd4301c5ec83e053239f02fac,879c6d8923bcd483cd105a6b224d4027,delivered,2017-12-06 11:44:16,2017-12-06 11:55:27,2017-12-07 18:38:51,2017-12-11 17:34:57,2017-12-22,fec4c22f245bec950cb2da65fcd20fec,2017-12-06
5e7dc712b9b97639cbac22ffe7701945,ea3ba35bd5dc1f3db4ce8f9ef82232b6,delivered,2018-06-11 12:21:38,2018-06-11 12:38:55,2018-06-11 14:52:00,2018-06-15 14:34:41,2018-07-04,d7cd2dbabf892e21c3b76f07445f873b,2018-06-11
248f06491b94081a333b97639693e59f,e8f22ce5168c883e9fad86c1ad0be28b,delivered,2017-12-07 21:57:04,2017-12-07 22:11:07,2017-12-20 18:52:34,2018-01-04 20:44:56,2018-01-12,8e75002eecb2582ef033a5607b196678,2017-12-07
28100e608903eb27aa01604f626bd8c6,40a38cd4a86f1d51e4a83fd9d4ea8806,delivered,2018-08-18 20:44:06,2018-08-18 21:09:55,2018-08-20 20:59:00,2018-08-27 23:18:33,2018-08-29,1ee115cb16d5bae5f1fa699870281e70,2018-08-18
8db860eafc864afe81ba4e0d3b17b870,3407820ee0edaaeaae79637f15c49935,delivered,2017-08-06 12:40:37,2017-08-07 21:23:31,2017-08-10 16:54:03,2017-08-21 22:22:08,2017-09-11,522654fdf1339e505c72c9e5eabac295,2017-08-06
8f89a91120f6ee124abbabe2b1408c2f,0880c134c210f2ac6c3b925bdd4cea3b,delivered,2017-12-02 10:03:10,2017-12-02 10:18:36,2017-12-06 14:55:47,2017-12-08 18:25:39,2017-12-28,3b99cd9d2cde89303c992acee295d117,2017-12-02
930fd7026095ac4b03da401970cee5c9,aec43290803fc74ac83844dd7d6005e6,delivered,2017-10-07 09:57:16,2017-10-07 10:07:19,2017-10-11 20:03:43,2017-10-16 23:59:52,2017-10-31,69a9b1b5aec8aecc0d270adf5ad396d2,2017-10-07
5f63f81968c1ed5835496acaa5b63434,d7aa6dbff3aa2d202d96f917d896fed4,delivered,2018-06-19 16:24:39,2018-06-20 08:56:22,2018-06-25 14:28:00,2018-07-05 16:21:02,2018-07-20,696bcbb6efac684825aa192edaf8126e,2018-06-19
22b31554c7c727c7d79ebd604c08bab0,cc2076c7e48e1a6be431a0f51fa923d1,delivered,2018-08-21 22:39:31,2018-08-21 22:50:16,2018-08-22 14:00:00,2018-08-27 17:28:43,2018-08-30,a06e9194d3e2c064bce10431ec5548f8,2018-08-21
edd98ff7bdddaa8e3330534fb8f02792,f0119af278758af431593d99f8588de6,delivered,2017-07-14 09:20:41,2017-07-14 10:30:18,2017-07-17 12:57:43,2017-08-07 15:21:55,2017-08-15,a5a77a4b5fd7b5a3ac67abe341b4aeb5,2017-07-14
63f51e8c965a147f93a5ed80d6e13d73,fe580eae24253335f7b3398fb89fe493,delivered,2017-09-08 09:58:50,2017-09-12 04:15:19,2017-09-15 19:51:50,2017-09-26 19:10:13,2017-10-02,a841c8e284f4bfb4c02b30fafdff64f1,2017-09-08
6f4c8d69711bba5c237e9a353acca903,d7921b1a7133e7c8e3bcecc880516cc5,delivered,2018-04-22 23:35:47,2018-04-24 19:25:26,2018-04-24 18:02:22,2018-05-07 21:44:26,2018-05-25,bb55c9eb72ebab26ac9cea859ba9bce7,2018-04-22
9d1b1e75d6e1113a2fa3151458f04ae5,9545904408471ae792d83300c265a940,delivered,2018-04-17 09:43:20,2018-04-17 09:55:15,2018-04-18 13:34:55,2018-04-24 21:18:50,2018-05-07,3197a1d80c007260a1f25f6317a3a1e5,2018-04-17
8b1358b5d34e45d8a7a08698b494afee,d509b15d76fa06fec11c8ec5ddeccb12,delivered,2017-07-07 21:08:16,2017-07-07 21:22:57,2017-07-13 20:57:57,2017-07-18 23:15:57,2017-07-31,266ae48d39699b688fab56339e81c2d1,2017-07-07
d9ed7b8cfe99da8442618eabb0f9997c,a2fbc8249183dc8b3f3440a973718542,delivered,2018-03-01 11:31:23,2018-03-01 11:50:26,2018-03-03 16:42:18,2018-04-02 17:37:10,2018-03-29,2ee6fd85dcb54c837367e2b9aa04e8eb,2018-03-01
aeeab8637de633de993bd592471e4cf2,620a1ea38a8b57e0a493b54c6d43ecc3,delivered,2018-05-07 20:48:30,2018-05-07 21:14:23,2018-05-08 15:07:00,2018-05-14 20:15:28,2018-05-24,9de7f50b02466f13000469a350111a53,2018-05-07
6c37458893de8ddaa38b557e58e3bfb7,bcaeb8258e6bc14f120f0aff4bfe3da3,shipped,2018-01-06 15:42:24,2018-01-06 15:56:47,2018-01-09 02:43:31,,2018-02-07,3fc38da1985b9e820504f0ad51abc8d1,2018-01-06
3a438588c7446ebe249ca2658e5e99bb,403c18ab4dd89d3ca5e3690c73832ad5,delivered,2017-10-06 10:28:12,2017-10-07 02:49:15,2017-10-10 21:04:22,2017-10-17 18:29:28,2017-11-01,827d2a844810b430e2dd9e55a591c955,2017-10-06
3f2d65e9302a444056b6b65922647a10,d8d046fd90e2f29cc28ce93796173e3b,processing,2017-08-02 12:48:57,2017-08-02 13:03:37,,,2017-09-01,a50e9f91468592dec77e8d6f7986d786,2017-08-02
29c30498e6ae0d73f53debcb8c72ea76,31916c2ef56e3981ee1aa02ce0bec4b2,delivered,2018-05-15 20:34:52,2018-05-15 20:56:02,2018-05-16 12:37:00,2018-05-21 18:32:04,2018-06-04,5033efbf8c4c2ca17bcb3a2fe3b5b9db,2018-05-15
c99c7b68a239931777d626071e46895d,9fe715c3b27abd3049313efce3e0683d,delivered,2018-06-20 10:14:59,2018-06-20 10:44:10,2018-06-20 12:57:00,2018-06-23 16:04:58,2018-07-16,aeaa630606c8233521e8f80411f82f5c,2018-06-20
3a80a334a6f31719b180d46fb8f00c5e,24e60f5fae3ce0d4a0a86c106c879513,delivered,2017-08-18 00:50:21,2017-08-18 01:05:09,2017-08-18 17:33:12,2017-08-25 19:52:01,2017-09-12,5b855416b6a0343aeb247df1750ea77d,2017-08-18
b2472725debf23eabcb392ccb8401a4b,e62609b42d75d6353fdd9dfc10b86a08,delivered,2018-06-12 22:34:50,2018-06-12 22:59:32,2018-06-13 14:24:00,2018-06-14 19:08:40,2018-06-21,33856c85a33a8112e4e5d72215d07e62,2018-06-12
47cb859a7f526319e3da0015c15c3b1f,5059378df49d90c06ff62b87ce33205b,delivered,2017-02-08 11:40:35,2017-02-08 11:50:16,2017-02-17 09:12:03,2017-02-24 17:13:54,2017-03-17,2e4abe9d674b4655fc04dc7daf05128a,2017-02-08
afaf7af5b20257063f84ff0cafd16820,f53b9a6bb4e1039f26d9c3225dc84fb5,delivered,2018-05-29 13:17:17,2018-05-31 03:35:45,2018-06-04 14:33:00,2018-06-13 20:12:41,2018-07-05,9a6129b2100b5decb9993d054261bc6c,2018-05-29
40235388677ff26c877371597c5fd116,945bd919b9bc82a663526563e9dd3228,delivered,2017-03-09 23:18:02,2017-03-09 23:18:02,2017-03-10 14:49:09,2017-03-14 07:47:33,2017-03-28,9b6f9ad3c080ba8a1b78434783b92ea3,2017-03-09
71d3e09a5dd729c9a0d368cd5fc9e47c,05fdac815ea6a7f430e1dde5c80bd6c4,delivered,2018-05-04 15:20:52,2018-05-04 15:35:13,2018-05-09 15:13:00,2018-05-14 17:46:51,2018-05-22,5b2bd431d04a7e547aa07ffedf4b738a,2018-05-04
61fa6d238ae5d2e7063f2df458609c91,19accc9f4fa91716d819ab1cbf30a916,delivered,2018-06-17 07:56:36,2018-06-17 08:19:29,2018-06-18 11:17:00,2018-07-11 18:52:39,2018-07-11,9c2014c8ebe041a98e9603375cd7bb6b,2018-06-17
8b837793f7c7cf603440ed84d25487ff,f0d89f9809dfe5b705baf55c6f6b5d71,delivered,2018-03-14 14:00:16,2018-03-14 14:40:22,2018-03-16 20:08:49,2018-04-07 01:41:30,2018-04-12,424ccdbadb27cb32b562397f815281c9,2018-03-14
6289ee54f79f145b31d94596c21ff419,9a0480bdb0c0c8e63a17be53e1faf91f,delivered,2017-10-23 23:39:37,2017-10-23 23:56:12,2017-10-25 12:48:02,2017-11-03 17:23:47,2017-11-09,bdde9ce1c27b88a7fe3ef13ad6a80b5f,2017-10-23
9e78fab71a274225243402d9d1f74166,9f2fbfecab2dbea98e85e5ea6417b9d8,delivered,2017-08-16 20:08:12,2017-08-18 02:25:27,2017-08-25 18:42:53,2017-08-28 14:39:40,2017-08-29,59f85d28be94b3580030d3ee7eed4aae,2017-08-16
3cf732ae03a74a50fc69cbfe6cb978fc,f9459256278b4392327e0d24cfcb7eba,delivered,2018-02-28 20:39:17,2018-02-28 21:20:54,2018-03-01 20:42:43,2018-04-27 22:51:29,2018-03-23,d9c332de2cc5563602b8fc3de137bf47,2018-02-28
55f140655997122535ac2c2290ce6b2e,e683a49bd6cdbb2f70dfb43c796ef937,delivered,2018-08-02 12:33:46,2018-08-03 02:45:20,2018-08-03 13:14:00,2018-08-10 12:58:39,2018-08-21,623390a0dce25eabc9ffc31eb0467582,2018-08-02
728460a91df8d89f83b5dbf46a9f112b,d94678286470f5b60b19bda27ca382e2,delivered,2017-07-26 07:11:07,2017-07-26 07:22:53,2017-07-27 17:12:50,2017-08-02 18:47:49,2017-08-17,f9327d26c4b2edbd8bcafa1cf46b1477,2017-07-26
b364399a0c864ced54841697ef73235b,466730a200f279de9bec0f71ed929797,delivered,2018-07-02 21:24:39,2018-07-02 21:35:13,2018-07-03 15:59:00,2018-07-11 16:48:41,2018-08-10,74043d8170550b55dc0e6b4f11799d6a,2018-07-02
fe52554f43fb82f60254abfca92f8c55,7c5b3f5b21b1e25985cd6b1b20020b22,delivered,2018-02-08 10:01:26,2018-02-08 10:15:29,2018-02-09 18:23:35,2018-03-06 14:42:02,2018-03-08,47647986f010569ab157d23d9ac7f508,2018-02-08
4256024f988c6c35dce119ea6c84e1d4,a9f4551ff7d2289c309aa713c0d26cf3,delivered,2018-03-21 14:29:14,2018-03-22 17:30:27,2018-03-23 22:46:28,2018-04-02 19:43:36,2018-04-16,c9b33c9f1440ff1ebc8d4fe9b182614e,2018-03-21
cc2e8086c51979abc27c0e0d0b3c7127,ff6e14131c33b3c03410f91497936db3,delivered,2018-05-19 21:55:13,2018-05-20 01:10:20,2018-05-21 15:30:00,2018-05-22 16:34:28,2018-05-29,6466c48d5e8e871ab2ebf54b2bc13555,2018-05-19
46d941280fb05532830575927a3530f4,a116f93563fbdf7029e5cad149c8e0ee,delivered,2018-01-19 16:33:55,2018-01-19 16:59:47,2018-01-22 23:52:34,2018-02-14 23:54:59,2018-03-01,be9216b264ae917bff124671d6ca81ed,2018-01-19
37c755c6df4b61c5b4cc40361ae57588,f0772c0e39db148ac825126eed58636a,delivered,2018-01-15 16:24:56,2018-01-15 16:35:22,2018-01-16 18:14:08,2018-01-24 22:22:35,2018-02-15,eb8316a01ed5e167df33020acb7f5f7b,2018-01-15
c13d9f344c1cd097c0b6b271a9377862,0bcccd8f84ebe2f7721e760628fa5b42,delivered,2018-04-12 17:59:26,2018-04-12 18:10:17,2018-04-24 17:22:59,2018-04-27 19:41:18,2018-05-10,dec14420257e5b4b17bade4b437ca56b,2018-04-12
7a4e109ca305e244583e6d58edbb3725,0771e721934d3b756ede4dd22cfddff4,delivered,2018-01-25 09:28:33,2018-01-25 09:36:24,2018-01-25 22:47:29,2018-01-31 20:48:44,2018-02-20,d1a6e2b3c42768901059a0057b1ba2d6,2018-01-25
05fcebb08e5f6447834c6593dcec9c81,423a8dbe127fb9a8969448ba71969037,delivered,2017-05-23 22:15:52,2017-05-23 22:30:08,2017-05-25 09:06:33,2017-05-31 15:18:29,2017-06-12,e5e60342357db3e77ff162dc102dc0c3,2017-05-23
da1186aaa3f26fa851d95c2e0b3d5574,20dd120fe361ffe9dba9fc1afebd5c6b,delivered,2017-10-17 21:08:24,2017-10-17 21:28:46,2017-10-30 16:24:10,2017-11-10 18:48:18,2017-11-10,25594d3654936f449a3abd3f9b1c200c,2017-10-17
469abd917ae82adddc931bca94bfdf84,a2ee2b8e443d009d5198a5fcb673cab3,delivered,2018-04-17 16:10:41,2018-04-17 16:30:38,2018-04-18 22:16:24,2018-04-25 22:32:36,2018-05-10,c9771849f3707745c62cd85df35e8638,2018-04-17
5a0606a14f282ad9c0ce9057cdf9dd68,d3253f96461fec2ff7e922549f777abf,delivered,2017-02-28 12:00:26,2017-02-28 12:10:25,2017-03-03 09:42:00,2017-03-22 14:37:58,2017-03-27,c553ed39d07bd5f153310dfdc0ba657f,2017-02-28
dd246c04c51f928314cb10f842d04532,790abe338ab161bafecfcb1a477d46a7,delivered,2017-10-16 16:19:34,2017-10-16 16:37:59,2017-10-17 18:58:50,2017-10-24 22:48:36,2017-11-06,122d5d77ab33d56a3b0ec740c923dcaa,2017-10-16
e95d501ef62dcec5a8d1a7eb222a02b9,97d63feda8926a333e24d685b9be138f,delivered,2018-01-28 17:22:43,2018-01-28 17:32:20,2018-01-29 19:33:51,2018-02-20 19:07:20,2018-02-23,bcf74d4f2bca8ca85dd375ec5c05df9d,2018-01-28
99c147df843f57729b80fc677944bfd3,683b739c969b6695ccb79703e84d2181,delivered,2017-06-02 12:11:15,2017-06-02 13:05:44,2017-06-02 15:25:59,2017-06-09 06:32:24,2017-06-23,a1d7e8961505df7409196957bfcc2e74,2017-06-02
a6b9f6bcd95a0ddbaa7194536b3cd00e,2012d78efdc21c900291fc12b919862a,delivered,2017-09-05 09:12:36,2017-09-05 09:24:50,2017-09-12 16:21:21,2017-09-16 11:12:50,2017-09-25,920585274b879e26d25b31a2bd8dab76,2017-09-05
03572de4ee0598b00c48f6de965fcf78,bcd0281b473e8ed4e0a1e37d73e059f6,delivered,2018-07-26 13:46:21,2018-07-26 14:04:52,2018-07-30 11:14:00,2018-08-04 14:50:40,2018-08-14,79562ecc27202f3eb4722d854306c3a1,2018-07-26
3c1b7beb2a3485c3ad6b4ba2a4865466,0da4c4dfe3d09319f5f1db69f78336fc,delivered,2017-08-28 20:55:20,2017-08-28 21:10:09,2017-08-30 15:02:23,2017-08-31 16:51:56,2017-09-08,2348b4de1e01715cab039ba3ce2dad8b,2017-08-28
b9281185de46b37d1c9f6dcef2f96cf0,ca40ad78f1ca793104d83c568614d52a,delivered,2017-09-22 14:38:51,2017-09-22 14:50:16,2017-09-26 21:25:42,2017-09-28 21:23:44,2017-10-16,4126f99e00fac3e1e7976b95a7319ee6,2017-09-22
49f62326ab0dc444db19abf56861df10,c13f8b9243aeb2b4d10cc57686af4023,delivered,2018-05-07 13:02:38,2018-05-07 16:33:51,2018-05-08 11:30:00,2018-05-11 18:05:07,2018-05-30,5cd976e502e36902346580a88a35c2be,2018-05-07
6308e2b09c21b19ba8950c494a9468d6,9890729ffc125b12b99d8bb4814b1ce0,delivered,2018-06-02 23:42:33,2018-06-03 00:35:20,2018-06-05 07:02:00,2018-06-10 10:54:23,2018-07-05,c2f09498058a8035f734260b1b252b16,2018-06-02
3fed89335b07739e36d2b4680ce3e900,b366d104c0e6727cfaea754e62d36899,delivered,2018-05-03 22:16:54,2018-05-03 22:30:32,2018-05-08 10:52:00,2018-05-11 18:54:45,2018-06-01,f0a8e36658d6d08f6e96b9ecf389fd52,2018-05-03
54b1718c17cfa59d1f51cba8c755ed98,1b8fed4c8a4c8f879319e5ce374ecdeb,delivered,2017-12-27 11:51:18,2017-12-27 12:08:50,2017-12-28 18:28:47,2018-01-05 14:15:52,2018-01-23,19348c367cdf408ea7735a14ec5cbf4a,2017-12-27
f7220418cd6c36ddfba778a8433e98fa,6344750516c1732585d5e05c2c9e2531,delivered,2018-05-18 15:54:30,2018-05-18 17:55:38,2018-05-29 13:51:00,2018-05-30 15:58:51,2018-05-28,cb3ed89e9cf098f7f8a6cb32afae5e79,2018-05-18
aaabb4935fd6db331104e2cf134d60d8,46b4791a0168d2a222cc9875e1bc398c,delivered,2017-09-17 12:53:07,2017-09-17 13:05:16,2017-09-20 19:03:08,2017-10-05 20:08:49,2017-10-05,e843976b708e020ff0dd642a2d4e865d,2017-09-17
43dad3b15826adef6cba40d7aab778d7,139d7621c8c3a922dbc1de5d68b99dc1,delivered,2018-06-22 13:12:28,2018-06-22 13:40:12,2018-06-22 14:35:00,2018-06-25 16:18:48,2018-07-20,b4440223bd5fc71d0e9e491dfc2a53a0,2018-06-22
f3e4f521d6a68def7f89c8e9c8898829,7675705e45e86c1b4e8778de97056428,delivered,2017-08-08 13:48:59,2017-08-09 02:50:26,2017-08-16 23:12:04,2017-08-21 17:16:09,2017-08-28,b87b0071e55738a3e261aae59cf211be,2017-08-08
ad7e5a65eac829f227074fbf3c623568,6dbfd9328ccb198afa6b9814b47ddcd7,delivered,2017-11-09 17:25:19,2017-11-09 17:47:53,2017-11-14 15:25:50,2017-11-17 17:13:09,2017-11-23,baf7700d7cad4525107962e93ad4d9be,2017-11-09
80549ebc0ab692a2a0c6837f2292b7b4,b5e7db3a40512499dabd30be0f390d1b,delivered,2018-03-30 21:23:39,2018-03-31 21:27:42,2018-04-03 17:32:32,2018-04-05 21:44:42,2018-04-13,715cf4b2f479c0df830dc2fedff5df65,2018-03-30
2da7849b212a57039d3fbf25ea7b8056,4b75f3f9a9f8f891fd4726e45cb6eac5,delivered,2017-06-11 08:42:30,2017-06-13 04:35:19,2017-06-14 12:19:03,2017-06-16 09:47:52,2017-06-27,07124ebbabe334f7b0cb2e7ec78bf00f,2017-06-11
f88c3f1ac28fc3ba05c46d0e7f2ed8b9,8972d1a383b106ab12f2a93f527e4d9f,delivered,2017-09-26 23:16:07,2017-09-26 23:28:09,2017-09-29 20:38:42,2017-10-10 16:00:30,2017-10-11,731236aaa4c2470dff4d40ccc8739e44,2017-09-26
0210f3225937e9d7702e0c3fff098b98,eb6ebc68d7ab6ad83e9d68dc1b707f1c,delivered,2017-11-25 04:31:42,2017-11-25 05:35:36,2017-11-28 22:18:27,2017-12-01 21:33:36,2017-12-11,25bd804c580bc1ee0c93d073fae09a84,2017-11-25
f4925844bd4b0707ded394bc3a93cf5b,3ce5c358d749717eafc34f955b20b652,delivered,2018-02-16 11:51:05,2018-02-16 12:07:31,2018-02-21 19:33:01,2018-02-28 20:09:50,2018-03-14,48c81b413b886aa7c1f17364e6498cdc,2018-02-16
c507700e9ada94e7c3c9870a9d74e5cb,8a385c960f811c8dc9dec7b70211c4cc,delivered,2018-01-28 19:49:15,2018-01-28 19:59:19,2018-01-31 22:25:06,2018-02-03 14:18:50,2018-02-14,23df7c519d15201c2c60f0ab1ae41814,2018-01-28
15b43c7df18210a4d78cb043992d1ef5,09c6fec25c3ac64f82417e456aa40ef1,delivered,2018-07-04 16:23:59,2018-07-05 16:32:20,2018-07-10 14:01:00,2018-07-11 15:28:22,2018-07-19,9529c4855eca889017d82a858ccd8ec0,2018-07-04
768a46b77a2e365b60de87041473343c,453bee8ff535a6fef4a5fdc347d851f5,delivered,2017-08-31 12:15:21,2017-09-01 02:24:49,2017-09-04 18:44:59,2017-09-13 23:02:44,2017-09-22,e20f28ed62609865351c6c7e7d6de7d3,2017-08-31
c0607dd794398507f4e1371ad2369b93,70c17e5af18ec4d774575763cb4513cb,delivered,2018-04-20 13:30:18,2018-04-24 19:28:30,2018-04-26 14:51:00,2018-04-30 18:38:38,2018-05-30,e888c93f6cfe72d119b15a8f4987bf80,2018-04-20
19f0439c31499e4b699d03dbbbf44587,40233126a7bf476bc25269affa42e6a6,delivered,2018-05-12 16:24:55,2018-05-12 16:50:19,2018-05-14 06:55:00,2018-05-18 16:51:26,2018-06-06,1b1163f6145db18d114c1390bfd383f3,2018-05-12
5e5b80a664dfaad7f64dafff8e8d018a,29b3c5eb60190b6d391162f4de1f8a77,delivered,2017-11-13 19:47:16,2017-11-13 20:07:21,2017-11-16 15:53:00,2017-12-02 17:32:24,2017-12-12,f737ed61293c7cb75adf4b85a7df6bcd,2017-11-13
f15e15e34e647bdbf9b1d1a608d6518d,1352a85e77e7376060d53f99c2786180,delivered,2018-05-04 15:42:16,2018-05-04 16:30:21,2018-05-05 08:40:00,2018-05-08 19:28:48,2018-05-21,5a819fa976c2a1e65fa35e5c890d4dcb,2018-05-04
041829597c49c92cb66b0e5813936286,1ca9821484ff44d1bdef88a5a51ceb0f,delivered,2018-02-11 15:37:27,2018-02-11 15:50:34,2018-02-14 18:38:58,2018-02-23 23:44:49,2018-03-13,3b019d559572faeba4fe0e5bc17187a3,2018-02-11
1676fa2516c38753e7a0ee7fa8e41009,afea86eaca7e4cfd9f4abb186e66c612,delivered,2017-09-05 22:29:57,2017-09-06 22:35:23,2017-09-08 20:02:30,2017-09-11 18:27:41,2017-09-18,e6700e278c4e305488ac1b76b8991bf3,2017-09-05
aca44cb492f80075220916b0a4486b10,a8a3a97e5508758040e4f84de88931bb,delivered,2018-08-01 18:55:10,2018-08-01 19:05:21,2018-08-06 08:27:00,2018-08-15 18:06:54,2018-08-14,2a6e23d3fef1afc8a57239980eec0ebc,2018-08-01
cdde87555bcd91df4fa4f191cbc77774,84874c595637bb7aea0323c01a7e9c92,delivered,2017-10-16 15:57:54,2017-10-16 16:37:16,2017-11-28 16:23:50,2017-12-26 21:34:13,2017-12-20,cced18dc0d1f0d8b16f75f5b5ec3e2fe,2017-10-16
3bc9ec33a0837981e7f5e35876723afb,d575e11a6155f00e7dac21ee59463aa4,delivered,2017-04-06 10:48:38,2017-04-06 11:02:56,2017-04-07 12:49:56,2017-04-17 13:08:14,2017-05-08,c7bfe64ba6a8b62b1ec8212438caaddf,2017-04-06
b517119a4cb50e6401120388ef78a576,7ef37d8eeb572434ecba221287abe1af,delivered,2018-02-10 19:02:28,2018-02-10 19:15:28,2018-02-14 22:43:18,2018-02-21 17:46:43,2018-03-06,8d222383cf47bb88ab26296b18de0893,2018-02-10
13bddc208e2f4682972c349499746fd2,da9dcf78d5f4805d03ed2df3a3632580,delivered,2018-03-14 09:51:47,2018-03-15 03:10:09,2018-03-15 18:18:48,2018-04-03 22:08:54,2018-04-23,cfbe062f703adcef50f1457ee8027c4e,2018-03-14
76bcb1e332f23e1b82baef84baaae1df,d9b4c2212326d5a4d0084bc2b65691b4,delivered,2017-07-06 19:15:39,2017-07-08 03:30:37,2017-07-10 17:47:54,2017-07-20 20:23:30,2017-08-03,f2ca55f42a7131ae3955d7a039c69c37,2017-07-06
aa3d230ecbebaa35cea8fe4c24739dbc,16dfb913bdd7b28de3368eca2b567e45,delivered,2018-01-19 09:29:34,2018-01-19 09:39:29,2018-01-19 23:18:47,2018-02-03 00:41:50,2018-02-15,4a83a15438567179272a195eee42f246,2018-01-19
37053f6579737659d5be0a513847b022,1576a058d9a4f30614aabf3cb672b7e8,delivered,2018-01-17 11:04:28,2018-01-19 02:37:14,2018-01-19 18:16:29,2018-02-01 19:34:40,2018-02-16,7bad2ac7a8edb28ed26c0665f3d86724,2018-01-17
c8a39e88e6ff246e21f6fc93c50a2e88,4f4ee29810bbc369aeb430d5aed89fab,canceled,2017-05-27 22:45:48,2017-05-27 23:02:27,,,2017-06-12,237a8d173b892a798ad03ea8acb5cd10,2017-05-27
2e167a5acbb1c31fd50faac2ac3986d4,84d873e3af10030dbdf741e8dac59fd5,delivered,2018-07-17 09:56:35,2018-07-18 04:35:13,2018-07-18 12:52:00,2018-07-23 21:28:44,2018-08-06,91e659a7a68e60e21ecd112af276e2fc,2018-07-17
fcc5a62afff48fe81c286fba58b2fa08,1a34a593e6d30a998c2c7307606ca9dc,delivered,2018-02-21 09:10:09,2018-02-22 02:08:50,2018-02-22 18:47:51,2018-03-06 23:16:58,2018-03-16,a82c903422dab535f281aa773b033a46,2018-02-21
e8ab4523e5661e8945b938ccc4d89553,cd6c124956591100b92fe3f3f55450a6,delivered,2018-06-27 11:21:36,2018-06-27 11:35:15,2018-06-28 14:00:00,2018-07-06 18:03:34,2018-07-27,2c7dc2d77f266837205c84e3e91e8449,2018-06-27
672260490e5b2772766e523be71a3a9b,273829bba946ef064faef6a2247bee12,delivered,2017-07-13 22:41:32,2017-07-13 22:55:14,2017-07-19 18:53:50,2017-08-04 17:14:49,2017-08-16,37dca09dbcd3b46dd024b2c742e6e362,2017-07-13
d1ec7466f63d4130fa5536cc1cc69229,a7dac20486c0e91d1e34ae9f1c92cde8,delivered,2017-11-23 16:22:58,2017-11-23 16:32:19,2017-11-24 17:41:49,2017-12-14 19:08:57,2017-12-28,96f339a49e107ab728ddf8bdbac86d47,2017-11-23
4f0a2c058df62bfe77f0e0e1e1ca66eb,55a0c3e86baf62169bf4ec368c02193f,delivered,2018-02-17 19:14:12,2018-02-17 19:26:51,2018-02-21 18:49:11,2018-03-05 22:13:11,2018-03-12,33aa7fb9d2429916573aee9c36263647,2018-02-17
3465fd888b10f6955d53af353b72452b,defb0e897773c014ff9bde0035716325,delivered,2018-08-14 21:44:06,2018-08-14 22:04:16,2018-08-16 12:05:00,2018-08-21 20:41:15,2018-08-28,a93a47e9606d7979dcb5a63fbbfcf8db,2018-08-14
e302764b4fa6c74b926997b8b171f5d7,c322089fc60b4832eb918b6fc35ced7e,delivered,2017-05-29 08:19:41,2017-05-30 04:55:16,2017-05-31 05:05:38,2017-06-01 11:13:39,2017-06-09,e5f799780b5508ab75c7169cfa95cba1,2017-05-29
a6bf292dae65f520a1f47f4df440654a,a8042e7d6aea7c6f3ac39e7f313e8b88,delivered,2017-10-05 17:32:22,2017-10-05 18:35:17,2017-10-06 18:57:02,2017-10-11 21:03:56,2017-11-03,fbec173c9b75fd072da74e85deec2b92,2017-10-05
261d62f3e26bd7761b0421b16e91653a,2890130b3563d7eec952189f0e837da0,delivered,2017-10-08 13:26:33,2017-10-08 13:49:32,2017-10-09 15:37:52,2017-10-17 14:16:34,2017-11-06,b4e199c32b71699c2e2f9fbfe427e355,2017-10-08
8ff625fadffb2448ac1d434dffb4d52c,e05cda3503b7dcfb4692db77f1b38bdf,delivered,2018-03-19 20:49:11,2018-03-20 20:50:32,2018-03-23 16:19:27,2018-03-26 16:36:49,2018-04-06,089d956fa7f8bc8b1d996030baed0fd7,2018-03-19
f8cea030b5609de692906ee83fda91ea,5252324112d4cf5d30f45b5abc43c38a,delivered,2017-06-12 15:31:06,2017-06-12 15:45:11,2017-06-20 22:40:01,2017-06-26 13:03:01,2017-07-13,406bf961029dda3572bfe1846b3baa56,2017-06-12
6a7ac200511e303dca7161f95949dee8,04c561855d5cf8dd8a271b80efdc2151,delivered,2018-04-30 19:54:19,2018-05-01 02:52:44,2018-05-03 06:33:00,2018-05-04 21:37:33,2018-05-14,a6dc55aec1ee0b61d3f917e8c2f6989f,2018-04-30
c2b416c2ac6019a220bca3ef9ac48682,7a2ec550d65ca275353c30ec80a633c0,delivered,2018-05-29 17:50:55,2018-05-29 18:11:22,2018-05-30 13:50:00,2018-06-05 19:28:31,2018-07-03,66c2824f3cc74e9b9aaf3b9daab3b1bd,2018-05-29
5780d10774b33a1128ca4bcb46c055af,13a9f022db58ebf4d7dc4ba0c43824f0,delivered,2017-05-12 22:41:20,2017-05-12 22:55:06,2017-05-15 21:19:41,2017-05-19 08:56:46,2017-05-22,5010e263bcfa26a71e8dd45d73eef498,2017-05-12
f4a88e642ae69a32fc88f63ffbf49651,1481bf8b377e7df4c341ab4292f28d4a,delivered,2018-03-06 21:47:08,2018-03-06 22:09:25,2018-03-08 20:22:29,2018-03-20 21:14:53,2018-03-23,0dfe85fbaf2d493165d9cac46de07ead,2018-03-06
e23384b25f3ef1f0ff7d8f2b23b01842,3c211334433c8e120deadcddac8c34eb,delivered,2018-01-28 18:04:29,2018-01-28 18:14:22,2018-01-30 00:16:47,2018-02-03 13:32:51,2018-03-02,d0e376592a3036444738ee6a426785c1,2018-01-28
7c48bb55e8e4f7e56d412e9653db37bc,34ef6181341eb36c47fd601c46878f00,delivered,2018-07-16 18:40:53,2018-07-16 18:50:22,2018-01-26 13:35:00,2018-07-23 20:04:45,2018-08-07,faed38109bbf7da6f035630d92a49a27,2018-07-16
777f517b51cac586a9532d1d8b596c10,ddf1bb1abaa86fab121917640f8c04e1,delivered,2018-02-26 18:41:04,2018-02-26 18:50:48,2018-02-27 21:26:46,2018-03-16 20:58:54,2018-03-19,de0da602258d4d3b1441f62ec4e7dfc3,2018-02-26
fcfe2d5e04958fe97ad8a49d23e12441,6aa2e736a418317d16990916230e0c78,delivered,2017-06-05 09:40:49,2017-06-05 09:50:08,2017-06-05 15:51:21,2017-06-13 12:10:21,2017-07-04,1cd16ce517f08cc091d89796bd1076d2,2017-06-05
929244ee19bf60f57d300c49dd9cb3b2,969cc483264bc757e873483f0f9de9d2,delivered,2018-07-24 13:19:39,2018-07-24 13:30:16,2018-07-24 14:30:00,2018-07-25 14:28:49,2018-08-03,8a67351128057cac9189df441f34e849,2018-07-24
2e798d923f1fa1373bef8fb916af50d2,37b4b2b0dde094b04111c92ef29e7cf5,delivered,2017-12-20 11:17:29,2017-12-20 11:31:44,2017-12-21 20:51:41,2017-12-29 22:27:06,2018-01-18,c790ad3c47ce6fc3f1c434995afba178,2017-12-20
36c837ea192cfeb737b78024800b3cb3,ecea568a35aa58467c5aff2899f5a6af,delivered,2017-12-04 18:24:26,2017-12-05 09:31:50,2017-12-07 19:44:51,2017-12-20 19:59:21,2017-12-29,42ed99c63104872f8fcc48883f338d56,2017-12-04
fc52f0b6b2799aab381d22c1500ec63e,b3f63321d868c01dfd7a025899954ec5,delivered,2018-07-06 14:49:06,2018-07-06 15:11:15,2018-07-10 14:16:00,2018-07-25 15:11:11,2018-07-31,5833091bd6d3920f81518b02adac60cf,2018-07-06
b214fcdd8f4dcd52ce3cb58499a15ea4,b1db6a9e4825928b4d4490fbeab7c412,delivered,2017-07-03 19:04:07,2017-07-03 19:15:07,2017-07-04 13:32:17,2017-07-11 20:22:26,2017-07-25,8f57a92edd1b0607cf5e2b3d2e39f713,2017-07-03
c0030bfe8607128802ab2b0c500a016a,272e842bdbecbe72dd20a8bf474be8e7,delivered,2017-11-20 12:53:14,2017-11-20 13:18:30,2017-11-22 15:31:42,2017-12-08 19:55:28,2017-12-07,1e2842a484f2643d3bae78b78c717dc8,2017-11-20
04f1689642ed3c3e45244d4f7b2fe731,6750172272a6a616067b595a9aa0d6c2,delivered,2018-08-20 12:05:01,2018-08-20 15:34:38,2018-08-21 14:46:00,2018-08-29 16:51:10,2018-10-01,c0feca9e5d043fc29634ffe766756f11,2018-08-20
2cc606fca85523eee5d51c8d9defe0a5,09e3aaa17d44116c17b6627e5e9630d7,delivered,2018-07-15 07:08:12,2018-07-17 04:31:35,2018-07-23 11:31:00,2018-07-30 14:57:55,2018-08-13,12ee9e2cc00e2a5156a2d869b82938d8,2018-07-15
84afbd9804406ac220e80881c71fa060,4cbd9f8fc1cd7aafe6526711d8890870,delivered,2018-01-03 23:58:41,2018-01-04 01:18:30,2018-01-04 19:57:05,2018-01-05 20:46:56,2018-01-22,1a1417a33ee2b82378ebe97e54b376c7,2018-01-03
e70b63c3816d07ca01fe09b627e7d85c,0b9e99e458210e5c7417a8bd7166ad48,delivered,2018-06-06 11:01:55,2018-06-07 11:15:45,2018-06-07 15:56:00,2018-06-25 19:04:25,2018-07-23,82bdf2f11f9a5bf5af0801a168fe5c4d,2018-06-06
fa1885a7cb632c832c660cc710bae77f,911ddd6a22200fb5be95414c01dbab72,delivered,2018-04-08 13:05:22,2018-04-10 04:10:53,2018-04-12 16:41:53,2018-04-19 00:33:08,2018-05-14,243b20ebf709615111e1151da9995cfc,2018-04-08
a2e13e9b62a2a53c4f78d2af3707155e,b80a48a21fb2c1e74bc47b6b370610c0,delivered,2017-07-02 21:45:49,2017-07-04 04:55:12,2017-07-05 13:27:52,2017-07-13 20:57:35,2017-07-31,ea9fba55be5a00eae844f8490ab8ca62,2017-07-02
1f6327c5239fb0779667264362956e63,2cde8bd2549152afa210a851160da6ba,delivered,2018-03-20 15:12:16,2018-03-20 15:29:41,2018-03-22 20:38:42,2018-03-27 01:28:56,2018-04-02,8932f078c2b6a417c4b14d3775addbeb,2018-03-20
518556dca9ef8c42a63ae02ced2a479b,b0cc40c22e5ab8d8ea653c4412384eed,delivered,2017-07-31 10:42:49,2017-07-31 10:55:21,2017-07-31 16:56:18,2017-08-03 19:03:03,2017-08-11,51c5862005fe9f8eb9e63c1584bfc06d,2017-07-31
2f01a66f78b2de411ae9a3ca2eb73c2e,96456ba9ef4b5e924096618e181c95df,delivered,2017-05-29 10:01:24,2017-05-30 02:25:10,2017-05-30 10:59:35,2017-06-13 10:33:46,2017-07-26,08251ea189c6265f214a279513a8225c,2017-05-29
640ca05ba049e9ed749671747bf9de74,1944b4d00cd7782e2302cb0c6405c0c8,delivered,2017-03-29 12:27:55,2017-03-29 13:05:56,2017-03-30 16:32:10,2017-04-18 13:44:59,2017-04-20,ba097393e22efe1dd4e3a9433c1232ce,2017-03-29
a2c59c47f95c0845b1c8a7f994d91975,0f6d10f50b232bff6c130f169b34318e,delivered,2017-12-12 20:57:17,2017-12-12 21:11:34,2017-12-18 21:19:27,2018-01-03 18:32:19,2018-01-05,93921e94a77e008376cb93ef1be671dc,2017-12-12
2f3eedb1154600a40d3529dd83441775,df25809d2708a27863310205e3e224a9,delivered,2017-05-05 20:33:45,2017-05-05 20:45:11,2017-05-09 15:23:09,2017-05-12 12:34:53,2017-06-02,b8cd1885a1f24d1ee81ab66c54b76f11,2017-05-05
73c772511dcde525870ffbe869770da0,d472d9abe6d6bb1ee558dc98a1ea89ea,delivered,2018-06-11 08:06:48,2018-06-11 08:31:51,2018-06-11 15:01:00,2018-06-13 22:46:26,2018-06-20,a1e5fdb1a21a5a35f49da96f780f4229,2018-06-11
ccb00fede04edb74aaaf61feca390c54,a0d93bdb9c281fe2706f221422838369,delivered,2018-05-19 21:01:42,2018-05-20 00:42:52,2018-05-21 15:24:00,2018-05-24 19:41:40,2018-06-18,e7de530ec4e8b93a556e9c0ba2092c8e,2018-05-19
bddbf3e2e05b552cf012d0d967e75de9,ef5334c2e6874f5328bf3dc9f3674416,delivered,2018-03-22 08:37:38,2018-03-22 08:49:15,2018-03-22 21:04:49,2018-03-27 01:46:54,2018-04-16,6833315d0079878e3ca24b29cd77780a,2018-03-22
b59f670683b3db2d966441efade4981f,ab34c1c516fbc80f3fb61f8c09295de9,delivered,2018-06-07 15:50:49,2018-06-07 16:20:56,2018-06-08 12:09:00,2018-06-11 19:28:54,2018-06-25,c0b60f456ca4bf8e204f4c1b56b90e30,2018-06-07
0cdea1c34ce2e9ca670b2e6df1d6c207,11f0c49caade1b82c30832ba7cb8fb5c,delivered,2018-03-14 14:16:35,2018-03-14 15:00:22,2018-03-19 17:39:51,2018-04-09 16:41:14,2018-04-03,c165b645d4f9deefb1f21f9d244375aa,2018-03-14
67c31b45a9765501b93623f2ba8ef4bf,ff123199ce53edc26349ebd851f66ffb,delivered,2018-02-15 05:10:48,2018-02-15 06:15:30,2018-02-16 20:41:38,2018-02-20 22:45:10,2018-03-07,372c4e103ee1be4372cbad9479d46186,2018-02-15
bc23a4f24db6f84f1efcfe44847ba135,93efa0bfc406789dc02d73233c812097,delivered,2017-07-02 12:34:39,2017-07-02 12:45:15,2017-07-04 13:48:40,2017-07-05 16:06:49,2017-07-21,e02725ca044d62c140117886045b6183,2017-07-02
c4e31039f93a9a1d1a470aa01be74632,612c14a6f060ecc0f181787649afd529,delivered,2017-11-16 17:03:00,2017-11-16 17:16:01,2017-11-17 20:48:44,2017-11-22 15:41:43,2017-12-06,d7fb3beadb919dae5763b2a73076694c,2017-11-16
fbf7da560930fa17715f1fa8e0b4ac81,2e58777a6b707d57928e71c41917d673,delivered,2018-07-25 13:55:18,2018-07-25 14:05:41,2018-07-26 13:04:00,2018-07-31 21:04:02,2018-08-08,3d0d76f399043498a5d188136c389b51,2018-07-25
0dc9297ae7a839d499730fd9acdd00f3,016e3f83ffd18b9394a289a5897ba461,delivered,2017-02-28 20:57:21,2017-02-28 21:10:09,2017-03-01 14:44:31,2017-03-03 07:05:10,2017-03-21,141d57aadf94984e72de1bd1cc87c8ab,2017-02-28
c3d8d92b4371e7710cdc67fcb1f49a34,70d83f497931b7383fc1cf7de20675ff,delivered,2018-07-10 13:48:30,2018-07-10 14:05:17,2018-07-10 16:29:00,2018-07-25 19:54:40,2018-08-06,74b8021516f25eb91f5b4e704a2cd671,2018-07-10
4c7c07c668cc6ddf5697998d547e6d41,2f872f096da0cb0bd7ac1d63e3bdcf03,delivered,2017-05-17 11:44:15,2017-05-17 11:55:11,2017-05-22 04:17:52,2017-06-05 12:23:45,2017-06-21,872954e400a8d4fbae229cc73f94a49e,2017-05-17
15c8bb2579fbbb27773fefddd07e4111,c0b0345daa29cda97fb17ff43c77af31,delivered,2017-09-19 13:19:18,2017-09-19 13:35:18,2017-09-21 15:55:04,2017-10-05 19:17:53,2017-10-16,a7dfc40ee174c0d398cc15d3bffbce71,2017-09-19
fd5927a8b0df47e0c144562b54b228f2,2a9cdbeb3ce959d02043256b6bbdb08e,delivered,2018-07-31 11:11:12,2018-07-31 11:30:40,2018-08-01 16:33:00,2018-08-03 12:46:53,2018-08-13,6d83178dbb3c2055c67310a37bb9b270,2018-07-31
c4fcb1aaed780b8c213652b55617ce14,3fca3da78bc98eb6566ce7daa59acfa3,delivered,2017-09-04 23:53:19,2017-09-05 00:03:31,2017-09-05 20:20:05,2017-09-13 20:24:59,2017-10-03,d16a63aa915fab4be7e1702ccaeabcbd,2017-09-04
1562a930fc574b55669f07e580d8f6ff,6037a47bede28d1b7157a6cefb512efc,delivered,2018-05-07 09:49:04,2018-05-08 04:14:47,2018-05-11 14:23:00,2018-05-17 17:08:41,2018-05-30,3dfca3554a9263d5e63cb60bc443bee5,2018-05-07
6172afce91cfea665433203359f6d1e7,a7723e7ab69e76bb61d0f622a188ab0a,delivered,2018-07-19 22:57:19,2018-07-21 03:15:31,2018-07-25 13:31:00,2018-07-30 23:31:53,2018-08-08,ea78325835a2ce1bf307f2280a7433ea,2018-07-19
f8fe2e394d3641489e6a2ca1cc40651e,6edb1e0e082c4b68f129489f442f1e60,delivered,2018-03-16 08:45:57,2018-03-16 09:07:26,2018-03-21 21:25:44,2018-05-16 15:22:52,2018-04-19,1c8c2e37ecc2ddc12198fa9fe1e9edf5,2018-03-16
6bf14ce96e0c6026fe21f80a498bb446,82ccacbefc4bf6143a989f42785134b4,delivered,2017-11-24 14:18:01,2017-11-24 16:32:20,2017-11-27 13:07:24,2018-01-24 14:43:28,2017-12-27,d6fb818d72390f4d7bedef226f3e954c,2017-11-24
edc577111e3237868aec11a4da6611d9,fcc9253677a5212a90435b72b675acd1,delivered,2018-07-26 18:54:47,2018-07-26 19:05:17,2018-07-27 13:52:00,2018-08-01 18:15:50,2018-08-13,0e155d17c25fb010390e2908bb80e210,2018-07-26
2fd0c89b7b2becc09655a9e060a885bd,12e43ff895727e74e98ac5f6b9fcc8a9,delivered,2018-06-12 11:53:07,2018-06-12 12:43:44,2018-06-13 09:09:00,2018-06-14 13:49:00,2018-06-28,d954061abeead908966497cf87941817,2018-06-12
1ff554f292eca293a405beea2511f6de,75b9ed89cf797cb01942d3d6dac94a48,delivered,2017-03-10 08:35:10,2017-03-10 08:35:10,2017-03-13 07:17:33,2017-03-20 09:04:50,2017-04-11,96203e330958f1908308a1463243fddd,2017-03-10
465a271ded1329037fb92a87a725c131,d4d520ede8c5bebd0a37dfdcc06164ba,delivered,2018-07-19 08:17:29,2018-07-19 08:45:15,2018-07-20 11:11:00,2018-07-26 19:05:33,2018-08-06,0049ec2d7a5818d0e4b3f4735cec2458,2018-07-19
6ae0348c0cca83cc28ca3bf25d9e60fe,df77f41a959a77fa0f3e9b375277106d,delivered,2018-07-26 14:15:21,2018-07-27 13:10:17,2018-07-31 11:56:00,2018-08-06 17:08:01,2018-08-27,e0bc9c60733bea1b9e5fac80dddac6c0,2018-07-26
dd4961a65e030adb36dd50b4632877a3,bcca5012b6cdd4cd64148c2e61f85f17,delivered,2018-06-14 13:49:56,2018-06-14 14:23:22,2018-06-18 14:24:00,2018-06-19 18:35:33,2018-06-28,330102ce6c2240b2276a4e70cbeb418c,2018-06-14
f4879e81f79c3e05e13fdbd8d40b5b51,98b50f67673f8ca597407241c37b8d1f,delivered,2018-08-21 21:39:51,2018-08-21 21:55:15,2018-08-22 09:30:00,2018-08-28 22:57:18,2018-08-31,3791233090cbbeefbc0518859472bd2d,2018-08-21
c938c0f0b42620a6be99b3f558ead0f8,d13844a2f2ace217a7c08f867d1f3a6c,delivered,2018-03-08 19:03:20,2018-03-08 19:10:36,2018-03-10 00:04:09,2018-03-29 19:21:15,2018-03-27,cfbb7ce77206d860a748fed4a35a5e3a,2018-03-08
f29332f473a6254f4ff3916edf221675,7967848ece1a53295bfede914bd007b0,delivered,2017-03-30 22:28:18,2017-03-30 22:42:39,2017-03-31 13:19:28,2017-04-10 14:58:03,2017-04-24,b61e4d5dfd9632fb86a0302ac0818c28,2017-03-30
fa65dad1b0e818e3ccc5cb0e39231352,9af2372a1e49340278e7c1ef8d749f34,shipped,2017-04-20 12:45:34,2017-04-22 09:10:13,2017-04-24 11:31:17,,2017-05-18,8af7ac63b2efbcbd88e5b11505e8098a,2017-04-20
c18ddf35acd22ea390ff66a9edc66d8e,25b19669d19a5e41a97a9b171a7bc396,delivered,2017-09-10 17:19:16,2017-09-10 17:30:23,2017-09-11 19:17:42,2017-09-18 19:59:40,2017-09-29,2b39761173a64ff7628b029fb7fdcf98,2017-09-10
bbc7693f5519a19085d75782fe024daa,f5619010ec874109d15c9a423cb3e58d,delivered,2018-02-02 17:12:49,2018-02-02 17:32:35,2018-02-06 14:58:53,2018-02-14 17:29:04,2018-02-26,b8597fdd5f4892d409c442fd9b67a8ea,2018-02-02
7c2442a9fcc83aece6cfdc4665bba387,d109b1553c5fe3f171e2f453ea2064ef,delivered,2017-03-03 13:21:26,2017-03-03 13:30:24,2017-03-06 08:49:55,2017-03-17 12:34:29,2017-03-24,8358622f4398a86f1f4531f95d1696f4,2017-03-03
34c109afdbe68c271dced774877af8f3,f8f259cd0fb51cbae4dabf155f493572,delivered,2017-05-29 14:25:25,2017-05-30 14:45:26,2017-05-31 09:23:07,2017-06-16 17:49:42,2017-06-23,7aea85f90d8be9a2265587f19b7c0598,2017-05-29
0c283c8e0c146f4528295a6f4ade284f,273e7697bb7a327a13c24c506804fbb9,delivered,2018-07-15 00:25:23,2018-07-17 07:31:44,2018-07-19 14:59:00,2018-07-24 02:32:29,2018-08-09,17744f009ccdd13b8c3e19685491503c,2018-07-15
6feadaaee762109cbc3bfaf93254fab9,a5a5a602f049547e4fe6c39a0a2629b6,canceled,2017-07-02 21:36:22,2017-07-04 04:50:25,,,2017-07-19,bc879f0a162b1f2f482bbf1e7edcabae,2017-07-02
80da866a2f8257c4878f249ffa36390f,158195ad490cea5aee2cd7e3e85fa3b4,delivered,2018-06-24 21:51:16,2018-06-24 22:13:51,2018-06-25 15:14:00,2018-06-28 15:06:53,2018-07-19,2cce313f10c4f1aeaa31f17f8c90c73f,2018-06-24
63778352553a1b42b2990ec27ef28f9d,183c54ab764e59e2856f22dbbc6db166,delivered,2018-02-18 16:34:42,2018-02-20 07:27:32,2018-02-20 19:04:19,2018-02-28 20:16:48,2018-03-13,2fa127481dcbe905be06398e1aa5852f,2018-02-18
97629524819bce0eba7d519f19af5810,242857ffefcc13d9568c6ce10011ce43,delivered,2017-06-30 09:29:49,2017-07-01 04:43:28,2017-07-10 19:04:53,2017-07-20 20:48:55,2017-07-31,a733667a260bd297c427e73d56008f23,2017-06-30
88b40db56f2c37efbf1b4e83db2b40ac,b64d179608bdee7945afe4f46f62c2e1,delivered,2017-11-24 08:45:23,2017-11-24 08:56:31,2017-11-24 19:07:09,2017-11-26 14:18:59,2017-12-08,1fe94445d73fea2425589dea8942c3d1,2017-11-24
b3600c50e09ca24f2f0d91b8e09aa056,ac037fe63acefadb797790ae6d6a217e,delivered,2017-04-09 13:11:19,2017-04-09 13:25:06,2017-04-10 16:17:49,2017-04-18 12:51:42,2017-05-04,413fb06a4ed4b4ae5523b39263ec3063,2017-04-09
fdf3aed22ef0ab57a54765773154b8bd,7316ca0328f81d20642460af9f1a1670,delivered,2018-01-03 18:28:29,2018-01-03 18:46:33,2018-01-11 21:07:02,2018-01-12 21:03:00,2018-01-19,2c6e340d1ba611782551f822ab3cea53,2018-01-03
5f81f8debb479300dc3ae13616afb823,3a6e7307506713d97cd29c960e5f5a61,processing,2017-07-26 14:52:33,2017-07-27 10:15:17,,,2017-09-13,763f8a08704b708c43b73507d13ab0ce,2017-07-26
e3b1bcfd93628bc74d612d85e00b3f1e,18bd91e07d2ec288e213c26f5d24e67e,delivered,2018-02-03 12:22:18,2018-02-03 12:30:23,2018-02-06 22:35:39,2018-02-20 21:58:41,2018-03-12,9fab43415e920fd016c00856d8321a30,2018-02-03
1460b7b8fd63551dc68bfdffdc31edec,d2dc6bcab2d5200c7df05b609db1b1d8,delivered,2017-01-23 07:23:50,2017-01-23 07:35:11,2017-01-24 08:37:50,2017-02-02 09:17:45,2017-03-06,9394f9f2e04e9d3316d930eb8f49f7cd,2017-01-23
7f61f0eeb7f603d49e02f6b2a7b709eb,3c901db1df72e65cb8da76c934122a1b,delivered,2018-04-03 10:10:56,2018-04-03 10:28:48,2018-04-05 00:42:44,2018-04-14 00:36:39,2018-04-19,a4cbc79c29fb41423f31495b90df94e0,2018-04-03
f88b6086f307f103f7167c4f0ae58cd7,f35531a76421b9e699f31c19af669260,delivered,2018-03-20 15:37:30,2018-03-20 15:55:54,2018-03-21 18:58:23,2018-04-02 21:32:39,2018-04-23,9e97aa135d7557140b2b0add376c8e3a,2018-03-20
7589685540fc5b4617719f32d73f96e9,ca9f4ec6bcaa553e20c64a99a2da7d66,delivered,2017-12-14 20:08:16,2017-12-14 20:48:26,2017-12-19 19:22:56,2018-01-03 19:19:59,2018-01-16,53aa526509baa27abd29887973326ec4,2017-12-14
1a96dbd0041decf9c11c051b4f13d676,dd3b3caecc97c937c19f1899d84ce142,delivered,2017-11-14 18:14:55,2017-11-16 21:33:09,2017-11-23 17:38:54,2017-12-04 15:49:01,2017-12-18,a10022d38adb374ad38fb2524ad27128,2017-11-14
d21873cfa21e689e4dbfd43a99326424,e22f05c379d76f1d5fc3e6fcfe574b5a,delivered,2017-10-24 23:37:49,2017-10-24 23:49:21,2017-10-25 20:33:00,2017-10-31 20:17:23,2017-11-10,64e776171d437b65921fc68d8ee4501e,2017-10-24
bb8edfe0742a6a0279b7dff848289568,c2a1740e781cc978dbab71735cf3ce84,canceled,2018-08-30 10:24:34,,,,2018-09-18,91544d22848a922381b73b5e21ad58ff,2018-08-30
294d3b3083f03c4f2d187ff6373375e7,b86c39462bcdf90c5fddcd51b36e751e,delivered,2018-01-04 22:32:26,2018-01-06 15:31:33,2018-01-10 17:48:03,2018-01-17 16:59:11,2018-02-02,dd5e6a4f456f17417877bb051a825b1c,2018-01-04
0c1c40ddebf6bcde950f7932248b2529,b38ed39dd3e8de29709dfcc59c3d7067,delivered,2017-06-13 21:12:19,2017-06-13 21:25:24,2017-06-14 13:58:17,2017-07-03 13:17:43,2017-07-14,426019d76a8b0579cd258fdfdce86089,2017-06-13
302a306110f1644dba1d952dc291fd4c,9582b93f8a5b04336d13454b876e72ba,delivered,2017-12-23 06:28:47,2017-12-27 04:07:24,2017-12-27 21:39:13,2018-01-05 22:31:45,2018-01-26,58e41c352b12a7e96c322dca803dc08f,2017-12-23
3abf6dc158567370b9270287cfcf25bd,d60e47926f23b36867e4deab0d91bb6a,delivered,2018-05-18 22:14:49,2018-05-18 22:33:37,2018-05-22 08:02:00,2018-06-08 23:45:48,2018-06-06,ec8d6e9f822cddd2f1408b764cd173c4,2018-05-18
a2d07ac7e227a1d032218e0144893375,1f919de718cca46a16d7485dac73b9b8,delivered,2017-11-15 13:09:06,2017-11-17 12:35:24,2017-11-24 17:33:36,2017-12-01 23:39:47,2017-12-07,8473d82f0a5c152d03a8a640c0a89809,2017-11-15
7b5f89bc09d40a73b09b4724e2680fa2,9c1ee411cf751668c8b0456bd61bb208,delivered,2018-06-21 22:20:42,2018-06-23 01:40:19,2018-06-25 15:42:00,2018-06-29 17:12:21,2018-07-30,a83a9065ad1c999f1d931a035b36fbb5,2018-06-21
4b3be677878505d6696458ae4b209876,c010182097ba1abb7169f7ad63cc1b67,delivered,2017-11-30 20:48:56,2017-12-01 10:31:30,2017-12-01 21:14:33,2017-12-04 22:09:28,2017-12-27,64bde37d045cf085cb670c5fe23f62e7,2017-11-30
42da631a2f5302608f86e8cee55b8d40,6d1a335a66fe44759748471c86ea535d,delivered,2018-02-05 16:42:37,2018-02-07 03:10:53,2018-02-14 17:47:11,2018-02-21 20:17:01,2018-03-01,ce15104baabb5bf543c7aabb9d607072,2018-02-05
f843b43f62581386fd363415f180ae2f,7d9121037a05526a16c19a658c1636fc,delivered,2018-04-25 09:34:49,2018-04-25 09:50:17,2018-04-26 17:54:00,2018-04-27 21:32:42,2018-05-10,75f10d367d71792019a62ff732525d5c,2018-04-25
4989f24aefab3dbce57d00db89e58bf8,94a826c29ecad5e1fb272db860084dc9,delivered,2017-11-24 18:16:27,2017-11-24 21:36:13,2017-11-28 18:58:03,2017-12-15 19:46:58,2017-12-19,7c732327f84562cc7b60128396a74439,2017-11-24
626bfd2125f3f8adca00903b10dc319f,5446ae591aef50bf8ed196f6903a48a5,delivered,2017-08-24 20:01:29,2017-08-26 02:15:14,2017-08-28 19:12:31,2017-09-04 17:49:56,2017-09-20,df2ef00cc9d5b4aff2a4160e293e8525,2017-08-24
05ea901eba2a26661f43478b5c6b02d0,a359041b207edb61ae00ad420f6c4eee,delivered,2017-11-05 19:14:22,2017-11-07 07:30:35,2017-11-08 13:45:54,2017-11-17 20:32:53,2017-11-29,a493e7ed9815ba5cb18de1cbcd24c68b,2017-11-05
03d1edbd314ca7682ec0f3e67d3763e2,963bc458a6c7f3148e1a756a4fc1e012,unavailable,2017-06-29 20:04:14,2017-06-29 20:23:48,,,2017-07-12,72bb34a2ba88ff69799368a5a44dbb5a,2017-06-29
8702ed75cfdc160f18e7e687371818f1,6d7c9077051d631aa0e2181600e7a0ca,delivered,2017-12-14 19:39:41,2017-12-14 19:51:22,2017-12-15 19:42:44,2018-01-05 00:33:10,2018-01-10,46b931768b02f0e14a46765b075ce7f2,2017-12-14
c6da623560d211f315e175c9af4c8727,b698450718afb9e7420dc1cc7b4e4b9b,delivered,2017-02-10 15:36:37,2017-02-10 15:50:20,2017-02-15 04:41:36,2017-02-23 03:17:54,2017-03-27,c59222b180a7292b25e2fca69b29d68a,2017-02-10
5718fc130d653929872f0481438d3f66,9003cc059c037e958017724f7aeb09c8,delivered,2017-03-08 22:49:56,2017-03-08 22:49:56,2017-03-10 07:28:29,2017-03-15 10:44:55,2017-03-29,fb1287fe3dfd670c2ad053d4219e43e3,2017-03-08
66b486554acb55a7b13333a6155103ac,24c42cb910c9de559ca201a43570a3f1,delivered,2018-03-16 23:31:32,2018-03-16 23:48:13,2018-03-20 19:41:57,2018-03-29 14:18:49,2018-04-04,c23f26dc7573d33b66a4a897b5d22735,2018-03-16
fe61d39dc8fd87c57829284f6e254e7a,2904833f52aae39495a11a135a552ab3,delivered,2018-04-15 21:29:30,2018-04-15 21:50:05,2018-04-17 18:23:45,2018-04-24 17:25:02,2018-05-08,a6f32dc3af6f12f966dc731d5cebb4c1,2018-04-15
6f0fe3a4d47a538537e0ff4486928014,d4914fdce3947bbb342bda7ff7333042,delivered,2018-02-19 21:40:19,2018-02-19 22:47:01,2018-02-20 22:42:47,2018-03-01 00:09:18,2018-03-09,78c86fc0cb01e149e6b74d54363539e6,2018-02-19
648e0ac5cc6c2c2f7fa83738b193516a,bf0bb80f1dde0b8bb3b522d8146a764f,delivered,2018-06-05 13:24:48,2018-06-05 14:31:21,2018-06-06 12:29:00,2018-06-15 17:36:46,2018-06-29,580b8aca2383ad4202ceaa16303bb227,2018-06-05
9c52d66642ca34c532ad03fe4295bfe7,353befc5812f0f140a6b2a8bc33ff309,delivered,2017-06-19 23:20:53,2017-06-19 23:30:19,2017-07-03 15:45:50,2017-07-11 17:09:46,2017-07-13,503db305589ab94ca3dbf9b63b0c20a1,2017-06-19
a9342834aa696e06f0b243493288351a,39ce17aaf75f3947b94a0eedb243fd93,delivered,2018-06-18 18:55:43,2018-06-19 18:56:54,2018-06-20 14:45:00,2018-07-13 12:06:40,2018-07-18,86861e974eed32436985ea504a2e3f20,2018-06-18
f69b9065ac4851c28a7317a0529a08a4,6d82c38d45de9c4a657a55091ac4e983,delivered,2017-05-19 17:08:03,2017-05-19 17:22:40,2017-05-22 17:04:42,2017-05-24 11:25:52,2017-06-01,46d151a357784fe6781d960dc1d06285,2017-05-19
63b4ddd9c1ce2ec164408c8520c2b287,1d1c8cdd81b98a8504f8d8137d525fc1,delivered,2018-04-18 14:07:58,2018-04-18 14:32:48,2018-04-20 01:03:36,2018-04-23 14:48:40,2018-05-07,b8770e1accff0a30549d95bbd528b8fd,2018-04-18
aa0cbb40775d50f0535c3e4a38603b3c,fc5e6cad3f8c6354b277b835229513d7,delivered,2017-09-04 10:56:05,2017-09-05 04:15:21,2017-09-08 17:32:00,2017-09-14 17:46:57,2017-09-29,6f042c73539f0c6e5a1a250f331b44ba,2017-09-04
1ed6ef60cb675a647f2cbb302bc76401,44322bc98a7e16685de8849a4214a00c,delivered,2018-01-08 23:39:30,2018-01-11 19:13:43,2018-01-17 16:41:42,2018-01-19 18:46:12,2018-01-24,b49f37241decbe584b6d7b0526d23eed,2018-01-08
8eced972d00b63def0bbacb928d0a52c,a5d44c20e5806d996ebf9032f9c9d123,delivered,2018-03-09 21:13:34,2018-03-09 21:28:30,2018-03-13 20:03:55,2018-04-03 01:11:07,2018-04-12,65865a9e35aecfe5c8474e8312b24cb4,2018-03-09
bf0f27a41317f65675192fae23e02a26,d540d60fe6d15e39c0e5e4a0467de4fc,delivered,2018-04-12 22:20:53,2018-04-12 22:35:14,2018-04-16 23:47:17,2018-04-20 16:16:48,2018-05-18,437629dff3170dcf75d4946eec6120ae,2018-04-12
b6c20a50ef99ee1b25f4fa64c5f1939d,e184587778490ff1c98c8090cfed6a0f,delivered,2018-05-04 10:46:43,2018-05-04 11:11:48,2018-05-07 08:54:00,2018-05-15 22:45:52,2018-05-30,0d272a45a9826c8ca6a0def3a9451ee0,2018-05-04
f785cc464b127c6e2ab598f33907437e,198d608fdf082f8595e296bb9b8d39c3,delivered,2017-08-30 16:41:48,2017-08-30 16:50:15,2017-08-31 22:07:04,2017-09-09 14:54:58,2017-09-21,fe8c8231f074e23044e03e33085f1070,2017-08-30
66af1a84775ac248038f2795aef60af5,5001b83bab940e176455b5f3d9d00c74,delivered,2018-05-13 17:29:53,2018-05-13 17:52:01,2018-05-17 15:06:00,2018-05-22 10:58:31,2018-06-05,bbadc1cb33cdfff8e617a37e7574ff92,2018-05-13
4b7687ed745753cae867364fb541ae37,da4d4e51ac3fda2a636979be0958d1d9,delivered,2017-12-03 18:39:38,2017-12-03 18:53:40,2017-12-06 16:51:37,2017-12-14 15:16:41,2018-01-02,52bd1376c69641bd86be7bc201f6d55c,2017-12-03
8438c7840810d9cc49705bc3bd0d030d,f4b6ce96ee5563dab77fc5639fdd349e,delivered,2017-11-24 01:58:41,2017-11-24 02:10:08,2017-11-24 21:12:22,2017-11-28 00:42:02,2017-12-08,e054ac64902105ec28411114a34a3e62,2017-11-24
92692f8437b5bc1db9cc256b4a4cff74,6bb0537580df999286733918564ea3e6,delivered,2018-01-10 13:20:30,2018-01-10 13:32:30,2018-01-11 22:20:29,2018-01-24 00:23:46,2018-02-09,8f217daac8422832fdc22faaabaeb423,2018-01-10
1593fc1496428113d1e3ed901f14e05e,7b71311a202c67d2daea38e2c092b67c,delivered,2017-12-06 11:50:04,2017-12-06 12:12:23,2017-12-07 22:34:41,2017-12-23 11:22:46,2018-01-03,cff80fcb058e04e496e44149912e56a5,2017-12-06
45f64c686796b863df6ec727e571a1ab,9ba2d781f08c4421583109f40562f576,delivered,2018-02-18 13:56:33,2018-02-18 14:55:31,2018-02-21 20:29:54,2018-02-22 21:32:27,2018-03-08,f558f8350925bb15a7bb3f83557e5cd9,2018-02-18
b785f684c6c23dbfaa4467caac850e82,4238889e66ea1c168b033007db7cdafd,delivered,2017-06-07 17:43:32,2017-06-07 17:55:12,2017-06-08 15:17:25,2017-06-23 12:45:52,2017-06-30,89e8aa7dce19d96740b7004ff7a92b87,2017-06-07
03dce1563339e3dddb4cff9acda06d1a,62273eb405fff4f8f8937c9a0cc4d5af,delivered,2018-02-23 18:54:33,2018-02-23 19:27:45,2018-02-27 19:47:25,2018-03-07 16:58:32,2018-03-16,fd6114e7642803497bc0c827fe847f64,2018-02-23
c0e97734cd5f14ad83087abe8d29073b,46fa17a2a17cd859ec50529ea1884a13,delivered,2018-01-29 20:11:03,2018-01-29 20:51:34,2018-02-01 00:18:06,2018-02-07 19:52:30,2018-02-22,0e3592fbb991c40835c05cc0075b18c5,2018-01-29
63906fe0b5159737edaca79de6b80fc1,ccf45604e113bb9494059aba9817b285,delivered,2018-08-08 22:05:59,2018-08-08 22:15:17,2018-08-09 10:47:00,2018-08-16 20:48:44,2018-08-22,9f8d795ab9d965e3c8b3bf9cbd913179,2018-08-08
90f3963bbaa0e66ce36c4f9be2ed2914,687e088f2576ce1e7c576beacd01c1fc,delivered,2017-09-30 22:52:23,2017-09-30 23:07:10,2017-10-02 16:11:30,2017-10-03 16:12:24,2017-10-18,19090a836e2392cd957ed43d61804ba3,2017-09-30
0fd20e900b40f5cb8e6fd31df27aabbd,ac3fbcb5772c50de636f614e8c6459a6,delivered,2017-04-07 07:26:40,2017-04-08 14:35:19,2017-04-25 11:46:34,2017-05-12 16:13:11,2017-05-11,2a2713562477f28c875ad40f4f69d2a0,2017-04-07
71bed795590c5696341284d24a4d845d,13488239799b7592c29840772d1eed6a,delivered,2017-10-30 10:42:06,2017-10-30 11:33:30,2017-11-03 19:39:12,2017-11-13 19:02:40,2017-11-22,34bce929b287b7b72a1ebc6b10c4e697,2017-10-30
7cb4dff15cb0bfae18db9857cf0455f4,cd9b65266e937da76d5203621315b8a8,shipped,2018-03-27 16:57:14,2018-03-27 17:11:32,2018-03-28 19:23:32,,2018-04-27,b46143871bd7f63bcbd5acd898b5e1ee,2018-03-27
6dcabd3eb3b032196389c9b76464dd8b,bab7a03582a1038a6bbf01342276bf76,delivered,2018-05-13 22:28:14,2018-05-13 22:53:49,2018-05-17 14:14:00,2018-05-25 13:11:11,2018-06-11,edc795b892d9e59285abcaeabbf8c1bd,2018-05-13
758667794d07a65477e26043b6b75986,26e631854e3a5230d9311f6f17a5a0da,delivered,2017-03-10 21:19:05,2017-03-10 21:19:05,2017-03-14 17:11:47,2017-03-21 10:22:18,2017-03-31,43d24df8fd7f818116fbf626afa5adee,2017-03-10
f063433055bc159629f5b86f7d86dc38,ff12e5b35c08c70bb8179754126d8196,delivered,2017-11-07 16:44:10,2017-11-07 16:56:00,2017-11-08 22:34:37,2017-11-14 19:37:15,2017-12-04,998053f7d066301a9fa0f6e884046056,2017-11-07
e7d39ee13283ab636ac39f8a97175320,31869bd04e82bf58d7669137dd451604,delivered,2018-02-08 18:37:51,2018-02-08 18:50:53,2018-02-09 21:19:59,2018-02-21 14:44:17,2018-03-02,3edbf68ccab369e034fbcc2b86bd2020,2018-02-08
f08e2cd4d2598a1628420f499688039d,5370c3ce53eff7fb75bdcf32a9c5d6ab,delivered,2018-04-07 20:02:26,2018-04-07 20:10:23,2018-04-10 22:06:44,2018-04-11 22:56:39,2018-04-19,0deda029d1441fc004d8a5cb7bbfeea2,2018-04-07
0f73f6f7bc587a2cf7cdd6584359b1ce,543fe571670733f7c842eca3ba61b294,delivered,2017-07-06 12:12:39,2017-07-06 12:25:13,2017-07-07 15:32:14,2017-07-13 18:53:57,2017-08-09,589cc74d29b67640ee2c44d2ec63da5e,2017-07-06
e353a2a4a96791860c46e1c91b426a4c,ccd400239a09450309dc8a43bf54d69d,delivered,2017-12-26 11:36:09,2017-12-27 04:07:47,2017-12-28 22:04:27,2018-01-04 16:15:11,2018-01-19,952320cebc31489575d2c29573c6e90a,2017-12-26
1d8213566e4ed04b2a4659f52a1021b9,0d11768f8cd705b25a798904dbf01693,delivered,2018-06-06 20:41:36,2018-06-07 02:35:21,2018-06-11 13:06:00,2018-06-14 19:58:43,2018-07-12,680ae012bf62a5c27f8a033b9d86abe2,2018-06-06
dc700e0b4f7cb79e78aec3f67e817ebf,26d0ebe8a91b429327034724c1393503,delivered,2017-08-21 15:18:06,2017-08-21 15:30:25,2017-08-22 19:51:46,2017-08-30 19:04:43,2017-09-15,fdab90a3120ce204732faa2e93a9b2ba,2017-08-21
4842e50a8232595b4c4e16ea1d7b0775,9946442f72674215f0c83f8be53826c6,delivered,2017-11-28 22:14:05,2017-11-28 22:30:23,2017-12-01 18:43:22,2017-12-07 14:41:39,2017-12-19,3693373da188768c680c3ac772c0763b,2017-11-28
b369c8e0d0592b02a46074552afab72a,088a9d73974751a3dfb76f5f7a579290,delivered,2017-11-25 21:42:13,2017-11-25 22:16:48,2017-11-28 16:44:46,2017-12-11 16:43:11,2017-12-18,4ffc1a8259e81bc30151f421fca472d2,2017-11-25
b87ca4e0ff52f4243bebeb16504f48e5,f7479acf2d3ccae7c764b726bb24ad27,delivered,2017-04-19 17:57:46,2017-04-24 23:32:54,2017-04-27 14:36:45,2017-05-12 14:23:08,2017-05-11,57eb153ae005dbfc297fdbf1f44bf046,2017-04-19
2b877f0d1e2a876f0e5cb30125336a8a,c7edd88915e01cbf03e4e49f88339927,delivered,2017-06-30 13:36:08,2017-07-01 04:55:11,2017-07-03 15:37:51,2017-07-13 20:22:32,2017-07-24,175bacbe6e17a305817f24b9ec6d22f5,2017-06-30
221fd74ddfd27876ddf1738cce22dd4f,7227f6bc1ad4dd7ea6443ea71ff722ae,delivered,2017-10-16 09:10:24,2017-10-16 09:28:10,2017-10-17 19:30:05,2017-10-18 19:52:06,2017-10-26,4acb01c06223ab45f3bb035165dd96f7,2017-10-16
43bbf51a29b5a969348978d51a55d72d,acc6b1746ac423c89f40ef3c0cd1a25b,delivered,2018-01-16 14:04:28,2018-01-16 14:13:34,2018-01-17 22:16:18,2018-01-27 00:16:08,2018-02-08,dae253d425eb043c0ad5fb89c55b8e91,2018-01-16
b5d232a923d0c5bcfd5a7434173bddc0,59f7e332be41c01c24636cf11a8f2fc6,delivered,2018-04-09 19:23:57,2018-04-10 19:30:45,2018-04-12 17:22:19,2018-04-16 23:11:36,2018-04-27,dd99507a03028827d70c9d6e835a7693,2018-04-09
7742297b8ce3c16600efdeca04a70937,4730b6f81e02460ea4b9d1217c4d6367,delivered,2017-05-29 10:44:01,2017-05-31 07:02:39,2017-06-01 13:19:33,2017-06-12 13:12:40,2017-06-19,94ef3a6f3865a461f86a01a23d78c374,2017-05-29
ee971d64c174b5362587678fd24650fe,b0a3d4709332a77a54e35d8e2df85670,delivered,2018-07-04 19:01:41,2018-07-05 16:27:16,2018-07-09 14:13:00,2018-07-13 14:56:46,2018-07-31,b26c852c99de3967dee4a602c101744e,2018-07-04
e80d57705140f5094ac949c1c982fe70,96d288e02fd830e85326526a2eccb935,delivered,2017-07-21 21:14:56,2017-07-22 15:23:17,2017-07-25 19:48:25,2017-08-02 14:52:08,2017-08-14,57cb3c639461ff73e3ef963ebec63089,2017-07-21
d8b967bf1145baa8c3c10377cc05d83b,8a20a3e68f8e26baa65f5abcb6c84c8b,delivered,2018-04-30 18:04:32,2018-05-01 01:56:05,2018-05-03 16:46:00,2018-05-08 16:22:24,2018-05-17,adccd0ce3ecb15c3159b7615d7106800,2018-04-30
cf703e251309f59e2db9776270cf28bb,ce6437db085f8e5a63c7f918f61691fc,delivered,2018-08-12 16:01:35,2018-08-12 16:15:11,2018-08-13 08:17:00,2018-08-16 11:41:35,2018-08-31,d43c5411a65494d5d84edb8ff3ff0ecc,2018-08-12
428cc5c73a0cf1cc3dcd64c660c85e3d,98878460b7efd6ab82111b31ff382f2d,delivered,2018-07-25 00:55:09,2018-07-25 01:05:09,2018-07-25 08:50:00,2018-07-30 16:44:37,2018-08-09,2d8319d39b8bb4ffed426877fd8e434a,2018-07-25
594b348401401e92bb5b64cfa81e7e15,5402a27e0d729263afb6bf491bfe7c0d,delivered,2018-02-15 12:03:09,2018-02-15 12:40:27,2018-02-15 23:06:29,2018-02-27 18:46:58,2018-03-09,4c3aff83ac3ad03cd587e31123f9065f,2018-02-15
eaee45a05a0831bb38deeea970c0943c,4a2a832c77eb79506131e44421e1ce60,delivered,2018-04-11 17:40:59,2018-04-12 07:11:59,2018-04-12 19:47:31,2018-04-18 17:41:30,2018-05-08,cc99a9357b94bc7ff017f97239a43e6b,2018-04-11
246c48e2f25163a7427ed75e3217205e,3a294058a2a6f63b24d6c77dcd1573b9,delivered,2017-08-19 00:20:53,2017-08-22 04:05:14,2017-08-22 18:25:48,2017-08-28 22:41:43,2017-09-11,c812aa7c662b4880c8db8bd0519d7a9a,2017-08-19
9e4243313a1d4a651bb23ffa6edd96e2,4ca401a8fcf817e3bbee5408eb4b2e9e,delivered,2018-07-30 22:44:52,2018-08-01 03:32:21,2018-08-23 07:12:00,2018-08-28 19:20:56,2018-08-31,7c33d5f23520e688ccef0874ae9770a9,2018-07-30
0ddc3630cc5cb4fe371db7a299839ec6,9e977b00515e6b110e1dd5af225417b9,delivered,2017-02-07 10:07:01,2017-02-07 10:23:01,2017-02-07 11:24:45,2017-02-13 11:15:16,2017-03-02,f274ac4cefe7f8708670983b0ebfe023,2017-02-07
fd4109dbc7f1afb126fbcac13ec4f5b8,8af25ba3b3fcd4a0a301cbdc78a34778,delivered,2018-06-21 21:09:18,2018-06-23 01:40:31,2018-06-25 15:19:00,2018-07-03 17:32:57,2018-07-25,3eaa598a1b0a857744d6f38a01e27eb2,2018-06-21
9ca1180e941195f37062a7d063cf2767,92ae6bb4c23948ab0f4aec41737c166d,delivered,2018-03-05 14:04:48,2018-03-05 14:15:38,2018-03-06 20:34:59,2018-03-15 16:43:48,2018-03-21,105f8a4a0419fbee2eef2a0d25e6eeac,2018-03-05
b5247833e91b546f44ba90190eaee96f,adfecba3f0ad769e4e73e28b71eaa2f5,delivered,2017-05-23 16:37:31,2017-05-23 16:50:26,2017-05-24 15:39:46,2017-06-02 13:29:39,2017-06-22,ed64deed8c00ac7b58e3f75169b87040,2017-05-23
b18dcdf73be66366873cd26c5724d1dc,eecafc3ff695f031bfe354a9fff9d437,delivered,2018-04-06 22:18:54,2018-04-09 20:10:35,2018-04-11 16:48:35,2018-04-12 17:17:53,2018-05-03,bda84be75dfc9588ae63cfe827080b9b,2018-04-06
a53b8f424d034f0f84f2c4d46352721c,85a9a58276e288c04e889c93a5e282ff,delivered,2018-04-19 12:43:24,2018-04-20 07:32:04,2018-04-23 22:42:35,2018-04-30 19:58:27,2018-05-14,5315df33fcaf24f1ab1a6dd8a1c7b937,2018-04-19
2e506fd7d44cb2a909964a9328d86e01,5a4c31ea170bddc85987e054825ecd55,delivered,2017-07-03 18:09:51,2017-07-03 18:24:30,2017-07-05 10:27:51,2017-07-10 19:52:52,2017-07-24,55c8484f4383a14d568f887180627848,2017-07-03
8a2d731a57d62d23bbf9556f80343140,3e2c76f875903f5937c2713907124051,delivered,2017-06-06 21:25:22,2017-06-07 02:45:28,2017-06-07 09:48:48,2017-06-22 17:52:07,2017-06-27,41c42af2699fa844ade7aa352aba78d6,2017-06-06
c2dcae7d1bbabdf58f915f41c6a9308e,840ed8861f7bfa4ee0c5a9a01f6a7e37,delivered,2017-09-24 00:02:40,2017-09-25 08:32:45,2017-09-27 15:55:04,2017-10-03 14:43:05,2017-10-18,6ac88e3a3ba966ba650c2168502b5d46,2017-09-24
4d38bf00b95dbf4dcf2820177584ade9,41a8b44b5199e1a781daa6f67b8ccb16,delivered,2018-02-21 16:38:31,2018-02-21 16:50:30,2018-02-26 16:17:43,2018-03-23 20:56:25,2018-03-15,2cf72bd001c8e99bb77aae94a29c0d99,2018-02-21
3f3e73711d749f4c39da2d5e55927d84,80fe00c958babb51185da03abe8adc1e,delivered,2017-04-12 12:37:01,2017-04-13 06:35:13,2017-04-18 17:00:03,2017-06-27 14:43:31,2017-05-23,52c68003c255391fe1409b1fb084fe54,2017-04-12
f877f47f62455df158e69f767fe6b9cf,3ad02fe2bf2d16df3b997655e62e7dcd,delivered,2017-08-29 21:15:25,2017-08-29 21:30:12,2017-08-31 12:15:26,2017-09-01 19:13:47,2017-09-11,33e61a4ba8e2904ef89bda1edf48b647,2017-08-29
4d3d69fc5da58b96ec1c571580f89070,da8b9783e21781bf0cdd0e580d4b4db9,delivered,2018-07-23 10:12:07,2018-07-23 13:31:11,2018-07-30 15:54:00,2018-08-06 21:52:46,2018-08-17,2c22bd0f6f94ba7aaa846a3c3285f2dc,2018-07-23
7fbd6e04d496665483ef4525bbd659a0,a0981276e530beebf5ff726b2fd4ac0a,delivered,2018-03-09 18:17:49,2018-03-13 04:10:43,2018-03-13 22:55:37,2018-04-10 18:12:17,2018-04-13,a1c8d483d6630590a28c6426cdea5196,2018-03-09
d12089fd9036efcdf0efff1bbddf6272,7c0d179942916c6949fb906cb8ea3930,delivered,2018-03-25 18:27:09,2018-03-25 18:48:09,2018-03-27 01:58:55,2018-03-28 20:41:49,2018-04-09,07526d189c95dab8b947059b8396a28b,2018-03-25
cecd9c6ae9fe969cdedf8c252eeaac73,1125e0be19e2bab707206860511dd65f,delivered,2018-01-19 16:59:25,2018-01-19 17:42:49,2018-01-23 16:52:58,2018-02-22 19:51:55,2018-02-23,93d8bc9752627f488ffc7b5723527bff,2018-01-19
0691811195a83594b0377267a8050e6f,abd0bfdbe2c7a12636b1c25a87cf38c9,delivered,2017-07-02 23:50:22,2017-07-04 04:44:36,2017-07-06 12:40:48,2017-07-07 18:39:48,2017-07-14,ec4adb0efc1557b0261e383a576bff21,2017-07-02
1527c3b9bc481583f9752e89841e4686,672612210e5061344b84fd4bf0028b86,delivered,2017-07-24 17:48:18,2017-07-24 18:03:52,2017-07-26 14:30:00,2017-08-03 16:17:58,2017-08-17,f1ba7177a432443977dc3df9fa8dce63,2017-07-24
de825fdf1a8f9554f386bd6010ff60d1,276772a73a706ba34e073dc3c5bd2b47,delivered,2018-04-27 11:57:38,2018-04-27 12:10:15,2018-04-27 13:00:00,2018-05-05 12:40:39,2018-05-21,9b942489ba4c924c21bf6976d2727c8b,2018-04-27
09944d214dbe0d92666178941a674632,2c94f489b623224edf7fa984b32fd68c,delivered,2017-08-17 16:22:45,2017-08-18 20:24:28,2017-08-23 18:14:38,2017-08-29 17:30:10,2017-09-13,74a4f9d76fbe2a84d70da33ce66e2e18,2017-08-17
37c647851a4d30342bc4dd9ec8c95861,e8a26c14acdc374e3333cb0877a04558,delivered,2018-07-01 00:49:58,2018-07-02 00:49:57,2018-07-03 15:50:00,2018-07-11 21:56:35,2018-08-06,4fc947b98e39aa4adf055a99dd82fe13,2018-07-01
9c77966338b7a4afae520a5723c937a3,db4184568ca754f6639d2d5c23578d27,delivered,2017-07-22 19:07:32,2017-07-22 19:23:14,2017-07-24 19:09:40,2017-08-14 14:45:55,2017-08-15,a0c8c8164e126c94a3ef8a34fdeb7601,2017-07-22
0c78ccb9fbc7e1d41165489050f6b748,5f52309bb03b2be3e499278fe49de656,delivered,2017-06-19 21:58:00,2017-06-19 22:05:16,2017-06-21 13:28:18,2017-06-22 16:42:14,2017-06-30,9c90157c7b5c4a92c25f1c27a42df017,2017-06-19
00bca4adac549020c1273714d04d0208,1541ebabf956d17f3afe883790bd7dd3,unavailable,2017-02-14 14:49:29,2017-02-14 15:03:38,,,2017-03-13,6968d01009b952ed987de42a239d7fa0,2017-02-14
4de12ffa449686d58b268a6441afe8a3,91f0e19a871ba369b58842b01aa248f6,delivered,2017-08-28 21:47:29,2017-08-28 21:55:26,2017-08-31 22:47:41,2017-09-12 18:53:24,2017-09-21,8b65e680ea4b4a768d71cb4650ce0458,2017-08-28
0573b5e23cbd798006520e1d5b4c6714,c4e17eff78176dfe3401f03db0346f85,delivered,2017-07-04 20:32:10,2017-07-06 03:15:36,2017-07-06 13:27:31,2017-07-13 19:34:27,2017-07-26,511c345b0383af6ef25406c564e4d6b6,2017-07-04
0259bebdec429a3ec5a653df8f28574e,b04bda1c59e5886ca37fd5cbb9729b28,delivered,2018-01-07 14:22:43,2018-01-09 07:18:04,2018-01-10 14:44:19,2018-01-26 16:37:18,2018-01-31,ce2efa658830417cdf0c87125a11cf55,2018-01-07
755d17fce097e410d6daaf76412f4f03,066f6fc06524e9b7632a63bd9466b832,delivered,2017-09-11 11:11:17,2017-09-11 11:25:00,2017-09-14 18:07:35,2017-09-15 15:22:47,2017-09-21,26d5d1d2445325c82f1ceddcd86ea605,2017-09-11
5eac30a525cd1ec187eecea99a3c4a55,e18f2227fd449c21965688ebfc50b0d9,delivered,2017-05-16 10:55:20,2017-05-18 02:30:11,2017-05-24 05:27:00,2017-06-02 14:54:39,2017-06-07,3813910afdc0dedd4d403ab280589174,2017-05-16
8bdc11da2a07e676719db43aee4efe88,cf5d9bd9d4846979c97f3a1271ed1c7c,delivered,2018-02-17 11:28:48,2018-02-17 11:47:25,2018-02-19 20:37:40,2018-02-24 16:36:22,2018-03-09,76ea9fe72e101e5bc0941956563f0e38,2018-02-17
31d088e504f8c5f70f6b429451511680,b979596558efa43dcff98d4dd4706d1a,shipped,2017-05-02 20:52:16,2017-05-03 15:22:46,2017-05-05 08:12:29,,2017-05-25,983a11ab529360d31566d0a911260005,2017-05-02
5cf1acf2432e3672334e331caf413208,2c6fd44bdba4b67526a90031d54422ae,delivered,2018-02-16 12:53:29,2018-02-16 13:06:59,2018-02-19 18:39:02,2018-03-27 23:03:24,2018-03-16,c7fa4b8d9216fe645b0610139c72c933,2018-02-16
505bb60c12a248aa8c995503ec264554,8b718fe1aa1275c0f776af5b39001309,delivered,2018-08-07 20:16:13,2018-08-08 20:10:21,2018-08-09 13:21:00,2018-08-20 17:42:39,2018-09-11,52b09be0ba9316e29bcc8bf687612b19,2018-08-07
95866ba7444df70e11f040995d30f40d,57f867a592727eb25b81e7a751311941,delivered,2017-03-28 10:37:51,2017-03-29 02:15:57,2017-03-29 12:26:08,2017-04-04 13:18:05,2017-04-19,8a0855d5cb93089e677b9a0b601bc03f,2017-03-28
9049f8ebdd9bef83288e01364bbfed25,0a391086afd071406e443c80fcffe209,delivered,2017-05-29 20:51:34,2017-05-29 21:02:50,2017-05-30 11:38:55,2017-05-31 17:41:40,2017-06-09,ca06a62a2275665a41188aad87a30ef7,2017-05-29
f6e13cf914f6c5fdcbd6100c8bcdb389,f1f837f4fe6491955a0b748b671feb51,delivered,2017-06-14 21:24:04,2017-06-14 21:35:18,2017-06-16 14:22:27,2017-06-19 21:16:39,2017-06-28,3883f79ec3d786755e150cb2f9af9f5c,2017-06-14
2898e2aaa00681b9e40955893ca89b9e,8bc42ca5ce2efc8fb60d32fc3055cac1,delivered,2017-02-17 14:18:02,2017-02-18 03:10:09,2017-02-21 10:03:52,2017-03-02 13:22:03,2017-03-22,59255007b938f92ca86da9cdb86cbb48,2017-02-17
0532db7075ba24a851a342f08d0e0b39,07998476885892461cbb12557419e1b7,delivered,2017-12-26 13:28:31,2017-12-26 13:39:26,2017-12-28 22:10:19,2018-01-19 20:26:26,2018-01-30,463116a6ae33fb497ae0708b50892c5c,2017-12-26
90baa6d3d361db0998df0ce29f002777,d1ce97e059738b228faa1e4ad83b860b,delivered,2017-11-27 18:09:51,2017-11-29 07:36:20,2017-11-29 18:51:37,2017-12-20 22:33:04,2017-12-18,74517ea2f7d7c48994c5d41249e46556,2017-11-27
e251afd3ced38d4de3a5ece05d615ef5,f071974e65cb75a420c1530a8b0b27f4,delivered,2018-01-25 14:59:08,2018-01-25 15:20:12,2018-01-29 19:59:12,2018-02-04 19:35:39,2018-02-09,4a6ccb379c9e5062ad3ce2324222fbf3,2018-01-25
e26def18967c8f7038476bbfd3256f43,3f0a59c87129e3089fc4099028aac4aa,delivered,2018-07-23 13:08:54,2018-07-23 15:34:08,2018-07-25 14:19:00,2018-08-06 22:02:57,2018-08-21,c4e4bff108c286f1eb87c6e2457b86f6,2018-07-23
91375775b1203d41f95ade228721b3a5,4bfd77e89f8aa644e6d2b7de26ebcde6,delivered,2018-05-06 13:06:51,2018-05-06 13:33:05,2018-05-07 14:43:00,2018-05-14 21:38:36,2018-06-04,d37787c843194ae27d979d085958224e,2018-05-06
ef782bb4dc72950173bc2fd3dd651433,ae0870b4367021d653e2a81999273274,delivered,2018-01-22 10:42:44,2018-01-23 03:52:29,2018-01-23 21:46:52,2018-01-26 21:42:21,2018-02-06,ce38bad421960bfafd46a91cd41d39d9,2018-01-22
4a1f80ceda1b97b97de2f26670316ab8,a04e4642a3993fa7ad937521f44de82a,delivered,2017-12-05 08:07:50,2017-12-05 10:46:40,2017-12-06 23:47:03,2017-12-19 23:48:25,2018-01-08,a9e0b0a7f3ef92cc99025f0f86dd0af4,2017-12-05
b40f10c37590cd802e26b93d102f7767,b9a29b8b3d3a8e6f24bca58de7c25693,delivered,2018-02-01 18:14:13,2018-02-01 19:01:13,2018-02-09 23:28:55,2018-02-15 22:07:01,2018-03-02,ee1cb6b6e68e5afabb1d4cee7174a4a7,2018-02-01
ebf44ff0c2e9687a275c7a487b71e28e,4e9bba67e9b0526746181c622d619f89,delivered,2018-07-08 20:49:33,2018-07-08 21:05:06,2018-07-10 19:04:00,2018-07-11 23:41:54,2018-07-24,86aae021677887f713ea4560a5910fa6,2018-07-08
a2edced92b6709688b9b815a598bd9b3,1c2abd27f038948a53614d666b5d46ec,delivered,2017-10-16 19:22:05,2017-10-18 02:56:16,2017-10-20 11:03:21,2017-10-25 20:37:33,2017-11-06,50091850aa6ef7671af8c3e0e6762e1c,2017-10-16
0944dd6401b58739dc030557fb149b25,4bbeac9d9a22f0628ba712b90862df28,delivered,2017-09-14 15:57:44,2017-09-14 16:10:17,2017-09-15 21:14:38,2017-09-19 20:21:43,2017-10-05,a37da5802a5aa6f38ec64302cad8ca08,2017-09-14
a111e0cee7dde2bb68cfb7cd18a8a914,363483bbe13425697fde066927707959,delivered,2018-07-26 16:20:01,2018-07-26 16:30:18,2018-07-27 13:55:00,2018-07-30 13:51:38,2018-08-10,c71df15d86ebd94212e0eea44f131095,2018-07-26
8ac3b1365e8a70ae432b2a1ee0f68f23,4912bf74d43553dd6c527ebeb054b79e,delivered,2018-01-14 08:51:55,2018-01-14 08:59:38,2018-01-15 21:33:19,2018-01-29 19:05:26,2018-02-19,763166200b37fbfaeb97b1009bf2ebb4,2018-01-14
ab0e3f0ce09583e2bb01c40b6b4e32b5,b75d829d0bb6bc36ca4ea1ca9e4e05de,delivered,2018-06-24 13:42:33,2018-06-24 17:18:18,2018-06-25 13:55:00,2018-07-05 17:11:07,2018-07-27,5a3a12ce266dc037a4d6689a9d3af32a,2018-06-24
17bac873da4c588c3111d7399f91673e,3fc136b32b1b6068b0bd9fc719d69959,delivered,2017-02-11 10:11:23,2017-02-11 10:22:43,2017-02-15 09:05:26,2017-02-17 07:36:06,2017-03-15,710e6d9af622bf1b64b2ae24d6880955,2017-02-11
9c2ba52157b36c56751de3ad0e6ec01c,578d5098cbbe40771e1229fea98ccafd,delivered,2018-04-19 10:35:22,2018-04-19 11:15:18,2018-04-19 22:18:31,2018-04-23 19:58:33,2018-05-14,cbcc21723b550ad904f7a7f2ee690cea,2018-04-19
357f7b414f17d6c711ff3cd09b44020b,f456c97ea0cd35c21764081d00e402bf,delivered,2018-06-20 07:49:50,2018-06-21 18:40:32,2018-06-22 13:37:00,2018-06-25 17:26:30,2018-07-05,00a089b8c7ab1e3808c3ad7de7a254dd,2018-06-20
094fe0ffb99d42aba8ca2a6b65a8921e,55216c413a0101e314f4b67c8e114a04,delivered,2018-03-17 14:39:25,2018-03-17 14:50:28,2018-03-20 21:54:30,2018-04-24 21:17:46,2018-04-10,aa4da86cd687b4f4b040122da582369b,2018-03-17
02521a906b13fc8ff9314bf88adc31ed,5bdb6841f00ab95bfbe2e2bb7eb66ddd,delivered,2018-07-16 10:46:13,2018-07-16 10:55:17,2018-07-17 14:39:00,2018-07-20 17:27:31,2018-07-25,1612e8679bfb8e8b5a2f35400282af03,2018-07-16
8b1a9c54d1ba09cc40591511d388d286,0fd95c5b51d5c0fc46e89b7a0f8ab684,delivered,2017-08-25 09:15:52,2017-08-25 09:30:16,2017-08-29 14:28:02,2017-10-01 13:29:49,2017-09-29,ecb43665c8c390857cabf385d918da87,2017-08-25
f30d59d024a381d49e85a1ecfe0d79c0,a6b4b154bfba44dca48c9d18c99c2426,delivered,2018-08-11 13:23:55,2018-08-14 04:15:28,2018-08-20 11:46:00,2018-08-29 21:23:35,2018-09-10,d843c40bc99833fc73018f635420b8bb,2018-08-11
6aa2d96a8c7f9d95d8d090842a415a56,35556be598c1246153f4660064fad5c3,delivered,2017-11-23 22:13:27,2017-11-23 22:28:27,2017-11-24 23:29:35,2017-11-26 18:39:04,2017-12-08,6b153429d905f12d2a8283be53ade5e7,2017-11-23
02640665fed0e2c2cdbe0f266a2aa1f2,0bdaa2e4eb24874165d8a289092f7407,delivered,2018-08-09 13:26:02,2018-08-09 14:30:58,2018-08-10 15:50:00,2018-08-29 21:22:41,2018-08-31,22fc43805362081852900eab46ec116b,2018-08-09
8a443dafa1f394bbf651877a75e5a2ce,1b4a8daa67b84c94773419657a220227,delivered,2018-07-25 15:47:45,2018-07-25 16:04:52,2018-07-27 13:55:00,2018-08-02 02:34:53,2018-09-03,0a0f90363507d69f66b2b957551dc225,2018-07-25
4c761041674866c683398d2c3d0d9163,9ba00b5627e37eae99b7b42f26cca99f,delivered,2017-12-05 09:14:54,2017-12-05 11:13:25,2017-12-06 14:11:03,2018-01-03 19:58:50,2018-01-09,7e51525ca9b833a13488354067e35416,2017-12-05
888806c9bd5e86be8f9c470c7499e408,6af259d5ba1813eb056037dc5700b11b,delivered,2018-04-06 09:12:40,2018-04-06 09:29:48,2018-04-09 16:57:20,2018-04-10 18:05:46,2018-04-23,d1e492f004dbf4f7a4b570c994094cbf,2018-04-06
6842899c332d7e8bac002e5de94ab24d,b52235ca8b69964a51277bf9b1546eb4,delivered,2017-11-17 19:53:11,2017-11-18 02:50:38,2017-11-21 19:48:46,2017-12-04 16:27:01,2017-12-11,5b378f9edfe7403495c4d88a291a5bae,2017-11-17
45cbedcdca177029ad93022f2ebb8cef,479042bb5a72e8629f8e6dfcc512ba4f,delivered,2018-07-16 11:25:55,2018-07-17 04:31:26,2018-07-17 14:23:00,2018-07-20 21:54:43,2018-08-03,6554f0d4b81c17817dc6d3faafb5e845,2018-07-16
30941734c8d62ce23498ca4758409a29,9773fbe7cf7d4d5ede531b9b71f3332e,delivered,2017-11-13 20:41:30,2017-11-14 20:35:40,2017-11-16 14:41:40,2017-12-02 16:04:52,2017-12-07,3c7fbfe2e81205c52478e02ba3703a73,2017-11-13
520ea64853a832e3e2fe0ff5d6f44667,feccdb7782857816ea95c8269fb7dfdf,delivered,2018-08-08 16:43:48,2018-08-09 13:30:22,2018-08-09 15:06:00,2018-08-10 22:03:16,2018-08-16,9cd3f50e2d601bc7c5f11c16f62d83ec,2018-08-08
9282799a57b0de94393be10a4bcf120b,c2b4a7bd3b1cd6337ffe7e43d2e70a1d,delivered,2017-05-30 14:27:05,2017-05-30 14:50:22,2017-05-31 09:57:02,2017-06-22 14:22:26,2017-06-26,3e02a2aa8ad7226e10748e8c01448ddd,2017-05-30
3a2b0d4a2b00020fddcc9d625553a114,7315871a8b3be15baceafef3b6183c0e,shipped,2018-08-12 22:26:07,2018-08-12 22:35:16,2018-08-14 09:05:00,,2018-08-16,2a4a52239ae7cbfbcc3ea345cdc953e8,2018-08-12
b2569f05d40ea199f859f0d9cdc7b9d6,9308248720866df37e9954a4b2cd9d6c,delivered,2018-05-20 16:44:08,2018-05-20 16:59:33,2018-05-22 07:58:00,2018-05-23 18:16:50,2018-06-04,e6236be01bbf1bcfa8dd6ca1d0f79b10,2018-05-20
fe52796ecc672e9bd061049987e19829,af5b5730fdb743bb121c1b8894d63bb7,delivered,2018-08-09 18:12:13,2018-08-09 18:25:15,2018-08-13 14:17:00,2018-08-21 17:46:38,2018-08-27,c3746e4fcbaafb851682b1064afe36fd,2018-08-09
856f5f8ea98797ecf093d2d8d946d2ae,0f218a0d9827580aaab2d6b9a6fe03fa,delivered,2017-05-03 21:22:56,2017-05-03 21:35:20,2017-05-04 12:16:22,2017-05-08 21:53:45,2017-05-29,72ae076cbb080298d6d6d04ff68304d7,2017-05-03
6fd3f9bf79e48b384ee918cb691483ec,858c98ec0b961e34c54ee1016409d611,delivered,2017-09-05 12:50:58,2017-09-06 02:50:27,2017-09-08 11:17:46,2017-09-14 17:30:00,2017-10-02,da062bb21b763a7c3ec6ca5fd85640e6,2017-09-05
79b283376b6379e1ade8a3f3d127be4b,c1ed0011c6dad3c9e564857d87939d62,delivered,2018-05-19 00:41:02,2018-05-19 00:58:56,2018-05-30 18:42:00,2018-06-01 21:22:15,2018-06-07,ff10f5a84de9c7cbf678881c87f144ab,2018-05-19
626f6424e635c6341bfddf7d53bf3746,f85444670597b08b2c8a44beda3d72db,delivered,2018-01-21 21:30:56,2018-01-22 14:00:30,2018-01-24 19:10:03,2018-02-06 20:07:41,2018-02-21,3b3a0950ecb772a838b1e9594e2ac4dd,2018-01-21
94aba2a37911fff127097b56d60fd1b5,1a524b0ce5f18310a7b27ca7fa71beb9,delivered,2017-11-28 11:23:01,2017-11-30 11:42:04,2017-12-07 15:27:03,2017-12-08 13:33:40,2017-12-12,b495d807ccbd38ea1be486a826c88008,2017-11-28
a9e698f2944fc17e406c624bf2ce9067,a26ee55d980bbbb84838b5ed8347f253,delivered,2017-04-04 21:00:40,2017-04-04 21:10:17,2017-04-05 13:34:53,2017-04-11 17:10:33,2017-05-03,f5f1eca285d9b24b23ab0e538ea9d6b9,2017-04-04
8420b0f7022cf4d4ec5eec76ce180669,2fd75bf9284bbc7a1ceb9163297c89a0,delivered,2018-07-15 12:10:13,2018-07-17 04:31:30,2018-07-17 12:51:00,2018-07-24 11:04:46,2018-07-30,522ab05eb2fd1ba6af887c80f7653b9b,2018-07-15
5c5e60b90539d3fdf6ea923f19567ee5,b788c2713f6006ca6b7dcf181ee831fe,delivered,2017-07-10 21:55:45,2017-07-11 03:50:43,2017-07-11 18:17:53,2017-07-12 17:03:32,2017-07-24,047ade39673d74bcd42b8c0e7bc9666f,2017-07-10
58840c0c2c9c52695efde6fa10a27b47,b37f0d13ab1e29ef8000b39bdec20c3f,delivered,2018-01-27 09:32:51,2018-01-27 10:16:18,2018-01-30 21:13:05,2018-02-08 21:47:15,2018-02-21,f5ca7a990f90ae27d3a3b8e7564fd7f8,2018-01-27
66e5fb8842964acac96f3e4afd13b27d,4b8a694f92f4bc42833eccf7d1be0502,delivered,2018-02-11 11:25:58,2018-02-11 12:08:53,2018-02-16 23:08:00,2018-02-27 10:29:07,2018-03-28,f2b73529bb775e473cdeb67d991cc985,2018-02-11
c942f2c45c815cea47fc646b3fb58b32,d9bc5ec75962e7f8707ce97c5f8a0c00,delivered,2018-04-11 12:48:08,2018-04-11 13:09:59,2018-04-12 19:28:36,2018-05-10 19:38:44,2018-05-11,3029b7a002bf5028a935fb716bb6d8d8,2018-04-11
292362d65fdd556daf473eaeaa487a06,563b025cf608c075c839476181971894,delivered,2018-08-07 09:52:37,2018-08-07 10:05:10,2018-08-10 12:29:00,2018-08-14 00:26:29,2018-08-10,a724576ad7a63c339210b9e6d6d5c0e5,2018-08-07
f5bda9fe749b2b1529c6ad6dae03145d,8b237ef13fcb07e8c830059ca4d7b1ee,delivered,2017-12-01 22:09:54,2017-12-02 02:37:32,2017-12-04 17:52:59,2017-12-11 19:09:49,2017-12-26,8c7f90968d1dd891c54bbceea9b34696,2017-12-01
c5477ccc57a4ac523554e691f8a00d2e,942bd5ec97f21527d55a279894d268ef,delivered,2018-01-24 23:22:46,2018-01-24 23:33:26,2018-01-25 23:14:33,2018-02-06 12:37:55,2018-02-20,3dc232b77c3b4bb37f99b64168ff58b8,2018-01-24
effeb0c3ecae530d0470721524db864f,fbf0f565facbd923b2ae193bbc532703,delivered,2018-04-30 18:55:30,2018-05-01 02:15:21,2018-05-02 14:05:00,2018-05-04 10:13:04,2018-05-18,6a5b64d6466d360f798b213213d4a7d1,2018-04-30
b714825751e17269c60b3d2291e85026,cf44ca21d8f8a3e409debd1977048d05,delivered,2017-04-22 14:14:16,2017-04-22 14:30:11,2017-04-24 11:04:27,2017-05-09 09:08:00,2017-05-25,b7502c7f8ae0866663b1cb36ca29ff07,2017-04-22
7290f24ffc8f84166426d8727c15af13,46958fedfb3f81f4de25433dd2d44eca,delivered,2018-03-20 07:08:27,2018-03-20 07:27:36,2018-03-21 18:43:41,2018-03-26 14:10:40,2018-04-30,00a9fd000ff87bb48b989df819c418f5,2018-03-20
be27c932495b78e00ca71c8022b525a6,fc890cc7935fbd5d779d573578a8fa21,delivered,2017-04-25 09:46:51,2017-04-26 09:36:30,2017-05-02 13:15:06,2017-05-11 09:02:39,2017-05-26,13c77f6bed88d075f833e2f5719169df,2017-04-25
579997e88b2563ab8a3f3d6f5022a8a6,143e1e9cc9c731abaaed1c15ab5d7b74,delivered,2018-01-30 07:21:20,2018-01-30 16:34:55,2018-01-31 23:13:29,2018-02-09 16:31:55,2018-02-26,22c06071db2334723b044af55873ee8b,2018-01-30
8d642f469cded3eccfec417ffabc7141,3e15b38b9f5c551bd51f7b1d713044d5,delivered,2017-05-27 00:45:45,2017-05-27 01:22:24,2017-05-29 08:18:00,2017-06-03 09:27:52,2017-06-21,ec3e2107e2ecbd14db19a74eaa4c676f,2017-05-27
4d3e2d7309a1b884bd8b7c9597d29483,57dbd4390f23a099d2948084e39a9c84,delivered,2018-03-22 21:11:35,2018-03-22 21:27:54,2018-03-23 17:58:54,2018-03-24 17:51:11,2018-04-04,3c012348dd8a583262304d7e7fe9a322,2018-03-22
3f71e424f5c88b151069830e08da04ad,3d2f792b801f3154c6e2b57039f1d4af,delivered,2018-08-02 12:05:59,2018-08-02 12:55:37,2018-08-03 14:18:00,2018-08-10 20:37:32,2018-09-04,300b4fbe132eb27cb930a4bf0b9c835d,2018-08-02
63411626466603435cf74a3d51f8fc8a,a7d2a3c4d297b45634f361190c8ec7f8,delivered,2017-09-19 14:23:31,2017-09-19 14:35:20,2017-09-21 18:37:56,2017-10-10 19:49:09,2017-10-17,143b3bef03194ac68037506e6fac66a4,2017-09-19
3d777cc1e8cdc96f0ab058c715cb369b,e5631483f7f9e6c09cfa0a7359e3f087,delivered,2017-09-14 19:52:36,2017-09-14 20:06:07,2017-09-20 19:44:00,2017-09-26 21:15:11,2017-10-10,79d50677053d3b71d9460f6c0a5555d7,2017-09-14
0cfb8d2b2200481e6ce460c76ffa262d,7cd543411d01eb7daaaf8079121163ab,delivered,2017-11-28 23:09:49,2017-11-28 23:38:01,2017-11-30 20:38:55,2017-12-29 17:18:45,2017-12-20,7325b16be35dfdd5f02f3101aba87282,2017-11-28
cceecfd4fd8a5cdfc10a03fb86e1d5b9,364d7648596b13b12e70dc1c93d777e7,invoiced,2017-04-27 13:48:41,2017-04-27 14:02:42,,,2017-06-20,3c5e1130694632f44051b23fd86ad9e2,2017-04-27
eda353a1682192066b6cb7b025cfb038,63da6af14f676d09a370e0ca57a901f8,delivered,2017-11-18 23:07:50,2017-11-18 23:15:37,2017-11-21 16:53:09,2017-11-22 23:24:43,2017-12-01,f3322b17bd0a7b8589cea8ad05ceb82e,2017-11-18
06ba91cdc30ac6c7181e933cf2135932,984a5b9aada81e4c24d25cf3f9d6c06e,delivered,2017-12-04 15:59:52,2017-12-05 04:13:20,2017-12-06 12:53:39,2017-12-27 11:38:51,2017-12-29,b085e215fff5ac47ba14f3a013e8e405,2017-12-04
bf8a5f3ed4349bd5873e69a7bf24afdd,265e3c18ceed2964038497b11ef3e4c7,delivered,2017-12-01 10:30:46,2017-12-01 11:31:08,2017-12-09 00:21:23,2017-12-22 19:28:36,2017-12-28,56e3a158ef88285f2c15a83db0b13d93,2017-12-01
3b0ed597b36d966d85b2ed8cf4447f80,422f5859496691f4c1f63ab8a95bae16,delivered,2018-06-29 11:18:05,2018-06-29 11:29:58,2018-07-04 14:50:00,2018-07-09 16:19:33,2018-07-26,2b6b5ebeb77a40136792312b5855a6eb,2018-06-29
79ee77c8f45cf57099cfe54271af1d49,7640f74e9d8d7cae31dde07a5fb6aeae,delivered,2017-05-01 18:43:06,2017-05-03 11:35:35,2017-05-04 10:24:50,2017-05-12 10:32:23,2017-05-25,74bba753d0dfd62b4c32ee45cab7c812,2017-05-01
bd311764a2c2a541c99f90f076923b34,9dfbbf80c6ae9741c9576d3371f58282,delivered,2018-05-15 09:20:18,2018-05-16 09:16:33,2018-05-17 11:58:00,2018-05-24 20:28:18,2018-06-05,cf0c6d663a4054bbe5ef8c6658779cb1,2018-05-15
dd1eff57387644bafd3823d2d49560b7,a6d1f7d3fee8f81223a0baf690ce7557,delivered,2017-11-20 11:47:23,2017-11-20 12:11:32,2017-11-23 18:04:44,2017-11-26 19:09:06,2017-12-01,5788039949fe58b4028aa9b4fb850deb,2017-11-20
b8c6d75388bad0d20626aa31f173d5fb,7d7074852c030d222553c809a7eb3699,delivered,2017-06-14 12:25:49,2017-06-14 12:42:46,2017-06-14 14:19:52,2017-06-26 15:04:47,2017-07-11,14674077585bcf2cddbde9a8378e2ea9,2017-06-14
ebbc16c6955354160e1dfd2cd3b4430f,610f0574fe58619864503689b50d2819,delivered,2017-05-27 23:09:15,2017-05-27 23:22:16,2017-05-31 07:27:01,2017-06-24 10:51:06,2017-07-03,2268d1ce389e69d7c6bdab23a1cf43b9,2017-05-27
09b9364d966593e51c1edead847fd220,5370e275eb7b56d78bd41f03c6446232,delivered,2018-08-10 08:13:28,2018-08-10 15:45:53,2018-08-13 12:01:00,2018-08-17 17:56:32,2018-09-04,65290fc39fc326193c8a5b9c71aee62f,2018-08-10
6b4855917066752cc5b88abca983437d,974e920c00ddb177032c54bdf6954e3e,delivered,2017-08-30 18:09:32,2017-08-30 18:30:09,2017-08-31 15:07:44,2017-09-01 23:13:01,2017-09-12,6358a2ef3876f095912a6fdbec295073,2017-08-30
aa0910dcd21e1118e710080991d23e75,b4f510308ed7dfb45d97a887c7ba30dc,delivered,2018-06-15 09:25:29,2018-06-15 10:00:31,2018-06-20 12:56:00,2018-06-26 22:02:39,2018-07-20,57c0a80f9d7aeb6f3462acc3c54de1b8,2018-06-15
c4277c0bb265f5f6e13a10ee49dd0e9c,98ff94917d9bc917b63d1d49f35975fd,delivered,2018-05-11 11:32:59,2018-05-11 11:50:40,2018-05-14 16:16:00,2018-05-15 18:53:39,2018-05-23,c48e63d50a74ae2177fcf5d66ab51754,2018-05-11
f7411b386b99ab297f888848be4198a6,dc4ee9c49af05d38495f4eb45d177c82,delivered,2018-05-15 12:23:49,2018-05-16 09:06:45,2018-05-16 08:50:00,2018-06-01 20:08:24,2018-06-01,a386f0811120348f75f03b133eb083ec,2018-05-15
30cb9807736cf9827533cf34b10969d8,abc0fa957347a7c2e0e03ca51ba0d413,delivered,2017-05-09 11:20:30,2017-05-10 20:02:23,2017-05-19 09:33:08,2017-05-31 11:24:04,2017-06-13,aa1d9bb16c635762854fcd37dd575662,2017-05-09
da406f1574c350c0e265dfa4afa6044b,8cf881448a898af8d5a93861aa03b8e2,delivered,2017-11-24 10:38:40,2017-11-24 12:13:01,2017-11-27 20:48:32,2018-01-08 18:59:14,2017-12-18,609f74b735409d18d18074c2835dcbba,2017-11-24
076203a3df21fb25c8b59f881f2b37c9,aae187ac20079813ed11e67757602a48,delivered,2017-07-08 10:08:30,2017-07-08 10:23:25,2017-07-14 19:28:02,2017-07-31 20:28:00,2017-08-01,68a3cfd10b2fdd755b7116ef8bdb7670,2017-07-08
4e953a20477ef5bef26ac97ed4832a37,683b096ae164f11fdb10e1fbf526dd3c,delivered,2017-06-12 16:19:47,2017-06-12 16:35:21,2017-06-14 12:52:09,2017-06-22 15:53:03,2017-07-05,6562021a0a4fd24be820ca68ba96c2c3,2017-06-12
7d26f2a43dfbb0b9e5c39149593f3839,311ec637af917bce7b283b74754e2baf,delivered,2018-03-31 20:43:05,2018-03-31 20:55:19,2018-04-02 14:22:45,2018-04-04 01:48:44,2018-04-12,5473d80ee730a2ec3551d464d93b90ce,2018-03-31
911e42ae2c0cf7e1050b31ac36d8b2c2,38086643ba09e7eb60211ef04c0382a0,delivered,2018-06-04 12:57:23,2018-06-04 13:12:10,2018-06-04 14:44:00,2018-06-13 17:03:36,2018-07-17,a3cf1e7780c2f82ccfd4ebda7f64cd8f,2018-06-04
4b9bd9bf620365bc37e256997c022c5a,ba9d58ffb5b81db4ac9478225e7f7e56,delivered,2017-06-29 11:03:14,2017-06-29 11:10:20,2017-07-03 16:55:42,2017-07-21 20:34:09,2017-08-02,e7aa3fbe88423a0132e45578023bac50,2017-06-29
4924d4064306a4b2cde5a264e106de11,527f94af22a69f6595cd35b3b09d2019,delivered,2018-08-09 10:21:55,2018-08-09 10:55:17,2018-08-09 13:52:00,2018-08-15 22:24:24,2018-08-29,0613aa9f107a3cc0e7bb4ecb167660a2,2018-08-09
5648c933d209018572eb67390f618682,084e83571f0a839a4c42cf340a597baa,delivered,2017-12-02 16:04:47,2017-12-02 16:17:33,2017-12-04 19:53:04,2017-12-07 01:06:07,2017-12-20,e77723abebdc6d6b95814047f75c2aab,2017-12-02
9ee8452f251847f1cf796e5d7cf8eaf2,da03e848597392e6e96751f887271ad9,delivered,2017-02-12 21:41:06,2017-02-12 21:50:20,2017-02-13 16:16:04,2017-02-15 17:22:10,2017-03-10,13fd40d88ef00ff2c375c1ec7fc89b2b,2017-02-12
8a1d9b0c823a8c653a9662d0a0759306,d83407c66c173399b2eaf6c429ed5e56,delivered,2018-05-20 15:47:53,2018-05-20 16:19:23,2018-05-22 06:22:00,2018-05-24 17:32:15,2018-06-20,cbe89b81eb23d0e2f52d3c4c9ce1ad31,2018-05-20
7fdf1bc0675e3bf96a0375e4d84ec39a,9186dc07f7eea5684ca72a79410982dc,delivered,2018-08-18 21:58:12,2018-08-20 10:50:25,2018-08-20 14:40:00,2018-08-29 22:04:59,2018-08-30,af0c81ca37585eaf94be120a572be1bf,2018-08-18
c1f9a3a835ab0d3d2975ab179f78ab75,6810c3dc47f641181fcc7f73275c3d19,delivered,2017-09-26 18:53:39,2017-09-26 19:07:10,2017-09-27 20:30:03,2017-10-05 20:18:06,2017-10-23,7eaa86786b5955ab188db287f4726d79,2017-09-26
4c116dfa777ea7f4533820d12c15c6b1,da50919bf37d6a3c12edb06afda48b02,delivered,2018-01-11 00:27:00,2018-01-11 00:49:47,2018-01-15 17:21:36,2018-01-24 16:25:38,2018-02-14,4c70011438c89452d636b127a1a040a5,2018-01-11
5713e6bc9a550b3abc8c7aa03a2db95d,53c996d70be78077dd4c97f771d9f32f,delivered,2018-08-14 16:03:12,2018-08-14 16:15:18,2018-08-15 09:11:00,2018-08-18 13:02:05,2018-08-27,c26193152447646760844936b39e08f7,2018-08-14
7f9cd52ad1ff3569254091c513fb552e,f672fb517a20351b700abf7e11a1c873,delivered,2018-07-06 19:03:47,2018-07-07 19:05:45,2018-07-09 13:59:00,2018-07-13 22:57:41,2018-08-07,ab1d1f9a047b6b075e9173eb327c44eb,2018-07-06
da6286f6b9d805439991572bf84782e8,ad15c48c30f7a531fd004f736a6bc01d,delivered,2017-11-24 18:31:18,2017-11-24 21:38:31,2017-11-29 17:45:44,2017-12-12 19:33:57,2017-12-27,be7df3a9421b7338ea19689c19e73cae,2017-11-24
f76e427ba2c3d8fe380eb87339750bb8,233c226032da9bc305bc5137c64a99ac,delivered,2017-05-15 11:49:59,2017-05-15 12:16:07,2017-05-17 11:09:01,2017-05-22 13:41:56,2017-06-02,ef93719499a5b5ba6933f134f8d18ce3,2017-05-15
583f25389c1ba1869b3311c5cf44e9db,6d0f8f93f6a858b5b89fd9177fe1c8ea,shipped,2017-11-15 00:03:55,2017-11-15 01:11:22,2017-11-17 22:09:44,,2017-12-27,6dee8408357dd171e1288552d4a947f5,2017-11-15
4b8f98e50ffa9c1b021c197d39c58bb2,672b3a9f04869358311e98e5190693df,delivered,2017-03-08 15:05:05,2017-03-08 15:05:05,2017-03-09 15:52:52,2017-03-31 15:03:19,2017-04-04,51df14acd74dffa88ff840ac21d1f187,2017-03-08
8298dcc2f7a6cfcc788481bc06d227e0,7088d4c9520dacf9055680a903bbdc59,delivered,2017-09-26 15:51:35,2017-09-27 17:49:19,2017-09-28 15:53:52,2017-10-16 19:23:10,2017-10-26,fd6eb716d0311b7a80e1256a0cf1804d,2017-09-26
afe0ea024346be7fa63b997fd149c757,842f5b7d1c537e492f0f039d881df246,delivered,2018-07-27 21:21:28,2018-07-27 21:32:01,2018-07-31 08:33:00,2018-08-06 18:41:35,2018-09-10,02961f000d03958b88e9cba0cf6253cb,2018-07-27
748f1a8074500891bf8f786ce3b5c02d,a94de3a1486c2bfa6324956be90b911e,delivered,2018-02-27 15:53:06,2018-02-28 09:56:37,2018-03-12 18:24:38,2018-03-20 22:34:27,2018-03-21,dfbebe96520c2a101d602c7d003764ba,2018-02-27
475daaf912c5d6077ae695875f9e02dd,af19987afaab941ddba949ef09e2b393,delivered,2017-09-02 14:17:54,2017-09-05 04:44:23,2017-09-11 17:06:55,2017-09-18 18:35:11,2017-10-09,23d8f6988fc85e2debfa559262178b05,2017-09-02
2fdd2e028b2bcf3930e37c1088ecfe2e,7021e26073056995e09bf03c66ad5fd8,delivered,2018-06-10 20:00:25,2018-06-10 20:17:39,2018-06-12 12:38:00,2018-06-19 15:05:18,2018-07-12,a955e2d4e8d135afe6dd2084dd55607a,2018-06-10
ddebf0da62e7da325ae548eca16ce5e8,afa7608d08cd6e3e2e7c732e7a986197,delivered,2017-11-19 22:04:19,2017-11-19 22:15:30,2017-11-22 11:31:58,2017-11-28 16:28:57,2017-12-08,20573b57fafcc449a651f19247e20b07,2017-11-19
a794d432d0990aa47220cda510a0a872,ac09b50d5b648f30126cc7ffceb97e8b,delivered,2017-09-16 23:26:17,2017-09-17 01:10:38,2017-09-18 18:51:44,2017-09-25 16:58:32,2017-10-09,33aa371b7512b6a9fede4f231e212226,2017-09-16
b2836e010be6f9326cdac9a925076347,caec53e3c91e0bdf0d9f996432a70bcc,delivered,2017-06-13 09:50:50,2017-06-13 14:22:57,2017-06-14 13:34:40,2017-06-19 21:32:16,2017-07-04,8a3cfe26ce6c10eb786ae3d9f1a86552,2017-06-13
4fedc3e39af106c703916b9e7fdc5e5f,821fcb94f149414022052bbd72453664,delivered,2017-10-17 19:38:42,2017-10-17 19:49:21,2017-10-18 21:22:47,2017-10-20 20:57:55,2017-11-03,513bad291f06e8fd22e78e801c5eeb2b,2017-10-17
9bcae940b24680a6ca263ec7ffb30ccb,59be217eef79cf8f31906ccb0c18fded,delivered,2018-02-19 23:10:18,2018-02-21 06:20:15,2018-02-23 22:28:45,2018-03-05 18:51:27,2018-03-28,4e7d90791af7ac2024f8b978fa4fc095,2018-02-19
48f5a8fa0f281cf8ab2f7905a11c3c29,e4ad9116d37461c681fea632e47a021d,delivered,2018-07-23 22:42:35,2018-07-24 10:31:29,2018-08-07 08:43:00,2018-08-08 19:40:55,2018-08-01,839c32321fa84b510637510d32436aff,2018-07-23
c7ab4f518d1a47c3f78768c41c887d1b,f48f0e3bbe7fa6985141518b1d7264ce,delivered,2018-08-09 13:59:38,2018-08-11 02:55:27,2018-08-14 10:11:00,2018-08-27 20:04:23,2018-08-20,dd7c170eb1bada8feb898821664a3008,2018-08-09
d2feffdc8a5c6772992aafeff8b9bdef,ed6d639168d3420f50058536d6bc0118,delivered,2017-03-08 15:02:43,2017-03-08 15:02:43,2017-03-09 11:00:15,2017-03-16 08:37:58,2017-03-31,13db1b0290d3d487664620f36c3e0df5,2017-03-08
4d9974c8797599512e8216eeb315817d,fac7d7254af3bd899053c9b68c6c34f7,delivered,2018-01-10 21:50:28,2018-01-10 22:08:34,2018-01-30 22:44:37,2018-02-08 23:13:33,2018-02-02,f7f030d7f63e03e2c07f1d856c91678a,2018-01-10
1ee4d0544d11c277367d2df9c25ae406,2549a0bb60ed32415a39f38be7534a3a,delivered,2018-05-11 11:08:14,2018-05-11 11:37:21,2018-05-14 13:19:00,2018-05-19 01:18:34,2018-05-25,eed1d0133ff77d7305e9006448d35997,2018-05-11
6c611d177ef47b4d67080071684f3da3,c1a881d78c63de5d2f1762bd7cca61e7,delivered,2018-05-13 07:42:34,2018-05-13 07:55:10,2018-05-14 13:57:00,2018-05-18 12:03:15,2018-06-01,cf4922583bc9464b982a731f35d5ab0d,2018-05-13
0ee8a265feb5028eef234263bd7f5c23,53470bb64d38af72a02b516796aa05ff,delivered,2017-05-03 21:49:35,2017-05-03 22:02:30,2017-05-04 11:20:15,2017-05-11 12:29:49,2017-05-26,8a714ed030150d62a04e654d38e0e937,2017-05-03
2f8fcfe0b82ecb5bf95a056e04b3181f,de63777364ce7bd557a7bbf2972b5c8f,delivered,2017-10-24 19:42:00,2017-10-24 19:56:20,2017-11-08 21:48:02,2017-11-17 23:08:49,2017-11-29,86b33f2d828052d8af4a1ef987f85248,2017-10-24
103e18e9325ee41d8cfa4902f8abc16f,aa28fcb213db1415749a665f82704181,delivered,2018-01-14 14:34:55,2018-01-14 14:48:41,2018-01-17 22:16:57,2018-01-24 21:54:49,2018-02-05,b662f2900642f8b9fdda817ee3684e48,2018-01-14
d5aeb56df77bc1d4b5ff5a069ca1830c,35e5f484344a69c298f039552a3137a6,delivered,2018-03-24 11:21:52,2018-03-24 11:30:32,2018-03-26 19:46:49,2018-04-18 17:38:34,2018-04-16,bbc7a8ec3af7a004d9871c299c9464ca,2018-03-24
2fddf9110bbf99715a7cde5f8da13faf,1dff2093f93a4b87cb9db694d77e22e8,delivered,2018-05-05 23:54:00,2018-05-06 00:14:24,2018-05-14 09:30:00,2018-06-07 21:22:39,2018-06-07,53ee11f0978eda075a5821d942053580,2018-05-05
eef277f1b21da736aeb8b4dbcdeb36bd,7a6cf1235fb298b844af97f19d6b14e7,delivered,2017-10-18 14:18:56,2017-10-18 14:28:35,2017-10-23 18:37:50,2017-10-31 23:08:35,2017-11-14,98321ff448fa8280c46323d48ef62ef6,2017-10-18
c55952869834f4b020085963bd0cd2ea,d9633f432d01e2bad640a4dc8facad01,delivered,2017-06-08 15:00:40,2017-06-09 02:45:28,2017-06-09 16:33:12,2017-06-21 16:13:17,2017-07-11,c0cea811d9ebc557a2f7054c82f76efc,2017-06-08
370cebd070cc2fd363ebad1645a6b1ff,8e9e95ad04f82a47cc0cc53cbf73d855,delivered,2017-10-09 19:03:24,2017-10-11 18:20:13,2017-10-13 18:12:13,2017-10-23 16:29:04,2017-10-26,73f0c1d657e571acb7a7540ac134a964,2017-10-09
4a8838c86657a598964a2e50960e92c5,d4d9531a61ad95bf3b57d0100a2fb792,delivered,2017-11-24 12:48:11,2017-11-24 14:58:32,2017-11-27 15:23:15,2017-12-02 13:22:32,2017-12-14,fd34bfdf47384dede1f18d1b53d2cfcb,2017-11-24
44efa161f00e760df72f281915ad34e7,f973547855bb9b1b092836001420224c,delivered,2018-08-14 19:39:47,2018-08-15 19:35:08,2018-08-16 14:14:00,2018-08-20 15:44:37,2018-08-24,08c40e2f03653843441ac35d059a04d1,2018-08-14
4ce8d6f2dbc2018073f91128c347de84,0d94d871bfa2907282e049f310f5b335,delivered,2018-02-28 17:07:15,2018-02-28 17:49:37,2018-03-06 14:21:56,2018-03-07 16:37:07,2018-03-13,fdf526991af341d68b46ff5a194ce0f2,2018-02-28
9b41629ccbc3ae4be489cb815f3653f5,3000841b86e1fbe9493b523245d5c68d,delivered,2017-05-27 12:54:36,2017-05-27 13:10:21,2017-05-29 14:01:07,2017-06-08 12:10:29,2017-07-03,796a0b1a21f597704057184a16ab4d71,2017-05-27
6323aec573b1bb57a4f691fde7974f60,3b2e62da9518015efb84d98cd57e381b,delivered,2017-09-26 11:17:16,2017-09-26 11:28:31,2017-09-27 17:19:54,2017-10-06 20:52:58,2017-10-23,26143d35113ed9799f6417b999084a0d,2017-09-26
07fe18147d98a22e8f8f5e43fc09d831,ef3ccd6d77b6f38823b6360f3f2216f9,delivered,2018-04-17 16:56:15,2018-04-18 02:35:15,2018-04-18 23:41:52,2018-05-04 22:28:45,2018-05-25,89431b1ddf925a2453cc5e5ceca38327,2018-04-17
5819c8c36e2626ede26c3677c0bceac6,fb52810748f348ab4d10d96e8529e702,delivered,2017-11-13 17:11:28,2017-11-15 02:36:13,2017-11-16 15:18:50,2017-12-01 12:23:25,2017-12-04,ea14c81eb37b6311cad228f0f1d5f5e7,2017-11-13
6ae18793b39ea298718417881aca431d,d8c4b7a84600b6fb675483da453fda18,delivered,2017-08-10 08:35:22,2017-08-10 08:45:13,2017-08-10 20:22:56,2017-08-17 15:39:22,2017-09-01,7d92608337b154f725e7963ae156ff9c,2017-08-10
d775e0b3f1085ff46d9c4c3d9b125e4c,8c5f5694678372cbbb06fa0a48b4ddc6,delivered,2017-06-29 12:46:55,2017-06-29 13:04:00,2017-06-30 15:27:48,2017-07-08 14:22:49,2017-07-28,db348cda473408bb5a83be2414c58114,2017-06-29
3915c06b1483016c7d41dc705c1b0090,9540fa6cf6d99763f1c17623e03f8ae0,delivered,2018-08-10 13:12:53,2018-08-10 13:25:14,2018-08-13 15:34:00,2018-08-17 20:41:55,2018-08-27,a4837630a9600d93cbd3b310854b8b00,2018-08-10
65ac269bbcdab3f78e9365f37aa89626,f8a7963a1f1c73466a2c6e62a1afdbbe,delivered,2018-08-22 21:47:41,2018-08-22 22:04:37,2018-08-24 05:15:00,2018-08-30 17:11:46,2018-09-12,02c2e590ec422325d7b15a4f0c8004cd,2018-08-22
460281d0eeab1990c9fd04ac4705d3ed,c12c3f999921db1622354fa4a873cd05,delivered,2017-05-18 23:45:34,2017-05-19 01:25:16,2017-05-19 20:34:38,2017-05-29 11:48:02,2017-06-09,8f70de4f81aa890f7e35d464f5247518,2017-05-18
12841a11f62453c88f68ee1f7cb45c47,dc6cee232e64102de1ae63fff7c38871,delivered,2017-12-06 16:18:06,2017-12-06 16:32:05,2017-12-08 18:36:02,2017-12-19 21:21:52,2017-12-29,31c2518bb0a8ce514321a9279deeca39,2017-12-06
252ccbf5764c53809f99daee8815db09,dd433e8edcb748653739108e2aaccb7c,delivered,2018-06-22 19:23:38,2018-06-22 19:38:35,2018-06-27 06:22:00,2018-07-03 07:36:31,2018-07-17,9f6b3a62b9aac77da19e7328f297ef9a,2018-06-22
1379ed790d1676edd6631dc5474c4b44,ddf9a541cc3f0d5954938af032fc78c6,delivered,2018-02-13 17:53:13,2018-02-13 18:10:28,2018-02-15 20:52:26,2018-03-09 23:32:39,2018-03-12,27878a3c150b60cf92f5b812998f2990,2018-02-13
f60acdf6e4ce0842ce375a157ae600c0,34aeda2e58cb0b208099004f55062cb3,shipped,2017-10-07 19:02:42,2017-10-07 19:14:15,2017-10-09 20:17:57,,2017-11-07,5d178585546c32b8cb377447e1b33083,2017-10-07
dc9aa7c79b289abf941ccbacf11e3780,0a9ab8de2d01f20b459dbee0a345081d,delivered,2017-09-18 14:27:53,2017-09-18 15:05:43,2017-09-22 18:57:41,2017-10-02 21:42:04,2017-10-10,f9acaaf53948041869bb52c7eb1e116c,2017-09-18
8e72aa4f22ed34fdbeb7434859ec54d8,49ff6d6e358e4b860a1a8110a214472c,delivered,2018-04-23 19:35:47,2018-04-24 17:18:43,2018-04-25 14:19:00,2018-04-30 12:03:47,2018-05-16,de9c94f7fb02c0c870c111eb0839a0a1,2018-04-23
5b3367de06e5c2955a98de36a52fbe1a,efccddae70862d3630a35e4c7fc75a02,canceled,2017-03-07 12:43:03,2017-03-07 13:04:43,,,2017-03-28,19a08365a2cae65ce7b6a58da11bce58,2017-03-07
bbccc293dde3a6b72a942c4117678017,fc817b66cefcd2a69c772be7aa07daeb,delivered,2018-05-16 09:05:31,2018-05-16 09:33:12,2018-05-18 17:19:00,2018-06-11 20:21:36,2018-06-07,1f934453ed76a3daf9da6fb0445e90de,2018-05-16
4c8f8e639b2672c7d77385d68238a1a3,6c631d132f3fa8f166444ffd6cda689d,delivered,2018-02-22 02:46:38,2018-02-22 03:27:56,2018-02-22 19:20:00,2018-02-23 22:43:34,2018-03-09,3c2df58a45453f9e75cb7360932c1365,2018-02-22
1919a9eacb9ae555e3125f1ce713fe1a,39096b4b196ce38f143c4ff8b6e060d6,delivered,2017-10-27 20:22:11,2017-10-27 21:26:40,2017-10-30 19:12:46,2017-10-31 23:57:02,2017-11-09,cbc4d2d699aac253fdf128197a2c5cc3,2017-10-27
6f7167ff12cbdba10fcff1ad215166b7,296d2182933c909ed7aadb24373704ab,delivered,2018-04-29 17:06:31,2018-04-29 17:15:19,2018-05-02 15:15:00,2018-05-08 20:28:21,2018-06-06,82dbecae40ab614c1704cf7f55b5221e,2018-04-29
f97ad7d35270638277b3209506431b82,54f2e25e66f702784c3c9e32d931b037,delivered,2018-04-27 09:05:51,2018-04-27 09:32:33,2018-05-04 09:59:00,2018-05-16 17:05:30,2018-05-25,ab05837da015d47b4a9d06b1ee6d1b73,2018-04-27
6681163e3dab91c549952b2845b20281,2f29573c8cac5a7be11c5b649078f944,delivered,2017-07-18 09:23:10,2017-07-18 09:30:22,2017-07-21 16:13:08,2017-08-03 18:42:49,2017-08-15,0006fdc98a402fceb4eb0ee528f6a8d4,2017-07-18
b2e25deb1b41319f3f4fbb2d32926a03,dae894222706742ca8dd8cd8ff891917,delivered,2018-05-01 22:22:30,2018-05-01 22:35:18,2018-05-02 13:36:00,2018-05-07 22:36:42,2018-05-28,9b60266e49ee27078f2bb7b0354b274e,2018-05-01
c28cc812db8e9acb713843bb0470b7cf,eb172b63b901dc5dd76bbb694ce13ff4,delivered,2017-09-10 00:34:50,2017-09-10 00:50:11,2017-09-12 19:35:01,2017-09-14 13:36:06,2017-09-27,b684d9c419a4db568d2ef8afd7b79c71,2017-09-10
eee612addb28b4837f3a8d9ce54e31f8,29898bc3bd6a526500f6a9f478141873,delivered,2018-04-19 18:56:58,2018-04-19 19:10:57,2018-04-21 00:39:45,2018-04-25 14:39:00,2018-05-11,bffa2c64724b9bad2276d600f2b78928,2018-04-19
3eb0f85a2cf629b092487dbf1847ff9b,66b4fbad0c2c977805b10a2fcd76c861,delivered,2017-09-02 10:09:12,2017-09-02 10:24:09,2017-09-08 17:41:40,2017-09-20 20:21:59,2017-09-27,f4dc55c4dce86e8d6cec363bdfa9b41f,2017-09-02
a695e8fc1b0a6e9c814da33ed8cd9703,2c6816f982a6897814acd1aa00c7c316,delivered,2018-07-14 18:58:11,2018-07-17 04:31:32,2018-07-17 13:11:00,2018-07-30 18:22:07,2018-07-24,8e893b1fd968d05f7ad2b068e502e280,2018-07-14
7d88cc8f8bebb0e650d408c374a62b29,b42a4aede5b355ece8a2555471b962b2,invoiced,2017-10-05 22:22:48,2017-10-05 22:35:22,,,2017-11-03,5bf53b1f1b40087bc4e6b5987d427bbb,2017-10-05
d6c5dca773097a2319454e361da874d6,de80cce3770a45665981249e162d0594,delivered,2017-08-24 19:55:05,2017-08-24 20:10:14,2017-08-25 19:12:43,2017-08-31 17:38:17,2017-09-20,e2be60aeb476ae8d65f5e800f1fa32a2,2017-08-24
5412783dbeb40c1f689f31da23f7c38b,032dfaf8831a5caba16aad65f1b1402b,delivered,2017-06-14 09:15:07,2017-06-15 07:05:09,2017-06-16 15:49:35,2017-06-19 14:14:03,2017-07-07,ccf02f942808f0dc5ff1be1bd5298318,2017-06-14
874eef9a84653f570656bdb0f8519151,c59929869ce404450d73c9a018c3d3a8,delivered,2018-06-02 19:04:54,2018-06-02 19:15:17,2018-06-04 14:14:00,2018-06-12 19:36:30,2018-07-12,4239137bc284d7ec558ad51001956b40,2018-06-02
ebb764cf2623a3a2d00b4d06978f16bf,3ca0e67c2633981579380fbb43d134ab,delivered,2017-08-11 06:56:07,2017-08-11 07:10:13,2017-08-15 20:07:27,2017-08-21 16:40:07,2017-09-11,ad1d6533b366cd286e6b555e348026bf,2017-08-11
b349d1700d6cf51fade7bc7bdd17ebbf,22e9f05a11603d0448858e987dcd7327,delivered,2017-11-22 20:47:55,2017-11-22 21:06:55,2017-11-23 22:32:45,2017-11-30 16:55:03,2017-12-11,375b9a4373efc9614802c6988cdf2869,2017-11-22
43ee3ed7fa79e982fb7de9363c7832e3,d1513d58463de6abec74693083146104,delivered,2017-05-29 17:18:42,2017-05-29 17:30:19,2017-06-01 09:13:40,2017-06-06 18:34:40,2017-06-21,5dd47007bddc275f352f051068c5e4e3,2017-05-29
af0d093d4fc8b3cba32896affde05812,edf79f26de20af3499b50c3f1375bedf,delivered,2018-03-02 13:55:13,2018-03-03 03:20:28,2018-03-07 18:43:49,2018-03-08 19:45:27,2018-03-14,83204b6332128225f205aec5935261d2,2018-03-02
03181fddac1b424c893821ec539b2abf,2e3c87a1fe28dc56e695f7584818c62b,delivered,2018-05-05 16:35:57,2018-05-05 16:53:39,2018-05-07 11:37:00,2018-05-08 16:08:40,2018-05-18,bfb7efceb9d7151266cdbaee986d2296,2018-05-05
80700def3189230fc60069139112527d,f81abf40350b6bbb272cb1e6d923f8a7,delivered,2018-04-01 11:49:03,2018-04-02 17:35:15,2018-04-03 22:12:43,2018-04-23 21:55:31,2018-04-20,81a212634344b4d455cce18ddc731d4e,2018-04-01
807f4ef550f104708e2190eca7e4c37a,993f60535be5935dba6ea0fd2e71c092,delivered,2017-02-17 15:00:56,2017-02-17 15:10:15,2017-02-23 12:43:17,2017-03-08 10:49:11,2017-03-30,3146229460ce28f41121b47929b046b0,2017-02-17
9d23b28df59d72b40012a277ffd9a80a,32a3c332dcff5e891680b41ffb3be4ca,delivered,2017-11-28 10:48:25,2017-11-30 02:23:44,2017-12-06 17:15:26,2017-12-12 19:15:22,2017-12-21,dcf3e16f8c16a3ad4d4cb222f7cb41c0,2017-11-28
4722c098a33ec33f73433dd2c8539858,6311210076969b89d82ee9663c88f66b,delivered,2018-08-13 19:22:29,2018-08-13 19:30:22,2018-08-15 11:45:00,2018-08-20 17:38:41,2018-09-13,96ff0ab5cbec1a9209e8ed0eb64ea544,2018-08-13
4a3810dd72f7bd6972e0c9eda2923446,3e8e33bfa78a664ec40e64170355b0e6,delivered,2017-10-23 13:24:29,2017-10-24 06:33:58,2017-10-25 20:16:13,2017-10-30 21:34:20,2017-11-09,51b2e46b42b3e5e8053a653181ba1d87,2017-10-23
4c96e6cd1329471164e71b76d8ac0619,7769eebb90b7a387fbf8087dd60024d4,delivered,2018-03-27 22:19:36,2018-03-27 22:30:10,2018-04-02 22:26:39,2018-04-06 17:12:46,2018-04-13,af05dd1db4c070b2c2a3532ee0ae89bd,2018-03-27
4cb0286c9f5805ddd172e00cef67ecc3,e3d025dfd872e46859d611e7a73f6c2d,delivered,2018-06-17 20:18:47,2018-06-17 20:33:54,2018-06-18 15:10:00,2018-06-20 19:08:22,2018-06-29,b855f7dba22eda6194da91c68e5ead90,2018-06-17
b196564f2fd79a80ab1b31dd8ba4e4fb,960ffb45acd270534e88387352742459,delivered,2018-06-06 21:11:57,2018-06-06 21:32:06,2018-06-08 14:13:00,2018-06-18 21:33:33,2018-07-17,24072811917876a84c81166f96aed0c1,2018-06-06
6537332794df2373bdf9142f7e6c33bd,85546bbf5243e477ca238fa6d21cff49,delivered,2017-05-17 13:57:00,2017-05-17 14:10:11,2017-05-22 10:36:02,2017-05-29 14:39:49,2017-06-08,1749db9f95e81a2f53bad2ea9e405b6b,2017-05-17
c3ede21d18f8a162209aa5c1eecb0385,9ae373da25d193f8f853a8eebbe2ea96,delivered,2017-08-17 07:40:30,2017-08-18 02:25:45,2017-08-21 20:56:00,2017-08-29 19:42:19,2017-09-11,327a01a6885ecfda06a3d5c50fb515c3,2017-08-17
83fe87eb0a04cc2e1e9c68129e40f62e,481a717eec3e7827248545fc6f0f7164,delivered,2018-05-21 18:04:00,2018-05-21 18:53:40,2018-05-22 12:23:00,2018-06-05 21:37:25,2018-06-14,34c1815b0bae9308ce4bdbc3cf50e3f0,2018-05-21
ee6a209ee9b43643f6910b4077ab5e3d,edf9b6ec2c47047c704a06a32396ed5f,delivered,2018-07-31 01:15:48,2018-08-02 05:30:49,2018-08-02 15:30:00,2018-08-03 20:54:27,2018-08-07,cd528c9cc9a6cd5fa3ec8e1091794270,2018-07-31
2b4f5c83b6126ea43058d397a83fd0a7,15ead9097aacfef828d8b05022d3e245,delivered,2017-08-25 16:28:51,2017-08-25 16:44:54,2017-08-29 11:10:31,2017-08-31 19:21:50,2017-09-19,f110e877b3695aeadaa602a2b8d8a6c5,2017-08-25
7c0659561e8e95e839b8a4f9f4b6fab9,a08d823689fb2cf5ac00c9f9dbb7fd36,canceled,2018-05-19 23:33:33,2018-05-20 00:53:10,,,2018-06-04,5edd5c0bb0447456895f9bfe90275616,2018-05-19
d1f24b02567e4b8b8cbfb799021ecb3d,5cc5d672606be228e4f10cb6cf3aaaf9,delivered,2018-06-14 20:36:11,2018-06-14 20:56:24,2018-06-15 13:33:00,2018-06-20 20:58:46,2018-07-05,3d58c3e6c1f21786fbe8e641f355792a,2018-06-14
993d5d78bd251d2ad7d2607110a04bbe,7bcb97218373e2350ffcedd3dbb879e1,delivered,2018-08-27 21:04:17,2018-08-27 21:40:06,2018-08-28 15:00:00,2018-08-31 00:56:31,2018-09-24,3ff4c32e851bed66b14cdc46ab01cfab,2018-08-27
073180167c8aee312e8be08892989244,3e0e46689729c9a45b4677912c7e6f8c,delivered,2018-05-01 10:48:46,2018-05-03 04:12:55,2018-05-03 15:02:00,2018-05-04 23:42:51,2018-05-15,c3ce0b0db12a858a11240ee907987299,2018-05-01
c02bfa5d4662c34b2947b2ff59d25438,300c627c9c794759bfa644e54b29daff,delivered,2018-02-05 20:16:30,2018-02-05 20:29:50,2018-02-06 16:18:05,2018-02-15 19:04:12,2018-03-12,5a4b4cc7bcccb91c0eba9112d7c4c8bd,2018-02-05
93fe52f922933e89732474d91f6ac25f,e64e95ef0428cee8aa32ff7944e2a5c0,delivered,2018-08-17 15:49:23,2018-08-17 16:09:42,2018-08-20 15:32:00,2018-08-22 21:40:58,2018-08-23,1dd189ae626c773c96b30ddcc49a9cbd,2018-08-17
350fcc9d4ae2e108916f12c7ca8ca8e3,8c5a52cc14b87a0f057812298d656956,delivered,2017-08-02 15:18:38,2017-08-02 15:30:17,2017-08-03 18:03:40,2017-08-08 19:36:48,2017-08-22,fa85ae3dc73255346ac079efddf056da,2017-08-02
9f0d8cab56c7772c7be07de105068d40,5d4102f3084e6bf0e67d903ad04e073e,delivered,2018-04-08 20:40:30,2018-04-08 20:50:18,2018-04-10 22:04:23,2018-04-13 14:47:31,2018-05-02,1a6cc7b7b8dde0f4abeb04b2d31dccc6,2018-04-08
34763d94ee16ecffb979852f4ee83571,eadc11a901ffc9d8b616ac86cf86e666,delivered,2017-07-16 18:52:09,2017-07-16 19:03:22,2017-07-18 15:37:25,2017-07-21 19:05:21,2017-08-08,9b42b36166bfd019e01d36a38ca05073,2017-07-16
0dbfe0ba49bde79404577f3b85d0058e,b8f26e9e2db5ca6ecf0223a40994e02b,delivered,2017-11-29 18:09:50,2017-11-29 18:17:25,2017-12-04 21:15:15,2017-12-14 17:28:41,2017-12-20,2369cc934990a1abc5b18b5ccf8da1ba,2017-11-29
5db63df16698f20500f49faaee15c3d0,a8c0816a11a05bb71a5676d8ef985931,delivered,2018-03-01 09:33:13,2018-03-01 09:56:08,2018-03-09 23:36:56,2018-04-04 22:46:23,2018-03-21,38ce23c6238a2f9541efbd285c90320f,2018-03-01
719c10497f396e92d2343b6a1c70240a,a8e7268c819adc0ca29a66951585dfb3,delivered,2018-03-06 14:37:41,2018-03-06 14:55:44,2018-03-09 22:12:18,2018-03-26 22:08:55,2018-03-22,a7b1e58535a0bd6602c2e4fb1ba3bce8,2018-03-06
00418a49a685c6bb60633291c3fab17a,7d9edced80af5c9503cbf88a9e5f2a3e,delivered,2017-10-03 20:43:03,2017-10-03 20:50:45,2017-10-04 19:51:26,2017-10-05 19:53:19,2017-10-19,3b776563843bf7cb5adb4e65296aefae,2017-10-03
dca3acd527fb4ffbf49a0a733a6bf95a,7560faa92e744007c969d655e8d25f1f,delivered,2017-12-13 17:43:12,2017-12-13 17:52:06,2017-12-14 16:19:09,2017-12-18 19:48:42,2018-01-08,f13c04de2167ccb85daeb3a9a1a446f7,2017-12-13
e49d2358f7bb8587895c7cb6cd635396,4f219dce05e4878040dbfaa3308573d1,delivered,2018-02-24 02:03:17,2018-02-25 02:49:36,2018-02-26 23:38:06,2018-04-06 20:47:37,2018-04-13,9395d10b9b9d314c4e55d858a6d525c5,2018-02-24
c4d7d5a8e5e6c168142085d231c65b79,64a7d42cdb49cee6490de85c12d56403,delivered,2017-12-06 13:56:13,2017-12-06 14:12:30,2017-12-07 00:22:16,2017-12-07 22:10:47,2017-12-26,f085d32f56ff8cd1c24ea9eb43ec9edc,2017-12-06
86661cdf65d5e08c3dc14b073c101d68,1e7b6cc033a72b59bd69c4a3f3a382c3,delivered,2018-02-24 10:35:46,2018-02-27 03:31:09,2018-02-27 19:58:39,2018-03-01 22:09:19,2018-03-12,b3a6549b3cd47a7117094faafce8b10d,2018-02-24
4e2d28262ad5baef8cc21e74985535ac,d0cab04120e4255b35c2fa48d9053417,delivered,2017-10-12 22:46:06,2017-10-12 22:56:19,2017-10-17 17:13:03,2017-10-18 12:35:27,2017-10-25,656bac8e5b617881409558d47815ed16,2017-10-12
63099b1ba1729612750a8903f7be76d5,e4b86d8c2509d8f1ea7f18bfbe306434,delivered,2018-02-16 12:21:45,2018-02-16 12:30:37,2018-02-20 20:42:04,2018-03-06 01:15:44,2018-03-13,4fcf7b9d6a54ded837b9a0ff601bf7ef,2018-02-16
a21cbc9ba19b32c0588bb69aafab51cd,2a8f9bc4a24da0b0ef3c44bc3a1a1282,delivered,2017-06-28 15:09:19,2017-06-29 02:50:35,2017-06-30 16:08:21,2017-07-07 14:21:20,2017-07-24,516b27bd4e87b829078bc0b19c01fe2d,2017-06-28
5fa643060454c5e14a75113a3800b787,55b570c71025b39fde0bf79e585f1db8,delivered,2018-08-13 14:35:48,2018-08-13 14:50:16,2018-08-17 06:26:00,2018-08-20 22:41:11,2018-08-28,510d2ad55ab5c0d2667afd44c5cfa9c4,2018-08-13
dc9ddda756c34ae2c531557ed178d169,bd4705e051aec9a9620287a6333d7c56,delivered,2018-01-24 19:25:13,2018-01-24 19:57:26,2018-01-26 14:59:41,2018-02-09 22:26:33,2018-02-20,59a941b1600d4a5a916812a3ed762cfa,2018-01-24
c8b4b3301b8839f14ea92722cd395e72,e0482746fd8fff8f20c3bc4061c8f442,delivered,2017-07-18 15:54:13,2017-07-19 15:55:17,2017-07-20 15:17:41,2017-08-04 17:16:54,2017-08-09,9a9da76d4cbb0ca89e7be29dd765a2dd,2017-07-18
aaeb62cc323c2669aa1d7f2b7bf0b02a,3db711ac66ba00be2f293cd00b4aa02a,delivered,2018-01-31 10:05:00,2018-02-01 02:52:43,2018-02-06 01:27:29,2018-02-14 19:17:27,2018-02-26,6cbe9b841fe5cb3208a8f240f82e21ae,2018-01-31
60f62691c52a18ebeccd7cb2539d6c63,67a37fb3a64e54057411563e843c21e7,delivered,2017-11-08 19:34:10,2017-11-08 19:47:12,2017-11-10 10:21:56,2017-11-22 01:07:27,2017-12-01,8ecc65bf549b6c7ef0ca02f4e115c419,2017-11-08
d35f8dc1aab5eb262bfb16db16fccfa5,f2f2f0361ab41bee2dfc69c87ed5adea,delivered,2018-08-21 17:40:41,2018-08-21 17:55:16,2018-08-22 13:16:00,2018-08-29 17:38:03,2018-09-19,eb64903e7882585514a7d51e9f4c5ab0,2018-08-21
ad59de87aa8d9fcbf5e923d9f5d10801,9500e026c2321911589ba8264ad6be84,delivered,2018-03-08 16:15:18,2018-03-08 16:54:51,2018-03-14 00:28:27,2018-03-20 18:05:18,2018-03-27,134ff91099b04971aea10c602dc40e8c,2018-03-08
15d972c5dd4501e8d219acbe1bea1519,85bafe3d80825d6b170ca29b0f0a41bb,delivered,2017-07-16 20:59:06,2017-07-18 06:05:36,2017-07-19 20:07:58,2017-08-10 17:52:24,2017-08-16,5f3b967e209c49a714e3b9c83d0c4f15,2017-07-16
c647254c19cb14894d4cf37d3d8e450b,8ef7d02f2a0e0ec0c19e78519b01d689,delivered,2018-08-21 20:32:25,2018-08-21 20:44:13,2018-08-22 19:28:00,2018-08-23 15:07:35,2018-08-27,c9f9c202fad4743c180a0c0f6a5446c5,2018-08-21
8b8e2225e5e318a19d2d7a375b56350d,7104377ff862cd25542730eed8873d67,delivered,2018-06-11 14:08:43,2018-06-11 16:31:31,2018-06-12 12:54:00,2018-06-23 15:05:40,2018-07-13,bf2c35539497c392f320df26a91a2bd6,2018-06-11
1237476520c90c304e2603af9629d0e3,f709f9c4d1070929d5b41c2990fda9fc,delivered,2018-07-03 11:39:39,2018-07-05 16:41:03,2018-07-05 14:15:00,2018-07-12 19:45:37,2018-07-30,1c5752d69b5a60e652b57fb87315e7c5,2018-07-03
20f96d395d08faf685dfd963c91f0563,379b3766c44cc3a8b2dd64273f7d52a8,delivered,2018-05-10 10:22:32,2018-05-10 10:35:19,2018-05-11 08:13:00,2018-06-11 18:08:38,2018-05-30,33474d59974d4a1789fabfb2ed42a6dc,2018-05-10
7ede7940d99eca2cca79e5120a63f3f3,03e1bb403bc199280f2d3338138c1e4a,delivered,2017-12-27 23:46:46,2017-12-28 23:38:20,2018-01-04 23:23:37,2018-01-19 01:04:19,2018-01-22,8072f84e99d0b4222e3af8eaae114331,2017-12-27
f4788173ecaa859073b6d2c4a35da40f,ed7c59a481afb7a4c4b75530ca7ccc49,delivered,2018-07-18 05:44:52,2018-07-18 05:55:08,2018-07-18 09:34:00,2018-07-26 18:22:43,2018-08-06,df73a3a65b01acd104e8b1cee14923c9,2018-07-18
974576701298a1dbca6b9f4845b7b85e,0fa7dc75caa1c0ab6e5370197d54d7fc,delivered,2017-11-29 21:25:02,2017-11-29 21:36:28,2017-12-04 14:33:41,2017-12-08 16:46:52,2017-12-28,fbe49892ed2dede08af3893415b21eea,2017-11-29
c04bad4eeff4c1cec55dffc72e2d3a85,b75e2045a8e8d24563db59cbe620e8fb,delivered,2018-03-22 07:12:09,2018-03-22 15:35:24,2018-03-23 18:38:29,2018-04-10 19:51:39,2018-04-13,7b8bcdfaf83578e4f23673725df7f3ed,2018-03-22
255cc1a34da986dba8ba04bc67dc4d03,7a85a823eed61d724a4682d535d7342f,delivered,2018-01-05 20:50:04,2018-01-05 21:09:15,2018-01-08 23:19:01,2018-01-25 17:27:07,2018-02-08,5f506529aa7a96a70d1ae4514757490e,2018-01-05
c4d0c6ca4f6e5d0449129c84e9bdb9c3,be7539a389676f3996466d36b46f3406,delivered,2017-02-22 10:49:34,2017-02-24 02:45:16,2017-02-24 07:55:15,2017-03-08 06:04:56,2017-03-23,de035f6c3d554a0e1c75ffb02783ed5c,2017-02-22
ddd05f07be2e7c5c7f191e06bb0fbc70,1682e6d70d9bc4c652158a101c758aec,delivered,2018-07-03 23:18:04,2018-07-05 16:32:51,2018-07-04 11:09:00,2018-07-09 16:57:33,2018-07-24,575331ad90c5c1074afdec8363cfa591,2018-07-03
01699d74ff89d35f15093f83d7783c39,5c52e49d63df1645b3e2340ea8c29a9a,delivered,2018-04-18 16:37:26,2018-04-18 16:55:40,2018-04-23 18:00:13,2018-05-05 15:02:39,2018-05-11,fa8e440a537cc22d1138a0f10abea51a,2018-04-18
f257772187b4e1bcb05ef74b3420ebfe,431c7b4412d3a64acfb653fb8259a50b,delivered,2018-06-01 16:43:59,2018-06-01 16:55:42,2018-06-04 12:18:00,2018-06-07 18:33:28,2018-07-23,7d2e6667d164305adb9828f400952434,2018-06-01
e4f929a2bd281bee714090bdca460bbd,4d9add304fabba91f789540b260b8190,delivered,2018-07-16 09:51:52,2018-07-16 10:04:26,2018-07-17 14:20:00,2018-07-20 20:06:50,2018-08-06,f68bdc0a50d8fbe96e0144beff4bcc0e,2018-07-16
b0b54e4c452d66681d67e588398ecf7c,efa32e2c1c2454217b3c5c9b09f648cc,delivered,2018-01-09 13:21:39,2018-01-09 13:32:50,2018-01-10 19:51:58,2018-01-16 22:28:37,2018-01-31,3d93772915efa454a89bf52047b0b285,2018-01-09
cd9bea4c03a88b613f6a55a9526d4eed,322d57537c7a8b542895c84ab75181d0,delivered,2017-06-26 11:54:35,2017-06-26 12:05:44,2017-06-30 09:47:42,2017-07-11 18:56:43,2017-07-18,1ff0f9167f4b75314184ec6e260e57da,2017-06-26
62a906256e72774922d85060d98c8a5d,152c3b58a0814b31735a08a7b159963c,delivered,2018-05-09 17:16:17,2018-05-09 17:36:20,2018-05-11 14:23:00,2018-05-19 11:22:28,2018-06-04,87690f1a213ef62ad0d6dd9f210c1e29,2018-05-09
88fcb8d7dc0b10a8579590c36f370066,300d32359978b9dc15b9f3b3e469536d,delivered,2017-09-21 20:05:02,2017-09-21 20:24:50,2017-09-26 16:41:52,2017-10-04 20:47:53,2017-10-18,04a710ba27c70647fb2a4ffc6fe48e43,2017-09-21
e4380a38a218569eb949095e934047fd,e6e0618de2bf52a7ee1cad143de4046a,delivered,2017-11-08 14:04:19,2017-11-08 14:16:12,2017-11-09 12:42:06,2017-11-18 14:14:48,2017-12-01,4a782d1a71c00543f1a63a5373a956f1,2017-11-08
969696843b872efb905ae72481ba5321,98401f7cda0c3a9fa7badd514f5ffb65,delivered,2017-06-30 01:20:19,2017-07-01 04:55:21,2017-07-04 15:45:14,2017-07-12 16:59:51,2017-07-20,4cf228798ddba10c1e5e31bf018eaac1,2017-06-30
48be44989e4853d877c2ac366b99a008,e6c4709cecb11779b1172221512cb8d8,delivered,2017-08-11 16:18:30,2017-08-14 15:55:09,2017-08-14 22:23:30,2017-08-17 21:57:30,2017-08-31,7e8e9e4472228c27e5743df7fc6dce05,2017-08-11
2f1d5b7529ef8603fe34724e65a9f03e,4b58a44a25cb035cb195b50c40342172,delivered,2018-03-11 11:01:36,2018-03-13 04:15:50,2018-03-27 20:03:47,2018-03-28 21:42:38,2018-04-20,275f6350f78c24ddabb404ab4866ec44,2018-03-11
a2c188c4797a746ba81a77bd44c07aae,a32113d5ae0d8889966b8fdc44d37fd5,delivered,2018-01-17 12:27:16,2018-01-17 12:39:21,2018-01-19 18:58:43,2018-01-30 21:43:50,2018-02-19,4daa5312471ccfde5b8b01b7ce2bac1d,2018-01-17
14f7bafd9b5d355e835602d9026e56e3,3b48ed68b4b102be66c2ad261f525d20,delivered,2018-04-17 22:13:54,2018-04-17 22:32:10,2018-04-18 23:26:21,2018-04-28 20:47:55,2018-05-14,9fd6f7d582f3748298ea0be237b3628f,2018-04-17
5cc89a73dc3d040007a3d19cca344432,c48d6023c63a0bb2b363cc2c849a70e4,delivered,2018-05-08 09:02:53,2018-05-09 04:14:27,2018-05-09 09:15:00,2018-05-17 13:42:33,2018-05-28,ac20c1e1931e2997f61273ed9bdc337b,2018-05-08
78567659a8ac9a5615f4dd5b70fd3ed0,1a71e04ad8b32b420041b61ed45894cd,delivered,2018-07-15 12:51:04,2018-07-15 13:04:32,2018-07-17 13:52:00,2018-07-20 22:58:43,2018-08-02,7bef4a9ca5f6e11c24a94b7f816cc4a4,2018-07-15
34c718970b33419ed6d537a90366231b,ac68706c6f747bf0f7e7986a7ba40155,delivered,2016-10-05 08:41:18,2016-10-06 15:44:00,2016-10-24 16:33:49,2016-10-31 21:41:26,2016-11-29,e8798977c2a62ecf8f2b17fba406097f,2016-10-05
b1bbf1459cd5cbb3c23aad7656250ced,77e0e2987754751f359ba128d6cfa606,delivered,2017-10-01 12:14:31,2017-10-03 09:28:19,2017-10-04 18:41:25,2017-10-30 18:35:14,2017-11-14,c18c7db1e430080eb67cece06f62177d,2017-10-01
a01a17ebb12ed7e8b1b4a02b79ad650f,87e05000de634ae8a72aaf477eb5e5a1,delivered,2017-11-28 12:46:41,2017-11-28 12:55:51,2017-12-04 18:35:20,2017-12-06 16:03:30,2017-12-12,78fb70b5aa609b4b55c6ef3d0cb51faf,2017-11-28
6a1be8e0b55146f9e678f8df8b44c7cd,85658e819287d22376f98a5318d4fdef,delivered,2017-06-06 20:22:53,2017-06-07 02:35:23,2017-06-08 09:55:42,2017-06-16 16:59:24,2017-07-03,f2d7c87edefec9abe5abc8a9eb8983f8,2017-06-06
1eebc0c973e9abb0501e146fcc74b081,fb01cf3e5d102b65a1039db1459a171d,delivered,2018-06-15 13:14:44,2018-06-15 13:44:18,2018-06-15 14:14:00,2018-06-22 23:38:27,2018-07-13,0a7f97016d375283d444d315659da3f7,2018-06-15
228b82b829438b71d9b164c1a8cea481,76baf8b184e3b12b7d7af01dbcb7476a,invoiced,2018-05-16 12:59:07,2018-05-17 03:16:19,,,2018-06-06,9bfe5651317ee6833d34fe22a0072061,2018-05-16
dade660d65ac835c39909f69a15baeab,cac54b823d33ccedf1c3d552de1d41a5,delivered,2018-06-12 15:31:38,2018-06-14 04:15:10,2018-06-14 15:40:00,2018-06-19 14:05:32,2018-07-04,43f1ef82a86d65c35847a84108f85483,2018-06-12
971edb451cad61fd96ae029b1248938e,e0780c98af0a0a14146af14ff63f039e,delivered,2017-10-18 02:11:10,2017-10-18 03:04:00,2017-10-23 16:18:52,2017-11-03 20:00:30,2017-11-08,4ced1b9f8668a9792e5484da6d97b229,2017-10-18
a00687a01571352d823a005e4f3f457e,ab62508ada9024382f392f57310f8791,delivered,2018-07-28 14:37:35,2018-07-29 14:30:14,2018-07-30 14:14:00,2018-08-10 20:48:45,2018-08-21,d6bcd5bcbe3b0adb32230db8e08488f4,2018-07-28
499e067351812a60f3f5019575ec71d2,4dda11a4f999ace6297045128bd68a66,delivered,2018-01-02 17:04:40,2018-01-04 05:16:45,2018-01-04 17:29:42,2018-01-11 09:45:27,2018-01-24,453bd4915f2dad2de327f598199c8425,2018-01-02
e97b6c48831b0c7d2bdfe4ea2f18108f,e4ec9c6a947f3b53c7f98d16ae79f6a9,delivered,2017-06-24 00:11:20,2017-06-24 00:24:08,2017-06-26 14:09:33,2017-07-03 16:27:51,2017-07-18,f81f64d373c8aa561b5982db58147ff7,2017-06-24
f9556cd22578140995b4179fffee7c4a,260e209f14f2838911c24a44769dd980,delivered,2018-03-28 11:15:26,2018-03-28 11:30:22,2018-03-29 19:28:33,2018-04-16 22:12:19,2018-04-18,a49bfb5ae2548e0ecb4447a58d2421d8,2018-03-28
d7526e916ca14cb288f2c8ec14a6f546,f8bd74b797d44f6df5e6cbd4a881b02f,delivered,2018-05-21 08:52:08,2018-05-21 09:10:38,2018-05-21 16:15:00,2018-06-06 20:04:35,2018-06-08,33169d9d412d3a3298190483cbd3fb06,2018-05-21
ba41c48ea14a8b704c1645f32aedefa8,c6dafa651522bb3afcb52a2b558f3236,delivered,2017-10-31 13:15:31,2017-10-31 13:36:05,2017-11-01 22:27:31,2017-11-17 20:05:08,2017-11-28,740075865af950b7f052f3cd7303241c,2017-10-31
63e700a4baf3602c94a8d6648e896d41,4c8f87ae1692e8e9cb90458557bcf4cb,delivered,2017-09-30 21:44:30,2017-10-02 10:07:20,2017-10-03 19:08:48,2017-10-13 17:42:12,2017-10-30,99f125422e3e42df876a689e8e217798,2017-09-30
53051fdaeb4854f9cbde7f3bec024317,9ca67844dc427409325839776e39a273,delivered,2018-04-24 00:57:25,2018-04-25 00:55:26,2018-04-26 09:30:00,2018-05-03 17:54:31,2018-05-21,03ef5112b45dc8833a3bb89eb748461c,2018-04-24
6afedf08c0521723900128e180319db0,bbeb9a9216de3ae93d15fda78e903501,delivered,2018-01-08 19:22:48,2018-01-08 19:30:32,2018-01-09 17:48:33,2018-01-23 22:10:05,2018-02-05,23cd2fcf316e2f6bbebef0e2d6a43ff7,2018-01-08
809366b3993149432934a82e6e5b71d9,6910071bfaee0f9191dde48e7b3fdadd,delivered,2018-01-18 13:49:05,2018-01-18 14:15:06,2018-01-19 18:29:22,2018-02-07 22:12:09,2018-02-15,a7ef7f9f55eaa90c2336a637ed2a561c,2018-01-18
38dcf9bd2b8951b1407c82f1d70a8f7f,ba84f5aea90fa9fb6db4fdb90cee0692,delivered,2018-08-05 17:42:51,2018-08-05 17:50:20,2018-08-09 14:12:00,2018-08-15 18:19:30,2018-08-28,18aefa83b07d1a2361169dfc50da053d,2018-08-05
95d6357ffe41aa6d2998852a710c70a0,82dadd35c959838f756d2e8f3ef3f330,delivered,2018-06-06 18:49:33,2018-06-06 19:15:14,2018-06-07 13:04:00,2018-06-22 15:05:01,2018-07-12,4cc404683f7f35ce6225e49938439259,2018-06-06
9c8168f2783f0165c272ee971a47e916,aa7a0ff82aeeeeec79a4e7431f28d6ca,delivered,2018-03-04 14:28:17,2018-03-06 03:51:31,2018-03-06 23:41:58,2018-03-29 22:04:23,2018-04-06,133f82573448e50b2298b4c6de9e76d1,2018-03-04
27cc371fc21005cb23584884e8364a35,931847b1d6804bdcdd755a02e26ae9c1,delivered,2017-05-01 23:12:01,2017-05-01 23:30:09,2017-05-12 17:19:43,2017-05-18 11:09:59,2017-05-23,eb27f2b5427f8233f1122df779c23549,2017-05-01
2894a7132c45ea461bc47c5a3bb1c6e0,55eefcb372927b18fcc3673b54de5311,delivered,2017-03-15 19:42:03,2017-03-15 19:42:03,2017-03-17 11:32:44,2017-03-31 08:53:37,2017-04-05,075fc46f02fef5d79276ae2dc06afa61,2017-03-15
21af06c81b813d390e6f5df558fdbc3c,392b4f32e211df4eff756c32762a95f0,delivered,2018-08-03 13:54:39,2018-08-03 14:05:13,2018-08-03 15:10:00,2018-08-10 21:42:29,2018-08-13,0e381ce773b382849206115413009851,2018-08-03
f3cd1b70420f1d1a3cbac5acce1a5b3d,40ecc0e92e7e5750464c024978d8650b,delivered,2018-02-03 13:14:01,2018-02-03 13:30:33,2018-02-07 14:53:18,2018-02-08 21:07:57,2018-02-21,0a2896e1e9e4e3827592646f486df2a9,2018-02-03
51c6d2f460589fa7b65f2da51e860206,1ed0c832c2dd99570a59260e71768bdf,delivered,2017-11-14 12:04:09,2017-11-14 12:15:25,2017-11-27 20:44:47,2017-12-19 19:37:33,2017-12-12,82d46759af0369aad49084bacf85a6c3,2017-11-14
61a61f269ab4229725a40cba01e8b65c,10a1c1849bdaf9e98abf78bdc22894f6,delivered,2017-11-23 16:15:20,2017-11-25 05:49:48,2017-11-27 18:22:43,2017-11-29 11:18:40,2017-12-07,9149b9d31ac43b208255fe4250d6a932,2017-11-23
02e6bcccce2e88560389846400e74e50,eac6d0d3278c2f92a5bb372ed20c83d6,delivered,2017-10-18 20:00:55,2017-10-18 20:26:09,2017-10-19 19:25:06,2017-11-07 17:58:45,2017-11-23,9a581e2dded8ef3ab5916d76766903f8,2017-10-18
92a1a84ebae5713509b7ccdef77a89cf,63368406d4bb7f9491be5a5e98a06647,delivered,2018-04-20 20:43:25,2018-04-24 19:06:49,2018-04-24 17:04:25,2018-04-25 17:41:13,2018-05-08,6a8963d8ce3b3395c72a0f66c0d90233,2018-04-20
128db96d96f727da26afde4579e68d48,3e427aba8dacfeb381377ca002f96282,delivered,2017-07-10 16:42:01,2017-07-10 16:55:16,2017-07-11 19:53:30,2017-07-19 17:38:43,2017-08-01,7f9a82af65e8568d377ea5046f53a8da,2017-07-10
8ad14ad7dd26465b377d99c9e26eb76f,ef9c9cc784a7c676cec3f5abfd83982d,delivered,2017-11-25 14:04:11,2017-11-25 14:17:44,2018-01-04 22:24:28,2018-01-13 16:51:41,2017-12-20,73daba56d88fe2ed55fd098a179646d0,2017-11-25
c802ca542cd239a800f378b2059e87f9,07afc68e24c308212aef88a983497e09,delivered,2018-08-22 11:04:45,2018-08-23 02:45:24,2018-08-25 09:00:00,2018-08-31 01:37:31,2018-09-04,3bd36679c791dd432c81d931b3a86d32,2018-08-22
913ad8619a18dac3ea5b944b82d289a1,f795c720615c514b5a76aba21942dfce,delivered,2018-02-15 20:07:54,2018-02-15 20:26:16,2018-02-28 18:27:05,2018-03-19 16:12:04,2018-03-20,91b84cfa375abace0f176e51d9ae8d40,2018-02-15
73564d7094858b6a2ae6a2623e78d2a8,76b41d10f61d519b8585b4e873e8a854,delivered,2018-01-07 16:53:39,2018-01-08 19:48:16,2018-01-09 14:08:20,2018-01-22 21:36:59,2018-02-14,8f5d64f79988fcd1713f57eddd6d975e,2018-01-07
30d4bd6e4be06a901edf9f3cd4778e24,fba1b58765ef7e1cb7711125ff6e20ca,delivered,2018-02-19 09:09:02,2018-02-19 09:27:00,2018-02-19 21:33:33,2018-02-27 00:17:59,2018-03-09,609094428132c6fdc75ab1c7e0f36b94,2018-02-19
e156c06e2ceacafe7263782d2115fca8,2cdd14266e171616685c2a2deaaa76f3,delivered,2018-05-28 00:07:28,2018-05-28 00:29:32,2018-05-28 13:19:00,2018-06-02 19:34:43,2018-06-28,5638377605c343e76d9aaf6d406d429c,2018-05-28
d3a49d9f4c7efe1107f8a4a8c140af05,203751359bf8dcaad88fffeb9cb61877,delivered,2017-07-18 17:03:34,2017-07-19 03:50:19,2017-07-20 15:27:40,2017-07-21 21:27:49,2017-08-01,f516e20afed46b6dccb72646a553d5f0,2017-07-18
e53874a6abcec503e0fd5d85948f36c9,774c33a9668cf225c839c2521b843425,delivered,2017-12-28 22:34:34,2017-12-28 22:47:19,2018-01-02 19:07:18,2018-01-15 18:34:47,2018-02-05,599f81972e2b3db776c9bf3691e2c61b,2017-12-28
3255bbc82834f5babe538cf6d868e831,f912814f2194d94eb7812af045c5bfba,delivered,2018-08-10 07:46:38,2018-08-10 08:04:44,2018-08-10 12:40:00,2018-08-20 22:48:44,2018-09-05,ed1afe47bea70352b2a97c8ca173557e,2018-08-10
4151292eea8dc7551c93d61feb56c44b,f97368d4f021622934475f8d2fc35bbf,delivered,2017-09-26 21:20:48,2017-09-26 21:35:10,2017-10-17 16:48:05,2017-11-07 19:02:25,2017-10-23,39d5ee3e530bf56980d574eaf3d78729,2017-09-26
e1982b65e4c5e692721a35e5442f9f83,1b940006ce5bffb84d9e2396905ff541,delivered,2017-06-30 15:40:31,2017-07-01 12:25:13,2017-07-05 18:28:14,2017-07-20 12:25:02,2017-07-24,f348a0545f7df2b9b61b11b30d9912f0,2017-06-30
7018b49455a47164272f9272d400f363,ae4cbb01258ebf9955257b9a87e38ba0,delivered,2018-01-17 18:36:41,2018-01-17 18:51:13,2018-01-18 18:56:51,2018-01-29 14:08:08,2018-02-16,ad292b4b58bfdb199f875880cfc0027a,2018-01-17
50f39d306a35f31046305de54b1527ec,c51b1c9fa6b8be3870d14de83d563ec9,delivered,2018-04-09 11:11:28,2018-04-10 03:55:28,2018-04-10 19:58:45,2018-04-16 19:30:54,2018-04-25,d9ff5ffe0e9e976de8b3b98a0306e5e3,2018-04-09
936b4373e24da12fc2004771e195d067,3380512361877970c0258c1dd577709e,delivered,2018-04-01 20:47:51,2018-04-02 07:48:24,2018-04-03 19:23:32,2018-04-04 20:39:19,2018-04-16,fef9f73a8d678a845b1778cd231b987f,2018-04-01
826fc3782b3bbdfea8c82e11ff16fb9e,7c1604937b4870cb589b5fe2949deb1b,delivered,2018-02-21 15:46:01,2018-02-22 15:50:26,2018-02-26 22:37:10,2018-02-27 21:58:46,2018-03-07,49436a1a48001ee5d90199ab1a4e6908,2018-02-21
055e6f9e14ac5805a9bcb99a480daeb1,870bfea80f26efc288cc9c31b522c5ca,delivered,2017-12-25 12:59:40,2017-12-25 13:11:29,2017-12-27 21:15:03,2018-01-04 16:29:19,2018-01-22,7fe7f4e2d57d156e3f5e291676efd9ff,2017-12-25
6704cecb75359214b2a2c7ddb894b89e,7026b1065ad9ce30d69271c8654a5a29,delivered,2017-07-24 17:32:40,2017-07-24 17:45:11,2017-07-27 17:56:30,2017-08-01 17:17:34,2017-08-17,aadf83824486feb65633560b646dd7de,2017-07-24
a5bb45ed4fdd4becba2dd4f863580dbb,8621f4013557cdc559fe3644b5bc34ae,delivered,2017-10-10 14:29:43,2017-10-10 14:51:02,2017-10-11 19:42:20,2017-10-18 20:21:52,2017-10-30,1386747b1a0cd6593725eb05cc4574e3,2017-10-10
c3c89975672c8d80882dbd9b7b04efbc,96526ba241a6647dfdedf3468b07ef8d,delivered,2017-05-26 12:51:19,2017-05-26 13:04:24,2017-06-05 15:34:59,2017-06-16 14:57:56,2017-06-26,bd48d23d0e88dd61aafe80f6622a069a,2017-05-26
bcc07c3639d84c50bb1786b8bcc66116,756f09dbf94f877b9acce94031f05714,delivered,2018-04-29 22:08:54,2018-04-29 22:30:00,2018-05-03 14:33:00,2018-05-04 15:04:38,2018-05-14,addadfb4ad503430478d937b6e59fa06,2018-04-29
b1fcaac6e8a89bb18db51bcb62c4a4e6,1b60bc9ccf0b19e5b4cf1e59c76afc5f,delivered,2018-05-14 13:40:33,2018-05-16 03:55:02,2018-05-17 08:27:00,2018-06-01 11:08:39,2018-06-06,a2bba8861b692b875477c3825aad0629,2018-05-14
c3e544a509d5603803d4f6eaedcaf0b8,67ccb8621f5cb3f53b797fe9af6143c6,delivered,2017-08-07 18:36:25,2017-08-07 18:50:19,2017-08-08 14:28:54,2017-08-11 13:12:42,2017-08-29,e8d4edef117c8915ae15d8fb4bd24f41,2017-08-07
e6a1dffced3033ae0e4838aece8aabc6,4e7bafa1bcb313b042aa22868c81aa8c,delivered,2018-05-07 21:49:47,2018-05-07 22:11:25,2018-05-08 13:58:00,2018-05-11 19:12:03,2018-05-24,1ae2813baacc5e4e58e429c0b6b688c9,2018-05-07
acf93693a6780a86fb735f6743d5bcf7,f0941f0a360451bb222634e610f7ad08,delivered,2017-07-30 17:33:03,2017-07-30 17:45:12,2017-08-01 17:22:08,2017-08-07 17:27:06,2017-08-24,bed1bf534c82c5e024ff457a6c13b15f,2017-07-30
eae6b90fc5f39d2d76ea4edb84ade594,40aa5aa3e0a9d5cbcec2281f2927b576,delivered,2018-05-08 16:53:32,2018-05-08 17:12:00,2018-05-11 07:53:00,2018-05-16 19:04:28,2018-05-18,e2c59e02e343f49861fc454410cab380,2018-05-08
9a602b72c06820975aaa136e4fb793b5,f0529c2f06ee170b6dd5d0a3ddb7a55b,delivered,2018-03-18 10:49:47,2018-03-19 10:55:41,2018-03-20 16:22:31,2018-03-22 19:19:39,2018-04-13,f2976a1cdac45e0bb0bfd6699f987460,2018-03-18
a76643614c2542c0a773b03b5b61b2c0,d557ba0b467c10c23bc9542050ba64a2,delivered,2017-03-06 21:26:23,2017-03-06 21:35:17,2017-03-09 06:34:30,2017-03-20 11:11:05,2017-04-03,5300073c39537a9c24c3a2b62655ac2b,2017-03-06
b52314e04baaecb498e1446be2dcabee,cb7e2ee52c84733eedbaac0f2527fe3a,delivered,2018-03-04 17:25:30,2018-03-04 17:35:29,2018-03-07 00:12:51,2018-04-14 10:21:59,2018-03-29,99aa0e2750ea6566256aab1394d1620e,2018-03-04
1fb40b224a9509697bacc23d3e160e4c,0d993384667c2d9151c18374570d286f,delivered,2017-06-08 01:11:03,2017-06-08 01:42:54,2017-06-12 16:15:19,2017-06-19 21:29:38,2017-07-10,71fc2f8d69ca53561f99cc2eac8395ac,2017-06-08
c4406c3911b19657e6304e5c7c61a069,e984622ea4af8f2f8c35ad8eb48c7362,delivered,2018-05-25 12:04:29,2018-05-25 12:17:26,2018-05-25 15:29:00,2018-05-28 17:44:41,2018-06-13,5003b856d95d2b515917f71406c2e8fd,2018-05-25
a1dadce0e5cbb1b1205017166f6ce7ce,6090711df10612ec9df45dc0c7090f7d,delivered,2017-03-14 00:01:26,2017-03-14 00:01:26,2017-03-15 10:34:20,2017-03-21 12:35:57,2017-04-04,27ac1e144d1c5d8820ebae78802d90ab,2017-03-14
9f101be6d0a10cb40cc622691e49714c,062ef9c4ca1960871896825b2c3a1f9a,delivered,2017-08-07 11:29:34,2017-08-07 12:03:20,2017-08-10 18:42:16,2017-08-14 14:56:38,2017-09-01,b98f07c1577a24dc45f9d2d01eeff3d3,2017-08-07
8a387edc250631b1a0ec1458c4925a31,2212ba48de3178b1e25a24eee16e3c27,delivered,2017-12-17 22:17:26,2017-12-17 23:19:31,2017-12-18 21:39:03,2017-12-20 17:55:53,2018-01-11,c27b3b31889d6298101191434c42b44d,2017-12-17
0527142b56f235b4936a8573f33b020b,43d5dc5dc7a295776fab0e796b80b2ee,delivered,2017-07-18 08:49:48,2017-07-19 03:50:23,2017-07-20 15:47:47,2017-07-25 19:19:33,2017-08-09,f73e3c901fc73a2576be1f5c1b8e229e,2017-07-18
cfb163e86f6f63e7a247fd9ef32321d7,054b07849b510cb56b73b0c256fdc82b,delivered,2017-06-19 14:29:28,2017-06-21 02:30:10,2017-06-21 07:09:01,2017-06-22 18:22:10,2017-06-30,c96f3d66f29bbd3bdc317355cbdd8386,2017-06-19
1b189bfb8d1d15887dd46da224744444,8aa19bb23b807f8d6134625343c23cb5,delivered,2017-09-18 12:32:57,2017-09-19 03:30:56,2017-09-21 15:38:54,2017-10-06 21:04:37,2017-10-09,97f33c3c715c866be7eade4186a891bd,2017-09-18
c751f7b0f44fcb8bd374ef518ad5c466,1019f41d437b5b58f36191421fd791dc,delivered,2018-03-29 18:54:38,2018-03-30 23:07:55,2018-04-03 04:33:11,2018-04-13 23:55:51,2018-04-26,9a0bb0e14f6107f78c1a60697395684f,2018-03-29
81feb133966d4c93d65ba18e9b5fca54,145cba40226b02961dd54c77dbcbf17f,delivered,2018-03-30 13:33:00,2018-04-03 05:35:09,2018-04-06 20:04:44,2018-04-20 18:58:57,2018-04-24,e4b623a95fd2ff9fd141001bd80a9339,2018-03-30
3e0ff86919e2e005d7f1d59015edb415,b6e1a45abb82ce0e62d8a98787f46c59,delivered,2018-03-26 00:27:30,2018-03-26 00:48:31,2018-03-27 18:16:32,2018-03-28 19:54:50,2018-04-06,e28828c260fb933fa89ccea00c48841a,2018-03-26
5c6a84ff68eff6e372bf9529b864e4aa,32f650989ca6a9f8b3e62ae45d03a208,delivered,2017-11-27 20:25:14,2017-11-27 20:39:25,2017-11-28 22:21:17,2017-12-11 15:46:59,2017-12-19,2055df3b123028bcb3ea920d31a0db46,2017-11-27
e9ed35393653f0ebbc1d792ba5ed1447,146382aa0321176044958bb471c902a5,delivered,2018-04-13 09:15:41,2018-04-13 09:30:48,2018-04-17 22:08:38,2018-04-25 21:33:09,2018-05-02,58288306e7fc1fbe015d492f3b292385,2018-04-13
a6059b89913127046e9a0a3b88329269,59a741253766579b0d5a54f810ac96e9,delivered,2017-10-19 15:32:01,2017-10-19 15:49:18,2017-10-20 18:22:42,2017-10-23 18:42:23,2017-10-31,1b713c1a9e4a2385fb228f7e9bc5889c,2017-10-19
2ddf869490264585048a30ab50aaefaf,7ab117569d5043d293189b8893b5a12a,delivered,2018-03-07 10:07:59,2018-03-08 02:35:49,2018-03-08 19:13:29,2018-03-11 10:34:20,2018-03-23,482fff49195a972e4f27d22f8c4aae08,2018-03-07
5cca397d52ba2f962523520cc83db7ba,7f0aa96805d1c2d2002d0ac60c2ac139,delivered,2018-04-02 22:04:57,2018-04-02 22:35:50,2018-04-04 17:26:31,2018-04-12 19:08:35,2018-04-25,9e4b9c100c3b0bd37d6604be7c0e9758,2018-04-02
f29281e3ed285c8ebfb33037ccb43fb4,b2f5cec8ca4aeb7366d2865f5befd1d4,delivered,2017-11-20 17:41:46,2017-11-20 17:50:28,2017-11-21 19:39:11,2017-11-27 22:47:35,2017-12-08,74111975d83a299e90bc50df95d47069,2017-11-20
3f7b475727ce3c7198f0ca2a15c05e9d,34c21afe73cc4daec8c74993e55d97b6,delivered,2018-08-07 02:20:32,2018-08-08 02:15:13,2018-08-09 12:52:00,2018-08-16 19:27:58,2018-10-03,6a91146dfadf349c2a9b8c39b7326841,2018-08-07
c1efc16c61c46cc2eff17d0ea6202aaf,5c990f280a0c04e9d265be77a09a5be8,delivered,2017-11-14 15:27:02,2017-11-14 15:35:36,2017-11-16 17:14:42,2017-12-12 00:26:53,2017-12-12,543256e5dd0efe8fdb61cfe4f59dabe8,2017-11-14
e1a73a8183d164944b0f44e1eb39ea7d,0e412f1b10cc95f4ab840edd052b51c5,delivered,2018-04-18 08:48:01,2018-04-18 09:11:46,2018-04-23 18:46:49,2018-04-27 20:22:24,2018-05-11,69499c6c06650faebdc40c6c52baf5d9,2018-04-18
106c71d4ef1f6852e746ea021a62cdc7,7708b1fb47f21b5375ade9bb0c3fe3d6,delivered,2018-06-11 22:44:12,2018-06-13 02:59:25,2018-06-13 08:23:00,2018-06-18 21:27:37,2018-07-03,3f944ce702eb99a7c0335daa04aa336e,2018-06-11
80976102d701e5be9e98931e9113bc70,738d70ab609daf8cbba4779539682791,delivered,2018-03-07 09:07:04,2018-03-07 09:28:40,2018-03-09 18:44:18,2018-03-15 19:58:41,2018-03-23,0d16b8c6e95287135c0c5330ad5b0315,2018-03-07
92f77906d8fcaa454fff43e1882deb01,d642380f5e4eb7812449e5598a625005,delivered,2018-01-03 15:58:43,2018-01-03 16:11:29,2018-01-05 19:23:08,2018-01-23 22:56:52,2018-01-29,a45823513135bc9eb30c0d984ae40826,2018-01-03
d07f143b702491d2a1cd6ed093f2cdee,03de10b74e57b7aa7c13361497c5c51a,delivered,2018-02-11 17:27:31,2018-02-11 17:48:03,2018-02-14 19:36:31,2018-02-23 15:29:20,2018-03-13,0a4d6a36550c3e446052d9e974c47af9,2018-02-11
9e9c6e3dd45c48dd0bd670c70827511f,17fbdfcafcd87f99ffdab597341f43f7,delivered,2017-04-27 20:12:49,2017-04-27 20:22:53,2017-04-28 16:13:46,2017-05-10 10:57:44,2017-05-29,2f3193d667a19fa0ded1efecc6a24a25,2017-04-27
9c67cdf1fabbdfbdf49b97bd424b2500,1bf4b3c3a54e8b012b4c82741cd3a25b,delivered,2018-01-31 11:05:23,2018-01-31 13:41:31,2018-02-06 01:13:07,2018-02-15 17:50:55,2018-03-01,cec65bf6299aa89b61b9143646067bca,2018-01-31
23c95653bc574efa346f4eee3b29e882,7b78acd8d2e5233b6ea898fd997942af,delivered,2017-11-20 12:47:48,2017-11-20 13:15:41,2017-11-21 22:33:38,2017-12-08 00:21:26,2017-12-08,14611de7b557b6e01c1552f6b406d4e3,2017-11-20
04dfcefdc5881bd3db8f516999a758af,a884259dce0c9768fbdc7a223723a4f5,delivered,2018-06-16 10:58:12,2018-06-16 11:19:36,2018-06-20 12:44:00,2018-06-22 13:18:44,2018-07-11,572d420d8092b410da2076e2923b32f6,2018-06-16
b74d9d05094d192b78eec20610faec65,3b9bd84c3c4f91e956798211b3860c6c,delivered,2018-02-27 23:43:21,2018-02-28 23:35:49,2018-03-01 21:39:28,2018-03-27 21:26:36,2018-03-22,af72ae566718246c26cfd38929653084,2018-02-27
cdf36cd4632fe33085adec5cf3d6b306,c442e46ad092c69ea8db9cbe7b8f6e14,unavailable,2017-02-25 20:20:04,2017-02-25 20:30:20,,,2017-03-31,720bd81369ac97db986d4f09ba1e7e7f,2017-02-25
988a21449c85e5aab93c446596246149,98cea627e0afae6f6e71fa86174b819c,delivered,2017-03-09 12:52:31,2017-03-09 12:52:31,2017-03-13 13:11:44,2017-04-20 09:44:13,2017-04-12,21fc565df52265871447582e3947852e,2017-03-09
bafb7839993d401fc28cbd78488ea03a,53a19dd8556bb33c2293dc9a67bb2233,delivered,2018-07-01 20:07:18,2018-07-02 20:10:04,2018-07-05 12:04:00,2018-07-09 09:58:38,2018-07-27,a820910278fe5be7cd2b88b99c27bf4e,2018-07-01
d2fa2c7f95b18971ff0fff7fb1d4db81,755a2db0a7afab3b2ca41d908bac0ecf,delivered,2018-02-15 08:40:56,2018-02-15 08:50:33,2018-02-21 20:27:17,2018-02-22 20:42:07,2018-03-01,dd37e3534961e06bc27272513575e7d1,2018-02-15
3ff25314bbe9dc1ec7c983499bdff8f2,589298dae9fd52c451466272d22efb8f,delivered,2017-09-20 22:31:37,2017-09-20 22:44:26,2017-09-25 15:39:10,2017-10-17 22:04:35,2017-10-24,6676ddad2f25941398c86483828fbc38,2017-09-20
833621749c4fd7a638cdd987685fe2c2,d6981383d1cce3a560522605ba441139,delivered,2017-12-06 13:50:07,2017-12-07 03:16:27,2017-12-13 19:16:42,2017-12-18 20:37:08,2018-01-12,ff2f348807a83992e92cf2ead3769a25,2017-12-06
60ead11db6b36221fe1424e330883a9a,223291591dac2cc98cea3868de7bf593,delivered,2017-08-28 18:12:43,2017-08-28 18:25:10,2017-08-31 20:57:36,2017-09-04 16:06:48,2017-09-15,5a34ee0b4b9e4f97e41450badfaa89f8,2017-08-28
7c2b6d703df465adcb5f9761983b1c21,d531ccbdb83e10742c9f9520d55f4701,delivered,2018-03-22 21:09:18,2018-03-22 21:27:47,2018-03-23 19:58:32,2018-03-29 16:37:54,2018-04-10,8ec8340151f1bcd6be9722bec24a8a97,2018-03-22
3eff3be449eaedf0e5b56e9a7d35bb82,7015c89cd26ef46ee3d23f5d8cdeb308,delivered,2018-07-15 19:42:44,2018-07-15 19:55:20,2018-07-16 13:50:00,2018-07-23 22:16:51,2018-08-27,b59d98b269bbf0c09afdf00f422b4d3d,2018-07-15
6f6926816d7f45e2ce64ae33c9faf58e,26cad29ce2fd0d9203145f2d71b7aa43,delivered,2017-05-18 15:15:28,2017-05-19 02:43:17,2017-05-19 12:01:40,2017-05-25 17:52:50,2017-06-13,bfe1ecef0f01ad67e5e0cf1860e94e60,2017-05-18
1253e106e963fdd39c5d94a79823275c,9a4a7dff95dab2ac949bc027f788c9f4,delivered,2018-03-30 22:18:33,2018-03-30 22:30:26,2018-04-03 19:13:43,2018-04-26 19:02:42,2018-05-04,8786de97f50a81d4c86b14bab50c2a66,2018-03-30
10ee2109b7e3f168330447c3be610ff0,d1176ff41d4334e95bc110c2c76ade62,delivered,2017-11-30 09:51:26,2017-12-01 11:31:27,2017-12-04 21:39:05,2017-12-10 19:03:54,2017-12-19,a4341182d778deb831f94a4bc1765ea4,2017-11-30
fd7b5df31b1135f945600a23960438aa,dc17b8c70dee39149c5b8ec131a365e4,delivered,2018-04-17 18:32:24,2018-04-17 18:51:42,2018-04-24 17:39:08,2018-05-09 20:12:03,2018-05-14,07bd3d18ecba2420a8934b34a26f157a,2018-04-17
1aad12119a878d0718676e9190cdbf28,e763fc4213e00ef7f2efee91d1458820,delivered,2018-01-08 14:29:28,2018-01-11 07:48:18,2018-01-11 18:48:59,2018-02-07 13:46:49,2018-02-06,17a0ff8c017081e53006da9f36b487fb,2018-01-08
80dda88e428c897ea6312859afee7907,fc514c7253935e84e08537f14c0e64bc,delivered,2018-06-08 09:17:29,2018-06-08 09:35:40,2018-06-08 13:53:00,2018-06-13 16:08:56,2018-07-13,83f171b9a0ed3608fe5d860bfe4f6b73,2018-06-08
de86651678f0f277aa9820e5d778f8cc,ea0aaae13136d2517b6777c8c7b433e7,delivered,2017-11-25 00:04:31,2017-11-25 03:10:48,2017-11-28 17:11:21,2017-12-05 00:04:03,2017-12-18,41b5c216ae9063519c03c0abe866a9db,2017-11-25
debc12ca3f03ddd2137fa497916c4590,9db9a34a9a1c9b9ad1bde1406c78fb0a,delivered,2017-12-28 16:47:41,2017-12-28 16:59:44,2018-01-02 15:53:07,2018-01-08 16:58:56,2018-01-26,fe856d7e322242cbfd59ab1cfcc78066,2017-12-28
3444a96bd74b41c9ef9ff23c7ee3c4c5,bccc6d9634a17a867191fb336a2e07ef,delivered,2018-01-18 17:56:46,2018-01-20 09:08:34,2018-01-22 21:58:26,2018-02-21 21:52:37,2018-02-16,4effbb87c482bdb4d034743c63a96a34,2018-01-18
1500f59278b33472734cddd11039033f,119462e9d287bc17dfb152ee17ecdc54,delivered,2018-01-14 22:44:58,2018-01-16 10:37:45,2018-01-22 16:23:46,2018-02-09 20:41:37,2018-02-09,88a466083129d095c6ff70d6336ad56a,2018-01-14
e131f6ad498a67f7d30e5cc9702a3d99,c3b654b6e5f9e0be36d1905e677b187f,delivered,2018-01-30 22:59:55,2018-01-30 23:16:35,2018-01-31 20:04:44,2018-02-17 10:48:59,2018-02-23,f9ff62f2a00c2414e57865ad8a95c121,2018-01-30
09e1adca3506ecf15eefdb37196f2515,478bde4147e07d0ea250b66bcd36b200,delivered,2018-01-15 09:52:28,2018-01-16 07:58:21,2018-01-17 17:32:52,2018-01-23 05:52:54,2018-02-05,2a342fa405796e94c20d5679d77a7771,2018-01-15
99e34b586d1fa26ea713021ff647d18d,010ac941a52f7717d87471a7da831cd0,delivered,2017-03-11 08:20:56,2017-03-11 08:20:56,2017-03-13 09:26:57,2017-03-22 15:08:25,2017-04-03,ed1e4450166afd6ca7af55f4c5019412,2017-03-11
dff79b743bbac91445b8b167b6ae9da5,04b2fcfc043e6bd290a83c62fc3b38e5,delivered,2017-06-28 21:35:10,2017-06-28 21:45:17,2017-06-29 14:33:00,2017-07-07 19:19:42,2017-07-21,3ab8a33a5594309df9c8fa21cbafb2f9,2017-06-28
9819957d2d80bb1cdb7774bb0b623d85,94906d652f7d1c9e4c4af604ede7784b,delivered,2017-08-16 01:09:56,2017-08-17 09:44:40,2017-08-18 15:43:55,2017-09-19 16:58:41,2017-09-20,544d0f13064dc42b8f6957cf43fa5cad,2017-08-16
f47c8a5f13b399d0e46beaf4e9d8b952,b3b0bf1e95b7311948d08aa719d09562,delivered,2017-07-26 14:06:37,2017-07-26 14:23:07,2017-07-27 16:33:41,2017-07-28 17:59:36,2017-08-21,87c6d6936394bcb27ed68c418f243ea9,2017-07-26
8f3c52ba80c75571b11705b0405b8696,3eb36db99e4bc4055ff570d968e76e07,delivered,2018-03-15 12:13:51,2018-03-16 03:50:14,2018-03-28 17:03:13,2018-04-17 19:34:53,2018-04-18,2ee6b731c5535575da786e147929d0d5,2018-03-15
59cbd87a939d4c38f0716708f496b4f1,46f0d1bf4bc78e0f2f2c32cb7f4fc883,delivered,2017-09-16 14:05:18,2017-09-16 14:15:14,2017-09-21 19:32:05,2017-09-27 21:28:52,2017-10-06,829a783aeb035ae61f2701130e86841e,2017-09-16
990e3e00e06b1e57b3a48753fb244ab6,a4bb6827b1ef0599c6cbef75839db53b,delivered,2018-06-13 21:59:30,2018-06-13 22:19:21,2018-06-14 11:57:00,2018-06-20 18:20:54,2018-07-04,cebf6d20c8b89653b6b21d8cd42de112,2018-06-13
555bdeeec0ae00faeb547748b9e58ec6,06475b1ce34b05233619d42030f3c3ab,delivered,2017-11-24 07:04:16,2017-11-24 07:14:32,2017-12-04 16:27:41,2018-01-12 22:37:20,2017-12-29,80b08a8c27a1040245ac55ed0fa0429a,2017-11-24
d573cf2d2bd145e4bc855132a6c815af,0c58662653c40d0aec41ff36c511c0e1,delivered,2017-11-03 09:55:35,2017-11-03 10:10:37,2017-11-10 14:03:09,2017-11-23 19:08:47,2017-12-06,17fdbc7bf5923361a92c5630bdd80cd6,2017-11-03
098899a1fca44446ebcd6eb00297d33b,def27cdf0c08b8b1f35fb84d3859a5be,delivered,2017-07-11 11:59:31,2017-07-11 12:23:41,2017-07-13 16:13:33,2017-07-19 16:07:48,2017-08-04,3b70fbccff132949ea1bea0dcf302135,2017-07-11
2e514f06a55a990840cf3f7131b45f55,4eb59d57e9c25a5d668bcea2100316a0,delivered,2018-07-20 12:16:53,2018-07-20 12:30:13,2018-07-23 10:04:00,2018-07-24 17:58:49,2018-08-07,abf227dc917e1dd81b8149735d755b65,2018-07-20
5c31daa6b8fe52296b49b6776c8d2749,00d88dff8797c35f7db7739109ba8cb3,delivered,2017-10-26 08:35:23,2017-10-28 03:05:51,2017-11-01 20:27:30,2017-11-06 16:16:58,2017-11-09,6ff1fffdc0177147be8352ef9c3d56ea,2017-10-26
d2a1fe9d4ea3e1e5fa4872a0f03f4168,396807fcc35170166ffb388d364fd486,delivered,2018-04-26 12:33:51,2018-04-28 03:32:51,2018-05-02 09:52:00,2018-05-17 12:51:41,2018-05-29,0b42d07870bd72fe23900d4356f9ad25,2018-04-26
d8a0ebd040a2059ee8dbec7e4055b927,6a19aac11f8b7b0541420cfd0b4bd3a5,delivered,2018-03-26 21:47:13,2018-03-26 22:07:08,2018-03-27 23:58:24,2018-03-31 17:16:27,2018-04-26,d1981eeaa8c24e4bd6fc72c5b8edbc80,2018-03-26
1929b9b60df702da58751db8fb70145a,f493b5087dae76b13f83487d218b433a,delivered,2018-01-12 23:32:20,2018-01-13 00:29:40,2018-01-18 17:37:14,2018-01-25 19:25:06,2018-02-14,47c1495b76427bc1588f7a9d75d7d1de,2018-01-12
d236cf5ba33b4dad75e39c1d080f536e,4a741f0bd96ff7d84df0a878fbe416cb,delivered,2017-11-25 15:49:07,2017-11-25 17:33:01,2017-11-27 20:58:29,2017-12-28 21:08:02,2017-12-19,947c620fd333114daef626378bb14848,2017-11-25
214957eabef2b509b290c836e9e97c03,8ae249501042d4c2fa227b82515490f6,delivered,2017-08-23 12:00:24,2017-08-23 12:55:06,2017-08-24 21:28:09,2017-09-13 18:13:02,2017-09-19,0584c1046bc1dfdebe7878239fa9b5c5,2017-08-23
0bdfd876931ec6df01297b40e9672c12,a3bac6d9f128db48e46167f95d96c523,delivered,2017-11-10 23:55:57,2017-11-13 10:10:38,2017-11-14 16:29:07,2017-11-28 18:12:28,2017-12-11,69a8a056b0546417f2c1b91e3f210cdd,2017-11-10
02b9fd867657f257dc634a2e7e0f73c5,a96b4cca295b6876489ce885ca6b9f10,shipped,2017-06-10 12:16:30,2017-06-11 06:42:47,2017-06-22 07:47:49,,2017-07-17,1c333424172f5a72cc46164a074a800e,2017-06-10
91a5fad6dc3c119cb3dcbc59f22b9f80,8725cb0a76a612fb11b5412a07ae98f3,delivered,2018-01-27 10:27:25,2018-01-28 10:17:21,2018-02-01 01:38:34,2018-02-07 14:41:55,2018-03-01,fe797777cb9bed24de9dced3819e8b59,2018-01-27
9cb4982223168ae7d72cce4d255f4fd9,73952c491dd6ec53fcea1d31238cb787,delivered,2018-04-11 19:33:01,2018-04-11 20:35:11,2018-04-12 22:24:22,2018-04-18 20:36:33,2018-05-04,b81dbf5ad3829774601626c643147f21,2018-04-11
59593e36c1e6a46a1cf48a5af3c6ffe5,2fc563ccc1584bab47fd47ad2b376086,delivered,2018-07-11 22:11:08,2018-07-12 10:45:59,2018-07-12 15:26:00,2018-08-01 13:18:36,2018-08-02,fc2c5c6570836dbb5fffb46265b26a3d,2018-07-11
8b2eaf2b5f115edbb32a2578b1dcb70f,21b4bbd289da6a8e0c1412bb95e89e61,delivered,2018-06-17 11:25:36,2018-06-17 11:39:30,2018-06-18 15:04:00,2018-06-22 00:07:45,2018-07-03,1a83bd69cef8331c809e5cfd203cf7fd,2018-06-17
8829d663716d232eebeff74dc6f15af1,c594f7c8db922470d3aeffb1c1819571,delivered,2018-03-26 17:54:04,2018-03-26 18:08:19,2018-04-03 01:56:39,2018-04-19 22:29:38,2018-04-26,8bf3a855dc7007d318240e8bc1a0420b,2018-03-26
ccf1316e3b24c311e74194b631df9301,bcb383f1850a54db07dc880630688232,delivered,2018-01-05 12:54:24,2018-01-05 13:07:36,2018-01-06 08:58:59,2018-01-13 00:32:05,2018-02-02,09f2ad140c06129550a9a8065591184b,2018-01-05
6a23f8ca5022ad529871bbb66776be73,1923fd2d0a8975158784a9d0b797cc22,delivered,2017-11-29 18:11:36,2017-11-29 18:31:17,2017-12-05 20:43:09,2018-01-03 22:19:07,2017-12-29,19fd4cbbefbea2ce0e640e0b70973c6f,2017-11-29
a2115aed0dfabe789753c37481ea79d2,898af4584e6e3a5f2665ef245403ccc5,delivered,2017-10-04 15:28:26,2017-10-04 16:04:33,2017-10-05 18:52:33,2017-10-18 22:10:11,2017-10-31,2e8457e8d1274f72f7eb9f3ab818a672,2017-10-04
33333d8eea2fd73fef836145d8e725ea,96984d20a74a9ad8ccaa00a5891605a5,delivered,2017-12-05 19:04:42,2017-12-05 19:30:50,2017-12-07 23:09:22,2017-12-14 15:58:52,2018-01-09,002bdeb33da5b1b3ce8b9c822f749c82,2017-12-05
ca7176941d0e15c620cebcdcf36af650,28a926cf560ad11dbcc0eb9332cf6990,delivered,2018-03-09 09:17:33,2018-03-13 04:20:26,2018-03-14 20:14:50,2018-03-22 23:58:57,2018-03-21,533418adfbbf110a4c2f1f5ca561d084,2018-03-09
088217fa841fd3da3004a1a7e1d525f8,fde6d4f410c038c07dc7d504cd4a540b,delivered,2017-09-20 19:08:10,2017-09-21 15:44:20,2017-09-28 18:44:01,2017-10-11 00:23:46,2017-11-03,dea99e99d6d263f5d87cf500007e642b,2017-09-20
4cb17cc02db441b762010b925e37fda3,a650aa35335da5e5133f1de95028f08a,delivered,2018-04-15 23:41:30,2018-04-15 23:50:12,2018-04-18 16:58:45,2018-04-19 17:12:14,2018-04-27,501a8c4a603eaca21c485e86194ecd29,2018-04-15
554bfd99dcbd9ac3d81b0c7e135f58b2,74c3c10ff5dce9ca7640e43b92210bcd,delivered,2017-03-12 16:26:06,2017-03-12 16:26:06,2017-03-15 17:41:59,2017-03-28 14:38:50,2017-04-06,8d2098d2b6e1ef4789d244fa66c89862,2017-03-12
40af8092cfca37c02ef8a817574f6edb,d4b436a493460b0d94761264ecaa51f4,delivered,2017-08-01 10:31:55,2017-08-01 10:45:18,2017-08-01 18:39:53,2017-08-08 20:10:21,2017-08-28,2e644653c7c93fc9020ef771ce505845,2017-08-01
10d1e90a86d2be981a52b6a927c97dc5,6b3ed42b480bc5831a094f35dc11b668,delivered,2016-10-06 15:19:40,2016-10-07 10:11:30,2016-10-26 14:11:25,2016-11-07 16:26:10,2016-12-12,9342b18c97a2bbf3fa9d97aceb0b6dd4,2016-10-06
a275c8910a3b6a6bd7fe83c397afb4ec,93df2c2eded0c3103b0741a2d20ebb27,delivered,2018-05-02 18:24:59,2018-05-02 18:58:25,2018-05-04 17:23:00,2018-05-05 13:32:14,2018-05-16,e71a17dded1041d6952b38fbe05aa0dc,2018-05-02
578ef9ed2638d4e10337e50e37566344,cf08d4dd333c76a5b09fb2f352652d7b,delivered,2017-09-02 06:21:22,2017-09-02 06:30:16,2017-09-13 18:06:50,2017-09-22 16:51:43,2017-10-04,7f556f81a078ed48c03c3a04f324b3f0,2017-09-02
05a9d9ce2b1a217223ff7c5a60e509b2,cb4057b44a4efe80ba3db6417f1a3ce8,delivered,2018-01-08 22:55:44,2018-01-08 23:08:27,2018-01-09 17:54:07,2018-01-10 13:11:32,2018-01-24,797cbd5b2db5e08f37dc2e55e1000832,2018-01-08
7e60cf16935261e615cfe1e000aa05e7,517de77b4fb8e928fc4c2c7d057b5e40,delivered,2018-05-15 12:09:28,2018-05-17 03:34:47,2018-05-19 07:50:00,2018-06-06 16:28:36,2018-06-08,78d3e9eb8049ab569d7b3265e0a7c50b,2018-05-15
9d91a9530ea3af0213cfae03feed3be9,e695d4f6b2594abb3ad2c4a7d412de4e,delivered,2017-02-02 18:27:57,2017-02-02 18:41:26,2017-02-03 16:39:09,2017-02-09 17:57:47,2017-03-23,2830e06c6ec76d77c3105c487630d3a9,2017-02-02
4f6a2e10ee405f1e0541c66c72d068bc,4a0738d56e1afaade49fb49b539f7efb,delivered,2017-10-06 10:35:22,2017-10-07 02:44:59,2017-10-09 16:57:51,2017-10-16 20:23:36,2017-10-31,d20560eb799133e74b6d210bc54466fc,2017-10-06
4ba45e01cf325c8c853971e79c9cf7bd,4f6601688da0bd1e6f7d19b8616ae639,delivered,2017-06-19 16:14:31,2017-06-20 10:43:49,2017-06-22 12:33:15,2017-06-23 10:49:38,2017-07-03,511bb2564ed8ff670961bcf7dbb149c9,2017-06-19
1f640ae3c57af032c880e2814a991e34,babed1605e2a7a9f20d4038f6d527ed5,delivered,2017-10-17 09:54:42,2017-10-18 10:04:56,2017-10-19 00:24:57,2017-10-25 20:23:07,2017-11-14,c199fe993b9572597831faec50e92a0d,2017-10-17
028587d8834cae89e572f1db671d0419,eb44fe0ac99d141cdadb412aebdc57a0,delivered,2017-08-25 11:21:00,2017-08-25 11:35:18,2017-08-28 20:12:45,2017-09-06 20:04:52,2017-09-27,01020c5b6024bc1cf2a3228e566bafb2,2017-08-25
a274b226c85e040459bc1e0bc666903a,d2b942a4c9b54c1fc043c3875b73266c,delivered,2018-01-24 17:29:52,2018-01-25 02:57:46,2018-01-26 19:07:02,2018-02-15 17:58:23,2018-02-23,164d69f2b9db84c66e773955a3394627,2018-01-24
7f095ef5086869ac49b20d6cc5484418,936d1149d8f55900f5f1858a6ccd5f07,delivered,2017-03-12 11:37:57,2017-03-12 11:37:57,2017-03-15 11:29:53,2017-04-03 14:12:14,2017-04-13,90b6271f1e6be2de606940dba3f4f4b8,2017-03-12
a6264125a9c50827b115847d47c73a13,b52548625e32de3e7e0dca735663ec8b,delivered,2017-10-06 15:02:44,2017-10-06 15:14:26,2017-10-09 21:47:31,2017-10-18 20:23:26,2017-11-01,f8bc1d81f395f6239a2a5ab1b9edf1ab,2017-10-06
50afe29220be2f02604b5cbb9e641f86,abb188913700dc174010c777b06159bf,delivered,2017-03-08 20:41:04,2017-03-08 20:41:04,2017-03-09 06:32:37,2017-03-23 07:12:13,2017-04-03,1b8258689b0a6aa90736f890f3685614,2017-03-08
11ff1ded4bf64d8d20ee9717984a0f4f,69da07e0702127a264b0ce08c02eb69e,delivered,2017-03-22 08:23:28,2017-03-22 08:23:28,2017-03-22 11:53:36,2017-03-29 14:20:03,2017-04-12,2195bee7c19896a5efe8d48211251e88,2017-03-22
851b7dd1e78cd0ff3faaa1d3df4447ed,a0151ed541c6bd0363ad9dc4c7de6634,delivered,2017-10-28 18:24:10,2017-10-28 18:35:08,2017-10-31 18:47:18,2017-11-08 20:32:46,2017-11-24,7d209a9d69515ea144f57248fa544b7b,2017-10-28
8c08046423760b49c5791fa64db061da,f1745c3717ce7b1e8ac4009eeca57e51,delivered,2018-07-31 16:21:04,2018-08-01 04:35:10,2018-08-02 14:48:00,2018-08-07 21:05:16,2018-08-24,42cc6f7c734a80b9557b8831fa6aa958,2018-07-31
7b6de8c2dd83e08b23d9d4cc1282c92c,bb86cb752db7c3949d4a8ec103e4c256,delivered,2018-03-11 17:25:54,2018-03-11 18:20:54,2018-03-13 18:02:47,2018-03-20 02:27:41,2018-03-22,c9e624a30509620ca617aa7215934702,2018-03-11
8cf161212f0485db7a520d56b5cc724e,50842fb323b23c7e7e2d14e083168335,delivered,2017-06-01 00:41:00,2017-06-01 01:35:20,2017-06-01 15:26:17,2017-06-08 13:50:14,2017-06-23,de0e2e925708dfa3473cd5851e8e3f77,2017-06-01
2e935fa1d39497aa0ec3f1107fbfb5b8,ffffe8b65bbe3087b653a978c870db99,unavailable,2017-09-29 14:07:03,2017-10-03 06:34:13,,,2017-10-24,736e6bfa0510aa5b878881a226a5fd89,2017-09-29
2a915fd877409831a1a6372f57b3936d,85241ef0e6f4c1602d059a41df6418d7,delivered,2018-05-02 20:48:52,2018-05-02 21:18:42,2018-05-03 16:31:00,2018-05-07 21:06:43,2018-05-23,0b9649da7eb04d942c6cc5aadd818ba2,2018-05-02
c578368509858a65535ce3962ee21be3,3b3fa10e445e9f9d3d14003c5285290e,delivered,2018-08-01 19:55:57,2018-08-01 20:23:58,2018-08-06 14:49:00,2018-08-09 22:41:43,2018-08-23,d00be6b69482e9b2599bc53807a03567,2018-08-01
b027e9d1b5a30853af2663e94f2e8a00,ba93bb3d4a9e2aec793c0f474a071ae2,delivered,2018-08-12 08:36:16,2018-08-12 08:50:06,2018-08-17 14:15:00,2018-08-22 17:28:22,2018-09-03,d84d21b7b4970bdb535a4527ee55ac35,2018-08-12
73b205f9aeaddefc8fd66b0816877e3d,38ba0df31d76fa64c9c3561904d2c3c9,shipped,2018-03-19 14:48:23,2018-03-19 15:17:12,2018-03-22 20:38:24,,2018-04-10,c678d472ff772abbcf42a4d6590046ec,2018-03-19
98e791b684692cdd750ed6ee926c3ce0,d212ab922f99dff9e77e8bb172b7c667,delivered,2017-11-28 15:53:05,2017-11-28 16:17:34,2017-12-06 00:33:35,2017-12-08 18:15:01,2017-12-19,5f4dbdb03ad430d6659c27627b90fe97,2017-11-28
66d762e0419035dd8b19815070a2b8dd,179e76d91b4cd478d401bf51007fe61a,delivered,2018-02-06 21:59:22,2018-02-06 22:10:34,2018-02-15 14:21:32,2018-02-21 01:32:40,2018-02-23,b0a799ebe4cfa1bf4fa1b0bc69926c9a,2018-02-06
94a280e9178a824b49777271fdf8e5cc,0dbfdb203a06e44a110c7eb98a4ca78a,delivered,2018-06-13 08:36:35,2018-06-13 09:15:32,2018-06-19 15:19:00,2018-06-26 21:57:35,2018-07-17,6553076c837d75296c3b99d7c2019478,2018-06-13
d2d6acd468cd36300e20668ae293923e,37d096f38cac07f3f22df9b2f4d99302,delivered,2017-12-03 15:34:00,2017-12-03 15:49:29,2017-12-08 01:08:00,2017-12-27 23:14:57,2017-12-29,adf2ad98a8c0224b8333f3f690f310b0,2017-12-03
c07db2ecf8530bd60659764d866467cf,bb0687468b15b7fd6385704a051bb6aa,delivered,2017-03-10 12:10:11,2017-03-10 12:10:11,2017-03-13 09:59:52,2017-03-21 15:37:28,2017-03-31,af9b68704fe49cb7b9b5687732ac8488,2017-03-10
ec689ea3a26649b3979af90517284c77,7cafa9eae6000dc9e56e0813e97b1707,delivered,2018-01-12 12:28:36,2018-01-13 04:55:09,2018-01-16 19:13:49,2018-01-24 22:18:33,2018-02-02,dcaf93bd592516943b1a51853741b9f5,2018-01-12
8f5c0b7943a43043c30c4ed2cc43fda3,5591b3fe076ec3128473fa2a8e486aa0,delivered,2017-07-11 18:43:52,2017-07-11 18:55:20,2017-07-14 20:49:43,2017-07-20 13:15:43,2017-07-24,47bec8efeaa6d0d1a2f3140f1b93db84,2017-07-11
7dcc6df2be2e64c78a83397fceadea30,94d084a49f9651e3289193e6871094c6,delivered,2017-12-26 14:26:34,2017-12-26 14:37:27,2017-12-28 16:57:27,2017-12-29 18:19:18,2018-01-15,44114e8df21af4b4a624bee3235bbd6c,2017-12-26
035678e70978296fb0e7469a611c322e,b7b9fc03a71452c9ca2b9aca57f9d350,delivered,2018-01-10 05:39:45,2018-01-10 10:31:47,2018-01-12 23:09:34,2018-01-22 20:25:32,2018-02-05,8cbff6bd0d7b88c40dea8c71b9e5e28a,2018-01-10
374ea05bddea41377f4f50ee98114af1,ff2c9b8929f7e512600f32b20be0ac64,delivered,2018-02-15 23:02:00,2018-02-16 14:32:37,2018-02-16 22:48:58,2018-02-28 19:36:15,2018-03-12,38513b3b2c4c1d2134dc258ba73a45f0,2018-02-15
b33ec3b699337181488304f362a6b734,9b3932a6253894a02c1df9d19004239f,delivered,2017-03-10 21:05:03,2017-03-10 21:05:03,2017-03-13 12:58:30,2017-04-05 14:38:47,2017-04-07,0000f46a3911fa3c0805444483337064,2017-03-10
737750ec93ce0309b44d477651bf0642,028605cdb42f4bb9653d81ce3116f2ae,processing,2017-08-04 19:31:34,2017-08-04 19:45:11,,,2017-08-17,b2e75c0edc785fd8cb4c5b264fc7793c,2017-08-04
201183426051cfc62c56f2414b2480e3,23a9e5fb434a3b654f4195d3e856d79a,delivered,2018-08-01 17:48:17,2018-08-02 05:05:13,2018-08-10 19:05:00,2018-08-11 15:18:29,2018-08-06,18f701ac2eb0d7cb1aa0134d9aeeceda,2018-08-01
9b7cadbb92caa7ecc994bc25a7932963,670a432cf10d38da64efeaf03fcf6385,delivered,2017-07-14 09:22:32,2017-07-15 03:35:28,2017-07-20 15:47:48,2017-08-28 22:09:42,2017-08-21,5770acf37ea686c09c435086aed2cfcb,2017-07-14
572acae7da06b5b656a1b296d1fb131f,79aff2ef60b4eb882529f6f5f132ddd1,delivered,2017-08-31 19:05:02,2017-09-01 02:15:39,2017-09-07 00:22:29,2017-09-15 21:13:49,2017-09-21,49408479eded405b1623faad5a5e9403,2017-08-31
e234809e3866893a48000338cc5c4516,fc8289e95b388efea5060cc8cfaef012,delivered,2017-06-10 09:18:32,2017-06-10 09:25:12,2017-06-12 14:17:37,2017-06-19 20:36:22,2017-06-26,4e87ffc8f20c0e2dc777fafd828b3cd0,2017-06-10
3a2fdba55d87afeb105664d40a7bbbd0,0dd3aa5af0cafc096682df9d2984f247,delivered,2018-02-05 17:38:23,2018-02-07 02:52:07,2018-02-07 23:49:32,2018-02-14 20:51:45,2018-03-08,25590462defd1fd8373436ede1788639,2018-02-05
acc0f8df9ebef09c7aeb9191e65dcf9d,40a9f7530f5b05737ed97fda2e03e6df,delivered,2017-11-23 17:40:25,2017-11-23 18:25:15,2017-11-24 22:18:51,2017-11-27 18:39:07,2017-12-07,8f9f5d6a8f3bbe2bacd9d7fb1a0631d8,2017-11-23
46788cff5146625ee173bb83fdca760a,09d736fbf93b015aebbfcc66ecb56c84,delivered,2018-02-05 10:10:01,2018-02-06 04:32:07,2018-02-15 23:59:04,2018-02-19 16:28:08,2018-02-23,10bc5c66d2891117dcef47e124a828d7,2018-02-05
fc79d61f2a305370fd69ee2c8048d5af,0c838ef80e244083eebe4db0da227bb2,delivered,2017-06-05 18:47:22,2017-06-05 19:02:26,2017-06-06 15:28:29,2017-06-13 15:11:05,2017-06-30,b5f48e65c14e0e73846f1b0f8611c64e,2017-06-05
12f3c6723ad757676360f2b5bd8ce007,e98065a8b5eab63b7ae08943455d7ba9,processing,2018-01-19 18:24:33,2018-01-19 18:32:27,,,2018-02-20,5ffce0a206a0f6e02284537a9398d127,2018-01-19
994572d6e67b97ce9c9ceb7cc0f6445f,01ef9a979bab9ba62386d5abfb646cfc,delivered,2018-07-04 09:36:54,2018-07-05 17:01:12,2018-07-05 15:35:00,2018-07-06 12:43:06,2018-07-18,59e9dd50f3e078818c2faf3de321c6e0,2018-07-04
b69f9a11c002386339f9380a17c4b4e2,8708b977b718ad465e2c246f86d79e9c,delivered,2018-05-04 20:47:45,2018-05-08 04:15:20,2018-05-15 14:38:00,2018-06-04 13:36:52,2018-06-11,c07eaf49d5a89a89b92f857a80715f00,2018-05-04
4a9dc2faaef0d40f57769730138a0be2,af240c0b6fd782ac3d4665c207184d29,delivered,2017-10-01 01:35:02,2017-10-03 04:05:08,2017-10-17 19:13:16,2017-10-25 19:44:05,2017-10-30,c7747e77c94485049c81a1f6ed23b446,2017-10-01
ad50842c73ce9289d4baca78ab32e34d,a4efc2fdf46a78e6ca9416e95e243abb,delivered,2018-03-15 16:07:28,2018-03-15 16:28:16,2018-03-16 17:56:39,2018-04-02 19:48:31,2018-04-17,6022dd9101792adb7cf113c92401af50,2018-03-15
5896d753079d9faa8aeaf60231b3e788,05dddfdfc3fa1b69e10aa4292a9fb431,delivered,2017-09-24 09:30:35,2017-09-24 09:45:36,2017-10-04 09:59:59,2017-10-16 18:08:33,2017-10-23,f526077dd7bdfdb1a6e10cd6b194b548,2017-09-24
3575f2d00b5591e5462a2fdf78ce6750,0ace2b9bd28eb550128cb036aef3c4db,delivered,2017-11-25 07:43:20,2017-11-25 07:50:39,2017-11-28 17:41:58,2017-12-10 19:09:33,2017-12-21,fe4e64505d2a68284e44481fece7b807,2017-11-25
6d9ae94dabe435d638bfc80834e79b4a,5a1fb4a5f5bbc3c9df401e607b0f1ddc,delivered,2018-01-24 11:40:18,2018-01-24 15:08:07,2018-01-26 14:12:34,2018-02-02 14:35:10,2018-02-16,35c0a8204594e54ed2d25806815f352a,2018-01-24
24125310335475b73015f74ec4327c2a,c1da9b0b8b59fe31a48c170dddc2cd98,delivered,2018-07-13 22:29:03,2018-07-13 22:45:06,2018-07-16 08:57:00,2018-07-26 16:56:05,2018-08-03,a6e92e646f11fbc93be77b8ac42c3f9b,2018-07-13
065fb1ee0ec59ea0a68b3105a59a69ce,d4772f8e732c5faa405ee431469bb21a,delivered,2018-01-24 10:52:09,2018-01-24 10:59:30,2018-01-29 21:44:31,2018-02-21 23:33:40,2018-02-23,af30d0a981e743ef70feba5d4512d257,2018-01-24
b73bfd1f82884283130f01b82dd3bd32,24feb498714b7f47e6ade5a43ed8010b,delivered,2018-02-12 22:58:08,2018-02-12 23:10:21,2018-02-26 19:37:14,2018-03-24 15:58:26,2018-04-16,4dae676f051aacb175c08d890ea69644,2018-02-12
260663e19dcfde94518d21b2dbde37d9,dc5cd9f17ac01e1952610ac381c55652,delivered,2018-07-20 19:52:20,2018-07-20 20:05:15,2018-07-23 15:52:00,2018-07-24 19:58:37,2018-07-30,a6d0f0af65b75d0d96777a63602e375e,2018-07-20
763cef494955df156986e220c7810b18,d8c1539abb37e4d303c460e0329954d5,delivered,2018-07-04 19:09:55,2018-07-05 16:33:26,2018-07-05 15:02:00,2018-07-07 14:46:49,2018-07-26,827903a4a498edacaa6e831a54f3f0df,2018-07-04
61b199f09f9de7776b875cce7c71e649,21d2c3ed27ae18bdbde418121df7e3db,delivered,2018-04-23 13:49:33,2018-04-24 18:22:23,2018-04-23 23:37:52,2018-05-03 00:19:12,2018-05-15,e1e5d24d0c01782ede8c4fb9adf43e6f,2018-04-23
030bc9dbf75985f16a84a296363fda3f,eeebc20cdf8c43ca5fbb2ad606f2663c,delivered,2018-02-17 08:28:29,2018-02-17 09:30:22,2018-02-19 18:22:54,2018-02-24 15:48:48,2018-03-16,77570428461c3b2bcdc9934f069f2692,2018-02-17
4e10aee446b5dd3802f8c8e058581d2f,d36c0bb393c1151ed7d85960305e6eb4,delivered,2017-05-17 18:24:42,2017-05-18 16:15:15,2017-05-24 08:23:52,2017-05-26 06:41:46,2017-05-30,c3f52311e0d977b3a47d494f5302414d,2017-05-17
1ec2e1de3e116559a59ec5166697d334,15de606e20783da1172ce080e95389fd,delivered,2017-03-07 14:13:42,2017-03-07 14:25:12,2017-03-08 09:42:05,2017-03-16 15:03:43,2017-03-24,430cc1365df7acdf3e62dab6febce102,2017-03-07
5a07e91ff0df440fc9e39922aa973b9d,b3a700964f6f6afd6d7df555d6e088a0,delivered,2017-10-21 21:59:17,2017-10-21 22:14:19,2017-11-03 21:13:32,2017-11-13 20:46:44,2017-11-23,b0b877c2a1e4a87d553165a612fabcc7,2017-10-21
e588b55b6b7bd29dbdc14c20e37793c4,659816a84c2b5af41f7411a9a69e383c,delivered,2018-08-18 12:33:16,2018-08-18 12:50:39,2018-08-20 14:24:00,2018-08-23 23:21:44,2018-08-27,7732a45632157fea201d2d4b417a1354,2018-08-18
38c2ff711e43f0a1fbd53318ec252e21,7456ab2fe7a5eb4cfeba4c07cd2b9091,delivered,2018-05-07 11:26:23,2018-05-07 17:56:47,2018-05-08 09:58:00,2018-05-14 18:44:43,2018-05-29,f566ca9f0a7d96f2700d864c766fc148,2018-05-07
faca9e4481d72f438626ae69cf2bbaf0,9f46e84d51e039c5decfa738cde0895e,delivered,2017-09-13 18:46:15,2017-09-13 19:04:16,2017-09-22 21:42:55,2017-09-29 17:56:55,2017-10-03,8e1a7e4efc962c52141c82b522056dd6,2017-09-13
61e2fb8e77d1f20f7f3ace7ca3a7133f,d4b3be82af3429e4a7c974e16a987473,delivered,2018-08-09 16:47:32,2018-08-10 03:24:45,2018-08-10 13:32:00,2018-08-16 20:16:45,2018-08-24,467e5ed1441cd3bb58f41492efb75b4b,2018-08-09
dc1684e479fd096236b2ca413bcd4ca6,582a9cc4d66cf90630486c68211fd672,delivered,2018-02-16 18:06:03,2018-02-16 18:46:36,2018-02-20 10:22:33,2018-02-27 21:38:55,2018-03-15,1736664fe4d3298a7f8f0f637e3b29c3,2018-02-16
236cf69a971925717236c958ba368c58,e04b04b7ef43a86bc7d88d35ccbfe41a,delivered,2018-05-18 13:05:34,2018-05-18 13:15:39,2018-05-21 15:50:00,2018-06-05 17:04:10,2018-06-13,56d210b38fbc5d7ea0e3fb17ba93f1bc,2018-05-18
7ab737441b79ec93e9e9b1335f22a30c,bb7874514104785ce5b5abece4670a18,delivered,2018-03-03 21:20:15,2018-03-06 03:51:19,2018-03-08 21:18:24,2018-03-29 00:52:30,2018-04-05,65a3a1c5c86631736e9ad00c3eaec686,2018-03-03
9aa6e0715c13dfb78529a2fe1a837212,1da06fdbdc30694422db7444851502c4,delivered,2018-03-28 23:17:35,2018-03-28 23:30:15,2018-03-29 17:58:42,2018-04-04 21:26:32,2018-04-20,b2c5e7142c509d3f53526b028d08fe60,2018-03-28
df6b027b8ccc733f264b64dd4f6de13a,eebc69686ea8a00d134fce347377b2b6,delivered,2017-12-07 16:22:40,2017-12-07 16:35:25,2017-12-08 17:52:16,2017-12-20 19:42:29,2018-01-09,a0b4713c96aeb3aff3b23412e63d5f75,2017-12-07
8a0c45c3a220380c7e82eb944150e5e1,bb41621dbfca3e75a50bd5b4d4246122,delivered,2018-02-05 12:14:18,2018-02-05 12:29:51,2018-02-20 14:05:49,2018-03-06 20:04:13,2018-03-23,65cb8ff2ee739f679b88f1e85abf489b,2018-02-05
b94e9a3fad6a18ccc040e66e4bd271b4,5cc76dcf28ddfa1bf213e2353990789a,delivered,2017-09-12 18:42:37,2017-09-12 18:55:15,2017-09-13 20:38:09,2017-09-20 18:48:19,2017-10-03,ea094d7ee6d29fc29217d1d08b5063ef,2017-09-12
0489818f0b5863c095a7445ee35fd7f2,441c43a44f8fc8d89a614e806820a548,delivered,2018-03-15 20:56:24,2018-03-15 21:10:29,2018-03-16 18:44:46,2018-03-23 23:58:31,2018-04-10,947b7d5b3746bcfac61b3de83cb02c6b,2018-03-15
a72668e055fb6a15dc7c8d6e0b8daca8,cea0d06a5bbeed1369f325b19c27fe1b,delivered,2018-05-12 09:01:28,2018-05-12 09:14:41,2018-05-16 14:52:00,2018-06-07 22:58:23,2018-06-14,14fcd8e69b2c3c306aa6187b533f746b,2018-05-12
2c85015afa7245242d2f751099dd70e0,425303cf0383f08e3aeac0ef4f6dac7e,delivered,2017-09-19 10:35:43,2017-09-19 11:20:16,2017-09-21 20:39:05,2017-09-26 21:37:33,2017-10-05,3f83cc6482add73101d5d76634baca96,2017-09-19
1c8eded3a8ddf56d2909d4713110501a,a1b0421d81bffa8f8c7cf153f5a3ec18,delivered,2017-07-12 10:47:10,2017-07-13 03:05:29,2017-07-14 20:12:12,2017-07-25 19:27:56,2017-08-07,76c97b705abb621ef15e1259a258958c,2017-07-12
8efdf8d2129927b7e1f5bead11ab5ab6,d5f9274053a3e93adfd38189ff32dc44,delivered,2017-08-25 10:26:55,2017-08-26 02:06:04,2017-08-31 14:14:07,2017-09-06 22:52:04,2017-09-08,e5f92ee5f287a17832bb2c6eeb99f130,2017-08-25
db74facc22b984a0e9f3fedac9196d9d,d56acc3bec3115a4680b479ef65e4917,delivered,2018-07-18 01:31:01,2018-07-19 01:25:19,2018-07-20 13:21:00,2018-07-25 12:18:36,2018-08-03,28cc3abea80a3fb0fec435486c914500,2018-07-18
760e70b6d3136376633a2c6369da1c69,468fff96eab377a97c5bcf8f998bf2c2,delivered,2018-03-23 13:43:42,2018-03-23 13:55:37,2018-03-26 16:46:27,2018-04-02 22:22:22,2018-04-11,81f15c3d31946bb70742cd4407307439,2018-03-23
47321cd41efe54fcdf12635bb2b59437,d4d0c671b6edb07d134c7c44856f13d3,delivered,2017-04-24 14:42:17,2017-04-24 14:55:18,2017-04-24 16:24:10,2017-05-12 12:33:44,2017-05-15,85581a001197d6fe7ee64a2b4aa355ff,2017-04-24
a340559e00903f5d714ce736af183cbd,732076d88a07da72edc17de98921cfd7,delivered,2018-03-28 15:20:28,2018-03-28 15:30:23,2018-03-29 01:32:20,2018-04-25 18:32:39,2018-04-17,66ecca30d4b62732f06d4ebeb747b5dd,2018-03-28
a4e62639ac0ca7429854efc494c1915f,951424b1692aa7bd56ce420e20a2d1d8,delivered,2017-01-31 10:48:02,2017-02-01 02:45:31,2017-02-03 11:58:50,2017-02-14 11:11:32,2017-03-08,b8259702efd15b5abc1566e007ead9f7,2017-01-31
8a0ab628dfb76b8bd7688ac87d051391,a71be38d58e0737c4dd9bd0f1758dc6b,delivered,2018-01-02 16:53:24,2018-01-02 17:08:45,2018-01-05 18:59:19,2018-01-09 18:09:12,2018-01-18,7ceba1a5e084db21816865aee10a80e3,2018-01-02
98509cb0716e6b8b252e0dcb05b2e481,14f19cd312c81ec701cd8952871b02af,delivered,2018-04-11 16:55:26,2018-04-11 17:10:59,2018-04-12 18:23:42,2018-04-13 18:38:23,2018-04-27,3971f4c7f3c96fef10932785e1093510,2018-04-11
110f190bf49ab04f3ead4f860570e902,bbe2d2a9243953e0145ab851d3acc014,delivered,2017-10-03 15:46:55,2017-10-03 15:56:20,2017-10-04 16:24:02,2017-10-06 21:48:05,2017-10-20,cc2bef54fa72102dca9777ff483f75a5,2017-10-03
f62d0c0343ded060890ac3b257706521,4d4f0328a3d73c9e80009295207cb349,delivered,2018-06-28 11:19:31,2018-06-28 11:35:14,2018-06-28 14:12:00,2018-07-25 14:47:59,2018-07-24,27892cf13678c6d9e25ff75069b04fed,2018-06-28
829d9f111d5d360a3dcdb9d7c9af9a0d,127a92c454a0c41d78b503f92ccab6e9,delivered,2017-05-14 12:51:53,2017-05-14 13:05:35,2017-05-16 16:02:19,2017-05-30 16:14:58,2017-06-16,65771ea16b4909fde14e874d56fcd439,2017-05-14
2e3484a1a6d6411c0a875c5b0f40be6c,eaa23e1f86158e335020233d6d714c25,delivered,2017-11-14 12:09:35,2017-11-14 12:26:57,2017-11-14 19:58:32,2017-12-14 14:57:03,2017-12-14,dc813062e0fc23409cd255f7f53c7074,2017-11-14
cea661692913da073bd99bb510849bdc,edf3f0e2ffd4f36336cf50b2ea855b53,delivered,2018-08-10 14:52:35,2018-08-11 14:55:09,2018-08-13 14:36:00,2018-08-18 19:29:45,2018-08-21,ee767b0029cd3a56e81ffda9a3029284,2018-08-10
ae8e70d062fa5569315a69e1cc675b64,155a171143567ce10f80b0b351ac374b,delivered,2018-03-18 12:25:53,2018-03-19 07:50:53,2018-03-22 21:12:49,2018-04-05 18:12:02,2018-04-05,29a211ba1efef2534f519c16c43d66b3,2018-03-18
ef99b2344297c6e5a84acfc73ab41470,cd08333efebc859d377ad0bf63d3cbc1,delivered,2018-03-21 22:29:44,2018-03-21 22:48:29,2018-03-22 19:03:28,2018-04-06 21:56:42,2018-04-12,0afa0d30f166bb5883e49e0b2dd934ae,2018-03-21
b86f93410aa7fe320e029d576bf7bb71,d83c96e43ceb861c1ae810521d467133,delivered,2018-08-09 14:08:38,2018-08-09 14:26:08,2018-08-09 14:12:00,2018-08-15 16:08:43,2018-09-11,305726b8672a266ba5997fcdc9403c61,2018-08-09
8a8b616382f617096bdf45e1b3e7e3f5,42b35a52a2ac0962b846d5c532f81e3a,delivered,2017-08-02 13:49:39,2017-08-02 14:05:07,2017-08-07 14:37:53,2017-08-14 17:56:03,2017-08-15,96ed4389b063541454f2b1f15be16610,2017-08-02
7cbf82e1c7dc73fa8949aefcdf3cfdc9,ce44006c34eee6e18fca84d926452692,delivered,2018-02-27 10:29:12,2018-02-28 09:55:46,2018-03-02 21:32:54,2018-03-20 17:18:55,2018-03-28,03d7f509533270423718902aef9d1ede,2018-02-27
c1d3d16d19447e6ae5ea015f6056b3cd,b11e250946825112922c4a12a013b858,delivered,2017-12-20 09:56:32,2017-12-20 10:09:52,2017-12-27 11:40:43,2017-12-28 20:25:17,2018-01-09,ee68a25b07d4c5813cc293bb22da79fb,2017-12-20
0f35677b3f90e52b046a9bef4b72e1d8,9eb0e06ca6a1fde2c265f01092e1028f,delivered,2018-03-19 14:32:34,2018-03-19 14:49:45,2018-04-05 18:25:27,2018-04-07 01:22:12,2018-04-16,f76e4c6849f32ebdf0cf05281597f4cd,2018-03-19
35ea7e8cd3593d3a55da91e19ae87acb,cc9661b0777a96ce8c731f6921839215,delivered,2017-06-06 16:17:53,2017-06-07 02:42:41,2017-06-16 14:42:50,2017-06-21 17:38:10,2017-06-27,7d6dcf9223724668bb950a6c963caf7b,2017-06-06
6f0dfb5b5398b271cc6bbd9ee263530e,8517e7c86998bf39a540087da6f115d9,delivered,2018-08-01 22:00:33,2018-08-01 22:15:19,2018-08-02 14:20:00,2018-08-07 17:38:52,2018-08-24,7f2dfd48dba158dbf61ba2ea631d93df,2018-08-01
a9c8ac0c26c178f0ad33618f96225a01,727ab4449f530b9af13f40fa8e528bff,canceled,2018-07-22 23:36:14,2018-07-23 12:31:55,,,2018-08-07,e3fe811011101628e80a7953f1244c8d,2018-07-22
2e143861a5240d0e457622ac38913826,46f59880bf46bba55ff84044bc5873e4,delivered,2017-11-30 20:10:39,2017-12-01 09:30:59,2017-12-01 18:34:16,2017-12-12 16:41:50,2017-12-26,bd37ac6e186acf56280b2fc1437bb981,2017-11-30
78e4b001a62cb8a87548dc306284e4f5,7355b734cfb887e0572c4cdfb5ce6d27,delivered,2017-11-24 15:40:54,2017-11-24 18:51:49,2017-11-30 22:03:08,2017-12-04 20:11:58,2017-12-14,e3a4349e21d883d99fc1108d73863619,2017-11-24
22354baf9cca9cdfa42fa81c286e9b00,d9e8d14cf3761f7215e9768c78fdb2fb,delivered,2018-01-17 13:23:11,2018-01-17 13:34:32,2018-01-17 22:13:08,2018-02-02 02:13:28,2018-02-16,0353d2710cf57af395f1ed2af50a6f38,2018-01-17
d8c288d0fed5e08752d14664f564075a,7cddd3d8df26c4596b3d23a98d32642b,delivered,2018-02-21 23:24:32,2018-02-23 02:15:25,2018-02-23 22:38:33,2018-02-26 19:39:00,2018-03-07,44f5b4360e71755cd1cd3ec6bc19a6da,2018-02-21
de04c03e7fcd10f5d9ccee5584ebf84d,4657291c8b3021ee2ab479a0a79622d1,delivered,2017-06-19 18:43:05,2017-06-21 02:23:16,2017-06-21 18:22:01,2017-07-10 20:59:43,2017-07-11,c8f7f21daa374b154b8d6d112b075494,2017-06-19
bb5b7c37dba6e2ce0122da77dc538ab3,725fd041e8ecd092854a36490ad74872,delivered,2018-06-04 14:44:40,2018-06-05 04:15:10,2018-06-05 10:50:00,2018-07-11 15:41:54,2018-07-18,a315d28a755939c5baa6b3fbd64017cd,2018-06-04
53120064d7fdd369bd6c2b0ab22e09fe,dbc61821f39ebed23c39c9a34df951fb,delivered,2018-04-09 13:46:56,2018-04-10 04:10:44,2018-04-10 22:57:39,2018-05-02 13:35:30,2018-05-09,ff0a5e4371e4cb283b0415a6821878e8,2018-04-09
0ef1f17b38b3b07c9de4183721e4f33d,e1c4f1d74b30e5741ceee137c4bc9c96,delivered,2018-01-05 14:14:30,2018-01-09 07:16:24,2018-01-10 11:49:29,2018-01-11 21:33:23,2018-01-26,9e1adc983327a21caf4994549a00fd3b,2018-01-05
9bc75a6264272c1cb4cffbd286cf39e4,d04bf5aadb423afb90cc554bf3d374a7,delivered,2018-01-19 23:57:46,2018-01-20 00:18:03,2018-01-22 23:39:04,2018-01-31 20:33:27,2018-02-15,35b4b791fa0ac79a09064ff51362543d,2018-01-19
076d3284be23e6c6ed0267f87775b62f,a466a6b7b523a9ad0b85a1872a03c264,delivered,2018-02-07 06:05:06,2018-02-08 08:56:15,2018-02-08 20:21:34,2018-02-21 21:09:18,2018-03-06,0b62bb597b77ab1ecc1da8d6cbc95b63,2018-02-07
8805c89717242b991905a253e19e7aab,0fc069caee5336cc0871eb88bdb10461,delivered,2017-09-21 22:15:00,2017-09-21 22:47:29,2017-09-25 16:43:09,2017-10-09 22:18:43,2017-10-19,be3cff68d8c57a2e08829e4bb545611e,2017-09-21
021d35119e0e191a4fa47715d479b6f8,0ceb28a00e14081b054eee1421d9d970,delivered,2018-03-02 13:20:21,2018-03-02 13:35:30,2018-03-02 22:44:48,2018-03-16 20:34:39,2018-03-20,5318e121362ccfb8cd324d2ee75d20d6,2018-03-02
202fb00e8ae54d41adf6e95a39e6e024,b7992f134b8028f605c62599f118a877,delivered,2018-06-28 17:11:29,2018-06-28 17:30:49,2018-07-04 14:53:00,2018-07-13 18:52:44,2018-08-02,b4aaa0af48eb27f35e0be89776a2361e,2018-06-28
eb2407826087507a6c67c9329bbfaadf,6a435bcb05ce7f39854d7d2223eb3b0d,delivered,2018-06-23 14:28:22,2018-06-23 14:58:31,2018-06-25 13:21:00,2018-06-30 11:48:40,2018-07-25,4342bcd02f4e6e1c30bed783774872e9,2018-06-23
fb1a2a1296f822405a946cbdfc0d3ed6,f9bdbea246da607ab4641959ba6aa32f,delivered,2018-04-15 20:23:05,2018-04-15 20:30:59,2018-04-18 22:21:43,2018-04-25 21:32:58,2018-05-09,adc3fee64ef2dad64eb6fbe5db907742,2018-04-15
a2b80bbb76333d5b553483db7cc4fafd,0858216f90504a249042913e591f8cc3,delivered,2017-07-13 06:23:26,2017-07-14 02:24:38,2017-07-18 19:45:50,2017-07-26 20:15:55,2017-08-02,770e794c4208b19cd89bddfb46b20883,2017-07-13
5f2afe447ecc492da57db318b381a3ab,225e04767aee40ab29339c8392c13197,delivered,2017-06-15 08:21:27,2017-06-15 08:35:13,2017-06-16 15:29:12,2017-06-22 13:32:55,2017-07-06,afdd0a65c8a8db2e53068f3c3dd70149,2017-06-15
9b536ddb073db4391797658cad90522f,0fc1d6c8001a162c73ba027f79373b1c,delivered,2017-12-06 09:00:51,2017-12-06 09:17:20,2017-12-06 23:42:54,2017-12-07 21:41:44,2017-12-22,c64d1b3962455c8ad443ecdeea52afeb,2017-12-06
7d0a0773edc4bdca0ef6ab55777718a7,a5c957468ed6f0d66633b446e17e9865,delivered,2018-01-01 10:24:03,2018-01-03 04:14:33,2018-01-05 20:54:35,2018-01-09 13:13:33,2018-01-18,8e0d53bac62a9ff14875b57413d6e265,2018-01-01
b36ad36000bcccc8dbefea10204348d5,e49d1a4205d4d9743f4199900f411c71,delivered,2018-01-16 15:07:24,2018-01-16 15:19:31,2018-01-23 10:52:32,2018-02-15 23:29:16,2018-02-20,0a21ab24d6a5d516c803660f308e1dc1,2018-01-16
bb8a1765f503bbd115a1c138cc3b75d4,b9643b18898b76aae61af98c6c0ff17b,delivered,2018-01-15 14:23:16,2018-01-15 14:38:20,2018-01-17 20:14:20,2018-01-29 19:15:51,2018-02-14,b75294c5a223c9e2e7a7571fe4ec34d3,2018-01-15
63ad650ce1c19577c3eaa386f8752701,7b9017adffde5aa859580f0cef0894f5,delivered,2017-05-16 22:52:41,2017-05-18 02:31:00,2017-05-19 14:56:19,2017-05-23 17:53:57,2017-06-07,a565d889e6411ccbb4232fdfec246789,2017-05-16
a2621d414c9c28d85816bbc9f2e8980d,8a7ea5641aa689d62643a0519501dc39,unavailable,2017-09-22 15:42:18,2017-09-22 15:50:15,,,2017-10-19,d4b2193f58a874bcfb2352407869ddf9,2017-09-22
eafbef87f34e01cecad90ee40d94050d,5786cf5dd9bb4d28dacf093affb81333,delivered,2017-09-13 14:00:56,2017-09-13 14:10:25,2017-09-21 14:54:09,2017-09-23 13:52:05,2017-10-25,bae87458a694717bfe4945654962d040,2017-09-13
4b4d1573d0fb4a347214a8172a51fc16,c330c9cae22ab51f243bea0bc1310dec,delivered,2018-05-22 12:32:24,2018-05-22 12:56:18,2018-05-22 19:04:00,2018-06-05 23:42:29,2018-06-05,a72be3dfac73d0062d6d068d83ddfa13,2018-05-22
8223c1c9dfe33eb14644dd34a5213285,901d7a385e775e24d2adb6ea1d28ff10,delivered,2017-05-28 16:33:20,2017-05-28 16:42:21,2017-05-30 08:42:24,2017-06-08 11:17:41,2017-06-23,e039686ac81ec2da584dda89863a28cc,2017-05-28
d9e05f5c9c364436b18207eeff4f789e,cac7078135671db755ad7c162f2b889c,delivered,2018-07-21 14:00:52,2018-07-21 14:10:11,2018-07-23 15:53:00,2018-07-26 17:28:32,2018-08-07,0d7870ad4151e22c0f561053c55ee7a1,2018-07-21
fb085529373f03634a84fa2358deedcd,3c666d059d0d2b62ce5feb29e07175ba,delivered,2018-04-28 23:42:47,2018-04-28 23:55:16,2018-05-02 14:24:00,2018-05-06 14:52:07,2018-06-08,bec92eaa63e71ab2e9e8a5b5d9871d09,2018-04-28
3497aadef2eac5ac0ae7f3a3aec00930,ee9814ba62951e233b76a8f52dd0dcd2,delivered,2017-05-05 17:00:44,2017-05-05 17:15:18,2017-05-09 08:12:59,2017-05-18 13:40:03,2017-05-31,7118a8e739b4cd5fd75eab551a423431,2017-05-05
d6c9b749c828f6f1416767e715ca5e6c,94a01ea28ca5c85624360c16e402efdc,delivered,2017-11-25 14:28:30,2017-11-25 14:55:34,2017-11-27 23:07:09,2017-12-05 23:56:40,2017-12-15,94842723db459dcdc9efe2309f734385,2017-11-25
b605af5fb88eb77cc70df27f2df3a883,aca8fffbc60949cc5930ab39b195e5f9,delivered,2017-09-13 02:23:07,2017-09-13 02:30:18,2017-09-13 18:55:38,2017-09-27 18:53:49,2017-10-04,d78c02cd0949ff38724a310b0fc2abfe,2017-09-13
e4e0b1913652739070617b6a336a6ca5,02f5837ff2d19277d066df76e27a8cca,delivered,2018-06-06 19:08:58,2018-06-07 03:12:31,2018-06-07 15:06:00,2018-06-12 21:34:26,2018-07-03,8b4dfb33600fe0ac926b19b31aaeb8e8,2018-06-06
2a68c629963d9ef7755eb29d53147d35,11999e013d7ed940ec19dfe9e06a3575,delivered,2018-08-22 20:38:11,2018-08-23 02:45:15,2018-08-24 14:12:00,2018-08-27 18:32:09,2018-08-29,36354e8bfa93c7852a8eae51ae4a311a,2018-08-22
d01e92ec32f1236c8807d60c3f01a4cc,217413cd63c1f485aef2119fc9968a3a,delivered,2018-03-20 22:32:03,2018-03-20 22:50:31,2018-03-22 22:11:54,2018-03-27 20:33:05,2018-04-17,601026e7114f7ef8ce1ebb523b3dc3ac,2018-03-20
235970f9da00d655ab21d7fa98305d4e,83d30a7b0d6516ae0f0192056fa6561c,delivered,2017-11-28 22:27:46,2017-11-30 02:26:55,2017-11-30 17:13:26,2017-12-20 22:43:18,2017-12-27,24fdfc598bf868d1317f637de32a4d73,2017-11-28
f1383f0e3f1a27d300b52df20a252be3,d3d1b1727c49bff536d426a28b6ca096,delivered,2018-01-07 16:03:14,2018-01-09 07:21:22,2018-01-13 01:07:11,2018-01-25 13:21:30,2018-02-05,be54c768bf32502b771d6fbaac835c2c,2018-01-07
ffa2a7fdee9759a1c69f742f0a21d371,582f3b5944cd433da07eaf7d52118ee5,delivered,2018-02-11 14:23:30,2018-02-15 03:55:46,2018-02-16 02:04:41,2018-02-16 17:55:44,2018-02-26,aa31b44b8f011f8315061462b8279b38,2018-02-11
3441775e7c16fbea57b763e6b2e3d049,74a2f2cb1f11f490eda66560f4038b8a,delivered,2017-06-13 13:34:48,2017-06-13 13:45:16,2017-06-14 13:32:36,2017-06-26 13:55:42,2017-07-21,4abc49b328fe228a6b5c819d085b9352,2017-06-13
2c4c9c00a376feb3bbd0bf49823eca56,134192a1bcebeca7ca2e7311d9695690,delivered,2017-11-06 09:16:31,2017-11-07 09:26:20,2017-11-07 17:59:06,2017-11-08 15:06:47,2017-11-17,d9f9ec2e8b0b960bb670070fca4d6274,2017-11-06
0d0b6cc488971eabaf999e0fca2b7bfe,12d69fce7a250f435cf1a184a28e030c,delivered,2018-07-04 21:20:35,2018-07-06 03:11:25,2018-07-09 15:06:00,2018-07-21 18:48:47,2018-07-30,074f0204d378cf360c6e4652b53a5f98,2018-07-04
80d25aa9f66c2d419bc422687bb41b85,4452508ccdd430778d3d2acdc930313e,delivered,2018-04-05 21:58:18,2018-04-05 22:10:13,2018-04-06 23:16:43,2018-04-10 14:44:52,2018-04-26,0e3a125af2f045ed78f797de4cb91496,2018-04-05
438c583579006d43a6e9e624a3950dac,0fd4632838b925b351733278a5ba41b0,delivered,2018-06-10 21:50:23,2018-06-10 22:17:26,2018-06-11 15:36:00,2018-06-12 16:53:37,2018-06-25,251d2acfa43ad4ed9cfc4db244a8dfa3,2018-06-10
a5bf217065b7f8265a6cf83b22709c79,e52567f47774c3afa91fbf757074d453,delivered,2018-06-16 21:14:44,2018-06-19 04:17:08,2018-06-21 14:33:00,2018-06-25 22:32:02,2018-07-31,7106b5734a09a2ec68f31fd9a8be8eb1,2018-06-16
6a98ed4567b5d3044bd9f1cdfcce5eab,f076dccec369bb0dc9e005f83ba7c32f,delivered,2018-02-22 20:15:11,2018-02-22 20:30:27,2018-02-27 22:37:00,2018-03-08 22:58:27,2018-03-16,abd8f8d39998021867f7611175559b74,2018-02-22
fd74039ed4424830f2dad3b11c6eec1e,53bfa978f4e762d508178347469febea,delivered,2017-05-25 23:52:40,2017-05-26 01:22:33,2017-05-26 11:59:49,2017-05-31 14:52:09,2017-06-19,38b4bde28e5689799c4de367d5e63a16,2017-05-25
3720597f28a3c3c4dd7e603f98e67af1,eaaca1ebfa468f531caa95e9ff3d9edc,delivered,2018-08-15 10:14:58,2018-08-15 10:25:17,2018-08-16 14:15:00,2018-08-17 13:18:43,2018-08-20,71be9a28f9608e32a2386e97c6910ffe,2018-08-15
031a7dab65c3430d325ad35ab8a95277,e01e9c45a4dc4ef2cbfb266fd92afaab,delivered,2018-06-21 22:17:19,2018-06-22 10:19:03,2018-06-25 12:50:00,2018-06-27 16:18:37,2018-07-19,803095e5d7c0d6fb29faadfbe65b8e53,2018-06-21
9e9457385ec61a477390b14f317686c2,bba4fe473b8af647a7af5929255344f9,delivered,2017-12-15 16:37:16,2017-12-15 16:52:58,2017-12-20 20:09:53,2017-12-21 17:28:25,2018-01-04,a9e776af817e4cf0018f9f1651e90d8c,2017-12-15
f5d86f3c8e7c0b6594104ac90b9fffbb,cde9e63cc5a4d4ba61844463089a1fc1,delivered,2017-09-17 10:17:01,2017-09-17 10:30:10,2017-09-18 22:58:42,2017-09-27 19:36:33,2017-10-05,973629b00306fca6592d2726d375dba4,2017-09-17
005d9a5423d47281ac463a968b3936fb,a2be07c22a9d2071f65b6770e47f540b,delivered,2017-10-18 12:14:29,2017-10-18 12:28:16,2017-10-24 14:56:52,2017-10-27 19:19:43,2017-11-17,6204c4e582a95b6a350adf6988623bfb,2017-10-18
5bbefc7681fa8a2100a3703fe4b9c03d,7fd5fb2dcf34b7e1fee264a1ea5daea3,delivered,2017-04-17 23:52:59,2017-04-18 18:05:15,2017-04-19 13:47:59,2017-04-27 13:44:14,2017-05-10,850ee00f52d696b20f3e11dbd1d3a26c,2017-04-17
90e4d4f7e2221bf7f81a4873e3161b96,03cc0d8c8f25cd1e7134599ffadc585c,delivered,2018-07-18 16:06:19,2018-07-18 16:22:43,2018-07-19 15:07:00,2018-07-20 19:53:39,2018-07-31,8c2663e10d731208f3e5b3cdf6737638,2018-07-18
4c05a3711a90dee7f6336af0f3385142,e97a9968c444502cfce41e23725952e5,delivered,2017-05-12 09:24:26,2017-05-13 02:50:20,2017-05-15 10:36:59,2017-05-26 16:39:50,2017-06-09,0036a074f98b80c4f1fc33dbbcf9c552,2017-05-12
35cac868e65687e57e8676d936e30d97,6eeae7ec89f31ab3b7e96176250826be,delivered,2017-11-02 17:13:23,2017-11-02 17:25:53,2017-11-03 21:43:02,2017-11-16 21:32:19,2017-12-08,22fb6f5179c82d4ce4368c67c1705422,2017-11-02
f148f0d15c9e216159aadb7bffdb0fe7,ab2ba873008c7b2f2458a0a20a1e846b,delivered,2018-07-04 21:36:52,2018-07-05 16:05:51,2018-07-05 18:55:00,2018-07-06 14:18:38,2018-07-18,f8111303860deaf6ca5116dc9ce19adc,2018-07-04
d16f9a68b1aa5e1e872a86a474930835,9d4990db1cc3fde3a88bddc0a8d7e548,invoiced,2017-02-04 10:12:38,2017-02-04 16:10:12,,,2017-03-07,b46c28c9303dcfee5b1fdcfad41c76a4,2017-02-04
90af509116dd9cda36bd46bef66e0a8a,0fecb7c18bdbddc503d3d332c6ef1437,delivered,2018-02-12 15:26:55,2018-02-12 15:48:03,2018-02-14 22:32:20,2018-03-12 15:42:46,2018-03-09,8f746b0b7048bd95dadb0100d2ea66dc,2018-02-12
198d82e095bb34f33adaea72cfd63885,208755cf18ac5be0a157f7c3e1a190d6,delivered,2017-06-09 22:48:56,2017-06-09 23:15:12,2017-06-14 09:08:25,2017-06-23 11:15:01,2017-07-06,4127cb95c20254485869d698037a3dfd,2017-06-09
964dededc234258fbc1fc91815fded33,6eba6d9a7f3c9f15ff36fc34aa59e057,delivered,2017-12-08 10:47:59,2017-12-08 10:55:28,2017-12-11 22:21:46,2017-12-18 19:34:18,2018-01-03,dc452058663dfa19870d91ca73f5d6d8,2017-12-08
a45ffe76ca47f57a1cdaf4d39b84c37d,9a24b20452f8c59ab2dcdc32cf9e458b,delivered,2017-09-13 13:28:30,2017-09-13 15:34:45,2017-09-14 14:52:24,2017-09-20 21:32:32,2017-10-18,c9c6a04a7610010b07a0a39000df5704,2017-09-13
8e7ef380ad5ae407dffbe2f0826cae73,924743e5e7df4683b9f051c4b9961e9e,delivered,2016-10-07 09:33:06,2016-10-11 05:02:41,2016-10-15 05:02:45,2016-10-18 06:02:45,2016-12-01,95c47b016360d9186ca9138abb0e080d,2016-10-07
63dd1232853b91debb2470c70da85dca,4c3741130dccdca5d4fce3bb2822c9d7,delivered,2017-08-17 19:09:51,2017-08-17 19:55:21,2017-08-18 14:45:37,2017-08-25 17:35:30,2017-09-11,5b8830979a628eba896bc7638f62d926,2017-08-17
4e93b736e8d687bca088c6ee496437e8,6fd81d719e3abeebb466aabde5dbeb2a,delivered,2018-02-17 12:23:22,2018-02-17 12:35:34,2018-02-19 23:12:11,2018-03-03 11:52:29,2018-03-20,02fbe4db886eb98774c8ba300d39fa79,2018-02-17
cb1f639d88a5c4d9049c6c61d563f5b8,107acedb78a612934d56d5adb64e80fd,delivered,2017-12-23 17:51:58,2017-12-23 18:09:05,2017-12-26 17:47:03,2017-12-28 22:51:43,2018-01-19,2a04dea966948a1585b6520e00b72439,2017-12-23
2e1d942dd860482d56fb7b9e9f507cc0,2fb45b4ae0e65e987cd6d8a5a01964cd,delivered,2018-07-03 14:23:02,2018-07-05 16:32:38,2018-07-04 10:13:00,2018-07-10 22:32:46,2018-07-27,f4fd5d275ad9d0d24a5ab1f3a309bbf1,2018-07-03
7bda7db3336fe81423dded5d342d4115,d11607a99ce16b1b68b44b901891eb2c,delivered,2018-07-03 17:57:12,2018-07-05 16:11:04,2018-07-04 12:34:00,2018-07-06 12:13:03,2018-07-20,707b87c1e4c55db9467d934c3b18ab5e,2018-07-03
779b99958efa89d25b8c9a64164cdad8,645c3f2075121d0d138bd8c19d3d77b8,delivered,2018-06-26 00:34:53,2018-06-27 02:55:35,2018-06-27 07:56:00,2018-07-03 04:25:53,2018-07-18,5dc734db44a1959c3d4ddbe5f0d7d8b4,2018-06-26
2bb59df7f849a0d5f1563876236ccc5e,2a651fa8230256f5df17362b0805f31d,delivered,2018-04-11 13:12:00,2018-04-11 19:55:18,2018-04-12 20:12:13,2018-04-18 18:16:36,2018-05-07,590851c835b7400dc1344706de93967c,2018-04-11
c41d2dd15394d41590232a9cc491319c,eb270aaf550cc012a7b6ea3af8abcd04,delivered,2018-02-22 21:39:47,2018-02-23 21:35:20,2018-03-02 00:08:35,2018-03-03 15:08:18,2018-03-08,719220e7a613f26063f5181905eafbb9,2018-02-22
8f88be1aa97c84281588282a16fa3fa1,c7baa6105c8f8e055a74e6eb6fd7a97c,delivered,2017-12-03 18:17:52,2017-12-03 18:32:41,2017-12-06 19:37:27,2017-12-13 19:47:52,2018-01-04,7d1bdf714530faf2db78556bdff7fa3b,2017-12-03
7801e6c26c480c6f6d6b878d20000f89,16c30a0c12d616f26a5938ca5b644074,delivered,2018-01-16 19:22:22,2018-01-16 19:34:23,2018-01-17 22:35:27,2018-02-05 18:23:20,2018-02-09,953a8874f3517ba24e3699e6238be905,2018-01-16
296dcb26190e9bfc5bb480b367c93840,7dbbbd7d97b75bc79cb40919653a490b,delivered,2018-03-28 16:32:15,2018-03-30 03:10:27,2018-04-02 20:38:41,2018-04-13 01:35:29,2018-04-18,55fcb2a02e244d1f0de2c490cb9f5a18,2018-03-28
54444139e38a74e40f21503caf8d3ef5,4676d23d60f8011f228c93aa2f0a4ccb,delivered,2018-03-20 08:47:49,2018-03-20 09:08:36,2018-03-20 18:58:38,2018-04-14 17:05:01,2018-04-11,b2bc0f915b3cc9c078ebd992f0f5e67f,2018-03-20
774398c3ac79463f502a2fff60e2518f,fdbe4c48a0093edfe912b1512a11a37c,delivered,2017-12-04 23:49:50,2017-12-06 02:39:31,2017-12-06 17:53:10,2017-12-10 16:06:46,2017-12-20,a6d112867c57c65c40b72e988b0355ca,2017-12-04
1e24c66f40e16d38609ed026af8b4c94,1fc6b9b7c6e90a06ae0df125df34e37c,delivered,2018-05-11 16:14:10,2018-05-11 16:30:55,2018-05-14 08:25:00,2018-06-08 19:33:50,2018-06-05,94bc9e8dc873485f4b5bf6c9dc43244e,2018-05-11
19af64f6a5b2b246709859143e3c5c16,fc8cc2463a5a12c57e5fd875551460fc,delivered,2018-04-27 13:35:36,2018-04-27 13:53:07,2018-04-28 09:10:00,2018-05-09 01:33:01,2018-05-29,6c7fb438e0e4cec80e4ccabd173f39e3,2018-04-27
02f30be57375dc610c40ca989d2385b7,a18c76193a26ef37fd582877922447c7,shipped,2017-11-27 18:25:55,2017-11-28 03:21:19,2017-11-29 20:03:26,,2017-12-11,d092f718af9277b7a9149ed2cbc41585,2017-11-27
e2abaacfbaa87cb128b9c6675bcd2b98,d8c600db799de9c8c959530c4c5976ed,delivered,2017-12-15 16:06:37,2017-12-19 09:59:28,2017-12-19 19:19:35,2018-01-08 21:39:26,2018-01-15,ba98dc04cca1c4918ab4dd32e44a7bc2,2017-12-15
2d582ca9251cf300ff17929c5151438a,63bab0b2961c9ff106d7d0b0adb18e6c,delivered,2017-03-17 09:59:57,2017-03-17 09:59:57,2017-03-20 04:55:35,2017-03-27 13:42:23,2017-04-11,8061b08b1b77bd573f0481be1a5fc936,2017-03-17
5c6972bc5c283af10fb784b857ce63ff,7bef0b4674da88edebc39071240600b4,delivered,2017-07-26 13:28:41,2017-07-26 13:42:54,2017-08-09 12:55:07,2017-08-15 19:04:40,2017-08-31,f13d52604bb35cd3e253bee5b28a4386,2017-07-26
8d38f0c621183c4e95c8c65aba625120,12e501af448478b1e785e738b6232f5c,shipped,2017-07-23 11:26:15,2017-07-23 11:43:33,2017-07-25 12:04:43,,2017-08-17,4e27f67d353ac71b9c30e3cf7f07c1bc,2017-07-23
7891c58fcaf852455c9b8ed210e31a4c,48dc27369790df93bccd9e2820025100,delivered,2017-08-22 12:44:01,2017-08-23 02:46:57,2017-08-23 20:09:59,2017-09-01 22:40:08,2017-09-14,f497801658db70e1b18c76268001e944,2017-08-22
64a812d3c23a4c2da0e1fb5a70e2a23f,2db1214d4615da67d9b35f7084542bdf,delivered,2018-06-26 20:41:56,2018-06-26 20:55:23,2018-06-27 11:10:00,2018-06-29 19:06:45,2018-07-12,fae9d22f06d65f5aa7814fa992262c86,2018-06-26
63a1e75d65a3dcb40d5f452a248e9680,9f3ba8ca881a4d8641dae98f8bb8ee7e,delivered,2018-07-16 17:18:25,2018-07-16 17:30:22,2018-07-17 13:41:00,2018-07-23 12:18:38,2018-07-30,caa4de7729f9cd45c3302e258841bdb4,2018-07-16
6196e4f322b4f0af89d0900e2990dab8,b86f7996112b9237fd15c00df1b4d852,delivered,2017-07-05 18:40:52,2017-07-07 08:30:13,2017-07-10 17:52:47,2017-07-11 16:43:33,2017-07-18,901900247abbb5f85dcc50827e81ab04,2017-07-05
3cab5c70f370e7fa810658c551f8e2ce,54918590c1343b0ed2380a9a48596493,delivered,2017-03-26 18:25:32,2017-03-26 18:35:12,2017-03-28 14:28:13,2017-04-03 13:05:55,2017-04-18,12d8b5ed661190a3a08183644dfc504d,2017-03-26
7bdfa70c4049e7319a3182997e27cb95,5f72af98609e835f98c703ea09d3b5a4,delivered,2018-04-21 16:49:56,2018-04-24 19:17:35,2018-04-23 22:33:05,2018-05-07 19:22:30,2018-06-01,3828a8c9ea3d85be91e4390b8298915b,2018-04-21
bda5db8afd8df3d2537a32c2a35169c4,10baa4f455812091db9188eb661c7a68,delivered,2018-01-17 09:54:55,2018-01-18 02:11:33,2018-01-18 23:04:37,2018-01-23 20:42:35,2018-02-08,daa89b4611b5333d04b7dfd195d9740e,2018-01-17
01ac6cbac1cda667c97d35046b75668f,8582a3cb2e9951c3ddc27ca072a259fc,delivered,2017-09-14 18:37:16,2017-09-14 18:50:59,2017-09-15 23:13:05,2017-09-18 14:09:25,2017-09-26,c4e7087fdaff6d26a9b72b4de5ffa937,2017-09-14
b07f5a2d7ebcfcb4f2ea4c8ff180e81f,39c66c4d32b72e53ede5d7da77c72e57,delivered,2018-03-04 10:48:32,2018-03-04 11:10:36,2018-03-07 20:51:59,2018-04-02 17:08:42,2018-03-27,a70d0b4c01d9f68aed421d0366b71e72,2018-03-04
0eb8235cb26938d1c5c534cb0fe0d254,c472988a47385f32f643e80c99f65275,delivered,2017-09-21 10:46:08,2017-09-22 04:15:23,2017-09-22 15:13:15,2017-09-25 22:28:41,2017-10-09,61529941acc99df00c250ccd4f44dd9a,2017-09-21
dce46d381e2e85296ceba3ffbbe234b8,256325ba5d8dc20858d1f997a537d44b,delivered,2018-03-13 11:05:38,2018-03-13 11:30:50,2018-03-14 18:41:49,2018-04-04 00:21:23,2018-03-29,54a53b7164e4857a418b631b1ae94764,2018-03-13
02e723e8edb4a123d414f56cc9c4665e,6e9f7d9e943f9c0bdea278d9d7a1c9b9,canceled,2017-08-18 14:30:19,,,,2017-09-21,abfe742e782fb10f5c824fcb849e5cd1,2017-08-18
cc55f78088e0f0e7247ff0337a9a2ae4,47386b5cb29e8271feec92541c623e1b,delivered,2018-05-15 12:17:05,2018-05-16 03:35:20,2018-06-01 14:03:00,2018-06-12 12:28:37,2018-06-13,7fb9cc2b6c54c4c840fa02d4a02b783d,2018-05-15
e1a3568b83270103ac2d1ffd0e598a0f,a099b36e23e1b29b9a8b71f12452d3da,delivered,2018-08-05 11:09:30,2018-08-05 11:24:18,2018-08-06 14:56:00,2018-08-08 13:34:41,2018-08-09,9bb884a82084120f71db97d7f0bb3507,2018-08-05
d1846363415db8171f834ad2c5ad25d3,2cba5fc83f8a83c775a94950777c5c92,delivered,2018-06-28 22:11:00,2018-06-28 22:31:10,2018-07-02 20:06:00,2018-07-05 16:05:02,2018-07-19,911280528998d9751748c78944c8447b,2018-06-28
564e414f20390e6417f5e6c6ad3f095e,3c8863310a791b2426da5c04de18e70c,delivered,2017-12-20 19:29:21,2017-12-21 02:11:19,2017-12-26 20:52:20,2018-01-12 12:28:03,2018-01-24,49dae64c051e825501a36b1765f893ac,2017-12-20
8be0ba0be22f6202ca47271c05e5d915,931a86365f7db2b1a69655102b93396a,delivered,2017-08-04 15:17:18,2017-08-04 15:30:14,2017-08-07 14:22:20,2017-08-28 18:14:01,2017-09-06,2ff1b818fb048c44dc6629f013cceae6,2017-08-04
6ff5c2acb22a3ecf21cf46bef548f5c6,19fb116add1492d602fa0c0fa8cb132b,delivered,2017-10-28 03:06:39,2017-10-28 04:10:44,2017-10-30 21:58:27,2017-11-22 12:08:54,2017-11-23,e7ad662bc29ceff4f1c149903ec61ed1,2017-10-28
b37f17f36339b384dc1fbee1d7c09558,fa95cefd5ac759ada17b2f9baa30fe24,delivered,2017-10-31 21:42:47,2017-10-31 21:55:15,2017-11-01 20:24:56,2017-11-14 19:38:53,2017-11-22,14083c873aada65a684a8e2428753f13,2017-10-31
de423fd9561ac8d0ba956a934922c274,2ff28af15d2bce9a989121e9b1873f2f,delivered,2017-11-16 07:26:01,2017-11-17 04:26:15,2017-11-20 19:47:46,2017-11-28 17:53:44,2017-12-06,6d72dcf4278a605a832b7d5375d33ba8,2017-11-16
f20cb0150781a32271cd460ad28a5ed2,4ddbfef66eaca734e8b160c1c048a385,delivered,2017-12-01 23:54:03,2017-12-02 00:14:13,2017-12-05 14:37:08,2017-12-11 09:56:51,2017-12-20,e1224167b1a3f92781c2ff55b0b794be,2017-12-01
bd4ff7998fcfa299d9275e288adf4efa,dad3ceb2a46370133499bb1c91b5f3ed,delivered,2018-03-17 11:48:12,2018-03-18 11:47:48,2018-03-20 00:58:40,2018-04-19 16:12:53,2018-04-09,b5564cb3b25ce062879d5816610b4d04,2018-03-17
39a14db0962dfaf89800218567a80c1f,1a7b30b740fef8190f7de1e678ce6290,delivered,2017-07-16 15:55:42,2017-07-16 16:05:37,2017-08-09 21:47:48,2017-08-11 18:13:22,2017-08-08,e634ac680766d7eb343a20755e56fdfb,2017-07-16
1c95864be748aeb7e70002b2d365646f,6e339a46f22ae325fd96275ddde00906,canceled,2017-04-14 16:11:03,2017-04-14 16:21:55,,,2017-05-17,963f8a6917ac9271090988cf4595042c,2017-04-14
7c25f223ac9fa74c9dbfa11e8a52f1e5,65c59e1eb5a4888bfdb10c749775bb09,delivered,2018-04-16 09:04:41,2018-04-16 09:15:20,2018-04-17 22:37:49,2018-04-25 12:41:59,2018-05-09,d2d399882b95e1e9c0a904871b6db6f7,2018-04-16
42fd8129e4153758fd7bed28d50218f4,2168b883f688716295236c7501ba93b1,delivered,2018-04-27 18:35:40,2018-04-27 18:51:17,2018-04-30 13:52:00,2018-05-06 15:05:00,2018-05-18,3218ea7198e029f774a5cafef353f41a,2018-04-27
911c50978b038ad56c7d3cdbfa169122,b71df9d8896b5b0de20e58c78a42064c,delivered,2018-04-17 14:03:55,2018-04-18 02:15:23,2018-04-18 17:34:47,2018-04-25 17:38:48,2018-05-21,dac68a0617ab1ca0654964bbb8ddf2b5,2018-04-17
f8ea2b5a1c8d2d8eafa5710c3d50d0c8,6317139e006f3489468af3fa73632dca,delivered,2018-06-20 19:22:00,2018-06-21 04:36:09,2018-07-04 11:37:00,2018-07-09 23:28:42,2018-07-30,00b742e2f6d8fa571cd560007081d53b,2018-06-20
cca38a223ff57697753d81fdc7bc297b,b4a40c3ff78a13494a2a719d6c54e932,delivered,2017-10-23 17:07:40,2017-10-25 02:28:33,2017-10-26 16:28:59,2017-11-03 19:03:52,2017-11-09,71c5fcbc06a5696db6d5f3aaf0499bb4,2017-10-23
e4471c01969de94c38f855a80f807490,582f764885a50acc20fafaf5f1f6a266,delivered,2018-06-21 08:50:45,2018-06-22 02:59:29,2018-06-22 13:51:00,2018-06-26 17:54:30,2018-07-27,be27517f3c2c8e420f020bab4586510c,2018-06-21
6b5c5552303cda9591b62780e16f6cbf,1fa44d866b6d96d933633cf6e9680116,delivered,2017-11-24 18:49:59,2017-11-24 22:17:37,2017-11-28 13:11:41,2017-12-22 01:12:50,2017-12-14,b5d53d4b36808ad0e132f63770cab45b,2017-11-24
d2e35975e8fe7c281515b3d1175d03bf,8b05282531debcefba61d7e86c3f9634,delivered,2017-12-10 23:31:45,2017-12-12 14:55:58,2017-12-15 17:18:25,2018-01-03 12:48:48,2018-01-09,57b9cb9f0c8a4092d734565f9b5f7b51,2017-12-10
d5b69ea836793de5711675fef3e119ac,1c1e5060ceea7bcf6ea312692655d2ce,delivered,2018-05-29 00:19:25,2018-05-30 00:16:34,2018-06-05 14:01:00,2018-06-12 21:46:22,2018-07-03,cdbc7f51db6831d1ffb450d17dd2d8a4,2018-05-29
6047b3a832a41b60705327fcd2644679,6941bac1a71978b2d64de3e966331582,delivered,2017-09-04 17:11:32,2017-09-06 03:04:29,2017-09-11 15:59:49,2017-09-18 16:36:59,2017-09-22,ee2b763c56ab856bee0314f113462791,2017-09-04
93920316b4b8ae329dec94ef23cfd253,10e60bfc8f5b6e9d5cd340e0ff9f66ff,delivered,2017-12-19 09:58:19,2017-12-19 10:11:33,2017-12-19 20:22:40,2017-12-21 15:21:44,2018-01-08,7a6d7488c35231fe6dd97fe9596a0440,2017-12-19
a4fa33c4486ff17afcc146d9a2b0aec6,27976c3ee49975e6f777258477a87002,delivered,2017-02-01 14:39:07,2017-02-01 14:50:15,2017-02-02 05:21:59,2017-02-15 14:25:19,2017-02-24,4f8dbb0ae4dc6758963cca6485099f30,2017-02-01
b69a71531e8579d2989792e5fcff085f,971cc2a7308f0b2eae9ac5929df97859,delivered,2018-05-23 23:59:19,2018-05-24 00:19:28,2018-05-24 13:49:00,2018-06-04 19:42:07,2018-06-18,fc19fe9ac733e36ff8227c29435c2030,2018-05-23
27a54410628f54cb15b276a47a14c7d7,e0760d6de182bf294c6a3896fab8d14e,delivered,2018-01-19 17:33:17,2018-01-19 17:50:19,2018-01-22 22:18:35,2018-02-02 20:12:33,2018-02-20,6fd6f55fd011cbfd8f5de03f2a9c28dd,2018-01-19
fd956cbe7c235fe02662e99e854220e5,2dcb2b3963883c9715a581a6e0dc4250,delivered,2018-07-20 13:40:57,2018-07-21 13:35:12,2018-07-23 13:32:00,2018-07-26 20:22:01,2018-08-13,c4c7ddaafdf525ee8be19b4459a6d4df,2018-07-20
d9f01bcaf3105a86a53c477e4c3b7607,3df299918e4f5e6f424cf1f8ef2119ec,delivered,2017-11-10 17:44:08,2017-11-10 17:56:05,2017-11-17 18:38:42,2017-11-21 19:22:13,2017-11-24,738711ef976c3b5798dfefff8b34fbad,2017-11-10
6355eaa9ea0d6a5946978835f89effbb,387183c2d8b0450043d97f07d42fd8d0,delivered,2017-06-09 11:12:56,2017-06-10 02:43:36,2017-06-12 14:52:07,2017-06-19 21:13:36,2017-07-04,869dc5de107f15d9aea724261bc5b6f6,2017-06-09
992738bb51e7ba624763bd8060189c5e,9c865956bfff7e6fe7b54a92e545eb14,delivered,2018-01-02 15:26:11,2018-01-02 15:33:43,2018-01-03 22:34:18,2018-01-09 18:25:11,2018-01-24,4a900ed14a0b91912935992eaf547210,2018-01-02
b048658d074ad2c4863ea7021ddfe990,a2618f04f2eb07c068682d871cf7f5d9,delivered,2017-11-24 11:42:09,2017-11-24 13:35:39,2017-11-29 18:32:52,2017-12-01 13:38:39,2017-12-12,52e05f52b2ccd1945aafaae6ceff7ba1,2017-11-24
b364561ec1da2bd9c795360c47956c21,ede29b8f9090dbe09b81c45d9ef77792,invoiced,2017-07-25 12:48:50,2017-07-25 16:55:12,,,2017-08-10,5de720b4ccca86c53864d53863377fb4,2017-07-25
044d4643b22cf71e768701acd9fc55ef,31c3ec5dc1ec7bea1308a156c95e3b4b,delivered,2017-07-04 09:40:53,2017-07-06 03:15:34,2017-07-10 16:32:26,2017-07-12 18:22:42,2017-07-25,8b8a28ea9c0d1b98fb471b9d408b2b16,2017-07-04
2e614451ea8874289518da9aba093e7a,5ec10d184bc6be701e8cb6d6036f2e88,delivered,2018-04-15 18:43:59,2018-04-17 05:50:10,2018-04-17 22:08:47,2018-04-23 11:28:58,2018-05-09,3547764c8f332a1d998b0e328210d722,2018-04-15
0f187bdbef138399bae3eeee9ec1d48e,6643c99ffb651f9b5002aba628853005,delivered,2018-05-05 17:18:17,2018-05-05 17:33:23,2018-05-08 14:32:00,2018-05-09 21:51:12,2018-05-17,de3a3d7d80594efdfee27a0fd466844a,2018-05-05
ec4015e0b9b735844b7b6c8066835378,d35ff00f29959bf609fd6f1aac62d164,delivered,2017-08-03 09:47:34,2017-08-03 10:05:22,2017-08-03 18:51:52,2017-08-11 20:55:38,2017-09-08,307822a88639f2e78929df9a683186cc,2017-08-03
eaad68bfbcd87a733cc317cf18af4bd2,b3c8c2a46ed7e641686525235e1cd247,delivered,2018-01-14 11:30:57,2018-01-14 11:49:19,2018-01-19 01:48:22,2018-01-19 23:16:23,2018-01-30,052076c689c0768b27a506a8cc63cc65,2018-01-14
99444a1ae54c5cdeb0dc5e97b57aa6e5,3f90b03c801ce19bad60d569faa1bdc4,delivered,2017-08-02 18:18:33,2017-08-02 18:30:18,2017-08-04 18:52:11,2017-08-09 16:32:38,2017-08-23,175100f919fc3643a0358de6e17f7e61,2017-08-02
d758b90e0bc24cf60e79e90ad8dabc53,c079a535248d520556b7b445ade42db2,delivered,2017-11-15 23:54:40,2017-11-16 00:56:18,2017-11-22 23:43:46,2017-12-02 13:22:20,2017-12-13,c852a4b54e1f4a41fadb53196316ecf9,2017-11-15
69aeb590d8f4455ab0bb6b95154c2742,d11cf65608cde4907102879070a75f70,delivered,2017-08-29 23:15:51,2017-08-29 23:25:33,2017-08-31 17:23:08,2017-09-04 18:28:09,2017-09-15,bc12e5c08b6a9d2ca00788cc91bda46d,2017-08-29
e7d94ab6c93320816f9b59df54012a32,3852c9b2aa7cc61aad3e90a9ff12e898,delivered,2017-05-02 02:16:43,2017-05-02 02:25:06,2017-05-02 09:34:33,2017-05-13 10:43:32,2017-05-25,c4d7b4c9565fdd26ff0a5b70880a9401,2017-05-02
1e5ce0718c723a6d1a6b486ab15ac17e,fba9034f567d175bd9588ca03f0a4bbf,delivered,2017-11-30 10:29:30,2017-11-30 10:36:35,2017-12-04 16:59:13,2017-12-20 21:03:44,2017-12-22,59c282092153b12f70ae32dbd3203a7e,2017-11-30
7fec483949a1002d3d89fbb067f6cfc2,6b70af3ce8eb05169ee8e67e661fc9d1,delivered,2017-05-01 15:16:30,2017-05-01 15:25:12,2017-05-02 14:18:25,2017-05-10 12:57:55,2017-05-31,3c40c869d2001e86e3426df52b28984a,2017-05-01
4773c609fb495ef34f84ee9e40014073,90c0add5d6e376019b7c6e5d51314318,delivered,2017-12-11 23:18:44,2017-12-12 00:05:01,2017-12-15 19:35:43,2018-01-08 19:28:58,2018-01-15,9e82cf36beca0850782cd83576572229,2017-12-11
80b2c8fbc0b161d23711d7829e54c6b2,2df2e75bbb4d06a4c066db45e49c16f7,delivered,2018-08-08 23:31:24,2018-08-08 23:44:43,2018-08-09 15:16:00,2018-08-13 19:03:59,2018-08-16,2bfc87dd748d0930243e43472414fbf6,2018-08-08
a0171ff239b3463e4813e36663dac6f8,9777095cf095a5260473d23063c063c9,delivered,2017-07-12 18:06:01,2017-07-12 18:23:54,2017-07-13 19:56:37,2017-07-18 23:04:08,2017-08-03,9cec8e7b4238494aca2d2db6f39909b2,2017-07-12
bcda9fd71fecee3ddcc079cb2f3f462e,0ae620f576d26975295e08ee55a6368d,delivered,2018-01-05 15:30:29,2018-01-09 07:24:19,2018-01-11 18:23:18,2018-01-12 13:38:20,2018-01-23,086d763d4777ba017741e8cfbd922718,2018-01-05
5ee9f6eb126b4f5f10e3176c461848f9,063720fcf0e8243cd82180e83332190a,delivered,2018-03-16 10:36:47,2018-03-16 10:49:02,2018-03-20 22:41:15,2018-03-23 20:41:55,2018-04-04,c8ecf3a1042466096e265a69e8604f46,2018-03-16
b0f28e04b65e78eb17834ffca7363fef,776b26d2081b79fd39e1f83c973c7af5,delivered,2018-06-24 09:24:20,2018-06-24 09:36:58,2018-06-25 13:11:00,2018-06-30 00:38:41,2018-07-24,812dcb73f8578146d744fab3382eca38,2018-06-24
2008d42068c636c1f2dfc2679457e8c9,6b80582697a102880be2d2eb683c754f,delivered,2018-07-04 10:40:15,2018-07-05 16:27:10,2018-07-04 13:29:00,2018-07-10 16:28:59,2018-08-08,60356e77165e290219f6f4a6382b10a0,2018-07-04
e1f36f0422520d149a51a3e55d98b066,2ce90a157ee8e425a0fb66f989a032c1,delivered,2017-08-28 16:02:49,2017-08-30 02:16:19,2017-08-30 13:23:46,2017-09-06 22:57:02,2017-09-15,4aab281b7b03bfd1cdd5552f218b58cd,2017-08-28
d8fae81e30f4b6ab5dadfb1b5ad5f83a,59cf58d00df494fd06409b87d522837b,delivered,2018-03-18 10:22:13,2018-03-18 10:35:27,2018-03-19 22:37:41,2018-03-24 21:41:18,2018-04-05,aae157df342350f9cbdda0faac9d83ce,2018-03-18
16dfc1cb33bb09dbe761bb0d03a792fb,35e64b013fea6a32619974535e13fb20,delivered,2017-05-12 11:18:27,2017-05-12 11:32:43,2017-05-22 06:47:59,2017-05-26 14:36:56,2017-06-02,c371ca8661c67d83408afc4ba252693a,2017-05-12
5d9013fe5dce377c791a2c2fdb499f4b,46acd0958d406a5ef836023f8d1e5a00,delivered,2018-07-09 21:57:27,2018-07-10 04:25:12,2018-07-17 14:46:00,2018-07-21 00:24:32,2018-08-08,afabe3fb40d2c780ff9d109ecf7fc2bb,2018-07-09
bbf7156ddec0d092f58491b3ffee3acb,611488d76c006441b6a4ef164b3fe64d,delivered,2017-05-15 18:38:40,2017-05-15 18:45:20,2017-05-18 14:30:53,2017-05-23 13:03:47,2017-06-07,6e5aeeab1cda94f7a8442c7aaebba5c3,2017-05-15
61ef5e0982e79d6bdb7d3734b7ed8df7,9c9c632749d4d1e99eb3daa9debb01a0,delivered,2017-11-21 16:16:45,2017-11-21 16:29:24,2017-11-22 21:42:32,2017-11-28 21:24:39,2017-12-12,8fb2e52fcbd795b87119ac26b5f50187,2017-11-21
173ff4269077b5594182d14a5f7f4978,48ab76836bb0bcf7b01517f87644ebf1,delivered,2017-09-02 18:35:45,2017-09-02 18:50:20,2017-09-05 20:08:06,2017-09-20 19:47:54,2017-09-26,43b3c1146ad177d1711b04964ad83e7d,2017-09-02
7b1900e11427a097af75a1ae0932b993,15963a62cb3a9bcf6fc25d700bc8a8d4,delivered,2017-12-11 22:24:14,2017-12-12 03:49:35,2017-12-18 17:18:33,2018-01-03 21:07:05,2018-01-09,33430da42f59d45af1988cfb2b9ba1ad,2017-12-11
56fe40ecc356cf04f67dc6c69f010ddd,203c2e51dfe673bb285c3fb84d605ce0,delivered,2017-05-14 22:58:59,2017-05-14 23:40:52,2017-05-18 11:41:47,2017-05-25 10:27:38,2017-06-06,f63490c46cb95af7379c9a88bc3b2d1d,2017-05-14
1cbf75447931e3dbc3c38893fa41a6fb,8c9762b5a93aed9de1fb8958cf167e36,delivered,2018-08-20 13:19:35,2018-08-20 15:51:13,2018-08-21 13:36:00,2018-08-23 12:41:00,2018-08-31,22b64b2593e49bec4155fa8b853c52a0,2018-08-20
493698ce56fc7a2737d5cc7984627879,b00c1b9a6aef3911f4d95198445178c8,delivered,2018-06-08 20:22:08,2018-06-08 20:35:19,2018-06-11 12:26:00,2018-07-04 19:44:48,2018-07-12,94ef9333c608fba2414d59cb52aa555f,2018-06-08
50f1da608adf7f52978abb3906273dad,323e07613fbfecebb13d5074eba34ba2,delivered,2017-10-13 11:14:12,2017-10-13 11:28:19,2017-10-16 21:54:00,2017-10-18 22:47:48,2017-10-31,486d71023877be2d259d015f915f8c81,2017-10-13
c0f3e5b46a6f8a899bb3a9de4afd5525,b62aafcc2d7c2ad2c925b3e30984edbd,delivered,2017-09-24 13:37:42,2017-09-24 13:50:18,2017-09-25 19:07:29,2017-10-14 12:22:10,2017-10-26,1bdfc6d488745f72a41471d85b427db2,2017-09-24
7516210b50a463ba7955ad0d32b9f012,cb075f8f1f97f6c54d2c2ea85336e815,delivered,2018-01-10 18:06:40,2018-01-12 02:48:19,2018-01-15 19:04:10,2018-01-26 00:18:58,2018-02-05,3e1f86036855bfaceb850916cc097864,2018-01-10
cc6581115f5706e74610adf4449e5899,85cd3b35a471fb958a08b4b08fbd1617,delivered,2018-06-19 22:37:17,2018-06-19 22:55:53,2018-06-20 12:37:00,2018-06-21 16:43:54,2018-06-29,893872dee0da455a53fdc742b2884fa9,2018-06-19
a4601549c0054db50e2c61e1a7d49678,8ba470efe6e87cdab5e58ead2e2e94ec,delivered,2017-08-18 22:06:45,2017-08-18 22:25:21,2017-08-22 14:56:44,2017-09-12 14:47:36,2017-09-08,4fda45871d644d13d55b6626a91f24f9,2017-08-18
0c7ccdb239bd524a31dc66094fa59626,b08eed69a3c73eee40d52bed298482ef,delivered,2017-11-23 15:11:45,2017-11-25 05:10:57,2017-11-27 21:19:03,2017-12-04 22:15:03,2017-12-15,7fb04d37922776ee592acec2e22c2565,2017-11-23
b4ea6b63bcab8995631b98deef749657,cd76fc0e4f0234fc6bdf0bb3898f31cf,delivered,2018-01-19 17:20:56,2018-01-19 17:42:41,2018-01-22 19:52:55,2018-01-23 23:36:41,2018-02-05,032296639c7e91f3236f544b0a822b3e,2018-01-19
3d1bbd8630ca04120738e98740d93503,01ea4160e63a7ce5101967e07ddf4c18,delivered,2018-05-14 20:29:22,2018-05-14 20:50:12,2018-05-15 13:35:00,2018-05-21 15:34:39,2018-06-05,be33ce67f6c02b468b94afa895a955fe,2018-05-14
58c590867885881a4b3b8c14bea24125,61f5cbcc9f04228e39d1466c2394175a,delivered,2017-05-23 20:17:09,2017-05-24 20:22:48,2017-05-25 09:45:27,2017-06-02 12:42:59,2017-06-29,947f4be753eafffc31e2dbbafc03f34c,2017-05-23
6bb2dae600af273ea2bf76856368fa70,cf21508ea8c586380f5d19af2bde252c,delivered,2017-10-23 12:43:51,2017-10-23 12:56:08,2017-10-23 20:54:58,2017-10-28 13:42:20,2017-11-09,e011d3558e6f309aad38358a8fba3bf8,2017-10-23
43af6866590ab60c4848da9f146fba99,554008a4e90d3dfef2440abf989525d5,delivered,2017-04-19 11:00:59,2017-04-19 11:10:17,2017-04-19 13:26:53,2017-04-27 19:19:51,2017-05-12,52ebcbada3c76effbbf7f65d3db5ba80,2017-04-19
a814c3bac8cee558887d1cd73a0696a0,e0232cdbaf4e7f5abe9cbc566a0e9022,delivered,2018-08-22 10:41:32,2018-08-22 10:55:31,2018-08-23 14:18:00,2018-08-24 19:42:33,2018-08-31,13cca6b831a40834c4132657f3831031,2018-08-22
9315e7a2e69ca1a49b3ba3c6e908ba2b,6afb012b0bf2e380c8d417d2ead4bd34,delivered,2018-01-25 11:38:06,2018-01-25 11:53:04,2018-01-31 17:59:24,2018-02-22 22:52:21,2018-02-26,0957f511312c8c91c1b3354a6e91eb7e,2018-01-25
d56b0809a6666dd3fbadb40902a42b41,34a0a534995c18027611bcefb36c7645,delivered,2018-08-05 13:45:46,2018-08-05 13:55:47,2018-08-07 12:06:00,2018-08-13 18:28:49,2018-08-20,5f5072aea26091ec5d4d4ac22bd889a3,2018-08-05
d80cfaf2ed047f9e77f5640df7246b64,f6aba665faa637735e3de8c387e9fb5d,delivered,2018-02-12 15:00:57,2018-02-12 15:10:32,2018-02-15 18:49:56,2018-03-08 23:14:31,2018-03-22,bcd27b639420bd22dfd6ef6923daabc6,2018-02-12
2e5443881c945a3b7a3927fc969e1858,10fa760637fc5b5aa3817557d727883d,delivered,2017-11-25 13:04:25,2017-11-25 13:15:25,2017-11-28 23:08:37,2017-12-14 18:14:23,2017-12-26,8c7902803287247ffaa81091b8207e7f,2017-11-25
cc89ebb8288e14b59a8edafe7fb2bbb5,5f6b999b02869d0f7ae1904d7f045149,delivered,2018-05-21 20:08:19,2018-05-21 21:54:07,2018-05-23 10:41:00,2018-06-07 18:23:37,2018-06-08,899423757f951179d78629a413141b32,2018-05-21
b9a703ce4f5ae752f1ea894775d250ff,a905d4b3fe690160573204533764b6df,delivered,2018-08-15 14:43:32,2018-08-15 15:05:13,2018-08-17 15:15:00,2018-08-20 11:58:29,2018-08-20,915c0f70278a02ac026344f1ea994ec3,2018-08-15
9ac048d7ffebba67d54456aa9ec07d7e,43b2b1e92aa657113661dae48ca9e17c,delivered,2017-11-20 18:50:52,2017-11-20 19:09:29,2017-11-24 18:24:57,2017-12-05 22:56:43,2017-12-12,ec756b42272d86d9ea8148a03faad631,2017-11-20
971b9fcdf6d782f0ab6bd66e821442bb,289ddef81062eb0bcc3740239c771fdb,delivered,2017-12-27 01:47:55,2017-12-27 01:57:29,2017-12-28 21:20:03,2018-01-23 17:38:57,2018-01-29,84f2e5707a909e200f164dc7c1ff6cb5,2017-12-27
93cae495607755570d9b4c0c2d0474e6,2eaeb6168aa4c77889f4c92ff8923288,delivered,2018-03-18 09:34:24,2018-03-18 09:48:01,2018-03-20 19:42:10,2018-04-03 23:45:38,2018-04-12,c620bb6fa0152207cc1258d7360e16aa,2018-03-18
a4e65d48cbd25e5dd19d906d3cb180b2,d0522845f3cd4084a840565ddc78dbab,delivered,2018-06-27 16:07:14,2018-06-27 16:15:11,2018-06-28 13:27:00,2018-07-03 20:54:56,2018-07-31,51c79069e6b841c2dcda39aadd3180cb,2018-06-27
13035ade0af633971e01aacc109cfca0,9a871b9eee4d8346148d85a9bab701a4,delivered,2017-08-22 08:22:14,2017-08-22 08:30:20,2017-08-23 21:12:48,2017-08-24 20:27:49,2017-09-04,6619448b6ef9f4ff0189d1a371ca92a0,2017-08-22
52da3d9903e65cea92aa96e6d890ff15,73dfad95286bec1a5540af2d4bec6816,delivered,2017-12-25 15:23:33,2017-12-27 04:07:40,2017-12-27 18:51:19,2018-01-04 20:13:33,2018-01-19,7df36cfafb2967a9f6fb8b0dc9b9b951,2017-12-25
599e2a8d1c0c82f50ac6d898c2efaa94,6292db303bae60b76eefeef966e93b98,delivered,2017-12-04 10:11:30,2017-12-05 10:03:16,2017-12-05 19:57:47,2018-01-05 00:16:44,2018-01-10,e9b4aef6c6ad8f6559b731415d88c737,2017-12-04
e12700852c7af5cdea9d85282cf65ef3,1c407e8ac340a7e03e373f42afd8586f,delivered,2018-04-04 13:14:40,2018-04-05 13:10:14,2018-04-07 01:16:44,2018-04-12 17:58:26,2018-04-24,ee570fc2e7824a9feb0cea7bcc8e2e9b,2018-04-04
6b9aa78b4ae64ba1d10964b1a15b5989,baeea62e4d99ffdfb06f365b417d4060,delivered,2018-08-07 11:30:03,2018-08-08 03:05:28,2018-08-08 14:36:00,2018-08-15 16:32:28,2018-08-20,4bfb29642b89e0eb9dd24f7a397f3c73,2018-08-07
7337e1be328f68eb9c54cc01eee3e19f,c9a824a14e99ee53a9a79571819b6faa,delivered,2018-06-13 06:36:36,2018-06-13 07:00:30,2018-06-13 09:46:00,2018-06-14 17:51:44,2018-06-25,cf96e509a47043b0a182493c618fd9e1,2018-06-13
135abbc3c51d35902766fc491caf6418,365667aa88f6a4dbf2b4fdf13b003d3b,delivered,2018-06-11 20:18:55,2018-06-11 20:40:47,2018-06-14 13:17:00,2018-06-21 18:14:33,2018-07-25,d513c6c6727a80eafbcc43aad83617f6,2018-06-11
dd2abc99a0eb03ae77d66e95f32baae0,287073b131e26eb64b268a0ae7f3ec8b,delivered,2018-05-20 11:50:30,2018-05-20 12:18:01,2018-05-22 13:38:00,2018-06-07 19:46:29,2018-06-13,6049975e5db863438f27c87815a60a5d,2018-05-20
f64b83793e14a3c7d580a03a6c7d6168,20e8d695c6c01ba3b3611d202fe1cda9,delivered,2018-02-14 19:38:01,2018-02-14 19:47:32,2018-02-23 17:26:58,2018-03-09 20:19:51,2018-03-22,5ae6c7d1dc6aa72f1bf84b17ef93bb4e,2018-02-14
eb909499d5b377c57b0af7ce0b005bb4,450cea573eaabf1df0df5c21e5cce1ef,delivered,2018-03-31 13:07:07,2018-03-31 13:27:09,2018-04-03 18:02:59,2018-04-05 20:27:25,2018-04-12,91e59b92e87f627abdab279ea3ab0c87,2018-03-31
ea9bd69504d710943f9f20a822fd49ee,68b92de9c42d4391b14d2889fe20cd79,delivered,2018-04-26 16:49:29,2018-04-26 17:52:16,2018-05-03 16:47:00,2018-05-10 15:32:41,2018-05-18,266992f5f23711a353cf2ae70c70adce,2018-04-26
d77c01a7f1b1ea093949dbc6fe3cc2fa,2e4bda9c3b716e596451491497474dd3,delivered,2018-04-25 17:25:13,2018-04-25 17:55:27,2018-04-30 06:21:00,2018-05-05 11:02:28,2018-05-28,05c400a7bfd72c61f0eff35fd338baa4,2018-04-25
4c0bf10a3238584fbdeacac0151ff12b,d41be06a8b7dcab5822f41510c64ed8e,delivered,2018-06-07 11:15:40,2018-06-07 11:37:18,2018-06-08 14:21:00,2018-06-18 18:11:25,2018-07-18,a1886ef8edfaa82e4c3a6ed844c227c5,2018-06-07
89d1ef8c6ccfdaf55c7f2d5aaa8ded9a,bba94596693a863c168b7fc3246c588f,delivered,2018-04-25 16:02:48,2018-04-25 16:53:42,2018-04-26 14:29:00,2018-04-27 19:24:43,2018-05-09,d63ed544a506d0b45f36cb55cd01307e,2018-04-25
cf4cf05c524fb96eeedceab1be8bf4ad,0fa8638e84cf1aaf8b3242a2e81d8524,delivered,2017-08-05 20:11:35,2017-08-05 20:25:15,2017-08-08 13:35:54,2017-08-09 20:42:26,2017-08-23,252dce9656e60e54afc24a4a5722d66a,2017-08-05
b2950faf96b43ca9d27b0569b5251d6d,a1c2ec049659c398d72fb49ccb85e0dc,delivered,2017-10-19 11:31:32,2017-10-20 02:46:07,2017-10-20 21:36:01,2017-10-25 17:24:06,2017-11-10,a1b7b730e09f2d92657084360f2d5c91,2017-10-19
d94600e5b855ffe8db3b9bc06e21b1bd,9f35486803ac72d115dedc28ef6156e1,delivered,2018-07-27 14:33:28,2018-07-28 03:35:16,2018-07-30 12:17:00,2018-07-31 21:22:11,2018-08-06,bd3c54cfb4d231a2b0d7f26b3f9549de,2018-07-27
cfaff268e0f68c9e833e9a57638d6fd5,3101e9e2d592df1da88ec72302bb87b1,delivered,2018-07-26 12:56:16,2018-07-27 02:24:10,2018-07-27 14:16:00,2018-07-30 16:15:48,2018-08-06,c7f4afeac875a85d51aa4ff11ad70f03,2018-07-26
3ae8eeea4a68becd0f672443d2296216,7a633dcb93fa3668ce37d865419a6fbd,delivered,2018-04-15 20:53:09,2018-04-17 06:11:34,2018-04-18 20:36:42,2018-04-23 18:43:38,2018-05-04,344ffa47a6c718ef1400046843e015f5,2018-04-15
3644344c9ad371ecfc67c6cbeb93531c,286cd699eec7a6faf30e808b715f1180,delivered,2017-09-01 16:54:40,2017-09-02 20:03:32,2017-09-07 00:04:24,2017-09-19 21:21:46,2017-09-25,38589c29dc87cf47d66d8410af1bebbd,2017-09-01
7304fda5565ebc9a2dccae6b9bbcb034,41fbcc1bcfd329a4b7db089c78cc65c2,delivered,2018-06-22 20:33:39,2018-06-23 11:14:51,2018-06-25 13:13:00,2018-06-28 18:52:05,2018-07-16,a4ddc116d846819dbb0e7901f353e9fa,2018-06-22
4d78958305ae68431ebad3b90317b9d5,c2d8b1f31bcf589448e5d2b7a8d401d4,delivered,2018-02-21 12:25:25,2018-02-21 12:35:21,2018-02-24 00:00:03,2018-03-12 18:59:38,2018-03-22,64820f85d78864c55ae76d2d55d0e845,2018-02-21
bc0c038c0ef967afff713f0ada720cd7,1ae437d610d788b4a1e89575f05ce0db,delivered,2018-04-27 14:33:41,2018-05-01 05:54:39,2018-05-02 15:39:00,2018-05-07 14:52:59,2018-06-04,047da58c84a4e46b1e22557054715b6c,2018-04-27
d6559cf575d2b2a2ca5f8c1932094e70,d867a7f45fa7d5dbf33f736581b9b003,delivered,2018-07-25 09:02:36,2018-07-25 09:15:13,2018-07-26 15:14:00,2018-07-30 10:49:54,2018-08-02,3b974605c0e7e9dc99c2ef3e36aa0c6c,2018-07-25
d4e252756885006a02c890a27d6bbf53,8a60cdad54c76dca4cb2967400af00c9,delivered,2018-08-28 10:00:01,2018-08-28 10:10:13,2018-08-28 19:55:00,2018-08-29 16:03:12,2018-08-31,26282ebe59148b5c5d3f7b58c0bb7d56,2018-08-28
2c8e244e1ac6be021c1587d33444bd8a,f2671ad58a644c3de291f370489f2805,delivered,2018-03-08 10:54:34,2018-03-08 11:10:38,2018-03-09 23:19:52,2018-03-17 21:38:54,2018-03-20,c4aa8d1c0d2671cc3fc06775ed039d25,2018-03-08
95dccb26fb812f3ef2dcb2ea92b5541a,4ee1d053f8bdff058f96e04332aaf39c,delivered,2018-04-04 10:46:53,2018-04-04 11:09:50,2018-04-10 20:05:09,2018-04-16 18:29:54,2018-05-03,f1f9da389194bb249f35199e156e03c4,2018-04-04
62ab60742c7a27d40b3791436f197bd4,9e805c4826699827157bef24eeb29bcc,delivered,2018-03-18 21:27:53,2018-03-18 21:48:10,2018-03-22 20:38:33,2018-03-28 20:28:39,2018-04-12,79d1314cd6322fd92e63f377e1b66493,2018-03-18
0e7e841ddf8f8f2de2bad69267ecfbcf,26c7ac168e1433912a51b924fbd34d34,delivered,2017-08-02 18:24:47,2017-08-02 18:43:15,2017-08-04 17:35:43,2017-08-07 18:30:01,2017-08-15,ef0996a1a279c26e7ecbd737be23d235,2017-08-02
c22992301ff1bc03cbdbaf5770b1938f,bb4d5187b89ea6b78cde7926727a3cd0,delivered,2017-11-09 20:33:17,2017-11-09 20:50:20,2017-11-16 18:29:00,2017-11-23 19:06:56,2017-12-04,9164cd45afebaec2d61200f8f51fee45,2017-11-09
92d82a97b257e7e81b567f8ceb8b89a3,fd65e5fe0237e5d9d5a346ed57652831,delivered,2018-06-13 09:18:06,2018-06-13 09:40:18,2018-06-13 14:36:00,2018-06-18 16:17:47,2018-07-04,32a86b4104156ff372232e52478e7f86,2018-06-13
b5338b880d2fff154b28a193361f30fb,6aebb14ebc978691d1a673440a0d385d,delivered,2018-01-06 18:04:32,2018-01-06 18:13:19,2018-01-10 21:06:35,2018-01-17 13:36:43,2018-01-31,ad44f4f1bf7bc0997d0a10061075a58b,2018-01-06
0d8f22964c47deacb4f00a8d35117940,8445ec110a80e65621e44fd63216034f,delivered,2018-03-10 23:29:10,2018-03-11 00:48:24,2018-03-14 00:22:08,2018-03-23 15:58:23,2018-03-28,d44e41bdc5f81007fc8d9ee41924010a,2018-03-10
aac103aa82ea3fbc312b34cbc349859f,930a7d6b31016f869dd9d953667feaad,delivered,2018-04-10 18:45:08,2018-04-10 18:55:16,2018-04-11 22:38:42,2018-04-18 21:11:23,2018-05-10,1cbe41267c3d096b1af62e4b0329c4cc,2018-04-10
0f13cc32312efa26fb2a0f9176f070d2,ef9c800f1fa682108dc5b5ee4cfc412e,delivered,2017-11-09 11:05:48,2017-11-09 11:15:51,2017-11-09 23:28:30,2017-11-20 12:06:53,2017-11-29,3ed0874522994e4546f6867dd2e15e7f,2017-11-09
1f9e91cd0451c86ff49e428f06111021,c445b065520c54b05cc0f634e502da29,delivered,2017-08-11 10:26:38,2017-08-11 10:44:45,2017-08-11 18:31:58,2017-08-28 17:33:48,2017-09-04,fff3a9369e4b7102fab406a334a678c3,2017-08-11
2059a6cad3cfd50e2f7904f250eb857a,99de72c5384fc97537f26080544787ba,delivered,2018-05-19 10:45:27,2018-05-19 11:00:02,2018-05-22 14:19:00,2018-06-04 21:18:26,2018-06-18,e55081e46bd9611516b138594ba4302f,2018-05-19
28291626a693f9b9c43762c8e33aed2b,1ad154fd069294912ff3cddb15bef71a,delivered,2018-07-16 22:11:48,2018-07-16 22:20:48,2018-07-18 15:16:00,2018-07-24 21:08:42,2018-08-01,9cc7e91cd083b7335373ea446c31baec,2018-07-16
25362fbf6aac4b01a28dee1e076acc26,ab35d7de3a6afe9a048803c7cb0ea90c,delivered,2018-08-08 00:43:30,2018-08-08 01:05:13,2018-08-13 15:38:00,2018-08-16 17:58:31,2018-08-20,fa904c16440667583086bfe6c10a9533,2018-08-08
395e54e708db966770b5dcc0ad2d93d4,e3fbec62102fa25ac23f3444551f59c6,delivered,2018-03-08 01:03:40,2018-03-08 01:40:32,2018-03-08 19:36:20,2018-03-13 09:22:19,2018-04-04,a4522510cb764ec153ac9971375794ad,2018-03-08
f92641ff0446a0e1c57195ebfe76e16a,cd21b89339f05955972dc288787533d3,delivered,2017-01-05 14:42:02,2017-01-07 03:44:08,2017-01-11 16:08:55,2017-01-16 18:15:00,2017-02-13,edd1864079b2d69900cbf5c2bcb931c7,2017-01-05
58335754a550554ff0d43f47d488784f,e9cce3d4b0db254795abeaf5c178b828,delivered,2017-06-23 04:06:12,2017-06-23 04:25:07,2017-06-26 09:12:53,2017-06-29 15:04:34,2017-07-17,3876ec7cd0c3892a45b8a3a13a6472f3,2017-06-23
8ef63805460994636446a1e1012ee8b6,5b74e2ca6833cf82961fcedd1b0d8eae,delivered,2018-07-05 17:24:53,2018-07-12 03:26:12,2018-07-13 09:28:00,2018-07-24 16:33:27,2018-07-30,8790e13abb73b966cdb15451644e2fb6,2018-07-05
b6bfbeea1b933b34c91ec0b216a50347,1ece07e2253ede2f81d2c3c7342232a8,delivered,2017-10-11 16:58:39,2017-10-11 17:14:13,2017-10-13 18:12:11,2017-10-20 18:53:45,2017-11-07,124fe05c154060b55f07936ba7be2cfb,2017-10-11
067f4abd68a2b1e0b8b158945a91680b,9d419198e08fe789f309e3a8e58fef7d,delivered,2018-01-24 21:39:44,2018-01-27 02:44:16,2018-01-29 22:49:02,2018-02-27 22:32:42,2018-02-22,cfc5a054f35df6ce92631773f31ad179,2018-01-24
91a96b5defab51616ef57e6b57d47969,c5e12d2d7ee8c109332c67b445d5b32e,delivered,2018-05-27 14:59:49,2018-05-27 15:15:08,2018-05-28 14:15:00,2018-06-11 21:32:33,2018-07-03,e36e2eb89ae69b399eab1c734c0f5444,2018-05-27
dbd87af377a44750880f408405a17ddb,c1d2d2ee31e141c205646299371af1e1,delivered,2017-11-24 16:37:53,2017-11-24 20:32:45,2017-11-28 22:14:36,2017-12-21 06:07:08,2017-12-27,e3f581bff8ad6919337dbe231363af0e,2017-11-24
8d0b6018a2f4e690127e0a2ea6cb4ee7,6d1ca7481939de4a11805bd0692606da,delivered,2018-03-11 22:12:21,2018-03-12 07:08:04,2018-03-13 20:08:30,2018-04-16 18:48:30,2018-04-04,748e35b27d24919ee124672a94380c29,2018-03-11
ecf4a4c673715759b55b3be3a8ea99b2,92ea14246ba314c5642045e9152b75a1,delivered,2018-01-10 13:10:11,2018-01-10 13:29:11,2018-01-11 21:19:52,2018-01-17 17:52:14,2018-02-02,c44accd62100515eee4c93d72f232cbc,2018-01-10
85ead861d8aad2f8734d85d187a42b7f,7c7165957bda66e88708766f34c334f3,delivered,2017-12-07 09:08:59,2017-12-11 18:15:25,2017-12-13 22:24:37,2017-12-19 21:42:40,2018-01-03,34d72d56865d5231b573ac1220cf0af5,2017-12-07
ab15bb9515a2004c3464709fb683adb0,3445d4a25b814ee6bf16c74d2592eb0a,delivered,2017-11-28 13:47:23,2017-11-28 13:58:33,2017-12-01 15:38:43,2017-12-07 11:38:35,2017-12-18,2e03728d04d38cc8dc6880838bd65670,2017-11-28
dda16909ad9bfd9cded321b79e073749,b941f36f010c46501e130569c3f7a490,delivered,2017-11-18 12:48:38,2017-11-18 13:55:30,2017-11-27 12:53:09,2017-11-29 19:32:24,2017-12-07,d9e44c22fba903ca3843c1512e44f82c,2017-11-18
86f326cf5027a4aff831e2c80f1b383e,c99f831eb20be92ec0497c616a6dcc93,delivered,2018-07-24 10:28:02,2018-07-25 10:25:10,2018-07-26 11:58:00,2018-08-02 17:44:23,2018-08-14,fd328e3c3cc802e1522fdcf659417356,2018-07-24
aae20f94697409584dc57072f8a64d3b,da707ccf42e6af809fa782792fefd72e,delivered,2018-05-12 13:48:14,2018-05-12 14:11:58,2018-05-14 13:00:00,2018-05-21 19:32:07,2018-05-30,6e5cc1ac89e20f0c76e77e9173ac8512,2018-05-12
f38d933ca0830750c110bf1a402d0d2a,01addb430c2559dbef0010ca1d4b0989,delivered,2018-01-22 11:03:41,2018-01-23 03:36:53,2018-01-23 18:42:00,2018-02-01 17:38:03,2018-02-19,0ff9dbc9ac3b7763d79c2c5943145dc5,2018-01-22
0b2ee90d3a8923635f74af64e78d2335,ff71a919b8cf5e0dbd3a669249448790,delivered,2018-06-20 16:19:58,2018-06-21 03:47:05,2018-06-21 14:30:00,2018-06-26 13:58:33,2018-07-17,1f0efc3701929510097a0dfabfe64168,2018-06-20
772e38d3917d94f38c6484dde513877f,85ab2f47da7a128c7cff5b28632ec341,delivered,2017-03-17 15:57:36,2017-03-17 15:57:36,2017-03-20 09:38:46,2017-03-29 12:03:49,2017-04-07,965a6ce51596c039ea97f6a355e481ba,2017-03-17
0392299d0f8bdd68d559aff77bf44bab,9a3628001d3e292e330959f661034b0b,delivered,2018-04-14 20:26:52,2018-04-14 20:50:10,2018-04-17 01:48:35,2018-05-10 21:13:04,2018-05-17,b9e123c4adf4b4cb158903c913c16aff,2018-04-14
3f61fdc385ace6c39912703194992ad7,9760003b855b1ab798274c3575f5995e,delivered,2017-04-07 13:46:41,2017-04-08 02:45:32,2017-04-10 13:45:52,2017-04-12 13:25:53,2017-04-28,cff1a4206afe88fe18266e2a02973289,2017-04-07
acc9d9fa3a265bbc6b3411d5e8c5083d,307ca6d3d62b7f56d4c4a76dbcfe83f4,delivered,2017-03-15 15:17:54,2017-03-15 15:17:54,2017-03-16 09:15:51,2017-03-24 12:14:28,2017-04-07,3af0afdfa15d1a9ada578e483110bd22,2017-03-15
b5fc960abab37371da1c03614f4f53f4,4b940010fe9fa9b94f3848ca59102e8e,delivered,2018-04-26 13:13:04,2018-04-26 13:30:29,2018-04-27 15:21:00,2018-05-03 17:58:38,2018-05-22,85c0ec621de9008f7e5c0cc95b9be6ec,2018-04-26
4b62f3ef255e276bf8564f8061361886,8be124a574ac70fa7cbfe6d79845f9ba,delivered,2017-06-19 10:08:05,2017-06-19 10:15:33,2017-06-21 18:11:57,2017-06-23 11:13:44,2017-07-07,1d1ef6c7dc1da586a9f17a4ca49db776,2017-06-19
4b46e49817058cac906f2c219cc7351e,ef30c33fe5c531893c63a1e4532a60fc,delivered,2018-05-15 16:47:24,2018-05-15 17:38:12,2018-05-16 14:02:00,2018-05-21 16:42:28,2018-05-30,ff6ee71f9a6270bea52d127c326f28de,2018-05-15
6ed0160458711e37991b4c5bb0625d3b,6b7773612d35f4b766f522689e092ecc,delivered,2017-09-16 12:02:21,2017-09-16 12:15:15,2017-09-19 21:22:19,2017-09-27 22:09:35,2017-10-10,95e9cd28961cc8643cfea5189ffe3a61,2017-09-16
c186ae09d4d6b5291940be29b05cc169,4ec0d2cb28f8990b106ace8fe8b80cd5,delivered,2017-09-20 15:29:33,2017-09-21 03:04:59,2017-09-22 16:03:35,2017-09-27 21:42:48,2017-10-05,5fdda6aed5afe91b789efcce90de5edb,2017-09-20
c0c1739aaf78cfa636a69c10519b9876,6b8894ad156c065a00870dbd022c9d23,delivered,2018-05-29 20:27:49,2018-05-29 20:54:01,2018-05-30 14:03:00,2018-06-13 00:03:42,2018-07-05,1c9d0668cb8743ee47435d3b8182ad73,2018-05-29
b8730b40b8f9bf7c1d557c083f82a682,abcda364aa8588e2151e33d27268bcf6,delivered,2018-03-26 16:02:09,2018-03-26 16:15:21,2018-03-27 22:42:07,2018-04-05 11:50:51,2018-04-19,2e07d40f17541120c82646b3ea44cd99,2018-03-26
5efcef7a8dde2aa81e8f9943ab60c81f,bc30959eeaf47769b0846717fb9689a2,delivered,2018-03-04 22:32:35,2018-03-06 03:55:45,2018-03-15 20:03:59,2018-03-21 19:58:58,2018-04-09,a71481954d26a90af2eafb1de08f098b,2018-03-04
854bb7838a97e539dd065b30fc08872a,62e4c45005f78e9efce8f9b361151a04,delivered,2018-06-08 23:28:28,2018-06-09 14:59:44,2018-06-11 11:38:00,2018-06-22 16:04:52,2018-06-28,7f8332909b975683069ed4777867f021,2018-06-08
2a413faba9c53fbb45637b8e745f5af9,ad73e36af463651cb09bd467d37acf58,delivered,2018-06-12 21:08:04,2018-06-12 21:42:23,2018-06-13 13:51:00,2018-06-18 16:33:24,2018-07-04,5c1a07aa4582bfcad0aeff22cd078df0,2018-06-12
f3d6f3b9a369c62beee0dcee5584f442,14637e4d4896ccbebeaf2a02b0e2a851,delivered,2017-12-12 21:57:58,2017-12-12 22:10:56,2017-12-13 21:07:45,2017-12-27 18:27:12,2018-01-08,f63181dd4c5b7d91e47629ecb64505c7,2017-12-12
f5230784f920e7820d031097408d88b9,1635ea91e392131cf6e536903ee0f339,delivered,2018-05-08 16:55:00,2018-05-08 17:11:44,2018-05-10 13:09:00,2018-05-11 19:06:50,2018-05-16,5f324ac4527aabba6b96e88bfac0014f,2018-05-08
e219ad747ae4defe726ae79c84ed3819,13de063b98a2469df1e3e21b5dea0a7a,delivered,2017-06-18 23:47:30,2017-06-19 00:43:14,2017-06-19 20:02:46,2017-06-23 11:37:34,2017-07-11,06c5db39fbbb2349c91208f215c0fc5b,2017-06-18
87625edd5358ed519f479259e703b1fa,86140f1b34329457fb0085708f54d3fb,delivered,2017-12-19 22:48:54,2017-12-19 23:53:26,2017-12-21 18:52:10,2017-12-27 21:52:26,2018-01-08,ac5d0fd6a8a15806c41274e9b79f8235,2017-12-19
a72698cb5818851e1f19815692cf256b,483468a56a54dbbbf8f2b2354cc8a729,delivered,2017-05-10 20:04:09,2017-05-10 20:15:14,2017-05-11 16:14:47,2017-05-18 12:05:42,2017-05-29,0178b244a5c281fb2ade54038dd4b161,2017-05-10
2b851d9512b237dafe33b79cf00c9885,75f14c818131a7f552dabb5a34faf9be,delivered,2017-11-29 22:38:57,2017-11-29 23:31:24,2017-11-30 23:00:04,2017-12-10 16:49:18,2017-12-29,b68e32a05cf2dc9c60449e6cd1f98de8,2017-11-29
b96e1ccfc3162bcd442fccd2074e00c9,c8011a51c0e76239227252d56d877260,delivered,2018-03-17 13:03:59,2018-03-17 13:15:19,2018-03-21 19:37:41,2018-03-24 00:15:52,2018-04-16,6f650c260a56758b49a89481701376e0,2018-03-17
97aeae7e7b1d8a32cf3f26c3946eab1d,d7a488cd8b2ccbbe2829910897f0f589,delivered,2018-07-22 22:09:10,2018-07-23 12:31:44,2018-07-24 15:19:00,2018-08-04 16:46:56,2018-08-27,50c7adf7c25188cf27f66e1cfe278fad,2018-07-22
bf7937a823a3232d50fe7a0520ae8c0c,e36beb1a691e2a8425544454f4916f5b,delivered,2017-10-09 14:50:19,2017-10-09 15:15:11,2017-10-10 15:43:01,2017-10-25 19:12:13,2017-11-03,bcfd06ea1136c9aa8e9d8c94c1444993,2017-10-09
8321b0cd9de49601b4c81b6ab4c3f15e,198d060a5ca015d1ebe9cc54c305b22f,delivered,2018-03-22 20:01:52,2018-03-23 19:55:33,2018-03-27 01:11:30,2018-04-16 23:24:43,2018-04-18,269d3f159b0a46b40061a51fe4dfd6ff,2018-03-22
a695521c4f87eeb369e371486b6f7f9e,3ff2f90922ad16093bc27382a477e364,delivered,2018-03-29 20:21:14,2018-03-29 20:30:17,2018-04-04 01:51:43,2018-04-10 18:38:28,2018-04-23,1a9b9312fbedbb9d335104e044e132a3,2018-03-29
d4361586dbdf3e45c6de2faac0714711,2091ac2e252cc73275e670e4e8bf30bc,delivered,2018-07-16 16:46:01,2018-07-18 02:41:47,2018-07-18 12:41:00,2018-07-20 15:48:54,2018-08-03,326196607548544d1d57fb843131c84a,2018-07-16
0475d054d40280dfba750663c9ad7a0a,5c232e92346113f68998cf6395eb457f,delivered,2018-07-24 17:25:33,2018-07-24 17:35:18,2018-07-31 14:18:00,2018-08-03 18:41:28,2018-08-17,cb6a73a40e6a41337e7d0e8799b68e1b,2018-07-24
fd94e66307d89e3285cde20f9766bafd,ccd36c540240c744dd26146ce739e082,delivered,2018-08-25 14:20:27,2018-08-25 14:30:15,2018-08-27 12:50:00,2018-08-28 21:55:34,2018-09-03,edb64356e3fe3a3c3f807d790469b94d,2018-08-25
3a9731efdd545919f0c6c36c8633b7fd,f141fbe08704cd463fd586a9d746b71a,delivered,2017-02-03 00:18:35,2017-02-03 00:31:34,2017-02-03 16:39:08,2017-02-09 18:08:30,2017-03-28,5df0c87636ac65c60a7e0e17964a5072,2017-02-03
6103ae4e3648137cdabab734faf4c19e,147ea8ab00e6417a666c1b9921b64be4,delivered,2017-09-27 00:26:45,2017-09-27 00:56:14,2017-09-28 16:13:57,2017-10-11 20:42:57,2017-10-31,98876080407f518f16df04f975f93668,2017-09-27
2adb88df15a33d97f2990e59b1745820,584cd77e4f94956e942c28ea0eaeed5d,delivered,2018-06-17 21:02:33,2018-06-17 21:15:24,2018-06-18 11:17:00,2018-06-27 18:05:07,2018-07-17,702470ad7032a55a58a13f4c33f1ca9f,2018-06-17
be625dc4e32d2e9edfb3a252306884da,d1ee885105a18181bf52979a83068e2a,delivered,2018-04-11 16:10:27,2018-04-11 16:32:33,2018-04-19 20:59:24,2018-04-25 22:05:11,2018-05-17,7becd543aa1bf3adf1ec4009e7d2e323,2018-04-11
db3fc84b6b11b4b4c892442161860ca9,e9ea17f127953c48d771b37a514d2d66,delivered,2017-12-04 18:07:49,2017-12-06 02:50:17,2017-12-08 02:28:46,2017-12-18 23:44:58,2018-02-13,a089667d283bbe41223a6649741f3d84,2017-12-04
8688a4903fddd7ff09ac974e258c93d2,f3793915d0e091211fbfcd08d3a630d8,delivered,2017-05-04 10:32:13,2017-05-04 10:42:29,2017-05-17 11:07:55,2017-05-23 22:51:29,2017-05-25,699e6b7844a990fe39bec69dfb3932b0,2017-05-04
bd982aee32cd290fc0ecf05ec77c326b,fe11d27a155ab2ad8d59cdcadde0d9f9,delivered,2018-08-04 19:00:40,2018-08-04 19:24:08,2018-08-10 11:45:00,2018-08-17 01:48:42,2018-08-09,3f4265aac241999625e521ccb38ec1ff,2018-08-04
21d1525b1f8b575155ad84f1cac8416b,ece0add9b18630501bd9a4020bbf2637,delivered,2018-02-20 12:17:49,2018-02-20 13:07:36,2018-02-21 18:08:23,2018-03-02 21:13:36,2018-03-12,5a740d409f9eed7b1051a2b08f8198a5,2018-02-20
9b34787245866523a491f855ebc4e8fe,c7a776ecdf532ea82ef9c3f6ce3027e4,delivered,2018-03-15 22:35:02,2018-03-15 22:50:29,2018-03-19 18:36:38,2018-03-26 17:26:35,2018-04-10,e88a158143ca866a6789fe57658511fc,2018-03-15
b6c70f4b37438a78c820423809997c20,3588cd5b4c54f438e59fbdd3df100b37,delivered,2017-10-04 20:45:59,2017-10-05 20:49:30,2017-10-10 17:08:21,2017-10-27 16:45:01,2017-11-08,01ef3ec35f556231aee2f73e8bc6f8a0,2017-10-04
fdace49148cbd2b1a22811baf02f5fd1,a2019bb87b2e136550f4a605ceb5e79d,delivered,2017-12-06 19:16:44,2017-12-06 19:29:43,2017-12-07 23:34:43,2017-12-09 18:39:05,2017-12-22,eb5c27c09badfe9c053416ca5c3c7c35,2017-12-06
45c5f1ab99efdaf580f4d57769aee540,f41ab93e419520367c77c34a6d95c750,delivered,2018-07-24 16:45:39,2018-07-25 16:45:14,2018-07-27 14:22:00,2018-08-02 17:28:31,2018-08-10,a0c2291e43da5ca10c813423b352c1a8,2018-07-24
c4566096644e484021e16258c06ccb4d,1510b5bd7ee4b45beab8d17c5bd15d3b,delivered,2018-01-21 14:12:28,2018-01-23 03:52:34,2018-01-24 23:09:25,2018-02-11 14:33:35,2018-02-21,66d09103672dba7228c25fcb5b3705e9,2018-01-21
2db89d0e7f0dc38ccf1374a6c51b5b7d,fd2767fd04a34f7fe8b2ebb51f86c535,delivered,2018-06-18 23:49:55,2018-06-19 00:15:58,2018-06-20 14:32:00,2018-06-22 17:48:50,2018-06-29,8c2a5c47e0c02478c440038904724cd5,2018-06-18
c1d4211b3dae76144deccd6c74144a88,684cb238dc5b5d6366244e0e0776b450,delivered,2017-01-19 12:48:08,,2017-01-25 14:56:50,2017-01-30 18:16:01,2017-03-01,6ff8b0d7b35d5c945633b8d60165691b,2017-01-19
8f3ad98d076e277ed1beb7bd84e05450,66edddd2f66c4db5b7958299be8733f0,delivered,2018-01-17 15:54:49,2018-01-17 16:11:19,2018-01-19 00:22:40,2018-01-26 22:36:36,2018-02-14,1b0827c85d03946b3de3e3430d23fa31,2018-01-17
aca60cec1bc8f1050c9e956312201026,52f9c62f6fb5fc5aade1a9825c9548cf,delivered,2017-09-19 20:15:05,2017-09-19 20:25:16,2017-09-20 22:22:26,2017-09-21 16:45:07,2017-10-03,9b67500d042a3267a5e9a9371458ad78,2017-09-19
55a8e561e2d5d35ad18732f7d083babe,d016bd90f904bbf7b11789bb7b3a98bf,delivered,2018-02-08 17:39:49,2018-02-10 10:18:42,2018-02-09 19:33:11,2018-02-20 19:57:12,2018-03-07,8624a656262fffbb3e9101a760d8e71f,2018-02-08
072d46cbc49c2ee26ddde8f25d22f617,1966b090f543e7faae8d35fbd5b19137,delivered,2017-09-12 21:58:21,2017-09-12 22:10:19,2017-09-14 16:24:01,2017-09-29 14:17:00,2017-10-03,bd32064dc20647a566342828eded6fd6,2017-09-12
6ec4d2a3950dd8341ae9b8e458e85802,9f2fd58b5e1b4ee026d8bb206a7a8800,delivered,2018-01-21 18:57:44,2018-01-22 13:57:02,2018-01-22 21:48:44,2018-01-29 15:14:57,2018-02-15,414313742a2c667f66f4c08156625c50,2018-01-21
5f9a2288d2f21704d5148aacbd3a4263,ea53ff8d1d4b00fdde037a071e637eb6,delivered,2017-04-16 22:45:14,2017-04-18 04:03:00,2017-04-25 12:33:10,2017-05-10 05:40:03,2017-05-18,49e6749fd8bf4a9218457eb19a92e200,2017-04-16
e52223f2c81fa3a68e1bbd37037abc5c,b010fa7790690f927ff0a2883587e53a,delivered,2017-07-05 13:40:18,2017-07-05 17:36:33,2017-07-06 14:42:11,2017-07-17 19:23:47,2017-07-27,7e15d02591e7b28a5f3521026dc334e8,2017-07-05
6d84eef7bc3b079a4d45a49a3e355784,df2bae9cf7a0caac49c44889325bb29c,delivered,2017-11-25 17:23:43,2017-11-27 17:21:15,2017-12-04 20:09:11,2017-12-07 14:47:55,2017-12-26,2f7c13c9fa506d0b141990d5b55fd936,2017-11-25
e6e4672e14ca0ff3cbdf2e23e1d6cc30,e4c41bebed7244008560be0c59fbe6ff,delivered,2018-06-01 19:28:15,2018-06-05 04:12:41,2018-06-05 12:44:00,2018-06-13 14:16:54,2018-07-11,61b35abbd7346766f191cfbadd401424,2018-06-01
3d3b13a4414d475f80a8fbc1c5afd1df,2fe1b8778eb102b1cac1d48452ed05d7,delivered,2018-07-13 13:01:23,2018-07-13 13:10:15,2018-07-17 13:35:00,2018-07-23 23:04:02,2018-08-17,36133288fc03ebf3835749b27223624e,2018-07-13
91d8044f5ac4a788b325fe556f47c480,bc1955f5c2a40ba7940812bb290c6efc,delivered,2018-03-01 20:13:46,2018-03-01 20:35:27,2018-03-02 19:25:47,2018-04-03 21:08:07,2018-04-03,8048c176aa547c96779b8b0c4b00dfd5,2018-03-01
aa1ec064e8eb975121269dee2a451592,1288b6510d1115cdc0dbb81b0de73743,delivered,2017-09-24 20:10:30,2017-09-24 20:24:33,2017-09-26 20:10:56,2017-10-03 19:28:09,2017-10-24,8caf90d0af455ede16cffd08c4d0d87d,2017-09-24
eada3ac7ed364835ff906f8b4c8b1f72,c83cfa71a2ded601be5ef7d16115dbd7,delivered,2017-11-21 20:27:49,2017-11-21 20:35:52,2017-11-23 23:18:50,2017-12-04 23:59:11,2017-12-11,c3d6b1b5c833c43cfb3b153c507820a8,2017-11-21
d16d1a7491ec2a06c392744f9177d1ef,26f7e20b9ebc14b0de484d49ccb2305f,delivered,2017-04-20 11:09:34,2017-04-20 11:21:45,2017-04-20 12:03:46,2017-05-04 22:46:45,2017-05-31,4dc8f041a96ec301d99be607c8ac1bb4,2017-04-20
cd05a1fc2781f43f5e459c285751e26a,dc9ccc5a17a293fa6ba72ff608436367,delivered,2017-03-08 11:17:14,2017-03-08 11:30:08,2017-03-08 12:03:44,2017-03-14 10:08:01,2017-03-30,4706af85da078301c35ace57729cbc6b,2017-03-08
f3f20a355feba5a3e09b1133932f992f,09b4d423124d6cecc21ae4e3ddb999e3,delivered,2018-08-14 14:14:44,2018-08-14 14:25:18,2018-08-15 12:53:00,2018-08-20 12:28:43,2018-08-29,d82b2672014abcdd65edf3b704f8043c,2018-08-14
a2f084633c53f198fb3ba4148fd4a148,a862553fffca102946274396683cbd39,delivered,2018-02-25 09:57:15,2018-02-27 04:31:05,2018-02-28 17:39:18,2018-03-07 23:18:41,2018-03-26,4e2d666f4bbc94a8ded712172a433d65,2018-02-25
c8b785ff006155b23afd689ffdf7975e,685d525a7b19b0f8984d5786aaa9f087,delivered,2018-05-25 15:44:22,2018-05-25 16:21:48,2018-05-29 12:53:00,2018-05-30 18:18:53,2018-06-12,287b7faf9df02dfc9d7321cd2e6017bb,2018-05-25
82e9ad47f8a0e270d9cbabde98cbda55,075b1ee3e2a225492cca5e5d9791e776,delivered,2018-01-11 08:12:33,2018-01-11 08:27:53,2018-01-16 18:51:39,2018-01-23 16:46:57,2018-02-01,1f3616d9b523b79b9db2d9a1c83133b1,2018-01-11
252c40159f2a9ab94b552a779514e790,c636e0bd30b9ba3bab0e3069bbeae770,delivered,2018-06-08 17:31:38,2018-06-08 20:49:40,2018-06-12 12:33:00,2018-06-19 21:33:11,2018-07-17,8c79713676e402d5fda2e117bc8247c8,2018-06-08
62fb9bca0ffbfb14ef2cc2b79b4434a5,b0696a9afb0d3178cfd6a94f37f453de,delivered,2018-08-06 23:21:15,2018-08-06 23:30:19,2018-08-08 08:10:00,2018-08-14 19:33:44,2018-08-17,b58456db9b788f270a385edd2ad26525,2018-08-06
4bcfd4cbbe95542bb16ad7ba325e2dfa,5d40fb4aaacc3e6990a3a180b6c7402f,delivered,2018-07-27 19:38:06,2018-07-27 19:50:15,2018-07-31 14:08:00,2018-08-04 13:12:37,2018-08-28,eb72092064afe2ddc05010efd235f84c,2018-07-27
ab1a06760db3f8bd369582042ab2cf03,06b09819b81341351b11441f78c0073d,delivered,2017-11-24 21:13:26,2017-11-24 23:59:40,2017-11-29 17:38:48,2017-12-11 12:48:57,2017-12-19,a0f0a2082b269a9715ba874c94b592f3,2017-11-24
e531e9e89d98dd65602ba196b7a619a6,2439a2f77998e224cef5e289f7aeee9c,delivered,2018-01-12 11:19:20,2018-01-13 11:14:16,2018-01-15 18:52:09,2018-01-30 12:26:42,2018-02-14,a184ab92a07993e1127cce0765981979,2018-01-12
3d25ea8a710032b1b66683b23027c0a6,1bcafd5a67fb1b6b93ce4f4ad78e9f79,delivered,2018-05-30 18:20:52,2018-05-30 18:31:06,2018-06-04 14:13:00,2018-06-08 15:38:44,2018-06-25,6d2171a91d51e5cc9f4bbd0b680c3083,2018-05-30
3fd344b2cb1a8468576b09b34e71bf2f,e84638449e86bc37c2f4cabcafa62155,delivered,2018-06-26 15:51:45,2018-06-26 16:16:33,2018-06-27 10:15:00,2018-07-05 20:56:35,2018-07-18,4e4d5ef3efa01a7c611eec17836e34de,2018-06-26
3e43e4dedffaf5c15e579786d0b5317f,016b9c55722fc080b0cbf76d663449af,delivered,2018-08-03 15:37:56,2018-08-04 04:15:24,2018-08-24 13:40:00,2018-08-29 17:46:38,2018-08-17,4185a980aa805f27e1191f57e53bf2d5,2018-08-03
d34c3c0f26d67cc75d6f4038687fc137,874d93028c161780cf20da0b7b3797b5,delivered,2018-05-14 15:24:56,2018-05-14 15:35:19,2018-05-15 14:40:00,2018-05-20 15:02:44,2018-05-30,c17c49aa703f9eda6a57d5cf2543821e,2018-05-14
bde129eebd03ffe125ca818b00f85b92,d8b162ad1239626fbbd3a31ec538afa0,delivered,2018-05-09 11:25:59,2018-05-09 12:14:57,2018-05-10 08:54:00,2018-05-15 20:38:54,2018-05-25,43a1d7fce4fffa3adb9d81586f5f3ecd,2018-05-09
5a662d59a825199b9144985d95896f7d,370b6f7cb5b661309f4a91193f6091ca,delivered,2017-12-14 21:06:57,2017-12-14 21:17:23,2017-12-15 22:16:36,2017-12-27 16:49:03,2018-01-10,5e0e14b2762cfc9bec746b44bd8a1e20,2017-12-14
05709f85ee94e226753ae0ed0886b69b,cfd03e2bdbef45d8d27ada56c4ae0348,delivered,2017-03-01 16:38:52,2017-03-03 02:35:37,2017-03-06 07:31:55,2017-03-16 17:17:50,2017-03-28,36f804a69fdb2b0759b7ae968c11c363,2017-03-01
665f2994ddf4e79dc7a0dbe27e851e8e,65d7cc462005f69879cfdb08e058a239,delivered,2017-10-23 19:42:59,2017-10-24 03:35:46,2017-10-26 13:27:54,2017-11-07 19:41:33,2017-11-23,8247cb60ef6a1d0c8a844cd5832108fb,2017-10-23
eaf0add60b176b64a692a1e382addea8,0a083c0972f90498ff5b26cba872b2be,delivered,2017-12-18 23:14:44,2017-12-19 01:31:23,2018-01-10 01:51:54,2018-01-15 21:43:13,2018-01-18,549b66e101d705e15d0855704a2836ca,2017-12-18
a584b2acfafd53fc605e76baa4a5cfaf,f114414231ebd557e92bf1cd7c4f94c8,shipped,2018-02-01 22:40:26,2018-02-02 16:00:42,2018-02-03 01:32:57,,2018-02-23,730429260d582e3fb07a6a36ec45a1e3,2018-02-01
02342201aaaf713fa9f51c6d44444424,1730e1c6c871728cb55c1648810fa30b,delivered,2018-01-29 12:39:16,2018-01-29 12:52:24,2018-01-30 19:29:06,2018-02-05 19:08:41,2018-02-20,1f68f3d5a98b660595b50cb5572c97e6,2018-01-29
e5c32f239371faa3bdade23da46b2921,a0c4b356a906e7401fabe51d2727bc35,delivered,2017-12-08 14:09:00,2017-12-08 14:19:29,2017-12-11 16:28:40,2018-01-17 20:39:23,2018-01-08,b65500e480c623454e37aea4617b3502,2017-12-08
e009dde166ed889f54967499e49e3052,16195a3a52d14b7a0d2e4b60ab64e9aa,delivered,2017-04-20 15:49:10,2017-04-20 16:01:54,2017-04-24 09:08:42,2017-05-05 13:44:06,2017-05-18,35bbb96d850c5f9ab81302b4dd1670c4,2017-04-20
8575bcda52558e232a65a448dd7deb5d,e0ed7435a85ba0ec18890961c9ed4d9e,delivered,2018-06-19 14:21:32,2018-06-19 14:38:01,2018-06-21 18:50:00,2018-06-25 17:05:42,2018-07-03,0cad1c6c08ef74b3ae7818514c158258,2018-06-19
99121a6a19faf88462f8fe83aeecb844,79db1adcafbefdf198943d7684a88e5b,delivered,2017-12-07 15:57:37,2017-12-07 16:11:49,2017-12-08 19:28:38,2018-01-09 21:35:10,2018-01-10,36e6158d57d16409e8a280e5a5681d6a,2017-12-07
d7c320185a2f9b32f5e2370ff3f8bd64,fc01c21e3a2b27c4dd460ac3fb5539c3,delivered,2017-07-30 06:39:28,2017-07-30 06:50:10,2017-08-04 20:27:26,2017-08-11 18:40:04,2017-08-31,2bca5fe01d46ab5cc2bc5aaade88d850,2017-07-30
b02775846fbeb5c5895619fa76cd75e6,d4ac7deb902f5fa8fc2e76337f4ab38c,delivered,2018-03-08 16:14:09,2018-03-09 02:15:34,2018-03-10 00:46:45,2018-03-14 23:34:32,2018-03-26,09df9dafe3505dd6566e36dab53c4e3a,2018-03-08
e96f5f77a761f30e086e31502550769a,44f630d01c16b97d086569cb171ff290,delivered,2018-01-12 11:35:32,2018-01-12 11:48:35,2018-01-13 01:18:57,2018-01-29 23:08:02,2018-02-09,dfd48567e39ff665818567f467595168,2018-01-12
6949db3c04a148477159a00e408f448b,3dc0c2303d013b87d11d353c2b23ad80,delivered,2018-05-04 18:57:34,2018-05-05 15:35:20,2018-05-07 14:18:00,2018-05-14 23:42:37,2018-06-14,400028a363e9857f1e56833f2be713a5,2018-05-04
01c7b08f0c05952ce15edb928bb63d2d,378b80aaccaaf259cfd1389b968e4bb2,delivered,2018-04-02 16:59:53,2018-04-02 17:10:25,2018-04-05 13:03:32,2018-04-18 18:56:38,2018-05-02,19d49f41fb53c169a6ad94ff06b023b1,2018-04-02
14a695b756de73b46dafb2151dc5ae98,485467dcaa4890765980aed75761bece,delivered,2017-11-26 10:52:41,2017-11-26 11:14:50,2017-11-27 18:17:11,2017-12-06 17:49:17,2017-12-22,2dfff05905c7875d752fb21d8824226e,2017-11-26
9aad2ac2f6d78890d5d6cd313694cc58,9c0855a182df90f5d5a08a743a4a283f,delivered,2018-01-16 22:36:41,2018-01-16 22:51:20,2018-01-17 15:09:26,2018-01-29 22:18:32,2018-02-19,456ce0d747b79f987cc6d5e9f186a449,2018-01-16
23547de53f9322e4e739959f2f0cc8be,ddb890a3ea68c85af048245740135308,delivered,2018-06-05 15:22:19,2018-06-06 06:30:06,2018-06-18 12:35:00,2018-06-21 14:12:25,2018-07-20,93b339f348bc75a8bd53664569a3f9d9,2018-06-05
068306f3ae87b774e579eb36d5714ced,18b3ccdb39831edbfefc432e649d2585,delivered,2018-02-01 01:04:13,2018-02-02 02:54:18,2018-02-03 02:04:00,2018-02-16 17:19:06,2018-03-06,9ab7c789eafeac4e56c370df1172c933,2018-02-01
1a3e279645fab98ff8a8dcdef4b9bb86,60d6b20abdfcd5d6925f73276c4304e4,delivered,2018-02-20 18:17:18,2018-02-20 18:25:42,2018-02-21 21:45:18,2018-03-06 18:16:42,2018-03-15,ac09d8657307aee9a81d04b2df5a517e,2018-02-20
db37f3a504d63cd9e2fb6133c80e0219,e64980ce00332f614cfa01af778368e4,delivered,2017-12-04 18:22:26,2017-12-06 19:53:37,2017-12-08 22:03:24,2017-12-18 19:44:53,2018-01-02,201cf05e934312a524afa65a6565b795,2017-12-04
abeeea9fce5636d390a8d462e783ade0,84d6fb210530092cc812964f47296514,delivered,2018-04-08 10:10:38,2018-04-08 10:29:46,2018-04-10 15:38:52,2018-04-23 22:22:25,2018-05-08,6448171dc4f0dce54beea01748593c62,2018-04-08
a4f692247016a0f0394abc54b63f865d,1fef503d511721f73b5fde31d963fb3f,delivered,2017-05-21 23:59:45,2017-05-22 01:45:09,2017-06-01 12:43:59,2017-06-12 14:36:44,2017-06-22,b029f13f9e92a709a47aa13a8207b274,2017-05-21
4296bf3920be4eaa22d4f0cd0c3467b9,8f0d2d201106ce6885ab7b72beb9073e,delivered,2018-05-08 07:20:00,2018-05-08 20:55:00,2018-05-10 18:29:00,2018-05-18 17:18:34,2018-06-12,d60a2f23557ba7c63bd1be0c3a9df384,2018-05-08
f9ca78db37320d8b51acd2e6eacc3f22,dc7481c01fba1947d83f67e13b422cc4,delivered,2018-07-14 15:44:36,2018-07-14 15:55:18,2018-07-20 15:38:00,2018-07-25 20:42:02,2018-07-30,ac08715eb6ecfbaf0e97a90e3cf0b6ab,2018-07-14
9908ae99065b70b8df618def52474f12,a0acb3880824e745260bae525ba36edd,delivered,2018-02-03 17:09:58,2018-02-05 11:29:59,2018-02-05 21:23:10,2018-02-14 18:51:41,2018-03-12,3617030b47c184af2837f5e5b5ef88ba,2018-02-03
8fdfc7811576948a3617d02fe7ddbaf8,3453409eaefe9c73d2d8fbdc03b97406,delivered,2017-12-13 07:40:14,2017-12-14 02:12:36,2017-12-15 13:58:51,2017-12-21 20:04:13,2018-01-09,8aa49a66922c1e9d746fb8ca5fb6d69c,2017-12-13
cb926a5abfd9b91198cb1bfaea0f4fb9,2801a08fe1fc553a603da319ab543e76,delivered,2018-05-04 08:47:00,2018-05-04 09:12:36,2018-05-09 15:48:00,2018-05-14 17:21:33,2018-05-25,edd1f52248a299c18e1567a3d5e18f69,2018-05-04
8df81a1dab308a92a053ab9c66cac75e,3018fa3065977f4f8ee779c04a66d5e7,delivered,2018-02-14 17:51:11,2018-02-14 18:08:30,2018-02-15 23:58:53,2018-03-02 23:11:24,2018-03-23,ae1cf548171a03ffa46ddc51f3e0c663,2018-02-14
99edc58dc1d02b11403a10338c3a696c,c4784d77ab20f22ff6a8cf8140d43b42,delivered,2018-05-15 14:21:56,2018-05-15 14:35:58,2018-05-15 14:34:00,2018-05-18 16:12:14,2018-05-29,c6c40ec71b3571d6b70d0d6ddf973f7e,2018-05-15
efa8ce996bb690cb0a1b1201374b4445,a7d55a3890b6930701664ffe5cf43967,delivered,2017-04-18 17:23:33,2017-04-18 17:35:14,2017-04-20 10:24:16,2017-05-12 11:38:10,2017-05-16,2fe46c401749e9e36339f1eee4f16396,2017-04-18
6a300a67950956af7a9e1fe6e85c92a4,90eed93cd3b46c2507862e1821afe82e,delivered,2018-06-05 20:19:48,2018-06-05 20:35:10,2018-06-06 14:01:00,2018-07-03 17:08:35,2018-07-16,3c5548812af8809da4ecfb7fb1a35d37,2018-06-05
ba3d396e10bb9cca83f450f0ff8c8dca,146988d07b6d5ff6b0fc85ba6e63e60e,delivered,2017-10-19 22:09:22,2017-10-19 22:28:05,2017-10-20 19:32:52,2017-10-25 13:56:01,2017-11-08,a153e6d30cf5e1fd4847902a6608e7b4,2017-10-19
0b1e1533654221aac3796e0a8ca9161e,5af12d6ae9e2a3254902b61194ce5b2d,delivered,2018-01-18 10:03:37,2018-01-18 10:16:44,2018-01-23 18:36:44,2018-02-02 19:16:59,2018-02-08,adebd3ba2a560347ce9b8d56db7125d2,2018-01-18
786071d2041ebb770c1045944ed57ab2,e57f9faf02866cdf711f60ebf0da9c89,delivered,2018-03-23 12:04:28,2018-03-23 12:28:49,2018-03-26 21:48:41,2018-03-27 15:39:08,2018-04-05,b824956034d7882af2c511d49b773242,2018-03-23
220b5fbfd28bbffc942d3c77f7ddb50c,035ec305e97c979078a8d68778f25905,delivered,2018-07-18 09:35:17,2018-07-19 03:02:30,2018-07-24 13:52:00,2018-08-02 19:06:48,2018-08-16,23f2604a958f938f365a1aa8add49b86,2018-07-18
030f7abd700a4ceae9a8c4cff4b3dc95,8e2d143438d380d522c2a4ccc781c6ac,delivered,2017-10-18 18:07:13,2017-10-18 18:26:43,2017-10-19 23:05:05,2017-10-25 17:30:11,2017-11-09,6b55f7157c72d5b59efdcce5669d1c62,2017-10-18
0ecce757e49491027052d532cc6335f0,b51a5d93de0054961a5ab0ab82e26aaf,delivered,2017-07-18 20:54:59,2017-07-19 20:50:16,2017-07-24 19:59:33,2017-08-01 16:04:13,2017-08-14,03e617aa03379916298509c50f723bbe,2017-07-18
e63b37ab1f91c70300e77e21b27ad11f,02d82f830047e8f02a1092bc7c6599ac,delivered,2018-03-11 12:03:54,2018-03-11 12:15:30,2018-03-13 00:08:39,2018-03-22 20:47:23,2018-04-09,40b9153e9d1e084b64e305161a713aec,2018-03-11
c87d7a80e2ec732b00980f3ea7961603,0798dfe8bcdfc6b4a6e0c4b44300b5ca,delivered,2017-12-16 20:06:59,2017-12-19 11:16:27,2017-12-20 13:42:03,2018-01-03 20:29:00,2018-01-16,aff8a08dea554515329d540bc0fb1967,2017-12-16
1f68afd1b515cc9202ccaadf56181d57,57a27b2aa5a10e277163300509eb09c0,delivered,2018-02-25 14:15:16,2018-02-25 14:28:12,2018-02-26 19:55:40,2018-04-05 22:06:45,2018-03-20,943bb0afb826a269071a6d3153d046f5,2018-02-25
2b52dbab41840708a214e393b22184be,c1a1035d02dcce142fd4735968360153,delivered,2018-03-23 13:28:31,2018-03-23 13:48:48,2018-03-26 22:38:51,2018-04-04 14:44:51,2018-04-16,092d165591b4af3d4c33e02f99f6e070,2018-03-23
6324e65e2ee9229b276012aef741e036,d8af922675854cdedcf291b6a9e29d7d,delivered,2018-04-02 21:14:40,2018-04-02 21:30:24,2018-04-04 01:06:42,2018-04-11 18:58:48,2018-04-24,831d35eb07e4ca4974adf2de9a4dbb2d,2018-04-02
f74dcd65a1cdae9ae89cac2b70c832b2,03239979fa7a96497a4524c1af699b47,delivered,2017-06-25 22:41:51,2017-06-25 22:55:10,2017-06-26 14:57:56,2017-06-27 15:12:38,2017-07-07,bf32a4cdfab5cc31913c0ecea68ec7de,2017-06-25
cf58f2b85e58aa578ff307fe1a3adbea,00fd9131670312e3292287415ee2e498,delivered,2017-07-03 23:01:30,2017-07-03 23:10:19,2017-07-04 13:57:50,2017-07-10 21:19:35,2017-07-27,51fed7c5898cdadba813f39d26ee8979,2017-07-03
338fbb25496b4365065adc83c56a0729,3842f59262a8439427f8fe9da5e62286,delivered,2017-11-21 10:28:26,2017-11-22 02:47:20,2017-11-23 20:28:42,2017-11-30 20:18:58,2017-12-11,6223bdc5aab952ee49dea3511f89e7ec,2017-11-21
60850f50218200d2c61bd3d983e22d08,1bd415bf0765c15f71a42ca3b68cbfcc,delivered,2017-09-14 19:29:37,2017-09-14 20:45:12,2017-09-15 16:21:58,2017-09-20 20:02:59,2017-10-17,498973ca5f91139ababfba82930b08bd,2017-09-14
b40cc33d658c4e802526de2bf8a56d43,3f1ad472702103c94ec12bf58592d772,delivered,2017-07-17 15:12:01,2017-07-18 06:15:37,2017-07-21 14:09:39,2017-07-28 18:55:47,2017-08-09,515e76331fae8d3ab3d873bbbc890cc2,2017-07-17
a044e4274dc3344dd938742300828892,e766e052ac68cab8e6250d63c1b47ce1,delivered,2017-07-25 16:05:53,2017-07-25 16:23:21,2017-07-29 14:22:34,2017-08-15 14:15:49,2017-08-28,349eebf90d7966610f93da0df77c304b,2017-07-25
7d1ce7457c6de5e26ff0d58b395befb6,48b648863faff4c9aeeb417673fb45e1,delivered,2017-11-21 09:29:05,2017-11-23 02:59:22,2017-11-24 17:54:57,2017-12-11 23:37:04,2017-12-15,20bf22beff2ee0911323a756376b8cd8,2017-11-21
1a24c42d543edc3c23123399b8aeb334,e1e5a62021941108f4add835d039e217,delivered,2018-01-14 13:58:31,2018-01-14 14:10:21,2018-01-20 00:21:43,2018-02-10 09:43:47,2018-02-09,5bb5fd8adb1d8a4e4b075e52d48aade6,2018-01-14
76ce88e33d4fe9f50ad83539cd8fdb94,8dcf961ffcf501826028639b9ef25358,delivered,2018-07-14 15:57:35,2018-07-15 15:55:18,2018-07-18 13:23:00,2018-07-24 11:28:32,2018-08-13,535a6b6975007328c04be541be2800d2,2018-07-14
00c47cfa491ef55779ec7557673087fc,7ccd57bc5c4e0f34fcbc9209b2d4bdfa,delivered,2018-07-23 11:36:26,2018-07-23 14:30:58,2018-07-23 16:06:00,2018-07-25 14:41:26,2018-08-06,71d5e9bcbe05f2adfa08c33a109c12e0,2018-07-23
f3d907ca2389186613781da85106e282,7623974c22b1c2ee440dd0ad932316d0,delivered,2017-10-26 13:12:04,2017-10-26 13:29:37,2017-10-27 23:57:48,2017-11-07 19:07:01,2017-11-17,c3efecdc2ca34416d845120af0bfca09,2017-10-26
77647c811d173d4d74674fd37c098c17,29f139d6b158f7be88e7098b843f0a88,delivered,2018-03-05 16:28:53,2018-03-06 16:31:25,2018-03-08 02:39:01,2018-04-05 19:05:34,2018-03-28,d39a9b2c46a066dcf2c02e369012d002,2018-03-05
d4bec1a24c97bd17be18d77297a0f6a0,33e66871536941873f7c041f120012be,delivered,2018-08-09 20:31:52,2018-08-11 11:45:11,2018-08-14 15:54:00,2018-08-22 17:52:38,2018-09-03,d50c10b739ca1b20e38519852508ad9b,2018-08-09
ea33cd2abf7b7fd6896e52eeb87c8ac2,2cd8afb375aa3179d4967024dbf0c460,delivered,2018-08-18 18:29:46,2018-08-18 18:49:21,2018-08-22 07:31:00,2018-08-27 15:51:29,2018-09-06,234cc5348b41521d7d7aeafb5111f0a7,2018-08-18
0916594b6973230f69379f83d3bac036,0e63a54cb887ce4ed340ebf5e8cececa,delivered,2017-05-21 19:07:46,2017-05-21 19:15:26,2017-05-22 12:11:33,2017-05-30 09:38:32,2017-06-13,4c34d2ee146ada6cab4004100f065fd7,2017-05-21
3287906d23c6e6cb0ebb48f0b766001b,1c01b6e99332e712ccd834ae02122d20,delivered,2017-09-06 14:39:40,2017-09-06 14:52:27,2017-09-08 15:50:06,2017-09-19 16:59:01,2017-09-27,88f7972f3f521975d199f30aae8053ff,2017-09-06
c3228fb3eec33bd6bdb6259cda52759d,b398477a817451216f8913ce45a1a2a7,delivered,2017-02-07 19:09:08,2017-02-07 19:22:21,2017-02-10 10:11:44,2017-02-16 16:54:06,2017-03-06,3815f06e9d85c0b0dc33e80abebbb0fb,2017-02-07
b9b02ea6b4c73fad1faffdc7e4deb3f0,703c8a3db3081a6188fc97fd296079a0,delivered,2017-11-23 15:58:43,2017-11-23 16:09:04,2017-11-24 17:14:22,2017-11-29 14:01:58,2017-12-13,6fbff4197c3d0ec405bc634c848778ab,2017-11-23
52dad0f7bc913b9f6bee5df584adeffb,c4b8258f6561d47376f6b321e3e326e6,delivered,2018-06-06 14:01:53,2018-06-07 13:57:46,2018-06-07 12:41:00,2018-06-12 16:27:00,2018-07-17,339226381a666aaee8cda05d4ba45312,2018-06-06
b0e1d9af1bfc3a4d96489c81cf10fe69,e6baa8613ec0f40b1c03a74b605dce5e,delivered,2017-10-08 20:07:54,2017-10-08 20:24:52,2017-10-11 21:13:00,2017-10-16 15:32:22,2017-10-27,060fc051abdd1173a56b173d01e98294,2017-10-08
1dfe6a690d7897fc421a5bd2529b7f47,fb35e193fd247832d71af457b52dd5a3,delivered,2018-08-10 09:44:58,2018-08-10 09:55:17,2018-08-13 12:17:00,2018-08-20 22:12:08,2018-09-03,ea2542ee4bd82e2f5599454821c9818c,2018-08-10
67c8c2016ddabf0059783eb44e921f99,5dab5bf9febbb3b73421ebf0380a0746,delivered,2018-04-30 20:20:45,2018-05-03 03:35:13,2018-05-07 14:40:00,2018-05-23 11:38:48,2018-05-24,643978b81660b3d83a38dbc89d386f8d,2018-04-30
9461233f007294d53c027b24648e02f3,80dd6889d1cd0b80f9ff71789a835f18,delivered,2017-04-17 12:24:44,2017-04-17 13:05:30,2017-04-18 11:16:43,2017-05-10 08:47:52,2017-05-08,e1953c90ac89e51d2a22932191ce0c43,2017-04-17
36e4ebedf866c08c5948ae0f46dfd134,ad4c0cd75c9984308deeb3ecfe6377cc,delivered,2018-01-21 17:37:57,2018-01-23 03:52:34,2018-01-23 20:13:03,2018-01-31 19:52:24,2018-02-06,6f000bb9969e0ac4ae660df65eb61cf3,2018-01-21
ece7b7cba1247b9ac059fc6a6528a075,3fd1372ce0a673e17cca90c7bb33bd3e,delivered,2018-05-15 15:17:06,2018-05-15 15:35:12,2018-05-15 15:05:00,2018-05-25 10:18:23,2018-06-11,cfa3df25cb4b5a4cb8014b1b8c3edc2d,2018-05-15
ebeff2700216eccd71f9e7de886652b3,77128282a85952600858bc2f4c045640,delivered,2017-11-24 16:23:33,2017-11-24 20:18:34,2017-12-06 17:53:55,2017-12-20 21:59:15,2017-12-14,b5128c97b1b2be63ef8fb4f741d85fa4,2017-11-24
19b55ae80ab60aabd581aced47f84e7f,a87a6b9a298bec34555c0ea96d7e0734,delivered,2018-01-31 17:34:15,2018-02-02 02:53:59,2018-02-05 12:41:47,2018-02-15 21:43:31,2018-03-06,5d3dd81d78174c092167fc4806807abd,2018-01-31
c2d00a9eb60169824e8b8cd5b0baf2d1,7dac8705fcb9546ba4ee96aa9458de81,delivered,2017-07-02 15:58:25,2017-07-02 16:10:14,2017-07-04 15:58:46,2017-08-04 12:07:37,2017-08-04,8b686328efe76648e7406bfc31e2198f,2017-07-02
88af1e29bb0ae20c379da31875a94806,e4a07e0acbf6db3487faa3b2932cb400,delivered,2018-05-13 15:43:25,2018-05-14 15:35:25,2018-05-15 14:24:00,2018-05-22 15:37:25,2018-06-06,57c95688d616e48cdbb0136608cdfc42,2018-05-13
6b331bf7ee3fd56657566f64027c8c88,32811f66cad048be39f8128652303311,delivered,2017-08-23 10:59:44,2017-08-24 11:10:07,2017-08-25 20:23:50,2017-08-30 21:28:57,2017-09-15,9146de9c43fa373c4ce8af26c8db8336,2017-08-23
c9fbd3052dbd9c9ff427806225df3ad8,eebae414ff03e98fc5c4ecc1b449d6fb,delivered,2017-11-24 20:11:37,2017-11-28 02:52:34,2017-12-01 22:22:20,2017-12-06 19:48:45,2017-12-14,82a62aed54f385f3bcfdc990fceb57fd,2017-11-24
a74bd7028543600b2bf880c8b7040fa4,4cbd5670977afc1b847668f3263a3d4e,delivered,2017-04-29 00:02:03,2017-04-29 01:02:59,2017-05-02 18:12:33,2017-05-09 09:42:29,2017-05-23,3effc73099890b57bda399120a52d14e,2017-04-29
4a01c3bf3597e6cd8030ee3dc7311e14,520aa27ca1f4ee8465b3ec516e6d0688,delivered,2017-12-26 10:22:31,2017-12-27 04:12:32,2018-01-03 22:36:35,2018-01-15 14:22:19,2018-01-22,7d8e8cca6200fc1bd09e18d48a75191c,2017-12-26
4542fb157f4694bfdef42f42edbd28aa,aa5f87b79875f43b90b310decb62356e,delivered,2017-10-26 16:36:12,2017-10-26 16:49:47,2017-10-31 16:48:00,2017-11-07 15:18:41,2017-11-14,cdb9cf9385bb18e885cbc22166dd2bb1,2017-10-26
50dcbb2a2604b38d231b84bde3f62227,39378689a58075dd0304d79ee3ae0cfd,delivered,2017-10-05 17:40:46,2017-10-05 17:49:32,2017-10-11 18:49:43,2017-10-17 18:43:43,2017-11-07,525236008daa62b6022f35142ef864d3,2017-10-05
861491497ec50d96ed67fcc3b12fdd87,2b5c023861a099fcbeb256f84a73719f,delivered,2017-11-28 18:03:13,2017-11-28 18:16:42,2017-12-04 19:45:13,2017-12-07 22:07:13,2017-12-12,2d7f8c99a4a402e38681f31b05518dfc,2017-11-28
82c5c105e4a317697369d82a36996aa5,44fdef4a8e319ac32493afc9cb0731a1,delivered,2017-11-30 13:30:58,2017-11-30 13:52:13,2017-12-01 20:53:10,2017-12-04 21:23:15,2018-01-03,906632addeb97176ab0944810dd5ae02,2017-11-30
a01a4f4b4faa17b262af0d0a96668e2c,54b1a3f777445eadcd960f085daeda40,delivered,2018-01-12 13:32:58,2018-01-12 13:48:59,2018-01-17 18:19:08,2018-01-19 13:10:08,2018-01-29,0bf36434596b4e96b0bc96204cf2005a,2018-01-12
f76b26cd77226ba5e1e3c800cf1e6ff2,e517764f936509d128d13b3997f6f3f6,delivered,2018-07-18 11:36:56,2018-07-18 11:50:10,2018-07-18 14:29:00,2018-07-20 19:28:26,2018-07-31,c2f4000af590250833394cf820c00a56,2018-07-18
517e46dd2b1a674f95729233d3cdd938,22defe0553a346cf1b024e8ae0243afc,processing,2017-02-20 21:34:07,2017-02-20 21:45:23,,,2017-03-23,8f32bdfc5332314129afa65b90e55dde,2017-02-20
2456307fb247b225d2f68170f76577a6,9940b6b691f76441e13092a0f344dbd9,delivered,2018-02-27 14:08:39,2018-02-27 14:29:10,2018-02-28 21:51:22,2018-03-14 20:26:25,2018-03-27,e76dce3e2b48ad134d59d6d773f27c24,2018-02-27
980bc014d29830d87b56bbc7720a6b6b,250ce9dfe50e99c23fe27a267c718e49,delivered,2018-03-09 15:29:23,2018-03-09 16:10:00,2018-03-12 19:48:53,2018-04-17 20:56:40,2018-03-28,e1a391e4597870c6f0b881a8ef449d6e,2018-03-09
e5476d1c0a9bcc909b2f4bc24559bdde,ae933e624bc868f3e68628d1f5ceeebc,canceled,2017-02-13 17:17:36,2017-02-13 17:30:17,,,2017-03-16,783649d604223aea32afa945a91dda63,2017-02-13
9e675daa2924f26d76059123b4b3b20f,56dde5ae4a599923a54ea1c9a64c3094,delivered,2018-06-10 21:45:42,2018-06-11 09:11:51,2018-06-14 10:56:00,2018-07-05 15:06:25,2018-07-11,e8775e6e3f1e7429767f33e8a83e7819,2018-06-10
0f57f8c8546ce0d3837910801250d944,fe088b708cc9258c6ac74a99a77581cd,delivered,2017-08-18 20:56:48,2017-08-18 21:10:18,2017-08-21 21:17:24,2017-08-24 19:53:35,2017-08-31,117afdd8d1bcf43bd2039004062fea12,2017-08-18
a58d2e45e365fdb3ee3cdac17e1be44a,7dba4217ec92d64903e5c6df3d01b7d5,delivered,2018-07-18 23:58:18,2018-07-19 00:10:23,2018-07-30 06:16:00,2018-08-10 18:48:26,2018-08-13,c0a3b9088154cb7c2c01827474938a8c,2018-07-18
cd25a7c65029c84ae2f9ff0e4b968d0e,b5e5834e0ea55cdba7835b12c756f94b,delivered,2017-11-07 13:59:47,2017-11-07 14:15:51,2017-11-08 19:28:42,2017-11-14 16:41:46,2017-11-30,42e35f263bfc894dd0d9a3114c608b9f,2017-11-07
5a0911d70c1f85d3bed0df1bf693a6dd,b18406a3ade96967766b9868c6989d5d,delivered,2018-07-26 22:26:36,2018-07-26 22:35:28,2018-07-27 10:54:00,2018-08-08 18:31:17,2018-08-22,5f6edfa5d3f33bc9b96c1e91153c8e2b,2018-07-26
41202affb3415784c71821ffb3f95a40,bd098a986b24ba5fe13034ab75b5d7e0,delivered,2017-03-27 20:29:48,2017-03-27 20:43:08,2017-03-28 11:42:58,2017-03-30 13:44:32,2017-04-13,fd55b2c7b286e0681ec57cbf5f23d715,2017-03-27
dbf13fbeffe18a8079ff256049421669,81a968e11737ed91c8092a82a7b19203,delivered,2018-04-26 08:51:45,2018-04-26 09:13:11,2018-04-26 12:59:00,2018-04-27 18:57:53,2018-05-09,03b990046f4ca81a57c049175ff50485,2018-04-26
3d6809371021cc510de4743748a1c235,14124d6de373e10e52cd6a9151cd0ba1,delivered,2018-07-18 14:02:17,2018-07-18 14:10:20,2018-07-19 13:35:00,2018-08-01 19:58:40,2018-08-02,185c2e0246f5c8d792734c7d061d26b2,2018-07-18
42a7750bca23818abc83ea9c3298eace,be036ccfc3a6856c840a58ce5604d579,shipped,2018-06-15 16:50:35,2018-06-15 17:25:59,2018-06-19 15:04:00,,2018-06-29,861611700049d45b3c22c8860c9bd3ea,2018-06-15
36d60fb57f3153d3296bf4738b68fff1,95320685f062ebfbb9a2cd5db6b3a836,delivered,2017-11-25 10:29:16,2017-11-25 10:39:25,2017-11-30 21:21:43,2017-12-22 21:09:40,2017-12-19,1272ebf6c77d5e5d424ee333a587f28e,2017-11-25
177ec1b1bde2badda1cbca0f19f1aed4,847ac392fbef8fe1594965d9d4e94d5d,delivered,2018-01-19 17:47:57,2018-01-20 09:10:52,2018-01-22 20:22:03,2018-01-24 21:48:46,2018-02-09,481ef475da1dac8aeaa1330ae9c3b029,2018-01-19
8970b920e503f453e56c9778b25e8ebb,87330790856db4f08442e7691ccc283f,delivered,2018-06-08 23:25:42,2018-06-08 23:36:42,2018-06-11 15:07:00,2018-06-12 21:32:39,2018-06-26,584b6a4a8b2e568270e3b1d3a3cdeef6,2018-06-08
b2899a43c8dc465bf845340ea77aef50,2502b84eb2384df98b67766e7ec0f81f,delivered,2018-08-03 19:29:37,2018-08-03 20:04:10,2018-08-06 11:09:00,2018-08-15 20:45:37,2018-08-22,a6cba59c4c0f2a153e06859f9c623890,2018-08-03
ae335d085e7fb3e027c0943975a839fc,7cc610197fd6f4bd89859dc4394ec58d,delivered,2018-07-23 19:28:32,2018-07-24 10:31:39,2018-07-24 11:30:00,2018-07-27 18:42:23,2018-08-15,1693124191a45438ce1dca38a40455bb,2018-07-23
cc4609648b8cff3ea47a04fc4380c25c,38add232fe69139e5bf22ec141a8d5fa,delivered,2018-08-07 17:11:14,2018-08-07 17:25:17,2018-08-08 11:44:00,2018-08-13 18:26:49,2018-08-30,4702ba5faa8283e0f6b6a545cdaf8a9f,2018-08-07
a26e448f7fe0273a370e603cd60933e0,24c2f55c41c141c8dd7397b3094d402b,delivered,2017-05-07 13:59:55,2017-05-07 14:10:14,2017-05-10 12:40:11,2017-05-16 13:58:56,2017-05-31,6855bb508eae3d6c13c4a583c633bb73,2017-05-07
e3b7e48fbae78fdbffdf354d08bfcf4a,19f22bf278ae27a092f597a7506c11c1,delivered,2017-10-14 23:57:22,2017-10-15 01:14:43,2017-10-20 15:52:16,2017-10-31 22:13:53,2017-11-08,ec5be40bc0663d0c83680a9f7cc800a9,2017-10-14
2a37ffacefea8f1b482d7126c58d7de9,72990059b09f512e3afdcd886ba0710b,delivered,2018-03-09 20:34:38,2018-03-12 15:01:08,2018-03-19 19:11:56,2018-04-05 18:57:37,2018-04-04,75726b20fc9c4dc49040ba01b4f216d1,2018-03-09
e7cf06bc6a8ae92d204e156e702fd227,be50a8c2140362bea887b2f59782f8ce,delivered,2018-03-13 21:49:07,2018-03-13 22:40:28,2018-03-14 20:35:31,2018-04-04 19:58:25,2018-04-13,fefb7a3dc79dd2dd6ebfdc992149ad6d,2018-03-13
388dda40858e82e8f4fcb271aa62c44b,be55a3694513ede9ff77fb2cdc8e1924,delivered,2018-05-10 16:33:42,2018-05-10 16:58:40,2018-05-11 11:54:00,2018-05-21 13:26:31,2018-06-05,c322c55e736f314629c934f50954bf8f,2018-05-10
f10bf9222606964a98b1a5792871c43c,be398200d966a9a0a53268e75ea30375,delivered,2017-06-06 14:54:05,2017-06-07 02:42:40,2017-06-07 14:57:43,2017-06-12 14:33:08,2017-06-29,b1c3a2eb5dd4e5653ed72d8c1b0f8853,2017-06-06
30ba86172fdf3caf123a7e424bcfb3a8,34db9ccc15a061318cdce4914490cf64,delivered,2018-04-12 19:28:55,2018-04-13 13:14:15,2018-04-13 22:38:49,2018-04-20 11:11:16,2018-05-10,3f93ad0985a6bc7bfe8f351bbe726ae4,2018-04-12
860f0c4fdcb1c4c50661ee588b03254e,33cb0c38ddecb32941f083a5096ad48a,delivered,2017-12-04 14:15:47,2017-12-06 02:50:30,2017-12-14 20:43:13,2018-01-06 13:48:37,2017-12-29,4e5ddd9358c16918943af9b63825c385,2017-12-04
f3f35f7be5c79d343967e86e9d47a3db,6e2003daca97a7a4a0dc170f9a432cfb,delivered,2018-06-14 16:19:28,2018-06-14 16:38:45,2018-06-15 10:56:00,2018-06-21 18:08:31,2018-07-17,4a15c53f2b21fb3225900492a5f377c5,2018-06-14
072de9a4bbfba5f480706c24d61d25d2,29e3a2295fa12b8d38458c597bee5635,delivered,2018-05-18 17:12:45,2018-05-19 03:12:51,2018-05-22 08:04:00,2018-05-24 20:28:29,2018-06-06,a41415ad767a9b63a17539bae0d36c66,2018-05-18
adb0286228ad54df30059afbf42243ac,feae9a3b1042a253d6ead22e76bac298,delivered,2017-04-05 09:33:07,2017-04-07 03:15:58,2017-04-07 16:58:04,2017-04-11 15:56:42,2017-04-27,12a56c6899177584ece45aa47e350cdf,2017-04-05
011af0959ebf2b09a062867811dc63b5,5fbf764940fb75727525f6af71eef49d,delivered,2017-08-06 17:35:16,2017-08-06 17:50:21,2017-08-07 20:22:19,2017-08-09 21:03:07,2017-08-29,6e3fb31caa2b7dc1177aea46a7483f9b,2017-08-06
6fecd5746cec8c5a214bad4a6e67d7e3,bdfc581c6ca7a2509683078b94cb6877,delivered,2018-01-14 00:17:09,2018-01-14 00:29:32,2018-01-18 23:19:08,2018-01-30 14:08:27,2018-02-07,7badee34ea54c9fcf27f0e6880bd093b,2018-01-14
58abb67bdae1bb19e02f0900170da374,a2e7428415373109ec4643182ba16c69,delivered,2017-04-25 14:58:40,2017-04-26 15:05:14,2017-04-27 10:15:33,2017-05-02 15:05:59,2017-05-26,04e01ceba008c9f51cb4e9eb876dfc6a,2017-04-25
5b57099bf3651259b4a02043406b15ce,75a9013ce4705eec87aee9be45ae8c0b,delivered,2018-04-26 15:35:11,2018-04-26 15:55:27,2018-04-30 16:08:00,2018-05-08 20:08:42,2018-05-21,430728ed3519fd082072e8cab2a1d513,2018-04-26
1d69f6b3dd0fc384483cfb2560d8a6a4,222febcc18c882e953a5539e24f097fc,delivered,2017-08-02 11:43:32,2017-08-03 03:10:32,2017-08-07 21:27:54,2017-08-11 19:07:55,2017-08-22,07f4cb8e1e05580da57e8d57c19eae21,2017-08-02
5e6bf1bf3a918bd776e4e85f10672d65,4b7bc29362af1f3421799c9e576c1b9d,delivered,2018-06-11 00:16:09,2018-06-11 00:30:42,2018-06-11 08:26:00,2018-08-03 15:23:38,2018-07-05,f3501b541c3b593c594d8cf4d6d615c8,2018-06-11
51439e5635af258945aeca18f5a04edb,45441e07ba053836a57ea85af22d56be,delivered,2018-07-25 10:09:48,2018-07-25 10:24:23,2018-07-26 13:56:00,2018-07-31 17:22:06,2018-08-15,0d3589a4ab8bf8de1517c84a7b4d6ed9,2018-07-25
a1d7522558e6fc188998886235fbf164,ca12a8820b7c20dead023c6604cd8f00,delivered,2017-04-24 22:28:44,2017-04-24 22:42:34,2017-04-25 19:05:06,2017-05-04 15:10:05,2017-05-15,bf46c400d1900092ee530d1d0d8850fe,2017-04-24
9fa20203d1957233d3ed303707a1b597,2e2f126cf82a864a13a0893bc6f0595e,delivered,2017-03-01 14:31:03,2017-03-02 04:03:39,2017-03-02 09:24:40,2017-03-10 10:16:02,2017-04-05,142c6e341e91f0761d8a7e924f80e9cc,2017-03-01
a1341cb83bbf1b47392f4a3685d56bad,a08a7edd638cbf99e97e2ed2d19483be,delivered,2018-02-18 13:20:09,2018-02-18 14:27:21,2018-03-05 22:17:17,2018-03-07 00:04:53,2018-03-05,1b6f184e6f0e0b29fcccb241f3a483e2,2018-02-18
458fdcdd7b5c74dce496d897a5a974df,175331ead0c0b4d45364cff5f238cc8e,delivered,2018-08-08 16:41:37,2018-08-09 03:45:29,2018-08-09 14:14:00,2018-08-17 22:17:45,2018-08-31,f5e105f581e333aa03537be4deb4fa08,2018-08-08
7d70c05208373b2a03f2a871704855d9,765ad23d182d4724f6cda1d008f79df0,delivered,2017-04-02 22:51:30,2017-04-02 23:02:40,2017-04-03 14:42:31,2017-04-06 11:04:09,2017-05-04,376a8ed3a5863ace7c741d5e43e07ec5,2017-04-02
d2553946a905ea785bc3d4910cb10c4e,ac9bef273ec4a960cc03143b79b411e4,delivered,2018-03-27 13:51:39,2018-03-27 14:07:56,2018-03-29 19:12:22,2018-05-12 00:16:34,2018-04-25,08d3756e1b19beafa1a4d80e797bb63f,2018-03-27
bd971317e81cfe24ddbdd9226751da33,66c8a452c03e793ab9eb44b12bdcb533,delivered,2017-04-08 15:27:25,2017-04-08 15:35:20,2017-04-10 14:44:22,2017-04-15 08:48:12,2017-05-05,b3ccffc2716943cbfae0557e97aa5c61,2017-04-08
82e2dfceae13e4942e8e10d41fe74ec6,3714910fc491aa32f9625b7b06f7b41f,delivered,2018-01-16 21:25:41,2018-01-16 21:32:30,2018-02-27 23:07:50,2018-03-09 22:08:35,2018-03-19,35f7bcf259362c5749d5b5d5aa0b9e87,2018-01-16
dda7e9dc97ce2a40812663bc5e279c71,500e9bef5740343df08a23b9a9e69e5b,delivered,2018-04-15 15:23:49,2018-04-15 15:30:30,2018-04-17 22:21:45,2018-04-19 22:32:08,2018-05-03,38244f285d64696e19b5d2ff854a3ea3,2018-04-15
058d432115cdaa3b04a19b726bdd837a,b352f72c8e71e842b889321dea8de206,delivered,2018-04-23 12:07:17,2018-04-24 19:04:56,2018-04-24 22:26:55,2018-05-03 23:52:05,2018-05-17,048059617701c132b5aa971d2330c2d0,2018-04-23
7d86c4aa9e59504b23f16c7ca68954a7,c4a2da69a354a249cb1c07d703552053,delivered,2017-01-25 16:38:10,2017-01-25 16:45:21,2017-03-21 14:40:51,2017-04-06 12:46:47,2017-03-10,f3cc15d4f36871d4e330ead99799f2ac,2017-01-25
29b821b6d11aa7db50368287e7d8d9fc,e038b560ab54ed1ba07d03cabe859b7d,delivered,2017-08-10 17:08:10,2017-08-10 17:25:09,2017-08-21 22:18:01,2017-09-06 21:05:37,2017-10-05,c68b9c4617085e592c949734e98c43fc,2017-08-10
391b367d6be6ee89d19e3e314606012c,c3690107fafa1e4395f223bdbfe389fd,delivered,2018-03-16 15:59:23,2018-03-16 16:10:36,2018-03-21 00:41:47,2018-04-10 15:46:54,2018-04-09,8c0824d70aff9187b79d41d001cf749c,2018-03-16
b05a481ceefdd66e3102bcb9549ad2de,d568462c9f4f5390aca515ba350e0a47,delivered,2018-05-07 13:09:18,2018-05-07 16:33:56,2018-05-08 14:08:00,2018-05-09 20:59:02,2018-05-15,c0842fc6a034863db2d8479df8435492,2018-05-07
1d74feccf8381303587104e6f647a189,1c5fa35b696f73137a7fa686016e6323,delivered,2018-06-25 01:05:38,2018-06-25 01:35:14,2018-06-25 17:50:00,2018-06-29 15:42:59,2018-07-19,7160cf697c4ea9d2af94c99aeef42de4,2018-06-25
d398dcdebcb172e3625236bee43da9ec,543826d02e97f00429af97e89afae353,delivered,2018-06-07 21:00:11,2018-06-07 21:15:20,2018-06-08 09:58:00,2018-06-18 23:32:01,2018-07-20,557d34854e07834bffcd81ebb340f580,2018-06-07
3599e4616c45ae9b879c2e6c54d76120,ad2764da73e1cc91a4d133f7c5eee1f2,delivered,2017-10-25 21:53:40,2017-10-25 22:07:17,2017-10-27 20:13:51,2017-11-03 21:44:49,2017-11-17,44965b45a336234470af4fcc652a070e,2017-10-25
9cb8098ab14d7f21e32786b85f62f5e2,b8ab289333434ebd7a41ecbf7bde77a8,delivered,2018-05-07 18:57:24,2018-05-09 17:52:43,2018-05-14 13:06:00,2018-06-11 12:21:18,2018-06-07,e8f730c94f50e6b91bb5c5b2f923ea3e,2018-05-07
c1cb4e959222a482322465cab287439c,8182c1f56f172c70d84e6b1efe03465a,delivered,2018-05-20 15:24:00,2018-05-20 15:39:20,2018-05-21 14:46:00,2018-06-06 23:15:23,2018-06-13,afb23867c577b0d782d18e3e4a478d2b,2018-05-20
030840d9a6c8137615d5a2c916667c2c,677fbd5e154bdb06b0ad01bd85aa2ee3,delivered,2017-08-01 14:40:53,2017-08-01 14:50:23,2017-08-02 19:17:02,2017-08-15 18:37:35,2017-08-23,f386a3c957c05fc9f138303155df1c32,2017-08-01
7b73889e40574f23f35f71c026fb141c,ae9b61a69c752fc15eb4944d0c7f0544,delivered,2018-03-31 12:09:11,2018-03-31 12:50:20,2018-04-06 00:34:40,2018-04-10 23:41:30,2018-04-17,4365cd5635c5ccbfe74f5d39fb3c7830,2018-03-31
db4982d0129b4b2ac1eb511ab4743799,048c38095a2e1fc000871b6142e6a8b9,delivered,2018-05-11 13:27:41,2018-05-12 14:12:12,2018-05-16 14:58:00,2018-05-17 20:28:31,2018-05-23,71328a8d994a325d7bb2c0c4a4d3cdac,2018-05-11
c65487f27954240aff0ffd6a4c717489,960aad4c20b1256ebc04fe72bdd7afd2,delivered,2018-04-23 10:50:07,2018-04-24 18:41:43,2018-04-24 19:29:15,2018-04-30 15:50:49,2018-05-21,577377fb391dc3cf6cda10353254a3ee,2018-04-23
72adf8902a7ccd9b21ba70c84f2d53c4,79cb6eaafbdbcb9d443dd5ebd01e016c,delivered,2018-06-06 22:20:23,2018-06-08 02:56:12,2018-06-14 12:42:00,2018-06-22 20:35:28,2018-07-17,6b4d70f9e0b26fb3497b1c6bc76ccf2f,2018-06-06
9eb33d99dc51609493052a2822975ebc,0c269f2f893647162407337e7d8ddc4b,delivered,2018-02-11 01:54:20,2018-02-15 03:55:33,2018-02-16 01:28:59,2018-03-20 20:21:52,2018-03-14,3e91bbc20243d17052482d34de814085,2018-02-11
0e7fec3052b5bdeace9c7f2eef9df18b,cb656f69914f8417a01d030d20329b17,processing,2017-04-08 01:34:18,2017-04-08 01:45:11,,,2017-05-04,ff6c80eff6bc50a0c3b10abd65847a2a,2017-04-08
012219b6d6d034eb359fc74730a080db,8857149a50b77dba1bb318e46bb57f65,delivered,2018-05-10 00:18:33,2018-05-10 00:34:06,2018-05-10 15:25:00,2018-05-16 19:18:52,2018-05-28,91bfa4d9b218b0ba5f4bca20ab8eb63b,2018-05-10
001ab0a7578dd66cd4b0a71f5b6e1e41,8bb3bef4e75a95524235cdc11a7331af,delivered,2017-12-27 00:38:47,2017-12-28 02:33:42,2017-12-28 18:09:35,2018-01-17 20:43:29,2018-01-29,d1f24d1d504e27bee13b415e40daeab0,2017-12-27
b8643ed80a2602a3562b8cb0d6f7a3b1,b1994c703cd18638b76dc9997a5c30f3,delivered,2017-07-07 14:35:52,2017-07-08 03:25:42,2017-07-11 17:17:31,2017-07-17 15:51:25,2017-07-27,2706381a92441555f6055998fef0b71d,2017-07-07
861fa2fc596992bd6ea8bbf16cce85a4,683bbbac6e389b506414f7153b7a0d0c,delivered,2017-05-27 22:15:25,2017-05-27 22:30:17,2017-05-29 09:41:10,2017-06-02 13:22:20,2017-06-21,1d03378e83cea900bb78ae88c12243d8,2017-05-27
1516bc58e1b5b8020aa6595d2e27e858,15f640f1f2a963a27f1dffbdb1360e9c,delivered,2018-01-19 22:07:02,2018-01-19 22:18:28,2018-01-22 22:10:34,2018-02-02 19:48:38,2018-02-14,7d8d80420cca4d15cbd9b927f6b11c92,2018-01-19
139c8eebc7139b2a1d860e4ea3d98b80,8ee5d92401e446faa01e61bf3d546b51,delivered,2018-01-20 00:41:51,2018-01-23 03:52:41,2018-02-09 19:51:45,2018-02-20 18:46:42,2018-03-20,bef3a704acb66b0a1d9bf1761e311cd6,2018-01-20
4f165f4bc415c1db76359351cdec5f3b,12aad5eb819f277ffb7fd13f3656a4d5,delivered,2018-01-20 17:57:51,2018-01-20 18:30:29,2018-01-22 17:34:04,2018-01-29 18:12:36,2018-02-19,6ad411d86c0f4dabae27f152fc1a5787,2018-01-20
50430e1769dcc2c6d4a7db028ed50a81,e54a73f1dbf67381532d18a017272110,delivered,2017-04-07 11:23:42,2017-04-07 11:35:20,2017-04-11 12:15:42,2017-04-20 14:48:56,2017-05-22,8d077ba3ae7f203c536f3b3c76e98bd6,2017-04-07
fede8020c97b05fce24255da2f3e298a,963862856dd9803bf29fa9b5e8e1bdf7,delivered,2017-12-05 08:52:17,2017-12-05 11:03:44,2017-12-05 19:13:02,2018-01-06 14:37:25,2018-01-04,2455450225f2a094149fd37137a3aa42,2017-12-05
3288845a804de0e644d882a3b5f95bd8,aeeac6d2ad88b9a1c516327ffcf28da4,delivered,2018-05-07 14:01:00,2018-05-08 13:55:10,2018-05-09 10:13:00,2018-05-15 15:58:42,2018-05-28,a1cbdb284b0be1c6d02939b19146200b,2018-05-07
f5e8dd6f3cfc89bc152991875437aaa2,b86d636190726d03f8ffa1a6d3afe448,delivered,2017-11-23 23:22:14,2017-11-23 23:31:57,2017-11-27 21:06:57,2017-12-01 14:46:51,2017-12-21,915c38522bfcdbc2684723c3ffe822e8,2017-11-23
46a9fa5d713a569777fb30562505588f,d8b3b1bcf1aef3174859a70001a5f3fe,delivered,2018-02-20 19:42:37,2018-02-21 12:05:40,2018-02-21 22:49:10,2018-03-02 19:05:00,2018-03-16,c2dbde192fb1869051ad7f3b46c2d9d8,2018-02-20
a7739653ad34042369dbc11a3bf21121,4165e16cb64c08c55baeffd9a3b6a08f,delivered,2018-03-04 16:17:57,2018-03-04 17:20:25,2018-03-05 19:56:15,2018-03-27 19:33:28,2018-03-29,07ea2b25a3b8b16ff98e60782182eecd,2018-03-04
9d5cb249282fe0755163341be5939869,20e47a8830fa291c2be8179e9e6af0ca,delivered,2018-05-21 08:52:30,2018-05-21 09:10:38,2018-05-22 13:46:00,2018-05-23 19:28:47,2018-05-29,8c663c472657b90519b851bd8d779796,2018-05-21
28f0558838bcded1adf9bd48f1bdc457,a5d427408fc3114f56e5b528b65fcb35,delivered,2017-03-28 09:06:23,2017-03-30 02:10:23,2017-04-12 15:35:50,2017-04-13 08:47:27,2017-05-03,a5fcbc9e71f8d589a161c685cadedd6e,2017-03-28
913ee03ef93cb2a1abf6adde78dabc7d,891134a54f9e84658b60d48e94251ee1,delivered,2017-09-16 19:56:42,2017-09-16 20:10:17,2017-09-18 21:10:33,2017-09-19 17:58:54,2017-09-29,7fd1da4e74c70877419d20500e1de7cc,2017-09-16
ebb5e749c1cd84b16d8628c9668d7282,ac255dbf462b2ee3fb5c17fda67e7847,delivered,2018-01-31 16:03:47,2018-01-31 16:15:39,2018-02-02 01:37:38,2018-02-02 16:58:34,2018-02-16,8e714421b31bf0865e55be929d99384c,2018-01-31
c73d5fa01a74c67962173f17716b9630,960bf4057534a50e64517fd24a1344a4,delivered,2018-08-07 17:30:48,2018-08-07 17:45:00,2018-08-09 13:42:00,2018-08-22 16:18:56,2018-08-29,6a4a6b6ca4705fbb205db9348233410c,2018-08-07
5aa16b50755d8657183ae7ea1a74543b,55c78bc29570e04ee3d2022cab98231b,delivered,2017-08-20 21:34:05,2017-08-22 03:50:23,2017-08-22 18:32:51,2017-08-23 18:04:19,2017-09-01,3ddf75230a5da0dca3de49ea70faf061,2017-08-20
079f102825b0dc326dd6cb10f33eeb21,1e2322453e139f015d7a024b4eb6dbaf,delivered,2018-02-23 09:39:36,2018-02-23 09:55:27,2018-02-26 23:38:04,2018-03-02 18:07:43,2018-03-19,d02f32aa14aeaf9d657d1bf18702d572,2018-02-23
bd1b3292531bf8f2cf14a4f448b2226e,56e1229b6007b3aae06f26bb7f564bce,delivered,2018-03-20 23:22:32,2018-03-20 23:35:35,2018-03-21 20:32:23,2018-03-28 13:06:40,2018-04-02,d048bd66855d824542fd4700b1f414ce,2018-03-20
94d38d359e23d73c0d4b427c1f84bd0d,4a21474dedd06a28954ad947be2a1674,delivered,2017-04-17 12:34:47,2017-04-18 04:02:21,2017-04-18 12:54:26,2017-05-02 14:13:50,2017-05-10,74e2d1409afd68ed9c55dfd64e134e05,2017-04-17
fd247854b1d057cbfc280fd673c61933,c56ed26e43d943b779814f97329e9371,delivered,2017-10-30 15:23:51,2017-10-30 16:31:22,2017-10-31 21:59:30,2017-11-10 18:46:42,2017-11-17,c4de6c1719eff03b6d30aff09571e272,2017-10-30
43ca42602028c94663642d3d73db93f9,c8ca9d914fe6f62398c93c749e90a74e,delivered,2018-04-09 08:43:24,2018-04-09 08:55:30,2018-04-09 22:51:04,2018-04-16 22:18:34,2018-05-10,4d7a71c1251e692c6d3105785e04badd,2018-04-09
9170aebe7b37a53bea1f29d91488b0fc,a02700fc8188dbb2df5391ef5961d156,delivered,2017-02-11 22:44:15,2017-02-11 22:55:16,2017-02-14 16:41:31,2017-02-24 02:46:07,2017-03-14,ad95527eb93ab5b372afd4f6af9bcf5b,2017-02-11
7eddb5687b87b586fd0b69083ad64b43,defed1717ef59e92b34b4d220be6c9ba,delivered,2018-02-15 22:32:15,2018-02-16 14:32:29,2018-02-16 20:55:54,2018-03-08 23:28:34,2018-03-02,447e903d4a5011a9a43407c8223cf96f,2018-02-15
6c8fdc6f1b35e5126442a74c3bcc36d5,628e02fd5a08035e9259d70b1a3743e1,delivered,2018-01-05 18:13:49,2018-01-05 18:28:03,2018-01-26 18:41:53,2018-02-02 20:29:02,2018-02-08,1d85cad0e21e06dcae9a825e980b26d5,2018-01-05
6acecf438369055d9243e121045cca74,42d857e22f61f10476f0cda1aacc018a,delivered,2017-01-05 12:11:23,2017-01-07 03:44:07,2017-01-11 16:22:53,2017-01-17 16:06:30,2017-02-13,728e4a7d0db4845270091ded0923c71f,2017-01-05
3834305e2900c25bd4f81680aca69373,2069f7dac27ea08a26fbdcdb18ae6142,delivered,2018-01-18 15:45:37,2018-01-20 09:10:13,2018-01-24 00:45:31,2018-03-08 21:11:34,2018-02-20,2d46cbb22b370208bcd767a1c6a4ab68,2018-01-18
4d86c229336b1039a22133f90763cea2,ae69427d92173aa9cc0b0a8b720685fa,delivered,2017-03-01 10:57:05,2017-03-02 03:50:37,2017-03-03 14:00:09,2017-03-10 16:54:45,2017-03-20,be0b65649fd2f8f9111e41a56a8c7d71,2017-03-01
f432e55321dd8f944adae5d73f210af4,c6abf5e250ffa1004b4ac53e3b883ce3,delivered,2017-06-13 15:24:51,2017-06-13 15:43:06,2017-06-19 21:34:05,2017-06-27 16:27:57,2017-07-12,ad6347b3d1ee0be630742d96abcbd9bb,2017-06-13
b1c29680cbde517fcf3393e77aac6ffe,77f3c8da79a0c0a12a2accd97508e745,delivered,2017-02-09 13:07:09,2017-02-09 13:23:06,2017-02-13 12:23:32,2017-02-24 09:47:49,2017-03-20,341e7e501908a2d90a991ff46ca0c70a,2017-02-09
b42139457824c80f921388a5655296d0,c27b9275e1bbffcad85ed3ec3828af88,delivered,2017-11-20 12:47:45,2017-11-22 02:59:05,2017-11-22 13:23:30,2017-12-03 19:07:04,2017-12-15,e1aa29733dfe56846a5f92ac3e4b1cd7,2017-11-20
31a13f8d50978b26e98cb40b18bfbd30,31f0b79edd49b7961c0abf48b7313ca4,delivered,2018-01-23 19:52:48,2018-01-23 20:12:41,2018-01-24 18:42:08,2018-02-04 16:58:32,2018-02-07,d622872c5474dceac934a58a768a1a4d,2018-01-23
e3c07c6d221a59d8d8ef6e9b3e0e3241,327add8939ed5d751acf04a85388e975,delivered,2018-05-17 17:56:46,2018-05-18 04:35:51,2018-05-18 12:16:00,2018-05-21 22:28:43,2018-05-25,ce4960af674a162ee0759bfaf868305c,2018-05-17
3c5aee0b13a653e1b45178d5239dcbc3,b86bfce0c7648e0d53fb1fef4929421c,delivered,2018-06-19 14:01:57,2018-06-19 14:17:36,2018-06-25 15:04:00,2018-06-28 11:32:51,2018-07-04,b5435c9ba16cf0cfcb89af488906838d,2018-06-19
f8e721184f691c61dc23e54beaeff557,b96fd58e5cf43104a84884ad7a9c169a,delivered,2017-05-10 15:56:20,2017-05-10 16:05:24,2017-05-11 13:14:37,2017-05-23 11:04:56,2017-06-09,2327a30321a58fea769d06b849a7fea4,2017-05-10
31eab59cdc8b996f70446d918f2f782e,7ce0426376134feab67c24da8660c2ee,delivered,2017-12-02 20:24:39,2017-12-02 20:35:32,2017-12-04 19:21:42,2017-12-07 17:08:56,2017-12-27,c4ca8994984553d0b0fcf2d989033118,2017-12-02
0847b01cece36c36c9c439bd502babe5,81ddb4bb77adfff778e39bff62e51c28,delivered,2018-04-13 06:35:04,2018-04-14 02:15:15,2018-04-16 18:58:35,2018-04-30 23:07:18,2018-05-09,59476bf1c7cde88ac3277cd08be58fa1,2018-04-13
f21c9390a71ebe18e6b76c7587f4ed5e,ae403339cdfa0c7fceb58eb01b167718,delivered,2018-08-17 20:05:53,2018-08-17 20:15:19,2018-08-20 14:35:00,2018-08-27 22:56:31,2018-09-06,71b81b3b9bf1d73555376197536f598b,2018-08-17
b6165efbad3f8539e365b9ae5a2f3c44,2747a5ba134c0dd15f098207fc9130a4,delivered,2018-05-10 10:13:46,2018-05-10 10:31:59,2018-05-17 11:35:00,2018-05-20 10:15:29,2018-06-18,64df076fb557552498049bb07ed1cd5f,2018-05-10
47eb16c7c5c5142c9c161ba03eb77d91,948c311225a9a32ade87d7fbdcf5dd65,delivered,2018-04-27 14:51:32,2018-04-27 15:10:09,2018-05-11 12:45:00,2018-05-17 16:54:29,2018-05-29,dacdc17685f4811a3529ca7bf0744325,2018-04-27
f9d852b1cf2bd8c89bc635849359cb4e,4476f06eb0d6308ab0f681b6f07297c9,delivered,2018-06-07 16:13:24,2018-06-07 16:41:18,2018-06-08 16:32:00,2018-07-12 12:58:18,2018-07-20,a672a210c738771b15fe1c39f9612f7a,2018-06-07
c8e2fc076c63bc36ce75c94acd6b4aea,1aafbd6c618138bdea72b569bc4482d8,delivered,2017-12-03 17:07:46,2017-12-03 17:16:26,2017-12-04 19:13:00,2017-12-10 16:59:30,2017-12-28,53324a789787c654ee97d413bec20bec,2017-12-03
fbc0e39ffd844ed939344840824834d5,5d40e40a115412d6648b11a43456a255,delivered,2017-12-04 10:51:02,2017-12-04 16:31:11,2017-12-07 01:09:41,2017-12-11 20:57:49,2018-01-03,1f9aa6c9eeaa21fe0759d5dddff6c48d,2017-12-04
83abd54a97c64e537933fcfe2fe1c666,af697eb5c7d65fdbfd0e10e0afe9f0bd,delivered,2018-01-19 12:17:41,2018-01-22 14:15:03,2018-01-26 13:52:50,2018-02-14 22:17:06,2018-02-14,e89df4d831207e6db38cd2904568b0d1,2018-01-19
21f09bf30ca7f813ec079b4774e485ea,e3636070c56f27303e58ff0153d85859,delivered,2018-01-07 16:27:48,2018-01-09 07:24:04,2018-01-10 18:48:14,2018-01-11 20:10:04,2018-01-24,69ae6c88aedec56a6bd40f8ac8aff0db,2018-01-07
825d77fab1993c218cce8b9c36a6a450,8650af36255e4aee7b5adc5251e6ee11,delivered,2017-09-23 11:06:10,2017-09-23 11:15:13,2017-09-27 18:12:19,2017-10-02 21:37:16,2017-10-23,e66e20554b301694df07bec45298e25d,2017-09-23
43de756a962b59796a31a894bf9b37df,7a89b488bf7b415c2674060d36808b4f,delivered,2018-02-23 13:56:36,2018-02-23 14:15:31,2018-02-26 22:37:36,2018-03-14 21:04:15,2018-03-28,28dd1607a5e16ed5458919c2afca6476,2018-02-23
bb9086d1b5a79d97fe4d0f981e656336,c38e493f060462c871fa079fccd3e2be,delivered,2018-04-28 10:54:29,2018-04-28 11:10:22,2018-04-30 14:43:00,2018-05-11 16:36:33,2018-05-28,e3b360582401d81ec673203e2a3a3f52,2018-04-28
96bb1f97b225fb91cdfced5bbae3166e,72489d31a97af15877047f405726c01b,delivered,2018-08-03 03:47:35,2018-08-04 04:24:02,2018-08-06 12:25:00,2018-08-14 18:36:54,2018-08-14,673d08996b6f3e23a85bc869585ba305,2018-08-03
a132f4bdf1eb9803546cef73ca7bd322,ad69970e0884e13fc4e5874f5cd2867b,delivered,2018-07-19 11:01:33,2018-07-19 11:15:19,2018-07-19 14:29:00,2018-07-20 20:41:52,2018-08-01,ffaf80e0cefcd053686d154623068063,2018-07-19
7372a6934463ad68c06feb59d74c1b12,92eb4436e4254a822bcd35ee157c85e2,delivered,2018-04-08 22:20:03,2018-04-10 03:35:27,2018-04-10 22:26:18,2018-04-19 21:10:50,2018-05-08,b225cffd5fd9382dc74d39aea6813fc6,2018-04-08
faa048d9626a532632b1eaa258eda69f,2c560360a2c0dd8310ab2803712e7f1c,delivered,2017-04-06 22:28:06,2017-04-06 22:42:31,2017-04-10 10:06:54,2017-04-12 09:29:52,2017-04-28,b809eb0b4e9337cc3e17055d71d32eef,2017-04-06
c1f68a068a1e19a39e7f22734b58cca3,88742c42755e79a923cfbb665fd7b320,delivered,2017-12-27 19:16:10,2017-12-27 19:26:38,2017-12-28 21:21:59,2018-01-05 21:12:09,2018-01-29,12dba3dfc0be82c12e0ba27387a4d90f,2017-12-27
c94939ec208457c136427d40ea7bb4cf,bdc00c07c6a1107c61ae7e8a75d3071c,canceled,2017-09-06 16:23:33,2017-09-06 16:37:13,,,2017-09-25,c4cfcd036711f6a5743b36d378124f5d,2017-09-06
37ba9866dd63f644c50fc7a9351ccf8e,f359f71fa851a82f01355903628e6f37,delivered,2018-06-30 10:59:53,2018-06-30 11:15:15,2018-07-02 07:37:00,2018-07-05 20:32:35,2018-07-23,32bfd5f49a904f938574ab461ce740bf,2018-06-30
6d7b9cba0e798f9b68b2c0745b38859a,9dc4cf072184adc87274ccd4811b508a,delivered,2017-10-16 12:18:33,2017-10-16 12:33:55,2017-10-19 17:12:56,2017-10-23 17:45:05,2017-11-01,66ae4493fc7c710a8db6d9620901f40d,2017-10-16
486243a178f73c65e29ab9636617a49a,7fe3a43f893d6ed31805e5688ec1f46a,delivered,2017-08-02 16:32:40,2017-08-02 16:45:09,2017-08-03 17:02:57,2017-08-08 14:42:55,2017-08-22,67caff935b3a9243ea79cdc671b582da,2017-08-02
3e73a3d4003ea03e955b2fba57e2dc79,46742eaea64c916d632b97c24f6b8da2,delivered,2018-07-15 17:50:12,2018-07-15 18:04:11,2018-07-17 12:26:00,2018-08-01 13:39:36,2018-08-02,f02718b711fcef6de51bd38c643a236e,2018-07-15
18fff28b262a583fa603571f53521574,98b28fae1ad7a081bd716c664eba6d60,delivered,2018-07-26 22:27:20,2018-07-28 02:50:21,2018-07-28 09:04:00,2018-08-07 21:44:26,2018-08-10,cc97fdfed9c759fea081462e7e48b467,2018-07-26
c2036cc87daa31d91f63b204717a9602,7411191c690609f0521c7911833402b8,delivered,2018-01-03 19:11:31,2018-01-05 02:35:30,2018-01-08 21:08:32,2018-01-16 22:19:12,2018-02-07,5e653822c6afe00340c3a70f0cbb8816,2018-01-03
985a31fe34d1b11e3ba6fb850c1803b3,3fa2f965d8c9e53dfdc0e65fe81846bc,delivered,2018-02-20 18:27:09,2018-02-22 11:31:52,2018-02-27 17:39:50,2018-03-08 23:40:51,2018-03-15,f03d0ef0a5eefc4ef4c3b73bbd36d955,2018-02-20
34aed6e4313d7573b0d3b459f3a805ea,7afdb6b1737919a448daeb749ee49758,delivered,2017-10-31 18:50:36,2017-11-01 07:06:26,2017-11-03 20:52:14,2017-11-14 21:54:08,2017-11-27,0f5f758216c397ef8237f5d1e236e9b8,2017-10-31
5c023462e58e2ae6d5d23ee03de1563c,0c2f6a31ec4940b249ed3e65304a8a6e,delivered,2017-05-25 08:08:14,2017-05-26 02:30:22,2017-06-02 10:41:08,2017-06-09 18:12:37,2017-06-19,adf4fe4a0c7455d38ce27058d4b85f97,2017-05-25
3055c704b2969a70a3febbdb53e4610e,59390e181ea3e52762859a066ae9df7c,delivered,2018-04-02 10:40:08,2018-04-03 05:35:21,2018-04-04 19:28:24,2018-04-09 17:31:35,2018-04-26,dccf1a0f9b53de36973078b406226253,2018-04-02
298ee4d77c0352fc41f432254afdf1d3,9005de3b7e1a3343884c42045229d360,delivered,2017-03-27 19:32:14,2017-03-29 02:16:00,2017-03-29 13:30:41,2017-04-10 10:52:07,2017-04-27,dfdd9655f4a59d95b15b27c0ce6777c3,2017-03-27
489d445ae0d85683025845f59deb8a61,65560c2f677f3f45909f7af70006649b,delivered,2018-04-28 12:57:40,2018-04-28 13:10:11,2018-05-02 12:26:00,2018-05-08 11:58:47,2018-06-01,39e9cbba464b86fe7b4bf8d6dfa4b259,2018-04-28
4aafdb1594ef5ea1e342d5c6f54d95ef,d4a8166779d8d8b3b662152300284c2d,delivered,2017-11-24 15:42:47,2017-11-25 04:54:42,2017-11-27 17:22:02,2017-12-04 18:26:50,2017-12-19,d2ee7ee3dd8874615b357368168427a3,2017-11-24
237f43cab0bd638f4fd760618fde8246,def29eac0753a10aa156ff1c3ac96575,delivered,2017-07-06 13:13:40,2017-07-06 13:25:18,2017-07-06 15:22:18,2017-07-17 16:47:21,2017-07-26,e2cd06f768aa9fe3e020adf7457eca37,2017-07-06
69499ad287db14f2ca4ccf16a67536b0,a8abfe715d37e28718e35fc36acdb5d6,delivered,2018-06-19 12:05:40,2018-06-19 17:45:43,2018-06-20 14:43:00,2018-06-22 18:06:33,2018-07-04,5441980157f94cabde9349e3ad529187,2018-06-19
321d9d09f4d1ffa67dd4ca76b9914da0,6d4b01823fdaba3e45b7d933041a8579,delivered,2017-11-04 20:27:39,2017-11-04 20:36:35,2017-11-07 18:47:34,2017-11-21 22:04:40,2017-12-05,1d514d88794bb46123db575f387bf739,2017-11-04
7edf24d26573e36b72c670b3810ab3e0,bc71e262cce8735026fd6858ceeff0fc,delivered,2018-01-22 18:01:50,2018-01-22 18:17:00,2018-01-31 20:22:39,2018-02-01 20:49:54,2018-02-06,a6037690d0e7234cd7d735ab9f3c23b9,2018-01-22
f8355c46f4d1be555ecad989a0d0c143,ca0a1d30c91a8d47a2924787babc05fd,delivered,2018-01-15 17:18:20,2018-01-15 17:30:48,2018-01-17 17:03:56,2018-02-19 22:42:05,2018-02-21,23543f7b7a625dd5f72754ad1382a55a,2018-01-15
287ee962359c54437cc32cabcce0f87b,8a7f70a4738488de4317e32152ee32a1,delivered,2018-03-20 23:39:31,2018-03-20 23:50:25,2018-03-27 01:27:45,2018-04-03 22:08:42,2018-04-02,71456ddb942427c15a97e6ad5bac2260,2018-03-20
82abb29aa619c2fd597a4267ea7069d3,2e403c554b8457025a15714287aeeeb5,delivered,2017-07-05 09:15:25,2017-07-06 03:15:11,2017-07-06 16:24:04,2017-07-11 19:49:34,2017-07-25,9863c758a10c8d938f054fb48c464738,2017-07-05
e0e1cc569a1f7a8ddb27bf2c4168e479,f2d64a61cd105a8b332ab077f5f04683,delivered,2017-11-30 18:36:43,2017-12-01 14:24:52,2017-12-01 19:41:56,2017-12-22 15:55:43,2018-01-05,63b002017ea9b6a67a3fce4780dcf90f,2017-11-30
4240d84451ff02c5a7f3f34926699cd9,1072ac5dc4911bd53dd08f11d024ce2a,delivered,2017-12-01 15:32:44,2017-12-05 04:13:27,2017-12-05 20:44:52,2017-12-12 20:44:10,2017-12-29,40a01c0e311a2ab2fe2c62fa17e602af,2017-12-01
5fce8f6bc4ab72e0f367e21d181bf6d2,3cf509090b88103244b83a5b3923049d,delivered,2017-10-01 23:41:19,2017-10-01 23:56:10,2017-10-04 19:36:11,2017-10-10 20:34:59,2017-10-26,f1aef84cc9848a0f2618b6cee49c8628,2017-10-01
ae2ee748fed0ababe6ae778cfb2acf94,ef445a4c46458174d26228fea9a223ae,delivered,2018-05-20 20:03:45,2018-05-20 20:19:07,2018-05-24 08:38:00,2018-06-07 16:33:13,2018-06-07,9ede21088a7d7e1d9e32c210cc88268a,2018-05-20
1f152e8a187901569881be643e6f8784,32ea4d680f5a59da8b6cf9146d3c53f2,delivered,2017-06-10 00:11:20,2017-06-10 01:10:28,2017-06-12 14:34:05,2017-06-29 12:35:45,2017-07-07,7815428b9830964ff7acc51d3342b0a8,2017-06-10
a72dab58dbb03b5509db9d29c658dc0d,0d507db4606f81ff5d5211c8d3047bdb,delivered,2017-12-24 00:05:52,2017-12-26 07:46:01,2017-12-26 21:33:34,2018-01-10 17:14:18,2018-01-30,3279f77315e1f85892d965c2e0418225,2017-12-24
e752e06086626026b152f99c6f51fb65,ce63721c88f1ef79883255c7d1e7b1d2,delivered,2018-06-28 20:16:04,2018-06-28 20:31:14,2018-07-03 11:20:00,2018-07-10 17:24:45,2018-07-12,a3557c41add815192a02cf3429cbe2a5,2018-06-28
7911b64405b6667c48cb3f1334f85432,b01ef4421b00f84fed4e522f7774bc00,delivered,2018-01-21 22:49:13,2018-01-22 14:03:22,2018-01-25 00:15:49,2018-02-06 18:13:18,2018-02-15,a73c5464692d3bc09d64e3edefae9015,2018-01-21
6917e117776da5f60f8403c2120ecb68,1e4d5a2d659196f90c553ddfca5a6a3d,delivered,2018-06-28 17:57:37,2018-06-28 18:10:37,2018-06-29 16:21:00,2018-07-04 17:12:34,2018-07-18,4be204732c28956a31a22c294d0b59f9,2018-06-28
b8472009a4253f5c47392eb3341af63d,bc1e2e1688670f650404bc89665f3b78,delivered,2017-02-24 09:07:13,2017-02-24 09:15:18,2017-02-24 11:51:24,2017-03-01 11:58:02,2017-03-17,284d6bbe873523ddaafba1ff080a7b69,2017-02-24
bb27db571451a22cce47832d688ae49b,63b3eb851faae3c3c19d106082e2810e,delivered,2017-03-11 12:45:00,2017-03-11 12:45:00,2017-03-13 08:41:13,2017-03-27 12:56:06,2017-04-12,4ecf25c37c4543d4f54524b0e0c8dd04,2017-03-11
fedcd9f7ccdc8cba3a18defedd1a5547,13aa59158da63ba0e93ec6ac2c07aacb,delivered,2017-09-23 14:56:45,2017-09-25 17:44:41,2017-10-02 23:47:54,2017-10-18 22:35:50,2017-10-23,6fbc7cdadbb522125f4b27ae9dee4060,2017-09-23
c1f1899f5b553547785b16b311b96867,b43e8b6cf1345320c36be9dd251513dc,delivered,2017-05-21 12:50:58,2017-05-22 13:10:31,2017-05-23 09:11:26,2017-05-29 10:42:48,2017-06-09,8537b738200120f21bfa4dea14b3e7d5,2017-05-21
21c24f8f2452ec20a5184abfb269c35e,f60d4f3c75d127b2146459d4c79b92b7,delivered,2018-08-08 15:50:08,2018-08-08 16:05:15,2018-08-14 14:05:00,2018-08-16 15:51:38,2018-08-15,560f9523eb41b967e76296537846815c,2018-08-08
72d242bd537df6df087634f6065d7f62,03d01c3308507d5d861af0d89b65beee,delivered,2018-06-11 15:01:51,2018-06-11 15:20:52,2018-06-12 15:24:00,2018-06-13 18:56:38,2018-06-20,7a74f59a3969e7ccb6ba0eacef87d838,2018-06-11
f4b402f41d84476637560a1408843094,dcfcb361d3bb5ad1f5819299c57832fa,delivered,2018-06-15 21:52:01,2018-06-15 22:20:34,2018-06-18 13:52:00,2018-06-19 17:46:40,2018-07-03,7b477904e807cabe7c2a0bb865c1732d,2018-06-15
8dab252811afef5ef25d5cf29263f9fb,4d23236c4d3bb44a62b0693bfca5fba5,delivered,2017-07-08 14:17:21,2017-07-08 14:30:14,2017-07-11 15:47:23,2017-07-14 17:42:47,2017-07-28,8e230bd8305ed73c1b300633eeebfa08,2017-07-08
a9d045793a3a75774ac0fedb5d7d46c6,2467f4b55c35ab6b015f09d0312570a3,shipped,2017-07-04 10:50:11,2017-07-04 11:05:16,2017-07-05 17:03:18,,2017-08-03,0d8696c6a5acf0374e17b9a0a59e1296,2017-07-04
c90a73b5ef059a234ef5d65c235ae154,94822da72de9c6e43f0f6990d899fe7b,delivered,2017-08-02 18:26:50,2017-08-02 18:43:15,2017-08-04 13:17:54,2017-08-23 13:32:49,2017-09-04,fe22d9ef4dc744b3be63f4fda1146de7,2017-08-02
ff359d1c749b2f33549ec323a0736175,60842c6f4e508a6db3a9bdc307bde294,delivered,2018-05-15 11:09:53,2018-05-15 11:34:32,2018-05-16 14:10:00,2018-05-22 21:04:07,2018-06-08,10f7763eb3a45581e0402f7022977f9a,2018-05-15
4b5b18aa8c223d77755f02dfb2f3a1a5,0e1b17d09c043febb1b71ade300fc357,delivered,2018-06-27 22:41:31,2018-06-28 01:11:26,2018-07-02 14:40:00,2018-07-12 11:18:27,2018-08-01,592f7582fefbe45dd0986a1fbbf80e13,2018-06-27
8c76760a4b7536aee6464556551cfb45,e59fdf8add3f2579fa55094117b2f2ef,delivered,2018-01-23 17:23:34,2018-01-24 16:14:24,2018-01-30 11:05:08,2018-02-19 17:07:40,2018-02-26,7ad6aaf3b7b0ef9fbb2b3403693246b1,2018-01-23
638ed9beae45e801ece6dacd6767bcab,2d4b189601571f1783dad95d7f204330,delivered,2018-04-15 23:20:35,2018-04-15 23:32:01,2018-04-16 23:21:55,2018-04-21 00:31:44,2018-05-23,f004c96039b4bd50675d33e34812fcc2,2018-04-15
afd0dbbab8e90d099aaccdd8ed7d5f26,6ce21a80311ab8b07f36944962b01681,delivered,2018-06-14 17:20:31,2018-06-14 17:40:01,2018-06-15 13:05:00,2018-06-18 21:22:15,2018-06-28,d1c191b64557c7c27229ac1bc45c2507,2018-06-14
ec6ec630f8a398e0da49ca915969bffa,8209a3936175e3005c195b126952c392,delivered,2018-04-04 17:24:24,2018-04-04 17:35:28,2018-04-05 20:06:37,2018-04-18 02:03:36,2018-05-04,4dd4051cb1709064afe3e4f371dea06d,2018-04-04
ce2a343a30b603fc0e6e886211c02666,1d7d49c93f8ef7545dee138fbee100da,delivered,2018-02-26 16:44:23,2018-02-26 16:56:04,2018-02-27 23:33:48,2018-03-16 15:38:22,2018-03-21,5dfa1727c334ad487d1473f28c7e7446,2018-02-26
3cd99c2644261f4b3bf7f70f67e4b5f2,d9ef74a91ad65ba313ff15f78c65159d,delivered,2017-10-20 08:49:05,2017-10-20 09:06:10,2017-10-23 14:23:55,2017-11-11 14:04:56,2017-11-22,fd358179adc6171c9c6c51e0d91e6b68,2017-10-20
ea2af6a29a4586d108a72a4db3b7f6c6,2b76dc3d276278deda563fd2940e4df6,delivered,2017-10-07 16:40:07,2017-10-07 16:49:33,2017-10-10 16:38:08,2017-10-19 19:47:47,2017-11-03,2f46f781c0179582d951e58cbd68b725,2017-10-07
550f7653632f43410dcc64a9aff55f45,8cfcc5f2a65aea50bfa7e70daab6ca22,delivered,2017-09-05 22:47:31,2017-09-05 22:55:18,2017-09-06 20:33:16,2017-09-13 00:11:19,2017-09-27,8a975e5f2211cfb1b910c039421e4dfe,2017-09-05
90b6617b9e582f286d8b5d1603c292a2,00f8ac751ae484a82adb20b42ad1aca7,delivered,2018-05-08 12:30:32,2018-05-08 12:56:47,2018-05-09 11:23:00,2018-05-15 16:46:52,2018-05-28,cf9546de2a77aa119bba565138bf5d34,2018-05-08
a35f08311f3c3ceb67be9ff5c1828886,3fe4ae2a8958da697c995d38b5412fed,delivered,2018-08-10 11:48:38,2018-08-11 02:44:35,2018-08-15 13:54:00,2018-08-28 13:18:35,2018-08-29,b6862b461ae74dffcaa67eae0a5360f7,2018-08-10
c04c6951e6206fd810d0ea3a673d4aa8,d988ef09677afc0bd126e2cea24fc404,delivered,2018-04-19 21:22:22,2018-04-19 21:35:19,2018-04-23 10:26:47,2018-04-28 12:38:44,2018-05-14,ddb9c76a88db1c39e15a8a044b6a7e1c,2018-04-19
85bf8863657bff31006811d45d1c8db9,40f0183f7439212e8ce53dc6103dfb2f,delivered,2018-03-24 14:44:41,2018-03-24 14:55:29,2018-03-27 10:08:48,2018-04-09 13:35:42,2018-04-17,00090324bbad0e9342388303bb71ba0a,2018-03-24
e2c0db58acdbd422711f241243fc726d,779e0edac139514814022d578f355a1a,delivered,2017-12-23 13:39:17,2017-12-27 04:07:09,2017-12-28 18:28:05,2017-12-29 13:17:08,2018-01-15,e146a37aa457c18518a5a20faccda1fc,2017-12-23
38886f218185dea64ae0c39a629d89de,dab1a35dfd0c64c1c733fb67b0a9e9a0,delivered,2017-10-24 15:43:08,2017-10-24 15:56:26,2017-10-25 19:52:37,2017-10-26 16:07:55,2017-11-06,ade2a262fe6c4dd556b2a221e1b27b5a,2017-10-24
2d7020e369fc532ef78a4529a7626a33,1c95b09c726b049072f3fd5563f26ed7,delivered,2017-08-01 09:44:26,2017-08-02 02:55:45,2017-08-03 17:21:29,2017-08-15 19:43:53,2017-08-14,58f93aac906cdbdb0ff96b3224422d0c,2017-08-01
f81ed3e1a19bd4246ee3e90b01359eb0,0e453162f1e34646ff631c2379109bea,delivered,2017-09-16 20:00:17,2017-09-16 20:10:17,2017-09-21 11:37:43,2017-10-01 16:57:50,2017-10-13,15818985dbcfa443935b42d3afcadb76,2017-09-16
25f18499b3e850741c120ec6c11fb49a,2c4635620ba30da704d3bdc7be49ec5b,delivered,2018-03-04 21:50:56,2018-03-04 22:28:34,2018-03-06 18:16:56,2018-03-23 11:02:20,2018-03-21,8efe1728bf8a8777f9356cc5b14258b3,2018-03-04
b7f9c9109dcd289ae63ca77bfade44f7,6b135521bcd9a610cf8182ff64a589e1,delivered,2018-06-30 23:22:38,2018-06-30 23:35:15,2018-07-02 12:42:00,2018-07-04 16:35:50,2018-07-30,416fe0cd730f41a424697093f013f217,2018-06-30
17f027e58cb5cfb188bac60e3abc5cfe,498ce7988d1d397953797898c734dc82,delivered,2018-02-23 17:59:57,2018-02-23 18:15:24,2018-02-27 18:43:16,2018-03-12 15:24:54,2018-03-15,e7a1c791bc9982fe20ddccf0cadc0f14,2018-02-23
8a98ad89f447011bd6ed7b90a5cc2b4a,981da8b1932e85101035b14e52d8d88c,delivered,2017-11-04 20:07:29,2017-11-07 07:30:31,2017-11-07 21:51:56,2017-11-20 20:12:03,2017-12-05,30638e9176bb2e8c6edf015710f8c8fa,2017-11-04
d8af11fee1f5a13bf7b3584b9cce55fa,035702d60604fde0df3e3d975fcc3aa2,delivered,2018-02-10 16:31:15,2018-02-10 16:47:57,2018-02-21 18:47:34,2018-02-26 18:04:34,2018-03-15,7f8112eefdcd5f49770d46f5b140445d,2018-02-10
5f12f5808949a84f28f6b6efa02a77e9,4aefbb772ae619de2cc832a2d7526ff6,delivered,2017-07-24 21:13:55,2017-07-24 21:25:19,2017-07-26 11:07:54,2017-07-28 18:54:54,2017-08-11,58cdef5233eec8a8b4691865a257229c,2017-07-24
c7e76557ba75c7bf080e84d4b2601806,25d3a6dd1c4787e3921588aa1de6cdef,delivered,2018-03-10 00:15:34,2018-03-10 01:00:33,2018-03-10 16:46:36,2018-03-28 17:28:45,2018-04-17,30dcdd394e62170ca2afdec875f76e46,2018-03-10
7ed7752bf9dd6de1da9e4dced0e6e120,89c01907f673c71b5f5024596575a276,delivered,2018-03-25 08:38:07,2018-03-25 09:27:42,2018-03-29 20:37:28,2018-04-06 00:56:24,2018-04-27,b1d66b7707c3fb51d53d161c0658cf88,2018-03-25
619d32010fd4ff5df842c79c8d2dee26,c90d47c7c9b9d0ee0d62d48db7490c7c,delivered,2018-01-26 12:06:07,2018-01-26 12:21:44,2018-01-30 22:07:30,2018-02-01 20:29:23,2018-02-09,d5ba620fcd151ba209361b8d52fa18ff,2018-01-26
5d3a31f4c1c7625511f6d9b2bdc3b20a,5f48af50fd9393286c1016a7e62bcc1d,delivered,2018-06-10 20:02:59,2018-06-12 05:16:17,2018-06-12 16:19:00,2018-06-22 12:58:39,2018-07-11,a542adc7c16e1f4f85bf94f4bc164a14,2018-06-10
4ddf81090e51b75c85693a623ffa2551,e987cf82b8a19cb76904d0e1c59bdeaa,delivered,2018-01-10 09:20:54,2018-01-10 10:31:45,2018-01-11 19:51:51,2018-01-19 17:54:46,2018-02-07,6463c20c719267f6ff2d365ab8a86dae,2018-01-10
366cd70c12d03e78401252dea8e27bf4,fc71b69bc2e2341ee7074f4b9396fb95,delivered,2017-06-18 04:07:55,2017-06-18 04:43:57,2017-06-19 20:03:45,2017-06-21 17:07:28,2017-06-30,8522849f103f0c4f01ff87fa53bcf2ab,2017-06-18
31f280f556b8d9944ab746adcfcc7d83,3d8fdd99e18dff4cc13218d33846b2d9,delivered,2018-03-31 20:34:08,2018-03-31 20:47:33,2018-04-12 23:36:30,2018-04-19 21:26:30,2018-04-18,42179b7841b5d9d16061945876a789f8,2018-03-31
e04cf90ef64b387df946d2ddf4542605,aae0017ae58ba5d5ac3a167b01a43f75,delivered,2018-06-22 17:27:20,2018-06-22 17:58:41,2018-06-25 13:38:00,2018-06-26 12:22:01,2018-07-05,988fb9fe07eae25cd299d2f46f9b2beb,2018-06-22
29049da83627b9d57b5f4f9bf861378c,c277744e507e2e184d51d5e438b90103,delivered,2017-12-31 18:40:52,2017-12-31 18:51:28,2018-01-04 13:49:30,2018-01-11 20:22:51,2018-02-02,da32b742431f04abc1a90b68893384bc,2017-12-31
1710c56069303e33d5014ad19ff1d402,6950e00305cacdb75bd497302c430d68,delivered,2017-11-19 13:22:30,2017-11-19 13:35:23,2017-11-22 17:58:37,2017-12-04 23:59:01,2017-12-11,9a45a1329d6d0d958bd15bbd2f619275,2017-11-19
d30162aca68f89b06d618c38ef7b88e0,878d2c3535d8b240c4cf6b6536963f18,delivered,2018-02-01 18:53:40,2018-02-01 20:53:32,2018-02-03 01:44:33,2018-02-21 19:17:02,2018-02-26,554e86a4882554448c17fe48bce0bdf4,2018-02-01
b38869bc2ba9d5776522abd4be60168f,cc93c8a56518db1b736fbb33bb74228d,delivered,2018-06-15 07:41:26,2018-06-15 08:00:19,2018-06-15 14:15:00,2018-06-19 17:38:44,2018-07-05,91a8e898b4d523890123febf84dfbef4,2018-06-15
4ce0878b1fe7231ce22e503117abc62e,e5529ccffa8468799205a6e959a31bd6,delivered,2018-04-09 08:53:33,2018-04-09 09:09:55,2018-04-10 20:48:45,2018-04-16 20:28:47,2018-05-04,298c82330d6cbd3e5df8d818327ac4a3,2018-04-09
5cd688955f6e1066065fb55213589afc,712b75336797a9b64ca4ebdad576add6,delivered,2017-06-08 00:06:50,2017-06-08 01:10:34,2017-06-16 12:39:37,2017-06-27 11:27:53,2017-07-17,da9731584b5894c687262f350ac86bec,2017-06-08
36af11f74568a0546f14fc0e5a0c2851,bb5fc5de2c32b73753d3663397e7a056,delivered,2017-12-14 16:50:47,2017-12-16 16:53:41,2017-12-19 22:09:22,2018-01-12 02:26:50,2018-01-11,1883e6f6e7da56b180416cbe13ec15ff,2017-12-14
5d77e1d80ea67e8a68570ae87730fc2d,3ad16b9c5e94ca886631bee7a641d599,delivered,2018-01-25 16:25:41,2018-01-25 16:39:31,2018-01-26 14:36:15,2018-02-03 13:39:00,2018-02-19,d86c24c6858579f47494fe770074214e,2018-01-25
76c077c302894d52a9cecbb6bc322b24,563e9c2a3c5061cdbdf8cb6f828cd165,delivered,2017-05-02 15:56:35,2017-05-03 11:50:18,2017-05-03 13:22:51,2017-05-08 07:37:51,2017-05-23,d0a6b16b246f9250bfef28b28e6eb166,2017-05-02
18e1040478d9e22d2f785cd537be7220,173e691b5776b05e991d8830c97375af,delivered,2017-11-20 14:31:05,2017-11-20 14:46:41,2017-11-22 18:34:48,2017-12-02 00:37:15,2017-12-13,9d14977959925b8018ed3534d9c93858,2017-11-20
e99f1890d51b721509ed9db47fb0bca8,d61f410054ba09f3b01c47ddcb280529,delivered,2018-01-02 15:16:36,2018-01-02 15:28:29,2018-01-04 15:05:47,2018-01-05 17:05:37,2018-01-19,351720d06536d374631362d8ed8835d8,2018-01-02
3ad3f961be5de9064df7ea138472ab70,9561cbe131566d0fc9b5836adb0a6f51,delivered,2017-08-16 22:10:31,2017-08-17 00:15:20,2017-08-22 20:40:02,2017-09-04 21:47:55,2017-09-19,d7e771496e85a920dd61c0eb2b1f0a32,2017-08-16
ca7d7c95b0f170aae8a2ee59e2f24f66,021e3ddcc0581de5bf087b1d87e4b136,processing,2017-02-09 16:09:42,2017-02-09 16:23:37,,,2017-03-10,3fb1672507c668998549f7c91cbe932b,2017-02-09
34ea732800750b670e5f33c56ab3a94e,09d7f60a8fdfeef225e4e5dcd447047d,delivered,2017-09-03 17:12:40,2017-09-04 17:24:00,2017-09-05 12:37:10,2017-09-11 20:09:44,2017-09-22,022e9ef39a8047a24a813f57ad382b94,2017-09-03
a8349221f179d6b9b634e38c3e2c800c,c89804ef71f8c8888f76d683addfd6ba,delivered,2018-04-28 13:36:47,2018-04-28 13:50:20,2018-05-03 14:53:00,2018-05-04 17:52:29,2018-05-15,04c8d1d940857332059a45d7cc9a906a,2018-04-28
1250c047d9434703c09e72486d44b928,de346ebcb74674350a541a1438944479,delivered,2018-02-22 14:39:41,2018-02-22 14:50:49,2018-02-23 19:45:36,2018-03-04 10:58:59,2018-03-22,ce49048d40e9e781f1dccfef7d619071,2018-02-22
d04d69f547962363d9ddba414975a8cf,ad5bf58044ff40d216e23b93b611e0f9,delivered,2017-06-27 11:00:17,2017-06-27 12:03:56,2017-06-29 13:51:46,2017-07-11 15:41:59,2017-08-08,cee4856c8a2c855360b1aa32e204a412,2017-06-27
63ad1c833ae5ad87b55b35ceacb7921b,2767cbc47001ca955a4efbfd851b1f59,delivered,2017-11-09 12:13:09,2017-11-09 12:31:00,2017-11-10 19:51:45,2017-11-16 20:34:29,2017-12-01,c49f37b63acdd80a2378e78c4e0cc1d4,2017-11-09
d167d4b7b391f26fea23a114ac44706d,9eea546120409aca23a75a64d9c26878,delivered,2018-04-17 15:07:46,2018-04-17 15:15:30,2018-04-18 23:28:43,2018-05-02 22:36:33,2018-05-24,a092eae5ff7dd7c76bb41aae8ffdb1d0,2018-04-17
cd74cd8f3a1445a29e098dcac4cc8d11,522798e320397e9049c8ec58d85843bb,delivered,2018-07-19 20:33:00,2018-07-20 20:25:13,2018-08-07 17:17:00,2018-08-10 22:03:46,2018-09-03,c1d6b3acce320f7fe811d54554febfd4,2018-07-19
191d075b61db3a892fde83330d82d7c6,93499e967d2b2772a3f8b73108913eaf,delivered,2018-08-08 21:09:45,2018-08-08 21:25:16,2018-08-10 17:10:00,2018-08-13 21:54:30,2018-08-15,b25515ed07f325ab43b6bd13de85d2d0,2018-08-08
d8d8abd9a4aa1b36575678bdf5e9d23e,aadf2752fbf607535468b271f7f7d094,delivered,2017-03-12 22:47:16,2017-03-12 22:47:16,2017-03-16 05:37:56,2017-03-31 09:46:05,2017-04-06,6e24457b3e5fbcb86beab8de6c1e9c21,2017-03-12
90fec0e548f05b95e471fde56c7e98c4,a10b8975ac685a2dcdeb9a2a82ceab2a,delivered,2018-06-18 20:53:32,2018-06-19 03:57:04,2018-06-20 13:29:00,2018-06-26 19:03:47,2018-07-11,1187608bf0213d8c8314592e6b7f3b7c,2018-06-18
3a9ba7770cd43147a6d152187d05be65,5d7504bb571eba259df58c649095ebac,delivered,2018-05-21 11:47:59,2018-05-21 15:05:57,2018-05-23 14:05:00,2018-06-09 18:39:34,2018-06-08,a53fce785b05efe8e2315e593be3f517,2018-05-21
f2ff827e4cdc7ef1dd8a16f9c38e8f82,e6b13652c0cbdc2f26822654e1f74573,delivered,2018-03-27 22:03:44,2018-03-27 22:15:11,2018-03-29 23:07:34,2018-04-04 00:51:04,2018-04-09,013a435769899074c568863694560449,2018-03-27
5dc229fdb5898340722559185ede240e,77d1ca152411e30d50953f766b988a09,delivered,2018-04-09 19:16:17,2018-04-09 19:30:24,2018-04-11 18:13:28,2018-04-17 00:47:54,2018-04-27,14ad53dcc6cb0f8cac1cafb8526eed82,2018-04-09
01d90c5856f7551e108f2a0864ff6e54,a617067d08312d857f24bc829af217e8,delivered,2018-06-28 17:37:37,2018-06-29 02:55:13,2018-07-04 21:48:00,2018-07-05 15:41:57,2018-07-16,7cc6c34745843e3aed050ff2f89cf7a0,2018-06-28
56a88710573842db37ac692a3252a761,0e1f1e73c7d0c1e639b2b56fae48cfa3,delivered,2018-08-14 13:48:21,2018-08-14 14:05:10,2018-08-14 16:07:00,2018-08-16 00:03:02,2018-08-17,8ae1c90bc2d88b7414b2b011abe281c9,2018-08-14
765d8e5f6a9d496c895d21bb271ff1e8,2fcf5298199fdff944d4036d8a7b9ee5,delivered,2017-08-23 11:48:44,2017-08-23 12:06:08,2017-08-25 12:14:45,2017-09-05 14:24:52,2017-09-21,53c84ac43bbfafb7a6b5d9076ab423c7,2017-08-23
fb08991a4d87f7fb84cd0dadc7399850,b24b48e39da85ada6098bb3f13bf86cd,delivered,2017-09-07 17:11:19,2017-09-09 08:43:14,2017-09-11 21:44:53,2017-09-18 17:27:29,2017-09-20,f78a31b9a64ab9a8542f7cb27a399296,2017-09-07
83eec8a1bf27d833e0d2f468cf456ab1,2af96708b3cb29cb4e21040fc9432988,delivered,2018-05-07 21:14:32,2018-05-07 21:32:03,2018-05-08 14:41:00,2018-05-11 21:43:58,2018-06-04,bd90c3e19e58ff2439e72b0554026418,2018-05-07
b9174384bd0bd9634f2de4476da9d1e8,c5348d4436b583cc8822901012725d7e,delivered,2018-06-08 20:55:24,2018-06-08 21:15:22,2018-06-11 15:09:00,2018-07-24 17:25:58,2018-07-16,cb67cd8bfb8891a21073a0c0ca40e6c1,2018-06-08
e215d6f06aeb94e2f6359a86e58dd39c,43902eda68737314fb872bead877e1b5,delivered,2018-07-04 14:34:42,2018-07-05 16:22:58,2018-07-06 09:24:00,2018-07-30 18:46:43,2018-07-23,175853f3b7a23630582619b2f8666f1d,2018-07-04
f7f0c94ab5756ff0b74073d9d0187f37,e5d86418d3139d415a66e98990d88a28,delivered,2018-06-29 18:32:40,2018-06-29 18:50:20,2018-07-02 14:08:00,2018-07-05 18:46:44,2018-07-23,4758bb880479dc35ec48f38bebcdcfc7,2018-06-29
b990622bf95aadc14c973b3e914444a7,b82d00b824e63056f1a7319aff2af070,delivered,2017-07-24 07:41:00,2017-07-25 03:50:23,2017-07-26 11:12:35,2017-08-04 23:37:40,2017-08-15,f6ae4a10d8c62602cd23d5deefb8b0ac,2017-07-24
2f820dfff29d7bd20670d70c9a33ba51,211175e4201bbe5eb654b222cbc1c582,delivered,2017-12-05 16:54:02,2017-12-05 17:12:17,2017-12-07 22:27:09,2017-12-27 22:26:42,2018-01-08,cec7cf2229672c915826ab4698da3014,2017-12-05
4da1780a79ddb7340ed2081b6c035d2d,9b8b192da9442a84ba0a1503a3363146,delivered,2018-06-05 12:11:34,2018-06-05 14:31:21,2018-06-06 07:55:00,2018-06-07 16:48:55,2018-06-29,cee8e1f2b6da0d4a835a0341f3d109f6,2018-06-05
fccf0d3397491d555ae0d9a4689bfc29,b4eb3f1d026daac5c6876d4902bd4773,delivered,2018-01-15 17:45:56,2018-01-15 17:53:27,2018-01-18 14:33:12,2018-02-01 21:12:34,2018-02-07,1770f006974ee2b72702abd4094f5ab4,2018-01-15
a1591117909c87a7b784fac5b8434eb9,70d08ac303a95dba582205ecaba9cae9,delivered,2017-04-22 18:46:41,2017-04-23 18:55:09,2017-04-25 12:42:28,2017-05-09 11:50:00,2017-05-15,92d8d3769e33b13903af5274f6f498d8,2017-04-22
d4a4c0bce7df0e730b35eb0dfd717d58,2e992f4dcc875c204796f7f83c1605f4,delivered,2018-02-03 17:05:28,2018-02-03 17:15:33,2018-02-07 01:22:56,2018-02-15 20:05:28,2018-03-06,cd02cf9fd48ec811546bf8d791ec7cfa,2018-02-03
96cd3b3b210139b9da39ca90d9839595,70b71c4ca0f3afcaa036e75a61aa9d23,delivered,2017-11-26 17:47:26,2017-11-26 17:56:14,2017-11-30 22:32:01,2017-12-07 23:33:51,2017-12-20,63a041eb953719e8dd981b82811f4291,2017-11-26
b78e1e59e42553fbbc9948d04ef0539f,d5a5dcf7970697c1d38458beb2cb264f,delivered,2017-08-11 14:33:58,2017-08-11 14:50:08,2017-08-14 14:35:02,2017-08-21 19:12:29,2017-09-04,01ecc1f1f21f05d0736c99d92646f132,2017-08-11
53893bc57fd2d4ff7dc5e76ad4773540,a7b965e306e0424d1a5750ba287aa2cf,delivered,2017-05-22 12:52:51,2017-05-22 13:10:53,2017-05-25 16:15:48,2017-06-01 14:45:40,2017-06-13,3236f16f98e0f258ccfa3a172cebce64,2017-05-22
fb11780dd534a4af0611d27c007b88b0,5ea35eba7b2c83a0625f234f47da985a,delivered,2017-07-17 13:57:21,2017-07-17 15:34:39,2017-07-20 17:31:56,2017-07-28 17:24:29,2017-08-22,907d039d303cd597384e37e26cfe798e,2017-07-17
130e5f15b505062879273e8f199441d1,241a20babe281dff9201cd9abc43b96a,delivered,2018-05-16 12:09:43,2018-05-16 12:39:15,2018-05-17 13:51:00,2018-05-22 00:04:16,2018-05-30,2e2fa0fb69bc20c284e174eda80bf5a4,2018-05-16
1d26a591feb074e4f4b71ead74c4e8dd,62d85059a0e7dc33a994eb7fb778b3ad,delivered,2017-11-23 16:54:43,2017-11-25 04:39:32,2017-11-28 18:03:07,2017-12-26 21:11:27,2017-12-15,42f763553e8eb33e42285008080c2b63,2017-11-23
2027c60e9786b0dbc84f5849a80976d8,b617d81bff5cdb906d76f973194cb785,delivered,2018-08-13 17:23:09,2018-08-15 03:30:58,2018-08-17 15:05:00,2018-08-21 14:35:46,2018-08-21,8fdef5ce67c95465166d77d756ad3fd9,2018-08-13
f7304a98cc4161f1b8e3e05fdfb6b644,556f3c41f6a00f2a9fa4d469ae57a2ea,delivered,2017-12-27 23:45:29,2017-12-27 23:54:24,2018-01-02 22:11:26,2018-01-11 16:53:15,2018-01-31,97b3cfea19bd87ae4e32acbd5faeeae8,2017-12-27
29152a6bbb878d0f03d10e9ee8f59093,c878d9bde7511dfb209b9ba7b4136637,delivered,2018-05-19 10:55:03,2018-05-19 11:10:56,2018-05-22 06:18:00,2018-06-09 13:39:22,2018-06-13,07b5c3178c3ad710834bbcdae248f737,2018-05-19
0be10063ab25316efa10537954a8c7b5,5f3cd73d195a1fb2b2557465d7e5488b,delivered,2017-09-28 18:19:01,2017-09-28 18:28:26,2017-10-04 15:50:37,2017-10-09 17:25:18,2017-10-20,20db05605066c869e0c25e0dcddd08e7,2017-09-28
2bb80d6b50b07a73fb5a18dffecbd3ce,ee25ca35c8fa681df12ca9532239913d,delivered,2017-11-21 16:45:50,2017-11-21 16:58:26,2017-11-24 17:09:51,2017-11-29 00:14:39,2017-12-01,c8e6e6ca79782e260e7835062b50ab27,2017-11-21
276e9ec344d3bf029ff83a161c6b3ce9,d33e520a99eb4cfc0d3ef2b6ff816174,delivered,2017-04-08 21:20:24,2017-04-08 21:30:16,2017-04-25 10:53:00,2017-05-22 14:11:31,2017-05-18,7e42c7f898b0040e9736fc210f3cc30a,2017-04-08
30ee51f86a9d676801e824efd4aad215,c55a17a7c31353c35d48550b3aebc06f,delivered,2018-03-14 19:52:53,2018-03-14 20:08:23,2018-03-16 19:23:08,2018-05-12 11:20:59,2018-04-05,578d5e6d37a20bbf631183feedfe2dea,2018-03-14
7bc26962535d2a6a7f34041908736df5,6742f4e8618595952e1efdaa63102e8d,delivered,2018-07-17 13:29:52,2018-07-17 13:41:26,2018-07-23 14:28:00,2018-07-25 13:48:49,2018-08-02,00ec821ef89535a690a072e80387b40e,2018-07-17
13c208c7221faed9cb7ac326a6f873da,ab8ddcd30a237bdb975f54e291076859,delivered,2018-07-20 23:04:58,2018-07-21 23:04:02,2018-07-23 15:43:00,2018-07-30 20:48:49,2018-08-20,25dd38daca4038b1743a592e8c7391c5,2018-07-20
9cc9e5aaad2fee99a6ba423fed688178,f8e39e5b226eba33bb49dd34246d5307,delivered,2018-08-09 17:56:49,2018-08-09 18:10:20,2018-08-13 08:35:00,2018-08-15 00:54:42,2018-08-16,b259de30a9466a5a1a346e783a510532,2018-08-09
2ebb1fd53e7b4bd81b7b1e9242b91262,8d08191922d74867056720732d38fdf6,delivered,2018-05-06 19:19:24,2018-05-07 09:56:12,2018-05-07 13:50:00,2018-05-14 12:04:56,2018-05-28,8c9e0e96e48e45cd656a4fc73993057e,2018-05-06
067e0bf1a58a53c58a1e15f5143ae36e,8aeb565d66f27043b38e4476f72360f4,delivered,2017-12-13 20:59:46,2017-12-13 21:12:27,2017-12-14 20:17:17,2017-12-26 12:04:53,2018-01-16,b0fa48301348e570d1de128c8b75e9f3,2017-12-13
ce1813098fb283f84f0b5a7aa63e5fcc,f66c21f1e767f8ae02edfe27c592d698,delivered,2017-04-19 14:24:05,2017-04-20 02:55:50,2017-04-24 06:59:03,2017-05-03 12:40:13,2017-05-15,256b3e7a939dddf3e40608cac69e88c7,2017-04-19
ee3a699807c80432481120cf1deb06c7,1c819e6bdfc3e228001205a4251f49f4,delivered,2018-04-19 10:03:08,2018-04-19 10:15:17,2018-04-19 20:03:19,2018-04-25 18:51:52,2018-05-10,73a218a376e1c8e6a31799484fe514b8,2018-04-19
ea8a923ae9fcd23e6fa17eea177c3cc1,067fc5b946c13af561c35e8c6aaa1dd0,delivered,2017-05-11 17:10:38,2017-05-11 17:22:14,2017-05-16 08:08:41,2017-05-18 16:08:05,2017-05-19,cab990a33edd2081f35570a285bf0dca,2017-05-11
169702628c1e366110072edf38460701,df221f459bbece19d08e7a78db54b308,delivered,2018-03-01 20:11:22,2018-03-01 20:29:17,2018-03-06 19:08:16,2018-03-12 22:02:15,2018-03-29,b051093d307f2181aaf8a94f73853958,2018-03-01
6649a190e9151aac8d553a45875d4b5e,d6756603873955b48293dcf088bfd7c0,delivered,2017-09-13 00:46:44,2017-09-14 17:30:26,2017-09-18 18:03:38,2017-09-26 16:33:56,2017-10-02,659ab261634a07f28cf9863ac3b472f2,2017-09-13
9e2b4837befe1f63cab8e26686e848be,62a75f6e5edcea3f5e8bccb7dcb863d3,delivered,2018-06-24 11:31:36,2018-06-24 11:58:04,2018-06-25 12:31:00,2018-06-28 21:32:56,2018-07-23,ea0b6bcc49ff6a2351e599efa06f9262,2018-06-24
a150844c1dfa605f925885746f98fe55,b804b2833d003cbf0ca148ee493d46f8,delivered,2017-10-22 13:20:33,2017-10-22 13:35:19,2017-10-23 14:59:49,2017-10-30 14:53:22,2017-11-09,f077f1785fb4a5beb0425b5e90f233d5,2017-10-22
5f0dfd096a455e93ffb4ee0635b32264,b03efbab821a8ef7b3e6b2a75ec7d74d,canceled,2018-07-29 15:15:39,2018-07-29 15:25:09,,,2018-08-02,5946c7eb7093ad678e3510213f1b6f09,2018-07-29
fa62460ddee7c6bec9b869108ae5d32d,1d1165426dcf7175c06609f8326ec3eb,delivered,2017-07-30 22:02:53,2017-07-30 22:15:19,2017-07-31 15:50:57,2017-08-04 20:49:58,2017-08-11,863519c4448dfc98d4174ffe6ad98443,2017-07-30
44160b4102f24599b8a331c1d606b227,a2e7a6334a810ef473f4310d4309b74e,delivered,2017-05-14 11:03:38,2017-05-14 11:15:13,2017-05-24 09:37:52,2017-05-29 02:05:09,2017-05-31,6bea8409472dada0b34361d8da8737a4,2017-05-14
c8203bb57639618630affac9e8e923dd,da37711b17efd5f2539e8196ab215f04,delivered,2017-03-27 23:04:18,2017-03-27 23:23:38,2017-03-28 14:18:59,2017-03-30 17:06:19,2017-04-13,5f2971f9805e3ccb030226e30c8e8390,2017-03-27
4aa1a996d80cacb74d1653b2cf934be0,d4685d0b9c45a4103796c554a9d7d387,delivered,2018-07-09 21:34:08,2018-07-09 21:45:13,2018-07-10 13:16:00,2018-07-11 16:18:28,2018-07-18,85b792952f7de0b4c60b3163d6a0def6,2018-07-09
28f4aecc81f76b7e6055d4c9e6b7e9e4,0a757255f246d2d0d2a59368280e27bf,delivered,2017-11-28 22:40:48,2017-12-01 10:31:02,2017-12-11 18:21:50,2017-12-19 21:37:01,2017-12-18,09c6714474a00b7982d406b4af1b29af,2017-11-28
833e4c18609b9ca1d6c79b3b108fc19a,138a999557347d9789ddb469ad399fbb,delivered,2017-11-05 00:57:55,2017-11-05 01:11:00,2017-11-06 18:12:24,2017-11-22 09:37:24,2017-12-01,8d683e4913e8e224595a5c273dac554a,2017-11-05
1beb1ec2b53087e6d0b01d852b823421,8ed219266cff205d5fb8e240ab39d946,delivered,2018-02-17 19:50:55,2018-02-17 20:06:51,2018-02-19 23:08:14,2018-02-21 16:09:10,2018-03-06,d69e5a6940c3496475b1277804ff8d35,2018-02-17
4aea73f4a5803237a93ce646f0f91b16,7bdd1a8a8a27b40561a9ad6fc2889383,delivered,2017-05-16 18:49:31,2017-05-16 19:02:16,2017-05-18 10:43:25,2017-05-22 13:57:53,2017-06-16,46f15c2526277c2f9cfa6b239dfb11b3,2017-05-16
1d5cf40416bcb8a9d98d2f759f9f1839,47c4599db633af989a9d444ba9ddd844,delivered,2017-07-11 13:52:55,2017-07-11 14:05:38,2017-07-11 18:28:02,2017-07-17 16:11:33,2017-08-07,52c7d7c1f37b0c0772bcebe5fa463b15,2017-07-11
54aa8637ed83c419df8db2d38d7f550e,0ef77f1625c5abf07fa4724b8b61c12a,delivered,2018-02-07 19:21:42,2018-02-07 19:30:41,2018-02-08 21:34:50,2018-02-17 10:17:50,2018-03-08,91b08e39e807a02d9293112c66d75df9,2018-02-07
43e2663d8b10c0af66e25a54fc484ca1,f0c00c8822173128caa59de9279ff573,delivered,2018-02-22 02:08:34,2018-02-23 02:15:50,2018-02-23 18:48:54,2018-03-22 16:18:27,2018-03-15,018d9881368d5098100c2430b8ed8bdd,2018-02-22
c946cb414bfe80581d99cef931d56a8b,7a89078eb1607750f78f33bedc74bf13,delivered,2018-01-03 14:11:04,2018-01-04 10:57:25,2018-01-04 17:29:46,2018-01-05 19:18:16,2018-01-19,7b8292ebb41f34c7229cdb2961a0cf71,2018-01-03
4a38745716bb4884b76fd3a12ad5cdd2,2c12c50306eac1f3254f0975a2d1eb7b,delivered,2017-06-20 15:45:54,2017-06-20 15:55:21,2017-06-26 10:21:22,2017-06-27 13:32:10,2017-07-03,ee04cc9bca4c9198bec5c54c2542dd3b,2017-06-20
8eb86c249e61cecc293b67c57db19c5c,c0882c203004aea93a0d4e21febe5d36,delivered,2017-08-27 19:13:23,2017-08-27 19:25:39,2017-08-31 12:22:14,2017-09-08 17:57:51,2017-09-26,9b9995f70b71bec634605d4cf20545a5,2017-08-27
6c1d2589bb92157989da84b6f7ac8ef6,a9d133270bd0d94dcc2a570cc3c79efc,delivered,2017-10-21 18:59:42,2017-10-21 19:14:24,2017-10-31 17:03:52,2017-11-28 19:36:45,2017-11-30,cb03e9127f7cba4b431f006b86e4905c,2017-10-21
c202ed8340693a8fb2e8bb2a43a1647e,3adc6aa0846718c2bcf20950d1463a17,delivered,2018-08-16 19:14:58,2018-08-17 19:11:10,2018-08-20 07:25:00,2018-08-23 23:38:27,2018-08-29,b31c70aa250201536cfb62f5746ae827,2018-08-16
02659c8edf02d1cb48b8b388ac7da90e,c6ea5fee4779628bf4d55977fec66560,delivered,2018-04-10 16:18:22,2018-04-10 16:35:11,2018-04-11 18:05:01,2018-04-23 15:18:44,2018-05-03,5b144ed81d73eab158657c9516c0d2cf,2018-04-10
50251fd24f9307259b98c5106deb6453,f354c2f15da588408f70debac5a1c519,delivered,2018-01-16 12:56:47,2018-01-17 03:35:38,2018-01-19 02:17:26,2018-02-17 00:38:25,2018-02-09,f180f57806a7554c5cb1bbe51dda97cc,2018-01-16
48997989a21e741f0f93be9870c82b90,be6c90c5799acd0fc1ca2d13d08507ed,delivered,2018-04-02 10:27:48,2018-04-03 10:28:50,2018-04-05 00:48:53,2018-04-05 17:24:42,2018-04-12,5be26e30b1f856228e84408301e47769,2018-04-02
7bf9ebeb9ca0448e688b41354069d9ac,58cf70a7d04f22fa33a55d4938f3c63a,delivered,2017-11-28 13:56:27,2017-11-28 14:19:47,2017-11-29 18:54:41,2017-12-03 14:58:38,2017-12-18,4efc6e35a741d44ce0b6851d488f1fa3,2017-11-28
e23006337203868e5bd34c7e188eb87d,27521e9ab2d6a683db9364fa35f83d3e,delivered,2017-12-01 17:36:30,2017-12-01 17:59:11,2017-12-04 21:23:04,2017-12-15 13:56:58,2017-12-20,99931a2b84e283bf84983b800bac2509,2017-12-01
d2d7ef38eafc96d5a7088deedc968dfa,ce4b6f490e28e39f94d2854c5ec7126d,delivered,2017-12-03 22:58:41,2017-12-03 23:15:18,2017-12-06 21:23:21,2017-12-12 22:24:32,2018-01-02,7b7b383a9ec879dda38605bcbb81ad45,2017-12-03
977f75be9ecd1050220bf0c1ee226bda,03cd896233134f9feda7bd1c0eddc7be,delivered,2017-12-04 18:15:26,2017-12-04 19:24:39,2017-12-08 15:52:32,2018-01-05 19:10:44,2018-01-05,82706b31a7656f55e779afde22132a8e,2017-12-04
a0e5cf8a708c50312bc633668bc0e306,4b7b16138f3303e0be624ac7e03c9f5b,delivered,2018-04-29 11:11:31,2018-05-01 05:54:36,2018-05-03 19:01:00,2018-05-07 18:18:18,2018-05-11,61a340a033636c3880ff2214acec60a5,2018-04-29
a8898844029abdc3064b4fed7ca04a47,e1220cc414aac1eca24ea42ee3cb5d29,delivered,2018-07-31 19:14:18,2018-07-31 20:04:12,2018-08-02 13:38:00,2018-08-07 18:11:40,2018-08-21,f5b8993fbdca99e2e2dd2a825e8dc5fd,2018-07-31
b46dae9e3868b50ceafa02001dd5a1e0,ceaa43caa7094473fba71c821b5f4630,delivered,2017-12-11 18:38:45,2017-12-12 03:50:24,2017-12-12 16:49:02,2017-12-27 00:36:59,2018-01-11,0eb2889f466dc1b6f3556ebfd9d7691a,2017-12-11
73287734c7b95e805d54a35d062627f2,d8d953c123168b787dceec29e08d08d3,delivered,2018-02-27 12:05:41,2018-03-01 02:35:26,2018-03-02 00:12:43,2018-03-21 21:47:29,2018-03-27,157cba90d59357f1e82a211874b89e59,2018-02-27
e115da7a49ec2acf622e1f31da65cfb9,10e4208d1da23cd8f6ee0477f6b5cc9a,delivered,2018-04-08 14:49:03,2018-04-08 15:10:03,2018-04-12 15:30:40,2018-06-27 18:52:49,2018-05-10,af32334783564756b0928aac81c2606b,2018-04-08
72c98b53f4f357890d8107a06f895d4b,01daed34d823dc01dde342ce1bf38fa3,delivered,2018-07-07 20:11:14,2018-07-07 20:25:46,2018-07-10 13:20:00,2018-07-11 16:08:40,2018-07-19,4923da242e567feb7c946681a3b3b051,2018-07-07
b42c3979ca033193016394e37f74d668,2bbe4ac3fecd52b453eb75d5879556dc,delivered,2018-07-11 13:32:53,2018-07-11 13:46:35,2018-07-12 14:19:00,2018-07-13 19:27:40,2018-07-19,5c765ae38192c4edbe49b49ac81d323a,2018-07-11
2a35c909f171e94c4f8202dcc146f411,3bcb76a5de2acce5b211750a30bfbbf0,delivered,2018-01-15 01:41:42,2018-01-15 01:49:41,2018-01-15 17:18:07,2018-01-29 22:42:14,2018-02-14,375271837e2d52f513ad2f8eb37e6d6a,2018-01-15
33d3a462459921b054d39254daa7e60d,3da391a1da388e3a46899354d3c8774c,delivered,2018-05-17 09:16:13,2018-05-17 10:04:25,2018-05-17 13:20:00,2018-06-04 21:58:32,2018-06-08,83310fe98ee56bbaf1cda2332d53dfa2,2018-05-17
20b31044d7b2de91090a6c4ffbcb7f86,505a018f1fdf5778581713be389b915a,delivered,2017-10-12 10:58:03,2017-10-12 11:07:42,2017-10-16 10:38:51,2017-10-19 22:03:22,2017-11-06,efd53715921c90de9972cfdc6c3c392d,2017-10-12
82640416f7ea6860f387729e31d00196,8bb174fef8bdc73b08cf5b95d62736f8,delivered,2018-06-09 22:34:10,2018-06-09 22:59:15,2018-06-11 13:32:00,2018-06-15 12:22:02,2018-07-04,96899f65eace3f45fae79f85fe85e869,2018-06-09
184097b43d72bf0d851d9b82e3164c6b,7b821c645166a6c605f622bc92cb4864,delivered,2018-01-29 18:40:59,2018-01-29 18:55:24,2018-01-30 23:04:12,2018-02-01 22:13:56,2018-02-14,7533cf68f410e996dc4504e5ca1e8fd5,2018-01-29
94a234743199c2efcc0808e625dfccde,1f1bbaae6c594001f1baac4d5823a4b9,delivered,2017-08-07 14:38:30,2017-08-07 14:50:20,2017-08-08 18:09:43,2017-08-21 19:19:33,2017-08-31,e9b896c3563bfaf5ddc052892c06923f,2017-08-07
06f2e7e5aa8764a77b596c6eb6d56fd6,2e424e88b8c35f824145ee570fc9e027,delivered,2017-10-11 15:17:38,2017-10-14 03:46:21,2017-10-19 16:43:34,2017-11-06 20:15:22,2017-11-08,b247ff09a6f40212ba12b4aa0c533f88,2017-10-11
9564498225916371a8670c3b0253ea81,403d065ed4e3882fb44ac77fe8297132,delivered,2017-05-06 08:54:37,2017-05-09 09:43:14,2017-05-16 11:52:36,2017-05-29 16:00:01,2017-06-16,3509c8111bbacb04f27aa58752d99b47,2017-05-06
cb0ba38b8d7b0db732a053690b0ad864,515e2ff4cde65f669e47393c5324b69d,delivered,2018-08-22 18:50:34,2018-08-22 19:04:28,2018-08-23 13:58:00,2018-08-29 11:28:40,2018-09-12,2df3a866961f92bc7aa6f74b64fd898c,2018-08-22
c8aa4f194c31e8abee2df7dbe3a42222,1091bac91a6e827e41a1cf472097f08f,processing,2017-07-06 09:57:31,2017-07-06 10:05:25,,,2017-07-28,fc9f5fd8e4f64448c26ac210609cfbf6,2017-07-06
7620a7f338b6eb9b633cbf1d73e906f5,ae0c445a040af64bb95c3ba067441a50,delivered,2018-02-02 18:19:21,2018-02-03 02:53:22,2018-02-05 23:46:37,2018-02-16 15:16:50,2018-03-12,5ebd246be48ec18bf3859966284333f8,2018-02-02
673005b4d67fb096100f48d7a6cb008f,95a7e3113bcec755d39fa5d204eead18,delivered,2018-07-02 15:54:12,2018-07-05 16:27:54,2018-07-04 13:45:00,2018-07-09 18:38:44,2018-07-20,8e49d21f0335c3013583f2b3f99f8e25,2018-07-02
485dda00ddae0be1121b189eae942d99,f159ff568222e4b170795fd8ebdff1f0,delivered,2018-08-22 11:39:52,2018-08-22 11:55:17,2018-08-23 13:58:00,2018-08-24 21:48:38,2018-08-27,b0b7a87b0b0c394965bd49368aefed80,2018-08-22
c9f987ae7f8399dffe6db135d4cf9289,9a95ff617d46b0853a2a9ab549a3f3d6,delivered,2018-01-23 11:59:35,2018-01-23 12:18:01,2018-01-29 13:45:04,2018-02-07 00:07:16,2018-02-19,8aeb209e316043f412f30acb963f62f7,2018-01-23
5558c376f5604bb25823f2be7d1bc82c,0cc62071a707339f524e9c9520dd9b02,delivered,2018-04-09 14:21:15,2018-04-09 14:31:33,2018-04-11 19:46:35,2018-04-13 20:32:24,2018-04-23,72f23703c5643b1ee93e42994e95a732,2018-04-09
09cbcd1a5e559da522327abcf7e30dda,27464fbd955e5b0bad2c0eaa46cd2f4b,delivered,2018-05-29 11:10:29,2018-05-29 11:30:19,2018-05-30 10:09:00,2018-06-12 20:08:47,2018-07-16,99122059531527e956da6b9c64922771,2018-05-29
67a3664e806dcb942fb6d07d36c9ff8d,e216c616176e9d3cbf36a5c5ed88b580,delivered,2018-08-08 16:42:33,2018-08-08 16:50:16,2018-08-10 14:48:00,2018-08-14 16:44:28,2018-08-20,24f13d2bd814db614014ddaeeaad604d,2018-08-08
2794756d0dcdb379ce5fd0639e300a31,d24e7b7be23c2ba1000d85d181c968cc,delivered,2017-11-02 13:11:26,2017-11-02 13:25:20,2017-11-03 16:04:10,2017-11-10 19:51:15,2017-11-27,caadc9a4b4dfe30f56f399821b71c6c3,2017-11-02
287aa7d50180e13427b4063f9f13e611,56a7a6efd8c30e7cc6e02f7eb34668d5,delivered,2018-05-02 19:30:00,2018-05-02 20:38:42,2018-05-03 13:44:00,2018-05-15 10:49:55,2018-05-28,36d58e02c47513de021d22889fcaa757,2018-05-02
f84e76524c8a195a6b135461719b0c09,f25d251bc15adec897e5564fd00cf39a,delivered,2018-01-31 12:39:29,2018-01-31 13:47:00,2018-02-06 16:18:32,2018-02-17 16:33:16,2018-03-06,6db2af42c4b5bf8edeb547575585d9b8,2018-01-31
347bf2a6f72b7c7650838aef5cd546be,24fc05ba41ba61470312726a4bf881e2,delivered,2018-07-30 20:33:35,2018-07-31 20:30:55,2018-08-02 13:45:00,2018-08-10 19:05:42,2018-09-11,d0f98092bdbca461010d969a7df8966c,2018-07-30
20343beb23f60b10de8ede4f709752cb,12f794aa542445da10d307945252c177,shipped,2017-10-11 14:15:48,2017-10-11 14:40:22,2017-10-13 18:27:28,,2017-10-24,98a56e63679377dd54c910134545cf13,2017-10-11
b6572524ff6f0892276c1cc31367daa9,519391ef6ef1a362771982aa9248fd5b,delivered,2017-08-23 16:56:54,2017-08-23 17:32:36,2017-08-24 18:48:31,2017-09-13 20:39:44,2017-09-27,5f7f41b160ddb05269c79d0f331f9c67,2017-08-23
1a9324555dd1b3d5bfde1ebbe9f765b2,5686584ec1eb1801ea003fd86cdb5003,delivered,2017-10-02 17:14:23,2017-10-03 06:34:15,2017-10-04 15:53:28,2017-10-06 22:27:51,2017-10-24,3ae0413918089b6734c520318d87852a,2017-10-02
e2d9d1ca77005d8626107e6d9da6ee63,1a39f03ab9c2ad4470f8c49d97cbd6a5,delivered,2017-02-06 22:54:50,2017-02-06 23:05:18,2017-02-07 13:13:34,2017-02-14 12:17:35,2017-03-01,6f65f19c2dcfcab8b76b2fafb5b840e1,2017-02-06
c4d230f9c5f9e41364d44602902bdaa3,0ddb903f8377694b51104823502d3c48,delivered,2017-07-16 19:30:43,2017-07-16 19:43:16,2017-07-18 13:00:13,2017-07-31 17:27:57,2017-08-16,b22f36faecb702d1f0d08430c8559c29,2017-07-16
b6c73ab7a7655c4782eafca08b51ba55,f991d29095eba5f61d63b568250724db,delivered,2017-12-27 09:32:18,2017-12-28 02:37:53,2017-12-28 17:59:28,2018-01-06 14:37:23,2018-01-22,63497ca0d546a48e9a8e8eaf95ab67fb,2017-12-27
597e3e3289138d6fe7f715fc4ea4d674,0130ec6b73b4f7fb58e4a4a78774b47b,delivered,2018-02-06 10:54:53,2018-02-06 11:15:48,2018-02-08 19:33:31,2018-02-14 17:03:40,2018-03-02,2050d9b9721b1e61a6110666d2b2a2a8,2018-02-06
2399cd92814172df4639c2347151dfd4,a0c3599b1d4051c520391ca3c6d2ac2c,delivered,2017-06-23 00:45:51,2017-06-23 01:03:06,2017-06-26 14:50:09,2017-07-06 15:02:38,2017-07-24,25a7bf72a2477a1290e6503a2114e6f1,2017-06-23
1f1d34c2ba3f3ae5f852175df49f079c,3e72dabf2c10a14d047233a3823ddce1,delivered,2018-06-03 16:35:41,2018-06-03 16:50:36,2018-06-04 14:19:00,2018-06-06 23:02:52,2018-06-28,23896bdc733fd3499952f52a390a160f,2018-06-03
b9f46930a49f91a659c2f17c92a13746,a271e9697da5a5a81f68910277d60800,delivered,2018-06-30 17:32:03,2018-06-30 18:50:36,2018-07-03 09:26:00,2018-07-09 17:18:32,2018-07-27,0361e980b28826f4d286ac144d9b319a,2018-06-30
05f4c59e4404655a57c7bb10ff944d3d,1c8b633ef182e06c7384855e8fcc168a,delivered,2017-12-06 15:36:24,2017-12-06 15:52:23,2017-12-08 23:27:33,2017-12-10 18:56:59,2017-12-22,e4318ffd1b214481a4ab0bb956a8f84d,2017-12-06
8899dd616aaabe70b170cf4099307f45,627c4fd876ce75f3670fc31fa9a6ce11,delivered,2017-06-14 23:00:51,2017-06-14 23:10:18,2017-06-19 20:08:26,2017-06-30 19:09:42,2017-07-11,46372cc621b3c0e52d1e0e7113523466,2017-06-14
fafb40d4bbf282fe7b9bbafcc2eef58a,9f9233b73bc4030c589a0429b3423766,delivered,2017-03-30 14:50:26,2017-03-30 15:05:18,2017-04-04 15:13:32,2017-04-11 13:03:23,2017-06-06,ffedff0547d809c90c05c2691c51f9b7,2017-03-30
4a4c3e1ff92b16c0ecf770b504693a88,0fd2a829cdb30cc3ff0ae0c398c912f6,delivered,2018-01-14 22:33:41,2018-01-16 03:36:43,2018-01-16 19:41:57,2018-02-02 18:02:54,2018-02-14,bcfc1d8cf64a476b003cee4599f9fd11,2018-01-14
5882459227aea6eb6f103342a29c76e3,42f3222ef4273d065434ed6449442086,delivered,2018-01-11 18:17:56,2018-01-11 18:28:28,2018-01-16 18:52:53,2018-01-24 14:18:51,2018-02-05,ffa4816b72b79e712d015c0a3640716d,2018-01-11
0ab0e6cc12734a3c6311f9a0db8b2555,f0ee5810e42014b65269b12a6182dfc9,delivered,2018-02-05 21:42:57,2018-02-06 15:50:39,2018-02-08 18:07:16,2018-03-01 20:06:00,2018-03-06,0bb5f3ec0da0ed05f3ad507f9e6490d7,2018-02-05
d087c8f0e290d4fcac125fa8bc527cae,a53440704e1fc48561e2f04861a0f902,delivered,2018-06-30 06:55:16,2018-06-30 07:30:23,2018-07-03 11:18:00,2018-07-05 23:04:18,2018-07-30,03ab3ea477718b0b0718b8fb857b2479,2018-06-30
5ea864dc83713a8c9909dcd573d411fc,3460ed6c280483b7ef76a8aecc1d2cab,delivered,2017-03-09 17:45:48,2017-03-09 17:45:48,2017-03-14 00:32:49,2017-03-21 10:53:40,2017-04-03,97a773482fc1cd48747f69b59aa8e507,2017-03-09
92a60576ef193ed1dedf55ae74b293f8,394264ffea0735e712823a6b5a55beaa,delivered,2018-06-25 20:48:30,2018-06-25 21:13:08,2018-06-29 16:05:00,2018-07-06 14:38:49,2018-07-27,5fe117882be55ee9ad0d6c6c56d11019,2018-06-25
59169828620034ef7061641d4a69fb5d,65482c71c7e59c98916d30350824751a,delivered,2018-06-14 16:33:18,2018-06-15 16:40:46,2018-06-18 13:39:00,2018-06-20 00:43:48,2018-07-13,5ad04a74867d7831a91faf3a6be7c590,2018-06-14
ab8fb8695d598ca38617cc9ec507bbfb,65b8c55a23d4200a3dae31671827f695,delivered,2018-02-12 18:19:41,2018-02-12 18:30:26,2018-02-15 19:46:02,2018-02-21 14:43:13,2018-03-07,4a9355ff0ed03eab11feda2177573b2b,2018-02-12
7b6d60ef9f4bea8469da80168c894820,613e5140d40c87bfd6d9f39f0892ea94,delivered,2018-08-08 16:44:41,2018-08-09 03:35:20,2018-08-09 14:36:00,2018-08-14 23:02:55,2018-08-21,383d3467a4c68eb30648087a9373525b,2018-08-08
a9d5f9803fe11291638577b7d108ff74,1c7f36f92c122f874c987ab492c26fb2,delivered,2018-04-05 22:24:15,2018-04-07 02:48:19,2018-04-09 19:41:04,2018-04-12 21:32:52,2018-04-23,4d130325152052888f0bd47fd27d4add,2018-04-05
628399348823670ed3ec45a13e5365c8,9bda10248786f46309dba93990d52a4d,delivered,2018-01-22 19:52:37,2018-01-22 20:15:52,2018-01-26 12:29:09,2018-01-30 00:08:05,2018-02-15,c018a187ff88529ff7f4bf7040cbc477,2018-01-22
5297250ba3bfb18713834a6b28d6725d,585908a498f0b6ea9258ab3a3db3a9bc,delivered,2018-04-01 00:35:23,2018-04-03 05:50:30,2018-04-04 20:13:01,2018-04-05 20:59:32,2018-04-12,df10b23ba2aff9121ec3b133c6b38a10,2018-04-01
d7bd0e4afdf94846eb73642b4e3e75c3,12a063cae60cd7bc2f0029514b21d24c,delivered,2017-04-23 18:55:04,2017-04-23 19:05:37,2017-04-24 10:19:01,2017-04-29 10:19:55,2017-05-11,672b26e7ff626fde67fe227d535780ba,2017-04-23
ed4ccc558360a6e5cd53d123b4d4b7eb,fb2bbf6ece14440bc221623a331a1b2a,delivered,2017-09-13 12:37:24,2017-09-13 12:45:42,2017-09-14 19:46:45,2017-09-27 17:09:34,2017-10-05,698a48a1f73770d3453a9fc9d26cb0e1,2017-09-13
89386a239475a1cd440505e7519404cc,4448444be2b42c9c9c0aa77076d5117f,delivered,2018-07-25 21:44:39,2018-07-25 22:15:14,2018-07-26 12:23:00,2018-08-02 20:18:56,2018-08-20,6f004cc093e223ff73ebc64ce5f4ede5,2018-07-25
7910cbbb5ec1350cb4b3c519df4ec404,ecb4e2ae6d1a378c29104322a960c14b,delivered,2018-03-03 15:39:36,2018-03-03 15:50:31,2018-03-05 22:28:29,2018-03-07 17:59:35,2018-04-02,3e9400df8f1d030aa7e6f9a6b5171891,2018-03-03
78f73cede21d3bf1d0c0e9fe1e02cbc6,0f935d36c149c0c16112af59526bb453,delivered,2018-05-25 14:48:49,2018-05-25 15:12:54,2018-05-29 13:43:00,2018-05-30 18:59:40,2018-06-14,5b158afeaf6f5fe1a165b0fd38b2305a,2018-05-25
92b6250c9e1d1e359a29929fa9f62395,b17ac2d4ba142dda51133ec4ccc22314,delivered,2017-09-19 23:08:38,2017-09-19 23:24:08,2017-09-25 20:10:38,2017-09-28 19:53:28,2017-10-05,41a8699b6fdd90adff4bfb8575e5a261,2017-09-19
590df012be2d6ced593daa265e628b1e,23d7edbc55a2c410dd6e427f2787bc5e,delivered,2018-04-28 18:17:23,2018-04-28 18:30:12,2018-04-30 12:53:00,2018-05-03 14:05:08,2018-05-17,ac1763781c6d0bf6c0c4d2ac21ffd920,2018-04-28
39e4a19de5e525773a320f33b599c445,08cf9f9f1be26d24e19972b52ccf945d,delivered,2017-07-31 17:27:06,2017-08-01 22:03:59,2017-08-03 19:03:07,2017-08-09 19:26:52,2017-08-29,c8afb8e669ed3dcbcfc31404fdda9e57,2017-07-31
2e3c8cb46818cca862d890ce07412a53,17ffdfd715cc2d4efb1b4a3027353654,delivered,2017-11-16 18:51:09,2017-11-16 19:16:17,2017-11-17 21:44:27,2017-11-21 22:07:49,2017-12-07,7a3556f9c5d1382d7658ffad836a838a,2017-11-16
c6697f0b5a341cb2e357e996c100664a,dea8d18a25a01a5e5662e64b4a9be87c,shipped,2017-12-01 11:09:24,2017-12-02 02:39:22,2017-12-08 23:56:56,,2017-12-28,7311b47a208b4f5af09ccc62fafea9e2,2017-12-01
992b568281203a63ab8a57e90b304eec,05e78773584363a69d4f710642402ad1,delivered,2017-04-24 09:29:53,2017-04-24 09:45:13,2017-04-25 08:45:20,2017-05-02 18:19:32,2017-05-22,d4a10e5b8973506abf64fd987af0c900,2017-04-24
ead7734f073917125907072a424c9504,df4a59830f9881aaf97626b02b833fe8,delivered,2018-04-15 18:53:59,2018-04-15 19:10:54,2018-04-17 22:46:41,2018-04-25 13:19:20,2018-05-16,a3b1322cfab2587b70bf2f12eb8c05e5,2018-04-15
8f77d9cd32f220b8242d28c71800eeb5,3b1edd46e86d39255b0c8fcf0c86525d,delivered,2018-02-23 22:13:05,2018-02-23 22:27:34,2018-02-28 23:32:13,2018-03-12 11:36:42,2018-03-23,150dd0f368e2d3bfe8eef9cbe050e475,2018-02-23
c42c73fa91d5ba2298312db542e280b6,92f85633a82e893c00091efb3d0cb610,delivered,2018-02-13 12:38:07,2018-02-16 07:55:38,2018-02-16 17:17:19,2018-02-22 20:58:46,2018-03-02,18e1192f2a6be73c4365dbc29eb7a6f7,2018-02-13
1888f26c742f0f49046de7b25b975fc1,83f3937960f9c14efc3ab40957570050,delivered,2017-10-03 19:12:01,2017-10-03 19:28:10,2017-10-05 19:37:23,2017-10-10 19:56:11,2017-10-31,0ddd6ce7612f9267f2eca906c81ffd17,2017-10-03
10bce195e3966122a3dd0e2aa676f761,0280e2736a179aa87a59447236a797fa,delivered,2017-01-19 13:38:16,2017-01-20 13:45:08,2017-01-24 07:47:43,2017-01-27 10:42:38,2017-02-21,1c61833a5bbe555d71990cf46c3ccd2b,2017-01-19
d9102d5c83f5e99bcf6d5971a2db0606,ede3d42317f1d2109633dddad0c2b993,delivered,2018-03-11 15:58:46,2018-03-13 04:40:29,2018-03-16 01:14:29,2018-04-03 14:18:30,2018-04-09,2fd8ad8bf5778147be046c828a0bfcaf,2018-03-11
f66a5fefcb2773c75713ad0742801b50,1314dcf9eabbe2717be59c886a3bde74,delivered,2018-05-30 20:25:38,2018-05-30 20:55:18,2018-06-04 07:00:00,2018-06-08 23:05:28,2018-07-11,142dc6250eac579893595d9889411834,2018-05-30
8ba726c808e76426c3ed43efc7ebce96,aba856fa56daac58d55fcf1e655db2dc,delivered,2018-07-25 12:32:39,2018-07-25 12:45:14,2018-07-27 13:55:00,2018-07-30 19:38:25,2018-08-10,f7294d51b7e09142f4154bad2ff5a206,2018-07-25
c1e50c50037af907b9099da2c948e109,a7b7579d62a5682f0908d8f62229e467,delivered,2017-09-24 21:58:50,2017-09-24 22:10:16,2017-09-25 20:32:44,2017-10-02 18:07:56,2017-10-18,aa349110ec4654bb304dbb85967ad42e,2017-09-24
f33804414861bfaca84228b749e3085b,6987dfa4728eab00d12ce5d4c2d15c28,delivered,2017-03-16 19:13:10,2017-03-16 19:13:10,2017-03-21 15:21:23,2017-03-24 17:17:02,2017-04-06,e43c79f1725163f136503e7b42699b35,2017-03-16
31b92cb404ea069fb4d978f3c8c6aa95,4c3ab0c3857228a1dec7003434f3fa87,delivered,2018-04-23 13:53:54,2018-04-24 18:39:39,2018-04-24 18:58:31,2018-05-04 18:08:38,2018-05-25,1a973071328fef507ee10e590b48f435,2018-04-23
38d4904ceccfaba59e568e385b375103,2b780630cdbca58458b9c0ada47cc154,delivered,2018-04-17 11:25:43,2018-04-17 12:29:55,2018-04-19 01:33:00,2018-05-15 01:16:39,2018-05-10,50b140562cdc4f4d23ec2bfc37c2d7c5,2018-04-17
7dac325f7f1f94784e6bc6af3b4678d6,d1e5c4b7583ef6d7a45ba3081b08be99,delivered,2018-06-27 19:21:07,2018-06-27 19:30:22,2018-06-29 13:29:00,2018-07-03 17:57:42,2018-08-06,60bfaf33bea28db89a84a9073de36661,2018-06-27
b6330ac9f71f6ad8b23e3f1660be06ad,3a3091df564663f3de7a01b0b200411c,delivered,2017-11-20 22:32:51,2017-11-20 22:46:53,2017-11-22 22:32:26,2017-12-04 14:55:02,2017-12-28,8185345e57f36be27b5bbd13f006ac96,2017-11-20
58bc3625f4925bd71d1c391652d57770,3f3b0df9780d69a6126891e8b0931481,delivered,2017-02-13 19:14:05,2017-02-14 19:23:25,2017-02-15 13:12:04,2017-03-21 15:49:02,2017-03-24,2cad3e3b0b8d08be873cbac8f0b9bc6a,2017-02-13
7c20905dd73cd8a0eb60f5c6ab1b5d9f,b8be9fbd47b5b5b16e2db6e939785fb0,delivered,2017-09-13 21:57:46,2017-09-13 22:10:21,2017-09-14 16:35:36,2017-09-19 17:56:55,2017-10-04,effd9d14707cf9263438e9148be8963b,2017-09-13
a0d699e2e7598ef4a849c8089f3c1277,238781836799d4b316414fa5eeb7747e,delivered,2017-12-23 20:30:45,2017-12-23 20:38:32,2018-01-02 23:42:23,2018-02-27 21:16:48,2018-01-22,d26701079841116a3f74ae4bedbfeac0,2017-12-23
2301c13c9dc02b9c8d61919206e15e1c,c22bc32565fea4b4f107a60eff0c000b,delivered,2017-07-04 21:05:59,2017-07-05 17:43:38,2017-07-07 19:22:50,2017-07-31 17:35:01,2017-07-28,30b4c4127d58e284b0e23035af55848c,2017-07-04
024319cfbf2156b9b8a0a50c3aef45b7,f100dca2fea4be39e1547226e3cb3c45,delivered,2018-06-08 19:59:34,2018-06-08 20:49:40,2018-06-12 16:07:00,2018-06-18 20:38:38,2018-07-26,b8694b368382919977838800e306d55e,2018-06-08
49697e029f5fc97fd048a69e06fd508f,f04fb650a1938f14ed5330f1e9362467,delivered,2017-08-18 09:39:06,2017-08-18 09:50:26,2017-08-21 23:52:43,2017-08-31 19:58:10,2017-09-12,6d1276c0d23d9629da12735cba4d7bea,2017-08-18
adc3c2a7a5283d29f235da2e760b0f05,af71c6566cc7ebbfecbb266a3ac29320,delivered,2018-07-31 10:50:07,2018-07-31 11:04:49,2018-08-02 15:18:00,2018-08-15 12:03:01,2018-08-31,ee220a0ce9c24b1db2a23851426142cb,2018-07-31
8ad43a57bb88d52531c6facae014a8ae,40066988850bb19638f8c63a787a21d2,delivered,2018-07-04 12:37:38,2018-07-05 17:02:53,2018-07-04 14:31:00,2018-07-11 00:06:25,2018-07-23,3348d72e19704329be2f871068620142,2018-07-04
420f72eb3154e9ae555ce1510011d477,9675f162813f8861e38a896e784725dc,delivered,2017-06-28 19:06:56,2017-06-28 19:15:18,2017-06-29 13:29:35,2017-07-03 14:48:47,2017-07-18,382d769ba4388eec2670d0e924f3ec40,2017-06-28
3fe7c5853b6def3524128a2d44fb3d24,aa5b7785199c225fb6938bf1372d6026,delivered,2017-12-15 15:09:44,2017-12-15 15:16:22,2017-12-18 20:12:47,2017-12-20 16:24:44,2018-01-08,280dffddab1301eeb08ee0be0bd0ca2a,2017-12-15
29eec6741c8bce92beae3f57180169b4,4161b8a51dd52b9763a4d07a8491abf4,delivered,2018-03-01 22:40:50,2018-03-02 22:48:59,2018-03-08 00:39:05,2018-03-16 19:48:28,2018-03-22,8ffa5e9fcc3da23113128e94d1c75706,2018-03-01
3595f0807aca4cae0d917447763fb078,f10bede7fdee22ce94b43d2f699b7b51,delivered,2018-02-10 10:05:04,2018-02-10 10:28:02,2018-02-14 18:07:30,2018-02-21 02:52:19,2018-03-07,cf0a56ec871e7e5bd6d6d8909cb7f26b,2018-02-10
6d2010e542102f9a4ba2316b70a556be,55d8e8aba4258ddc9839acd2c718b886,delivered,2018-01-14 07:03:49,2018-01-14 07:10:34,2018-01-15 21:08:53,2018-01-22 19:22:32,2018-02-08,2d4df3b94e4c56fb47d7fc7ec065a612,2018-01-14
f443f10864456cb1b27f91e05587de58,e46e979a253ea7b4a3c10c7ad5adb9f8,delivered,2017-10-09 13:13:05,2017-10-09 13:28:10,2017-10-10 18:24:53,2017-10-13 23:48:38,2017-10-20,682eb0062dfc804bbd8cc6261ab1507c,2017-10-09
b206fde9513a754fa4290463ed1ad4aa,52302eb4538b1cdeed6750589ea64c2a,delivered,2017-06-23 15:14:00,2017-06-27 03:50:33,2017-06-27 11:49:54,2017-07-11 17:53:45,2017-07-25,6f74faa42c32d3b6e3c27216d3524f5f,2017-06-23
660023f633ebbca40bbf5962692b2411,11a225639ccafce290d9c3dad59e3e62,delivered,2017-08-05 13:00:02,2017-08-05 13:15:13,2017-08-08 18:32:22,2017-08-15 19:14:02,2017-08-29,22a0bd78d86d3837364f703ade4a9841,2017-08-05
9e13610356ba6774adf5c06c32f8448f,2dfb12dc3644f26d06632a6068eee4ef,delivered,2017-07-11 14:46:59,2017-07-11 14:55:21,2017-07-12 19:51:12,2017-07-14 19:33:06,2017-08-02,1aba2c112150045fe662c1a3e28acb7d,2017-07-11
99f4c119842b59f9954391654a259ce7,9cfca1786cb62ea2437055d11bda28ad,delivered,2018-02-15 11:27:29,2018-02-15 11:47:36,2018-02-15 22:10:09,2018-03-09 18:41:38,2018-03-13,c638851263c217613ddd697942c84fe4,2018-02-15
e6a4162f7f405ec6791befb1652846ba,c0d9fb23c6f5fffba534ade8685da9d4,delivered,2018-04-09 11:51:46,2018-04-09 12:10:17,2018-04-09 21:56:40,2018-04-21 14:32:23,2018-04-30,0ebc40ce04a3c6446e64a6e7cb2835cd,2018-04-09
d9e5305b48eff370ffafa031d6027518,189ed22036bdb24d69e56a6789591b5e,delivered,2017-12-04 12:40:39,2017-12-05 04:20:02,2017-12-19 19:02:56,2018-01-16 22:16:53,2018-01-02,f109e20869df5bdfc12bf46455935a99,2017-12-04
b5d4eb6b98c48a1d20e7a7663881bdd0,f381ff44c4fc5bd43c38116f3bd715b6,canceled,2017-10-06 21:54:55,2017-10-06 22:07:19,,,2017-10-30,1d33f1c780565a9ad99bf3a56ee0e62d,2017-10-06
2894cc15228a7127f78cb41017091b4c,1e0c217ef3faf0c5a171d075f1dd0b6f,delivered,2018-07-27 17:36:25,2018-07-27 17:50:24,2018-07-31 14:18:00,2018-08-03 12:39:05,2018-08-13,0abff5377bf2207c0015063059d8675d,2018-07-27
dfbae856658ed0da74731056554e1b77,6293c0e2de01a0b4c70dd59ed6f3a05a,delivered,2017-03-23 13:16:40,2017-03-24 13:25:09,2017-03-24 13:43:32,2017-03-25 08:17:51,2017-04-11,8f3dfd04811555a6f7f350e1389c0394,2017-03-23
bbb149f610cf770685fa5169b6e9a48d,5498bd0b82115fdefdf65bb638d581c7,delivered,2018-05-18 12:02:39,2018-05-19 14:59:36,2018-05-21 15:38:00,2018-05-23 12:15:35,2018-05-30,bcfe461638ea7b39d10e2c805fa78ed1,2018-05-18
4684c8d4e250ac300b203b44658449a9,8d94fa91bea7233457b072d8cf215d09,delivered,2017-05-21 11:02:17,2017-05-21 11:10:21,2017-05-23 11:43:56,2017-05-29 13:35:45,2017-06-09,6a5fe249b0c13cc0eac377aa26824f7c,2017-05-21
9f3c417d0037cf7d6125ed337ada23dd,c3a9b4092a2b3529d4391cb11f1c457f,delivered,2018-01-15 14:03:23,2018-01-15 14:15:23,2018-01-15 21:38:52,2018-02-07 19:12:55,2018-02-08,e59c27bf0bef3332139fcd6ad12520c5,2018-01-15
86142baa5539c0e7ff98213f50d10b75,6ae91e04653dc3a0c205363ffff0081f,delivered,2018-01-23 08:42:54,2018-01-23 09:12:32,2018-01-23 18:42:13,2018-02-20 14:03:54,2018-02-19,1dde89b524bd2ce5480df99d22539136,2018-01-23
1b7d6a3703a98513b60768df8d6c30b7,150c000d94442e397f21cc978f925d40,delivered,2017-07-05 22:40:50,2017-07-07 02:45:50,2017-07-07 18:21:23,2017-07-24 15:41:44,2017-08-04,158987cc282bbecf5e0b1b4aaf9a8854,2017-07-05
4b598c1855fb903ebc2697088200a071,ec4a79232a3306f4ff97e38819a10447,delivered,2018-01-09 23:35:51,2018-01-10 10:31:41,2018-01-15 20:42:17,2018-01-20 17:15:22,2018-02-07,c17cb2c8c05bdfdf5f7ada0b808dd55d,2018-01-09
4b2626de72497770ddfa81a533f70c76,dd542dd7b8a8a90fed3b4f6b85ec45e8,delivered,2018-05-20 16:26:06,2018-05-20 16:59:20,2018-05-21 17:35:00,2018-05-22 19:05:25,2018-05-30,000ed48ceeb6f4bf8ad021a10a3c7b43,2018-05-20
7f93d00f6512fe25e73b5de688cd5677,402f75205b75b521681f67add1bf1b7b,shipped,2017-04-14 21:58:15,2017-04-14 22:10:16,2017-04-19 16:24:50,,2017-05-08,e4ef5faceeaffad29e3878e8a930953b,2017-04-14
9e4429e3ca6daefcb5a085302eb4d9a9,b47df8baa34b9880117394560bcb04be,delivered,2017-12-08 12:02:45,2017-12-12 03:56:29,2017-12-21 15:58:38,2018-01-06 10:44:20,2018-01-16,72b1bfd52165e2dc643f54fd3633f9d3,2017-12-08
ca90e0247838f37e708b833b004ba84b,44503b73171f81899a6a70132d4d403a,delivered,2018-07-04 16:07:50,2018-07-05 16:14:52,2018-07-05 14:24:00,2018-07-10 16:20:41,2018-08-03,7b13299286144c82451d495e7cb701f2,2018-07-04
bdfb5638a80d0fa6ec030a921c695a5f,2138da43cc1aabdb272b97392c0175ae,delivered,2018-03-02 21:46:03,2018-03-02 21:55:48,2018-03-06 23:35:19,2018-04-04 17:21:13,2018-03-20,0f82a43ffe714bbec9f2d828de95ba52,2018-03-02
9931d81b3c1ee1b90b943591683b4b61,84f36629aa4682f9f544a5c842ebca24,delivered,2018-02-26 10:17:24,2018-02-27 05:30:54,2018-02-27 20:39:07,2018-03-21 21:27:18,2018-03-22,403e1f2bcf10b3cbb11f8573c7ecc5c2,2018-02-26
e927a351e66b4b3a4fd7cd93f6d1b4a0,f4f5618d81049a33d2c1bf38d24ea5ea,delivered,2017-04-15 23:46:11,2017-04-16 01:10:19,2017-04-17 15:08:47,2017-05-10 11:04:23,2017-05-10,64870b178a9fb3eb16dd905d8668274c,2017-04-15
124e2c402e736efb7bc277e8c5a828a4,3fb3cc7d768688f0f919e33ab4b3da2c,delivered,2018-04-22 21:41:33,2018-04-24 17:24:19,2018-04-27 13:43:00,2018-05-03 18:22:27,2018-05-15,14a18adda9a743a4c0fe6b9f7770c413,2018-04-22
c92d9519d152fad30fdcaa7bcbdbc30c,204bacea7cec91f9a4c9cab70ea3739e,delivered,2017-05-11 13:16:20,2017-05-11 13:25:37,2017-05-11 14:51:43,2017-05-17 12:53:44,2017-06-02,548984292afdde8d4aae26a60f01c883,2017-05-11
5509c0b69816a0407a62fa3fec797bb3,56919eb82e3c3c32385a9de417f51774,delivered,2017-09-25 09:56:48,2017-09-25 10:10:10,2017-09-26 20:52:19,2017-09-29 20:43:38,2017-10-20,8ecbb0b77a9c5a7c6c81265fd04aec55,2017-09-25
3c321c1ff61263804c94431316e7118f,6d2f99a272824a83af065ba3b5bf050c,delivered,2018-03-22 10:35:03,2018-03-22 10:49:35,2018-03-23 21:38:49,2018-03-28 17:46:36,2018-04-16,daf7e28057dc9aa44ec1bf51bfbae307,2018-03-22
c3b8c17ee15e0e798c2e178b7d4c7f42,67a5fd09c67dd51115ca8044b4afdc34,delivered,2017-09-01 20:04:47,2017-09-13 22:08:55,2017-09-05 15:43:31,2017-09-11 16:43:46,2017-09-20,1dd809dce0726b91fe230b6cbb0bcf42,2017-09-01
b25640291e5a59b69aa7a1e7096925bf,d10e34f0b33060cb2d99f93170da292b,delivered,2017-04-18 23:03:14,2017-04-18 23:10:20,2017-04-24 05:59:30,2017-05-03 13:22:32,2017-05-10,9d9563cba76155af23cd0c8390d23fd6,2017-04-18
c717b33977b903c18d81f8ee220ca736,68fdb170ae3faae5da4b044789eebf01,shipped,2017-03-27 22:35:58,2017-03-27 22:45:15,2017-03-31 10:04:58,,2017-04-27,708171059bcece355bd8ab8c0826c710,2017-03-27
9ea31bc786d569fb961d6aca5b8ac618,ac41dfafea25769214d7e659ae04882e,delivered,2017-03-17 09:32:47,2017-03-17 09:32:47,2017-03-20 10:26:57,2017-03-22 14:47:14,2017-04-05,a20cdea40f5bfb3da4c667e998086272,2017-03-17
c8a26f68531d30c813a16902aeacd380,e6100145f88f78edd1efdb0e643dcc1f,delivered,2017-12-02 18:38:27,2017-12-05 04:12:30,2017-12-05 18:10:02,2017-12-08 13:10:12,2017-12-27,e32f880d3e0df9d66a3ce4f25ac57b47,2017-12-02
af74091f111e705ab46de44f0f46aee0,47b892943e7e44aab7a4973342b66d30,delivered,2018-01-01 23:45:49,2018-01-03 04:10:38,2018-01-26 18:42:41,2018-02-02 19:54:06,2018-02-05,ecebbe0d87df8e20256cdd3f4196fbea,2018-01-01
cb8c458795bc8dfe3da5230ce7001eca,db62c7985127d9d4bf98d8c69b8bb2e0,delivered,2018-02-05 20:51:59,2018-02-07 02:35:47,2018-02-08 20:12:41,2018-02-10 16:38:33,2018-02-21,67fb0fd4bebe66267dca227614782779,2018-02-05
973099d5fd52c77163406f2eba72dfc6,4118b74a807396d8c976e9cf09b632e4,delivered,2017-12-07 08:01:35,2017-12-07 08:32:03,2017-12-08 22:54:35,2017-12-15 16:49:32,2018-01-12,cab8ad6cfba53394c2b45ceb87275f3e,2017-12-07
6c4b00d2f2c7cbac0902dd6367da9f97,25613332a78a059ea028f0360023a830,delivered,2017-07-05 12:47:45,2017-07-05 17:39:25,2017-07-06 14:59:46,2017-07-11 18:03:02,2017-07-25,0c7d571c947a548acd97297248692caf,2017-07-05
9042419915d957145ecb21925709a601,842655491a74bd618791403750c8ff63,delivered,2017-12-29 19:35:57,2017-12-29 19:48:38,2018-01-03 20:14:06,2018-01-18 20:42:59,2018-02-08,a3de6c7c3db8190fd758873e538d2829,2017-12-29
b064e7c32db081ff3c6283331d1669ce,16ec27fb0960851e8be0060ea6ed2a32,delivered,2018-04-21 14:57:16,2018-04-24 18:59:40,2018-04-23 19:48:38,2018-04-27 21:36:38,2018-05-10,c308ad85f7c793a8572bd487835497b9,2018-04-21
3d22c7028328c46be79ac9803a61e5c7,d138e885e09fa3ead931ab87e1811706,delivered,2018-01-03 23:07:05,2018-01-04 00:56:51,2018-01-04 22:09:25,2018-01-12 21:45:19,2018-02-06,e50e44f7101ce3ca3ab0df0922177431,2018-01-03
996cf7c353223f600a2ea65b66166d91,7b380de32815f7e1c096e0ac24c212b9,delivered,2018-07-30 18:48:38,2018-07-30 20:04:13,2018-08-01 16:34:00,2018-08-06 09:58:44,2018-08-21,9c28d882ff4322a7f25d34807c52b6f7,2018-07-30
0517ba063462fdd36525fd7e9ef72cee,3f25ebe2334e0d1436d693d392f55e7a,delivered,2018-03-14 23:52:35,2018-03-15 00:10:59,2018-03-16 19:19:04,2018-03-26 15:09:09,2018-04-05,51995289103e754340801c8fe45f2f81,2018-03-14
47df8ca5e5217025971963e512193641,77600fe80053210fbf53526d42fc1b0c,delivered,2018-01-21 19:56:29,2018-01-22 13:58:16,2018-01-24 19:52:50,2018-02-01 22:06:16,2018-02-19,6eda7803f7ef52418db8b283592b3dd3,2018-01-21
4523eafb93144f31a954666165a59423,7a9f335e44390d13140297c96578a80e,delivered,2018-02-20 15:29:03,2018-02-21 12:04:34,2018-02-22 18:45:20,2018-03-05 20:13:00,2018-03-13,01c92cf65b66be2fb861a163d4830f5a,2018-02-20
0d54c04be25f0f72f2f63f5b93d0bca7,ea66ab419deb40209a51853f56ab42db,delivered,2018-05-01 17:33:29,2018-05-01 17:52:58,2018-05-02 15:13:00,2018-05-04 23:32:28,2018-05-15,9df662fbc5d5bf77a06b55709bdf25a2,2018-05-01
e4de4d75a4d1e6b3dc57a3d94922023f,1ff059c79d3f1d0ee47547940795ed0c,delivered,2018-08-03 20:02:18,2018-08-03 20:15:18,2018-08-07 16:02:00,2018-08-16 20:56:36,2018-08-23,0a6d2167c2d7d056f5e1b1680c23d744,2018-08-03
782e3d360043ba18b527832597a53543,fd7805bef7bf746ef67207171ed7606b,delivered,2018-06-02 15:59:49,2018-06-02 16:11:41,2018-06-04 10:05:00,2018-06-14 18:36:27,2018-07-11,2fbfd8c2821ec7ea05e58575e52ea2cf,2018-06-02
511c6d6720495f07b3130978eb5cd45c,a036032b7517080204f9882e751fd825,delivered,2017-06-13 22:01:24,2017-06-13 22:15:25,2017-06-14 16:22:12,2017-06-27 13:39:12,2017-07-06,490a61ed149755df221ae868a6e47629,2017-06-13
a8eeef949a97362f253b5d6b9aa7b498,6a3e325c41d9bf26e23a25e1158851fe,delivered,2018-02-05 18:03:36,2018-02-05 18:15:47,2018-02-06 17:33:00,2018-02-15 23:08:50,2018-03-01,4307ca57b237ef2790e2a99ebcf3c7db,2018-02-05
4d5b79c88c8dba7bccfd90eb531c21be,a8982ac9d6737eaadd0c9fc308225678,delivered,2018-04-13 10:57:27,2018-04-14 02:30:20,2018-04-16 22:32:43,2018-04-23 21:39:37,2018-05-08,4b8ed1a95bc49d9f66cd093749cb8850,2018-04-13
58f5801ecbeec83b70c32e4afdc5582b,bffce113a45caad00826f1da88a365f5,delivered,2017-03-29 11:00:42,2017-03-29 19:45:12,2017-03-30 10:30:36,2017-04-04 16:00:10,2017-04-25,14ace1811c61b8817adf95a29d6b9c41,2017-03-29
4e09a6bc2b1596b9e54829e168bfd37f,ce9f7eca3f2369c7de337a4385790c62,delivered,2018-07-10 20:13:19,2018-07-10 20:25:54,2018-07-11 12:21:00,2018-07-12 15:47:29,2018-07-18,833595cb77d684c9a0ebd1d1476026f8,2018-07-10
bddb90ea4cfeb9f9ba6f30088662a40c,4f978374abb33989ebf04cf91a6d10da,delivered,2018-03-03 14:31:30,2018-03-03 14:48:17,2018-03-05 22:41:45,2018-03-21 20:08:33,2018-03-28,2b1c17f524720a484f86dcb7d454edef,2018-03-03
870262a84754d5ee151a8be2554a5bc6,4298216f047325fb69c2e6bf63e99c7b,delivered,2017-10-04 15:21:35,2017-10-04 15:35:22,2017-10-05 18:28:45,2017-10-18 21:25:51,2017-11-01,344b644d9fd344490c599727371dc99c,2017-10-04
94a71bedec852e752e86d530d03d6061,c0883596c39dea12f6d9de1259fc0517,delivered,2017-02-07 18:31:57,2017-02-08 03:10:21,2017-02-09 14:38:45,2017-02-21 13:34:58,2017-03-20,216fd197a786370ce9601ee2f6b5a31a,2017-02-07
4b7d3dfe0941dfb8a4aa50c5a641229b,ac9b153ddf7be1cc6ee7efdbfbaf6c66,delivered,2018-02-22 12:32:51,2018-02-23 12:35:36,2018-02-26 22:34:43,2018-03-03 15:53:06,2018-03-27,a215e0e289cfc05f8e47dc0af3baffa3,2018-02-22
1cea424dc965d49b8e61503d53a801bb,a4551f4d139f486420dd1a8bc2b3aff6,delivered,2017-08-07 10:32:41,2017-08-07 10:43:24,2017-08-09 16:06:44,2017-08-11 12:00:02,2017-08-18,100bc0f4c699c756969bdf378c24e903,2017-08-07
a85c1538df5701aa9a7c6cc423bd80f4,6fac8a7f89a9c17f55520dc1f6ff2c88,delivered,2018-08-07 17:00:07,2018-08-07 17:10:23,2018-08-09 12:19:00,2018-08-15 00:16:38,2018-08-17,9cee985fec14f8cc2368f17ac2abea8f,2018-08-07
df63c768307f82dcc0d2ad7a7d72b2ac,8ac70039fd4e27a39fc0c2e8929c22be,delivered,2017-07-14 01:10:09,2017-07-15 01:15:13,2017-07-18 18:38:51,2017-07-24 18:32:22,2017-08-11,e07acdaa6ecc8d510aef121afe5e7828,2017-07-14
61da7dd07ba150343f903e595dea5dc7,ad76257081fb90d69865cbe50024e3f6,delivered,2017-11-10 13:26:28,2017-11-11 02:47:20,2017-11-14 22:07:46,2017-11-20 19:12:24,2017-11-30,269eaca93cc26741741f59d5899d46b0,2017-11-10
88fc6bd429f0b065b3c80ec1e323c890,af6e19f06ecfc197b49e1d1e2d35f2ed,delivered,2018-06-09 18:13:31,2018-06-09 18:30:34,2018-06-12 15:01:00,2018-06-14 22:03:29,2018-06-20,9e01f6be53237f4440f802e827e89e99,2018-06-09
84660812690bb3e1d202c040dfaf5cee,d3bfcd6b8429123c838019a536a1a7e5,delivered,2018-04-14 12:34:01,2018-04-17 06:11:29,2018-04-17 17:05:24,2018-04-19 01:19:03,2018-05-03,6472bdac8d0d253479daf15f2e6413ee,2018-04-14
eba5ed5e25b2381933d6f2a0227fd21d,f7a143ca85eaadf2b2f56394e2d1f699,delivered,2017-04-12 10:39:39,2017-04-12 10:50:19,2017-04-12 15:21:05,2017-04-28 11:53:47,2017-05-19,b5804d90954a35172176fc8d95c97116,2017-04-12
bffb2f663c0ea51622bccd351e2815d8,b3dad37a7ed6c67056ababa4a4deff4d,delivered,2017-05-19 13:06:23,2017-05-19 13:22:28,2017-05-22 10:16:57,2017-05-23 12:42:33,2017-06-01,d0886880ad8e1bb53c74aa0923b0d0cb,2017-05-19
b546aea900486b1d86f57d4da877a984,e1a333109e71922f3c2cf7775d80f28f,delivered,2017-05-05 01:49:17,2017-05-05 02:02:32,2017-05-05 10:41:34,2017-05-22 15:47:53,2017-06-13,d071c52731da995f4ce30e7d8f7560a8,2017-05-05
bf6b6ca366554e505b129b759520e852,fdc9c0362f389c2be24c0ae7723e6c74,shipped,2017-08-27 19:30:59,2017-08-29 04:50:18,2017-08-30 21:58:49,,2017-09-18,3a309d6b2db7df16a8195cacc9b569af,2017-08-27
a0d35026fbeae4c918e39e0ac44e637c,ff0a2318d1ff10cbcb9376022927255a,delivered,2017-09-21 15:22:14,2017-09-23 02:15:41,2017-09-25 21:03:09,2017-10-14 15:52:07,2017-10-18,edb2ea73fbcf58362cc76941af7f3dc7,2017-09-21
32ab3bc68fa79c6d5d0066af3b91932f,e0b6283985b18424517750906ee61c2c,delivered,2017-12-04 15:29:45,2017-12-04 17:23:14,2017-12-05 17:45:27,2017-12-11 21:53:36,2017-12-28,95a821edad2488ed9e7c805716ed6ce7,2017-12-04
aa11f70af7c222af9439091bbe59e8f9,791311e9e765e18c2050d96976d7e110,delivered,2017-09-15 10:36:43,2017-09-15 10:50:26,2017-09-20 19:33:05,2017-09-22 23:14:43,2017-10-03,0aec306f43141711316ba69b425d7016,2017-09-15
14666138d6ac727f90a5f2775b282d07,a1b848486ab5bf5941a00cb77f624e97,delivered,2018-08-16 00:42:39,2018-08-17 00:49:12,2018-08-17 12:24:00,2018-08-27 20:27:35,2018-09-14,9c9db470bcda9cb57fed04c03452cd0e,2018-08-16
5308a8e3331c9fab38efdb6a6c1d89c4,43a8f0d16dc07bbf5e34f897c36060af,delivered,2017-06-04 17:16:08,2017-06-04 17:25:11,2017-06-08 17:36:29,2017-06-19 20:42:06,2017-06-28,2000e65767f3fd909fbbdde0378abfba,2017-06-04
9e85d73b2a693e5b6dcf56ef2d00d181,51f45be48e424513598dca87178b2417,delivered,2017-12-03 13:47:49,2017-12-03 13:57:18,2017-12-04 19:18:17,2017-12-11 20:04:56,2018-01-05,d07495388c1ba49d9f0177f05975a3f2,2017-12-03
e11e0f810b87b5bcbc4ce90273881f6c,bcbbc6cf8364e1cf1a6e0fa5570372f0,delivered,2018-07-20 10:14:10,2018-07-20 10:25:16,2018-07-23 08:50:00,2018-07-30 20:28:42,2018-08-07,c60e0c67b73f134a6554318c2a4903c2,2018-07-20
d5adb7496b40cf5ac248505008ba61d5,2e2eb8ad6d17a467de51278c54628200,delivered,2017-10-08 15:10:16,2017-10-08 15:34:27,2017-10-09 20:20:20,2017-10-11 22:34:11,2017-10-25,690a7247875eb048e39b3434d6c3c72b,2017-10-08
6501b8706ad91690114d2f5cb00a02a5,43a7dec98e9ec118d59b430191944a29,delivered,2017-11-24 15:51:04,2017-11-24 19:31:54,2017-11-27 18:40:06,2017-12-09 18:42:01,2017-12-18,908aa5b54fe4493588c5db2cf08199a5,2017-11-24
86d34c8f36491e984f83e8482128118b,d855c77ed24eb3a62791e5b80b2a1700,delivered,2017-10-14 22:41:26,2017-10-14 22:49:21,2017-10-16 20:13:03,2017-10-25 11:42:34,2017-11-06,da87dd010fda6ce10aff6be99106b847,2017-10-14
3f1d42a217afb22fc9ee819f602664b2,7b66afe859de8d2c1e6b143c26a6b4b1,delivered,2018-07-27 12:27:02,2018-07-27 13:04:11,2018-07-30 20:10:00,2018-07-31 15:14:32,2018-08-01,f720a16300d5b9dfa4639686e56561ba,2018-07-27
e0ba4b3c107e06a39d608c7442467d85,08d7418c7329e60d4537f2218b4c8b49,delivered,2017-12-09 23:52:16,2017-12-10 00:47:52,2017-12-11 17:14:03,2017-12-26 21:52:26,2018-01-15,e3baf83bac6152c2d2dcae94f7b619ec,2017-12-09
e132fb294c905406ab1ce97278595b0b,a52bc8934491cdd988e9e063be7656c4,delivered,2017-04-26 20:15:59,2017-04-27 20:22:54,2017-05-09 10:23:16,2017-05-16 14:37:33,2017-06-20,2bdfac959ff0b3dd9f5b0853b8486057,2017-04-26
ce1c82a64c8c7a41beeecd2d1c1dd21e,58a685b2cea3f9c1148140a3bc96cbbb,delivered,2017-04-22 10:41:15,2017-04-22 10:50:22,2017-04-25 10:59:53,2017-05-10 13:16:48,2017-05-26,d221dbcbd916c6eb004d021dfc880edb,2017-04-22
cd590811ef0d897b885bc97352f1b34f,b3fe927fe3f77e84b15f4677db150616,delivered,2018-03-12 10:41:16,2018-03-12 10:55:43,2018-03-15 20:35:48,2018-04-04 01:38:50,2018-04-06,8857c6252ec2963d8777089602c37faa,2018-03-12
a664490883c0131d7eca5cfbe6794aa0,29ebad1a53479f85b1ac6801f47e3362,delivered,2017-02-20 17:29:50,2017-02-22 03:23:01,2017-02-22 14:49:01,2017-03-03 13:34:43,2017-03-23,be3cfc8453519e48371cf115f0b15e2c,2017-02-20
cf1f2bf558188a7db5faf52865b4e210,1f182a50ea79d8162b40da2165960f64,delivered,2018-02-25 20:35:43,2018-02-25 21:40:20,2018-02-28 21:38:53,2018-03-16 19:59:46,2018-03-22,a2353d74607f052ae9640d3af3b81132,2018-02-25
e956922814f88f0d713f466cf03dace0,c2449251111a0fe26efe4564f8b8167c,delivered,2018-01-05 14:14:32,2018-01-09 07:17:05,2018-01-15 23:41:44,2018-01-19 02:48:58,2018-01-31,acb23c1dee80b252bcfcabb0a706bfba,2018-01-05
a0b0c8f47189c8f5ae441368d370c15f,f172ee35b4d9ef56e957d5e68a545e80,delivered,2018-03-25 18:55:38,2018-03-25 19:10:28,2018-03-27 17:54:24,2018-04-04 23:58:34,2018-04-12,e1e0954d402822e89fe01b0f01256a69,2018-03-25
eb0e37706298fb26e054a09981cf50db,1593ca7390c815671208260c2e1a281e,delivered,2018-07-22 16:45:13,2018-07-23 12:32:35,2018-07-24 16:58:00,2018-07-26 19:03:26,2018-08-09,2a076e462c89b70dcc757188ded9aa78,2018-07-22
2026183f154b1d672b4bd513fde144c3,a81eecabd9afa9b7ab654422b6e79f3c,delivered,2017-05-17 21:33:10,2017-05-17 21:45:10,2017-05-19 15:12:00,2017-05-29 11:23:43,2017-06-06,72608730b1f535c68363c5eb0aef8c9e,2017-05-17
bcbc99c5380b420c2e5924342197a166,eedb949201058f4c8b33a50250bc547f,delivered,2018-03-19 17:15:38,2018-03-19 17:29:44,2018-03-21 20:34:24,2018-03-27 20:32:35,2018-04-24,9c919ff3a7af6da6d8188fc85c9a0e66,2018-03-19
3a02f2abd527b2a2b0504aa48bc1b7c2,98c4f7271d12e1559a9a532bf51acc77,delivered,2018-02-15 11:13:05,2018-02-17 03:35:28,2018-02-20 21:37:14,2018-03-22 19:03:32,2018-03-15,d670da0885957c840745bbe72a208033,2018-02-15
1affc4ad6b0957720114bf91c2f39879,022f4d871399246624c353f06712cb75,delivered,2017-03-15 19:34:30,2017-03-15 19:34:30,2017-03-17 12:42:40,2017-03-23 15:42:06,2017-04-03,5666d6c780d86bdc41dbbd57783d0f49,2017-03-15
104b23439f7dc2291659a26f2237abdc,3d7c0b5ea6f05a405999e4621b1df53f,delivered,2018-08-17 14:54:57,2018-08-17 15:09:53,2018-08-20 14:59:00,2018-08-23 15:39:37,2018-09-20,5489b136a698126b54baccf463d71dd7,2018-08-17
332bbeb5cdd458723fa3565220c997ab,a8a23df854bb534c69e1ce1bae1ecb29,delivered,2017-05-19 10:26:04,2017-05-19 10:35:24,2017-05-19 12:28:00,2017-05-25 09:41:28,2017-06-12,7a55652bc8fe2d7d316936a9947da7d0,2017-05-19
d5867ae0316adec946ff4545482967b4,1cbeca510159cec8e5185eb8f87e7ee5,delivered,2017-08-18 22:05:25,2017-08-18 22:25:20,2017-08-22 20:02:43,2017-08-28 19:16:03,2017-09-14,c1d635c674762ac698e5e91a5ea6abfe,2017-08-18
2d476d9a9af938c2ab76a4aefb7e74d7,9491612964bb8ce20fc6c680356fd784,delivered,2018-02-21 23:07:18,2018-02-23 02:31:04,2018-02-26 16:43:24,2018-03-19 16:54:31,2018-03-14,99ba6069c1f31edd36157018f23a8974,2018-02-21
e0491d5fa20ffe7ac96ccfdb874a8dc1,2074276f1cbcee59fc01ab7b591d017b,delivered,2017-10-28 22:10:51,2017-10-28 22:26:17,2017-10-30 21:33:44,2017-11-07 00:28:41,2017-11-23,013ae505c83f5fb1905ed23afdafd3a2,2017-10-28
de219d6cf606e877fc9a0df6b811ab61,762b59169664d761596b65b8110298de,delivered,2018-01-25 23:26:05,2018-01-25 23:36:20,2018-01-29 17:53:22,2018-01-30 23:07:01,2018-02-09,3d1d4c2d55117aced1b69276d407085b,2018-01-25
61bc36958b1d61ed45eb66755fcf5722,cf5d2bf978920481642239c79555b3db,delivered,2018-03-08 19:10:37,2018-03-09 02:35:32,2018-03-09 18:18:58,2018-03-16 01:58:27,2018-03-28,fd912cefbf591d50e0da4d53d225ae1f,2018-03-08
0973b2846805e4eaacbdff441e3dbc8e,bfddea478823f3128b7a3bd9253988e7,delivered,2018-01-02 17:35:56,2018-01-04 05:14:16,2018-01-05 13:04:44,2018-01-16 17:33:13,2018-02-05,9ddf3b3f87864dc1fa52163adc2656c3,2018-01-02
f0c11cab63a210c8c102b31a8edd69db,fa39cf8c2435c92c664ebb635024a56e,delivered,2017-08-12 22:29:58,2017-08-12 22:44:12,2017-08-14 16:18:06,2017-08-18 19:53:36,2017-09-05,d201202e3b888f94826f1ddb27812480,2017-08-12
6feeca05362a431b585a63a6043e7c1c,7d3ca8a3ddee83ea48b5d339d4768472,delivered,2017-10-29 14:59:07,2017-10-29 15:10:19,2017-11-03 20:56:41,2017-11-15 15:53:06,2017-12-05,c644891fd52abbc13b0bd247789e66ef,2017-10-29
d19792edee7b2cc1d094d869461abf3a,53d335e6c3bd94413cb59b135b7da93c,delivered,2018-08-21 17:03:40,2018-08-23 02:55:14,2018-08-27 18:56:00,2018-08-30 00:38:20,2018-09-26,f25de78f3e892791c54a052afef0675a,2018-08-21
5d9a4411068892bb475d32879e076e1e,7d8c2899f9095be928b72a16b21a3e03,delivered,2017-07-11 08:57:01,2017-07-11 09:10:13,2017-07-11 18:29:50,2017-07-13 16:37:28,2017-07-31,29cc8b41698f1b32fd144e4a4f833912,2017-07-11
6d501a59eec532012c8ef9f9f6f5240f,3b1b6e69b35643992c8af1ffca4cdfb9,delivered,2017-04-21 11:38:51,2017-04-21 11:50:17,2017-04-24 09:36:32,2017-05-09 10:43:18,2017-05-24,9e3cc98777de23543f65878a05427075,2017-04-21
e809c167a9cfd31aee1293abe8995065,9472f9fca02c86c72be6429983d0a76a,processing,2018-01-04 18:23:45,2018-01-06 02:08:26,,,2018-02-05,10a740436bf292d468f840373885e4a7,2018-01-04
73c8ab38f07dc94389065f7eba4f297a,d5f2b3f597c7ccafbb5cac0bcc3d6024,delivered,2017-12-13 14:21:15,2017-12-15 02:30:41,2017-12-15 18:45:18,2017-12-28 09:05:34,2018-01-08,31e412b9fb766b6794724ed17a41dfa6,2017-12-13
7170c855b98cfed5dc82dc9e9b122b64,14eb7a65dda3e17554d653b786db01ae,delivered,2018-07-23 22:21:18,2018-07-25 03:04:42,2018-07-25 14:36:00,2018-08-01 13:07:09,2018-08-09,a9bb8f5e3614e5e4976bea85a645a0ba,2018-07-23
6a6f4f30f771eb3acb7dd11e08a53e00,c97cbfd3517896bcae9450e52779b784,shipped,2017-11-27 17:54:27,2017-11-27 18:11:51,2017-12-01 19:27:05,,2017-12-12,fa1d498401f783dd9c834e1621273e6a,2017-11-27
7c368cac70a301684eb08e7397a3da54,c14a95fcf2ad8b83712bddcd2af73f83,delivered,2018-08-02 13:43:55,2018-08-02 13:55:16,2018-08-03 10:03:00,2018-08-08 16:26:55,2018-08-15,30120e1371340fef09f4e3c4a2c93cb4,2018-08-02
8c2fd1f7359cea19f4ec43436b8850be,0fd9ea9bd342abe74db14762466e1b48,delivered,2017-09-09 22:15:52,2017-09-09 22:30:20,2017-09-11 18:17:36,2017-09-22 22:26:41,2017-10-03,75991565ad3030e821e9f5da33af7d17,2017-09-09
c6c8efeaf2205f11be796833a750f49e,f08742a7082ba21c8f71fd1ff6d32c0d,delivered,2017-10-22 10:15:18,2017-10-22 10:35:18,2017-10-24 16:52:06,2017-10-27 20:12:01,2017-11-13,c9639edb9f341546c199eabecab7b863,2017-10-22
c596d8640962b115481b374c7b881f6a,d2791613005cb0e44b5732c48bb8ff42,delivered,2018-04-03 11:52:28,2018-04-03 12:09:38,2018-04-03 22:47:31,2018-04-19 06:41:50,2018-04-23,5aa40b15d02d84c3df1aa2c10f9f3625,2018-04-03
680f4f731eeef8098bb1e587bb0c3363,ad1bd6b4f879655fc78ac4d5bf3fd055,delivered,2017-08-24 21:57:28,2017-08-25 22:08:03,2017-08-28 20:37:32,2017-09-16 15:18:18,2017-09-28,239b438716f92fa93b39f369f7f2236f,2017-08-24
2de064f9aae25ba56e286d80d512155b,8a1de99d49a84f227d74f7f0ced429bc,delivered,2018-05-15 20:51:47,2018-05-16 21:54:35,2018-05-17 12:58:00,2018-05-22 11:12:37,2018-06-07,034b5f07d410865ee3194366ddd5261c,2018-05-15
5976af9c3477baa56327f8140e7f7996,8b6940ce6a48f2b06dc2cb5967f42017,delivered,2017-04-28 12:50:09,2017-04-29 02:42:55,2017-05-02 14:57:39,2017-05-08 16:43:48,2017-05-22,5f6cd4d25690c282381dd90114f6ba98,2017-04-28
db67f190728e6864bcd380d96236677f,0b735f09f901e6fd1903f1e76b4269e6,delivered,2017-10-25 11:54:30,2017-10-25 12:07:17,2017-11-01 20:47:32,2017-11-08 21:23:50,2017-11-14,a1de09e1d68d100d7e79b415b8c60cb1,2017-10-25
5e6bf5e993fb83ee6af7a9f8a954e807,a72c88547dfde272c230dc57c9f04dda,delivered,2017-05-27 21:29:28,2017-05-27 21:42:00,2017-05-29 09:26:29,2017-06-03 09:13:47,2017-06-21,b9d44225456385fdb50e1446fb599921,2017-05-27
e8e4ccb8fbae6c4092d94bbff888a6c0,f717deed9559899472e5164bd41fdbfb,delivered,2018-04-02 17:23:29,2018-04-02 17:35:21,2018-04-03 11:12:02,2018-04-04 22:28:25,2018-04-12,6ae6951437293db40e0e4abd81a8430f,2018-04-02
85fc293d3e0bf416c547c15d991e096a,842ebaefba675d1067f4722118378ab6,unavailable,2017-12-07 20:38:53,2017-12-09 20:33:27,,,2017-12-26,02ed27f9cd8f0a7ffc59c7e10b46b9c0,2017-12-07
c4ee82a6c0873cfdbe96e41596698248,c9be31eee5d42b016032f115e6640689,delivered,2018-08-03 12:28:01,2018-08-03 12:44:04,2018-08-07 14:24:00,2018-08-14 00:08:35,2018-08-15,753e0db552dae3b85fa02153705d95cf,2018-08-03
9a1be11e9a732a340c3bec3b390debeb,fe183c5b40e3f8c97a4a5eda7392de2e,delivered,2018-07-03 11:39:10,2018-07-05 16:07:17,2018-07-04 08:41:00,2018-07-09 23:16:49,2018-07-25,c68af324f2ec9ab54fbc9dcdca874af0,2018-07-03
b5ded8632f7c8aaa2943a68ee15a2a8f,a76e9186014b79746ed3de0b25fdba72,delivered,2017-11-25 21:00:41,2017-11-27 21:00:27,2017-11-29 00:15:18,2017-12-06 19:47:22,2017-12-20,962b40b8aedfd6311cff038dc4ace4b9,2017-11-25
daa31883279538aaa2097f19342c2b90,b7215096d9ed6d194e700543aa624947,delivered,2017-10-12 11:30:34,2017-10-14 03:56:17,2017-10-17 18:14:02,2017-10-19 18:57:46,2017-10-26,3e503d8b9ecd5655a605d76456c8fa11,2017-10-12
e08debbe8f44228bc16e6e292bff6f4f,2158fd165c0651527e6c8cfdb5a2bc95,delivered,2017-10-16 11:35:18,2017-10-18 02:51:24,2017-10-20 17:27:06,2017-10-27 18:43:28,2017-11-06,bed67b19ad0141e064a5a46c8ed94927,2017-10-16
39d0be719247e3b3a38846ba810197ea,0f51eea87ae9e277d0f099d51637772d,delivered,2016-10-04 16:02:18,2016-10-06 15:58:44,2016-10-21 16:18:29,2016-11-07 16:55:57,2016-12-12,7af2db50b8a1a1c7fdf77acb033ba6b0,2016-10-04
dbb1353a1b37773612291d7e294ec323,80ad906b5e2e5d97b96c167d244e9e0d,delivered,2018-04-01 23:06:18,2018-04-01 23:47:52,2018-04-02 21:34:53,2018-04-07 00:33:17,2018-04-19,ef67986b495c5778f4758496519dda80,2018-04-01
010d14f76a229c295260e4ca4744acc7,02e460a9db12a0de7f952f8facb66312,delivered,2017-12-01 19:46:28,2017-12-01 19:57:26,2017-12-04 18:07:08,2017-12-18 16:43:33,2017-12-29,258212f72c68bfd7d05ca8b3e59b5157,2017-12-01
0df047ac4fa1b5eed06cc188e54fd23e,47efe31635e7f43b94e1944a329598e4,delivered,2018-08-07 09:32:53,2018-08-07 09:45:15,2018-08-08 13:55:00,2018-08-11 14:38:43,2018-08-27,6cf4228e1512fc12c0d2b932cca21bdc,2018-08-07
c462a724e0a22bbc88bdecbed3ca72c4,b129c5e7449bfea86f4bef20e296c0ce,delivered,2017-11-23 08:23:33,2017-11-24 03:12:50,2017-12-08 16:48:29,2017-12-20 11:14:50,2017-12-13,6234bff8b25bd8336455555eb5f749da,2017-11-23
661620f1b2ab6bd136e9566f2188c215,4538c8f9c63d958a52a1e982c821a98f,delivered,2018-02-07 12:48:44,2018-02-08 07:49:34,2018-02-09 11:49:04,2018-02-14 19:12:57,2018-02-23,64f30e1dd309856d47cba0089a338ddf,2018-02-07
5921c611401f52ff910cf826ea169367,543498dc5e59976cbd3821712ab1a847,delivered,2017-03-06 00:43:52,2017-03-06 01:05:46,2017-03-06 09:09:39,2017-03-21 12:27:54,2017-04-06,6939717d743238011a47e518991b60d6,2017-03-06
5f827831438fdab57e6b6b98328b360e,3cb502fcf455deaa130fe625b29c7804,delivered,2018-04-21 19:28:09,2018-04-24 18:22:30,2018-04-23 22:38:25,2018-04-24 14:40:46,2018-05-10,b6e2e472b325c10e40784bc2ec3e2c5d,2018-04-21
00063b381e2406b52ad429470734ebd5,6a899e55865de6549a58d2c6845e5604,delivered,2018-07-27 17:21:27,2018-07-27 18:00:06,2018-07-30 14:52:00,2018-08-07 13:56:52,2018-08-07,3fb97204945ca0c01bcf3eee6031c5f1,2018-07-27
1d93c24a42872d2410be202e128bf5c3,fe7f6a778dff689575d3be054d1e3b57,delivered,2017-05-25 12:44:54,2017-05-25 13:05:32,2017-05-30 08:52:40,2017-05-31 13:41:38,2017-06-07,c3777a318db683cf3c71baa82899b39c,2017-05-25
225a4e4eed0a18dec33ca9f375a86a45,00951234ffc26898cb0f62b8c0e89f88,delivered,2017-10-22 10:53:02,2017-10-22 11:07:29,2017-10-23 20:29:50,2017-10-31 20:14:44,2017-11-16,754fd85b66cc83bb73ffb06a4bc729f8,2017-10-22
e3f7a673dd1981e0d7b330c8a7220220,8daafb5e7776c08e384b8bdd6b708dfc,delivered,2017-01-24 09:04:09,2017-01-24 09:15:17,2017-01-24 10:42:57,2017-02-06 11:23:58,2017-03-15,8262788edf806677acaffdbb1709ed3f,2017-01-24
f9eb516475260ab01f33937aac3cfd40,4ead8c602805bd9623211328f97ca745,delivered,2017-11-27 12:41:22,2017-11-27 14:19:34,2017-12-01 19:42:10,2017-12-04 19:16:45,2017-12-11,8eea32e5fa9d1d7ff95e40062060680e,2017-11-27
5b03a739e69fe70af9a396dd3c5fd228,ce41bc0c7e8554d1c08797761d12dad9,delivered,2018-01-29 12:42:18,2018-01-29 12:52:26,2018-01-30 00:16:48,2018-02-09 20:18:59,2018-03-05,ba47fc1e9bf003964a40acdfdc46a7db,2018-01-29
1233838f2d670d7e4d115557ddcc52bb,6daa07361d72c59bd20fae597b1afb42,delivered,2017-07-25 09:56:48,2017-07-25 10:05:28,2017-07-28 15:03:08,2017-08-04 19:19:09,2017-08-18,4562ff1863c6ec3729c71a3162ef69dc,2017-07-25
4a65f44b9d88b8af9f97037e89366abe,a0c9d999ed3500707f8228b8336e24eb,delivered,2017-01-26 10:56:10,2017-01-26 11:05:35,2017-01-30 11:44:02,2017-02-07 13:11:39,2017-03-06,d713e6aab2515415431d22053453e1ae,2017-01-26
5fd085507aff13c4bf822411202b4757,91f350582b34e0392b3726353d5550af,delivered,2017-12-12 10:45:52,2017-12-12 10:56:37,2017-12-12 20:43:27,2017-12-28 18:52:41,2018-01-09,51a602494678aa0c9d6e2302e85b1384,2017-12-12
e087de4a31936aa86e5f48c6d4c570f5,b22ad8ac69105be5f00338a86d44697b,delivered,2017-12-02 15:52:58,2017-12-02 16:17:34,2017-12-05 22:46:55,2017-12-27 19:48:53,2018-01-02,1aa661ae7348dd45045b133a4cbc4ca4,2017-12-02
7525729ed75b4d65c84bf8499bef7df2,2153cb587e3b6aad494beb2b208e10fc,canceled,2017-02-22 19:36:22,2017-02-22 19:50:20,,,2017-03-30,1a3de23cf95b33404f03b9f7cc1ac202,2017-02-22
171a55934d8bc5775c30ce0537f5e4cb,31e338271f0dfd2ca8392a683ff262a8,delivered,2017-10-25 21:51:42,2017-10-27 02:55:24,2017-10-27 21:22:15,2017-11-01 14:43:48,2017-11-23,a1183815ce87580603999eabfda8c5ed,2017-10-25
646410b7c77f0bae163c4d4cbe4d78de,2e50f32ef890bff070fc82627c078120,delivered,2017-07-29 22:25:29,2017-07-29 22:35:17,2017-07-31 20:19:07,2017-08-08 18:21:57,2017-08-18,5a7491f11851f54e535df1d0ba43ba03,2017-07-29
6b2b0edb95053b55efeb09177b6510c3,1cd1bf3921c35dd04851354a26e28a5b,delivered,2017-06-24 19:17:09,2017-06-25 06:42:37,2017-06-26 10:22:53,2017-07-22 11:36:47,2017-07-20,c0fbc7a49c439d1296458389efdef9e7,2017-06-24
ba5fa5d6fe39ade3049fcbc2966fc82c,229ac14c6ee6d6a606264ebcc861beb7,delivered,2018-08-08 20:25:21,2018-08-08 20:35:20,2018-08-09 15:01:00,2018-08-13 19:38:55,2018-08-20,493f3e2114badbd36273531549b6d21c,2018-08-08
a26767d79ed74e1a32e2855451fcfd3f,f65fad9175e08b8c051204ebf7d43705,delivered,2018-05-12 13:00:05,2018-05-12 13:14:33,2018-05-24 13:47:00,2018-05-25 18:11:14,2018-06-13,9c41a11e3198780d9340b3ab2b59b632,2018-05-12
aeffea2c78ec9b15d6cd7478c9072c07,9711ec758b9270ff19adfc9bec1b4a09,delivered,2018-02-11 16:11:04,2018-02-12 16:10:27,2018-02-14 19:39:55,2018-02-17 02:15:49,2018-03-07,11b7fdce69f834712e6cf8f9995ff674,2018-02-11
b25c87440df98e833f8cec6ad163a098,dabce7e137934de433d062eb02ad15f3,delivered,2018-06-26 22:38:13,2018-06-26 23:15:45,2018-06-28 15:17:00,2018-07-03 22:42:12,2018-07-20,84324560300f55415bb5a5ae81d1f2c1,2018-06-26
5defd0236f15e552d007f413fd3bf85a,11394c09fa2c70c4c2d64e368e227378,delivered,2018-02-11 16:42:12,2018-02-15 03:55:46,2018-02-16 23:58:40,2018-02-26 19:53:49,2018-03-09,7046e497e00562b3f0d3b3bdc5af60d9,2018-02-11
1166119e8e94b56596501d609f810451,25f3d18f333d4df2b53f80320160ff16,delivered,2018-06-13 13:31:02,2018-06-13 14:31:29,2018-06-15 14:55:00,2018-06-20 17:09:00,2018-07-03,330b1e52f22613bfeb002dcbb031a032,2018-06-13
5cd4de56d310f9546c7dea5611b658d0,df738297a39fcf2ccb7a88b29e3781e1,delivered,2017-09-08 03:21:06,2017-09-08 03:30:14,2017-09-08 19:42:16,2017-09-25 20:22:40,2017-10-04,0e584b5cadc27b58a7f4a6ebb9bb7da8,2017-09-08
c4f6c401115a8cba8c3be4ad28abeeae,e68dc3ffc3c7c08cfd24019575d82589,delivered,2018-06-22 17:12:21,2018-06-22 17:38:41,2018-06-25 10:52:00,2018-06-28 19:02:20,2018-07-17,8f83775ececa6d64b3e419bd139fe6ff,2018-06-22
a144da15ca9cb1ebccf012a14736c54d,ae6a20cbef31289987c08cdc617a19ac,delivered,2017-03-27 15:57:27,2017-03-27 15:57:27,2017-03-29 21:17:37,2017-04-10 15:57:38,2017-04-20,6d0fd04ca406bc56197aabb93441a9aa,2017-03-27
e1e8c919a20f2c8c0224357d9210e4e3,f15233c6e0d9a3837da1fd631a84edcd,delivered,2017-08-18 11:07:39,2017-08-19 11:25:29,2017-08-22 10:33:42,2017-08-28 17:37:35,2017-09-19,b0df7ead12ab0de4978b5c4b8a7884a7,2017-08-18
198298d54f269d8c5fe89e85a859af61,8d4fd10d20cdc0fa3589cfdee2b1cb07,delivered,2017-07-29 20:08:40,2017-07-29 20:23:39,2017-08-01 20:42:40,2017-08-10 20:03:08,2017-08-28,16211bcf5b07a02aaa15f592d88cd42f,2017-07-29
0b95f3147f8a038de06187063d90008e,0598384cf66a6bd49ac0c725af1c74e7,delivered,2017-10-21 21:33:43,2017-10-21 21:49:23,2017-10-23 17:22:55,2017-10-24 20:52:04,2017-11-03,ab744045d2445f5bae53b57a4b99bfbf,2017-10-21
a92c76269cd2be64008c82c84d6e5d48,a8a72553d270066753aae3e20a8d035f,delivered,2017-09-01 10:23:11,2017-09-01 10:30:22,2017-09-06 17:30:07,2017-09-12 16:33:28,2017-09-26,814d12af84beb46ade17b81e5a01a38c,2017-09-01
e1f37ead3c565a7f54eead433530c790,b3785bdc2dc47c60224e18bfa2f1af47,delivered,2018-05-19 22:49:36,2018-05-22 08:16:22,2018-06-01 14:02:00,2018-06-07 16:49:01,2018-06-27,16df4ad13a00af38d2f219333ba55599,2018-05-19
a65820c7e4307f72117e77fce6be1074,4915b5f798ba5172def6562538b6cdbd,delivered,2017-07-28 10:51:19,2017-07-28 11:05:12,2017-07-28 16:23:04,2017-08-01 17:19:32,2017-08-17,c5b58e89d4e287e453b4a0bffcf7a025,2017-07-28
b9eda83f0864d2d9a838fb0305cbb5d6,95b37d2a4fcbe7da99a00c06033c41e3,delivered,2017-12-06 10:42:36,2017-12-07 03:11:58,2017-12-08 23:41:23,2017-12-26 23:08:49,2017-12-29,83b859a319481b265d7d0bbcae31fe93,2017-12-06
fbda1cc83fef326394fae4d634d0402a,8279d74562141e3ef092bfbebd898659,delivered,2018-02-06 13:58:38,2018-02-06 14:15:49,2018-02-08 00:12:22,2018-02-09 21:38:38,2018-02-22,9a06d26372682d17d582440947a3787a,2018-02-06
ba1e2cba74b728e6e26fb11c5fa0b5c5,7aba3e63f633b8707b803e9128536e80,delivered,2018-04-20 20:26:26,2018-04-24 19:26:42,2018-04-24 23:50:58,2018-04-26 00:11:29,2018-05-09,2167203020a647846613330f9fdac606,2018-04-20
fa7809f6cdf09dfab24cfc2669964ecb,58b75381b97c75d94e51fb72db47f4da,delivered,2018-06-04 21:18:04,2018-06-04 21:30:41,2018-06-08 14:03:00,2018-06-21 04:54:19,2018-07-11,504994c11a4cd0eb55fc66578117464b,2018-06-04
1cdcd38020c62cfc2ba884e5a23eaa0e,75e490ed3784567b2dd4bd3b3fbdf6f6,delivered,2018-08-01 10:08:58,2018-08-01 10:44:18,2018-08-03 15:23:00,2018-08-09 21:12:23,2018-08-17,1097546f28572d77f622b106a224f1d3,2018-08-01
2b3da71eeeb21b32d855dba308304b5e,8f1969087609183f80dcb1ef40dfaa7f,delivered,2018-03-02 09:09:17,2018-03-03 02:51:39,2018-03-06 00:06:26,2018-03-09 13:49:23,2018-03-26,755da8469bdeba7ccb58a61d7ab03c6e,2018-03-02
30945faa37e8264ea2815f7bf799adf0,8e088f86db422c6032a26ee8ba1ef0e3,unavailable,2017-01-31 11:40:55,2017-01-31 11:55:20,,,2017-03-02,5942dde582a33e31ea4471bc5363b0f3,2017-01-31
2a2400e345f56a8e879743f0b45b6b09,a6e436c7275245cf3b66a9d59fb2bac5,delivered,2017-12-28 15:11:06,2017-12-28 15:27:29,2018-01-02 20:21:46,2018-01-04 23:22:37,2018-01-17,4fd7e1b87fbbe153fa6308e6c91364e7,2017-12-28
fe6d6acf472f919a33bdc485082dafaa,610fb118022f008000cb93c62a6933e5,delivered,2018-05-16 15:14:37,2018-05-16 15:35:12,2018-05-17 13:37:00,2018-05-18 19:29:56,2018-05-25,caf239683606ccfa6c38c3b5280b25c8,2018-05-16
ec60e48662eb9eaf9ae685a3afa56518,4933b985cf353d4c50490efd77de63c8,unavailable,2018-02-21 09:55:14,2018-02-21 12:05:38,,,2018-03-13,51b958a538ccb8455fe629ec1d7bac00,2018-02-21
0492eead55cd90ba9690387cca2baa20,821cfae6c6dc3f7fa663f1716f837f0e,delivered,2018-07-22 21:40:20,2018-07-24 11:32:21,2018-07-25 13:37:00,2018-07-26 21:08:46,2018-07-31,875a707bdfd8d6544f1b74a123b3010b,2018-07-22
22821986209b9ac29a9b23ac492b2844,86eea35000c04725662fe48ecd33828e,delivered,2018-03-25 12:15:07,2018-03-25 12:27:54,2018-03-26 22:28:49,2018-04-12 16:46:41,2018-04-16,d2855673998c8444d6545903f0f3b727,2018-03-25
7d0dbe74217affe6ee4ac409c28e23dd,c5e1ee00ecf36ee92c825bc77c48db15,delivered,2018-05-02 12:25:51,2018-05-03 04:35:17,2018-05-09 14:11:00,2018-05-21 22:28:30,2018-05-24,c3ab54ccae2a37fdf81685dedbecb7ba,2018-05-02
5df709f025839459fa8fea78efac8845,f3cb1ea188bf53465cfe23d8bb30b479,delivered,2018-02-25 11:07:50,2018-02-25 12:09:29,2018-02-27 17:18:37,2018-03-20 00:51:56,2018-03-23,618f808af2a3c2ab2562208432701290,2018-02-25
ff3024474be86400847879103757d1fd,945c975073e57fe39a636afbf6689bcc,delivered,2017-11-11 15:18:16,2017-11-14 03:55:39,2017-11-22 12:46:32,2017-11-28 18:00:22,2017-11-27,7ae8e196478928ab8223458a90681d26,2017-11-11
d46f45b0d795bcf47a19d301710e63fe,6c80fee990fe729ac1f0f26209a2c961,delivered,2018-05-16 23:10:39,2018-05-16 23:55:11,2018-05-18 12:07:00,2018-05-19 16:41:49,2018-05-28,f754725dc3ae7829e913f88cbf2177c8,2018-05-16
592a580b2caa44161590aa7d07609c00,bbaa6c0f40859886b427b32cf4bb73d8,delivered,2017-11-22 13:16:33,2017-11-22 13:29:58,2017-11-29 23:54:45,2017-12-05 17:03:44,2017-12-13,463d3fc6a842c63846e99b5aee7067c7,2017-11-22
1e8fc9212cac6dca33623c56a8dac683,e4af820127b4b3716f5e81e7bfaf1a73,delivered,2018-05-02 12:13:38,2018-05-02 12:33:36,2018-05-07 14:02:00,2018-05-09 01:08:52,2018-05-18,efa0b25ba98cfc6b46320c53aa7f5789,2018-05-02
51427a59ed7cf06820364d94af7a6f7a,54ce9e1a605daf6be9a7c6212c9f4223,delivered,2017-09-19 01:31:45,2017-09-21 03:10:06,2017-09-26 20:33:02,2017-10-11 15:39:15,2017-10-13,e41193588c849790e4c162a04e7d4d69,2017-09-19
8279b5df6e66fb0dfddfc8a4cd10471b,762bf1c1701f2aa392bc47c82ef8ba2c,delivered,2018-03-28 00:12:02,2018-03-29 03:28:59,2018-04-03 01:56:36,2018-04-17 11:32:59,2018-04-16,7c39dd24356572bc221e519ffda3bed8,2018-03-28
4560df0eb1f79fd95f8acef34281bfdb,35538047e33ffaaeb5858b7cc1295296,delivered,2018-01-05 16:23:44,2018-01-06 02:08:51,2018-01-10 18:45:31,2018-01-29 16:37:05,2018-02-09,b6593548e36db69a1add169ef02e77e6,2018-01-05
cdfbf8db50d32ace172f51e989020920,bf60c8226027b8e0c9d8ad58cff2a5f6,delivered,2017-09-25 07:51:04,2017-09-25 08:10:22,2017-09-25 14:25:58,2017-09-26 19:28:02,2017-10-10,495f48c755f3e9b9d17f05bfd9ee40a6,2017-09-25
604d751f2a7e1dbdc206eec36e4bcb81,1557f8381ff99fe787e0f0403ec62aae,delivered,2017-11-18 11:43:49,2017-11-18 11:55:33,2017-11-20 21:48:10,2017-11-24 15:39:13,2017-12-11,11d01e1db16fb2bd4550dafeaa531dfb,2017-11-18
96f4518c66e9055a0107a8c7e44ef6c4,12a5644d9a61b51572f65bc574704501,delivered,2018-02-18 17:11:37,2018-02-18 17:27:08,2018-02-21 21:43:34,2018-02-28 13:52:03,2018-03-12,983117bb7f4161dc7f9115d9aa6c8445,2018-02-18
856450615438e29ecc334651df96e7f6,447552d077cd8c71a9cbca5e22a27d33,delivered,2018-03-02 08:56:47,2018-03-02 09:15:22,2018-03-05 20:45:53,2018-03-06 13:38:45,2018-03-14,43ce06544a01d2e5000abd8ce96d63ef,2018-03-02
2255eb0e92e75d04fc4afa0ad636f875,75d3dd3b7505875bb7eada66fe90e044,delivered,2018-08-02 12:05:49,2018-08-03 08:15:19,2018-08-03 13:38:00,2018-08-09 21:18:49,2018-08-13,0e9e72213d303d0ec8629dc2c6f4b234,2018-08-02
bd95be22b2ec58c249193c6b07f45e6f,bdd9bb367691eaf89c399e50c1b52b1d,delivered,2017-10-18 12:31:51,2017-10-18 12:49:20,2017-10-20 22:36:46,2017-10-25 17:52:39,2017-11-06,f48786e8f17bab5cef0c96e0ef818d39,2017-10-18
ccb1046449f1a494de800567e7cb5979,4478700ff008d3fffa02e95d89b9795f,delivered,2018-06-28 00:43:34,2018-06-28 01:11:21,2018-06-28 15:11:00,2018-06-29 20:52:48,2018-07-12,6469f99c1f9dfae7733b25662e7f1782,2018-06-28
774b93b7dc5e295d72ac8fd2121b7e65,03a9f8974cc93e00d318122ca6382bb2,delivered,2018-04-05 00:32:18,2018-04-06 03:28:37,2018-04-07 01:19:33,2018-04-10 01:22:48,2018-04-17,067b6ceac6257706e337a8eca7565630,2018-04-05
fa3e37584f4fdb1ded0e0de700dfcb4e,63be4feff10a0b1d85f2cfbf10df9754,delivered,2017-07-30 19:32:23,2017-07-30 19:45:09,2017-08-09 18:18:43,2017-08-01 21:13:01,2017-08-18,9caa8ec026abcc62b037581bb56da6a0,2017-07-30
bed4f7a218b7a0b93f1bd6dc0fc8e640,b1944cdaee5a141eea4055e6f2d826fb,delivered,2018-01-25 07:39:35,2018-01-25 07:54:29,2018-01-26 13:22:36,2018-01-29 16:09:03,2018-02-09,c2c2e11a5d4fa8be8c59a922978b8115,2018-01-25
875c175eb6577637f9001b99dc54a7e1,93fff67bdcb09ec8a3dc8926a7c1b3c3,delivered,2018-07-20 23:27:39,2018-07-24 11:32:55,2018-08-15 15:41:00,2018-08-27 15:26:59,2018-08-15,21dc969f69627eb5ebb1de66c5b974ab,2018-07-20
79310e415e87a7c31dde5926215d3469,067f23bbb981887fc158d36a677c2b4b,delivered,2017-06-17 11:31:58,2017-06-20 10:55:21,2017-06-20 13:50:32,2017-07-17 16:21:32,2017-07-13,d62da58251a3b549a8c58d048981a2f8,2017-06-17
9e0c7da69212a91ad90bc37ab91a6c68,47d3027e3dce97a4102da39a523554a1,delivered,2018-03-03 09:39:22,2018-03-03 09:50:27,2018-03-05 19:04:26,2018-03-15 16:08:46,2018-03-26,0b35b0c15e108cf218f935d9bb2069a4,2018-03-03
6fea0216321034ec32deef442cf13fdd,b2c4f10709f4cfe1f5a8711de1698d51,delivered,2017-11-27 12:33:54,2017-11-27 12:55:23,2017-11-29 21:02:40,2017-12-11 18:21:39,2017-12-19,c21e91ea105edd782b40d42b2c6e5c77,2017-11-27
c6e183c4386da59878bbec724d046491,8780d1856b962bc12e671a8fae923127,delivered,2018-06-20 20:30:31,2018-06-20 20:58:01,2018-06-21 14:27:00,2018-06-22 18:17:46,2018-07-03,fa95b90dd09a507f7f3047fc9ebd3b11,2018-06-20
267519bdbe13b2f237af57f3f1b86a9e,8d4632ec0b24f42cfea3d3d6e735e4c9,delivered,2018-07-03 16:37:35,2018-07-05 16:13:39,2018-07-04 06:54:00,2018-09-01 00:51:37,2018-07-31,abae4f6067389b730714209104b781dc,2018-07-03
6632309d6179381a1a42c64867ffb19a,57efbdbebfe89dca4b188321e6517263,delivered,2018-04-14 15:31:49,2018-04-14 15:50:42,2018-04-17 14:32:50,2018-04-18 23:31:18,2018-05-03,709186ca4808194e038524f227148830,2018-04-14
9eca84d28a0c3cd0746a25f588705d30,9b4405ccd29ffb4c83500f09452998b8,delivered,2017-02-01 20:54:37,2017-02-02 21:01:31,2017-02-06 15:12:27,2017-02-17 14:57:27,2017-03-14,4bfed54f65c47b2e0f06dd0d3b03dd8b,2017-02-01
4c470bf188ec558ef3546d643bfa2713,d4cb12cb60df727e852cdcd3b6de1a32,delivered,2017-05-30 20:55:32,2017-05-30 21:05:23,2017-06-01 07:45:47,2017-06-08 10:35:53,2017-07-03,a8ce57ad761366c926c70443d813c172,2017-05-30
95d7f1d6526fe255c28b15b749634392,d08536d91bf5c2d30506a57f29b4452b,delivered,2017-03-20 20:34:03,2017-03-20 20:34:03,2017-03-22 09:04:52,2017-03-24 16:05:27,2017-04-07,a177dfa16a718ef23d1c12dbbc021c91,2017-03-20
1ca44c5850de39660439deebf65c8fd2,c058c2acda5bc9cf23799a92b0a3dad8,delivered,2017-05-29 23:06:05,2017-05-29 23:22:45,2017-05-31 07:12:20,2017-06-06 14:17:04,2017-06-22,5cbcdc54ce6ed0a050d4e3ab38b1abb4,2017-05-29
50732a86b0335ae225e4432548113e9a,e489365859cd08d9e3b411534e1e3df4,delivered,2018-03-22 19:05:20,2018-03-22 19:15:39,2018-03-24 00:06:42,2018-03-27 18:46:36,2018-04-16,e0df04ac2d6047b1fee314ce1da70731,2018-03-22
acb2afbcbcc3be10924f75fd3b6c98d8,b49bca9a4fca7f417da7a01e96f21295,delivered,2018-07-22 14:17:47,2018-07-23 11:31:33,2018-07-24 07:30:00,2018-07-31 14:03:34,2018-08-08,fb02e1bc1acdbf3718b2456b5fb0b67a,2018-07-22
761de39b98af23c2f3b771461e2c5e2c,64e2751a4b553c0976e7b8b3e25df7d0,delivered,2018-08-06 08:44:24,2018-08-06 09:04:29,2018-08-06 15:29:00,2018-08-14 10:10:51,2018-08-15,e1a21064a8b91ee53a57c3af1d71649f,2018-08-06
eca75747f628939976e814e7972bfea8,ce102f790bb667f9851019a3cb0ed958,delivered,2017-11-22 10:58:11,2017-11-22 11:07:27,2017-11-23 17:56:52,2017-12-08 22:43:11,2017-12-18,d39601cf1486970b35aa481a78c726bc,2017-11-22
6893c7e3a051e9d94a2bed6777355f2d,a560c4900787eeb530847c4006739499,delivered,2018-02-14 21:29:43,2018-02-14 21:48:02,2018-02-16 00:09:23,2018-02-21 19:32:46,2018-02-22,3a10313a6428bd4c25cb17bf269c52b4,2018-02-14
7e0527f8f130007faef1d379fe7644ad,f496e82c38c75b1449f75508ae108a42,delivered,2018-07-24 01:08:54,2018-07-24 10:40:14,2018-07-24 15:50:00,2018-07-31 17:38:31,2018-08-16,2ea923bacbdb468e28ef09b0bddd76e2,2018-07-24
3df9a0706897e062e91f253fa132b6dd,04c834ed53ed3ebdf68fa561bdc20e5e,delivered,2018-08-16 12:49:01,2018-08-16 13:05:15,2018-08-17 15:32:00,2018-08-20 20:33:08,2018-08-21,09c7e80b1e64aef42787f124fa7b987f,2018-08-16
9f1d354d0b38456cb1333c100e1388c5,019681cd120e7fe89ebdd06172639f58,delivered,2017-09-06 12:16:44,2017-09-07 10:34:16,2017-09-08 16:07:44,2017-09-18 21:42:41,2017-10-04,32b55e3ff7aff85f38bd91db0e006b30,2017-09-06
e2144124f98f3bf46939bc5183104041,bd0342f59a3b8ddc416bd048b2b5d0fb,delivered,2016-10-06 20:06:26,2016-10-08 11:00:24,2016-10-12 11:00:25,2016-10-15 11:00:25,2016-11-28,2e92a624a8a3f8ab5eb51d42fca60e5b,2016-10-06
b7a7f845f14c6427ecc01131ed208f72,780ec436564cb778756e937440177788,delivered,2018-01-15 17:51:01,2018-01-15 17:59:29,2018-01-16 19:53:33,2018-01-22 21:33:07,2018-02-05,eca127e051ab64f2053b2f52c502aac2,2018-01-15
790a65965d2b4ee225f616bd1b7dcd64,934f9d72eadbf852cb3ddaa5355e22fa,delivered,2018-06-17 22:24:27,2018-06-17 22:35:11,2018-06-18 12:57:00,2018-06-19 17:08:36,2018-06-28,a6949bcc4f127c2e918b24b787a4f9bb,2018-06-17
56740543d19104f08eee3703abfcfa59,4d31ce9c178f01b182e89b3b31c1d35c,delivered,2017-08-16 10:44:29,2017-08-16 11:24:25,2017-08-16 17:28:59,2017-08-23 14:23:49,2017-09-19,ab3b960f9a1992fa9f5bc053331502f4,2017-08-16
06b2c7035561ef12b16045ef4bf459e2,8bb9547aec97f493e91a078f66fa7ac5,delivered,2017-07-05 07:54:14,2017-07-05 17:38:29,2017-07-06 11:55:27,2017-07-12 17:53:56,2017-07-27,630331e73a79ae9a2ba821bd326ea298,2017-07-05
0c4fc2ece57a1567b1839585c797cef6,15977e636711360e5488ea48f43fc988,delivered,2017-07-26 11:09:48,2017-07-26 11:23:51,2017-08-02 11:55:51,2017-08-08 10:27:49,2017-08-22,6db3c61deb6b9959f4204e302af02215,2017-07-26
b7bd14c5af1532736b0e1e432e73d69e,d09bd8c3b1ea6b09cc64fdc8aaaaccce,delivered,2017-07-27 13:18:27,2017-07-27 13:42:59,2017-08-02 22:32:28,2017-08-08 18:32:17,2017-08-18,451bce403bedcf2f83f030eb391a2c44,2017-07-27
752265739a6d8d671585c7b9c924b9d9,aca322808adbbbd50666453fe255a427,delivered,2018-08-07 13:24:33,2018-08-09 03:35:08,2018-08-09 14:52:00,2018-08-15 13:51:47,2018-08-23,f64cabd79d38f86e4c9b08db1a891a2d,2018-08-07
1ad4a4025f564f7589eb7d378060a63c,771deb3ebacbeeb186fb88395b6a26f0,delivered,2018-03-23 15:56:13,2018-03-23 16:08:48,2018-03-27 01:11:45,2018-04-05 16:09:42,2018-04-23,815b52a3ff11581bf0441fff5ab00bf9,2018-03-23
2927bfd9342aab183f5fe48c4a8a397d,9ed93ef87e36da017477c052dad73c59,delivered,2018-06-24 12:56:34,2018-06-24 13:18:43,2018-06-26 11:25:00,2018-07-02 14:05:50,2018-07-20,cc117a146f6e56e036afcedbd420c0e6,2018-06-24
06837ea96cf92f33a18a1f2c84c540c6,38bac1f6676c1e392e13ccb39448c210,delivered,2017-11-12 13:38:18,2017-11-12 13:50:29,2017-11-16 16:19:56,2017-11-18 14:44:44,2017-12-01,875b5ac6564f5401afbf88f786c4446e,2017-11-12
30f54cfb85a2cf596ee5b7a589d3ffa0,e8e7b23c38d42a5fc49b092371bef664,delivered,2017-11-22 10:17:50,2017-11-23 10:13:35,2017-11-24 21:17:03,2017-11-30 14:33:41,2017-12-08,026bae191fa488af0155ef3eba3d4a79,2017-11-22
e3acdd7e09cf9634ef55e156730bb843,dc638d0bcd9bd2fefbbcf1ddf40bd8ce,delivered,2018-05-23 10:07:15,2018-05-23 10:36:01,2018-05-24 14:20:00,2018-05-25 19:08:39,2018-06-04,1d7237644b96fa58cea2cfcaf1e43da2,2018-05-23
1c5165ba84b0acfeeccb8cdb80fa33d2,8396833b4718789710e84ee8e18e4268,delivered,2017-11-28 19:00:23,2017-11-29 02:17:38,2017-11-29 18:12:04,2017-11-30 22:27:10,2017-12-13,822c92cf032be0f44169eee5d1bc15de,2017-11-28
5661334c9510e077f8dabbc4732f75a5,9242a97b0df4424530fff3d3ce4e298e,delivered,2017-06-12 22:25:28,2017-06-13 04:32:55,2017-06-14 06:34:10,2017-06-19 21:55:47,2017-07-03,dddcf588e5e05cf56366b078e169fdc1,2017-06-12
0e5f77f8bef9424afd3d6e904e873275,a85e4012b0c95176be53ec2d87b133d3,delivered,2018-05-01 21:36:42,2018-05-01 21:51:41,2018-05-03 15:12:00,2018-05-10 14:45:35,2018-05-23,f92e66c00c3a7c1e1864cbf1229fe574,2018-05-01
43985ba7877356ca4b8e25b66b760063,45ab675ff3b7cfa6147185a7b2ab432c,delivered,2017-06-01 20:58:30,2017-06-03 14:30:14,2017-06-05 13:21:40,2017-06-07 12:23:42,2017-06-14,1f4d527eebd767a02699b408223bdaec,2017-06-01
b14b52f3d9077665df2361f007c8e6ec,de54e502455523f2aeef8eb08a924eec,delivered,2017-11-24 01:14:00,2017-11-25 04:30:34,2017-11-28 21:48:42,2017-12-01 20:17:08,2017-12-19,b3c848573f61de095c6d53f9e1b53c35,2017-11-24
1e16f42e33100a56e1408cceb4846f2b,070fcea536fbf0116b36ee9e900f360f,delivered,2018-08-17 00:51:18,2018-08-17 01:09:22,2018-08-17 13:12:00,2018-08-24 18:08:58,2018-09-11,9884599a18fe9f4a96352d0e9f36dc2c,2018-08-17
bf60ac45ad533aad56e08608c2fa1f26,d4ebbee7431569112582d78aaaf767e2,delivered,2018-04-16 11:37:53,2018-04-16 11:52:24,2018-04-16 23:37:54,2018-04-20 16:18:43,2018-05-10,fe4dbbc69283bc79bdb2e9836d4fd582,2018-04-16
c0a1f5741cc59aa9709c497f176d6dc5,c8e2333d8f0ccaef016c6b1a1f28c0f5,delivered,2018-01-15 10:00:33,2018-01-15 10:19:20,2018-01-17 13:43:29,2018-01-24 13:09:19,2018-02-07,018c9bbd7d61c91f2abf3cd77b5010ad,2018-01-15
10e35bcb8797cb8e4cd3c28e01fca87a,341639b9cffe71e8c4a12cc5276ac193,delivered,2018-02-19 15:37:47,2018-02-19 15:50:34,2018-02-20 21:37:51,2018-03-06 19:08:10,2018-03-14,ce1a8bd7a7c1eb40884dfd271cef3b3f,2018-02-19
084aeb6e79318fd38a5129da7db217d2,a9d615d6c2f115660b61898530fe393e,delivered,2018-03-05 12:28:59,2018-03-05 13:31:10,2018-03-07 22:31:58,2018-03-23 03:22:30,2018-04-02,1bdd27e01451d50d9d804040fe941000,2018-03-05
6fe83a0f5551774802340c3114c589c7,b67c24cdfdca9a319e7c9e29e6e97f82,delivered,2018-02-11 16:32:26,2018-02-11 17:07:50,2018-02-15 11:41:28,2018-03-09 17:08:23,2018-03-06,40e1d7c6580d6185ba1a4303c1c6b70a,2018-02-11
7d440294c1e683b677deeaa736e7231d,23c94608325bb341f9b35b61c93c9db1,delivered,2017-12-15 11:05:25,2017-12-19 09:39:32,2017-12-20 08:55:27,2018-01-13 01:05:36,2018-01-19,d65921a138c59000aff343f8c991b896,2017-12-15
2121cb62043eb2269ab8bc218100c2e4,1fc40138df3260f59a3626133e0c57d9,delivered,2017-10-23 22:10:42,2017-10-25 02:08:21,2017-10-26 21:26:53,2017-11-07 18:07:01,2017-11-17,66aafcbc412f342016995fc0b5e502e8,2017-10-23
1b9d5d91c2a7afffb51beb03f162c6cd,d74c5384769a3b83cd8ee0eee83f2c5d,delivered,2018-08-10 17:24:52,2018-08-11 17:24:26,2018-08-13 14:55:00,2018-08-18 18:21:58,2018-08-30,a930016dbc02c5ec1f9703a25414aabb,2018-08-10
212259a50cb61f22d054f17b2ab6fa5e,47dc07304d7117e7a8986ce4381f4f54,delivered,2018-02-26 15:04:29,2018-02-26 15:15:55,2018-02-28 00:04:05,2018-03-01 00:29:27,2018-03-12,caf477463d1b9f59e1c755832c124790,2018-02-26
9565cc0d085fdd4b53d39d15811ec913,945919cfe317442500d71b4d706f29a6,delivered,2017-09-12 23:15:46,2017-09-12 23:25:15,2017-09-15 19:51:47,2017-09-21 18:46:55,2017-09-29,353717d06d318249e366cf83f73817dc,2017-09-12
1a839aaf6aae24eb10a1a4e0bc238de7,ed6cec44e7aa2ff410c1c576f0db1d35,delivered,2017-03-23 15:29:46,2017-03-23 15:43:45,2017-03-27 10:20:05,2017-03-31 20:20:09,2017-04-19,eee8a227fdc93bdd62c00886d486ce3d,2017-03-23
cc9782f02aae34f01d12f3dbee4d5d93,852e5ea6e9d74416ddf88bdbdb3189b9,delivered,2018-05-03 06:11:22,2018-05-03 06:32:14,2018-05-04 12:50:00,2018-05-12 17:58:30,2018-06-04,ca77025e7201e3b30c44b472ff346268,2018-05-03
7ffb2f75de37b73b297a0923735af96a,7dea23626b0245d988821ad2ca9e67b3,delivered,2018-06-24 14:35:16,2018-06-24 14:54:59,2018-06-26 14:16:00,2018-06-27 19:18:37,2018-07-05,8d56f4cc6cecec1a5377e1c0d741d057,2018-06-24
edc9338008f2e9017f842a8bcad3af94,cf4dc8d4be7642c7c05a73188a3d8c1c,delivered,2017-04-28 16:55:22,2017-04-28 17:10:12,2017-05-12 10:54:53,2017-05-16 16:04:47,2017-06-01,35c0fa6f2e6bbb3576e725d22e1066b8,2017-04-28
c37db340dcc0235b5e71ab73787846a2,78835fb843c5c1e2cb0ec92ae4ecd8b5,processing,2017-09-01 17:22:43,2017-09-02 14:55:16,,,2017-09-22,cb7d5a12e5df8c11670a30c38c26a35c,2017-09-01
1996c282f4c9a331bf94a8fb2e080120,92c6e38e7cee0e9c7f386bff3d752256,delivered,2017-03-10 09:56:17,2017-03-10 09:56:17,2017-03-18 03:45:49,2017-03-21 09:06:25,2017-03-31,29640705938498cd503c1ebb4f435b2d,2017-03-10
394961b2b483cbcfbe249c1634babac5,67f9356eeee9f299243a452183ab57a6,delivered,2018-02-15 18:49:19,2018-02-15 19:06:19,2018-02-21 18:28:52,2018-03-01 22:28:59,2018-03-12,5e0aa142dc4760e62a74c1830cbf91b1,2018-02-15
5a2ea3fb1f6f20d1e8c5f2222cb383ae,afa1967d760c4b6249baf048e3874532,delivered,2017-12-21 22:44:44,2017-12-21 22:53:21,2017-12-22 18:12:32,2018-01-16 16:03:15,2018-01-24,9af2c271654a36a48beefe342ba6208a,2017-12-21
356447440f7c0f7fc6bd04c27ed18216,bddc691790dafcfa373909e3571cf284,delivered,2018-01-26 16:33:49,2018-01-26 17:31:59,2018-01-29 23:09:20,2018-02-07 15:52:49,2018-02-19,231010985fb56e04e784e26f6f9919cc,2018-01-26
6459b5f821625917c621e74c69b48cda,fd8630477788509b1d3ac9100f15869a,delivered,2017-07-22 14:11:29,2017-07-25 16:25:15,2017-07-27 13:22:14,2017-07-31 14:21:36,2017-08-15,a3021c629bd1d99347a8e75a9ab035d8,2017-07-22
a74869096437cef33d04006e8480e0db,0ccd415657ae8a6cd1c71b00155a019e,delivered,2017-10-09 21:01:08,2017-10-09 21:14:37,2017-10-11 17:17:46,2017-10-14 12:03:34,2017-10-20,66cc90195ca44cc7ac6a1cd0e1e1e7b2,2017-10-09
bc1bec23829671b94e88b1de215f4ad6,786278a09edddd49a7a93ed34dd273ce,delivered,2017-10-17 19:16:45,2017-10-17 19:35:54,2017-10-19 18:59:02,2017-11-07 15:59:08,2017-11-13,1c5636ef45a3368b9bfeff8dbd848d15,2017-10-17
462f9cc53b515876d85050cb79dabf3c,ddf9cbcdfa4054c3626c0c7569a08272,delivered,2018-02-16 09:48:11,2018-02-16 10:27:24,2018-02-16 19:45:05,2018-02-20 13:04:26,2018-03-09,26cf5e64987576e1338ba6a877425a62,2018-02-16
2b1db95ad7cf165f885e51c1abfed43c,3e48a3c7ecb695b26dda4f5f51be93cb,delivered,2018-07-25 23:27:08,2018-07-27 02:10:17,2018-07-27 12:30:00,2018-08-01 16:09:30,2018-08-10,2a6a543dbc412fe3440485f2e863155e,2018-07-25
c523f76b5fb8a02c2022378c58a597e2,1f467ec3d8100abe08e779cb09cbb61f,delivered,2017-02-08 16:41:29,2017-02-09 16:50:11,2017-02-10 10:47:51,2017-02-17 12:56:01,2017-03-13,81d4d32e6dd32022c933102a12062d58,2017-02-08
aefe90553e50779cfa353170674e9d0f,9703b7581528b85f8a8ab7bff039eea0,delivered,2018-01-24 10:49:57,2018-01-24 10:59:31,2018-01-29 18:32:36,2018-03-27 00:12:37,2018-02-22,750ebfedd33d04b145ae5819f28c16af,2018-01-24
56d01e37808556640e75a40c8202b0a8,28375bf9e4afd28f4c1afc36a544877f,delivered,2018-05-06 15:46:46,2018-05-06 16:13:50,2018-05-07 14:08:00,2018-05-14 18:22:10,2018-05-30,4de6c770d76a566b254c68838e772ceb,2018-05-06
81279a15416799e6580df60f66760a7b,344e198d67bfd80dc6c1eee85b59af74,delivered,2018-05-18 17:40:57,2018-05-21 08:17:37,2018-05-21 16:07:00,2018-06-18 19:24:51,2018-06-06,7b50def89c51f42400b796d7787ed658,2018-05-18
5506aa9cafae9629ef0a21b3ad199219,d18a532953fbe5fc32410c6637e07e80,delivered,2017-12-02 11:20:41,2017-12-05 10:30:54,2017-12-04 20:58:59,2018-01-04 23:13:47,2018-01-02,77c6d9952d01633f433469a542bd5917,2017-12-02
e8da5d1a44b7c8200c2cadf40f0c9086,8dec2656c5c6488f6b882468efa6b90e,delivered,2017-12-26 09:40:38,2017-12-26 09:49:31,2017-12-26 18:48:03,2017-12-29 11:36:13,2018-01-16,379dc6d8a6eaa0d1a09e503f29781ea2,2017-12-26
b802a721cba4cdeb7d3b390b4f24495f,83f4216232e089eb36f1ede07df6bb24,delivered,2017-11-24 19:28:22,2017-11-28 03:19:22,2017-12-01 18:06:03,2017-12-11 19:48:39,2017-12-26,ebf05b132b4385eaa2d8f17f286d588f,2017-11-24
1de33461bc6e182e79926e72add7c009,5b533feffa09f8c775d66d19cd20538b,delivered,2018-01-31 12:13:17,2018-01-31 14:13:08,2018-02-02 16:54:30,2018-02-06 13:57:30,2018-02-23,ad91c910f921bc5d7b7cb140cd0d2c2a,2018-01-31
71ced5bdf3c2ecf50e3ce47c91ac64b1,6bddacf78aac366ac0a67de6303d9db5,delivered,2018-03-06 22:52:07,2018-03-06 23:09:21,2018-03-07 20:25:53,2018-03-19 22:08:24,2018-03-26,9b144cd9b995c4ed7b4acdd07c03eaf4,2018-03-06
206e1fade437516f330a8f63e3816076,d89097ac519be9716e4b08482653d387,delivered,2018-04-24 12:19:18,2018-04-24 19:17:58,2018-04-26 14:45:00,2018-05-09 23:26:33,2018-05-11,0585e62fb157dcf017fb8be5d6569d51,2018-04-24
a28b2354a61dbafb15e76454d557d543,e0e4c9c1f34ee973ec5d9b32ffdb7296,delivered,2017-11-19 20:37:11,2017-11-19 20:46:41,2017-11-22 18:25:40,2017-11-30 12:02:44,2017-12-08,245664332eeee319aa21fa2b631bb0a8,2017-11-19
9c7f5f2dbba113d7f850c122bf2dec03,2e07ff10864815e97a1fdd6e2804733e,delivered,2018-03-18 12:30:47,2018-03-18 12:47:37,2018-03-22 16:32:34,2018-04-10 21:46:29,2018-04-12,885256cd91b1eee5335730369546f0d3,2018-03-18
ae59c14f258eb3a13024c976485ca68f,64b0b9a57a9bc4b626674c1ce94bc711,delivered,2018-02-16 02:27:04,2018-02-16 04:00:28,2018-02-16 21:06:50,2018-02-22 00:26:54,2018-03-02,143bc1bf6ee41b1e00df1714881ecb7e,2018-02-16
bd096484b0f1df4cef2c0c39bbb512da,1cf2beb1cf619aefa7b8eadcad164658,delivered,2018-04-21 15:02:34,2018-04-24 18:56:58,2018-04-25 00:42:48,2018-04-27 00:28:53,2018-05-16,05804477d11e865ace16b31e4257c46a,2018-04-21
cd8f2120c33a529b80500e09d7ac22c9,6cbe1ff80b5214661ddeacf43be6f574,delivered,2018-03-06 13:56:19,2018-03-06 14:10:55,2018-03-07 20:43:21,2018-04-02 23:26:34,2018-04-05,9ae9df4d1b92f1f5d6306a4267f3a4d7,2018-03-06
5553543e89ef381e4ff08f6b91b94690,0ac53fe825d1296be3e877493b0ccf4c,delivered,2017-10-12 11:06:28,2017-10-14 18:34:51,2017-10-16 22:07:35,2017-10-30 17:48:36,2017-11-01,10c14b8d65ccf290efb3018a713ce117,2017-10-12
fb2f83ce2b29efdf3d632f80368b1f34,e9bf88abc30f70736f8bb18964c014bd,delivered,2018-08-18 13:58:09,2018-08-18 14:10:11,2018-08-20 12:20:00,2018-08-27 17:16:30,2018-08-31,89c3fbfdfaaa1364eb099a0fe5aca266,2018-08-18
4c53ceb2badd32891af2fc767fcea1b1,8dcedd46d066422dab5f38033456618f,delivered,2018-06-01 13:42:23,2018-06-01 13:55:15,2018-06-04 15:16:00,2018-06-18 18:18:55,2018-07-04,df9ad365d2f2a3be931ce4f69e57206a,2018-06-01
f7f84dc96924f895eeee8f89515012c3,b1df9917cf97e94889c9d6ab92062c9e,delivered,2017-09-05 17:46:18,2017-09-07 02:51:10,2017-09-11 14:58:06,2017-09-25 19:45:45,2017-09-26,af2b9977cb91614dcdfe84dabd297135,2017-09-05
58b178ec22e2b12ab0757e446b2ec4fd,3d5e96edb61b43fa3ffe0d7af362b43b,delivered,2018-03-19 07:49:47,2018-03-20 07:08:04,2018-03-20 18:48:36,2018-03-26 17:28:33,2018-04-05,e98d5b3dfce0883464eee2c280377d63,2018-03-19
c07546f624fbc5344647263c545f8af8,d44ad6fc7955a99e2d1078cc5d994010,delivered,2017-03-09 17:57:56,2017-03-09 17:57:56,2017-03-15 09:49:46,2017-03-20 12:57:57,2017-03-28,474295909df1264244566c956385a2e7,2017-03-09
cf020d5028c46dbd39ec2f9345777cfd,b272f7bc16e183c748dccf90c09cd25b,delivered,2018-07-25 09:17:15,2018-07-25 09:30:17,2018-07-25 15:31:00,2018-08-02 22:51:30,2018-08-20,29b98d99b4cbbce6f99a2b7cc96274a4,2018-07-25
e21965e5414f7e165a71649e68030100,e829a679d7e15bafba4c7405740eee23,delivered,2017-03-18 21:58:38,2017-03-18 21:58:38,2017-03-23 10:57:39,2017-04-11 08:55:38,2017-04-26,25281ef35fe56051d768115d5b65cc9e,2017-03-18
658677c97b385a9be170737859d3511b,de6dff97e5f1ba84a3cd9a3bc97df5f6,delivered,2017-04-09 17:41:13,2017-04-09 17:55:19,2017-04-10 14:24:47,2017-04-20 09:08:35,2017-05-10,c8cf6cb6b838dc7a33ed199b825e8616,2017-04-09
8566f753d23664b0c4e44544fab50d6f,dd2c12cc177b631cc2bcf253227b8a8c,delivered,2017-11-24 22:29:37,2017-11-25 01:52:03,2017-11-27 20:11:35,2017-12-14 15:35:21,2017-12-22,4a6fe6cfa654759ea43a9522b81a2737,2017-11-24
a382cb8f8029155c37cb65eed956b494,f5b43fb071bf02064396958f57e6fd87,delivered,2018-08-21 17:09:16,2018-08-21 17:15:22,2018-08-22 12:25:00,2018-08-30 14:54:48,2018-09-05,d0eb866981b1febdc9c07eef4be63c66,2018-08-21
845a41eded3c6992c0d8ac505c7475fb,fc8674235ee34d527d839a90f1d5da4f,delivered,2018-02-15 15:07:05,2018-02-15 15:15:34,2018-02-16 19:36:50,2018-02-19 21:22:40,2018-03-02,be95b9a35f21cb7e3bc1206a2f4497ab,2018-02-15
6f893071ef9c8c6854e6e83921d2135e,c79c3e6b34a5e7179d3a6ea63ca48ef3,delivered,2018-01-24 20:07:24,2018-01-24 20:14:22,2018-01-30 18:46:00,2018-02-08 18:43:30,2018-03-01,fa3c137688cc2af4da09367d90fdc788,2018-01-24
fea2633d3d1605bfdccc813bcf843ac8,4818f4fe96d4948850d3b4673feb1da8,delivered,2018-04-19 18:41:17,2018-04-19 18:51:54,2018-04-20 23:30:56,2018-04-24 22:14:36,2018-05-04,453c2895f29b6d9a47f8cb48e00b024b,2018-04-19
ded176f58e62a0b64346e4aed245ccd1,d12dabdce587c93902dacb61c8c6f6b4,delivered,2018-08-09 15:47:44,2018-08-09 17:25:14,2018-08-10 15:03:00,2018-08-15 15:24:42,2018-08-21,0bd445a081d5f2b0a41cc8c9efecd739,2018-08-09
5dee45d2d0261427291ef70ee3f432bd,4b3fce1b287ff49a122c189a646b9a81,delivered,2017-09-12 13:54:47,2017-09-12 14:06:06,2017-09-12 19:25:24,2017-09-13 17:02:44,2017-09-22,a2130ec30551b56beb7edf2eaf75a3ef,2017-09-12
5cdb96999ef502f8ca33096a4568be30,8701c8ae9481d3f02596c8a013973207,delivered,2018-05-08 19:59:55,2018-05-08 20:54:50,2018-05-09 16:36:00,2018-05-10 17:45:48,2018-05-21,617f211efcae09957ad47a3f4011080e,2018-05-08
90ff5f0766504f304ace97af9b321c78,8b0cf1c8e74edd9dccb69ccbf4e87e07,delivered,2018-07-05 17:46:19,2018-07-05 18:10:50,2018-07-06 11:08:00,2018-07-11 18:52:37,2018-07-30,b484c74e0ebd02925e6f597358cc849e,2018-07-05
899b8d92e1bdaece69745ffcc3c47d08,1aa414b77e655c44696ea1d3e61d7ec7,invoiced,2018-05-12 18:49:56,2018-05-12 19:16:36,,,2018-06-01,cdbeeb59bf23bb27eba2b6a8dd4b9e09,2018-05-12
e957102ad04e2dcef0f01bbf5a01f09f,22d706fc2d2f4c596540cbfb9d0ce330,delivered,2017-11-09 12:23:23,2017-11-11 02:56:04,2017-11-14 19:28:45,2017-11-21 23:52:41,2017-12-04,fd38cb13bd47434868924adcafd58236,2017-11-09
2c2f2d6f669b78caed39af3e63a5439e,1253f6491a96e21d052d952437c7ebe7,delivered,2017-11-24 12:18:52,2017-11-24 14:31:11,2017-11-27 21:12:59,2017-11-29 22:03:23,2017-12-11,e8b17068d79aeb79eaa00b414058b837,2017-11-24
345f6867e8f97e11fb9f1ac091b18df9,5c709e33ab03b8d9c3cd73f227323e29,delivered,2018-06-04 15:08:42,2018-06-04 15:31:41,2018-06-05 13:24:00,2018-06-18 15:46:22,2018-07-27,46556700b63bcef0198bfa8106e7402c,2018-06-04
6b226bd02458eb747892387b298fec08,bd3ac4136016b9dec404070b49bf8663,delivered,2018-04-02 23:05:28,2018-04-02 23:15:15,2018-04-03 18:48:20,2018-04-04 20:21:59,2018-04-12,afcc0fd3c5d0c948d5b1da2f6d966f78,2018-04-02
3ff3c14b693208d95c7a79ad6fe5c117,ed3456724c3939113ed2747629e87ad6,delivered,2018-07-03 20:54:31,2018-07-05 16:12:54,2018-07-04 14:30:00,2018-07-13 19:03:28,2018-07-27,2c2ea4c915f744ed40a129e57caf5c58,2018-07-03
4a884f5dad6f1f7948b09930904b6f19,86dd58b3189747a15712e95a52fb7946,delivered,2017-03-04 08:25:56,2017-03-05 08:30:08,2017-03-07 08:44:15,2017-03-10 16:23:51,2017-03-27,0e922f6fc526a5e89ae5b96df681a792,2017-03-04
3cccbe8b35dc583d2b80fc60c72f2b0f,07708f394b91fad55c81c6b38fe71ce1,delivered,2017-03-13 14:00:38,2017-03-13 14:00:38,2017-03-16 14:32:39,2017-03-27 17:57:55,2017-04-10,99fb985ed05af5ba50caa5d24ed023b7,2017-03-13
e6773c853a5c599fd82b2289c538a1a5,862a7e1611041104fe62a9300fd5a1c2,delivered,2017-07-14 22:05:49,2017-07-14 22:15:20,2017-07-18 18:36:06,2017-07-29 15:39:24,2017-08-07,4214c630d7ef4e7d446f2702eaf82672,2017-07-14
fe579bd413f722e51bc98182441e135c,fc60ab8252b98a6e60c51672d7853c7e,delivered,2017-05-10 17:04:35,2017-05-11 17:10:13,2017-05-12 10:33:26,2017-05-22 14:18:36,2017-06-01,8637975a0cb5150b10528f5697511668,2017-05-10
34fc6460f955b60d754d90d050024352,138d31641096ca5499c35933c2d6c43e,delivered,2018-06-08 17:39:22,2018-06-08 20:32:01,2018-06-12 06:47:00,2018-06-13 21:08:29,2018-06-19,6fe69613d4ae0c2ac095630159500bd2,2018-06-08
9e52d9230d988c8181ad2875607939b5,fe6ec736bd1defa29719325e666a12ae,delivered,2017-05-31 12:51:54,2017-05-31 13:10:59,2017-06-01 15:53:15,2017-06-07 14:48:36,2017-06-23,9544cf61893f5e6323ac99cf22ca418f,2017-05-31
b4b09e80aa61b96ac46029edf7e8637b,5848e41cbc9edbb4ef29945fcab593c1,delivered,2017-09-28 15:57:39,2017-09-28 16:14:11,2017-09-29 18:31:42,2017-10-04 23:17:41,2017-10-24,d560815fc2ed852c1322907a3086c88b,2017-09-28
b4aba2416f85cebf2771f08bf6b50998,a40ff2b64b60d5862e132e9bcd1a71f0,delivered,2017-10-24 19:28:25,2017-10-24 19:49:21,2017-10-25 20:27:58,2017-10-30 20:34:08,2017-11-13,d45cd7d954ef0cd856ac93d53c12ec0e,2017-10-24
99e4a1f9377bf28f08f54a2eecccbf0d,e7aa4699c1185ffeb66ec319049b09e1,delivered,2018-01-16 08:50:08,2018-01-16 09:09:46,2018-01-16 22:21:29,2018-02-01 20:42:07,2018-02-16,ba422aa99418e2d9adebc87a6bf3d3fa,2018-01-16
6b512d6dbced14a60725ffbc129d4e29,fe0e3d728d08698de1044e7e4d5d35c9,delivered,2017-10-19 15:05:10,2017-10-19 15:35:28,2017-10-20 18:09:20,2017-10-31 19:54:55,2017-11-16,0cf46588cd3f5a23002166b5a1945820,2017-10-19
115b0af09e238258e470c0ca6350fb3b,1289201b73b7e479785043d9b402febf,delivered,2017-08-05 21:44:48,2017-08-06 21:55:23,2017-08-07 21:38:43,2017-08-22 19:56:48,2017-09-13,a6526803f9f8b43bc69842e99cadc914,2017-08-05
32609bbb3dd69b3c066a6860554a77bf,e4abb5057ec8cfda9759c0dc415a8188,invoiced,2017-11-18 17:27:14,2017-11-18 17:46:05,,,2017-12-05,d3c7da954a324253814096bcaf240e4e,2017-11-18
12d46788e71b703634c01cdcd4946e7a,44e17592d71531e574a502e8329fc867,delivered,2017-12-26 17:19:19,2017-12-27 04:12:32,2017-12-28 11:45:47,2018-01-09 19:18:39,2018-01-22,bbae0b42112bb4c40da592e63c3a3b0c,2017-12-26
2d0c276009e7c4b59939c3289b5b055c,7c0900292bf1574159e9d7f04ff3aa19,delivered,2018-05-12 17:16:37,2018-05-12 17:30:16,2018-05-14 13:57:00,2018-05-17 16:55:45,2018-06-06,1a79e37b43ca28f0a454d156d49e988c,2018-05-12
dab1ca9258b3956eb75959877c94c11a,6192ba92eb5a2ad69bb1b4d8eeb045e2,delivered,2017-12-09 20:40:33,2017-12-12 03:59:39,2017-12-12 20:13:11,2018-01-04 16:23:10,2018-01-15,8c19232ead49e981654300804a5eae9a,2017-12-09
519e95ec3690f5210a76432619778e31,7fba84f2b4ba62e3ba53b7af60618507,delivered,2017-11-09 19:59:01,2017-11-11 02:55:42,2017-11-13 14:57:37,2017-11-23 20:09:26,2017-12-04,fef24cae622bc6b78be98b4802a421ea,2017-11-09
c66488780f43562cfae644d046d1864b,21a2204a699b3d942101979dfcde14fd,delivered,2018-01-25 12:57:51,2018-01-26 03:16:45,2018-01-30 23:41:40,2018-02-03 14:38:30,2018-02-09,25cd7bcd6efd9e8b64719587c33173b8,2018-01-25
c7a69e528db122e94405b79ddc5ad934,1323b64fe97b459e7533dcfe0f624a5a,delivered,2017-11-14 08:56:10,2017-11-14 09:07:06,2017-11-16 18:04:56,2017-11-27 20:48:45,2017-12-13,c37d6ec04ec0345217deeff3c0ab6505,2017-11-14
a64faadf772cdd7147ed00192cbf4ff2,95038e16c02c41f088a6c8097154aa28,delivered,2018-07-03 10:59:10,2018-07-05 16:32:09,2018-07-04 15:11:00,2018-07-09 22:41:54,2018-08-07,ba25a2f9e943b71837db565f2a3de188,2018-07-03
8a28dccdc145b6bf1826f46b5e1add96,f6b54c2de1f25f54a7515be240af9300,delivered,2018-04-10 13:56:42,2018-04-11 08:55:40,2018-04-11 21:57:35,2018-04-13 14:18:25,2018-04-26,d76965a36ab182a9233aad7e5193cda7,2018-04-10
cf9b4bc8a0831980b324e030bf8cf1f3,91f82b10ee276b5877b6bed27525b58d,delivered,2018-07-13 21:06:25,2018-07-13 21:24:08,2018-07-17 15:18:00,2018-07-24 00:31:20,2018-08-08,e3afe4f1c43ac818682f1d6ede6b7776,2018-07-13
6e0a47b1af62bf9751afb7756ae1b82a,6113c09ecad35510dfe95b16699bbf74,delivered,2018-07-26 09:48:28,2018-07-26 10:05:07,2018-07-26 14:44:00,2018-07-30 21:07:29,2018-08-14,23c5c015ea7389e4b8b88ac37c5d3a88,2018-07-26
ba87f0ac948c4b79c4c6faf863b153f0,bb64979ec39706aac2d6bfe15948a5c0,delivered,2018-02-03 18:28:57,2018-02-04 00:09:49,2018-02-06 15:47:07,2018-02-14 19:38:49,2018-03-01,01d628fd151ab84d5063f2dc5c92a118,2018-02-03
bebb91d877e74fcb3c9b0cf03d7f6e4e,85a686a0ab11d3e40ea19dbe75a457fb,delivered,2017-08-03 15:28:47,2017-08-04 02:15:13,2017-08-07 19:19:57,2017-08-14 14:28:00,2017-08-28,373d4a9df02e2672e8d8c6d6d802f0c3,2017-08-03
f2f276797fe0c5bb220e8fceefd0220b,c27703a50050afbb4661ad22ea030c7c,delivered,2017-05-25 10:07:59,2017-05-25 10:22:56,2017-05-25 13:12:05,2017-05-31 14:25:53,2017-06-19,f35271305526691e8269aa4a915e56a2,2017-05-25
d11c6e3675c8fa2f8cd707a48969429a,4a84ad2704fc9497804fdf6f5b2af2d5,delivered,2017-11-16 12:57:31,2017-11-16 13:16:01,2017-11-17 20:48:46,2017-11-28 23:09:04,2017-12-08,1c00fadb643307969c1596e6f9c868dd,2017-11-16
e768f86beb709ac3477b8c5ef5d265e0,51842d4fb07510f2d2bb87893bb5bf00,delivered,2017-05-08 09:29:05,2017-05-10 02:45:50,2017-05-12 13:58:50,2017-05-22 15:52:28,2017-05-29,171f1541c48867329a98710a2fe737e6,2017-05-08
6abf7916fb34cdc928f44ed39e67fdab,7613a02ab23473cb787132172dab0eb9,delivered,2017-11-28 12:02:48,2017-11-30 02:26:08,2017-11-30 23:19:54,2017-12-13 18:35:40,2017-12-22,304fa6d8168d31c38aa4db37c5e9dae4,2017-11-28
3e8258e4c2c32ceee7edf19e88a5e013,ebb15bf94574259578127a42a50930b6,delivered,2018-01-13 10:06:03,2018-01-16 03:40:15,2018-01-17 14:55:03,2018-02-06 21:22:39,2018-02-16,c42b61350054a2824e36efd963b690a3,2018-01-13
b70947b76f548d986539b3a43ae9674b,df58107a61521cc039f564421299845d,delivered,2018-04-27 13:51:05,2018-04-27 14:09:08,2018-05-02 09:23:00,2018-05-08 12:08:47,2018-05-22,dc1d683bcd460944a0e8eaa31bb009d4,2018-04-27
dde867f83e689b0167785b684ab311cd,8f29ceb9da71dd3cfe7055c0c1fb7e7d,delivered,2017-10-16 14:29:26,2017-10-16 14:50:12,2017-10-18 19:57:43,2017-10-25 09:42:40,2017-11-01,8c43cf5ae5937637f807e5b34395a533,2017-10-16
a5ee139d1586d2d22c21ce7048e1d36d,7501487f2c74cc52064641b5793bbf4e,delivered,2018-08-27 15:15:03,2018-08-27 15:30:24,2018-08-28 18:04:00,2018-08-29 16:28:39,2018-08-31,ebd16156e915376664512033f080f70d,2018-08-27
18bcbca4b2c948e7653345492627a1cc,372067e51008ef283bfd879a312c473d,delivered,2018-07-30 19:06:05,2018-07-30 20:00:21,2018-07-31 15:50:00,2018-08-04 11:36:39,2018-08-13,499ccb2890ed3131ee3854c7b00211a8,2018-07-30
3d1a2a1af49e4de479ee90a75f5aef6e,7c3845c3247034b68ef859c912cec03e,delivered,2017-12-11 16:57:09,2017-12-11 17:11:01,2017-12-12 23:36:41,2017-12-22 20:54:07,2018-01-04,736aea65ce64ec8f8fa1ed24343c393a,2017-12-11
59dccb56096ce22662c9a3f2f2312f39,4f478a1b6fdf3b0ea05cba4ca2aa473b,delivered,2018-01-23 15:02:57,2018-01-25 02:57:54,2018-01-25 23:58:27,2018-02-03 00:16:10,2018-02-15,91e896ede1ad968d626db06bf3363652,2018-01-23
782a9da702917cb4033b7a78c342fa71,13be50e63ff16eabbc9e1aacf34e3a98,delivered,2017-07-28 13:02:31,2017-07-28 13:15:14,2017-07-31 23:27:29,2017-08-03 21:07:34,2017-08-23,75e641a928aa08df03fe3a496b7a7d86,2017-07-28
9f4ce573c6972d238421b71f926abfa1,bc9df2892ccce8d1e8558c3e8013962c,delivered,2017-12-04 21:56:53,2017-12-05 10:30:54,2017-12-07 22:58:32,2017-12-20 23:18:50,2018-01-08,d526ae09900a4688e8f8febb10f72d69,2017-12-04
31c5b1c46eed53925a1f2feb3493ba31,3a3a436acc53f2d7e4a55d1aa078926e,delivered,2017-09-18 17:03:31,2017-09-18 17:15:19,2017-09-19 21:23:20,2017-10-01 16:19:34,2017-10-06,128a970acd5e71fa13db36db08ebf1ed,2017-09-18
e3e54348392f8105ec69356675788604,23e316f7e8bb8cfede1c8bc743b5d949,delivered,2018-04-23 22:17:39,2018-04-24 18:58:30,2018-04-24 18:19:24,2018-05-01 13:38:51,2018-05-21,f00a9391c1d606dbbcc0dabe9adfdb9f,2018-04-23
7e2f198c10c1ac5ad206ebcdb1f18861,39819e3fdcb2e08c22f19310ea98a136,delivered,2018-08-03 06:24:54,2018-08-04 04:15:34,2018-08-06 10:22:00,2018-08-11 17:18:26,2018-08-10,d954f2104413f0aa77d839d081b68ead,2018-08-03
38a2b9fba0dbb602df8140da3d6287b1,134cde7c910ca0558fa3da0b03c15ac8,delivered,2018-05-24 19:20:21,2018-05-26 02:32:07,2018-05-29 14:47:00,2018-06-01 19:28:46,2018-06-12,bc465b1c46eace36c3e05055042825c1,2018-05-24
d0b07b0423d899124cb9f7f797cffd9f,8d31d7e41fc13f0a9af55c6547c96738,delivered,2018-01-18 12:24:35,2018-01-20 09:09:32,2018-01-22 21:27:03,2018-02-06 15:48:44,2018-02-20,58f8465c4ee7d392af213008278698a3,2018-01-18
7e582bf07e775814ee561ea660528808,c5208f60e08f7bfe285a7d7f9b179c0a,delivered,2018-04-12 15:09:11,2018-04-13 13:14:19,2018-04-17 21:22:36,2018-04-27 23:48:57,2018-05-08,ac7a58a3b50189bef0d8d8e0c859d7a4,2018-04-12
0ace216597fa0efc8a42140d99fda065,de144da6b5ee52c7c5b295596a5e8a15,delivered,2017-09-11 16:36:31,2017-09-11 16:50:27,2017-09-14 20:57:26,2017-09-25 18:12:25,2017-10-13,b9a78972745da1af7db1bc2b4cebbba2,2017-09-11
22771f93db288e22caf88967606b3e43,ed1083946003bae3e6a6c80f0df6a647,delivered,2018-07-29 08:04:43,2018-07-29 08:15:09,2018-07-31 14:06:00,2018-08-03 16:21:40,2018-08-16,f3c66d5bafea434a46cc6006b62569cf,2018-07-29
1beff5a1483dd3918e704891418a9f05,cee11660eb771d4df1804dbfe426dbfe,delivered,2018-03-12 22:48:43,2018-03-12 23:08:18,2018-03-13 19:34:34,2018-04-04 21:08:45,2018-04-03,afef01a341902c1db434e667c062b807,2018-03-12
10c651c81fd0bec26524dab0e94090a5,3ea9d5100acf2b7ffe45e68b545c36e6,delivered,2017-05-25 00:47:57,2017-05-25 01:25:25,2017-05-25 11:53:46,2017-06-01 14:43:52,2017-06-21,3da285f344b116692496c69681f04648,2017-05-25
6c75d5191caa57ce66aee84045b1d143,ac253a92ef58b7bcc1c1e775e6f79565,delivered,2017-11-11 20:03:21,2017-11-11 20:15:53,2017-11-23 15:28:47,2017-12-01 13:42:24,2017-12-01,774918223dd3948a14b754c81230ebc1,2017-11-11
a4d54099b02f1e3e36119e0417225d23,0682e8c92aae975e978f4b439046590f,delivered,2018-01-15 16:47:06,2018-01-15 16:58:24,2018-01-17 11:39:07,2018-01-26 22:05:47,2018-02-09,ab0faabf48c8c0108c13277d2b701f16,2018-01-15
ce6a7d780bce629dad2401e73a14e589,678e74c9b366ce75f5c373f8c1562fe8,delivered,2018-01-29 17:53:49,2018-01-29 18:12:50,2018-01-30 19:18:31,2018-02-08 19:27:49,2018-02-26,f1dd3da0ed3a1ba8643a2e032a051568,2018-01-29
497f5eac35f2a5804033ed08649cc8e3,840cd954602dd3e63769e976e9bfaf4a,delivered,2017-09-06 21:52:21,2017-09-09 05:15:22,2017-09-12 13:07:47,2017-09-18 19:10:23,2017-09-27,f7d1e87c59755fadcf28069f3da6169f,2017-09-06
c6a109284eaa03ecababdea492aa981b,8865d48e8c0839b545fe4be694e79943,delivered,2017-11-20 11:27:52,2017-11-21 12:31:32,2017-11-24 22:11:36,2017-11-30 22:06:52,2017-12-07,bc52ac350660789d0132214b90548501,2017-11-20
a146cb08a9ef742c36b2e4052d3a24b2,c1b9ff12f13a4f0d2c4c36b7089eaa93,delivered,2018-06-12 17:50:35,2018-06-12 18:28:21,2018-06-28 14:01:00,2018-07-03 12:18:51,2018-07-19,eef2760c32898a159a068d9acac740cd,2018-06-12
a1616f9567a92892f6b048d6a64e85fe,71b4c63da8e1933acf3334fa23254944,delivered,2017-10-22 12:19:55,2017-10-22 12:35:19,2017-10-24 21:08:56,2017-10-30 17:36:43,2017-11-14,9ab9e6724cc65e59593099f18081fd35,2017-10-22
94c753ff371f05e68a157809f9cda46d,1859ce3050c0ead77fca48bdfaea5b4f,delivered,2017-11-03 00:15:22,2017-11-07 07:30:45,2017-11-08 21:27:04,2017-11-23 18:22:18,2017-11-29,96149645eced5018eb9dfaa8c6d1f69b,2017-11-03
21a724726546c32790ded320f982a506,520a639ebde74dba27ff8cd45874d67a,delivered,2017-11-24 23:17:34,2017-11-25 02:15:11,2017-11-27 20:16:44,2017-11-29 21:51:21,2017-12-19,7e60ac4d629df56195186e2bfdef5dcf,2017-11-24
b562335292868936c122b33bf8485b13,92cefd7ba82a01c6d48661c32586f454,delivered,2018-07-23 17:14:18,2018-07-24 17:10:17,2018-07-25 15:09:00,2018-07-30 13:12:23,2018-08-06,6ae137e770f4b67cdd1326b13b358181,2018-07-23
f1b7c83171b22e2babd61eb8501d58d5,aa1a31f8a0300300ec81904ca291c40f,delivered,2018-02-24 15:34:01,2018-02-24 15:50:23,2018-02-26 22:08:39,2018-02-28 13:50:03,2018-03-15,d0e91e617fcb0f9cb5312eb984e30a20,2018-02-24
33339858fe1a83360ede2fdfac766e3b,522cc80dea5b91565a9f32781283e97e,delivered,2017-09-25 12:40:20,2017-09-25 12:50:13,2017-09-27 15:06:16,2017-10-11 19:13:24,2017-10-17,78e59dc5dd03cb0edb2d564a885e1f8c,2017-09-25
23e0d3cb5d2016d74c1d38af47f89fc5,73f2d4ed0762ef9233b1f625bf39d70b,delivered,2017-09-05 07:48:46,2017-09-05 08:03:49,2017-09-05 18:44:00,2017-09-12 21:11:39,2017-10-03,97075424b3f4e8e676810323d13c7ea3,2017-09-05
ec4cf26370344d49bf890b38d09cdac4,bd907dcdcc27fd12cf1d08bbf0e5dee6,delivered,2018-01-11 23:47:44,2018-01-11 23:58:27,2018-01-13 02:18:49,2018-01-23 19:28:49,2018-02-07,3a0ba0682d331c6c19ac098bb2bec9f1,2018-01-11
5f46b2bed09a721e0a7196524881ad5f,8a71989a36af953b1f3917ae919c4f3c,delivered,2018-03-07 12:07:10,2018-03-08 16:56:17,2018-03-09 19:12:10,2018-03-20 12:15:58,2018-03-27,602a79b28af671f13ad2a0a9a11c944b,2018-03-07
fd146e195b9e3e00d02a5bf4208e043a,064df8d7cfbb640ce62f296cd3f76c35,delivered,2018-05-29 13:53:51,2018-05-30 13:50:36,2018-05-30 14:45:00,2018-06-10 13:06:42,2018-06-21,1b535bdd0263b5ce92aeee085a4da8bd,2018-05-29
20dfda225b7d53569028f68044478eb0,59547f435401505e7094df807237212c,delivered,2018-05-15 20:24:25,2018-05-16 02:54:08,2018-05-16 13:38:00,2018-06-04 15:48:27,2018-06-05,9a99455e6bb6d535872c01ebd9d4fa0b,2018-05-15
334fcd4953d5e5b64f124a0ba7ecb317,6f279800252d785cb11706fcc0384259,delivered,2017-11-25 16:36:13,2017-11-28 03:32:35,2017-12-01 21:59:37,2017-12-29 20:07:11,2017-12-18,006a8c1784d622ebe06bab57e72ee045,2017-11-25
c3209eebfba86d30279573e94ae46a2b,4ab9f81601aed5ce7c8003eb315f6b9b,delivered,2018-08-12 22:43:14,2018-08-14 04:45:23,2018-08-14 15:03:00,2018-08-15 19:58:25,2018-08-16,436f1e6b8b786b442de034f6f73ca700,2018-08-12
37b2da18eede8674ecc05302ebb6e32b,d906dd7f11e40617aba6e03961da0f05,delivered,2018-02-26 18:30:59,2018-02-28 09:56:32,2018-02-28 22:33:42,2018-03-20 16:38:32,2018-03-20,6ef7fc39ea0027cf824a8f0ed2f5acd2,2018-02-26
ee3cbcc20d5984bc1074efa744139f47,ac21bf9bfae1fe0cd4577cfab4dd8f3f,delivered,2017-12-05 23:32:19,2017-12-05 23:56:51,2017-12-07 23:22:26,2017-12-27 01:35:31,2017-12-28,b9b4ef29650e6efa53f6937789c9027e,2017-12-05
a43f06aa18fbe7db935630bd59aa0cdb,97b2b6460d59f786baf7f4b2b3ba64d6,delivered,2017-09-15 14:57:47,2017-09-15 15:10:11,2017-09-18 19:52:31,2017-09-29 22:19:44,2017-10-10,6b6692920f9589e0eb5e9e6c6a377ad3,2017-09-15
de5552f927693bffe3b9ffc69e75000b,2be7ec9032226da54ff6d1970703dc56,delivered,2017-03-10 17:26:10,2017-03-10 17:26:10,2017-03-11 10:54:57,2017-03-18 06:11:18,2017-04-04,5503a48ab1b708edbe32d930e31a58a4,2017-03-10
acf83f0e8fb878cb25197344426ed10b,46fc16f07712c5cdcdd55911a3297e16,delivered,2016-10-05 09:46:43,2016-10-07 02:49:21,2016-10-11 02:49:22,2016-10-14 02:49:22,2016-12-09,3b6d8779a13d0e022d93c46e814de0fa,2016-10-05
5d803a49d1f3d5b4ec4be2424a3af2a0,7a4c94706d298eaa66cae2aff0cf11c9,delivered,2018-06-09 18:19:20,2018-06-09 18:30:42,2018-06-11 14:21:00,2018-06-16 00:28:37,2018-07-17,e2b0eeee84b21c42982dcb19a83d358a,2018-06-09
18b9fb35499462319a6ca38275f72810,f60f92f99f0e3a36785244a2dd2836d9,delivered,2018-02-05 12:56:57,2018-02-05 13:15:29,2018-02-06 22:32:05,2018-02-10 15:06:02,2018-03-01,278906fbdf677b8680f2c25e3ce0088f,2018-02-05
6a1594b5f5cfc5bac6dcdc3f48f22b5e,397cbe809e45d41179dcdd64966e4747,delivered,2018-03-06 18:14:49,2018-03-06 18:30:16,2018-03-07 22:38:47,2018-03-14 14:38:53,2018-04-12,ba0a84d4272f023846c748fd2eb76ffd,2018-03-06
cce72bec497212f4c37a044860358035,05468ef54e8b2f92bd33ae272753e35d,delivered,2017-06-28 16:31:00,2017-06-28 16:44:06,2017-06-30 15:42:10,2017-07-07 18:22:35,2017-07-26,e2749eeca83ee13fa1c2241818c13a99,2017-06-28
4e41d776fc4ffdec6708862a05a1ea30,3acf76fd65fe79bda708e80f2b7f9b6e,delivered,2018-07-05 23:17:03,2018-07-05 23:31:05,2018-07-06 10:57:00,2018-07-11 22:09:48,2018-08-10,6746118163577769f5bad6a82a0b0790,2018-07-05
c49661b8b4d13d77de66b23c6da12b38,ecf9b95706f52137b21ff19943699b58,delivered,2017-11-29 09:48:12,2017-11-29 09:55:28,2017-11-29 19:02:37,2017-12-07 16:54:56,2017-12-20,8adf2425eac1bdc8775f9a3f72a61180,2017-11-29
9bdc4d4c71aa1de4606060929dee888c,a7693fba2ff9583c78751f2b66ecab9d,delivered,2018-02-21 11:45:07,2018-02-22 11:48:42,2018-02-27 18:27:01,2018-03-01 20:47:01,2018-03-07,f7ea4eef770a388bd5b225acfc546604,2018-02-21
464bdc55a2b4838f5d83f20f181ff858,5cf52053b84dff5c7d81a202d3a84dcf,delivered,2018-03-30 22:44:48,2018-03-30 22:55:13,2018-04-02 18:28:42,2018-04-18 20:21:04,2018-04-30,7bbc96646adba6da28aac763abde3d4d,2018-03-30
04955e4e1efe5837c88f3d4311a94fe7,48cbc3228c6228bfb40f643681df20c6,delivered,2018-06-11 14:58:07,2018-06-13 02:36:43,2018-06-13 15:28:00,2018-06-22 13:30:51,2018-07-05,55e0c823ce371fd80f780ef8eb789dc5,2018-06-11
80e3ea9d65b89f8cbaa3d1f08f5dbd17,f47a3e021a077696be3337820048edf2,delivered,2018-06-06 20:40:15,2018-06-06 20:52:26,2018-06-13 15:11:00,2018-06-19 21:50:42,2018-07-26,ac955659bcaadc00ff0410e19d2783eb,2018-06-06
95160939719ddfef2f951cc36e468567,d6da9177e020c24c7aa0eea0c9a1761e,delivered,2018-08-06 11:01:30,2018-08-06 11:10:20,2018-08-07 14:00:00,2018-08-09 23:50:31,2018-08-10,b8ba68f226b720edd0f6c241b1294a55,2018-08-06
8803010b50c509475d4e35905172b800,24f5c81f1320573d31fdac7b20802d3b,delivered,2017-11-21 10:27:38,2017-11-22 15:49:51,2017-11-23 16:34:39,2017-12-16 20:35:05,2017-12-14,4735ba9cc9ee7e5f88d7dee7ff3990ee,2017-11-21
f447e1403eb2f19d5070c56de603260e,89cdc0718a1dcfac079de92c3df1a848,delivered,2018-01-05 11:13:36,2018-01-08 07:37:22,2018-01-08 16:08:24,2018-01-15 20:26:45,2018-02-02,700844fedc8651ea7128684a45b4352d,2018-01-05
7433cbcc783205509d66a5260da5b574,4b7139f34592b3a31687243a302fa75b,delivered,2018-01-08 11:22:34,2018-01-08 11:35:27,2018-01-11 01:00:40,2018-01-13 14:51:55,2018-02-05,9afe194fb833f79e300e37e580171f22,2018-01-08
4b2113709e5d5f3760113b4a980cc88d,e34aebde692d331d54140c5dea6689d6,delivered,2018-08-07 13:34:42,2018-08-07 13:50:10,2018-08-08 12:58:00,2018-08-14 18:21:43,2018-08-27,e23fe95538a07f577b6229f84d284a04,2018-08-07
94c6db2dce626f40e64942d830d8f086,c60ebbc61c0e20d5df4a49b5034a8a71,delivered,2018-01-16 21:17:55,2018-01-17 21:11:28,2018-01-19 01:51:17,2018-01-19 16:04:47,2018-01-31,ed7873c58fda3c6516c592b5d3d77f0d,2018-01-16
d3f44296d90a42d3ec4b52b18654e87a,a2afcfb0d0d3096573368c4dbe8af57e,delivered,2018-02-16 10:06:13,2018-02-16 10:15:31,2018-02-16 21:28:14,2018-03-06 20:51:42,2018-03-13,08d8fd00898e7cc99d6e32c74d7d3ce5,2018-02-16
622dac2e43c9fe4e17d08cbc259f8448,9682a05903a210e6e44b0ee88f3e6cf4,delivered,2017-09-19 21:21:19,2017-09-19 21:30:22,2017-09-25 21:09:41,2017-09-29 20:52:42,2017-10-10,7cedb859c8e4969dd05c93f857257df2,2017-09-19
97a50ee9650a8caa3476a64004c2350b,f1c1a01f8bd5315f5fbb9c266a6d4c59,delivered,2017-11-18 09:45:13,2017-11-18 10:08:20,2017-11-20 20:48:43,2017-11-23 20:35:03,2017-12-12,ce46a9c99da2a4e4e1ed6239a6cb2607,2017-11-18
2a2fededb2ec978309f383a4133aa0c5,55de564d672d3c27195edbafd4265870,delivered,2018-04-10 20:16:33,2018-04-10 20:29:48,2018-04-11 18:21:50,2018-04-16 17:22:27,2018-05-03,4819cee719d00e4532a78f1cce2bc240,2018-04-10
96656dd1c9f0e6b415561d8a6734ffef,07390941d6bce5dacaa94780a994022b,delivered,2018-07-21 17:26:38,2018-07-21 17:43:57,2018-07-23 16:55:00,2018-07-26 17:44:51,2018-08-06,d0ebec9a57de286119b6fa15a427e96a,2018-07-21
699ff12900168a9020bb2487be684cc0,94ee7783d2f05e72a85fe65e13e96c9c,delivered,2018-05-21 11:59:02,2018-05-22 09:36:50,2018-05-23 13:37:00,2018-06-01 18:56:34,2018-06-19,0c136ce7164e9351a4dc6686edd52c19,2018-05-21
4dda81f6169b472f50dc01b2c3cea637,528147c7be575606dfc8712c88ab1062,delivered,2018-08-06 12:05:09,2018-08-06 12:15:50,2018-08-07 14:58:00,2018-08-11 16:19:40,2018-08-24,89467f9a4c2bdb76a7287d4f05e69f76,2018-08-06
aa767f19bb0117b647c1934f348f84a8,c0607f321bb86a70b4c2ac712efa110b,delivered,2018-06-27 07:14:45,2018-06-27 10:52:05,2018-06-27 09:38:00,2018-07-03 15:57:08,2018-07-18,a9a31f6600f5bb46793e66f85f382bf4,2018-06-27
0ff7d7a45a6dc4220eab2b7aac2367d6,8517f6b8c5c0ce7afbc630208b05f9bb,delivered,2017-11-10 14:43:50,2017-11-10 14:55:48,2017-11-14 21:57:01,2017-11-26 19:05:04,2017-12-04,c9d7348c0b9c49a8907a05072ea48aac,2017-11-10
384c77719e344da55f8a137a0fc63b4b,7a44baa94800ac864c71d1f5fc3e4fb2,delivered,2018-05-08 18:14:54,2018-05-08 18:32:07,2018-05-10 15:47:00,2018-05-16 22:27:00,2018-06-01,fe42d67ea974835ff8dfca57eb3a2a5e,2018-05-08
7b5073d707fbc74f030710dbbd069ef8,c50a983bbba0fa121f0c93886dcd5915,delivered,2018-04-05 19:49:50,2018-04-05 20:08:56,2018-04-06 23:48:28,2018-04-12 00:52:09,2018-04-30,334431d3637e7e0c6d7c2596c8c25f55,2018-04-05
1a4cc8edf7721a5fa7f601f25703c793,48769b9c90de6b97531d328801b39dfc,delivered,2018-05-14 23:15:24,2018-05-14 23:30:43,2018-05-15 07:32:00,2018-05-18 16:18:34,2018-06-04,c2d57de917675db2642016f79052b9c3,2018-05-14
8118e88205b0cd1342e85368ed6c0bcf,23c6ca6150d5e6f0bd50b6fd7ac82aeb,delivered,2018-08-24 10:46:25,2018-08-24 10:55:18,2018-08-27 20:22:00,2018-08-28 17:22:28,2018-09-06,bac9812cea1445d4a6fb6259a117932f,2018-08-24
b7f4c683de2480a46706baaf3dd167e7,f63218babcf381c98c00ccbbb66a6758,delivered,2017-12-05 16:34:03,2017-12-05 16:56:19,2017-12-06 20:41:30,2017-12-12 23:08:53,2017-12-29,50ce48286901a5caa70471ce58cab6f5,2017-12-05
8557dabbdacec1a9e250f5e70afe1eab,495b67cd5a866ee9a61ea6e8b4cadb51,delivered,2017-01-26 13:15:41,2017-01-27 03:05:28,2017-01-30 15:19:27,2017-02-07 16:45:49,2017-03-08,2e43e031f10de28e557c35ef668f9396,2017-01-26
a28afc1326ae005c8fe230354d0aee19,b4540c2dc69a6c13c4e5d921a1d3c0af,delivered,2017-10-31 08:52:41,2017-10-31 09:06:23,2017-11-03 20:17:34,2017-11-13 14:06:07,2017-11-24,b25d1e7fe5bd10c28191ec8b2b6d374b,2017-10-31
ea7e79e50c8bb2c0b2d153ed7a164dcd,71e64be1451fb0f9dcd40b44d1186d87,delivered,2017-12-21 10:56:57,2017-12-21 11:09:51,2017-12-22 19:18:57,2017-12-23 15:04:28,2018-01-10,7721f7f38663e0362820c6452719c9b8,2017-12-21
2a186eb2b1f153aed4218fbf557c5d41,762a3b56442aa6b35020a78b145a63fb,delivered,2017-07-01 22:23:05,2017-07-04 04:25:14,2017-07-05 08:40:59,2017-07-10 21:47:31,2017-07-25,7b73d9f20501f4ca34dd651cfaf02f51,2017-07-01
f3b91891fd5a5bfdc24b3c20419a53ec,224a7f5f722f3b4e25607e01897bbac1,delivered,2017-08-29 14:18:34,2017-08-29 14:25:25,2017-08-31 21:47:52,2017-09-20 22:28:11,2017-09-27,1fed5b513e4223a542c143ceb6d46232,2017-08-29
ffdc30c0eaeed2e08818c4dad9806292,60ff2959ab18e70859b8ae136c0bea28,delivered,2017-08-11 11:44:12,2017-08-12 02:51:01,2017-08-15 21:08:07,2017-08-28 17:33:06,2017-09-06,1906728de43f2d1dcdb09bdd0b834439,2017-08-11
1b96103448d7297f1aa8dc796e7d3fbe,322d724ddc5df1fef8a5e344d13b4989,delivered,2018-01-30 10:21:31,2018-01-30 10:35:38,2018-01-30 23:06:35,2018-02-22 16:22:55,2018-03-02,a706a810e0ff6e7542c465e3dbf63f70,2018-01-30
906a4ea26826c20b9b184b9e7c92c7b2,7466e5f152d3e7c316e2866f8c42e433,delivered,2018-03-05 13:27:02,2018-03-05 14:00:24,2018-03-07 20:04:54,2018-03-23 02:22:28,2018-03-28,9bc9d7e2e25a18907437e42b9c52ad64,2018-03-05
7367af9267d99af724a071ce9cd37a91,a5ad05a5ebe3d0f1a76ef42df5296c45,delivered,2017-12-25 18:15:46,2017-12-25 18:29:43,2017-12-27 19:29:15,2018-01-10 18:16:49,2018-01-29,07d358f5aaf702e100efd1a4b6279564,2017-12-25
ec0fa04fd1dffd9f00f92312214d7eac,647b6836dfd886cce7c2ac2601daeb0f,delivered,2017-09-22 13:10:51,2017-09-23 02:30:39,2017-09-27 18:30:19,2017-10-03 19:04:18,2017-10-18,c9944a10e67b3aba2e50e03f29337fcc,2017-09-22
df1ea31ed7ca8b535bc5203c18a09b72,582dc84c9ca21055bdb0c316eb1bafc8,delivered,2018-04-29 18:49:23,2018-04-29 19:10:19,2018-05-02 15:11:00,2018-05-08 17:05:12,2018-05-17,f432b18a6181a36066b4de918a05c5a4,2018-04-29
b35cb2caf25a9098b28e2b4d6aba5c79,efa4298ce90363aa0f3d29d4f49cdcf0,delivered,2018-04-06 18:56:06,2018-04-10 03:49:52,2018-04-10 19:48:34,2018-04-12 20:55:35,2018-04-19,492ff9ba61bfa86e0bd841ca197b788d,2018-04-06
ace40bfbb1899962a31befa39dd5045c,d07d439fba7d3954108504740475a081,delivered,2017-04-10 07:58:40,2017-04-11 04:02:42,2017-04-13 13:05:51,2017-04-20 12:41:31,2017-05-04,383e1b1f3984384d9caa050379d4d0fa,2017-04-10
5ba26bd7bec8bcaefb758d03dee88047,cb882d3802f75f5385b27d93f3fde60a,delivered,2017-12-13 21:48:09,2017-12-13 21:59:26,2017-12-14 20:17:18,2017-12-17 18:08:46,2018-01-03,fbfb964c4d34ce4c6b203e0443a16ac6,2017-12-13
9af92d2e86d9facb76127d7fdb850944,35cf4ef1e6641e62f6b7c29c8620c436,delivered,2018-02-04 12:14:29,2018-02-04 12:31:42,2018-02-05 23:46:39,2018-02-16 00:37:54,2018-03-13,eedb33201c850f695e3b545eeee83be4,2018-02-04
e17605f30423d4d61b56a16c513c00ce,6c40f8f586612364cbc49b3742bb1f6f,delivered,2017-10-01 20:26:30,2017-10-01 20:35:21,2017-10-02 17:20:03,2017-10-10 18:20:10,2017-10-24,602d5c751999c262a2b449428c3fefe3,2017-10-01
9a2b443dc8e6673e4fc330b3ea033569,20c93357daf05d1c3a092be59aea2c2b,delivered,2018-04-13 10:09:10,2018-04-17 05:50:06,2018-04-17 16:54:45,2018-04-23 23:22:07,2018-05-08,a3dc27d87234f862d7e61a0148c77fa9,2018-04-13
d224ba092ec1cb38bf389f3a5b727054,dc1fee26331f3efbe709e4cfdb064e30,delivered,2018-08-21 22:30:21,2018-08-21 22:44:20,2018-08-22 14:01:00,2018-08-29 14:41:41,2018-08-30,6b2d156cc732c2a9ff0ae48268cd7f2d,2018-08-21
1704f22579a5be1ff00ac2cdcc1e582c,40cf2f73247ea80b023e4c63891ce67c,delivered,2017-07-30 23:11:01,2017-08-02 08:35:13,2017-08-04 18:47:50,2017-08-11 17:14:42,2017-08-29,b221fe38e824ed28a7ccc9cb85fed6ed,2017-07-30
8bbd7c85404f2985106229d03d281d55,16c12a8915fc025ebdff7b58ac1b4ddb,delivered,2017-10-21 13:04:53,2017-10-24 03:28:19,2017-10-25 18:00:14,2017-10-28 17:12:31,2017-11-13,e5aa441c2d6b093d9381b24212d11dac,2017-10-21
6288a28742bf3c6ec3bd2cb7012176bb,de9e3c9d829ef18a5808b0077ed751ff,delivered,2017-04-13 18:36:47,2017-04-14 18:42:06,2017-04-17 17:28:11,2017-04-18 16:22:50,2017-05-05,4288386cc177e8d8514a2fc1ccfbf2a5,2017-04-13
2fa486d029393f1935691163d018a843,e49e2af32c3082a1fdc8f5dc5c5dee7f,delivered,2017-10-21 15:58:43,2017-10-21 16:14:22,2017-10-25 18:35:11,2017-11-03 16:38:48,2017-11-13,1fc7b8501b2c236f357f215715e6ca1e,2017-10-21
f7edcde7bb586c1b9465d46632f4e45f,73b3fa21c0e10f40293fee7787521991,delivered,2018-07-29 21:02:20,2018-07-29 21:15:16,2018-07-30 11:24:00,2018-07-31 22:16:43,2018-08-24,af982647bad6ee3e3a748ff4721e6644,2018-07-29
5f6b520cff06f23c77386b75976256e9,38e08b021ffa6f71de788a0e30c9c65a,delivered,2017-01-31 11:58:52,2017-02-01 02:55:08,2017-02-02 10:52:34,2017-02-07 17:27:57,2017-02-27,81969213c0db697f2a6da4a4eaad1bf9,2017-01-31
915a4d0a905468e4100c72daa427f02c,fda33b894c0c0f58e6989d149549ca02,delivered,2017-09-27 12:26:47,2017-09-27 12:49:13,2017-09-27 20:02:30,2017-10-11 23:17:46,2017-10-24,072cc9345d7ecca7717f04e2a893191f,2017-09-27
4ea67666d3072d3b4fdc92d11f6992e4,1f18e346d30c40d761169e0e02bf0ff0,delivered,2017-11-24 19:29:49,2017-11-24 23:35:30,2017-11-27 21:42:47,2017-12-04 15:55:04,2017-12-15,9b853ca1bfe9bc4d80443f0c3d5e2969,2017-11-24
1dfbde97fe9eccbac2db9ab2f3d45a9b,2833849b1e99e5864d2c66c43a597abb,delivered,2017-12-04 19:37:21,2017-12-06 09:56:33,2017-12-08 15:13:23,2017-12-16 00:17:59,2017-12-27,ab5bd4e824f9d79728b35b8c37830677,2017-12-04
832c61671b530bdc7d56880581bc2146,bc01d798f24a959b19dc8168975bf7ec,delivered,2017-09-12 17:00:49,2017-09-12 17:15:18,2017-09-14 21:50:33,2017-09-18 10:52:00,2017-09-28,dd4f1f5038183f09bdaaeff43ebfdf59,2017-09-12
c96867b4091191ba74279fc255656525,57f964df70a28c4770200f68dfd54532,delivered,2017-01-13 20:53:54,2017-01-14 02:42:51,2017-01-16 12:25:08,2017-01-20 14:14:39,2017-02-27,0fe412c57843f290998cdb0547b5b233,2017-01-13
b107eb8ab6fb9b94db25911d4a2b378e,0b70ffeae43a2bb3a00b1ea07b894e2d,delivered,2017-08-24 14:30:52,2017-08-24 14:45:18,2017-08-25 17:22:13,2017-09-05 16:52:54,2017-09-20,301d3a28e56b52080aa1de9ef5541139,2017-08-24
8778337fbf343f1a56219ea3aa28a87a,882f7747fdb542b2bb5c9fceb2013862,delivered,2018-03-21 17:19:51,2018-03-21 17:30:21,2018-03-23 23:18:52,2018-03-29 12:19:12,2018-04-03,794ac89cdb794c36edb155a891a60ea2,2018-03-21
ca6e9fb5f1a78410c6e1a89640efa8f6,4d77bdf492f3c64a182a33b91618abae,delivered,2018-07-01 20:49:54,2018-07-01 21:10:08,2018-07-03 10:24:00,2018-07-04 00:38:38,2018-07-20,669e24f5e9c4868fb75106f6f96dc1ef,2018-07-01
9c9d7c2faa49c47d07ddf13a35031837,9d08186323cf285e5f5c66772ef9c468,delivered,2018-01-04 07:44:46,2018-01-04 09:03:25,2018-01-08 11:42:27,2018-01-13 01:27:54,2018-01-29,a21807983dbb6524babc3ab4f6b46a1f,2018-01-04
3fef122997c747784882689e6e812b2f,4e2137a0182b900a4123929b813360d1,delivered,2018-01-16 20:06:02,2018-01-16 20:14:26,2018-01-19 11:19:45,2018-01-25 15:42:06,2018-02-06,59902a45d295c1ee302ef5ddf6acced6,2018-01-16
0a2d541ba7c40984543d72b5eb0abcba,72cb2f7e00c6b47c25afdd7ea20ea3f2,delivered,2017-01-23 13:40:55,2017-01-25 02:50:37,2017-01-26 11:26:08,2017-01-30 08:42:04,2017-02-28,cb4241101b3bfb3ecee4b2810bf9a4c2,2017-01-23
3a6cac3e6717e6a7ee4cb28aaa149a91,766d9773a9cfa50e19a5c27a88d1b911,delivered,2017-01-18 20:14:17,2017-01-18 20:25:12,2017-01-20 11:07:49,2017-01-27 17:14:19,2017-02-20,960c60e7ac1870b12902f5685d7cce08,2017-01-18
424fc0f988d894a7f554fecf40c910d4,36ba5f579e86995033b6708df796697a,delivered,2018-02-12 12:39:14,2018-02-12 12:55:33,2018-02-15 01:28:00,2018-02-21 21:16:45,2018-03-08,224cbfce49dc24c6396117fcc865d707,2018-02-12
16c96dd4350d02d1890b8b7fd141da9a,c9a7dfbc6fbf3b5099015fd9cd288435,delivered,2018-04-25 02:15:01,2018-04-25 02:31:08,2018-04-25 14:17:00,2018-04-26 20:42:30,2018-05-09,3f8361175e08ec40637d5693af196c9b,2018-04-25
d3b13898a835b480e8ab562071435158,b9d3a40de437cfabb62d60abfd50d354,delivered,2018-05-05 11:38:28,2018-05-08 04:54:16,2018-05-08 15:55:00,2018-05-16 01:21:22,2018-06-01,c0a37e61c7980c62666befa53e300142,2018-05-05
a00f125175c8ff66e63dbacefe493aaf,c147154e561f7cfa09d46a9a09951b16,delivered,2018-02-03 10:07:26,2018-02-03 10:33:40,2018-02-07 00:48:23,2018-02-16 20:15:34,2018-03-06,6bd4bdc6901466b345ed22ec0fef1d97,2018-02-03
bf1451bab7a54578f219c009aa286263,aa8b77f23eb7e30628c9f69e144a28be,delivered,2017-10-24 20:36:26,2017-10-26 20:10:22,2017-10-27 17:33:56,2017-11-13 12:14:54,2017-11-23,7bc561a53200e1261cc31c682c3dc278,2017-10-24
91c9f456cb2e53af4edc1b33b3bd7f7c,c8e53439446de62f0372c338f29b8c80,delivered,2018-08-08 08:20:20,2018-08-08 08:45:02,2018-08-09 15:39:00,2018-08-15 18:18:49,2018-08-21,ff4e1369e15a894e87ac95f0e1ff21a9,2018-08-08
817bf80f198fe79311b13572332cc969,a8af0900a6bccfc9b49d5747b4e0c094,delivered,2017-03-12 02:43:00,2017-03-12 02:43:00,2017-03-13 11:35:57,2017-03-22 17:17:43,2017-03-30,6b4f10067c4e9f8a42d9023a611917d0,2017-03-12
7b06d8091938a97c0186f6a794cd6376,40a05273e9dce969b4d09af2d68f1d2f,delivered,2018-01-03 22:13:05,2018-01-03 22:30:10,2018-01-08 20:24:00,2018-01-26 13:37:46,2018-01-26,e120babb5822c67b7af71165ddc16295,2018-01-03
5b7687ff6fc51511eec02492c8169ff6,6bd5a6c074fd0ded0d12ecb0d5ea4da2,delivered,2018-03-19 17:18:34,2018-03-19 17:49:39,2018-03-20 21:25:50,2018-03-23 00:51:44,2018-03-29,08e5e7c8ad7c683e0badf6aa0566352b,2018-03-19
f0ea34d58a86eb887f6a0dc005d6d80b,9f95fde2743e68b8469c96f39a20ebc7,delivered,2018-06-27 14:31:44,2018-06-28 02:15:39,2018-06-28 13:01:00,2018-07-04 23:03:26,2018-07-26,632e06482ee21f877281a38ccc4dca96,2018-06-27
f6fb987bc7494802dc112987999e04fe,abe97d658c4fbeb355ad276a3f1acf2e,delivered,2017-07-24 17:00:38,2017-07-24 17:10:20,2017-07-26 22:05:22,2017-08-11 21:10:10,2017-08-17,f7f18d14c199a7343fc6d2e6d6c26636,2017-07-24
7e25a1c58e68fa94300358caad65b944,7a2dd5bf1d279c000fa08063cdf2e080,delivered,2017-08-28 09:04:54,2017-08-28 09:15:13,2017-08-31 20:36:43,2017-09-08 17:21:38,2017-09-25,438d7ae1cd80a1e00072251dbe3d8208,2017-08-28
b64392414f07fbd78e933c2681f23c24,8eefdf97a251c0ddbe5c9947378f6832,delivered,2017-10-10 08:53:55,2017-10-10 09:14:21,2017-10-10 15:58:00,2017-10-16 23:11:43,2017-10-23,9a42da309346fa17c12cbcc4f469fc19,2017-10-10
90aea7c4e52538a18cb9bbfd16f09185,85f0e92957e9fb9c5f72ba5378f492a0,delivered,2016-10-04 19:25:29,2016-10-06 15:51:51,2016-11-10 13:58:50,2016-11-17 13:07:53,2016-11-28,cfbb7c1c3d613d974eef515b180e2c9b,2016-10-04
65efd756608003e865eb8d80f66a3ebb,b91d240f382eadc3b867e8a28a56f7ba,delivered,2017-03-07 23:19:46,2017-03-07 23:34:02,2017-03-10 10:06:50,2017-03-16 12:22:14,2017-03-30,6c0240b5b68fc5fa50b6a990e6352c4a,2017-03-07
fd95ae805c63c534f1a64589e102225e,e37441c531a1f8693c41af79875a123f,delivered,2018-02-22 23:33:59,2018-02-22 23:47:53,2018-02-26 22:06:58,2018-03-03 00:32:41,2018-03-13,eed42da7ee2f3ce26ab52758e63d855f,2018-02-22
742e73f061eac95007f20afdd72d515b,134b8eb1be5bb89fd71a946710f4b0f9,delivered,2017-05-23 19:30:30,2017-05-25 02:55:20,2017-05-30 14:21:45,2017-06-09 16:53:43,2017-06-26,bae706913265d168b701585e402d6105,2017-05-23
3275736da1234f55d52bdf09d86b93bc,1ff6fa617b2b77f6844df0191949925a,delivered,2017-12-02 10:04:07,2017-12-05 04:13:30,2017-12-07 19:12:56,2018-01-11 19:34:07,2018-01-10,5bffdce2f67241f3d9de86edf96e62ec,2017-12-02
e83bf64123b8f85a33200e481a9f982f,a75adb6efea8bbc567f89773ba56262f,delivered,2017-11-09 15:11:37,2017-11-11 02:50:28,2017-11-16 19:57:59,2017-11-17 18:51:27,2017-11-23,d4eaa2561ac68c359a519bbabf28498f,2017-11-09
9d36629c95cfcac0564afda65e270991,3bf041c93287a878b0f4577c3993855d,processing,2017-06-26 18:15:22,2017-06-26 18:31:38,,,2017-07-26,3c03bd885ca4abe1a489bda06b44bfd6,2017-06-26
c73c03cf41cc2b70000a4e461d11533c,b5c52a2f4f83b78e8070cfc2b09f0fd3,delivered,2017-10-30 13:13:44,2017-10-30 13:32:48,2017-11-03 17:12:33,2017-11-13 16:08:44,2017-11-22,5fc0974c5523db2fb37112424d790929,2017-10-30
e5bc6c7594c02f53761ea092c5c9af1d,0f3303966706b6737bc7a6a198d9caef,delivered,2018-07-12 20:05:49,2018-07-13 15:45:16,2018-07-18 15:06:00,2018-07-25 20:32:56,2018-08-06,9bdce68d2e28700a6eec0cf066db9676,2018-07-12
d5b9e35b93a4d8e6fcdac2a40528772c,cd51d1cc76f75fd82497e8f838ff9b53,delivered,2017-08-21 18:18:38,2017-08-21 18:30:19,2017-08-25 15:36:39,2017-08-31 00:04:42,2017-09-11,60d4001a738d4ab1c39a8c78b871ba3b,2017-08-21
b0930bbc1fdf3886c30a8066bb647148,0397d9be013c9cb50ce9669dbb322cd4,delivered,2018-05-03 16:43:22,2018-05-03 17:31:10,2018-05-04 15:04:00,2018-05-05 14:21:40,2018-05-15,5d7bccd6e2372ae1b1a1cd753e1f7171,2018-05-03
3160f9fa13bf36dda5ba225649526968,a8356b1d42075858ff3c9b3a95e11190,delivered,2018-04-07 19:21:45,2018-04-07 19:35:19,2018-04-12 00:56:42,2018-04-30 16:40:53,2018-05-11,519c503fa8cec8c30691b824e58a71af,2018-04-07
02ae2a6d1d1f1432dc743ca4f67033df,d8e392ff4cf70df9743697280315c7de,delivered,2018-07-30 12:20:10,2018-07-30 12:44:49,2018-07-31 08:22:00,2018-08-03 13:21:04,2018-08-16,6b672d19bb5daf36d2e500d90b753a1e,2018-07-30
0ca3024fdd038f1b734a8f1bc57e9055,4796c2456460470023bd65ce1ee39f6f,delivered,2018-01-18 09:03:18,2018-01-18 09:11:28,2018-01-19 10:54:52,2018-01-22 21:49:11,2018-02-02,11e95918d6816403858e8314a3503f4c,2018-01-18
caef45ebcbb19b79936b20d0bf662db3,eb15ecf96440e8472dc1931d54c1c937,delivered,2018-06-23 12:40:45,2018-06-23 12:59:53,2018-06-25 14:14:00,2018-07-03 17:27:03,2018-07-27,1abc00a2f0a65dbffa3b78b6c531fa74,2018-06-23
e957dd85ec954750362d63f541339f4c,ecf78fa31aebbb714a0a82fd133147da,delivered,2018-03-16 11:02:20,2018-03-16 11:11:06,2018-03-21 19:44:34,2018-04-19 16:47:26,2018-04-18,be7679ce6b38a12bf1ad80eace0bdca5,2018-03-16
d3cd9432f1869452249ac839d04a7964,84055878b8547a9f9944a8108146cf4f,delivered,2018-05-07 11:20:02,2018-05-07 17:56:57,2018-05-11 10:03:00,2018-05-17 17:56:17,2018-05-25,f685c0b25dd0e6e5cc7afe41536f34c7,2018-05-07
d4d8638eaddca23adbfdd1b383a5f15b,2f3f2192e521a60c3f97f340e9f964a9,delivered,2018-01-31 14:24:07,2018-01-31 14:35:35,2018-02-02 03:06:49,2018-02-06 16:33:18,2018-02-26,d7e0432688bbd72d3567568903f6117c,2018-01-31
ff0c42884b1cfcd5376cc7dac8ebe375,0d5660c49c6a1e6a28a444b65c6bd2bd,delivered,2017-11-30 18:50:32,2017-12-02 02:38:32,2017-12-05 00:28:45,2017-12-26 16:13:03,2017-12-29,ffb97d5c003c8ac5f9e57ca0f0846f45,2017-11-30
b7ada522cfb63d2f443ab987bd38c885,e80621e53339202d76c5ab251fa2582a,delivered,2018-05-21 18:20:05,2018-05-23 02:15:42,2018-05-23 14:54:00,2018-05-24 16:38:39,2018-05-30,83df6dd279040bd5ea4078e1f4dd3a65,2018-05-21
eb4f7af52d42fb1b1051cd5457074b9b,a181c725fbac1e1d13348c71d7c5c9f9,delivered,2017-06-06 14:29:03,2017-06-06 14:42:34,2017-06-06 15:24:34,2017-06-08 14:02:48,2017-06-20,b3a842ea215dc63f6094842e817f9bdb,2017-06-06
50accbb9397edc377aea35d7394a1ca7,3a06088ff3ab85c7f1912347708c035a,delivered,2017-05-31 21:47:11,2017-06-02 04:15:19,2017-06-02 15:30:15,2017-06-08 12:15:22,2017-06-21,d0972d0443d22c762575dcfbc3eb8b0a,2017-05-31
960470e088ef6e37d9b9dd22f2cfb57e,d49a0ae47205cd6433fce3ffbce1cdc7,delivered,2017-06-29 17:33:02,2017-06-29 17:43:50,2017-06-30 14:33:48,2017-07-04 15:22:38,2017-07-21,08aaace6cb0bfa3f5b13bde7f393eb3f,2017-06-29
2f7e9ef33c75fde93e927711229c4b23,c7b9afa9bbd78d6c03d066feb8a789c1,delivered,2018-03-16 15:19:45,2018-03-16 15:35:24,2018-03-19 23:42:30,2018-03-27 00:33:12,2018-04-04,f8d597cd6023073cca966990b86b6e3e,2018-03-16
b178d37bc8cf0346e18f4ebeff294dcc,dcc0611ff5be7beee83892383507927a,delivered,2018-08-15 18:14:08,2018-08-17 03:31:14,2018-08-17 14:51:00,2018-08-28 18:51:21,2018-08-31,90f50d331b6fc558d5be8c903012d56d,2018-08-15
aaeca333632ff704610564deb552e724,b2f4f2382059c94bfcfb0d4a060e9f71,delivered,2017-12-29 19:01:33,2017-12-29 19:11:19,2018-01-04 22:56:59,2018-01-16 22:49:05,2018-01-30,fe21dab50f4ae08c22408c1cee548b0e,2017-12-29
10f78992cb35d73641d587e75921cf7c,ba12c68e43068d8dba0e2fa56d7dcdb1,delivered,2018-04-15 18:15:47,2018-04-16 18:34:07,2018-04-17 22:02:44,2018-04-27 23:09:06,2018-05-15,383650abe2003fd1898f0e3a5688d9c2,2018-04-15
1e96a45243abd1f2da33000b50e61c50,1a4d7b90459d1d8b4314bde0fa0384cf,delivered,2018-01-17 10:10:55,2018-01-18 10:56:12,2018-01-30 19:13:49,2018-02-14 17:45:19,2018-03-08,8dac807f68a0cf9869ddeca081f5f809,2018-01-17
20e2af2e88f87028e067d8f71a7ea84e,cf1b464894e6177033533c076c2ed5af,delivered,2018-07-25 21:12:01,2018-07-25 21:25:14,2018-07-26 13:27:00,2018-07-30 21:36:32,2018-08-08,9e3296faf7fc550f8b36a9f6cbfc0b2f,2018-07-25
5b939ecc014a32ab25d16b70ffdb0426,249993996f32a34654f8429baed4a7c8,delivered,2017-06-30 16:15:33,2017-06-30 16:25:19,2017-07-03 14:57:02,2017-07-11 16:51:31,2017-07-24,4c57f8a882185cf9f4fca5714dc60808,2017-06-30
1580e54bbbd269a8188302f3179c0dc7,d42d02fa5d71a25257710e5f333385db,delivered,2018-01-07 16:01:22,2018-01-09 07:16:35,2018-01-15 11:13:36,2018-01-22 15:38:58,2018-02-02,ed7b66eff07d89156db4846c924e45d7,2018-01-07
5a4d230b7d52ada193b2d49bb339374c,551ce89f695ce165b0921d335e2590a2,delivered,2018-03-30 21:57:01,2018-03-30 22:07:41,2018-04-04 19:48:37,2018-04-12 22:22:22,2018-04-18,08dab8a579f9d8b18b16e5ac24a3fec8,2018-03-30
bca0fe55e764250fffae4ba96e671a1e,033854c6af774f85df06de2c9399589d,delivered,2018-06-11 17:19:41,2018-06-12 04:57:50,2018-06-14 13:06:00,2018-06-20 14:21:21,2018-07-13,ca6718ce3159ed378b0782f999bcd584,2018-06-11
95a7802de396f3df0c682ddafc8f3152,a70e9c4eb3f2b1a98db5bd7fef572f21,delivered,2017-09-08 21:45:09,2017-09-08 22:03:33,2017-09-11 19:23:34,2017-09-15 20:33:10,2017-09-26,18c19f3a63e37f4ee444136b2141cc51,2017-09-08
a94c2deaf09e56146b6a6703f2583aa6,eb4078d965b4019b0d9e1106e910f788,delivered,2018-03-08 10:46:04,2018-03-08 11:08:42,2018-03-12 22:48:43,2018-03-14 16:05:18,2018-04-11,b12673c1e4c870989924b8a4d791096a,2018-03-08
0b2d6210fb2a3be6f54add89639740ab,96d965bc7dd54c8cb5194f8cd2650e85,delivered,2018-04-23 11:02:31,2018-04-24 18:46:37,2018-04-24 00:30:42,2018-04-26 17:38:26,2018-05-16,0fee4adcd47e19eb91c84f2449500247,2018-04-23
1b83b0cc5c4f25371dc567405ff773c1,2359e70b63920006f86eb8d0870f6406,delivered,2018-06-03 22:47:35,2018-06-03 23:11:23,2018-06-04 13:54:00,2018-06-20 16:32:51,2018-06-28,bbdfe9a24ada62f41611c496f62e48d1,2018-06-03
4064b7bda3dcdab5dc717705f524d3bd,85118baea7f7e7f2d94d59128d2e70a8,delivered,2018-05-16 01:42:10,2018-05-16 01:55:12,2018-05-16 14:35:00,2018-05-21 16:46:43,2018-06-05,936a1b7c2d18db279315af71043752cb,2018-05-16
ee4a5cfe1eb9e24a2318dc5a3181cd6a,28a8f06b3dc694f9a4de853564bcddce,delivered,2017-08-31 20:00:36,2017-08-31 20:10:14,2017-09-01 19:23:40,2017-09-11 23:08:07,2017-09-19,8014cdebdf7b749980a8efcd969f17a2,2017-08-31
ac16c676637c6d6dfb72fb3dc92c658a,222cdcba9d2925320549e70046b14781,delivered,2017-06-28 18:21:32,2017-06-30 02:55:27,2017-06-30 14:19:57,2017-07-12 20:17:57,2017-07-20,967eb85deeab5124df2165cdada917f3,2017-06-28
21acd87ab0e70951d2aa3b0cd6445c69,c51de5efbf4919246057f725d38991d8,delivered,2018-07-16 23:18:58,2018-07-16 23:30:19,2018-07-17 10:37:00,2018-07-24 19:27:47,2018-07-30,17ccd1b75a9e0801b1b4b0ad6c7d1be3,2018-07-16
72fbd89f9562c38d13df912b8783b54a,6670a4780229e896eb7bbe0df8e59fe4,delivered,2018-01-31 09:21:26,2018-02-01 03:12:29,2018-02-05 15:23:03,2018-02-06 20:16:22,2018-02-16,77c15d3242f5a2f966ac78412639fbd2,2018-01-31
176347e69f455175b5ffbf6f6287e4ab,d093c8123401949fb8fd45345f5aedd4,delivered,2017-05-06 14:58:37,2017-05-06 15:10:18,2017-05-09 15:59:49,2017-05-12 07:57:49,2017-05-31,9298ec971ef62af8885a05bc25f09dec,2017-05-06
28a1ff56441c9df5d5bfaead83cd76fd,a5138200b55abbe1d5d8035503f7dcc6,delivered,2018-07-10 21:49:39,2018-07-10 22:06:05,2018-07-18 13:31:00,2018-07-24 21:33:09,2018-08-01,54e488dabb575f7fbdb4dea2060f688b,2018-07-10
17b7c2f3241fc2ef8e7f7a3b916993e3,2d598740458ddd8adf4d639fe801f902,delivered,2018-05-23 17:51:24,2018-05-23 18:17:05,2018-05-24 14:07:00,2018-06-01 12:03:54,2018-06-28,80a45d010bc1425a9a0f54b2b2a82e39,2018-05-23
e247c295703844ab1b844311e25046a5,86212139fb99b709e78667fb42c939fd,delivered,2018-03-05 20:42:54,2018-03-05 20:56:10,2018-03-07 17:55:06,2018-04-17 16:58:30,2018-03-29,f27d584311a18ce82b2ead2bd8a63366,2018-03-05
398f1723ca5725d585fbc000ec3edb05,7d6842530dfd5d6dd396888284433744,delivered,2018-05-08 16:48:02,2018-05-08 17:11:19,2018-05-10 19:05:00,2018-05-11 23:02:42,2018-05-16,9eaee1fe94e2155bde44087d299c0b9d,2018-05-08
7e5d5dc04eaf1bb91b39e57967646eaf,40d2ac8ecc21d966160499a601447bd4,delivered,2017-09-18 18:02:45,2017-09-18 18:15:14,2017-09-20 15:53:38,2017-09-25 22:09:40,2017-10-04,5e64493c9c3bce3e075b2477083c38b7,2017-09-18
063dda01b3489ce5f3bc164801e6e3e9,94cc6d198de265d1e418a24d451bf319,delivered,2018-03-07 22:15:03,2018-03-07 23:09:25,2018-03-09 16:19:33,2018-03-31 17:54:41,2018-03-23,f9bfcc4646d0fbd4d8856870d097bab8,2018-03-07
242ae20c1813b0ad28b3b7b7597ea721,6feec19ac422bb1f5fcb89ee26922aaa,delivered,2018-01-22 11:29:42,2018-01-22 14:53:30,2018-01-23 23:52:14,2018-02-15 17:23:33,2018-02-16,7000ba8464b01158048ff60510bc5c57,2018-01-22
d3f6f79bdfb5ff2eb96f8c4838b904df,30a92450d3bd26d8db8924d7d76bd5b1,delivered,2018-08-15 17:14:23,2018-08-16 17:09:15,2018-08-21 19:21:00,2018-08-23 01:38:35,2018-08-31,170b179af20bc4e04c33835c6c2feef4,2018-08-15
83c0700d6e42c5b6cd1fbf3e593ea4ca,564a7f18d810e7428fa8d183a6fbde4b,delivered,2018-06-08 14:50:54,2018-06-08 16:30:41,2018-06-13 14:51:00,2018-06-14 18:48:40,2018-06-25,805e5a317f4b3e1afccb9dfd71287a36,2018-06-08
4fab03676c2144ed35264324eef0ea12,e55fd60ea85893512621b41b19feaedf,delivered,2018-08-04 21:00:48,2018-08-04 21:15:14,2018-08-06 14:18:00,2018-08-09 18:02:21,2018-08-29,2edc621fb9d6ffdd6639dfc84a89d4fc,2018-08-04
a3d361625a95b22581fc65362dc3d296,622c260d369760bbd2e31ea8c273480b,delivered,2017-09-04 12:14:07,2017-09-05 04:44:39,2017-09-05 18:52:37,2017-09-06 16:53:54,2017-09-15,f38f516467ed61f33e63cfeaedee7054,2017-09-04
0760c994a2f88f9ba4f19c5622906609,7162b072ae82b7b6161abea798d5909b,delivered,2018-05-08 11:13:54,2018-05-08 11:35:17,2018-05-10 11:19:00,2018-05-11 19:28:27,2018-05-21,4e91b84bd3941d31daa28a76c53e9f0c,2018-05-08
5e23655bee02f45b9a3f47282ad61b17,698f2b2d8f6d7a629d2bb5e1b09fc527,delivered,2017-08-24 21:11:15,2017-08-24 21:31:54,2017-08-28 12:43:47,2017-09-06 21:09:43,2017-09-06,abbfbf1e1a64f6826febdfc96c3887e1,2017-08-24
9dfd36609f9bcc11f7712d98466d9aa5,2881de39aa89bc797c29bef175fcd2b3,delivered,2017-06-01 21:36:59,2017-06-01 21:50:11,2017-06-02 15:22:32,2017-06-14 16:14:04,2017-06-26,c4a0997ebd5dc2e05c2afdd835a002aa,2017-06-01
c15b82455a9be9d71574cfcd42598624,03e653ee8e56b8ec6d97a5f5aa002be5,delivered,2018-04-15 18:27:31,2018-04-16 18:33:47,2018-04-17 18:26:28,2018-04-18 18:24:24,2018-05-07,8d3c045b1a14ba80790cf29b9a27a1ff,2018-04-15
05cd156f0f47579a36d7a52724fc31b8,976224a95faf328b17654b1b1411d5e1,delivered,2017-01-14 18:27:28,2017-01-14 18:42:18,2017-01-16 06:42:20,2017-01-31 12:41:58,2017-02-24,40a0d0ab497152d487c6f59a27830c98,2017-01-14
55de7dd020b106e53605a949012b60cc,9c9c6947f4a2595d790406365671eb06,delivered,2017-05-26 11:07:08,2017-05-26 11:22:51,2017-05-26 13:10:16,2017-05-30 11:34:37,2017-06-16,becd44269251bda71e2d4f3e53630028,2017-05-26
d14319b7a9ffe116c1ba706238d3cd27,e93a01a8ad2d943db17fa596e51d93cc,delivered,2018-06-29 10:58:34,2018-06-30 02:35:17,2018-07-03 07:18:00,2018-07-07 11:54:41,2018-07-23,649c3c31116502b2c532c0a4e5a339e9,2018-06-29
5bea5dd69875b9ab8df73e12126a939e,55e78016842a460f71bbad3a0c4e4d9f,delivered,2018-08-17 17:33:01,2018-08-17 17:49:52,2018-08-20 12:16:00,2018-08-28 16:05:23,2018-09-11,7c17fa5b4d1414e4317c736f6b8e1655,2018-08-17
b8cc45abc3a6bd43c8a4f86b627de53c,1f430b21c4a9a9c8c272db2699452b41,delivered,2017-10-23 09:08:04,2017-10-23 09:30:52,2017-10-24 18:28:02,2017-10-27 16:52:44,2017-11-10,53cf397c4712868e6befdcdbb2f81f7f,2017-10-23
ee876df28481f4593364685acad97f87,08e0740d3f4a5f7c2866e3ef531fe426,delivered,2017-09-11 16:37:08,2017-09-11 17:15:16,2017-09-12 15:53:56,2017-09-14 22:07:42,2017-09-27,769bf8d89148758310bb519de4a030ed,2017-09-11
8d5939137fefa94485150d55a82dcd11,87bfb5face8c78c45dc36a431c4e8e5e,delivered,2018-08-20 08:03:39,2018-08-21 04:35:10,2018-08-22 14:55:00,2018-08-27 15:38:33,2018-09-10,c54c910485103a955fac5455e88a9015,2018-08-20
e9ff655634db2dac0d2c18cd8fc57869,ebc4d7861f2c3df2c3d6aeb0013700db,delivered,2018-08-06 11:14:16,2018-08-06 11:30:30,2018-08-07 13:37:00,2018-08-10 17:13:50,2018-08-15,994cf0ee7af82a0fecac91a978eba7dc,2018-08-06
48e624e6a92ba57c07b642f214c5bb81,793c582584210cd597c6a7d23af54522,delivered,2017-03-20 10:03:12,2017-03-20 10:03:12,2017-03-23 15:37:42,2017-04-19 05:28:15,2017-04-24,e13a3db531d2a3ccdf7886e75ef8f752,2017-03-20
ebb2508786c36ac5d029c3a1d94357e6,fd4a5f09d0ea897a218bc71fddcc3e6e,delivered,2018-02-26 18:44:28,2018-02-28 09:55:53,2018-03-01 23:42:50,2018-03-13 16:59:32,2018-03-21,a9f41152930e660a8b459a0c88c64aed,2018-02-26
bce3cd4522f8795ee9c0321c4954fccc,297916106d18bcd2f6324b3303d2358f,delivered,2018-03-20 13:06:31,2018-03-20 13:28:28,2018-03-22 22:05:20,2018-04-02 22:58:30,2018-04-12,c4787ad549b00510e982f8a95740b346,2018-03-20
ca1be30219791e22648cca249a8681f2,3b6184d3b25641ce87e09c1f4233b84e,delivered,2018-01-05 11:18:10,2018-01-10 13:29:11,2018-01-11 01:27:44,2018-01-12 21:09:45,2018-01-23,87c907fa30dd1bd3709c84b912b50c7f,2018-01-05
27c49d4a7b5ffac7a824721909617820,fdf606beec86408df71f59988b4dde00,delivered,2018-07-15 14:50:17,2018-07-17 04:31:36,2018-07-18 12:31:00,2018-07-26 11:08:49,2018-08-13,4317a3692c86f700ab131a3be2a695a1,2018-07-15
046a69282c430c5d662cee78c019f95f,4211bdba3c51ddcb72cc253a46b7c1bf,delivered,2017-11-21 13:10:50,2017-11-21 13:26:39,2017-11-22 23:22:43,2017-12-16 16:25:47,2017-12-26,1ee42b320be100d406f7bb7b7acb8a14,2017-11-21
debc3e4fa1e6d722470d58264beb354a,363b663a3a18b20724d859e34d3c6817,delivered,2017-08-25 14:45:46,2017-08-26 02:10:16,2017-08-28 14:34:15,2017-09-01 17:56:48,2017-09-15,e614e6c652b1eb30a40038f781797586,2017-08-25
fda14ed39c4cbf5c218cad0c470ce3be,b8e0eaf8dc01916ba959fcd6f786791e,delivered,2018-07-31 23:33:47,2018-08-01 00:20:04,2018-08-01 15:07:00,2018-08-07 03:32:47,2018-08-22,a2b5cee68ef8dabc2e76c5136fba7cfe,2018-07-31
d110ac83a8b313d9d5e17d9ed61e7804,44b7421de4760857c604d484db9844f4,delivered,2018-07-12 08:43:58,2018-07-12 08:55:24,2018-07-17 14:16:00,2018-07-20 18:12:46,2018-08-15,d0c1a14ee80beb24f6c5534541975ddf,2018-07-12
47796e6b4e22f9fff93a657a183ff912,6c8c605045c020dda4236ffeea583444,delivered,2018-03-12 17:19:51,2018-03-13 04:10:35,2018-03-16 18:25:38,2018-04-16 15:06:34,2018-04-23,99c54f8ecf070a35c4c83196967eb04c,2018-03-12
be09600d91e6bdef38c48814571143bf,190bec9db381391c8fb5d55583bfaf76,delivered,2018-02-04 19:29:46,2018-02-04 19:49:26,2018-02-09 15:28:06,2018-02-27 19:16:51,2018-03-02,1f5cf8f78d703ec25877401e90991f01,2018-02-04
ac278dbea8fabef3f3c3c51e5a201197,1fed2f9c2a5c7130513baa83c88614f9,delivered,2017-04-14 16:25:23,2017-04-14 16:35:20,2017-04-18 12:23:27,2017-05-10 15:04:45,2017-05-22,b0d7633100676a5e8755549bda0e3719,2017-04-14
daed2231418803be9327f1b4a2cec04d,4dc79a59a3e917f79cae01e6e42814f6,shipped,2017-07-04 22:54:40,2017-07-05 17:41:49,2017-07-07 19:29:34,,2017-07-19,11bcbc642b6c997ad7940955328c7677,2017-07-04
34ed8b79fd1d5c5550059a18277cf3fe,fa3b5a98a4327c5f32694a30d0fa2fec,delivered,2018-02-03 22:42:30,2018-02-03 22:55:25,2018-02-08 21:50:29,2018-02-22 14:29:05,2018-03-07,c2be451321d78b384f77f2425cde7678,2018-02-03
13a45e2e8407ebdf8c1e8fb6e1dba4fd,138e895b5a9a4a40831d95856126c3ea,delivered,2018-07-23 11:24:44,2018-07-23 14:31:38,2018-07-24 10:14:00,2018-07-26 00:04:47,2018-07-31,32d9b2ee331979f5f37273cb9353e28e,2018-07-23
0e1501cd30758f584d1fa67cc6f9493a,63162a081407c40769b8b941dbbc7275,delivered,2018-07-02 16:16:03,2018-07-05 16:25:45,2018-07-03 14:36:00,2018-07-04 23:03:36,2018-07-17,52a7ee2fff9bca157d19972ad5825ed2,2018-07-02
edecb0568b1317aa28a800d5fed23758,1fb495930adb9f2a8dc5b88a0f925717,delivered,2017-04-26 13:55:24,2017-04-28 11:41:29,2017-05-02 13:15:08,2017-05-12 13:44:28,2017-05-17,1624d1ba2b7d696d0a532aa17f110747,2017-04-26
21cb4961399b846b168d0358100f473b,7b748f0922eb2c10ee0f9f637e7125f6,delivered,2018-01-25 14:51:08,2018-01-25 15:20:03,2018-02-02 02:57:53,2018-02-21 12:49:15,2018-03-05,6bd8ae714c8c78bf05a9babee803ad96,2018-01-25
8bbab789f26e4e4c95c0a795b568d688,b6669290bd61a70fc0466a1a6760f1e7,delivered,2017-07-12 12:45:56,2017-07-13 12:55:08,2017-07-13 21:22:13,2017-07-19 16:56:51,2017-08-07,d3b58201f98fc3d4478e1a8073c74a32,2017-07-12
859fe3a0d22aa42768493bb4a9572ad6,fd8bcdf40e6bdf5dbdd6f64c9a9c5809,delivered,2018-04-02 14:59:56,2018-04-04 03:10:19,2018-04-04 20:37:18,2018-04-17 18:24:29,2018-04-18,798afbdbe12210fa20ba21690359825d,2018-04-02
e3ffc18630aca4eb79dc587b127e2814,5cb73fa93068a8f68e002d5403339812,delivered,2018-02-03 00:55:53,2018-02-03 01:10:43,2018-02-06 01:34:25,2018-02-16 17:25:12,2018-03-07,801512ead4c9cbc98ecd208f45c975ec,2018-02-03
1cdf08cbcdf54f3af0334e791934b089,f05c8666e4e9bb959c62b9e5ae230820,delivered,2018-01-26 13:59:49,2018-01-26 14:22:13,2018-01-29 18:51:12,2018-01-31 23:36:40,2018-02-09,df3d7be1bd46a9f42c5b80718ece5d2c,2018-01-26
20914c76989e5eac4e2675de44f7275a,6f674b7499f63f1fccdb6a1e75bd3de1,delivered,2018-08-20 18:57:30,2018-08-22 03:35:09,2018-08-22 15:57:00,2018-08-27 15:29:06,2018-09-10,89f5cc69eed40bff0b1fe35ad25d81ac,2018-08-20
1e6eb05de9f71dd42f9ef81813dce355,2254b43cd84d5a90ed4da40ec794f853,delivered,2017-04-06 08:19:38,2017-04-06 10:02:35,2017-04-07 10:09:05,2017-04-18 13:04:35,2017-05-08,58ff548408065c3f0a37e7aaa22d8b3d,2017-04-06
cb79ab95a39d889d936069cbbd1325a0,2fac6c3ab1497f0c68cc020e97fe30f8,delivered,2017-12-20 22:18:07,2017-12-20 22:29:55,2017-12-22 14:10:44,2017-12-23 16:47:14,2018-01-09,389651ac374a44f2b78eae6966c98c05,2017-12-20
50c40cfcbb6ce3fca8d6f93698f41927,f27c88ecfbccedc0127c008cf5b2da0f,delivered,2018-06-09 09:30:43,2018-06-09 09:52:04,2018-06-14 12:42:00,2018-06-18 23:41:43,2018-07-04,76be245548e95dc01f2c019f1d71ff8e,2018-06-09
a6c872862f17570fa0c8d8d39bdd2473,f872c372ede6306069cd060660656e8f,delivered,2017-05-24 14:58:20,2017-05-24 15:10:17,2017-05-25 16:09:30,2017-06-06 13:57:28,2017-06-20,ce3a0f7f48b1cfa4fd6ec5df1aaa535f,2017-05-24
216a75ff9c1bc04da48bb6fd0fe19076,5020b732c1ce7e6064dcc5987b1035e8,delivered,2018-04-04 06:05:53,2018-04-04 06:15:16,2018-04-04 17:56:37,2018-04-10 17:05:33,2018-04-20,6581711a5d8c5e11f5a407631070e018,2018-04-04
69ecf8a73bd1de33c57b060448315a92,8515f6af4fd0d5f127ea032b8cd37a73,delivered,2018-01-08 18:03:33,2018-01-09 07:17:47,2018-01-15 16:42:58,2018-01-16 19:42:01,2018-01-24,acc76f10b4920de6ce1a136ee88c417e,2018-01-08
a20d81c1358e489ce9123db03486eeb7,835f8192fdb741a6c0653eb73471852b,delivered,2017-06-19 17:53:50,2017-06-19 18:05:28,2017-06-20 10:41:43,2017-06-26 16:23:36,2017-07-13,fa89eff74643081defc5cf7acc56f6d3,2017-06-19
7bbf1280be83a8ea2790e7b3a5aab7e6,f2391b928c8cc72908beaefec0015001,delivered,2017-09-18 08:39:38,2017-09-19 03:34:13,2017-09-20 18:06:59,2017-09-27 18:29:42,2017-10-09,724aaf533bdf2491d6bf2079363c0785,2017-09-18
e72a36376762439e06ca2defff6e1844,5e292fe8933613069fed209378379f90,delivered,2018-02-06 20:42:48,2018-02-06 20:56:18,2018-02-07 19:47:20,2018-02-22 20:47:38,2018-03-06,6d5f43077d9ddc39250b867d4ccdc2eb,2018-02-06
2b055d9b9e125fee47b538a412b37c0a,516c25cb01081029aab6683daaa320b1,delivered,2018-04-03 12:47:06,2018-04-03 13:10:24,2018-04-04 19:05:36,2018-04-25 02:25:24,2018-04-26,9c5c95e30e187cec9e00e254c1759d8c,2018-04-03
fcb63e17705ee5985c6f40ac3ee72296,803e74003b254a249b19a94758826070,delivered,2017-09-12 00:12:36,2017-09-12 00:23:57,2017-09-12 19:42:43,2017-09-19 14:48:14,2017-09-29,1ed8e966f81f1696c0ac0d7be843db8a,2017-09-12
ac5c875d7fbcc1765c32e13b8ee888cb,f4b269b03f1563e08df01c41abb6ca52,delivered,2018-08-26 12:28:39,2018-08-26 12:44:16,2018-08-27 13:37:00,2018-08-29 21:32:13,2018-09-12,3b5111374ff7e72e37bc2c9c6a78fb96,2018-08-26
d98078af880d3b6f9254693dade63983,d76dd851914eeae70178f37194d5cb66,delivered,2018-06-22 03:33:41,2018-06-23 10:35:11,2018-06-25 12:23:00,2018-06-28 13:38:47,2018-07-24,ccbb17c9b960524c0fce88347b6cf89c,2018-06-22
9e6356cd884202aa5e0d16e033c8c08a,046ba797126ef91632351367c0845f9a,delivered,2018-03-05 11:23:01,2018-03-06 03:49:05,2018-03-08 21:50:45,2018-03-27 13:16:38,2018-04-02,afb52dda5fa21ced63c86f5f05ffb3f5,2018-03-05
88889b5ed13afaedce4894ebf3cb6f46,16c28846f3848f93920879c1c6e0e4f3,delivered,2018-03-15 20:52:37,2018-03-15 21:08:47,2018-03-22 18:55:41,2018-04-16 21:34:51,2018-04-18,dc4648ca41464691fa5c665fd0e3d93b,2018-03-15
c1953a3b2e06406891e77c095a39714a,5954d708e6d4a5dc72b497abce05ba85,delivered,2017-06-19 14:22:35,2017-06-19 14:35:31,2017-06-20 14:07:33,2017-06-26 17:13:36,2017-07-07,f99c902d613a312b4d3764a691caacd6,2017-06-19
5b95bd0807c4d1bdc5db12fe3373ba8e,dcee38991b34de77556c9800d8de3d55,delivered,2018-07-09 10:36:25,2018-07-10 09:05:25,2018-07-11 14:48:00,2018-07-20 17:58:46,2018-07-27,8a8aa3de098cdfe04dafc3086a88caa0,2018-07-09
8cf9ba649b9084cf9c9fe4031a1850ef,0ec522c4497afe657106a823242c5f16,delivered,2017-10-10 16:30:04,2017-10-10 16:49:25,2017-10-14 15:38:49,2017-10-21 11:45:26,2017-11-03,ed96c39e0968372baa4b1b00ff169dd0,2017-10-10
56c9b97f31031c70ffb000219dc6f403,1f29853d60df493b26e7ba886879afd3,delivered,2017-11-06 17:59:31,2017-11-07 03:31:04,2017-11-08 13:48:46,2017-11-20 20:44:46,2017-11-29,7f0d5c5f31339b90635c9bf99651dfa0,2017-11-06
9067ce8fd351c50adbb59319b9ef50d8,9ac8f265f3c2e85f2972c02231a35bf0,delivered,2018-02-05 09:03:39,2018-02-05 09:15:30,2018-02-07 00:54:53,2018-02-14 19:42:15,2018-03-01,0b231964bc577713005490f0505db5f1,2018-02-05
bb3164e0236b64b580d475215f1004d2,38d161baf388ee7ea0a737483359f8b8,delivered,2018-06-19 15:12:47,2018-06-19 15:37:45,2018-06-19 13:58:00,2018-06-22 21:56:47,2018-07-11,08ebec5a1837c806bebe29c16c9736ca,2018-06-19
4169c051a7504b1c9cba59f48afaac3b,d41debf49d2fa37452a19e1aa1358005,delivered,2017-05-21 08:01:38,2017-05-22 08:02:56,2017-05-23 15:53:42,2017-05-31 10:45:46,2017-06-14,ba5168cb15761c0fe5e2b30062b1db0b,2017-05-21
3eedc4839b9894c9cf39f1893b3169e9,53970e844c3e666d2eb588000127a4fd,delivered,2017-05-25 11:22:02,2017-05-25 11:30:08,2017-05-30 10:32:24,2017-06-05 13:56:10,2017-06-14,ab7a1449e25aafb9147d9d3adf39821f,2017-05-25
af4d4887dd4c4a74268ba4a72e49669d,cb862dd254966bebe1b6c9489f09add7,delivered,2017-10-29 19:51:21,2017-10-30 21:31:36,2017-10-31 16:51:35,2017-11-09 00:22:49,2017-11-24,f0b2ccb190c4f860bd36dc758377d2ab,2017-10-29
2f7999e73c5e27ffcb9ba5621b9884d0,9d16277a64e8e80e96ef2b7037d9364b,delivered,2018-01-08 09:19:11,2018-01-08 09:31:59,2018-01-10 18:37:59,2018-01-18 20:34:01,2018-02-06,124dbd5380c65d0547ed1d24dcd01b6d,2018-01-08
b632c3e0b709b4bee21b37f79caa57c1,6abc04e25f0ff0d1075639c029a32ee8,delivered,2018-02-02 20:00:09,2018-02-06 03:50:39,2018-02-09 23:06:50,2018-02-22 17:47:43,2018-03-05,141f03f949ccbbaab16374ac9fdc2ab0,2018-02-02
efa2e42246bfe580af1b33ae96edc78b,3b6dc76e9598654bd9fc7a898ed4813c,delivered,2018-08-06 12:42:34,2018-08-06 12:50:27,2018-08-06 14:06:00,2018-08-08 20:40:31,2018-08-09,82586394e0357210f5182218326d9110,2018-08-06
3b36585ddf3b6ed361da77583c542a6c,b1a839fed20b112e2d3be04599d82e72,delivered,2017-05-12 13:08:11,2017-05-12 13:15:27,2017-05-15 15:02:46,2017-05-22 16:49:50,2017-06-01,6091774cfc772284a5d198c9408510b1,2017-05-12
5b8b33803c5664fe93c1dcdb169de0ca,7a7c876da1cd77d1bc2db660bc78770a,delivered,2017-02-24 19:16:08,2017-02-24 19:30:10,2017-03-01 08:47:48,2017-03-11 05:53:41,2017-03-23,9de380b98eab26d0b6241492835809db,2017-02-24
bbabc62c81566b606962e10a6f96e9c0,2534e2124e770cb87fe5b07db2b63b3b,delivered,2018-04-06 00:36:05,2018-04-07 10:15:20,2018-04-10 18:22:41,2018-04-19 01:58:35,2018-05-03,c2216192a04342b27d7d02b579f099d5,2018-04-06
c22f6ba7f27b03c0882d2c2ce2a3f3a9,13025e42d36dc9e44705b7dfa73bf740,delivered,2018-07-25 13:26:05,2018-07-27 02:15:59,2018-07-27 13:55:00,2018-08-06 19:18:41,2018-08-24,495f52d7e8424e7846a614a0d1d19352,2018-07-25
3bece71a0ce79d5d8945d9d665e5164e,9692d638b1138bdf10953365282b594d,delivered,2018-02-17 22:45:48,2018-02-17 23:06:51,2018-02-19 17:33:16,2018-04-12 20:26:41,2018-03-19,1f94ca08f25a8a28bb3420b3470d966f,2018-02-17
31dd19623d916b1848334732b797d5f5,55e7cfd6e28d2fbfbf01477c1d6171e2,processing,2017-06-25 17:50:06,2017-06-26 17:55:27,,,2017-07-18,034917dc638e05834a69e3c5417fd57d,2017-06-25
f6bf3b24291e3adaf0840193cedbf844,6f299b8ed3366569b07fdff803f6f691,delivered,2018-04-17 16:36:25,2018-04-17 16:52:05,2018-04-18 23:04:22,2018-05-25 16:26:45,2018-05-18,8ab502d94ca877a0b923884b584bc314,2018-04-17
0b3580bfab9b4aa7c6b53769a4ee5189,569d0542c214c1f833112efb87157c01,delivered,2017-06-24 11:36:22,2017-06-27 04:15:23,2017-06-27 13:01:14,2017-07-04 18:27:37,2017-07-20,9b9f9eb886f72924c825f89b68266efc,2017-06-24
11bd5b514c1e1b6a737ed2fd95489424,0ec3d7fc969d0aa06a92af6c0689a73f,delivered,2018-04-18 13:30:46,2018-04-18 13:52:04,2018-04-19 17:46:32,2018-04-24 15:43:55,2018-05-14,39bc44c53ed67280f8c589499e002f3e,2018-04-18
2fe20445486504c74cc44e58bef7545d,8aa58844ce714e2af850271f40e49d13,delivered,2017-10-11 09:41:39,2017-10-11 09:56:24,2017-10-11 17:23:53,2017-10-18 19:43:29,2017-11-01,18ddfe51cccfb452a1bfa0b09a2a601d,2017-10-11
64600db8a4995fc16ae799da1eace4be,83e2900e30a1bd700bbe3bbe5a6ea6f4,delivered,2018-03-12 15:30:56,2018-03-12 15:47:04,2018-03-15 23:19:03,2018-04-25 20:12:35,2018-04-12,12d1227a90b0f3b1bc833348bf3e217c,2018-03-12
928e8e158d1096bf9bad69d9e927b6b0,925ddf3482c150d9e469c4b47d52e1c2,delivered,2018-05-22 20:21:55,2018-05-22 20:37:20,2018-05-28 13:19:00,2018-06-06 17:54:29,2018-06-14,10949d619a29c56e7e370997a2603555,2018-05-22
5e4c444119f9dde26396d882d2f351d5,346c9464516a104c5beac7ff17ff4a1c,delivered,2017-05-29 16:55:52,2017-05-29 17:05:22,2017-05-31 07:12:23,2017-06-07 11:54:16,2017-06-28,eb7ca6e58feb6dcdc25fa6250e34bb56,2017-05-29
7ecf895a86816395ae333859b2c7bd7c,bb381e008c8dcea806f899641e0cbabd,delivered,2018-07-17 10:58:54,2018-07-17 11:15:16,2018-07-18 09:58:00,2018-07-24 23:22:42,2018-08-03,55bf96d5371af4049b6b8b7d668b8e22,2018-07-17
44259226d73d340f929777553ecf199b,10101c15aec095b6078c8dd047739392,delivered,2018-03-30 13:36:43,2018-03-30 14:27:02,2018-04-02 19:21:05,2018-04-17 23:18:36,2018-04-25,38fbfbb8a36e56ac7f401e5fa76f6aac,2018-03-30
54cc33b4bf5fbb8a99d549b214e386af,0b92d94401ad36507d63ada4b10badc3,delivered,2018-02-15 15:24:08,2018-02-15 15:35:29,2018-02-17 00:08:26,2018-03-02 23:43:04,2018-03-07,69891f8e057781ffa216af51820ad1be,2018-02-15
1e33dae93b2e09f84f40c00cc0f0a1af,df4d5135b7dfb755421e5f6b2b998f7b,delivered,2018-05-05 18:30:17,2018-05-08 04:32:29,2018-05-10 09:55:00,2018-05-12 00:08:35,2018-05-17,92e229c6e7b3f125a64552d02efef30c,2018-05-05
f15fc36c72600b6599d1bd11b1721a6f,ee787857e17b8aea9244ac3e639c0465,delivered,2018-03-28 10:41:50,2018-03-28 10:50:22,2018-04-02 16:28:57,2018-04-07 11:55:42,2018-04-16,cf0da6434479440e750618627a39fca3,2018-03-28
d12750a4a29395c6d1cd3a83992f1e16,1c46b0aadd66e5872fdd69395c3ef376,delivered,2018-08-01 22:27:35,2018-08-03 02:45:09,2018-08-09 12:57:00,2018-08-16 19:11:58,2018-08-28,87edab45c7b7068800caa444e90bf164,2018-08-01
0fc43892a2c1a8aaa96eef7d27a85017,9eabda2b88a508c45b4eac6dce5a765e,delivered,2017-10-01 14:22:12,2017-10-01 14:35:11,2017-10-04 19:36:45,2017-10-11 23:06:21,2017-10-24,8d80b14eea83e2ce1ad8b7b47627a20e,2017-10-01
c30fd0cc92f2a45137dc1ae120da4666,0bad99a0dcb029ad7fd5130ab7461138,delivered,2017-10-03 22:41:26,2017-10-03 22:56:13,2017-10-09 16:37:14,2017-10-13 18:38:58,2017-10-20,ac5e46d1db5f0fa318760ab53ed8147d,2017-10-03
c67d722c949fca41de36455344293ed9,bdb13e7e5f15f5da6a671eb4c4a088f4,delivered,2017-10-25 22:23:14,2017-10-25 22:35:26,2017-10-26 20:14:03,2017-11-06 21:28:25,2017-11-24,63f1f29f65fdadb67c10e1e4e9ec0dec,2017-10-25
45623f1421557207f2d93ca576418a4e,a8372809f71a1f5a3f3f77964964a8cc,delivered,2018-05-14 08:17:01,2018-05-15 08:12:43,2018-05-15 11:12:00,2018-06-07 16:52:22,2018-06-07,e1e0cfbf6626352684efe58cbcce2bd2,2018-05-14
9636f1dc90e0234e96025c75e8d5920f,294576d8837569dba9ba20420d8070a4,delivered,2018-05-02 12:18:19,2018-05-02 12:33:40,2018-05-03 14:29:00,2018-05-10 00:03:32,2018-05-29,8a5e10134f4cc7cbd14ca4073bbd9780,2018-05-02
0e33201d95dd99ef2fc82d81732957b2,07b545f78bd2ddf9040417ad6eb72292,delivered,2018-07-23 10:58:50,2018-07-24 11:35:32,2018-07-25 15:41:00,2018-07-31 10:12:05,2018-08-06,db32b00345b0f0c1bd76707d82c44022,2018-07-23
3bd83574ec8929f033dc1e477c01e802,b009bf94e2d4da3b78ebd40d62fad36b,delivered,2018-01-07 23:57:49,2018-01-08 00:09:30,2018-01-11 01:06:06,2018-01-15 18:46:45,2018-02-06,6028c86d2020ce92bdc75b3c6ab04769,2018-01-07
777446e0a25e3916df8257965158c82b,f1dc2f2b83bb06c52561643c445ea69d,delivered,2018-06-21 09:01:37,2018-06-22 02:37:08,2018-06-22 13:07:00,2018-06-27 14:46:41,2018-07-13,d4c901e082d2ad0f25ed2b633b1b2322,2018-06-21
6d04d37febb3507a35abc6f37bf14d97,786f59bbbfed7665c5ce443f49b79fb0,delivered,2018-04-16 09:58:44,2018-04-16 10:10:53,2018-04-19 18:11:27,2018-04-26 17:19:13,2018-05-03,f11e8efa1972ccd3da94cc9ba36b88ae,2018-04-16
85ed4ea9966969e844099fe5304f586b,93f058f0d49ca625c78bca2afbe864cd,delivered,2017-08-03 08:21:01,2017-08-03 08:30:20,2017-08-03 16:46:42,2017-08-04 19:18:04,2017-08-16,4dfac444d58e54d85ab28e0a45a00494,2017-08-03
db021dc0eafd8de55256243118e4a046,4cd906a5d8555340aee749b3a3a3b5d5,delivered,2018-03-13 19:17:01,2018-03-14 10:07:56,2018-03-16 20:17:31,2018-03-20 18:31:47,2018-04-02,58790adb0ca943f930617048cc707ce3,2018-03-13
a54dca1918f3c9eaa16ac953a5d8c9ba,7d503fdcb60c50cbd8159964b13654c3,delivered,2018-03-15 10:36:18,2018-03-15 10:50:28,2018-03-16 22:36:23,2018-04-03 20:18:35,2018-04-03,689d5db2a334474069029dfe6c556e1f,2018-03-15
790d76ecee0d65041c076a17d0dfd11d,42908fc1c4277d15bfdd21890a9abe10,delivered,2017-08-07 11:51:29,2017-08-07 12:03:26,2017-08-10 20:58:52,2017-08-25 19:24:54,2017-09-11,a53507b8e7b1837bc746ffbfca94b26e,2017-08-07
1452442fe3e8cc6d3a1a8d8fc92dc019,8b9e671a305b19a4f7a11ce24badf10e,delivered,2018-04-19 00:41:11,2018-04-24 18:37:45,2018-04-23 23:17:36,2018-04-30 19:28:46,2018-05-14,96aba7659e376a8796bd19b79a1f3c46,2018-04-19
0ea5fe4904bdca87f8cc726a5bb5d768,495def51363e5cdb7f691fa2ef26ab9a,delivered,2018-08-04 22:05:53,2018-08-04 22:24:13,2018-08-06 14:07:00,2018-08-09 20:18:47,2018-08-15,4b95a53436c63633e197769acb5a18c9,2018-08-04
8dcaee0f4bbb1d46a5f71c8c575b90dd,0a48cecb7f6b0b7314b5dd2eea0367d8,delivered,2017-11-28 12:00:43,2017-11-29 02:20:23,2017-11-30 18:47:20,2017-12-02 13:49:29,2017-12-12,2825e09d18caaf979fc068920029467e,2017-11-28
2a62c32a647125666736d896497e32f1,5794d665b3fcd2de695dc52681b7161c,delivered,2017-11-11 15:39:41,2017-11-11 15:50:37,2017-11-13 19:17:47,2017-11-23 20:01:28,2017-12-06,d7d9e83592f15cd50071a2d23a646956,2017-11-11
104d1e3a6ba2bf9d8856a54af9c6c681,b4cabef1eab077e32afbd42629185a7d,delivered,2017-04-28 16:08:55,2017-04-28 16:22:48,2017-05-02 14:23:24,2017-05-09 18:10:09,2017-05-24,7353369394414932cae3f391ac3ffe2c,2017-04-28
9bb20141c47cf5f8919640d4c91f1b31,507ba08e52714e99aa837e44bc68dbf2,delivered,2017-09-08 09:35:39,2017-09-08 09:50:25,2017-09-11 16:16:30,2017-09-28 06:56:31,2017-10-09,77d202c519bfea42e484537e9af2e9de,2017-09-08
c9c5c51b2fd56209e65b99f320b18b3a,fae937d8ac931bb4c6616e05677b2d41,delivered,2018-01-17 20:48:04,2018-01-17 21:30:39,2018-01-18 21:58:59,2018-01-23 12:23:26,2018-02-01,494263a1b3647c57d8414039812ad9c0,2018-01-17
54d7ac7a8a4074afa251dda33e7dfa4f,7b8ca743b2b04c1df44904c65563d578,delivered,2018-01-22 18:31:51,2018-01-24 02:53:19,2018-01-25 21:09:32,2018-02-05 19:46:58,2018-03-01,df0d8456bb4285a538225e2d75a7c345,2018-01-22
0d217515e77987c3856fba474f3300fc,150a0b8d0063d9b1cfd4908ade28accf,delivered,2018-02-24 19:47:30,2018-02-24 19:55:45,2018-02-27 02:07:45,2018-03-23 14:48:23,2018-03-27,18b26701753a50a93909c3d0ea58c895,2018-02-24
6371383f8c6f8a72ff10050cf92adab6,41bed71284d7cc85ac0654ffaffdb186,delivered,2018-03-26 06:27:13,2018-03-26 06:47:48,2018-03-27 01:54:23,2018-04-03 22:48:35,2018-04-23,7c116ffe807ee0cb524bbe52cea68a60,2018-03-26
00bf1320ffb5fe47a845feca16c0e0b4,1a4dcc966b712214d7c0d25f13fa2deb,delivered,2017-09-26 12:58:43,2017-09-27 15:49:42,2017-10-17 21:52:13,2017-11-01 14:57:38,2017-10-24,585a7960832446ae265d9d254b542ed0,2017-09-26
c3cf7465747be7d711f6fd7f08a7ec65,28aa752efb79504ee5814c07f649b617,delivered,2018-01-18 12:55:44,2018-01-18 13:13:09,2018-01-19 22:04:13,2018-01-31 14:44:49,2018-02-02,9fd4d71a6385f6b36cce3e316a521fc2,2018-01-18
ab100844826f01cfa2544e2ea0b9ae4d,0d9ee625108522d1dccc18f89d57ade6,delivered,2017-12-05 03:44:02,2017-12-07 08:31:52,2017-12-08 00:13:14,2017-12-21 19:32:41,2018-01-08,ce8306009970275b42de3d5330dd8849,2017-12-05
79af690e1f308a4aa1052a6fc4fbc908,90e3a45b81c14374795f25a8fea67c8e,delivered,2018-06-14 18:06:22,2018-06-14 18:18:51,2018-06-15 15:03:00,2018-07-03 16:41:23,2018-07-19,f2981021fc462c200e6345130c216f1b,2018-06-14
6938607d864e891477d4b5d25ad507eb,7f13d5d564ad95b4a74ba05c15432481,delivered,2017-09-11 01:06:45,2017-09-11 01:23:59,2017-09-14 14:03:18,2017-09-18 23:43:28,2017-10-16,aeeb922d8373ded061e1cb706cb935a5,2017-09-11
d7741d0cf16b11975dbdfa4d7dec65c8,65fe86c5d3cc88c0aa04eea0fe5da3f9,delivered,2018-05-04 10:10:39,2018-05-05 12:13:14,2018-05-09 08:31:00,2018-05-21 14:08:49,2018-06-05,cdaebf2a1db4ffaac87771ec42c1ea64,2018-05-04
e1c82eeb4f8d5ace4c023bfb4c1d7ac9,a329ab5b0e822dc61d1a63ba750dda1a,delivered,2017-11-13 23:52:08,2017-11-14 00:10:37,2017-11-16 21:02:40,2017-11-22 15:50:04,2017-12-05,0bc412d736ce9085cebafd54f93625e4,2017-11-13
728e61b2b527529e10ce6ec9b04afaf8,56a50ea5aab26d0f35df63e8258ff4ee,delivered,2018-08-24 16:27:11,2018-08-25 02:35:24,2018-08-27 14:39:00,2018-08-28 19:06:40,2018-09-13,7f7023a69e886b0c3fa34ae637315994,2018-08-24
efe4d1d166a22177589c829e967607bc,366aca7911ab9972f9491b316f67183a,delivered,2017-11-19 11:42:54,2017-11-19 11:55:27,2017-11-21 17:38:03,2017-11-23 18:08:57,2017-12-07,4d12b3cc55610f15453c5094c8d05839,2017-11-19
fdfc39ba2a42ef960515eb82d4dd84e2,c4f3201c8753984f3b3b52ef4c6325a2,delivered,2017-09-12 19:28:31,2017-09-13 19:35:15,2017-09-15 17:57:43,2017-09-20 21:43:53,2017-10-05,fb5e89c121d9569d1a58e0afb54da971,2017-09-12
fcdc46a7ff9860879adcb5c85eefd7b3,4fec1b7b504742ac7810b60fad1af235,delivered,2018-03-07 13:13:12,2018-03-07 14:02:17,2018-03-09 00:10:48,2018-03-15 16:19:39,2018-03-28,e4ff80fbd521c6f58655bd10d205479f,2018-03-07
6ee0abe7b83e046f6ca20743a8c6e7c7,cd6b75f7bf6ec7f8435a42d97e8b240e,delivered,2018-08-06 00:58:48,2018-08-06 01:10:12,2018-08-07 07:33:00,2018-08-10 15:22:27,2018-08-15,a358f5086c8e4e3e935c9bbf8b6db573,2018-08-06
3aa38f8fbcbf77b040c2e68ef4458108,412542f62b35d2b8c287b31a335a5480,delivered,2018-03-27 14:29:36,2018-03-27 14:47:48,2018-03-29 12:32:09,2018-04-06 23:08:43,2018-04-20,510d35cbb6b922f0e08dc14b13ac6d31,2018-03-27
8c75817539308b6a536d4b8e59cc1e61,4acbfd869b07aaa9aa54f931a52d3f8e,delivered,2018-07-28 13:12:54,2018-07-28 13:44:38,2018-08-03 14:34:00,2018-08-09 16:33:43,2018-08-15,c419c57643dcfa71e227a804e2b758f7,2018-07-28
f50e2a8859929cca03fd4a458302ee5a,61b9550767e47b995d772f314d79dc48,delivered,2017-11-09 19:22:58,2017-11-09 19:35:27,2017-11-23 20:21:25,2017-12-05 02:04:40,2018-01-22,ac0240b9d7ab779d2fb3e0d72214e7c2,2017-11-09
df2daf96320942e1449ef115ee1b5624,5ed66a1a89c68472506fa6a66785463b,delivered,2018-08-12 15:22:47,2018-08-14 04:10:25,2018-08-21 08:29:00,2018-08-24 19:59:03,2018-08-31,7df568d4a7381521c38d7772789c84ff,2018-08-12
b2b4949fa00ed92fd42edc6d301163d9,539545039dc5f6f0c5443ed604715061,delivered,2017-07-16 05:09:55,2017-07-16 05:25:09,2017-07-17 16:52:25,2017-07-18 17:18:23,2017-07-28,083392a297a1f96c08af1cab009a9b7a,2017-07-16
57ed8be469a185c4797b2d3e82572315,2030f02a01c59aa9cb96db5a9944481f,delivered,2017-07-24 19:45:21,2017-07-24 19:55:20,2017-07-28 18:52:04,2017-08-05 12:07:41,2017-08-15,b73f13970b817dab11b4e4a43c2d94d3,2017-07-24
8530e2069f9db01013a5f935b785eee3,0b076ac974923c786bc7129abb43ee10,delivered,2017-09-06 13:59:32,2017-09-06 17:15:09,2017-09-14 21:52:55,2017-09-21 16:46:49,2017-09-28,406d771477be10699ab32e7383fc858f,2017-09-06
a12fbb9545baf2f0bb9c70de9f075aba,1e65961d04cfd45afd328fcca0e9b53d,delivered,2018-04-23 18:33:46,2018-04-25 03:51:31,2018-04-25 14:43:00,2018-05-03 22:06:45,2018-05-10,48a9ddc16a46684920534a8d2a9acad8,2018-04-23
c2ec803408a0dc72513227acaf96ab43,0e34185be0d8a6aa341e0c217960f002,delivered,2018-05-18 10:37:28,2018-05-18 13:31:21,2018-05-21 14:40:00,2018-06-04 17:26:42,2018-06-14,fbad365e8064c09c9d468f1242a692c9,2018-05-18
8a8bf3db20c35d3181fbe956269e0a26,e8db4f36f254e992ce9d5f106307583c,delivered,2018-04-09 10:38:28,2018-04-09 10:50:16,2018-04-10 17:11:23,2018-04-13 19:06:48,2018-05-02,0f31ef63a635cc86e73aadab88a1bda9,2018-04-09
333977327b5c548879a21a3b1fc87c48,a2ce3bbb37aad72f3635ecea09345970,delivered,2018-03-11 11:49:08,2018-03-11 12:30:52,2018-03-14 18:58:42,2018-04-13 20:09:21,2018-04-03,cf45ade7b43b8716acee5285bfc5e2d8,2018-03-11
a908872306574c9405b29a838aee5521,66248865be7641119877386694de1598,delivered,2018-07-24 17:04:52,2018-07-24 17:15:20,2018-07-25 11:02:00,2018-07-27 22:48:42,2018-08-09,2c9d53f20e3055c7729299150d40a5ec,2018-07-24
14129c568e62c007ad8d334de62aca31,0d0df1aeacd390324f3efb6b9518c12a,delivered,2017-11-14 01:49:03,2017-11-15 02:46:35,2017-11-17 20:18:40,2017-11-22 21:22:08,2017-12-12,dd246e640bf9e0d31ba62cf5cf2bd1bd,2017-11-14
2322d66af2e4fa6e3d854b5249ca9f6a,6acafcfbc31e026029594e7591798593,delivered,2017-09-03 18:10:05,2017-09-04 18:04:23,2017-09-06 17:55:00,2017-09-27 19:03:23,2017-09-29,1a1ef63703ffae2066391f77fd8f44ce,2017-09-03
b5ee3b06caf9f3c1c7ada2bdf482bb8b,4956e3154346abda5d7f2b155d2923b5,delivered,2018-07-21 14:42:33,2018-07-21 14:55:19,2018-07-24 14:10:00,2018-07-25 18:22:33,2018-08-15,3e9011895198c8bfa8b0782214bcf043,2018-07-21
ecf7b1bde783b7b3efeba24af4156fc9,7141a1789cfd3c693be52ad893f9d91c,delivered,2017-04-16 12:35:30,2017-04-16 13:05:23,2017-04-17 14:28:13,2017-04-27 09:18:06,2017-05-10,981d4f1ecbafaa0f28d47f584af7befb,2017-04-16
08ee9c1b1da47ffd2a7c7163aa134b16,b8be9aabc886bf52d9361784b379ea49,unavailable,2017-08-04 21:47:44,2017-08-04 22:04:51,,,2017-09-06,7649b15c0f9e10a06fd969de050553bf,2017-08-04
2e203d616e144d45fd13e47098343406,9b6baabf95777726177f7153139da548,delivered,2018-08-06 20:07:38,2018-08-06 20:15:24,2018-08-15 12:28:00,2018-08-21 21:41:43,2018-08-15,e527d87e5717a8e1432c67e902a56a9b,2018-08-06
75729cd39e546ea4083ab7f3859bb745,aa3e69930a8912ca423373a6b5ac4f56,delivered,2017-02-09 19:33:07,2017-02-09 19:43:13,2017-02-14 13:52:28,2017-02-20 23:57:30,2017-03-16,8c1f36ef68d459b06466c01063b7ec19,2017-02-09
03b8df6ce0954c5df5e83e0a6caaf5ee,fee0581b939c223a48b5ef0b612aaddc,delivered,2018-02-10 19:15:54,2018-02-10 19:28:11,2018-02-14 22:19:11,2018-03-01 21:18:40,2018-03-16,694cda6ce64d369de5e5d0dd6ef1050e,2018-02-10
7575d831a96234bf02a093daaf34e375,60718e1cbcc25b8c949213d955d1ab8c,delivered,2017-07-24 08:36:09,2017-07-25 03:35:25,2017-07-28 18:19:42,2017-08-07 19:37:38,2017-08-15,f9c599b8db1ae3ed3d8ef52469dd3790,2017-07-24
1e2335cf4dd533488459494190011751,5e24c55ef0779a3c578d272ff7c3d4fb,delivered,2018-02-19 16:42:29,2018-02-21 06:10:16,2018-02-22 16:25:21,2018-03-01 19:05:12,2018-03-21,226c621e6babfecac4e9e776382c77aa,2018-02-19
d18585adacf5dc420841dfb67243a224,cb51e319e8c3bcea224283ec1cbad11f,delivered,2018-08-24 12:41:33,2018-08-24 12:55:28,2018-08-27 18:19:00,2018-08-29 20:45:32,2018-08-30,35c62cb24d4c38a9d121fed1a43b2237,2018-08-24
d868cf92a5a1305fc7277c60062e81ac,5f767a0a4e820c2361c11dab364d3f98,delivered,2016-10-08 17:43:26,2016-10-13 21:09:06,2016-10-24 18:23:40,2016-10-26 12:58:25,2016-12-14,7a176e5d88c7acb6000a055e008c055d,2016-10-08
657938f6cc6b388ef70d756aeeda75a9,23a013f994d227fe094eb1d379891c58,delivered,2018-07-27 17:17:40,2018-07-27 17:30:38,2018-08-02 12:42:00,2018-08-06 18:11:40,2018-08-16,05d814587e80f2e2846c144d4fb511bc,2018-07-27
0a2f3c7b4abf07c314a043c7044b0522,d13bbecc49b17d5666a341f4151cc680,delivered,2018-05-16 13:57:17,2018-05-16 15:18:30,2018-05-17 12:40:00,2018-05-21 14:34:45,2018-06-04,2e0b805455260cd1f7de32b1b5235337,2018-05-16
691c30273e86d88ab9be2ac45e25d516,ae8652a7f987b32a0161f4c72b22ffbc,delivered,2018-08-08 10:47:10,2018-08-09 08:50:25,2018-08-09 15:08:00,2018-08-14 15:18:58,2018-08-20,47edf8b777008e963fe2b02194214abe,2018-08-08
b3c8c0dd2b042239054fd43c6f63c8ee,b67889fc950ae5502ab17242af1e4117,delivered,2017-02-01 15:30:26,2017-02-01 15:41:50,2017-02-02 16:16:09,2017-02-09 12:17:59,2017-03-06,b7f7d3c3d8429a0e60d004424ad985c6,2017-02-01
491d8dc8c735f10c304ddaff40e1b3dd,3aeff83006c8dff024a283840bbafbaf,delivered,2018-01-28 01:08:44,2018-01-30 03:47:17,2018-01-31 22:04:57,2018-02-05 14:52:58,2018-02-22,c7d4d1e6089d0e05a8d6482151780c91,2018-01-28
6682badeb849b39a76e35a275574fe12,7dfe1c4d95d34b7787c5df1b5d96abec,delivered,2018-08-01 09:04:15,2018-08-01 09:15:07,2018-08-02 08:13:00,2018-08-07 11:57:02,2018-08-10,2662dd48cf4cacf12d22bcddef936e28,2018-08-01
ef18166b5f1dfc60d75435c548674981,c0e2c21e84f18fe6c06cd6bf960cb016,delivered,2018-07-23 20:42:29,2018-07-24 10:31:03,2018-07-24 09:34:00,2018-08-03 19:03:55,2018-08-24,5bff7e6ba295452d98a709c9bef2bf45,2018-07-23
4cfb3d5969df460524508647d27aca46,263d510e1304ff310e0bcc2c8476ac67,delivered,2018-08-15 00:57:27,2018-08-16 03:15:22,2018-08-16 13:27:00,2018-08-28 18:30:30,2018-08-28,dbc6e5b729ff95cbdd6fa19897da002a,2018-08-15
10ae81c09f8af0de80d11ebb50e272ec,4498e0fa4951df931bc990d233493cf1,delivered,2018-04-08 23:05:31,2018-04-09 08:30:22,2018-04-10 17:03:09,2018-04-21 16:21:40,2018-05-02,f1ad6ed9c2b85ec8b9a8f9ad71d074c9,2018-04-08
0fa97c6a14424f633800d5cb622a6bb4,e00d37f1223d181e8f32f6f4f6f96c56,delivered,2018-04-28 13:10:03,2018-04-28 13:34:20,2018-05-02 10:20:00,2018-05-14 18:44:45,2018-05-25,be9598af30d41b2cf3cf9a24733bbc21,2018-04-28
cc46818e210f019a0a7c59b03fc43c8e,69a79fd7c17487aa334541535b78ce31,delivered,2018-06-13 17:18:14,2018-06-13 17:39:08,2018-06-14 13:28:00,2018-06-21 19:42:32,2018-07-11,680c14b53034e983c1e2dd6617bfeb42,2018-06-13
2aa60aae490332613940bcc5eea147c6,eac61be2383e572f69991d5cfa60a0cb,delivered,2018-08-07 14:10:01,2018-08-07 14:25:07,2018-08-08 18:48:00,2018-08-20 17:16:31,2018-08-13,7a9f8489e96f0c53f32c8bf362bf4ed2,2018-08-07
3fc374328e9777bea4d7b40cfa2d2760,1c7d4bf8876c3a085598d708c616563c,delivered,2018-01-16 22:31:01,2018-01-16 22:51:19,2018-01-18 23:59:03,2018-01-24 20:32:34,2018-02-07,a8397e4402779864503796dd87fdbedc,2018-01-16
9f7d811e4738ca24d33c0dc98d2cba67,57353df37982fb517dc5b6249de5cbb3,delivered,2018-08-12 19:14:57,2018-08-12 19:25:13,2018-08-13 15:24:00,2018-08-17 21:04:22,2018-09-06,5492ec0f39ac91306b5dc46fc99ddc95,2018-08-12
86ed2440255dfb35605f2d01dc0a545a,e3873c79ae4773d74c44609750deb7c7,delivered,2017-09-11 08:32:58,2017-09-11 08:45:18,2017-09-12 20:57:45,2017-09-18 19:56:21,2017-09-27,a1e50a2c8d3e3c992dea295251416443,2017-09-11
26343f9d74c00cf82b588331730367e9,0d47b685e9e483c338f38fac97429145,delivered,2017-08-23 18:46:17,2017-08-23 19:05:42,2017-08-24 13:22:53,2017-08-25 22:50:22,2017-09-05,0a98c14ccb634eeba0094e7b84233af2,2017-08-23
770ba60e0114ccb3038b59f95645817d,f0da3c0b52445dd72435116b4d55dd6f,delivered,2017-06-09 11:41:47,2017-06-09 12:04:01,2017-06-12 15:44:59,2017-06-16 09:00:33,2017-07-04,535b784d360e244b5c276263e78bb8f0,2017-06-09
310d1dbc8ae8050a39e80f2a8367047b,576f3b15da54ced001c74d89a328fdc2,delivered,2018-03-15 07:28:22,2018-03-16 04:15:11,2018-03-19 17:24:27,2018-03-26 15:31:19,2018-04-11,593ebdbcdd30e42e8079be38aad225a7,2018-03-15
313f25a83d55c705aebc12f1296f5059,e5d4897bd517dce6ebd8783fb43a2f53,delivered,2018-04-19 10:57:31,2018-04-19 16:58:36,2018-04-20 17:32:14,2018-05-16 23:39:45,2018-05-23,0a00766f8a586a704af2767dc685ecc1,2018-04-19
edd0bd859f89d144f0d026c2e732ccd5,c41355e54aad18c85073d0c77dbe29fc,delivered,2018-04-11 10:48:14,2018-04-11 11:10:39,2018-04-13 01:12:09,2018-04-25 22:03:23,2018-05-10,de53dac179f45d2126c3fe2430bc5d78,2018-04-11
94a4b177f8c0189f23514b5390fb396f,b8951e5d16903e6458ab37f71d9fba0e,delivered,2017-05-25 21:25:09,2017-05-25 21:35:17,2017-05-26 10:22:13,2017-06-01 16:53:54,2017-06-19,14ae47da8fab09fa6be6f22490f99e6b,2017-05-25
370d5b41dfcdc96d0edb780967153d4e,ed7e76c66f7fc999b2529782eaf34b02,delivered,2018-08-03 07:02:12,2018-08-04 04:10:38,2018-08-06 17:19:00,2018-08-15 17:58:35,2018-08-17,5adaea6b8fef96ea29207caf25e7d54c,2018-08-03
41d85a7a138b7205e32211537623eed3,3f9c9291f2f75b1d262b5125f316490f,delivered,2018-07-16 05:23:31,2018-07-16 21:31:32,2018-07-17 12:51:00,2018-07-23 19:54:51,2018-07-31,83427bc11e1e5fce6f827c2472fc8be9,2018-07-16
e889059fa947bfca9780a3d700b5108e,92667bca006a43aa65f487940238fefb,delivered,2017-10-27 13:49:56,2017-10-27 14:10:19,2017-10-27 20:17:21,2017-11-07 22:41:51,2017-11-16,8c21523424b836faed37fdd581809603,2017-10-27
1200ed0c118de7e4524b65918a42c990,f46837583188d7b1c0c09395eb4e0611,delivered,2018-07-17 20:23:46,2018-07-18 04:35:15,2018-07-18 13:43:00,2018-07-27 13:24:50,2018-08-03,6287d15cdf992224e7bb7010c69c4095,2018-07-17
e21fd08d7e36f975120cb6392ee71ad7,c45bf3cd714e56d9b6604c76ff05547a,delivered,2017-06-28 16:22:42,2017-06-29 16:30:23,2017-06-30 14:33:57,2017-07-11 13:04:53,2017-07-26,1dc7f464821ba2f35e66d7591703b51f,2017-06-28
82f8075cd1fb2c19c0913c34ccdc969f,61dd66dd9e57068ab1a9d2558f16b97a,delivered,2017-10-29 21:12:37,2017-10-29 21:25:49,2017-10-30 20:07:31,2017-11-03 18:31:37,2017-11-29,0ea3b4bf404344f6c41a4987b5241b19,2017-10-29
84a80b02b3af075990fc7d9d2369f066,f792e419335df11d82c32efcfb09c51b,delivered,2017-10-15 19:33:54,2017-10-18 08:35:17,2017-10-19 22:27:47,2017-11-03 11:08:03,2017-11-10,c04c085b8e7573ba87b9ae1968d0985e,2017-10-15
e102402236ce8457d678acd1d3370e64,72e3a759c87ce3752d2aa17d670696ea,delivered,2018-03-20 20:12:16,2018-03-20 20:29:07,2018-03-21 22:35:43,2018-03-26 20:40:03,2018-04-09,78c5bae602d6d120f6f4ed4acbd46284,2018-03-20
00b676b01c289cc661c6f7732492771a,ca9a6ae226341827c9614ce7568db46c,delivered,2017-08-02 15:30:42,2017-08-02 15:45:15,2017-08-08 15:37:43,2017-08-15 11:22:26,2017-08-24,15b521471c36ed411359347ff8257b79,2017-08-02
a15e73bbba8b02796a4e55ac24ed1763,890aeee0bcc4d977182d5ef06037631e,delivered,2018-05-06 22:37:01,2018-05-08 19:35:08,2018-05-10 18:29:00,2018-05-16 15:26:56,2018-05-28,2d837b788425035e699238cfebff0166,2018-05-06
b3972553659428ed5bedf02023057ada,3e28146b1969573495023a593a711bb1,delivered,2018-02-27 14:40:30,2018-02-28 13:40:22,2018-03-02 21:35:55,2018-03-22 22:12:27,2018-03-28,d2cdb8f3d24588695c42cebd6184bae0,2018-02-27
10498ac6120c866ce631762f4e5dc422,6656ef7022a50363c7be5fbf52d90e80,delivered,2018-05-15 20:45:24,2018-05-15 20:56:29,2018-05-22 13:28:00,2018-06-12 17:40:58,2018-05-30,7cd61d55fc651e01590f0bf07ec044b6,2018-05-15
9eba5a32e40d897f480d2404946b99e1,dc076f27547879d56468224b3055c89c,delivered,2018-01-11 18:22:07,2018-01-11 18:29:31,2018-01-13 02:45:08,2018-01-17 16:38:52,2018-02-08,66328241b648a8f9149aabd6e2f416aa,2018-01-11
11a9088002b4fdb9c21827b2b585dcf7,f79c9ce96b5c0d7c708917616a0ba2fe,delivered,2018-05-15 09:10:10,2018-05-15 09:33:18,2018-05-15 13:52:00,2018-05-18 19:55:32,2018-06-13,f33407700cab2fab56dbf90a859ca270,2018-05-15
4526b32a6f35ff4b865facdf3ec8e567,34f4621d799ac14523b39ac5ae2eaadf,delivered,2017-04-13 14:21:04,2017-04-13 14:35:14,2017-04-17 10:44:16,2017-04-19 07:48:01,2017-05-05,8efd78aad97cba7bda11608694d3199b,2017-04-13
66797603772acb9fffb18082921fd797,8a52b433e49050cd4ec16ab27b93de9b,delivered,2017-05-10 09:42:14,2017-05-10 09:55:17,2017-05-16 16:46:17,2017-05-22 15:36:05,2017-05-30,e51394168cff8655be98c5fc47d9ebf0,2017-05-10
fe47441c9ed531822f6d059dad50ae94,7536bbb4c2f84cc53bb71c0b3b239ce5,delivered,2017-06-29 17:42:42,2017-07-01 05:05:20,2017-07-03 11:03:50,2017-07-06 16:33:36,2017-07-28,48fc8dae161bfe38214c5e0ff77dfeb7,2017-06-29
b055582858f3b6c37cb849a1234da73d,d10a74a9c88b7a38b6c61c09e2f63415,delivered,2018-03-15 17:34:36,2018-03-15 17:55:43,2018-03-22 00:18:26,2018-03-22 16:52:38,2018-03-27,5d76af7047f41670ff622957a7c4c908,2018-03-15
1e2eefb7d4535b86f105f75ea6125a47,2c0a50f85601b8f4dc450e4d824ab203,delivered,2017-12-29 19:20:15,2017-12-29 19:32:23,2018-01-05 11:54:00,2018-01-20 15:59:29,2018-02-05,6d149b1a1273e3be961f6579f979d91e,2017-12-29
530f0b502a10113c941020e18644ba91,d4dac9692656542fc150ae64b184ab1f,delivered,2018-03-15 21:26:43,2018-03-15 21:48:43,2018-03-16 22:36:31,2018-03-20 05:14:35,2018-04-03,4ccc985dd4341106e843e6959f57a170,2018-03-15
083a4afaefd6690e5cf5918275c4e413,e0ee6f058f6afeb08927a7eb2d1aaf40,delivered,2017-09-13 05:53:17,2017-09-13 06:10:10,2017-09-14 22:26:30,2017-10-07 16:38:04,2017-10-02,2c442bb928496c5188ae2b0fc9219535,2017-09-13
ab4d0987c77bb6437a463c0b0af774e9,77e64fdfe65c71161a5e726dc9e4eb73,delivered,2018-05-14 16:12:45,2018-05-14 16:36:58,2018-05-16 12:23:00,2018-06-06 20:58:45,2018-06-12,a9e15fa88ea3281c6a02637482d74f42,2018-05-14
6d968ecddfdc64031edb07f29ab012b7,1a36991949c23681997e1f6fd0cb8726,delivered,2017-05-29 22:07:26,2017-05-29 22:22:32,2017-05-31 11:21:07,2017-06-06 16:17:03,2017-06-28,9e31f0f56e6455193f7c8f97285a4959,2017-05-29
ee0305b16d7043689de7f3b4dd342093,ba43287dfe6db92bb0d2619bdffa26ef,delivered,2018-02-02 08:23:42,2018-02-02 08:35:29,2018-02-05 10:37:36,2018-02-06 15:56:58,2018-02-20,24c7fc87258d707acf61ebd8c1884cf7,2018-02-02
7c1c5e8663c5ad8301107e55917a3c5b,39a39e48377dcabb11e2915a225e13d0,delivered,2018-04-23 13:44:11,2018-04-24 18:16:29,2018-04-26 10:01:00,2018-04-30 21:18:36,2018-05-11,57d8d4a30e598b194b48768f00868768,2018-04-23
11658ef3bdfaf6a5d20927c19404c1d7,64db2343d52d9c28c5b8a94d08352a3a,delivered,2018-06-25 16:50:08,2018-06-25 17:19:01,2018-06-26 15:19:00,2018-06-27 11:28:31,2018-07-11,25d558c329b841732700cb45b86260cf,2018-06-25
17784b9fbb37fb0bdc230d8ed6f6b355,023cf83ac35d703a6f3c1b31bcf844d5,delivered,2018-03-08 19:06:08,2018-03-09 19:08:21,2018-03-12 23:27:21,2018-03-23 15:08:41,2018-04-04,5a494c648fde2d1ec4eb614274ea7159,2018-03-08
278ffae8d541775ba53338a54ee391a3,74a975276d0c266162d2ee51a6fccea9,delivered,2017-10-03 14:29:58,2017-10-03 14:49:17,2017-10-04 19:59:41,2017-10-30 20:34:47,2017-11-07,c87e6bc73afbc7838281b585639835a9,2017-10-03
3dd1232f9ae258b596e0189d82e2a222,6be9823eb869ab196576be1fb27c9f82,delivered,2018-06-04 17:17:07,2018-06-04 17:32:50,2018-06-05 19:03:00,2018-06-06 15:04:50,2018-06-28,9c8ba9b3fd6634a636ba879d594bd2bc,2018-06-04
4c959cef952d956648c3e32fe04cba51,6ca0d9c6f1ae92749f2559e37bc1343c,delivered,2017-05-03 13:59:24,2017-05-03 14:10:19,2017-05-04 13:29:02,2017-05-08 11:52:06,2017-05-29,c382ddd6ae3bedcad8f6a0e9840fcd7b,2017-05-03
56e7dc50531017cea79acb3edf5a9173,11f312ef72bdca82219eca082d2cff92,delivered,2017-12-26 13:20:13,2017-12-27 04:10:41,2017-12-28 17:12:45,2018-01-05 18:22:18,2018-01-23,d24694c6a624cc659c7091930df961bd,2017-12-26
41af01777ef42cf0c9fd74b31dccb367,0472271024b60ed1f590ae051238741a,delivered,2017-02-16 11:53:48,2017-02-16 12:31:24,2017-02-17 14:28:14,2017-03-02 16:39:08,2017-03-20,37983ea49264e00421faeb401761a344,2017-02-16
0a8b7ed1fb705a8af99575dc742cd328,de10aea6bf74351ad7b1356c45fafb6a,delivered,2017-07-20 14:00:11,2017-07-20 14:10:19,2017-07-25 20:43:04,2017-07-28 21:04:28,2017-08-09,6f86966522c9cc665158102946d1e4ff,2017-07-20
3137ad5aa5e36a39d95147f1e5678290,aad1444f5011eff5c501ed9598fb5265,delivered,2017-04-18 14:26:21,2017-04-18 14:42:20,2017-04-19 11:05:22,2017-04-27 14:11:24,2017-05-10,4121eb09f98df2af459761e62a50b791,2017-04-18
60daa4a268abed33342c630084e5c132,1e567f9af3198d75fe6680035bb0620b,delivered,2018-04-18 21:50:31,2018-04-20 07:10:59,2018-04-20 18:32:54,2018-04-27 18:03:02,2018-05-23,49e3e9dc817816bd15d0039ec2cdc6a2,2018-04-18
f518949d44e76c5b33a8d2019191acae,da69c47603f71c5571d7499a72adbe1a,delivered,2017-07-02 19:39:13,2017-07-02 19:50:17,2017-07-03 13:19:31,2017-07-10 19:32:22,2017-07-25,3ea4185126195c34ed9949d8e406d570,2017-07-02
ff9286bbe2d5d57f1b1834d131befcca,2f0b84be27dafbb3ddcfd1ab226c51c8,delivered,2018-04-26 19:01:56,2018-04-27 03:30:53,2018-04-27 15:25:00,2018-05-03 23:12:46,2018-05-18,85536ae0d8a4ad5d72a1a08a08ed3029,2018-04-26
2aa84fed649f269430fbb4f261e77e7f,687c29e95e8d8c4b6109dabee2c6742e,delivered,2018-04-07 22:34:58,2018-04-07 22:50:15,2018-04-09 17:48:34,2018-04-24 00:34:43,2018-05-03,14e19d8424e16226f877f4c7734c4b93,2018-04-07
14f0a731b7bacd25973e4b5edc708af7,6cd3c69c45ad8a995e52d8bd6b945397,delivered,2017-03-31 16:40:57,2017-03-31 16:55:19,2017-04-03 09:37:08,2017-04-20 11:46:38,2017-05-02,a9763680d578583eda097dfa853c4671,2017-03-31
bffcc9542fded0634d8f15fed3c24b86,f544d0bb140c7e5fdd11cb593b6a000c,delivered,2018-02-04 14:51:57,2018-02-04 15:10:22,2018-02-07 23:37:07,2018-02-22 17:12:34,2018-03-08,33a9ccad3eb356f307fcba7093df3f52,2018-02-04
6f71a1eb4c4b6a4344b621027047019d,de0c8d1a8c0334c970833a27d1d960cb,delivered,2018-03-15 12:00:33,2018-03-15 12:15:38,2018-03-19 17:56:41,2018-03-28 20:27:38,2018-03-27,63ab884cbf15a16963dcbcaf07ca11ab,2018-03-15
e7d21c24070fcbf69b6bb15b10a8ba14,878fb7268261810f07f1f10e36624224,delivered,2018-07-31 13:03:44,2018-08-02 05:15:20,2018-08-07 13:48:00,2018-08-13 13:52:40,2018-08-27,cc7875dcfde496579ff7d10d2e2ea070,2018-07-31
1ae3abfcd12459a836834a171af03e2e,756a1d801af3396def85b8df54207f6b,delivered,2018-08-18 10:55:43,2018-08-20 14:36:12,2018-08-21 13:28:00,2018-08-28 18:24:34,2018-09-06,d6c7049c3cde2134a3ce30335b471872,2018-08-18
310a0d29a24aac9be0dfee5e0fa45204,fe3d5f55398a4f615e48725f02ffc5b1,delivered,2018-01-14 20:36:47,2018-01-14 20:49:15,2018-01-17 12:47:43,2018-03-01 20:38:46,2018-02-08,2708339a3f5355f56983737d54fbce59,2018-01-14
c59679b415e5432675f2d3e88febaa7f,d0bb01793503cda781a4a5fb7c8aeea8,delivered,2018-05-02 07:25:13,2018-05-02 08:09:15,2018-05-05 08:40:00,2018-05-11 02:14:42,2018-05-17,ba84d9ddfa8cf9af0738e3918c55fccf,2018-05-02
6c3416485c9a6bcd0118e636c4083591,70a9efc5396b189e1992166fbe612bde,delivered,2018-04-05 20:12:22,2018-04-06 22:49:06,2018-04-09 19:32:38,2018-04-11 13:10:35,2018-04-23,8e0d0019261180d267d0c3375b22d358,2018-04-05
e106b2aa22c79b74e63278606016c679,c4193b595961202b2590454d0517706b,delivered,2018-04-26 10:43:55,2018-04-26 16:10:54,2018-04-27 14:23:00,2018-05-03 21:05:46,2018-05-16,2da9cbc3b0cd4e56feb09c26771960c8,2018-04-26
e12b22c34034589b6eb958933031f6df,c8b62abdf38861f109dc76c431ae2267,delivered,2017-11-24 00:14:38,2017-11-24 00:49:58,2017-11-24 19:51:19,2017-12-02 15:48:26,2017-12-15,122b3df02e67e3477a9e721c6abfd4d6,2017-11-24
668d116236ca17dc621c9088d7acfbfc,086eb4bb06e44c9b9fdc153936780990,delivered,2018-06-13 19:09:16,2018-06-15 02:36:54,2018-06-15 13:29:00,2018-06-20 19:44:36,2018-07-04,5a9729bfe794537315229175cdabd9a6,2018-06-13
f3f436a397e0d4d39a607a4f7866668c,ce52946bd084285588a2d44aac2394ed,delivered,2018-02-12 18:03:06,2018-02-12 18:10:36,2018-02-14 16:38:36,2018-02-15 15:42:49,2018-03-01,9883ecea1721d68b895e7df1f4ae178c,2018-02-12
edb5ab08b946e1947a7cbb9f7752594c,e4c18b1d85bec5e416e41c1faabf9dcd,delivered,2017-10-03 14:10:36,2017-10-04 14:07:27,2017-10-04 21:34:12,2017-10-17 22:32:25,2017-10-20,414d7320466e29cb1ebbe193fae4724a,2017-10-03
3ff3e0241cd468153cd4ab4f3f20a04b,c7cc70a59fb54a90b89405c8e34f3a67,delivered,2017-12-30 12:50:05,2018-01-03 04:31:21,2018-01-04 21:09:43,2018-01-12 15:27:25,2018-01-18,6019a3ef0b1ab2d5e36ee4de2d269758,2017-12-30
8ebaf041cc8d84dc5436959bab95f2ce,f6add80f942705dcec015e794caa6216,delivered,2018-03-21 14:04:40,2018-03-21 15:16:10,2018-03-22 21:12:35,2018-03-26 16:11:26,2018-04-03,d54a4b272cabe50f0b721eb2f31211ec,2018-03-21
f29059714a02a0730711137a8a8448b9,aec1007daefc1ef2206c801c32baab18,delivered,2017-12-02 14:05:22,2017-12-02 14:17:23,2017-12-06 01:44:44,2017-12-13 23:19:09,2017-12-29,4ab2cf5330bcc77aff0b70436bf24e27,2017-12-02
097452f101cb19b0ccc80d3a980d9755,4a4468855065f3194a120ebbea06e6c0,delivered,2018-03-15 16:36:42,2018-03-15 16:50:38,2018-03-19 09:48:59,2018-03-27 21:41:14,2018-04-11,07ebbbf710aeb63207a80fdcdc6d233a,2018-03-15
961a93eba7486b47946616baaf442372,635907639653dd271a9d6df5bf5da1f2,delivered,2018-06-03 19:26:15,2018-06-03 19:35:12,2018-06-04 12:07:00,2018-06-11 18:55:49,2018-07-05,c8ce1d59b750fcf05f75188e8104e1f3,2018-06-03
08427834d148946950a3fe92a596e1e4,3e81e563f2a3acd04452464c14ca1082,delivered,2017-11-29 14:14:58,2017-11-29 14:33:43,2017-11-30 16:42:18,2017-12-11 23:14:23,2017-12-28,24768f84e031d70666b4e4dd7bf5f6f4,2017-11-29
b702c6524d4baf782b6ef517fbef082b,23079f31a6675ff1d6ff98333d5aecf2,delivered,2018-02-15 14:05:35,2018-02-15 18:30:34,2018-02-16 22:28:23,2018-02-21 17:42:17,2018-03-08,29fdf2980bca25dc6a3a3e0b0c2b2adb,2018-02-15
3f6670995954b34c0398e06391f7494d,c3ffeaa392284be251124a112629c41c,delivered,2018-04-28 12:48:18,2018-04-28 13:10:06,2018-05-03 11:34:00,2018-05-09 22:36:55,2018-06-01,2f99070486aafcc5dac7a979c1ed5f32,2018-04-28
388d1145ac72ea94751f572092f5287c,c7f397d8574d2a4a48fcaa7d6cd7a0a7,delivered,2018-02-13 10:06:18,2018-02-13 10:40:26,2018-02-16 01:55:02,2018-02-21 21:49:12,2018-02-26,e99bcd86a7d27f3c7eb57ca29ed9f831,2018-02-13
5751393707f2a02613754fb5d13c8925,d3316a2b117f62c240ea5a483864dac5,delivered,2017-05-17 22:26:06,2017-05-17 22:42:27,2017-05-18 15:57:44,2017-05-31 05:53:53,2017-06-19,f2cc117767b164a98884538669b7ecd0,2017-05-17
ef9e99b54f2c9f69f4182e2c5f913061,18028d2f006454a2d7d05fd3c6e56163,delivered,2017-08-10 08:45:05,2017-08-11 04:25:05,2017-08-11 18:58:47,2017-08-17 17:13:08,2017-08-30,25a1ad8a564d758f233c587cc657aa4b,2017-08-10
5e1d55263f67d8c2b166ec2f5cce1062,e6a3e58c3a82747a24626629fb9aabf8,delivered,2017-11-24 06:45:52,2017-11-26 06:54:33,2017-11-29 00:33:49,2017-12-05 21:34:11,2017-12-14,e65d410bc8bc98f63ba2b50296ad4c48,2017-11-24
a0136785ec3c056ae845b0a1fd1578fd,3df745ae77e3d641ef816851851c6f49,delivered,2017-06-12 07:38:17,2017-06-13 03:55:22,2017-06-16 07:21:57,2017-06-30 14:07:54,2017-07-05,320500a8d9ebdeaffbd45c15601f701e,2017-06-12
8b141e527f5e1f02caf783718ab2af37,f6ef93ec627c040d36e4e4e3b7ea9037,delivered,2017-12-18 12:33:29,2017-12-20 11:50:44,2017-12-20 21:18:15,2017-12-21 18:40:23,2018-01-05,6c904f057f4f437a0a8c7c98bd434b21,2017-12-18
b8cbd785d723a9bb46690512ee7b5440,3f107d24eaa727aacad371b02a0efdea,delivered,2018-04-25 15:25:21,2018-04-26 15:32:59,2018-04-30 10:42:00,2018-05-07 11:38:28,2018-05-11,98d5b884982bccf3780cee3b1dd250fe,2018-04-25
6efe4ff2544602e95707b5e756e74712,2c9bda7cfb72f6946d6ba588a60c4039,delivered,2018-04-16 20:40:44,2018-04-18 02:11:20,2018-04-18 22:28:35,2018-04-24 22:12:36,2018-05-09,4efe2ef7f94bc0bf7b7f6f39cc24c444,2018-04-16
ee5c259515ecb317e1e70dc9e84fdab4,a6f67d35320e71554f65e226ffa21ff3,delivered,2017-09-02 16:50:32,2017-09-05 04:30:13,2017-09-06 20:51:20,2017-09-12 19:22:25,2017-09-25,5153f64d5869cba5f29fee9d9c59da5b,2017-09-02
dc079c0bf55da9490de9675a9c407230,b792ed1781861557e76afc7d703807b6,delivered,2017-07-17 10:37:43,2017-07-17 10:50:20,2017-07-17 18:11:59,2017-07-20 15:51:18,2017-08-10,82d2f1f1ab137487fa52f3b9df784c5f,2017-07-17
9d861ac27142c9f86a4787f50247f486,dda506e73a7b3cad2ce4b09e0ffb5e68,delivered,2017-07-20 17:32:44,2017-07-20 17:45:18,2017-07-25 21:47:44,2017-08-14 13:13:36,2017-08-21,72ebfd1eb35e40c91c07a78a16e632f6,2017-07-20
691ae3791090baa73a918bece7c1d443,50f4ec7d46a714a53d430d880a9636f5,delivered,2017-08-01 13:13:42,2017-08-01 13:30:18,2017-08-02 18:03:30,2017-08-09 19:54:39,2017-09-04,57ba03e60a4ff6b32b2b63857670d8f6,2017-08-01
39dd2e6b9da61a6882d7cf708508c071,64c7ff0fa53d71749aa0b0db66deece9,delivered,2018-07-19 11:30:58,2018-07-19 11:45:16,2018-07-20 11:23:00,2018-07-24 00:45:40,2018-07-27,517da1af7abf22b5fde7d0f390606324,2018-07-19
3675f490195ac2070f7f45581da241c9,64e3c3576b1c76841c56d4fec94c5264,delivered,2017-11-22 16:45:16,2017-11-22 16:54:38,2017-11-23 13:14:34,2017-12-05 15:33:45,2017-12-12,289410555e77b17958f6c008359eb524,2017-11-22
c3988689891767f65a1177f804082558,2071060ac01b6750222586cfc5e73111,delivered,2018-06-20 11:18:38,2018-06-20 11:43:44,2018-06-20 13:29:00,2018-06-26 20:27:35,2018-07-16,f7c5756a1a6307abaf212591d0d037b0,2018-06-20
0c5f595f24dcb36af04ddd9c0655d4ab,37e6ea49e170e1146b094fffe5a66938,delivered,2017-08-31 07:59:28,2017-08-31 08:10:09,2017-08-31 19:37:46,2017-09-05 22:19:31,2017-09-26,d9d3946d80d034878bf1bbf62642ab99,2017-08-31
c229c6a2f0ecb33d8e2779ebddec3a1f,dbc047eaa85519da2bbb99843a45938d,shipped,2017-12-13 21:24:35,2017-12-15 21:31:18,2017-12-18 19:03:21,,2018-01-02,5a30802342302d5bcef2bade8d40d847,2017-12-13
464de32dc84484c1d26df3e8e38e708b,27129ce1ebca4ffa23a049c51cc8ec95,delivered,2017-01-05 15:25:04,2017-01-07 03:35:36,2017-01-11 15:59:08,2017-01-17 16:09:40,2017-02-13,12f5d6e1cbf93dafd9dcc19095df0b3d,2017-01-05
65dd890ad9d1c2c3552f35e9e0bd6092,0f626c360cd11bf6a7aab968ba6122c5,delivered,2018-08-11 08:04:22,2018-08-11 08:24:40,2018-08-13 16:09:00,2018-08-14 21:43:51,2018-08-17,19155174f7c66d50d2021547e0ce3f55,2018-08-11
e20a706ac55f135718368acf3c333dc4,a5d154657615af89c19f5d280eaef844,delivered,2018-08-05 22:22:38,2018-08-05 22:35:17,2018-08-07 13:07:00,2018-08-14 19:32:54,2018-08-28,9cd14738d67050a122e17596a97945a8,2018-08-05
57217ef77e862987dddfc41fb7c3eef5,4d18b4ea5024539652cb5b4919fa9f0b,delivered,2018-05-12 15:53:26,2018-05-12 16:11:34,2018-05-16 15:51:00,2018-05-23 18:45:28,2018-06-06,ee25589651507f90f480e17eb5c30081,2018-05-12
c58280939363439540f5e35a91a5e296,ed98488aa6e937952b6717bc933f0d70,delivered,2018-08-06 10:23:00,2018-08-06 10:35:11,2018-08-10 15:50:00,2018-08-16 18:32:02,2018-08-27,0f53f9de97fd752db6a2c74a3bac5cf7,2018-08-06
3ff04db80f0b2c359e8e47fdb913d826,8a861c441f42b3297875a0eb3bf98b5f,delivered,2017-01-27 13:37:09,2017-01-27 14:31:27,2017-01-27 15:20:47,2017-02-07 10:11:26,2017-03-08,a68366a33b3fb472b124bba255416bea,2017-01-27
4445dce651ca1507b70574af329d7405,929fd9448095bf482d53450ac67a7c86,delivered,2018-03-27 14:44:45,2018-03-27 15:07:58,2018-03-28 22:28:38,2018-04-17 17:08:55,2018-04-17,c515db5da03efc261bb0054e23af6c32,2018-03-27
48234093c963b181210813cda29c7e2e,51d7998eb869905c8e7d8224148f7994,delivered,2018-03-15 15:56:23,2018-03-15 16:11:07,2018-03-16 17:49:13,2018-03-28 19:14:46,2018-04-05,421e80704e92c703644bf3e71e54562c,2018-03-15
3aa52f9aeb048835809dc5310e883c6f,3ab0c6e6d82fe8be49235a826d38f9ca,delivered,2017-11-24 09:47:09,2017-11-24 13:13:22,2017-11-24 20:09:04,2017-12-14 05:04:50,2017-12-28,1a5c71d38387ef391b3e820217a94134,2017-11-24
09c530d73b3f36bbcd4d3b2268abfe12,790d601e60e27df9dcf5e5399cb821e4,delivered,2018-03-27 09:24:23,2018-03-27 09:35:17,2018-03-27 20:47:28,2018-04-04 18:20:29,2018-04-25,adfad9eabfa696c989f65d11cb7e341e,2018-03-27
5e4a2c2216db84074d84d5e2455aaefb,380cb69aad9e2d9ee9ad744afac47c66,delivered,2018-03-27 21:53:45,2018-03-27 22:07:52,2018-03-28 17:24:50,2018-04-04 12:43:41,2018-04-24,35b4d933c1a31b9200202f84b2895db9,2018-03-27
ec47f6d453c95a0bfc244df7bf0262b8,bc2c3f39dc37bab49bdb42ea49d0b538,delivered,2018-05-13 16:41:07,2018-05-15 04:12:20,2018-05-16 13:52:00,2018-06-05 12:58:19,2018-06-12,87c9e7ba960e4c2e6bd786b162adc639,2018-05-13
7f1159c14b23fc83c21b4c3af15c092a,7ae21bd509e4bd3d0a7a19bd53e4e943,delivered,2018-07-02 10:00:43,2018-07-02 10:11:21,2018-07-03 13:08:00,2018-07-13 14:08:24,2018-08-02,a2830bb14fd86f10e197892ee2e20fd0,2018-07-02
74b3a38f8170c2d92a0761c89a584a7a,beb4ab49ae293cb5491e8b197f1bd1e9,delivered,2017-12-23 18:46:49,2017-12-27 04:14:52,2017-12-27 18:28:46,2017-12-28 20:09:59,2018-01-18,e16c17b4f6833c2126de803d3f94bd87,2017-12-23
ccb305c5e4d5aba538319152fb92cd7f,b43190595a282dad80ccae2c10dd715a,delivered,2017-11-02 11:59:55,2017-11-04 05:45:53,2017-11-07 16:27:42,2017-11-16 14:51:43,2017-12-01,67eaf8d467b1997da697f2626bd9a179,2017-11-02
b65f0508b5b5fa22d363a4e5f2462553,17d6df4096a1c00747f9ce42da818f96,delivered,2017-11-07 19:16:30,2017-11-07 19:26:28,2017-11-08 18:42:36,2017-11-14 22:29:01,2017-11-27,8b4c199a342397dfa923eafbd568df83,2017-11-07
65e58aacdb27163c49aeb7382b07efb3,dc2195dabc9eae520ef884be35677475,delivered,2017-03-01 17:55:35,2017-03-02 03:41:45,2017-03-03 14:34:54,2017-03-07 18:44:01,2017-03-23,343dfe524acd884c4bd554eb6ec51d33,2017-03-01
067a8c6d7efd34e3595ef4bf1500c766,1cd3d15b7c69baa3eba6c7807213f1ef,delivered,2018-01-28 09:57:54,2018-01-28 10:10:33,2018-01-29 18:03:47,2018-02-05 13:58:51,2018-02-23,e3349609920dbb683a8a722145190510,2018-01-28
9c1ef8552f9a1af4860b014689f6be79,606ce29a35f60bf161e41d4ea848b9fd,delivered,2017-02-02 16:04:21,2017-02-03 03:45:42,2017-02-06 15:35:53,2017-02-08 14:08:01,2017-03-02,928ccb81b12b3653a85236ca8a5142b0,2017-02-02
56a879c57a3b6118c13d30799d1ae6a2,e91dcb655cec02c3277a5c66bac74e04,delivered,2018-04-19 23:00:36,2018-04-20 00:16:36,2018-04-20 18:53:29,2018-04-26 18:12:38,2018-05-22,33a8e758256b78d3cfffc86c2245c8e4,2018-04-19
c1a3c19dff6500babf78f097560b3107,1f0e5627ab7f200afcc77b408b918ad0,delivered,2018-06-19 14:47:41,2018-06-19 15:19:22,2018-06-28 14:15:00,2018-07-03 20:14:58,2018-07-23,cf9f044b6cf63c5894b9b5e8406fa559,2018-06-19
d9ef01ac2f68b2c46dd0440941e6e70c,ef777cf6e278821f71bb4e1287d09fb6,delivered,2017-07-12 21:19:09,2017-07-12 21:30:15,2017-07-13 18:08:46,2017-07-21 16:33:35,2017-08-03,40ddf614dae184e08461fb47f93fbf94,2017-07-12
e2996995ad3333a8bacc03c5a03e3a69,e456757cd043932cb378a9dcf6e139ce,delivered,2018-01-16 12:30:12,2018-01-16 12:37:43,2018-01-17 17:38:31,2018-01-26 20:03:05,2018-02-09,fefda03f820e8f674b2ab15796cf234f,2018-01-16
b3649df4cb5bcfe7327c331b443f2e59,85002c1462f6aa01a06906e74fce227c,delivered,2018-01-31 11:46:23,2018-01-31 13:54:59,2018-02-01 16:11:43,2018-02-03 09:49:23,2018-02-16,8b13c92943491ac4b89b01ff16ad6030,2018-01-31
10247742e08ee32225ec4da5725ead48,05748049eafd0da8f0a37ce5cda4dce2,delivered,2018-02-18 18:26:06,2018-02-18 19:30:31,2018-02-20 17:40:22,2018-03-05 22:37:00,2018-03-21,0adb59a4ec552b5ea48414b79861e292,2018-02-18
b39c24b97fedca1cb67932d9864957c6,89141b4c6cae95109f80cd2c209765a6,delivered,2018-06-18 13:48:28,2018-06-18 14:19:16,2018-06-18 12:53:00,2018-07-03 16:46:44,2018-07-12,285c746151f300d90a209767f238c30a,2018-06-18
033bfdc56fab7dbb0a16e655b64b620d,139b2fa5344522313ccd1b544ec70ec9,delivered,2017-11-24 10:28:25,2017-11-24 11:51:42,2017-11-30 18:11:34,2017-12-12 22:21:41,2017-12-21,61796b31dfee15e96fd3d082f3a7a117,2017-11-24
8e62a916598b1e9653b5c5b8ade92fed,aba3d57d2176fbbc5937098c6120e90c,delivered,2018-01-04 22:09:33,2018-01-06 02:08:55,2018-01-25 18:14:28,2018-02-26 21:27:11,2018-02-05,69574480ad966b4126095fefd1b28112,2018-01-04
012eab2625c5f8aaac6f37f2c19ef62f,6cd14b229f3969efc4e799d5a58af63c,delivered,2017-11-04 00:38:14,2017-11-04 00:50:19,2017-11-07 15:42:15,2017-11-14 17:14:33,2017-11-27,74d3316a8a3535f05feed75b4df15e7a,2017-11-04
05e8d222c5597784b04c804e183599c7,9ee50c5ffc022a4e663f5d4af3de3d75,delivered,2017-11-22 17:47:12,2017-11-22 18:06:45,2017-11-23 19:03:57,2017-12-07 19:51:40,2017-12-13,cf36fa9b6e276c0559a4e80cf5ab44eb,2017-11-22
01cc355e35cf24d314afe6de16c38712,f0d95b3d8428cd02d2074a86f06b9519,delivered,2018-03-26 18:47:24,2018-03-28 02:47:35,2018-03-28 21:11:14,2018-04-11 00:46:43,2018-04-16,c90ef56a367801d33803d0a704962863,2018-03-26
f4d86b9acca54b415270df8ea6e6945d,7c4e47338fa072729a94fc1b18e6531b,delivered,2018-08-01 18:06:51,2018-08-01 18:23:51,2018-08-06 12:24:00,2018-08-20 23:14:24,2018-08-27,503055e262756581eb9598f07466e485,2018-08-01
703038e5100dc9b85add366da67ad6c1,65ce638769e46f0ce2eb1e5c209a9386,delivered,2017-08-01 09:34:16,2017-08-01 09:45:27,2017-08-02 18:17:53,2017-08-15 18:25:55,2017-08-25,d672a4c6eb9c9797961eb8bd52c44c2a,2017-08-01
bb7817474bcd6bb7ddfeb4180a5a61d3,135a5956797e7322fb86fa4925b1463d,delivered,2018-02-21 21:01:47,2018-02-21 21:10:29,2018-02-24 17:51:54,2018-03-05 10:51:39,2018-03-16,83bbdfc5767b40bda08721ba85b619a8,2018-02-21
80f94a476554543da8d73964e2486102,901421ae0b470ecdd15c3bd4c880e8e9,delivered,2018-02-06 00:17:56,2018-02-06 00:30:41,2018-02-07 23:19:01,2018-02-26 16:10:25,2018-03-12,a348e4f347b902a8f6bad6a4d7eb4f22,2018-02-06
a2b641f30be1e5a530738ffe99633544,319b159b331531b985da20be3b4cb47e,delivered,2017-05-19 18:35:57,2017-05-23 03:25:29,2017-05-23 10:19:33,2017-05-31 09:44:04,2017-06-12,e30c407b2c1e3e730634996b3c0da9f5,2017-05-19
49c95c693647934576c041ce758a0310,34e9ab7101f384c10e91e5af8111bb3d,delivered,2017-08-17 16:09:34,2017-08-17 16:45:14,2017-08-18 15:25:45,2017-08-28 19:36:36,2017-09-06,7f180c4479908f77bfe1d331e065be8f,2017-08-17
f0913360b958b782d31d3d9f4a8c66f5,8be0a881460ad503bd088bdd789a98d2,delivered,2018-08-10 21:11:02,2018-08-10 21:25:16,2018-08-14 14:14:00,2018-08-23 19:42:52,2018-09-03,de42906592f23a0a400ae4dadde84321,2018-08-10
484ab8a13180429b94330c723289a4f2,8ebb42233d9090807b6879b1eb1631bc,delivered,2018-07-18 11:43:30,2018-07-19 11:42:55,2018-07-20 12:29:00,2018-07-21 16:38:39,2018-07-26,eca1c243fe7651c9ff6b4058ef0d8791,2018-07-18
d47275f7c8f1c128471944cf03903a2e,9161db87e1b6fc823b4ad4a93d01884c,delivered,2018-07-01 16:28:54,2018-07-01 16:49:49,2018-07-03 08:12:00,2018-07-04 01:32:52,2018-07-23,bfb7eaa2bfac09f0730a6ac50fc79241,2018-07-01
7556c85b16f3a5e87b5f96a42778b7a5,99c5debffbfedd7eff8c6a6999291633,delivered,2018-02-17 11:12:30,2018-02-17 11:26:54,2018-02-20 16:39:11,2018-03-05 22:33:24,2018-03-14,43398e92b8639533fc50b91643155d2c,2018-02-17
ae85b9887d49eb8e4e35cea1435a52d8,6efaf0b3597440cb86693d1fe9aad5fc,delivered,2018-03-18 19:20:24,2018-03-18 19:35:24,2018-03-24 00:50:49,2018-05-15 22:04:49,2018-04-18,ddb5ae1911306999e95e6af661b95113,2018-03-18
c7e9244a9fdf9ae33fd94f55e7e24741,c2b203e77ebb1bf1333bee2146999f3d,delivered,2018-08-24 09:18:20,2018-08-25 02:50:18,2018-08-27 14:55:00,2018-08-30 12:52:28,2018-09-13,6acd491e5e771e8ce1287196704579c1,2018-08-24
c67c325777b78917b4b2a84c917d3f0e,b0fc9d23c86149cfb86ee6fc64ab22cd,delivered,2018-04-06 13:16:51,2018-04-06 13:30:16,2018-04-11 01:02:14,2018-04-16 14:48:34,2018-04-30,4d5cbb095f36a674f6f4a852959ad11d,2018-04-06
567bc8dfa02c16b606eaae6cf970d50e,5508e014bc14eb57855dc36593ee73b2,delivered,2018-05-14 14:59:26,2018-05-14 15:17:51,2018-05-15 10:33:00,2018-05-16 22:55:52,2018-05-22,7127a33fe6f734131303de71ca391382,2018-05-14
5144dbb4f6ca252c6c13a14f26c3fbe6,8ffa1ee9742c30cdbf8c65e4242fd7ab,delivered,2017-09-12 22:04:48,2017-09-12 22:15:23,2017-09-13 18:17:58,2017-09-27 18:23:28,2017-10-03,8d1193724ee7bbbbcf7d31d1bd3f6722,2017-09-12
adc34e61cc1a93fc2c76f9193190249a,52eb67e00aafaf50dafcc51e1cef4c08,delivered,2018-07-08 13:31:54,2018-07-08 13:45:29,2018-07-10 06:58:00,2018-07-21 18:26:44,2018-07-25,0a5988eacdf718cc24745de634179a70,2018-07-08
38fc0077bb82a927b530aec218ce1ac4,eb99d5715f41ec3756870ff3a01c2959,delivered,2018-03-17 16:39:20,2018-03-17 16:50:42,2018-03-20 18:32:19,2018-03-22 21:08:39,2018-04-06,6b0a86b86704cf4bcb6520ebcbc15a98,2018-03-17
1a7eac11fedf646a6ee3c3136458da69,9aca0bfc952e0fadb24258a836aa6815,delivered,2017-05-07 11:35:07,2017-05-07 11:45:14,2017-05-09 10:12:22,2017-05-22 11:44:08,2017-06-06,c2f3033b20233a4c171eb491d844da82,2017-05-07
8a199f2aee407c4c7741874bb2394650,79cd1f04940ab24d2c19981dd840479a,delivered,2018-01-08 12:49:06,2018-01-08 12:59:27,2018-01-09 21:19:41,2018-01-30 22:48:15,2018-02-19,51b366f13a520cec29f53bdf21251ced,2018-01-08
ea9330e05ddad6813a35320d4d659368,35d033f9f67cb0d4e28e2bb6e971ce85,delivered,2017-03-09 15:40:06,2017-03-09 15:40:06,2017-03-10 15:31:38,2017-03-20 17:14:11,2017-03-30,79096a17020f8eb6b0e72b4aa232cde9,2017-03-09
73dfec91f44d4356d6abcf6cbbbcfe90,8c699d5d2606b7cbfe0e3a8bbf1a3fec,delivered,2017-11-21 22:55:37,2017-11-22 15:26:47,2017-11-25 11:03:35,2017-11-30 15:53:20,2017-12-13,c1cbf369357710c2d505dc826e12bfee,2017-11-21
6789a1de9a37be580653e51fc6458776,d76512c766b6191a31760b27a3a671fd,delivered,2017-01-20 14:43:44,2017-01-20 14:55:10,2017-01-23 11:19:06,2017-02-17 13:28:01,2017-03-02,b4739233753be99a2078cb6588e97c56,2017-01-20
b4c693a7307b4b641db8b474c9875dad,10328da232a833bbc058322c5f545310,delivered,2018-01-25 14:19:53,2018-01-25 14:31:45,2018-01-26 17:32:41,2018-02-02 02:38:31,2018-02-21,cb6c75ddd9a7ac37e415e30ab87607ba,2018-01-25
e27c7d40e51c72cdb3841c34f9f1f301,d7d4185b1a5691e966a78aeb26ec2558,delivered,2018-03-31 19:39:13,2018-03-31 19:50:15,2018-04-04 02:11:12,2018-05-17 20:34:30,2018-04-24,f0bb5dca1594ac2120ed48c032372a62,2018-03-31
92ea353b61f62c1121b70453598471ce,d02942920f4c35d7efd4a0c60c630a5d,delivered,2018-05-11 22:03:03,2018-05-11 22:17:07,2018-05-14 12:05:00,2018-05-16 21:04:25,2018-05-24,b058c65be656c07f9a3ccd1e067060e8,2018-05-11
7bbf4d89a154102fdd36ae71da6e0326,9eddcde2d8585df42f3ed59e4a86d0e3,delivered,2018-01-01 21:27:02,2018-01-02 13:31:26,2018-01-03 20:22:36,2018-01-10 17:51:53,2018-02-08,040bea16170a1f8773df847bdaf2d984,2018-01-01
a89773db642a632c5cf8534ce1a49b28,afae641675ee633694d73d9d46a529f9,delivered,2017-12-25 10:40:53,2017-12-27 04:07:46,2017-12-28 18:53:57,2017-12-29 20:18:54,2018-01-18,13613cae6e3bfea8327a916246c96cc9,2017-12-25
94cab359d45ddd582953e6e793a9724c,7f033cc612ecfffbe7c1ca5e4807a5cf,delivered,2018-08-03 11:26:48,2018-08-03 11:44:11,2018-08-03 14:49:00,2018-08-09 17:56:46,2018-08-16,be588cfeb615a7e34be21bcce06fec1b,2018-08-03
4a8c411435966af42c48f7de7714c2f6,b47466b05aaa9bacb7b8aa2302c2b525,delivered,2017-06-26 08:12:49,2017-06-26 10:33:15,2017-06-27 14:12:17,2017-06-29 16:41:55,2017-07-14,b2ecd194d32a51b5aefb538169362dbf,2017-06-26
bfdf4bee2bbeba55c7055d95d79f4304,f4d9f21684c6295872200e1548aa10f6,delivered,2017-08-15 15:40:43,2017-08-15 16:35:26,2017-08-16 14:04:55,2017-08-24 18:49:57,2017-09-06,f4aa4419f804bfee81c4bf8be17b8c33,2017-08-15
bb0c66e312ff8cb97698f012cd92553c,ed9f0ee66c055c608a8953f2def538f1,delivered,2017-11-19 17:05:09,2017-11-22 02:56:28,2017-11-23 17:52:51,2017-11-25 00:06:40,2017-12-06,5657f9f721c16800a66c21081d46b18d,2017-11-19
d7286844f1cfcbf3932adba03a2ab3e7,2635f04ed41ad1fe54ae175944cba50c,delivered,2018-02-06 09:07:46,2018-02-06 09:30:01,2018-02-06 18:55:02,2018-02-14 21:16:53,2018-03-05,66e9b394c7c7785a8bb6274c70b745a0,2018-02-06
54e6d56639c48dcd78037b9ad99178f8,949fe116e7f5d351f06328b4cf97910e,delivered,2018-04-14 17:40:48,2018-04-14 17:51:11,2018-04-17 22:37:48,2018-05-02 22:54:36,2018-05-03,8924aafb2583b16d7d96b190e303e756,2018-04-14
b7dc42271c71663ceed71350d60a5559,533a3d75aeb7abdd7d803dd264c9851e,delivered,2017-07-12 13:00:15,2017-07-12 13:15:25,2017-07-18 21:52:16,2017-07-26 01:06:29,2017-08-09,0af92d2ac166e21f4c91e660504a5d47,2017-07-12
d9cd31e853bff10e7c7827e48e26caa5,9a603a2b22060e5a6a1120fba32492e3,delivered,2018-04-04 12:17:04,2018-04-04 12:30:21,2018-04-04 22:07:29,2018-04-10 22:58:24,2018-05-09,2333828ee788c93301aba0c40bc79a39,2018-04-04
d5ca15179b0ee9c4d3720776ad896416,5e34ec818bbecc4dbcd66d703eda98ac,delivered,2018-07-20 17:08:16,2018-07-20 17:24:26,2018-07-23 15:06:00,2018-07-24 15:22:07,2018-07-31,4f13efad183849754d81498775a8718e,2018-07-20
a41bb2f937139613df86a333fdbaa7c9,0797401e5a8fdd8fdf77cbd79b612b50,delivered,2018-08-20 09:32:27,2018-08-20 14:51:49,2018-08-21 14:58:00,2018-08-23 22:03:51,2018-08-29,43df6d8e63d695d5887aa0478824a617,2018-08-20
f811bab9c2621b4c181ebc2cb4605614,421af3148f6becb0b5a67a98e68987b8,delivered,2018-03-08 11:19:29,2018-03-08 12:00:26,2018-03-09 00:11:26,2018-03-29 19:03:58,2018-04-11,aa5014f5a39d8869707206c78f15ba07,2018-03-08
98eba1be3e8237608c66b2e0473786ef,63f4b4ba723fdbc49b1906f8164e62be,delivered,2018-06-28 08:31:31,2018-06-28 08:51:00,2018-06-28 14:57:00,2018-07-03 16:42:07,2018-07-19,571a7cd567b546ab8cb4096afe2154e0,2018-06-28
596f9f1543a2c306f3aec8f22e806ff0,0cc0541e7a0d369f4c5c164695166802,delivered,2017-06-05 23:56:59,2017-06-06 01:05:34,2017-06-08 12:17:48,2017-06-09 13:25:53,2017-06-28,3ef33af26f37a0104f7e0e942c5188ac,2017-06-05
1a78996243d1d136ceede8be7f031356,b52a43b300826ccbf7b9c57f4c576357,delivered,2018-02-05 09:26:32,2018-02-05 09:49:31,2018-02-05 18:06:55,2018-02-15 17:58:49,2018-03-08,85b48f77fe458bbae9a3c79f6f32ed3a,2018-02-05
cb73ee65ccf0d207e4397612b10346dc,36a3394584b33ee1ba736b14a8a6c307,delivered,2018-05-08 11:21:47,2018-05-08 11:35:57,2018-05-10 13:09:00,2018-05-25 19:28:22,2018-06-05,5255f21b04601b69f1f975987a90fc1a,2018-05-08
a261a188f75232281791a47982df9bcb,c535c877737a8e3e05da44e817420a22,delivered,2017-08-02 18:22:22,2017-08-02 18:35:26,2017-08-03 19:22:06,2017-08-04 16:56:49,2017-08-15,4601ba6fe815045fe79891676bf069bc,2017-08-02
03170fde460344ffa21460ac08f2bbd3,5c61fae10b041abd70be0bf6fa174ae8,delivered,2018-02-18 14:25:22,2018-02-18 15:26:51,2018-02-28 23:28:43,2018-03-07 03:22:23,2018-03-19,dd4a643370a43a2a302f59176670113e,2018-02-18
da8bc2d014ed786a33f34355399d6735,a17e02e035f20f2bfe624c5e7282f494,delivered,2018-06-08 21:58:32,2018-06-08 22:18:43,2018-06-14 12:42:00,2018-06-18 15:36:46,2018-07-05,e5992b3996df9063cb5993150f5a0b9a,2018-06-08
fb963833d4480071a9bb9979022ea6ad,4b2742702e4dbb0a016f59ce18ae200d,delivered,2018-07-18 18:04:49,2018-07-18 18:23:00,2018-07-24 14:14:00,2018-07-25 11:47:27,2018-07-30,c5111f1d64136dbf162c6a263c83adea,2018-07-18
7ce9cf4a278e42edc813df45af48caf3,cecf2800e753cd1de4e002dd30874adb,delivered,2018-06-27 11:26:01,2018-06-27 11:35:17,2018-06-28 10:08:00,2018-07-03 22:03:18,2018-07-23,56607c74d0acbe3281e6230389879379,2018-06-27
9de125e032c8c74ccbcf9a5b7a3b4faa,839ccf3fef9a1808c0d3a5fbb5eac3ac,delivered,2018-01-30 14:57:32,2018-01-30 15:11:25,2018-02-06 23:36:32,2018-02-15 17:48:48,2018-03-09,662d88cbd178177a50141111d3a6932c,2018-01-30
31db9cf54c43e0190666ce0c1a3d0e9a,3cc48db026d3e3415d16d08ee5eadb0a,delivered,2017-02-15 23:49:37,2017-02-16 00:43:44,2017-02-16 09:39:27,2017-02-22 17:14:12,2017-03-16,c0fcb07a9959ae14f01bad208e445cc4,2017-02-15
d7cf4cfa459e1aa65b53967474c42a78,abff70935d715a6b06e672e0ec88c089,delivered,2018-03-03 11:50:02,2018-03-03 12:08:52,2018-03-05 21:56:34,2018-03-09 11:31:31,2018-04-03,0829075f356de2ee5e044249a6b146b7,2018-03-03
2108fe70e345b53ab2c93d76d7071265,6beaace76ade0b8630694d8c8ae72258,delivered,2017-09-01 15:22:38,2017-09-01 15:35:11,2017-09-04 21:11:58,2017-09-11 20:12:18,2017-09-26,42717020a4c8550613ad4cd0d41acf94,2017-09-01
513b9e2bda619338700b04bdfc97f0f4,d632b70a707a6d9e5ec9c17ce43818f4,delivered,2017-12-02 20:37:34,2017-12-02 20:56:09,2017-12-07 20:22:32,2017-12-19 00:55:02,2017-12-27,62e56e1303a37e1ec99b7b7330aaadba,2017-12-02
a1ab5e252318a46e01c2429f06ce0a41,8e15432cb70519851d493b9dce73707c,delivered,2017-06-23 06:43:59,2017-06-24 02:30:07,2017-06-26 15:41:40,2017-07-10 16:32:36,2017-07-26,c3cd83d323f6babbf0a03609bb7d54a3,2017-06-23
3a8d035c2ed963a9abdb531ed8a34086,a70d2aa8d067f4ec14c3cf080d6f820a,delivered,2017-07-15 10:57:57,2017-07-15 11:10:14,2017-07-19 22:12:55,2017-07-28 16:28:00,2017-08-28,ef5a31b0437ed886c3113e8af13bdc06,2017-07-15
5d98c74c9456e1af5dd506e16a9d5993,a83d4e5635b476c1191ec35b5fb941f0,delivered,2017-11-17 19:43:52,2017-11-22 03:06:56,2017-11-22 22:23:31,2017-12-02 18:22:09,2017-12-13,89ebb2b6c9f4025084ba5af116d2b5f2,2017-11-17
3f838331593040602cebc452fe2bdc8a,2fb9b13fc8a42cc45676f92144996ab3,delivered,2018-01-02 21:58:17,2018-01-02 22:09:27,2018-01-09 17:19:05,2018-01-21 13:40:51,2018-01-30,3f8554f744a8a476a4ebbafcb10c63b6,2018-01-02
01af7745a283aeb0f0754495c4b51ac7,200b152d4fcc6b4fba34c286b4c83a17,delivered,2018-02-28 13:28:49,2018-03-01 11:14:38,2018-03-02 22:07:22,2018-03-15 18:56:32,2018-03-21,436da367462528f45b3f6a919ae08b9b,2018-02-28
d638d378198797824d3f468baf192ea3,21971b011fe99f0cbb172f4e3fd11f89,delivered,2018-04-18 17:07:42,2018-04-18 17:34:04,2018-04-20 18:54:54,2018-05-10 19:04:02,2018-05-11,e917a8b251d536ef2c470de1cd6a0668,2018-04-18
e9d5fd7f8cef3acbe54ba2b771856038,018184ac5f52a821bb00f3ef21d75799,delivered,2017-04-15 17:31:55,2017-04-15 17:45:10,2017-04-17 15:08:38,2017-05-10 09:56:32,2017-05-22,54fc4ff419d5e05db5fe42906bc3da98,2017-04-15
08f5487befe25744feabb3203a4dc09b,a6472fafe286c66c40540fa2b3217657,delivered,2018-02-27 18:26:39,2018-03-01 02:49:00,2018-03-20 19:12:03,2018-04-04 18:08:56,2018-04-02,8dff9b4552dd014ec5d661e447fbfc4f,2018-02-27
dad86956863b4f2c6744baf0b3989a8a,026adcb56c849c792db0ca91cf43a236,delivered,2017-10-31 14:44:03,2017-11-01 13:35:22,2017-11-07 20:33:01,2017-11-09 20:23:04,2017-11-08,cf1a6c25251efa363ecba381487d054b,2017-10-31
ca88a60b7e43b5f33ce8ec9fdf8d217b,45045e29843eeef9cc45e414f88887c1,delivered,2018-04-23 22:45:21,2018-04-24 19:04:56,2018-04-24 23:44:47,2018-04-30 20:21:17,2018-05-08,b7239148185a6cf0c5c3fa474b49ba0c,2018-04-23
e07458f57b68cbe6f13c8b6161aa48ca,9cd36ef28e6e6a3d1e360cd8a7ac52ed,delivered,2018-06-28 23:17:06,2018-06-28 23:30:39,2018-07-04 09:13:00,2018-07-05 20:41:53,2018-07-16,fbd3085c1981e8f769497eda747964ca,2018-06-28
2784fdf3979afc4cd82afec122d81c9f,83e4b2a3f257cda1acfee52750c69f57,delivered,2018-03-07 18:17:36,2018-03-07 18:30:42,2018-03-08 23:14:25,2018-03-21 15:08:58,2018-04-02,423138e2a08390292fd05265ce91bdfd,2018-03-07
27d90e6110e8c6168bf04f4efc4b936e,bb91a87e6f70b1bc048ac871f664acec,delivered,2018-01-22 10:40:09,2018-01-22 14:16:51,2018-01-23 19:59:02,2018-02-28 19:07:37,2018-02-21,61ab48f850b699b36a2d6f41dd2baafd,2018-01-22
df47cbd869bf95a968334c26476c76d7,10e01081ecd4b1e6ba6aff5b9d81b715,delivered,2018-05-11 09:34:26,2018-05-11 09:48:30,2018-05-14 09:08:00,2018-05-17 15:11:43,2018-05-29,37f2527bb624e379f72a742154fdb762,2018-05-11
a596dd0667e64089cd1c927aca8a3bf7,04324b8c52e5b8d8f6f4d6d344597ca7,delivered,2017-10-25 07:04:12,2017-10-25 07:14:13,2017-10-26 20:47:55,2017-11-09 18:14:53,2017-11-16,8af6d576758090d95d37b25d8be251ce,2017-10-25
db2b52fdedf34f34c6569ed5cd692c81,529f243a6ea4d5957aec54e94b49d136,delivered,2018-05-17 18:38:54,2018-05-18 00:55:36,2018-05-18 14:35:00,2018-05-25 01:46:22,2018-06-06,251ba2e0913ff891b1783d27396d8636,2018-05-17
28e418b320f6b759b6aea79734f165e5,97697c5f77b484cb0cec9eaa81c679d5,delivered,2017-09-02 15:09:09,2017-09-02 15:24:04,2017-09-07 00:04:26,2017-09-19 19:16:57,2017-09-27,d3bf48abdd573e74110b3e79d7b07ed1,2017-09-02
92d14247bec036e6b052ba1331bd2add,e10c1bdd9c0adfab0a2f88a2780406a1,delivered,2018-04-11 23:22:53,2018-04-13 12:50:23,2018-04-17 01:05:06,2018-05-02 17:51:02,2018-05-04,9e4cffe6d5ed5cf8e03ceae1ff2c963e,2018-04-11
c82958fd016561c41f9d59212740ba47,895be6966a4c5d0d75b16e8c15f991a4,delivered,2017-10-19 20:47:24,2017-10-21 02:56:15,2017-10-23 19:13:24,2017-11-03 20:41:49,2017-11-10,4158bd0ed570a46ab9af7ed78905f0d2,2017-10-19
c588d6fe9640b6198171ed8c30981057,13baff7a51d9e50f8208790bbde38b89,delivered,2018-06-28 13:18:29,2018-06-28 13:31:33,2018-07-03 06:23:00,2018-07-09 14:16:58,2018-07-31,c49003818eeffa06a089d621c92f05c0,2018-06-28
e8373fd2805212d0bc74790901dc446c,a13a804ece7604ec035b47ee19e548e7,shipped,2018-03-10 01:16:15,2018-03-10 01:30:28,2018-03-13 11:26:47,,2018-04-12,4ee1f24f8c45a8548daab9d09d426a02,2018-03-10
bfede3e7101b91bd335e6cc5d153bf2c,704692ee897946827f620097cf141e09,delivered,2018-04-05 15:24:37,2018-04-05 15:35:27,2018-04-07 00:31:13,2018-04-16 23:31:07,2018-05-08,0e78a1b66adee5bb3a6f014714f79cf4,2018-04-05
4d81658706fc67d54b7160d156555cc1,673111533756b7bb9f2271d6cfcedf32,delivered,2018-06-06 13:04:40,2018-06-06 13:32:43,2018-06-07 14:18:00,2018-06-19 19:41:48,2018-07-20,28d2f55b52fd1e71cfd7a5896ec83e7f,2018-06-06
078012a290408a687e5802ac7ad6c0aa,69eefc7588679e6d4a880f2eb9866b5a,delivered,2017-05-17 15:44:53,2017-05-17 16:15:16,2017-05-22 12:18:56,2017-05-25 09:16:47,2017-06-08,7f3900c3b410283fecc31825f9c4e0b6,2017-05-17
d4868446e3093ed6d2174805c3e64938,af9a03e12c5a74ee2fa9d1a486e14d7e,delivered,2017-10-17 00:10:56,2017-10-17 00:26:06,2017-10-17 15:07:50,2017-10-24 23:56:07,2017-11-10,78a1b1184539060bdb9541c4e708c9ee,2017-10-17
7ead6c8726098bd70de2b16cac42df74,19d8d28432946239ce9f75e1990f7e58,delivered,2017-01-18 10:55:55,2017-01-19 02:11:04,2017-01-19 11:35:16,2017-02-09 07:14:02,2017-03-10,d6fdf70f71d5b82ae601638a446bd228,2017-01-18
aac88c8074f903c76fc8616b924ab3e4,2d7ec557413376c4c299fbe64f6868a4,delivered,2018-08-02 16:57:49,2018-08-02 17:10:15,2018-08-03 12:30:00,2018-08-15 15:28:32,2018-08-14,4268e61cd0e6ffa364ad1ea504f9329f,2018-08-02
c0110f04e66e7426bdc005f555bcdc40,9bd43ab41e08ecd21b8c6e4ac4c54c9c,delivered,2017-07-06 08:49:36,2017-07-06 11:43:40,2017-07-10 19:32:22,2017-07-15 16:37:54,2017-08-01,cce9fa9cc7781b58707c43b87ebbb4ec,2017-07-06
c7b9761071cad0c921090525b7f5fbae,17720e51d474eb347f716a1400863dfd,delivered,2017-07-02 15:28:03,2017-07-02 15:43:37,2017-07-04 15:22:35,2017-07-10 21:15:04,2017-07-21,4dcb9411dc19942f94f9201de79c6237,2017-07-02
6ac885500645362873cc355cb2ae0040,821f7b250a75b95fd34c47673b1a7bf3,delivered,2017-05-03 14:34:16,2017-05-04 02:55:20,2017-05-12 09:26:44,2017-05-18 12:15:33,2017-06-08,eacf958e5b230979c80540a19464c231,2017-05-03
34fa7b125777f2296cee0450560eeeac,ae465bbe84317da88ae36da295a03275,delivered,2018-07-26 19:09:13,2018-07-26 19:44:06,2018-07-27 15:58:00,2018-08-01 23:33:48,2018-08-23,d3b321a036642286247452ffcdd09880,2018-07-26
c09e8c8ef923378f60d8ab37827eb58d,951afde3032b870b7ab26328322c2175,delivered,2017-04-14 22:35:53,2017-04-14 22:45:18,2017-04-17 11:28:00,2017-05-10 21:06:12,2017-05-10,1993b9a34b2c0e737861f77b5e8159dd,2017-04-14
97a475450ceb764b03982eeb9bfc10a8,3aacb368d6b1db2b137d99daf9b3a05a,delivered,2017-11-26 23:26:23,2017-11-26 23:38:28,2017-11-27 19:02:31,2017-12-07 16:06:01,2017-12-27,5e9f3fd80d7bffe03426c659ae2911b7,2017-11-26
e1521d92b7e6cfbb454d764235546c32,58aaa243a8fd403ed7e6cf592582c4d4,delivered,2017-12-06 18:52:34,2017-12-06 19:13:32,2017-12-07 17:27:50,2017-12-28 19:09:42,2018-01-09,fc01d75cfdf5e9caf28acd0d6c3803ac,2017-12-06
75ad912f0b81298161aeabd41c9ee843,8bcd44b6828a0fcfb459b14f5c4a6ece,delivered,2017-09-14 00:41:21,2017-09-14 00:55:12,2017-09-22 17:48:00,2017-09-25 15:26:17,2017-09-26,b5251e6658d4006fd7665a561a085855,2017-09-14
676c554a88771af1264e81fa10e7e760,45a44ce03647965a1233ac3ffff76022,shipped,2018-05-02 21:10:43,2018-05-02 21:35:26,2018-05-04 14:16:00,,2018-05-23,ae7d2a671e555c475ecfc497398ee52b,2018-05-02
828c3114b783f896fba059433600c471,269dc95fb2e86fc9f8fdee385fd66e93,delivered,2017-10-29 12:19:51,2017-10-29 13:55:15,2017-11-01 22:34:33,2017-12-01 16:17:35,2017-11-21,002feefec5af0a3b26ee7839c66d205e,2017-10-29
554e817082f5eed68d7ec5d035e3549e,690aa04c42dd563bffd60757353abbfb,delivered,2018-03-23 23:13:01,2018-03-23 23:48:14,2018-03-27 13:36:40,2018-04-03 15:52:18,2018-04-13,10a63069b781d306f66536afdc0bbc98,2018-03-23
363659036e23f1e7b77d6368e25b1f08,e68c03ed7224b85150876ad873fe7aed,delivered,2018-01-15 13:59:17,2018-01-16 14:32:28,2018-01-17 17:47:11,2018-01-18 22:15:53,2018-01-30,e9d032a218d89ff1abffcfbbe0f2231c,2018-01-15
49823ce8989af60407f72e0687e50bbd,af47509bb6e2376b38a50cf90510196a,delivered,2017-11-10 16:21:05,2017-11-10 16:46:18,2017-11-14 18:53:23,2017-11-27 18:49:03,2017-12-01,c3759dbf32d8ea08bf87cb12b92a1f64,2017-11-10
121c467b693acd6f359cc3e13c73b27d,cd4b9c8352526eca79f174dfa228485b,delivered,2017-05-29 12:56:34,2017-05-29 13:05:54,2017-05-31 12:09:54,2017-06-08 12:09:55,2017-06-21,5e8f8ee96e85c00398a1623922506cb0,2017-05-29
b13ee329a2e6ec2e8f32c1e64e77796e,8b084e41a2342a54666d2317348d5db3,delivered,2017-08-27 20:25:44,2017-08-29 04:44:38,2017-08-30 09:22:18,2017-09-13 15:37:08,2017-09-25,3a93cf08586f99a5e8e804043643e0ad,2017-08-27
e11b41677b48150784cf28b5c87055e0,beba15df134f002d757137f7ec16eafa,delivered,2017-09-30 12:52:33,2017-10-03 04:14:26,2017-10-04 11:51:25,2017-10-06 17:03:39,2017-10-18,6841a34a648563ff3b3eced09d0d3633,2017-09-30
284705e9a68479f4ef401d31e5400948,7a8a3c3d8b7e34094305859ce4903ccb,shipped,2017-07-16 16:05:00,2017-07-16 16:23:11,2017-07-19 22:17:34,,2017-08-04,127f319c2ce7b943790b1c820098cda4,2017-07-16
209af55b87cf1212a97772f6525871b3,c4a02b8955c2ea72e21b44edb81a9f1e,delivered,2018-03-28 08:34:42,2018-03-28 08:47:13,2018-03-29 21:07:03,2018-04-09 13:48:36,2018-04-16,acc52b4222217d7acca486f1cc019e95,2018-03-28
1521c6bb7b1028154c8c67cf80fa809f,ca29b2bf57243228e98eab2dab805ae9,delivered,2017-04-02 10:00:43,2017-04-02 10:10:16,2017-04-04 16:19:55,2017-04-18 13:53:58,2017-05-04,eabb0c62caa8436a85aa820d2ac1323b,2017-04-02
debb380bff081efeb2ff173f8920ed04,51953245eee90cb1910cb06ad0e158c2,delivered,2017-03-12 16:00:03,2017-03-12 16:00:03,2017-03-13 15:20:46,2017-03-17 09:46:24,2017-03-30,903e7afea639d007017fdb04b169401d,2017-03-12
1abbc8bf93e9e4ad7883860cdab7c6ac,d1d7b4d8a0fdbf30ea71ca3227af4edc,delivered,2017-02-14 23:12:30,2017-02-14 23:25:11,2017-02-17 10:34:47,2017-03-03 20:05:21,2017-03-15,15e228972e021d24b7ea2d127dc5f0ab,2017-02-14
5908173cac04f7b1861e21b7f4f639da,ea5a116374d378d73e95b7b0c80fd714,delivered,2018-01-26 17:33:03,2018-01-26 18:00:34,2018-01-29 23:29:12,2018-02-01 20:29:26,2018-02-09,40b02b6a3a286b0c52837d20795e732a,2018-01-26
9e576afd48be76bcaca1e6e04f59f9ab,63eb7309650f3c470b28b913bb2ae581,delivered,2017-06-30 12:23:34,2017-06-30 12:43:01,2017-07-04 14:44:39,2017-07-11 13:45:43,2017-07-27,3364be53363f9197e8be5b225b62bf82,2017-06-30
56e46d1a61ebb9b86fa914b4007d8a97,1ff5c5d5829ba8256f375f90998d2dd9,delivered,2018-04-02 12:28:44,2018-04-02 12:48:29,2018-04-03 18:33:23,2018-04-11 20:28:28,2018-04-24,d021cc390cab07031c0750a0f1509c46,2018-04-02
82262a82713a250e0e1f99b5111b9614,f0884dedff5f04fbc1ba865770d9b53b,delivered,2018-08-04 18:36:11,2018-08-04 18:45:16,2018-08-07 13:42:00,2018-08-13 15:51:48,2018-08-15,f0bc93e644b830e9d4483a9ebccec525,2018-08-04
9a7dc0f1de6be37b24d30c88398ff4cb,199257cd08aca6241fe13429b6e6604d,delivered,2018-07-18 12:59:01,2018-07-18 13:15:18,2018-07-27 13:31:00,2018-07-30 21:52:30,2018-08-15,3288575b2fc685ccbb88e60ad095fb4b,2018-07-18
7e4c1200b2e12309b1fadca938e61c4a,4d66c13cf85177ea674fb2d878c61d96,delivered,2017-11-24 21:58:42,2017-11-25 00:37:57,2017-11-29 11:18:46,2017-12-20 23:17:13,2017-12-15,84fd1abb7563bfed9debb07a6e28fbeb,2017-11-24
1dad277fcf3bf6542d0018bbdaf88381,fff415b4c72e09483a25c15108c65d31,delivered,2017-11-24 14:23:07,2017-11-24 16:35:34,2017-11-27 19:56:56,2017-12-07 23:18:49,2017-12-20,3f0409ecd4c490fc5089f5fdb7f9e9d6,2017-11-24
adca0458be5f212699c94312c6bd9779,99037edd76af0e57ca1dd862cd7995a1,delivered,2018-05-03 23:27:58,2018-05-03 23:50:45,2018-05-04 14:13:00,2018-05-11 16:30:11,2018-05-22,1660e6a9434e8900e24fea005eb4cf72,2018-05-03
2ee25e0dd8185c614dcad9949f0ad0f4,2f024788fbb16d959cdc8aadf44f66be,delivered,2017-08-04 00:36:56,2017-08-04 00:50:11,2017-08-07 17:51:48,2017-08-14 16:42:23,2017-08-28,0e033fcf61eb1e3bd317cd9acc173839,2017-08-04
4bf39eca09442371845c5e3a303b17fb,a47fdc49c2e08793c4b714e19745fe00,delivered,2017-02-16 08:04:25,2017-02-16 08:15:15,2017-02-20 13:37:29,2017-02-23 12:43:10,2017-03-15,2ce2cc4d8ec85908732b620d710f8823,2017-02-16
72d8c714f05cb94e5a15bab516100104,2464caf8d97917916e15f334eb33ea42,delivered,2018-06-17 10:49:42,2018-06-19 04:17:08,2018-06-19 14:55:00,2018-06-25 11:49:48,2018-07-25,e822ad5b4dadf0afcfe18ac572b3a829,2018-06-17
d75eecaf55d44cc701cd55e1491eccba,f14aca296ec3d7a028d76b2199f9e2b9,delivered,2018-05-05 13:15:17,2018-05-05 13:33:38,2018-05-07 19:42:00,2018-05-08 23:28:48,2018-05-21,6e3197d5fd48652052ca604b54586c4c,2018-05-05
aa8c2e4009c82d6fb84d9ecc0ce798f8,8865587ec1e1d38bf28416be175f300c,delivered,2017-04-06 12:35:55,2017-04-06 13:10:15,2017-04-06 14:08:58,2017-04-11 13:04:20,2017-05-02,7a5930a54a9c0b2cfef26af870428133,2017-04-06
6c9d8a503389b985fe15e2f6c3b5f7cb,d722c0e211aa25d66f9c6c57093f87ad,delivered,2018-06-30 15:36:06,2018-07-05 16:04:15,2018-07-04 08:40:00,2018-07-07 16:42:31,2018-07-20,98790c98d5374cbe4ab5bbc799d0f481,2018-06-30
d6021b689d20a82e885a61d75888df6a,e811ef51626307094e57cf8d443dd4fb,delivered,2018-04-03 07:28:21,2018-04-03 07:50:12,2018-04-05 14:19:22,2018-04-09 21:08:38,2018-04-25,5a6012519d0cf9a2103bd2170a81b833,2018-04-03
60b0fba7a3132de4c33d2a0a2f204b15,ccfa081d0d0b1c9eefdd13e11d02fe39,delivered,2017-11-11 22:02:19,2017-11-14 03:35:43,2017-11-14 21:32:22,2017-11-18 10:51:20,2017-11-30,a511abde1634f295a4029ba90dfab7ed,2017-11-11
37820e5c04da5c34523175842e470d25,7a70359d3aebf020c96e6659cea51b35,delivered,2018-08-05 19:47:57,2018-08-07 04:50:30,2018-08-07 14:54:00,2018-08-10 23:47:35,2018-08-21,d95397665bf0d065e5917d398692a0a2,2018-08-05
24d2a265bbb8e667b3482b868457b7d6,1b05ddbf77423faacb813310e762586d,delivered,2017-10-06 08:47:56,2017-10-07 02:49:25,2017-10-11 17:00:21,2017-10-20 21:31:34,2017-11-06,c86634a25d72ddc721d6389f969180c2,2017-10-06
d75c7f835d8202b5b66fc2c1d4e3b3ea,3effc3bb383adcc73f87325741458c05,delivered,2017-12-03 13:05:25,2017-12-03 13:16:20,2017-12-08 15:33:53,2018-01-03 19:28:58,2017-12-27,77d15acd401683d314126639c3aaf40a,2017-12-03
3ac2f9ede9c2c9be884248c857c75226,86dbe8b0de56e7464e4b5a4bc77eab19,delivered,2017-02-08 22:08:44,2017-02-08 22:23:30,2017-02-09 11:42:35,2017-02-13 16:05:11,2017-03-21,797430cd135c3d6005425357f9805296,2017-02-08
308d5658962115a98234a99a26cc5fb4,c0ddd22ff30eb1d343b4ec3fcf1df81d,delivered,2017-11-30 14:39:32,2017-12-01 12:52:43,2017-12-04 22:33:55,2017-12-22 19:13:51,2017-12-29,7c12290f85f30743eebcac04dc665f49,2017-11-30
985a7ee1a544f6f20cda38931a22a6dc,15056ba6cfdcd8cc72654472f4efa085,delivered,2018-01-30 15:20:40,2018-01-30 15:35:39,2018-01-31 23:14:16,2018-02-05 16:43:33,2018-02-26,ccb0d50210917c1efff5d08ee607413d,2018-01-30
d59dcaef70d9e2c4082bc5d33dd190e4,78f43255e0efc9e6652558f1e59af136,delivered,2017-11-05 13:33:19,2017-11-05 13:50:33,2017-11-06 19:32:21,2017-11-07 21:28:44,2017-11-24,05041293eb4002c27c3bebf636dbd308,2017-11-05
7e96374aee396bd5b72cf015c3e06448,6a5546734acb8b5faa48ee38c4592008,delivered,2017-12-11 16:17:36,2017-12-11 16:30:27,2017-12-15 18:33:48,2017-12-29 22:43:10,2018-01-11,a38fcca5b3208aa7978035fbab4a3d41,2017-12-11
07e59229a9b5b12c82297cc571bd8281,c1e6592cb8927ab713c7d0ddf1980c75,delivered,2017-03-04 19:28:46,2017-03-04 19:43:10,2017-03-06 10:49:49,2017-03-10 10:22:51,2017-03-31,f719e4e2ca5a005f2f8e10c540c8ebf8,2017-03-04
47ef317b6ad85b53ec37aa600167f80a,ec61fb091dc97882f465311090f44974,delivered,2017-04-08 21:10:05,2017-04-08 21:25:15,2017-04-10 10:54:03,2017-04-18 16:55:19,2017-05-02,c31e90e1170e7ed700d11456029a162b,2017-04-08
17389ecc18ada2b3cc49b0fbc2100079,987df3e053b3b660d0db287dbc11e123,delivered,2018-03-11 21:08:00,2018-03-11 21:28:18,2018-03-12 19:03:49,2018-03-20 21:09:45,2018-04-12,5f795a12a10072eaeab821b288a13335,2018-03-11
1827ee8015c4edd94bbfef221a3a27f5,117ed172acbb7461d5159dd92f2284ae,delivered,2017-09-24 10:35:35,2017-09-24 10:50:13,2017-09-28 18:09:12,2017-10-05 13:18:32,2017-10-10,c3a1bf5cf9959122b9093f515e3493d6,2017-09-24
1bb0ce15a167cb42d0bc628a99395f66,b8e3175fd78ba4c60826fbc7016dfbb5,delivered,2018-08-02 16:13:07,2018-08-02 17:20:08,2018-08-03 14:05:00,2018-08-08 21:52:29,2018-08-15,ef7cc4b636980089f5475c89460a187f,2018-08-02
0210336762a2618a562576d1266efefe,1c6168ef4f5ddbdedf48f60a4e21128e,delivered,2018-04-16 18:07:08,2018-04-16 18:55:36,2018-04-17 18:31:41,2018-05-01 15:08:58,2018-05-10,0788a5e2db8d16e610407f3ee826b813,2018-04-16
438b46304b3217ea878c63aeb5b98f5d,21831634eda702776bee4cbd95446d82,delivered,2018-07-03 18:15:23,2018-07-05 16:40:34,2018-07-04 11:51:00,2018-07-10 18:27:47,2018-07-27,5588b32bc52ff9b4ab1731e4a2f6688f,2018-07-03
4db6ae4eb4f99f22c2eecfcb62df5e03,65ae4f5275ec04dda533cbd5205dfeb8,delivered,2017-02-14 20:20:28,2017-02-14 20:30:11,2017-02-17 09:54:05,2017-03-02 09:51:32,2017-03-23,4b42bf1e06fcce3b125ca05ec3cb1d95,2017-02-14
d8541096e0d84a41ea8e5761296a7ab9,2d48d58ac345967bf09988172d6069ac,delivered,2017-07-18 15:53:31,2017-07-18 16:05:31,2017-07-21 21:37:28,2017-08-18 16:55:44,2017-08-16,2d492d6891a7147e2d2bd5af668190d7,2017-07-18
0f344e8ea4fe9078a8183936e5407113,0207ca7dd6d2be6e08d8467651759bdd,delivered,2017-08-05 22:25:06,2017-08-05 22:35:22,2017-08-07 19:49:36,2017-08-25 20:26:35,2017-09-11,26fe58cca8d12c853839d4e777a1844b,2017-08-05
e46bdf3f103d892b73cd32d13062efc5,f4f17362ea84cef21eaa45c104e816e5,delivered,2018-03-04 22:47:43,2018-03-04 23:09:16,2018-03-06 22:13:10,2018-03-13 00:51:51,2018-03-21,7c353714ed8789f928faaa4191e85197,2018-03-04
a8ec1617f5a54bdcd54535a5674db902,5113d649ccccc6c261e97e82e2fadb0d,delivered,2018-05-07 16:55:06,2018-05-07 17:56:40,2018-05-08 14:36:00,2018-05-21 19:42:08,2018-06-05,4aa2027d0315d02620508e3466d45534,2018-05-07
65fc00880e8ad49374845c44e5993a52,f7ddc4d1ed0a55c2ee8841faf8f73cbc,delivered,2018-06-25 21:12:04,2018-06-25 21:37:28,2018-06-26 16:29:00,2018-06-28 22:24:45,2018-07-23,821dc8809e7db381ea46f7169a08b4ee,2018-06-25
ecacbdf9dd9ba3bb85ace7edb81d157c,7302aa13024a3e490ad2f22b23bb2bc1,delivered,2018-03-23 15:50:12,2018-03-23 16:08:27,2018-03-27 19:37:31,2018-04-02 13:18:12,2018-04-05,703d68159ad7ef05ffb804d0fccedfcb,2018-03-23
6732b3592160273b239f331a101494ff,c23b19e27fbcb26feba308d4334557fa,delivered,2018-06-03 13:33:23,2018-06-03 13:51:18,2018-06-04 11:12:00,2018-06-08 17:41:32,2018-07-11,cd3f452007f97b93e34fa15acce7b9fe,2018-06-03
c2e238379963b97671f2b23db3e27379,5d4c3dec83cf419913cd93b34811d37f,delivered,2018-04-28 15:18:54,2018-04-28 15:35:16,2018-05-02 15:15:00,2018-05-12 01:24:29,2018-05-24,d4d2b2503ca73b1af35b03aa2d08a087,2018-04-28
c6624907a0776d1385446872873d5fcf,77b0eb29cae47c657b29c3d0dcb84086,delivered,2018-06-06 14:09:03,2018-06-08 02:56:11,2018-06-12 06:47:00,2018-06-18 18:11:42,2018-07-16,fe39fd773fcf15a283271fe35f9f8ea9,2018-06-06
2e6d673c46f5a31a965ff87bc45b1cbe,8ea2c54f0b741e6503ce6925e2e61813,delivered,2017-04-28 21:53:54,2017-04-28 22:05:09,2017-05-02 13:25:37,2017-05-09 09:09:11,2017-05-24,4334b6ae47d24f690207d32e1006c063,2017-04-28
75ed295f702854ac0012c5fe9dd82f84,2f1fc248a08432dce26f8882a6a9e39e,delivered,2017-06-21 17:17:50,2017-06-21 17:32:36,2017-06-22 16:19:03,2017-06-23 11:24:41,2017-07-14,be768a9f012fe1bbd20c15ac1e37f495,2017-06-21
1d4744e42dc6d786bbc9512601f7e49c,7096909336d32cce878923632d3d4208,delivered,2017-01-14 15:41:48,2017-01-14 15:50:16,2017-01-18 16:00:12,2017-01-24 05:46:04,2017-02-22,88d5a81aa8baf9e0ff6c8d888aa97a11,2017-01-14
7a094f321857b6925fee399192bb5ebd,43986b46f9e4f256ce314abde818220a,delivered,2017-01-25 19:11:42,2017-01-25 19:25:16,2017-02-06 11:54:29,2017-02-09 18:43:35,2017-02-20,bc56d92fe90f91143046c14582bdb974,2017-01-25
3129f1c46cd423a817ca16f066a80fb1,14448872be54e4669cc888babfdf4bc5,delivered,2017-03-04 15:23:15,2017-03-04 15:35:12,2017-03-06 16:18:54,2017-03-22 11:04:31,2017-03-31,827f51bdaa8e37bf31ff413e0a7699a4,2017-03-04
714e708f39c09ff4048aa43423ab2a0a,1c16a824c18e670e6d038c90d61ff9d2,delivered,2017-08-31 11:29:56,2017-09-02 02:45:53,2017-09-06 10:33:27,2017-09-11 18:46:50,2017-09-19,f87359799316bab1e30a5a58920ccbcc,2017-08-31
8d16656866ce7d67f81d49a9707ab76e,aa1e003c69c80cdf08ae8225270769b3,invoiced,2017-12-25 18:36:16,2017-12-26 18:28:04,,,2018-01-30,a49c7d6d1beaa359c40e7fae01b10b89,2017-12-25
a1b9f97c297857f45e57da6387381de5,de625bb01c8658149de04dc8100bacf0,delivered,2017-07-29 13:50:51,2017-07-29 14:05:25,2017-08-02 16:54:44,2017-08-09 18:22:29,2017-09-01,1479fd41a84fd3737d0705434c33f388,2017-07-29
4dbb73a3a009b001629be0d1f5d6bfa6,353952e62cadb2ca49e3e4951fa06697,delivered,2017-09-13 22:52:56,2017-09-13 23:05:40,2017-09-14 20:24:48,2017-09-22 21:08:01,2017-09-29,ff1700f844b801c8e7a9b001eb610352,2017-09-13
e7720e61a7b5077592d07d61c313e559,113ee076db82f8389e03ab6a7ae4d447,delivered,2018-03-05 13:48:37,2018-03-05 14:09:38,2018-03-05 23:47:51,2018-03-20 19:46:38,2018-03-26,f2548963f1d6c589235a070fc86318c9,2018-03-05
d10eafa208521dc30796e6a26099b6a6,167bd30a409e3e4127df5a9408ebd394,delivered,2018-07-14 10:53:11,2018-07-14 11:05:18,2018-07-17 17:32:00,2018-07-25 16:28:33,2018-08-08,9c0096673baf55453a50073f12d1a37f,2018-07-14
259d8af4acaef000d3b679869fbd12ab,c31d9761af704d503a10ed3cd310ef22,delivered,2017-04-23 12:51:32,2017-04-25 08:10:22,2017-04-25 15:29:30,2017-04-27 11:57:41,2017-05-11,af26054dcb45c7d1850b06f4dcef17fb,2017-04-23
eaae5bd20fb15d85aa673d9b7c0e8ca5,10558ef4afea173bfb5e2cbe3d5b0bb5,delivered,2017-03-18 23:04:36,2017-03-18 23:04:36,2017-03-28 06:29:47,2017-05-30 09:19:58,2017-04-27,749943913a9851a39c9baf51877fbab6,2017-03-18
7e8af96fabba7a99d5206b8db4b7b098,702dfead9e810330c2041c8307cd2024,delivered,2018-06-05 23:14:51,2018-06-05 23:31:57,2018-06-08 12:24:00,2018-06-14 20:06:22,2018-07-12,9e69ceeece1f2884daf0c04cc96c5a6d,2018-06-05
c80f02a8f0c066df7a56a2b61c8c0610,90154c4758ec68d50d74a971c4073314,delivered,2018-03-31 17:37:56,2018-03-31 17:50:13,2018-04-04 18:34:53,2018-04-09 17:31:46,2018-04-23,a041d8d6e9d59f65f9c042ef630c2193,2018-03-31
1f9835b3f1bac0471bfe78932aac63ff,e4b3b5a0f4830ef7a88e31fee4c7eceb,delivered,2017-11-01 15:33:06,2017-11-01 16:31:05,2017-11-04 00:31:31,2017-11-07 14:14:47,2017-11-14,a881a409a6410d97b34c81929ef8294f,2017-11-01
c7112d33d777ec13eb958ee0dbff02b3,ac56247052dbfac8b7453c1a558aa83f,delivered,2018-04-21 11:23:31,2018-04-24 17:42:41,2018-04-24 19:28:30,2018-04-30 15:50:38,2018-05-18,f012b339d79831fed338ed7a1d256bca,2018-04-21
965f57ad446a9d190bec51db7f0fd8b5,36ec48f81f70117eee115da4b60a50a6,delivered,2017-11-07 10:20:50,2017-11-07 10:31:10,2017-11-07 22:33:26,2017-11-13 20:14:32,2017-11-23,e83a792a0d5847ad8bcb2d9fd206fa87,2017-11-07
b1ef037554c96c88feab7fdb033e212f,eb12b0442c9bdca72fcfd03a022d71d0,delivered,2017-07-26 08:21:02,2017-07-26 08:30:13,2017-07-26 18:42:20,2017-07-27 20:49:52,2017-08-11,5d71833a49791ebf52398b6bfdf20baa,2017-07-26
500cfc698f743e9b498d6c12bbf65eb5,5ec0ad25391736213eb2820f4626a887,delivered,2017-04-21 10:14:58,2017-04-21 10:25:21,2017-04-25 14:21:20,2017-05-02 14:38:34,2017-05-15,41b40227a5821d5125adada4577b405e,2017-04-21
f95795398c6d7c5e32c51629aa345fdf,9a37a72e01b19af73e41b1491d8d9d8c,delivered,2017-11-29 21:11:05,2017-12-01 11:31:52,2017-12-05 19:28:36,2017-12-13 17:28:27,2017-12-20,8aad7dcc119010c67a8da185ca85a38b,2017-11-29
448c9f2fc5df55e4391c6314e93c93b1,d21aca727a504b0dd2253ba5b4ff2bb6,delivered,2018-02-01 12:21:30,2018-02-01 12:35:24,2018-02-02 23:26:40,2018-02-05 21:58:50,2018-02-19,0ab422e0fd6fd09d1ccc8fd7a01b3569,2018-02-01
c4d634f71b69d24d203a3c63edb87e06,ad42c47f81be1c0d284c4108e133d84b,shipped,2018-02-20 21:57:03,2018-02-20 22:08:11,2018-02-21 20:52:41,,2018-03-12,35072bbafdb3641c09130ea4c1a69fee,2018-02-20
11837ac14fcdfb163c0b78d91be89498,96fc2a988f8ec40a078ab92f1623bdd4,delivered,2016-10-06 13:39:20,2016-10-06 14:22:12,2016-11-01 14:32:03,2016-11-16 10:54:00,2016-12-02,ef3508c4c50a1f7c885ea2ee92218f08,2016-10-06
8d89165df616ded20b2cd1bbf3105d28,6952907ae6fdb446b191dc46845b42e5,shipped,2018-03-02 11:35:23,2018-03-02 11:55:40,2018-03-02 21:58:30,,2018-04-09,29e97563bdc456bff2b33e8c8fdd2560,2018-03-02
eb2df9ac90b38292e0596d534bc73c2d,e7b9cb018f3a336331ff2118f6fd5305,delivered,2017-12-06 10:37:40,2017-12-06 10:54:01,2017-12-08 23:42:08,2017-12-11 17:29:03,2017-12-22,109b305f2dcafa414eaaf922455163ab,2017-12-06
048c6b6617c20f59a0ac4e9a348667e9,260e71f4624185a5b0e2197b0db65ed0,delivered,2018-01-13 20:02:47,2018-01-13 20:09:35,2018-01-18 20:48:41,2018-01-29 15:22:51,2018-02-07,5a2dd188fb9a8d352f8a3f3fecfbcb8b,2018-01-13
fcfa8ef8103d78c6f2dd57ec67713360,a7c2c4660d01add49fcbcf462a0b43c3,delivered,2017-08-20 21:49:36,2017-08-20 22:05:28,2017-08-22 10:36:30,2017-08-28 19:34:59,2017-09-26,aaa5346df3cc01e29402dc6c156557c3,2017-08-20
e98f4dc2a9419b573d76de617e56f680,5251b14c470c7fa8aa20ae3493d14faf,delivered,2017-10-29 11:01:06,2017-10-29 11:45:36,2017-10-30 21:17:37,2017-11-03 20:27:46,2017-11-17,4196223cc93f2df717d33eddaa8a5687,2017-10-29
4316f97fcdde6e62ba7b3b1acd09291f,a4cae79ac295e2cd44cb11b2f2cac467,delivered,2017-05-19 18:36:42,2017-05-19 18:50:19,2017-05-22 13:39:07,2017-05-30 12:04:10,2017-06-12,83424549593093baf504ac260d4615e7,2017-05-19
0424ec4615df28c58201d0828ac20cdd,044d022e9a18015120a29d799ab789fb,delivered,2017-08-17 15:41:43,2017-08-17 15:55:22,2017-08-23 16:34:17,2017-09-04 19:22:46,2017-09-19,76cb71b7eb9be05e13edc7cb3830297e,2017-08-17
4de9f74515c35fa2eb482457a683ee14,c4b9e722bd618cf7da9dadf3ac5ae5cb,delivered,2018-05-10 17:49:54,2018-05-11 09:10:12,2018-05-12 08:18:00,2018-05-19 00:10:45,2018-06-04,1c221bca64de574edba9d68367390227,2018-05-10
4ff17917a5050a11678d9af3fb12ef57,9a38416b70621c73c76690a5cde38c0b,delivered,2017-06-01 17:05:44,2017-06-02 04:23:13,2017-06-02 14:33:24,2017-06-25 10:36:23,2017-07-05,d9eeee890c848b575657f4c1983565f3,2017-06-01
e793ab3ca23d5c9cabf0278e50dfa41a,b14839b9d2cc09f5f25b2a74bff673b9,delivered,2018-07-23 23:23:34,2018-07-24 10:31:19,2018-07-25 14:49:00,2018-07-30 11:37:48,2018-08-06,83511e439930d5ee33c12a4712d1baa3,2018-07-23
4f510ee3f8f37d3f09228624a7b72ec8,c686d5814e8f8aa6049f8c55eb9c21f5,delivered,2018-08-06 12:09:59,2018-08-06 12:24:22,2018-08-09 14:55:00,2018-08-10 18:22:36,2018-08-09,6c3e649bc44018fe7218697fc8650aac,2018-08-06
cbdda7b3592588a17fa43ca6c7300e72,0dc30fe0f8e3ce6df4c628ca41654fd9,delivered,2017-04-26 00:25:26,2017-04-28 11:46:49,2017-04-28 11:25:32,2017-05-09 12:12:13,2017-05-24,115e8f527981a9bca3f44f2f3213b947,2017-04-26
64cfb816b4ac2467e485b923dc083ada,e94ec661444a31bb2696b56e1f78ff85,delivered,2018-06-19 13:12:59,2018-06-19 13:57:20,2018-06-20 13:03:00,2018-06-21 18:57:45,2018-06-29,2561023f61c7d5fc01d67f259a83d3cd,2018-06-19
17affe817f6b2a24ec4a9b5bb67a1671,a2593be583c3bec897ec5664bb6e4770,delivered,2017-10-05 17:54:42,2017-10-05 18:25:22,2017-10-06 20:32:40,2017-10-10 20:37:53,2017-10-27,f6e8b25c5a0d2fc779a3415df14b2f88,2017-10-05
e3433a7caf6767057e8df08f1ac6d457,980b20bc28f32a212225725533892531,delivered,2017-02-06 13:41:28,2017-02-06 13:55:10,2017-02-07 10:36:19,2017-02-12 03:27:48,2017-03-15,e9b2db6938f5d19b079e00bd33bf51a1,2017-02-06
dcbb4f4f03f210340fce92e1f51982a0,7ae30f30ba3e7297739976cdf63bf1dc,delivered,2017-12-01 12:40:00,2017-12-01 12:52:38,2017-12-04 21:48:49,2017-12-07 16:36:54,2018-01-04,35075f5697e428103e41b806f9ff8522,2017-12-01
b26a79020606ef73722d450c8458f9c0,9ce4680135f65f93297fd3f5ea750eab,delivered,2017-08-02 16:45:46,2017-08-02 17:05:19,2017-08-04 16:20:11,2017-08-07 19:12:38,2017-09-21,4577881f7a6c10d8eb6bd7f7a82ffa86,2017-08-02
fca50f0a146861f2baa4c293e99bc14a,9360cf1e23a611d98cb6c73a3df608a3,delivered,2017-08-24 19:06:43,2017-08-24 19:24:20,2017-08-29 15:49:12,2017-08-30 21:14:49,2017-09-08,da0440138fea4368af70b5cb01126a9c,2017-08-24
03ba490d83feaba677aede829ff79db1,c653db387973229cb8a9f24e4bf2ff61,delivered,2018-04-27 19:20:45,2018-04-27 19:31:21,2018-04-30 16:36:00,2018-06-14 21:38:24,2018-05-29,8530c8225469b717235c2583b209bc7e,2018-04-27
ed130f481df6a3d6729bee8371261e93,2a44b08f77964b84b1a66fb5c436a223,delivered,2018-01-21 15:47:33,2018-01-22 13:52:19,2018-01-24 18:33:51,2018-02-28 16:14:10,2018-02-21,d875fb3b981d8a9b2503ca7985fc381d,2018-01-21
60cb4dff7b70f5122c9ecd1fe2058b38,89aac25164a5f84e4302a43721d0dfd9,delivered,2018-02-14 17:13:26,2018-02-14 17:28:08,2018-02-16 00:22:51,2018-02-22 20:51:55,2018-03-07,3ac427a63b9d1586ffa6f85c2e924717,2018-02-14
9702b284912de5c57518af9f8220246c,678613e53fedd1b361741cc7e3cab048,delivered,2018-08-03 00:08:00,2018-08-04 00:04:07,2018-08-06 14:51:00,2018-08-24 15:03:53,2018-09-14,a9c4c68a1b20aac9e9a5375b33a8235f,2018-08-03
68bcf82ac966d850468884d06de1d41e,19974d1d66d8c31cfaf999a18eaa5852,delivered,2017-11-19 00:12:17,2017-11-19 00:45:08,2017-11-21 23:18:48,2017-12-05 20:43:39,2017-12-12,32a4ff4e454bc77a7a08d48a27bf07cf,2017-11-19
e811c789fcb20fe547fb9d955777ce2c,c9ce37a6d41d709a2b75e06238b5c93a,delivered,2018-08-05 18:01:52,2018-08-05 18:15:16,2018-08-06 13:21:00,2018-08-08 00:58:49,2018-08-09,e9c0144e3e468a1c5b1db3239c49809f,2018-08-05
f19a2e7509db5f744c71cc014d5c15b1,c8f703ae3b123d57768eb29b35889129,delivered,2017-11-27 22:07:13,2017-11-27 22:19:06,2017-12-07 22:10:39,2017-12-18 17:43:00,2017-12-26,611dd022618dce1e19ff38de0e6a146c,2017-11-27
8e2f25da617077b46357076667867e87,efeaaceb545eb5c537d6bb21f0fe5264,delivered,2018-06-15 21:05:10,2018-06-15 21:23:43,2018-06-18 15:02:00,2018-06-26 14:28:30,2018-07-16,18891845f804fbb2e23bf695a3aa2050,2018-06-15
22474d84064cd7eb4a907ba3fd8a6398,85f03d59e05ad20dc077b89342b9f710,delivered,2017-01-25 09:09:46,2017-01-25 09:22:26,2017-01-31 10:18:50,2017-02-02 16:56:10,2017-03-02,a34dc635486de07782636bdef2afd77a,2017-01-25
3bd43a26499bf56a2fff6adb8464f172,e5d29808f3888040bc975ec2607de169,delivered,2017-10-31 22:29:07,2017-10-31 22:45:53,2017-11-15 01:06:48,2017-11-17 22:33:03,2017-11-21,7731e7b84ca2c215e20d08c4ebbb50ff,2017-10-31
6b3c0661b32905af6722a962d2fac779,4f640c97c9198455b707c9d8a99f334f,delivered,2018-07-27 13:30:05,2018-07-27 13:45:13,2018-07-27 13:44:00,2018-08-01 11:52:46,2018-08-17,577f2e045d1fb82671fac5c14e4ab6b0,2018-07-27
c0fcb13f7eef29e181b9c7f1dc2f61d6,4b83b1454b3f9c1882dd891f1ac1faaa,delivered,2017-08-14 20:45:04,2017-08-14 21:15:15,2017-08-15 17:03:13,2017-08-16 15:32:20,2017-08-25,1d5f5134509b38f0cf262b07b36ace38,2017-08-14
b9e021cd678385c5fe5e9ef35d5bae49,1cdc35183baf6457cb21e032a502414a,delivered,2018-06-15 20:55:35,2018-06-15 21:23:05,2018-06-18 09:10:00,2018-06-19 20:36:51,2018-07-18,c1e530244f0b1041f75aa7c6e05062d2,2018-06-15
04a28263e085d399c97ae49e0b477efa,fef2e5e63da9f3e1dd89e8e319468657,delivered,2018-02-02 18:01:10,2018-02-02 18:31:27,2018-02-21 02:38:29,2018-03-11 11:32:24,2018-03-05,f30856ad31d3e74253a3f4ccef670648,2018-02-02
7bf279350473c54b5d435d700ee6af2e,26c41ae59ad5b339b1a33a20b210af68,delivered,2017-11-29 03:33:53,2017-11-29 03:53:37,2017-11-29 15:03:23,2017-12-07 18:09:50,2017-12-20,bc02d3188d20a8116ec89b454f898297,2017-11-29
707e74158c5b971316d037bf93366df5,2fdb3635d8791d61e451846d5680999d,delivered,2018-06-17 20:09:51,2018-06-17 20:33:47,2018-06-18 15:07:00,2018-06-25 18:34:38,2018-07-20,3352acba6a257236f0a7f54a33b27d7b,2018-06-17
4f45b64cff81907c56fcca5991321f97,6886c10afd8d27df19c5a49be96cd346,delivered,2018-05-15 10:44:52,2018-05-15 11:31:37,2018-05-16 09:17:00,2018-05-21 18:48:50,2018-06-08,f9b57816964006c90c458a0caba0306b,2018-05-15
6d513020e217c98e25467103ce6be42f,902e1b7f49096198dd4b06c9e9e82184,delivered,2017-09-05 14:10:57,2017-09-05 14:24:30,2017-09-08 19:42:15,2017-09-18 19:07:49,2017-10-09,b973bf0f5683373c6147b67e3a8e3ff9,2017-09-05
a2f5fa2f53621ff51359941782983568,b5929c8cfd54121b7c3da6b288fd3ab3,delivered,2017-09-10 20:37:58,2017-09-10 20:50:14,2017-09-11 19:50:00,2017-09-19 20:27:58,2017-10-09,7de9d335438ea2fb859a0ce594dc9b8e,2017-09-10
12dc37fa8745ccb498042cfde2f72e90,324741283d4f00aa65cc54c106a5f35e,delivered,2017-08-13 22:22:11,2017-08-15 03:45:41,2017-08-17 17:23:00,2017-08-21 23:04:25,2017-09-05,101b821e4487abb779ff92de7b7f6457,2017-08-13
9ad7086ce39a4ffd4dd9b890f0578217,6326318b4d693f609d4e83a029411dd5,delivered,2018-05-07 09:17:34,2018-05-09 03:11:46,2018-05-09 14:11:00,2018-05-17 17:37:25,2018-06-07,68fd72e4ce9bf89e8aa222a940e29d7f,2018-05-07
51f5cd4115244a4860823a80bea0307e,d95e632cc60a0edb70179c336f056582,delivered,2018-05-16 15:03:51,2018-05-16 15:19:33,2018-05-21 08:52:00,2018-05-23 02:04:43,2018-06-04,511b738da13de3ab1c8a4dc8fe442acb,2018-05-16
1fbb942ec531150b361e6042285004f3,b24c6a66c9cd51bcfa3054b8283b4377,delivered,2018-04-04 22:17:30,2018-04-04 22:30:23,2018-04-05 19:32:18,2018-04-17 00:28:49,2018-05-03,60bec6eff245ad1a5e18a2244fcdb972,2018-04-04
56610fa87188c93ee5993a5e98a7b092,2bc660beaeab7f3089e8ce729b054c74,delivered,2018-08-27 19:26:54,2018-08-27 19:43:53,2018-08-28 11:49:00,2018-08-30 20:32:36,2018-08-30,49310ef544ebebbcba9b1f5cf4aa4e02,2018-08-27
42d3e75e0854c6fb73d399d877d76395,156db31b57ccd5924af50ce7c0493aee,delivered,2017-11-01 14:16:05,2017-11-01 14:31:32,2017-11-07 20:38:34,2017-11-13 18:03:06,2017-11-23,dc675dde53d1a70cdaf8c91326f67280,2017-11-01
a0d990f7f9be3dd72d97e7660edaad52,07b62dc056654759aa80c3aaa630e7ab,delivered,2017-03-23 12:35:07,2017-03-24 02:35:13,2017-03-27 15:23:19,2017-03-31 12:37:38,2017-04-17,e5edefaa70dfff0289958322e51257e1,2017-03-23
e94908d1c33f4561463c8d27e8b9c914,84e3f5e3a5b64618391c80a3df331d2a,delivered,2017-12-25 22:52:14,2017-12-26 22:48:22,2018-01-04 22:09:29,2018-01-09 15:49:00,2018-01-23,f5ae59564b848fb10564d9fe4a478465,2017-12-25
4830280b9a6e4d1c34a700dfc5ab2b06,0acee070a67f3d5f3a8a580020696395,delivered,2017-11-30 20:10:33,2017-12-01 10:30:56,2017-12-04 21:22:18,2017-12-19 18:09:21,2018-01-03,dfc00ae7bdfecabaec1d540ce4c882d6,2017-11-30
d8d842d38880d9584e98d64058aedfed,c22cfbe35fa59bc8126c9be7d1e6a284,delivered,2018-08-26 20:32:14,2018-08-26 20:45:12,2018-08-27 12:44:00,2018-08-30 14:49:34,2018-10-01,dc539d99d32ab632d7762838ed9518a3,2018-08-26
69e00d7c58b9000d1e4f8dee5b2302a5,0433d774ea865531860bbd6db8295036,delivered,2018-04-03 13:46:23,2018-04-03 14:09:46,2018-04-04 19:48:43,2018-04-14 20:18:29,2018-04-26,bcdf78aea62047896e79a5230de83634,2018-04-03
2bc420de7e8e4174fd5c88b692c2cdaf,9fc2d593b91e86741a67c7da20f0ba0e,delivered,2018-04-05 14:54:54,2018-04-05 15:10:01,2018-04-10 00:06:45,2018-04-10 16:26:50,2018-04-23,bf7e07e4ccc7df0889db4653d60c3f27,2018-04-05
99907bf137138e8a41986fc842736a37,4a16f473b9165083cdf52e74fbeff27e,delivered,2018-08-13 11:35:50,2018-08-13 11:50:20,2018-08-14 12:52:00,2018-08-20 18:22:50,2018-09-13,5b7909708bbae6ed80be12a430afc315,2018-08-13
67859bd0284e2d4c7c7ae873212a5ff4,fc1543dd064b168304316b8113d3bf16,delivered,2017-05-21 12:05:27,2017-05-21 12:15:45,2017-05-24 14:04:08,2017-06-01 11:39:56,2017-06-13,be21709263d3b8eb12783937f36dfe17,2017-05-21
e939b415a638d648a1421b5520b3a28e,ff9700de4a13d19b014fc94a39a802e1,delivered,2018-07-04 22:44:55,2018-07-05 16:32:50,2018-07-05 10:43:00,2018-07-13 19:04:20,2018-07-25,2e9cf079f043957ca70e58ac23e1c0b7,2018-07-04
b0b5cb8bc442bc5599f4bf65dfc67cf8,cd92831d081459b09202ffe74875631b,shipped,2017-03-23 12:10:06,2017-03-23 13:05:17,2017-03-24 13:57:49,,2017-04-11,b94ccf1b18e4cb26dba7ad3f6138b7b6,2017-03-23
6007f653ed368c140327fb6e59aa523c,2cb169fbbe4070527dda820edd21965a,delivered,2018-08-14 11:07:53,2018-08-14 11:25:11,2018-08-23 14:20:00,2018-08-29 20:48:43,2018-08-28,e47ba3ef87976e60982c101eeb0370c0,2018-08-14
e79a40fa21cb8034a56c7e38d7beb090,1957f12be24ae354c27b5af3863bd6c4,delivered,2018-03-16 16:25:44,2018-03-17 16:31:08,2018-03-21 17:13:25,2018-03-22 18:32:39,2018-03-28,caf846af8e57224a0ec84089cb594017,2018-03-16
c3708e02f3ae7cf8e715ce16e826e952,5ca9eb2a7b36190faa6ea8897a5cc6be,delivered,2018-06-20 16:28:15,2018-06-20 17:00:22,2018-06-22 12:07:00,2018-07-05 12:47:37,2018-07-23,b86a9f01e09f420db0078a725d98a670,2018-06-20
19d468d1424d2a259a1f3d3fa073f41a,73c06209128aca5114406d84b9d9e3eb,delivered,2017-05-04 15:49:08,2017-05-05 15:55:11,2017-05-18 09:42:07,2017-05-26 16:14:40,2017-06-13,d2d3ed262b31f2bb50932fd0b1ab5df7,2017-05-04
7f3709520054ab89300a657a5f480939,0914b60c8996bf572f981782bd422b5d,delivered,2017-08-05 17:55:47,2017-08-05 18:10:11,2017-08-07 18:55:58,2017-08-09 14:48:22,2017-08-25,cbc88cf4fa11399adeded875fd9af851,2017-08-05
b7500c718b66aa61283dcc1565a39bf0,d353a31eae848027881dd6f027102350,delivered,2017-12-02 16:24:27,2017-12-05 04:11:53,2017-12-11 19:48:47,2018-01-05 00:53:37,2018-01-10,5a499054b62a78c046de758714fdfee5,2017-12-02
c937541d9ace19ed39761e08557ff1b2,38a620c63b1106d3be8daf5235440438,delivered,2018-04-30 20:00:16,2018-05-01 05:35:24,2018-05-02 15:14:00,2018-05-04 18:42:26,2018-05-14,7b792fe87c21aa7a92fbd6f2946c5160,2018-04-30
309f1c71e9955d6706a48a5640804865,b62747c86e1f3e8d299ea29af72a22f6,delivered,2018-02-09 13:47:24,2018-02-09 14:15:38,2018-02-17 00:05:32,2018-02-24 00:09:03,2018-03-08,c1ef581a9af244904429f1828f2747b8,2018-02-09
9c5505df3b3c87d88bef70eaff841ae5,175de8a4961e457fe70b47470b374dfe,delivered,2018-05-06 15:23:25,2018-05-06 15:35:16,2018-05-07 14:34:00,2018-05-11 22:20:57,2018-05-29,2c53de59fef2066a8de302ad052fed1b,2018-05-06
f87c049dcd8cafd8a6880a2e29b5d021,03dfdec9ed6605bb41453c46fac2f2b1,delivered,2018-08-07 13:32:25,2018-08-08 03:24:51,2018-08-08 15:31:00,2018-08-13 19:03:21,2018-08-22,ff3c6e588dc4fe2056acfce978f687e4,2018-08-07
bbede04fc9f3660fd04a15bdac8ec568,241e9dc75c2e4486c8ef86d32b865910,delivered,2017-12-27 14:16:34,2017-12-29 02:09:55,2017-12-29 18:15:23,2018-01-11 20:18:40,2018-01-24,b96e2fa208ebeb7aab89642c97328a4c,2017-12-27
7c84f3ad69b989de803692b81743e3e7,1c1818667c23015ca791ed9cc78da003,delivered,2018-07-14 20:11:04,2018-07-14 20:25:12,2018-07-19 14:22:00,2018-07-24 19:27:45,2018-08-06,9ac8892a6fad301236c024bbecc1a7ae,2018-07-14
d9b18c43acea3eda3c9e95c0c0f98591,d946e547889fef9c62ec4f8600555c94,delivered,2017-07-24 22:25:33,2017-07-24 22:35:17,2017-07-29 14:07:51,2017-08-01 19:43:27,2017-08-08,2cdeeeb90965bac6938a63ee48c71357,2017-07-24
a2abb866736a7dbc26c5cbb3b2d92826,57ebc02940f639cc1de89b58602b64a4,delivered,2018-03-16 08:32:30,2018-03-16 09:07:17,2018-03-29 00:31:37,2018-04-02 16:47:37,2018-04-18,7302920b71b3b063b93e3002d88616fa,2018-03-16
791d863a78f34da2b4c9d1e241e1a30e,50e68d10e42e10334f902f07c7f89f61,delivered,2018-02-12 23:01:58,2018-02-12 23:15:25,2018-02-19 18:04:19,2018-02-22 20:47:16,2018-03-06,e047dae90f668bb660ad7edc1f98923b,2018-02-12
57db811a1db1b622111203c37e6f98f1,3b265c5c8b23bd68f30829c0c5a1af06,delivered,2017-05-05 21:51:58,2017-05-05 22:05:15,2017-05-10 10:04:32,2017-05-29 12:44:37,2017-06-02,a07c7ae064837f3433e2d4a053c95d5f,2017-05-05
4066e404b7be2a4a7331bc62da6fdbeb,fce9f15b7b5a66f5a59662b601f72c58,delivered,2017-08-17 11:36:12,2017-08-18 02:35:21,2017-08-18 23:22:47,2017-08-21 14:58:12,2017-09-01,c496d3ccdd7d9dce19c623dd75a6b5b2,2017-08-17
b7fe42fc0d57642abd6b868ce754865c,a1cfb1c15ebf33417e65760e17dfce1f,delivered,2017-06-14 23:45:18,2017-06-17 03:48:14,2017-06-19 11:06:57,2017-06-22 13:21:46,2017-07-07,bb58670190dba4e9b320f84cb98317a3,2017-06-14
e9adbbfe62f8fc9d144a614576ac5ee3,327903ed892960427ddf44230b0730c0,delivered,2017-12-04 21:26:49,2017-12-05 09:30:45,2017-12-05 21:32:06,2017-12-11 15:38:59,2017-12-26,40e05afff57024eaee66c6f546efe1e0,2017-12-04
967a1ffa4d1aff6e74e409fd8bc229ce,57914af04147062f22b01de2efee289c,delivered,2017-10-28 19:05:44,2017-10-28 19:15:13,2017-10-30 18:07:56,2017-11-06 20:56:35,2017-11-28,9cd0f0bcd5cfdb1fbd75dec3e1dd8c4e,2017-10-28
dcd503d4272567a178500e93e964ac98,fe7cfc486242c6a6860dcd3d9099a123,delivered,2018-04-02 14:08:54,2018-04-02 14:31:07,2018-04-03 00:32:12,2018-04-13 14:04:08,2018-04-18,0412b2282e02ce84ae6c1a837862f792,2018-04-02
f8d682487207f7eab4caa4ab2f2968f7,10d49d1a3883a734feeae150d371a7f5,delivered,2018-08-21 12:31:00,2018-08-21 12:50:22,2018-08-21 17:55:00,2018-08-22 23:56:40,2018-08-28,b85011ba899681708e263f2a8e9f6d35,2018-08-21
9786c52ca3e1ed1ef3ba5c65941627f0,3b02662e1fc027ed85be9b59f038d63b,delivered,2017-01-21 21:12:13,2017-01-22 21:31:32,2017-01-26 11:09:47,2017-02-09 14:34:38,2017-03-21,753b0bdcb8024540f111c24f2be614c1,2017-01-21
42b00bba3a67fd5e1acc3f437d8afaba,e57a401d558c29ae2ff5a5e18a3fee10,delivered,2018-02-21 22:29:10,2018-02-21 22:48:18,2018-02-22 21:49:53,2018-03-02 17:08:45,2018-03-13,18a65d67bb184e736656cc017f09f7b8,2018-02-21
896a98eb2680bdc1b1f621e02c6b9d08,e7e06aee55b48397aff8236ae9241175,delivered,2018-01-22 23:35:34,2018-01-24 10:16:27,2018-01-25 23:58:27,2018-02-08 18:04:01,2018-02-26,de424899ec8d4ebbc30111e35006eac6,2018-01-22
f6bd72831910b512c742683579ff20f2,3f6035d88d2ee5171416f3d55bb1888e,delivered,2018-04-24 14:39:49,2018-04-24 18:17:34,2018-04-27 15:05:00,2018-05-08 19:54:40,2018-05-17,5d95e109691d37564783df0a4e411407,2018-04-24
dac46445d06a7c26842b2e8b7bc04be4,3154dbbe8510dde101e639552ba0ec4e,delivered,2017-12-01 11:53:35,2017-12-01 12:31:25,2017-12-05 16:51:37,2017-12-06 23:28:44,2017-12-19,7cc882b8c6b9017716e362d74026e850,2017-12-01
a795405baf7d9a63ecd5d22978476c08,28cd37beb90b3ef75776ce732ae7c5e2,delivered,2017-05-01 21:42:43,2017-05-01 21:55:18,2017-05-03 14:47:33,2017-05-18 15:06:45,2017-05-29,a92e1b33fc90178753e232b12bfc1667,2017-05-01
b1f632bf6d3b5bb0cb03cf91b8283c3a,f15ad839f9310522cede84e46d072995,delivered,2017-09-12 17:49:58,2017-09-14 03:04:45,2017-09-19 19:13:11,2017-09-29 19:37:57,2017-10-09,2c70befd43543a529e36b2189d333b83,2017-09-12
c12f6da2e568142b38a24c3c2bcf13a2,64642aa123af222fbb120c610625f2ae,delivered,2018-03-07 18:04:25,2018-03-07 18:15:47,2018-03-08 21:21:26,2018-03-12 18:38:36,2018-03-23,0edd1ca451a7eba6600829962d4a3699,2018-03-07
89f586f0cbddc6428831c41c8c333c66,abb98ee37acc21973e1d4464133ddb49,delivered,2016-10-09 12:46:25,2016-10-10 01:55:38,2016-10-14 01:55:39,2016-10-17 02:55:39,2016-12-02,4962136f755981b83b03f476e66eea7d,2016-10-09
55236f684d39882068fbd164d5455691,be4aec95b20b1ee985e4fbcbbe928e87,delivered,2018-04-14 18:50:55,2018-04-14 19:11:01,2018-04-16 18:48:54,2018-04-17 18:58:50,2018-05-02,5fd10688e9fff00b38df072c8e4ec173,2018-04-14
8c23f60e51f9e3aec7d9e0c07fa3d8f1,1560fed88d27791ad7424cd066b3decc,delivered,2018-03-04 19:34:22,2018-03-04 19:48:46,2018-03-08 17:26:19,2018-03-27 20:50:29,2018-03-22,f488aa77627003212cc798906646da9b,2018-03-04
ea6fee69d30e159d8b44c26bd3d8de26,0a7eaf59de0cb85fe7a904ecf2abae88,delivered,2018-04-13 22:01:34,2018-04-14 02:31:39,2018-04-16 18:28:31,2018-04-18 18:56:54,2018-05-02,11bf151e14f4e5ce06f54c7eaf33490d,2018-04-13
14e3b02a42f36ad7bdcdc8a0df427be3,178e6ac2e067591cde169461107ac469,delivered,2018-03-10 17:26:33,2018-03-10 18:08:26,2018-03-13 15:56:26,2018-04-04 16:22:41,2018-04-03,bf67bc97810b5410358114fa589ba7d1,2018-03-10
660c604f50fc9edcf854689682d1560e,d20bbabb669a554138e7d3f97cafafd6,delivered,2017-01-18 10:27:19,2017-01-18 10:42:18,2017-01-18 12:05:00,2017-01-20 11:42:06,2017-02-24,12845427d01e30997492ad688e9269e8,2017-01-18
8edbc0b60816d6644dbe422dedc06681,111fbf59e7bf74622feb0006b74c4286,delivered,2017-12-18 18:51:42,2017-12-18 20:30:23,2017-12-20 19:25:39,2018-01-01 05:47:11,2018-01-16,1aacc8abe1f81e66de675841ea7618d0,2017-12-18
494648e782c762fe2547626ebb7dfaff,7c1e44bae9c9e0a9e92995f8067bbace,delivered,2018-08-07 16:57:36,2018-08-07 17:10:26,2018-08-09 14:28:00,2018-08-10 23:41:41,2018-08-10,298e413b1f757ff4e361b4af0837c4f1,2018-08-07
35f6a9b17cd336ceb1ac0c37f4ec5c1a,4673b5a0664ad72754348acac6d808ce,delivered,2017-07-14 23:22:28,2017-07-18 06:10:21,2017-07-19 18:37:35,2017-07-24 20:33:04,2017-08-03,0be50454270d809fb90c0f88d4031aeb,2017-07-14
f02e9da25eaf6d8b85952d339283e40e,93393e310c9395557f731f71a6e3ff96,delivered,2017-05-08 14:54:31,2017-05-08 15:05:25,2017-05-10 09:33:21,2017-05-18 16:34:11,2017-05-31,115ae9b5ef56ae684667055f4e426432,2017-05-08
1cda18d2a64c5cbb986e64a2d8030dec,c2f76baedfa97dc5e933aa93bd6a9429,delivered,2017-03-22 01:09:40,2017-03-22 01:09:40,2017-03-22 08:24:20,2017-03-29 11:42:54,2017-04-19,f8b64b7a8f8a737674be2f0f73467d7c,2017-03-22
191c7fa4da1a93f10fd41e2cd46e9af1,94f80f7707b4afbce4f4ed64ccade8aa,delivered,2018-02-11 01:45:29,2018-02-11 02:45:40,2018-02-21 12:29:52,2018-02-22 22:55:52,2018-03-07,71c66cd1048c06749ae8ac72c0cff3c8,2018-02-11
bb5ce7970b8f80016d81488da88bd924,8740408882489da8e994131167d53cca,delivered,2018-05-14 09:41:30,2018-05-14 09:55:16,2018-05-14 14:02:00,2018-05-21 20:27:48,2018-06-01,25a1ad8a564d758f233c587cc657aa4b,2018-05-14
5e092cf7a8c77ef8b4592a9c656c498f,cad130372a8e9ca60716caf6ecd9fff6,delivered,2018-01-23 17:07:10,2018-01-24 10:31:36,2018-01-24 20:41:52,2018-01-26 15:29:02,2018-02-09,5f368cf48b83a0e72935486a7a822c51,2018-01-23
a1f5afc5fe7a4ee4bef93aab1e95772f,dc53883e94804c81b4afdf2c23478d97,delivered,2017-05-06 11:09:15,2017-05-11 23:31:25,2017-05-09 08:48:36,2017-05-16 08:05:15,2017-05-29,5ece49e012285b9003d084a4ea8a9c94,2017-05-06
9dabf3a17045c583bdef7fdb08d07287,ab120cf1ae611a3eeee7cc34f3eeec22,delivered,2018-02-23 11:43:38,2018-02-23 12:20:29,2018-02-27 18:12:50,2018-03-10 09:42:40,2018-03-15,96cf07baf61faf67a5ae0a6449950be1,2018-02-23
fa06c9f04ef55a2a43f2246a0777b7c8,1b997f96d4a6c4fb19c633328b8706da,delivered,2018-02-27 10:55:41,2018-02-27 11:10:31,2018-02-28 17:08:20,2018-03-13 15:44:34,2018-03-27,b2bd387fdc3cf05931f0f897d607dc88,2018-02-27
a86a34972a168f819d4e6fbf8d07a264,b791ca57e403e3abe07c2955dcd7df8b,delivered,2018-07-24 23:30:08,2018-07-24 23:44:23,2018-08-06 14:15:00,2018-08-10 19:21:48,2018-08-15,a7aaa065216eeb2a28e0e849a811b5df,2018-07-24
2d8ddd95648e5e34bad27f931418e5c6,205a18049cb11aacba0e6e4ed2e45d68,delivered,2018-03-30 21:17:44,2018-03-30 21:30:13,2018-04-03 17:34:25,2018-04-11 19:57:41,2018-04-26,1ad33781fb9a9bf0fd4c8af5150da8c1,2018-03-30
acd102211b766043b075ee2243ed9c5e,4630f83501d8ae1b951d562f4f0261a2,delivered,2017-11-30 20:21:12,2017-12-01 10:31:18,2017-12-01 17:48:49,2017-12-12 16:19:47,2017-12-28,fb6d23db5ff184581786fbd6ef02bf77,2017-11-30
957b2a53b998f467d33357ec24b2b467,2c9e857e7297bae10093de84dde3961c,delivered,2018-01-10 10:54:38,2018-01-10 11:31:40,2018-01-10 20:48:52,2018-02-02 16:25:17,2018-02-01,ab0b362001c351ac0abb5cca5820b3e2,2018-01-10
ddd9c425db13b8b55a6dc676634ea208,ef7ddf34b90465915d4e989b41c86fea,delivered,2018-07-30 11:19:13,2018-07-31 04:31:33,2018-08-08 15:43:00,2018-08-14 13:24:36,2018-08-27,31da3a25a698af90c645cc6bb62e50f1,2018-07-30
fe6579729423e95a06cb0fc5664185f1,234e5e4fdc50bbffe58d000e49aaae43,delivered,2018-04-20 08:28:40,2018-04-20 08:52:45,2018-04-23 20:36:35,2018-04-30 16:58:52,2018-05-09,53dac2de6062bd05ef1f80a3f60da6d2,2018-04-20
74ee76f41c91df1fd8473a1fc19f362a,ca85f1de72b224e6e79d9c959f6c384d,delivered,2018-04-30 16:40:08,2018-05-03 04:32:52,2018-05-08 14:02:00,2018-05-16 17:12:21,2018-05-28,2d6ecad2766961ec9042869e987fa1ba,2018-04-30
8526a9a3883c882acce72e212f5b2d17,12943cd75dff4407f19eaf7b7dd80d20,delivered,2018-06-16 17:08:36,2018-06-16 17:18:11,2018-06-18 15:03:00,2018-06-21 23:06:40,2018-07-26,c7817d401d76ec1a83fa3ebe49a53864,2018-06-16
c005c973843746a08a6ea826af4ce0c0,71ac72b29860fdac58666426bbe6b4ba,delivered,2018-07-29 18:24:11,2018-07-30 09:31:10,2018-07-30 14:06:00,2018-09-13 21:22:27,2018-08-21,67806996190d3af60247f64e1d03877f,2018-07-29
bbae6c48f9a555fcdfc699ed409760f8,9789eba872e53ba9326db5b3f184672d,delivered,2018-07-31 20:40:21,2018-07-31 20:50:20,2018-08-01 13:25:00,2018-08-10 14:48:33,2018-08-23,063588f5ffa31febfaad35085b4582e1,2018-07-31
757fc9c2b9efb9c346fb38ec82763c32,f4d1920121272d6f1f6397e452c9633d,delivered,2017-09-12 16:17:32,2017-09-14 06:45:15,2017-09-14 16:47:52,2017-09-19 18:52:44,2017-09-28,19cc881aca5dcf6b395d94dd105cb4e4,2017-09-12
da2ae2d46fd31dce84161c9dbf64331b,682e1ecd45b764918a2bd91922b2f5e5,delivered,2018-06-30 19:07:30,2018-06-30 19:50:05,2018-07-04 10:37:00,2018-07-10 13:32:05,2018-07-24,663692fe80a03abc63747e27071337a2,2018-06-30
bb05bd3bbacf1e3c6026b43b44a6631c,d6df67c855b6f445879822f6346dc45d,delivered,2018-05-24 11:05:40,2018-05-25 02:55:03,2018-05-30 12:58:00,2018-06-01 22:50:46,2018-06-11,5517917434ed6488c5aa1f2aec53de18,2018-05-24
40f74de53615f2e4d81c384c983b74e6,3ce7468170f59905cc4073cf015f8dcf,delivered,2018-05-02 11:46:26,2018-05-02 12:14:33,2018-05-07 13:31:00,2018-05-08 23:09:02,2018-05-16,45637ad4d507de55bd4373a9765a1a16,2018-05-02
192c5379ad41152204eac37621f9b8b5,c08931eb5c4bf40f48501b0d434f8c40,delivered,2017-12-13 12:59:04,2017-12-13 13:11:54,2017-12-13 23:54:33,2017-12-29 18:48:48,2018-01-17,53abae4373c0bbdc78f48db27eddf03f,2017-12-13
c130858ff611f05ccbfbac337cd09cdc,4ae3b1e0d62d3d1563a8b800d1c1d14e,delivered,2018-06-16 10:58:46,2018-06-16 11:19:33,2018-06-19 14:42:00,2018-06-30 13:28:28,2018-07-17,a991e5304f81b9680f274e32f47db515,2018-06-16
fefacc66af859508bf1a7934eab1e97f,f48d464a0baaea338cb25f816991ab1f,delivered,2018-07-25 18:10:17,2018-07-27 04:05:13,2018-08-03 14:42:00,2018-08-15 14:57:50,2018-08-10,459bef486812aa25204be022145caa62,2018-07-25
bb6b207f81557d17e581c9fe1422e070,ae5ca79e6893b64189a5b4044aaeb70a,delivered,2017-10-15 17:27:14,2017-10-15 17:56:25,2017-10-17 12:33:05,2017-10-24 22:45:53,2017-11-03,7482d469ea208e64cbc4e8c0491afe54,2017-10-15
a4d873bfcdebc189c6bfeaef27325df0,4a068788cb64b9a1e8a4fd2502ee19db,delivered,2017-12-06 22:13:04,2017-12-06 22:32:58,2017-12-08 22:09:48,2017-12-30 02:37:02,2018-01-05,0e99adb68574d4968821814b9610ec23,2017-12-06
2140d49aa405c7c344212e78351fef98,ee5d56dc454b7fea73f0f8d016bcf387,delivered,2017-02-08 10:07:23,2017-02-08 10:15:14,2017-02-13 08:37:40,2017-02-20 16:09:38,2017-03-10,dea41840a499c51b45c2ae56fbf76fc7,2017-02-08
f5e0327c97a90df59977a815f6e4453c,e6c59c09cb529c3f49bf5aa8e345d2e8,unavailable,2017-12-06 14:39:11,2017-12-06 14:52:17,,,2018-01-03,1c627932574a6b9f2a6eeb5820c13492,2017-12-06
b7624f6b70f7b79ea2b092b6f1be678c,a6b19a21cdce23baec63e5e6a0ff8288,delivered,2017-02-03 22:21:47,2017-02-03 22:30:19,2017-02-07 07:38:58,2017-06-14 14:42:22,2017-03-10,adfe7ac29b6d503ef86218a91d63a6c4,2017-02-03
0d9046ee305e5a360380ac6598561380,234b71c1b96f9b6073b07083c14e9067,delivered,2017-10-19 16:18:26,2017-10-20 16:14:26,2017-10-31 18:48:55,2017-11-06 20:09:32,2017-11-23,c12f98357c7b7e5adbb473e8522512f9,2017-10-19
dc6f399c6e89a48c2b06005aff6e0a94,28f26ebe1e3c8ec0d7d747fe64957381,delivered,2018-08-20 22:08:27,2018-08-20 22:29:22,2018-08-23 14:26:00,2018-08-24 11:16:37,2018-08-24,f295f86eb859ff5fc5d010409a8ffeeb,2018-08-20
ea39d327906c9e8540a9b0f5004dcf46,0054556ea954a76ad6f9c4ba79d34a98,delivered,2017-08-08 23:46:22,2017-08-09 00:43:27,2017-08-10 15:17:48,2017-08-18 16:43:32,2017-09-05,3cc8e80baa86a7befe2b24568cd0faf0,2017-08-08
802c6194741628ea426c4d7a4e55707a,42735dc9ad5d47f62eef96007363fa58,delivered,2017-04-18 13:21:52,2017-04-18 13:35:26,2017-04-20 15:47:28,2017-05-02 17:48:43,2017-05-10,8aaf8580719c71df507c102643a8e323,2017-04-18
2d9fae00e8fabe4fc6128a1d8a527aeb,cad130498976053d343197781844dc38,delivered,2018-07-25 20:05:09,2018-07-25 20:24:24,2018-07-30 14:33:00,2018-08-01 20:37:59,2018-08-09,e52db8b14f1a94725559dc98bca4767f,2018-07-25
c5e79fde963dea8e49adf06e70fefa9f,f8125bb662b6ef384d35dd00b3d64c9d,delivered,2017-10-04 15:20:19,2017-10-04 15:28:26,2017-10-05 18:53:51,2017-10-09 23:52:43,2017-10-27,0e02d417b7a168e2916625d2cc43482f,2017-10-04
2dd771050d8bf7ee324d78a5216a3b3f,50212e9cb1e83b19c633d8b031b83456,delivered,2018-02-16 12:48:57,2018-02-17 03:47:48,2018-02-22 00:21:09,2018-02-28 17:12:55,2018-03-16,e0164f959cc718eb7123e7960a2731a9,2018-02-16
cd616a07efbf375e0b1fba8b5ff969da,e3939b75ecc1fa84cbda7ca48ee0e5e7,delivered,2018-02-03 13:09:29,2018-02-06 05:31:52,2018-02-06 16:17:54,2018-02-16 17:47:49,2018-03-01,746d44b0711942535cf5790d5e7436d2,2018-02-03
88b24cb0678cf5b316584a332f724969,5127c3d8efbc48f0c9c5e97a686e5cd9,delivered,2018-07-13 18:51:55,2018-07-14 18:50:11,2018-07-16 14:44:00,2018-07-30 16:45:00,2018-08-14,ac520dc7cb6f47563c95f9f2324a567c,2018-07-13
d709f76aa4bb3f06603642d3a70bc3ee,fe88b90bb0bbd4d74fd7312f8608cd9c,delivered,2018-05-13 08:13:53,2018-05-15 04:35:18,2018-05-16 06:12:00,2018-05-19 15:35:28,2018-06-07,f7d2971aef1cc87ef80044da8869abfd,2018-05-13
1d43ba66c2170cd8c67e694e5c0e41d8,20fd39c235473956087bac5084340cfc,delivered,2018-05-18 00:32:34,2018-05-18 03:56:23,2018-05-18 13:39:00,2018-06-01 19:36:29,2018-06-19,7e96b6610b8dd98c08f818ba4011b291,2018-05-18
337ef16882e956f8147cb7ff4af08a67,7ba520aa0e64d984c4518b4da81547a4,delivered,2017-08-06 15:15:04,2017-08-08 04:05:52,2017-08-08 18:32:29,2017-08-16 20:25:28,2017-08-29,49dc6f7059ff68d434ba7beed0ba33a9,2017-08-06
81e4aef5d8ad9005b1295fcc2fb4100a,83b0bfafbbfc77e2e63df86f34e3f4ed,delivered,2017-06-07 20:32:48,2017-06-07 20:45:15,2017-06-09 11:04:23,2017-06-19 19:22:46,2017-06-30,a7580eaf5fc0f7b43e95eb59e405d323,2017-06-07
1db6346bb9b84ddccb41b287b6ca1fd8,92b8cf3a3401ec888202af5cbf218819,delivered,2017-09-30 00:56:26,2017-09-30 01:07:15,2017-10-02 21:32:19,2017-10-16 19:32:43,2017-10-27,e5e6951ea48de3bf57fbf84aacbe4299,2017-09-30
c264a40f0928de690a343e0f86c8e320,861b8e733eb985f26e20a1df9a03cc0c,delivered,2017-08-01 15:43:53,2017-08-01 16:08:43,2017-08-02 20:02:48,2017-08-09 20:16:46,2017-08-25,cc796b83212b9a89fdafbced7aa2a321,2017-08-01
9c29be3676de1c34e443b45bc2c2ba73,3f9bf157d5b9cdd0ecabe348badbc21e,delivered,2018-03-28 10:51:44,2018-03-30 03:15:29,2018-04-03 17:44:21,2018-04-16 17:05:44,2018-04-16,e93a61367ac4e23a645f96907cdfac70,2018-03-28
2f0d37ea567190781b905fe413d187b1,77adec624e36e65c0a3af52452b21b12,delivered,2017-10-03 18:59:57,2017-10-03 19:14:31,2017-10-05 16:47:36,2017-10-11 19:52:55,2017-10-19,6d2408af10e468cd1a5bc41df239cd59,2017-10-03
d736ac2dcec087fda2b4ed1eb5a5032b,9e4ff81b50ebd36f73b2434f1ef1d4cc,delivered,2018-02-28 11:31:39,2018-02-28 12:20:23,2018-03-01 18:19:33,2018-03-28 00:08:44,2018-03-28,08077de3206c5ac1db1cff7c5a57c1bd,2018-02-28
61b99e917a3da2c77c1a3ef38cdf38de,ab9fe017b1de9118ef7b8273ddbce479,delivered,2018-06-23 11:39:19,2018-06-23 11:55:36,2018-06-25 15:31:00,2018-07-04 16:48:49,2018-07-19,a0abd26659c9914690cbd3320d39fd96,2018-06-23
818869c4c6740ee23979a7cbf298e31c,378516f0506604e67868c3517983caec,delivered,2017-06-19 15:53:15,2017-06-20 11:23:54,2017-06-20 13:50:34,2017-06-28 14:04:31,2017-07-11,040641ad9a73250e1362678a81db1b9b,2017-06-19
96abd5bcf3e5ccbf3552e0d32ddcf143,e13dd5d554283954137c5d0e3b5de65e,delivered,2017-05-26 12:42:35,2017-05-26 13:04:19,2017-05-31 09:38:58,2017-06-07 13:38:38,2017-06-22,28b62a4639ae1500a8b98c49a4abe681,2017-05-26
603d99954d45262efae58a9827c7f02a,b78953f13f5b35bc21c8b43e4528f123,delivered,2017-09-02 19:46:46,2017-09-05 04:15:49,2017-09-11 16:13:35,2017-09-26 20:28:05,2017-09-29,d04f953535b34c3f55347f922e3f5d81,2017-09-02
661373c8e08e08ebfe43295b3c0cf457,b29696a647ad52b16d8d3700ab2bbb47,delivered,2018-06-30 10:25:42,2018-06-30 10:50:17,2018-07-02 14:28:00,2018-07-06 18:22:39,2018-07-25,353e992ecbfad2cfee33cf1ea4c2a2d1,2018-06-30
96950a428afc9ab7a40003d030e71cb7,8a2f91d09e7ed0db94b1c9d1dac0e305,delivered,2018-06-11 13:38:23,2018-06-11 14:01:55,2018-06-12 14:15:00,2018-06-14 15:08:55,2018-06-28,07e9cfc8cdd6f08d6993bc4ec77aa686,2018-06-11
0805644614eb4e79eb6e5948057e2f1b,d7cb9c6c0de35c874cbad4f5f5f96c8a,delivered,2018-02-14 15:08:42,2018-02-14 15:20:38,2018-02-16 22:16:47,2018-03-16 18:41:59,2018-04-02,041eb6136ede40c0bd0f31372d7f481e,2018-02-14
0e55af861e63530c56528012f41b7c6d,5403d5f310d90498102fd3a2345f16ef,delivered,2017-05-19 18:43:08,2017-05-19 18:55:18,2017-05-22 11:41:26,2017-05-30 10:03:57,2017-06-13,c7b748bd163c5b69c546cc17f5d740ab,2017-05-19
1f4e50d812a6a4f1ae815a4aa6435e51,a07a103d0343912102c9fa16a4101d8d,delivered,2018-01-02 16:09:04,2018-01-02 16:19:23,2018-01-03 12:08:16,2018-01-08 18:33:26,2018-01-31,aa73daf03aaca7629dd55969ffe52519,2018-01-02
d017d0e91fe40d6aa17e32f698543706,30f451d315980b9bb52939eccbdb5130,delivered,2018-07-26 16:25:50,2018-07-27 16:24:15,2018-07-30 14:43:00,2018-07-31 17:17:49,2018-08-03,6c0b91fe3180a9bc15adcd0098310d07,2018-07-26
79aba1aabcd2384589da97533c60c626,4afb263f3cd7a3e3d2dcd5bd3bcdb606,delivered,2017-07-11 12:11:51,2017-07-11 13:10:14,2017-07-13 19:11:53,2017-07-22 11:07:37,2017-08-02,26fa27da838f22e35145038c51c27f78,2017-07-11
f6a1315248ae1d7cb19cc912d5239771,10545554aa6652e877c8519d3144a24d,delivered,2018-01-15 15:32:15,2018-01-15 16:30:30,2018-01-17 20:43:49,2018-01-24 20:49:15,2018-02-06,1cce406d8dc2d095ac310f6ef8ecc075,2018-01-15
1b70309f9d8c8068c52cab917fb26379,93a313239e46efafd39f0e6d4381b112,delivered,2018-07-21 04:59:38,2018-07-24 11:32:14,2018-07-24 14:01:00,2018-08-04 06:54:43,2018-08-16,8a1e8b556fd5feb59a63729b5341e71a,2018-07-21
9676a8d4d68b73a967fedb5eb0d82c21,6cce36a98cd5c919be3b11396c802228,delivered,2018-04-09 18:41:20,2018-04-09 18:55:15,2018-04-11 19:22:36,2018-04-14 12:44:26,2018-04-23,4b72b236b338f17ea19eadfb3b0948f6,2018-04-09
3842b7ad02b831026ee377ddef334206,21f9845be0cdc1d505f363e27dfcb068,delivered,2017-08-21 11:05:48,2017-08-21 11:15:17,2017-08-21 19:21:16,2017-08-25 16:55:37,2017-09-11,a464b957f195235f2a1e1bcb3fd96618,2017-08-21
74f5ef24910641ee05e708ad84525bb7,4b3c1094a07e52f1eed9e326d4f28fd9,delivered,2017-05-07 20:00:24,2017-05-07 20:40:05,2017-05-09 15:38:02,2017-05-19 15:13:08,2017-05-31,f7bdd054d707f2912240233e1d53144f,2017-05-07
ac8f33e39cd4da19fb975a3b2e1bb57a,f4e1e1a718f0175a94e3afc20da813d7,delivered,2018-05-03 20:08:59,2018-05-03 20:30:56,2018-05-04 07:17:00,2018-05-10 20:22:30,2018-05-23,e6b07a71ffbcde59b25a3dfe67246a68,2018-05-03
2147876cd801aed5f273ba360d0960ac,d19ba09dec1d11149f807993731a324d,delivered,2017-03-02 01:18:35,2017-03-03 02:10:41,2017-03-03 12:30:25,2017-03-10 14:12:43,2017-03-23,07224bcb76e1fe56487694f4b4f2b9da,2017-03-02
e06c6d2cccfbf53339917bf60c317955,ea0d5d3cb952f08d3734e1ab8814e4c7,delivered,2018-03-11 11:45:43,2018-03-12 17:29:47,2018-03-13 22:58:35,2018-03-19 15:03:18,2018-04-03,f17b7c86a8eaa3ed4056e4dff553490a,2018-03-11
9f614c4a6839e4c60280aa7c70913658,edf0671289afa3c587fe9bcf46969567,delivered,2018-07-24 12:16:29,2018-07-25 09:24:27,2018-07-25 14:12:00,2018-07-27 18:56:52,2018-08-07,3f39ce61f0389896b879678063882744,2018-07-24
b6a54d4f9fd929e75e299ce1a0963094,e7a12cebe1325bf8786c1f714616d282,delivered,2018-04-15 18:08:36,2018-04-15 18:30:46,2018-04-19 16:26:55,2018-05-02 15:46:48,2018-05-23,4e447212d2b42b678e2ea168210da06a,2018-04-15
534a285e4e770b1bfbb710c8d45ea5b7,ae2636b5230540a5c04969749d4c0b86,delivered,2018-06-14 09:13:37,2018-06-14 10:08:30,2018-06-15 14:58:00,2018-06-21 21:38:29,2018-07-13,0a7e10b47442388ccad9158bc3a59a98,2018-06-14
e989ba2c566a8bba506c12084cf211f1,a6452bb0e152682d913a9503da689131,delivered,2017-09-25 16:41:46,2017-09-25 17:10:21,2017-09-26 16:25:20,2017-10-13 17:37:54,2017-10-23,8bb27b06ee3a26237082d3edf726f4d6,2017-09-25
a4ba5f471acc707087cf478a5145f0e7,e1979cea70a08572ee93f5a366d9efb9,delivered,2018-01-30 21:29:41,2018-01-30 21:53:42,2018-02-02 22:59:10,2018-02-23 19:43:34,2018-03-01,b862db0fb7519413453f5e657a3376ec,2018-01-30
a004b1039c9c568bb02a60cc915a9a5f,21e92205c8f91dd6361057d7ebccde96,delivered,2018-05-05 17:26:43,2018-05-05 17:35:19,2018-05-07 15:01:00,2018-05-22 22:12:57,2018-06-01,72126e67a7cfc26c76c12eab87424588,2018-05-05
7085a588f3bd2d50f30fa90ef4265f3c,04370b820ba7c7a238a5862e04bea0f3,delivered,2018-08-23 13:56:50,2018-08-23 14:10:15,2018-08-23 15:42:00,2018-08-27 18:32:55,2018-09-04,838220ee1d5eefbc13a167592288f9aa,2018-08-23
5309697895b2dd99b05c248512f668cc,d839f4dde946c508c319fc89a4e67756,delivered,2017-11-25 01:04:21,2017-11-28 04:31:08,2017-11-29 18:28:57,2017-12-04 21:09:30,2017-12-18,749f32999ac6e22c27477186d538ac0b,2017-11-25
22fe48586668c69e7ffec9dd9d0b7d77,e9bdf0e4c8e93778c92370928f055cf7,delivered,2017-08-19 18:27:16,2017-08-19 18:44:21,2017-08-23 19:07:09,2017-08-28 19:07:31,2017-09-15,cd78c2e3d49cdd5d1626459ee26294d5,2017-08-19
0bb7822b99c8352126fdad34ac75c53c,e05225ee3c98c05a036dc06a294f5ba6,delivered,2017-12-13 12:04:00,2017-12-14 18:31:35,2017-12-18 20:57:13,2017-12-20 16:26:52,2018-01-02,32717c64dfb6e318d31734122488ed42,2017-12-13
ea5b7fbed8f0f55de316e8f9d315e3ca,9b43a6ecfe9d923d12a54d057128a5fe,delivered,2017-12-09 20:37:58,2017-12-09 20:50:33,2017-12-12 19:54:29,2018-01-05 11:49:01,2018-01-18,d854ba792104d8a708262d182058a4b3,2017-12-09
920e4d205a4f7d7513ae2bb67f70e856,11ec6fbb9a8c2ddfaaed9308a4d9fa46,delivered,2018-04-12 10:39:39,2018-04-13 12:50:03,2018-04-16 22:17:41,2018-04-26 21:46:51,2018-05-16,35f2e5c8b3d0e988c8f91c676189e707,2018-04-12
b713808dd06ed1a61d95a024a3e367a1,9d10716e281490d751a1d761003ae948,shipped,2018-02-14 14:34:30,2018-02-15 03:51:23,2018-02-15 16:27:41,,2018-03-08,5ba3f3c3575903ee04e2e91081fb00b8,2018-02-14
85c74bce4ecdec38e2f255fd0499870c,c8885e58f79687064b6c2ca54626b032,delivered,2018-05-23 16:36:13,2018-05-23 17:55:40,2018-05-24 10:07:00,2018-06-03 16:18:30,2018-06-14,f2c1ff02eecb88904411d49a74721fdf,2018-05-23
8e1a937cfce33628e91656ee96f340fa,fdb83eafcca14a49c61835107e287d0d,delivered,2017-05-09 16:16:19,2017-05-10 16:25:18,2017-05-19 12:39:49,2017-06-06 15:08:51,2017-06-14,b91cf7ea5c7834e1bd2fb4685061d421,2017-05-09
5ed8b8942757954959c6b8a16f9cae68,d8a6a936b77f919a8e25764d335db480,delivered,2017-04-23 16:06:48,2017-04-25 08:05:39,2017-04-26 13:46:09,2017-05-03 11:19:56,2017-05-12,54bea16a6e490d7df8a6b3d422abfd18,2017-04-23
6bf83a37e03322f91bf5dacf277070db,f90630645eb43df278d1ee01e134f986,delivered,2018-01-29 22:39:19,2018-01-29 22:53:40,2018-01-31 19:46:17,2018-02-14 20:33:55,2018-02-20,611cf2453cedf5c106d984b3ae66f6b9,2018-01-29
13e1891808a2b6afe2585a176433637d,ce248bfc47e8ff2f5eb99214e99f412c,delivered,2017-06-02 21:55:08,2017-06-03 22:02:17,2017-06-05 14:05:56,2017-06-06 15:26:09,2017-06-16,6ca956e70741986ef353c13ef4f90c98,2017-06-02
bff9098ed91532e554b0c12a4712546c,185cd4528ed02f7755e844caff8d7e5f,delivered,2017-04-04 18:43:32,2017-04-04 18:55:15,2017-04-06 09:17:56,2017-04-10 16:58:14,2017-04-27,a656a885f44c74706aa992d47b46b820,2017-04-04
f8f060d6183c5d1a9b6415d1be10921a,15824b1f4033abc636173c2d1e3df828,delivered,2017-06-05 11:43:36,2017-06-05 12:27:57,2017-06-06 15:24:49,2017-06-12 10:33:38,2017-06-29,4957e6259456f901c8aebe84bab0e4aa,2017-06-05
019d79b37e56c6d56d6323fed0c54d70,bf02d2d8cd0525d8849563e2a03b95da,delivered,2017-05-21 14:17:05,2017-05-21 14:30:17,2017-05-23 11:55:51,2017-06-06 09:52:02,2017-06-20,3839e1a64b6474690abb49e150b1eb43,2017-05-21
40df8c3397a83c958da60d5ad1e1eb85,d4f7e997120818cc9db564b522ba2a80,delivered,2017-11-30 23:01:57,2017-12-01 10:30:54,2017-12-02 00:43:46,2017-12-18 17:08:57,2017-12-28,a12085be691be9de5cb0099a94c61e1f,2017-11-30
5e11fe9f9a64d664e12cf549745060e0,44a838eb7c573fe810820c3f440bf4f0,delivered,2017-04-10 17:39:35,2017-04-10 17:50:17,2017-04-12 11:54:52,2017-04-18 18:37:05,2017-05-04,61c67ca191fb209bf1313682f850123f,2017-04-10
d234978dda939ba3dbb33a1b5c474ea9,a6ab19f6d9c652f975031cee6b867541,delivered,2018-03-10 13:00:34,2018-03-10 13:10:24,2018-03-13 18:14:43,2018-03-15 20:18:46,2018-03-22,365d97e627cf83fa0c08e651d4e7f168,2018-03-10
c42ccab83afd0e50ca0d6089596b1b8b,4fc9e35cc1c1237488346652e2487231,delivered,2017-04-06 15:45:10,2017-04-06 16:45:30,2017-04-07 15:29:30,2017-04-13 18:10:19,2017-05-02,5eb539db8bad2407b71782f1d55a4826,2017-04-06
9e6fa90618070716da24cbf8fa5261fa,f1e4cb90d648840b059aad60e2eb0574,delivered,2017-12-02 11:31:32,2017-12-02 11:50:35,2017-12-04 19:18:16,2017-12-08 19:38:53,2018-01-02,4377c22228de511d013c6a7560d58a2d,2017-12-02
eb66508d16233a5ef656f592bea79a56,b4c90155d3643b32666a1a0a0343e625,delivered,2018-01-13 16:47:32,2018-01-13 17:39:23,2018-01-16 00:04:14,2018-01-24 16:34:42,2018-02-16,b917a5cee4345a2e1e3c03bd55cb2f8a,2018-01-13
b77e196ee314322dcec6124fa3e38b6b,672648fbe0bfcb8f8edff0592f1095fb,delivered,2018-08-18 21:16:18,2018-08-18 21:30:11,2018-08-22 14:52:00,2018-08-28 00:21:41,2018-09-10,d41cd5f7ae1bc17b8c5e6cd572122f8f,2018-08-18
72935c1f27775472627da411819164f0,61906d8d924faf6232a8d047a75b4a92,delivered,2018-03-14 16:50:14,2018-03-14 17:09:02,2018-03-16 19:18:28,2018-04-02 22:12:43,2018-04-09,9483d23d9928f328856978201668da4d,2018-03-14
14142e4c26cd190475c63c3dc773bf6c,0d41b4a10415bd94fbc317599df557c4,delivered,2018-02-15 22:28:47,2018-02-16 14:32:37,2018-02-16 23:13:51,2018-03-01 21:30:30,2018-03-09,152b7d38e9ce255d99633f30946a0504,2018-02-15
c946d0cd8265886e13b8e20dd8a4cc4f,52b41d616aa4bb01162a54828e5dd8fe,delivered,2018-03-10 08:00:16,2018-03-10 08:40:20,2018-03-12 18:21:28,2018-03-21 22:14:46,2018-04-03,58fc90f158cf78992c49f398eaec6c25,2018-03-10
92cd4be4e992be4ab03304531ce6c5f9,99df947218ac5907e8d38dee73a75940,delivered,2018-01-20 21:20:55,2018-01-23 03:52:31,2018-01-23 21:38:52,2018-01-30 23:19:03,2018-02-14,e92b47a8152b7cfcfc83825b8508608b,2018-01-20
ae8b5df33b436c333b48d59c25ddcf46,f30065300dac59dfc4bba02c9eac73e7,delivered,2018-08-19 19:04:21,2018-08-20 13:49:19,2018-08-20 14:38:00,2018-08-24 22:18:47,2018-08-29,c217b51e0bb57646264aded600dd5fa7,2018-08-19
a4f6c6ff0270709873e39b3fc5c2f256,e3ac420eb3b549817e80918d8f944362,delivered,2017-11-02 19:57:15,2017-11-02 20:10:32,2017-11-06 22:07:37,2017-11-20 18:18:54,2017-12-04,2647f46ede7b96049fb3405f1f5ae263,2017-11-02
b0ea87e8402211c896c8d6b4b2001c7c,f84dfdbb9fae7348ead6375ee052da24,delivered,2017-11-10 22:50:03,2017-11-10 23:10:26,2017-11-13 18:21:59,2017-11-23 18:08:27,2017-12-04,f4d1502ace38b0df6f052a5544add9f4,2017-11-10
686bfd58da52593419e1201d773af6d2,635df0ecf19982b9fdf79b7f6558f841,delivered,2017-11-16 17:36:57,2017-11-16 18:20:25,2017-11-30 18:34:26,2017-12-08 16:17:36,2017-12-18,21560f93adbd9ada040a40909ac8619d,2017-11-16
b0cfe2eb432bba9a53dce35cd5793946,b7908345fe15cf0013c5f73d12225cab,delivered,2017-09-27 19:45:47,2017-09-29 02:28:45,2017-09-29 20:02:07,2017-10-15 14:21:20,2017-10-26,deec1195aa524d200f3c9da638571d86,2017-09-27
ae953cc1e58850c44e9d68bf216cb8c0,ececd83cf61745e93580aaba87e02f60,delivered,2018-03-22 08:24:11,2018-03-22 08:35:30,2018-03-23 21:05:19,2018-04-04 12:52:01,2018-04-10,b3fa3e4537399b06fb4c6e199748c7f4,2018-03-22
a6e75a284bbd3aa94f0e329d2522f996,0065c96aca557c0919dd5cdee546f8b1,delivered,2018-05-31 10:28:18,2018-05-31 10:53:46,2018-06-01 13:29:00,2018-06-03 13:35:44,2018-06-26,3bccb476c538a32e63766769dcc37f03,2018-05-31
c11fda48e1e32d80cdded371a3ffa4b9,14a3a55cbb34545cdddf42bfd352bb9a,delivered,2017-11-08 19:14:18,2017-11-08 19:30:49,2017-11-16 14:08:38,2017-11-22 18:48:43,2017-12-14,16045f15f9bb021ce4c027dacd979ecc,2017-11-08
e99cec5edea38be65a806b88a650b2bf,a4a5fad3d34775ea6a72ac455a5226a0,delivered,2018-01-16 10:18:14,2018-01-17 04:31:15,2018-01-17 20:22:22,2018-01-19 23:06:23,2018-01-31,462acaa25ff5475ee399319e06c2f452,2018-01-16
78e2e121092766f1dd16d8570944bca0,333dac31d3ffc76c8aaae035ead5526d,delivered,2018-08-09 10:38:04,2018-08-09 15:25:13,2018-08-10 11:08:00,2018-08-21 14:42:44,2018-08-31,8ff547d3fee99ff2a05c6bb7abf22976,2018-08-09
b33010cda5cc0e6573b4eecafeb14082,21a23cc024883e2a7c9dbe7a14a7eccc,delivered,2018-07-30 17:57:51,2018-07-30 19:32:19,2018-08-03 15:14:00,2018-08-08 00:51:56,2018-08-17,3edc782fca57d4eed5280c38212be740,2018-07-30
461873d21418f4a79f9c7d6d8a866a0a,6ad0ed6c76ed5dc462481347dba1288f,delivered,2018-05-12 23:02:21,2018-05-12 23:16:40,2018-05-15 14:56:00,2018-05-24 15:11:42,2018-06-07,68fffb8a01663d5b45f58783f80528af,2018-05-12
4894ab6596d70a7721324f6ecb314e55,7aa47bbde16e301bbeb89536a7aa41db,delivered,2017-05-14 15:55:37,2017-05-14 16:10:16,2017-05-16 13:58:34,2017-05-18 15:49:41,2017-06-02,f2380a404ae74c1eb8d4cd56e61634f7,2017-05-14
7b03a8c3cad91944919f2128a8c5560a,c7f5357e45e2c27d6478029945e1b92f,delivered,2017-10-27 00:11:34,2017-10-27 00:26:43,2017-10-27 17:39:05,2017-11-14 18:57:51,2017-11-17,093ec1c846b17c7ebe1d9f202a4a5281,2017-10-27
b83386c51767724444bf697eb4c64b30,b55606c2285147417c87a9726c93952c,delivered,2017-05-06 14:07:21,2017-05-06 14:22:16,2017-05-09 07:59:44,2017-05-23 12:59:32,2017-06-02,31bf606c8e1ec22223a013e8f4081655,2017-05-06
f525c0ecd4bf2ca6f355b416fdea988d,332fa01da1b4e11dfbc8df1ed883a467,delivered,2017-12-12 12:51:06,2017-12-13 02:50:04,2017-12-14 20:46:41,2017-12-16 17:52:07,2017-12-29,317a5bc8cf58c4401e221c74d7a51982,2017-12-12
6ccfdcda6bd1ef7cee86cd6f6c4b8bee,462bfc136787eae6609ca5890feb3e02,delivered,2018-04-04 10:55:59,2018-04-04 11:09:57,2018-04-05 17:27:34,2018-04-07 00:31:19,2018-04-30,b26746dace6d5d8633283ef402271974,2018-04-04
5b2c5ecc56d504463b1e5d8e918f6069,eea0eeb6fd2ff8de94fcf2211e61790a,delivered,2017-07-26 13:43:35,2017-07-28 10:43:47,2017-08-03 18:44:32,2017-08-09 19:03:44,2017-08-31,89854e5e95fa219bf704afb678ffa2f8,2017-07-26
38f48d4adfebeacd5c07311b4502498f,8584b76166e1999bbcb0347b7e8aa5ff,delivered,2018-06-28 18:05:26,2018-06-28 18:15:16,2018-06-29 13:08:00,2018-07-04 14:12:04,2018-07-24,a88cd5c40de7b2e386dddcdc5749e527,2018-06-28
08ba140da4dd8ad477f0f3e9793edcec,abe3fe8adfe5af3eefa704fb9837e9f7,delivered,2018-04-23 16:04:18,2018-04-24 17:26:33,2018-04-24 19:32:31,2018-04-27 20:23:31,2018-05-15,5e1b969042fa231f508d5123aded9f54,2018-04-23
48927ab83901af38077c4009821ea972,7505971887b32c2c73c07aaf67c88b35,delivered,2018-04-29 18:09:40,2018-04-29 18:29:57,2018-05-02 15:20:00,2018-05-07 18:24:55,2018-05-22,09e8d41d2e447bcf1887fdfb16595dc1,2018-04-29
4c3849a3e78ef73e3e3fac21b104b67f,3313e6baf02cf7bf76ac6817404c8338,delivered,2017-06-18 18:31:55,2017-06-18 18:43:01,2017-06-19 20:07:38,2017-07-04 13:08:54,2017-07-11,0f0fa326c877936a9b686eeefbebb910,2017-06-18
e18b80a24c2ceaf4de431f7a9b042f10,e01d5f8990870a514c5a86cce2de155e,delivered,2017-08-10 00:39:34,2017-08-10 00:50:20,2017-08-10 19:13:32,2017-08-15 21:47:46,2017-08-30,d5f2fa89cdc594e8ea58a0c630a95c65,2017-08-10
be5bc2f0da14d8071e2d45451ad119d9,7ec40b22510fdbea1b08921dd39e63d8,delivered,2016-10-03 16:56:50,2016-10-06 16:03:44,2016-10-21 16:33:46,2016-10-27 18:19:38,2016-11-07,2f64e403852e6893ae37485d5fcacdaf,2016-10-03
84d8cb80e8228cbea6d970499c3ce3c3,2bea781be88980e68fb5bbac765fccdb,delivered,2016-10-08 09:55:44,2016-10-08 11:04:01,2016-10-26 23:51:13,2016-10-27 23:51:13,2016-11-28,ecf55c92c7bf73cc1d576a0f6a235b0b,2016-10-08
6b6cca8d4b526e73b216c9ca31cf0268,4077a894fcbcc59fe14e9acd059a5a2c,delivered,2017-05-08 12:15:17,2017-05-08 13:03:08,2017-05-09 11:32:28,2017-05-19 13:37:46,2017-05-31,08cb049b7f3836800587985c7ec04676,2017-05-08
fcafab7fc942d51e9f45bfeeb5bb684d,553ee9fd74f79d17eb36a817a4873ca5,delivered,2017-01-23 02:38:46,2017-01-23 03:20:05,2017-01-23 12:02:28,2017-03-04 07:23:50,2017-03-02,48a5985f8d97849159f7675e5f05ed75,2017-01-23
29069b15adeec52fc98e512ac98acba2,ef064585c1de7fab6cae13fae7ec85b8,delivered,2017-12-13 10:02:08,2017-12-13 10:31:48,2017-12-14 19:15:00,2017-12-19 21:57:05,2018-01-08,97c1288b2191298ebb5cb2b254b6ee7d,2017-12-13
eb529b6aa88196cef958e24a0a8f4086,334cf9305f5115f1c21a78347ddb8008,delivered,2018-08-05 10:43:04,2018-08-05 10:55:13,2018-08-09 14:10:00,2018-08-14 22:24:35,2018-08-30,9988d896f4da053721eb16cafd268522,2018-08-05
8f4ca9bde5fe4aa5bcf7af761a7779cc,7286b5cbd9bcc9df28c378dd0b1aa4dd,delivered,2017-12-05 15:18:02,2017-12-05 15:31:38,2017-12-12 19:03:32,2017-12-19 17:24:36,2017-12-29,4eeaf92d21f6164adece5bd0da361b23,2017-12-05
9c9caabac80e005ba36cb7c06afc0fe3,6584694ce00fc6b2b34cdff1220ea928,delivered,2018-06-30 04:40:59,2018-07-05 16:11:04,2018-07-09 12:42:00,2018-07-14 15:12:18,2018-08-02,a28dd82cfe4950491838b104faa66b75,2018-06-30
3cdbf328dc0f52112842b474f208831b,d4841bcb0302d896add35234553d95c7,delivered,2018-08-18 15:26:25,2018-08-18 15:49:12,2018-08-24 14:37:00,2018-08-29 20:21:14,2018-09-06,b27fb6694b272b15f5f3cd8226cd91cc,2018-08-18
e2b77c6c1ff48eae6cae3a2d091b1bf4,5155c7c3fb6ddc5770d9c72dd3be05a4,delivered,2017-12-01 21:52:53,2017-12-03 22:07:47,2017-12-04 16:43:37,2017-12-11 20:04:21,2017-12-27,4a6ed7a53762fb167306f1d5f5264547,2017-12-01
d2c286d007ba2997cdd80a931d7af6ea,f502ab2c81de093e57c47eb790282f3e,delivered,2018-03-20 15:18:19,2018-03-20 15:35:25,2018-03-23 20:51:44,2018-03-28 16:56:43,2018-04-20,0692e0d9184f58c5e37df223d735cf4c,2018-03-20
9ba2c9b0388923ffcdc4c4f3dffec0a8,f15b6be11357fe234e98422649972fab,delivered,2018-07-14 22:46:54,2018-07-14 23:04:06,2018-07-16 14:20:00,2018-08-20 14:18:43,2018-08-07,f3835ba796a60df1b19ff578ca2ba786,2018-07-14
e744cff6248bcb9a86e72ca9693fb3a5,949e011ea8cb74048b7e0cc69b40b3cf,delivered,2017-07-19 19:43:53,2017-07-19 19:55:21,2017-07-21 21:42:21,2017-08-04 16:54:59,2017-08-17,897b1d92f53f6c7762b36b3e808f4d80,2017-07-19
42aebcf14e4f87531de5beadc2ab8524,5fdc1a32e70642cae75d546be2b309bf,delivered,2017-05-11 02:34:52,2017-05-11 02:45:11,2017-05-11 10:23:49,2017-05-20 11:33:09,2017-06-06,d6bc9f1074044a4e8acd75dba0f9bde2,2017-05-11
539e4c852e657b3cdf03f83c371853b1,2ca8f68dd5c950c950a65257118cd1dd,delivered,2018-06-20 19:05:30,2018-06-20 19:19:19,2018-06-25 12:44:00,2018-07-03 20:51:57,2018-07-23,430ef7b9283044ae2debd46952b0e167,2018-06-20
b8e9df924b8a1dca22c4920e9d6b33bc,7cf8db542b84bb0d46c06c5679b50e02,delivered,2017-09-19 12:19:44,2017-09-20 02:42:12,2017-09-22 18:27:17,2017-09-28 20:43:50,2017-10-09,20b41f1c1a5a396ad136a81c8b26fe2e,2017-09-19
e2a45d61a460b659878a89fe8f88b5fc,f7af610e591f0a53b8adb3cce3ab1c46,delivered,2018-04-23 10:57:59,2018-04-24 18:42:04,2018-04-23 22:03:26,2018-05-02 22:35:03,2018-05-11,b11cef9adeed59d419ef90f5e539c11a,2018-04-23
35ffe37898d6f8bccb4fb1a1f7e545dd,17e2812323656fc71402bac9010c24bd,delivered,2017-07-21 18:56:33,2017-07-25 03:45:26,2017-07-26 10:34:52,2017-08-03 21:11:14,2017-08-16,78a951bf30ed2877352b570942b7d0e6,2017-07-21
b0f1788449620cd7f71d55b336967c24,8f14f3becf2f707936e250675b488a83,delivered,2017-10-23 20:27:13,2017-10-25 02:14:24,2017-10-25 21:07:37,2017-11-01 21:16:04,2017-11-14,2eb9d7a92a64e232b5b7173f0c029594,2017-10-23
d0fb62f913d61e8c15e80cd65c741b91,2c1c3b2dc98c6fb099f16fd6f8f5bb0b,delivered,2017-11-15 14:23:37,2017-11-15 14:31:12,2017-11-16 17:21:58,2017-11-21 16:53:08,2017-11-30,056cf1da778f8b87140f1a463ae85077,2017-11-15
d054cc37dea401636693e25d78222470,b102dddafbe25810c949214bf625f425,delivered,2018-01-15 14:13:05,2018-01-16 18:29:42,2018-01-22 19:14:53,2018-01-24 21:48:06,2018-01-30,a91cbcb567028e96bcbf44e6b24da535,2018-01-15
a51f4405f3b693d1a66119867a849b15,4d6385cb62939e09b657f6dfd31e3773,delivered,2018-04-24 22:40:37,2018-04-24 22:50:16,2018-04-25 11:54:00,2018-04-26 18:17:07,2018-05-08,f79c1eba3ebd97c75683b3ac6e333daa,2018-04-24
b0087bdf94b7aaab2e0fb914d1d99d9d,bd400dcb59dffe9e53b7820f64737d52,delivered,2018-06-22 16:48:29,2018-06-22 18:15:57,2018-06-25 15:00:00,2018-06-26 22:34:33,2018-07-11,c83ddb83d6c50b01317968990a168ce2,2018-06-22
f741187cef9b5cd08353d3a8fecc5fc5,826c92d1c51b9887955ed7e056b293f8,delivered,2017-05-19 15:14:57,2017-05-20 06:35:16,2017-05-22 11:57:37,2017-05-25 17:08:14,2017-06-14,6e8fcf6171e78dd27e96456713c17f31,2017-05-19
7a56fb62946da254d15e01d0d735b993,629fddeed802b1d87f4ad34d314a3b8b,delivered,2017-11-19 15:50:57,2017-11-19 16:06:40,2017-11-21 18:32:09,2017-11-23 00:24:44,2017-12-01,ff7c033bfd33a1af06ac30c07492a859,2017-11-19
7cfa6258a4b606dc9223e212c6cd1341,1e7569b40852c8c0c06f6ec8da857e0c,shipped,2017-10-06 13:00:51,2017-10-06 13:14:16,2017-10-09 21:20:06,,2017-11-21,1c13ca81bb0f2a3041aef3c22b32b922,2017-10-06
999bf17745df488cb226eeaf1f4ad24a,9f199bedccd675daef3456bd39125a5f,delivered,2018-01-06 17:25:44,2018-01-06 17:36:19,2018-01-08 21:13:28,2018-01-25 18:31:25,2018-02-08,fa25a967ced9ffc6dfd56f9dc9ecd99b,2018-01-06
a1c5f97c5f7e4d6c18ae98e5fa287550,b19710fc3553f1074b2dd092678dfd92,delivered,2017-08-28 21:32:44,2017-08-28 21:45:36,2017-08-30 16:06:10,2017-09-05 17:34:29,2017-09-19,160e14c093f0685f89d3956eb843a3ba,2017-08-28
ea0eb30a359a0f8f5fd01ed01439b0dc,4343c751ea2e82fe45fd824b11bc5518,delivered,2018-03-31 12:00:49,2018-03-31 12:15:07,2018-04-02 19:08:29,2018-04-05 16:21:53,2018-04-19,604895aaedd9b5b0cf175a6386486be7,2018-03-31
697fd318644f987187c9cde4ab05bb67,0ce39cdccf4001adee4ffacaeab5a0b7,delivered,2018-07-25 01:40:33,2018-07-25 01:55:08,2018-07-25 14:49:00,2018-08-07 00:44:48,2018-08-22,75d884bcca2e43a850f7abff664a9ebf,2018-07-25
67d83bd36ec2c7fb557742fb58837659,7cfe09e5bc5e9f1fab1a57d8ddd8eaee,delivered,2017-07-27 12:50:46,2017-07-27 13:15:19,2017-07-31 20:29:16,2017-08-01 13:42:28,2017-08-16,9a736b248f67d166d2fbb006bcb877c3,2017-07-27
d01c5b46e00bd214519fe9f64bbb2649,c14683c13fb7e9f39e4228f207eb05a8,canceled,2017-03-13 20:30:13,2017-03-13 20:30:13,,,2017-04-03,a28a87da2cbdedcaeef1958a821308ad,2017-03-13
326e63b8d39ccc6ed4d6090784876a40,248c158dd2e7224c7a574b407366135d,delivered,2017-12-13 14:26:39,2017-12-13 14:38:24,2017-12-14 00:30:01,2017-12-29 22:29:09,2018-01-16,a9d7640f65d137f82bafb3cc0e226a2a,2017-12-13
4ebda53ca2099f67effa601eabefe5db,55196389033657d42779d1c1651c73a8,delivered,2018-04-17 14:58:22,2018-04-17 15:10:28,2018-04-19 02:13:31,2018-04-27 17:46:54,2018-05-10,9997c7b595acef85ab62bd4edfbbf1b9,2018-04-17
2b57c696ecd14a037a58743e71c2bd39,f11ecccd7f87930c970ac8f2548ce3be,delivered,2018-08-09 11:07:40,2018-08-09 15:25:22,2018-08-10 07:21:00,2018-08-20 15:58:38,2018-09-11,d613bf235c99f349f7390299dc8eadf3,2018-08-09
756fbe4ee70c4866a3cfb2facf6d7ec8,d4a5822667d384a634c0c2596e04b0fb,delivered,2018-05-19 15:58:09,2018-05-19 16:19:15,2018-05-21 11:56:00,2018-05-22 13:46:54,2018-05-29,4fbe2ed685647df2a1516f2eb501d3cb,2018-05-19
27a60637f7cda35d14945994e8160c6f,c64870fd02b9b20bba0e69782e53d334,delivered,2017-06-11 23:08:55,2017-06-11 23:15:22,2017-06-13 17:07:45,2017-06-19 20:39:42,2017-07-05,b487ee8ae3db526610eaefeae1e1412b,2017-06-11
ae7ef564bd3b4c6b260aae6169c141f7,1d627ec0652c140735d0c346f2c41ff6,delivered,2017-12-16 16:16:53,2017-12-16 16:30:39,2017-12-18 15:53:42,2017-12-23 10:29:18,2018-01-11,2d5dacf6f21f36425a289a5ffc519de4,2017-12-16
f2f5bdd435d706928f8210b650cd33bd,b74cd76f4d7ad4dec2b3132d50590d3b,delivered,2018-06-12 09:45:55,2018-06-12 13:04:11,2018-06-13 14:20:00,2018-06-14 15:29:24,2018-06-26,9ea3a24352e23651b8da4c8e2cd4c919,2018-06-12
5f43a6b640128ff1e1a7fcc6872ebf71,cefaba24a9655361efd7844b47317be8,delivered,2018-01-19 14:12:06,2018-01-19 14:34:05,2018-01-20 00:22:15,2018-01-30 20:05:26,2018-03-01,29e62f773358aef29e7e421b95dea4e0,2018-01-19
db267aa9141e401f3dfd53da809cc8f2,acdc56c0f3c7be5919d08dc466b41e39,delivered,2017-10-03 16:17:28,2017-10-03 16:28:18,2017-10-05 18:28:44,2017-10-09 19:38:57,2017-10-25,62ddb562a41b5a36f4f2357a3f4107c9,2017-10-03
036f684797c77d9beffa596570e198bd,7d8c5a6ea04ebe2d20261e229a4064ba,delivered,2017-12-11 12:48:03,2017-12-11 12:58:28,2017-12-12 21:03:38,2017-12-18 20:52:37,2018-01-11,582413ee5c9cf48218666c6fd967a221,2017-12-11
086d8c0d2740866ee3d4730987640d4c,ad6d4e14fbcac0ec27004560ab1d0c21,delivered,2018-04-04 13:50:43,2018-04-04 14:10:39,2018-04-05 17:48:57,2018-04-16 17:28:55,2018-05-02,7f1efc6850b3545f8e011092447e664d,2018-04-04
7aec7711c4f60453a59bf2f85d18187f,a6d7a64b9eae7e071d6f4250a7dc25a8,unavailable,2017-10-11 10:40:41,2017-10-12 02:30:54,,,2017-10-30,90269b80d2c871615ddf26f1b1c7d46d,2017-10-11
129228f978d894a472b5c3c82ede40b9,7a4995edc9e21144b8f159d129700db6,delivered,2018-05-02 15:39:24,2018-05-03 04:15:17,2018-05-07 15:03:00,2018-05-10 14:34:52,2018-05-24,876c0e3a8a14fb0488dcbda3757e929d,2018-05-02
564d8bd235927df0c8c8bfe8ff4aee6d,215ecd6d28192482775b68824432464d,delivered,2018-04-12 15:30:49,2018-04-14 14:35:18,2018-04-17 18:31:50,2018-04-20 19:19:42,2018-05-07,8f77e5f1eec0ba7ee4db6db5e8e50b05,2018-04-12
171165c9f5a878508a44d0d428d50099,ab8a0400a0f42a7f9c3ef0880576ecc5,delivered,2018-02-09 11:43:40,2018-02-09 11:55:28,2018-02-09 23:18:59,2018-03-02 11:35:09,2018-03-15,571731fc8ce91ca282de40da687f86e5,2018-02-09
73267bb8b187041d0921ae0d6e56e644,5099bfbd0a4d21c7f39a74fe7a4fe84e,delivered,2017-05-26 14:46:07,2017-05-26 14:55:24,2017-05-30 09:18:03,2017-06-05 16:44:37,2017-06-23,c67ee1e99c77e8a02425ba1168643799,2017-05-26
b752083ab4f42064fbbc31167a97b32d,2719db22601e7614daebf04ad7bc104c,delivered,2018-03-28 08:55:32,2018-03-29 15:53:43,2018-03-30 00:28:49,2018-04-02 23:17:29,2018-04-10,e1baadbb408ed7216ea6d1d4b1ce39ab,2018-03-28
bfdda01969e3428f5b74096b3d6081d9,aeebf5c6cd7179032edd99d413eebc08,delivered,2018-03-29 13:15:13,2018-03-29 13:30:12,2018-04-02 18:08:29,2018-05-11 01:36:24,2018-04-18,85ef4ecf1c2e154fc53e64f401bf7e59,2018-03-29
63f614943d491bc768817b14c55d348c,d4b14205ecda3b864430a215e488d3b6,delivered,2018-01-22 16:14:28,2018-01-22 16:33:03,2018-01-24 20:47:07,2018-01-25 17:57:33,2018-02-06,3a5b9543750c3343120311a8bec88597,2018-01-22
82cefc0ed05913e6d19b9d6283dbf9cf,8ec1004a0848f47f8a538b9b6ea7e0b4,delivered,2018-03-24 10:01:37,2018-03-24 11:41:04,2018-03-27 00:42:05,2018-04-17 15:12:18,2018-04-24,cffde569725a574542b11dfdc2b9d054,2018-03-24
e6b52c8a1736370e10c2f79a52fe0129,dac71d5847f06ec0fd6cf435ab87f85e,delivered,2017-10-02 14:40:53,2017-10-03 04:05:19,2017-10-06 18:22:13,2017-10-16 19:42:37,2017-11-03,17681f1ee22e6a9d4daadeffa9d5c246,2017-10-02
74ce4e856952d6ed0fe4f328def2b809,7ea22fc8425fa4430b94860142a7ee0a,delivered,2017-11-26 00:50:18,2017-11-26 00:59:32,2017-11-27 16:57:51,2017-12-06 23:43:05,2017-12-20,04ab67281768ea079c74f680cec8e8cc,2017-11-26
cc69435b3a477ca3247cc9811da7f589,dccb66bd83dd489107a5a42d858265cc,delivered,2018-06-09 18:22:07,2018-06-09 18:35:12,2018-06-11 14:31:00,2018-06-22 23:17:49,2018-07-16,22303dbdcc330a66022f280cb1cc2389,2018-06-09
d88bc916d7a63d1ba7acb546f73221a6,7c4e5904ef1afb0cd43a369ea4dfd2e5,delivered,2018-01-21 12:09:35,2018-01-22 13:48:41,2018-01-22 21:42:26,2018-02-06 23:22:03,2018-02-19,ab22cf8f7a021ecbc9a7a43da4404c49,2018-01-21
6c8b41df796056dfa59f256768d11654,3b7a43c4128db23da1f07118d415ea5a,delivered,2017-01-31 08:37:02,2017-01-31 10:31:13,2017-01-31 12:32:47,2017-02-14 16:21:55,2017-03-23,2ed6a3eda58c447a3d03d84baee994f7,2017-01-31
a2ec81acd081aed96da33c73bafd8c69,f55848d9e5d221be9ebbaa1f2c028f02,delivered,2018-02-16 16:31:46,2018-02-17 16:30:20,2018-02-21 22:04:48,2018-03-02 17:35:25,2018-03-14,acf64c8fa1aba9e0bb7080d91a5a20dc,2018-02-16
0ec0ef35a66b31f873f0010267d30a8e,7c3842cd24caaa14e2e35e68623aa791,delivered,2017-09-08 10:15:40,2017-09-08 10:25:28,2017-09-08 22:06:51,2017-09-13 20:10:08,2017-09-26,176df29483e4fb6ce1d6dd1c824ad72d,2017-09-08
5460b7ae3e4318981a10de9300d62d93,fc095ce51fc3399dfb454aee9e562273,delivered,2018-04-13 19:11:25,2018-04-13 19:32:33,2018-04-16 23:52:09,2018-05-09 20:28:56,2018-05-09,b84394ef694d896eb99cece92b288a58,2018-04-13
8413ac0b09301d03b78adeca5840866f,b6ff5a99f18bc4da7753ab8659c829df,delivered,2017-05-09 21:45:55,2017-05-09 21:55:24,2017-05-16 11:26:47,2017-05-19 09:23:46,2017-05-29,5f9acccf19a533ac36c79bc80309893a,2017-05-09
a5cc6e06b050a57254b2286502402043,3b6e430f7f94ed9966fb1f558e034c7c,delivered,2018-01-09 15:43:45,2018-01-09 15:51:29,2018-01-11 21:09:41,2018-01-18 22:33:36,2018-02-05,6ba990ae95593df02a4c48359c282f1a,2018-01-09
771f049b47569f18fea22b7022cf409f,a928f46ff81482a84085dbc27844a45f,delivered,2017-10-23 21:40:38,2017-10-26 13:35:39,2017-10-30 23:33:22,2017-11-10 21:47:24,2017-11-17,8f24cd139349056a0dfc264f994dcc01,2017-10-23
64e24ddb88fc682e81c8c49c6d6600d8,458d0b9b95ef994e7ed484ca51906ffc,delivered,2018-04-30 09:25:50,2018-04-30 09:50:28,2018-04-30 14:27:00,2018-05-14 21:08:26,2018-05-17,f1df63f8ec097504e9dc0a08c9705643,2018-04-30
5f20455f0e74de9eae30de410c811013,dd0ec9c1e70785cba65418e8c44ef00e,delivered,2018-05-01 15:17:15,2018-05-01 15:35:24,2018-05-02 12:56:00,2018-05-08 19:47:26,2018-05-22,304b16ed53cb5255cdcaf9c4087f86da,2018-05-01
71f47871e9cf560d325f00a5628c4a94,c8e76bbce6b7d189fd852f670e96262d,delivered,2017-04-21 22:41:48,2017-04-25 08:05:33,2017-04-27 05:04:40,2017-05-06 08:56:02,2017-05-17,542b704f7dea4124cd1954d4cf4cda54,2017-04-21
34d8cd1ae7f779736eab467bc2a056df,1726e751df00b682ff23b031f7303123,delivered,2017-11-28 10:07:44,2017-11-28 10:18:34,2017-11-29 18:34:33,2017-12-05 19:41:32,2017-12-20,d4e123c5d613ffaa291f7698b9803de3,2017-11-28
38c9169c58d74d3447a3ffed8962ce34,b4fa6e242596678b57081bd04ec3b3e3,delivered,2018-08-22 17:58:13,2018-08-22 18:15:12,2018-08-23 11:09:00,2018-08-24 19:28:35,2018-08-27,8b36bff10c251d3be3cfb60837263822,2018-08-22
53022ba8b7cdb370c2fbabfa7b943df1,4d23ff29fcdb87c4d4e7af75c8e3928e,delivered,2017-10-25 16:00:01,2017-10-25 16:14:55,2017-10-26 14:15:05,2017-11-10 23:51:08,2017-11-24,c976e0c21bc5e8b3f0a4e89c20508166,2017-10-25
cd6426e4690d765ab066e248ae03d67a,6fe0c4aa4fe245ace106e0e4101f60fa,delivered,2017-06-15 17:58:25,2017-06-15 18:10:17,2017-06-16 13:51:39,2017-06-26 15:49:05,2017-07-07,5b0ba82c99074b3f7829e159e26bc4fe,2017-06-15
bb91772fe8f68f797df661e137151fd0,c27b32e6237dc31d2af110e1625654f1,delivered,2017-11-21 15:31:41,2017-11-21 16:33:33,2017-11-23 21:45:01,2017-12-06 01:22:17,2017-12-20,fb07a6dbf0523f69943226cd7529d99d,2017-11-21
8fb4e4bd46f9802e9179726dd20019a5,b5727de8bdb9c445c8479446733236a5,delivered,2018-05-26 18:16:57,2018-05-26 18:30:33,2018-05-29 13:49:00,2018-06-07 23:38:35,2018-06-20,5b774e23e58d4650bef6a25c84b38c1e,2018-05-26
b91a3ffa761815f3bef95a126159d0b8,275b3e6849178c3b5cb345c6d04a2224,delivered,2018-07-22 18:20:15,2018-07-23 12:32:15,2018-07-24 15:30:00,2018-08-06 17:28:43,2018-08-24,d9e195acf6b4700e59c24f7076458990,2018-07-22
3e8c191415aece16ba1ac896f535b484,02e863ab696665672ed67992fd04cf14,shipped,2018-04-13 16:27:31,2018-04-13 16:55:34,2018-04-17 00:48:46,,2018-05-02,4fcf46adf3a479ececeed6b48508a1aa,2018-04-13
3ef9cbaa0a848de9dd30b1953d31a730,0a791c41f6f639d2cdeba44d05e6ef04,delivered,2017-10-08 23:56:02,2017-10-10 00:14:20,2017-10-17 16:53:49,2017-10-20 19:04:09,2017-11-03,002ae492472e45ad6ebeb7a625409392,2017-10-08
eec9f0b827bca9150bee156780bc2989,d839eb32cea4b0c24fab82fc74b8ebe3,delivered,2018-03-11 10:39:18,2018-03-11 11:20:29,2018-03-13 21:48:32,2018-03-21 16:18:13,2018-03-28,f5bcb9af9f53b6bb816907f009cd6fcd,2018-03-11
57bea8e109ecb1711cda36ced17c1b1e,28f3cd142c1a8a51eec212602b9bf077,delivered,2018-01-20 18:08:00,2018-01-20 18:30:37,2018-01-25 18:33:22,2018-03-01 01:04:25,2018-02-14,9d1f4d137b3e895a7068c74cc1d2711d,2018-01-20
047723564a4f371af7f16f08f08ae0e0,7432c3797af23ca4b5544ec87f893259,delivered,2017-12-06 19:03:12,2017-12-06 19:15:26,2017-12-13 17:12:51,2017-12-18 19:49:05,2017-12-29,9807b69a3ca6cc5c553ce9da3c7fd9d8,2017-12-06
1424887ded6dd139513a60ca6d4b7d97,a7a769e89cc6af5bcc4ea18ac329ccab,delivered,2017-12-20 11:46:03,2017-12-21 02:12:45,2017-12-21 18:38:47,2018-01-02 15:39:50,2018-01-19,96114299d8e4c646c24552fb5ab23f80,2017-12-20
ffb5af8b918083c3291c62b20fa89319,7543ed5312234199ba6d6f98e5ce2c9b,delivered,2017-02-01 17:45:08,2017-02-02 17:55:10,2017-02-24 12:02:10,2017-03-10 17:12:50,2017-03-24,8c78cdb4b11a5bc0a39c1b69cadbd017,2017-02-01
aadb1fe538675aa88c90a42a6ef92dc9,2f59aa176d0ee1395a0a9dc5cf865458,delivered,2018-01-21 16:19:23,2018-01-22 13:53:33,2018-01-23 16:35:25,2018-01-31 17:35:54,2018-02-19,bce2efb75040683e4d2300b55420f595,2018-01-21
dff1e9a517d39b940f6424c3fdfdbdea,da92f5d6dd82e8a889b83778f6f6aa26,delivered,2017-03-15 23:25:09,2017-03-15 23:25:09,2017-03-16 11:11:39,2017-03-20 09:41:56,2017-04-04,c017dd879d85882c771c816b1c144608,2017-03-15
2bef1137ad13dce586ff456d72e62549,47fd6edc01627caadab32c666e18ad0e,delivered,2017-08-26 14:11:46,2017-08-26 14:25:20,2017-08-28 19:27:33,2017-08-31 17:03:47,2017-09-15,4de52270af73a0fe0456a7d55c22df92,2017-08-26
473618b3ff644f4879900c4bc552cd0a,a10ac8211963018da06d9d60748e325f,delivered,2018-05-02 15:19:14,2018-05-02 15:58:44,2018-05-08 12:32:00,2018-05-11 22:30:00,2018-05-18,5cc34337f24fd6e17593326dd7ed5d53,2018-05-02
5fa537c43d686925db746d574cbc2e0e,4377320bd47b03d9a6fdc797da4a6cae,delivered,2017-03-14 15:19:58,2017-03-14 15:19:58,2017-03-17 14:57:58,2017-03-22 08:07:52,2017-04-07,65ba801e074d72ee10fde557fb90a11e,2017-03-14
c9a4b618ad5f1fe5fff967c85d43d110,9cfef9eff63a1b03f81701e563a2c1f1,delivered,2017-11-17 13:15:53,2017-11-18 13:45:57,2017-11-21 18:32:28,2017-11-30 18:17:48,2017-12-07,2aaa11427ffc2f7feb05762d7a6068c6,2017-11-17
6a2b3feee73111d5aa745d2f48878d01,d21e4f4e60cb5116eb6ab277164b099e,delivered,2017-12-04 08:49:00,2017-12-04 09:16:51,2017-12-04 17:58:08,2017-12-06 00:24:37,2017-12-21,6fb12d5f2224cb1ecae937796768129a,2017-12-04
e3e77a472278ddd0f93e5b1391db15bc,320cf06e46b715660ce965771a023702,delivered,2018-01-04 00:48:26,2018-01-05 00:38:17,2018-01-08 18:14:33,2018-01-10 23:10:16,2018-01-30,2ac4312997e09e6770fd4c3d52adf77a,2018-01-04
f09f120287187752189deb9aa679f92a,96f4baac94baa7a8376ea97398351d74,delivered,2018-05-04 11:19:58,2018-05-05 02:30:46,2018-05-07 12:13:00,2018-05-18 15:59:11,2018-05-30,2a5f3755b0d10aadd474d983a6df0fdb,2018-05-04
3d04fcbde2cc394bab5c41ac0a5dbfa3,695021d70367c5f1e0d45fa0a7094622,delivered,2017-10-11 16:41:44,2017-10-11 16:56:47,2017-10-17 13:53:52,2017-10-30 15:33:05,2017-11-03,b69df21561434340cd6e296ef27fae83,2017-10-11
6936f7b18afc012d79d4f8ad93db7903,496bfcf74a80582dea2af7d816786c60,delivered,2017-09-26 13:54:53,2017-09-28 02:49:37,2017-09-29 21:03:29,2017-11-07 22:04:01,2017-10-13,5376bd8df26ab646ce3e4c874bc693b9,2017-09-26
819834742179a50790827926997ca8dc,efab7a8022b17f28b622e1895c2adc65,delivered,2018-03-10 14:26:32,2018-03-11 14:30:32,2018-03-13 00:47:00,2018-03-28 22:16:42,2018-04-04,83a17764f6e8cb32938ccc4c94f32dab,2018-03-10
d4c2cda5ee1ebae34af938976048ccaa,69d3af0bc26ccffc1d256f41a27c469f,delivered,2017-02-22 09:09:39,2017-02-23 02:45:14,2017-02-23 13:42:59,2017-03-08 10:47:56,2017-04-03,a3d3623746bf0de553ad994a4e7d717a,2017-02-22
ea9f636a11e6bf8cfdfc6acf40590c66,57a2c0ff4809a28d3c599e94da1a7a07,delivered,2018-02-07 20:28:55,2018-02-07 20:49:01,2018-02-09 21:24:07,2018-03-07 03:33:48,2018-03-05,f9d2915378a9e9c4fd47edf5717c4949,2018-02-07
6e6636cab2d96091d69a657c2c4a0890,4b7f446b87ce698f5dbe56b13230a0c8,delivered,2017-12-15 09:17:19,2017-12-15 09:28:18,2017-12-18 14:06:49,2017-12-30 16:10:20,2018-01-11,e336c51157108d6302f4965a7041194a,2017-12-15
cf574d4b1efd3d5e152a4cb181b35f8b,7a9157a86c1824030516037d00cbd64e,delivered,2018-01-25 19:43:34,2018-01-25 19:52:37,2018-02-08 21:13:14,2018-03-07 02:28:47,2018-02-20,74aefe88a1655526fd30becadf5552ac,2018-01-25
05457977f35122e71095989d738e4a37,d4f3bec209aaecedb29d819e45cdb157,delivered,2018-05-26 16:40:08,2018-05-29 03:31:15,2018-05-30 11:14:00,2018-06-04 23:18:21,2018-06-29,751a8f6b4c9052d71d55bcfa49f646e4,2018-05-26
af3f498fca7722127e186f59f88fc4c3,79c8d122abdecd4dd9be27517307faf3,delivered,2018-01-31 15:13:42,2018-01-31 16:00:37,2018-02-03 03:05:05,2018-02-07 21:49:01,2018-02-16,d94a50f9cddac0907ae02f2b8589361d,2018-01-31
4d1192ac6ee23ec6a3f1fd439ebec659,3db0fd85322f1f08aeaada9d589540cf,delivered,2018-01-09 22:06:06,2018-01-10 10:32:03,2018-01-10 18:27:59,2018-01-16 20:58:50,2018-02-01,0ba30c616ad63cc052846c7225b26baf,2018-01-09
954ecf032c0fbd43696c6b12baaa293b,80db9468205ab8feeb73722948bbce52,delivered,2018-02-15 19:02:19,2018-02-17 03:47:51,2018-02-20 20:17:08,2018-03-07 20:33:08,2018-03-14,006bbb235068a01d2e3e47fa09ccf53c,2018-02-15
d2d845154c7f4e7f7861ea8697c628b2,7abf142cfed13b532d7f881a9e76e133,delivered,2018-05-02 08:18:06,2018-05-02 08:35:53,2018-05-03 12:26:00,2018-05-04 16:09:50,2018-05-15,933840334378c6ddf7b13c45379dceab,2018-05-02
d4783ba848b3f01d54e6ad0fd20b5f0c,2a0dcdc7103585f9d73bc18888b2e638,delivered,2018-06-10 13:08:26,2018-06-10 13:36:51,2018-06-12 08:34:00,2018-06-18 20:22:12,2018-06-28,bc81bac68e1c2cf1d099bf50ae60e242,2018-06-10
18f8b3e1a7797e67b49cfda3d02896f3,9d247b3defdf2e777b00fc8f92cc02e5,delivered,2017-05-14 23:54:01,2017-05-15 00:46:01,2017-05-15 09:22:56,2017-05-22 13:52:30,2017-06-09,eb109c6a4004ac42b7eed06ffd6848fd,2017-05-14
f3d17c77cd1914628822564052e6ca02,c8f78f88ea8bf631b30486cc12f95410,delivered,2017-09-27 18:16:33,2017-09-27 18:35:16,2017-09-29 17:04:20,2017-10-04 21:38:54,2017-10-16,5cde4143aa39bac517bb47a8ca549b8b,2017-09-27
b7a0ea17f1dbc85ecfa3dd355610d472,62abeb2f83e1ef1926d571a65ccfe606,delivered,2017-07-08 08:30:47,2017-07-08 08:43:31,2017-07-10 19:52:19,2017-07-13 20:28:08,2017-07-28,7dbc5b1e726ba088c6c93e324c076681,2017-07-08
7f323198e815792fca0a3a19277e0bd6,c4d6a7f1826d3a1cd903387966764d2a,delivered,2017-09-04 16:48:28,2017-09-04 17:04:22,2017-09-11 23:26:35,2017-09-13 17:17:25,2017-09-15,25affca928e204c53cd4dedb58c6fa34,2017-09-04
73458aad836a51a5e37323b7cefc54fc,85645f6b4277fbac7ae2cb3f0bffcc80,delivered,2018-03-14 22:16:46,2018-03-14 22:30:54,2018-03-20 18:22:06,2018-04-10 16:12:36,2018-04-05,efc22e67476ebf4cd3b0ca9600e1b137,2018-03-14
9a382d951dd3a73c696f80da02ea06a5,c7fdc3e93e7df51ee3256738c893ee07,delivered,2018-04-22 13:50:47,2018-04-24 19:25:16,2018-04-24 22:08:41,2018-05-03 22:12:51,2018-05-29,17535993c5abb098f793664778f38c6e,2018-04-22
4fafa25ee16300a26f7ef92f3d15b58b,aa5ca8afef8fe0f0ef822a9da12d2cf1,canceled,2018-02-09 17:36:42,2018-02-10 07:08:42,,,2018-03-08,01ea7dfdac01a4e8fbe2902b73510b20,2018-02-09
48e1896554de2ecc2b58a5ee81b21960,18361f001ee56303d300a4ccde8f773d,delivered,2017-10-26 19:29:38,2017-10-26 19:46:05,2017-10-27 20:09:15,2017-11-03 16:12:39,2017-11-21,ce80eaa6f2ba0d5c07efb6aa0dbadc8d,2017-10-26
3024eda1729b9daf946125ec8c271a91,df6697e2f4abe368dcd220afddef5746,delivered,2018-06-02 10:17:29,2018-06-02 10:31:01,2018-06-04 11:18:00,2018-06-16 01:17:38,2018-07-24,9f74192f4084e6ab67e5eb45e80cee23,2018-06-02
63033c7afa7443f6f4d862d70fcf413f,bcc9229d8548d1605666e8e943417113,delivered,2017-09-13 19:58:52,2017-09-15 02:25:51,2017-09-15 23:13:43,2017-09-22 21:24:53,2017-10-06,c8a9a5a7906ab84c7dcf742761a0616c,2017-09-13
41479e5eeb4f7ae644e524566a85a66e,68a97ec8181a655c6c192f77f71861da,delivered,2017-06-23 00:00:43,2017-06-24 02:25:11,2017-06-26 17:03:39,2017-06-30 13:09:44,2017-07-17,2ac0a65015448e0815d4d943a3870e3c,2017-06-23
5b106bcec980345d3c64e1661678639f,f6f77702f338727394e3ddc20ddb54cd,delivered,2018-05-10 20:42:12,2018-05-10 20:57:59,2018-05-14 13:58:00,2018-06-02 13:04:11,2018-06-01,b12519eb0679eb9713199f830686bf2b,2018-05-10
8f2f6732a3a5fae797b581713dd07bc9,c2ca3a2e9a704a2245f1a92abf462ff3,delivered,2018-03-27 07:36:10,2018-03-27 07:46:52,2018-03-28 14:38:54,2018-04-04 19:58:49,2018-04-16,d880677087a6f6647447f7fd3d0f89a1,2018-03-27
e25b0e7a7493d60787761f999380b492,3648dee9812c0ff9cc9aab93ea256ba8,processing,2017-10-30 20:40:09,2017-10-30 22:31:36,,,2017-11-13,799791ea009276e4a032b4e524886bfb,2017-10-30
180bb1b8686d6679359207ce3b1f5885,b3f1a1af87346b32841846beef824d39,delivered,2018-01-15 13:14:35,2018-01-15 13:30:34,2018-01-16 21:08:21,2018-02-05 21:14:43,2018-02-09,86a99562930247218b87dc1b8e6bff56,2018-01-15
36e9f61b5f4e248be227f6f7ec486268,4cde552228a46393edb70838c52c45a8,delivered,2017-02-14 10:16:46,2017-02-14 10:25:08,2017-02-17 07:43:45,2017-03-03 17:28:00,2017-03-13,30c43e3be6088ef237ea27b9ee8fc7cf,2017-02-14
4587bf1bd378047abcecf8a3193bbbc8,1ef2eaa16c2555f07c0e7c46edd1b2ee,delivered,2017-10-05 16:00:59,2017-10-05 16:14:30,2017-10-06 18:23:17,2017-10-11 19:34:14,2017-10-31,e6e4a295830c931a02e008828ad1cd4d,2017-10-05
8e19df6c7ac6230b4c0c82b9d8a3dc46,1311c060491c69cd608bd37137f49898,delivered,2017-04-28 09:42:28,2017-04-29 02:45:51,2017-05-04 08:03:15,2017-05-11 07:37:51,2017-05-30,f490b0fe9e3fbe4bca2885d739b9f3bf,2017-04-28
05c12734a5d14a9b9528b3eb84f30e50,8cda5fa80381ad8d09441fc5b3d5ff46,delivered,2017-05-15 17:50:19,2017-05-15 18:02:40,2017-05-17 14:14:47,2017-06-02 09:53:55,2017-06-12,5d9f48b95adf66ea25eac13fc4826dbd,2017-05-15
79352bdcfe2a8b0920999a804e02c6d6,3d52590d7de2640de56a6c562e932006,delivered,2018-01-15 11:42:36,2018-01-15 12:27:56,2018-01-17 14:58:30,2018-01-22 20:13:19,2018-02-05,0d5ab1fc17d8e60b3ee1e8bad41aeaf6,2018-01-15
bfe53abc61788e6ed7f64c2d7ccb106c,e8e910c6bf2020933d9ab5e394fd3954,delivered,2018-04-16 14:33:16,2018-04-16 14:51:07,2018-04-17 18:56:58,2018-04-18 10:43:29,2018-05-03,c06fd806752b504eca5cea51d4bc0c4c,2018-04-16
fa69e8d77e6f9d310a77c7dd43261ce7,7f90fc38b4630053797ca8d587d15964,delivered,2017-03-24 12:34:32,2017-03-24 13:10:13,2017-04-07 04:37:06,2017-04-10 09:33:49,2017-04-19,27fc99c1f816ef04db1a465708277bd5,2017-03-24
b42647c500cf637710473a668b0ff934,b491f58182bbd021637faee3a0de9050,delivered,2018-06-12 17:17:50,2018-06-12 17:48:30,2018-06-13 14:59:00,2018-06-19 20:58:43,2018-07-27,baee953dffdb3af75aef088bf6a24d72,2018-06-12
6ac7e852b9acd63429f9b6ac61ae165a,580d00c08e142c3ab462caed4eb94d78,delivered,2018-07-24 10:56:43,2018-07-25 02:55:23,2018-07-25 15:08:00,2018-08-09 10:12:33,2018-08-10,1600d3c2e067a36e34255f8457ed2eab,2018-07-24
32dd7913bfe4d7f0647e7d5a5e711f2d,f59a2ce7571f6e6e27c2257a9a28316c,delivered,2018-07-28 22:50:20,2018-07-28 23:04:18,2018-07-30 13:55:00,2018-07-31 23:03:29,2018-08-03,4d3b1d474a94887d1bde3f841e49b64b,2018-07-28
55aeba08a7d54fd54220244c4dfdb559,e2cbf3aa452a25609a3dd8aba84071a6,delivered,2017-11-24 23:03:16,2017-11-25 02:14:00,2017-11-27 16:59:06,2017-12-13 22:22:50,2017-12-21,52aab659d461564a0d0a0d28d2374e72,2017-11-24
910cfa0f385c892c405b48acaedf3382,35429bfcde1d02c1c64914c46ef6709d,delivered,2018-04-09 22:02:01,2018-04-11 05:50:20,2018-04-25 08:14:00,2018-05-02 23:51:18,2018-05-11,e21cb2f207381d3732c4a15917fca296,2018-04-09
9566c61747b7c6721e90334026dcd710,de3a77b7c985dbd4e42485ac20050031,delivered,2018-05-12 10:00:52,2018-05-12 10:12:10,2018-05-14 10:09:00,2018-05-19 15:14:28,2018-06-05,da0df0cb440ad9a8dbd6c46d7b56028e,2018-05-12
4a0c442614599b83a064e2889049712c,ac60ba24d89bd3131734f9f891b178e0,delivered,2017-10-02 22:17:16,2017-10-02 23:00:07,2017-10-06 15:43:25,2017-10-11 17:44:12,2017-10-18,ffc0ae560c10208ff8e7d8c0b9823683,2017-10-02
af581263488e6e37a5eecc8323943693,ccef9579d4093da59f1a24bed9091fd5,delivered,2018-07-11 16:02:22,2018-07-13 02:35:14,2018-07-13 15:24:00,2018-07-24 19:51:15,2018-07-30,de556953f937147c125f4b9bb95f815c,2018-07-11
e9a08885cc40da402fb893c56e9d27ae,19470ba9e004b052400bda6485bf0125,delivered,2018-02-22 19:52:32,2018-02-22 20:09:10,2018-02-26 19:19:17,2018-03-08 20:14:36,2018-03-16,681f292e3d44049750cab0ba5d0edbd9,2018-02-22
8c3c24873cc500e0003c7131265558da,f25016ac73279ad09553297de654c03d,delivered,2017-12-28 08:02:02,2017-12-28 08:12:30,2018-01-03 20:46:56,2018-01-08 21:27:47,2018-01-23,00bfe974afd63b30ed282dc69892fb98,2017-12-28
57c38272c5be87d337e47ad5f1d88343,4f2dbb2c0bebeb83611786c1fd76fc75,delivered,2018-08-06 00:28:49,2018-08-06 00:44:41,2018-08-07 06:14:00,2018-08-10 18:32:44,2018-08-21,856b96cff746b8cd17367dcc72189a14,2018-08-06
20f2024101e0aff5fd5990a605283ee3,4b62140bcbd887e90a27212db45d4226,delivered,2018-02-03 15:42:54,2018-02-03 15:50:33,2018-02-06 22:18:36,2018-02-17 15:26:44,2018-03-07,9cab38f1aaba02b14feb8a186ccec504,2018-02-03
ab8aefb183a8140b544a1eba6a139101,d14027a730cc5d88a590a3f064637591,delivered,2018-03-23 20:31:27,2018-03-23 22:47:38,2018-03-26 22:12:09,2018-04-09 18:58:36,2018-04-11,c6f717963e0abc6cd39c118721b6d575,2018-03-23
4a36f21a19a956cd848e968d56be9b58,d1caca8447ffa49ec825d20ac0d1425b,delivered,2017-08-28 19:24:55,2017-08-29 19:25:47,2017-08-30 16:00:02,2017-08-31 22:49:36,2017-09-15,3117074e68938a67f2039328776fd33c,2017-08-28
60f7281dad555389b327a7fc60e13840,e53a60bed275b3919cbb418cff61a55e,delivered,2017-10-30 19:39:40,2017-10-31 04:06:50,2017-11-01 14:22:22,2017-11-07 16:11:37,2017-11-16,e31ff76f9ed5c56994ddb84854357aa2,2017-10-30
9e131f842d7e07cecbaffc75897506fa,c5bfa0cc47e07f8ef82cf6d62f84e13b,delivered,2018-03-25 21:18:20,2018-03-25 21:35:36,2018-03-26 16:34:49,2018-04-02 14:14:47,2018-04-20,274c7800cda11096f81e2427618f830d,2018-03-25
ce4ba4deb893a9919c6fb459e3d59fcd,cba9db4d1d1575a05da555cccd362952,delivered,2018-05-07 14:14:45,2018-05-07 16:33:51,2018-05-08 08:51:00,2018-05-21 19:58:29,2018-06-01,6ff5b9e7142f8caa8b4958074afc6029,2018-05-07
22401427638873c7bd3cffca5c9f38bf,6f25d98f3f9e03ef507d02ee33430e21,delivered,2018-07-24 14:59:24,2018-07-24 15:10:20,2018-07-27 13:55:00,2018-07-30 19:21:40,2018-08-14,91bd1731b3e980852cf59e0309295129,2018-07-24
6c0579db279e926d14faf051deae3288,2b70ac59f738e900a7d1b8b6c29fd0eb,delivered,2018-08-07 01:17:49,2018-08-08 03:24:54,2018-08-08 13:40:00,2018-08-13 18:24:30,2018-08-17,8104ecb982dd3732001f64eb7406563c,2018-08-07
6c8d10bff26c00a7e916fa8fd5ce56d9,ac21249a3f3b99955d34c4cec649d6d6,delivered,2017-07-18 16:47:07,2017-07-19 17:05:08,2017-07-21 12:14:18,2017-08-08 19:44:32,2017-08-15,322c0c1c40458b93e125fa7d82ebabad,2017-07-18
0faa73d77b7f91828bd92315a94d6ef4,32502607d5a44f34e36748b136e26b11,delivered,2017-02-28 13:26:39,2017-02-28 13:41:43,2017-03-01 11:05:58,2017-03-06 12:34:40,2017-03-22,0ba49a67bbc6ebc3f3099eaf41f3194b,2017-02-28
44aec9c2be37dd0f0b954562c94ccfec,eb1f5775cb6c152c959d5a76a8204baa,delivered,2017-09-26 14:23:47,2017-09-26 14:38:12,2017-09-27 19:23:31,2017-10-03 18:23:40,2017-10-20,4f8cc6471488ecd895f2073b868929dd,2017-09-26
ccd47f941a32fe69eb9609d89692bbbf,dd8d07e16151dc953a7d0929a961c488,delivered,2018-03-18 20:18:21,2018-03-18 20:30:44,2018-03-20 15:54:55,2018-03-26 22:59:47,2018-04-10,049a4d30ddf74ba1729c3c7d7c04057f,2018-03-18
28b031abc340760284a1398ab8f6fd4c,7466835454af2415d592e2fe41a09c37,delivered,2018-06-22 10:18:45,2018-06-22 10:36:06,2018-06-22 14:04:00,2018-06-25 20:43:36,2018-07-13,1e7d7bb33f7619727525535c0a64c16f,2018-06-22
53802dd14f00658bd63315e41be39610,e20ad6ae9750273137d38a9353ffbcfc,delivered,2017-07-20 18:56:16,2017-07-21 02:55:22,2017-07-27 19:37:31,2017-08-04 20:39:46,2017-08-15,60b3c39fd9c3a096dd39d8ac0eed219e,2017-07-20
c5536b9cf89dc947c7c0d0287528cda8,2128111e20da14bbe224cebd51250888,delivered,2017-12-08 10:58:13,2017-12-08 11:12:58,2017-12-13 15:54:41,2017-12-29 22:52:45,2018-01-10,c731646b4a3d30a6fd8787e091dec49d,2017-12-08
e95917c63189f55897224422b107b459,44957bd5bff917cda4171a80395a6a0c,delivered,2018-04-07 17:07:45,2018-04-07 17:15:09,2018-04-10 02:12:38,2018-05-02 10:51:57,2018-05-10,6fe64f1493137591beb91d4f7f53994d,2018-04-07
ae0be4e1cb2ae75b372e2f055876ff07,d1694b32c845946992a1c03bb8914201,delivered,2017-03-27 18:30:34,2017-03-29 02:10:40,2017-03-29 12:00:05,2017-05-05 14:28:03,2017-05-02,c2b1595e01a2b5dc449b531dcddc591b,2017-03-27
57caee5837cc4a8f605f3a83bff208db,3529b35e86160baf0aa22a9770420250,delivered,2017-07-11 11:22:43,2017-07-11 11:30:28,2017-07-14 14:06:45,2017-07-26 10:44:33,2017-08-14,0010a452c6d13139e50b57f19f52e04e,2017-07-11
ae8f17ccd841c2dcd9c8149a2ac7ae65,296aac913de459261bbf2bfbb9980954,delivered,2017-11-13 21:12:23,2017-11-13 21:27:15,2017-11-14 22:02:43,2017-11-22 00:32:08,2017-12-01,901612011dfc5e3b9da79cf76f72f974,2017-11-13
e740ace20346291fd9846ed62c8c7bda,7bc093b1d5bd2f4b79162c6a22a51016,delivered,2017-06-01 18:49:16,2017-06-01 19:02:51,2017-06-02 10:22:08,2017-06-19 20:36:58,2017-07-13,695611a3bc4d03c7b84999d8441600d5,2017-06-01
46401f2377e0c45bb5483227a21b812c,1864828fc0be485be9870cb748d4d6a7,delivered,2017-10-05 14:20:47,2017-10-05 14:49:59,2017-10-09 13:38:14,2017-10-16 19:33:16,2017-11-03,28f28f97c803a1c8518b66a272660ffc,2017-10-05
9ee894e843daa29faa726a8b6a85df35,a8b45d3d35d2d62a50ca248376db52b7,delivered,2017-03-14 22:44:44,2017-03-14 22:44:44,2017-03-24 16:54:33,2017-03-31 15:57:57,2017-04-13,da437a5316e35511dcc01d2835d01983,2017-03-14
c394597c0ca7c76e816618529dcd9ef9,02f374a88c3b91ae024e4a6966d71ce4,delivered,2018-05-11 15:50:28,2018-05-11 16:18:24,2018-05-14 15:45:00,2018-05-18 20:56:51,2018-06-04,a85a25b2bd1193d70d8ff2b1562c8a72,2018-05-11
89aa696d2bae84d88b2f855b0db40800,47cfdf70fd5de9dbac30a0a436e7fa77,delivered,2018-03-29 10:15:46,2018-03-31 08:27:26,2018-04-03 18:27:59,2018-04-12 22:03:04,2018-04-17,e8f37d0d5ee4a4629f8639019e464af5,2018-03-29
0583457e98d0d734222af5237cd8fa94,ebac8d83849c9bd3204e23675e26a5e5,delivered,2018-04-10 15:25:53,2018-04-10 15:50:24,2018-04-11 20:46:24,2018-04-17 18:56:42,2018-05-11,bd45cc3d978aa1deea0c23ca2d60c54e,2018-04-10
b787096bc96d359f4bacc2f80047c2af,5f9740b680b9fd7d7c2185ca0fe1f574,delivered,2017-07-01 10:13:00,2017-07-01 10:25:15,2017-07-04 12:17:54,2017-07-06 11:58:04,2017-07-17,904c522e8faf10a3784a5862ca68867b,2017-07-01
ff07ff058c25c993a564127557043c5a,26691fd4b554daeab6e92626ac575689,delivered,2018-03-22 23:18:56,2018-03-22 23:30:30,2018-03-27 20:46:38,2018-04-04 17:19:20,2018-04-10,8f96fa2828aac67701975478e5de7e20,2018-03-22
0f6d4797b3933b25519398b754dfe58c,4e07dd0417777efe5b61679498ca7df1,delivered,2018-07-21 23:05:53,2018-07-21 23:15:14,2018-07-23 14:04:00,2018-07-28 00:44:42,2018-08-07,f7c974c3f336351fc19b2e838f9fb0e2,2018-07-21
1ee5d17041db39cb827e197b01ff53cd,02c2e2139222f456f8a73e0ef7d59a49,delivered,2018-04-13 19:26:46,2018-04-14 11:51:41,2018-04-16 18:28:32,2018-04-28 01:26:47,2018-05-09,b34c2a272b4b2a4b20679c7e0cc1fd39,2018-04-13
bec7d5a25c600cedea70947a1aa39092,745eaa8698b4c162b69a731316cb890f,delivered,2018-05-06 16:26:17,2018-05-07 09:14:14,2018-05-10 08:48:00,2018-05-16 21:38:35,2018-06-05,a657b54235be48ea97a5421ef6994153,2018-05-06
ace7aa756ef3c4d4d89c8d311d1bd0be,38224125387e55599f81b1c4655fb432,delivered,2018-04-09 21:43:29,2018-04-09 23:30:13,2018-04-16 18:42:19,2018-04-18 18:36:49,2018-04-19,2f7891320c893c33ac5cf12d66ef215b,2018-04-09
451fbdf4d10b8d3d4da3f5d226bc5ae9,abd10efcba52884626c22cdca7dba539,delivered,2017-08-07 16:20:45,2017-08-07 16:43:45,2017-08-08 20:45:56,2017-08-17 18:25:28,2017-08-29,9f4c36aa1686f840116ee318a5f32b11,2017-08-07
0bec9641279215e466966512f6b444cb,bdb599f32a95c53f1c17076217f3db9e,delivered,2017-10-04 09:57:16,2017-10-06 17:49:24,2017-10-11 23:07:54,2017-10-20 19:31:32,2017-11-01,888d3b72871bb77b66838b4b59a7497e,2017-10-04
24812bb88ca7c88144814233a1d6f78e,77fe80ba95f07692a4b59c0360d2331f,delivered,2018-01-14 21:42:32,2018-01-14 21:51:27,2018-01-15 20:24:17,2018-01-26 00:46:52,2018-02-09,39edb663209693c0c5490d8500fbe307,2018-01-14
547b3596c03dfad1b87305e9c5a554c2,e14b08a5e109d77846ce7d4cb8b12d6c,delivered,2018-04-22 23:05:38,2018-04-24 19:23:54,2018-04-23 19:04:05,2018-04-24 19:18:35,2018-05-10,799f96a722913e43fa42d9b0b49ae861,2018-04-22
94df1f9b9ae08c944036a4ef894be868,6b98e2694f54c88081d697a859f2eb1a,delivered,2018-03-05 09:45:00,2018-03-05 10:40:36,2018-03-09 01:07:25,2018-04-14 00:25:36,2018-04-03,e2a9bcb9f96037b1536e7feab4ffc879,2018-03-05
6ca45b5a3976343d5ac388f06ab70f09,c86d6f7e3ec3afde83e27950cdcefce4,delivered,2018-05-04 21:36:24,2018-05-04 21:50:18,2018-05-07 15:19:00,2018-05-11 17:28:43,2018-05-28,67517ba55bf6b8a275d7e45b15c2b317,2018-05-04
f83a0ce66c457dfdf564dafa364ae1d4,36b3d8619300c9c57d92f7a175452db9,delivered,2018-08-23 10:25:47,2018-08-24 10:36:32,2018-08-24 14:46:00,2018-08-29 19:19:31,2018-09-10,d08c29302907086e8fe823369542f3ae,2018-08-23
58c5215132c75e7d8226faaf2fab73a2,b4d23b30963fc02dd0e8f2ce917b2ecc,delivered,2018-07-19 08:58:48,2018-07-19 09:10:16,2018-07-20 13:59:00,2018-07-26 12:33:19,2018-08-06,79954dd2287a62e7d680548d0f2bce60,2018-07-19
c84590a1df6ea0f368982305cc668c46,6c1595b2f1b1609773c6f8b81031c1e8,delivered,2017-04-09 20:51:23,2017-04-09 21:02:19,2017-04-10 08:51:56,2017-04-19 14:59:28,2017-05-08,2174119e9583d406cfc2757aeafbd141,2017-04-09
8ecf756527d9cf65da9905fc38ce191f,bf573519a4128a9b186c883fdfa86006,delivered,2017-07-19 11:21:51,2017-07-19 11:35:08,2017-07-21 12:46:41,2017-07-28 20:22:44,2017-08-08,8655a9d6aba16088e25baccc133f3ffb,2017-07-19
db62e0a0d6c8476c079bda2174228551,0e0358ab8881973f3783b6c5a134a034,unavailable,2018-08-02 12:05:49,2018-08-03 12:04:54,,,2018-08-07,f582d9b093001521d8c5544ddc4f27c8,2018-08-02
3751767f4ddcfe9540bd8408a210a87e,8c03c33a08c916abf8b469b5612c42a3,delivered,2018-03-09 20:41:43,2018-03-09 21:20:30,2018-03-13 22:38:36,2018-03-28 00:27:23,2018-04-17,d39f59c9601619b7012b2479300a6b84,2018-03-09
3c3757e099924a1ef846889be651f146,91aee4d0ee42a532d122d9aa9255230e,delivered,2018-07-17 11:51:45,2018-07-18 04:35:13,2018-07-19 14:39:00,2018-07-23 16:44:44,2018-08-02,606af6bd25adb73532cd6c0e5d06ed91,2018-07-17
1ab55c7db816b2ab39b5b324a22f4251,15778bb5115aa08c143de76f1fb32f24,delivered,2018-04-13 21:10:56,2018-04-13 21:32:39,2018-04-18 02:14:39,2018-04-19 19:32:22,2018-04-30,4ca83a431453d9a255b231e87668e463,2018-04-13
a066c85d1e1e9a456a370a161d07f4d7,1546b3e5168a85e73bd978716d69aa9b,delivered,2017-11-07 19:27:04,2017-11-07 19:46:02,2017-11-10 21:28:50,2017-11-30 21:33:59,2017-12-04,8424f8f0fa1628643859fd076e1019a6,2017-11-07
be70f7847d04a2b2a559b992e92e21d8,f884cab2a438b4660410ce8df1d77d24,delivered,2018-01-18 14:00:43,2018-01-20 09:10:40,2018-01-22 14:22:48,2018-02-05 18:03:32,2018-02-20,097ae15fdfd6324caf34dc395545f506,2018-01-18
598e3e1a06cd6e5aa4779c6d4c11e11a,24f975454d8528ca3f05cdcc15329f4a,delivered,2018-07-16 20:53:53,2018-07-18 02:41:44,2018-07-19 13:49:00,2018-07-24 21:09:38,2018-08-08,84785c66e99975e647df36cee83cb4c4,2018-07-16
312a57661e067d44df1a3aa93b583a36,c634eae6e91f27d25b3da1cef9a23b3d,delivered,2017-12-19 13:41:31,2017-12-19 14:57:24,2017-12-22 00:15:16,2018-01-02 12:24:51,2018-01-24,f672e9e35e8cd96e92e31fb67fbca39d,2017-12-19
9e9c6cc35be71fb9615d8a289dbf39d3,c8b8581e1155e15c17f6ee4308ed9622,delivered,2017-09-26 19:17:06,2017-09-27 03:34:31,2017-09-27 12:47:32,2017-10-04 21:03:05,2017-10-23,da8912d6606bafc5b52bf257f2e0dd0f,2017-09-26
a229af912d66e534353b1fa59daef44b,8541728bf74c0f7a3277c15c4950a994,unavailable,2017-10-27 10:04:29,2017-10-27 10:31:06,,,2017-11-22,236bc753fd717415829966772fd12d58,2017-10-27
09e78337fade609c785bdc87f287a535,259be3b485b1e4c6f3e732d88d673e68,delivered,2018-03-31 11:09:58,2018-04-01 11:07:40,2018-04-02 21:59:06,2018-04-07 00:19:12,2018-04-19,07945f8606e69cb0e43700b586524050,2018-03-31
0dde32a7d38a8fd9a7e5b383271a5eea,14be3a39e6f9ac5eb3d4047b0e10c02a,delivered,2018-01-22 18:47:25,2018-01-22 18:57:34,2018-01-26 15:45:10,2018-02-06 22:53:25,2018-02-20,b280b21cbf50d47495d29845ec6449a0,2018-01-22
855a174fc0471c4ddf1a01a131c9cf6d,9544ada5916048c770957175f11aeab1,delivered,2017-02-03 23:26:02,2017-02-07 03:55:14,2017-02-08 11:48:01,2017-02-14 11:41:42,2017-02-28,0a45333d70af96b465d835bb6ae6949a,2017-02-03
97a046d5a9aba90849e4279fdd014fb9,7aa45f0da7dbc08f11d376d597b2403f,delivered,2017-03-11 18:39:33,2017-03-11 18:39:33,2017-03-15 11:58:26,2017-03-27 12:23:06,2017-04-04,1291474366a550ebc251d9187e763d62,2017-03-11
0e26d0a204b8688d2481b72560ac3ddf,67a7832d970ee56b142fae3633b38aae,delivered,2018-08-01 22:37:00,2018-08-02 22:35:13,2018-08-03 14:24:00,2018-08-07 17:52:45,2018-08-14,cd567470cb313f3778da7fb362604d0b,2018-08-01
c1aaa57bccca2685bc9efc87094b3662,fec029da0e401b9aa4f46df25d3b64e7,delivered,2018-02-09 19:04:22,2018-02-09 19:15:26,2018-02-15 16:37:12,2018-02-16 16:19:22,2018-02-23,2c98aa6e9deb2ca82b43b0ca3705a7a7,2018-02-09
6ea6f5d85441b7bfcccbc44e082d02e3,37d1749538dfc2e600e932c4f26d4805,delivered,2018-01-03 21:03:30,2018-01-03 21:11:20,2018-01-06 13:09:57,2018-01-09 16:59:38,2018-01-19,ca721ab0b41f40655019a336b6d59342,2018-01-03
5a6e89bbd9436596a727dee37c59a9da,d914f4e177e2821680e21684d05379a2,delivered,2018-06-23 15:25:59,2018-06-23 15:55:47,2018-06-25 10:52:00,2018-07-08 12:51:19,2018-07-18,27af998791f3f0f3eeb206d1f76ee30d,2018-06-23
60fc3da2ac0596b07fc0bf1d4e9b005e,2586ee19ba02a26fa0a5b76feb616699,delivered,2017-06-16 22:04:44,2017-06-16 22:15:24,2017-06-20 08:39:45,2017-06-27 16:32:03,2017-07-10,3efb4304e546ad81e39e65cd8db7e7e8,2017-06-16
5531fe7f2c87a5ace3b26b6d27014fac,b5b6402b9db02fbab100c228f449c936,delivered,2017-12-04 13:33:50,2017-12-04 17:07:16,2017-12-05 22:46:55,2017-12-12 22:28:32,2018-01-04,1cf650b3fffd6b475910a68c9f288c4f,2017-12-04
d79a5defeb5c3d2d81229a4cea976476,38ea8b9ac6e58928f083c96661616fef,delivered,2017-09-06 08:46:17,2017-09-09 05:04:06,2017-09-12 21:18:50,2017-09-19 21:45:01,2017-10-04,92d60fd2201b5330a8fc67e72845e00b,2017-09-06
14984dd96b9f40cfe572b31c79247c76,f6a53e7bfd553a8616b6b113fbce73cd,delivered,2018-02-20 16:34:25,2018-02-20 16:50:46,2018-03-01 23:42:21,2018-03-14 20:11:50,2018-03-20,f35b5c2b6e628290912f97deb457c38b,2018-02-20
222e1e28fb0988b1d06fdd31082d7625,6db1d46b53c6eebb6acf6f0f52736350,delivered,2018-03-13 17:44:42,2018-03-13 18:20:23,2018-03-14 20:14:54,2018-04-03 16:51:17,2018-04-04,9d3a7edbff93f003097cb138484f1515,2018-03-13
42f4c86bcf6208509573ee18d460b636,420c703f3f1139bbf850bd6d8b31490d,delivered,2018-05-02 17:05:19,2018-05-02 17:54:36,2018-05-03 15:16:00,2018-05-12 13:18:35,2018-05-21,55c5978e98d0ab56ad296f581dc0b65a,2018-05-02
8f126d353c3cf5fbebe0d2de3fc3dd06,97a0edb4186f404003107f9a94f8bf3f,delivered,2017-07-08 19:49:30,2017-07-08 20:03:31,2017-07-12 16:04:54,2017-07-20 19:44:41,2017-08-03,4b35c14a87877c1fb2186448bcf128a3,2017-07-08
4a6275d157fb6be4f1a49ee025e68c18,b327fd76ece769c66b82a814c1e82a6d,delivered,2017-09-17 22:37:47,2017-09-17 23:20:47,2017-09-19 21:03:15,2017-09-26 18:11:53,2017-10-17,40c3cd15b655e8e1cf6b96dd3cf8af08,2017-09-17
cf44876bfd55ae8410f52472df9007fb,242444a84a60084fec7c964b8048c91f,delivered,2018-05-02 14:52:27,2018-05-02 15:40:27,2018-05-04 15:46:00,2018-05-10 18:45:56,2018-05-25,a6e02bb5726752f81bd16ccc3ed5391f,2018-05-02
d071b7bd406df53883553c4eceb94936,8366f6a3bb6a89d07739536e2005cf24,delivered,2018-05-07 16:27:09,2018-05-07 17:56:13,2018-05-09 14:18:00,2018-05-14 19:28:27,2018-05-23,be4cb19272858d959b1f4738e8669150,2018-05-07
0e66640866a31ece3f09d5e8e99126a2,17d8a7100117d98c88e8c259bac4b468,delivered,2017-04-26 13:08:05,2017-04-27 13:05:32,2017-04-28 11:21:55,2017-05-11 13:09:56,2017-05-17,8e82d4d69d82cf596fb0c1f8f032b9a6,2017-04-26
db8eada3caefb89041191d366a349d85,52e697a7093de3141b225560bf164858,delivered,2018-04-28 12:00:20,2018-04-28 12:13:33,2018-04-30 14:18:00,2018-05-02 14:20:57,2018-05-14,134be76e0a726de8cd3fbf4ca184cc2f,2018-04-28
491e593aee916fa4bf7b6cabb2f80070,092770113dc0bfba2c362dba9b7903cb,delivered,2018-08-02 12:32:36,2018-08-02 13:23:49,2018-08-03 12:20:00,2018-08-07 21:04:25,2018-08-17,9f901bde9b9c27f73b6f9d15f2ff20c4,2018-08-02
51fea792e465500a842c7325adabf0ad,3c36ed23dfeb3ab95dbaca492472f1f7,delivered,2018-07-01 14:43:11,2018-07-05 16:04:56,2018-07-03 14:35:00,2018-07-11 00:22:48,2018-08-08,4c300fbfc736fb1ae2513862930031b8,2018-07-01
2d20b2e2272e869dbdc7f194d98e76a9,4fa13e7337b7e5ac87b133e2c7c6a432,delivered,2017-02-23 22:50:03,2017-02-24 01:05:33,2017-02-24 12:27:38,2017-03-08 02:14:33,2017-03-16,b1b39d2d7f736c765aa7a1752bfb47a9,2017-02-23
56dcfb3b5a29fb9edb862287a6c485a0,fc12eb2e05763798854a387f484fe194,delivered,2018-02-18 15:56:51,2018-02-19 16:46:54,2018-02-20 19:48:01,2018-03-15 20:24:52,2018-03-14,0fbf75396ef53a6edf84b3600614d2c4,2018-02-18
e7bf5b3305b73ad31a0306f433c8dd84,192c6d78c5af56baf060b9b2792bdbb5,delivered,2017-09-06 13:14:11,2017-09-08 13:30:10,2017-09-15 17:38:01,2017-09-21 16:13:12,2017-10-04,2d36150566df190083b883ed2f12cc7e,2017-09-06
4cff2c47144ef818a9d9e6ef853b2bd2,67526e56370e8de6a3e0f128d8e331b6,delivered,2017-11-27 10:40:50,2017-11-28 03:44:48,2017-11-28 22:48:52,2017-12-11 21:41:47,2017-12-19,5b7a937997fcb7a5a89549efc512b9d9,2017-11-27
4f9a350ccfff326b528a0d7e24ca8743,2d8610587725959ffe9ff9e9696f6c86,delivered,2018-08-19 08:24:27,2018-08-20 11:10:16,2018-08-21 14:54:00,2018-08-28 19:11:05,2018-09-03,3db70423f1e5cf9d8aba8a2d460f1700,2018-08-19
632532c6ace2a1281a27e66bd5f4278f,0f11f3592b2780145f6e1fdd6119234c,delivered,2018-03-07 14:04:21,2018-03-08 13:55:35,2018-03-08 23:36:29,2018-03-27 17:13:03,2018-04-03,3c3dbbf3d36a7a4587efada79a3166cd,2018-03-07
f2b2293097b45c698c9d524667b319e7,40da32f88ff82de9fec41e8c3de5a273,delivered,2018-05-11 13:41:16,2018-05-11 13:55:24,2018-05-14 13:44:00,2018-05-21 10:46:33,2018-05-30,6be0347e28012e0a386ea2336eec4267,2018-05-11
1a79fd4d46c70e9342008e9057e615da,2e30eb02d277ad000fad7282fe758c35,delivered,2018-03-25 18:43:55,2018-03-25 18:55:33,2018-03-27 01:36:30,2018-04-04 15:31:43,2018-04-17,a97b71132c55bee38f177cdc7e3be621,2018-03-25
988117e4f714ed70371d15b7063e0add,b7c298836e032af92023696084c6350c,delivered,2018-08-05 12:20:50,2018-08-05 12:35:18,2018-08-08 16:18:00,2018-08-10 00:44:52,2018-08-14,0fd9b568c34096e7d1b68f52f9cfbb5c,2018-08-05
28ef7ea1532ed7eb57904e7e55e9f6a1,39ce40c5b233c8f232fd274a8bff6089,delivered,2017-08-31 17:48:33,2017-08-31 18:05:20,2017-09-04 15:14:46,2017-09-15 20:05:52,2017-09-22,88793d85c9f65e4b66a8687c109201b3,2017-08-31
33a7b8ae888999afb219263e9a36fb77,028514f8be6e8c2adb9d0b4647ef3a39,delivered,2018-08-19 21:37:54,2018-08-20 13:31:53,2018-08-20 15:47:00,2018-08-28 00:29:22,2018-09-06,be4d46b2c26abc0280f42d8325aa54a0,2018-08-19
6ceec659ff4d6720d0296d133cb49745,1ffd4ed29264828d00542426f5285dac,delivered,2017-11-24 22:11:55,2017-11-25 01:14:01,2017-11-30 20:21:50,2017-12-20 20:32:53,2017-12-27,fb39f19e07718c98dcc19dd8775216aa,2017-11-24
28338f972c72eef77e6751ad3657284d,20c00fa1bba1afbd5ad4c8ea594e2dff,delivered,2017-12-22 16:20:03,2017-12-22 17:02:12,2017-12-26 19:22:12,2018-01-08 21:17:27,2018-01-29,e714d40688a59541fc69ff115611aa37,2017-12-22
e0f407a849b857359cf7e72ed6348298,63cf63c436f143d146e1c84703b27f7f,delivered,2018-02-01 11:50:50,2018-02-01 12:15:37,2018-02-05 13:44:51,2018-02-19 20:53:18,2018-02-26,7e39a85b298e4ba2859b0a78662ae444,2018-02-01
a50a23ee8e09f54388b66da19c633bc4,c41942f9066d318a16a84e5f467a7919,delivered,2018-04-07 10:56:18,2018-04-09 08:09:28,2018-04-09 22:52:24,2018-04-20 15:36:24,2018-05-09,ef6f8fd740ae1fe88a80a321306bac50,2018-04-07
bba3a4e52c97d6726d2faf1f91016c86,5f09aa87610a98957168855e0b781b09,delivered,2017-12-14 09:47:08,2017-12-14 09:54:27,2017-12-15 19:08:38,2017-12-20 18:29:10,2018-01-09,9cbd11daac8f21468a69219da8eeed76,2017-12-14
b2d002459b0fe0b25867248375558792,80e2067c90d027aa3fb01ece7f52571f,delivered,2017-11-09 12:56:00,2017-11-09 13:07:19,2017-11-09 18:38:48,2017-11-10 21:52:01,2017-11-23,ad25a8b8f6303fa2018af0d1d08cbfbf,2017-11-09
aa2a0609fab50d659ead956ec8f69de1,64db84b65ce929e0a68373aece3e6acd,delivered,2018-01-14 10:38:47,2018-01-14 10:49:42,2018-01-20 00:32:30,2018-01-23 17:23:24,2018-02-15,0e89380610546ea4278427f16f0412e3,2018-01-14
f116ea300d14283e0d41ee15a18c93a6,e0cb06a5fc2c774c1e32318765851dd2,delivered,2018-05-01 23:31:09,2018-05-03 04:15:16,2018-05-03 14:12:00,2018-05-08 21:18:41,2018-05-28,e002c49d983176df64a60c97f8d9cea3,2018-05-01
83fc33b62b8c7c39e2258d081955143d,c6eb22e4e7b7e5b871c06250c3296ef9,processing,2018-05-15 20:00:48,2018-05-17 02:55:42,,,2018-05-30,eff7f8418f7ad67b41297547be46e0ad,2018-05-15
2fa74b22c65ece27ba1edf1f40354e19,bdabc3470015248fd35dc88e7709a0b6,delivered,2017-11-30 10:52:33,2017-12-01 11:31:46,2017-12-04 11:03:51,2017-12-19 00:33:51,2018-01-04,be8800f6bc6c1521f4f0e6f68bf835ee,2017-11-30
05822c51346e781a05c5d2e497f1ccc2,6da649023525b7a22b12737c8f18423b,delivered,2017-06-30 21:49:43,2017-06-30 22:03:24,2017-07-07 19:22:41,2017-07-21 20:04:36,2017-08-09,bb1770ae9e096a25630b2404ed9bcbc4,2017-06-30
a4d7798ee6134112ad2d8b3038c03cb1,19a0ad0f6adbd1761573d5807530f971,delivered,2017-09-11 23:17:32,2017-09-11 23:30:15,2017-09-21 20:00:15,2017-09-29 21:33:30,2017-10-06,88816571d07f9c0a20f4acf6380bc8e3,2017-09-11
b6a5d12becb37fd570472afa5a0daaba,35d7cb8a1edf1e3b3addcee35432082f,delivered,2017-11-24 14:25:02,2017-11-24 16:34:53,2017-11-30 14:47:06,2017-12-11 21:22:52,2017-12-15,7af497e689e8803064f56a8fb901da54,2017-11-24
e3a77965ebb85517b83f95f176ed1e57,3eedf498b1ab8e3143be0153cbeb4441,delivered,2017-07-17 10:17:43,2017-07-17 10:30:21,2017-07-18 18:38:46,2017-07-26 18:34:23,2017-08-08,89d5507e61188bda8e07ee3daa4f45a2,2017-07-17
d72f1372279cc7f3656e8253e755ee79,6c32f357130ee67a9ff3841459f2c86b,delivered,2018-04-16 18:01:55,2018-04-17 05:51:15,2018-04-17 21:37:49,2018-04-30 19:19:36,2018-05-14,608d1a26896d1f2b65bfc779eabdf487,2018-04-16
c2f068ae849d057bf039aca384d2591d,64a9413c0d06e2170ffac2219c86bd19,delivered,2018-02-23 12:58:22,2018-02-23 13:15:48,2018-02-27 13:27:01,2018-03-05 14:13:46,2018-03-21,56e06272391aead8929ecd6878706019,2018-02-23
db1ae8f588760472271b496a2459ba6c,128dfb72bd29cd4dcc32059adb91c97e,delivered,2017-12-20 14:40:01,2017-12-21 14:31:29,2017-12-26 21:39:37,2018-03-14 18:45:24,2018-01-22,0a3914c4e984aaedffc767c38030bed2,2017-12-20
14a206c35ee9f241453e58a9b26bdc76,3b3702fc4b46a726bdfd0b51733f6f69,delivered,2018-03-10 11:13:59,2018-03-10 11:48:16,2018-03-13 23:48:48,2018-03-16 01:14:41,2018-03-22,04cc4b5d5509cedb9a9e98cb34417d56,2018-03-10
27c49582f6db334767487df0646edb04,f46b0601b70c9fe11759823e2e6520bf,delivered,2017-11-29 13:44:07,2017-11-29 13:53:29,2017-12-04 20:29:32,2017-12-11 20:51:46,2017-12-22,c1ef581a9af244904429f1828f2747b8,2017-11-29
2be4f7f37164c023bcab8f6468685f35,ac69761241fd49d49eaf17d92e602fd3,delivered,2018-03-14 09:25:14,2018-03-14 10:00:28,2018-03-14 19:36:45,2018-03-27 19:25:08,2018-04-05,9c484b592be6888bb7af73463850f1c8,2018-03-14
a64ed3b52bdd8f1f7a42cf35e82db501,2a88d24a9b440d400002b6a32e35cb9b,delivered,2018-01-05 09:27:20,2018-01-05 09:39:30,2018-01-10 20:18:49,2018-01-16 17:03:27,2018-01-30,b9cf7914451bd3e7241b94513c574793,2018-01-05
d9494d64d68f5be382644c6d748794ce,82a4593f9f099724e0e3c93993dc6cbf,delivered,2018-03-23 14:53:19,2018-03-23 15:08:46,2018-03-23 23:58:28,2018-03-26 16:16:44,2018-04-06,7cd8acb216cacfd68c42c9835ceda0ad,2018-03-23
0bc39bd28c890bfc209ed033de71bbd4,258a9a5463df41a824ae9f7cd9d7ae5a,delivered,2018-03-08 23:48:42,2018-03-09 01:22:59,2018-03-13 00:32:12,2018-03-15 18:52:18,2018-03-26,cf7c722c7f650a71ecaa5079cd85c6b2,2018-03-08
4248cc55f19d24204c0c33dbb85fb696,d706ed121a700402a00a1e331395c6a5,delivered,2018-03-12 16:10:40,2018-03-12 16:27:54,2018-03-13 18:07:44,2018-03-22 12:39:00,2018-04-04,fc5bb01ca8c286960484914ced6e7616,2018-03-12
40ef7aaf85b2ab8cf2281b9c7678468c,2bc76a59a92b61074b9ce50c9b60b96d,delivered,2017-12-18 02:00:11,2017-12-18 03:12:22,2017-12-20 00:56:53,2017-12-26 18:37:33,2018-01-11,81cec23e4fa70dd26ca3a121836a1e76,2017-12-18
450fa7604128b5ab721a6bca04843efc,69d85531449d35e17ae35fb2a403a5cc,delivered,2017-10-16 21:40:33,2017-10-16 21:50:20,2017-10-17 18:07:16,2017-10-18 18:57:38,2017-10-26,4dd562dfac61a63996ddff382ff77e96,2017-10-16
96d4ceb5b0712cdd069256b87084f728,0daca68a2af35dd70f8441250be50c6e,delivered,2017-10-06 16:19:03,2017-10-06 16:28:30,2017-10-11 17:05:38,2017-10-16 23:07:52,2017-11-03,cf8184665e75b70ff95922909d792bdd,2017-10-06
6077f256190b5f314ddd4051f25d2c02,5d3eebe078426a04dfb7091de73314f4,delivered,2017-04-12 16:23:23,2017-04-14 02:46:00,2017-04-17 15:06:43,2017-04-20 14:50:23,2017-05-04,0d3fed999b1784f0b72d86d4c35533ce,2017-04-12
a09a1cd89b42dac119675e8e9daed651,800604e8e19c792e62f85c2e8460e8a0,delivered,2017-05-11 16:33:46,2017-05-11 16:45:24,2017-05-12 09:57:55,2017-05-18 11:07:58,2017-05-31,d2e06879f876c6324693e96b0be07cf9,2017-05-11
80e1772e4e695fb8c74ccec030acdaa5,11210f93e29a4e9a61244d1e72da8d64,delivered,2018-06-24 15:08:42,2018-06-26 04:59:04,2018-07-02 14:34:00,2018-07-11 19:57:29,2018-07-30,f011ec6a7ffc9c940ebf00a55e0e1dc5,2018-06-24
39ad0c5033f19e6afaf54885158b5aeb,fb7fd95769f1743dda7465e64f290d3b,delivered,2018-06-20 12:15:59,2018-06-20 12:40:51,2018-06-29 16:05:00,2018-07-04 20:48:42,2018-08-07,7bcf1cc174419046b5c554e770a7e2a7,2018-06-20
33df70afce3d048ea97b52a230185c90,fb88930922844557bcffebc8f3478fca,delivered,2018-08-07 23:12:28,2018-08-08 23:05:10,2018-08-10 12:07:00,2018-08-14 13:03:40,2018-08-24,183ae197d39a50d6286b7abeac5f0675,2018-08-07
a8e71f90cc64f1bb855f48a020bb463a,f3e417e7a48199977a2c9b58b7cf09bf,delivered,2018-04-26 19:25:22,2018-04-26 19:35:22,2018-04-27 12:32:00,2018-04-30 21:38:45,2018-05-09,1772d62f5099be6942fbb3d3e881cc7c,2018-04-26
bc5089284951e16d020460e18de85fad,0d4a5cdbedc3aa83305c5d5ea18a19de,delivered,2018-03-24 12:10:07,2018-03-24 12:27:28,2018-03-26 20:42:44,2018-03-27 22:48:49,2018-04-06,c4d97ae02f462bc5e0733b1cb84156d3,2018-03-24
534d77dfe962b8d3c624d2f069723b92,31216290711687fdd3c7fec5f4893ddc,delivered,2018-04-16 19:38:25,2018-04-16 19:51:50,2018-04-17 19:21:10,2018-04-18 19:21:53,2018-04-26,f56f758f888eb7bae8a963f2d6e4f4c2,2018-04-16
ccebcd5c2e0f34354c3a594331678a52,019a09b9518cccb899cde6033ca0af68,delivered,2018-02-12 10:09:45,2018-02-12 10:28:10,2018-02-15 19:49:13,2018-03-02 20:07:47,2018-03-13,6ecbce93c4d87e35407f2ae34725e341,2018-02-12
bc54f31e7b469e9a92a649df95f54067,874334459e24e6ddfa3a326253f9f327,delivered,2018-06-17 21:00:56,2018-06-17 21:14:06,2018-06-27 06:02:00,2018-07-04 23:17:44,2018-07-27,b77cf9f85d67e9444d70956a8251e548,2018-06-17
9f80c79b3c2260ac4352d49fea965897,bd5c3a196a27361936b5ff684b567570,delivered,2018-06-16 14:27:04,2018-06-16 14:58:44,2018-06-18 14:42:00,2018-06-29 08:32:14,2018-07-13,032ddb0b6d452c1a3eac72cf33ee8b96,2018-06-16
a5963ec55629a3be5270283db13391a6,cefb86c8a049061f380600766d73ec9c,delivered,2018-08-11 21:48:41,2018-08-11 22:04:24,2018-08-16 14:43:00,2018-08-17 22:34:45,2018-08-20,104e6031bebec912a487da1488687942,2018-08-11
b8e050c168370eed245ccf612471a597,698b389bc24dc5e637e772a2b4ebab67,delivered,2017-12-01 08:43:40,2017-12-01 11:32:04,2017-12-04 15:49:02,2017-12-12 23:14:53,2017-12-26,c39cba687c7732b71518a21ecc2cb4b2,2017-12-01
2db84a082bda455eb1da10727e7ca621,12f0a2db64cb3b8ffbe0a340acb99050,canceled,2018-02-02 15:29:05,2018-02-02 16:00:26,2018-02-06 14:54:44,,2018-02-20,cb3e281051f38969721e8c07190d0c40,2018-02-02
3e5a5f26a57dc7918c951081887b0e88,f427fb5c3dde65b7d92a9bf57c2d9dd1,delivered,2018-07-02 18:46:20,2018-07-02 19:10:45,2018-07-10 13:50:00,2018-07-26 17:41:54,2018-08-08,e4e1fdd77c8df5faf29c1a8f637b6afd,2018-07-02
e105d0f5799042c758b417e6dce2c3a5,c329c0883d4e70ebb322ddf77e68fecb,delivered,2017-08-09 12:30:18,2017-08-11 04:26:18,2017-08-14 21:12:52,2017-08-25 18:05:13,2017-08-31,543e8d013b09dbcac13ca7e1b4051a37,2017-08-09
d57ee317a5cd7f23d06b203ebdc2621f,5ea7dd7ba0d9ab74fe32c6858c42866d,delivered,2017-10-29 23:07:30,2017-10-29 23:15:15,2017-11-03 11:12:08,2017-11-09 21:33:56,2017-11-17,bd7e16d1c0032497400c7f1cb1c71808,2017-10-29
dad0fb5cfff80802c2917a9bdef21bd4,1a6485e76c0643994cedafa270691991,delivered,2017-03-18 08:17:01,2017-03-18 08:17:01,2017-03-29 16:17:47,2017-04-03 09:54:32,2017-04-24,1e8335fd9d2436f676aeb0b81b167968,2017-03-18
f3a2cb6bc4577a27c9e494b14710aafe,8761f84f3214980abeaa08e4ae6595ce,delivered,2018-04-25 20:08:04,2018-04-25 20:31:35,2018-04-26 12:54:00,2018-04-30 16:22:06,2018-05-17,9de6b994730e2b4b7c3aba2a457c26ff,2018-04-25
b19f37ba4b4c83791c9bead49f965926,0b873e99a8f0f2b3432d1678dc3fd2a0,delivered,2018-04-03 10:18:33,2018-04-03 10:30:32,2018-04-03 22:03:08,2018-04-11 15:58:50,2018-05-02,e7ed4f9558a25b5403b41224518d052a,2018-04-03
43c37b919d77db66c82f92bb20543879,cf22238cb2f930cf2f983e1d399d80cf,delivered,2018-04-25 22:37:56,2018-04-26 22:30:17,2018-04-27 14:34:00,2018-05-02 18:28:42,2018-05-17,92790ab52c8eee3d0706cedd248f2293,2018-04-25
d72d3f4cc43d48736c9d01b802a85bd9,2029c97567a35f65fd61b2b78eb092f4,delivered,2018-08-18 09:15:39,2018-08-18 09:30:17,2018-08-20 13:18:00,2018-08-24 15:58:28,2018-08-29,f28e6e9c16aca6ed78cdaaa4f46a7cc8,2018-08-18
a65a9341ffd94a1881a1fd34436155f9,fe0eb85bd063e95293ac7731b8e8f974,delivered,2018-05-09 21:15:21,2018-05-09 21:34:14,2018-05-10 14:00:00,2018-05-15 23:21:53,2018-05-22,e94ffbc6523f3c3c2c3d9b3cdc0081f5,2018-05-09
6a98404a0f7370f4922f570f83cd508f,7469e9b3dec857980ab4592b5bedeb78,delivered,2017-07-23 20:00:40,2017-07-25 03:30:42,2017-07-26 09:06:45,2017-07-28 18:41:45,2017-08-11,cb29f0cbb169b96f94f9394e1b6bc872,2017-07-23
9caafc4899f9ae1afc02c6fbc8936180,1fb007447c1e0b6e1f0a7dfb5eef11a7,delivered,2018-06-21 07:16:23,2018-06-21 07:37:54,2018-06-21 08:34:00,2018-06-26 16:48:19,2018-07-16,d051c80c891df19943e608e2fd79a4c3,2018-06-21
da52966ce7dbd653b40b1fbbeaab6767,8c9e548518140fc63d1628623658c2f6,delivered,2018-02-15 10:31:58,2018-02-15 10:47:57,2018-02-20 18:32:45,2018-02-21 20:32:21,2018-03-02,ff917c9a5c8153119ba15b468afe1542,2018-02-15
373dfc7dcfcc86a8ffd1933a56576ce9,9daf87c91695d8cf63286463cdc69191,delivered,2018-05-08 19:25:07,2018-05-08 20:31:42,2018-05-10 09:16:00,2018-05-29 18:58:31,2018-06-01,121037d818f2d8cc570a32546c7801fe,2018-05-08
c429015a547bb07b324a714d0800f1be,c6a209a9cae13f4768c11cb3812740be,delivered,2017-07-11 11:32:28,2017-07-11 11:45:21,2017-07-20 20:44:33,2017-07-28 19:33:11,2017-08-10,61097dc6883dd5e075fa2fb36ada4875,2017-07-11
a5030749302e7c9a21f56e55fc391341,db923ab57ea2d9e73563d6a69825da4b,delivered,2018-07-04 09:52:09,2018-07-05 16:33:23,2018-07-05 08:47:00,2018-07-11 23:29:42,2018-08-01,6362edec63b10f16e4ac57ee01381ef1,2018-07-04
e8c8faf5a3bf5f4897ae8ca83902afe8,7bb9480c1d5413975d01c3caefbfb081,delivered,2017-07-29 08:54:32,2017-08-02 02:37:17,2017-08-10 19:13:41,2017-08-14 16:18:06,2017-08-17,50aca4b5709faf74f552ee07798b4b52,2017-07-29
369c055c7ea13627ab3d3100c5af3e8b,c5bc0b02e0859e93ca70abdf22e9dd59,delivered,2018-08-06 15:03:53,2018-08-06 15:15:17,2018-08-13 12:01:00,2018-08-14 15:52:44,2018-08-10,fb8b9c8f55411c927b6584f60d9cbbda,2018-08-06
d17af0e622acc56678df36ccb59c171a,33615d52f0c92e6958cc42155ec4f68b,delivered,2017-09-30 00:44:35,2017-09-30 00:56:15,2017-10-02 20:32:19,2017-10-03 20:43:58,2017-10-19,0bc23481391b2c2c074ec00191e794af,2017-09-30
af8822dc30a41edce5b644f195e3f269,9fcfab0ef8326a8e5d435076772086c4,delivered,2017-02-13 15:55:09,2017-02-13 16:05:23,2017-02-14 11:05:39,2017-03-09 09:37:44,2017-03-20,e10142a5628ef46a46277528061e78a6,2017-02-13
036c6f5c3d6a81192f4896ddb2c00c83,7568855ab7b8c08837d50e8d9827090f,delivered,2018-07-22 17:08:05,2018-07-27 23:31:02,2018-07-24 14:18:00,2018-08-03 14:03:12,2018-08-16,327d5e33e57f7c4d96aff80677f25d94,2018-07-22
b7a8a6b5eb0a253e2d80e80bb3badbe2,a023459b1f09822fe227fa0db9f3f0ec,delivered,2018-04-19 22:06:20,2018-04-24 18:03:14,2018-04-23 19:36:27,2018-05-03 13:02:56,2018-05-14,0ceb502fc33a2ad327b08288c5310e2e,2018-04-19
42006f4285a74fe6aeef976170d01e60,fa2a8cc9a1efb325b1d9bf94e57a629e,delivered,2018-08-22 15:53:04,2018-08-22 16:05:21,2018-08-23 15:23:00,2018-08-28 00:14:24,2018-08-30,51c3c1f2163c5e5a546e0478cbe00c57,2018-08-22
40aaae873a0360f8189aa9ad6a528fe5,02c3ef2028e6224433a0ed8c4aeb9ba5,delivered,2017-12-04 11:10:38,2017-12-05 04:11:54,2017-12-05 20:54:34,2017-12-13 19:25:27,2017-12-28,d7ca1f3f3a0c3d354c7c13b3a414ead6,2017-12-04
d81873131923e5aa4f6dc362f77116a2,2d751f5b37b5eba217d21e3f60ccbf80,delivered,2018-04-08 19:09:50,2018-04-10 03:35:25,2018-04-10 19:14:47,2018-04-16 17:48:38,2018-05-03,61ae3fcc0e225678d2a55686b426d333,2018-04-08
1fe1e978b92f7df05fbfb749a2d20624,f4594a41e1c0ca5f4da786cf5ba9000f,delivered,2018-01-10 13:26:53,2018-01-10 13:36:32,2018-01-16 22:15:14,2018-01-23 21:43:10,2018-02-09,c80ef1fc8e206dd5be14948a9b8e4f44,2018-01-10
30c6565276e0294593392b8f18be62c4,e7c69a66bb533b0fd360a00c5f453ecc,delivered,2017-06-16 15:24:22,2017-06-17 10:05:13,2017-06-26 07:59:46,2017-07-05 14:49:56,2017-07-11,d20a4b1d01042fa5d83a8e0a9edbf95e,2017-06-16
dca482e5aa125557f2b6522c4c85de34,58d0b942bfdee28b71517a4139f96043,delivered,2018-01-31 11:54:56,2018-01-31 14:21:25,2018-02-06 01:14:05,2018-02-20 14:03:59,2018-02-26,29111a0ab566eb553bcbdade58b01d0c,2018-01-31
3a25790f0659c035cf7d5e3208deb6ce,64e07158c9d5745739e99b22c29b03b1,delivered,2018-07-26 16:53:33,2018-07-26 17:10:10,2018-07-27 14:51:00,2018-08-02 12:49:03,2018-08-16,2329e176e6fa26919d55839e0421906f,2018-07-26
0e708996976c68e134fee66107305c6a,e0f3079d7a5f0cf9284ff3476dd2672d,delivered,2018-03-10 17:44:21,2018-03-13 03:50:45,2018-03-13 21:24:48,2018-03-22 17:51:17,2018-03-28,53cf88168394be38b3aa9aabf0e11364,2018-03-10
89ad9301604c76e365ba9b9db109bcaa,aa1049ca8480f79761584cd0506de395,delivered,2018-07-19 08:39:07,2018-07-19 08:50:17,2018-07-19 12:27:00,2018-07-24 21:36:42,2018-08-09,11114e2ead716fb5f5f433f47d37d61e,2018-07-19
f32d7a54ec5a62d53d78a7c812c9eaa8,ca1023aa63b961bbc962cdcff0f1bf39,delivered,2017-12-08 11:56:42,2017-12-09 02:34:26,2017-12-11 19:33:56,2018-01-05 17:20:28,2018-01-04,facbacbd926f273d0690b476534c9480,2017-12-08
0c9850b2c179c1ef60d2855e2751d1fa,3bb15be93abf3c2a684d163ba6faaa5b,delivered,2017-09-04 15:17:11,2017-09-05 15:24:16,2017-09-06 20:08:51,2017-09-18 19:43:06,2017-09-29,91ffaf5eb7f4bd6a48b07f3546fb7a99,2017-09-04
6779036ed0ba358b53a569a733f3e408,dd67e5970a7912e2057d2af99b15467d,delivered,2017-09-09 17:12:59,2017-09-09 17:28:56,2017-09-12 23:42:53,2017-10-09 21:25:28,2017-10-02,6debdd7009de6875c0871f7359dab059,2017-09-09
a28ab5346693e4de68e085a9ca62da56,ebf86ca79813b04fc5f6641638ebb9f6,delivered,2018-02-05 14:16:18,2018-02-06 15:11:24,2018-02-09 20:34:46,2018-02-17 16:27:04,2018-02-21,4e96e7e01faa4e1f7f5079fc62ec8454,2018-02-05
17f6b36b21f52d18d86ad4b667495d03,fc408dfc94cec2624976c8c0d5bcea86,delivered,2017-10-21 19:21:08,2017-10-21 19:35:14,2017-10-24 19:54:56,2017-11-08 13:41:16,2017-11-21,815a6fdcd37de17a0a77d096aeb2110b,2017-10-21
db658dd622104d1e0dc6d4728bb3e267,5802117906b3f17c9e4878228d244799,delivered,2017-08-23 12:21:06,2017-08-24 03:06:34,2017-08-25 19:26:01,2017-09-01 18:52:19,2017-09-15,30e8a3f7ebd0569d872dcab7969dca1b,2017-08-23
cd866ebb9aa10bfa70f22d11e82bc4e9,003177b3eeca50af17750f53802c9a09,delivered,2018-07-08 15:48:40,2018-07-08 16:05:22,2018-07-12 14:43:00,2018-07-25 11:59:55,2018-08-06,20681391edaed7eccd918d4a74f8a570,2018-07-08
e865720063d35fe789029a6021f2df31,eb70fff1e6f5d8c627864ac88b9859c6,delivered,2017-11-29 09:37:47,2017-11-30 02:24:32,2017-12-05 02:49:52,2017-12-19 22:43:52,2017-12-28,5a6637b7f03edf22def5e269822d4326,2017-11-29
03053b1cb20006c7f8160754d56f4f6f,1f33d0198032f3cb27bfe03e09064bdf,delivered,2018-02-19 13:18:57,2018-02-19 13:30:46,2018-02-20 20:49:07,2018-02-23 17:53:05,2018-03-13,8a08977c898feecd2e101c2a27890ae9,2018-02-19
dd0cba59df3a0bfd6e21bdd9cfefd7bc,1191179e28fa9807cd21f14b5bbb22e2,delivered,2018-06-04 17:47:50,2018-06-05 16:35:20,2018-06-06 14:47:00,2018-06-11 15:03:10,2018-07-30,d8274cd52cffa1f1fdc4d056fe63b892,2018-06-04
f358900ce6c3997929cb9758ae638a16,0c9e8b5af54bf6151ad92274c63bb913,delivered,2018-08-24 08:45:38,2018-08-24 09:04:18,2018-08-24 12:31:00,2018-08-27 20:50:30,2018-08-30,8ff41cac6dc5c11fa1c5f47f111dc883,2018-08-24
10074a98ead181e64616038989bf97f1,f5c69b009b68c89c1ea19a9311907436,delivered,2018-05-13 17:41:38,2018-05-14 17:35:29,2018-05-16 14:49:00,2018-05-22 13:38:36,2018-06-04,d3f79d417a876b2f5a088818f555f662,2018-05-13
0c4e23cb9c6ec62bd75c1019d58747f0,b759f23fd1901915ceb362ad5e66d5c0,delivered,2017-06-23 22:36:21,2017-06-23 22:50:16,2017-06-26 15:58:04,2017-07-05 14:12:55,2017-07-19,cfb03212239ea4d7e725411e19af2996,2017-06-23
9cdc72b55b79350079c72ed8a2e8ee17,0145ffd2fcca22ddeebbcd95f7ad890e,delivered,2018-05-09 15:45:12,2018-05-09 16:16:28,2018-05-29 15:31:00,2018-05-30 18:48:23,2018-06-11,c8fb284ae00d32a177121df1a57d88fa,2018-05-09
f6c27d701f56908211977640291b3ad3,3ca443f2eb396c52fb0e3c6ee0584f8e,delivered,2018-05-15 12:02:10,2018-05-16 11:58:28,2018-05-16 14:41:00,2018-06-13 18:04:49,2018-06-05,45710f429a5844b0b9df75dd3b3bd723,2018-05-15
c8d07bf0161cd0a2aacc163c238f397e,e312f3c85be577c566c09d776b380735,delivered,2017-07-10 19:37:07,2017-07-10 19:50:17,2017-07-11 16:57:41,2017-07-13 19:32:20,2017-07-28,b4afb55d2d38d9bbe0b83ec108c3e77e,2017-07-10
363f71c17d9b18f15c891f495e6fe713,9af8912973a0e63ecdee99da3c95c5dd,delivered,2018-06-02 14:19:50,2018-06-02 14:30:15,2018-06-04 13:12:00,2018-06-12 21:21:59,2018-07-12,bab7d62239e46f653ba154c58c77ac17,2018-06-02
7e58fa9d237f327d3779827e62ed965f,781631db44968ee7218c9602594751ca,delivered,2017-07-24 16:14:57,2017-07-24 16:25:14,2017-07-24 21:24:11,2017-08-01 16:38:10,2017-08-15,a3fcba1358a1a08815de0d6075e633ac,2017-07-24
8b79235214c377ff89c61ab4667f404f,b2ce968dfdaf1da5b510bc7f310f8dd9,delivered,2017-11-20 12:53:36,2017-11-22 20:34:27,2017-11-23 17:12:25,2017-12-19 18:53:11,2017-12-12,71b14aca95bfbedbc5746d2c0a92d8e2,2017-11-20
8d13e349d7439353a923d49cc2598833,8d4958b500ee23ac8441f07a1a672e30,delivered,2017-11-27 12:26:08,2017-11-27 12:34:30,2017-11-28 20:52:01,2017-11-30 14:45:00,2017-12-11,ce60ceaf2d12ac87fa2119a364c89e81,2017-11-27
47e929f2fe6a069955baa43ff1545d64,bb2d5913f2b30cf0d5ca8a4cdaa78c1f,delivered,2018-01-04 20:32:50,2018-01-05 02:33:41,2018-01-08 19:49:31,2018-01-09 15:15:47,2018-01-23,fd4b6a09e6cd02912a6b8a8ce7366a9d,2018-01-04
c142c7ab64bc271555af4edbff4d53b8,086752a19f026192b7993e4e8a3bbc9e,delivered,2018-03-31 06:58:27,2018-03-31 07:47:28,2018-04-02 21:27:56,2018-04-10 16:32:34,2018-04-19,925751a747a151a7fa97f2f686d028c3,2018-03-31
23e61b7a50280ac24831f163542e5fe6,17224e2103f611bab48b1c5df0949d81,delivered,2018-08-19 22:02:19,2018-08-21 04:29:37,2018-08-29 13:48:00,2018-08-30 16:52:25,2018-09-03,e72953f6ea9d26fbee12baac9761e7aa,2018-08-19
2e93767495538de2e1c896a700ec7a6d,6f19b1185007bfefc030148d22316bd2,delivered,2017-03-01 20:15:16,2017-03-03 02:22:39,2017-03-03 10:22:28,2017-03-08 14:05:50,2017-03-20,70a53a86220b0f7a5e59484ccfc7722a,2017-03-01
99e8dc72b2020747e03965e5af86816d,9d1343a4d52ced7d0ab7414227e16f3f,delivered,2018-02-05 19:01:39,2018-02-05 19:15:26,2018-02-06 21:33:13,2018-02-16 23:13:35,2018-03-08,7ad532c60d740e7278dd3e2197a8dfdf,2018-02-05
da1bf4bd73b666e0f4173221301aaca3,56cf785d58080a8b138f486cc34ff1bf,delivered,2018-07-25 19:13:56,2018-07-25 19:30:12,2018-07-26 14:31:00,2018-07-30 17:58:50,2018-08-08,12f85e24f4adf1766152206ac3d2b805,2018-07-25
7621cc2a775c5028fffdf0727940d435,5396d78e1b3653707e4818ffb0bdbbae,delivered,2018-02-01 11:48:02,2018-02-02 19:50:21,2018-02-06 22:46:31,2018-02-17 00:25:39,2018-02-26,f82b0e85e87a23afb1dbbcefcc62f3b4,2018-02-01
ab53084367694043c28fbcb843d6d7f1,57bc8cf3eda46454d194910fb86d7596,delivered,2018-04-13 22:13:38,2018-04-13 22:29:56,2018-04-16 16:54:57,2018-04-20 16:47:35,2018-05-16,0ccae7896c0c6ce7217a1e4d0a3e9e42,2018-04-13
ae40329a07e105f799f1b2d7c2f4c81a,4646c2ac832792acf0d30a5e9f1e9e94,delivered,2017-07-10 17:48:20,2017-07-10 18:03:55,2017-07-11 17:48:57,2017-07-20 22:44:28,2017-08-07,aead071f9a847c76dda201b10f6f6b68,2017-07-10
dc6a8e8831352bf06b8b0e51ff58e69c,a17f3ccb45616d18e63e6cf5f5fe0f4f,delivered,2017-04-29 15:10:58,2017-04-30 15:15:09,2017-05-02 15:39:25,2017-05-12 17:07:51,2017-06-13,747a80914ab95632f6fc99531acb3ade,2017-04-29
9c228c5070d3a5f64ff1a6f4dc44cf28,c7b4d8ce0eacbd252a006ae217b19fc0,delivered,2017-10-19 22:59:03,2017-10-20 00:05:55,2017-10-20 17:40:27,2017-11-03 17:57:33,2017-11-08,2b7575d690a5c01e309f0a7619376b8d,2017-10-19
8e47346bc3dea2d181257a36606bd522,6b18bc17b44b24d637f36f969ee5f64a,delivered,2017-12-06 10:09:03,2017-12-06 10:30:35,2017-12-11 22:52:34,2017-12-18 18:56:35,2018-01-03,79fa3eb416c3933311c949121225649f,2017-12-06
d5b7a3030feb818d49d955a32425d329,62189b05812bf34dc2aefcb4119080b8,delivered,2018-03-29 17:40:36,2018-03-29 17:55:32,2018-04-04 16:42:29,2018-04-15 15:25:45,2018-04-20,33534240897eefc1c8f020c3b0d5726c,2018-03-29
f1e48a14ba64e8d42111f392a85cbb09,ee6f05b56e67e84814b8441091e3b960,delivered,2018-05-08 20:53:57,2018-05-08 21:15:29,2018-05-09 13:41:00,2018-05-11 12:25:47,2018-05-30,7c2c1fd8281b8300a609eba79e07fd29,2018-05-08
083ade26303c53b4aa1c779b67d44485,9388bb1d7e8b53211cff72e787efb6e7,delivered,2018-06-07 20:38:06,2018-06-07 21:35:59,2018-06-11 11:27:00,2018-06-15 15:38:44,2018-07-23,5d9e7d998439876056905e04fd60c5b0,2018-06-07
541d81a8afee2348b192cc10df37367c,c7148da8b575be2e41e23cb3e34edf5b,canceled,2018-05-07 17:46:04,2018-05-07 18:34:41,,,2018-05-29,903ef81574df4baba67b022204c2aabb,2018-05-07
e98077a0d199a25a40eab3b14cc230d4,5161d5feec98ade754f67746caf8e0c9,delivered,2018-04-17 13:25:36,2018-04-18 13:31:35,2018-04-19 21:03:34,2018-04-27 20:56:32,2018-05-10,5e7138389382fc1b06c0ac985011e12b,2018-04-17
41912407aa4f806e91639c89391eceef,3fde7d02996a43b3865c66baf02cbafd,delivered,2018-04-13 19:07:29,2018-04-14 19:11:07,2018-04-16 23:08:52,2018-04-17 23:03:44,2018-05-02,fee39f26bcbe8778bade5790471c4cf6,2018-04-13
681eb1e9c66474188164d230257bb087,f1fbe37da16b5a0c8ae8dfccc91e4340,delivered,2018-05-17 03:31:53,2018-05-19 03:13:03,2018-05-22 14:04:00,2018-06-01 23:13:25,2018-06-05,a27db3c21ccda2b6c2054396f0a391e1,2018-05-17
a4cb4720582c75021fae7dbbd99f3375,e24bfe617491b1049d94bc4e5245da53,shipped,2018-02-28 12:53:24,2018-03-01 02:50:41,2018-03-07 20:12:42,,2018-03-22,f6800117f8fca950d3d433c72e175845,2018-02-28
4a514eb755fe5187e79bb4765ba82d51,885ba72f5da34cb4737e67487ade6e6c,delivered,2017-04-03 10:26:43,2017-04-03 10:35:21,2017-04-11 06:10:11,2017-04-13 21:22:58,2017-05-05,113b3f090cc1df6f405ec326a1765522,2017-04-03
a02898dcd7117b317f28c8de4cb9af61,cfd383a0f3ec39f210d4f668ae24a23c,delivered,2018-03-07 22:38:02,2018-03-07 22:50:25,2018-03-31 13:54:35,2018-04-10 19:17:44,2018-04-06,790f16f269557b8282bc1481f9e8247f,2018-03-07
1add1aa4c6e709fd74a4eb691a9fc6bc,076a5ddb5b1240c532093a399dcb47f5,delivered,2016-10-06 17:45:30,2016-10-07 08:29:50,2016-10-11 08:29:50,2016-10-14 08:29:50,2016-12-06,76cfb52cb2b6b08a3a01454ad83e73f1,2016-10-06
fb19bf53808ab2fab7f30f09cded534c,27252cd6ebbc6360b155eea3fa40ee70,delivered,2017-05-18 18:10:03,2017-05-18 18:25:09,2017-05-24 09:59:53,2017-06-07 10:57:42,2017-06-22,9cf6dec2e760c65ea7cb496593d3af57,2017-05-18
38dbe367a0d3a9f0954bc7593ea53b25,ee86753d48f7eeff7eb33c6ea9b5ea46,delivered,2017-04-19 13:03:56,2017-04-19 16:25:13,2017-04-20 12:28:10,2017-04-27 12:24:40,2017-05-11,34375e5eb0d8f271e6e3f93eb1a80412,2017-04-19
67543007812c990098e0ac6c6fcb3093,55370cd0afa128c7978a0935bc865fd4,delivered,2017-02-10 20:24:30,2017-02-10 20:43:13,2017-02-13 12:05:52,2017-02-21 14:51:53,2017-03-09,0e82bdceb302bfc534fcd862a59113ba,2017-02-10
85031edc7b58dbec75ff2e24d7365e13,91524308b1a531051d75c3eae41d7594,delivered,2017-03-09 23:56:22,2017-03-09 23:56:22,2017-03-10 10:23:56,2017-03-14 12:53:56,2017-03-29,0ac04692cb471b1db3d5a60959aacd50,2017-03-09
9cea4da315b929647107f229c6f8cfb7,d468ddcddc78daa8afa21e5ec804916e,delivered,2018-04-24 10:55:26,2018-04-24 18:47:47,2018-04-24 20:16:46,2018-04-27 21:53:56,2018-05-17,8a8a1edd610438e958ef7dbfe2088701,2018-04-24
2e732f3baff2aeb3f81752eb0368577a,c7a39e57073d24ff31afa32250179296,delivered,2018-03-30 18:24:44,2018-03-30 18:47:15,2018-04-02 18:22:05,2018-04-17 20:49:29,2018-04-26,2c3482e59acb259bfb4ddb3cde0be8f6,2018-03-30
05e7f330b0c9d2769d5aa193ee88baa7,d26a4aefb8a686145db0b96b8b428c5f,delivered,2017-03-27 16:43:20,2017-03-27 16:55:12,2017-03-29 15:33:13,2017-04-06 15:45:58,2017-04-19,32966c8bf22efda5d92fce2a44c760d9,2017-03-27
365fb819701436011708b1be4a1d4810,f34242a0bf7d9691e3ca46e8eb3f2ddc,delivered,2017-09-25 12:31:37,2017-09-25 12:45:17,2017-09-27 15:30:34,2017-09-28 20:02:01,2017-10-13,2928d77d6c80350ea0b8e912c9defeb1,2017-09-25
a079628ac8002126e75f86b0f87332e4,62d561a5b1260c4476fd985dcae3eb78,delivered,2018-04-24 10:19:45,2018-04-24 18:29:37,2018-04-25 12:30:00,2018-05-14 19:12:50,2018-05-29,369cf098450e6de108ffa64f68b713a1,2018-04-24
9061c246bf482d3062cc4a342aadf137,a8d4edc24823fba2e3baafe8e521894a,delivered,2017-08-15 11:49:32,2017-08-15 12:15:09,2017-08-15 17:17:53,2017-08-23 15:49:00,2017-09-06,dda86734edba190f963a076d20bac046,2017-08-15
9d34d5659dfa39b38d29bfcf0c85ead9,dd32ce6c2b55f4746c288375a89ce176,delivered,2017-01-26 22:23:15,2017-01-26 22:30:18,2017-01-30 09:02:53,2017-02-08 16:47:45,2017-03-02,26637eea80412340159f0d7d9bac0d77,2017-01-26
670e3b20191d3198a76069c8f9b12355,f76bd438480c183ffb510bad040f3bd9,canceled,2017-02-03 00:55:24,,,,2017-03-09,9f53b6d0ec91131fac2c1724f511f3ce,2017-02-03
d0cbe4010369ff1b911352d8d99b162b,a1204b75abcdb9adc1a6017e570438e4,delivered,2018-06-30 00:45:19,2018-06-30 01:10:09,2018-07-03 14:21:00,2018-07-08 09:16:38,2018-07-20,06038c34a42717cdd6dc54b8bb0e6548,2018-06-30
637a3cd5ee5f1185db82f36c636a68e2,bfda6681a4a9cfdb7e8608c0a810b095,delivered,2017-05-17 18:04:39,2017-05-17 18:15:10,2017-05-23 13:22:02,2017-06-02 11:55:52,2017-06-12,095e8a273f050a7b6c1817d35b11d283,2017-05-17
732d14176b86ff078b82fa071d56f74c,8f1f3ea08a5acbff27930efabfcb0d59,delivered,2017-12-25 18:43:37,2017-12-27 09:48:05,2017-12-27 20:37:45,2018-02-15 11:52:12,2018-01-22,7ba686b47812b130642ab6e74edf9b4d,2017-12-25
6f30719645a7c81a06ce38e29981b899,6e1ec2c5b36319affdac7ebccc601a19,delivered,2017-12-14 10:38:28,2017-12-14 10:47:23,2017-12-14 20:14:02,2017-12-19 14:39:49,2018-01-09,93f7a459c07f48c5debe5255d2507caf,2017-12-14
e3a71253e252d061bdc5e538fa1879e8,f410948f43b18cb655584e4bae33910d,delivered,2018-06-17 15:36:18,2018-06-17 15:52:56,2018-06-18 15:06:00,2018-06-19 19:56:34,2018-06-28,69ecde0892c9174313be0039ed901978,2018-06-17
1a479eca71e8e8efb68b0968a43d8fb1,bd94a4060f0f4b3fe744e4719d75d97d,delivered,2018-08-01 17:10:43,2018-08-01 17:24:12,2018-08-02 16:30:00,2018-08-09 15:57:46,2018-08-17,12852de2da6fd98ae65f99e59af4f1b5,2018-08-01
78d5c205c38367a8894d4721fdbb6962,bf3790c6f75a5ffa9bab9588276430b1,delivered,2018-08-27 10:46:11,2018-08-27 11:04:18,2018-08-27 15:52:00,2018-08-31 02:03:13,2018-09-05,2c3a02b9098fd98785f390c9cdf3fb58,2018-08-27
ef4b0dc494de58aea86ac5293bbdb59f,c4f04ae9424da8b4c5293078303db438,delivered,2018-02-21 07:37:56,2018-02-21 08:30:25,2018-02-21 20:07:54,2018-03-01 22:39:13,2018-03-16,7ebb3bb52aff91c642c9e4d81d4cbc95,2018-02-21
3addeedb2235eeb1e75dd513cd6eeb35,386031dc5202d867cdc6083a353493d1,canceled,2018-03-21 15:41:24,2018-03-23 02:31:02,,,2018-04-09,de781ac3b06f0d8a41213a917111e95e,2018-03-21
73174cbe1a7108ca72fa9547cfd77e4e,14eade9f72fa9ae6c8d8b066d20d611c,delivered,2017-11-08 16:46:34,2017-11-08 16:55:59,2017-11-14 18:19:23,2017-11-24 01:32:28,2017-11-30,7994a533a361a38ea68da4b105bf09fb,2017-11-08
e04d4af0a4a1090bf68ccfee2dd809ef,de4e13fd7d6469c5ada77d0843c55e42,delivered,2018-05-08 22:55:20,2018-05-08 23:11:59,2018-05-10 18:29:00,2018-05-24 20:28:49,2018-06-06,0c17f9ac28cbd7323f0f4043e9db5907,2018-05-08
df8ab61cb615d551483618533aceb364,3922d6a8ed0273142c88d1d9fa62f3ad,delivered,2017-08-03 12:08:45,2017-08-03 14:35:19,2017-08-07 14:37:22,2017-08-21 18:20:18,2017-09-05,dfbaa905d79219afc7a10c45702ee9af,2017-08-03
62ffb8b5fc46e6cba7ccb763025fd09c,a83954b9f4f3c29dd4b886e2d32f0cd9,delivered,2018-02-25 11:09:10,2018-02-25 11:28:04,2018-02-27 17:38:30,2018-02-28 17:54:02,2018-03-12,8992745cdc9cfed4819746d05642f6b6,2018-02-25
585408183a59b92dd0308fc1fdacac49,b89fd25a1db85d8bef4ef37b2bcf696f,delivered,2018-03-17 18:58:17,2018-03-17 19:10:25,2018-03-19 20:09:45,2018-04-03 20:22:26,2018-04-10,d4c364cfb11d9704dca4f970a528db7c,2018-03-17
6ef1df7600097569fe0e359bb6130496,05af4522d26d0a46926e0337ef153dd9,delivered,2018-04-09 17:12:15,2018-04-09 17:29:26,2018-04-10 22:07:45,2018-04-11 22:48:35,2018-04-19,320423d439b0210433a4e3885a0eb3af,2018-04-09
7dfb222987465be3379d47dd9e98a1a0,5a1821dc355e60b9a34b60a1b4b3f3e9,delivered,2017-05-05 23:41:13,2017-05-05 23:50:15,2017-05-08 15:45:24,2017-05-11 10:46:40,2017-05-30,9d62781deeb1060adc0f47a86d4a2ef3,2017-05-05
c11a22a599df12f33da9a25948a605ca,37bcb1035c6a4b6d713e03801dc3bbe1,delivered,2018-06-12 22:35:03,2018-06-12 22:59:48,2018-06-13 12:37:00,2018-06-15 18:03:52,2018-06-21,b3eebec096d31ea54f19a2bca6d08724,2018-06-12
d195cac9ccaa1394ede717d38d075fac,a3a156d272fd0b0e302d2020357cc0f8,delivered,2018-08-12 18:14:29,2018-08-12 18:25:16,2018-08-14 13:41:00,2018-08-23 02:08:44,2018-10-04,715597f38ef8947e954d08739d2bdbf7,2018-08-12
511e75993a3d9bf8c19c8e730daa49c0,221e9ab15662a1eecda80cf9768f81eb,delivered,2017-11-30 16:32:45,2017-11-30 16:51:13,2017-12-05 15:39:17,2017-12-10 14:04:05,2017-12-22,d1a587b1fa5850e073ffeac2d2d38ebb,2017-11-30
5e34ad6a26152d8d8743a70e214b1a98,a0e9c9c5a19366c5eec698ac38498a1e,delivered,2017-12-26 09:43:05,2017-12-27 17:11:21,2018-01-03 23:08:41,2018-01-08 16:03:40,2018-01-19,fddb81302fa13caa643a9ce680ba8ff7,2017-12-26
19f5c85e19a737633630b114dbb7d1d3,c2c1c70da9cfb80d5c885aaa1c5401b1,delivered,2017-06-08 19:55:30,2017-06-08 20:10:07,2017-06-09 10:53:27,2017-06-19 13:42:17,2017-06-29,1f76b2116007307fb127ce70e489e0be,2017-06-08
48e7963f79e6edc66ff1730ab512fce0,5643be948bb322722835f79635077474,delivered,2017-05-01 19:27:31,2017-05-01 19:35:19,2017-05-02 17:53:00,2017-05-07 15:22:02,2017-05-25,895877abedba5adc57b17ef4a894ba58,2017-05-01
9ed3a86e08c45494a997dbf45beba170,b16df372869e62072d35d7628ca6a82b,delivered,2018-06-19 13:43:16,2018-06-20 02:37:45,2018-06-20 11:20:00,2018-06-27 00:09:28,2018-07-11,3b0c94e193f2e66c3ff25d72949cb2a3,2018-06-19
f98376009c93a60a4d80496d4e294637,220504d6aa9c2b1de671c7a3c487a537,delivered,2018-02-26 07:16:13,2018-02-26 07:28:23,2018-02-27 13:52:04,2018-03-03 15:52:09,2018-03-16,45f47dab83cadb078ce66f2445f8b521,2018-02-26
7071ba6aa1a3b7450cbdbd948d556bd2,1deead2cef2fb634cd0bf12bed851c1d,delivered,2018-01-11 13:34:17,2018-01-11 13:47:27,2018-01-11 20:25:18,2018-01-31 14:42:58,2018-03-05,206bc843f45e0d48d19b19d1b4b5ad55,2018-01-11
5c2630d9eb5757718ef5a12b09368935,54099127e93a69b6697c6d12fba8fa2c,delivered,2018-07-12 11:31:04,2018-07-13 02:45:12,2018-07-16 14:29:00,2018-07-26 20:33:10,2018-08-08,870f81a347d5f8ed16d941534a123756,2018-07-12
7cba130d7fd9cbf1fa889eaaf7c89d29,6721a9af688cfa69d376ccb13bbe9ae7,delivered,2017-11-23 14:49:21,2017-11-23 14:56:22,2017-11-27 17:27:02,2017-12-01 11:51:09,2017-12-13,987fadd385777d8f27edac709bc9fb61,2017-11-23
99221769ebf04d97afe0f08894b75586,cdc52f69c17d2edb73646f3834bf5488,delivered,2018-03-02 01:11:39,2018-03-03 02:51:05,2018-03-06 16:05:24,2018-03-24 18:08:34,2018-03-28,4ae7d01b0aa2f9fad107ecbfb6943225,2018-03-02
201c5ac9debe4c98c375ceaa9172cc87,d0a75aa0dd765aa5dcc5a0540dcc11b0,delivered,2018-06-22 13:20:17,2018-06-25 10:53:57,2018-06-27 10:23:00,2018-07-12 16:22:39,2018-07-25,ea31fe9cf08d1d9433616b7883b759f4,2018-06-22
0dfbfe4feb12cdb98beff8efb1c013c9,c7c105ab9b22a47c552fe20be8c0ce23,delivered,2017-07-20 21:11:45,2017-07-20 21:25:14,2017-07-21 20:03:34,2017-07-28 20:21:38,2017-08-21,d7f357d491ff32cb576cbda1a1e5e1e0,2017-07-20
66f7aaabc647b43d94e8a841bb99612b,396e0fb767c26fbfbb494aa0e2a34878,delivered,2017-11-25 17:38:55,2017-11-25 17:53:09,2017-11-28 14:23:13,2017-12-08 00:22:16,2017-12-15,baf067e3c3011ba9b977532778f62804,2017-11-25
d522ea055ceb7a828b6a82e266837784,2a610c0e2622c121f09f8878fa3152d3,delivered,2018-06-09 13:27:06,2018-06-09 13:51:32,2018-06-13 12:07:00,2018-06-14 15:06:48,2018-06-26,6687c2e74eac9f8cc06a6a83c875ce43,2018-06-09
f521ec5e0383231d5aa567e8d8153fbf,4838991c7e42996e65f9386f91b1f014,delivered,2017-11-19 20:51:56,2017-11-19 21:06:35,2017-11-22 18:32:03,2017-11-25 11:57:13,2017-12-07,eddca75e30c643462f001539490c6fe3,2017-11-19
87f83d5d5bb0b9a13ec25c61c4a71361,2180a404621f6553ec9bbcf49f740175,delivered,2017-06-21 18:38:17,2017-06-21 19:33:26,2017-07-04 13:29:44,2017-07-14 19:07:31,2017-07-17,c27d02e495180cbc358137a14d1b029d,2017-06-21
a434cfda13115168ed9fbb287031eff1,928d05fd0700122729f23765e85bbca2,delivered,2017-03-28 07:28:47,2017-03-28 07:42:31,2017-03-28 18:39:47,2017-04-20 08:58:23,2017-04-19,80d5413a86f18286a10c4457db5566b1,2017-03-28
b226cacb0f9d03a94be963d2d8ceff65,3fd923429a0a3f921b44ae5e4dc2c96f,delivered,2018-06-04 07:25:50,2018-06-04 07:51:21,2018-06-04 14:29:00,2018-06-11 20:46:20,2018-07-24,409e8a6295a7d058f80414c3437fb4d4,2018-06-04
7f2401dd864cb66d12840ebff7581231,547b5b32ae43c9578237a9a8ed03baf2,delivered,2018-06-26 03:59:21,2018-06-27 08:29:59,2018-07-06 08:45:00,2018-07-11 18:02:21,2018-07-23,3b93b770a314d48d7f698a09cab03370,2018-06-26
e0ef0c2437f6730f46ebb869c34c0656,b0d9c083435131f63ff0e98721be105b,delivered,2018-02-12 14:47:07,2018-02-12 15:07:55,2018-02-15 18:13:04,2018-02-16 18:05:09,2018-02-26,b80d1c184f2c4a5d309fc99d7801e155,2018-02-12
7597acfdc4c37d290f854bba148c0e4f,610de329a6563928830c83fea3e8f21c,delivered,2017-04-19 16:01:21,2017-04-19 16:25:16,2017-05-11 14:26:04,2017-05-17 12:45:45,2017-05-11,ca6d9bc2e717c2a0aa19d77a3bfa5398,2017-04-19
43ca8c89fce98ad1d116d5fef106001d,a05c84f1b1af54e7733b5e84b8d9a7cc,delivered,2018-03-28 19:03:39,2018-03-30 03:15:49,2018-04-12 22:18:35,2018-04-27 20:28:34,2018-04-18,3174a996d8e1ad133337531609f98dff,2018-03-28
aa31e416f67318939922854f9af2b087,6fa292be2a8b1beaf488023433d49522,delivered,2018-08-09 20:00:05,2018-08-09 20:10:13,2018-08-10 13:32:00,2018-08-15 17:13:04,2018-08-17,0710da980c2d4111e333e5c74079c459,2018-08-09
741697f23730a7985de543b58b116227,f434fe1070ccb0545b0caa8563a52810,delivered,2017-05-19 19:00:36,2017-05-19 19:15:27,2017-05-24 10:45:04,2017-05-30 05:13:06,2017-06-12,2ca9046b6d18c4fc6eba3cf528b1ad73,2017-05-19
639b5d8bf7e249da69911af69ff9ec37,5b7bd807fe0dcfe5208c642e07e268c9,delivered,2018-06-13 18:25:44,2018-06-13 18:41:01,2018-06-14 15:48:00,2018-06-21 17:08:31,2018-07-13,5d282ff055319f30c573589063712988,2018-06-13
cc19fa48ab62aa94cc6e54f9c56f53e3,c13796645c57355fe1503204f1cea54e,delivered,2017-04-22 18:41:03,2017-04-22 18:50:19,2017-04-26 12:09:12,2017-05-02 15:30:46,2017-05-15,59c7ed36f0d399b18f18fe200bfd6585,2017-04-22
6dc82b96e967ee5e211d1690573f8de5,4c77c973538d06c6c1fd404abaf885f8,delivered,2018-02-21 10:22:09,2018-02-22 02:10:31,2018-02-22 22:47:01,2018-02-28 14:19:20,2018-03-15,47006bd2543d13293d14a46fc7fdff50,2018-02-21
0bbbb66c440b6ff7b34420eb273868ae,fc5e4bfe03533eeea603a12179af3388,delivered,2018-04-06 10:42:06,2018-04-06 10:55:10,2018-04-10 16:07:34,2018-04-21 01:18:20,2018-05-04,582f16f6e7c44c004033eea0aeaf9b69,2018-04-06
f29b9823160624a047a208abf3dd703f,2cf3766f59e548763bd2ee1c2c81f3b3,delivered,2017-12-22 10:43:45,2017-12-27 04:07:18,2017-12-27 16:15:38,2018-01-10 21:08:51,2018-01-23,44c02927bd783b9dc50e3263ffea156d,2017-12-22
fbf2e87d7c7542aa36e1d91e5b462c60,c57c16abec4fbb154792e80e491a6fe6,delivered,2018-08-03 07:06:35,2018-08-04 07:04:11,2018-08-07 07:33:00,2018-08-13 23:56:46,2018-08-24,d526a3f383aa9c70d2a70fe41e1872d5,2018-08-03
cbf962ea0d3753eb77e28f576f636f71,ca010bab03307159bd329c6c806b98dd,delivered,2017-10-28 12:31:30,2017-10-28 12:45:48,2017-10-31 18:47:26,2017-11-23 22:31:52,2017-11-29,c4b8822f61acaef4c35b95a6372a0dd5,2017-10-28
1c178bdd4563b60122dd90a44cdff191,126ef3e3910767db1353e751327dcbf6,delivered,2017-12-16 11:48:28,2017-12-16 13:11:06,2017-12-18 18:59:16,2017-12-28 17:48:16,2018-01-17,547e984a2354bac54ddab0caee3955b3,2017-12-16
74d72b7e6831bb80fef1c2dd59994fc5,fe2d1e76f9a2bf5457eb40291e9f4e17,delivered,2017-09-05 21:41:18,2017-09-07 10:34:21,2017-09-08 20:07:43,2017-09-26 21:03:19,2017-09-29,bdc2cc2012501964d91a027f76f3d377,2017-09-05
57958dd5540bb9761f0e10453515650f,33a763d9f2e6507cf544fc898b3774da,delivered,2018-04-03 15:40:26,2018-04-03 17:10:23,2018-04-05 22:53:29,2018-04-16 20:02:48,2018-04-30,e2e8279e2bcf429bfa32e20ac50a01f3,2018-04-03
5fac67d3be074030a8dba9d398fa14ef,61787c2e0950c809fa994931f878b1b3,delivered,2017-12-18 17:36:35,2017-12-19 09:56:52,2017-12-19 18:04:03,2017-12-22 16:47:06,2018-01-11,22ce86f75ea5b71c42d8c71a4667232a,2017-12-18
9d80c772b0c65884e80514abb626b94d,1c7d3f9a5cad0ae81ecee8c4d1e50e10,delivered,2018-01-03 18:50:22,2018-01-04 05:23:29,2018-01-04 16:46:04,2018-01-08 15:04:19,2018-01-22,b4bea0b73bb3756d0e13180e02d78755,2018-01-03
108041cfc40e06d2d7a97c426bc6b90f,5851e07c5c83c1049ab80f808fa6a582,delivered,2018-06-07 14:17:24,2018-06-07 14:37:46,2018-06-13 11:01:00,2018-06-15 14:36:58,2018-07-24,6be01a2667e3c708f1558ed776a4e59a,2018-06-07
d712c9d57be3d48a79c033437994908b,60166efb07b460c5feb03639c9ffc462,delivered,2017-03-06 10:50:50,2017-03-08 02:45:19,2017-03-08 17:22:57,2017-03-15 16:04:58,2017-03-29,ab26c904ad9aad0ff3591a99eb7ae62b,2017-03-06
c5d16e3d5c24cc5fa2200d448d8cb4d7,e1dfaae415bf74e473403a8fd04ba7d1,delivered,2018-06-19 19:00:04,2018-06-19 19:19:00,2018-06-22 15:11:00,2018-06-27 13:28:40,2018-07-24,8e41ce0cce0cde2b938d656c2eef051e,2018-06-19
6444228a697a97d50b23bb9fd5c7ccac,a55d0e0d5e8af985ecc5e32d9bd5392d,delivered,2017-02-08 22:48:18,2017-02-08 23:03:13,2017-02-09 13:43:18,2017-03-02 16:38:48,2017-03-17,1393e1722e5bc511dbe4bbd0d655488d,2017-02-08
9d27094c5a72cbf877d632e2d03356e4,acb4334d42e78620fd025c2da7847bd0,delivered,2018-03-03 20:24:24,2018-03-03 20:35:31,2018-03-06 00:18:31,2018-04-09 18:31:53,2018-03-29,1935ab012c65b828a0ad8417e5cd7991,2018-03-03
1bf38e3450f15beeafbebe6e0665d612,21a9772e10934cf4598522d6ec827697,delivered,2018-06-15 20:36:23,2018-06-15 21:01:16,2018-06-18 16:01:00,2018-06-22 18:57:34,2018-07-18,e46ab8ba305f9f4551ef55f7d461c28a,2018-06-15
cf2ae7f823490d9b4ec3d33f889609e4,549b554209824d8a5d48256ca44cbbe3,delivered,2017-03-09 21:18:57,2017-03-09 21:18:57,2017-03-10 10:28:05,2017-03-27 16:18:05,2017-03-28,1f12669320234d7995d1651289fa2b26,2017-03-09
b880d9ccc22f98deadf2e35998922699,1d47a5754e0491baeacb09c0f7bd180c,delivered,2017-06-08 16:46:35,2017-06-12 13:10:24,2017-06-14 16:56:49,2017-07-13 18:23:33,2017-06-22,c188a8a811a853422ad4205ad5fa0413,2017-06-08
b172a003a35f407e54bc6d8ba4c5b1fa,881678d19d1fbdc8a6f4210452f8e611,delivered,2017-07-22 15:26:00,2017-07-22 15:43:02,2017-07-24 20:17:34,2017-08-11 19:57:46,2017-08-25,d907153c16085fd8ffc79cac52847b2a,2017-07-22
38f1e6ca3a0de904e7597fd07ad95b6f,8a6a93709181815296f18ea59233a3b0,delivered,2018-02-10 19:35:02,2018-02-10 19:50:28,2018-02-14 16:05:13,2018-02-17 21:35:46,2018-02-26,16a4c0824a8360ce707e4aa1657f3e11,2018-02-10
f6c2048ba495542244325b8cdb03b25c,bfe17773cfe3db3ebf4658c3367ebc22,delivered,2018-04-26 06:52:46,2018-04-27 03:51:17,2018-04-27 15:40:00,2018-05-04 21:09:05,2018-05-25,b38373efe428f66a1f9d265ac8dc669f,2018-04-26
ae2fbf3e49f52fb3c913ce645fa52dc4,46dc7e781b1af14990e339d42bbb6477,delivered,2017-08-30 00:02:39,2017-08-30 00:25:58,2017-08-31 17:44:06,2017-09-14 20:33:45,2017-10-03,652fd7c43db8901ee0e6186d5c794824,2017-08-30
e1090e366ab626c68ca02d56a6dd1821,1bd7e7f56fdc321a90128087e3e3e220,delivered,2017-11-05 10:22:00,2017-11-07 07:30:38,2017-11-09 22:32:06,2017-11-22 22:14:35,2017-12-04,3dee4ec14c3ac9f45636ac5862ac0e94,2017-11-05
34ba2afac95150bb6486265a234bd3b7,51937836340c3e832da64c7c6b524f1b,delivered,2018-04-17 10:55:49,2018-04-17 12:29:53,2018-04-18 19:35:07,2018-05-09 21:57:53,2018-05-18,60fd69a652105103b5c3bda5e48ab0e9,2018-04-17
ba2821b49c92e278db491d3e19fa0556,159ca8ee3ba03b17c749a3bc8e099e87,canceled,2017-05-02 17:51:28,,,,2017-05-26,2c31263f14d480102a2c628220f16354,2017-05-02
5b09dc1d3c9b771ba377ab696f2eb361,2bebdfc097c73124d84350eb821abac3,delivered,2017-09-29 12:42:40,2017-10-03 04:28:26,2017-10-03 15:19:16,2017-10-11 19:23:02,2017-10-26,3dd07088b00e604f3fda8489e17502d5,2017-09-29
a70b9fc38f6fd0bde4a3f02b19643ec0,ec969a27db96260fb93c52ab2c073b5c,delivered,2017-12-14 18:50:52,2017-12-14 18:57:30,2017-12-19 03:05:04,2018-01-08 22:47:13,2018-01-19,e75ef15643b054b600909c9eeb5a8fde,2017-12-14
29aa894dd1e254d4a65a409b917c9e87,21a29f39dd0e3f1b5837af591e068150,delivered,2018-02-12 21:41:59,2018-02-12 21:55:20,2018-02-16 19:52:30,2018-03-01 00:43:05,2018-03-13,ee5b1fa0e90b06c63e226531499edb37,2018-02-12
1a20763865fc18cbb4d82cffcf893f31,ecd4294cc1c20eb519940d800d535eef,delivered,2018-02-12 15:45:43,2018-02-12 15:55:31,2018-02-16 23:47:42,2018-02-21 20:14:39,2018-03-13,b682ae31a202cefc4c0e879d26826b97,2018-02-12
ea36139bc595b9fe7aa21e2c78037185,b02cff4a051c13296319151593eb5218,delivered,2017-11-23 12:01:18,2017-11-23 12:12:26,2017-11-29 21:49:51,2017-12-03 18:48:30,2017-12-05,c0ad7fbbd3bfcfcf62a27e4d970c7f90,2017-11-23
9567f25dfe794bcd32a2a16ec00d7e96,f0b4476b909be4a76388e384b1b48347,delivered,2017-10-17 17:08:25,2017-10-17 17:46:04,2017-10-18 19:29:59,2017-10-31 17:58:03,2017-11-09,bfab76eab9f80023ff723bde5151780f,2017-10-17
90b3ce1268706ec7923743d5867f26a1,b77a36877fb9b74ab4dec5f4e939419a,delivered,2018-04-04 16:58:30,2018-04-05 16:55:34,2018-04-07 01:18:35,2018-04-11 01:10:56,2018-04-16,648c4c2cefed3d28d6af80b6ddbd7563,2018-04-04
554439efcd602dbfd71bbae1658f4ff0,687b1aeed8d2bbe119d0414b3b9c0136,delivered,2018-03-06 12:25:04,2018-03-07 02:31:40,2018-03-08 18:18:33,2018-03-10 17:48:42,2018-03-16,2f1f3c9d24aea7c42ac59609fde464ef,2018-03-06
9abe82df39e950e1e0c1a5969e22571e,0d0616e01497d605e2bc400cba06de99,canceled,2017-03-21 14:45:36,2017-03-21 14:45:36,,,2017-04-12,09a1610de485b250ee4ccb3142905b4d,2017-03-21
a2a67a1e6b0846e8dd8f93830efe1260,e782bf813dddd4e1671d3fe1ddb4c480,delivered,2018-03-15 09:04:52,2018-03-16 04:15:08,2018-03-21 18:48:50,2018-03-22 21:07:14,2018-03-27,6525a241416f8be9d26c5a51c7168052,2018-03-15
84de8dbb17d48ddbcc15987307c5ae56,3cde50513c06747ac11d313adc3e18dd,delivered,2018-01-06 20:19:04,2018-01-06 20:31:27,2018-01-11 20:10:22,2018-01-15 20:39:09,2018-01-24,b84dbaedbe3ea55d7cc0894fbea73910,2018-01-06
fd1bc6424a4e2f0f5d8acd868aef11e9,4c3c19f9f7027a391f0432e24fb1d7cc,delivered,2017-11-05 21:01:05,2017-11-05 21:15:37,2017-11-06 16:35:32,2017-11-15 16:44:40,2017-12-06,6a7ee8caad3b24acd1400d10ec62bf64,2017-11-05
4db6394e792193904621c7cab3e2120f,9b49896c37e6556e1fab54d5bf0f817c,delivered,2018-01-29 22:29:52,2018-01-29 22:53:30,2018-02-05 17:55:03,2018-02-23 20:04:45,2018-02-20,98d21426abae406e8c9d1af45dd15e11,2018-01-29
e153a0dcb8018427c43753f0e1edba6e,d226fa8846cd0fb905b59b9dcff9002d,delivered,2017-11-21 23:43:12,2017-11-22 23:48:26,2017-11-25 17:23:12,2017-12-08 21:54:33,2017-12-07,9b9f4dcd22437fefb99dbbcc129dae01,2017-11-21
b3424a1c4c3af064d3472b285180bed0,6ed4bc068468ce67d11a938a9f6691de,delivered,2017-08-30 15:46:07,2017-08-30 16:04:13,2017-08-31 21:19:57,2017-09-25 13:56:47,2017-09-28,3a100431b41b505a8de0150f93a71198,2017-08-30
6f1a8d85b71101ab1e342aa9b8dfa5ff,50a19a2bbbc9fe086f09ccd05b51ffa7,delivered,2017-07-29 15:38:49,2017-07-29 15:50:19,2017-08-01 16:26:50,2017-08-09 21:15:14,2017-08-21,5036f4227f2e546879f581d8fd3e6ec6,2017-07-29
c8258090bca7cc6a62c1e15d7fd995d4,7155051815aa96d970a1a40583f95e8b,delivered,2016-10-08 21:58:32,2016-10-09 23:48:46,2016-11-01 18:15:52,2016-11-08 14:24:44,2016-12-02,95e70fa5b9014a6a718b63350260356c,2016-10-08
ecd519812fc16942120ac1f9ccdc4105,041c1bdcf826ead159cc4052a86db094,delivered,2017-08-06 22:00:24,2017-08-06 22:15:26,2017-08-07 18:33:55,2017-08-08 16:20:05,2017-08-18,6667ecbc53b645eef5b54010b7264f86,2017-08-06
2e57cf8eddb25f33ef61a1598c075e2d,e64bea90dd19bd199f20eabd788066aa,delivered,2018-03-08 21:11:45,2018-03-09 00:42:39,2018-03-14 19:57:28,2018-03-16 20:51:24,2018-04-04,fddd1a070511f8535ebf3054a0baf8bd,2018-03-08
51d967125c0a12392dfdd135be86ab3a,111d223aa280f74076fbeb16e7f682cd,delivered,2017-09-22 07:54:26,2017-09-22 08:05:54,2017-09-22 19:57:52,2017-10-04 16:14:37,2017-10-26,2f87ccd8d2d676d667a844ee5c6a17bd,2017-09-22
ffca67b9419980488c476f7f7f7bc070,d7d8a9d593596826008262fc4cbc3b14,delivered,2017-03-10 08:29:36,2017-03-10 08:29:36,2017-03-13 09:33:50,2017-03-16 04:54:45,2017-03-31,94c8edbcec870fc9bcd10b69a1a0eec7,2017-03-10
3f8a42c6c50fec78cba08047e46810b0,006496598c918064dc19eef95e5e47f8,delivered,2018-02-22 14:32:12,2018-02-23 14:36:39,2018-02-27 01:06:03,2018-03-08 16:49:50,2018-03-23,5705e410d27f391e55c6a495b06d1618,2018-02-22
bcd3f65a42c31d80afe51626263a8644,f95dec2dd92f1caa88e67cc83927b868,delivered,2018-05-22 23:23:23,2018-05-22 23:36:24,2018-05-29 07:16:00,2018-06-08 23:44:53,2018-06-27,2341f208afff772b029d78c64f1291eb,2018-05-22
46bccbbbcccb1a8afec60c3bcbd287b7,ebff917ea54bbda6b10b23802b36c8c1,delivered,2017-08-22 13:14:43,2017-08-23 02:51:02,2017-08-24 19:18:14,2017-08-31 17:28:28,2017-09-14,593b05a30b25687fb84c43cd30544b15,2017-08-22
8e99a2cfed539d7ef02eabb5551d98d2,744f333d22ebaf5a201e17ec6a799309,delivered,2017-12-01 00:01:14,2017-12-01 10:31:06,2017-12-02 01:33:55,2017-12-12 17:18:57,2017-12-29,c9a979c8f93f719d42714fd0649b0bf2,2017-12-01
53b74e6d05c2fa0f3915c608e6537d30,04d0ea09064b28a174ede28c73af8a75,delivered,2018-07-29 00:46:28,2018-07-29 01:04:08,2018-07-31 15:45:00,2018-08-07 11:46:34,2018-08-13,b4b0901bb872cf9972b32a05733b3394,2018-07-29
c05002c71f007c6a4056ca538113e991,f0192b8500e66726ff809a70709bcfbd,delivered,2017-05-28 21:45:01,2017-05-28 21:55:09,2017-05-29 12:18:36,2017-06-12 12:06:34,2017-06-29,a63a275f5e1b74734cb020181e16463d,2017-05-28
5572d7f32284f0040862f8948d5a20f8,91e0006cd0d20c63ff3f37ce31480a1d,delivered,2018-06-17 19:54:16,2018-06-17 20:17:43,2018-06-18 08:42:00,2018-06-22 00:24:42,2018-07-18,6dff2ceb453db57bcf9eeecccc001035,2018-06-17
da0831d4484d6bb80afb9ddc8c12068c,d1493b7fc8c69384bae2af1d631a33bd,delivered,2017-05-12 12:38:05,2017-05-12 13:10:11,2017-05-15 10:47:45,2017-05-16 14:12:53,2017-05-22,3a9b335d5832549305cbf7ce302285d3,2017-05-12
f5634bb229469454dc416165c748320e,b277a176a8b8fe4f944d7df34c50259f,delivered,2018-03-18 13:06:32,2018-03-18 13:15:27,2018-03-20 19:36:49,2018-03-28 22:37:33,2018-04-05,d31914af35faaba296c94b477f1d3f25,2018-03-18
ec864a967206dcb874a7db0ffa6fb17d,5400d19826efc73f28c7c15242c325a4,delivered,2018-04-18 11:31:29,2018-04-18 11:51:52,2018-04-19 19:18:19,2018-04-27 19:34:50,2018-05-23,0ff2e965ec26433d6bf7c7cee19be3a0,2018-04-18
fbb362a74494da7dcf08aed5f2a471e2,eeb655491e6773be3db09c8e33eaed19,delivered,2018-08-06 15:59:07,2018-08-06 16:10:20,2018-08-07 13:10:00,2018-08-11 14:16:53,2018-08-14,d8e3b2d3cd78fa695a7f5cc01bf1fea5,2018-08-06
779a3bc4c3cbc160e87af29992ab16e6,a22162e8fad03ee9572306efe84ee72c,delivered,2018-05-13 21:01:42,2018-05-13 21:12:54,2018-05-14 07:57:00,2018-05-23 01:05:38,2018-06-06,ae209c7adfba6f3da2cf3a53bac0d544,2018-05-13
5d15ec992a829ae0c5a53d8e6030f08f,5530a184b424cae7a59afab7ac0c1d84,delivered,2018-06-23 12:17:50,2018-06-26 05:37:22,2018-06-29 09:42:00,2018-07-06 18:21:22,2018-08-03,a949b1d7d4d4f7b970cf82894da34ea1,2018-06-23
9feb31244fa82ce0a5fb912500881873,cb6525bca47a6a80d18977a78508cdb8,delivered,2018-04-18 13:33:46,2018-04-18 18:36:38,2018-04-24 11:47:49,2018-04-27 22:03:01,2018-05-18,dcef436fef5c423bc2c6859664c54b8a,2018-04-18
4ff360dbfc89fdc00cd35d99cb3efef6,395c44bf285c05b0139dc04884c393e9,delivered,2017-04-15 08:14:40,2017-04-18 04:11:10,2017-04-18 10:06:56,2017-05-11 15:54:01,2017-05-12,8e360eee126b3355dbe942a211621f63,2017-04-15
6cf8b5d146910e3d1b0f23f82a132194,81a1275bcfb9293d363987cb4150d435,delivered,2017-10-02 10:17:14,2017-10-03 04:05:13,2017-10-03 15:38:05,2017-10-09 22:27:51,2017-10-25,01f173d576ec0a01bbe13dccf0942696,2017-10-02
10cd85520165aa0f64d484b8f9bf60c4,ad417eed258291b622014bf443a0633b,delivered,2018-04-27 17:06:42,2018-04-27 17:33:07,2018-04-30 14:43:00,2018-05-03 00:21:07,2018-05-15,a7b3ee56a66877702d89d6e6d8ecfa59,2018-04-27
83906d88623796246961d2a1de70175d,9835d4d85e61f69f5c873810c3ab8e4d,delivered,2018-04-11 12:06:51,2018-04-11 12:15:27,2018-04-13 00:51:21,2018-04-16 21:35:34,2018-05-02,1147a85c7ee3b736959867e7e1f39d36,2018-04-11
0c4a1120fa16a1ccbb365aae4f54b16d,cd25b85f3cf1debb4376bafc231f8137,delivered,2017-10-17 13:39:39,2017-10-17 13:56:16,2017-10-19 16:40:00,2017-10-25 21:27:41,2017-11-14,bdb2114573d1e00a29b0e01a67441cb5,2017-10-17
8e0596076e4dd8dfc010e2cf60af9fab,93bf8aea22238db071f484d0ade255f1,delivered,2018-08-10 15:55:05,2018-08-10 16:05:21,2018-08-13 14:56:00,2018-08-20 14:36:49,2018-08-28,6aac31a85fef9baa81a8f4af77e6531a,2018-08-10
8b39d1c6866286d6ac9326224b43ef95,222560149e5044a28201217b8179194a,delivered,2018-03-02 12:58:01,2018-03-02 13:15:32,2018-03-05 18:52:13,2018-03-10 16:50:26,2018-03-27,7a75504596fc9c35c3e4e38e9bb48bca,2018-03-02
4bd13580e951063d19e99e60bc4d1492,1e731fba87f0c669e7909fb9a7ce408d,delivered,2018-08-03 13:37:30,2018-08-03 13:50:07,2018-08-03 15:19:00,2018-08-06 18:42:40,2018-08-15,5be2630961b92684db5a1db32cbd41bc,2018-08-03
f16290559c863b848c56bd040fe3831c,f8bb51833f4bacae9141c50c1f726c30,delivered,2018-02-19 09:54:35,2018-02-19 10:27:27,2018-02-19 20:56:35,2018-03-29 19:38:55,2018-03-16,35aacf964f77a333b9eda5ae1ba290af,2018-02-19
754e0ef304d14ac589b026c5442c12bd,def035a499140a603a98c86bb4fec328,delivered,2017-05-03 09:27:42,2017-05-04 10:25:12,2017-05-12 13:33:20,2017-06-19 18:03:24,2017-06-12,1f57ba007f9b05f63b26f5d666b2c448,2017-05-03
55746788165fdcc86610e34f6096d321,50d6ad553ced2c384c4640e77c389f07,delivered,2017-10-11 23:33:03,2017-10-11 23:52:50,2017-10-17 18:45:27,2017-11-01 18:22:35,2017-11-08,6b4e898b3418544cf2f16a89cb52f62d,2017-10-11
60721992ef4cec39824837f08c79afec,ca4dfba4840aa9ac286c79e6f2b95d43,delivered,2017-09-21 09:19:41,2017-09-21 09:30:16,2017-09-22 16:03:43,2017-10-02 20:58:02,2017-10-23,7b0c9f0a6a8fa1274c38050fc3f57c8d,2017-09-21
a69cfdf2a1c59f8ff05718f69d021e81,a4a6227ac25717d6495f0ac16be85017,delivered,2018-07-19 11:29:25,2018-07-19 11:42:55,2018-07-20 13:41:00,2018-07-26 17:58:43,2018-08-06,c71562fabe47f2379ea29f1f0dc275fa,2018-07-19
c3f3950db40a5207ec136f8541fa9597,72288e6222e21e57a3a4fa04f16298dd,delivered,2017-08-25 07:59:13,2017-08-25 08:10:17,2017-08-25 19:57:27,2017-08-30 17:13:11,2017-09-15,a96551138acc1e993439cf882f306839,2017-08-25
48d007b3d7183bc54336d813b1380d26,a3bfe1551d298300aa31c837568a68a0,delivered,2017-08-03 18:35:24,2017-08-05 03:03:17,2017-08-07 19:32:58,2017-08-11 21:52:05,2017-08-25,080e5649ca4371c5902d07f0c9fa3cde,2017-08-03
c76fd77e58c85590b4bd502a69c87913,595837850a435a5986e0574d4880642b,delivered,2017-06-27 10:43:17,2017-06-27 10:55:19,2017-06-28 14:52:09,2017-07-07 18:21:23,2017-07-19,8c8bc67c372d5c409fbf1a340205ddca,2017-06-27
4ec19b697aade053fdce351d848f2a01,601da0d71dfc743e8ccf7fb4f689a991,delivered,2018-06-08 22:15:10,2018-06-08 22:32:29,2018-06-12 12:33:00,2018-06-27 19:21:52,2018-07-13,6be306357caccc57baea345708474c68,2018-06-08
ea6cf34e28edb0228155d6cdbbe46bdc,f248d3e53fd30ccbaf458d4c96ab8b94,delivered,2018-08-07 08:23:33,2018-08-08 03:10:26,2018-08-09 14:57:00,2018-08-10 19:12:15,2018-08-13,3759e74e43a422fd5caaff932a6c82be,2018-08-07
2d736835b63820cfdc9c9e7eef22daf2,c06dfa7240c4304b19b4246f3b107d38,delivered,2017-11-14 10:40:21,2017-11-15 02:56:21,2017-11-16 15:34:49,2017-11-17 20:11:36,2017-12-04,4249a1724d282a6356179a862fe02722,2017-11-14
2e2005a55f448272a7f91f8ec48db9ee,de3f106541e9cf42f36a02b78a4ecc5b,delivered,2018-05-15 17:07:39,2018-05-15 17:37:28,2018-05-16 14:14:00,2018-06-02 02:41:55,2018-06-07,f997a9a613238f71bd6e26eedf7bcd1b,2018-05-15
69583cd28b004d804a6d819b11c8725c,092ad782532d523d228cc922f044ef7a,delivered,2017-11-20 11:45:52,2017-11-20 12:07:39,2017-11-20 18:55:04,2017-11-23 23:38:33,2017-12-07,9e663beb35e5b7bbe980b5768dbf0898,2017-11-20
7c2b39d429d502e10a0ef4dd8fc88830,4e15860db558ead969bfd0fef2ba9691,delivered,2018-07-31 13:35:03,2018-07-31 14:31:55,2018-08-02 14:14:00,2018-08-14 00:36:28,2018-08-21,7196c4f487f78ce96dd88064ddab32ba,2018-07-31
fbc8e8d5591dc594ede3b88033625bd0,bac7b04d729fa677b66ba672c6d4508e,delivered,2018-08-16 23:24:34,2018-08-20 19:09:48,2018-08-21 10:41:00,2018-08-22 19:21:28,2018-08-23,921972f1568c1c75a26b18b4cb4ed5a7,2018-08-16
2e55db958a20257bc57183a4e74e6b47,91db678752ee943f3565ef444a7072ad,delivered,2018-07-30 16:04:45,2018-08-01 16:31:33,2018-07-31 10:01:00,2018-08-03 15:08:38,2018-08-29,4e1cce07cd5937c69dacac3c8b13d965,2018-07-30
41360009dce5e75361ad80cf695ccf24,30e90d4c04c8faf928fe017f115ac776,delivered,2017-08-14 22:12:29,2017-08-14 23:10:17,2017-08-15 12:36:30,2017-08-18 18:22:41,2017-09-12,a52a9f98a63656f3cf21523436921ae0,2017-08-14
59a23f52c86c016f573b4b5ecbb8e4ab,6dc4a31694206ba2374417a37640a49e,delivered,2018-01-03 13:01:10,2018-01-04 05:14:46,2018-01-04 17:17:32,2018-01-12 23:37:02,2018-01-26,6332f94e948f3183e436d00b8626a73e,2018-01-03
658f8d7112d20419aba9c6b7436b1af5,a08d416710ced0087475eb4b4dbbb74d,delivered,2018-02-11 18:40:02,2018-02-11 18:55:27,2018-02-15 00:33:50,2018-02-26 21:24:19,2018-02-26,45b1f16e81cd46f0284b1a31c0a22575,2018-02-11
7adfbf493c629b11e4a3ceb40c136d63,e8acc4b86f8f111bcea1c218a5c9bb8d,delivered,2018-06-02 19:53:55,2018-06-02 20:12:22,2018-06-04 15:56:00,2018-06-13 22:48:22,2018-07-11,ed178f7c0cb55cc84cce6df0dbcc6904,2018-06-02
cca51c8aee8800be07563b1ed2bc4bb3,5b1e8a6804073d1ad4798b2a75762ed4,delivered,2018-02-06 10:36:57,2018-02-06 11:11:50,2018-02-09 23:09:38,2018-02-23 22:06:48,2018-03-05,0b772332566a51299fda7ea04c96cba4,2018-02-06
33e55758032096d2080af654fa76e144,492d7832f942e0e4b353854ad83c295a,delivered,2018-03-04 22:38:11,2018-03-06 03:35:45,2018-03-07 00:58:33,2018-03-27 15:03:47,2018-03-27,879bf01ab7a57fffccdfa6cab0dfd9df,2018-03-04
4093476253605c646eadca91a226a6f3,9c2c21ecaba90bc6a8e1c97cd97c6353,delivered,2018-03-16 11:06:43,2018-03-16 11:15:38,2018-03-16 21:20:52,2018-04-02 23:40:54,2018-04-12,53dce2fec3b6c2d9a8f0d7f4ec30cad8,2018-03-16
9cb4f8b17250c5cf99d923b8a66c0f33,0ac3283d04020b3ee091fe6496d9837b,delivered,2017-10-22 19:44:24,2017-10-22 19:56:23,2017-10-24 20:47:39,2017-10-31 21:47:34,2017-11-17,043d3f81f906029ee41d34ea004929b9,2017-10-22
3158067c30c82428202611ba4ee5d977,d2690de6c17e258b5cd23a7e6d33beb4,delivered,2017-11-22 08:11:52,2017-11-22 08:28:30,2017-11-23 23:22:57,2017-11-26 18:04:02,2017-12-05,59ff434b284682bf6133beb5ffe2b037,2017-11-22
6c84c7c7fe25c0f6f1cd09e00e70585d,1cfd4ea45437f523559fd5cd23d8fb8c,delivered,2017-12-27 16:54:24,2017-12-27 17:07:20,2018-01-02 21:47:15,2018-01-10 23:04:23,2018-01-31,4112a2a9ff69e332bdbb22d35467e986,2017-12-27
2df094c40051a8f5ed95344421039ced,bce18f4149867f1f7d3e602c6240aa62,shipped,2017-03-13 18:44:18,2017-03-13 18:44:18,2017-03-15 07:34:16,,2017-04-05,ed0d44b8aac1f466175b3f56ef30a8cb,2017-03-13
ccec60e021d4c074d2625443f9b97ecb,fa46e5bd37e3aac658183fc6c27ef653,delivered,2017-12-08 15:11:46,2017-12-08 15:30:26,2017-12-14 11:42:04,2018-01-03 17:52:34,2018-01-08,5cd1fbbd713ea0194edafcb30d233aef,2017-12-08
5982fca4536769e5024e12eb8b6f473c,60277a3e7abbb02da56b4a1ff79f985a,delivered,2018-03-21 15:09:08,2018-03-21 16:08:37,2018-03-22 20:58:52,2018-04-04 00:48:30,2018-04-18,165c5f5fbd6a02afb4b39d24c5fe6651,2018-03-21
1e20cf4705f6ebc093f591e8bcde44a3,da3426b6f48a742f073e84a0ea6d7357,delivered,2017-07-27 21:53:58,2017-07-27 22:05:46,2017-07-28 18:53:40,2017-07-31 14:17:38,2017-08-10,6d6b02b4da16dd530e8527ef9d02e799,2017-07-27
d27dcb450ff82aaf3b5c1dd27389f251,b7dcd5787b9df84395520580f7e0ca34,delivered,2017-10-01 13:28:07,2017-10-01 13:49:47,2017-10-04 19:36:12,2017-10-16 19:33:57,2017-10-26,36a99d467d12cc521cb622bc4927bfca,2017-10-01
d08af97946f43d83db8dfda3f21dfc94,170de57eb76b3ff6a2badb236c0afa5f,delivered,2018-04-24 02:19:18,2018-04-24 18:53:46,2018-04-25 16:07:00,2018-05-03 19:28:49,2018-05-25,8953237dbe1191529ee4acbfc8aae276,2018-04-24
cd3e9759dc483946db2133168746fddf,8ebee0cc741eb27e8501e4b4e3c6422d,delivered,2017-06-28 10:49:33,2017-06-28 11:05:15,2017-06-29 17:01:55,2017-07-07 23:36:56,2017-08-01,8e990907b56d2383d3a39bf0cf9a3f42,2017-06-28
ab9f455e1c97dd7b220696054e9ab481,5105f034f8d887a817febd1732ab5952,delivered,2017-12-18 13:24:36,2017-12-19 09:38:50,2017-12-19 20:37:00,2018-01-12 20:22:48,2018-01-16,729cf88d0d9f24def9052be712e392f9,2017-12-18
4974295376c45fc743638ffad01b8959,1b1db207b5fcfb3102a1899c38c9a9fd,delivered,2018-07-21 17:51:16,2018-07-21 18:04:09,2018-07-23 14:40:00,2018-08-01 20:24:37,2018-08-10,1c184c6c4c8c4057eb91e5093cbbdec0,2018-07-21
2ac69ee25b6ceeb2cc1675c34254f0f3,117a76c69023d9b7cb0e3d2e16fdfbe2,delivered,2017-07-19 17:01:58,2017-07-19 17:15:16,2017-07-21 15:47:59,2017-08-01 20:57:43,2017-08-14,16581dc9728476de622a2cb03e601070,2017-07-19
aef3d8bb94c1ad3761b18b80327cea9c,6950d4f602451c2d9ec3690f1ab3f9d1,delivered,2017-09-10 16:05:31,2017-09-10 16:23:40,2017-09-12 18:49:38,2017-09-13 16:05:47,2017-09-21,7e310bacb6d127d94f0ee16edda250f5,2017-09-10
75facca3570bf0f7f953b469dbe5b8db,01c5a393f22ed7149432cd8984aa7791,delivered,2017-07-20 10:03:57,2017-07-20 11:10:12,2017-07-20 19:57:30,2017-07-27 15:44:46,2017-08-02,16fd891bc74e8cbc91ba0b6c4d470630,2017-07-20
df2d47392b52182c652465e3ec8f5ed4,3186724acb14eb58267a37290a0a962f,delivered,2018-03-24 10:00:48,2018-03-24 11:41:03,2018-03-26 17:57:57,2018-04-04 18:38:35,2018-04-18,d6a9038cdf4315dd3d12c01ff8ce32b4,2018-03-24
62d6b75c62b447ebcacb509154ae9958,e01d4d0c98a1f1e998f3b78aa5c48874,delivered,2018-01-31 16:27:44,2018-01-31 16:51:15,2018-02-02 20:39:19,2018-02-06 17:14:56,2018-02-22,02a3fc88421c4bb19b14420b7d1b6bd3,2018-01-31
483c22865f4aa9d0bd3cceb535b176ab,209ff5d502f02e97bc3cd9bc444945a4,delivered,2018-01-03 18:58:59,2018-01-05 02:39:34,2018-01-10 22:59:52,2018-01-18 17:23:08,2018-02-01,44c70b000ed410e39649139a47e7450f,2018-01-03
0d589922bd8469967d1a5e192caa5925,de1ae3b94bc07ae5bcc61beadc70b8aa,delivered,2018-03-09 20:44:22,2018-03-13 04:10:44,2018-03-16 19:06:01,2018-03-18 17:07:47,2018-03-21,6af8c264c512e6bc3762aae0accac114,2018-03-09
c1e8a7211f3b7ecb71cf5e740ad0e3ad,40d72d9a2f89a765b140530775e75495,delivered,2018-04-09 19:32:06,2018-04-09 19:50:54,2018-04-12 21:46:50,2018-04-19 20:50:42,2018-05-07,510ad9fa546876745849d821121e857d,2018-04-09
af5ef0c2ce03a9545b49f818244d759c,77c6c090276d77c5c20d52a14a05dd21,delivered,2018-05-04 10:06:22,2018-05-04 10:15:13,2018-05-08 11:55:00,2018-05-15 21:19:11,2018-05-28,e127a73103c31626f186f2fdbc3dfd20,2018-05-04
1124c329070977fbd414f046bba149d7,b70f8552b91ef49129519206966e2472,delivered,2017-12-01 22:37:41,2017-12-01 22:52:47,2017-12-04 22:09:20,2017-12-19 19:15:14,2018-01-02,3e43e6105506432c953e165fb2acf44c,2017-12-01
1085720f31a2cf648549e3b8eee5db30,219f23d354eb4b07a861c97172f7ef73,delivered,2018-05-22 20:17:22,2018-05-22 20:37:30,2018-05-23 12:10:00,2018-05-24 16:46:30,2018-06-04,52c589be2a49e17f097ab1ae7e1102ae,2018-05-22
3eaf0488f419dab6c6d582b1d28ab37e,df78f7ad1361e743d3329b3eee8f5df7,delivered,2018-04-03 20:08:15,2018-04-03 20:29:09,2018-04-04 20:51:42,2018-04-30 23:24:50,2018-04-30,8488dcd6d5b1f2dd4e2fc16b037478c7,2018-04-03
eb6033b2518720d786be9501a56fb156,d58b2d1a1bc61268841dc888e2779f51,delivered,2017-11-20 19:21:48,2017-11-20 19:32:27,2017-11-21 22:00:16,2017-12-18 12:23:04,2017-12-13,f0b64534482b0dd9609c699fe58c6a6d,2017-11-20
9da1e2d6e6aa860458615758682c1357,758e64c1a6e4fda4017265734e140f12,delivered,2018-05-10 19:29:01,2018-05-10 19:51:02,2018-05-11 15:58:00,2018-06-05 15:53:56,2018-06-07,1e090cfb93ad45f5c9ce410b0cadda0e,2018-05-10
cc7403cc8930609fb8201add01828b05,90c953f93f2106812b1547d61fb96494,delivered,2018-08-21 20:57:32,2018-08-21 21:05:16,2018-08-22 11:27:00,2018-08-23 22:35:29,2018-08-28,6f5b8bc0cffa64578cf4994354dc2aaa,2018-08-21
a7489739535fa6a82e5cec2b52902488,8b316b6e975477bad2f7f6954807eeaa,shipped,2017-04-17 23:39:01,2017-04-18 23:45:19,2017-04-19 14:42:10,,2017-05-22,da496aa403ed8128b9fd1a223aa06987,2017-04-17
8a40025b51fa72583cc8d0fa95439181,317654e298bb1b3e0894efa5808d3eca,delivered,2017-12-29 18:56:31,2017-12-29 19:37:17,2018-01-02 18:17:26,2018-01-25 14:34:48,2018-03-13,d0c8fa169b9f2995d6a1692a0e3aae32,2017-12-29
64d371a6a389e045ce802658f2bc4281,9ae49f774ba91f69c93163548c13c61a,delivered,2017-05-26 12:17:06,2017-05-26 13:04:03,2017-05-26 14:41:56,2017-05-30 11:53:18,2017-06-16,0c63999a8cde199f4d41a9508903850d,2017-05-26
89295af77ed4ae2952f65f4f432f53c5,356d58cb9c6869d1d646195d7b2033b3,delivered,2018-06-04 12:54:12,2018-06-05 04:15:15,2018-06-05 15:16:00,2018-06-08 19:47:50,2018-06-28,2df8d869149b311f08cde6a835ad0d18,2018-06-04
f981ff892e7c8fb06f45c2b98e2c4a73,92169b75de57d2e984f28cd62183ae49,delivered,2017-11-24 20:35:18,2017-11-24 23:34:39,2017-11-29 22:44:50,2017-12-07 21:35:08,2017-12-20,50074621c601534c585e1c8417157e12,2017-11-24
e85cc7bf67b73e1700ee99b800496267,55770885623f29be5cca70c94523333b,delivered,2017-10-05 01:00:37,2017-10-06 16:14:12,2017-10-09 13:38:26,2017-10-10 19:04:54,2017-10-26,6404284d8144a1f897b76c42b6dc2c67,2017-10-05
ccfc366f9a65ee1750a938bd18aa489f,98965f2e554e2f75fcf1411133f41245,delivered,2018-05-31 21:27:20,2018-05-31 21:52:30,2018-06-01 09:03:00,2018-06-03 11:24:41,2018-06-26,23ae1bfb4297222c1b522172809a7ca1,2018-05-31
aeeb0a68040240daa8065187ca9d0770,6d1f22bd0825cf224f21a5e3a5f90dee,delivered,2017-06-14 19:28:01,2017-06-14 19:42:45,2017-06-23 12:52:09,2017-07-12 13:59:41,2017-07-07,147f79467cf3b7af14c9c1c01a21ced7,2017-06-14
277f0bb8cf28ee39feee7825b5578c34,97fd4f2134b09d085b2c3b7cd2f7b127,delivered,2018-06-28 12:43:39,2018-06-28 12:55:28,2018-07-03 13:25:00,2018-07-04 20:18:41,2018-07-17,35b45b906d1450b3540dc96692f58583,2018-06-28
f1adc476dcc05bdb3df49c73d0990a13,e8c284b0b1954c53541af75e510f4286,delivered,2018-08-16 10:06:46,2018-08-16 10:24:06,2018-08-17 08:38:00,2018-08-23 23:53:41,2018-09-03,06c9a5ff25dff66a5f6948d756251d7b,2018-08-16
4e906592ffe21666b515f88ec700cdeb,ae5c642733edee1c18c1653a75270ed5,delivered,2017-11-20 13:27:59,2017-11-20 13:39:27,2017-12-04 23:42:00,2017-12-20 16:34:28,2017-12-20,1ea65ddb35b66437e159550e6e239501,2017-11-20
e2007b2e0b236f254ac322260a2dcb1d,f05935d3c717a26361221ca371ed65ee,delivered,2017-05-18 14:38:08,2017-05-18 15:55:19,2017-05-19 14:54:39,2017-05-25 15:15:33,2017-06-09,6b6c763cc4d02614d74b0c372127fe13,2017-05-18
ee5392faf51501d5019a14eadb3d59a1,f8bf5e130e38db01573aa587ea2e9a2e,delivered,2018-08-17 08:28:19,2018-08-17 09:09:50,2018-08-17 12:44:00,2018-08-27 17:51:55,2018-09-04,afb9989f84153b07a89461702ca57f3a,2018-08-17
ed9e33c926c94cc5cc50a68696119dea,a2d19f05cef411aa2938ca9d2a92d156,delivered,2018-01-10 11:32:09,2018-01-12 02:34:29,2018-01-15 17:13:00,2018-01-19 17:49:25,2018-02-02,f31d5173e9403a21ff6d6a438f35bedf,2018-01-10
c2abe874b6f1922459cfee827c8f02f8,bb3e235ef62784e88695b41dbc5ded47,delivered,2017-11-06 21:38:23,2017-11-07 05:31:26,2017-11-08 20:19:01,2017-12-19 02:38:06,2017-12-04,9d96ad6d5b8b75dd83e9bd2da641e9a0,2017-11-06
7a8107927fd13f239a62ba070873fe45,39627b5018f045c6237bd64635234d65,delivered,2018-07-30 00:04:55,2018-08-01 16:31:33,2018-07-31 11:01:00,2018-08-02 01:46:45,2018-08-03,2fe85096af3a84e576d8cbd30e32bbf4,2018-07-30
a00de27f9585ad0dcde9842ad65a43a7,550377e256b41e5d48b5d3f6913d9e55,delivered,2018-05-03 19:43:53,2018-05-04 19:35:17,2018-05-08 10:15:00,2018-05-10 01:02:54,2018-05-17,8a2206328fd74e50a6ce4c2e73a5cf78,2018-05-03
e8b925dae758913bf3c48971ce416c57,f732374f1ef394ef02779fb939c7d32e,delivered,2017-09-25 15:27:56,2017-09-26 04:07:12,2017-09-28 17:58:11,2017-10-06 23:13:52,2017-10-20,cfc28e29fe80f7bca7826d9167c72ac3,2017-09-25
877c56a87d1eefa29773ebc703954287,371b390ab804298b9f7a0acaa44f4128,delivered,2018-05-08 23:30:59,2018-05-08 23:52:00,2018-05-09 10:28:00,2018-05-14 15:29:56,2018-05-22,bf95494071ad702887ae3f6c38363f47,2018-05-08
ee491eb103d02acce80f7c5950def51d,0b451ba5ecdeaf9cb93c0a67c92c29c8,delivered,2017-10-06 18:27:34,2017-10-06 18:35:22,2017-10-11 20:24:50,2017-10-18 22:37:42,2017-11-07,fadc694fb572f20bbf62f2edf3c8a2bf,2017-10-06
e3f172aaf1f60065be92d36fc71fab65,7d622173e13aab026b87c0cb81c16ab6,delivered,2017-07-29 15:52:10,2017-07-29 16:05:48,2017-07-31 20:34:05,2017-08-09 20:52:49,2017-08-22,362c0d32ec8688c2b02086cded7c21f4,2017-07-29
50f9fe32edde21b508c0916cae106e13,21fa25c251581ebe0baf96479f9c93c8,delivered,2017-03-31 13:30:57,2017-04-04 06:05:21,2017-04-04 15:11:08,2017-04-12 07:43:17,2017-05-03,ab0fafb07c4b6c9efee1c073f50fd94d,2017-03-31
4d4add2b5baa4193d64a211acb6fb117,c094f4a9f12920e476335d963a872023,delivered,2018-02-27 23:19:55,2018-02-28 00:00:20,2018-03-01 16:43:00,2018-03-13 19:45:42,2018-03-19,acc38aaa2643b5070d0df2920f9b0d4b,2018-02-27
d2f636c21b8c69ea8ceb90f373babd4f,9c2fb70bbdefbd722d175be10d59947c,delivered,2018-01-11 23:38:06,2018-01-11 23:47:27,2018-01-15 23:17:01,2018-01-26 16:54:48,2018-02-06,9171ae6db03a687951df506cf9fb72fa,2018-01-11
f23863d36bbebad07e688d0010148a26,70dadea89e8294361606fe742fceabec,delivered,2018-01-09 22:17:57,2018-01-10 10:32:13,2018-01-11 22:29:19,2018-01-22 18:29:11,2018-02-19,5880e398144a5fc8dbcd185521e3f6bc,2018-01-09
349a7619914f3000dc07ae639ae080b8,e74cf7ebe7cb961ddda6e4cf58e493e3,delivered,2017-08-01 09:13:04,2017-08-03 03:06:16,2017-08-04 20:29:59,2017-08-07 21:58:39,2017-08-23,9314de119b47bd8bc8aebdf47850b291,2017-08-01
dda2dbc7b1340a2c9f8743feb8cbc432,a07e4cfe748353daf4ae34b4b3c609b4,delivered,2018-08-01 14:01:08,2018-08-01 14:10:17,2018-08-02 13:49:00,2018-08-08 14:28:41,2018-08-06,6827f82c5b6f65f31946549e05636b5d,2018-08-01
65190ebf6d5ddbbb29883d2399fc531c,aa7cf323e96bd6b5a996552058e6289d,delivered,2018-08-21 14:08:51,2018-08-21 14:30:31,2018-08-27 12:43:00,2018-08-30 20:58:49,2018-09-21,db77ac6b53d09664169c9604a5b17df1,2018-08-21
eb87432d1b32d99db89d573d77767a01,a22ecc2c34b892685233022097d1ba0a,delivered,2017-01-17 09:15:55,2017-01-17 09:25:11,2017-01-17 14:16:55,2017-01-23 13:12:10,2017-02-27,9960a7aea9bd658ee554b4c580beb37f,2017-01-17
76aa52a8bd8995742d4da905ed1db5ac,282ae180b69678a933118f4585d5beb5,delivered,2017-05-29 18:50:57,2017-05-31 06:55:43,2017-06-01 16:32:57,2017-06-16 14:13:03,2017-06-27,67c9bf527ec4cfe44434431770e96b49,2017-05-29
3b056e92067a43aaa660bc71598dc68e,52b3da34f204c7de2c9ee201e1491664,delivered,2017-11-25 18:51:06,2017-11-25 18:57:35,2017-11-28 22:11:28,2017-12-04 21:05:13,2017-12-11,2f9df71205a69aedb559c1d673b016f2,2017-11-25
53ac46162dfb7cb376df27dd85690fb5,15f79e36926f237097562182ac8ba2bb,delivered,2018-01-17 16:21:10,2018-01-19 02:37:11,2018-01-19 22:22:48,2018-02-15 17:11:04,2018-02-16,9b6b1f44361fd76013df4c796c4333ae,2018-01-17
e7aa8ec1453b9d7fa35da99ee0f22e65,099fee4e83ce1bfcd2315002b7a2cf47,delivered,2018-06-11 22:55:43,2018-06-11 23:18:29,2018-06-12 12:04:00,2018-06-15 23:52:02,2018-07-16,200b7a307b908a530a544f560384d3e4,2018-06-11
03d5b9a74ff46435640f8bd737ac2237,3985d677d82341e381758018d936ef49,delivered,2017-12-04 20:55:31,2017-12-05 08:31:04,2017-12-07 20:41:37,2017-12-12 10:42:21,2017-12-27,c297bb9230dc3152522d0c2b4caa7a1a,2017-12-04
6aedefde651c239abf93383dd9175022,af019120a3fed93494f80d315186f3f8,delivered,2017-12-19 11:55:26,2017-12-19 12:09:29,2017-12-21 22:21:47,2017-12-27 12:10:29,2018-01-19,1d8d9b65139f0ea3e8ea5817008cd569,2017-12-19
80503508be2a3417d594a5d158c22ec1,852de476b6c9c3cb40da002ab67d5c5d,delivered,2018-07-31 11:17:10,2018-08-01 02:35:18,2018-08-01 15:17:00,2018-08-06 20:44:42,2018-08-13,509a24208bfed03ac85ee506d70fc64c,2018-07-31
f006810a786871fd371a14d0370e88b1,430ffe436ef40a76f045f4263b7436dc,delivered,2017-03-24 08:27:43,2017-03-25 02:22:36,2017-03-27 11:52:40,2017-03-30 10:04:18,2017-04-13,15eafe50ec96b4e5f55ce25761a0ca16,2017-03-24
112f1c24ebff7575c3829274cad94e28,4217d99ce9006d56d00b88996f384420,delivered,2017-12-18 10:43:30,2017-12-18 12:39:25,2017-12-19 16:13:58,2017-12-21 18:44:57,2018-01-05,9ad338033b4b2afcb1a38194e99067b5,2017-12-18
a52fca56c21fd8b4564823dd3c99120c,c059e9c054e8b1d94fc946fa5fe0973f,delivered,2017-12-26 12:19:08,2017-12-26 12:28:56,2018-01-10 18:10:56,2018-01-16 20:35:35,2018-01-23,ea380526efa213bda379c0c3b0f3e0d3,2017-12-26
2bb6b9ebbb0ae5423d46be8e62e09538,44566495148f3f497992e83442761f82,delivered,2017-09-27 09:32:58,2017-09-27 09:49:46,2017-10-02 20:33:23,2017-10-13 20:44:15,2017-10-24,3d5ff67987bbd3820ca1cf5e7a468131,2017-09-27
11e75c2a931a2968007c44bddf001102,1b8ede5a4791e27daf584a5ec611f7d7,delivered,2018-03-16 11:03:07,2018-03-16 11:15:40,2018-03-22 14:18:21,2018-03-27 21:49:55,2018-04-09,4644f1b187e390a08b4c66fb16c91364,2018-03-16
68d8838c90191c81a8e3e1273e230414,421816b9aae0de4a978a9b3005e5127c,delivered,2018-04-19 18:55:57,2018-04-19 19:11:00,2018-04-23 22:38:30,2018-05-03 01:28:41,2018-05-17,17d7f3a57687a59fdf418ccc22adc301,2018-04-19
99b4647e792ac5029235bbd15476e6bf,fad350ab71026dc64961281da7ddc063,delivered,2018-08-24 18:37:17,2018-08-24 18:50:13,2018-08-27 11:05:00,2018-08-30 20:47:33,2018-09-05,9cc0a829ff06d89278404b76489181ce,2018-08-24
ca096b7aaeb4fc794c0e4e8e9ad8294f,4c9abe6b3ff4a667ffdd3e74aaee75af,delivered,2018-07-24 10:17:23,2018-07-24 11:40:37,2018-07-24 14:47:00,2018-07-27 16:55:29,2018-08-09,5baacaeecffec953748df99453bce1d7,2018-07-24
b79f1a780ca7d2e25fdd46f7cce4db04,d85d3d50ccfd1a908e83cc3e2ad32622,delivered,2017-04-25 16:48:18,2017-04-25 16:55:22,2017-04-26 07:58:11,2017-05-05 15:47:39,2017-05-17,317bb13e4104830907472bf16c69d2cd,2017-04-25
b08e77f09baf59e555941a454cc56dbb,ed8e4541645947f30fca3040759d224d,delivered,2018-07-07 23:07:46,2018-07-10 08:35:15,2018-07-10 14:46:00,2018-07-11 18:13:34,2018-07-19,3b8d39f87ca66dfd78a8be6456fc76fb,2018-07-07
9490bfca05997e51ea0beb78eb0918fd,0c1f8afa8316730b20388c1b0f7598fa,delivered,2017-09-19 15:47:07,2017-09-19 16:04:33,2017-09-21 18:00:14,2017-09-29 09:13:53,2017-10-11,83de18b58eea299f673372fcdb6adb13,2017-09-19
7dd8c91586e38659c39c2e1d0fb01511,71cae8ce2f6db9655de76e212d34fe56,delivered,2018-01-21 11:25:43,2018-01-22 13:47:32,2018-01-23 16:42:14,2018-01-24 13:33:05,2018-02-06,9aba983b0a4cf4d7130cf1709070d0f3,2018-01-21
601fb7b5c950f370e9b7fa94529b8880,9289d8bcd95805bc1ac27c949a99da98,delivered,2018-07-05 15:16:59,2018-07-05 16:12:45,2018-07-06 09:53:00,2018-07-10 16:14:52,2018-07-18,ec8aaeb3869352e348097f26f4c49ee3,2018-07-05
8d177df0bc7f19cc605da776c8730ce8,b1778311ca1da06bd07eae33928c7dda,delivered,2018-05-28 17:01:26,2018-05-29 03:55:15,2018-05-29 15:18:00,2018-06-05 19:32:37,2018-06-28,f8db7d98a4d9b02c0140acc20f1d3eba,2018-05-28
7cb7082833b403a3d40a1596b54f2fba,fdc77c52de77c88664c7767a81abfb56,delivered,2018-07-24 10:56:17,2018-07-24 11:25:06,2018-07-25 07:03:00,2018-07-27 20:16:47,2018-08-07,976983e03a6cbf97cc98c15661ace7b8,2018-07-24
25c67de908372a479b4e6fffa2caa7e5,691e676db8112780e2a2fcaef6bbc09a,delivered,2018-01-19 11:47:36,2018-01-23 03:38:27,2018-01-24 18:47:12,2018-02-01 21:37:53,2018-02-22,3a3c8b98935efb3e89ae715d83862cfd,2018-01-19
03afb3c10af52ddfa3c33b9881bf43f8,44e25679aa4d5d2ef5103f6b0174a586,delivered,2017-12-07 16:41:50,2017-12-07 16:51:57,2017-12-15 13:04:12,2017-12-18 18:10:28,2018-01-09,613259d64ba972e49dc25b019b7918c3,2017-12-07
d8ae8039b59ce1eb9a0f9579e07d30c7,a6f13157245571c035876037e4cc3ca1,shipped,2018-02-25 14:44:31,2018-02-27 04:30:55,2018-02-27 23:12:41,,2018-03-21,16831d934dc0ec602c64da2fb8899cf7,2018-02-25
ed69463ce85109f7c23511a77f8dc603,becc8a3706ed0f7e1c7d7becba19f3e3,delivered,2018-03-07 17:15:20,2018-03-07 17:35:38,2018-03-08 19:07:42,2018-04-02 15:05:47,2018-03-26,f58e6074ba9ddf8b45c7843353f49621,2018-03-07
9949f7af3885f27e84044841513de26e,6ff5db926f197c0c624b1fcdd6ce0d0f,delivered,2018-07-19 16:03:52,2018-07-19 16:23:19,2018-07-26 15:46:00,2018-08-03 00:02:44,2018-09-10,cdc4e2f5cfd860700fd94d4e8cddc50c,2018-07-19
32d6d5105a3262e4da6eac850c9bd963,64fcc24bf12f5b16c914dadfe547665b,delivered,2017-11-30 00:27:10,2017-12-01 11:31:18,2017-12-04 21:03:55,2017-12-08 14:57:11,2017-12-26,4796d2d1f7f723558d49471d27a03fba,2017-11-30
fb7394481514a3870d70bdf7f9c2382a,cd0573e2683d1437f048d42480d96bb4,delivered,2018-04-24 22:46:43,2018-04-24 23:42:30,2018-04-26 11:06:00,2018-05-19 18:18:40,2018-05-24,8e71e7c6f745e656d7efe6f9958e930a,2018-04-24
5c0cc9b87566505f6f3d3a3de406c7e7,2ca318e13d4ab06f0ac323a20575d76a,delivered,2018-01-18 14:53:30,2018-01-19 02:37:49,2018-01-23 18:29:00,2018-01-26 17:49:06,2018-02-08,38821e4eb83d6950e84c3529fa6d887d,2018-01-18
1e8b5739cd3836175c13682f71530a85,df031c1ab49fc29e895a7f319990dd47,delivered,2018-07-22 20:11:19,2018-07-23 12:32:06,2018-07-24 15:04:00,2018-07-26 22:03:59,2018-08-01,65f0acd0c2488dc4bc397395197cb67a,2018-07-22
b7c7121d097737e9dc40325e48481e42,f246238b7705e24d780b2585516d50c0,delivered,2017-06-28 12:48:55,2017-06-28 13:03:35,2017-06-28 13:31:11,2017-07-03 14:32:55,2017-07-20,d32b388b3c40e8bb7d1a828afb842f75,2017-06-28
a3777b94ef07749f031ade4ae824ddb2,65b2d78564e9d776cca877028b764eac,unavailable,2017-05-30 20:06:02,2017-05-31 06:45:24,,,2017-06-28,2a4bb87df78fe7a98da954eeb9abcf5a,2017-05-30
0e391a35ebcc42be741987c538330764,1228cb8350751ff7a6b47e04910e4fb7,delivered,2017-12-02 01:57:11,2017-12-02 13:50:12,2017-12-07 18:49:54,2017-12-12 14:12:18,2017-12-29,b0bca9f307ccfc4555c3ec7b3087f8ed,2017-12-02
f42fd1b7b634f6761504f8e16bb4e81b,73ca4cce5607ef3278d458d164d545e4,delivered,2018-07-12 22:55:08,2018-07-12 23:05:16,2018-07-17 15:22:00,2018-07-21 12:26:43,2018-08-13,2b21d38de89aaf53af0bf2dc9518e187,2018-07-12
431d5e312bed6ff804f464a5e0c63cf8,1d1675fc8bb113d2244bf8778d7074e5,delivered,2018-06-13 21:37:01,2018-06-13 21:59:26,2018-06-14 14:04:00,2018-06-20 23:58:37,2018-07-23,f8f3ecaf1bfba1d0c6b2152653235d91,2018-06-13
2bcd39973a8dfd7a288abc83193497bd,7ab1b6ff4410c89cad8cc8242f8d4f92,delivered,2018-03-19 21:32:09,2018-03-21 02:49:05,2018-03-22 21:52:57,2018-03-27 20:44:33,2018-04-05,d197097a91ee14e6929d261e2d9b15f6,2018-03-19
d778bedecb77b234aeb18dc79ff59194,5bafd270928490735e0122c4ee597a1f,delivered,2018-05-04 08:48:19,2018-05-05 17:10:20,2018-05-09 16:19:00,2018-05-15 15:34:43,2018-06-05,21699884e67de9ac562b012bd2f7a80f,2018-05-04
d42c3af33e0f04b3d5f012b6559e70c9,25c2777ca6e69ffaf3ff45bc8db161e7,delivered,2017-03-13 15:43:08,2017-03-13 15:43:08,2017-03-15 09:49:34,2017-03-22 13:08:38,2017-04-04,9ed6c82884b48a736e708cafc29e99d0,2017-03-13
940732b8dc54f854975ffb339263bcd6,037b8a87b79ef80a342929651eeaa760,delivered,2017-09-30 13:46:30,2017-10-01 02:33:37,2017-10-06 18:29:09,2017-10-24 18:36:07,2017-10-24,f40d7a2c65f23ef07d546aec2414d146,2017-09-30
65693e3a7937ea70a977e883a08de8b8,497ccac91e19ea5df7516a1fc06735d5,delivered,2018-02-22 16:51:30,2018-02-23 02:30:26,2018-02-27 17:20:02,2018-03-01 02:55:12,2018-03-09,acaf5177d6de60fda7ce77c48abb5230,2018-02-22
6f2241a169e16e47cdbe68ce9d8c5865,9a5111885ab24714102b914108825590,shipped,2017-12-05 10:20:17,2017-12-05 11:05:20,2017-12-05 20:38:04,,2018-01-03,a1cd349c6fba8e497f36f093bbe8c32d,2017-12-05
57b9cf4a37a14014639920e1f6d81e52,7ae471bc92b0ecb06c812292ffef849b,delivered,2018-01-23 22:47:46,2018-01-23 22:57:25,2018-01-25 00:33:16,2018-02-06 19:00:54,2018-02-16,84d49ffbe4b3250a76fcde3bd9a12abe,2018-01-23
623a128bf7d41f9326d9038040bd42a4,db946124b6774ad521438963b7611ee4,delivered,2018-03-15 09:05:21,2018-03-16 09:07:29,2018-03-16 23:42:00,2018-03-28 16:29:48,2018-04-03,a63ecedea40858ed1be28e904276d8f2,2018-03-15
24040647efd179bd506acacbbbabd838,91a10aff1998894aefda53b691a5d6f6,delivered,2017-01-29 19:59:20,2017-01-31 04:38:44,2017-01-31 09:38:21,2017-02-13 05:58:56,2017-03-16,4a1256ba59833d19d91b2139da81c1b1,2017-01-29
678ec27e8a4c8d92384bd0834f21b308,47c34bcae24080749be1315ad1fc2bb4,delivered,2018-08-14 20:59:19,2018-08-14 21:10:10,2018-08-20 13:36:00,2018-08-25 16:56:25,2018-08-24,7b3303f316a91c177cf7c00df7b1f265,2018-08-14
7725825d039fc1f0ceb7635e3f7d9206,3aa00401736823c73e9fe8683328fa6b,delivered,2018-06-22 16:47:28,2018-06-22 18:15:29,2018-06-25 12:58:00,2018-06-30 12:57:51,2018-07-16,96ac4cb74918d3ace141d3d3ddc1ff02,2018-06-22
e52c2cb181473eb8935fbb121d21628c,c9c0ac0ede68e7a4b8819c0dbb72eaca,delivered,2017-10-07 00:51:07,2017-10-07 01:04:56,2017-10-13 16:38:07,2017-10-16 16:07:26,2017-10-25,631ca5d668f00357d6251085eb97bfa0,2017-10-07
967684d880b1ebbfe2e94df16af6d01a,b725c254fc9b5469c48b1f15bf548517,delivered,2018-05-18 12:24:26,2018-05-22 08:16:22,2018-05-28 13:58:00,2018-06-08 20:46:48,2018-06-04,f7963f2dd872e110823ef4dec9754d29,2018-05-18
4da38cd7084ce9fdeae2412858379255,4c6da7ab2ec98e80e7c2dbba28b57cda,delivered,2017-10-11 00:19:17,2017-10-11 00:56:24,2017-10-19 18:33:42,2017-11-08 20:31:49,2017-11-21,61181b9bc9188678b5991d89064dd961,2017-10-11
f32d6929db9c0600d0b70c698f45ed71,790a0cfd196ae3c697972ff8aa365feb,delivered,2017-10-25 13:05:03,2017-10-26 02:56:32,2017-10-27 22:55:56,2017-11-04 14:07:48,2017-11-13,47a71b49f98984efd3c62cb213f977e8,2017-10-25
1ccd1537ab2eaa0587bf7495f32473a8,a41b6165704cff4b6976bdc73d9ecf05,delivered,2018-01-18 20:46:23,2018-01-18 20:56:24,2018-01-19 21:52:17,2018-01-22 18:54:57,2018-02-02,f68d9cf425ab0677fd1bc02686aeef48,2018-01-18
06e93d3bf0469b969d3eb95a8d55d68f,b8f3c05805a908d846c178e4f3f0e875,delivered,2018-02-19 10:52:32,2018-02-19 11:07:41,2018-02-19 20:51:28,2018-02-20 21:39:37,2018-03-05,eaaacf9177b86ea5969fcdd92f225a1d,2018-02-19
ab78c0e74f7486a3c47185c0f5cfbb89,c26682fa19520b10d982ce0a36517926,delivered,2017-02-10 17:46:12,2017-02-10 17:55:21,2017-02-13 15:03:47,2017-03-01 05:10:30,2017-03-15,a154d7313da10b1aa01ff9db5acdbc3b,2017-02-10
b830f1009892772f1ef2dafa14f4d937,73f18be2e5cfa08095fe3f24975d1b0a,delivered,2017-10-09 16:58:37,2017-10-09 17:09:47,2017-10-11 20:47:32,2017-10-19 21:57:47,2017-10-31,c0fb0b88dcb0cbfdcde0288056d0a534,2017-10-09
8c0a3c7a61e6e3720d7dd4d4f45122d7,8993926d713ff449ca3680f5cd6b0101,delivered,2017-11-27 12:06:38,2017-11-28 04:31:14,2017-11-29 20:24:49,2017-12-04 13:12:09,2017-12-21,6ce2afbde26c4790c22b4a2ad01c8090,2017-11-27
b3f296816426c556cdf428974ffa9543,04f9573f711359386b4fed690f57cd11,delivered,2017-07-17 13:47:32,2017-07-17 14:04:33,2017-07-18 17:56:53,2017-07-26 11:23:59,2017-08-14,33ed714859d7367ea2efa578453d4b17,2017-07-17
84d1f58195cae334b50f9088b38b3495,544e77a62037110df48c7f23d0a320e7,delivered,2017-04-26 08:45:44,2017-05-01 22:33:38,2017-05-04 15:14:39,2017-05-11 13:33:01,2017-05-17,4d49ed305390ff5ecd6ead3bfbdbd6b2,2017-04-26
812855c58b365035c104626bd744eddc,b614474faab2abe1b9d0bfede1460f85,delivered,2018-08-16 23:42:17,2018-08-16 23:50:12,2018-08-20 17:09:00,2018-08-27 15:38:23,2018-09-03,d5b925479d2fd6b3a38bde7196ecbd02,2018-08-16
ffba9bdc3f52eb0c4e3bac55391f706d,b0ef4139112416ffbeaf57bcff1f1309,delivered,2017-03-06 17:50:27,2017-03-06 18:02:51,2017-03-07 09:53:42,2017-03-10 18:43:05,2017-03-29,be937c1a6ba769394b350e2e3885d1f2,2017-03-06
8900d15492ac0e3b382fd3bd53c17e81,958f2d1bc9c1a5094e03d5dc379909bf,delivered,2018-04-18 19:45:24,2018-04-18 20:09:47,2018-04-23 16:31:32,2018-05-02 18:33:49,2018-05-18,ece0b40c5b595641ed47315c368a34bb,2018-04-18
4dac5a355ca2b9da23d60ed243be5673,6c0a32063bce9f24338b38d689988b98,delivered,2018-04-14 16:11:37,2018-04-17 06:11:36,2018-04-30 13:44:00,2018-05-07 20:49:01,2018-05-25,1c6c028831cfe21ab6c55c8f455ab2cd,2018-04-14
067ce97888318cd8d89a45bcb4adc94b,93a9213a3f26b087500abb8186f71703,delivered,2017-10-10 17:41:27,2017-10-10 17:56:27,2017-10-13 14:10:11,2017-10-20 20:53:37,2017-11-10,0278b3b0c4368280c3a17faa0be4311f,2017-10-10
6e3aaafcf7924b84b6d7368466339f89,58007bed392da6ec633dcbb0b29abdb9,delivered,2018-01-21 14:32:09,2018-01-22 13:50:57,2018-01-24 19:54:04,2018-01-30 23:57:56,2018-02-14,7160a4c6df67459d2753beece45f7473,2018-01-21
ad01d61ec53a43d200f359c11347316f,b0f7d66b4d70db11231afb73b21560f6,delivered,2018-03-19 00:56:51,2018-03-20 03:28:43,2018-03-21 18:44:37,2018-03-27 01:42:56,2018-04-19,f7ec0d219aa7c939a20f3505458b812f,2018-03-19
d431779bcfa54dfd8bb1beafd561e63d,988b11a12b7d63e551159e52a620eaac,delivered,2018-06-27 11:31:04,2018-06-27 11:57:05,2018-06-29 08:14:00,2018-07-06 11:41:46,2018-08-06,57fe3c29fc27230bb70e9ab88b5b627f,2018-06-27
6f22c8fb3d095ee588cacb68807f5c24,9a6e2175536179a79aeb8fa1ff364cef,delivered,2018-05-06 22:28:53,2018-05-08 19:53:01,2018-05-09 16:41:00,2018-05-16 14:26:51,2018-05-25,d04bfb5a58f27fc5f998b43d3b656170,2018-05-06
a730530dd5bf5940d9b50ffac9d297dd,1d6fdc8b0ff3d93c5b3961bfedea7f7e,delivered,2018-04-18 15:24:47,2018-04-19 02:32:24,2018-04-19 19:21:50,2018-05-03 17:29:33,2018-05-22,eaf6971a8f35d692aa3aeac6c6cf2626,2018-04-18
234ca3f0b20c63f1aad520a9de28aa08,0e2e92dd6517cdbf1de8261977b9af04,delivered,2018-05-03 09:23:38,2018-05-04 03:31:59,2018-05-04 15:47:00,2018-05-16 21:06:43,2018-05-28,22aa6922079b41133a678bdf9fca61a5,2018-05-03
894d027fa4e4510468b2b7bb87e15c56,afd614c2216929e093dfd364a3fdac7f,delivered,2017-12-18 21:18:08,2017-12-20 07:18:24,2017-12-21 12:28:50,2018-01-04 17:09:24,2018-01-18,eb0baf6a65be401b150889aebc13845e,2017-12-18
1606103139f42c0d1a6ff98702274039,5e5fcb984e10a84d0ba9f2ee8e4ad94e,delivered,2017-12-04 15:13:28,2017-12-06 16:16:24,2017-12-09 16:38:45,2017-12-15 20:27:50,2017-12-27,564988508a81dca36512b04a1ce906f9,2017-12-04
c6df20907b36a49402c4665cd5a0ce8e,510bdc58eeceb86b015aeefbfafcb5f7,delivered,2017-08-06 11:48:27,2017-08-06 12:03:10,2017-08-08 21:05:42,2017-08-27 16:12:35,2017-09-11,3fc38da1985b9e820504f0ad51abc8d1,2017-08-06
810b5ff0a01a71a907e3d4f35362c88a,f3b6b12454a41c96a83c6186c41f5e2a,delivered,2017-12-29 09:52:30,2017-12-29 10:07:34,2018-01-02 17:59:01,2018-01-08 19:55:36,2018-01-18,8de3fe8c33feecd2c87e6eb60c6c082a,2017-12-29
061e6ce7ec63fcace40d4ae11584763c,3b249b017d15eee7d092ddd5cfae4fa4,delivered,2018-03-09 11:38:44,2018-03-09 12:20:23,2018-03-10 00:08:51,2018-03-22 18:39:00,2018-04-11,2d0036e72f5077409fe62fb75d828722,2018-03-09
ead4bdb20456cba846bb4d83e5a870a0,6f20d25d531f55dab91b8dff9d7ccb3b,delivered,2017-03-27 22:20:14,2017-03-27 22:30:17,2017-03-30 15:05:22,2017-05-09 08:16:41,2017-04-25,e7529238e35b2c234eb1637aa61817ab,2017-03-27
785bbdf4b0c361c38da0f5d3dc5cc14d,8d7683a495eb362937f3956fb4608b44,delivered,2017-11-07 08:48:12,2017-11-07 09:06:08,2017-11-17 19:07:45,2017-11-22 01:45:25,2017-11-24,a5ef8e6ba939abfac503451bf8a0759c,2017-11-07
d30ebaf399ed0c5ec1cc71ed36c0dd68,6cec3bf613919f962b9f8492aa4d404e,delivered,2018-03-25 17:04:48,2018-03-25 17:15:30,2018-03-26 19:17:21,2018-04-04 19:28:36,2018-04-18,2b0feb2d152b5341f51f1d6333dcdc36,2018-03-25
e7a0d968e1490c9d5c075df5f3e751ce,ba1bcabcf79c8686e6032d9aa9d573a0,delivered,2018-07-12 21:51:56,2018-07-12 22:05:13,2018-07-31 14:10:00,2018-08-08 16:16:37,2018-08-01,c01143ba19a137c35b9680de560dadad,2018-07-12
7575f0c5a89cdb0c577224d9efde0266,1f9f966dbeb3547e8bef580b321992ad,delivered,2017-07-11 12:10:10,2017-07-11 12:45:18,2017-07-11 19:33:53,2017-07-19 21:51:47,2017-08-04,719f18245d86356b20dbfc6ebff6498d,2017-07-11
3c52e7be8ba845bcc76da9b51990e6cc,628f1237180b751c1a995cda15e51b76,delivered,2017-05-11 14:58:59,2017-05-12 02:50:22,2017-05-12 11:31:04,2017-05-17 11:37:45,2017-05-29,78ad39e87476ac52f150e22ecbd31aed,2017-05-11
382cc76dffc717f6f05ce8c2fba428bc,e2de9994c35478f475fdadaaf092ca51,delivered,2017-12-09 13:02:33,2017-12-09 13:19:25,2017-12-11 19:47:10,2017-12-19 22:57:33,2018-01-15,30e3cbda9fcaf3df52716f1b7265341a,2017-12-09
dc6200aa38e0aedcfc581a09bba8c170,961e6433caf29ca532968cf0a62a99cd,delivered,2017-05-09 10:34:29,2017-05-11 04:02:54,2017-05-12 18:26:05,2017-05-22 10:12:21,2017-05-29,2845a101ca2142f49b55c790e9d93de4,2017-05-09
76507bbf7372c5261e9cecab5d23c252,ad4a181dcbfd84ad41fbba776d1ea5f1,delivered,2017-11-20 15:45:23,2017-11-21 10:16:30,2017-11-22 01:52:55,2017-11-25 13:42:00,2017-12-18,4e42ee43113fafb0b82dc5d930cf7433,2017-11-20
4bae63148c0e5ba0afb03cace07f580b,e8ef033012a92abd4fa76e7db69b124e,delivered,2018-05-10 11:06:18,2018-05-10 11:36:28,2018-05-15 08:27:00,2018-06-01 18:42:44,2018-06-08,0074a1d3f1995ff0538dc7197500973c,2018-05-10
4e3bb52f6ab81cd1d26e60a8ef12ffa5,31971317e63dab3e284f229ef985abd3,delivered,2017-08-16 12:17:35,2017-08-16 12:55:07,2017-08-16 21:39:47,2017-08-24 21:20:10,2017-09-08,4a65c8d096a6460e4d379a0ad2ca32b2,2017-08-16
7d11ea85fd4de61373b6b8ab0387d011,215ebdb1bb6a8d7a74004f5320349615,delivered,2017-09-05 15:07:48,2017-09-05 15:25:21,2017-09-09 13:42:37,2017-09-20 20:18:48,2017-09-26,f4569f464c592dc09f2fd60d016f1b16,2017-09-05
56489a88db0de4afa3664cb5712f7d31,959e2b4cfbaa8e96e2919abe12f9b3ea,delivered,2018-08-16 18:44:49,2018-08-16 18:55:19,2018-08-17 14:51:00,2018-08-24 14:06:48,2018-09-13,d22fa88d87b7b3e2efeb587ea5c9a742,2018-08-16
39dd6ee10ed18591bddeb83c8136dd52,fd679638cf2e396b35e20a5ed75316e1,delivered,2018-04-23 17:55:26,2018-04-24 18:47:36,2018-04-27 09:47:00,2018-05-04 20:04:59,2018-05-10,89f09964a22650a135e5e445055ed513,2018-04-23
883d0564720695a23787ff3224aaa83f,183c3398be94a461ea6c6691a25cea39,delivered,2018-04-26 18:31:40,2018-04-28 02:51:44,2018-04-30 13:48:00,2018-05-07 21:18:43,2018-05-24,df88eaf48c56edbc3f2d821ed1582c8c,2018-04-26
0fcd3f7c5275b49cc83dd15129700b71,91c5faf27c8ebb48c71fe62afb3e5a3c,delivered,2018-06-04 16:39:02,2018-06-04 16:53:17,2018-06-06 11:24:00,2018-06-16 18:03:21,2018-07-11,2e28e9041059c967b17490dd9eb8a154,2018-06-04
e3e0e01b4d15c9d4c33f312a2dee8799,53564848c56e9132beb729889974e307,delivered,2018-04-25 21:31:23,2018-04-26 19:15:11,2018-04-27 11:44:00,2018-05-05 11:47:40,2018-05-14,ee40339c512e2067f5590f6ede42b323,2018-04-25
1181af08903c7e8cc1cd6cd5df586dd6,e09feaba1b9e1b07fd0203fc3d1e23c9,delivered,2018-06-03 07:38:50,2018-06-03 07:55:08,2018-06-04 14:47:00,2018-06-05 22:22:31,2018-07-11,ade96e0b2c4e31ee44d25203a746d311,2018-06-03
17e604bb550e265b46ebefe61430751b,30e8a49cee668a4435b2f91cc77c9d15,delivered,2018-08-21 11:34:26,2018-08-21 11:50:53,2018-08-22 12:43:00,2018-08-27 13:11:40,2018-09-05,000ec5bff359e1c0ad76a81a45cb598f,2018-08-21
1c34540e08aaa8566e32b53509f14ebb,f4285ca515912592837da578425f59e3,delivered,2018-08-26 19:45:32,2018-08-26 20:04:21,2018-08-27 15:57:00,2018-08-30 20:36:52,2018-09-13,fca8d917510dcfaf3708b8ee82659dd8,2018-08-26
4162db4ff964981d38bc20ff6818d268,ae6adbcc62ac5a6b33d5ef24a15bdf5b,delivered,2017-06-11 18:30:16,2017-06-11 18:42:41,2017-06-14 15:03:34,2017-06-27 16:26:53,2017-07-11,f1ca9cf8fb53b6128f4aca42dca47125,2017-06-11
4a8b56b6641818f8cf2457dedd663bcf,11af43ab5aead1caaef7a490b1420a82,delivered,2018-05-28 10:54:51,2018-05-28 11:13:47,2018-05-29 14:36:00,2018-06-01 18:02:39,2018-06-13,56b66db44a7588c58d8ce1c1887f71dd,2018-05-28
85cf5eb6282df443f5677863fa7e660b,8d8b2fa411cedab0a38abb6123a318dc,delivered,2018-04-11 08:22:30,2018-04-11 10:35:44,2018-04-13 18:03:11,2018-04-20 15:58:45,2018-05-02,a484864db179649bc723f218e041b6b9,2018-04-11
89babe508d7970dd64bc5c43f771e15b,7bdb3efd72dc6a577b3f155442919872,delivered,2018-08-21 16:09:41,2018-08-23 08:45:00,2018-08-24 14:11:00,2018-08-29 15:16:39,2018-09-14,26dc89c9859432057153824b8191db2d,2018-08-21
b9a0e33ac8e971f6a147d68b09d7f589,647f900332d9e5339d6d05c7da34f651,delivered,2017-12-08 22:29:00,2017-12-12 03:50:05,2017-12-13 21:19:33,2017-12-22 21:08:58,2018-01-10,6e19dd0c556de077b009869e2602e1b6,2017-12-08
34c378834dba3fa2b4e91a9aea8d1d70,7c42a4df52043a235ab15ea2f97c449b,delivered,2018-05-12 22:17:59,2018-05-15 05:32:38,2018-05-15 10:09:00,2018-06-04 13:18:36,2018-06-08,2ece25a0059f5b948cc8400b30e63354,2018-05-12
01825d0debce07b6502f4aff38a00e69,8d4ed4f811a7873a31183d7d7db8f470,delivered,2018-07-11 10:46:20,2018-07-11 11:08:06,2018-07-13 15:05:00,2018-07-25 11:41:06,2018-08-03,9dc80712fe7b594cb2022882737397c2,2018-07-11
871d475aeaf2288a225fe1ade32d1b44,61cfdf9916a5a215dfe42663648b99c9,delivered,2017-09-08 14:44:39,2017-09-09 17:28:53,2017-09-12 21:35:02,2017-09-28 20:07:28,2017-09-28,0145b1b14166b43baa374daddffca8fd,2017-09-08
10216a8fe4be87320fb696c8752ad08f,c978f2fd46dad1cd91bea65c69607bf9,delivered,2018-05-01 22:22:04,2018-05-01 22:35:15,2018-05-07 15:00:00,2018-05-14 20:21:22,2018-05-24,ffb7a3f4d1afe09714753add843d23b0,2018-05-01
2b229d21bf1fdfaf9e0ff6d8799303d5,2694ed5ae8d87e1265879eab1c2d7c74,delivered,2018-02-28 17:31:08,2018-03-03 02:50:47,2018-03-07 20:22:11,2018-03-09 22:08:24,2018-03-13,6337e7c3d0a59aa92363736bc587082a,2018-02-28
99c8af04316c292e23ca57d8917db2ad,c05d36c6e2c9dcd92507fdc72e5ce44b,delivered,2018-01-12 16:21:42,2018-01-12 16:31:24,2018-01-16 13:06:54,2018-03-15 20:25:26,2018-02-08,0b45aca006bbe2643cf4bcf4ed02aabd,2018-01-12
7ea64b9b8029d78ab2a77b1d4df4a008,8e02372092146ab95fb369def067fa42,delivered,2018-01-13 21:13:35,2018-01-13 21:30:04,2018-01-17 15:33:52,2018-02-06 17:28:50,2018-02-15,406479d2bb19ea97166fc87a21b24d73,2018-01-13
86c94a0d5411b58234ceb4ddda0ee6c1,95b61375b8db1edef592263d82896801,delivered,2018-08-09 14:08:20,2018-08-10 03:15:21,2018-08-10 14:13:00,2018-08-21 17:32:51,2018-08-23,7ab630d037f2c14955a4b06d272501e3,2018-08-09
83356f1b8d875976b75b83c623f73546,e44baab954ccbbfb965518ca818b36a8,delivered,2017-08-02 13:03:12,2017-08-02 13:15:15,2017-08-03 18:22:27,2017-08-07 17:43:19,2017-08-24,ca0df7f35d19dfb909ba09b176ee5a25,2017-08-02
c160599d4ea4eefa0e420db0a0cc9926,42b8b6afb59c64843d2af64de263c937,shipped,2017-10-27 12:56:40,2017-10-30 07:15:06,2017-10-30 21:37:31,,2017-11-10,a85261827b122c9a6a1d615cb4135364,2017-10-27
ebdd8f60c506c9990015a3ec68997ee1,e60f7509ed8d2f603445374680dcf968,delivered,2018-06-14 22:53:50,2018-06-14 23:19:14,2018-06-15 13:56:00,2018-07-05 23:37:23,2018-07-19,a87fe0c62e370595f2817a64ef02dec3,2018-06-14
7170daec36d1a1d42734374aff679a47,1bc02a8d09b09dfa1c5e6d332462b248,delivered,2018-05-07 22:08:07,2018-05-07 22:34:16,2018-05-08 14:17:00,2018-05-11 17:18:46,2018-05-24,a51a447d11660a0f48fd1f613027a00e,2018-05-07
79d3522a0854c853a4979ff2691abd91,4312e816d88fa8bdb6246878f61cdad5,delivered,2017-06-05 20:52:34,2017-06-06 20:55:09,2017-06-12 06:42:26,2017-06-16 16:46:56,2017-07-06,ff0ae98646e7bbb41cf0f0d3991fef98,2017-06-05
22f11cab9bb8aa2ae260c43ab69d82f0,1d8d049d2320a51520300f4b41dae8f8,delivered,2018-03-14 16:14:52,2018-03-14 17:15:37,2018-03-23 20:48:26,2018-04-02 17:14:40,2018-05-15,281005d5b3582f0dc64fb535b0a4da2f,2018-03-14
25497446fdd1ad63461e82dd59f92cf4,f0a9125c6f1d3e49fbd7ddccc8fb6259,delivered,2018-04-21 15:16:52,2018-04-24 19:24:43,2018-05-02 15:32:00,2018-05-04 18:38:54,2018-05-25,b26078bf2c2b4295ce9534d066d3427d,2018-04-21
6e66eeb2dcd054d228cbfdbe27ac10ba,bbd0d7058c24fb7d36bf6885d5b15866,delivered,2018-01-08 14:02:48,2018-01-08 14:11:28,2018-01-16 20:51:29,2018-01-22 14:37:09,2018-02-07,c4ae63b474a0d6214f3cc88e746250c1,2018-01-08
35608f7cae2658ba060f4fec29ee1f81,7dd3ca97fe318346a390afe61293f89f,delivered,2017-02-20 07:54:16,2017-02-20 08:05:12,2017-02-21 12:32:25,2017-02-24 12:34:54,2017-03-21,f4769d07fbfa6b165ac06e843ce1e3da,2017-02-20
e56bc2e95abb435cbc48cd0002499852,124c44d3e546ebc14b1f480ac4cec398,delivered,2017-11-30 19:34:27,2017-12-01 09:31:10,2017-12-05 12:48:42,2017-12-07 16:53:35,2017-12-18,b12b0c0fb576ef3beb0107e7660908dd,2017-11-30
3495837ea2ea4a98c76ca37122b2a933,9ad2bb40f5ee7830938a7c6147146376,delivered,2018-03-08 15:59:13,2018-03-09 02:15:45,2018-03-09 22:28:40,2018-04-12 21:27:19,2018-03-27,a0fdeef480e75b9f153729ec4b51bfa6,2018-03-08
296354937d156bb322d68e56f8e2729d,74bd86ec34be047727c52fdc45c9447b,shipped,2018-06-18 15:55:12,2018-06-18 16:41:21,2018-06-19 09:24:00,,2018-07-24,090b0facc5a4b9fc9e0f5820ea9bbdfd,2018-06-18
71822a8b6993991560c8feb50026203b,e4ca07270aaaf398aca7239ce3234357,delivered,2018-05-23 18:52:36,2018-05-24 18:54:43,2018-05-25 14:11:00,2018-06-04 21:06:08,2018-06-08,60a1f47e0fe477c72db23f47b973fad0,2018-05-23
459ba095fed4bd99956a2cb32fcffd41,28e262005ecd4861eddb5c0d6f27c1c2,delivered,2017-11-21 09:33:36,2017-11-21 09:53:23,2017-11-27 17:27:09,2017-12-06 01:52:47,2017-12-07,21d7be4deb9bb2a6d5deec0d8668534c,2017-11-21
1d6bda6e5595652f956770a32ae4ba0d,c903f7a5a846c6117e671107d202286c,delivered,2018-05-22 00:49:37,2018-05-24 02:18:34,2018-05-25 13:48:00,2018-06-04 21:54:28,2018-05-30,cc6197eed38f9568999014e872eb432e,2018-05-22
3ce5f19b0313072214db579286e3734c,a7755fd28da8f162785c56eda30e357c,delivered,2017-12-21 18:54:43,2017-12-21 19:09:59,2017-12-22 19:25:51,2018-01-05 21:15:26,2018-01-18,e336d57571667198911c03bc22e565ea,2017-12-21
ac02ae4f8159f7bc6f0b5320dd7d5f7e,4acb0cea53596e589d79dd40271c725e,delivered,2018-05-04 15:12:44,2018-05-04 15:33:30,2018-05-10 09:03:00,2018-05-17 15:28:51,2018-06-07,30caf70adf7a2453fc886ef360ef58fc,2018-05-04
96d3d32268dac080180a2da0140a709b,3ac8f1fd1cdf7bbdcc05ed5385ff7b51,delivered,2018-03-06 11:15:51,2018-03-06 11:30:40,2018-03-07 21:14:11,2018-03-13 22:34:32,2018-03-22,d8baed645243a390538c1b811b7b4995,2018-03-06
eb84a9e87c375d0dd9d1481b5abfd430,660f09ec2be9dab4f53543c57fbf8693,delivered,2018-05-14 04:14:50,2018-05-14 04:30:54,2018-05-14 15:49:00,2018-05-18 20:54:45,2018-06-05,89d4705ec60bcafda3fbe11dd8dd8e9b,2018-05-14
bd3137fd711a2c0ff1765bafbae489a8,639c4f09f533b9236ee3193f39f0e9ee,delivered,2017-02-21 08:40:39,2017-02-21 08:55:17,2017-02-21 12:23:42,2017-03-03 17:09:08,2017-04-24,db28128ac893a0bb264e2a0e93087eba,2017-02-21
cfa2faba61860f34b537dc9a7e42f544,1d664a33f118a2b1dab70bf077984316,delivered,2018-01-30 20:38:58,2018-02-04 23:31:41,2018-01-31 18:14:34,2018-02-14 19:24:52,2018-03-07,a1aa36fd9a41f339f30025bbfe0606e1,2018-01-30
5f0950844b0ba28b7a063457f7709df9,f5dc8e2fce64baa9b57e88badcc428d0,delivered,2017-12-08 13:54:39,2017-12-08 14:09:42,2017-12-11 18:10:18,2017-12-14 19:45:54,2017-12-27,fdfc8e52821e53dc5fd8f8d03c043c8c,2017-12-08
28603c1c1a61da3897ea97a1846b1d22,a18586d80f8ed6f6d41d08c66e7f847e,delivered,2017-06-13 15:50:51,2017-06-13 16:10:17,2017-06-14 14:57:00,2017-06-30 14:03:41,2017-07-06,b51cae896d98fa97fd55a38efb71794a,2017-06-13
636d45d43d34423e6089d87a1869a4c3,6f1209bb65641b3cf8c669934485a467,delivered,2017-03-06 18:57:55,2017-03-06 19:05:15,2017-03-07 10:55:19,2017-03-15 11:17:57,2017-03-27,eccee5a887d9787115685d26ab569797,2017-03-06
afef48d3c8a0b1b7c9b7f8f922fb5674,65f09de0b77ca07963fde8601c6be1fb,invoiced,2017-11-10 16:27:32,2017-11-10 16:50:47,,,2017-12-06,a56a69b5c5e0e105c671353ee9caa01a,2017-11-10
1d77c7c5078be3063af35c806a5dd843,b11d76f67dc034aa0ff605a1069662dd,delivered,2018-01-06 22:30:29,2018-01-06 22:37:23,2018-01-08 20:06:24,2018-01-20 01:08:42,2018-02-02,fe14466f717524fd911ca67b30b9fd61,2018-01-06
c5c8bc5afd5caf252e62d89148e0d342,59d897d033a38b312a0384b74e0b3fb9,delivered,2018-06-17 23:15:32,2018-06-17 23:39:02,2018-06-25 14:44:00,2018-06-28 17:38:55,2018-07-13,5c68b714d9a747dfbe6aba322a4d692d,2018-06-17
ed8473472f2378535c5b44ca20306ad7,ce149a268d6f78089c67ba911415d864,delivered,2017-10-12 22:16:00,2017-10-12 22:28:10,2017-10-13 17:27:56,2017-10-26 21:13:04,2017-11-10,46d136678b1c720fb055740e41b6c6bd,2017-10-12
f714269036f547389a3e426b33e1e787,0adc4805de3051fab8d98080c6cb2775,delivered,2017-08-10 13:11:23,2017-08-11 04:24:57,2017-08-17 21:54:58,2017-08-29 18:43:31,2017-09-01,97e54323b78a86d896c273c9ff83c570,2017-08-10
b75fb3fad479a8d1dfff143f49f2f76d,6f463a79f3c9e5c6048406464a7d5228,delivered,2018-07-14 20:52:07,2018-07-14 21:03:58,2018-07-18 14:10:00,2018-07-24 17:03:39,2018-07-30,fedb02b3b72a8a01ca2c212886327b67,2018-07-14
e2e7ed46703108a39d779daeeb8e4f23,713e1c9b84d40f0ec86e5f04fe959edb,delivered,2018-07-14 12:01:24,2018-07-14 12:15:12,2018-07-17 08:54:00,2018-07-24 21:24:35,2018-08-20,6a691cee3813cbd75a18516f954b035a,2018-07-14
85eeda44e93bdd0ac057cdf18179d693,91c2c887a9279ad257b85a27813d16ce,delivered,2018-08-19 18:45:41,2018-08-20 12:50:55,2018-08-22 14:50:00,2018-08-24 19:03:29,2018-08-29,a746b571acacb439f29a25e6456ad241,2018-08-19
ee567e300ec0ae4dd30d3e26ac581021,9631152c3218e9f00bd87dee439ff6b0,delivered,2018-05-21 19:56:29,2018-05-21 21:36:04,2018-05-24 16:58:00,2018-06-05 21:58:38,2018-06-20,92dbdc7fbc3c4ec5fc1f7e7cb004060c,2018-05-21
35396f77ed59c57d4b0a6005a7cc23c0,1a85365fe188f3009be6321042f1217d,delivered,2018-06-30 10:50:03,2018-06-30 11:09:58,2018-07-03 07:55:00,2018-07-04 02:49:10,2018-07-19,f7e5beca3ac37abca5ba791b10c07e02,2018-06-30
30833901a5dd334649ed9090a103fc35,d27615a51a5038316cd58427648a46a2,delivered,2017-10-19 20:56:17,2017-10-21 02:49:41,2017-10-23 17:48:00,2017-10-26 19:49:40,2017-11-07,74af582ebafc33d4f3d703257159773e,2017-10-19
c861c72a760c0b073de162e9e981509b,0383cb4f0f80f571863a2542410f51e0,delivered,2018-05-14 10:01:52,2018-05-14 10:12:13,2018-05-25 13:06:00,2018-06-09 15:51:12,2018-06-08,6a449edf2ca1d673c2f19ad18ff1f1b7,2018-05-14
08869d221628341d81a9dd18a07f625a,a48d8fbdbed3a8b9840c3f6bb5215a86,delivered,2018-05-06 22:31:38,2018-05-08 19:35:27,2018-05-10 15:09:00,2018-05-18 20:12:41,2018-05-23,f7b9e927cea804da838f1e6875bb6675,2018-05-06
126e18991a668c9b69e0525f2ba59376,c5d1b0c941bce8ce8c2b3f8273684c8e,delivered,2018-02-09 01:29:01,2018-02-10 01:28:48,2018-02-14 22:13:01,2018-03-07 23:52:21,2018-03-16,7740b9ffa0576087d73b1ec4c83859dd,2018-02-09
c7a102f6b038137e135115a15c791f74,c641e645c883a6ad6f0c0b8f5a5d91b6,delivered,2018-03-23 17:30:35,2018-03-23 17:50:34,2018-03-27 01:11:29,2018-04-11 00:58:48,2018-04-16,2d79826ad85a6a75e9dc526d7174ab70,2018-03-23
914a491b0919b0205dc6fe31c052ac49,e91fad4d3d93870002bad8f5590193d8,delivered,2018-08-03 18:05:37,2018-08-03 18:40:10,2018-08-06 12:24:00,2018-08-24 18:52:41,2018-08-30,3496647e29e6d83f3aa91a822818d94d,2018-08-03
41089c08c8d6cdd2964afad8aaa8405b,5fad97b0b396ee2e8ff1af56d659d0cb,delivered,2018-02-22 18:41:33,2018-02-22 18:50:40,2018-02-23 20:07:36,2018-02-28 16:52:30,2018-03-08,3ec77b54635a4d137af37f1c279c63df,2018-02-22
a70ff61f0d853a260f33d7a6cda42e8e,98ef3111c052c31ff3ae78c26c0cf04b,delivered,2017-11-01 14:10:32,2017-11-01 14:26:04,2017-11-07 16:36:55,2017-11-30 21:28:54,2017-12-12,1b68d14e3ade3dc6d174ed730f0516f7,2017-11-01
3ffb5839790306f5e88e8319508dae29,e5f65110b354e660abf6ba77dd78c4c3,delivered,2017-05-19 15:28:55,2017-05-19 15:42:49,2017-05-22 15:53:38,2017-06-02 09:13:23,2017-06-12,763537fbd8173d949ea5b3da1d1461b7,2017-05-19
4e2684a10a34219d0106d1623609652c,7e7f09357837fdeeaea18c4605c2be77,delivered,2017-05-06 23:29:14,2017-05-06 23:42:17,2017-05-12 06:27:34,2017-05-22 11:54:50,2017-06-08,548805ac8de1ba63dc69c45bfd65c2e7,2017-05-06
9260fe164cbc9a78f0fbea132c3072d7,2ce148b3f9b7dc18d6dcf55b2cd603fa,delivered,2017-11-24 15:43:48,2017-11-24 19:17:23,2017-11-27 18:52:10,2017-11-30 16:09:19,2017-12-14,9ca9123755eb1cad8bce91226475ab4e,2017-11-24
a5504f1984f84201ce8630f9b7df369d,ace09d14d303bd3ca7346b9273f3a824,delivered,2018-05-12 19:15:40,2018-05-12 19:30:16,2018-05-21 16:12:00,2018-06-15 19:08:43,2018-06-07,e74efa7a06c5b068cc808f5baba88e83,2018-05-12
ee09dcda8e3b3acff396f084582c8c8a,d9d79b377ee54800bfac2b94fe09ca2f,delivered,2018-07-20 13:24:24,2018-07-23 11:31:53,2018-07-26 15:05:00,2018-07-30 15:24:41,2018-08-14,823585bcff1523372b59e3feddb376d0,2018-07-20
f8b3a190c48ca5261da8494b51c540bd,54ac14c3edc253de071e90f1e541bffc,delivered,2017-11-05 15:56:14,2017-11-05 16:10:28,2017-11-06 19:33:24,2017-11-14 22:59:46,2017-11-28,b2ed6ed08d758a308f53dad5d0340548,2017-11-05
73f9e7745dc950ef3b9ecc24fbfcf6e4,d01e3ba3f38a8c91324705cda56cb1ec,delivered,2018-03-02 15:59:02,2018-03-02 16:31:39,2018-03-06 23:38:32,2018-03-19 18:54:38,2018-03-26,8c244b759a03e6fa314733fa29feaf77,2018-03-02
69bd4e4ff1a990052d8ae84b843ee045,c1906a6ec5d769197497ee2c619f97b4,delivered,2017-05-28 15:54:02,2017-05-28 16:05:07,2017-06-01 16:26:35,2017-06-12 11:54:57,2017-06-21,83a802bf1e8d04cf854a07b76a3d70f3,2017-05-28
8914de0f43ff7668bb9b82fd774629ef,e59277b168390718b57dd1f0fdbd6306,delivered,2017-10-10 15:57:19,2017-10-10 16:08:52,2017-10-13 21:36:53,2017-10-18 15:56:15,2017-11-03,a4e71a98a7a1490fff07e7a65cf06be2,2017-10-10
6da2f53b79a45c8701e66f227cea7955,53ccb31f1af2d83726c2943b32357f17,delivered,2017-11-03 02:43:08,2017-11-04 02:35:24,2017-11-06 20:18:34,2017-11-17 18:49:02,2017-12-08,52e6877c9c3053d30e44ae424ee6fd6d,2017-11-03
7a5b3f682886d750ce6eae941ad0d793,878d8c63b45f5785836732d642ec2a16,delivered,2018-06-07 17:40:22,2018-06-07 17:58:48,2018-06-08 09:20:00,2018-06-12 12:32:35,2018-06-25,2dde781a67e75871e72fc33cc353fa18,2018-06-07
c8e8f8ab00ec5d13a1d93718f5af9e4a,136e5f727307a6bed0a74338d7ee9a3f,delivered,2018-08-16 17:00:18,2018-08-16 17:10:16,2018-08-22 13:47:00,2018-08-27 15:11:11,2018-09-06,370c6f261334ee5235f6f6e13825d707,2018-08-16
222ca921eb7f9e8bb4fd4cc5af27d943,61554a130b1e37aeddb8828c8fe5c4a4,delivered,2017-08-25 14:11:59,2017-08-25 14:25:11,2017-08-30 19:57:58,2017-09-04 17:11:20,2017-09-22,65dbc5e7a91de6063361adf52a6f7a28,2017-08-25
e31b902db540d867cf64c82630abfc61,379ee4762769a6a5267ecb041c89104e,delivered,2017-10-27 20:25:06,2017-10-27 20:46:06,2017-10-31 22:29:30,2017-11-10 18:52:45,2017-11-28,eafe99c0586026629750b5c6a976dc12,2017-10-27
dafb12075abc3168e9addb5ccf7a02c5,a623062e2e6941fa9cc54558ea3229a6,canceled,2017-07-16 21:59:33,,,,2017-07-28,ea2bb0faf4154955780c8ec660b7315b,2017-07-16
a5eb6930340dbd674f7f881269ce9579,cc908e0395e8cfbdaee7e977c033746b,delivered,2017-08-03 14:11:05,2017-08-03 15:15:15,2017-08-04 13:23:07,2017-08-12 14:20:06,2017-08-23,1d2c9a902da6feeba78ac9a3b3a7be35,2017-08-03
94cb2dc75a318daa6b70375697c4d3ed,5a4b754ec98d34c53658d10de7b1f620,delivered,2018-02-13 16:10:17,2018-02-13 16:27:10,2018-02-20 23:18:33,2018-03-05 18:39:44,2018-03-08,962c6b5225cdd53c41509bc38d3a8217,2018-02-13
81edaf58687cb71cecc077db78dd57ec,150af294754bba42dcb29e19b7e09c19,delivered,2018-06-16 22:50:20,2018-06-17 22:58:54,2018-06-18 14:10:00,2018-06-25 20:58:40,2018-07-17,a6ef2fd34e5aff7af9811d857e97fa3b,2018-06-16
aeef7d3d012337cf78f2deec426bb46c,a014a75050a792fab507b0131d442b32,delivered,2017-03-27 00:16:39,2017-03-28 06:42:35,2017-03-30 10:34:48,2017-04-07 09:53:59,2017-04-24,b455edfdc265bf5a0f5bffd01f36b86a,2017-03-27
fe393d2abc096e78011cdc0bb5b3e776,9bbb164bce1773571bde10037092bc42,delivered,2018-02-17 16:59:08,2018-02-17 17:10:24,2018-02-19 20:43:46,2018-03-02 01:15:05,2018-03-09,a1a0841d89f84138975671f3d0c5842e,2018-02-17
294d70a37f9e32ceb08958fd03ee49fc,6543393dbd7da4c36d67ab82914d750c,delivered,2017-07-17 21:58:56,2017-07-17 22:10:18,2017-07-18 12:28:39,2017-07-19 16:57:37,2017-07-28,08461e3816fe3fc53aeee964f981b9c2,2017-07-17
7a593091662f42d413aaa255a1da5e81,129dc6f70fd033ff1b8c267daf0e0298,shipped,2018-03-19 10:57:37,2018-03-19 14:10:37,2018-03-20 23:02:51,,2018-04-19,5b984493256492869d34438309a9dd72,2018-03-19
21dcd2fcf462127526881cdf07741ab7,c1d18d1cc766c7f36c4c42d7fc32a609,delivered,2018-05-08 18:37:43,2018-05-09 19:34:06,2018-05-10 19:07:00,2018-05-14 22:10:49,2018-05-29,56a92d4ae6da383232787ec2b840a711,2018-05-08
91021949691f50cf0608e62a2b5efb31,8a84ce464e8139c8a6a20ed9289b12a5,delivered,2018-05-10 17:45:55,2018-05-11 03:10:52,2018-05-11 14:17:00,2018-05-12 15:22:19,2018-05-24,b608532e04a3070b4b31178948f5c43b,2018-05-10
fd863d3852b0a9ebf6b0669312fb71b3,6719f20371d31cb16a4b76b7e2d1cfe3,delivered,2018-06-10 08:43:48,2018-06-12 04:17:45,2018-06-12 15:44:00,2018-06-19 19:42:47,2018-07-16,038c91bf6f1bb33c46694bae8e74dee6,2018-06-10
9835adc5025c5e457d80894eb4f3ed4a,4bb18efca428af4eea2d3c7bc8c6596e,delivered,2018-01-04 12:02:33,2018-01-04 12:12:29,2018-01-09 17:04:48,2018-01-23 21:29:04,2018-02-01,527c6fbbe85cdf78ff1645e0a71e266f,2018-01-04
1d26b193d715a5362a2ce64676a9e0a0,4af1cf58702f9a59d4e3c02301ae461d,delivered,2018-03-05 16:02:07,2018-03-05 16:15:48,2018-03-06 20:14:49,2018-03-13 14:51:16,2018-03-29,7573d2af236da2486db1d4aab64d95ed,2018-03-05
d19f4ab4bd008d9b26f5eb3afc6cc251,b71d390fe8dc57d420c1e5bf672fe8ee,delivered,2017-05-29 10:25:47,2017-05-30 02:42:42,2017-06-01 12:05:02,2017-06-06 14:17:29,2017-06-09,1857dc02a1a6e7de4bf05a01ef3debd5,2017-05-29
650f5af6e97eb26968ad6397615c3b7d,9357df5cd335e221640e65e674eeb3ff,delivered,2018-03-08 01:46:55,2018-03-08 02:10:31,2018-03-12 18:42:45,2018-04-12 21:10:36,2018-03-29,e06ffff2eaad0b6c96660a260e43d8aa,2018-03-08
7758efb652718b8224924d2ada0ad50c,75b742fd3919fbe920d6ae8a2b4e14e1,delivered,2017-10-28 19:50:21,2017-10-28 20:05:50,2017-10-30 18:04:59,2017-11-06 20:15:07,2017-11-21,8e14c74067a1b6c2130598663b71e501,2017-10-28
360d76d7c241f62303fa5ffda2197daa,35c4ec67fc777b98caee64bd92e37276,delivered,2018-01-25 12:34:34,2018-01-25 12:59:33,2018-01-26 17:29:06,2018-01-31 17:35:22,2018-02-09,fecfa69b67c430f75008d8405b084e3a,2018-01-25
8ab08a832f16966f270a9bbffe395cfa,8b51e4bda546aa5454419448c305a7e3,delivered,2018-01-11 13:49:32,2018-01-13 04:55:10,2018-02-27 23:06:53,2018-03-09 22:04:14,2018-02-09,3cd3127e3533fe632e21af1862a51c7b,2018-01-11
4abd25ff34f0b324cadc39a6529b05c8,48fd5f9b1d184c27ecb32729042a3200,delivered,2018-03-30 21:23:47,2018-03-30 21:35:16,2018-04-03 00:34:36,2018-04-12 19:58:30,2018-04-24,772d34fd17482b75a4e3e1f59db60f27,2018-03-30
459966d40a5da1b469e57a0824ad08f2,668ff606a358230c1204757616500c95,delivered,2018-06-27 08:32:02,2018-06-28 02:15:36,2018-06-28 13:16:00,2018-07-09 19:48:49,2018-08-01,2f99e31da0837b4fdac8436c40630340,2018-06-27
226bc0c2f038af61a10705e253ef0d6a,0f657c8b0636781290d265e0bdacfbe5,delivered,2018-07-16 12:00:49,2018-07-16 12:15:21,2018-07-17 14:03:00,2018-08-10 19:51:46,2018-08-07,2c8deb31537465309060d5176e5da3d3,2018-07-16
2daeb5c4ba54c3f15aedbc5546eebd4d,f71e45be96467de0a803e7c24ac235dd,delivered,2017-06-16 15:49:00,2017-06-16 16:03:44,2017-06-19 09:51:57,2017-06-24 09:52:22,2017-07-13,c67d77555c45c127d1499507a038f8f3,2017-06-16
b9cc0087ac70da1f27b5c2b6d4f78600,579373e314e23d51cd992969b574a0fa,delivered,2017-10-05 19:38:32,2017-10-05 19:49:21,2017-10-11 20:24:53,2017-10-19 20:58:10,2017-10-31,5e5c5a37fc72bdcebd10057728425fee,2017-10-05
4ef066c3099dcff818ee6123fe0f8195,ca7852d5cebcef492e32d92050eea7d1,delivered,2018-04-18 11:11:51,2018-04-19 02:51:09,2018-04-24 19:07:05,2018-04-25 19:36:47,2018-05-03,ba0c0e497661b804dbb590a6c5660b77,2018-04-18
2e72051a5ea424279a106185004222bc,98d3f1497f563a04b97f938cf60a95eb,delivered,2017-04-05 10:55:28,2017-04-05 11:05:14,2017-04-05 11:31:48,2017-04-07 09:49:51,2017-04-26,094cdf731c72158b5eca9b17903065c1,2017-04-05
94ba7fae290ee6077e0e28a4ef7b693e,861782a28c13ab2bef0a7d1fdb70bd37,delivered,2017-12-10 08:58:19,2017-12-10 09:10:02,2017-12-14 18:52:00,2018-01-04 16:06:49,2018-01-05,1d5be08f19bda2b87305ed6dda84a859,2017-12-10
bac2b6fc8f5a8adbd94a4f4ed0f510d1,278e1994234ea87886e366e439a407a3,delivered,2018-01-04 09:07:39,2018-01-05 02:37:51,2018-01-08 21:16:22,2018-01-17 11:26:58,2018-02-02,536b491679e5f7dcc7added6569dc0e1,2018-01-04
169dbd59d432dd792647dc89ba948d40,fc024c596725f743f0d7bff1b3786457,delivered,2018-03-18 21:51:49,2018-03-18 22:07:45,2018-03-19 23:07:30,2018-04-18 13:04:31,2018-04-20,fed519569d16e690df6f89cb99d4e682,2018-03-18
73130e7702a070351d67c7859ed9e12a,9a27ec65232b3c605bf532a2506045d5,delivered,2018-05-03 03:40:01,2018-05-03 04:32:59,2018-05-03 13:33:00,2018-05-04 19:42:52,2018-05-15,bee79793697eba5ab760f09dd41a7d6a,2018-05-03
11609008a7e4bb0256bcfd643ebc6a7f,fbd93990fcbda517a7c376246180a358,delivered,2017-11-09 23:46:55,2017-11-10 00:06:34,2017-11-10 18:11:11,2017-11-21 18:12:24,2017-12-04,5d3eea6203ec9bb336962c4f24afcb1b,2017-11-09
20e966193a16a101f6a264df9dd92968,f90c709a935c79bd0451739c56511ff3,delivered,2018-07-02 22:42:14,2018-07-02 22:55:08,2018-07-03 13:34:00,2018-07-11 15:28:32,2018-08-01,48932180a853ca54fd808eacb1c15d1b,2018-07-02
e44ab38a09c7c1c8491ba831c5527914,98f2de76457ee90e5d8b763c25c734de,delivered,2018-02-28 10:21:31,2018-02-28 10:35:42,2018-03-02 17:51:52,2018-03-13 19:23:46,2018-03-23,10276d60d5486cb3e368bfa68c5351d3,2018-02-28
ff4016a97eee56d25f0e97b360d5eefe,fe14033a61feda571d5927c670fb9bff,delivered,2018-07-16 19:20:36,2018-07-16 19:35:16,2018-07-18 14:35:00,2018-07-27 16:17:07,2018-08-09,a93d58cd1757d89a7bacf6c63d905b98,2018-07-16
ffc16cecff8dc037f60458f28d1c1ba5,bca26aa1960632e9fcb269e5eb8faabd,delivered,2017-11-21 19:25:15,2017-11-21 19:34:24,2017-11-23 18:38:50,2017-11-25 13:07:03,2017-12-01,77dcaacd61039f6aea366585acea9a20,2017-11-21
c4e4f418e16546c854c899cde06a3385,adc5ab32626c83187d0614706e1a5e58,delivered,2018-05-16 11:35:34,2018-05-16 11:58:20,2018-05-16 11:41:00,2018-05-22 18:13:30,2018-06-06,0330ce746b322d7d22d9623cf556afed,2018-05-16
4a45f9f66971302cf881ecfa142f42ba,ccd6a4af78390b7ae560c1cc1cb1a2ff,delivered,2017-12-23 19:03:24,2017-12-23 19:13:20,2017-12-28 15:13:58,2018-01-25 22:17:15,2018-01-29,32d0420a22921ea161d8bff0e0297b71,2017-12-23
982f11c6a768ad4cd2c08c45b259e5a8,0b7651ec101b5e85956d6cd186adcbc2,delivered,2018-05-22 22:45:50,2018-05-23 00:38:56,2018-05-23 14:52:00,2018-05-24 15:42:00,2018-05-30,06e5b19a892adcc1764e70024306e84a,2018-05-22
23cc7aa90e16bd6d589dcc92c67c914e,da5982cf1739b87bf01693678d31cdb3,delivered,2018-03-09 13:03:17,2018-03-09 13:15:26,2018-03-13 00:16:29,2018-03-31 18:56:45,2018-04-04,8cd1b9025c793c851e44bf7880eb5a7f,2018-03-09
64eeb35d3ade7fcdff9fbb1ca5175bcf,d00827c5fac201b079be8af3a7fc9f08,delivered,2018-08-16 07:55:32,2018-08-16 08:15:14,2018-08-17 10:40:00,2018-08-23 00:09:45,2018-10-04,522c6a57e42e6b75c0db5003f6526edf,2018-08-16
d0e63077f6007e4a398345cfb93225ac,db6c660d9e74e438134fe4085d3383eb,delivered,2017-11-07 22:02:05,2017-11-07 22:15:31,2017-11-16 10:11:05,2017-12-01 19:34:43,2017-12-13,062b959255257c8f1b651a4cae989853,2017-11-07
066da535b01be4b26ca70864a62d92e1,17575cf5c2a523e21115d818fd467253,delivered,2018-04-07 23:44:38,2018-04-10 03:49:31,2018-04-10 20:21:30,2018-05-22 22:36:24,2018-05-15,fc73438d7164cec52a643a09b10b503e,2018-04-07
e6ed19491b2a8932cadafcf68e2745e3,1b5f04113a525155711b0603c69ef723,delivered,2017-08-11 21:11:29,2017-08-11 21:50:18,2017-08-15 17:25:00,2017-08-28 09:48:50,2017-09-04,47dbdc82cb82f41c494f9a192176ec54,2017-08-11
4450472f01f7fd687ccf5cfc12a12eef,e8e5b48e333a470d023ca944e6541d6b,delivered,2017-11-18 01:05:37,2017-11-22 03:16:23,2017-11-22 20:46:47,2017-11-23 20:44:54,2017-12-01,8361f199e7d95829a5c473a18d7cc87a,2017-11-18
91fcd0f8ef7c38a54003f5f4a236dd0c,3fa30c21a4432c13d4996c374191f4c0,delivered,2018-05-15 21:04:28,2018-05-15 21:15:31,2018-05-16 10:38:00,2018-05-21 20:21:39,2018-06-07,774398beb00cb3de52a723d2ab2b68b7,2018-05-15
b876459be8cda353e0830b7ce970e067,3e4da72fb0173f9f994ee85a0d01a140,delivered,2018-08-02 21:24:24,2018-08-02 21:35:18,2018-08-03 14:18:00,2018-08-21 00:28:39,2018-08-16,0156e3456c1959644b2da32c2cee358c,2018-08-02
e669f037ffe4a64a1bd28bc8d9c97d34,17f43f11fb46d92e981d533228ccdf59,delivered,2018-05-08 08:01:17,2018-05-08 08:15:47,2018-05-10 18:29:00,2018-05-16 13:49:26,2018-05-29,ed199c3caa07116eb0e13cb32f292081,2018-05-08
0a9f89404bdc46f9d6be1c8c0226ba85,37dbceec9ec09c507522d791301df431,delivered,2018-03-02 17:28:49,2018-03-02 17:49:31,2018-03-06 19:55:02,2018-03-16 15:28:54,2018-03-27,08df1f0e1904210a26cd47d590805337,2018-03-02
f7b736bf93ccc535ded543a109635e28,b168386e2703ba84ac9e51d038731270,delivered,2018-08-14 21:08:29,2018-08-14 21:24:05,2018-08-16 14:53:00,2018-08-17 21:05:15,2018-08-23,cffd74b757f4aa3fcd49b7932446f26e,2018-08-14
4d534c410387ea8b416873bd900d1b40,d83a7e09753bfb23e7f23853b6f91ee9,delivered,2018-03-08 20:10:54,2018-03-08 20:29:10,2018-03-12 21:18:34,2018-03-13 21:12:24,2018-03-21,f5b993653d07790798d2d8402996fcdb,2018-03-08
e1a9a4e68f9e918e0b27952d64dc51f8,5e887eb80d189ce9c80ab2d56d4a0f29,delivered,2018-01-29 00:04:05,2018-01-29 17:55:19,2018-01-31 13:36:25,2018-03-07 22:25:32,2018-03-05,f4c4293e63881b9e641729f6892dbc28,2018-01-29
60bb02359df66816035993b8130945e7,437a11fac2c2620588bd20096cd7051e,delivered,2017-05-10 12:21:59,2017-05-10 13:02:55,2017-05-11 10:25:25,2017-05-19 13:13:15,2017-06-02,3bca31228f5a4aaf4cf61d28bf38a390,2017-05-10
4148591d51d8741aef65abefd186887b,86d870bc6aaa37f7c193f9b2d19b8015,delivered,2018-04-20 17:09:14,2018-04-24 18:57:29,2018-04-23 21:48:43,2018-05-08 16:48:46,2018-05-22,4d72e3ea2d331c774abb707030dd9ce5,2018-04-20
32bde441c2a8669167988229bcafe2d7,25efd76e2a587902b55689c2d3eaea8c,delivered,2018-05-26 09:27:50,2018-05-26 09:50:02,2018-05-28 13:19:00,2018-06-16 14:08:53,2018-07-03,cc8a542e6981b02d26c0414316a42e09,2018-05-26
fe49c4a1416840f8ed6bd36daac85aae,88ed0ffd90c7e0c8ab95752a16f01d2c,delivered,2018-06-19 12:00:08,2018-06-19 12:18:31,2018-06-25 09:15:00,2018-07-02 19:24:40,2018-07-18,0067d2652c12515146721538868bbd80,2018-06-19
b40a211d71d4ae25b0be4be0e539fe25,b2812bd485f3594db213cc3c786c2c70,delivered,2018-05-19 15:54:48,2018-05-19 16:19:13,2018-05-22 11:05:00,2018-05-24 15:18:24,2018-06-07,ad80dea7cdb2ba7b20cc2e4e594d0562,2018-05-19
a854d06f865577c1a097985385896d42,fd6eb9abeb780067580abc6384a9ef39,delivered,2018-06-20 13:09:20,2018-06-20 13:38:09,2018-06-21 14:12:00,2018-06-27 12:56:42,2018-07-18,f52b9bb7a89d50d1bab49e421b1c613d,2018-06-20
0596e04bc1e3bb1649cf6d1f8545e5eb,293ef520846cc863d3bf09df2e5245a0,delivered,2018-08-13 16:53:34,2018-08-13 17:10:09,2018-08-14 15:55:00,2018-08-22 00:02:37,2018-08-23,8092a8fcf8f2bf3d2026175efac28c7b,2018-08-13
17f1e34933ddc8813aac392cf52fc5ba,4f7c8c8a0c6a897ec1bef8c92c8959fe,delivered,2018-02-08 18:26:45,2018-02-08 19:20:34,2018-02-09 23:33:18,2018-02-16 21:37:14,2018-03-02,6578aa32dcbe111b7486e6a95cfd5e00,2018-02-08
fe3fe238d066fcabb1fe969d182573e6,336588dd3bcee786be896211f3c19138,delivered,2017-06-18 16:07:55,2017-06-18 16:25:11,2017-06-19 21:15:15,2017-06-28 12:23:49,2017-07-14,2fd00495c95b70bff2d86d85236250fd,2017-06-18
ccfc484fcb27730cc6594fdbd1dd1c88,bc46e1900c9797ebbe427178196fdab1,delivered,2017-11-17 19:51:52,2017-11-18 02:35:35,2017-11-24 18:34:01,2017-12-08 01:54:37,2017-12-14,a7d4f8f303e5b6be85b3b87c750ce6f2,2017-11-17
474422ad1854778feb30bf77b7801bf3,edf0ceceb15b92d2b85852266f00e41b,delivered,2018-04-18 13:03:15,2018-04-18 13:15:22,2018-04-19 18:06:42,2018-04-30 12:08:58,2018-05-10,cde6577300fbd06655ff162902f15b2a,2018-04-18
1cd399dcea276c15247818674bb83c63,f993b0045d93d3f6c49417bc141e3161,delivered,2017-06-19 11:56:27,2017-06-20 10:35:23,2017-06-27 10:51:30,2017-07-03 14:51:21,2017-07-11,1271e59bf9337e70d4ca21fae84832a3,2017-06-19
99ae4dfbf51fa5875227d43e7b5c95c1,e6746025c842eea668be9825f0476359,delivered,2018-08-24 18:47:44,2018-08-24 19:04:08,2018-08-27 09:43:00,2018-08-28 11:12:00,2018-08-30,3e4097c77d4fc69d520b2e7ceca9f4f5,2018-08-24
43004196fdbcc54ae90a84736bb13afe,0e44a2576bb7c61c931ec4db9f5db5ce,delivered,2018-06-11 17:20:15,2018-06-11 17:40:05,2018-06-12 13:49:00,2018-06-19 13:40:57,2018-07-03,9ab34e7e1538c54bd829cc5f5c9e7add,2018-06-11
bea1416bda62c3b5fb9ecdad82621058,7b2202e457980bbe38a595122736116a,delivered,2017-06-13 13:34:19,2017-06-14 02:15:51,2017-06-14 14:29:59,2017-06-19 21:07:56,2017-07-06,113c9bb80bdea9b9490b6ec7a16ebd81,2017-06-13
9abfcdf89ba71476090b2c80fb6ecada,361416d575772f5f3a27a919f1c796ee,delivered,2017-10-08 19:25:19,2017-10-08 19:35:24,2017-10-09 18:03:15,2017-10-12 14:09:12,2017-10-25,c75c243586eaae6fe54bb649afebbb4d,2017-10-08
e1c27845029801e7461bce7d580db092,9d9b4d0f33eff32fc19b99d73ea7f9db,delivered,2018-04-15 17:04:40,2018-04-17 22:12:24,2018-04-18 23:41:53,2018-05-15 14:12:55,2018-05-11,1d100c3f1fdb035c9ae44dfe9a198f65,2018-04-15
04b23c68df88327f687ea03eb2f34d7e,90efed13526439903b044c40844a38f3,delivered,2018-02-09 20:41:26,2018-02-09 21:20:26,2018-02-16 15:13:53,2018-03-12 17:34:30,2018-03-07,7e593ba917a89fae306521374d488a43,2018-02-09
b0aab812f60f61971b4695951d09766d,a70c2efa2aed78b31d5f40e0b2e6b99b,delivered,2017-02-17 10:01:37,2017-02-17 14:55:09,2017-02-23 12:56:02,2017-03-02 10:51:53,2017-03-24,4f793397b023eaae3a6a0799c56a422d,2017-02-17
3d352a1e37d7eabd08d9104244fa0e21,7012918b3e6f74df5ac98f8eb735b12b,delivered,2018-07-31 18:50:26,2018-08-01 02:44:16,2018-08-01 12:21:00,2018-08-06 19:38:35,2018-08-09,101f3bb690a78f1175e0fb48ace954c0,2018-07-31
a43bf41cb94b07041262735892521605,29fac21a28f8aa4ae82030aa5f586620,delivered,2018-04-06 10:35:26,2018-04-06 10:50:16,2018-04-09 17:42:00,2018-04-30 22:32:54,2018-05-04,2177af4b53c4c94064cf2fff52a09376,2018-04-06
cbd0b1bfca1e8dbbdf17f34ac37e1129,0b4e456c57095f6f805c6f0774fb79f4,delivered,2017-10-12 09:19:59,2017-10-12 09:35:18,2017-10-17 18:47:46,2017-10-30 14:04:54,2017-11-10,65bcf4a3a37c16083a685d439fcf887d,2017-10-12
aab7f3f00c73e3e209b6e84412a3758b,c51460dcb59443d89846e238653f6002,delivered,2017-08-07 10:25:57,2017-08-07 10:35:23,2017-08-08 14:42:13,2017-08-14 16:17:38,2017-08-31,b95d83ad07de42c2568fc42e1e59027e,2017-08-07
1cb4d27eb9d959e7c803e6886b8f1552,b97047ecd83b1bf7e6ce76b89168e9e4,delivered,2017-11-27 10:36:19,2017-11-27 11:17:25,2017-11-27 21:10:38,2017-12-14 19:14:43,2017-12-20,b84978aff206ab13de3c508cd1b44f7d,2017-11-27
4bd59c9149ad4be79cbc3dc2c2ef76af,90aa25ba657c2ef8528494e4f5e99abc,delivered,2018-03-05 11:09:37,2018-03-06 03:48:51,2018-03-07 20:08:02,2018-03-12 20:24:48,2018-03-21,27131fc328d0fd8baf2b0717eff49a54,2018-03-05
7421a871e3fe41d29fd7dcc9b3be5544,0c8245c152ff3c334a3e64f49f7bc33c,delivered,2018-03-22 23:34:42,2018-03-22 23:50:22,2018-03-23 18:28:55,2018-04-10 19:52:10,2018-04-17,4c0d422b30912265d955b6493dacbd5a,2018-03-22
756707b801841459446c7e0e8c0862bc,c4eb325091a03f5a95a8b188eea38273,delivered,2017-10-19 10:00:15,2017-10-19 10:14:32,2017-10-19 21:15:50,2017-10-26 13:23:13,2017-11-08,646139d82ff29db0e29fa5928dc5e5c1,2017-10-19
ceabb3e5878fd35ef9451cb2aeda20b1,1671f344bd401d0cc0ba2869cf2ae973,delivered,2017-05-30 17:29:14,2017-05-31 17:35:10,2017-06-01 08:38:15,2017-06-13 14:38:16,2017-06-20,1f44ea8774d632324aa59b85e66eb84e,2017-05-30
f7286cad79bffb23e77a11e113977387,299d01f5fc62b1fffd24b2bc8a3745db,delivered,2017-09-20 19:35:49,2017-09-20 19:45:40,2017-09-22 17:26:54,2017-09-27 19:15:35,2017-10-13,5b06524814ffe7696731ad5c9b5fbd75,2017-09-20
633d97d8ad5f705ead6c58358a8bc827,1b937fdca3d63e703ac55efcbffca362,delivered,2017-11-29 13:35:22,2017-11-30 02:22:30,2017-11-30 20:42:15,2017-12-19 09:07:27,2017-12-27,625d9dd15fd12ce2e54d1ca4777768c3,2017-11-29
3e18227567dbe13ebe679ef9eea4d872,b7e657b12cba6b628653085d819ba8ed,delivered,2018-05-07 22:48:44,2018-05-08 10:15:59,2018-05-08 13:37:00,2018-05-18 18:27:50,2018-06-04,9e2dcd5e9030986f0589e4db7b5c7987,2018-05-07
19e50267c874c90f2a5a2bc9c2719e2b,b2e70d3def6e8c63a635a26a7915159b,delivered,2018-05-19 14:46:42,2018-05-22 09:14:22,2018-05-22 14:16:00,2018-06-06 19:22:44,2018-06-06,78db93b7eb7122a51e5e5824db4578bf,2018-05-19
ae1a1856425e1feb9fe7371ef9132616,537c2a32c37a1b1803f55b255f2fce37,delivered,2018-04-26 21:32:01,2018-04-27 03:30:42,2018-04-27 14:44:00,2018-05-18 13:09:53,2018-05-25,bc689f9317da1a260be10185d091f63c,2018-04-26
7904ad4690e52067be7de5f91f2ad3b3,46f8c73c4480f31445e62eff7d2a5d3c,delivered,2018-07-22 19:13:15,2018-07-23 12:32:11,2018-07-23 16:21:00,2018-07-24 19:46:29,2018-07-31,da287c8a994f6ea1a4f01c580486d258,2018-07-22
1ac347121eefa52ab9ed2cb87693afb0,f84d4f781159bcacddf2359446f5e346,delivered,2017-05-25 22:40:09,2017-05-25 22:50:13,2017-05-26 11:56:08,2017-06-05 13:47:57,2017-06-21,5bd67e9507365c5d3e2687293e17dc59,2017-05-25
ce2e637f27a33a1fd345f4844e866449,2eb17db1dd21795d769b6c17ff59f470,delivered,2018-06-13 10:08:56,2018-06-13 10:36:16,2018-06-13 12:38:00,2018-06-20 21:51:50,2018-07-16,022defe8d96ad7d7e6b2e39a5d83c500,2018-06-13
b60e4bb897c3faf7417e11850072fab0,9c78a4b143253799ac3fc65d6dd8e2c4,delivered,2017-11-25 18:41:10,2017-11-25 18:52:35,2017-11-28 19:56:54,2017-12-16 18:09:21,2017-12-15,e3adfcbfe437714a4f8660e2189171d5,2017-11-25
26aa7fd8593cb211c78df356f45b4cbb,7c2ea04fa08bad623b28654dfc2801fc,delivered,2018-01-19 14:33:57,2018-01-19 14:57:11,2018-01-23 22:55:38,2018-01-30 10:15:04,2018-02-09,c3ec2ad05ad7887e88c2d58c6439eef7,2018-01-19
1fa8e437e5fc2d62dee8989fd5e8df97,cfb5969d922ce93f09fe5f973c734a01,delivered,2017-09-26 16:04:10,2017-09-27 10:25:09,2017-09-27 19:43:19,2017-10-02 22:45:59,2017-10-19,40c68d4118199ba8d98015acfdeac164,2017-09-26
1254db2858a5edb97a4c724409299e13,541b8feff9af77de5253a26c7b2dd7b9,delivered,2018-08-05 22:14:53,2018-08-05 22:25:11,2018-08-10 19:12:00,2018-08-13 23:08:48,2018-08-13,8105a4e993076bcc55ba58303db6b397,2018-08-05
4abe45d3258a19bc521cdd64b940acf1,9fad0cbea18c67d95c21db7c76670226,delivered,2017-06-20 21:01:58,2017-06-20 21:15:14,2017-06-29 16:57:25,2017-07-04 13:35:39,2017-07-04,4b0f4c2619f2f9ca0695227953e5f3ed,2017-06-20
57da72fe3874a5e5770131fc98e0b309,e3bbd34655b1092f73e7575705d5c465,delivered,2017-10-22 17:10:35,2017-10-22 17:26:00,2017-10-23 14:08:46,2017-10-27 16:51:19,2017-11-09,2071bdca99d4e7a4d9bed7cd894562ef,2017-10-22
571a8f73010bc659b5a692e9d3db0480,06e3ab9b654241d5b8d94c4b5e25f705,shipped,2018-05-07 01:24:47,2018-05-08 20:32:01,2018-05-15 14:38:00,,2018-05-29,4f51b1fb01815cc981a1e33931442013,2018-05-07
2a979e13109e885e514dd6e33ea99895,cb77f3d2b5dc3e69b9cf55ada50e0c09,delivered,2018-05-22 15:56:21,2018-05-22 16:19:39,2018-05-23 14:22:00,2018-06-08 22:42:24,2018-06-11,0d6f4e65c31419133e30ff255804a607,2018-05-22
f03980d2c3fd228857ee4af323e301a1,f9174e0cd78caf5d444cab8479868979,processing,2017-11-27 13:26:43,2017-11-27 13:39:34,,,2017-12-15,1c7044d0fede242ad1c05d11c61266cc,2017-11-27
e1174d9bb5f8e6dcc490106c8c6b1bd8,414ee807f9a069ff6fa70d9580089f79,delivered,2018-01-29 14:28:17,2018-01-29 14:51:15,2018-01-30 21:25:13,2018-02-15 19:07:49,2018-03-01,f3a24fa0a529aedb8bddc6d2e1e9df34,2018-01-29
43e13541e43361e50ca0f4f18e4a4863,5f063b22160f5b66dd74ab507d230169,delivered,2017-12-07 19:47:54,2017-12-07 19:59:32,2017-12-08 22:48:44,2018-01-10 22:43:48,2018-01-12,5529aea7939027fa11e9386e52af84af,2017-12-07
206a3a8906ca90cfd9c9d3b330e518d3,d9cd408455221dba113986ba36665863,delivered,2018-03-13 14:41:48,2018-03-14 02:50:51,2018-03-14 18:38:35,2018-03-21 02:42:31,2018-03-29,11638f692ef8b9df5579350f42552fd1,2018-03-13
3598d5876c343ad3d9699be24dc09b8a,68d54b6b1f24a481a2f472046153c118,delivered,2018-05-17 17:15:08,2018-05-18 02:14:37,2018-05-18 14:19:00,2018-06-07 15:24:52,2018-06-05,f279afbabcada13572ae412aab63644d,2018-05-17
f4b9868b45403be3ef96c4f41744570a,4e8d063c46d7a41b91f4b53eda447c7f,delivered,2018-06-19 12:11:42,2018-06-20 02:54:58,2018-06-20 14:21:00,2018-07-03 02:58:53,2018-07-27,f7e6e941d91a6212b444f3879441e3f5,2018-06-19
314313f56bd89ca04231bb9378291806,c0982cbfc1f224dc1db422f982f4376a,delivered,2018-04-23 21:10:23,2018-04-24 19:06:33,2018-04-26 14:43:00,2018-05-03 22:26:48,2018-05-17,5478d9f5da865d11d32ac29f3a23ec46,2018-04-23
c52fb5a3a299efd957043c432ca93553,79504a5baca12dda1230e34effa970d7,delivered,2018-04-13 20:23:03,2018-04-14 15:32:55,2018-04-16 23:32:42,2018-04-17 23:19:12,2018-05-07,24d6989f0ababee03fb31e458bbf4223,2018-04-13
b479bb7a8182b9fcf71fccba6cfcf859,a976df9e4b96d8809d7389dc2b51c0b4,delivered,2017-11-09 10:20:31,2017-11-09 10:35:32,2017-11-10 19:21:30,2017-12-01 19:32:12,2017-12-04,9aadb05aceef3671ab1ac129837e6a19,2017-11-09
13cf8836b6a3654748e09e70c6ab4f4d,21cfa0d3860a6887e90e02e4b37e8940,delivered,2018-02-02 21:18:45,2018-02-02 21:30:34,2018-02-05 21:58:48,2018-02-16 15:23:29,2018-03-01,648670ff5e28673adb34b5b90733c99c,2018-02-02
1ae30c5681d6d6b47eec63792fda4ff1,741040bf9b7fea26de777b52d3c48328,delivered,2018-04-23 21:37:40,2018-04-24 18:33:50,2018-04-24 18:38:58,2018-05-02 20:23:47,2018-05-21,ebc35277b4c5294e7f08d23e27e98bdf,2018-04-23
437da4479f6a9e80c0f69e98a85f48a0,1b2ae93ce93f0b820358bd22b27a9837,delivered,2018-03-04 21:08:28,2018-03-04 21:48:28,2018-03-06 19:14:53,2018-03-09 15:12:35,2018-03-15,2e1dd8895e177480b4470afbee6cd136,2018-03-04
b8a4cbf978ddb7ef0264c480a122329f,0c9250b6e51b94c3250b3992631fb100,delivered,2017-01-27 11:36:22,2017-01-27 11:55:47,2017-01-27 12:30:55,2017-01-31 11:57:36,2017-02-21,04544a89f79714c0abcc3ae49e884209,2017-01-27
01dd912bf415bd6f499af600aebdb866,35d1d4cb6cb9997376abb3d7e1a97b19,delivered,2018-02-09 23:35:00,2018-02-09 23:48:16,2018-02-14 21:16:34,2018-02-16 11:38:58,2018-02-23,4c6a5fc3a280205fd9147054195346ff,2018-02-09
04f9ef79f6d6439da363d065445c2325,8cde4b3a00b6db8b6604a2553cf0c78a,delivered,2018-05-16 16:50:24,2018-05-16 17:21:28,2018-05-17 12:46:00,2018-05-21 21:15:53,2018-05-30,d8ca95d946a44bf4af460bc5eea8c00f,2018-05-16
7cb960e4db19c8f1728b07b97fc8bacd,393c8e557940bae425ca66ee5a803291,delivered,2018-02-23 17:30:08,2018-02-23 17:49:30,2018-02-27 19:02:41,2018-03-15 19:21:20,2018-03-19,a44b31b99d33ba6c128b857d28842ea8,2018-02-23
94e8d2b7d72b40f0392a9398aae8b46b,8b0c382e81940a3cf58eb028a756aeaa,delivered,2017-07-03 23:04:26,2017-07-03 23:23:28,2017-07-04 15:45:04,2017-07-12 16:21:42,2017-07-25,1c2bfaf8b8540647422e0124b05854e1,2017-07-03
abd354c184e0394672290b846384b3b3,f9a20af88c4a471038ee26f502abecc2,delivered,2017-06-06 14:01:29,2017-06-07 02:50:07,2017-06-07 10:07:52,2017-06-08 13:37:31,2017-06-20,d179c43c787f37c5b4d72d85b9e4412e,2017-06-06
04a1e228e53006582fabe65a7767258c,270149cb3f66b7edaa4645d21c7ff646,delivered,2018-05-12 19:34:22,2018-05-12 19:56:38,2018-05-15 07:48:00,2018-05-18 20:14:41,2018-05-30,1735e9de9a5693cb42ec03d585125265,2018-05-12
a3d974992b6e4d46af6f3c6259ad725d,88782b2c9e75029d37432e25fdd9839c,delivered,2018-08-16 16:50:31,2018-08-16 17:09:09,2018-08-17 12:37:00,2018-08-29 17:38:45,2018-09-03,abb2f3f74fa28b45a75820a83aea2811,2018-08-16
31db96cf06ad051a3d234fc35ea2488a,98b6c7d5318c95d0bf714d786ac0eed2,delivered,2017-12-10 11:32:22,2017-12-10 11:38:21,2017-12-11 21:34:23,2017-12-27 22:40:06,2018-01-16,4a63291cd1a368657b40e64a3680a232,2017-12-10
d7a3323d7301fb3fcdbba1385ae56042,42c396811787a52f31ecfe9e7e0841d5,delivered,2018-03-19 16:43:41,2018-03-19 16:55:58,2018-03-20 22:22:30,2018-03-24 19:03:47,2018-03-29,11362d76af6fe34fddaf543ac5c286f1,2018-03-19
6581c3a6471126317f93733a373b0eaf,216bb67e5cf120c382038ecb86b5fbe9,delivered,2018-02-25 20:07:57,2018-02-25 20:27:43,2018-03-05 21:53:08,2018-04-18 21:47:19,2018-04-03,13e84b6a660d01c356500d329cb6cb89,2018-02-25
9857f54859b9fdd422603774883d90ae,00b78d0d0484fc9f3e1138e1ab752db6,delivered,2017-12-04 08:36:15,2017-12-04 09:16:50,2017-12-08 01:12:43,2017-12-12 13:59:15,2017-12-29,6d9c0dc8d49cf9b9ff824bf1b0f79b4a,2017-12-04
9aa048e5cf0be9f697cc0fe8d1e0d6db,6901dc5c2acd5cf1e428f3384d9a1938,delivered,2018-03-20 14:07:40,2018-03-20 14:29:55,2018-03-29 17:38:02,2018-04-11 12:40:01,2018-04-13,57fd460d41d0befa7ab834f3c06dc731,2018-03-20
17af00a7d6a2c7f01a870122f1b2c92b,032ecf6afa4af219d338d03dd4f80f65,delivered,2018-06-20 12:30:41,2018-06-22 04:36:05,2018-06-22 14:11:00,2018-06-26 22:38:34,2018-07-03,1cb26e6bfd718f7434d7be2433e96c73,2018-06-20
4a57c473825a49217f1360b23fce6e65,aecb00735827bbb3264dd07c1250fa08,delivered,2017-08-20 15:18:23,2017-08-20 15:30:14,2017-08-22 15:03:41,2017-08-29 15:35:06,2017-09-15,5ebcfcf75819d041e62d7b63c3a88ff5,2017-08-20
b624f24da75ff7f8e6e8d7b10f398426,6733ee7e350e4519ba716cfd3a1b7a32,delivered,2017-05-12 14:48:10,2017-05-12 16:42:54,2017-05-15 13:06:39,2017-05-22 07:45:35,2017-06-07,ee2e40e31211c5c36ebf28b78316542e,2017-05-12
a6d9999c33b017f6d907c296e13db22c,f27ae830b105fa0c204da2ef6a3ad0de,delivered,2018-07-30 09:52:26,2018-07-31 10:31:00,2018-07-31 12:36:00,2018-08-03 14:37:42,2018-08-20,9869013f22dd1e6b56c991ceeb8118e7,2018-07-30
d57be2dc327f29fd0ef3927ac58931d6,159ae4fe9a31988f89fd1fa5c449efea,delivered,2017-10-24 13:00:08,2017-10-24 13:14:12,2017-10-25 22:03:38,2017-10-26 18:07:58,2017-11-06,ddf02ce685fea014fb6620234caa6b37,2017-10-24
7b6e1ab9552ada063fdf51be01976226,40c72408ed17990879b35e71bdb46025,delivered,2017-09-27 11:18:41,2017-09-27 11:35:16,2017-09-28 16:42:41,2017-10-13 19:08:49,2017-11-08,28cf770f1c1116b9162ed94303424e53,2017-09-27
0ff3566a4db1d9d6c88e6350d7074b45,0b79a7d7a6df52a649be6d91cf310590,delivered,2017-12-29 21:04:24,2017-12-29 21:11:26,2017-12-30 16:52:40,2018-01-06 11:13:44,2018-01-24,ade51a63f55fb3bfb0a54b7340dd79aa,2017-12-29
b533dea24ada4dc5c1a9041d25d7c812,3a4ccb2c6fb972d301b8f9edfbf81fbd,delivered,2016-10-08 21:12:48,2016-10-11 04:56:40,2016-10-21 12:37:01,2016-10-28 16:31:34,2016-12-02,ff822e5e1322cef6c211ad8a0591999e,2016-10-08
99be4182146d779870a657ca6ca5700a,0eb17fc0fd65d49a0946e9af2107afcc,delivered,2018-08-11 21:27:06,2018-08-11 21:44:14,2018-08-13 14:39:00,2018-08-14 23:03:28,2018-08-16,86f63e9017ec6edb9b9f866dc595ce75,2018-08-11
06a02b60d897c8f12fb3287e9de120e3,5dab4b965caa157b2a14f3a7cc5324a3,delivered,2018-08-14 18:33:39,2018-08-14 18:55:22,2018-08-15 12:07:00,2018-08-20 15:56:43,2018-08-28,48d379b84eef0b6d463d3c7d6f0f5eb3,2018-08-14
d6f49f5dff3052a0ecf30c9493a975f3,7799674e081f0c2366343cdbc6e59ab0,delivered,2018-08-17 14:25:49,2018-08-17 14:50:24,2018-08-20 14:06:00,2018-08-22 22:44:43,2018-08-22,2858429ae804e35c06b80a799fd79d91,2018-08-17
8dff5f86ffac550293fa1de6e64cfe08,82d7ba990758833f6b915a05d21f89a4,delivered,2018-05-22 23:33:43,2018-05-23 07:19:20,2018-05-23 12:10:00,2018-05-25 17:56:32,2018-05-30,3e51b3fc42a755c58c4960c76b73850c,2018-05-22
2b86487ced52ef357d5454397ff5538a,0b516b1985a3c37fc5b3e2d513d3f688,delivered,2018-04-12 18:39:41,2018-04-12 18:55:19,2018-04-14 00:02:39,2018-04-26 22:34:59,2018-05-16,554b3464df5192ab58f085f1ea22bc76,2018-04-12
ba01067136771e2103d611dc1d74d709,64c26ea8310a299e2d0785aa77ee1ca0,delivered,2018-05-27 17:42:25,2018-05-27 17:55:19,2018-05-29 14:04:00,2018-06-04 17:06:09,2018-06-29,35e9d9d4919ffba0c9f249156fa9d433,2018-05-27
6f8026dc118f5bb6ff82b03e8eaae469,410b6b4c567227cf189cc4ceec3a1411,delivered,2018-04-30 20:09:27,2018-05-01 03:14:54,2018-05-03 12:37:00,2018-05-11 16:56:49,2018-05-18,5d5df5a6244b5c3d88006045b03ec679,2018-04-30
9e5ddd73e11f7b84e460dcd20a130f62,ea416f195cf2061d48e89e8609a0e85d,delivered,2017-10-30 16:14:57,2017-10-30 16:31:21,2017-10-31 17:15:55,2017-11-01 13:33:16,2017-11-10,85f259fd6172166e33eec61b3dca7247,2017-10-30
6a8400c1ae628fd6e3770950582c8b99,80b26789f069971fc4b1483f33f545c2,delivered,2018-04-05 15:34:33,2018-04-05 15:50:19,2018-04-12 19:06:42,2018-05-04 15:24:41,2018-05-09,0e78a1b66adee5bb3a6f014714f79cf4,2018-04-05
4f6919f0144dfbe984adb649c1fea46d,bebf1952eebc5a2a07eadbe88a68ed6b,delivered,2017-10-31 10:17:55,2017-10-31 10:30:12,2017-11-01 19:58:29,2017-11-07 18:16:55,2017-11-23,c8ed5d6a8b7366f02f48ceb91f3be306,2017-10-31
ed1a38eb0ec41e0051d7efc7552388dd,d48a6843713e8c244485569deb121499,delivered,2017-08-31 11:11:53,2017-09-02 02:50:16,2017-09-05 18:29:29,2017-09-11 18:59:52,2017-09-13,cb6e6d4b3f2ba6508ac1f61104edc04d,2017-08-31
696619f3852ee3540c5e5809e9191ef3,c0814b694253f313e356c161e26f36f1,delivered,2017-11-24 10:21:14,2017-11-24 11:38:23,2017-11-28 14:10:06,2017-12-05 16:47:26,2017-12-14,87f010c67cf8eb940ba3e7e89ae9bd64,2017-11-24
6f8747aed0e0bf14065fb5a312ff7fa8,54d79e95c62df916da6879bb711ead20,delivered,2018-03-11 18:36:17,2018-03-11 18:50:28,2018-03-15 15:54:32,2018-03-28 01:52:41,2018-04-03,e798aa0b79761f377245e96d09118c82,2018-03-11
ebd31a90e66528c36222f1d33b588105,633564eef76e91d33b1cf574fa7ca510,invoiced,2018-03-22 01:18:32,2018-03-23 02:27:56,,,2018-04-12,76f0642f3d9b62a470a68250354e40a0,2018-03-22
561bf26c30573110a8a2d484985b3419,8d5305107c2a57b59469e502826f1571,delivered,2018-03-12 08:20:13,2018-03-12 08:35:39,2018-03-14 00:48:45,2018-03-22 22:14:56,2018-03-29,4d6d1b3e194b3fba5ea46c5526d783d8,2018-03-12
6e6527028de694ccade37f5a15a6d84a,a48d74b7c46f9ee06e4ca93cae7b598f,delivered,2017-11-25 23:51:54,2017-11-25 23:59:27,2017-11-28 17:11:21,2018-05-10 00:06:20,2017-12-18,299622c6ade91056dc308a093cb07aa2,2017-11-25
09d9dfc52ee6df196fdd19dd3b7440a7,131ae605cc2534ffa8e03fca81c54d3e,delivered,2017-12-02 12:30:05,2017-12-04 16:31:59,2017-12-08 01:07:56,2017-12-21 19:37:11,2017-12-29,991669f489a5bd99e998ce6b5a90dcb5,2017-12-02
fff0db5573c78c1cb5a2b68a2bbd8d4a,57343e0c5ed32cb5a60d261fb66f7f35,delivered,2018-06-27 09:02:19,2018-06-27 11:05:27,2018-06-27 10:19:00,2018-06-28 17:52:43,2018-07-12,c837fc7e43f0988bad8b017457238977,2018-06-27
b6ab1ce66f41dbbd8e998bfb0eab8bd5,8d61d4e9db55270ed265a5def0d1b9b7,delivered,2018-06-26 14:14:25,2018-06-26 14:34:15,2018-06-26 13:53:00,2018-06-30 18:18:32,2018-07-31,7d0657521defb95729f99cabedaa6625,2018-06-26
afed00b9cae687f1f1a07bad548aaa50,cc965eb87f92dbe0571ba70f96602e9d,delivered,2018-07-02 21:15:37,2018-07-02 22:50:22,2018-07-03 14:52:00,2018-07-06 18:44:34,2018-07-23,5062d663fe0752287c90eb4148af978e,2018-07-02
fecffb6b5e750f531ed929dee1067ee0,e42117207edd780c43fa5ecc2f85c406,delivered,2017-10-15 18:55:27,2017-10-15 19:07:16,2017-10-16 20:09:17,2017-10-26 20:05:51,2017-11-10,e94f497b64b4c843216126feedb1dfae,2017-10-15
b0c7196170c9adcbf44c5b77f03165e5,9c3644078ac04eb62d98d3c2f6e51206,delivered,2018-08-11 22:17:09,2018-08-11 22:30:13,2018-08-13 16:11:00,2018-08-23 14:31:09,2018-09-03,99f6c473d8738d88f9c774d331aa1bcb,2018-08-11
9df65e0ad2cbfa0485262629bb2b6605,92feee9c4c01dfc0bfdacf52eacea448,delivered,2018-02-20 09:43:30,2018-02-22 02:08:45,2018-02-27 18:45:08,2018-03-20 18:12:24,2018-03-16,a4214e8ca6af8a29515bc907ddff8256,2018-02-20
68f53d7c6dd56601cca617ab0ccc7a0b,0bcf0d29267c6b219e27f727bcb0ad88,delivered,2017-11-19 14:08:26,2017-11-19 14:26:46,2017-11-24 17:25:43,2017-12-06 19:23:15,2017-12-18,d0ad4835472bc6937d187584dc5b34c1,2017-11-19
fa09bf06f137e4496f69f730fd93dcaf,093e07dbdcc9f26d16a5cf4c0b8173ab,delivered,2018-06-12 19:03:16,2018-06-12 19:27:31,2018-06-13 13:52:00,2018-06-26 18:38:24,2018-07-26,95e1a44735b65ecbe457b0c97f588b07,2018-06-12
e0232e690d8db08e0abc81a3a744f9b7,1a9679dfc4dafed8c9bc8a907ea29e7c,delivered,2018-05-15 09:06:48,2018-05-16 02:53:53,2018-05-17 14:52:00,2018-05-24 13:44:35,2018-05-24,9370ef9248cdd2b8f8a5d89052a613da,2018-05-15
87afe03582c1a7f1914fd26170b7701c,cdba0cece04a0f6241f6ae72f87f2cc4,delivered,2018-04-04 21:01:02,2018-04-06 03:15:40,2018-04-07 01:16:47,2018-04-12 20:11:33,2018-04-24,bceb8b322eccef629d5fb3fd26bb1f8b,2018-04-04
d3bf11d57ac787afe683e9e638023576,608ad8754d7804251b348ba11b644053,delivered,2018-02-16 13:39:21,2018-02-16 13:50:35,2018-02-19 23:51:54,2018-02-26 18:09:40,2018-03-21,b62349d6c5fc07cbf15b79c514549122,2018-02-16
39fa02e23ac8857769bdcdd496180f7c,df326c1806d432cd11ae4ff65c1c2483,delivered,2018-08-11 00:34:38,2018-08-11 00:50:07,2018-08-14 15:54:00,2018-08-17 13:32:22,2018-08-29,104c5f67acb03a1751fe8dc0cfb66833,2018-08-11
aa2dc936dd126536c8f2eb4dbaf37333,3be90202886d6cb57a63f578f4f70cca,delivered,2018-07-30 08:34:27,2018-07-30 08:45:09,2018-07-30 15:52:00,2018-08-04 00:28:25,2018-08-08,c8ebb17d3f42219f10a9985722d16906,2018-07-30
4c3812e7963e6b0932c6142e3d6a6b85,b148b2b71b47b2bf513cb703bd07b63d,delivered,2017-04-19 09:25:15,2017-04-21 05:16:03,2017-04-27 03:30:15,2017-05-03 11:07:25,2017-05-18,30a8ad4d68dbd10928ea7938ab289856,2017-04-19
eaf25d31a437014ab7271e91dead59c4,c468e7c6af0176a40092ffb15f3119b0,delivered,2017-12-01 15:44:08,2017-12-01 16:00:31,2017-12-04 18:35:05,2017-12-06 15:42:31,2017-12-26,8ae26e6db04aeaccf8c41a55ad87521c,2017-12-01
469486849094bf1935cd99d96e117ded,4823c52e962bd334cf992817bcdff533,delivered,2017-08-23 19:47:18,2017-08-23 20:06:55,2017-08-24 15:27:12,2017-09-01 15:51:37,2017-09-15,d7f36ed554c844d47a19567041894aa3,2017-08-23
4dc7e4499db06c25a94a1b3cbdd9c8df,21440e882fe13916d2db386c20736826,delivered,2017-07-09 11:43:54,2017-07-09 11:55:18,2017-07-11 14:46:21,2017-07-12 17:54:38,2017-07-21,924462b756aac8bdd1c0084eafec6016,2017-07-09
4ca4a1922b582950b25cce6e7ef34315,c037e55c28eaaaa458a447f6fb9ac8a7,delivered,2017-10-26 15:43:23,2017-10-26 15:56:25,2017-10-27 16:58:30,2017-10-30 13:48:01,2017-11-14,8d80fd7cd5745aeb72c314664a1ec3f5,2017-10-26
aad5afa8c6f6c436e07eb1107d02f34e,d4aa5e0e3077341b5cb473ccba437951,delivered,2018-03-24 15:35:10,2018-03-24 15:50:29,2018-03-26 19:02:19,2018-03-27 21:49:03,2018-04-17,bd5d6a42467cb596b020da4b47bdd5fa,2018-03-24
1ac0eff2487c84f0181b8204a9bf6124,45cd1c128f672736618571f7b873ab73,delivered,2017-06-14 13:30:35,2017-06-14 13:42:28,2017-06-22 17:32:31,2017-07-05 18:44:10,2017-07-07,cf0e82869515d486cdeb82cff3ae8ff4,2017-06-14
977ec2dc0bff193996408d1631b22181,20362112f844c8a9416e4bd44398ace2,delivered,2018-08-02 12:05:57,2018-08-03 02:50:37,2018-08-03 14:38:00,2018-08-10 15:32:34,2018-08-22,198ab1271f3bb949ef63fe8522bb938d,2018-08-02
3415d8ed3da0f4c3f72b608ad678a895,9a5287ae4b7c874293dac95b843f82b5,delivered,2017-08-18 09:01:49,2017-08-18 09:15:21,2017-08-23 18:55:20,2017-08-25 18:13:41,2017-09-11,04cb1b5f6bdf1f19791892baaf757495,2017-08-18
31ee7866f7203208e59eba90498ead4c,a5ffaf89f5f7e639ce935676baf2c314,delivered,2017-07-26 16:16:24,2017-07-27 11:25:24,2017-07-27 21:33:54,2017-08-03 11:49:41,2017-08-21,1408e48cc4b723565959e55e5a185b94,2017-07-26
b1e0c67bbf6c050cb6b1eb71e3ccdb37,9213aac1b5ff45da25ff7bedebb9a6e8,delivered,2017-12-08 09:15:28,2017-12-08 09:30:35,2017-12-14 19:33:16,2017-12-28 01:34:46,2018-01-04,176e3a9b9b2409b4509ac59cb76ab4b0,2017-12-08
9e1516d69461cbce6204729191230717,0629ffa463b7bb65e62829ee41b0934b,delivered,2017-07-23 23:05:01,2017-07-25 03:30:13,2017-07-28 19:17:38,2017-08-03 16:08:27,2017-08-17,d6a47604b551804c235f4794b23065cb,2017-07-23
7828ebfebc66999cec37ddc06c63870f,861c4eff6dcc1cd1ce85c4d47fd54509,delivered,2017-09-22 14:27:52,2017-09-22 14:45:35,2017-09-26 19:57:41,2017-10-09 15:53:05,2017-10-24,61bd25cfb1d871f63db30ea20530c223,2017-09-22
097255cccb9ac174d481479fae72556d,aec0636da1a15a55683856d9a5821ffd,delivered,2018-06-28 03:08:38,2018-06-28 03:31:33,2018-06-28 13:30:00,2018-06-29 17:48:48,2018-07-12,c253aade0522598f2381d711dd97fadf,2018-06-28
6b37f541eb6753f5383147a84d419d11,864fd7d2112ae79ef1095208edb6372b,delivered,2017-06-02 21:52:23,2017-06-02 22:05:11,2017-06-06 09:43:25,2017-06-19 19:45:47,2017-07-06,5c117c579cb98a9c6c50e1301a349f3a,2017-06-02
bbfed558e5d7c7cb32f6e7a4026b0d2e,21d39c44e49d24cbd3e842263e1672b1,delivered,2018-05-09 10:22:52,2018-05-09 10:35:13,2018-05-10 08:11:00,2018-05-15 19:20:56,2018-06-01,0a4e93797d441e3a488a029b13ab40d1,2018-05-09
5be8e1e5d0ed823d38d05d5b7cce9581,c44394168c29d3bab271b2077bb2cd9b,delivered,2018-02-22 10:43:03,2018-02-24 03:30:34,2018-02-28 15:45:12,2018-03-08 12:47:26,2018-03-22,a2c92455267209d757527eb248fff32c,2018-02-22
23538663b36489215fd49765baa4ba8f,14b0912a842b58de740de4a7b5ec8e1d,delivered,2018-08-05 14:07:53,2018-08-06 14:04:43,2018-08-08 08:39:00,2018-08-16 16:27:51,2018-08-28,35b7b2964b474b63fcd4346f63805bbb,2018-08-05
3b842ff9ea0324f7726503cadd3c0db5,26982dd51b55e2a5cd7793d84a0787c8,delivered,2018-08-07 08:53:33,2018-08-09 03:44:56,2018-08-10 11:53:00,2018-08-24 17:08:34,2018-09-04,fbb12b94afcf31408ac7820ec30e78d1,2018-08-07
c9fe382a47de702dfad8f4b2ea3d2b3a,fb944ca3fae591b47729c008b3cb1aa4,delivered,2017-05-13 09:03:16,2017-05-13 09:10:15,2017-05-19 14:51:34,2017-05-27 23:13:42,2017-06-19,888187ceef448600ddb3020c3a4f4133,2017-05-13
284039cca9a61886953286f5dae55fdf,1d17a1a799c8c9c248c1816d48b5a689,delivered,2017-01-30 18:30:53,2017-01-30 19:31:10,2017-01-31 05:40:30,2017-02-08 09:03:47,2017-03-06,433dd4253bb5e9eae16387ac1b5818f4,2017-01-30
6a9a4c2b15294a31288a5fabc2427807,39bca3007293ab6992e74006abc9b462,delivered,2017-11-27 21:45:48,2017-11-27 21:58:29,2017-12-01 16:45:52,2018-01-06 15:27:02,2017-12-20,2dc258707792c420b96fa230b442520b,2017-11-27
4048feff4f2e6e394bcaf4981d27a9bd,1549a2a8e05b28e7ba31eeb0ab1bd84b,delivered,2018-06-25 11:59:16,2018-06-25 12:13:40,2018-06-25 11:56:00,2018-06-26 20:45:42,2018-07-05,0aa4c8697feb2b17ce0e8f97c68c0b2a,2018-06-25
4b0c84473bd3be3ee00dba465265e79d,e9480985d1c0e64ea0754e6aa4e78566,delivered,2018-02-14 13:34:53,2018-02-14 13:47:43,2018-02-20 17:52:50,2018-02-27 19:59:01,2018-03-14,9b9fb4b63021065c2978405174354981,2018-02-14
b12c22449b10c20ca59c61ae92eb3e72,10727469edb56e3e75ad79165deaac4a,delivered,2018-04-19 16:36:33,2018-04-19 16:58:38,2018-04-20 17:32:43,2018-04-23 22:47:50,2018-05-04,4cb2e38fa5a11430d5fcc835e83d62bd,2018-04-19
ba45e84c712135fbb4ebfc999ff5fa42,63fb7a6bde3a209ef4d4f91a4be96798,delivered,2018-03-05 21:27:34,2018-03-05 21:48:39,2018-03-10 02:14:29,2018-04-04 17:48:44,2018-03-26,7558acce60a14d951ae5e12d0a6a7e02,2018-03-05
7296ad758e6c852b351261c5eb31bf51,4c734d9ccc49f0068cb5c75b3e88739d,delivered,2017-11-26 20:28:28,2017-11-26 20:37:24,2017-12-06 13:51:48,2017-12-17 17:14:48,2017-12-15,c9a1e1fe64fd08a3c9e57b002518a9a5,2017-11-26
585ce4ee0af830235ceed384bcbe545f,b037a695c6950aff65e546972aded583,delivered,2018-07-19 18:17:11,2018-07-21 03:30:13,2018-07-23 14:26:00,2018-08-01 14:51:41,2018-08-07,6cf0d28024ebfa218fd7dafc2ea37dad,2018-07-19
8b75cb6fd9531cacf7f2cb7dadf7467b,1a663679384785e911792fb4a86d61c4,delivered,2018-02-20 18:35:00,2018-02-20 18:50:24,2018-02-21 19:48:00,2018-03-07 00:15:35,2018-03-19,f925f3746464a73faab32897add08413,2018-02-20
73696c4354b75af323cf793aa474acfc,c99b3cf4d3a8c1829fc7b4c71bd3e43c,delivered,2017-05-05 07:48:46,2017-05-10 21:32:36,2017-05-10 09:47:50,2017-05-16 06:50:09,2017-05-26,1fbd81e4d0a0cf9125ca038b43533b7f,2017-05-05
dde2650c0fa0e73271dc339daf400ac9,e24afd292df4c36dca1a8e419dfc7bc0,delivered,2018-07-30 00:46:43,2018-07-30 00:55:25,2018-07-30 17:13:00,2018-08-03 18:21:53,2018-08-10,44a0a562a1fd549bb4db78377252fbc5,2018-07-30
727c209cf1bf38111a8f69422ad7fab7,205a1b52104efa306fb9a38c0cffdace,delivered,2017-09-18 17:54:27,2017-09-18 18:15:31,2017-09-19 17:24:03,2017-09-22 22:12:17,2017-10-04,aedfc8d041dcb092b3eb0d1d2fa3cd64,2017-09-18
336a16de6914823ae7487a9023eb6d20,83cac99fb2abfb992f329be5bbba18b7,delivered,2017-10-19 13:25:52,2017-10-19 13:35:20,2017-10-23 18:05:07,2017-11-06 19:24:37,2017-11-17,9ee8e6463e72b0fad643600e3931bf4f,2017-10-19
7f5d123edea7962b20bf26e29262f9e5,c3539d3d4dfb2fe3b6de4bb8f277e989,delivered,2018-05-02 21:25:27,2018-05-02 22:17:03,2018-05-03 19:01:00,2018-05-04 14:34:36,2018-05-10,bc50d0c6d5effaefb4d2423feda931d7,2018-05-02
58a72152512644cd6ee65accc9206cf4,c4981c3e4fc10c84b4ffcf5d3b051edb,delivered,2017-04-30 21:38:13,2017-05-03 11:33:09,2017-05-04 07:48:10,2017-05-15 14:03:59,2017-05-25,555bd6ec6c1277b3a2a09dfa5373c3c7,2017-04-30
a38fda8c7745d9c406a48daf230f957a,d815502657bd93cb52c48c3df5fdc0bb,delivered,2018-05-27 19:47:43,2018-05-27 20:14:32,2018-05-28 12:44:00,2018-06-08 15:02:28,2018-07-03,1cf8e6fed326a1265fb1d39e22ddb72f,2018-05-27
baf89f4d2a891b5818e779ffbf022723,7c85998ec2e86b8557b338c098b23339,delivered,2018-05-03 10:46:02,2018-05-03 12:19:35,2018-05-03 13:11:00,2018-05-07 18:02:31,2018-05-23,de0a38ba2aba5b3c8466302afe76508c,2018-05-03
a9de9da3261a82140a4a82b5fb13494f,76b188ee21a094e29876c446938dc0a6,delivered,2018-02-15 10:59:46,2018-02-15 11:10:26,2018-02-16 00:06:51,2018-02-19 17:54:56,2018-03-05,4e524b55800ba1e9a52ffc54e9cc7882,2018-02-15
777ee9fd50fbe50e788ef536b1656b08,81d15034733f633b91858fc912702c79,delivered,2017-04-10 21:29:16,2017-04-10 21:42:07,2017-04-13 09:35:42,2017-04-19 17:04:27,2017-05-02,8329519e31cb1b89bd44c3c6ae417ad6,2017-04-10
67b464eee8fa44d78ac019e09dcc25ee,f50d17e6ef8a2e95fc8594af9c570a3c,delivered,2017-03-18 20:06:36,2017-03-18 20:06:36,2017-03-21 14:06:57,2017-03-23 07:53:36,2017-04-06,49141fd47ea9b5294d613b5aa42acd0a,2017-03-18
4f0ae5e0706a3e90f9f36d0f34fe60aa,f85e5fced79b04b2b43798ee12ea1308,delivered,2018-06-21 18:04:09,2018-06-21 18:40:22,2018-06-22 10:57:00,2018-06-28 19:07:50,2018-07-16,f3980b9ad5ff821028cb32be1a9e5afa,2018-06-21
7bb79f0edc7627c4bd27cf2979b0b7ef,0c94eecde2258c132a639159d8671cc2,delivered,2017-09-28 07:47:12,2017-09-28 08:20:10,2017-09-29 18:30:05,2017-10-09 18:18:50,2017-10-30,97144e6271856b36d5cc681eecf291ce,2017-09-28
e1c3d92e7f97e0bc149440c0e3bbfe2d,fa74ce9561e3e49b9c38a7f34faf0d9b,delivered,2017-10-30 18:48:50,2017-10-30 20:31:37,2017-11-07 00:22:21,2017-11-14 00:10:01,2017-11-16,ae62edbb6765d5c38d549130978d0495,2017-10-30
76b8568803f110a59ece4167463a4a7e,9d13f5da757d6d19132fa0980c9e9729,delivered,2018-04-28 14:07:52,2018-04-28 14:30:19,2018-04-30 16:01:00,2018-05-03 00:03:52,2018-05-17,1cc24255ee6fb748bb8d8d83e0fc7569,2018-04-28
c88d3aed5c03ca278b7cfae5f6e9d1b1,5f5f3e3a16d182b77b8b555a0852b6d1,delivered,2018-02-05 13:52:45,2018-02-06 04:32:22,2018-02-08 18:34:59,2018-02-23 22:09:40,2018-03-12,5c09246f8bb77c0c244f283b456010ea,2018-02-05
70ed857e24fd6bf1e25a9bc791a2f6b9,7eab641be5b633438b8082aad878cb4a,delivered,2017-08-30 12:26:52,2017-08-31 12:35:16,2017-09-04 17:55:01,2017-09-06 19:36:58,2017-09-12,be6fc02ad3ccde9632a496c819cbf1ff,2017-08-30
f79585e401509fe06dda49a4cc8f22b4,a18b4eb021ca5546fc672029c7ce50a3,delivered,2017-09-18 14:12:37,2017-09-20 02:10:16,2017-09-25 20:08:00,2017-10-16 20:17:46,2017-10-24,bc433b962915ca8522e87d1c318499f6,2017-09-18
e3e71ae706915dade3d9cbcd7a792a69,0b530e0541b196e2873192ff6cd44dae,delivered,2017-02-18 10:22:39,2017-02-18 10:30:16,2017-02-21 12:16:08,2017-03-05 05:22:17,2017-03-31,b0276fd6017b7395aa781016653a087b,2017-02-18
9340ec2a1f243ae60a2b70696db3b202,2548f1470944abf5e4ba22316b039b91,delivered,2018-07-02 17:06:24,2018-07-02 17:15:17,2018-07-03 14:48:00,2018-07-05 20:28:31,2018-07-16,f6315000f7c9d9a64a4c5370de56da57,2018-07-02
56301ae69daec31f44fa405fc3a09518,2aca3117e088794c5b5db8089d383e07,delivered,2018-01-25 00:23:20,2018-01-27 02:52:25,2018-01-30 22:07:34,2018-02-24 17:27:10,2018-02-26,481f9c20ac611142924e15eadf505d2e,2018-01-25
f0704d8911f0469d5abbaf6096052409,8cda4bd14575a660f2bb6638f54857dd,delivered,2017-02-01 10:11:58,2017-02-03 03:41:38,2017-02-08 10:32:48,2017-02-15 15:40:52,2017-03-10,ba4a2175bec63f868cfba4e6ef36c29a,2017-02-01
9dabd200c58f609f380ecd1e44898086,1bb2273c4c26af24561221cfc4fbd7f1,delivered,2018-06-12 20:50:18,2018-06-12 21:24:02,2018-06-15 13:48:00,2018-06-27 17:11:52,2018-07-19,647afdb8a120547075e55a9dfeba6bcf,2018-06-12
37193e64eb9a46b7f3197762f242b20a,8e4bd65db637116b6b68109e4df21b84,delivered,2018-06-21 20:29:25,2018-06-23 01:40:32,2018-06-25 14:38:00,2018-07-04 14:04:53,2018-07-12,b33336f46234b24a613ad9064d13106d,2018-06-21
5efb55c3cc550a13a9af885e225f8d9e,9acc463224f2913d510896fb47e1f8e6,delivered,2017-10-12 08:56:17,2017-10-12 09:14:11,2017-10-18 22:13:42,2017-10-24 21:57:49,2017-11-09,ea5849082a52f12fe5bec5751278379f,2017-10-12
f7dcd88b218022d33734106bf56e3165,f15455349aef0d798e08de51e42959b6,delivered,2018-06-29 09:00:33,2018-06-30 08:55:20,2018-07-02 13:54:00,2018-07-07 08:52:46,2018-07-30,8c04bad82d264709bc97f33da4e4926a,2018-06-29
1ab81205bd97428adba5715c92dae13a,35b3b2f7a035f2b0d30f4ca7e358fa39,delivered,2018-05-13 15:41:30,2018-05-13 15:55:15,2018-05-14 15:18:00,2018-05-15 22:03:05,2018-05-28,e061bbbdee5b4d539d3272c718faf836,2018-05-13
c7f27c1776def4a1c9b1585107d0f209,d6369644f940bf60c49dfa4d4c046ccc,delivered,2018-04-17 15:15:15,2018-04-17 15:31:50,2018-04-19 00:36:34,2018-05-09 00:04:51,2018-05-11,920a2c3a734b7db667bfa6eca770ea65,2018-04-17
05ad071b550b1cf2815e8bf3bec3291f,51883bf50149a3028f35341d1fc008e8,delivered,2017-04-27 12:57:18,2017-04-28 13:06:17,2017-05-02 13:51:27,2017-05-19 12:56:52,2017-06-07,dbb15eb2661a149d6239983aabac88d0,2017-04-27
e9fe4a25c4b2cf9709c06e7e6aef0a8c,fe467cb0cabde021ce57f8c11899dcc7,delivered,2018-05-26 21:38:10,2018-05-26 21:50:10,2018-05-28 14:15:00,2018-05-30 16:39:29,2018-06-20,20fed5a2444c36b098a49bf2f6f40bd0,2018-05-26
f5d8546541a4875d1b5702fa3a24711a,cec0e48517c07c754928dc9098a9d4c1,delivered,2017-09-18 15:10:32,2017-09-20 02:35:40,2017-09-20 18:42:45,2017-09-26 13:46:44,2017-10-05,e246473a236ca29747182e7986dbdb7a,2017-09-18
d5440e126957d8548489716a186fa787,1ab18a93183fa43daeeac6eefd12f746,delivered,2018-06-12 21:42:33,2018-06-12 22:01:40,2018-06-13 15:59:00,2018-06-15 19:58:43,2018-06-25,73a113b50df6270fdbb9526234129915,2018-06-12
76464635ac7911e6670c028e667ca7f0,a94e78deb3579cab87a6df262fb7620c,shipped,2018-08-08 12:07:33,2018-08-08 12:15:19,2018-08-09 14:22:00,,2018-08-23,387afde4c4a143dd03995326000b009e,2018-08-08
71f78dbe56e4ceb4b7ce394fb6de8f15,1414a515ad96f8644b1b207cb04929d1,delivered,2018-08-24 11:09:05,2018-08-24 11:24:29,2018-08-27 13:30:00,2018-08-29 20:33:04,2018-08-31,af77c6e4eccd9030ebbccf141c7ebabd,2018-08-24
853fe50d4c26c20382e582ba2421215f,5a6f60ea15d65cda6e7cba5b4ac8c735,delivered,2017-06-04 20:27:06,2017-06-04 21:05:15,2017-06-05 11:09:59,2017-06-13 15:38:11,2017-06-30,02c88975fab003e3b48958d6c5b2ad1b,2017-06-04
30e476c243252bdf160c2490607bc3f0,153f9ed55da08a668c70699abfb30404,delivered,2017-07-26 14:55:58,2017-07-26 15:10:16,2017-07-27 20:53:42,2017-07-28 18:18:18,2017-08-08,2a71993810121005cab869235acaacd6,2017-07-26
947e7e0eac14a5d58e68cdb9daa8f2a5,03a81070a9a6e3bc2c4209e564764204,delivered,2017-08-29 21:59:28,2017-08-29 22:10:18,2017-08-31 14:34:27,2017-09-08 22:41:59,2017-09-25,0e50810aa0fdb3784e55bda1bb0a5874,2017-08-29
ce96aaaf67d8c7585475ecf3f8c3ff7a,b3fa4bcbb6920b17d2b67ac5d4e1560b,delivered,2017-11-19 21:12:34,2017-11-19 21:26:46,2017-11-21 18:58:51,2017-11-25 14:24:32,2017-12-11,ce5b62f9f3c15d2ddb0060ef1319419b,2017-11-19
4fc5ec575e29e20bf408697cea273c3b,5da1095a53f33f6a963e8a39ade47df7,delivered,2018-02-13 16:43:41,2018-02-13 17:27:20,2018-02-14 19:52:37,2018-02-19 20:39:55,2018-03-08,10ce560f4212d34774aa2edc027b48ca,2018-02-13
3d05beaecc79d768517b2542c5ffb040,3524f26e642f1815c236c83699035b69,delivered,2018-04-24 11:11:17,2018-04-24 18:55:11,2018-04-25 12:24:00,2018-04-26 16:12:50,2018-05-10,2313db670eeaca592808e42e480e7b80,2018-04-24
e5aff9f0f4b4bcae611f419c900e94a6,99ebde4033307c9e5fa759154f71a2d4,delivered,2017-07-28 15:56:44,2017-07-28 16:05:18,2017-07-31 20:17:49,2017-08-11 14:57:54,2017-08-17,0e5e8926f2aa96711d0641eafac0139c,2017-07-28
5c5bddc85dbccc2797c8fcfc4aeeb3a7,51213d198073a44b1d741f3bd18b7dbd,delivered,2017-05-22 00:05:53,2017-05-22 00:22:01,2017-05-22 11:04:56,2017-05-30 10:08:11,2017-06-16,60d2c77bdfa612a796a9896d5d78bc95,2017-05-22
b409363b150c3fc8fe6dddae1bceb1d3,836a7bfd738af688ed28899ff7e61873,delivered,2018-04-04 10:05:24,2018-04-04 10:29:24,2018-04-06 23:08:43,2018-04-11 15:12:00,2018-04-20,3b007774b11596b904e9f1319e74de4c,2018-04-04
acfdb303dfeb6e187ceaab1d84bf6b17,02924d523effc179caf33962172bd6b8,delivered,2017-06-17 11:06:33,2017-06-17 11:25:06,2017-06-20 12:22:35,2017-07-05 16:41:59,2017-07-14,ca8b6262028839e91e523adb8a3ab4fa,2017-06-17
4911bfcdd33739f5324b35e82e0104de,9eb0519e897f87ed0debce219b38c5a0,delivered,2018-05-11 12:20:35,2018-05-11 12:35:15,2018-05-11 16:32:00,2018-05-21 20:28:19,2018-06-04,3bfad1f3e44d5805f8ff67c558a155f8,2018-05-11
85f03a6957d64b16acc3b422c31875f4,e577cdd8e41beda4c3ff7eae5aa873d1,delivered,2017-05-03 16:58:47,2017-05-03 17:10:23,2017-05-05 14:49:56,2017-05-09 21:43:56,2017-05-24,522966da6f0937c38d197c552c98438b,2017-05-03
023aa4b0585594124bc50e55e0e11a5f,678c7714cdd189c7aca5cd7e6c70fb94,delivered,2018-04-01 23:03:34,2018-04-03 05:48:29,2018-04-04 21:57:32,2018-04-09 11:46:41,2018-04-18,ab08b7f9d42ac261c3f6b7c201bb3c99,2018-04-01
dbe11e597002bdf88775b0fb71ff6fb6,c43d64ae4ca2327e908fd9adb1544d28,delivered,2017-12-07 10:35:25,2017-12-07 10:52:47,2017-12-13 16:35:20,2017-12-19 01:27:02,2018-01-02,1f8fe329a7bbe10d0d0b4bf167014beb,2017-12-07
cfc130b608476dd1cc71396ebc483e1b,5ffaff7ef372cb9be1247ef069f79fad,delivered,2017-12-01 22:19:00,2017-12-01 22:34:49,2017-12-05 19:23:19,2017-12-11 22:48:47,2017-12-26,a8249b07f48892605834df727cc43620,2017-12-01
1f2add19935fc1d5e1b372fb638d8c6a,e750252eff11293d9914d3840d92ddb5,delivered,2018-03-03 15:35:31,2018-03-03 15:48:37,2018-03-05 20:58:31,2018-03-13 16:52:33,2018-03-22,bfcbad74bd1ee0697e66f5667105ea7e,2018-03-03
d642a38548f81511430dcb7e904fc023,b007d2e0c2e64157ec08e33b3a3b1894,delivered,2017-06-26 13:39:18,2017-06-26 13:50:14,2017-07-11 17:06:27,2017-07-13 19:28:06,2017-07-18,e333b2803a7ef5ba7c2742202c3203c4,2017-06-26
0ffdb6473bc02f6e0b767083d21457d0,55cc6114f9fb967d84fc85d6e7db019e,delivered,2017-10-09 15:00:59,2017-10-09 15:15:26,2017-10-10 17:10:29,2017-10-17 19:23:14,2017-10-26,72c66dcf2bfa52a8f25c9df3085f1195,2017-10-09
21dd600edd64e225d04af3670d1803b3,32835bcf475e3945745927a62bbb7fc8,delivered,2018-05-05 18:11:08,2018-05-05 18:30:28,2018-05-08 15:55:00,2018-05-14 22:16:26,2018-06-12,ed70284f4fa4d46d53d9f93ad9dc0dc0,2018-05-05
56f1d06ce4c0cf8a60c9d1af768f39de,8835260f376f7746c4e6cb38547bdfb9,delivered,2018-07-17 15:21:10,2018-07-18 03:01:44,2018-08-14 13:05:00,2018-08-20 12:08:32,2018-08-14,d9989ea01f600c83896d98ae5dcd4ae4,2018-07-17
8b4a1a6f0e8e8695feba49f260195ee8,21fa606c2b3d80fa8910fa958df41cb5,delivered,2018-02-16 12:15:04,2018-02-16 12:26:46,2018-02-19 21:42:14,2018-03-02 03:03:38,2018-03-05,a78da8d7418aa0b0fd878582e1ce84bf,2018-02-16
555e60e282181725debc9eb2d69fda3f,1d1300e5823331f1065112a2a6aa5b19,delivered,2018-06-05 14:55:04,2018-06-06 14:53:47,2018-06-07 12:31:00,2018-06-08 15:59:34,2018-06-29,253ba0a753f158c30d832404fd363ea6,2018-06-05
3c845174981c9b87340aa1ce5ef7fc9e,3d42fbbb0e8e6fbe7b33e92c5d2fdc66,delivered,2018-03-10 20:51:54,2018-03-10 21:08:12,2018-03-21 00:34:27,2018-03-27 18:18:49,2018-04-16,61953f57f3b746da31e64de6b8da59a5,2018-03-10
54b41e4e2188389bb41503b2b088b093,d1943e0a3f0529cfc9c4e5e9465bd470,delivered,2018-01-18 13:29:55,2018-01-18 13:38:27,2018-01-19 22:17:44,2018-01-22 11:25:21,2018-02-05,1a3be4ae5993ce2c5e7e6a9591e2be60,2018-01-18
0f785010dcc39b620a31199592907f64,1d49ad11416fc3571d6d1da8b344d9d1,delivered,2017-09-10 10:21:53,2017-09-10 10:30:27,2017-09-11 19:13:31,2017-09-21 18:48:08,2017-10-02,562d710912189dcbbd02715db2255161,2017-09-10
042a2a13d31a166caca991455002fe1a,1def91404fa948308dc43c04f282f68f,delivered,2018-03-27 13:34:42,2018-03-27 13:50:08,2018-03-28 17:48:30,2018-03-29 19:54:24,2018-04-09,2d9f3f772e5a33007b6c9fcd31e36535,2018-03-27
b8b8d73455ada889914390847d5e90b8,5627f4bd835bdebddbf03ccd77b117d5,delivered,2018-05-22 16:12:00,2018-05-24 02:18:19,2018-05-25 06:30:00,2018-05-28 22:58:30,2018-06-06,4cb8ab984211f361682cebe848952356,2018-05-22
aad1f17a009853a69d204e2c5e58a11c,afd087e97215a023e1b25a1d3b820218,delivered,2018-04-16 14:12:17,2018-04-16 14:50:59,2018-04-18 23:02:39,2018-04-27 14:51:43,2018-05-09,291d020953194db1b8578ff8d9959c62,2018-04-16
a530dc19f1969dc7898a1b96fcd6e602,3d46462ecc04c0fdc644e5f4695f7e51,delivered,2018-08-05 11:58:34,2018-08-05 12:10:17,2018-08-06 15:01:00,2018-08-07 18:08:40,2018-08-13,65528a8e28bc32503795207d0d962fd2,2018-08-05
630fef4cb38a0f9fce00a6b096243942,d9543151e0caf50bc548bc9e1bac9f60,delivered,2018-06-25 11:15:35,2018-06-26 11:18:27,2018-06-26 16:11:00,2018-06-28 14:18:56,2018-07-12,fc24db02becd484accefaa5af59c18b1,2018-06-25
6325af88a0611fc357055cb87dcec11e,bfc24858928300e9b18e0d96637b8404,delivered,2018-07-18 13:40:31,2018-07-19 02:43:07,2018-07-25 15:27:00,2018-09-17 13:48:28,2018-08-21,f5130e7cd0dc6a46c8a48336818a61f7,2018-07-18
55ba74a964a104d4a7278eb43e11b16a,4719eebfe6168257c9359fa680d44a2a,delivered,2017-06-11 17:31:42,2017-06-11 17:42:38,2017-06-13 13:03:31,2017-06-26 15:09:53,2017-07-07,819bbc85df3abe898aa1b902d52070ea,2017-06-11
a72e4250533d5e3f689f91d403ae3d1f,fefc4ea930468dbc9d29fcf06df52bef,delivered,2017-11-02 17:37:20,2017-11-02 17:50:32,2017-11-07 21:17:52,2017-11-17 19:47:26,2017-11-28,8e35b63bc7a8d354aa8aa21612eb4bb8,2017-11-02
dd5d0d5c3c3b67e1e49686ecc9b692fc,850bcfeeb815f00c7cb4220f29a331c6,delivered,2017-12-02 00:52:34,2017-12-05 04:15:40,2017-12-07 00:39:53,2018-01-08 23:39:10,2018-01-05,4a0cdfced9bfa4ed673e15d27f4aeded,2017-12-02
5a213cd2c31b85edd98ae1ab50c50aee,b8a0bddc4a62992acbf7ba801e980c98,delivered,2018-07-08 15:02:16,2018-07-08 15:15:21,2018-07-20 07:26:00,2018-07-26 17:56:26,2018-08-14,0d78d100c97e5e0723d862a95ca0dc84,2018-07-08
00d1e381c0995f0bdb95909fe7434d0b,3fb1b736500b371cd8576c7050fe7256,delivered,2018-03-24 16:14:47,2018-03-25 16:10:31,2018-03-28 23:18:35,2018-04-02 15:28:35,2018-04-13,959b120a59e2bd76acb9207e7cb463d3,2018-03-24
4af4a8c73158246a4d21a91b084821b6,7451e9c9b6ef9b4ecd0450d916f06ea8,delivered,2017-04-29 20:01:08,2017-04-29 20:10:17,2017-05-05 10:19:00,2017-05-24 13:56:35,2017-06-02,4d97dbf4f5938a9aa56211c6bb9d2c16,2017-04-29
1aa2373a5597e5431f08d809fde15d5b,7c6d2c5a15f97e2fdf626ba09c19bb07,delivered,2017-08-07 20:31:26,2017-08-09 02:50:58,2017-08-11 19:35:40,2017-08-15 19:32:48,2017-08-31,435ee7de914c7ad91f1c0945b8443dd6,2017-08-07
5764b52361ed5b661d24dff30c8c3625,ff45a8aaeebad334186dbfd659168d65,delivered,2018-01-16 14:33:54,2018-01-16 14:51:35,2018-01-23 22:25:55,2018-01-26 00:53:30,2018-01-31,188ef830a0211d61f822930b0398b4b1,2018-01-16
c143d4b65e016cb4f04c7a723a4f55ec,2885d1321f7811e7c2e04644eb2e0cdb,delivered,2018-03-30 21:13:36,2018-03-30 21:27:23,2018-04-03 14:35:49,2018-04-10 00:08:29,2018-04-24,a80befbb85d4feb9c6c3bcd0d1c4904a,2018-03-30
636f0241ddc83a3b9e37a8088167bd45,0d14d28bc941474750feb2e030e54460,delivered,2017-10-22 00:31:28,2017-10-22 18:33:27,2017-10-23 12:48:04,2017-11-03 17:27:44,2017-11-09,329932a796b9bc326d71e3b932182cdf,2017-10-22
f9604c62f4691fd43013cd1e6489e332,d3ca3a344d5f960ad6733ccc5b27005c,delivered,2017-06-19 10:10:22,2017-06-19 10:25:15,2017-06-19 20:51:50,2017-06-26 17:21:55,2017-07-07,f4b13435b9071903e0d4598e330a0bce,2017-06-19
3917a4e61779a9c43bb9a923ff6ec663,ea18d3d21da9d1dbe288ce635ea5237b,delivered,2017-02-12 22:20:18,2017-02-12 22:30:16,2017-02-17 11:09:38,2017-02-21 15:43:44,2017-03-21,adc8767b432fd4f85ee6f7dc658554c2,2017-02-12
45c00baf33a1d544fb774dc8dac7e09b,27b383be03755a7020073d086fa76a49,delivered,2017-11-29 09:23:47,2017-11-29 09:39:10,2017-12-05 12:06:50,2017-12-11 23:30:42,2017-12-22,4bfb7fb57cb03eb4a5f98eb374e0e228,2017-11-29
a448db85a66067bc5873642489b25e42,871417ab89b24e2388bfba0e5c2c351c,delivered,2017-08-26 16:11:22,2017-08-26 16:25:17,2017-08-28 19:52:33,2017-08-30 20:07:50,2017-09-14,0a9c8f61b7aad8a740b0bc4219693f90,2017-08-26
e57ab4127be9907d3078d0227c45e63e,b7d75a382d48af7918464a319d6b5587,delivered,2018-04-26 18:11:20,2018-04-26 18:32:00,2018-04-27 15:25:00,2018-05-10 23:07:44,2018-05-23,8b0bdb01faf4513bac3e56c26065fbfb,2018-04-26
629bb9d04c91f3a7d95a5fe1432ce47b,042bcdea41b22aa79516d40e4f374ed8,delivered,2018-01-30 18:30:35,2018-01-31 13:31:55,2018-02-01 13:28:46,2018-02-15 23:09:15,2018-03-06,51c23d1b01aebce5a1e32e3d9b312aa3,2018-01-30
7c1874537dafaf7092ff655e2d8f3ef7,518a8554eb5cbe488d4232c6b5385aa1,delivered,2018-02-06 02:46:48,2018-02-06 03:09:43,2018-02-14 19:41:32,2018-02-27 14:58:44,2018-03-16,d9102c0ae3ddbbf40ce0bc570ecd409a,2018-02-06
ef412fa088f7e0c67215be59670059f7,12568c10deefadda97ee70eee39cedda,delivered,2018-03-09 08:52:48,2018-03-09 09:28:34,2018-03-09 18:39:30,2018-03-14 18:08:28,2018-03-27,172f09238b8fa331ebe678638c7c0e78,2018-03-09
30dbde4bdf3bc12594c469bc67159a8d,986abe57dbe26943f44426f181227fc6,delivered,2018-06-21 19:29:33,2018-06-23 01:40:16,2018-06-26 14:53:00,2018-07-05 21:48:41,2018-07-19,9b7692a400c448c6f65b990f5bb0f89a,2018-06-21
e7c528a2df211045020684c3db8bddc4,d5d2ae6113c8685d150d34863a5df141,delivered,2017-03-14 12:18:58,2017-03-14 12:18:58,2017-03-16 05:07:41,2017-04-13 11:42:08,2017-04-06,2b4472f385224981da5b23596f42892d,2017-03-14
08b090ef007b191a5f9c454f1068be24,2b3a2fae42ef353d6548f1b7eed8a7b2,delivered,2018-03-07 19:03:14,2018-03-07 19:15:38,2018-03-09 15:46:32,2018-03-17 16:12:26,2018-03-23,b32c5b76e3e653aee128dd5665549edc,2018-03-07
36eaf39d8bbef8a728ee1a7515980fc0,d3abb13b7f606df53ab716cc94fcf17b,delivered,2017-11-28 19:02:47,2017-11-28 19:13:29,2017-12-13 20:10:36,2018-01-05 22:16:20,2017-12-26,19f153a5a1e7c01646eecc884d490d49,2017-11-28
1a9eb3bcc740324dc4c07ee364ef837d,6f247498822c4500c77d6202b4d1733c,shipped,2018-03-13 13:39:57,2018-03-13 13:50:39,2018-03-14 20:32:43,,2018-03-29,1ddc70a84bb828317331d50c739b0b86,2018-03-13
f71e43a268bbabaa7736af38f0c02710,01cc8550598fb6140923843e6c06326e,delivered,2018-04-19 22:39:41,2018-04-20 00:16:31,2018-04-24 00:12:07,2018-05-04 13:58:42,2018-05-17,372c5519d40e30b96734fec213649f25,2018-04-19
1470619b8b354e627045227e5509d6b7,393d13b528d6ac270b1cff9aae09721e,delivered,2017-08-05 21:39:56,2017-08-05 21:55:08,2017-08-08 22:49:40,2017-08-14 20:22:37,2017-09-01,84422bb9e08bcdd0391487f5d7fab64b,2017-08-05
4d23597bf5b51ea1013b02b6f435115b,6aca43b6fe52b0e9ed48efcaef471851,delivered,2017-04-13 01:42:36,2017-04-13 01:55:18,2017-04-17 12:24:01,2017-04-20 13:27:36,2017-05-05,d4930873c7f53172c1af8ebfcd9aca8d,2017-04-13
cbd72cbf159870fc637be9db5374ab3d,d89203a69ce1ed72a446a483f9d49991,delivered,2017-05-19 09:41:21,2017-05-20 09:35:10,2017-05-22 08:54:17,2017-05-25 14:23:22,2017-06-05,f8799db7d5b85e5afcb3883fff83a7e5,2017-05-19
df5e0e070c372394ac03c781fcfc443e,16fbdfa7654444436e8dcb3f77cc2519,delivered,2017-08-01 11:36:35,2017-08-01 11:50:14,2017-08-01 18:06:57,2017-08-03 18:53:32,2017-08-14,9735b3d802abcb5401b48972ffb3f435,2017-08-01
3ed1ef20c8c54360c670c3f6c793c130,a25857c3cf17484ba12fa43b8bab8685,delivered,2018-05-03 17:36:53,2018-05-04 17:35:21,2018-05-08 09:58:00,2018-05-10 18:34:21,2018-06-06,4c4a3aefca7552a7fb1414ec9a5da63d,2018-05-03
134b66d457b6eb43c7fa8519fa0f8870,daed9392a48f1d4884e593c08c5011bb,delivered,2018-06-21 00:25:44,2018-06-21 01:17:03,2018-06-21 18:50:00,2018-06-23 00:03:17,2018-07-04,46ec3d706a28d01027224832941ae069,2018-06-21
bb9e31e54af342d8e3f32fc1cb2d8804,687dd24bd9fcbeec556d553371082a8d,delivered,2018-06-11 23:55:26,2018-06-13 03:06:02,2018-06-15 19:12:00,2018-06-18 19:02:46,2018-06-25,c401c4e87b4980865262b5d6ce19061e,2018-06-11
7a2e13975471a7fa79bf252ac36cc095,83901f425d913fa2261031ae7d879018,delivered,2018-01-26 00:26:59,2018-01-30 04:31:17,2018-01-30 21:07:09,2018-01-31 18:56:39,2018-02-09,85808a20360c40e2e09a9b176ab2ecbb,2018-01-26
d985fb531fec480414b13531ab8c6e24,5bdebe0bf44ced6aa0ad9a97753e5776,delivered,2018-05-09 15:17:02,2018-05-09 15:37:00,2018-05-10 15:25:00,2018-05-15 20:57:30,2018-05-29,fd7e7e4d74e83f8cdb71feaeb0ab7856,2018-05-09
a1aa085af097613cc86d6105d15b39f3,b660ecb042da66e115e9f902b131de32,delivered,2018-08-22 22:04:09,2018-08-22 22:40:08,2018-08-24 12:33:00,2018-08-30 00:51:21,2018-08-31,59ff17822f2fb14b2ca08f74204c3a16,2018-08-22
7f2527b00aba2c4ea2631cbf2a1d0f68,5a5f70fead43dc16ec4d5afed5281239,delivered,2017-08-04 17:09:51,2017-08-04 17:25:20,2017-08-07 16:12:44,2017-08-16 21:36:34,2017-09-08,b1cf91f7efd99001549d2eafa05c66c1,2017-08-04
417b131e29d2a7f71397ed5fd21ff40d,8ab1fc5d1948f7d9fe4bc2683b757495,delivered,2017-07-06 10:14:31,2017-07-08 03:23:20,2017-07-14 20:21:22,2017-07-26 10:54:25,2017-07-28,d71183c796ee701d509823758ba619ed,2017-07-06
937c631033176b4e2493fa20637c9323,bde48ea5472dbc2099004a0eae12bbf1,delivered,2018-04-07 15:42:25,2018-04-07 15:55:21,2018-04-11 00:38:39,2018-04-27 23:58:43,2018-05-16,a2a92c5ebb1fc17a98079368468df1e2,2018-04-07
397fc3f6922c5bc66bbb9701bd117b6d,7603f1a2c553061b4c6278c1f9165c49,delivered,2018-02-26 13:35:45,2018-02-26 13:49:44,2018-02-27 23:18:45,2018-03-08 23:58:23,2018-03-23,0ff3f5bb38b0513fc6e34b3f41a45b1a,2018-02-26
4a44baef6fa5092959174a04ff7ddc42,888af659f4e8e4e05483cff58a449b60,delivered,2018-04-26 11:01:16,2018-04-27 03:10:27,2018-05-02 05:16:00,2018-05-09 21:08:04,2018-05-15,3550426a14dcc65f5c07b2e1e24e217c,2018-04-26
47bc2fbe3e9b64a723dd530a4f1612b8,308979f2faf0919392503a7818aefcb1,delivered,2018-01-26 15:49:31,2018-01-26 15:58:28,2018-01-30 23:34:43,2018-02-16 22:42:21,2018-02-22,0ab747aabaf607069aeb7ed48d97d1f9,2018-01-26
0a457a7e838f772d804eebe8d6261ed0,c1caaf8d7b5c8f2d3567fe0c9f96cb6f,delivered,2018-08-08 13:48:22,2018-08-09 03:45:15,2018-08-09 13:44:00,2018-08-10 18:07:43,2018-08-13,1bd726b9d6353e79900935bd9f77b727,2018-08-08
fc5a55031c9426c529327e0ca05096c4,033230cd77689ed3080a4d79b32132d3,delivered,2018-03-20 20:58:36,2018-03-20 21:10:30,2018-03-27 01:52:37,2018-03-27 19:22:27,2018-04-02,842274dceb0b59c33217cc88a9210831,2018-03-20
3f23bdebc73fa439fcd2b1b77fbeaf7a,4e251837133d004b7c2827c9a9dae5b3,delivered,2018-07-14 20:33:34,2018-07-14 20:45:20,2018-07-17 14:51:00,2018-07-23 15:48:33,2018-08-03,bbfa16828a49c356b46dcbea56ded834,2018-07-14
29e6f39d57976e61801fbb8f266f30e6,1fe7ee22f6ae1b8dff6b6c83eaf1cd54,delivered,2017-12-11 17:06:20,2017-12-11 17:14:27,2017-12-13 15:38:09,2018-01-10 18:28:16,2018-01-11,9b1635f25fbf04a04231d707fc61b38b,2017-12-11
f50831820f59c2d3dabc561246c10d8c,2bfdf8e6b7427dccabf26c8138a6e03a,delivered,2018-01-22 14:07:22,2018-01-22 14:33:07,2018-01-24 19:18:54,2018-01-30 15:57:05,2018-02-14,eb18faf4df9419bd258f5955427cf05c,2018-01-22
d9f0325894bf21440caaed1e42006eaa,2a152f19b9ffb8d4241d66126b6f3bb3,unavailable,2017-11-12 12:20:04,2017-11-12 12:35:21,,,2017-11-27,a0838488ea02b239afbdb7ebfb480e2d,2017-11-12
68db1e9c4b7bb26ce60fc4749d8b904d,2aba5a3c63d560154bc75ce4f52ee553,delivered,2017-03-18 16:42:47,2017-03-18 16:42:47,2017-03-20 09:28:42,2017-03-24 14:13:20,2017-04-10,e8bd9ab323e4e679a5e1208a71cf434e,2017-03-18
89253d28593c5b4eec3bbc9638a055d3,221dcdad673d808783fa3ca936233e18,delivered,2017-08-08 13:10:28,2017-08-10 03:25:40,2017-08-11 20:04:50,2017-08-17 18:30:46,2017-08-30,5caeab5f6d9a40d8198aa29ef969e9fa,2017-08-08
f19fb77bae3d3b3d2394eee444ad0e54,26f5d944dda9c2754dfbd4e5018169d4,delivered,2017-11-24 02:05:17,2017-11-24 02:14:25,2017-11-24 21:33:23,2017-12-01 19:46:56,2017-12-27,144855119744dca03044e36592a4b45d,2017-11-24
4bb72dde289a979497e30c301beda3c4,04e0aae337a6d96f0b1311fe9ef13752,delivered,2018-02-20 14:06:01,2018-02-20 14:15:43,2018-02-21 17:27:13,2018-02-22 18:45:27,2018-03-06,0d79252fffd1aab6f4221dfb4bc19aac,2018-02-20
3f74987a2030cff1cd1829b3c4b8149a,631fcc3fa1ad2d9b5af6b889b547d3ab,delivered,2018-02-15 22:10:02,2018-02-16 14:32:28,2018-02-26 23:09:18,2018-02-27 06:29:10,2018-03-12,cd01259f117f3e4493162ad9ab000768,2018-02-15
2df648255d54fec6e4751bbcf8344ca3,4ac6f2035a88ae9b22379d9406d82bee,delivered,2018-01-21 21:18:10,2018-01-22 14:00:56,2018-01-24 15:52:35,2018-02-14 19:41:33,2018-02-19,523cc30ff7dbf74ff6bf9afda5f47c86,2018-01-21
fbb12f53a3985ca2a92e718f7b6a8162,f58a7bbf2c58573b67632dcdcf9c0d40,delivered,2017-09-21 13:40:39,2017-09-21 13:55:20,2017-09-22 16:03:37,2017-10-09 13:45:28,2017-10-25,d767f5ec9f9d78669771e2bd7f589ec6,2017-09-21
54bf0940ace684d597657354c7496905,c7f2cac5bd5e577cc6b72a253ee7d5b7,delivered,2018-06-02 11:44:39,2018-06-02 12:11:27,2018-06-07 14:12:00,2018-06-14 16:34:26,2018-07-18,281db6460e60ef6e47df2fe36c04ad5f,2018-06-02
50767c383e0ad56bb2cd8cdf8f6c1d3a,7c6f1e09e4a23008a6c053351b51948f,delivered,2017-10-19 15:08:35,2017-10-19 15:30:07,2017-10-23 17:52:47,2017-10-24 20:46:48,2017-10-31,c91702e6e042e0ddf6f4395d2cceb792,2017-10-19
bf9c50664a2f68936562e38446c321d9,d290f5eb059c764a7a93338e360a310c,delivered,2017-11-24 20:24:54,2017-11-25 03:33:08,2017-11-28 14:49:37,2017-12-20 13:34:57,2017-12-19,5733364acefd6b132d4617348374034c,2017-11-24
3db0dfe8a379d76e5c29f635c277325f,76840b8dc90860dadc2888c03309569e,delivered,2018-01-24 04:17:11,2018-01-24 04:28:23,2018-01-24 23:19:06,2018-03-05 15:19:46,2018-03-15,ae7eebb979de82ef8bd4d916b973ca54,2018-01-24
b5780df6f99a1b41aaf41e0937ca5e9f,1d39c005fb892105c6db1a25001d952e,delivered,2018-08-02 12:14:15,2018-08-02 13:15:20,2018-08-03 14:06:00,2018-08-13 19:32:18,2018-08-21,9fe14b8d3c033726af785408b7d1454a,2018-08-02
8d7394529f217471379930f10b4237a2,8d1715b8466bb61876e49d198b87a421,delivered,2018-04-30 13:10:03,2018-04-30 13:34:21,2018-05-02 14:29:00,2018-06-01 13:56:20,2018-06-08,e78005eaaa21fdbdd32d4c7d0c825c68,2018-04-30
c29935f9146cc4781bc5855fd2c1d880,811ed486544757b18e155e637e87a379,delivered,2017-03-21 00:04:33,2017-03-21 00:04:33,2017-03-21 12:05:44,2017-03-27 15:03:46,2017-04-07,e40b6475e8be1524935b5a89d9e7cc00,2017-03-21
c4694142c485a1a9d1ca666ea9c00d07,b210593a5576b40aee78f5dee31f5bf4,delivered,2018-07-03 21:55:37,2018-07-05 16:33:19,2018-07-04 14:59:00,2018-07-05 19:36:48,2018-07-16,5a92c0bb817afe6fe95c03e65f2bd953,2018-07-03
84e37af08e63ea7261d22a0af81e73cd,9f0d2e42f83c55179cf336b77a28acb2,delivered,2017-02-11 22:10:04,2017-02-15 11:32:52,2017-02-17 13:50:55,2017-02-25 04:47:59,2017-03-10,8d571f38fe56ed1fc65db7fdfbcbcf4b,2017-02-11
0d711a2c41f1b93655be1666ddcae684,213904d01203d2e280dbacb35c3042ae,delivered,2018-04-24 15:27:46,2018-04-24 18:55:55,2018-04-25 15:41:00,2018-05-15 20:08:51,2018-06-07,fb1b89a793a98f9bca62650397f19ad2,2018-04-24
44bd3ef9b3ebf01ad7d3c061b882a88c,aead531d618236366def3264fa1377d7,delivered,2018-02-26 11:18:07,2018-02-27 11:10:50,2018-02-28 00:47:59,2018-03-09 15:27:31,2018-04-05,e9d0e5cfe5acc6b517d620f4bbf3890e,2018-02-26
a8dab5a72130fd27326322c2b8cdfb5e,7be67d03028a7dcc2b3399ba290f8a45,delivered,2018-08-17 08:51:37,2018-08-17 09:09:46,2018-08-17 12:05:00,2018-08-21 21:33:53,2018-08-30,73960f0ed4345b0ab408823fb368db34,2018-08-17
07220c39eb26068368e675009154d635,2cea17a5c06d7322a3f8ccef29eb9e3e,delivered,2018-03-18 23:08:34,2018-03-18 23:27:48,2018-03-21 19:18:43,2018-04-27 17:35:00,2018-04-09,e3aa7b5b37d609514703a3039f189b92,2018-03-18
2ac259040ff5632c80a28851fb876996,8f60029e03ce786d8da780666ca6dcb6,delivered,2017-12-27 17:38:26,2017-12-27 17:48:18,2018-01-02 18:51:37,2018-01-11 20:06:21,2018-02-01,a16656b34f59e202ef32dfc53b947847,2017-12-27
36f3f1d96022b41043bf6db3266453cd,840b5c8902b80e63aa691ca5cbaa9bb6,delivered,2018-05-25 17:46:39,2018-05-28 12:34:20,2018-06-01 13:54:00,2018-06-11 22:05:15,2018-06-26,f07771c6d7e9bb6169075668480cd7ce,2018-05-25
5d8614cc1b5fa0f33976b87215bbdb0c,179404687da732e002e33a0ea0f27a57,delivered,2017-08-17 21:08:09,2017-08-17 22:25:13,2017-08-18 15:08:04,2017-08-28 19:06:43,2017-09-11,1c30a9c6d0a6ee3d147c5a6a35c8c24c,2017-08-17
cafae278ef8c0665728ca6a04f710832,ec3051ceda116c9ad7d71352265f1169,delivered,2018-05-18 07:55:35,2018-05-18 08:14:22,2018-05-21 09:17:00,2018-05-24 15:06:43,2018-06-06,d7affcba2b8128f14e90071aa34590a6,2018-05-18
7e030f7ce01972bbf5aeeadffe8f930a,83b5f2b720344397153281b6f4021d20,delivered,2017-09-10 09:22:44,2017-09-10 09:35:10,2017-09-11 19:34:41,2017-09-18 19:16:34,2017-10-04,f63e56138ee7885ffc3b7e56933446e6,2017-09-10
ec37aa5bbde25b0fc0560bf7c34a645c,4543d1d45d8938b993630a876b517070,delivered,2018-03-21 18:28:11,2018-03-21 18:49:09,2018-03-22 19:43:39,2018-04-02 12:54:30,2018-04-09,ddef29cec075b98e600a534369166441,2018-03-21
e024b7de0d4c8896d442d786f81f7db7,536b315e47f318f8144a85175c2a1769,delivered,2018-03-27 13:36:54,2018-03-28 02:47:45,2018-03-29 19:14:46,2018-04-18 13:35:38,2018-04-18,1a710c13209bf26814086254192fe740,2018-03-27
be291a47551443642d4de4c9c165886e,62700f8d4a9563f7bf60faf623e866b8,delivered,2018-03-04 15:02:39,2018-03-04 15:30:46,2018-03-09 20:13:23,2018-03-17 19:57:19,2018-04-12,0fa960f8f6215551889f2124f2e3bd70,2018-03-04
64ba2e3d931d38f4eb1c1d3fd51ced8d,ed3d7c63e488556f7b8b6f03a40de62a,delivered,2017-09-20 15:55:54,2017-09-21 02:55:19,2017-09-21 19:04:22,2017-09-25 16:04:22,2017-10-13,7c98d34afc7a8617042d104c4c316974,2017-09-20
8a3c41e07ed9a435a6fe2749311f2b04,d722ad7d2867ec257ed3d62603da4744,delivered,2017-04-12 10:53:49,2017-04-12 11:10:09,2017-04-17 11:59:43,2017-04-28 05:14:40,2017-05-08,4e548cf7c1fbe24f6fe70c90942a3202,2017-04-12
47cb08d5bac6105ae32587814fca96ca,b6368ca0f56d4632f44d58ca431487b2,delivered,2018-02-11 14:07:45,2018-02-11 14:48:15,2018-02-14 18:38:51,2018-02-27 20:46:42,2018-03-08,dd992305cba295d997f263dbdf4e8c2e,2018-02-11
620e41d66853f928215b41c1700a9936,8272edd527850ce932066354691eaeee,delivered,2018-05-07 17:29:05,2018-05-07 18:10:43,2018-05-11 13:55:00,2018-05-18 18:08:57,2018-05-23,a85c498e6b6e22c7051d1b4aa057dd76,2018-05-07
581b6c8cdb4576b82d9066c29e9d2e9c,074449d94197a408f2ff3bdd985a20fb,delivered,2018-06-19 21:45:46,2018-06-21 03:39:03,2018-06-22 10:53:00,2018-07-09 22:43:19,2018-07-20,0f8d76aa683772df300355b8d281568e,2018-06-19
9c2d5628db46192a3b862b98468795fc,bcbea1e73b1279467bacc6e5d653bfb4,delivered,2018-01-18 16:24:22,2018-01-20 09:08:44,2018-01-26 19:46:38,2018-02-15 21:28:30,2018-02-21,09367346d4d846e5f22441ab3cad7721,2018-01-18
00a99c50fdff7e36262caba33821875a,7a399396442d5601cbedfbd0a3cf1da4,shipped,2018-08-17 16:25:04,2018-08-17 16:35:18,2018-08-18 09:07:00,,2018-09-18,60ec651482858c327c177cf9360cc0a2,2018-08-17
7c0ce5e0916d0bca80839ea19d6112c7,f4fd1f42308fc47dee6d73ae1f6c9883,delivered,2017-08-05 11:04:36,2017-08-05 11:23:14,2017-08-14 14:23:08,2017-08-23 13:17:53,2017-08-18,c57aa906e4aca12c46c1c6891db2c8a7,2017-08-05
0d221dabf9051681797df7bba5701cb6,cf807a5f40605d447229279eb252ab34,delivered,2018-08-10 07:24:55,2018-08-10 08:04:44,2018-08-10 11:07:00,2018-08-23 17:28:20,2018-09-04,6a2c40e8c69094a25650af05fc1a69d4,2018-08-10
6814452b321179f571954d27041139b2,3916988227a640a3c0a13ca4c6aeec4c,delivered,2018-01-04 12:00:50,2018-01-04 12:13:21,2018-01-13 02:42:01,2018-01-26 19:05:39,2018-01-31,6e5d1583af43662a90f510c655aea105,2018-01-04
c0c1edfe2e51faac7f501bac1827c056,afef4367f50fc1faacdf6c82bd46c6e8,delivered,2018-04-09 22:58:05,2018-04-11 09:11:53,2018-04-12 17:28:29,2018-04-16 14:52:56,2018-05-07,6ddbc64bd04d40f7768ff088d94cbeb8,2018-04-09
82779777675c9ae6f1e10c9385572ca6,8bf717e4a59fe4116f0629910f545f9e,delivered,2017-02-02 22:08:16,2017-02-02 22:15:19,2017-02-03 13:26:00,2017-02-08 13:48:49,2017-03-09,58944c0e92c8073cd4b6c7025115694b,2017-02-02
b27d51cc8af8e7572e42389489c8f748,e92f92603c0c6dbdeb7b081068de681f,delivered,2018-05-04 15:30:39,2018-05-04 15:51:18,2018-05-07 09:58:00,2018-05-22 19:41:18,2018-06-20,d3cfbf177fbfdb20e9e47ff2b83eac3b,2018-05-04
504d3fdb152668257245784f42c6fbc7,4591b7c98d8a8a1491e9a6a6b6b44223,delivered,2017-05-07 14:26:53,2017-05-07 14:41:56,2017-05-09 14:32:41,2017-05-15 06:18:03,2017-05-29,35667312c5f48ac373b932c3d861f792,2017-05-07
20d7abe06a51b7f148c505a2f1c7b785,ed272867c9e0ce1d40b164f7204b0f22,delivered,2018-01-04 20:58:06,2018-01-04 21:09:45,2018-01-10 15:26:51,2018-02-16 16:07:58,2018-02-08,745debb906ec0747d76d453d2980e42e,2018-01-04
62e9c99570efe4131bd3b6676a4fcd00,fff5dd22d522cf28a902185817642a2e,delivered,2018-03-25 01:11:03,2018-03-25 01:27:25,2018-03-27 01:06:44,2018-04-13 17:28:54,2018-04-12,bf8a0c3c2d799abfac5de9c338e26707,2018-03-25
6eab6f37ff2d390d23be84642739b500,27768518f44c74470bd1f7dc0533c001,delivered,2017-03-05 16:14:41,2017-03-05 16:25:13,2017-03-06 10:15:59,2017-03-15 05:14:07,2017-03-30,6dc8abae1493d294e5b863a73ad7c975,2017-03-05
c0e51d78b3b0a4b699f7ff3f09826524,114018f425b37ae57838892eb20437aa,delivered,2018-02-22 12:48:04,2018-02-22 13:08:02,2018-02-24 18:06:41,2018-03-02 19:07:17,2018-03-15,4b46b94e144a13815eea5fedf9166e9d,2018-02-22
4819cd593b17ce6f5757d395b2597a9d,9202f01b2ebd095e340abd57e02b65e6,delivered,2017-06-02 11:06:09,2017-06-02 11:23:00,2017-06-08 14:58:56,2017-06-14 15:35:06,2017-06-22,7fcf7dc77013a88b9eef97c288b3eb8d,2017-06-02
f62c75a1e0b4e381aab33418a63670a4,320442d075116d982d8912a76fb9ade6,delivered,2018-05-24 11:53:29,2018-05-24 12:19:03,2018-05-30 14:29:00,2018-06-06 16:06:51,2018-06-26,a897224d8ee2a342431733d456083604,2018-05-24
c1954a9b5ac71d26d0ddc091c2bda135,d07f08ab374f2e4641e41229fa0bf264,delivered,2017-11-29 19:10:49,2017-11-30 02:20:17,2017-12-01 22:09:24,2017-12-12 19:42:01,2017-12-27,48fee34a88bfb3e4c64c35730cc0a76d,2017-11-29
89c04d2250464948257c7dbd4e41c3cc,06a0072ff4abdf1a5928eb6a66f75246,delivered,2018-03-07 23:36:50,2018-03-08 00:20:26,2018-03-09 11:12:27,2018-03-21 22:24:51,2018-03-29,5cb74e761978ddd59b8791592ee38cbe,2018-03-07
ad22d501d12b05b17afda08f06ce8bfd,cc0cd7cfb34e6249da817e50177dcc40,delivered,2018-03-12 17:42:34,2018-03-12 18:09:40,2018-03-13 22:03:45,2018-03-29 18:22:12,2018-04-04,67e747b902c2d5c2e5a266b00d965145,2018-03-12
1d5685dc33b104f71bb3a8709255c729,684680c60a529be4948fb9373882b214,delivered,2018-07-20 01:22:03,2018-07-20 01:30:13,2018-07-24 08:30:00,2018-07-27 18:07:33,2018-08-03,37e5868f809fe493cedc716bec6e4e71,2018-07-20
eba553fed0622c7741f1e47ea751ad04,5a180fc495e36a07b7c0a697bc68c860,delivered,2018-03-27 09:53:40,2018-03-27 10:07:30,2018-03-28 17:33:38,2018-04-04 22:06:32,2018-04-18,927a61d1dc36be0dd568b7a9b884ca8e,2018-03-27
14e80e4600a8d7fafeb635d6d4ef7151,235dbacd9cbfaee70bf092cecac8b62d,delivered,2018-04-16 17:21:17,2018-04-18 02:31:43,2018-04-18 18:22:19,2018-05-02 12:32:49,2018-05-21,1719cd1699c1b883aafc331361db0c02,2018-04-16
de43e0e00259ee7b44c7a11e9b5d114f,c3ea664ff88d7468de59ee62516b0c55,delivered,2017-11-13 22:09:39,2017-11-13 22:31:26,2017-11-16 21:07:51,2017-11-20 21:27:59,2017-11-27,80275de537b6a389930536433e8baed3,2017-11-13
7f619a0e50f20db4bbddcf9d58a69e56,0b298086e30348fd0f51d04485f4a876,delivered,2017-11-10 16:33:04,2017-11-10 16:50:47,2017-11-14 23:58:39,2017-11-27 16:59:42,2017-12-08,c4dac01995252230a5796d60fe502355,2017-11-10
f60e24afa1a33daf8c332325bafb1687,bf6313d9148432b6ac91c824e263e86a,delivered,2018-03-04 17:48:42,2018-03-05 18:31:21,2018-03-10 02:41:32,2018-03-21 21:04:01,2018-03-22,38a90d5218eb2a167f266465cd550168,2018-03-04
88a4f29c2b17523d24ae04fac707c83f,1da33efb4b01151365e5dfd68884e614,delivered,2017-12-27 15:35:25,2017-12-29 02:08:33,2017-12-29 16:42:37,2018-01-09 10:04:09,2018-01-24,8f168d16449592b41fae24aabc47a8b8,2017-12-27
1655b4671d5cb121e9e7d9fff9a44084,a6557f6a9a47396b574b9a5b6e944192,delivered,2017-12-19 10:09:04,2017-12-20 06:59:38,2017-12-20 20:25:23,2018-01-03 21:18:59,2018-01-18,5b8515d0ff29f6655acc9bb8341b443a,2017-12-19
1ce3ff41294921f70c327561096eb467,ad6c28fc517874a1e80044ecd92f7841,delivered,2018-01-23 08:20:31,2018-01-23 08:32:25,2018-01-23 22:34:41,2018-01-29 18:33:31,2018-02-16,f66a390070ad6d68ecc6c535cdf19faf,2018-01-23
eed6de9f4e402f8a8f204646b98307ab,de017a7470c1080fb969cf1241087883,delivered,2018-05-30 02:17:36,2018-06-02 03:31:49,2018-06-04 14:31:00,2018-06-12 12:13:52,2018-07-11,2bdf174cea1c333018d52cd105ef9782,2018-05-30
f126672370e29ca70e98d927eabcadfd,68cb6cde7bee6b378e8a753cf8e5c9b9,delivered,2017-07-11 09:48:41,2017-07-11 10:03:59,2017-07-12 18:46:09,2017-07-14 17:47:46,2017-07-24,e45d6f205ed85214a68124f51fd966e0,2017-07-11
a1dd8c3d72d95a11312293743c4064a6,4c67e0a1613b34e3047e157f9dd98d1b,delivered,2018-05-28 15:23:45,2018-05-28 15:35:11,2018-05-29 15:44:00,2018-06-01 19:52:02,2018-06-13,540972fcd3722fb54320b2116cc84763,2018-05-28
20824f4d96365315a1f191746a385a0c,4fb548a2a29046f4b1d54477725ee8d3,delivered,2018-05-22 22:24:43,2018-05-22 22:38:03,2018-05-23 13:04:00,2018-06-04 18:17:30,2018-06-08,9987f41c2041e5225f9813f3dfb1c755,2018-05-22
28443792b60e1229531d828dc74087ff,7b706262b29ae6d4b3523ec628254c6e,delivered,2018-04-04 14:06:24,2018-04-04 14:28:54,2018-04-09 14:42:42,2018-04-18 23:06:33,2018-05-03,9624cd1c369872142ec96f3096cb848f,2018-04-04
de1fd807103f4bbdf1bd55bcceec0276,edac083f1a20e237fc65e3c159623f76,delivered,2017-06-12 20:44:04,2017-06-12 21:20:15,2017-06-13 14:49:01,2017-06-19 18:23:35,2017-07-05,8e9cd01c765ecfa5ff5ecd0a51e1c518,2017-06-12
b782d486ebb05fdf0ba6ec05652f704f,3afe43b81b0d102b2ca5138ab53f418a,delivered,2017-01-26 16:29:30,2017-01-28 02:32:24,2017-02-01 08:37:30,2017-02-06 14:23:54,2017-03-02,15fbc48df691e0ad51b0cf30d86392a2,2017-01-26
7c22f4e3b26cdfc146cb18998b3905b5,9b913bcb627ae76e3fe17e187559f06a,delivered,2018-01-01 20:31:36,2018-01-01 20:38:27,2018-01-04 22:45:22,2018-01-11 15:27:27,2018-01-29,1edbc38ed40cb9cdd110a942942b152c,2018-01-01
878d7b205a8f5eb546d03baa3404fb4c,d61138db5bdc5abf1775b4420cf6682c,delivered,2017-09-10 13:07:21,2017-09-10 13:23:55,2017-09-11 21:23:06,2017-09-15 21:52:52,2017-10-02,b4d118acd4783596a83a349bfc1e483c,2017-09-10
151a947a0eba9ad24a327a471cd282ca,0ec0f812b0dbc104929395841ebecfc7,delivered,2018-03-26 19:28:08,2018-03-26 19:48:00,2018-03-27 20:22:16,2018-03-28 13:05:28,2018-04-20,2d85f83f5d81495502e3fde6cd2c628c,2018-03-26
2d089d0a3acc8734734e60850db44254,0d81cdd5209a30ae17750f9a7510f745,delivered,2018-05-25 12:00:14,2018-05-25 12:17:24,2018-05-29 12:24:00,2018-05-30 14:38:33,2018-06-13,2d1dc6dcd882052c2477aa93558a4ecc,2018-05-25
613c7ca2a39bae57ee5d85632c821555,805314e5a4c05f092b4bf862d651e726,delivered,2017-07-22 22:19:00,2017-07-22 22:30:12,2017-07-24 18:02:48,2017-07-28 20:33:10,2017-08-17,d53768b76f379751a3429374d9ec0b48,2017-07-22
1dc1eb95861df4745ec5c863b93f9691,0434f4ff62dd653e243ded765d430c6e,delivered,2017-09-10 11:38:00,2017-09-10 11:50:19,2017-09-11 20:54:43,2017-09-12 17:22:58,2017-09-22,d27cac89e0963f38902e5cd34fdea29b,2017-09-10
7a73fa784937ecc3d3f4a6fdd795ee1c,f698ecbcdf5e7530bc1fb607f8407479,delivered,2018-02-21 20:46:03,2018-02-22 02:15:49,2018-02-22 22:09:18,2018-03-09 23:22:49,2018-03-20,7724b0dde9388bb3c079c19637df37b4,2018-02-21
a7cab2d2ad5de6e0bd0ede9e8d3a1322,cef801d1929fd81ce1cbd403b937b007,delivered,2017-12-14 23:59:52,2017-12-15 00:55:50,2017-12-20 14:28:26,2017-12-26 12:08:54,2018-01-09,f344ba52ba7f66e503be044c0c3961b9,2017-12-14
37f61d782089bd338aff5207a31fb933,4883322c6fd5bdaa2beb408d27427ea4,delivered,2018-02-19 15:41:08,2018-02-20 16:00:21,2018-02-21 23:06:59,2018-03-05 16:34:15,2018-03-14,723f7b82c924b4d6cf97925277f199c3,2018-02-19
9103eec003eec6e15daddb31db5d756d,cc580bfc263029899790d177d610329f,delivered,2017-07-05 15:46:51,2017-07-05 17:35:01,2017-07-06 16:58:47,2017-07-18 18:48:56,2017-08-03,dd1a921aeaed098702ca11d7104bea3b,2017-07-05
3be018db2cccab04983c171b901ad20e,d73e92e39e68f4e9778cdb1cb87615fe,delivered,2018-01-16 11:20:27,2018-01-16 11:32:09,2018-01-24 17:13:15,2018-02-05 21:09:02,2018-02-08,75f036479b24ee6494cec20549b85d9c,2018-01-16
21e66217f32d0775592d587a9cee5860,ce40bdf89725ab732c923660e1e3c932,delivered,2017-04-10 11:36:05,2017-04-11 03:55:24,2017-04-11 08:55:55,2017-04-13 15:26:45,2017-05-02,e6705943467b395bfe2005f4b7128a51,2017-04-10
171a1f1ee5fb6ee190e46e3a9dbf85c7,0fbd8d7dd77b4aa7c3b8a93ec376a581,delivered,2018-07-22 17:27:02,2018-07-23 12:32:17,2018-07-23 14:51:00,2018-07-26 16:38:30,2018-08-09,7db16fffcf785af3c3a7d5f623d9be65,2018-07-22
cfaa877f09b4f4bc73fc768bf5817df7,bdc8a93d24ec975556babebc0bdfb9c3,delivered,2018-05-14 11:33:52,2018-05-14 11:58:32,2018-05-17 11:58:00,2018-05-18 15:32:05,2018-05-30,4df4fdcde7ba957452fe40790c80d35e,2018-05-14
255e207e77964616c3c1ede4741a13fa,fba2f66408d9d7f00f1eeb6c78f1d071,delivered,2018-08-10 23:26:18,2018-08-14 04:25:14,2018-08-14 13:23:00,2018-08-20 17:43:51,2018-09-03,48077185731cde7710255423841a8523,2018-08-10
d49594aea51e89d1b67d2bda3f062695,2d0eb4225831ecebc89c64829e35c31d,delivered,2017-11-15 14:16:19,2017-11-16 14:28:02,2017-11-17 19:22:03,2017-11-24 20:34:43,2017-12-06,b9c898145cb368ed02e3c302eb42ab7d,2017-11-15
1d455a95262f0f58fadece96d61cf0db,cf802717497a6cd5ec39da799cf06d6c,delivered,2017-05-04 14:30:51,2017-05-06 02:25:32,2017-05-08 16:36:52,2017-05-16 10:12:31,2017-05-29,9804da359025be919800a4d394e0012d,2017-05-04
9e4fa2c0dfc591cf67a209b057e1907a,8cb5c95e41d7589e72453a8ce44a273a,delivered,2018-02-24 19:43:09,2018-02-27 05:31:02,2018-02-28 18:19:01,2018-04-05 16:37:58,2018-03-16,be17c303c3fe82b7a59afd7487a8aa6f,2018-02-24
7d2276ea7a66f8f021896610318e047e,9f55901fca9de3a1febce7f3ebb33b89,delivered,2018-03-09 10:54:45,2018-03-09 11:10:56,2018-03-14 19:11:04,2018-03-21 03:06:37,2018-03-27,e76f5c3699e402d57852989386ab1cc4,2018-03-09
870c2436fb461222b14dd9fa78a962d2,e36b4fc0db47825f86924fbf1ba79487,delivered,2018-02-27 23:03:40,2018-02-27 23:15:27,2018-02-28 15:53:01,2018-03-03 17:56:35,2018-03-22,416f065402119d172f5c89bd26fd22be,2018-02-27
274bfb4da66b528e1e0b332a343fe403,f3537ea2926c0f4178db2d36baaed5bc,delivered,2018-01-13 00:20:36,2018-01-16 03:40:10,2018-01-16 21:45:18,2018-01-31 22:09:04,2018-02-09,c7c498ae877d5b8716fb02ac89d14fe5,2018-01-13
5f834cc4ee109c58dff88c60b8ba5ecf,1124aa987445b3d3f42412a375522a89,delivered,2016-10-10 11:22:36,2016-10-10 12:03:12,2016-10-21 16:35:18,2016-10-24 16:35:18,2016-12-06,d98096b0c597ce4bf28a2839ad0f89fc,2016-10-10
2cad1cf90acc3870d982eafa58b9a657,67401bf7da895105fbf1b67ff146bc10,delivered,2018-08-02 12:06:05,2018-08-02 13:04:12,2018-08-16 09:28:00,2018-08-20 16:07:46,2018-08-24,aed6109ee840da0ba3589f0c1103a292,2018-08-02
21a6a3d0477ec6bada948436fd516e84,51f22b9e1e9360aaed6a38906a820ba5,delivered,2018-01-20 21:21:28,2018-01-22 13:59:33,2018-01-26 21:29:05,2018-02-20 23:23:24,2018-02-26,c2ae4386d87717b8d41fd6c58dfc7843,2018-01-20
663ccd66895e16bba443625e63a777ff,2ef0f7f70617d7905b13028bf5c25a30,delivered,2018-02-26 14:28:39,2018-02-26 14:49:36,2018-02-27 15:36:12,2018-03-12 20:48:27,2018-03-26,2efe9d6713d954402ab23d4a838b1c16,2018-02-26
7056ed3b6f11b379db7915d1f6a69ad9,d906c4099ee449f7420baf549c4d5cc4,delivered,2018-04-21 16:57:10,2018-04-24 19:06:41,2018-04-23 19:03:25,2018-05-02 20:08:46,2018-05-18,e208e280c8d8debab258793b0ce264ba,2018-04-21
990dd7fbb9ecbada4647e9e05a4739d2,6929301c2dd23e9c034837037a2ad189,delivered,2017-04-10 13:54:32,2017-04-10 14:10:28,2017-04-13 16:33:47,2017-05-22 15:46:12,2017-05-12,584f32308dadfc727c78c03c16697b5d,2017-04-10
893c5d0f1a2fd75917c6b37fcd220601,8da2925151cb49aad7fbfa4798167f10,delivered,2017-05-27 10:44:41,2017-05-28 06:35:17,2017-05-31 15:25:48,2017-06-13 13:54:18,2017-07-03,b052fa7d7e0a1fab33e1a2633ff40252,2017-05-27
67c78c07a98cbe27b5acebd87a164192,1aef2277225c3bef344c77bc28a13efb,delivered,2018-03-22 23:02:39,2018-03-23 22:55:38,2018-03-27 21:38:37,2018-04-11 19:22:42,2018-04-10,dda11c4c2b7fb7b4b2dc9e33fc4d9f7f,2018-03-22
da9aa61ec7bb8713f483bf0bf94c71c2,b1a6b0dfac9abaf320097ee028cc7830,delivered,2017-10-03 09:50:13,2017-10-03 09:56:19,2017-10-05 20:59:52,2017-10-20 16:27:53,2017-11-06,8f314ab4f79e7d059c459a448cdd293d,2017-10-03
209892dc297e6b541a2251e5af9cb07b,7add1817e4b937b1b86a729146d3e2e3,delivered,2018-04-18 15:04:42,2018-04-18 15:15:32,2018-05-08 14:04:00,2018-05-09 18:51:59,2018-05-11,4ff51e5344e6d0642317e6fe7a40e911,2018-04-18
a29ab32710213cb26d652ffae0386f44,1f83f153f903e4cebf7f5cd78422e674,delivered,2017-07-03 20:02:47,2017-07-03 20:15:12,2017-07-05 15:22:41,2017-07-11 16:05:41,2017-07-21,761784805a926a7307df839c30d05c71,2017-07-03
4fbc8d6f2f4db3e789d5a876fa349b56,bf391aa5a48fbaee55092f1993be3926,delivered,2018-02-02 21:38:36,2018-02-03 20:10:18,2018-02-08 01:04:18,2018-07-20 23:37:50,2018-03-08,21323ae87907bc6eeb4987c0381bceb9,2018-02-02
8389e56bf17964405109e56799563a03,5453a9dfe80cc116e6839bd77a6df6e3,delivered,2017-02-16 21:51:20,2017-02-16 22:05:17,2017-02-17 08:26:24,2017-02-23 08:15:53,2017-03-17,be2810893bf47673bed81a75bc20522e,2017-02-16
e21f5c7662bfd911118d391867417f49,c6cfc67be6e0e9cac9113fb7e5be0f6b,delivered,2017-11-22 19:37:41,2017-11-24 19:32:54,2017-11-27 21:25:04,2017-12-06 20:04:14,2017-12-15,9f4fc72124c9c7693bd1034556915c5d,2017-11-22
80e2ed9ee8878458ac2191eb469cb0fb,c8a2e9332221768c8df71f0936227a05,delivered,2017-06-04 12:09:59,2017-06-04 13:02:01,2017-06-12 14:34:50,2017-06-13 17:13:52,2017-06-20,382ad79426068e4ba6ed73491d4441cb,2017-06-04
f391902a7436d24842c938f2e5b1bc34,7119d3c62d0ed7d4c97aebe8bd6704ee,delivered,2017-08-15 22:52:30,2017-08-16 02:05:19,2017-08-23 19:06:51,2017-08-25 23:08:36,2017-09-13,d5f700b1428109c97e9671ff4b7a6fbb,2017-08-15
e53550183258c1680dd24b5923d44e7e,3f0e725e7ec44041799bf649e48618ab,delivered,2017-10-06 07:54:00,2017-10-07 08:06:57,2017-10-11 10:18:34,2017-10-22 12:33:45,2017-10-30,241bcd5a2ea51a00bb0596838aa8fb2e,2017-10-06
8440936faa0c663bc5df31cc598dd8b9,5519a510e5eb7dff3e95c0acff085cda,delivered,2017-12-21 23:21:27,2017-12-21 23:32:23,2017-12-22 19:15:06,2017-12-30 15:49:00,2018-01-17,e3b70fa070d2dbc5055694b98b98f673,2017-12-21
4ac2b21645a33938ab26a37096fcd16e,90caca072b6ba6b23f41621fcb354449,delivered,2018-03-13 09:28:21,2018-03-13 09:47:32,2018-03-14 20:11:39,2018-03-16 21:46:47,2018-03-23,ca6b7aa639f2e2a453dabb52459f78c2,2018-03-13
2eed473a355a3965e5a3fbcea0ffa40d,fc87e5c06780700952aa42998a22968f,delivered,2017-02-01 12:59:24,2017-02-02 02:41:25,2017-02-03 15:37:34,2017-02-16 10:41:25,2017-03-14,d4798889fe74026a739ca0be9d2dccb8,2017-02-01
0dccb365ad960364b43a228ff6cebd3b,a9ca3b39e35d10ccf296775214d2014d,delivered,2018-02-13 10:20:54,2018-02-15 03:51:09,2018-02-20 17:28:15,2018-03-09 19:39:42,2018-03-19,3e5dd5efb71f831fffee3735c9e41e87,2018-02-13
b63d5080c2de46861754004d25ae9362,9574415136385170a178cb4497477f0d,delivered,2017-08-15 09:05:20,2017-08-15 09:24:09,2017-08-15 14:33:17,2017-08-16 17:35:35,2017-09-04,eab7f82ba54c43a6a1cf59a7b3ab69be,2017-08-15
d04757c9594f6b1953682f34c0b1086c,1cea0c9e9a40f2a7c264e9fb0629cc32,delivered,2018-04-20 15:12:39,2018-04-24 19:26:31,2018-04-23 22:03:33,2018-04-30 19:21:58,2018-05-18,4740b372ea8d9d5610b12aa2eea20a5b,2018-04-20
cab8cba54a55cc19762e10bf029dae6d,83515b26846c0c6375ce1d237e5f8bf8,delivered,2018-06-12 14:47:30,2018-06-12 15:47:35,2018-06-13 15:02:00,2018-06-14 10:52:27,2018-06-21,e38d5a8b4338ca4e8c1d5f0442fffbae,2018-06-12
a07b30a459f83015fb2927d732e20943,11774e935f45f1583ef4422b01e8d1f0,delivered,2017-03-09 15:51:21,2017-03-09 15:51:21,2017-03-16 12:43:58,2017-03-20 10:18:50,2017-03-30,42a77730018e7728b57b2b1f7369998d,2017-03-09
462ec2e1d2a6a3ae425fdb77837d326d,9e79faf37d10edc76b6b7076887794ee,delivered,2018-05-09 17:17:57,2018-05-09 17:36:21,2018-05-10 16:16:00,2018-05-25 16:21:07,2018-05-30,74b5d9d8414cbcae0c980eb243e1ead8,2018-05-09
7d2a9b5d033ed3eb9cdfe92ba882a621,c4b4a528ae36f2f533406dd55b9858f9,delivered,2018-06-11 20:44:22,2018-06-11 21:40:25,2018-06-12 13:11:00,2018-06-14 23:51:43,2018-07-03,43a6d7e5aed213a63c3835b81b803edc,2018-06-11
09dbda42baac941ca241f8cea65b2306,45e2389ac675ee3f4804b5f58c318d0f,delivered,2018-01-14 09:20:37,2018-01-15 09:30:52,2018-01-16 19:03:21,2018-02-22 19:17:00,2018-02-05,9872a2bdbd74e9119d07931639cd60b2,2018-01-14
a61a5c36b1749690eb8fd91ea1b0ada4,006e0e7aa73b77bfcc0c4b2a3f3ab0cc,delivered,2017-06-10 22:12:09,2017-06-13 04:15:29,2017-06-22 16:25:11,2017-06-30 13:17:34,2017-07-03,8f7822e4f4fb685c89d972cba79a8b9e,2017-06-10
7d3cd94ead444e7d5a948a9e0021c426,9a4bab346d564c0b0afe5f7f5b9854f6,delivered,2018-03-05 15:56:52,2018-03-05 16:15:49,2018-03-08 23:12:31,2018-03-27 15:06:11,2018-03-27,ff3f73a459eaabfa22e12955b7415112,2018-03-05
3731f953758c3a1222e5c041140236fd,16668424537b99f118b25bbbfc45aea8,delivered,2018-04-03 11:59:08,2018-04-04 03:29:31,2018-04-18 22:24:40,2018-04-23 20:55:25,2018-04-23,38f7df2ba1b785cfb058c019ffe1def6,2018-04-03
31cad6ec7ac19b48d3eca43d624f6cfd,54a313a0e979a0881b26acc884f03197,delivered,2018-07-18 23:01:12,2018-07-20 04:55:28,2018-07-25 14:44:00,2018-07-28 00:48:21,2018-08-13,b8affe8e3a225085a972932d63116602,2018-07-18
7888cdac405b09671099be62efb2de3d,bfe0e1c002e75e57b057eef574261073,delivered,2018-02-01 18:47:08,2018-02-01 19:37:36,2018-02-05 11:13:17,2018-02-16 17:32:33,2018-03-02,681b2f05b5c64ff9d8b327eafdb4bbfb,2018-02-01
cfa3ebc822bd859ba19fa0daf5c77c9d,6e9e186cebaffb3eab8730c5dc2ea8ea,delivered,2018-06-25 21:38:38,2018-06-25 21:55:17,2018-07-05 14:02:00,2018-07-11 18:21:45,2018-08-02,88698791dca5f108fa121a90e4598ccd,2018-06-25
e4359be0adeea34c8db93c37391dcf9d,d042569e31dda17519847f4bfc9bd327,delivered,2017-02-14 16:38:30,2017-02-16 02:23:38,2017-02-17 13:05:15,2017-02-21 10:04:58,2017-03-15,39c45a81d682aa754d46022c3dfc2857,2017-02-14
36c68e2e8ad21203f7f149a315550bb7,e32964dbb1ef9fcd089eaea349e3766a,delivered,2018-08-01 22:56:04,2018-08-03 02:35:21,2018-08-03 13:16:00,2018-08-11 21:31:14,2018-08-06,022609268add6b353d31185c5ff813c8,2018-08-01
869fbc1490b3463106241d10454b6eab,88aa57af603d46615d5d2dd0c8b35949,delivered,2018-06-21 11:16:18,2018-06-22 04:36:03,2018-06-22 12:55:00,2018-06-25 15:48:45,2018-07-04,524fd9bb4fe0d7c0d812237a70df6d0a,2018-06-21
61bc37c42c68767e75243b8c2061f5aa,b3beef70f17ed56c0f98f810e411d87b,unavailable,2018-01-11 15:07:19,2018-01-12 14:57:24,,,2018-01-31,5565f9ae7cbd3b6ccff56dfe72738433,2018-01-11
f1ffa84db833c490ced2c3bc52b1b833,0d1ee76cb9ade0437e79b7d5e081f70d,delivered,2018-08-05 19:41:36,2018-08-05 19:50:14,2018-08-06 11:59:00,2018-08-09 21:36:32,2018-08-22,5549e9f67a5d7feb36b0a0c05d12a77b,2018-08-05
48483d781181b0424eb4d9729ce4ccca,c3b04ecafd51f2397be52af9ec00e07b,delivered,2018-08-03 16:13:40,2018-08-03 16:25:15,2018-08-07 12:10:00,2018-08-13 14:38:44,2018-08-16,e629f10b5c6e7845a504e10c3cb1dea5,2018-08-03
4e2451cb6e8ca4428c8f7e305bbfbbea,f660f1eb95ba1b9b20451d71725efc67,delivered,2017-08-07 09:55:21,2017-08-07 10:10:14,2017-08-07 17:34:39,2017-08-17 18:09:30,2017-08-31,1197ba886110324a1519fff17dd8d1d2,2017-08-07
136a3da67b93100ec6fc05442613bcec,0b1112dc536e328e5ed2eddeed21b5de,delivered,2018-08-03 15:54:30,2018-08-04 04:15:41,2018-08-07 14:06:00,2018-08-10 21:51:50,2018-08-24,e31987582a11ad40fd6ee847749fa907,2018-08-03
2a938ab677c1c4b10ef1a62a22279dce,8013d95ecd587043c16b7f3c809e2a37,delivered,2017-08-16 09:08:26,2017-08-16 09:30:10,2017-08-16 18:33:15,2017-08-24 14:04:43,2017-09-11,04a9e1ddc969bb068f0cecd68c895cbf,2017-08-16
d2dece433559912b3b1d40ac3afc35cb,7a55dc07a929d8dbef76694c3e454978,delivered,2018-05-03 22:30:01,2018-05-03 22:52:45,2018-05-04 10:29:00,2018-05-10 17:58:49,2018-05-28,8888531ec4473f7b25483e75fb9ee3df,2018-05-03
675d4a6271a945ab36d34c5f0951f0ad,a3b4c3dae12aba9af184847b0bd58144,shipped,2018-01-09 12:23:00,2018-01-10 10:32:29,2018-01-17 18:45:24,,2018-02-05,095bda19d5c201b54204a05275bbd9ac,2018-01-09
708d8f65b7d44e636e299978fa1f11a4,7c88f9e6560eb826d135c5b234704036,delivered,2017-12-20 15:14:17,2017-12-27 17:37:20,2017-12-28 21:13:58,2018-01-08 18:04:45,2018-01-18,02772b907240626d358384cfc854b6eb,2017-12-20
9986ac2a8cad0d983e8a964b94aa8149,8e6f5fce73ad1569600b35407ed6721b,delivered,2018-05-30 00:17:10,2018-05-30 14:57:23,2018-06-01 14:52:00,2018-06-13 19:36:44,2018-07-11,a2359ca4d45cc95f2e624370d7752a31,2018-05-30
37a4e7df89c72e67269149696ba6cb71,d8f61bfb10e9586732b688b520670d13,delivered,2018-03-08 19:53:10,2018-03-08 20:09:43,2018-03-13 01:03:05,2018-03-20 20:24:51,2018-03-29,57c93fa4ac8c925eb238d80afe06ccc7,2018-03-08
80a9ad939bd816de40da5a87156a5497,618b8a8069f55d05ad5f1ccc488afa5e,delivered,2018-06-08 13:36:38,2018-06-08 14:53:58,2018-06-11 12:21:00,2018-06-20 17:52:32,2018-07-04,689769aefadcc56d72a8b76866387dad,2018-06-08
82f255ceb9406e722a069255a0d40630,1fcdf88873d477c1fad8e83368f7f9d9,delivered,2017-09-19 16:06:06,2017-09-19 16:24:35,2017-09-21 20:48:40,2017-09-29 12:50:01,2017-10-05,6da7436c30005aeb2c503f02d3383118,2017-09-19
447e8aceeed0daf26dc6c021e72b73ea,aba778637b5257b913982223c1b375f5,delivered,2017-08-27 20:30:57,2017-08-27 20:44:39,2017-08-28 20:05:50,2017-09-06 18:20:05,2017-09-19,c253930cbfb5e22f39ac2978d8d5cc76,2017-08-27
29378d5129c88c97f152331affe2ed00,928decbd71d845b2a6bf900ec9a84ffb,delivered,2018-03-22 11:43:09,2018-03-22 11:55:40,2018-03-23 23:58:28,2018-03-27 18:58:35,2018-04-13,ed3c13cebf86c8f66d126c828eb5b945,2018-03-22
abfacef50a27d7cea3f2c7aa60c08245,5f2d32c9dc38e07a3f364d00b94ff674,unavailable,2017-09-29 13:55:25,2017-09-30 02:36:26,,,2017-10-25,94c0cc1d2ff6fbba79af9a5769d2b18d,2017-09-29
fd98db0c60caa964759465417876e390,887fa8c54c01aeec56fb2ed2f44d533c,delivered,2018-06-11 11:52:05,2018-06-11 12:22:38,2018-06-11 14:14:00,2018-06-20 21:54:29,2018-07-12,9b4bf3fd44632f276b1df6a290c00ade,2018-06-11
4f2dc4a949823819bfc75b784fb32686,f9e02bc10bfffa9852c78f6c9a5d06ec,delivered,2018-06-27 16:50:00,2018-06-28 02:15:54,2018-06-29 14:45:00,2018-07-04 20:26:25,2018-07-18,61a4b58907f77c00708c478fa419af3e,2018-06-27
6258f184f313311383d31c1a6ea59b7a,4a83a9d842d4d7401b972ecf62e85c1e,delivered,2018-08-18 22:47:36,2018-08-20 10:50:15,2018-08-21 12:51:00,2018-08-24 21:22:36,2018-09-04,c6af131586aa14ce8832bae84f60768c,2018-08-18
37ce40447807e0d3e58cc474ce549881,72d1b8564e088b8bb0a080d3ff03de1a,canceled,2018-01-27 11:20:50,2018-01-27 11:34:30,,,2018-02-26,c1242a4d8e2d5dde133a8c46d5b22975,2018-01-27
7d51427ec940da2e27bc824dd56a2300,532b4a0dfe9bb0a12b26792a2a224d5f,delivered,2018-02-21 16:37:59,2018-02-22 02:10:46,2018-02-27 20:41:54,2018-04-03 17:28:42,2018-03-19,9e7781907c97ba7937537a209098cb4c,2018-02-21
767f00750341a13761a30bb3d0447229,4388b9faefc42efae6a73a5513571ef6,delivered,2017-12-12 13:57:58,2017-12-12 14:40:21,2017-12-13 15:57:10,2017-12-29 23:16:14,2018-01-10,0554b3928bc570ce3214203278d95c53,2017-12-12
469047e99377da914f6d4eb996977190,7eb0ed58083a45d5fd210c15f0c07079,delivered,2017-05-05 14:15:32,2017-05-05 14:25:22,2017-05-09 07:47:59,2017-05-17 17:09:31,2017-06-05,99643ab9aec6371a0b637e234f703f71,2017-05-05
2728f05b0714bfb8af3dc31e0abf0901,0827b8ba0083ce864acc1e1de2428666,delivered,2017-10-23 12:18:47,2017-10-23 12:28:24,2017-10-25 16:37:49,2017-10-26 18:22:35,2017-11-06,3a6c53390e92fe5289fdbc6ef6f07d3f,2017-10-23
c89a29cbd8db5a3dc5750a3748985526,92fc685f17d42e87f9ad5933203b06ed,delivered,2018-08-02 15:47:42,2018-08-02 16:04:13,2018-08-09 13:53:00,2018-08-14 16:32:26,2018-08-23,6c111901c7fe1cbd93a8995adcf51350,2018-08-02
a2940f1b67316eac4f302e29554392aa,cf6e2b8a22d2788c9b3e26b2a276a065,delivered,2017-06-26 16:47:48,2017-06-26 16:55:11,2017-06-27 15:35:45,2017-07-03 18:12:17,2017-07-14,384f02a0e501142c83f412e3433c3f78,2017-06-26
474f2b1387a07ea0159ca7a996dd09e8,af9f1f9ade37d77f67931dc3ee2210ba,delivered,2018-05-25 13:00:02,2018-05-25 13:13:31,2018-05-28 14:37:00,2018-06-02 13:50:39,2018-06-14,0be4d297ea99860488de05704d8feb7b,2018-05-25
a54b9350f120bf643b010046fc8d7790,b7b94ef92d6a86934e2a60a6b8fb8f3d,delivered,2018-07-05 00:44:25,2018-07-05 16:32:24,2018-07-05 14:43:00,2018-07-10 20:43:57,2018-07-23,f5b9df32337b8d647f0137a9add720e7,2018-07-05
fd6eda1ff5aedbd14847c99543d9162f,8d670f03d4aad9113c023b555c8effb8,delivered,2017-11-05 21:53:52,2017-11-05 22:06:49,2017-11-07 19:03:15,2017-11-10 21:56:53,2017-11-24,a89c1b6ce77fa159fa11e282c1f48299,2017-11-05
11abc6f4bd19a0153ae77beb0177ba1e,d511f1aec4f336c81bcaafd146e95066,delivered,2018-02-14 02:30:34,2018-02-14 02:47:05,2018-02-15 20:13:11,2018-02-23 19:21:48,2018-02-22,36a3f07a3ede93d7185291abf93ffb87,2018-02-14
eb31615d4fb1db2f9a185385df563762,23c2f0cffc1eef4b0dae154e4d1b2764,delivered,2018-03-13 14:34:24,2018-03-15 03:16:21,2018-03-21 20:28:37,2018-03-23 16:32:19,2018-03-23,9870b99e5ce0abd7270b9771fc73fb67,2018-03-13
5143a430945a2dd6f4fe4ed2dac0b47a,410ed911a275f00b913bb31188096797,delivered,2018-06-13 13:45:00,2018-06-14 02:57:31,2018-06-14 08:48:00,2018-06-25 12:06:28,2018-07-05,f96d41697e14b49822f19ed78e50ddef,2018-06-13
ae444b0ace16023ecd8b22ea477c263d,a3ed651de47cbc84bd9075c252dd6fa8,delivered,2018-08-15 16:03:52,2018-08-15 16:15:27,2018-08-16 11:49:00,2018-08-21 16:59:28,2018-08-30,2d182fe8deb883454361e888c6891c7c,2018-08-15
3f975d6254e730e9262bc7be0b71a589,1fa70ec76b78a75a9d0127b26d5095b6,delivered,2018-07-31 23:34:53,2018-08-01 23:30:16,2018-08-06 19:36:00,2018-08-08 14:38:21,2018-08-06,3109996d4fbd9ee195129df93d759a6c,2018-07-31
78275af5c9a2f3d0e1d19f9f4bc62922,99182e080513861b4cd1c88dae4c020c,delivered,2018-08-15 10:31:34,2018-08-15 10:55:21,2018-08-20 14:25:00,2018-08-21 14:38:56,2018-08-23,8f6773bfd31a23ed2681752d38bb8341,2018-08-15
b0b3dc7e3c7cdba072b4e086dc5c3cec,c29d003e165817ef52daa830952c2ded,delivered,2017-07-14 21:31:30,2017-07-14 21:43:28,2017-07-18 16:03:47,2017-07-24 17:48:35,2017-08-07,91d0504cf52d3f76b154c42d78979f39,2017-07-14
c8e35783a2527cdf286c54e2ae9727db,891966aa607cc04bf5575d6b22ef9e57,delivered,2017-11-23 08:35:26,2017-11-23 08:48:00,2017-11-27 18:14:59,2018-01-03 14:36:20,2017-12-14,d1da2c3c54238beabf857d2d7fe4e8ab,2017-11-23
0e82d5829ca1e9cd05b34dfcc62f1381,4e129e00fc6bf71e230b5671c22261e3,delivered,2018-03-27 20:35:09,2018-03-27 20:47:13,2018-04-03 20:04:53,2018-04-04 21:33:02,2018-04-09,f3bf3bed9936aecd7792e6c49779dedc,2018-03-27
7fb6586ab530ed69383ddde20ef388f9,b0d72b227b0caa8a7156db18f5cbe0f4,delivered,2018-03-02 10:22:22,2018-03-03 02:51:27,2018-03-08 12:59:51,2018-04-16 20:22:03,2018-03-26,92008831e042eac287a844fb6c4ec267,2018-03-02
d933bc3298b938687c5aab9685d2108c,a0ce4f6c04746a55b96b6344e07cceb1,delivered,2017-08-28 20:26:41,2017-08-28 20:44:56,2017-08-29 16:58:14,2017-09-08 20:30:07,2017-09-21,cb5945cac103ca5023f09f3d8a70c7ef,2017-08-28
edb393cd17dd2237275ded0a4e2bbddd,1a0de9ba25ea44e1437e00540d33b3cd,delivered,2017-06-09 15:50:50,2017-06-09 16:05:16,2017-06-14 10:06:49,2017-06-19 12:15:57,2017-07-04,2c197ff3ed09a2272fd5a8271d0b6d1b,2017-06-09
78a883974d6c4d296a7c7ff7f784a1d4,9ad05c7dbb22a5c9f31adb8fcc73b48f,delivered,2017-11-27 13:24:05,2017-11-27 13:38:36,2017-11-29 19:58:34,2017-12-11 22:52:37,2017-12-26,4cbafb5b3b2ea044072f8cd945843cdb,2017-11-27
738ab6c7be5e44aff6c34378317215b2,4fdeaa6314f23f4d94093b9e1b7d60ac,delivered,2017-09-15 22:59:54,2017-09-19 03:50:28,2017-09-21 19:07:18,2017-09-25 20:13:25,2017-09-27,977c5bd5ce39d7b51b6f6637df11080c,2017-09-15
de667b5fad55b8d18285f1d32a4f5e49,7725b79e7d1dff9dcad0f1eb02ecedcf,delivered,2018-02-18 18:46:14,2018-02-18 19:46:50,2018-02-19 21:37:04,2018-03-13 21:23:28,2018-03-16,d75d064ff4cf3a687e2de72142466e06,2018-02-18
e7c93d513c10924fe1f15a0838e4ce95,3f6ae99881c82dfb4cfbb0f95e17d157,delivered,2017-08-01 23:41:09,2017-08-02 00:35:16,2017-08-04 19:57:54,2017-08-07 21:16:49,2017-08-14,d5bcb0a36db10672d61e47177e7719bf,2017-08-01
c45965834bc929b4242b82f924d52c49,3f0b493fe107e4453cc7c9e7a8f57f29,delivered,2018-06-03 19:45:59,2018-06-03 20:09:29,2018-06-04 13:58:00,2018-06-08 15:36:55,2018-07-12,6d73eb39c724d3cd0d45e9e1b6b963a9,2018-06-03
b52312202c9a950b9054cb94fd040440,bd9704a4da1d3d36e5eeec69f4b5af09,delivered,2017-09-28 13:19:35,2017-09-30 02:14:41,2017-10-04 18:52:10,2017-10-09 19:51:38,2017-10-20,8c438ceb9afe35e513cf671de8a65f7e,2017-09-28
c287665fc4b5b02e3a834918712358f0,e1ad369d0ec1bf2fae2a72a49f273e82,delivered,2018-05-02 16:06:23,2018-05-02 17:32:08,2018-05-04 14:40:00,2018-05-09 22:42:52,2018-05-22,ef480d45440cef8eeb1b0d418ca05422,2018-05-02
cfc4f48d827c5f241da9edda7f8890c5,7308fbfe5202601e78a01cec26ff4294,delivered,2017-12-09 20:08:19,2017-12-11 20:11:43,2017-12-12 18:27:14,2018-01-08 09:59:16,2018-01-18,be34d68fcb937cfc893b28caa139b8c7,2017-12-09
24d9966e0448b19c57091951a299c0c4,f8cefb56f4cda0d4bb72f22a1c3e0961,delivered,2017-05-14 21:17:41,2017-05-14 21:25:18,2017-05-16 12:16:59,2017-05-22 12:46:10,2017-06-02,c12d513d1bb53866d005b2ec273bba31,2017-05-14
5f6cee60d80a6dd034b88aef816803c5,fd64f86e80a42c3506752ebf7949ad1f,delivered,2017-12-20 09:47:30,2017-12-20 10:09:45,2017-12-20 18:19:10,2018-01-08 18:45:30,2018-01-17,d4697f236fbf67d5c3eb6b92067cd407,2017-12-20
04f92792b1960e9302825742e0751a5c,8dddf27adc934a43b2ab68289ec22651,delivered,2018-05-12 09:01:06,2018-05-12 09:14:41,2018-05-29 07:07:00,2018-06-01 19:24:41,2018-06-19,142ed0dad12a73d4e9eac64b4918fe2a,2018-05-12
760209837cc5c577075aeb32eb2f219f,2e7a7949ed59755832f8877b154bb202,delivered,2018-08-14 23:38:02,2018-08-14 23:50:45,2018-08-15 12:20:00,2018-08-18 20:08:55,2018-08-29,700740bf9157a830e0728f14d64282bf,2018-08-14
e144a54c13458667eb25fc1a5eaf5139,cd40968134f4910e8a0b772a0012154d,delivered,2018-08-17 22:23:06,2018-08-17 22:35:11,2018-08-20 13:30:00,2018-08-22 16:08:53,2018-08-23,bf6d0f7af96584b82e351bb127574eab,2018-08-17
8585531565f837954132c3e78ff8afc7,d1ec94f80186282546f865ed5db47170,delivered,2018-08-12 12:53:18,2018-08-12 13:05:11,2018-08-13 16:17:00,2018-08-16 02:32:18,2018-08-21,7401e49287261fe0a312715de282eee8,2018-08-12
1523268cac9326ce1a5fbac7f88a6f20,657df615e86dce4fd9723ad0038cac71,delivered,2018-02-17 01:27:05,2018-02-17 02:07:50,2018-02-20 23:39:09,2018-02-23 20:07:41,2018-03-12,0d5fb26538b69af6199244437e7db6db,2018-02-17
67c029563d7111f0c266898988cc30d7,f2a517cdb90d799c2c54fc8836978628,delivered,2018-05-03 14:05:39,2018-05-04 03:31:47,2018-05-04 15:45:00,2018-05-15 17:06:03,2018-05-25,566c95a996d3f246348dbcf90fb380d5,2018-05-03
750e563540da2f000293d963702ade0f,d2110324541912e3b261b172f4a09027,delivered,2017-12-04 12:37:36,2017-12-04 16:33:11,2017-12-06 20:43:14,2017-12-08 23:43:09,2017-12-20,c4a5812f9a7f7c2ae0d6b40e69677cf5,2017-12-04
681a34bb485c77196838976dbbbdf8d7,8f6eb2e2f77b726bfdaf4757533a97ab,delivered,2017-08-19 20:39:47,2017-08-19 20:55:18,2017-08-24 21:53:14,2017-08-29 21:36:44,2017-09-15,78582a6ab78bb135d6323ae95e05b3ba,2017-08-19
acc2a63ccf0116a0851f085f5f19b7a0,b19f542d676ea384dc2bfe700115e09e,delivered,2017-05-31 00:28:32,2017-06-01 03:55:20,2017-06-02 14:49:06,2017-06-13 17:07:43,2017-06-23,afd0b9a943682e946e0036c598e8ef7f,2017-05-31
7ed1923ef9c8ce180035acd26a2d8eae,1c29747884fdd7ff5fd35fb194c08379,delivered,2018-06-11 12:42:32,2018-06-11 12:58:41,2018-06-13 14:04:00,2018-06-20 16:48:43,2018-07-13,a9f9d64cf3a8e4d74c199a061c099ee8,2018-06-11
5860cc6e7b232e3c597af193d7760d1a,d6ea00d4a2dca6a01c708931b325a9e5,delivered,2017-02-13 10:20:42,2017-02-14 03:45:17,2017-02-17 10:46:21,2017-02-23 11:11:58,2017-04-03,1d4626b197f66aa6129c135ab09f1a7b,2017-02-13
8ba7b9688864f088106780b9f367ee4f,ea42fc12ce6d7f1f94b5df6a997bf8b6,delivered,2018-05-17 16:36:55,2018-05-18 02:36:36,2018-05-21 19:25:00,2018-05-22 13:44:52,2018-05-29,349a5120cfd1e7cf6f3a28b4f8912433,2018-05-17
3dca6d9d8b512cc7f4b303e609b8c0e1,e02f44d7cbe1d2ab287b7f52ad26620e,delivered,2018-06-12 16:27:45,2018-06-12 17:13:29,2018-06-13 15:49:00,2018-06-21 00:56:40,2018-07-16,b25b6528de6cd96ed8278ba7dcfc54dc,2018-06-12
02da43e64b38100ea4b0b4a76cc2ba66,3f4b4fe7e5dbc66d4c5a38904823d1e0,delivered,2017-05-24 08:26:19,2017-05-24 08:42:34,2017-05-24 16:00:12,2017-05-31 16:59:59,2017-06-22,fc96a863b5d40643f2aa38e974778ae9,2017-05-24
3c75574b6ba7015391e4755c6c03bd12,36ba83214eae032b948f6a0aa772b0c4,delivered,2018-08-01 16:03:30,2018-08-01 17:05:14,2018-08-02 15:07:00,2018-08-06 16:08:41,2018-08-15,79dbcd2f36ded23128f0fb765613f137,2018-08-01
39ff1e358efa92ceae42de6d5f9d37cf,0636c00ff07cc01420d79a193b3496f3,delivered,2017-12-09 19:27:43,2017-12-09 19:37:21,2017-12-15 23:52:39,2017-12-21 13:22:27,2018-03-06,f6f30d20a5c7a5090e26fcc45046286c,2017-12-09
34a0ae203a8819db9d40960b5e456001,ee41984b4358785eb49d2ea192c532fa,delivered,2018-03-21 22:01:33,2018-03-21 22:10:32,2018-03-27 19:41:28,2018-04-11 18:28:31,2018-04-17,c8f4553542077ece1f8f3a53485ff390,2018-03-21
856a7ab58f3a7cc4560202758d971b38,b4a63ceeb0466c92a04c584e251b4579,delivered,2017-09-25 01:11:48,2017-09-26 03:56:25,2017-09-26 19:48:45,2017-10-04 19:32:50,2017-10-18,a48cb60fc0afbf52d82418d6c8db54c9,2017-09-25
f976bd9178b8f3927dbf9f4b5f9e7f16,df75707f355311a21d7797b936fe342f,delivered,2018-03-04 20:44:25,2018-03-04 20:56:14,2018-03-08 18:38:39,2018-05-18 18:48:43,2018-03-26,f6f3cf189bd5bd9ce000bbf54eadd161,2018-03-04
b67a5312d2d005a148c1c5b0f767bf72,d595b92f8ce23b99619ff596b8d5ee3f,delivered,2018-02-13 18:02:24,2018-02-13 18:15:28,2018-02-15 20:56:03,2018-02-27 01:24:57,2018-03-15,b04a24589f6c6540e2021a601ab00f99,2018-02-13
737fb9e22c4e0cf05ae8e8d8f6992b71,a398ed93af6c349a0351c5f171d2a3ba,delivered,2017-11-26 22:01:00,2017-11-26 22:14:27,2017-12-02 00:28:55,2017-12-11 18:37:22,2017-12-22,a99dd2ba0951dc3f14450042d8969456,2017-11-26
322e0693b07397cdc9adce3006dcce22,21eba4e14182cef9794979f9a85eb20e,delivered,2018-01-26 09:12:36,2018-01-26 09:19:25,2018-01-31 22:28:57,2018-02-01 22:26:47,2018-02-09,b7828728719ab5f326855eda14fd0082,2018-01-26
733fd3fbb07ad971f1570aa18efe747a,359046030b0923355f2fad902c6427b1,delivered,2018-07-24 20:35:37,2018-07-25 16:55:30,2018-07-31 14:01:00,2018-08-02 16:48:48,2018-08-10,a53680e999fa0fc8ef33e008234c02ab,2018-07-24
9351027800b2ca5df75c6d6999cd5774,432e843186d4ed1be1c754d8fea8c14a,delivered,2018-01-10 12:47:41,2018-01-11 03:08:40,2018-01-16 19:42:58,2018-01-17 15:48:55,2018-01-29,b1497b8ce2b02620832b8c1d8e5b153e,2018-01-10
eeb7ec17386d00ac88c486894a069505,1cba1ad3c6c46f2693ec946bf239642c,delivered,2017-10-22 19:17:43,2017-10-22 19:28:18,2017-10-24 14:35:59,2017-10-25 21:23:35,2017-11-03,d9fa48508fd9b6eb33106c7f57281d4a,2017-10-22
4ab8819fc4b34e4d6b2710f3121b2400,7f4dd5f1bbd777aac4f37a4ec70fe503,delivered,2018-02-07 14:04:08,2018-02-07 14:15:27,2018-02-08 22:43:08,2018-02-09 21:19:02,2018-03-05,db2e0ec1844c25550c25be3ab2cbe7f5,2018-02-07
533e799c38f442b59dfd2c9b73ebd8a4,75f3c17f0e74607e2278a8804fdb5895,delivered,2017-11-27 00:02:43,2017-11-27 00:18:55,2017-11-28 23:58:35,2017-12-07 17:56:48,2017-12-20,3c030abc40069ccfe454aa11df42b041,2017-11-27
e3801209a2584fae1500a65188c9a60f,e11d54cdd142275dd29cdab42fe2c086,delivered,2018-02-15 14:25:03,2018-02-15 14:35:37,2018-02-16 16:24:45,2018-03-06 15:04:23,2018-03-15,0b39f8c1a22bf752a4a1c6784b352e1b,2018-02-15
711a14d38a221a3d744f33b8b8e78981,6763f99558a5f6fa9777ff839a910c16,shipped,2017-06-28 15:59:10,2017-06-29 09:10:17,2017-06-30 13:12:47,,2017-07-20,1d0bce6d9f5d0bd03261711949a05246,2017-06-28
7b88b6206dd4a32a6d7301d8d6973303,28e5dd68bcf6664750d9c6963d1ac2ac,delivered,2017-11-07 17:05:59,2017-11-07 17:16:17,2017-11-10 20:26:59,2017-11-21 14:54:00,2017-12-04,e5d0fb67add1702e8fdc93634910b5e8,2017-11-07
2aed991f5c4a0db2a7aa9bbaf9f4044f,129ccde4bb98af5b8f8b0b7e15972852,delivered,2018-05-03 11:38:16,2018-05-04 11:51:33,2018-05-07 16:16:00,2018-05-15 18:53:01,2018-06-12,9bbd7d121367692e89c179517fba2351,2018-05-03
6dc6e99a01bde217886fd6fba71f91c8,569de3aecdacc79742e292a16a8aeeab,delivered,2017-04-07 13:39:55,2017-04-08 06:35:16,2017-04-10 14:43:17,2017-05-02 16:10:13,2017-05-11,fbeec9ef2077a5ecf8dd67b81e6d042f,2017-04-07
72338cbe5e2e8e0e6018f8497ee34420,a413b3b1559d33322bef30c42f3651f6,delivered,2017-12-18 13:41:01,2017-12-18 14:51:30,2017-12-20 19:23:12,2018-01-03 19:36:44,2018-01-12,2688e5303908546d7c3a496c9b6889ee,2017-12-18
e4e95d2b1c7eb000eefef2efea68ef15,a8754f3407fc3cbce6b4ca5ccca4bd44,delivered,2018-02-05 00:50:06,2018-02-05 01:10:45,2018-02-06 22:58:18,2018-03-13 16:27:42,2018-03-06,7e48c54f4e2b315089ddb3ea3f344677,2018-02-05
46bda15a7762d32270b8141ad9c27c2c,399c706d8c2c93239ebf9f0287aad6c1,delivered,2018-06-11 15:38:29,2018-06-12 09:00:53,2018-06-12 15:05:00,2018-06-14 20:15:35,2018-06-26,21b7e7811ddc742cba9b74aaf89fb281,2018-06-11
b10944098c8ae5130e647d08da104c38,55f0342427bc5610d5da97421b46c985,delivered,2018-06-03 23:22:33,2018-06-05 04:51:51,2018-06-05 08:01:00,2018-06-11 12:26:33,2018-07-17,6a9e15d6fa8ce1cabf193c21aa577f64,2018-06-03
587036b6e4bc7cdb0e844892f271ec24,ab5d3626a2764c80612a8212e071cffb,delivered,2018-03-22 12:42:39,2018-03-22 12:55:35,2018-03-23 19:58:44,2018-03-24 19:27:36,2018-04-09,1fb4e1a3d5169b7c7fbb8eeda854cd5b,2018-03-22
fc2b731f9c539d7f27f5e598f9c14e59,dae3e3027c9aefced5c69fdb46dfd231,delivered,2017-10-16 10:07:40,2017-10-16 10:27:12,2017-10-19 14:48:54,2017-10-28 14:31:59,2017-11-08,a004a1f8fe9553aaf6e36fe06b52a9d7,2017-10-16
c3172e32bc52d8dde2aa5c6cb36cddfd,e8ed7572e721227ba8633a723b2562d2,delivered,2018-01-24 21:06:55,2018-01-25 02:38:20,2018-01-26 17:24:42,2018-03-02 01:49:11,2018-02-21,7713212dfe73f9d229ce336e0e67edc9,2018-01-24
fe468f428b8be30b4e7ca85901a35dac,950087336d1384f2086620dd28246cba,shipped,2017-06-05 09:23:16,2017-06-07 02:25:33,2017-06-07 15:21:38,,2017-06-28,f8cc79fce4eab460db5340b07d964db8,2017-06-05
f769d5778736c059f21be80b520c0b86,9b6103f5f1d4589d533383cd48675eee,delivered,2018-01-30 12:08:40,2018-01-30 13:00:26,2018-02-01 20:33:56,2018-02-15 21:14:22,2018-02-23,b7f455082e5cd9e6a71b502dcbbfab5d,2018-01-30
fd0926fd1e8031a9cf228b88589a085b,04ac10c2ecdfe490a4bf9339c3c145c3,delivered,2017-03-20 14:14:31,2017-03-20 14:14:31,2017-03-22 08:48:00,2017-04-07 18:46:48,2017-04-19,caefc77a8afe553358eabe1d28061b5f,2017-03-20
2c05e86354de83162d3ef5a185cb5822,f1f15eb8f532286faaf09fdfe38387c5,delivered,2018-01-15 13:09:23,2018-01-15 13:30:19,2018-01-15 21:44:55,2018-01-24 12:49:02,2018-02-05,b6ddd2e1ee2a84fbe47032c50caa1a67,2018-01-15
a7172161f4280142285eebbe70b8c8fa,9dfdab8e5b4586c673627fd1bdab3d36,delivered,2017-03-04 16:14:20,2017-03-07 03:55:30,2017-03-10 16:23:43,2017-03-24 12:05:10,2017-03-29,c8bbcc4eb4aa28cec27838eb3a195303,2017-03-04
93fac531a5d1aa75846d96103217e85b,411e55a7552f5194f492ee0c4d62c0f7,delivered,2017-10-05 06:36:34,2017-10-06 02:25:16,2017-10-13 20:18:53,2017-10-18 21:02:59,2017-11-07,995facb032e4446a511762f5f842eb11,2017-10-05
be255c29d745dad22bed17e8e2731706,73c27cdc4de9cfdc9ecb90ab01acfdcf,delivered,2017-12-03 13:40:51,2017-12-03 13:52:21,2017-12-05 00:37:41,2017-12-21 22:59:01,2018-01-08,13275a1fb1c6f692b6c7409a991e3cd8,2017-12-03
19988184f9c2b5a7bb91bc3a4eb13ff3,ef163ed0721d0ccf1dc5e172487375b5,delivered,2018-01-26 14:58:57,2018-01-27 02:46:36,2018-01-30 21:22:51,2018-02-05 20:12:05,2018-02-21,411b09ff03cc7dca2e83d7754ab67410,2018-01-26
2e82339ec0f39a69be776815f3bac508,66d5a520e4f7af2cdc4f725d8d8ed705,delivered,2018-01-29 22:49:11,2018-01-29 23:11:20,2018-01-30 19:37:08,2018-02-01 17:54:54,2018-02-16,b5af014e40c268001da9ad09bb7523df,2018-01-29
09b216c85c7fb2105c85987be09e7ec9,3c83de52146ed3ce7c9786f3cf800565,delivered,2018-04-10 14:01:14,2018-04-10 14:10:23,2018-04-10 23:13:50,2018-04-19 22:44:47,2018-05-10,fb2f6348cd915df27a50ef11fcdf9ead,2018-04-10
55f3c870c1e40785268450603096ec90,57f23b901652eab7f1e37d43d6fdc273,delivered,2018-03-10 14:07:19,2018-03-10 14:27:58,2018-03-12 14:31:17,2018-04-06 23:19:15,2018-04-11,19f2ed5aa63588d262cd97364072da95,2018-03-10
3772bd82db6b988f9a7008bdb3a4b729,d00682c2eaf70db1869809d2fbaf7aba,delivered,2017-08-30 14:01:17,2017-09-01 06:24:30,2017-09-01 18:17:49,2017-09-06 17:52:25,2017-09-22,556ae943ba81f78f9d6db9e9b7ce38d2,2017-08-30
3818dcc3b7bd25996c0f1684437f019b,7fa7bd0cf78ec810d6a60fd27acf15a9,delivered,2018-01-03 00:06:12,2018-01-03 00:14:28,2018-01-03 21:12:52,2018-01-12 22:10:26,2018-01-26,a865a3f8b39809ab1ba53cd0e8122999,2018-01-03
0ebe7b603e2e4b83d9adf9f169585f0d,3ffe2ccbfbf181d3e261ff9ba134a26d,delivered,2017-11-03 14:42:52,2017-11-03 14:55:28,2017-11-06 19:28:50,2017-11-18 18:08:44,2017-11-23,34263d90024a9191f248ee8a2c751de1,2017-11-03
6c0c06748330cb44b0e4d49f295251c3,9683869125c8e2cd4c6681f7d0f5b91c,delivered,2017-10-12 21:19:05,2017-10-12 21:35:27,2017-10-13 14:35:44,2017-10-20 17:48:12,2017-11-01,02d7cc0037bb3563ed6bf98c5b0d9f0c,2017-10-12
f6151443391cbb0f7fb0fcaf6d79e963,fa6ac2e4164ca0db95051469d1876bc9,delivered,2018-01-29 11:48:36,2018-01-30 05:31:35,2018-03-01 18:39:09,2018-03-13 23:16:22,2018-03-13,d1c1745d918b9661759fce57da31a2d4,2018-01-29
f73b31435ce6dec43df056154c39a1ce,f0f671d4034e98cdf20f0c452d6db02b,shipped,2018-08-20 12:37:54,2018-08-20 15:35:42,2018-08-24 16:48:00,,2018-08-27,6532316a8c1a7c7a569482db073530bb,2018-08-20
0d597bde3929912cb11ba2fe571a4267,1e95a3150bf91dc251e39741df7192de,delivered,2017-11-24 13:42:26,2017-11-24 15:54:19,2017-11-28 20:37:06,2017-12-16 19:48:42,2017-12-18,681ee02113c8b572d0318265d7e8f92b,2017-11-24
b9d5bea267e1dd6838786cc12ba40ceb,5dd87fec0c1fcc4a00774fa5f898d5c2,delivered,2018-03-15 14:19:41,2018-03-15 14:35:21,2018-03-16 21:04:46,2018-04-16 20:14:43,2018-04-12,6b946b8deb9ec3201537f123cade0827,2018-03-15
890e966b2b72ba13da8c01387874afee,4cd1c9f0fc14298ee95437bef771aac2,delivered,2018-03-18 19:26:01,2018-03-18 19:47:36,2018-03-23 20:04:24,2018-04-11 20:47:49,2018-04-16,9ea0b9db4828c757028a52c558a2d411,2018-03-18
bc42a955f289870d5789e6e437206300,b8733025113e28454fd06c6e97ce9748,delivered,2018-03-01 18:32:56,2018-03-01 18:49:03,2018-03-03 03:09:12,2018-03-24 13:54:40,2018-03-26,0f10d99ee99ca3d0489f2f2169b41ec3,2018-03-01
e6602e10c88f7439767c3edfac0b00d5,3cd3934aefffdfaea7e25af854533526,delivered,2018-03-27 13:03:10,2018-03-28 02:35:21,2018-04-03 21:05:29,2018-04-09 21:42:25,2018-04-13,d441b8a954fcfc0cb0f72c175eb1adf3,2018-03-27
d0e36957b6d2a04cc21ba07f7bbad90a,a3e3c08a055077321854eb4855a7a8c3,delivered,2017-10-15 21:25:16,2017-10-17 14:56:32,2017-10-18 21:12:14,2017-11-07 17:37:54,2017-11-03,122250ea252f175f87ad6d7c806424b0,2017-10-15
9dc9cfe8dd61f0e37b0baa3043517059,a8e9a8abb0f2e70472f4484550eedb73,delivered,2018-02-25 21:01:07,2018-02-26 09:35:52,2018-03-02 00:42:31,2018-03-28 16:46:49,2018-04-02,25f3cf83109f636d52d288fa4e797111,2018-02-25
1ae76304686bb902dc30d60e5dbf9237,afe505252a17ffb026986235a7615c71,delivered,2018-03-26 17:16:00,2018-03-26 17:30:13,2018-03-28 17:32:10,2018-04-03 21:17:31,2018-04-17,f02292465189ed8f3845720662a35999,2018-03-26
0f7aa32fdabc5a9e10d0e9da37110525,7ca7b507bcd23c39aad8c8b60041567b,delivered,2017-08-08 11:27:03,2017-08-10 03:16:08,2017-08-11 17:04:19,2017-08-25 19:33:58,2017-09-14,bbe8686a830c0caaf68452997d73d396,2017-08-08
93c5ca94a86b96968decd0a16f17ef60,a30188dc4c8e67dcf05b313855039c05,delivered,2018-02-14 20:32:40,2018-02-19 08:35:21,2018-02-19 22:49:02,2018-02-22 00:48:42,2018-02-26,b83c523f6703249254153e0c2bbbe175,2018-02-14
166a835dcb0ffdb5d917db2a93358502,3274aedc859b9aa7d7e5db28cfb7768d,delivered,2017-07-11 23:14:57,2017-07-11 23:25:18,2017-07-13 19:09:52,2017-07-31 11:34:32,2017-08-04,00ba737b18a7996f68cb8a99556bedd4,2017-07-11
7ec371e6b9ff628bcd34eb8bc60730ee,33f2819f6b0267c2942f2672ce7021a9,delivered,2017-05-19 19:34:36,2017-05-19 19:45:22,2017-05-22 13:56:38,2017-06-01 12:55:30,2017-06-12,8ecf8af072fe6fa17eb5bf81a3e04068,2017-05-19
06a1b81d611c5616272de7c53c41472e,8626a2b044790a9eee2473a9d464d5f3,delivered,2018-02-11 18:47:36,2018-02-11 19:20:22,2018-02-14 21:59:08,2018-02-28 16:52:12,2018-02-26,1b758c967b6b6453eb881da29ed5811e,2018-02-11
d338e94a703f4d7af1612be068a85bb6,f8d047b3dd09b4c6f4e873d925f56c4b,delivered,2018-08-10 15:06:18,2018-08-10 15:24:36,2018-08-13 14:55:00,2018-08-14 19:58:47,2018-08-22,0ae70c3e3ff220ee3e43b29b6e633345,2018-08-10
5ba291a4740d9f7973e2f135a6a7f54f,adb9611d609b58d037272249e0c06bbb,delivered,2017-05-08 11:45:34,2017-05-08 11:55:15,2017-05-09 15:01:54,2017-05-16 17:13:23,2017-05-30,ce1422ea681a87fe34f97776b0bc803f,2017-05-08
84b1048a4e9d46efbb9e5a65c973cd11,2a9f8b956621aa122762ae3cc892aaf8,delivered,2018-04-05 18:57:58,2018-04-05 19:15:07,2018-04-09 21:14:28,2018-04-25 20:41:54,2018-05-17,be1a858fe94dbc3cb2ed6c8844a8b0cb,2018-04-05
b391aeb86b28ac5a2085e0a77833bd15,28d68be5ae44019ecb72679a1402840c,delivered,2018-03-02 12:50:21,2018-03-02 13:09:26,2018-03-02 22:12:04,2018-03-15 00:38:36,2018-03-20,4f7bb3934f31ef1756b319e9a4c51207,2018-03-02
b290e4dd94ec1715d29cc7d82dcf4d2f,4a0e08a063a29ba6840734015f08d920,delivered,2018-03-15 14:04:19,2018-03-16 19:07:54,2018-03-19 17:24:27,2018-03-22 22:04:01,2018-04-11,b7a3d755f286f6caa0dbfc55dc5d7f29,2018-03-15
f1a24be96cc3d824b45822be11fede0d,2623cb3e0c74bcbf6c85f78c0673819e,delivered,2018-04-01 18:21:45,2018-04-01 19:08:20,2018-04-02 19:33:07,2018-04-13 17:31:43,2018-04-26,a2f2d904d84e1ccd50cbba2b719b42e7,2018-04-01
611aef870c45d1ba9c852bab44e25f36,a1a779486ad5e2f9deb27e850219d330,delivered,2018-06-11 18:19:19,2018-06-11 18:42:35,2018-06-20 14:16:00,2018-06-26 22:12:13,2018-07-12,3c94a6c053908c75d5b8d9e8f65d49be,2018-06-11
b5fee6930befd43772aa0134db77b649,5f92804b72032ac9f653c422d80f0333,delivered,2017-06-16 20:21:33,2017-06-16 20:30:19,2017-06-19 17:29:37,2017-06-27 19:25:37,2017-07-06,d67c047ac4b68d45b8b73935737bd663,2017-06-16
86c1a1c5de6b99e0aed1e7f053862ff9,aea90054cb9facaca9c6f762e3483a5a,delivered,2018-01-31 14:38:02,2018-02-02 02:55:29,2018-02-05 20:03:42,2018-02-14 21:38:43,2018-02-22,4a6abf2aa6e7521537d567e91fc4ea71,2018-01-31
f9738bd11e7b55e079a85fd057acf232,51a4c0fe0a21d5eeba0b60a0de272051,delivered,2018-02-04 11:16:42,2018-02-06 05:31:50,2018-02-07 23:08:40,2018-02-20 19:38:06,2018-03-13,641aa00f6d28b7d376baa691cff07937,2018-02-04
7bfaace314d5c68160cbbb20c50b1438,e753a8c5c00e7acb6be62acbcb6726c2,delivered,2018-06-04 19:15:28,2018-06-04 19:30:20,2018-06-05 12:23:00,2018-06-14 19:05:24,2018-07-11,8effe94a23c55fde14edbb9ded823ccb,2018-06-04
aa9113495d5498b01ea4a235c64f2849,08d19de4f7caa5e58b233fa6b9f4d3a8,delivered,2017-09-11 18:57:46,2017-09-11 19:10:39,2017-09-13 23:25:35,2017-09-29 17:41:20,2017-09-29,4532ac5f2f4f8c943a41d1ba00bd6c6d,2017-09-11
adf766a719fd52b485fa2127fa0dd9a7,aa62a16b10e3fb24ecdefd7e4dc3fa65,delivered,2018-06-24 14:37:17,2018-06-24 14:55:00,2018-06-25 12:09:00,2018-06-29 20:41:48,2018-07-20,6526a724d515750b89a291c3d0176923,2018-06-24
f52952f4c900a5c0295a392769f7538e,e98719d1f6780ce146828b440839781e,delivered,2018-06-13 23:06:08,2018-06-13 23:38:36,2018-06-14 15:07:00,2018-06-18 23:21:59,2018-06-28,3b82170500b55585ed1e146663291132,2018-06-13
48a8a6c760d13fbcdf6542200ce572b5,3d841cc542d87235715f9fff1c8c355a,delivered,2017-09-07 15:14:00,2017-09-07 15:30:15,2017-09-11 12:34:21,2017-09-22 21:29:17,2017-09-28,29874a4e8a2bac67f388b5ee0bb48bce,2017-09-07
fa939fb695a0a458a472916809af767d,991818841077c459f7da74f4f9cde348,delivered,2018-03-15 20:34:38,2018-03-15 20:48:41,2018-03-17 16:28:35,2018-03-23 22:28:39,2018-04-10,c806163367fb7158fe423312e8f856ad,2018-03-15
e2b2feccda2c913e120d23c72b550cca,7754a974b02485c72aa600f3dbfc8dc7,delivered,2018-01-24 12:16:13,2018-01-25 02:38:17,2018-01-25 22:56:30,2018-02-27 00:17:01,2018-02-26,0ce241b0c2193bbd8386fac69b03d104,2018-01-24
e55d3c162a91d5eddf33f6f5f7259579,ea0bd9bfedc110721a404c9a793f8f09,delivered,2018-04-12 20:28:20,2018-04-13 13:14:42,2018-04-14 00:04:10,2018-04-24 12:26:40,2018-05-11,4758f8ae2b380b23399a5900cd732703,2018-04-12
a5d7086b3574973a5df31d93bf524039,7640e5568c56caebc8e765dd896b6182,delivered,2018-05-20 20:41:30,2018-05-20 21:01:24,2018-05-29 07:13:00,2018-06-06 19:38:42,2018-06-18,8c21dd8c37144807c601f99f2a209dfb,2018-05-20
a698966a44dec5eb80ac9c132b5d2a53,941913272005809a002595532d5ecc41,delivered,2018-07-25 23:10:19,2018-07-26 23:05:18,2018-07-27 12:51:00,2018-07-31 17:34:52,2018-08-13,d28df41fa2c5c6b98b3d9c12985e883e,2018-07-25
48a7fc253b8c47a7442e210258118c33,3b9f56115f9155c14da816b78663d546,delivered,2017-08-01 22:00:44,2017-08-01 22:35:14,2017-08-02 18:20:04,2017-08-07 20:46:44,2017-08-23,a0939a08189946db7b19905ed27ec6fc,2017-08-01
c6348cac7802ee9fd447ba1162bea658,39d6f551f9775483b5c99874ae5dfce0,delivered,2018-01-19 11:34:41,2018-01-19 12:34:01,2018-01-26 14:49:59,2018-01-28 15:12:26,2018-02-05,9425e2bb8f05990ccd57f6a4bf0a33f7,2018-01-19
90858cf145c3bfaa25dca2f279bf8ac2,e44f15aad2720323261079b0290f4248,delivered,2017-06-22 20:42:30,2017-06-22 20:55:15,2017-06-27 15:41:52,2017-07-05 07:45:43,2017-07-14,c6133cd953fb7d6c7c74e251cca5201d,2017-06-22
7b909c21ef8b4027fc9bda5c7efe0717,a71a356a23ff4e07d424f8f7192fd451,delivered,2017-07-27 17:49:13,2017-07-27 18:03:33,2017-08-02 18:12:16,2017-08-14 14:07:51,2017-08-25,c0d92a438444210aca3c5c2bd510d8cc,2017-07-27
1aaf27bab389531a50d1a6b86c24e6b7,39b1241d7cd3540455201a5a0bc79936,delivered,2017-10-31 16:03:45,2017-10-31 16:31:17,2017-11-06 19:56:56,2017-11-10 23:28:32,2017-11-21,51387055bdf28f0c6f9fba8b636cd436,2017-10-31
c6a8408a66e38da8f30bee8e73a34a67,7e7664514011a7ae9513d462d7e61493,delivered,2017-06-16 20:00:57,2017-06-20 10:45:14,2017-06-22 13:13:29,2017-06-30 15:14:52,2017-07-06,c2e56075778d827440c7f4c6e77bd4ed,2017-06-16
fb987fd6c147ac8fa97e907cd973cc37,8b3245ecc602fe1004536d47df1facd1,delivered,2018-06-18 09:37:42,2018-06-18 09:53:49,2018-06-18 15:15:00,2018-06-25 12:12:48,2018-06-28,6698ca84bc7d1f2d4f3160594c33e8b4,2018-06-18
3788e0af9e212034588d6d24fa1b7fd1,69be2469e83511c9d3c230e91b400cf7,delivered,2018-07-30 22:36:22,2018-07-30 23:04:44,2018-07-31 13:54:00,2018-08-07 17:48:25,2018-08-08,e5e3e1fad89da9c8c99fc257c9c32b6a,2018-07-30
07dacc7fe07040f20aac7d9510950eff,d2b324ed82defef43c4a555620013809,delivered,2017-11-26 18:23:03,2017-11-26 18:32:51,2017-11-28 13:34:58,2017-12-04 19:24:43,2017-12-15,a61f05883cecf76583e22f4283e3c015,2017-11-26
daa82801011a09e5047dca31d70b6be1,0ba404d00159d8ce1548b956e1018c55,delivered,2018-08-07 10:12:20,2018-08-08 03:10:29,2018-08-20 14:20:00,2018-08-21 23:29:54,2018-08-22,9239cc451fc7a6a08ea8afe790a27fae,2018-08-07
3501186fe160a6e3162126a1bfcb2e08,2186009b718b71dbcc74eb3b71600414,delivered,2018-05-02 03:50:02,2018-05-02 05:01:29,2018-05-04 10:30:00,2018-05-18 11:22:38,2018-06-01,4d715b2115dab0e386fe81f114c7d830,2018-05-02
48182f93c2c0bc28cb145431fa5bcc16,2069a41636b7238c9ebb007af92e652f,delivered,2018-07-25 10:13:31,2018-07-25 10:25:25,2018-07-25 14:53:00,2018-07-30 18:48:34,2018-08-09,ed788f0856b85ee36ed4a52a964f1988,2018-07-25
e39a42a73eda90d2876d17017239f6d4,cc576e3bd0e5e400279d0437cdfe1ed2,delivered,2017-07-03 16:03:02,2017-07-03 16:15:21,2017-07-06 15:21:55,2017-07-13 19:49:52,2017-07-31,490a6b693270ec3e9e42ba1bc0509fa1,2017-07-03
bce830798b60635f1cdb43fed38ab2f2,fca4bf09f407ec8716f7add76debdad5,delivered,2017-08-29 22:00:27,2017-08-29 22:10:20,2017-09-18 21:53:38,2017-09-27 10:10:37,2017-09-15,b19394c18927e992df2282c93b3be555,2017-08-29
35c2decdf1241aa585186aa82df2f768,7243da195433b48139d52f8fa9f6a25b,delivered,2018-03-13 15:16:24,2018-03-13 15:48:17,2018-03-14 22:46:25,2018-04-06 21:58:58,2018-04-04,9ccdb84e1bf33538b206bd4289698888,2018-03-13
9fbe3fca2706c665022b219b8ff8d27d,d122dc5a239b7b36552bab0dc05b5f55,delivered,2017-07-18 13:12:53,2017-07-20 02:25:13,2017-07-20 17:49:49,2017-07-27 19:32:06,2017-08-10,1495ea1c194653b4e0f83cfc66918185,2017-07-18
31a5a662fe535944e960fec047746e95,8b4dfd56e3d88cc1af32815a14d2b400,delivered,2018-03-25 14:25:30,2018-03-25 14:48:00,2018-03-26 19:07:46,2018-04-17 15:48:32,2018-04-17,98f361eb270ef15027c86e1105a274ef,2018-03-25
5e5f6953f889acbe87f07949f373762a,136b0612c4d3b66835e0dd5165398135,delivered,2018-01-16 21:01:50,2018-01-18 02:13:13,2018-01-22 18:17:05,2018-01-24 19:58:51,2018-02-15,2e6dca618e8ad6b03d24de9ac8d5f178,2018-01-16
1f990d2b7b5a992e60e4c0ac2ff40f36,e9c5b5a2ac7092e9cea253d18528ac0f,delivered,2018-01-29 21:48:23,2018-01-29 21:55:30,2018-01-31 23:04:07,2018-02-05 16:43:07,2018-02-22,86bb795b2c858e2ca3bc6271de923619,2018-01-29
e485751217522068a393e874ed8b5298,e5e221713049b4ca7d373340f611c2bd,delivered,2018-07-28 19:17:11,2018-07-28 19:30:33,2018-07-30 08:43:00,2018-08-07 16:41:39,2018-08-08,8fb8b3d5c3069c7ac464eb9102657b08,2018-07-28
dffb9004059a7aa9a84571480d7a1c0f,7822d16f7560fff772f780fc8b47bb24,delivered,2018-07-23 22:06:24,2018-07-24 10:31:23,2018-07-24 15:57:00,2018-08-02 19:06:40,2018-08-17,73a03e843555993655fd18215597aad5,2018-07-23
10d5f0eaccc82a1edadfdf784a8c2928,f7cdd5d18b0ff601406d1da826e6f395,delivered,2018-08-20 21:59:44,2018-08-22 03:55:19,2018-08-22 14:38:00,2018-08-23 21:11:42,2018-08-28,236230fc929fc51e8c2b6e699cd31ed2,2018-08-20
0aaa175985080e11c7a94a84620d4016,fe8c2af8a8a466fb4131716fa9b3858a,delivered,2018-06-10 18:04:25,2018-06-10 19:51:18,2018-06-11 14:30:00,2018-06-18 21:46:30,2018-06-28,6d2c0561abf4839164f41e365c17289c,2018-06-10
86bd8f13f08f856936e7b6c676445c67,1b73399c6265066d369d0c70034e0f49,delivered,2017-06-07 17:24:53,2017-06-08 02:23:17,2017-06-08 09:02:17,2017-06-14 15:07:51,2017-06-30,7742f3d5b003ff0989f0cfa7e09fc49d,2017-06-07
ee2fac75aa66d8457b22c46fd08a47f3,3061fdad2cae5d7f676066d5b12ed727,delivered,2018-07-18 21:05:59,2018-07-18 21:22:28,2018-07-19 19:26:00,2018-07-20 21:31:56,2018-07-31,0ac6c25e5eb8c43299ee93340d7c1bd5,2018-07-18
a9e54364dc587f4973da05e26ac8c419,f10ddfd3502d2ca8e86c91bac063760e,delivered,2017-06-17 23:57:02,2017-06-18 00:50:45,2017-06-21 15:54:36,2017-06-30 14:03:51,2017-07-19,388bf92f949b84efb97062e6833dfab9,2017-06-17
c27a26005da9b758c804674cc9aa2da1,8e6507774d7c8987cc2b3a7cd0db2c9a,delivered,2017-02-27 20:35:32,2017-02-27 20:45:17,2017-03-02 08:57:56,2017-04-04 14:09:35,2017-03-30,c626f14a28a53ddbf8f9dab20c4fbb63,2017-02-27
f78b8a5a2d346837ff5e14e52f42f06d,75b5331ae2175bc678a7714ad8d92892,delivered,2018-04-17 00:12:44,2018-04-19 02:35:20,2018-04-19 23:38:26,2018-04-24 22:35:34,2018-05-10,f33b9333ee2a4f84a5147946521a9592,2018-04-17
8224adc48f3ab28936439f668b9c3739,f75295933e7327404320b0afeb527e96,delivered,2017-12-02 14:00:52,2017-12-02 14:17:08,2017-12-05 19:28:40,2017-12-12 19:33:11,2018-01-02,850b9c63a8a63e4f68173113666d362c,2017-12-02
73fe3ec6e789782281c550a9349e0edd,82b6da1961a25e8324ecd99eff5903ea,delivered,2018-03-18 17:01:00,2018-03-18 17:10:29,2018-03-19 19:57:20,2018-04-22 17:51:02,2018-04-17,059d1f5650f05d9fed9a6d941593f9b4,2018-03-18
5454971549d855538eb746e4d263f9a5,210320fcc92cdf5c39245b92c8c42730,delivered,2018-04-27 00:04:35,2018-04-27 00:15:22,2018-04-27 13:22:00,2018-05-03 18:51:57,2018-05-17,ef6a6a8e989109993d48bfedc1107328,2018-04-27
3b48b36a80274ce463ba3def46d6f998,6b043d042efab585bf4752d7e9dd24a0,delivered,2017-12-02 10:06:15,2017-12-02 10:18:35,2017-12-05 23:51:38,2017-12-18 23:41:55,2018-01-04,12d476f59a7252f5f2dbabe26b069ee6,2017-12-02
892d88aa8747d0e191d10bb0a87b9337,168fe9e12001de4aa4b035efcd035de5,delivered,2017-02-09 12:03:29,2017-02-09 12:31:32,2017-02-09 15:11:41,2017-02-17 17:05:05,2017-03-10,b38b9c207af3b339e098f7404f80f54d,2017-02-09
521178899813b6116b4bbe4e64dc5285,93bc0b64da3fd759da11c9a5baa501e9,delivered,2017-07-18 14:38:31,2017-07-18 14:50:13,2017-07-19 17:06:00,2017-07-20 17:42:59,2017-08-04,dc7993c491aef54414c4ff0a5be472ab,2017-07-18
8f896313326eb7ff2740ec77ce78df4b,6e398fdd8f3b385dba2f846e348c5cd9,delivered,2018-05-25 11:46:03,2018-05-25 11:55:19,2018-05-25 14:02:00,2018-06-08 00:18:41,2018-06-28,ce839d1a6783990aa8101101d1dd90d1,2018-05-25
3f63743b561bfda616e23f460bd70d58,db46a2dcf676874d4c99565946437b08,delivered,2018-01-08 17:10:03,2018-01-10 10:32:40,2018-01-12 13:59:06,2018-01-24 22:42:41,2018-02-09,2563debef98775f56e18a21966e412f1,2018-01-08
1f151cb71f4f48164123b34c0b753ddf,f7c37ea4c192ca34a41159557f27837b,delivered,2017-10-13 23:03:01,2017-10-13 23:14:21,2017-10-17 17:10:14,2017-10-26 19:22:32,2017-11-08,5c36b592094a7bbd878ff0869513f263,2017-10-13
4547e931fe370c3853e4afebc234811a,7bbb1759121abb6bce97505e003256ca,delivered,2017-10-12 09:04:48,2017-10-14 03:46:34,2017-10-17 18:14:02,2017-10-23 21:17:54,2017-11-08,13b3c7d850981cbd04c2f1aa8a85bf4d,2017-10-12
59880d8439b6a1a697727592bdab4b96,0b1bf138748b7fa32060369844de26ca,delivered,2017-10-18 10:44:38,2017-10-18 11:06:31,2017-10-20 20:58:00,2017-11-11 14:51:31,2017-11-10,0ac767d4cbf94a15dc8034ee73f5d3f6,2017-10-18
519969ff2784ef6b51d1a89f1534c23f,b75740288b209973aa736f4dd1b65502,delivered,2018-01-26 14:36:46,2018-01-26 14:59:02,2018-01-30 15:48:53,2018-02-27 19:16:48,2018-02-22,5b19b3434d9c9e51703f9b53abe7d0f6,2018-01-26
8ff88873f03f1912c00741f8e5ae6c79,ff0bdbbb629b5dc2918fb41b89dd14d8,shipped,2018-01-22 12:49:38,2018-01-24 02:53:02,2018-01-24 20:41:52,,2018-02-15,35d2594bdba35e830767b63af353d01a,2018-01-22
3bb17a1322700272d8886d9d5e174bd8,95e70e201e5f27dacc75e726e86f85a4,delivered,2017-12-03 23:57:30,2017-12-05 23:56:57,2017-12-06 21:27:14,2017-12-09 15:03:57,2017-12-27,59a61650c717d5acdfed0912e5a6e96c,2017-12-03
b3981f7b203bb77c3d52bc97e46c5b25,730769d8a5103f14d741ad1706e1c352,delivered,2017-04-22 18:49:48,2017-04-22 19:01:19,2017-04-27 05:41:59,2017-05-03 12:32:44,2017-05-18,56181f89940ab3c08ebc6e7749ec6f3d,2017-04-22
bc0e68520e8fee16c105116281ea8eb7,1ddde5a696caa6d5f0130742338cebdc,delivered,2018-02-09 10:06:27,2018-02-10 02:35:58,2018-02-15 17:04:38,2018-02-26 19:46:44,2018-03-13,47ee464bd3bc8ceae744313ba37c06e5,2018-02-09
a271a428c3186d0c7325878c2075a8d8,b128321979749f9034763ea47023bdd4,delivered,2018-05-09 11:34:55,2018-05-10 03:09:47,2018-05-10 14:00:00,2018-05-17 19:41:51,2018-06-01,a8c6b6c561d5687b61a1e63ffc701918,2018-05-09
65cc9958974d9b84cb4caad96226d10f,d3609e0209e59ecadd26f066cd344349,delivered,2018-08-04 17:07:34,2018-08-07 06:15:10,2018-08-09 12:02:00,2018-08-13 18:28:41,2018-08-21,551fdff84d3809ededcc078c25179e4d,2018-08-04
7da9a007cba69dfef04b68594e8d8584,654822911a381dd5c804318a3a555e38,delivered,2017-11-18 11:25:03,2017-11-18 11:35:32,2017-11-21 16:03:18,2017-11-27 19:18:17,2017-12-13,b5d1c2be723c6f65df3d24567523e4f6,2017-11-18
f6ffb29c9fc11f94687426f77bfb45b4,c67cbee02d1a52e38766ce39b58a5526,delivered,2018-06-07 13:48:39,2018-06-07 14:20:15,2018-06-11 14:57:00,2018-06-12 21:06:51,2018-06-18,5d8a8c7d4beb539c2bdcf74cd75902ec,2018-06-07
a4f587088f6fd162bb6ccf903d7dd582,5a3dff5b019c56fb6a8f16b5bfa25833,delivered,2017-07-30 04:33:28,2017-08-02 02:34:31,2017-08-02 17:39:36,2017-08-11 16:42:51,2017-08-24,5ca88b7c2c275761a353af0767112c9e,2017-07-30
b4ace41bce272979d55939a8ecd05dc2,df0e2cf8e8bea7f90addc0c23a52e7d3,delivered,2017-04-05 22:14:15,2017-04-05 22:30:16,2017-04-06 14:54:40,2017-05-16 18:23:55,2017-05-09,501fc307c6793e9e68bd0546f41bb1d5,2017-04-05
c4e736f668cbfe837a8f4718225b402b,c4d0c1e115e53fdd81287bab6857c3b7,delivered,2017-10-01 21:06:02,2017-10-01 21:24:06,2017-10-03 15:28:47,2017-10-10 21:10:42,2017-10-24,793c14202ef7966472e9246fd83b0ae8,2017-10-01
d9faf6f49d2c7b35db2ee149350d371a,127c6ffab5cb903da08254d7aaa35b47,delivered,2018-07-22 15:22:42,2018-07-23 12:31:42,2018-07-26 16:52:00,2018-08-02 20:02:25,2018-08-13,b5cc7e2d1e3af050145b86b17f9395f7,2018-07-22
56a699750378066e427e2feaaa048399,9b2ba3e7bd5a92f404fff86ff301a07f,delivered,2017-06-20 12:40:40,2017-06-20 12:50:31,2017-06-20 15:42:41,2017-07-05 17:44:36,2017-07-14,da29b8a3970adddb9ed2dc8a492065af,2017-06-20
cd94dbdc801da0cd93b0c8f33663973d,17ba50f54399b61694fbb138a3831d56,canceled,2018-02-21 20:54:45,2018-02-21 21:29:00,2018-02-24 00:21:47,,2018-03-15,b36c862b336a3ab664d455968efb538a,2018-02-21
21e668861c7c6205d1e20ce7b24fae41,8a93c28bb5fb7910e0bd529156d87d2d,delivered,2018-05-02 22:57:45,2018-05-03 03:55:22,2018-05-08 08:46:00,2018-06-07 16:44:21,2018-05-28,806e5ccc064e3f5d6fd88debbe79b274,2018-05-02
cf6dae8cde51d9482f323783a76b6446,31ce650a18a3f7a0c506fb4bf728867f,delivered,2018-03-17 21:11:23,2018-03-17 21:29:11,2018-03-19 22:51:39,2018-03-29 02:56:36,2018-04-10,36d02d6dc2cafe7e7c6bf96b830270ab,2018-03-17
864fbd229edcb913bdec4fb30b0c532f,7d9cd38926a665d46f1c912b616b3742,delivered,2018-01-03 10:05:32,2018-01-04 05:15:18,2018-01-08 18:47:18,2018-01-25 00:16:51,2018-02-06,467fe0ce27e41b18eed7eab09b475ccd,2018-01-03
b90edb88aa8235216b0f06e1a8ecee43,f3b0ddd4fcd5eb6b9a3975a4440cb9ec,delivered,2018-07-02 09:59:37,2018-07-02 10:10:44,2018-07-03 14:02:00,2018-07-11 00:32:23,2018-07-25,f3389293cc0b443733c08a58740dbdba,2018-07-02
3ace6f2805072fe7b4512a1e3d11217b,83aec5c557978975ccf546bfd82eaf45,delivered,2018-08-23 20:08:15,2018-08-23 20:24:35,2018-08-27 09:20:00,2018-08-30 20:26:50,2018-09-05,ced05597ec7e942e23b8f474802c218d,2018-08-23
f9a6e72c6b5a49a9aaa0a85b32adc581,3f6fd186f7e40f9cd5a3c8c3965b7c48,delivered,2017-10-01 00:06:09,2017-10-01 00:28:20,2017-10-02 19:52:18,2017-10-13 19:44:08,2017-10-31,c822278f481496d96d7e830d49d64b65,2017-10-01
e5e59fe47003046e2ed48ebb641564b2,9ce70b8dafe76524f3d5e5e68cbf29f5,shipped,2018-04-27 13:52:12,2018-04-27 14:09:00,2018-05-02 14:39:00,,2018-05-23,6edd9e4a22b7ab02db2a87f13bfd2d2a,2018-04-27
95163691e3a73076ed83f3a8c946a823,069b9a5f6dd36f1c59d36a9a703fcb7b,delivered,2017-10-20 16:17:22,2017-10-20 17:28:15,2017-10-24 22:38:20,2017-11-07 17:44:05,2017-11-10,6d324587da0e4d77ee97fc222befb1af,2017-10-20
d136b518be06f7ea4ea85de10fc1c9af,0cd75b7b90295f982887d4770190281b,delivered,2017-12-31 08:03:40,2017-12-31 08:11:18,2018-01-05 18:39:06,2018-01-06 13:47:39,2018-01-18,220bcdd6ae284ed1a273d99003fa8a0e,2017-12-31
944dd13721d42e317c58c9613d714d67,e2fbf107ce84bbcaca6f0dff445f697c,delivered,2017-07-24 09:50:34,2017-07-24 11:05:09,2017-07-25 14:33:29,2017-08-07 16:16:58,2017-08-17,e3240f1bda2628a96ca9ab420567ee05,2017-07-24
7a971cef9d150a941f2dc6a90a2cf904,b23ee95fb2dba205de0f7a0181778b1b,delivered,2017-05-18 15:42:24,2017-05-18 15:55:44,2017-05-26 12:43:58,2017-06-10 10:53:52,2017-06-22,fadc1ce39affb802bca50bf6c1557221,2017-05-18
3683a05264a0926a8c06607f4623a0a3,7f25f39f0ad8473a2c14772e1056b885,delivered,2017-11-17 23:57:27,2017-11-18 00:10:47,2017-11-20 14:26:41,2017-11-29 22:51:36,2017-12-14,04875f2cdd7a412f2b6902245bd7b3a3,2017-11-17
e2b9859bf979f248fe6fa970d1710b91,113ac78cf3c9c006adbfc3b051eead92,delivered,2018-03-18 18:55:40,2018-03-18 20:07:34,2018-03-20 23:37:30,2018-04-02 17:52:10,2018-04-12,7589544c08cc5de364cad85ee73f4b63,2018-03-18
4f75714930281cf2a8b983e0dd8a3fde,794b7a5f4b3ce4dcb5ad02975a234353,delivered,2018-08-09 20:03:05,2018-08-09 20:24:42,2018-08-10 15:56:00,2018-08-14 17:58:31,2018-08-14,4cac39a165a3de1c35e26650a9da1d4c,2018-08-09
121e29055e551edf515b58477ca53c39,acea50a6ef8ec5df5b11ce75b47b5a3a,delivered,2017-12-27 12:59:08,2017-12-27 13:10:32,2017-12-27 20:44:52,2018-01-09 15:09:48,2018-01-26,817c452e40b5ee98d28b212e51999b24,2017-12-27
747af114bbea56ac1e6841d66553b0bc,3f9f956720566758b250a7701b100564,delivered,2018-03-04 13:46:06,2018-03-04 13:55:33,2018-03-06 00:23:06,2018-03-09 23:09:38,2018-03-23,ccabf7db5c463f40016a78c560a38fd9,2018-03-04
19a24ba386e8363a6dd9973d015e5410,e944426cb230e5f33b25ed3cd8212dec,delivered,2017-12-04 15:00:42,2017-12-04 17:07:36,2017-12-05 16:06:57,2017-12-09 15:08:58,2018-01-11,b59e4bb4efe81ba0f7d30cff6734f9a2,2017-12-04
f926dd5a1a7345c98f0f19f07adc65c8,af4eb5fda65726393fe12a5a437d8732,delivered,2017-12-21 16:28:55,2017-12-22 02:50:48,2017-12-22 21:25:06,2017-12-27 19:34:04,2018-01-16,fc21eb0ddfe5a3662fcba6dc936277e2,2017-12-21
0dac831729de109c5f878882316eb43f,865ac93cc703fbbe0d4c1d7fdd62b78d,delivered,2018-03-30 12:26:42,2018-03-30 14:07:57,2018-04-02 17:46:02,2018-04-30 18:21:20,2018-05-02,c3c872c27b52b8fed0721f073016d504,2018-03-30
14b61cb802c6c32f64f9fa632cdaa60b,f74c725015fa473cb4bcc60c250f7b5b,delivered,2017-07-12 09:13:44,2017-07-12 09:23:07,2017-07-12 17:11:45,2017-07-18 20:07:53,2017-08-03,a06704f5a13e32f3837a13e299c96242,2017-07-12
df01064b1830e79d98304217aaccbac0,0672e3c3c00569fd0824ee72f92073a4,delivered,2018-01-29 21:54:54,2018-01-31 13:32:05,2018-02-02 17:37:39,2018-02-05 17:48:57,2018-02-14,0f421aad1e168dac3f1a246e4627ab9c,2018-01-29
22543ab72b10fb061808feb20d9e7531,af3c71cdd7b17c594709c89593110601,delivered,2017-03-04 22:19:42,2017-03-04 22:30:19,2017-03-06 09:35:30,2017-03-10 08:17:56,2017-03-27,c8bd8f1a05f1ad90e30aefbe2f5dc8ff,2017-03-04
7b4f660a72183fc98991998a65320863,fa951727fe95bbd6c7488b84d147b7bd,delivered,2018-08-28 13:28:34,2018-08-28 13:44:54,2018-08-29 14:58:00,2018-08-30 22:41:16,2018-09-04,b1ad98d58fd0f92925b9accab32c0400,2018-08-28
396a800e1a64e6e4db379d941a4bc7d7,4c981b98e93a10a4bab3696f83623fca,delivered,2018-06-13 08:32:19,2018-06-13 09:00:41,2018-06-21 16:50:00,2018-07-02 16:29:08,2018-07-17,119ef53bf73dbe83b9e5a2149b8f6137,2018-06-13
d575136ae1384bc45bd2c20dff0084dc,1c6b4de684d792bfa570d23e1f894667,delivered,2018-03-25 17:18:33,2018-03-25 17:30:31,2018-03-26 21:48:00,2018-04-24 18:18:50,2018-04-27,2495af2e14888212e0c3cf553f7f1099,2018-03-25
e67ff3fa4043001cd351f27b12a64eda,71e9ae1fdf1131cc670a51d3b7a03300,delivered,2017-09-18 23:05:10,2017-09-18 23:15:15,2017-09-21 20:07:16,2017-09-30 10:26:40,2017-10-17,783af76d0b3846397388307368e96089,2017-09-18
6fe3414012f04c290481f594b854e6e1,c849ace72771155d3ce3a8aabbabfff9,delivered,2018-05-07 22:52:58,2018-05-07 23:12:40,2018-05-08 12:06:00,2018-05-14 19:36:49,2018-05-24,c175d379d5d15872fa88cc38353c0396,2018-05-07
1dcb1b82de3a13d219b6c84a8ca45b8c,05361832ee98653ec08e7370c4cccfd8,delivered,2017-05-21 19:14:44,2017-05-23 04:15:27,2017-05-24 09:29:54,2017-06-01 17:07:58,2017-06-20,164ba50c15bd1157975375a75bbde58e,2017-05-21
33bc4c72007ae1b6043cdbe5cf1bdd0e,a2b083a1276679c5188e29feb7d4fbe0,delivered,2018-07-17 22:35:28,2018-07-17 22:45:17,2018-07-18 14:09:00,2018-07-23 22:41:21,2018-08-07,56e6c18a2ddbb125db5ff8f5249a17eb,2018-07-17
110fb617059394261537548c8124ee1e,4e99e5342705c1e76c35f51ad0af2722,shipped,2018-08-08 16:37:28,2018-08-10 03:24:37,2018-08-20 10:57:00,,2018-08-28,9f9e45ae79fc301d0418088e0ec91f11,2018-08-08
0f44bed17f819c79f48b9d260406a445,e23daca049a52fb8f925cd236f37283b,delivered,2017-05-28 20:41:16,2017-05-28 20:55:18,2017-05-29 09:47:35,2017-06-02 15:02:33,2017-06-23,04c5e6911ae15e4dfb5606026781c908,2017-05-28
989b311c6f1b2dc47aeec072786f1757,1ffabb4bc9e0be4398c80264d0034d42,delivered,2018-05-21 17:03:57,2018-05-21 17:56:37,2018-05-23 14:58:00,2018-05-25 18:51:54,2018-05-30,37e8c278fd5ca5216496a51f5ffac7d7,2018-05-21
e548f19535ce3b22126e497bcc5d6e16,d564beb5fac0483631d916413f96e666,delivered,2017-07-15 22:45:51,2017-07-18 05:55:18,2017-07-18 20:46:45,2017-07-21 16:57:45,2017-07-28,b49a7ef4e45b253277dc08e8b08e47b1,2017-07-15
19c32126a85a7e87c6bcf2aa99e6ae9e,08f94d51129e9289745af658b2c5e578,delivered,2017-04-02 10:37:38,2017-04-02 10:45:20,2017-05-16 08:17:45,2017-05-23 16:35:33,2017-05-31,cf2e05ce00780dd66ddf509bb04cc95e,2017-04-02
4c5ca9fa9506e544045d6ccfb2ec7b15,33be5c7b3301e5729a5fa7101700a5cc,delivered,2017-08-11 18:47:41,2017-08-11 19:03:30,2017-08-14 15:17:35,2017-08-17 15:14:42,2017-09-04,318dd674b6e789249337a1edca1b0cc1,2017-08-11
9184e4fb03ebdcb5a06a6d1237463ca5,eeb1498af1ef1f5c9c612b6130298f66,delivered,2017-11-26 11:34:47,2017-11-28 12:31:54,2017-11-28 19:51:59,2017-12-14 13:29:52,2017-12-28,0a767212322d4dfce26644bdd620d2ae,2017-11-26
2d28eb893fa75595ccee7c92df0d7ce2,6714247d186f702c0cae25ab661f821a,delivered,2017-08-01 14:47:02,2017-08-01 15:03:37,2017-08-04 17:57:53,2017-08-07 19:17:48,2017-08-14,a7f2cacf4eb2fda5ec74b375eb73ba1c,2017-08-01
63f6e76a9eda18784ab77b51eb55d816,7aa6a1e59e2bdc73c151128d53e9cf5f,delivered,2018-04-24 10:40:06,2018-04-24 18:34:23,2018-04-25 15:24:00,2018-05-04 12:04:19,2018-05-22,e76a742ecbb8201a0d3ad6f9f7587788,2018-04-24
03e53afdd1e98f83636c3fd14562c7ab,e870d0f2d7496ef238b5baef98f03ac9,delivered,2017-12-17 16:31:16,2017-12-19 09:51:39,2017-12-19 21:52:15,2018-01-05 22:28:20,2018-01-18,3d2555c2e4253c01ed592b57b96adc54,2017-12-17
e1b0640460ef6ca7edd7c0039805e515,41c84d249534f0b43f32334adb7ab7f1,delivered,2018-03-12 20:59:48,2018-03-12 21:10:34,2018-03-13 21:59:52,2018-04-16 13:31:30,2018-03-29,88eadf2680b66e0f2a5342383969a8c8,2018-03-12
fe7b642fb30e2a103d1dc36f861b44cd,afe0cb3cef1354ee82317557b902dfcc,delivered,2017-07-20 16:09:05,2017-07-20 16:25:18,2017-07-25 19:39:27,2017-07-26 16:13:50,2017-08-04,a200c0892d6ecc0fe180159be4a61b14,2017-07-20
36e16c2da456685fc88c12da6244c9af,ce7d210eefbdd540fddc0cd8899eead9,shipped,2017-12-12 11:34:41,2017-12-13 02:50:19,2017-12-13 22:38:44,,2018-01-05,546781ac6b1dde59b7d24d2871b1910c,2017-12-12
8566e90365360ba75d5ddc17b90a8b58,528856e594c25f1afc08aba07e40ccf1,delivered,2017-06-25 18:47:44,2017-06-25 19:03:03,2017-06-27 16:28:49,2017-06-30 13:17:41,2017-07-07,83f2c4a2fcfcb40883454ddf8e03bc0f,2017-06-25
7284ecc4524ff324863b12456e842055,3d2b9fa23140627c260894ae1b93663f,delivered,2018-03-03 16:18:44,2018-03-03 16:29:31,2018-03-08 17:08:20,2018-04-09 17:03:13,2018-03-21,d255a5699739c8d08dcc7b279c1f3287,2018-03-03
93ef5624aaaeded1aa197fd63116d902,212cbfc19e38169d798c140e12b0cf02,delivered,2018-07-05 20:33:55,2018-07-05 20:50:49,2018-07-06 10:19:00,2018-07-10 13:14:50,2018-07-24,a8433d54f18a91e73f5faab00afd9a5b,2018-07-05
0a6c8aa5c12b86c6f96308839eb7417b,f56e6a45937a0dafd82c6713cff1e50e,delivered,2018-02-27 23:55:01,2018-02-28 00:10:43,2018-02-28 16:26:03,2018-03-05 17:28:50,2018-03-29,a757d6fab4dc255079371d4673dcfac7,2018-02-27
5f4c10d4bedd746cefe9291035d2f8a4,27c780104447b3e818131d9e17e58c00,delivered,2018-08-04 17:06:08,2018-08-07 04:24:31,2018-08-07 11:15:00,2018-08-16 23:31:32,2018-08-15,a9b8fb0610d44373d5cb1ec155cd25ce,2018-08-04
f9b4c8173a45d1b57d0bcf5400a6ccd4,c45206e382316020fc79fff63278a3c5,delivered,2018-01-10 15:11:29,2018-01-12 22:08:20,2018-01-15 21:15:06,2018-02-07 14:46:44,2018-02-08,5cdb73d2cb4862f0ca6436884e34b3a3,2018-01-10
1422538d5efc818dc7eca4d0b6eb58a7,4d602a31ac00fbf8a19eaec3d2dbd763,delivered,2018-06-03 19:06:21,2018-06-05 03:49:52,2018-06-06 16:13:00,2018-06-11 20:37:39,2018-07-13,6126078cd22189b59a6c99a0c1de452b,2018-06-03
bce84813eb86a81120f6155933af7bf0,a013d06ad531a8aa1f29389a013cdf8b,delivered,2017-12-13 21:20:31,2017-12-13 21:29:23,2017-12-14 21:43:57,2017-12-18 18:10:37,2018-01-02,d72e37623b48c1e2b6c8a4703a73d2e8,2017-12-13
e8208d83bd260fc57b4d889f8883dfd1,6e48d7670ed33717bfa54a210ca49c35,delivered,2018-03-21 19:07:38,2018-03-23 02:10:29,2018-03-23 21:43:56,2018-03-26 14:04:24,2018-04-09,78bf4d6b5371ae61bdfd442f64a1e881,2018-03-21
73df7f271536068cac9f113c9d73cbb0,4d2063ca8a2563066b6c5fea4c9242f7,delivered,2018-08-13 17:54:44,2018-08-15 03:15:30,2018-08-16 11:35:00,2018-08-23 16:32:39,2018-08-27,1d84ae042ab75a74c83ee89130cd9115,2018-08-13
64d5bb1764f742cbecaed917d384da32,8846d3215f703ab414d01bc7c1da407c,delivered,2017-04-20 02:43:36,2017-04-21 05:15:25,2017-04-24 13:43:29,2017-05-05 11:59:59,2017-05-24,876a8881e182fb3a64af97b737cfe889,2017-04-20
f872170fde91c3b0006f1e57ce27b835,abc1fc1fa3830aa1e9279f3e5966ed7b,delivered,2017-03-31 18:15:06,2017-03-31 18:25:16,2017-04-03 12:38:07,2017-04-11 13:15:25,2017-04-27,b3ace3f37470c0ed9d927e15c1e591d2,2017-03-31
bd429f272e71ed50b0adf8defc8d24e1,9fd3cddab06fae6ecf593a31a3842263,delivered,2018-08-07 16:49:52,2018-08-09 03:50:22,2018-08-20 19:35:00,2018-08-21 20:18:24,2018-08-14,a5c3e82a63848cb08546796194121927,2018-08-07
64930a85c555750a1f71af3d49b0c54b,6bdc6bd2a184acd029712b3ab0037565,delivered,2018-05-01 17:20:54,2018-05-01 17:35:15,2018-05-10 16:51:00,2018-05-16 18:10:53,2018-05-23,5f45aa4ef9b8fb99b95d33a970bb64a7,2018-05-01
7079818788ceda52a3142be6aa82dee2,a3ffcd48df3a7d67aa1c42de727bb41c,delivered,2017-07-29 13:29:15,2017-07-29 13:43:42,2017-07-31 17:32:36,2017-08-03 20:57:48,2017-08-18,3dd0e97ea668c962fb9a7383677bd83f,2017-07-29
96b167a5afcb2a93da774f9135bf62db,7a2d29861228940832b9b1063e2581a6,delivered,2017-06-11 06:08:31,2017-06-11 06:15:12,2017-06-13 09:18:58,2017-06-19 19:02:50,2017-07-03,e354cd0f364d9a00df4c4a76591d9e7c,2017-06-11
39fa4236f74ce3cf9427df583375b046,23427ce8578ef103e47c305b7367ca95,delivered,2018-07-11 21:15:18,2018-07-11 21:26:10,2018-07-12 15:09:00,2018-07-13 18:38:53,2018-07-23,1445dccc658aeb4907681059ee30e68d,2018-07-11
5b18e0708f150becd4334b9e3d79fbd4,11929b8d09371bb23f361895802efa95,delivered,2017-10-21 14:10:35,2017-10-24 06:36:55,2017-11-01 23:22:49,2017-11-06 14:56:59,2017-11-16,aade90473bab5cf599dbf4a1d2136eb3,2017-10-21
f7535290d652a7fbf7dc0c271209048a,4f3f8578858df89ed5d3cb18b7c28b80,delivered,2017-10-21 16:10:52,2017-10-24 06:33:29,2017-10-25 22:35:47,2017-10-31 21:32:03,2017-11-09,cefc04261914b0bcec10aab2d68e4afa,2017-10-21
13dae3b277e3fe7e2596f842cbb6d62b,f94919d65319be68cc4e8d6c85c89e5c,delivered,2017-09-01 10:16:49,2017-09-01 10:25:47,2017-09-04 22:57:55,2017-09-05 20:38:47,2017-09-15,a3924db20da12f0e6e449c6c0a9b1824,2017-09-01
ffce02d92a959d8894c8568d7a0f6435,246fdbb2a404aaee6bb5d93190dbf7e0,delivered,2017-11-07 12:23:54,2017-11-08 03:50:25,2017-11-10 19:34:43,2017-11-22 20:27:36,2017-12-06,18fe8848721297d7931b46ff9e6c4bfb,2017-11-07
4b93eeee7d99794a3ea259b23131bb2d,f24453b720f2c68a53cea2a5611670cd,delivered,2018-02-20 09:30:33,2018-02-21 12:03:00,2018-02-22 21:25:29,2018-02-28 21:44:42,2018-03-13,e991a8f1f354196beae5a6843db97f83,2018-02-20
446965992096e4620bf30d170edc3f9e,cd4939a4356f7857c5b698932ee3eeab,delivered,2018-08-21 10:21:58,2018-08-21 10:35:17,2018-08-22 13:59:00,2018-08-24 18:25:49,2018-08-31,ffb7afc48fbeafa4e3518aaaef43b92d,2018-08-21
7de07ec95928feca2cc51d11d2561f3c,9057be89fc10aa537f28280823bc1095,delivered,2018-06-27 21:32:37,2018-06-28 02:15:44,2018-07-03 16:27:00,2018-07-04 20:28:40,2018-07-16,4e09f9ffad4793d2772c79fef32722b6,2018-06-27
75eb4961753a34329f5bcd1b654a7ea4,3ca7ad671477a48e73b2a600a6ce6ef4,delivered,2018-01-22 23:08:38,2018-01-22 23:19:35,2018-01-23 22:44:44,2018-02-14 21:20:09,2018-02-19,0255bf539e958e6f426caa5a0cf79aeb,2018-01-22
4edb04562e9ffe632e82e59f5b6fc115,a9e3f0df0bc6bc24bb620ceea2fb6b7d,delivered,2018-02-22 21:18:39,2018-02-22 21:30:29,2018-02-23 21:37:21,2018-03-05 19:55:41,2018-03-14,07fe7d570e317a7f4b257a9b2ceecc45,2018-02-22
21c9855588b3946347dcaa1f159edcd8,499311489d89baa6ed8f9f9f1f3758b8,delivered,2018-06-02 12:40:09,2018-06-02 12:51:57,2018-06-05 15:01:00,2018-06-06 22:12:47,2018-06-28,601725677c1484660662470921a9f01d,2018-06-02
c477fc53ce47c17b7c9dc786ac9925f0,890a54fef64cc9262ed0ce3a729a2b0b,delivered,2018-08-21 15:13:19,2018-08-21 15:30:38,2018-08-22 08:22:00,2018-08-27 20:15:51,2018-09-10,e86daf283cea342d45723ddd6b84a6cb,2018-08-21
2a2facd836dcb344b5af3736c563b1ac,2543c80010d02dc24fe29ea907085409,delivered,2017-08-23 09:11:03,2017-08-23 09:25:47,2017-08-24 17:27:33,2017-08-30 18:42:31,2017-09-13,e95ef6a47525b391cd55b011dc44a3eb,2017-08-23
8a427bdc7beb440c5e77ef02944b9b75,fa20d10c86952143d6eaefce22d61b65,delivered,2017-11-26 16:39:39,2017-11-28 03:43:42,2017-12-01 21:38:50,2017-12-13 18:13:15,2017-12-28,d1da9d696ea8fd3eb079ddacbfb3b243,2017-11-26
3fc128a8f984d127ab677a04ade63121,e4fad92c84caf0cd752eacadde52d9a7,delivered,2018-02-14 13:06:04,2018-02-15 13:07:39,2018-02-15 23:48:55,2018-03-10 18:03:06,2018-03-14,1a29e9f39d667f12684910a8edc4b56c,2018-02-14
bdc2873154c5a2699958e9246e2a4c1c,8871dbb26f82041149a34614183818cd,shipped,2018-04-04 23:08:06,2018-04-05 22:29:09,2018-04-10 23:37:42,,2018-04-30,4e32fbefdfb0beddd22dd056025b6cfe,2018-04-04
10680478e22d29ed34e872b89144ccda,bc70e8fd63f5af6fc034171eb6dd238d,delivered,2018-05-14 21:36:43,2018-05-15 08:52:56,2018-05-18 12:45:00,2018-06-01 17:42:07,2018-05-30,15283016d137eb24d23f37fa5991c82e,2018-05-14
1ab07c303a5312d4fead8ce3ef6fcdb1,08c09f773095ffbf190840b7b922a4ea,delivered,2018-06-26 08:18:16,2018-06-26 08:57:56,2018-06-27 09:06:00,2018-07-03 09:38:59,2018-07-25,be0302324570b985bfaf4a7258e8fd1e,2018-06-26
889d953454eb01607e1ded9e6c9e1657,febaa0b6a9a58299fe86ab3cc375080f,delivered,2017-08-31 12:58:38,2017-08-31 13:10:20,2017-09-04 13:14:56,2017-09-06 20:28:42,2017-09-18,c02c7590556b24cfd689c111b7759be1,2017-08-31
36b8ca63eb9822b5f68630749ff70e32,389e7165873cd6f31d17f6d5f94fcba0,delivered,2018-08-17 09:07:53,2018-08-17 09:15:19,2018-08-21 08:58:00,2018-08-27 15:55:51,2018-09-11,13efb012003483c7c63f07855c5b7605,2018-08-17
5715c6701d59aadf0e034a4f26264390,25b02c8a74e16eff6d298cd7c24a0504,delivered,2018-04-06 13:49:16,2018-04-06 14:09:10,2018-04-12 01:02:33,2018-04-13 17:36:31,2018-04-18,e18dcd21a72a635a01841e021b7a0b08,2018-04-06
70e7a11b175c444133b3b4e8e655fa52,6efd3977e557c4e2c1ee275282e44dd4,delivered,2018-08-08 08:45:33,2018-08-08 09:05:09,2018-08-17 09:14:00,2018-08-21 00:19:41,2018-08-20,662a3be5a2a1fa880bd1ea2387fd1a70,2018-08-08
7f05caffe3d52e1a609b8dcb957024bc,6922c3afb2cadec30c156c781dcee406,delivered,2017-10-14 14:46:54,2017-10-17 10:49:20,2017-10-18 20:52:51,2017-10-19 20:39:52,2017-10-26,82652537b076c96aebcccf9be1971aaf,2017-10-14
4c3898f5e7ca29c2fe30781d80f88857,746e70218aa146b8a9b9fb2fc5101860,delivered,2017-11-02 21:51:51,2017-11-02 22:05:51,2017-11-03 22:52:45,2017-11-13 12:17:40,2017-11-24,ca1c7b496a7a43fff06ce5004a13be11,2017-11-02
cd1734bd80ae0e3a91f16ea6e3ded326,fc2a36b8a1f2ac0bcc9fbffc3a8f7235,delivered,2018-06-14 02:01:44,2018-06-14 02:57:32,2018-06-15 10:32:00,2018-06-22 22:54:19,2018-07-17,cb8662672b8a33562c7508a7ef1c1fb7,2018-06-14
9f68a07289d60a3f9f253ff96529ca70,3af06309cb6cd6fe4b2c6999a0816161,delivered,2018-04-08 23:54:56,2018-04-09 00:10:11,2018-04-10 19:32:18,2018-04-19 02:04:48,2018-05-09,c1bd5ea6be1372a3905631c7dcdb2aec,2018-04-08
b69bfdde98abccd9501aeba56d887ea5,27e0fd82639175a364671665673bd18b,delivered,2017-12-07 09:45:51,2017-12-07 10:30:27,2017-12-07 20:57:00,2017-12-09 15:52:00,2017-12-26,c5ec599f1da39b118eff2662fdceb66a,2017-12-07
7bf51ca28b0a2718c909eb8296bc98d1,757d1a39e3075c8a41f4111859221b1e,delivered,2018-05-25 15:52:57,2018-05-25 16:21:58,2018-05-28 13:37:00,2018-06-05 18:38:58,2018-06-25,7677d5b25ec18638716622ec7e475c80,2018-05-25
2618381879ed242e21138d73f79374d2,7bf1567e9cfbae7088c756e852d682b0,delivered,2017-10-08 21:18:39,2017-10-08 21:35:21,2017-10-09 19:06:02,2017-10-23 17:25:19,2017-10-31,88bce5e4434ac03dae6320686a7f167a,2017-10-08
ee33d838de5dc1568b5b31d505ccdafb,f20cb49e077065fc592acf65fd03cdab,delivered,2018-06-02 00:35:51,2018-06-02 00:52:23,2018-06-04 09:09:00,2018-06-13 18:48:55,2018-07-13,635686613608e18aa9ffdabeebb187c6,2018-06-02
7d09e4056c3bfda6715955ee27a98e5d,40a0d357c320ac8ed09f3ea83e5aad0d,delivered,2017-02-06 11:06:15,2017-02-06 11:22:06,2017-02-07 15:53:59,2017-02-14 14:05:06,2017-03-03,c2423554a4a2e35af099521000b77742,2017-02-06
1f75a7630a802a5ca4b723d03b2560b4,aeccea6f33964065f73897084dbe2aec,delivered,2018-07-04 20:54:18,2018-07-05 16:35:27,2018-07-06 09:43:00,2018-07-24 21:38:24,2018-08-02,55187363d85f30f921a418a1c5563832,2018-07-04
491f6ec025e763b2fea3db1bf2b9b43e,c5b419242f62a7d1197531f4e4537154,delivered,2017-12-18 16:18:06,2017-12-20 07:18:28,2017-12-20 20:38:53,2017-12-26 18:17:57,2018-01-05,2cda0e652e045b89ae13987cd09a1327,2017-12-18
877448ea783b661571099dbd672a4fa3,95e132f4d2c2698340f5cb26e07e510e,delivered,2018-02-05 15:18:24,2018-02-06 20:31:22,2018-02-09 22:16:33,2018-02-21 18:08:28,2018-03-12,12e9edd8ac86f3dd6e1cf341ee6a9dcd,2018-02-05
f13f5fdf45611c82c2e37a20c065ddd1,20256d1b88643a4f8efaae9213d04da5,delivered,2017-07-10 21:41:19,2017-07-10 21:55:24,2017-07-11 18:24:36,2017-07-25 20:47:47,2017-08-09,ce8ba371d325ce2856f4ef4c99737d7d,2017-07-10
bf63e72c6c17fc3204c0124ce16426d1,38d2b4629523c6df929e8e1ea42d1327,delivered,2017-08-02 11:44:45,2017-08-03 03:05:49,2017-08-03 21:10:58,2017-08-10 18:43:09,2017-08-22,388cb818a56011ff813e5649501fee58,2017-08-02
a0d0610703403a3ae85d5777c8c5897a,50540fa104b2cb99c95d9e5d53efb109,delivered,2018-08-09 13:11:54,2018-08-09 15:05:34,2018-08-09 14:04:00,2018-08-10 15:37:02,2018-08-14,5af79d89508d36628b0796f94afa3fa9,2018-08-09
76b1653b8b73dfc5eee0a0cb25c88801,9cf6af179685dff1f509e350ef36fc9e,delivered,2017-10-23 13:01:55,2017-10-23 13:14:46,2017-10-26 18:03:22,2017-11-01 17:37:43,2017-11-17,03ac635232bad28e0adfd5c551f2efb7,2017-10-23
834f1f6bfd5b32cabaa2d0d31dfcf63c,c3c5566434df9ae3d5c663e4a29494eb,delivered,2017-07-08 19:10:03,2017-07-08 19:23:10,2017-07-12 19:48:45,2017-07-21 18:43:12,2017-08-01,701293338dcef8f3757cd77e87df9dbc,2017-07-08
10bc271bab7798c98b6889a54e45fc8f,08ab4c257d3664e4e28edf27010616de,delivered,2018-04-04 14:18:36,2018-04-04 14:30:20,2018-04-05 16:53:15,2018-04-09 22:56:40,2018-04-20,84b79aa26b530ae73a12cd8ab4de6ea4,2018-04-04
88f162df555c1ba5f45becb23b9e521b,f4496e91712e3a90cd82e287ea53c256,delivered,2018-01-29 09:29:10,2018-01-30 06:53:08,2018-01-30 18:51:59,2018-02-23 19:07:35,2018-02-16,92802a430d942f30dc75c07de3a26bce,2018-01-29
bf59b8c2b20f173069f5304326665611,a12a3ebc7f6266741d29eda03bad1777,delivered,2018-03-02 20:33:02,2018-03-06 03:49:02,2018-03-23 20:48:29,2018-03-28 00:12:26,2018-03-20,9902c46ad9fab975b276b1011269a7a9,2018-03-02
592f7e6106642583c61e25ecf2cb8cef,bd05d079f44e25d2c95a8935c2f83363,delivered,2018-05-14 15:58:22,2018-05-14 16:13:57,2018-05-16 15:01:00,2018-05-17 20:14:28,2018-05-22,cab50507a5bdc9517531cd42a782e9d6,2018-05-14
b591d108e5c3f485635223ddaf07dc36,77f7fce090bc5794f0cabfac948b34c8,delivered,2017-11-17 19:51:32,2017-11-18 19:50:31,2017-11-21 16:26:01,2017-11-29 19:18:16,2017-12-06,670286c3dbfe9a5518aa71f374f3fc29,2017-11-17
91d9b7669f0960199e5d2e42a11b6b1d,c9341f47a1c2979e035e0dbe4e28320e,delivered,2018-04-10 14:36:19,2018-04-13 12:35:23,2018-04-16 20:02:11,2018-04-30 15:56:34,2018-05-24,9c4b003ec162e400d0401ea3acc28395,2018-04-10
1ddedd282e921efe5e3e931f5a1369d9,3fa21fe15c2cc64d69005b41de1fee36,unavailable,2017-05-25 23:08:04,2017-05-25 23:22:35,,,2017-06-19,c3162dab3ff823fcba17f3f8bac73125,2017-05-25
6f79ab44c1626d8b73b8797f179b9c0a,acc03cfdf7d03ee1bebbeb087ec439b5,delivered,2018-01-03 23:46:30,2018-01-04 01:08:02,2018-01-05 16:27:34,2018-01-10 18:25:55,2018-02-01,15245b75c549472df5d8fa5ea84d2471,2018-01-03
fdf53b9c9096b37ec391987b1b5c21a3,bf10cdf5df8679477eeadbff0e3da501,delivered,2018-02-03 19:43:35,2018-02-03 22:49:41,2018-02-05 18:26:40,2018-02-21 21:55:19,2018-03-01,1a1d480287e0150cf2ed5371d28cf2fd,2018-02-03
62903abc3e86fdbe5f815b3d050907bc,b8fd1545c8442745cb56df1c665e5860,delivered,2018-03-11 20:04:49,2018-03-11 20:28:00,2018-03-13 19:51:51,2018-03-16 21:48:29,2018-03-28,51bbd305a947d9ed95dfc4123ae63114,2018-03-11
bb1d699eccd1fe0e0b22aea230eab2d0,31ad6b689eef45fc804eae97be42ca4b,delivered,2017-11-29 20:03:11,2017-11-29 20:10:00,2017-11-30 22:42:02,2017-12-09 18:04:55,2017-12-27,66c01491fef000b3236d813b943aef44,2017-11-29
43925f942d825dff700fae3187ee8e59,28cbc8ed09b002430902c1f2a3bc822b,delivered,2017-07-28 18:33:01,2017-07-28 18:45:15,2017-07-31 18:33:28,2017-08-12 14:33:36,2017-08-29,d96b63776ade418dd3d0b6409e91120d,2017-07-28
e4272ba8b50a19a75e9905e062ddebbe,6db77551e8bc4595a5f1b00859b7bd43,delivered,2017-12-10 22:51:43,2017-12-12 22:50:55,2017-12-13 23:46:15,2017-12-22 22:43:22,2018-01-10,9c5e47793b4497ef26bbf6987ec1e8c8,2017-12-10
3c63400d519c5dd742db492fffc5a49f,3541c8e60ed42dee3390eefb313520c2,delivered,2018-07-07 15:57:22,2018-07-07 16:10:10,2018-07-09 15:32:00,2018-07-14 16:56:46,2018-08-01,29caf1c14d2b55e37c257f2fc5d8c44d,2018-07-07
f7b919c0d2c64a38f645de0bb6f20e4e,8b2aa07f0b53487be833fb71a06df0ed,delivered,2017-11-17 13:10:16,2017-11-17 13:46:35,2017-11-17 21:56:42,2017-11-27 13:05:59,2017-12-11,4c27e0e8e3914d3940bf089014dc95cb,2017-11-17
517c5482beb73742b5f8b08e4197dde6,07c5453d0cc0683141b3b76577d9cb32,delivered,2017-09-08 12:54:46,2017-09-08 13:05:12,2017-09-08 20:02:42,2017-09-18 19:18:51,2017-10-25,5489252feee6939c7874ef05a203c4a3,2017-09-08
8dff71d623cf6a422b03adc61a69368b,d07d27e6b9264d32b36661ace1319d53,delivered,2017-11-15 17:54:51,2017-11-15 18:10:28,2017-11-16 17:37:40,2017-11-18 15:18:48,2017-11-29,332ca41106b2d7aadd5fd4b592436c43,2017-11-15
f3239f4f6c8cdfc9043534b20c0b6179,94747b8a0c77eb8947fecdfa5b717435,delivered,2017-08-06 19:05:45,2017-08-08 04:23:53,2017-08-08 19:32:29,2017-08-21 20:40:01,2017-08-29,81720bfb69887fe95390723af9748e9f,2017-08-06
49ec6dcd0e22a1a2eb4657b5f02046da,a30378a29ac174b9a1a158ce067e1fd2,delivered,2018-04-12 06:29:38,2018-04-14 02:15:25,2018-04-19 02:19:07,2018-05-16 00:28:34,2018-05-11,4b76fbdf24fe046cf33f6a0a55f3e801,2018-04-12
7627cb930af1800bf8aa7275633c9eba,7ac184c768bab5786e54dd40a85f390c,delivered,2018-08-01 06:26:12,2018-08-01 06:44:27,2018-08-03 16:25:00,2018-08-06 16:32:17,2018-08-09,6c570b7fb12e68f0e0cf5dd0c11e74c9,2018-08-01
24ea76bb3b4beaf60ca30ddb12a8ccd7,31d233c035df67b427afd83c727b2653,delivered,2018-01-20 12:12:45,2018-01-20 12:19:17,2018-01-23 01:14:05,2018-02-07 20:59:06,2018-02-19,80f13f66d4314b62b53fdfe112e29f2e,2018-01-20
f2963764a8f4f435ab860e2e8c633d39,64c0fe5df70a219d94954da44e24718b,delivered,2018-04-28 12:41:55,2018-04-28 12:55:29,2018-05-03 11:33:00,2018-05-08 17:03:02,2018-06-04,0743b713491288c714984cedb2daca6e,2018-04-28
360b04a1d5ade05ad883270f2d2580de,cbd521be7c6c73a475630d1807b30327,delivered,2017-05-30 20:39:31,2017-05-31 07:02:44,2017-05-31 09:17:04,2017-06-06 10:57:28,2017-06-26,0892c1b4ceb4a62704abbb711a74c4dd,2017-05-30
1958dfc7a44c7967a1f5339f67db8fe3,8dc42110e8149a83283cb1ade4b2eca5,delivered,2018-01-10 12:57:06,2018-01-10 13:09:24,2018-01-10 20:48:37,2018-01-13 17:26:51,2018-02-01,af037724adaa380eb037626157e8c573,2018-01-10
7bf262f298d3a3e62a691b4bcb82916d,21128c7bab1ce9de02ecd04bee493880,delivered,2018-07-18 23:13:33,2018-07-19 23:05:14,2018-07-20 14:42:00,2018-07-27 13:32:32,2018-08-09,ad39a565c2c4b1aeee3fb7a96e8ed4e8,2018-07-18
374fa6a5abe1f7de3edd2add780eb791,fe7abd700836b4f8d8a8a87624f4071a,delivered,2017-05-28 16:05:32,2017-05-30 05:05:21,2017-05-31 11:04:36,2017-06-05 15:08:28,2017-06-21,2eb8f28bbd03732a4bd48235d8f6f21e,2017-05-28
4056ebb28fca7221561bf47ffaf7451f,9db63dc819326e31364028615a6d017c,delivered,2018-02-10 02:19:27,2018-02-10 02:30:27,2018-02-14 19:46:37,2018-02-19 20:19:16,2018-03-06,ea3f9ba2162d33a56fa8ff315f2c38ce,2018-02-10
b45255a6696ebb8f53915a109a16458a,6c69f878f99ce6a9a5fd91c0a9957d53,delivered,2017-11-01 12:31:43,2017-11-01 13:31:18,2017-11-03 18:51:29,2017-11-09 19:52:58,2017-11-22,ff66d86dd60a80525875a584d0f5d399,2017-11-01
1a496064ceafeee379d9a37e8010e7e5,b588c83bac8f042810bd655d13b1ec2d,delivered,2017-08-28 16:14:45,2017-08-28 16:25:39,2017-08-31 12:22:13,2017-09-05 17:15:13,2017-09-22,34565823cdd9cf8ee5a56ecc8d7b1cc5,2017-08-28
14d669598f68c894de7412ad5b49d724,5e74fdb092ef6450a1a39cfccd73a2d1,delivered,2018-04-03 21:23:48,2018-04-03 21:35:22,2018-04-04 21:48:23,2018-04-17 21:19:23,2018-04-30,0973d5b756aeea942711a5044e8de196,2018-04-03
47c7065d871347ee5eecfddf704fb767,9302bde5262126fe133c527b3736f823,delivered,2018-04-01 21:22:23,2018-04-02 15:11:54,2018-04-04 19:50:52,2018-04-09 18:19:14,2018-04-23,82f4c5b067567555f5786a751bfe81ab,2018-04-01
65643122669afb8b86bd3c945f13a7cc,a1940d4b5b10dad0932c10d510ef0694,delivered,2018-03-23 19:42:13,2018-03-23 19:55:33,2018-03-27 05:47:00,2018-04-12 23:34:59,2018-04-19,a2c877ba98d07d1f58d6794aa92e5cf4,2018-03-23
3d4e6631f372be21b143a5d9aa2326d6,811b12780dc60c0a4554d92353878a99,delivered,2018-04-17 18:03:30,2018-04-18 02:15:25,2018-04-20 16:28:35,2018-04-30 22:31:44,2018-05-16,c4cdd77eb9fe600996d536939b9bbf05,2018-04-17
9af2d38526e268195d2fcfb62a158314,f68312987c796a4b29fa222afa28c4c1,delivered,2017-11-10 19:10:18,2017-11-10 19:27:22,2017-11-17 10:07:52,2017-11-20 22:44:34,2017-11-30,4c7403593a8f583d6968bb15e6ed749c,2017-11-10
60949b693497040edfbbef6045e4d024,82a5bbdd3ce9c1005a71557a3584a6f3,delivered,2018-02-05 12:22:37,2018-02-05 12:30:26,2018-02-08 22:08:56,2018-03-02 19:13:15,2018-03-09,30266c20fb8cbf8c5c1b90c76e9c97ba,2018-02-05
b46846b45a07d12a5553a67d4320ba61,bdf43d2af85fb8be05435a7b551f005d,delivered,2018-07-17 15:30:50,2018-07-17 15:41:36,2018-07-19 12:52:00,2018-07-24 17:03:41,2018-08-01,088bb403a7bf757c144df6b2b3bdd816,2018-07-17
1be21009011f8032ec2932d23966bbd2,fe7cca8488ed19952d43c39f4a35ff89,delivered,2018-04-16 19:43:21,2018-04-16 20:15:26,2018-04-17 18:36:46,2018-04-27 19:11:52,2018-05-10,4650b4a45eed3168dc3155a923cf02bf,2018-04-16
74afb33a8db1143adbf0e62541a4ca25,9e9db31377c20f56f1fbfe611425b5c1,delivered,2018-01-03 08:58:37,2018-01-04 05:15:11,2018-01-04 20:29:33,2018-01-06 16:47:10,2018-01-22,bee9447661df89c9fe8e689ca5c6b2af,2018-01-03
e57a911e022b8f667771dd09d31b9af1,2836f9005cb3054b35cf70739711bda7,delivered,2017-04-23 20:16:59,2017-04-25 08:10:52,2017-04-27 06:46:52,2017-06-06 08:35:50,2017-05-15,4dd43ddd16316a2f26f6e8375f2bc0a6,2017-04-23
5f24553283f2c7a74869675a02035bd7,7a2af63d84fdaa8d3cd5034e5ea09d7a,delivered,2017-09-03 21:25:25,2017-09-04 21:30:20,2017-09-13 11:45:44,2017-09-22 21:50:21,2017-09-27,a84c3a73077cee66f6b30437cf6c921c,2017-09-03
2c48969e48da7da20b6122d12778ea37,c87464756849e9ae28ff65d899ad809f,delivered,2018-07-06 00:22:39,2018-07-06 00:35:12,2018-07-10 21:16:00,2018-07-13 20:22:39,2018-07-25,9ecb4b343d1399dd0fdd1fc3978294bf,2018-07-06
d4dbf57d426f53d8324bdd93b74642ea,14193d049ca7c44a5c2bbb29f43a6f0c,delivered,2018-01-23 13:39:44,2018-01-24 02:35:42,2018-01-26 17:47:50,2018-02-09 18:58:34,2018-02-23,511152350c802fe363fd2417b1a09357,2018-01-23
6a145a0bfebe28cf3c33bffdcc1be30a,2e85f736535c5bc4afcdc3c86b429eae,delivered,2018-08-15 17:47:48,2018-08-15 17:55:48,2018-08-16 15:07:00,2018-08-20 21:48:55,2018-09-03,3452ab2292e6f5f62bba6adf0904d0f2,2018-08-15
d8b354d53fff40dcc80a7e64dbfc2878,0a7db3996b88954c7aa763b5dd621d5b,delivered,2018-02-13 18:20:51,2018-02-13 18:30:31,2018-02-14 20:22:56,2018-03-29 20:26:42,2018-03-15,15637b62dfa4c5a9df846b22beef0994,2018-02-13
63c9a278e2db31d8f1c92babe1b0ae5d,92c7ec0f765c23a7e86b6b96a6b707ac,delivered,2017-03-15 18:08:19,2017-03-15 18:08:19,2017-03-17 11:52:24,2017-03-27 14:34:04,2017-04-05,b824817bedb40fd8ffce42af94d0d159,2017-03-15
ad56333a7f58e14fd80c621db8f6e89a,030770361597328c6dfeffc197915bcc,delivered,2018-03-02 13:03:01,2018-03-02 13:15:37,2018-03-05 22:38:41,2018-03-15 21:14:24,2018-04-10,d44808933847889cc2267526e680bae6,2018-03-02
d2c2a40d9d3d9479b0784a08930ebc75,13be93651c09a42decee6be064c4ee6f,delivered,2017-03-13 23:05:19,2017-03-13 23:05:19,2017-03-14 09:26:09,2017-03-22 11:19:11,2017-04-07,02b7e451968fd1f2793047ff025d18dc,2017-03-13
248b9e7139f9afa6227c51a42ecb915a,e2793697038f61d6ceb3ae89e93d0dab,delivered,2018-04-02 23:45:38,2018-04-04 03:09:00,2018-04-05 00:49:41,2018-04-12 01:12:24,2018-04-19,81d28d6f543e444ae5d57bab7fe69d32,2018-04-02
d9ba89fb1ef0cec7d158b8a2679186f7,baf83ca8fb2533044b834d2cbea4cc26,delivered,2018-02-07 10:24:26,2018-02-07 10:35:34,2018-02-09 22:14:30,2018-02-26 17:09:46,2018-03-07,930ea256316c9a463c05b9cdeda70d59,2018-02-07
8a3c2c90a94d0d385e338f5765a86292,868abd036b449e8e53761765bf59bbbf,delivered,2017-11-26 21:09:26,2017-11-26 21:18:21,2017-11-28 18:51:50,2017-12-18 15:39:47,2017-12-19,232446d0f746e3bd076d1072135e941f,2017-11-26
d155f2e86c4956027b24bb6769cf2f80,b9811e8109305241e41ca136ce24556a,delivered,2018-01-16 08:36:36,2018-01-16 08:50:01,2018-01-17 15:29:11,2018-01-18 19:03:40,2018-02-07,02f2809daffe06aab984d4e8b44955a9,2018-01-16
bbd8e564f8a7baebca36f716fa4ae247,138ebdbd7b3bbf93c029dce0dda3353f,delivered,2018-07-23 11:59:39,2018-07-24 11:32:42,2018-07-25 14:00:00,2018-07-28 17:28:28,2018-08-08,7f1bf15534ff0f39b9a8f072b5b99902,2018-07-23
1693d3b069866bbe03167ef59ecb639e,a688dfb397b2185b971dde35c385ec7a,delivered,2018-02-13 15:08:34,2018-02-13 15:27:25,2018-02-15 19:56:37,2018-02-26 22:38:50,2018-03-20,e3bdae4caa79af1d0c1049d138fb4a72,2018-02-13
320830bbdec047e0eb59a44965450195,103da636b7570853d710e71c1cb4617b,delivered,2018-01-28 18:55:08,2018-01-29 18:51:37,2018-01-30 21:16:51,2018-02-07 01:15:36,2018-02-14,9febf519f61b2bf5cca3f00445a63613,2018-01-28
3a1b7d917cc04f710c5afdd8fbbabe85,de1bf47c6fadd8c028c7834a6ac27a1d,delivered,2017-11-26 01:18:42,2017-11-26 01:35:18,2017-11-27 18:48:05,2017-12-18 18:35:24,2017-12-20,1621f29a853c3136fb67312f5b4e5fdb,2017-11-26
a24d08cc90fa49d3bb3be98d915423e3,fc570b6557c9a63780acb28007d313f0,delivered,2018-02-02 15:52:51,2018-02-03 15:50:17,2018-02-20 21:07:38,2018-02-21 22:46:58,2018-03-09,4274c9d2313a7fbac9703456d8a788f3,2018-02-02
470bd7c916de78d36c5ed1f1990f1c5a,32158399285b7347046a6ab6d19331ca,delivered,2018-08-14 13:19:13,2018-08-14 13:35:11,2018-08-16 14:40:00,2018-08-28 01:06:23,2018-08-31,1367e9f9abcd696769944650c18929c6,2018-08-14
053abf362c2b73b283a3bd5a814320ac,2d44f70281161cbf9bb10e22dfa63fb3,delivered,2018-03-28 07:43:11,2018-03-28 08:15:16,2018-03-30 01:22:12,2018-04-02 16:11:22,2018-04-24,398dee917bb02e71f1fd9653193b2396,2018-03-28
21b9bb429b09c08b2ae81e3ed20e8d2f,e8fe0f56504f85ac492a818a3e659de2,delivered,2018-08-27 15:18:45,2018-08-27 16:00:07,2018-08-28 14:06:00,2018-08-29 21:57:01,2018-08-30,c6760273ff7b02b258153dec36a884ad,2018-08-27
9f8eca0088cfbcac9b37cdb8fe5159dd,fbdc15d3098061f18f82853bfbfd771c,delivered,2018-03-10 11:14:24,2018-03-11 12:28:48,2018-03-13 19:39:30,2018-04-03 00:11:58,2018-04-26,2d2e236f7ebd20cc163b0dc20d0dc0f6,2018-03-10
6a5586aef88bff8c258fec8c11a31e07,cdfc52019bb0d9ad47cddf2ed52ed2f8,delivered,2018-07-31 21:13:42,2018-07-31 21:30:06,2018-08-01 11:45:00,2018-08-09 16:17:36,2018-08-23,0b893f662f1b6f8b4ef8d76d1006e174,2018-07-31
12905797f6a5f67c41d036a0ea9a40be,fd6ddc090d4815733d4ff3ebb14c7d20,delivered,2017-09-17 12:59:53,2017-09-17 13:10:13,2017-09-18 21:04:16,2017-09-22 18:28:52,2017-10-09,d69af9333defdc86d8b41c078c18627b,2017-09-17
d980f50000c27ca36394bcac0cc7285b,7f4c282242a6c95555130ae68bd83a57,delivered,2018-03-08 16:33:24,2018-03-08 16:56:11,2018-03-14 00:58:46,2018-03-16 18:51:15,2018-04-10,1733683b364c9ae287447886ec382ffb,2018-03-08
6287b2bf8c9689868aadfd52c50f1160,32e4bd735156597b566450319760c72e,delivered,2017-06-14 01:00:14,2017-06-14 01:10:19,2017-06-16 08:41:51,2017-06-30 11:09:17,2017-07-11,94de040f16142c2f5f6e399d3a3543e0,2017-06-14
5d23c305abfcdc141c263c99c7dd6b21,3972e71685615c37216988d30a24d4f3,delivered,2017-09-25 12:24:16,2017-09-25 12:35:15,2017-09-27 21:14:07,2017-10-06 21:54:48,2017-10-17,ea956d55005e4c2ea551aa4fbfcc108b,2017-09-25
779c5a7c2cd3e729d3195fce1837445c,e71bc052424770177302796c5867257a,delivered,2018-04-10 16:18:42,2018-04-11 21:09:42,2018-04-17 17:15:52,2018-05-12 01:18:28,2018-05-29,959516ad250b4c7978d15055cb9789e3,2018-04-10
03dffd456132253d009d20fc4a228c9b,1789a9c308d16b63a0d1a496756a6942,delivered,2018-07-22 23:27:13,2018-07-23 12:31:55,2018-07-24 09:31:00,2018-07-25 18:36:46,2018-07-31,4d9a9b75dbd405c526d23aec7920d9b7,2018-07-22
b6b94b1cc59892d36b45ad8df8055206,899f6aa53846ef2f3775f4f4c58336da,delivered,2017-02-14 01:42:52,2017-02-14 01:55:09,2017-02-14 07:39:11,2017-03-01 16:41:50,2017-03-21,929b507323e1b3040acddfeb0c76e8c9,2017-02-14
10aa3224bbb698312ca210f229f91b5e,849f4c3ce60179d983c950271c580b7f,shipped,2018-02-05 16:28:54,2018-02-05 16:52:02,2018-02-19 22:46:52,,2018-03-05,e3247bedce6bd14c7ab8fac16dc46bfa,2018-02-05
3f6833af28b1e2885b8df4899e9aa8d1,d47c8bb51df6f716e196ecd6cd5d2c09,delivered,2017-08-31 17:25:03,2017-08-31 17:35:22,2017-09-01 16:27:38,2017-09-14 22:32:47,2017-09-22,189af2582a09a860e7ebebaec950b0af,2017-08-31
62dd396ac0abf39a27c18f75a5952fca,41ef6a2ec2be4d4d42ac9becc45dc57e,delivered,2017-05-04 09:02:38,2017-05-04 09:10:17,2017-05-05 14:49:52,2017-05-09 15:34:00,2017-05-25,9362cbd9f51b9558657af21b896aa6f7,2017-05-04
c0eeb5703693e76ee775cdbffc8df848,4bfe061af37ee42fb43c06a5a0d795d7,delivered,2018-04-16 22:28:42,2018-04-16 22:50:10,2018-04-17 23:03:20,2018-04-18 23:31:14,2018-05-02,d12a45fa19587d32ead653b21918fcd2,2018-04-16
f016bad9967e9cc4cb4e6337ff50ed1f,adab968330b10dd8f1b1bf395da8d698,delivered,2017-10-09 16:06:46,2017-10-09 16:44:03,2017-10-10 15:43:20,2017-10-16 15:20:14,2017-10-26,6f08ff6eb59c757b3cc54b03d4899387,2017-10-09
2047058984e5864a83158101943495bb,68b62859e3953143b9a370d565e81c44,delivered,2017-07-29 17:28:18,2017-07-29 17:43:16,2017-07-31 14:27:00,2017-08-24 18:58:55,2017-09-01,c2073d2ede0e46fdf6f5c971dfe19924,2017-07-29
9f8cafb0bdf2f13c7d2406c36296592b,b37dfa765c704039a689aed328bdc92f,delivered,2018-05-04 09:02:32,2018-05-04 09:15:20,2018-05-09 07:46:00,2018-05-19 12:48:49,2018-06-08,08a11469ba7bc4bda25392a743f58a70,2018-05-04
7d6c0dec1e6a1670dce5f5d97dad5051,f4db74faf1ab52d4858eaf188673d8e1,delivered,2017-10-19 15:29:41,2017-10-19 15:49:25,2017-10-20 17:48:12,2017-11-03 12:29:46,2017-11-10,57a4605e79df700b6938a91d75637f1a,2017-10-19
020c01e41104519842f8a15605af646c,0fb0919d1c2791fb41c75bec69db8df1,delivered,2017-02-08 13:10:22,2017-02-08 13:22:39,2017-02-08 15:29:14,2017-02-14 14:47:33,2017-03-09,f4bb8bed1c890f3eb2f65a026e8e1b07,2017-02-08
2dacc81722bbde834907930ea0ea3377,7e3b9e64bd08115ec6f24b521207ebd6,delivered,2017-07-27 08:46:34,2017-07-28 08:45:22,2017-08-04 19:47:27,2017-08-08 18:58:13,2017-08-15,d5e5f6ca068aaa55a32d95efbf49c8c1,2017-07-27
78288ea406e8bdc11d35c15f1ac36931,25cccd60b48558d02884cfe4ca56cc70,delivered,2018-05-15 18:06:07,2018-05-15 18:34:44,2018-05-17 11:57:00,2018-05-18 21:42:47,2018-05-30,481060b29de0e9b3d7f4b2991cfb0767,2018-05-15
2663ce3526465b7ee9809428adabdc45,032a544bbe984490f6ff7450e3c8b0bc,canceled,2018-08-30 13:07:46,,,,2018-09-12,eb240714223915add224beff2d844e53,2018-08-30
2262f6e2778c369031168e981215c70d,51d99428b23627a102c5866cf00b7813,delivered,2017-07-17 16:18:44,2017-07-17 16:35:10,2017-07-24 17:39:52,2017-07-31 21:10:24,2017-08-11,ddb8ffdbf7d9b0f26895b6c0712ead4e,2017-07-17
cad42b09c7b0a54df0097a65da14d324,516034d1679bb8a6ea490edb5343c0e4,delivered,2017-05-05 19:06:14,2017-05-05 19:22:20,2017-05-08 11:42:11,2017-05-13 12:12:21,2017-05-30,acb316fa76570bd5ebc4bcd0a24ac497,2017-05-05
e02d3b3c85978cdf1f69221dadf12d21,a3fffde028a099d424723d6be9963459,delivered,2018-04-24 14:24:42,2018-04-24 18:08:31,2018-04-26 09:38:00,2018-05-07 20:16:41,2018-05-24,bf490b02657980e90622dc13885b9cb6,2018-04-24
09ca36d55d4afbcc785cf9def43c9078,d9ee1a7cb4871d90758fec8a1bbbb0b0,delivered,2018-07-14 19:44:35,2018-07-17 04:31:36,2018-07-17 14:28:00,2018-08-01 17:41:14,2018-08-02,d01c8b5aaa4cfc1c329ea2fe7609ff69,2018-07-14
9c84d33c8583db075bc4e9df4e5949a6,8d8f4d670280de0542d35c1513829da4,delivered,2018-05-04 22:12:07,2018-05-08 03:35:22,2018-05-09 12:31:00,2018-05-10 19:05:36,2018-05-14,63c26a0d9a69c9236e0e4fcb7863854d,2018-05-04
8a22bbf4a8d46b845e7b24add6dc5bce,856d87f37ded3711e685ea724e5ca248,delivered,2018-01-24 20:42:35,2018-01-24 20:52:27,2018-01-25 21:56:53,2018-02-05 20:05:52,2018-02-21,b3285dd7fd409eaa193f78dbd67f70d2,2018-01-24
4bb092f397e56a28c0207882c135f5bc,a37aca35a5ff14fefa24de86e12048f3,delivered,2017-11-28 07:49:45,2017-11-28 07:59:29,2017-12-15 01:38:40,2018-01-05 16:19:24,2017-12-22,e1e476f7087435d5e22b6b8a2b5a823a,2017-11-28
5af2c148f1516ec3a6480292f74363f2,53bcd392dd20b57eb9697413d737bf31,delivered,2017-10-26 23:08:52,2017-10-26 23:26:33,2017-10-30 21:33:43,2017-11-06 23:04:44,2017-11-23,361134347c115cfce204ede4b8648e00,2017-10-26
477749bcfe4bc5261ca38dd7fad8859b,469607928798754b49ca3658338a6451,delivered,2018-08-10 08:56:30,2018-08-11 02:55:17,2018-08-13 09:04:00,2018-08-17 12:43:30,2018-08-28,a81d8129eabc9d184da6e894b7655cfe,2018-08-10
f1c1c3cfd14f75b7475d7df0d341d99c,2c2cf42c9a603bf3e1181fe3be2cae55,delivered,2017-08-17 01:02:24,2017-08-18 02:25:36,2017-08-22 14:37:12,2017-08-28 17:04:56,2017-09-15,f467faf6cc412f3a26aa7203e82bd13d,2017-08-17
da8a7bf7ae80c846ee09d610e58097e0,210639025fc2dcf33c3bce7c1dd5ee1b,delivered,2017-08-10 10:39:42,2017-08-11 10:50:21,2017-08-11 18:19:53,2017-08-14 20:17:54,2017-08-23,389ebd00be3fb30c74f222030dd859dd,2017-08-10
6e0eaecee9bbc83b77b4632e6c592963,a612afb529148dcb23632b4059250877,delivered,2018-03-15 22:54:22,2018-03-15 23:11:02,2018-03-16 16:48:55,2018-04-20 21:26:29,2018-04-09,0bec0a290d256c615b0e24be394ca69d,2018-03-15
cd20255d832f391f5913880c91c8ff58,880ee35f3bed690adfc19ef8f257f9ec,delivered,2018-04-12 10:56:09,2018-04-13 12:50:45,2018-04-16 20:08:28,2018-04-24 19:02:47,2018-05-14,aa97bb5a85499769bb2d80cf404c6123,2018-04-12
89bbe8cb725ec2806d48d291eda86d93,0c7f99b2ed02dba92c6ea518906ab90c,delivered,2018-04-19 09:03:26,2018-04-19 16:58:38,2018-04-20 23:03:50,2018-04-24 11:58:41,2018-05-08,0d2d2dc4e760037b354d794b53321cc8,2018-04-19
886ceeb29f5b123632b0f6149a1ed4bf,7807e273d1323e27710c8887ecdd3540,delivered,2018-06-13 16:03:13,2018-06-13 16:20:27,2018-06-14 16:13:00,2018-06-20 19:02:46,2018-07-17,2aeb0dfa26aedb90b657e97b5e32c1fd,2018-06-13
18440dc1eacd354c5c6c6f87747e667e,5212ac438aec2f2e16191db8379dcb2d,delivered,2017-09-14 22:26:10,2017-09-14 22:44:10,2017-09-19 16:58:58,2017-10-01 15:42:27,2017-10-03,0ddacdc0c1731a58953ce37dedeef5b4,2017-09-14
02cdf0f2b05845468fdf0c104e24ae17,01952039ba4abb6c459e7b6d62a69d7a,delivered,2018-08-17 23:24:19,2018-08-17 23:35:11,2018-08-21 15:03:00,2018-08-30 15:37:52,2018-09-28,7f8bac457c1d938d234436386853ed53,2018-08-17
3601e0c7b50fe6de74f3dfd5dc76b122,8fa651e6c34125a822080f2c838ffe35,delivered,2018-05-25 18:15:25,2018-05-25 18:32:31,2018-05-28 14:26:00,2018-05-29 17:48:41,2018-06-12,23b3417588afeb7257e0198634e7aa12,2018-05-25
5f7c5a387a87c6c7a3fefa36dc21929a,f6a7e0ba6be36e5fdf7f15cdb3d21df2,delivered,2017-08-02 16:23:29,2017-08-02 16:35:25,2017-08-08 21:47:32,2017-08-12 14:35:46,2017-08-24,ed480e084c6798511ec82137ec2aadcf,2017-08-02
60de731b89e8c9651392a445b2813ff9,9e7e03debd14a03ed116a37125d8f250,delivered,2017-11-02 09:54:37,2017-11-02 10:06:18,2017-11-06 17:49:01,2017-11-09 20:15:44,2017-11-27,d5d5fef2e7bc65667e835cf8b7d8ee15,2017-11-02
c1546d805c5e0a500643938cfeff117b,8e9978e43a0f61f5ebccf0ab645271bb,delivered,2017-08-20 09:23:44,2017-08-20 09:35:13,2017-08-21 20:58:40,2017-08-25 17:51:01,2017-09-13,3ef15e554fb2f01c064a3a2bde0757b0,2017-08-20
9b4e27fffc39dbabdbd712352ff353df,5a1e5c42e6d73688dfd4597bf24eb988,delivered,2017-05-08 09:08:43,2017-05-08 09:22:04,2017-05-09 09:46:10,2017-05-15 15:26:34,2017-05-29,4d5e9c30fe0d640437fa60e0f25629d6,2017-05-08
e154274f8d5b5bcef8bb9f51a54b218a,3088d567d9a1e008db4e3be276708b80,delivered,2018-02-06 16:50:48,2018-02-06 17:11:17,2018-02-07 20:42:44,2018-02-19 18:47:01,2018-03-07,7ad4c35f80df773844abb3ff3d6cc298,2018-02-06
16e1e21ae459315114f092dc02743dea,0677520cd18a8ae626bd2b7ec8358d08,delivered,2018-05-15 11:14:30,2018-05-15 11:34:46,2018-05-15 19:03:00,2018-05-16 21:18:55,2018-05-28,191bbd423a239c5ecddeac814fff2496,2018-05-15
8e1d1de0ffc6127b3fbda09aba9fe9b4,3cc5f97c46e349492f4de8bb7f9a6c82,delivered,2018-05-03 10:26:05,2018-05-03 10:57:14,2018-05-07 15:47:00,2018-05-09 16:54:31,2018-05-16,fec6726cf0e479fc406d3e81498dc523,2018-05-03
d79d241a5cf403c982409819c8aaaa98,f48bb6ae97f067d5e7341e5de79c70a3,delivered,2017-10-20 11:27:43,2017-10-24 06:35:09,2017-10-24 17:57:50,2017-10-26 20:49:58,2017-11-08,16a3966b35317c09a90fb03fb8508815,2017-10-20
53e134c152888a0bc7fe1da0dd4cee0f,ecbecd6ba589b89e56db7f5b74d387d0,delivered,2018-02-14 11:43:40,2018-02-14 11:55:26,2018-02-15 20:26:52,2018-02-27 17:39:11,2018-03-19,b0ac5b393b78a6e8185fd3acb154748d,2018-02-14
49df96b5d7690592c9cfc2c3c10e9a5a,4fedd71ebdc557d3a1a4bd9375489b6a,delivered,2018-06-05 23:41:24,2018-06-05 23:52:38,2018-06-06 13:04:00,2018-06-07 22:11:13,2018-06-29,8575ff83052d39f28d6df9e3a615ea12,2018-06-05
db04082694e24f9e426fd68f516b46a3,79298f6a8720081178c7741e3eff8216,shipped,2018-05-16 16:49:12,2018-05-16 17:21:32,2018-05-22 18:44:00,,2018-05-28,7ef7e4cd493353520fe3df708dc1cf07,2018-05-16
fa3bef56b181acc039313f37d131a068,a57281cbee552d26ef69b249c2eadbc0,delivered,2018-07-31 13:46:00,2018-07-31 14:31:37,2018-08-03 10:05:00,2018-08-15 01:06:41,2018-08-30,f48ef7d049a41b86550533b5a914fe82,2018-07-31
4557160ef501e35446081b5111d79004,42f665acb231b6747c46d690abda2685,delivered,2017-05-24 16:51:44,2017-05-24 17:05:28,2017-05-25 15:32:48,2017-06-05 16:03:27,2017-06-16,2170dc47974b2f5cfd1e32dfef80f64c,2017-05-24
b8752fc264f1692031237bb715061cc4,217368c0bfd8d50699dfb3f303d4c387,canceled,2018-02-22 16:58:06,2018-02-22 17:15:47,2018-02-23 20:49:02,,2018-03-09,505fe88e18db61affa7c0f8adbeda4c2,2018-02-22
2462c45b710dea677b715637b7716def,fdaa1993171038b32649eaf5ff680d9c,delivered,2018-02-03 12:54:35,2018-02-06 03:48:38,2018-02-07 14:53:42,2018-02-20 21:03:41,2018-03-01,06d6ef0108facd21660d53ac8866b138,2018-02-03
7df3fcf1165828f7300fe1816834530e,5284c4d2691988b1689d22d04a002d34,delivered,2018-05-19 11:11:04,2018-05-19 11:40:15,2018-05-21 14:40:00,2018-05-22 15:22:54,2018-06-08,6e5e0343aae77d33837ab22c8a4ed15f,2018-05-19
6f433e1b5764eb255869aedbee1b9d72,643ae37af3bdfee8f50a9dbba9d2d70a,delivered,2018-01-11 16:23:09,2018-01-11 16:35:27,2018-01-15 15:04:56,2018-01-29 21:06:59,2018-02-14,04d43094c2fbb612be21d8ebde9a7907,2018-01-11
0e577169a545cf287894094d0146feba,ce5a044fc70f03fbe28127390fa27373,delivered,2017-12-20 10:02:04,2017-12-21 02:11:14,2018-01-10 01:28:58,2018-01-19 23:42:50,2018-01-22,ac4df804c642369d0fd3fbac1bb61561,2017-12-20
50f578c4c614fa6e0466f3a624487da8,c0092febd2a5b6716c8955d6a2bc60cf,delivered,2017-05-18 17:33:09,2017-05-20 04:05:07,2017-05-22 08:29:54,2017-06-05 11:23:55,2017-06-09,3b9072e96fda813ffbd59bb8c51d0e5f,2017-05-18
82b0919653c8b121cf8b4beb9eda83fb,036c04b97edba65881be384d9ef54ee4,delivered,2017-10-09 11:40:18,2017-10-09 11:49:48,2017-10-13 13:54:38,2017-10-19 20:29:04,2017-11-03,550be95d95acf4e2d0de916442d1435a,2017-10-09
951465eab40f27ad0841ed050ba48349,ff82a901ab0eb2b99d8f6ce30e975a0d,delivered,2018-04-22 22:07:08,2018-04-24 17:46:25,2018-04-27 14:15:00,2018-05-03 17:51:55,2018-05-17,6dae00ef8ca57839753605ab9bc8df4f,2018-04-22
e01de4bb8dc46ea4d7e8c5ea3afe2f8d,10c1529311141c1bce5e8a4d808b2729,delivered,2018-04-21 09:54:41,2018-04-24 19:09:57,2018-04-23 19:41:27,2018-04-24 20:03:53,2018-05-11,21b2f9fd0f498246c8b37bb40032c6c2,2018-04-21
1726692d7d3bf55b3bf72214ed9e6f7e,693d02fe5397d7acda742a75d955610e,delivered,2017-02-04 13:00:52,2017-02-04 13:15:12,2017-02-06 14:17:36,2017-02-08 14:05:10,2017-03-01,f9a3385a7764e9ff101e0187418fc131,2017-02-04
ba9010430233c7f3cfea464354fed620,39e73876ccb56f80d2ae60b888dea740,delivered,2017-07-24 11:52:30,2017-07-24 12:05:10,2017-07-24 21:06:00,2017-08-07 16:17:53,2017-08-04,05e52c1f96f8b83dd66dcdce679ff58d,2017-07-24
d4bf4c2cae2256d8e92b6ec8f1fd248b,857543e7eeb34537a105aa66e3321440,processing,2017-02-22 21:14:33,2017-02-22 21:25:14,,,2017-03-21,3694dc4cebb05f11c265316d5a93305c,2017-02-22
11920e11fe97283e241e22b84dc6a89d,ca178666fc3dd7acfbb9837d9ab3388d,delivered,2017-03-03 08:34:09,2017-03-03 08:45:16,2017-03-03 09:03:05,2017-03-28 01:44:02,2017-04-03,2143f35e9d8dffecd49d0bb2d860b6ac,2017-03-03
3e6c77a5839517805ed2f8f80e7d9054,a6fe690d5608de5a62f7d88b87fafba0,delivered,2018-06-06 21:29:12,2018-06-06 21:55:04,2018-06-07 14:25:00,2018-06-08 20:28:30,2018-07-03,e2feae83e7cb814bfd71fa89982a9b16,2018-06-06
ea0472e5d6f63e79bfed49785b12e467,412fbdfb8fd10fe210f249a438349ae2,delivered,2017-12-07 22:04:39,2017-12-07 22:12:26,2017-12-09 16:58:25,2017-12-20 13:24:32,2018-01-05,9d89db9d24b9afb804924b560252ce71,2017-12-07
30c6a9aa866d68119430c9679d22690c,065495b7879ad8844fa8f999493906e7,delivered,2018-06-09 21:25:15,2018-06-12 04:35:31,2018-06-13 11:19:00,2018-06-19 02:36:23,2018-07-19,9c64e6a5971a4c6ba2ba6501aadaf3b4,2018-06-09
7122630ed5f706d6cc7faddb780673d9,c96dd2c130f726c251154d10b21c50ca,delivered,2017-07-30 21:18:52,2017-07-30 21:36:07,2017-08-03 19:37:36,2017-08-10 17:37:58,2017-08-22,6419a1be8feac26ec793667b71cbaeb4,2017-07-30
dc32213e0063284eb5f3bdb81c9afbcd,48f43810876d876679cfe34b8cb78a52,delivered,2018-03-15 10:01:20,2018-03-15 10:15:31,2018-03-15 19:28:25,2018-04-07 16:24:37,2018-04-23,f233c2a69bf8e241c53a9b3ee56c8e3c,2018-03-15
f80a2d6485e38a437fca857efb7b1b66,3f1b54aa1bd161f6840b4bf436b47588,shipped,2018-04-11 23:05:04,2018-04-13 12:34:39,2018-04-16 23:35:34,,2018-05-21,f558c96e436275ba3c6ef4a68f6ee9f2,2018-04-11
9a7284f20265daee38fb94a63f91bf98,c7f6ee122d318f8e376cfb4b2912e42f,delivered,2017-10-26 14:45:20,2017-10-26 15:07:58,2017-10-27 18:55:01,2017-10-31 16:12:46,2017-11-14,6b89c00d5f2da8b5d096d31e9a39a6c3,2017-10-26
28b6917cb6d7f6fe0540986342ec6866,da60fc458fbb1d80edcd359e2116d015,delivered,2018-08-01 08:37:07,2018-08-01 08:50:14,2018-08-01 16:00:00,2018-08-07 19:48:37,2018-08-16,4487bcce4f8716df99ebe4fca473acc7,2018-08-01
dbba7ff437dcecd5e70b6ea4bb3ab37b,b939726f0c84b51a4ecd3ff5bd61e314,delivered,2018-01-29 22:44:15,2018-01-30 22:35:48,2018-01-31 22:48:48,2018-02-07 19:16:40,2018-02-21,31f5b8dcd874d8122f97728346a6bc3c,2018-01-29
e7bf6c078fcd0eac3b977d498537e2b3,1ef155243064f7c445c0d8bfaec8e12d,delivered,2017-05-05 13:48:02,2017-05-06 02:25:24,2017-05-09 16:47:46,2017-05-15 18:26:13,2017-05-30,b7f82a696d98c03d1e804050568a99f5,2017-05-05
5505392067e8b24913b7142f3c6489e7,0c1699c37326ecf93e3a029ef1159431,delivered,2018-02-13 17:00:33,2018-02-13 17:10:27,2018-02-15 15:13:18,2018-03-01 22:18:44,2018-03-06,b8d8f590f237077f3240ae6e29cf7fd6,2018-02-13
c9beb1873d3060dba404c5d5628758a2,8af1593e90dc41a8920bcf5e51439446,delivered,2017-12-03 14:41:45,2017-12-03 14:55:32,2017-12-05 00:48:43,2017-12-12 01:49:08,2018-01-09,a5c2fdf2070fa05501be9376ed7c354b,2017-12-03
c33f6b9840953ad210b51a86f6aa13a9,a03851354f0d59c91b9796815d5ec52e,delivered,2017-05-31 15:39:51,2017-05-31 15:50:22,2017-06-02 15:34:59,2017-06-07 09:38:44,2017-06-23,c2e79de2c0a7751e26564a3917f9e86d,2017-05-31
8a42544dd494aebf0d95467be030d2d7,311926aa7d26a97be988107ea7faf602,delivered,2017-07-22 18:36:53,2017-07-22 18:50:18,2017-08-01 19:32:46,2017-08-09 20:15:35,2017-08-15,c2754f1c158e2308eb9c3aa6b3479a44,2017-07-22
71e44b6c5e64fe2f82234724f9ffba2d,8ec0369343ea30889cdd7ae88561b61f,delivered,2017-12-27 23:57:29,2017-12-29 02:09:05,2018-01-03 23:32:27,2018-01-05 13:29:31,2018-01-16,58e2253f083d42930c64ca32b510a512,2017-12-27
a4e56a5d579e9d4268c4cacb5a6e5747,cd866103686af47c76617a55875dbebe,delivered,2018-03-05 13:09:28,2018-03-05 18:31:18,2018-03-06 19:55:07,2018-03-30 02:58:32,2018-03-27,a6d5615d7c30f9394e0107050830bd24,2018-03-05
b9ac97245b38bb678929cfbe68a37a5a,db16867c8fed0a2a0ae4cd8a17286437,delivered,2018-06-20 08:50:03,2018-06-20 09:20:22,2018-06-26 14:46:00,2018-07-04 19:22:14,2018-07-25,bdd6161ef248021de58940666e32ce93,2018-06-20
09514821d13482daa26aadf8c2273e7f,6f3981043130b73e335ccf2b30dbf116,delivered,2017-02-07 20:08:49,2017-02-07 20:22:19,2017-02-08 07:38:39,2017-02-17 18:05:15,2017-03-06,8c88da635cfe8823859dd2819fdb8366,2017-02-07
b01c50f438279f3dabf8b744fa68dacb,ccfba1a75c6b8968105c35b86389bffb,delivered,2017-12-31 10:36:04,2017-12-31 10:47:19,2018-01-05 20:19:53,2018-01-13 12:15:04,2018-02-01,4d5f33d28373cfff5e3385c8a1927fb0,2017-12-31
d614d13ed2aca6884ec736b100a96c50,d6b1cad208edf495d5ef09d969eeb5ee,delivered,2018-06-25 18:29:22,2018-06-25 19:02:10,2018-06-27 15:47:00,2018-06-30 15:28:53,2018-07-13,cc22ee560df02b4c4f088ac4233fa87d,2018-06-25
b19f842d0b61315ace1d5428f07f7b98,c7b204f3ef56183108dce3b69f5a964b,delivered,2017-12-15 19:57:58,2017-12-15 20:11:19,2017-12-18 21:34:45,2017-12-21 15:25:09,2018-01-04,59268ee5dc0cd98a36ea808010826cc8,2017-12-15
0352796ceb3700a87606f6f19b1d20b3,e48c7c057b69c92110eeb16fa5d4136a,delivered,2018-02-06 17:00:44,2018-02-06 17:15:39,2018-02-08 23:33:38,2018-02-14 21:19:00,2018-02-23,fbd832da13b437787d4f6323fe019d90,2018-02-06
ddf67cc31b78ae6a5b969da2158d6bb3,52ef069fa39db50ea9770d2078a74859,delivered,2018-04-25 15:55:35,2018-04-25 16:53:40,2018-04-26 14:19:00,2018-04-27 21:44:31,2018-05-09,4913ffb0f9e2ab781a0ea72127d1bc84,2018-04-25
77ce7f33b46e4a158d452e6ccf0dff14,6311a3c1ac4f50b4d94af47a6cd0e20e,delivered,2018-03-24 16:17:19,2018-03-24 17:08:04,2018-03-26 21:46:59,2018-04-07 13:11:54,2018-04-17,bf49396ee81dcff7bb75995c61faa035,2018-03-24
c76d2d304f60e2fd258910e47c8dc5f8,9fa6f4d5caad5fb2dd00719fd4dfd2a1,delivered,2018-05-12 20:52:12,2018-05-12 21:16:02,2018-05-15 11:19:00,2018-05-23 23:36:44,2018-06-06,0699c67bf57338fea4c2c1a6df0ab295,2018-05-12
26398993ea4ace9cdbaa65c00bcaabdc,131179cafae9c36a207ead0936a05f86,delivered,2017-11-18 12:19:21,2017-11-22 02:36:26,2017-11-27 23:32:21,2017-12-12 17:58:49,2017-12-12,2035dc425578425047457ca6f2cbe364,2017-11-18
371dcdd114490b436dff8fac7d52a928,4f84b7661cfd485a6a01d77cdf0b3a20,delivered,2018-06-27 15:44:06,2018-06-29 02:53:27,2018-06-29 11:03:00,2018-07-11 17:11:55,2018-07-30,f7b20abc33118c708887b631b0cbc433,2018-06-27
8317d8f8a48f752de4f562843083134c,04ce89d665a380f14ab7dabb784ef293,delivered,2018-04-09 10:07:58,2018-04-09 10:30:33,2018-04-11 20:26:33,2018-04-16 18:41:48,2018-04-27,627aa63b0566ed147902c17120483893,2018-04-09
e8782ab91b5bd339a3250f9564b4b168,1154c11fd11d89d487e1ec3f6f7befc1,delivered,2017-04-30 08:23:52,2017-04-30 08:35:19,2017-05-03 11:38:34,2017-05-15 05:00:00,2017-06-02,4dd1caf59616f70584f8759b1f5e0c6d,2017-04-30
bdb1554633e5b5bf1a3b47940263c00b,0be948a55db2c18553bc293d52ca6c61,delivered,2017-11-27 23:19:45,2017-11-27 23:37:33,2017-12-01 18:18:44,2017-12-28 21:35:20,2017-12-20,0f23aa5e28cba5c5d50906a2ff6cbb88,2017-11-27
6a436bfc9dcfaf12d5075d521f38afe9,d3026f8e45f46142dc55f6801ae02a47,delivered,2017-10-03 20:37:50,2017-10-03 20:56:23,2017-10-04 16:23:20,2017-10-07 12:29:03,2017-10-25,7852e5c820eb70532882e6975a66f94d,2017-10-03
55bf73806954eaa4c141c837fc717391,738f964911f73b4c3582dd27a848c6c9,delivered,2018-01-30 22:37:34,2018-01-30 23:31:39,2018-02-05 17:44:50,2018-02-20 18:39:08,2018-02-23,503abf8fed84906d87de8b70d24d21a3,2018-01-30
46cdb9878bdee04146a71668b8c0c5e8,880827853540620bdacd1d7b70d213a6,delivered,2018-01-23 10:27:45,2018-01-23 10:38:34,2018-01-23 18:18:06,2018-02-02 20:18:55,2018-02-20,eb567e1a9f909f80841a59d7294429ce,2018-01-23
e94049a4979c0cca812d339264c0792e,71cc26bc7864619a4a736dd09806d067,delivered,2018-01-31 00:27:29,2018-01-31 21:09:43,2018-02-01 22:38:45,2018-02-16 22:23:02,2018-02-23,3315d8e49b74ffaddbd56646fb5e79ee,2018-01-31
cacd075ead957703244655d22b0cb474,de6707c64119c18cc15bb87e70cafe58,delivered,2017-11-23 22:14:49,2017-11-25 04:15:09,2017-11-27 21:48:17,2017-12-01 23:26:59,2017-12-19,5277f2c18bae9ff7f93aa8118ace6e03,2017-11-23
1d11d88a12def23535f1299d26d8ebda,ca3d413ad083d24db4775381aa24ae54,delivered,2018-03-30 18:29:32,2018-03-30 18:47:21,2018-04-02 18:30:57,2018-04-15 14:52:07,2018-04-23,510b65119e1c7e25ca4043e8fd17e17c,2018-03-30
21098189656e63812f552eeabc4eea79,2ebd75027981cac9bde613ab2de194bd,delivered,2018-01-13 10:28:16,2018-01-13 10:38:28,2018-01-15 17:38:29,2018-01-17 16:15:19,2018-02-01,7f5ee568f55fc408e0002d49a99836b5,2018-01-13
03d81b72be3d0b572b58b215fc156e72,a9f11314b76b5d3662b70b192c3cafbf,delivered,2018-01-07 17:42:11,2018-01-07 17:51:27,2018-01-09 00:39:23,2018-01-16 19:06:39,2018-02-23,3517d49ae177e9d73900471585d2d1c9,2018-01-07
d6db7f667096b9209c177893ddedb788,63469895c7367d40ce7a72e99d8347c9,delivered,2017-11-29 20:53:57,2017-11-29 21:17:10,2017-11-30 22:32:55,2017-12-07 21:46:49,2017-12-15,c51bebeada519f661fbe80b7e038eaa6,2017-11-29
ca956d502f34466301d1268a2df5b0a3,be6ad148cd108f6148d20a8ec756fa1c,delivered,2018-08-03 17:13:19,2018-08-03 17:25:20,2018-08-08 18:21:00,2018-08-13 18:03:39,2018-08-20,30e105cba6d3ced811512c8cf4f50a82,2018-08-03
203a9f020a3ddd0f46400de701b212df,c48f80d49ae289dd9a54abcec2ba76bd,delivered,2017-11-14 16:57:33,2017-11-15 02:36:07,2017-11-17 21:23:56,2017-12-01 17:57:31,2017-12-14,2bca9b243e976aed908e12f74fb30370,2017-11-14
23d16dddab46fd3d06e8d9d27ffea3f5,7fd5064d974b0d44fb17dd7fa58c9ada,delivered,2018-01-25 21:49:14,2018-01-25 22:17:51,2018-01-26 19:21:40,2018-02-19 19:38:33,2018-02-19,042a39e49fdded8c64481a2accbabd44,2018-01-25
08fe21124b36efe247030b7939603f1b,188961c3a59cf2dc947be5a75e4d62ce,delivered,2018-05-04 11:07:13,2018-05-04 11:15:24,2018-05-08 12:35:00,2018-05-09 18:58:42,2018-05-18,43c783f99323669984a2e82bb6509030,2018-05-04
e0162395d367ee9b019d565333294e14,c7ce66c269ffe3278f2ac313bea10912,delivered,2018-06-27 11:57:36,2018-06-27 12:10:14,2018-06-27 15:46:00,2018-07-03 21:58:39,2018-07-24,f19454db53ed99600b306d932296f6ae,2018-06-27
a1c6049bfa9b859edb1f80846a9ca9ea,759563393edced798e28bccca495cde8,delivered,2017-08-17 10:55:04,2017-08-18 02:30:54,2017-08-22 10:09:06,2017-08-30 18:23:15,2017-09-11,d9f409b7a8d71b91e9fa7919dfffdc28,2017-08-17
d3c0d82bf3404b729415987a6166420a,04ae58c675dbb11f51e6c9b23e368c3e,delivered,2018-05-06 14:45:01,2018-05-06 15:10:06,2018-05-09 14:58:00,2018-05-15 15:04:56,2018-05-25,03ad4da45ade1177f901a1af0da11777,2018-05-06
810c62fc6dcbec308df5e90b8add2f4d,4a652b352b855e5e22de8d83490f14e7,delivered,2018-03-21 20:35:30,2018-03-22 02:49:56,2018-03-27 20:05:29,2018-03-28 21:21:40,2018-04-03,17da2889e3f35318e13404eb3db8df4c,2018-03-21
42a64eac09d0a6be5a307753093d45e8,d8690d5619753ee8295c1a1f602d9fc0,delivered,2017-10-25 08:53:51,2017-10-25 09:06:11,2017-10-25 17:02:45,2017-10-26 19:05:14,2017-11-07,b6b13cc209d05fd795b326da3800d9ea,2017-10-25
a3475ffe00b0ffdf1951a56d5a6b8102,40eb5f82c09d34902b3f2425898b93cf,delivered,2018-01-06 17:50:14,2018-01-09 16:30:06,2018-01-10 20:18:24,2018-01-29 15:19:11,2018-02-08,e73e97b69887ff2806910c7f9afeb471,2018-01-06
e1041ca455e08b097d279568b13b22a1,f1ebe3628f15f8a83b0b380accafb017,delivered,2017-03-09 11:09:46,2017-03-09 11:09:46,2017-03-10 14:32:58,2017-03-20 16:42:28,2017-03-30,38e0065e651f28acfafc97253458e410,2017-03-09
fb5903db78c27a8ce31f5840de3c0abd,d77356fcf88bf30395d31a7eb4cc1928,delivered,2017-08-17 14:23:16,2017-08-17 14:50:14,2017-08-22 15:04:18,2017-08-26 15:36:25,2017-09-06,4288ebe93d39f455e4c498659593c5ff,2017-08-17
78e0775b7967227a9d6f00277bed69e2,57b1284ee4544b378d7f1d5cc857815c,delivered,2018-04-05 12:13:24,2018-04-06 03:08:29,2018-04-13 13:48:21,2018-04-17 19:38:44,2018-04-24,3aabe94a40f7ea96cbe29d76aff751de,2018-04-05
d9c27eceb93c734d5711f417a691e904,c3d3e00eb0741f6662891cb94a986ecc,delivered,2018-01-29 14:59:34,2018-01-29 15:18:50,2018-01-31 20:41:26,2018-03-03 21:33:41,2018-03-08,b9e7b5b4ab8e3f97bbc9f79bd5da55cb,2018-01-29
7b4a44bc5f1454fa1a746c97a135011d,5a39e7d39440b67d24d8c1873cb65ab2,delivered,2017-10-29 15:53:04,2017-10-29 16:55:28,2017-11-01 00:47:28,2017-11-03 18:29:53,2017-11-22,38d1001d95e45a038526c06f72bea54a,2017-10-29
b8b88108eac141a885b496b3df46e5ac,39ee7d31641c3f04b65dc46f462ffabc,delivered,2018-05-21 20:48:37,2018-05-21 22:56:35,2018-05-22 19:04:00,2018-05-24 17:47:29,2018-05-29,c7a074db92951000fa0fe4685bedb333,2018-05-21
1f940fc941da73865323a8c30e2871f0,5af24a9ac18ec436b4958257b776349b,delivered,2018-08-13 15:13:23,2018-08-13 15:25:14,2018-08-23 09:16:00,2018-08-29 12:30:04,2018-09-03,568c55c1df1dd77d62d3c93f7d03c58b,2018-08-13
9f26d6e7d343f91817f608ab2cb56cdd,ab2e069dc0a781952e8a2447efda4bdb,delivered,2017-02-10 15:43:45,2017-02-10 15:55:16,2017-02-15 12:54:49,2017-03-02 18:49:08,2017-03-13,eedfc8a4c7d9aa7b507ff355df8135c8,2017-02-10
9eab9b5db2edcd3d67654eea38f74ad9,1edb49f0b83fae7a1c43f9bfca9caf34,delivered,2018-01-09 10:16:34,2018-01-09 10:29:41,2018-01-11 18:23:02,2018-01-13 00:27:03,2018-01-24,54c8e671eacbba7386110ae74a877428,2018-01-09
f37cdd40de53fd4b961aa07433c716fc,474b9f393f2d19999e4a9fc7ce3a898e,delivered,2018-03-02 12:58:20,2018-03-02 13:40:24,2018-03-05 23:07:03,2018-04-05 19:09:30,2018-03-23,aa3bf249b773d47a88cd191c16152086,2018-03-02
42ae5f07337ca05cc783cbf53a52e1b5,999b34c71c1cd291021fc96f67a1e3cf,delivered,2018-07-30 11:40:50,2018-07-30 12:30:58,2018-08-01 08:18:00,2018-08-03 20:32:23,2018-08-08,d57aa7c889167a4a1f47b28bed31c3ce,2018-07-30
08fc1aa23fef732befd3559729544a6a,464c432b9a954fdde0a2620ffed7f681,delivered,2018-04-30 12:44:31,2018-05-03 03:52:55,2018-05-03 15:21:00,2018-05-07 19:51:59,2018-05-24,077542ca1f8cb2df9a6e98c978034144,2018-04-30
e5100188966a71404b1ac65f51487cb4,cad3adb2a6965a5e1180a68ee254e2cf,delivered,2018-06-18 21:12:18,2018-06-18 21:35:36,2018-06-19 13:34:00,2018-06-22 15:21:39,2018-07-05,0134caf89be2059cfd79af28d8bc1e7f,2018-06-18
6b64cb311a0d5baa18bc37ead02d657c,cec5fb258ac2eb3210402449e54f4743,delivered,2017-12-12 10:17:49,2017-12-12 10:50:38,2017-12-14 19:52:13,2017-12-18 23:34:51,2018-01-05,9c200afaf3a89243b54a6ee41d303a99,2017-12-12
00130c0eee84a3d909e75bc08c5c3ca1,47d656c08a282ec5ab4c1f18303a3a30,delivered,2018-06-11 21:17:00,2018-06-12 05:16:24,2018-06-12 14:22:00,2018-06-13 15:28:25,2018-06-20,b5910f24d2483d697b37e3857b621061,2018-06-11
32246337a2acef34f1c9b793e13032d5,7438ff3aefb340ad9c04d0a5b1cec14c,delivered,2017-12-04 19:18:09,2017-12-04 19:30:18,2017-12-05 19:27:30,2017-12-07 15:37:13,2017-12-20,db1dff2c1730fced7d834d9b28edbeae,2017-12-04
81789600931518629cdd008140f7defa,600c7fa664ebe06507a29f2e71d549ca,delivered,2017-11-30 22:34:44,2017-12-01 10:30:59,2017-12-04 20:49:34,2017-12-05 19:24:54,2017-12-18,cbee402ebf27180c0e3a44eef1b0b9a6,2017-11-30
ed6d45b167eb69d46908edf490f396b1,719c87a4b983b44744b888450aad4093,delivered,2018-01-05 09:38:46,2018-01-05 09:48:24,2018-01-05 23:37:54,2018-01-08 21:08:42,2018-01-26,5f890e0742a627d656f806b0f1efa27d,2018-01-05
9cb82a3ae51fb07b957662bdff7a189a,bd985ccb5e83e8fea3144ef00f602de7,delivered,2018-01-03 22:24:40,2018-01-05 02:35:47,2018-01-09 19:06:52,2018-01-12 23:18:58,2018-01-19,19f71f292b50b7beb5d87a037e878930,2018-01-03
02bd92abe094825e0683bacaacb64285,d71c8d46b852f467520c039ceefcc433,delivered,2017-11-27 15:30:19,2017-11-27 15:38:32,2017-11-29 20:32:46,2017-12-14 19:21:51,2017-12-26,543d7fbc0885b5fe85f80169c9d62a7f,2017-11-27
a58702c3d5801746f53c535039460c60,a86d2945cbd7499a32d45c1bd041c351,delivered,2017-11-02 21:53:59,2017-11-02 22:05:59,2017-11-06 23:31:38,2017-11-13 19:12:55,2017-11-29,8b3cba4fdea0b36401a5e0783a0178b8,2017-11-02
51526aa307cfd9cd8d3e9d4fa0c26121,97f6772ce3a8fd0482229a1c57d48da2,delivered,2017-12-14 10:52:55,2017-12-14 11:17:49,2017-12-14 21:22:45,2018-01-09 00:08:13,2018-01-16,018e2017f47d05d438effa6d15061c2d,2017-12-14
3243b6004aa13062aab8b5d81b54fc98,7f230bc3e608f26f8ecaa710abd5d2d2,delivered,2017-10-13 17:21:29,2017-10-14 03:46:25,2017-10-25 18:47:57,2017-11-06 18:23:00,2017-11-13,c3c223cb6c2815575f6011ba39740afc,2017-10-13
b8722b30ef2c3090b0f15cc03481049d,a8d1bf1b834203e8f61eec1192d6c166,delivered,2017-07-19 12:44:05,2017-07-19 13:03:00,2017-07-21 20:57:32,2017-07-22 13:11:57,2017-08-01,cd0ee18792288fc1035d4c572b978d87,2017-07-19
afed4265a8b956d840bc032e54dfccd1,e08f49e30ad8f0c2a6db4d6fc316c841,delivered,2017-07-26 17:22:34,2017-07-26 17:35:21,2017-07-28 17:47:39,2017-08-16 18:45:49,2017-08-23,6a80a86f478a93a5f4c7ba8db6441a6b,2017-07-26
c3fea8c95a1b94af7d629c3c2952334b,16ee708807a1311a42642843b427b00f,delivered,2018-06-02 23:40:57,2018-06-02 23:50:23,2018-06-04 09:42:00,2018-06-11 16:28:36,2018-07-11,56238e115fd05d88a5e9ae565b8c2dbb,2018-06-02
45904bc2f27b4b3d71f27fc638080399,029be5fce165c111d15eb737d28d44b8,delivered,2018-07-18 14:46:26,2018-07-18 15:45:22,2018-07-24 14:14:00,2018-07-25 11:47:26,2018-07-30,4d1373a0fca0b8c03c994eb0aecabc60,2018-07-18
735c97c58832ee67c2f23aa70deb343c,a5c303ce62b6a228d4ff0133f63932c1,delivered,2018-07-21 19:24:09,2018-07-21 19:44:12,2018-07-23 16:05:00,2018-08-05 17:35:36,2018-08-14,76bd899b33276be987ec91428191aa77,2018-07-21
c2682afdb84368351a76f8b0c8cc47d9,8e9d6975c2eed815dcddf57645e28c18,delivered,2017-07-30 12:27:33,2017-07-30 12:43:06,2017-07-31 19:12:58,2017-09-17 16:24:32,2017-08-30,f523f26dbffe20b9e4966210bf8fe8ec,2017-07-30
723ad8c008a67d2af51d205bec0a69ac,8d43602a38aad2e3712856431d9c2f69,delivered,2017-08-12 16:40:39,2017-08-12 16:55:12,2017-08-14 13:30:08,2017-08-21 17:17:03,2017-09-05,d2f86e7867ceb0f4054333653490ea33,2017-08-12
ae3e8160dfb11ba7791e416b096d2525,cc13f005c0fde5c8edb518f1d7f4adef,delivered,2017-08-05 00:19:31,2017-08-05 00:30:18,2017-08-07 15:40:05,2017-08-11 18:32:53,2017-08-29,c935703df1496c229e3754ab0721a69d,2017-08-05
b0200f320613faea21c999a90efa28ab,cb3e59ee986f4594de1982df4ae214f7,delivered,2018-02-10 17:58:16,2018-02-10 18:48:12,2018-02-19 21:42:18,2018-02-20 22:33:02,2018-02-26,5fba1267f14b938597891c1cca2aec83,2018-02-10
16cf9720961cf627fa5911f4e37fc6f9,cc09120bb2e0a1e9473b4d9a2f2d7b3b,delivered,2017-11-25 01:02:19,2017-11-25 03:51:39,2017-11-29 11:36:53,2017-12-11 20:51:40,2017-12-19,f7fcfb35e10e64c56ce0cc67beb0ffc4,2017-11-25
072a8923b88a4247c16f4c0bca2f3177,45b965b024a060a20f35be157bd46415,delivered,2018-01-09 20:47:36,2018-01-11 02:37:27,2018-01-13 02:29:15,2018-01-16 20:53:25,2018-01-26,2acf2d8551f249b2789cec422646aca0,2018-01-09
d5bd26cb62e49fde71c09ef5039cf2f6,5e63d746b7b0811e6e09d7259661ca25,delivered,2018-02-27 20:19:32,2018-02-27 20:30:25,2018-03-08 13:24:50,2018-03-28 17:46:35,2018-04-04,4e30efee78a5719e98c2499691d08413,2018-02-27
2771d3ac1d43785ed9c2fdcb077a87b0,a558bfe4300d0404d6493b278ac18ca2,delivered,2018-02-15 19:33:06,2018-02-15 19:46:28,2018-02-16 22:18:54,2018-02-26 18:58:50,2018-03-12,b87410baa7a6aa6fa56a5eaa52ff2ffd,2018-02-15
99bc267f49d76932cd195bfb2a94dd03,a74d22d1fa7ac7e321a09c49fb1b3b15,delivered,2018-02-26 11:25:38,2018-02-26 11:49:41,2018-03-23 20:44:24,2018-04-03 19:26:38,2018-03-20,a4197eaeabe099da551896138a4dafc7,2018-02-26
7e03ea2749db964d64386d5ba76cad36,b205df5e86441d2b2f404ffc0c762fe5,delivered,2018-08-09 22:58:56,2018-08-09 23:10:11,2018-08-10 14:59:00,2018-08-20 20:51:19,2018-08-27,ace0749d3f5aa3da6928601476742f55,2018-08-09
523b7abdcc8e629f4bc493a9824341f5,bb56c2b674bccae86229cfb114cfa422,delivered,2018-01-15 16:13:36,2018-01-16 03:36:36,2018-01-19 23:04:41,2018-01-25 18:07:31,2018-02-05,7d7aa5c4be05a0443a77a744255c7b01,2018-01-15
5dd4ba32ddd49be56001b6436d8ef44c,574d62d458f862a40cc12c3f41418c3b,delivered,2018-05-16 16:19:18,2018-05-16 16:38:52,2018-06-01 14:03:00,2018-06-05 20:19:00,2018-06-08,a083c28c3702c3fec9bad7af2cd0c38e,2018-05-16
5138967f3495b0b86c11eb58abade91b,305c91e91ba4201b5e1da9f488bf64c3,delivered,2017-08-29 19:54:35,2017-08-29 20:05:52,2017-08-31 11:07:59,2017-09-13 20:17:46,2017-09-21,b4e08a30a49dcf22259b0c1d6ff0b00a,2017-08-29
b277cd83cbc203702ec0b15ca86799fb,ab0ed6d3425b97299131aa272b3cacf7,delivered,2018-06-24 18:44:40,2018-06-24 19:20:03,2018-06-25 13:12:00,2018-07-03 08:51:50,2018-07-19,a4eccccf80e1988ddb8c320acdeac311,2018-06-24
5e889b27fcf62bb902c417303e5f688f,a77cd04603184ba353fd0fd98d4d3aaa,delivered,2017-11-06 16:57:56,2017-11-07 02:31:47,2017-11-08 17:55:40,2017-11-22 12:39:15,2017-12-05,28ce0e637b032b627bbcd5bf6bfcb973,2017-11-06
6212a47660b2565578064374703be19d,fc5f9fa109597cb6c9ff852af942c1e0,shipped,2018-04-06 02:22:15,2018-04-06 11:49:02,2018-04-07 01:17:42,,2018-05-02,1f7f9efb50fb97b69e599f22c6028382,2018-04-06
cdd2a05ff6a4cd9dbb4a63f46f0806e4,543efa23813eb8a5fa5fa5ee959f4944,delivered,2018-02-19 18:32:21,2018-02-21 06:25:18,2018-02-22 19:56:42,2018-02-26 19:42:39,2018-03-05,f5d968c2d0f09b973add9ff944975de1,2018-02-19
91dd5af14efa32795fa00503841506c5,3e3f791730f212dfe837272bd313fb60,delivered,2018-07-25 10:03:19,2018-07-27 02:05:17,2018-08-07 11:42:00,2018-08-14 11:04:00,2018-08-21,d1726b95ae82257fe0e7321949645321,2018-07-25
125065dcda5fb5549b43a1ce085bec63,1622f2d9b3f7674f53e69d66f98e3517,shipped,2017-07-20 16:57:21,2017-07-20 17:10:09,2017-07-24 10:10:01,,2017-08-15,c73261ef32dda71890971fd5fee56b49,2017-07-20
24c78c3d4dc744978c9e4e077d3caf8e,d2a8c832f148746c2ea01272de8bd606,delivered,2018-04-29 16:15:08,2018-04-30 09:50:34,2018-04-30 12:58:00,2018-05-07 20:18:38,2018-05-18,f63c078f03a34e5222ec68a70c3548f5,2018-04-29
25f9ba70a00ea2a3907973a340834885,24c38fd30a0c822c183c67d3720f2c47,delivered,2018-01-05 23:30:03,2018-01-09 07:17:28,2018-01-09 15:34:29,2018-01-11 20:28:43,2018-01-23,d7387efcccf0117830bf9c91913565c4,2018-01-05
6202fea10a6355e22332c7d5a964e401,f1d702f7f5dfd71800d4557053a100ae,delivered,2018-06-06 16:59:41,2018-06-06 17:13:17,2018-06-07 14:06:00,2018-06-20 01:32:07,2018-07-18,3932c5f51186189f8f28f15837d6129e,2018-06-06
7b1c9d44d6e6a5fa56cc9d084f9e1698,86ff70f8d524fc65ed5f59c12384e411,delivered,2017-09-23 18:15:44,2017-09-23 18:35:14,2017-09-28 12:55:38,2017-10-11 20:04:21,2017-10-23,1705858121e505b099a4eeffaeec4b0e,2017-09-23
9720bd5580d585bdc13b3da5a5197323,7a8607339cd00d491766c6c08e2a5c03,delivered,2017-05-03 20:13:43,2017-05-03 20:25:08,2017-05-04 14:10:11,2017-05-15 14:32:36,2017-05-30,035d56643d91dc2de8b9372d07f10df1,2017-05-03
4a1b2eddbc026752feeb5bdc37943b0d,33b28a041517bfa554ac9cf2556210d5,delivered,2018-08-09 10:12:15,2018-08-09 10:55:22,2018-08-09 17:10:00,2018-08-17 00:48:51,2018-08-24,3ba8d36bd11c56cddc1f638858d4bf7c,2018-08-09
2dbb2d54315778065c399a7e83002a57,4368f0421da8cbe3603fc13ee5dec576,delivered,2017-05-06 22:26:44,2017-05-07 22:25:12,2017-05-11 07:24:47,2017-05-16 11:16:14,2017-05-29,08bf80050747f02a7b29b40f967e1f49,2017-05-06
b1e17419a95b98d8710e2354fe7b714a,18063c04b3b271bd41f87d5f2c0300a3,delivered,2018-06-07 22:36:08,2018-06-07 22:56:02,2018-06-08 15:02:00,2018-06-11 18:31:56,2018-06-25,c89b208c9e55fac5662c457de803d296,2018-06-07
7a125641d07db9def010cf07e54913fe,5c666fa03ba6450edbc6a15bf7c5e6d9,delivered,2017-02-03 13:12:29,2017-02-03 13:25:15,2017-02-06 11:51:52,2017-02-15 15:25:48,2017-03-07,9c5b3d90e6fbf8743dcdc6caef354ac9,2017-02-03
81756fe1903a10b2a5fbb3d843382cf0,3f5d541c043d1dc244fc7fb2bbcc9e67,delivered,2018-02-26 14:07:17,2018-02-26 14:29:49,2018-02-27 20:08:59,2018-03-08 18:16:38,2018-03-22,2476158e47757b20c1b5a54735d646f8,2018-02-26
deae800566c689f2a076d37be35e4c7a,a1ebc0ecb085dc9bca51a620eeb15acf,delivered,2018-02-21 17:23:29,2018-02-22 14:40:25,2018-02-26 21:57:44,2018-03-20 12:46:51,2018-03-27,142a163734c48722077a381efdeabd30,2018-02-21
99330d45c3ba6f45ad5745f6de036c5f,223f5e3208f2fa202a8ff706a4d9b206,delivered,2017-10-17 10:16:16,2017-10-17 10:28:18,2017-10-17 21:05:56,2017-10-20 22:05:20,2017-11-07,fe86d9409d83a3c561ce16e64d2d55e6,2017-10-17
85a00341850d3ac099340d190e2ec046,35ff5c9e1014c64117a3b3f4a92fbbb6,delivered,2018-03-14 22:00:19,2018-03-14 22:10:52,2018-03-15 17:36:32,2018-04-18 16:52:32,2018-04-17,0f3bffff7387cb92c6abada7908c6e1e,2018-03-14
85599745768805ce8a4885e5098d0d9e,92bb4e3db74b1a4e1afd9c9dbaf7c25f,delivered,2018-07-30 08:20:22,2018-07-31 04:31:27,2018-07-31 15:54:00,2018-08-07 21:41:33,2018-08-27,8da73d471e36a4e5d8869dbafe7aa522,2018-07-30
0240c9d87266e4cabc3bacdcdc6e77e4,9ff020a259deb59e7cd97016824d8039,delivered,2018-06-12 08:40:31,2018-06-12 09:18:02,2018-06-12 14:18:00,2018-06-18 15:52:15,2018-07-13,8e3524c27a1d5110baf073cb148b005c,2018-06-12
45a3c5cc6bb7e9bb65bcd185df669a6e,3c47494ffc16280758dd950f117cb810,delivered,2017-12-11 21:05:32,2017-12-11 21:12:36,2017-12-15 17:16:37,2018-01-10 15:24:24,2018-01-08,a548e6b90560bf0f780c567186ee9f76,2017-12-11
767ed97fc7b0133058b858a89951972a,d1ff3e388062ad5a81ba9c2b1766e93c,delivered,2018-05-09 09:59:33,2018-05-10 07:15:19,2018-05-16 15:31:00,2018-06-02 15:22:03,2018-06-04,3deb4a6474e67d18f2a230a98fbf2f0d,2018-05-09
938324ab7faf3c0b99fe286fdda92dd5,7100068d2eb190d83a9d751087f9bc31,delivered,2018-01-11 20:40:46,2018-01-13 04:55:08,2018-01-17 00:28:24,2018-01-23 22:46:48,2018-02-05,3ff3f06b6b23ed561eef02dab57b5970,2018-01-11
d5e27d7291d4571c883c69143b590fd5,1bde7825953734db2df2dd6a27cfec02,delivered,2017-11-26 22:49:05,2017-11-27 10:55:17,2017-11-30 16:15:48,2017-12-16 12:36:35,2017-12-20,ca505f00e361296c5d92e01d245671e6,2017-11-26
1b9fa622cb692f6e9d803d4a346bf021,dfbbd201fb084e2ec56f8c93e8cf1421,delivered,2017-03-17 16:47:13,2017-03-17 16:47:13,2017-03-18 10:37:00,2017-03-30 11:14:59,2017-04-07,6abcf0b657d294f0de5e96131b1368e6,2017-03-17
6d78e79c696c9f3be8ef263ead6a119b,a829af0c8a5e125dafae1be7a814f72f,shipped,2018-06-22 17:07:59,2018-06-22 18:16:05,2018-07-05 15:48:00,,2018-07-26,751920d667ce98fcbc28cc75463d8f35,2018-06-22
0b223d92c27432930dfe407c6aea3041,e60df9449653a95af4549bbfcb18a6eb,delivered,2018-08-29 14:18:23,2018-08-29 14:31:07,2018-08-29 15:29:00,2018-08-30 16:24:55,2018-09-04,5c58de6fb80e93396e2f35642666b693,2018-08-29
942667533dd65545cd5c94bf8890170b,a59d43dffaa9ba50678839b373c5253e,delivered,2017-12-11 23:40:35,2017-12-13 16:35:26,2017-12-14 17:25:04,2018-01-03 16:05:06,2018-01-09,6136163bfc09aece0a5979e5602b21af,2017-12-11
b26530f9c2437788f9290f8339dba184,68d6a047603087e91e53b767332e917b,delivered,2018-03-18 22:28:09,2018-03-18 22:48:20,2018-03-19 19:58:32,2018-03-29 16:21:19,2018-04-13,d66bcdc1bb575be02bb35a3f5ddd823d,2018-03-18
44d3984d00152b899eff3953948a0124,9cf795ff93fd465c917a295a67712ea6,delivered,2017-07-04 11:22:34,2017-07-04 11:35:15,2017-07-04 14:27:51,2017-07-06 18:25:37,2017-07-24,1bb02eb35385950b5dace2632164426c,2017-07-04
9f672a6ad991e6e232e91e479ab1d0ef,efd0675fcbdaf56e198a09ad3829ecf8,delivered,2018-05-29 13:30:18,2018-05-29 13:58:03,2018-05-30 11:27:00,2018-06-13 18:38:28,2018-07-11,ea3370e153242a75139a69bbbfa8efc0,2018-05-29
61924caaf0facc4cb3c580d9bdc2f690,fd1f36c6b0aff16b4b3bcc1160db7b18,delivered,2017-07-09 10:26:29,2017-07-11 03:50:45,2017-07-13 19:32:19,2017-07-25 14:50:08,2017-08-18,85b33fdcff5e20584ac9ec8e3c559ea3,2017-07-09
8f4011d8935e9c3e8f9f5a23efa980c2,f4c0dbcdce53f792ca2f96ac9d8e99cb,delivered,2017-06-22 01:03:38,2017-06-23 02:25:28,2017-06-28 15:05:11,2017-06-29 18:33:40,2017-07-17,eaed356b6c0e012dd8f49d71f25c1065,2017-06-22
a8c3f65a43b2e956cbfca10db4300853,c2c97a4df7be5639a8976ed8b8516e81,delivered,2016-10-04 23:39:01,2016-10-06 15:46:26,2016-10-15 12:39:45,2016-10-20 19:14:53,2016-11-24,06bdfbbe1857c3c925ec81abfb1c9666,2016-10-04
83055c0065bec470a99316217bb2b639,db362d7742e55c0f476bfcece3a19917,delivered,2018-02-20 20:10:07,2018-02-22 02:10:46,2018-02-22 22:49:07,2018-03-01 16:07:31,2018-03-12,dc30ff7ce17302325682558693ac4439,2018-02-20
cd8a58a1d0ff7371bf0452763dc5c0fd,665d1ce8d05017886774eeec06243f3a,delivered,2018-04-22 18:12:50,2018-04-24 19:25:14,2018-04-26 15:02:00,2018-05-04 20:04:12,2018-05-21,bce873a0525b226d02c36129ac347a35,2018-04-22
e2e6981a464151382dad2865d02642ed,eddaa8af6d3be5af666176a35718f182,delivered,2018-01-03 19:31:35,2018-01-03 19:46:59,2018-01-04 15:29:03,2018-01-05 23:49:40,2018-01-19,1b2808473483ccc73c02e754ef3bafb2,2018-01-03
3536d74406907f8978513900207e05ee,67757507f4e23de2a1180be9c36a2702,delivered,2017-08-09 15:16:29,2017-08-09 15:36:26,2017-08-11 18:22:13,2017-08-18 21:41:09,2017-08-31,adc57d1eab82c2bdddf588fbcfa53277,2017-08-09
9d4837e9f15d4e57e4783e22786cb407,98303708a4554ac30dd99ed2fb6f9c0b,delivered,2018-02-06 18:23:16,2018-02-06 18:54:55,2018-02-07 16:42:32,2018-03-05 11:08:15,2018-03-12,8dc10e9acb420db970e64b4c99cba7ec,2018-02-06
e047cffc6007a32bed61812f7a9ba04c,4dcecc67ccdc6f75f9b3621310442f75,delivered,2017-12-08 16:02:40,2017-12-08 16:14:21,2017-12-12 19:10:19,2017-12-17 13:57:02,2018-01-05,b200582c3c19d18a1d7e61ec465b3552,2017-12-08
545b9d98685b98a2203d2ba6e56b8e3a,c1c485afcd2871d243f7f3282b3366a2,delivered,2017-05-02 13:35:51,2017-05-02 13:45:19,2017-05-03 12:02:00,2017-05-16 15:56:53,2017-05-25,4993135ea14b0919c5e7460fe33730db,2017-05-02
fa83e155dfa5da681c4754559e6d1043,4a0a9ff7be23502c8356f3b5fbf5472c,shipped,2017-05-20 07:49:33,2017-05-20 08:03:19,2017-05-24 11:55:56,,2017-06-13,1131d0d5f1d88abc31671dc4d50371df,2017-05-20
6966b21d5a0ca10f795dc14508c1b7bf,07d2a5fdbee70f085319ad636a84e6cd,delivered,2018-02-24 11:41:05,2018-02-24 11:55:25,2018-02-27 23:37:01,2018-04-19 22:18:27,2018-03-21,32927bdb3b3304ab6aa053f4072007c3,2018-02-24
db0c4d3804fd0676152a2ac39cf5cc27,45f416cd82ad9c52c6ed085aabf3f203,delivered,2018-07-13 16:11:46,2018-07-13 16:31:26,2018-07-16 14:10:00,2018-07-24 15:52:03,2018-08-02,b53a32305dcc5b178680c54604941dda,2018-07-13
d5413af9e6a487fb5ebbee25ae9495cd,93ad1bfeae11321da2d9daf61e594b3a,delivered,2018-01-12 20:14:48,2018-01-12 20:25:26,2018-01-15 23:23:07,2018-01-19 17:22:55,2018-02-06,31425aca0f7919bee24c8bf5ae647498,2018-01-12
f29d63dc20fad4b72cce6b486876ec3e,b223de141ac675b7317a8a04ff905905,delivered,2018-07-02 21:06:36,2018-07-02 21:15:16,2018-07-05 12:24:00,2018-07-09 14:56:35,2018-07-25,05ba4d5c6f77a2caf887c1f8826dc8e9,2018-07-02
114483c2698c3681197da8cbb87204b8,0d8a449d198d88f6a8df2a7272000cb2,delivered,2018-03-29 14:02:04,2018-03-29 14:15:18,2018-04-03 00:38:37,2018-04-26 10:19:42,2018-04-27,e610b1bd6ce6a51c34ed60f6964118df,2018-03-29
d4b7cee184f5ec6e5819759fd4178b90,6c4595ae9091ec95248b0ee5e91b478d,delivered,2017-03-20 13:32:15,2017-03-20 13:32:15,2017-03-22 13:49:07,2017-03-28 12:53:56,2017-04-27,869be6f00b4c49e72f9a1e2033baa9f0,2017-03-20
0d140a890cdc7ac00c5540b11c5ee93c,a0e08b8248764d911334b7997a7de1d0,delivered,2017-10-10 21:08:34,2017-10-11 03:14:23,2017-10-11 11:28:56,2017-10-13 22:32:35,2017-10-23,b836c760452c9a9995ad085214812c9f,2017-10-10
012dc9e42da722d22e32c618a2521bec,90de167c37925320a60cc9f4cc750117,delivered,2018-04-04 14:19:18,2018-04-04 14:30:20,2018-04-05 17:03:31,2018-04-09 23:41:44,2018-04-16,1946044620cb72ca4f9c439a67bd92f2,2018-04-04
7e405814c829cafee9c827024e3c714d,fdb25935b3091f24524bab7fff017e95,delivered,2018-06-28 21:52:33,2018-06-28 22:10:12,2018-07-03 05:06:00,2018-07-05 15:52:54,2018-07-23,4fd4fefab722715048a1f0f05fbcc3d4,2018-06-28
0a1bbcb7a1af6b58931664e147542a2d,32cb0dc27ceb91adb151c23ba2a3da27,delivered,2018-04-04 14:23:40,2018-04-04 14:35:11,2018-04-05 22:37:46,2018-04-18 21:06:40,2018-04-25,8efa68b647ae5cec2e01b296a5e3aa0b,2018-04-04
38246d20fb91403c9ed13e1aa3c665ad,68362d853bb8306b7fe6862d06575fb8,delivered,2017-08-01 09:53:24,2017-08-01 10:10:15,2017-08-02 12:12:42,2017-08-09 18:45:13,2017-08-25,857ae07258b77102f66e357b983ec5a0,2017-08-01
6432c54782ac5771915214151b143975,e1031ddd53cf80ca70d30d057851aa72,delivered,2017-11-17 15:31:56,2017-11-17 15:50:34,2017-11-22 00:08:34,2017-11-29 20:26:52,2017-12-15,513889ac65a4388b242913bdb45533e1,2017-11-17
d458c1c3490c500eb8ee41abe912626e,aa94ddb0d9628d99374e0ba9a4a077c9,delivered,2018-02-04 12:42:34,2018-02-04 12:55:56,2018-02-05 22:14:31,2018-02-15 22:37:13,2018-03-05,0264a651d41a6d387cf2f061b5f914d3,2018-02-04
46b6b021ac3c927cdf04d4d7533e8759,6ba564b5fa2a2cabf5bc71543320817a,delivered,2018-02-14 12:13:05,2018-02-14 12:27:13,2018-02-16 11:59:59,2018-02-21 16:17:20,2018-03-01,eccafcb4643c3d8e11aed7ba73d7ff88,2018-02-14
9a60aa4f4e624f758ed933742410bf32,9210200fde8b061e36a929721ddcca43,delivered,2017-11-16 12:33:47,2017-11-16 13:50:01,2017-11-17 16:45:32,2017-11-23 23:26:38,2017-12-11,fe39b44c77779c9cc11044af0f7e8b38,2017-11-16
f7f82ee7ff273ef6632f165b3ec2e9b0,ba9add251abd9e0bfba7fcf971d6d9ed,delivered,2018-08-21 10:10:40,2018-08-21 10:35:17,2018-08-21 12:24:00,2018-08-24 23:36:45,2018-09-06,c51153a7f795d40bc5339e446c10376b,2018-08-21
70d6a585155b39ed84fc4cab834764ee,c7833cbd562aa927ed4cadb97a4964f4,delivered,2017-11-02 23:23:49,2017-11-02 23:35:29,2017-11-06 18:46:51,2017-11-20 19:54:33,2017-12-04,592d090bb075fa8fb9d6aa816a3ed86d,2017-11-02
a60cc6832b1b78e7cc684d7c82b1be03,6c9265db41f93fd7cebb1ee9e90506f4,delivered,2017-10-04 14:14:37,2017-10-04 14:28:55,2017-10-13 16:37:52,2017-10-23 16:33:14,2017-10-27,965d473350e68a4615c4804446a50ec7,2017-10-04
1efa3bd33f2a887addccba92edc88340,8ae206912a2afe2c2bc2f1cd3d31cc90,delivered,2018-05-28 17:11:38,2018-05-28 17:30:25,2018-05-29 10:25:00,2018-06-01 14:19:37,2018-06-20,d3d27cd74ef90e977a6f083e7fab7cc7,2018-05-28
eb31fdfb332cea92e0b75fbe92b0a1cd,c13fb77725debf9be5e88e59125fbb0f,delivered,2017-11-26 19:43:27,2017-11-26 19:53:46,2017-11-27 22:26:57,2017-12-12 16:23:38,2017-12-15,54df929c8defcf5055528c4fc49cba1c,2017-11-26
c6f76eab23a24f9d7c56f217debbdb65,5f4c2699f48637b47f98a1ae92bb6bd4,delivered,2017-08-02 06:14:43,2017-08-02 06:25:10,2017-08-02 20:52:07,2017-08-08 20:55:10,2017-08-31,cfa7c07d9ca0c55d47ea3d918ac3f9e2,2017-08-02
02ed129a369c56d40549270ac5900864,a9bb7262db7f75330d596923bcd27be9,delivered,2018-07-02 21:30:10,2018-07-02 21:50:22,2018-07-03 13:57:00,2018-07-05 13:08:49,2018-07-27,6c207e522015abb0a23b0daf07bbe8c7,2018-07-02
685f8172db0440c031fefe2081cbef7f,4b740cad2c22a5ac0556c056c494f478,delivered,2018-06-28 13:32:50,2018-06-28 13:50:35,2018-06-29 12:30:00,2018-07-04 17:37:51,2018-07-30,a26fff917d367b218a794da1eecba3fc,2018-06-28
e17f744bed784a76426455ca2b4f35d0,de011f37c5bc27a59dd1c53efae99e20,delivered,2017-12-27 01:27:38,2017-12-29 02:08:55,2017-12-29 16:42:38,2018-01-05 17:10:31,2018-01-24,52cc3a0597846acfb7d7877ae13f4c3d,2017-12-27
cf1763a6cef94ae43c5fc1d02976d5a3,58c26d9f4361488a9a1de023ad4e744d,delivered,2017-04-14 14:33:32,2017-04-14 14:45:17,2017-04-17 14:00:14,2017-05-02 13:01:36,2017-05-26,5f536571164423b89ce1af9616d011bd,2017-04-14
019543c0de8386be97738b589ee695aa,ee78e2394f33a3bf7e81e1ba6192863e,delivered,2018-05-27 17:10:25,2018-05-27 17:34:47,2018-05-28 14:30:00,2018-05-29 19:27:25,2018-06-20,04c9f042aaafb2430f14e0c3d46c0a68,2018-05-27
1f30fde124ba6ceed74f5e7022b78641,9388d79b88a9696b7c053a52fa57c859,delivered,2018-03-08 12:02:23,2018-03-08 12:15:26,2018-03-12 23:08:50,2018-03-15 16:56:25,2018-03-21,ddd8ececcdcba2e9d4e7be2cd5264f0b,2018-03-08
165c8cb6857ddef74549e79056c60b06,549a9f5b9ac02e302a38f2e14c8929a3,delivered,2017-07-06 15:10:51,2017-07-06 15:23:52,2017-07-07 19:39:02,2017-07-08 14:18:43,2017-07-19,6fa4a159538a27ea01aebaf6b8181967,2017-07-06
c2485fbf261ae20fb834f6679afbed53,1b4d105211b13b833f020c713d4bb56f,delivered,2017-11-16 12:53:23,2017-11-17 04:06:22,2017-11-17 18:31:41,2017-11-27 17:43:22,2017-12-13,09d74edf20acb4f9523fb1cf19a18456,2017-11-16
0849ccbfff0e8fd7168be6a62ca74a0d,0687042f138418a235175398780d7d69,delivered,2018-05-08 14:38:21,2018-05-08 14:55:46,2018-05-10 18:29:00,2018-05-16 15:22:48,2018-05-30,d7c4e552ddae617205019b34bfbf5c3a,2018-05-08
51583e82a02a89f3d5d82954c62f0e03,786f127aaf29002193d526221dd85679,delivered,2017-08-20 05:41:56,2017-08-20 05:50:07,2017-08-21 21:36:37,2017-08-30 21:05:07,2017-09-25,386699025afa0580bf01652b689f16b6,2017-08-20
d0ea601e79bae1c3f0c140aa4bc298c8,76ade414116262df942c67fd9922c64f,delivered,2017-10-04 00:55:00,2017-10-04 01:07:13,2017-10-06 19:37:40,2017-10-17 22:39:21,2017-11-08,9c0b79f2f43829880f2bf5d7ad1131f1,2017-10-04
a00e73405373c561c9df18fa53fb1af2,9f3e6af406a610a1715b84cba194cbfc,delivered,2017-07-17 12:03:59,2017-07-17 12:15:15,2017-07-18 18:05:29,2017-07-31 14:56:52,2017-08-11,81c3483b8db1fea5572055787a30294e,2017-07-17
3dff7447814a5f3da382bcedafa59462,23631c049ed4b436d8a991ccdeb55b3c,delivered,2018-03-30 18:33:39,2018-03-30 19:15:16,2018-04-02 18:08:32,2018-04-03 20:24:35,2018-04-26,8977d000761a2cd46f4c73f0cf079e04,2018-03-30
7419d74066b299f2c4c8640ce5fa8e7d,f1ddb964ad9968d0648753d7970799de,delivered,2017-02-06 16:37:37,2017-02-06 17:41:25,2017-02-07 08:44:48,2017-02-13 09:24:03,2017-03-07,b6357731006bb3d101121df510e50d30,2017-02-06
39a304edd15b91acd82d65b785e84a76,7e0a09dfdea272201984dfb23d0ed999,delivered,2017-06-09 14:08:53,2017-06-10 03:03:51,2017-06-12 15:44:57,2017-06-14 14:44:09,2017-06-23,cfc6c3f279bf1c75134f33d45836a7bc,2017-06-09
b80154273cbd7248eccd7d13128b99c0,8efe3040c4786f06898cfac0e9e99627,delivered,2017-07-24 17:18:40,2017-07-24 17:30:21,2017-07-26 18:24:43,2017-08-03 19:22:47,2017-08-16,5d51fea7ae871a6e6efa2cf0bbb2e620,2017-07-24
4c38dc6e460b5c6de2b1acf65e646cdd,31bc2ab4be7965c0d6c9c1852ad9875a,delivered,2018-04-06 14:59:25,2018-04-07 02:47:56,2018-04-11 10:52:27,2018-04-14 11:39:25,2018-04-25,3415bd0630b0fae4e0a1b3c86d99dda3,2018-04-06
e5b57b95d37521ae98578f0d22af3a2b,b619eb6a180984678e8c1165e6b3ea90,delivered,2017-05-15 20:22:26,2017-05-15 20:35:15,2017-05-16 12:54:55,2017-05-18 17:01:12,2017-06-02,f7e1cc2b8324beb4a8fee3d167939d9e,2017-05-15
80e2b63fdff0ad53daef256e9b0f2c8e,26200259c9bba6e2708558f225ce4ed6,delivered,2018-04-26 00:13:51,2018-04-27 00:13:14,2018-04-27 12:54:00,2018-05-15 14:46:55,2018-06-01,02068e4fb8a2f9434c60eb29751b0783,2018-04-26
f2b620afa1cd911f5bce90e1f9646760,29a1a69307bc6be09b16df522b56b397,shipped,2018-01-04 20:25:12,2018-01-04 20:32:29,2018-01-05 23:53:37,,2018-01-26,0c6983418e55ee0102b041fc8ebfb475,2018-01-04
17e73283864f2c7bbdb6856a2b7bc13e,7b4728d74f0ce27ff4e8da81a5891c47,delivered,2018-06-11 13:57:23,2018-06-12 08:41:33,2018-06-12 13:06:00,2018-06-20 19:26:39,2018-07-13,78a038d19f31c40c5dd68c112ca00ad1,2018-06-11
a00f891df81b2ee87c6c5eb73c81c571,60f4e882b701ca5aea3378dfd8dc55d9,delivered,2017-02-08 21:38:50,2017-02-10 02:50:14,2017-02-10 10:41:12,2017-02-14 13:07:42,2017-03-07,99ec5a3a454b7b0207830f7d3829c014,2017-02-08
e4d23e4aa01e7ed940ad8a6c2e94934e,3444b6df29161fdf7e00469f6f79693d,delivered,2017-11-25 19:58:38,2017-11-25 20:11:24,2017-11-28 13:19:09,2017-12-01 18:58:53,2017-12-11,91687e2315fd578c976f37533a7d597a,2017-11-25
f8be452a84b539d25445efac063ac421,83ec2d588690ad4dffcd98fc9565478a,delivered,2018-07-24 18:59:11,2018-07-24 19:10:16,2018-07-26 14:25:00,2018-07-30 15:57:37,2018-08-03,497d7d98c6a7402c8014f15d15afbd5a,2018-07-24
0bbb3f7791a87d0307555e57da3a1ff1,126e796f3f459d75233ffae11eda5001,delivered,2017-04-11 09:24:49,2017-04-11 09:35:16,2017-04-13 09:17:02,2017-04-20 09:19:39,2017-05-11,43128f4462af59091a28f9141a3ee7ba,2017-04-11
45a410b9ee5e2362f406a525457778f9,4c685d2c689e0df1c31d74028b5efebe,delivered,2018-07-24 16:00:02,2018-07-24 16:40:12,2018-07-27 15:10:00,2018-08-02 21:50:53,2018-08-16,4cc309a4c2f94e0909af0cfe2af70d19,2018-07-24
b73c273d02a8045c60df03ae7c03dc4b,7aea4c1a850cf1f179099fa1c85e9c51,delivered,2017-07-05 22:24:44,2017-07-06 03:30:13,2017-07-06 14:27:36,2017-09-05 15:51:55,2017-08-08,b5baa582db90d336a8a7a88fb6598a9e,2017-07-05
559d83199eaa46854cd06da9ce8961fa,ea032836b7a4b823d5c06b196f1ec862,delivered,2017-10-14 02:23:19,2017-10-14 02:35:08,2017-10-17 14:12:52,2017-10-18 19:32:42,2017-10-31,6c46587f38bbf7e09d3df72975547b5a,2017-10-14
2dafb4132a26189c56b5443762cba44e,83d4314403a6ecbafa4bb78d58299b94,delivered,2017-03-19 23:57:08,2017-03-19 23:57:08,2017-03-24 10:12:17,2017-03-29 12:48:33,2017-04-10,53e69b2a5ba76416396617bcc7ecc7f6,2017-03-19
d234a970b741b7ea0578de7dd3dba128,22e295fa2af8d7eed44d5821a7a76dee,delivered,2018-06-01 13:15:11,2018-06-05 04:12:42,2018-06-06 14:41:00,2018-06-16 00:27:53,2018-07-16,deb71d84454ad73ea2920c212bc0c121,2018-06-01
12661e88e7fb495c59a6db6050546e4d,45cad50122c68fe993f875925eeb8854,delivered,2017-11-24 23:22:56,2017-11-25 02:14:54,2017-11-27 22:38:54,2017-12-07 21:42:16,2017-12-18,7031ce0a91865d9dc26af671eb13231e,2017-11-24
813c637484948baa6c0e02abefc2a204,7510cf46e51f644b27b79e938c1c1ae5,delivered,2017-10-14 11:08:24,2017-10-14 11:26:05,2017-10-19 18:47:42,2017-10-31 18:10:02,2017-11-03,d9b2fdebb3f293e4f8eeb174c035cc2c,2017-10-14
f3d92b10debc6571287fc47b1b077003,d0207bfb3658030a07c672bf3bbdbe21,delivered,2018-05-14 16:36:05,2018-05-14 16:52:51,2018-05-15 13:59:00,2018-05-22 20:14:51,2018-05-30,78a0319382823cbaf923a37264d3a736,2018-05-14
dfcde524471a02bb09be29951cc089bb,1e8e1c62473f56df55197028a8b67324,delivered,2018-05-24 16:01:40,2018-05-25 08:36:52,2018-05-29 15:36:00,2018-06-11 20:18:19,2018-06-26,eeb1bee15691f9dba515e9bac3b75a7a,2018-05-24
23d5d28c2bf332ea0034ec9ec17437f9,b3aa19f75c5aaef3e8d56ec06ec8b4f4,delivered,2018-07-30 13:12:38,2018-07-30 13:30:12,2018-07-31 12:44:00,2018-08-07 19:21:37,2018-08-29,ac98f91383b2ac5a528ea7e7a363f969,2018-07-30
f3775ff29924bbead0a149bf8614c39d,9384cf5d0f851996fe73d99440add186,delivered,2018-08-20 22:17:11,2018-08-20 22:30:10,2018-08-21 15:38:00,2018-08-23 23:48:32,2018-08-24,cad23192ddc7d98303b035f2a0151673,2018-08-20
92d731517f17c26f16182d45498c4c3d,95c44daefa7bfb91c6bb0665a0cd22fc,canceled,2016-10-05 11:23:13,,,,2016-11-14,623b94cac35b6629e4a77bd398beca52,2016-10-05
e2daa9281728e47abae1c8799a4abd9d,f36aaf634475955f4c50e193961ca70d,delivered,2018-05-28 10:54:42,2018-05-28 11:13:47,2018-05-29 14:45:00,2018-06-01 15:32:03,2018-06-20,8a51de718cd2d196ee3044eeac75adba,2018-05-28
6a333077739385e594ea01b12faf9323,d78d9586e8895b302072d5438ae4fbf3,delivered,2018-01-15 16:29:22,2018-01-15 16:51:07,2018-01-18 12:47:35,2018-01-20 15:48:34,2018-01-30,a130e5a33d993cc5ef3fd6fbfb539406,2018-01-15
35c4b628dd86b372a3382436139c22ac,b876bd1457c8275a8bb42728d0476e1f,delivered,2017-06-29 17:20:54,2017-06-29 17:30:16,2017-07-04 11:37:51,2017-07-10 18:49:32,2017-07-13,3aea245d9232e5ed478003b4c7c0befd,2017-06-29
bbcd8e46520fed222134c829d40f79a6,6d5d8bf0bd779f372db4ed11ca72b514,delivered,2018-05-01 11:09:04,2018-05-02 12:55:12,2018-05-02 14:20:00,2018-05-17 18:18:34,2018-05-24,c7857120b6ce21cfc0a1654d4397eb9e,2018-05-01
63a3eb68025b31c84a0bfca8a8b27ec3,b34dffef04a2e8ecce637601e7733dfd,delivered,2017-12-22 12:36:18,2017-12-23 12:31:26,2017-12-27 12:59:09,2018-01-05 22:17:04,2018-02-19,1837c1fae016f1f0aedaae13fe6c24e5,2017-12-22
c5f8207301eae78cb829cb3df3755196,81ead83512b812f9a51a8a268c76af48,delivered,2017-11-26 16:17:07,2017-11-26 16:35:59,2017-11-27 21:29:00,2017-12-06 21:49:47,2017-12-22,08df07ff6574d51d83d540a3b3e17aa1,2017-11-26
acba89405234491dd6704dbf3fd8f653,d09e32e1434fea56e44cb50f5e339c04,delivered,2018-05-14 09:49:58,2018-05-14 10:12:29,2018-05-15 14:25:00,2018-05-18 20:24:45,2018-05-30,d4e908ac03632e2c7f609dda2d9c036a,2018-05-14
617e9e939fe662eb114540a7d2008eca,7d5f98d04443ed87f53433191d7676af,delivered,2018-08-06 15:09:17,2018-08-07 04:30:27,2018-08-07 14:22:00,2018-08-14 17:57:37,2018-08-29,61f40a85864a53d307fafcf1b627c96f,2018-08-06
0741ee0ba3cb46d86325be2879e18706,2fcfc9d4b333b0b81e5d3ce23d6d0ba6,delivered,2018-02-21 08:52:11,2018-02-22 08:48:42,2018-02-23 19:22:54,2018-03-08 15:25:26,2018-03-20,ed84bb23be6213ff342be84da0126c62,2018-02-21
dec5a901a17fadd6f6c3e62b5bd36bf2,a4e18e14c32019f5f66dba4c4db390fa,delivered,2018-05-16 18:19:42,2018-05-16 18:41:51,2018-05-17 10:15:00,2018-05-22 12:38:50,2018-06-05,0e1519a14cd69b1bdf6d48ada1c0ce9a,2018-05-16
fd6a51f9eb40dd4bca270db2bd18aae4,45d0f33f9a4e1688ceefd7a8fc7d54d9,delivered,2018-03-08 17:10:52,2018-03-08 17:30:32,2018-03-09 19:32:00,2018-03-20 20:38:45,2018-03-29,e124b9e1d9b7e2da7851792e2cfd7e90,2018-03-08
53036d8a739a905871d7f0096fa3b339,fb4b4cb8bda9db9b27e86ac7865d4e7e,delivered,2017-11-26 22:16:15,2017-11-26 22:33:46,2017-11-28 09:18:35,2017-12-01 21:14:33,2017-12-18,4809ad05ee38cba6a7d06d6df9fc4b42,2017-11-26
1b46c5cd349b4c1e7bda383bb8d64731,9a3f52e1bec201f8966f6d0a8faddbb4,delivered,2017-07-17 21:48:20,2017-07-18 21:55:10,2017-07-19 19:05:31,2017-07-24 21:32:44,2017-08-09,919ea99f96e6aeab15e0cd635da849e0,2017-07-17
d028a64c05f08a92c571f7c90337dd1b,25f26e7600734a0927afb2767ad3286d,delivered,2017-03-29 09:03:28,2017-03-30 09:10:14,2017-03-30 14:18:37,2017-04-03 13:37:43,2017-04-18,228da00b364476eca42f4abad1b99597,2017-03-29
1742b3c36c990766100378e610fe957e,46ea3c538b5686fe4cb8a62c8fa06dae,delivered,2018-01-10 15:19:50,2018-01-10 15:30:30,2018-01-11 18:09:46,2018-01-26 16:45:49,2018-02-09,f01b4b96ae0652705993e6ed8451996c,2018-01-10
8455db911d020aad3cc78b9fad423695,018346fb20f70801a88a7b8c6dbc2e31,delivered,2018-01-10 10:20:38,2018-01-11 02:35:53,2018-01-11 18:10:41,2018-02-06 21:56:02,2018-02-09,ead836024f59595707c0fb51d9c3463b,2018-01-10
80a16d66483cba1e11bd7f56a3cc175d,d3742082e769c6467c320bdd7b9d059b,delivered,2018-07-26 15:57:48,2018-07-28 02:45:22,2018-07-31 14:00:00,2018-08-04 17:47:37,2018-08-07,1970968ddb1d98f965f367ee7843bcb3,2018-07-26
fbfc97df1457d7d38a31cb4ffd994f6f,10693241cdb6f6538e240723a250a957,delivered,2017-05-03 11:24:08,2017-05-03 11:45:50,2017-05-10 11:13:24,2017-05-16 11:24:00,2017-05-24,55028e8e2480d63481e17e2966920266,2017-05-03
0640b06b89343b8b664b6ddef40ba020,93be387010f0b00896cf0d40d5921885,delivered,2017-11-04 00:36:39,2017-11-04 00:50:21,2017-11-06 14:43:02,2017-11-13 20:32:41,2017-11-27,2547d56bb668d0543d4902cf3f2e7515,2017-11-04
d5d389d5dac0ca10a385e00351eda2d6,3622d0c6239c84a8b1d7798a0410aa3a,delivered,2017-04-24 21:46:59,2017-04-24 21:55:21,2017-05-15 13:23:15,2017-05-19 13:31:57,2017-05-23,7ee97a21d1cf250a5f580051d2a9a1e7,2017-04-24
a4d541965fdf41f59fcbdd53630627b9,3e4cc55b37b733a77f767349b2d350db,delivered,2017-03-06 00:54:20,2017-03-07 04:10:16,2017-03-08 10:42:02,2017-03-13 14:23:53,2017-03-24,26c0bfbdd892ad1e329c86c7cb975b70,2017-03-06
f1ce104562bd756dd17eecf2a55766bd,68364d8b890d0237a0b34a62910e9309,delivered,2017-12-08 08:15:50,2017-12-12 03:49:38,2017-12-13 21:10:30,2018-01-10 23:52:44,2018-01-05,424336b3be9575c9265c4ccdec2e754b,2017-12-08
0c77e9308e3c15bbeb6c16405a2da080,ae632365142083e22587dcd1553a1cdb,delivered,2017-07-13 18:19:24,2017-07-13 18:30:16,2017-07-14 15:09:24,2017-07-21 19:26:49,2017-08-02,411305558a54b83e5b855784de815e15,2017-07-13
5e70bcf826ffb41fbf68e94ba929635e,7100e029840cace5a1d56ccc75b83ccb,delivered,2017-05-06 16:59:23,2017-05-06 17:10:18,2017-05-19 09:37:47,2017-06-23 11:44:40,2017-06-02,f59e3e14cfa2eb6f8865aaef2fe83acf,2017-05-06
638c43326cd8c7403a2bf818e46b779e,b22658c153336a249dd82bae710c2f9a,delivered,2017-12-01 16:19:38,2017-12-01 16:40:34,2017-12-04 22:09:39,2017-12-24 10:28:02,2018-01-02,f734a4e29dceee80c8f0a7e318d6ad34,2017-12-01
601d20f33163e575f4eb9704e3730c1a,41b73e4199c7fb14607fb96d55cfbd8f,delivered,2018-07-05 18:35:55,2018-07-05 18:51:11,2018-07-06 11:15:00,2018-07-13 21:26:26,2018-07-19,8010e45d033ddc3d9ceeaf0c1b9b9b16,2018-07-05
41fda9edc88497c311e7ef6d4f79f934,f39b60f54b475d95d610a8f3f279c0ba,delivered,2017-12-27 12:03:40,2017-12-27 12:10:29,2018-01-02 15:35:24,2018-01-08 15:30:12,2018-02-01,00a1c6913daeda0b7f9b79f802805fdb,2017-12-27
91744dee3192bc28caf20eaa3c2251ef,e1f8dc9e6f8e31d52490a40ebc94572b,delivered,2018-06-17 12:05:55,2018-06-17 12:19:29,2018-06-18 10:03:00,2018-06-28 15:40:55,2018-07-16,f35ded9465fa60296b1cdc9559fe2870,2018-06-17
723e504b15ea4fbdaf6b550717c24b93,d1b1af901bb696f338aaea3d11dde886,delivered,2017-12-11 20:08:50,2017-12-11 20:30:11,2017-12-14 01:23:57,2017-12-21 19:32:45,2018-01-04,0a50874fe3c2ad5fdcef5725dfdc6525,2017-12-11
46ac11dfb657fb82eed780478f2936c7,db1ee26300ce7bd14b6aba2b822c31cd,delivered,2018-06-24 20:37:01,2018-06-24 20:55:04,2018-06-25 14:31:00,2018-07-06 19:07:54,2018-07-25,149a9fccb1f3f7d7cd660efee898cf50,2018-06-24
00f324f6ec332cd73ef8be4888573662,e067722fcbc90ea29be6932c863fea87,delivered,2017-06-29 21:47:27,2017-06-29 22:03:39,2017-07-07 18:04:34,2017-07-17 19:57:42,2017-07-25,fad38f61bf94f5c7e3509e5fc4c7eb6d,2017-06-29
0d5496b5cfdb09d8276c5234c42585da,c623bda1dea517d87d913ae3260a32d3,delivered,2017-06-07 21:41:14,2017-06-07 21:55:16,2017-06-08 12:46:46,2017-06-09 14:25:42,2017-06-21,c4a0d8b7f956907f32bb028cb80a64f3,2017-06-07
ee72cc3828a08dc0672d88d212db3452,c5588c8e646c1dacebdeed67ce6c2020,delivered,2017-09-08 12:12:48,2017-09-11 07:06:03,2017-09-14 19:34:57,2017-10-05 20:14:08,2017-10-06,68ce615157570698fb2aeafb819dba01,2017-09-08
43acf8b2268f1586cf4eea1d99aba08e,02d5496b9b45a41b93e234d3a92eea0e,delivered,2017-11-26 07:54:11,2017-11-26 08:13:17,2017-11-27 20:26:51,2017-12-06 19:37:11,2017-12-27,a7c14e93bbe5b0fa949c03c3c1eecb26,2017-11-26
9ca767bff71e0db7ad334bde5f300c2a,17f0bf3ee55a47f1300daff51d479b1e,delivered,2017-11-16 17:02:35,2017-11-17 21:15:49,2017-11-21 17:47:45,2017-12-01 15:14:32,2017-12-12,d85a7ab6795106ecbb0d410538be4f3c,2017-11-16
178955fdb788182bcd71cb34542b1067,18af9e4b5bd9da0a9c658e1226e621cd,delivered,2017-02-13 15:30:37,2017-02-14 04:10:33,2017-02-14 15:57:20,2017-02-23 10:47:47,2017-03-16,800cf25123d236ae5c4af326089d18d8,2017-02-13
abf1130bc676c9dcadf91e24f5e30a30,ec6bd30783896fce1908161c537f69e2,delivered,2018-01-11 16:24:13,2018-01-11 16:35:28,2018-01-12 21:36:10,2018-01-19 19:58:54,2018-02-05,db7ecd3849859458fdd70064fb9afa9a,2018-01-11
fd10deeb9842f5c285152824f810fc08,ac9f629ac1b9ac8a765332bcfaa0f99c,delivered,2017-05-08 19:54:09,2017-05-08 20:10:17,2017-05-10 10:04:33,2017-05-22 17:39:33,2017-06-05,b88e9086f50b72f9ee8bb84e8bc2bb20,2017-05-08
4426515e1fede07af676dc0c1caaa2d3,840521ecbbfe51b514c46b33081bdd97,delivered,2018-03-05 16:24:44,2018-03-06 03:50:49,2018-03-06 16:09:50,2018-03-10 20:15:31,2018-03-15,851d081d4a28556488b1f8d14204e157,2018-03-05
0719c4577b69cf807be736608c144bc8,394c4be8d4a26fd3668aa47dbf088891,delivered,2018-01-20 20:10:56,2018-01-20 20:40:18,2018-01-22 22:43:25,2018-01-30 12:56:28,2018-03-20,f3738f6f5687da7c7ae0623172be00bf,2018-01-20
e02b879dd0de39526ef78a55f65fa922,a1b67d3d18d91e15c5fe82badbec082e,delivered,2018-04-05 13:01:05,2018-04-07 02:47:58,2018-04-09 23:07:37,2018-04-20 15:51:59,2018-05-11,8f6a88cc0fdea8ade670238879cd15ab,2018-04-05
fe62bcdcf8ce8da3e223a41f588abdce,32cb7327d17784d2cff0134d28892d72,delivered,2017-09-29 21:28:32,2017-09-29 21:49:10,2017-10-04 19:43:34,2017-10-09 20:12:54,2017-10-24,346055bf530d7571d961f13f03462613,2017-09-29
3f24b1ee5184d84b2d4fe634755ab3f9,4bc9e1c13c2695b5f6c90be398a40021,delivered,2018-02-07 22:57:41,2018-02-08 07:35:24,2018-02-08 19:39:53,2018-02-09 18:23:57,2018-02-23,adb6aadaed41fbc09826834e0357ee22,2018-02-07
d949922726bdc62d5829069a73cc15ca,1f29abf411bfd452f339ac131885c3e1,delivered,2018-03-24 20:31:13,2018-03-24 20:47:23,2018-03-27 00:32:43,2018-04-05 23:44:48,2018-04-20,97fe0a969a39e5f3b024029f10c375d9,2018-03-24
e6bae50af8e5b4880276314fd3ef0673,a64e1160112c85d4be9b1ff550626db9,delivered,2018-02-05 22:11:16,2018-02-05 22:30:13,2018-02-07 20:33:45,2018-02-08 18:42:45,2018-03-01,cd1a526d2db629fd32520ee7f421ed33,2018-02-05
95e07772220c46b29b44d09579d28662,6620f3561e31ae438976c2c4c8981d1b,delivered,2017-06-11 20:20:40,2017-06-11 20:30:29,2017-06-12 14:04:17,2017-06-27 13:18:51,2017-07-17,5d5681cc3125ff9afb543b8b8d2464d7,2017-06-11
16a50f1f11876372829112e48b471e3e,f2a86ca070522d6089d6de98878e879a,delivered,2018-04-20 17:19:12,2018-04-24 19:25:26,2018-04-24 18:51:04,2018-05-03 11:24:38,2018-05-15,837660857be979dae54fd10cfae1f6bd,2018-04-20
0b5143acf46cd4dd573604b449451bcc,b4028a61e0f13ed5789bb2b270e7672f,delivered,2018-06-29 09:19:59,2018-06-29 09:31:35,2018-06-29 14:10:00,2018-07-02 19:42:31,2018-07-19,6667847f7b2cde48a616449b2d2774b6,2018-06-29
bed08d809ce385e99da63ae043f7e786,f5c85dfdc9f8a3de031505da6472580d,delivered,2017-03-23 21:33:09,2017-03-23 21:42:59,2017-03-24 14:51:56,2017-03-29 11:21:49,2017-04-11,f551e76c7aa9dc5723918ddbf34d7ced,2017-03-23
c58478c0a746d4188108e2ec71001110,f37530fccfe475559747e4c591f8d409,delivered,2018-06-10 00:58:14,2018-06-10 10:58:06,2018-06-12 08:52:00,2018-06-25 20:32:55,2018-07-23,5ac547c923c50219dcb24c3cd925b1b8,2018-06-10
e24897d16e9e9993e55e91c606074d52,9c94b4fdba6f3d512088c99afbeb1372,delivered,2017-08-07 22:27:09,2017-08-09 02:45:53,2017-08-14 23:21:48,2017-08-21 23:22:10,2017-09-01,502296229b3ef977c9358849ec2c314f,2017-08-07
ca61d72c0b9e1072b94af79bac8ff610,5787c53dfb820eda3595a3fc7162f5e8,delivered,2018-03-27 14:11:00,2018-03-27 14:28:56,2018-03-29 00:36:49,2018-04-10 21:27:28,2018-04-18,5ff735d120cf4ec4adefd9766f703bf5,2018-03-27
24e7eb8286ce5ef529b9fcc4fe92ecb1,135ea3d76df7cd1000e7f62591ebfd18,delivered,2018-02-22 15:13:31,2018-02-22 15:35:25,2018-02-23 21:58:55,2018-03-10 17:41:58,2018-03-16,394e443b39ff54e40240589056638f54,2018-02-22
e14045fc421874626731a74b8cbff4ce,3a30c9e0ace35152cfe87773de1ad89a,delivered,2018-03-07 22:23:33,2018-03-08 23:37:57,2018-03-13 00:12:30,2018-03-13 16:02:57,2018-03-19,de68c5ffa4810878cbdbfc6a5c8ad4bd,2018-03-07
34f7af5479dd2e19cb5e205d6cc40bc1,293468c778c7dfa812bf7ed8b766577e,delivered,2017-11-21 21:54:17,2017-11-21 22:07:44,2017-11-24 18:37:49,2017-11-28 17:48:57,2017-12-04,ec6113d0c58ee83b4503b13c94930c56,2017-11-21
a5b275ada51fc66b482047f159e215a4,c22185cc433907f06f04cd2663179e18,delivered,2017-03-24 21:42:11,2017-03-24 21:55:16,2017-03-28 08:43:06,2017-04-06 12:34:30,2017-04-28,cdbb20ca7a1a2203b32acbc8976141f2,2017-03-24
2a3510ed79746b2668793262896d3aa3,0fb9ff3c870105cc7a0d9bc616c869f2,delivered,2018-07-10 13:05:34,2018-07-10 13:31:00,2018-07-12 09:39:00,2018-07-16 15:41:57,2018-08-01,8d3f3ca0e53a6d74eec77ccb7623fd82,2018-07-10
abe5ab54fe457eecba0ede09db8fa0ef,a0ca52e60ec228db293267c56b025035,delivered,2018-02-14 20:50:33,2018-02-14 21:07:38,2018-02-16 00:12:30,2018-03-05 12:06:11,2018-03-13,b92ccbce9c3f15079707c5eb1523c7c2,2018-02-14
c7a4d51facd152881353d10029119a40,883517ce41085eb0fd1209f6ab8e7a61,delivered,2017-05-21 22:38:51,2017-05-21 22:45:13,2017-05-22 11:04:55,2017-05-26 12:05:38,2017-06-13,69cf23d79e9feafe5a75da884e40ce30,2017-05-21
22e4e5e6fa9631bbda1fa4bc19893826,4763ff59bbbc8011967507144ed4fa60,delivered,2018-05-02 10:15:02,2018-05-02 10:34:27,2018-05-03 13:45:00,2018-05-04 18:32:21,2018-05-15,0509ab034845adb0b4c91b6f0e7b7260,2018-05-02
d1588d441c1e70c5a7997c91a6e1ca37,52ae42a07cfe33d38598652b80e63324,delivered,2018-01-14 22:26:31,2018-01-14 23:31:08,2018-01-16 00:04:13,2018-01-17 16:22:34,2018-01-31,4134ed154a5441f87fdcbf923dca4279,2018-01-14
a3e5049813109c94cc49cc0883c80ee7,893a3eae366fa6fee006bf0b809a0585,delivered,2018-03-08 15:38:53,2018-03-09 02:10:39,2018-03-09 20:18:47,2018-04-02 23:32:29,2018-04-04,ecf41fa4a3e99e3d24c705dfbb699170,2018-03-08
9b027054a981a89fca1af6a5341e81e2,e4c5a9dddf667522845dbcb2312c40c7,delivered,2018-08-18 13:49:02,2018-08-18 14:09:19,2018-08-20 15:39:00,2018-08-22 14:46:39,2018-08-24,2d0087f0c1347971d3d16c9aca21d9dc,2018-08-18
34ab0cb9a828372a0c1de84088b216ae,66aeda5555542d7cc245264c97dd52c3,delivered,2018-07-03 17:08:07,2018-07-05 16:32:49,2018-07-04 12:09:00,2018-07-05 23:14:21,2018-07-17,c893e6fe915add1b28ef934048f0023e,2018-07-03
f8d1f0c2928f268becf4f82b181295c8,2c1234b6bbd4728d2836bfac2c52d1c8,delivered,2018-07-01 20:55:05,2018-07-01 21:10:12,2018-07-03 13:56:00,2018-07-10 12:27:38,2018-07-20,88588dae08ca7755e4d4011aaea8783c,2018-07-01
b6f543c68b695c88dd2d1e0f5c7528e9,e1fabfdec84ec2b60621a1dca9c4ecc0,delivered,2018-01-02 10:03:57,2018-01-02 10:13:30,2018-01-02 19:29:12,2018-01-08 21:57:01,2018-01-31,59dfcad0dcdcdee8c414a4900781269a,2018-01-02
ccfe85ff3893b9efe8d101891fdd40ee,16a30ce5e482ed5a947eca6f6b33c962,delivered,2018-06-26 16:11:26,2018-06-27 17:10:37,2018-06-28 11:57:00,2018-07-03 16:37:09,2018-07-30,dfbb4c51ec321d5ee8307a10e57452b7,2018-06-26
faf132fb35b3b3b533a67efbd6e7c02d,01b6593aa123cea222a7b4c18c3e6961,delivered,2017-04-22 20:28:53,2017-04-22 20:41:37,2017-04-25 08:23:07,2017-05-05 15:37:59,2017-05-26,e9063e00898d88b25add862974ee6e20,2017-04-22
f2bb3a124d84782133f5aadabe42adca,818d1d4546811376391993b7b82d689b,delivered,2017-08-07 14:29:45,2017-08-07 14:45:16,2017-08-11 20:41:49,2017-08-14 18:14:11,2017-08-18,efce1ab3e96ccab8b1b464326bd22417,2017-08-07
ba8ebbd4a50913dea058ff7695922d95,3f3aa91e753c454557cb29ee5a852eab,delivered,2018-05-19 18:06:11,2018-05-19 18:32:42,2018-05-21 14:57:00,2018-06-04 22:12:27,2018-06-07,4c2759131ea45bbf124a6fd133ed3114,2018-05-19
4aea71163dbc64882fae599a2ce103d2,cbd55dff082c38949f4a03a3719c3422,delivered,2017-06-06 18:09:37,2017-06-06 18:25:21,2017-06-08 12:47:21,2017-06-10 10:49:52,2017-06-27,dc7853d6016d0ec0e68b25f1f7046599,2017-06-06
a6b7a54fd0db4d3a5d6c9d6af0aae6d1,5db13cce4f0d86bd1ddeded4262b0db0,delivered,2017-11-01 11:06:46,2017-11-01 13:10:09,2017-11-06 20:12:24,2017-11-13 16:14:47,2017-11-23,8af3ab48d408b04c0ea4f59545c45439,2017-11-01
0796436a57062ff1b4a95616fdf3f2fa,a75ca30b933e47441e6edf4c990647e4,delivered,2018-08-19 18:34:21,2018-08-20 12:50:18,2018-08-24 16:24:00,2018-08-28 19:36:39,2018-09-12,b55b8421b976688d55c90683411ed21d,2018-08-19
283a28089024b597c5b18cfa50e0a701,33af5d8a3edfb11b8beba1f4e694aef4,processing,2017-03-07 20:57:33,2017-03-07 21:10:13,,,2017-04-06,13357d1b580a008c7e0ca385a09af9fa,2017-03-07
bfaf52f28000e56f19ad821354fa9cab,a1340b701298787cb1692c4890945dc9,delivered,2017-06-22 17:01:36,2017-06-22 17:10:13,2017-06-27 16:12:57,2017-06-29 18:32:18,2017-07-05,61d1eb091e650165fab08a2ef8f11981,2017-06-22
7da6593a6a479c63c002d6b448470811,91b4dd1910326420758ac3f21d5babab,delivered,2017-06-13 09:18:30,2017-06-13 09:30:28,2017-06-16 17:16:22,2017-06-23 10:54:44,2017-07-04,d531c1aedd13d2744fb99daac056bedd,2017-06-13
47ba8ee2f9f72b56bccd68cfb89aced9,fdffa2aa717e2d2f61a584ccc57c2404,delivered,2018-04-03 22:20:20,2018-04-03 22:35:16,2018-04-04 19:12:13,2018-04-05 11:19:29,2018-04-13,3120f3746308b5457634762665d79cea,2018-04-03
ce9d0bfdd783741ef20e0b120108b8d9,d9d779b2c038524f10cfd58a4ccf6ec8,delivered,2018-04-16 14:15:14,2018-04-16 14:51:09,2018-04-18 00:36:47,2018-04-24 00:41:15,2018-05-11,1db115e4b2a1f4484a3f78441bbdd27c,2018-04-16
dcb97cff5ad47d9a584ac61d5b857f41,fe84bd242903da1b257065a81f330118,delivered,2018-08-08 17:06:34,2018-08-08 17:15:24,2018-08-14 10:11:00,2018-08-20 21:32:28,2018-08-20,965d76d83cba60e9985e4eb043a7e6c0,2018-08-08
3c7a85bec79aa0e49a8c03c3fbece2de,fe3c7865182a7b0d5485e438ec3e7b63,delivered,2018-08-15 20:49:33,2018-08-15 21:05:17,2018-08-16 14:46:00,2018-08-18 16:06:45,2018-08-20,e6d81f3fb913a50c0c94769669226eb1,2018-08-15
62f45e4a3ac45d14c761131a05fc32cf,8f421e570a79f0372910a860978d6ac1,delivered,2017-07-07 10:44:07,2017-07-08 03:30:24,2017-07-11 14:09:00,2017-07-19 17:03:20,2017-08-03,a45d979b922345a95d83a8905a303242,2017-07-07
fd320d88b0222a59b4216257f02f6aa2,1a2fc84ac9642ad8a3cd748716e498f0,delivered,2018-01-29 22:03:02,2018-01-29 22:15:29,2018-01-30 18:43:13,2018-02-02 17:16:46,2018-02-20,4fd70d556edf5eee86f91e1cfca6c02e,2018-01-29
a48eabba6adc895c6392572ddd644cfd,6494470b3070e2a5e1f1801aa6af1c4a,delivered,2018-03-18 16:07:11,2018-03-18 16:28:14,2018-03-19 21:58:36,2018-03-28 00:11:53,2018-04-19,9212ea5fc07cf5b8455722caa5d9f2ce,2018-03-18
d3e4a1e18bc6278ceaec89c39a69083b,2c7fd6962c9c9b307fd06531b85035fd,delivered,2018-04-05 22:07:30,2018-04-05 22:29:06,2018-04-11 23:38:23,2018-04-13 15:49:35,2018-04-20,d02cbb85434c84acabb8e81bbf064d3e,2018-04-05
cf014dc8804713618176fc95af41b221,67ec955996d7971b82e80aea6029aead,delivered,2018-06-28 00:41:07,2018-06-28 00:50:33,2018-06-28 11:30:00,2018-07-05 18:21:49,2018-08-03,c104175520fd4f6a24b276bfce7f0f55,2018-06-28
f259ace2918014b4f1e11fc422ed703a,fda8efd1272b75cd0f1e9a7b710b0d57,delivered,2017-04-24 15:51:38,2017-04-29 23:33:00,2017-05-04 14:47:09,2017-05-10 14:19:45,2017-05-11,0d5051a410c3549d070cd3ec3fecd005,2017-04-24
ae8978d20234f0da191a909faba05574,c3ff12f28cbe59029c7100a1f9d5ae44,delivered,2017-07-20 18:01:45,2017-07-20 18:10:13,2017-07-21 18:56:59,2017-07-27 18:27:38,2017-08-02,197c87c406ba8debb39112609412f394,2017-07-20
47016aad5e46195be82ac5fe39b63483,b1d18d7e82e61c0226cc8588d609cb57,delivered,2018-07-02 09:30:35,2018-07-02 09:50:07,2018-07-12 14:06:00,2018-07-28 14:12:53,2018-08-01,38cdf86d0010a03bfe6d759e51f1cedd,2018-07-02
4256e4eb92bdf0eda17c3bcee4c0771c,c6c64ff99175ed3bfa9dadb680cc0dba,delivered,2017-03-29 19:08:14,2017-03-29 19:22:35,2017-03-31 12:37:37,2017-04-09 09:51:57,2017-04-26,c8a5821ab755c0daad9313cba3720041,2017-03-29
81220f667163d5eebb4357899f42a737,5f8701c124f5456334c36d83fa44a2a8,delivered,2017-03-08 21:51:49,2017-03-08 21:51:49,2017-03-10 09:25:50,2017-03-14 10:52:03,2017-03-28,9b1bbe55617d7e8753cb49776d952a5b,2017-03-08
3a4ce496edcc2323227f5a6726d1ed49,7175760685e41c5a8c27adfeef1f55e2,delivered,2018-01-10 18:15:17,2018-01-12 02:37:40,2018-01-12 22:39:04,2018-01-30 17:23:26,2018-02-05,42b8f94c2493b091c315ba386440b734,2018-01-10
fcab9e8b311ef84e1dce97a58af5b7c5,794e36931413a3c109957ee1df3b6567,delivered,2018-06-13 12:32:57,2018-06-13 13:01:13,2018-06-13 14:53:00,2018-06-18 15:58:50,2018-07-05,e586b4a75e55688ad68c321828eac409,2018-06-13
9f8bd7c72fac37bb250c3e3640e27050,6a05e32bc49278c3b776856f333d0afa,delivered,2018-04-30 09:26:04,2018-04-30 09:50:13,2018-05-03 13:27:00,2018-05-07 19:04:16,2018-05-18,795c1622cf7a53d63d324e862349d01c,2018-04-30
93185bd1aed7a10299305299fcbebf3d,7c54c02a524ea1aa3e14523144919588,delivered,2017-04-20 16:28:51,2017-04-20 16:41:38,2017-04-24 08:27:59,2017-05-03 14:22:13,2017-05-12,5ac476dfaa8edb71e9d21a4fb6fbb1fd,2017-04-20
eda3f5678e561d64fa75367186df15ab,574b75eb445dc885dc65eee5460752f7,delivered,2017-10-31 16:01:24,2017-11-01 13:50:23,2017-11-04 00:22:08,2017-11-18 05:18:45,2017-11-28,f10c1eab22712d05d06360b90fd3ca6a,2017-10-31
157527bd197cc424626aa0f831302229,17676a92f096b72990eb3866a8c22df5,delivered,2018-05-03 15:54:30,2018-05-03 16:46:30,2018-05-09 15:48:00,2018-05-24 14:35:34,2018-06-04,98fcd33479234f1786c0a55e011cd75c,2018-05-03
65b5697d10acdb50f0d5ce555c8aa46e,c5c064df6a4c428df004ad4759092dcb,delivered,2018-03-23 19:11:32,2018-03-23 19:27:39,2018-03-26 22:12:15,2018-03-28 16:51:18,2018-04-05,20b074769721090b564c189bbd5e8efa,2018-03-23
c2575ff905b5b189ccda375084be2de2,e7d13351cb9b5e948ce8e069e6290992,delivered,2018-05-01 20:49:02,2018-05-01 21:12:12,2018-05-07 12:31:00,2018-05-11 23:45:31,2018-05-29,1d31e86216da4f6962b624a439165589,2018-05-01
e17b66e5337dee2de3d676c5698fa71f,9338144d4b5f5ca9a8300c36a59e7afd,delivered,2018-08-20 22:47:04,2018-08-20 23:09:21,2018-08-22 12:16:00,2018-08-27 23:02:47,2018-08-31,2c86215f20da4f0ebc1f31628afbaf45,2018-08-20
0166cc8756d58b4a30fb49de83527120,19e9dac43eee8df98092482fdce676da,canceled,2018-02-08 21:09:18,2018-02-08 21:27:56,2018-02-09 23:12:30,,2018-02-22,2fbe21ee78c83f908ed47ba9f4a74121,2018-02-08
754af8a169601b3ad5dc333db745b158,f467915ef79de307f7d1a7d8cb43d1ed,delivered,2018-07-26 16:18:00,2018-07-26 16:30:49,2018-07-27 10:56:00,2018-08-04 14:12:38,2018-08-17,f59f7fd29a04cb6a6950972b1331fe45,2018-07-26
aa78a1acd5e6ccbb96c3f16a4f04121c,86696e59caa67ca5a14b885cb581ee21,delivered,2018-05-07 14:00:40,2018-05-09 03:11:45,2018-05-09 10:13:00,2018-05-23 17:56:38,2018-05-30,8f2f3eff3ab35f117529cc568e323a68,2018-05-07
706296e2ab240216ffef853d1095d04f,f0685eff82fe533447ab1a84c25704c1,delivered,2017-08-29 16:25:58,2017-08-30 16:25:11,2017-08-31 19:33:50,2017-09-04 19:27:34,2017-09-18,142d5012ea65ce29d5da43345b01ae0a,2017-08-29
50a98bed547040031825f02f6606c7d7,913b08f751244e50dd1e3418724e77b9,delivered,2018-07-13 17:55:51,2018-07-17 04:31:53,2018-07-18 09:19:00,2018-07-23 11:52:38,2018-08-01,3dfb55714eb4271250aaaf67bf5073f5,2018-07-13
642b02cc49a41f1a1edfcad2d7222c3c,5f19c4244489d622370b549055182a73,delivered,2017-02-07 11:58:19,2017-02-07 12:30:36,2017-02-08 10:29:45,2017-02-12 12:24:07,2017-03-02,a10761434f09c45a577fbdbea33c62ee,2017-02-07
a79e71cf3a8c8b52b0fe82c772927688,7aa6eb6e24f566f4ec744e82bd1118d4,delivered,2018-05-01 10:31:57,2018-05-01 10:57:12,2018-05-02 12:11:00,2018-05-08 16:06:29,2018-05-23,21de770aa4f3a60388b97b416ad38343,2018-05-01
d44fc0af1ec0ebbab612f2936147f717,69a31ae9d37da2d7f5bea9bfe729b280,delivered,2017-06-15 23:13:26,2017-06-15 23:25:10,2017-06-16 14:16:31,2017-06-30 15:06:38,2017-07-10,94956e015b2e2e0988138182807a3204,2017-06-15
c45725810993c33b0e77b1fb8262692b,c7c9489d6ff8e0fb7355f8ed6c0deab2,delivered,2018-04-10 17:05:41,2018-04-10 17:32:18,2018-04-11 18:52:23,2018-04-13 02:58:39,2018-04-24,8d51a6326cf0a28306c1fd1f25cf9ff5,2018-04-10
b78fe356032335a43cffa305a1efabf1,46ebe3a21256a35e49e4e1c049d6593a,delivered,2018-05-07 23:45:58,2018-05-08 00:35:12,2018-05-08 12:08:00,2018-05-09 19:26:48,2018-05-15,31dcb1b92cf754e8f46bfa847cd43cae,2018-05-07
9a0997c7958188cc3759a1694a1954a8,9729ae176b0457bb03d974dade5f5bfa,delivered,2018-01-28 19:20:36,2018-01-28 19:33:26,2018-02-17 02:11:42,2018-03-01 17:33:53,2018-04-06,7c57017d4f921b24f4fa5491a18999ed,2018-01-28
90b4fba45ca7518e9d3bf07e7d4fcd9d,322790ab5eff71e8ab7827434a02346e,delivered,2018-04-07 15:37:07,2018-04-07 15:50:17,2018-04-09 19:41:28,2018-04-10 21:06:51,2018-04-23,ab735595daf59e406d9ee46c9aa64faa,2018-04-07
08b54ba8454bed7d08802bc62e33fbc4,68eec3e6a739288fb08b5948faca1f5c,delivered,2018-06-12 19:14:55,2018-06-12 19:46:24,2018-06-13 14:24:00,2018-06-15 20:26:35,2018-07-20,57a722a97b4c7956a3fe5a2dad93dfd7,2018-06-12
3eb2926661890add37ff467c6c5ead88,919e71e89a5acd45b0d25d59583b63e1,delivered,2017-07-09 09:48:45,2017-07-09 10:03:31,2017-07-10 18:17:49,2017-07-17 18:04:05,2017-08-11,13607978e0686d841deb64954c023495,2017-07-09
3456100f29a9f4d7a6ca83e0751f7159,0d5e5bd2273df8e099aab124c278fa6d,delivered,2018-01-03 16:28:16,2018-01-03 16:36:18,2018-01-05 00:59:08,2018-01-16 23:12:39,2018-02-14,c62f4b5c34e812ab36c13c0fa3797cad,2018-01-03
31890e605bf108c3cbef0e15bd533614,da27c0954190ae4e95f4cf1fc0c101e8,delivered,2018-08-16 15:44:33,2018-08-16 15:55:24,2018-08-21 14:09:00,2018-08-28 18:08:44,2018-10-05,c8e3e8baa48f9b93770efcb2104eeb34,2018-08-16
e77667e4e913dd81cbd1eb473c01fee0,62811f652afa91300cb15c6d2c35fb1f,delivered,2018-07-04 21:54:13,2018-07-05 21:51:41,2018-07-10 15:43:00,2018-07-11 19:38:43,2018-07-17,c2493a639f1bd8ec78c6c86a6b7664d5,2018-07-04
7a0b0782d667ac14f59763612a94f928,1465ca27dd25f3ae240f81747fe93e22,delivered,2018-04-10 16:02:13,2018-04-11 05:50:19,2018-04-11 22:38:42,2018-04-24 18:46:50,2018-05-03,b8f996565c72c56b19e53ff7c2e23913,2018-04-10
f6352f413ce4e20f67354a9c6f5460e5,e8f69905ef0387d08a36888561545c9b,delivered,2017-05-08 14:09:36,2017-05-08 14:22:37,2017-05-11 16:29:52,2017-05-19 15:40:57,2017-06-14,9765853b4b5c35f6101b11fbdc915679,2017-05-08
8e3dac8843f85625f54bef3730b457ce,501435a1d820f757937d48ab56c9d9e4,delivered,2017-06-25 17:11:04,2017-06-25 17:22:55,2017-06-26 12:38:59,2017-07-10 17:43:13,2017-07-18,f019ed7ab808b96f06e70cb236031106,2017-06-25
0f1fc45267bd2edfbaa6af5e47dbd0d8,966f573b2758a1ba47501a93b010285f,delivered,2017-11-25 14:33:53,2017-11-25 14:55:37,2017-11-29 20:08:38,2017-12-05 21:33:04,2017-12-15,1029c9af0ba3fa1769ae5c879c6fcb35,2017-11-25
ca2b020221599ee940c1bb5be191cbf9,524cc3abf1a67f7416b27a75f29014ce,delivered,2018-04-01 18:44:24,2018-04-02 17:55:28,2018-04-06 19:16:41,2018-04-30 15:32:11,2018-04-25,13dae0394fdbb23ddf1d2af7296d1fe5,2018-04-01
ba00aa276bce1031f0e144282affad55,d29d13575b6d8f1669dfc8fd58b43ace,delivered,2017-09-18 20:10:27,2017-09-18 20:25:22,2017-09-19 19:52:27,2017-09-23 14:32:59,2017-10-02,57874db1bbb83ce27064e7291411bf95,2017-09-18
ec5da550d6b5c949c1ad66f7a766de4d,9702436c4900981e3ce7285276bb9640,delivered,2018-04-11 14:57:18,2018-04-11 15:12:19,2018-04-12 00:05:20,2018-04-18 22:06:21,2018-05-08,0413fbf6c22f973200f5b4a68dcc9ade,2018-04-11
1b71709a68a41c5d7ec189efc6629d0c,c6f88ad594118bcdd76f6d43b597a595,delivered,2018-02-05 13:10:41,2018-02-07 09:31:36,2018-02-08 19:36:00,2018-02-27 22:18:50,2018-03-06,4aaa58570595843d3c6670516aaa3745,2018-02-05
b213718ea651bba092dfdf03b7e07af1,1bc38870144132d17fd5b33044b52c59,delivered,2017-11-24 14:37:59,2017-11-24 16:37:26,2017-12-06 03:07:17,2017-12-08 13:47:13,2017-12-19,15d93875483be18a1eb125fe5e825f2b,2017-11-24
906609c210dfa5854a32765ad5d8d1cf,d635bacbdfc8027ef348079e8d2a9ddc,delivered,2017-09-15 16:14:01,2017-09-15 16:25:30,2017-09-18 21:42:13,2017-09-25 20:37:36,2017-10-13,7395fb5c5e553808bdcfe3df389f6aef,2017-09-15
7576a97a255ac81433d3932443db8fad,89636364bde857c5d73d2a64036cf3df,delivered,2018-01-17 19:35:44,2018-01-17 19:49:56,2018-01-22 22:54:32,2018-01-31 20:08:00,2018-02-15,65e7836a2b441f6ed440e82544acaa4b,2018-01-17
b46cf2034656db4fdaa0cb0c403edf04,359d58b88a05cb6227c101f8574c3cc4,delivered,2017-12-06 19:07:31,2017-12-06 19:15:21,2017-12-20 15:36:02,2018-01-05 20:16:32,2018-01-15,e19a91277c833261a709ca05240a09ff,2017-12-06
031096cba2ef517ed59888ecb13d69e2,b5819fde21e7b125acfb1977d116e4b2,delivered,2018-01-11 20:48:11,2018-01-12 02:36:38,2018-01-12 22:32:57,2018-01-16 16:33:56,2018-01-26,e858e00347cac2f2077fe621c3d37306,2018-01-11
bdf15710eda59b7ede173c565c787a83,ba1bedb9aa95b7bb6afb499b3ea3b3e0,delivered,2017-10-28 00:24:20,2017-10-30 14:31:58,2017-10-30 20:25:13,2017-11-09 19:59:01,2017-12-05,1118bbd6c82a824ebc677b12e525864f,2017-10-28
725bd1de71d306a7803aad540b487fae,f477696aeb945347ac7e991ef8de0218,delivered,2018-07-02 16:10:01,2018-07-02 16:31:15,2018-07-03 12:26:00,2018-07-10 17:37:53,2018-07-23,586843400aa340dc26c89da8a64b0887,2018-07-02
161505c64f201d3bbcfe5c6116474ebd,bfc6a6bcebc53e0f92bd9f95273d6548,delivered,2018-08-20 10:46:56,2018-08-20 15:10:42,2018-08-21 17:55:00,2018-08-23 21:58:50,2018-08-24,be63696980597505effe16942d6d83d3,2018-08-20
d7f7f3b19ccf1b6ee1f4b876df47e9ff,869b329d6dcf12add510edf0e516565e,delivered,2017-12-19 13:08:34,2017-12-21 02:11:00,2017-12-22 00:28:49,2017-12-28 14:54:09,2018-01-15,17dc714575bea7feab663f8325052c3d,2017-12-19
3b818825757e8aa6466925f2a0fe1a6e,ff9f5774bdf98c9eb203a168b58ded57,delivered,2018-04-12 17:09:34,2018-04-13 12:50:52,2018-04-16 17:22:18,2018-04-19 17:17:54,2018-05-07,bb60c7bf72b5b11110513d12a0e90352,2018-04-12
a5faf579cc2b53168cc080836b834078,7d4c2f26339ec3889de2483be32d34d5,delivered,2018-08-28 12:18:54,2018-08-28 12:30:14,2018-08-28 15:04:00,2018-08-29 22:51:47,2018-09-04,273047f188ca0f38396842d5548be365,2018-08-28
56662456107b37b658f65eb5b1aeb992,e365beefd48250481d837448d9fee4eb,delivered,2018-01-22 22:15:12,2018-01-24 02:37:31,2018-01-24 23:56:44,2018-01-29 22:22:34,2018-02-14,bd70535b91eb978735f163b01dd4f7d8,2018-01-22
2189323f24aabddc8f324451eb75419b,842feec1839c2cde7d7671ce510d5e0b,delivered,2017-06-04 18:45:18,2017-06-04 18:55:18,2017-06-06 10:39:40,2017-06-22 19:51:57,2017-06-28,282d49fddab8e95a8673a2a90072cf5c,2017-06-04
b050c4789515afbf9494031e52fcb0ac,f1c644808cff23dee2ab83dcc9368ff2,delivered,2017-11-27 23:49:08,2017-11-27 23:58:24,2017-11-28 16:46:56,2017-12-26 15:36:49,2017-12-18,40177afd8aa414d3cf4a9140a8f39641,2017-11-27
be9b657bc6db0ce7ee053472ae3e3fb6,b26703924c569fa4f11cc90f8161a043,delivered,2018-08-08 19:38:41,2018-08-08 19:55:13,2018-08-10 09:54:00,2018-08-14 19:51:43,2018-08-24,9b1d4ea0e572459ee5e947abf3ca631d,2018-08-08
abf95d8f93963d70ab53ff935297c315,555128d9759ad81dd318c2120966fe57,delivered,2017-03-21 15:07:48,2017-03-21 15:07:48,2017-03-24 18:43:42,2017-04-05 09:39:42,2017-04-20,5bb26921b0a1b8442fc75114bd80e946,2017-03-21
db064b03849f2171a59f4a8cd50778f0,14cae843310ff181765658f645208e6b,delivered,2018-07-30 18:34:13,2018-07-30 19:31:59,2018-08-01 16:35:00,2018-08-07 18:11:55,2018-08-14,6e10d6571ddd6b7b58d61e4d5e7dde95,2018-07-30
6573371c19a6169b6ec350eb61b8cea1,3f18d39c19c13f4ccc8f96522f3c3e60,delivered,2017-10-31 18:55:01,2017-11-01 03:10:43,2017-11-03 20:46:47,2017-11-21 21:12:39,2017-12-01,b0075c2f6fc8e596a2c9bc55eca07e45,2017-10-31
0055b77cca3186676c147f532dd2547b,3747cfcc18da3cff44fd440770d92d97,delivered,2018-02-19 21:47:44,2018-02-19 22:47:21,2018-02-20 19:35:24,2018-03-07 19:38:34,2018-03-14,ec462378011c63f79ec53a2365d8e71b,2018-02-19
ab85e3c92c828eb802fd91345e45d92e,4487a084654cdf96e3d715d55b48a04b,delivered,2018-05-18 23:47:11,2018-05-19 00:35:14,2018-05-21 12:41:00,2018-06-02 14:03:03,2018-06-07,61fe766e454d5e750b33250035b4311d,2018-05-18
d626131b771ffd6c88169da39f702900,75ae88f78b6ff4cde016ee3108c47eb6,delivered,2017-07-31 21:31:33,2017-07-31 21:50:15,2017-08-01 16:39:59,2017-08-04 18:51:17,2017-08-22,1e79495ec1bed473073aae92ff090b2b,2017-07-31
6c21f6a1d56c99f439fe378d0ac026f2,9a27f37ace12e5522df5a9d5bbedbfb5,delivered,2018-04-07 15:24:30,2018-04-07 15:35:10,2018-04-09 22:21:59,2018-04-10 14:52:07,2018-04-25,d75acd4c5b7b4dfd32b9d9172b195419,2018-04-07
e6af9b3f52266ed3aee09ff6bb028afc,1e7669e900934e588bb96f581c45d359,delivered,2018-04-10 13:25:19,2018-04-10 13:50:52,2018-04-13 23:31:36,2018-04-26 20:42:27,2018-05-08,85a5b90404d5feafcf56b7ae63525151,2018-04-10
d3037ef55ee7f4d6c892da7493f4912f,a92c7dc386e43df776cae3f8c5bc3d25,delivered,2017-05-17 16:12:44,2017-05-17 16:22:22,2017-05-22 14:42:54,2017-05-23 16:57:56,2017-06-06,92e0b708c21b0c3cfb1a3ea8fd807529,2017-05-17
6bb796381998e8a626006950f6ef8dc0,332fa12f7a0048839dc93ccdb16b749b,delivered,2018-05-08 19:46:46,2018-05-08 20:31:59,2018-05-09 13:11:00,2018-05-14 22:16:42,2018-05-24,08de72db16c1e769367ec6e97e54460c,2018-05-08
fb1418494ba4e6ced8a7ae840dd9fbfc,b81c3308f759ff484e5e5173442a882b,delivered,2018-07-28 18:46:45,2018-07-28 18:55:22,2018-08-02 16:15:00,2018-08-08 18:36:49,2018-08-15,7144781fc1db342c4bfd4a1b60a169dc,2018-07-28
4d513811c3447933c3472defe4992141,cac1de9a447d5238cb62bd9ea20ff7d8,delivered,2018-07-03 13:26:10,2018-07-05 16:32:12,2018-07-06 11:06:00,2018-07-11 19:51:02,2018-07-18,f55f92b28e828938355dfb6053dfaeb4,2018-07-03
4d9a2be7276029d8369fbf0fe73b6c0e,cdb4b652db32f3d644367ed686fbbff7,delivered,2017-05-19 01:03:40,2017-05-19 01:30:23,2017-05-24 18:42:07,2017-06-08 17:40:08,2017-06-21,6b01d3bfa7c7a79abfb824f97c7c6809,2017-05-19
bcaa9390e85fe694eefdf1e33f77b3b5,164ade8f6fd9fd670414d9288127b6ae,delivered,2018-03-05 15:32:16,2018-03-05 15:49:41,2018-03-10 00:08:46,2018-05-02 22:12:46,2018-03-26,2947c03745112e23dced5a2ab3f8c568,2018-03-05
6726395519c13e15034fb6bfb4fcd904,85b76dd1968d7babd53a7dec6074acf6,delivered,2018-04-09 16:28:27,2018-04-09 16:50:02,2018-04-11 14:51:28,2018-04-23 21:52:37,2018-05-10,678fa8f93a460cfb715fafec427bacf8,2018-04-09
d2028724669c20a217e6146e6855cd12,88e6c91e3f8479fc2f83e3be6280e05e,delivered,2018-01-27 16:42:52,2018-01-27 16:53:11,2018-02-01 17:02:25,2018-02-02 18:52:12,2018-02-22,090a8157551913c8c7e69deac152e734,2018-01-27
cea892923b3775abd19f80626d4b5d37,03b971e3d286d50f6136487edf61782a,delivered,2017-07-24 20:37:52,2017-07-24 20:50:14,2017-07-28 18:53:43,2017-08-07 18:47:38,2017-08-22,9e5599e07107ed4f7b6d522492b3a489,2017-07-24
70d77f16b85f5aa024c0ae15ba465dd8,8240750d69ac44318a7cae78341633a8,delivered,2018-03-20 14:40:13,2018-03-20 14:56:07,2018-03-22 21:16:44,2018-04-09 15:03:52,2018-04-20,6d3843635bd59c5704e836b3df626c24,2018-03-20
fc187810529ecab8ec6fbf1b4b1d27ae,39daea6250bbdfeccb17472c1592ff9d,delivered,2018-01-23 10:25:39,2018-01-25 14:19:58,2018-01-26 16:03:22,2018-02-06 20:52:06,2018-02-20,15072151aa98cf4ee2cccddf6b87f080,2018-01-23
07441f525824bc6b31d4dc19c5d49fc9,5e90428c469d2fa05f5622a910189232,delivered,2018-04-21 13:07:41,2018-04-24 18:04:35,2018-04-25 00:57:27,2018-05-03 20:24:27,2018-06-05,a426efac328ac4dd7e1b94fdf72e0d33,2018-04-21
d9257c8e34393415a403600f6289fbc4,4a59da975dc45b6c9dd86cec34515ae9,delivered,2017-06-29 15:54:58,2017-06-29 16:05:48,2017-07-07 18:21:54,2017-07-20 12:42:49,2017-07-21,e2005120e78d27397fb7f97c83c33426,2017-06-29
7bc9425754bf6e2275442bcde2337180,039e022bbbf82354bd7ea61f3d2d8339,delivered,2017-06-23 13:10:13,2017-06-23 13:24:20,2017-06-26 13:42:19,2017-07-04 14:47:39,2017-07-17,48234b2beb62ad60e2aa0c27a7cdf267,2017-06-23
5e82591b43cb83a7dd419ff564e44d04,af7177e092a630042e08c4301b7421bd,delivered,2017-09-18 16:17:16,2017-09-18 16:35:37,2017-09-19 14:44:18,2017-09-27 19:45:09,2017-10-09,31f0e5250ba07dc871c96a9a344fbc93,2017-09-18
b387f865628d82d75c2c17b2f18e02fb,31df264f96419e0a27b0dd3d23f52170,delivered,2018-01-30 05:33:26,2018-02-01 02:35:54,2018-02-02 02:06:35,2018-02-12 16:28:49,2018-02-23,643c115fe3260eac1d27f1cf75f97788,2018-01-30
0a63a472b54f4e94fa67f374b05fc3ea,099b2cc431e3ef6cdf16d32b2b8fbc34,delivered,2018-05-07 09:03:48,2018-05-07 16:33:44,2018-05-08 13:36:00,2018-05-11 20:54:29,2018-05-23,62b85da215b6371494064b5dd7e0ce9b,2018-05-07
d21ac314662db0838c14d8a6e6c0ddca,22ada7e7aee4c701a64b7d2a8b1d3772,delivered,2018-06-05 15:54:44,2018-06-06 02:54:01,2018-06-06 07:15:00,2018-06-12 10:12:50,2018-07-17,d70176238468bf3cb2b61a946b417707,2018-06-05
4103cb8c02ddae6eff9f233ba22ae0ad,ddcb9a6c17c703895e618d0387f36f96,delivered,2018-02-10 18:53:24,2018-02-10 19:05:29,2018-02-14 18:18:57,2018-02-26 22:12:43,2018-03-08,8f2da21ab83bb5c613ee719e47e931c0,2018-02-10
c31a859e34e3adac22f376954e19b39d,98f485515e575607a8003b17e91990bd,delivered,2018-08-07 23:12:29,2018-08-07 23:25:10,2018-08-08 14:18:00,2018-08-13 18:08:28,2018-10-10,c7b4fb0959a97e7033ff9bef3b1e2ba9,2018-08-07
428a2f660dc84138d969ccd69a0ab6d5,10de381f8a8d23fff822753305f71cae,delivered,2017-11-23 20:30:52,2017-11-24 10:31:10,2017-11-28 16:42:21,2017-12-13 20:19:35,2017-12-19,0f5ac8d5c31de21d2f25e24be15bbffb,2017-11-23
c4a813b981516ec9f56994ad042d9fbd,d8b15e859d1c6cbc4c1178953d544cae,delivered,2018-08-09 18:06:55,2018-08-11 02:35:13,2018-08-16 14:07:00,2018-08-17 17:46:51,2018-08-14,7cc360c518a120c158ddf65744f263ff,2018-08-09
9320dfc3fd49dc6e3fb9f688c8ea6c37,914cd02d51a7024210cb68c41d4db0a0,delivered,2017-05-24 11:25:23,2017-05-24 11:35:24,2017-05-29 11:46:01,2017-06-12 15:37:09,2017-06-26,49b7ce0bbcdb46b33e896055cd492e81,2017-05-24
97cf410955342f171c31559b5846b379,d6ba39c70cc208a64e6daa81c205cc03,delivered,2018-05-07 15:04:57,2018-05-07 16:53:03,2018-05-08 06:32:00,2018-05-15 20:36:57,2018-05-29,eac7cc6c7552b09e087c4290bb7ae884,2018-05-07
c8cfb4925dd910cb0cf8c67761fdbe5d,d658da90f50919c17c04713e9d2b5a77,delivered,2018-05-13 18:53:49,2018-05-13 19:12:32,2018-05-14 13:44:00,2018-05-21 19:38:50,2018-06-08,b8add5a172db18c4d65a8157ac8c13ad,2018-05-13
33097b1461e9e4dce6383085eef494b9,821997e264d6487e3ca1bf6df9983a68,delivered,2018-04-29 12:54:20,2018-04-29 13:10:58,2018-04-30 14:43:00,2018-05-05 11:48:48,2018-06-07,a8e7566fea3cb3abb866aed741f453c6,2018-04-29
1a15666c4d5cfc217337ceebd70c3884,f30d9fd20656414c2e1380cb9978d292,delivered,2017-12-02 09:01:42,2017-12-02 09:12:20,2017-12-06 19:19:15,2017-12-14 23:48:47,2017-12-27,22b1e61cf2f5dc1557c5d9f6e92e27aa,2017-12-02
0217ad862ae7391cc3964c07ce3d6ea1,6a72b0e91fbb821cdade717f5899a67f,delivered,2017-11-29 14:43:25,2017-11-29 14:58:38,2017-12-01 21:14:41,2017-12-26 21:32:13,2017-12-26,c502c4be2ff2dcf09b3fb80a47d1e9cf,2017-11-29
8d71c4f38d584ca7e192f7e02dd592f1,708b3eaa2026f88c403e4a295e1ca335,delivered,2018-08-06 10:56:11,2018-08-06 11:30:30,2018-08-10 15:29:00,2018-08-14 20:11:06,2018-08-10,7e21c5322ef11a24dfb0f27a2991f4b2,2018-08-06
fb8a1aa2a0931ede3ac1d6ae42d4ffdc,6d642bd3b5d938ac910451c9103b2100,delivered,2018-03-12 17:04:46,2018-03-14 09:48:38,2018-03-14 19:57:32,2018-03-28 13:23:29,2018-04-12,709a0275a84ba69e6b15a07b1e6247e5,2018-03-12
651d23074e72bafaefb84f47ace1b9fb,50c0e41541f173964bd64e367bd37171,delivered,2018-02-28 12:05:51,2018-03-01 12:10:19,2018-03-02 18:07:31,2018-04-04 02:22:20,2018-03-20,ec5ee308c7aff578ee1f900aeedba71a,2018-02-28
d9aa5509422ca53597e0806067d52f05,a1693c7bbde5ca1cd0df54986dfb6767,delivered,2017-05-24 11:48:38,2017-05-24 12:03:54,2017-05-25 10:39:21,2017-06-06 15:35:56,2017-06-16,04d929d2e9cab47785a03ab681dfc62b,2017-05-24
36a79c8b08508519935e9179e1958413,01bea2d6055eaa52f2df647590eb85e1,delivered,2017-08-15 14:56:19,2017-08-17 03:06:15,2017-08-18 13:28:55,2017-08-25 16:19:35,2017-08-31,a71c9b34d70e8c6bae2151f4881f5253,2017-08-15
a2327607847cf10fd418e7a63c12ac7e,6d4391a3775152a85530bf511b366c66,delivered,2017-10-16 15:04:08,2017-10-16 15:28:00,2017-10-18 18:15:10,2017-10-24 17:22:49,2017-11-03,29609bf5d89e7391ac0b0f5822f93cff,2017-10-16
99ca8b25a7b584ec1b48b0a857a9211b,2e9e510644901db368fe1e00af131345,delivered,2018-03-31 11:15:27,2018-03-31 11:27:19,2018-04-02 21:28:30,2018-04-24 22:06:27,2018-05-03,417021b1b4553c55daa22f17dbf37cdc,2018-03-31
1f731a787d315cb2512cc781f7466d19,2b81366d30a655e53976a458e9bc7bf7,delivered,2017-11-29 16:21:06,2017-11-29 17:30:55,2017-12-04 23:09:45,2017-12-10 11:42:45,2017-12-19,280354531377fe230482204231f0aa8c,2017-11-29
13b1d703b453fd67b66850bd2846e13b,8223b8597e3435d687fa3a9206838700,delivered,2017-09-27 19:51:45,2017-09-29 02:31:28,2017-09-29 15:28:09,2017-10-05 16:15:20,2017-10-19,1426eacd8e2aabaee85824c844891bcb,2017-09-27
0decd9643e5f685a9fc1bf05ab16a186,87098d76b83db407855da8e9d303f041,delivered,2018-03-06 15:43:28,2018-03-06 15:55:32,2018-03-20 00:45:47,2018-04-02 22:12:16,2018-04-02,64fb463343b5d80c73b868f1f9dca22e,2018-03-06
b4869c2e4b11586a953130fa13632aa9,1f32801ff0c8f0aeaa8a6af5ca6ce862,delivered,2017-09-01 10:51:00,2017-09-01 11:04:36,2017-09-04 21:21:33,2017-09-11 20:03:11,2017-09-25,90388457aee662815a374617d4eb475c,2017-09-01
76d820534ecdb9ff90b20c635d1c593c,197b426cedb5936cdb34c7ac176d58b9,delivered,2017-11-03 16:43:28,2017-11-06 14:33:03,2017-11-07 19:28:54,2017-11-08 21:34:59,2017-11-24,49edba1328b35f23bd65375cf625b546,2017-11-03
1c92d119b3e5c714c4265d02746a8dad,0e7729dea48a3e8539f24d888cfe3c69,delivered,2018-06-29 12:47:49,2018-06-30 12:50:08,2018-07-02 19:23:00,2018-07-11 21:11:28,2018-07-30,40f782391f3127f62dda62d6f4be2e31,2018-06-29
d72d470d3183857c15873b43a50fa314,b03ca09111fbab1d3dab28a28413356c,delivered,2017-12-06 12:17:21,2017-12-06 12:32:19,2017-12-11 23:17:02,2017-12-16 00:24:36,2018-01-12,ecc6b07c8e4cbe145c0119b3a10a3bde,2017-12-06
e5cee28542e829bfd8e8ab719c386311,9ba0b4f4ee665808d39fe864b491bf15,delivered,2018-03-17 19:56:53,2018-03-17 20:10:24,2018-03-19 18:03:12,2018-04-03 15:33:00,2018-04-16,65c95b0b623d097ebb7490d3019046e5,2018-03-17
20d4d7e0dd4c49e080b80042a9cb4b71,75d51f2a15e55a6a320a333a24a21076,delivered,2017-11-25 01:17:00,2017-11-25 03:52:52,2017-11-30 00:03:51,2017-12-13 23:04:04,2017-12-19,d198625af1483191f3c684f96c168f98,2017-11-25
488f659efac45e9067e284ded2bf7daa,be5f889aa121640fd2a60a253fb70120,delivered,2017-05-27 21:10:18,2017-05-27 21:22:05,2017-05-30 14:33:31,2017-05-31 09:04:26,2017-06-09,ecf5f6c785e277bc48365b9a589bbace,2017-05-27
7b2c7245f98789589c0f17e37f43fe0d,c5667137b8de63b31942003b0979ae66,delivered,2018-04-05 17:06:44,2018-04-05 17:29:48,2018-04-07 01:08:45,2018-04-09 15:14:43,2018-04-17,d2a61ab2f7c4083abe655949780019ac,2018-04-05
9b256bac4d128fa4841abe19f6126836,68e21e530398f4f4f2a32d9d512e83d0,delivered,2018-02-28 16:33:54,2018-03-01 02:35:45,2018-03-01 22:11:54,2018-03-08 17:47:36,2018-03-22,26e018e4d4e7ca0e6439bc4794e0e007,2018-02-28
48a5ec0a402d8941529c17a7bc057e0a,413b1847da73958bcd319c23a8b9cb14,delivered,2017-06-25 18:17:05,2017-06-25 18:25:14,2017-06-27 10:57:42,2017-07-02 11:56:16,2017-07-14,0dc0b7a9ba88fe3f31528c2831cb28e4,2017-06-25
3cfcc0ca272d41bdfa5d2ec747019f73,384a18cb907d54b358c068b1b07cae14,delivered,2018-04-04 09:19:56,2018-04-05 08:10:15,2018-04-07 01:21:28,2018-04-12 18:56:42,2018-04-19,0d4cf36ed65cd1aba4a30a3bea1b19d4,2018-04-04
1f72c797b1b82ab729c38055a2921b2c,19f3cdd24196689774e4e432fb7f6eb0,delivered,2018-01-30 21:31:08,2018-01-30 21:53:37,2018-01-31 22:13:02,2018-02-14 21:56:47,2018-02-21,1d717c79d863f953eb2a4b307b970460,2018-01-30
ab6ed7b021b48bfe44142b3c2b761e4d,9cad9976d375e6e00ac966df6cd5ceef,delivered,2018-06-03 21:21:01,2018-06-05 03:50:14,2018-06-05 14:44:00,2018-06-12 17:59:38,2018-07-11,7556c18bbf9bc43b457d39c6921e7c22,2018-06-03
d2e99f5400c5eca09b3862c78a0afe77,32f7e622cfbdd94691a85692f992a9d5,delivered,2017-12-03 12:38:53,2017-12-03 12:53:16,2017-12-06 01:07:18,2017-12-11 19:39:38,2017-12-28,bf7bf802783e8b525e33fde224781e98,2017-12-03
d0474ae1c2cc3b4e0ac853b073fec9e9,17b8a885b9fe961edd408993cd61e606,delivered,2018-07-12 19:04:23,2018-07-12 19:15:14,2018-08-01 15:37:00,2018-08-06 21:52:29,2018-08-14,a6fc5b59016f37f2d6c0aa0f648b4d41,2018-07-12
b36f6a292525ebee68392ea412e750c2,3da4f5f4a30f156e67fb6e3eeac00c0e,delivered,2018-06-07 23:40:07,2018-06-07 23:53:58,2018-06-08 14:45:00,2018-06-14 00:37:30,2018-06-25,e8fb22638c3bc7ccf312ea7f0a0ce08b,2018-06-07
27167c20a18a136683606cb93c0168a9,d27aeb5071c4ea47a7345b7f14fd4398,delivered,2017-11-26 14:50:48,2017-11-26 15:14:08,2017-11-29 17:09:22,2018-01-25 15:16:43,2017-12-20,7ce9303c449965d4aaae8ade37ed7c15,2017-11-26
70a752414a13d09cc1f2b437b914b28e,db3234528c502acda9991fd53d7223d6,delivered,2017-09-19 20:03:29,2017-09-19 20:24:07,2017-09-20 21:48:52,2017-09-28 21:58:54,2017-10-10,ac28756ae14e9bab4d0da284e2ed0724,2017-09-19
aba560ab127e5b68433f34376747f9aa,8a920081eb3a86e479830b3e3184bc8c,delivered,2018-08-01 21:11:21,2018-08-02 21:05:26,2018-08-03 14:41:00,2018-08-09 21:38:51,2018-08-22,ed1dab3e2a156ab47043d93fae898a0d,2018-08-01
39af19b1c6ebb39c4e7100d28e4330b6,38a49a19c6dfe1e2581b373855fc3d8b,delivered,2017-07-05 09:31:18,2017-07-06 07:10:15,2017-07-07 15:11:25,2017-07-25 21:51:58,2017-07-27,2db82e4fa35953583d886035c79e9712,2017-07-05
7fae897a23c0c0b24a16aa156a536f91,594f97ee14747a7fe1d623bf200a7587,delivered,2018-01-13 21:22:32,2018-01-16 03:51:13,2018-01-23 20:51:38,2018-01-26 13:42:42,2018-02-02,5ccaad2cfe356734f866f8e9171274f2,2018-01-13
292eca290a6a63a28f9d60e200fea1a1,9dc7a30099b2485f7e35ba90cf781c88,delivered,2018-04-15 16:40:14,2018-04-15 16:50:21,2018-04-16 21:04:14,2018-04-19 22:02:23,2018-05-09,a1794ceaa51eaf20f8d4cf1bb6acb6c5,2018-04-15
408b675f9e40be5250625c8c70472409,c5e7d668bb18948a7bd56396e9a261a1,delivered,2018-07-19 10:44:21,2018-07-20 12:55:22,2018-07-20 14:07:00,2018-07-26 18:12:27,2018-08-08,d217bd1080f1600274515c3d9b78153d,2018-07-19
0ec0a26ea9679980a173bdfb70f3559f,2a7395da07867a067c01c65fce78f479,delivered,2017-11-15 11:34:23,2017-11-17 04:10:29,2017-11-17 17:21:31,2017-11-29 21:03:38,2017-12-14,ae5351d296545d7956d2192f74b86bbe,2017-11-15
be035da013bb467f707ecc6bbf8575c1,b47b23dadd6d8a6fdd1ef7f33d8f9aab,delivered,2018-01-15 14:48:33,2018-01-16 03:35:47,2018-01-16 20:38:41,2018-01-24 23:41:35,2018-02-07,1b47a1a7857868ac2bf233ddeb649df5,2018-01-15
734db12c3a1651cf9f036481d273c5c1,70201c46df8a5a5acf1388595fe1fcb6,delivered,2017-09-04 10:24:19,2017-09-04 10:44:36,2017-09-11 17:06:57,2017-09-19 15:52:52,2017-10-04,a46b4cd71dae0e09aedffa750b72474f,2017-09-04
083a0434b4fe46096d27412266b29d36,fd62142b93c2502e26ae2c2277a6dc6d,delivered,2018-03-29 10:47:24,2018-03-29 11:09:03,2018-04-03 00:42:09,2018-04-11 20:24:22,2018-04-23,96f71a3b61a692fe7d2bdfa2a8ff4b57,2018-03-29
f89a51effc7d2760e697be96c77149bd,b54ff90c39e772a3fb59be2b571ada86,delivered,2018-02-02 13:40:59,2018-02-06 04:33:20,2018-02-10 14:09:02,2018-02-16 23:34:06,2018-03-07,dde1a757068b4924710f9ef6d4378c32,2018-02-02
88277a9285f6f57753cd60d110227455,53dbfb760ba0871ec0ab89c75a75c9bb,delivered,2018-02-15 01:16:03,2018-02-15 01:27:43,2018-02-17 00:27:00,2018-02-23 16:54:57,2018-03-08,b573697e99c793970f0c7b8297c37894,2018-02-15
19d8197e89721596f26906b2a0d324e5,9ae375d61c8aa75cd1cee7f6949f232e,delivered,2017-04-26 17:15:59,2017-04-28 11:41:32,2017-05-03 16:35:37,2017-05-09 10:57:50,2017-05-15,61e3a33fd8f6bee5dd1291a2951c8760,2017-04-26
4708b6cbf7e34b7dbf3f7b75d6bfbd00,ee84ec15c366e3ff069dfc73b8046069,delivered,2018-08-13 13:54:00,2018-08-14 15:04:11,2018-08-15 09:17:00,2018-08-20 20:42:02,2018-08-28,22ac8971f405f9520b3e7cf37e042ee7,2018-08-13
bc1e260c14566150f353c716e61215e4,e4356c5636c21749cc7b40da4713bffd,delivered,2018-02-25 14:15:50,2018-02-25 14:30:28,2018-02-26 19:59:19,2018-03-02 22:12:05,2018-03-20,2df066cc96b94b23b0cc1f562ba4b5af,2018-02-25
a910d611631e3e0e3f105040e1878f33,6ca1e1d28efabe87e5a94ad3f0c7282f,delivered,2018-01-27 16:28:15,2018-01-27 16:39:19,2018-01-30 20:18:58,2018-02-06 17:06:25,2018-02-21,a141d715a23470bf165ed9576779fb7d,2018-01-27
0d8bde7325af3ab269064a609e832c91,52377ba56a9cb8c016e22bac30a53ebc,delivered,2018-07-05 09:38:50,2018-07-05 16:30:48,2018-07-05 13:10:00,2018-07-10 12:04:37,2018-08-08,6c379c0f395e52c00c28fabdc24f5f21,2018-07-05
36e08847e59e1d2e3dc6b1c1fb69fcda,41780f5332fd74783f7f527fcf58d21b,delivered,2018-03-10 12:41:26,2018-03-10 12:50:28,2018-03-12 20:32:12,2018-04-04 18:57:12,2018-04-03,e950071540cf40421957406687877bc3,2018-03-10
04da4dc0ed95cc93f9f25375fa08ad47,e9fa18734cb99d218c0bee8e5b02ab5c,delivered,2018-08-23 14:13:46,2018-08-23 14:25:56,2018-08-24 12:26:00,2018-08-29 18:03:30,2018-09-05,56987d3e10c71d7d4e0fc479e65a35b6,2018-08-23
61933015cb23bfe0cc59155373172d78,cec67855e440dab26bed6e4f780ea6f0,delivered,2018-02-18 16:15:59,2018-02-18 17:27:03,2018-02-20 21:23:17,2018-02-21 22:51:56,2018-03-07,8cfda3456acc1d222d4d3b7b3a48923e,2018-02-18
f77b693181aabb75ad5c54b4f158cf87,0fd700c3808e829c7bfd88d2a38e6c6b,delivered,2017-05-25 10:56:40,2017-05-26 02:45:26,2017-05-30 08:52:40,2017-05-31 13:41:39,2017-06-07,b6feb0df8259f87ba4dbb33c2d0f1016,2017-05-25
38d5ef6462d5c0929ea356606f4e58bf,82d29e420677807a2db924538cd25b48,delivered,2018-07-17 17:09:10,2018-07-18 17:02:29,2018-07-19 15:57:00,2018-07-27 20:50:45,2018-08-10,481b92cf4d0d566a5fac800ee98ddeb6,2018-07-17
1570fe1d14badec761d75ca93916bd6a,ed064a574e08a0062cf08d485375c9d0,delivered,2018-05-27 18:26:29,2018-05-27 18:54:56,2018-05-28 15:55:00,2018-06-07 18:08:45,2018-07-11,1d89dac71bba7665752a6e92475eacf7,2018-05-27
ff978de32e717acd3b5abe1fb069d2b6,82808ea6794ed5643bd23f65508aed70,delivered,2017-12-12 09:50:42,2017-12-12 09:57:24,2017-12-12 19:21:50,2018-01-15 21:12:27,2018-01-31,7e1ca53dbea2514cb38bb0de60e8f16b,2017-12-12
cf082b2bb0204ce0ba54ba584cbd3fd4,d3a7a0e5d26621573e347f943861316c,delivered,2017-11-26 15:54:52,2017-11-26 16:10:33,2018-01-04 21:13:46,2018-01-10 17:27:47,2017-12-21,0928131432790cc4aa4cfbd0a526c158,2017-11-26
b0aab42458e44a4368d8e548c55f998a,2eb58edf4b8493e1430234d8aaf76e30,delivered,2018-05-08 15:52:07,2018-05-08 16:18:12,2018-05-09 13:57:00,2018-05-17 17:06:35,2018-06-06,d0401aa66d5c33ae752ece32f8474d3c,2018-05-08
4c03716ec6e1d9291c862446c7d03fcc,3ff2ac0632e64a32fd699dda7e628b81,delivered,2017-03-27 08:03:45,2017-03-27 16:05:18,2017-03-28 18:05:14,2017-04-11 13:51:54,2017-05-02,cc89f289f5406db0da4a173b8ca74dd1,2017-03-27
18259631aab7299bf25f83f5eac4c8d1,77725f1458a3c3efcbfa208fd02da9cc,delivered,2018-07-10 17:22:37,2018-07-10 20:31:35,2018-07-11 16:08:00,2018-07-20 19:54:55,2018-07-31,729d3aa65c34acf0f35811a707adfefe,2018-07-10
eca3f5e429027f406b64f21754673030,1470c7af104f8a4e129eace53c91c75e,delivered,2018-03-24 18:17:14,2018-03-24 18:27:32,2018-03-26 19:03:43,2018-04-12 19:38:43,2018-04-12,1c95664ac009eb01b1907afee36b4130,2018-03-24
7f592ad42732ac393e0840a95fe32d7c,7d9eaf7bc81cb21be02765b903a7d525,delivered,2017-06-28 06:52:27,2017-06-28 07:05:09,2017-06-29 12:37:43,2017-07-05 13:56:49,2017-07-18,641584b3ec3027aaf8fa9c088f1a1a00,2017-06-28
61cfa60003f1d98a86cc3562f13b2ea0,8414a80d93d8f959167a33bf4f3e9a65,delivered,2017-08-09 15:48:19,2017-08-09 16:05:21,2017-08-11 19:43:09,2017-08-16 19:35:02,2017-08-24,d645fa4a7f33bf4574b735cc198e0324,2017-08-09
d5e9734f54e05a41246389d38b732a51,bc46822a62f07f6f519876caf542661f,delivered,2018-06-14 15:52:22,2018-06-14 16:18:59,2018-06-15 13:48:00,2018-07-02 18:04:09,2018-07-17,72b5bce23a612783406d77cbbf0586fe,2018-06-14
adcb2eeef370c9bf98f5d1e975397950,33b80fb8f69874ba86e105154a5e7712,delivered,2017-09-08 10:57:15,2017-09-09 05:04:31,2017-09-12 16:33:24,2017-09-21 19:09:38,2017-09-28,75a398e43d9757a4f7d6f622aeb22c47,2017-09-08
22fd6b3ad5e66520608b3eb76b19becf,e471f9bb185600f7662de69708e31862,delivered,2017-11-23 19:55:38,2017-11-24 16:13:08,2017-11-28 18:48:46,2017-12-04 18:08:53,2017-12-19,b6325ab81feee411933577fdc43f0276,2017-11-23
b6906ad8ffc10ced26f9f5850aabea27,a32f6f5b04da9aac4458faab366dbdc0,shipped,2018-07-29 20:19:14,2018-07-29 20:35:14,2018-07-31 14:24:00,,2018-08-07,b52c592eeccb7216a318c7a55efce436,2018-07-29
2305a735f5b64c8b4e0e7e3d64b5a39f,44ad33d49b814b211776dc5002fbc561,delivered,2018-07-06 08:52:47,2018-07-06 11:15:14,2018-07-11 15:22:00,2018-07-14 01:09:29,2018-07-19,ada9cdaab2b6c4d79f0d9f40d2a1b1fd,2018-07-06
587ed74a3001b5f1083b78c5bb0090c2,8e6524e5a9d3b947669c4202dcca38c4,delivered,2017-05-06 00:20:48,2017-05-06 00:30:26,2017-05-10 04:37:52,2017-05-12 12:47:56,2017-05-29,8135e811f7ddf66951e1faa7cd56be6f,2017-05-06
237bc9f2aa86b56ab439b6a508832d88,7b3bcacef7cca9f803ce7ca9f3c43285,delivered,2018-08-21 16:25:09,2018-08-21 16:35:26,2018-08-22 13:52:00,2018-08-28 20:22:07,2018-09-19,9f530e81ed3d659caa06433c94660d4d,2018-08-21
ac91b5810b959182a8f4366cef85eb59,6cfc78a2f324d2fc60ecf4c66e72dd18,delivered,2017-02-13 07:17:02,2017-02-13 07:30:12,2017-02-15 10:25:39,2017-02-21 12:47:33,2017-03-10,36bf041525639c3bc22a194fc2888de5,2017-02-13
4876b4ecbb74b9092df123fd372b4419,16d565425477f516882cc7bae128ea5d,delivered,2018-07-06 18:54:32,2018-07-06 19:11:12,2018-07-10 15:37:00,2018-07-12 21:04:46,2018-07-19,de406eb01e4bde792a724bb865be5fcd,2018-07-06
bda2f04a41788a693faa650bac613441,16c4024b31236bbdb509f655a45b4969,shipped,2017-04-15 17:57:47,2017-04-15 18:10:13,2017-04-18 11:53:53,,2017-05-08,6ef1adee8cd8b8eca80b0ad822e8dd74,2017-04-15
56ba02ddcb5947d6fe4d7816e623e054,cf30e087aa47a8348ecf72af4a2c63eb,delivered,2018-02-07 12:08:41,2018-02-07 12:15:33,2018-02-09 17:09:30,2018-02-26 18:58:24,2018-03-07,bac0786721127ff99da67f071a9c914c,2018-02-07
f811812f4598bc238e5006ba2acf8b4b,8003beed69b7930e175731e7d69f6563,delivered,2017-03-05 17:06:14,2017-03-05 17:15:15,2017-03-06 09:54:54,2017-03-09 14:19:06,2017-03-27,e24971b909303cb4778b916e9f030e90,2017-03-05
f1820747ffc1cde68a5b2c501dfe8292,dbf165106b71b1f129d0e677505aae57,delivered,2018-02-06 22:28:15,2018-02-08 07:49:36,2018-02-08 19:53:25,2018-02-21 22:03:12,2018-03-08,bcd4d1feaed9cec2130ec71082e436cf,2018-02-06
db73b0bf183667da81ff755fd5ab1228,f6491b702a81fb2c4b8e25d5ab0e56c4,delivered,2018-04-29 10:10:04,2018-04-30 09:55:58,2018-05-07 13:31:00,2018-06-01 12:12:39,2018-05-28,ac1557bbab86fbf70838e4b2b2d00bd8,2018-04-29
b5339ee686743c519402f862fba76aee,ea50d78b023d96a5d45a86d2059348e1,delivered,2017-11-29 01:13:28,2017-11-30 02:25:28,2017-11-30 18:02:45,2017-12-01 23:07:04,2017-12-13,554e8da6cbb595a9396b3804c5866834,2017-11-29
905295157bd28424f6c3139dcde920aa,097ce021afdda40c7055a54a30c2f6bd,delivered,2018-02-24 15:00:27,2018-02-24 15:10:24,2018-02-28 21:38:50,2018-03-29 16:37:22,2018-03-22,0e6f346821860fcc7dd1c8abb2422cfe,2018-02-24
f09126bf1e12e8ed060f26f510be949f,3e46d957b84b38b6d616d4a486ef89a2,delivered,2017-09-27 14:19:23,2017-09-27 14:35:16,2017-09-27 19:57:58,2017-10-05 20:23:42,2017-10-20,8a8184964479ee3db54e895e5a0a0d00,2017-09-27
e72618bee51ae5e11af9d42ce16be85d,614b330a676641a9d3f34e333d096612,delivered,2017-07-27 10:31:56,2017-07-29 19:45:09,2017-07-31 16:44:02,2017-09-12 15:14:28,2017-08-30,25c92a3613e1f6a804252e7ec51b2037,2017-07-27
fc849f5748eaa28001b2d222c598e8d0,d257fe0a4f5d705fc14ed0d30aa9ba71,delivered,2017-05-28 19:44:31,2017-05-28 19:55:14,2017-05-30 17:07:40,2017-06-05 12:10:34,2017-06-26,a235f1af5c7499734dad87f698783a22,2017-05-28
25b5031c6f1b02a190624b01069627c3,b6b658d58a60c4bedf0c112f80e7bcb6,delivered,2018-01-24 11:34:34,2018-01-24 15:07:29,2018-01-25 23:48:55,2018-02-06 19:05:29,2018-02-26,bc54474f8433c845bc7146b9b14e584e,2018-01-24
b3718f28653857ba876b640844d45d9b,338ee842af71339085c560431cfeae52,delivered,2018-03-15 10:58:37,2018-03-15 11:10:38,2018-03-19 14:44:34,2018-03-21 00:37:23,2018-03-29,462b2c6696f784f657d2b03acb9357e1,2018-03-15
e3911e9d71dfe83390a806612556c49b,35097ec0bdc9c57a7be632bf203c3c0c,unavailable,2017-11-13 17:35:24,2017-11-15 02:55:49,,,2017-12-04,f9e3e8736333238c84701d45ea0b6ffb,2017-11-13
448f2134b405628295b62b343cac4d01,54dd8cd0f421dae2d107f605c5e8f7fe,delivered,2018-05-14 17:02:19,2018-05-14 17:19:05,2018-05-15 10:43:00,2018-05-21 19:43:00,2018-06-01,9b59385b8f692eabad14d8f74c51f239,2018-05-14
5543f968d44e1a22c64d1caf5eef5186,b77899db8038bdab58b749545d11fd88,delivered,2018-03-11 20:51:17,2018-03-11 21:00:40,2018-03-13 17:48:44,2018-03-27 12:38:35,2018-04-09,4a73d109e0c739126f560ce621b8657c,2018-03-11
c1ec0ee0375e8c46ed793b079d1b31b4,04a20bd4f5e48fb7b93c496ce933f0d9,delivered,2017-05-29 20:23:35,2017-05-31 06:55:28,2017-05-31 09:22:58,2017-06-07 11:34:38,2017-06-19,3e5976f36b399e536f6922db49509fd6,2017-05-29
c83bfcbbc1e49ea80f7a77732efa3d48,d58f980a3110c5ab361e0b110ac333b8,delivered,2018-06-27 22:09:27,2018-06-28 01:11:23,2018-06-28 14:03:00,2018-08-27 15:57:27,2018-07-25,5fc5ae87cad7d2cc96d6a1a70a45268e,2018-06-27
dfff9fc44808a969ec1211d3ceca855c,80c1c4476652026dbed170c2892f13e2,shipped,2017-08-15 14:00:05,2017-08-15 14:50:16,2017-08-23 22:14:08,,2017-09-13,4e2c7fa3b3f51a3350a74b9705edb4cd,2017-08-15
038721fd1802532dae558bac820968d4,61e6a5b24f292e7d1763da7697b0f94f,delivered,2017-10-18 11:31:27,2017-10-18 11:50:08,2017-10-24 18:46:36,2017-10-26 17:18:40,2017-11-08,d0d944559cfb92c04e5ddfd05b596dbf,2017-10-18
525e80907574dfabd0d59adfaa107f89,69ac0bfbf88374692b7bc46fa05cb5a0,delivered,2017-12-04 19:18:25,2017-12-04 19:31:54,2017-12-06 19:15:44,2017-12-12 21:17:03,2018-01-04,ef008c5b0b06a91f85bc4b6a424e2112,2017-12-04
beb278f2f2946133b76dd6196b02d0e5,ba0761afd7146619e11ab4390e66bdd5,delivered,2017-10-30 15:52:12,2017-10-31 04:26:21,2017-11-22 23:46:45,2017-11-24 23:41:53,2017-11-10,b67873b49b356ea01c7af68b6f41b088,2017-10-30
251426971212d3b3bae10ca7062c6241,eb3ae87718e44bcc08735499926d839a,delivered,2017-11-08 15:08:18,2017-11-08 15:26:54,2017-11-09 17:05:39,2017-11-10 19:57:48,2017-11-22,c42e856d89c0bc91a5a0da38a528b615,2017-11-08
2373680d3bd825670bee96c048b19731,5e4868cdf4f54ae28d96d958cdbcc5f6,shipped,2017-11-25 14:19:26,2017-11-25 14:30:59,2017-11-28 20:25:54,,2017-12-21,ea275d79e6e94717a27321794c93102e,2017-11-25
64b6860d0ff4339bec73a08ed44a99f2,8f08b29cda61da37f0bb4c06d4090fb0,delivered,2017-02-15 11:04:52,2017-02-15 11:15:19,2017-02-16 16:12:43,2017-02-20 14:21:28,2017-03-24,fe0feae887919bd9c943b893985c1bf4,2017-02-15
7463f829999f41a9eea1e98f4e52b48d,fc1344637b9c3c2987e17c03a9624ba2,delivered,2017-10-03 11:51:24,2017-10-04 02:49:22,2017-10-04 14:22:29,2017-10-18 20:34:15,2017-10-30,e15bf8e7ec73db7a15a003b50f64abe5,2017-10-03
2356321f56c436e5108239a15643f42f,db123ecd452946335004af26e11ff209,delivered,2018-06-28 13:35:07,2018-06-28 13:50:31,2018-06-29 12:30:00,2018-06-30 16:23:30,2018-07-12,f7a9e0b54c684def111b996e73fe6755,2018-06-28
24d4bff2b51955551d358847eded0c52,4a818639e1977506b2cfa1b8047310df,delivered,2017-09-15 12:12:44,2017-09-15 12:25:25,2017-09-22 20:36:10,2017-09-26 12:33:02,2017-10-03,af4c2aa0210cae9ad7fe5e0b3fa0f69d,2017-09-15
e1e667177bf730d0964be7732d806213,fc13b8bee7302ebebe10949e338c3bc4,delivered,2018-02-04 01:17:31,2018-02-06 05:31:44,2018-02-14 15:25:18,2018-02-21 18:35:49,2018-03-07,41bc5154acf89cf53cc0445862a33cd6,2018-02-04
eb4d09476b0c4b4e17bee697d1adde36,d30c5b4b3b5e3156670d70ec32e26476,delivered,2017-12-18 22:09:16,2017-12-18 23:12:28,2017-12-20 16:46:46,2017-12-26 20:47:41,2018-01-15,e6e5d1f33e43552ff5762bf822e53d2d,2017-12-18
c560927c49695a19738493bd782687dc,a107670af1e9ad09b98f9f966e9d8291,delivered,2017-05-29 22:06:23,2017-05-31 06:55:26,2017-06-01 13:48:39,2017-06-14 17:23:03,2017-06-23,f331deec3ecd20bf7a67ae7f7e7d389a,2017-05-29
9e96f8b123651165684173d490bb7a82,74f5899eded43be6ab7cac34f31da656,delivered,2017-12-28 10:51:11,2017-12-28 11:08:07,2018-01-03 20:46:52,2018-01-08 22:19:50,2018-01-23,3df236402bc02ce30ba3ec32896f3a50,2017-12-28
44069d5290f313c03130f40e31c676ee,e6680cbc6ea1e3cf07a5803eb1a54e50,delivered,2017-05-17 10:26:23,2017-05-17 10:42:25,2017-05-17 16:02:23,2017-05-23 12:12:54,2017-05-30,4c089e73f45fc7a2acd1ea73c5df7c6a,2017-05-17
a9ad904bde6787e355771489eef73012,9a8ff91307a424b26e4ffb88eb1e79b9,delivered,2017-01-23 21:38:10,2017-01-25 02:55:14,2017-01-28 11:12:16,2017-02-07 08:47:52,2017-02-20,eb5bdaa9ace81785a5c3526bbd8d759b,2017-01-23
7e4428c9e14a7586963f5a518c9aa4a0,ad333e6ded9268a907aaa1d480826f7d,delivered,2017-11-20 11:45:42,2017-11-20 11:55:51,2017-11-22 00:31:48,2017-11-28 23:26:54,2017-12-07,fe613188d4d20ea3e3dc1290549c3ad1,2017-11-20
09d3cd95f911da31613353ea97a651e6,4c0e4e69a60620838f4c131f46498b06,delivered,2017-10-24 17:31:27,2017-10-24 18:06:18,2017-10-26 19:12:49,2017-11-07 18:12:22,2017-11-13,6aa418a1635d2c09acc3f8a9751dbb1d,2017-10-24
6d306f5d7fbcb1959017af34579fb7a6,05e07b271bcf1cfa9390e028b498bd71,delivered,2017-10-09 22:55:32,2017-10-09 23:14:29,2017-10-10 20:33:09,2017-10-23 19:04:02,2017-10-31,b8861544b65aef50364e9611d0fdc962,2017-10-09
b6f55e4af06bdd71bdfa6805094331ab,c56d4b738ebf7cf9cecd2bb436541852,delivered,2018-05-23 14:53:11,2018-05-23 15:16:38,2018-05-24 17:30:00,2018-05-25 19:36:23,2018-06-08,9062e9197dad1706747a396813ae7f8f,2018-05-23
18039c75b688e58760cca5b168b3b240,def513eb26f183ad903b94b9eef04bdf,delivered,2018-02-06 14:08:44,2018-02-06 15:56:05,2018-02-07 19:32:05,2018-02-08 18:08:57,2018-02-22,1ee25b4dd2916ecfc643f05ae869b8d3,2018-02-06
51d33e03b53c86c11bb49dac397b1a46,ec359a502fd8a54ed98d8d607e130f65,delivered,2018-08-02 19:18:03,2018-08-03 19:30:43,2018-08-07 07:33:00,2018-08-15 00:04:30,2018-08-23,0962210779eb78f82bd46b065a4a9b94,2018-08-02
044223df7cb37509bfeb2a0df1250ca4,f2d67e6cf876a8f7aa9e9119415510fd,delivered,2017-11-02 09:19:16,2017-11-02 09:35:30,2017-11-06 19:48:41,2017-11-20 20:28:37,2017-11-29,6c37a02a22b0afc98eef8508398a06c2,2017-11-02
e5b496243933ca726952157c6d6bb648,7311c29202fefce5535fba58232fb2c0,delivered,2017-04-24 18:32:49,2017-04-24 18:45:12,2017-04-25 11:34:56,2017-05-11 14:09:53,2017-05-15,5a0d126a66cdd45cdfbd43fc5a6bc52b,2017-04-24
7c97f3002c24421012ed83f34b377c3b,2506b56afdb0faef63b98c0e0328b4ab,delivered,2018-01-31 22:50:53,2018-01-31 23:10:07,2018-02-01 20:38:46,2018-02-19 19:22:40,2018-03-01,5e7444cd6a0f0d966c480f293d4b78b0,2018-01-31
75b60fe8ae4a01ed4c3152a11651218c,782de7052ff8ec3f9770843c3fbfd8bb,delivered,2018-06-29 23:02:10,2018-06-29 23:15:10,2018-07-02 14:37:00,2018-07-03 19:48:06,2018-07-13,d16f2966cda34d01f661bfc50635edb2,2018-06-29
6de8edc4855c85bbcaf86b5e27b8d367,32ac8996f8fc1a221e11fa48bd39fa18,delivered,2018-02-07 13:29:38,2018-02-07 13:51:21,2018-02-07 23:39:22,2018-03-07 20:16:30,2018-03-08,3e3f3b429b8f808303589da2ad50e349,2018-02-07
aa3e939d90791cb80173b38e4faf79a1,a879d50fdd72760d7cbc0b7a4fbd8a30,delivered,2017-02-05 23:52:09,2017-02-06 01:05:37,2017-02-13 12:23:46,2017-02-16 13:22:08,2017-03-17,d451891847b64bb4cf9a40e9cfe1c7a2,2017-02-05
41139489fb8433d34419f648aa690815,9909b2105c93cda0354677dde50d062b,delivered,2018-08-09 20:03:12,2018-08-09 20:24:41,2018-08-13 14:38:00,2018-08-14 19:52:38,2018-08-16,d3d6ab87a6237ddb00f6184ac56a846b,2018-08-09
4ccb18585c6005147fbfe3c78a9caf2b,6697c56bf8cc15ac55a3642f37e503eb,delivered,2018-02-15 14:18:07,2018-02-17 03:47:42,2018-02-22 05:19:50,2018-02-27 13:25:00,2018-03-02,06aa519e7da1475b35304e13f28a1d5f,2018-02-15
6fad49da8f66678c9590e7c44a4944f9,0d266b837839ed7dab5ac9252f974995,delivered,2017-04-11 17:39:16,2017-04-11 18:02:32,2017-04-12 12:43:40,2017-04-17 08:58:36,2017-05-12,22970a5a17bba78ac85eeb8aeac73615,2017-04-11
e8a6076acc910f75cb8b149ecc89441e,4cf5be43eb5569afdfe16e158ae940c2,delivered,2017-07-04 12:34:28,2017-07-04 12:45:19,2017-07-11 15:17:00,2017-07-19 19:43:11,2017-07-26,a1f23e4dde67cf0cf575e23622008ab1,2017-07-04
ad1e6579c0a8fffc5d8fe3f60fec72f5,0176dd91cb1143804dd30b2f4968b23a,delivered,2018-01-26 15:29:54,2018-01-26 15:40:31,2018-01-30 01:58:58,2018-02-05 16:54:22,2018-02-21,a3fb9034662b9eaa79ed63a94b03a48b,2018-01-26
c4e1ea7f49c3156d4ec6e597f9299c7d,f4b6532c70b2307896e02a2213906314,delivered,2017-10-30 14:56:36,2017-10-31 04:06:23,2017-10-31 17:05:54,2017-11-03 15:47:48,2017-11-10,d8bb70a0a3c95855167b0b8fd87eec68,2017-10-30
4b17e1c5883e048067f7ea46b74fe222,aa6ee75a5950e07fa3f543bf48ee608e,delivered,2018-05-07 14:52:26,2018-05-07 16:52:51,2018-05-08 13:59:00,2018-05-14 22:32:18,2018-05-30,5b4022860c7de252d3cc645fa65090f9,2018-05-07
934b7f6dbf65d976b415011a2e286581,fef1650febdaa4fbc1a1420ee9f0f6be,delivered,2017-10-01 14:46:59,2017-10-01 14:56:14,2017-10-02 20:00:10,2017-10-09 12:35:08,2017-10-18,6db0b84841ced85977691cf52ed05e80,2017-10-01
5958fb8c6e854b986800307f995fd209,7ec8405b4aee6ab5a9747aead0e096b7,delivered,2017-09-01 20:04:49,2017-09-12 12:35:16,2017-09-12 18:47:56,2017-09-19 20:27:58,2017-09-22,7a8c8f8e061da8b05638962072ba6c92,2017-09-01
67bc7ff7cf5396dc164d5d3c3d251760,afd73acdd42405b032d0128e5e2f271a,delivered,2017-11-24 09:10:08,2017-11-24 13:31:21,2017-11-27 14:59:16,2017-12-29 15:16:33,2017-12-27,1dfd2a6a5da29b716d514aad237a2b09,2017-11-24
a17d4b0709e6ac90ab18c03c61224c26,0223b85b1e7ae199e2336d4f8da036b1,delivered,2018-06-25 10:23:15,2018-06-25 10:37:46,2018-06-26 14:19:00,2018-07-05 00:51:15,2018-07-17,7a47a31f913102dcad2ef5b5a2f762e1,2018-06-25
7264146dc0b366ab7e89b2f947bff7ef,b755f062c2c480beb455b40627f6dfd7,delivered,2018-04-29 23:43:15,2018-04-30 00:25:15,2018-05-02 14:11:00,2018-05-10 20:51:31,2018-05-18,a3286db77e34c2202da565d49da18c68,2018-04-29
d15d5477cce94ff7cc703231f43288a2,2ed038155d7facf771a02b24d1a90447,delivered,2018-07-20 19:11:27,2018-07-20 19:35:17,2018-07-23 12:02:00,2018-07-26 22:46:39,2018-08-07,2c9622b8ee4b9ed61e9bcc0983486cfd,2018-07-20
f1c5c99f2f4d0beb275aea3a7bfa7583,d534784ad25e4d6e1aeb1f66ffb9e09a,delivered,2017-12-08 21:13:04,2017-12-08 21:32:36,2017-12-12 16:18:50,2017-12-26 16:09:57,2017-12-27,f1d54bfbf0a924f700028fda384b3c20,2017-12-08
7dc612f01ed1ea109cca1490c9e59a7d,1f36b92329b44c41b271497703be85e6,delivered,2018-05-10 17:44:55,2018-05-10 18:17:55,2018-05-11 13:46:00,2018-05-28 20:58:27,2018-06-11,337250344f38cc8a88449b5d71fd2959,2018-05-10
f1a96431843abf74cfdda6b6307971fa,6a670a778bea4407bae72f8e5c4e7ffd,delivered,2017-04-03 22:37:55,2017-04-03 22:50:17,2017-04-04 13:52:56,2017-04-06 15:33:07,2017-04-24,c5e25440a147367c5b2ee3d48f6ac7a5,2017-04-03
b570dd6ed360911428867a6962dee65b,1ab6843063af57afe30595a3444467cc,delivered,2018-02-07 20:45:24,2018-02-07 20:55:55,2018-02-09 23:03:59,2018-02-22 16:59:49,2018-03-09,48aefd0f420c5907ed4b2e36d0076441,2018-02-07
fbf96285c7d996a4ddcc48002f857af1,236423b6751e8c624b3e72f25ca8adfd,delivered,2017-07-23 22:20:23,2017-07-23 22:30:16,2017-07-25 19:34:08,2017-07-26 16:33:58,2017-08-15,70505686113e7a45536810bdfa15008a,2017-07-23
f49a4845f6b824e13d9a0e15ad9e599c,2edd95950a67ad28828e6cb82d31bded,delivered,2017-11-14 16:08:09,2017-11-14 16:35:33,2017-11-21 23:18:55,2017-12-20 18:59:05,2017-12-26,a0621f39c9e44951cddb38da9088bea6,2017-11-14
15b47aae9b2b85e58cef96eeb609c1de,d45d4419f38d21a9248af9ac01791269,delivered,2017-11-23 20:21:40,2017-11-23 20:32:00,2017-11-24 18:36:58,2017-12-11 22:58:31,2017-12-19,1057d4001c0de06ea742f7f99aab6677,2017-11-23
52ef81c49a349b1162a7bd4a8c2034e4,3caa046edff3326e7b06ce037829952c,delivered,2017-04-16 14:25:05,2017-04-16 14:35:19,2017-04-18 17:18:11,2017-05-02 16:55:10,2017-05-08,0f7af00e3ead3844a9b0f81369340ebb,2017-04-16
aa65687a2c44d9477d815b5e2d568901,a215b276dcbea05a216373c4f00768f6,delivered,2017-12-28 17:01:59,2017-12-28 17:14:33,2018-01-02 15:44:38,2018-01-09 19:04:48,2018-01-23,f90d8d6b2f6ace18ee2d185eed485116,2017-12-28
58acbb7315ddfcd40497860d21ab1662,7a3c49c71b36b26e7901cac9209707a1,delivered,2018-02-19 19:57:48,2018-02-19 21:07:14,2018-02-26 16:43:24,2018-03-08 14:37:27,2018-03-12,42b160d9091c9002e82514d613cc80c4,2018-02-19
5e3e20f7b30f0f66aa9dccc8e30cfb1e,6ec09f6887b146bb77c576f4f07c6f1d,delivered,2018-02-02 00:35:13,2018-02-02 00:52:14,2018-02-06 14:54:58,2018-02-15 15:33:37,2018-03-05,e971d6d470020bc53ec7698aa4475665,2018-02-02
08791ec24b12af5af099ce45bdf3a396,98910418a06188d89fe89354cf41ccd7,delivered,2018-04-17 08:38:41,2018-04-18 15:45:18,2018-04-20 00:03:37,2018-04-25 14:13:54,2018-05-17,96297b7f2c89525e5182a83875ff70e8,2018-04-17
88860d93217b743a342d87689e17bdbd,b64809e875690f8bbd63c3b726a8959e,delivered,2018-03-10 10:48:11,2018-03-10 11:08:20,2018-03-12 23:08:34,2018-03-21 17:24:49,2018-03-22,b628a5624473f220735f504870eaf6c5,2018-03-10
4becfda49755e3759f3bef6ebb43e88d,bb7b6f78873d1f1914829f1e0fcbecdc,delivered,2018-06-03 20:06:40,2018-06-03 20:31:16,2018-06-05 11:36:00,2018-06-07 14:16:58,2018-06-28,21a0245a37a2ab9d020db08b1ec03616,2018-06-03
029f37989dcd7c9b928028086d68034b,953d151252d1305b272923cb0776a79b,delivered,2017-11-01 08:00:08,2017-11-01 08:15:19,2017-11-08 00:52:54,2017-11-14 20:09:17,2017-11-22,c8f4f0e903ec33304d2c7a5301a94c7e,2017-11-01
587065077b677088697c8e99e2c8e273,da9d48cb8449edad3619186b3dd0c180,delivered,2018-08-13 12:55:39,2018-08-13 13:05:20,2018-08-14 14:05:00,2018-08-15 21:17:50,2018-08-20,1e007f34a068548c0f0a411e301fa115,2018-08-13
940f98f306f127ddd621e4a991e03478,d52da13f5938784b86666bade7b1d578,delivered,2017-07-27 12:40:56,2017-07-27 12:50:17,2017-07-27 20:24:20,2017-08-09 20:16:47,2017-08-28,9f217bbd3e1ae6856aec9d9a7ed2c80e,2017-07-27
4183d7a336883150da3c52cfae5688f7,937e64116b8e024eea0b4c0153692fd6,delivered,2017-11-25 00:33:24,2017-11-25 02:33:06,2017-11-27 21:16:08,2017-12-02 19:58:06,2017-12-20,a2b57859e65116fd8c8e24fa7422bd13,2017-11-25
d9773132aa1151c56c6f940c8d29cc0a,343506512287287cf0c18d485fe44c9f,delivered,2017-11-24 16:26:15,2017-11-24 20:30:58,2017-11-28 20:51:43,2017-12-10 16:03:08,2017-12-15,8e84222ad36cb6ab528b745ae6e18d11,2017-11-24
84a649c5b7af51c49e0041fb5e3486d8,f43f42c150e9eab7bf629d7e3fb3709f,delivered,2018-05-08 07:25:45,2018-05-08 07:55:13,2018-05-10 18:29:00,2018-05-18 17:39:58,2018-05-25,e5104da1b12ddd51da50b5855176fae1,2018-05-08
397fbd7be8f44b1e8bd7499ed8fab4a4,c88844e0c19da69e0525890d2b666e94,delivered,2017-10-20 14:47:37,2017-10-20 15:05:57,2017-10-24 11:33:07,2017-11-06 20:58:34,2017-11-08,f213b7e8b3c446f8b3fe44f4aaf361af,2017-10-20
2cedb157302d27f18d5648e77f92d56d,6efd038b1c60be0ab8d554e9b488a40d,delivered,2018-06-18 20:56:17,2018-06-18 21:17:51,2018-06-19 14:04:00,2018-06-28 19:08:41,2018-08-01,89b7bfd59a3bfa4ff36a5567a487e54c,2018-06-18
8ad883016b6266c5cbbface4f5e4ecab,29fbf33d732cdc639a51bcab305ec6a9,delivered,2017-04-20 15:59:14,2017-04-25 21:34:50,2017-04-27 09:18:02,2017-05-04 16:18:49,2017-05-31,e38a9d13896946501404c6d82790728c,2017-04-20
bea71d4639ca3f09311fda9ea2fc7798,e4bd5664268cc038333db36f57625a24,delivered,2018-03-31 10:49:52,2018-03-31 11:08:23,2018-04-02 19:42:20,2018-04-06 22:21:44,2018-04-19,e2068b43baf62eb4545505e99cd12ee7,2018-03-31
df2f177b04bac67798590bc71213dcc2,fbf0bdb831c80d46f0001ecaecd18ca6,unavailable,2017-11-17 15:29:22,2017-11-18 15:35:28,,,2017-11-30,48e50d698f52cb6a753d80e85ad124a4,2017-11-17
13d42b83c086bc8b73e3b9c8aca4b88c,14cd775671f1cbb1db0e4c19b6a2961d,delivered,2018-08-01 17:16:02,2018-08-01 17:30:42,2018-08-02 16:30:00,2018-08-03 22:28:54,2018-08-07,42359f0d1ad83cadd2728fb1738c9218,2018-08-01
f4f4b61bf60372c3ecb43d647e163aa6,a3a21bf032df1c3f4b3c3304f25e7843,delivered,2017-11-21 12:11:30,2017-11-21 12:31:32,2017-11-23 19:20:39,2017-12-09 00:33:47,2017-12-12,a0488912f3470a18b4c5c5dea18730df,2017-11-21
185248b3660c8b12960b1b45f81758a6,c188123bd070ee752ddea0aa7ca1f6e8,delivered,2017-11-25 16:39:53,2017-11-25 16:51:56,2017-11-29 13:09:56,2017-12-08 00:58:57,2017-12-15,9747d33cb9ad0285e668028d76ce7873,2017-11-25
2b08b8f0627e686604ba0e5e9f3a06c7,fcfaf181e701e5915168b7ecfd02e160,delivered,2018-05-09 16:30:33,2018-05-09 16:57:42,2018-05-10 15:40:00,2018-05-15 23:08:55,2018-05-17,bf8853bc95a5f7459f3e4a04a12b15e0,2018-05-09
51aa2039fc98dc9e49bc883ead78ae54,b36a66381596ca6824c2ed8059e2a63c,shipped,2017-07-02 13:30:49,2017-07-02 13:43:40,2017-07-03 14:56:57,,2017-07-25,54ff310c4932ed14b0ce31080dd5f4c3,2017-07-02
c502827b2dc9fca209db1fdd910ebe22,b6afa385a4753bba4d17062428268bb6,delivered,2018-06-12 09:30:20,2018-06-12 09:58:40,2018-06-13 05:09:00,2018-06-26 01:03:27,2018-07-12,4fcda4b8283896e2987969a0aee17759,2018-06-12
fc6fd71961ba15e10fb27b9cda74fdb8,c958dd1901b023167a8b54c18b7cd526,delivered,2018-08-03 10:16:07,2018-08-04 05:05:18,2018-08-06 18:00:00,2018-08-16 16:22:46,2018-08-24,9066a8bead8e566a56cd74abaab8cda6,2018-08-03
6c9841106812441f8d244c22b9d07ba3,18a7334e84d18a1258eb22367af3498d,delivered,2018-03-03 17:02:40,2018-03-06 03:50:42,2018-03-07 18:05:51,2018-03-23 11:18:33,2018-03-28,b01595778cee75ac9ae774075ef11904,2018-03-03
7bcacfd812c9d8194d414b83d7e28153,f58c599c3632821a4a9fbbea187fabde,delivered,2018-08-13 13:33:15,2018-08-13 13:45:17,2018-08-14 10:56:00,2018-08-22 14:24:47,2018-09-10,39c94711f67eef8b333eec08e1b96762,2018-08-13
848b99752538e17e5a48212d76416846,9d27f64e63e4599ce90c0646b2f09efd,delivered,2018-02-28 20:57:51,2018-03-01 02:48:17,2018-03-02 12:39:17,2018-04-05 19:07:42,2018-03-22,f52319a9425f4d047832c682e74931fe,2018-02-28
7eee039d49ee815e69350a021cae95fc,a178c62795494a0a0eb68d6014677440,delivered,2017-04-25 19:12:43,2017-04-27 06:35:32,2017-05-05 12:23:06,2017-05-13 08:27:53,2017-05-12,9a0b12c05e9ad5a3cb97291e860b0a56,2017-04-25
023faf5fac58639f7cf53cb7dd219859,affe45dfbbc85f104e46987acfae38b3,delivered,2018-01-14 20:18:38,2018-01-14 20:31:34,2018-01-20 10:45:40,2018-02-02 22:48:40,2018-02-06,485b849ef839f0f401da8bfdc7ac2781,2018-01-14
1c1975ccdbd34c48a241f30cc2258dbb,4b8aa85bd0844a2cfa46261b1afd9386,delivered,2017-12-20 22:44:00,2017-12-21 16:13:10,2018-01-17 14:49:56,2018-03-07 17:48:47,2018-02-22,5845b9ba0fc652731bc389c5600302e0,2017-12-20
107280d6c872d2faa258ccce4d2e8798,d2a29aeee0376ac64c4169f79ff15d84,delivered,2017-03-16 10:02:57,2017-03-16 10:02:57,2017-03-17 11:03:33,2017-03-22 12:34:17,2017-04-04,e7c814132cd3a9f26e5a71a819d6b21e,2017-03-16
9cb6476278f2baad1be61b03dc7c8d59,17050a0d14bd35a6897daf9eefbd7d00,delivered,2018-01-03 14:55:34,2018-01-04 05:10:17,2018-01-05 12:12:31,2018-01-08 15:19:00,2018-01-19,569ad7e947dcbded8831b60cea12f948,2018-01-03
32e761ce606f7a8625682e65990b94ed,d7ee3bfb60f039d94e21001ab6a9a7af,delivered,2018-03-26 07:29:31,2018-03-26 07:47:22,2018-03-26 21:49:04,2018-03-27 23:58:36,2018-04-06,3c7a1b8817ce0f7814a53f3fc779bc19,2018-03-26
067410a773ded180052ac522f139ab41,f8bd07c127a4ae4a6674d9af09b1934e,delivered,2018-01-04 19:42:04,2018-01-06 02:08:30,2018-01-08 21:23:36,2018-01-13 16:07:50,2018-01-29,9f4017b249266e585fed4d44c4c1e600,2018-01-04
78cf5dc2baadfbac2c47c6ef7c2a2282,bdced1e75dafe66bd70dc84af644bca7,delivered,2018-01-12 16:19:31,2018-01-13 07:48:35,2018-01-17 18:55:35,2018-01-23 16:09:26,2018-02-07,dee6a650840de087ac42c4367bc9baf3,2018-01-12
d634e78710f26d98ace611f615489774,28a8d09f82de529e674494be659d4c86,delivered,2017-11-26 21:51:50,2017-11-26 21:59:33,2017-11-27 16:07:04,2017-12-21 23:19:11,2018-01-23,2e08911037fe7ec67377711eee1fdbf3,2017-11-26
54d65ba100747f2456fc1d1e314ceb26,db59c47f100c554beb2fdf19d892b32a,delivered,2018-01-19 12:55:53,2018-01-19 14:59:29,2018-01-19 23:28:57,2018-01-29 19:19:07,2018-02-14,52f8542252b5cc4028e9d6df45944bc5,2018-01-19
09b748b3799286e3df820f2d5528abbc,2a2fd17c1706896127eff21e3750c0ea,delivered,2017-05-11 17:15:48,2017-05-12 02:45:25,2017-05-15 09:45:54,2017-05-18 09:47:37,2017-06-06,5f5fdb9bc306b91204388b0b8da5ed6c,2017-05-11
29e40e2efb1493c943466c5e401d08ab,ae76c44184338c1561d13d5639fbd726,delivered,2017-03-22 12:10:36,2017-03-24 01:43:19,2017-03-29 15:17:05,2017-04-03 14:55:45,2017-04-18,720223ed3527a73ad741ac38eec7f6ca,2017-03-22
07a4d91148af619890def9a1ac3de73f,b18c3b2965c137609a80f4254444c0a8,delivered,2018-06-04 19:59:56,2018-06-04 20:15:13,2018-06-05 14:01:00,2018-06-13 17:08:45,2018-07-24,888d3667d8272a0f9c9c346e8fa11fc4,2018-06-04
7115f68b3dcb8f49a29394c0046e2a66,4f553648de87c57ab72ad47bca12fdf0,delivered,2017-09-25 09:26:43,2017-09-25 09:44:03,2017-09-27 19:53:11,2017-09-29 19:26:49,2017-10-10,aedce1129f275db7e3f3d3900f8dbb0b,2017-09-25
beab8ba6e1c08b35966c8d1711b9f591,f8b5a4d4af546a104faa5f7bc10619b3,delivered,2018-03-02 17:58:09,2018-03-02 19:42:23,2018-03-08 09:32:06,2018-03-16 11:33:37,2018-03-23,af8588ed9e0f9707e03520b19a8db26b,2018-03-02
d2ef78d642086d0cea1193953c8732be,6d54acc72b9bb27db5e46f04fe577e74,delivered,2017-11-24 19:46:05,2017-11-25 05:16:33,2017-11-29 13:29:13,2017-12-04 20:42:32,2017-12-18,b83736ca9d8ee95188aebbe3e590e0b5,2017-11-24
6638ad71e30623cf87cdf58a9a0d4d15,f90ea0e649c53031d7eba1debc731684,delivered,2018-06-26 23:09:08,2018-06-27 13:32:54,2018-06-28 14:31:00,2018-06-29 22:44:33,2018-07-13,e61bbbfb6b11d4fcf003388845a77576,2018-06-26
0810ae0fa88d7880bf3d2fa5fa172f60,906f75ff5f7787189179654a7db420eb,delivered,2018-01-21 20:43:26,2018-01-22 13:59:24,2018-01-24 17:14:35,2018-02-15 20:32:23,2018-02-19,53483554cde88b1803f9df736ed2252d,2018-01-21
7ac3402986077088fc8185e65ec5c7b1,c71aa5eeaeb9279b09bb725f6a2c8cd3,delivered,2017-10-31 20:17:23,2017-11-01 14:26:06,2017-11-03 14:05:39,2017-11-10 17:11:35,2017-11-24,f63a0f959d85c7a60d96968bd9e47fe2,2017-10-31
6a8cd9e90574ad4ac8c5850d2365648e,716ec70b79099dd7fe34755d31c54c3d,delivered,2017-09-27 11:55:27,2017-09-28 03:36:02,2017-09-28 19:26:51,2017-10-09 19:17:52,2017-10-30,ec818580e00a22524f0661e18eb402dd,2017-09-27
9deb96b0101b346adab6ec2418c56e7c,9f63cda61ba29ae3189ee28f4056e4a8,delivered,2018-01-22 13:48:41,2018-01-22 15:53:28,2018-01-23 22:25:57,2018-02-16 15:06:49,2018-02-21,321e9b844556d1c6967fa890e63f12a3,2018-01-22
02cb7027f3074adf1407706d712298f7,70bcff60e160a0009c17030cdc375f6e,delivered,2018-08-07 19:33:01,2018-08-07 19:45:18,2018-08-08 22:25:00,2018-08-17 20:54:31,2018-08-23,acbb9404f912d0baf4c5dcc4de5480ee,2018-08-07
67f05f6d7d84bf6e1abf7d7d8e8a41e3,997f151339e5077fe22d22b321308d2f,delivered,2018-07-27 19:46:45,2018-07-27 19:55:11,2018-07-30 12:24:00,2018-08-06 14:48:50,2018-08-17,0b613a282e9dfd7cc3ba1c74468053f5,2018-07-27
f61b4ccbaddccab272bfc6fb3832cd85,0a2c4321fc554a60d3e3a7c0349c53b3,shipped,2018-07-10 08:10:51,2018-07-10 08:45:18,2018-07-12 13:56:00,,2018-08-09,9e97fb9d05105a3429d68c118238b46a,2018-07-10
ce7364e31a5ed0653bfcfc6d7f2b9785,c4b7c369e658d66e104d7dbc1738b3f9,delivered,2017-07-15 19:51:13,2017-07-15 20:05:28,2017-07-18 13:07:48,2017-07-22 13:37:40,2017-08-04,5e31c8694d793e555aff2349fb84d9ff,2017-07-15
af18dcad5c76de4eec9a63dfc1672296,285061238e7b7f6095975a7c36322e05,delivered,2018-01-07 22:59:13,2018-01-07 23:09:22,2018-01-09 18:16:04,2018-01-23 22:18:06,2018-02-08,763263570fef404b7201e1172dd23fde,2018-01-07
c6b9d35e4e9ddeeeeb374acaf98dbf2b,4fe6e159f06434ef5ddae50ff1fa6533,delivered,2017-09-27 22:01:24,2017-09-27 22:14:24,2017-09-28 16:42:43,2017-10-10 22:28:22,2017-10-27,d104884584163c5c8cd9fcb6f52e3017,2017-09-27
eb2d1fc632c7ad28095c6e9276422646,251bf9a821762a3e95155e2519ad616b,delivered,2018-03-19 14:22:48,2018-03-19 14:35:59,2018-03-20 15:48:43,2018-03-29 11:34:36,2018-03-29,7b0e13ab6fadbbd9e7f4fd65a1e80d3d,2018-03-19
31602bd34088eca0a7371827ab479b92,66ff5782ffd6ce3e04be03a839ef91d8,delivered,2018-01-03 17:20:23,2018-01-03 17:28:32,2018-01-04 23:48:50,2018-01-23 22:48:58,2018-02-05,dcf5ec1c1ed0ae75ec58cd522d210a0f,2018-01-03
37171240b533064451dd9e3f15e36c9e,e53b534236436f97ebaf56e1f3929c46,delivered,2018-07-11 23:21:05,2018-07-13 04:35:17,2018-07-13 15:16:00,2018-07-20 16:43:36,2018-08-03,72b6baa5f61ff8943a39d2d59c11414b,2018-07-11
efe25c5060f2a7fe3f1db0477f58b0dd,57d74bba7d8b5157d8b900559eaea3b3,delivered,2017-06-23 09:27:56,2017-06-24 02:45:15,2017-06-28 12:30:19,2017-07-03 16:05:08,2017-07-17,e2bb7de0d49dbfcf65c2e90759b845aa,2017-06-23
bf19011f60f7f394faf33366baf9fa16,6f8512c9dfb483de55e1aa1312f007f4,delivered,2017-09-01 15:03:02,2017-09-01 15:15:21,2017-09-04 16:05:07,2017-09-06 17:58:02,2017-09-14,18f17efd50fd7e9595cc1a40205c937c,2017-09-01
b4924647a0523d99010023d68b76c18d,80600605c908c076d9e4073f2cb9430a,delivered,2017-01-28 13:23:50,2017-01-28 14:31:35,2017-01-30 16:20:47,2017-02-07 10:48:29,2017-03-27,0a2acc24796a8a33d615a44dcd2a5fdb,2017-01-28
9bcd65834ef8fc54f03ef36f27bc5645,ec25fe55c673e43d4b3a9bf813cc189c,delivered,2018-03-04 22:02:07,2018-03-04 22:15:34,2018-03-06 19:08:15,2018-03-29 02:16:35,2018-03-28,2f42854be89a364edb459d2eacd2defc,2018-03-04
1faf2c3bb6bc67c10fdb7a7fcf3814de,b1765d36dbc9e11b7f0f68d2fce1d37a,delivered,2018-06-02 09:22:04,2018-06-05 03:49:59,2018-07-04 06:38:00,2018-07-09 17:38:38,2018-07-26,113d43d09dded33b8e67b5f981d08cf3,2018-06-02
606449909d777e082c5043319f58c6dc,12af1b4304576908180963085a624693,delivered,2017-06-19 15:24:21,2017-06-19 15:35:12,2017-06-23 10:29:59,2017-07-14 19:53:52,2017-07-24,1e7e41aed1b2fb384f3e8c4a63b59fc2,2017-06-19
ae0b13cbf6e82e2f49f46634049d7d1f,6a4956f994ad41edae4c73b35b459a0f,delivered,2018-04-06 08:35:51,2018-04-06 08:50:16,2018-04-09 23:32:09,2018-04-13 17:44:47,2018-04-23,dfd25f8f1b88405791105e35263b1935,2018-04-06
d02c8608e14b940d4efee267ae23dc93,f6c2fddb486424d746d4a6ba2d27ccdb,delivered,2018-06-06 23:27:54,2018-06-06 23:54:11,2018-06-07 14:27:00,2018-06-13 00:36:37,2018-07-12,7afc4a1c2af2ac4a2b4fd9fe63037bfe,2018-06-06
264a331d5c477e9c99eda714b40f91f8,6cb971e55ee3a3e3c2a900e79c450d1c,delivered,2018-05-15 14:57:01,2018-05-15 15:30:58,2018-05-17 16:22:00,2018-05-18 19:03:39,2018-05-23,625ce1a10005bd1238f9a2ec9fb1c3c0,2018-05-15
18651239aa9e038a2e9e9f69557175f9,799f6e4d6741ab691299088bc5a7f424,delivered,2018-02-25 06:29:03,2018-02-27 05:30:53,2018-02-27 18:39:54,2018-03-01 21:04:12,2018-03-12,c6eebf79286ba72c4e49de1eaad31241,2018-02-25
d640a4c3a88331780424c072148b386d,2985f6b30228725ea3b233e6c8b87735,delivered,2018-03-14 13:42:40,2018-03-16 03:45:32,2018-03-21 21:25:36,2018-04-05 11:28:45,2018-04-11,5cbfdb85ec130898108b32c50d619c39,2018-03-14
585b56fe5bb7298eb2871ea0f6baa354,d4a40e2c4fd8890d35972f1062139b45,delivered,2018-03-16 12:43:55,2018-03-16 12:55:43,2018-03-20 22:42:05,2018-03-26 22:14:50,2018-04-02,94db88cda21064e388caa83f80b73a55,2018-03-16
f27e6836b49533e5507bad24755cac6d,9b5071755b38b9acb7b9212e70117f8c,delivered,2017-11-19 10:22:49,2017-11-19 10:30:32,2017-11-21 20:36:50,2017-11-27 23:51:38,2017-12-14,ce8112de25b79c018d33d346d760bced,2017-11-19
4789ca04239c99a9256e59d23ca3bd2c,e3f1b1c4b98f6312e51439b307986f10,delivered,2017-10-16 14:29:43,2017-10-16 14:50:11,2017-10-17 13:40:50,2017-10-20 19:48:11,2017-11-07,586759804d595b47030c9bbbf7b4f33c,2017-10-16
ddbbf91a5dc91f4757ad2ed77ab9616b,3e256600a04440a0b46eef09e5f994ed,delivered,2018-07-01 16:48:22,2018-07-01 17:10:03,2018-07-02 15:22:00,2018-07-03 21:21:21,2018-07-16,02ba7b822bc05258fc0b790a1a54bc36,2018-07-01
1b56eac6a1af4ad14e269f7639592b6d,87391f6f287f51cc9d2c7830bbed80cf,delivered,2017-04-15 15:28:36,2017-04-15 15:42:12,2017-04-18 15:38:01,2017-05-11 18:09:13,2017-05-23,c6ec01cfe3d613c9b55c8e63eec06168,2017-04-15
dafd4cd63e908de9d1d745fee1c89637,0f861f51e8b8cad6206f2942881bbb56,delivered,2017-10-03 16:03:14,2017-10-04 03:07:12,2017-10-05 18:24:55,2017-10-16 22:38:48,2017-11-07,1050cefaf509595442d35fbaf4c5b92f,2017-10-03
2711089c7fec59d4dc8483e3c6a12fa3,0ef59d9bb071def3dbf7e7b055965e95,delivered,2017-11-23 19:36:27,2017-11-23 19:47:39,2017-11-24 18:36:35,2017-12-21 21:52:08,2017-12-19,ccff55a63b6fa9b20b82336de002f30d,2017-11-23
20cea985bb2eb263b7abb5b2589a3f32,74ae211a91c91502f0b7d55d6f9eddf3,delivered,2018-04-15 15:24:21,2018-04-15 15:51:21,2018-04-18 18:56:42,2018-04-19 19:28:26,2018-04-26,f03987fe583d584b9e503ce5ba9411de,2018-04-15
46539a2a7ba12ec60ad78ead51805b26,09109390db732a0b45175f2da752f6ce,delivered,2018-07-25 22:06:19,2018-07-27 02:05:15,2018-07-27 13:25:00,2018-08-03 19:29:27,2018-08-09,3e3be4ab20da89485d950d6be80201ec,2018-07-25
29167b624a7980a896eefbf16c7c3974,e4a5fb15ebc9bbe4e224fad7989b5e65,delivered,2018-08-20 21:05:03,2018-08-20 21:30:07,2018-08-23 17:19:00,2018-08-28 11:51:22,2018-09-11,b1f7158c4df0bdff48da16f48da5577c,2018-08-20
20eb41a03c48823d50ca95fe6c17d438,f17c56f099132b68c0e46cbc666d24ac,delivered,2017-04-26 12:35:57,2017-04-26 13:10:38,2017-04-28 15:44:17,2017-05-10 09:24:47,2017-05-19,71b76805a1f54648a44fc6d9ca8a0c60,2017-04-26
2d84a50c6a3aaae840d7a0dbdde2df45,ba9de40a10a883feeb7bb4ca71ec9904,delivered,2018-07-31 12:46:23,2018-08-01 09:04:07,2018-08-02 14:11:00,2018-08-03 21:37:38,2018-08-06,5a318f8964459f0ec1af3f4bb4b1166e,2018-07-31
1d5f437b878f76103ac129b13e81bbbb,e17feb0f580f7f763ccb5684dd52cb1e,delivered,2018-08-03 13:19:41,2018-08-04 05:05:26,2018-08-13 07:35:00,2018-08-14 17:46:31,2018-08-17,881483770fdbfedae83075ad3ac0a289,2018-08-03
01e71f17355fc56620b0d3678f796c42,004a2b3e8b026284407c620f4f01f686,delivered,2018-04-18 22:19:28,2018-04-18 22:31:03,2018-04-20 19:42:01,2018-05-10 21:12:12,2018-05-18,e90a1b194724309bbaa6228c398d1748,2018-04-18
210f6de2695396bc0cc864241676e17a,79be080dff9011b58f6aec949be3224b,delivered,2017-10-25 21:33:47,2017-10-25 21:49:29,2017-10-26 21:19:45,2017-11-03 18:18:02,2017-11-13,6892effbf8013b8d62e2c47cf3d3bd58,2017-10-25
64e109aaf7444f521fb45a857dc33128,09d08b0705e879f4d8bcd0792308e83d,delivered,2017-11-24 10:59:57,2017-11-28 03:18:21,2017-11-30 19:28:58,2017-12-08 11:58:27,2017-12-21,a823bf289185646e289706549dfbb011,2017-11-24
e5bc812e034a9041261c8637e4dc4497,a63fcd0e94a363c54647f26b254c6ee1,delivered,2017-07-20 13:56:18,2017-07-20 14:10:15,2017-07-21 18:13:54,2017-07-28 16:28:59,2017-08-09,6aa3ab340cfc5f655a56e30d3285d753,2017-07-20
1dc6b058a15ea2fd8d58612bba662ab5,660608e62e70ab3f3bfe728f5098e686,delivered,2018-01-16 13:03:19,2018-01-16 13:12:21,2018-01-17 19:03:17,2018-01-24 12:12:13,2018-02-08,92f6d6f491876c7caf6438634aa219b6,2018-01-16
d8f135a040950408cd059c27a623bd97,1304ac93f1f11eea17208a52de500b24,canceled,2018-03-03 11:09:57,2018-03-03 11:20:35,,,2018-03-21,9de471f333d264cb6e1971a6dbdfb073,2018-03-03
4ad8cbb7faf3db8150935f1f06b16663,a5acc83d0613fa082aee11996117121c,delivered,2017-02-10 21:37:36,2017-02-10 21:50:13,2017-02-14 13:55:26,2017-03-03 16:04:37,2017-03-21,019d47513bb1164cc83fc2d6d7123ef8,2017-02-10
b53c76841e4d019129a1304df6739fe1,2b8d8c09f1f53771fcefd8b0e8ae7b60,delivered,2017-03-19 20:05:19,2017-03-19 20:05:19,2017-03-21 09:17:46,2017-03-29 13:29:52,2017-04-10,2206af8118157cf98f8718a823bdf9c7,2017-03-19
a0e645abd6eb15b02cdf8a5af28ba8f0,913ba50f9cfc946e0c92a9515cc1bceb,delivered,2017-03-13 09:54:44,2017-03-13 09:54:44,2017-03-15 14:47:50,2017-03-20 15:14:03,2017-04-04,c6ea1747a479bd1b6fca22207dccf5ab,2017-03-13
3dcd704a7a3f197f6c974cc97e5a3313,d3d15f8ea937386cd303c296833ea313,delivered,2017-12-08 15:30:50,2017-12-08 15:38:31,2017-12-12 13:41:34,2017-12-18 19:53:18,2018-01-03,b690f5a1ad0e3276e0909094a2edc2c1,2017-12-08
ed836a8fccba401754e0b283c9b32f09,cd259f364efa4e2633c2d2d2dd6f25c6,delivered,2017-11-11 17:22:10,2017-11-11 17:30:44,2017-11-16 16:37:30,2017-11-20 17:03:02,2017-12-04,a25e4309a2a4740517a478124a467eee,2017-11-11
33504b554c6fd21bee085f5a180a7fa3,1d30837716e836dea995c5dc66212fb8,delivered,2017-07-04 11:46:54,2017-07-04 11:55:18,2017-07-05 12:30:47,2017-07-19 18:42:11,2017-07-26,3921a10e0cae99e6455bc5ac62110ded,2017-07-04
8e013dae97f228e06604de7385cdb043,6d40c0addf1b97e24b37fd486c3ddc55,delivered,2017-10-31 14:40:16,2017-11-01 12:32:20,2017-11-01 23:08:41,2017-11-24 18:28:55,2017-11-27,8e78f2e8305481c8b0f285670de4829b,2017-10-31
2f6bbf69e7e15f419cef8a59761df265,e63ec20c198016eed02495c34bb68c08,delivered,2017-04-12 20:32:23,2017-04-14 02:45:40,2017-04-17 13:32:10,2017-05-05 14:08:10,2017-05-16,d296c3efd7780ca963e6bf6c5fb6e150,2017-04-12
98c8189ebf8816906dd9286580008261,d1fa1e219ddbb850e40ea06fa1be83cd,delivered,2017-12-15 11:11:40,2017-12-15 11:19:32,2017-12-19 18:23:44,2018-01-04 19:42:27,2018-01-22,ece739fca0be9c9a1df2d13257c298c9,2017-12-15
9edaabce3c4beef5432b6327ade4109b,d85a33fefc77c4027226b4af1683e21e,delivered,2017-01-26 11:39:55,2017-01-26 11:50:12,2017-02-06 08:35:10,2017-02-14 08:41:51,2017-02-28,cee4b4591e7b82254d2c518cc30333a3,2017-01-26
bb14443a5ce028e310466aaf0cacb2f9,3949590bb28376fcf2b77f181e76b765,delivered,2018-03-21 23:55:20,2018-03-22 00:10:40,2018-03-23 11:33:26,2018-04-04 21:32:53,2018-04-11,8a3f5cc9ef10ed6de99df24a577fc28d,2018-03-21
6c199b299fb721a27ece7358cf2be1da,f56953e513949005732f41ebacee1aa6,delivered,2017-09-03 20:11:07,2017-09-03 20:25:18,2017-09-04 15:28:10,2017-09-13 21:03:59,2017-09-25,0775913e3d506bf4fc1d1c92e7a56266,2017-09-03
84992c4145bf78ab42c0e997506e8ecf,495a15eb160b6c85259f568b9042ef5d,delivered,2018-03-18 10:38:22,2018-03-18 10:50:28,2018-03-19 18:11:36,2018-03-28 22:19:41,2018-04-10,1a6518cb5f8ac63190d03072e48efcdd,2018-03-18
8c3a5781b4f217b12c76e4216007e2db,ee446be704f02e18b31a0007ee5c1670,canceled,2018-03-20 15:23:29,2018-03-20 15:35:40,,,2018-04-09,8baf40106768ade624db23a1fd11808e,2018-03-20
d2e0fadb18eae2ce47cee10a51b09351,39d4d0661ae8b1a254691fae96fb0147,delivered,2018-08-17 10:23:01,2018-08-17 10:35:16,2018-08-21 08:00:00,2018-08-29 22:27:48,2018-09-10,ad20acec7b4a3d34152774684466a617,2018-08-17
49a7909b97f9d04abf822c29353fe343,d6c52e7cfae2c1fda93a81b706555188,delivered,2017-12-05 14:39:16,2017-12-05 15:21:27,2017-12-11 20:29:10,2017-12-15 20:29:06,2018-01-10,76b194442fc813ff3951595ba43e9dc2,2017-12-05
e738cb6a4fc5eb973194f81ed496b299,c206e0bfe99ad285d962862629f6fe25,delivered,2017-12-15 21:01:01,2017-12-15 21:11:30,2017-12-18 20:56:54,2018-01-09 19:35:57,2018-01-15,ab7227ae1d99c1bdd2188ba2eb0fec75,2017-12-15
b999bcbc5dcb6e24a831378739f69e88,299c964d79e3788cd73f4958f533dce0,delivered,2017-11-09 21:23:41,2017-11-11 02:55:44,2017-11-14 19:48:39,2017-11-27 20:22:07,2017-12-06,51ad85ac8e2afa6c5349d77d068bc394,2017-11-09
186b94634429b12c00204e57cfaf60ca,2215c3561e7410509f7dcc57154100e0,delivered,2017-11-28 12:46:26,2017-11-28 12:55:24,2017-12-06 00:28:57,2017-12-19 21:49:54,2017-12-20,ef17c73cb69a58c34f7e87b3257d11ea,2017-11-28
9dc6090bbebbe8d60da36a471fa46ddd,bb02ba4101d75efec2d27efad9bfe279,delivered,2017-04-28 13:40:15,2017-04-28 13:50:23,2017-05-02 15:36:24,2017-05-10 09:07:01,2017-05-23,1369bb7fb1abd8f428ddcb40e9d868dc,2017-04-28
d5911e5558cc0fdc917ff7421fe7e704,170078dbc688ee0902d9ec412728d3c7,delivered,2017-07-31 20:21:47,2017-07-31 21:15:18,2017-08-01 18:06:05,2017-08-14 17:28:04,2017-08-28,e5479c014413fc59c8e8049d0371f746,2017-07-31
b140cbedf84255e2eba118dff4f5cb6c,b400f2f5e114db9a66e14c9d8103158f,delivered,2018-04-12 16:35:05,2018-04-13 02:15:36,2018-05-08 14:04:00,2018-05-11 18:38:46,2018-05-25,57ae429a1b671b105b27989f63299abd,2018-04-12
acc957c82b00d1fb5b75a1f27a6d5a5c,f0475449a5e7db1fdc4148ea907fda6f,delivered,2017-11-17 13:01:19,2017-11-17 13:16:12,2017-11-20 14:49:01,2017-11-28 20:44:40,2017-12-11,6801ac66ee1d869de06aed63eab69c86,2017-11-17
c2c8a6bf69f9530b40dbe6b53119fcd0,118085aad226a83743ad0742382f2fea,delivered,2018-07-07 18:59:28,2018-07-07 19:15:09,2018-07-10 16:54:00,2018-07-11 21:28:24,2018-07-26,26cc960d8bedb50ebc139061cb4d1a86,2018-07-07
e39fab126fb47dd2f1a47b2af6422bc5,1537ca382e272f726154251d5c2789c1,delivered,2017-07-13 13:55:09,2017-07-13 14:05:26,2017-07-19 20:16:47,2017-07-26 16:32:20,2017-08-04,ed51fb992035af8795d5e3130f53dfcf,2017-07-13
48fa6f60d62fb1e0d0ada35a50180531,798e77ab78e5c41706598e1caaee0426,delivered,2017-07-26 19:05:17,2017-07-27 09:55:16,2017-07-27 17:46:03,2017-08-02 21:24:22,2017-08-17,4d41819ca6138661c3d92cd6a0e14c49,2017-07-26
2161b956d146a9bfd00fd463b69c6ba1,9dead22f3fb9ad35d4a1b5f9561dc362,delivered,2018-02-19 14:54:33,2018-02-19 16:07:44,2018-02-27 00:03:30,2018-03-06 18:42:12,2018-03-13,7a416e883c90289850b537386880ff43,2018-02-19
93222f3437bf5871248bac05a9e60454,59e332f4d0312e62e17ae68c81aae8cc,delivered,2017-12-01 11:35:29,2017-12-01 12:31:37,2017-12-14 01:43:14,2017-12-21 21:21:29,2018-01-09,211af9953196ee0d130c9e98c1750872,2017-12-01
9b226b2f43bb3e7863264a6cd3836ab8,ec5bf80cf58057e42f00b1e5eceb3c21,delivered,2018-06-16 23:17:13,2018-06-16 23:38:31,2018-06-18 13:27:00,2018-06-22 15:25:46,2018-07-25,d67e015d1818922f17ac58fe70a3b172,2018-06-16
54ff026266225c4598536539a9648c88,0294d91f6bcc29bc9c30fae5872430d0,delivered,2017-12-27 10:21:01,2017-12-28 02:37:39,2018-01-03 17:33:15,2018-01-04 19:43:49,2018-01-16,63dba940a39a61871dfdb9b529c1582d,2017-12-27
b042196844fac663617a8534823b6720,1b647f8a54bfd8baa6a26e3fadac97c4,delivered,2018-08-04 12:03:14,2018-08-04 12:15:13,2018-08-06 14:00:00,2018-08-13 13:37:45,2018-09-05,8987280b085470a9fb0ee97d75342411,2018-08-04
f258f1bbb090cc1a4c185540c7038332,c7d883a5d5ca22a57ace289db0004851,delivered,2018-03-06 20:23:58,2018-03-06 21:00:23,2018-03-07 22:34:15,2018-03-17 15:58:28,2018-04-02,bd502f855d31a761f72ae35c6985cb58,2018-03-06
a1ef4df483e27aab8cfdb7841f0fe317,1a6829104b045d6b112f944fda049193,delivered,2018-06-22 14:21:50,2018-06-23 01:00:10,2018-06-25 10:38:00,2018-06-28 15:38:53,2018-07-16,7060e43af707b9e0b1c47015abd862f1,2018-06-22
3823f120a83e20af66f49d377207bbeb,1e268e4d4dd343a3d8bcb8bc78839569,delivered,2018-07-17 18:18:59,2018-07-18 03:05:22,2018-07-18 15:20:00,2018-07-20 21:07:36,2018-07-26,0822f17656e904dee4ccbcd80419929d,2018-07-17
98da8355e186d682f0013046d8ad6db7,c3c290b32c2b985a74214ea1e7e11323,delivered,2017-12-08 22:47:45,2017-12-08 22:54:28,2017-12-15 09:33:58,2018-01-11 17:28:46,2018-01-08,5f6a77382335871b071ed30dc1a998f2,2017-12-08
b2c02abc77fd85115efdf30b9ca63b4c,e6e331b08650558480720c95b2e77a53,delivered,2018-07-06 11:33:14,2018-07-06 12:51:16,2018-07-11 14:42:00,2018-07-12 17:37:33,2018-07-19,637c4269ed1ef7865ed45e11d81689e2,2018-07-06
ed9cdcd0c62219331616e805ca7a824b,dc390c61e6ebaa34892110fccac0d58d,delivered,2017-12-01 20:27:56,2017-12-01 21:24:01,2017-12-05 12:07:05,2017-12-13 12:23:35,2017-12-26,0e454c18808b556a4e47fbcad21b4384,2017-12-01
ab06984b04c0624abda79b20ba1f985f,3acc59b50c125a36647e0e9fb87a2668,delivered,2017-11-06 15:55:08,2017-11-08 03:31:06,2017-11-14 20:43:15,2017-11-29 20:05:39,2017-11-29,77426f7a06e493a618f5eec875ee7450,2017-11-06
0ec73995908cf00519d1da725119d114,399cb3db1d7a4c442e4833b5f57a4429,delivered,2018-03-13 21:56:58,2018-03-13 22:40:30,2018-03-20 18:42:32,2018-03-26 16:17:01,2018-04-06,f0cd91b4062c68c65d115f48f368718f,2018-03-13
6b62c1fd112c4fd97899170bfb19a43d,947ac03152b213b0b824f7ae6b030499,delivered,2018-08-21 23:14:33,2018-08-23 02:44:21,2018-08-23 14:46:00,2018-08-29 19:44:47,2018-09-11,dee7f3ac54e075ebf4c5f080d8ccd178,2018-08-21
5f9500d487e1ab13436ab55d3b1c27d6,7d9f40a95248706df2f0f8f2406fe759,delivered,2017-10-08 16:34:44,2017-10-08 16:49:19,2017-10-09 20:21:27,2017-10-31 19:17:07,2017-11-09,0376362c3d6ae393dcca0d66c17a202f,2017-10-08
5762165bd52d70f5a54d4cfe067fe5fd,48c53e32f6c0534b869152393f374a2b,delivered,2017-04-07 13:34:22,2017-04-08 02:43:34,2017-04-13 14:14:41,2017-04-27 15:43:33,2017-06-07,9af588da106c929a4c0aa0578ec90d80,2017-04-07
387d33b2be3d1d8dd063941d1b57d3fb,a3631211bc272aaab72fad2aa11125f9,delivered,2017-07-14 09:55:17,2017-07-14 10:10:12,2017-08-10 23:02:30,2017-08-15 12:36:25,2017-08-24,1abb39330620468379baa8d035a9cca2,2017-07-14
84e340f8ce26dd8b76b86f8d2c84debd,759395ee0edd9984b572964443e98a81,delivered,2018-04-06 18:01:18,2018-04-07 02:48:22,2018-04-10 16:15:29,2018-04-16 22:41:08,2018-04-30,d989a7fea8031d257298863deca7729d,2018-04-06
788bca2425763e7cb77699ab9a1b135e,9944836d5a56d5519e181665f6371f3c,delivered,2017-03-23 11:09:40,2017-03-23 11:09:40,2017-03-23 15:53:52,2017-03-28 16:35:02,2017-04-11,0f27142af008894e9d6f9f134bc8fbc4,2017-03-23
df568f7f29522ff496adab0dcd60a3f6,7d9fba320ab9c9a2b2e2cda432b07e8b,delivered,2018-01-31 15:08:42,2018-01-31 15:30:25,2018-02-03 00:59:50,2018-02-06 21:22:38,2018-02-16,8dbf2da518cf9eab30c604f3efb5143d,2018-01-31
ee99cacd16c4ea4176729910016df70a,9d6c3f94903d3c85f5691210dbe2d95f,delivered,2017-11-29 19:01:25,2017-11-30 02:24:03,2017-11-30 20:18:46,2017-12-20 19:47:04,2017-12-26,68434fce981a8a2ff359192a871420c4,2017-11-29
44150e408d0bd0a5341db3e4f11a98d8,163a680a8f1fe1a8eef1b0c40276bf64,delivered,2018-08-06 16:49:12,2018-08-06 17:04:38,2018-08-09 11:49:00,2018-08-16 02:08:27,2018-08-20,27eecff5a6338f7c36c78ad05eacc575,2018-08-06
91c4a93764c64f05b6548ef057e6d3e5,170d57b7b1038cf7158b12025161b890,delivered,2018-08-18 15:38:06,2018-08-18 15:50:17,2018-08-20 12:20:00,2018-08-28 19:12:54,2018-09-14,aaba095fa2a2258b9deca8d73264320e,2018-08-18
e7ad5555cd68853b98cff91be575f605,01f1dc6000f77f9b0807f01ebde9ec12,delivered,2017-12-27 23:41:28,2017-12-27 23:50:22,2017-12-28 17:29:01,2017-12-30 01:17:04,2018-01-16,5cb2131024e4db17c368c812dc4b2fa3,2017-12-27
0abf7f13c92f93e708a28f32316b13d3,0adbcea65a531588e0a7c68142d54192,delivered,2018-03-23 22:03:04,2018-03-23 22:10:26,2018-03-27 00:52:33,2018-04-02 21:06:43,2018-04-19,b5e6527dc5f242231eb0248668eb2646,2018-03-23
c918c3225cd5d12cacf8c7e54e9444c5,6792b0ebecf141d45746d320bed0d951,delivered,2017-08-22 19:43:36,2017-08-23 02:55:35,2017-08-23 14:44:03,2017-08-24 23:22:40,2017-09-05,dac404dd8c3d5be7de58c20a8f9bcf4a,2017-08-22
901726cc51af45cdf902b4791c57d310,5d39a27662556eb01f5601ea0c7398af,delivered,2017-04-07 11:32:15,2017-04-07 11:50:14,2017-04-12 13:32:57,2017-04-19 15:53:46,2017-05-05,8be313230de40c7e4c9af757061c8719,2017-04-07
d07d8db4850966f820d3775360ccd6b8,20789090e052be519b3e8d97813bbfa2,delivered,2017-07-25 12:06:38,2017-07-26 02:25:40,2017-07-26 19:21:23,2017-08-07 18:34:30,2017-08-18,551f97f309e80f9b2c330d7b90e500fa,2017-07-25
c4de2c9027b739331dbfaebac612e662,40841af3671f219e781cb38f3bfb5e8b,delivered,2017-03-22 16:15:15,2017-03-24 02:44:04,2017-03-24 14:56:03,2017-04-04 16:52:54,2017-04-19,835728b2249d0f5b034fded608209dbb,2017-03-22
5cd9247ce82763db1d90bad25a221456,9d39986f52c6b7c373762b2e47a3205a,delivered,2018-02-05 19:53:48,2018-02-07 02:35:49,2018-02-08 22:52:44,2018-02-19 19:28:47,2018-03-01,1d5284bd00cbc010edbde9788912dfec,2018-02-05
79675ac76b2c97ba601ce736de298724,1173a4bd917d4e1a64917dd9851ccea9,delivered,2017-11-27 21:35:51,2017-11-29 02:22:17,2017-11-29 15:03:23,2017-12-05 23:43:09,2017-12-20,5a85f706b2059c3cd55287e105d8d5ea,2017-11-27
0b9585496a9549d76a405252c9a5a027,033f6866f9435a8fe0bca6b54666f543,delivered,2018-03-12 16:48:03,2018-03-12 17:10:03,2018-03-13 19:32:29,2018-03-20 21:26:46,2018-03-28,47a891a1662c1f27cd66c574ad2f4c95,2018-03-12
1c2fb7f84aa77300fcb6b698481c1e2e,169e46bb9d6c7e98ad722850e21e4c4b,delivered,2017-12-12 11:02:24,2017-12-12 11:12:19,2017-12-13 21:47:45,2017-12-22 20:42:09,2018-01-11,cc459e4c17af00c66948ad9d3384369d,2017-12-12
9e88094f9e6e638086346612624a6071,f82ef0f9c7032eaa21a18990b6e2679a,delivered,2017-11-13 15:48:38,2017-11-13 16:07:50,2017-11-20 19:22:56,2017-12-01 23:13:38,2017-12-08,8022c80273671be26b6ba3f15e194e8a,2017-11-13
6e7e6eaf0039ee7fee0886266ab15e3c,1538b69956aff493fda40edb1e6cbd45,delivered,2017-12-04 00:12:06,2017-12-04 00:19:24,2017-12-04 17:53:04,2017-12-26 17:16:02,2018-01-02,59bd7b23013a81a32a1bead8996fa08b,2017-12-04
8f601ac781af24a47c8faaa3ae3e2f1c,705d1f079872bb68d52f0a9968caae65,delivered,2017-11-08 20:08:25,2017-11-10 03:10:47,2017-11-16 19:29:48,2017-11-25 01:24:37,2017-11-24,76c035bf0962d324fb4f8a8dbabaa4a0,2017-11-08
f0480d88b450df6f626639e82382b722,0fbb00ce9569487ef8b95b9ec0b8e118,delivered,2017-04-02 21:26:18,2017-04-02 21:42:18,2017-04-03 15:15:42,2017-04-10 15:05:06,2017-04-26,5d392954355765f0c576fed227c09f59,2017-04-02
92907309dff7adcd19bbbb29d5fda792,5f5babb717b93691c4757d4bfc1293a2,delivered,2018-08-18 22:38:03,2018-08-20 10:50:21,2018-08-21 14:24:00,2018-08-24 21:12:04,2018-08-30,58c35d38acff62e4db02c16b669c6a89,2018-08-18
544ad058c3e8e84b8839be8fccfc91b5,f9307a868d628f108b5f304e4a6a4e12,delivered,2018-05-16 14:28:52,2018-05-17 19:33:54,2018-05-18 14:55:00,2018-05-22 16:42:49,2018-05-30,e9199a70926b8f0e73254691a089e27b,2018-05-16
2f90cbbae872c312d21619dbd02ab3a5,7b9acf95f2a5e2c59942cd80b765db6b,delivered,2018-01-12 12:05:12,2018-01-13 04:55:15,2018-01-15 17:24:09,2018-01-19 03:49:36,2018-02-09,74960d21c8da9a825f5f24d81fdc7d7d,2018-01-12
dbdd3beb8869ae263445924f3f08a695,e0b3665bc7b553f473071062e7c99391,delivered,2017-11-23 23:22:03,2017-11-23 23:31:56,2017-11-27 10:18:53,2017-12-22 22:18:35,2017-12-26,3cbacdbffb7e892903f284940f52e122,2017-11-23
283bf5d2f306422175c079231da015f7,42b5c4925f0f3725649d33e3833114a5,delivered,2018-08-03 23:18:06,2018-08-06 08:04:29,2018-08-07 16:09:00,2018-08-13 16:44:23,2018-08-14,6bfca63ef6ccdccee94ef0b0f6b6b158,2018-08-03
57d910db0cbe63c5b908c829fb9f3c17,77239c5f803e0d0cbb4e070dae9c28c3,delivered,2018-08-16 20:08:38,2018-08-16 20:29:39,2018-08-17 15:45:00,2018-08-21 15:38:53,2018-08-24,ebee9bb9ffc44a917e2dc7135bc38094,2018-08-16
2c927414e22e9898e9e0958b417f7ef5,e6fc377c18f51d5304e8d0a39c6c1251,delivered,2017-06-23 17:37:35,2017-06-23 17:50:09,2017-06-26 14:56:39,2017-07-04 15:36:44,2017-07-17,b4a5f78a2ced5a6fe02ffec98e1c92dd,2017-06-23
8fee0f490cce11cc2dc792974e21b3d6,6638fe29a1ceb0cad30aa332ee0d59a0,delivered,2018-04-17 13:31:43,2018-04-17 13:51:29,2018-04-18 21:38:38,2018-04-20 14:58:45,2018-05-04,9d0de98e6804a35e0827de58c2066702,2018-04-17
ebe208c5144e6963534e6a772c6a6939,32140932420c55308ddd876d2b6d7c15,delivered,2018-06-09 22:24:51,2018-06-09 22:35:13,2018-06-11 12:08:00,2018-06-25 18:48:31,2018-07-12,edad2400b07f7f0421c2701b545b42eb,2018-06-09
6a6c30136e870dc8e8338fbb826ee41e,318168026c8d63d150f69ebd54c3d887,delivered,2018-07-05 21:34:17,2018-07-05 21:51:44,2018-07-06 08:28:00,2018-07-13 20:12:07,2018-08-07,e7d3b17772a74209d76965c84d5b286d,2018-07-05
f41fbf3e30f0f79822348910ca2009f2,6c2b01b370aca085e18fb9d77d56cd31,delivered,2018-06-25 18:22:41,2018-06-25 18:50:50,2018-06-26 08:32:00,2018-07-03 22:34:35,2018-07-18,a32fd99e791dbe323486039bce9ac35e,2018-06-25
f1e204c409acb229eafc85a297a96778,da973a9c1fa85eb83771f202ed67fc88,delivered,2018-01-20 18:28:49,2018-01-23 03:37:34,2018-01-24 02:24:36,2018-01-29 23:03:34,2018-02-14,957501e7037feecfbee1d8d415702314,2018-01-20
994e1f4a0a62e1dea607edbf63528bcb,1d0fe953ea5d13fc948d2f793c102483,delivered,2018-07-30 16:04:02,2018-07-30 19:32:13,2018-07-31 13:53:00,2018-08-02 21:48:54,2018-08-07,0ba1ea79e3dfc94da6add75a320a543c,2018-07-30
d6512a0a704823e18aa30696ac4d6060,bf49919bfd6740a5f7aef378c264934c,delivered,2017-12-06 23:55:34,2017-12-07 00:10:05,2017-12-11 17:52:52,2017-12-19 12:26:58,2018-01-08,066d4b591fafe57b3cef590f31e301ac,2017-12-06
7cb0e189a22c83ad1be22c76d4f45538,f0d8aab4b5ba5429f2ffca4c381bd44d,delivered,2018-01-19 09:53:11,2018-01-20 09:54:21,2018-01-23 14:10:01,2018-01-24 20:27:42,2018-02-05,f141afb74e3ff4666b65481cf78aafca,2018-01-19
e6111c89e3438595ea3370509994a3a5,d829398fbdcb8dae2747726ad64bc41e,delivered,2018-06-01 12:52:57,2018-06-01 13:12:38,2018-06-04 18:11:00,2018-06-11 22:36:23,2018-07-04,9ab2789626eaf27b2065d66b6c35cec3,2018-06-01
e1b0785b334a4a0b4229eb5aa137fcf7,5fd33934ba472fec76798db3d0856e15,delivered,2017-08-16 16:37:51,2017-08-17 06:45:20,2017-08-17 19:00:14,2017-08-28 20:53:52,2017-09-20,16d913dbb6d7cd6aac5e54910b078d02,2017-08-16
0bd94afa88fb4a4ad9657569c9cc9ed2,5907de63c26a780293c48ea763ec76cc,delivered,2018-06-26 00:10:09,2018-06-26 00:57:35,2018-06-26 14:00:00,2018-06-30 20:52:55,2018-07-19,a607acb3f9f31aa3297a5bf4562e16b4,2018-06-26
6c7a96d309d8664e67c6c88cb02f49dd,0d8bb1033198b1b6307a25d62cdf7a84,delivered,2018-03-20 13:37:23,2018-03-21 02:35:29,2018-03-23 18:38:48,2018-04-04 19:06:33,2018-04-12,293ac991d6633d79c6aef71626015b26,2018-03-20
0bba959fbb649221ae07d0c128ba1809,e3bf47f4bae64f039f4b4ad98a4f18f7,delivered,2017-09-15 01:32:20,2017-09-15 01:45:10,2017-09-15 18:32:11,2017-10-02 16:20:39,2017-10-11,0cf46588cd3f5a23002166b5a1945820,2017-09-15
cd49c5c6f772ac87200f116a7a5499e5,c68f1a0b156eeb49b2b3168e4ab55681,delivered,2017-03-08 01:59:31,2017-03-09 02:51:06,2017-03-09 13:31:27,2017-03-14 10:34:44,2017-03-29,2aeb1b7d567e9e232a56cd0b80ec94fa,2017-03-08
7645406942825a748f5db38c177b0a5e,ab0703a77ae050888f246bbe42ae20d4,delivered,2018-01-07 08:07:19,2018-01-10 10:32:44,2018-01-13 03:52:31,2018-01-27 09:32:32,2018-02-02,ce4630b1709558ea3d46969c4637a1c2,2018-01-07
4b4f4465ed0f3c314fcd6e082d00c288,a265b2c9123eeff3a1c988005167de07,delivered,2017-10-01 20:16:08,2017-10-01 20:28:19,2017-10-09 20:29:20,2017-10-16 21:57:52,2017-10-24,a29ea663b245d3b4ae13d710bf8dedfa,2017-10-01
95287574a39117622fd74f06cadf5eae,9d763d8a54fb8bb371f06d0ec3d9a7de,delivered,2017-08-05 08:25:09,2017-08-05 08:35:43,2017-08-08 13:18:08,2017-08-18 19:03:51,2017-09-14,083ca1aa470c280236380973a48f77c6,2017-08-05
4d312c4094736b92bf0f13f99d80ec86,cdb4836345c6e428e8ab34ccc1daf96d,delivered,2018-05-28 13:14:51,2018-05-28 13:31:28,2018-05-29 15:41:00,2018-06-15 23:41:22,2018-07-05,45e8f61cbc9a30d45cbb5911c6ebf100,2018-05-28
74dacb2dfb8eb52a7a5130854cb9d58e,404621e15e8d049652f4287d8757a1c6,delivered,2017-12-28 17:45:41,2017-12-28 18:30:48,2018-01-03 18:54:39,2018-01-22 20:07:11,2018-01-30,4b14f6d7972907e14256272aeb905c11,2017-12-28
815f08745d6a759deb919c5e1bce8301,d0cc28a5ac316de296f6cb3babc9e665,delivered,2018-02-08 09:41:47,2018-02-08 09:55:25,2018-02-09 19:35:15,2018-03-12 22:31:31,2018-03-07,d8ced4cd1ff2795a11925d0abd30e4c6,2018-02-08
4dee0af7a42637f58cde016b73d93216,265aba8883a5eeeafbbc198c3015e85d,delivered,2017-08-16 10:40:51,2017-08-16 11:10:23,2017-08-18 17:52:55,2017-08-23 13:48:57,2017-09-05,29f8e372b3b1d42ad2e00a0b976bfc34,2017-08-16
20824837882dd673707e0adfcaec1bc1,e59afa77a6682d6efe6297d7d1b1796b,delivered,2017-10-29 18:36:21,2017-10-29 18:45:36,2017-10-30 16:03:18,2017-11-03 20:07:58,2017-11-17,d8079e13179a4ba20a2d06c42e713ff9,2017-10-29
29bf476a5068eca4bb2d21bdb684a737,ef8248040541ee5e70d453c61d019184,delivered,2018-06-04 11:36:46,2018-06-04 11:51:25,2018-06-06 14:39:00,2018-06-11 21:58:49,2018-07-12,de3e017ab6edaab6a4c0be4198416398,2018-06-04
6a4470891791e62891c4c6b8dc8675b0,528afb11d81bed37164a6a3387510a4b,delivered,2017-08-18 22:50:38,2017-08-22 04:27:36,2017-08-25 20:32:44,2017-09-05 14:58:07,2017-09-19,aa7083238a69457469a78139283d0c91,2017-08-18
0d56e8508b66a43c6f5141863185c917,c41577db6be598c85be04a2d94c3a8eb,delivered,2018-02-28 20:23:05,2018-03-02 02:16:42,2018-03-09 16:01:46,2018-03-11 14:42:26,2018-03-28,72f53729755c1d79da47eb9041f5f4b6,2018-02-28
7a7afad8caa7dffdb8773430c8fab7ea,8403e0bdf7c80058e9287797b7a90abe,delivered,2017-12-11 12:42:55,2017-12-13 02:39:32,2017-12-13 22:38:38,2018-01-08 17:57:57,2018-02-01,bbd43d0032bfd1b0b3bf931c297417d4,2017-12-11
03a3628434dd670dd5b9896337451c86,e4c8227df878d2e203bc81fc1351342f,delivered,2017-07-20 19:26:06,2017-07-20 19:35:21,2017-07-21 19:32:37,2017-08-01 16:46:56,2017-08-11,47bd939e378c0ae8734c7c4194f52cfd,2017-07-20
80ebc4b394da179618cb81b97f9db2cd,a20ce0f9b5dc63281fac2f6b2ce053a5,delivered,2018-03-07 15:03:26,2018-03-07 15:31:51,2018-03-08 23:18:34,2018-03-09 15:20:32,2018-03-19,0c0895448b3819297983ae0de0b1290d,2018-03-07
7f69be6a74d05db1d62cff32b2049b6e,cbdca9d4fb92fc005ba3fcd0fb350e5d,delivered,2017-07-14 19:27:17,2017-07-14 20:04:36,2017-07-17 19:51:50,2017-07-21 19:17:54,2017-08-03,7120b888b5a1ceeb39948cac30c8b73e,2017-07-14
83a2c8f38977e68d54c3c28a49c6cb99,98ff6681a58f1d1194842a37b08c4894,delivered,2018-08-04 14:32:10,2018-08-04 14:45:19,2018-08-09 14:43:00,2018-08-10 16:18:43,2018-08-14,48804d0ed0bd01583e1caed259cd5173,2018-08-04
f7c983ea77108633138dd0ff5e2fbd3a,2625038eb968f0a5103f65539b3744f4,invoiced,2017-10-03 17:29:50,2017-10-04 02:43:39,,,2017-11-01,06830309e5aa3fe04ec416e56e53a4e3,2017-10-03
887303e6bff84534c7ce32614581f7c9,e3b0b1f2ba0407dc084bffc65ca80479,delivered,2017-06-13 16:50:49,2017-06-13 17:34:36,2017-06-14 13:34:39,2017-06-26 17:43:30,2017-07-10,9af871b776e8c4ce28cc3a468ec98de9,2017-06-13
a2a216a3b0034fa46d13dfa2ef86a62c,ab040f42655531a604d76231293df69e,delivered,2018-03-21 09:25:26,2018-03-23 02:15:49,2018-03-29 01:32:01,2018-04-17 23:50:33,2018-04-09,f8a9e13bb7da7e1b55b408571fcfe6a3,2018-03-21
ca9cdbe7cd45cc4e4ae5f80115d3643c,f2e55a93dc320bbef4ff2defe0bb3c4b,delivered,2018-05-05 16:34:38,2018-05-07 08:33:16,2018-05-09 11:09:00,2018-05-17 17:38:24,2018-05-30,34d692276734fbe19a62da9fe5d1e2b1,2018-05-05
a60c7939ff26d351755d55d3a65e5318,a92a76cb78cc4ed4b87e86d6a27c4f34,delivered,2018-02-12 22:10:33,2018-02-13 22:27:10,2018-02-20 23:14:06,2018-03-05 18:58:46,2018-03-08,69625f87b8828043516f9ccc62f8e7ef,2018-02-12
d1a6ee88427645deee3a642c9f27e39a,454b4ee87a1b006a8c8b46203d670790,delivered,2018-08-01 19:52:37,2018-08-01 20:10:21,2018-08-03 17:04:00,2018-08-06 19:38:38,2018-08-08,aeca5150be9e955ecefdc4861b04da15,2018-08-01
07294ed0ece67bb004a4813c77dfc3e3,ff2fbcf5290b75ae615bc293f2a9dfc0,delivered,2018-07-17 20:20:46,2018-07-17 20:30:16,2018-07-18 10:09:00,2018-07-25 18:41:55,2018-08-07,31e2a2013f74538d3ca08b0c24e7e62b,2018-07-17
2a30d0183924e9ef95a30acaaa8b8d3e,5d131831578dccad11e19992a9af66b0,delivered,2017-04-22 22:39:05,2017-04-22 22:50:17,2017-04-25 14:39:46,2017-05-07 10:27:48,2017-05-19,a15ad21764eb6e906276494b72fdaa00,2017-04-22
ffc2926aeab97ab6dc7585276c9b9371,d75338bef05f07c317d8285a806ff68e,delivered,2018-04-13 09:29:56,2018-04-14 02:30:57,2018-04-19 23:46:30,2018-04-25 14:52:17,2018-05-10,7b66d6db53e871c0dc822e6416cbcbbc,2018-04-13
658f2b1a0519115cc565db32cec425fe,d3fcc52e324c3c31feadab1600cee977,delivered,2017-09-10 12:54:36,2017-09-10 13:05:10,2017-09-11 20:04:27,2017-09-14 21:59:10,2017-09-29,66655cc85ad2fc7afa12e09ac2154a29,2017-09-10
414643c3ed26cd6d93ac777a102a3ac0,359a2f5153fd7d2d178c72aa9e701e45,delivered,2018-02-09 00:22:10,2018-02-09 00:32:23,2018-02-11 06:12:04,2018-02-20 19:17:02,2018-02-26,9f37b1215df84eae065524290b66cba6,2018-02-09
dfdbb5222ccb0db3a64c6a09ba0995b1,f96d1e884731f2c5327d02bf12c8d451,delivered,2017-05-03 12:13:55,2017-05-03 13:03:10,2017-05-05 09:44:03,2017-05-16 13:17:47,2017-05-30,08bfcb6437da0562a0b6d9f4cc5c7d2b,2017-05-03
433069333714082fdb039d4a92682534,d709882bacabeecfcba6ed0cb415be83,delivered,2018-05-11 16:40:39,2018-05-11 17:00:04,2018-05-14 12:56:00,2018-05-18 16:55:46,2018-05-28,39b34a4c39d8914f6a4e949170c9b1de,2018-05-11
d83aba07ceeacfba5b6edc931e9fb9a3,cb975b6c947fd99585d739e36394c740,delivered,2018-01-18 11:27:38,2018-01-18 11:37:22,2018-01-18 20:48:01,2018-01-29 23:18:30,2018-02-16,d1de6de4060a1ba46e75e9ef8ab06cc1,2018-01-18
e558bf8bb8fddae947c5ab3a53b8ff64,ecb88f4dc2cb334203374d9ff39cd818,delivered,2017-08-26 22:38:13,2017-08-26 22:50:17,2017-08-29 19:29:06,2017-09-04 14:55:59,2017-09-20,61758246810bfeec515019b94ad6f8d7,2017-08-26
b778b1973ac33ebdb97a4d9b25426c61,8e64ee8a8087e2105aacb3eb1611242b,delivered,2017-04-21 11:51:07,2017-04-24 16:30:20,2017-04-25 11:47:58,2017-05-03 11:54:40,2017-05-30,b84cb3aaddc8ae670fb5935cfef5fa26,2017-04-21
258e4ed66ea8e2696f74f6fe835e7111,09083a83baee60ac3e4a9a3b43a2df49,delivered,2017-11-09 22:28:11,2017-11-09 22:46:37,2017-11-16 21:05:07,2017-11-27 20:26:14,2017-12-07,6ef89dc65a3b7430d5a4eda86191efb3,2017-11-09
ff0b6187cf7193bed62f8974ee957d5f,07fcbc2e9b0e4d8b1f9698560ee91a16,delivered,2018-01-17 22:34:38,2018-01-17 22:50:04,2018-01-19 03:09:56,2018-01-23 19:02:54,2018-02-16,4bbc3672e57d465b08ca771be0844ce1,2018-01-17
d97ceab969b84967a5c136683ab0625e,0ad97367914ab84e094499c86ff0057f,delivered,2018-07-18 19:35:02,2018-07-19 19:30:12,2018-07-30 14:19:00,2018-08-08 04:31:54,2018-08-15,879f6c483f822dc770e5ff5c7b0e532a,2018-07-18
e432872c2eef5b6ec19d17834f4277c8,43adfa5ce5381934088f3d73cda31c24,delivered,2018-04-04 13:27:15,2018-04-06 03:28:48,2018-04-12 20:29:33,2018-04-20 11:13:18,2018-05-03,727ae49cd6f515ed3e014218ce53fa67,2018-04-04
c924e1b4e4e8406a086385b5136d25a3,2e13a3858bd2ee59880231d5de81bdf7,delivered,2017-10-31 17:26:08,2017-10-31 18:31:13,2017-11-01 21:28:48,2017-11-07 19:38:49,2017-11-21,bd7120211029ff536fe18f17c35a17e6,2017-10-31
cc0a676b66d4a6615ad8125548b44d12,ff365cf639c0f524559a48b9b0c25327,delivered,2017-02-08 01:42:45,2017-02-09 01:45:10,2017-02-10 15:14:10,2017-02-21 06:57:27,2017-03-17,d5893df786726a4f6efaa636355118a3,2017-02-08
7dad8386882370f876c81ad68341014c,00ca4dec2a491c4c1a9081a3c5a1e8b1,delivered,2018-05-06 15:20:22,2018-05-08 04:55:27,2018-05-08 13:28:00,2018-05-15 11:34:36,2018-05-28,a296cb7b16ea56f1ffe6c09fa429ede2,2018-05-06
0e80321be8a729339d21fdcfb58967bd,ea2caaeb89337bb02c4795b08b1fd8fb,delivered,2018-03-16 08:59:25,2018-03-16 09:10:35,2018-03-16 21:41:52,2018-03-20 20:58:49,2018-03-28,99a8b672dd67ab3b9fb1a94ba8a37ffe,2018-03-16
ad9e44af42db38670b57f8df1451b739,0bd3f14716a8cac2b946dacd0a543d92,delivered,2017-05-05 15:03:09,2017-05-05 15:15:12,2017-05-11 06:47:48,2017-05-12 15:33:59,2017-05-29,eb1e86363a9dc072bfbe0a428ba6a4f3,2017-05-05
4d670bfb2b38280f2d62f1dc5807cb8e,b82ebeb157f7cbe3162e05f2bc3c7c23,delivered,2018-06-27 14:16:15,2018-06-27 14:32:28,2018-06-28 14:45:00,2018-07-03 16:21:43,2018-07-26,fa210935e8985bf6e97244d03125e347,2018-06-27
68a103d3cbef07b7a8cc14147b26aa96,f63472b56baf790031d3a7d0f19c2d47,delivered,2018-07-19 18:07:55,2018-07-19 18:23:11,2018-07-20 12:19:00,2018-07-25 13:12:50,2018-08-06,1f53b88248f7dd4c47d69eaeb0da3d88,2018-07-19
b5d124183f47ec6adf54b1cfc3e445f8,0c17965e427088da168bf202d9847f7a,delivered,2017-01-27 12:22:34,2017-01-27 13:31:03,2017-01-27 14:21:27,2017-01-31 13:18:06,2017-03-07,3f26a900e8a097011c321eb6eb66ded7,2017-01-27
8343719a3a2ba5f03b26696bccdc754c,1eda884faab2f84fa3f4ca19e7c28ba8,delivered,2017-11-08 22:03:54,2017-11-08 22:16:03,2017-11-16 20:56:54,2017-11-29 18:09:55,2017-12-05,999397669bd546fee85ffa4a5124abe3,2017-11-08
dead1de9577e00061dad2b64f30dced3,28c1808799150f8f16c4b59b2f5bca4b,delivered,2017-11-25 22:38:36,2017-11-25 22:53:49,2017-11-27 18:53:28,2017-12-08 05:32:23,2017-12-27,8db7760a0d067abf6b45e81f68e6a223,2017-11-25
e8ef78a9ce417db856269e84091403f2,166d8812cf2ee98c9ce154d2f28334e7,delivered,2018-05-15 12:40:15,2018-05-15 12:55:22,2018-05-16 07:58:00,2018-07-12 21:26:00,2018-06-11,60efa42ea492325976f18c9746c17fc8,2018-05-15
1b986cc80c09e314d5989c417e4b7ac0,1eb5bb873777ad08b25770ab550adf72,delivered,2017-06-20 13:26:51,2017-06-20 13:43:05,2017-06-20 14:19:40,2017-06-22 18:42:46,2017-07-03,d2427195a632c34588b0b55256493625,2017-06-20
7e486325a643ff4ed591ad4fd1b80d16,e50d0472f1fdd87f7bcdcde4138673fb,delivered,2017-11-23 15:40:50,2017-11-25 03:52:14,2017-12-07 22:51:55,2017-12-27 01:56:48,2017-12-14,fd450bd0f888b06ff2bbf2f01f512761,2017-11-23
bc013111c60b015626cc7e438ddb0823,7a260373f7f724e7b049f73c88ddda55,delivered,2017-06-28 18:52:40,2017-06-29 02:50:29,2017-06-29 14:16:53,2017-07-14 17:33:59,2017-07-26,6f68bd1eaca4aff135be0967231ecbbd,2017-06-28
1d5627fc461ef90a7a7c03f06266aa54,85713881aac92cf5c3f65c7b7c63b290,delivered,2018-08-01 19:46:06,2018-08-01 20:15:22,2018-08-02 14:20:00,2018-08-08 18:13:20,2018-08-17,c53429ee38cdecc5867ac690de66ab38,2018-08-01
5514f341fc1dc2f32da4facf97699be2,45ac302fd2581ec255fb247cf7731778,delivered,2017-08-01 15:42:33,2017-08-01 15:55:33,2017-08-03 18:26:00,2017-08-14 18:30:05,2017-08-23,84f4563777cc8b417d7f83e9e694b55a,2017-08-01
728e45f5c577ad0806b4de7f9034200f,8d5c6484c19d2e9b5bbbbd53711c2c68,delivered,2018-03-08 10:52:01,2018-03-09 02:31:25,2018-03-09 20:11:19,2018-04-03 00:04:25,2018-03-27,583acdbf670a4acbd42fb951a037953e,2018-03-08
ed1436604076711db664bd5063508cc6,25e7f8bd0e19c0c112b944f4c0ab9c9f,delivered,2017-12-07 12:36:47,2017-12-07 15:43:19,2017-12-12 19:55:47,2017-12-28 18:03:48,2018-01-10,4ecd475fa895384081540b4322e94b65,2017-12-07
d177b7c08ed2934d5888e7fd236d42e1,045d8fcab59f603256eefe86e45f0350,canceled,2017-08-17 13:20:41,,,,2017-09-04,40aa675201863fe2a78cc40c3ab74609,2017-08-17
f5e3df1b6d4ee5b4e795cbd56705d35b,e32ded4c09ef9207932b87ad9db49e5c,delivered,2017-11-28 14:05:09,2017-11-28 14:20:15,2017-12-01 00:08:59,2017-12-12 12:38:46,2017-12-22,d7c6335139cb055ed0ce1125ddc788d8,2017-11-28
90df744c11a29b5ae02787a746456481,d0fa8739b954eadf1d625455ad82c292,delivered,2018-01-23 08:27:54,2018-01-23 08:57:22,2018-01-26 21:33:24,2018-01-29 10:40:11,2018-02-15,d26636ef59fe895e3791ceb14fbf37cd,2018-01-23
dfde6c784a00bbd75c7f13644e9f302c,40e7dcf771ca0ec3ca8385388775f3e7,delivered,2018-05-03 09:44:23,2018-05-03 10:34:33,2018-05-04 15:43:00,2018-05-09 18:34:55,2018-05-28,e0aa6100669afe14db4e356afbf7d744,2018-05-03
4cb3d457db54c2facba2120257f1dc8d,0dcb15a53acff7313554506cdf66b6ae,delivered,2018-03-17 09:38:13,2018-03-17 09:50:33,2018-03-21 19:22:27,2018-04-03 23:07:47,2018-04-10,473c779638bdbefee9d8b81d441b8bda,2018-03-17
db681ddec887abf991bac122d6c6d4e9,2b8bf31fbedc0d88ccb1f48c3fe903bb,delivered,2017-10-24 12:11:43,2017-10-25 02:26:41,2017-10-27 16:35:01,2017-11-04 14:31:44,2017-11-14,8f6628a87734b0a0492ae8259fc96fc2,2017-10-24
a828e0f4a94f745a43d3b3f238574074,1fa3c507d05b404a98c2edadd8a05030,delivered,2018-02-20 15:22:13,2018-02-20 15:35:46,2018-02-21 19:57:19,2018-03-02 23:51:38,2018-03-12,a58bfc5e8a333137df4ee8951f01a17f,2018-02-20
c582a4926632a43d138711ca8b412ef3,88dd9d5557adddd06ec7e12980596cff,delivered,2018-06-25 16:26:14,2018-06-25 16:55:12,2018-06-26 14:55:00,2018-06-29 16:52:59,2018-07-23,c4e4a1fe80a28587efe3eef105f24a24,2018-06-25
e19019255986daaec52392b5058e2aaa,48f393741354adda8d6fb24150557969,delivered,2017-12-11 09:38:34,2017-12-12 03:56:27,2017-12-14 19:27:32,2017-12-22 19:59:00,2018-01-05,dc6b143305939187ecd5f0302d4dbaf0,2017-12-11
2e782e419da1d80f6d1b9c7eb67b6dde,450c27e5b2962a410207ebdbe0d15f43,delivered,2017-09-24 00:20:13,2017-09-24 00:30:18,2017-09-28 19:20:22,2017-10-06 19:07:20,2017-10-23,c57c7db7dd5b915076d7687f7b2c61a7,2017-09-24
55b653f93de6e994b6dda90f615c7a8f,333e42c06df929c78bb4d60f03fe14b7,delivered,2018-04-30 13:05:23,2018-04-30 13:15:21,2018-04-30 13:01:00,2018-05-04 18:03:43,2018-05-21,a53594ede109cb674cda0f6b74b60484,2018-04-30
5f9146371506c318a20721d5689dfb57,bb0c2b706251dfd7d003f3e76c798c9d,shipped,2017-12-14 15:40:11,2017-12-14 16:31:54,2017-12-19 18:06:43,,2018-01-11,e38c042fd84e8c9a69d904f5a11c1716,2017-12-14
1c1898497fc8543e0f31343dc1c31553,a953c3ef4e1493223bb32a525fe2a43d,delivered,2018-03-29 15:41:07,2018-03-29 15:55:19,2018-04-02 23:38:31,2018-04-06 18:19:08,2018-04-12,803c530613f5c4ee03502be0d6894de0,2018-03-29
3ffd3e41fbb901f25a82fa96e9460a0f,e8846ec30b3b4c839ae3edd0693d8473,delivered,2017-03-12 09:00:27,2017-03-12 09:00:27,2017-03-13 14:42:56,2017-03-21 10:34:25,2017-04-03,da0c0b5929c2aa21e4ce805270b0f73b,2017-03-12
acf86ff3bc3c19b1f61c2b0c04c60d52,dc2f72aa54d226854638f17fa00fc400,delivered,2018-03-31 21:36:25,2018-03-31 21:50:15,2018-04-03 19:44:20,2018-04-10 21:03:34,2018-04-23,4ceef76fd48a927c5cc893ea233c96ce,2018-03-31
b7d0c58d1481d0c3f2465efcbf9bb83b,d9b4a26e122e830decf445a401ff0506,delivered,2017-06-09 11:25:09,2017-06-10 02:45:23,2017-06-13 12:16:08,2017-06-19 21:16:49,2017-07-06,99062accc4c9bbd3a766f5af8beea25a,2017-06-09
91046b977c00091c0ee45b2e2478120b,69024cae6b6752094fab12b5e28fe551,delivered,2018-06-06 17:50:44,2018-06-06 18:12:18,2018-06-07 13:56:00,2018-06-18 17:56:31,2018-07-17,e9f17bb2bba35ecdd7e1053edaa5df54,2018-06-06
26b6b4704db80d57e1bee54d1a453553,2225ab9f80f9125e0d9895d9ce92cb61,delivered,2017-11-28 09:25:59,2017-11-30 09:18:32,2017-12-04 21:03:27,2017-12-22 01:47:13,2017-12-29,12328d63390726821fdcd8e8b77f10b5,2017-11-28
e2b12d317e3875999cbcfc47a2e5a88f,30bfd27242de04156cbd74859ea23da8,delivered,2018-02-10 23:31:59,2018-02-11 00:45:31,2018-02-16 13:42:41,2018-03-06 15:05:11,2018-03-13,62731dc89a8e8ba70048f25adfa5d661,2018-02-10
c22b21487688078371d7c2a9ee2d04c3,1c2892b86921932bc4c4ac3045481688,delivered,2017-05-21 11:23:41,2017-05-21 11:35:14,2017-05-23 15:48:58,2017-06-06 14:46:51,2017-06-14,6a6361be1587ba109cfb5e6d98cbb423,2017-05-21
c1f96d0e2636bcdef5ba712724d9dd6e,c00c6c4b8a4c407310603209af3a3eda,delivered,2017-10-06 10:11:49,2017-10-06 10:26:08,2017-10-06 21:10:13,2017-10-11 16:23:23,2017-10-30,7686562207b85f3a952c35789dab3904,2017-10-06
8f666421a7087098ff93d80f26e0bd6d,8062c2173394d6f56c5dd8aa353bf914,delivered,2017-07-04 15:46:13,2017-07-04 16:04:00,2017-07-05 09:14:08,2017-07-06 15:06:54,2017-07-24,40730ca1af9742bd0bdbcef270ff4c76,2017-07-04
25453993dba7bcda3607e0f745672b1a,b986675a148362c7cbc38095d4d54f26,delivered,2017-07-10 16:40:50,2017-07-10 16:50:21,2017-07-14 11:24:53,2017-07-31 21:03:34,2017-08-11,6b7b89fbb353f87cc3b7378e29ceb6a3,2017-07-10
ec2363de62794f8558b84ef108738f06,841de7bc0b593cc61eff8ca0fb1dfef8,delivered,2018-08-21 18:44:58,2018-08-22 03:35:20,2018-08-23 15:17:00,2018-08-27 14:18:26,2018-08-27,0e1a55bb482d1a085a3c27d9d6394184,2018-08-21
5d79d483f058dc640b8948650d14562f,ede0ac19ab7b3c19d496b523aea0a514,delivered,2017-09-02 19:32:05,2017-09-02 19:45:11,2017-09-04 16:22:28,2017-09-15 19:42:49,2017-10-05,e41da0436e057ffa77a4ab81cd665b4a,2017-09-02
92b30d7bdeeac47d9fdea335ae0536b4,664feac03a82f2dd6e04fdc6d9664df1,delivered,2017-11-07 14:07:03,2017-11-08 03:46:19,2017-11-09 17:42:00,2017-11-14 19:44:54,2017-11-27,2b2d0c9e11b425a1722f121e8031ee7f,2017-11-07
bfbd0f9bdef84302105ad712db648a6c,86dc2ffce2dfff336de2f386a786e574,delivered,2016-09-15 12:16:38,2016-09-15 12:16:38,2016-11-07 17:11:53,2016-11-09 07:47:38,2016-10-04,830d5b7aaa3b6f1e9ad63703bec97d23,2016-09-15
82792f854bf7882eb02921129a2c8cb4,c1d7be54fee2b8dec4ebd5beea9ad0ae,delivered,2018-06-10 19:42:29,2018-06-10 19:55:09,2018-06-11 13:53:00,2018-06-15 17:30:59,2018-06-28,f95407bbebadeb8eb236153ba339e998,2018-06-10
73a701180eb8c7933d23e211f735302b,aac65970c34b7e2d82149deb7c06d5a9,delivered,2018-07-30 17:24:54,2018-07-30 19:31:44,2018-08-10 12:51:00,2018-08-16 18:51:08,2018-08-23,41bde58d7d6ab7158dc9f4dff2c0d677,2018-07-30
6f8152f5fff81d90b3824cd6ab230d8d,0ebb6d45fdc7c49738cd93b0cd95f123,delivered,2017-12-02 11:43:33,2017-12-02 11:51:28,2017-12-12 00:42:33,2017-12-18 21:16:52,2017-12-20,5bf17ccb9d018be3b0c2c1987d681352,2017-12-02
e31702cc8c72b6d9b834ae3b7904ea4f,b4e29de7bdbc95e1d0738be3f3d5217f,delivered,2017-06-05 21:45:25,2017-06-05 21:55:11,2017-06-08 16:23:05,2017-06-16 16:29:28,2017-06-29,79616b7c1ba1d285e43d43717705d6f8,2017-06-05
bdf4a80e044daa0de2d8d7f3ea697f7f,06c123e1ac4a2d2a9e6bd9858a383087,delivered,2018-05-18 11:34:05,2018-05-19 02:58:49,2018-05-29 13:50:00,2018-05-30 15:51:50,2018-05-28,997afdf7e8d551043ad82f8f354e1a73,2018-05-18
0441b92c70bbdc1ae99a187e05d52621,3b75ee56fb7838262adbb238abcb829a,delivered,2018-01-11 17:08:50,2018-01-11 17:17:24,2018-01-17 13:58:48,2018-02-02 00:43:16,2018-02-06,e063ef265d53421046ccf982e627d690,2018-01-11
29354cb2b4aa066762853d685a2b224d,99d7e99012dd19810914beb36a28d97b,delivered,2017-07-08 16:25:31,2017-07-08 16:35:12,2017-07-11 15:34:18,2017-07-24 22:18:49,2017-08-01,2b09cc1e44e7bf3cfd34fc1d001cd4cf,2017-07-08
4ba83c2746627aa89b8cbf168fbb6fa3,66dff61ac82f40a1ad90762783e8a5ee,delivered,2018-01-26 16:52:56,2018-01-26 17:52:17,2018-02-16 23:32:08,2018-02-26 20:11:55,2018-03-05,0037aa56b017c105c3a9d47af71fff98,2018-01-26
dfec7411ab4ba17202e5aa72bcd3a3e1,6f0e037423a31f6b624f905700044d26,delivered,2017-11-12 10:00:56,2017-11-14 04:26:34,2017-11-15 00:07:36,2017-11-25 12:03:05,2017-12-01,b896655e2083a1d76b7b85df8fc86e40,2017-11-12
67b963609580980a2d4dd86c6509b849,f6929c03c4fa102f05cecd8480ccfa4d,delivered,2017-11-06 12:34:27,2017-11-06 14:32:57,2017-11-07 14:51:35,2017-11-13 17:58:32,2017-11-27,2f118e666b41b76a61d8cdbbc19f7735,2017-11-06
38ff29b6f54b264f8992081bcd3f3c6e,0eb44e1c1af5c72ed712162d28dc13f1,shipped,2018-04-28 17:51:24,2018-04-28 18:14:37,2018-05-08 08:06:00,,2018-05-23,6a0af14dc28ddd8623d2cc08e51a1592,2018-04-28
82daccb8bfc3bb76bc1616a4f22c3cb1,d47e69f46624eccc55b349af80fc4c53,delivered,2017-11-22 23:26:12,2017-11-25 01:57:37,2017-11-27 21:48:41,2017-12-12 15:27:08,2017-12-22,3377cc8994bab907b65292c92f06dcba,2017-11-22
1c8757886a51b1d2a57ef26e7004ee37,386e4ddbf54f557c9d251e49d32ca7c2,delivered,2017-03-15 19:26:44,2017-03-15 19:26:44,2017-03-17 10:41:46,2017-03-28 18:24:57,2017-04-07,272c0b6034c4d5b0b42252d40a9b53b4,2017-03-15
019536ad39a0dea8bb75c00359a0386b,958b47e797d9db0979238d3b7fc08b9b,delivered,2017-09-01 22:51:17,2017-09-02 16:10:14,2017-09-04 17:39:57,2017-09-26 21:14:19,2017-10-04,ab1396beb942dfd3e0f7ac83938bbbd1,2017-09-01
6a28b46b87ca2e2e83c8fbd829570ae8,0ead8cb530e0ab5664bd793cbe2c3f91,delivered,2017-02-25 06:19:20,2017-02-25 06:30:11,2017-03-01 14:32:50,2017-03-14 10:14:05,2017-03-27,0b6a5f567c6dcb244c89c7ed1e1dc76f,2017-02-25
19d3484384a0e1eef23357b8c193bd86,2cec9be88ae4cd3cdb1832edf3b7c46b,unavailable,2017-11-02 22:33:01,2017-11-02 22:45:54,,,2017-11-23,622f869865eac935f83c91cbae73c8d8,2017-11-02
de8fd9a0d076acaf013673eb8a4c9b0b,f6b267fb461c26e4ae3ea501f4297503,delivered,2018-01-13 15:00:03,2018-01-13 15:12:21,2018-01-16 00:18:06,2018-01-22 16:09:15,2018-02-05,1ec6c20e33eab249a68194eeaacea816,2018-01-13
2194d1dc5f73fad748d7a90fd673291d,7b5d15455a058bbefa9c1d9f4aec2f95,delivered,2017-01-31 13:41:56,2017-01-31 13:55:24,2017-01-31 18:24:23,2017-02-13 15:24:16,2017-04-14,5bc94b60050224af3dfdd2377c7e93e6,2017-01-31
83449730f699ad6cb7c8ac34acf0ac84,ffa68c2831c28939574acedca340d5ae,delivered,2018-06-05 13:27:30,2018-06-06 02:35:14,2018-06-06 17:29:00,2018-06-11 17:46:58,2018-07-11,64b2459cc2e466183c35d84d361329c5,2018-06-05
9eb880d9b164dc9f49020d887c0de37d,9ac2959f4d43d9e085366c1093a45b35,delivered,2017-06-20 09:58:10,2017-06-20 10:10:09,2017-06-21 11:35:44,2017-07-07 17:28:27,2017-07-20,9ce140db9a329992b6f1ee44710cf665,2017-06-20
79a5b94dea7a9f15cc10b5c7b54c6774,861840102ebde6fa719f7fd8cbfbd269,delivered,2017-10-26 07:12:12,2017-10-26 07:27:26,2017-10-27 22:57:28,2017-11-03 23:03:48,2017-11-21,84878dd72193c6b08a3c5bfd8246ad0b,2017-10-26
6bc6b07e448bae52d248c4df401d6157,7ab83c4dcbf17bff5832baf041f71fab,delivered,2017-01-20 19:44:07,2017-01-20 19:55:19,2017-01-24 07:34:51,2017-01-26 15:53:46,2017-03-03,69aab61687fa416ef601af332bd0ff0d,2017-01-20
19e18e6a46b546eea7c58ebbf42e0624,e29d3a2c9bfcb170f913361494799e4f,delivered,2018-05-07 10:09:40,2018-05-07 17:29:43,2018-05-09 12:52:00,2018-05-14 16:21:14,2018-05-28,ecb2bbf5c566fab74d5ab5f3cfd2ba19,2018-05-07
d14e5c5300262d554b76179fa67e6f71,c3ec8298dfec9ba5dce54e6e1e1d99ed,delivered,2017-11-20 15:51:38,2017-11-20 16:06:42,2017-11-22 22:31:49,2017-12-05 20:14:52,2017-12-19,d44af08e4d64c9d0293247a42022d45e,2017-11-20
4b25b8fa39f9cbf4b728426f6b09b1aa,77a7cf31a977baea81384a16e8ab52b7,delivered,2017-11-23 11:04:31,2017-11-24 03:13:02,2017-11-30 18:53:19,2017-12-13 19:52:41,2017-12-11,3a08d60f664d4e68eeb58fc102e012fd,2017-11-23
48ed90a16494e16357d2fd32fb1e1ac8,82628cbf879a9546d6693c25cbd5e915,delivered,2017-07-25 17:04:04,2017-07-25 17:15:17,2017-07-26 19:42:57,2017-08-10 20:23:19,2017-08-18,7d2e91ea7e31b1cc85458f22c4d21a28,2017-07-25
7ff5e5b4fa580ec5acd92fe6690d0855,153a96492a1f15a8991fd4ed761290e9,delivered,2018-05-09 09:20:22,2018-05-09 09:35:30,2018-05-09 12:02:00,2018-05-14 13:47:47,2018-05-29,3d24f8153934396ca881e3124da2dfff,2018-05-09
6cf24cdeeb913dc50be3b7f30ffc3e89,b5587e467a19f58809cbfc9b119c3375,delivered,2017-09-19 17:08:35,2017-09-19 17:24:57,2017-09-20 19:43:46,2017-10-02 19:23:57,2017-10-10,98ca5729c243f72913261f937cf5dca1,2017-09-19
9374b5aa4433ce60115973a1ef0b1541,f61421856963437ff3a44d62eff0d656,delivered,2018-06-26 21:33:09,2018-06-27 08:29:50,2018-06-28 15:07:00,2018-07-10 13:41:50,2018-07-20,2ef358f042e285619ef558f94dca7c43,2018-06-26
f7b9821d83a86f942cd40560f3c06622,668bca75c9fde63d376e1042ff8e2fe8,delivered,2017-01-13 17:53:10,2017-01-13 18:05:20,2017-01-18 15:14:48,2017-01-25 13:58:33,2017-02-23,652452e3f6467b9df7e3b65399262956,2017-01-13
88f4f8db113ed457801a7d675ed0ea61,bed0f8658eb431df6ae2636cb1b5b8ce,delivered,2017-08-19 11:34:47,2017-08-21 14:05:29,2017-08-22 17:54:03,2017-09-06 22:31:57,2017-10-03,a70b89f2822e51f76494d344e71aa4c3,2017-08-19
38fd57a781f31c3c00a012db1e52f6fa,0b1cbaf9e8123b00a50e3fbd846e10d3,delivered,2018-04-23 17:49:25,2018-04-24 18:42:15,2018-04-24 15:03:30,2018-05-14 17:40:30,2018-05-24,3a65a0b7fc255e67261cca1112bc3c1c,2018-04-23
b07a6274640ebe112c2180a18ea07b3c,8483b31f7dde87f8cbb3d04529df4c5b,delivered,2017-02-06 11:12:29,2017-02-08 03:10:40,2017-02-10 14:04:11,2017-02-17 09:35:41,2017-03-13,1d6839096ee1dc833817de863a170299,2017-02-06
6156a1c77273b737bbe1c1dc14c44112,972b42200bd45ae8e6ab6b2acd66d732,delivered,2018-05-09 09:35:07,2018-05-10 03:09:56,2018-05-10 15:25:00,2018-05-17 17:14:30,2018-05-22,7e84fb4ecab81f49ba6bae5a84d9ea77,2018-05-09
d7fd2bd860b186de1db4ac71b5d29b84,c9b2464c27827cd5bf7b2e9865bea1d8,delivered,2018-04-12 22:02:35,2018-04-13 13:14:37,2018-04-18 16:24:46,2018-04-25 17:08:49,2018-05-10,d06745595c439d22b6010eb4a6e86c98,2018-04-12
3568ebea6d5338487cf9c64e9f59abfe,3acf1e8de9fc5bdbaa875a2b01f217fb,delivered,2018-05-14 17:21:01,2018-05-14 17:35:29,2018-05-17 14:36:00,2018-06-08 22:27:45,2018-06-19,26e025af2347c3968f6a578f853a9da2,2018-05-14
bc7de131c11fe08e0311312624e2d752,bc0e1034fbb8ae2dc686562b304dd0f7,delivered,2017-05-02 22:26:38,2017-05-03 16:05:12,2017-05-04 16:57:37,2017-05-08 16:28:09,2017-05-23,07a934d1a0dbd0136bb380c9010fe3eb,2017-05-02
e6ac453a32e67906ab8b3f79608341c3,251edc5a4d2b38f123ae7c16b6dff017,shipped,2018-05-04 10:10:12,2018-05-04 10:32:22,2018-05-04 15:28:00,,2018-05-21,4afe0d8251852833cb34207de8093acf,2018-05-04
7e28ace88f5848adf24d9771e1ca2a62,e7304df26c35ee85bb68efe843a1441a,shipped,2018-01-13 22:59:33,2018-01-13 23:09:10,2018-01-15 22:53:53,,2018-02-08,8d97108dee54bbc1cb34abd9a180df3b,2018-01-13
3ea229e7822f0d2d84b4b59b5f8df0de,e21d78b12f4c1a59673af05aa14bf055,delivered,2018-01-22 20:55:58,2018-01-22 21:14:34,2018-01-25 18:08:02,2018-01-29 18:33:13,2018-02-19,8649cd4e5a387172f12f3fc23ff22168,2018-01-22
35a3fda780d64bcef27e2922fe37b24d,1b6ea1907f4199b0a0298495bfc9f9dc,delivered,2017-07-15 08:34:41,2017-07-16 07:10:12,2017-07-17 16:49:49,2017-07-31 17:27:06,2017-08-16,eb1d1b20ce10de79fbbc021694fed6b5,2017-07-15
54ba74414bed49a8b13864b3e8666f57,1e79e4f1a4653e041c3ce1ddb2ff239f,delivered,2018-07-31 08:30:27,2018-07-31 08:44:22,2018-07-31 13:55:00,2018-08-06 23:42:46,2018-08-16,fe3e52de024b82706717c38c8e183084,2018-07-31
e5e6018499159c0f02053fd10b55dbc8,44616e2c76f699cf4fad3d8ed735ddb4,delivered,2017-06-13 15:29:23,2017-06-14 02:25:19,2017-06-14 17:22:38,2017-06-30 16:32:10,2017-07-12,f5c3d43516f79d7d8cbe6d90c99d02f7,2017-06-13
963d2768670ecd5c585e20b21a3d295c,e177e4a8061e528696ed9e5f54ee92c6,delivered,2018-07-23 22:48:57,2018-07-24 10:31:12,2018-07-24 12:01:00,2018-07-31 00:48:30,2018-07-31,a3ecc23b4a266706c0e84855acac58f1,2018-07-23
b143aeb37a4d82ae652c5c4ba8461411,14f1aa9f09ea57b04d0cedf0febb33c4,delivered,2017-12-02 20:54:12,2017-12-02 21:17:17,2017-12-05 18:58:42,2017-12-15 22:22:05,2018-01-04,ad5dccfee30bc06e904e446616419ff4,2017-12-02
553a1f1b74cf15fe6cb4a01a627ab41f,af51a4f719cdf5b830e233f353dcf69c,delivered,2018-01-19 04:24:00,2018-01-23 03:52:30,2018-02-07 00:33:22,2018-02-08 15:08:19,2018-02-22,4e2fac6a060c99fe262ee10ee56600ce,2018-01-19
599d6e8a6c48719bfc536e4f6e65b92e,d1c625e57026a199bca1ed772f6fb89e,delivered,2017-12-11 15:42:35,2017-12-11 15:53:32,2017-12-12 20:26:46,2017-12-13 17:57:01,2017-12-28,28159e14ccceb47cea801c301b8b102d,2017-12-11
981eda1c13990d54b1af7d1a73b46f48,f4ebe2523bfa5138b74541fa1210c00d,delivered,2017-05-04 09:26:53,2017-05-04 09:35:13,2017-05-04 15:03:06,2017-05-13 09:37:36,2017-06-05,1e0f9569ffd706ef533b73c19ab8bb59,2017-05-04
8af15bd33c34d03d1ec679cc09fc6e1f,69a853500e2d6fe1f87645c56a7084d2,delivered,2017-10-26 22:22:31,2017-10-26 22:35:08,2017-10-31 14:46:06,2017-11-06 22:19:36,2017-11-22,34242a65c938e964effe83fd0eb7b7f7,2017-10-26
5b0060ee75c02410928f7ca9e4632c5d,4f48789f76d0b81afbbc50209b157740,delivered,2017-06-28 22:34:09,2017-06-29 12:43:44,2017-07-06 07:55:37,2017-07-19 16:34:29,2017-07-28,bd1925ab08d786bbf347e7ee961d2da7,2017-06-28
dcc63ba3bf0ced293f88135e0b666ec6,108a30402ac643573119cb9568862549,delivered,2017-10-10 14:35:12,2017-10-10 15:49:16,2017-10-16 22:44:13,2017-10-23 19:13:06,2017-10-27,3b0c18c354c635be668723f7157008f7,2017-10-10
aa22c8b8e14d747a83a7a8876837fc82,3cdc0173943f051e46d6f1d616a70609,delivered,2017-08-12 22:35:47,2017-08-12 22:50:14,2017-08-15 15:52:33,2017-08-23 19:09:47,2017-09-08,c4555c8838fd8c5584ed2d818124f16a,2017-08-12
e35ad21539b5000d5f10bff2b242a66f,26a298bb676f81cd24b1fe59adfa3b14,delivered,2018-02-24 18:17:32,2018-02-24 18:30:31,2018-02-27 22:48:44,2018-03-13 20:18:55,2018-03-23,1014d15c8d8c55d94f4c7e7f0d46c4ac,2018-02-24
3dc83811b95fef30cdbfcdae61bdb25d,d751e3db6ffe142eb707f90f8b2f9b39,delivered,2018-02-03 12:25:33,2018-02-03 13:31:48,2018-02-05 17:32:05,2018-02-16 01:11:55,2018-03-01,601da5f0ab9077abc24c7f313247f9df,2018-02-03
796af24ef8fe72445e1c739fd272ec14,fcb0632d5c4df71e640a71041f21a6f1,delivered,2018-06-27 10:25:42,2018-06-27 11:06:46,2018-06-28 15:41:00,2018-07-03 17:45:44,2018-07-31,df29788bbef195896f1f227e769f9339,2018-06-27
cbc580be74ae53ef1eedf0f82fa02384,0dc2889ec2c15104bb10a9e8cd0dcb10,delivered,2018-02-01 11:38:42,2018-02-02 02:55:36,2018-02-02 16:36:59,2018-02-09 17:11:47,2018-03-02,c37949d3e8ef1321de783f3e18aeb14e,2018-02-01
b8a890f39e274d5853601790a14f8c90,e8fb532bc326a9335708fc2d9f906ac8,delivered,2018-08-21 09:37:38,2018-08-21 09:50:29,2018-08-22 12:07:00,2018-08-29 20:08:46,2018-09-25,a45774c5f77f3d193b2a2ec8751d4880,2018-08-21
c0b7aa955b674c70e833720661fa765f,8d62c34ba7c00a6338a02643d01eae6a,delivered,2018-08-16 20:56:16,2018-08-16 21:10:15,2018-08-21 14:14:00,2018-08-24 19:58:31,2018-08-29,b8f01be895ce1861948a28a2663d8a9f,2018-08-16
3434cad6217a61a1d20bee991adbd8bb,c06ed558753b26a871544eb71f7ea9c2,delivered,2017-06-07 15:22:25,2017-06-07 15:42:28,2017-06-08 09:57:38,2017-06-17 09:24:37,2017-06-30,ebfba852590ea50087c9af85818aadb2,2017-06-07
e3dfc1d63188473e77b32f94f94aeea3,ea30bc4e3e0a08b37f8ba66b7118d3e2,delivered,2017-09-27 19:12:25,2017-09-29 02:28:56,2017-09-29 21:21:38,2017-10-16 23:04:23,2017-10-26,eefa07153283712a286d8901638330d5,2017-09-27
995e90c3995e0f19a9579b90c6dcbad2,407559f7d5a8ca6e622c406eed7feb6e,delivered,2018-07-04 14:52:16,2018-07-05 16:11:47,2018-07-04 14:51:00,2018-07-10 17:48:23,2018-08-07,bb1ec977653e39fc0d81d7850757b87e,2018-07-04
e6d0bbe2424dd2fc97db5851253f90d3,5880e46677c68394bda62479fd673340,delivered,2018-02-17 21:51:05,2018-02-17 22:07:15,2018-02-20 11:30:12,2018-03-09 23:22:47,2018-04-06,5dbba6c01268a8ad43f79157bf4454a0,2018-02-17
d3fc45461660252856d603ed31eb4e77,a244afc7a1ec53f1aad296d1cd6e91ba,delivered,2017-11-20 11:46:07,2017-11-21 03:59:21,2017-11-21 20:05:26,2017-11-24 19:36:57,2017-12-07,d9f8d6be11fb416742c9e35e725303f7,2017-11-20
fb283edffd658a4805cb0e8bd4642bd8,0d59903fdd01cbd6f347f8f41da985aa,delivered,2017-05-31 13:04:04,2017-05-31 13:15:24,2017-06-03 10:24:14,2017-06-08 16:05:32,2017-06-23,cc954c8e5ea38fbda00c70db940577e5,2017-05-31
9dbb47a816e64c6e76b057bbc95fe52d,a0a942d054dbda15d1d48bfdd2c24422,delivered,2018-01-28 02:33:05,2018-01-28 02:57:31,2018-01-30 21:55:00,2018-01-31 19:51:22,2018-02-14,0e74bd7c786672a0bc560877923b3a2f,2018-01-28
bdfe93bb42c76425b86540b96ef4761c,ff59794772232a6d231437214aaca65c,delivered,2017-09-10 22:23:46,2017-09-12 04:50:47,2017-09-13 21:27:34,2017-09-22 10:38:05,2017-10-03,54b125e6a90772fd14d8f87b8207b977,2017-09-10
0f3fa3a2cb34840acd1e3d0fc1b95382,699233a1e789ebe8d05a9c32e654b2ad,delivered,2017-12-29 08:15:09,2018-01-03 04:18:36,2018-01-03 20:51:59,2018-01-18 23:24:41,2018-01-30,1bf243d069586280c1e7513c8e05b98e,2017-12-29
ef200b21ae2bbae5122b5c5c75dcbce8,4a5c16183847325df9ffeb0c0035e807,delivered,2017-08-26 10:11:09,2017-08-29 04:51:04,2017-09-01 19:09:00,2017-09-11 18:58:48,2017-09-27,fe3ff2b93571c00e1f2fa3bd25c845f7,2017-08-26
7e6507919e5e16849dd9a0f4354209d9,a914ed346024398bc8fa0ef53d925018,delivered,2018-07-13 15:57:34,2018-07-14 03:10:15,2018-07-16 13:47:00,2018-07-27 17:24:40,2018-08-03,063e49729893316888b9e49bce568580,2018-07-13
30e5f6d1724b24b1d19d90ec48d9c7d6,4c894f6e216155223b9b26bce619e96d,delivered,2018-07-08 11:34:42,2018-07-08 11:45:39,2018-07-10 13:58:00,2018-07-13 18:42:51,2018-07-27,d992b40eb2727a8303d1358622c66a2c,2018-07-08
eb0992cac4de66577bd1488c4e32ff55,d4a63d7782e96c6d0e83a2f101d18861,delivered,2017-06-23 16:08:14,2017-06-23 17:15:20,2017-06-27 08:09:37,2017-07-13 19:22:01,2017-07-25,b2d94125508fa9d71cb3fa0ab7f2bd5b,2017-06-23
e9ec883d782fcfea6fec9beb9f626976,40ae4a813dad7ef7f80539a91da80d5d,delivered,2018-05-12 10:26:45,2018-05-12 10:52:14,2018-05-14 15:46:00,2018-05-21 18:33:01,2018-06-01,a54ebab651b08ecfd884315d3934702d,2018-05-12
28cee6e32da30679cbfe3da21d2608e1,3a1a43b64b07a4252f466e05381a74f5,delivered,2018-08-22 19:19:31,2018-08-22 19:30:25,2018-08-23 13:06:00,2018-08-29 13:31:47,2018-09-06,eb9bde9fdb1311f9359ac51e05173d60,2018-08-22
d15975c69a074c65aecad997cbc6b748,72822883dc4f12b4c4c118e01f1376a1,delivered,2017-04-03 10:11:36,2017-04-04 05:55:35,2017-04-06 15:35:33,2017-04-12 08:49:53,2017-04-24,34c0fc031160b0ccaa79df4fff464db5,2017-04-03
81423cb5cab58676a3d5cde8b76b22ce,e58741b1cfc9fbb17c8fe8374a3fefa2,delivered,2017-12-13 10:27:19,2017-12-13 10:36:27,2017-12-15 11:52:28,2017-12-19 00:22:39,2018-01-02,e5a1f69236976ffa2896edfd0d716b7f,2017-12-13
736bc8f7f380882879634ac0922e49e1,eee877487bd27956010c31db444ec903,delivered,2017-09-21 18:51:42,2017-09-21 19:04:00,2017-09-25 19:50:02,2017-09-27 18:58:00,2017-10-09,a5c9d97393b99426f502b7ffb940eb4e,2017-09-21
7db74378461e084a164426412ea407ba,3f8435b0db36ab2b3ec999feb43bf8a3,delivered,2017-09-15 07:20:34,2017-09-15 07:30:08,2017-09-15 14:57:49,2017-09-27 20:34:59,2017-10-11,a560563b4ff735dde4391a431c2576f8,2017-09-15
5a8e12083eb7fe31e98674aee1f73269,6a2f487e008af5e5bd31858f7a1dc554,delivered,2017-11-25 18:03:21,2017-11-25 18:12:43,2017-12-05 01:24:30,2017-12-14 13:12:43,2017-12-15,8e458d0afa34eb157350d6b4fbf22ec9,2017-11-25
dbdf0c5c635838a46d0034dce3dc646e,63b6438d1c730d87d4781b28de7ac834,delivered,2017-12-16 09:48:58,2017-12-16 09:57:24,2017-12-19 23:04:44,2017-12-22 15:35:46,2018-01-12,3205570e65d79d6387ed7c49f178f3e1,2017-12-16
b3ba8e02d55ded05adb8e54c09cadd79,90f1d9af2694da66a8d70c29536198a0,delivered,2018-03-16 06:49:04,2018-03-16 09:05:56,2018-03-19 19:04:44,2018-03-23 00:03:52,2018-03-28,e54832ef8448e73932747f7c24342587,2018-03-16
f7a7709b479c021664777ee929ab3ee4,213949158139ccc95073842f0ff7c2a3,delivered,2018-01-16 09:15:25,2018-01-16 09:30:09,2018-01-17 21:34:01,2018-01-23 16:33:12,2018-02-16,ba7fc35b83be44e57d7e8f96bea6d80b,2018-01-16
81194be55fc90582cc03fab5c592f817,514eba5aa9d0a2e9066c0ab4b14ee53b,delivered,2018-05-13 15:06:36,2018-05-13 15:33:28,2018-05-15 14:17:00,2018-06-06 01:33:21,2018-06-04,ea046dbb36d4b15b577065b530a08ec3,2018-05-13
1c64f41d5e7033dc330721ce0b229d78,4831ecadbc63dc9e41cf292cc7a7314e,delivered,2017-12-09 09:40:56,2017-12-09 12:30:19,2017-12-13 23:22:49,2017-12-14 22:29:01,2018-01-11,d7058caf943240f4367a4655b6a5ba72,2017-12-09
5498ba63a9af481c25f2f0b98b6b264b,a4a5f407999f3fdea0c1cd239a9df7fb,delivered,2018-06-21 20:07:34,2018-06-21 20:17:40,2018-06-22 14:34:00,2018-06-29 03:12:14,2018-07-11,8fcd817e31a66f647309351044617cb3,2018-06-21
4ccceb1115420e37ee333461047ee22b,9b0f7b8754b6d8abbf3a3961b34aa3cc,delivered,2018-02-15 09:26:07,2018-02-15 09:47:38,2018-02-16 19:39:09,2018-02-19 20:53:38,2018-03-02,88dfed4403bb0ca4480fac0c0975b6ff,2018-02-15
a5a1a9c036a5213d2833ca3b19de15dd,abd89f3a9b428d61119d1c7710cb01e0,delivered,2018-01-04 11:22:25,2018-01-05 02:38:38,2018-01-23 22:34:21,2018-02-02 23:19:04,2018-02-05,967f2df110ed3f215112b43a13f26f61,2018-01-04
0fdcd459c264e8cefc8b377c3ff8d14f,8946af2634bf83b52c86664a2a57b41f,delivered,2017-06-22 20:15:24,2017-06-24 02:23:08,2017-06-27 16:17:39,2017-06-28 15:14:59,2017-07-05,7ad9b255c9f730f13650a7f4f652b72e,2017-06-22
8e799e5d820ceeffb9b581001cc1521c,f6949ea82c82c0cf177e05220c22e232,delivered,2017-05-29 13:04:08,2017-05-29 13:15:06,2017-05-30 15:59:37,2017-06-02 10:19:05,2017-06-20,6d35c6b2d82893a68275a4a40c7bb4ea,2017-05-29
bfc8d3ca0ee3a93d7eee14d27639c90f,27efe9d1e24b5c1e0b2945b4a86c1dbf,delivered,2018-08-16 18:11:19,2018-08-16 18:29:05,2018-08-17 14:14:00,2018-08-21 00:12:00,2018-08-22,6ba812cae0dbebe46cabe62b1a77b91b,2018-08-16
b6f97ad9a7a85e2ad594c746a46dab44,7ee3b6ba60d9136f98ec0875ffa33375,delivered,2018-01-17 17:34:42,2018-01-17 17:50:48,2018-01-19 18:32:14,2018-01-31 19:22:56,2018-02-14,5701afd1def4cc91c980033a1f504635,2018-01-17
62f808f5e8babdf5f0092f748ce5b554,ccfc8745472a2addccbf7af46409aef6,delivered,2018-02-15 19:02:26,2018-02-17 03:48:00,2018-02-21 20:07:41,2018-02-23 23:39:11,2018-03-08,033423f2b5c8167932e146b09374e3ce,2018-02-15
d5b8231ec694904371f3efcd3450ee94,a48d0f3e23fe165709856a06c9fe1d5f,delivered,2018-06-06 14:58:22,2018-06-06 15:13:46,2018-06-06 14:34:00,2018-06-14 01:38:35,2018-07-17,bcc11dae733cd4fc4fc23f5b9e929e96,2018-06-06
c11a68c413a5bab666d3afe5a3ed7ef5,b7a710ed2201bd2cbe88944e34b40bcc,delivered,2017-10-01 16:34:38,2017-10-01 16:49:19,2017-10-02 15:43:19,2017-10-24 17:50:44,2017-11-22,e9a79e74f1dcd2b7b6dbed7469326104,2017-10-01
92988ce7c3efa5eb21e25836cca53191,77c3947e076f8bee99adda6c9c26ed2d,delivered,2018-01-11 23:27:27,2018-01-13 04:54:45,2018-01-16 18:44:48,2018-01-19 15:28:09,2018-02-06,7bfae7311f8111ff2fff8fda5faa94eb,2018-01-11
7b7e1acab40b5a906d8f82e23d1c8687,73c5717dd8b47b172b7a1496d2b2b3a0,delivered,2018-05-13 23:24:12,2018-05-13 23:35:19,2018-05-14 11:59:00,2018-05-19 15:56:30,2018-06-05,07bf560f72be1e670efa23930e50970f,2018-05-13
654d7c4edb2db36fbde5f35f50a02a83,345b4f3b04d616c894ef3a897653c7fc,delivered,2018-02-13 12:38:05,2018-02-13 12:50:29,2018-02-15 00:13:01,2018-02-20 16:33:27,2018-03-12,298a850c590b9242da757d040856fff4,2018-02-13
556689f3e30f4662d3ec219bdc556b93,2199cd4bd4244284d9ba6004835d0d82,invoiced,2017-01-30 14:01:38,2017-01-30 14:32:52,,,2017-03-20,60c958213c3cd48cb3139fa692a060e7,2017-01-30
7248d76d3e1ffa83c3c2cf9774657f76,2c3f5f8e033669bb6f354799040784ec,delivered,2018-02-19 18:11:36,2018-02-19 19:10:35,2018-02-20 21:12:38,2018-02-27 22:55:21,2018-03-12,7ff0d91bc8ac4eee9a567db3475b0b62,2018-02-19
86df051b358d78a419a88d76515d6d80,da415e0250d0996188ae352d6cb4bd00,delivered,2018-06-06 20:06:46,2018-06-06 20:34:11,2018-06-08 10:48:00,2018-06-13 19:58:39,2018-07-12,38941a0aea64baf8a13882808742616c,2018-06-06
57a05984170fbb84344898547914f22c,e95bf722477e76e8bec8c721acbdb418,delivered,2018-08-20 21:38:56,2018-08-20 21:50:13,2018-08-23 14:09:00,2018-08-27 20:21:23,2018-08-30,309cefe2828348f0bba9a66189da5b26,2018-08-20
a7241713cfa855604d2db6659e74ecc6,2ac967d965f4e21c8fc26739a7834040,delivered,2018-05-17 09:50:12,2018-05-17 12:31:59,2018-05-21 17:24:00,2018-05-23 19:45:40,2018-06-05,b0396f8cc8528e8733f12ecb799fa200,2018-05-17
6b1f38ed45f18e6053aa0504bd2e9036,ed94a39e503eec744a8effba6c900c0b,shipped,2017-05-13 20:44:54,2017-05-13 20:55:14,2017-05-16 10:54:19,,2017-06-12,83a6bd2e8af5bfa14c98c7fd8e467a59,2017-05-13
ef3d3d6bac50c7e2e1cc25ba953e11f6,522499972c38320fb80a96a38d3b5395,delivered,2018-07-30 11:13:19,2018-08-01 16:31:33,2018-07-31 15:21:00,2018-08-09 18:22:45,2018-08-30,3f92c696e9b3d2f871fb771eb98b5dcd,2018-07-30
ef3cef230796c0133556a0a8f013f6fe,cbb3bb9a9502ac4d9f02fc38b75fe62c,delivered,2017-08-10 19:19:48,2017-08-10 19:35:18,2017-08-16 19:42:20,2017-08-25 21:47:46,2017-09-13,fb484251f6de7aaad9f22eda41426d53,2017-08-10
a6f1dca3527b8ae1a077c9c9375d9f06,f744e91c00c30f8d6fbf8b82a0903c40,delivered,2017-11-01 10:50:27,2017-11-01 13:06:31,2017-11-07 15:09:10,2017-11-14 16:45:19,2017-11-29,a438f83805f67b26a97db7536b3a35e3,2017-11-01
dd4a10d4083490eaed4d0d21bb84bf1a,e2122d6c0f496f7d112252b2cd8fd682,delivered,2018-03-20 13:10:36,2018-03-20 13:28:22,2018-03-27 04:38:28,2018-03-28 23:08:29,2018-04-02,0f497dcc6312759f2f8b49ac5e1e6dad,2018-03-20
46bc29944be88ef9dc8d7223421577d0,c60291fb14ccfbcb17d0b36cdd34b848,delivered,2018-06-26 23:08:32,2018-06-27 00:10:43,2018-06-28 15:25:00,2018-07-03 19:12:29,2018-07-20,d017cd90b970aa210799f2a4e6fdfb0b,2018-06-26
300e12a84758b5aa3c990863afafa9d9,4a626299fd0fb054ba3b4dd245ecb2ab,delivered,2018-08-09 09:30:30,2018-08-09 09:45:03,2018-08-14 13:58:00,2018-08-17 23:43:43,2018-08-31,1004c2882ad356c7e8532c14f1b08e63,2018-08-09
9f6f7bafe618544760073fbd384bc007,4d7fe7e565f6fc70c3253d64171b7672,delivered,2018-04-23 21:42:34,2018-04-24 18:34:12,2018-04-26 13:06:00,2018-04-30 23:12:48,2018-05-17,383644b9cda10a290a1310e6abb57986,2018-04-23
5fff1e31dcee73af47628c1a40edb24d,02554a34cc5ba2d5e8908cb7468aec7c,delivered,2017-10-21 21:19:24,2017-10-23 10:37:23,2017-10-23 19:10:54,2017-10-30 09:12:40,2017-11-10,28935e1d8a60128ac5940dbaecacbece,2017-10-21
06a3bd42be69cdf39cd785d311b54a45,9e43617117f81bfddf4b3ec7625752aa,delivered,2017-09-19 15:39:10,2017-09-19 15:55:40,2017-09-19 20:53:51,2017-09-26 21:30:08,2017-10-11,218ef0d5d3c10267b7929241b0ebede0,2017-09-19
574a92fb05e01159e32c2a4cba131e3e,2a7d2a567dbf4e484dc9ff01ee6a5a29,delivered,2018-05-23 20:40:56,2018-05-23 20:57:35,2018-05-24 10:39:00,2018-06-06 19:32:01,2018-06-20,66b609f84df5b48c06e4c2fee0c1bdb1,2018-05-23
ef00af19f3e4667ac596baf6656e0ee4,3cd1d0a2bebd858eff1d3a84b68eea22,delivered,2017-11-26 11:31:29,2017-11-26 11:54:39,2017-12-05 14:22:21,2017-12-26 16:19:02,2017-12-19,3da879aff3fe48d6352d2ed09e4a4ec5,2017-11-26
29557adf1f00504612cbebf82c843d77,e5aed707ee7e99bcc46d19ccb4921bd4,unavailable,2017-04-22 16:14:48,2017-04-27 23:33:37,,,2017-05-15,d8165700afe6ac4255f5612f46e8640f,2017-04-22
a38d3f174370890c07a5d34cae339ea9,038580298aa9911636f2c2ef00b72a8e,delivered,2018-03-21 21:46:48,2018-03-21 22:08:35,2018-03-22 19:22:20,2018-03-26 14:03:39,2018-04-03,53aa8b765c8e7788639cc0003713c703,2018-03-21
f59ede2da7d659b1ead8da6a44181e25,f9865112b59ae9e3c6c5a6a55f6c313a,delivered,2017-04-07 10:11:16,2017-04-07 10:24:09,2017-04-13 13:23:13,2017-04-19 14:27:45,2017-05-03,3a65f474095c204f29f063b60d5b1ced,2017-04-07
edef0b2745085ba24975770ae2ce155a,adc42898a8fb68eb3f10d09767c1a158,delivered,2018-03-06 07:18:08,2018-03-06 07:30:30,2018-03-15 20:22:22,2018-04-04 19:58:21,2018-04-09,07f26b75fe1d40a4a43cc34849fab730,2018-03-06
4dd4745f66dc08de8b825edf6155ce4b,9ea7875477b41433fd8e2f65a65a1d1f,delivered,2018-04-16 16:27:46,2018-04-16 16:53:31,2018-04-17 21:16:53,2018-04-23 20:06:51,2018-05-23,503183539a4cde9ff1be148be92d9fe4,2018-04-16
fe9178012c726b1780a3553d7972a9b8,ef9fbca59376f45868cfd03ca0d711c1,delivered,2017-03-06 14:21:54,2017-03-06 14:30:21,2017-03-08 08:24:38,2017-03-13 12:12:59,2017-03-23,5bd74f5ce9d18e2178a355014b6fac25,2017-03-06
18f946a462c7b48981fb551535be4a74,ab749b53268b969dd8a4309e6f11c065,delivered,2017-09-12 16:16:55,2017-09-12 16:30:28,2017-09-14 17:54:07,2017-09-21 19:14:32,2017-10-05,2d08cf8331dd8d9ba58db3241820a623,2017-09-12
4ee3b0b0e73dea59d1548c92994c3838,5d4a2a1ca5758306c8addf538200a125,delivered,2017-07-28 14:22:59,2017-07-28 14:35:24,2017-07-31 13:19:43,2017-08-03 15:19:35,2017-08-21,bdcc250d2e298f2078e8aebc97fa0612,2017-07-28
8d4109569482ba175b5497482e79522a,efa62c03d176d71ec447fd71f55dc12f,delivered,2018-01-01 19:50:28,2018-01-01 19:59:28,2018-01-02 18:13:12,2018-01-19 20:25:41,2018-02-08,8dade800ec5d6fd0710314ad4209a8c8,2018-01-01
b391fd34f5d52bfc8de47b44d609e490,af42aa6cd70a1a5faa9b3549ae6aeaeb,delivered,2017-08-08 23:30:40,2017-08-08 23:45:10,2017-08-10 13:51:56,2017-08-11 20:53:07,2017-08-22,060a6620369ce19e52208b3f8ab6e27e,2017-08-08
330ef0a4fda3b673b429290366ce32ca,226fdf6be465be5bad603b4e1e9e8dbb,delivered,2018-07-17 18:40:33,2018-07-17 18:50:23,2018-07-18 15:36:00,2018-07-25 17:08:00,2018-08-01,c84c181b8a6b3bd195f64cb1b0e40c34,2018-07-17
973bdd70c3cd13e9d42646b29ab8c9a3,71410e64b57c1008949953f23acb5263,delivered,2017-09-18 08:53:13,2017-09-18 09:10:20,2017-09-18 16:47:13,2017-10-03 22:02:54,2017-10-17,d46b077f455740775a2fbc215f124ced,2017-09-18
e31ec91cea1ecf97797787471f98a8c2,56b18e2166679b8a959d72dd06da27f9,delivered,2017-11-03 21:08:33,2017-11-03 21:31:20,2017-11-06 18:24:41,2017-11-16 19:58:39,2017-12-05,73c2643a0a458b49f58cea58833b192e,2017-11-03
cfce0ad0c924cecbe5fde10535420084,276efbef4c6f512a21a9cd9ccb4ecb31,unavailable,2017-05-07 20:39:35,2017-05-07 20:55:20,,,2017-06-12,bf4c66eb6327bc3cc88f1f9772221970,2017-05-07
103a7b5711f736d920fcb1fe4bd28bcb,63c0e998a8a49b7937fcb229c96c968f,delivered,2017-06-06 17:46:28,2017-06-08 03:05:23,2017-06-08 08:15:05,2017-06-28 14:34:56,2017-07-05,dc31fc8dbf3d92dd637174df2018cf5c,2017-06-06
9bf744c017456c82da8849a2c92bae84,89812eca4c49b39c432a57dbc4e95f27,delivered,2018-01-06 05:15:19,2018-01-09 07:19:36,2018-01-10 16:33:23,2018-01-17 20:56:22,2018-02-06,257a0a891aa05c945617ad8f097645bd,2018-01-06
e7475420bf383cf47bda792c4efc13c8,9f676b4421baed4cc735a7367a44957d,delivered,2018-01-29 19:42:14,2018-01-29 19:55:23,2018-01-31 00:08:37,2018-02-15 19:52:03,2018-02-20,23522c7edbf6c549577add0accf53f2c,2018-01-29
738c536e3bfc3c99dddffed112e89349,c38f238897e6413a43a0f302bf8b7b9e,delivered,2018-03-01 16:12:35,2018-03-01 16:30:10,2018-03-02 17:42:52,2018-03-05 16:59:34,2018-03-13,a583892de341c9fd79ed946ca24bb0bb,2018-03-01
985106d37edb11c738adc8e8b9fbed01,8b7e5c8dcd0889f39a19d63cc3f53ad7,delivered,2017-11-07 17:56:06,2017-11-07 18:11:57,2017-11-09 00:26:42,2017-11-21 20:28:57,2017-12-05,d2ebf7e1ac744c96ba6e3a80e466518f,2017-11-07
820d5775b6d0316cdebc64673baf4871,9d37c4e8a4d46ee5b52e0bd812e81572,delivered,2017-05-03 21:12:22,2017-05-03 21:22:27,2017-05-04 14:46:14,2017-05-12 14:53:52,2017-05-26,1981cc0180525fee9a18c2b88bd0ad3a,2017-05-03
83d0c85dbcc4f41c0608144b122c4034,2ebd9fe4483c471718102ebf83d5ea85,delivered,2018-08-06 14:48:29,2018-08-06 15:04:34,2018-08-10 07:14:00,2018-08-13 15:32:08,2018-08-13,dd9da07aaafd77376514d3031c8260f8,2018-08-06
33eef7fdc8d66d56aec3a027f087f8bc,14949512ee391d8c8ce42c0682f2cdee,delivered,2018-06-23 15:18:07,2018-06-26 05:12:55,2018-06-26 08:38:00,2018-06-28 20:46:47,2018-07-20,8171af51c2a8d4d1e98dab0f260c57d9,2018-06-23
8643fbd2f309c5530887b6e3cbee56fb,2b22de01292ece3dd52531b13e8ddcb3,delivered,2018-04-26 18:15:54,2018-04-26 18:32:02,2018-04-27 08:46:00,2018-05-04 20:04:58,2018-05-24,2896f1745be8cf4f101e68fcbc167250,2018-04-26
2b9781917af4a7321519dd1db68cb72b,5be4d5fe459cb5f42d54481c6df8e313,delivered,2017-02-05 10:49:33,2017-02-05 11:02:04,2017-02-06 11:00:29,2017-02-08 10:19:06,2017-03-01,7041b17f3068683810aa548f6534a8dc,2017-02-05
1b038ed4462a55b31db5679b9597f045,706135bd8fb925e8ca9aad45c44a594f,delivered,2017-11-14 16:00:13,2017-11-14 16:12:14,2017-11-16 17:41:52,2017-11-27 21:03:13,2017-12-11,c1d4e6f1d2d9aa0a947b6b0c42b5597d,2017-11-14
dd381329189b25cc931a46e975159655,0105f165f3be4b229fcca1cba2349186,delivered,2018-03-01 20:16:22,2018-03-03 02:35:26,2018-03-06 18:52:12,2018-03-07 21:44:37,2018-03-13,fb8fa768aa555a031e83ca4cad6cebb6,2018-03-01
6553bc307b0ce8eded2609f0008ae2bd,5c896117244c11cdcc73221662757e05,delivered,2018-06-01 12:41:29,2018-06-01 12:55:31,2018-06-04 17:03:00,2018-06-13 23:41:30,2018-07-13,56e603c1c751e09f59fdd74009ba5094,2018-06-01
ff3137ffb0ead0baad8da8a2a7b063b9,52e63ecd64db4f95be34bed683fa029e,delivered,2017-11-05 22:12:29,2017-11-05 22:26:52,2017-11-06 19:04:38,2017-11-25 13:04:58,2017-11-28,43f797685f3789d5d81995ec61777b95,2017-11-05
f53c55d69ec100514da4915a8a3d72b2,0dd1098b87c24451307ef832e71db6e8,delivered,2017-10-31 04:16:46,2017-11-01 03:31:21,2017-11-03 17:28:01,2017-11-06 21:58:34,2017-11-08,c8003923bd1dd8512c7ec0a94a215366,2017-10-31
8d5e10fa7f259ed886ca55788bbf797d,abc04b2e7196b64e40603beb7d4d392e,delivered,2018-03-01 12:36:08,2018-03-01 12:55:58,2018-03-01 23:17:14,2018-04-09 18:05:39,2018-04-13,15b2459300f0b85b233d798c23552cee,2018-03-01
71d9e0a457c4ad4c8ecc9f38a1c0f739,aa15c4d66673887c9953a4fd5e181f60,delivered,2018-01-12 20:00:08,2018-01-12 20:10:55,2018-01-13 14:42:33,2018-01-22 22:55:22,2018-02-02,8562770c0cd90105e7442254225dfcea,2018-01-12
43dbc670fce72c601cf0064c216cbf02,b347e73849539f4192d96005795848f3,delivered,2018-06-09 16:38:17,2018-06-09 16:59:44,2018-06-18 12:16:00,2018-06-21 15:51:42,2018-07-17,4f477c554c5bd165f95d62b409ac6425,2018-06-09
f5b9dc711b5c8bbb790782cc79db82d5,7c5f2bf1eb681316188352257eab6baf,delivered,2018-08-01 14:17:13,2018-08-01 14:25:18,2018-08-01 15:58:00,2018-08-09 22:58:44,2018-08-27,58ce9a3763e87da8572269d62c54f343,2018-08-01
2001c0c8545591add8b8dbb31c36c30a,3af592b8d0d70ca974d68edba8a94656,delivered,2017-07-12 17:07:08,2017-07-12 17:15:18,2017-07-14 20:55:34,2017-07-20 18:31:54,2017-08-10,d1d1a6c00b2fd89ae698048f9bbf37e9,2017-07-12
1f37d913f46f90c082f6bb4996c3fc9a,2863600ac9c60c4d4914a22489af11b7,delivered,2017-04-19 19:58:55,2017-04-19 20:10:18,2017-04-20 08:20:17,2017-05-04 11:49:10,2017-05-17,9de0aa1eb92e951b78281e0776e78981,2017-04-19
59d7a8119bf89c6444ae76a6cf2f9479,166b36fe485b3846aaec4fb96544b7b5,delivered,2018-08-24 11:44:39,2018-08-24 11:55:19,2018-08-24 13:39:00,2018-08-29 19:38:23,2018-09-05,1356c7cceef6a2fb0c137a4ba41f9142,2018-08-24
61f6bdb47b62e119d6cbe6b3af05ceb6,178c94084b6160780bea4065bff9d33d,delivered,2017-10-23 19:17:15,2017-10-23 20:06:30,2017-10-26 21:21:55,2017-11-03 18:33:00,2017-11-13,6b7c2636ddb94b913355a4828a0cd1b1,2017-10-23
d206a5a8a29c1d4479b5d2ca40b7e102,89b0d2b9bc218ca1e860525dae563033,delivered,2017-10-08 22:49:52,2017-10-10 03:26:58,2017-10-17 18:52:17,2017-10-18 14:09:25,2017-10-25,c5c65dc72006fffa3c07a8884e595e71,2017-10-08
7cf3887824504a66be11bf1bab9fca46,73af977f0da1536e5bcc118b0bdf4544,delivered,2018-03-03 12:29:04,2018-03-03 13:08:51,2018-03-05 20:36:00,2018-03-06 22:33:31,2018-03-15,c33e87f964dd578b02f7208c4bbf9260,2018-03-03
61c136fddac571834516a52d2e03458d,fb5f2c08ba026b94235ea72c0368be0d,delivered,2018-08-01 12:53:27,2018-08-02 09:15:18,2018-08-03 15:10:00,2018-08-14 20:28:41,2018-08-13,a02152088bb8e51eaa946218a8e50744,2018-08-01
0544d7932387565226ae96a9ec8c03c8,763f69d62147292383080e70b397c3f0,delivered,2018-06-06 18:16:20,2018-06-06 18:34:31,2018-06-07 17:33:00,2018-06-13 17:32:20,2018-07-17,62625d7a044658340f83435adadd1aeb,2018-06-06
01be661b8196707ef60f062632d6d1bd,e7232b4d5318177ea3ab911dfb920cbf,delivered,2017-05-17 10:26:53,2017-05-17 10:42:27,2017-05-17 15:00:10,2017-05-23 13:03:32,2017-06-07,16598a26ab52b99a6790cee0542f7d3b,2017-05-17
425c277055776f14d8d66b86692a6428,d7a2212037163cab1dbbc8901aec73f1,delivered,2017-10-27 13:13:07,2017-10-30 10:35:49,2017-10-30 20:36:39,2017-11-09 18:17:54,2017-11-21,47f9bd96358d16da13b186867574642a,2017-10-27
902ec12570bd6b13462824125beeda65,8a98f9883d95fa731e6255fc8c12d762,delivered,2017-08-13 20:44:06,2017-08-13 21:05:12,2017-08-15 17:52:42,2017-09-04 21:22:35,2017-09-25,639fa303243a0f5cd49697a7310144cf,2017-08-13
a0b44209913b27635b5d9813244b7f87,a1c66b94797658e934a9fdc38ccd2106,delivered,2017-11-25 10:49:51,2017-11-25 11:10:30,2017-11-29 21:55:32,2017-12-15 20:19:22,2017-12-19,13510b0dcd1f956dbdcb358d68615455,2017-11-25
869eb48662057e0341d47dae5334b693,792fa21ca8a787f90d1a3c274ec853e4,unavailable,2017-10-31 22:14:54,2017-10-31 22:26:11,,,2017-11-23,2f82413d1799fccad849c9ead2ff6c65,2017-10-31
3a0e2e2771b84c2fd7e321c15624517e,b7e8d47a4ce48a612420eca18fa1dfdc,delivered,2017-10-02 05:41:37,2017-10-03 06:33:55,2017-10-04 16:36:02,2017-10-10 22:50:06,2017-10-26,47aa035ed023cffd3ade1ea0ca86eb25,2017-10-02
8929fce83f27ebe948da9c53dcea6bea,2b784701261a664c8a3fd4ce83c9679c,delivered,2018-06-13 20:49:51,2018-06-14 10:20:11,2018-06-14 14:51:00,2018-06-15 21:18:49,2018-06-25,5806bc4407f79e8de3fa8324c3313476,2018-06-13
f97b22f43ebe3a849c11dec2d26ad2d9,9556f574fcc285171e4f59f2b38ba3af,delivered,2018-04-25 21:23:20,2018-04-25 21:35:09,2018-04-26 08:52:00,2018-05-15 18:22:33,2018-05-22,c3a9f9f16cdd36937a0b858eb02933df,2018-04-25
0a62a2ee479a419db8aebf78129b2f5e,253c9223dfa3bf75327514da2145fe9d,delivered,2017-10-01 21:45:41,2017-10-01 22:04:56,2017-10-03 12:54:20,2017-10-13 20:52:14,2017-10-31,2082c1f1219c35db8a261e39aba10df9,2017-10-01
213a49cf987d92121b29d44bb96ec066,8bd967eb5c26c92f034572f28c70a300,delivered,2017-06-14 11:59:10,2017-06-14 12:15:37,2017-06-16 05:53:48,2017-06-23 11:12:46,2017-07-07,9a7a88b1dd5c33ffc76e268b3f482e40,2017-06-14
17335ccb96b98156a4fd1b635e11e107,9849e664a01a9e99e07fb42f32a2fccf,delivered,2018-03-20 07:49:40,2018-03-20 08:08:23,2018-03-21 22:24:40,2018-03-23 18:58:54,2018-04-02,b79dd50053e999b7f483671a3dee4a4d,2018-03-20
6782b1071318ad334c2a648586098947,47aa605e32d7c5f1b6c37de4a646f20a,delivered,2018-08-15 23:29:24,2018-08-17 22:10:21,2018-08-20 14:56:00,2018-08-21 19:22:03,2018-08-22,adcd4db76139274c3d9e3d84f550c1e6,2018-08-15
de0bf4e0a4d6dd65281279bfbbb815c9,e498b60d4bee16a9faec4643a2f44e3b,delivered,2018-07-04 11:17:05,2018-07-05 16:40:46,2018-07-04 14:02:00,2018-07-05 17:31:56,2018-07-19,eaf03278d1b539d634570a0a47f8fe97,2018-07-04
e84b5f26050a7928a7541078a7947e05,503ecd8753e44d86d70a64458fa5da5c,delivered,2018-03-26 15:41:26,2018-03-26 15:50:56,2018-04-03 22:11:53,2018-04-09 21:50:48,2018-04-18,27b29aaa8917271b8828dcf0dce5567b,2018-03-26
402571417385ea134265f371272b0cce,538fcd1fda5ac9cb7129fdfb18a6a95b,delivered,2017-07-25 13:31:54,2017-07-25 13:45:18,2017-07-26 18:49:46,2017-08-15 18:12:33,2017-08-28,ba546c75b376eba9547f80ae1d56fd8b,2017-07-25
42c2b836618db2b955ea569011464e97,dc65d433aebdabfb3e8ef0612d7a3e67,delivered,2018-05-23 17:27:50,2018-05-23 17:37:05,2018-05-30 13:44:00,2018-06-02 12:06:21,2018-06-29,bf1fa3f5c3bb2ded620844743e4dd153,2018-05-23
e9fd172d2d2a77f5c09321b9c69e223e,a940cd5c3c2b264fa59cef01883572c3,delivered,2017-09-13 08:45:32,2017-09-13 08:55:20,2017-09-14 15:17:22,2017-09-19 22:33:49,2017-10-03,b199e6112e73e8f05415cbdc10d00619,2017-09-13
623695cd72cc41aa116c10c7c28608a1,a852a1fd87371f874c3f2c1361dedf1a,delivered,2018-04-04 21:04:05,2018-04-04 21:15:22,2018-04-06 21:49:27,2018-04-09 11:51:51,2018-04-23,b21368cd6c353d45e66f61c1ce391841,2018-04-04
c14280403027095676ce13109d5e2864,bc673b29705cd8b01f9238a1dd8fdf3c,delivered,2018-03-17 16:38:49,2018-03-19 07:28:21,2018-03-23 23:08:42,2018-04-16 22:22:55,2018-04-19,22d5281d79e54f3fe69b327fab808a26,2018-03-17
f6661fe3177a741fbfd91547b86a00e9,5c8ad45158ccd55a42cc132c584409e7,delivered,2017-11-24 23:21:49,2017-11-25 02:16:36,2017-11-29 20:42:00,2017-12-01 15:46:37,2017-12-08,463879dc0f781a8eecd4bfac763b5e6b,2017-11-24
4883042a7a5f22fee4e519f15da7f9e2,961adc029c2b1f8a955922a9eae2af4c,delivered,2017-09-14 21:37:50,2017-09-14 21:50:15,2017-09-15 17:24:52,2017-09-21 16:04:17,2017-10-04,696398823bd7c7a17e6a545145387780,2017-09-14
826221f0c1a1915308dccb83b841eb2f,aa4c9ebf1ab4d645556cc96679f4cb92,delivered,2017-07-21 00:45:07,2017-07-21 01:03:27,2017-07-21 18:09:54,2017-07-24 16:33:55,2017-08-07,5b52858bcdab75cfc4593b13ea32db62,2017-07-21
958159f0dab5b09c3dad9dc3dc352565,3f6b216f1586e1e66cbf463d0a2eb535,delivered,2018-05-04 15:09:48,2018-05-04 15:33:27,2018-05-07 06:53:00,2018-05-15 11:29:06,2018-05-25,f86d945eb9f57db4ef44bb3a85a14dbf,2018-05-04
695f957c5e1c06e6e1669586890867f6,8edc0c4d54043b99b14b4888e3dc2d93,delivered,2018-05-18 15:00:32,2018-05-18 15:15:36,2018-05-22 14:08:00,2018-06-04 23:44:29,2018-06-06,6e95ac81103a89d1acb04d8be810ba69,2018-05-18
7141a7eee8944cb711fa1fd4f76300bc,9a5d390630499694895f2d2357a9967e,delivered,2018-01-03 12:15:06,2018-01-03 12:26:50,2018-02-21 20:38:56,2018-02-27 12:33:34,2018-02-09,7870ae3e0c158a19f7cc75fdb0dd1fb1,2018-01-03
d9858ec8ea40a6321206b4ebb6ea621a,ae98ca07977906a78cfedffd0b3b90da,delivered,2018-03-24 21:00:03,2018-03-27 04:08:29,2018-03-28 12:13:11,2018-04-05 01:22:41,2018-04-12,9063fb891289bc5ce36d6f60fb54a3c9,2018-03-24
251aa2c943f75ad00a62107e4a9e83ec,569ca092bc9e14268fcf7a5448de8647,delivered,2018-04-25 11:03:24,2018-04-25 11:15:11,2018-04-26 14:08:00,2018-04-30 18:24:28,2018-05-16,abe6e71cf427fdd91fb41fa6a6cd2fb8,2018-04-25
2eb8d7103527b48ed39070bd8cb2368e,30fbea743f55c0f1d3090e9774a3d6ca,delivered,2018-07-01 13:19:06,2018-07-01 13:30:29,2018-07-05 13:25:00,2018-07-10 20:54:50,2018-08-03,327d91f6f1244d24991a20da9f2ae6fa,2018-07-01
2ae5260ce606b477a55abe5a13cd5cad,915e5fac40ec41440f8709a2a62944f4,delivered,2017-12-11 19:39:39,2017-12-11 19:50:14,2017-12-12 21:37:05,2017-12-19 18:58:22,2018-01-04,0b8f908a3b8e307be5c917414bc8275d,2017-12-11
e8474158736fcaca4c7f83b6f610aba1,4729a8816e36c44ad313045dbeca9562,delivered,2017-03-22 19:41:48,2017-03-22 19:41:48,2017-03-23 10:08:50,2017-03-31 14:52:27,2017-04-10,ff64dc057067aecad9bf2c94b272e90a,2017-03-22
bab38c27fa5095e8c2d70c3973cc78cd,90b516ed3fb8da82d2610b62afcac965,delivered,2017-12-27 21:53:06,2017-12-29 02:09:34,2018-01-02 21:41:49,2018-01-08 17:14:50,2018-01-24,63f2c38081ac46cf2f268b32ea5e6525,2017-12-27
d68bca6b32291bfc980e6c3a89257ea1,05f6417c7a29d3f102b0714fbe276295,delivered,2018-04-17 15:46:37,2018-04-17 16:30:33,2018-04-18 20:34:39,2018-04-27 11:19:21,2018-05-24,a231ee7025abb261889cec712e1cac91,2018-04-17
828999d80d891785ff88623835515884,b1dec2ea6859708786a1c916fd69bb51,delivered,2018-08-08 14:18:50,2018-08-08 14:30:23,2018-08-09 14:10:00,2018-08-23 20:05:47,2018-08-17,3ab5aca40607efa3d15d20637f81d42b,2018-08-08
ef4327728e4c06e8ca7c8da666e4438d,519bdf0c5aa27c8cfff90d4e5d56897b,delivered,2017-11-09 19:42:02,2017-11-10 14:27:09,2017-11-13 17:30:54,2017-11-30 18:38:34,2017-12-04,34943ee2359780e0c9757c208a53040c,2017-11-09
3ff1b7767f8db536438a4d8a98244347,04c1a998c3b21a343330f101a03c5b06,delivered,2018-03-02 17:17:26,2018-03-03 17:10:20,2018-03-05 20:20:16,2018-03-17 17:26:56,2018-03-20,c40ce56c2c25e63abdf01bcce654e2ec,2018-03-02
065c05543ebdfd79fb629b2b4a6ab904,51d502a84c571171762fbda013cb4e09,invoiced,2018-03-20 18:02:29,2018-03-20 18:15:27,,,2018-04-02,49db5ff32556ff3ac0123ba825bdff2f,2018-03-20
8925a70c5c2e5b4ce423e37036e03571,52fd614bcf2cb390624779fd05110d84,delivered,2017-12-17 14:36:14,2017-12-19 15:11:49,2017-12-20 11:49:06,2017-12-26 16:24:55,2018-01-18,601bf929b8d0a8feecab068a2110ae1f,2017-12-17
4df904af63b025b5abbd9412e2c674b1,4839bb35237f24bc8916bb398b0411af,delivered,2018-03-16 13:17:40,2018-03-16 13:30:37,2018-03-19 16:41:41,2018-04-06 22:48:35,2018-04-09,e02f8929fc8818e3fcaf12c9e04247aa,2018-03-16
7a6618d50657d925e88544b2e1c06372,bbf6fab2824ab87e88fbeb4b9af257cf,delivered,2017-12-16 19:01:18,2017-12-16 19:10:20,2017-12-18 18:44:57,2017-12-22 15:48:28,2018-01-19,2014ec1b0056f51cfc268c9a868f113b,2017-12-16
53a71627049b3cd04fe655e979d8b4a6,74b82d49b3b81780a41bcfe099abeb86,processing,2018-04-20 11:20:41,2018-04-20 11:35:16,,,2018-05-17,0609a9ba59ed54c5217df763d23fc015,2018-04-20
242c9821e1036401ddc1d061ffcb034c,d21a1b30f682a1faa9cccc16d674eacf,delivered,2018-04-19 21:10:42,2018-04-19 21:30:55,2018-04-20 18:34:33,2018-05-10 18:32:30,2018-05-15,ce6adb9b3e23ca6736f4b3d6038385f6,2018-04-19
b00226019e5bae10bcb0b8ee041e96d4,daeeb8e1536e1934cbdb68a76cc3d788,delivered,2018-01-24 11:01:00,2018-01-25 10:58:26,2018-01-26 17:19:49,2018-02-05 18:15:04,2018-02-21,ee8f40b7a6867725cbf3064943ba9eeb,2018-01-24
236c5c6711eb7864803f0f0c739e5c05,1c1ad3c35a22aac00ba2c90156b27e8d,delivered,2018-05-23 16:20:54,2018-05-25 02:55:17,2018-05-25 12:57:00,2018-06-07 19:54:50,2018-06-19,36c034eca79dee8e369009094ae56cb6,2018-05-23
cbd6b0d6698b0b6018dc2f613942fd42,6208833ec713f1ff2b12eeb8cf8d9260,delivered,2018-08-06 13:23:19,2018-08-06 13:35:17,2018-08-08 15:41:00,2018-08-11 18:51:31,2018-08-17,50c331e195b1b8f694e1a20c147b0539,2018-08-06
f9662cf84141094dc6ad14261f518662,8c1ec538b031faec7c83ddf4914bf92a,delivered,2018-05-24 21:20:46,2018-05-25 08:36:53,2018-05-25 13:01:00,2018-06-10 14:58:30,2018-06-25,601a54055bf3fe7328d40f87be6a5a26,2018-05-24
596e35e2fccc09d06be80e504dccab38,f6ea50ebf77b37c12e15529d3f2a151c,delivered,2018-02-01 16:32:49,2018-02-01 16:57:04,2018-02-03 00:25:13,2018-02-05 23:51:48,2018-02-19,20a8058e62348ed0877e1bf9556164bc,2018-02-01
577cc3d29287f353a670e93406960701,155fe704ee1c6765bdbd1c466f8cab71,delivered,2018-03-08 16:19:47,2018-03-10 03:49:29,2018-03-13 16:18:45,2018-03-27 19:48:54,2018-04-02,a195349898d3650220bdbe257781629d,2018-03-08
2292fcf4509e47c46e20904e756678d3,f9c8bb7616dfb814330708bc943ace1d,delivered,2018-04-01 12:11:55,2018-04-03 05:48:38,2018-04-04 03:37:47,2018-04-07 12:36:30,2018-04-18,d88ac7d12d517ebf0442f370187012fa,2018-04-01
fc01b3ae390d2a2ed60bc4a3d68b577f,6b4e082b14e562a79465f516bd129f3b,delivered,2017-07-06 12:53:06,2017-07-06 13:05:21,2017-07-10 19:13:53,2017-07-18 20:47:56,2017-08-10,a45db9d0a5dcfbf97517132c9d7fe232,2017-07-06
13ffd5a36060f10de50532f3e299c446,7899bb2c21ccb01dc8ee88a587b14d13,shipped,2017-11-24 18:13:47,2017-11-24 21:36:38,2017-11-27 18:27:34,,2017-12-21,2c38c0c912edda3bd4bd1c9f70d84fdf,2017-11-24
af84f0b808d076913403b036e34b12fa,34b3b3f183f9d4bc8f747fd07e34245b,delivered,2018-08-19 23:51:27,2018-08-20 13:55:39,2018-08-20 14:35:00,2018-08-28 15:45:58,2018-09-03,76d8a7cc837890edbf3b7b2d0b09064e,2018-08-19
9c3843505b51a21d1955b27664f70827,fe9dda7284a8e2bcba116b9ec263b46e,delivered,2018-01-24 21:55:18,2018-01-24 22:12:37,2018-01-26 21:21:41,2018-02-22 19:05:11,2018-02-20,26c0a3487b440f97fc3a460729ba2577,2018-01-24
1e2f320acd9cf7428412fb4ba5c537fe,03e4aa263433c6741b5d22e28272c520,delivered,2018-08-15 08:48:29,2018-08-15 09:05:07,2018-08-23 13:24:00,2018-08-29 17:30:16,2018-08-27,5a3f5fbbab137680e842172402d2f291,2018-08-15
2cba3cbb6058bc3efbf3531e9dcafeb5,6b3dd49a9dcb03a49f8f7e1848d96a21,delivered,2018-05-12 11:47:38,2018-05-12 12:12:26,2018-05-16 12:33:00,2018-05-24 19:22:13,2018-06-07,bdaae7d0dda6bb655f833ebdceaf178e,2018-05-12
2d063770853ccc944a0eea618c125f82,76823576d62e00348cf6434982063b45,delivered,2017-08-18 17:57:28,2017-08-19 02:10:23,2017-08-22 20:33:11,2017-08-25 19:14:58,2017-09-12,5fa6d6c1a09d19fd2598eff17fcb7367,2017-08-18
bd5de289aee2b10eb505c63fc91df4d7,8ab1b9d34b04c3ac1d49a07e5d4814aa,delivered,2018-05-01 18:18:50,2018-05-03 04:13:11,2018-05-03 14:47:00,2018-05-08 19:12:34,2018-05-30,1769bc0645277bb44bc08cd0afead2d4,2018-05-01
52bad2204cde9f891c55922f3a93f2af,b9ba9af563885055c7204c3b25357f0e,delivered,2018-04-07 10:25:28,2018-04-10 06:55:09,2018-04-11 22:14:34,2018-05-04 11:12:07,2018-05-10,4797a596b20a5eb51ae04137df74519d,2018-04-07
c785e1253807cd0f11b1377d44b440d8,13d7948a710dbfc52fe1547877ec8874,delivered,2017-06-19 14:34:14,2017-06-19 14:50:18,2017-06-21 18:17:57,2017-07-03 16:53:53,2017-07-11,061f0fd9919c62b1742303ea0cfc4d6b,2017-06-19
ae0c255a73ce7465486f62fb5f79953a,1cf59e965ef313acb7995db312a61740,delivered,2017-12-10 18:33:56,2017-12-10 18:50:10,2017-12-14 17:41:53,2018-01-09 20:29:23,2018-01-08,bd44b9351d3b3ede95a049b95f091b88,2017-12-10
0708e6a0b38282fbfed40eccdaa4a597,733209067ba60698392d0d7c43523a7f,delivered,2018-05-09 14:37:05,2018-05-10 04:16:28,2018-05-10 15:16:00,2018-05-17 18:36:52,2018-05-29,7760f3daad9056282dcd18e57b61521e,2018-05-09
11ecea021072c62767879235a840565c,a70fc00f4ad360bd48ea7e3603fed39d,delivered,2017-09-18 19:43:49,2017-09-18 19:55:07,2017-09-21 13:49:56,2017-10-04 18:51:28,2017-10-09,c404934f694b3a1c51f107a14fb0cfc6,2017-09-18
d01892cabdc79c6a7592dbe80c5d7192,5b45714ef05cd86c20bda11b3e06b0c0,delivered,2017-09-10 19:29:49,2017-09-10 19:45:08,2017-09-12 17:57:54,2017-09-20 14:22:45,2017-09-27,c3af2d9123098566ed5a00d427a9295e,2017-09-10
ecb4506fc58364816a5133b8abf1f645,e181b4b143315372522c1c34b5eeebc8,delivered,2018-05-03 15:56:00,2018-05-04 15:55:23,2018-05-05 09:30:00,2018-06-20 11:23:29,2018-06-12,0880a12c3591cb1e3f6f23567adae7c1,2018-05-03
2e175b759e9d426f83e9b55b6a0661b2,9796b90a755bc5f210d18a7daa8ea8d7,delivered,2017-10-26 12:31:32,2017-10-28 02:51:24,2017-10-30 17:48:47,2017-10-31 22:27:43,2017-11-08,57fc5eab82225c8799e739fbd8c4875e,2017-10-26
6f10565ddd7e947a6918e2f551144704,cc81b5668b2b56a7bed7b92e60daff8e,delivered,2018-08-18 12:58:38,2018-08-20 20:35:16,2018-08-23 14:08:00,2018-08-27 17:47:55,2018-09-03,19184372884d2304b4ff266b4d6e716c,2018-08-18
98750f114ae6088d04ea0d3cfe3f137f,01fc05160cf790b9ed54ec795ff07688,delivered,2016-10-05 11:44:41,2016-10-06 03:07:51,2016-10-10 03:07:51,2016-10-28 12:23:43,2016-11-29,225e63e9d240db566203b1ed918a809c,2016-10-05
4194efa7ec651ea7442c7f01988877bd,553401fd74b3b623533d44c214a46431,delivered,2018-06-18 22:47:46,2018-06-18 22:56:23,2018-06-22 14:18:00,2018-06-27 16:21:33,2018-07-17,bbb33ce14486df60882804a8e58fd5e1,2018-06-18
9a20d02245abb1a63e3ab97e32ea2274,215428c6a440ef651c57099d60344542,delivered,2018-06-02 17:55:32,2018-06-03 17:50:59,2018-06-05 11:44:00,2018-06-08 01:05:33,2018-06-28,18811c75f8fe5d63cf4770f9a9b5649f,2018-06-02
ef492dce2e07e7ca0f54bb9fb1aabda2,4726470732530d99dad13c8e2a3cc1d7,delivered,2017-06-28 18:28:34,2017-06-29 02:43:51,2017-06-30 11:15:03,2017-07-03 16:21:19,2017-07-11,722711d783906a79eb06f51c7483518b,2017-06-28
83073309378cf709e67e8368e97447c4,3e0deaa9670f05d91d2f9cd373e1aeae,delivered,2017-07-19 13:58:48,2017-07-19 14:10:21,2017-07-21 12:17:30,2017-07-24 15:52:33,2017-08-04,8330487414ad3eb5e05a6a8a03272b34,2017-07-19
6216b939598157d2f16cdedf8997b83f,cb50b742004760f7a5835600332c29b9,delivered,2017-08-09 08:54:29,2017-08-11 04:15:20,2017-08-14 13:03:59,2017-08-21 20:07:43,2017-09-04,90bd90ace5fa4ab96f95ee4e77d3fd70,2017-08-09
cb8add3d9d1e64220e64944c428eadc9,c83ceef725175bc8789fd9b820098b08,delivered,2017-12-02 11:04:57,2017-12-02 11:30:35,2017-12-06 10:12:12,2017-12-18 19:48:58,2018-01-02,c491d7725de3b32529b2393247767d55,2017-12-02
1d9103176f443bb7c1f7212f9462b31a,58abbe3d883de2e747c3b0485bc0c26f,delivered,2018-05-06 12:52:59,2018-05-06 13:10:07,2018-05-08 12:05:00,2018-05-11 01:12:08,2018-05-21,33e8451a9a9054569fcdf978b6e289b0,2018-05-06
c2b0ee6a1e5f209275ed0f373614b9b2,b1ffde1bd138a338e8a12531e9493820,delivered,2018-03-13 16:55:48,2018-03-13 17:10:26,2018-03-14 22:58:45,2018-04-09 19:02:51,2018-04-04,142c276eb948e03f3755b804bcf11109,2018-03-13
0b4e790fdbd7616b010599cc3e5f873f,e1fb3bd29f0cc22b821938d2853e4cd5,delivered,2018-01-19 19:47:26,2018-01-19 19:56:29,2018-01-23 19:59:11,2018-02-01 20:05:21,2018-02-09,dcdaced133f33e9651ddfe73b2350156,2018-01-19
40f263da2fff3c6d39ed98ff3700546b,6ce22bdc14d3764795a53811003ec29f,delivered,2017-09-21 16:50:56,2017-09-21 17:06:05,2017-09-22 15:48:49,2017-10-03 21:02:40,2017-10-25,e09f5bd98a7d6737d601d90c6642e16a,2017-09-21
c43af0d27028ef826111663d8a3baa33,ee631ea57c3a362e86099783950118cc,delivered,2018-02-12 11:10:56,2018-02-12 11:28:07,2018-02-14 22:18:54,2018-02-26 18:07:52,2018-03-06,c711e0c6b9f24e48cce494f5c29230a0,2018-02-12
39f95a00d83145b299d7b0aeddccd24f,f1665cfd724684997d92966a9ed77700,delivered,2018-01-27 18:19:58,2018-01-27 18:36:44,2018-01-29 21:37:17,2018-02-07 21:48:34,2018-03-01,1a9158f945b8ac2cb629aed2c0711778,2018-01-27
f1d6646fab846df9751a81821b4178c7,f4d981af4486002e7c9bea7032e0215c,delivered,2018-01-04 12:20:04,2018-01-06 02:08:33,2018-01-08 18:56:27,2018-01-20 12:46:36,2018-01-31,cfd343626f212446489ea72ca29c8e3f,2018-01-04
2d7bf1651f60d1ac9e1be74a075ce01f,278ec4f5486b6a046b2a4c496d16a723,delivered,2018-06-22 17:01:05,2018-06-23 16:59:07,2018-06-25 13:18:00,2018-07-02 18:36:56,2018-07-20,1a51e2f94d8a735e9d52c5a50011c4e5,2018-06-22
68b4e818c05f12bec3a76417829c2846,84c1606acc0b24087addbbb85be4ee28,delivered,2018-05-21 08:08:19,2018-05-22 09:14:33,2018-06-11 11:37:00,2018-06-13 16:23:35,2018-06-13,6c396da7d1bdda5f0e9c7f3ab4fc7875,2018-05-21
d08a45bfb5b6342c010911e51868f688,fe3d5d84819ddde6e98f37b43831c126,delivered,2017-08-07 20:07:03,2017-08-07 20:50:21,2017-08-08 18:32:32,2017-08-16 18:22:50,2017-08-29,9620e26af0dfec5a16a52cd2afa81717,2017-08-07
7f7198074b26ee520359379a889980fd,d0360e99592173aa5bd39165c3ab3e28,delivered,2017-08-21 16:19:25,2017-08-22 16:28:06,2017-08-23 14:26:20,2017-08-31 19:05:42,2017-09-26,13eee0ba31aa2d2cd8a859abc4a3a330,2017-08-21
6d44e8ec62952a37be589d7fabc7cab0,c404b21e3e614fe7a14a8f0ab50e2dce,delivered,2018-05-14 20:55:16,2018-05-16 03:34:02,2018-05-16 12:02:00,2018-05-22 00:06:52,2018-05-28,fce15f707f36136d799b7eb0b8df9617,2018-05-14
741f2c4e19ea249883b7eab05a4061f6,ac8e2c478cb1b8bd0ebf1915f0d789e4,delivered,2017-04-26 20:47:50,2017-04-26 21:02:32,2017-05-03 14:48:17,2017-05-10 09:49:55,2017-05-31,50315ea7878dc3351f8f9e2d0b065e98,2017-04-26
90346710cfeac855230fe9a162980274,178f9d5e3a867229bef0e5363833715b,delivered,2017-12-16 14:11:37,2017-12-16 14:19:22,2017-12-22 01:38:22,2017-12-24 13:39:00,2018-01-11,fbae6016660678a3da410f4dac244dac,2017-12-16
a5513b009a0b7d07504788dc524a70f5,b5005ca040b9871f084da3061b278fd0,delivered,2017-05-16 20:36:21,2017-05-16 20:50:17,2017-05-18 14:18:52,2017-05-19 08:42:44,2017-05-29,eb89ecac165940c95a05cb77e89a789d,2017-05-16
b8aea51136617c5b9e79b074849b9144,e1304a4739249d446c3db9926222ae14,delivered,2018-03-15 10:52:44,2018-03-15 11:09:40,2018-03-15 20:55:53,2018-03-20 19:57:32,2018-03-27,88d587f6cad231918c63f6eacc05249c,2018-03-15
1d868462a56ffa7bbcd66b5b003d2982,854ff3250421ce4acce98f67cf4aabc9,delivered,2017-12-28 09:20:08,2017-12-29 09:14:29,2018-01-02 16:43:45,2018-01-06 15:54:05,2018-01-17,b9e7338660d73f5859f01679923b475b,2017-12-28
5d0b508f52e300518b26bdf4807a29a6,1a9539bf502eca6d99aecfd13c7cc0a4,delivered,2017-10-04 16:29:11,2017-10-04 16:46:00,2017-10-06 10:45:34,2017-10-27 18:33:35,2017-11-17,bc613fe9185f3c7e3a232a3c190baeb8,2017-10-04
8b9cc01337bcc7c9bf25da79353efb6a,d629cc87a70ae77b43bdc72304263923,delivered,2018-05-07 14:08:49,2018-05-07 16:15:38,2018-05-09 14:06:00,2018-05-10 20:21:49,2018-05-18,863a1f1d3e8cb3ba2c5235aff0b4f157,2018-05-07
949fc9318254747642271556f50339d0,a459383f702f0417d0d65fff9945aac1,delivered,2018-04-28 21:50:41,2018-04-28 22:13:22,2018-05-02 15:15:00,2018-05-07 17:29:31,2018-05-23,9d2ce111f0f71e84ff66d19cca09dd5b,2018-04-28
978c88fce8bfdad5559f67f50abfb7da,886b49d12074e82e2587e7e09fd1f7d0,delivered,2018-06-09 15:47:49,2018-06-09 15:55:18,2018-06-14 08:19:00,2018-06-26 23:42:04,2018-07-19,407fa16a7b4705356b6b3ad62721dad7,2018-06-09
6199ea959a9602f3c10fe2b7573bb325,10e278e411c84734185ed9a4c28113c2,delivered,2017-02-15 16:00:24,2017-02-15 16:10:15,2017-02-16 15:16:55,2017-02-20 05:57:59,2017-03-14,272cc626226c97554c44fb1bebc2c75d,2017-02-15
64cbe98d3ef9d927297f7dea3fab17d6,c2c832eecd792fba9a48c6820ae9bbce,delivered,2017-05-07 21:33:37,2017-05-07 21:45:14,2017-05-11 11:19:39,2017-05-25 13:27:47,2017-06-02,2b174670dbec666bbc68b6e2a4062740,2017-05-07
087f3b4c583de715fda96594b3a03b65,598c9545a37f10508a8c3b51b849d8dc,delivered,2018-02-07 14:55:48,2018-02-07 15:11:12,2018-02-08 18:57:05,2018-02-15 15:28:42,2018-03-08,5ed8835d5dc17db8bee98a07201fb461,2018-02-07
94179e454a575df8240e5f5246490129,60e93aa280a9925a2af61c812bc4e1c8,delivered,2017-04-29 14:34:26,2017-04-29 14:45:14,2017-05-02 14:09:00,2017-05-15 04:43:56,2017-06-13,bbf1349e7ebca6c69bd44b15ed861be2,2017-04-29
927eda1d91913116e94535f4120dc578,1679eda7c247b174221c5f850c26e076,delivered,2017-08-14 22:29:13,2017-08-15 00:50:06,2017-08-23 18:52:00,2017-08-30 12:30:14,2017-09-12,17c59808b63d2c77a6f31f8474ee38e2,2017-08-14
88bbef3f1ea4f3bd644c960cb645c072,c0d48da3a52a85f4159b10d3fe81c557,delivered,2017-10-15 08:57:15,2017-10-15 09:14:10,2017-10-17 22:30:20,2017-10-24 21:37:56,2017-11-03,13114b7039d1178989356b1199b3cd90,2017-10-15
e37400ea2216206cb88f2d8c87b4aa35,35c5fd514f5eed2913f71df5a01451f2,delivered,2017-08-22 21:03:27,2017-08-22 21:15:25,2017-08-23 20:34:12,2017-09-11 18:52:49,2017-09-18,34659ca36aa8e8becbc3a6d51da54364,2017-08-22
08748bafebfe3d00f17771505f3df1e4,fe1d751718c414270932bac5a8b024f5,delivered,2018-03-16 19:44:04,2018-03-20 03:15:48,2018-03-20 19:36:25,2018-04-07 15:12:11,2018-04-12,ed240c4c9c5f4b95f7c6561bc00c7993,2018-03-16
9856503e3360fab415c2efa086e44c85,a909c70e103548bc4e7dc1b6c553497c,delivered,2018-03-23 09:47:17,2018-03-23 10:08:36,2018-03-23 23:05:37,2018-04-02 20:45:51,2018-04-11,6266c3e2cfdbd83d0bb08a5b726e3868,2018-03-23
88ec70d10d0a2e45b46dc7fc335b56fb,bb4ce2b83507191e273401d42f75410f,delivered,2018-06-09 22:03:54,2018-06-09 22:19:16,2018-07-04 11:36:00,2018-07-10 12:41:27,2018-08-09,3292372a55b3c98a492fb649633cad3d,2018-06-09
8281751e57c88c456c81120e259c4367,2118725b646b0df667831735291dbe7b,delivered,2018-02-26 19:06:58,2018-02-26 19:15:39,2018-02-27 17:32:58,2018-03-02 20:42:48,2018-03-16,30f7e7ceee845b278bd125796a1576d7,2018-02-26
8b019d057bcca4a22ee5bbd62e8ffe0e,1ae3847ae6c98b481b672104f0a806d5,delivered,2018-03-31 13:57:59,2018-03-31 14:10:13,2018-04-09 23:57:01,2018-04-19 00:11:32,2018-05-04,24706c6b28bdb36fe53c7c003c99d492,2018-03-31
408049720996030bf12798d1338df7a1,f80fade9fce4eed558050e82a69a590f,delivered,2018-07-24 12:22:38,2018-07-24 13:40:16,2018-07-24 14:40:00,2018-07-26 20:12:28,2018-08-13,fd9c9d8749551eb44b8cf0ae092c92e1,2018-07-24
c341b928652ab66dc02f4a2e9bb2d969,a0d71ab81a7bc3212eb98275c65c04ac,delivered,2017-11-24 16:08:11,2017-11-24 20:11:57,2017-11-28 15:47:12,2017-12-21 21:17:11,2018-01-05,6b972012f5395bd7da08916e088b6049,2017-11-24
6ebc232b5e255e922b876735d4cbbb31,324dc2010d97d9fb303d814529cec409,delivered,2017-06-14 20:46:50,2017-06-17 03:15:47,2017-07-07 14:47:41,2017-07-21 11:33:34,2017-07-18,f76809a3b7be551c0254a2f8e345512f,2017-06-14
877261415157af624686e150af5295af,eaa818282a335e15f010e4a6a3af9de4,delivered,2018-04-30 22:09:03,2018-05-01 03:32:36,2018-05-02 11:10:00,2018-05-07 13:34:48,2018-06-01,0918f0b299855c65048a0f0b1adb5f8d,2018-04-30
18137b5db086c8612160066abecac8a7,97c905bbb48e654d4c54d35f094337b5,delivered,2018-07-20 23:33:59,2018-07-20 23:45:06,2018-07-23 13:32:00,2018-07-26 19:41:31,2018-09-06,6b663f38a6b717c09f4dca07f546fe4b,2018-07-20
b475d09fc9d7e739a7c8bbdbdaed3b8e,b4cb7305298ebeb89d13a2f78cfc9c08,delivered,2017-09-07 15:46:11,2017-09-07 16:07:07,2017-09-11 14:15:40,2017-09-12 21:12:08,2017-09-21,40bf5a2f7d1f6d16e37d61ca6b962db0,2017-09-07
cc8607fdeb822bbb13aadae04f3bb7aa,5cedd34edc16d4695d35c75eb4af56c0,delivered,2017-06-24 16:20:25,2017-06-24 16:43:34,2017-06-26 08:59:30,2017-07-06 13:33:50,2017-07-20,73d7ca83ac1db719be952345c422ef6d,2017-06-24
4cc2d69355f58ec964dfd4c0621b5a14,e2c09e699d1b2301790514ac52ca2e4d,delivered,2017-12-27 12:10:43,2017-12-27 12:29:11,2017-12-28 23:32:45,2017-12-29 18:34:33,2018-01-17,dfdeced6db731c8e748c4bab4960ee4f,2017-12-27
084ded1a75b230fac5331c786694ab7f,6c889130b007b6b26cdef380c00e10f7,delivered,2018-01-03 21:00:21,2018-01-05 02:39:26,2018-01-08 20:48:37,2018-01-10 18:39:01,2018-01-24,63206b6879a3bba6161254b60d6dc82e,2018-01-03
3e22992053887624e88bf136002962d5,f52515e506c16ff02e8f9a8dcab675ef,delivered,2017-11-22 13:10:44,2017-11-22 13:40:54,2017-11-23 22:04:49,2017-12-20 15:43:42,2017-12-14,775b8ea9b67152d0bbd37719da14e13b,2017-11-22
2a426a30d3d6787eaab8d32365278593,1f90b2cc130733e64c99940da0940b50,delivered,2017-11-30 16:25:41,2017-12-02 02:51:05,2017-12-04 22:16:33,2017-12-28 19:37:08,2017-12-26,5656a8fabc8629ff96b2bc14f8c09a27,2017-11-30
31ac604de6bd9460ebfc6af9e5401ee2,0beb6f83a9e13f0dc0645df5c1f8475f,delivered,2018-05-19 14:07:22,2018-05-19 14:31:16,2018-05-22 15:22:00,2018-06-02 00:14:52,2018-06-04,04e9f64126040e692ecd89cac744fca2,2018-05-19
c45e4de164ec4d68c64e752d6728e249,76dc9e33e0c0f5abda10293f94c86423,delivered,2018-03-20 12:35:01,2018-03-22 02:49:53,2018-03-26 23:09:07,2018-04-05 17:18:40,2018-04-18,6ec219f9ffa6328adeda7331aefb6224,2018-03-20
9f1d0b98c248d6afcfd3c708a723edf8,ee346cba5a3efbdd8663133d9ff755e8,delivered,2018-01-30 23:42:58,2018-01-30 23:55:47,2018-01-31 16:19:26,2018-02-23 22:08:28,2018-02-22,843e80aa83a944d60e7e46829fdc17a1,2018-01-30
e2f2d9285d6514581a9e7a20868a4e95,1fe6b9758bbf667a036b6c2620da3423,delivered,2018-01-14 10:35:25,2018-01-14 10:49:45,2018-01-18 15:49:10,2018-01-20 18:06:59,2018-02-05,bc90680c3e9d19b1b5db65aa15df42e9,2018-01-14
32f36c4204dd49c1e1055b4cc4c558a3,71cd39c7efaa1482f3d111e5caef0b7b,delivered,2018-03-01 11:07:53,2018-03-01 11:50:09,2018-03-01 21:41:26,2018-03-08 18:21:59,2018-03-29,ad44c5517b7efe74b8f797c1d6ddc982,2018-03-01
70c166d4c5cb846d78663b5b3e4adbb5,1d6f2e4efdab5db04ec1b691e00cd664,delivered,2018-07-15 07:56:59,2018-07-15 08:05:10,2018-07-17 16:14:00,2018-07-23 20:48:41,2018-07-30,7b70964e890173f39c36f37362387d13,2018-07-15
b0bfc6d0d1a6a935d526a495cb223d3f,137bf1e25f97145d03a07e38a8568f40,delivered,2017-06-13 08:37:27,2017-06-13 08:50:10,2017-06-13 15:44:09,2017-06-14 15:42:10,2017-06-27,c9c5baaab46cfcb5a7ee74a6ecaef806,2017-06-13
729ce1f9ecfc14e350cbf500f27cc709,59320045cf9859a283301adca55dd224,delivered,2018-01-15 12:46:00,2018-01-16 10:14:30,2018-01-16 23:21:25,2018-01-25 16:52:45,2018-02-05,4972d96e925aac84c049a47da7053333,2018-01-15
43e967533a1c4a25bd90cd80acfd7950,8f17c01ad40d7124489dfebd8f459eeb,delivered,2018-06-02 20:51:09,2018-06-02 21:09:48,2018-06-04 13:30:00,2018-06-08 21:20:47,2018-07-05,d0444d99c8704548c21aaac16c39ec71,2018-06-02
7af905809ddbaaed2af20592006857e0,5c9c326c6ba02d6301cb8c68292316f0,delivered,2018-04-15 23:38:38,2018-04-15 23:50:13,2018-04-19 01:38:40,2018-04-21 17:20:57,2018-05-11,84bf9ae18880da8c86213d17a1bf9f4c,2018-04-15
a50d174e10ae3a318551a633cffe8e9b,5eb90b3b173b853d40a5a388fc9f9f35,delivered,2017-05-11 14:35:52,2017-05-12 02:55:34,2017-05-22 20:17:47,2017-05-29 13:05:52,2017-05-19,7c97ce5cbef70b0542c27ed63641a38e,2017-05-11
12038c61d2a50f95412b96ac0e47502d,0d1b3897d00258d347dcd93a43924123,delivered,2018-04-25 11:01:37,2018-04-25 11:15:14,2018-04-26 12:01:00,2018-04-30 21:21:38,2018-05-18,0a5f289d0908859e4f749900cfaa6eb9,2018-04-25
25b6103279d49abad8b1b03989c6a7ee,3d8a8c537b49189fbf45f199acd93020,delivered,2018-05-11 10:19:57,2018-05-11 10:30:26,2018-05-12 08:39:00,2018-05-17 18:46:40,2018-05-30,7c6e0e21b9752423cc91a149fcb015fa,2018-05-11
4dac0c9aec5f460f203ce439f8af0f8c,72b368a9206b6e158934fdc1b79f962c,delivered,2018-05-07 23:49:04,2018-05-09 03:55:20,2018-05-09 14:01:00,2018-05-23 17:38:39,2018-05-29,35d68a3cffde6623481e49668e51ae08,2018-05-07
b24b30b2680c0388fd18c9175271a8cb,7df1cd17dbbeae3711371434fb3f1531,delivered,2017-08-24 16:36:58,2017-08-25 15:05:40,2017-08-31 21:26:31,2017-09-01 17:27:47,2017-09-06,ae3cba3668c3e870aa0401647dc5848a,2017-08-24
635b541d9f7dc7f9a3ec7531f16014e7,c56032bb1f28ae631c26e3c83a1d80a7,shipped,2018-05-14 14:35:45,2018-05-14 14:51:12,2018-05-15 14:50:00,,2018-05-24,288bffdb3e3373c0813f6ce3e1f85bfa,2018-05-14
eaac284918a0bae18197faef197f83e0,c94358f47b136fc8e5fc75123ff15213,delivered,2018-07-01 17:20:18,2018-07-01 17:35:11,2018-07-02 10:27:00,2018-07-06 16:41:45,2018-07-23,a0b50063ebe682edcf2c6e0dd56ff3b9,2018-07-01
ae60b17185a7a0d74929448e21803329,d75ec94339dfd4d525dac0f255ffa695,delivered,2017-11-15 20:16:30,2017-11-15 20:30:21,2017-11-16 15:34:52,2017-11-22 20:17:35,2017-12-13,e9882c71ab1e59b6c58e456f638a953a,2017-11-15
e068276f5e75a66212f75b84ebfeaccf,8b8e02be8fef10b7c6e2d210dbcfba7c,delivered,2017-01-16 13:17:46,2017-01-18 09:35:19,2017-01-20 07:13:46,2017-01-25 11:00:16,2017-03-09,ed05a1bbf9f8816af23fcc68084bb87d,2017-01-16
e90f54c60527a57006c1beb79d15f03f,f5a2160c43645c1fe0f683eacd1581be,delivered,2017-10-20 17:08:39,2017-10-20 17:26:49,2017-10-23 22:06:45,2017-10-24 20:14:59,2017-12-12,1d12d8ff1302aa8b37271ff5ad5d3a4a,2017-10-20
04464191f1b76f60684eac5609f3bdda,20e464a07327b8acb79e2603ba845569,delivered,2018-07-30 15:03:10,2018-07-30 18:31:10,2018-07-31 15:54:00,2018-08-02 22:42:49,2018-08-07,88f994e308b037460dd6f7e4cae770eb,2018-07-30
1ac4ac576a3e3ef61ffbb64937ed1f62,3c452be4bf253c6f9a9a04e35f09b220,delivered,2018-06-06 11:44:08,2018-06-06 14:03:53,2018-06-07 14:09:00,2018-06-18 16:12:54,2018-07-04,728a151b4593fb7ae0787158df28752a,2018-06-06
1dc7e32417078aefd90f48772816008a,d7a30a15621f7476b06e0104ffef1cfa,delivered,2018-06-18 20:19:21,2018-06-19 20:16:28,2018-06-20 08:43:00,2018-06-25 18:48:29,2018-07-05,4fdc62ec0c92703fde661756400e686d,2018-06-18
6eac247f4bce09d7fe35d7cf903c74b3,abc3efee9e5e539286ff709b2f654d8f,delivered,2017-07-12 13:39:52,2017-07-12 14:23:39,2017-07-13 15:31:59,2017-07-24 17:27:57,2017-08-10,16329fb4019e7cc00bb10ce853e34013,2017-07-12
e9d2ee85d4e02fd80bd039f3eb4d549d,deeffd0ed94f3f4edeaf96a13efce71a,delivered,2017-09-12 21:42:52,2017-09-12 21:55:13,2017-09-14 20:29:56,2017-10-03 19:57:42,2017-10-06,5a81bce3c8ed6cd2f6e6278f1e0a3af0,2017-09-12
d3ebfb013e1078eaff4a664df869315a,36e70d326ab414aaf5be6ba0eab5bfde,delivered,2018-06-07 12:38:31,2018-06-08 12:37:00,2018-06-11 12:29:00,2018-06-18 14:06:40,2018-07-11,4fbbe3e555c12c6fb7184b3e2d04fb49,2018-06-07
ba6e771c39f5c537cf32b54a8d238c08,fe1b37f3aa6b2fe245e6b8eb651d7d07,delivered,2017-06-15 15:56:29,2017-06-15 16:05:19,2017-06-16 13:33:51,2017-06-26 15:04:03,2017-07-17,d14f3f2e0a73b72977a4e4c951a1ca33,2017-06-15
dd61571f850e8cc02065e8f2921c3bbb,0495c25635aefe36adb7c788c6ff9f28,delivered,2018-01-07 13:55:58,2018-01-07 14:07:02,2018-01-08 22:08:42,2018-01-17 17:50:14,2018-02-02,ede9a99e426542fb5aa89cc16c8d1e34,2018-01-07
a186c935e0231e23f12de2e3c6443684,ad6fdc534e9acad243a6760379f3fe9d,delivered,2018-02-13 18:18:25,2018-02-13 18:30:30,2018-02-16 00:12:01,2018-02-23 13:24:10,2018-03-06,be4d9d478982283077c4310a809c350d,2018-02-13
c38c9bc64c50852ae814ac2dc6bff45d,b57504f62d129f5eefa6fe4a035e0e0b,delivered,2018-06-08 22:28:13,2018-06-09 07:12:19,2018-06-11 13:21:00,2018-07-07 16:48:55,2018-07-05,8cc552ee9ad72129a85b102a7781ac75,2018-06-08
31b2ff78299f9c71d536cca98394ebe1,4f60b8e950a3f012e9fd35f7bc291803,delivered,2017-09-15 09:16:20,2017-09-15 09:30:20,2017-09-15 17:11:09,2017-09-28 17:23:50,2017-10-09,56a3ba5c3703252753c2391b9ad3bafb,2017-09-15
f87c07a7c9a3572f1a53b8dadd6b84c3,dd4bd98af49ad053c0f4dc6107234217,delivered,2017-12-24 14:48:00,2017-12-24 14:59:22,2017-12-26 20:34:43,2018-01-03 17:58:57,2018-01-22,a267191e13807d158926cae6307fa9df,2017-12-24
7229af88b3e016ae8214948aecf9d19e,2fce48d96bf48183ba42e30a9f24ca48,delivered,2018-01-18 12:24:49,2018-01-19 02:38:26,2018-01-19 16:26:26,2018-02-06 16:31:47,2018-02-19,1d1f937e9dfe0078844a18cabfa1afc2,2018-01-18
729efff80ae9b31f5435169b08c8bf8a,a1b34e0298e44c75495c32a71bca8949,delivered,2018-03-06 09:51:17,2018-03-06 10:09:41,2018-03-08 00:05:27,2018-03-15 17:08:35,2018-03-23,3af47731e7b6eabaee29e5f328652714,2018-03-06
a89532f439dee652b2e9bc7bc3af44c7,1c0cf5b6dc8b8c2c166b6566e1005db8,delivered,2018-03-19 17:54:45,2018-03-19 18:15:51,2018-03-21 19:14:46,2018-04-03 23:46:37,2018-04-20,218798a3387a73290378e1eeea310aa7,2018-03-19
4421a7200d8a1f6a0dd6fbf8c96d01d5,4ffff1067fc518fcf4d439bec4ebbae1,delivered,2018-06-12 17:17:01,2018-06-14 02:57:37,2018-06-20 15:25:00,2018-06-27 14:38:45,2018-07-12,2cd86e8f1c726a848fa120e93b7d4b23,2018-06-12
845f40bea2ead3894b6d95b621e108c0,9e3eaa4b238d6102e6e49c919187e222,unavailable,2017-02-06 20:27:06,2017-02-06 20:35:18,,,2017-03-07,379044038aa6efadbb71525799832291,2017-02-06
ffc1fd8337b12fe96a4c39a0c2991296,ada0af90cd5f4e7c13f84fb47e0a5628,delivered,2017-05-03 16:51:47,2017-05-03 17:05:10,2017-05-04 15:03:06,2017-05-08 11:03:14,2017-06-02,65440681171bf517a0da7198eeb814f5,2017-05-03
aa5bc7c80064a78e898a7c2defceb690,f2b15f9e51e4e6f10da92a8030b95566,delivered,2018-01-09 08:29:41,2018-01-09 08:38:20,2018-01-16 01:48:42,2018-02-09 12:38:58,2018-02-15,10a019fa89b5f15af81109bbbd7b02f3,2018-01-09
61598b90b927811b3b38013ec10b8e5d,f04ae41c75d423a833694f86375f16c9,delivered,2018-03-15 18:39:56,2018-03-15 18:50:35,2018-03-17 00:18:44,2018-03-17 15:26:41,2018-03-27,f48c4fb9144d9d73f66d664d3ae82da5,2018-03-15
52b6657a05a886dd78d180e8d2f29ae8,42fdfdfecf1c27d4a546df29f956ca2a,delivered,2018-07-23 18:08:41,2018-07-24 10:31:45,2018-07-24 14:09:00,2018-07-31 17:21:18,2018-08-14,d8152f4062b7942bed758c757f8c2102,2018-07-23
2f669767ce462a3c52c5e53561229252,995463cc3940449ac2e89e8f9df06d10,delivered,2018-03-06 18:46:32,2018-03-06 19:30:28,2018-03-07 22:45:18,2018-03-14 14:38:33,2018-03-26,01e4f76dbf261176b87ed09f6803c596,2018-03-06
81d6ac4e9d7c1c677ea8d5d128e7f659,1484aa9c76bbac8c518f7eb7328494ac,delivered,2018-05-05 22:35:28,2018-05-10 10:15:07,2018-05-10 15:53:00,2018-05-21 22:24:19,2018-06-04,81baeb6a283787838ed66dce745e8201,2018-05-05
491f193fc52075598871cfe6f19976d4,754ca6f0a4efa94136ab04789648590e,delivered,2018-06-08 11:48:33,2018-06-08 12:21:35,2018-06-13 13:55:00,2018-06-18 13:29:43,2018-06-28,b7474898d0dccad79a77bf2b0d23bbab,2018-06-08
55a21991029dc5b9239c5bddc0f09e33,f6270ae120d1f3132f73b60d3e91de1d,delivered,2017-08-29 13:49:41,2017-08-29 14:05:25,2017-08-30 20:02:58,2017-09-01 18:55:43,2017-09-12,87f121f04b3c6456ab80f8a850001dd5,2017-08-29
f7e9a79b157a77f2b176767e16124553,76de3012849125aa7a57a8a721f303f9,delivered,2018-06-17 22:24:52,2018-06-19 04:16:57,2018-06-19 15:38:00,2018-06-30 15:44:56,2018-07-25,7ecaafb89ece2289f5379f5cfdf94d8b,2018-06-17
fb14d0b924669f4fedd4109bbbfbb736,a6fb7a48402f0b53260a6b518b2119ee,delivered,2017-04-24 17:08:07,2017-04-24 17:22:39,2017-04-26 09:21:57,2017-05-03 12:58:57,2017-05-12,b87155c5a81fed027e17765f111875ca,2017-04-24
9ae23540f2733800190476b85aa910cd,92dd4b87879a4dc3450ccfb6ae1932f2,shipped,2018-03-12 10:32:11,2018-03-12 11:15:38,2018-03-14 22:32:04,,2018-04-06,79ff5d9ba6dc750760a809b0a84d3397,2018-03-12
d84ce4acc4a19690d7a7b6f5df4d3023,df617ecf75e122f5982420b0495cae50,delivered,2017-07-13 15:52:11,2017-07-13 16:04:46,2017-07-19 18:27:38,2017-07-27 15:36:44,2017-08-02,9a56d30e286ddea1374c143d111de34d,2017-07-13
5b02e3190400ea2755927d0ee0647d73,a54c000c261e820c31699fe7bd16046f,delivered,2017-10-14 20:53:48,2017-10-14 21:07:17,2017-10-17 16:21:34,2017-10-21 13:22:38,2017-11-07,be3d8eb606dba13a902ed67389d38366,2017-10-14
3786490a9435828d9b33fa35664aff99,f745a07300ff4f04eeafe9fbafaa3b98,delivered,2018-01-09 17:03:35,2018-01-09 17:32:18,2018-01-10 22:43:54,2018-01-22 19:58:16,2018-02-23,796a27b914fb9daae69864e99e828634,2018-01-09
c34da1288f178b15970f8d7aa8c45cbf,32a69ea152f154c162be65ae0389fbef,delivered,2018-04-08 08:35:18,2018-04-08 08:50:43,2018-04-10 22:52:03,2018-04-11 15:17:54,2018-04-20,f46233d0effc58fb659e2c7e3afddef3,2018-04-08
063f6b61015cb748333bd76ef0deac47,3375961a3c02d5650dadc9294ea54bbd,delivered,2018-01-04 14:12:09,2018-01-04 14:19:22,2018-01-10 00:22:39,2018-01-11 23:03:54,2018-01-31,bd6edf3d91f94448b859f6938d7c8369,2018-01-04
1bc003426b11b20491aa5b7810c9cbf2,8533aa252bf31a01e141f49c31cf319a,delivered,2018-08-22 00:12:31,2018-08-22 00:25:09,2018-08-22 09:25:00,2018-08-29 02:22:30,2018-09-18,c39c28b8ce3b154806a11311d4bddc1f,2018-08-22
8f8e4c6e05e4b84707bf0dafc310fc7b,9249476dff8f7a54d21b00f1423b5bf1,delivered,2017-08-03 14:42:09,2017-08-03 16:15:14,2017-08-03 20:49:46,2017-08-08 18:00:13,2017-09-11,f7d8c8576a04b82badf97861bdc83220,2017-08-03
0b398dbb3e7c81005f3c69b01488c4c9,d5a8b5d8ed21f5234e1278a477e751a9,unavailable,2017-09-27 20:51:53,2017-09-27 21:07:13,,,2017-10-24,0e88d25592a4f873d5439a70609ace33,2017-09-27
f6bc8c7b31f02638a377f399f2bd201f,5434dbc80a2451a651a3fba4997a9b87,delivered,2017-03-06 09:27:36,2017-03-06 09:35:21,2017-03-06 13:59:55,2017-03-09 09:18:41,2017-03-27,a0d0da81ef6e1dfb63b334b5222459dd,2017-03-06
c8e4d7b6268150138b3cce1a49c8863b,feb6b22599ba8d9269ddc01c798116b0,delivered,2018-01-08 19:31:14,2018-01-09 07:19:41,2018-01-11 20:33:41,2018-01-24 23:58:08,2018-02-16,86618766c9dacd2ccd49fb6492ddcbbf,2018-01-08
d98f635a12ded39ef1002ffefe2c80f6,2510dab99846cf86151167128b2032e1,delivered,2017-02-10 13:54:57,2017-02-10 14:05:13,2017-02-15 11:54:43,2017-02-17 17:17:31,2017-03-10,e6c2d4c0d18521155e20e567476bcbac,2017-02-10
a835505a16cefe4fe794476d79374f81,faa0c4abeacc34fadc4bdcf878b42b63,delivered,2018-08-15 14:40:37,2018-08-15 15:05:13,2018-08-17 12:44:00,2018-08-20 19:22:26,2018-08-21,64486bf653abe2d395affb980587b5a2,2018-08-15
4ba3f21bd638fd2e98fc97de01b63a34,c4ac881f58db1a55366d4fd58128f7f0,delivered,2018-03-25 15:22:52,2018-03-25 15:30:33,2018-03-26 20:03:53,2018-04-12 22:47:35,2018-04-13,7e271012124fd5cce39d23dc7068c0ad,2018-03-25
ec618314861f02fad4e606d750489ee5,d02d430313cf955bb70f8c079566aff1,delivered,2017-11-23 11:30:46,2017-11-23 11:49:00,2017-11-23 22:02:29,2017-12-05 19:23:33,2017-12-19,e431c6ea02614d2a3d6ab4f6b8f0a37f,2017-11-23
acc49e9dd2387ecf0a331d12c5774d52,b9dbc440e8e2b2b72d19dc88459f6794,delivered,2017-12-21 15:48:11,2017-12-21 15:55:31,2017-12-22 21:08:53,2018-01-04 21:18:07,2018-01-17,15d5cb0a0f50f613cead2be97251e823,2017-12-21
cd785ff917fd0d23a0ff435cb39c037d,884a0382689fb4085be0b4811e3a4d59,delivered,2018-06-25 12:04:22,2018-06-25 12:15:25,2018-06-25 15:31:00,2018-06-28 20:41:43,2018-07-16,bbee5d038ceb6e7bf6af5b98b6532f2d,2018-06-25
3713fe13d5a4c736c62e235af932a494,70aea4d4d3272d80dae93bb0b54dbe29,delivered,2018-06-18 12:34:24,2018-06-18 12:57:52,2018-06-19 11:17:00,2018-06-20 16:06:50,2018-07-03,77738e989de17039b44d3f90e6d962ae,2018-06-18
fc785ee76910f164cc65821f006a58d5,72cb30eee8406d375e223bf6532f6c4a,delivered,2017-06-12 09:15:35,2017-06-12 09:25:24,2017-06-19 16:10:58,2017-06-23 12:03:09,2017-07-05,e302f39a1fe4cbd92cbfa4ee2ab5d7c5,2017-06-12
6a7a2caec1c515a203d22bfdd390da63,04b6b85b1ffc6867540213d69a3ec01d,delivered,2018-03-06 09:24:12,2018-03-06 09:35:22,2018-03-06 19:09:33,2018-04-07 11:14:25,2018-03-29,11f38d03ecf069e299766b4e29572e43,2018-03-06
7b553267b4a47c97b6c27a6aafb549f3,fe80289c760cab85736b9f4429bf7538,delivered,2017-07-14 22:39:35,2017-07-15 03:33:18,2017-07-17 16:53:58,2017-07-20 20:16:54,2017-08-03,3971a1fa1fd948a8fbb65585acbe899b,2017-07-14
c9d46caad10d4c85f1eded254193e2a5,84fe777cc65bf2b45cfaa88b6c1188e7,delivered,2017-12-12 17:14:09,2017-12-12 17:31:50,2017-12-13 23:52:38,2018-01-12 21:53:40,2018-01-11,4a080fbb39cea0bbc34236191a82140a,2017-12-12
115a5def49198c358d372dccac79ce54,b61644c2fc96943d712a9f4a249234ce,delivered,2018-07-26 09:54:55,2018-07-26 10:05:53,2018-07-26 14:44:00,2018-08-01 20:32:11,2018-08-15,5811acd4bae8dc09af9fa10402d1472d,2018-07-26
0eb292344b2b6367acf848e125a32538,8d1eb0233a90478bafc36d66f468de9c,delivered,2017-06-27 20:53:52,2017-06-27 21:05:14,2017-06-28 14:47:43,2017-07-07 17:32:22,2017-07-21,c7bf5a629f5e3da7dc993b6e624fdb68,2017-06-27
fd654135e9d2b7c59f1f301c8b7eea44,e2bfd6c5e26d3365ab8553471b537bbc,delivered,2018-04-21 13:24:51,2018-04-24 18:49:51,2018-04-26 15:06:00,2018-04-27 21:51:28,2018-05-11,b878e86e18f53b618d7335d950d268d6,2018-04-21
498fddb261b6ddd5974cf8bea3374388,99c8c2b1c8b9cb95024ca7cd1c84059e,delivered,2018-08-08 09:01:31,2018-08-09 03:45:14,2018-08-10 13:55:00,2018-08-15 21:26:42,2018-08-16,32788468d0b9ff196663c5659861c8db,2018-08-08
4f53648717b48854fb9db283e2cf5d27,6f511bdde13d8de37379becebabb7fd2,delivered,2017-05-13 20:17:09,2017-05-13 20:25:11,2017-05-17 16:32:38,2017-05-19 09:27:55,2017-05-31,994cd2f6a90026d5b74debc9fa41a5c6,2017-05-13
2477eccf092b3407c1442bf98cde9729,41c745d2f76353fbe24e980cf298b6ad,delivered,2017-12-06 21:55:04,2017-12-06 22:09:52,2017-12-11 17:19:03,2017-12-13 20:10:45,2018-01-05,d24defcac9073348079649567781f761,2017-12-06
ffb8f7de8940249a3221252818937ecb,036a2b2e7d16c12b97890ea51a2ef172,delivered,2018-07-22 12:58:25,2018-07-23 09:04:32,2018-07-23 11:41:00,2018-07-31 15:05:05,2018-08-10,22e2a6909c8debb64e8560df49a25260,2018-07-22
79c0fac13b3965c6b73c3fa600059b36,c34a5917571c7ffe960785111bfa4061,delivered,2018-02-20 22:32:06,2018-02-20 22:47:30,2018-02-22 19:29:13,2018-03-01 22:07:54,2018-03-16,2c8902a45e7bbf222692f46e0e9e5513,2018-02-20
5e235e61ce267978794f9d8f22465386,db020f723e4bc1be8a09d3f47cf2c94c,delivered,2018-03-12 16:47:42,2018-03-12 16:55:59,2018-03-13 19:38:37,2018-04-03 18:23:00,2018-04-05,6c124e9edab5dab65a8f9a2a8f5686f5,2018-03-12
ddcf6c758c04fe3f2e0d1ae301ec5f40,52128c30f27e3166029ab4ad0b502c94,delivered,2017-04-11 12:45:06,2017-04-12 09:02:14,2017-04-13 10:50:43,2017-05-09 17:57:59,2017-05-18,ff580ab4901e3619925a27db44eec095,2017-04-11
a07589bd08c0f6f6e01dad0a425aa352,2900c95fa594a00e8e83ce658bc915f0,delivered,2018-06-22 10:17:53,2018-06-22 10:36:02,2018-06-22 14:41:00,2018-06-27 14:36:34,2018-07-23,57fe6b60da64927a2c5109c933e4b748,2018-06-22
f7791fd674aa787f1f33ae0fc5bb0e3c,a022d09d6218dea5a35a53d834e62912,delivered,2017-07-04 17:54:07,2017-07-05 17:40:43,2017-07-06 11:32:00,2017-07-10 17:52:45,2017-07-26,1df09f784cb5abafb89a1f313e164e43,2017-07-04
62ef149989532929ee727f458049bb98,75eb6159884efe3ef7da3449c8ab244a,delivered,2017-10-16 10:32:58,2017-10-16 10:49:17,2017-10-17 15:48:01,2017-10-21 12:53:34,2017-10-26,026d1aaa74457b39204f1ee240db2bc7,2017-10-16
aac15589b232e9722429d3a06a547b6d,d81eec91dac9e0886753b2062c26b1ab,delivered,2017-09-16 19:16:20,2017-09-16 19:30:10,2017-09-19 14:53:22,2017-09-27 21:15:04,2017-10-10,ee930b8175239aaf6cc5b0628b34a9c4,2017-09-16
d64a14f0bda63154a36174c4870ee78c,8100182ef5153393aaa0b0ee5e7c0fb7,delivered,2018-05-21 09:38:36,2018-05-22 08:16:34,2018-05-29 09:25:00,2018-06-05 21:41:58,2018-06-07,065f8d269e0518c6a8cf04149063a2e9,2018-05-21
760999ff07a3e111f8f559e83a11499b,2a7f7a3839af32d2fdfe6f36af812971,delivered,2018-08-22 20:09:46,2018-08-22 20:25:12,2018-08-23 13:16:00,2018-08-30 21:05:27,2018-09-05,796bcd966e5d0272abe040712ca6034f,2018-08-22
4ac47dc578518440150fbf3780d83a30,069a425b9e8a1f9e8d508eff8d7c3925,delivered,2017-10-01 21:06:02,2017-10-01 21:24:05,2017-10-03 12:57:31,2017-10-06 14:17:30,2017-10-26,793c14202ef7966472e9246fd83b0ae8,2017-10-01
9e9019ce043c4bb38f4bb4afa8bd55ca,24a7428e950dbbda9356425d3191e586,delivered,2018-08-19 11:47:05,2018-08-20 11:31:35,2018-08-21 12:51:00,2018-08-27 17:54:53,2018-08-30,cd4e9fe61b979b8758a910b68e0bc9e6,2018-08-19
6b688d7c200891c0f00b36cbb2156a78,44e56c0c6009b03c72041bd465811294,delivered,2018-02-14 14:48:37,2018-02-15 04:20:19,2018-02-15 23:33:50,2018-02-21 18:38:47,2018-02-26,1968a0403206d266c43b8fdeb9b441fe,2018-02-14
7533fbd27a9bfcacc9cb7d7e1b95c30b,5631ca2b8971a198d12cf1b83deb6ec5,delivered,2018-03-09 20:45:07,2018-03-09 21:09:54,2018-03-13 10:42:25,2018-03-21 22:12:50,2018-03-28,a2db25ea135165c845f262fe610cf905,2018-03-09
aaebd610c2ce12f554c4614fd969f798,876a2e72947d6a479c85438160717b28,delivered,2017-11-15 16:48:29,2017-11-15 17:07:07,2017-11-16 18:33:07,2017-11-21 18:46:42,2017-12-07,6688da725b1d2d94265623bbd319ac9a,2017-11-15
8c33d668c93faeb68c9fbf5fadd93e3a,f65a9d5dc0c49064efc04ca1d4667935,delivered,2017-04-23 11:33:03,2017-04-23 11:42:10,2017-04-25 08:47:25,2017-05-11 12:29:50,2017-05-30,5d622f341bd6b5e3d07c22484f869f4f,2017-04-23
79ec7fcffa4121dbb55b945aee306e12,002348c1099e3229276c8ad7d4ddc702,processing,2018-01-10 12:28:22,2018-01-11 03:09:22,,,2018-02-02,934c19eeef04da89928f995df85cf3f8,2018-01-10
1ec6a22830cd894e36c04b72a905dd43,c5451f407a42c7fbca8b2f1adf9944e2,delivered,2018-01-08 13:17:05,2018-01-10 10:32:51,2018-01-12 23:39:36,2018-01-19 16:28:09,2018-02-05,50897acc647f0a1abf484de847912a48,2018-01-08
26de0ad903879b7f28b74d5f60426198,b51839b045d441da8da60ea3eee3a3e1,delivered,2017-03-01 09:25:31,2017-03-01 09:35:20,2017-03-03 08:23:57,2017-03-12 08:16:02,2017-03-30,17f976b8ef22a1bdd5a00baf0e91500e,2017-03-01
c5a35c39a04a0da294d01d0854dd2e9b,cd5f2ac7558ccaebe665f1595ae61fff,delivered,2018-01-06 16:36:51,2018-01-06 16:46:51,2018-01-10 20:51:49,2018-02-06 20:46:53,2018-02-09,9a76f076b79071e6ad5a3dc99acc99e6,2018-01-06
395fcc8123e7a3a7c5054d6dae0dad9e,4d11f37e9a81c1e42a04b749b85d68d8,delivered,2018-05-02 13:22:49,2018-05-02 17:54:04,2018-05-04 08:32:00,2018-05-10 20:08:43,2018-06-01,20e4e4300a8e89f51185aa4d5243388d,2018-05-02
43f4557e2a514edbbd692027ca5cf280,1c3ba04947c5b1390ded9d8533791ebf,delivered,2017-05-29 16:25:48,2017-05-31 06:50:32,2017-05-31 12:50:45,2017-06-16 15:22:10,2017-06-29,2b9d6bc6bce2439eb172a004287c2c2e,2017-05-29
9c94bfacc09a4a008c0eac2e86cb1628,ad2086a7a9ff955e5d632076b549746e,delivered,2017-06-02 21:22:03,2017-06-02 21:35:07,2017-06-05 10:46:50,2017-06-12 13:43:08,2017-06-27,96f516352e2962f2686c7fbaea51da97,2017-06-02
a98fe09b46d38252ffe1bcccb1a6641b,3f25df1e9c68750d7e3d3125a386e531,delivered,2017-12-01 10:49:12,2017-12-01 12:31:33,2017-12-01 21:13:25,2017-12-11 21:13:39,2018-01-03,9dcd4e3d159ef86072afb542f17d5641,2017-12-01
877e77fa066905d1dc21d9677a649b85,ea6e237ce2de204046adcc63b08096c2,delivered,2018-06-25 15:50:43,2018-06-25 16:15:33,2018-06-29 16:32:00,2018-07-02 09:11:27,2018-07-24,8383675fece8dff5aa240aa875e5ba4f,2018-06-25
f1ef0cea033ae487dc3ebc664cb10d1b,62b928147854bc65eeeff14bb787a009,delivered,2018-02-22 13:13:12,2018-02-22 13:47:52,2018-02-23 22:42:48,2018-02-26 19:22:37,2018-03-08,7059102c8d28a87a84e645a7e6784fc4,2018-02-22
44e9e7a851d64518b40a6887d84b8b60,3a3967691d56a8d93256a5eb0c541e19,delivered,2017-05-03 22:51:05,2017-05-04 01:45:22,2017-05-16 09:42:04,2017-05-30 10:08:23,2017-06-06,decc36d2cdb063a399445b91eba4ee35,2017-05-03
62f85456fc470d391e292c649d8f0124,8578b195ef00d35534b548af9e9a152d,delivered,2017-12-28 08:28:20,2017-12-29 08:27:31,2017-12-29 16:38:45,2018-01-09 15:18:40,2018-01-30,a7c9c27c939f750a01aabf3a014051d8,2017-12-28
41cb41ef29a6cd8f633cac105998332f,f2085b31ca99c19ce9203a2cbb344dc6,delivered,2018-08-10 17:09:47,2018-08-14 04:30:22,2018-08-16 14:16:00,2018-08-24 14:56:24,2018-09-04,605eaf991e19c9d172ac44ea5cc337a8,2018-08-10
d465c10f1f89099cfd6c57cd84249f6f,49e3545f69f394b6e1ce143157a73642,delivered,2018-01-08 20:48:30,2018-01-08 20:59:32,2018-01-11 00:24:26,2018-01-12 14:54:54,2018-01-24,033487b7bd35e93687ae4641213e810b,2018-01-08
78d1ad5b65aecc8f61c0fab7b28e8281,dbb68cef9a37ab412a671c35ef258d33,delivered,2018-03-21 11:47:29,2018-03-21 11:55:49,2018-03-22 18:51:59,2018-04-04 16:21:01,2018-04-17,a0f9ad7b94fe7fa0a6e34cbbf5b3764f,2018-03-21
f35e557434d42e2818e3e8b3c4bbf1e4,e64cafd89602b921eff1a79cf24f0613,delivered,2018-06-26 09:31:19,2018-06-26 09:52:54,2018-06-26 11:18:00,2018-07-06 17:34:35,2018-07-27,ebd46d8419be982109941935f7c0a6b0,2018-06-26
9c28244a57606ad0cd766dbef78f98a8,0cdc56cae92a99834552b88218f2baa5,delivered,2018-07-20 12:26:01,2018-07-20 12:43:35,2018-07-20 14:37:00,2018-07-24 19:33:23,2018-07-31,2c1fd85b76dbae1183e7f72866dde523,2018-07-20
01ba495d945c6a1c5b198bbad63e61c6,e8f23326e2c34831368372a3dbcf8ce3,delivered,2018-01-31 11:22:27,2018-01-31 14:01:52,2018-02-02 17:12:30,2018-02-16 17:02:39,2018-02-23,2477493cd0ffd29ef87933e32466fb8e,2018-01-31
dea1e695f08ba5ff543ac1f0132f6db3,d564b70e32e3a90a00477b7a1d3f0e40,delivered,2018-02-21 17:59:32,2018-02-21 18:15:24,2018-02-23 22:45:49,2018-02-24 20:54:11,2018-03-07,978fb8df97c474040dcf99cf41fa8a05,2018-02-21
17825f24877a9289214c301ae0c9424b,9b8ce803689b3562defaad4613ef426f,delivered,2017-05-11 13:48:47,2017-05-13 11:55:16,2017-05-15 15:30:02,2017-06-07 12:02:14,2017-05-30,7f3a72e8f988c6e735ba118d54f47458,2017-05-11
029b2daf51dda061aeb1cf32c9306db7,46490458d353247266448e9bdc7bd115,delivered,2018-08-06 16:20:23,2018-08-06 16:35:20,2018-08-07 14:22:00,2018-08-15 19:24:42,2018-09-04,a9230d79e397fb71fa526975917bf449,2018-08-06
9fe33416283b9bfb49fcdea66c415777,5d0ce5948d35340bb6edf34595d1f2d3,delivered,2018-01-13 22:19:47,2018-01-13 22:29:45,2018-01-15 22:41:44,2018-02-08 18:34:13,2018-02-15,c0ba4d398c1d01060e39dddd27c92388,2018-01-13
47ced0a7515c9c759da126fad76397d5,35a797c4719b70b2a1ca87b197b90c58,delivered,2018-06-10 19:45:23,2018-06-10 20:17:18,2018-06-12 08:50:00,2018-06-14 16:58:55,2018-06-20,7071f134576300e40d85ef3d47556d22,2018-06-10
626d1cc366da566023f1b3d8e202d568,0977ccd98cf666f24223669c1aae0180,delivered,2018-06-26 04:15:10,2018-06-26 04:32:05,2018-06-26 14:37:00,2018-06-27 18:12:33,2018-07-18,cc600bdf917663330ad986092b9cb8f5,2018-06-26
f912318b97b5cc776cbcd05bc2b4dee5,9d33cff321da4458db9596168e309392,delivered,2018-08-08 23:22:02,2018-08-08 23:35:16,2018-08-10 07:27:00,2018-08-28 13:57:40,2018-08-29,de1bffeed7378cd6a7be668c0496fb3d,2018-08-08
1337d5367a799babc13f9f71c63bf7ab,84bf6a4346118c8306d16b593c15176e,delivered,2017-09-09 19:36:37,2017-09-10 01:34:04,2017-09-11 20:32:12,2017-09-19 13:48:19,2017-09-27,15823b5826557e80b07c3d5dc611568e,2017-09-09
368f8d217d97abd561399215e13db4e3,bb033b43dc2c1e3fb26312d16e38bf50,delivered,2018-03-07 01:00:09,2018-03-07 01:15:24,2018-03-07 20:28:57,2018-04-14 15:13:02,2018-04-05,49910372b68e54a7d85f83ab77637810,2018-03-07
18d97970f63e7ee06cc61aabb05cb6b6,6fcd437a7ec74153d5d279c854213536,delivered,2018-04-16 13:46:39,2018-04-16 14:32:35,2018-04-18 12:28:51,2018-04-19 21:41:56,2018-04-30,73728081e6219eb2e8cb34c85ed90c41,2018-04-16
47cb6230e12948960e82a4924f9ca0b1,33a37e2f0ce971293fb3386e246e851a,delivered,2018-04-09 20:09:44,2018-04-09 20:30:05,2018-04-11 21:03:40,2018-04-12 13:09:33,2018-04-19,0ac3899e77ef2167267927ffc100a106,2018-04-09
bcd58566a69cec15b9dbecaf661df388,ee0eeeb62c7639298a849f360e1e6d35,delivered,2018-03-20 11:03:07,2018-03-22 02:49:50,2018-03-28 14:58:39,2018-04-04 19:36:10,2018-04-11,733cbc1c0cc854c339926c7f3510191d,2018-03-20
7b38728b3f2fb3b9c622306b2ddcbe96,4da72641124921d442507519f5373e51,delivered,2017-10-22 18:35:45,2017-10-22 18:49:21,2017-10-25 18:33:39,2017-11-02 14:43:07,2017-11-14,19a16d1ed9ac39eacc3f8ba2aad13898,2017-10-22
e8a9b36dea36cc9c246000b8c7cca976,f7335df2eeca0716c89a87c5692dea34,delivered,2018-04-23 12:49:27,2018-04-24 17:36:01,2018-04-24 17:32:27,2018-04-25 18:18:33,2018-05-11,73554a324f228b8dcce5a677f300f7a0,2018-04-23
79e8e10e18151e5d8b8223a0ce9ee34f,e0dea86e76e3cb7a8225b70a1ebc0e74,delivered,2017-10-25 01:58:21,2017-10-25 02:28:39,2017-10-25 19:37:58,2017-10-31 14:42:10,2017-11-14,9947c0ed8bf41cd508a78da36abc1d41,2017-10-25
3d6024a65d547d75ce7c38da01993565,71dcbb257571501de1dc58ac8321a39b,delivered,2018-05-29 18:27:08,2018-05-29 18:51:21,2018-05-30 16:40:00,2018-06-02 11:16:42,2018-06-21,dd50e82d933fda90b62adbb0f15705d2,2018-05-29
6318d8c5f6857de384c0b3186d036457,e16043b6c48d4fcfcf5500300001a665,delivered,2017-06-08 20:02:41,2017-06-09 19:55:14,2017-06-13 14:38:45,2017-06-26 13:08:19,2017-07-14,64e9a736591627c469dae6f3d1592a61,2017-06-08
a8b287712f97be514752ebf62271b2a2,632e9560c4fab7134a5e11e8ad599c86,delivered,2018-02-24 21:08:50,2018-02-24 21:28:18,2018-02-27 22:09:26,2018-04-21 20:36:27,2018-03-21,6a3a1de50e1fc7374c2156d4c022f849,2018-02-24
1eb9a93c492ef0337c6855555dea8ae2,6a9a12e6f2dfaaffaf61d48d35c2e08c,delivered,2017-10-15 16:01:06,2017-10-15 16:14:57,2017-10-19 14:16:45,2017-10-24 17:52:44,2017-11-06,968873b8db44cda568ea8c9896e61c80,2017-10-15
cace1a92b9984790083116a9f2e7ae5c,49c3a1a50b8142d5b884209cf0db476e,delivered,2017-11-16 13:50:41,2017-11-16 14:08:17,2017-11-17 18:42:53,2017-11-20 20:10:04,2017-11-29,0139d2cb6ca3b630b5833d49634d328e,2017-11-16
ace8119e1ccd050e898a31eeaf829121,6d2fc313c058293791f4f94623f1cf80,delivered,2017-11-26 18:13:28,2017-11-26 18:32:37,2017-11-28 00:05:31,2017-12-05 19:04:45,2017-12-22,0079b50e9f77c1148b472818f92eaebc,2017-11-26
490f9c9fc86a9e753c5729f7119e84d7,0d9406fc091e557580d0d2171f268d88,delivered,2018-05-04 10:46:21,2018-05-05 03:50:28,2018-05-07 13:16:00,2018-05-10 15:18:47,2018-05-24,8beb6684c9cdfea633ec7f48e16f1a84,2018-05-04
b69b3998539f1f68e146ab4db97cd0a5,8a69afb6812887ee507ff9ab87fb36bf,delivered,2018-03-05 09:29:59,2018-03-05 09:48:15,2018-03-05 19:28:53,2018-03-06 12:16:34,2018-03-15,eef634984422c1a1edd23e47e03a94ac,2018-03-05
9883744c6400cfad8a620ddb82b9793c,df7f0c302322f4a233a07fb9cbddb46c,delivered,2018-05-02 10:19:23,2018-05-02 10:34:27,2018-05-07 11:32:00,2018-05-08 21:06:05,2018-05-24,7dd163b8e3d4e09daa9e16091dd6dd26,2018-05-02
ec967af67c54436554c9389770962aa4,bfcb83e71e3778e69dbb16fb4f259143,delivered,2017-12-11 10:24:39,2017-12-11 10:34:31,2017-12-11 18:12:40,2018-01-05 21:28:51,2018-01-05,cf5b61dfa3bcae70246f0ee9e31aafeb,2017-12-11
f927763b2f03e72c178092609d6be813,f1b85d7cf113664b6dd49f3de3f9355e,delivered,2018-05-02 16:22:09,2018-05-02 17:32:10,2018-05-07 12:31:00,2018-05-09 21:51:34,2018-05-25,c593b1305c5f3c530b354ed703f1ab36,2018-05-02
040c71e2bb944537100baa9dfff8e2ac,7d0eaeecc730e5953bf95a9f00f236d6,delivered,2018-02-22 12:44:10,2018-02-22 12:55:52,2018-02-23 21:23:20,2018-03-01 20:37:46,2018-03-19,22dde33dda11551ecfd0973eeeab36f6,2018-02-22
ee1fd5d090d5f8772860cad42d39c986,d6154b35746d6957d70e8187799faecf,delivered,2017-08-15 22:47:10,2017-08-17 02:50:14,2017-08-30 22:07:45,2017-09-09 16:09:46,2017-09-13,317ceb9e0c7ab908f1844c0024878cb9,2017-08-15
f4829d4aec1e7ce6d1f88c4eb8086c3e,e601ca133e5e7ef8ed11669470d28472,delivered,2018-08-21 14:41:32,2018-08-23 02:55:24,2018-08-24 16:05:00,2018-08-27 22:38:24,2018-09-26,6dda77ce7d03b1b6a7cae2a037be41dc,2018-08-21
cb5b7fb63c0add7098c025cb737df02e,7e2d8e10c5c9339ad1492ad76452465f,delivered,2018-02-25 17:37:04,2018-02-27 04:31:06,2018-03-01 21:36:54,2018-03-19 16:46:35,2018-04-12,a982bd0fec12d781fecd9f1e17cb81bf,2018-02-25
a2ccba6b49ba609c283317d2754b4fa4,97976723d84afda08b4bfc980d17e2f7,delivered,2017-12-11 12:09:34,2017-12-11 12:17:25,2017-12-11 20:28:52,2017-12-19 00:39:00,2018-01-11,5994d2b33880c3b026f1144c32947521,2017-12-11
6e5eb9bf354b388aac8561d04e9b0ef0,7c9bd29ba762dee02252ee11180a5f08,delivered,2017-10-25 10:11:12,2017-10-25 10:33:27,2017-10-25 20:14:09,2017-11-03 19:47:37,2017-11-21,bf8ab3ba6ca853953bd935b022355cf9,2017-10-25
61c0331f4a2916cc12ae6abe6f4caf41,69a3dbdc444fd4620ea62358f213491b,delivered,2018-02-18 20:50:45,2018-02-18 21:50:38,2018-02-20 19:04:36,2018-03-16 20:32:37,2018-03-12,84030c68114a33d29893d58886a36796,2018-02-18
b132124ca9d69faf63989e08a5851151,2e6d07b7d21a82360f3b981e93f20c45,delivered,2018-05-22 10:50:04,2018-05-22 11:14:31,2018-05-25 12:40:00,2018-06-04 19:26:52,2018-06-08,29eb90999e5256f4e560edc0983ae64d,2018-05-22
1258254c11dace819eb300c703d74d50,ed40fefcaeaecbeac079d45a7ff70996,delivered,2017-12-03 11:04:52,2017-12-03 11:16:28,2017-12-04 22:53:55,2017-12-05 21:32:17,2017-12-20,f90565e54166a176b1543b72c2efe04f,2017-12-03
414cadf0b930cce31271e8d9d6c1da64,48e3f5541dee310caf8cb2c5d1828015,delivered,2018-01-31 19:39:55,2018-01-31 19:55:34,2018-02-05 20:08:50,2018-02-17 16:22:49,2018-03-02,dbc7e362e13dac66a593427730b24299,2018-01-31
d4dd30b0bae8f3e541debeec24928732,e6a01ce8fcce3ed1ff67b57f35a71c2e,delivered,2017-11-23 08:27:04,2017-11-23 08:38:20,2017-11-24 19:47:46,2017-11-30 20:21:52,2017-12-12,20c5e748328d5c885b35577b565828fb,2017-11-23
ed9b3b9e44dcd0fdbe1bffbdeaf4d2ce,f45a92b3df5e28c6d60e80bf4d1b67af,delivered,2018-04-10 09:28:31,2018-04-10 09:51:04,2018-04-18 23:26:51,2018-04-26 22:55:41,2018-04-20,4f38430f29d7d8a0ea7902693ef782ae,2018-04-10
d05cac15bc1000a8d38860c44fc4af09,edaf081727eac11647e9cdba5f9ceb48,delivered,2017-05-12 01:23:16,2017-05-12 01:35:17,2017-05-15 07:41:43,2017-06-12 10:04:57,2017-06-21,710e3118340838a1b4ba1cd86df5fd2e,2017-05-12
1367467fb1eec22652fb5bc05c72a73a,3904ba9aac7b2e3f7de89443f67ef2fb,delivered,2018-05-09 11:38:03,2018-05-09 11:51:36,2018-05-09 14:30:00,2018-05-15 14:38:35,2018-05-28,7e8dbb60780a4fa95996d1d14a9bca40,2018-05-09
0410ab9a8e8b28e6399bca3e89562f95,9cfad66c82697c8385f5efedeea1b878,delivered,2017-09-13 03:15:40,2017-09-13 03:45:35,2017-09-15 18:46:48,2017-09-28 13:44:47,2017-10-03,af4005eb1df318d2c9b24b8fb4cdaddc,2017-09-13
8300640f8328abe9ac6691e4caf3c2bf,1e0918f0d58bd46e2465857831ec892c,invoiced,2017-02-09 15:27:30,2017-02-09 15:35:18,,,2017-03-14,f0659077678fd05b5346a8afbf216c16,2017-02-09
2193f5bb6c9f9d32aa596cda03c6aa03,7ef663a8207160332584b183b6cdd739,delivered,2018-08-17 11:52:18,2018-08-17 12:09:46,2018-08-17 19:37:00,2018-08-20 16:42:28,2018-08-22,3bb2ce27d2180fbe3a27d6a93b6890d3,2018-08-17
4dc589e6389192764e1bad67c0fecf8f,f7962da40aedf8ef1a4d3caaaf10f941,delivered,2018-01-17 14:08:41,2018-01-17 14:16:33,2018-01-18 22:00:28,2018-01-27 09:48:09,2018-02-14,18f712b6345db3bfdbb435f03a3eeb40,2018-01-17
f655e064aa3f4617ec0f8d5ab4885a26,f5471b550eb47981e7b33165df33bd20,delivered,2018-03-20 13:44:22,2018-03-21 02:55:41,2018-03-22 22:07:21,2018-04-10 16:32:40,2018-04-26,eb79b6c6dd8c3d42feebdff7ee130eb3,2018-03-20
cc6b4b00ee3769433a23d8d24ccdec3d,3ae9d43ff9d654653047e514d0013dd6,delivered,2018-05-09 13:01:39,2018-05-10 11:36:40,2018-05-10 15:25:00,2018-05-14 15:03:50,2018-05-25,425c20fcf08344967155a3d44d46584e,2018-05-09
137264e02b6bb16372279951e7258ec6,551ba6f8e39bce3ccc0785753f73ba10,delivered,2017-08-04 12:23:32,2017-08-04 12:43:19,2017-08-08 20:13:42,2017-08-15 20:12:23,2017-08-30,64a5301ff6bdaf1baa00058672402d7a,2017-08-04
416e49799e9260d93c8f636ce6661a55,c986404d6cdb4c44f42b32e11f5b4296,delivered,2017-12-11 00:21:08,2017-12-11 00:30:29,2017-12-12 21:35:55,2017-12-16 00:14:54,2017-12-29,85b940e2a3b147cde0f6e19990dc5cb5,2017-12-11
97d3b9b0032e8db77dbde7759a33d984,a393c963191397a4370f0e3119068da2,delivered,2018-05-12 17:37:05,2018-05-12 17:56:58,2018-05-15 16:22:00,2018-05-19 11:23:36,2018-06-06,3f9f86a6984d8f632c8bd9ab3a11dcd6,2018-05-12
7b728dc4326b3d4fd31af03837b573de,a155783863e4e349af2f828a703b90c8,delivered,2018-01-17 20:10:48,2018-01-17 20:30:36,2018-01-19 12:54:27,2018-01-26 20:36:30,2018-02-16,155b7286ce86009c8902fd815243076f,2018-01-17
1924766ffdd4d4a99d7a138edd875e38,7baaa37a1c452f1969c629351d44da7a,delivered,2017-03-24 01:01:52,2017-03-24 01:01:52,2017-03-24 13:37:32,2017-03-27 18:40:22,2017-05-03,a9ad6d44ab26605a6c747c9653916be7,2017-03-24
79dadf439ff9c9463421094b730899f8,b97e1da54c9beed84628fc0a29339fa5,delivered,2018-08-02 12:07:04,2018-08-02 13:10:14,2018-08-03 12:53:00,2018-08-06 21:56:35,2018-08-10,74c1b37b9f9b2405c4cbba42ab2ea996,2018-08-02
908fa8f2c6d9100f8efb75338167c8a6,edf16944c4d033cdacf0123ce27592d3,delivered,2018-07-02 10:22:35,2018-07-02 10:35:16,2018-07-03 08:56:00,2018-07-10 18:28:30,2018-07-30,06829e182be2609627cd918335952cfe,2018-07-02
34d91b022de394cf98320a2109457501,5d19714e81cbec2bfb9573edf9e1346c,delivered,2018-04-13 16:35:16,2018-04-13 16:52:52,2018-04-16 22:13:28,2018-04-24 12:37:58,2018-05-15,4f6756b26fb93a1a7874f52111830b52,2018-04-13
5f2e44ea1fc61083103e1a75f61d2bdf,5ce194db2a0013852fdb744ac95ef05c,delivered,2017-02-02 17:00:25,2017-02-03 07:01:30,2017-02-03 12:00:59,2017-02-15 16:22:08,2017-03-03,eacbbfa074a7a11963153a45bd66e86b,2017-02-02
d733617b9855b9e43121c84fa731e3b5,7a2f424f3285ca1f05eef3e8ff9b58c0,delivered,2017-03-23 10:20:33,2017-03-24 02:44:17,2017-03-24 14:14:05,2017-04-03 14:38:56,2017-04-11,5f85aa6082ce60212e006c41002c58d3,2017-03-23
d8bfdbbe1b81198977776595047a0d98,2b2d359a435f18e958b8a5671b9acb4d,delivered,2018-07-20 13:30:37,2018-07-20 14:05:13,2018-07-23 12:39:00,2018-07-30 17:36:36,2018-08-13,7ac70e85ee5c115fca1147ee0f59616e,2018-07-20
1999bacd196c3e2004dfebecf36b7576,2eabcb73cf91cd83b39c8fff0704a1af,delivered,2018-07-29 18:49:38,2018-07-29 19:04:25,2018-07-31 15:35:00,2018-08-07 15:22:24,2018-08-21,d622955eb0c31f35b12751ac265b5bce,2018-07-29
28c04f43311b7418e84ad77c76d1adee,d312fa5d7119e7be2538e9dac623aea1,delivered,2017-08-02 12:17:57,2017-08-02 12:36:59,2017-08-04 14:19:38,2017-08-08 19:32:40,2017-08-22,5f6e8f4325ddb9f4872b8cd66e02d7af,2017-08-02
b27a97d99c7b7966d9860555f748ec70,d12e078e5f950d108069a5a368fd98a0,delivered,2017-05-23 16:25:28,2017-05-23 16:42:56,2017-05-26 08:05:07,2017-06-01 18:04:28,2017-06-23,a8da2bd1aad621d7a9df1704075897da,2017-05-23
9af977c382c0327169fc10939881b472,a002e1b6a0cfb5d00124f12ab2e90fac,delivered,2017-12-29 12:29:00,2017-12-29 12:46:44,2018-01-02 18:32:18,2018-01-08 19:10:01,2018-01-26,157876073aaa5d005e429235e1d56983,2017-12-29
52f0252ece9cc6fa57f20b1f309ba1e2,56a306824116a7cb0704155c76fa7c13,delivered,2018-02-05 21:02:41,2018-02-05 21:15:27,2018-02-08 15:50:48,2018-02-14 21:34:20,2018-03-09,89776c465a0ab09f6c427c2b7957ab94,2018-02-05
a6e963c11e80432334e984ead4797a8b,86192eb3f1a46e72f9569d99b1122746,delivered,2017-09-21 22:00:49,2017-09-21 22:46:45,2017-09-22 18:13:08,2017-10-03 23:08:20,2017-10-13,244cb82d0f8b2a4c5fc0e791f822ed3c,2017-09-21
2a873cd8f2f02ea9bf84a5ae74970e20,397b7d549b23ff5b44b642b19a8f4a07,delivered,2018-03-07 11:21:55,2018-03-07 11:35:40,2018-03-09 17:51:59,2018-04-16 15:52:08,2018-04-04,3497996a8d827e81515149d746a4c9c4,2018-03-07
db3c88b2458388bddcd3b2a99f0b8b99,c812dde413256071206505c743db48df,delivered,2017-11-12 21:41:10,2017-11-12 21:50:29,2017-11-14 22:02:29,2017-11-16 19:12:59,2017-11-27,57364d9e6d7f13cd03c62cb7a6d28e7b,2017-11-12
6b1a7e1ba96a182c5eef89a67ef8217b,9eab694211f764b1e83aafaed16ac561,delivered,2018-04-11 18:19:49,2018-04-11 18:35:19,2018-04-12 22:06:41,2018-04-26 19:47:06,2018-05-10,9df783c5ccd1c3fdd2844dff2b00269d,2018-04-11
60d415e84551cac375bb52d28412c53f,0ead7340511a999b040e9d1726a72191,delivered,2018-05-12 20:04:27,2018-05-12 20:35:46,2018-05-14 14:14:00,2018-05-22 20:04:34,2018-06-06,f437fb14cbec4f465f565fef77463f52,2018-05-12
c8086b4492f0deb3456e98d734f85d5d,8fc770c599b24a6353628d32cd069285,delivered,2018-04-12 11:45:10,2018-04-13 12:50:12,2018-04-17 19:56:41,2018-04-23 18:22:06,2018-05-09,bc7b75e044810e4c6c4f7e44626e52c0,2018-04-12
2d96648ebbad7ad9cfc40c4c9c820f92,5d152b976411db52ea2800964fd26cac,delivered,2018-07-18 08:46:54,2018-07-18 09:01:59,2018-07-18 15:06:00,2018-07-23 17:16:59,2018-08-03,715cc5a8fd39ffc4c3fc9b838c65e42c,2018-07-18
63cb9481eda48b82bb600b4e38026b91,293e0aee00552885c4407f33b5876170,delivered,2018-08-08 09:50:01,2018-08-08 10:05:12,2018-08-09 09:28:00,2018-08-13 23:21:48,2018-08-20,6fc93f2fa8e88b7ae9dbe66f0410aaba,2018-08-08
34d3746ff00ec19dffcf5a7f6761a1eb,0e481f23c930890042610bab117fe8af,delivered,2017-04-07 11:05:48,2017-04-07 11:15:17,2017-04-07 15:45:15,2017-04-24 07:22:38,2017-04-28,494797a23d7e8768675ab24234fd3095,2017-04-07
0da349c060ac948eb81278fa539fd719,ada0bc41dcb4ab7393ed03ff6a8e6484,delivered,2017-06-15 14:58:23,2017-06-17 03:48:31,2017-06-19 10:20:10,2017-07-03 15:32:37,2017-07-24,3d016daf5e02a4aa9ae1d72a3224106e,2017-06-15
cf72ba515bbb8a0ee1723579cc7d0380,91567d33ff85c9c6b6b6d244870bcb01,delivered,2017-10-18 16:20:32,2017-10-18 17:06:35,2017-10-23 17:10:27,2017-10-24 14:59:03,2017-10-30,96f0bd7c0b8f3a45218e8cfda077aa46,2017-10-18
22fe0bf39d80f86f5f4a106875e9adf9,9ca8d3e162050ac6598654057255a86c,delivered,2018-03-02 20:34:57,2018-03-03 20:30:32,2018-03-06 19:10:19,2018-03-16 15:26:50,2018-03-14,a2cb67b24e7062f1163616db07c065fe,2018-03-02
81e3da45661c66c76a36f2666d77edc3,13a9b79f16ea8cba4df16a9d6142bd78,delivered,2017-06-01 17:29:03,2017-06-01 17:42:48,2017-06-02 14:59:59,2017-06-12 11:04:37,2017-06-23,1f19b785d6301de4dfa52a5bad36392b,2017-06-01
8cb7a371e202c1bcc7e5c58da9ed70e1,32052a1aab7fe2d80cdeb22ad44d9871,shipped,2018-04-24 13:53:29,2018-04-25 08:51:56,2018-04-25 13:36:00,,2018-05-28,555d8f4f91a1b277371ace3decd9b1f6,2018-04-24
37c5868b5c8845b91732bc25ac5c6fd8,3d31566bf663e7b5281ba60229c552bd,delivered,2018-06-13 16:26:53,2018-06-15 02:17:21,2018-06-19 07:44:00,2018-06-22 19:51:55,2018-07-16,41bb6130807720a6cd8fede636321fb7,2018-06-13
b495fd147ba3d65a05f35d76239c22ce,2757ed164fc43dd663817cc7d8f9d617,delivered,2017-09-10 11:22:48,2017-09-10 11:35:20,2017-09-11 20:51:54,2017-09-12 17:18:03,2017-09-21,5925dfa8cd87ab4d852383f7039c8bc2,2017-09-10
fdaf98feac227eb978d8f33f36e0231d,81ae83ce1a10af9f93fa3512bd9713b1,delivered,2017-04-19 10:20:51,2017-04-21 05:10:28,2017-05-04 15:06:24,2017-05-24 10:52:43,2017-05-22,3d50a44231c2a153219cef76ee3e445d,2017-04-19
777c67eab7c0712ccde8ffbb22715adb,42b08ad3a6f9efff737693acc37008df,delivered,2017-02-26 05:12:17,2017-03-03 02:22:26,2017-03-30 11:52:48,2017-04-07 06:32:42,2017-03-28,e6b6a948843f2f2758ad5daa69bbfc10,2017-02-26
21a00b08cbeb5716bbb66105e3dbd850,002b5342c72978cf0aba6aae1f5d5293,canceled,2018-09-10 17:51:25,,,,2018-09-20,76e5f3bca2b1f5c510c41563c2ea31a4,2018-09-10
e9be21541bd47fe15f1bdfd5f952471f,fec5987c34861cb7929523fb3c6759ab,delivered,2017-03-13 11:04:22,2017-03-13 11:04:22,2017-03-17 08:12:53,2017-03-23 17:30:18,2017-04-10,11114b87fb301354342d19efc60cfead,2017-03-13
ed8b39ca40c2b2464abdf8e7772ace64,73b8f4f44c9029041b2b0d1e8f2a1360,delivered,2017-04-17 06:27:39,2017-04-17 06:35:16,2017-04-19 13:50:05,2017-05-05 10:14:49,2017-05-18,5cdeb69fe5e09fcc0ba4e4c8cbfb000e,2017-04-17
9ae880d57df6bee34365e6406e1e0203,7d71a24ddcc86e69b9ebf9d982e53739,delivered,2017-12-02 21:32:46,2017-12-02 22:05:02,2017-12-06 11:47:09,2017-12-11 22:53:05,2017-12-29,74f02f1c5cd4160304d930e81b77dbf2,2017-12-02
05e94f64bd375a4fc88a39430e020d54,c398fd7e5ceea0de7aa38c539c061e1a,delivered,2018-01-19 10:51:06,2018-01-19 10:58:25,2018-01-20 00:15:07,2018-01-30 19:16:49,2018-02-21,e06af2f2e6365ac2b1b64ee77582a374,2018-01-19
b1e15228dd108a356a074c3a6cf1696d,0e415d6840157e2c279f954199bed12d,delivered,2017-05-23 10:52:27,2017-05-24 06:42:30,2017-05-24 09:10:53,2017-05-26 14:42:10,2017-06-12,effe217698e14116c79fb70aeede3b9a,2017-05-23
a17bd7f642968cf1b7e5d7b0d77c27a1,a96c1bb3cc69d70f87108896c9f331a5,delivered,2018-01-24 10:48:33,2018-01-24 10:59:28,2018-01-26 00:05:07,2018-02-03 05:42:50,2018-02-22,4984b0545c3e1df52cfede6aebb13e42,2018-01-24
542f6adc8252efb82f286307de986bc4,bccbfbc9afd946c9f72b9a00bb91e2a4,delivered,2017-04-18 23:53:54,2017-04-20 13:10:32,2017-05-10 10:45:40,2017-05-17 16:46:18,2017-05-16,61c3fd07327ec16b2905df628426d8ef,2017-04-18
840d702062c0e3f061669071b0b27747,24d62ee299b8132fe10e7ec36a32c4f1,delivered,2018-04-26 21:59:11,2018-04-28 02:51:51,2018-04-30 13:52:00,2018-05-07 16:19:04,2018-05-23,00c1d73d161e74cfbe78975c1a2ba2ff,2018-04-26
360fd3c9f0384d65adb0cfd334fc152f,9b520c39c027f9a311c9c09f9b1c5044,delivered,2018-03-15 06:17:18,2018-03-15 06:30:29,2018-03-16 16:37:39,2018-04-12 01:28:42,2018-04-04,d9753ee791ca40366938d2670470ab82,2018-03-15
08c79f0b250cc3b309a69dcbd0debdc7,cdd33d0b02c81a178d88dfbc1ed9f0af,delivered,2017-11-25 11:48:45,2017-11-28 03:39:56,2017-12-01 17:34:14,2017-12-21 22:28:35,2017-12-20,13df7eb64b9577ce07a5e767e24bbe64,2017-11-25
1bc1ac5e4876ad4e4459fe6aa516ddc5,f385f36d3294e4cf066cb4e2b4dc8afd,delivered,2017-09-15 22:00:19,2017-09-15 22:10:16,2017-09-20 20:07:43,2017-09-29 14:57:48,2017-10-06,21180a8e57c59927efa20695041b7fc8,2017-09-15
c1a9b3fbea92e83c4a08229da82a0136,4e5570ae69c1badaab290766540ed0af,delivered,2018-08-01 17:27:04,2018-08-01 18:31:30,2018-08-03 12:39:00,2018-09-06 22:12:34,2018-08-21,2e3991c453b7a3b24907879771ac7818,2018-08-01
d6aac305add81d76183a41fa21e7a3e1,a49fe63924cb611356f19d90e43788ef,delivered,2017-06-13 15:49:08,2017-06-13 16:10:14,2017-06-16 14:27:42,2017-06-28 15:19:50,2017-07-06,4910b52e18434ad073715ee8a0599f3e,2017-06-13
ccffb7374c0c5619226394e8b85e0746,c5cb631ed666b1d427ba3c4cfc761c3c,delivered,2017-10-26 11:05:47,2017-10-27 10:31:06,2017-10-27 16:23:15,2017-11-16 21:43:03,2017-11-28,9b49001bc293b58c701a1538f60dff28,2017-10-26
a0c1632c3bd45c48bed924a7dae3a664,e3030cf0f2814a231fa06eb6d82154f3,unavailable,2018-02-17 15:48:11,2018-02-17 16:06:35,,,2018-03-15,abca9bb2258bbacb7328d311ec98f939,2018-02-17
07ffab4def2a95548ff6ef1b9d7e0f5a,c26a312d7b5619ee24db36e2d25e473c,delivered,2018-03-19 22:08:42,2018-03-19 22:27:56,2018-03-20 21:25:49,2018-04-12 22:14:41,2018-04-05,f8dbdfd7b657946bf71282c2be8bb985,2018-03-19
c765682ebe69c1034eba583189350fa7,74fd68180000391e2193996e80738b1c,delivered,2017-11-02 23:24:09,2017-11-02 23:35:26,2017-11-03 19:29:01,2017-11-09 19:48:49,2017-11-23,51a84d5d858e6d3d5585663267a9ac08,2017-11-02
e6ffcd88cc3d2795303c2fd25cadf74a,95389eec1d6f5e5a7ed3a2439f08cf62,delivered,2018-05-06 12:35:54,2018-05-06 12:53:22,2018-05-09 08:46:00,2018-05-28 20:06:38,2018-06-01,bc0cc7fd03864119501b931413dde0df,2018-05-06
138f3f66f9024197655880c8c010fd53,afd5e05e2e5ed07eb8f084deee6d7616,delivered,2018-02-27 09:55:29,2018-02-27 10:31:24,2018-02-28 23:47:30,2018-03-27 23:17:47,2018-04-11,e78c7d74e386f46e9c5a0ea2821873ea,2018-02-27
1f1dc5a03fa943b0cb5674b3326185b2,556b07c9a05ab49aa2b4f74608c71324,delivered,2018-08-13 11:15:49,2018-08-13 12:24:20,2018-08-14 12:19:00,2018-08-23 18:03:14,2018-09-11,7448da86d2bf3d1eedd9712336f8a49e,2018-08-13
6793b8d767d2608a93635c0657012443,98eb72cd4d1c9408fa1a695a5e7f195e,delivered,2017-07-14 14:08:49,2017-07-14 14:24:35,2017-07-17 16:25:21,2017-07-31 17:42:28,2017-08-15,37cad31590c439fa10440b2b6927b244,2017-07-14
31ad4814ceda6fbaf80287df5e35073c,0139721501e0a6fe8f79253f6794ab2d,delivered,2017-11-30 10:57:33,2017-11-30 11:11:07,2017-12-06 00:41:24,2017-12-13 16:05:13,2017-12-18,1925cc188b54d035fcdcf391546a675f,2017-11-30
e23eaa3bc8275c392145e736dbdea275,50bb775cd30a21ae108d4866abb6d9df,canceled,2017-06-18 17:22:09,2017-06-18 17:35:24,,,2017-06-30,055ec572ac7f3c7bdd04a183830ebe59,2017-06-18
b53a5ae7a42c37159e3cc26b92174246,c7cebd7aae0dd4903dbd5396b7731639,delivered,2018-06-23 18:17:16,2018-06-25 11:18:21,2018-06-25 13:21:00,2018-06-29 19:33:42,2018-07-16,8e49d21f0335c3013583f2b3f99f8e25,2018-06-23
5daf14428a3c29d9dd22f97b7d5b3230,1809b56e12fc169272b817677c509ddf,delivered,2018-01-21 20:33:38,2018-01-22 13:58:45,2018-01-23 21:04:13,2018-03-09 18:12:49,2018-02-22,449c102b7926fd08fbfcbb387a6e404f,2018-01-21
09dd83f72b2516179cd46b81121fad23,d70f382aefc5e3273ba95831d8588930,delivered,2016-10-10 16:55:10,2016-10-12 03:02:04,2016-11-18 12:43:10,2016-11-28 15:38:37,2016-12-12,3ed4404759ed8860749e78c75e683180,2016-10-10
5f4727d9a2d6c472c961c9f21c508132,1e8aa3c3725bb28d332cf08aca2e5e1b,delivered,2017-10-16 12:38:07,2017-10-17 04:06:09,2017-10-20 18:57:42,2017-10-27 17:33:49,2017-11-03,29e6558f055824e267e8e32f71b71f86,2017-10-16
8c1b520fb18c4cd54ac3c058faf000d5,d5ccd1ab534cefef9d940030f898c4ad,delivered,2018-03-26 09:23:55,2018-03-26 09:35:38,2018-03-28 21:28:27,2018-04-02 21:24:33,2018-04-12,f64911031e3786c2a71fec596fd1c33e,2018-03-26
9f0dee1bed79cb72f5e296eacf6b0a82,62488077b67f2fe2558dd09fa9e81ed9,shipped,2017-11-26 16:13:13,2017-11-28 20:15:29,2017-12-01 23:19:42,,2017-12-18,1288b67e253d4ba65e6cdf5c3cd31af5,2017-11-26
161436481a8780aea9e2139793246aa5,4a8fd791410e8ec07fd17d12cdfdd662,delivered,2017-11-25 12:49:04,2017-11-27 12:55:23,2017-11-29 22:44:42,2017-12-27 18:07:49,2018-01-02,b17f2da0a1268e9b9d78d18e9bd70984,2017-11-25
2a401c4b19cbf59127af3d4af52f9090,008f931f2de5414536a04cdd033bea60,delivered,2017-12-14 15:08:06,2017-12-14 15:14:24,2017-12-18 23:39:05,2018-01-10 19:39:11,2018-01-15,3ee932c2f695c34affbbeb9a299c8166,2017-12-14
427fb603381c1e7a4b224eac2a5acb29,3f27dab6f20dfabd52490c042b6a517b,delivered,2018-08-27 12:11:07,2018-08-27 12:25:11,2018-08-28 11:54:00,2018-08-30 11:21:53,2018-09-06,ac24bfd114ac4d5769a8a8ddd98e52fd,2018-08-27
9b284089759cd14dac2d44b34b985990,ffe509f377a33554f5a677dcd83e669e,delivered,2017-12-27 17:38:31,2017-12-28 02:35:54,2018-01-03 14:06:07,2018-01-09 21:19:46,2018-01-24,e6bab0dfc06a6fbaa86dafa7425c57dc,2017-12-27
822a35d3573cb3c90167aa647a7a6e63,ee3abf5e5a86dba3c3fe3c8ce3481740,delivered,2017-11-24 22:22:05,2017-11-25 01:34:16,2017-11-28 23:08:53,2017-12-09 12:49:26,2017-12-14,8332087628e2fa58f82c575e7e685343,2017-11-24
2f99eb7c20846f2cfab5cf7c257370ab,65095fecef8545e033e0b83b85e146fa,delivered,2017-11-03 09:40:30,2017-11-03 09:50:41,2017-11-03 15:08:34,2017-11-10 13:19:42,2017-12-04,58703c8104494f333026acd373ca9027,2017-11-03
75c493c31566f1a5d15fb9d248d5e4a4,3bdc7b8fd9d6abb2e4987b81e069116c,delivered,2018-02-11 09:50:01,2018-02-11 10:08:53,2018-02-21 20:52:39,2018-03-08 18:51:32,2018-03-07,cd0e2f616f77d45a88b357dffc4f51c9,2018-02-11
27613f16c823ee73e2da1a6116467293,35de8ab44ecc9a65225a5ef51294d204,processing,2018-01-04 20:10:42,2018-01-04 20:31:53,,,2018-01-30,3011394a1b8d1b04e425dd5dc77cbaaf,2018-01-04
f64d3fcec2473409b404374ea0ce4ded,38015a7eb67f32e373806cf89e4900fc,delivered,2018-06-27 19:31:21,2018-06-27 19:51:19,2018-06-28 13:41:00,2018-07-02 16:29:53,2018-07-27,cc17c5ea1deeab0f2f1b8c7dd51c3ece,2018-06-27
42ff676d61e2f5f1b7dfc8404dc3160d,f0a44676cb97b8d7b986aaea97a53897,delivered,2017-12-06 15:27:03,2017-12-09 17:30:34,2017-12-11 23:49:08,2017-12-29 14:32:36,2018-01-04,97c449a46729b9ae673219997156645b,2017-12-06
c92ef068e2628ab736ea295a7d536c7d,c7c24a8379c7f5593529e88ec2c31a8a,delivered,2018-04-14 09:16:09,2018-04-17 05:50:18,2018-05-02 08:32:00,2018-05-15 23:46:31,2018-05-16,b382d5807f6df32a48a5a8b0bc29a220,2018-04-14
bc4854efd86d9f42140c951c595d20c1,30aef21b6dd78da1334dd1164cc0b05e,delivered,2017-09-01 20:05:42,2017-09-13 22:00:51,2017-09-04 20:49:57,2017-09-06 22:15:45,2017-09-20,25d27a4142682b5d504dcc67caab8d6f,2017-09-01
9ce475d5a0f449a5b6f9c86c7e98e331,85ce617f99db2ef021c899b10d81ea0b,delivered,2018-01-18 18:22:38,2018-01-20 09:10:39,2018-01-31 23:52:26,2018-02-23 21:54:44,2018-02-15,4ec03c6ed0732c3547ecfd5909997d55,2018-01-18
fe4275936c291c453f09fad434e6b3d2,c83c1715a135347d7342686585a2b080,delivered,2018-01-29 21:46:35,2018-02-03 23:31:47,2018-01-31 20:39:40,2018-02-23 18:06:02,2018-03-05,915c189885ec37ced28ab1410c1cde20,2018-01-29
fbb1dcc23c750e40b43bed6f5dc230a1,0117fc26c948641502349399aa649dc0,delivered,2018-02-19 09:49:33,2018-02-19 10:15:36,2018-02-22 18:29:21,2018-03-07 23:29:09,2018-03-15,599fa5854f3bff7c41dab552068d04bc,2018-02-19
42b3efddacc3779b9fc72dcdb430e00a,b9d69df919644f01ce52266b0b9280b4,delivered,2017-11-03 11:25:16,2017-11-03 11:35:27,2017-11-04 13:37:33,2017-11-20 21:17:49,2017-11-28,1f51547a6dd337a2f865dab288c851a2,2017-11-03
e0f440a717f42eab01c2bfdfdf890273,b443dcc8f15d5f0ca85a5ef3797ea38f,delivered,2017-10-30 18:22:35,2017-10-30 19:31:45,2017-11-06 16:42:46,2017-11-16 17:10:03,2017-11-17,f3f53494ea0efee8fae5de828e585c69,2017-10-30
d18d75604ee9a0be083eeb6e9f86cd65,92050d1a779b0ab74ae3352731dc2374,delivered,2017-11-26 15:42:22,2017-11-26 15:55:01,2017-12-01 17:27:02,2017-12-21 19:58:55,2018-01-02,2074ff2a2209c8375cf31a02ffa76245,2017-11-26
3b68491e0d8205fe9fdce2ed7656f2af,c6442058d54408d422443ed346fac6ff,delivered,2018-05-07 19:24:51,2018-05-07 19:35:25,2018-05-11 12:46:00,2018-05-16 18:41:25,2018-06-01,b87a274e4841f668033d1776bb8117fc,2018-05-07
0fea6a02bab80f930dafd00ad75923ed,4515290e99ec959859fa146603a66ff7,delivered,2018-02-21 08:48:19,2018-02-22 02:28:33,2018-02-23 19:12:46,2018-03-05 16:47:27,2018-03-14,bc7099a6c7b93419dea4a3170dc223ff,2018-02-21
56773c6296d19876ac496486dcf2d566,c1ffb8e28f7ca17cd219ed70abf2d62a,delivered,2017-06-30 10:31:58,2017-06-30 10:45:10,2017-07-04 14:57:55,2017-07-19 15:13:11,2017-07-13,eb099e2d0aa1e577f5e2be54640602ed,2017-06-30
3ef5b20302c49fc70c926348301d065c,1f4e709098e1cf86de5a8bedcb26e99d,delivered,2017-09-15 18:55:59,2017-09-15 19:10:16,2017-09-20 17:38:17,2017-10-01 18:21:40,2017-10-13,6de59861680f893723fc475830ae5058,2017-09-15
7c9669c84a4eea3a3ab4f052945346b0,46bd7b2d76f0bf028e26d0f80d57ba7f,delivered,2018-01-13 00:23:16,2018-01-15 10:11:11,2018-01-19 17:49:20,2018-01-25 22:11:03,2018-01-30,6d85a070b3b94e279d44a28b660a135f,2018-01-13
f068cf7680252cb38a48b6c831c03342,ee94754cc685fccc80e5f9ced9ca9a8a,delivered,2018-03-11 13:02:38,2018-03-13 04:20:28,2018-03-13 17:21:52,2018-03-21 20:50:46,2018-04-03,38e7d9937ed558d12c1192b6aece21a6,2018-03-11
011331376a4c6cc7a9e5bc165ec169d0,e62a03d00892173f46bb99a1da0f86f3,delivered,2017-06-23 13:03:34,2017-06-23 13:10:20,2017-06-27 06:32:18,2017-07-05 14:07:37,2017-07-17,e8ead022ae2b3779a4aafdcb1bba8f31,2017-06-23
c37e429ac201c3e07174f542634638b9,3fcecbc27a9c9d1d71c2e0297689c1ac,delivered,2017-05-02 16:18:15,2017-05-03 14:42:43,2017-05-03 15:58:24,2017-05-15 14:21:11,2017-05-24,d35579e81cf756c14e994e046f1d23e1,2017-05-02
0e993b4910bc84a0c2b26fb528d2e8c0,ee4dac4fe4d15f708ce54254ab5c6bb2,delivered,2018-03-25 13:59:42,2018-03-25 14:10:18,2018-03-28 12:40:58,2018-04-04 18:12:17,2018-04-12,6d1cdd85636c24f9af40d6a858e85e48,2018-03-25
55f48d94df188b3d4f74c9db5396b6db,a2db5b8ebecdcc046aba7a1991e73c6a,delivered,2018-04-08 10:10:10,2018-04-08 10:29:50,2018-04-11 00:38:20,2018-04-29 11:58:53,2018-05-07,d15a8f57cbba86bd46d2cb70f975951d,2018-04-08
dfe5f68118c2576143240b8d78e5940a,8f6ceed676a529b29619a598b377de08,delivered,2017-03-17 12:32:22,2017-03-17 12:32:22,2017-03-21 18:28:04,2017-09-19 18:13:19,2017-04-19,70c5c8376c293342409c02ca6d5e4ff0,2017-03-17
f9a68878fc98bcaaa39b14e773ca6970,8ddad16131b6e876e6b5e1c8d01f14da,delivered,2017-11-06 19:23:13,2017-11-07 04:32:14,2017-11-10 21:13:05,2017-11-28 14:22:11,2017-12-01,4191bcfd448dc07138d2951ea4d10008,2017-11-06
6d7a9c1028453b6ee47863e588d93afd,593380b36ff4cb80ac853aafebd9ff81,delivered,2018-02-09 09:58:07,2018-02-09 10:14:39,2018-02-09 18:47:08,2018-02-17 00:08:16,2018-03-08,2d696556b966ae6e731157e0c317e79b,2018-02-09
a65450e1eea508ae15573d9c254966ae,2b94b921bc7c333ef7fb6004b658f725,delivered,2017-09-28 09:48:38,2017-09-28 09:56:44,2017-09-29 19:24:54,2017-10-05 18:29:46,2017-10-30,e2a406fccc0f1fd535e8d18ca8616c93,2017-09-28
1073c39f7b5d5091bb6dfd342d1f4be0,0fe5a97d856c6e12e88270cd49d08b2a,delivered,2018-03-04 20:58:36,2018-03-04 21:11:00,2018-03-07 22:17:43,2018-03-22 19:52:40,2018-04-10,565bb6799d52aa72690c24fe85231598,2018-03-04
22fbdd6f729be005701007029d8e0d16,7f4b051e8b634cd50f385125b0288dd6,delivered,2017-10-02 16:55:39,2017-10-02 17:07:24,2017-10-03 16:14:42,2017-10-09 18:22:28,2017-10-27,93d03be335754f985542d239c21e0002,2017-10-02
813036395db381f187d5429f5ee758ac,11a216d3670865418a5b3a1e66ef30d9,delivered,2017-08-01 12:09:54,2017-08-01 12:23:28,2017-08-07 20:58:21,2017-08-23 18:03:13,2017-09-04,58830e73978eab27a86d804befbfa3a7,2017-08-01
909d9ac37adbcdf3da090710ec913863,e483e4439145055bf71f7b74b3b87558,delivered,2018-03-24 19:14:42,2018-03-27 03:48:51,2018-03-28 00:48:51,2018-04-02 19:39:40,2018-04-12,192cdfe1a12312771e8d0675e8296acc,2018-03-24
e5af575637557e5be53b2df8b32a5452,f1bdf27d218c669055685957b5910511,delivered,2017-11-22 19:20:46,2017-11-22 19:30:25,2017-11-23 15:38:35,2017-11-30 21:09:34,2017-12-13,060d045d6d20b218921ded6f8ea42748,2017-11-22
a3b45c3744c4a07892d51bc29f6b1281,6a4b76a89df86cce6a5bd6d5ea253c8b,delivered,2018-03-09 23:14:32,2018-03-09 23:48:05,2018-03-12 18:38:38,2018-04-14 10:16:38,2018-04-09,5543c7e58b3a14367510e0f2992396c7,2018-03-09
78984e2daa6afc729ccb1ea44b7efd19,8362dba21ea63f9d95cfcdb196f6a5a9,delivered,2018-02-28 11:52:09,2018-02-28 12:09:51,2018-03-02 16:52:48,2018-03-08 20:52:27,2018-03-23,dbca8ee6d3898976a0c29528064c6d17,2018-02-28
605bef5cb70439384c5b53ecc7c38996,9ed647ae5dd3bcaf166b0fea7c9bd3b4,delivered,2017-08-07 19:47:44,2017-08-07 20:43:06,2017-08-08 16:13:51,2017-08-25 19:43:33,2017-09-11,e02c0cf2ecb93cdb6c47ca2602011bc4,2017-08-07
622cd02bfa274728c8d0260bc7c492a2,4d545e854893ff8e7bed40e22bd55ab0,delivered,2017-07-28 09:35:08,2017-07-28 09:50:17,2017-08-07 21:02:56,2017-08-09 13:45:42,2017-08-30,28c7e3fb75d7ce1e496dc539443b71da,2017-07-28
2ef3dc148b9087149e2b5673eea276ac,057f00cb7a5ba328ca62472de1472fcc,delivered,2017-10-17 15:32:37,2017-10-17 15:49:41,2017-10-20 11:32:58,2017-10-25 23:33:26,2017-11-07,d474be3df7d9b20e955385b114b4c42d,2017-10-17
a1f7a3803f5afa1b25182cbc0b2c38be,bca7362f1e13747e7a3617c2b064f23d,delivered,2017-08-15 12:15:23,2017-08-16 03:10:21,2017-08-22 20:54:43,2017-08-24 19:37:04,2017-09-12,bdb132c2c3751f7f54a917955dbec063,2017-08-15
e96e01f8670b7127f79534c069c3cd20,3ecd1b9b4c5f6f6288f6e95485527938,delivered,2018-07-08 19:09:12,2018-07-08 19:25:09,2018-07-18 12:41:00,2018-07-23 11:15:02,2018-08-08,2352f9088c534855ddce9107acf6b331,2018-07-08
dec187408e75f0e3a10eb475e45e6ab6,8b4792c0e1ca51d3eafe9d434b4ed281,delivered,2018-01-11 10:34:34,2018-01-11 10:48:29,2018-01-12 22:14:10,2018-01-19 21:25:05,2018-02-01,b8f77228f32fce5c13df55da21fad23b,2018-01-11
ce2f6c44bc139015d1036d40c0cf2915,e5b6bec607343666867fad97ed8801bb,delivered,2018-08-16 18:04:47,2018-08-16 18:15:21,2018-08-17 13:47:00,2018-08-27 17:40:56,2018-09-03,176d62f6768d78163dd36be8881eb1eb,2018-08-16
df4a5680a53eb14aa69c035b1c759413,6a50f6039c1a07d6426115947a4228c6,delivered,2018-05-01 12:48:33,2018-05-03 03:53:15,2018-05-03 14:09:00,2018-05-04 20:36:36,2018-05-16,70aa9ef908248a2ec9e03b77ce1ff357,2018-05-01
6c8b1b59b9c97b5dc0a4c618e3ccbf19,da46bf181702dec37daf370b447ddb5c,delivered,2017-11-10 09:29:08,2017-11-10 09:46:56,2017-11-10 15:53:39,2017-11-16 21:37:22,2017-12-05,fb43cf46b0667016c4684b61b26083c4,2017-11-10
308b7e21ad330aa50c1c7a9987437a53,2468e8e24c7f7f1afb422a334c11b531,delivered,2018-07-30 13:12:56,2018-07-30 13:31:29,2018-07-31 11:24:00,2018-08-03 18:02:31,2018-08-13,eeea5c6efe33f400e94177fa497499f6,2018-07-30
2df86a1fe8ce1dbff076f3eef50a664e,9d58f19e8d5d306f2d15eb225c3adeb5,delivered,2018-02-28 18:49:29,2018-02-28 19:08:48,2018-03-05 21:56:32,2018-03-06 15:47:50,2018-03-13,d4c6b63dd3d9b0d762db0eb3af615756,2018-02-28
58a4c696515fef3e9c865e1a70b950d1,826459bc63377f4313c515d873ccf8eb,delivered,2018-01-31 13:36:25,2018-01-31 13:55:36,2018-02-01 18:14:58,2018-02-16 02:10:04,2018-03-06,9f98cab9252962c4133e5513a367b62e,2018-01-31
5e9fbea0a384b612fd7b6d66c1e21152,ad99fc380a7ba9017f035a67c4c36e1c,delivered,2017-09-30 13:41:30,2017-10-01 13:50:22,2017-10-02 20:27:40,2017-10-09 13:27:26,2017-10-31,4815bc7357e665b8b250366b3a808837,2017-09-30
1eba8812bd34c3579947a0f26ea0462a,899450df8a74166f1ab7dddf96b09b15,delivered,2018-04-30 21:27:46,2018-05-01 03:15:43,2018-05-03 15:05:00,2018-05-19 12:22:48,2018-06-04,be5265d8f173d7f8538dfb483e97e50c,2018-04-30
509a879b07f7712dcb1ef3e18a5b9fbe,0a851332c413fd5042a7ee911ee6a07c,delivered,2018-05-13 20:44:17,2018-05-13 20:55:37,2018-05-14 12:39:00,2018-05-19 17:12:51,2018-06-04,97fc8d4ffceb37b85a1286dce44c6a7b,2018-05-13
3860050d9215e2a3b78cf97bb1d5c65b,1eac646a166c7c9f07a7ece6ff4f8905,delivered,2018-07-23 10:40:30,2018-07-23 13:40:22,2018-07-26 13:56:00,2018-08-13 20:03:51,2018-08-14,d7944701441cb84f9e9d9ae847ead58b,2018-07-23
0198e0de42189b3941d46857a87fac91,bc057e26a901167220c6e4a0b0c3ec5d,delivered,2017-11-04 12:33:53,2017-11-06 11:31:01,2017-11-07 19:32:42,2017-11-08 16:22:07,2017-11-23,095822a49be101736ea0508b80fb827d,2017-11-04
08bc5baa3da6ce0746413cd9cf227e9e,3dfe06159548750f3766901dd35c4faf,delivered,2017-10-17 15:37:59,2017-10-17 15:49:39,2017-10-23 21:38:57,2017-10-25 20:52:55,2017-10-27,ee4d12da18ba3f9bcd8451e35d3846fb,2017-10-17
3260c5040c13241b3f5f7bb7ed852c89,7483110df32ada21179477a69cb7b83d,delivered,2017-02-20 09:14:03,2017-02-21 04:42:30,2017-02-22 15:32:30,2017-03-01 14:58:52,2017-03-21,8593b7b117f976dbf2b4c2719c10a32e,2017-02-20
83a0a5e31aac098fd9926b97e3b15459,cca02c25dabdd47a2c93cd1b2391f3c9,delivered,2017-10-23 22:26:01,2017-10-25 02:26:28,2017-11-08 22:09:17,2017-11-16 18:42:00,2017-11-30,af1918d78325998e669e30f3c37809d2,2017-10-23
c0f7519024e35aecc37f31b7578711ba,70c8d5b746f5f68a9760a6f5bc8ddc9e,delivered,2018-03-17 00:56:00,2018-03-18 00:50:32,2018-03-19 23:24:29,2018-04-16 23:33:08,2018-04-13,59323be0d75fda67f1b8493f2c56c01e,2018-03-17
812efffc01e68075f474355460720eec,d737e63d3a5d786844e474d5cc21d6c0,delivered,2018-03-05 12:34:20,2018-03-05 12:50:42,2018-03-12 15:42:03,2018-04-10 15:36:30,2018-04-20,e496fe85d1cb9186a547c68d1359c802,2018-03-05
dcc15ae978fb3fdf4dbe24079e768652,76fb9d2ed14cf5608ea6306c249b8789,delivered,2017-05-06 07:14:03,2017-05-06 07:25:07,2017-05-09 12:09:54,2017-05-17 14:26:31,2017-05-31,6c45a9350eb05fba53a297c2491a32c5,2017-05-06
8407285337c080fb6f204a76ed3a5c83,9bec41f1434c2b7c5b826ce829354eee,delivered,2018-02-24 12:15:06,2018-02-24 12:47:48,2018-02-27 15:06:30,2018-03-27 07:32:16,2018-03-23,466b1409c8963b4d1cf4f4f9d9cd4a49,2018-02-24
3e1ad9b01933fc3e801cb95ecf40c14f,2d8950b6756914afd2d6f53c90dbf514,delivered,2017-10-09 22:12:36,2017-10-09 22:26:29,2017-10-11 18:13:01,2017-10-18 18:54:57,2017-10-31,a059e97976150998984839d311556ff0,2017-10-09
7a93c1b0839987c2e80e344e52173ff4,4e1b541a6afd832a40659edf6270e2c2,invoiced,2017-10-03 13:33:18,2017-10-04 02:56:23,,,2017-10-26,21ad6653b2a984dede4327888cb81789,2017-10-03
00c842d0ae6462afc1d38fc055b02c75,3eb456ae69430643eb134b74ccc4f261,delivered,2017-11-08 17:36:48,2017-11-08 18:30:52,2017-11-16 18:42:49,2017-11-21 17:37:51,2017-11-29,9065112d8c6b59afef09c2fc67c5025e,2017-11-08
b00e398b9fedc8b818679422af47d3ad,d03d84aabd2502cf10698e4153c70eeb,delivered,2018-07-21 18:59:31,2018-07-21 19:40:05,2018-07-23 15:56:00,2018-07-27 20:26:40,2018-08-16,69dcd2dc479281caa1feb5138428de2e,2018-07-21
9583044d94d7eef1547cdcefb0c8f611,bc3d576cf17f2ee6476cb6f8d34ffb54,delivered,2017-12-04 09:27:20,2017-12-05 10:03:17,2017-12-07 22:32:35,2017-12-14 15:39:06,2018-01-10,3dc72442480b0d7485969ce3125d0256,2017-12-04
1755f2445de4dbedff7644056e446759,95306421a0aa01b3d9c6ade87d80313d,delivered,2018-06-22 07:25:32,2018-06-23 02:20:25,2018-06-25 21:48:00,2018-06-26 17:03:16,2018-07-11,b6669bf46b4633cd119e3ad6b4426c3d,2018-06-22
1665c699253879123405eb92ddc643a7,075ee6aaac2c7e60a0ce60debca314a4,delivered,2018-01-12 18:23:06,2018-01-12 18:31:34,2018-01-19 18:48:59,2018-01-30 13:22:38,2018-02-15,e034086ce1e058b93d4aa073fa351e98,2018-01-12
d6e233b5ace3d517b1a0fc015f6de444,28505c5efca8dab00df2c5cfa98464f8,delivered,2017-12-11 15:51:40,2017-12-11 16:12:27,2017-12-12 17:39:12,2017-12-17 19:22:40,2017-12-28,9e780269cf61547c13823805f8cd11ec,2017-12-11
dcc97daebf3b61efe164a8e507c677d1,c143f54321f786f3976731880aaf24dd,delivered,2018-03-14 21:15:35,2018-03-15 21:10:29,2018-03-16 19:54:24,2018-04-19 23:21:46,2018-04-17,345817899c325d8b41c9e88011a8ab43,2018-03-14
3d4e8e0a5464da5715162fd9d3602be1,61fc3ff04464802dd9ecb1b2bada3f65,delivered,2017-08-16 15:28:18,2017-08-16 16:35:28,2017-08-17 17:48:03,2017-08-29 22:22:06,2017-09-08,357049f956a3b868a0b8d0a9c468e8c9,2017-08-16
1fbf5baa345604aa56a1e8a510eafd49,ab90b1f7d064000a9389493c14ec0232,delivered,2017-12-11 17:20:39,2017-12-11 17:32:36,2017-12-13 17:28:41,2018-01-14 17:03:31,2018-01-05,4e3422c5b69f6a3a867b1a3ddf3f5299,2017-12-11
ca606a26db7efe20af253f9c45747bd4,12e4e0e1ce59c80e14852a970e178325,delivered,2017-11-24 22:30:04,2017-11-25 01:34:09,2017-11-28 21:28:56,2017-12-18 17:49:26,2017-12-18,8eba6b75c1dac1ba56acc74376428267,2017-11-24
59a102271eb92484cb4b57af66a13e02,00ed8dde25f27c50ed32e0c4f1f8e76e,delivered,2018-05-16 13:11:29,2018-05-16 13:33:47,2018-05-22 07:59:00,2018-06-04 23:18:21,2018-06-08,0326cb53e00b3f47e00db8263b66b32c,2018-05-16
730dca8eb849beb16fce32d000b8e7df,4188829e4de568a3d5afcf510d240061,delivered,2017-12-10 00:49:25,2017-12-10 01:31:02,2017-12-11 15:22:55,2017-12-18 20:08:12,2018-01-04,7cc32a93673d1e9d44eb32d7df73a38b,2017-12-10
959505aeccc35d003ab580410022f433,4683cd55eddaafa12fe03e637c5bf9c6,delivered,2018-07-14 13:14:33,2018-07-16 08:26:55,2018-07-16 17:31:00,2018-07-20 16:34:10,2018-07-31,a900ff99a192cbaf6ae8e867a95117a3,2018-07-14
9f54e902758b31d39a8dd691868a9f48,ac6f5fe1ba2cbe43820cf92b12fa598e,delivered,2018-08-13 12:20:57,2018-08-13 12:30:21,2018-08-14 14:08:00,2018-08-20 20:55:41,2018-08-28,a81b5656640d5bce851ea5ec937b4b4c,2018-08-13
85f5fbdff0f711046e726fd48a2276d3,4113b3520416b6e8d2752ead7426ebd0,delivered,2017-12-26 16:40:32,2017-12-26 16:53:29,2017-12-27 20:59:07,2018-01-04 14:29:36,2018-01-19,23126b8fde71050ff51684890f8dff40,2017-12-26
953b30095a07fb4b4f3b90f84fe843eb,7dab7380954749219dc87deea26d4434,delivered,2017-11-25 17:18:31,2017-11-25 17:32:34,2017-11-28 18:18:56,2018-01-09 14:53:59,2017-12-27,96761dc019da0828e871ae340854ef8d,2017-11-25
72924fab02f94a383308f2c45c916ee8,bae7317c9b32fa3da18d85eb9718d8cd,delivered,2018-05-16 00:30:39,2018-05-17 02:55:36,2018-05-17 13:39:00,2018-05-23 21:08:08,2018-06-04,133f8897807e260198e329ffd8b1d9e2,2018-05-16
92f144c6732e7617d13768d337193453,b5fe6ca1e7daaa6c628f5fc1e3180b31,delivered,2018-08-06 21:57:06,2018-08-07 04:44:39,2018-08-07 12:30:00,2018-08-21 20:06:31,2018-08-24,12e7f5f330afd9922dc9c058601ecd65,2018-08-06
94876636c0c9ddd3455bffe120d95c68,e1d569375b1ae9c7f97e864718ab4b50,delivered,2017-11-08 17:07:41,2017-11-09 04:31:09,2017-11-10 21:21:15,2017-11-13 18:12:45,2017-12-06,cbcc5c5098cd32ef397d4231883f77c8,2017-11-08
1b4ba3cd652dda7ec4b796a7982f326e,b91c70a3709d00bc842dfe0b08464d79,delivered,2018-05-14 17:05:00,2018-05-14 17:30:08,2018-05-18 15:12:00,2018-05-21 18:28:53,2018-05-23,34924319ad9f60296eeee62465805b71,2018-05-14
759d3dd8671b3c60e168fbcef417a033,37c0ecd9010b98888a02504c69abfc50,delivered,2017-09-05 14:31:21,2017-09-05 14:43:55,2017-09-06 20:57:46,2017-09-08 19:16:44,2017-09-18,7f8cf52e29c6f2751400e4835c09d204,2017-09-05
b8bfa12431142333a0c84802f9529d87,c81be24f970cdf800017108e48d4b098,delivered,2018-01-19 00:21:43,2018-01-20 09:08:37,2018-01-23 14:19:36,2018-01-31 00:23:01,2018-02-09,6a3660b7885a554b070eaffa53f19687,2018-01-19
373021bf39310f6dcba6e36f71719d4e,24bc8d666b091ed2dc91f10af9987cf9,delivered,2018-05-01 20:00:22,2018-05-01 20:16:06,2018-05-03 11:34:00,2018-05-12 16:44:42,2018-05-16,7bdeacb50dd540648748b0128b799054,2018-05-01
cf4d00ace6566015d92509e1cc8b243e,224c0ca09b1e8b471104a957dc90c72b,delivered,2017-12-06 17:21:33,2017-12-06 17:31:36,2017-12-08 19:56:54,2017-12-19 23:23:15,2017-12-29,5944261728e612d07e223a7ea4597315,2017-12-06
ed2a96e455e3b014a6e99e5671873b69,4450c6a83f4bcae20ad2c76ee33e8f6e,delivered,2018-08-05 13:51:07,2018-08-05 14:05:17,2018-08-07 15:00:00,2018-08-13 17:58:51,2018-08-31,1a685b15bf8795c9fb28bb6c347fe88c,2018-08-05
32c0650191d60417a072ec2387f78954,165f19edb02b8e3c2c7b4d426ab8a7fc,delivered,2017-03-24 09:12:17,2017-03-24 09:25:29,2017-03-24 09:55:15,2017-04-09 12:57:47,2017-04-17,efa4fccd811b3a7282bb3bd1c6fe67cb,2017-03-24
c556be66c245e4bfc475064dbe859d61,9b2ba7cb3cb15bba2ada6a34cb7188ea,delivered,2017-03-27 14:58:55,2017-03-27 15:10:20,2017-03-28 17:58:12,2017-03-30 15:25:48,2017-04-13,9360f8de686989b5cfad8f8f6f561008,2017-03-27
54ef7706bc8a0c0209e7aca10d463608,2b4ee808fb510ba674b47f509fa03c38,delivered,2017-08-19 20:38:45,2017-08-22 04:31:50,2017-08-22 15:08:16,2017-09-11 22:17:59,2017-09-21,72e04faf6ff73703f70f49289a895dd4,2017-08-19
1bc5841ae612527adc7d41b80412295e,1bc53b9a233400e4060e63417a8b9cc6,delivered,2018-07-05 14:31:29,2018-07-05 16:08:18,2018-07-06 09:11:00,2018-07-10 18:44:33,2018-07-18,eaf44ee5ceb454b1383c1e2d26b9beaf,2018-07-05
59463b9c36d6a23c7c054114382f6d33,6e54ca6eaff27c22c1380cfcba213e7b,delivered,2018-05-11 09:09:30,2018-05-11 09:39:15,2018-05-11 14:13:00,2018-05-17 21:03:42,2018-06-04,be7e0456c105b2ee620144eb68c6ef3f,2018-05-11
93b9173d182af83f59074baf05d8c13e,75465accefc98db11062d9f8b89482b5,delivered,2018-03-30 13:22:07,2018-03-30 14:08:01,2018-04-04 00:18:20,2018-05-22 17:04:19,2018-04-23,5a2b3faae93a912962d9518dde99f35d,2018-03-30
c391d14cd15fc8e3e71ef9dd58fdb6c3,2c3e8d890d489edbacc814614c3c2543,delivered,2017-08-17 21:51:05,2017-08-17 22:30:23,2017-08-21 14:56:03,2017-08-30 18:47:46,2017-09-13,77449ce8e61afbaf747a6a47f6fd0241,2017-08-17
b27504af5e7290f1a8e28b74ac2a6981,fa2f27ff8c51f5aba5c31e878af932eb,delivered,2018-04-14 09:41:39,2018-04-14 09:55:15,2018-04-16 21:21:48,2018-05-03 20:17:00,2018-05-23,8492c2c6148ac3449374058371dc78c6,2018-04-14
5ca690af546d3a73c2ebc63c352d7dd7,75b466adc54e9166e302448f3a6dcc3b,delivered,2017-12-23 12:07:30,2017-12-23 12:15:22,2017-12-26 23:29:13,2017-12-27 13:00:35,2018-01-17,ff6447d093bbfa558c51f13162c9a2c7,2017-12-23
06b196454b51b7191c7e2eb44ea77717,ee72fb782e7724b04820a72307e299f2,delivered,2017-11-24 22:04:26,2017-11-25 00:37:44,2017-11-27 20:57:39,2017-12-20 18:15:16,2017-12-21,faea8d3ca7727a278bf3045a9486eca7,2017-11-24
02a58113b6c316d2aa7e110c8bdcbe6a,16457aa87c0aa54bf5a3ba8b46f5a5ba,delivered,2018-03-11 11:48:05,2018-03-12 08:30:53,2018-03-13 01:26:43,2018-03-19 16:56:39,2018-03-29,0743c38f68e0d3fa5cff234ddb844569,2018-03-11
81bfdf6a2390123c48c5632de6413e2a,d46a4ea906c4a9de600ef073a3dfd209,delivered,2018-02-11 01:08:17,2018-02-15 03:51:31,2018-02-26 12:46:07,2018-03-07 00:04:45,2018-03-06,aa89a987e1e092c318fbdc4b0e3dcc44,2018-02-11
3e4ed3610f9edd2a3598aec6e93a345d,a2f66df84f8974549eda37082474054b,delivered,2018-04-26 20:32:19,2018-04-26 20:51:29,2018-05-02 14:12:00,2018-05-09 16:13:02,2018-05-23,a580c65c807059715b5ba7e5bb3d0f0f,2018-04-26
580603672a21252f21fa8a8b4ca85986,c742ac1fd3f3b453ea59c439d6dc4e39,delivered,2018-04-19 22:05:25,2018-04-19 22:15:19,2018-04-20 19:37:44,2018-04-26 17:44:27,2018-05-08,8c3a00532dea4fa49f62c80296139d96,2018-04-19
92adde32a6e8a93d08501e1ac7f2e51b,9f648ba69a1b07f98c93a84f99a0c9e7,delivered,2017-11-24 11:34:27,2017-11-24 13:33:10,2017-11-27 15:41:52,2017-12-04 15:18:37,2017-12-14,e7cc9d71dc088f4dc3100b25e50d7ec9,2017-11-24
361af307ce8a881a715a9fdd64f6d026,f022976c6e446362f8a6e5b795605001,delivered,2018-02-16 15:45:03,2018-02-16 15:55:40,2018-02-21 17:57:15,2018-02-22 18:53:02,2018-03-05,2b985e0810e7227d5f1b7d48eff8672c,2018-02-16
20a1537691864a0ec56e69c40ec2ae95,f73600d04bdd11ef1d6f4b53165b2f00,delivered,2018-05-11 16:33:12,2018-05-11 16:59:54,2018-05-14 15:26:00,2018-05-24 21:12:48,2018-06-04,8d105f250341cd9538f795c71d94adfd,2018-05-11
4a690c399549365763c91fd29ead7345,2b081031c964f171ecc1aa3b13d99068,delivered,2018-05-05 16:45:11,2018-05-05 17:10:16,2018-05-07 14:48:00,2018-05-16 17:51:51,2018-06-04,ce51f8fa433d7ff12e7ac5384c6145aa,2018-05-05
0678d595b99f7162722e241ea36f7512,698bd3b24e4bdcce6cbf20053d17f0d4,delivered,2018-02-22 18:54:37,2018-02-22 19:08:33,2018-02-23 23:39:24,2018-03-26 18:42:23,2018-03-19,89bb292c4785e938210399dc100fcf14,2018-02-22
b80ba0f0c3d2a63feac0116f533cc6a9,aaa558d0c007b22e0f16af83de54582c,delivered,2017-10-16 15:08:15,2017-10-16 15:27:50,2017-10-19 19:14:44,2017-10-27 17:49:49,2017-11-03,718d5855edf637b8e2f213db87dab93d,2017-10-16
9daeefebc1067e23b8722753332f9fce,24a2ea05adf7b544924385aa75059535,delivered,2018-04-29 13:10:41,2018-04-29 13:33:55,2018-04-30 14:23:00,2018-05-14 18:03:06,2018-05-18,80e0af1a121418750b00e2fec496ea15,2018-04-29
782280edec0182ee4b1e2cff514fc712,74c13a9a97a7c47cb019e0321d632c21,delivered,2017-09-12 11:44:02,2017-09-12 11:55:41,2017-09-13 17:27:55,2017-09-23 15:47:50,2017-10-04,e43dcfbe118afc9d85fcb1c70d0c027f,2017-09-12
848888ce8cca87df133ef1dc66decf88,f1a09785ee90d1ace51ce03bbea6f6ed,delivered,2018-01-04 18:30:52,2018-01-06 02:08:39,2018-01-08 17:52:37,2018-01-10 23:09:14,2018-02-02,1afe3c583e3f9c72844acc5cdc67f86e,2018-01-04
fbb8b95a779702d51ecf6fa530a997d4,0c98695352c85d7b6f28a78dcbaff914,unavailable,2017-07-06 08:47:05,2017-07-06 09:05:15,,,2017-08-01,f941b66064e2381bd2ebf70aab0c9a33,2017-07-06
a001b4bdccb41f62d0c780dcfa1f6ab1,fcbaae64e3b2c5a47f6a6ecf9a1734de,delivered,2017-07-14 23:28:04,2017-07-14 23:43:21,2017-07-17 16:12:54,2017-07-26 17:04:31,2017-08-07,a57e52701c9a09efd6d58268f8f2edcc,2017-07-14
58a905d84e652e79a19de830f2209bd3,d9b8cffd550e76d276ae03bdab2f5a66,delivered,2017-10-30 10:49:19,2017-10-30 11:10:05,2017-10-30 18:32:38,2017-11-03 18:03:55,2017-11-22,5518a112dff474788c0d52cd4688acff,2017-10-30
020bc32fbdded2a43147c70a5eb3ec21,6cffa1011064035b56965e363955f701,delivered,2017-07-14 22:03:05,2017-07-14 22:15:18,2017-07-18 20:51:38,2017-07-28 21:53:24,2017-08-09,e060df3099d550d647a82326badf63fe,2017-07-14
13c6bd504e2a5056f0f471ea7b220507,df1f8cd492dca10f9819016400f5cf9a,delivered,2017-06-12 17:48:05,2017-06-13 04:32:17,2017-06-20 11:26:03,2017-06-27 15:18:38,2017-07-19,a6067b8524c5ace8872e34f87a37c3f1,2017-06-12
0182f6cbb4fb10918a76485fc92d7c49,16c11c76b58be7de894336de67d21260,delivered,2017-11-25 00:40:11,2017-11-28 03:33:07,2017-12-04 20:58:57,2017-12-12 20:09:11,2017-12-19,70ec0d94cb8fb8bebd175ffc701cf5d6,2017-11-25
34933c9ece23c40d4591be765e2b7f27,43e812d46063b9ec7d048031c9722c78,delivered,2018-03-04 19:19:26,2018-03-04 20:00:26,2018-03-09 21:04:28,2018-04-09 19:48:46,2018-04-02,fd46f99e9913ddee8a6ce5f91d65cf09,2018-03-04
b46eafc0b21e1cddcd5f94167c67c729,85cdfd07a32b8c544f2718302c361301,delivered,2018-06-18 11:03:18,2018-06-18 12:18:36,2018-06-19 13:39:00,2018-06-21 00:33:37,2018-06-28,7c3242c62a87237715ca8abe5a6ce33a,2018-06-18
e4056cda2102828227ab4626fcbfcded,b5e4fe5a35e5fa5e4858482d792cccd0,delivered,2017-12-13 14:38:26,2017-12-13 14:57:01,2017-12-14 18:10:27,2018-01-04 22:09:25,2018-01-11,9bef45cb5b62c76a18ecde35d9993a5e,2017-12-13
f5979d5f4e85e073bf3cdd17e94c79d0,e4b7a517c164b0a527e81f5c25f9c902,delivered,2017-11-18 16:05:19,2017-11-18 16:26:12,2017-11-23 22:27:09,2017-12-06 18:58:47,2017-12-19,25fd9d8e0233e89fb0e78895cef2aa2f,2017-11-18
d4d5d282946b01dc1d8365bd227a8b28,af26f2c3dfded71c46a19536d9d01fe7,delivered,2017-10-31 13:43:56,2017-10-31 13:55:50,2017-10-31 20:03:04,2017-11-06 23:04:46,2017-11-21,a7852e944e9e5d5ab99513436a5f9acd,2017-10-31
8a9cc5b8aa4fc0941dff1d405e1b25dc,225039e285ca2f82f0f22d0ccfda23e3,delivered,2018-02-08 20:36:41,2018-02-08 20:50:32,2018-02-09 19:46:29,2018-02-28 13:37:19,2018-03-15,39c4907fcf597bfa171ee83c76b48ef3,2018-02-08
3e6265a523641fb92371584458d20168,7f3a1ecbec9303f7c9bd18b02ae1ff56,delivered,2017-11-22 15:44:19,2017-11-22 15:53:33,2017-11-30 23:03:25,2017-12-04 20:56:38,2017-12-11,59e66c94d154429f52f83540f49d2e28,2017-11-22
3d9cd9f9ace18ba32716bd0b93e0ce62,77d767cce2733fe1025b6e0740242db2,delivered,2018-05-17 17:01:17,2018-05-18 00:55:36,2018-05-18 10:10:00,2018-05-19 15:03:38,2018-05-25,ac5d777c8eab479a43ca70db6294b161,2018-05-17
357f073c68543005a0065892f53ae4f4,735d56579112c3d18725357404ca2d54,delivered,2018-07-23 16:57:57,2018-07-24 08:31:38,2018-07-24 11:32:00,2018-07-25 16:06:24,2018-07-31,25a9d6db808f7c55cdd544ef254b1f2d,2018-07-23
34cea4a1fdf5fefdf4d48d7dafe53911,42f02a31215fe880d602230d08406909,unavailable,2017-10-15 18:50:09,2017-10-15 19:07:08,,,2017-11-09,5e8d2ac34f852ccbe22f9749926b50a6,2017-10-15
6bccb079bb15008eb3a71c4ed74cf9b5,4fa7c505a30147ad5404c85e26d404b7,delivered,2017-10-18 21:48:21,2017-10-18 21:56:42,2017-10-23 15:28:55,2017-10-27 17:18:45,2017-11-08,bb4d583ac2892484bff847d1c19ba426,2017-10-18
0a14f9fc5324099db2a5418351592675,58c021d7a27ccda0f20f3c1658b0544e,delivered,2018-03-03 10:30:17,2018-03-03 10:48:49,2018-03-06 20:04:30,2018-03-13 21:38:50,2018-04-05,f9cb5dc7e731ae82e0575be2255c14e3,2018-03-03
da0270ce1d44a68ad7f23a00aaa066a2,e4be72be1f23e97bd34c353e08d7ae4a,delivered,2017-06-03 14:55:12,2017-06-03 15:10:14,2017-06-07 11:05:01,2017-06-12 15:58:06,2017-06-30,921f5be42275772ab31fc09bf5ae728b,2017-06-03
55ccd4969754c36c0e5d45ce55594aa4,ffdeb329ff51afd3a45ae5dcd7239ac6,delivered,2017-10-22 20:01:31,2017-10-22 20:14:27,2017-10-23 20:37:54,2017-10-24 18:13:44,2017-11-03,191b7046c6216a04bfa580c8e1a262e6,2017-10-22
fa6d0c0ef7a7849ab7847303d458df3c,1ec1771954d299bf9a497cec57932c3d,canceled,2018-02-05 14:32:21,2018-02-05 14:48:31,,,2018-03-14,868156efbc523d93f64d0aa6344b56aa,2018-02-05
399b46458951afe483b41ead035ed9d6,a79e7a514a9d8f8b9f0a6d89adb690cc,delivered,2018-07-01 20:03:18,2018-07-01 20:15:17,2018-07-02 15:37:00,2018-07-05 19:22:40,2018-07-25,4381c92bedd6c6c6e8408433f9b158f9,2018-07-01
42b728c418ed710abe935da2195bc7e6,28179fd1063260776ef2e3a6aa0ac39b,delivered,2017-08-11 19:07:35,2017-08-11 19:23:49,2017-08-14 19:47:46,2017-08-25 11:17:20,2017-09-13,642308724fc6fb30a70a29dfc6156281,2017-08-11
29fd35acc2205a78e40f2141e78a839a,ecbbede9e638eb4f165af1b6078d51d7,delivered,2017-10-07 09:17:38,2017-10-07 09:35:15,2017-10-20 21:21:31,2017-11-03 18:32:22,2017-10-31,ed652e282b4af5a99363dc82b43751fe,2017-10-07
559e9d91731612dbcf09e8103ac2cd60,b98e0d5aca458a26a6ff30fee0416ca2,shipped,2017-05-18 00:41:32,2017-05-19 02:25:40,2017-05-25 15:37:50,,2017-06-16,018b5a7502c30eb5f230f1b4eb23a156,2017-05-18
189c034bd0ef4966a8f86ed7b5df5797,c5e1d73ae43d2c667eaeba149008223d,delivered,2017-07-20 15:04:22,2017-07-20 15:25:10,2017-07-21 18:35:57,2017-07-26 20:32:24,2017-08-09,fdca4eb2884e53458d2122d312141e9b,2017-07-20
286a461fcd1b94e24227817fa93f8a57,833d1eea64eebdeec7aaa771afddc2aa,delivered,2018-03-13 16:13:11,2018-03-14 16:10:24,2018-03-16 22:36:32,2018-03-20 23:22:44,2018-04-13,601b3156a506027b2b5cea597bd747c5,2018-03-13
0d931f4590e355bc7aedc79ca822cd82,165ec9f9d535ca2aba9173b87a4a596a,delivered,2018-01-23 10:59:07,2018-01-23 11:10:33,2018-01-29 22:56:00,2018-01-31 12:03:41,2018-02-07,9448bf54ca4a047cb99b0dee1a9bfa25,2018-01-23
992cbe3e064cd39f9ccde60a29ffcd3c,6f1f14b51bbc02c293a1429fc4d79826,delivered,2018-01-16 07:02:55,2018-01-16 21:11:44,2018-01-18 19:13:36,2018-02-26 21:22:10,2018-02-09,16534282c820ca754b8de47754bb6d1a,2018-01-16
045524a5ae6c874b746523a6fd79f4f9,c767121cc11b2c981fc93dc686c8c9cd,delivered,2017-09-02 18:22:11,2017-09-02 18:30:21,2017-09-04 21:55:06,2017-09-08 22:47:42,2017-09-21,0b052dec06c1d5bdf49eb19ad47cb630,2017-09-02
372ef34f0b6bc2c938f6e3029fae3223,67489d81675f4b88968840bef400b02f,delivered,2018-02-08 08:21:11,2018-02-08 08:30:19,2018-02-09 20:51:23,2018-02-16 20:43:51,2018-03-08,3984551d6600cba5be44882ce0b81c7f,2018-02-08
2b7d922e73fbd058099b6ff4b33e99f7,0ea66986b3704c6a5212c9327cb5a27c,delivered,2017-10-02 18:02:21,2017-10-02 18:14:22,2017-10-04 13:39:00,2017-10-16 21:37:57,2017-10-30,6b2d7f91275bd405af986115bcaa5fa9,2017-10-02
76aed3603faee7c84cb4b6857f655a9e,de5544ef599ba27f6a6467cc981e9fd8,delivered,2017-07-10 22:36:42,2017-07-12 00:45:08,2017-07-14 20:49:42,2017-07-20 12:13:59,2017-07-21,5b30522b5d840bd700962383ab8758cc,2017-07-10
e2b9380fcb4f1f7e2a7d2d3c77666c7c,df5c29f85be81da0fc70651fe54704d1,delivered,2018-04-05 17:47:12,2018-04-06 03:28:27,2018-04-07 16:31:31,2018-04-11 01:21:26,2018-04-20,df216761559a67b7054a94dcad12d54a,2018-04-05
d568db372124bae10404acba43558652,dfd98d84e66b465250732382ff6a5d34,delivered,2017-09-03 11:20:06,2017-09-03 11:30:13,2017-09-04 19:09:11,2017-09-11 17:09:06,2017-09-26,64827a379b63b1a5b42041139b44ff5e,2017-09-03
916c4f6b4d3cf3e78ebbf5c6b7e20dbd,7ff71a4acd7e22fa72ea070155a125f6,delivered,2017-09-21 20:13:55,2017-09-21 20:25:18,2017-09-22 20:30:05,2017-10-03 20:43:11,2017-10-18,4c7f26b1d8af960d4fb6ace54426d1b0,2017-09-21
58563954fff8aefe4f7ca6827885a5f6,25d01c9e3543c4b4a915f9373fae44c2,delivered,2017-11-04 21:01:13,2017-11-05 21:06:53,2017-11-06 19:28:45,2017-11-10 13:36:58,2017-11-17,02b9defff3fd946df37af806a194a49b,2017-11-04
711446e2cbe250789dc7b3ecdfce793c,61dfb2ae9399454cb12545524d192978,delivered,2018-07-04 21:03:18,2018-07-05 16:32:23,2018-07-05 12:04:00,2018-07-13 17:12:35,2018-08-06,82c6b7c46730c47b413b6a163563486f,2018-07-04
fca48763ac254b18f48de642701d7b48,ed0a9f8dca4552786be0b8675e0eefad,delivered,2018-03-18 15:54:18,2018-03-18 16:05:26,2018-03-20 19:09:09,2018-03-26 17:49:08,2018-04-05,0e1e040e8ebf15a2247bd1df8a11ba7b,2018-03-18
46dba1d22a6ee9cb6200c1cb899f583c,9110693a12c644b2c2c95778234ba8cd,shipped,2017-08-26 14:07:04,2017-08-29 04:30:18,2017-08-29 20:22:08,,2017-09-11,d96a987ed08a81ce3531dcd12ce00c6b,2017-08-26
35bb1075fe5a1a4510c3c8915f84a137,4616e7f2877f49bf47330e57fa1a4105,delivered,2018-04-12 11:46:31,2018-04-13 12:50:46,2018-04-16 23:25:52,2018-04-20 16:32:35,2018-05-07,9a2d6c13e1fc67ed000b514a535b5fa6,2018-04-12
60b9132c2fd47eb78c1bcf2a3a621ea8,279f89e72b3c2b07a59131882dbd738b,delivered,2018-08-24 18:04:47,2018-08-25 02:45:17,2018-08-29 14:49:00,2018-08-30 16:41:59,2018-09-04,3a4e81aa3579f223320a3b7042746cf9,2018-08-24
615881190acfd290a2122e6e4d6055c8,38ae66eca48b8ee852219d96d98c0b85,delivered,2018-01-13 16:33:01,2018-01-13 17:31:07,2018-01-16 01:18:35,2018-01-18 21:52:46,2018-02-14,fa458c3a05d049490dbdc2164dc0ecb5,2018-01-13
80ff8e4db69c66d000da0845f52408f5,054b63b8606d2faa194328b09033b53c,delivered,2018-02-04 20:53:03,2018-02-04 21:09:55,2018-02-05 18:56:35,2018-03-14 20:48:20,2018-03-06,4cf14a4b90f8beb4167c98055cfb2d50,2018-02-04
0b6ea9219b1603082ec87a9842e8e017,873225c67413f7a89b35895080e8689f,delivered,2018-02-13 21:34:27,2018-02-15 03:47:49,2018-02-15 20:56:54,2018-03-07 13:10:51,2018-03-14,fd71234ca22aa8bddc71b71ddba22a9b,2018-02-13
ead4a4f0272fc900657829676e8d963d,2ffa798151feeb9238e6c60c6facd88b,delivered,2018-06-19 09:58:17,2018-06-19 10:15:46,2018-06-19 15:11:00,2018-06-20 21:12:33,2018-07-03,462335f5ff825b6f17cee0f62368e2bf,2018-06-19
2628a8a365fb7f3cf467c72cbe6f6566,9ff28d5de706b0006389aa09a501feed,delivered,2017-10-21 11:22:57,2017-10-21 11:35:25,2017-10-23 19:18:07,2017-10-25 18:38:07,2017-11-09,349bfbd6f8677c4fac0a749df976d729,2017-10-21
990ef3539979cd76d0cc98835b2ad2f7,a3dd25a2b8cc57fffa17f57e7ad82f00,delivered,2018-07-30 21:32:14,2018-07-30 22:31:44,2018-07-31 15:39:00,2018-08-08 12:01:24,2018-08-10,3f62289965300b31b83ffa2f978ccb53,2018-07-30
72da19d53265a57c6e81454bb0c7add3,2cd340f0483672ef400892090c549289,delivered,2017-08-21 23:14:08,2017-08-21 23:25:34,2017-08-22 21:27:49,2017-08-29 16:28:15,2017-09-21,787dd15dd132f3707a7f82a76c542d78,2017-08-21
b02fd360342e2520c0361b430c150a92,22880fe3d20998c8399a9e50f6c7c162,delivered,2017-12-08 20:17:06,2017-12-08 20:30:55,2017-12-11 23:33:28,2017-12-14 17:22:05,2018-01-03,c605aae623959a370392cacd48e7359a,2017-12-08
69a1da5ee773fe4d68b8e27567e2185c,33a232f7b7a529e24eb77de5293d71be,delivered,2018-04-20 13:39:07,2018-04-24 18:55:46,2018-04-23 18:02:33,2018-04-30 15:44:28,2018-05-09,4653dbd1f4475d1660438da0fa6952d8,2018-04-20
b4b9e15f3787253b781c561f2d8f7eb7,8b46fef28148846b62971ed30ffee02b,delivered,2017-10-09 16:10:20,2017-10-10 21:07:13,2017-10-11 21:38:45,2017-10-17 21:45:48,2017-10-31,6cdc140b7cb570028663036d4ee922b5,2017-10-09
13a945cf4dff971e45059d790da4daf4,941d03f0883fa067d8897ef31b501488,delivered,2018-02-23 20:55:32,2018-02-23 21:08:24,2018-02-26 22:56:56,2018-03-28 18:34:36,2018-03-22,a53b3da0cf3e158e78cad26c27a06d19,2018-02-23
657c1689361cce2eeaabea76ced5e30f,9debacf3f48d6ebb2f1883f2a6d73b4a,delivered,2017-12-12 13:36:46,2017-12-14 02:12:21,2017-12-14 21:42:16,2017-12-17 19:09:38,2018-01-02,16646e2ab777428b97d443e3eab28062,2017-12-12
ab84bf29e9617a0fc438bb0a95a50d6d,d158ce9e0f20d24d2235731f42f1249b,delivered,2018-01-23 18:23:05,2018-01-23 18:38:40,2018-01-24 19:16:33,2018-02-08 18:48:53,2018-02-20,bf41e1422e778ac65bcc12b8faefa459,2018-01-23
0552997d7a7283a7761acc3a5f9bcefd,4ebc2a023f9c5a95de15d342694a46a9,delivered,2018-02-24 18:28:51,2018-02-24 18:47:14,2018-02-28 00:06:43,2018-03-05 17:18:43,2018-03-16,438c28e1e3970d5fa0c446a453377a33,2018-02-24
9d4c054c383e63f85862599e8e3216d4,8c26df444a09dd733e7b0b0453cae0fb,delivered,2017-03-28 17:07:18,2017-03-30 02:15:49,2017-03-31 15:38:31,2017-04-04 14:13:32,2017-04-19,75d58ce7a1a2ff3f0f13161882fb813d,2017-03-28
ceba7b9f1fa81a563a3e31ee64fdfb16,8d3051d40086f3777d72074bdc4a2036,delivered,2017-06-25 07:14:59,2017-06-25 07:25:08,2017-06-27 15:49:43,2017-07-03 11:39:51,2017-07-14,4450df4851dd72d51199417669c6ec7b,2017-06-25
fc2c12b292a51acfbf420522f25dc2be,880d7ca6cfa159dd4a6c2bd1ad73a7f6,delivered,2018-05-11 20:52:06,2018-05-12 10:35:21,2018-05-14 14:05:00,2018-05-21 18:41:52,2018-06-08,b64f854cceeadc9032173e4d5777eca2,2018-05-11
911c0c489bf4354f38fc64491075e8ba,6c6319d15d79f6ef8c06f85aa7656f05,delivered,2018-06-12 16:25:08,2018-06-12 17:12:59,2018-06-13 11:22:00,2018-06-19 23:33:32,2018-07-04,62d2dfebea0173a5f2b94706301b4c29,2018-06-12
f46b842d9b4dfd29acf5eec998837ede,97fd3f96bfd52233a59ed171a7356cf4,delivered,2018-07-12 22:21:00,2018-07-12 22:35:17,2018-08-02 05:34:00,2018-08-06 17:36:46,2018-08-02,6ad5df57aff57c050ce87938d6e295b4,2018-07-12
6a13517381ec12deba06f6a117428702,0c7b9210b550cd224cda4f815573fc56,delivered,2018-01-10 20:43:40,2018-01-10 20:52:21,2018-01-15 17:42:31,2018-03-06 17:17:31,2018-02-07,355deee75255c6f085f98c93ffab7723,2018-01-10
5f39fdc052a768523f7c3bed2cfd3fc3,cf650de26211073211c10d5b7236ad49,processing,2017-12-23 18:25:24,2017-12-23 18:34:19,,,2018-02-01,740867e3baec7f0b535bbf7ddecc20da,2017-12-23
3f832dc6ed52a23f1f8ad91e7610396a,aa6c9d83b00de08bd2a32f934d7f275f,delivered,2017-06-09 10:08:27,2017-06-09 10:22:23,2017-06-09 12:44:28,2017-06-23 11:42:07,2017-08-08,1c750be4c7c1de6a7b91054b427782ec,2017-06-09
8398bfef4b9c8fa47c4d2dc9fea8c42d,bac6a392af2adc51993284cd5a44c8f7,delivered,2017-11-26 16:50:52,2017-11-26 16:58:34,2017-11-29 02:32:11,2017-12-11 19:44:52,2017-12-15,73755065ac8a78231942e866d05692e3,2017-11-26
0b8df9666ae41f9985a6f7d73047d62a,8e3d29a001bce34acad03f9871f89204,delivered,2017-11-28 14:05:02,2017-11-30 02:34:24,2017-12-05 21:41:24,2017-12-12 21:29:08,2017-12-18,4330a0ccfb4285690a46b1e9fe2a0994,2017-11-28
81a9ef6a0791099bb5859d0104f94dc9,7d5e98a2e485f0735beee6e2d1c43e0e,delivered,2018-05-31 14:51:03,2018-05-31 15:12:10,2018-06-01 15:17:00,2018-06-06 22:05:20,2018-07-13,01f2285f85a1c603eb7ef755ad311769,2018-05-31
647ce922555f433f94e02c2458c6e164,99582de391dc1de0e31cec0aab41f2fd,delivered,2018-04-23 10:39:30,2018-04-24 18:30:30,2018-04-24 14:38:40,2018-04-30 19:36:43,2018-05-09,a793fed108a32eb4730319d8b7e2ee1e,2018-04-23
e985c8488218e5162cef0338ba6d5236,ef243d0cc0bce65fe28540b16691f9d6,delivered,2017-10-10 13:57:31,2017-10-11 10:49:17,2017-10-11 20:19:57,2017-10-20 11:43:34,2017-10-23,2323ee19bc3910dcf3b901dde33754de,2017-10-10
d02ab2f026a474b1ab8e19dfefb80ec4,e32f5e6caba0c49af037c91356fadf83,delivered,2017-10-16 20:05:46,2017-10-16 20:14:54,2017-10-19 18:10:05,2017-10-26 21:37:51,2017-11-07,e61c3828bb1ba1b0a2b382093a70ad1f,2017-10-16
501b6d9a20b143063d1711970953fcb0,8a8cd362d6cc4c7e7fbb8050526da599,delivered,2018-06-16 21:17:24,2018-06-16 21:37:01,2018-06-18 10:55:00,2018-06-22 20:56:23,2018-07-18,2d54a96b161937247071843a2fc02fa9,2018-06-16
719a2a4825d52ce82cbc8698a71495ba,bd7f3abe8cf23c1f80aff58fb4d12861,delivered,2018-04-13 12:56:27,2018-04-13 13:53:53,2018-04-17 00:18:36,2018-06-05 08:33:51,2018-05-22,9955ae9211487719711e63d871502b63,2018-04-13
05bf7a31e9d3eecf93db6a8e4508ed8a,17effd274d2fba6bd4b91ac477f63991,delivered,2018-03-02 13:11:03,2018-03-02 13:29:52,2018-03-02 23:27:56,2018-03-13 01:52:47,2018-03-22,da5d6f1b3e1b8fd034ca96eadb28eed3,2018-03-02
0d27c6a7e907a99b7a7e08f9afa22d90,604ee403a6a70bc3e4c5831ebce4afdf,delivered,2018-03-01 19:24:33,2018-03-01 19:49:17,2018-03-02 22:46:32,2018-04-07 18:24:41,2018-03-21,5b5938d2d4fe1d67afe0969222c6d7d0,2018-03-01
b3bcacdd3b409fff8c57b4cc4f40f4e5,b7126a9d53da7109ad76b05cc8b6e224,delivered,2018-02-08 17:48:19,2018-02-08 18:32:15,2018-02-21 10:07:43,2018-03-16 19:41:51,2018-03-13,8adcefa2b4af4e35e8d1d692737c79a9,2018-02-08
bae01434ee73e10ab8194c06807f29cb,8516f98c1d30a73c254faa80e4e49029,shipped,2017-12-06 22:46:43,2017-12-07 14:31:15,2017-12-11 18:28:50,,2018-01-02,ce91f961e19172ef05017d42bde834a8,2017-12-06
42d823440aaa97195dc6f367332376f9,b57df61302e6f76163a0b5950d49793d,delivered,2017-11-24 08:14:35,2017-11-24 08:33:31,2017-11-24 18:28:21,2017-12-06 22:25:49,2017-12-20,7dc55fee6537505b6303ba7419d43340,2017-11-24
3e67a858c3fcd6a3929e94f287d9772d,f299efe8059770d577b6b06420de12a2,delivered,2018-03-19 11:47:06,2018-03-19 12:10:27,2018-03-20 15:26:37,2018-03-28 01:37:28,2018-04-13,46493dbb6bbf7097c477eaa2ce1bb4ac,2018-03-19
6a92e66b9d3bd75efeb50c6494ede745,78fef5c1af6d5f84ff1b12f609561901,delivered,2018-04-20 17:05:12,2018-04-24 17:27:45,2018-04-23 15:45:28,2018-05-14 18:02:20,2018-05-17,fb8b803819191cf86acc0c9096ce7cc9,2018-04-20
2f2e121506a561cd285173b300fd992f,b8e1d732cc707b8359e633ed95a8e55e,delivered,2018-02-03 10:59:39,2018-02-03 11:11:00,2018-02-07 00:45:03,2018-03-01 18:09:08,2018-03-13,e0aa6fa7c2438e89c95d0b9cf2f5fc71,2018-02-03
fcd5c129c40bee5c7fc66a1493bd9b6d,23dce7eada3584aaf201ea9b29b4699c,delivered,2018-01-31 14:00:11,2018-01-31 14:13:36,2018-02-02 18:12:42,2018-02-22 21:12:19,2018-02-23,80e0239379fad44ae1d70fa7de8de79c,2018-01-31
0c6f709251c3df262aeb79458ad96a1d,cd61ea4c014ba01e198cbb7863b8e212,delivered,2018-03-01 16:55:08,2018-03-01 17:15:35,2018-03-06 23:52:00,2018-03-09 19:56:46,2018-03-13,3a2521ce6d2dddd8318742808daf2a51,2018-03-01
aa0ada08c461e7c8b384d1e311d474f4,8a59859c3e0b4fe72567a54c7baddc80,delivered,2018-02-27 19:09:55,2018-03-01 02:50:48,2018-03-05 19:28:54,2018-04-03 23:04:04,2018-03-19,23185cfa67fd0ae69594ed8f9abbb4c7,2018-02-27
cf08f889cfc7f4e20d52cf7c6828eeee,7713e861b6b25bb555804711dc1a57e8,delivered,2018-07-14 10:04:12,2018-07-14 10:24:15,2018-07-24 16:07:00,2018-07-30 13:51:38,2018-08-09,495ad99889726f38d2a0df657921a832,2018-07-14
48a32a844d2782e2d2b33c2ccb6a941a,bdab8bc8ecc3b284ddf047a31601cd33,delivered,2017-08-19 22:49:42,2017-08-22 04:05:43,2017-08-23 18:00:19,2017-08-29 14:04:35,2017-09-04,ba56ffd32142f42c44f18beab89aae6b,2017-08-19
7e5ce7d4d9940b4b7e3a1fcf138d3750,d24b774a22ec4061c7ba22a7f7974efb,delivered,2018-01-07 23:03:41,2018-01-07 23:15:26,2018-01-09 23:33:34,2018-01-16 17:33:32,2018-02-02,2358b61a26d9f298575dd5f8d98ddd90,2018-01-07
c3a4dcc5c4ae575cb04444cf1b3f0a09,4f24efa07ad431bbb04c7f1eb54a19bf,delivered,2018-08-26 19:56:12,2018-08-26 20:10:15,2018-08-27 14:21:00,2018-08-30 23:03:32,2018-09-18,8c446b198f0c92d5db58d3c8eacd3a11,2018-08-26
505bd68247a13876bb61245104daf074,7e3cd1f802c695e446c446288bcffc97,delivered,2018-01-02 00:40:15,2018-01-02 00:47:24,2018-01-09 17:35:51,2018-01-16 15:38:43,2018-02-01,72a157d02dd3556672c065525fe82195,2018-01-02
f856b8b90a83c3e6c6bccd3b1665fb79,b37ad61561a4c8c53e4105a3ae90fa34,delivered,2017-07-04 07:36:01,2017-07-04 07:45:13,2017-07-04 13:56:34,2017-07-26 15:25:50,2017-08-07,f9bcaecbe43a5f89702b40314436b0e5,2017-07-04
6cd4b1d2491c44f2fb48d9e55687321b,565eda93808d23d3f35e5adef155148b,delivered,2017-11-27 23:03:23,2017-11-29 02:20:27,2017-12-06 19:13:58,2017-12-12 20:33:18,2017-12-15,61d4cbbc787dae7c88b2d66f665ebff4,2017-11-27
46c0b3ab3b1d05b0f8af19f0100a33c4,6a8f01843537891ff93700664ca11c7b,delivered,2018-08-18 18:37:12,2018-08-18 18:49:26,2018-08-21 13:31:00,2018-08-28 19:30:41,2018-09-19,39d26db6530f0ad21b671a973cb6e03f,2018-08-18
12b63b3416a5f2cfb2db709782a07af5,082f15c3971915712f89b49d4099326c,delivered,2017-12-07 11:06:04,2017-12-12 04:09:25,2017-12-12 20:49:09,2017-12-19 12:28:38,2018-01-08,6120fada9a5891d3f9b94a57a17da892,2017-12-07
6dd6f76aa47e5d35ad4d19541715dd9d,92cad8e5fda2b485e79051b39333b461,delivered,2017-11-24 12:17:21,2017-11-24 14:31:26,2017-11-28 17:56:57,2017-12-05 23:18:55,2017-12-19,f4061866ee9ac1a99a7510e2f9e508cc,2017-11-24
5b4a5c06f7c8192686f2792b0dafb785,5fae9fbd06c81844d036e4d3cf3a9f43,delivered,2017-12-17 18:32:09,2017-12-17 19:31:23,2017-12-20 15:54:41,2017-12-21 20:43:20,2018-01-05,51e6db311b3cfbfd9b1f398dfe34c4ca,2017-12-17
bd751ddcab3b8972d79a87e9cb5df8f4,2af532c873aa98204e14929109f0c7fd,delivered,2017-04-06 11:53:43,2017-04-06 13:05:26,2017-04-07 10:53:58,2017-05-02 11:47:48,2017-05-10,14b752df6dd62c4afcafedeee4b8cffb,2017-04-06
675ea662391ef609e39645b25940d453,7d643c6504deebe6d2ab830865d71584,delivered,2017-11-08 18:44:44,2017-11-10 03:06:36,2017-11-16 22:58:01,2017-11-29 14:09:20,2017-12-01,24abf93a73a57ab3fe56df52deb2c6c5,2017-11-08
a556af28fe6f1e8804087924fdced810,eba04ee856b162cbb63d97476cde1726,delivered,2017-08-17 18:00:20,2017-08-17 18:50:20,2017-08-21 11:57:29,2017-08-24 19:57:52,2017-09-08,8ebb724a0718896eaa6e09a3d7a73f90,2017-08-17
2313fc14bc3187d0691674f1016242d9,9bd1ef1ade50165ae93cf9c6ff3c8b0c,delivered,2018-06-23 23:28:03,2018-06-23 23:54:34,2018-06-26 14:52:00,2018-07-06 18:21:18,2018-07-18,ecc1efd41003b6d182ea856b4d2576a4,2018-06-23
a997ce452b12e113ccd903fd9323d382,cbb28c8357c170dabf764f9be265e1f1,delivered,2017-12-09 11:09:08,2017-12-09 13:10:59,2017-12-11 23:55:34,2017-12-23 14:12:47,2018-01-10,614020cc1e7dc4f8a5fd38ad06bf6cbb,2017-12-09
4867306a7b3d9d5620d493184c6a4a7f,b4029065dc8dd2130e521520cc16dae4,delivered,2018-01-24 13:46:44,2018-01-25 02:38:21,2018-01-25 16:19:19,2018-02-02 15:53:14,2018-02-08,9db0dce3e2255eed3e1bcc463621eb84,2018-01-24
4b8554eedaef8a794db32fd6f2663cc0,a72dec46c717c9c54828035b012b82b5,delivered,2018-01-13 17:03:25,2018-01-13 17:15:26,2018-01-15 22:41:48,2018-01-22 20:43:25,2018-02-05,aa5d1892e01f044ece40066386d02c14,2018-01-13
9ae84d27762f3fddb23d96e69a81f3ed,5761ae0f6a33d1ca20c620eea9ff0685,delivered,2017-10-04 21:48:39,2017-10-04 22:04:36,2017-10-05 20:39:53,2017-10-10 20:57:33,2017-10-25,c9120d0a1718d60b1dbfc11209f26a80,2017-10-04
1588b79ef6078fb4a06549ed42ae7fd3,234a9c4a789ea5dc38db5beb628e4803,delivered,2017-09-16 10:33:11,2017-09-16 10:48:36,2017-09-18 10:28:55,2017-09-27 18:48:00,2017-10-10,a29f060216c979b806484cb87c3a5843,2017-09-16
5217800f8025b50bbddf0d58461486af,f8081ceae7621874a1311c2473ee612e,delivered,2017-12-05 19:04:22,2017-12-05 19:30:49,2017-12-06 17:16:36,2017-12-11 22:12:08,2018-01-05,4cc2efbcc7e9e268692080176f11d81d,2017-12-05
701ed63cdee1bf7a8aeb7f690acb04a2,05f0ba650e96816117cc49d9194cf3f5,delivered,2018-08-13 13:11:04,2018-08-13 13:25:14,2018-08-14 11:37:00,2018-08-21 17:06:48,2018-09-03,494e43282d9bcf8611235ef3b78dfdf4,2018-08-13
f738b7f44b5be61ae982e3ea9c87289f,e05ca5295fa14909119f1623a1737fb5,delivered,2017-10-07 19:24:09,2017-10-07 19:49:33,2017-10-11 20:13:41,2017-10-14 00:26:44,2017-10-26,aba5e6574122629e4f00bff233170a3b,2017-10-07
c66d52ab7ee1f262449a1c5aad867d82,bd89c03e638dc238d284e1873e366171,delivered,2017-09-15 17:36:25,2017-09-15 17:45:40,2017-09-20 14:41:23,2017-09-26 20:13:50,2017-10-05,5e5da0d5d7ed4e45debc5ec6eea3a018,2017-09-15
5070ab7aeaa32fade8da1f8d1027ac63,12ad82511e00603d0f878b5fa67cbd1c,delivered,2017-12-08 20:02:56,2017-12-08 20:12:19,2017-12-11 20:48:45,2018-01-17 18:52:46,2018-01-09,8239fd0dbd0e6bcb38ecf2cdaa7be012,2017-12-08
97970934fe4f84a9169a79b05923fa0c,3ffe39972b3f48e2907b1ca5386cd4a5,delivered,2018-03-19 19:16:30,2018-03-21 02:49:03,2018-03-23 01:33:13,2018-04-05 21:55:44,2018-04-05,84059a5500a2b11eccc76f80bd2cefa8,2018-03-19
a08f93229ff75ba67fbdc36e6ad7c5c7,7c3f8286d229c232d2fec7d8e750e7ea,delivered,2018-05-02 01:27:50,2018-05-02 04:21:15,2018-05-04 15:11:00,2018-05-07 22:08:38,2018-05-16,d4a5e9f19897de65433c9d97bf4b9f8e,2018-05-02
ebbe13361b5642fa1a02ae9fa3d7fb3d,b9bdb8462ebf51bdcbf78b442cf43ed7,delivered,2018-01-29 00:44:47,2018-01-29 01:58:49,2018-01-30 18:55:04,2018-02-02 17:52:19,2018-02-14,6cbfb72d013c43c4942c72781ca0db27,2018-01-29
a20eb879de62e2e2ef54074f5f71db9f,f112b34d0cf6556f7c5c029ff5c67ba3,delivered,2018-01-30 10:01:23,2018-01-31 17:54:04,2018-02-19 11:04:00,2018-02-20 20:15:11,2018-03-26,1554ab45e7c8ff7191ddccdfcd2c8d20,2018-01-30
66c8dae0eb958ee945dc71efd0a99659,50ce1380a46e62a29e1749267839d4a3,delivered,2018-02-01 17:35:51,2018-02-01 17:53:20,2018-02-06 20:22:37,2018-02-19 16:24:50,2018-02-23,0c708d5fbbf9563f4c7096f97961f05c,2018-02-01
83cb604e747a6aacb0a7e425f0b21a77,394a21d5633737086ebc2fef3686bc2a,delivered,2017-06-19 22:37:10,2017-06-21 02:30:29,2017-06-21 13:23:35,2017-06-22 16:54:34,2017-06-30,39ce02a045b8e7b0329984df3109957b,2017-06-19
eb4c34f6c71f98b594e9df32d8e3c851,76cdbc077d1f0ab2a243edcb6dac3ec8,delivered,2017-10-29 10:19:49,2017-10-29 11:26:01,2017-10-30 23:07:48,2017-11-13 14:59:09,2017-11-17,2e0a2166aa23da2472c6a60c4af6f7a6,2017-10-29
13d1f1aae5f022a221984b4b9802a73d,d65fb8db178f6bb3c8bcec231908b96e,delivered,2018-02-15 15:49:12,2018-02-15 16:06:35,2018-02-16 22:25:06,2018-02-19 15:43:42,2018-03-02,071f6a8af4d9d148f8d52634339500ef,2018-02-15
153f3406d034142db04fcb576d6987cc,80988b11269d81589d963ff44080ccca,delivered,2018-06-01 10:55:57,2018-06-01 11:12:27,2018-06-04 20:19:00,2018-06-05 16:16:52,2018-06-26,a61e55582ca28f02cbf5339cc7ac4a80,2018-06-01
509b86c65fe4e2ad5b96408cfef9755e,69f07139131eb94ecb8e5b5d601b1f7a,delivered,2018-01-31 23:37:38,2018-02-02 16:00:30,2018-02-05 20:38:02,2018-02-06 18:12:22,2018-02-16,256f0918ebbc1e5cacee0fb6bac6e809,2018-01-31
90ea1a3defd31881bd311c87249c6fdb,4d0c3d50027cfbe7eb020590e8a81ce0,delivered,2017-07-06 15:42:09,2017-07-06 16:04:21,2017-07-07 18:07:44,2017-07-24 19:59:42,2017-08-09,fe1e3bb8816750169dd3d642d33279f1,2017-07-06
36e14a46e5b025f82308a10f7a942db0,7cb60a605d9d8f9ade653d72231b3c68,delivered,2017-10-11 15:44:53,2017-10-11 15:56:21,2017-10-16 18:13:09,2017-10-20 14:17:01,2017-11-08,f5a13ea8679ff8c58b2f2ddbb2e2aaf5,2017-10-11
61d0f8073b3d86c34c69845c9e0dfd54,014734aef2673760779034c8f95ca598,delivered,2018-03-05 14:10:26,2018-03-05 14:49:21,2018-03-09 23:29:29,2018-03-15 23:08:55,2018-04-05,41a8eb13e0e31ada950291a25019d3a7,2018-03-05
318a41eb5de685684d15e6ce68fa5ab7,69174d2ab6401c71be802bf71f111b93,delivered,2017-10-04 08:32:08,2017-10-04 08:49:23,2017-10-04 20:28:56,2017-10-11 23:49:01,2017-10-27,4e5ba538a1c994044e7a23861908ea0b,2017-10-04
83f3d57e77ac04a095a21b92ae0fd835,dd8cbb2002c9992c20c5d2d74e2fd5f5,delivered,2018-05-24 12:31:39,2018-05-24 12:59:24,2018-05-29 14:11:00,2018-06-01 22:22:46,2018-07-18,eddba05db6ae8725c310dbdd83258fad,2018-05-24
59777653a9cfaef8d8aa7162181c7ba1,04cb82f80c2964ddb436a3d74fc14ef9,delivered,2017-11-26 22:52:17,2017-11-28 22:57:01,2017-12-05 02:47:33,2017-12-15 21:48:44,2018-01-03,18e27000b4e0e3c35c31dd96e540d217,2017-11-26
453b1d86b22e9fdb0d1da9c446dd2828,0afa45aa9b2befa48d4056a9037aeaaf,delivered,2017-11-28 15:52:31,2017-11-28 16:17:30,2017-12-01 22:09:09,2017-12-14 16:21:29,2017-12-19,3ef6f3712c0d045d9546a3cbcb7d65d3,2017-11-28
c8bedae351d76a3163c9840172c1285f,586982bc4d41d9fa769c7ee3e7907b7b,delivered,2018-08-23 17:04:55,2018-08-23 17:15:27,2018-08-24 14:31:00,2018-08-27 16:08:49,2018-08-30,1348605b4286bdd5b425be0ee7c2c8cf,2018-08-23
9ccf81055013ee5c95099ed3baf8ae4f,e4713a0e07528b06babe87ec0d8fe450,delivered,2017-10-21 00:17:19,2017-10-21 00:35:23,2017-10-24 21:03:27,2017-10-31 21:38:48,2017-11-17,a6b4b3e1e8e21432ff89245ce6e317c0,2017-10-21
2c065390b0d9a4daae8b736170a3e9b8,0f66b03abf9016f15be4fef131efa629,delivered,2017-11-25 23:20:36,2017-11-28 03:41:50,2017-11-28 22:15:57,2017-12-05 18:56:45,2017-12-27,20aa7b4baa94b293d91cbcce513f1660,2017-11-25
079034c04662f3d7dce287df9e4e5489,de8e33a82d162c02dc4dd95ffe7fe42c,delivered,2018-07-24 17:17:48,2018-07-24 17:30:15,2018-07-25 14:08:00,2018-08-02 19:32:45,2018-08-14,9ec5dd9399e8b72cb81c2f2d3d83d1f0,2018-07-24
491d0f75b13fe6ae121d0deb9a410a51,8bb0928c36fbf8a37b88a419e3cb0ffa,delivered,2017-06-21 14:59:12,2017-06-23 02:30:45,2017-06-23 12:46:44,2017-06-29 16:47:50,2017-07-11,4f50fe31bd8b72604c6df88381f54b6f,2017-06-21
6e3a62e4b3150455350d30705dc23ac3,3fecab5810a61428b1f916f932d3e44a,delivered,2017-10-14 17:16:56,2017-10-15 17:36:49,2017-10-17 18:48:49,2017-10-23 16:58:37,2017-11-06,fc6d1dbfec9a9f195861ed1e9606c998,2017-10-14
9fdcac8d1f22da3941b458e835f199e3,d468f9fd5b79e8d23f71a60901ccf2eb,delivered,2017-08-19 14:52:19,2017-08-22 09:45:44,2017-08-22 18:41:53,2017-08-25 21:47:48,2017-09-25,8b2097f2dea7a183301103d1154f12d0,2017-08-19
84e4486c820db46414cbfb1dbbe80889,93a76cec9665317ca677f7800987b681,delivered,2017-11-23 22:56:37,2017-11-23 23:08:23,2017-11-24 21:38:41,2017-12-02 17:28:52,2017-12-14,fdbc9e3e8ff4d5fa66c92c652912aef4,2017-11-23
d59990b8113b909332b7eb63d417c86a,1a22a929e1167b7a71cc69544814526e,delivered,2017-11-26 15:39:40,2017-11-26 15:54:47,2017-12-05 20:26:43,2017-12-11 22:44:45,2017-12-15,687b1475a3bdae78df6d5acf33144dcd,2017-11-26
a3387455ec2a51ea33eb1d7557994979,64bfeb705b436477f84efa0fd4623dc1,delivered,2018-06-01 12:50:14,2018-06-01 13:12:38,2018-06-01 14:07:00,2018-06-08 18:08:28,2018-06-29,34ad9e92831aebbc98356a8f93a49f97,2018-06-01
25857521bead5be64bf8305c71db1fa2,db50237cf3062997bb7f609e7ce57533,delivered,2017-08-15 17:53:51,2017-08-15 19:35:15,2017-08-17 19:16:37,2017-09-19 17:02:54,2017-09-29,f82c1244c0c2ab5108d9ded6f48d2995,2017-08-15
bebaff5f4489a8d0b10a929087be21a9,980c50b9937474c6340021542088ab28,delivered,2017-12-04 15:43:56,2017-12-05 04:12:06,2017-12-05 23:07:47,2017-12-13 21:06:45,2017-12-29,400125915a44697e2fbc6370dea0ddbb,2017-12-04
8d2ca1078f464825b9e902aaa37e0683,6e46150f461f2f295fe792668fc3dc4c,delivered,2018-08-07 11:28:21,2018-08-07 11:44:46,2018-08-07 14:24:00,2018-08-16 17:36:40,2018-08-21,999f73c83406dbc29f4c830fdb87b26b,2018-08-07
aef48a244608d4b43b75063d4f902eda,0b19416215bceca38e7dcae2bdd64124,delivered,2018-05-03 23:18:24,2018-05-03 23:32:41,2018-05-04 15:15:00,2018-05-09 01:16:49,2018-05-11,205144274ff504156c0acd6bc36ae315,2018-05-03
20fa8f2f9e0e99e74b93545b01a6f24a,8a39ba1fb8abc94cc279453bce49038c,delivered,2018-07-30 14:54:31,2018-08-02 13:42:58,2018-07-31 14:51:00,2018-08-13 19:38:28,2018-08-28,81758f3723ad1c3ae56c4819266cb0d6,2018-07-30
3ece0cf2cf0883cbd70a586e3174ad1d,859db6b9f2a220d350e2feb49ac0336d,delivered,2017-12-20 16:02:57,2017-12-20 16:13:23,2017-12-21 23:49:01,2018-01-04 22:33:42,2018-01-23,109ab99aff49bf7f00685f899b13c2e0,2017-12-20
a7833628c3a6c045fc5795989947707a,cd970e72a666ac583850eb53ebf620b8,delivered,2018-05-30 17:38:59,2018-06-02 03:11:30,2018-06-04 14:07:00,2018-06-06 19:07:46,2018-06-25,f4e625382a194ac38751d8267c38977b,2018-05-30
4a5ae0241cc3b71a2ebeaafdac23168f,e1f84ac160ef6931ca5a907ff08ca26a,delivered,2017-06-03 14:21:12,2017-06-06 13:10:14,2017-06-07 13:29:58,2017-06-14 16:42:36,2017-07-10,2c76a9335908716adfea7acbb381c840,2017-06-03
4d018d28940042ac4bfd91cb21ac8b8b,d1e1e6357ad88f9f2849304c44884cf0,delivered,2017-12-15 21:19:13,2017-12-15 21:31:25,2017-12-19 18:45:22,2018-01-03 21:45:58,2018-01-15,cf836e07142971d135fa93546d3b6d63,2017-12-15
a97c3c176ba255c62bb5400d42d47e96,eecd9ec5c04aa9abce50544663d50038,delivered,2017-12-12 18:35:03,2017-12-12 18:50:26,2017-12-15 22:09:57,2017-12-21 19:13:58,2018-01-05,55e4f5afdf69a395e6106145d4e6ef37,2017-12-12
36887f26ba41322fdfc422db106a7b05,95a1f083a4b89920794453885216b486,delivered,2018-01-31 13:29:40,2018-02-01 02:35:38,2018-02-01 18:13:11,2018-02-02 19:28:30,2018-02-16,edacff92ba57fcc2a6305a89cf9f1d51,2018-01-31
386725597660fc7a49b706655de2ffdf,b49e14478833d1c6657386586d0aa695,delivered,2017-11-24 13:22:22,2017-11-24 15:19:28,2017-11-28 20:34:29,2017-12-02 16:42:07,2017-12-08,c5b77055483780b5a5fd5d47f3e2faf6,2017-11-24
d264cc09df2d6232397d0a9db018d01a,a495090e1f5e00fb6e1301fafb05f43c,delivered,2017-08-25 01:14:27,2017-08-29 04:31:03,2017-08-29 23:02:55,2017-09-08 18:18:08,2017-09-19,3d6da4b2af2bad3025b6f32d44c15ad3,2017-08-25
0fc4514962014882225600c063477bd3,fa990bebf6f54b2afd8f2bd514730415,delivered,2017-06-08 13:59:17,2017-06-08 14:25:25,2017-06-09 12:10:58,2017-06-16 12:54:08,2017-07-05,dabe5721035f328315a3c0f0755517b0,2017-06-08
7c90d586e963f486acac5a2731869a5d,4a649e63666609f1e8535c98b8e1a5b7,delivered,2018-05-05 10:35:37,2018-05-08 04:33:41,2018-05-08 12:27:00,2018-05-18 20:06:56,2018-06-01,d4874f9bf28d6adc32b18445f63a3ed7,2018-05-05
b29b045636b2047829feea3fa73a0f10,a3b14fdd39729ad50cb9f94515df48b3,invoiced,2017-05-23 20:55:59,2017-05-23 21:10:11,,,2017-06-27,e806fe29b3064dd9778ec2eee1625470,2017-05-23
cd382a708b09cb1bf4a61d9d4fc0c1e6,3a1adea21ea40d4f30807a9b3e4f7043,delivered,2017-11-24 15:17:35,2017-11-24 17:54:11,2017-11-30 16:33:10,2017-12-08 21:27:11,2017-12-19,9a99842486bceae99f7c274265974748,2017-11-24
789ef8e547844763c96f5e815b5478e3,8a71eb0a0092b48c6cf685f059bf0940,delivered,2018-07-12 08:47:25,2018-07-13 08:45:15,2018-07-23 15:08:00,2018-08-06 19:08:46,2018-08-22,73e9c626827cd8c4bb38b55ab31d816e,2018-07-12
d1c3d911ad830cab7d16ad8acfc36a46,053773e477b7af0d6678c1669b397cda,delivered,2018-05-11 14:47:16,2018-05-11 15:12:12,2018-05-14 14:16:00,2018-05-16 20:06:39,2018-06-12,eaba6c1c62884cc102920d3cd01bb8d8,2018-05-11
309b9de8813533826a3005f94bee92b9,7d256faf9786f86ad032ffdc9554ea2d,delivered,2018-04-24 14:31:39,2018-04-25 14:33:20,2018-04-26 13:38:00,2018-05-04 18:56:50,2018-05-23,93c25a6ad8dd65c386a6b1093b7dc642,2018-04-24
4da1c4073a1bdbb3968cd681337f254d,7dca8ae78b5b510249184750e69930f5,delivered,2018-05-09 17:38:07,2018-05-11 03:10:52,2018-05-29 13:18:00,2018-06-08 16:12:45,2018-05-25,66f0798f6d6678e98714e62c1f7735a7,2018-05-09
42113e78f28f6201edc22b1a9f50ca81,9002b566a0a335d74116ee1978d5ade9,delivered,2017-04-21 18:00:02,2017-04-21 18:10:14,2017-04-25 11:25:42,2017-05-02 16:31:15,2017-05-15,1fc85207c3d29e7fe5e601aff2327de4,2017-04-21
c16ec8e984cff6fc7c08ca725f3ea5d9,1eaf911d0367602f4f9087353b3af6fe,delivered,2018-06-18 12:02:37,2018-06-18 12:37:21,2018-06-19 10:39:00,2018-06-20 17:54:59,2018-07-03,cb7ff71b249d7bff7b81a5fe2e0a1a70,2018-06-18
033dac2c6721b55b4323f622ea5c1500,1ee6f20f34afd82b191668114c8c26d8,delivered,2018-06-29 12:25:39,2018-06-29 12:35:14,2018-07-03 14:15:00,2018-07-13 19:48:27,2018-08-02,a1f6ebf793aa3223c0f7d074887ff021,2018-06-29
567b8d2e08305bf8754eb7f1a3ad7351,85232ee8d607e2b9ad2540ba90bb3c09,delivered,2017-04-27 10:51:58,2017-04-27 11:05:10,2017-05-03 10:38:32,2017-05-18 09:44:56,2017-06-08,26efcb57caf351a8410554d3c78a94fb,2017-04-27
8a3b1e83e4d61d19b4a8981b81368711,0fb9e15bc538d4a7fbe146abfc767a15,delivered,2017-10-22 21:59:28,2017-10-22 22:14:14,2017-10-31 17:03:53,2017-11-07 20:27:26,2017-11-27,737effb3cd0439f1954ff28fa106022f,2017-10-22
3ccb8870c169b9a65a6ce1b3736c49a5,2b9e2ff31010e6a231adf3f8cc4fa8bd,delivered,2017-12-19 16:58:19,2017-12-19 18:31:48,2017-12-26 20:51:43,2018-01-08 18:57:44,2018-01-19,c9a89db1c6d28e0715caaa2c46e0050e,2017-12-19
f896589d5423240044b0425caf71bc96,e1cb8930e519bdbbc6c7354d7b1cb170,delivered,2018-02-04 17:12:23,2018-02-04 17:49:07,2018-02-07 22:22:45,2018-02-27 23:10:17,2018-03-08,b6e50a515b41f5259d2e40bbcaace5df,2018-02-04
c9f0b297ad32f156608f2db479e1bb06,84869909eb6bd2b47b2871587dedb848,delivered,2018-08-02 12:06:15,2018-08-02 13:04:22,2018-08-03 11:42:00,2018-08-07 16:41:10,2018-08-15,2790cd0039a2a06b65fee475db410fc2,2018-08-02
9e4a465874eb1b2bb19bd8e6197615e2,11a3e46b98d08eb603d8862efbffcb42,delivered,2018-02-25 11:27:31,2018-02-25 12:09:26,2018-02-26 14:18:46,2018-03-02 01:22:39,2018-03-19,f3edd7250be200f6986b3debffcc2f66,2018-02-25
d9e0e6c219155daf624e2cd31056d474,7ad81ba6ffad3deaefb12dc8097c9f5f,delivered,2018-04-02 10:09:23,2018-04-03 10:09:40,2018-04-04 00:36:43,2018-04-10 18:24:36,2018-04-25,200d283e41698b39d36e3dbe9686d828,2018-04-02
cb853e8420ad49b1a4c1a35000a24f69,f36896ee9f1173ab26a7fb902080e060,delivered,2017-09-30 09:17:47,2017-09-30 09:28:11,2017-10-04 18:27:48,2017-10-11 15:35:58,2017-11-01,33148783cb4ba7e758a40eb869bd7250,2017-09-30
0b8e8a083ebc7823271b2618f31eb1bd,c19159b713b6d5384d233f5805a68b3b,delivered,2018-03-13 08:08:03,2018-03-13 09:04:01,2018-03-14 17:27:25,2018-03-16 18:18:38,2018-03-23,139bd303d86bd895ec622e5cfa6b80f5,2018-03-13
22d041eb8aacc1c62569f7e903a64f52,b32de211be666fe1ff430c4a18a1810e,delivered,2017-08-22 09:50:57,2017-08-22 18:32:45,2017-08-24 20:03:04,2017-08-29 21:53:48,2017-09-22,b8b6a440a96e7b77b019800500453c10,2017-08-22
d99a2dd6225862296012cf4a779f16da,92a602b71384f8781ec3cd8ce620dcd4,delivered,2018-05-07 16:57:12,2018-05-08 08:35:23,2018-05-16 12:06:00,2018-05-21 18:32:58,2018-06-07,4761391c151e10ebed80d55c187be591,2018-05-07
2518a3eb047912b58514fc2f405ea73a,980eeb25c7a6c02bd16f50f698223c33,delivered,2017-03-12 21:17:57,2017-03-12 21:17:57,2017-03-14 13:40:08,2017-03-20 12:02:26,2017-04-03,f1d291e8e626199bbda0b9ce8414cbdc,2017-03-12
39fa60081010d638c00e98a2acf219fc,bf77f36fd7def22e383bdd67c28fe84e,delivered,2018-03-19 14:45:18,2018-03-20 03:35:40,2018-03-26 23:08:43,2018-04-02 20:17:25,2018-04-16,defa012334094dac9a4a290bdd2983b8,2018-03-19
4c9ddca2b75016c60d1bcad0f53dfbb3,fe2495e9d24d7d00018c5a75cf35ef74,delivered,2017-12-11 15:59:18,2017-12-11 16:12:39,2017-12-13 21:58:36,2017-12-15 19:34:58,2017-12-28,7105a95ce60269defd03f549d933e4b7,2017-12-11
168626408cb32af0ffaf76711caae1dc,6e353700bc7bcdf6ebc15d6de16d7002,delivered,2018-08-29 14:18:28,2018-08-29 14:30:23,2018-08-29 18:51:00,2018-08-30 16:52:31,2018-09-11,7febafa06d9d8f232a900a2937f04338,2018-08-29
6e924d48f1cd0e231543fef06a3a99ac,49448355180f018b9167239d283ccbb5,delivered,2017-10-30 16:24:04,2017-11-01 03:15:21,2017-11-03 18:50:07,2017-11-14 21:05:06,2017-12-01,c245a6381e732e401d8603b64bb30ed1,2017-10-30
5a169456a6ecf7c4cbd88cdf18c23c83,7674b7547e4ac856317c4070b1703146,delivered,2017-10-14 11:38:35,2017-10-14 12:13:22,2017-10-16 22:38:55,2017-10-23 18:42:23,2017-11-01,e2e5159fbaaa01d82f8a115363b2d92a,2017-10-14
8fc875584ecf1bbea7cc5e895d4ece6a,9f1d0829689993f3a43fd9961c4e738b,delivered,2018-01-16 09:55:52,2018-01-16 10:10:57,2018-01-16 22:51:52,2018-01-23 20:37:04,2018-02-14,e225b3c270984a8097a136089a11aea9,2018-01-16
c831c64f0cd1f084f23944c0f1f9d123,6e2155e4c5218340df96c5be87f8931b,delivered,2017-06-20 16:47:24,2017-06-20 16:55:17,2017-06-21 09:15:44,2017-06-29 10:41:35,2017-07-12,592aba1d8e1d592fc9be07cfa685e88f,2017-06-20
99bc429ddaa03f67e02a463a20c2379f,a3cbf4257c79c31a551ab11948b2a774,delivered,2017-06-27 15:39:38,2017-06-28 15:35:21,2017-06-29 14:33:52,2017-07-05 14:14:33,2017-07-17,c36740798c2d886ebab52b948e2b4f4b,2017-06-27
60afca4f94b2edc36d1387fc6887be65,08ed58dbc26bae69537e6361df9981f4,delivered,2017-06-29 11:46:18,2017-06-30 03:15:17,2017-07-05 15:15:55,2017-07-10 16:27:48,2017-07-12,60d90deb3eaf48b53c2609fd8f3ef0b1,2017-06-29
830766a6f59d1f6e2fb978b1fb83feda,ceff51defd5a15d65f1ff842ae18e33d,delivered,2017-09-14 10:23:41,2017-09-14 10:36:23,2017-09-28 14:33:42,2017-10-03 17:31:52,2017-10-10,71483eefef96601ce6e0f9437715b5fe,2017-09-14
c308c2ae15a981044aa6d93a3c6bcf1a,88489527cc5297af6ef25ae19ed5506b,delivered,2018-05-25 16:06:15,2018-05-29 03:55:04,2018-05-29 12:39:00,2018-06-05 14:45:09,2018-06-21,49df2953f839b0897d219e25afd33772,2018-05-25
413f4326b6acbad986db3984844f8a0e,57e95f462421f19f7f38515d6ff55fa1,delivered,2017-12-15 13:50:13,2017-12-15 13:59:31,2017-12-22 16:07:18,2018-01-08 16:09:51,2018-01-22,eda4f8639f2c7870a5926a668ffd8dde,2017-12-15
3987b835c34fa14457d123796b99ba27,50edf1bb01f965f14bee7527c3bed42f,delivered,2018-02-25 12:52:37,2018-02-25 13:07:51,2018-02-28 19:32:45,2018-03-18 17:21:22,2018-03-27,58b5f3850e802b91a068ab89ba51686f,2018-02-25
c0d9f365ee87e29a7b16a2c55e1a6d5b,51eacbaffd2fa372bf9853dacf832c9d,delivered,2018-06-07 22:52:43,2018-06-07 23:13:56,2018-06-08 13:19:00,2018-06-16 01:44:47,2018-07-20,bd86b1862fe796149a4d2af57bd85451,2018-06-07
c2e2ebe5c3ed97d7d487c65bb2b1a663,3af18ffb878bd1e4821d5d9e01c79d01,delivered,2017-10-27 14:56:45,2017-10-27 15:11:51,2017-10-30 18:03:26,2017-10-31 17:58:51,2017-11-06,40caa160ee4b8a03a0c9a1ca94f38ce8,2017-10-27
93b74681985a4a11ca3b48be35576434,65761947a056b26b4e0e853086f7b1e3,delivered,2018-07-23 13:33:46,2018-07-23 16:00:12,2018-07-24 14:15:00,2018-07-25 16:45:04,2018-07-31,9339ade05031453f881ef7db13a8da39,2018-07-23
d4bc0ad85ade29acdd0a51c7ce9367b1,2f77504d95a71ffa709d5a8939e384e2,delivered,2018-08-15 18:44:40,2018-08-15 18:55:17,2018-08-17 06:15:00,2018-08-22 00:42:03,2018-08-28,8dc22023edc13658dc65b7d7d082ee65,2018-08-15
c52e9809d37cb1da882dc573f4240878,d2a568db82977556bb2acd4ed397b59f,delivered,2017-05-05 19:36:29,2017-05-09 09:45:16,2017-05-10 11:07:29,2017-05-15 15:13:57,2017-06-01,a57df54340b692bf818a258bc5853c1f,2017-05-05
5d6b252b7498a940c9faa592213429e6,2a88f869ff60c357f6e00e6dded4442f,delivered,2017-04-03 22:00:31,2017-04-03 22:15:14,2017-04-08 11:14:37,2017-04-19 14:24:05,2017-05-04,43d8583b06491695df9872fa1ef418af,2017-04-03
f8573b9bf02d001ec2885d6c8193a436,2497f94fd70c1ceb3b57e5c194efc4d2,delivered,2017-10-31 13:30:47,2017-10-31 14:31:28,2017-11-01 16:44:59,2017-11-13 15:32:46,2017-11-21,9d9ce1302141df34cd7b6b7b9978b364,2017-10-31
d2fb203e007fe808d4bb06b2df37b610,14f5d95b701702e7eac6f8ee27c5a586,delivered,2018-05-12 13:50:23,2018-05-12 14:11:56,2018-05-14 08:17:00,2018-05-18 18:29:01,2018-06-20,1fa31edbc81c4b2b6e557c01360ae377,2018-05-12
849eace12a4c38cc5d4647af9f942eff,5a36bd2a84d5b3f6ea920871476935e0,delivered,2017-02-09 12:48:59,2017-02-09 13:11:15,2017-02-09 14:33:32,2017-02-17 16:32:56,2017-03-14,8f6ce2295bdbec03cd50e34b4bd7ba0a,2017-02-09
14eabcc7b2e278362bdfe6bdfcb822f9,83f0d7704949fa424f2e64c2bea15708,processing,2017-02-14 19:51:39,2017-02-14 20:03:21,,,2017-03-13,7dbffe13b7a6a0d45b4733d4a2d95d1b,2017-02-14
dbe68b74bd4b3b7e0b5151c19263237d,ca24f52b0ee858d2afc596af46643d68,delivered,2017-03-14 13:35:25,2017-03-14 13:35:25,2017-03-16 11:33:53,2017-03-27 15:28:18,2017-03-31,de2d5a813142010dde009d3746584d0f,2017-03-14
cc652a820b30631f5db92ac08dcadbc7,cf02cea5a00d7ec7e67022f0c11b5873,delivered,2018-02-01 15:15:52,2018-02-01 15:34:57,2018-02-02 01:57:08,2018-02-04 18:56:29,2018-02-19,246cc3392571eab3ff30b600972b83b1,2018-02-01
4a742fa7344845af73696d98a380f430,4dd8114cf78b33d0703304103b7a96c0,delivered,2018-02-09 14:58:19,2018-02-09 15:10:33,2018-02-10 13:36:32,2018-02-27 19:16:55,2018-03-16,23f52c8edcf7d63eb664fc0ead1a32db,2018-02-09
95b77d025d47143b0ac25edd12536293,5dafa7c6ef92319d160eaf859fda0aa6,delivered,2018-07-30 14:23:40,2018-07-30 16:05:06,2018-07-31 16:20:00,2018-08-08 00:29:51,2018-08-20,1ce4c92ec79612a4da7933e6b3f6c59d,2018-07-30
fc8c2e8bc069aea361c41c313464993c,d9b197652014856c8d81108eff5f6cff,delivered,2018-06-23 13:18:24,2018-06-26 04:59:16,2018-06-27 11:54:00,2018-07-03 21:21:15,2018-07-23,992709d2aacbf32b7d877b9b66cbed76,2018-06-23
750732fef7a3be35c99c21fab182e597,2b33c3e1a015bd441dcc5773ef142c7e,delivered,2018-06-05 21:37:26,2018-06-05 21:53:13,2018-06-06 11:21:00,2018-06-15 18:26:44,2018-07-18,a7894d9812d8a6b872eea9769bd71c17,2018-06-05
0fbfabe0eab1da587d8cb38f67efa0dd,0bbd5833a02f8f7aae1c7692bfe25320,delivered,2018-08-24 07:20:47,2018-08-24 07:30:09,2018-08-24 12:55:00,2018-08-27 20:08:49,2018-08-30,898a3ab803ea2aea5757bf334f8d559d,2018-08-24
9b2e00ce6088a0c1811bf51b01f2b034,f1b1fdbce377337fa5032c63729b67b4,delivered,2018-03-15 10:13:07,2018-03-15 10:29:37,2018-03-15 23:58:51,2018-03-27 16:57:27,2018-04-03,2f1c8279087dde8c94f8cd441d4d2be5,2018-03-15
74cc0ed335d038500396da34763043a6,90c74d2a364948608eb6b45bf576940d,delivered,2017-10-11 17:29:28,2017-10-11 17:46:31,2017-10-13 21:29:54,2017-10-16 21:37:48,2017-10-24,81727e86a8b8a9d9dcc84e67cd824a5f,2017-10-11
999a06d4f5f99f712c14e37308f5aa6e,5df6dda4226bd9c10dd9d75ca65221ff,delivered,2018-08-21 12:15:04,2018-08-21 12:30:53,2018-08-21 16:38:00,2018-08-23 16:56:26,2018-08-27,d3a743143bb9abf43021a3cfd30ad8b8,2018-08-21
94f1e81783b607dd10f270a0ceaf9d40,36a9fe16e0dccf8efd8b98fc7002378d,delivered,2017-12-12 13:09:38,2017-12-14 13:12:18,2017-12-15 20:10:18,2017-12-19 14:52:05,2018-01-09,980180a4942148ac612e397ca716cad0,2017-12-12
e0409d7f1bbf560cbc2472a046339c3c,b57ede159d0a0ad4aee357d0219ddaca,delivered,2017-09-04 22:43:35,2017-09-04 22:55:13,2017-09-12 17:11:55,2017-09-20 19:38:53,2017-09-28,bd41f257dca6559e9c40e9eda9b19308,2017-09-04
a7945c880a9ae5ff74905e316695ac77,c13456c30487488edbbf3e483a24a577,delivered,2018-04-09 16:17:38,2018-04-09 16:50:09,2018-04-10 19:56:44,2018-04-11 20:21:15,2018-04-19,7135544f763671491cb107796cfa1352,2018-04-09
bb31bb913d812a8bd72342f8aad3fec3,9f0867a938d2e4e4dfbbdc60d402f20d,delivered,2018-06-01 15:54:46,2018-06-01 16:11:42,2018-06-05 12:28:00,2018-06-09 01:08:18,2018-07-04,8a45f5150ad5121645b980ca090dbf82,2018-06-01
72ec72091aea2b3b17c98c71172c4247,0f1bcbaec0169c78780f5ab7e1d5aa36,delivered,2018-02-16 15:44:31,2018-02-16 16:07:04,2018-02-19 23:08:58,2018-03-07 14:58:51,2018-03-15,af16868b12ea782c4e39b49ce891bf7d,2018-02-16
1d893dd7ca5f77ebf5f59f0d2017eee0,b19da0df0271e8a3553e3670f86aeab5,delivered,2017-06-19 08:19:45,2017-06-19 08:30:20,2017-06-19 13:32:04,2017-06-19 21:07:52,2017-06-30,adfcd54789b345d7242847c583b483cf,2017-06-19
79f04f286db371d16fa7bb23b3ca8b5f,46a12f26b4e591ecaf6b86f5f5e2fdbf,delivered,2018-04-26 05:01:24,2018-04-27 10:12:23,2018-04-27 12:46:00,2018-05-08 22:28:30,2018-06-22,53b04b58196d2bbac540a4faa5038406,2018-04-26
4ea3c6eaf3dc15ad857675322bfb6bd0,cf514939041cb2b8724a3e685e2bb43b,delivered,2018-08-19 15:10:51,2018-08-20 12:10:43,2018-08-21 15:20:00,2018-08-29 06:21:52,2018-09-06,9235718f885c9bf03e05ab387f3d82cf,2018-08-19
3a4e44cbd3bff237fa62857370a2214e,9e896940b0732656cf7a9689c160df44,delivered,2017-10-03 14:14:32,2017-10-03 14:35:14,2017-10-03 20:37:55,2017-10-10 19:20:03,2017-10-25,7a97a2c9777166cc3b64fbee1f0fb6e6,2017-10-03
592f871804e88d1167c1532ebff9fb84,01d46d05097a25fb0d755e86ab3a6fb3,delivered,2018-02-11 10:16:55,2018-02-11 10:48:09,2018-02-19 21:52:46,2018-02-28 00:16:35,2018-03-12,cc0a20a60b9f024e1dfc45b4e0ffd444,2018-02-11
5e0f498aef45e2d62d0c983110ef0892,522d1cb904fccfde85524da152df8f60,delivered,2018-01-09 15:42:08,2018-01-10 10:32:38,2018-01-15 19:53:01,2018-01-19 21:23:07,2018-02-01,108efcbb51b11a23a3b93c39584017b4,2018-01-09
b6b73b9c0cab8ac7a2b02a49623d4cfe,3d7bcbc81919ffc313f9286f8516ca84,delivered,2017-07-04 13:25:07,2017-07-04 13:35:18,2017-07-07 17:19:33,2017-07-11 18:32:20,2017-07-24,af51e8dd1c30737ba2dd0ece8cfa294d,2017-07-04
f53a2d931e67099351c1cb7cbd9b5e94,bf21f454f0c15f710bb4d6619692e4d5,delivered,2017-11-02 18:41:53,2017-11-09 15:15:31,2017-11-10 19:32:22,2017-11-13 15:03:34,2017-12-07,fbab43d9deb62df26f3b5b52f5abf48a,2017-11-02
a8e5aabb9432e7bedd2907661abb81d9,81af6d23c8d9d71ef6b7a7d011c8f1c6,delivered,2018-08-16 23:29:29,2018-08-16 23:49:37,2018-08-17 15:28:00,2018-08-23 22:04:04,2018-09-13,1263e6257ed549981682ba2f78217a5c,2018-08-16
e8f8bd78ba485b6b2cd2d751dac28eb5,b527077fcf783cd4a721674ffb07931f,delivered,2018-03-23 22:04:37,2018-03-24 22:07:35,2018-03-27 15:04:20,2018-04-04 20:51:28,2018-04-17,eeca0a04eb9335415403230a0724d062,2018-03-23
6a188f1161967f21d6b80a19a283dfec,f89fc036be2dc77bebe3939e2c5e30b0,delivered,2018-01-11 12:59:34,2018-01-11 13:10:34,2018-01-12 23:19:19,2018-01-27 18:05:24,2018-02-22,2e4b2859f69b4959ac19a2b4ba783146,2018-01-11
c84b383da1173fe2b3b8dc1052c66821,d452a5b89cea2506ed5d8e032964787f,delivered,2017-05-11 13:43:44,2017-05-13 03:10:07,2017-05-20 07:43:41,2017-05-23 15:25:01,2017-05-31,9afb61455d41afffa3ea550d1cfd832c,2017-05-11
19b458c5801e5fc6d67e6cf0d61b98c4,b7528f0ddb41ac295dc0cb58459adc46,delivered,2017-03-03 09:47:48,2017-03-07 04:15:17,2017-03-14 04:32:51,2017-03-17 14:45:34,2017-03-22,3644b5b6a1f536e4f864bec4106502d8,2017-03-03
e26f52b2a37b0ce41ba38979221bf39d,a280a8b7c50d6f1a0dc077018b66e835,delivered,2017-02-24 20:41:29,2017-02-24 20:55:10,2017-03-01 10:55:33,2017-03-03 11:12:18,2017-03-23,2a06f2f524c0955c0d76dcfbb337e4d8,2017-02-24
a405efe2b87215277a81cdcd45355628,cd8268aa18118923a96823a06745e0da,delivered,2018-06-02 12:50:03,2018-06-02 13:10:06,2018-06-05 08:45:00,2018-06-13 17:41:38,2018-07-13,150127cf34008127df269a5dee5c40f6,2018-06-02
dedd4d19b664a56fe9b13c30491e32c8,a576cb7e83a15a60f7d5da21cba053cb,delivered,2017-12-05 20:23:39,2017-12-05 20:36:16,2017-12-06 18:12:33,2017-12-21 19:51:59,2018-01-03,5785cf54e1da5487926c924a625856b5,2017-12-05
1534abac962760cbb058568f7dffc105,b846ef8789f3c1086d7777b1c575688f,delivered,2017-10-26 22:24:13,2017-10-26 22:35:15,2017-10-27 16:12:47,2017-11-17 21:04:49,2017-11-22,e11a1b428e150830944b665cb6b2d5da,2017-10-26
31026c762ccd760199ad552ea17e0269,25ba518be2faaf1678b183d103fd8bf3,delivered,2018-01-23 20:57:44,2018-01-23 21:20:20,2018-01-29 23:59:03,2018-02-05 21:13:25,2018-02-16,5cd3689c4b395fa5f5fced6b50294a0f,2018-01-23
173426e15a3e72e3bc27ec26ebd8b526,5be79e4548b8a3f05f15a7207d372f68,delivered,2018-05-11 13:05:45,2018-05-11 13:37:17,2018-05-15 14:12:00,2018-05-17 00:06:47,2018-06-07,9a78cfbcc474aa54511c4159dfc099cf,2018-05-11
01f7d29898cf7c5fcb583a2a29508202,bafd4361ea9061be4b18bbc25300f2b9,delivered,2017-12-11 01:09:44,2017-12-11 01:19:24,2017-12-15 15:12:07,2017-12-19 17:59:52,2017-12-28,ada075db68fd3e0c522fb5a9e2b26805,2017-12-11
aebb9ea169213280a20a4acaea15b7e6,3eb423a84af3314496ef52d9e172345b,delivered,2017-09-25 20:32:00,2017-09-25 20:49:21,2017-09-27 13:18:11,2017-10-12 15:44:47,2017-10-18,234339bd1372d19e4ca02f10709f3511,2017-09-25
e140deee5e833b2f83a5ef0dcc602db9,b08e74997b2f1829f23a9f69e7c79cde,delivered,2018-05-08 10:02:04,2018-05-09 03:51:45,2018-05-09 14:06:00,2018-05-14 16:48:29,2018-05-28,9bd5d8866c4493a819a33228c43dbedc,2018-05-08
5dd64c69f0f1a0f2cb3a5272837fb904,8ea66ae4d3f2dc12f923574e837df7b3,delivered,2018-08-21 19:01:03,2018-08-21 19:10:23,2018-08-23 14:09:00,2018-08-27 20:29:30,2018-09-04,b2daf2cafbd2dc01b8e89dbffeec5aca,2018-08-21
dd95d0db9c5b772bb855486678dc8a87,f78eff62f9eea9cdabb344137d1f6ed8,delivered,2018-02-07 19:04:42,2018-02-07 19:29:55,2018-02-14 18:24:00,2018-02-19 18:04:38,2018-03-05,ec5a45d69850a961eaa102bb9460e910,2018-02-07
3a0b207c999d48a7385a3ec9ceb251fe,c89ec71952197c093c9161bb737dec5d,delivered,2017-02-24 18:23:10,2017-02-24 18:35:11,2017-03-01 10:37:51,2017-03-13 12:14:37,2017-03-21,34a0955bc5dfb973c863133bbb8ebef9,2017-02-24
14c06653b7d532679bdd383da5d8e0c8,af14f91d10108ac2c2b34bf4c0f9f712,delivered,2017-02-02 15:53:09,2017-02-02 16:05:19,2017-02-03 09:48:27,2017-02-10 08:17:04,2017-03-01,d3841d13ccfd30ff2fe822a6d9fc01b5,2017-02-02
be000eea7b699cb1b93baa620f7ddfa0,4e80d7cccb888efa8e16f20438a35298,delivered,2018-04-20 22:49:08,2018-04-24 19:28:20,2018-04-23 19:06:49,2018-05-04 19:42:29,2018-05-24,20dc43d0868258e0ca14a43353da7475,2018-04-20
edd63d440fff63cfb4a5d662945a6a28,66a087287abc31ac35dbbcafb6284f32,delivered,2018-08-07 10:16:31,2018-08-07 10:30:19,2018-08-07 13:43:00,2018-08-11 19:48:49,2018-08-22,4b7c894a279253ac1d9bf3dea34a4b9f,2018-08-07
1d699c4fd2ee485c965116e9c3fae0b3,b353576acb75a31101c682a70e89e6bd,delivered,2017-08-21 22:04:27,2017-08-21 22:15:08,2017-08-23 13:53:24,2017-08-28 18:45:59,2017-09-14,c5aaeec244e8fec650f99e3a091f860c,2017-08-21
a068798f50f86a588b2bd22dd16c6fc1,2fc04b3d35b2fc966103d8e24300a25c,delivered,2018-07-26 19:02:58,2018-07-26 19:40:08,2018-07-30 14:26:00,2018-07-31 20:09:31,2018-08-03,c72c3b3f555a26bf87bfe2380409403b,2018-07-26
6c004aa51ca258da5f0936ce3a38ab18,da7128a50cbb13d110a14cfa2b017e66,delivered,2017-12-11 11:33:27,2017-12-13 09:30:49,2017-12-15 15:56:02,2017-12-18 20:35:07,2018-01-02,2faa1049ebdcc58a3092c7ee8169eabf,2017-12-11
05fdf5f17c4a8b374e99ed52416d8766,20cea3d895864b48be0cf73a9286c9e3,delivered,2018-06-27 20:53:18,2018-06-28 02:15:43,2018-06-28 14:15:00,2018-07-03 15:57:03,2018-08-02,5534745c7f70a5220c6326ac3d00bd20,2018-06-27
fe3ca9765d6e5b105da173688a12974f,4147936731c5b4312f3baadbf7a642f8,invoiced,2017-04-29 08:07:48,2017-04-29 08:15:14,,,2017-05-30,9b1b345867bc891efd60d15cbf575d33,2017-04-29
46194c8e92b01770503efdd7aeb49c1a,a0369b6ba3e37ee49c6850753858fa08,delivered,2017-12-08 15:13:58,2017-12-08 16:00:32,2017-12-12 22:19:20,2017-12-18 22:17:21,2018-01-10,20fbdfe94ae4b38d5121344a08cd9504,2017-12-08
06c28b87569a91a7c96e7f62e828827b,f495468ea3520f4c1ed6bef24cf3135a,delivered,2017-07-24 23:21:33,2017-07-26 02:30:10,2017-07-27 14:54:33,2017-07-28 20:42:13,2017-08-04,481e14f4afa0bc51b944c7dbfd68c8fb,2017-07-24
b8b5d715b21f52ff405e5045a9c32eb2,6471dd6297d68d024d60f9362f537420,delivered,2017-09-11 10:49:19,2017-09-11 11:05:14,2017-09-13 15:37:04,2017-09-18 23:03:09,2017-09-27,8b3cb59a31068a919dd93a33dbcee97c,2017-09-11
4c4ac421c86a29cf288e4283badb1093,2665837f940fca108d0ae157730f5756,delivered,2017-11-24 09:39:48,2017-11-24 11:12:54,2017-11-27 17:09:35,2017-12-06 01:06:16,2018-01-02,653f80d81abb65018fd8abf706329068,2017-11-24
d7ed6c0330486c8239f4fd349450d270,67a973fd5fbad181639e544e6edfefd1,delivered,2017-11-24 09:18:27,2017-11-24 09:34:15,2017-11-27 18:17:12,2017-12-01 20:21:57,2017-12-18,d17092d3f5a13376e9c95fa77289fa8f,2017-11-24
418f645ce19284efcb0faacc40f563b2,c3bd08b9de353291de99167ad7a3b7b7,delivered,2018-01-04 07:58:22,2018-01-04 09:03:28,2018-01-05 12:30:09,2018-01-16 17:33:23,2018-02-02,dc1b629b3f763ed6e6dab8750e9fe36c,2018-01-04
07dba073c2b18c2c748f28ed51c87ee8,39fd6d063a9335b98a5045cada7081dc,delivered,2018-02-08 21:14:22,2018-02-08 21:28:11,2018-02-14 21:45:16,2018-03-09 01:19:23,2018-03-13,89d68ade60d5942d65fa5189c810bdab,2018-02-08
a6a62b06c5d37cd28cb1040a710bde38,a2a0406f57a7c03b8db27889d18e040e,shipped,2017-05-13 18:14:03,2017-05-13 18:25:08,2017-05-18 09:29:48,,2017-06-08,057f7fafc983275ba2d7a10e029803a6,2017-05-13
84dae977d83c491ec866b683875db2bf,9204dae4645baa76dc0b22ec604207fe,delivered,2017-08-18 15:10:21,2017-08-18 15:35:11,2017-08-22 10:33:42,2017-08-25 12:26:22,2017-09-21,63353ffeabffe6c1443f82ffa37036fe,2017-08-18
d7ebe26f7b9c7600c40edd2b0edc7afc,994ce8a078d9b40c268787c6ff42d514,delivered,2017-05-20 10:41:57,2017-05-23 03:22:53,2017-05-25 10:37:45,2017-06-06 18:52:29,2017-07-03,77ca9de303d71489cdd541c373319818,2017-05-20
0d9e86e02c1a823b20c03ea29d616607,edaad9e07395713e9f5a2124f6c846a1,delivered,2017-10-13 10:22:20,2017-10-13 10:49:48,2017-10-17 13:48:22,2017-10-24 19:13:41,2017-11-08,0eb92bf267eecf025c7aa43ec480fc2c,2017-10-13
a35cd49972d7afbd0822f2da96d94d62,ea2faf6b4dcc7a2196f1c647cddd7714,delivered,2018-03-19 02:21:39,2018-03-19 04:35:27,2018-03-19 18:36:46,2018-03-26 17:13:56,2018-04-06,fb6b1aa35eda4a0793d8802986cac52a,2018-03-19
2efdc67dc7c8303d759f24ebbf9d2ef7,3afdfbe97490e2de65689bd2ea60238d,delivered,2018-08-11 13:15:14,2018-08-11 13:25:15,2018-08-13 15:29:00,2018-08-16 13:17:31,2018-08-23,6f764c8c008b4c11759525a587d5c23c,2018-08-11
893c67d6d4cfdccd40fb76d7c250d7f0,0913baeffcef69d809064e4e09338fe0,delivered,2018-02-12 09:05:10,2018-02-12 09:36:04,2018-02-14 17:22:01,2018-02-26 13:13:42,2018-03-12,2c0f65d49baaf35f24f35cf1446a353a,2018-02-12
05bdb94211a1ae1e3734545262f50da3,8569e9f2797775eb7a3c4263e868ddad,delivered,2018-06-01 16:22:44,2018-06-01 16:35:19,2018-06-04 13:54:00,2018-06-05 18:32:46,2018-06-26,f4d632afad2a733913d5d41b16620db5,2018-06-01
4a5a742a2a571604208cc3f88ea253fc,026134c333097d60a052ab271aa99159,delivered,2018-01-14 19:46:07,2018-01-14 19:54:23,2018-01-24 13:22:13,2018-02-09 17:03:20,2018-02-19,0398b8575daf8b69af233f7b7c39fb02,2018-01-14
5fefa018b496e8145dfd56ae7320e222,c2612bb60a3070e0645ae554b00cb690,delivered,2017-11-13 19:14:59,2017-11-13 19:31:02,2017-11-16 17:19:43,2017-11-21 23:10:48,2017-11-27,1b00a8f2cf5cfb7906c06f4e478b9b6d,2017-11-13
fce05609044e53ac3adaa8ecc88301e0,f9dddb829b92d4226e458efff3c49047,delivered,2018-01-19 15:41:35,2018-01-19 15:56:16,2018-01-22 23:56:31,2018-01-30 14:37:45,2018-02-14,1db5a4cac90b737fdbb54364c96a4cd0,2018-01-19
12e8c054bdee17bfc0fd3d92d8cbda10,464475d49052b9317bf74a4d8428466c,delivered,2017-10-16 01:21:34,2017-10-16 01:35:10,2017-10-16 21:47:32,2017-10-18 22:47:39,2017-11-07,01512524d623f78040531c0d8e20a772,2017-10-16
728bab0ec00db2d2385200ce1b5a3ec7,2417eddcf87ccb8b24235761f8b09568,delivered,2017-10-19 16:07:11,2017-10-21 03:05:53,2017-11-01 18:58:38,2017-11-06 16:48:53,2017-12-05,004177f7bf62929186b32c7fdaa6157b,2017-10-19
113a61c584df74eef5d2f6e449d2890e,45c3116824672fd443b1f5d6dcb299cd,delivered,2017-11-23 18:39:31,2017-11-23 18:50:41,2017-11-25 11:53:23,2017-12-05 15:47:49,2017-12-20,a096deeb6ffacc02fa4efedd3c855767,2017-11-23
1dcf1d0893b367c602c4af8db66a5a18,a6e43a3c657cf02040c2b123eb89a892,delivered,2017-07-19 19:56:42,2017-07-19 20:10:14,2017-07-20 19:13:04,2017-07-21 21:23:22,2017-08-01,cccbf262179b15973e403984aeb955d1,2017-07-19
033dbd83c331548108afda89d5bc6b79,80838cdcafdf698b203534ab9a14cc91,delivered,2018-04-15 20:48:28,2018-04-15 21:09:50,2018-04-16 18:19:11,2018-04-19 19:09:34,2018-05-09,9b3225366562c086e3d5d7f26630f925,2018-04-15
e8e805e78f96e0ff9ba477f9cc5e3448,e0c77096ebcb9aedc1c613ac43e0ccfc,delivered,2017-07-12 23:03:19,2017-07-12 23:23:08,2017-07-14 19:43:41,2017-07-24 17:55:00,2017-08-04,c7a2cdaf9d8bf3ad353e055e39024bfd,2017-07-12
f91ebd94de8a3da272808b5187316a7a,bf49078cb518b0cb971b18b177c54969,delivered,2017-10-24 15:12:34,2017-10-24 15:36:37,2017-10-25 19:34:01,2017-11-06 21:37:01,2017-11-21,8262297c75609ecf1e73e53caadfc137,2017-10-24
d2f6b89578aee72f553aad3c76098e63,941b415ac43a2e974940f5a1bbfe03bb,delivered,2018-04-19 14:03:29,2018-04-19 14:15:24,2018-04-20 18:48:23,2018-05-04 16:22:58,2018-05-23,96b5aafd242ce556960678bf8d654fc8,2018-04-19
8021c3dc6a034e6f153035028d421c94,dbce625996b257695026f8bd3c5ee160,delivered,2018-04-17 00:15:54,2018-04-17 00:34:43,2018-04-17 19:11:24,2018-04-18 19:38:23,2018-05-03,80ac9b7155f022c3478998f6f0cd8043,2018-04-17
cacb4e68a51765f58c6cd9ea8359fa9b,be5470cdea5552dec6469e8e959c849e,delivered,2018-03-14 10:42:03,2018-03-14 10:55:25,2018-03-14 23:36:53,2018-03-19 23:15:45,2018-04-17,6259324b7bb024051da47150f5aa313a,2018-03-14
8171d9c270f72f461104055ce2cada91,2b1160b8618a4da5fd4a7f74c38dc409,delivered,2018-08-01 16:47:12,2018-08-02 11:30:09,2018-08-06 16:27:00,2018-08-14 01:00:52,2018-08-23,b187823a366419a40aa2758c1e9a6c17,2018-08-01
f1147937e588f3e556bf8b1d57bf4881,103835507c129aa7ef38bda11d7863e6,delivered,2018-06-06 10:11:30,2018-06-06 10:31:11,2018-06-14 07:27:00,2018-06-18 14:06:20,2018-07-17,8d012e5624230adec4cdda50a1070f0a,2018-06-06
a304822264c42e355a3235fa2395b018,17113c767908a333aa231284d0a0941c,delivered,2017-03-07 12:16:36,2017-03-07 12:32:23,2017-03-09 13:19:32,2017-03-13 06:03:17,2017-03-24,5467eed8a42140fc446e13f0c1317ed8,2017-03-07
6c4e90e5210c8bb1f66613dc9a932010,8cfd4d3fc72d6f46f8534bc290c0b398,delivered,2018-01-17 14:52:50,2018-01-17 15:10:07,2018-01-22 15:37:07,2018-01-29 16:18:54,2018-02-01,aee67e7bad90bb94d8b9df51f89577a0,2018-01-17
b247533037f372225bee2cfa5793d75f,f729b7c28ff81599a20cea19508fe61f,delivered,2017-02-23 14:53:58,2017-02-23 15:05:10,2017-02-24 15:20:38,2017-03-06 09:34:56,2017-03-21,a4a4ec2c68565e8d9815ff6e1cc13c8e,2017-02-23
40f3b86bf26d578cbe4fc74c6c3a18f3,beda7f74910b896fb7413c12748be1a1,delivered,2018-01-22 11:40:28,2018-01-22 14:53:30,2018-01-29 16:52:25,2018-02-14 21:33:00,2018-02-15,f8555e5bcbb0ded3765a3f64651dd381,2018-01-22
7e44fbbef1ef258486c161d0f53f2c19,10d85da0ed559d273d03253223257e5a,delivered,2018-07-04 19:41:16,2018-07-05 16:25:15,2018-07-05 14:45:00,2018-07-06 18:17:31,2018-07-17,57dfd54c3ebe90221949dfe2693c25ac,2018-07-04
d41ebe858c1aa2cef4e728fee0b07230,1400ebf0d96ab707b2ecf5cd40091a3f,delivered,2018-06-19 19:15:12,2018-06-20 03:18:30,2018-06-23 08:31:00,2018-06-27 14:11:36,2018-08-02,a278e5ab3d212b2c8285bdfa911b25a7,2018-06-19
9e98692197ace8ec15c6db45b5bfd9bf,80756c382faeafd4a091d7bd3565acb6,delivered,2017-11-25 20:35:35,2017-11-25 20:51:52,2017-11-28 00:03:46,2017-11-28 20:11:01,2017-12-11,8598754f12ebda7adad70f933adcc776,2017-11-25
60e2a7b97548f877f76232cd2bf807e7,287775aeae82431dc317a670a5fd4f02,delivered,2017-07-18 00:27:59,2017-07-18 00:43:40,2017-07-20 13:53:32,2017-07-29 13:33:16,2017-08-07,cf56b4f0078ec2abb06a7c95c1cb2d1e,2017-07-18
3307f8928b8114ca0acccad2dd716b35,76701e80d1aa63f37e0a8cf2da276a26,delivered,2018-05-04 21:52:28,2018-05-04 22:13:48,2018-05-07 12:31:00,2018-05-10 22:25:39,2018-05-29,602e230180757e81baae4a8df6b4928f,2018-05-04
5fa31572cddd9405f1eda482f8106353,e1d2f4a8673a4dda0838ac511f3fc8a7,delivered,2017-07-09 14:55:28,2017-07-09 15:15:17,2017-07-13 20:33:28,2017-07-28 17:14:56,2017-07-27,33ce03b11db95148ffcebbf4f1447974,2017-07-09
9da99352a27f7bbe1fdbc9b036749172,4a5e97c2daed37ddfb41657123120899,delivered,2017-09-04 16:39:25,2017-09-04 17:15:22,2017-09-05 20:37:45,2017-09-20 19:48:54,2017-09-26,6a56e8e6c20175d122a962a5e5dfcf5e,2017-09-04
21e52ff2fe2fd01824fe0e13fbef5963,96c181fc9a7e358776d60521b3ccdc22,delivered,2018-08-19 11:28:23,2018-08-20 11:32:09,2018-08-22 08:34:00,2018-08-28 19:32:35,2018-09-17,8f8c9eb22f9bcd2be2eedc79fd8cab61,2018-08-19
ee8315f5c0c889ea9b3d30b08964679a,a8e96c63b740c4669200ca0aa38d2180,delivered,2018-07-08 19:40:30,2018-07-08 19:50:12,2018-07-09 15:32:00,2018-07-11 21:18:42,2018-07-25,0a0c0f2cec03e2ec12eefdad109eb83d,2018-07-08
f9542e833e765ebde05fa8449989fc83,26f548cf7e36c8ff56020cc845f5df8c,delivered,2017-04-05 21:40:45,2017-04-05 21:50:12,2017-04-06 14:09:50,2017-04-11 10:40:00,2017-04-28,3f5d70f6f23ba08e7b3c82f2d8d9228e,2017-04-05
2f7fe3e1ea91048064ff91175ebe6df8,a3fdba764690c8ef42c34a13e94cc48b,delivered,2018-03-07 17:48:18,2018-03-08 07:08:12,2018-03-09 23:48:24,2018-03-20 14:03:52,2018-04-06,33d548bd0d29692e9dc471cdf65c441d,2018-03-07
b494f624c631105b24fe497277085909,eda10d7eb51a675d000956fa1aabc7dd,delivered,2018-08-01 18:58:49,2018-08-02 18:50:15,2018-08-03 15:39:00,2018-08-13 23:16:46,2018-08-27,5c22dbb9d8b5385953f2f1e6d9d115a7,2018-08-01
bd5fb1f78168328d1f86591c9c631171,76c5eedb331145a40e1c9481acd9633b,delivered,2017-07-09 20:10:55,2017-07-09 20:25:17,2017-07-11 18:17:53,2017-07-12 17:40:02,2017-07-21,98983959ed830b0b2dc570e402278bf3,2017-07-09
1607aa1dabb96d104838f96ccb72f225,65f2c5942e588caf6ecc68c778a0ebf7,delivered,2018-03-06 08:37:03,2018-03-06 08:50:29,2018-03-06 19:55:05,2018-04-12 22:36:48,2018-04-10,0e730550dfc5d7f1cea73484bb2e0249,2018-03-06
fb43fd15582708b731c65d9ffe35a5f0,ec9dfbd6b5010c0bb5164e740e002d6d,delivered,2017-04-25 19:37:11,2017-04-25 19:50:18,2017-04-27 13:19:05,2017-05-05 12:13:37,2017-05-26,e084d4891d0ffe9337c6b562b2df42b2,2017-04-25
039dffcfcd2b5404d42beff4bbeff110,321f41f3515edf9c58437c5aeaa163a8,delivered,2017-05-24 08:13:54,2017-05-25 08:22:28,2017-05-25 10:39:16,2017-05-26 08:00:01,2017-06-06,ebe2185b1b6c336f75df6616565e53f7,2017-05-24
b11885588302a2ee5cae9e5895eed42d,ba872cbbf97d4d4fceb595cb1e1ef62a,delivered,2017-05-12 10:26:46,2017-05-12 10:35:19,2017-05-12 15:14:23,2017-05-24 11:32:45,2017-06-02,a3ce08dff231246c8bc55400c68ffaa3,2017-05-12
691a3325b50750e7c8b30ebc3390f63a,7d20dbb6b87656a8657915adaf75b20f,delivered,2018-08-19 22:08:56,2018-08-21 04:50:06,2018-08-21 13:27:00,2018-08-22 18:33:12,2018-08-29,3fd5327c98bc13e8f578acbff87a47ad,2018-08-19
0f750136a7458e323a95eb451e1d47cc,dd5ccf4e1213506430d89b556e2b9d3b,delivered,2018-02-24 15:50:36,2018-02-24 16:05:27,2018-02-26 21:13:34,2018-04-03 21:08:38,2018-03-21,7dc1a6dc9f0b89a13f777d59f942fdb1,2018-02-24
234c9bfb16c85a964249d228963d0adb,e85651194748aaf0f1a4703d6658e7d9,delivered,2017-12-21 19:18:43,2017-12-23 02:12:29,2017-12-29 00:07:22,2018-01-10 00:19:47,2018-01-22,832d9b1424ba5a4e691bdb0bea10ccf8,2017-12-21
dc0f17c86e9fac88765b96ff304994f1,f73966e944251751c3432b29b2c54793,delivered,2017-10-13 10:22:21,2017-10-13 10:49:32,2017-10-13 16:46:16,2017-10-17 22:22:34,2017-10-31,b1d1edb39e2586f11581c5a9268a0567,2017-10-13
cc2480ffed97aa0b9a9676f40f9bb1db,4d36f99640ab0dd5ce16ddc05ea49857,delivered,2018-04-17 07:45:28,2018-04-18 08:51:41,2018-04-20 16:56:55,2018-04-24 23:38:40,2018-05-04,dcd933f6d14ad386563dbebb020e4cbf,2018-04-17
43fb59e264c079e9579f33f7d0f240a8,9b870504e5aab43ab753e7d0e8991449,delivered,2018-03-04 17:16:35,2018-03-04 17:30:24,2018-03-07 03:06:57,2018-03-08 22:58:22,2018-03-20,d67c6b925d232b66b0a3321fab58dbc6,2018-03-04
d4d7c1beb2c6dc87bb984a3179558ac4,e47110abdbd56729270e9c2a8c552a72,delivered,2017-05-05 20:59:41,2017-05-05 21:10:13,2017-05-09 12:12:09,2017-05-18 09:46:39,2017-06-07,4f09f32414a1fb26c34acc8b6397bfaa,2017-05-05
52de3d5a01b5243a279fa5a6b64ebafe,ded5061729068b28e0efdc8ff1b1522c,delivered,2017-10-13 16:14:10,2017-10-14 03:27:55,2017-10-16 21:04:11,2017-10-19 17:13:51,2017-11-09,b735dc6c2abd756cbecc90e8e33fd7db,2017-10-13
240daaf6efd35c9e062dbfd0a74beb91,b61c7cf0d265d241cf892c4864ba7ec9,delivered,2018-05-16 11:51:39,2018-05-16 12:13:46,2018-05-17 14:57:00,2018-05-18 15:58:47,2018-05-25,779a561648d742f4e20e1139bb2c804b,2018-05-16
e71a1248d8a46799adbbd50262053732,a2d83307160c4d1a516a94fc52ff4a46,delivered,2017-09-06 20:18:36,2017-09-06 20:30:12,2017-09-08 19:17:41,2017-09-25 17:24:09,2017-10-09,cee96a2cfe086800c53d970a81cad3bf,2017-09-06
e61446b718befe7289d6a8451938b645,32c2f812cff3dacab1dff78ccad17c78,delivered,2017-11-27 13:25:08,2017-11-28 03:41:03,2017-11-28 23:26:36,2017-11-30 23:57:02,2017-12-11,0097c1e3f3c2fed7a7d8cf30be1a33df,2017-11-27
cbb72509db819f7369c9f19d15b8c64c,f7aab1004ed655882ef7d1478446011c,delivered,2017-06-30 10:35:12,2017-06-30 21:15:08,2017-07-03 12:32:20,2017-07-14 17:19:33,2017-08-07,689037cc14fea584c0cf9ef5a5ed7d84,2017-06-30
f8aa9d218fccb3e05cac6d9744a19883,05220456bcf05145e812c1aae7e40aac,delivered,2017-11-06 10:39:30,2017-11-08 03:46:26,2017-11-08 19:33:17,2017-11-16 20:08:56,2017-11-30,64b208f893dcb7b86cf71fc8a1149788,2017-11-06
61a23849dae9124f254660f6c968fc37,38073e90f1d3c50d9026b9dbda5f9352,delivered,2018-08-06 08:44:44,2018-08-06 09:04:34,2018-08-07 16:11:00,2018-08-14 22:18:33,2018-08-21,b27098601c68e4d33aee22b74b991ebd,2018-08-06
fe68b52db13993f58175fa589125d345,94203a446c1b46b5ac95b0aaf7221804,delivered,2017-08-11 10:15:22,2017-08-12 02:55:27,2017-08-14 22:03:19,2017-08-17 17:47:55,2017-09-04,52a953541861bbb4b79b39df24e00243,2017-08-11
1765804f6753bf6a25ba8c9fd45977f9,5a1a3d8af7807e5570135ef3fbd66b5e,delivered,2018-07-04 17:03:24,2018-07-05 16:21:52,2018-07-05 15:27:00,2018-07-11 18:34:47,2018-08-07,a6e56ce065f297714559452de03a2ca6,2018-07-04
8238c8981751f59176cb33a393282ae4,5eede8ea10ae483cfbe88a8e4be22b03,delivered,2017-05-09 17:35:02,2017-05-09 17:45:18,2017-05-15 16:01:15,2017-05-24 17:18:08,2017-06-06,91f3a63e7a6e55e11f8a41dea6bb0505,2017-05-09
293d3c2a058c0395d19e7d1a4aa87f41,0ca5257ba1280eb54d0e7c5823f8f9b4,delivered,2017-05-18 09:55:25,2017-05-19 02:30:31,2017-05-22 11:33:30,2017-05-29 07:05:42,2017-06-01,e5f48bc167ddec4bc538a97e9d689ddb,2017-05-18
21e4cb49918b1d01621e459fc79a60d1,e1eb3c7b3b41539a48dcdd3b4367457e,delivered,2018-08-04 17:55:14,2018-08-07 04:15:28,2018-08-07 13:13:00,2018-08-17 19:48:37,2018-09-03,156ad43d21fbedfa5be91be0b14bf73b,2018-08-04
16ff340ba4219b1117ea9ec2ea0a6b47,3c3cc838c1d08fbda64948b6502e92be,delivered,2017-10-22 23:47:01,2017-10-23 00:45:44,2017-10-25 20:35:02,2017-11-06 20:13:59,2017-11-13,65c7b6812d25e055d57fb52bd49edbc6,2017-10-22
4c2b907fb694dc3ec7affecb0725c420,584f21d934565995403bc7a53f41c764,delivered,2017-11-23 23:58:14,2017-11-24 00:50:57,2017-11-27 16:06:52,2017-11-28 19:24:37,2017-12-07,6857164e67ea54b7e644102c378e1383,2017-11-23
d53b0c7749144befd074083817d58880,f5f93a1af93698522ec79d5a12fea0b0,delivered,2018-02-10 12:08:10,2018-02-10 12:28:31,2018-02-15 20:34:41,2018-02-20 23:12:59,2018-03-06,dbbd17d31a781a0294197582c45df632,2018-02-10
0743d4433cd56bbd7b36287a05f94e10,027a044faafdafcaf3956c9e2cfbe69b,delivered,2017-06-07 21:55:57,2017-06-09 02:30:32,2017-06-14 09:53:49,2017-06-16 14:25:38,2017-06-21,3669d77f53c5334085b4582649737f08,2017-06-07
e25c98a973e86ba5c95c06722eb8fadc,83c103071581c1e2b9b88c10c7c81ec9,delivered,2018-01-03 19:25:01,2018-01-03 19:34:23,2018-01-04 17:22:21,2018-01-11 22:36:12,2018-02-06,baa6be5ef08a911197fb4782daf29b82,2018-01-03
adf0faf55bcd8289814220aea34f1e4b,9131a413a15ad07ccf7654611d6436a7,delivered,2018-03-20 14:25:13,2018-03-21 14:27:41,2018-03-22 20:23:40,2018-03-24 14:40:59,2018-04-02,251fcf428c0afa7383a65eba13d7eba5,2018-03-20
a5bc73dcdd8f7c5d608532a6e58d29d9,d315b65ed1f865c88ffaef3fcdabd200,processing,2017-06-17 13:34:04,2017-06-20 10:25:11,,,2017-07-12,1e22f3ed6b90761e51cd6b0849a44a31,2017-06-17
724c63c0c7f775d58382c4fb12081867,8d728722e525d9c57d445ac0b8aab301,delivered,2018-07-26 08:25:42,2018-07-26 08:35:18,2018-07-30 14:08:00,2018-08-10 16:16:31,2018-08-17,26496794f5aacd2ca15912eb6decd217,2018-07-26
fbc5af15d5085c218e6b1ee0b94c3620,d97d304d630afb2f0ca4ec44bc054922,delivered,2018-06-22 13:24:23,2018-06-26 05:37:29,2018-06-28 13:18:00,2018-07-03 01:58:38,2018-07-17,4d58eca1e53263c544120e94beb5c6c0,2018-06-22
4013e92991ac3a8e8dd249db406f2a80,a71552f4d724031766db05c58fc7d097,delivered,2017-11-28 19:41:25,2017-11-28 19:51:52,2017-11-30 20:44:22,2017-12-16 18:11:39,2018-01-03,ee991712f3923e8235784bba6695a025,2017-11-28
11e22e541201ac67ff98e87193b4fc8d,acc3529bdb650f4442cc91f8b40e9a7d,delivered,2017-09-26 11:52:33,2017-09-26 12:07:15,2017-09-29 18:12:52,2017-10-04 18:27:57,2017-10-20,a60c2315885f7e8693be301294583a05,2017-09-26
b2f3d2d1f85fbcb5a6c45772be41c65f,b3a43c04804041a51dcbda3c6a2a4500,delivered,2018-01-19 13:24:46,2018-01-20 09:07:48,2018-01-26 16:07:43,2018-02-05 17:53:25,2018-02-21,59eb14dedfacaaf098f91f327c1c95f8,2018-01-19
3c42071acf925f589bd9a83f291c6b8a,fb95bf5f9a8ab9de2133b255e4e23c08,delivered,2017-09-24 22:40:39,2017-09-26 03:35:23,2017-10-05 21:35:55,2017-10-26 22:32:21,2017-10-27,c297642e486a1ee5a99f9485bd4b8678,2017-09-24
2b52151af87075998345ef238d3756a3,9b689a53cb49a96c7ca5f1559644951c,delivered,2018-06-08 20:50:13,2018-06-09 20:59:27,2018-06-11 14:21:00,2018-06-25 17:49:48,2018-07-17,9a127b1ea5cdf03171fe5bccfd3db28e,2018-06-08
64186fc41dae6b5dcb3e6b743d4220a1,60c0622ace374f7f29cbd0e206127643,delivered,2017-08-09 16:14:49,2017-08-09 16:30:11,2017-08-10 21:04:44,2017-08-16 14:54:43,2017-08-29,0036b4a3d09ad551a5188c2e374da402,2017-08-09
45d3bab2e12de78e29ba522146da7e91,58e0ddf2e49461d6f76d048b8f2e77bf,delivered,2017-08-29 13:39:57,2017-08-29 13:50:20,2017-08-31 14:34:27,2017-09-01 16:13:00,2017-09-12,d8808fb27946c71ba90eed4c6d2d10eb,2017-08-29
37b6a6302848e0ce3dfefef7716a70b7,9d5d0ae23628bd7835869290caebde9e,delivered,2018-06-27 22:26:14,2018-06-28 10:11:06,2018-06-28 14:48:00,2018-07-11 13:37:41,2018-07-25,17a93030f620991ee2ea6d5359a612d2,2018-06-27
764bcaebe1a019d6c12165f67656db9b,4c529f790c9af49f184fc36151d28dcd,delivered,2018-06-23 17:45:33,2018-06-23 18:18:52,2018-06-25 15:04:00,2018-06-29 22:41:12,2018-07-26,8961b4ca2c5aceb7a78ea72c6e0c840a,2018-06-23
a3b7e3c4940b7170e55211a9c4e32b0d,ac5677a03f0321d6d2b90779c5388987,delivered,2017-12-08 23:35:55,2017-12-08 23:50:16,2017-12-11 20:13:58,2017-12-13 22:37:52,2017-12-27,374b75fd885a77a318c2ff14ca134155,2017-12-08
cd58e7c862e0fb077541c4b5a331599e,eefd9e5a6bd7866ce4718f91c20cf522,delivered,2017-08-27 15:58:32,2017-08-28 15:15:14,2017-08-29 20:47:36,2017-09-06 19:53:10,2017-09-20,95f2ad130d11d5a1b25185c134ccf392,2017-08-27
4e1fb96e2f63c315a9ca0c11d9254ada,d2f262e4f938b4fe0b5015fa24a2d7a2,delivered,2018-08-14 20:06:02,2018-08-14 20:24:03,2018-08-15 12:27:00,2018-08-23 17:30:59,2018-08-29,01ecdc37f767e85f5b3fd2310a289253,2018-08-14
1c8b4e99b0bc55e61bda13d020efb26d,337c852ccde94a3fd2b633895534a4c0,delivered,2018-05-26 12:03:33,2018-05-26 12:30:36,2018-05-28 13:43:00,2018-05-29 12:18:46,2018-06-20,ff61f2506ff81e50510d8c0ac5570c30,2018-05-26
b97ba48cd74f9ae244f54338636046b3,66f5f0c5a0240902a45b2a6fa8302fd2,delivered,2018-03-12 00:06:54,2018-03-12 00:28:28,2018-03-12 21:12:26,2018-04-24 17:48:49,2018-04-02,d12f0a2b169c77088b0cbad420f466b5,2018-03-12
4a8e88b3aeb9aa051f967f7f551213ab,80946cbd8d20161272e3dcdcb1777517,delivered,2017-05-10 10:25:20,2017-05-10 10:35:23,2017-05-10 12:40:51,2017-05-25 14:15:37,2017-06-05,b2c59485a6c797464a23de924cb1a490,2017-05-10
3263ce99ba29ddb2a3a4133210581dce,54ea3c7fd302cb400cf1369bdcd3c988,delivered,2017-05-28 15:40:57,2017-05-28 15:55:14,2017-05-29 13:52:16,2017-06-05 16:12:48,2017-06-27,b6a23d8cd86f2144a534c2627196f69d,2017-05-28
b434987762763bf0d2d94d288374e90d,76a92cce5cda9a3ffce1f9878a36f05f,delivered,2018-03-28 00:25:55,2018-03-28 00:35:21,2018-03-28 22:08:58,2018-04-16 17:14:26,2018-04-19,04547212cbf1728ac927152c5fcd0860,2018-03-28
abd0736f947aa672d9254ad3cfaca4ff,494e06598140699017261a37e250cc52,delivered,2017-07-02 16:32:13,2017-07-02 16:43:53,2017-07-03 18:22:10,2017-07-18 17:45:57,2017-08-04,8edc207feeb0cf1b7094bd24e55b03fc,2017-07-02
df6aa08f7cc272ab5c188923ce319f39,6775882273c160e7c61df402719d4ca6,delivered,2018-08-22 01:44:18,2018-08-22 01:55:14,2018-08-24 19:02:00,2018-08-27 17:03:31,2018-08-30,213dc56df4763e3150c5972390f9b2e4,2018-08-22
4379c802ba499c2c871ee501a835c33c,9a1f5555eaee7cc9a44ee79edca16b5a,delivered,2017-10-27 14:49:48,2017-10-28 03:06:12,2017-10-30 19:03:03,2017-11-06 21:11:59,2017-11-13,ff5e9c0b950437f2955508e9dab8e98c,2017-10-27
3909acdde3ea5641fcad856ebc2b5867,97e784991367f2d8352cd5e456266578,delivered,2018-06-29 09:25:12,2018-06-30 02:52:13,2018-07-06 10:10:00,2018-07-11 17:32:37,2018-07-19,a1880e6eab84add66ef27968e0f500e3,2018-06-29
ea46c272418bd96a8126fda1e13b64ec,23e1335c1b9eaa9944c14f21ea60ae40,delivered,2018-03-30 18:55:46,2018-03-31 18:50:13,2018-04-03 21:07:26,2018-04-20 22:22:16,2018-05-03,38dbdf6a9e1ef63eda1a3b5cb97efe73,2018-03-30
af256e5861b37190d89da2ecd8dcae4a,c2582af30840b93f339e170d12dd3d1b,delivered,2018-08-03 12:21:55,2018-08-04 05:05:24,2018-08-06 15:07:00,2018-08-08 18:03:49,2018-08-08,38147120ef93174c2a4dc73918c2489a,2018-08-03
fa65d721b5cd6f9f0576b0e17c1998fa,d50ae78e21c9d0162b6a9515dbdfa108,delivered,2018-06-04 23:54:39,2018-06-05 16:35:30,2018-06-13 10:31:00,2018-06-19 19:41:50,2018-07-11,77f53c0376732a9104f22854c73987df,2018-06-04
7eeee20ce93c5e4c8e68984bb116eea0,60aa251f8bec65a806815cf26879a4e3,delivered,2017-06-25 13:50:03,2017-06-27 03:55:27,2017-06-27 14:51:36,2017-06-28 17:42:30,2017-07-07,b174e8b6716f996a6615ca1c5b05cc9a,2017-06-25
80b201a88f23aa35799eac75fa4cdf99,d32471338272fc62c8dd19a2a004aedb,delivered,2018-08-05 13:09:12,2018-08-05 13:24:22,2018-08-10 15:29:00,2018-08-14 20:48:41,2018-08-14,16f05451b77595965b2be4bc350654bb,2018-08-05
4aba2130d53fd001fc18322c94b58105,fb214d0a7d0085dd093f3912a4e8844b,delivered,2017-07-28 11:09:49,2017-07-28 11:23:31,2017-07-28 16:49:45,2017-07-31 15:37:21,2017-08-10,458fa82f342d496851a0508535be1093,2017-07-28
262118ce178bb3e4590a3adcf6d62e6b,2a69da30b726b7f3db7f1059af5d4304,delivered,2016-10-06 14:59:56,2016-10-07 12:13:49,2016-11-17 08:27:59,2016-11-17 16:23:46,2016-11-30,f7b62c75467e8ce080b201667cbbc274,2016-10-06
9e1480254968bb91a2ec2177ab6bb05e,13d8a070e8d7e2c66a9d7a6ce85ab2d1,delivered,2018-02-07 16:03:58,2018-02-07 16:28:25,2018-02-08 16:33:23,2018-02-16 22:38:50,2018-03-13,d10fd8ee5bc1a7d90edc960db7818492,2018-02-07
1dbed8d8827e4f91dfbb03ce97b38109,ab836f077c0bfd95a66b4ef495d3234d,delivered,2018-03-19 17:40:34,2018-03-21 02:50:33,2018-03-27 20:36:59,2018-04-02 14:12:13,2018-04-05,cecc19ff12c206e6368dd1e9c22a848d,2018-03-19
2c6ae86ae5a3e97baa148a17002e6684,37f1edfd21ebaf9902cfaf468d72d4a1,delivered,2018-06-16 14:43:44,2018-06-16 14:59:00,2018-06-18 15:10:00,2018-06-24 13:51:57,2018-07-11,ec39deaa5a0e6be91e4a5e49238d6501,2018-06-16
e31fbb2860d15276b1e38f43e9423924,eea812b0e14641c47ba205796bf8ff31,delivered,2018-05-18 15:58:03,2018-05-19 19:12:55,2018-05-21 14:46:00,2018-06-04 20:24:42,2018-06-21,cb36af177245c06f2eec15fb7afd4c72,2018-05-18
ed43ef5525ec92016160579ad9921e9a,9c312eb3d14e893a936466c65d144e1d,delivered,2017-12-18 18:09:43,2017-12-20 06:53:40,2017-12-20 15:48:02,2018-01-04 16:36:36,2018-01-24,c9439890f84d87ff0eca5ce638cc92da,2017-12-18
618c8ae12269b2fcb1eaedac90d6ed30,e7171b8785136cf7834d62f0227bcf23,delivered,2018-06-04 19:37:38,2018-06-05 07:10:31,2018-06-05 14:01:00,2018-06-08 17:12:01,2018-07-05,dd3f3df4fad9f5ccebd55cda66875a3f,2018-06-04
cf14ed9ce2e247684574f4acb873d39e,1833568d9b2e3bd5a2b833a20b7e56a7,delivered,2017-12-19 01:20:24,2017-12-19 02:50:40,2018-01-02 13:10:22,2018-01-08 20:43:18,2018-01-12,e7db73c1ef2dde307ef289b5b82a0c97,2017-12-19
868b169b8545e9a1f6390f46814c79d1,1dfd7d2f5947c02697aba7aef555343c,delivered,2018-02-05 10:51:48,2018-02-07 02:55:46,2018-02-07 18:27:07,2018-02-17 19:12:36,2018-03-12,d0907dc40aabc7926bece6bee0cc561e,2018-02-05
160d1364f477494647a995f6bbec0b5f,f03f14db3b18bbe32c48602f3adcd811,delivered,2018-04-10 08:23:28,2018-04-10 12:35:18,2018-04-13 21:19:24,2018-07-27 15:16:57,2018-05-07,45545962b114a5e7d34745627ff087da,2018-04-10
80c3106baaf516ab1dc5e9ee851c5d93,cd5cc06ef4bf227539dc13d85a025935,delivered,2018-05-12 12:48:41,2018-05-12 13:14:22,2018-05-15 07:49:00,2018-05-22 17:36:45,2018-06-06,35f9efdd4f1e14908b390b19f6342930,2018-05-12
2d58df29239f4ee3887103ef2576e857,04771a2b2b8dece0f3a1db5c9dadafec,delivered,2018-02-10 18:34:09,2018-02-10 18:48:22,2018-02-15 19:23:01,2018-03-29 03:08:50,2018-03-06,d34b0e751428e0658b99b6054f43d7fd,2018-02-10
3388b4784580beada8469d15e88c0efa,3b2888c34f60f3aa6d7cb2227f61ae79,delivered,2018-04-28 10:40:49,2018-05-01 05:55:03,2018-05-03 09:07:00,2018-05-07 21:07:07,2018-05-21,e5ec3500f6bfb6b375692fb53baa24c9,2018-04-28
f1102aaed56d382cca01e04bec7b9910,b2fd080b765a476b2b2a5ae373d51e40,delivered,2018-06-13 10:31:43,2018-06-13 11:00:00,2018-06-13 13:49:00,2018-06-21 18:22:48,2018-07-13,7bfad39600d766d2efab75395cfbed63,2018-06-13
00c9d9e61ed13f5bf2f0344da1aa4775,ed3cfd8b632008c67e448e6cafd0738c,delivered,2017-02-24 13:13:49,2017-02-24 13:25:10,2017-03-01 10:09:26,2017-03-06 12:45:47,2017-03-17,d69dd0996ca6a4f85b132eca6f19ef3d,2017-02-24
45447cb1eb40858d9ca660548af0100d,8070f9a17d6620a36be583fd7905e8ac,delivered,2017-12-03 19:46:57,2017-12-03 19:55:22,2017-12-05 00:14:29,2017-12-14 20:51:28,2017-12-27,2e2c9743fb85ab612200aec91abd2844,2017-12-03
80125daa0fddb9545d564a48f4f8caea,e89fcc6763bbb428a40982c827ccc44e,delivered,2017-10-13 11:10:13,2017-10-13 11:26:41,2017-10-16 22:26:58,2017-10-26 15:24:40,2017-11-06,647349cc5193bddcb5ec7ab1608eb46a,2017-10-13
2fe14af1d4563c0e76f382bc63c9a245,f452754a165d7476e748b313ee417183,delivered,2017-06-22 22:53:54,2017-06-22 23:10:22,2017-06-26 11:07:38,2017-07-10 23:02:50,2017-07-20,97b7080bf7d888f8cc595ec7b5c282be,2017-06-22
7fabd5670856f9508229716816520d5b,19cb85e5a9784d460854b75b82c069ba,delivered,2017-10-16 14:19:51,2017-10-16 14:28:27,2017-10-17 16:27:55,2017-10-25 12:10:10,2017-11-09,2c21932cc97fc7abc14a514a3d42b545,2017-10-16
2d3e339e7fe1aec59de04ff2c3525a69,1d5ff4f3adccc4a651df014533d39493,delivered,2018-03-07 10:33:57,2018-03-07 11:29:59,2018-03-07 22:12:56,2018-03-27 17:58:57,2018-03-27,fe5356333d9ad35e81c4770b666b8d12,2018-03-07
5f9571ac1f7bd358f3fcfa9d07900869,bcde4a90c6095d70bfc2085e755383cc,delivered,2017-07-30 00:24:27,2017-07-30 00:43:37,2017-08-03 19:33:53,2017-08-15 22:29:28,2017-08-29,32fb2e7038700592a88dc95363e6a7d6,2017-07-30
e068f293bea19116e59f683da3f71e2c,cce85635cd5f6932542c98fa9e115731,delivered,2017-10-01 22:11:04,2017-10-01 22:28:18,2017-10-02 20:36:38,2017-10-16 19:32:14,2017-11-07,f9146edacdda47b012071f201b40f87c,2017-10-01
4c701da56bc7e10f17d06fcbe6d1d070,99a0025b7ffeb94cdc8b13344e0fbf0b,delivered,2017-02-06 20:51:09,2017-02-07 04:10:37,2017-02-08 15:48:43,2017-03-01 08:37:46,2017-03-03,5073f4e28df1653fc008e72c1a317bbf,2017-02-06
b0ba58e96fcf1892b604e398e472af5e,5b9eb8c83ef8e578c2bbaefc6f8100de,delivered,2018-01-04 13:37:09,2018-01-05 02:37:56,2018-01-27 14:48:42,2018-02-26 21:58:53,2018-02-20,685fe81551ef1aa25092f775039536bb,2018-01-04
95a5814dfb290ddf4bc43b075dbf4d49,faa369ba7859002304d43256a0c968e1,delivered,2018-05-12 21:59:57,2018-05-12 22:10:19,2018-05-14 13:11:00,2018-05-18 16:22:43,2018-06-07,14299050642e3b5889fc67b234591388,2018-05-12
0c73b283fdefcef04be55400a4f6ccd1,4cd1aba36c0408f9dd728acb8e7704ef,delivered,2018-08-05 17:03:46,2018-08-07 04:15:23,2018-08-07 12:36:00,2018-08-14 14:56:41,2018-08-28,eb7895c1577088d6a0b86186fae2f679,2018-08-05
7e7854ea93e1ac916da1c6a44feef201,3dbfd7c612d7cb2bd4f4740141e4b437,delivered,2017-08-31 22:39:02,2017-08-31 22:50:10,2017-09-05 18:29:51,2017-09-06 22:21:29,2017-09-15,aaa8491c0e8d7e878389cce7f1afdb1d,2017-08-31
cae3cbca63ed88a251ad906468b11da6,5ac0a0fa20bc154ac58f78f00cc30c57,delivered,2018-02-21 08:50:41,2018-02-21 11:59:40,2018-02-21 19:52:31,2018-02-27 20:15:01,2018-03-14,84da12896f5cde5ebcb0c8bc0f35e26e,2018-02-21
6be1646fccbb69d34b22da3b1807d51d,bec0bf00ac5bee64ce8ef5283051a70c,delivered,2017-09-14 14:24:04,2017-09-14 14:39:31,2017-09-14 20:43:36,2017-09-18 20:47:54,2017-10-02,ff922bdd6bafcdf99cb90d7f39cea5b3,2017-09-14
4ee7221f81fc4aa1e0324dac310f87b6,efacbeaf5e411d722010d0b8a4ba859a,delivered,2017-09-25 19:54:39,2017-09-25 20:07:14,2017-09-26 20:57:40,2017-09-29 21:14:08,2017-10-20,9592e20fd4b35eb5ec5f8ea216c7539c,2017-09-25
db1cfa492610bccff9d25d439a9ff2b6,d67409b18fea6a27c87240f38798b20f,delivered,2018-04-18 11:54:50,2018-04-18 12:10:14,2018-04-19 22:52:32,2018-04-23 12:18:29,2018-05-08,7de1d5c4d664f876b5ab55de437c3dd9,2018-04-18
c2ed9a4ca7d4dca13950ec7e2505eada,d596b241d0b3c075184f660834898b7e,delivered,2018-07-18 10:24:54,2018-07-19 02:55:28,2018-08-15 15:41:00,2018-08-17 14:57:21,2018-08-17,7a99dd0e5a924d260eaf2d8e02ac9cb7,2018-07-18
20c122b304189bf992c45a91a1b88726,176f00233c93d10cbd23a3dce0ca4eeb,delivered,2018-02-13 23:45:34,2018-02-16 07:50:53,2018-02-20 18:17:07,2018-02-27 20:35:28,2018-03-06,931f73eb317aa12c10e3fbb2a7a59650,2018-02-13
3745cc99bd10a2c16e31403fe9654502,40c28d38ffbf6198d54388c7e1930d95,delivered,2018-06-08 11:20:24,2018-06-08 11:38:59,2018-06-08 14:26:00,2018-06-11 17:51:48,2018-06-26,7e9ec06fb64d5b89d182bd68226c897e,2018-06-08
ad15c9a28a11dd4bd654f655432b931a,ecebbb3c8bc2536b39db4d3f2ba6ecbb,delivered,2017-07-23 17:07:30,2017-07-23 17:15:25,2017-07-25 21:47:46,2017-08-05 14:32:05,2017-08-15,7ce1045b7a87ae0e76066f6a5bd67a7f,2017-07-23
be86cd9f96e674ebdbb586454780a1ea,7697f7872fb522d66c20682c7e9311e6,delivered,2018-01-14 21:59:23,2018-01-14 22:10:26,2018-01-16 22:21:35,2018-01-22 16:59:05,2018-02-20,1d9921da25bcad8d416a10a8b488ddcd,2018-01-14
4551cef6547305066c9e8a9bd4c5641d,d3d79c0d244fdd2a969683816cdb128e,delivered,2018-04-04 18:54:17,2018-04-05 02:30:27,2018-04-05 23:07:53,2018-04-06 21:36:25,2018-04-16,54799ca87f5fae31b004167ddb58f13b,2018-04-04
2ab17daedbb4312627c61c38d20dac10,0734aa7c0af8bbb557d1a11e8b07be9d,delivered,2018-06-03 18:11:45,2018-06-03 18:31:05,2018-06-04 15:03:00,2018-06-11 23:57:42,2018-07-13,84b2bad57ef85eaf787c076b1e0a0bab,2018-06-03
a68667474430fadbcfc1bfbb9e2adc0b,616fa20bdc978ccaf552b46fbc0567a5,processing,2017-01-18 20:48:59,2017-01-20 02:10:55,,,2017-03-06,7ffbd36383421f26e00e047afb3bdb21,2017-01-18
5577732f45750a36aff4da8b88658485,60f67a438666394c312de0582e1aee18,delivered,2018-03-13 10:26:05,2018-03-14 10:28:14,2018-03-14 22:03:39,2018-03-16 22:48:33,2018-03-23,4c93fc5b8925dc00f2e30a25963f775e,2018-03-13
bbb0f163b011eec0c55e5b764f7811cf,eeb51f4afec8f120dc1bbebb90ee43bb,delivered,2017-06-26 10:49:44,2017-06-26 11:05:11,2017-06-27 11:37:01,2017-06-28 14:41:56,2017-07-07,789593d552a1bb3bb5318161ddc8f2b5,2017-06-26
2d587ea1d70ea2fa8bc79a23cfe02ab4,eae093d656d27d5bd3805671206eaf8a,delivered,2017-12-21 14:09:51,2017-12-22 02:50:43,2017-12-22 22:11:05,2018-01-04 22:57:14,2018-01-26,36a29db9cbb38a688a77414d46a8e2b2,2017-12-21
2f730a899936d8cce7319fb4f6d0cd5a,80334ecf11e4e821d920f6f4cbe52e7a,delivered,2018-06-28 16:29:24,2018-06-28 16:50:35,2018-06-29 15:20:00,2018-07-07 14:42:44,2018-08-02,b92aabe77eed5e5dfe87d80e3aad4051,2018-06-28
b6ee22c53f26ef8d97d96465c8899e16,b0e3b5761cd36ed181095a4861511e05,delivered,2018-05-28 18:47:46,2018-05-28 18:55:24,2018-05-29 13:48:00,2018-06-13 16:04:11,2018-07-04,290bb79ba830530012effde6c9b2e05a,2018-05-28
05f18c930e9961675a68af3b18efaf6b,c98cf172e6421f9786c711fa72fc90b4,delivered,2018-08-03 14:06:35,2018-08-03 14:24:05,2018-08-07 14:32:00,2018-08-09 22:11:15,2018-08-16,2e95d6f7cfe39bf5a98e4e6ab34b732f,2018-08-03
3bb3f2f93941b43b0eef5618c565d650,8190a777da9fa9ca0d8e65e22cb823ca,delivered,2017-12-05 20:11:25,2017-12-05 20:36:01,2017-12-11 17:52:02,2017-12-18 15:15:21,2017-12-28,a2403d65d0b41935d358ed743162913e,2017-12-05
9c958729ea25738c217bb66e1cfa200c,72c5d828be36178b56d479513b123638,delivered,2017-12-02 14:55:02,2017-12-02 15:10:36,2017-12-13 20:23:28,2017-12-15 17:57:28,2017-12-20,b5d8ff82acf8a538e18e889d7d348db3,2017-12-02
4a9535cd904e916ca0286823298d30ed,1e4750abc882c2b10806fbbf46a5ad6b,delivered,2017-11-24 21:33:29,2017-11-25 00:37:29,2017-11-27 20:11:35,2017-12-06 20:22:25,2017-12-15,102b76b7647af97adce4cc31b883ec5b,2017-11-24
8db53c9ad7debeabb7cc7136cd7c6786,f3895339fd9c5b17e405c0cbb3dfda8e,delivered,2017-07-21 22:14:35,2017-07-21 22:25:18,2017-07-27 15:47:44,2017-08-02 21:57:36,2017-08-11,e3fb6fced23fcefa941adc20bc8c2fe6,2017-07-21
0283a5f1680cc866884c09960d2462e3,c5aa3c712cd1b1c509b3adb34dc14187,delivered,2018-05-14 12:34:50,2018-05-14 12:52:40,2018-05-15 15:19:00,2018-05-23 17:51:56,2018-06-07,71f88e06eb78302859a034cd7d1877a1,2018-05-14
db0bef559aa4eeff3bec3e8268318c33,7c93ba922b100a817873089ef6e57552,delivered,2017-08-03 10:15:31,2017-08-03 10:25:13,2017-08-03 18:28:02,2017-08-09 18:19:49,2017-08-23,4f2bbfa65744b7cd4bb51b8e0078e829,2017-08-03
a24c341da692fe0a57ba6140bf33e1a5,eb113d359a9ae4ba112d2cfc3568b085,delivered,2017-10-23 12:09:24,2017-10-23 12:28:12,2017-10-23 19:33:09,2017-10-26 14:44:31,2017-11-09,68d76261557363db8fff7c48e29fcf8f,2017-10-23
6cdd447ec5998b49b1846abfc795662a,8c9f9f3fa188674e6d52e4ee94fb0c07,delivered,2017-05-16 14:10:44,2017-05-16 14:22:32,2017-05-17 11:19:24,2017-06-02 12:18:48,2017-06-20,70d27d9eb0678a4ddd8b3d5b0cf40d96,2017-05-16
5730dad6ecb4f73d55da69d127c2bb6b,695d206207b2d41598f8d78b77ac67af,delivered,2017-12-11 13:06:04,2017-12-12 03:50:04,2017-12-18 16:57:54,2017-12-26 19:13:31,2018-01-04,ddcae1a0cb533f75d5e518a1e48e18cc,2017-12-11
dd162c4f0d3abff78621372170e9c19a,e32a0bbb991b6d310e3f70e6e5526807,delivered,2018-07-02 19:52:57,2018-07-02 20:10:07,2018-07-03 12:30:00,2018-07-06 11:28:38,2018-07-23,9830a2d445d4ba86c9347a158aeb7920,2018-07-02
07ca34c2d97b99d913debf2866805373,379398543850d0f1ad33cf2ebfd3f81b,delivered,2017-09-23 00:09:48,2017-09-23 00:25:44,2017-09-25 21:03:03,2017-10-02 17:58:50,2017-10-18,5edc01207047a7a4ea56ba277d6a0f55,2017-09-23
5d073530ec28aa4104bb37b6c4b1a22b,406d563b44f6f53e9ae72f26ec135183,delivered,2018-01-17 15:47:44,2018-01-17 15:58:20,2018-01-19 19:50:18,2018-02-01 19:43:31,2018-02-16,219d2d7cdd263d56a6cc03694700f59a,2018-01-17
02546acbfd2949a1f63c44ad04978ea1,b3ee7fdfb85dc3e5de3517c7be1bfc6e,delivered,2018-07-22 23:31:31,2018-07-23 12:32:25,2018-07-24 13:34:00,2018-07-26 00:46:19,2018-07-31,382eed2ef04ec2c6afdb28d7492a17f5,2018-07-22
2343dbf79839ce221f3e1ec059cbff9f,ba00af16d846533769f19fa6c87aa62a,delivered,2018-07-04 21:42:04,2018-07-05 16:08:13,2018-07-12 08:45:00,2018-07-23 22:37:47,2018-08-10,e68fef8768c36419b3092774add45a4f,2018-07-04
ea8d7eb561a1c07f203cd9af8c59873b,026378e6d9977bf974a1ebe64f92cfee,delivered,2017-10-21 12:43:21,2017-10-21 12:56:26,2017-10-23 16:43:19,2017-11-01 14:11:36,2017-11-10,2392a29dadcfcc7ce192ebadaa11a27e,2017-10-21
f2f162457ceb32f4b3e294792b7aad5a,9fb956af93725a39a84493c1d73d7d70,delivered,2018-05-11 09:10:07,2018-05-11 09:39:18,2018-05-24 11:22:00,2018-05-26 16:25:38,2018-06-05,696b3507aebf0dfe9179dba5b6d130c7,2018-05-11
0adb50a218c2b7e86f14120be935b949,3518f2be2f99c06e220f5dcc2dc04ecd,delivered,2017-11-20 16:52:14,2017-11-21 16:51:13,2017-11-22 15:26:50,2017-12-01 13:57:04,2017-12-20,04a48e2b0435f0d9bfb6bd37efde50ec,2017-11-20
8a354bb43e2659551a9e6abdc9d1e933,9b8e49036d8bba6e2a8b0924b331fcda,delivered,2017-07-23 19:35:14,2017-07-23 19:45:09,2017-07-26 16:42:16,2017-07-27 19:12:55,2017-08-04,f5bd03b366f03a11d1d00abbb7f53d1c,2017-07-23
682704b4a31edba0cbbec9c7f39a7d21,c988611195c88cbb128db1c35013c66a,delivered,2017-11-24 18:13:02,2017-11-24 21:34:19,2017-11-29 22:22:18,2017-12-09 14:48:56,2017-12-21,791e321cb3253dfe0b37cb7a35661005,2017-11-24
c177bd75cb8bbff3f8ce6842201c7b6f,2a9bf6ab9526b5ef47aefc35a0667d7d,delivered,2018-05-28 19:04:30,2018-05-28 19:17:10,2018-05-30 14:24:00,2018-06-05 18:03:41,2018-07-18,05881608070651676a74a9859c492c43,2018-05-28
20cc195f7abe525abd0697163e2c8e0d,8e8d4784516e71494188748e6f45f260,delivered,2018-02-16 16:35:17,2018-02-16 16:46:59,2018-02-19 11:22:43,2018-02-26 22:38:27,2018-03-08,92e4314ce2a6a0c352d9aa65ebc4928a,2018-02-16
bf59031b111d726792fe47666cc55ed6,2bd57ce861f8c873381a69446cd62498,delivered,2018-08-17 12:41:08,2018-08-17 12:55:23,2018-08-20 15:33:00,2018-08-27 19:38:39,2018-09-26,5fdaa160e3043888527c3995993c487b,2018-08-17
6c9421af091dff9b36e3da3f85e85827,e7bfac7a208afc8252c45dd90ffee77c,delivered,2018-01-17 11:14:28,2018-01-17 11:30:52,2018-01-19 21:52:13,2018-02-06 21:55:08,2018-02-16,39565457995f149e530a32b52549a7ce,2018-01-17
5ee25db3905647605d30aa9aff44782b,5c383b73cedb9c8d7770d50b6d32fe4f,delivered,2018-06-24 18:00:00,2018-06-26 04:35:12,2018-06-27 08:34:00,2018-06-28 14:52:46,2018-07-05,345ee4744e73a63bca83ee3327b3f684,2018-06-24
cc49d89baa138480d6ec7ff7f7a88499,c14d30746e31c39207ba3693e21c0320,delivered,2017-06-29 16:12:30,2017-06-30 06:50:22,2017-06-30 16:08:19,2017-07-07 18:34:55,2017-07-21,5d6be40a79535797bc68c0315ba08f8b,2017-06-29
3282d3194ddf7794d2ac89795ed74cd1,d2890e0b74569896e5ddc38bb7eee8ff,delivered,2017-07-29 23:37:55,2017-07-29 23:52:37,2017-08-01 17:42:47,2017-08-07 18:22:34,2017-09-01,6fbcadffe2ad77fd2b3b68552763aeda,2017-07-29
fb10c8bcc7ea9a61120a84484aef8553,8df193dab10301e074e1c586c929a89e,delivered,2018-08-02 12:06:25,2018-08-03 02:50:29,2018-08-03 14:27:00,2018-08-07 14:37:46,2018-08-16,9ca827c6f2b4068619212d6809fc64c7,2018-08-02
57e784238be7a617f533ecdc347ece0c,a45577149e2fb67976fd8a7385d54570,delivered,2017-05-27 14:51:42,2017-05-27 15:05:07,2017-05-29 09:37:31,2017-06-16 14:47:56,2017-06-21,3ccd53395855932e15e05b77cfb60947,2017-05-27
58e6526f1ade5070dcfbc31f7eacfe50,598d66fab82d8be2710823b2998d5843,delivered,2017-05-03 08:23:09,2017-05-04 10:15:27,2017-05-15 08:04:09,2017-05-29 19:03:52,2017-05-26,fb7832ae56255031b893cbeb6df21264,2017-05-03
9ace889082238720c827037211d2510f,1a8b306bb6065747acf856fd94d1632b,delivered,2018-04-30 08:16:25,2018-05-01 06:12:46,2018-05-02 13:36:00,2018-05-15 15:44:57,2018-05-28,03daf3183493e2be42de099dd42689d2,2018-04-30
e3daea0200104991cb979c2fcc509ae7,4730251e8934a542a009d77dfd027375,delivered,2017-03-30 14:07:44,2017-03-30 14:22:36,2017-03-31 22:06:32,2017-04-07 14:43:38,2017-04-25,8f5f778f80efda903eb24efe69d2a6c3,2017-03-30
fdecb4e87b3590ed5252f7264c442b49,6a308d8ce00180257fe19de08a08f4d9,delivered,2018-07-26 14:03:40,2018-07-28 02:44:34,2018-07-30 14:35:00,2018-08-06 18:08:37,2018-08-15,6af755cf76aa131d264d452649cae807,2018-07-26
ac57a5e116e95f1b04e07e0b57a5f6f5,cd1782de5d260d0a90737fb52bcf8a28,delivered,2018-08-06 21:04:32,2018-08-06 21:15:21,2018-08-07 12:34:00,2018-08-22 01:03:30,2018-08-16,7c8284fefd28c44e2fe71c9c7bef64d3,2018-08-06
4b8e7877b3a106b2df0a75470a397339,72d886d5743156953f86d0b3fce515f9,delivered,2018-04-03 09:47:49,2018-04-04 03:29:24,2018-04-05 23:49:22,2018-04-11 23:48:36,2018-04-19,ea49316c401c7f02e029bf312edacf41,2018-04-03
6307a9d630a301cd0bcacd488fbd1182,41c7af148a3efb419a9b6da38a9790f4,delivered,2018-06-16 11:58:28,2018-06-16 12:18:47,2018-06-18 13:16:00,2018-06-26 17:38:35,2018-07-12,23339103d82a054f9729b0554ce22e8c,2018-06-16
e9469e5fcdd939ebabbcd92bd8e8cb39,21f689b5d4b8d4244d8db96e37690a6d,delivered,2018-04-18 16:06:28,2018-04-19 08:30:11,2018-04-23 17:41:27,2018-04-30 13:58:54,2018-05-11,69ba88e17ea574da9c9b8c8834a583d1,2018-04-18
a5a8f79e024db5dd26d9b264c2aacb26,532721e38f0c0a589beaf74dca169cd1,delivered,2018-04-14 14:31:51,2018-04-14 14:51:58,2018-04-16 22:22:56,2018-04-20 22:52:28,2018-05-09,481e99bab6ea4d189d6d463e8468d3f6,2018-04-14
f432f3c0fa070bf9e7fc4d4598124027,c2f9ed82d68dce37c6b515af03fe2f05,delivered,2017-07-16 15:44:34,2017-07-18 06:10:34,2017-07-18 21:43:58,2017-07-26 10:44:31,2017-08-14,7133d6d40c143ce6d7c29da7c43c6541,2017-07-16
3bc383f96dded5aa5e75309ecab074c5,2090d890643c458aea7ccf5046cee92a,delivered,2017-11-30 14:14:17,2017-12-02 14:17:09,2017-12-06 00:22:18,2017-12-10 14:13:08,2017-12-28,7bca00a02230cc689f36a6afd144d4f5,2017-11-30
09bcbc199f0fa4268cc0122304696ea4,7286ad26234d396b67e5bfa8245cec4d,delivered,2017-11-24 14:54:56,2017-11-24 17:12:27,2017-11-28 20:59:00,2017-12-19 23:58:39,2017-12-22,a8084fb42934303a119c80f5056914ba,2017-11-24
1c0a7a0c422473ac09e61c7def41bb0d,99abe0be8bcd2a43a3a374b4579d8212,delivered,2018-08-15 10:36:43,2018-08-15 10:50:16,2018-08-15 14:22:00,2018-08-21 18:28:27,2018-08-29,0b87e94ab67c960da4571741bfcd9ddd,2018-08-15
9aaa05e5944d0625906c8e3f535e5197,c71699ede1ef04bdcf2ff48b87b179ff,delivered,2017-10-03 12:18:08,2017-10-03 12:28:20,2017-10-04 09:47:05,2017-10-09 20:38:34,2017-10-30,6a1972ce0731953cb9cc33be67af7348,2017-10-03
c8714809bc84ffb9c675dcf4a6455df9,e02b0a31345a94677bcc33aa9bc0909a,delivered,2017-09-21 18:21:46,2017-09-21 18:35:14,2017-09-28 18:14:36,2017-10-09 17:58:16,2017-10-23,a00d5d4dd6ab21a6574716d73ed42e2d,2017-09-21
0132fef017ccf586491ca3685de667df,6ed04295dca042b17dc984a992352343,delivered,2018-06-06 08:51:20,2018-06-06 09:11:16,2018-06-06 15:00:00,2018-06-07 17:28:54,2018-07-03,d49f11b7331d59d197d96d0660b51bef,2018-06-06
1ff7d1a88a4fc1b04896c9d02f34351c,35b378dda27c0f902c7fa786af427b2b,delivered,2018-04-25 17:59:34,2018-04-25 18:15:15,2018-04-26 15:08:00,2018-05-04 20:36:33,2018-06-01,ba4a18425e63b77721ccd03cbf1fd092,2018-04-25
475f773f6c0d909e49b758adb2401e3a,7a6ebfb04fcb2e21ced42bbc8794892d,delivered,2017-01-30 18:39:24,2017-01-30 19:33:37,2017-01-31 09:08:47,2017-02-20 14:09:26,2017-03-10,09f0d1b94bfc27a5efabc790ba056f46,2017-01-30
48b126710532d052800a89a6131d40f3,b9311705b7ea9001f8f6f501b854e944,delivered,2018-07-29 19:33:34,2018-07-30 20:30:53,2018-07-31 13:54:00,2018-08-08 01:06:45,2018-08-14,1323b0f3cfb72f7b7163193a228ab92c,2018-07-29
753c0bfa44e84d26e6e8f9095a12607b,774a3f0f568b720be35c8a92db1a5aa6,delivered,2018-01-15 19:06:08,2018-01-15 19:17:34,2018-01-18 20:09:15,2018-01-25 21:38:54,2018-02-19,01d8f02b7ae915fddc5736ecdf613cd1,2018-01-15
9ccdba05192bfa286b86afb44d5296c6,19b28cd3a6d94e58269012fe64e77be2,delivered,2017-07-21 17:01:06,2017-07-22 02:15:33,2017-07-24 16:27:43,2017-07-26 11:17:58,2017-08-03,4e821fea1dc19d47899df3a4d3c7417c,2017-07-21
cbd4818fd2df9243a5f4698948f80bd0,1863b95f5438f793f49ba1c6995860e7,delivered,2017-12-07 13:29:50,2017-12-07 15:29:38,2017-12-11 18:21:41,2017-12-14 11:26:54,2018-01-03,9505478f17728ead3868963955a4f6cb,2017-12-07
19f99e34df3950b323bd2bbc16152983,397adec2fef33872b88f158c0317d5bc,delivered,2018-04-17 11:55:07,2018-04-17 12:29:58,2018-04-19 02:13:30,2018-04-20 19:28:45,2018-05-04,f46477283987098e60f825e1f6f97f02,2018-04-17
3e94a8c8e34e42fff9e500e404d5d233,f3718048122cb167994a9aa9fc671411,delivered,2018-05-14 19:18:11,2018-05-14 19:30:30,2018-05-15 14:48:00,2018-05-17 18:21:51,2018-05-29,fe409671afa7d27f0810554c923fc840,2018-05-14
3eeee3b998098a2c5f50ce39ab462a20,ed696b15376f0d883ef70d6386cb908a,delivered,2017-07-17 14:07:15,2017-07-17 14:23:17,2017-07-19 15:33:02,2017-08-02 16:47:49,2017-08-16,b1c4e0a8912da2e064c7fb4457a28283,2017-07-17
bf336f3e46fa42ff45394bd91b962885,605bdc891f4cc6a3431fc038419d8307,delivered,2017-08-15 18:00:29,2017-08-16 12:24:37,2017-08-24 14:36:45,2017-09-08 18:04:10,2017-09-21,48fa1a8c82e68b0163b080762a5ec792,2017-08-15
045fb730a757a5379d79bdbc42d4e84b,57cffec2e5c21ad9bee83cc699bfc9b0,delivered,2018-08-03 06:19:40,2018-08-04 04:10:19,2018-08-13 14:45:00,2018-08-17 00:31:36,2018-08-23,2ca298adaa0c377d5450bb1558b40e27,2018-08-03
66823322383fb178187b76028b8f8eab,7d3460ebd7b140cb166071ca96858a90,delivered,2017-10-11 11:01:17,2017-10-11 11:14:12,2017-10-23 16:14:15,2017-11-08 18:18:47,2017-11-13,098ffeb0f6960a1d85eb26c432a1319e,2017-10-11
c8634f3e7a329c927fe2973bf2b54caf,2bbeb09dc86b81185d6ab5592b1e2e8c,delivered,2018-01-10 20:58:40,2018-01-10 21:09:00,2018-01-18 12:15:57,2018-02-04 15:21:27,2018-02-20,9da141f9addcf3734a01b6cbca7ee3d0,2018-01-10
c4f3b6a5e1b0cd332ac54136c94c5053,8c3ef80af590b71396ade3b7a82484f5,delivered,2017-03-28 23:10:01,2017-03-28 23:22:42,2017-03-30 15:05:23,2017-04-03 08:17:52,2017-04-24,b1fc3e5a5a1beeed3fc59019282564d2,2017-03-28
85ae4ead3b37285b1e538a206b99b67a,9853878485ceae16ecccbb96eab9ab5b,delivered,2018-03-29 10:40:04,2018-03-30 03:27:04,2018-04-04 03:40:43,2018-04-10 21:26:48,2018-04-23,be1642b14347366dac1d8e7f0cf9c26e,2018-03-29
c33917dff50a1d91d9d26ea3c5e3a65a,35658cd4402d33f3e7622486e64714a6,delivered,2018-08-04 16:24:49,2018-08-04 16:44:17,2018-08-20 11:39:00,2018-08-21 18:19:04,2018-08-13,130825f7be6a31dab586c567c592b2cb,2018-08-04
8dc9057a0a0ffce645c10580a9cd0594,49c2c04765b56656cf3fdac56f31b798,delivered,2017-12-26 17:56:05,2017-12-27 21:29:28,2017-12-28 18:33:10,2018-01-11 18:21:11,2018-01-29,7d8cc40c2baca42e16e7c07f2f481938,2017-12-26
7700cd588241bdd7614416812683d789,5a640517c107d62dc931327c40632325,delivered,2017-02-25 11:55:26,2017-03-02 03:50:37,2017-03-06 14:06:58,2017-03-08 09:12:11,2017-03-21,6e6370df933c94ece05fc7f8e7c2c078,2017-02-25
f149be0602ecbdd2222b8fdfa075a73f,ba1ef22fc88cd9a2fa164686e91b5692,delivered,2018-07-06 00:20:22,2018-07-06 00:35:12,2018-07-06 11:06:00,2018-07-11 23:31:41,2018-07-26,a365c813ca706b45e495358b5bf01966,2018-07-06
16ef87ed2e298fd5de508be5d5d29833,aaf8e88f992dccd91774ed10859098f4,delivered,2017-11-12 08:44:39,2017-11-12 08:56:38,2017-11-17 21:34:59,2017-12-05 13:05:16,2017-12-05,5dc59a1629b58908328cba2818f828f5,2017-11-12
13bc7bea9d1bce4d95bb4917ed0f94ce,266ebe42426f177e906e396c69a3d170,delivered,2017-12-06 14:30:15,2017-12-06 17:30:43,2017-12-12 17:58:51,2017-12-23 12:31:58,2017-12-22,1d4da2acce7d673c4c8a1fc7dd910928,2017-12-06
063250ed406abc1e7730639c79d16a0b,b20e7f3206dd52a8cf8accc6f53d261b,delivered,2017-09-06 20:46:22,2017-09-06 21:03:33,2017-09-08 18:55:26,2017-09-18 17:10:21,2017-09-28,cdf582422b69d4fbf906a9bb532089ce,2017-09-06
08bb21f621b955cf27343f29059d2696,aaf87fdb0cbdf2a3040221661525a54c,delivered,2018-04-16 12:35:30,2018-04-16 12:51:31,2018-04-19 00:54:35,2018-04-25 23:46:46,2018-05-11,e0e2e180f7534330d7906c6b87a272ae,2018-04-16
719b940ab2f1e351ffb14a0a02ffe3c4,ede9a1daf58d256c0d648ef7e1479010,delivered,2017-01-16 13:01:51,2017-01-17 03:05:22,2017-01-17 13:37:00,2017-02-21 14:51:58,2017-03-03,90b68b6163beccc6f471d64de5258367,2017-01-16
53bf51495103abe64e330f5360456ca0,3583e7045ba9171afe0674eb209fb6ee,delivered,2017-11-05 22:52:55,2017-11-07 05:31:26,2017-11-07 15:31:51,2017-11-10 17:48:38,2017-12-07,85730e226e2f3a1608433546133793e1,2017-11-05
ef5555014add0fdfbe3f34f85365f650,8c9790f243de6c4fe54abedaff739359,delivered,2018-07-22 10:55:26,2018-07-23 11:31:42,2018-07-23 09:34:00,2018-07-26 17:38:57,2018-08-06,2cc96b2c23330b72cd3042bb627a66fb,2018-07-22
2edf35d55b806cc2d389c8008e0d7f27,8d889513985d1715b45c0b94c453ecae,delivered,2017-08-18 15:35:45,2017-08-19 15:45:15,2017-08-21 22:19:52,2017-08-24 20:38:36,2017-09-08,f4cba1f4ed72d32549c4ebb66e3f84d5,2017-08-18
df89c4a0456584e2878310de66fc9fec,3c648ff8badb1c19ac66c0b74a64faee,delivered,2018-07-22 16:28:38,2018-07-24 11:33:00,2018-07-25 15:25:00,2018-07-31 19:51:10,2018-08-10,79b39409c0cc6951d0a01b6c4ac1a328,2018-07-22
f930f5aa8c609a7550c8f7bf84548dad,d15cf31ebd90f57bef9ef62efd50ba15,delivered,2018-06-19 11:18:42,2018-06-19 11:35:26,2018-06-20 12:47:00,2018-06-27 13:03:21,2018-07-20,2d8ee44f2e52eab6d4486830a4e6a60e,2018-06-19
b55ed7407eb340d0db40dfb2759c756a,cffb7882374d2bbada77a2a689034981,delivered,2018-08-08 12:22:24,2018-08-08 12:35:16,2018-08-09 15:30:00,2018-08-14 22:26:42,2018-08-22,0048a779a98a7848514096ff04046079,2018-08-08
e2bb17a967ab5cdc146e4f06064ba0c7,ead9596c98d884370562f862c8f9e349,delivered,2017-12-10 23:36:31,2017-12-10 23:49:15,2017-12-12 14:32:56,2017-12-20 18:19:51,2018-01-10,2ab8e780395dec879fa6cea31ae22a50,2017-12-10
baad5004c5d12ad2ed5467f21914396b,16fd28bae68d51e34f732ae6d1337918,delivered,2018-01-29 10:54:36,2018-01-30 04:31:05,2018-01-31 22:48:12,2018-02-14 23:53:36,2018-02-20,f3bd15b22de2ea58658ea9e052ea99be,2018-01-29
6b460c25c2bb8e1323536e9e921d04a1,95d2bac8c1d115b9c5291fba7b9186aa,canceled,2018-01-29 16:07:41,2018-01-29 16:36:51,2018-01-30 21:12:59,,2018-03-02,9ff7135aea0637eaa06824d25db0741b,2018-01-29
da91ef7fcad23d653d582725ded9b667,050d71332d34aa50e009386b9d734d43,delivered,2017-07-07 14:51:25,2017-07-07 15:05:09,2017-07-10 19:52:20,2017-07-20 14:53:48,2017-07-31,5e3aea1c1b3c34b004da8756755c5bc0,2017-07-07
c1ae5adcaac94051df90bff4b73bebd9,f2fd3db2356eeb60c898172e65eb64eb,delivered,2018-07-04 15:12:35,2018-07-05 16:32:49,2018-07-10 14:04:00,2018-07-16 12:12:22,2018-07-31,390abc8b5c44f2fb1710830750c6c4fc,2018-07-04
bf5e738a4999370cea8ac59801c748e8,4f9d2f4a5d093805bb6949385799b967,delivered,2017-07-24 11:18:16,2017-07-25 03:45:32,2017-07-28 18:15:47,2017-08-03 20:13:49,2017-08-21,ffe39c116d96cd81dcdfd9dcca655cd1,2017-07-24
839603976328ab364c4ff2b4d806de8f,337900928f7a941ef7365f079cd36830,delivered,2018-02-13 22:57:20,2018-02-15 00:31:00,2018-02-16 20:13:06,2018-03-19 23:41:28,2018-03-19,a6ef3321d469af81687fd5d86009fe12,2018-02-13
b7bc29a25d146eb20f8f60d3bfa6996c,d87e31dd53e1beb80ed26ed740b647cb,delivered,2017-04-30 11:38:42,2017-04-30 11:45:15,2017-05-10 10:57:42,2017-05-17 16:17:57,2017-05-23,208797e686d4f7ba71c65113b489a438,2017-04-30
d2597ccadcbb4bede6cefca892c7094e,d576252544d4d92d868e65ab3590cb77,delivered,2018-03-13 14:55:22,2018-03-13 16:00:37,2018-03-14 19:27:22,2018-03-19 18:24:52,2018-03-29,bea9ae90c9b18c25c728bce147293cad,2018-03-13
1946c4925cef4f63c6d90302b3d8caf4,c70d51086d1a00d014cec2e4a2aeea5f,delivered,2017-07-09 15:01:59,2017-07-09 15:10:13,2017-07-18 22:47:01,2017-07-20 15:59:35,2017-07-21,8db59931486665b0b213bd027675f1ff,2017-07-09
0c4d07bcd65a6ce95cbe8e8e228a98cf,30d6a066b7e76c8fd66610d4b36e891d,delivered,2017-02-06 12:15:34,2017-02-07 03:50:12,2017-03-15 10:07:50,2017-03-23 05:17:36,2017-03-03,96230c6da5f5896bb28ee028624c1188,2017-02-06
3b1367c314dd3ee56c7f68621977d142,06535d08099971aa6f56a2344a3856ec,delivered,2018-05-10 08:53:59,2018-05-11 02:57:46,2018-05-11 14:14:00,2018-05-18 16:05:55,2018-05-29,7f056701681de7475f34ab534321396c,2018-05-10
db4c181f6ac63a558233e98861beda3e,fe86f452d3595048dd7000032a0283aa,delivered,2018-02-26 11:11:05,2018-02-28 09:29:40,2018-02-28 22:54:41,2018-03-23 21:22:52,2018-03-23,0dd1099800bbca6e6509b5edccf6aa67,2018-02-26
7656f4ca2d491ba4f1ecb0d8779e5e7d,bdf7555b68e732af4bfe2171b8f257ed,delivered,2017-08-03 06:04:15,2017-08-03 06:15:13,2017-08-03 14:17:29,2017-08-04 20:49:06,2017-08-23,7779fdf670bfe673e064b9aa5447674e,2017-08-03
056ea0ed4a967ffdde98507a7d5656a2,a81f98f9ecc7838dd8e9853eee3be318,delivered,2018-05-29 16:07:19,2018-05-29 16:38:56,2018-05-30 12:29:00,2018-06-06 21:12:41,2018-06-29,bd4e7a4bb663b3cf17010bea613dc431,2018-05-29
096ff3d928fd9b00eed2c839ad0c2223,c25b788e63b4f8ac4a3dc15c00b7d499,delivered,2017-05-30 20:29:07,2017-05-30 20:35:25,2017-05-31 11:34:27,2017-06-01 08:23:01,2017-06-13,8fac120637b2d22be0d6b83111d7c352,2017-05-30
c4100458441e176cca58edec8b0e477f,f9b059f4342b9bb33e0e1d54ed161dbc,delivered,2018-01-07 10:58:11,2018-01-09 07:16:42,2018-01-09 18:29:44,2018-01-17 19:08:56,2018-02-01,a6aa6facf715df89cbdccd208cf73981,2018-01-07
ba6ceea3a35916e51113b91f726b1f89,5997ffe50c62de1654caff67d410f8f8,delivered,2017-09-12 11:25:44,2017-09-12 11:44:07,2017-09-13 17:17:20,2017-09-29 21:15:31,2017-10-03,671ca935e1dc93ede24ae0b286111a54,2017-09-12
03da04c1427d7b8bff38d76efca1029d,709116483105e4198b439016da66d4d0,delivered,2017-12-13 16:56:40,2017-12-15 02:17:46,2017-12-15 17:39:33,2017-12-18 21:27:25,2018-01-02,aaaf358226ca4a9f20077806de76473f,2017-12-13
2b022b533c7e96c66a5d9e2539065bea,1b660a15d095dc956092864ab9c6fd59,delivered,2017-12-28 17:18:40,2017-12-28 17:29:43,2018-01-02 16:49:23,2018-01-13 12:54:40,2018-02-02,24a58752f88e0777d7af3b9dc790398b,2017-12-28
e0ff8fbdba29b1192269bb50ef72245e,02acb1d49edb6c09b61d2f496afc61b5,delivered,2018-02-04 21:02:18,2018-02-04 21:15:32,2018-02-06 00:16:41,2018-02-15 23:27:48,2018-03-05,bfe14bfa136397036c4fd0cade75c68c,2018-02-04
de90c6becfae7b59fc7f1642e8578a17,fd0f799263c58a9fd3c65d72963046aa,delivered,2018-04-15 17:58:53,2018-04-15 18:10:55,2018-04-17 19:42:27,2018-04-18 19:47:36,2018-05-03,8f2fa110f45a5b5592f1593842b7e87d,2018-04-15
09bd279b1d189a59de559c5f558ca857,f5099455960fd677edc4badb55917954,delivered,2017-02-26 20:55:50,2017-03-02 04:15:23,2017-03-03 11:35:52,2017-03-08 09:13:57,2017-03-20,6d887f0f6d505edbfd980aefad415c04,2017-02-26
06f157e2c7fe91f2e7ae8d344c6fd456,c11041983dbb097b3e7f8054edb680d7,delivered,2017-08-26 22:27:16,2017-08-26 22:35:16,2017-08-28 19:12:31,2017-08-31 15:26:19,2017-09-14,865c77590abaa77db865e2a2313ffc31,2017-08-26
ee46e60afd0a0052089f6729df72feec,9bc9ba55fbe97a847d41d2a0324b1ca7,delivered,2018-03-14 21:30:10,2018-03-15 03:15:37,2018-03-15 20:04:34,2018-03-22 13:54:28,2018-04-10,aedc4538323a5fb9e9a4a31306be371c,2018-03-14
1541c47057fa62778f2f86eb39a329b1,6da4c3e14358d3229707e152e700e3ac,delivered,2018-06-24 20:44:39,2018-06-26 04:35:15,2018-06-27 09:07:00,2018-06-29 16:42:05,2018-07-12,211aa8d509375c6f7b3936639fde0fca,2018-06-24
4498a90ce01bc4d0f03ee12f1779ecbf,4d7554a9ece8963a6e505c6bb9daf108,delivered,2018-04-18 01:12:52,2018-04-18 01:31:36,2018-04-18 23:28:44,2018-04-23 13:22:05,2018-05-15,6633adb088760c36a2e759a0bfa39a10,2018-04-18
fefc60b6174117cb96cd5eeaec4188b5,fe8d5179f52ce81e03233bd79bbe5f28,delivered,2018-05-30 13:42:45,2018-05-30 14:47:43,2018-05-30 14:11:00,2018-06-12 15:10:58,2018-07-11,0ae69b1eb9ca6a03fac4afb437d850be,2018-05-30
c7d561ef533f624416dd087083e5539b,af716e66a2cb5edad96d3a43ac94932c,delivered,2018-04-12 19:47:37,2018-04-13 13:35:44,2018-04-13 22:56:31,2018-04-21 12:38:41,2018-05-07,dadd086a97139ac80c52955f11c6bd80,2018-04-12
0f7f0f5f679b32fd80e1535ca33a7c30,542225aee88bf09fe21f73ffe2fd9bff,delivered,2018-01-29 01:05:19,2018-01-29 02:10:36,2018-02-02 00:46:34,2018-02-16 00:03:24,2018-03-09,0f4fa7085026f7954741aed96a172814,2018-01-29
7e7c0e989429a8dcd7853fb2a666dbad,55257b99ab3886a92258796316c4fa69,delivered,2018-01-23 13:47:35,2018-01-23 13:56:27,2018-01-29 17:04:37,2018-02-15 00:08:05,2018-02-26,f6b8ade30e1badff12a6401359092416,2018-01-23
b25add7c80a79c6857f7a0a3180debde,4987ed7b51d4233b6fc8f4dca9812a06,delivered,2018-01-15 10:52:45,2018-01-17 03:36:45,2018-01-17 22:12:51,2018-01-19 17:23:00,2018-02-07,705a33a400fb826cc9b13fbf613bf82f,2018-01-15
72096fec7f0a5c65db72ae549c086803,709cc21d90b1c1afba62d1bec7d2761b,delivered,2018-02-28 18:31:11,2018-02-28 18:48:20,2018-03-02 20:49:03,2018-03-20 01:32:20,2018-03-21,781c0058b37938ec11af4bb5cc30eae6,2018-02-28
13fe5b8b3ad46c558f0c53939589776b,a685e039c2149f0278def380b654b0b8,delivered,2018-07-14 17:43:48,2018-07-14 18:04:21,2018-07-24 14:13:00,2018-08-01 18:52:14,2018-09-12,ccb89ab59ba8eec8518110077868630a,2018-07-14
e56707e3091b56e19c6234125fc87943,b098d962a6848a2321d0fcdf11b006e6,delivered,2018-08-08 17:59:33,2018-08-08 18:10:21,2018-08-15 14:15:00,2018-08-20 19:59:04,2018-09-05,20c83e8a5bf555973c157804dd0de4b7,2018-08-08
101d45ec36017120849bced34020c170,0066d0530824a5e8044c71af62dea8d5,delivered,2017-11-22 09:51:35,2017-11-22 09:59:58,2017-11-24 18:56:52,2017-12-06 14:16:35,2017-12-12,1bd843b2bc9b09595f3ed35d4f031506,2017-11-22
dccf5f082deff344c087201ccbd2d1d6,cd437737ec19d74ccb8d6dd461aabe73,delivered,2017-09-11 17:35:25,2017-09-11 18:04:33,2017-09-12 19:33:11,2017-10-05 20:43:40,2017-10-11,9b58ceaef36ab20e6d76541ff179219d,2017-09-11
40566e07284e5387c3c479d0ac7aab9c,2d402a85298af9a5f4e3962a396fae4b,delivered,2017-12-01 19:34:11,2017-12-01 19:57:11,2017-12-06 21:58:10,2017-12-15 18:38:43,2017-12-27,aef04d25d6269c9eee7074b8d5be7693,2017-12-01
1bd518c15ee16570e9b8c8e29fde9ab6,002905287304e28c0218389269b4759b,delivered,2018-07-22 17:13:46,2018-07-24 11:33:00,2018-07-31 09:25:00,2018-08-08 00:32:44,2018-08-17,8bc183d9b9efac18f96f680940191c45,2018-07-22
b9dd3f0e6a1d159b84a47b61a8824f65,ed8d2a26ec958da7c1b38092025cd7e9,delivered,2017-11-24 04:46:05,2017-11-24 04:56:21,2017-11-24 16:03:43,2017-12-01 14:09:15,2017-12-14,d57271c51334e10dc6878e2e94225807,2017-11-24
ea402a52e47bbc683974efe466ed5271,7c5abccd0319853b8b3718591f5e7117,delivered,2017-07-14 01:30:24,2017-07-14 01:43:33,2017-07-14 17:51:46,2017-07-26 00:39:31,2017-08-07,6589e66f8dd81a3779267e3b74e58a58,2017-07-14
60c03a80ee95e6f0b2be392657ba6c1c,348d1f235674cbfe52089a8d7e3a318f,delivered,2017-09-28 21:38:48,2017-09-28 21:49:30,2017-09-29 19:24:57,2017-10-02 22:06:39,2017-10-20,891693d3ffc0cdb14324bed48c0b2384,2017-09-28
1853e9a86c06c73c095d0657db4737fc,a914135257fb9099bb4c51da34edf7b5,delivered,2018-02-18 09:16:05,2018-02-18 09:26:32,2018-02-20 16:27:27,2018-02-23 22:19:15,2018-03-13,3e087f4360f6a520c85dc7b49120b7da,2018-02-18
57d952543113d2025900459d06269475,1fe3e3ae49d2a072f32177fb772f7dd3,delivered,2018-04-30 10:33:16,2018-04-30 10:55:06,2018-05-04 12:09:00,2018-05-17 20:44:32,2018-05-25,acfcf82d676478ea9991340b3983dd58,2018-04-30
1ed70e8d41f1ea6bd7763ade88da02a6,2e271b89e49e36d89b51f78aa7900850,delivered,2018-08-18 22:35:28,2018-08-20 10:50:44,2018-08-21 14:40:00,2018-08-24 19:08:35,2018-09-10,d5138d28e05dbe040a46a0f384a3b315,2018-08-18
7736e9fe1d1c7d942e10ec7e57e94bbc,4acdf61f00c231891e30ce833d9227ed,delivered,2018-08-09 09:53:36,2018-08-09 10:05:10,2018-08-09 17:13:00,2018-08-15 16:18:42,2018-08-24,fd0b05d9788373d8810b6a31aad603cc,2018-08-09
736813b41544d3ca0ed5d508802f4ca1,b4f165c52bae5d2d45193cd87801929f,shipped,2017-09-15 09:05:41,2017-09-15 09:15:13,2017-09-20 20:41:38,,2017-10-05,cbc3d8e6acaec99eb90eb021e10bddf0,2017-09-15
4ebed5a2d80995d747c4f4728007b406,87753d19371f5dbbaa878954d87fa0f5,delivered,2017-11-30 01:12:17,2017-12-01 10:31:19,2017-12-05 00:11:50,2018-01-04 00:18:47,2017-12-28,a0527540f53842b5e705b3f7c245dc13,2017-11-30
f1b3a624e786c025ff2cb9f5fb59515d,77c82fd1eb30bc7ca2e3075fc4bbdbd7,delivered,2018-05-06 17:09:25,2018-05-07 09:13:43,2018-05-08 16:52:00,2018-05-18 14:57:52,2018-06-05,1f9424e244a3f342657f259ffaf6dd12,2018-05-06
7df0be89ace3eb8776cd96ef3df0f12e,902da30d27a7563502da22b47f9f48a8,delivered,2017-11-25 19:27:31,2017-11-25 19:35:22,2017-11-30 21:58:48,2018-01-05 20:03:31,2017-12-22,57ea217386768549042deb1a19ee7202,2017-11-25
bd5d8e4ebcc034472954de8f591cd151,4e2edc825b43010a5ca8a1002dbf0e5b,delivered,2018-08-03 15:19:03,2018-08-03 15:30:22,2018-08-04 08:41:00,2018-08-14 22:59:46,2018-08-24,bb89e4f51744df82ecb801818a153037,2018-08-03
9183260cf469f329e0804feccc1cf0f4,b8bdc0faa5b1065d49cb18deea099885,delivered,2017-12-06 22:20:30,2017-12-06 22:33:13,2017-12-08 01:12:47,2017-12-11 16:37:47,2018-01-02,f6a9b5f9488824949c9b0fea48ae3418,2017-12-06
ba32ca81e6f254f77b25b2959a1bb776,32b58a7d02e96a3bd310bb3dfa5baec9,delivered,2018-06-16 21:10:37,2018-06-19 04:16:56,2018-06-20 14:58:00,2018-06-21 19:56:54,2018-06-29,dae44106b961e502a7ad60c279e72f7e,2018-06-16
df56e27fb87ba6d4beb70719ffdd707b,cac8086da9e69106699a14f7f9ae977a,delivered,2017-03-13 08:43:10,2017-03-13 08:43:10,2017-03-14 13:21:52,2017-04-05 14:23:59,2017-04-11,7263bdaf8bd8ca9e023f521f8ae50970,2017-03-13
154f07e395b8990c8aa5a60b0f38fc3e,0597c9c022748f4c23f019f01b8286f4,delivered,2017-05-29 13:49:46,2017-05-31 06:55:24,2017-05-31 08:13:55,2017-06-08 13:13:44,2017-06-27,9b364462480c4a10d2c83bcfc2d3dc20,2017-05-29
45f470a790aede4d492919f4df65b123,ed6ae96460478dd6080dabe8038a246e,delivered,2018-08-06 11:15:25,2018-08-07 04:24:47,2018-08-08 14:45:00,2018-08-20 22:48:54,2018-08-20,c263c0e5e4377deaf3eac12746f3934a,2018-08-06
b282dff26b02dc8eb8715aa5996b13a0,b7afc661f446c22413d9f3e0c1b5aeed,delivered,2018-04-05 07:41:46,2018-04-07 02:48:13,2018-04-11 04:18:29,2018-04-12 12:42:53,2018-04-19,19f276173a56972adf05f21e789773fe,2018-04-05
5319d79dbab671824060b110de9d8346,4e09b5a438e739bed892cb3980e5332b,delivered,2017-11-05 20:11:03,2017-11-05 20:26:43,2017-11-09 14:46:44,2017-11-28 11:29:27,2017-11-29,4dd90242272ee2cabb138d66d95012dc,2017-11-05
4f06521f4a3d0a3635cc4430430d1cef,9c52e4d9187afd7b33cbc250d5ac605e,delivered,2018-04-11 11:52:13,2018-04-13 02:32:08,2018-04-13 17:41:25,2018-04-19 15:06:23,2018-05-14,0a9e0b92953214fa4ffa588b9d0e6129,2018-04-11
028ffc48d3a4004a010e5847d7266cdb,7ab6bf8e79e131fb7052921a49aabb2c,delivered,2017-07-27 17:28:13,2017-07-27 17:50:18,2017-07-28 18:38:04,2017-08-02 22:22:15,2017-08-21,1640860d11922b30e57f8f8a38820c86,2017-07-27
b0f282feab66596e7100f9baded8b54f,c8afbdb8bcb6ff18e1396158952379a7,delivered,2017-05-05 15:30:38,2017-05-06 02:15:59,2017-05-09 11:17:14,2017-05-18 09:07:50,2017-05-29,4e47cf274a97fd7db20e9a5d7e218343,2017-05-05
29748bf43e13388a744dbf9111d073e9,750a09a70b7d253006037ca5187980c9,delivered,2018-04-09 16:36:09,2018-04-09 16:50:14,2018-04-10 18:18:24,2018-04-12 19:21:22,2018-04-27,b38a55442a8775ab33761076761b39d7,2018-04-09
3749e1bbc7bc1d318446e7c177727a01,684fb41123159abd77da3416cf999acb,delivered,2017-05-19 18:55:29,2017-05-22 15:45:15,2017-05-23 14:46:13,2017-05-30 09:34:16,2017-06-12,c926cbf9098cf4c255d539ee45173d8e,2017-05-19
048297b4e795502db60be292e12dd390,d5504bb8d69de23d8c49bd96e55e51ec,delivered,2018-03-26 03:50:48,2018-03-26 04:08:31,2018-03-29 16:22:03,2018-04-09 18:46:51,2018-04-12,89be58cbdd6ef318e3ed93fdb22be178,2018-03-26
c736eebe212e3065b4ca629fb98389f8,ccd88d5a028a8673a1f2e9b98af66132,delivered,2018-08-23 07:36:13,2018-08-23 07:50:12,2018-08-23 15:35:00,2018-08-28 20:18:26,2018-09-11,c9ed110b8918fcd831073636349e79a3,2018-08-23
2b0d020da35221c291bb03a55f70794a,08a01db5764bdab850af621dc71a35bf,shipped,2018-04-02 20:27:07,2018-04-02 20:49:57,2018-04-06 01:02:27,,2018-04-12,1d22874e942b46c8b1d4bcb9af693d69,2018-04-02
48a51dd8d092c2c777f8dc6446f5684b,65a75a3c78a824c9df00b338e265023a,delivered,2018-01-16 12:05:27,2018-01-16 12:52:09,2018-01-18 21:46:35,2018-01-22 16:38:32,2018-01-31,6469f99c1f9dfae7733b25662e7f1782,2018-01-16
80b0d3793468761fc92ec09064ef6223,12c4681e232d47d03c141538596d252d,delivered,2017-07-07 18:36:58,2017-07-07 18:50:11,2017-07-10 18:36:32,2017-07-15 13:07:51,2017-07-31,e6555acfae6ffe885f6c4ed864f93a2f,2017-07-07
a4f4688be9887418ee0c130b6f061586,3ee02d8633882ec406812543d39467bd,delivered,2017-12-04 13:03:36,2017-12-05 04:11:39,2017-12-06 20:14:44,2017-12-12 00:23:33,2017-12-28,1aa6f4e663c92842d75df617ccd2f4c9,2017-12-04
262b756fedea5f6b366d4b2502305836,8dc05898bdb12786a2bf61bcea1c5f74,delivered,2017-09-22 22:44:09,2017-09-22 22:55:18,2017-09-25 14:25:04,2017-09-26 18:37:47,2017-10-09,543879bd6d73f15bd0960295d0ef97e0,2017-09-22
a3c299fda1b92fa41de80b43ecc70ddd,ab72b4d341557427246cd29f153d583b,delivered,2018-08-13 12:33:44,2018-08-13 12:45:09,2018-08-13 17:57:00,2018-08-16 18:18:48,2018-08-22,f8cee2028b6b1e274e0e6178aa743bca,2018-08-13
894619d2fc0479d115a9bd72bfa0df34,f3b3891ff0afe3e2d70489634fb1bfbd,delivered,2017-06-24 11:59:58,2017-06-27 03:55:23,2017-06-27 13:10:07,2017-07-04 14:22:49,2017-07-18,917ecc45f6867afc87a8351389bd75f5,2017-06-24
1936ad02cf90caffb1558f148050521e,2a0289202e14198ac9d962dad6a703b0,delivered,2018-08-06 14:39:15,2018-08-06 14:50:14,2018-08-09 09:25:00,2018-08-14 01:29:50,2018-08-10,5ba572c778c07ea0ce0acc8bdda8d263,2018-08-06
677903861e5a22d39b6c208476a62fe4,e7277a1754c3ea5a86f83ede09db9c91,delivered,2018-03-15 08:34:44,2018-03-15 08:49:33,2018-03-16 20:12:50,2018-03-22 22:41:04,2018-04-05,c8c5791564c7e97c61449ac2b3663831,2018-03-15
ebe62bcd645483aa0241c300d095781a,cfb42b1989c010c2dc4dfd94cfadd08b,delivered,2018-07-22 20:47:14,2018-07-24 11:32:33,2018-07-30 13:23:00,2018-07-31 19:11:41,2018-08-08,d9f99c499b1b0ef32ddf4ae9bfea95f3,2018-07-22
379663f7c5cf76e4a3cc7a2833071a39,398ddc24c8d53e2854a97f79965ba8f4,delivered,2017-11-20 11:46:30,2017-11-20 13:07:08,2017-11-22 12:31:54,2017-11-28 18:02:32,2017-12-01,f89560e702ba272e6bc3b7477ead95c7,2017-11-20
558eca1d22374a40aa35c2d9f88573a3,a7261b8467989c8b5c1800b4bfd705bf,delivered,2018-05-28 22:29:25,2018-05-28 22:50:35,2018-06-01 08:47:00,2018-06-07 20:03:41,2018-07-12,09da21bc41951e6b59c06f8b0f5f5236,2018-05-28
dc15b9e0016b708d301f392106b5dd8f,5b908cece884341d65da37a92210d839,delivered,2017-08-09 20:43:39,2017-08-11 04:26:08,2017-08-11 18:19:51,2017-08-21 20:29:43,2017-09-04,ee5284dd358132f738f01d92721a9350,2017-08-09
3e01bcdfc97eab0de1ea04ac3848d32d,8843bb636edd3fc66fe18b063773cf4e,delivered,2018-01-30 16:33:31,2018-01-30 16:52:51,2018-02-01 15:22:59,2018-02-09 15:42:39,2018-02-23,3ddf3a844281361d1b333943de3c611c,2018-01-30
2b859a50927381b5e99fbf88aea9d1df,c8a5fc21ea39790afb9055fbaf1b430a,delivered,2017-08-28 07:20:53,2017-08-28 07:30:18,2017-08-28 19:27:33,2017-09-11 19:29:41,2017-09-19,8849b35ccb854f2373c2bff43083e145,2017-08-28
3734ef852a0ffc47fd80c97740466f68,ea53ba261e9a844d7878bccd09b06114,delivered,2017-05-19 16:02:38,2017-05-20 16:05:21,2017-05-26 09:12:25,2017-06-01 14:14:33,2017-06-09,7063b55fee699193fd5e44253a7e4a98,2017-05-19
88cbdeaeb8c50426897ba268a0b163e6,38d35e17e122dfd358e624c1d85746a1,delivered,2018-03-01 11:12:35,2018-03-02 11:15:31,2018-03-06 11:30:16,2018-03-08 15:11:57,2018-03-13,734603b25f31dee4be6c85772985696d,2018-03-01
7c5c5961b54c4057653d3b72bc612585,66ba2748d049b1519d1961df10d3d46d,delivered,2018-06-03 18:24:25,2018-06-05 04:51:55,2018-06-06 12:47:00,2018-06-14 16:56:00,2018-07-18,4b1f9cce34a1e479937f459c9f9530f6,2018-06-03
cba50ee7d72101bacb9accfaaf1d087d,a21458e978c59c41679d6a8559bf4a85,delivered,2018-01-22 10:33:42,2018-01-22 14:16:25,2018-01-23 18:22:47,2018-01-29 21:14:52,2018-02-16,e2d0aa27cb23d73adcaaa2a92586e091,2018-01-22
016d1bdf6efab4f6b805df1c03043113,32ea572ef909ce200bf5097211d79d22,delivered,2017-10-04 20:26:53,2017-10-04 20:35:24,2017-10-05 19:50:09,2017-12-01 18:49:05,2017-10-31,48aee83c86f97efcbe8143093423578c,2017-10-04
b0d65843c6f571427a85638c3cf35194,8cca78a0f2d9dee5fd38f79b3afce8cf,delivered,2017-11-29 10:53:27,2017-11-30 02:21:06,2017-12-04 20:49:28,2017-12-14 00:46:14,2017-12-27,2532a25b336ef0fd1f37790a7f0ab16c,2017-11-29
60b3fa9424e97cd3b6b95ca799d511c6,57e35c7eed060b1d17f1ab92d9c856df,delivered,2017-07-31 10:00:03,2017-07-31 10:15:09,2017-08-22 11:34:02,2017-08-22 11:34:03,2017-08-22,9e174aadbc877e3c42ca03babfd157f8,2017-07-31
3f35b92ed8249125038852a2742bd514,e1504409fcf87ab3a65f3e819c8bfcce,processing,2017-02-19 16:06:22,2017-02-19 16:15:12,,,2017-04-10,98ad867cd8ad014480d84a31c5b451d9,2017-02-19
b91486041622a3542a1c4b44865a4eaa,b4e45cbfb54188b16762b0f2bc0f24e3,delivered,2018-01-19 18:52:29,2018-01-23 03:38:28,2018-01-29 18:13:44,2018-02-14 23:21:36,2018-02-15,85d5b68b9a95c88eec23d3a96287d9c8,2018-01-19
d0e90fb668eb0cd266dfec287a74306e,8f5335d82fed2d5e0d0b20c9750e56a7,delivered,2018-04-17 17:59:38,2018-04-17 18:11:22,2018-04-19 16:32:57,2018-04-23 22:04:29,2018-05-15,3528193558c2ee48c01f78213141e115,2018-04-17
412e22f7bfca70106c77569bbe81ed1a,e35e19361dc332f82925c6baecf4f2ea,delivered,2018-05-14 10:22:09,2018-05-14 10:35:09,2018-05-14 12:53:00,2018-05-21 19:12:44,2018-06-01,a48c16e35336a777e77f40cbd40b30bc,2018-05-14
718db37c9161a7d6124c332ea8780b19,d71ad29a42d24318dd3059f288e2854e,delivered,2017-10-21 10:40:14,2017-10-21 10:49:29,2017-10-23 19:42:47,2017-10-27 21:51:59,2017-11-09,4a3162fcc73416fbe8f70524e10a263a,2017-10-21
e9a18a01a641ece17c11a804a3651208,f6a410defc688664c9817dbfa4017e8c,delivered,2018-07-23 09:33:10,2018-07-23 14:30:56,2018-07-26 15:03:00,2018-08-02 15:21:38,2018-08-02,85ac6bbd9993be0819bbea3cd2bfd266,2018-07-23
49de2042facc292abd730e3dc6c0a75a,41a27a1274fe5d0d5d88585f37769043,delivered,2018-08-05 19:50:50,2018-08-05 20:05:22,2018-08-07 15:33:00,2018-08-13 18:02:49,2018-08-20,b9e797b1c0caebb7644449e4c7e40676,2018-08-05
be6b82c466147a814c936f0b4a4714ca,49ae5fe564cf8aacc2524d9fba919cab,delivered,2017-04-22 21:17:54,2017-04-22 21:30:06,2017-04-27 05:53:20,2017-05-09 23:32:26,2017-05-29,4637e35610c5cbcf8e6939db18616926,2017-04-22
7a0b657901f79cf17980c043f9536dcf,c7201484ae70fbceb803edabe73f85d2,delivered,2017-08-26 21:37:39,2017-08-26 21:50:22,2017-08-28 22:09:59,2017-09-01 22:18:02,2017-09-15,3264bdf15cdf919688dcf64636e55437,2017-08-26
dc28b4fe4b9aee6d106b4fdb21e6c894,37dab09620092cfea0db7fbd560812ba,delivered,2018-08-02 16:45:44,2018-08-02 16:55:30,2018-08-07 14:55:00,2018-08-14 18:04:50,2018-08-22,504f3cc1d208cca81e89309c7c30b0c0,2018-08-02
61e278d1de3edd9fe7a19d62737ebbf0,f89e164f998875098e0325c1d30090e2,delivered,2017-12-06 21:45:59,2017-12-06 21:55:18,2017-12-08 19:38:36,2017-12-11 13:25:36,2017-12-22,b9d27ec8823651ff261164dacb908616,2017-12-06
1484421169dee9ceefa1d3584a49d529,92ec846ffd177f0850f3a69b5ed861b1,delivered,2017-12-14 20:26:46,2017-12-14 20:38:29,2017-12-20 22:03:28,2018-01-05 20:19:58,2018-01-17,57a073a9e3915e1bd5f4de5f99b3cb6c,2017-12-14
28522593d073f4f1738c608a4326ca7e,07ad509a190ee73379e32edd0af4f0d7,delivered,2017-05-12 11:59:55,2017-05-12 13:06:42,2017-05-15 12:12:11,2017-05-20 08:59:35,2017-06-01,039b42d2915afbc2d4aae9c7b8f2071d,2017-05-12
51b293b7ef9af17da9a922ce4069c202,81807f6e141a41c8b2005b775042a5f4,delivered,2017-11-25 09:27:31,2017-11-25 09:36:27,2017-11-27 20:58:46,2017-12-07 19:15:09,2017-12-29,29a75a384924d941f43321d6330f55a5,2017-11-25
b2119fc1abe3ce8896e2e0e951ec8d9e,62b1788eb836d7afcfc0c229b9a68887,delivered,2017-03-23 13:54:11,2017-03-23 14:05:08,2017-03-24 09:56:08,2017-03-29 16:54:01,2017-04-11,67fc75e2bc13d70df5e001634158daed,2017-03-23
fec1a2a1810b5d8cb301a4ddfebbd306,72e3f9e9aa5a38a707bdbd9bb1b91a4b,delivered,2017-10-24 23:07:57,2017-10-26 02:56:38,2017-10-26 14:47:37,2017-10-30 19:14:58,2017-11-13,5b927be15533b8876fba5972cf878e74,2017-10-24
7f12392edffa8c0d0ac2d70b26ae6c0d,b0d01a72741a1df7fb5dc44f13320db6,delivered,2017-11-25 09:38:44,2017-11-25 09:50:57,2017-12-08 00:13:26,2017-12-12 20:53:44,2017-12-12,078be618dd35512c0e3306e8ff7e9166,2017-11-25
ffea20c7630343a6cd9e09858c1295cd,79e8c1737d903a4055c4d2aa87661bf7,delivered,2018-05-23 23:33:30,2018-05-23 23:54:50,2018-05-25 07:10:00,2018-06-04 17:58:36,2018-06-20,adee1f41a8a1659b461473d88cb6975e,2018-05-23
041687935b1e4c3715beb1602270b40c,212eabb96351d2749fac79129e8de92d,delivered,2017-12-26 10:35:22,2017-12-26 10:46:43,2018-01-09 22:04:03,2018-01-10 18:37:24,2018-01-15,26d2deab12236d9b5683602c5cd9348f,2017-12-26
1a48457d74e555ecee7280368ee20123,879ba647fb33e5abbc085e25df942716,delivered,2017-03-12 15:19:12,2017-03-12 15:19:12,2017-03-13 15:01:51,2017-03-16 09:21:48,2017-04-05,1bef0b73e706c035cfb4755cdc594afc,2017-03-12
12b14ff427f6ae44eaeda7943fd08eec,23ea3c64f567e7d09d4cc68afde2588e,delivered,2018-07-03 09:58:51,2018-07-05 16:21:32,2018-07-04 14:24:00,2018-07-09 11:54:48,2018-07-24,30e2a85d00aed95c60786a1a6df6a9e9,2018-07-03
52e12db27448fca8dcb88bf7bc7ae037,2b4d7fd64cc2e0e288f40151855a1dd9,delivered,2017-04-06 20:24:10,2017-04-06 20:35:12,2017-04-07 15:54:36,2017-04-12 12:18:27,2017-04-27,2f41863e0922b8d1fbb756691b5c315b,2017-04-06
5eb8cab859a459c603cf3e90204e6ec7,409a4744aa5c2af44e194aff56430322,delivered,2018-05-20 23:11:36,2018-05-20 23:37:51,2018-05-22 14:15:00,2018-06-06 19:32:24,2018-06-27,fb490a070c5dbc385afadcf0e56270bd,2018-05-20
71119930004c36d94916e3674d12741b,a3a976476b6ac6f10a6aeaa6a6a24d4c,delivered,2018-02-20 11:22:10,2018-02-20 11:35:30,2018-02-21 22:59:04,2018-02-26 23:22:49,2018-03-13,04a0438ecbd3b8dc44624808f161182e,2018-02-20
a2ac6dad85cf8af5b0afb510a240fe8c,4c2ec60c29d10c34bd49cb88aa85cfc4,canceled,2018-10-03 18:55:29,,,,2018-10-16,af5454198a97379394cacf676e1e96cb,2018-10-03
bafb9bde5f5c7eceb94ddab229f884d0,4d7678eafda68567d5f606090c25fd95,delivered,2017-04-24 13:51:20,2017-04-24 14:02:37,2017-04-25 19:20:11,2017-04-27 13:47:12,2017-05-11,d94c392ceb3c7ebf870f71e9a79dc9c8,2017-04-24
ac27daef675b553c0c33385c9e32b7a1,aec77f52ad492c98a6edbe277120228d,delivered,2017-12-07 12:44:16,2017-12-07 15:33:17,2017-12-09 04:28:55,2017-12-27 16:27:16,2018-01-03,ecbc42d5a8392bf1b6f133436906f943,2017-12-07
f33c74a1f0e8455e000cb264ce877e84,757e51fbcd39ef2a9315f39f4459e30b,delivered,2017-04-07 12:07:32,2017-04-08 02:43:45,2017-04-11 07:41:32,2017-04-17 13:05:09,2017-05-09,c05bb351f2f72176d79b8d6285994900,2017-04-07
f36e6ba50146eb8900cad146dd95e9e8,866d24c7e22324caf53cc6b90d5789ef,delivered,2017-04-11 23:44:10,2017-04-12 01:25:28,2017-04-17 10:33:27,2017-04-20 12:50:05,2017-05-03,74b0fa7a092279312fa71b1d587e48d6,2017-04-11
9b897ee284874f0bfc0174e53c8ebcfb,7a38bbf1ab93ed3d05e54c57d7e5f66d,delivered,2018-07-23 14:08:57,2018-07-23 15:31:47,2018-07-24 14:45:00,2018-07-30 18:24:43,2018-08-16,194f1bab01e4e36f4255603e9a427b89,2018-07-23
cedde3e913410b115a589c84c79b263a,3e473a3db2fe0c95efc450964e456779,delivered,2017-10-26 21:03:41,2017-10-26 21:26:28,2017-10-30 13:04:20,2017-11-06 14:18:37,2017-11-14,87b94e94a36e44e2e75289cbf9973509,2017-10-26
51d713e7827d7fce65be8df2395cb0bd,92cd246c0e13f888349600875012b35f,delivered,2018-07-30 22:40:21,2018-07-30 23:20:09,2018-07-31 13:10:00,2018-08-06 18:45:02,2018-08-10,a0bf5d638529472a53555f00b4ec32b8,2018-07-30
ba9c3da1371e15178fa1a6f6bc8be6b2,fadd5f316ed143becbaba151fd4b16b1,delivered,2018-04-24 19:03:54,2018-04-24 19:27:33,2018-04-25 15:48:00,2018-05-19 14:32:14,2018-05-25,8e81ae98cc0cb11aa58d36683c48d2a6,2018-04-24
1551a397c99806c946fb1b1e7c729d8d,dc75e0a58a28420f6dfa3714fdf39222,delivered,2018-07-09 10:14:12,2018-07-10 09:10:10,2018-07-10 11:22:00,2018-07-13 13:38:55,2018-07-24,be20a1d41362c9963d0336191aa160fd,2018-07-09
4ff76509ab49169df6382331fae23a4f,0ee0bf22ca4ebbb591a314b4689c8a36,delivered,2018-05-05 11:54:07,2018-05-08 04:32:55,2018-05-08 11:42:00,2018-05-10 00:41:39,2018-05-17,484e6c9c06958687841c37c9a74c10c2,2018-05-05
3584a4511f8aa783607bd52ff517b73c,559bf7f8a3667fd2f4d0e4fd701d1678,delivered,2018-01-10 19:10:18,2018-01-10 20:08:06,2018-01-25 16:16:36,2018-01-26 20:51:40,2018-02-09,2693c09b2bd4159a59c216c4114c1e19,2018-01-10
f0dd9d95e7d45baae0926c374e0df783,e6655eb60aefb0e8304f126c99b3eda6,delivered,2018-01-07 16:22:06,2018-01-07 16:29:25,2018-01-09 15:04:55,2018-01-15 16:46:53,2018-02-02,9d5e7724b29739c763ee8a7e52689ffe,2018-01-07
f4293a053b040f6515c5b48808a282be,9c2be6e8f872e092e549c5d295e8bdb7,delivered,2017-11-28 20:34:22,2017-11-28 20:56:58,2017-12-01 20:21:41,2017-12-09 18:25:43,2017-12-19,7a1c60cdd33e784d4c1dc439246b5c5c,2017-11-28
7d0eb8de17d494f4151e4470cd1b0605,80a9f7586c30dab1b6cf315b01f20174,delivered,2016-10-06 17:10:05,2016-10-06 17:53:05,2016-10-14 18:29:03,2016-10-17 19:29:03,2016-11-28,7fab7e8b8aa68f7a538ca818b7b57322,2016-10-06
7b1c4067e1c0f598ff2ac836df756f66,0d94387e1ef2bdc01b7c4dcccc98007b,delivered,2018-05-21 18:08:56,2018-05-21 18:54:04,2018-05-22 14:14:00,2018-06-06 09:34:44,2018-06-07,514136fcdd922227bba403b1c2e99598,2018-05-21
299a5bd1c2d7b32f5108fe0e84661e5d,01870df5434a15efdf52f02d895d3931,delivered,2017-12-25 20:22:00,2017-12-25 20:48:02,2017-12-26 22:42:43,2018-01-03 18:10:10,2018-02-05,9aa566e69c1e42fa9a801abcd8a2993e,2017-12-25
c0364ee18a0b18e6da5e7754cf4f4e8a,6842592a4cdd735bf3fd43ce522773ef,delivered,2018-02-13 11:35:15,2018-02-13 12:47:05,2018-02-21 10:53:06,2018-02-26 20:54:11,2018-03-15,376fc5da2c32f3f7b67de2f142d38c5f,2018-02-13
b5a015f522905531762c38c60f7e9a4a,c0d33d25a96ddb5c871de6bf0ce88c13,delivered,2018-03-21 11:22:31,2018-03-21 11:35:31,2018-04-07 01:05:50,2018-04-11 18:33:02,2018-04-25,ef392e40331eff5cded1fe6441881acb,2018-03-21
d2bc174d5c413f457a21db6899afb682,0337719c3caba8187a276942d35347fd,canceled,2018-08-09 09:50:42,,,,2018-09-14,50c7adf7c25188cf27f66e1cfe278fad,2018-08-09
e35f04a0b16431eb95c9f179c004f500,f8c39e0e6bfc93d6b12d7ea11a4ecf90,delivered,2018-05-29 20:16:41,2018-05-29 20:34:31,2018-06-01 12:54:00,2018-06-13 14:29:02,2018-07-20,4ba7b2cf08a22010a5be67659b27615d,2018-05-29
d446c3b58885af902aa7182d140afd0f,c194b82916f0a767cbc1195072f8d623,delivered,2017-07-26 22:06:40,2017-07-28 08:43:43,2017-07-28 16:44:13,2017-08-01 19:04:06,2017-08-08,d5e80f71b6ba2f1d293149b88c70a4ab,2017-07-26
5dee4f20dad15577d54e207b68b96be7,639d8567cc1c4963745cbbbf059ceb3b,delivered,2018-06-09 09:56:19,2018-06-09 10:17:30,2018-06-11 14:05:00,2018-06-18 18:46:43,2018-07-04,909a1f3c1e5961e4dc442c85b5c94266,2018-06-09
07ac486a7e139e73d66011849fa5779d,1addc7d0ea1d5587f4cec79230ef78c5,delivered,2018-07-28 15:34:10,2018-07-28 16:04:24,2018-07-30 13:39:00,2018-08-02 19:32:51,2018-08-15,74084085261435e53305c2b031007d88,2018-07-28
bdde0e6ab375f21ce8915c8b0c359f91,26478ee582f4b86952910fb4c7ee93b2,delivered,2018-08-06 09:54:22,2018-08-06 10:24:16,2018-08-06 13:12:00,2018-08-17 23:50:52,2018-08-27,270f7bec71e8a56e5e9b8f402c1d35ec,2018-08-06
b8b17051a70af754f5a15916490b578c,263f578b432f4c4a154e9c7002bc6c06,delivered,2018-01-04 12:32:11,2018-01-04 12:48:35,2018-01-09 23:52:33,2018-01-23 01:03:48,2018-02-02,d5340d65f40498ff9e47f7772081ab39,2018-01-04
7ad0fb12f6d6b5d498db0bbfde6038bd,2d7104a85d14a9ff66cc049ba9ae2f73,delivered,2018-07-26 18:47:30,2018-07-26 19:04:37,2018-07-27 14:55:00,2018-08-02 13:37:53,2018-08-16,760c47f803bf55ae0415c56179c515f0,2018-07-26
e75c86c6a3956189c2c40685452ae75e,84ff6c64c583bdec4bc0b0d2296879da,delivered,2017-11-20 13:11:11,2017-11-21 13:06:58,2017-11-22 14:25:00,2017-12-18 17:19:09,2017-12-21,bfa04e2d934a65f28ba3fa183680d4cd,2017-11-20
15d975f1c3d089ac26a9b8b40df63d7b,1fe42529934b191efb447972c43ac91c,delivered,2017-10-24 17:22:54,2017-10-24 17:49:27,2017-11-17 00:24:49,2017-11-20 17:38:44,2017-11-13,81bc03f45d43b319a5dcf0759cd35745,2017-10-24
3c97549bb72f1b9c0917dc29d750b34e,fe0ae410fb9ce8dd50a05eaf0ffcb60b,delivered,2017-11-01 18:59:06,2017-11-03 14:10:37,2017-11-06 20:51:45,2017-11-22 23:36:56,2017-12-01,3915ea5d3b1ac707a26f87ea92a4d3eb,2017-11-01
3776ca53eef7dc944d1b615e9ec3ad36,58c9cac8b8d827ecd1854a007b921fca,delivered,2018-06-27 09:36:14,2018-06-28 02:15:49,2018-06-28 11:09:00,2018-07-04 10:24:40,2018-07-20,5427d774c25f4b117d165848129fd623,2018-06-27
55f6389d37492e413b7dc1cab498db13,edf23d5286e7dc19ba96d4276bb9b3fd,delivered,2018-05-14 18:17:21,2018-05-14 18:37:38,2018-05-15 12:41:00,2018-05-22 19:48:53,2018-06-01,aa789d52aed60d7a80bfbbadd9e9ba13,2018-05-14
082b39e89779891345c6ebc6def4822d,b1ad9ed44c9f38c75ddabd01eb6f6585,delivered,2018-01-29 17:54:40,2018-01-29 18:12:27,2018-01-30 17:36:59,2018-02-01 15:22:56,2018-02-14,7b662d846265cb0ed144db95fe0c74dc,2018-01-29
5771faae60a2852e55b8cd938a0dab30,8b6edda68c5b813a279c016c99a54ba9,delivered,2018-03-01 20:02:47,2018-03-01 20:15:30,2018-03-02 22:14:02,2018-03-15 02:37:51,2018-03-19,47bcc63fd850775bb994db24702e478b,2018-03-01
e2ec0a81f014ff5006648b818c33219c,9920c66af298e7dc6997930aae31f1cd,delivered,2018-05-27 13:34:45,2018-05-27 13:49:49,2018-05-28 13:34:00,2018-06-14 17:32:47,2018-07-18,dab8aa3e35f6fb764ff6ab50dd326495,2018-05-27
decde2051f14d8e9213dfc5d257c1d43,8cbccdc86fcba81b6a46ff57e594e428,delivered,2018-03-06 16:05:42,2018-03-06 16:30:01,2018-03-16 12:22:37,2018-03-17 12:08:47,2018-03-22,5598995788d932aa2a2db20d45187139,2018-03-06
c44f6d4c3cb98eb24f64eb9e2a39dd20,41769ddd0d1199c4f5f9066d2c2e65fc,delivered,2017-12-08 19:40:54,2017-12-08 19:53:21,2017-12-12 00:57:06,2017-12-20 18:00:20,2018-01-08,80c2334deef4193946c85f731297850a,2017-12-08
771596702a2e0245fb67b093182acb03,e16ec82ed66f16aa48f8bc6bbb287575,delivered,2017-11-27 15:47:46,2017-11-29 15:59:50,2017-12-05 20:59:01,2017-12-14 17:36:42,2017-12-20,79fba5cd52d2eb5acbe36a15993840fe,2017-11-27
bfb022f17ef48196bf7cda1a9a437517,3dda9e6c4c336587def527c9d32eac08,delivered,2017-02-12 14:14:09,2017-02-12 14:22:54,2017-02-17 13:52:47,2017-03-08 11:57:48,2017-03-14,5a6bc06cb2b6634abf6db687a6523436,2017-02-12
61bcc94e09b161651c909623e8a2c751,d868db4e10343d69177ba7592e3ddde3,delivered,2018-04-03 16:59:06,2018-04-03 17:28:51,2018-04-04 18:12:30,2018-04-09 15:56:42,2018-04-25,653e0e845f4cf739fce07a818ac93f49,2018-04-03
e6cb268ffb0ba3f571bbc8b60a2e90fe,739b7ba21659b8da269022378fd86391,delivered,2018-02-12 15:29:00,2018-02-12 15:55:28,2018-02-14 16:04:11,2018-02-19 15:12:06,2018-03-12,f6f5fa8f4fd75fcf51e10181aa2ece4e,2018-02-12
30b0c07d80784b7d59b1a276ccdb0ae3,3ff62a38cee596b9cead9ca8f56c1781,delivered,2017-07-24 15:12:36,2017-07-25 03:35:31,2017-07-27 22:17:33,2017-07-31 20:06:19,2017-08-11,20ef01ddc6b80daeae13b69acb9964a1,2017-07-24
9a48076f2c268d23ca5495c7c6069315,9e6f48cff45a901d5e9c5ae4c9127456,delivered,2017-02-27 19:33:53,2017-02-27 19:45:15,2017-03-02 13:37:37,2017-03-17 10:51:51,2017-03-22,3facab1a12e0eb0c5d648b309a26a19d,2017-02-27
82b78c893274e1819b2b91866ec11014,189f361b8be0044c229467d2f95bdfb4,delivered,2018-07-14 14:07:32,2018-07-16 11:15:23,2018-07-17 06:43:00,2018-07-24 18:24:28,2018-08-14,6dfc63132c9a5db7c97d35e854eba529,2018-07-14
5a42abf0eee65d3a1e361aa49561a521,59e70f1a3f114665e9d5e636b52c2607,delivered,2018-08-13 13:03:17,2018-08-15 03:10:18,2018-08-15 12:53:00,2018-08-21 21:05:20,2018-08-22,313febe2adc914a7cb3f6e903f8e13cf,2018-08-13
37877918d022198d7516624a45572923,0e957415e6f5c063ba77fd99df8da5b3,delivered,2018-08-18 06:34:01,2018-08-18 06:49:17,2018-08-23 17:14:00,2018-08-29 20:11:47,2018-09-04,6f6e03402c514c5bc7141ff3c345dacd,2018-08-18
a70a3d5d9d82bb809324d3bb6df076b2,128c188f45804a1a93bcae455c0e4578,delivered,2018-08-17 15:33:51,2018-08-17 15:49:39,2018-08-20 13:04:00,2018-08-24 17:38:52,2018-09-18,f17282fcc276ccc743717c0c08c7670f,2018-08-17
b3bcc046b1a81b0a1068f3b5e6de5be0,891093e5bc0702330aab8713a0a45551,delivered,2018-03-06 21:12:51,2018-03-06 21:29:00,2018-03-09 21:36:20,2018-04-03 17:08:36,2018-03-27,ef90d313ee8e90d73a26e97f615f7e9d,2018-03-06
3dc960d5915983c12f6dc9277ad14b29,0e690432c515db8755f64ec9bc8f28f1,delivered,2017-12-20 12:46:59,2017-12-22 02:38:55,2017-12-22 19:25:05,2018-01-03 18:46:05,2018-01-22,1b598da394e55f9e7aa54610ccefe5fe,2017-12-20
e17f748fe026c219e312859a2188b07a,c4afd1cfe980f2dc3022f3646411cb9c,delivered,2018-05-30 08:31:49,2018-05-30 08:54:41,2018-06-01 14:45:00,2018-06-06 21:38:48,2018-06-25,e68c2cbbf3fd6ed671de9ac4fddff28c,2018-05-30
c733bae44f0aa970fb902baf713a1372,38496ae5427ee5df7d2371c8acd4ca91,delivered,2017-04-20 22:02:32,2017-04-25 08:15:31,2017-04-25 11:30:26,2017-05-09 07:00:07,2017-05-12,77061c74d933a29cb6af62f71ad29a7f,2017-04-20
b56aea9fd0510dad0a8d11f4ec40e1bd,84509b7022a7f2b53412d3572651c4da,delivered,2018-07-10 22:00:56,2018-07-10 22:15:07,2018-07-11 14:54:00,2018-07-12 20:04:28,2018-07-19,edb5029b53a98b8cf94c444a52f50ee0,2018-07-10
8d00078c87467e65796aa4032f0a0011,ff3720094423c3ef3b5635ddfd6c4bda,delivered,2017-10-27 10:32:51,2017-10-27 10:48:26,2017-10-27 19:40:08,2017-11-03 22:42:21,2017-11-22,05c6e849aea7a82f3d8738ebafa5aac4,2017-10-27
d5a9bcd8e843bed6dc81287ccf656d3f,2496d71f2e9f0ce3e43dcbf3905b0a9a,delivered,2018-06-18 17:47:59,2018-06-18 18:03:04,2018-06-19 13:21:00,2018-06-28 16:53:41,2018-07-17,de73179fb08ccaa16bfbf6c139879855,2018-06-18
973acef56bf70feefa8264d4e9f300fc,729757803bd437f7cfaf568d4769b106,delivered,2017-12-04 09:50:25,2017-12-05 11:30:00,2017-12-11 16:22:11,2018-01-03 18:17:36,2017-12-28,68023e97981fc6771c858fda37222251,2017-12-04
dab37f5992b4ece308cb13f6141743b4,045042d40940bdd1ded5fcc2207ee31a,delivered,2017-03-07 14:02:34,2017-03-07 14:15:16,2017-03-10 09:40:23,2017-03-22 14:53:05,2017-03-28,c17b7dd097e7db7803880e2464265de7,2017-03-07
cda991534f8532948f833dcfb0f3ad42,0089c34393989276de67746531e0df21,delivered,2017-10-17 22:31:03,2017-10-17 22:49:51,2017-10-23 13:42:48,2017-10-24 22:04:39,2017-10-27,320388520e5f7afe7c97489ea2732796,2017-10-17
74cac755eeb7be9b59c009ac2e5b3241,5e6f9be50727314362343a9db183bae0,shipped,2018-03-16 22:07:44,2018-03-16 22:28:10,2018-03-20 16:58:25,,2018-04-04,d1ec84ece21390313fe8dd6457dd6ecb,2018-03-16
5b00e836f30ccd2096e07d70fc5712cf,4984300460446e6887643cdb10d21688,delivered,2017-09-23 00:58:28,2017-09-26 03:56:18,2017-09-27 15:58:03,2017-10-03 17:07:08,2017-10-18,73590e1146797f845740202008a0fb68,2017-09-23
f22b5d7d572e174ee9e14f0e04c7962c,2803c057d3a734c257e48b068d04722a,delivered,2018-05-01 09:22:30,2018-05-01 09:35:19,2018-05-02 08:21:00,2018-05-10 22:07:32,2018-06-04,d6d77f2b65859aebe66ae08593960b47,2018-05-01
719628a909505f12f342015fd53a8d43,5bef68c4d2d04c09aee2195ff540f131,delivered,2016-10-05 14:49:49,2016-10-06 15:52:44,2016-10-15 12:39:19,2016-10-18 19:17:36,2016-11-25,d8e40a4b16990a6fd1095feae46aa1af,2016-10-05
6744ba320cc05c157f4ce99347a87e12,86107f26343c3cd328fb9e6cdaa7bf95,delivered,2018-05-07 21:53:12,2018-05-08 04:32:21,2018-05-09 15:55:00,2018-05-11 19:07:36,2018-05-16,399a2a06a7ddefb3b09460ba6a1bcf12,2018-05-07
3f13c6c8bb6e531e041cc02ecda5880b,c72ebc9c80e11a4e61915573c2d5a39c,delivered,2018-06-13 21:27:31,2018-06-13 22:00:24,2018-06-15 07:40:00,2018-06-26 19:36:29,2018-07-16,598ffe324e745b97fd07d03416c49d16,2018-06-13
e956fad47f301a19144afead1786de9d,1d1304f7c4219c811517a8efa5985b39,delivered,2017-11-12 16:50:50,2017-11-12 17:06:59,2017-11-13 19:09:04,2017-11-28 17:22:33,2017-12-06,1a3497c1968b8a64c45e06d0ec3e3c4e,2017-11-12
c6c17394464f987209982d3f1423f068,4f4ed20c56c49d645e19d6e63e37517e,delivered,2018-05-16 19:04:43,2018-05-16 19:36:44,2018-05-17 13:51:00,2018-05-28 18:03:37,2018-06-14,a5e903dd1104eac0c60b4ae4f61256be,2018-05-16
58933cbe8ca93dbada467cc7b2eebd7c,0e05e54f8ee266e19c910ec3073c24d4,delivered,2018-05-30 09:10:37,2018-05-30 09:35:13,2018-05-30 14:05:00,2018-06-06 01:06:36,2018-07-04,e0e957a429019cea064dd3ef26733a4e,2018-05-30
275ae19d3b5b88d41fe617cae7a1e056,d9d16f838d9b54ce3beeb5ba6e5793cc,delivered,2017-12-12 13:04:27,2017-12-12 13:14:29,2017-12-13 21:29:49,2017-12-19 13:33:37,2018-01-09,dd398cc71ce360dbf449902de8eafd45,2017-12-12
5dec6c7bf0e703f21f033724925a62db,5873ae605bc4583bf32fe8ff3b582cf8,delivered,2018-07-24 08:37:02,2018-07-25 02:55:07,2018-07-25 13:44:00,2018-07-31 21:12:45,2018-08-10,036ae786856e55298c63701d92a65b00,2018-07-24
9f64fb4d29aa2f254cc325c59a8f8b00,0826150e089ab7d5356b412e9f3bea76,delivered,2018-05-28 09:17:07,2018-05-28 09:34:31,2018-05-28 14:06:00,2018-06-07 18:34:56,2018-07-11,88883a7c4771f68dc149354c6b66be00,2018-05-28
9bb824ec73ee38dbbc585f3bba4b34ac,cd115eebfb9859498e984e800023bbc9,delivered,2018-01-15 12:48:17,2018-01-15 12:56:46,2018-01-16 18:14:09,2018-01-30 18:57:37,2018-02-14,1c04229d4141bf598978110a0e30b61b,2018-01-15
f84cf1b66945f7dd5a8f3d20d06a875c,2d8e6928e55e8da0c7ef096702a74b48,delivered,2018-02-04 10:06:42,2018-02-04 10:29:55,2018-02-06 22:38:30,2018-02-08 19:17:38,2018-03-05,92d0b88e58cc6a4ca246f8ce829bfd67,2018-02-04
b71b1607c1949b5b24e81fa2976fb42d,6909f4c42279489774489083cc9f314e,delivered,2018-05-14 10:12:59,2018-05-15 10:15:40,2018-05-15 14:10:00,2018-05-21 14:41:44,2018-05-29,f1564d4caeae524b41e3b42124ebea2a,2018-05-14
b19b783be83450d0c4d0b92c5343a528,5673cde32ce3810e1eab5570d458d827,delivered,2017-09-12 22:53:28,2017-09-12 23:10:09,2017-09-14 19:49:56,2017-09-20 20:38:04,2017-10-02,009062f98089a091615b5c9faa13de26,2017-09-12
49d48b30b2996f2d8076dec559e40c54,21d0c2f015aa6080f1807950bd2c099f,delivered,2018-02-21 07:42:39,2018-02-21 12:03:35,2018-02-22 20:38:57,2018-03-14 19:03:15,2018-03-20,1c6df425e2a3d6aaf1aa56dd5855fa62,2018-02-21
b7a70c5355ba0e41915b2ae56209a2bb,1c95e915c23145ea7853a7a64bd396ca,delivered,2017-12-27 22:43:30,2017-12-27 22:55:21,2017-12-28 19:26:34,2017-12-29 14:19:19,2018-01-16,c843b255e98911eb5a8c0062e6b0894b,2017-12-27
a2f1b733d3d3cb7185e9661387534161,cd8c7feb6e5a1f734ef52ffcf4a25c6a,delivered,2018-02-16 13:40:46,2018-02-16 13:55:20,2018-02-19 23:12:13,2018-02-27 18:56:42,2018-03-13,080a538ba865739bd97c3ffd9e71bcf0,2018-02-16
abf6c7f874686f41f606c83a8e8d2a9f,ef1da686c3cbeb7aad736391842d0446,delivered,2018-06-06 14:26:36,2018-06-08 02:56:28,2018-06-08 14:26:00,2018-06-11 15:14:38,2018-07-03,12270c749995eb62a6320c411f4baa3c,2018-06-06
b26fad48211e9a54051ac561925ffa23,6262ea8ba816dc9e2a15983222ebf04d,delivered,2018-08-04 16:48:37,2018-08-04 17:05:07,2018-08-15 15:04:00,2018-08-22 17:18:55,2018-08-29,4d460c931a0745463118eea12e90e154,2018-08-04
c11b16eb4eea5f484d9c91a0e19b7777,826a55ea1cbe8699ea5f908bc4670da1,delivered,2017-04-05 09:13:54,2017-04-07 03:15:24,2017-04-10 10:14:41,2017-04-19 14:39:07,2017-05-11,94455e746448ebe1bd292caa179c16ef,2017-04-05
db38b153b053e72dea0f69d14d429ac6,3807775dbc0ada986e045cbfca95acff,delivered,2017-07-24 21:55:46,2017-07-26 02:16:18,2017-07-28 14:49:54,2017-08-02 13:42:07,2017-08-15,7c83e556e8b9fbbc81bf61d7a1c3bd89,2017-07-24
67ae27e6a1431d168d3a2233ce4045f8,0af7ee4eebf2aceb18354ceec83c9e05,delivered,2017-11-28 12:05:26,2017-11-28 12:15:04,2017-11-29 12:04:53,2017-12-07 15:58:35,2017-12-22,d4cdd33337b376b897374338716860c4,2017-11-28
0ecf0978216edaeca677433db9480a7c,301e5281967c0b6cc5a379c4a3f90782,delivered,2017-08-04 15:34:27,2017-08-04 15:50:13,2017-08-17 19:15:57,2017-08-21 18:24:49,2017-09-11,7d6658ec6146c63bcf75bf3683b7afac,2017-08-04
3924ecb5e299e5fb70a6f38e34aa4c1a,4a223eaeee96be7f334e992863178d50,delivered,2018-08-03 16:58:12,2018-08-03 17:10:19,2018-08-08 14:01:00,2018-08-13 16:51:50,2018-08-29,a8060584a077038962852f3184a4571e,2018-08-03
d8460f226ff46cc80847aa244ac3d478,ec12b9273efd993bc45b74cf9765571c,delivered,2017-07-27 23:21:59,2017-07-29 02:30:34,2017-07-31 15:17:30,2017-08-04 18:04:50,2017-09-04,3f00e82898c6f4746ce5c78d9e29c7ce,2017-07-27
64a364c5de0cfda3d0621b433b516203,8c9b0172c7793cf0798ce58ee3bfb94b,delivered,2018-05-16 15:46:44,2018-05-16 16:14:39,2018-05-18 08:56:00,2018-06-05 17:56:40,2018-06-07,0f2ff855fa8276432645e0a4766d7e29,2018-05-16
31f1be86be8795e41ef55b592873ae37,c3189548cd373b2d1f4d190e5008fe7b,delivered,2018-07-23 20:51:50,2018-07-24 10:31:38,2018-07-24 15:30:00,2018-07-30 20:16:20,2018-08-14,f3b9cd7ebcd910bb1183d98ba10713ab,2018-07-23
82ae1c851b481c7c7f6fbfdfb05e5131,a79a3128c32bbc4b1dddfd957d17b4ae,delivered,2017-11-27 14:39:18,2017-11-27 15:03:04,2017-11-28 23:32:21,2017-12-21 21:33:50,2017-12-20,b23384f34fd9dbcf6018e0e4084d3fd5,2017-11-27
9d9b7e26c7daa6c169b9cd3859930770,9cf2f5dd2bc0b6bd1b8d4f8b74335868,delivered,2018-08-15 08:53:27,2018-08-16 08:45:15,2018-08-20 09:52:00,2018-08-24 17:31:04,2018-08-30,28688aa533c27e6735ec9fb139fa6104,2018-08-15
264deac888717a54971fa3109f6709e3,82bd57d22e9cfed2a29cf955f3c743ac,delivered,2017-11-25 20:24:37,2017-11-25 20:36:26,2017-11-28 22:27:00,2017-12-08 14:33:51,2017-12-19,4a0e8e136cddff5ff2b24b8bbcacfe3c,2017-11-25
e7a8ad4c0e5f135b0e6502878f493e2d,40109dddc7ee8fca0fe65c044e1faf02,delivered,2017-08-31 17:56:41,2017-08-31 18:05:27,2017-09-05 18:52:20,2017-09-14 15:43:08,2017-09-25,7a499f0679383d730d17aeb697b7addb,2017-08-31
2a903dd5e53423b47484fd2130e2b6c3,570933aa4c17cddbfa0ab5b071298689,delivered,2018-07-20 13:00:57,2018-07-23 15:31:57,2018-07-26 13:56:00,2018-08-17 15:14:19,2018-08-10,eb3206b9062c66139a8d70a74cc17db5,2018-07-20
e79151590aa7ee3040361aa72796c4b4,084ae656b4e00a699f6f2ce1692c07e1,delivered,2017-07-13 11:24:43,2017-07-14 02:24:53,2017-07-14 16:45:46,2017-07-15 12:35:49,2017-07-26,5c4d18bbf0282143b38c621eb7cf9049,2017-07-13
b65162879a74ce2aeca593f3ca44cc82,fbc42f9ed93a277c32801fbf815fe9fd,delivered,2018-05-29 21:09:02,2018-05-29 21:35:04,2018-06-01 13:10:00,2018-06-08 18:29:57,2018-07-11,9487192740d9b604f250eaf27f37be1f,2018-05-29
fd743a30d9c92e9f0b93a8733cd2039c,2771dda07bfea1c6adcd6319ae8ae62c,delivered,2017-08-25 11:32:19,2017-08-26 02:05:41,2017-08-28 19:56:38,2017-09-06 18:35:57,2017-09-19,ad30c075351fa3d2f976802fe00806df,2017-08-25
eb450be758d33d276751d89ccb4b5b54,06ffd9960e9ec5811b24d8d5904a89d9,delivered,2018-05-11 19:53:19,2018-05-11 20:16:53,2018-05-15 07:04:00,2018-05-18 16:49:10,2018-06-05,60ed978ef51da157a9f069ce43e11095,2018-05-11
103407760762721e1dbb7247b5f7c331,6ead49cdaaf1f5b7c003a60d336fce13,delivered,2018-08-08 14:22:09,2018-08-08 14:35:17,2018-08-09 12:11:00,2018-08-16 18:57:31,2018-08-30,613adcbc81caa148755ad948d8a49b00,2018-08-08
7758cf0b4302587a9628d90b58d56dd8,5949ab038c2004d5045146bfbdd61467,shipped,2017-02-21 13:09:28,2017-02-22 03:22:33,2017-02-22 10:46:47,,2017-03-20,7f3cf88d6ac455cd3d40cf3cedeab108,2017-02-21
91d74caa280901d4fb685fede0703987,1bd6f39d750ca2f4807030b375a5513b,delivered,2017-08-16 11:39:39,2017-08-17 03:05:17,2017-08-18 14:33:54,2017-08-30 21:26:05,2017-08-29,9516f0ae6fb14725d0cdd88ca6c90da1,2017-08-16
67237faa0d1a15c51811b4888270a4c2,3bf49ff295a43e42c29f70b2b63f914b,delivered,2018-06-08 19:32:28,2018-06-08 20:53:05,2018-06-11 07:15:00,2018-06-15 10:55:52,2018-07-03,2f9b008244ed181a3b5ca1899d91f68f,2018-06-08
bbec914f0b66a98578b9d47f241ba92d,6b6ac61e207ee133ec0bc98a3d94077d,delivered,2018-07-05 11:47:08,2018-07-05 16:33:10,2018-07-07 00:02:00,2018-07-10 21:48:37,2018-07-20,c9d44b9e7395fdabda52a0f185b2b847,2018-07-05
3f9cdc88397ce0308a37483fb2f146c1,e14faebe244698de485170d9275badc5,delivered,2018-02-07 19:27:18,2018-02-07 19:49:29,2018-02-10 06:18:41,2018-02-27 18:51:49,2018-03-14,1f1ab870f9037c07127853672afec70d,2018-02-07
6b6e94314b51fb34f0f7724250d70914,26fc31b3e822e305474cacc185d399d1,delivered,2018-06-24 17:58:20,2018-06-24 18:15:21,2018-06-26 15:16:00,2018-07-06 17:30:46,2018-07-23,ecccb19b688abefae93913db52d93681,2018-06-24
811aa634f1f023214663b65ce71832d1,efc408cda5ddce99cad68b8e2b141c88,delivered,2018-01-25 11:18:45,2018-01-26 03:16:53,2018-01-26 15:52:29,2018-02-07 19:18:58,2018-02-26,74f5e4578b1964815fa1688724005e89,2018-01-25
4a1cdb6acae789b7687bf12c6441949b,c0357ea4d9212b51cd537ce680f08d55,delivered,2018-05-04 13:26:36,2018-05-08 04:54:14,2018-05-11 12:53:00,2018-05-18 14:48:42,2018-05-30,b9389715e7ac8bf1950d755028d37ed3,2018-05-04
a014df361e44d96998c820138fcd9ece,f6c2d6d91ed17d749ad0a5ffd23f710e,delivered,2018-04-18 10:33:40,2018-04-19 11:12:11,2018-04-23 23:03:38,2018-05-01 03:32:24,2018-05-16,9ee5b1ab5aa40ce51e7a2cf4cd0eab65,2018-04-18
b8817cf40f8cf861cbe022a3b0c61893,9882a8996f125bb658ee48be22c022c6,delivered,2017-05-09 18:31:27,2017-05-09 18:45:16,2017-05-10 11:23:40,2017-05-24 11:47:47,2017-06-06,effbcd5686486e99ce71e00e0087e8d2,2017-05-09
1dea8bb55507de40f0a05504ebc1bc7a,c40f713c1e6d79a3f857aa3689b26f1c,delivered,2017-07-19 19:37:58,2017-07-21 02:55:38,2017-07-24 17:12:16,2017-08-10 09:30:11,2017-08-18,98a2f3883167855d2445f52ea6e81802,2017-07-19
9aee4ebad2ec4e0ac243cfd62de682e7,cc17e813b63c679d370ab359fc852e26,delivered,2017-03-19 08:00:10,2017-03-19 08:00:10,2017-03-20 10:38:13,2017-04-05 17:09:43,2017-04-10,7ff4407ed5e944756d542c3782fb6ad4,2017-03-19
d59d8415ba3a51ac2edc13616065868e,a7f39661552152d1c00359ad2fb5fb48,delivered,2017-09-25 09:22:45,2017-09-25 09:35:15,2017-09-25 18:46:29,2017-10-06 18:42:32,2017-10-19,1b6d1a3328b7a0a981e184cfa7f79fcd,2017-09-25
9bd5ab93fc163dd17a9d531c39806e05,35fd6066756cc7d4d5e5d456fecc8422,delivered,2017-09-27 21:06:52,2017-09-27 21:14:23,2017-10-04 15:22:41,2017-10-16 22:49:03,2017-10-23,3d1d587a1f4c96dcc056a2a708bcadc5,2017-09-27
5f88deb3b305ef3a9060b25c62d01bb2,dc4b52f60677215cb7eb507cb82f3976,delivered,2017-12-21 10:42:38,2017-12-21 10:52:31,2017-12-22 19:07:00,2018-01-03 18:53:13,2018-01-18,8bd350ba228a2a82af0dd8b211c8c312,2017-12-21
2f803c32f469729b9a81a120bcf74567,ecccf01a5732bcd6e1cbe1e0a7157366,delivered,2018-05-25 20:26:15,2018-05-25 20:35:20,2018-05-28 14:20:00,2018-06-20 16:08:51,2018-07-12,213226323cd752b7ce6355919aa72c16,2018-05-25
5f21071bb4421ccceaf3ae565558f63f,e3116c1fe9def22e8ddb95c6901aaefd,delivered,2017-11-04 09:29:36,2017-11-04 09:46:24,2017-11-08 19:08:58,2017-11-21 21:47:04,2017-12-05,185246288eb4cea28a37bb3269141e03,2017-11-04
63ae84a9387b93ffa05dde71794f61f9,cb2931ea3f789f27dae36f4f94e6c86b,delivered,2018-08-12 21:11:28,2018-08-12 21:25:16,2018-08-13 17:57:00,2018-08-17 18:04:37,2018-08-23,e590250cff422faa26bd9255178f3c96,2018-08-12
e82e8e5dfb4288f8cb62bd9b46a4c8e6,bba0c954a4b69a8bd33cb47b27e34d29,delivered,2018-04-06 20:23:43,2018-04-06 20:35:08,2018-04-09 23:41:40,2018-04-12 01:32:44,2018-04-23,f6b5b396284a78521244c8aca8089ca8,2018-04-06
ede7b5524ebd1997c2b828352f3e0f24,3715c330013d1ed016d2625f834267b7,delivered,2017-10-24 11:13:38,2017-10-24 11:29:33,2017-10-25 15:42:33,2017-11-03 10:52:55,2017-11-23,86622d06c68221c1617ff80704db24a5,2017-10-24
fc965b1e986dea6cd20ac94c50878a75,b04f3618968faccdf40501b5798e66bc,delivered,2017-11-24 19:40:07,2017-11-24 22:39:23,2017-11-28 00:03:46,2017-12-22 18:48:01,2017-12-19,1cf7a1044c38ac2e336ba8be525528c9,2017-11-24
0c40894addb46fce19ca6ca1f11d9bff,30ff74ba6ed04c0069481436021bc4aa,delivered,2017-11-29 09:39:20,2017-11-30 02:34:29,2017-11-30 22:59:04,2017-12-01 20:53:19,2017-12-13,5cfc9643603c095fd7ed86a50fa17887,2017-11-29
6c638080e010689db7a95bf97fc18727,ae9dcbe30bd251c9b90cad95ef84a150,delivered,2018-03-07 15:54:57,2018-03-07 16:15:34,2018-03-08 19:24:31,2018-03-13 17:51:47,2018-03-28,22bc1f4a73ed16de8a871308aee98a94,2018-03-07
0b573ab05f5976a357a60e0d981b4327,5cb31e4d889afd369634b4d045403645,delivered,2018-03-21 15:37:53,2018-03-23 02:15:51,2018-03-27 02:28:48,2018-03-27 20:08:49,2018-04-03,d6e9ae60b5ddc91b1695f325c9b1a1dd,2018-03-21
4f1948db278b553e701c7930ee85cb8a,70ad007674b8e65f57884f8deed264ee,delivered,2018-05-17 21:55:13,2018-05-18 02:55:15,2018-05-21 14:49:00,2018-05-24 00:28:47,2018-05-25,a1b05c826252ff73fbcc6b5ceeed99af,2018-05-17
87e7c081b88206fe9809796ba4e0ccbe,0d2566797e71fc574d9d997f29242936,delivered,2018-04-08 16:01:55,2018-04-08 16:15:18,2018-04-09 18:55:28,2018-04-19 18:08:26,2018-05-02,8ce26d01214e16896a2cf2a2f38d64cb,2018-04-08
0ff30e9eb2b70b51c2788ec38f266a0e,9ffac27bdbe0a590cb5233d1d8442271,delivered,2018-05-11 07:08:35,2018-05-15 04:34:57,2018-05-16 10:55:00,2018-05-18 19:08:44,2018-05-23,00b1066a65657ee1759544f6b61a4e2c,2018-05-11
ad3989d776d90e85011ba488a267f5a0,3e0a38788f7d59deb1f826cad1aa35a9,delivered,2017-07-18 08:33:32,2017-07-18 08:45:12,2017-07-28 20:36:24,2017-08-09 13:10:31,2017-08-15,34d327a6bf7b50d2fbf0b42f4e6ca55a,2017-07-18
df9cda79de3c1e888f839780ae7b2706,dde388ccd1b81511edd5cbebe81aef1e,delivered,2018-02-19 19:14:35,2018-02-20 19:05:35,2018-02-24 18:13:19,2018-03-01 18:36:00,2018-03-14,85e58f257653373ed909f54fe93451ea,2018-02-19
5404828155a6ed66ac6bb53e05525d39,85f811b6af8146949931a11913719763,delivered,2017-09-19 18:51:06,2017-09-19 19:04:16,2017-09-20 19:49:57,2017-09-25 20:36:51,2017-10-10,e3f183508920c7d5ebdb5f302b016565,2017-09-19
6ef0679f937afb1cb20c8cab157f6f9a,db27297d513bc9f50d255ee7b7ee8cd6,delivered,2017-12-27 17:05:32,2017-12-27 17:12:22,2017-12-28 19:06:03,2018-01-03 17:12:32,2018-01-29,8e6d0b8e818e7b2cbbe279e9ac21393c,2017-12-27
9b9993961d216f751b2b4cf2c85e1e85,e7c0ba41633ed69bf435337a8efc0c7e,delivered,2017-06-08 20:16:48,2017-06-08 20:25:14,2017-06-12 17:02:58,2017-06-19 19:16:37,2017-07-14,8f552e7eadcf54aff83af9009e3dd204,2017-06-08
a44f35f58ca5ab5e5cf7fe66ffe9097a,02f0b823e1d7f9b63b25092db3208bdf,shipped,2017-12-12 18:26:57,2017-12-12 18:37:24,2017-12-15 00:14:57,,2017-12-29,0ebdade922de78914026071bb11c001a,2017-12-12
042167409734e42b253083768c865409,655ca3d2f2feab46c63fea64f8a20ead,delivered,2017-12-06 19:48:16,2017-12-08 19:36:23,2017-12-13 17:15:45,2018-01-13 01:11:43,2018-01-11,c3d20e45426a512f0492a1cd22c2f032,2017-12-06
36b53be88597f8fc8af05d1a35c0dc45,ec3032c0af9490ab5427a43ac0b0c426,delivered,2017-12-14 20:07:31,2017-12-14 20:18:34,2017-12-22 23:09:55,2018-01-09 14:04:47,2018-01-11,6561676775904903758a14bb66463ed0,2017-12-14
a4ec449685a17c13a7713a7dde31fba2,b286608a091dbc7a23c81fdd776d041b,delivered,2018-04-25 12:45:10,2018-04-25 12:55:32,2018-04-26 06:20:00,2018-05-03 18:36:42,2018-05-28,f77eaf027f512701ec1020d4f68ffad2,2018-04-25
cb83b3b35a2362f3a560b69d959b6732,3ba6d2206dc4ca27f2bf1bae891c5cdc,delivered,2018-03-07 11:12:14,2018-03-09 03:00:34,2018-03-09 20:18:45,2018-03-16 20:28:44,2018-04-04,bffc4dd5f122da43a493b9f52604ef9e,2018-03-07
0ab82628350881eff00a09a3a0c73970,ab5b237c2d936d6bc9e7c7ad3d51bc11,delivered,2018-02-23 09:15:18,2018-02-23 09:29:36,2018-02-23 21:22:44,2018-03-09 17:54:39,2018-03-16,41de457d21687a6a7615555c237b5d3e,2018-02-23
9e4d464ffd49d8042318b1f24cb6005e,673560cc159eac21c63a171e1afc39b1,delivered,2018-06-03 19:08:50,2018-06-05 03:49:57,2018-06-05 15:50:00,2018-06-08 22:32:01,2018-07-17,abc88e81b409affa363ad0ac659dc8fb,2018-06-03
ce9348af8cd4c5166a650a1c840f2b28,c4825518503be8ab4843ccce8e856814,delivered,2018-01-17 08:14:57,2018-01-19 02:37:54,2018-01-23 19:58:50,2018-01-29 16:44:49,2018-02-15,6fb2d02cb47685bd01585df5a588ea24,2018-01-17
094e2ca5a39bcc45b4077867bf5dbdff,157f5b7306ffe878d158e6ae05a859b2,delivered,2018-02-08 14:05:26,2018-02-08 14:15:45,2018-02-16 20:24:05,2018-02-22 18:04:28,2018-03-06,566920f0be4bf6f70f23ad9b263c4b6c,2018-02-08
56ce3873eb6d633a47581ec221f50a65,788c3086fc4d0f220fdf77bcb1b0780f,delivered,2017-08-06 18:41:21,2017-08-06 19:20:13,2017-08-08 13:35:52,2017-08-17 14:47:40,2017-09-01,dcb5209709e9f7a4af74b5129488a07c,2017-08-06
757a2790de00320b5025c522b180baf2,e7f8bbcad4cabbfca64780b831dbed30,delivered,2017-10-17 12:33:34,2017-10-17 12:49:18,2017-10-17 18:32:36,2017-11-17 19:46:38,2017-11-10,93a99fc9943e02139035899036a05078,2017-10-17
1ef3f20960d2c64d49f7154f3fd63a43,40ad2ed5cffb7e8019dd02fa0af921b2,delivered,2017-07-10 13:53:16,2017-07-10 14:10:13,2017-07-11 22:51:27,2017-08-15 20:53:03,2017-08-01,55fa3ff650718b4ff3f858064430157b,2017-07-10
49e7180375786af0f0ba3d10aa233bd7,27979ba7ae1cbfc1a30aa9292b7cb1ec,delivered,2018-01-30 19:08:33,2018-01-30 19:28:53,2018-02-06 23:11:58,2018-02-15 17:52:01,2018-03-05,0a57fe85f9e5335c4514c42f299a40d8,2018-01-30
2f44c5c933e193467d596a00b18fbca7,a69cbe2a4ff0356a87a6de672b2f7b58,delivered,2017-11-24 10:40:17,2017-11-28 03:43:52,2017-11-28 19:57:59,2017-12-08 20:22:21,2017-12-19,1a02c9d58abcc85c5c4470f60123e207,2017-11-24
5d3a8d8e8b6ececb6cecca1da56f46fc,4272c6ce1a89b920614cbec367be628c,delivered,2018-06-28 10:29:06,2018-06-28 10:50:23,2018-06-29 11:49:00,2018-07-05 22:08:23,2018-07-23,66aa0f6e950a209ac9fa8c6d313370b8,2018-06-28
e086bc3dec55562863dd1d2f850e750b,3a8fd1f592165bdcfa20f72846201af9,delivered,2018-01-01 14:06:06,2018-01-03 04:31:37,2018-01-04 18:10:34,2018-01-11 15:26:14,2018-01-30,812156ed73c1f6364424613cd94e56eb,2018-01-01
41a9892d27af50019d56c037a3256cab,93235e8f5e5eabc3b0cd61787f5a3f5a,delivered,2017-09-06 22:28:42,2017-09-06 22:43:24,2017-09-08 20:04:08,2017-09-18 19:07:49,2017-09-28,f475f2c6246f47877fc3567c9ec17e54,2017-09-06
5f8692d4a41e2be3cf2a61b57cec915b,5010642b01c0abd1f03aa3f22748b782,delivered,2017-05-31 21:16:25,2017-05-31 21:30:24,2017-06-02 10:57:53,2017-06-12 14:46:58,2017-06-23,7b6770d78cc7dc4ffecd17caf615b9d0,2017-05-31
ecaccc93dddbfc205d1fcdd18acf5933,8e97a6ba3c70449dfc931be3e148b68d,delivered,2018-02-03 23:16:43,2018-02-03 23:29:56,2018-02-06 16:13:53,2018-02-08 20:50:54,2018-03-01,147afb91045564c2d68cd9d051ea0702,2018-02-03
6a8f2976398f920ad337da439b22b202,65444b44c0f0ed4a08ee0ad501974b39,delivered,2018-05-12 10:53:41,2018-05-12 11:14:05,2018-05-14 15:12:00,2018-05-15 18:32:55,2018-05-24,5f8f40b744cb58ed88bf5c24638fd1d9,2018-05-12
7f8df73aeab603648dec28a5f6cfadc3,90f0014eb4ff7a436c6505ac7dfe2a27,delivered,2018-02-16 13:56:28,2018-02-16 14:10:30,2018-02-21 20:09:02,2018-02-27 11:39:12,2018-03-13,f3140df89d24aa120f087331fe18f773,2018-02-16
dde5ba33adc988d0007371756995fb3d,ace2349c75d0d1f4341b739db664248e,delivered,2017-08-20 19:20:05,2017-08-21 19:25:38,2017-08-22 18:34:11,2017-08-29 17:16:06,2017-09-20,4c5ae17e8984ca0916543b159eac0f2c,2017-08-20
f5c5b9b21c9e6cf7fd83d3a386607760,1164a980b6dee0683ced648a79ab761a,delivered,2017-11-10 14:59:15,2017-11-14 03:46:34,2017-11-16 19:04:57,2017-11-24 13:48:51,2017-11-30,c7cecb2fc567daab1a9875683f3d120f,2017-11-10
c47b98a258cc2ebd4fd9db5e38a1b5fa,3e2fe6f0fa65fc4802dc9b29141f3a07,delivered,2017-12-12 07:57:22,2017-12-14 02:14:32,2017-12-14 20:21:55,2017-12-20 19:52:46,2018-01-15,645f3682208dc4f2b7d0c935177551e2,2017-12-12
72d78d466fc73ada5f9cc332c9beeedc,4039e92b7690e25133678378b7b8e6ad,delivered,2018-04-24 19:52:47,2018-04-24 20:10:32,2018-04-25 13:58:00,2018-05-05 14:38:30,2018-05-14,e8c43e9290e791306ed911ca6dd8012f,2018-04-24
a04fe1cdb84761d8bed127686c65e405,c477a25b31dbb1ba3286fa3a3db6aa79,delivered,2017-04-13 12:44:32,2017-04-13 13:05:46,2017-04-19 15:58:18,2017-04-27 17:14:35,2017-05-11,4177861e3cce05f7e4dcd1e0cb73b0dd,2017-04-13
9b9d21b1dc1050dc96db48854b488091,5373b64971a41341083baa1754460712,delivered,2018-08-15 19:33:04,2018-08-15 19:45:16,2018-08-20 13:23:00,2018-08-29 12:58:57,2018-08-29,cfa5a154f34e9483023bc6b85ac534aa,2018-08-15
bf19fcb92a3fa591bed19dc3c25297f0,1ff57cca2f72bc2fc67a3667950261ba,delivered,2017-05-29 15:49:02,2017-05-29 16:03:01,2017-06-01 15:18:35,2017-06-14 13:54:07,2017-06-21,bbdae4989df2ae1d7f085a99a035049c,2017-05-29
fda5c50c453838651054465df87d595b,891127420859c1e1adc8991655549054,delivered,2017-12-04 20:45:39,2017-12-04 20:58:31,2017-12-06 02:32:52,2017-12-14 01:13:02,2018-01-04,078949217459bd39f3c9b6a2f5c7e314,2017-12-04
f9e25e45bfe3cec5f375d833da7ee626,e1da9280fa6ef16ea9b49d9f0aeb279e,delivered,2017-11-24 13:31:46,2017-11-24 15:53:50,2017-11-27 17:28:52,2017-12-05 18:27:46,2017-12-20,5a933361ee1e312362cc51eeb7b7a402,2017-11-24
d591675818376797a7a3b0d42c9241fb,6123f7544eaf097f5030823e1a7583e8,delivered,2017-05-15 17:15:56,2017-05-16 03:42:43,2017-05-16 13:13:35,2017-05-28 07:12:08,2017-06-06,fdb8350ed12591a3bb188f34d15dc70c,2017-05-15
91fbaf43eacf41ac78b17d7b7ff38156,a96bef626f62b1c5a027f808cd0e4198,delivered,2017-07-26 15:32:56,2017-07-26 15:45:18,2017-07-27 18:33:25,2017-08-01 23:06:40,2017-08-17,2b895cf0ddf156f35a694db7a0a81dc8,2017-07-26
963258c35a8f30e4ab41bb49c4e493c7,f6eacc4b1de6e9b5187151afed99c320,delivered,2018-01-16 16:12:09,2018-01-17 03:38:42,2018-01-18 12:21:53,2018-01-19 18:23:03,2018-02-01,bdfd9830640a09302510bfe1d82e8ac7,2018-01-16
0713892246596f649555ebebe57a9a7b,012413f25e1a3f143b2001198e916594,delivered,2017-11-03 19:23:19,2017-11-03 19:35:22,2017-11-06 20:18:45,2017-11-14 19:03:30,2017-11-23,99251d77284980383662133057fe855b,2017-11-03
a7087dc75317cad3db08ed7830b09723,b52571e9628f7136123230bf6d3ad7f1,delivered,2017-08-28 10:37:55,2017-08-29 05:32:02,2017-08-31 19:25:27,2017-09-05 17:51:59,2017-09-19,4f171de73867c62c077417d778a7fa9b,2017-08-28
5c63162ff15f6e39ca02c3dbc82ecf65,d27812f504d4415e126b6fba33f631d0,delivered,2017-10-13 22:30:31,2017-10-13 22:45:31,2017-10-16 18:05:17,2017-10-17 14:03:04,2017-10-25,86d44b3d6ff74b91728c42119904188d,2017-10-13
cdc5c73d13831406606c28ea88d86ae9,457c8245390b1ced9adff0627ef06543,delivered,2018-01-06 13:03:06,2018-01-07 14:17:22,2018-01-08 18:56:30,2018-01-13 01:13:01,2018-01-31,956a0c9b59d543a1ef28814785ca78ec,2018-01-06
a412fcc423174e5405df95cc482dba6a,dd265b228bcddbbb6142d6e9298da605,delivered,2017-11-14 15:39:37,2017-11-14 15:51:06,2017-11-16 17:29:07,2017-11-21 22:46:48,2017-12-04,bf31713750139aba4c36772dc9459f44,2017-11-14
968a408760f771cab3ce5db012e90a1f,e8ad8f13ce5567d53c2bcef7811c33b8,delivered,2018-03-10 22:58:30,2018-03-13 05:47:58,2018-03-16 18:25:38,2018-04-20 20:32:48,2018-04-12,007e21b7a007c8f8dadfa43c9d5a91db,2018-03-10
8eaff5985d99ef7dd4578cbdc31b430f,b103962ee4a8e3cc9179412767a34d4c,delivered,2017-04-25 13:27:31,2017-04-25 13:42:18,2017-04-26 10:41:29,2017-05-11 11:26:43,2017-05-18,e5bdbd18812e42788e7cbad7058fc0ab,2017-04-25
b44f8d3569ffd7ae6a83002aaf061b98,5c13ef4a096ac39db6bc827024b66542,delivered,2017-10-18 20:52:43,2017-10-18 21:56:21,2017-10-23 18:13:02,2017-11-14 12:39:49,2017-12-01,a990bc7a8233aecd2b556bff362bb44f,2017-10-18
baa8610afcede477008f6d832c7c7c86,e6b779441e26a77ec665c63dc45363ec,delivered,2017-08-09 08:27:59,2017-08-09 08:43:15,2017-08-09 18:32:50,2017-08-22 20:45:31,2017-09-06,72a910f3bd5bfdc2a2c34996593f5b5a,2017-08-09
afef03e9561e4321c46c94c6df9c6827,9ea39e2ec7b823ba5deb2c903ecd6d1e,delivered,2018-06-29 09:45:06,2018-06-29 21:50:29,2018-06-30 08:41:00,2018-07-09 19:48:49,2018-08-01,dd3f44ee28286d1eb2de769959b5b0d8,2018-06-29
b2f92b2f7047cd8b35580d629d7b3bfb,1cbeb91a58bd89ee2df1bc32f3311209,delivered,2016-10-05 08:04:21,2016-10-06 15:57:10,2016-11-11 07:31:31,2016-11-17 16:23:47,2016-11-25,e75b9df782b21f27d61449864774108b,2016-10-05
f9772fe1819ff19a370a234d7697b841,3ad90b7197bb5232ec6d5a13be93354b,delivered,2017-07-29 09:08:08,2017-07-29 09:23:29,2017-07-31 19:13:01,2017-08-01 12:27:01,2017-08-11,699aff2983d389bf9428aa56a378085c,2017-07-29
31282ee0054022835d9fcedb4efaee01,86e7fdb61f1420ad74c33dcfadd833fb,delivered,2017-05-02 14:10:14,2017-05-02 14:22:53,2017-05-08 11:43:12,2017-05-11 11:46:56,2017-06-21,b633def81870b841c12f96545110cbbb,2017-05-02
3598211db755ee86a39eb09bbb4d4365,87c30aea9a70444630a33baa379017a6,delivered,2018-01-11 14:11:47,2018-01-12 11:29:43,2018-01-12 23:53:46,2018-01-25 18:26:44,2018-03-02,575ec97d25a2268acbf0ad9722c51744,2018-01-11
8e9168f5b8cbf3a8e5d2f6767cefa724,32dee19a706a627011743dd7c54f3c35,delivered,2018-03-27 22:00:22,2018-03-27 22:10:26,2018-03-29 22:41:55,2018-04-07 00:48:41,2018-04-13,f520f90d97fbeb3a0fb57f8d24526388,2018-03-27
effac4ec58d76962fb4ffbee25d18215,3472d285196e1db5246524096e7fd618,delivered,2017-07-08 21:39:03,2017-07-11 03:50:19,2017-07-11 17:20:00,2017-07-25 14:33:24,2017-08-14,5899fb414ecad3ef42c4f30c55d21307,2017-07-08
79ffdd52a918bbe867895a4b183d6457,f9808148a262b51d20e2d777eee6676c,delivered,2016-10-04 12:06:11,2016-10-04 12:25:20,2016-10-25 14:16:48,2016-10-26 16:41:21,2016-11-24,8d36e7e56a9f8044df728e9cbf5a3eaf,2016-10-04
194a9f43598155086b091e0c827ad480,ceecf302e4a8a4018810a27e9501d422,delivered,2017-02-12 19:08:25,2017-02-12 19:15:12,2017-02-14 14:05:21,2017-04-13 08:29:43,2017-03-14,6182f723db6ae619f6617ba0ec169c47,2017-02-12
cb0cb26c017d2cfb4e9ed39cd6ee9fa2,d9f56101970c3a221469e5fc2f270c34,delivered,2017-09-04 21:58:15,2017-09-04 22:05:43,2017-09-06 19:54:57,2017-09-18 18:21:44,2017-09-28,7b4afa124e770b0423ba553b1a51a72c,2017-09-04
6d2cb1a61d735811e501bb71b6dd9c35,4d6a4d801f7f07fd8e3f52f34d5b41fc,delivered,2017-02-10 17:44:00,2017-02-10 17:55:20,2017-02-13 13:39:42,2017-02-20 11:48:59,2017-03-13,d027a7952a83c9b87431ed3ae44cdf1e,2017-02-10
05c32a488871489caad8b008dc77b890,26c9b7152117d1360ba0453bc796dc2e,delivered,2017-07-23 15:26:19,2017-07-25 03:50:25,2017-07-27 16:44:20,2017-08-10 20:49:55,2017-08-24,8a800a471470ca3805b189f893a57515,2017-07-23
a012081ae7cc2159673399ef664ed7fe,bd3235c8b16f3eef2bab89dd3bce20ce,delivered,2018-04-25 12:26:29,2018-04-25 12:35:22,2018-04-25 14:02:00,2018-05-03 23:33:54,2018-05-17,acfed6b9e693acfa8936a2238d5e31e0,2018-04-25
47e488415ce9fda6fee06ab849f35ec0,e9e92bb69da148861d99774aea4209b7,delivered,2018-02-12 11:51:40,2018-02-12 12:05:33,2018-02-14 18:06:01,2018-02-20 18:37:38,2018-03-08,4e0a6dff1fea848b9f38faf868102b59,2018-02-12
917d8097fb3b7051788e281616e20659,dfa50f00a7e926894dec66844109a59f,delivered,2018-06-09 20:01:54,2018-06-12 04:57:16,2018-06-14 10:56:00,2018-06-18 22:10:59,2018-07-05,d6dba8ad4b51acf11de3299b2ad557da,2018-06-09
39e3311579afb8c467eac9a76b7e8561,1c62440cda77a9850bf3e546d3518c7d,delivered,2018-01-18 13:36:21,2018-01-18 13:53:05,2018-02-06 14:39:31,2018-02-15 15:07:09,2018-02-09,25d1543be15063a4ad5c8cf854edb131,2018-01-18
2e604b3614664aa66867856dba7e61b7,6bc8d08963a135220ed6c6d098831f84,delivered,2018-02-03 19:45:40,2018-02-04 22:29:19,2018-02-19 18:21:47,2018-02-28 21:09:00,2018-03-22,23397e992b09769faf5e66f9e171a241,2018-02-03
04eafa8a91ba0d51dc0c193bb67afc87,6b63f5ef5bfc6d4989c9a07d5513d154,delivered,2017-11-26 01:02:57,2017-11-26 01:15:24,2017-11-27 17:32:02,2017-12-06 16:42:50,2017-12-20,7d19f93ed7e2ea8211975b68525b0598,2017-11-26
4d2e19ae56a1a07f7e506913229d76fa,368cde2b50c8d9b3f6eb285f544de77c,delivered,2018-02-12 21:18:43,2018-02-12 21:30:30,2018-02-16 02:47:25,2018-02-26 22:48:45,2018-03-12,1287206c90835504f6eda824da9be9d2,2018-02-12
ec2849a3e5771d9f27e2158628b8fc62,ef4e1b85f2e0f761bffceb7b510b532b,delivered,2017-06-12 21:43:36,2017-06-12 21:55:23,2017-06-16 18:22:55,2017-06-23 13:02:48,2017-07-05,5270692f347cefe0d7c6b63d626b506f,2017-06-12
f77c5146e7248e3ce7934c1a2396ee70,8cf4d011190096e3e13d34a6cee42bd5,delivered,2017-07-06 18:23:33,2017-07-08 03:25:30,2017-07-14 20:03:29,2017-07-21 18:08:45,2017-08-11,796330032625c52c206907c7e4acd2d4,2017-07-06
8aed297dafaae7e8244ea765fd3592a3,5e5b442d4eb29101eaee6a9efe25c840,delivered,2018-08-19 22:38:41,2018-08-20 13:50:02,2018-08-21 11:30:00,2018-08-24 23:14:23,2018-09-11,a6b905ecdd6cb0eabfb3e8f780e9c733,2018-08-19
6170e7d09524ad908eea19146523706e,9b4f8a6fef490a9dc955483425c60e16,processing,2017-10-16 19:46:51,2017-10-16 19:56:22,,,2017-11-01,8e950ec2855a3766dd4b8c757de6732b,2017-10-16
25f3f0ae63b48a081e219325f1d4df84,bbb555d3e572820b99a0469b147228b5,delivered,2018-05-27 21:35:39,2018-05-27 21:51:28,2018-05-29 11:20:00,2018-06-13 18:32:00,2018-07-13,f869976a5def51a55de85c6070e3eb26,2018-05-27
08a9634db941b72179ed30feeaac2541,bd6716dadc80ab513e5ef67fc53e6934,delivered,2017-02-27 15:07:11,2017-02-27 15:21:54,2017-03-02 13:49:05,2017-03-06 07:14:00,2017-03-20,925384b320baf4ebc25693e871529794,2017-02-27
2fe96ee292d9f7a92740785a276d2de1,df95b8f390d3ee2f7c0b7785a6e1f5c0,delivered,2017-06-15 18:52:58,2017-06-16 13:25:19,2017-07-06 15:22:04,2017-07-14 16:24:54,2017-07-12,6dca806b3397b113376d1cc9e30923a2,2017-06-15
444928c349bed18bd960cf50ac772e7c,9e78b597f0130477ef444251e93b5298,delivered,2017-12-11 08:42:59,2017-12-11 08:50:28,2017-12-12 18:32:10,2017-12-19 16:23:33,2018-01-04,ef517611fa076488a3789fddb8479882,2017-12-11
deefddac1368fc8231f1db9657f5d69d,a5b68a10e087c33ad9b0736f87013735,delivered,2018-01-21 16:37:23,2018-01-23 08:15:52,2018-02-07 15:13:36,2018-02-14 18:59:41,2018-03-05,7e13ffee44d522fc06504d61abbe9839,2018-01-21
8366eb6d45f021bc51cd0ab247697fd8,ecc9d1e0b9028c358a230d765d23332c,delivered,2018-04-08 23:56:02,2018-04-09 00:10:02,2018-04-12 21:34:32,2018-04-30 20:08:38,2018-05-21,c2b731c7f1e1150ff35ba9dcda1bde30,2018-04-08
3981a5c8c4dbdfc725c00d6f464d852d,6724a6cae17ace276a06cc89e89fc33b,delivered,2018-07-13 20:48:50,2018-07-13 21:04:33,2018-07-17 06:30:00,2018-07-23 18:04:36,2018-08-01,b4b3b6c43d8d695ac866a8e8c003b7bc,2018-07-13
4ee4f0e0b56bda44d48cac579f3c5908,ea67add1182b56661cfc447886723214,delivered,2017-03-20 14:18:36,2017-03-20 14:18:36,2017-03-22 07:41:54,2017-03-30 09:33:22,2017-04-10,3f45764237c57d21cc9e2945c4b2448c,2017-03-20
6d0da5add693d625079fa8fdf40967d6,c6d834527ef04cefed15fc9bf3bbdb7c,delivered,2017-12-26 14:20:25,2017-12-27 04:07:45,2017-12-27 19:17:01,2018-01-11 00:26:54,2018-01-19,41aea522ebdd9ba78d11321d240fa31e,2017-12-26
4af3b706b2f143642fdfb7c219649890,d7416e9404dbd973c5e83cf2d0e6cea2,delivered,2017-06-05 22:38:03,2017-06-06 22:45:18,2017-06-09 07:13:30,2017-06-14 12:15:33,2017-06-28,de29499729a17070e7fc3e6939c80de1,2017-06-05
4e71292813192531d46de4a94b8ba881,9bf26789347373fdee54ca67f973cf29,delivered,2018-02-07 22:46:48,2018-02-08 22:50:29,2018-02-09 17:14:59,2018-02-15 00:28:51,2018-02-26,1e1f3778a8a4b7c1a9fcde8d38934c8b,2018-02-07
f0691b76292c349ef0ebe7e30b7b2823,4c3f41eb599693acdaaf7dabf75cc6ae,delivered,2018-07-04 10:04:42,2018-07-05 16:06:19,2018-07-06 10:51:00,2018-07-09 18:41:37,2018-07-24,4f70a0b58b600a5447fc39a68aebb260,2018-07-04
04011f820bf820fa27cf4cc1fc06d3be,512ab098fa4d12ef6885a8ccedc02eaf,delivered,2017-10-23 12:48:12,2017-10-23 13:06:25,2017-10-23 20:28:49,2017-11-23 23:10:00,2017-12-12,fa9e894ac0b2378ba83156e9281caacc,2017-10-23
2fdbce55deb01ac3ebbb397d65d2b9b3,073d2959178dec403eb31e95d52d473d,delivered,2018-01-09 19:42:30,2018-01-10 10:32:00,2018-01-10 17:21:56,2018-01-18 20:26:10,2018-02-07,d336eae15ecd8e1b61d8656ad62c088e,2018-01-09
c177f5a6ca27ad47cffbbcddbb6abee8,c2f8619be9ba2bf5949980be6ea9ac71,delivered,2018-08-22 19:54:03,2018-08-22 20:05:16,2018-08-23 16:01:00,2018-08-30 19:03:12,2018-09-04,62b3d690a09f7ab9d12728198a548bc8,2018-08-22
b0ef0058ac844b1e34ee3a8c396a21d8,0c96336240a1d7290a3d3b60198c6a96,delivered,2017-07-19 01:08:24,2017-07-20 01:15:20,2017-07-21 21:42:21,2017-07-31 16:24:05,2017-08-17,7fde9b9f9d4350aa6d569b24c82c49ab,2017-07-19
5850a159b783424b168c438678b6cc61,d8026fd77d007821d7adceaf8cdf205f,delivered,2017-08-07 18:38:22,2017-08-09 02:45:38,2017-08-14 23:21:48,2017-08-17 18:34:24,2017-09-01,07aa0e46a3fec5c648422487a2efe4a9,2017-08-07
d407f6aa0355a8c511f0bbcf52259730,1f479b1d550f8519d3f950fffa557af9,delivered,2018-08-20 09:52:41,2018-08-20 14:51:17,2018-08-21 13:03:00,2018-08-24 15:15:35,2018-08-29,681fdecc35cc336d0d0ceb9fb25722fe,2018-08-20
c5fb461f4d5a4b5457fd3029e1d1543a,2d2dbabf96416a7a0ffbd16659697a9b,delivered,2017-11-25 00:16:52,2017-11-25 03:11:30,2017-11-27 22:22:04,2018-01-10 20:35:09,2017-12-27,9122751cf940bfc6e10780c9ab8fc109,2017-11-25
fc8088acbc3136f9baf41c1d43d2599d,f993b7c11e80272c74bed809d3671a7c,delivered,2017-09-25 17:54:01,2017-09-25 18:10:13,2017-09-28 19:26:49,2017-10-09 18:17:55,2017-10-23,a25ed5f8cc1b7c4228d6e01a92bfdc66,2017-09-25
5a409b9e0ab85bdafd5a5b75f4571b7a,23c6c63704f7efd494d4d77561cdf602,delivered,2018-04-16 20:28:54,2018-04-16 20:51:34,2018-04-17 17:12:45,2018-04-19 17:24:52,2018-04-26,4e6287bf278552d6c71f5c881b7747f8,2018-04-16
708d24301975cd5be16d65c280b4b2f0,be2e3eed1024642d2ed3d69cdd80959e,delivered,2017-07-28 12:16:33,2017-07-28 12:30:15,2017-07-31 23:25:51,2017-08-08 19:15:14,2017-08-23,cc15a21bf6b08690ccc5d48e9b2568cf,2017-07-28
8c96e8114dc36ac1a6e1524a8ad514de,cd6c72d5cf170f3b0a80de4c6e087303,delivered,2017-12-06 18:42:31,2017-12-07 03:14:21,2017-12-08 23:51:57,2017-12-21 09:43:33,2018-01-04,e43e7031cd89dd0ac61dd44b840c311f,2017-12-06
af912be10bef7ce49f288385afc1717b,cb4af6aa5b3fffa0d566e3b6beb702a8,delivered,2018-05-17 14:31:50,2018-05-17 23:31:21,2018-05-18 13:36:00,2018-05-24 20:16:50,2018-06-01,f51845e17fd02051525dd5d76de40ee2,2018-05-17
5ec17d5853c4bad3b18adb6778b3ac0d,8bc1170e90f388332edae6f23c388d38,delivered,2018-08-07 14:36:35,2018-08-07 14:50:16,2018-08-14 14:09:00,2018-08-15 17:03:37,2018-08-15,e50ff3ebfcf05fa082ade56e01b56539,2018-08-07
3d62214bc821ec54aac1a2e240b42650,bf66bde8b6fef4caee9c8115c25693e1,delivered,2018-01-22 08:45:18,2018-01-23 11:10:51,2018-01-26 20:03:24,2018-02-05 20:17:54,2018-02-20,0f8758e5b1c6c6b2156a9dddce128558,2018-01-22
9bca900557a01da7a51779dd1d2326b9,5bf8cb17e2d092cd21bcf379f734b93a,delivered,2018-04-10 22:11:58,2018-04-10 22:29:35,2018-04-11 21:48:48,2018-04-17 20:51:39,2018-05-02,298462967bde2c5c6eafebd07c0d0719,2018-04-10
c45bac21efb8f0856af311a0f8d67695,965c92c8332f6580e2ddba1564f1445f,delivered,2018-03-23 11:59:35,2018-03-23 12:15:38,2018-03-27 00:48:43,2018-04-20 00:03:43,2018-05-04,0fa3e5721cad691b9594fb89f9805a68,2018-03-23
3584d2b8b46935e835424180bcc17702,9aa94371a681279abc010cc5ed7ed4ea,delivered,2017-05-04 17:25:45,2017-05-04 17:44:27,2017-05-10 09:54:40,2017-05-15 07:37:46,2017-05-26,32298281712f20b7489df2967a6fed6d,2017-05-04
2c990009034e1fc83904584b26b5fd25,6e568303db60ca2bb3aec0b1f9183492,unavailable,2018-07-18 09:52:46,2018-07-18 10:05:20,,,2018-07-26,7c9a0402e884c791edf88646b7c20a82,2018-07-18
eba78f5ad48cd2dc7f836491fd62e335,f4e7ab7598cbef510a638a6068fbc56a,delivered,2018-04-12 17:54:28,2018-04-13 17:31:33,2018-04-19 15:41:23,2018-04-27 16:02:35,2018-05-11,ec0d50f4da887579a1b7eeb134735de3,2018-04-12
48d5b6816e1f11f1272000b4af1fd7ed,6efe6238680c57d7c67367acf30bb2f0,delivered,2018-08-14 23:20:29,2018-08-14 23:30:21,2018-08-15 13:33:00,2018-08-20 20:58:39,2018-09-10,af4f285010c0961ad948e93170be4237,2018-08-14
a8b7e67dfcd176f45fc9e278adec1917,c6cf92ed54527447bd0e5848e33c65b6,delivered,2017-08-17 15:08:58,2017-08-19 02:15:33,2017-08-22 21:18:01,2017-08-31 17:55:06,2017-09-19,80a4b25c05a87abc564db6b8bafd47ab,2017-08-17
8f8667e94ac7adf9edca104f92c97bcd,24da4ce30940cad28575b38a389b9388,delivered,2017-05-05 12:18:55,2017-05-05 13:05:46,2017-05-11 15:08:22,2017-05-15 14:13:30,2017-05-26,616899fcf76de99cfe7b0a0175bd9624,2017-05-05
a2773e1bc198e397853da179908a5724,630faf8ff0f9e9c6fd9c6033a9f94d95,delivered,2017-12-23 15:04:03,2017-12-23 15:14:26,2017-12-27 20:15:32,2018-01-06 00:27:14,2018-01-24,44cac02e3604fee74faa1eaa90d94882,2017-12-23
bf737c2aafd98353171a777c526656df,fb0153959477d7ea9b59c4a8c4486c17,delivered,2017-05-21 07:59:20,2017-05-22 20:55:19,2017-05-23 15:47:22,2017-05-30 12:03:23,2017-06-13,96f683e748ecbc72b45e6609eeb0c242,2017-05-21
70ff94aa6a317bfb3ab751f7abac108a,96642d524742c5e6caf3ca1c9e4f37f0,delivered,2018-02-20 18:07:15,2018-02-20 18:25:35,2018-02-22 01:19:24,2018-03-09 23:46:37,2018-03-29,9cf3110cfa08505bcd639a93048fe8dd,2018-02-20
88d3ffbd9471d0ba780fd0370a0d7892,773b672fa164724437f6e8b82b6e0f06,delivered,2018-07-05 16:50:26,2018-07-06 16:51:17,2018-07-13 11:18:00,2018-07-26 20:54:27,2018-08-07,43f121a6763a0d307455e42f64592634,2018-07-05
da84a8216703f542bc03d93c9394d9b1,7912cef0fe56d9bd9ac8b45baec145bb,delivered,2017-08-06 23:34:48,2017-08-06 23:55:18,2017-08-07 18:27:32,2017-08-16 16:25:30,2017-09-04,9996775e57ceff540bd403d97f9b2e26,2017-08-06
9d7a3ee5e3aeb43589c049d8940e9ba9,bba6bda10abbe401624c67e199e58e0a,delivered,2017-03-23 19:30:57,2017-03-24 19:35:09,2017-03-28 19:05:36,2017-04-03 16:23:51,2017-04-17,e762d00d11cc772cd262776f9df83485,2017-03-23
773f048245dc975a5f7c67c2415c88a0,1ad8bdb3f2f3403ef79ad8d80dc8d425,delivered,2018-01-24 16:45:34,2018-01-25 16:37:31,2018-01-26 18:22:07,2018-05-30 16:56:49,2018-02-23,59bfe97acaf7979ebbc663af8bb1827d,2018-01-24
5ced3c3a76ef7d2ab6b014b379d414fe,3f9cf90712425af96d7d55fc6c08d450,delivered,2018-07-30 22:03:49,2018-07-30 22:31:32,2018-08-01 09:40:00,2018-08-06 15:28:35,2018-08-07,7098eb76749af213a85508c2a48f9718,2018-07-30
27cccab59c02b5c742ec003898dfabec,c2cd75f49d23793dcf0bb6cd84af4832,delivered,2018-07-23 10:31:16,2018-07-28 23:31:04,2018-07-24 14:57:00,2018-07-31 00:11:37,2018-08-09,08a678af92ae64c547716222a06447cf,2018-07-23
11b7adfd63537ace6ab5ede1feb62610,1d50ef713093771ec10c3ba611db3afb,delivered,2018-06-26 08:08:04,2018-06-27 08:30:51,2018-06-27 10:16:00,2018-07-03 22:36:33,2018-07-17,9d21e56e55199fef0823482f7d3d582d,2018-06-26
eeca9f5d045896f3545298cf7a55f101,ea85434d6eb8e8b3acb85291385bc410,delivered,2017-11-28 15:11:25,2017-11-28 15:19:41,2017-11-30 18:09:46,2017-12-05 14:11:41,2017-12-19,332d23ba1c1179a58fb692bbfa5579c9,2017-11-28
19e2a5909c8b0167ecbe280ecf35112c,a48570e816dd8d8a313d075e5cb0dfcc,delivered,2017-11-28 07:56:28,2017-11-28 08:11:26,2017-11-29 21:09:06,2017-12-08 23:35:01,2017-12-18,9024508ee08f962618eaa587b0b6d52a,2017-11-28
cb61ea3467956c7b83c342c1cc488364,682ada82d00f8a8f7c766f10b6f641dc,delivered,2017-09-09 14:37:13,2017-09-09 14:50:23,2017-09-12 12:22:46,2017-10-03 16:33:50,2017-10-09,2da5ee41ace2b004297ab83756b6639e,2017-09-09
ff2e9b2298b4e147dd0e57c182d42528,44b854aca157538bfd8e60c02877f887,delivered,2017-09-02 17:37:45,2017-09-02 17:50:20,2017-09-04 23:57:35,2017-09-13 16:07:48,2017-09-21,378c60a76d148ab145f7397c642cd4d0,2017-09-02
0de497b1f069927c15c241a833bb67d0,49a385b4c7bfe2a0c2e12220bb169dab,delivered,2017-07-11 11:56:29,2017-07-11 12:23:45,2017-07-14 17:51:37,2017-07-26 18:43:53,2017-08-04,7725ee39818a24b0127ee4d6a6fba237,2017-07-11
c3a071b5ca0f9c693c5276d4dcf7fdcf,2b7b9574c7e5ce266ee57ebd7a5ca094,delivered,2018-08-22 18:32:39,2018-08-22 18:45:09,2018-08-23 13:10:00,2018-08-27 14:58:29,2018-09-11,da24956ad4478166543db107847762f2,2018-08-22
2e92b6acae58342ffb8861708b8c8270,8bc779ff1fc9e05ab2c0e81a27953832,delivered,2017-03-26 16:44:07,2017-03-28 03:43:49,2017-03-29 15:05:12,2017-04-05 10:19:05,2017-04-18,0909c8582df282c1aaea66bd9dc80fd0,2017-03-26
5c4190a9ffe4e2a2b5355ab764c1cabf,be9844ed6239f8ba16b4b43b5d20a920,delivered,2018-06-02 08:49:07,2018-06-02 09:11:39,2018-06-04 13:33:00,2018-06-14 18:37:40,2018-07-20,ab677cee59ac0360028d90bb2306774d,2018-06-02
09475a764868b0fa004ced42388fe6c6,13db6d94faa6734d80cd12f22df84a56,delivered,2018-05-30 14:14:02,2018-05-30 14:31:56,2018-06-01 14:40:00,2018-06-09 13:42:40,2018-07-03,730cd5fcc92b39d21fa127d3e4f81024,2018-05-30
1c74ffde86fb781136c43931617a5958,0e9eb3e3b8e61f91e5dc792fcddb8dd3,delivered,2017-11-30 19:49:44,2017-12-01 09:30:49,2017-12-01 18:14:46,2017-12-11 19:32:50,2018-01-02,3549610d3f44fa4243d5107f57ab4212,2017-11-30
5a6da3ba0d659abdabc4359be7697099,1307edca800db1ac287111e35ee9a588,delivered,2017-04-15 22:26:39,2017-04-15 22:35:11,2017-04-17 11:53:03,2017-04-20 10:56:42,2017-05-08,ea73e6215c806926eefe1f2778327913,2017-04-15
2326e62a79b6d61d95f414e44724d427,08112656aac7e7f6f51324b2f1d85f02,delivered,2018-01-18 08:02:14,2018-01-20 09:08:44,2018-01-23 15:22:43,2018-01-25 19:11:56,2018-02-08,6b45a78def78253a81e389752de9d443,2018-01-18
04652586a8416e68609d21f267dee2f6,401d49ba9a2b427967dd578821c55b2d,delivered,2018-07-31 09:41:10,2018-08-01 04:35:22,2018-08-01 11:20:00,2018-08-09 20:04:38,2018-08-21,629dde990657dba8fbe6923e66804091,2018-07-31
9aecb82bfe0db20de65127f00bbb158f,0ae2a7fe487a9e59d21a1413570cae2e,delivered,2018-02-05 14:39:00,2018-02-06 15:56:08,2018-02-08 22:58:25,2018-02-14 21:09:19,2018-03-05,7d35f5764e668c9deade51c2fd31758a,2018-02-05
7284a4f946c71afdbdd5e508d8f7814f,857c689eb18e76f316740bb9ee3ae189,delivered,2018-02-20 13:30:36,2018-02-20 13:48:49,2018-02-20 23:49:17,2018-03-14 18:04:01,2018-03-15,75697c1607d01795a58970c4f3e65ea4,2018-02-20
0436c197b0ba8265af9fa94b7f444866,d2bc0da79a4e2ae1e11523f27454311b,delivered,2018-08-07 15:54:26,2018-08-07 16:05:22,2018-08-08 14:52:00,2018-08-16 20:08:42,2018-08-24,8cabd14272f05262621ffa151546bac6,2018-08-07
199143704f839c9a7e8eb0ce7b52fcdf,8699daec121578c9a9acfdb360ffe2e1,delivered,2018-04-18 15:36:07,2018-04-19 02:51:13,2018-04-25 16:07:00,2018-04-30 15:51:54,2018-05-11,359be13c38357d18a201ec57f211ab54,2018-04-18
2e69009ed3ebd65c2e8188a8d7e8c0eb,8a0a4551ad5fc7b8b811deaf5afcf6ae,delivered,2018-05-23 22:01:51,2018-05-23 22:17:17,2018-05-24 14:10:00,2018-06-04 17:50:36,2018-06-21,1e3ceb01f922568816be428509a9052f,2018-05-23
e5bf502cf18eaf816a5cb7d036dd46c4,9e0452110adad445e1fe1b892ca16392,delivered,2018-08-01 23:45:37,2018-08-01 23:55:13,2018-08-03 20:27:00,2018-08-07 20:58:26,2018-08-10,37a37a6bed18e2117e1896597a539b21,2018-08-01
d2724690c822b993917c586e8032667a,d8abb787789981db1a4fadceb55a7e35,delivered,2018-03-16 10:34:07,2018-03-17 02:45:30,2018-03-19 21:22:06,2018-03-26 20:57:16,2018-04-11,54b50d481e0c0501204f7d42446f73da,2018-03-16
c429654419aacfe84ec52dd4c45f064d,4f6d65038bd393dd461e0f8e7f318287,delivered,2018-05-19 22:12:15,2018-05-20 01:02:35,2018-05-23 12:24:00,2018-06-25 21:14:37,2018-06-06,683857698d00e39079c75c877f743f20,2018-05-19
b408eebfa22431115ec0811eff9d8561,4d914121becbb45c404a3b27a8db7073,processing,2017-08-12 14:10:11,2017-08-12 14:25:12,,,2017-09-05,98168eac716e426d9725b025bef08c3f,2017-08-12
ad46543febeab4e4e1f1aab5a3ae28db,7ca7993040083feccb77fabd881ce270,delivered,2018-02-13 07:17:20,2018-02-13 07:30:18,2018-02-14 22:43:07,2018-02-15 21:53:01,2018-03-01,004d17fa2cb102a7c4817f040c884e59,2018-02-13
2c494cef88b908df152b7d6d69c8beba,f64b4d4b9e4185ce59b00e617e565bca,delivered,2018-05-10 15:49:11,2018-05-11 11:37:28,2018-05-18 14:02:00,2018-06-07 21:08:57,2018-05-28,3af90f255e824d1d53b3584a4e89ad58,2018-05-10
55a90b35362150673d3546509274be53,16b5a0c654239c91496f748d0ced75b1,delivered,2018-08-13 14:18:20,2018-08-13 14:30:22,2018-08-17 13:55:00,2018-08-29 16:41:35,2018-08-29,acea13a79aeaf715ba68122e9deb330a,2018-08-13
cbdd135deb197f0e58e13b3168600666,9c09e23c3e0db1a6157b983e6b6db539,delivered,2018-04-03 16:30:59,2018-04-03 17:15:27,2018-04-04 23:36:32,2018-04-10 23:05:26,2018-04-23,fe1773bb237e36e0b616c93e98c768a4,2018-04-03
4d615e558a28fc608949a029ab18cc87,4096a1334bdc2b6d0f2c22228c1b47ed,delivered,2017-04-08 01:04:51,2017-04-08 01:15:12,2017-04-11 14:06:43,2017-04-19 19:28:22,2017-05-11,b39dde6dd619943190a8cc9aa6db38a4,2017-04-08
9f495a88e6454713d2963970d7a119ed,9a2b3f6cdd9a69334f83072012328619,delivered,2017-03-24 22:43:37,2017-03-24 22:55:17,2017-03-28 09:08:03,2017-04-03 14:12:50,2017-04-17,d54f5b98bc0b3a107a3a6d007fb22251,2017-03-24
eeee6bb6362f699fcaf86a54fe701c7d,82b7c4df2bd96eb13d394cf8d77c98fd,delivered,2018-04-11 12:17:31,2018-04-11 12:50:47,2018-04-12 22:59:36,2018-05-02 19:58:37,2018-05-18,41d3be2d51ef0900a1ad2e4f2f2e8051,2018-04-11
81161411335afb1d9c6dfd1b42a63eb3,ab2e87ad1a915cf88638ab6f43f5450c,delivered,2018-06-30 20:44:28,2018-06-30 20:55:21,2018-07-03 05:28:00,2018-07-05 01:13:01,2018-07-20,7d4ed299c3c41701c0558287cad39827,2018-06-30
455f0e2655475e2d69c91c45490550a5,79fe43e014435439f7e9d753a4bb720e,delivered,2018-01-31 22:09:40,2018-01-31 22:29:46,2018-02-02 00:07:14,2018-02-07 18:32:52,2018-02-23,832c08e54843ff23ffaf3325b8c19b3f,2018-01-31
df07571cefaed71337a66295010ddb44,357ea86137051c554e5a5f673ad8e14a,delivered,2017-09-30 15:04:50,2017-09-30 15:14:25,2017-10-03 17:17:34,2017-10-10 19:23:03,2017-10-19,62e2de03150e64b4ebe3fde98b934b72,2017-09-30
5c3fbb4009b158eb4cc91a0c6747ebfa,449bbc0df0bf1e966a7d4c41fad151bd,delivered,2017-09-17 13:00:51,2017-09-19 03:50:37,2017-09-19 19:25:27,2017-10-10 17:05:12,2017-10-17,48f7eef7aaef4c9ded9cbeff0ec70868,2017-09-17
c31c5506867767b7649a3833086c2925,cebc471c85bf6d400cd4ee8a664f8571,delivered,2017-10-04 06:37:23,2017-10-04 06:49:10,2017-10-16 21:35:34,2017-10-30 17:27:55,2017-11-10,7cf52fc14228a150c9d8c8c70de5a826,2017-10-04
bdf6434f99a355f695608dd18719b358,4ec19da27439c169647fd8abb44acf41,delivered,2018-03-24 15:09:33,2018-03-27 04:08:39,2018-03-27 20:13:21,2018-03-28 21:27:53,2018-04-06,f02dc0a8e636882dec6966529fc889dc,2018-03-24
25876bdef3cecd304a7be7b88c6522df,e3493ef4ec671df3be783e7669eb71a4,delivered,2018-07-01 21:04:39,2018-07-01 21:15:14,2018-07-06 09:58:00,2018-07-23 22:28:28,2018-07-31,afa4aa82519183feb832ea0c8652e7b2,2018-07-01
e74cddc9bc11794b017044166896d69f,e50df94b9dad7dd2c97692f3b4b00d96,delivered,2017-11-12 15:57:43,2017-11-12 16:10:32,2017-11-16 20:37:02,2017-11-22 20:31:30,2017-12-01,2983fa4a4a704ab43f2f131e065a550c,2017-11-12
0bb0ac36c272438c710c3ee74c77da1b,47faef3420bd0e1dc047ce4e9171e03d,delivered,2017-11-28 16:26:20,2017-11-28 16:58:13,2017-12-04 23:41:51,2017-12-19 20:04:27,2017-12-22,7768bb025fb5129c44e1a5053f06d9ea,2017-11-28
5e45560833c4c43e2ce402256ae47069,2fd0620d6116592888cc82540b396dc3,delivered,2018-01-24 12:38:33,2018-01-26 03:16:55,2018-01-31 18:12:57,2018-02-06 16:41:29,2018-02-20,e2ecfb9fb58296f360b3894d6eb3f372,2018-01-24
f71f5d96e49fe0c442fbacecd491debf,71230fe4a71ab6a004067dfe6adaf743,delivered,2018-08-13 22:38:13,2018-08-13 22:50:16,2018-08-14 10:06:00,2018-08-30 09:26:24,2018-08-31,e981cdb906f62ba7b18d1a3e54abccf9,2018-08-13
42e981c81e8c45cbe5b10d8456a0bc1f,24476e2a8c393ecaea905e2621e1d2ea,delivered,2018-04-12 07:28:14,2018-04-13 02:32:04,2018-04-17 17:03:11,2018-04-20 18:36:36,2018-05-15,72d79cf02321da1bbaf8c648c5ad2401,2018-04-12
c61f24b4d04a247a7b8f182d3bdb7e18,6876c072b2c44bdeff9b5cc3eed9d108,delivered,2017-04-04 13:47:15,2017-04-04 14:02:57,2017-04-04 15:05:33,2017-04-12 15:24:23,2017-04-27,3ea0dc7679b16aaac1968748e60ea49e,2017-04-04
91d593443c46df640b0aed417f114374,9648b07145cfaa61d8ac6bc1bc294ebf,delivered,2018-05-22 14:23:45,2018-05-23 02:38:21,2018-05-23 14:59:00,2018-05-24 16:42:23,2018-05-30,d6e43c8900ea8469161dad4ea34799ce,2018-05-22
7bcffa5963aefdcd6c8cca5cfd6d0e32,4810c2ce9d15f307f600efd361eccbb0,delivered,2018-06-04 19:02:10,2018-06-04 19:15:11,2018-06-05 11:15:00,2018-06-06 17:46:34,2018-06-20,d1e8c97912d2141613702704e639dbc1,2018-06-04
cf30fe76d1505192acee1c6dccb15545,3692097ced25d93525a447a4276fcf2f,delivered,2017-10-10 14:04:45,2017-10-10 14:29:53,2017-10-24 18:36:28,2017-10-25 14:49:11,2017-11-03,1fe64a1a47422f65cb1c179f0ab5ee36,2017-10-10
64478c0495ed9d0c628e8cfa896b83f7,e75f582835be082b8ead72b1c7231f72,delivered,2017-12-05 19:43:24,2017-12-05 19:56:28,2017-12-06 18:44:43,2017-12-20 15:51:56,2018-01-05,3ed85f84310c51f137c349c564a8003e,2017-12-05
37bb906305fed075bde1eac3f0023938,8a41c7f9953f6de004c96265762ac7e0,delivered,2018-04-17 16:11:55,2018-04-18 16:18:48,2018-04-20 14:20:54,2018-04-25 22:09:49,2018-05-11,d6f1854360dbd9b2580f2f4195baf7d8,2018-04-17
e4539a1ef30b450fe69aac4b87fe5434,e2739b85af8403921b2b1bb2e99325df,delivered,2017-10-10 12:03:02,2017-10-11 07:33:36,2017-10-11 20:19:58,2017-10-17 14:47:56,2017-10-23,3949a019223422cf30a6be3fc82f7982,2017-10-10
d3220f2771d590e93736b9078ab008ce,4c905422f491aa302e218b77cc8b3e88,delivered,2017-12-07 16:07:54,2017-12-07 16:16:27,2017-12-08 21:54:49,2017-12-15 15:32:47,2018-01-04,e3828c5fa1f5cf7d01c462c465606f0c,2017-12-07
716d94482440b2b6bbd8346eb9fb3e14,3f64f68ca314162409d03c369cc1fa8e,delivered,2017-07-03 21:01:08,2017-07-04 18:05:21,2017-07-13 17:58:35,2017-07-26 19:17:22,2017-08-15,5fcec12eaf737cdb2ded91e81f1dc266,2017-07-03
16b8c07980cc1e47a31ebb35d9222807,d4c730f60fa6479e35ab867cdd3c8a9b,unavailable,2017-05-31 13:14:22,2017-05-31 13:30:16,,,2017-06-23,2e904e9e68adf360c4d9c4a82621c28a,2017-05-31
bdabc74894435691ce6c9987a61b3d55,3919e68e67f1f09742535d65295914c5,delivered,2017-09-04 22:47:46,2017-09-04 23:04:00,2017-09-12 01:03:52,2017-09-13 18:55:04,2017-09-21,8b85fbfc61fdc81ecbb2dc8eed68161d,2017-09-04
951670f92359f4fe4a63112aa7306eba,b2b6027bc5c5109e529d4dc6358b12c3,delivered,2018-03-13 16:06:38,2018-03-13 17:29:19,2018-03-27 23:22:42,2018-03-28 16:04:25,2018-04-10,259dac757896d24d7702b9acbbff3f3c,2018-03-13
df73920801529869f3f9aabfd3630c8f,11dcd28e3f52708f274d6cdff2a7364c,delivered,2017-11-22 22:30:33,2017-11-22 22:46:24,2017-11-23 13:41:08,2017-11-24 20:15:13,2017-12-04,f84193318f905a44017521c8dd0e6b1a,2017-11-22
952c3a4510a7db68bfa6a957bdfa0aeb,54f25e1fa9df79970f3ed1df347243fd,delivered,2018-07-31 14:31:31,2018-07-31 15:31:50,2018-08-01 15:58:00,2018-08-03 19:47:34,2018-08-08,58bd8e8e646077fbc3a02f1dbc610ac1,2018-07-31
8ef17147aad160f7780239dcf0acb400,4970bb6b474c87daaa34c517d06745fd,delivered,2017-06-18 22:01:51,2017-06-20 10:30:24,2017-06-20 15:34:43,2017-06-26 12:06:08,2017-07-07,9dc44558922ff57d14d99f20d37f440f,2017-06-18
afa0a26ce5b6abc3ffb6387fe93e2721,c0c0dd0d1683ca0612d2e1147a0eb895,delivered,2017-09-26 21:14:41,2017-09-26 21:28:18,2017-09-27 16:43:34,2017-10-05 17:04:31,2017-10-20,2ce9171804f756bf9c2f4572cfa87f73,2017-09-26
aa14b8f4567fef1be1a8912ca010f1c7,cec800e76b1cc898de17926aa9e1e146,delivered,2018-08-24 21:17:00,2018-08-24 21:30:16,2018-08-27 12:43:00,2018-08-30 21:32:40,2018-09-10,001928b561575b2821c92254a2327d06,2018-08-24
d0c3c2b7f8194da48a7f9954d79fa2e6,3fdfdcd1a075603bc95b9082e5ae6e10,delivered,2018-01-08 18:03:44,2018-01-11 11:28:31,2018-01-15 17:33:30,2018-01-16 20:51:31,2018-01-24,e52200bf2286a9a1ab3a37a45a86b85c,2018-01-08
18fa032cf65a1c5c2820d16276b4741a,54c5c9dcdc6cca32b4fb425a215d39f5,delivered,2017-10-29 12:13:26,2017-10-31 19:34:36,2017-11-01 20:33:34,2017-11-08 22:52:38,2017-11-22,f5b61c2866612d66de52d3a44a5e86dd,2017-10-29
aa1b607cfe0e87e9a0251b792ef61d3f,08d0e76c56b69ca0609304af98889707,delivered,2018-03-03 14:02:08,2018-03-03 14:15:29,2018-03-06 17:33:06,2018-03-19 20:09:41,2018-03-22,0943dace599e9c354b7ad571b3b82ccc,2018-03-03
aa0639a3e2aa426f0b46f6a4c2d2efce,04872433c17e4ca13b0aa2381838d11e,shipped,2018-07-14 19:00:44,2018-07-14 19:15:15,2018-07-20 09:41:00,,2018-08-07,b3e529a2053eaec39876a97f990c3726,2018-07-14
cea264d1835395ebe139f481d4b3fc5e,410283cc80041c4e264bebd76d51cdad,delivered,2017-12-09 20:03:41,2017-12-09 20:14:21,2017-12-12 22:19:36,2017-12-17 16:37:00,2018-01-04,512f59bbd9160e087d2392c61a8e0a0f,2017-12-09
019d029f0b101343d44017d249b1f64f,7c71e90638cc8c6940af7e83d490cfeb,delivered,2018-06-11 21:55:43,2018-06-11 22:19:26,2018-06-13 08:06:00,2018-07-04 14:41:50,2018-07-12,d6ee23b2b268ed053882bf4041ce2a2a,2018-06-11
cac82deb37cf2bbc3f1ccb5ed31aceb4,6bd3cf62d1a263cc4aa9bf23929d9bd1,delivered,2018-02-21 23:16:18,2018-02-23 02:31:15,2018-02-23 18:48:55,2018-03-06 01:13:51,2018-03-13,5089f0a6946d4e3ddd66204b292a981b,2018-02-21
48d16c1c3913eec3eb5733c0f9fdeaa9,70bb3544ae0b9faccb7c0336a23e60b7,delivered,2017-12-10 01:07:52,2017-12-10 01:43:09,2017-12-11 21:41:46,2017-12-15 22:12:10,2018-01-05,3e341b59cef7bd65660ea83bc8a31031,2017-12-10
16f3197b63d493ba1c9fa0fd6c75f985,0c43ce6eb8a94b14d8eacee4b844d0d7,delivered,2018-03-25 23:19:51,2018-03-27 03:55:27,2018-03-28 01:46:50,2018-03-28 18:41:52,2018-04-06,5f44b92cf9c269ddbe36a97991a7ed3b,2018-03-25
7712472a07a10232dd2e57a0c2532cd3,3f60ed8ad54ea9618a3ffa906a6b45f6,delivered,2017-03-23 21:57:33,2017-03-23 22:05:35,2017-03-27 12:14:02,2017-04-04 13:54:38,2017-04-13,d9e70253fef7eec066292fbedde566e4,2017-03-23
7fd35dbb2e6b19af4c9e7814a650597d,92ae73900149aab92d6120b9ffa42675,delivered,2018-04-26 10:55:15,2018-04-26 11:12:49,2018-04-26 14:02:00,2018-05-03 22:38:27,2018-05-21,a924d89c1062f9149e55552f0359f894,2018-04-26
8b050d41c0452652c3f1a6cd855005b1,6f7e05f9beee9d934ffcf02bb309d52a,delivered,2017-10-01 07:50:32,2017-10-02 22:03:56,2017-10-04 12:36:10,2017-10-07 13:13:02,2017-10-19,6217b475b3457f5b2c33a4d43c332e54,2017-10-01
8c59638b578341d034f1d7ffce0a5575,9e8589c52f8d894c393473469d98624c,delivered,2018-01-21 20:54:08,2018-01-22 13:59:03,2018-01-23 19:18:58,2018-01-29 15:13:42,2018-02-19,2075fcda759d5300387522de003dbb48,2018-01-21
2bed7602716232f428dd9a52fb9bd809,208e5e422e5690c147d774f551fefbbf,delivered,2017-12-12 23:16:29,2017-12-14 02:12:36,2017-12-15 20:13:29,2017-12-26 19:13:34,2018-01-15,6d30b2ebaa4860cc7288b58737fced26,2017-12-12
b88330a020772cd6f9b2454f307a486d,658a7d941c6f5fc09e7a2ef4fed57dca,delivered,2018-04-04 19:07:44,2018-04-05 02:15:34,2018-04-05 21:58:51,2018-04-17 20:21:53,2018-05-02,322740034480eb5fe9d14398aee49d4b,2018-04-04
62fd23282da01c8b7467acd4876b03f6,b0ed92092fac9c620ba0a0ce59eca40a,delivered,2018-05-02 18:44:43,2018-05-02 19:15:45,2018-05-03 12:29:00,2018-05-04 19:45:03,2018-05-10,786f871d8ef8aa582c55c3cea614f9ee,2018-05-02
034e643b615bc5da33b1ede13e2ae803,455d3b0a4ba690caca990d8a6ae98f29,delivered,2017-11-05 13:45:28,2017-11-05 13:55:26,2017-11-07 00:48:42,2017-11-16 20:43:46,2017-11-27,e696aa94a87c8e7c24562a26491c2e69,2017-11-05
5870c61c60ceece3d575eecb68252abe,454586ba91da2327e8b3797673c84707,delivered,2018-06-09 09:06:45,2018-06-09 09:37:09,2018-06-12 10:40:00,2018-06-18 17:52:24,2018-06-29,26a6e3e036636ef1d5636f98b66094cc,2018-06-09
8a6927284335d25c41814675321cf9f4,d7e34873f26bcf3c083e4fa35d5a0c81,delivered,2017-03-03 15:44:38,2017-03-03 15:55:11,2017-03-08 09:57:20,2017-03-13 12:42:27,2017-03-27,9d010dc43261a4928c3d7061409d4021,2017-03-03
13990518755c419d33e4fb67c28e843f,bb6fbf6fc0129c677084ae0f9e41e356,delivered,2018-02-03 15:45:11,2018-02-03 15:55:19,2018-02-05 21:17:40,2018-03-02 22:19:08,2018-03-13,e68d4f4734a5b8217ccc983d2c30437f,2018-02-03
8cbe9120736aad9c8fdbf431bcd16e5e,79d7e956c2d03b3e3113f470935ed88d,delivered,2018-06-09 15:07:45,2018-06-09 15:39:54,2018-06-11 14:43:00,2018-06-12 19:43:43,2018-06-20,1e6b3b686959e1b1bff43b2673ac184b,2018-06-09
e5cb8cec63271f7ad2569b86e2eae45e,b31eaa661afe014345c3f985657e7743,delivered,2017-05-23 15:27:58,2017-05-23 15:43:27,2017-05-24 09:28:20,2017-05-27 16:52:56,2017-06-12,f1a2a1327440c4f5c0b364e1144c6d90,2017-05-23
1a5800523e4a42619420e13b49c522b6,ec9ca22307897a31bb0635c4811cf672,delivered,2018-08-13 09:38:37,2018-08-13 09:50:19,2018-08-13 15:26:00,2018-08-24 20:58:30,2018-08-29,7343a634f52f941a1fb851a53bedb2cf,2018-08-13
8cb72bfae52a43b2b37a1b6044bb05e9,a1ae92e31e82dc93be192ee4fd8c2cb4,delivered,2018-01-17 00:21:53,2018-01-17 00:33:20,2018-01-17 18:12:28,2018-01-22 16:36:54,2018-02-05,531f579801a6ba689b6578b1a96eac4e,2018-01-17
395428aa1754d877ead58b1e47b29a64,98194ea82cd33e0875838cd51faf7e07,delivered,2017-08-13 13:03:27,2017-08-14 13:24:05,2017-08-16 17:12:50,2017-08-24 17:45:41,2017-09-06,678a6aecc68f1791ae84a38bed98004e,2017-08-13
90747e77f1f92c16ef47b7e5aa910e0d,1a1e2f5f736b406930c33aba1d9dface,delivered,2018-08-21 21:14:44,2018-08-22 03:44:28,2018-08-22 13:21:00,2018-08-28 17:03:38,2018-09-10,cc9f0f8383fd49b0c13ab95c2b45ced8,2018-08-21
675a27f901e5f0350eed10f052e09b60,296f5301f45389edbfbaf19581acae8d,delivered,2018-03-05 13:22:10,2018-03-06 13:15:28,2018-03-08 19:58:21,2018-03-15 20:26:44,2018-04-05,2a277b0006a0dcbe443f6d5f307bde92,2018-03-05
992896ae125eab618e4959e3ea83dc8c,228cc0dcd11493f23d3748b2aed1f988,delivered,2018-03-12 10:13:05,2018-03-12 10:30:50,2018-03-13 16:52:36,2018-04-24 18:27:01,2018-04-11,2e13c90cdd0e5094fc95150ec182b653,2018-03-12
f12388e0e8c7694fc38c8de19261054c,de481cb60487d1171ef850f3d818467c,delivered,2018-02-24 18:03:19,2018-02-26 17:30:05,2018-02-28 13:05:51,2018-04-18 13:08:46,2018-03-23,31628ac4d85d1c46ebf7dad444adcbe3,2018-02-24
d1cfa1831820d2e3c0d6994a86491206,8c914738dc496dffcdc9bfa277b0254c,delivered,2018-03-06 20:25:02,2018-03-08 02:15:37,2018-03-09 00:21:20,2018-03-14 23:49:30,2018-03-22,bc8572e36c2d882fa63a33e8f7a1f9d6,2018-03-06
30f0c1cbcfb334c331b788655f973cae,756b44d886451d4dbfa82dfe67ecf0ec,delivered,2017-10-15 22:52:42,2017-10-15 23:07:11,2017-10-17 18:42:56,2017-10-21 10:11:47,2017-11-01,e49b04a307b963ff4563b38db31bb863,2017-10-15
dace8fef361782cc885129d17c2df11f,f7f8a1a3c14981f719f65275db4d27c5,delivered,2018-06-22 09:29:37,2018-06-23 02:36:06,2018-06-26 14:43:00,2018-06-27 14:35:46,2018-07-05,2ddaeeb8948d70423c3326843412fccf,2018-06-22
61504b58bbd4959c4ff676a93d713b04,4c099655b8632e99c4db7e1341746c3e,delivered,2018-04-08 21:32:43,2018-04-08 21:49:34,2018-04-09 22:22:00,2018-04-21 00:08:46,2018-04-30,29b6326328c6202c2174b62bc41a5117,2018-04-08
f50f12991ec8bcff03994381dcf9ce08,92dc7fe11830de5c6159644a1b1d84ba,delivered,2017-12-19 20:52:25,2017-12-19 21:53:12,2017-12-22 16:37:23,2017-12-26 20:07:36,2018-01-08,2289adf259cfa04c4b5799feccf1957c,2017-12-19
aba3d4020a1c5706855e1b5ba5569338,f7917f73a6f8e4419346b35286f28732,delivered,2018-08-16 20:56:32,2018-08-16 21:10:18,2018-08-17 18:07:00,2018-08-18 15:54:38,2018-08-22,e55f39718755a991235a2bf63524ecc7,2018-08-16
d800ed6cc3e992f98f1b25959791706d,f1a302b1bf40fa1112e7cc6341de9368,invoiced,2018-07-31 16:01:43,2018-07-31 17:31:24,,,2018-08-06,4c972a4342ba0526c1eabfb9ec50dc4d,2018-07-31
b5c6824f5679af0b7ba508468f598fa8,24e42ccce21c8f59494de0cc4f162fce,delivered,2018-08-03 13:33:14,2018-08-04 05:10:18,2018-08-06 14:33:00,2018-08-10 15:24:38,2018-08-23,eb263cefb6718fb78322d0d8e0d8239e,2018-08-03
9fbb5075d54585f5a28a955a0f68b8c7,3e5c2c488b72c38a8c0d67227f69f30c,delivered,2018-07-31 21:48:48,2018-08-02 03:10:15,2018-08-06 08:27:00,2018-08-08 22:36:49,2018-08-17,da8466885d64b82ff7a961870f8d9358,2018-07-31
9afe4ac694cb1ed15bc9b0d9130e8166,3857ccff1f7ab55786a8c851348b133b,delivered,2018-02-08 11:54:26,2018-02-09 10:11:45,2018-02-14 16:10:00,2018-02-27 11:49:37,2018-03-21,92352daf0c960ae21f892ff90bba7780,2018-02-08
98bd948995276012ef529fe379949f4a,57586d586212de079c4fa6fcb7fb80c2,delivered,2017-12-14 14:41:04,2017-12-14 14:50:41,2017-12-14 23:36:52,2017-12-21 12:48:51,2018-01-09,71b65c569b32bbbd262f878db2b3c58d,2017-12-14
75f7b50b5222f09346ec8672c17121a3,5bd83f73e8be292c3e97498b88d94784,delivered,2017-10-24 22:50:15,2017-10-24 23:06:16,2017-10-26 16:42:05,2017-11-03 23:52:52,2017-11-10,80aa16f20352ba2178f28a2454796061,2017-10-24
565f70f153b3d8a2684d6808ba284de7,2fa7b0fe956bffb7394467ca776543f2,delivered,2018-01-30 13:50:27,2018-01-30 14:15:19,2018-01-30 23:41:34,2018-02-01 22:32:50,2018-02-15,002ed12115742033f015cb3c269ccf68,2018-01-30
18bb1c0caaacf9daae70e0bac6e5956c,f454ed1e6f77b22f822bf70fc749b4d6,delivered,2017-07-28 15:43:06,2017-07-28 15:55:18,2017-07-31 13:37:01,2017-08-04 17:54:31,2017-08-24,ea7f7669eaa892c233c5f408ee0f389e,2017-07-28
ee2019ddac943d402d6c59d8c39d4465,f2b39bd3ac38be151462f460b7ca5759,delivered,2017-12-10 19:58:56,2017-12-12 03:56:23,2017-12-13 15:47:13,2018-01-03 20:19:18,2018-01-10,637561615a7544f92bfe993006dde77b,2017-12-10
8fd1ec4ed9e9e7107a5a1b5d4d8fb209,1b20c7cb67a754803a8333fbba322472,delivered,2018-01-31 13:57:40,2018-02-01 14:15:29,2018-02-09 00:09:22,2018-02-15 12:49:10,2018-02-16,077ad2b59b72fcc471688021175dd9c8,2018-01-31
5ebc0e4396ff850d059771c6a0a3b4ab,8f328c1ccdd8ca4e1c18d6a31ed528db,delivered,2018-08-03 14:48:25,2018-08-03 15:04:13,2018-08-06 15:23:00,2018-08-16 22:54:26,2018-09-06,d3d445d7a56e9208d3924d55cfc5da3b,2018-08-03
0425635629d7b1e1aefedf34bd15e289,1ac3126c5135c77318214fd99cf238d4,delivered,2018-08-27 11:16:19,2018-08-27 11:35:17,2018-08-29 14:49:00,2018-08-30 23:04:13,2018-09-06,9f185e9464c467679ef8793bd665b3b1,2018-08-27
4a0022b7c6eacca832d731731402f5c9,a1a17a4dfc2e4d635c2bc83034b2a1a7,delivered,2018-02-27 23:13:22,2018-02-28 00:00:19,2018-02-28 18:58:44,2018-03-12 16:26:50,2018-03-27,f92d1f42fd3c159957eb5044eb4b9659,2018-02-27
8dbbc5ad6c925d0327601a5a11b364c8,8802f2a5879f0b53708e5ee21358792a,delivered,2018-04-21 10:29:58,2018-04-24 18:05:40,2018-04-26 08:18:00,2018-04-30 15:22:30,2018-05-18,b55479dfefecd6d03a0d57958896d094,2018-04-21
c4b9744b03d4c89b98b6847ef0b04321,31c2345fa645f9d5850497c8eb4491aa,delivered,2018-05-09 09:24:42,2018-05-09 09:35:27,2018-05-09 13:41:00,2018-05-14 22:04:51,2018-06-07,dd953fa1f6ef5456d6d835b5a98082b6,2018-05-09
69b5bed2f63d703cc230ecce9fa7d86a,bea8e016003c0579ec3d2ff83a7dda42,delivered,2018-01-08 17:47:47,2018-01-08 18:32:13,2018-01-10 17:00:54,2018-01-22 20:54:44,2018-02-14,2e808c750082cc984e777652d1ecfcf5,2018-01-08
712d7cfcfc32b2849434e973309ed3f0,28d38e114a66a3cd24072409fae3e9c1,delivered,2018-03-19 16:20:55,2018-03-19 16:30:47,2018-03-20 23:12:13,2018-03-28 17:08:45,2018-04-13,ed26a7280fc9e5bb8c7619d9147ec6f0,2018-03-19
f1f58481b84bb57156f86cf3d5b2a1c2,76e3128e2d86acede8e18ae01e0594d8,delivered,2017-07-29 11:12:23,2017-07-29 11:25:19,2017-08-01 20:49:31,2017-08-07 20:41:56,2017-08-18,ec4d50afe1eeb07e7f7e9bf517330883,2017-07-29
1a785632cbf5301f146c5b3c67268911,9b1235a30973118303a0a017d3b5793b,delivered,2018-08-12 18:04:00,2018-08-12 18:24:19,2018-08-13 17:20:00,2018-08-21 17:41:09,2018-08-27,c8c01f1ef65e75ab0bb18ab7f796e2e5,2018-08-12
7b2c820a0c74e5a87489ee2463ae2492,7dd7eaca9b852c556a104ef0778b80cc,delivered,2017-07-05 15:20:45,2017-07-05 17:38:20,2017-07-07 17:03:23,2017-07-18 20:02:50,2017-07-27,fd1b415c40a23f412c00665714feb17e,2017-07-05
bfc39df4f36c3693ff3b63fcbea9e90a,53904ddbea91e1e92b2b3f1d09a7af86,delivered,2017-10-23 23:26:46,2017-10-25 02:14:11,2017-10-27 16:48:46,2017-11-07 18:04:59,2017-11-13,e781fdcc107d13d865fc7698711cc572,2017-10-23
8e72d023c1371c9bb78de1516a30174b,809369f02cc668ada63b0e2f521c3aea,delivered,2017-11-24 14:28:06,2017-11-24 16:33:48,2017-11-27 23:27:47,2017-12-05 23:56:44,2017-12-26,8ebec9267d0778d00485f6639563d070,2017-11-24
b3a63aeb668343cbf7b37e72abb932f3,88312bc5fe4c1c594abf422b854b6677,delivered,2017-09-11 10:09:19,2017-09-11 10:24:13,2017-09-12 14:54:57,2017-09-14 15:38:48,2017-09-27,a645130dc65b1eea50860687977724f0,2017-09-11
4e05179f3e0dc912276faf9da529cf6b,86647fcacfe017b63403169c2369b7b9,delivered,2017-09-17 12:18:26,2017-09-17 12:30:10,2017-09-18 14:48:11,2017-09-28 16:47:50,2017-10-13,3b28f0054114806f37621c311da2dfdd,2017-09-17
67108cb298a177e412fffded667043fc,b33813781b50fd5c62372e61ed8ee618,delivered,2018-01-16 17:07:27,2018-01-17 03:38:52,2018-01-17 17:22:28,2018-01-22 17:13:39,2018-02-06,a9a8393b0b0268c74e2b0a567da9166a,2018-01-16
7cd9adb43a8f23fee278ae5e79d4c957,f65ff32357fe40277ac5c181c4528b3b,delivered,2017-11-13 13:02:02,2017-11-13 13:15:31,2017-11-15 00:18:45,2017-11-17 21:09:08,2017-11-27,bfe07ae940ae1ee62b78fd75029ed9fa,2017-11-13
27981b144a3edfc540ff14f416ff7311,f2b00d796387c985440e4ff2121ea753,delivered,2017-08-09 00:16:55,2017-08-09 00:35:48,2017-08-09 17:52:48,2017-08-12 16:03:39,2017-08-29,3ec9f15688d87f05e5f48316e343fe17,2017-08-09
749eb4902527dc1a8e81681cd9c1b016,45ad4b978561d9458629572c1f4feb7a,delivered,2017-05-09 13:46:55,2017-05-09 13:55:31,2017-05-12 12:23:53,2017-05-22 16:52:39,2017-05-29,130bb2919999f32b5c704fc3668d310d,2017-05-09
502ffac2e1d978a412b48e2b290bfb4d,9f723d2f804064dd1c12c95b250fea2f,delivered,2017-06-29 17:45:24,2017-07-01 04:50:15,2017-07-27 17:17:44,2017-08-03 16:35:47,2017-08-01,8ac3644a8ccfcd2bbbfb1a1a77ab7201,2017-06-29
4f19a1eec8629269d786257709253fc9,a77f4a287082ca57b574ecc1f2685f5b,delivered,2017-12-15 13:17:40,2017-12-16 02:39:23,2017-12-20 19:54:49,2017-12-28 21:19:28,2018-01-15,6f276a5535c48186a3bca957e89ff514,2017-12-15
9b7130a90e8f2c23cba417fd1e9be425,462af9ace3dd404900c42f4086ab64bd,delivered,2017-07-26 15:38:35,2017-07-26 15:50:18,2017-07-27 14:09:47,2017-07-28 20:12:59,2017-08-08,a0ef77ac3d3662b055dc12b045da37ed,2017-07-26
16b2fea16c665281ed07933ee9b9f095,437fc0f859ca8efaa18fb2e02bd09265,delivered,2018-05-15 18:11:48,2018-05-15 18:34:51,2018-05-16 13:44:00,2018-05-25 18:07:37,2018-06-05,17ba63d7ab0aa24a40802ec2bbd6ab06,2018-05-15
677829eb9901f0a1e2fc70b129937cc7,2eb0e0eaa388db62d3a6121ceaef31ba,delivered,2018-02-21 18:56:54,2018-02-22 02:10:47,2018-02-22 21:04:25,2018-03-06 23:52:57,2018-03-22,0404a0f0d37fcd1a30f434cd1cd8871b,2018-02-21
d23a16076a7e0b48e1f7d598df7136c9,0c9ad64da2a12f7b5f649f61eafb3f55,delivered,2017-09-13 17:10:25,2017-09-13 17:28:00,2017-09-15 17:57:50,2017-09-18 18:48:51,2017-09-27,fa0cf5b25732a933725b83d2f716000a,2017-09-13
c4ee04fd6b5632ac5b0b3c6834a9f3cd,15240b74823a3c800622437091896fef,delivered,2018-06-27 07:17:23,2018-06-28 07:15:09,2018-06-29 14:47:00,2018-07-10 15:58:36,2018-07-16,3c293cf026c6d2cfcb1ad8626b9694aa,2018-06-27
8b0bf3b8f82ddc03f25fced51cf9398f,8e7a72c32756a94370654bc332fc1dc5,delivered,2017-03-10 07:53:57,2017-03-10 07:53:57,2017-03-13 09:35:08,2017-03-16 13:05:18,2017-04-03,69fd765256fb74514096772de85773a3,2017-03-10
0bd166e72c588bcc71cf432b653c1667,40efe1655a1721e65dce406440349517,delivered,2018-07-03 16:27:56,2018-07-05 16:23:33,2018-07-04 15:36:00,2018-07-06 00:42:54,2018-07-16,8bdab6cb6788348b46352e3b4bb2d7b8,2018-07-03
a1e6c98ad1716db91efc64d1bd0271bf,bc40b6c7a39b5a6a0f551902fd9fba71,delivered,2017-04-10 16:52:46,2017-04-10 17:05:09,2017-04-11 12:03:17,2017-04-19 14:54:10,2017-05-04,57017bffe1b59c7da66267b6d3fcd44d,2017-04-10
7d15087ec6066de9ee6e63afe93ef9b0,a4a8f70c6e841e099bc5106ea46bf078,delivered,2018-02-13 12:56:45,2018-02-13 14:35:23,2018-02-15 00:17:44,2018-02-27 12:43:23,2018-03-09,c98eaf6318576ddb750855f2ad449403,2018-02-13
ec7450aa92a97c3397d0f535a6a78030,f1c95802730af255b21b1bffaf202154,delivered,2017-07-12 00:49:22,2017-07-12 01:03:59,2017-07-12 18:48:01,2017-07-28 19:05:40,2017-08-07,9d8130e675ce6c1f24cd519444f7642b,2017-07-12
162e915bc5d7c6b2de7eca743a65b033,5958f5b5fd615a8898caed646014c55b,delivered,2018-01-01 22:11:36,2018-01-01 22:27:26,2018-01-03 14:19:21,2018-01-12 22:10:50,2018-01-18,c3b626053c7b4b7f18ce104ad12f09af,2018-01-01
b50e9081ca228b1950dba3678b9e13b8,434bc3aedc95ddf957860ece02f33b22,delivered,2017-11-25 18:26:39,2017-11-25 18:36:53,2017-11-27 17:58:42,2017-12-05 18:38:43,2017-12-19,d0ed9308bbe21930c658ae7a063d040e,2017-11-25
6eb5748888c6dd2345d8654d18fef604,399c1245c703ee686c105e1e6349038b,delivered,2018-06-06 07:59:36,2018-06-08 03:13:22,2018-06-15 14:58:00,2018-06-22 14:46:49,2018-07-12,9c2f288a383b0d36852625e0aa95e97b,2018-06-06
f41397c4cf4c8a67f5f540472acbfe4f,039a50ec3dc563eaf0bb3ecf176cdf99,delivered,2018-02-28 11:14:58,2018-02-28 11:32:43,2018-02-28 20:32:38,2018-03-28 20:58:25,2018-03-23,3ef89bb0612ae0ceb434b6cf8335e35f,2018-02-28
8177815f3ac5dbbcb7a0502a59a1646f,18999498830a97a820aecdca59e84901,delivered,2017-10-23 20:55:23,2017-10-23 21:14:18,2017-10-24 21:33:36,2017-11-07 21:08:54,2017-11-22,0d751000fd32619b009912a54a46a22c,2017-10-23
f524c90cfde704f5c89dbdff12ecffcc,56f812b810b971d6956ce107ed51c0fb,delivered,2018-02-20 00:05:15,2018-02-21 06:25:05,2018-02-24 18:44:56,2018-03-29 21:06:04,2018-03-19,9cef5c92295b95069b1ce95e299b7cbf,2018-02-20
8bade36d5fb562974296bcca22a7a064,4061b7542b6c15e3322f9d3384f83d39,delivered,2017-07-27 20:35:40,2017-07-27 20:50:25,2017-07-28 19:56:45,2017-08-10 21:23:07,2017-08-18,05d1cd05687fd5153a9c244ee7052e99,2017-07-27
233b550c1867b0e741d7e0dd197e8be1,e211679d1f3eeb540b0445486b181d2a,delivered,2018-05-13 16:04:02,2018-05-13 16:31:37,2018-05-14 14:12:00,2018-06-06 01:12:25,2018-06-19,12801fd5c3c3edc3e49e16be7cea3912,2018-05-13
701ba4e30193470253a5e099210a2054,4e2bf783a80c004ceb49a68cf872d1a7,delivered,2017-10-29 20:18:46,2017-10-31 04:30:14,2017-10-31 18:08:54,2017-11-06 21:06:53,2017-11-23,24bc45b93041e78e892e0f0fd92104d4,2017-10-29
05dbe6bf3e09d4e05160a98d0a926bb1,c9fb84e88f11e478d569305888e89920,delivered,2017-10-03 19:05:31,2017-10-03 19:14:32,2017-10-05 21:42:42,2017-10-16 19:33:25,2017-11-03,74e776b43740a826ddbfb8677c4d6f4e,2017-10-03
f637db9f107a517712822ef3c44024aa,301636c99160f8491897102bc9314600,delivered,2018-03-16 16:24:35,2018-03-17 16:31:08,2018-03-19 23:58:34,2018-04-24 20:02:56,2018-04-09,12178c40438799ec2effb7040c841290,2018-03-16
d8d126f05b944cb1a5d78542e4a34f9a,962711498269fa29f1513109270d80d4,delivered,2017-12-19 19:01:13,2017-12-19 19:15:37,2017-12-20 20:49:16,2017-12-28 16:15:07,2018-01-12,0c7ae3398b8cadb2684daab25a95d87c,2017-12-19
b63934429b72730e2046b81d20feb876,56680d29aae964249f09d0db2c36ce9e,delivered,2017-10-14 13:00:54,2017-10-14 13:30:25,2017-10-17 16:15:10,2017-10-21 17:49:56,2017-11-01,09d89b841454a0837a060dbe47e7b2c8,2017-10-14
88d0d4abf5b21d74c9085dc4ea2cdcd1,dae4a42ae9564313cd02f47617dd9c25,delivered,2018-03-09 15:50:17,2018-03-09 16:10:31,2018-03-12 15:14:48,2018-04-05 16:24:46,2018-04-13,328a10e618f793c09bcd5ef229836c4a,2018-03-09
1d037b45a3e5aa5599d4c06a31bc6ffd,1b7021bb3db4ec80bb1e414259e592cf,delivered,2017-10-23 18:28:39,2017-10-24 18:28:09,2017-10-27 18:47:11,2017-11-07 22:33:46,2017-11-09,0d72edcde9c1896fd6dd883d8d781e34,2017-10-23
0d0e88a418636d40ea780339701db49c,32feb02b40768c61b91835e766bc87f4,delivered,2018-01-29 15:19:19,2018-01-29 16:31:31,2018-01-31 22:58:15,2018-02-22 16:29:09,2018-03-02,ef8af440b8dbf5ccb37adc3d31697eac,2018-01-29
6279ab28c298c3e50c3750926c603eb7,e65c8b6df69319b376bbf9669fbb1588,delivered,2017-12-14 00:49:38,2017-12-14 01:31:34,2017-12-14 16:42:09,2017-12-18 20:22:34,2018-01-03,ae6df562c9f3d3daad30fbbf68e47fca,2017-12-14
7f12656efc70e6657b398d760df1f8d0,6ce37f27521276d8d498c7c90d40c1f9,delivered,2018-05-16 11:59:04,2018-05-17 21:31:55,2018-05-18 14:18:00,2018-06-01 18:24:40,2018-06-19,934c13cd388d7b39aa0abd304e90e4b0,2018-05-16
fac5aea2eb44617d8aab053d9172f29a,cdab12770ff06d22874eb69b43033d29,delivered,2017-06-27 11:03:53,2017-06-27 12:15:14,2017-07-04 13:28:42,2017-07-10 17:52:46,2017-07-19,57687fed3e48be9634032a60ca5a7c76,2017-06-27
30f953550693db6ca376d49de5533bd1,7f2d6684ea8983e7091e92f795e17af6,delivered,2018-04-24 21:07:06,2018-04-24 21:30:35,2018-04-26 07:03:00,2018-05-05 15:38:45,2018-05-23,8da4f8884cb807a1a95dce688436b0ba,2018-04-24
f0d0b94bec48f0f61bfe9ff4cfc97662,c2b80e257177ffb559e4d99dd5d06d54,delivered,2017-09-08 08:25:13,2017-09-12 04:45:07,2017-09-12 15:35:08,2017-09-19 22:42:25,2017-10-04,b5d04a0fa2f9d350422fc65e2aa79d1f,2017-09-08
975c25ceabcdb01040d28911b13e54d3,015c3378ca571c1468e2be925e4dd502,delivered,2018-01-16 15:40:06,2018-01-16 15:50:50,2018-01-17 22:48:33,2018-02-06 22:41:44,2018-02-21,bb38036d665e6ced7fe3cd7192f89b6b,2018-01-16
5187d6e3efdec859c111d889c9ad7d9a,6afb49b08ae306fee3f98b95fe395a47,delivered,2017-06-04 11:52:38,2017-06-05 11:55:14,2017-06-05 12:45:16,2017-06-19 20:04:19,2017-07-03,0c5545d02a08235ea2cf14e973d78ed9,2017-06-04
2c68510f2fa96a537e4c75da3b3bada8,f7f5f8060a3c5cb40309f6ca8b9e008d,delivered,2017-10-16 14:04:25,2017-10-16 14:27:26,2017-10-16 21:08:04,2017-10-23 17:56:20,2017-11-06,c968cdb924339d7a42e0c448153b72cc,2017-10-16
947bb98f6734ec8fdb3b0a222f19c454,efd4f4482383fb800db09386eb83f7d1,delivered,2018-05-01 18:03:53,2018-05-01 18:15:17,2018-05-03 13:19:00,2018-05-08 23:54:38,2018-05-24,1cd1cdfebc79a93fc8f14e727ebb9f46,2018-05-01
88bdc1b450547cf9abf79d07f2aedbac,f1ac16433d7ba82b35cf60446432bc44,delivered,2017-06-24 16:35:50,2017-06-24 16:45:10,2017-06-26 15:16:29,2017-07-28 17:52:20,2017-07-24,f3f8e3b4878049134f671b22f773a253,2017-06-24
6ccb433e00daae1283ccc956189c82ae,843b211abe7b0264dd4a69eafc5bdf43,delivered,2017-10-26 23:51:35,2017-10-27 00:46:58,2017-10-27 19:53:03,2017-11-08 18:47:00,2017-11-22,677ad9cdca6c47c733f0cc6e23d7bb4c,2017-10-26
af99e2024c32e91db8bd36c7508ba102,3b86fbb06ac936d02fd8b237538291dc,delivered,2018-05-13 15:10:21,2018-05-13 15:33:21,2018-05-15 14:20:00,2018-06-04 22:18:34,2018-06-11,e83971a656ea97a946c0f8b951823f1f,2018-05-13
8edd2076400f12faa67a3917145f6450,be3551852b61c601065326556460747a,delivered,2018-01-22 13:52:39,2018-01-22 14:33:07,2018-01-25 17:33:16,2018-02-09 16:33:26,2018-02-20,57f936fb09d350ca402d5e840152428e,2018-01-22
4723727d090decf1ca86404dfe72d373,17cc67a8e493d2fc6c761f39b4ee9648,delivered,2018-02-25 11:27:26,2018-02-25 11:45:34,2018-02-27 18:14:12,2018-03-05 20:21:48,2018-03-16,6e9c6c2120611104445c767b78377d21,2018-02-25
df987254ccf34931126a2292eddf72a9,82c1169f8932e7d57ef2a2f4afbb8a51,delivered,2018-06-08 17:21:28,2018-06-08 20:32:19,2018-06-12 14:26:00,2018-06-15 17:57:32,2018-06-29,cf8fa755c9b221e314bea6e58c7d5126,2018-06-08
409bb100cf5efeb2ee6789b1a63589f2,12d61ba72600fbee1886879f039ae8fe,delivered,2018-02-23 13:35:05,2018-02-23 13:50:32,2018-02-27 12:16:58,2018-04-01 15:42:28,2018-03-21,bc416bd85fe0e29957ac8c3b909529ae,2018-02-23
1a7af25ac2d2bf35b05f8f87c050a6d5,feac68487f7ac58b65ecc8e6b4a12e85,delivered,2017-04-03 11:09:58,2017-04-03 11:22:26,2017-04-05 15:33:12,2017-04-07 12:32:59,2017-05-02,7ef15bb849ef9cfccd237c3ae87eb011,2017-04-03
5745e260f636fdd0cef91f81a164631d,11cd32106f57df8da221ecbd88155607,delivered,2017-09-17 17:01:49,2017-09-17 17:15:09,2017-09-18 16:43:14,2017-09-22 18:39:09,2017-10-04,d991d3ae7a0de4096b433ddc61afc932,2017-09-17
5b2f1ff03b77977af4258e7cfc2ec799,d6f5e35320aa04df3bba1dea33d0daab,delivered,2018-04-26 13:28:35,2018-04-26 13:51:38,2018-05-07 12:53:00,2018-05-14 11:33:52,2018-05-21,4640720dd73950599ff10a468a10d61e,2018-04-26
520c724197ad994918261e680ad7b8b5,8b03ea3f9f3057112117ca08e7c3212b,delivered,2017-11-26 10:05:27,2017-11-26 10:16:21,2017-11-29 23:12:14,2017-12-11 11:59:01,2017-12-20,be08ef2ebaeb41941a53aa75db874099,2017-11-26
b5694945c5538eaf411c76300dd2af47,c699ff4b2dc424677f785aaa566ab0dc,delivered,2017-07-31 11:45:33,2017-08-02 02:55:51,2017-08-02 18:35:58,2017-08-09 15:55:02,2017-08-22,bf8c6803e3c50a18790e976401dd45a0,2017-07-31
6ef34c0fc67f8eb9f2fee84357c1ae39,647f99eb0007e6db23fa6ad97b03b1db,delivered,2017-09-04 20:39:09,2017-09-06 03:04:22,2017-09-13 19:39:55,2017-09-28 15:52:32,2017-10-03,237d81d316c9afc1b1476200408455d8,2017-09-04
9630c683d2abb010ae3d4c70fdc7225f,6893cf3b3146616cda5e6fbdcd68db9a,delivered,2017-10-30 10:44:51,2017-10-31 21:31:16,2017-11-01 20:05:06,2017-11-12 15:16:50,2017-11-29,8d9ec84608e4d7259a55a3a95cc84710,2017-10-30
144e54e15ca33ab0c0789119fe2aa09c,eca860b256d2f63ad2f41d09f7655283,delivered,2018-08-17 22:46:06,2018-08-17 23:09:33,2018-08-20 15:00:00,2018-08-21 19:56:37,2018-08-22,257f96feeb4ad8cbf75ae0207f1c9fbb,2018-08-17
0923b9182325b77894f97a1a532c7102,a4b27f9e304ffa3842ea3b920a22b09e,delivered,2017-10-12 19:42:09,2017-10-12 20:49:36,2017-10-16 19:38:42,2017-10-24 19:10:24,2017-11-01,d11224a9cec2b14dc7aaf43ddcaf4313,2017-10-12
353fcb9f0aa5bfdba9d0f676bdc044f3,c158314d2b6005f79ba91e8e39f09f9a,delivered,2018-01-06 22:47:57,2018-01-06 22:55:21,2018-01-09 19:00:02,2018-01-29 21:59:38,2018-02-01,e708cafdb9cd744490005464ffb1ea63,2018-01-06
57faaa762a71e0603439c7a742527524,a3bbbce815da0de197a60a066006ad75,delivered,2018-01-17 15:54:43,2018-01-17 16:11:18,2018-01-18 23:48:37,2018-02-01 12:16:44,2018-02-21,2f87ccd8d2d676d667a844ee5c6a17bd,2018-01-17
1375e960b8d45028154f93a737eee0b3,d2ad4d4a08ddd64864abab1693374be7,delivered,2018-02-20 14:25:52,2018-02-21 06:20:20,2018-02-21 22:33:12,2018-02-27 21:58:34,2018-03-13,4a8d064a858c9ca0b110d11881723f99,2018-02-20
12224004d3218865e0485410be6e0afc,74668b233d4a12c699c8b338824d9468,delivered,2018-06-04 11:55:12,2018-06-05 04:51:58,2018-06-07 10:56:00,2018-06-11 11:18:28,2018-06-29,53cbff8f07a4148c761e1690e57cb00a,2018-06-04
67e2b3a30d665abe59b95f2d60676138,67c0b78998f16fcd722c1fcd70f51bd0,delivered,2017-01-19 15:37:26,2017-01-19 15:50:16,2017-02-10 09:11:27,2017-02-10 19:21:54,2017-03-01,ca40481c9c607bad6c15ed1ddf354012,2017-01-19
47ff8d381edb0deb837f57d7805f0a56,d849cb7234793ea46649de5ac4fbc012,delivered,2018-03-02 12:01:02,2018-03-02 12:40:19,2018-03-09 22:55:24,2018-03-18 14:07:47,2018-03-14,f52cd2b0b04b870fc0935dc708d466ca,2018-03-02
bdea5bf2b68897e7d1b45eb51db0f18b,f12766b8ed1d86d0ed6825ef27d3d1ec,delivered,2018-07-17 14:10:52,2018-07-18 02:50:23,2018-07-19 11:52:00,2018-07-23 18:26:29,2018-07-31,510c69d1d676d01086bd59782ea1e8a3,2018-07-17
82b8501b11a46fc08df6bb260ac4e40b,b7387411e1331720315e1f4aaec75703,delivered,2017-11-26 20:09:14,2017-11-28 02:55:19,2017-11-28 22:53:02,2017-12-11 16:23:44,2017-12-20,aea8dbc56087690dee76b1cd295f40e8,2017-11-26
2fb20060c4293790e86d35ac3943e141,3045bdcbe6cdbe95cb0a1094c494f2d7,delivered,2017-11-26 11:51:36,2017-11-26 11:58:34,2017-11-27 21:14:59,2017-12-10 19:04:08,2017-12-22,24f7e20b752dff08285da517271f047f,2017-11-26
241d2c88c664bb5edb079bab71467239,6d93238b479f37dcdba8183183448898,delivered,2018-05-09 16:00:51,2018-05-09 16:16:59,2018-05-11 09:23:00,2018-05-15 21:05:36,2018-05-28,02f2e78d709aac71f0b74f2b2bf30984,2018-05-09
0bd46f135d0346fb97b4901188374829,0b18d4eda847aa4c48550e26283c5675,delivered,2017-10-19 19:26:59,2017-10-19 19:35:26,2017-10-20 21:37:20,2017-10-26 23:03:28,2017-11-10,51bb3ee307c7368a97297c6f7d610897,2017-10-19
13a9bf67e01c960886119fe9b8761a77,cf862c5539236e2e95939e3f0585a8ac,delivered,2018-04-22 22:20:09,2018-04-24 18:03:37,2018-04-24 20:26:59,2018-05-03 11:57:38,2018-05-16,371fefdc755a3deaa9c557e2266e123d,2018-04-22
980ffab6bd5d3545e3e7bbcffed71ea4,e3f30ab2f9f27b28f0415bdd7f8e4a92,delivered,2018-05-19 16:18:30,2018-05-19 16:32:21,2018-05-21 10:14:00,2018-05-24 14:48:30,2018-06-07,f8b9ec13eba4f1bcc265416da29f0ba5,2018-05-19
a3670896f8c6f70396896223eb4ca8be,01c45d896d5f6343ae095f6acfc2df4a,delivered,2017-05-02 16:56:42,2017-05-03 11:45:11,2017-05-03 15:02:53,2017-05-26 09:19:47,2017-05-30,c13b742feed8c13ff9a71ba90c847820,2017-05-02
a9cd6a8565b10d36007e7a68f48af097,577b0e97dcb857725b8b232423bc3760,delivered,2018-08-06 23:49:14,2018-08-07 00:04:32,2018-08-13 10:49:00,2018-08-14 23:38:37,2018-08-10,1a0070e3fe102154e4bb6e463dde5035,2018-08-06
28116a9f673362aaa7a4349192ad5e61,1915e15858cfdff3c6e7417640ebc5ea,delivered,2017-05-24 12:17:36,2017-05-24 12:31:06,2017-05-25 09:41:27,2017-06-01 12:33:30,2017-06-16,c9a5cd5c36cd6397cebd070cbc4f8258,2017-05-24
d6437054670e9395cfaeabb37a69e32b,7accad78821efdf3fdd3ad8925d106a9,delivered,2017-12-12 23:50:37,2017-12-14 08:12:19,2017-12-15 16:41:43,2018-01-11 00:59:27,2018-01-15,915bf8d9d40bc1e5bb2aa48e006825c2,2017-12-12
45f0db29787836d9c41e760c90588af1,f59a170a57d7888bb0757b74e7dc53d3,delivered,2017-04-11 20:18:31,2017-04-11 20:30:21,2017-04-12 09:49:58,2017-04-18 13:37:45,2017-05-19,df1c003ed16d85d02c98e36c7c575246,2017-04-11
e11630dcf47900a87f3f6c30141c1078,1b182137f0d8a87e9233b9f0c0f52c8f,delivered,2018-07-15 17:14:31,2018-07-16 22:30:59,2018-07-17 15:56:00,2018-07-23 17:46:29,2018-08-08,909a70f70249cb791cc5f9c5ea04d197,2018-07-15
e740fe8c6dbc208393a4ae5a567070c1,6743adcde6f609c0dbc985c111ffb9b0,delivered,2017-12-03 11:55:59,2017-12-03 12:12:00,2017-12-07 01:43:50,2017-12-19 03:12:44,2018-01-09,53306146eebca684c7ee86dc2f05d322,2017-12-03
2cc9089445046817a7539d90805e6e5a,05455dfa7cd02f13d132aa7a6a9729c6,delivered,2017-11-24 11:03:35,2017-11-28 12:55:46,2017-12-06 11:52:14,2017-12-13 12:16:02,2017-12-22,4007669dec559734d6f53e029e360987,2017-11-24
cd5c1268e844dba45efdf51b22570143,c89afc9845116057d29003edcd515ed4,delivered,2018-04-05 01:32:17,2018-04-05 01:47:31,2018-04-05 22:22:03,2018-04-06 20:44:29,2018-04-18,47b10d3ab2a53725f5b75fdf20637e45,2018-04-05
f5f61cf2cbe09e08293021b6b12d9e4d,a7e3acb56bdf39422a21ad5cb963d5ec,delivered,2017-10-02 14:34:39,2017-10-02 14:49:14,2017-10-05 19:16:43,2017-10-18 22:15:00,2017-10-26,ed91cb31ad305a9d08cbe672a0cab0d9,2017-10-02
68b3cbc68e4cd1fe19bec35f1d3bb7ee,1a814d4c8923ef3a0e978777f00b717c,delivered,2018-03-10 00:42:20,2018-03-10 01:21:04,2018-03-12 21:05:34,2018-03-28 18:13:06,2018-03-29,d277ef4a75c805239e54be86625e0722,2018-03-10
2b954554f16bda26b0674892c02c6684,5f20763b5bd262026f3594475650ba50,delivered,2017-12-07 22:38:16,2017-12-07 22:50:37,2017-12-11 16:58:59,2018-01-19 18:46:09,2018-01-09,af79848e609b5c2f0a8d12c59177dcc5,2017-12-07
6098632af482e77f99ea9888da679c98,f0264d4b14def982146a5487929d32da,delivered,2017-10-20 14:57:27,2017-10-20 16:07:03,2017-10-23 15:38:59,2017-11-01 21:45:10,2017-11-08,6809546a09581ad767fb395756664fc3,2017-10-20
2f44c2b7118ffe6d6a8821c9b8adf1c6,9566401b9029f2de8d914e9cfb472dba,delivered,2018-05-02 17:42:21,2018-05-02 18:32:44,2018-05-04 15:19:00,2018-05-09 18:42:53,2018-05-25,5182d4876f1f0691e76d09e87ba9d28a,2018-05-02
c8cb7b0f298cd146d61e1ce533494bca,9cc17bb45c605dc49e16aeb5ae3be739,delivered,2017-04-03 16:37:07,2017-04-03 16:50:17,2017-04-04 10:27:52,2017-05-02 15:04:27,2017-04-28,ac0dbe4690cc1531621c13593ca9e4fd,2017-04-03
5a6688af028a842e8a5eefbf4d752334,a5b8f485e9c4e712ef9bb211cb8dd126,delivered,2018-06-18 20:16:30,2018-06-20 02:37:51,2018-06-20 14:42:00,2018-06-28 16:48:40,2018-07-13,3bf2f02eec406ca9da615d985e44db14,2018-06-18
a43f64ef96ea58be757bb2afccfd0e4f,37098aaebe2e2e211a48742c17c9567e,delivered,2017-04-28 18:18:34,2017-04-28 18:25:36,2017-05-03 07:33:34,2017-05-09 07:31:50,2017-06-20,ad6f43630e7b620fe39325940b8e9cf1,2017-04-28
8f8bc0535394094e24486da5f27ddc8d,4d9e35dbf257c500b85259d79c87c343,delivered,2017-10-25 19:55:31,2017-10-27 03:07:02,2017-10-27 23:57:48,2017-11-07 21:18:56,2017-11-21,3c25923aa14ec9df3ffb44c32e2d1a04,2017-10-25
8a022a9ef01a1c899cd33cff15aa43db,1cd42cdd99a937e2fa316e8588ee5044,delivered,2018-01-26 17:17:17,2018-01-26 17:39:26,2018-01-29 19:12:00,2018-02-02 15:27:49,2018-02-20,0e5ed1cebcefcf0347bc73579470cf83,2018-01-26
752c20debb41dbddf6f5898e8d83e766,7703821c2658d5b334972740e5eb7c35,delivered,2017-06-23 18:21:23,2017-06-23 18:30:14,2017-06-26 14:35:55,2017-07-10 17:23:16,2017-07-17,b788a967509f48d9df65249e2496c646,2017-06-23
9b2a9d4d3efb4ad2318f65b28a776175,d8e42482d0eda51e849d77e79d749534,delivered,2018-05-21 17:01:26,2018-05-21 17:56:16,2018-05-22 10:31:00,2018-06-05 18:42:53,2018-06-13,43707df4380a4462039aafc51636104f,2018-05-21
9d02a36395b93b35ec7f46d79ee3e8b9,9b9c07a0eaadb3eed67732a6fc954e4f,delivered,2018-01-29 18:29:35,2018-01-31 13:32:23,2018-02-01 21:46:07,2018-04-09 15:58:31,2018-03-09,a93ded3225b94e83aba36406dda9dd6f,2018-01-29
da07d4f43fafc6af5f26b48f87b710d8,4c64c464e6631d8e5ec399272e4e4cf8,delivered,2018-02-27 11:36:43,2018-02-27 11:50:23,2018-02-28 19:53:11,2018-03-16 10:20:37,2018-03-21,cbd1313f78b7cc972104888e549eeca3,2018-02-27
1b76e3d417b12339d254588a95496581,0d9ef7459dfab7b6b3f70bc5f436741d,delivered,2017-05-21 09:43:18,2017-05-21 09:55:08,2017-05-25 15:59:57,2017-05-31 14:16:43,2017-06-13,e2249bc402f16751afa5815671a58107,2017-05-21
a889adb9dae2a1639e74395e692c0055,fbbb39b80d5d738c7060c499c8b132d0,delivered,2017-02-26 15:43:16,2017-02-26 15:55:17,2017-03-01 13:54:51,2017-03-06 08:33:47,2017-03-20,b18d8ce90bd583a8375d00037b5942b3,2017-02-26
e73f1e4b75fb2dfc4c18f8c2afd75687,e7067f47085adab23af0e0a72857de91,delivered,2018-05-29 08:53:36,2018-05-29 09:15:38,2018-05-30 08:53:00,2018-06-13 19:08:24,2018-07-05,c706dde13140a9d55058db1522177460,2018-05-29
64f0da9068715955d37b40377363ecc7,0c874ea1ad6b13fb0eb47582136b6b17,delivered,2017-10-05 19:54:13,2017-10-05 20:07:15,2017-10-06 14:45:55,2017-10-12 12:23:34,2017-11-09,a510b9823dbdda87f552e0afbca390ee,2017-10-05
3c7871f5af3741b43672af62bf262d46,3cb2dbb0982e2c3ac0fb60850248a0b1,delivered,2018-07-09 19:54:37,2018-07-09 20:10:10,2018-07-10 15:06:00,2018-07-11 19:34:33,2018-07-18,254c6a3aa297c81feb8742d041f46679,2018-07-09
dca1c8442dbaa43f544c8f51160d42ca,0a87f40f674858ab38bbfb2e069f8437,delivered,2018-05-11 08:48:33,2018-05-12 02:53:33,2018-05-18 12:23:00,2018-05-21 14:44:48,2018-06-01,a604e2faf6a2dcb2eb6ca87f5600fbc4,2018-05-11
649aa2900b06d80727880b4e94da7919,881cde96227ba4ff44f52daa470b497a,delivered,2018-07-15 18:57:28,2018-07-16 22:30:59,2018-07-17 13:15:00,2018-07-24 19:51:49,2018-08-02,a84ef2a637db68d83ae9c3ff6568a923,2018-07-15
6768c474e9019cdd1b5f11bb7a126f8f,ea14f618eddbb42cc4651a98fb22f2e5,delivered,2017-03-06 12:52:25,2017-03-06 13:10:52,2017-03-08 08:08:43,2017-03-16 15:27:58,2017-03-28,ea5b980b96e20d42f37522932b0f40fc,2017-03-06
e83f4ca0e182aa00e538e354aea8a6a8,bd5ef06b3f1546fa26e653fc94df5a97,delivered,2018-04-23 16:31:53,2018-04-24 17:50:37,2018-04-30 13:58:00,2018-05-07 14:08:42,2018-05-07,2de34b9dbf53d219b5dc4dd91d1137e8,2018-04-23
b896461e3ed46fe0c2f27a21c5a895aa,91e93abb370cd3dc6af2a46b988c593f,delivered,2017-05-31 11:55:59,2017-05-31 13:07:27,2017-06-02 05:19:45,2017-06-08 14:33:14,2017-07-03,b9a1e1269bd753aea97e6d559acc1eee,2017-05-31
a041155864e5141116458291313b35c2,8fbab2ff4df1a7cc9531b14a686bb3ce,delivered,2016-10-04 15:10:15,2016-10-06 15:56:27,2016-10-10 15:56:28,2016-10-13 15:56:28,2016-11-24,e3299196e1482e1ae1320fcb594bc23e,2016-10-04
f3b96845efd71daecf6b331fb3a9f537,6f92779347724b67e44e3224f3b4cffd,delivered,2017-11-26 20:59:24,2017-11-27 09:16:13,2017-11-30 16:38:43,2017-12-09 11:56:34,2017-12-18,bf4862777db128507e9efcc789215e9b,2017-11-26
9d7aed3d4801f8607e1fd449c6c11fd2,b101d0e68d719e2d868bc96624f0c471,delivered,2017-09-10 23:05:46,2017-09-10 23:23:19,2017-09-28 18:49:05,2017-10-13 19:12:55,2017-10-05,b4b86801984a46da43a4bb5a892e555e,2017-09-10
8f1f4588bb78bae5d946b755f2655f6c,d994618b15e844ee3acdc2cf9d6d881b,delivered,2017-08-14 15:19:06,2017-08-14 15:35:13,2017-08-15 16:18:08,2017-08-25 18:40:05,2017-09-05,7bfa11036405355dd4423509c3ad775d,2017-08-14
c745e617482a01d21b32bca11a598621,2612c133977f2e61129d9b8ca5641fb2,delivered,2018-05-22 23:06:04,2018-05-22 23:17:50,2018-05-23 13:03:00,2018-06-16 11:06:35,2018-06-07,b71129826e4e5439284813673149fb32,2018-05-22
3f759c1be195e02e58191e02a9e8a565,3dd45c81d2f452d90f1e79368cae7579,delivered,2018-05-12 23:53:28,2018-05-13 00:11:22,2018-05-14 12:59:00,2018-05-18 18:07:39,2018-06-08,ce9c5dc9f654c9f6515b809de75252bc,2018-05-12
5e4523cabf8f93bbd962cb5a9671f669,3622212810b9193c5ebf77083e75a164,delivered,2017-11-27 09:16:57,2017-11-27 09:31:25,2017-11-30 23:56:57,2017-12-22 09:54:17,2017-12-20,cd062c3884b87e326a97e54d838480b2,2017-11-27
308256913db7cca26b82a45703a10432,225d7f77c40f2ba1a5a9689b7fdf2537,delivered,2017-07-05 08:29:05,2017-07-05 17:40:45,2017-07-06 13:25:26,2017-07-10 16:42:41,2017-07-27,233437b93c3c0e406a565e0dc3d5aa07,2017-07-05
912013de8efa1e912b59b103a537071f,f9be960abd2531a9b400e714b95ff1f9,delivered,2018-08-13 10:22:22,2018-08-13 10:30:20,2018-08-20 13:41:00,2018-08-23 18:24:48,2018-09-03,f480523ee7836297503403986805acf5,2018-08-13
a1bb68068326efb8e9c0bfa0e0a02466,076a95451d19c0d270b3174fde51bdc8,delivered,2018-04-24 16:29:58,2018-04-24 19:10:15,2018-04-27 15:25:00,2018-05-04 20:12:28,2018-05-15,f2018e939417ddb210c5e27f88c00724,2018-04-24
e5896b4982934748a02e2d3d889fd1e1,7ce84e2711055b434ef209ae62eebcdb,delivered,2017-05-16 14:07:18,2017-05-17 06:35:17,2017-05-17 09:32:09,2017-05-20 07:33:20,2017-06-08,745fe69e5cc0a523b9b8858053d2f824,2017-05-16
0645b256ee8f4939ae426819da55488c,356db73529dc6e2c37f3712f9a2c67da,delivered,2018-07-26 14:08:01,2018-07-26 14:24:46,2018-07-27 14:52:00,2018-07-30 21:33:07,2018-08-09,0810492c615d973d804931e404adade7,2018-07-26
bb74d6a0640a083fa904f08f785f4734,599a693c1fb07cbc0aae49b4c6f54a24,delivered,2017-08-05 11:22:09,2017-08-05 11:35:09,2017-08-07 13:37:30,2017-08-23 15:51:49,2017-09-11,8da57ae4dae59af8b32954f30ac00f2a,2017-08-05
047f9a218bccce8342d77f72c2240f8a,b2027e001d7cd8107cec9f7123f43930,delivered,2017-04-22 17:20:56,2017-04-22 17:35:20,2017-04-24 09:48:55,2017-04-29 09:14:12,2017-05-15,1b4de623bd547e01a75a3314a658b01e,2017-04-22
1086086dc8f1556f2238eb1d973e3ac7,550200ca7a0ed2fd23b951edf86a884c,delivered,2018-01-02 21:28:51,2018-01-03 18:14:23,2018-01-09 18:19:22,2018-01-10 13:54:34,2018-01-18,02220c4df207c6277c269f0b3a05c7cd,2018-01-02
b822f4f445ecd8a555f37cd6aef591ac,c5f01802e14689fa043dd02e57ee0477,delivered,2017-04-06 11:32:08,2017-04-08 02:45:31,2017-04-13 14:14:41,2017-04-24 12:31:03,2017-05-16,093afe7cac6e0472bc762f850cfac378,2017-04-06
4b3c7f8318b056586e0407857f44a136,a7c6653654e36720ded54cb3f92432a3,delivered,2017-10-31 16:20:25,2017-11-01 03:26:13,2017-11-01 18:25:27,2017-11-03 20:27:30,2017-11-08,fe81bb32c243a86b2f86fbf053fe6140,2017-10-31
815ba48fd172b6a71f09180c118a31ca,626da291c796ef2695981deb0bbc9eed,processing,2017-09-15 13:24:29,2017-09-16 03:06:14,,,2017-10-09,2dad8f2b565b14983d2792369429b34f,2017-09-15
59c9ef4cc5672739658022aedd2e01dc,29ea25c295de93b5ee8cf55c286fa0e4,delivered,2017-12-06 18:05:03,2017-12-06 18:16:26,2017-12-11 16:23:16,2017-12-14 02:18:31,2017-12-22,a08f35241f0b957ede86a93182fe83bc,2017-12-06
fdfd424dfca9dd4e5e8a895e20bc97e3,ba15a56648e741b218314296f9647e01,delivered,2017-10-09 12:15:42,2017-10-09 12:28:13,2017-10-09 20:43:40,2017-10-18 19:05:39,2017-11-01,57cd75ea0d4df751cb635cbae8596411,2017-10-09
2881b13af2b1dee73ff94bad8d235e16,4fa9e718f71d91588d41b11ffb09e8f8,delivered,2017-10-22 13:56:20,2017-10-22 14:14:17,2017-10-25 15:51:56,2017-10-26 22:34:47,2017-11-03,a0713edb2fe840238d026e9cc5a82314,2017-10-22
16c2b4477b37b68095480c82b5627def,2a70f969356e2a4bf261fbd483830d5f,delivered,2017-11-10 13:29:12,2017-11-10 13:46:30,2017-11-23 15:58:46,2017-12-05 20:17:05,2017-12-06,288b2fb561fbb9a12210b2d9376306aa,2017-11-10
34a0606eca141f2c9ccb352883ee3fbe,18a7aeb193cba51394e6c333230dbfb0,delivered,2017-08-25 11:48:54,2017-08-25 12:04:45,2017-08-29 18:22:08,2017-09-01 21:42:48,2017-09-21,eee7de395b0d7af40c1f63fbd8c858a2,2017-08-25
0efd0bc268d34da3f01f4ff25a6d4335,95446917717bb58d553d107d0f1668f6,shipped,2016-10-07 15:53:31,2016-10-07 16:12:22,2016-10-11 16:12:23,,2016-12-13,aa6ea6f8307ee33b985192329cd8c79c,2016-10-07
c96fce6251b1af10a35cdf0675566dd0,3e9799c29c70ce74f4d64cf58e7114d6,delivered,2017-09-26 12:48:14,2017-09-27 02:49:52,2017-09-28 17:40:11,2017-10-01 17:09:36,2017-10-16,6a64e2cf94a5779760698c1e25a2852a,2017-09-26
f65b97e0ce63435e9d58afec633f3f69,1c72ed9963ce45f7733bcc782536c858,delivered,2017-07-10 13:07:00,2017-07-10 13:23:24,2017-07-12 18:46:10,2017-07-13 18:13:43,2017-07-21,683aa0a880c1e5b4fe2aa8ca8b6eafd2,2017-07-10
5683975334cf0cbd77e90d11c940b257,3c4426db9150769c092488058c9c59e5,delivered,2017-11-02 19:46:06,2017-11-02 20:05:16,2017-11-06 17:35:39,2017-11-14 20:44:15,2017-11-29,ad26a26effb13bc10ea935a97e81d23a,2017-11-02
7bc7165d19e5d485ac75504e52904be2,c2ae2ef380ab9c79079da7e6157cdbba,delivered,2017-09-12 06:55:12,2017-09-14 02:50:39,2017-09-15 17:57:45,2017-09-21 20:46:50,2017-10-03,45f6782e5cab8c938a06f6ae56f9d6c0,2017-09-12
0c431e960acdfda9c7a640ee9bac19f0,1c244737574dde88c13a85c04017d496,delivered,2017-11-26 21:26:16,2017-11-28 21:36:24,2017-11-30 22:53:07,2017-12-04 21:18:49,2017-12-11,ba79bce42be26d72333c2ef923cfe692,2017-11-26
7af014956ed06246005b5e0740fd891c,913e1c5bc2d3a433d3886677298dcbf9,delivered,2017-10-26 21:31:25,2017-10-26 21:46:17,2017-11-01 19:44:52,2017-11-09 17:03:48,2017-11-08,2d2b42b5afdd4aef166806ef0c564c47,2017-10-26
9a965cd710da5125076afbd641624600,f26dc4fb2f5373199f3430bda158626c,delivered,2017-05-15 22:53:50,2017-05-17 03:55:28,2017-05-18 08:00:00,2017-05-23 17:42:41,2017-05-26,2bc9f216f6d8aced279379467e7975fa,2017-05-15
4a9abb72c66423766ec1a903dc6c70fb,3026909b7b21888a53f87fbc65ae6e5f,delivered,2017-11-23 22:02:16,2017-11-23 22:19:54,2017-11-29 14:51:36,2017-12-26 22:34:36,2017-12-14,9edaf57220c299ea3dbc4738889076ad,2017-11-23
2b87a0e7f47bf0c58a291e0ddb173774,693d065dd4a1d11c5732f3c64c495a0c,delivered,2017-09-01 14:32:29,2017-09-02 14:25:10,2017-09-04 23:28:07,2017-09-13 11:03:16,2017-09-26,1a4fd3fde0f71b95c3653c39a8cf4f78,2017-09-01
0be1de7b2e4f05c1dfa7455be69706db,3880eba5034584724992ca0fb55fb91f,delivered,2017-05-25 18:33:47,2017-05-25 18:42:29,2017-05-26 10:53:55,2017-06-01 14:43:56,2017-06-14,ac9de1ddb57cd97e4f36412d7b328254,2017-05-25
d05cf40cb923ba228822414cc52067c3,2f8d1f27dbf2a944f1b5bda2de277ccf,canceled,2017-09-23 06:23:19,2017-09-23 07:00:06,,,2017-10-10,4eddd5c44479274893b2ae3c12b79b40,2017-09-23
bfa7f4169cb6c6e8221434275a2a0ab7,25a4663e18df5049ebda091ed940b810,delivered,2017-04-29 20:32:25,2017-04-29 20:42:45,2017-05-02 15:35:35,2017-06-23 10:47:38,2017-06-05,2bc18b4c3a3cfbcbc2cd860f4ef126fe,2017-04-29
590e553dbe26e3d9c4b68e521b9b2510,ff435cc65cd916dc80ccdb0d1dba39f1,delivered,2017-12-03 23:06:10,2017-12-03 23:31:27,2017-12-06 00:33:34,2017-12-21 23:16:59,2017-12-29,71f7b44cc23f9a6e1bc43d422652d8ac,2017-12-03
6053546de45b3aa8422ee0020b1a2da4,a0321a8ae1027f1f4740410953baf258,delivered,2017-05-12 20:44:21,2017-05-12 21:25:18,2017-05-15 13:10:22,2017-05-25 08:25:56,2017-06-01,0c3518615bc2e4b364bdd6c521fec91a,2017-05-12
225c2d5256f969a58d04909cccbdbed0,6d0e4977b6c66f02151b69c461845724,delivered,2017-07-03 19:02:49,2017-07-03 19:15:19,2017-07-04 14:07:04,2017-07-19 22:11:25,2017-08-02,de67168d1d6e2457ac662a45b282455c,2017-07-03
d152d9b39cef5941978b389e5ffee780,1f6ba909178c5b0e523cabcadb617a4c,delivered,2018-06-30 21:02:21,2018-06-30 21:15:12,2018-07-03 19:41:00,2018-07-04 14:41:40,2018-07-16,b1a049b952fdc19b69b2865c29986b9c,2018-06-30
852fdd7b9e0ba140e88ebb71a0ff0094,a3c4029a2c764204030ab1c1cb88e6ae,delivered,2017-04-24 18:46:23,2017-04-24 18:55:19,2017-04-25 18:52:39,2017-05-12 20:38:56,2017-05-11,fbb12d5820cbb7afc51e9d1183406005,2017-04-24
8f33d31c2e4218814fa61caecbd724c2,ef9cb89d841192944af064c171bb901e,delivered,2018-07-29 14:02:33,2018-07-29 14:15:14,2018-07-30 13:36:00,2018-08-03 12:48:36,2018-08-03,8359909e0b1e9f97fca681cddd7eddc1,2018-07-29
e88f99d9e433a6a8968b38b7dd55b080,4e0516b0703449a20cea0664ab29c339,delivered,2018-01-19 11:05:41,2018-01-26 17:03:53,2018-01-29 23:29:13,2018-02-19 22:07:11,2018-02-09,f4e2749a803a0a9019e6c69bc0e1b2a5,2018-01-19
1d682037f2c5327f76a76a18f8053908,4b3d787a9e9869521189c533d2faa9cb,delivered,2018-06-11 20:32:09,2018-06-11 20:59:30,2018-06-14 13:17:00,2018-06-18 20:50:45,2018-07-03,5665449e344193306b2b2c930e7c5ded,2018-06-11
77b17b2f92133e6f97e04418fbd53a01,00b7c3aa68e7f0e83117105ee4964a49,delivered,2018-07-14 11:47:06,2018-07-14 12:04:07,2018-07-16 14:56:00,2018-07-24 20:31:45,2018-08-01,24807abbbdb040003fa4c1f72b686431,2018-07-14
c0070e7146aa7d97028eac87ba2df69c,5f978a59ff0d88d6c665ec75ffa8bc5f,delivered,2017-11-13 21:47:14,2017-11-14 21:46:45,2017-11-16 15:34:54,2017-11-17 20:16:59,2017-11-27,f84d202c33be18d8facca7d51592a51f,2017-11-13
15c2d2803c9a7a4ba8f528a65814848d,474ea672696b1f26ea40d7e7e2bf357f,delivered,2018-04-24 13:34:14,2018-04-24 17:42:46,2018-04-25 13:41:00,2018-04-30 15:08:44,2018-05-17,18d61a27f478cd6201df948578f814f9,2018-04-24
05f99bfc5053a88e0955bea396422a81,8def9d598c2a056d7d5f048bb2a86f88,delivered,2017-10-25 23:21:21,2017-10-25 23:35:16,2017-11-07 20:52:57,2017-11-21 12:44:48,2017-11-24,ccd67a1271a7014317f809a362a9c343,2017-10-25
016ff85737c2072ab00a705cd8f87799,590db569569a4a1b3074694f522309fc,delivered,2018-01-02 11:12:14,2018-01-02 11:19:25,2018-01-04 14:55:14,2018-01-10 18:53:23,2018-01-30,d7538b573179d0bc4ca666c03cc12d55,2018-01-02
f09ee33b5d977c908ce324417907f574,8d955047b04c2c2d2a8d47b90f7e71c3,delivered,2018-02-09 08:42:35,2018-02-10 02:35:54,2018-02-15 01:09:12,2018-02-22 21:47:40,2018-03-09,35c00d4b28a4b3147c058bd9ed3fab0c,2018-02-09
90ddd79887b51000b7c93a420dd927a6,69238435cb9d4014c89bb7f8d8f0a467,delivered,2018-07-12 19:07:40,2018-07-13 02:50:17,2018-07-13 09:11:00,2018-07-20 17:47:36,2018-07-20,9e0a97def9b986748f8d0b860a2e7782,2018-07-12
6563b375a3fad2d240225b16ee246f68,698b25aa11b2faee7c690a4b5f865730,delivered,2018-08-07 15:10:27,2018-08-07 15:25:05,2018-08-08 14:22:00,2018-08-13 17:26:48,2018-09-21,b52b8debdefe66d4c0d7f44d9b4ff088,2018-08-07
57b49374c8a506e6a26dfef7b426f342,26753513441a5bea0e70e60c4713d04a,delivered,2017-11-08 16:52:19,2017-11-10 03:06:26,2017-11-10 21:12:11,2017-11-17 21:46:45,2017-12-08,b20a9b1d684eda5eaa2d6724d164286f,2017-11-08
2f0bf5f44f075c8b48a0adbcc3eaa408,1f3ae51a39012c80a1932ec6deda6dc1,delivered,2018-02-03 21:44:39,2018-02-03 21:55:24,2018-02-07 23:22:03,2018-03-08 21:44:22,2018-03-13,37738b0582c8eb1db6c58f993da2afba,2018-02-03
d80acd042318a15fe9be8faa8ee23d06,d55e59cb88c71f59123ab5ae3656f185,delivered,2018-05-27 11:44:23,2018-05-27 11:55:14,2018-05-28 13:19:00,2018-06-08 14:33:38,2018-07-11,713af0110a7d533968dceb30904345a1,2018-05-27
f3d080189527bee0d1c18363cb6a7b88,3ae98ac231e3e2df7ecfac91f184b626,delivered,2017-04-26 21:53:54,2017-04-26 22:55:20,2017-04-27 10:20:11,2017-05-08 08:56:52,2017-05-24,c799a6bd0639f5107d892ee54351857d,2017-04-26
47a9a1491f70a8280d5f449baaba7c03,9c62b85664e1ec0955cead693b1c74af,delivered,2018-02-02 13:40:38,2018-02-02 14:51:44,2018-02-03 01:04:02,2018-02-07 11:10:28,2018-03-02,bab7e41f034fa5ab6b80206fcf8c6855,2018-02-02
a251945eec0cc0482667c716eab7c09c,9ec9cb2a44ecdd3fd0c412cb3d331c03,delivered,2018-07-23 11:56:55,2018-07-23 14:31:01,2018-07-23 14:56:00,2018-07-30 21:51:15,2018-08-14,3b4aa27b4c31050dc11c6c69867185e4,2018-07-23
823543bada3fd3a5ba1f68e7a35fb9eb,a3413efece911dfc80dd67c37ed1fa30,delivered,2018-01-30 13:04:47,2018-01-30 13:15:33,2018-02-02 01:38:46,2018-02-05 16:45:47,2018-02-21,a250aa1bdda81a2307f7dbee6ea666cb,2018-01-30
cc0ee746e44b018d18115fbcea7547e2,7ec218a8de458e6acd25155e4a63f68a,delivered,2017-05-22 23:21:58,2017-05-22 23:30:11,2017-05-23 13:31:46,2017-05-30 12:38:58,2017-06-20,86f9051d5d2b2c520197c4d6b4042f95,2017-05-22
4571099e8d87a92750edfddf99e5b56a,a9c84e1f26030a62a8f1ed9ae3ded6de,delivered,2017-06-16 17:12:16,2017-06-20 11:35:14,2017-06-22 15:34:14,2017-06-29 16:22:03,2017-06-29,a37aed06756e47e845dc9e20db88f59b,2017-06-16
78eda8cdf7d5a0f8b22ad393f0139981,865642a01a73d8731725095e54313684,delivered,2018-06-03 17:22:13,2018-06-03 17:35:13,2018-06-05 08:53:00,2018-06-08 19:51:49,2018-07-05,f3a011acd67581d70332e8ee4108d61c,2018-06-03
385ee6bd014c3ca0b3be6215f97349d0,f90aaea7d2f604616c2f3cf4af915d7b,delivered,2018-06-21 16:49:59,2018-06-23 01:15:51,2018-06-25 14:45:00,2018-06-26 18:42:37,2018-07-04,3f76ee8ca3218ab986d692d97b16de32,2018-06-21
b6a87380ebe0e02e7ed12272492b3ca0,5c1d6f2b9a790917140df3013643b6c4,delivered,2017-11-26 07:52:37,2017-11-26 08:13:16,2017-11-28 10:09:59,2017-12-04 22:25:29,2017-12-19,70d4e316ad65861d2dc7db0df52b26ad,2017-11-26
ebc94658c583ab37ad4f8e9091c4bef2,92dbb92ac5c6b1822c3aa951d33e61d0,delivered,2018-04-14 08:22:43,2018-04-24 18:04:50,2018-04-26 15:57:00,2018-04-30 20:39:01,2018-05-03,5c96017028584678dd28c139566b87c0,2018-04-14
2b8ba44b2befca2f4f5f089a38c1b86a,c2d4fcf7c133078a567cef39ed2aac04,delivered,2018-02-22 08:44:31,2018-02-22 08:55:56,2018-02-27 01:48:54,2018-03-21 19:31:36,2018-03-26,07e95270be59267f343a5fe33b4e3e18,2018-02-22
f6d1cdaea8f3582ecfef0882b910ad6d,4e43213ffcda4860e318417251b8f12f,delivered,2018-04-26 14:36:32,2018-04-26 16:52:59,2018-04-27 14:17:00,2018-04-30 17:15:32,2018-05-30,07ba0be2dde8659eabaa8c6a8750ea39,2018-04-26
21193ceb3126a8f074b52e7855442366,29c1dd7d642766efc9ef981feee0c691,delivered,2018-03-21 11:46:15,2018-03-22 02:51:07,2018-03-22 20:38:23,2018-04-06 00:31:50,2018-04-09,0efae91f949875f9c6b30b99cbbc3671,2018-03-21
e02aeb8a43d1603416dec00e3e77cd94,82af4b6b59693e1239a928ecfdec020a,delivered,2017-09-14 15:10:48,2017-09-14 15:26:08,2017-09-19 21:57:00,2017-09-25 20:13:30,2017-10-03,1cf45a43a6968cf460edee67493d2eb4,2017-09-14
4d171855324a9f6bbfceca895af66e6b,0237d2fa2b48e6fe5e53c09fc74a5cda,delivered,2017-09-25 16:13:35,2017-09-25 16:45:04,2017-09-27 15:15:19,2017-10-03 18:48:29,2017-10-18,ddc3194f4dbd1455cc8722aeefcc8224,2017-09-25
49cf32489672b15ea441df827b693bfb,fdbd4c985b856764d8a4a30a3cdd1d8f,delivered,2018-03-26 00:57:58,2018-03-26 01:10:39,2018-03-27 22:24:50,2018-04-11 21:22:57,2018-04-18,3aadd4e9461f8a81bc26af2b9942294e,2018-03-26
5cb4a587f7a1629930151748b4197991,c99660d36898e353ee71bd909f7c37c3,delivered,2018-06-12 08:51:21,2018-06-12 09:18:05,2018-06-12 12:38:00,2018-06-19 12:38:34,2018-07-13,a66595412dda918dda83a8dd8c2e6152,2018-06-12
ffd5efbd46bbf72ad374862a05ef4c72,486d66df3ef703d001f77632e7fe6bd8,delivered,2017-02-01 18:39:14,2017-02-03 03:35:07,2017-02-08 11:05:23,2017-02-15 14:41:47,2017-03-17,1c1e853c03b366f8f8b162e8f4340c80,2017-02-01
125f4dd03bbae6aa696e6196ac423f72,7af73a8a96ff524df046d8b5ed974024,delivered,2017-08-15 11:58:33,2017-08-15 12:50:17,2017-08-15 18:39:56,2017-08-21 19:07:28,2017-09-08,cb75b93af9d1ee22d668276b6aa0dbb2,2017-08-15
e5b292baeb54bb25ac86ffbfc531c8ff,28cbe238e90cf428598b2a2e58f0b595,delivered,2018-03-22 20:43:40,2018-03-22 20:55:35,2018-03-26 21:58:57,2018-04-06 21:38:43,2018-04-13,ef7c34bf0d4dddef8838454208706360,2018-03-22
f12e512d4a25a3aef0acba13d8860fd1,7c721f8ee69460435bb2e8b6c0d63995,delivered,2018-06-06 14:45:21,2018-06-06 14:55:32,2018-06-11 06:47:00,2018-06-15 18:33:44,2018-07-20,961efa774ea7c0d0a4514295647e78d5,2018-06-06
52692fd13ed3c4d1ec0df879ad5e7a6b,3de3e8522e10142f9c6d2027154ad596,delivered,2017-04-29 19:11:54,2017-04-29 19:22:37,2017-05-03 15:33:56,2017-05-12 11:07:38,2017-06-02,d772b3695bfbde79c2dc5659efc0f04c,2017-04-29
e26405d4ea696a94eea2c9b2a344f625,10939fe7d24f9b514eae65d8a0e94935,delivered,2017-11-28 18:34:27,2017-11-28 18:56:51,2017-12-07 21:03:34,2018-01-10 21:58:46,2017-12-27,734e6a4293d33b5ac19ffcd5c968e10a,2017-11-28
f2a3d556c40ae141f8633033d5589bc5,c05c34b1afc0457b51c2eec69cc08eff,delivered,2018-07-15 18:02:57,2018-07-15 18:15:09,2018-07-16 13:37:00,2018-07-20 18:47:37,2018-07-31,a692b5553b231afddf4b278854dc2870,2018-07-15
6f834f2bc49204574e674eaefec43d14,2642ddd5e404f21e99f96e3f51a25cb5,delivered,2017-10-07 22:46:30,2017-10-07 22:56:12,2017-10-11 19:38:59,2017-11-07 21:58:41,2017-11-06,d0369e457c130ff9af7d46f753859547,2017-10-07
56259896085ecf2a38806e4f171032c0,93afa2593efd4f09f64c0b0394f6621e,delivered,2018-06-21 08:48:47,2018-06-22 02:37:08,2018-06-22 14:51:00,2018-07-03 20:46:46,2018-07-25,e821d080b6b0932e6b440ff065c9e65f,2018-06-21
30bef37a80d21494c619aea50b367550,01a9e6a66ed15bb3c5b3d9abc2e046a4,delivered,2018-08-07 15:22:32,2018-08-07 15:35:21,2018-08-15 06:25:00,2018-08-16 12:48:47,2018-08-13,2fd8de3e5ca34f5108d291d666c1ba58,2018-08-07
6ad8f26313f94953c151cd98f46d1688,d8bffb0086cfdfd4a2139d7c8a461106,delivered,2018-02-22 23:21:08,2018-02-22 23:30:28,2018-02-23 22:59:32,2018-03-02 16:04:52,2018-03-14,a15b4369798b1273481c537bd0925249,2018-02-22
d34b91927899aaba97d258d038884053,cf50af49e1f2f2757e157b3ff3506bcb,delivered,2018-03-12 17:38:17,2018-03-12 18:09:37,2018-03-16 19:19:42,2018-03-21 19:19:30,2018-03-28,751712f584a6fdc401e61696f9f31744,2018-03-12
8a869c5b11ad7a70c229a9d119f245a8,77052b5023b16260835d701c7040f9b0,delivered,2017-07-28 09:38:42,2017-07-28 09:50:25,2017-07-28 19:32:44,2017-08-03 17:17:52,2017-08-28,47b1b0f1db28b23cde73336ea18f92da,2017-07-28
774bdf79f367d25dd36a9e0a8c739423,a9979110f5ae50a3ba4742be43c123db,delivered,2018-08-26 13:49:27,2018-08-26 14:04:18,2018-08-27 07:28:00,2018-08-29 17:54:29,2018-09-14,7900a56ab4c87791be283411b519a9a0,2018-08-26
e9ab3fdd8251492add1d9ccc054c8b4a,6ebeb2d4900ac11ccaefd4071e0507fe,delivered,2018-02-18 20:18:23,2018-02-18 21:26:46,2018-02-20 17:23:03,2018-03-06 13:59:16,2018-03-13,9690e08dcb6995cda257fcea28ed303b,2018-02-18
0b2a43ec15f983f589ecd097455b283d,9a73612485c1eaf2ea1e2b46d3890cb8,delivered,2017-04-02 20:14:13,2017-04-04 05:50:45,2017-04-04 15:28:46,2017-04-13 16:14:09,2017-05-04,c82564ca0ebfac848d21f6a34b2d1e44,2017-04-02
a427db09dd194740f13a3a2c7bcf38bc,35db0c2edcd70d3ebd5cdc04b009ae38,delivered,2017-03-11 16:33:35,2017-03-11 16:33:35,2017-03-13 16:22:09,2017-03-24 13:17:46,2017-04-03,985f1ef1d051a018cc11bf7ba9fd34ac,2017-03-11
5b3eecddd7b10744360abfff7a6a74a4,45c76559b2c80c41022e3c6877a49a4a,delivered,2018-07-25 09:54:17,2018-07-26 03:05:15,2018-07-27 14:15:00,2018-07-31 19:07:34,2018-08-07,f7bd01ae726f7f4a6c709e9c4fb23574,2018-07-25
f98afca2779cb0337d7eb2bdcd2f8553,12c949ba7c24e9587a88c406d2aecbb0,delivered,2018-08-21 19:59:01,2018-08-21 20:10:20,2018-08-23 13:57:00,2018-08-25 17:24:34,2018-09-17,ad42aacbb54f663cd9fbaaf3afbfe9aa,2018-08-21
f791078f5bc7c09db8f76d26f0db4588,10c4efb37540624591e9cc876785fa40,delivered,2018-01-20 17:28:28,2018-01-22 13:54:58,2018-01-23 20:59:37,2018-02-14 21:29:11,2018-02-19,deaddabc5832a737cae0272fd87dfef4,2018-01-20
b1df53a4660846754f7bf67df104f6de,79d01f9efd7c41ad47abace96c33c09f,delivered,2018-04-20 12:29:17,2018-04-24 19:09:31,2018-04-26 11:37:00,2018-05-20 13:03:58,2018-05-15,b8ef05e60ca9c980f198a5a986fde0ab,2018-04-20
d395487acc00973147547457dc3af3f9,243006bde78b37ee1cc3a24727e8f5de,delivered,2017-10-10 01:06:52,2017-10-11 03:14:39,2017-10-11 19:47:55,2017-10-17 15:38:05,2017-11-10,d8040447345a69f29cc595c5c6df5b3b,2017-10-10
0263464225bdea582f602c369c2b6061,f36723822267d804066b22ef8b5eb655,delivered,2018-04-04 22:23:19,2018-04-04 22:35:17,2018-04-06 17:54:36,2018-04-30 13:51:11,2018-05-07,7b2561d9d15389bae6d2c4e97a2d0621,2018-04-04
012973f4cb6743d00d7e2644ddc8804c,eb00b6b34bb7da3b9cf13c9ba8d1e136,delivered,2017-01-27 22:02:29,2017-01-28 10:32:38,2017-01-31 10:21:48,2017-02-06 13:58:54,2017-03-09,98373acca5178086924094608b1ddca7,2017-01-27
2228184e3773ea7d28d150ed03ef65dc,3a30f46ca4c7d968237e18784dd3495a,delivered,2017-04-09 17:21:29,2017-04-09 17:30:11,2017-04-11 15:19:41,2017-04-28 16:34:20,2017-05-04,9539eb678f193ad7e1af89a7cad10f6c,2017-04-09
081aa4722ec9005a164bb9e2c2090911,853bcde006a5a776eaf9930b5b0f961c,delivered,2018-06-19 12:42:57,2018-06-19 12:58:26,2018-06-21 14:18:00,2018-06-22 21:33:02,2018-06-29,053b7336758bd6fd3b657c370e702f7b,2018-06-19
6a91f55a2fad58d1b580326cd07f5795,ca970e8045a80d7bfb9b994b321439f8,unavailable,2017-08-14 00:22:36,2017-08-14 00:35:20,,,2017-09-05,74e74be63457c0c8a4c6516d56b4f976,2017-08-14
0419d1888e0a963802e403d8507c753a,fc67f5d5228bebc0bd370df60b7687c6,delivered,2017-11-21 22:30:45,2017-11-21 22:46:50,2017-11-22 21:51:08,2017-12-02 17:03:56,2017-12-13,d3f1ead3cd741b5b4848dd935915a73b,2017-11-21
a4fcc7fbe8b6b02b25175965c44780ef,24f35142319f5e6de65cf5cd4220dfcc,delivered,2017-03-23 15:22:05,2017-03-23 15:32:19,2017-03-28 14:17:45,2017-03-30 15:42:33,2017-04-13,19ca668a73743cde5a961ca9987b83ae,2017-03-23
178b5b0a92e0eb145266afde0c2fb50f,86c0003573cc55927d66373f55ddbf6b,delivered,2018-06-23 18:48:25,2018-06-23 19:16:07,2018-06-25 14:57:00,2018-06-29 14:12:08,2018-07-19,a8b21cb47af0ed65d2c4c9dfb03e2d86,2018-06-23
487c027c71928d6a1401ed7e13ad94ec,4dfb74a56305f2e02273941a2905115f,delivered,2017-09-23 08:13:05,2017-09-23 08:25:37,2017-09-25 14:22:56,2017-10-18 20:51:50,2017-10-31,02c77985e45aa50795362b8a2013aac9,2017-09-23
62be68249b40c739190fcce9a791f406,1af572fe09cb375a153938ba4c428e2b,delivered,2017-12-02 18:56:39,2017-12-02 19:10:47,2017-12-04 15:37:11,2017-12-06 21:18:57,2017-12-20,f7b9ba664f72f7a248c4b215ebe5c76d,2017-12-02
77be5fd20b7a094653fc11f969c22eea,adf1188c878b3485a0c5c402d95fc692,delivered,2017-08-17 06:51:13,2017-08-18 02:25:52,2017-08-18 18:08:07,2017-08-30 17:52:33,2017-09-18,8d28bfbb356b7e7b5a750b73df69e93b,2017-08-17
3e07f3e5491c1c3d9c9f02a1071006a7,934cb46592d9125ac95165b62fd4a737,delivered,2018-04-12 11:55:25,2018-04-13 13:14:12,2018-04-19 22:05:03,2018-04-23 19:56:48,2018-05-07,4463f216709dca955efed45946f43c71,2018-04-12
28d2a5cfa6ad3fed5f73c66dca690d22,1a569f84f0d009ad5ffe957ac8471572,delivered,2018-06-08 13:56:46,2018-06-08 14:47:18,2018-06-12 10:09:00,2018-06-23 00:51:19,2018-06-29,1912afd96bbe171633bb73727487ef85,2018-06-08
fa8ab18ea94ab4c733ceefb609fab318,0db36b3f2051fa4dd7db065bbadfd7b4,delivered,2017-04-13 10:14:47,2017-04-13 10:25:15,2017-04-13 11:51:48,2017-04-18 11:44:12,2017-05-12,6db067a3f4b85eb84066bfd8010ef99a,2017-04-13
424e818a199f6e82a246973ed096f5cd,893322fe32b6324feb35a9eedf977675,delivered,2018-03-19 10:20:04,2018-03-20 10:15:31,2018-03-21 19:05:33,2018-03-29 21:26:33,2018-04-11,506a4b6626b07af20753650e7eeaa5ae,2018-03-19
827b21495b95bc672dfaa1fd55d7025f,943dfe8d4ad25b86e1d05cf6ed029772,delivered,2018-02-19 14:26:27,2018-02-19 14:35:28,2018-02-20 01:04:53,2018-02-27 11:59:38,2018-03-15,9891c0edb2a2bfd2facc5cbe11bbf46c,2018-02-19
f103be8682f589d58ea25909ad7d74f9,42ed17dd9dd112b5f482da819af01e08,delivered,2017-05-15 12:01:45,2017-05-15 12:18:51,2017-05-16 13:06:11,2017-05-17 09:32:20,2017-05-26,79d8d400234c267b1a0b780e5ab24068,2017-05-15
bc1a9933d400e03035913b81f0481158,f739022be038edc7b5e746c83256c80e,delivered,2017-05-14 12:50:58,2017-05-14 13:05:25,2017-05-17 14:58:38,2017-05-23 12:14:05,2017-06-02,c9c62c7aed0d38bcb4b3609a6ecfb642,2017-05-14
aeb24c8a3ff615b3a6fe47e27996fb7c,8fa1e3e238ef73b441de4459dca8a032,delivered,2017-12-09 22:09:30,2017-12-09 22:18:25,2017-12-11 19:05:07,2017-12-19 22:27:38,2018-01-09,2dcd817b07061f4e0572ff84fb0b2ca6,2017-12-09
6054a8f23a3a1509607a206e7b6f6e1c,ce9a1bfe7bb87600f05f5c3a6ca24ce7,delivered,2018-04-25 08:19:54,2018-04-25 08:31:02,2018-04-26 06:40:00,2018-04-30 21:03:19,2018-05-17,d3737afb719681c4e6a7ca487eda0cd7,2018-04-25
bd73b77940b4755971250ad4a3cd95b8,7895ebfbdd8fc2dacfde641703e4d481,delivered,2018-03-11 21:41:48,2018-03-13 04:15:39,2018-03-15 21:13:32,2018-03-27 22:22:18,2018-04-04,252c23c8656dd3249b0ab1a8eaa9af21,2018-03-11
80f2ad91eff25a16d7c2f14250d84274,8a5bfb2a4133b557df91c46ab115fab0,delivered,2018-01-29 13:56:15,2018-01-30 15:33:34,2018-02-06 15:07:52,2018-02-17 07:37:26,2018-02-21,fc8039a2b1963ca28dffe5dc886fa5c3,2018-01-29
f91c5f1e1175df3a7bb0aea646ca91fd,ae4d83181ab3495da4768ab7ed8b5a5d,delivered,2018-05-08 08:38:58,2018-05-09 12:31:23,2018-05-09 15:37:00,2018-05-16 20:55:43,2018-05-23,591dd8be55859ec4becafa8b849d5ead,2018-05-08
c6b9d9f3b3e711c1cceadb55a9e02db9,9118fa17cfbbea237530d27536ec6eaf,delivered,2018-06-28 19:58:39,2018-06-28 20:10:11,2018-07-03 08:29:00,2018-07-11 16:20:49,2018-07-23,eef583527165bea0e274535b402d0e86,2018-06-28
34baf8fd958f556b5ac8a6bb9ed94c81,23ef0f232de5ca31341107399234dbc7,delivered,2018-03-20 14:44:43,2018-03-22 02:56:15,2018-03-26 21:59:01,2018-04-04 20:58:37,2018-04-10,54b54ddc7b72f714b125e6be04b3483f,2018-03-20
a70c2731036432f7c710356af12518ee,2f3c92e587aaca2bdc0ccb6b09caf5e2,delivered,2017-12-05 21:51:49,2017-12-05 21:59:24,2017-12-08 18:57:16,2017-12-21 18:46:39,2018-01-04,887698bc22a8aad2016a5134f3d10368,2017-12-05
dfb6a56c471c1a04a0714eed6ce75de1,a2afcd1851ebd758bcc566697c69369d,delivered,2018-01-10 16:41:10,2018-01-10 16:49:37,2018-01-24 10:24:58,2018-02-01 21:31:35,2018-02-09,cf36ed9ae038c623d695d40cb7ef0890,2018-01-10
ec8cbb2f067bf3af1cdf3c82ce77e1c9,9dadc4bfa2ec469a923c2ac8ffdc3a0f,delivered,2018-01-22 22:03:53,2018-01-22 22:16:24,2018-01-24 19:22:11,2018-01-26 21:33:24,2018-02-14,d9058ef529d2c65e426d6d84ff11e838,2018-01-22
b2f4a8f4cbaf1ca08d4454b73851e754,df49b4bbc3535190a56a275caf8835c0,delivered,2018-01-16 12:56:02,2018-01-16 13:10:13,2018-01-16 21:04:28,2018-01-22 23:38:41,2018-02-15,ffd8073f8abebb72f6afe32e8f8d7827,2018-01-16
63a2b4d7eada51b13286108f3dc29b3d,0d9734a4567cc69f0c6631ef532eb423,delivered,2018-06-24 18:47:55,2018-06-24 18:56:01,2018-06-27 10:46:00,2018-06-28 15:51:04,2018-07-13,baa8144c90cc484cda27858b86a32f99,2018-06-24
1e00c916d9813c0f523a32d1af47f5d8,1316bddb2ff7d5ad98530bd2b0c9a454,delivered,2017-12-07 23:21:47,2017-12-07 23:30:29,2017-12-20 19:09:26,2017-12-30 11:48:52,2018-01-05,c8592d5ae5bde92205a4eedb41d9455e,2017-12-07
de785327509b53e26bbac35504eda97d,cab782713f3d7b3847d6221940768673,delivered,2018-05-07 01:00:48,2018-05-08 19:53:05,2018-05-10 10:57:00,2018-05-18 23:35:21,2018-05-30,bb8ee658d94e36ff8e7ad78603322673,2018-05-07
c920c9b4a0fbe334f146d3b9822f3cce,b79dae897347b6c137d63e50b5be5b1a,delivered,2017-02-09 12:53:13,2017-02-09 13:15:17,2017-02-10 11:34:07,2017-02-22 17:17:40,2017-03-14,318b8659483e12e9cbe1e6550d97f9d9,2017-02-09
5658e0069bd2fa9423e4d9d94469b7c3,14b558f0e7224d69873f694dea6c7cd6,delivered,2017-09-30 18:38:26,2017-09-30 18:57:51,2017-10-03 16:40:21,2017-10-04 22:29:40,2017-10-18,34febcab1789cfd4492a99a21fcab94e,2017-09-30
0ddfbabc1c05f7dbef2c054efed7902f,575ceeb297976876affc5f1ae9cf865f,delivered,2018-01-07 23:17:46,2018-01-07 23:27:43,2018-01-10 21:13:39,2018-01-11 23:03:34,2018-01-31,858fea5ba412150bee741aa3408a6c47,2018-01-07
842b6e7534c63c7956d72bb3f64bbecd,3d8b7af41db37fdc3542e4382a019b83,delivered,2018-02-20 10:59:58,2018-02-20 11:10:27,2018-02-23 01:32:50,2018-02-27 18:19:20,2018-03-12,8a6c6188036bebd3515d865d70163166,2018-02-20
bac291727c72229414dc95282651bf0b,2b5603bb4431518dcfe8233705589c71,delivered,2018-03-17 10:31:47,2018-03-17 10:50:31,2018-03-19 21:22:07,2018-03-28 17:03:47,2018-04-05,8e59b516ce4d23ed2e581bc130aeb0d3,2018-03-17
a6885484f375e5b08eef9d9cac53af34,8346871a40eb7d34a0de012dd8730ab2,delivered,2018-07-29 12:29:19,2018-07-30 16:25:27,2018-07-31 13:05:00,2018-08-01 23:48:44,2018-08-07,67806996190d3af60247f64e1d03877f,2018-07-29
77f1154408d21b17a8bb5ff045e9153c,842a6c0885e47c69615b599eba940e0b,delivered,2018-03-13 14:16:46,2018-03-13 14:28:36,2018-03-14 23:51:33,2018-03-15 15:44:23,2018-03-29,b68cae0c0000896cd8aa71e534d377a8,2018-03-13
26968873aef9380ae17bfc3717c8cd7d,a16025dec02306f6b74a5bef5e6a3dfb,delivered,2018-06-30 13:21:53,2018-07-05 16:17:45,2018-07-03 13:55:00,2018-07-12 13:38:42,2018-08-08,64fb97eecb229bb89643a88e5b54d614,2018-06-30
f9785aac2c09a1713d8a8901598807a2,871186e2f16364a2861be9b5abdad193,delivered,2018-02-20 16:35:29,2018-02-20 16:50:39,2018-02-21 22:22:34,2018-03-13 11:22:03,2018-03-27,86e628755315897ab9547c87c6ee4df7,2018-02-20
27ae4a0be8ab218e05e205f6fcacb88b,ecbc1f93ebdd2a1623844a2a7a636204,delivered,2017-08-14 10:04:37,2017-08-15 03:44:03,2017-08-16 17:04:39,2017-08-19 13:23:56,2017-08-28,b3d15accdb7c9a9500e2ce40adcaf4bb,2017-08-14
a3928d42c137a3c6fcd9c61712ad678f,5233c58c91a5feca56cfc6ac7ff0b6fe,delivered,2017-12-19 17:51:32,2017-12-19 18:52:32,2017-12-20 20:49:17,2017-12-23 11:13:23,2018-01-12,f43cd194419efc8ca329bb70e94cea25,2017-12-19
92b678b4a340519864bc48f15ec27285,003bc8d06ebed9d146eb9f100d0a89ae,delivered,2018-03-07 15:08:14,2018-03-07 15:32:10,2018-03-08 22:30:43,2018-04-05 19:23:32,2018-04-06,b53bb01fd133da16d7c7d9b602a3aac7,2018-03-07
4b43461ed06d891d8c85531845c7f2ee,b4694eda03bf5091adee5c21f837a67a,delivered,2017-12-02 17:51:45,2017-12-02 18:17:38,2017-12-19 23:13:02,2018-01-02 11:19:15,2017-12-20,0bfc38cf78ad69b24fe437088a8d7bc6,2017-12-02
d4a2243950b928b012d06a50b8dcbcb7,1f85bacdd00ea14684d2de1c26456f31,delivered,2017-11-24 14:51:32,2017-11-25 03:55:34,2017-11-28 22:16:01,2017-11-30 22:29:05,2017-12-08,fa21431b716d66188178faaa0cc891db,2017-11-24
816b15129b14c066ff4f5755938aefb0,1d676b0771f334b33856636aedba43c1,delivered,2018-01-11 15:32:58,2018-01-13 04:54:48,2018-01-15 23:56:01,2018-01-18 12:19:24,2018-02-02,fb0189729bb98a5723c53f0aa3381776,2018-01-11
92636fba2bec02c660ed866c0ab6f4bd,0840d7dc97709287f5fde4d15a357595,delivered,2018-01-24 23:44:30,2018-01-24 23:56:29,2018-01-25 18:32:28,2018-01-30 17:33:15,2018-02-19,1583aa332638ac912705cfba6ec35e0c,2018-01-24
ab74744c8fcb2aebc5495e4a03c30aa1,dcca8e337decb11f366852c75ccf156e,delivered,2018-08-08 11:10:15,2018-08-08 11:25:11,2018-08-08 16:26:00,2018-08-14 14:30:41,2018-08-16,4c748ff629c2a44a487423c83399805d,2018-08-08
cb6eba3723e0145a57f6d9cc2c5dce4b,c4652b51edab50d87139ea73e4cdfc2e,delivered,2018-07-27 15:24:26,2018-07-28 09:25:14,2018-07-30 19:01:00,2018-07-31 20:52:40,2018-08-06,d33979cbff02d251c453e1b7daf00d84,2018-07-27
13e5354115bbe8a836521ae423852ffe,e776d2b8ab9a626626d2763701cbd640,delivered,2017-10-03 21:36:05,2017-10-04 03:07:25,2017-10-04 19:17:57,2017-10-08 14:30:07,2017-10-26,847faf8a6d03f89371c5ae15457b1bfc,2017-10-03
816a46a1473af18688a832b10acf062b,bfd67443b57d0bf7c809e99ce4ebf132,delivered,2017-12-10 13:30:00,2017-12-10 13:37:33,2017-12-11 19:28:47,2017-12-13 15:09:00,2017-12-28,ace7085309e08e931573e1062edcd66b,2017-12-10
4e759d3af1eb92cd808db2a87ce21282,8ed61098286e7149e1cd56e639609c7a,delivered,2017-10-15 16:10:56,2017-10-15 17:08:36,2017-10-16 21:03:07,2017-10-24 21:45:12,2017-11-14,a8ecc05495b00424bcd91acead7c76d9,2017-10-15
c340db08a331e90da6cf5f9bdb0d2d31,0d052cd94da173d03fd97ef2de6b6223,delivered,2017-11-24 22:52:28,2017-11-25 01:16:08,2017-12-01 21:46:59,2017-12-11 23:42:42,2017-12-15,7f1ffcbda3100e51936cb80d6d591de8,2017-11-24
cc6b24184c966c627e754fcdc80e9e53,66c1df9a7da92f26904500c8159545c4,delivered,2017-12-25 14:32:24,2017-12-25 14:49:25,2017-12-26 20:19:34,2017-12-28 18:12:34,2018-01-15,c4d35c6abea15b0f53150ebe9f41991f,2017-12-25
bea1da5f113566234f755218971ad0f1,d1b124e1dd9cd2632db8aa899f111dd9,delivered,2018-04-16 09:49:08,2018-04-16 10:10:53,2018-04-17 19:58:35,2018-04-23 17:56:34,2018-05-14,153593e7985cefd855ca1c7d759afb23,2018-04-16
ec14fe27cdd56da769c9bdd391d045bb,ae9d2891117e90ccb2f5c67fe6788a59,delivered,2017-05-03 14:19:02,2017-05-03 14:30:18,2017-05-08 15:34:05,2017-05-16 13:42:59,2017-05-30,24815ad88216adc906d9e7c35241d79d,2017-05-03
0f4ace47be2863cb7e7e547f32afbe2a,37a6be75367f9868cc1af702f0833136,processing,2017-12-04 22:14:17,2017-12-05 10:30:53,,,2017-12-29,35058032aa1bb4f5e2cd84784f9fe0cd,2017-12-04
c5ad7fdd6f4b3a546653f42ca0c64da3,691d9a220987890bc307768fda93e890,delivered,2017-05-23 13:21:19,2017-05-23 13:35:08,2017-05-25 09:32:49,2017-05-26 14:29:57,2017-06-07,e0cc7ef1277e3c6e7220a50e91a0123d,2017-05-23
add3e322151e47705826b60fbe20356f,b2ef679648d3600d19b9eb1ee8c853e7,delivered,2017-10-26 19:14:52,2017-10-26 19:26:35,2017-10-30 20:13:58,2017-11-21 18:11:27,2017-11-16,df1f61c43368a8ed99dc76b43594fc4b,2017-10-26
84dac351c4b0c1cf7151928e14e03008,38b3e1d7ff83dcfe80315b3de83c4676,delivered,2018-08-18 13:57:49,2018-08-18 14:10:10,2018-08-20 12:15:00,2018-08-21 18:48:55,2018-08-30,bfdae5cb9d269fcc70115e6ce7408353,2018-08-18
3f8e641fbeeebd6f2d786d0b280e300c,6e89d2f39a8b7bcc43316d5e8c4c494a,delivered,2017-07-27 13:33:50,2017-07-27 13:50:09,2017-07-28 20:33:40,2017-08-10 22:03:17,2017-08-18,a423a4429a980619e98b406c23369073,2017-07-27
9e8f609ab62bba5274e9fd4b055f1ecf,0b9381d1a69372ad15c2ea03f69d3413,delivered,2018-01-05 08:34:48,2018-01-05 09:31:47,2018-01-09 19:43:05,2018-01-26 17:23:21,2018-02-08,f35afb6251ea2910e12f0e2da522de2c,2018-01-05
d23ff5dc2ba7e3aeb50eb93b6c3204e5,d2df9db8fa2f5cf328fa1e6c7a349994,delivered,2017-10-24 17:52:21,2017-10-24 18:14:41,2017-10-25 19:58:49,2017-10-30 14:53:20,2017-11-10,84b74fd10c8ecf33e3a43d692bf7486d,2017-10-24
781558df49ad78a40698dc8cb5c739d1,a00f913be49c322cbdef526d61ac8380,delivered,2017-12-18 17:07:28,2017-12-18 18:12:05,2017-12-20 19:07:21,2017-12-27 18:24:47,2018-01-05,2880ad42ad0b51c90d580f1160103ffe,2017-12-18
4f3e282da4819759c89437af78a30d05,b0a943bf46b8ef2d0e0967066d7a67cb,delivered,2018-01-17 21:05:39,2018-01-19 02:38:27,2018-01-19 14:54:27,2018-01-24 20:52:06,2018-02-14,12c61dcdc3525741dc580ba7b2cecc9d,2018-01-17
4de290ecd73ccd938232cef65d1c2bcb,8310c27f705802263986d24aa21bf014,delivered,2018-04-25 09:16:32,2018-04-26 04:10:31,2018-05-02 11:55:00,2018-05-14 17:41:03,2018-05-25,04b851412c9787a6db795f277ef20e8d,2018-04-25
72aeedf3697d876659fb6711fb171b26,84088fe0fbc0f0e62e3ed152ea13885a,delivered,2018-06-03 18:05:52,2018-06-03 18:15:16,2018-06-05 10:15:00,2018-06-20 14:12:51,2018-07-19,f8805aff447b80e0e4484abd71d10273,2018-06-03
6bf033a604dd601317705db318a6095d,e6c812786584e6ad9d3b0dc444913bdc,delivered,2018-08-20 14:39:46,2018-08-20 16:30:43,2018-08-21 15:56:00,2018-08-24 23:55:34,2018-08-30,6f159c60e52468c89aa81edebe11fe88,2018-08-20
b9017cb1a567f916deb91b09e54947ba,35e9d7c99639d067f39b4797503648a6,delivered,2017-06-13 21:25:18,2017-06-13 21:42:40,2017-06-14 10:55:58,2017-06-22 13:02:53,2017-07-14,ffe7752edcf14b5819058b1948e02f3a,2017-06-13
9f47d2a87f425d871b3dafe4bc377b01,da513f66aecb0c97a487d422bf105af0,delivered,2018-05-19 21:04:30,2018-05-22 09:15:33,2018-05-23 15:01:00,2018-06-05 18:26:35,2018-06-06,75eacb17f5ef482c37c7b7903f014ece,2018-05-19
7e40398e4b930885edc608594647816d,c185833d462da144099384d6ac6a1ea2,delivered,2017-12-05 20:29:02,2017-12-08 15:13:18,2017-12-09 13:32:36,2017-12-29 19:25:21,2018-01-02,cf0d8069ba8dcb8fe49baa6a3b3f9f55,2017-12-05
6aee55e0d891d50d5235891f90c938c8,135ed82d00d601dd15e861f2bf1deb93,delivered,2018-05-09 16:37:39,2018-05-10 03:49:54,2018-05-10 15:51:00,2018-05-11 22:42:59,2018-05-21,39ee665787cdce6191c4b41431bdc4c2,2018-05-09
d68eb6b128698c1bcb463ccf238e4c50,6bd8daf4333d1260039e94e9d1a84700,delivered,2018-02-18 22:05:33,2018-02-19 10:10:42,2018-02-20 20:37:16,2018-03-05 16:04:18,2018-03-15,a703a3c5e9c47e19c07abb11c05545bc,2018-02-18
5c1daa9abdfcc8ffc4ae2439d37f331a,9c71a88f010a258dcf8fc459e0de1b22,delivered,2017-08-21 21:51:10,2017-08-21 22:06:55,2017-08-25 18:00:35,2017-08-31 21:46:48,2017-09-13,179b8553e1b5ba647057676833713302,2017-08-21
164935244f7bc83874bad6ca0150ebd1,f0eab4d631b3cde9341aaca0868559c9,delivered,2017-07-24 16:54:39,2017-07-24 17:05:18,2017-08-01 20:59:59,2017-08-03 21:06:45,2017-08-17,c5c7b3e423b421b0df63628f0610fbf5,2017-07-24
4a366e6974586cb4b230d85c8ca77186,8c9c798f9b0ace383d1ec9587f4eba53,delivered,2018-04-15 09:38:05,2018-04-15 10:15:13,2018-04-16 16:29:29,2018-04-24 22:41:30,2018-05-14,3e0c514b44504d00d5fa7549c193cb6c,2018-04-15
54ac8f134227883330db3517a19b4b5c,a19ca530fbc46743d5a951219cf04f2c,delivered,2018-07-19 07:38:53,2018-07-20 04:55:26,2018-08-09 14:52:00,2018-08-15 00:52:33,2018-09-03,65571628698194dbda526c22f5ed2317,2018-07-19
d199e49e9cd642beda8a36b85fd6d51d,fad5cfec056b2a0c95c7ed673254e6c6,delivered,2017-08-08 12:18:26,2017-08-08 12:30:19,2017-08-11 16:01:21,2017-08-15 17:02:32,2017-08-28,98e4ff4e94e52f50149642269b59caa9,2017-08-08
2f711707a90088b9f2ee4ae352dffe6d,2809b7541e5006a73204bb7c9f8817ee,delivered,2018-02-15 22:28:33,2018-02-16 14:32:13,2018-02-17 15:42:40,2018-03-07 18:33:56,2018-03-13,331d78645648019087bcb2ca13c728e4,2018-02-15
b64c467f4c3c4270ca94367a26503be2,57cb02ea9844cd71e3d9a53c30f88a6a,delivered,2017-11-20 18:11:00,2017-11-20 18:26:25,2017-11-30 18:22:55,2017-12-10 12:09:12,2017-12-20,07e5fa7bd21a068b7659dc26f245babf,2017-11-20
a0f74a1d59cf95d1ff371a6e9d3a1f61,f7dcda3c5064b91558ffa7e9ff2521cd,delivered,2018-08-02 16:06:42,2018-08-02 16:43:51,2018-08-03 15:10:00,2018-08-09 18:18:27,2018-08-10,a5f5307e70d0827d21c8b9d9c598749c,2018-08-02
ba20aec042d23e822e02149895665b97,6fd7ac88b09163b38f18c5943a6c6885,delivered,2018-04-18 12:19:38,2018-04-20 07:11:19,2018-04-20 23:12:49,2018-04-26 21:21:22,2018-05-09,76ad7c10771b3a1abcf4065b6a805b53,2018-04-18
e50d7ddc8da687eef58e56ea9444d302,5b82a28f986ce87f2435c24ec055a905,delivered,2017-05-07 20:15:32,2017-05-09 09:35:22,2017-05-10 15:50:03,2017-05-16 13:37:38,2017-05-29,ef4da07d2746321da5dc21616591a227,2017-05-07
6216ac14dd3412edfaecc261269cd07f,2ea4ce20f0fc9da88a7d19803be280dc,delivered,2018-01-29 10:12:13,2018-01-29 10:39:02,2018-02-02 00:52:40,2018-02-14 16:08:41,2018-03-01,cadb282941afa3eff6beae8a0c1fa207,2018-01-29
cfe2129968372224ea392ad47c0d5b02,0599f126a96e82b600270dca9776effb,delivered,2018-01-08 09:56:46,2018-01-08 10:09:24,2018-01-12 21:14:03,2018-01-22 22:58:10,2018-04-09,d0fb1b9eec4309a1a2d8689806604037,2018-01-08
0be2b6c22a3cd022d2986721e1faaafc,02d258ceacbfd544777a64c2ba0773eb,delivered,2018-02-27 09:00:31,2018-02-27 09:10:54,2018-03-01 21:32:40,2018-03-08 17:39:54,2018-03-21,aad799bf2bc7edb119e151284544a904,2018-02-27
29cd5bdaa8ca1890a2688d40839043c1,0f337ceffd2233ad8575fd02fab410b6,delivered,2017-09-01 21:44:28,2017-09-01 22:07:01,2017-09-04 19:17:47,2017-09-18 08:51:51,2017-09-26,30a2c320781a28b4ddbb689329fbaae9,2017-09-01
707029282a0541fda1572e968b5d35b2,1c646053cf63b0b74b593b545d4d87c8,delivered,2017-11-17 15:29:23,2017-11-17 15:55:36,2017-11-20 20:34:28,2017-11-27 22:13:43,2017-12-13,9902d69f84bd7436fb66b5a3f459922f,2017-11-17
6ded11f0a307eed2ae0931fe59f4c599,96acf11f5c1d5f2ddba8bedc04d41d3c,delivered,2017-05-22 15:15:24,2017-05-22 15:25:11,2017-05-22 15:36:44,2017-05-26 08:43:52,2017-06-13,285d20e8ee89da04e022456f8201fd45,2017-05-22
42438eb68c55de2ecd158307119790c1,f0962138bed00ecfe37d99b2502ac289,delivered,2017-08-05 14:55:40,2017-08-05 15:10:15,2017-08-07 21:22:44,2017-08-14 12:22:57,2017-08-31,c0db9d178b216ab153fcf56d6382f735,2017-08-05
bb5b0d8f3e9c964760c674f2aa2ae0cf,3b9375de9837ce03b6516b3a343ad6be,delivered,2018-02-26 11:08:05,2018-02-26 11:31:11,2018-02-27 20:18:39,2018-04-04 18:52:49,2018-03-27,45f5f13a2b829876657e16fb7d23e454,2018-02-26
107f069fdb62a9cbe252b043323e4e32,ef0ce737cbf4c0d6aefb7c7281b658e3,delivered,2018-05-18 08:24:28,2018-05-18 08:55:36,2018-05-24 09:45:00,2018-06-12 18:18:45,2018-06-07,2acd1014f0a4e286b0896f30b67c1e80,2018-05-18
e4d119e7381ee6074eb45934cad67286,a0fcfe55b0364c357c463b955f1539bf,delivered,2018-04-27 11:56:39,2018-04-27 12:10:22,2018-04-30 08:22:00,2018-05-07 17:39:34,2018-06-07,230b7f6050862e4d39911debaa3088ef,2018-04-27
4185607d55c555fc65b5af2bb98062ff,84481caf6ed900fd90c1c4414b4838e9,delivered,2018-01-15 14:34:11,2018-01-15 14:50:12,2018-01-17 23:34:55,2018-02-02 20:51:58,2018-02-14,55e6707ff270dfc55ccf8d38e1a9b2fa,2018-01-15
380c501bd03f8059ea933d24459206b0,a3481522539266ce67d71dcb43026612,delivered,2017-08-28 21:01:26,2017-08-28 21:15:17,2017-08-29 21:52:20,2017-09-06 21:43:44,2017-09-21,e1ec8e0a02a758f9961cc2f516472fc2,2017-08-28
d2c74d209011319ed82c959b605f850c,c2399a4f182aa68dd5c49ed917d90587,delivered,2017-12-05 19:31:59,2017-12-05 19:54:55,2017-12-07 00:19:01,2017-12-11 20:09:10,2017-12-28,3326fa86d549a0bd852d45182d1d466c,2017-12-05
7f081049d243d9a51d4235dfc310a73f,8f308e7e5aead948f03f2a0454e2a50a,delivered,2018-08-19 15:43:09,2018-08-20 12:10:18,2018-08-22 14:49:00,2018-08-29 21:32:25,2018-09-14,2e49a3bbeb76297ee0ff49df39c2456c,2018-08-19
b34f86c59a76bef28aa32825ab4370f6,6078c8dc51c6fd4e5b6eedc57b35c1bb,delivered,2018-05-13 21:55:45,2018-05-13 22:13:37,2018-05-14 15:29:00,2018-05-15 17:39:00,2018-05-24,6d0d423516a68d7b751cdab41deb0539,2018-05-13
3caf6c286c8cde37ea9c0fb2da0e3169,c8b8fc6a174f7e78125428ff2e452cca,delivered,2018-06-11 09:37:23,2018-06-12 05:15:58,2018-06-13 10:25:00,2018-06-19 16:18:43,2018-07-13,d5abc2b56863ca7eddbeef26361b015e,2018-06-11
93fba502065017afe14eb3b3dce60a05,b4aed612bc4bba43b16b3b8e6d707fa6,delivered,2017-11-16 17:01:59,2017-11-17 04:15:29,2017-11-17 22:22:42,2017-11-23 22:34:47,2017-12-11,7fa8298b790b9bb78ffac3a59336d27b,2017-11-16
396712c68f59e647911d707604f4591a,90c091f5aa58aced1aac4576a90f7220,delivered,2018-05-24 20:37:51,2018-05-25 02:55:25,2018-05-25 14:42:00,2018-05-28 17:16:27,2018-06-11,1b17c26c5ae0fa014dafc6101d08f6ef,2018-05-24
a51486486a5608e9220c5b61e65f6ec1,8781f2cf85849ef0cf952afa15974337,delivered,2017-11-16 15:43:29,2017-11-18 02:30:28,2017-11-20 16:36:41,2017-11-27 18:59:12,2017-12-05,292ab630ffbf1841d0355d7e0db4e503,2017-11-16
a742e3a941299687aed413c581a7dce9,f1e6293b21eebd4e0cd6828301c669b1,delivered,2017-06-04 14:53:58,2017-06-06 13:10:20,2017-06-08 12:47:20,2017-06-19 18:03:57,2017-06-19,51838d41add414a0b1b989b7d251d9ee,2017-06-04
dd3e21a337aa1b10edf9ce57c0772a2e,937a297223ed84fd61bfba360901a29e,delivered,2018-03-07 16:43:19,2018-03-07 16:55:43,2018-03-09 22:59:46,2018-03-20 23:12:52,2018-04-05,4eed2b6466d9fc5fa5d1725b3f61e240,2018-03-07
b0abfc26b17791c260e0d86f4d739da0,7cd95e56917b143ad918fb595bdabcb2,delivered,2018-05-07 13:26:55,2018-05-07 15:32:30,2018-05-08 13:41:00,2018-05-16 16:36:52,2018-05-28,218074f53649c80958fcf44e9beceea5,2018-05-07
2c1c76b055716216ebf282a6e2b7d18c,b0aa4e154cca1e3ce961c7267e5b975d,delivered,2018-05-02 20:17:10,2018-05-02 20:53:33,2018-05-03 12:14:00,2018-05-09 19:46:34,2018-05-28,0d4060cd9fecd2c2dab97a161facffe0,2018-05-02
9416d46f37f3852f96df822e953ff6c5,be1013a9e2d92667fe3c7b8654c639d0,delivered,2018-04-04 18:43:12,2018-04-04 18:55:20,2018-04-05 17:21:50,2018-04-10 16:19:20,2018-05-04,748e06414405155cc2b06d0dbe746c4e,2018-04-04
dfa133091470b285a434fad21fb4bbd9,ae2424a66e95f739497a3466651874fc,delivered,2018-07-26 16:13:48,2018-07-26 16:25:24,2018-07-30 13:37:00,2018-08-06 21:48:40,2018-08-16,eca792e3700ecd4974baec86183ca697,2018-07-26
dbb56a8ecf60edb17a584daea927824a,d94b3b454957707eb99be5b96da7b71c,delivered,2018-04-02 11:21:55,2018-04-03 11:15:27,2018-04-07 01:08:35,2018-05-01 10:30:44,2018-04-20,bb152cc752d514fad69ba95da9c19a46,2018-04-02
d9a41cf97194a66136b6c6b4f9118cef,da55d95490988ce417fbf234ed9119bb,delivered,2018-04-13 20:11:09,2018-04-14 02:31:44,2018-04-16 20:11:51,2018-04-23 18:36:59,2018-05-11,dc9f8aef1cd8c21fe3cd1889a7577673,2018-04-13
11483c6a164cf839a3b0c945acc5935e,83fd700aa4507f07005fc6014a130b5e,delivered,2018-01-24 00:29:42,2018-01-24 00:38:24,2018-01-29 20:33:34,2018-02-03 02:16:19,2018-02-16,b21d84ee87738ace4ef76cfbb14135ad,2018-01-24
fed8a749f5633fa9f58ed475eb2c5cef,3d58bf9be1514f3002aeefccf9746d26,delivered,2017-12-04 19:13:48,2017-12-04 19:30:16,2017-12-06 23:12:51,2017-12-21 12:39:50,2017-12-20,2a58bec493dc5a78d8bded85c515b96b,2017-12-04
6d93a5151f8327f068c536d29513d94f,d982b0ddd77c8c1448ae7c4cb4aaa409,delivered,2017-12-07 14:13:01,2017-12-08 02:36:42,2017-12-08 17:18:30,2017-12-12 23:28:41,2017-12-26,bfecdf3e1f688a3a8179458c963cdc79,2017-12-07
0539642c2ba6dfd6c8ca8dbdb16d85d4,5577986e87a01d8f0d0055fb5229b436,delivered,2018-02-23 15:19:52,2018-02-23 15:35:21,2018-02-26 23:38:00,2018-02-28 15:38:58,2018-03-15,16bdaa5e2c4eab5737d1b2f8795deda3,2018-02-23
093e91ac900104e2f587ff8d020447aa,fb34d8086ff2d4fedc7160b7346ad4a7,delivered,2018-01-15 20:23:58,2018-01-15 20:35:29,2018-01-19 21:09:01,2018-01-26 14:59:42,2018-02-19,d03ab82404b6e958238bbe2406ffcd9f,2018-01-15
cbb3b005ace04a18b85a3f06542d2c39,a42c684adc9da001d3bb2765dc2fa9ee,delivered,2017-04-19 17:57:48,2017-04-21 05:11:10,2017-04-24 17:37:53,2017-05-04 11:41:25,2017-05-11,7d9a038492d7e6b28b3c465ba6fd993a,2017-04-19
c6738800d95e18d66c681a8dac8e2b7f,2ed09823e71fb5ae028dc8c32c3ed539,delivered,2018-02-22 15:18:45,2018-02-22 16:00:29,2018-02-27 21:04:34,2018-02-28 22:16:42,2018-03-08,fd8abe602ce8ebd7a043782261cb6cda,2018-02-22
f368c3e5edb7b7db5296654ed37464b2,f4d64a735d1f90f13a057ca7f7b5ff87,delivered,2017-11-17 19:46:56,2017-11-18 19:45:55,2017-11-23 20:19:01,2017-11-27 16:52:08,2017-12-07,ad0adff48be9c5f67cb35fd0895b42e7,2017-11-17
2852b90d074ef46f6bf2f700a06ae7e6,33210d00c54c2950c5d2236c056452bd,delivered,2017-11-07 21:05:46,2017-11-08 21:06:24,2017-11-10 15:02:01,2017-11-21 23:02:39,2017-12-05,23007cd60dbe169d8bcd7be94cc6f123,2017-11-07
4033aa2bed487107c0ab9ee14ce180e6,ce71073196f0b2c05aa6c4dd0495a04a,delivered,2017-11-20 21:06:59,2017-11-20 21:14:20,2017-11-21 19:45:48,2017-11-23 19:22:08,2017-12-07,ef7a55345030be613a86bf41640447b0,2017-11-20
02b7a3c4c3376a74359add1cdf94bbd8,7d5e2dffb600af537e752f0e89c59b68,delivered,2018-08-14 11:29:59,2018-08-14 11:45:17,2018-08-15 07:00:00,2018-08-21 18:08:48,2018-08-27,d2e16e4d7a513074d2c61e112fa3579b,2018-08-14
d8c9ca47e603a786abd4b67b75fd7a06,2bb704b826fbccaaf997c2f1f6967698,delivered,2017-06-16 00:20:14,2017-06-16 00:30:22,2017-06-19 19:03:50,2017-06-21 16:09:58,2017-06-29,696a957f29ce7dd9d5ae5577cbb2e3ba,2017-06-16
bb18fa095535600a94fd3e6741d53b9d,32310106268df19502c10ab4b70f26ff,delivered,2018-01-08 17:18:36,2018-01-10 10:32:46,2018-01-10 18:32:36,2018-01-23 19:04:50,2018-02-02,6e7b6bee91c260c1338c6ea7931edc31,2018-01-08
52a33f96555a51b48edfbc76f5158dc2,dc1a33440c4324cd65028d2cf2adce0e,delivered,2018-03-02 08:23:08,2018-03-02 08:49:49,2018-03-03 01:52:16,2018-03-28 15:51:40,2018-03-26,ef3696dcf4448c3f98c92bb938bc2d0d,2018-03-02
8c0a4c58ee098fea192d86cb195786e6,743eb1a642f457af79087cfaa894a63b,delivered,2017-01-18 12:27:53,2017-01-18 12:41:46,2017-01-19 15:55:22,2017-01-30 11:47:28,2017-03-10,c8286434bb87dd80be297fc3e6bdc49b,2017-01-18
541c844f36e4b57a49d0baa723855958,78cc60e3f5c4141e0011e83edcfc9702,delivered,2018-05-08 16:04:36,2018-05-08 16:31:41,2018-05-09 10:36:00,2018-05-10 18:48:49,2018-05-16,78e8064a67ecfce8adef0f248a8d0cdf,2018-05-08
055bb586a2d17c7677a6096c56b6e2b0,86979f4c8980b4b673ad22d42e807103,delivered,2018-03-03 17:44:51,2018-03-06 03:50:49,2018-03-09 20:11:15,2018-03-23 23:13:41,2018-03-26,abe18fe752dd48676e3e8cf39823d3a4,2018-03-03
68894575c06d54c17b7b9e64c8e396d4,aa893f731ff0b46eb4acdeb0d6941642,delivered,2018-07-07 14:48:29,2018-07-07 15:05:54,2018-07-12 14:18:00,2018-07-13 19:11:49,2018-07-25,6a422b491f833dd16ee952516611f4d3,2018-07-07
cdda221e8ff79e7dc0c3158e14e40d46,a06d256918aced7588c2acf33a4238da,delivered,2017-04-06 10:10:32,2017-04-06 10:25:11,2017-04-06 10:55:45,2017-04-12 13:22:40,2017-05-02,2b7b58bdb468abea0076f15e37e3d470,2017-04-06
c0bcf2bb8a872c09da87c174a0f4e21b,28446a6a76016b89f90c4a0e29f79d56,delivered,2017-09-25 16:05:46,2017-09-25 16:15:12,2017-09-26 11:52:29,2017-09-29 16:12:59,2017-10-17,d2e5c4c247395e31f22e5c14b04c9935,2017-09-25
004fb11815bc03b01b20a614eef69d14,9e2690a7ad4a0fd8bbf0a5b355d5e6ea,delivered,2017-11-25 13:56:55,2017-11-25 14:16:42,2017-11-27 18:22:41,2017-12-16 14:31:43,2017-12-26,aaeafdd832692cf3b77f4eeded665088,2017-11-25
bce3ba299a4d73c52b90686a13c29a57,acf9d493618557e6bf542739f7c1ea8c,delivered,2018-02-12 10:19:43,2018-02-15 03:55:54,2018-02-15 20:21:38,2018-02-26 23:42:12,2018-03-16,a6871717bea370207a49a2cfb70607ad,2018-02-12
6878dd8f91f3b3ee7fa8edbea6c3af45,86c9a39c17fae370a496545e5d9a324c,delivered,2017-09-02 16:57:50,2017-09-05 04:25:48,2017-09-05 14:49:47,2017-09-11 22:16:28,2017-09-21,369ac2454c4b3e699137e19d6a03471b,2017-09-02
aa78679c9f61a2896e5fe26761b6a8bf,8d51030ae02d1b7d4177c1d63683ab99,delivered,2018-02-17 12:37:22,2018-02-17 12:50:26,2018-02-23 17:28:38,2018-02-26 23:03:37,2018-03-09,42912d3b8d053263270299ad59af16af,2018-02-17
9df4cca73d4b09f1e153a3767cda18e6,418398a534ddffb19a62d282e8285db4,delivered,2017-09-04 15:12:27,2017-09-04 15:25:21,2017-09-11 16:12:24,2017-09-15 21:17:44,2017-09-26,b30bcdb9ae45a5a96f13d9b17826988d,2017-09-04
232ea59cdf4f9ff14bad61399d646d7c,34eb26c3f18b5b9033447908332a0043,delivered,2017-05-16 22:03:39,2017-05-17 22:10:09,2017-05-23 12:36:41,2017-06-09 05:13:01,2017-06-30,2cda8af698a5d6f54cbcf68159e0ab92,2017-05-16
44bba9f46db37145d420ff8e02b679a3,c8dbf8c6c3026ee3158b95c9baefa58e,delivered,2017-08-13 00:38:27,2017-08-15 03:50:32,2017-08-17 17:58:18,2017-08-18 16:57:40,2017-08-25,dab6f017f0e803977c7f5c61372c3bb8,2017-08-13
2826054171c4c4aa3eb41b9dfab2388e,228d9df3277eb2917179613d661ce3be,delivered,2017-11-15 13:22:25,2017-11-15 13:31:06,2017-11-16 21:21:36,2017-11-21 20:51:55,2017-12-05,9bfccc70b89747794ff175e9eda7cabb,2017-11-15
5383435eb2b05b6f4d5be7720974fe67,7fe98b2b2fa5e20a973f275bd5121c2a,delivered,2017-12-18 11:09:29,2017-12-19 09:59:40,2017-12-22 22:17:01,2018-01-04 23:09:15,2018-01-17,9a23e1dd0907387c8828590da70648ee,2017-12-18
dadb01b1be2452288cad226dc8deb6d7,e29a5639b31697bc8d229413b5c0e6fa,delivered,2017-10-14 16:04:05,2017-10-14 16:25:46,2017-10-16 21:33:46,2017-10-25 23:14:03,2017-11-06,dd0f82178da2c7f1c6546f253965d53e,2017-10-14
abd78b3b49820a5123521bb2204af795,8e1aacdd0ecb7164d5bca94b7fab4135,delivered,2018-01-16 09:45:37,2018-01-16 09:53:21,2018-01-19 23:29:32,2018-01-26 15:52:35,2018-02-07,7b76468fb3f95124b8586208c491968b,2018-01-16
2a223b8aedde6996b0d5a3f4505b765e,6da0f7621f8577373f57815c20cff9ea,delivered,2018-04-04 12:48:55,2018-04-04 13:09:55,2018-04-06 01:20:49,2018-04-10 15:24:59,2018-04-20,16d462f1c4b0a2755d5097b1620d1b0d,2018-04-04
08cb000ba1516a67d8d9fbbe5f9a1091,9bee3266e0057fddc13b5e3e791bd52a,delivered,2018-05-05 10:47:29,2018-05-05 11:10:10,2018-05-08 13:08:00,2018-05-18 22:52:38,2018-06-06,df17638af8b9944c3341af114de24226,2018-05-05
1dd7af1a6ccd3e95b66f717350c9e41a,bc233ab00b63e8ab556331a67703cb0a,delivered,2018-04-23 09:12:48,2018-04-24 18:38:57,2018-04-24 19:11:11,2018-05-07 22:26:42,2018-05-15,5738e11a8c7ca3246b6f6165be42b9ee,2018-04-23
d220d9ce04a20db90d0cf9b2ab34ed7f,edd8be2a0d8a9ceb81141bdb7316648b,delivered,2018-06-22 23:19:30,2018-06-23 01:40:04,2018-06-27 09:52:00,2018-07-03 02:27:50,2018-07-24,3629d3f48ea96718f82645e0dc0525ab,2018-06-22
8ee2011c5153b4e8805e40ce05214166,9df2ae985ac3e26504b96acd94b4727c,delivered,2018-03-25 10:24:08,2018-03-26 10:08:37,2018-03-26 21:32:34,2018-04-09 20:12:25,2018-04-23,f618b8dada58c0d3cdc34ad508007135,2018-03-25
8bf14f24c8e8641850e22e01ca1fd3bd,1f76be603ec8cf2834211d958c1c4fa4,delivered,2017-11-29 18:15:23,2017-11-29 19:08:23,2017-12-07 15:49:03,2017-12-18 18:51:51,2018-01-02,18b6ccc56525af07bd41abb44f70eee5,2017-11-29
ad7dbdfbd06591893e48b29f3f45c9f3,86ecd407da1fd5e3627db4f6c35d52f6,delivered,2018-03-20 13:18:17,2018-03-20 13:35:40,2018-03-20 22:51:24,2018-03-26 10:14:56,2018-04-18,d13d0a9c6331a273868b8eacf149bc46,2018-03-20
459aa8ae0e09ae140ba9f75c1f429524,da7d957a36ea44a3b6dc9531d2e83148,delivered,2017-04-08 19:33:26,2017-04-11 04:02:03,2017-04-11 14:28:46,2017-04-19 11:18:33,2017-05-08,6967046ccb04a0d6b57f4760f6048d18,2017-04-08
0b83b48cff92afd5eb4360860cad0ff1,54d964b83ac779bf3ab0fdb1877a51bc,delivered,2017-02-15 15:27:15,2017-02-16 02:23:17,2017-02-16 09:33:46,2017-02-23 16:12:29,2017-03-24,26021fbea24c3916e675f0dceb0951d9,2017-02-15
0e308535f2149cdf7ea180fa7495d659,134f3a400dc4f7b090d33194c814623d,delivered,2017-10-05 11:30:36,2017-10-05 11:49:21,2017-10-06 16:10:17,2017-10-18 14:28:08,2017-10-30,12b10edb1b0acf59788f3ec21cde5d24,2017-10-05
14dca2543b44a6699edcca2bd49b261a,ae22402d31c0645bd39d69d37df3013e,delivered,2018-07-21 14:53:34,2018-07-23 11:31:49,2018-07-24 14:33:00,2018-07-31 00:41:38,2018-08-22,ac4a99ce4bbad4091cca1eb1aafc6d44,2018-07-21
ce22c7595bc4d3ca9b15ea08412a6b94,1a939aa50bad8358c1a043d98065a70c,delivered,2017-12-20 12:44:22,2017-12-21 12:33:30,2017-12-22 17:19:12,2017-12-29 20:10:36,2018-01-15,944b31e72098bf995392fea4debf05a6,2017-12-20
4b37519166b98d3938e01162a4e29aca,1c5f3a0f0e8fceca5ef74a89eb54dfe8,delivered,2017-04-29 08:13:13,2017-04-29 08:23:13,2017-05-02 14:52:53,2017-05-15 09:54:44,2017-06-01,0596964a37f26c52511c462d26cca8c9,2017-04-29
e4ace38893f7d4e22939778dd93b3dee,9dbda8f2ce19f108d4c32d085ec6ffa3,delivered,2018-08-15 16:12:27,2018-08-17 03:15:27,2018-08-17 13:58:00,2018-08-23 01:21:34,2018-08-29,7ec0e18938791c57eb16ad7f03edcc06,2018-08-15
197c1d7e2df41beeb978ee6859d6dacc,600a6b104ec3030369aeee14fb0a5917,delivered,2018-06-01 22:27:46,2018-06-01 22:51:20,2018-06-05 14:15:00,2018-06-07 17:59:28,2018-07-23,95e9b9ea0d1b5a6761718600a5b2723b,2018-06-01
31944c223e12e51000bbca2b8705ebf7,71240d22dc6a214da602809d7040ae16,delivered,2017-07-18 11:51:40,2017-07-20 02:25:39,2017-07-21 14:39:57,2017-08-01 22:04:49,2017-08-09,dec9372a4d84a9dde9c64e723669a6ff,2017-07-18
6bd41909d90c9f91e22ad236ea395623,f45ac6dfd34f67fc16e581fe9ae0028e,delivered,2017-10-03 16:41:47,2017-10-03 16:49:50,2017-10-04 16:10:20,2017-10-10 16:48:26,2017-10-30,98407dc3f7283a8a678d1d97e139bce9,2017-10-03
5f9df00779aa30de4cf114162401ce70,7dff8fc2b075d7f4653960cf2639046d,delivered,2017-11-21 15:25:56,2017-11-21 15:35:55,2017-11-22 20:21:59,2017-11-24 14:18:56,2017-12-01,d1495ea2b348ffd0285982532b1aea6e,2017-11-21
9e0d5f27a7557c8c59cb7dafa6a060e3,a98f8beee9d9dd8974996ce5f5f40635,delivered,2018-04-10 21:46:56,2018-04-10 22:11:01,2018-04-11 20:03:14,2018-04-12 20:29:30,2018-04-26,6d21fe37a2ea781b1d33d4b7f13f1915,2018-04-10
a3f157a067efbb72090189af1f7b78b4,0165051ac7514aff1b132007d915622f,delivered,2018-03-26 18:37:44,2018-03-26 18:50:15,2018-03-27 18:52:44,2018-04-11 16:48:52,2018-04-18,ebfd11f20986b88de98c61d9609c569f,2018-03-26
4f44b2c6ae837b5f817a2d621973fc34,d56c72083ae950d9e0be19333795e7cd,delivered,2018-03-23 08:17:36,2018-03-23 08:30:30,2018-03-27 01:18:50,2018-04-12 00:32:33,2018-04-17,ff9584b796ae561b0085ebc998880a64,2018-03-23
bbc289789c7c2753320ce35b3fb773a2,842ad511dc462bfad1c2201546d542d6,delivered,2017-07-01 18:50:04,2017-07-02 19:03:48,2017-07-03 16:47:35,2017-07-14 17:45:55,2017-08-11,8c6de572aeb6aa9db9391631b5bce93b,2017-07-01
fa84bb10b3e22907ee72175763051dca,c400d925fe66cbabb0bc2a8397e562a4,delivered,2017-06-05 20:49:23,2017-06-05 21:05:11,2017-06-06 14:51:41,2017-06-16 15:51:57,2017-06-27,1da1266c2e3e4eb54d33c3382435a8d7,2017-06-05
6be09fd2c367b8fad5b25b1315c335bb,5f0a81d48ee9e8197044530b42532849,invoiced,2017-11-27 19:38:56,2017-11-27 19:57:33,,,2017-12-21,dab37b78cef7cd1cfe1cc34420c07a93,2017-11-27
de62ef786960497d8f8becbc10887906,d82454613838117a0b401c99021874b1,delivered,2017-11-10 05:11:06,2017-11-10 05:26:19,2017-11-10 18:52:51,2017-11-16 19:42:09,2017-11-30,39aa3286631ba21ef894f122508ecf1b,2017-11-10
61a86f238895780d1ddc6344985537ef,cc7312be4b88561a34750c50e3cd4ff2,unavailable,2017-11-24 23:53:23,2017-11-25 02:53:09,,,2017-12-15,02d73d09e28bcf111eb693e80e33cb51,2017-11-24
7b0714f45a0369b445c5cd4fe277573b,54893f45267708e3cb3f7d400307b09e,delivered,2018-05-07 09:47:07,2018-05-08 09:50:41,2018-05-08 13:33:00,2018-05-18 18:22:44,2018-05-29,63803f41025ab236f0ee0447be488880,2018-05-07
39a0e2f723def2e12a51e963006c9242,4b231c90751c27521f7ee27ed2dc3b8f,delivered,2017-04-02 16:33:30,2017-04-02 16:42:23,2017-04-06 10:38:35,2017-04-19 16:13:08,2017-04-28,ffe254cc039740e17dd15a5305035928,2017-04-02
f4508bb7696cb9597c0bdbb0fba901a9,4db0427a121435c7bbb022f9a4770d39,delivered,2018-06-26 22:19:48,2018-06-28 01:11:10,2018-06-28 14:02:00,2018-07-09 12:58:24,2018-08-06,70de18a43c8f5f238d095ebeeb6e7dd0,2018-06-26
e03be3ebbeec6df71299d49c3e32c750,0d545b37abf4f5e898ab30a72c1e6c79,delivered,2018-01-30 22:01:59,2018-01-30 22:11:36,2018-02-02 01:59:37,2018-02-02 17:47:21,2018-02-15,82c3aa6d37a37196566ae332ad18880f,2018-01-30
a1a5a93917c05f8f0a018f68e63a8f52,b3e54faf12368511ce322a3ef8675bab,delivered,2018-04-01 15:20:06,2018-04-01 15:35:13,2018-04-02 17:56:26,2018-04-09 11:51:50,2018-04-25,6116f84c2f2d5f1b413c44f9df6029c2,2018-04-01
a910d527d324ae071c473e5154238031,cda1e3f188ae936829b145f1b2f35152,delivered,2018-04-30 15:39:07,2018-05-01 02:52:59,2018-05-02 14:13:00,2018-05-09 20:11:48,2018-05-23,78814f76f9211ebd44f6e962d643fcab,2018-04-30
f3144b968537c3068bdd820f07160523,2380848750a60be40c0eedca1be0b272,delivered,2017-11-28 19:54:05,2017-11-28 20:15:31,2017-11-29 16:38:47,2017-12-06 22:32:27,2017-12-20,bbc665111aad6a8cb8a3f3e06531c3c3,2017-11-28
961a477711141b3811b897eb49216db1,92e68079c7279941d8a95546c20f340d,delivered,2018-01-15 10:48:25,2018-01-15 10:58:32,2018-01-23 23:33:21,2018-02-28 19:43:57,2018-02-05,076dc8d838b4a277c14d6e67445b04bb,2018-01-15
38efd1ae907b1b533315ebc00abd55e2,48a40b0cc080812a5e77d16d4e74abde,delivered,2017-09-14 00:08:27,2017-09-16 03:06:07,2017-09-21 13:49:56,2017-10-03 13:20:19,2017-09-26,e8d52071cb03beaf1320119dbc49cd8e,2017-09-14
a61202a33583131307321a09ff16a0fb,1a865a23a7f3bd3fff2d5557fb2a11dd,delivered,2018-03-22 03:34:22,2018-03-22 03:49:21,2018-03-23 00:58:44,2018-04-02 15:08:46,2018-04-10,b8552e06a522be2ef1605359f3250b49,2018-03-22
4ce91fec2f80a813034eabe864e5f910,cc7fed6a21d9de6727fde3c7974c2907,delivered,2018-03-15 18:58:28,2018-03-15 19:10:33,2018-03-24 00:42:30,2018-04-07 01:34:27,2018-05-11,d5e6e4913707b122ab983e328e8517b5,2018-03-15
d020f5569b2ed40da35996f2e433d0c7,3f1db6e3075aa98be8ee64d9f8a2a65f,delivered,2017-06-22 16:48:22,2017-06-23 02:23:09,2017-06-26 09:03:51,2017-06-27 09:15:50,2017-07-05,9730539e3049adc2d2169bff0f508469,2017-06-22
5afbfbc1d4f7235258bea4e37dcbf406,5286e92641536e814f85f6f5f45e9d2b,delivered,2018-04-14 16:41:35,2018-04-14 16:55:28,2018-04-17 17:21:58,2018-04-23 23:08:47,2018-05-17,9e993cc836a32a8e4c2ef494dbe8fca1,2018-04-14
1b4ef3bdad72cad23a9bd4b06f87ab7b,ac3785013e660eab7bd9d293de1db05e,delivered,2018-07-30 14:44:00,2018-08-01 03:31:56,2018-08-01 13:01:00,2018-08-13 20:48:44,2018-08-20,1fc15ac51becba15ac7765025b7cf9bb,2018-07-30
4a6f650f54a036cc750d33bfd57269c4,c03a0f96387198c66916e4ff2922e57a,delivered,2017-12-03 21:31:03,2017-12-03 22:58:09,2017-12-06 14:59:04,2017-12-07 20:44:57,2017-12-20,05235d1ffbd134eb43c951e1fb34cdd5,2017-12-03
d71fa55fc75019aa91ab9a4a1c148540,19a1ee299b3303b78b6518d0a800c5c1,delivered,2017-10-27 15:33:02,2017-10-27 16:31:57,2017-10-30 16:42:37,2017-11-01 12:17:36,2017-11-16,3d67ed0af2f29e42ef682bd999ffe3e1,2017-10-27
c7fa96b02a00b5cb4693e0aa924b330d,7ac35423839341a44c95424351311093,delivered,2017-02-24 14:00:07,2017-02-24 17:15:17,2017-03-02 10:14:08,2017-03-16 12:55:24,2017-03-27,aab7b3f97f05bbb173c7d408f8ee96a0,2017-02-24
dcd55caf6dcb4c4a54e6f09eecdb4822,338ceb7a4e121b2cf002f41b325d76d4,delivered,2017-10-12 15:03:54,2017-10-13 10:28:11,2017-10-13 16:46:16,2017-10-17 17:50:00,2017-10-31,88945f497a68b0df94f5384be8b3e5ef,2017-10-12
4677cd3fce18a3a30369628353085578,384a8d5643cc3e1a4fd8d72ee61c2016,delivered,2017-10-17 21:33:51,2017-10-17 21:46:06,2017-10-23 15:22:54,2017-10-31 20:37:55,2017-11-07,f00426a35b9b06e09b61661c09b231a1,2017-10-17
61b73d6deb118dad91fa0cca4365e4dd,a8fb590bc25c544e61460926ab10a3c0,delivered,2018-01-25 10:42:59,2018-01-25 10:58:25,2018-01-27 00:48:45,2018-02-01 00:45:01,2018-02-23,3bf662c4f5f2c4c73ae1ceb5dfd70f3b,2018-01-25
8707527cd8dca1dbc51f8f4d188b4e80,1898ae4dfa5a465fed8dc65b6303266a,delivered,2018-02-16 08:45:47,2018-02-19 09:30:38,2018-02-21 01:22:51,2018-03-07 18:25:55,2018-03-12,4e76e9baea712f144b0f8594e8621013,2018-02-16
5d00299f340746f1a331c674d4fbb211,16b4fe84e11d113214ba5bfc967bf782,delivered,2017-12-16 23:06:17,2017-12-16 23:18:27,2017-12-19 23:32:42,2018-01-16 21:56:40,2018-01-16,3171b4d88a6e5197365277f56c7a9e7c,2017-12-16
5381e67ea3b6bfda0cad04e569d1e447,59f0f1854435bc2fcb6603c1494ca439,delivered,2017-11-21 22:32:12,2017-11-21 22:46:55,2017-11-22 23:42:43,2017-12-20 01:52:58,2017-12-15,98828739b734f5c41eec57e4baf0805a,2017-11-21
5be61c2985384bfd881d4463c25ee652,bb369151acbc6fd8da224b42667ba944,delivered,2018-07-16 12:53:40,2018-07-16 13:10:14,2018-07-18 14:03:00,2018-07-27 18:36:48,2018-08-08,b411e9bdf404f4a27c09df1edc8192d7,2018-07-16
b1f6abbaec3261269b9ecc0f895f8c2d,1b645255cae7b99bf2c4527627515729,shipped,2018-03-26 12:45:46,2018-03-26 13:08:23,2018-04-03 17:44:24,,2018-04-18,497e078a402138e3e51884ebb29e34d6,2018-03-26
ba75e370e47503142da34eea6301546a,dc6ab71bcbf17b38e8702924f379b68a,delivered,2018-08-14 20:14:55,2018-08-14 20:25:26,2018-08-17 13:53:00,2018-08-24 17:08:30,2018-08-30,b5d391e8447d5ae0f8b852be83249e07,2018-08-14
b9ae8347ff0acee82f6bc8eea0067eb8,22ea83979016274d205e3d7b6c5a02cc,delivered,2017-10-31 12:35:31,2017-10-31 12:48:18,2017-10-31 18:32:36,2017-11-01 15:05:36,2017-11-08,b71fce0db5af4d0ce9ba1f219cd52acf,2017-10-31
69673f2942f230a76d45815ea310fcc1,430faa4c9224e8d08dd34e09c3daa1b8,delivered,2017-04-03 21:27:12,2017-04-03 21:35:19,2017-04-05 11:14:13,2017-04-11 16:16:32,2017-04-26,6292603dec902259a5c333f58109da24,2017-04-03
f811e0db5991b2b39a1fe8a057fc6f96,22ba5f25614614247dce2c95a3c4f208,delivered,2018-03-17 11:07:24,2018-03-17 11:28:48,2018-03-24 15:54:45,2018-05-05 12:58:40,2018-04-13,e4f218d824a59b96c4399ad182327138,2018-03-17
4a89e6eb1bda97d56896581b1f3cb740,ac726fb9d92b7260bdf8282feac6382d,delivered,2018-05-07 15:19:53,2018-05-07 17:17:12,2018-05-08 06:32:00,2018-05-22 12:08:46,2018-06-01,aedde36d02c30b75047d587c10d71b78,2018-05-07
fc0c50f90120412d596dbda411f6fbe4,763fec41ac35eed4b9daa4124d4deda9,delivered,2018-04-19 13:15:35,2018-04-19 14:30:50,2018-04-19 23:48:32,2018-04-26 22:29:33,2018-05-15,00d012266be1430eec790d0f405a836c,2018-04-19
b3a8fd762c98dce0277b24a7dd8cdfbb,67bfe13c22b0ab60b3ba1a602aa55b71,delivered,2017-03-16 08:58:14,2017-03-16 08:58:14,2017-03-17 15:18:56,2017-03-22 16:43:37,2017-04-04,071fb07419a29c8ba143831082e0320a,2017-03-16
75a2e2da21f649f4801aa47bf518be49,47bf1bff38af6287f6749bec13383f37,delivered,2018-03-21 15:00:45,2018-03-22 11:35:24,2018-03-23 21:43:55,2018-04-03 22:11:03,2018-04-19,70e53f10815ab45ad410390a7dceaff3,2018-03-21
93dceeb33abaa33342dc05f8a495f2a7,9f98e5589a2af1344b2ead14cf9c455f,delivered,2018-03-13 21:54:21,2018-03-13 22:10:51,2018-03-15 21:56:29,2018-03-28 14:42:31,2018-04-27,55e1bc4d2f5db05ba77f4a843cf95cf6,2018-03-13
db60e394992598875152973b766b89b0,cae6bf6f0e7c53141fd9e62a44e8f4a5,delivered,2017-12-02 19:27:57,2017-12-02 19:37:44,2017-12-04 18:23:54,2017-12-06 15:25:06,2017-12-20,9f0d211a0fcd270d5c9397220d318cd3,2017-12-02
a28f6c9d0933acd34c3ae149cc537b65,93a449c8c999a89f29461ea0d7dcef4b,delivered,2018-05-15 17:42:46,2018-05-16 17:57:36,2018-05-18 13:22:00,2018-05-25 18:52:39,2018-05-30,3982801e677454880784b1344f467fd1,2018-05-15
57d0f29d2d770802ab8e393778fc9052,9eacb91940312f2ff79fef11b622694b,delivered,2018-07-16 15:30:37,2018-07-16 15:50:21,2018-07-18 15:41:00,2018-07-27 12:44:37,2018-08-15,4f8959e75186c78246b83bfb4219e419,2018-07-16
79a05edf91062a44fa6e79b0f6bbf308,3742a49f285efd976914215fa73e4baa,delivered,2017-08-17 20:31:28,2017-08-17 21:15:23,2017-08-23 13:50:17,2017-08-28 18:06:01,2017-09-21,56943551a46246bfe219f410318d6747,2017-08-17
ae1fecb2cfb176ba7c1d0feb3aabcbfe,0b9bceeae7e86e91ccf6f30fd63ac857,delivered,2017-10-21 16:00:40,2017-10-21 16:14:23,2017-10-23 22:07:52,2017-10-30 17:27:51,2017-11-17,5c11dd5878243edd7c5766b8d7d35d8f,2017-10-21
1d8e763e8c1932624e855ff0c5240d02,ce81857f083f69b2138d01598cc284cf,delivered,2018-04-24 09:10:20,2018-04-24 17:48:01,2018-04-25 00:19:22,2018-05-18 03:12:15,2018-05-21,04f62ba718dc51babd038cc7ad9f20aa,2018-04-24
c0c876d98ac48f4ddb75a5645f6f5016,99a377f3bfbb3b62c50282a74ef60580,delivered,2018-02-06 15:14:10,2018-02-06 16:11:41,2018-02-14 18:27:05,2018-03-05 22:43:31,2018-03-02,657672c97a01b0aa5d8d417e75a57f17,2018-02-06
86cd6336fbcfdf0879fa120a60b8ee28,368acaa62ae2f7339d7a5a1a9ca82232,delivered,2017-11-21 15:00:33,2017-11-21 15:10:28,2017-11-22 21:36:36,2017-11-30 23:33:05,2017-12-07,1fc8e386f8ef871047d1da7b062ddaa2,2017-11-21
45beee86f9309e732ea650d21add5269,38ca609e3a5351044a410087a76d25a9,delivered,2018-04-18 21:21:32,2018-04-18 21:35:17,2018-04-19 18:37:55,2018-04-20 10:47:53,2018-04-30,15ccb6cfc415dd700bbacb94559a1643,2018-04-18
9ff3e241540e425f38d0d2d2ba90bbfb,0df14460b658637bd8c5e4e984283313,delivered,2017-07-31 15:41:07,2017-07-31 15:55:12,2017-08-01 14:23:21,2017-08-08 15:42:56,2017-08-23,04a12bed646f8f1448a6afb8c35c5fec,2017-07-31
1dc00931526c6633db6df2a5f862830f,6e20bece97c49a1acb50dd8a05c0220a,delivered,2017-04-10 18:11:16,2017-04-10 18:22:38,2017-04-11 11:34:22,2017-04-19 14:05:47,2017-05-02,66c9d27d8fe7e2ffc74e1179ff66b3af,2017-04-10
6b87336da12a7508327bfe1c03855707,751bc71f149030dbe504e77bcf24000b,delivered,2018-08-08 16:54:04,2018-08-08 17:05:17,2018-08-09 15:54:00,2018-08-13 22:12:36,2018-08-23,d8dc373219d0f95053c8d65df85a7f1c,2018-08-08
4cae8f063630ed7e8cac158618f1c83b,9de4d816d8f902680ce581950b0a7eb7,delivered,2018-01-09 21:34:31,2018-01-10 10:32:24,2018-01-13 02:42:05,2018-01-17 23:21:15,2018-02-01,35081d48d94ad78947524b80e4d869e2,2018-01-09
0cd778893772d400d2ad0a7d2feda5b8,1bab05433ef18b837f0fad9e3c0fc2a4,delivered,2018-08-13 12:37:56,2018-08-14 04:30:10,2018-08-15 14:16:00,2018-08-22 01:49:36,2018-09-04,7971eb2f207598bc37e1cd44a7d8dddc,2018-08-13
42a212a14fd3e3b7e9c8245a00e35369,1aa402090c81ae32f4a46c5ebbf55a07,delivered,2018-07-26 13:37:11,2018-07-26 13:50:54,2018-07-26 12:52:00,2018-08-01 20:02:09,2018-08-15,2e38c5e27223e745e98f309754212d0c,2018-07-26
62f3b85438e9485d84c4940776f9ed67,0207cb4b78c07d93bd1a82443c2dbaea,delivered,2017-11-18 21:14:55,2017-11-19 21:10:28,2017-11-22 14:18:06,2017-12-02 16:05:09,2017-12-08,56c6c0d4f530ead7bf112a82eb588b62,2017-11-18
8ca67a00cb1a96ff0c0fee5dae267e99,2a98e9f57e5c66f9c4f12eb25f6ca6f2,delivered,2017-03-04 11:39:18,2017-03-07 03:45:25,2017-03-14 07:54:02,2017-03-20 15:08:14,2017-03-27,40827da7ee4d0f486cf722781a36eab0,2017-03-04
4bbd33a0def862d1273f79f0fb4d597a,ba7e1e959b775b9f00b4dd4fc937d607,delivered,2018-06-12 09:15:43,2018-06-12 09:40:35,2018-06-15 14:43:00,2018-06-26 17:21:06,2018-07-11,bbc0f6a39f5276b4b836d70e8fa12ca0,2018-06-12
e8a7971efe578b8e5a140c59f190c52b,70b6f7d1c71cb3a1449da5a4fe5a8d02,delivered,2018-08-01 20:07:43,2018-08-02 14:55:13,2018-08-06 07:16:00,2018-08-09 17:27:37,2018-08-24,867bd5d847441c4437493b52f60cca6f,2018-08-01
4766e711723e6e3454fc7a6809464336,21026fe7ad0685000278df7ac7f6ca7b,delivered,2018-03-24 18:10:33,2018-03-24 18:27:19,2018-03-27 11:34:41,2018-04-03 14:33:22,2018-04-12,cc7e519bf9f1413de89ef37a8bee1a6a,2018-03-24
1f61454f0be6c852699c3711101eab74,0470a8d9b6a4161506860bbd6256fd0e,delivered,2017-11-12 20:29:28,2017-11-12 20:46:17,2017-11-21 19:42:36,2017-11-23 19:50:13,2017-11-28,9e4c21635f640562de1a6976374fba03,2017-11-12
b44d71edad65f41824d2e177470ef8f6,ad29d9bb283d87e61e190d40bc7bc15b,delivered,2016-10-10 15:23:51,2016-10-10 16:02:57,2016-10-21 18:02:55,2016-10-24 18:02:55,2016-11-30,33fbcb38d3009eddfe53b3063c642959,2016-10-10
727a51d784105f91883012d7a797fcc0,0f2472966982432136bd3dc7098d5bde,delivered,2018-02-08 11:17:55,2018-02-08 11:50:36,2018-02-16 16:41:37,2018-02-22 13:26:53,2018-03-21,58e1140fb8f15f1a010d01a34bfbf77d,2018-02-08
e92495a2d1ba8587502a3cb99e5325e7,87ca5da35d1391b71529cd0203f45f26,delivered,2017-08-22 17:22:35,2017-08-22 18:32:15,2017-08-23 18:35:47,2017-08-25 16:40:21,2017-09-14,39221ea014de9b3dfe3c6609eb6c6ff7,2017-08-22
bcbac60ca25886440827dba070e303c7,ead9975d982af12749c01f2d1e5dbede,delivered,2018-03-17 10:45:46,2018-03-17 10:55:26,2018-03-19 22:12:23,2018-03-26 21:07:31,2018-04-13,ab74368eb3826f577cde3bd3c9a27b92,2018-03-17
20643f3f5e6c738074425d5ea256551a,f8c4a8218238f0c3c87d39cb27c00593,delivered,2018-03-31 21:04:40,2018-03-31 21:15:15,2018-04-09 16:14:52,2018-04-19 00:28:37,2018-05-03,7205d0e91463af8c4d0fb5a7ac8b6487,2018-03-31
eb659e24ed654c43d1e9b8b13ba04f5f,114160a5c0479d82ba49213e40a690c7,delivered,2018-04-05 08:02:41,2018-04-06 03:28:22,2018-04-07 00:26:34,2018-04-09 14:32:33,2018-04-30,8d86e2d560f5ddbbd6354523017a492d,2018-04-05
4a285271de93865d4865f3cb399ec41c,c989620b1ead42384a4e2c8ea666ba5c,delivered,2017-04-18 23:38:18,2017-04-18 23:45:22,2017-04-20 12:03:53,2017-05-03 06:55:43,2017-05-10,21505f8cb73895352121dfbebdc67ae6,2017-04-18
31aac8ab69f5fdbc7c0ae9b6e1beee30,25830ba171e2e612b4f7dc8d2df58308,delivered,2017-04-27 15:54:24,2017-04-28 11:46:43,2017-04-28 11:21:52,2017-05-05 15:24:47,2017-06-02,f9fd88cbf7517eaaa81dfd3250d36014,2017-04-27
09ebfabd9f6552771f5d90e099fa0738,648bbd07536c67c93bef21abe6da8e51,delivered,2017-05-08 22:53:56,2017-05-08 23:05:17,2017-05-11 15:47:53,2017-05-17 09:23:54,2017-05-31,e33c1e6783d4f961fadade9465a511f5,2017-05-08
b6dfaa6e9eb8b7356276c90969376f51,28f35c0280cb2d277371b827981cd8c4,delivered,2018-05-18 13:29:09,2018-05-18 13:54:54,2018-05-19 09:02:00,2018-06-01 13:54:26,2018-06-05,cc22ee560df02b4c4f088ac4233fa87d,2018-05-18
4fe68e1b224989d596e61f2fcf892012,c22d019fcaaea90eb321c0e08f9e7d51,delivered,2018-04-07 17:35:00,2018-04-07 17:50:10,2018-04-09 21:06:38,2018-04-13 15:48:49,2018-04-27,2b43208d8d2b9853fa567f9f29585457,2018-04-07
d4e27dc356ca647fd39f91affa4feb89,30f83ded5a1d46d831783b7f5ab3927b,delivered,2017-05-19 17:44:16,2017-05-19 17:55:11,2017-05-22 13:18:05,2017-05-31 06:22:02,2017-06-12,3d49f761e44ebebcb158842823225597,2017-05-19
87939211002bca774df103ab153b62d2,df0b266e9bce9cf438ee15203a72338a,delivered,2018-02-05 15:05:48,2018-02-05 15:16:03,2018-02-07 21:36:42,2018-02-23 22:52:43,2018-03-05,46a15f021b84cca56b04ec5175dd9124,2018-02-05
0c4efb413bce2d4e4985bfd63bb0bc49,77bc76d7d24087d5c8fb9d47ac288562,delivered,2017-12-04 23:14:05,2017-12-06 02:50:38,2017-12-08 14:53:20,2017-12-18 20:24:51,2017-12-27,778e15bcb99f09e7f379ebe87cf4ff7a,2017-12-04
4665a66ed8a60266a8b2f3d4b7e17cb9,9e73104400d0ddbc16850901891c7eeb,delivered,2017-08-03 11:00:57,2017-08-03 13:45:07,2017-08-04 18:57:59,2017-08-11 18:35:42,2017-08-25,cea01a9cfd5c0493fa5aa04ae0ff1ba5,2017-08-03
3c1c18de3b4459c8116a23272c4599d1,b5c36e7b16994772e98044915c5cdd83,delivered,2017-09-24 23:09:09,2017-09-25 23:27:33,2017-09-26 19:27:42,2017-10-11 20:07:53,2017-10-20,0c3ec7e66831c41ad17f2c5488224174,2017-09-24
6e1979943e76d1c5dd345f34790c5dc0,f1f213fc2d98543b4d7a34d72754f880,delivered,2017-09-23 12:49:13,2017-09-23 13:04:10,2017-09-25 15:58:14,2017-10-03 20:40:23,2017-10-27,11f4e46d548c0f96c60475576a0f6636,2017-09-23
cc2f534a432b33d1e7e67204ab44f662,db969fad91c6771c8617e1a89aa6d810,delivered,2018-07-28 23:32:39,2018-07-28 23:45:09,2018-08-02 08:13:00,2018-08-14 17:21:27,2018-08-30,da3258a80458be49ca080428f6b88a25,2018-07-28
802a4ce6a0333eb94effff686abc8f27,77d20cce54e3b6b20b7207081077b084,delivered,2017-06-06 09:24:17,2017-06-06 09:35:15,2017-06-08 13:36:27,2017-06-21 17:54:39,2017-07-05,d45296ae6c08dd80fa1661b58e04ae88,2017-06-06
9cca82f566f14878d871fcf5cd0125e3,0c514e0396feddf312e4522c38c22247,delivered,2017-09-20 17:10:13,2017-09-21 02:45:35,2017-09-22 18:33:37,2017-09-25 15:39:13,2017-10-09,e5924273da1045d026a81bcb116086a3,2017-09-20
f5d54f3d6cc2c7125dc1de8888ce8975,7f18a55ab36bb9522b71a169132b049a,delivered,2017-01-20 19:18:03,2017-01-24 03:45:39,2017-01-24 15:02:13,2017-01-30 11:51:55,2017-02-28,c4a6d90ff659b1fc7a16bb0681f2afa7,2017-01-20
3045cb6b74fcafec7c76248f1737b73a,6000951601e16e89bf2430485e01f796,delivered,2017-08-26 17:22:05,2017-08-26 17:35:39,2017-08-28 12:59:56,2017-08-31 19:53:05,2017-09-15,568836b4c3ee7ad0d8443b3cc87e63a7,2017-08-26
3bad88adde3b0947e92cdeca75800f58,c2b189b3302f679b82b0ebb778292f0c,delivered,2018-06-28 11:35:44,2018-06-28 12:31:10,2018-06-29 12:07:00,2018-07-12 14:28:36,2018-08-02,4df708cabf0d092e540230827dae04de,2018-06-28
970390fb495e959776145e1bfe58de8a,4dc18367d91f3e5a8676608d536153cc,delivered,2017-07-30 22:02:19,2017-07-30 22:15:18,2017-07-31 18:39:54,2017-08-01 16:42:16,2017-08-11,4c7f41503df960572846b0d22810e2dd,2017-07-30
0f503b220e9d1fd78562e41a427a0c6a,3810ae52bde69bed0acd162b5c18aadb,delivered,2017-09-09 12:12:43,2017-09-09 12:25:21,2017-09-18 19:27:42,2017-10-06 22:21:51,2017-10-02,0beec065ce2d16d3a8dbb22b87cf4c43,2017-09-09
9ab7e83865799ba29a85d51263a137cd,c70629e28f9196e2b7b939613b1279f7,delivered,2018-05-03 18:38:54,2018-05-03 18:55:41,2018-05-07 13:10:00,2018-05-11 21:15:05,2018-05-24,e568685b57089a4602f3a470c799b782,2018-05-03
1a5d21f44c73693b9930d0ca33a9d0b1,a21871375ed19fc3f2d8c62fdc75b9dc,canceled,2018-08-16 17:50:14,,,,2018-09-12,325eef70a26376c2e72c30925a5f8827,2018-08-16
a470f84c0f59a6ed8f6733031b7dbeee,8397372fbe2dd1038114cece54a82c04,delivered,2018-06-11 23:28:46,2018-06-11 23:58:33,2018-06-21 14:50:00,2018-06-22 21:18:47,2018-06-28,7f3a46953ce2db738113edcd7d7312da,2018-06-11
fc3443668654977029c4cc2ead0cc0b9,8b12706add8da11e0633415bf6def248,delivered,2018-02-01 09:39:48,2018-02-01 09:55:25,2018-02-02 20:45:04,2018-02-14 20:35:46,2018-03-05,ab243cd9e788d689cc822380f59616e1,2018-02-01
91d87f183dde318c03f68e1b1eab1314,2a5ec1cee7600fbb0290c0dbeb0870a6,delivered,2017-05-14 14:08:25,2017-05-16 03:35:15,2017-05-16 10:50:25,2017-05-19 14:29:42,2017-05-31,daa9b147ad28d9be3380a5a0d4c4f675,2017-05-14
20d07181f8cec8c3fa51212c7dd926ea,e327e6e9d4055f8fc881dbb6c9d838d7,delivered,2017-12-12 16:32:43,2017-12-12 16:39:19,2017-12-14 18:59:20,2017-12-29 21:55:03,2018-02-05,c51602484e19f0ed504f3999b43e6db4,2017-12-12
4be2cc8a10974da63ebe8651f2dcc5c7,2865cc1e26f68403d48e4b9fdf4e6a77,delivered,2017-10-12 22:05:51,2017-10-12 22:26:15,2017-10-16 14:04:50,2017-10-24 08:45:32,2017-10-31,3d4b54eda0c3dfae1e33310bd096c12a,2017-10-12
2c45397dc5512200c931a12dfd62b627,7c94ad571958671ff59db977cc541007,delivered,2017-10-05 17:06:49,2017-10-05 17:26:02,2017-10-06 21:58:41,2017-10-10 16:37:22,2017-10-23,a0ecdf0e5a3ac3e5dff239bea0950588,2017-10-05
83473068577d922cfe5ce5b7f409519d,56fe13450129ccd7960d4a2208eb56b6,delivered,2018-08-06 21:46:55,2018-08-06 22:04:39,2018-08-07 15:37:00,2018-08-08 16:08:52,2018-08-09,5dc2ad61493777c5321a48bae16bfa6a,2018-08-06
8567d0e0c41a3f32730d8d68b7a73d33,b2d11e9b51fedcbef949f55c89f4dc84,delivered,2017-11-05 23:08:59,2017-11-05 23:27:01,2017-11-14 22:33:13,2017-11-25 01:56:49,2017-12-05,fd6692516c7c9fbc14eba639f54339f6,2017-11-05
cd8d629b349458e7b1d5e13e5aa54a7a,d0f7dca23b4dab4053a883e0e88daeda,delivered,2018-07-23 14:05:43,2018-07-23 15:31:26,2018-07-25 15:37:00,2018-08-01 21:04:35,2018-08-15,6914885f4de2475f7de936f8f8c41a78,2018-07-23
8dc78af1cf59ea64fd1cbc09304b02c7,fd0050cfc15a4a9bb1f1bd0605bf5329,delivered,2018-04-09 20:40:30,2018-04-09 20:55:34,2018-04-10 19:35:42,2018-04-17 19:22:45,2018-05-07,58f4bc15aa0b7c2f0eaa33d62174423a,2018-04-09
688e9b5d6542594aa59ed0fad8be557f,3999c492cf5ba2461d5da388dbb28aa1,delivered,2018-05-18 19:25:00,2018-05-18 19:37:49,2018-05-21 10:37:00,2018-06-05 16:12:05,2018-06-04,da3e5886dc70e782ad104259cd8417fc,2018-05-18
d3b019b69082303782e91f315a23491c,1bc2adaa2667350db67c3a87d7a3b9be,delivered,2017-11-24 18:41:54,2017-11-24 22:11:55,2017-11-27 21:49:00,2017-12-05 00:49:36,2017-12-18,a52d4d2ffd124a1265165b9bc2c8cbbd,2017-11-24
405e31197c9ced1ce6839e8eb84ba10b,82699946fac8fbaec3cc3c36ad0312fa,delivered,2018-04-10 16:07:47,2018-04-10 16:31:20,2018-04-12 00:32:12,2018-04-13 17:13:41,2018-04-23,938de3ec351cd89fe06cc10f75c5fb90,2018-04-10
b3ce73d980953e0dfe24d815dc1210e9,fd9b1ede52597bfa03176164a24960f6,processing,2017-05-23 22:11:22,2017-05-23 22:22:40,,,2017-06-23,67a1b65cb06b0a6ba1efacb14969e676,2017-05-23
cac1850fae99ea24a8186fad4db365bb,c36cae233a8ba856a4892d8a869822c5,delivered,2018-05-13 08:23:22,2018-05-13 08:35:11,2018-05-14 14:23:00,2018-05-17 19:15:32,2018-05-24,f96655dae967c50d55ff1fbfb60adeed,2018-05-13
e7a494d97325d27783d2cb0baa6aef1c,666a3a364a32f94a166c761b82a58981,delivered,2018-03-04 23:23:20,2018-03-04 23:35:32,2018-03-05 19:56:40,2018-03-06 21:58:25,2018-03-15,b6d1fc947fbeea2a767e2544ba8b5ad2,2018-03-04
8000f59ee550d96d1bea2af205da4cd9,e8ef960312f461572145df65f501f80a,delivered,2017-12-16 23:35:03,2017-12-16 23:53:15,2017-12-19 22:07:01,2018-01-08 15:00:07,2018-01-19,55954d0157e12e3284be75bcf04dc088,2017-12-16
029e9be2972cf662f2cb336e98872ae3,3c420d15857f754a4d41196173c9f412,delivered,2018-04-27 23:20:59,2018-04-27 23:30:51,2018-05-02 11:12:00,2018-05-09 18:38:43,2018-05-21,b8d541667dc3a5f7532d50b707baabb6,2018-04-27
883915e4c377d6f9192fad3ae5d4374c,65587a73fe6ed4b379bdbf1f27f95bb3,delivered,2018-08-17 10:28:31,2018-08-17 10:49:28,2018-08-20 13:33:00,2018-08-21 18:56:41,2018-08-23,afb67883736c4bfd7bf65d0a1bf6d372,2018-08-17
45ef0cf6b60d59760bc550fe33d12570,9ad2dc0ac86b57bd7f878fe94ee810c2,delivered,2017-09-12 19:07:59,2017-09-12 19:24:33,2017-09-15 18:35:06,2017-09-25 19:05:36,2017-10-18,39b9889bd17bc241ade364ee15bbe74c,2017-09-12
ddfbaf4d75ab8f1a0db775cb0dad0e6e,63fe8fccdb34a846d19bea32463008e4,delivered,2017-03-28 15:27:29,2017-03-28 15:35:20,2017-03-29 14:42:06,2017-04-11 16:52:32,2017-04-28,ee38ebb9735db2494b41d0c46b900f3d,2017-03-28
838e05e4f58ba2fc4a4fe39bcbdc7284,47ef435dfe068181264047c1a392584a,delivered,2018-04-12 15:20:03,2018-04-12 15:35:24,2018-04-16 19:07:29,2018-04-26 20:33:16,2018-05-16,397c24b06740a0578e1e4ef14ab7dc4e,2018-04-12
fb3579e233140aac61c80d50536941b4,818605a3fbfb79fc9fd17d61dc159018,delivered,2017-09-21 08:13:45,2017-09-21 08:26:17,2017-09-26 20:28:34,2017-10-01 14:14:46,2017-10-06,4494a5479e0262f59a2338001bf1222c,2017-09-21
9c23c901b928e02774ae74f0100f30ef,f12e117de2a2175d17afd805f61bbbf0,delivered,2017-12-04 09:36:32,2017-12-05 11:29:54,2017-12-06 13:52:35,2017-12-20 18:53:42,2018-01-02,2cd91d20600e5a0d39c9fa9c60528a34,2017-12-04
81475b047da69f6518ba1e586ef0f92b,cfefb9250ee211b7d9b34b928d232796,delivered,2017-11-24 18:07:43,2017-11-24 21:34:25,2017-12-07 22:48:47,2017-12-20 00:22:38,2017-12-20,276c3e8e20e4e17c0bf6d4dc9d68ea91,2017-11-24
76470594c180d77030ca422085253493,9c4d3e9cdd1645fd30ac9f6332c93285,delivered,2018-03-17 17:21:47,2018-03-17 17:35:51,2018-03-19 18:46:52,2018-03-21 20:49:00,2018-04-05,f320bef0dce34c40360727d9b18ef4f9,2018-03-17
599cc8757abf10de056680e4b66187cc,0a03a6a1d24de1a847f6a8a26d5ab014,delivered,2017-04-27 22:01:14,2017-04-28 12:53:53,2017-05-02 07:47:40,2017-05-09 14:17:02,2017-05-29,cf587ddafc6594d449e7c643883a7aab,2017-04-27
7062eab93cccc51550b18e1787e7b8b1,61c16c9d460fa52d535e304bf907ee31,delivered,2017-05-31 12:41:01,2017-06-01 13:10:24,2017-06-02 14:39:32,2017-06-07 15:52:43,2017-06-27,f2ade61ba9894b05ac9170d7b22c6098,2017-05-31
30eeb34e0eedff2e265d8e144a3b8c51,862f143bc3949d8503d8e96621b112ac,delivered,2018-05-03 11:45:49,2018-05-03 12:35:37,2018-05-03 15:30:00,2018-05-15 17:32:31,2018-05-29,2491ed27009b12086d31b24ed00a0782,2018-05-03
e34a6ebdacb6b70e573e1e3a2a97a1f4,f174ef355ea4aaf8b3cc746ac5972da8,delivered,2017-10-11 19:45:50,2017-10-11 20:05:55,2017-10-13 18:27:33,2017-10-20 19:23:05,2017-11-03,25d02cc50292101f53f0120b3c313bd9,2017-10-11
fd174ef3d3535971d1bea4398b2248bd,d9f96b6e191543c352d24e69b251af91,delivered,2017-09-20 20:29:14,2017-09-22 04:32:50,2017-09-27 19:09:13,2017-10-08 15:18:47,2017-10-17,b9088fb03714d4e9b5c1a99f0f9d1b82,2017-09-20
6ffb3f1686bceae3466facf7e02ce3fb,0bb18eb234e80c2f203cac31f9b03078,delivered,2018-01-23 20:15:12,2018-01-23 21:20:27,2018-01-24 22:55:29,2018-02-14 18:48:51,2018-02-20,35fd26e0b8e2aad867717d6e3227fc9d,2018-01-23
1539c0a503a87cb20a5d11a435149b2a,3d86355baeb91ee332daa6a7299b4280,delivered,2017-06-13 16:38:14,2017-06-13 16:50:24,2017-06-16 16:02:39,2017-06-26 10:03:43,2017-07-04,f60fe3cb5de099b3055c4cefada6c1c7,2017-06-13
bb6b0cda2ad6b1af261188c55a57550d,a2b04cadccfc3b95ff49974295621275,delivered,2018-01-07 18:47:29,2018-01-07 18:54:46,2018-01-08 23:04:26,2018-01-24 20:03:18,2018-01-24,243a13817da930ae2d53ec46b181a2ec,2018-01-07
4b36c120a0c6045f851737d51653a036,19a4b3431071ef0088f9891c3fb8278a,delivered,2017-04-10 23:40:48,2017-04-10 23:50:15,2017-04-13 13:05:50,2017-04-18 12:18:24,2017-05-04,cc82b8a8f2d47545f918781240432edb,2017-04-10
c9d67cf174e14fc88f32b39a0201230f,4e141336d1cdaa93513480ae3b553feb,delivered,2017-12-29 17:42:12,2017-12-29 17:53:24,2018-01-04 14:36:30,2018-01-21 19:22:56,2018-02-02,9dd10d285fcd99dcd56a053b94730014,2017-12-29
17819d04603c3b79c2865e8a4d24a7ab,a57f56b2df041bebdd0c2efdfb1cbfed,delivered,2017-08-05 11:20:48,2017-08-05 11:35:15,2017-08-07 20:32:36,2017-08-09 12:57:14,2017-08-21,637cd4a8fa1c919744993c63a94aee39,2017-08-05
4418075144d646b6ecb7228571cec59e,957eb9ed2b71b5439f68a865a736de0d,delivered,2017-01-27 17:39:36,2017-01-27 19:31:12,2017-02-02 15:55:50,2017-02-16 16:21:34,2017-03-24,a78e22cba17a2973cf70d283b4119b5a,2017-01-27
c30c32ccb820fc222d87bc0ea8b6eac3,183d6ae59de08a9f3a67e15c9eb6a00f,delivered,2017-08-08 01:49:02,2017-08-08 02:03:42,2017-08-08 19:42:10,2017-08-22 20:43:42,2017-09-01,16af33547f0bdd828eeff2bb6c38b481,2017-08-08
92c15142e314731cebdb5b1cd25962ac,003ec17a1389fa302f3a0423dddd8650,delivered,2018-01-14 17:25:31,2018-01-14 17:36:34,2018-01-15 23:08:56,2018-01-20 00:12:41,2018-01-31,1b6e96ed99cb8d135efe220d761bbd67,2018-01-14
b68bc5e23953ce5d6eb6fd2fc3055763,8901c3b17ec32af7630fe1d96955db36,delivered,2017-08-24 15:22:24,2017-08-24 15:35:15,2017-08-25 15:53:49,2017-09-06 11:39:57,2017-09-28,4f06601f976483d7d1669f22ea9fc060,2017-08-24
4641a7999ca05850ee60509c213dc8ac,a7ff2f7795c7e202a24fc881252112bf,canceled,2017-11-20 12:48:37,,,,2017-12-01,b0e767504f2f0d8ca90aa40c785d008e,2017-11-20
49a76356bba249478a61707cb37319ea,59eb71336fbb39a683b38f0d1b9f21a7,delivered,2017-10-17 08:43:45,2017-10-18 08:49:09,2017-10-18 14:49:07,2017-11-04 00:07:26,2017-11-21,540f29d5ce58ea2f58640e0d40795ffd,2017-10-17
0eaa4845a6182d6b72de720fb976abd4,4d7f34d701f198e39e1c0cd92c3ee12c,delivered,2017-01-17 18:44:09,2017-01-17 18:55:20,2017-01-18 10:55:18,2017-01-27 12:13:56,2017-03-07,430e6e24b7e95282f6e8fb4299a63082,2017-01-17
6b62e2b730a85cfa0ed45351bb31291d,2741335a5e048d897020cbc09e5fd9b5,delivered,2017-10-02 16:40:50,2017-10-02 16:56:38,2017-10-03 23:33:00,2017-10-17 18:17:20,2017-10-25,880309a29270c86cc9e80de91db38d8f,2017-10-02
b345195f4b87a06b90abe651081fb600,b3f30427aed5455987b08a3c0ca81bc8,delivered,2017-08-09 22:57:52,2017-08-10 08:55:20,2017-08-11 19:52:27,2017-08-24 19:43:37,2017-09-13,0c74eba5955c3d727f95d5b050e9e938,2017-08-09
e5cba854ed90614d4334d4c5fa4fcbcf,5bf7405054f31da473e0a6cbaaf127d5,delivered,2017-08-16 15:12:33,2017-08-16 16:25:18,2017-08-17 20:17:33,2017-08-23 18:42:38,2017-09-05,fbc2149faf1f9831344c2ed817b8725c,2017-08-16
2d288e83d37a0c4589564d5b679693de,742b152faffd75c6805b67df287f2c15,delivered,2017-10-23 19:55:54,2017-10-23 20:14:43,2017-10-25 17:46:22,2017-11-01 19:33:48,2017-11-14,4075675c06e08a380daf50d5e0ddba78,2017-10-23
d1e0a6cc55d1db3058bb6803fc08ccc3,5d723e545d7fa13747195838b1408c15,delivered,2018-01-15 14:03:20,2018-01-15 14:11:18,2018-01-17 02:28:41,2018-01-18 18:49:55,2018-01-30,94b261ad1cde1a0c01e9e155c9474072,2018-01-15
d1ee4bc3ffe8a30f23ecc003e76f958f,1d6de342db49ad620ae9d93fd3010cfa,delivered,2018-03-05 10:16:46,2018-03-05 11:00:28,2018-03-06 23:38:49,2018-03-13 18:21:40,2018-03-28,4816a7cab23108db0c8d2ae366035a0a,2018-03-05
411753995b9d6dde2c840f9b96ad946a,dbf9a1c59cf0d00800719b3c51ca2e45,delivered,2017-10-13 21:25:29,2017-10-13 21:35:18,2017-10-18 18:02:41,2017-10-20 18:53:05,2017-10-25,95687a1b3a6692a4c5efa67c8af9136f,2017-10-13
5471298c2cafa3ef73e2eee59a5a9f4b,b41ae94503388788862a0cada283994c,delivered,2017-03-16 14:20:09,2017-03-16 14:20:09,2017-03-17 03:05:50,2017-03-21 11:24:03,2017-04-04,ab67ca10ccc2c0f7dc96c1f2fb1dad9b,2017-03-16
621b885e17980cd76471b8414029617a,5d5577005dbf8ce00f7edb417650f2b6,delivered,2017-07-21 13:24:01,2017-07-22 09:10:18,2017-07-24 15:52:03,2017-08-07 12:22:27,2017-08-24,0228e299d1cabeaf9be64b5ccd784c97,2017-07-21
e803d4e56a315a38eb3a6d339b02278d,73723e9dddda63b50fc0c9afc46f9bee,delivered,2018-07-01 09:21:57,2018-07-05 16:14:56,2018-07-05 14:12:00,2018-07-10 19:03:07,2018-07-25,dc4ece065a1fe9ac265d3908bc3e88e6,2018-07-01
412dad94b112337b7416c24b70ad8ee6,6d134f9f8bf77b2e7da24b15754cbf28,delivered,2018-04-30 22:10:35,2018-05-01 03:32:37,2018-05-03 14:47:00,2018-05-09 21:12:59,2018-05-24,4a25960170e665848bf0c39a21577c14,2018-04-30
788fdf598d5dbd1de9c4865b1b1824bd,1700391c8dfc8bd005f553a061675982,delivered,2018-08-07 19:38:33,2018-08-07 19:50:16,2018-08-08 17:05:00,2018-08-09 21:40:54,2018-08-13,e15512b4dd34095c4d8a1cb1c38766d8,2018-08-07
8ccca2b704c41f41ce4d2f2602031691,7d68d1471b39c21eaa8caf3165278f8e,shipped,2017-03-16 11:53:10,2017-03-16 11:53:10,2017-03-21 08:45:36,,2017-04-19,0367c6792c94ca4c5f82d7375098841e,2017-03-16
413161628976daea9b5a74b5f93fe767,70bccc2f0d3aafe8a9fcadac4af9187b,delivered,2018-03-18 11:52:40,2018-03-18 12:08:12,2018-03-20 23:12:00,2018-03-29 01:18:53,2018-04-11,882a0176c20607514679530f9f9d3a6d,2018-03-18
a0f9acf0b6294ed8561e32cde1a966bc,4851b3bca4a48b395dfad7aa57c3f72a,delivered,2017-07-27 15:11:51,2017-07-28 15:23:46,2017-08-02 18:32:34,2017-08-31 20:19:52,2017-08-24,33449409b16400dbeaf886a5140bf59c,2017-07-27
5a4622fea27ea392ef817c16c9aa3da7,08cf49b41940b8f8ac1e677b262851de,delivered,2017-11-20 20:12:17,2017-11-20 20:28:56,2017-11-21 18:19:40,2017-11-29 22:12:39,2017-12-07,85cbd4848d88ce531526c50a0139c35e,2017-11-20
9de2a2221c70367c014ab770286b3c31,544ea8ca43bb67842ae971f955d67f7e,delivered,2018-01-04 19:09:36,2018-01-04 19:27:57,2018-01-06 00:04:37,2018-01-06 12:27:02,2018-01-24,8205a33f65af4eb00fb8a171ef99b481,2018-01-04
09f2c6e797b432724b3a123f1ec897bb,c08a028e3cf76efe09f3ca8526ea2dcb,delivered,2018-02-15 16:10:26,2018-02-15 16:26:39,2018-02-17 01:08:13,2018-03-23 18:08:28,2018-03-07,e3f45535d368b824364ea91c9f8003fa,2018-02-15
41953608ebba26ffc747bfd944c6245d,b1072d62bc4318bf70d81aab42b638ca,delivered,2018-07-19 13:06:09,2018-07-20 04:55:23,2018-07-20 17:45:00,2018-07-24 20:08:26,2018-07-27,fe59cf598a1ac9690d2fb783d3eae75b,2018-07-19
5602c7ec0703c496d76b3e8d812b150d,61dbac8585e5cb789947090f1395825c,delivered,2017-05-29 19:58:26,2017-05-29 20:10:13,2017-05-30 12:01:51,2017-06-05 14:42:47,2017-06-23,29b4050c0a2859c145859bb74ac03e0d,2017-05-29
b2673ed6360dc341a4728dbd632f935b,acd30e8ac809a440f8a10918d0683a17,unavailable,2018-06-26 19:21:56,2018-06-26 19:35:21,,,2018-07-24,0bbb42a9ca8179ccfce14a11d2afe6de,2018-06-26
19ddb42a5be901faf63f0caa5cfbfd38,d918e8f6809326606a89bcf49a04419e,delivered,2018-06-22 13:13:36,2018-06-22 13:40:12,2018-06-26 16:09:00,2018-06-28 14:05:24,2018-07-12,7dd4e8dc5ce5ee85eb05634a38402b6c,2018-06-22
20ae21b63b409890b6f852c06d2458f8,151e77b720345c563348a887573e025d,delivered,2017-10-04 21:17:03,2017-10-04 21:35:11,2017-10-06 19:23:12,2017-10-10 18:42:49,2017-10-31,c53a541be3940854a0b879a856a071ed,2017-10-04
bd6437320f40bcdf9ea4b0e63bf00a8e,22024b665e2a6cea26c7d8da7c2a0757,delivered,2017-08-19 17:16:54,2017-08-19 17:30:18,2017-08-22 10:33:44,2017-08-29 19:56:45,2017-09-25,a5ac65b88e0686b1d56f826294ab97b1,2017-08-19
f26ba1ada1565890a3a7a1529858e952,693b539ec329fc7f7eac2bf96bdbf0aa,delivered,2017-05-09 08:25:08,2017-05-09 08:35:13,2017-05-09 12:17:13,2017-05-18 14:03:46,2017-05-22,ece481f3376a34b5e3cad2dfe8ee63f0,2017-05-09
a0819d5b3f3ed0dd5e6d4d852d51ff79,ac3260ec3effcade1e0b7ce67dc11269,delivered,2018-03-21 20:55:23,2018-03-21 21:09:02,2018-03-26 21:32:42,2018-03-27 23:51:11,2018-04-03,08e933796f2a5ea33adbb6be6180617e,2018-03-21
7529dd1778a9d75bcd367a8ddc1e9d14,04fe7d4311ae1d93d159f77fd513a91f,delivered,2017-10-01 20:49:32,2017-10-01 21:07:02,2017-10-02 19:12:09,2017-10-20 20:38:52,2017-10-31,fcf07074dc089a40acd7c7d5e7e8cf6c,2017-10-01
e86076594f76aaab01e5c99b1863fb50,6c4dbf4c2c9cfb6a9d7d8afd6b72072f,delivered,2017-11-12 18:30:43,2017-11-12 18:46:19,2017-11-16 17:55:58,2017-11-17 22:26:47,2017-12-04,a1c7f46643704bfe70239a680a3ce2f7,2017-11-12
92488b546fc879a0fd88f9294de828ee,f319269dcc6eb5135730d2bc516d0121,delivered,2018-07-29 22:16:11,2018-07-31 07:30:49,2018-08-03 13:08:00,2018-08-10 15:22:48,2018-08-20,5ee117899ac24cfbecfb13175f7884fc,2018-07-29
3789e9b1be0db55442c1ae8b24ab51ec,6d52fd2bb97581b9a3fd5998e06f5c46,delivered,2017-12-22 11:40:52,2017-12-22 11:52:29,2017-12-27 00:08:46,2018-01-09 15:26:21,2018-01-30,1c3a2bab6b3e18d65aa3923e2ec7b5db,2017-12-22
f1fc8634fad0f0a2b838c28a680deb92,f174b5ada6fc3e38a4c51cb9c77e3c4f,delivered,2018-01-28 11:24:39,2018-01-28 11:32:20,2018-01-30 17:14:38,2018-02-06 20:17:31,2018-02-21,5fa5c678f4d4461d97eaa1eb5be92c8f,2018-01-28
620955f27d3e918a0d703400e7a54692,6892fc610c58fef96c0d77c049870cb4,delivered,2017-10-02 23:27:38,2017-10-02 23:35:15,2017-10-04 20:05:16,2017-10-08 15:51:56,2017-10-25,f3df2b2a8593485885efc73fccfeeef6,2017-10-02
e87d63870bcff2f72abfc64454bfff05,da5edefc151065bf935b9bf2c412e96b,delivered,2017-08-09 13:23:18,2017-08-09 13:44:08,2017-08-10 19:09:48,2017-08-18 15:49:50,2017-08-31,5e7e68f3179b9818d65fc4cfbd8b43ff,2017-08-09
60114243c9bedbdafe9bc312bd608936,9340fee89818bd84d3a005f8fbfe5b82,delivered,2017-12-22 19:23:43,2017-12-22 19:35:19,2017-12-26 20:15:14,2017-12-27 16:15:46,2018-01-12,394ac4de8f3acb14253c177f0e15bc58,2017-12-22
03d7dd4730b71e0a310c9b30431c1961,da8dfb2660ba315e2a99e6e3aa2f5c10,shipped,2018-05-30 19:42:15,2018-05-30 19:55:16,2018-06-01 14:11:00,,2018-07-03,6b0ad7afbc264e61bc52dd2b345f8cd7,2018-05-30
25d3072dc56915e5a39b1b745be7e001,4f329f7d0bcdade895543c8be9036068,delivered,2018-04-15 15:08:11,2018-04-15 15:30:12,2018-04-16 18:20:47,2018-04-20 20:14:43,2018-05-08,3d824c079b1eb4ad1a691e4a7db649bc,2018-04-15
e36b754064ae37070ed35ef7a9fad5e2,55c26ac3861a19bc1c31c172accd5f16,delivered,2018-08-13 21:04:21,2018-08-13 21:15:19,2018-08-15 14:06:00,2018-08-18 15:48:44,2018-08-24,30697952688c6a8b53a9ac179089ca10,2018-08-13
a30d8838d122e0c839d5aadaa6753bc8,301b3278447e15614133d0b43196ebd3,delivered,2018-07-16 12:01:52,2018-07-16 12:15:10,2018-07-17 15:54:00,2018-07-24 19:48:49,2018-08-03,1a61345b59a3400f2c6bcf82238a8cbe,2018-07-16
45af011411986b48414c28e5be9b3632,034114dc2bf3002b8d1bad87a64e0ade,delivered,2018-06-20 13:25:15,2018-06-20 13:57:36,2018-06-21 12:05:00,2018-07-13 20:33:06,2018-07-18,e1fdb5606314f2f8741f94ea1f294612,2018-06-20
da99cd03d06d3800fdc9c43b1581507a,158f500dc97199224f2b80572814646f,delivered,2017-04-21 14:40:37,2017-04-21 14:50:14,2017-04-26 10:19:48,2017-05-02 14:27:57,2017-05-15,d3bbebdc135a43b1055c64b99fca7e53,2017-04-21
6940e87346db7bae9c22f3b52ea437be,ac2d501a519f765a4b944b5142a19a33,delivered,2018-02-28 19:21:17,2018-02-28 19:30:27,2018-03-07 00:10:50,2018-03-09 20:28:59,2018-03-19,7d1eb66fe2264dfe67bd847126a3eb05,2018-02-28
0d21189c5494d8288ee358b3b24f85b4,c0464fc43033013d56d9ea076ccf6065,delivered,2017-07-12 10:36:01,2017-07-13 03:05:23,2017-07-14 17:45:44,2017-07-26 10:39:52,2017-08-03,79a0f92707d15f8f5b3878e3aa16d5ad,2017-07-12
79825575fbf14d70f89cdf4643ff4e77,766b48fc8b09f103ef8f68e1dc6952b6,delivered,2017-08-11 23:00:28,2017-08-11 23:10:19,2017-08-16 13:16:36,2017-08-23 18:42:40,2017-09-04,a5dc5dcb9c9c2a5e615d296ef33aacb7,2017-08-11
e4d1be2964413777e6122970a3c1f675,acd301df4b0537d9a236a416b2efc9c1,delivered,2018-03-16 11:50:43,2018-03-16 12:09:40,2018-03-24 00:50:48,2018-04-13 19:13:41,2018-04-13,6af770a9a52cec73e7324676bc6e257d,2018-03-16
c711e1b54b085d35d928d9749be0497e,ebe9549e207a4ae52883511e4cb51f6f,delivered,2018-01-02 13:48:59,2018-01-02 14:07:54,2018-01-05 00:34:38,2018-01-09 17:15:31,2018-02-06,053ecb96d108806e8119d8738e4e13ab,2018-01-02
38812ede52a6842d03eb017fc2c9d92c,6c600072d9cb0bfcf713667cec62f67e,shipped,2018-03-18 16:33:25,2018-03-18 16:45:27,2018-03-19 17:03:16,,2018-04-12,e15b7e0a598ec5c1a4e156d656b01d80,2018-03-18
c632f9a8a1b942e306b0335429bdb142,552d0e5a44018a46a380e34ab1ddb6ba,delivered,2018-04-02 10:44:37,2018-04-02 11:09:07,2018-04-03 01:09:55,2018-06-09 14:49:53,2018-04-12,ac361705f4d9cd1028b21fa5dd7a2b30,2018-04-02
a5094cc262d3a6c524bd2614b0cd6207,a3825afb142aa6b241b448d37792caea,delivered,2018-01-02 11:44:07,2018-01-02 11:56:31,2018-01-08 14:44:29,2018-01-13 16:52:58,2018-01-24,9bfa4c70f6719eaea72980d2ae88755f,2018-01-02
5a87e8c67abd6328a86c6165a91a547d,c01b8d38e70bb40c4a1703933a095d15,delivered,2018-05-03 16:43:36,2018-05-03 17:31:29,2018-05-04 14:46:00,2018-05-16 14:38:21,2018-05-21,8b6d6506fe60ed7b4612246b89650b48,2018-05-03
5a87769ff430e7d1873e2bb9b3968af3,dd1a12426ed78bacc77fd02911ed1117,delivered,2017-09-27 21:24:27,2017-09-27 21:35:29,2017-09-28 13:58:08,2017-10-03 12:34:25,2017-10-24,cd92e3479a44768cff5131401bd9464c,2017-09-27
a975a4d132e3cd7cb429e0deffc7cf8d,931c557bb82dd84248fca50e15eab603,delivered,2018-08-05 13:45:33,2018-08-05 13:55:20,2018-08-06 15:13:00,2018-08-10 14:58:48,2018-08-14,d065d4fc3da2b2057b305622b849bff1,2018-08-05
3cac7f07562ea3955f478ce84e2f94f5,735f58d6534a91e80b977b2ae1ece584,delivered,2018-02-05 21:41:05,2018-02-06 17:11:24,2018-02-07 19:18:57,2018-02-22 19:33:37,2018-03-01,d281390520023b2be738c2ab1d8f00aa,2018-02-05
dcef8d5b70aaacd6bd89d0b649a95e8f,3f004d89b01cb576527bcc9149d4cc1f,delivered,2017-05-23 22:02:19,2017-05-23 22:15:14,2017-05-25 10:14:41,2017-05-31 08:42:19,2017-06-27,f258d690d96954a6841a1d19c75ebdb0,2017-05-23
ee604aa0fa0065d16fa19f49ca51ad76,d5570ec973698b3aabdc76b8e78b26d4,delivered,2017-10-12 00:51:41,2017-10-14 18:33:57,2017-10-16 20:33:27,2017-10-19 11:22:29,2017-10-31,56174dc0b2e7be60e98eb8ade429a0a0,2017-10-12
4db7592df9b6ac416a36fe91e06682ea,7d70fd59b16bee6236b91d30b91459dd,delivered,2017-09-11 15:34:49,2017-09-11 15:45:32,2017-09-13 21:09:54,2017-09-19 19:20:02,2017-09-29,116e59ee72f1f61bed3181b8a68d133a,2017-09-11
6fbe7b902dedc6669ba972b640f993d6,ce2b0d041ce769c1a4387a6e675b3d2e,delivered,2017-08-01 13:46:53,2017-08-01 14:03:23,2017-08-04 15:38:59,2017-08-11 17:51:21,2017-08-31,c5f59a485277e53f067ae5659eba223d,2017-08-01
304137040eac6e7582eb945e3f347120,3384115feb88ac6ec6294086d0345836,processing,2018-01-05 12:18:07,2018-01-05 12:27:46,,,2018-02-05,683cda1913456fb0cca302892b37a052,2018-01-05
d229d9c8f88ad9cb25a36803dc7a9a90,eaeedf2d64cd4ccbc74ade9c879ea06e,delivered,2017-07-17 11:44:41,2017-07-17 11:55:27,2017-07-18 20:25:57,2017-07-25 22:30:11,2017-08-09,e810846e98d363bad11731993ef4adcc,2017-07-17
f80f1384081e853ae3bb03c6a87a4bbb,0a8590845fd49614cc44c39969900ac0,delivered,2018-01-21 10:15:13,2018-01-23 03:37:56,2018-01-25 17:48:50,2018-02-05 22:08:44,2018-02-26,7fed6fcfb96f437878e2ebc315055eee,2018-01-21
ecd8ba33ab5ecfaf1e454c1ff3889b27,fa77b18f726edd2bfde260da2cc2dbba,delivered,2017-08-05 11:54:07,2017-08-05 12:10:09,2017-08-07 17:37:18,2017-08-21 21:25:54,2017-09-13,2b9d2e319ab4b7e7d28d6e85f62d1da5,2017-08-05
575c25ea64e39b4c7bcd67d46a1fd1c9,919c35733c90c55e0b38c024f232a124,delivered,2018-04-08 09:28:18,2018-04-09 09:30:56,2018-04-10 00:06:37,2018-04-28 15:07:27,2018-05-07,4e6bd8dd433011c38cd3b70b0677f9b9,2018-04-08
0d8ff4d3ee065cf5aef7c9cda8778536,a5c79d7dad2bb491238b09d68dd1f464,delivered,2018-03-20 11:25:09,2018-03-20 11:49:51,2018-03-20 22:42:02,2018-04-04 22:18:33,2018-04-10,585909fee9b39593181767ca885c294b,2018-03-20
f5c5440eeced6d9ade07af5e1fcc69e4,eb64c2a4713ed54aac3d2d9b078b413c,delivered,2018-02-14 16:00:20,2018-02-14 16:30:33,2018-02-15 18:50:01,2018-02-28 15:18:49,2018-03-08,a6772c2a46551472ff77fca0e80d99fe,2018-02-14
e3a645e56f26072a4ea4ca6187ae208a,107e9ad240231ed3055437dc2bf81d28,delivered,2017-11-09 18:10:19,2017-11-09 18:27:35,2017-11-10 18:02:52,2017-11-29 15:51:40,2017-12-06,410520217a5c5396dd1afe02884264d9,2017-11-09
b6bfb06d57aba458ce3dd894dcdadb11,e5a58f8eec6bdcfc18451e8458455e98,delivered,2018-04-26 21:29:36,2018-04-26 21:50:26,2018-04-27 14:30:00,2018-05-09 11:47:55,2018-05-21,11d024cf06fb35b66cf609c028403e1c,2018-04-26
76f9d7c41ec81afb53b8d00dc0fecede,9c978712900e0546c48062a001f4e4ab,delivered,2017-09-06 12:45:46,2017-09-08 13:23:33,2017-09-11 13:10:12,2017-09-13 22:46:32,2017-09-20,f1e0492ab6298fe3fbc216c7330d3d2e,2017-09-06
a9893544355d8abefe6473f21f162c5b,1f2f1fd768ccbfb05764c5a6fc6ae3cd,delivered,2017-07-17 10:42:23,2017-07-18 06:05:25,2017-07-19 16:32:20,2017-07-26 13:21:33,2017-08-09,69e24da4c221777554eb9b421b4d5fb0,2017-07-17
504a512b08ad37f84e4d9b8de998f821,884775ad2d9c90f742bb0deab470e6fa,delivered,2018-07-17 17:13:40,2018-07-18 03:01:49,2018-07-24 14:14:00,2018-07-25 11:18:31,2018-07-27,f6b12abd5112545273ecbdc84f6cf35f,2018-07-17
a24e28c5eac9b7e62c315eb54a21a1e0,d4a2fd6c61fdfe63fcd62dccc14b79fe,delivered,2017-10-04 23:49:30,2017-10-06 02:07:35,2017-10-06 17:30:20,2017-10-19 21:17:27,2017-11-13,44a905424eba01087dabfafa5cd073bd,2017-10-04
c65c60ac3ffcb69a2a4496a670a4998d,af9bc9bc13afa559bf63b0cd6539884e,delivered,2018-02-04 21:58:25,2018-02-04 22:10:32,2018-02-08 01:04:03,2018-02-19 22:12:02,2018-03-02,fcb8d2097cb450f410aa107f9ccb3566,2018-02-04
827d13f1e8fe2d4c2b3becfa2b0035ca,6e0cfceb2d49f48738767d48272a8ea8,delivered,2018-04-02 22:56:21,2018-04-02 23:10:16,2018-04-04 12:38:25,2018-04-17 03:58:45,2018-04-30,4c2fca8629c137347d177109a9a755bc,2018-04-02
00c62d05602c1ca8164b98746d127fa8,2c64fc3c9f0672a9f2481654a7bf109b,delivered,2018-06-03 11:10:53,2018-06-05 04:52:02,2018-06-05 10:57:00,2018-06-12 20:15:51,2018-07-12,74e18f891a58daf76d6bc822b0dec66f,2018-06-03
ab7247404a9215230d6977f0e1dfe5fb,bbab0e16e150f2c43a5250b0e586f839,delivered,2017-09-06 21:30:23,2017-09-06 21:43:44,2017-09-08 15:12:11,2017-10-02 17:27:12,2017-10-04,f4156bff6a2809fadf8643fe23ff40ae,2017-09-06
673c33bc0fb36d9b542e2bb104c14841,3375af073244691dddbae118c1b518d3,delivered,2017-12-01 14:40:25,2017-12-01 14:49:49,2017-12-06 22:10:58,2017-12-29 18:18:03,2018-01-04,d138c16eb8e4cc30948260a057a66687,2017-12-01
252a22829815d332157a9f3a8fe174e6,fb10b4ac35c8d3b7d387ebc37a500d6e,delivered,2017-09-13 10:58:28,2017-09-13 11:25:12,2017-09-13 19:05:47,2017-09-22 17:52:00,2017-10-04,028bb7f0b0813c2df891b680c35b5f63,2017-09-13
727be733cb840c05e9fc14028a1892e2,4e39a18ced98f08c5e1d20c2c5d9f7aa,delivered,2018-07-01 18:42:22,2018-07-02 18:35:20,2018-07-04 16:09:00,2018-07-11 13:24:30,2018-07-30,9e276dafc829bc25bc2ca7aa3f6ba502,2018-07-01
112ba690c4750a816a8862fefc3855b5,7ed8cd86353bf8c4e78091c8f84fdcd0,delivered,2017-04-06 20:24:10,2017-04-06 20:35:13,2017-04-10 06:53:43,2017-04-17 08:32:40,2017-05-02,2f41863e0922b8d1fbb756691b5c315b,2017-04-06
1cd7c89429be94ecaafb5a84daf3beee,c673b54ef9683fe3e00c358b54eedf9e,delivered,2017-12-29 10:41:00,2017-12-29 10:52:27,2018-01-04 19:39:20,2018-01-15 20:36:56,2018-02-05,a6a42f5b3c306b2e7359682414015bee,2017-12-29
ca9e949cdccd6ccd93a7d31c7bbb90ae,6dc03b7785c3ad8b1f2f69a96afaf0d9,delivered,2017-07-31 17:29:07,2017-08-01 17:35:14,2017-08-02 19:06:50,2017-08-09 16:13:52,2017-08-22,e1f1862e74270220628e76ecc8d68f98,2017-07-31
6d08b9609c4e0cb107497f8307539077,4aebd659dd21ca7c5cc8454ae1d73e56,delivered,2018-05-14 21:46:20,2018-05-14 22:10:23,2018-05-15 14:44:00,2018-05-21 17:59:47,2018-05-29,18f73545bae4bcd6c07bc9a2e02ad661,2018-05-14
4ed44a3f31464867648d26ef5ddb9826,67a62a16e3ad15ffc36f2c37147bde63,delivered,2017-07-24 21:41:53,2017-07-24 21:55:19,2017-07-28 14:49:55,2017-08-01 16:35:45,2017-08-15,1bf8dd3ba1288d5dc05d4e9f6557ed15,2017-07-24
a6475bb7a50387e3c665534e15bd40ac,442d66f0d96f656096dd70f1b0391e40,invoiced,2016-10-04 16:28:25,2016-10-05 02:46:17,,,2016-11-28,45d9410bc1f3c6e36dea41d8f823ada6,2016-10-04
442c20f1686da98436dda5a6c7c52e16,2b33fb50f4ecaf4910139c4e303e2cf0,delivered,2017-11-24 22:40:33,2017-11-25 01:38:29,2017-11-28 15:12:22,2017-12-05 19:06:10,2017-12-22,b5524ecdcfdffbf5bbd3349eaf03fc35,2017-11-24
c1356e664f314b0da7a3e6f73db083ca,07575be5de5f9f414f6b35ea2dbed840,delivered,2018-01-06 10:54:55,2018-01-06 11:08:08,2018-01-08 23:45:05,2018-01-19 23:42:00,2018-02-05,9c53b3867ccc7986462a1998ef5e595d,2018-01-06
ea3925cbd40537018367b46fe65ee75c,475ab7a5bfe7b5de14fcb98efd3cfcf3,delivered,2018-05-22 10:26:33,2018-05-22 17:15:27,2018-05-24 10:07:00,2018-05-25 17:40:42,2018-05-30,8d26c82c2086dcacc175e2ffe6ee2f28,2018-05-22
347af76e162e8281d4d37d7d7f103f81,a8aed72e00a7cb48962499e15acccfc9,delivered,2017-11-24 21:04:40,2017-11-28 03:46:23,2017-11-28 17:59:14,2017-12-01 16:05:28,2017-12-14,b54fe8ec7c345cf554774148992f6d8d,2017-11-24
f36263024190c7e3817fe397e16b2a39,2c1025a58a324df1c3dea8c1bca37ea5,delivered,2018-02-08 20:09:44,2018-02-08 20:29:06,2018-02-22 00:09:12,2018-03-05 17:16:10,2018-03-13,32cbbf7b9770feb67a514300686f5485,2018-02-08
9ba51431194758a07b4d5a2164813d03,9d3baccee20167b221ec174af23827e3,delivered,2017-05-24 20:26:21,2017-05-24 20:35:07,2017-05-29 09:06:46,2017-06-02 12:18:12,2017-06-16,a971c038c92add1b756e2f089ad8f180,2017-05-24
415c1b3a4f7d686212cf08f53ad40271,32733c119b64dd300881c12466d48e98,delivered,2018-02-22 10:06:12,2018-02-22 10:34:17,2018-02-26 23:54:33,2018-03-02 01:49:08,2018-03-08,9496fe4967f2117feed223238c7bcc39,2018-02-22
54f781d2329c48177911be9fe3f7d7f8,4805662f4576e7b2c113ddb5bea8a07d,delivered,2017-11-02 17:11:32,2017-11-03 17:16:24,2017-11-07 15:11:32,2017-11-10 16:32:20,2017-11-23,80918c373706530b087468cd92a75df0,2017-11-02
2ec517892d22fd59d39b4cfa2a69637b,94043b53a282a595f1d3b5abf5a05e0b,delivered,2018-08-07 17:33:29,2018-08-07 17:45:11,2018-08-08 09:53:00,2018-08-16 20:04:35,2018-09-12,1bb2295ddfa362eca59fe965283b9a66,2018-08-07
bdb029fd9aad9c2b487eff2b448346c5,94a5ea61a424dc143b493f6009ee9211,delivered,2017-03-07 11:41:43,2017-03-07 11:50:20,2017-03-07 13:34:57,2017-03-14 14:05:26,2017-04-04,bdc7c24b99d51e73d9c80f2995424119,2017-03-07
b29c6fe4cbadff8b38f96806127dfc53,a317ad435deb7beb5632846c5ffc9592,delivered,2018-03-18 15:06:38,2018-03-18 15:15:32,2018-03-20 13:29:33,2018-03-28 15:38:55,2018-04-05,74fc9125eede6d44f2a1f33c877374e6,2018-03-18
07dc1dc61c5ee9a1387069fec64b6663,d4e5a610541428f3938253b37860a323,delivered,2018-08-03 08:26:22,2018-08-04 10:24:06,2018-08-06 16:59:00,2018-08-08 17:08:47,2018-08-14,d27a8871c9a0d54b650c3e8e40941af2,2018-08-03
f3a3becaf45a4f7799cd93b1fdeea2c7,f85c1412c63126bbfaa30cac5590c0aa,delivered,2018-08-06 13:20:42,2018-08-07 13:15:19,2018-08-08 11:11:00,2018-08-20 21:41:34,2018-08-24,9e80855aee7a17e3e214da66f7d1c08f,2018-08-06
74d2901d06590ded0f5de058f78bc500,7a11dd385852e7c6d60e1a25c8c37a9e,delivered,2018-02-28 22:41:29,2018-03-02 02:11:04,2018-03-05 20:53:37,2018-03-17 11:28:33,2018-03-27,52249ff58b2ef32c202058fc2d1ba75b,2018-02-28
d849519c380fc7427ba88fc312ade389,8d580fea29b9d93a4f404349ff07de56,delivered,2018-02-10 15:34:38,2018-02-10 15:48:25,2018-02-16 17:07:13,2018-03-20 13:38:55,2018-03-22,2c396d5d83a38a53f5985dbeff8d42ee,2018-02-10
3b37ea038e53ec7ddd17eaf745201db2,b814450275c3815ada3733398aee1a80,delivered,2017-07-31 15:26:22,2017-07-31 15:43:28,2017-08-04 19:07:41,2017-08-07 20:32:09,2017-08-18,beb7ddfca20bc721584e70834d3cd2f8,2017-07-31
0d5f49b8f9f7176361444dcc91621776,9f01f4bbdd9ec6f633d823f620431444,delivered,2017-08-11 11:58:43,2017-08-11 12:10:21,2017-08-11 21:33:00,2017-08-17 15:45:26,2017-09-04,8b1d0f7df6c92a1bca09df712b662469,2017-08-11
7030a04693edbcaef31266ac0c58f5e5,6e177e72d2f06503b4b3dabd74db4a2a,delivered,2017-12-10 19:01:54,2017-12-10 19:10:15,2017-12-14 17:43:51,2017-12-19 19:27:02,2018-01-04,00ec5df43edcae768361caa707fded3e,2017-12-10
7169bb201e926e2686e974262cd6bcd5,f64d27fa18c097c17200f7076f0556ba,delivered,2018-07-11 15:39:55,2018-07-12 08:46:16,2018-07-13 09:41:00,2018-07-23 23:51:16,2018-08-02,1a25021583393531afe88dfddcebc9cc,2018-07-11
1da43de9c3856e95d783cf969181e42a,a2549c5958509a1be730da3ec5098046,delivered,2018-02-06 18:52:21,2018-02-07 03:10:06,2018-02-08 14:07:57,2018-02-14 20:07:38,2018-03-07,2f543dba8a73def583c4cc4a5d19c29d,2018-02-06
8dc7d1029415223a0367067aeebe711f,7ededb8426467b84329d3114a37d81a3,delivered,2017-09-07 16:06:29,2017-09-07 16:23:28,2017-09-12 21:48:51,2017-09-19 18:44:11,2017-10-06,2017df0974589166352f8380c4f277fa,2017-09-07
890fff31c4646aca2e6372ee1b6ac443,a946afba89f43c82cb53210137f23ac1,delivered,2017-05-17 17:18:27,2017-05-18 02:31:49,2017-05-24 16:38:01,2017-05-31 09:43:54,2017-06-01,ac3f2428c5f47eacd7303ea1906af804,2017-05-17
283548b206a96af4094495858774befe,8fb17055fd54b0e086d5320642721a88,delivered,2018-04-02 20:31:32,2018-04-02 20:49:53,2018-04-04 03:07:39,2018-04-09 18:29:49,2018-04-23,c667c7454243251d3210c6c54a97c482,2018-04-02
037fdead4ade679aec8ee3dc6a75368c,f95370ea34c6c1e0dc4cc99480858a54,delivered,2018-05-03 14:12:52,2018-05-03 14:32:36,2018-05-14 15:01:00,2018-05-23 18:54:51,2018-05-25,5273449e12a174a67f5423126de96435,2018-05-03
6550f76a630f229b798ea19ef27694d9,9ef5831c1ecc3fcac9e45c3b873c1bf9,delivered,2018-08-17 15:11:21,2018-08-17 15:29:32,2018-08-20 14:38:00,2018-08-24 21:32:52,2018-09-10,c90ba74656203f81d15fc73a18ab9944,2018-08-17
ed4bb81d1c09ad5eb9d421a2447387ce,76c0ea5962945b3b545b34f99844cbcb,delivered,2018-03-02 09:41:34,2018-03-05 13:48:43,2018-03-08 02:05:34,2018-03-29 15:33:02,2018-03-26,304dd6c8d344302772e0b825c0dbc462,2018-03-02
9d3ec17c877b8a749b1f9523a47773c8,69a367da4f911c98e382d5dd0c6f82ad,delivered,2017-12-25 22:34:37,2017-12-25 22:47:59,2017-12-26 21:16:34,2018-01-04 17:58:56,2018-01-26,cd8370a1c8076f42a4cad1b9173a7108,2017-12-25
45de33f845159283ab4792dec56ba9d4,1bbe8a696554b93a76665c3d54e2a5f7,delivered,2018-01-20 21:08:39,2018-01-22 13:58:55,2018-01-26 19:12:38,2018-02-06 15:16:42,2018-02-21,f48206d101c52a4db27c90b3bb0356d6,2018-01-20
875776703718e362c278092c5504ccc3,6a27bd9987f00a5a0e732abf2ebcee78,delivered,2017-05-15 21:20:33,2017-05-15 21:35:11,2017-05-16 10:13:00,2017-05-23 11:28:00,2017-06-06,e17cf3b9a2b42a304ef4193d3cd95cb0,2017-05-15
58ac1346bc2ee0cfbe205aacad678d60,b79038e2c6938f51e4fa02b1801589e6,delivered,2018-02-21 12:30:04,2018-02-21 12:50:18,2018-03-05 22:25:38,2018-03-21 11:18:34,2018-03-21,8a1ab5dad60369c9b3d85ee8c2919296,2018-02-21
8d0ae84c25c48ed1b0ecf1eb0b834c5a,7814655ba11d388e25aa22d97131da57,delivered,2017-12-20 00:33:29,2017-12-20 00:50:48,2017-12-21 22:15:47,2017-12-27 17:32:19,2018-01-15,e6dcecfb8147623f7b77f1760774494c,2017-12-20
7587c428b98d8c3ce7111bae4ca910e6,b7267133b73f405dc40ecc46bf9bc96d,delivered,2017-10-10 23:58:26,2017-10-14 18:35:07,2017-10-17 18:52:07,2017-10-26 16:52:16,2017-10-27,0308e864e3f6e3e891cf40ec378905b7,2017-10-10
948368c5523e4c43acf831fa3353992b,8bc0984a1c087377e468ef59faaf37d7,delivered,2017-08-18 08:45:59,2017-08-18 09:04:24,2017-08-22 19:52:30,2017-08-23 14:22:35,2017-08-31,05dc7381ace8c9b5a634129ce38dff60,2017-08-18
b228e6b7a06468abcf8c203f8e86689c,26d42563197b6dee87cd3c74a65cca39,delivered,2018-08-05 15:56:36,2018-08-05 16:10:10,2018-08-06 16:45:00,2018-08-10 18:16:22,2018-09-05,90203f82c4c1744c53453ac3a6c41b81,2018-08-05
fddf57c74b8cdfa31aacc5a974885ae5,46370d123e1788bede7a6f615f3a997a,delivered,2018-06-05 17:55:40,2018-06-05 18:13:12,2018-06-06 07:42:00,2018-06-28 20:58:34,2018-07-18,f2c10bd6c35a005af95c9c000b3cfd9d,2018-06-05
c1a3f085dae6065e1cdff2df7d95d990,f961764b9600b0fd7ba8e43a21daae4d,delivered,2017-05-09 13:21:53,2017-05-09 13:31:22,2017-05-17 08:32:17,2017-05-25 10:13:56,2017-05-25,53b9f8c7f536e428d154bfaa075e23d5,2017-05-09
04c0dac88714e8ee1ca2c0254cab2a22,2194fbf68f31edcb5a92443a516ac591,delivered,2018-05-15 19:06:04,2018-05-16 02:54:06,2018-05-16 12:58:00,2018-05-17 17:04:30,2018-05-23,531ff8c46bb9686930d88a883eb84f4e,2018-05-15
9602ea99096d399504c80bb201775a0c,d83e597340744895ef969f98e040ded7,delivered,2018-03-07 10:07:39,2018-03-08 02:41:02,2018-03-09 23:33:14,2018-03-15 23:30:50,2018-03-26,159013c84e736de25857c32b255aa06d,2018-03-07
788bfedba1f3c6d71e9572fbf8dc033e,fc301a28547d4f7a0b7673bae668c0b4,delivered,2018-06-13 19:35:05,2018-06-14 19:37:47,2018-06-15 10:30:00,2018-06-25 17:07:50,2018-07-18,d8752c6861f92232d6811bace3e1e96c,2018-06-13
27fd0c263b9d38e9cb2c2d07fc0c706e,d1cd0d62067d359adace8839818a614e,delivered,2018-07-30 21:54:00,2018-07-30 22:24:22,2018-07-31 08:40:00,2018-08-06 17:07:59,2018-08-17,19506c32fa96c6fa4505b4e3ad453b7b,2018-07-30
b6b5fb0fbf0d0f55fc382e3857520a1c,77e71d7705bc1e9ed7f466abf1bc8c8d,delivered,2018-02-02 11:42:35,2018-02-02 12:51:49,2018-02-02 21:49:12,2018-02-09 14:06:58,2018-02-26,6533109cc6aa8b1d99441e91632a5ced,2018-02-02
de511d43118e7cd3c327dded8e3597a6,fbe06f7f0b1b8b3fab72e38d22cb74da,delivered,2018-08-13 18:13:18,2018-08-13 18:44:08,2018-08-15 13:56:00,2018-08-23 01:06:25,2018-09-17,1f20df13b6bf8133c4b522afaa65f0f8,2018-08-13
8e2fb2dbedcc04e6230d18b3edd75574,67f89d8b4ac09476bb20a89c98a9f928,delivered,2017-09-28 10:05:03,2017-09-28 10:24:57,2017-10-02 23:38:36,2017-10-09 20:21:28,2017-10-24,9b5abfae2deb21336928523c6a829059,2017-09-28
ff903285ed6a7f76ecda147fc463ef57,093c53ca0c7fd7fa49a193e600c54e91,delivered,2017-11-04 13:53:28,2017-11-04 14:10:31,2017-11-06 22:05:21,2017-11-08 21:22:21,2017-11-17,77a5529971c407965806a921949a2d62,2017-11-04
34fdc362961364d3ff08986ccff2212d,c2719bf8e555adcf1fa503708bea998c,delivered,2018-05-08 17:40:24,2018-05-08 17:55:23,2018-05-09 11:51:00,2018-05-14 19:02:25,2018-05-29,e1708ec558c8c1d8bd5e24d022cd13ce,2018-05-08
2a63765c400304a82efd12bd16d8f1d4,1adc79ab67375fd7d0fe045da2bcad32,delivered,2017-09-14 22:29:52,2017-09-14 22:45:39,2017-09-15 18:15:11,2017-09-22 16:27:57,2017-10-06,90733cb485a6e26204cf267efde660cd,2017-09-14
8ee5be155201411ad345c45727c600d4,fa325f2547911ff9127c287e3b64ee98,delivered,2018-04-24 21:49:57,2018-04-24 22:09:57,2018-04-25 18:35:00,2018-04-30 18:57:57,2018-05-10,f79c1eba3ebd97c75683b3ac6e333daa,2018-04-24
e939c92235a2317f8222c7e4585a6255,e407ccb33c52d1292bdc4cb44619eb19,delivered,2017-05-27 22:10:24,2017-05-29 22:45:18,2017-06-05 14:57:53,2017-06-19 21:37:53,2017-06-28,12e8e6b36b8123e60a3b8ef68bc9f7c5,2017-05-27
d2404c15c71863f869f71c9fb72c2af6,50605289653d6b738b88a0ca7c0e8fac,delivered,2017-07-25 14:00:37,2017-07-25 14:15:13,2017-07-26 10:42:34,2017-07-26 14:53:06,2017-08-09,219ffdb5f60c32cd5ee5d73a887f3ede,2017-07-25
59e9079196bab6c6a1634387ec66167f,32c608689172699f708eca9ad42b373d,delivered,2017-09-21 00:28:13,2017-09-21 00:46:06,2017-09-22 17:27:04,2017-10-09 17:58:16,2017-10-19,fdce9a2878c33e84d8e3afb003cf8d7f,2017-09-21
8b1a87ef2390d75e9fe2d8e1e74a8f99,17287391e40fe26b985fbe9844c8b08c,delivered,2018-07-26 21:40:10,2018-07-26 21:50:19,2018-07-27 14:08:00,2018-08-01 19:07:09,2018-08-08,80d5bfd39be6d50ebffbd997cd3ca1df,2018-07-26
2d260d3f0b13b0bde48ceb29fdc05931,a2a06e46fa4b76d28d47ee73cb1a0616,delivered,2018-05-20 15:53:12,2018-05-22 09:36:32,2018-05-23 11:17:00,2018-06-09 17:44:17,2018-06-06,8f32172ac75341bf72506169af5884f7,2018-05-20
13dc168f94bccaa04fa06a6ba89e212c,73e6d55cf331c57b5108d5c700d55a25,delivered,2018-05-16 22:57:01,2018-05-18 04:54:44,2018-05-22 14:53:00,2018-06-05 19:52:19,2018-06-08,7b1ce403289a311542395adf4cadd607,2018-05-16
ebdf00c28193aed91e3f3d9fa71d9d13,67cf89bcb57e90039ac1539f1c112481,delivered,2017-04-22 20:29:37,2017-04-22 20:41:39,2017-04-24 11:23:57,2017-05-05 13:38:05,2017-06-01,2eb42472a7025b5251d9b82a0d26eb49,2017-04-22
f8b625b1a8ae63614f1c171fb18c7a49,28de693affea36d16d7d74bb663f7c7c,delivered,2017-11-20 18:43:00,2017-11-21 18:34:22,2017-11-29 19:24:33,2017-12-11 23:41:34,2017-12-07,97c41322939ad7fcf82a20ba2ff02f8b,2017-11-20
bf5099786cc9dcd17a4961c9406fb3f3,89887a50791b725adc9f8e1ffdcab0d3,delivered,2018-02-19 15:09:51,2018-02-19 16:10:33,2018-02-22 00:21:27,2018-03-26 23:07:09,2018-03-14,4e1423a2602c1cad153e8caf5dee9e76,2018-02-19
63e9f378e99a3e83709e85223d637944,69025827c1e088ba732e7904f14a5c50,delivered,2017-09-05 16:19:06,2017-09-05 16:30:11,2017-09-06 21:42:45,2017-09-14 20:33:37,2017-09-25,5cb4d5e296cb223450e0404e336b6744,2017-09-05
8115c56b23b02cb96cdfce13531a5a7d,3ea99345369a3d2eee4b0e3ab06c445e,delivered,2018-06-11 14:34:33,2018-06-12 04:35:47,2018-06-14 15:53:00,2018-06-21 19:38:20,2018-07-05,5f09c28765baf8911aa0036f3657de6b,2018-06-11
07c86971c5f40e822bd71ab44f684fad,113bdfd53b6c5dbc25dd4aab954b9efe,delivered,2017-07-13 00:19:43,2017-07-15 03:35:24,2017-07-18 12:34:05,2017-07-21 20:47:51,2017-08-02,8b160faff469868625c7c82cbd310636,2017-07-13
71ffbe37a2e7ac438c81adb916832bba,5a94b0b5e939d29d07cb80e1c236ce5b,delivered,2017-12-08 20:15:27,2017-12-12 03:51:23,2017-12-13 21:27:00,2017-12-29 14:53:15,2018-01-16,585ba6a115792c0b0483d65e5ab1f4b6,2017-12-08
97c83fc9b400d1808b5c8ef56e4b3c3a,ee3019b29ea8476311889e95ea6e4224,delivered,2018-07-10 11:06:34,2018-07-12 03:30:19,2018-07-17 08:19:00,2018-07-24 19:52:36,2018-07-30,812891dd841e8a01571fd7de2b0751bb,2018-07-10
0cc53a27cb4eec43723454e212e469cc,ded515b7d98b7d3425a9e26ce985e31a,delivered,2018-02-28 19:23:10,2018-02-28 19:35:38,2018-03-02 17:17:07,2018-03-26 13:09:00,2018-03-21,aff705c3ace68add62b1d0233f4e31c7,2018-02-28
8533497ec8830f25e8a90bcbe74563db,53e3607c5c03c9f0bffd0db6c8e55d21,delivered,2018-04-17 09:58:31,2018-04-18 04:51:11,2018-04-18 19:44:38,2018-04-19 19:57:47,2018-05-04,90ea7a4241b8ef1972e506ffa3edc740,2018-04-17
62caefca677649f08758f7582ef4ef52,d5f568e92cfc43f0cdfc863dee639275,delivered,2018-03-11 09:13:55,2018-03-11 10:29:28,2018-03-14 00:51:40,2018-03-20 19:09:33,2018-03-29,c8ecedef4a35f54e2ed8d27f439ca5f0,2018-03-11
39ed3e039306a582ec28f1f997cbff75,a2a7143d7c9767d8d6795920e88354bf,delivered,2018-01-22 09:30:50,2018-01-22 14:14:44,2018-01-23 14:23:32,2018-01-31 21:52:19,2018-02-22,c7647638d961f9851e4f17043602ac5b,2018-01-22
9ee4d099f38e890ac389c977ec066c67,b7e72b9d9d5b378ed2050e817fa757e1,delivered,2017-08-03 14:06:43,2017-08-03 15:30:14,2017-08-03 21:22:12,2017-08-10 20:04:27,2017-08-28,d4f065ced1dc33d890e0e8162ecba0cf,2017-08-03
d0719a919a0047c092328afe72722e2e,7a850172956be670dde1f63ab6bf8bc4,delivered,2018-03-15 13:24:36,2018-03-15 13:49:32,2018-03-23 20:04:23,2018-04-04 22:29:53,2018-04-05,c3ce3ac6491797084e03fd95dd350d7d,2018-03-15
cd80b68b81d09322cb7d076a19e615f3,524526cc3df595244cd2b951e60b9044,delivered,2018-05-18 16:28:29,2018-05-19 14:35:15,2018-05-21 11:09:00,2018-05-28 19:40:42,2018-06-04,32b1804eae0c9be2d3ae335fc78ea52d,2018-05-18
00cfabbe2a93b70beeec4894f86712a8,bf2cd0dfd7ad8b44be636ba1079d6358,delivered,2017-06-10 07:56:30,2017-06-13 04:50:29,2017-06-14 17:06:10,2017-06-22 15:27:09,2017-07-05,ea2aebf6103bf1a7588746b16238eb4d,2017-06-10
ca23ddf87cf569c651185e5ad2628e2d,bd59e8962363969956a881d48e0114ed,delivered,2018-03-20 17:41:34,2018-03-22 02:50:09,2018-03-23 16:18:36,2018-04-02 21:48:35,2018-04-16,9d9f968db809578eaf7cc79ecefa65be,2018-03-20
0330631bdb2ec8c341f487ed9c22fc8b,e3109970a3fe8021d5ff82c577ce5606,delivered,2018-05-25 12:02:08,2018-05-26 02:31:54,2018-05-29 15:41:00,2018-06-07 22:42:02,2018-06-26,a8654e2af5da6bb72f52c22b164855e1,2018-05-25
13e6d8c97847f1b195474fab7dd73bde,f09a97aa30ea595d27a84b306a86ce96,delivered,2018-05-28 15:53:08,2018-05-28 16:11:46,2018-05-30 11:30:00,2018-06-13 21:28:57,2018-06-28,7dc63a2ab4d0b4325cb86ac26ba4fa23,2018-05-28
ee8dd47ef3b125366e4e1817bfb04ed3,d5fefeef35118da492c3515f72878226,delivered,2018-05-08 18:44:55,2018-05-08 20:54:51,2018-05-09 13:41:00,2018-05-11 22:34:39,2018-06-01,75370e56a2411f87cccf5d5dedfd9060,2018-05-08
9d87d0391a942964abee51bf76befef0,f3e3db008381abfe88fbcde5ceb68d4c,delivered,2018-08-06 00:17:44,2018-08-06 00:30:19,2018-08-08 15:37:00,2018-08-10 19:18:31,2018-08-27,3e14eae48d5e0483f7a5e8c500f30ceb,2018-08-06
5dfb8335958a3157a733c424ba959ced,84eede470cab0ab3fefa00d13993c8b7,delivered,2018-01-24 21:48:46,2018-01-26 08:29:51,2018-01-29 22:32:46,2018-02-06 17:54:40,2018-02-19,ad03c627bccad43903347f9c90aa4000,2018-01-24
9ba3eb09b640e758fbe96e152dc8ac73,749aed9e961f6722df4c356e38a2be78,delivered,2018-04-10 13:51:57,2018-04-10 14:10:08,2018-04-12 19:41:09,2018-04-28 15:58:45,2018-05-16,4e802a84ac937d5126335242702fadbb,2018-04-10
7d90148763f13aa4f24dc38ecfd0d5fb,aa5d81c64ac61c8124eb6c249c2c2ca5,delivered,2017-09-11 13:52:37,2017-09-11 14:05:22,2017-09-12 21:33:19,2017-09-18 19:36:52,2017-10-02,c9e41adfc5316d23380c58691b401820,2017-09-11
187098e4e124f41f3a325782e3c372ac,39da874a859b9e6124e1b121131937a1,delivered,2018-08-12 10:39:58,2018-08-12 10:55:12,2018-08-13 13:48:00,2018-08-17 13:46:26,2018-08-24,b9edfe3d08ccc981d141ac6cfcc8768c,2018-08-12
272a052a03ba0cf15ce9cd712650604e,35f1c550ef8ddd61a5fed03a69ed6043,delivered,2017-12-18 18:57:53,2017-12-18 20:31:22,2017-12-19 17:41:57,2017-12-29 19:38:55,2018-01-17,7b01541b22d12d89d4d849f4b3896525,2017-12-18
27c9a7fc93005e3344a0c1ffa6f931e2,0298eec43baa253837fca6e98da66903,delivered,2017-09-16 11:20:10,2017-09-18 10:35:17,2017-09-19 20:04:14,2017-10-08 15:37:41,2017-10-06,fc648355528e6e9bdd813a261820ff48,2017-09-16
68ffb6a8abb783325c37e66d91eeb191,5032ecd958a19df06ff0623d8ef712a1,delivered,2017-07-04 19:43:44,2017-07-05 17:42:39,2017-07-07 13:55:44,2017-07-12 20:52:40,2017-07-27,fe6a76c801bc48ef40ee03170832f416,2017-07-04
431478a35228bb7816df8336af000672,8397d3c7e88a2f43a4d125c164045a32,delivered,2018-06-18 14:16:04,2018-06-18 14:35:59,2018-06-19 12:28:00,2018-06-27 14:40:47,2018-07-11,82e63e635cd81cbfc7552041b3f6bd54,2018-06-18
cabad88da7829d30f53a581fffcd6eeb,22a160d7729a16f713d2876288a0e227,delivered,2017-04-27 20:10:05,2017-04-27 20:22:55,2017-05-03 12:04:54,2017-05-05 16:59:53,2017-06-01,b64064e3ae051f50b6f1eb12552d30e4,2017-04-27
a4b60a92ece5dce086fa34fd28b20aa4,eec2fe37691f5bd4f2a0e2a99c9a60b1,delivered,2018-06-14 23:11:22,2018-06-14 23:36:31,2018-06-18 13:28:00,2018-06-20 17:52:35,2018-07-05,f733f8221ca3f52f6d7a4b8d162b1873,2018-06-14
a5c654c2a0126153f98af71a65a159de,b2817df30d7390a156ef1514c284010c,delivered,2018-05-30 23:05:14,2018-06-04 12:10:35,2018-06-05 08:45:00,2018-06-12 20:06:48,2018-07-13,296808b56f85ae255d58f4b2d0d1649c,2018-05-30
90b27d5506a9be4b5fb162ac5857d2b7,a3b261d6bf44645e797b4cb6b9620809,delivered,2017-01-30 19:43:36,2017-01-31 04:36:54,2017-01-31 17:12:06,2017-02-03 10:38:55,2017-03-20,d6e1514ad963bcb618ab6a47902f6cea,2017-01-30
0a998b0552bd0e04c7b38f0f58737c54,f650ed65abda7782ac4adb70edb5f62e,delivered,2018-08-01 19:01:08,2018-08-01 19:15:21,2018-08-02 15:18:00,2018-08-07 20:08:31,2018-08-17,9e2121a00989633ec9900d09f21755ac,2018-08-01
2b3914c5dfff87df339937130ad79fbf,27a5c3f64e3c7a22e2d03c50fc37fa31,delivered,2017-12-11 21:27:45,2017-12-12 11:12:00,2017-12-13 00:12:59,2017-12-29 17:03:32,2018-01-08,a7f170f2735d510431e45afae9dc45f0,2017-12-11
819adcd651eaa6b9ce751285bfb7e85d,3ee66d65dd46cf1a5839e7198b9eda59,delivered,2017-10-19 08:38:00,2017-10-19 08:49:17,2017-10-19 18:55:45,2017-10-30 13:13:01,2017-11-10,22e3532b0ba6ea86eeb245602282ffa1,2017-10-19
bd75e9df026607f1d2589db648d90ed3,9fa2624b235740613073584d127daa3e,delivered,2018-04-26 12:33:11,2018-04-27 12:32:10,2018-04-30 15:09:00,2018-05-02 19:03:18,2018-05-11,b1b97a3a6f1c11d0c0a76d0e5faf546d,2018-04-26
b5588f82c19d257d1b59252478f76ab2,4ec73a195462e949caf053148050c9f6,delivered,2017-11-24 12:12:50,2017-11-24 14:14:26,2017-11-24 20:54:35,2017-11-26 15:46:00,2017-12-08,78ce006bd21527e8a9b7bd2060e233c9,2017-11-24
edf914c62e2abd7b4859327aac9a7727,1503f463072a6c3255885713f173bf9d,delivered,2018-07-26 08:43:49,2018-07-26 08:55:23,2018-07-26 13:08:00,2018-07-27 18:24:40,2018-08-03,9163021adfb215c73c552b42533bd9ae,2018-07-26
e57f9e7c60adf9829a8cadaf9d153e5d,b8494b9943cd16f91008627a6ec8ac85,delivered,2018-02-07 12:41:18,2018-02-08 07:35:58,2018-02-09 19:58:29,2018-03-02 00:28:43,2018-03-13,7f73558f62320b7fcb3b8b36a5bb9bc1,2018-02-07
2589706e89ca32933a2371219bab4143,32109ab502f8494956c8e19a5a57838b,delivered,2018-03-18 10:32:19,2018-03-18 10:48:34,2018-03-20 03:24:49,2018-03-27 22:28:41,2018-04-05,bc374d3b9e3a5093de69ed80af385ef2,2018-03-18
e22116e42381e36f0af20afcdba45065,8e48c167166a5f5d252955cca84f4701,delivered,2017-11-07 22:26:03,2017-11-07 22:46:35,2017-11-09 19:24:28,2017-11-17 22:10:51,2017-11-30,137eda969c36e48d5208abeebb7f85d6,2017-11-07
5978c23150e32abac4af3b0a9cc2637d,760663b7f3e48507e43082cb33cda1a5,delivered,2017-09-17 21:41:25,2017-09-19 04:10:08,2017-09-20 17:42:06,2017-09-21 17:38:20,2017-09-28,97ab0a2ece5f307a8a0ec88605d4bd26,2017-09-17
44978a07c53273143a18ff837c2dd68d,0440345aa3f318c95691cd2345894071,delivered,2018-04-18 00:52:43,2018-04-19 00:50:24,2018-04-19 18:35:29,2018-04-27 01:06:47,2018-05-11,4c9970ba5173d36a54c376b7f02c3aaa,2018-04-18
f063fd7dd487e7fbaa3dae8d260b2ec6,dfd1d11301e7d9f12451a1ae54439206,delivered,2017-08-11 23:34:33,2017-08-11 23:45:12,2017-08-16 21:20:12,2017-08-23 18:34:21,2017-09-04,f83a4c1ce3159496b5ef7353b90aa747,2017-08-11
b2f01d619b5557f295317bca57f07471,1978aed6ddb95a376254c94bcc3ff6e7,delivered,2018-04-21 11:32:59,2018-04-24 18:41:45,2018-04-23 19:34:41,2018-04-24 20:34:47,2018-05-10,55aadf940fd59c1aadd1e79b3ead742b,2018-04-21
82c1d5e96ea750adc1f2c2011af5b0e6,5acb73b6b3d97377b7f750208b7ff478,delivered,2018-05-30 18:47:56,2018-05-31 03:36:16,2018-06-05 13:21:00,2018-06-06 16:33:03,2018-06-18,5b39ba8e93f317602939b111f094564d,2018-05-30
b2349a3f20dfbeef62e7b31baa22f84b,0ff24a24edd69d8774270ac863c8e230,delivered,2018-05-08 14:53:17,2018-05-08 15:09:59,2018-05-10 18:29:00,2018-05-17 18:42:13,2018-06-07,d386a136dc889cf681443061874caad8,2018-05-08
e5220ef7f976cab4427f16a5e1d6c29c,f920395e4693d8730802e67e57e3d3b6,delivered,2018-05-01 09:36:46,2018-05-01 09:57:05,2018-05-03 11:09:00,2018-05-10 20:48:34,2018-05-28,680ae68b6b03eab1f18c09253b191d1f,2018-05-01
5eb9ebc80ba6975ff121215b56cdce26,447a6a4a1c174d733a08b68480ba79e6,delivered,2018-03-14 23:33:16,2018-03-14 23:49:44,2018-03-15 20:03:27,2018-04-19 18:46:22,2018-04-13,828f25555dc5e31175ca649f65f3d953,2018-03-14
a97e8bd621edbcb4558c0de4c02f05a9,3a87bba540134fa5bd77266286ae8ec0,delivered,2018-05-14 15:48:10,2018-05-14 16:13:36,2018-05-18 07:52:00,2018-06-11 20:51:51,2018-06-04,c06ae76d161419a8a120464cb9a6d754,2018-05-14
fed2c6b5a6f5bbf776e52240101359fe,5110f48f7609169fbec145320da4512e,delivered,2017-05-17 21:58:18,2017-05-17 22:10:10,2017-05-18 07:17:45,2017-05-23 12:43:38,2017-06-12,50929a718f4feb5b89b109bd36ef6039,2017-05-17
d1c6877db9eb405a3ff09fca7c637f3a,4cb73f8b4e17408828e23d6797c6b340,delivered,2017-12-26 01:48:51,2017-12-26 02:31:01,2018-01-03 17:52:21,2018-01-05 21:04:53,2018-01-15,6131872d8aafa757a092020176ac5c45,2017-12-26
7d960d3f481b040257655876b44e79bc,84afdd359b5f71559512a1316f1fac16,delivered,2017-02-06 21:11:50,2017-02-08 03:15:12,2017-02-13 01:52:17,2017-02-16 04:14:54,2017-03-01,ec5e34e8372bc2a8e58b10937bd6034b,2017-02-06
33b50846ef5349564b8be2af1d6000aa,3d34ebc358aac6406eb02d4d46aaa4ed,delivered,2017-09-13 14:12:25,2017-09-14 09:30:17,2017-09-14 16:09:13,2017-09-26 18:37:50,2017-10-02,42f4968985f42ab8bb656fc5d9b5967a,2017-09-13
ed6e5c9d8209e22b1e620138aef88d6f,0a0a7a0dea2d35a9a6be32e0945575d8,delivered,2017-12-10 22:52:32,2017-12-10 23:11:28,2017-12-11 18:42:13,2017-12-18 22:57:14,2018-01-11,a950838df5be241bc39b897236a2500e,2017-12-10
f9021afbb4a99d23f8e0adc2c702ad95,29f4c5c4086d5058694817ba99ff6798,delivered,2018-04-16 19:18:41,2018-04-16 19:35:10,2018-04-17 23:26:35,2018-04-18 16:03:57,2018-04-30,2441d92ac54268a961655189899f25ca,2018-04-16
6e258bdc53ebb3349a06f43a96f3fb6a,b8314bd695a1b3373a6f434d3d7caac6,delivered,2018-04-21 10:36:38,2018-04-24 18:40:00,2018-04-26 13:50:00,2018-05-04 16:19:10,2018-05-29,6bd41f0cf93d8d32bac60b824e5370e8,2018-04-21
0091a677651feaf5a08d7bb147681e14,93d82c58a8f2b0d2db80f16867b99edd,delivered,2018-08-24 13:27:17,2018-08-24 13:44:42,2018-08-27 18:33:00,2018-08-28 16:32:05,2018-08-31,40774d861c6ca4cc0139739a04d930a8,2018-08-24
c9739ce4c2bbfdbb76e36956cd43dd46,d9cf0797cdab2a59b89b314e459dd862,delivered,2018-05-13 21:15:25,2018-05-13 21:33:22,2018-05-14 13:17:00,2018-05-17 12:48:30,2018-05-28,5749db99c2cc3b61de99a7798e61c4e1,2018-05-13
8484b56b3b3bc2afabbfb853f86cda93,1626761519a806e354216dace02df1e8,delivered,2017-12-13 10:57:49,2017-12-13 11:11:30,2017-12-14 20:13:07,2017-12-15 19:03:43,2018-01-02,f4a4a12430e3dd14770e4e52866b11db,2017-12-13
a6ea59851ffee8cb73761179fc7bcb6c,4f431dee2efccd72a2b5707929dc85bf,delivered,2017-11-28 12:18:08,2017-12-01 12:31:34,2017-12-01 21:17:41,2017-12-15 22:28:37,2017-12-28,59a2c18c257098c550b92d28d79d7e36,2017-11-28
a220ac2db42e26dbde74a77bb1a30bef,7ca93e75d64f65590a631b085c32e869,delivered,2018-03-26 20:01:11,2018-03-26 20:10:21,2018-03-28 22:21:16,2018-04-11 20:28:18,2018-04-13,b9bab1d3bf90360ff3942299971001ef,2018-03-26
a6ba8648e5a290ca5c5d01adb610e447,e6c2a9c517d876f257a4c9d749b0631f,delivered,2018-07-27 22:08:00,2018-07-27 22:24:25,2018-08-01 15:27:00,2018-08-07 23:28:56,2018-08-10,a66356192f4dc596eec6bbff01112e31,2018-07-27
021363783b521e9813dd62bbcb77d1dd,8c28706c8f9e0cc8ceea7d7e116960e9,delivered,2018-02-23 11:52:46,2018-02-24 15:27:26,2018-03-01 23:19:21,2018-03-21 22:05:31,2018-03-20,519a9ea42ed875f12c879049c09e8c02,2018-02-23
a0fcff0745f09b147877dd1fdb17230a,c6911816d1c75fdeb3694cc4d1f06dbc,delivered,2017-12-07 18:08:14,2017-12-07 18:52:39,2017-12-20 19:14:58,2017-12-28 13:37:33,2018-01-12,d562cc4a52b85974418c602f9edbee1a,2017-12-07
b167109334768a2c342b85139a6437d6,111acc29194a247a328b7cf4f1f8d5df,delivered,2018-02-16 19:30:08,2018-02-16 19:46:47,2018-02-20 22:23:18,2018-02-21 14:59:12,2018-03-02,b53ddf7792f4d98e7dad6d166668d520,2018-02-16
66349c255eb9d3c6dc26d8e36dbd83bf,a564fe760f592c19109251bee1a54b98,delivered,2018-05-13 21:17:18,2018-05-13 21:33:07,2018-05-17 15:06:00,2018-05-21 19:55:26,2018-06-04,1474e23709be8984d45b7463c92746b1,2018-05-13
d6705951df2cac2fe31e4701c9a29214,be216fa0ff62882b04972080bc6af335,delivered,2018-05-29 16:59:17,2018-05-29 17:30:25,2018-06-04 15:23:00,2018-06-12 19:28:28,2018-07-04,b87f39d1bac620613ed4f616ab997120,2018-05-29
32c6cdfda3c983d4b4d2953b9af3dbd3,06310364d1a86fb500d18a2b70a26df0,delivered,2017-11-11 09:55:38,2017-11-11 10:10:24,2017-11-17 20:58:49,2017-11-24 21:08:58,2017-12-01,95b5df391e1286f9062bc28b86465d77,2017-11-11
bc22d1005019c231fda1873c3fc71fc8,ea52ee6d81654c6e71ccb379095539d0,delivered,2017-11-03 00:44:46,2017-11-03 01:26:11,2017-11-16 18:55:40,2017-11-21 18:22:29,2017-11-27,19bedfc18c92d4e7eb6ba318a6c2033c,2017-11-03
b07078baf6a1bbbc998cdfa28e7f8230,22e10c220b507e45ada14579c6e84503,delivered,2017-07-24 21:44:50,2017-07-24 21:55:22,2017-07-26 10:47:42,2017-07-27 17:17:57,2017-08-15,40ae051016f0f531438b0bfad601ed9f,2017-07-24
1525ae17b338cdbe83eafba4135425d8,41d7e81f19a029d8c0b56f7898398b2a,delivered,2018-07-17 13:21:24,2018-07-18 08:35:15,2018-07-18 13:44:00,2018-07-25 14:38:30,2018-08-08,4839d0a5981dbf7b6eeb30c0fa5678d5,2018-07-17
83a5318382fbbea998fec6417a9b8030,70e2350198c11f4b50dee6ab81464c98,delivered,2018-06-08 10:33:45,2018-06-08 10:57:14,2018-06-08 13:47:00,2018-06-12 23:11:31,2018-07-04,ef309784561fed416ff25e05ddfe495e,2018-06-08
31f21cb58ae87d5f8f3076dcc93ec4d2,c7a4f00f2439c3d918aec59cd25a8948,delivered,2018-08-17 17:25:51,2018-08-17 17:49:36,2018-08-18 10:12:00,2018-08-23 15:52:31,2018-09-13,396bda2718b577957f49b356de0788ab,2018-08-17
9bfee44b6fa92f64b8dcc72d2170686b,29e0e64fe43d5a03a37dc252ba6a1682,delivered,2018-01-09 09:21:28,2018-01-09 09:31:31,2018-01-12 23:25:58,2018-01-18 19:03:14,2018-01-30,46636ae16b16848051748f4358d766ac,2018-01-09
bf6861804f97bcf7644f603c5bcf7784,10af356de782e4d80677dc414c3d8325,delivered,2017-03-23 00:50:42,2017-03-24 03:32:33,2017-03-24 08:51:00,2017-03-30 15:34:50,2017-04-13,aaaf9234c6309e29aed650ccaf5fcef1,2017-03-23
f847f9f6a559fe5fedf35c9542c29dbe,96563a6cccd0e1af7719f9a67929f13c,delivered,2018-08-15 21:40:08,2018-08-15 21:50:16,2018-08-16 13:41:00,2018-08-23 15:37:51,2018-09-21,62aa17c2f785fde9c5b6ecb884f63a11,2018-08-15
48e6590a35c4212b1525039dbe8cd750,193a0a61cc788e051974f428cc35df10,delivered,2018-07-10 15:47:15,2018-07-10 15:55:15,2018-07-12 14:57:00,2018-07-13 18:33:33,2018-07-18,50dd79e14ededb32e9bb71415c5ec47b,2018-07-10
fb46ec58122be3837cc47f9d175de2bf,4cad73afd092cc3432dd5ce0b5fa5d6d,delivered,2017-11-24 14:07:14,2017-11-24 16:15:04,2017-11-28 12:49:07,2018-01-18 22:13:36,2017-12-22,a0bd90735990f3eecd62e6f68aec204d,2017-11-24
ad87776df87aa84719c1be3456cbbf4d,eb03682e1118b3af176b229932bfa8be,delivered,2018-02-26 23:20:11,2018-02-27 00:00:26,2018-02-28 15:04:13,2018-03-08 21:26:33,2018-03-28,9553802042571deac62d5789ed18a241,2018-02-26
1852019948d9a47a6c035457a6f71410,a897c59227049657ec35b6e7d03edeed,delivered,2018-04-12 07:53:03,2018-04-13 02:31:47,2018-04-13 21:48:33,2018-04-18 19:38:31,2018-05-09,2737c3941b1bc81f8e5b636640b71ddf,2018-04-12
40bf40ed29a5bbdb73aaeb5eb134168f,2cb7447e1f39e0226cb412707cf38a09,delivered,2018-07-13 12:13:23,2018-07-14 11:25:10,2018-07-17 14:16:00,2018-07-24 22:04:52,2018-08-17,63dd33126cc3c114e8467d0bcee1de70,2018-07-13
c0412e955e8866bd36d56c196d1c9d82,f66f2668857fa2ede0a1d2147fe10bde,delivered,2017-10-19 10:17:18,2017-10-19 10:35:19,2017-10-24 16:07:43,2017-10-30 18:44:04,2017-11-07,7c337b5cbae22f0ecb7b756873e487b9,2017-10-19
3ecaa8212e4afe6b832d77f3d19a4932,ed4b3b6e79c4968541563daa00d1fe71,delivered,2018-06-24 09:36:37,2018-06-24 09:56:27,2018-07-04 15:30:00,2018-07-11 19:16:48,2018-08-01,9369cfd30d5a013b10431d0d644cb47a,2018-06-24
adfb15b690df8a5aa4c327edfc6ea9f3,563bb72874c0389d13629841d8cb4b39,delivered,2018-08-02 12:42:04,2018-08-02 13:25:14,2018-08-03 10:31:00,2018-08-23 17:03:55,2018-08-28,0f112a2bb59cae2ab5d4e0e129617ae1,2018-08-02
191bb83e4a502bb51e6dd4d229082939,fbb9905bfd1a8b623b15dcc1e9d76a33,delivered,2017-07-20 16:59:53,2017-07-21 02:55:19,2017-07-28 17:28:44,2017-08-09 20:25:44,2017-08-29,87b85858a07a7119ca78bd48ffdecc93,2017-07-20
be4c0eb384232a183463d7d7604842d3,28c6bfe9a3f5185dd1edba41d9e6a975,delivered,2017-08-31 13:14:14,2017-08-31 13:25:46,2017-08-31 20:24:22,2017-09-11 18:52:06,2017-09-27,5ee5cb0b1d6aaaaefc8fbc38a10b1a18,2017-08-31
afd5ca74e46f54e04d9104595814ccb1,3c12c66685930cfd507eb4201111b516,delivered,2017-10-01 19:27:14,2017-10-03 14:07:33,2017-10-06 22:35:54,2017-10-23 20:24:43,2017-10-30,67d859ff554d120ac0826e97df1175d1,2017-10-01
884989e29f137d8ce42518666158b8ce,2ea5497e8e41a40f8f2c710b627ce684,delivered,2018-07-04 22:44:05,2018-07-05 16:35:50,2018-07-10 11:14:00,2018-07-13 20:04:07,2018-07-26,6fbd2859bc9705b669fd6169da9f32ca,2018-07-04
3be920fd3c1704bf6fe6102ff9641407,2f30a62e115284c1833d742d4fd5a38d,delivered,2017-08-28 12:37:42,2017-08-28 12:50:10,2017-08-28 18:22:19,2017-09-01 21:43:37,2017-09-25,f4dbd6511c7324988850272294ae6518,2017-08-28
c925170f41b84e071f6fe928f4c16643,c894d9ce948f4d2240532e7e3a826aa2,delivered,2017-04-24 17:00:16,2017-04-24 17:15:21,2017-04-26 10:08:54,2017-05-02 14:40:23,2017-05-16,cc597fc91a95fb94739d9acbbf7d03ab,2017-04-24
f43d93234718239094d891aca09e73b0,50483dfbfd009cb9498a4c45d09440f2,delivered,2018-06-25 19:54:41,2018-06-25 20:17:47,2018-06-29 15:20:00,2018-07-05 19:52:26,2018-07-31,9052157385e24b02bce042e29232ca91,2018-06-25
3f744e5030fb02e02651eb31d5204878,1bdc548fd755c5d81e0e9ddcff5483c8,delivered,2018-07-31 13:52:24,2018-08-01 03:31:42,2018-08-02 06:57:00,2018-08-07 22:32:47,2018-08-20,e581648cf932a39025be2099a9f81cef,2018-07-31
1511a49e1c1fda8e27cee1de2b51706c,1bec5b38781c43624a3ab0fa0f79cc00,delivered,2018-03-28 17:35:07,2018-03-28 17:50:16,2018-04-02 20:05:25,2018-04-09 21:48:25,2018-04-26,c53457e1560dc42a23b352279ea1e2e8,2018-03-28
d6d3c27cbe9a9b4316cdf8d26917051c,e40d465acc4a4fb5b7c5cdd4b903b622,delivered,2018-01-13 12:21:27,2018-01-14 12:11:27,2018-01-15 22:35:27,2018-01-23 18:17:15,2018-02-07,50d38ebfa2476b95a3eef6f13619fed4,2018-01-13
ad8d7afc4ce7dd5cdee9ffb2d0f03f3a,8b1ffcf82b6eff47a8e286c00a74ff7c,delivered,2018-05-10 00:10:21,2018-05-11 03:10:56,2018-05-14 07:06:00,2018-05-16 17:28:43,2018-06-01,1cbac5082a2dbeba7f6fa37e5622be52,2018-05-10
23b89f00eb70f9f93ebe743fd79bd787,3008ff2ba551da3613146780b11a9818,delivered,2018-07-29 19:26:18,2018-07-30 20:30:58,2018-07-31 13:55:00,2018-08-02 18:59:59,2018-09-03,343734b4c50198f05c837175753511e5,2018-07-29
2cc8baa61075bfd10b12feb5c585349d,d5edff389845de1412d16950c96e563a,delivered,2018-04-14 16:56:56,2018-04-14 17:10:31,2018-04-16 18:19:09,2018-04-18 19:03:18,2018-05-09,9d6202ac13e1f4cf972d397391314ad2,2018-04-14
d2231c35916ce1b4819acbfb88730816,cb03d8ae2fe62405d0814de807d8a369,delivered,2018-01-17 20:58:54,2018-01-19 02:38:37,2018-01-19 18:27:57,2018-01-24 16:33:23,2018-02-07,04ec69b79016471f4fbca1f9c00ce65b,2018-01-17
363a9cad1728c3e133254825f3e853cf,9b39fd84d3a948bb2af53bcb2d57e69c,delivered,2017-11-06 10:57:21,2017-11-08 03:26:48,2017-11-16 17:36:00,2017-12-04 22:03:10,2017-11-27,c9f633ba06746056943f5e6d4bf1f1cd,2017-11-06
db7576b1fe440f4c0a808855aacf0948,fc30386d1f0ca6d7f48845275ac0cd23,delivered,2017-01-05 13:37:27,2017-01-07 03:44:27,2017-01-11 15:37:55,2017-01-16 14:25:01,2017-02-13,6222ef69df52b4ed71be551725551cc0,2017-01-05
9255ad2a47494da79baea8e89933d2ac,e48ecbefc8de969c3addfb516ea3bc19,delivered,2018-02-08 04:26:15,2018-02-08 05:30:07,2018-02-08 17:48:58,2018-02-17 13:32:30,2018-03-19,c357a4c1c1e6e71daf49b9a41cbccb9c,2018-02-08
84c1ef4f5624b36f93862b353cd6fef0,707c311b1066c896632b320852cd3900,delivered,2017-11-10 15:36:04,2017-11-14 04:26:55,2017-11-21 14:22:03,2017-12-06 16:38:43,2017-12-05,460cd758614a0be9739d2f8d9bc1494d,2017-11-10
cc53e94bb84070cdc9969ba71b3eaec8,44acabc45f7d329effe63f3aa22245ee,delivered,2018-03-22 12:57:22,2018-03-22 13:15:34,2018-03-23 01:55:32,2018-04-03 09:42:05,2018-04-19,2cb553ee01d6cd0b5024207c4772f790,2018-03-22
dd1b512cf445a2e1d58c294c4d5093e2,e9f77211e2963936cd6aec45f8a5f195,delivered,2018-07-23 19:40:12,2018-07-25 02:45:11,2018-07-26 14:14:00,2018-08-01 12:12:42,2018-08-10,a868a4839de521ea81a9b6662725e969,2018-07-23
5f73bbecd9ccefd0b80eae3c8b114736,2bbbd7df0586aaf94b0505b6f20fe05f,delivered,2017-03-31 10:32:10,2017-03-31 10:42:27,2017-04-12 13:44:54,2017-04-19 15:42:38,2017-05-03,d544e1852841756a816e484ab10218ef,2017-03-31
a9ad04772c6cf0d63efb9444ea80bbaa,eab2880591a21d4581a807d98d67f489,delivered,2017-11-06 22:46:03,2017-11-07 05:32:22,2017-11-07 15:17:36,2017-11-08 22:58:32,2017-11-17,8291b8ed19153d9a5963404db18ece91,2017-11-06
29e438b97b6d677fa72eeb836259ac4d,2e6bfc32b964709f5b065f57c809db2b,delivered,2017-04-09 16:59:13,2017-04-10 17:02:17,2017-04-12 12:35:43,2017-04-18 14:51:38,2017-05-02,d3201e9d7d3f88bbd8f6b69b49484cda,2017-04-09
83e57ebcbcf567c776aeb9c96f9181f3,bdcf33d907fe2aebe8e1dc1f936af750,delivered,2018-08-09 15:05:05,2018-08-09 17:24:52,2018-08-09 15:24:00,2018-08-14 18:11:40,2018-08-22,06ec3677cee4b59c27b290bf07288bf5,2018-08-09
f1b070043fd1979039538e8644181f9d,f081a6d9b9934d107db41cd0e35fc36d,delivered,2018-04-06 20:34:39,2018-04-06 20:49:07,2018-04-09 21:26:51,2018-04-10 22:19:19,2018-04-18,c0d054c9242f7eb23cb93ac5df3e1f7a,2018-04-06
cfc11850b5712ee41775f9cddd809b85,a1374f269ff1b4e12688de1df1be6e71,delivered,2018-01-10 13:41:27,2018-01-11 02:48:30,2018-01-15 20:54:45,2018-01-18 16:05:45,2018-02-06,7ca08b0335744e749a9427d7c380fcb0,2018-01-10
3905a00bbf19b69bc9875bd40c6fcf5c,4dbbfc58da1f30d49f397bddc200802d,delivered,2017-11-15 21:27:34,2017-11-15 21:46:39,2017-11-16 17:16:47,2017-11-29 19:29:01,2017-12-22,370fc389ba7d626700aaba66fe4e0afb,2017-11-15
e96a4c3bfb4afc0cb895a76f5ba0440b,09241c552e9fe2420997a6c535e9d408,delivered,2018-04-15 21:23:16,2018-04-15 21:35:12,2018-04-19 11:58:29,2018-04-20 20:47:43,2018-05-02,44e9a1246448bd68a2e3bf0f1966c57a,2018-04-15
fae3a27fae556e4943abf630277a6efc,279b1deb50e8e49c1a26ddc168600240,delivered,2018-04-20 16:27:50,2018-04-24 19:22:00,2018-04-23 19:31:45,2018-04-26 20:12:10,2018-05-18,b8c1f5851e20652c246eba4430d09fd1,2018-04-20
b1fd045765d02d216fa215c6ab6461cc,3b071474c089226e0f57cc29a00ac6e9,delivered,2017-07-09 16:21:13,2017-07-09 16:30:13,2017-07-10 19:27:19,2017-07-14 19:51:37,2017-08-01,de0ac01473b18f630b7716f13463fe54,2017-07-09
5bcde4ca8f0878aab60dc18cc310fa4d,756081646e96cb2e48ecd496079a688a,delivered,2018-07-18 11:53:31,2018-07-18 12:05:14,2018-07-18 14:03:00,2018-07-23 17:31:04,2018-08-03,ec8af13dff28298b7d6e1eb553838871,2018-07-18
8c773ab2b6b214fa7ec9e401f2026e40,fa47b342250fe2d6bf2b4d83d7c81e94,delivered,2017-09-21 19:06:49,2017-09-21 19:24:22,2017-09-25 19:07:55,2017-10-07 19:08:44,2017-10-13,8e8c4acebf28ff8b76b0c3997fed207d,2017-09-21
643072b191b07f013f4d88ec43acb812,760f3b1f882a27beb42debb97ae28974,processing,2017-07-27 23:06:39,2017-07-28 13:05:11,,,2017-08-30,e3831c182c46cc5ff4bfaacb4b9c9dfd,2017-07-27
d3eb3d3d09637fa9093a25b933eaf1d4,12d891f44ebd942b629fd4e0916e9e34,delivered,2017-05-27 14:01:19,2017-05-30 05:02:36,2017-05-30 09:19:53,2017-06-13 11:42:06,2017-06-27,dddc4e88313ca50c8937e673154e365d,2017-05-27
5fc64d4205c6a465db774fa064e4107d,845dcc9e2b9f736be62c55199f7b7649,delivered,2017-08-29 08:06:12,2017-08-30 02:16:17,2017-09-01 21:02:42,2017-09-08 19:22:14,2017-09-21,88f6dfd4825495a6cc844cb4a6df8b83,2017-08-29
f104033beebfd7e8f12217531c2275f9,4cb8a348a32b76300b86cc1478882be4,delivered,2017-11-06 14:20:14,2017-11-06 19:36:58,2017-11-07 20:08:33,2017-11-14 20:29:30,2017-11-30,d022f60348d070258d57c290636badea,2017-11-06
2049584f67990d0732321de66fb36c55,ed92d1913b9c8d523d1564eda756d622,delivered,2018-03-02 23:32:54,2018-03-06 03:55:30,2018-03-06 19:07:55,2018-03-22 17:04:37,2018-03-26,2174266e52ebdd52f931b2b3396129f3,2018-03-02
63ac66255bb4562cd506681eb19c5be4,0e27a2aeccb3a049d9d3acf1b9561fc3,delivered,2018-08-06 17:44:32,2018-08-06 17:55:26,2018-08-07 13:29:00,2018-08-10 14:06:17,2018-08-24,d1ab24ff7d73637cd27b282b4ac5ace5,2018-08-06
221551c6f382d4a72ae787a2b65c2ccc,347e101206864757b72e2b1b64a3cf5a,delivered,2018-06-19 15:05:11,2018-06-20 02:55:33,2018-06-28 12:08:00,2018-07-10 15:26:26,2018-07-26,5f00d0a7f1275796fa78f1759fbe9b21,2018-06-19
9218159b7b4899ff64d48431905c03b6,0efcf77f4835470b9d86604a7a754aa0,delivered,2018-02-07 21:41:13,2018-02-09 02:35:22,2018-02-21 10:49:55,2018-02-28 13:07:41,2018-03-13,42533049f1559bc955d4b8c8df3105c0,2018-02-07
c1e3438118cf08ca6a976e20295afb1b,c9c9bc29218c998759821344e429a60f,delivered,2018-02-24 18:01:14,2018-02-24 18:10:37,2018-02-28 22:43:12,2018-03-10 15:05:43,2018-03-19,b85a5b9aeeaa99c68fa77a2f62ccf744,2018-02-24
1da60f73e3ebd1c7566be78f0cf00f98,1a885911cd0e37973686a8fc922bff94,delivered,2017-09-12 14:03:00,2017-09-12 14:10:24,2017-09-13 13:24:55,2017-09-26 19:55:54,2017-10-02,d8ee170322578431ae404d0c510f9d3d,2017-09-12
6fac3b0946f1bea16dc2cd1cb032aa92,7db355df99a56ad307464851d9f45e23,delivered,2018-01-17 09:09:28,2018-01-17 09:30:52,2018-01-17 17:49:04,2018-01-31 11:33:14,2018-02-21,b8d470b6fc70c435256c11f6e0352620,2018-01-17
da1614839066b897fd837a7898bd26e0,20efb5c040966aba7e0300047a229831,delivered,2018-04-30 08:53:46,2018-04-30 09:10:01,2018-04-30 16:53:00,2018-05-04 19:27:40,2018-05-17,60fe2517dd348a6a19af00cdec0d1efb,2018-04-30
96483030ebe9ba32808037bfadaa1119,58c5d9ae5381c6f89991aa8504c131c5,delivered,2018-05-12 12:40:16,2018-05-12 12:55:28,2018-05-14 14:29:00,2018-05-31 02:48:31,2018-06-06,5379abd0aee69ba462dbfac354a5dfc0,2018-05-12
a9f11c56bcbe844bc11934ac128d5b82,335c4adf6c5d371418f1f44a1dc2c428,delivered,2017-06-13 18:31:19,2017-06-13 18:45:10,2017-06-14 13:53:32,2017-06-23 10:51:23,2017-07-12,8e34c7a599a50db0005e0df4349059f8,2017-06-13
c609f82bcf7a90292a5940205ebd7e93,b08064e24083fee8fbe8797902b07ecd,unavailable,2018-05-13 16:45:55,2018-05-13 17:11:58,,,2018-06-05,035f60af6e7d7f78470e9443be08d339,2018-05-13
92f654ca285e336e08ad955c7c5761a7,1ff6c31571ee9a69f0ebf6327da0920f,delivered,2018-06-07 15:22:07,2018-06-07 15:40:33,2018-06-08 14:01:00,2018-06-12 12:33:05,2018-06-18,929c91a789e8f7abc11aa35bc009a50a,2018-06-07
5e42b08c85265b0991546c0551956b87,96c539a8b0ec601832479366f6e937f0,delivered,2017-06-04 13:48:45,2017-06-04 14:05:05,2017-06-09 21:10:10,2017-06-16 14:47:44,2017-06-28,330a92733f0efd600a06000d0e0c047f,2017-06-04
c145341df96866c0282d832acbda1225,ec3ec417b16fb18d288705ec41bdd297,delivered,2017-05-06 16:19:08,2017-05-09 09:50:25,2017-05-09 11:17:02,2017-05-12 17:53:36,2017-05-19,288ae9eef8aea0a10244894a9688b226,2017-05-06
6d4fbffb6862725cc8485066b8aca192,747ac70e4caa61315026312e740a1346,delivered,2017-05-15 21:29:32,2017-05-15 21:42:54,2017-05-16 10:52:51,2017-05-24 17:44:05,2017-06-08,b0c349820985b658bd337d5e317e7e84,2017-05-15
cea5e0855983d7dea24b0b20fae2008a,c6ff6fd9176187686250b6305139f9a5,delivered,2018-04-20 16:46:17,2018-04-24 18:59:21,2018-04-26 13:42:00,2018-04-30 15:33:16,2018-05-10,a4924e835eb827cc2f0a779e32a6d0a6,2018-04-20
295458b743d8f806fbd5fb290d0b1b8d,4c5c67635f3cc2b433d6212e6f5c0ec8,delivered,2017-04-03 09:50:46,2017-04-04 05:55:29,2017-04-05 15:51:03,2017-04-13 17:08:58,2017-04-28,45044049e27a8660cef7b3914c0c5675,2017-04-03
0aeb0613e8d42e1a7f122908bee18eca,2ec5baba2248f403e2877fa9e679045a,delivered,2017-09-13 16:35:28,2017-09-13 16:51:30,2017-09-15 17:57:38,2017-10-26 19:24:38,2017-10-13,a8a45b31b10712524b5502ac6bc37c1c,2017-09-13
167b62d7c79628cf5f36776281be5731,ad0a1c45e76e4608a273cfc5616042de,delivered,2018-06-12 19:42:08,2018-06-12 20:06:39,2018-06-13 14:58:00,2018-06-27 10:42:22,2018-07-18,5d483354cd9a5cc8193a395910f51fb8,2018-06-12
a3d20c33ef5a2ef98d27444699be5715,2cd0b919411c93078b6169037903815b,delivered,2018-04-07 13:29:31,2018-04-07 13:47:56,2018-04-09 17:08:33,2018-05-05 14:37:52,2018-05-11,12cbc780c5224c7a0b11551d1283a5c6,2018-04-07
98f5ba265609a7205ee3467ccfdd96c4,7a209c7e4801e89a787510aef7bdea77,delivered,2017-12-27 10:07:27,2017-12-27 10:16:54,2017-12-28 21:58:50,2018-01-09 21:45:30,2018-01-29,a534aaed79cdd3f6ddbc7068c1f2a58c,2017-12-27
e3adb1c6d76fb05369fbbc2b8b9f6c3f,3a5f9131215d3657087b12cffe31903a,delivered,2017-03-13 13:50:42,2017-03-13 13:50:42,2017-03-15 14:37:50,2017-03-22 08:42:10,2017-04-04,8bc858ba94ec0bc49baf3ae32bf06721,2017-03-13
cf165c316414f3f5ef8fe2ef84a443c3,ac734542905d1d9388c7cac465361984,delivered,2018-01-30 02:02:30,2018-01-31 13:32:25,2018-02-07 00:11:59,2018-02-15 19:22:02,2018-03-09,821af681d12f9cd66b20cd1d1e7c02ce,2018-01-30
013aa6ba5077072401773f83f1ee6408,4c91265edcfe58dd5ce2dcdb2fba7813,delivered,2018-07-25 11:31:15,2018-07-25 11:45:10,2018-08-02 13:27:00,2018-08-15 17:55:38,2018-08-20,289bc385e927d2777efdd16b74040d1c,2018-07-25
5bec9dad5626dc4e86bf625a3a6d0523,acab1931f3327c583da518ee45806014,delivered,2017-07-24 18:11:59,2017-07-24 18:25:22,2017-07-26 10:17:43,2017-07-27 17:06:30,2017-08-11,7f190842e941467d1007a45f6a92fba8,2017-07-24
ef690426d84aff4f5560cb63d1092557,fcf4489206e85420f841813c98df6e33,delivered,2018-01-07 16:31:00,2018-01-08 16:28:17,2018-01-09 23:33:13,2018-01-13 16:58:55,2018-02-01,fb02be38d9f68f432f8992d9a7898fdf,2018-01-07
345de0cb4a0a058abaa652096fd1f89e,faae7c482c489250578077e52576b3e9,delivered,2017-06-29 16:24:53,2017-06-29 16:35:45,2017-07-04 14:03:00,2017-07-13 18:59:56,2017-07-25,b9665ce6b69c18fd936289caba833265,2017-06-29
fbe1661023a94e53d4ec2c938e38c8f2,4383f87d5f45debd945f3ffede25398a,delivered,2017-05-01 09:35:45,2017-05-01 09:50:11,2017-05-03 12:10:34,2017-05-05 17:42:02,2017-05-25,a637f956dfe66871006404aa52599594,2017-05-01
3398d0aab09ae1ec063d32622b15b1ba,b2f930a6508108d4a877ceb27a66ff77,delivered,2017-02-12 21:19:29,2017-02-12 21:30:17,2017-02-14 12:17:33,2017-02-22 15:52:25,2017-03-14,6af912a2dee1caa36c9688653fe0666b,2017-02-12
8fe2e00c742ffd8ef837c0651c76166c,bb0801ebc512fa519601419633953eb2,delivered,2018-04-26 17:03:00,2018-04-26 17:31:47,2018-04-30 06:19:00,2018-05-07 17:04:54,2018-05-25,5f293f204d85d3b610add6e87bd2f6b6,2018-04-26
588454faf6ae4ce8b0f387e19b7115a2,1898e33d23781c0e4574a114fe73c73d,delivered,2017-01-10 13:58:33,2017-01-11 02:10:40,2017-01-12 09:58:14,2017-01-20 16:11:31,2017-02-28,1ae78cd8cf034823e5cca58266ca894e,2017-01-10
2b28a74a8b08931237c8f73bb7262bcc,37f3ba51e96268505c74bc8cc6fd252d,delivered,2017-08-02 12:47:03,2017-08-02 13:05:18,2017-08-02 18:07:29,2017-08-10 19:27:33,2017-08-24,e3d1626239aa78a1219476535c6675af,2017-08-02
e979ae327ab74afbaf6f54421c6e4d74,67672ce6d9f5650e7b59142d7e15ee62,delivered,2018-05-21 13:14:36,2018-05-23 02:38:13,2018-05-23 14:17:00,2018-06-04 23:02:11,2018-06-14,2592d8288b059b0c2aa01cc56901f625,2018-05-21
c0b6d4c66078f849fe7e8baf7276888d,264cff0b093508acd289c3f780b1d66b,delivered,2018-08-18 20:32:59,2018-08-18 20:49:57,2018-08-21 14:49:00,2018-08-29 11:47:46,2018-09-05,3b0dbe4a609266add687a14510b8e74d,2018-08-18
5e754503796f05f2ad0541feb16a6a85,ff9ec39d2bb09243f0139f792ad1ec7b,delivered,2018-08-22 20:38:49,2018-08-23 02:50:24,2018-08-23 14:12:00,2018-08-29 16:43:25,2018-09-14,ea6c32cd21c1105cbdc3a6e10c14a75f,2018-08-22
667c96777c18991310cd8d38335962a1,339ee61d8cf9ede8b5927f7e40e122cf,delivered,2018-06-05 11:43:48,2018-06-05 14:31:31,2018-06-05 14:45:00,2018-06-12 17:08:07,2018-07-04,441da348cef20729e8e3a7135de70b26,2018-06-05
6de82414b08e811561e73db3df4fb9f1,e6c1524bfeec6ab7722d1ac3a85c4fcd,delivered,2018-08-20 09:05:16,2018-08-20 14:32:07,2018-08-21 14:14:00,2018-08-27 21:19:47,2018-09-10,f466065918d73e3fd6c117f675131d8f,2018-08-20
32d522d28c7a6cf525cc85599d763c65,7fcc90e66d1388fd1806614f67bcb487,delivered,2018-03-12 09:04:37,2018-03-13 04:10:24,2018-03-14 17:03:15,2018-04-03 22:40:57,2018-04-06,7425d2cda9e27f4d8e4f27d2d9451755,2018-03-12
377eef73ad584b24afe1da9bb3edd04b,de171c2b8c93519f31418e3512fd74d8,delivered,2017-10-19 16:48:46,2017-10-20 02:56:24,2017-10-20 20:11:30,2017-10-23 20:49:38,2017-11-07,07a787d9ee33254f26f9447fb9314b63,2017-10-19
0a2c8538b97333899a075ae94b85b037,7224fe0e862b9561bca105d385baccca,delivered,2018-03-12 11:37:48,2018-03-14 02:55:38,2018-03-14 20:35:34,2018-03-17 13:08:32,2018-03-22,bb8e665087c1288be40fc50737601ee1,2018-03-12
8180b588f7239fba96aeaa6985040c1a,733c209ccd9653f70557611cae3c33e4,delivered,2018-02-16 20:00:03,2018-02-16 20:10:25,2018-02-20 22:57:05,2018-02-26 17:04:44,2018-03-13,c5701af5579a4f9ffbc56ca596b60e30,2018-02-16
5d84d2af140f3d69293995b16e8f8eeb,3cf1e152f5f67aaca5dd7c13e375713d,delivered,2017-05-18 15:38:31,2017-05-20 04:15:12,2017-05-22 09:41:01,2017-05-29 12:33:59,2017-06-07,5dd2800b9657f7ba5673bac5210fe0a7,2017-05-18
7dbdda97c8aa87c003f73602c45e4f90,86a98f38a86ef73afdfdcba36be9402c,delivered,2018-03-27 17:27:08,2018-03-27 17:48:40,2018-03-29 00:51:11,2018-04-13 22:11:58,2018-04-30,b7819ff8ba01e831de54cb4081c62aac,2018-03-27
1149d72adba9246665c80103bd7011c5,d621d7e38d772ec39f30e6cf2329d708,delivered,2017-07-29 22:51:35,2017-07-29 23:03:37,2017-07-31 19:27:50,2017-08-23 18:13:51,2017-09-01,3a2f0f539c7d4b0abdf37c3ae960264f,2017-07-29
1722f4de186ebcdb68411641263f6ae2,093e02292e3d50a0e2d37a5c9d77dbbf,delivered,2018-08-05 12:32:31,2018-08-07 04:25:24,2018-08-07 15:54:00,2018-08-11 19:34:51,2018-08-16,004b9b1634b7becda8eec4e96bced882,2018-08-05
512f7787a2182fd11754598a2a1b4e03,1a4497c40c34c9c41256cc3a7422d97c,delivered,2018-02-18 20:49:54,2018-02-18 21:50:35,2018-02-19 16:57:17,2018-03-07 00:53:46,2018-03-14,d75d27885b9b2f0df5a3509dee472b34,2018-02-18
e10c9ad36c79606f76bfc8da8eb83aa5,8effdb78a610cf0b7452f1fb02e7ab9a,delivered,2018-02-03 14:33:03,2018-02-03 14:49:39,2018-02-05 20:57:11,2018-02-14 20:36:52,2018-03-08,9735b1a02ad4d2b3747e9a74cad789a1,2018-02-03
9c978d47acdd5de3c4588d5af74c5c66,01391e5f325943c1d9dee9e6202aa7e5,delivered,2017-02-18 16:32:17,2017-02-18 16:45:08,2017-02-24 07:53:59,2017-03-08 12:09:33,2017-04-06,99aba93205c163f13fda5babda17e6c5,2017-02-18
106d077c4997efaa9e2221af8ebf2c22,0fccc41bbc39fdf529019305f1db8113,delivered,2018-01-29 09:49:44,2018-01-29 09:58:42,2018-01-30 18:05:48,2018-02-06 15:05:00,2018-02-22,3c4dee3f55b5016ca503ca10cd98c12a,2018-01-29
278e7730f7062014d198fbf20451b935,a5515803cb77c11e29d6ff219f704309,delivered,2018-07-30 11:57:40,2018-08-01 16:31:40,2018-07-31 13:03:00,2018-08-02 20:22:25,2018-08-02,4d21bcf9b7309d5b97176d15ffa30d6d,2018-07-30
3e290444f5680a0f8a95b7d87980a358,f072965e658fe6c9591cc88d5b6cd9fe,delivered,2018-04-15 20:44:23,2018-04-15 20:55:36,2018-04-18 17:04:33,2018-04-26 15:44:25,2018-05-16,e10662a3c58883158721bcdbeda7dc78,2018-04-15
64eb693e04aa8e46522872834d4dbe03,1702930a3b6e173f7ac11b692a0390cf,delivered,2018-06-18 20:09:06,2018-06-18 20:36:39,2018-06-19 13:43:00,2018-06-27 16:24:34,2018-07-16,ff1b91c908fd2b33214c1faaea69f0e7,2018-06-18
c8114f17241723311fd349c747e151b0,d3acf0cb35c7f65f74ae144bcd967965,delivered,2017-07-16 18:14:49,2017-07-18 06:15:32,2017-07-20 22:42:14,2017-07-26 12:59:39,2017-08-28,a5ab01d672d5b6076a01da21446543f2,2017-07-16
ef4e75686c79d2eb0f53648928f9add9,61243a439b7024dbc182245abdc37c2b,delivered,2017-11-24 21:37:07,2017-11-25 00:36:01,2017-11-27 20:51:28,2017-12-12 13:35:28,2017-12-22,2707b48ba1240c559f1088c2e696e1a0,2017-11-24
d2ee62caaa93703fb0562d3bd6f74dcd,38247382c098741cabd562674561e72f,delivered,2018-04-17 16:34:47,2018-04-17 16:52:13,2018-04-20 19:48:32,2018-04-30 23:02:06,2018-05-17,824409ad239e3bda3436d53b4b4ed0cf,2018-04-17
6917bf2ef92587d31987c8c01aa1b4e0,782439c1913d6f928285350906a9662f,delivered,2018-08-25 20:26:35,2018-08-25 20:35:13,2018-08-27 15:10:00,2018-08-28 20:56:30,2018-09-06,781b5890a0c5604582557e2125b42ada,2018-08-25
dbbfe6ff2cb66699ef8bd6725226c011,42fb1d5face0f66d488aa7b934bb6e2b,delivered,2018-05-14 14:57:44,2018-05-14 15:17:38,2018-05-17 15:06:00,2018-05-18 21:54:52,2018-05-25,43ccb0790ee9a0c81036189eba431455,2018-05-14
464cedd739a103ce68a9fbf5812523ed,c91399cba7a537840d0db2f5906accfa,delivered,2017-07-12 22:26:51,2017-07-13 03:03:42,2017-07-18 16:54:52,2017-07-24 18:51:43,2017-08-07,ad2d120d542a2b6fe4f4d23d7f9e597a,2017-07-12
d43c3e1412d9022efffd1148ece29ef0,6c76d4b3946e791e65b33173ffc14da0,delivered,2018-03-16 12:50:22,2018-03-17 02:50:49,2018-03-21 22:45:41,2018-03-23 01:26:32,2018-03-28,af0450a3075f107a38cd7daadc98f990,2018-03-16
d7a77baab69330a11a384b31591498b3,4911d0b5eafb98f3062baef57f9ebf83,delivered,2018-07-13 13:34:08,2018-07-13 13:45:23,2018-07-19 12:33:00,2018-07-23 15:56:39,2018-08-03,6df2bd5869a4c38e1fc523345514427d,2018-07-13
ee85f68477a9f40e6229ffb383a21d72,bfa14233442fe7379952ddfae5b270c8,delivered,2018-02-09 17:21:16,2018-02-09 17:35:32,2018-02-14 15:27:02,2018-02-15 23:09:39,2018-02-23,b03c7bc7f895e2b5555cd1771fff030a,2018-02-09
b2026cc24ae47d44bdfb8fbe3b38b78d,bd5f97a553bbec7fc62b0f7866b62447,delivered,2018-07-26 23:01:59,2018-07-26 23:40:06,2018-07-27 12:30:00,2018-08-02 22:28:39,2018-08-16,f9b4169bdab0293468c4313e339d42fd,2018-07-26
cebe614a9a5e9acd39e3cecceb95d3bd,4a72cdbfe299f4c1cb76450b1926dc1a,delivered,2018-02-14 19:35:54,2018-02-14 20:07:18,2018-02-21 20:27:11,2018-02-22 21:25:21,2018-03-02,0236e0a7664e478c1c5713ed4d51f906,2018-02-14
356ea36ebe22ad07450d83d36a348270,3a27240363d85547bdbec2d23b0b0ab3,delivered,2017-05-27 17:37:37,2017-05-30 04:25:34,2017-05-31 03:13:05,2017-06-05 17:27:39,2017-06-19,f78ebc2888070d168ab8064495acaf6e,2017-05-27
f539d0423a5e7bd1ec489c23211cf9e3,03510abea6b35f3fd38e50b4e8f8287f,delivered,2018-02-20 19:27:17,2018-02-20 19:47:34,2018-02-26 15:18:41,2018-03-13 23:21:59,2018-03-12,71df407626dad5f591620b980441e6b5,2018-02-20
c2d3596a04c210110354bc6e84240658,7e7f2883e880909409b7ce80db935258,delivered,2017-03-02 12:52:43,2017-03-04 02:15:30,2017-03-10 16:48:10,2017-03-16 18:20:07,2017-03-23,0a3cffa08d09f9de9a7cec6c142cf378,2017-03-02
07015ec9fa46c951514edc46a108d719,a7adc93e1086eab42f28ee3d1c4b77d5,delivered,2017-12-30 18:25:34,2017-12-30 18:32:28,2018-01-04 22:38:01,2018-01-28 14:36:47,2018-02-02,a45d660d406d3bb802771cc015114f28,2017-12-30
a033e71a9fdc7a30404bd7a39d3ad173,7967273ffe4b8e02d0fde3762994b1de,delivered,2017-02-11 17:06:41,2017-02-15 11:32:13,2017-02-20 04:34:06,2017-02-25 02:38:36,2017-03-10,08ecae869722212aae44bea2bffdb7ee,2017-02-11
148e062419478699b7c98e0666e538a8,7d8755c31a7f2ea3e2b42c1d72707c8a,delivered,2017-10-04 14:15:17,2017-10-04 15:25:58,2017-10-06 18:27:19,2017-10-11 14:50:06,2017-10-27,17f02704cb60e83630208264b5d9431b,2017-10-04
fc297415452e5dc0d06afcd16e864ca8,9f1ce9707ac4a64d4d9e99339fa0b08e,delivered,2017-10-30 22:06:35,2017-10-31 10:28:11,2017-10-31 17:47:32,2017-11-06 21:06:43,2017-11-16,9aac2156deafaab1ac9f858c01a4ad76,2017-10-30
3712bf9e4525972f61949a33072fcca1,e3a4128a53cbd4ff83c47fdfcad702f6,delivered,2018-03-19 16:21:11,2018-03-19 16:30:51,2018-03-20 18:58:54,2018-03-26 16:07:43,2018-04-09,744d867e8a1423f736e0ca88f9f3fc23,2018-03-19
9776c1b12ae5fd1da578a2b8e064f2a9,349b3b4346e71035d7bff5fd4980f5de,delivered,2018-08-13 23:49:44,2018-08-14 00:04:12,2018-08-16 15:24:00,2018-08-20 23:02:32,2018-08-22,4affc8f04011f35b1b1411bf56841f0e,2018-08-13
fa3cc6b1b48c7b730f6c4c43e423c5aa,5d1caf9872c76c10e211e5b25d061ab1,delivered,2018-08-02 17:53:47,2018-08-02 18:05:31,2018-08-03 10:01:00,2018-08-17 17:56:25,2018-08-30,c506a1a7fe8a6dcf1361f1bd55612eda,2018-08-02
d789033ff5cafc7de5e78d639e026c72,146416a4e83af4a088d237ec9731523a,delivered,2018-02-05 21:45:33,2018-02-05 21:55:28,2018-02-06 18:08:28,2018-02-21 15:15:06,2018-03-15,5efb615ee15914471e03341faab98247,2018-02-05
74e4eb74d4d588aecf5a7c58c56345be,5456487b3c180178ee34fbb76bb7b0ce,delivered,2018-07-21 11:58:25,2018-07-21 12:10:13,2018-07-24 13:27:00,2018-07-25 18:03:28,2018-08-17,fdc5ce08d209ea6beed3052b8bf4e19e,2018-07-21
7b966a23d891f3f129f1bd76dfcfced9,11adf848a888e157c13ef9b5998eafdf,delivered,2018-05-16 10:55:26,2018-05-17 03:35:17,2018-05-22 12:37:00,2018-05-23 22:36:43,2018-05-25,ea0a77801d0fabb7ee9b7f92e8169eeb,2018-05-16
dabc3532f4548867a4095bb24ad1f66e,42ceed495d827c53515fdd269934ed96,delivered,2018-02-26 09:14:31,2018-02-26 09:35:39,2018-02-27 21:09:40,2018-03-02 15:58:40,2018-03-12,71c99dc35fee93881af2d5a1edb24442,2018-02-26
5c973d2b4652e1dec15353b59339f3b4,8a863458d761a9b40faba0ea98094eb9,delivered,2016-10-07 10:45:48,2016-10-07 12:13:51,2016-10-11 12:13:52,2016-10-14 12:13:52,2016-11-25,37d1cea760ff9b96298e678a10b02c85,2016-10-07
ba736edc6e8f0e518cb66499bd46d774,69f08e0e159fe4bea4f387eeb8a57634,delivered,2018-01-13 12:41:53,2018-01-13 12:51:21,2018-01-20 00:33:20,2018-02-02 17:28:38,2018-02-09,bb29c4f31e922ea941d2d3fc825f376c,2018-01-13
84aaa1a774e37a0a7c1a5413dc49e168,7cc4123da344ba5ca2fa23c0f7903fce,delivered,2017-07-21 10:03:34,2017-07-21 10:23:25,2017-07-25 19:45:28,2017-07-26 21:13:05,2017-08-03,a6b38dcfe711532c6f588ca185770b2d,2017-07-21
d4e497fbb372f7fa8565a310a7243b53,148d65cf58e13521241d8f9206ee1348,delivered,2018-07-05 15:59:09,2018-07-05 16:35:33,2018-07-10 15:42:00,2018-07-13 00:38:40,2018-07-24,f57ae1f3a7628aa20b859bac24cd8058,2018-07-05
bb24f9658de05baa4397140cb9116911,a091a44d41f56b046ebfc36aea2c96fe,delivered,2017-04-19 23:03:55,2017-04-19 23:15:20,2017-04-20 17:36:07,2017-04-30 09:41:44,2017-05-09,a3869c580baca0193761f8c48e293266,2017-04-19
1ad675bff9dacbdbd5333b02fc828d92,f70e2487eb11214e14b72c1c6d340eee,delivered,2017-11-27 22:00:14,2017-11-27 22:18:10,2017-11-30 19:45:35,2017-12-06 22:33:18,2017-12-11,f4d9ec9a7d7f8ab6869a1c454ca71b51,2017-11-27
8eaa57692984fa5db36b0fdeaf44b66a,c9585548cd0d00a3ab9fc16671ce1f65,delivered,2018-02-13 19:06:14,2018-02-14 19:00:31,2018-02-15 20:53:18,2018-03-19 12:29:09,2018-03-14,5ac97f3cac79cc2ffd9ddbbdda636bd5,2018-02-13
da1bae15304a82479da9efcbc567e7b0,cdd9ad4cda041fbe4deedf56eb6aa862,delivered,2017-07-26 14:44:24,2017-07-26 14:55:22,2017-07-28 21:05:47,2017-08-08 17:08:02,2017-08-17,d6079714e60399f21b26a9e7141a6f63,2017-07-26
be6229f5b2e1673b034fe6de9141b667,8d448867c298ff9f233763eb683b27fd,delivered,2018-01-23 20:27:57,2018-01-23 20:39:28,2018-01-26 18:56:34,2018-01-31 19:33:59,2018-02-08,68b866e7813506b324b387f5938e11fa,2018-01-23
6ffcafc5934324a01c7758dde8a28513,fa2eecd28c496ad4228e88fb116d24b7,delivered,2018-04-11 21:13:25,2018-04-12 08:32:44,2018-04-13 19:22:49,2018-05-21 20:14:48,2018-05-08,5f76da868a25e333850217df75857ad8,2018-04-11
246dd6417fa15cba189361fdf6907017,e1915798c4c479ac75abf35afc3dd45e,delivered,2017-05-10 12:11:22,2017-05-10 13:02:33,2017-05-18 12:54:32,2017-05-24 11:05:13,2017-06-01,336d97e745d589a1533a07536680cf2f,2017-05-10
892e01736ad734f028d207bb6578ff85,83564e084d6459291605b2d7fd3ef239,delivered,2018-01-07 15:00:06,2018-01-07 15:09:27,2018-01-08 18:52:37,2018-01-16 21:34:54,2018-02-05,e15fd1c0e29b847f07fc1b54f54d435d,2018-01-07
43124f0bf70404231018bff9b132a297,d22898ccc66640313fef6774eb39f4e2,delivered,2018-03-19 10:21:46,2018-03-19 11:31:11,2018-03-21 20:37:40,2018-03-29 23:09:34,2018-04-19,c0932bae5877a6f7a5ca323ac49e9a76,2018-03-19
dea4092d49f4c8bf9decabdbf029322f,0591f2f79bbfedf3ebcf8ef2b16fae63,delivered,2017-03-28 22:50:45,2017-03-29 22:55:15,2017-04-06 12:12:34,2017-04-10 15:35:34,2017-04-17,357aba21b8b0c1ab3df5225aa7553920,2017-03-28
ee3db58fcad4472bc02859541f6f9a5c,b70c0c3fc30dc4148b079cb7fd374e7a,delivered,2018-07-29 13:24:46,2018-07-29 13:35:14,2018-07-30 14:55:00,2018-07-31 13:52:00,2018-08-07,5bee6cfb202119f72b4ac7808af2e21a,2018-07-29
25bcb5644535c6bacdc1b64cd1a9dab0,028e29b651eae6076b5b70613201c493,delivered,2017-03-25 20:07:12,2017-03-25 20:22:29,2017-03-27 18:12:24,2017-04-28 11:43:10,2017-05-02,c7370b9a29768f59d1cd6c3aef0ba9c8,2017-03-25
a198fadedc070d85fe672afa298f1a84,3615384330cc6ab631ddd3a480440253,delivered,2017-08-14 10:07:18,2017-08-14 10:24:08,2017-08-15 20:05:09,2017-08-26 14:05:59,2017-09-08,2aa86eae0b8c66d71038f9652e3f2897,2017-08-14
acb08a83f62cfd54a98e76c21cd268fd,0c972ffe540bb0560f264c58899f5dc1,delivered,2017-07-28 04:06:33,2017-07-28 04:24:05,2017-07-28 17:58:07,2017-08-03 21:15:55,2017-08-29,083ca1aa470c280236380973a48f77c6,2017-07-28
2fd0fb45a29d604441578de95e174bb1,5a3bc3042d393b11573b5ef67e6f9a0e,delivered,2018-05-11 06:57:08,2018-05-11 07:37:08,2018-05-12 08:09:00,2018-05-22 20:34:28,2018-06-07,30a8328a39c99665deea9fe8954e8339,2018-05-11
762e43a4ec270117f892451cad4a1bb7,6a6540fb91f94cfd5d51360f75900de5,delivered,2017-09-19 12:44:23,2017-09-19 12:55:16,2017-09-22 19:09:54,2017-10-02 19:33:10,2017-10-05,8d05b680910f3d6aee403b4183c13607,2017-09-19
773e052382094f4af5d9a4a7be618971,de0d386ed51d52ffed86fb1c2a0512d7,delivered,2017-07-11 18:04:08,2017-07-11 18:10:15,2017-07-13 10:48:02,2017-07-24 20:47:41,2017-08-02,9a27c84d671dfcce14be5e6a9af0f3f8,2017-07-11
709503c0d4ce76c2fdb6627c0ca8738a,57b74a2a339ded39c128788bec370de7,delivered,2017-04-11 22:01:04,2017-04-11 22:15:15,2017-04-12 11:51:10,2017-04-25 11:28:06,2017-05-09,9a8e113829c4fd2e606481a1e7c133b7,2017-04-11
5eeac31e1838a5a8563b9d111cd09a5d,696107b2309e169b96576869e2a41b81,delivered,2017-10-29 12:43:30,2017-10-29 13:55:14,2017-10-30 20:39:54,2017-11-09 20:33:08,2017-11-17,4217e360ce860e7f32001e81531d6217,2017-10-29
364b5f3b94152788007c68501e6c79b9,e766b2237b6c87f74f34d932ca8aa2ec,delivered,2017-11-24 14:03:15,2017-11-24 16:13:18,2017-11-27 18:22:50,2017-11-30 15:27:13,2017-12-14,eba2cf1bbf4837ae43652b7cfbaf08a9,2017-11-24
d796f0a0d15e6ade192b2a03afc755cf,f0e410f972fff0c19ee79af9a33705eb,delivered,2018-03-07 12:50:04,2018-03-07 13:10:45,2018-03-08 18:33:32,2018-03-23 17:32:50,2018-03-29,0d3bd905cfc915fd3d0808ce676cec1f,2018-03-07
1f4d31c92c16cb108f6eec093728b629,d041ca80dd74bda96747b454bffe15f2,delivered,2017-06-28 13:03:15,2017-06-28 13:10:19,2017-06-29 17:56:43,2017-07-04 12:27:54,2017-07-11,31baf34c26697a6098abb7a123195a31,2017-06-28
8139c6ba17098ce29be01da362849540,2b6d1919922116d56f250fe6316bb9dc,delivered,2018-05-04 19:43:13,2018-05-05 19:50:42,2018-05-07 11:33:00,2018-05-10 22:27:22,2018-05-25,c9b7041184e570070de0d53ec79500f9,2018-05-04
ce5fa76be23d99133bb5c88b56ee3a79,6c085bf1ce3e86479e1645ee53449953,delivered,2018-02-04 17:11:24,2018-02-04 17:49:02,2018-02-05 20:07:17,2018-03-01 18:29:37,2018-03-21,aac5bc3f97ee5348fc2bca27ac651e2b,2018-02-04
8376f6035204b549b6bae5c4a7aa5a44,a2b2a36f8fc933744ce13a81e2a28291,delivered,2017-11-16 19:12:57,2017-11-16 19:35:02,2017-11-20 13:35:31,2017-12-06 21:35:48,2017-12-12,d0ed132463a9628efc1f089d52414d84,2017-11-16
8e580dc7233ba4a6f93b8de2fe826bb3,07d5cc9ef6daee5c5205f14545476b09,delivered,2017-08-28 21:12:41,2017-08-28 21:25:17,2017-08-29 18:52:01,2017-09-05 15:32:44,2017-09-20,45aa853a9151e2760eaf935622413c41,2017-08-28
1c95c0aa3b0fc5495c09cbba1793b9d8,52438ca332ca1c6752629e6dead3b43e,delivered,2017-09-19 09:21:34,2017-09-19 09:30:27,2017-09-19 22:29:39,2017-09-25 19:22:39,2017-10-09,9ef79cdfdf9ce84cd2bd5b836599c1fa,2017-09-19
b210a0936a3dd8fe4428863f8e352693,6a7100171d73419693ebd1b891f80b53,delivered,2018-02-28 10:57:06,2018-03-01 10:50:39,2018-03-08 13:53:40,2018-03-21 23:05:06,2018-04-06,15d8f37566b079fd92ae48b1de6ecb43,2018-02-28
c806951ed2556522be8fbace2f4d36cb,cb13c9337236d46c075f9096672dc2da,delivered,2017-08-01 18:57:26,2017-08-01 19:10:19,2017-08-02 18:49:36,2017-08-08 21:15:24,2017-08-23,38387af23b2136a4cd4dc2f7ce9a6c77,2017-08-01
24bbec3490c63fb110f13f2c47a5b559,92b93355d2f02a8f871ea3b01fea701b,delivered,2018-03-02 10:29:33,2018-03-06 03:49:04,2018-03-07 20:17:50,2018-03-09 22:32:15,2018-03-14,df23163cd20b2c1eb7c2a461618f5682,2018-03-02
43c20095b0f5f569fe0d24426cf8a7d2,8f1ef83e4c4114368bfa4e4cd446ad51,delivered,2018-07-07 15:35:46,2018-07-07 15:50:08,2018-07-11 18:01:00,2018-07-21 14:58:50,2018-07-31,970942ba437aa919201fe7c050e9bf71,2018-07-07
f401f2b28163b7debb21e18ba755b088,233c9ed49888da67dfd0f03789836dc8,delivered,2017-07-15 10:39:11,2017-07-15 10:55:13,2017-07-17 17:12:29,2017-07-31 19:36:04,2017-08-07,9e63391e0d6dc946ae5ec6f8a9b90651,2017-07-15
6cd651f3a661956fad760116b2745b3a,819478282706b05fe0491ca57f315e3d,delivered,2017-11-25 23:03:39,2017-11-25 23:14:30,2017-11-29 20:39:02,2017-12-04 22:42:20,2017-12-18,6c1c252f9b69c9bef97afb679650e62a,2017-11-25
55dfff244bc5d5f81d58d4148062c9b6,94a06f5121bb1ef07a8be5ee510024ef,shipped,2017-05-01 08:29:14,2017-05-01 08:42:22,2017-05-03 11:16:33,,2017-06-08,c6557ef8aee5f76221cc8e12ed3b4826,2017-05-01
9aafcc551d18b973a8088ef74ced921d,1c0ab454b61dcf299e22a64a14ae09af,delivered,2017-10-04 20:41:38,2017-10-04 20:56:28,2017-10-05 20:49:36,2017-10-10 16:23:52,2017-10-27,8f3c74f7d49be6872347cafe3899f533,2017-10-04
9d6e82d895f71ace96e14e85f57bcdf7,a1d6e13802152289fcc45e318966308d,delivered,2017-11-26 21:13:40,2017-11-26 21:32:54,2017-11-28 16:31:56,2017-12-06 17:48:17,2017-12-26,e7974277eea2ff1acbecda64bcf45b39,2017-11-26
1ef09d75953043a71a73428e15bc2f5c,572178b4530a9a986a59205bedea0712,delivered,2017-01-18 14:53:29,2017-01-19 06:50:22,2017-01-20 10:57:54,2017-01-25 15:06:36,2017-02-24,1fd8862a2eff56f95aaf5ebbb5619971,2017-01-18
60180f4646c22066c948bddfa24cb0c7,34b00598403adaca9fad22b7d6ceb960,delivered,2018-01-06 11:05:53,2018-01-06 11:19:52,2018-01-09 23:35:44,2018-01-10 20:14:39,2018-01-24,ebc871d2faef37e62e2ca7b829cd4ef5,2018-01-06
33586701609eca570b2be2c053dcba78,00f31970034cf8ebd290529f7a97beb9,delivered,2017-08-27 23:29:11,2017-08-27 23:45:12,2017-08-29 18:15:05,2017-09-08 21:25:50,2017-09-18,868e05a0868d46ae2b094037b66ae95d,2017-08-27
4b5e919faabfc4bfda408c4810e8aa9e,927915ecedbdb6b7d5af71a55721af3d,delivered,2017-11-13 15:32:29,2017-11-13 15:47:25,2017-11-14 17:03:15,2017-11-30 19:47:02,2017-12-12,452363ca0f726377078215d51ebc176d,2017-11-13
66388e4c9a0fc7c863a36fcbabbd2565,0ffb30b4b77cd3a90d847e69fe787c33,delivered,2017-08-19 01:16:24,2017-08-19 01:30:12,2017-08-22 20:54:38,2017-08-31 17:57:43,2017-09-26,71af5c7efa08f7cfdbe908141ce2d9b5,2017-08-19
ca8e9e412507bda954dc7e3cc20cb2c3,756c49a3aad3dcb06d41238f1038719b,delivered,2017-10-23 18:17:16,2017-10-23 18:28:20,2017-10-24 15:39:59,2017-11-17 20:24:27,2017-11-27,f152835caa3afccfeec72a657103d078,2017-10-23
3a221cd6b7d813e2b6cf57339f37a062,fb4d778f6b01565f209b561c9928747b,delivered,2018-02-05 20:19:14,2018-02-05 20:30:26,2018-02-06 18:55:01,2018-04-26 17:02:20,2018-03-08,01c1e31277120e8c6360c6448cbd4c80,2018-02-05
20f837a22a0326636f941c343fa912ed,5bcda612f570bbb270b49d701f062be2,delivered,2017-03-23 12:03:34,2017-03-23 13:03:50,2017-03-24 10:25:40,2017-03-30 12:27:03,2017-04-17,4789cb19c163ddcaf8620a6dfe8b5f1b,2017-03-23
5920911a4b7ec5909428e9189952b130,4debaffe51960b42acb6787611c9a20b,delivered,2018-01-03 18:43:43,2018-01-03 19:31:39,2018-01-26 13:34:51,2018-02-14 21:45:11,2018-03-12,e915905817ed8826a32e802e6419e765,2018-01-03
50674ee456f3c2c64977e8950c01f781,7b14e248ae990a7115c3c0de45cf6967,delivered,2018-02-03 16:59:37,2018-02-03 17:10:56,2018-02-08 01:08:31,2018-02-14 12:52:38,2018-03-02,d2c2a30bf1e85993ff332e136ec5fffc,2018-02-03
5880c002ad3de7fa88c10cd2412ce5f2,8beb74a4cd2645d9f4403e01425b5166,delivered,2018-01-13 19:03:26,2018-01-16 03:35:28,2018-01-16 19:59:00,2018-01-21 18:12:58,2018-02-09,ad6767caff9de0a4a57f48c38233039b,2018-01-13
825b974f88e72b86b69342568dafe286,e72306f4f0011e63cf0eee15549aaee2,delivered,2018-05-23 13:02:19,2018-05-23 13:16:52,2018-05-23 14:52:00,2018-06-08 19:14:33,2018-06-22,e57bacb680e4d578bb94cedf0ddcecfe,2018-05-23
f66700bc0daa1c69ee30003597354134,1e3cc418d008eb445aeca1e65fe1a9a1,delivered,2018-07-13 16:55:11,2018-07-13 17:05:20,2018-07-14 10:28:00,2018-07-25 17:37:37,2018-08-07,9947f15359894bf8da11bc5d10c2c099,2018-07-13
087889e1fca3301cc56532907bfe811c,458ae436ee64dcf226e07e3e80d0ea15,delivered,2017-11-28 09:26:02,2017-11-30 09:39:43,2017-12-05 21:22:05,2017-12-21 21:17:03,2018-01-03,12328d63390726821fdcd8e8b77f10b5,2017-11-28
213fa687a6a7d5d3cbcb1ac3ec9c5633,3acabfe69f5cc65c47b9d3357757758f,delivered,2017-12-06 10:27:21,2017-12-07 03:13:00,2017-12-07 16:51:26,2017-12-21 14:21:32,2018-01-03,0161ede24e46b8e50ed493e5f8b3b305,2017-12-06
d04e58d009641c790ddf6b7b41790f87,59a7da17a354b4ef42f557e5fb5112af,delivered,2018-04-22 21:00:26,2018-04-24 19:27:39,2018-04-23 19:26:39,2018-04-25 20:08:39,2018-05-14,44dbd08cc06662e0ca8ac504aac75f18,2018-04-22
54c60b5e55b7cfa229a34e7ef63ddb96,6e18192d5c8f68aa7318bf300a0cac8b,delivered,2018-01-10 18:40:29,2018-01-10 18:51:31,2018-01-15 17:07:47,2018-01-29 21:38:46,2018-02-15,7ccf66a9802ab7edf4361d8b6adead71,2018-01-10
a24556b6b72ac70719c99dea12e0aa75,3acf3c3d3ec1166c687b53e929e2093a,shipped,2018-04-28 20:46:31,2018-04-28 20:55:33,2018-04-30 12:42:00,,2018-05-23,d31f65299eed1fb5102b37943288616c,2018-04-28
36acd0e7abb8ba0ac7fba360e09c5451,42f104a41e8e13c7eaaa9d8e11e7c7f5,delivered,2017-05-07 17:21:58,2017-05-07 17:35:09,2017-05-25 08:39:27,2017-05-26 12:35:52,2017-06-27,2570706b75a967c86c0f56d2a9eeed8f,2017-05-07
911caddee9193485ecfacba64e139beb,a33988fde632872a5c5458823b9c2d01,delivered,2018-08-12 21:16:42,2018-08-12 21:30:50,2018-08-15 12:12:00,2018-08-23 18:53:44,2018-09-10,50bb522b463517d5cdcb4ce2ac2fc610,2018-08-12
17e5131fe1d4b1a8dc14d4a66914f9d7,0b8520e0d24d4e14482e01e73e5740c0,delivered,2017-10-12 17:35:47,2017-10-12 17:55:17,2017-10-13 20:36:56,2017-10-19 21:58:59,2017-10-31,d94137816541d7919b82c664a8f3937f,2017-10-12
737a2768fd261ef8391251a0ccbf150a,fdb23f61fc434280c9c4775870bb3e25,shipped,2017-06-08 16:43:45,2017-06-08 18:00:26,2017-06-09 15:12:34,,2017-07-13,3f2b884de3dec8afd74690566c328abb,2017-06-08
01115c06246220def210911556bdc0e5,7db5bde0f0fcee8817a4c317cf05429a,delivered,2018-03-14 09:20:38,2018-03-14 09:35:34,2018-03-14 19:22:05,2018-04-03 00:07:46,2018-04-04,483921f4add6c14877a38acf62151e5d,2018-03-14
3adcce2e211993b4e696031bf97409dc,8582c9ab7a8379bdbb1836bda59b5f4a,delivered,2018-04-25 01:20:45,2018-04-27 03:51:01,2018-04-27 12:35:00,2018-05-08 23:24:50,2018-05-22,af8569990cc48ad6c010776bf9c3986a,2018-04-25
1336e40005c591d3d84862f0e9035882,d54b0b684c24cdf188fdc62cf59df0a7,delivered,2017-02-19 18:53:46,2017-02-21 04:50:34,2017-02-21 15:51:31,2017-03-01 13:09:08,2017-03-17,71a13bccee2931d1d81f3d5e67e903a3,2017-02-19
e046efc2f91c44080fe99098aadc8514,cffdfdd13102c36c35e0442d4894053e,delivered,2018-02-02 08:52:50,2018-02-02 09:12:16,2018-02-06 01:23:04,2018-02-22 21:41:49,2018-03-07,5919068a10eedaf6a9a23182f46a66bf,2018-02-02
224d5440ae7516a5ca867b2d5311147b,04fd187530ffcbd8a94f5fdc33989941,delivered,2018-02-10 13:34:40,2018-02-10 14:08:24,2018-02-16 19:57:03,2018-03-09 16:38:32,2018-03-07,8e8b93eb17dd51b9b77e72eedb03dd32,2018-02-10
6111350dd1f8b825ac82e9caea339f07,d46ae795ce93d1cec2f41eea68a58982,unavailable,2017-11-17 10:23:15,2017-11-18 09:49:16,,,2017-11-30,3da26ad0ffe9feea8ce65b20cedc17bf,2017-11-17
48f1b67d362a1a223557ae1dc34acf05,0844959722ab5c6b324c6a95471332f4,delivered,2018-06-28 18:00:36,2018-06-28 18:10:39,2018-07-04 09:13:00,2018-07-10 17:27:39,2018-08-03,45ae8b71b39bd06b92e607944ff5b028,2018-06-28
bd84b661eb4bfa46487d94324e56dfec,fa37c71b257f8a67ce2e7018b3aeac32,delivered,2017-11-24 19:56:15,2017-11-24 22:59:55,2017-11-28 11:46:10,2017-12-06 14:32:29,2017-12-21,a2bdda78bde40cf6a6f02a0171885daa,2017-11-24
d43d694cf81ca89d8e50c6f3c199f0de,1e46b29a43929d0f05b69dc61a3668aa,shipped,2018-01-18 15:07:13,2018-01-19 16:59:45,2018-01-23 23:14:50,,2018-02-09,714ffea1de3f5bb655da5a3a8294cc87,2018-01-18
e801a93b3904ca9e8350f176a037047b,ae8269d850cd3a3d06a56877c450b3f8,delivered,2017-11-22 10:56:57,2017-11-22 11:07:26,2017-11-22 18:08:54,2017-12-01 23:06:46,2017-12-13,32dc2dbca1561d6ce744a1bc75103a71,2017-11-22
ac3ce7eda1246f39509a505242fcc169,f2507ea56d748a23037bb1214964e87d,delivered,2018-03-23 11:48:15,2018-03-23 12:09:02,2018-03-27 00:38:22,2018-03-27 17:59:32,2018-04-05,a52bfe7e888fed876a3ca5d66cbe7611,2018-03-23
be879f757debd3b384b540daa6ddd97e,eb3d995301c320683de629f5b4dd0c78,delivered,2017-05-09 18:03:35,2017-05-10 02:45:26,2017-05-11 09:32:35,2017-05-18 11:14:05,2017-06-01,c79bea603fab0001ff7ae295b107888b,2017-05-09
6b8986012d61963295ffa3ea869aff86,39585f08d13377e50fde35467984e6eb,delivered,2017-11-19 16:59:04,2017-11-22 03:07:19,2017-11-28 17:17:47,2017-12-18 13:13:44,2017-12-07,cf66441f7a69b9865f5af48f3fef0161,2017-11-19
f615e2f340afc051466c50c06d4a453d,e72d7c42e6184c4f88acbfa547d77a0d,delivered,2018-06-20 13:39:05,2018-06-20 13:57:59,2018-06-22 11:14:00,2018-06-25 17:09:47,2018-07-03,bfd797587c7e3c9abbce7545494cbfb1,2018-06-20
a80d0a163fe3b7a1b2b3e9a5f5453357,128ca1cce5c7b800188d3b91f8578b35,delivered,2017-10-19 11:03:40,2017-10-19 11:14:13,2017-10-19 18:18:41,2017-10-23 19:02:29,2017-11-07,6a5756679a2fc23ea8f3d34d255eaeb5,2017-10-19
1d537e412ed346acc70b0e721ba2620a,becec6158cf50315fdde081c3264fdb9,delivered,2017-12-27 19:13:05,2017-12-27 19:26:39,2017-12-28 21:21:54,2018-01-04 21:13:06,2018-01-22,e382fd8d3ae96b8df427dc2df59f55f0,2017-12-27
d83db9b9c140ed9b64cf6e636caebb04,2ab60fd96df98dda774845cbc22d5468,delivered,2017-12-18 12:45:44,2017-12-20 06:53:40,2017-12-20 16:39:04,2018-01-12 12:59:41,2018-01-23,57760bbba1b56ea6bbf29939e6c869ce,2017-12-18
3bd820484fb08cbd09f9d3f378fae1a4,6260e99309fefdfaef12d0ef8fe82e77,delivered,2018-06-01 18:20:55,2018-06-01 18:33:36,2018-06-04 14:55:00,2018-08-10 17:52:42,2018-07-17,1f4579881fb0fb755d56d2f832d64aa4,2018-06-01
996c7e73600ad3723e8627ab7bef81e4,16be3ab0d37467d1f96d6fc30613ee57,delivered,2018-07-16 09:58:16,2018-07-16 10:10:18,2018-07-18 11:01:00,2018-07-20 22:11:39,2018-07-30,99567d452c6589499a2ba8b0fd4658e5,2018-07-16
b48b94de3dabf70f47dc9c149817eae7,e90cc0e61fa7f47c18252d0dc0881bb6,delivered,2017-11-24 18:05:58,2017-11-24 21:17:40,2017-11-28 21:08:55,2017-12-07 01:12:54,2017-12-27,2885567c931ecc0489ed0ae6f1f4aa58,2017-11-24
49b04193feaab16b8eb1d3c438b28bca,2b788f6e8bf4709bf82c3ab867062813,delivered,2017-05-12 20:15:17,2017-05-12 20:25:17,2017-05-17 11:53:53,2017-05-29 11:13:47,2017-06-01,b9b777cfb696abbd3b3670a217d88c3f,2017-05-12
81d3c99b31b4d1972ce5ae0f8cf769e4,327c04fcf9630d1eadf0d4c458e37201,delivered,2017-12-12 14:13:06,2017-12-13 02:49:59,2017-12-13 21:38:37,2017-12-19 20:57:07,2018-01-12,090f946db7e506e40b54285ec53dbf81,2017-12-12
fe8841ab3a5db0eb7bcf5b2b3dccb6a6,1ac98de7a64e4f5127a181184c1fa924,delivered,2018-04-26 18:08:03,2018-04-26 18:32:09,2018-05-02 13:36:00,2018-05-07 20:45:40,2018-05-15,350e3849a76645d3f140fdb2e0a818c9,2018-04-26
f1decef53d9a81ae9e0b8e315a6548e2,c39581c5ad3fbf516202897ff89f8bd7,delivered,2018-02-20 21:44:11,2018-02-20 21:55:50,2018-02-21 20:03:45,2018-02-27 20:54:05,2018-03-12,8360142e793f3acf43ba7d5ac8e7d694,2018-02-20
f2be3946c5ae27518a65c37a05b914f9,c794b43a21994c0b726f1803d2773f19,delivered,2018-02-15 21:23:20,2018-02-17 03:50:35,2018-02-19 20:22:45,2018-02-28 22:52:17,2018-03-05,44f1e0006c036bc402c4e9d13d5a5335,2018-02-15
dc18a044b56ed174037ca164cdf2e921,4a06381959b6670756de02e07b83815f,unavailable,2016-10-05 14:16:28,2016-10-06 15:56:49,,,2016-11-29,b92a2e5e8a6eabcc80882c7d68b2c70b,2016-10-05
da36f0ed6b7669628846afd6d75a9a7c,8372eb499d7f5baf1f41b42cd6597074,delivered,2018-03-04 23:57:11,2018-03-05 00:15:34,2018-03-07 21:17:28,2018-03-18 13:28:39,2018-03-21,aada65f37d70fd659662a2fdc9b5ce45,2018-03-04
136e42854980018398bfe35a8eecf470,c30dc83700d4b4f4e9a1f852bd60a3b4,delivered,2017-09-02 15:23:36,2017-09-02 15:35:26,2017-09-05 12:43:23,2017-09-14 22:12:56,2017-09-25,5a03c0d19f3489c0f6ed18960544f235,2017-09-02
e7d970bfdd1725c64b0a4188b2c35e87,3f13ac929b046c754deaf694f350faef,delivered,2018-02-08 16:17:02,2018-02-08 17:06:01,2018-02-09 18:47:08,2018-02-21 20:29:12,2018-03-02,64361ac9ce4f4ff060ee19f46dea523e,2018-02-08
a1a26fd368e8d98c468ecd201ea55af8,95462f6d1cb366ce19620fa03dfe0cc4,delivered,2018-02-22 10:11:39,2018-02-23 02:15:29,2018-02-24 00:00:00,2018-03-07 18:55:11,2018-03-20,d1ac4f460bd2a297a8d85d2cdbb7b1d1,2018-02-22
111647853c748737a4d90751bcc75db9,5d44399566af5c2d0a047663518179fb,delivered,2018-05-22 12:38:04,2018-05-22 12:56:18,2018-06-08 14:03:00,2018-06-14 16:22:39,2018-06-21,97931a3564e3864b299b37bb238568dd,2018-05-22
8878a85f1d2317973cca3011664cfbe9,65dbb1106bc97b6ff96cc495b0c3ff6b,delivered,2018-04-23 17:26:37,2018-04-24 18:22:16,2018-04-27 15:14:00,2018-04-30 22:36:29,2018-05-07,82173014cd210d818368117ad3b151ec,2018-04-23
b3919ae133e2225033bb2e4107735ce7,c516b73d266a5c5a35c1419d5535036a,delivered,2017-11-13 09:42:57,2017-11-14 04:26:33,2017-11-16 17:31:38,2017-11-29 19:42:53,2017-12-06,f9196af0a5aa201ab410e831c6f8ed05,2017-11-13
7a2ea112b017a44fc1ba0eb88979f3f9,8ee3752ed676be5e448ebda2266e87e5,delivered,2017-11-26 15:05:45,2017-11-26 15:18:26,2017-11-27 16:43:11,2017-12-04 17:53:06,2017-12-11,d669236ac05e274f48c19d950f806bae,2017-11-26
df56136b8031ecd28e200bb18e6ddb2e,b7770073b02ed1d626a027ce86a4ff82,delivered,2017-01-26 13:15:41,2017-01-27 03:05:27,2017-01-31 19:44:07,2017-02-06 09:52:10,2017-03-23,2e43e031f10de28e557c35ef668f9396,2017-01-26
e1b489d5811a2f0401eb7bfb88887cd1,968a67f39df931e3d773be73ea13e235,delivered,2017-07-31 10:39:11,2017-07-31 10:55:17,2017-08-02 10:12:44,2017-08-04 18:30:10,2017-08-18,475cab480951109dec3ad6f770167fa5,2017-07-31
ec34503555e993a9e7e2272b563d416c,dbad14e1cbdb1f106ac9b2b3f4b89d15,delivered,2018-08-07 17:16:46,2018-08-07 17:30:10,2018-08-09 12:49:00,2018-08-15 18:47:32,2018-08-27,36b2580720d92788789073253ae6b8a1,2018-08-07
bc0c05b935880725008f3ae103e828e1,f86ef9a9bd878f3c22617b38ea06d3ff,delivered,2017-06-24 19:38:52,2017-06-26 11:08:01,2017-06-26 18:41:37,2017-06-28 08:25:56,2017-07-07,ac5b4c28424a0b20080ad8976e6dafd1,2017-06-24
23c6b96eb0aa6024129f306af7befe3e,2d0ef7c75a0403680d304c62ba3b2721,delivered,2018-08-12 10:08:01,2018-08-12 10:24:31,2018-08-22 15:27:00,2018-08-27 19:27:52,2018-08-31,0a6778022c639299667ea2aedaec84ca,2018-08-12
3bc21ef8ec2cadd7703b05a26cc51b35,41719c34900034230304c9266e5b6713,delivered,2018-07-25 10:52:55,2018-07-26 10:50:17,2018-07-27 13:23:00,2018-07-30 12:51:34,2018-08-13,8c8d91273330ce597546a695893d8d85,2018-07-25
21988f4f4d0971038b9c9d35f3be1ccf,7e1174a42900bb7555695ccb75c7aa59,invoiced,2018-02-15 16:51:40,2018-02-15 17:07:36,,,2018-03-02,c0a078a841fa578c376b9bde422a3fa9,2018-02-15
3c6566c0b8aa1eb2382e08cc0ae4bab4,80d3aec52e59c9f1699cb37578939c7b,delivered,2017-12-23 11:00:34,2017-12-24 11:27:49,2017-12-26 18:05:43,2017-12-27 21:06:43,2018-01-17,989ff17eed965d5e5949b4d9a6f6af67,2017-12-23
1ae8e19bcbb76c8858e9e94da5ed17e7,6abca237f70bf072ffb9855407d08873,delivered,2018-02-15 11:05:48,2018-02-15 11:30:30,2018-02-16 16:48:36,2018-02-22 21:13:39,2018-03-15,1867b5bf33caa2997586605d075f4f8e,2018-02-15
c714dc1b4064a670401d208c1f67e7e1,8938c1147d18fad6c301a529e5b4e605,delivered,2017-07-17 15:12:58,2017-07-17 15:25:17,2017-07-24 18:13:43,2017-07-31 20:29:53,2017-08-10,68cf21f6668d9e6d29d22e6e61ddb349,2017-07-17
4220f297891051c2f40f96bee807a998,2354598cc2ca1735aa0ed0994a6d92b9,delivered,2018-03-24 21:41:42,2018-03-24 21:55:34,2018-03-26 22:34:36,2018-03-29 18:37:30,2018-04-12,ad93fad8236116a49b08059fb2bd8145,2018-03-24
929fa720a53f0036ad3b444f08d59bc2,f0abcd422de451fd6eb08090d4809f8b,delivered,2018-01-14 22:45:12,2018-01-16 03:51:02,2018-01-18 18:35:22,2018-01-26 17:29:02,2018-02-05,7f35d55f87220867c7552d2ec257afef,2018-01-14
c2546b80d080e344c3698d9d75bd439f,3aaf1aed94e3b857dca44be88ad136c7,delivered,2018-04-19 10:38:49,2018-04-19 10:55:15,2018-04-20 18:32:06,2018-05-29 17:07:56,2018-05-29,5b778b979576ae2dba334ae8f5689ec4,2018-04-19
867effa42bd3592c4dbada5a0ebc42bc,ec05463bee705c8b30f418e28a9c0083,delivered,2017-06-11 20:27:59,2017-06-13 04:55:35,2017-06-13 09:32:06,2017-06-19 20:17:54,2017-07-07,937a6d7a4fc9c98525b2300802aceeb3,2017-06-11
a60e21c021af3e8b42bf68b8683800ac,a7d480b29f6f75773a461845c7a645c4,delivered,2018-07-18 13:07:19,2018-07-18 13:21:55,2018-07-30 06:16:00,2018-08-09 15:03:48,2018-08-08,03ef7f03905227e15c7b6c860554b3cb,2018-07-18
bdac74e927fa2c4083f33e1b213e1937,9c52f253ba7d3a3d21ff24bc18c9996a,delivered,2018-01-11 15:19:54,2018-01-12 02:36:50,2018-01-17 01:11:34,2018-01-19 15:26:41,2018-02-05,8c20c6638d61fd19e864c6ccfd13b0dd,2018-01-11
875011f2f7c12ea43db55297e2a29d82,8579fef79f526c8ab26376006604d040,delivered,2018-02-13 00:59:36,2018-02-13 01:10:26,2018-02-16 22:51:58,2018-03-14 01:56:38,2018-03-12,81c8a13965f7a71bbaa1b7ae76e839c3,2018-02-13
d9bf43027ddbeee4ced772f175c2dc40,a3d6117116d98e1e41689a653c4b72f3,delivered,2018-07-20 17:26:30,2018-07-20 17:44:21,2018-07-24 06:26:00,2018-07-27 22:26:20,2018-08-08,b1a82c8d03f1811eb03d6cb6555ea68e,2018-07-20
8c077233d04d9bca0a5bef45afddf354,52220722b1316d8b493799035cb38463,delivered,2018-08-03 10:23:31,2018-08-04 04:10:24,2018-08-06 10:03:00,2018-08-10 18:38:38,2018-08-16,2aa42e268eb5208e68313f4b5df1f4f9,2018-08-03
97eb382d696097115c838def753f676b,8c3bae44fe68e44c6b16c120bf51456a,delivered,2018-01-15 15:35:27,2018-01-15 15:50:47,2018-01-16 15:18:49,2018-01-18 22:13:16,2018-01-30,f9234780901be852eef63a5750e73e0f,2018-01-15
4f22cd3d78d124f7ac060a3171493ef4,dc1ed3d6dd03f5dddaf941da3a51e88b,delivered,2017-11-21 14:55:17,2017-11-21 16:18:24,2017-11-24 19:13:02,2017-12-06 15:58:50,2017-12-07,67b47cd4da3064761ac782bfae5b3cb8,2017-11-21
5cef0136de603dac5471ed33114164ed,21294aadb43a37affd883654606c610c,delivered,2018-06-24 20:05:55,2018-06-26 05:12:53,2018-06-26 14:44:00,2018-07-03 22:58:33,2018-07-05,e12c31a96bb4d8480f10c31b98d50c84,2018-06-24
3860987243c481275152ad76e491c663,f13262e493e128d15dc1b5de35fcc5e6,delivered,2017-11-13 09:43:20,2017-11-13 09:51:02,2017-11-14 20:22:11,2017-12-01 19:55:47,2017-12-07,7aae9c32de3a1de4e4b4a6ee7479eee8,2017-11-13
85bb0aae7a51f1e5e6541dded1f89a86,bd82bc59b4b34a472f0e65bc1aaaad2a,delivered,2018-01-09 12:21:52,2018-01-10 10:31:42,2018-01-25 22:25:06,2018-01-30 20:07:12,2018-02-26,82f2cef06e08b1f458d5213fa9c83331,2018-01-09
4eb3e11c28260d8a8524f0513b0ce771,959f76d6d4c26184cb83d2d2e85b9d53,delivered,2018-03-31 14:24:53,2018-03-31 14:47:21,2018-04-05 17:17:38,2018-04-07 00:40:49,2018-04-17,470512c1c53efe65adedacad47124a0e,2018-03-31
2ce76cebf99f85d0ab90dc021c02c59d,f8905c78de5587c49435373871fd2e17,delivered,2017-07-12 13:42:13,2017-07-12 14:23:42,2017-07-14 18:34:27,2017-07-17 18:06:43,2017-07-25,975d7beaccb4e4d98358dcbc564b878b,2017-07-12
a728af054b243b3b11132b6e57284ff0,0be6f5000bb956916f065d0d1e8f137f,delivered,2018-03-17 23:46:08,2018-03-17 23:55:28,2018-03-22 19:48:45,2018-04-09 13:08:42,2018-04-13,2fc516534140390635b2aea2ea75e226,2018-03-17
037540b18a708608c766355696a57467,a35401291a0580dbcef88f14d8938900,delivered,2017-11-28 10:46:46,2017-11-28 10:55:03,2017-12-01 00:52:19,2017-12-13 00:22:38,2017-12-21,9cc560778160e4e23be98366377d835c,2017-11-28
af2fedf9f49d8dab90fba9c19b52c001,572ea23066532418756ac80538e05de4,delivered,2018-05-10 16:08:05,2018-05-11 03:50:34,2018-05-11 14:14:00,2018-05-16 21:41:12,2018-05-24,1e6a783e21d69b815d0bb29b75622244,2018-05-10
57db58fa887c4205f3bf01211de5cceb,db55b2c93fa9997f28cdef04794eb027,delivered,2018-07-14 19:23:47,2018-07-14 19:35:22,2018-07-17 09:33:00,2018-07-20 16:44:27,2018-07-31,3c7fe4530d3a53c696ebb86baf38c5d0,2018-07-14
06a702a3caf8f33af30200f804d877ec,59d8f775e59cb4feccd4fe7c23216541,delivered,2018-03-21 10:36:52,2018-03-21 10:50:19,2018-03-22 19:29:54,2018-04-03 22:42:04,2018-04-13,39361be8bed3f1f846461b49fdc6aa6c,2018-03-21
938cf86c22cfbcdef5e04f4038fad081,c9eb8a8ef99b47cda776effb97e13b63,delivered,2018-01-22 23:19:30,2018-01-22 23:35:17,2018-01-23 16:38:59,2018-01-29 19:58:44,2018-02-14,cbb3bc292e844bceb4517a3212f6e370,2018-01-22
aa240e84341dc3a58a69fdaa1c0b927c,45278fbc936e6358d4cb198cc3dcddb6,delivered,2018-08-02 21:58:11,2018-08-02 22:10:19,2018-08-03 10:34:00,2018-08-04 13:38:31,2018-08-07,bb79d959742bc5cfa09653723cfada37,2018-08-02
e3852ebb9e79c3422a17692da2c89ee5,6c8c750a8bdda3b271cb8e9ff5c13bfa,delivered,2017-05-11 17:19:02,2017-05-11 17:25:27,2017-05-12 15:03:00,2017-05-22 14:15:43,2017-05-31,13afb2034033c0323485439f2db54815,2017-05-11
3d07a476264a25476f6a5aa642696bd4,8d34bc21c972f82d188661dd3bd97521,delivered,2017-11-16 16:19:50,2017-11-16 16:36:04,2017-11-17 15:24:33,2017-11-20 17:24:45,2017-11-29,d4b4382a6ed199c4905ede299a1c67ff,2017-11-16
484f924a6135837d4195a42442905b8d,a01d75e34d60b742278e85774f0fd80e,delivered,2018-01-02 14:04:54,2018-01-02 14:13:24,2018-01-03 18:24:54,2018-01-04 20:32:20,2018-01-18,f1e7edf80258211b9acdf919eddeec77,2018-01-02
f0e0be414a28021f1a90bfaae3b26c61,2160421cae73963d7d4842ca9f340aff,delivered,2018-04-30 17:59:31,2018-05-01 05:15:08,2018-05-02 10:53:00,2018-05-04 00:04:22,2018-05-15,ee5bb9c5ec9d199a7fa233463df461f0,2018-04-30
349d8e152f810f983be80e244a8030c2,89a1a3f72e06c63bae4a7e9f830defe1,delivered,2017-08-07 12:45:26,2017-08-08 04:10:57,2017-08-08 18:46:14,2017-08-09 17:38:48,2017-08-18,1e002b8a101cf3787c3a77256ec6694b,2017-08-07
fad816458419d971cf858054b4482acc,9ec488daa0d155f091d5c35097785238,delivered,2018-01-16 12:40:56,2018-01-16 12:52:08,2018-01-19 20:03:53,2018-01-29 22:46:52,2018-02-14,2c2766981529ad2bbbd74e17087ded14,2018-01-16
b27f6a3ed9bfe29879c912b10bcf081b,dd774d127953e12f6953a9d36e6a3cc4,delivered,2018-01-02 20:32:36,2018-01-02 20:50:16,2018-01-08 12:32:48,2018-01-16 20:52:39,2018-01-24,dc446a1ea0c8cc3eb1cd31896f6cf00f,2018-01-02
9a7a3e7bd7a7715213f58e05dd999824,1a700c8b0ea5c7700237221567261552,delivered,2017-03-14 13:48:36,2017-03-14 13:48:36,2017-03-15 11:41:36,2017-03-17 13:18:37,2017-03-31,b451c6a6c5b26e754acb926b131c1ece,2017-03-14
8e858345f007bdd1acd669c595f43e8d,acac8132a5468cf70dd49fefca51bd85,delivered,2018-05-04 17:44:48,2018-05-04 18:15:53,2018-05-07 11:53:00,2018-05-15 20:36:43,2018-06-01,97139a8bb175ff61d8c46574fd7a23da,2018-05-04
8c48a29935d95dd45daa77ac63f6786d,e27c12dc6178ba111a48e4fe8deaca15,delivered,2018-08-23 09:57:21,2018-08-23 10:10:18,2018-08-23 14:03:00,2018-08-28 17:36:20,2018-09-11,615cdbd1d5344e00731595b46e6f211a,2018-08-23
09a38776c4e31230864f867821174daa,f7c7eee947743e900cad930670b94341,delivered,2018-02-02 18:19:18,2018-02-03 02:53:13,2018-02-20 19:55:57,2018-03-09 21:41:54,2018-03-02,5ebd246be48ec18bf3859966284333f8,2018-02-02
36004805bfb0ea8d00efb94e260b0789,17516e0535c6e91f958bd63f6cfc07f6,delivered,2018-05-14 00:21:31,2018-05-14 00:35:24,2018-05-14 16:13:00,2018-05-21 14:46:48,2018-06-12,0a9e39dc75ece72d341303c35f37062a,2018-05-14
507d1e709281d55c6f0f4901f3ef00c9,421c70ef8c58203d4f3020197533751f,delivered,2018-04-25 20:10:45,2018-04-25 20:31:37,2018-04-27 12:02:00,2018-05-04 18:08:29,2018-05-21,5278bf2d20b2a0ab7ff1fb465fde32b2,2018-04-25
e3814831894acaf0ee4561b4a610b580,55e2db26414f3481723018e15279c9a9,delivered,2018-01-30 13:45:20,2018-01-31 13:31:59,2018-02-01 00:22:39,2018-02-06 15:04:54,2018-02-26,d221aa4a83c4a82b0c28e332645d794e,2018-01-30
de0d5d6bf2003cc68cddbcbb3783b87d,572c55e6ec9e1ccd62db5a04f67499bf,delivered,2018-06-07 12:05:36,2018-06-07 12:19:20,2018-06-14 11:23:00,2018-06-25 21:22:26,2018-07-04,312367746c1bc65fb1d8cad08345aa37,2018-06-07
f20d2065cf43144b10631f85002fe6ca,4a4f8033b4e440d8337404aa4086daaa,delivered,2018-01-02 20:28:10,2018-01-02 20:38:22,2018-01-03 19:22:33,2018-01-08 19:26:53,2018-01-26,45a49210a8fc9c034271025d54d98c49,2018-01-02
89375eabf1f0c640f093abce3f12a9f3,118801ab348bf60aa1f636ef333ab3b3,delivered,2018-04-10 21:58:17,2018-04-10 22:11:13,2018-04-13 23:14:41,2018-04-20 22:11:47,2018-05-15,bc7bbc9349d099da09d79bbaf1b3d480,2018-04-10
bcf932ed1d1f89a66891f8c5b22c5d20,781de2cd92ae008925e19e520732bc2d,delivered,2018-07-17 08:06:39,2018-07-17 08:21:11,2018-07-17 15:46:00,2018-07-23 20:49:06,2018-08-02,4e8a9b92baba9ccd5905e1e4e8760a8c,2018-07-17
960df7e0ec50c4c9e4502930d59783a1,9b11bf69b2e1769ebec95be7c30c87a3,delivered,2017-07-26 18:08:45,2017-07-27 12:22:54,2017-07-27 17:47:44,2017-08-01 21:51:10,2017-08-17,6086506fb5d3500bc60943dafad7d666,2017-07-26
72d4db7bdeb8827a6dcdb6a40f7149c4,522b39c82a9a0eeed9fca23de766cbc8,delivered,2017-06-30 14:29:17,2017-06-30 14:43:33,2017-07-03 17:40:08,2017-07-07 18:12:14,2017-08-03,ff095a5f37e0c0199dfd3f2359ecf6b8,2017-06-30
a7b6379e7ca83fc534678ad86108cff7,4e6d91ec43fe43f57a2211044a2b096f,delivered,2018-02-17 21:47:35,2018-02-17 21:55:39,2018-02-22 20:38:06,2018-04-18 17:09:20,2018-03-12,ab5edcc9b3ec8327e528dd3f82372c33,2018-02-17
1501eaa2540a52164308d1dc061f89e0,77f94a8479757404d1c14a4ff16a23a7,delivered,2017-04-15 18:18:06,2017-04-18 06:55:15,2017-04-18 15:44:20,2017-04-28 06:13:56,2017-05-11,982b0a3006185dcf754de593350cc8b4,2017-04-15
327ee18cf93b73d75911ca52f0c73ed4,22d32625b59ff10115c8863926933a99,delivered,2018-02-27 19:38:59,2018-02-27 20:09:31,2018-03-02 00:33:11,2018-03-05 15:58:40,2018-03-19,1d0c477338ae1d1071fd09d848d984a7,2018-02-27
9f68344a0c5f9d8794de633c159cbc26,b4981ccfa8f05cdba4382d753554a71f,delivered,2017-10-04 20:48:30,2017-10-04 21:04:33,2017-10-05 19:45:00,2017-10-16 23:05:33,2017-11-03,b26e5de69768bd3aed3bec695ff3a984,2017-10-04
e940e33cefca8e48b759474760c2fb41,50b5f1c8ac9da947ac1b3489f7395192,delivered,2018-08-16 20:43:40,2018-08-16 21:09:35,2018-08-17 12:05:00,2018-08-22 23:31:46,2018-08-29,8399b819867aecaf684401ea850d3105,2018-08-16
e82e0697786dcef38c215ec9d2dc308a,1f02e9e9b0864235d4ff570a181d2c97,delivered,2018-08-19 15:25:29,2018-08-22 03:35:15,2018-08-23 13:18:00,2018-08-27 21:08:47,2018-09-10,c5cd3f9f4fd33dedb32bb3555a6b97e8,2018-08-19
b266c12d9bececa3942c1bef84f13716,b66dc7dd3528076160bc42b0c89207fa,delivered,2018-06-12 00:57:09,2018-06-12 09:01:38,2018-06-12 17:05:00,2018-06-19 17:02:46,2018-07-05,73b75961749c15848f0630a802097eaf,2018-06-12
94a1020970476388adf12c46628499be,9dca293f928f7a1aaa6ab447b2093234,delivered,2018-01-24 07:21:50,2018-01-24 07:36:14,2018-01-24 23:03:26,2018-02-01 18:09:58,2018-02-21,6062db3c28f344c28ece2698c5061cf1,2018-01-24
b7fc42dea7da9916727efa0ab2f3f89d,7a1559fef97a80249f1a88e23b0155be,delivered,2017-12-20 00:06:07,2017-12-20 01:31:28,2017-12-21 16:09:28,2018-01-09 21:42:59,2018-01-16,c53efd7066418285996351ab44147126,2017-12-20
217ec7b7a29a68b086c07bda53f3f6b5,068496092363b0e16a6a289da4212d87,delivered,2018-06-24 20:22:23,2018-06-24 20:39:52,2018-06-26 19:44:00,2018-06-29 11:21:34,2018-07-05,62ee5aba44454459ca4b138f017c30ba,2018-06-24
e723fd90e2d095c2762e5e800d759bfa,5dc6f4b9453584208557163c26079be1,shipped,2017-11-25 17:14:25,2017-11-25 17:32:04,2017-11-27 15:28:26,,2017-12-21,e4326d8c6d585d237b12bced2443c73a,2017-11-25
eb7e858d6252b3de0c50073e03a654fc,790df581ab0e398b8af6d60bb74894e7,delivered,2018-01-04 20:48:05,2018-01-05 02:36:47,2018-01-10 22:07:43,2018-01-17 13:29:13,2018-02-02,5af2b85fc8dccebb62a7900599c28271,2018-01-04
6d2deca91b22bd2e7fcccd13c8dc73f4,db2fca299c5b77095bdf801103a80fee,delivered,2018-05-11 12:54:02,2018-05-11 13:11:21,2018-05-15 10:33:00,2018-05-18 18:24:36,2018-05-29,22dc17f16208988e3f1f57da92c92470,2018-05-11
9910e116d36a19d176b63642db85b559,ed3dc75383c6ba932ed43adc4bfdd287,delivered,2018-07-04 18:24:16,2018-07-05 18:31:57,2018-07-06 09:34:00,2018-07-12 17:48:45,2018-07-30,9393c545a7c287906ac799ebf4a54986,2018-07-04
8435b228083742b605b95a6c3e9c9534,bb361d2be472ec1a19b94c115ccd3fd6,delivered,2018-01-23 15:19:38,2018-01-23 15:37:18,2018-01-24 20:15:41,2018-02-03 00:19:59,2018-02-21,db894ce6057f414cb36be0e6def98f9c,2018-01-23
3b2306ebbd3f8e2923984f42b2c03228,7e1f018f45f99375dcfaae0fe8816b4a,delivered,2018-02-22 20:46:34,2018-02-22 21:08:24,2018-02-26 15:39:17,2018-03-21 15:49:44,2018-03-15,5bad02ee81a2002eb3b5b84d32bfc15f,2018-02-22
442f0c23874c2066610c590e95ebfa4a,f38e7e94fe8e324a27a966b5903aeb7a,delivered,2018-03-30 21:44:53,2018-04-03 05:48:51,2018-04-04 00:12:53,2018-04-11 17:36:29,2018-04-26,8abd3a4569cb040652fda5ea7f563f13,2018-03-30
7b53b94402ded889f5be8098bb6e2885,05775243ed704519f900b91f95b9593a,delivered,2017-02-18 01:57:33,2017-02-18 02:05:10,2017-02-21 07:36:31,2017-03-04 08:32:46,2017-03-23,73daee815cdbdeacecd0f29b04436cab,2017-02-18
e23fa6908df9fa4ffdc5bf2a0ad6ae76,3bda81e663d894e6913572dfe41f9ce1,delivered,2017-06-03 15:23:13,2017-06-03 15:30:16,2017-06-08 16:03:18,2017-06-12 13:32:57,2017-06-19,dc39508cb41b34ee393705ed953a4d04,2017-06-03
afcf3863fcb506587dd64998940c5785,0980d1bf97df05137f76ff388b1b2ec9,delivered,2018-05-18 09:43:47,2018-05-19 03:38:38,2018-05-21 13:59:00,2018-06-07 16:38:35,2018-06-12,b659edeb7cfa20089146b486dbb66e87,2018-05-18
783ead164482dd5df46e82d73ee73949,1756068e3f68f0b5f318af25ce1ec988,shipped,2017-05-30 21:27:09,2017-05-31 06:50:16,2017-06-02 16:21:50,,2017-06-22,f43b8f9d0e0d8baaf920dec7cbacc65e,2017-05-30
6c110f11373e534d875da9554b318f26,031833e77c963eb19e4a5c4bc2d368f8,delivered,2018-04-04 10:45:46,2018-04-04 11:09:56,2018-04-05 15:28:51,2018-04-06 22:46:42,2018-04-20,3a8fc78fa9d58407b7ad6acd7aa0555c,2018-04-04
c68d536a69b345791fac24a064e2648f,486a90d073c2351d2a053f214e2dee56,delivered,2017-05-02 21:49:29,2017-05-03 14:22:20,2017-05-04 16:07:36,2017-05-24 18:30:17,2017-05-23,b87de93b3da9029358825ff448b11b7a,2017-05-02
466b5bdc3e3f24e98c294859fe2d58b1,7f0fdc10daead822e5db41583f613e7d,delivered,2018-01-09 13:53:44,2018-01-09 14:09:24,2018-01-10 19:42:46,2018-01-16 16:08:06,2018-01-30,9304a65759d081e8c86846970b0e9848,2018-01-09
c7e60efb6feb0df33ec3cd61043dd39f,1252407040f15cc03032ada7119ac124,delivered,2018-06-04 20:59:05,2018-06-04 21:12:49,2018-06-05 12:10:00,2018-06-12 17:27:39,2018-07-11,5f55cf7eb7bec0007a9bbd2314103e00,2018-06-04
bd086ca155971e41011456e63e94f36e,7fcdfc53be63ce7736097948a46d9fef,delivered,2018-06-12 16:26:37,2018-06-12 17:14:02,2018-06-14 16:42:00,2018-06-19 17:18:33,2018-07-17,91d0504cf52d3f76b154c42d78979f39,2018-06-12
da7c99259b71f5a3fb36e14cc693e31b,04e2980731d4bbd86a9f20793cc78c8b,delivered,2018-04-25 06:50:39,2018-04-25 07:10:56,2018-04-26 12:52:00,2018-04-30 15:38:46,2018-05-18,7af1b0a7064d072de5fc37e3c6734766,2018-04-25
b43e5b62115893759c15e7e9c96cb25b,6b58b82f79f4f6d4b1663dbc9824ce15,delivered,2017-05-23 21:42:40,2017-05-23 21:50:57,2017-05-30 14:11:15,2017-06-06 17:48:45,2017-06-16,f64a818e4841b27e93754de3d05ae66d,2017-05-23
67b28af24f672d7436f8ff5eda41a88e,092b21da7f42569218d5fdf4f96c1025,delivered,2017-09-12 12:50:56,2017-09-12 13:05:14,2017-09-12 18:39:46,2017-09-19 14:32:39,2017-10-03,175905b01ffc05abf7255767e3656978,2017-09-12
503d1a98081c7307e6e875ba8af189e6,4148787d8f2962b2cc882879f242b2d7,delivered,2018-05-08 19:28:42,2018-05-10 02:57:29,2018-05-10 11:22:00,2018-06-04 18:27:53,2018-05-24,2570d167ddea00454cd45ced0222d6b1,2018-05-08
22b09303fa1607a11b0bf4b2e79627be,cb5c12b09604bea937c2c8dc9c4598c3,delivered,2018-04-17 13:47:45,2018-04-17 14:11:29,2018-04-19 00:24:39,2018-04-20 17:12:09,2018-05-08,a0bc4b8c7a1056c815ac7a2ed38186bb,2018-04-17
9fafe0a1253661cb02ef32961e541418,e68dc6ddc66106494b71509df5d300d4,delivered,2018-04-21 19:05:21,2018-04-24 18:06:03,2018-04-25 10:25:00,2018-05-10 18:08:51,2018-05-22,bb2cd40647221cb2374a4134822ac7e9,2018-04-21
8b82030c5d25241f3295468c82ad4f0b,b9c97ebd0f562ae172b3273f6f716b68,delivered,2017-11-29 20:10:51,2017-11-29 20:36:56,2017-12-06 20:56:45,2017-12-14 19:57:09,2017-12-21,1ea89c76861f8d24f1b29f19568cd176,2017-11-29
f08abbff7e606943778266ee1267b369,42bf2b478fd25788ef01f6d8e4a4ffd5,delivered,2018-03-15 07:19:27,2018-03-16 03:45:12,2018-03-16 21:48:50,2018-03-18 19:46:46,2018-03-27,f8c8c3c590259deeaf06d798b8655916,2018-03-15
3ad8b95da1d9a9f797b5d79dffcdd15f,54e45f61024a906d5ed85efa3cc79c4e,delivered,2018-02-14 15:13:26,2018-02-15 03:56:02,2018-02-16 19:56:47,2018-03-02 17:47:08,2018-03-09,a8bf8a5a3f01ec3bab15b75fb1920205,2018-02-14
70ecbe22c2346dd38085cba820c9c462,8dd752df1ad746e4c67d1519ca16917f,delivered,2018-06-19 12:51:41,2018-06-19 13:17:05,2018-06-20 11:35:00,2018-06-26 14:38:51,2018-07-12,26a6e3e036636ef1d5636f98b66094cc,2018-06-19
b4547d5f620b508ff80fb940f8d17274,846892645b3a7110ae50c1a920d52b60,delivered,2018-02-27 09:48:16,2018-02-27 10:09:35,2018-03-01 00:06:32,2018-03-06 19:39:03,2018-03-19,953af4227c2b89db1053da22e6339b07,2018-02-27
1b2b354adeb38c1c308c915faf7d3288,b0962c45b3881a52d605fe965ca9a776,delivered,2017-08-30 09:33:21,2017-08-30 09:45:15,2017-08-31 19:32:28,2017-09-04 20:51:33,2017-09-19,e01b3c992c8dc49d8da704418d4dc548,2017-08-30
fd9fd21af695ddc1b8200a18954f7b73,52ff4b247a5a4c45b46ece17b94ff728,delivered,2018-03-07 14:16:10,2018-03-07 15:00:19,2018-03-08 16:14:39,2018-05-07 23:04:07,2018-03-29,920cf049168791635d1ed510b5844712,2018-03-07
6c8221844e21df82eaa09b45f2ca47b7,7ff6c1a0c25241143f4865c737f23801,delivered,2017-11-24 16:53:46,2017-11-24 20:39:36,2017-11-28 20:54:50,2017-12-08 20:24:34,2017-12-15,7325a5b1220c24098d76206f8b9a3362,2017-11-24
68887b90a91e3d256872f6a54a90cfda,350110bd65be64335e112291bd986a9a,delivered,2018-01-25 19:36:26,2018-01-25 19:52:34,2018-01-26 16:12:23,2018-02-02 16:32:55,2018-02-22,8878f097fdc513fe9f7ee8e2aed2bd4a,2018-01-25
05691e7046cf3a798bfce39b35377b78,532106a874f0e6d89668d5aa4066d9cd,delivered,2018-06-22 15:27:17,2018-06-22 15:38:46,2018-06-25 11:37:00,2018-06-26 23:28:46,2018-07-05,92fa81dfd9136b1d242f7ba6cfe4f2f1,2018-06-22
9a64165cf939b42867416b35f8c13649,1b37cbcdf20cfad2295c2511eb543048,delivered,2018-06-07 19:11:24,2018-06-07 19:34:48,2018-06-08 10:22:00,2018-06-13 22:42:42,2018-07-11,696022ff5f126344e92a9a0105bacb11,2018-06-07
410d24bf2012bc9b2a94352bcc3639eb,0d0590bc20e9fd71eb9d0eb72ea7329a,delivered,2018-04-11 13:04:38,2018-04-11 13:15:13,2018-04-12 23:29:48,2018-04-16 20:46:42,2018-05-07,fb8a913d0a986905d267a24397386955,2018-04-11
6190a94657e1012983a274b831d9e811,5fc4c97dcb63903f99671452409065c0,shipped,2017-07-11 13:36:30,2017-07-11 13:45:15,2017-07-13 17:55:46,,2017-08-14,ebf83d791ff75483ab26bc06ab002e32,2017-07-11
3516e5d5f67c23496363aa89756c4cba,bca98cba3540b3b6f3f3a9ea5aa3f62d,delivered,2017-04-29 12:09:43,2017-04-29 13:03:41,2017-05-04 14:50:46,2017-05-26 07:04:44,2017-05-25,d02173bdc9335798105b2fb20b194c5b,2017-04-29
64e1395d7ea3914c0f8a6706849e73ad,e4aed9317758d8d67a37d70936802791,delivered,2018-05-03 20:37:41,2018-05-03 20:52:53,2018-05-08 08:41:00,2018-05-11 20:34:49,2018-05-28,a8951303489ccbb0d066b0d0cd6825fe,2018-05-03
66b2aa2de6027471ff9406d7667fa94a,956c206c17f5d28cc333d89b80d40bf9,delivered,2017-11-29 02:06:06,2017-11-29 02:23:35,2017-12-12 16:09:24,2017-12-14 19:29:25,2017-12-13,d5a318526b7c38b679d0c9a87421bff6,2017-11-29
457c5fb81a06b09b10e752720b28f5c5,29983e9662d5dd14e9d133fe7d0b639e,delivered,2018-07-15 22:22:59,2018-07-17 04:31:29,2018-07-17 14:30:00,2018-07-23 17:12:38,2018-08-02,ffc111c45b1be48abf79c9ffcab4be40,2018-07-15
b41055f900d670bae8cfbf3a8df79d8c,6e63adb48a6871ebb6a58539ed62a3d8,delivered,2018-07-29 15:57:45,2018-07-29 16:10:15,2018-07-31 11:33:00,2018-08-01 23:32:47,2018-08-08,be3d96c7ca89c166435cc3c297174679,2018-07-29
dcd32eca6ea6334727d9f7b7ffe58a65,c071c2e25144672d3c33d7396b982916,delivered,2018-03-13 22:29:37,2018-03-15 03:16:15,2018-03-21 19:28:36,2018-04-02 13:12:36,2018-04-09,c25fa8f653f54b73640fec6cd64d078f,2018-03-13
784d7e60c3fb0cdd1b539166302ecd5b,b02d54a7514873cc4378045dcd7af30a,delivered,2017-04-15 20:28:44,2017-04-15 20:42:09,2017-04-17 10:44:07,2017-05-12 14:26:06,2017-05-22,4485e3c592a1dd9bbd61770f3d91dddb,2017-04-15
930e558d49307bfece16cef73bf168ec,df4305e81c932c9140b25a3d83e8049b,delivered,2017-12-11 18:21:24,2017-12-13 02:50:58,2017-12-14 18:10:45,2017-12-27 18:12:46,2018-01-09,167aa35daafb6a7f9a6093d6b2591276,2017-12-11
a3316b63c1f065d129b524f658cce198,5c14e1a67adfe167ba191f7e45311de9,delivered,2018-02-17 19:47:52,2018-02-20 07:46:10,2018-02-22 02:56:48,2018-03-14 18:44:34,2018-03-20,22daa0fcc20de39e50c5dfc10c0c953b,2018-02-17
6a796b64b820d098a93b2f1351cd1e59,1bd1c81ef56f32d5c7bee7f14905b53d,shipped,2018-04-12 09:07:29,2018-04-13 02:32:31,2018-04-19 17:21:28,,2018-05-10,2b4e7117cbb326e396a4f823620e0d3a,2018-04-12
7ccd0a8b6bdddf8ea32095431194bfbe,a345cd3ae230f1028a9c995b9d03ad8e,delivered,2018-08-07 20:41:27,2018-08-07 20:50:20,2018-08-09 14:23:00,2018-08-10 19:35:21,2018-08-13,89bf40642ddf6864a2e628e7be0cc735,2018-08-07
d3d4b84b9e497a1bcec277409c35176b,3171941d2a21d87fa11134ea4bbf8418,delivered,2017-09-20 17:57:07,2017-09-21 20:10:29,2017-09-26 15:56:05,2017-10-04 18:48:07,2017-10-16,815cd281d34a0bfbea42d7a273398c44,2017-09-20
b9bac4395416779d29e17d31e06386ca,3bfb44b36d63a8ad057509b33b188bc6,delivered,2018-07-29 20:43:48,2018-07-29 20:55:21,2018-07-31 15:15:00,2018-08-01 14:16:38,2018-08-08,9b64d22cbbf5f2c7bc5d137d252e54bd,2018-07-29
d253964df13ce1e157cebc496a2b9017,9b0af39a61e65dcf6f006e5b74043124,delivered,2017-05-11 21:54:57,2017-05-11 22:05:16,2017-05-12 10:09:27,2017-05-23 10:32:48,2017-06-08,b16d513acf2f4cb3c260ade9f070fe84,2017-05-11
e63f9dfbe6583ed5ea1dab97a5743793,9a5151e9b2e0447ac741b37a97bffb55,delivered,2017-11-24 23:53:43,2017-11-25 01:53:19,2017-11-27 17:41:57,2017-11-28 21:06:33,2017-12-14,93b01780c7de46bbd8da0abcf88631c5,2017-11-24
96867881a8d245ffae18dd2f1c4898d2,40e7a663ffaa7aa2f2ad20d6d40d6b14,delivered,2017-01-26 22:19:43,2017-01-26 22:30:17,2017-01-27 11:47:20,2017-02-08 12:12:39,2017-03-02,c69e5a82eb301db90128811f6ef51125,2017-01-26
23915d6cad231d54df8c6db7106b29ca,af1104b531adc2df06d6f8d2fe2199d0,delivered,2018-08-18 11:41:38,2018-08-18 11:51:08,2018-08-24 08:18:00,2018-08-30 15:41:49,2018-10-01,8ddfc44c98f486f469ab04fd4116f6da,2018-08-18
24bfe29693d0dbabd5e08b3b3bf1064c,c015a1e9dfe7e60a802b1e3bdc882e08,delivered,2017-05-22 20:40:26,2017-05-24 10:30:13,2017-05-24 11:45:56,2017-05-29 08:36:02,2017-06-22,9b9d638e6673129d226f92a30574911f,2017-05-22
0d7d82b22e0c6fdfecb716bb965ef11d,1f877cdc5d276445d0bfcedb8731b25a,delivered,2017-12-04 10:54:09,2017-12-04 16:31:43,2017-12-05 22:07:32,2017-12-07 18:22:41,2017-12-20,8c60669cfdb4bfa6a73afce497b40e82,2017-12-04
873d039c319333bd488dbf6b66d602c9,311242360432d1fc2afc8ffe2e13259e,delivered,2017-05-07 19:44:29,2017-05-07 19:55:07,2017-05-09 09:44:44,2017-05-15 09:00:00,2017-06-20,b1d889f6acf2007dc911d3f89f60ccc3,2017-05-07
c9283076b0f196acde755765fcfaec9b,a854caf1b1cc61e8c864be51d1e4338a,delivered,2018-02-20 09:23:20,2018-02-21 06:15:19,2018-02-28 01:26:56,2018-03-14 22:19:29,2018-04-27,b49c6054a90ec037a2a818566c8bb909,2018-02-20
60320e541a6e9dc0cb5919399543f905,06d198a416dd7728c452636fd04633a6,delivered,2018-07-30 14:12:50,2018-08-01 02:44:12,2018-08-01 15:59:00,2018-08-04 17:51:48,2018-08-07,90ab006282d5a81a0cf8dbc03f4be8d3,2018-07-30
6bae7f6955b8a1758053a464757a72a6,14423ad70a3aa64dee01bf0991b5891b,delivered,2017-08-14 08:27:51,2017-08-15 03:43:57,2017-08-16 13:09:47,2017-08-21 20:42:26,2017-09-01,a9ce5d5903bedbbad8bbbd7fa3ef9316,2017-08-14
bb410325795fc7a944df598360cf5f08,0449d1b1afc5212a6805aa3b6d84e049,delivered,2018-08-02 15:29:13,2018-08-02 15:45:12,2018-08-06 13:09:00,2018-08-08 01:26:42,2018-08-10,dd42be3b4926541bb2e7cb3ac12f52e6,2018-08-02
c1331ba0cd03a2a346d54d5fa2ed7576,623e9156d6d6709045ba59f4753f6421,delivered,2018-07-23 18:42:13,2018-07-24 10:31:13,2018-07-30 14:46:00,2018-08-02 18:27:41,2018-08-10,c8abb595402e81f24cd4bebc51789c4e,2018-07-23
53c31e515549ff8d58c7e4bf134ea258,ccbf6424a15da081285f662ac97e37a6,delivered,2018-07-26 06:38:49,2018-07-26 06:50:11,2018-07-26 11:39:00,2018-07-31 23:29:29,2018-08-09,922aeb425340feff3ee2f0ecb3428a67,2018-07-26
6dd49a48b361f1d0f6d8241dd029dd22,0f753a0814caee1942c04f4b68cea4ed,delivered,2018-02-11 13:55:04,2018-02-15 04:06:59,2018-02-16 13:17:08,2018-02-23 21:39:04,2018-03-08,c6beb7c861d439fc18966f613e37b9be,2018-02-11
efe7afc1f3087fc5294dd8a208208d4b,1409dbd0d0157ebe4c8d17e76ad0dfa7,delivered,2018-05-22 21:45:29,2018-05-22 21:58:04,2018-05-24 08:51:00,2018-06-04 15:40:58,2018-06-19,31fd21ff79181cb75795289c1ac41880,2018-05-22
ca2b3adfa13249c87545515d1f9a4156,5f4f207f8beafdb253623b83c3015847,delivered,2018-07-25 19:30:31,2018-07-25 19:45:13,2018-07-26 18:56:00,2018-07-27 14:03:02,2018-08-07,bf0d3b466b0f1b7e86bcfe526b9fc43b,2018-07-25
406d7ae7632b47850ebdaaf719a4c715,f0fabede5d24a0b694cf9d8ba4627ec0,delivered,2018-03-23 13:04:15,2018-03-23 13:28:22,2018-03-27 01:11:28,2018-04-05 00:12:03,2018-04-18,18ff3263bfaf7269395e0e51e5026bbf,2018-03-23
df6378bbbc39d69ba74b22e63d3bbeae,c17e22ada66b6a0582a07370338adcec,delivered,2017-11-27 22:25:36,2017-11-27 22:32:23,2017-11-28 22:12:26,2017-12-12 19:41:58,2017-12-18,b5c79cbdee6c07d236c96313f89455c7,2017-11-27
335874150963b28de5e55b480495739e,9906c44b485432db112526c0a5c2f24d,delivered,2018-08-01 11:55:07,2018-08-01 12:44:15,2018-08-02 14:20:00,2018-08-21 19:41:50,2018-09-20,8e8396c52591c16dc5337c7e9446d45e,2018-08-01
7a48f02683e86599fc3570c293fe4ca8,fc88a860a165a23886e3ed02e802c861,delivered,2017-10-25 16:03:05,2017-10-25 16:14:49,2017-10-26 20:57:52,2017-11-01 20:51:29,2017-11-22,71e6fec819529e459aedbc92a0f07028,2017-10-25
de8b8d147a2848da3ae69f51bda35bfd,e7225c2d19065af16a37d85e6a0248d9,delivered,2018-06-16 14:12:36,2018-06-16 14:38:46,2018-06-18 13:09:00,2018-06-21 15:42:00,2018-07-11,e4b2c4105fe79ff5ab67d2e092b51e2d,2018-06-16
92b8d0b30483bd64c2548331777e52a3,d2a2e802df597dca467a3bef01ae131d,delivered,2017-08-02 17:30:01,2017-08-04 02:25:17,2017-08-07 17:41:57,2017-08-11 19:37:53,2017-08-24,94e0fb0e1a4377c997d96359482d41fb,2017-08-02
2491bd7aadcf6869fb55f9c55f2a99e5,554121cbd5fb5b0c7e56028195886472,delivered,2017-12-20 20:01:12,2017-12-20 20:10:43,2017-12-21 17:38:49,2017-12-22 21:22:11,2018-01-09,e965172687b6e7d1640f16b1efdfdc19,2017-12-20
8b1cba0bb2172087341d9dfdda6d39d7,20609d696686ef03d3fe91fdbbe99b71,delivered,2018-06-13 09:22:36,2018-06-14 02:38:42,2018-06-14 15:12:00,2018-06-22 14:35:50,2018-07-13,3108ee37fe4da2a9e7de2a5498f52f44,2018-06-13
578934b271d46bf8278509302d38b8fe,97803aed8804b136e5352bc762528e99,delivered,2018-01-21 21:31:47,2018-01-22 14:00:37,2018-01-24 19:54:58,2018-01-30 17:03:58,2018-02-14,a4435fb7411c6506faf957313739d4bb,2018-01-21
c97cbfce4294d32b1566a3132cbf4127,fa98795c4f0fdb2240d930eef4a98924,delivered,2017-11-26 12:33:29,2017-11-26 12:52:25,2017-12-05 19:46:42,2017-12-13 18:41:29,2017-12-18,e1ea5c5d032a048e22f990e35fa4e8c5,2017-11-26
3c885cdc499dd0042129083823a88e7d,ee87611c901daac70ff8cd52797d585c,delivered,2017-07-10 08:54:47,2017-07-10 09:05:19,2017-07-10 20:13:37,2017-07-24 19:49:36,2017-08-03,854a46f1d731530a24fc944aa22855a7,2017-07-10
148ba0f4f771be94ad368512ca50a07f,d56a03dc17ca55211e1925ae458ce174,delivered,2018-03-08 12:50:40,2018-03-08 13:10:32,2018-03-13 16:30:48,2018-03-23 15:23:34,2018-03-29,943b2a013bab9b6b692f9cd6b75b903d,2018-03-08
a086251b34a5cee0b8f56c7de72dba72,62dda28a95e7910a905f9579090d9d52,delivered,2017-07-20 15:58:22,2017-07-20 16:10:24,2017-07-24 11:44:03,2017-07-27 21:46:41,2017-08-17,d42abb03c8796ea293a48772c24843c1,2017-07-20
ec323db17a13fc07c4b07f0f7f86986d,f9c96252874067d98cead6b1f3859c02,delivered,2017-12-09 17:59:48,2017-12-09 18:10:42,2017-12-13 23:49:37,2018-01-07 14:52:10,2018-01-16,2ca8ef8560c5cd0f9ddb65d1b1b51380,2017-12-09
8c0a5b32d858e3c6d66a9be944cad7aa,37eaec200cba2f87e201d049f30538d2,delivered,2018-07-20 16:38:17,2018-07-24 10:31:30,2018-07-31 16:05:00,2018-08-02 22:24:48,2018-08-14,e3d3e9dff2a7b360d9e574aa65e4ac0d,2018-07-20
042cfa84b1415cdcea821bcbc1bb8f4c,c6a3e1a0af3891b7f81c78d1ccb16f5b,delivered,2017-12-17 10:49:02,2017-12-17 11:14:12,2017-12-19 02:52:50,2017-12-22 17:10:11,2018-01-05,44a22a3351d7f1bb3d337d1be11b41fb,2017-12-17
64cf1005615f1de47bc3715fd74f95cd,d10cd8cffde7523db8d9053b5599580a,delivered,2017-09-09 10:59:51,2017-09-09 11:40:07,2017-09-14 19:13:52,2017-09-21 12:07:44,2017-10-03,f07259cdfc60ea06d875f66863cfe7ff,2017-09-09
b703337465b56b40ca0fa126fe39858c,f4f30cbd40f21ac5cd9a2915293ab764,delivered,2018-06-15 22:33:00,2018-06-15 23:01:07,2018-06-26 14:34:00,2018-07-10 18:47:46,2018-07-25,aaebac55c750a67a030fc21247a6f47f,2018-06-15
f4b56fe7668e96ac977ad7bb6471bacb,0f46f6d2defa501848ba031c8ceff69a,delivered,2017-09-29 18:39:14,2017-09-30 20:14:08,2017-10-04 22:22:19,2017-10-23 18:43:03,2017-11-03,31aa2034dc4b34b06487e22a53b4a07a,2017-09-29
a5193a3fb5d87ef36d9c60ae7085dbb9,79735f2e8136ba8c16524a5bf978baf3,delivered,2017-04-02 09:24:49,2017-04-02 09:35:08,2017-04-03 16:37:28,2017-04-12 16:23:32,2017-04-26,ab277572eca2c0ad1ce0fd8dc368bbe6,2017-04-02
f9d6e36d6c09ef9acae870b642100f11,f41d5a6739520ad992fc32f0f56759b7,delivered,2018-07-16 18:21:18,2018-07-16 18:30:23,2018-07-27 12:46:00,2018-08-08 18:07:41,2018-08-08,1192391a40ccb0b8c2d96c7865b28ee1,2018-07-16
efb4de6556b343a36237a04683bbbb06,d006a3f71c4203792241734805108bbf,delivered,2018-03-17 19:38:32,2018-03-17 19:51:02,2018-03-28 19:12:55,2018-04-06 01:19:10,2018-04-23,76fe1ab0c462b69772453fc923e5b464,2018-03-17
dbc097913df341f30b9f9e92f459cee2,ebb4b033a7cadf1c7d73e8a7bab49594,delivered,2017-09-04 12:21:58,2017-09-04 12:30:30,2017-09-05 15:42:49,2017-10-09 20:28:05,2017-09-21,730573c82e04027f7691e4fe1789e2f8,2017-09-04
bd7951a7bf6dcababde910954ff2316c,db4969adaf29238d85d7e267a22e33fa,delivered,2017-06-13 16:11:57,2017-06-13 16:25:20,2017-06-14 12:22:44,2017-06-22 16:06:33,2017-07-06,0843beadc804cc913010b4a197b80b78,2017-06-13
74b9c5a1b6f7632750a25db4de597512,3d89e437bbd02dfc96b7ebf2d791bfc2,delivered,2017-01-17 16:25:29,2017-01-17 16:41:52,2017-01-23 11:53:31,2017-01-31 10:58:00,2017-02-17,911a7d4fed122180dfff1453bf5a5094,2017-01-17
ee16c51f125b7df3e418ad66a3a95434,b7b5515d2aca164e4e75517a1931e138,delivered,2017-12-18 16:55:39,2017-12-19 09:52:24,2017-12-21 22:12:28,2017-12-27 18:58:51,2018-01-05,57b6dc6d57b7e7d0dd7cdd700e2a054a,2017-12-18
24bb40ee9b9b6fc1cf2392a93aff4f6e,4ead00aa973c2c2a7690f03095428809,delivered,2018-07-11 18:20:18,2018-07-11 18:35:13,2018-07-31 13:00:00,2018-08-09 10:54:43,2018-08-07,6bbfd8e93aee0aaafa5f97e831ccd75d,2018-07-11
488af1da339f776ccc9c5d4b26203cec,5f7a039b6721267134ab5850eb7b5209,delivered,2017-12-09 18:41:29,2017-12-09 18:50:54,2017-12-11 17:15:30,2017-12-12 15:23:38,2017-12-28,0a4bb6e8572ceb4b90bd057518bac6d1,2017-12-09
b3bdaf64ae3778709ebf333ae90f1673,5425029a2f4be868f3f017b84dabd8da,delivered,2018-01-18 18:39:15,2018-01-18 18:54:25,2018-01-23 21:52:51,2018-01-31 22:41:08,2018-02-15,e8787bbe069be83e035e2c54c6cbad15,2018-01-18
36450fdd3cb1533803539fee6245b508,072d5af6d1c25d24d84182a5c1ce6451,delivered,2018-05-16 21:25:09,2018-05-16 21:54:32,2018-05-17 13:55:00,2018-06-07 17:03:19,2018-06-07,889cdbc2157d4b7fca66b33aabdcc680,2018-05-16
be65bdeffac02d6d8d3b667875e6da05,921be88f79a82a0ae7053a435213ef07,delivered,2018-07-25 21:04:58,2018-07-25 21:24:48,2018-07-26 12:33:00,2018-07-27 16:28:45,2018-08-07,a180108edfd35a0ea0ec49427a321ec9,2018-07-25
ec9077fde3d69549e7a6b55a90aab5bc,8063cbc4d11f16fcdea4114bf325acd5,delivered,2017-12-17 15:14:16,2017-12-17 15:29:13,2017-12-18 23:49:58,2017-12-28 15:09:08,2018-01-11,3520daec919d5d56a0fcca29ef96deb3,2017-12-17
a69861ade02dc3d5fe3dfbd36763519c,38defdcf4f60f144562fee6a432f1d55,delivered,2018-05-11 12:51:09,2018-05-15 04:35:08,2018-05-15 15:58:00,2018-06-04 18:52:20,2018-06-07,9d0ef7d06f184c4fd91aa7d3ea6b1003,2018-05-11
8cccd50efb50c504ad366e97a278355f,2bbada11cccfd46dac66a97c9604aeae,delivered,2017-02-14 14:24:24,2017-02-14 14:35:26,2017-02-17 12:47:47,2017-03-03 13:41:56,2017-03-21,f8dc40a8688e0367e31f7d1e307f639a,2017-02-14
000e63d38ae8c00bbcb5a30573b99628,98884e672c5ba85f4394f2044e1a3eab,delivered,2018-03-23 19:48:26,2018-03-23 20:07:49,2018-03-26 21:38:48,2018-03-27 14:51:47,2018-04-05,860fc00d3154ce2346c43ebe47b9b6ce,2018-03-23
2c52a5a630ca9e849ec5fad8932bab44,6aba59b1c67fe19d82c9e2c568ad4872,delivered,2017-03-16 14:41:46,2017-03-16 14:41:46,2017-03-17 15:34:47,2017-04-05 13:43:51,2017-05-16,9f227c6fa314eba38c6481b38736ba75,2017-03-16
c6a9c77bb8c5622e8ce686a274dbf281,b22b06c2482bbf14c1c20f69e28a8a62,delivered,2018-07-31 21:11:54,2018-07-31 21:25:12,2018-08-01 14:27:00,2018-08-02 15:11:26,2018-08-03,937b44814a66ca475bed2512106e6d9b,2018-07-31
0d4bf86877b0763d194d50ca6a136bf9,a94eea151778a67bca934ac8d771b120,delivered,2017-06-29 23:13:09,2017-06-29 23:25:19,2017-06-30 15:36:00,2017-07-12 17:43:30,2017-07-31,5c804b11150a92fa9c838d05c93f3188,2017-06-29
ac8f533b96ef19b111869e752c59a61c,75662c3dd2cfd0fbd4b10232e327e215,delivered,2018-03-01 00:52:45,2018-03-02 02:10:34,2018-03-03 00:05:58,2018-04-10 19:20:59,2018-03-19,dac134231a54f7f083dbb5db08f915ba,2018-03-01
2da878ecf6888b9ef86f601d9a8b9492,8d8822ee90f727a3355664c50dbdbfdd,delivered,2017-03-19 11:19:12,2017-03-19 11:19:12,2017-03-20 12:46:06,2017-03-30 10:52:22,2017-04-10,852668b9509110584019ebbd4d6b3e70,2017-03-19
c172f96808d5e1df5a287d171592d3c6,13597bcb1cdff68183732f71fdb6dce6,delivered,2018-07-20 22:10:15,2018-07-24 11:31:54,2018-07-30 10:35:00,2018-08-02 20:12:20,2018-08-10,2cfc4f48a853b448dceac2dbf223236c,2018-07-20
b06afd29b34d9fc7e3b139bd1739a229,a7fd54728459993a4ef7fc9e605f9349,delivered,2017-06-12 20:20:08,2017-06-12 20:35:48,2017-06-13 13:26:26,2017-06-19 08:51:37,2017-06-26,db71c8f1c8eb1a83a349cbb2b4aaf676,2017-06-12
de0d2b20f954a9610c624bd2706ca857,7950d04c62db11c2e2899dffcf132991,delivered,2018-03-14 21:17:11,2018-03-14 21:30:37,2018-03-15 18:06:55,2018-04-06 23:48:27,2018-04-05,22c53c9a890d5b213d4ddaa7bd306b47,2018-03-14
980496fd521b7f8fe2d75593d11ee1fb,8a4eb74e28aa9a4a177fd01da6254463,delivered,2017-11-03 22:16:26,2017-11-03 22:31:29,2017-11-14 21:51:43,2017-11-24 19:07:12,2017-12-08,0a834292f8691cb3cdc64caf600c61c9,2017-11-03
7f9cfcd3dfc19a1794d3529db50dc342,087862d99a9290061f333c550aaea1c5,delivered,2018-03-01 09:26:01,2018-03-01 09:35:31,2018-03-02 18:34:09,2018-03-05 17:13:51,2018-03-13,c84f0f7ca4f81ee75a82f7d666f44357,2018-03-01
34d8085664591b6233e939572becebb9,fb3c17a0741fbb9e328d54374a56f2cc,delivered,2018-06-04 10:28:41,2018-06-04 10:50:43,2018-06-04 13:58:00,2018-06-12 20:13:44,2018-07-13,a9ac0830ef6d1cff282fe04077d56021,2018-06-04
5c0d142e02002952ffe6ae4db1b02baf,5a856c285ea3eaed4bef0c587fde2b49,delivered,2018-05-09 15:37:32,2018-05-09 15:51:51,2018-05-10 09:01:00,2018-05-21 23:05:16,2018-06-04,bc0cc7fd03864119501b931413dde0df,2018-05-09
d2088349aa517876ebda33eec33406f1,5d82b4dd8d81d80346f024b80e8f167c,delivered,2017-11-16 19:55:49,2017-11-16 20:12:24,2017-11-22 16:40:27,2017-11-23 22:07:05,2017-11-29,ace04db7174afffffc3cca5ab890ae3b,2017-11-16
f63731e821c4ff4415d1b434cff51884,48bbb2176457bc561959fc570e50e231,delivered,2018-05-13 07:12:05,2018-05-13 07:32:01,2018-05-15 15:15:00,2018-05-19 14:12:37,2018-05-30,176df29483e4fb6ce1d6dd1c824ad72d,2018-05-13
13d936efcc1a197d00449039d86a442a,4cfa6759af07a2313ece847750793dad,delivered,2018-04-20 16:33:24,2018-04-24 17:27:48,2018-04-23 23:35:30,2018-05-04 00:32:55,2018-05-16,b1b86f8c62f3629eb3f186bc314a2d3f,2018-04-20
58436e5def1ae6e50a4ce46e06061355,3e283a32b77be4f90e90af1c3c770d6f,delivered,2018-04-04 21:32:10,2018-04-04 21:48:54,2018-04-05 22:37:44,2018-04-10 21:26:47,2018-04-20,d2e72bd05bf1a061e9a8a3c96bd6aef3,2018-04-04
859b8b69ff63d94b4c45df72adb387b2,69b0d25b238a51bbff5b391d5983e975,delivered,2018-06-06 02:34:37,2018-06-07 12:19:04,2018-06-11 13:01:00,2018-06-15 21:26:32,2018-07-16,ddb90b0a5ea004a3c633b5ba1337f141,2018-06-06
e78777ae8bbd5574ac03f4fd12e5daed,aacae358a27a239fda5d05eb57a2a86c,delivered,2018-08-14 19:28:27,2018-08-16 09:24:17,2018-08-16 15:54:00,2018-08-23 20:02:23,2018-09-10,40e3c65c63fb2f9399614d7c25b7b4ee,2018-08-14
c97aeda2ad1d2668a28ab15d1d9e5b5a,1c1739c7924d449cab6ff918adc5dfcd,delivered,2018-05-31 22:22:23,2018-06-02 03:11:27,2018-06-06 17:29:00,2018-06-11 17:46:45,2018-07-04,5cacdc41127ad6a2cc93d6899cdcd63f,2018-05-31
29124c072d8e7d7681a0bebfe267c67a,bc44c4c170767755c0321dc6aa1aa05b,delivered,2017-03-18 12:00:57,2017-03-18 12:00:57,2017-03-23 16:09:07,2017-03-30 14:37:29,2017-04-10,5053321e149637b00e40aa4be14fd6a4,2017-03-18
011c899816ea29773525bd3322dbb6aa,c15a53f6fbae984bcbf4ac7bc4395cc3,delivered,2018-04-30 15:02:34,2018-05-01 05:32:34,2018-05-03 16:51:00,2018-05-15 22:33:37,2018-05-24,6a9501d542243cbdd043c91a66795279,2018-04-30
3230019a07d0eee8a3816cb1732fe39f,5a8e2785fb6ccc605c533ea303fb867d,delivered,2018-07-05 12:07:37,2018-07-06 02:51:09,2018-07-13 13:38:00,2018-07-23 15:33:43,2018-07-31,97cf3aefd84c788d3c579abe1915b6e0,2018-07-05
f5ad4a2c259ed7d9c34b7e4efcd375ad,c29a23ef7387be172dd4df7bd7b219bf,delivered,2018-04-15 15:26:39,2018-04-15 15:51:07,2018-04-16 19:12:22,2018-04-20 20:32:47,2018-05-08,31b8cc3d3bcb9724b307d78a3f455af5,2018-04-15
874d3597cd2c8ff693902b0b5323646a,26445343c024875dba1b18ad8178b905,delivered,2018-03-27 15:40:33,2018-03-27 15:55:19,2018-03-28 20:26:56,2018-04-02 12:46:52,2018-04-13,0e978f668765bf63bf5376a00629a594,2018-03-27
541d399cde50e380f01d8646e4851d1b,5fed823f3e24ed74ff3a9db3ff4f869d,delivered,2018-02-05 17:18:43,2018-02-05 17:35:39,2018-02-07 23:22:53,2018-02-14 21:11:44,2018-03-08,103dd5f651eb6f041d6ae421639cc5b2,2018-02-05
c2aa77318ccfe5fea754a5d1c2ff1544,9a09e1150a3e2333eb93d3c1612bf15f,delivered,2018-04-01 19:44:52,2018-04-01 20:30:16,2018-04-02 18:58:40,2018-04-06 20:38:25,2018-04-26,9fa090c27af98e6e37f23c0cf4feeb14,2018-04-01
7f6c38d94419df12f35f8b8b0ba9167f,64d32a4d85566bcbe3cf6feb51635e13,delivered,2017-12-09 14:10:13,2017-12-09 14:19:20,2017-12-12 21:59:16,2017-12-26 17:09:49,2018-01-11,4be5500602a748a39dd1bf67d57a5d6b,2017-12-09
18b5dc19d0cf40a8d307902c30296340,8785fb9182b02416865849cae455d154,delivered,2018-02-25 11:50:52,2018-02-25 12:09:36,2018-02-27 14:39:30,2018-03-27 22:25:49,2018-03-23,b4757ca32d6e9f8a00f62ed95a485087,2018-02-25
bf7c6e08d475b7f505065edf5357ba16,a0a9f4ce85052e085aa8fabdbdd4055d,delivered,2018-01-03 13:02:19,2018-01-04 12:55:50,2018-01-15 20:34:58,2018-01-19 00:33:02,2018-01-22,d3191628390b34caf19362bd4a16f6b6,2018-01-03
538e58df1e2da6715870a4cbb42a1b4e,333b7d62978a1cdcc338e2545aeea45f,delivered,2017-11-21 11:54:47,2017-11-21 12:31:30,2017-11-22 17:03:50,2017-11-24 23:09:13,2017-12-15,eb15cc694c96c23d5d5049fe290a0202,2017-11-21
562759780fcad12cd40fa0b1311a4ade,faa0d6637fb2a718b4fd3b6173034d71,delivered,2018-05-09 21:31:17,2018-05-09 21:55:14,2018-05-10 20:16:00,2018-05-11 17:24:57,2018-05-23,f9d4024cac0f192824fcca780ca56df5,2018-05-09
c85617bff1ff615fb850f55304688d60,203628078a2e7779fae27d1dec973b44,delivered,2018-07-18 10:35:01,2018-07-18 10:50:23,2018-07-18 11:55:00,2018-07-24 22:58:35,2018-08-08,ae467d4f28775869a435082da2504dc2,2018-07-18
b31eac1961980ead26d0df38911ac5e6,c30a6a79a913a05c611e56edc0b4fd37,delivered,2017-09-13 13:13:15,2017-09-13 13:33:17,2017-09-14 22:24:06,2017-10-02 14:48:02,2017-10-13,5c891bd40803144d07db69bfb69e91b8,2017-09-13
47435f657d2323e5eb4455aa5bc6a436,bab47e7a1b74c94a99ea042acfa7ea66,delivered,2018-07-23 13:19:36,2018-07-23 15:32:27,2018-07-24 14:05:00,2018-07-25 17:48:48,2018-08-14,38af33fca0e5c2be6bb04f77f51b2cbe,2018-07-23
db2bd06455f798cb0da8e649c3aa06f9,f8d3de89915324398f75b2f37ee7406f,delivered,2017-10-23 10:40:44,2017-10-25 02:28:35,2017-10-26 19:46:46,2017-11-08 21:06:49,2017-11-14,0fa6962b515f4cb228efdc77422baa6c,2017-10-23
099319b5b8567c490c01a857c6dbe73f,96d5f5f1a7eb5de66d26556c745015c9,delivered,2018-06-03 14:05:03,2018-06-03 14:15:23,2018-06-05 13:22:00,2018-06-20 18:04:03,2018-07-25,b53e7da5b9aea53134b77d38460c069f,2018-06-03
ff536d93ae4214b4d51c2894ccfc569f,8891eb5ca0e28df961b2b5b8f3c0eb23,shipped,2017-12-21 09:01:00,2017-12-22 12:33:26,2018-01-03 18:22:09,,2018-01-10,13ac6da47fef1b17b16f511e03b57918,2017-12-21
f0da18535563cff323fabde1c9316f85,5c5a396e9851e85e964c551d92286877,delivered,2017-05-19 00:02:29,2017-05-19 01:25:18,2017-05-24 12:52:23,2017-05-25 14:27:02,2017-06-01,9910e92c18776a14048773cef6592b91,2017-05-19
4f26458e3155ac93aa479a6d3ab6f909,d4fd1b1267b39e94b38a282c2d80e7ae,delivered,2017-04-03 20:47:44,2017-04-04 05:45:26,2017-04-05 14:57:37,2017-04-10 15:05:05,2017-04-27,de0344bb141d818d7ff8c0b73eb04d7e,2017-04-03
c36353bc20e464fa631292ac4a42bd17,f3ccedece830a5bc0302a88efc05a850,delivered,2018-07-04 14:33:26,2018-07-05 16:17:00,2018-07-06 10:57:00,2018-07-10 22:39:40,2018-07-24,9082939188074b7af3e7eb45475f52cb,2018-07-04
646ae3eab219e3a2d2281f5ade632b74,569bf91b8565de6f03ab9a026869a451,delivered,2018-01-12 09:52:54,2018-01-12 10:32:22,2018-01-13 01:47:46,2018-01-20 16:06:48,2018-02-09,2ad996bce05e1f13b3f12324d1eed29f,2018-01-12
556a854645a80f5c86ec936469f6903a,83db8ac860d9ff037ff45c4aaf6c39b0,delivered,2018-03-27 14:58:24,2018-03-28 02:47:45,2018-04-03 21:32:21,2018-04-18 20:57:27,2018-04-13,732b284b3fb6c4aefaee529bc6c61999,2018-03-27
23e0fed8d930901ffe66340570278bdb,c57fc7ed7ed1eb12e52d6079e8efe275,delivered,2018-05-05 16:12:59,2018-05-05 16:29:56,2018-05-07 14:17:00,2018-05-09 17:04:18,2018-05-18,8e5acc8af1bee4f1693925cc763bc184,2018-05-05
1d6960313e1efe2dbdc3ce9efc796024,dfdbe8d0a6644129c9b415cade8ee0b8,delivered,2018-07-16 15:11:23,2018-07-18 04:35:15,2018-07-18 12:40:00,2018-08-03 14:03:20,2018-08-15,385a0a40313bdffeba3da7c017822a60,2018-07-16
5b7c6dbea3e21dc6314451ed73907c0c,23ff88906d6e5bfbb904867f888b3658,delivered,2018-06-11 20:09:45,2018-06-12 04:57:28,2018-06-14 12:42:00,2018-06-20 22:38:32,2018-07-11,d04c37e1699d05ba4f5fe7cf2bffc97a,2018-06-11
ede510a059fd07ccec20bff19a227fa3,4b346b47b84bd54b2fdac6fb7963f1d5,processing,2017-10-23 16:42:15,2017-10-25 02:08:13,,,2017-11-08,aa557ebe04f4a32f1186f841f055c2f3,2017-10-23
75ceee59b8189aba5543675b806600ae,e92cf12c7abcfda93511da666ac2240f,delivered,2017-07-02 19:49:55,2017-07-02 20:03:56,2017-07-04 16:03:58,2017-07-05 14:03:22,2017-07-14,10b8a0a33f30c3be7456b5168ff4c8f4,2017-07-02
5296911d4dc8bf3bc994de9534be9eb2,6d4f0e7d120684cae2d015f65ab2473a,delivered,2017-08-15 17:22:31,2017-08-15 17:55:19,2017-08-16 16:42:35,2017-08-30 18:40:13,2017-09-06,f4516531fe2dfd62715cdfe16a36043a,2017-08-15
7a309e99001d2a284a1747c7cc4186bc,6c6e0770deb19fabc54d902741d13d76,delivered,2018-05-03 17:37:49,2018-05-04 11:33:18,2018-05-07 12:42:00,2018-05-08 22:58:38,2018-05-16,2d58ac08d316a28ed3ab24e8c49d4a84,2018-05-03
a68ec02f230006f4c1ed1fd0a64c23ca,f619b4330701af65eb83e1540d775550,delivered,2018-05-03 13:28:29,2018-05-03 13:52:40,2018-05-03 14:14:00,2018-05-11 18:03:11,2018-05-29,51d8d985d769925b981b4a34ddf6dfc6,2018-05-03
b87afc89cd215f60565ed29fd804b4c8,2a2bc4b0a26498448f7f6a887f048bb7,delivered,2017-07-02 15:05:31,2017-07-02 18:50:15,2017-07-05 14:53:15,2017-07-06 16:34:32,2017-07-14,94799536464c7e4831d318c5aa3d46bd,2017-07-02
3c0b67bd85f2dfc07ce29067544177e7,9885ce55720b7a76b140a5ed53480d74,delivered,2018-04-19 15:27:32,2018-04-19 15:49:03,2018-04-20 18:51:33,2018-04-27 19:19:31,2018-05-15,0fa7e8ccf4f79b9ee6dab32e2bb9ec18,2018-04-19
205d7052a6505124d200f6fea6b423bc,d020d4abe6475a8382f53d763fe24a65,delivered,2017-01-05 13:59:30,2017-01-07 03:44:23,2017-01-11 16:09:00,2017-01-17 17:52:31,2017-02-13,83e7958a94bd7f74a9414d8782f87628,2017-01-05
98095edd22a4a2d45b28419b5ea48668,5a03908d0ff8c424783d742736eeb41d,delivered,2017-06-05 16:59:45,2017-06-06 13:15:41,2017-06-08 09:55:42,2017-06-14 11:32:43,2017-06-30,0800b40b1751d9f66189ef534f22e03e,2017-06-05
ae290dfa003291158e45547b06ee3251,87070d66b7ab1f1f2f17c357a62d7ee4,delivered,2018-03-31 00:41:42,2018-04-03 05:27:56,2018-04-05 18:31:01,2018-04-17 01:20:43,2018-04-25,31be4a82a24208b1195f549edbd9f705,2018-03-31
0cbfa7741e21d7a732157a50ad8381de,68fe5bc21c5a3ad828108dc360c41fc9,delivered,2018-05-15 19:07:02,2018-05-15 19:35:58,2018-05-16 14:49:00,2018-05-21 17:18:32,2018-06-04,8e01028f9e35736a083d15e48ed32abf,2018-05-15
6b0ac1bdea322c7060eea92feb9e9a6f,78d3ee0870e91f6ee67363695e0a705b,delivered,2018-06-28 14:29:37,2018-06-28 14:50:53,2018-06-29 14:15:00,2018-07-09 20:52:47,2018-08-01,8ea2ec4064078eab4e0b38ee7779aa99,2018-06-28
01f99c97a2034ffb373556e8fdb5c7cf,3a9795ba3f6c5d04cbca83a5d29cfaf6,delivered,2018-05-08 10:50:38,2018-05-08 11:09:44,2018-05-09 14:51:00,2018-05-16 22:37:44,2018-05-24,9aaeac4d7597ef5e2c9dca24968afec9,2018-05-08
edcf1e1eeb52381be9388c90152be52d,ce2172509c4149d65212484eb761bc37,delivered,2018-08-21 11:29:05,2018-08-21 11:50:47,2018-08-21 15:37:00,2018-08-24 13:06:25,2018-09-06,c5da6424f1f5decedef8672a1a0103e1,2018-08-21
300a0fb67e14c56475f361381f629060,34a181fed533272fed37fddcd45625a3,delivered,2017-11-13 17:05:52,2017-11-14 17:30:30,2017-11-21 19:09:47,2017-11-27 14:37:43,2017-12-04,4f88e6285f805c9a823ba23291a65ca3,2017-11-13
4dfd09fb6fb2f256416a206b44888d27,940425068929ff16971a8739200e6c9a,delivered,2017-12-04 09:50:34,2017-12-05 11:25:07,2017-12-11 20:18:07,2017-12-28 21:39:08,2017-12-29,4813129045e3a1b6cd49a062bd036c16,2017-12-04
a2bcbea8668a0d93334cf7f7fafe921d,1d07a5e66ea2c0bb74e2523526326ba3,unavailable,2018-02-12 15:38:41,2018-02-13 15:30:45,,,2018-03-06,db44a2fcc338d9b3d22dda89950c77fa,2018-02-12
f4784cc10b71c854627d55e0f3999ed0,69cf60bf94b939bbffdc94c48bc166ae,delivered,2018-04-01 17:53:49,2018-04-01 18:35:14,2018-04-09 16:15:35,2018-04-10 17:27:23,2018-04-12,61b25268ca362baae45cc7e38a7bd8e4,2018-04-01
5f28a9d35378818c5a8a1a56874c5a32,464374e2978f309e923b8abfd247e92e,delivered,2017-11-23 19:09:19,2017-11-23 19:19:47,2017-11-24 21:34:56,2017-11-26 16:11:54,2017-12-07,49547052a0e70faae67143e05cf2cd83,2017-11-23
248f977b0cbdc09f2c33465578b76873,e3927d011a411c732fa0a9037ceb8737,delivered,2017-08-21 12:42:00,2017-08-22 13:06:57,2017-08-29 21:42:58,2017-09-06 20:56:59,2017-09-19,5b5c5e6acbc294d9c30645e963c2c371,2017-08-21
63c10abe3e4a1cfbeda3cdde88766893,4ba02b06cb8d9a5be5e34902fe02eb62,delivered,2017-08-13 12:46:42,2017-08-13 13:11:25,2017-08-15 21:12:37,2017-08-18 17:56:40,2017-09-05,e81d500c869aff794ce78f4df24ee946,2017-08-13
a0f7769c320fd4c1900add6490eab094,74513f73285330d3a484736bdc3b3671,delivered,2018-05-31 15:39:15,2018-06-01 15:35:28,2018-07-04 06:38:00,2018-07-09 18:04:16,2018-07-25,b4eb54a0c0c41f8d125f43a26546a6ea,2018-05-31
b7abd082ee6dd79ee1e8b2eba07d86b3,6f112dd10f33826462a528bcede68046,delivered,2017-11-17 19:55:20,2017-11-17 20:56:06,2017-11-22 21:25:26,2017-11-24 21:08:50,2017-11-30,ae9b719375655dab3c518d76cc37a843,2017-11-17
40db4f0f82bffb39d451e25160375df2,1dfd803a021e815503586aaeef4250d9,delivered,2017-09-19 19:26:07,2017-09-19 19:35:12,2017-09-20 18:03:29,2017-09-25 15:08:31,2017-10-05,d9ca6af212fe298a893488223d66960f,2017-09-19
38774303eed7ea4f45f31ba37969381d,18b22d597785579797e1526c9621beff,delivered,2018-03-31 20:27:56,2018-03-31 20:47:24,2018-04-03 00:18:51,2018-04-26 17:58:52,2018-04-18,a02e009cf5e84437635e98fd7478353b,2018-03-31
b9d42d3c4b0b357f92488c43be786520,93fbfdd65e16d784938699b2af7f8b27,delivered,2018-07-13 07:02:01,2018-07-13 07:10:17,2018-07-24 19:07:00,2018-07-25 13:28:53,2018-07-31,689dd283adf3d5ecc00c4f454019e96c,2018-07-13
f70334f7397fbe35445739c793099fe6,1ca068671d3f087b2981eaf452ff0bb9,delivered,2018-07-04 12:16:01,2018-07-05 16:40:46,2018-07-05 10:43:00,2018-07-10 21:38:35,2018-07-27,5f6100a37a9d53753b46b630ea5ed5bc,2018-07-04
db2e05029f564b8953ddf3766e3b99f5,e392266c72da3c0c12da2d2bf0bdc386,delivered,2018-02-15 07:45:24,2018-02-16 07:50:44,2018-02-16 19:32:34,2018-03-23 21:19:00,2018-03-08,9ad7efc09eb9e6f0a7ba95190500dbf6,2018-02-15
16288edc7382ecd4230909d0907fb939,84b1334ece1e0dba8a2ec7746f90bca7,delivered,2018-03-01 11:05:55,2018-03-01 11:29:15,2018-03-06 22:58:54,2018-03-14 01:14:40,2018-03-26,8e88ad507bc0ce64d339830e4ac84fff,2018-03-01
8d053738b817a245da596c4aac057923,d7be54516b09d327e904b5bcfbe0a79e,delivered,2017-02-11 12:25:50,2017-02-11 19:31:52,2017-02-16 14:36:07,2017-02-24 12:47:58,2017-03-24,c6f8a0976d97dc94811f4e2beafe7046,2017-02-11
6a905c93dd651967766fa3a1a7389361,15a47b3e6b010337746a401b0e67b618,delivered,2018-08-09 21:18:17,2018-08-09 21:30:18,2018-08-10 15:50:00,2018-08-14 16:38:32,2018-08-29,565283fe12fa1a894ef451c4bfb391ed,2018-08-09
4992f0162a4e7f36cf293bdc49e42f5e,6b18da7374b00d0c01f17396b67f63d9,delivered,2018-02-08 20:28:56,2018-02-08 20:48:49,2018-02-14 18:39:03,2018-03-08 20:27:24,2018-03-12,a0abd26659c9914690cbd3320d39fd96,2018-02-08
bc23a8b8a743eb2f2b66eb86a77f8740,dcd3d418bc3f3a6b9617ef14ddbde12c,delivered,2017-09-07 19:38:45,2017-09-07 19:50:23,2017-09-08 18:57:23,2017-09-18 18:36:01,2017-10-03,8d5d92f61be08c1c7b0cdcba36a77744,2017-09-07
a85429530fd3281381e34d128b357d91,71e5bce2e825f8bc773f6c355b6ef33a,delivered,2017-03-10 21:50:49,2017-03-10 21:50:49,2017-03-13 03:15:52,2017-04-05 02:23:43,2017-04-12,20ea80f41970eeef262ab9d652ed5255,2017-03-10
f41ef35b2b93249c5239c5df242e8b28,ac312444c1b3a645bf132fadfa1bede4,delivered,2018-05-09 16:59:45,2018-05-09 17:36:03,2018-05-11 18:17:00,2018-05-15 19:05:55,2018-05-21,11a70f262b8ebca18b88fcb5a5f6882b,2018-05-09
6ffd704e6933899e26c59d4756c43b7e,9f44ff9e2950fc39c241aa6d30587200,delivered,2018-01-06 09:54:49,2018-01-06 10:07:11,2018-01-09 18:44:31,2018-01-10 15:03:28,2018-01-24,3ed4235d521c24fec4f77d4254e070b8,2018-01-06
320fd6cfc4bead8197eca162b2f705ef,35ffa23fb1d2e7216a1ca7a8f2ed8ba1,delivered,2018-05-16 17:31:37,2018-05-16 17:58:05,2018-05-17 14:59:00,2018-05-22 15:58:50,2018-06-05,b4d20e099c1aadc325ac4b8bdb309cd6,2018-05-16
3b93a7bb88f4b1160dc579d15c706a2e,ddc14377d542cc888baf7ed3e4df1a77,delivered,2018-06-16 12:20:53,2018-06-16 12:40:12,2018-06-18 14:58:00,2018-06-25 14:51:49,2018-07-18,cca180c80d52d242fca3ed8cfcefad09,2018-06-16
c634bb8a8e3ca4f7c67b8d92e7a0740c,3de4c8a03aa3ee782ac186c56c7bb4b1,delivered,2018-07-06 11:50:56,2018-07-06 12:41:00,2018-07-10 11:30:00,2018-07-13 19:44:33,2018-07-20,9ad4b524ff2f27921cdb9580c10c6657,2018-07-06
5364251a5919bf6a0aede30159704e83,cfb79c33a1566fcdd237c45cf383d5b8,delivered,2017-04-04 20:43:40,2017-04-04 20:55:19,2017-04-05 13:25:18,2017-04-17 10:47:57,2017-04-28,839e87c05aa9413d96be04b198565a4c,2017-04-04
6fb94eba66b44dad1973e9109f89136d,6b741dd403f43757d73c55038fabbc77,delivered,2017-05-22 20:09:55,2017-05-22 20:22:52,2017-05-26 09:29:24,2017-05-31 11:37:01,2017-06-13,d1763ffdda14239cb1875f180fe5580b,2017-05-22
8bd234ce8ee3bfc5da0cf859cd80e414,9b5efc166095e901a6d0ba70bf0cb80a,delivered,2017-05-09 15:44:24,2017-05-09 15:55:15,2017-05-10 11:24:38,2017-05-16 09:14:34,2017-05-26,20b3b30ddaf3a484be8af20013551037,2017-05-09
aec22e7fdce5eb4bb18379fa44aa0662,2d91d851c42c4baa050a2137d3b6dcce,delivered,2018-01-30 17:04:51,2018-01-31 16:51:21,2018-02-05 18:18:50,2018-02-19 18:17:18,2018-02-21,718aef3a2fd2f1d8362595c342088f16,2018-01-30
7b42f564d505ea0c0783bb273062ca8b,f40df781e8d1e5f46a4b19b347441b39,delivered,2017-11-14 09:02:08,2017-11-14 09:15:55,2017-11-16 14:32:53,2017-11-21 21:06:45,2017-12-19,459568e2d061356560d9936ce6f71361,2017-11-14
5f580ea84de3f42cce60c69c8db9bdc6,a49d53ba51c7b50622b3b2ed6e5b9312,delivered,2017-12-12 19:13:05,2017-12-12 19:29:54,2017-12-13 23:52:49,2017-12-26 13:07:16,2018-01-08,a76152dbe2324e3cf2eccf32c2db1ad4,2017-12-12
60b90d12b2451a3a055c8b86ad3478e3,5df4376513ffb2740d5d4122d6d98992,delivered,2017-08-08 17:56:34,2017-08-08 18:05:18,2017-08-10 14:36:47,2017-08-28 18:56:42,2017-09-01,12791a6444753fd23ed172d727f5b626,2017-08-08
b636037a882bd588f102f9f3fc29b2ca,88206da384579aec06cbca25d61dfbf9,delivered,2018-07-20 19:54:16,2018-07-25 23:31:59,2018-07-24 14:40:00,2018-08-07 14:27:45,2018-08-09,6d90b4cc432b22857f3660864f240b0c,2018-07-20
4e176003290e383bf0252afedac983ea,bc27754b418ead128c0fd41cc14f81a2,delivered,2017-05-30 20:10:16,2017-06-01 04:15:25,2017-06-02 12:52:35,2017-06-14 16:06:00,2017-06-22,c1c0e094a7fbde66794da6ee9f9d1dda,2017-05-30
531e9bdcb32d997677a092e639fcca4c,cdb8ecb52c4bffb6c6300353e4c7467d,delivered,2017-06-22 22:35:34,2017-06-22 22:50:07,2017-06-23 10:27:46,2017-06-30 16:58:02,2017-07-14,8c0386035e15f02612c89d29d7694b41,2017-06-22
0e48ca107de4291a6f7536b4f5cf512e,282fbce48e4d2077aad602dd125c9225,delivered,2018-05-15 10:39:41,2018-05-15 14:30:29,2018-05-15 15:55:00,2018-05-22 19:42:12,2018-06-12,0ceb502fc33a2ad327b08288c5310e2e,2018-05-15
3e68d0953d76c816cb9b580357cf65a1,dadf79040bc86eda46a4fb0dba778fd4,delivered,2018-08-07 20:29:36,2018-08-07 20:44:52,2018-08-10 12:25:00,2018-08-14 15:41:06,2018-08-10,d6fe1d8f8260d270ec05c8b3065c8eaa,2018-08-07
fb454622174e0c8226d0959a17d45112,88de43651d3ee3675d2fb40245e0b157,delivered,2017-07-31 16:17:31,2017-08-02 02:55:18,2017-08-04 17:29:52,2017-08-10 18:32:43,2017-08-22,6d9eef6189db7573bef53e5a5f37c018,2017-07-31
79e2f7d45aa63a71363003bd1e16f081,6ffa46811511c3d264c6a0069b27eb83,delivered,2017-12-12 19:47:15,2017-12-12 19:59:28,2017-12-14 20:26:46,2017-12-20 20:33:20,2018-01-09,8c0e78ab5a2a69bbe7978365c53f8154,2017-12-12
633ab17bf4665666fdef150a01469e84,fcc823f0ae4f596e54cd461c145dfd5d,delivered,2018-06-02 13:53:43,2018-06-03 13:51:21,2018-06-04 14:17:00,2018-06-19 17:54:36,2018-07-17,3cdadaf84a996b3f07ccfcf9796f1dfd,2018-06-02
3822b25e989ac059e7f232678b67a465,44b6addf8f0742048c4bd7a8797db51f,delivered,2018-07-24 08:01:33,2018-07-24 11:41:04,2018-07-25 12:06:00,2018-07-30 16:06:50,2018-08-10,f16b2f47454dd5dd97852868119e465c,2018-07-24
34fa15662de2057126fbb0b0f1c1120f,d79f039ffbcb11e3ffe7410595788f03,delivered,2017-11-27 20:41:04,2017-11-27 20:59:33,2017-12-08 14:55:35,2017-12-15 00:34:10,2017-12-11,a5e0c7e64371f5433e85d01dd9c2419f,2017-11-27
6ebd87c68b43c9ab7c98930b4492dd1b,99395f407106db1f579fc0f795dda55e,delivered,2018-06-26 23:09:41,2018-06-28 02:15:48,2018-06-28 08:01:00,2018-07-04 21:21:57,2018-07-19,d3f39b70f1d197e5311cba0d80cde972,2018-06-26
f9d9fcf57feb770b0ea568f6a92bb2f2,127b82d6bde5446b1193941efd6d1200,delivered,2017-10-20 06:55:49,2017-10-20 07:07:16,2017-10-20 17:03:44,2017-10-25 21:15:05,2017-11-09,d52435d25378ad8cda428a37202e7df8,2017-10-20
28cdc94ad78d265b499b509df02643b7,83302d09599dec41f0194aa83d1e7e0c,delivered,2017-11-18 13:59:47,2017-11-18 14:10:35,2017-11-22 22:24:32,2017-12-18 18:58:44,2017-12-12,cd8194555de80b28e7f87a3cec59b422,2017-11-18
dc90e3bb74a1bebc1091534ceb664313,1c9eecbc0afba71d4f1402106b1b36b2,delivered,2017-06-11 13:50:00,2017-06-12 13:10:53,2017-06-16 13:03:16,2017-06-27 16:42:50,2017-07-05,cb473287ca9bb51049f0f09e4e1fb7bc,2017-06-11
a75a84b2908ea544bff7d2e015fcedaa,8640e6b98222ae7c5f794b839de74a41,delivered,2018-06-07 14:32:48,2018-06-08 03:13:25,2018-06-08 12:03:00,2018-06-18 13:28:46,2018-07-13,fb4eaa9db88c1a09318ffa87435b37db,2018-06-07
8cab96495293d1bfed0c4f34ae7fb9e9,e18e455d09f8bdb9e3754303e9b37b85,delivered,2017-05-20 15:07:59,2017-05-20 15:32:12,2017-05-22 14:43:18,2017-05-23 10:16:59,2017-06-02,8567dd017ba3de541173ea9c6cc0e94d,2017-05-20
25bf4fc1a8e7ebf66f0c47dc36c00f77,628560346c01705122e0b4516e9bc588,delivered,2018-05-14 17:25:13,2018-05-15 03:56:04,2018-05-16 12:31:00,2018-05-23 22:51:51,2018-06-26,a253d10c681ebc4ee987907d2fd156ce,2018-05-14
88367c23420c866abd6157288f3c7a0d,451efe6b44494639a089b5f2209bf88d,delivered,2018-06-03 09:31:00,2018-06-03 09:51:05,2018-06-05 07:06:00,2018-06-06 23:38:52,2018-06-28,c08ba9001ba88f8e18d4349f4ef8ce5b,2018-06-03
4d387befd269a77ed5ebf7274fac2751,d6569f2077c6ca847fbab125d0d47837,shipped,2017-03-05 18:25:38,2017-03-05 18:35:16,2017-03-22 05:32:16,,2017-04-10,21e9cb5fb37a9ab20c07c004da71fd04,2017-03-05
eb1fef50749c960bb52e6b27761970fa,4862627bc39ae472300a5da8a548af82,delivered,2018-07-19 11:43:02,2018-07-21 03:15:24,2018-07-23 11:45:00,2018-07-24 18:28:37,2018-07-27,b69961c68edec92d010905041681a37c,2018-07-19
6e50c3286b2f4fef7e6adc496afd5b70,5a64af38f58acc23a5240a7ae411eb03,delivered,2017-11-23 17:39:46,2017-11-23 18:24:59,2017-11-27 12:28:41,2017-12-19 17:26:43,2017-12-19,399aaa086483a54afbaa136edfb435a0,2017-11-23
d59cc61c2dae8aad29577564430a4e6b,e48fe5d0e0da16a99b9ed1e40ddeac72,delivered,2018-01-19 11:16:31,2018-01-19 11:36:13,2018-01-19 21:11:32,2018-01-31 22:48:57,2018-02-19,7b3b5072c3dbac394a8129ff63cfe845,2018-01-19
bc98cb8e1e7301ff6ae37a80c1bb020f,46b1f2eb370aa6d44b1c39e748eb0510,delivered,2018-04-14 16:56:29,2018-04-16 08:51:20,2018-04-16 22:03:32,2018-04-20 23:57:30,2018-05-09,c715bf68d982201ad42efd165676df6b,2018-04-14
1aeb7327979c2a19b8f80b9df367d99f,14dc25a6ed75c0301955b530e15e1b91,delivered,2017-11-24 20:22:09,2017-11-24 23:32:45,2017-11-27 18:39:21,2017-12-21 21:23:36,2017-12-18,bc394684831f0cc9e99a4e592c329fe7,2017-11-24
6508933c739b7b3666a99f91541f3246,b88234e097f4a1587861e51d3288f500,delivered,2018-01-30 09:57:20,2018-01-30 10:14:48,2018-02-02 06:28:43,2018-02-05 13:38:33,2018-02-26,1ab8cc2e669a428d704ae7374bdf144b,2018-01-30
11fc45612392482891635d05c69756ba,1baf4b4d0360f77e66818f48b3f095d6,delivered,2018-04-02 10:43:49,2018-04-02 10:55:24,2018-04-04 11:52:45,2018-04-10 11:32:50,2018-05-02,3da4b5990fbe91360d7ce38858cf7061,2018-04-02
645f607d5609144dd5eb78fe1c5a22d4,c7ef249622117e641738a76505595318,delivered,2018-03-23 20:17:59,2018-03-27 03:49:52,2018-03-29 22:19:32,2018-04-24 15:42:37,2018-05-10,9986d7e5a69969387d253e28440d84cb,2018-03-23
80eae376fddb50c28eb0e4857691de4f,02035a6c43039fa299e0492df023bad2,delivered,2018-08-07 09:31:09,2018-08-07 09:45:14,2018-08-13 15:27:00,2018-08-15 20:43:38,2018-08-10,e81e9d35d842afb8fc184b1ba90a7a74,2018-08-07
868d2668d3bff66258de12631b298034,5aca54e53eab097bf761383641913a4c,delivered,2017-09-25 17:07:00,2017-09-27 03:07:20,2017-09-28 17:26:10,2017-10-05 21:29:02,2017-10-17,6c7666a9795b82caf72015ee45498b74,2017-09-25
f814e911eb0f9834305ddacbaa7e83e8,68556e69464bac3ce95fc3110467f914,delivered,2018-08-17 14:22:37,2018-08-18 13:49:51,2018-08-22 16:20:00,2018-08-29 21:24:27,2018-09-17,71fcea170af3baf5b39c2fb95bb28e47,2018-08-17
ece8853f47b1069c213415c8b64ad6b3,e00efa08727aeec3f33c4c59e8cd6633,delivered,2017-11-18 14:27:34,2017-11-18 14:35:27,2017-11-20 17:57:15,2017-11-25 12:12:19,2017-12-12,6ca6ba9784c299b15a7ffdda7bae2927,2017-11-18
3f9e443363932c59458a52c1ffd3655d,5eae7515c696eddaad72b5f9983963c1,delivered,2017-05-28 13:09:33,2017-05-29 13:10:20,2017-06-01 07:25:56,2017-06-08 11:47:00,2017-06-23,755c7b24d4e15e3846b3210250a21a8c,2017-05-28
7ba66cc7f94f613ad60852e42e42e7e7,f96605120e03b2562298bbd2495d85f8,delivered,2017-10-08 22:08:28,2017-10-08 22:25:46,2017-10-10 19:03:59,2017-10-20 19:55:27,2017-11-07,e5a069c00f4befe38d804cfc989ac919,2017-10-08
8717b95453a85a457f3f3cbe1aaa118a,eabddc7ba2dc071e70f20c9022a79ece,delivered,2018-08-10 22:21:38,2018-08-10 22:35:15,2018-08-13 15:27:00,2018-08-17 16:13:27,2018-08-27,2793875498529cad20ec2226d36446ba,2018-08-10
96a37e69d0e47674bb4214448cf76dc8,4fd779435ce96ecf52189efb9ee329de,delivered,2017-09-01 13:44:38,2017-09-01 13:55:14,2017-09-12 02:15:52,2017-09-13 14:28:01,2017-09-20,7e68c3ac272fdd18f19234f9dc034de7,2017-09-01
a2b2d6d1919f4f35f47c42de3f62a1fc,26bc7a790e0b09e634990bd957f09ef4,delivered,2018-07-14 11:40:54,2018-07-14 11:55:18,2018-07-23 15:08:00,2018-07-30 20:19:34,2018-08-10,c9f234d14729af446be2fbb4cadfc2fc,2018-07-14
a15a0b2ddcff917321e721b84d7217cd,d49d050b968aa2bfef80ee4a2906ab8e,delivered,2017-07-14 09:30:29,2017-07-14 09:43:52,2017-07-14 18:29:50,2017-07-27 18:03:09,2017-08-07,e1e91ee1af1d2704b48f9b314c6fd4fb,2017-07-14
5b023700ca22594b76150412fb31d733,4f85689223f7451e3754e857750c6847,delivered,2018-04-16 07:25:38,2018-04-17 05:55:42,2018-04-17 19:19:12,2018-04-27 18:32:02,2018-05-03,45d7eeeb18aa8c7422e5e36d3b320e98,2018-04-16
dcd8ae10d3d29ae2ef27cbe41848380b,37249a38bb2565aabae11a5b88e409d5,delivered,2018-03-22 13:37:34,2018-03-22 13:55:34,2018-03-23 00:53:48,2018-03-23 19:23:03,2018-04-04,ec1a46ef8409aca3b3f94b01e02d6582,2018-03-22
6368f15cde8b7283ce52067367693a98,632716214ea050e8e513962866f8ed80,delivered,2017-12-21 11:44:58,2017-12-22 02:38:48,2017-12-22 19:30:05,2017-12-27 18:58:30,2018-01-11,c434d58759026b0620ae7f5b73ee7125,2017-12-21
9f1d5df23613cd18005adb56a0a67feb,1f1be5326b8d55ed94640290e0edfbfd,delivered,2018-07-16 12:49:47,2018-07-16 13:05:09,2018-07-19 10:49:00,2018-07-20 18:16:26,2018-07-26,3e4b2e649ef988d57fed54dd8bc276b9,2018-07-16
006127b8b9a1681a982313ed7129c3c0,1aac2b5adf8aec2c00fe67d06aa8ebc2,delivered,2018-03-08 16:01:59,2018-03-09 02:31:25,2018-03-13 03:42:06,2018-03-20 22:27:30,2018-03-26,96fab6e511253d619ab79a63c31b29c4,2018-03-08
c7896e235d6efc7e0ea52d3c5abe5cec,b3f2d599683d9da3ec5a09d1fd39ee4c,delivered,2018-01-02 10:45:15,2018-01-02 10:55:20,2018-01-03 16:45:07,2018-01-11 17:08:24,2018-01-26,14535f28021af0613e0cb9b85bc9400e,2018-01-02
32e34fe202c1776f1f6670feb9a28a73,96dfc016637a147605872f99cdca9f4f,canceled,2017-08-05 16:11:14,2017-08-05 16:25:16,,,2017-08-18,300302f9c0a881b9d58d2e786e242fa6,2017-08-05
2221e081ca8adbc501639130055176ca,afe64a53e1a348ec5dfc7c97af12816e,delivered,2018-05-23 16:44:33,2018-05-23 16:57:01,2018-05-24 14:10:00,2018-05-28 20:46:38,2018-06-11,23c2a49ede910262369700eea69f2467,2018-05-23
60968a386889fb91ca9c02b4f2eaa9bc,469848a22e35982f0568b2eb9fb208f2,delivered,2018-08-05 19:33:52,2018-08-07 04:30:30,2018-08-08 17:15:00,2018-08-22 11:41:30,2018-08-22,7f86f5d5351f8924c413e856ffe1a0a9,2018-08-05
8031adfac87d3fb5ff7b41a0342aae74,5b9343b3c967f742d950e5b74e1f4ab6,delivered,2017-09-06 20:20:25,2017-09-06 20:35:13,2017-09-08 14:32:37,2017-10-09 20:59:47,2017-09-29,52449a4b6a910c70ad022028fab99b78,2017-09-06
a5b59e1722f00778c620013cf7ef958f,1fc2eac68aca255a26d5d03894ddc6f9,delivered,2018-01-26 23:08:56,2018-01-26 23:31:35,2018-02-01 00:18:45,2018-02-16 17:48:42,2018-03-02,e53111349fe149d5ce0b59490de84966,2018-01-26
ee7f4e0a5223e51719a98941129bbc24,fd8c1c13c5a8e810e542362ffe896cb0,delivered,2017-02-09 14:18:34,2017-02-09 14:30:15,2017-02-10 14:29:02,2017-02-14 08:44:35,2017-03-22,4177106411d91f66e786890b5e745511,2017-02-09
bf9d705db9fe15b5bd6a0a35c3e3365f,cd7fc3b7e625b3b0492197326b461c4c,delivered,2017-01-11 19:21:04,2017-01-11 19:35:14,2017-01-13 14:25:01,2017-01-20 21:11:43,2017-02-17,765369a23b18f4f6dfce1757448fbae0,2017-01-11
0a5862d87bffd3cfdc0615c7aafcf408,4138cbe661da10a8a2428754495ab8fb,delivered,2017-11-04 10:28:59,2017-11-04 10:45:22,2017-11-09 15:38:39,2017-11-21 20:28:45,2017-11-28,d6e3f8ffe22be51ff7df0880477577a9,2017-11-04
5d4e56918ccde2aa7e18e48d3042fc6d,c9bb3eded2d82109dd047788d425e3d9,delivered,2017-08-14 21:48:47,2017-08-14 22:50:14,2017-08-16 20:49:51,2017-08-22 16:00:37,2017-09-01,16a80e00832b1f2f7dbdb8073f8e2ed1,2017-08-14
151137bf7ab537c1a2da6bba1368d87d,8678ce9bb3f23410f28b6caa0813528a,delivered,2017-09-05 13:52:21,2017-09-05 14:05:17,2017-09-11 18:11:49,2017-09-18 18:59:39,2017-10-03,49cee01774f85ef576192e1038cf9cc6,2017-09-05
f2b3722d411fc47e5ead1fecbfe6c1c1,27e870080e742c5d8822fa6790b4de9e,delivered,2018-03-13 21:41:16,2018-03-13 21:50:36,2018-03-14 16:50:01,2018-03-16 18:05:11,2018-03-23,c7162c842c0713472fee71aff1ac1da8,2018-03-13
4ac657f0949f8f58a10b48c192df0b4e,92504252be756b023437fbe7e6db9463,delivered,2018-07-05 13:15:27,2018-07-05 16:09:18,2018-07-05 14:48:00,2018-07-07 11:08:33,2018-07-18,8189b4181f6a26f256555e3ea07f7ec3,2018-07-05
aa39e753399d95834f9d16ac80fc60e3,76c5e2e161873de2942ed5f0f9539986,delivered,2018-01-21 09:13:44,2018-01-22 13:45:34,2018-01-24 18:48:44,2018-02-23 20:43:21,2018-03-07,9412ded3c4f2d420e07bc5866fc6d25c,2018-01-21
0909121693cdb66d170b212e65c2bf59,cd1437f95cf93146c0fdacd572480dd1,delivered,2018-06-26 15:35:11,2018-06-26 17:18:20,2018-06-27 07:56:00,2018-07-23 18:18:47,2018-07-26,9bdcb4acfd3af0cf10c140cb7fb62ce3,2018-06-26
1ac9d38dde347ffac03bdb653003682b,667cece2c46332f911cf581ff412cdf5,delivered,2017-11-13 16:27:21,2017-11-14 04:16:11,2017-11-16 13:51:56,2017-11-24 01:43:47,2017-12-06,8ccb4bbbcf37ed4f584d184a7ceab65d,2017-11-13
aa1b889390528c108e089b5653303727,47f65598c29fdf5ff7560cf8a532b07b,delivered,2017-05-04 18:36:49,2017-05-05 14:35:19,2017-05-10 10:04:36,2017-05-11 15:11:44,2017-05-26,b74d723479e0bf634e9769a722c278ac,2017-05-04
9ed5fb43923ff520458d675521c4f9a7,184ef3f8d7677a1d6d43c8478637229e,delivered,2017-07-24 10:55:51,2017-07-24 11:10:11,2017-07-26 11:28:03,2017-08-07 08:06:02,2017-08-25,fb4accbcbcd54672a8a8b195d9ff0ec8,2017-07-24
054042ab7dc07121b53acdbe6837a3ce,76717af7e94ef8aab18364647e9ea892,delivered,2018-01-25 17:44:07,2018-01-25 17:55:28,2018-01-26 18:47:34,2018-02-15 19:43:02,2018-02-22,71b400fcddc1600b462848924563dd5d,2018-01-25
e8c74b2f4746d1c6048aa585a61c87ec,4f31e27037f93a14ee32b11bacf4b36b,delivered,2018-04-21 11:13:48,2018-04-24 19:17:11,2018-04-25 15:00:00,2018-05-04 12:24:38,2018-05-18,63c6001690c00154c0caad2704e321e9,2018-04-21
395363317a9cc3945212a000edf960d3,dc5cdaee8fb928470e237d86e3a75459,delivered,2018-02-21 20:49:41,2018-02-23 02:31:07,2018-02-26 15:33:37,2018-03-21 00:17:35,2018-03-21,58f5a0b391493cf37a8c32956f14d6d1,2018-02-21
ec95bda03fcd25491f6e0142ef318ee8,e1f665b9a62b55d9bfc07edf2bbfc9c2,delivered,2017-02-12 18:46:20,2017-02-12 19:02:51,2017-02-13 09:50:59,2017-02-22 10:13:40,2017-03-24,1ddff67fa0b3cd8e5ed5ecb56c5bb5d6,2017-02-12
b66fd6a341d01f4aa177f68794414e6a,5d0c7555246fa35873886d3d0ffb4ad0,delivered,2017-04-25 17:54:07,2017-04-25 18:05:26,2017-04-27 11:58:29,2017-05-09 08:47:04,2017-05-18,30125b288c8308a0ccc3359784fb50a4,2017-04-25
143f8e1be12f4d99301cec6f0d7a3834,c084c36f269f29c66bb61f3ac37303e8,delivered,2017-01-24 16:58:46,2017-01-24 17:10:21,2017-01-26 05:41:52,2017-02-01 11:59:07,2017-02-17,1037ee8f97dd4241edf738269f1c470d,2017-01-24
96232025cb67bf9cece00d90f9d225e8,5ebb2807da8cd7913d493913c67e7e27,delivered,2018-04-18 00:51:50,2018-04-18 01:11:39,2018-04-18 19:58:44,2018-04-19 11:48:47,2018-04-30,81c98f96ecae3c8189b6732d8d55d31d,2018-04-18
0c04a8d0583f8011fd121211aac94d05,6a3593ddb3fa10742d7f50578eb6820a,delivered,2018-05-10 12:49:00,2018-05-10 13:11:57,2018-05-11 12:25:00,2018-05-18 19:06:54,2018-06-01,1818cf65cd53edcf0851d46901b64686,2018-05-10
5bcc0d98a5287486bbe51150e6ed90f9,8e8b8bdab69c0b848ed680d4f60b9760,delivered,2017-10-24 19:37:30,2017-10-24 19:49:38,2017-10-25 18:27:25,2017-11-01 20:32:37,2017-11-10,54361701431de80e51a01cfb94636082,2017-10-24
0a7f55f1119615e9adba581bc94ee02c,344a27b3c9562cf236082962d1767630,delivered,2018-06-25 20:26:10,2018-06-25 20:35:20,2018-06-27 06:23:00,2018-07-04 21:06:48,2018-07-19,d377c2325682d5c448f87b67ef7733f2,2018-06-25
6129370214b115f45a7b9b13e33c83d9,e6e579b8f68f697b058dc326d10acef2,delivered,2017-10-01 10:55:25,2017-10-03 04:05:02,2017-10-04 02:10:05,2017-10-14 00:32:48,2017-10-27,9b2817c1cb60aee6c34dd7e7be21506a,2017-10-01
a47d207ca025212d0615efa2862fc3e7,f0ccc3d671b3cf44387e66dd1253005b,delivered,2017-08-01 20:05:26,2017-08-02 02:33:53,2017-08-08 18:12:06,2017-08-11 16:52:24,2017-08-21,2d511ba1ec0a22de693b9492d6e4e67a,2017-08-01
fd4db108a62ede2be6aa8ef940b04fee,9e7d7aac45876ccdebb580ef0854d5d2,delivered,2018-03-07 20:10:55,2018-03-07 20:29:33,2018-03-09 18:22:49,2018-06-01 17:02:26,2018-04-02,959d3d2c270c5d3e38ca83d1226d3e58,2018-03-07
3d02ffd53fae296eda2c7d777ab2f4ab,a680fe6d7d39da354273aefb119308c8,delivered,2018-04-02 15:28:24,2018-04-02 15:49:05,2018-04-05 15:28:52,2018-04-13 16:32:18,2018-04-19,9cb483da9c96d3a5087405d01c3d54ae,2018-04-02
f0f9153be6d430178e9a23d78d3c1261,7a23911b99a042af8ad1497dff94528f,delivered,2018-03-24 14:30:14,2018-03-24 14:48:18,2018-03-27 17:09:43,2018-04-26 21:42:37,2018-04-25,c304841fbaedad4118000708f765b5c2,2018-03-24
26311ba8158c3b1527c7f5f6d782be41,fd1e8f741dddd37b475e9737d0b01c6e,delivered,2017-04-29 16:48:19,2017-04-29 17:02:38,2017-05-03 14:47:31,2017-05-16 11:27:36,2017-05-25,d92444f93aac0285ce2e22d9a0944fd5,2017-04-29
6c42561edb555b388b19e7bd2abb27b5,d534c62a535a062f55d22085540573c9,delivered,2018-02-27 15:41:31,2018-03-01 02:50:43,2018-03-08 21:27:23,2018-03-28 17:48:31,2018-03-19,6d1567ecaece28a7f2f48ddc82162aac,2018-02-27
702c1e398b49275935f9d3a6e344083d,fa2699be5f49cf1be7e66acaeb2a64bc,delivered,2018-04-28 11:26:41,2018-04-28 11:50:27,2018-04-30 15:37:00,2018-05-04 13:58:37,2018-05-23,c5610cd24fef40cd91dbc4f45183eef0,2018-04-28
730829b3aeb0e111d1d9bcb2b04c3179,bbb9cd869774a135413dc0aa80e698d6,delivered,2017-08-21 07:17:42,2017-08-21 07:30:12,2017-08-21 20:24:02,2017-08-22 20:22:21,2017-09-06,696a9665730c55724c4ec4e4ae357fbf,2017-08-21
d4720dbbca128b0bf8d6c03b640445cf,b75b00b1545eac25a3eb6831a1cefdac,delivered,2017-09-27 22:10:10,2017-09-27 22:24:23,2017-09-29 17:11:38,2017-10-11 23:42:48,2017-10-17,cf284d76da3e8a82e869e5bc424cbe83,2017-09-27
e670e635e13b902d8de6bdb5026d9a88,bd1f394952ce93642d6134297a23a4f2,delivered,2017-08-23 12:58:09,2017-08-25 02:50:20,2017-08-28 18:04:13,2017-09-06 23:11:56,2017-09-19,88fa6fb23f3cfe3c1fa5f1e1ce1dce6d,2017-08-23
e16650a3a92e18a06ea6653a3144fbbe,63fad851f1baab6ad6bf74a8b59f5521,delivered,2017-07-04 20:34:10,2017-07-05 17:39:26,2017-07-06 14:24:16,2017-07-21 19:12:42,2017-08-07,14c3bfeafd0be939111e4ef42b14d8b6,2017-07-04
98a613c82d389a76b358d963e0390e33,5f7a7855218d7c079e31edb235f11638,delivered,2017-10-18 23:24:05,2017-10-19 00:36:12,2017-10-19 19:26:33,2017-11-01 20:32:09,2017-11-09,897f699d20e68f3c3886400a1607fe28,2017-10-18
f6283491927c2351151a06cf8c22f7d5,bc731f33215a6ba7fd9ec9f2d984f132,delivered,2017-06-28 18:16:49,2017-06-29 18:25:09,2017-07-04 11:37:51,2017-07-20 19:23:45,2017-08-03,8ca4823d2376f803e475c7fb77998e9e,2017-06-28
60cb9171ec9aac65b572bf0486ff8751,6cc8599cf241b69a70553bb37f460591,delivered,2017-03-29 10:16:46,2017-03-29 10:35:13,2017-04-01 07:46:54,2017-04-05 17:17:48,2017-05-03,864a30d21c802bbf0f03affc40a8ef45,2017-03-29
ef1b29b591d31d57c0d7337460dd83c9,dc607dc98d6a11d5d04d9f2a70aa6c34,delivered,2016-10-03 22:51:30,2016-10-04 10:28:19,2016-10-21 14:23:36,2016-11-01 15:14:45,2016-11-25,10e89fd8e5c745f81bec101207ba4d7d,2016-10-03
1a109ace7bc73c15e6ef45d6d4423dbd,7be6507bba601fe8224a25ec56e81844,delivered,2018-08-15 11:44:35,2018-08-15 11:55:20,2018-08-20 12:28:00,2018-08-29 13:10:54,2018-09-06,978a800d90e640f035c08b4ee99dbaf9,2018-08-15
12218ebbacef18ed517a437b562c7d7d,d811129fc9b1b47d31159cd43308804c,delivered,2018-05-11 22:47:30,2018-05-11 23:11:10,2018-05-14 09:05:00,2018-05-15 14:21:44,2018-05-23,d0e4e0e239cb399f459a952e8b4ffbc9,2018-05-11
b974b0392e8168e425f77abccf5563a4,d3245ddd01f51c50c6893b37b7146778,delivered,2017-11-07 02:02:03,2017-11-07 06:31:19,2017-11-09 19:44:43,2017-11-13 23:47:32,2017-11-21,369f99c790405f8aa32ba167bf3fdfb2,2017-11-07
c3197d78e42b450c28ecee747e96c807,b8cfb3955dc7967625be1f2b0f0db7a3,delivered,2017-12-09 10:01:50,2017-12-09 12:37:19,2017-12-12 21:18:55,2017-12-23 15:19:15,2018-01-05,19985af3c12dfe54be14ba9740aa993c,2017-12-09
7ecb6c38b166531663fdecce49dc1a6f,288f90dc3b55afaff2904553fa5cbfe0,unavailable,2017-12-29 00:18:54,2017-12-30 00:11:18,,,2018-01-26,b339a1ec295defef7cd27439c8718066,2017-12-29
804303525c8434fad9da099a84b1910b,d2031bf9cdd84daf07a2f29a688a4158,delivered,2018-04-12 21:56:58,2018-04-12 22:11:04,2018-04-13 22:03:45,2018-04-20 20:58:45,2018-05-02,270615f2a264f54c71f4ceac83384549,2018-04-12
bc2bdb398f6c17b554ffcd37aa1c1e03,5b611a9b2bc9a0024d6de14faebf0363,delivered,2018-07-05 12:06:28,2018-07-06 05:10:45,2018-07-10 19:04:00,2018-07-12 20:41:54,2018-07-19,a39a220aef10e7992cc865fb97fe5bed,2018-07-05
45b0a3cd00a2eb44c271fdacffc8d859,518d97172e34c1aa7f4fcbee678c8b5c,delivered,2018-02-12 14:22:32,2018-02-16 07:55:49,2018-02-19 23:38:45,2018-02-28 17:14:19,2018-03-21,ca3147c3ebf13d7f6bb1be5c1cfcdd75,2018-02-12
bc328531838a1584761dc22dcfb54c2c,2a00d5bce6c51c6e083f7265bace9f13,delivered,2017-10-31 17:50:19,2017-11-01 03:35:14,2017-11-01 21:33:14,2017-11-08 21:26:56,2017-11-17,b7e89e4d15582e53c2806161b97ab8f4,2017-10-31
688e8c4e44449eb1a6733ff458e9e70e,d1255e64f807485b092bec0fd3319618,delivered,2017-02-13 16:46:17,2017-02-13 17:03:33,2017-02-15 09:28:44,2017-02-22 15:35:14,2017-04-12,a05322ca1bc173b3d8f199db09fc90c6,2017-02-13
5640d8d8b0a6c23956f12c8dedfef8e3,56afdae0aca2a146c5c139fd1fbf0a63,delivered,2018-08-02 18:50:46,2018-08-03 04:35:21,2018-08-07 12:37:00,2018-08-13 18:17:43,2018-08-10,968b624070feadc6205e18b1c6294671,2018-08-02
0ef9e877644c6bc7049bbd78f6e2846b,701ae35bbfaccb518776269872fc98a3,delivered,2018-05-07 16:47:40,2018-05-07 17:56:50,2018-05-09 13:58:00,2018-05-24 19:23:40,2018-05-29,94134db974fa93782c3d210c22388f41,2018-05-07
26d9b71852ece528577a85aa2e70a10f,fedb7f806e8f65e7ee6fa83d24cfc49c,delivered,2018-02-27 10:25:59,2018-02-27 10:35:36,2018-02-28 23:41:53,2018-03-16 23:18:49,2018-03-27,0f5d2b2ad83dec9f77598c7085e4ae17,2018-02-27
681448fe6536db81da33377d7a5d88d5,bdadcbb5c869312e9ae5bb35e787fee0,delivered,2018-01-24 09:37:27,2018-01-24 09:51:41,2018-01-26 18:37:05,2018-02-01 17:53:52,2018-03-08,e45b0c7dd75287df589a26fdb7c2fcaf,2018-01-24
8ca5bdac5ebe8f2d6fc9171d5ebc906a,155716e7d7dbee88852ff931b86889aa,delivered,2018-03-18 22:58:56,2018-03-19 22:55:28,2018-03-20 17:22:02,2018-03-23 15:14:45,2018-04-05,2eba6acde8e5a52e86f94b2c6224a986,2018-03-18
798311fa3620844fda6b22131873887a,8b07314ca3f3eccb9fc9cb7a08aa4b55,delivered,2018-04-29 21:47:42,2018-04-29 21:55:14,2018-04-30 12:57:00,2018-05-08 16:21:05,2018-05-24,296be46a88516e5172a2ecf3bd374933,2018-04-29
af61c5af747aeb578b7e5a08250ed6f2,bb4cb76c45ed66b0726bc78368940396,delivered,2018-02-27 07:38:47,2018-02-27 07:50:23,2018-02-28 22:33:54,2018-03-05 15:05:01,2018-03-29,db99cf422b7c1a1478b2e830740ae934,2018-02-27
9c2e92a11614b3b94ef257a4eb8540d7,158af3ad0742719d373724b762396918,unavailable,2017-11-18 18:41:53,2017-11-18 18:55:27,,,2017-12-14,e96373fff9632d363f5d96e6f169ef33,2017-11-18
9262aac73cb6b5fc9e1470cc0caeebfd,2d50520f5c984053e638bd4d68c9b878,delivered,2018-03-13 15:44:44,2018-03-14 02:50:58,2018-03-19 22:18:26,2018-05-08 13:45:44,2018-04-19,f37b8b16ee7c2e67c6f91105d6bdde0f,2018-03-13
e0d9fab53226e95f004cdbd712a4b06d,2469cf22e7ce32bfe501b0e3860e2a10,delivered,2017-02-18 15:30:49,2017-02-18 15:45:15,2017-02-20 15:22:06,2017-03-06 19:17:58,2017-03-23,532e9c4eb21f0aca2f994f5037594206,2017-02-18
8ab73774d1bf1ccd52e66b86ccb40ea1,f0bbbd92655a3b87693c7521baf03840,delivered,2017-11-24 19:57:53,2017-11-24 23:13:35,2017-11-29 00:56:51,2017-12-07 18:58:40,2017-12-22,33f965a01c42a564872f94319a636b59,2017-11-24
d10d073e94c144befb776edab73b84b8,c660b4750bea299993849b1b8d388687,delivered,2017-06-07 15:29:14,2017-06-07 15:42:23,2017-06-08 13:06:22,2017-06-09 14:27:42,2017-06-29,5476bd5b740654cbc1c5ee1458f446af,2017-06-07
50c0b3061124f52038988f4f6a41dc79,a222bb224f80be905c63736bbd20c315,delivered,2018-05-16 17:09:56,2018-05-16 17:37:59,2018-05-18 11:16:00,2018-05-21 13:38:19,2018-06-04,19d667daecdb963d52ec6069e3851a2e,2018-05-16
49cafbbff42233d698ba0e203810e394,d5212be925407010fcefbbe4b7087929,delivered,2017-03-09 10:32:31,2017-03-09 10:32:31,2017-03-09 13:22:02,2017-03-14 10:23:57,2017-03-30,a08abf6ef3509b1e3b0e96bea4dbe96c,2017-03-09
509e2c6ade7330dedf7417cbe8c5378b,a14e8243c3bb40f2a84fb58295c8c05e,delivered,2017-06-18 23:14:46,2017-06-18 23:30:11,2017-06-19 21:15:14,2017-06-21 17:57:22,2017-07-05,c63a14a83d3c4b14423a65d92d6e0a2f,2017-06-18
7a06f1e596e63eac60cd9f3085ea501f,2bb3f48aadf30f93a0dd64c50048e789,delivered,2018-02-19 18:01:21,2018-02-19 19:27:03,2018-02-20 23:48:24,2018-02-27 17:58:54,2018-03-09,bea1175ad79f600b0d364fd0b25203d4,2018-02-19
562693a5d62dbe4b8b988a728efdf02e,a148e7991079af57b382db2592b7b16b,delivered,2018-05-01 10:48:16,2018-05-03 03:53:15,2018-05-09 15:48:00,2018-05-17 20:07:26,2018-05-25,a5982b045cfb832d7ce39c8fb75498b4,2018-05-01
5026ddae0cd10e29c5d2f0f37f2fe917,585a173e6339ccb640d466db50b28325,delivered,2018-06-07 14:44:23,2018-06-07 15:01:06,2018-06-07 15:42:00,2018-06-22 19:08:57,2018-06-29,8227b7a33294eba5c5752dc846256799,2018-06-07
5cc05e57c52bebf2882278793ed1ba3a,d0e8e7106624eeb3d3ac7c7ca89ef136,delivered,2018-05-24 21:07:35,2018-05-26 02:18:24,2018-05-28 14:01:00,2018-06-06 16:05:21,2018-06-21,d3e7dbcecc9131aa2ae8809c48e5c696,2018-05-24
ebdb4fd632b60b7a8956b367c15692a0,32f4a965c6bdc83352b503354695ad9d,delivered,2017-04-17 10:50:15,2017-04-17 11:02:13,2017-04-18 15:44:24,2017-04-29 07:03:40,2017-05-11,a8b0ffcad9db25e5407a2b88ad3d8140,2017-04-17
e3968a0c251516530db38b5cc66111d7,452f6eb6e66d0232d1e44b98f09e8a62,delivered,2017-06-10 00:37:41,2017-06-10 01:22:42,2017-06-12 09:14:38,2017-06-23 10:22:22,2017-07-13,0b2ca54b51aa2c9a4d498394841f1b24,2017-06-10
949c80f001e60528e8bc8c30b312ac5c,d27e0eb44e14b91d3c5912734571b1c6,delivered,2017-07-10 16:09:38,2017-07-10 16:24:09,2017-07-13 18:48:43,2017-07-17 18:10:24,2017-08-01,73196f18f9df6fbfc3ffdca6910cc17b,2017-07-10
46b39d2dce11278e24c0f17526d0f21c,658480d2a0e358f9e6961b670102f640,delivered,2017-09-04 19:06:29,2017-09-04 19:24:04,2017-09-11 18:40:50,2017-09-14 15:57:42,2017-09-22,96f3f9787cf8926f30d8d512183809ac,2017-09-04
007bbb40c95870c0f75a7855f2636c65,72a46280034e63cc3703b1f969f65733,delivered,2018-04-24 10:37:50,2018-04-24 18:33:50,2018-04-25 15:40:00,2018-04-26 18:38:54,2018-05-07,dce5c2ba30e0cdab93060715a2f7dafb,2018-04-24
4affd1928d3900a415e9886a179d5124,fd2ae8c714a773f85ef1b53fbebeda1f,delivered,2018-04-13 16:01:34,2018-04-17 05:50:20,2018-04-24 00:16:31,2018-04-30 12:27:48,2018-05-23,7bfe938f525a12153b94937fbda166bc,2018-04-13
cd553d196341933ae98c30c57be9f7e6,5a22c3eebf3e71c7ac682d3bc9152395,delivered,2017-09-16 13:16:16,2017-09-16 13:30:07,2017-09-19 14:15:38,2017-09-21 19:27:44,2017-10-04,5655967ad654dc2d2affca3502631db7,2017-09-16
eb7ff80dafc8d0ed8bcba5b21aef9da7,524d40cf543096d912f74f5e21cf3e1b,delivered,2017-12-13 19:58:00,2017-12-13 20:06:47,2017-12-18 12:06:44,2018-01-04 20:10:43,2018-01-10,fd2b81353a5d5f8ad4501edc3d2f558c,2017-12-13
e9e56ab7d8e993bda2988ed430524126,e897805b8661b837d4f0ec8dc77106f2,unavailable,2017-03-05 19:52:00,2017-03-05 20:05:18,,,2017-04-04,ee1f5271e9485b974a603453a9df1fac,2017-03-05
64dc36f7ade2dd689c9d38c055a3bd90,a21d6012aaac55e66b7a3bfef0d0fe47,delivered,2017-06-24 20:19:23,2017-06-24 20:30:12,2017-06-26 13:28:39,2017-07-03 14:47:37,2017-07-18,57308c61f396dfa5be57e0e2124a75b6,2017-06-24
8b20b8fa86dbb367ce6a9df9bd102f03,3fffe84b3380a52f26b87f0a3c14c08c,delivered,2018-05-15 15:09:39,2018-05-15 15:35:02,2018-05-16 14:49:00,2018-05-21 16:42:33,2018-06-06,1cbf1b365b2c90285448d9e7982fbf1a,2018-05-15
89a5ef83a41559d5c8d248e28b57b193,ab404258ad36d371346b5fd3942490cb,delivered,2017-08-25 14:59:20,2017-08-26 02:15:09,2017-08-28 18:03:47,2017-09-05 19:24:02,2017-09-19,ff6e1283173ae3fdce65e4db958b5721,2017-08-25
0e659173ebf2a1d39e076be9bd0b2872,9333fb1c5675b69afe49a9cf6b91defe,delivered,2017-02-01 08:42:43,2017-02-01 08:55:19,2017-02-03 08:17:54,2017-02-07 16:51:49,2017-03-20,13aec51202205c662b24202760e93a92,2017-02-01
94bc8ddcff97b273c27ce96992e0425d,dd606722b1d47306f006d765d17501ae,delivered,2017-03-10 09:50:27,2017-03-10 09:50:27,2017-03-17 14:16:09,2017-03-31 14:05:31,2017-03-31,c2d962612d1e1a8525ddba295c74237e,2017-03-10
32b65057542330adb6513a62849221be,8ec1b67247c93d68d97c6e7452a34517,delivered,2017-07-18 17:02:49,2017-07-19 17:24:50,2017-07-20 16:16:56,2017-07-31 20:51:36,2017-08-22,9272e5f7a002deca438c5cd987ddd489,2017-07-18
bd9f09d40404c0c0ede7616a04051f66,ae32e12ca40da10ce616e0fc19329173,delivered,2017-11-27 01:59:49,2017-11-27 02:15:22,2017-12-01 22:07:08,2017-12-21 22:14:21,2017-12-28,ca0943bbbec79572a57da508da641149,2017-11-27
d509aa49d39dc58a013b6e4a7d258648,ab50b4488453af2a860d8457574b1f21,delivered,2018-01-18 10:55:46,2018-01-18 11:11:15,2018-01-19 22:28:41,2018-02-05 23:04:02,2018-02-19,8102e57cb4b714edbe1137fe78d6eee9,2018-01-18
afed4d2938154fa926667651aa232e9e,9bbd165a1b2443025f44284e749d890b,delivered,2018-01-08 17:56:10,2018-01-09 07:17:41,2018-01-10 17:20:08,2018-01-22 15:11:10,2018-01-26,2535519b1aa4ceaf7d71acb0606bad80,2018-01-08
aac567189889ebd3f40e46a0f8a5a63c,b5d25eb3292eb12a072039a8803e68b7,delivered,2018-03-20 10:17:27,2018-03-20 10:28:16,2018-03-22 21:51:34,2018-03-29 21:58:41,2018-04-17,4a22fa2d2effd55c66390f433ae3d510,2018-03-20
c6c4968384d962710e1d7064f6a2d8fc,3c72e14202808c9c147aeccaa0ce63f0,delivered,2018-01-16 13:14:38,2018-01-17 03:36:45,2018-01-17 21:58:07,2018-01-26 17:44:19,2018-02-06,fb5ee0b8be260230de20a023911f7dc2,2018-01-16
a859e7f761d60eec7984cab567f9e80d,6961cd49ead818e552201bfeae4db742,delivered,2018-06-14 17:59:18,2018-06-14 18:18:44,2018-06-18 17:00:00,2018-06-20 20:42:10,2018-06-28,1de4d4465b1d48c03f12d34ab408912e,2018-06-14
4f21594649a0235ad65ded11ba7c8ea7,6a78c7286417b74603c44bb8562c9f15,processing,2017-04-03 22:08:47,2017-04-05 02:45:41,,,2017-05-09,a8d60a569c218a4d8bbc03271b5e5b25,2017-04-03
46db25fef4b8fb1f438f15f38808bde5,6ad1149ee2519543872d4e67f07c2e11,delivered,2017-04-04 14:37:27,2017-04-04 14:50:30,2017-04-05 13:53:06,2017-04-10 14:46:13,2017-04-27,1560ae4e352d6a5cf189003b34b2a889,2017-04-04
fe98bde348882015e26b7660d5db70f6,22e9b06384774854fe0716250ee2ebee,delivered,2018-08-07 22:46:23,2018-08-07 23:05:12,2018-08-08 08:53:00,2018-08-15 19:32:48,2018-08-21,2e68d3ea72cb1eaffaa36ff12afc8aa8,2018-08-07
6d05cdd0e6f91b65f6b328634ddc86b6,526a51435597c0e82910edc4e055d05e,delivered,2018-03-30 19:54:45,2018-03-30 20:10:12,2018-04-04 01:52:38,2018-04-11 20:41:49,2018-04-24,8b76873e1760a5f47963cfb77d20e444,2018-03-30
99f1f94626984c186485ce94d7ebe634,1f6aa820a7b2ecdaaaceaa9e4f353aaf,delivered,2017-02-12 21:50:45,2017-02-14 03:55:10,2017-02-17 15:18:34,2017-02-23 16:22:33,2017-03-14,a571483292f72f692cd87f2bbed988d9,2017-02-12
3f7aea4e3cecef996bd62713fbf8712b,03265354a307d917a63a8f486ac4f277,delivered,2018-02-03 13:38:35,2018-02-03 13:49:41,2018-02-05 22:17:02,2018-02-14 22:06:44,2018-03-06,7279c4c46c5b3fe9b4ae34751011a6a4,2018-02-03
de09bc4ff6a9de96b6895cd565f80e69,864ac617f28e226558e823780f171c9f,delivered,2017-03-11 19:23:25,2017-03-11 19:23:25,2017-03-20 08:03:53,2017-04-17 14:17:52,2017-04-11,a1aad80f12918aa399ec076ed078e5d9,2017-03-11
f6a40045364c9ef1f9405ef1d094c389,73522d9ec5b4e4b71550fc64f77cfa27,delivered,2018-01-06 09:45:08,2018-01-09 07:21:05,2018-01-10 18:09:36,2018-01-13 02:22:39,2018-01-31,4d402e51f4e8a128657c7ac78b59bfb2,2018-01-06
6faf343915ba58482055ea7f62e192d9,25bf4bb4d77019e2eadc14ac245225e2,delivered,2018-03-24 17:26:26,2018-03-25 17:27:40,2018-03-27 15:15:01,2018-03-31 16:38:25,2018-04-12,1f8296459ad21ebbd6ff57b604df2f72,2018-03-24
fc7751d45cde74709da50019543e755e,a3a1aad42cd8cf0be115ba5dd3b49db5,delivered,2017-04-28 20:13:41,2017-04-28 20:25:12,2017-05-02 14:43:28,2017-05-23 15:39:32,2017-06-08,0d936d4fc643057083df630a57c0ff03,2017-04-28
3e129ebe73e35b1d1f7de69fee38dde8,200e21989c5aaa585ac362e8a26448d5,delivered,2017-04-18 16:34:50,2017-04-19 02:50:17,2017-04-19 15:24:33,2017-05-05 18:29:50,2017-05-09,5fa0fa2fb3dec085292d53b201df81dc,2017-04-18
50d1084dac37a15b7dad150d578f690e,433325586e3185dc77ffd0dca92984f5,delivered,2018-08-22 01:27:49,2018-08-22 01:35:13,2018-08-22 14:56:00,2018-08-27 21:26:49,2018-09-11,b7df71fafa3490ff60491207136d9b79,2018-08-22
c34636be7a1584abe05847e5d4b1c3c8,b88e97fc641b78c256cca3665fe4aebb,delivered,2017-09-22 17:52:26,2017-09-22 18:06:11,2017-09-26 10:45:58,2017-09-30 14:50:06,2017-10-19,b4f825fbd39879b2fdfd52dc6ed82f0f,2017-09-22
abdc66adfb59c21caa145e7791e59a25,a835c8deb5d1ff60aea83f05e4e803df,delivered,2018-04-23 20:37:00,2018-04-24 18:02:40,2018-04-24 18:34:53,2018-04-27 19:47:34,2018-05-14,8878e0f300d7fca75ba923dce269ad11,2018-04-23
62d4c5d34949afc8d73f2be9043e5ad4,8396777e50d6a772be52bb610e36f412,delivered,2018-08-18 23:19:12,2018-08-20 11:09:44,2018-08-21 15:46:00,2018-08-24 21:04:07,2018-09-10,b2f75bc558ab79d8db8330d1782993df,2018-08-18
b2e648744e95512d23eed8b0de38d6cf,96663010bd82b8bf00945fe35f8b61fa,delivered,2017-06-07 22:05:49,2017-06-07 22:22:30,2017-06-08 16:57:59,2017-06-14 13:54:08,2017-06-30,cce9a84d16f5ec27b8da11097d1d23c9,2017-06-07
2206d4b3228f595310b95897101878ad,d8387dc05dc3ef66f65a2a2577d5f87d,delivered,2017-08-18 10:20:18,2017-08-19 02:25:48,2017-08-21 15:52:24,2017-08-31 22:24:47,2017-09-12,3e1787c6399d840a6e0fc2def0a8c555,2017-08-18
7375f7055b79547b2007662c2a509879,717a4dc3c405d10278904800b0ecfe60,delivered,2018-04-11 11:02:59,2018-04-12 06:30:58,2018-04-12 20:03:42,2018-04-16 18:17:52,2018-04-27,27fa49a039b1620b957d7a16ed397558,2018-04-11
86c1886c8f8d1e3418ec90bbec17e67a,81fabe977218400e510cb1790a2d2635,delivered,2018-04-19 13:17:43,2018-04-19 14:01:39,2018-04-25 01:06:35,2018-05-03 18:03:32,2018-05-15,ebdd8677b3e26c7a03f8430e50ab4dfa,2018-04-19
ef13107bb93c2e7cd4509174a883022b,6c57476a3189ce875193272eac86024d,delivered,2018-08-01 20:04:56,2018-08-03 02:50:21,2018-08-10 14:00:00,2018-08-21 19:57:49,2018-09-03,053621a4996224c4f3b3296aab032d4d,2018-08-01
e3ca5aaa7c0ebf70aab37862b7aff263,3f6b07e03d873bff6f46c0891e4c3274,delivered,2018-05-01 22:37:30,2018-05-03 04:12:55,2018-05-03 15:08:00,2018-05-17 16:47:29,2018-05-24,a20f8cd6d6b58d8bc0f22925a625cb42,2018-05-01
2b8983e40075bd6bd01ddafb90f62415,76469dae2d3c81abb1df6904d6c92e74,delivered,2017-04-20 17:24:38,2017-04-20 17:41:41,2017-04-24 08:15:02,2017-04-26 18:52:33,2017-05-10,6adc599b47a814ef2d3fc06de737afe8,2017-04-20
a07b4171d5e4ccbc057d6321244933cb,3ab8bc00f8740d54afc4c771fb6c7f69,delivered,2017-12-28 09:04:50,2017-12-29 02:09:23,2018-01-02 19:42:32,2018-01-15 18:12:41,2018-01-23,0528a0a940c7116ccb48fdbb8e80a8ff,2017-12-28
0a0bb5e5ea635dc355ca8ef22dfac150,fd7f607e063c6ff3a6f6403b35d821c3,delivered,2018-07-08 16:27:03,2018-07-08 16:35:19,2018-07-10 13:29:00,2018-07-13 23:31:00,2018-07-30,cab44ea1de857698ea3e9b97b3ffff01,2018-07-08
9d9d6000cf3720974ab8da03bcc741c2,7f59e4e8a71ab50abe6f08288e94480e,delivered,2018-01-14 20:44:16,2018-01-15 20:35:24,2018-01-16 22:36:03,2018-02-09 23:53:02,2018-02-05,089bc915af34d9041b3a88a1aa84292b,2018-01-14
4ab99aa84c8140d406cbdf001bf1bbd6,dd2b8e83a0cb15e07cfeaf40038c3a24,delivered,2018-03-06 17:17:11,2018-03-06 17:35:44,2018-03-07 20:52:03,2018-03-14 21:21:17,2018-03-22,fc428b94184167c232ceaffa44fdd152,2018-03-06
c10cae5ba4cb39a32bfb0fc880160cfc,93df9548c15167faed51d37784039ef1,delivered,2017-09-14 20:04:28,2017-09-14 20:15:18,2017-09-20 19:25:12,2017-09-21 19:18:05,2017-09-26,9914622c6a061c28715cc3982743d50e,2017-09-14
cb2909ecbfb8c77f77bdcce55ddcfba1,0c6e32ec71aa88984aedb1ee4e48fe59,delivered,2017-08-16 21:11:56,2017-08-16 22:55:08,2017-08-18 13:34:46,2017-09-11 12:13:57,2017-08-30,305de3dfa6bea1cc1c67207a04ab943b,2017-08-16
ac9452e14908c9e76ac7701ab3f617a1,f22e5d704acae54bfef534811c77597d,delivered,2018-04-03 22:34:46,2018-04-03 22:49:42,2018-04-05 20:38:35,2018-04-16 18:56:51,2018-05-07,19a1e1c08f055da44b54806f4e45b150,2018-04-03
32a36b92faf67aebedb4eea534a49c4b,b20eba2c7b0fc410e6802a58f6a36cbc,delivered,2017-08-14 13:12:27,2017-08-14 13:45:09,2017-08-15 20:19:59,2017-09-04 11:43:14,2017-09-08,e39096b0a0bca1eac3defc8e9c006bc6,2017-08-14
2b64e4873e7bec66f8c1f551f88d3e91,4e3b46e9770f521ea3c91fb857c4ae76,delivered,2018-03-25 17:19:41,2018-03-25 17:35:19,2018-03-30 01:40:55,2018-04-12 13:32:59,2018-04-16,f6de77c584d2e34e34dd92fb5ccdce42,2018-03-25
915e61444d403c1c57fa206962c3e60f,47171f14cb6b6369a2f845cd67a3bcce,delivered,2018-08-04 17:28:03,2018-08-05 17:25:09,2018-08-06 14:55:00,2018-08-13 23:16:41,2018-08-24,ab1b1335445f91862e930d735591527a,2018-08-04
6042aab766ef2c352f7b2aae4e1f9290,daa6c672e522160f734bd6d7a4f80d47,delivered,2017-09-24 11:08:30,2017-09-24 11:24:35,2017-09-26 20:13:19,2017-10-01 14:18:57,2017-10-10,e19baf5e9a788bc82a295db74940406a,2017-09-24
13022256b6b5b8535e57b1877c0812ee,2f675e79088fce26aa25be1e977632e9,delivered,2017-12-30 02:04:31,2017-12-30 02:14:24,2018-01-03 15:10:30,2018-01-08 15:33:07,2018-01-24,717df7dfa271ba313fb559ce9b05c10e,2017-12-30
228f7aeae8e2a59064dbfb2955d6f317,52a200ac25412e4f180edd8fdf047116,delivered,2017-06-05 22:41:41,2017-06-07 02:42:34,2017-06-08 09:52:07,2017-06-12 11:57:59,2017-06-19,f8831870442713a36d0fb86ee778feef,2017-06-05
1c49e3fd28c9c369b12fd84446e475ab,14d2e011f94561a55aa3a97e0deff19e,processing,2017-04-06 07:04:06,2017-04-07 03:22:32,,,2017-04-27,a9c1cbcf83ec6e290888cae660e49436,2017-04-06
5510961b19757530245aca63bf486893,87eb62d2bbffbdb056a2e56fa22f76b5,delivered,2017-12-12 21:09:11,2017-12-14 21:03:50,2017-12-15 21:10:18,2017-12-21 18:12:46,2018-01-10,732d307839b02bc2d3a4c26b515ea2b9,2017-12-12
6a03d0d3197b58dac687046338e114db,2f7c58a76f79b264511460115940754d,delivered,2018-04-26 14:53:19,2018-04-28 02:51:31,2018-04-30 14:23:00,2018-05-23 22:32:19,2018-05-14,2250be4d9d83217839daf3769032b2f7,2018-04-26
884ddcd0965c8f4d41006f07efa3c32b,f34cd6c38354857985ae92056f6c2db8,invoiced,2017-11-20 22:13:47,2017-11-20 22:27:34,,,2017-12-07,f8915e0535a70c9850c4b4979c4589fe,2017-11-20
0aaaf9abbd6e61df3d49c4d8e200bf2b,f61c9dcf020d4cecd99298cd3833ee7a,delivered,2018-05-15 18:32:52,2018-05-15 18:59:06,2018-05-16 14:26:00,2018-05-21 20:22:42,2018-05-29,2ed9e022de92052ef107f391f25cb34b,2018-05-15
764784b2e19d54da239286b0757f222c,91a894fe53bd1472d31c66b0b90d88ce,delivered,2018-07-15 15:38:21,2018-07-15 15:50:21,2018-07-16 13:32:00,2018-07-30 17:21:52,2018-08-10,44cdce0657c2f2c37537db764146a8f6,2018-07-15
b80658b0fe989d9699344386255ed40b,11ba41051197470cd97e61e09a9dd92f,delivered,2017-03-12 22:23:52,2017-03-12 22:23:52,2017-03-15 07:27:33,2017-03-24 12:08:14,2017-04-24,b41c195ce0ad1bd16163dba3b83637de,2017-03-12
af06bde35029a2f75949ee83a195f5c8,014f4ea4b3ed7aaf2db2f8acb6d96e75,delivered,2018-03-24 12:58:30,2018-03-24 13:10:34,2018-03-27 18:12:55,2018-03-28 19:52:40,2018-04-06,5220aec10c2ca305aba8f9c3d7e8b5a3,2018-03-24
89e97436eb773d674dff53e707784585,3fd3cb7f1da449f7ed4efea311c5db48,delivered,2017-11-15 17:21:01,2017-11-17 04:06:29,2017-11-21 23:15:26,2017-12-20 23:42:03,2017-12-15,2e15ccad01a7571089e6b0aebcc78604,2017-11-15
5f5fa984fd9357997a52f936e8c0a08e,36f86f4abe21fa4ef147816fe0f90ef0,delivered,2017-11-24 13:06:07,2017-11-24 15:14:15,2017-11-27 19:22:23,2017-12-03 15:19:00,2017-12-14,e665fbf7cedcbba1cffab417626c1a70,2017-11-24
b1a000260e2f3760e5ec18566db7d592,c727fb82883e584942d94eaac9d45186,delivered,2017-06-21 13:09:08,2017-06-21 13:20:25,2017-06-22 09:00:26,2017-06-29 16:32:57,2017-07-18,0f2bf926e0f3cdc9092f3388063eec2e,2017-06-21
2dd019804f5320bb744f10885b6a7d40,95667731d4b44976df7595cb7fcd48c3,delivered,2018-01-26 15:03:01,2018-01-26 15:31:15,2018-01-26 23:25:50,2018-01-30 19:25:05,2018-02-09,57a1e272ccd2a65aedb93d759c2c7743,2018-01-26
af30636aaea85d40ad4f4025c7841236,2fbab47bd8983ab033f868c8e0134f45,delivered,2017-11-13 21:32:02,2017-11-13 21:46:49,2017-11-14 16:59:00,2017-11-22 18:21:19,2017-12-04,04bf51c8d8b123571c86805d49edd9b1,2017-11-13
85b4db0acc8f67917cb9245d8547ecaa,9f889b9d8259f664571ce0080a5f54bf,shipped,2018-02-22 22:46:00,2018-02-23 18:30:28,2018-02-26 23:09:16,,2018-03-21,fe40c8ed5d902c8ec1032044a223b285,2018-02-22
10856b02e17c5d56a06c2ee75079d338,6dc23a614e67f5198beb035996e34db0,delivered,2017-12-29 23:03:47,2017-12-29 23:11:26,2018-01-02 16:49:35,2018-01-10 22:28:33,2018-01-29,6c00d2b9180327258ff03b6acd57ded1,2017-12-29
9645c5cc1c315607f2524b2189d3efe1,6e5f9e821311e997d9c67b678310153e,delivered,2017-06-28 20:47:15,2017-06-28 21:03:45,2017-06-30 15:43:35,2017-07-06 13:22:01,2017-07-24,be96f24255f8b90d5401437eb2f56c83,2017-06-28
8b4f68b99e03c0cffb07fd5711d61fe1,38cc66405ea0e35b9a3acc1e89f98a17,delivered,2018-04-23 17:10:14,2018-04-24 19:07:34,2018-04-26 09:14:00,2018-05-08 15:49:41,2018-05-21,c27ed3ad53843ae09e415db541cb1342,2018-04-23
da7c8d10be75239ed8393bba1dcc4ca0,a053fa192b4a6197e220e6052002e8e1,delivered,2018-06-18 21:53:19,2018-06-18 22:16:05,2018-06-25 13:48:00,2018-06-28 18:44:40,2018-07-23,13d6316b7049718767c48e4224ffa6e1,2018-06-18
f72f74f21032d3db0b6631a64b1c9126,3d3ae6743919022977765165cde71b6c,delivered,2018-05-06 18:50:27,2018-05-07 09:15:23,2018-05-08 13:31:00,2018-05-10 22:06:40,2018-05-23,3d11fb723aac294664e021ddfb5485e4,2018-05-06
ae40d2ac0cd2d22399f561044c426e8a,b1d6310718897903e079bd76b7035d86,delivered,2017-08-23 18:38:22,2017-08-23 18:45:34,2017-08-24 18:26:19,2017-08-28 23:13:38,2017-09-13,f9d50e428067daac94be455bba5755e5,2017-08-23
3474c14d90050d7f344dbcdcdc919bb5,70d8185f1bb6f495f3ed2cd8c8cf11bc,delivered,2017-12-27 13:31:40,2017-12-27 14:08:08,2017-12-28 17:23:11,2018-01-05 14:16:45,2018-01-18,d678055f529a976c139dc968307c1a77,2017-12-27
fd38d5793a4393e031ea8da57e094f88,26da56b4fbd69a10435bd728443fd107,delivered,2018-06-03 16:35:46,2018-06-03 16:50:40,2018-06-05 10:36:00,2018-06-08 21:38:33,2018-06-28,6bff15aac94a3849d47883072b231b86,2018-06-03
97cd2653d53d5404413e2241289d5418,f8b83b95c4f8cb66651c2b114ac7d296,processing,2017-11-06 15:29:29,2017-11-06 21:36:02,,,2017-11-27,8610d4722d4bcdaf55f53cbeb8cf3c14,2017-11-06
5e71f5832e566171d43c90da65f506c4,e6ab08e113b7a2bc8dd8caadf346b789,delivered,2017-08-23 11:59:03,2017-08-24 03:06:19,2017-08-24 17:02:50,2017-09-04 13:56:55,2017-09-15,94bfb520c0cb6ffd9f36aa7b75f0efe1,2017-08-23
54dac781d5d1b670cad7b3a9445c339c,63ed4087ff8ec3cca407fa5ebd255d40,delivered,2017-11-06 22:43:38,2017-11-07 06:31:26,2017-11-08 15:14:41,2017-11-13 17:14:26,2017-11-24,8909a7693ff3690ba586a5c17a09b3c5,2017-11-06
4b07e96261a6c3f0dd713dd75a1d0658,f7bef8c9b7bede863c07ff21309f1b80,delivered,2017-12-12 18:04:22,2017-12-12 18:16:17,2017-12-14 21:35:15,2017-12-18 16:37:59,2018-01-15,293c3046975820a0ba5b2a4acc8705dd,2017-12-12
d25ec5d787991580395a4dc72118db6c,95da61d7f174a12e6b0d212df70c67a1,delivered,2018-07-13 02:50:41,2018-07-13 03:10:25,2018-07-13 13:32:00,2018-08-01 19:51:17,2018-08-03,c35e7b51ee400dae22ac30fa267b588e,2018-07-13
c35484b3b5d9597703a72d8a96839819,dc436451f77098b76018402da2c37e14,delivered,2017-05-07 14:31:32,2017-05-07 14:41:52,2017-05-10 17:05:05,2017-05-22 10:45:05,2017-06-14,3ff318d12225f5cc81c6062ec7e9c01a,2017-05-07
b7daca2d24a93ab9351485e0bdcbb7e6,002d597546b2cf44428232c9f237f873,delivered,2018-07-22 09:29:19,2018-07-23 11:32:10,2018-07-23 07:19:00,2018-07-30 16:38:58,2018-08-16,539b6ae3b5f2999db7e44c8d4dc2069f,2018-07-22
bd7a44c3216be67318d6776fa920703d,459a2924c50c9e9e44290c42e668b624,delivered,2017-08-18 16:15:26,2017-08-18 16:45:11,2017-08-24 18:47:30,2017-08-25 17:51:06,2017-08-31,2d3daf521285d81ef2eee3be1c8959ac,2017-08-18
7902f1e4e448f0d59d80e60bc25ec61c,aa199982564f53f710a2115e8a5689e4,delivered,2017-05-24 00:13:29,2017-05-24 01:25:25,2017-06-01 18:34:33,2017-06-13 13:00:17,2017-06-27,86a78c9e5114f4ed30887d4fd8153d9e,2017-05-24
684c3c1d1b032d52568994de2b76945c,871b9c40a3cf08219e272fe43666f18e,delivered,2017-08-20 12:01:03,2017-08-20 12:25:16,2017-08-23 20:56:04,2017-08-28 15:32:53,2017-09-22,e12f7f1e96f1f9f6361572028a1fad5a,2017-08-20
c879dff70ad9d2d3c315fc40492c660e,b317ff7aa0f8aec84ee237363b6ca0fd,delivered,2018-02-14 13:47:36,2018-02-14 14:07:07,2018-02-15 20:04:17,2018-02-21 23:13:21,2018-03-16,3991c84b618da2e02b44ba48aba925d1,2018-02-14
9f6efc0aee217956f49ec6db05922667,d731522c61ca319abfc4d1550d45e635,delivered,2017-07-08 18:05:26,2017-07-08 18:15:21,2017-07-11 19:00:23,2017-07-12 22:03:53,2017-07-28,b904c70636ec7deb7abcc79754f27cf7,2017-07-08
bae0685618c3c445fd4b477c9e265727,2a13e004f5fc69c2c5556546c972db9a,delivered,2018-03-09 15:13:10,2018-03-09 15:28:34,2018-03-12 21:21:49,2018-03-16 16:32:25,2018-03-21,757b45799f7061bf3d3277ef92d946e4,2018-03-09
25002fcfee05773be1d9bfe045b95fec,8d1d9151c6eb5fb90b19d52e8b337e2f,delivered,2018-08-21 16:31:46,2018-08-21 16:50:33,2018-08-22 14:04:00,2018-08-28 20:50:58,2018-09-24,b26a2528747a40a5dc8092939f2ea290,2018-08-21
12d5f23ba1e52d7174d5d15c96972401,60ab42b9e1e7c823ead6d89cd26b0eb4,delivered,2018-02-20 13:35:32,2018-02-21 06:25:13,2018-02-21 22:37:42,2018-03-06 01:23:11,2018-03-12,2b12ae1b4682dd8ee1e8cdc04dc9f37d,2018-02-20
6f27ae84e8f6ee63438f59c04830b28a,4e8353ef6600cd4caf1999491c8a5910,delivered,2018-06-19 14:58:59,2018-06-19 15:19:48,2018-06-19 14:26:00,2018-07-05 23:42:22,2018-07-16,503bae71af00ed9734a73fdfc947ad28,2018-06-19
d3f1f35c8583aa166c2a666209a16b71,8a575e5343c252cd706b8f8629936ac7,delivered,2018-04-28 14:15:37,2018-04-28 14:30:36,2018-05-02 19:01:00,2018-05-03 14:36:57,2018-05-11,b2d510691258f3d69b6993f155e7249e,2018-04-28
ff0ce2a8ea25fbe31464674b30ecc983,af894f28732b32cb74164ce87e54718b,delivered,2018-02-25 22:43:34,2018-02-25 22:55:26,2018-02-27 03:27:19,2018-03-09 19:36:31,2018-03-16,5fbb79460b1b26917021bd64e74cf894,2018-02-25
e5b028d46d9a166f78ac079067c847c2,c5d82efcfae4a61553a2fee4a8309bf9,delivered,2017-07-21 20:26:09,2017-07-21 20:42:44,2017-07-24 17:53:56,2017-08-15 14:37:48,2017-08-14,f96197b16e7ee1a7bfca2dbd547c00e0,2017-07-21
9729a585634ed0ce4a0f4e38763c31da,73ed978e7d56acd3561e84ff6159ed2c,delivered,2018-07-12 17:31:37,2018-07-12 17:45:17,2018-07-13 14:12:00,2018-07-16 13:22:53,2018-07-27,c82692c3a692738d655e0f1b0041d907,2018-07-12
9497fdeba0ce6632e8e88b47fba765fe,6486e770116c56de60003384fba4f50e,delivered,2018-04-11 23:33:17,2018-04-11 23:50:03,2018-04-12 19:14:57,2018-04-20 18:42:01,2018-05-03,2378a0560fa2d85f762f5544434f7e20,2018-04-11
852379f00ddcbcce9e7a4efca266e940,fbf87c24c2ea29e860cc8d80cc4728e8,delivered,2017-04-17 12:27:28,2017-04-18 03:55:30,2017-04-18 11:10:47,2017-04-27 11:54:23,2017-05-19,81e63b98aec56308c69e055b19cda272,2017-04-17
02332b54c758506809fd87d9c2748086,b7fefe142962b04fa4d97b8bec20f8a1,delivered,2017-11-06 12:48:43,2017-11-06 16:58:07,2017-11-06 18:46:48,2017-12-11 21:52:38,2017-11-28,9ef4905006f939a993f4794df18564c7,2017-11-06
1b3308992abe10ed7ce26077dce05e8e,41fa220eede53dadcc159a91d067533b,delivered,2018-08-03 16:14:15,2018-08-07 04:35:22,2018-08-13 15:39:00,2018-08-14 17:22:35,2018-08-13,cffbb6f330f2453bfd474b8a95374fc7,2018-08-03
bebea877b428a591d93c72cccc33f53b,5dc0e49e3601132bd500f0b01058354c,delivered,2017-07-15 01:19:15,2017-07-15 01:30:10,2017-07-24 20:07:31,2017-08-03 17:22:17,2017-08-10,75314dd3e9d6fa51365b9e7a405f35b5,2017-07-15
16fac761b4906243ece450c7a9179329,fe4a5493fd7197b7bf81a1545e21bdf5,delivered,2018-02-25 22:09:34,2018-02-25 22:28:00,2018-02-27 21:57:29,2018-03-14 12:48:24,2018-03-23,16a853c27d847b8331fc1995a143a9f0,2018-02-25
df111b726761108ddc8bd410a4d54b09,ff928f3db711776273a3d955016932f8,delivered,2018-03-10 16:13:30,2018-03-10 16:28:07,2018-03-13 00:17:21,2018-03-15 18:17:45,2018-03-22,3ff3b854d58df986a7ec208b80a89cb3,2018-03-10
baaed1de8d45224736f9660579d8cc97,13df5b8f192a4a2d1c88fc564b6ac830,delivered,2017-06-02 14:16:29,2017-06-02 14:30:21,2017-06-06 10:17:33,2017-06-08 15:22:06,2017-07-03,d88fb53b6bf80679c4eb145479dcecaf,2017-06-02
0866001f9f2ff47df177b77ce6abecd4,acb794270abe7a3049df2793c2da7f5c,delivered,2018-07-12 05:34:34,2018-07-12 05:45:56,2018-07-19 13:32:00,2018-07-23 17:08:48,2018-07-30,093d87e3bf49e406c0eb435dfdcadedd,2018-07-12
bd9e8d4cec0e721d5ffebe153035eeea,5ac11154d99a05392efa674705073e34,delivered,2017-03-07 20:32:03,2017-03-07 20:45:14,2017-03-08 09:43:11,2017-03-15 15:07:49,2017-04-11,20d42a0ad782572461d689604db4aa6f,2017-03-07
774b695881d6fca884c8d52df7a3ccb2,6574ca38b40efa458f1e7c08c701318b,delivered,2018-03-08 16:06:25,2018-03-10 04:09:06,2018-03-10 17:33:04,2018-03-29 22:36:39,2018-03-29,2904b76341e7d473ac702a6c834f18e1,2018-03-08
99010278c2b3874e0f208c91587975d8,11f4c7384d8debfbb64acf9c9a44bc95,delivered,2017-06-01 18:58:41,2017-06-01 19:10:19,2017-06-02 08:05:51,2017-06-05 10:28:05,2017-06-14,5319364c457e14aa56350c44d314bff3,2017-06-01
1d1eef34606d3f029ac9f5a9fa8a87bc,0db648e0927c41bf012db90ef68b645f,delivered,2018-01-16 13:39:20,2018-01-17 03:35:49,2018-01-17 21:54:33,2018-02-05 18:58:52,2018-02-19,e3af2a96d288b02dacaaeec4226f97a4,2018-01-16
2dcf5497d9dc70e0e723bbc2bd26fe7d,e731292398b99dcea2bf190c3327dfec,delivered,2017-11-29 13:45:10,2017-12-01 10:31:29,2017-12-04 20:53:01,2018-01-04 16:12:47,2017-12-21,8d5de615531d5d886e51c5f74d603b96,2017-11-29
6367055387daca23e4b22b6fdf4b4ed8,9f184cd2aa748ce963a8d5e075aff28e,delivered,2017-07-15 11:29:35,2017-07-18 06:35:13,2017-07-19 19:11:59,2017-07-26 03:23:35,2017-08-18,5e470824540327fdb0494c465c74f0cd,2017-07-15
520abddc927a700feff7540c0299d225,bd5a9cf926384411a6c2f0696449a603,delivered,2018-01-26 12:21:20,2018-01-26 12:32:32,2018-01-30 13:42:43,2018-02-20 12:18:59,2018-02-19,49ec50688a497360a34fcf6a14211abd,2018-01-26
602fd0f12980f5a92b67acc19187fb87,6156cc24d1fb47ea3976b55ed489de3c,delivered,2018-08-15 06:12:03,2018-08-15 06:24:28,2018-08-17 10:50:00,2018-08-22 18:26:53,2018-09-20,f83f2c09f23150c0ab6e07007f4b09ed,2018-08-15
507920861be390ea5beb588607e4b0ab,31982f03a9615f0b78174bd6662d4aad,delivered,2018-01-04 13:30:02,2018-01-04 13:37:32,2018-01-04 22:37:42,2018-01-09 16:59:35,2018-01-30,17c943e1b22b34cc6bf712e9c623ef62,2018-01-04
fd4c3a2912e854eedd463b329540da4b,d2fdd1d3725bccaa0900e360a985398f,canceled,2017-10-28 11:18:48,,,,2017-11-21,d130666a33d3681209c5c752fe56ee10,2017-10-28
fc00556d8a4cf362add9deb2574aae92,162a9833296aee2dee6c7163ae9954ed,delivered,2018-04-09 13:04:44,2018-04-09 13:29:40,2018-04-10 17:50:32,2018-04-11 18:56:41,2018-05-04,e9746ea90bd2abb0a195f28e5c0fd396,2018-04-09
eb6fb95e3c0248ad7f1e3b668ac3f8b8,5ea5208d6f127b82bac75a6a3292237d,delivered,2018-02-11 14:42:47,2018-02-11 14:55:30,2018-02-14 21:27:15,2018-03-01 18:48:47,2018-03-09,1e62052e5c3c4cfa49744aa23e72a24c,2018-02-11
040b9db3ba0a38c2c2b139d6604576c8,05401fad06eec92dc8a514d6f277d68b,delivered,2018-07-02 11:04:27,2018-07-02 11:15:16,2018-07-03 07:39:00,2018-07-03 15:58:53,2018-07-16,c5fb060a495b07e4d51c3aaf5cb8e32a,2018-07-02
73c1b352d22c76a80877525319449412,ccd5f93d7fbea14090e5178994049583,delivered,2018-08-12 23:58:09,2018-08-13 00:15:10,2018-08-15 06:41:00,2018-08-21 19:22:47,2018-09-03,d78075a356a269e08de61798fd11a84a,2018-08-12
a1b54f30ed711d13163bfa0c07e8c847,4bd62c9ef8238366a55babd065151b46,delivered,2018-04-04 20:17:01,2018-04-04 20:30:15,2018-04-05 23:24:41,2018-04-10 13:52:36,2018-04-19,c8876e76a6699cc5b0fdc20df213283e,2018-04-04
2cc44017e7eba3d4a59e029af9df7e31,a002b6265756c2bf5ba1f596ac8847b2,delivered,2018-08-07 12:21:32,2018-08-07 12:35:16,2018-08-09 14:28:00,2018-08-14 16:55:31,2018-08-31,8da8e5f4165a7d5e1d0fb2b6061c415f,2018-08-07
a61d617fbe5bd006e40d3a0988fc844b,1b4a75b3478138e99902678254b260f4,delivered,2017-07-27 14:13:03,2017-07-27 14:25:14,2017-07-28 17:45:36,2017-08-04 16:26:54,2017-08-18,004288347e5e88a27ded2bb23747066c,2017-07-27
043f43899c67438005004d160d18f55c,8f017d0d38c8cc245c816da55fe4a590,delivered,2018-06-13 19:59:40,2018-06-13 20:21:11,2018-06-16 08:46:00,2018-06-19 18:04:36,2018-06-28,c1d47a6886013c01fc605347defed7c6,2018-06-13
b1b7d5ed61bf1eddfc24d53ce60f4f71,c3ad39ce65d442266f5257c9f55853c9,delivered,2018-08-08 19:53:48,2018-08-08 20:05:20,2018-08-09 09:35:00,2018-08-13 22:05:45,2018-08-27,8e2fc98c436b396f11089ec57e4a4471,2018-08-08
bb91c3b36fbe9aa9873d12ffb7371942,c5e7211f8786d4dd60119623f6364818,delivered,2018-06-06 19:31:04,2018-06-06 19:54:44,2018-06-07 14:08:00,2018-06-18 11:58:31,2018-07-18,90c72a414bfa1683fa24a633af4ab472,2018-06-06
05ec9565bccc292561dec1d33bfefdfa,928194af995122dd13f29b05cedc6a68,delivered,2018-08-05 11:15:46,2018-08-05 11:30:16,2018-08-07 10:34:00,2018-08-10 19:12:12,2018-08-15,b9badb100ff8ecc16a403111209e3a06,2018-08-05
f4ab3840a4f72a98a950099cfcb83502,37d690c79919bb1d5e34370df11fa2c7,delivered,2017-08-01 14:24:04,2017-08-02 02:50:59,2017-08-03 18:03:37,2017-08-21 20:16:43,2017-08-23,a4d015be0feb92a1a6f955aa522cd956,2017-08-01
10747be3ee825f1a6d8bead521a4e55a,1cf1e4a5dab1a3a9603bb1a4661c0fc1,delivered,2017-11-09 09:16:20,2017-11-09 09:30:30,2017-11-09 15:58:01,2017-11-15 00:03:54,2017-11-29,3714b9d31c4561ee723a2d90f69606a1,2017-11-09
17ad74507f8e8c0aa3de8b25e167e287,fb7a67cc5d355f166b37799b82938c1a,delivered,2018-02-26 12:22:14,2018-02-26 12:30:48,2018-03-07 01:08:31,2018-03-14 19:06:53,2018-03-26,e8adbce59d854f8e3acf0f49c7d61afa,2018-02-26
589795a183cebb8c0023a76a44447747,c1c5f746e2e64d4708601296fe4899a6,delivered,2017-05-22 17:13:28,2017-05-22 17:25:21,2017-05-25 13:42:23,2017-06-08 17:13:16,2017-06-26,d97e6750b3625b7a5721d6d978e62763,2017-05-22
76429fbc635b9ff0b06833ef6bf11d0d,d63ff5bfce18972e63ee218384877d4e,delivered,2018-01-25 21:23:13,2018-01-25 21:37:59,2018-01-26 18:42:05,2018-02-01 02:32:50,2018-02-19,1dcd0a95bf2cd96b7f46dacc94068473,2018-01-25
db1c20a4da0424fc89761d0a694ea01a,a0e4dd3110c8e935735669706447da3f,delivered,2018-05-24 13:37:32,2018-05-24 13:53:26,2018-05-24 14:54:00,2018-05-28 17:43:06,2018-06-18,09cf7bb225d262258a9d55f41046f779,2018-05-24
07bebda8aee4b9a600d9c2c1a73f93a5,bc3944c929f6bef6cfff35bf6473781d,delivered,2017-10-26 16:52:36,2017-10-26 17:32:23,2017-10-27 16:04:05,2017-11-06 19:46:41,2017-11-23,ab42422d09a16abb4d396dea815b73be,2017-10-26
6098713f9480abe64f64dea083dac6b8,3724292dee0984bef85cda017ee77d30,delivered,2018-03-31 20:54:18,2018-03-31 21:47:34,2018-04-03 18:35:49,2018-04-10 19:24:36,2018-04-30,441285a3b081d5376c636cf60b0b44d1,2018-03-31
25f9cd6cf05f1ee2caea2bfecc60abdd,0abbad9859d57687867b8fbb2650a5ce,delivered,2018-07-28 02:37:01,2018-07-28 02:50:29,2018-07-30 10:07:00,2018-08-03 18:56:49,2018-08-09,9f45575a536109d829284ab1d98bff59,2018-07-28
416644f246fec0176f413ba4e49a4292,c11f08a4824c29c57464c20ac031cfc6,delivered,2017-04-22 15:05:33,2017-04-22 15:15:19,2017-04-24 10:05:07,2017-05-11 09:33:44,2017-05-19,cc94f1105979be8382c928bbf410d010,2017-04-22
c1875eb040541568d58640849b68b052,f2df5610e57acbb50214fa571d833bc7,delivered,2018-03-10 13:11:49,2018-03-10 13:28:03,2018-03-13 15:26:39,2018-05-11 17:58:47,2018-04-05,cebc3d975688ca71a4ab6ef84693496a,2018-03-10
747f604b7af55628b51cec5d2d80c779,e723347abd63dda9f04006377db3a9c6,delivered,2017-10-29 08:00:54,2017-10-29 08:10:14,2017-10-30 18:07:57,2017-11-06 21:58:49,2017-11-23,9d2a60f2db1207f6e338c1ae23a5e6db,2017-10-29
d0de4776fa71c498cca9d82f5c206092,c2bf0bb1f00bd98c72d7545bec147bfa,delivered,2018-03-08 16:12:28,2018-03-08 16:55:37,2018-03-09 22:16:25,2018-03-25 10:41:03,2018-03-28,8efc68c32e999075dd32dba3e5bc19d4,2018-03-08
9cb1a5b9af2fa27ca6a510f64245f869,72818cc027ac2fb7e5f7dba71da98aca,delivered,2017-08-15 09:13:13,2017-08-15 09:25:17,2017-08-15 14:37:32,2017-08-18 15:39:58,2017-09-04,820e78bf5449cb1bafbc56095ceb77a7,2017-08-15
199c544290f4c34265e9b01c137baecd,3416e45f6c9842bfc863fe211e22a261,delivered,2018-07-23 17:57:33,2018-07-24 10:31:25,2018-07-26 13:03:00,2018-07-27 20:26:43,2018-07-31,36f8e4ca148a3c0916e6233c825b13c0,2018-07-23
02a96c679e6086ecd026c42a83136068,d911a2fb88a320f9a86188bd9c6bd47f,delivered,2017-12-19 09:55:01,2017-12-19 10:11:35,2017-12-19 21:58:29,2017-12-26 16:07:11,2018-01-12,a48e72c1e72f374d9aa8279da964a782,2017-12-19
bb134fd7bd4f5da7b854abaaf6a83a1f,7f8c839bf5487a7167bc27ca02cb7dc2,delivered,2018-05-14 21:45:54,2018-05-16 03:14:55,2018-05-18 11:13:00,2018-06-01 20:55:50,2018-05-29,ac7825d0351ddc79e8500519c868e8de,2018-05-14
742e519465c1d0ed1dc1664ad04ba238,11cd281d555bc011b8f9ed53d78f0d64,delivered,2018-08-02 22:01:27,2018-08-02 22:15:19,2018-08-10 15:36:00,2018-08-22 23:31:49,2018-08-31,44bb109ed74da8a1651f3e8886eb56e5,2018-08-02
adc1270afd7fb1ef466f8ee66cab3773,e84f200509c18b8bbcd78d607138feb3,delivered,2018-07-24 17:36:19,2018-07-24 17:50:10,2018-07-25 10:55:00,2018-07-31 19:16:40,2018-08-17,5a050b063ed2697381b449b2ff7b422e,2018-07-24
31689facc9a793e124745e1573b6a50b,cc41c8de84aa86dddc709eb5633946c1,delivered,2017-08-10 20:02:42,2017-08-10 20:15:22,2017-08-11 18:15:52,2017-08-25 18:58:07,2017-09-08,369a11c5adc1b48c07a6f2342a36f2cf,2017-08-10
9a817712555d1bbd18414531f1211275,fc33ae751a438446b4abb5962e5252d0,delivered,2018-02-07 22:45:13,2018-02-08 22:47:47,2018-02-09 19:13:14,2018-02-22 15:38:45,2018-03-09,3732057b80d20e5cb53b859b7bc57a78,2018-02-07
efdd2a16264f8e4d18564f8e7deb071c,195f30dba556ad925afba1ecca917439,delivered,2017-04-21 11:10:32,2017-04-21 11:21:51,2017-04-27 05:40:16,2017-05-23 11:37:37,2017-05-29,2e49a3bbeb76297ee0ff49df39c2456c,2017-04-21
e282c4391c744da1e194f6c322f1255f,098ff9996de8b54d861bf8da445ba2ca,delivered,2018-01-30 12:40:44,2018-01-30 12:55:49,2018-01-31 14:32:13,2018-02-16 21:52:16,2018-03-13,9e47811def6c1467905f6bbcd016d179,2018-01-30
3bf64404e90aaf774854f9d82327af00,6d7fda62de7cb7acf2894cb5ad071ad6,delivered,2017-07-25 19:04:39,2017-07-27 11:55:22,2017-07-28 10:53:27,2017-09-19 14:02:33,2017-08-22,2cda69b359e382ab2ab1e41665dc8db2,2017-07-25
2318f7d3046fc9a035c165169b54d4b8,dcea546715db4488cff53eb2d6dc7dc2,delivered,2017-03-27 20:32:22,2017-03-27 20:43:08,2017-03-28 11:33:19,2017-03-31 18:22:11,2017-04-13,2d7cb41d9029236b370d753170c2818d,2017-03-27
d6c586c22c45b70b766fef19e469e86d,9b665c863801afc3a66ce320339a82d2,delivered,2017-09-30 22:39:05,2017-10-03 04:14:29,2017-10-16 15:13:33,2017-10-24 20:05:59,2017-10-30,54a8f1e05feabbfc6015e34272097c2d,2017-09-30
83f7e1cbad6386d501c636d6cfb23e55,dac61d4a2d58258d6d176306621ced20,delivered,2018-05-10 11:26:25,2018-05-10 11:51:39,2018-05-10 19:07:00,2018-05-15 20:29:52,2018-06-08,87c9e7ba960e4c2e6bd786b162adc639,2018-05-10
21cd0af59d306fa46a923c811618e3be,b552c118c9199c7aea566abee73b56c4,delivered,2017-08-29 11:42:53,2017-08-29 11:55:28,2017-08-29 18:16:49,2017-09-20 20:05:14,2017-09-15,5f6d817399480d6998db481675547c42,2017-08-29
23f958d8fed53e69461c299f20da7a11,200d79ec010d135a8890699200e18488,delivered,2017-11-25 19:56:46,2017-11-25 20:11:18,2017-11-30 17:33:22,2018-01-11 20:05:11,2017-12-15,51518b9e6a57ac66243c0dc4b5c27596,2017-11-25
3f510ee6758ee5af3f189cbf3a3393a1,3b1fc045609252174df7a4a59655c4eb,delivered,2018-06-07 14:00:38,2018-06-07 14:20:39,2018-06-07 14:08:00,2018-06-12 16:48:56,2018-07-24,8cc7c9ff3789bd961c3e8ec4e82e1751,2018-06-07
5212d3692378658f5807cd76ed591b13,1305743bc4d423ec9954f42deff4ef8d,delivered,2017-05-07 13:13:25,2017-05-07 13:21:48,2017-05-09 07:46:55,2017-05-10 10:51:49,2017-05-19,2ef111a29db73c4071f05ea3357ecf2f,2017-05-07
29b71dc3837a954158a1d1b30d0605bc,b797f0849d0dfec16d6bebfae8db6cf6,delivered,2018-07-01 17:27:51,2018-07-01 17:50:04,2018-07-03 12:52:00,2018-07-10 16:17:40,2018-07-20,db03f5d6cbe86098fe06a3e26d6b4c6e,2018-07-01
67864542c9896d890a14b76003098580,e3e1a353c73450030b4b06da57deff0a,delivered,2018-07-14 15:47:20,2018-07-14 16:04:08,2018-07-17 11:58:00,2018-07-24 20:31:57,2018-08-06,ed533f489f18eddfa0b3f1e04a5ce445,2018-07-14
97a93af6088a39c8691e3aa4f63bcb2b,863ef3bf1f0e34cf5de7f30f96de4621,delivered,2017-05-23 14:00:46,2017-05-23 14:15:15,2017-05-25 10:25:57,2017-05-30 14:42:47,2017-06-14,979b9a59f39cff4a04b8aa3fce90b4e3,2017-05-23
ecdc847ed73d804147eb009dec3a0a0c,c6a9becaa9e9a12a50b0f9ec880b67d3,delivered,2017-05-11 07:17:44,2017-05-11 08:02:32,2017-05-11 10:12:05,2017-05-12 14:52:54,2017-05-22,da41aa4b51170b9820d0db606518e6b0,2017-05-11
f203ff896860dd89c812c809102145ba,7083d00488ab9bbc6d8791c7a6858692,processing,2017-05-05 00:23:54,2017-05-05 01:25:13,,,2017-06-06,f3e7c76af882dada4f25a26ebd82af7e,2017-05-05
4d51303408e4b9b036532f0b2a7462e1,b50ff2e9f7bb2c795fdd768b3a3b205d,delivered,2017-04-21 21:43:06,2017-04-21 21:55:21,2017-04-24 09:40:50,2017-05-09 13:22:23,2017-05-25,c206fbc96c3496c3d089ced6aa9c69c0,2017-04-21
6253925a5ffb2987f7cd545b8023a12a,31913bb1cdd2cc792604bdcf9fad29f6,delivered,2018-02-01 11:00:52,2018-02-02 02:54:13,2018-02-03 00:12:21,2018-02-20 23:33:35,2018-03-06,73e271fccfec74f2ecb75f9b05802f84,2018-02-01
62ce1c9906369b2f38a1d3fb4472c306,23b456db8fb258de4d1de7060f7d6f69,delivered,2018-07-04 15:46:44,2018-07-05 16:22:24,2018-07-05 13:53:00,2018-07-31 19:12:05,2018-07-23,167df41b0f249b15af37f592fb5c8c15,2018-07-04
8bb2eba1812af22e6933f1b246741cfb,cd19b945e52697d44bd054b692badfde,delivered,2017-06-08 16:43:27,2017-06-08 17:40:20,2017-06-09 09:47:19,2017-06-23 13:22:40,2017-07-03,a6e1c206a09bb2b29299e51ce03d95c4,2017-06-08
50a790149ec089ab00a4630204396f0f,f93bb6c70a7306d18a24f77f1889916d,delivered,2017-07-23 20:44:17,2017-07-23 20:55:18,2017-07-24 16:57:55,2017-08-02 17:15:06,2017-08-17,ee0a41f3ec008b1459efbd99c775e6ea,2017-07-23
4f62d593acae92cea3c5662c76122478,dfb941d6f7b02f57a44c3b7c3fefb44b,delivered,2017-07-18 23:10:58,2017-07-18 23:23:26,2017-07-20 19:00:02,2017-07-21 16:19:40,2017-07-31,8d50f5eadf50201ccdcedfb9e2ac8455,2017-07-18
cd3181fe74393d54f51abead6ff1abb9,2d0789135ff0a352142fb68207c0737b,delivered,2017-07-24 13:37:49,2017-07-24 13:50:12,2017-07-26 10:34:52,2017-08-03 15:39:51,2017-08-17,1e73d470a3cecbc85e8e5c0dfafbd156,2017-07-24
714139cb1b46c8e5aee546ebdb5aeb4d,9cc008464ef7ba2d32e3b93fcdc227b6,delivered,2017-11-26 22:02:30,2017-11-26 22:13:26,2017-11-29 00:16:38,2017-12-06 20:33:56,2017-12-18,d4a3f6fc07154dc450ea87d8ed91906e,2017-11-26
1be481b1e0ffb9b02da8c7b80b75e5dc,703a4658a9882c3bc7d617aa26d0a0b0,delivered,2017-12-20 18:51:27,2017-12-22 02:51:01,2017-12-22 19:29:11,2017-12-26 15:24:45,2018-01-09,bf815606a967839418a1cf373d3a7bb0,2017-12-20
bf5a0b2281067192ee4215a039245d05,95ec1beb8f866a4f30899ec797d01a21,delivered,2018-02-05 12:04:09,2018-02-05 12:15:37,2018-02-06 21:44:49,2018-03-02 13:19:17,2018-03-08,46e9cb895f1f933fe2a905fde4e02cc6,2018-02-05
704966e2252d9ef26bfb8203cb8fbf1b,28026498023f3d6b3d8167d07ba85cdd,delivered,2018-04-19 22:24:23,2018-04-19 22:35:23,2018-04-23 12:42:05,2018-04-30 18:38:53,2018-05-16,dcf5d7c33ca32896fcb5c0bdb1aa7e96,2018-04-19
e7374ec864786dbea6a5478d93332e1b,ba3e8c7215f0c4648bf0811d2cc50472,delivered,2017-08-19 22:11:32,2017-08-19 22:30:06,2017-08-21 19:03:55,2017-08-28 23:49:53,2017-09-12,c6948e4645f3782a254547fbfc8fff90,2017-08-19
41c98cbb87767859d6ccfc3fde762d4f,de7910a50205fa700775fae3da0adfd1,delivered,2018-05-15 21:37:42,2018-05-16 03:15:09,2018-05-21 14:53:00,2018-05-22 22:28:35,2018-05-29,951262de4d4e4ac5c0bc85d5b055c5eb,2018-05-15
b06148c7becf3bd438661b35330e4eaa,760f259329e5def2ecf277a223dd1e76,delivered,2017-11-20 21:55:53,2017-11-21 22:29:19,2017-11-22 22:41:14,2017-11-28 22:11:27,2017-12-07,f34129f3c90f0243ed1e0ecdcebd532a,2017-11-20
ccfed873cb913a60c9603cfe245060ff,d327143ecb01da9e729c822d3152f285,delivered,2018-01-04 20:11:09,2018-01-06 02:07:25,2018-01-08 21:54:29,2018-01-22 17:53:52,2018-02-06,85e070e0eeba842c9f6de3f2641e2f66,2018-01-04
fb6601cf3e1e52f7cf4ce42b7242cd95,200c8a775d0e684ed428c706d987f9e6,delivered,2018-02-21 11:48:01,2018-02-23 02:15:45,2018-02-23 23:33:46,2018-03-27 21:54:47,2018-03-23,9bfc8a5961fa0f59efab5ebba218004b,2018-02-21
bc2f333203bc7e7aaf60226e8c890a02,b0b956241217fac9ee1d3a96e4c4b053,delivered,2017-10-05 21:50:06,2017-10-06 21:49:09,2017-10-20 22:38:49,2017-11-07 20:38:50,2017-11-07,8459ee508c1b6da0559bc181ba1554c2,2017-10-05
cde7e4455fa7083f7ab8c2d5eb0c8d12,9be3743249e2bba6586e4f78a339ab75,delivered,2018-01-05 20:13:00,2018-01-06 02:08:28,2018-01-10 10:23:44,2018-01-13 15:53:07,2018-02-02,db856e8cb7586dd746d36ee69f7dbe68,2018-01-05
1c57efb710fa0df4433b44a5c39e4b6e,c08918207829d5bf956a43e7de410bb8,shipped,2018-04-25 22:13:26,2018-04-25 22:31:57,2018-04-30 06:22:00,,2018-06-01,56d135759a88fc2e417de0926a4bf09e,2018-04-25
d622abecd14d7a399897b7aaeda91e17,bc97b187be598a316ba8c85413c40c83,delivered,2017-08-23 20:58:54,2017-08-23 21:10:23,2017-08-24 21:58:56,2017-09-05 00:52:09,2017-09-15,8b5cbba62f98b5c7ad664122e3186c20,2017-08-23
e16532416e7fa0b226f67cb0a05696c2,acc7d23ec27f4666d82e72a78fe6cae8,delivered,2017-12-09 22:15:11,2017-12-11 23:36:41,2018-01-26 19:03:46,2018-02-23 19:04:39,2018-01-26,1c29d6a67b493c85043b7252908b095a,2017-12-09
40a1b377583e234ad0cb70b2a7f3ea30,b28927af041ac988a6e3f7bb60d9bc11,processing,2018-03-05 14:25:21,2018-03-05 15:40:34,,,2018-03-28,036ea8c2d0d39c8d0d49861900487d62,2018-03-05
b8e8aa8bd53c50e5be82ea6f6a04e417,8d52d0165f53badec237c721bb2e13a9,delivered,2017-08-10 21:36:59,2017-08-10 21:50:24,2017-08-11 19:56:32,2017-08-17 22:43:59,2017-09-01,d9f68ddf6447c3192acfef75203bf30f,2017-08-10
82f36bdc0196b518ac49483e7af21d02,c6f030c1e7bc3a6128a1e1fa50bee5e4,delivered,2018-07-09 11:29:18,2018-07-09 11:45:12,2018-07-10 14:46:00,2018-07-13 15:11:52,2018-07-26,7072c171580854d05ed07505e950d0de,2018-07-09
298b961b82fd30c53433ae821ba75aa9,3e4718dc40018dfaf06f5cf2638cff1d,unavailable,2018-07-10 09:56:11,2018-07-11 03:10:16,,,2018-08-01,e460ecd8f12d6226ca4a4d556cb7f1a0,2018-07-10
18193d834e0d2e9787375ad24d4e2b33,688b2b64611a55aee33ee800f372a54f,delivered,2018-05-14 15:27:20,2018-05-14 15:56:41,2018-05-15 10:21:00,2018-05-23 19:07:06,2018-06-01,ddccdeef2671a07eff4442b91eccb2c1,2018-05-14
790adedc3b5b66b16b14675e794382b3,fef3c1e7682886eeb159b88d5660545c,delivered,2018-07-03 11:11:29,2018-07-05 16:27:45,2018-07-05 14:25:00,2018-07-09 17:06:38,2018-07-27,331fbc25ff146fa3298647c4a0ef6e1c,2018-07-03
657ea9232c582c9e40330a60f68dc189,37dc44dfae678962e8b35133ab925246,delivered,2018-08-12 16:01:45,2018-08-13 15:55:18,2018-08-15 14:30:00,2018-08-20 19:55:45,2018-08-23,7079dba72dfcab838a77454dc5e86ec1,2018-08-12
5b733d05e2c2909d6e5e9a81408ed99a,e3f8719d6155a530d63f2e3b81d74e5d,delivered,2018-02-10 16:08:29,2018-02-10 16:28:09,2018-02-14 17:33:56,2018-03-02 14:07:04,2018-03-08,00a3a868d6047bac2888d27b16743ba0,2018-02-10
d252e32f481bed5bbbbc4c0c76261939,539fde993d645fdcb0a1998f7d14f7e2,delivered,2017-03-11 22:57:05,2017-03-11 22:57:05,2017-03-13 13:11:27,2017-03-14 16:21:44,2017-04-10,9e1e5eaa4ab398409e8ff5724401c996,2017-03-11
5c54271ee917cae6f59c5609f8baa986,04dc51f7e58146766c01a8b361bbdc03,delivered,2017-10-22 23:12:53,2017-10-22 23:25:39,2017-10-24 18:58:51,2017-11-04 11:48:42,2017-11-16,f90fca167e7e863643e506f4d2e1c71f,2017-10-22
b6508cc635e024a2db73451e22649413,5b2bf549c79ba993b8a6ace6927cd070,delivered,2018-03-11 22:19:18,2018-03-12 00:20:33,2018-03-12 23:22:59,2018-03-17 01:48:32,2018-04-03,909d4f97b573322c3a1e2e7344a4942d,2018-03-11
ffd7f21b9b4ea30d3536d4cadd19fa42,3aa42c09878ea293cacb60290fe10035,delivered,2018-05-16 10:02:45,2018-05-17 03:35:19,2018-05-18 09:45:00,2018-06-05 20:08:46,2018-06-20,d67596165b2e8072effe692612389c91,2018-05-16
54c9556bfdeffbc7cc3558ab954114f6,73a8b67e06535b1c08e018f83cf750da,delivered,2017-09-11 19:39:43,2017-09-11 19:50:23,2017-09-12 17:13:26,2017-09-13 13:55:38,2017-09-28,4fb9c6a6b3793df5721c39794f5971f4,2017-09-11
79c8897f906ea5e193609356e218f5aa,d04148bcf1de38f8aa9e19c74b2c91e1,delivered,2018-01-28 18:02:58,2018-01-28 18:15:23,2018-01-29 20:24:59,2018-02-05 17:58:54,2018-02-23,4cc8b430fff10e622c5e5c967654ed9f,2018-01-28
e98a3b2b3472d167a1ea3b0702b78ad9,30b5c0f997cd71bea1f750c863d002d5,delivered,2018-07-28 19:42:23,2018-07-31 04:05:42,2018-07-31 12:19:00,2018-08-06 17:22:25,2018-08-27,58b8872a48432a1556bdde035e980f06,2018-07-28
0209ef2fa3cce5eb798c98f5b6142849,1735aa00e7e53aafa92b65a536089fdb,delivered,2018-02-24 22:44:28,2018-02-24 22:55:29,2018-02-26 21:13:56,2018-02-27 21:21:34,2018-03-12,dac6f2c77c9577d4f6119f9295ac05a0,2018-02-24
6e53f3d94a384e3e000da1b6d43641ab,e8513735b55502a0440356ac982fad51,delivered,2018-08-06 16:45:06,2018-08-06 17:04:38,2018-08-09 00:28:00,2018-08-09 20:24:26,2018-08-14,d192b9a3ec2d5a977bc5d52281ae0b58,2018-08-06
fa794cef99ed64f42ebb766a8af51c64,6889c34115335ccadf584370c38907cd,delivered,2018-03-21 14:55:23,2018-03-21 15:15:33,2018-04-18 19:22:35,2018-04-23 17:40:53,2018-04-12,86f44dc0c704ff00e833ebe179b9641f,2018-03-21
6a6601cae4b43a36b3e89110c3a7f497,7ef54c008d37c1051eec1537cb44a0db,processing,2017-08-16 17:18:48,2017-08-18 02:24:37,,,2017-09-11,306041efddc7d219beaf81b71afe617e,2017-08-16
e6802927f05b68de2a6b3c2079fcd830,6aabc5e15ea83418e8ed9777f16ca451,delivered,2017-05-13 01:07:34,2017-05-16 03:35:21,2017-05-17 13:35:49,2017-05-24 11:17:59,2017-06-01,9c540c186d344c460d85726b531b287b,2017-05-13
badb0dd3be1e47b016f7ce9a3a7168b8,8a3339f252e9dc4e354d7a2984558974,delivered,2018-01-15 19:21:30,2018-01-17 03:38:42,2018-01-22 18:49:01,2018-01-31 14:48:49,2018-02-20,65d786c10a2800d96bfb1d3051b07eb5,2018-01-15
ef6921f26962d93e0637eeaacf9941de,35b87045be1864a4b58652c2f9eb0192,delivered,2018-03-27 22:16:32,2018-03-27 22:30:11,2018-03-28 23:46:24,2018-03-30 00:44:48,2018-04-09,1b179d03329a2ed142c18b5aac37fb58,2018-03-27
c255d417bffb18b3c55955e368d2da81,b8227ce6a6e6afd11de4eaaa7898811b,delivered,2017-08-04 13:54:51,2017-08-04 14:05:26,2017-08-07 17:36:11,2017-08-08 15:43:06,2017-08-17,ac1f8f7142bf224a669d8daa8192cc2e,2017-08-04
769edf3b3fbf7e26277b5188c2b76ba3,8e6103f34c89287ebcbb05d852e8a31c,delivered,2018-03-11 12:47:23,2018-03-11 13:50:40,2018-03-12 18:46:45,2018-03-19 19:58:43,2018-04-16,09318c4f5a667aadf90326318d402946,2018-03-11
71035ba1aacb91b34786a7c4647e6486,12c4d32011fcbdd2572be72eccaea17e,delivered,2018-07-02 18:07:57,2018-07-02 18:15:16,2018-07-03 11:09:00,2018-07-10 22:34:25,2018-07-25,4885094dc24ff7ff3709c170261b8621,2018-07-02
7217572256d0fb150b86021f70d421fe,6ffe821e64bf61f081034e0976e74e59,delivered,2018-08-03 16:54:39,2018-08-03 17:40:06,2018-08-06 11:10:00,2018-08-13 20:32:40,2018-08-23,80837a2321208eb775854b3ef4a42bfe,2018-08-03
3a846739cd347ad3bf437314b9cdda78,7ddd9152d1a85790ad53511c0b6b536a,delivered,2018-03-01 10:29:08,2018-03-01 10:50:29,2018-03-02 22:22:18,2018-03-03 13:07:10,2018-03-13,2b34eec28f5ad4916655b8415cb4ebcc,2018-03-01
3571bf5785e29132d318f3c5222560f7,8237cee61c92196c2722acf5ed10368d,delivered,2018-04-30 12:54:15,2018-04-30 13:12:08,2018-05-02 15:05:00,2018-05-03 18:12:20,2018-05-18,f7d9050d60fb901a187d28e121627b84,2018-04-30
f8d4190f8951914e3d79e7b6b7871470,e2e3404315182f704a25f3e4f4c45109,delivered,2018-07-19 19:22:05,2018-07-19 19:35:25,2018-07-23 15:39:00,2018-07-25 18:07:15,2018-07-27,65532f2b074f3af48fc6f58801d0bae3,2018-07-19
476fc9fd42dd474f1b044aa18508596a,3bf875459d8b5849e5cf337d53a01cee,delivered,2018-03-29 17:45:05,2018-03-29 17:55:24,2018-04-02 19:33:34,2018-04-04 22:58:40,2018-04-11,5c8c902dd4c54ac4e9cfc8dfb8ad1372,2018-03-29
dd00823b8101c67e44520dd1ecead431,b1f9668ff685337055df4dc21582320d,delivered,2017-05-06 17:51:11,2017-05-06 18:05:10,2017-05-09 07:48:46,2017-05-15 14:26:43,2017-06-02,8692fdf7014344941fcbc6dcd2488ca9,2017-05-06
c754e56721e29d971fe4e9a005a3e439,b75356785b66e1b0b53860a4d5689c34,delivered,2017-06-09 14:22:38,2017-06-09 14:35:17,2017-06-12 16:07:42,2017-06-19 21:47:38,2017-07-06,2d2566640ffbdd89ed977d024426b906,2017-06-09
5b6bb420d4d6d53ae28c948c9a6b900a,4b1d9c46c5fa2de5c66bade77ba60720,delivered,2017-02-01 18:00:24,2017-02-01 18:15:16,2017-02-02 09:00:57,2017-02-10 11:13:40,2017-03-10,49af61609cd532146e7645dafc5df836,2017-02-01
b84394f64014d2bc61ef7e890cf10a0a,d7eddcfab75659e77f4423338b2b04df,delivered,2018-02-06 16:04:20,2018-02-06 16:15:31,2018-02-07 17:23:35,2018-02-15 20:13:22,2018-03-09,48005f1063989711a58dd2664eab6b84,2018-02-06
fe84e8950d87d6b977d9871fd883b76f,a25e45534cc339ba71eb5c0de2a3ad99,shipped,2018-07-23 14:53:21,2018-07-24 14:50:16,2018-07-30 15:48:00,,2018-08-16,281033552e7e74124cd83d3fadae538d,2018-07-23
64dc52176d3e6cca1ae75c53eb0e727a,ed041abc2b26793a0c64f880fc39a295,delivered,2018-01-09 12:25:33,2018-01-11 02:38:31,2018-01-13 00:13:23,2018-01-17 13:44:53,2018-02-02,7963459306130998fc270547a845e35c,2018-01-09
12b1cdf04230c77662cfee01e322fbdb,4a9de1fa08a18852b69d87b5b96b7e7c,delivered,2018-07-04 20:28:21,2018-07-05 16:31:02,2018-07-05 12:27:00,2018-07-12 16:48:41,2018-08-10,cbe46ec0886f2e0d00a589c4b3f54a18,2018-07-04
5bbe7f112bd14e57a504dd0fd237e362,a95017f19805adc3b0c466bb6fb3c053,delivered,2018-03-03 21:30:29,2018-03-03 21:48:36,2018-03-05 23:57:26,2018-03-06 17:08:57,2018-03-15,2f6aa1c442123982d47058b0f09c5b6c,2018-03-03
1f26d6dc18f5315e3177b291a579b492,be21429a47f9e357db99554634064f00,delivered,2017-10-12 17:27:15,2017-10-12 17:36:32,2017-10-13 22:41:20,2017-10-30 16:22:42,2017-11-09,24bb50e3ea35adf9a12adc0a440563d0,2017-10-12
049c19712aca2d6e4ddc43c83183cdf6,6ed3266befbae92b0eed83e8bde7ca27,delivered,2018-04-14 11:42:40,2018-04-14 11:55:17,2018-04-17 00:42:39,2018-04-23 23:21:53,2018-05-09,4a06cf383c4c56edbbe4b907fb955592,2018-04-14
c7f2160ec04e1391b0c36a9414fbd118,331a3a68b62e0881c9ead76644882bc2,delivered,2018-01-09 21:50:02,2018-01-10 10:31:59,2018-01-16 11:52:17,2018-01-19 23:57:56,2018-02-07,8466a06a40b91bfaca4f363fe76ad7d2,2018-01-09
a7a623c645c38ce143105be339a3781e,95c2ea614dbaea0a9d84eef22753b373,delivered,2017-11-07 09:51:32,2017-11-07 10:06:40,2017-11-07 20:34:00,2017-11-14 21:33:11,2017-12-04,66d37fee8c1d4294327a9d54a7404138,2017-11-07
79ff3f0a53335a2e8424d3f3c4afccea,81de1552fff952c8262932446c387a7f,delivered,2017-03-11 23:31:18,2017-03-11 23:31:18,2017-03-15 07:57:53,2017-03-22 10:16:05,2017-03-30,394d221f2bc5ba8e3ce837f94bbf7e7e,2017-03-11
eca757f656dab48a66c9b049ae050b96,69b1caf1a9ccad914fb958699cd1468c,delivered,2018-04-17 16:25:22,2018-04-17 16:35:25,2018-04-18 21:05:24,2018-04-27 21:22:30,2018-05-16,5455ddace4f79c09c4f705e26dca222a,2018-04-17
373fa646df70e5064388905c109571ec,af67b2b2d0c9bf64c5337d46fcacaa00,delivered,2018-08-05 14:07:33,2018-08-05 14:24:25,2018-08-06 14:10:00,2018-08-09 18:51:55,2018-08-15,a00e1d460f1901194e1db1ec8abaebcf,2018-08-05
8f4dff9c7bdbfd26aee6064637637f24,59d30339943de8792b79b2a7835e1752,delivered,2018-08-03 10:47:35,2018-08-03 11:04:09,2018-08-03 14:57:00,2018-08-06 16:09:01,2018-08-09,601c762ab733c9be4b4dccad69d21ede,2018-08-03
5ebce795f868b14058961eb09ebf1cbc,334d2f3da18803bd68cdf58a72f93d65,delivered,2018-03-03 09:11:43,2018-03-06 03:55:51,2018-03-09 17:07:06,2018-03-21 16:12:11,2018-03-29,96d273145120d7121dcce519e400baf9,2018-03-03
fd7f923cec63405c5df9b1f05d0572bb,d350a613608b1daf059e9ecf45d0aa54,delivered,2018-08-12 11:24:47,2018-08-12 11:35:16,2018-08-13 13:11:00,2018-08-17 01:52:31,2018-08-23,53e9c392877777b537c258b8bc281845,2018-08-12
c01aae679dd48cf072b9e26756b4ba11,5231b1faaf0bc107b97fb0c764f2ed76,delivered,2018-08-16 16:39:14,2018-08-16 16:50:20,2018-08-17 12:15:00,2018-08-23 21:08:45,2018-09-10,69c55e1fb63d49b22cfd5d439497f846,2018-08-16
6affff7ca93622555a65d2d9a169070f,0e681bde5fba98aac2a57c904d4401c9,delivered,2018-04-09 13:58:18,2018-04-09 14:10:26,2018-04-10 19:12:15,2018-05-04 19:42:14,2018-05-08,77bd3518571260074e22b1aad8ad7f58,2018-04-09
139dbedc84f28f9d9da423fb52a57f80,6df2682141364855f009693a8e17f07f,delivered,2017-08-26 17:56:05,2017-08-26 19:31:00,2017-08-28 13:57:48,2017-09-09 13:44:56,2017-09-22,5d7f8f3dc91fcf55a9c1dac6bba1fbfa,2017-08-26
002af7fa9eb99d1456bceb6a13d6fc0b,bacf5021c97183a2a3946dff31e56098,delivered,2018-02-18 18:46:28,2018-02-18 19:46:50,2018-02-19 20:35:16,2018-03-12 18:15:42,2018-03-15,cb56f37beb68b1e2557f4ce00879d21c,2018-02-18
34ce4b17ec05e81a70a78a7ff7a76930,9290739baf91f2aa41a56d1fce6d7f12,delivered,2017-09-18 22:03:19,2017-09-18 22:15:22,2017-09-19 20:02:16,2017-09-25 22:34:53,2017-10-04,89a7f3955dd9601a53404bc8433b372e,2017-09-18
fc1f487d0efab2d3865ea6a570eaa9e7,bb29d68e8170d6917599ffb4b929486d,delivered,2017-11-29 10:09:16,2017-11-30 02:24:12,2017-12-01 20:49:48,2017-12-19 18:38:54,2017-12-27,dd967372b706e675beac710e7d4c5484,2017-11-29
c5e3762173a6276b31e43d49c34aaca5,06d58d7e936fa3072aa438a94f62a667,delivered,2017-11-14 22:39:20,2017-11-14 22:51:10,2017-11-21 14:55:39,2017-11-30 19:22:58,2017-12-27,268948c5c17f57598d697e30f4d4775e,2017-11-14
7e92dca255c67a8c5a8516d401938727,dd46ad4fa9185c967cd7b2a1223ab180,delivered,2017-04-02 12:15:34,2017-04-04 05:45:13,2017-04-04 13:16:50,2017-04-10 14:19:20,2017-04-24,791f21713ed3038a4d418efc8e38b024,2017-04-02
26bcc6734abd841f5e3d6244bf0dbacb,bec1251276f3b4e0da3595cd587f7a92,delivered,2018-03-22 14:59:06,2018-03-22 15:15:40,2018-03-23 19:49:25,2018-04-03 01:41:51,2018-04-18,618b728dd20b1da0d954cc67a8bd654a,2018-03-22
888cd47e6e7e16e596224b8217f725d9,0b67df0f3cd35096e2b545e0c11d7422,delivered,2018-06-11 14:58:57,2018-06-12 09:37:21,2018-06-13 07:04:00,2018-06-16 16:32:21,2018-07-12,4ff9e0783ec8e612691b0c67b3099ae8,2018-06-11
01e4eeac4002b2e57b7ada6bc3a3c38f,73b858b84d3afef2fdc6a26f3ee8c6f7,delivered,2017-08-01 18:44:07,2017-08-01 18:55:11,2017-08-03 18:32:51,2017-08-08 20:33:42,2017-08-21,12373dc83d9c052f14c972f235f75064,2017-08-01
920756b1d71382fbb42a0e9fd5b7e31b,37735129555bd983d0fc87bff0f32d4d,delivered,2018-06-26 22:09:38,2018-06-26 22:47:47,2018-06-27 08:03:00,2018-07-03 02:16:54,2018-07-18,303e21583f459bad9d5bccbf26607662,2018-06-26
8f403b0cd8695918b7937e91e5b39c5e,6b6ce6c8cd50fb6696add6fdecb1a574,delivered,2018-03-12 13:30:51,2018-03-12 13:45:30,2018-03-12 23:36:27,2018-04-24 21:50:46,2018-03-28,fc2c366770ab05b0e97ce7e59b293fbe,2018-03-12
1a6d26b1e091ff1b177f8d1c45d46650,468685ea2f9a9f45b7b7d8fd81a3251e,delivered,2017-04-23 19:38:20,2017-04-25 08:23:06,2017-04-26 19:46:04,2017-05-09 09:50:04,2017-05-15,98948689ee78c179ae79ae579140da2f,2017-04-23
fd4b42de96e38f3ff9bfc0072f2bd40c,a6158e68df6fcd19fff7051f119f2072,delivered,2017-09-01 15:33:11,2017-09-02 15:25:11,2017-09-04 20:14:04,2017-09-15 23:27:52,2017-09-29,e13cb5bf05f02135c9adbfcf7f8c611f,2017-09-01
f13b840cea352162c91e2b38d2fc89a0,3b44a902249fc98487de5a44872a9cee,delivered,2018-01-12 09:51:27,2018-01-12 09:59:23,2018-01-12 23:53:44,2018-01-15 15:21:32,2018-02-05,07764275128858358b70ccccaa68d3a4,2018-01-12
890808772a9033ae8c53ca09ef4d95a7,f27a826c24b960c00718bd0673d47e74,delivered,2018-01-23 22:21:52,2018-01-23 22:34:53,2018-01-24 22:24:50,2018-02-16 17:34:22,2018-02-22,f0871fbd96f357457ef005037dc0de96,2018-01-23
6607ca536882b974ea594bc640b01519,bd4395ee7d93d3f00931fb86112ac69a,delivered,2017-05-14 21:00:40,2017-05-14 21:10:18,2017-05-17 06:52:36,2017-05-22 13:17:55,2017-05-31,30de122d775af047eb43340af4ba6159,2017-05-14
ab013cc9a51ed2e31f9a0e775f9c0ab5,4be55781e1b8b6ba44bc3d19e1f0dc79,delivered,2017-12-27 19:09:38,2017-12-27 19:17:22,2017-12-28 16:39:07,2018-01-24 17:27:49,2018-01-26,2eb72565e574f6c2206f209cbf3788a2,2017-12-27
e871767324d95447813ac1bf3d68b3cb,89bac28ef445727eab74b24051c8e20d,delivered,2018-04-06 17:55:11,2018-04-06 18:08:50,2018-04-10 00:22:40,2018-04-11 01:14:48,2018-04-23,384c891c0a8477daf165f632db186380,2018-04-06
a4053182813e7c27c89a787f74361603,39fc11c8d5b35f317879b697e7d9dcfa,delivered,2018-02-05 12:39:49,2018-02-06 04:32:27,2018-02-06 19:23:05,2018-03-02 18:42:36,2018-03-09,bd92a6dd89ff4fbb845d308e89e2be46,2018-02-05
d674f43f35a8b46f907663eeabefb819,8fdcba1fbdd38ada559e315d16ecda00,delivered,2018-03-28 14:52:06,2018-03-28 15:08:53,2018-03-29 20:58:49,2018-04-09 16:27:35,2018-04-10,51eb539e8f636de713e1ec2c8c5e8ebf,2018-03-28
f51cb113ad5e21bc6d8082bc824fb25e,23304f69dac259edcc18688d38ab9250,delivered,2017-02-08 14:36:40,2017-02-08 14:45:16,2017-02-09 16:08:52,2017-02-13 10:05:41,2017-03-09,535d35b2288cbdeb6a7ba74ca2173213,2017-02-08
d628ca546be1f0eb162833abafc51a4a,44e0d6b64a6d16bb9db15927427084b6,delivered,2017-12-18 20:49:53,2017-12-18 21:11:03,2017-12-19 17:47:10,2018-01-16 17:03:54,2018-01-22,311ec01a05cd02d70310ffbff5a28b5a,2017-12-18
1fe30f95453f4a27d9730603bca07ebe,d6e5dc4f46a8ddad718544fa2aff3ab9,delivered,2018-05-01 13:30:05,2018-05-01 13:50:30,2018-05-02 10:19:00,2018-05-10 20:44:42,2018-05-25,dcb28d3940f1c2405051064702f09419,2018-05-01
edf0694bebf9fc2684735a6397a7a37f,d152359aea05f28cfdf5b9bf50353240,delivered,2017-10-29 11:49:41,2017-10-31 04:26:31,2017-10-31 22:03:02,2017-11-03 20:14:08,2017-11-24,74eeae6b1f9041a757b8cb7a982e96c0,2017-10-29
3aebf099badf8a95a8c1831fc2373eda,c1b20d05e97c613b0983d4532371c13d,delivered,2018-06-21 22:40:05,2018-06-21 22:57:22,2018-06-22 14:51:00,2018-07-03 19:17:49,2018-07-30,3eba71e7d02f6366cf22d2d68a198ed7,2018-06-21
a957d0a2751e196bf75d8ae7da002947,9121f857c9a2b19287d8d16a97b9faa0,delivered,2018-02-16 12:45:58,2018-02-16 13:06:55,2018-02-16 22:06:30,2018-03-02 23:34:53,2018-03-21,576219fe579c3c2c1f2bb6742e876f3f,2018-02-16
5c4e2e5f4cf06bd28d6020ea2afc884b,cb985c6505d91abacf7830b219c95d2f,delivered,2018-05-15 15:39:13,2018-05-15 15:56:14,2018-05-18 12:24:00,2018-06-14 23:28:29,2018-06-07,3a5c6764d38b31f64bb08eeaae201df3,2018-05-15
d3db589726a9b7179c7aa92b6b6e477e,363bec0b3084aa6749793f6406708b99,delivered,2018-04-16 23:01:24,2018-04-16 23:15:22,2018-04-17 17:08:34,2018-04-18 17:24:29,2018-05-03,9007df241fa0bca068ae4b55bdb0e18a,2018-04-16
1e7aa60419488b934fe799d6faad8b7b,cecac42920e43d56366114931e2c45ef,delivered,2017-08-01 07:51:27,2017-08-02 11:22:31,2017-08-08 14:18:38,2017-08-16 13:38:01,2017-08-14,573605dc73227f843b291cd789a45d03,2017-08-01
ba58c5a73e8f1d2300f86d2ad3576657,3ba36e4404305d8d8a9dfdf4ca0124a7,delivered,2018-05-05 21:19:37,2018-05-08 03:55:53,2018-05-09 11:27:00,2018-05-16 15:03:54,2018-06-05,6a6279a86c2b8de1ed953f0e81504b16,2018-05-05
ce7402bf4b1e2e390963fef91b8c0df4,3ab7b49b4bbb6b99727bfd5f640b9166,delivered,2018-05-10 12:46:00,2018-05-10 13:11:57,2018-05-16 11:00:00,2018-05-23 18:51:33,2018-06-01,6a5a402a09669ca7d7b1a4e5fcc68256,2018-05-10
483a06928959b498933c3b7efe98a755,61398642b474ce5cdb1531eaac1b9f34,delivered,2017-05-31 18:46:48,2017-06-02 04:33:47,2017-06-02 13:12:40,2017-06-13 07:12:24,2017-06-21,6b71b278a4b34793e593afe926bd0123,2017-05-31
342aec7e6313f37e8c61478fa378b7dc,5b1994bd2076858421ee0d203c3cd206,delivered,2017-10-12 16:16:15,2017-10-12 16:35:19,2017-10-16 13:38:54,2017-10-19 16:16:07,2017-11-08,63910b152712df7498a16859f7113f6f,2017-10-12
0c16f8307002e4ec5c616b4824fef268,fb72b7779e168d8e34a6400ff4c30c29,delivered,2018-04-17 09:30:22,2018-04-17 09:51:23,2018-04-17 19:32:31,2018-04-28 16:32:36,2018-05-14,ae5e8e05539e7be6b2a0b16241879f7d,2018-04-17
5f79591dc99f5f8850f6259c80b83be2,f35de5e4afc2f0462050170cb553321f,delivered,2018-06-23 23:22:24,2018-06-26 05:12:59,2018-06-29 15:48:00,2018-07-03 17:17:06,2018-07-25,808a5a2c8bcfc49beffe17ad060ce6f2,2018-06-23
5b5ca75222f3aeb5ae3b27547d4d8792,d0063b73907fed10b23f0dcca4a9bcf3,delivered,2017-03-22 07:14:31,2017-03-22 07:14:31,2017-03-23 14:42:54,2017-03-27 11:51:51,2017-04-13,690dc6aeb81e9ea0606f3817c011077c,2017-03-22
11465335eaf9161b2af16053bd18631d,0d4d04092cac5c656bf7ae1c4b6a90f5,delivered,2017-11-10 23:46:05,2017-11-10 23:55:22,2017-11-16 19:53:24,2017-11-23 19:22:12,2017-12-04,db41032053bd5753dae15bc559853a3a,2017-11-10
c487fa98ecd15cd13d1467d49ec6af47,7834afa97968dd289e626584199c7b0e,delivered,2018-05-04 11:52:04,2018-05-05 03:35:18,2018-05-07 15:01:00,2018-05-10 18:02:49,2018-06-12,53098f53860f663f96a164af5b759f8c,2018-05-04
1181230c4743b8e0ace4ef00a84670e5,136f8c475ac7abd11f3c8f93c24f88d8,delivered,2017-07-19 17:32:29,2017-07-21 02:50:33,2017-07-21 18:28:20,2017-08-09 21:18:41,2017-08-22,55ba99e2243364d8cb0a9cd4e4d77d21,2017-07-19
4ad760354457429a4d9206e508608268,a9bafa3709ad518f5ee4cce33af62751,delivered,2018-01-07 21:18:44,2018-01-07 21:28:32,2018-01-10 00:03:18,2018-01-10 20:18:40,2018-01-24,5355f50299ab86c4f771dffd0ee27ab0,2018-01-07
fec5a30841300e1ebf3aa37f9023f345,d7646582015c6b6a78181b7ea0688f12,delivered,2017-11-20 11:46:56,2017-11-20 12:07:07,2017-11-21 21:30:11,2017-12-05 18:19:09,2017-12-12,b7d57fdfbb1938d942e0b5b45f4f859c,2017-11-20
45d0086d88024df86e193e5bf86bc989,daa89e848fb45343429ecba9c5021aa3,delivered,2018-06-07 15:54:18,2018-06-07 16:20:57,2018-06-08 13:37:00,2018-06-19 13:40:54,2018-07-11,8dfae09fe8bd258650e619a48ab89a63,2018-06-07
40d702a17a6d8b52548cb922505283a9,f03aaf0ded9a8ad957afbd1efef59e80,delivered,2017-03-14 23:41:19,2017-03-14 23:41:19,2017-03-24 17:08:45,2017-04-10 11:57:10,2017-04-07,b3d8e92bc26ae3ce1c7f05120ce0f243,2017-03-14
a0374a3c81d4e6b8d83689f9b9345dcf,6d3a7e32c60fe9d9c65210c893d5d980,delivered,2018-04-05 11:27:47,2018-04-07 02:48:16,2018-04-10 01:42:50,2018-04-10 18:55:32,2018-04-20,9d8c8f24aabdf94cb1d00a94ebac5172,2018-04-05
6c6ad994709e497d8bbc043b3d9884ba,c20523f1c93a2817b6e0d83819c52607,delivered,2018-08-09 16:56:44,2018-08-09 17:45:18,2018-08-13 14:32:00,2018-08-14 21:11:49,2018-08-14,b5500a3c038b22b8a72fd191b0c76f98,2018-08-09
ec3f1d110d6cf6a87602ad54a075f04b,3f33cd9a014cc74c243f89efa2ef3ec6,delivered,2018-08-23 19:09:34,2018-08-23 19:24:38,2018-08-24 14:19:00,2018-08-30 20:36:49,2018-09-04,fb07bd04fff9eafe34f038d4ae71b95c,2018-08-23
04e45523ce26353e6ba6a713afd77b82,1621186550be18f3174537f01be9a088,delivered,2018-02-27 14:09:55,2018-02-27 14:29:06,2018-03-02 02:14:10,2018-03-20 22:03:34,2018-03-19,a466890f787547d0e08eb3139c31ecb2,2018-02-27
194722a4c1cad67f5b368dce6edcc88a,575ef70c7539be8b334b433a37246097,delivered,2018-03-28 16:30:53,2018-03-28 16:47:58,2018-04-04 21:32:01,2018-04-06 20:56:50,2018-04-10,afcaa603b2034ed8d7c3bd09586ff15a,2018-03-28
d4e42f9170131eed76bf87f17541bc48,eccc13ce9951db3da439027211bdb3dc,delivered,2017-03-11 14:21:09,2017-03-11 14:21:09,2017-03-13 10:41:20,2017-03-21 16:18:00,2017-03-30,fc617e1d85eb5f935300c7943f732217,2017-03-11
691548a8f95ca2e83c1ffa5df7140739,2e9885a628a85fa34163ca87cebb5d44,delivered,2018-02-14 00:37:19,2018-02-15 03:51:30,2018-02-21 21:09:15,2018-03-05 14:33:25,2018-03-19,04494699b5b9e8c7b9ada78bc5af429e,2018-02-14
34632259a2507c931af71e41faaf35a5,dcc80d06b3488b79f9e4ad23364b16bc,delivered,2017-04-05 19:59:24,2017-04-05 20:10:17,2017-04-06 14:38:36,2017-04-18 14:15:03,2017-05-08,e3fafe5c61833136c200fe441180c538,2017-04-05
d47c2d8c2b87d0d6ef7d4db06bf359ee,1b4161aae1f4de9b9756f21e46ae2106,delivered,2017-07-05 09:59:32,2017-07-05 17:39:28,2017-07-07 19:39:00,2017-07-14 20:23:47,2017-07-27,bda8f2bcbf3a4a1fa3eb24b827c7a53c,2017-07-05
e0bacd42e5f8077488c0a9f4dcfe66da,ad9e8236c07bc00edfcd2f7805ceb771,delivered,2017-04-21 00:11:35,2017-04-21 01:05:19,2017-05-19 08:46:40,2017-06-08 13:22:16,2017-06-02,1073528f48c54d7e185df57a6ee88448,2017-04-21
26693e638808e1e5a1b09eaa16a1fde8,d2b8fe9527c39135994ad21bd147ab3e,delivered,2018-01-03 15:32:26,2018-01-03 15:46:44,2018-01-11 14:37:27,2018-01-12 21:06:52,2018-01-19,5eefd8328b4437dcbf0104e89c8fa305,2018-01-03
4726e333b8605a51b03b823f5021f3d1,4b3ad0a2a19d1c9c0f06e0010204094a,delivered,2018-06-20 13:41:47,2018-06-20 13:58:00,2018-06-21 14:46:00,2018-06-26 21:24:47,2018-07-19,216e566e0da9e92bc55da2e78db47a88,2018-06-20
9740d42a9b2382330f2b00d90f34def0,4095e905c0684c956424a8b941a2868c,delivered,2017-03-14 10:20:54,2017-03-14 10:20:54,2017-03-17 10:41:52,2017-03-21 11:12:10,2017-04-04,d68ff6fee273df548be04727052e2d16,2017-03-14
816ccd9d21435796e8ffa9802b2a782f,6eb400779c4aad2461aa5f0badbcf7ec,delivered,2018-08-01 22:00:47,2018-08-01 22:10:16,2018-08-03 08:54:00,2018-08-07 15:13:50,2018-08-22,7cd455c1d71d264771df28ab75c49bde,2018-08-01
0c7a17af18a4180dbfee261ce22edb69,73c2df352cbd86c80f9aaa6da043d2f1,delivered,2018-03-17 17:38:38,2018-03-17 17:51:01,2018-03-19 23:48:20,2018-03-20 16:03:18,2018-04-05,cfa872ed9da801b38016e10d18653b97,2018-03-17
c84e12372b525943bc1de0f837193aa1,1cbb5a95ca930a326a89fe1160953851,delivered,2018-07-30 12:14:11,2018-08-01 03:32:18,2018-08-02 13:21:00,2018-08-06 16:42:43,2018-08-13,f8166d87af54291aaec99bbbb2dffd85,2018-07-30
69d126e78947276280838ee9361f5505,247a1241b0292ffc8167f7391be2f7cc,processing,2017-03-30 15:23:23,2017-03-30 15:35:11,,,2017-08-22,cb9aa3a6c7716acf0af57d3622616fef,2017-03-30
583538329b34516bedbb834c9fe05325,28dd168fc770453ccc672de7c71b3813,delivered,2018-01-20 17:59:20,2018-01-20 18:30:28,2018-01-22 16:41:32,2018-01-27 16:55:41,2018-02-14,0d1a5a24e57adfef781fca69de76374a,2018-01-20
8e4f9161e403e220dee5b8eb22f0a3c2,f1767a32653232f3dba7cf216c6e340b,delivered,2017-10-26 17:52:41,2017-10-26 18:31:28,2017-11-06 19:28:19,2017-11-13 19:28:51,2017-11-23,7d066555f96496d5d1a23841ffeeb544,2017-10-26
b99e5b462412361aab3168e1a40bdde8,725a1142e2f3af3a6795d5fcecba5217,delivered,2018-04-11 18:50:41,2018-04-11 19:10:37,2018-04-12 20:51:52,2018-04-13 20:51:21,2018-04-26,49823ffcaa3d1b5b5e95aebc40ca0c9b,2018-04-11
75f041ff00fa67ba7b8b9521ea8d3a2f,39f1cf2887c445a68f47797f05872f38,delivered,2017-03-12 10:02:30,2017-03-12 10:02:30,2017-03-22 06:06:04,2017-03-24 15:45:36,2017-04-20,b65363c9ba68dfa650c0a5816e155715,2017-03-12
361f034789232a97f47cc1d000c930ae,72bf3d263baa8682be8224662f7e3671,delivered,2017-07-02 16:57:39,2017-07-02 17:10:18,2017-07-04 12:44:45,2017-07-12 19:39:23,2017-07-28,8318fcb22f90a345cc35086333d3b13c,2017-07-02
9e119efc7690fb6c238eca967793fd34,fd2ca161eb019112dc7215d72b574e9e,delivered,2018-08-18 15:26:01,2018-08-18 15:49:16,2018-08-20 15:40:00,2018-08-24 18:48:40,2018-08-30,76e5f3bca2b1f5c510c41563c2ea31a4,2018-08-18
e05fc2bf6a17ea7abb299e131dde76fa,fc969cccd424bdf1a70bd6eb204c4984,delivered,2017-12-06 14:07:34,2017-12-06 14:15:22,2017-12-08 21:38:42,2017-12-14 18:51:55,2017-12-26,11f0ece6eea1d300714d6e89b863db88,2017-12-06
5065c673bd9aed56b2628c56c93d0619,684c54e39ad144042159c307a9222af7,delivered,2018-04-13 09:32:26,2018-04-13 13:15:39,2018-04-13 22:18:31,2018-05-02 19:51:02,2018-05-15,ae23c065b5f9963e7e56009603b051f0,2018-04-13
e543b020936a3e9d38da0839c47bc358,e23e8c2a4188a963412e36bebe5382f0,delivered,2017-08-31 22:26:00,2017-08-31 22:35:21,2017-09-05 21:42:42,2017-09-13 16:38:21,2017-10-06,abd16f1de28684a16c51af2a9a201fb5,2017-08-31
d3f66901a6743e15f9311547cc623b91,19b32919fa1198aefc0773ee2e46e693,delivered,2018-03-21 15:06:34,2018-03-22 17:48:31,2018-03-23 17:37:05,2018-04-02 23:33:33,2018-04-12,3fec1a05177762f279472253113d568a,2018-03-21
9e7088941513acdd786e771544ff78a7,e71fe33c737841b5ecb75b8562490529,delivered,2017-11-24 21:33:41,2017-11-25 00:36:05,2017-12-05 18:22:36,2017-12-06 16:57:53,2017-12-11,db0ce8ce0682f54b27ef8b091e26e7bf,2017-11-24
338515ff7c1216299678e18a593799a5,a5252e81424e5fb2c7ddf01256cf94e0,delivered,2017-10-22 17:32:58,2017-10-22 17:49:24,2017-10-24 22:07:55,2017-10-30 19:33:50,2017-11-14,5a0b87c34f674cb92d999d2a37096227,2017-10-22
abe4bb0d5f5e83b74e08e54f5aef8c35,4828a6413ea05bd3e64c16b7adf755cd,delivered,2017-09-28 00:23:56,2017-09-28 01:32:48,2017-09-28 17:38:54,2017-09-29 12:51:43,2017-10-16,d2ef32c35987fc181899bc0bbe68fd5a,2017-09-28
1d5d2c4b53d1185f9184aac9e441e521,f6cdb144990183171068ee3199caa965,delivered,2018-03-14 14:34:27,2018-03-14 15:08:34,2018-03-20 18:44:45,2018-03-29 23:34:38,2018-04-05,f0e62d55f2c00923a4a42c364ae1ddf8,2018-03-14
0d318172edd07ca95c0015267fab29ad,6708d02d736947cd061c16d7f077ab3c,delivered,2018-04-29 14:26:30,2018-05-01 05:54:36,2018-05-03 14:03:00,2018-05-17 01:33:43,2018-05-25,4e3971c7d20e9267d9374a097c6f49c1,2018-04-29
ec6dbe29a25ab63db6148325f242268e,b137076cda741658193ccbdec3b05d9b,delivered,2017-11-21 14:26:31,2017-11-22 14:16:04,2017-11-23 17:02:57,2017-12-01 20:48:45,2017-12-15,f5508a03f6eaff2eeec6cc59da966450,2017-11-21
2eaf7dfaeccf310af1144ee1fa72fe08,434578b516569304f13fbe1d24226ffc,delivered,2017-06-08 17:59:16,2017-06-08 19:03:27,2017-06-09 17:25:56,2017-06-16 14:12:04,2017-07-03,42ae425e8f3501d833c5deb1056bbe41,2017-06-08
de4200e70f1ba056e8e0ce5a6b057f76,59b6f5938b3ea3ffc6326ec7fc60f7b7,delivered,2018-08-15 14:03:08,2018-08-17 03:30:35,2018-08-20 11:26:00,2018-08-28 13:48:52,2018-09-25,4da2676bb23e0570ae16444d91fac5e9,2018-08-15
882634702ad671a4a28319adef8f058b,64e3294ce026b7e6af1342b9985423b8,delivered,2018-08-26 22:41:03,2018-08-26 22:50:21,2018-08-27 12:08:00,2018-08-28 19:11:57,2018-08-31,960a0f31380c590db0df6c9300b38d9b,2018-08-26
de70c6f08877949ed4973bb0e4aaaa77,fb669b7a4d4ea214fb00d2e4cd70b321,delivered,2017-07-19 01:26:50,2017-07-19 01:43:46,2017-07-19 17:56:47,2017-07-26 10:46:31,2017-08-11,400df589d04ddd4d8216f1457f814416,2017-07-19
8c2a426cd8a3c5fbe7d79b4696a5d20b,642e3b504a61c1898bf061f0d48dae51,delivered,2018-03-17 23:06:17,2018-03-17 23:27:44,2018-03-20 16:11:43,2018-03-21 17:13:25,2018-04-02,96ba28f255e5776ceee9e8010cb85b87,2018-03-17
396a192aba5ce4ea3612711cf5d6bfc1,f5c3ad225e5c12d6a5b22e684f73c907,delivered,2018-06-08 22:23:18,2018-06-08 22:35:11,2018-06-11 10:49:00,2018-06-19 21:03:11,2018-07-03,8efd048ddafd9ad711abce5ce2ea2368,2018-06-08
dfb257681efc64103bc309ffee479b9f,8fe979441d9c7ea25e5bf77c7b1d06b6,delivered,2017-07-26 19:27:18,2017-07-26 19:43:18,2017-07-27 14:31:53,2017-08-02 19:35:55,2017-08-15,7d8cd36a0f25f09130e18156dab1e684,2017-07-26
e8c31684699efc784688d7ab3396b77f,5ad73b0889b04ff1e68d489677b7cb64,delivered,2017-09-12 08:40:32,2017-09-12 08:50:20,2017-09-12 21:46:55,2017-09-18 19:49:45,2017-10-06,ad6c4e2f5dd79ed6ebea3a6acb88a00c,2017-09-12
898b6a712c7a937ddd5c83464360d51d,8b5e899f6beae4402997de27e382c736,delivered,2018-01-22 11:29:04,2018-01-22 14:22:18,2018-01-26 22:53:01,2018-02-01 23:31:37,2018-02-21,237d192179ac3e151816e0b06183eb17,2018-01-22
b16d9ba816a4e2f57ca956815f71f856,b11c500270db8e91851a015eb7268f9b,delivered,2018-05-07 11:30:12,2018-05-08 04:15:31,2018-05-08 15:55:00,2018-05-11 20:34:42,2018-05-30,5f095bae3dcbd3ca1a3467e92d926207,2018-05-07
fcf819c2f6fb3772c2fe09e127697ba3,52f2e38afd9ee156881683cfe8a89ffc,delivered,2017-07-03 13:58:53,2017-07-03 14:15:17,2017-07-06 09:54:30,2017-07-12 19:07:50,2017-07-25,8e1c8e08724097b43730e4344f3200db,2017-07-03
1894d82dee0829455132dc62056cd7da,75f3f184df3d845335a012d683988884,delivered,2018-01-15 18:31:48,2018-01-15 18:51:45,2018-01-16 18:03:31,2018-01-31 00:33:16,2018-02-09,7d94c37bebac99a6d8210e4295c29456,2018-01-15
42224531474cdee935585c33923edeb5,9302710415234bb43b1971474511267d,delivered,2018-03-14 08:03:24,2018-03-15 03:31:35,2018-03-20 11:11:33,2018-04-04 01:21:58,2018-04-12,0dfefc8e559558065b7f5fafd42a6338,2018-03-14
0b710815eacb6ac13165d4cf70dbd5cf,48c75023334a516ed72d8dfb615be9d2,delivered,2017-02-18 17:26:05,2017-02-18 17:42:35,2017-02-20 14:20:33,2017-02-24 05:11:47,2017-03-21,739f7b409586922461ba4fb82369eec1,2017-02-18
1dfc7ead9e47fdebed64c8ad48b4bb89,2fc48ea267ef127da7bb3bd9d34be2ee,delivered,2017-06-02 19:50:45,2017-06-02 20:05:13,2017-06-03 09:38:18,2017-06-08 10:12:40,2017-06-27,0331222f9b89ba40c398eae5c7afd1b5,2017-06-02
91bc1260ece478b989b1ea298d153ac8,cbb626598bec148e34d513bae9280e8e,delivered,2018-01-25 14:47:07,2018-01-25 15:09:37,2018-01-26 19:08:42,2018-02-06 16:04:04,2018-02-26,1c68b10c39678b2f8a7354ae67c44ef3,2018-01-25
9c990d5aff064d220ea8962a5d97f4a9,42a2af95bbf8a66f1eef9611be7231b2,delivered,2017-03-13 02:22:34,2017-03-13 02:22:34,2017-03-13 11:15:34,2017-04-01 14:45:57,2017-04-04,92e0da7e678f9544ce9a1f6119c0fc20,2017-03-13
7b2bc7c55531623ea7b22e2a191b21cd,ee7406f297c95bc245c9fbd29a8895d1,delivered,2018-04-16 14:49:20,2018-04-16 15:15:25,2018-04-17 19:22:08,2018-04-25 19:34:57,2018-05-29,64a9261b6e0d5d8ee52e1cfb52c2350d,2018-04-16
566664b31c9fed474421011b0fe4aaed,61ca1c91479ab015711930b5e4e429a3,delivered,2017-08-07 14:20:35,2017-08-08 10:50:15,2017-08-16 19:35:03,2017-08-24 19:36:49,2017-09-08,700924bdd14c512088abb6a9e79299f6,2017-08-07
e20048c62eafbe51818f6dd9f3be724e,56e63406ad840b9429b59c47b9122f42,delivered,2018-03-07 16:05:56,2018-03-07 16:40:32,2018-03-08 17:05:30,2018-03-09 17:56:39,2018-03-19,afa48434d8fe6dac9ae68c1f24947371,2018-03-07
f2db192253fbe0e938681e583c8e99e4,9dcad5209031922904ad237a92dd0969,processing,2017-09-22 11:05:56,2017-09-22 11:27:36,,,2017-10-17,1a815ce59e04a7a2e969e0f27d370684,2017-09-22
580e2b6c3cb7687af1cb01ebeed86265,6c9a5923526346cbc0bd7bbd92269c01,delivered,2018-08-22 11:39:32,2018-08-22 11:50:14,2018-08-22 22:07:00,2018-08-23 18:34:25,2018-08-27,cf6d4152d758efc43910e0141ae5b912,2018-08-22
6cb0e1664e861687126a22bcb14e9def,e403023e5cf3d1058cab56bbf045f020,delivered,2018-01-09 08:58:44,2018-01-09 09:32:26,2018-01-10 20:30:14,2018-01-17 18:53:11,2018-02-07,4843cf220ea88410bfaf0dcd3760e480,2018-01-09
f1036577176d907152534984bfd5018f,31c43d592a664912961da43c0484db8e,delivered,2018-08-05 20:28:39,2018-08-07 04:24:39,2018-08-07 14:05:00,2018-08-11 19:27:38,2018-08-15,0c8380471a9d99923688423792afed4e,2018-08-05
724b19e5eca8ec552146bf7904b4cbeb,9e0773fb262bb0872dddbb606ccf3fb7,delivered,2017-08-08 09:02:22,2017-08-09 03:04:27,2017-08-21 22:41:11,2017-09-04 20:07:59,2017-09-26,49a19cc71af5703aa8e8bc87349e4c40,2017-08-08
7a2a2633b023ac3ee1dc583d44181b2a,acda596e71f174ace07dc4901cdd07dc,delivered,2018-08-16 11:37:32,2018-08-16 11:50:15,2018-08-16 14:40:00,2018-08-20 19:33:12,2018-09-10,afab0377a864587c246f674ed081e87c,2018-08-16
f862cc760ea45f37e508061af8392161,47192afca0ea2f6927f782257e18fe4e,delivered,2018-04-08 19:27:48,2018-04-08 19:35:22,2018-04-10 17:59:42,2018-04-12 10:51:54,2018-04-25,1864b0e8ffa2c68d681d426a6fdd9f0f,2018-04-08
0eb2e52e71b7f59b62ea59b139e5a254,ff636b0dc3b46a716505c283339c4490,delivered,2018-07-06 10:27:34,2018-07-06 10:35:13,2018-07-06 11:23:00,2018-07-11 16:24:40,2018-07-19,8ead03dc6df3a3bd82c28decb456c097,2018-07-06
1e8ea8fda49ecffe10111ac1d475ff47,693a6fb212be2902e0a252ca094c61e2,delivered,2018-02-09 12:02:26,2018-02-09 12:11:06,2018-02-09 20:52:25,2018-02-28 16:38:47,2018-03-09,cc2b5dc7472de6311802d34e484616ce,2018-02-09
78ed13dc9c5f51a880ae17567451dc74,c1213f08baad6169d988b64cc7da1f97,delivered,2018-01-16 12:50:50,2018-01-17 12:50:06,2018-01-25 22:25:33,2018-02-02 20:29:07,2018-03-07,cc32024f7a51acfe7272b1165f76694f,2018-01-16
a13562e9c4b0eb8e6ae0946073b213f8,135e503efe2b8d5fdf89541557c5aa37,delivered,2017-06-14 13:59:35,2017-06-17 03:46:10,2017-06-22 12:44:00,2017-06-23 11:22:15,2017-07-13,ae4b37b37bb22e37fe34ada808837207,2017-06-14
2447371e2d56b6efd605d73aff766657,214ce9e02ac216cd4635b77c9f8e2fa9,delivered,2017-11-07 11:37:18,2017-11-09 08:26:17,2017-11-10 20:07:41,2017-12-13 18:48:37,2017-12-11,eaa475564576403a32ab075f36755a11,2017-11-07
3c8ac84fe0d090d76cb65e2db3bdefbf,2accf81d596636b3992c483970215df5,delivered,2017-11-12 12:33:00,2017-11-14 12:50:29,2017-11-16 20:48:45,2017-11-22 21:34:42,2017-12-04,8b40beacd6dbd71939f080775399202a,2017-11-12
ec75a563a9c1e88a534f34f1280b0c8b,fecfd9ec343c6f14772632fd353af15c,delivered,2017-07-16 23:57:02,2017-07-18 06:05:39,2017-07-19 11:46:44,2017-07-25 22:39:42,2017-08-14,f87108f2ff59f6cbc898ca230483c0ab,2017-07-16
c606b6bf8e4f7fd3289dae004615ded4,59a1219ee5697cdabb24d96feb977fb6,delivered,2018-08-07 19:57:46,2018-08-07 20:10:19,2018-08-08 14:44:00,2018-08-15 22:20:56,2018-09-03,a1f13fd52fb60cb41779fe29fa1770bb,2018-08-07
ab61bc2f1cfb5d35ddec00c374c09970,7961bd238ef76f1e6defc5e33bc9457d,delivered,2017-11-13 09:06:38,2017-11-13 09:15:33,2017-11-16 14:49:44,2017-12-11 18:37:39,2017-12-13,93a386b56c54ef42f135b662b07c52d2,2017-11-13
003a94f778ef8cfd50247c8c1b582257,da108bc410acffb1400cf9caea65a332,delivered,2018-08-03 14:52:31,2018-08-03 15:05:14,2018-08-06 14:12:00,2018-08-24 00:18:38,2018-08-15,ffec490ab531184a483efe2eedd68908,2018-08-03
854188fefe5ebe57606ffc9cbd963d93,63f4197fc4ab9986a9d1a9af4f313974,delivered,2018-03-08 09:24:34,2018-03-09 02:35:24,2018-03-12 16:28:40,2018-03-20 19:32:48,2018-04-03,64d780f7ac2fe2f5b199a6c53aef8c3c,2018-03-08
81539e7eb97d9fba708603ac8f00b6c9,d8c691db81a5838b59f3bd3ae93e5291,delivered,2018-04-30 11:29:36,2018-04-30 11:51:15,2018-05-03 12:16:00,2018-05-14 17:36:51,2018-05-18,eb9829b9e4003dcb7ffe5a6fb98682a1,2018-04-30
c99bf9bf2c26094ff4786e6bf919d14c,50e215d0a467bdcbe63fe427bcff8698,delivered,2018-07-25 14:51:37,2018-07-26 09:04:34,2018-08-02 12:08:00,2018-08-08 14:41:46,2018-08-20,18721874fc1a8af5a28e2e8525ec39ef,2018-07-25
b7d132ccaa4a7e53c9fb25ff9979fc35,4b9a9a8f782e51945f239d38303a0d5a,delivered,2018-08-02 12:05:57,2018-08-02 13:04:18,2018-08-03 14:14:00,2018-08-09 23:26:42,2018-08-22,2c45ab66a3dae52960147e76a35740ff,2018-08-02
53525abf5054043e8c142bcb76170605,0df33b409cd66353c380327afa092214,delivered,2018-05-26 16:06:49,2018-05-26 16:30:27,2018-05-28 15:26:00,2018-06-01 19:48:41,2018-06-20,e0c0d5effad490cf343fde6151092cd4,2018-05-26
c7aa0d557dc01880717bbcce8c72640e,cc492e0bf69baaceb9f1e1d432e63960,delivered,2017-11-05 16:14:34,2017-11-05 16:26:44,2017-11-08 20:28:48,2017-11-20 22:48:45,2017-12-06,073667f98c8956621ffdacb34d7ab922,2017-11-05
cd9a4a2f34981d431266156f950ce0ef,1a29814ab6e4206da679cab75575ccaf,delivered,2018-06-07 13:36:53,2018-06-07 13:57:30,2018-06-22 08:34:00,2018-06-28 11:12:46,2018-07-04,c42ab3969c0cb96ddb2a59e979e4f565,2018-06-07
de8d4b40800d2483074fe491bd25aed4,95b0cd118d1f2dea54bdd21f996daf24,delivered,2018-03-29 17:39:12,2018-03-29 17:50:12,2018-04-02 15:37:22,2018-04-05 20:19:05,2018-05-03,9986f84c4435413d786144313d73f8af,2018-03-29
1a561b1e30fd914ae3cf3f82bf41d02b,81a3e7cd170e78eb9298e035f5afbcba,delivered,2018-08-15 15:39:22,2018-08-15 15:50:33,2018-08-16 14:42:00,2018-08-20 21:58:39,2018-08-29,982cd72d36a006db9ea1001555fc5f8a,2018-08-15
5feeb22d03c193159f3e223c2a87e745,f73609d2a35c0eb14e3918d3eaf41ae4,delivered,2018-07-09 19:44:31,2018-07-09 19:55:24,2018-07-10 12:22:00,2018-07-11 16:28:30,2018-07-18,d561fb71825e21332be5e1ddbfb5d876,2018-07-09
4d605dc9c5436f936edfd77a5c410297,c98fb088d7f8d69689e87c26a87b17ae,delivered,2018-05-15 10:56:29,2018-05-16 10:54:13,2018-05-17 09:34:00,2018-05-22 20:26:54,2018-06-04,c2f5323dc4aea780c9b4a1ac677cfcf9,2018-05-15
ca70cf8792727da384ba1b6e384cfbf6,2a0fac767e1db2a693c798963e7a597a,delivered,2018-06-07 22:42:55,2018-06-07 23:13:56,2018-06-20 14:09:00,2018-06-25 21:42:28,2018-07-27,2f2f4b5a5700a5b108e6da7f0f5f5bb3,2018-06-07
2a66d384322fe0cce57c8083d687a79e,1abb0c19ec88e40555c8ee5ba6f2a102,delivered,2018-07-05 21:27:24,2018-07-06 21:30:56,2018-07-10 15:42:00,2018-07-23 22:33:44,2018-07-31,b57bae12fea3467502bf32351c47144b,2018-07-05
e062a8654d4b657cdf2b673c0b2bac8d,4e1407992163f99771bf7b645a948473,shipped,2017-07-03 21:34:43,2017-07-04 21:25:19,2017-07-05 14:59:41,,2017-07-25,9377b864e58027ffbdebe52b74277700,2017-07-03
e85e15e26534991f32622474410df797,88d59b96701be9dcff55c631576534e5,delivered,2017-05-15 23:58:39,2017-05-16 01:02:33,2017-05-16 10:50:26,2017-05-22 08:35:59,2017-06-06,1d2da44e4cd0a30cc3ce425dd3e1f4ea,2017-05-15
c1deab56eafcb4bec7703bbe7bd25137,e79dc41727a1e98c2f8f042a432b6ead,delivered,2018-07-19 09:36:34,2018-07-19 09:45:16,2018-07-19 11:23:00,2018-07-25 13:56:45,2018-08-06,f2ae19a9a217f8712d77f9c7e9b03c9c,2018-07-19
7653f0e54956ba6711e889c7556220d8,d56e7f4b619c4e92bb318fb9543d0015,delivered,2017-10-18 16:19:20,2017-10-18 16:36:09,2017-10-19 15:23:08,2017-10-24 13:17:15,2017-11-06,6f9ccc871de33fc551226cc2cd563e53,2017-10-18
c98b0fbac2717f072d5089e8af088304,1c1e931635c21508c29086be9de9aada,delivered,2016-10-08 18:45:34,2016-10-09 13:57:01,2016-10-13 13:57:02,2016-10-16 14:57:02,2016-11-30,87b3f231705783eb2217e25851c0a45d,2016-10-08
1775d08d5bb17403e4aa021b892af4fd,866d7bc09758ce96d446bd607aef45cd,delivered,2018-05-10 15:52:03,2018-05-10 16:20:45,2018-05-11 09:19:00,2018-05-16 16:18:57,2018-05-29,8cb57fcad33d427afaa5237eb68724ae,2018-05-10
4b0643d86789f4338499288433e36b70,72a06cb6380fb74e2ad5c3ec0347304b,delivered,2018-06-11 17:02:49,2018-06-11 17:38:22,2018-06-14 14:28:00,2018-06-29 18:34:31,2018-07-18,0c257341aa7ac67855772c6d70386a7b,2018-06-11
6700e629f418ddeb79399ea782299e0b,e288e444e861a640a1180abf998c44a6,delivered,2018-01-18 14:10:18,2018-01-19 02:37:29,2018-01-24 18:54:19,2018-02-02 22:22:19,2018-02-22,83b325d5df01a4e34241e960db8582b7,2018-01-18
3cf431b2cfa1f67ed4e516f923cab5be,d8c55c7422664ef325ce902ff97c6221,delivered,2018-03-02 11:30:07,2018-03-03 13:31:01,2018-03-06 23:33:05,2018-03-13 17:18:58,2018-03-26,bf3f9d826b9abad39d3a9b2032282282,2018-03-02
466956eafdf33e09b80a44e188ceb5b9,ac5fff54784cd57c4f30e4e90639c8a3,delivered,2018-02-06 13:38:06,2018-02-06 14:15:45,2018-02-09 15:22:28,2018-02-11 16:32:42,2018-03-05,d6053d8ba181f35cbb7005ba5bcfe005,2018-02-06
b88def55d8e39ea8afc287fe308871ac,a68b8b4011c3d0f373a80920fef871c3,delivered,2017-11-24 12:59:09,2017-11-24 15:13:54,2017-11-27 18:28:57,2017-12-19 17:09:59,2017-12-21,d94dab26e089829c1fa1a9fbbe18e1b8,2017-11-24
3c874b19a0eb27d93a473e03468d44b2,d99a90ad206e0b575ecbe91bf65b4c1c,delivered,2018-01-17 15:34:28,2018-01-18 15:36:25,2018-01-22 14:38:22,2018-01-29 21:45:08,2018-02-07,a4833859eea9655b25da7fdb1c55e946,2018-01-17
cf8599929a878b1cd1ef7844dbf4d7f2,bc325f6a16500a6eb5ac8d20ef1290ce,delivered,2017-02-26 20:16:47,2017-03-02 03:45:12,2017-03-08 01:17:48,2017-03-10 04:34:17,2017-03-20,738b1b04a2a76c384c01706519d0338f,2017-02-26
99f1b8c7375ffb25df3f411e1268cd7f,b4f631cfec661a9c707a64ec7cb0c9ee,delivered,2018-05-07 21:24:38,2018-05-07 21:35:28,2018-05-09 12:39:00,2018-05-19 00:12:31,2018-05-28,c563cc0d1514b8f7fa9b4a40f158fca0,2018-05-07
a5ea4a54db4df8ed51c9044097d480ea,2519617f72eb156b405fdefb65641ca1,delivered,2017-07-01 23:17:58,2017-07-03 13:05:14,2017-07-04 14:51:49,2017-07-26 19:25:44,2017-08-04,42c8ccbe558d063718d19cff01505af9,2017-07-01
3f66951bb45f5371d8127bb5147f6aba,43b55482f2fcf1aa507f493fa60ad3d2,delivered,2017-03-12 18:57:31,2017-03-12 18:57:31,2017-03-17 15:04:16,2017-03-21 15:14:28,2017-04-06,9cf5e99801fa1841630de46050cb0444,2017-03-12
0ae3b855f8b744f0999f8dd01e3598f0,98fc2f89ab49b52794051074ef9fd395,delivered,2017-08-01 15:14:09,2017-08-01 15:35:26,2017-08-03 21:32:46,2017-08-10 18:27:39,2017-09-04,24e3344693790428aba18ad6c71d0c4c,2017-08-01
f309544e0fa881330c466bff31564da2,e3955fa3e47f671daee67a0d145e119e,delivered,2017-03-11 13:53:27,2017-03-11 13:53:27,2017-03-13 14:52:07,2017-03-17 11:06:56,2017-04-05,56b8bce3a1cdfd951580e8e6b2e6500e,2017-03-11
a4a234174a4aa5d0d13f339d9308c4ec,aa14097868008504a3c5304dbbd71f9c,delivered,2018-08-17 12:58:36,2018-08-17 14:27:18,2018-08-20 14:11:00,2018-08-27 17:34:44,2018-09-21,1eab1aa8050d859f30b03df0f9b01f9a,2018-08-17
d0b00b87c4e240a8c84a2cf01548439f,3723c0426e228af1f40c3a81174547db,delivered,2018-02-10 18:28:45,2018-02-10 18:48:19,2018-02-17 03:58:57,2018-02-22 16:29:03,2018-03-06,b9c71fd30c35c2a66c91e93427716331,2018-02-10
69cb0d195f5c4d7f9d4a13bfb8d65600,0af59dbe6e966baed8513b1093e7228b,delivered,2018-06-07 18:01:09,2018-06-07 18:17:35,2018-06-09 08:32:00,2018-06-13 21:48:50,2018-06-26,c22839cc7d259c8d7f0bc03ba5f04cc6,2018-06-07
fe11b81a5e03910e810cd1d5381f24bf,0b8d2ad15128237bd3cd846b803da9b0,delivered,2018-06-08 20:44:23,2018-06-12 05:36:47,2018-06-12 10:47:00,2018-06-15 15:14:51,2018-06-26,3271b77a88ee13b0e8d040305b166d32,2018-06-08
b2ab1e0470beda1aac2094a2ff9d5bd8,27bd319dc286f46206b0339c28d3161a,delivered,2017-08-14 21:32:38,2017-08-14 22:25:14,2017-08-15 17:50:06,2017-08-18 18:13:34,2017-09-08,8f54249e9c36425f402120270ac3d6f7,2017-08-14
86dfa937c43f021fdd93264d20c8537b,28f3fc31aefbcec77fb558bfc2f91e61,delivered,2017-09-07 18:04:41,2017-09-09 05:04:13,2017-09-11 16:56:00,2017-09-21 14:50:35,2017-10-13,111c2314ec13d3392af1fc5fd7e8786c,2017-09-07
5ba66d346be6e2116fed589d3d644346,4f3f2731dffc6342c607559b905e4201,delivered,2018-05-07 09:22:57,2018-05-07 16:55:58,2018-05-09 15:48:00,2018-05-14 16:57:36,2018-05-25,2e6c58967cb1678e41d2e3a66ebd18d9,2018-05-07
a79c3cd45ec537f2601568523049fde2,168a7c55addb68d11de8cb6f86ea367c,delivered,2018-02-08 23:12:48,2018-02-08 23:27:32,2018-02-10 04:16:42,2018-02-19 21:13:05,2018-03-09,71b71c97b37738b944c5bb0902c1a644,2018-02-08
78d197a2bfdde2a4c64cf3e58ab2b7a3,969b677e0624a27d4166d9a7364d9025,delivered,2018-07-14 19:11:38,2018-07-17 04:31:40,2018-07-18 14:20:00,2018-07-26 15:06:35,2018-08-06,2d4742e0beef8a8403d3e526054180e1,2018-07-14
70cd45f4715c8840b197efee2b9d533c,af990140f8d86900f33c6d996b9eeae4,delivered,2017-10-31 23:50:58,2017-11-01 00:05:57,2017-11-09 20:31:53,2017-11-30 19:26:43,2017-12-04,2547283317d281985564ea23e6fd0ffd,2017-10-31
24b5077ff1a5cfb489ffaf2a6ae71f43,93abd65e3064ef2fbaeef2759ad93c0b,delivered,2017-06-05 18:35:59,2017-06-05 18:50:08,2017-06-06 16:30:37,2017-06-12 13:22:17,2017-06-26,0a8c96ffbf539720d99189266055241e,2017-06-05
253de8d00f833d7d4d6d002025a8d5fa,52d8b6135686c07f3eb37641f6c8d4c8,delivered,2018-04-17 09:08:11,2018-04-17 09:31:25,2018-04-19 19:36:45,2018-04-24 01:08:50,2018-05-11,c613a4faa02528386e21ca5f8ceaaf4f,2018-04-17
8a9da308d726841021141d81dea615b1,7c27da568f6235869ce339a08727f125,delivered,2017-09-15 20:04:28,2017-09-18 06:30:11,2017-09-19 20:02:17,2017-09-29 15:33:25,2017-09-27,744b0c574fb3cab97f70727ff3b177fb,2017-09-15
037f6ef7fcfd0d80ea84dbe396972f6d,54fef4bb475376e95000143add7a1557,delivered,2018-04-23 16:43:10,2018-04-24 20:10:14,2018-04-25 14:43:00,2018-04-26 21:51:30,2018-05-10,0206671ca1e6cea41033a21774bef222,2018-04-23
96fac65dca5efca83efce7194c1b8605,9fd7e69beedc256a8c3e26435e9bdd44,delivered,2018-07-25 15:27:04,2018-07-27 04:05:17,2018-07-27 13:49:00,2018-08-01 20:16:47,2018-08-16,da4f77b9b9e3e0327244f0c62f33a572,2018-07-25
c825eaa2f80be1f3ff71347c814051b5,e5909576bb25ddaa6b7b67653bcf40db,delivered,2017-05-28 11:08:07,2017-05-28 11:15:13,2017-05-29 15:43:21,2017-06-01 15:53:16,2017-06-21,ac231820c5a46d9016d565722d348b52,2017-05-28
30fb68ec9b460ddad4e36bf5b4c457e4,a5f34beea57219eee3220430d5f2f9ba,delivered,2017-10-25 15:08:44,2017-10-25 15:34:20,2017-10-26 18:33:29,2017-11-04 17:42:01,2017-11-23,f18202c36547054e660a5bbf648ed749,2017-10-25
b85b4d3eb7887ec7b9479e2f45362dc6,802b04a8ed4c7b303d6d5277ae02b2b0,delivered,2017-07-13 00:06:19,2017-07-13 00:23:26,2017-07-18 12:19:52,2017-08-01 18:14:29,2017-08-14,7dff45aa5970ec6fb93ef8bce6e4ac1f,2017-07-13
5ee4ad936c8a4d0211809cf29b3fafc8,38b7eca3d9bc7ba86bf6e9765db0783c,delivered,2018-03-05 15:05:51,2018-03-05 16:15:40,2018-03-06 23:29:46,2018-03-09 19:38:41,2018-03-15,96a35e9dd5d9496820a8498a4bba0b99,2018-03-05
ce716318c763d03347f07a20bf57d4f2,0312f2cc870e861cac88a34c9ca5f21f,delivered,2018-03-12 11:18:32,2018-03-12 11:49:02,2018-03-12 22:31:34,2018-03-20 16:08:38,2018-04-06,5595fb3aa8c496ff254d154b263e80cd,2018-03-12
67e38e175cf79b1600eab312aec838c0,605645fcbab47e76cb9f4b7432a0ece8,delivered,2018-04-02 20:45:17,2018-04-02 21:09:22,2018-04-03 18:35:36,2018-04-11 20:21:46,2018-04-19,948b8eb5aaf9d77f4ad5e36512117741,2018-04-02
ab4bf25a305b9f6d8355117286100d67,83a2f4f3aa8d4d67689541c5d5ab20c8,delivered,2018-02-26 13:56:04,2018-02-26 14:11:22,2018-02-27 18:12:59,2018-03-05 19:10:08,2018-03-16,1ea501a1e16bfe5955a10cffaf56a249,2018-02-26
50ed3915a15313618b11ab959726de8c,588e867141b52512293f6fc59ec00bf0,delivered,2017-11-21 20:41:25,2017-11-23 02:50:21,2017-11-24 22:21:17,2017-12-27 21:46:56,2018-01-03,03d7a7f43531de3c78653ac8e9c55653,2017-11-21
c10dafc6c705859588b0d1e62a49ddba,f0e434e9cf3e503c26360844e2040253,delivered,2018-05-21 13:46:52,2018-05-21 16:14:41,2018-05-22 13:36:00,2018-06-08 20:14:42,2018-06-13,5a1ee658924a3bf143ec23e666469efb,2018-05-21
f084543786418b1f552673e4c213632e,ffb0ffdb00e2e0b31c423577db3520eb,delivered,2017-09-01 00:49:12,2017-09-01 01:24:50,2017-09-06 21:26:37,2017-09-16 15:03:55,2017-10-03,3ccc59a10bd8a1eb4613a41f34aeef5b,2017-09-01
cf008a8ccb8f6eafc66de884e6bc2728,bf27f44f034f1f93a72da324644c364a,delivered,2018-07-29 10:00:52,2018-07-29 10:15:11,2018-07-30 15:07:00,2018-08-03 14:32:48,2018-08-20,8aae2f3fde12cb89d92051ea937d4793,2018-07-29
2927b6be262c5528b8135e5d330c00f9,001051abfcfdbed9f87b4266213a5df1,delivered,2018-05-30 09:19:31,2018-05-30 09:34:59,2018-05-30 14:10:00,2018-06-04 19:08:54,2018-07-04,4ea5df5937187bd3176aee08d4782104,2018-05-30
70915618c90bd351320a2880ab6e7d6e,3385a55d489032a43d381a9312eaac50,delivered,2018-07-23 21:47:34,2018-07-24 10:32:10,2018-07-24 13:05:00,2018-07-27 18:45:26,2018-08-09,054608e7e7497b9bf5bf78be88820822,2018-07-23
6fd02c57bbfd14c7ccd7d01f408f1058,94e3118c33c6c87d5b4935c8c378f9b1,delivered,2018-04-06 14:58:21,2018-04-06 15:09:46,2018-04-11 20:38:43,2018-04-18 20:03:26,2018-05-23,73208dfcc1321a06b4360d43c03801eb,2018-04-06
f79d45437fabc8818adfc625ba9bf526,3f3dc918ca51ae7bc670633e137bd0bd,delivered,2017-02-22 16:41:49,2017-02-22 16:50:13,2017-03-01 15:28:12,2017-03-06 17:42:16,2017-03-23,1307b5c4450715b5cadc9159e592ffe0,2017-02-22
ddebbbff46c170583ad0c76fcf152e99,6432b1823d5690f3a703b14533b9c6c7,delivered,2018-01-25 22:06:25,2018-01-25 22:18:03,2018-01-26 22:42:49,2018-02-01 23:29:04,2018-02-19,52d72eb3fe4a891ea96ea1d1df1bb094,2018-01-25
85eaa27aacbad988234b742f85ca7cd3,4f6b63ab9179d2cae7d2b9be48c33271,delivered,2018-05-24 12:41:49,2018-05-24 12:59:30,2018-05-30 14:58:00,2018-06-11 15:17:39,2018-07-11,8a8a3b96590da699865fa7e07e0e08ff,2018-05-24
e804ad37d90d9c32dc3ae61e90a06345,eb18d64ac5fd600895682f2c78731b4d,unavailable,2017-12-06 19:30:43,2017-12-06 19:38:24,,,2018-01-02,bd07a7b3f902d6f2cfb02eb03fec8372,2017-12-06
71e378d732b6816d87b711bd2911b854,1ac1430bcebe7977df7bab47cb4227ee,delivered,2017-12-11 20:51:16,2017-12-11 21:12:15,2017-12-12 17:41:55,2018-01-03 16:17:24,2018-01-18,62835961b5e5818d95881cb904d9fcf3,2017-12-11
a7b2dea846384ba7e7e9577dc8c5bd54,d328db02118a12b17f88ad604241130f,delivered,2017-11-21 14:15:21,2017-11-21 14:51:22,2017-11-22 22:11:29,2017-11-28 13:53:26,2017-12-01,df023209e19ababe47c09e3c89506b3e,2017-11-21
0a6941f89f53dc1f622f877b23601ed7,b4051bb7f29ee4b588846c865187bd9f,delivered,2018-06-03 10:45:31,2018-06-03 10:55:20,2018-06-04 11:17:00,2018-06-08 00:38:26,2018-07-23,f982853f2882760f3a52e7bdfabb1080,2018-06-03
680fa5c6b4ff5efa74b9ee8c95638ac2,e0dd320157a7f8f023cdf6a7b7eeed8e,delivered,2018-08-05 17:53:03,2018-08-05 18:10:10,2018-08-07 06:12:00,2018-08-09 01:03:02,2018-08-17,e074efd5612063e4f9d322e3f02c1fed,2018-08-05
8ec9ebffb3172ce7edaf4c7511d41917,0fe716f72e998ef9288404dcb9d3d051,delivered,2018-02-02 07:44:42,2018-02-02 07:55:23,2018-02-08 22:16:38,2018-02-26 17:32:24,2018-03-07,cd7fabbed6374d8d014eed4b87bfa9f5,2018-02-02
13560ce213996d123d92f607e1ed93c7,4b25a602db6555d3fb9b68fa850aa954,delivered,2018-05-02 20:22:11,2018-05-02 20:53:36,2018-05-03 16:38:00,2018-05-18 18:19:41,2018-05-28,0d81930f2b411ac415c14d60d3346340,2018-05-02
e4664080e3689ac85ac132f91bc753db,ad164bb2415b810b37459f95d776725e,shipped,2018-02-22 23:19:01,2018-02-22 23:30:24,2018-02-28 02:17:31,,2018-03-15,0d9656f764f03c45102203213b131c83,2018-02-22
f25bbb036033d9fdbce59f6858f0bcd2,35066f8de10e6dd4bf75b093694e2770,delivered,2017-11-24 21:27:42,2017-11-25 00:16:51,2017-11-27 18:17:02,2017-12-04 19:39:26,2017-12-15,92a9aad1f62f51cd85f4de17953d898a,2017-11-24
b341df7d52419536e264834ea45afd16,b3740f9a5a2e7f17ba184a16b5754d7c,delivered,2018-03-15 21:50:37,2018-03-15 22:09:08,2018-03-16 21:33:13,2018-03-23 18:06:54,2018-04-11,77881798e72ac342a5c253294f0dd724,2018-03-15
ab04e2fd9c9fa0360ff57735b6211f7f,b489662b3e775ff533a1bbd6454e6308,delivered,2017-08-22 02:59:07,2017-08-22 03:10:11,2017-08-25 11:23:00,2017-08-28 21:49:59,2017-09-04,f35b47d4a790459e6d81c85e359cc9dc,2017-08-22
54abf521e33bacc71760b64de5b06e4d,2dc678eee633bd28a1552820a8fa6b26,delivered,2017-10-18 08:46:18,2017-10-18 08:56:29,2017-10-25 20:22:35,2017-11-03 18:52:14,2017-11-08,5d076f221949d5d83dd93c1a4ad8a483,2017-10-18
52077492551466732827ca46228dcc1e,201a4e49186cd822d3584d9553b76f91,delivered,2018-06-15 10:01:49,2018-06-15 10:18:33,2018-06-15 13:18:00,2018-06-21 16:22:39,2018-07-13,6a38cc86ad059436175fbe22deb24a23,2018-06-15
eabd655acd4b2c89bd505ae21dbeb102,2c668eeb3d8ed0e8ee4f2953cfe7eaf8,delivered,2018-04-26 18:00:35,2018-04-26 18:15:18,2018-04-27 14:43:00,2018-05-04 18:42:21,2018-05-17,8aaf91dd432b5099088be2cd4696064b,2018-04-26
05cece27facc8007b2952d0b5bbfe9d6,8eb45c23e35fbd73046416ab84202f3c,delivered,2018-01-26 14:09:20,2018-01-26 14:22:18,2018-01-30 14:25:04,2018-02-08 16:12:43,2018-02-22,75d82b28131f1ba46370b70141b7e222,2018-01-26
d24e85d6039de97467e1ed73a04923ac,83be94afeff12a086027a0b050704a5e,delivered,2017-02-16 14:28:23,2017-02-16 14:43:12,2017-02-20 10:53:55,2017-03-01 09:29:02,2017-03-15,7ba5ab975c54be79464d74a8c03b5723,2017-02-16
95ab576c40cc5e27afe26b35bf6198eb,e9418d322fe41c3c08925015ef03d222,delivered,2018-06-23 15:07:26,2018-06-23 15:38:44,2018-06-26 14:13:00,2018-07-09 15:18:50,2018-07-23,ae0467368e3026737845181a3d85e64b,2018-06-23
7bfa5cf288b9dab1fe987fdde74c14fd,7dd5baf5ba6884882bc08f0f35384644,delivered,2018-08-17 10:10:31,2018-08-17 10:29:13,2018-08-17 14:48:00,2018-08-20 21:15:39,2018-09-19,b2c6414f2d15d0d0904379c6f8ec4ccd,2018-08-17
cfeb3afaa54f31d14c4d9a8107717ad8,abc6a537ee9498af3b3e1b59ce2b2ea3,delivered,2017-12-05 06:32:23,2017-12-05 10:42:08,2017-12-06 20:41:29,2017-12-08 02:04:15,2017-12-21,488f279db9261a5c5c3b765f9cb95ef6,2017-12-05
b7929f710c765a64dc5d82076a7fe109,dd817c1e02e5874210801e57943e5edb,delivered,2017-06-23 14:27:13,2017-06-23 14:35:19,2017-06-26 14:22:31,2017-07-04 15:21:50,2017-07-18,9bda9b42cac661d3c6130913864e2235,2017-06-23
12589c257a3c1fbe98b76eae91008b19,3697b69352f809fff563b921d4b3ab38,delivered,2017-08-16 11:06:19,2017-08-16 11:35:21,2017-08-16 17:49:47,2017-08-24 20:13:21,2017-09-20,be453eb65af685feee10e4edba44a999,2017-08-16
5f0b8b7a4106112072d89904b2d237e1,f65cc2c11569e99a7e7b9abe01831594,delivered,2018-03-05 20:01:17,2018-03-07 02:49:04,2018-03-08 19:56:22,2018-04-04 19:34:30,2018-03-23,e16cf9d9a6e91c62d8d1d8116c7c000d,2018-03-05
984fa77b154dff230f52eb3a26b75ede,b2e56d958563791a6cd9030d201f9cb3,delivered,2017-09-28 08:26:10,2017-09-28 08:49:17,2017-09-28 19:08:19,2017-10-09 20:12:40,2017-10-27,7bcc69e449e236c705d55ed7a99d443b,2017-09-28
385c8818107c6b6121324f1498d0c64e,034662fc1c391b6a886dae99c70b3c0b,delivered,2018-04-26 15:48:11,2018-04-26 17:10:14,2018-04-27 06:50:00,2018-05-07 16:13:04,2018-05-18,2d1f8906e5b14774bf8b2dce27b1a998,2018-04-26
88f4847c75e52df56f47047103f4697d,9e275200117e662219ddfe417c986f6e,delivered,2017-12-13 06:59:57,2017-12-13 07:09:24,2017-12-13 19:22:16,2017-12-29 19:48:57,2018-01-16,0137839e600d4edd0949a8ce7c171164,2017-12-13
62ba4fa6bee7a583369ff4aa2dc3131e,5b2ccd42be24b2334c61a8cbbecc2f3b,delivered,2018-02-20 08:15:46,2018-02-21 06:10:26,2018-02-21 20:16:55,2018-02-27 19:47:06,2018-03-12,f90ff704014ff1d6f69373271c6f9e27,2018-02-20
eb2bbf81f167ac5783bd05c392f320ae,a4e587bca4d55fd1731b6669f531700e,delivered,2018-03-21 20:47:59,2018-03-21 21:08:36,2018-03-22 19:41:46,2018-04-09 15:36:40,2018-04-13,3ebc25aaac431ad4d0969fde2ee98409,2018-03-21
a20191650d84d1d59f72139a87207a3b,94c1a60de2eed5c304c731a6ec674387,canceled,2018-01-22 17:10:19,2018-01-22 17:19:21,,,2018-03-14,013f66477aa3210eb05fec3fa184de33,2018-01-22
6fc8cd5f4cfbea0b694434a10475fd6f,b56f0c76d060167be49b4f8208576cca,delivered,2017-08-17 12:55:47,2017-08-18 13:05:17,2017-08-21 18:24:48,2017-08-25 20:57:36,2017-09-15,001926cef41060fae572e2e7b30bd2a4,2017-08-17
04711aafa1156335ba1ea7f6f7b7daef,fac293f9f6919969f4172b0bd1dc3c42,delivered,2017-11-05 22:04:34,2017-11-07 07:30:33,2017-11-07 21:46:51,2017-11-16 15:58:25,2017-11-29,5c555b5e0d044f377f7da3011ba0655a,2017-11-05
ae125b80547d3ba1360e23d720f43e8f,43fe60e7ba431636df6e1c7414c2b17b,delivered,2017-11-24 09:55:38,2017-11-24 11:16:00,2017-11-29 20:58:33,2017-12-05 21:47:05,2017-12-14,b40aae4ef6c95ad5d15cb87bb02da078,2017-11-24
6806dc6f7899a6add6dddd2c61ccf8b0,96679434c6a876d506bec9d1d1dda7b4,delivered,2018-02-22 12:48:14,2018-02-22 13:08:03,2018-02-26 17:53:03,2018-03-13 15:41:32,2018-03-22,423500539ef60c7c8501710b424c9d65,2018-02-22
c86653fc19a4c3bf738d4d94e59008b3,a8b8f3c610495ac2e75f9089d8b477e0,delivered,2017-07-25 16:09:26,2017-07-27 10:50:12,2017-07-27 18:51:54,2017-08-07 17:07:56,2017-08-07,2e94556d001d5f752df9b5be1e8af4aa,2017-07-25
bc659b259306be889d0321cb368b7cdc,ca7f53448a3e7c9fe86f2aff9932a39b,delivered,2018-03-28 07:34:42,2018-03-29 07:35:13,2018-03-29 23:05:42,2018-04-27 14:12:13,2018-04-30,2916bd8e85f36c1dd261f1d308f7fa3b,2018-03-28
5aac76cf7b07dd06fa4d50bf461d2f40,7a8a02e54cf3472df427e927f8b9c046,canceled,2018-09-25 11:59:18,,,,2018-10-11,9c3af16efacb7aa06aa3bc674556c5d6,2018-09-25
5c673b6f0d8e4e50fabaf4428fd2f944,e0d3183e8ff8cac00ec77df643595074,delivered,2017-12-06 13:05:37,2017-12-07 03:16:15,2017-12-13 19:16:44,2018-01-09 12:04:56,2017-12-29,8b9ee57383e4edd6ecc5731a65a69978,2017-12-06
5046b5aa838475ca6c22f6b4e2a59783,079ee05d1b96df5828d59f580842027d,delivered,2017-09-17 10:32:28,2017-09-17 11:04:30,2017-09-19 16:38:58,2017-10-06 18:47:32,2017-10-10,916b0b2768870330c6cf3d9128b25180,2017-09-17
7219bbc67d036600cbc65e84abfd581a,9816d0326859ba1eb4e164f69079c447,delivered,2018-01-21 00:42:04,2018-01-22 09:03:32,2018-01-22 20:34:59,2018-02-06 16:08:55,2018-02-15,ecd089b0d574032823af505ff4817513,2018-01-21
c0dc40c9b75544f724446006672844a8,d3201f67ed3163f8e32b6f3ec53fb1e9,delivered,2017-05-23 15:15:15,2017-05-25 02:45:18,2017-05-26 14:31:24,2017-06-02 13:06:01,2017-06-22,d66b7e67578e90444dc383169c5695d8,2017-05-23
c33421c96efacce72747c9208101259c,4c239802ee77c68a42af4eed24eb6e0c,delivered,2018-07-16 10:47:55,2018-07-17 04:31:15,2018-07-25 13:58:00,2018-08-01 13:58:53,2018-08-15,4db35feb997fa1002e0406f2fc271dbb,2018-07-16
15de6843350851629a5466a37d2b3486,edebb8880f0aad0c05946257fe9edcb2,delivered,2017-06-02 19:43:28,2017-06-02 19:55:16,2017-06-06 14:04:44,2017-06-07 15:38:15,2017-06-21,a96b50f7f0b331655a1b2f9f5ea86251,2017-06-02
4065c0062f606b943e2fef1d5454ce80,df94163aaf41dc29d2051c88b9b6aa17,delivered,2018-03-01 10:18:57,2018-03-01 10:35:40,2018-03-02 18:21:53,2018-03-28 01:36:40,2018-03-19,99749d7ee01657cc0faeee7de4fea874,2018-03-01
cc7e03bc8530749e5b107609bb905580,b4c3a256dec5983719c2d4f3481ea9dc,delivered,2018-02-23 17:55:18,2018-02-27 04:31:18,2018-02-28 23:54:36,2018-03-06 19:47:39,2018-03-16,a3dc27d87234f862d7e61a0148c77fa9,2018-02-23
474b7ce14c066d845352314f51725fd4,8a2d6fe16ddcea0cb16b58ae5686586c,delivered,2018-05-07 22:53:02,2018-05-07 23:12:32,2018-05-08 13:06:00,2018-05-09 19:58:53,2018-05-17,a5655b3be974f536935de53cb9ec2795,2018-05-07
e840e5955073ba6b71936b76740014f4,0e2392ff3e56a376f4a3c002af2df0cc,delivered,2018-03-30 21:06:55,2018-03-30 21:27:13,2018-04-03 20:41:40,2018-04-06 21:07:00,2018-04-25,0b75fe22987994d5b014a60398b75215,2018-03-30
8559fd18b5af843c5ee613c3b4b1bb95,a44fcd351dc016bdf79484e2eabf9392,delivered,2018-04-13 17:38:50,2018-04-13 17:52:26,2018-04-16 22:21:57,2018-05-08 16:27:40,2018-05-08,13c5b9a714192b1f388722f8d994e6d0,2018-04-13
85d53ca32c3c845a6c59172061451a2c,e68c529ea854b09379b7753755ec8e88,delivered,2018-04-04 11:51:04,2018-04-04 12:11:37,2018-04-05 23:31:53,2018-04-11 22:31:42,2018-04-26,b38f8934d83e5a2dc7973fce94405009,2018-04-04
db5a21571d549b443f1b502b880e2358,55945e7471c527fc4ff7066baeb8c477,delivered,2017-11-16 22:55:45,2017-11-18 02:35:43,2017-11-20 11:28:50,2017-11-30 19:24:34,2017-12-06,58498d9dec038f925f6406ebdfdc36bb,2017-11-16
b4c86abf900a8e53f4b9622532c87ea4,8be057b6ab98f2f424902ba013556895,delivered,2018-06-21 09:46:27,2018-06-21 10:22:44,2018-06-21 14:21:00,2018-06-23 12:34:25,2018-07-04,d509a3eca56901f588537449fccbdcc7,2018-06-21
46dc90c294321a6e0bc324c6d9522927,0968544cfbeb92285311bbdda670509f,delivered,2018-02-25 15:58:55,2018-02-25 16:10:23,2018-02-26 20:44:55,2018-03-06 16:06:30,2018-03-16,09319cf17ae35ad6d3d24ceb287381b6,2018-02-25
e406b65a510b2724b055573a680435b2,c73864e8242fb1fffea38e5215960104,delivered,2017-05-29 09:45:47,2017-05-29 09:55:14,2017-05-29 14:40:54,2017-06-01 14:43:54,2017-06-19,c8494ca706f70318c49ac73f0d3fa1ea,2017-05-29
044496e055fca9c2f17e1309e77a48b6,9d31491a1bcaf9849aaf5459d56971d6,delivered,2017-09-13 07:59:23,2017-09-13 08:10:07,2017-09-13 20:32:46,2017-09-18 22:42:30,2017-10-11,407a6773db6e845737d04a6e27e653b4,2017-09-13
e11c61aa2d539f826865ea728496f6d4,876382f7dd7c20124a74a1912d5d435e,delivered,2018-08-11 19:20:38,2018-08-14 19:24:15,2018-08-15 11:53:00,2018-08-22 15:58:38,2018-08-24,c838fd26278f9cb8752f1a067d488dc7,2018-08-11
78e7b9229291551de0928e8c4182d3ea,2572b5cd6ac919dcdc36995abb0ac41a,delivered,2017-04-25 20:45:29,2017-04-25 21:02:24,2017-04-27 08:06:30,2017-05-04 08:12:06,2017-05-16,c6b9c99e610da744b689d8f546c33acc,2017-04-25
1e7f171b11eff2ba0ffbf95130c2f18a,4d13014c8bb7cd5fe2d9df4ce2a2d200,delivered,2017-07-28 14:08:37,2017-07-28 14:23:51,2017-07-31 16:16:13,2017-08-03 18:23:30,2017-08-10,b13d30b775be852b487f71adb7092a31,2017-07-28
6e1ea408fa8ccf55cee9c6707e5584bf,8a80d1c0dbab66ff29910823054684f0,delivered,2017-05-17 15:56:53,2017-05-17 16:10:09,2017-05-18 13:29:00,2017-05-23 12:24:43,2017-06-08,9c87764348ee1c365463b3729b240d0e,2017-05-17
343146b92daf167255eed8e706a25d2d,fa087a55fc5440e1c1d55438c2cf7890,delivered,2017-07-10 22:08:53,2017-07-10 22:23:29,2017-07-12 19:57:56,2017-07-17 14:58:06,2017-07-28,914109f0341b3d9ef93293a76c1fb5c2,2017-07-10
4c6151d7e5a304ab49f1ef2d76d8a30f,5518e8c318dc100b490ab78cfd249c71,delivered,2018-01-15 11:25:31,2018-01-16 03:50:57,2018-01-17 22:28:42,2018-01-26 11:13:22,2018-02-07,912f312f5067be7ba38d1d512483fec6,2018-01-15
95b5a24a57e2b8bd97b2998acb594d53,e0d310f4721fef7575c5ec725b2e9b94,delivered,2018-04-19 13:26:10,2018-04-19 14:30:56,2018-04-20 19:07:47,2018-04-27 19:51:59,2018-05-15,60c4e227188b9d31f8ae9a995f7f1f6a,2018-04-19
0e8a52f34b055d2027ea7807c20119c4,eb842a4e3f013cd22643e02100ed430b,delivered,2018-07-31 20:25:18,2018-07-31 20:44:20,2018-08-01 13:04:00,2018-08-06 16:28:55,2018-08-09,ba1792aceee33193d8fe49722f7c9416,2018-07-31
c5dd7d8ff84739ecc6526d97ee22f784,d5ef627c0311f0bf2fe4488c8922d438,delivered,2017-02-07 15:46:54,2017-02-07 15:55:20,2017-02-08 16:14:06,2017-02-13 19:42:18,2017-03-02,6a5b2a807a2aca962c4badc649cb40b2,2017-02-07
27f80456be871c8bcd250bf61f7684f1,00af1761df71da362764c51bb96f5118,delivered,2017-11-28 18:00:54,2017-11-28 18:16:37,2017-11-29 22:42:17,2017-12-15 20:18:56,2017-12-19,b66facc84d03ec2aabda4c102d9ecb53,2017-11-28
1ae35fdd1e36d167c790179f16cad2e0,55f97f92c63a40b9f9591f26b4e22de1,shipped,2018-01-10 21:54:19,2018-01-10 22:08:35,2018-01-12 10:59:09,,2018-01-31,67e529188d2da2f4f12220e16fe2c371,2018-01-10
defa53bfb8de9da3857ed69277b54d10,7b35de71a17b54fcc4c346901b06e7f9,delivered,2018-02-05 18:10:36,2018-02-05 18:30:04,2018-02-06 17:08:59,2018-03-03 16:51:39,2018-02-21,b201f73880d198e069bbf3f13caed711,2018-02-05
4fece39f33bf2496da17ef4392c6288d,3b07ab4324b9b1f80d87fddefcb9f6de,delivered,2017-05-31 13:07:23,2017-05-31 13:22:57,2017-06-01 14:26:33,2017-06-02 16:03:11,2017-06-13,28a99e0c7728232233e8a83754222ec7,2017-05-31
c5c563437568ad88f8243cda53218d0e,acf1e6076f30d9c7bd8c41937e1d7d9c,delivered,2018-06-08 11:09:25,2018-06-08 11:38:44,2018-06-11 09:51:00,2018-06-14 16:11:33,2018-07-12,ae3e48f07b8242fa45f29dca1ce36a08,2018-06-08
0e958d055789e054bf7483acea302398,79fe689fc7ef8ebf72cfef260273c6ed,delivered,2018-07-02 12:38:01,2018-07-02 12:50:12,2018-07-03 15:01:00,2018-07-09 13:32:21,2018-07-25,81e438197f87918522d6e4aee7ad2104,2018-07-02
bebbbe90253dadf5c7d8dbacfaf446f4,9709ffa24c12b2fb47c3ec2470b16952,delivered,2018-05-14 15:29:32,2018-05-14 15:56:40,2018-05-15 14:42:00,2018-06-04 17:28:51,2018-06-08,c0019b5eb8e0621d40453fb37a7f4ede,2018-05-14
349b3940d239cbc995c0664d87629d93,cba2f0b361c1ab3b0dd3b24a3b9634ac,delivered,2018-06-22 15:52:14,2018-06-23 02:20:24,2018-06-26 08:52:00,2018-07-10 22:03:38,2018-08-03,1602e757a54508584e69af90c5b550f4,2018-06-22
c6dfaf0f0cbfbb5e1f2964e4feb57160,8a6fc2f3ec46301a9bafbbf99b013157,delivered,2018-03-28 19:41:03,2018-03-28 19:55:17,2018-03-29 13:33:41,2018-04-05 18:07:48,2018-04-16,a3cac3cec42d0858278d3e8fff8934d6,2018-03-28
0a9578b7213cdc97d31f2e5b5a359bdf,5584b1ace8b18cc156ce51b989fd2958,delivered,2018-05-01 18:47:44,2018-05-01 19:13:22,2018-05-03 12:28:00,2018-05-10 19:55:18,2018-05-24,b525e356a742ac8d016275a217de225b,2018-05-01
84040a45ab0e33cc43b8c196aad15732,c8b2f7daf091d6fde3a11dd6a866f4f2,delivered,2018-03-16 19:14:37,2018-03-16 19:28:20,2018-03-27 17:17:48,2018-04-04 22:44:38,2018-04-16,5fbdc1b8da4a8dbba53ae0978bd99308,2018-03-16
148ffca6d6b46bd5f71a7b22154baae6,afe2dbbbff26049c1e7ad8538cdf3390,delivered,2017-11-26 00:19:03,2017-11-26 00:33:13,2017-12-04 18:22:12,2017-12-10 14:17:53,2017-12-27,15fef9334fe39b12f15077ebba390f48,2017-11-26
683fd5275f1f6459105a681c65da10c7,63e5624d457e328cb841c981b28ad9c4,delivered,2017-06-17 15:21:29,2017-06-17 15:30:11,2017-06-19 15:27:59,2017-06-28 15:42:52,2017-07-17,82436f2f6b32629877454b5b597a0d10,2017-06-17
329799621fa31033287e1294f418de06,641fdee96e63906c9c52a2e6c8be25d6,delivered,2017-02-02 21:51:29,2017-02-04 02:22:13,2017-02-06 15:07:22,2017-02-20 17:03:31,2017-03-07,ca0d031600484b1ed02510095ca08387,2017-02-02
b19b72e56e6641e94e3858dc4a311b14,ea5eaca6154e1fa057cc5dba702c6eb1,delivered,2018-03-15 19:24:19,2018-03-15 19:35:27,2018-03-16 17:48:59,2018-04-13 16:56:42,2018-04-09,4f67f3ec87b8cac1067150e7bb8a46ed,2018-03-15
178f859d222729f650b08c3c8417f9bb,0e74405d8d09a75bba4ddf3407975a80,delivered,2018-05-08 19:42:14,2018-05-08 20:31:43,2018-05-09 10:42:00,2018-05-11 18:07:43,2018-05-29,7346abb69e5a8e6df3525914dd961213,2018-05-08
7059e298ca1c44f113a32fe9719bc4a4,12c7495c7caabfb836cfdacfb07f8ae8,delivered,2018-07-20 11:02:19,2018-07-20 11:15:15,2018-07-23 09:01:00,2018-07-25 16:46:56,2018-07-30,3b75d1b422a2117edbde3a35b55b8692,2018-07-20
7ddbd32f36eb90946b9a702e43bba8ac,9f39681d922e6f04b06ad5527fdeb0a2,delivered,2017-06-09 22:47:11,2017-06-09 23:03:54,2017-06-13 09:34:17,2017-06-19 20:49:33,2017-06-30,50c585f1c6e34fd6a4cef2b8ca4d6988,2017-06-09
868caab96a9a36b7ef9f89dcbd814e3e,91d2ffeeea8628cb639e91d6a9fbd07c,delivered,2018-05-01 19:38:20,2018-05-01 19:52:56,2018-05-14 15:49:00,2018-05-29 09:54:39,2018-06-01,df8804818ea4d3dc207cf43067d70916,2018-05-01
34ae1a80ab2f660940fbf9a2110f86e4,dd5fe772009b97031b9e497278667f5c,delivered,2017-11-24 00:21:12,2017-11-24 00:56:31,2017-11-25 13:07:16,2017-12-22 20:08:07,2017-12-21,e7445ffa291c70f6e4e68379acc9ee7a,2017-11-24
e1bcc5095d07604629d0bce9477d77a9,b9ed68da40fa3b4f5df462ef5b3438a6,delivered,2018-03-27 10:24:28,2018-03-27 10:35:27,2018-03-28 22:34:32,2018-04-02 13:36:43,2018-04-12,2e617ec9a2d9390cdf72fef2c261e24f,2018-03-27
7c55b41468cbcfb21c9dcd304257b718,b8fc812e855c57f9756b7ec1df9238a1,delivered,2018-08-14 08:12:10,2018-08-14 16:35:27,2018-08-16 13:59:00,2018-09-05 22:48:36,2018-08-28,d53f0b47a239a061ea4d3b304c918559,2018-08-14
ee5e794b783fcf28dc28ff987a6f08b2,da23d4ed5cb0efe5ea22d93e26a0924d,delivered,2018-03-09 07:40:46,2018-03-09 07:50:28,2018-03-09 19:38:48,2018-04-11 15:44:43,2018-04-02,96422a271588a30301163eb01e5b9606,2018-03-09
fa6df59af574aa7767d6b43cc8f64085,1663f57cc456c4be89d92776ebaf5a21,delivered,2018-01-27 19:10:27,2018-01-27 19:19:46,2018-01-31 23:06:09,2018-02-05 14:41:39,2018-02-20,d81cc49c377c18902484872c78803d0d,2018-01-27
8d5ac17806cd132680edc938d69d0359,2dabcfea6e966f05865eb0d80ba6f645,delivered,2018-08-19 08:26:18,2018-08-20 11:30:00,2018-08-21 16:12:00,2018-08-27 18:06:43,2018-08-27,c0fafad7dea770b1727c701f25e02ffe,2018-08-19
4b4a6837149161d336cba6c3816f376e,67e458f934b8c189096941e98a64615d,delivered,2017-03-02 10:19:51,2017-03-02 10:30:12,2017-03-03 13:51:35,2017-03-23 05:37:51,2017-03-23,f455356800cdc93de657d027fd9e1875,2017-03-02
308af2adf367ec45187f929522f6b9ac,6161425cbbafac1081823f055f12cd98,delivered,2018-07-03 19:25:38,2018-07-05 16:33:01,2018-07-04 15:20:00,2018-07-09 15:51:05,2018-08-09,e56ae5b19090825bd377508169abe6e7,2018-07-03
d4546a6eca6dd37e19a290e4b362fe6a,0f26c5869edd055bd3c7660e6220c5b2,delivered,2017-04-30 14:55:01,2017-05-03 11:25:19,2017-05-04 06:03:03,2017-05-09 08:52:02,2017-05-29,6df8fac547b2fef767ce831c7e44755e,2017-04-30
557d6978e67b46040feebb5bf50e62d2,cfeafea7443bbb29bde529a614c77115,delivered,2017-06-10 14:31:18,2017-06-13 06:42:59,2017-06-13 13:28:14,2017-06-16 18:43:38,2017-06-29,276b9549e6b76348904f03e79b76a5cc,2017-06-10
5d6a02cac99fa9799762b72352be69df,57a2aee1d4e57be34da24f7d856db588,delivered,2017-02-05 09:26:52,2017-02-05 09:41:58,2017-02-07 16:19:06,2017-02-15 09:58:43,2017-03-03,5126a6c336684b39a9006bad4b60f9e1,2017-02-05
50d73aae647c6c12616d5bf9e6aee1c2,2f5d191b0d3451ef0e69e182248d6090,delivered,2017-11-21 12:44:23,2017-11-22 03:26:09,2017-11-22 19:58:55,2017-11-29 23:15:45,2017-12-11,aebc1c715aad58419ecb2d919f449127,2017-11-21
50ec90e7d2e95d073208b9bb8010846b,a24ffcf9b1ce65a6f32f6972e9db282d,delivered,2017-10-08 15:03:41,2017-10-10 03:28:26,2017-10-10 19:52:54,2017-10-13 16:37:47,2017-10-25,278afff910f55b5ef2798adeea2d179f,2017-10-08
15054f27c8947786f3ca73a3b74f33ad,343c25401e9d4e099d34e49434b0a6c7,delivered,2017-08-28 13:27:21,2017-08-28 13:44:55,2017-08-28 19:52:28,2017-08-31 22:04:01,2017-09-20,9d56cb9a44aab5792e970c51fc9b3818,2017-08-28
585373fc4f46e52b354d122d73e67fab,ab1261c8d8df84be427a3300c451c9ce,delivered,2017-11-10 20:15:35,2017-11-10 20:30:30,2017-11-13 20:14:52,2017-11-22 19:26:49,2017-12-06,3f9e51fcbc55e13979c880f315f6d12f,2017-11-10
3453f6956295695e0125cf11b651bce7,feda036b332e007a11cb6399f3bbb806,delivered,2017-07-11 11:47:04,2017-07-11 12:10:24,2017-07-12 19:04:01,2017-07-20 17:26:09,2017-08-09,5ad31e19d737a51f803e6986bbd119ff,2017-07-11
674fde036873612fe9ea8e4cff66ead0,7ec9b1194543f84f4ecc13ad66467fc7,delivered,2018-03-26 11:04:33,2018-03-26 11:15:38,2018-03-26 22:34:38,2018-04-06 22:36:50,2018-04-23,ebdd76f07f7c206e430e1a68fa3dbc49,2018-03-26
8f815207602f16cdf25a3fb1858ca6be,5c6aa01a2dd25458cc58481f40a25bc3,delivered,2017-03-31 02:27:06,2017-04-04 05:55:28,2017-04-04 16:19:52,2017-04-10 12:03:28,2017-04-26,b8afa4cad0bdf65ef872d1de79951b1a,2017-03-31
a5c681209e1bcb90066e530c285ce2c5,2d3475236fe57f9f651be1b918bcde00,delivered,2017-12-15 20:42:07,2017-12-15 20:51:36,2017-12-18 19:37:17,2017-12-20 22:46:17,2018-01-04,40f0da18186594032bed8e6d57b32ae4,2017-12-15
1c0f9417f551a547f89b1451b15d1756,ae90d6c9a67541bebe0fb08a9f19b124,delivered,2017-12-20 12:49:44,2017-12-20 12:57:35,2018-01-03 17:37:21,2018-01-03 23:56:50,2018-01-09,848375c11eaf08084706022c3efccf16,2017-12-20
8cd5cbda56cfb7023246adf2b148bb91,fd06cb456e6429bc045f67ef3655d0ee,delivered,2018-07-19 19:29:41,2018-07-19 19:43:20,2018-07-20 12:12:00,2018-07-25 23:08:55,2018-08-06,210e71925511890787a1bbf415645f1b,2018-07-19
08fa8b49ff198d1332df4668087150ed,a45bb6b2defa953b1e4025c6f40532a0,delivered,2018-06-02 13:50:53,2018-06-02 14:12:15,2018-06-06 15:43:00,2018-06-09 17:16:48,2018-07-05,5206a6a64eeb54d092be68b3427f3d92,2018-06-02
d3007af14d2bfce1fbb2875870808b9f,a2fbca2d233e0e5cbcfe95e7545bc6ec,delivered,2017-10-25 18:15:00,2017-10-25 18:29:01,2017-10-27 20:07:58,2017-11-07 17:57:42,2017-11-21,01b84e3fa2897be6eec7fadddb3d56f3,2017-10-25
488e14d5f98e30e2e5aa3fa2e58d058e,0c337f608f8ac9445aba813206134fbc,delivered,2017-11-18 21:03:14,2017-11-18 21:15:47,2017-11-21 18:57:37,2017-12-11 16:59:09,2017-12-12,582a0b0552cc0678f7b96d538250c36d,2017-11-18
d2a94b559b24b1de56f07450701095ff,2aae5c44e64d12944ad4a1f93105151a,delivered,2018-03-20 12:38:26,2018-03-21 02:51:00,2018-03-21 20:03:37,2018-04-13 19:48:39,2018-04-11,43407554aed6fc165b5ab1870a068ec4,2018-03-20
1e2fdbfa655daff7faa277e05f608081,094aac58ed371b7e3af7746d5319cae1,delivered,2017-11-10 19:57:05,2017-11-10 20:10:36,2017-11-11 14:41:37,2017-11-23 23:26:56,2017-12-05,e954aa03317a6b8596c483044de0b168,2017-11-10
d2c879fe9085258d38e3cb17af134189,44f9f8d695b6b897671ffa2cca447e09,delivered,2017-10-23 12:51:42,2017-10-23 13:14:15,2017-10-24 23:03:58,2017-11-06 21:48:35,2017-11-24,4b2d8d001d20bd41b9d1017ede2e1d14,2017-10-23
26abbf5ff43e58c72f83f98b6374ab1b,45b86506b463d521ae4213504874baf6,delivered,2018-08-17 11:46:03,2018-08-18 02:49:53,2018-08-20 10:50:00,2018-08-27 19:43:01,2018-09-13,6412aa74da46cb3373ac10fa00843ea2,2018-08-17
c7ffb347c8b6adfd234f93bf03ee2e2f,ffae76ff9b35ca5bd4458c6f855a3553,delivered,2018-02-27 00:19:11,2018-02-27 01:00:20,2018-02-27 21:48:30,2018-02-28 22:33:50,2018-03-13,f6bde9beb01b518b1ff84d053fb5f0dd,2018-02-27
a3806645f130f5c3caad4397ca9dfc56,84d97064d428f0f8a08ab8b5165e2283,delivered,2018-08-08 19:37:34,2018-08-09 19:10:11,2018-08-13 15:30:00,2018-08-17 15:07:27,2018-08-22,8a289062a27520e4fd128e0065942869,2018-08-08
d2d2b46f15aac179d92c40438fb3a4e6,5ed9935669cb1a6a81a20282f48a5ce6,delivered,2017-07-31 15:26:03,2017-08-02 02:35:54,2017-08-07 19:27:56,2017-08-10 23:10:16,2017-08-18,1ed1f7f1679bee0089061c9db1bd783a,2017-07-31
cd71d69fb5ac89e508686bcecc0818f0,9089a76b103deefa3d0edf02bf06ff7b,delivered,2018-02-26 09:15:59,2018-02-26 09:35:39,2018-02-28 21:39:00,2018-03-16 22:16:21,2018-03-27,0cfbeaf965aa04d78cf4919102d75a48,2018-02-26
9cd142b4697df74bb8f34fd7b5573a51,53ccbaa196330fe88ca8ba987c72891a,delivered,2018-07-18 22:41:57,2018-07-18 22:55:24,2018-07-19 13:26:00,2018-07-23 15:03:54,2018-08-02,06c20fa6b4e085746a55f7329dac36c2,2018-07-18
1fe7ec0247e48fc569547149cfea181d,6dbc94485ef6dbb31227201d25e89c3d,delivered,2018-07-05 17:29:45,2018-07-10 04:35:21,2018-07-11 12:31:00,2018-07-12 22:31:10,2018-07-19,54a18479fb15d894931f1044596ed402,2018-07-05
7fec39266beac625517d8f68a00912eb,66547f7170b98ccdb163928a0f56ed2c,delivered,2017-09-20 19:07:31,2017-09-20 19:15:18,2017-09-21 19:17:56,2017-09-25 16:08:03,2017-10-11,c0f0c461d77aed35fad457baaf69bdf3,2017-09-20
8d204be4884a2307f1486df7260010f4,19e79f3c130850cfbde71ddc43910641,delivered,2017-07-28 01:17:03,2017-07-29 01:25:11,2017-07-31 16:41:57,2017-08-01 14:19:56,2017-08-14,4b5b88c0df4c2c56c159ba9d88cf882d,2017-07-28
f6fe071c40a5c65d2756f92dac3506e0,fc0946b162054edb8bb00e624f2d1ce0,delivered,2017-07-18 13:48:28,2017-07-19 03:55:23,2017-07-19 16:22:02,2017-07-28 20:27:56,2017-08-09,072945b21324f687f6cee9e0bfa82c52,2017-07-18
8e6df87600aae0285919b5529f7f0bfd,03b5e23eae0971b9eb46cd97cff21a60,delivered,2017-10-29 21:59:17,2017-10-31 04:15:21,2017-11-01 19:13:26,2017-11-07 22:35:38,2017-11-23,bd2c96a76503e424d97c858681ab7cb0,2017-10-29
555abbd521ea234b5a6b908bb132244b,9dbd3bb081a2c4def1e0388a11c3efd1,delivered,2017-11-27 20:48:04,2017-11-27 21:00:15,2017-11-29 19:12:42,2018-01-08 17:37:32,2017-12-20,ada57f92121814184d05fc4512e83c0b,2017-11-27
c40251d941c82933d4c4645793793577,189c34e996a949f104c0976d2a9a8400,delivered,2018-04-16 22:36:26,2018-04-16 22:50:33,2018-04-19 18:46:46,2018-04-27 00:32:42,2018-05-09,5340f5bd348f19d58f217d76d42c5f86,2018-04-16
3e6ebaae08b8e1811e855277cdd27f23,700abdbf00ddc509476b56de64d025d9,delivered,2017-03-11 16:45:11,2017-03-11 16:45:11,2017-03-13 12:13:25,2017-03-17 07:57:48,2017-04-17,637a39768880ddca5882b455322ff41f,2017-03-11
c270a9f0fa1ce4470b8313c8adbe20e2,1231ca7e128f70b30b4f6f5c17fef759,delivered,2017-05-05 12:27:55,2017-05-09 09:35:47,2017-05-09 13:22:13,2017-05-24 22:33:14,2017-05-26,c5c40d927c858569c7c30ca11cec113b,2017-05-05
29ddd4014e51ef7b17ec133956f557f2,98fa50d8068d3c2ca1a7f9993432a132,delivered,2017-12-12 20:59:03,2017-12-12 21:11:36,2017-12-15 00:14:43,2017-12-22 17:22:26,2017-12-29,2997144306ab86134c8c5030107b19da,2017-12-12
b4b1a36c4c7b2eefca47b21df8d5d535,38b3d05c2ea1640ebc6acd359989801d,delivered,2017-10-15 23:34:07,2017-10-15 23:49:14,2017-10-30 20:49:38,2017-10-31 20:24:51,2017-11-08,010d3cb666c64c115a144d3e6fcbd1d8,2017-10-15
2af21e3d4dfd0aeb032cc78b514f5a29,06986ec3d270896f79b12b4b0982e4e7,delivered,2018-01-02 23:47:28,2018-01-04 01:07:46,2018-01-10 17:01:53,2018-01-31 18:35:15,2018-02-09,cb4988c8c68a7edbcabb47de3a59d898,2018-01-02
89cbb94d35366b1135a03af71cdaa3ff,bbd836f8663b4d4df07b0da12a9e5d7a,delivered,2017-06-06 15:26:00,2017-06-08 02:50:25,2017-06-08 14:33:13,2017-06-19 16:47:35,2017-07-03,661bb026d42e3810366307cc7afc7ba5,2017-06-06
ae374449d2caf70b0df8b7504bad8bdd,ea9fe0f3cba46217db8ceda9752144e8,delivered,2018-05-16 20:14:30,2018-05-16 20:35:15,2018-05-17 12:55:00,2018-05-22 19:26:40,2018-06-20,c598f4e0b9212af1836ec4027eb36c19,2018-05-16
59697a047029d320ad8cd20be053f39d,42af8991a3fe9285369b2fd2f2fd0c65,delivered,2017-10-10 11:56:22,2017-10-10 12:14:30,2017-10-10 19:03:55,2017-10-18 16:36:36,2017-10-30,8d25bdc6232efc9d823f1f832e16bd12,2017-10-10
df410b19c3e348fb548ae68badd49827,6a6c433159ff775ba7f5ff8ec38b5b6f,delivered,2017-01-14 23:05:01,2017-01-14 23:15:17,2017-01-17 05:18:01,2017-01-24 15:11:39,2017-02-14,b0bc6de4a99007470bbdbbf5cc502ea9,2017-01-14
68561f321bfa3dcaf142cf65f8df2033,3c5f7f28e5a53412a6c024aba76ab815,delivered,2017-04-20 20:06:05,2017-04-20 20:22:01,2017-04-24 11:44:47,2017-04-27 10:57:38,2017-05-10,76d04d876f7ad112fc55b6227d2ae114,2017-04-20
46efc03bc3416ac275de77fe13f28f69,5570686147f6ca3b604569e47552efed,delivered,2018-08-08 16:03:06,2018-08-08 16:15:22,2018-08-09 11:57:00,2018-08-15 20:18:35,2018-08-21,d395b5c9bd6e808680ac6dc64d6bfbad,2018-08-08
47337df7ad68b2516542cd62e78cec3d,ac59af422867c34edf0192df5a172067,delivered,2018-03-02 20:14:09,2018-03-02 20:35:28,2018-03-07 23:48:29,2018-03-23 21:58:38,2018-03-20,177ef67dcf389e15d1586d1ec81983a8,2018-03-02
c765342582f1d08f16285fb827f88b1b,4b4bae6b6b096a30f61fd61b3762e5ff,delivered,2018-02-26 14:58:14,2018-02-28 09:15:23,2018-03-02 18:23:25,2018-03-10 15:27:55,2018-03-26,4b23df6166b477c87650d2970e45b046,2018-02-26
78886227da2df65c57f57d2fec577bce,2aec4fc22605a14aa0d8faf81aa795c8,delivered,2017-04-07 17:05:52,2017-04-07 17:15:13,2017-04-10 10:22:41,2017-04-12 09:27:32,2017-04-28,46d6bf6ba908681765fa4714590017c8,2017-04-07
414a0b1cbb58b3ae7ce9c39083fcf007,ae85e9bbee2574fbe5ccaba61da335a3,delivered,2018-08-01 17:03:52,2018-08-01 17:15:24,2018-08-02 13:47:00,2018-08-03 20:18:48,2018-08-06,abcda22c8d3868d042053fd7dd63e0d6,2018-08-01
118b09c1cf1b29c8401cb7833d29c10a,c5ef4b508381ea9766c2d7e798985bae,delivered,2018-01-09 22:03:32,2018-01-10 10:32:05,2018-01-11 22:38:04,2018-01-31 15:28:48,2018-02-08,9e165c07189ceb3281283340fefa76c5,2018-01-09
96caea89f911608c4d05f012e3c4efa9,269253c44f10c64d69d01f4308dc66e7,delivered,2018-02-09 17:12:43,2018-02-09 17:30:24,2018-02-19 16:41:47,2018-02-22 20:58:10,2018-03-09,6345e3b3ba5ee47685e29ec5febc8155,2018-02-09
e5a27742b0ebeb86dd3cae97b4fd3eb0,7415631c940daa565d091e2222de565d,delivered,2018-03-26 21:29:13,2018-03-26 21:47:22,2018-03-28 00:26:38,2018-04-09 20:02:51,2018-04-18,2c3abe11b28008b0881b785a844fbb8d,2018-03-26
31f54256f355ebb3c36f1bd8af1ad88e,a29a8f7ba2f1548f9509525b8db4f677,delivered,2018-07-06 21:47:02,2018-07-06 22:10:44,2018-07-10 14:19:00,2018-07-11 17:36:25,2018-07-19,cb94f9b7ad9f4c0296a88c8172d97f2f,2018-07-06
a6d0edc01300d51955bc9c2f0c8fe71c,824a057129a435bd0c0fa281345ed874,delivered,2018-02-22 10:38:40,2018-02-24 02:50:36,2018-02-27 00:52:19,2018-03-06 19:19:20,2018-03-27,1de584d275d0945896fdbbf5e3eb2894,2018-02-22
3e30e6710e775ebfeecbd90fad476396,0c16f77e243787b61748a79eb1634329,delivered,2017-12-11 18:18:04,2017-12-12 03:59:41,2017-12-12 19:56:53,2017-12-13 17:29:13,2017-12-29,7d2a53716c3b4ab11b666372a985773a,2017-12-11
3c1d975e12dfecfa6c8ecbf5cb29759d,2bbdba15c2839582fb9289c882aa9e8c,delivered,2018-03-18 17:31:22,2018-03-18 17:50:36,2018-03-19 15:26:34,2018-04-03 22:26:58,2018-04-19,687b1f49a5d74cff4ed910b00ab55f47,2018-03-18
0ef3d3e097e4e819e47197ee3389a3a1,b8008878f51a35d102758a3927f6a074,delivered,2018-02-21 14:05:28,2018-02-21 14:30:46,2018-02-26 11:27:54,2018-03-28 15:48:46,2018-03-23,35befd3806c50b8a63205b9f5f034846,2018-02-21
43821d139f1c335c64656805a8394ba2,02bf3f33e6774c0aa0f9a8713f087162,delivered,2018-03-11 17:26:54,2018-03-11 17:35:26,2018-03-12 18:42:14,2018-03-14 21:08:42,2018-03-28,b166ea3178b146edad444b5f18eab0d2,2018-03-11
4f78e12d1c6bf7ab77ecfdb4226a9c82,3acfb24193bc926226b6f483ae1ebb3a,delivered,2017-03-26 13:06:30,2017-03-26 13:15:15,2017-03-28 11:42:59,2017-04-07 16:54:42,2017-04-19,d445befca3668f07653c20a3b74efea2,2017-03-26
d224c4be964a33d8d803b33661c18d8a,1f1e84d70d135fd0b39595da681b9d37,delivered,2017-12-07 20:46:58,2017-12-07 21:31:18,2017-12-12 19:28:39,2017-12-15 21:48:45,2018-01-02,43b671e9d9ea5e3065fd0e481b9f567f,2017-12-07
1cbc4baabac9832d53b29dc25766d494,a04a886f2e53033d0e01eba5bfef02bb,delivered,2017-08-23 12:04:33,2017-08-23 12:55:30,2017-08-24 18:10:18,2017-08-25 17:40:43,2017-09-05,2310240226b0c994a8b38ce46370efc1,2017-08-23
701297a4e969ea9de58134eef0561b8f,bc4557fea80f39aa958f283432b14cc8,delivered,2017-11-05 18:27:48,2017-11-07 02:31:12,2017-11-08 19:38:46,2017-11-10 20:16:47,2017-11-29,c1a4b53b842e8d216fb21eead6bd42b3,2017-11-05
e154bd31074cedc28398f95da6dddd55,91ff451a9340e83ea1e31d2e66fed0be,delivered,2017-07-14 21:52:43,2017-07-14 22:05:21,2017-07-17 19:16:55,2017-07-24 19:07:49,2017-08-11,d90ad03504248c1240903d114ac9fc16,2017-07-14
46ac809c6b319398df696f5668806fee,8059f4ffe7ad8b008c7180d4ef488528,unavailable,2018-04-03 18:28:35,2018-04-03 18:49:53,,,2018-04-30,f55f5b958b01f7040f6f42c0abaca6f4,2018-04-03
e414d2bbb8c0c4fe5e9d51888c14c192,0c25c869d50456099b3026f0427afa64,delivered,2017-03-15 09:03:38,2017-03-15 09:03:38,2017-03-16 10:04:25,2017-03-27 11:23:54,2017-04-11,1e6710617d45cc88fe235ce34480d5e3,2017-03-15
c0c339f8d69784a8cb6b51f9aa9f85d2,ffbd6fd1ff815c8392bb0f6e2fdeef75,delivered,2018-01-05 10:01:43,2018-01-05 10:31:48,2018-01-05 20:03:33,2018-01-19 16:15:15,2018-02-02,9a6a921e2fdd2e6ba9c4fbdf24381248,2018-01-05
29921b6b001ba493f381f3f1d396af16,c945b259f3fbb068c27c9646a2f9a532,delivered,2018-05-07 22:53:53,2018-05-07 23:12:26,2018-05-09 16:22:00,2018-05-14 17:40:32,2018-05-24,481ad8632572a6f0371c47fcfd0d886d,2018-05-07
17f12788b667e6b9af13a3f11ae1db08,20fb94e0cc0f98c6bedc0e73bea1b98c,delivered,2018-06-01 14:50:42,2018-06-01 15:15:37,2018-06-08 12:47:00,2018-06-13 13:57:38,2018-07-05,82d3f2203b03cb12e76507855da095d3,2018-06-01
7d32c87acba91ed87ebd98310fe1c54d,876356df457f952458a764348e1858bc,delivered,2018-05-23 20:14:21,2018-05-23 20:35:15,2018-05-29 14:09:00,2018-06-11 20:41:33,2018-06-27,00a39521eb40f7012db50455bf083460,2018-05-23
7b41dd01e9782f30bce07161d2780740,65a2e8bc5cabf5e6a78752325aadccda,delivered,2017-09-21 20:02:44,2017-09-21 20:15:14,2017-09-22 14:54:07,2017-09-30 15:37:50,2017-10-13,bf7258c6849db28131e10f7c85429df9,2017-09-21
6e1a8bb31b6a7f387513f6a62ca4a66f,1b65a9d6bd83772340252ea663eb6a52,delivered,2018-08-12 15:55:36,2018-08-12 16:05:13,2018-08-13 15:49:00,2018-08-14 16:12:08,2018-08-16,d525e2823080c501034ed19a78d30b64,2018-08-12
717ebc80bfe535507bbd58304add242a,f4899cf83f81912a76a040f92699dcd8,delivered,2018-03-26 11:35:41,2018-03-26 11:47:50,2018-03-27 21:36:53,2018-03-28 22:34:26,2018-04-20,a96a652a1d05d320651910a9dd0c3d6a,2018-03-26
c4bf028d6e5a58c26a474435d7839e03,cfefa4ab3518c82bfb172165dbde7edc,delivered,2017-11-02 16:43:01,2017-11-02 16:51:03,2017-11-06 16:38:40,2017-11-15 12:12:22,2017-11-28,e37133c3142336f640823d5facba9b96,2017-11-02
360e4c361e56f19fc4093559b59b4bfd,4b181001e6372571717941edd074d6ac,delivered,2018-04-30 09:26:03,2018-04-30 09:50:14,2018-04-30 13:56:00,2018-05-03 23:11:44,2018-05-21,427ea595a12251437d2a6492bc75b668,2018-04-30
d28a7e04bda001c57d07c08a2f5316e6,2e1976065c67e38c850da087d8f930e3,delivered,2018-03-06 16:07:56,2018-03-06 16:30:05,2018-03-07 20:53:14,2018-03-08 22:17:25,2018-04-06,cb2e3aee024b6491050fe3dbe4147b9c,2018-03-06
4e9d991478ce9d386648f6dd85475b6c,24db1335c37a942bbb41f129d265ae51,delivered,2018-07-31 10:32:59,2018-07-31 11:04:44,2018-07-31 11:36:00,2018-08-10 21:05:28,2018-08-28,e5912280c9d8c14b4e7778df669dea07,2018-07-31
ac4e3339d0db86542d12bfd6fd5068e2,692a966102bb3e6faead0f03fcd197b7,delivered,2017-11-27 09:43:08,2017-11-27 09:55:59,2017-12-07 19:09:57,2017-12-19 14:07:43,2017-12-21,e739f788d66a38850e09ff9f3bcbea67,2017-11-27
c279543d72807dc9b91e39e5d87b5493,f615b9fba62078d016eced173b68b46a,delivered,2017-02-25 18:06:22,2017-02-25 18:21:58,2017-03-10 13:51:29,2017-03-14 14:05:03,2017-03-24,f9cca38c05cd67ebb1ef7032efcfb6e4,2017-02-25
ed8a6e0832d4fbbd240110423cd1b707,226236428096449139ada8b6e6bf4136,delivered,2017-11-24 14:22:09,2017-11-25 05:50:06,2017-11-28 18:32:27,2017-12-14 21:35:17,2017-12-21,f75bc8b1aa3841ba66a6cf79255d3486,2017-11-24
12c8a9b7b11a8922911c9ecf62dc0aa7,3ce508227b305ee3fffb0dcb4f89db79,delivered,2017-12-20 22:22:05,2017-12-20 22:34:36,2017-12-22 18:05:02,2017-12-26 21:39:22,2018-01-09,bd028ffb5161e49005e98d96139a7f29,2017-12-20
8fa02a6beaf631e5a3a05daaee039df6,b064912c102c176d5569d59a78632f84,delivered,2018-05-09 19:00:25,2018-05-10 02:57:07,2018-05-10 23:22:00,2018-05-12 16:47:29,2018-05-17,79b372d20104692646f638bc3c695561,2018-05-09
80288d8ccb8b1899f5377f27feebb1f0,16c0611f3a08c752bf104023af02da40,delivered,2018-06-10 21:27:49,2018-06-10 21:37:23,2018-06-15 16:38:00,2018-06-20 17:52:45,2018-07-04,1bcbeccb2851888f299cf9a5dba8553d,2018-06-10
d907363eb029510b5ebe3bb438dec976,f9e43f2b7039e72b764a6686ebb3f230,delivered,2017-07-09 19:47:15,2017-07-09 20:03:18,2017-07-10 19:51:41,2017-07-18 20:42:29,2017-08-14,47264e9608c5814e2a7b260f6fe154b5,2017-07-09
afccc522bf13dddde0b240b86c7b9f21,caff9af2062e591e7017127bb205d7a8,delivered,2017-11-08 17:33:56,2017-11-09 17:48:23,2017-11-10 21:59:41,2017-11-21 22:19:05,2017-11-30,26e390cc5f19cc8c56c217fe5f6e700f,2017-11-08
de310c00c4111ff98be9166aa6213e22,993c9a108c65a6b71f864f9acde3099c,delivered,2018-05-12 23:07:22,2018-05-13 23:11:47,2018-05-17 15:06:00,2018-05-19 18:44:40,2018-06-08,28647a2ca2b90d600993cd4156d602ef,2018-05-12
ca83c931f7d8b39349c064deb23167a7,a79913af3ef7a79373c51ba90ca1e8df,delivered,2018-04-30 11:38:33,2018-04-30 11:51:28,2018-05-02 14:20:00,2018-05-07 20:28:59,2018-05-23,6357e6baf7d7f73d9e3f4c0339357af5,2018-04-30
ed5ef608c882944a831992d6ca0cdc66,4f7554d9ae7426d7b2bf3fc9ec0eacbb,delivered,2017-10-13 07:54:53,2017-10-13 08:14:10,2017-10-13 17:08:09,2017-10-24 18:00:04,2017-11-08,1377d9215edc3e6561ea64d1287f215f,2017-10-13
7851495947d26fc0c390eb65975d2428,972ef0a10807f5dacdafdd7612e12324,delivered,2018-06-05 06:31:31,2018-06-06 06:30:10,2018-06-06 14:14:00,2018-06-07 22:58:55,2018-06-29,b5618ad30101526430ff8aab641e932b,2018-06-05
996776d8458d4b210ab2db71b6cc5e4a,f70a083cb6ca2f2f807b9cda179486cf,delivered,2017-12-28 22:33:16,2017-12-28 22:54:26,2018-01-02 19:47:15,2018-01-10 20:42:16,2018-01-30,4316fe2abe8f1df64b6b849823c57b49,2017-12-28
8f2da1ebf763886822d2ee38c2986cbf,f7c66b89ed1b69afa941061d1513b8b6,delivered,2017-08-23 09:00:41,2017-08-23 09:10:19,2017-08-24 19:10:06,2017-09-02 13:50:02,2017-09-15,9ef86f6b52ceb03a0e09e4eada263058,2017-08-23
86a7e1a43647d220fe197594614c9b0e,e861a50a920a00fa4b30ce14e22b4fe9,delivered,2018-01-07 17:39:39,2018-01-07 17:46:59,2018-01-08 20:45:58,2018-01-11 14:44:13,2018-02-02,8e1699cbf8ac926b3182b602059c12a3,2018-01-07
0ea5760bfbfe671160e0599cf68f1981,e016de14d2abd37825c4c485cd780b74,canceled,2018-07-18 09:56:16,,,,2018-08-16,e7bb82dae3998954497289418e677dc2,2018-07-18
6d204580ed48ecaf67ad0b21a778979b,bafe8af59e2e0f88bbfb2f53d5e87429,delivered,2018-04-16 00:04:42,2018-04-16 00:15:13,2018-04-16 23:34:27,2018-04-26 15:32:53,2018-05-16,b37db3b96f17cd36003277012ce2f850,2018-04-16
516b0fe870022210bab4e170fbf10ec1,843a1bf7449148a26bfcc7e20c644aeb,delivered,2018-05-15 15:54:42,2018-05-15 16:15:19,2018-05-16 14:22:00,2018-05-25 14:42:19,2018-06-08,1d6ba895c8a433aa37d46a5b40034825,2018-05-15
5be47775fbd521b6104cf7ed466afafb,301b8488e73b154141c3a0c5737262bf,delivered,2018-05-26 16:35:36,2018-05-26 16:58:57,2018-05-28 15:04:00,2018-05-29 11:18:53,2018-06-20,25597b6c7f7f845c8475b864ef435f2b,2018-05-26
a204ef2b035bc702ec72a0d80922c071,90e6f34587203aec0ce33b4e42aacb0f,delivered,2017-10-10 21:38:57,2017-10-10 21:49:33,2017-10-13 20:57:43,2017-10-25 19:11:16,2017-10-30,a8ae3077efa2862cc09b30ced3b2fdf0,2017-10-10
cf08d69c4cea9709409621927e2e41fc,2c14a849a684e7f8e9b652ac1365015d,delivered,2017-12-11 11:53:45,2017-12-13 02:38:32,2017-12-14 22:27:05,2018-01-04 21:28:36,2018-01-08,2cb5852ab1f88eb85aa1b593be41d98d,2017-12-11
4cc7a837ccbd410b6a7ebe3e15dc8800,87197160151c810ec85942bb0e50b07b,delivered,2017-11-17 10:24:52,2017-11-18 02:10:49,2017-11-22 22:43:44,2017-11-28 21:55:45,2017-12-11,43dcefea742ee748a1e553c1af63aff2,2017-11-17
b7109d0854226ce7bf1794e43363e8e9,2e86121890c1c02879668ab0cc0462d7,delivered,2017-10-25 16:54:17,2017-10-25 17:35:33,2017-10-27 14:23:01,2017-11-11 00:07:38,2017-11-14,a474bcf50ff446efd6045cc382ace0b9,2017-10-25
5e5530068f0392de72f1683629e5e8db,e92c289ca9f7ba2ec64490b043208e2c,delivered,2017-10-19 21:47:37,2017-10-19 22:56:09,2017-10-23 14:59:49,2017-10-27 18:18:57,2017-11-07,e1015df046a6e086818dc851b65c2392,2017-10-19
6447ac90fec2245143232faee2c1728b,413dca4652223c3bd75a6aa1efd52c5f,delivered,2018-05-04 00:05:02,2018-05-05 03:35:23,2018-05-07 14:18:00,2018-05-10 15:21:24,2018-05-25,86af572160c0c821a358b352fe8de5f0,2018-05-04
d9248ece96bedf878b5e570f2a838c79,b57b37f4b1619ebff12fc81a85ce6b08,delivered,2017-10-13 08:18:46,2017-10-13 08:35:15,2017-10-18 21:20:07,2017-10-23 16:07:57,2017-10-25,1b764243aad036f7a9febdd5800c51c8,2017-10-13
6dc67cb39f917644a71c8f9410d6505a,498e133a13395236012aed36ccde9a42,delivered,2017-11-24 22:43:20,2017-11-25 01:31:23,2017-12-01 16:48:53,2017-12-07 20:32:09,2017-12-18,bf448042b40749d8b95fe00c08a9b5cb,2017-11-24
4f6ffbfd74a55bd9bac8c39ea1e0b48c,89f1b36ca1b8840720e7ef1b713b6f40,delivered,2018-04-18 10:35:28,2018-04-18 10:51:48,2018-04-24 17:18:41,2018-04-25 18:32:52,2018-05-07,3a504dd3fee630743e2da44bec820150,2018-04-18
fac209312c95149afe74f4cbcdd87c85,5daa5c0e7db8286fc9a67ef146ad1b96,delivered,2017-09-27 18:30:00,2017-09-27 18:49:25,2017-09-28 14:52:20,2017-10-04 18:58:40,2017-10-24,7b2d1832e53dfa6d741830751c3f9629,2017-09-27
e89e48d863049f7ca8a49758ae99f58a,c276d4ce04e35d109575d3282cd2bd20,delivered,2018-05-07 10:28:17,2018-05-08 20:15:40,2018-05-09 14:43:00,2018-05-14 19:18:47,2018-05-23,012a218df8995d3ec3bb221828360c86,2018-05-07
779e5d7986235ddc059c04a8304aabed,c525d46112ad98d99e948b4de9541ee6,delivered,2018-08-14 18:09:24,2018-08-14 18:45:11,2018-08-15 12:21:00,2018-08-16 21:08:57,2018-09-11,c8548f30bb1371f39affd8378157d0a2,2018-08-14
e4a03aa31a44aef0f584dff623119c72,7e29d996caf508b65825f57600ebef69,delivered,2018-08-16 00:18:25,2018-08-16 16:38:42,2018-08-16 13:17:00,2018-08-23 17:07:50,2018-09-06,7415e06e610d97fcc5307a0cefc9238f,2018-08-16
4d49d457ad5fc517a2a6f4f9ba232067,845333576029359404cff4062547c67a,delivered,2017-06-06 23:32:25,2017-06-08 03:03:40,2017-06-14 16:56:50,2017-06-23 12:27:48,2017-07-03,c499023d38f0db1bcf3db96b3c8a5dee,2017-06-06
84568d93e897d1d8db26cb9b9d157700,652af637b5e0eec2286ec5a8104816c2,delivered,2017-06-30 19:22:34,2017-06-30 19:30:18,2017-07-04 18:22:17,2017-07-18 12:15:12,2017-08-01,11a0f369f6a5249b756c17ddec4c8560,2017-06-30
89d31974d10311f921548949d210c6c7,8046ddcfc0a7eda6cf7cefaebbfd7efd,delivered,2017-08-27 16:53:01,2017-08-27 17:10:19,2017-08-29 15:49:11,2017-09-09 15:17:38,2017-09-22,ae1e7d799d1347994deab4a2255a6bc8,2017-08-27
9899f511f5fad599e46683421fd9e6d3,5eecf86c8c40a17f85ba8c96632f2d1c,delivered,2017-07-15 00:52:32,2017-07-15 01:05:09,2017-07-18 13:37:36,2017-07-25 14:39:42,2017-08-02,7441ce776af8da3b9df3d3f3c1e13ab1,2017-07-15
c6d7cba27932e1d0cc2d052db5a2dce6,6f78bc73edfd91d21466c92cf0a43b00,delivered,2018-08-20 13:37:54,2018-08-20 16:01:30,2018-08-21 13:15:00,2018-08-23 18:54:24,2018-09-04,e3cb66927f3de4437c849c5798499edd,2018-08-20
47c94576cf0ea364610aff3e9f6a6d0a,ac4fc3e275223ab8c2dd8a53fade8c6e,delivered,2017-08-20 14:05:23,2017-08-22 04:27:10,2017-08-25 13:45:34,2017-09-19 20:21:55,2017-09-25,ff6e9cc8378f96f6e147f5f2102f8963,2017-08-20
6275a054b07c80fe5b7abe07dda2b366,ec65c0f50eb9aa9d6bf2a98c7624e91c,delivered,2018-05-09 17:41:08,2018-05-09 17:55:17,2018-05-10 14:48:00,2018-05-16 17:03:54,2018-05-29,9f5b78334246addf67c6b0545bc7dd2b,2018-05-09
e1fba0870a0b10ccd04d57ed78831c13,3451ca7392f4f8043c95edf9645252a6,delivered,2018-03-09 18:05:10,2018-03-09 18:49:12,2018-03-13 19:21:32,2018-03-21 20:35:42,2018-04-11,d7b021ab5ecb5f1e3a1fa8ed4a65783b,2018-03-09
7cba85540e273d2d75f23ee6e88c3214,e683aa9741bb090b9798e8f14b8c00c4,delivered,2018-04-22 20:50:07,2018-04-24 19:03:54,2018-04-26 12:25:00,2018-05-03 18:53:44,2018-05-21,a23ccc160563db0a3b2d8e00841ff3f2,2018-04-22
ca726b66fb5a8d36376b73e09e4958b9,c5daa48d49abedb25f4bc9e7a1d9cf60,delivered,2018-06-29 14:47:56,2018-06-29 15:11:05,2018-07-03 11:01:00,2018-07-05 22:38:48,2018-07-25,0d4dd8d9be7920cb9ce930c65ff04de9,2018-06-29
712f5ae305be29ba538edb90e7d8d321,acf69197b55936d30b27ae255b403887,delivered,2017-12-28 20:51:34,2017-12-28 21:08:36,2018-01-03 21:22:59,2018-01-11 20:10:22,2018-01-24,9da3ccbd6540492af8ef9f1e756a689c,2017-12-28
5b9b9b9f3470db72620013b03eec2e3e,737fd7369b88da2c4de05ae281df531c,shipped,2018-06-03 00:35:47,2018-06-04 00:35:15,2018-06-04 13:06:00,,2018-07-20,f2e6b49d4c29d9ea50b3551892f2cd36,2018-06-03
198078b833ce5c6249ea278d2bb3e220,1871a12ac5e835c89fa644d16d17dd22,delivered,2017-07-10 09:44:10,2017-07-12 02:10:42,2017-07-13 12:17:40,2017-07-26 00:51:22,2017-08-09,15a8721818910eef7808af4c6f68570a,2017-07-10
5a4ae77af140c48f0cd65b631bdcb342,92af42b44706727c163d09e7b0d8a76c,delivered,2017-08-05 14:55:19,2017-08-05 15:10:13,2017-08-07 19:51:51,2017-08-24 19:36:46,2017-09-12,35ecdf6858edc6427223b64804cf028e,2017-08-05
00fc308dd7f0937682698becaa9dcc45,f40f31f8bfcc5f74d9d246354b90af09,delivered,2018-08-20 19:51:32,2018-08-20 20:10:12,2018-08-22 14:26:00,2018-08-28 01:52:03,2018-09-06,8e62db6f625288ad4792855f994abefd,2018-08-20
32cf225a72e589313cd8d967203effc6,3da1df4d9cb694fc33051ca98d40415d,unavailable,2017-07-16 14:26:59,2017-07-16 14:35:28,,,2017-07-28,8f5849dcf5aa603db5bd636c3d5e3e3a,2017-07-16
9c37d7a7de99233fd6490a1c09ba0404,0d33a9b58b18573efd07ed7ee3c18405,delivered,2018-07-05 09:32:49,2018-07-05 16:07:20,2018-07-05 14:50:00,2018-07-13 19:07:29,2018-08-02,1da05e0d66d701a3e79929ec11749fce,2018-07-05
1095806f851129963474b5f20d6520fd,a192468dc4a03af2d3c89093c26283f1,delivered,2017-03-03 19:46:10,2017-03-03 19:55:14,2017-03-14 08:15:28,2017-04-15 11:17:34,2017-03-22,70ce919779a8b3c666bb950a2affafe9,2017-03-03
ffa9f4ba8992cf704640411b3cc3fb90,4333a96bf6bd67842abaf1d84970f14e,delivered,2017-02-14 19:12:38,2017-02-14 19:25:16,2017-02-17 08:32:37,2017-02-24 16:35:53,2017-03-23,c11a5541f5971a988d8f75b148ef882f,2017-02-14
cb71dc72237d3c654e1ac60c2ea343e2,8ac977b83cae48a1d1216f13b06aaa2c,delivered,2018-06-25 14:45:20,2018-06-25 15:18:22,2018-06-27 06:23:00,2018-06-28 16:35:24,2018-07-05,9c7601f15a64084e0e54df80e188eaad,2018-06-25
a2a25b6cdda4df1153122e0300995334,0b8235b65e5edc54a726c674bf16661f,delivered,2018-07-23 13:25:47,2018-07-23 15:33:19,2018-07-24 11:02:00,2018-07-27 15:21:25,2018-08-09,e1129eb7e3962a2ec5fa008e62d899e4,2018-07-23
668b19356f27bf9a854053836ced5053,97a0771636cd3ecff4b7cce15b71df5a,delivered,2018-08-23 16:38:38,2018-08-24 03:15:12,2018-08-24 13:04:00,2018-08-27 20:04:51,2018-09-03,b0cc12817defd6163ab8d3fa169bb24d,2018-08-23
e3f0b406629d8e6309d61f34a2087d71,17635f40f800086f9e8990bd43d9aee7,delivered,2018-04-22 19:42:32,2018-04-24 18:05:33,2018-04-23 19:04:00,2018-04-24 19:20:53,2018-05-18,311095a4ee35aef6817083718f97e1c4,2018-04-22
795c16acb4e3c30dfa5b6827727ef488,d2727dd889fb74cc0b8d40cfaba7a696,delivered,2018-08-12 10:41:39,2018-08-12 10:55:12,2018-08-16 13:40:00,2018-08-20 19:48:50,2018-08-30,d7b23ec12acc9df1a7f032ae6b276976,2018-08-12
fecd7c5fef57b69db425479e2cd41d3b,7a2b5e2c8099b9d261fe168ee55cabb0,delivered,2017-10-10 17:26:34,2017-10-12 02:30:48,2017-10-13 16:52:42,2017-10-27 18:27:47,2017-11-01,59b46e4ceb1bca705bbae5644d5918db,2017-10-10
94db8945405f2a5bfa3b93346ff1f3ab,89df6e912cbda4fa44bb1a7b4d26f21c,delivered,2017-04-26 15:24:58,2017-04-26 15:35:13,2017-04-27 14:04:50,2017-05-08 08:11:51,2017-05-22,2f04d9a4a0cb06e7564253c0b8b16299,2017-04-26
f5cb5068f3b8d01c82803f3fc7924e35,a1749c06e30128cd241317600d73dd37,delivered,2017-11-29 21:59:11,2017-12-01 11:31:30,2017-12-04 13:19:52,2017-12-15 14:55:03,2018-01-03,6646586ec3426ad13ed0755beff34ff3,2017-11-29
a4186d9eb0c08c0618614b111418707a,620584cb5bc308f3a44907cd75e98f6f,delivered,2018-03-10 22:18:52,2018-03-10 22:30:22,2018-03-12 20:28:25,2018-03-21 23:12:46,2018-04-02,ef1ca25c91ceee9b017a619b7e07137e,2018-03-10
f81ecd6dcd58df8e96d343f81f0fdb1a,15e52e567d03be3d53e639ce260148ec,delivered,2018-02-14 21:53:29,2018-02-14 22:07:44,2018-02-16 02:13:12,2018-03-03 15:56:59,2018-03-12,e99695cc0fe288e29d6612121fef077b,2018-02-14
6bb214f60f0b2331b730f74f70dc322f,4109c63be22f97950143c4acbfa68e4d,delivered,2017-04-24 21:21:45,2017-04-24 21:30:18,2017-05-05 15:31:28,2017-05-15 15:39:53,2017-05-24,02880ecd2c905f0a16fa1ae3d0884b1b,2017-04-24
da12fc2d67c74ed6d2f60ee4ad9fd3cd,afe71bfba9fc5fa3edd264886f973c49,delivered,2018-04-12 08:49:47,2018-04-13 08:50:57,2018-04-13 22:22:42,2018-05-08 12:37:41,2018-05-10,d49a0fcb663aaf451e40643e3735318b,2018-04-12
ece9ae0d97a26c6978c0691dc190ff1d,309b93ec3ed3ba60315a1454c506ffe6,delivered,2017-11-23 13:32:00,2017-11-25 13:33:55,2017-11-27 16:23:56,2017-12-06 14:52:08,2017-12-22,ef0289314083f763053d7163da20fc7d,2017-11-23
97b6ab675f38dce08fc58f7e5ddfa1a7,17602b0ca034c6c3142313d06c6beee2,delivered,2017-05-17 14:51:43,2017-05-18 02:15:36,2017-06-16 13:11:04,2017-06-28 07:19:47,2017-06-29,b63a09b69bafe4a625167b72be24d08c,2017-05-17
169d7e0fd71d624d306f132acd791cbe,9b75d329d5d07427875e8443ce939770,delivered,2018-02-17 12:23:21,2018-02-17 12:35:36,2018-02-21 20:17:59,2018-03-09 12:28:27,2018-03-20,02fbe4db886eb98774c8ba300d39fa79,2018-02-17
77db593eee0149b5e2bfac62a6011a4e,32f9ab38c7f8f0a627ee957c50ea0ac2,delivered,2018-03-14 15:44:29,2018-03-14 15:55:34,2018-03-16 22:36:32,2018-03-21 22:06:59,2018-03-26,9bb25826e873d581e2c5ef78cc053d34,2018-03-14
e9965bb148ec7e8cb64c20b78218adf3,ed76cdbb0c0ff741552f5ec16de70723,delivered,2018-08-10 13:10:40,2018-08-14 04:25:21,2018-08-14 14:28:00,2018-08-21 15:45:45,2018-09-05,27882c07591b6e9fca6661b9e14c6978,2018-08-10
fe76817b881fdb722620459a94dcf7d3,29f9200f84f922ee0a3f56274b004680,delivered,2018-03-02 12:32:34,2018-03-02 12:48:47,2018-03-02 22:19:14,2018-03-14 18:19:43,2018-03-27,090798f0d14842f2457830d3215b5d9a,2018-03-02
a656e365b72863ee3bd696c41c4fcc95,40dd50dbf3ac855ac5e321643a5fbe79,delivered,2018-01-16 15:33:05,2018-01-16 15:50:37,2018-01-17 20:30:19,2018-02-01 00:41:17,2018-02-15,cb745399c0f336ad2402a4725efa6b40,2018-01-16
a043f3361a5b8a8bb4d09377ba9991fd,d77f71e5d47568ebb672b13aacbfe606,delivered,2018-02-24 21:23:43,2018-02-24 21:35:28,2018-03-01 18:47:01,2018-03-13 21:06:53,2018-03-20,b52a4b465bfc5a1c7e9033f7b7d8f3dd,2018-02-24
cbd6c1031c0e9d143f20669e385c5e43,96cbb6eeb8aed04c5ce88339a032c17d,delivered,2017-08-28 21:23:14,2017-08-30 02:24:51,2017-08-31 21:53:06,2017-09-15 16:39:54,2017-09-19,061c02decabc23ac9bd36e267030fa2c,2017-08-28
4dfe2ddcd2de2e45fd88e8c6bae55901,4682711611a149a9f288e05f7093a526,delivered,2018-01-05 10:07:57,2018-01-05 10:16:26,2018-01-05 19:37:33,2018-01-10 21:49:22,2018-01-23,559620bb304bfa901a54939d04dd203f,2018-01-05
26d25b216d95d45c3c74ab339d25b534,9a19918870ea368b679af4ccead1a682,delivered,2018-05-07 22:52:56,2018-05-07 23:12:36,2018-05-08 08:07:00,2018-05-17 22:34:53,2018-06-04,e00a116db9bafed27efa96cb571aa7ec,2018-05-07
9a7e2fda18922ba60aba4f140aead4dd,84b37eb4e166599b6d40f6a4376589de,unavailable,2017-05-05 14:01:47,2017-05-05 14:15:13,,,2017-06-06,f11451a120b48a5c4c36d3274f0fd80c,2017-05-05
aae245e2849c2032f94d4baad11dab79,41e0fc4b66cb6cfe6dadaea3129a08f3,delivered,2018-02-28 11:09:27,2018-02-28 12:01:43,2018-02-28 22:05:27,2018-03-08 12:21:49,2018-03-19,d8141ecc03efab6a447eb841d47f7e32,2018-02-28
e83de4d40102eb9d76e227fdafff7548,80d373de62c0d5d296dc5530e68c7974,delivered,2018-05-16 16:19:40,2018-05-16 17:08:55,2018-05-17 11:11:00,2018-06-06 11:33:23,2018-06-11,ea3bca4bf5563b576e7ad9766b153ecc,2018-05-16
704be8bf8fd6f9246d75c2e09734cdf7,51900b4fbafcdd8f9fee317cfb9e657c,delivered,2018-06-11 09:30:00,2018-06-11 09:52:58,2018-06-13 14:34:00,2018-06-14 14:31:43,2018-06-20,59be219f0cac1d0838d8d00c1ac34fde,2018-06-11
d22becaa3f8e1dff446e32c25028de2b,947c810e89096e900d04c53df5de2922,delivered,2018-05-14 22:38:49,2018-05-14 22:50:58,2018-05-16 14:01:00,2018-05-23 18:35:34,2018-05-28,dad4853535f93b3f67e4bf89c0dbc304,2018-05-14
9aa6637f278e37448385a4293706e8ae,53c4e91c6e006b404ab61e39e24bc769,delivered,2018-05-03 14:28:54,2018-05-04 14:30:38,2018-05-07 11:43:00,2018-05-08 15:54:22,2018-05-22,c8c81099eeae6b5cbe28f7e10da60858,2018-05-03
59af46052a799e80e2f0c665c587731d,b7563d94162ed0aa3f8d9cada4bcc536,delivered,2017-09-09 19:52:54,2017-09-10 20:03:31,2017-09-11 20:54:42,2017-09-13 20:17:41,2017-10-02,7ae4af4d6afa33b3099b3577d3c640ed,2017-09-09
2f78f892f107dc4638cc196dbfee6ba2,cb6f374f4e636a14299bf465d2ee264e,delivered,2018-01-15 14:34:14,2018-01-15 14:50:06,2018-01-18 21:07:59,2018-02-06 02:13:12,2018-02-16,b73035df3e5715ebf55de1d014807649,2018-01-15
003822434f91204da0a51fe4cf2aba18,327679cc34d41d4c48ee5e55246aa6d6,delivered,2018-06-13 14:10:54,2018-06-15 02:37:21,2018-06-15 14:48:00,2018-06-19 13:34:35,2018-07-20,250b38e3586d512ece3671470c5d5f6d,2018-06-13
3f6da1442aba80bcf61179602dfab9ca,8b499e9d16a602dcdf3bca4ad3c794f9,delivered,2018-05-09 20:02:31,2018-05-10 20:17:06,2018-05-15 14:45:00,2018-06-12 17:14:50,2018-06-06,aa5e42c2b46e0b5627ce9ff549799da9,2018-05-09
0c5f42741cb893d18fdbdce191decef5,a1c1928fbe0263c93dd26d1c061b586e,delivered,2018-06-30 18:00:34,2018-06-30 19:10:17,2018-07-02 14:01:00,2018-07-06 17:47:54,2018-07-26,2cf4b7a743230f8360fe09922727ff92,2018-06-30
25d919c7187a3f82b5437023a5e98e46,ebc03139c4eacc7f77065c3dcfd98612,delivered,2017-12-12 15:55:19,2017-12-12 16:12:22,2017-12-14 11:38:53,2017-12-18 22:34:03,2017-12-29,d4acb6f4036beae4082d7f9441b9769d,2017-12-12
e1dd3bcc1f22b4213a185eec19606daf,8745b35618d22fea8be7fff3e7e71e91,delivered,2018-07-21 14:03:24,2018-07-21 14:10:11,2018-07-23 14:35:00,2018-07-26 16:26:29,2018-08-06,1d6b10164a653cc7b008b27a3d1a6598,2018-07-21
859251cf2a5cfdc89031c995e47842e4,153bf0506c6412533e16757df9c62a5d,delivered,2018-08-16 15:21:50,2018-08-16 15:35:15,2018-08-17 10:20:00,2018-08-20 23:58:29,2018-08-28,9a8189578efbd707c49a4578d3406ef6,2018-08-16
09c03e22399940d7e6fb194297ae84a3,48d41600b11988788665a2442780e992,delivered,2018-06-12 22:39:32,2018-06-12 22:59:48,2018-06-13 15:56:00,2018-06-15 19:58:42,2018-06-21,bdb0f36a6170ccfd71f3b9cd65677d68,2018-06-12
b13d41f7f58e83efb42dde0657777b9e,0570eff03cfce2f794d818d3f6bec651,delivered,2018-06-25 11:05:02,2018-06-26 04:35:15,2018-06-26 11:30:00,2018-07-03 21:08:53,2018-07-26,b2daa450dd3e05ac2a199836550b7ee6,2018-06-25
add940502d0460714892c63cc13c07eb,d842843c08c46c76816b2a4fc293a7a2,delivered,2017-11-30 10:54:14,2017-11-30 11:11:07,2017-11-30 23:52:05,2017-12-27 18:05:16,2017-12-22,5c53fb2ee3cfd75e5810a52adee93ac2,2017-11-30
8b371a467d5d8cb50bc8dfd535dc7f25,456e88746e116393262f6be40a43224f,delivered,2018-01-16 16:42:59,2018-01-16 16:52:20,2018-01-23 20:39:13,2018-02-05 21:56:35,2018-02-16,09cded817b88ca304de62d710a1b6b51,2018-01-16
8cefcd4d626074f8b6fa9c501659da8e,823ad0d5432f4992ce749eac3ed94b52,delivered,2018-06-25 20:01:01,2018-06-26 20:07:46,2018-06-27 10:33:00,2018-07-04 13:42:10,2018-07-23,a7e5802a8d0e82cde29de6c7833dac22,2018-06-25
d5ab426a149bfee66ff88db9c6a8836a,fdb25d73ff1068cb0fe401c24cfaf002,unavailable,2017-02-01 10:40:43,2017-02-01 10:50:16,,,2017-03-14,03459d9b3e14feb0e89b0e5bce4f188d,2017-02-01
4ef317aa4c1f35d3fe599a85512cda21,bbcef0e4721b10d0105963b7eaf686d0,delivered,2017-08-15 15:58:35,2017-08-15 17:10:16,2017-08-16 18:47:47,2017-08-28 19:23:12,2017-09-19,9bb4293466481f2acbc455bcdcf205a1,2017-08-15
1702dd469ef502af250c4b02c8ab4a4f,847a58a689e3ae9ead5d38c6f179bd22,delivered,2017-12-02 15:43:09,2017-12-02 15:50:51,2017-12-06 20:18:32,2017-12-13 19:09:05,2017-12-27,1f2adb592a0f5c87c97a8d0263bef115,2017-12-02
7665a43dfebf16e330953e78ebc5a259,ebc6a200f1dfff475bf1fc1ce8acb2d9,delivered,2018-06-18 14:26:08,2018-06-18 14:36:19,2018-06-18 15:03:00,2018-06-22 19:38:53,2018-07-26,f4e9ff4f6f1a182b0544945dcf4b0c9a,2018-06-18
8f6dccb4b483eca3ba0237c1db35fd0c,9edf9b97ee44ffbd1f5151653afed401,delivered,2018-05-08 00:06:19,2018-05-08 00:15:22,2018-05-08 14:23:00,2018-05-17 19:09:56,2018-05-17,0807baeeeaa1309effbd9a9dee41ab17,2018-05-08
5251ac9886fbf2953b24c9f45364837e,530f1a953a4e313fbe3b5c81edebf793,delivered,2017-09-10 16:30:16,2017-09-10 16:43:26,2017-09-11 20:03:23,2017-09-16 16:27:47,2017-10-10,a730ad9267cedcf638ac302cb101dc1c,2017-09-10
184cb3de27ca20b3641aeb65c7c429b6,1b01ec7f2308e02da64e83efb0c6bbad,delivered,2018-01-31 01:00:56,2018-01-31 13:32:14,2018-02-03 15:17:03,2018-02-22 19:22:50,2018-03-08,5ad4267a0c9f746beecd94440a8665ab,2018-01-31
10d94479d66117fb7748e5117855db0c,8edf66ccf70461b7aa871fb0f8d97e19,delivered,2017-11-06 14:55:05,2017-11-06 22:35:47,2017-11-09 16:09:42,2017-11-17 20:41:56,2017-11-28,e0dd737c37017dd45daddee7b4976993,2017-11-06
618450817fba79842e9347f1c03714d3,5b547dd68c1218f594ed1c26bea5d0fa,delivered,2017-10-30 10:40:38,2017-10-30 11:10:06,2017-10-31 16:42:57,2017-11-07 17:34:47,2017-12-01,af28edb107ee446a0bcd79b2b199b996,2017-10-30
e4d08950321814112909360f9dca2e3d,4700d1a6f247079a2e60dc883b4c0c16,delivered,2017-08-08 21:30:55,2017-08-08 21:45:08,2017-08-10 18:15:49,2017-08-11 12:12:00,2017-08-23,1c062f62b3e67f4bc9095d332452a2b4,2017-08-08
d392709d59adcaff2d80dee55da91748,77ed68c1f51e428898c4d4ae3eb5f23d,delivered,2018-02-12 09:25:17,2018-02-12 09:48:43,2018-02-16 20:41:40,2018-03-02 19:04:11,2018-03-14,9f5d7d7bf669bf94d19839aa0c1c2eae,2018-02-12
03b769c4844b71608c388fcf6f4287d4,dbef5eb24f60585a8d9b2b118aee84de,delivered,2017-11-20 20:21:13,2017-11-20 20:31:50,2017-11-22 22:32:36,2017-11-24 22:33:05,2017-12-01,2e05bd7cf7e366dd0eda03790fcf221b,2017-11-20
458ce9ed0016410eb81b196544fd987f,da820f92e794fd43b2806f52cf2f2109,delivered,2017-07-08 12:14:30,2017-07-08 12:25:18,2017-07-10 17:29:47,2017-07-17 18:22:41,2017-08-01,ea9f260c1c0c7e928d9fd48bf28bf9a3,2017-07-08
940b17cda16a315ebce41e39a03a759e,2441a0481b3df45bfabeee5e7567b5eb,delivered,2017-09-19 12:19:57,2017-09-19 12:30:11,2017-09-21 13:58:06,2017-09-25 19:49:57,2017-10-05,6880eb65d837ce509efac44a27d5d96c,2017-09-19
2d3c3cbfc3286b15ef13547f94567459,9c8c7021766b19f1857d1af3e458ec3d,shipped,2017-04-09 23:15:16,2017-04-09 23:25:13,2017-04-11 06:24:43,,2017-05-10,6b52d3725aa7cca24203308be666308b,2017-04-09
21c362b5b414c727c47d29ae5a653c3e,b712314e68a48b96b83d96ada0c91173,delivered,2018-03-11 21:44:41,2018-03-13 03:50:40,2018-03-13 21:05:46,2018-03-21 15:12:21,2018-04-09,06788e14791d9515f4daf36f31f92f97,2018-03-11
96a3e667da37fbf1a734e7ac4cfb566b,bd138ea8b82f8ed2d553b071d18533c0,delivered,2017-03-08 15:05:18,2017-03-08 15:05:18,2017-03-10 08:36:52,2017-03-21 11:34:14,2017-03-31,8df10be00a35becbb4993496f949d948,2017-03-08
5fda248f43023d5528e3a28e886f9b8e,5e57a8408969b94d9572d59fc3501051,delivered,2017-09-15 00:53:25,2017-09-15 01:04:35,2017-09-19 17:33:19,2017-09-26 20:15:35,2017-10-06,215ddde7f954f533cce6b68e3daeed83,2017-09-15
75e005e5bcbda5404c4c3f5dcb16f7ae,941e3d52d6ec11f3162bd535afecee7f,delivered,2018-02-27 23:59:53,2018-03-01 02:50:49,2018-03-02 19:52:36,2018-03-05 18:00:04,2018-03-14,2f93a3263722d83e4783a56a76917cf4,2018-02-27
ef9b0fd26c25baaf42b8ebc3417fff01,24dbee633a293442e2316432ee44e73c,delivered,2017-04-24 19:52:11,2017-04-24 20:05:19,2017-05-03 08:27:39,2017-05-12 14:29:46,2017-06-01,19c234133aba7d80533e0ca98f3203cb,2017-04-24
b5dd543f543e5ff34d1600de642c98bb,91f95abd4086c845a60d86f48179d134,delivered,2017-11-21 11:44:23,2017-11-21 12:10:34,2017-11-21 20:57:07,2017-11-23 20:14:42,2017-12-14,456f53bd4c6b0b8fe6e48c8acf2ef543,2017-11-21
a59fd1b51d1198a8845cfb665209ea4d,db385be90c817dcb9a73ddcc0b88be79,delivered,2017-02-07 14:24:45,2017-02-07 14:42:12,2017-02-08 14:02:56,2017-02-11 15:35:49,2017-03-16,af86cb5c04b075fea7b82fd0f4d87581,2017-02-07
d98222e2d133bcdcb2352eb1161ddd30,add6b7ed50b1198eae6b78268e07c043,delivered,2017-11-14 15:32:02,2017-11-14 15:47:53,2017-11-21 19:33:16,2017-11-29 01:21:59,2017-12-06,cbd87a98214ca2453df2bb7e141bd266,2017-11-14
f22994b30f7ab7b86eacb2ea99e61a86,939b596a4a7229ebad09bcbad40538e6,delivered,2018-08-16 10:30:31,2018-08-18 02:35:17,2018-08-20 09:25:00,2018-08-21 17:27:56,2018-08-21,b948343ff2e4e183e27e22ca63968d2b,2018-08-16
0f47f9183ff34c4a76633181b380acbc,391ea9f08646bb9c99de7a3b24eb8641,delivered,2017-09-27 19:57:59,2017-09-27 20:07:31,2017-09-29 18:53:32,2017-10-06 21:03:45,2017-10-24,6bda5f629d7f63fbd492f48da584b8c5,2017-09-27
3adf1c191833181e2e17f0639140b2cd,f667a9ea537f04d56f04ffa59507c6be,delivered,2017-10-28 13:18:28,2017-10-28 13:35:14,2017-10-31 16:48:43,2017-11-10 17:23:41,2017-11-29,84200972e47e8efd80dca0456a5b7bf6,2017-10-28
8f78b315dd28cdac3c6fc9b52cb56795,aa22daee92f1c49865df08f7b28b4d57,delivered,2017-06-04 21:52:53,2017-06-04 22:02:25,2017-06-06 11:17:53,2017-06-07 14:04:53,2017-06-19,b7487f6dfc6da31a900f80971ffe8896,2017-06-04
0bea7c54ed17281e684c8bc1191e0272,a587568552acc7996edef3369f972bde,delivered,2017-03-11 15:04:29,2017-03-11 15:04:29,2017-03-13 09:27:59,2017-03-17 14:19:19,2017-04-03,04fb0069cb810108ed61f955f88da9df,2017-03-11
05861bbf66a8cc3d5cdb6db76fece371,a0004afe35efb0e69a20cbe006d17e05,delivered,2018-04-17 18:04:16,2018-04-18 05:11:27,2018-04-18 16:22:28,2018-04-19 16:54:37,2018-04-30,a9ce3a5679fd3d4bee30e1a90d4e81ff,2018-04-17
08273b57741a2ee2f20725323393b0a2,422c1063e6bb4e39e0f40de0c06450e7,delivered,2018-04-08 21:10:37,2018-04-08 21:29:24,2018-04-10 02:22:01,2018-04-10 19:18:45,2018-04-25,609696fd8317f51ea66bedeb21d71966,2018-04-08
c5c3f8505307266d936b0127ad17be75,9431058c0d24bf917751473cca9b9054,delivered,2018-05-24 08:57:14,2018-05-24 09:13:07,2018-05-25 14:05:00,2018-05-28 12:47:33,2018-06-11,87ab7ef17c5bf5d49b4688194b5de6e3,2018-05-24
4cbe4b6de34cedf25c083ae816e4dc97,2a82d7cd3bb6eb87bf2ae493195d4fb3,delivered,2017-04-25 14:20:17,2017-04-25 14:35:15,2017-04-28 10:27:33,2017-05-10 17:03:32,2017-05-17,36942bd30799251795cca03a1b16e004,2017-04-25
454e3d66dfb9e670fd53406db78100ae,64938ba76130bbfe20ee8a87e78ec8dd,delivered,2018-07-05 17:56:40,2018-07-05 18:10:50,2018-07-23 11:36:00,2018-07-24 14:57:39,2018-08-01,6f5e153b00fffba52e509d983fe9ba5f,2018-07-05
eea58982d534991bfd7f844e9ff0e28f,a62a5baefbc81700a250ec92a072809e,delivered,2017-03-25 22:15:25,2017-03-25 22:15:25,2017-03-29 15:55:51,2017-04-13 13:52:30,2017-04-20,2aef74550c311993ba8d7542acae3621,2017-03-25
6610d1b2f774539f028cc2850a795657,d1e06f851aade9e435acec5bc8635b30,delivered,2017-08-13 17:31:32,2017-08-13 17:46:18,2017-08-14 19:03:46,2017-09-08 18:36:30,2017-09-18,0ddb2a130c4a81cd961fdcaab7b47b8e,2017-08-13
d9e690521484caca3fe0ed22443df035,2dce2b50607ca4cda61b851e571cd505,delivered,2018-03-24 18:21:38,2018-03-24 18:30:36,2018-04-09 21:42:53,2018-04-23 12:17:48,2018-05-03,0b9c71b4440c2867df32a17241302afe,2018-03-24
41490608ca43942cf4ac60d48275a230,65aac1297cd0a4877068df3157002005,delivered,2018-05-17 17:55:54,2018-05-18 17:55:41,2018-05-21 09:08:00,2018-06-04 15:42:10,2018-06-11,89e6081fbc7c70389ec6715c48d0a8a1,2018-05-17
da95f8b22acd8e17362c16bf0eb86714,e5ebeccac97f5d1d0580b471b47a8843,delivered,2018-05-09 00:44:03,2018-05-11 11:09:02,2018-05-15 12:36:00,2018-05-28 12:34:48,2018-06-01,87726d88f0e4f580a57d2a9fbf5714ba,2018-05-09
d26fe2b5a755aba1046aa0e0acea40f1,93a4bacb8a4b7dd992d746ffca745f32,delivered,2018-02-09 00:14:41,2018-02-09 00:32:22,2018-02-14 14:22:39,2018-03-02 19:57:35,2018-03-09,a75020b6ca2766482735ca44782d8c4d,2018-02-09
47c99bccd0e7674a94f97d36e8b00dbc,d157ebb8ebe34202c1c494d8b38049a7,delivered,2017-07-25 13:58:08,2017-07-25 14:10:19,2017-07-28 16:06:53,2017-08-24 21:18:04,2017-08-23,dda70e98b52ff380a9f4c67ba1baeaa5,2017-07-25
47029bb7d64e424ea49c0adb7526d2d9,f23fd4f7a90cb6f5280d8633a08e0be6,delivered,2018-01-26 14:56:14,2018-01-26 15:15:06,2018-01-30 20:44:55,2018-02-02 04:04:46,2018-02-09,ff511cf694af7d8ac9022660af0346d8,2018-01-26
6620e428554c0be33f1fcb699c9d683d,48723bcc46fc991caa0480dea031d579,delivered,2018-06-14 21:03:49,2018-06-14 21:21:22,2018-06-15 12:40:00,2018-06-20 20:04:06,2018-07-05,b9a3e762123608da3a0c4ba0748e5808,2018-06-14
ab6d087fa821a556e55c7a9b5acf3b8a,3f7f25ccf4beb24d50687f014215ed4b,delivered,2018-07-09 19:53:39,2018-07-09 20:10:11,2018-07-11 13:55:00,2018-07-14 00:16:42,2018-08-02,adc3936a4c944f7a45e836bb054dc2a7,2018-07-09
7dd6305a1d458ac09cd7581092afd396,5119b68a7f7dc6faac44effbf3153f12,delivered,2017-05-01 13:38:57,2017-05-01 13:50:13,2017-05-09 07:00:09,2017-05-19 16:15:07,2017-06-01,44b0a365943ba020d0a993ef71380135,2017-05-01
51d99333bb2215b763043750f030dce5,3ecc9e555e7fea523b8bb0201cd520b8,delivered,2018-05-05 15:32:53,2018-05-06 15:33:28,2018-05-08 13:51:00,2018-05-14 21:38:28,2018-06-01,01dbf5ec2334d02e47a8167d3c2e0837,2018-05-05
07528311766b5aa54d193747c66663df,36cdc8dbf199fc4fed2822ddc0d07c7d,delivered,2018-02-27 21:49:09,2018-02-28 21:48:29,2018-03-05 19:28:39,2018-04-16 20:46:25,2018-03-23,60465f85e451c9712f1d256a6127702a,2018-02-27
be5855d64fcac12e1e9c036a4932ff7d,84c8a0fdb488208ca422163ed34ae1dd,delivered,2018-08-15 11:05:02,2018-08-15 11:15:23,2018-08-17 06:26:00,2018-08-20 21:57:39,2018-09-03,b35f4a6eb5cbc76410d22dbe9dae49c8,2018-08-15
2c6a443a179d58ca22cbb911e1aec4fb,acf8ca57c25914876742d5dfe72aa44c,delivered,2018-08-10 09:20:02,2018-08-10 09:30:20,2018-08-13 16:11:00,2018-08-16 23:32:27,2018-08-16,f325d2534409b7d6db4fcc83fa4c05aa,2018-08-10
bde9dcf0dc69c52b11ed05d22d3ae4fd,a8eaaed41944c9f4102f0787aeae30ee,delivered,2018-02-22 10:01:22,2018-02-22 10:15:41,2018-02-22 20:35:40,2018-03-02 00:19:01,2018-03-14,dce6dc77c19d239bfbe9d77dd4d0ef98,2018-02-22
a42b8e89c40b20239fd256bd449eb7b7,f62a748374fb9339c8b2a648c160715b,delivered,2017-07-01 00:17:33,2017-07-01 00:25:13,2017-07-04 15:37:34,2017-07-10 18:53:37,2017-07-25,e46a2eeb7d8cd4dc8e79b4cbf6354fc0,2017-07-01
f509234966435e8aef743720d595470b,7e091887a648aa71aa89584aff731686,delivered,2018-01-08 20:54:28,2018-01-08 21:08:36,2018-01-09 20:15:45,2018-01-22 21:08:35,2018-01-31,59c09423c68199f556668dd9a2b591f4,2018-01-08
49d320895c0fd04922eff4cebfa20027,6bbffeae45cd33dcbfda5445fb9bb5f9,delivered,2018-02-19 14:33:27,2018-02-19 14:47:32,2018-02-21 12:40:14,2018-03-06 17:25:32,2018-03-14,ace477f5724ca3547f1ee642693ae1d7,2018-02-19
6026ab778a91a44d6099fd3734dfb44a,419416765315af7eec3cc52b6590c2cf,delivered,2017-11-21 20:05:55,2017-11-21 20:16:33,2017-11-22 21:11:32,2017-11-28 20:52:57,2017-12-19,a4bb1f3a5f96157e9b6e053acd4adb70,2017-11-21
15ac0c27c404a6601dc7a613faddc813,9123589cf44b8f276882e8388173188a,delivered,2018-05-14 15:06:35,2018-05-14 15:17:57,2018-05-15 11:39:00,2018-05-21 20:48:23,2018-06-14,beb0a36923f64d84d062cd2477cce974,2018-05-14
20622ef355900d1bef22d837aecbe32f,820e141efe617d74379e4e05836806f4,delivered,2018-05-03 10:27:40,2018-05-04 10:32:24,2018-05-04 12:33:00,2018-05-17 23:32:10,2018-06-08,85aa9fe0145daf11e79b7c5e312ec6c7,2018-05-03
9f07fd1359b3011a31560b21a4eb1fc4,5c234e3e80502a9e4ff425d6daa3b8fe,delivered,2018-08-10 16:36:48,2018-08-10 16:50:14,2018-08-13 14:55:00,2018-08-16 16:41:53,2018-08-30,ba274a51f4bf0e5017af92e4fd5f2001,2018-08-10
413570abe3d3b2e99c63f5d9ceadb6b3,e71ab3a5414af041e8be3e1cb8981a23,delivered,2017-12-07 14:07:50,2017-12-07 15:29:28,2017-12-19 16:23:30,2017-12-23 17:15:57,2018-01-08,fe7b84f9e65da4d5243143d28509c3a8,2017-12-07
e1c161cec46262db2bdd7b36d9ee2450,25b659cdb72b96f7848aba71af036fe6,delivered,2018-06-14 07:07:06,2018-06-14 07:35:33,2018-06-14 13:10:00,2018-06-18 21:28:32,2018-07-11,7358165408fc76ed51e69ade142ab155,2018-06-14
09fd9b0402ed675bbd1ee1e81171ac7c,06d529bccb0825265d8b5b73c66e53d8,delivered,2018-08-18 21:36:49,2018-08-18 23:31:32,2018-08-20 13:47:00,2018-08-29 20:17:39,2018-09-21,8f2afd41c8f5e3862f4882dbc9f624b3,2018-08-18
37ef684ef56e80eac9ebcf864d5989b3,05ffdc40a1cd1b27274fb4d460103f04,delivered,2018-01-09 16:39:32,2018-01-09 16:52:56,2018-01-10 18:57:09,2018-01-22 15:51:59,2018-02-01,93ca79824587d081f23abd9351f38d3c,2018-01-09
9edf763ce028bf85b1902693c252bdff,7de0155359e8225c2e5016d53d932066,delivered,2018-04-11 21:37:56,2018-04-13 12:50:12,2018-04-13 22:09:38,2018-04-20 21:38:41,2018-05-03,012da9594b65ccb990822802ba0ff2e4,2018-04-11
6d44b31ace9597cb17ddf0de40a6ea51,09fec4d70947d5f83147b9e781962e8b,delivered,2018-07-16 23:18:53,2018-07-16 23:30:15,2018-07-18 14:24:00,2018-07-24 16:06:52,2018-08-06,01d540906498d52fa3b7f10b5ce735b2,2018-07-16
c5f43352377291361dad9a7366ae1c89,f9796700c0a1d4455471776293bbbc09,delivered,2017-11-22 14:15:15,2017-11-22 21:48:22,2017-11-27 18:57:23,2018-04-06 21:52:36,2017-12-18,86746b3b1b8b21f33b2e67c362e37cb5,2017-11-22
a7a059568a1148582144bcc98773cb10,6f02f922fac04edffca4b545e5bfefe8,delivered,2017-03-15 21:38:46,2017-03-15 21:38:46,2017-03-16 14:40:47,2017-03-30 16:57:41,2017-04-20,731549cda3b40efa2afd1d88ced3fc86,2017-03-15
5ac5d690e12a26a84e1dc443d318e82f,9b020fa3af617070b8d9988c2aff7fde,delivered,2018-08-17 01:10:44,2018-08-18 01:09:32,2018-08-20 14:52:00,2018-08-23 12:18:59,2018-09-19,eff3c348d187b0d05380e25719d6ad7c,2018-08-17
4947e751fe684314c040cac7a908143c,658209d1209b7ba76db76dacc08da700,delivered,2017-07-31 00:34:15,2017-07-31 00:45:17,2017-08-02 17:09:50,2017-08-10 21:09:33,2017-09-15,8745d1984c9d93c035dd5e7880ba82ef,2017-07-31
89bed55dd88d035e3b1b2489862e53cc,d2086bed6bec231d8db6a6158cc4b407,delivered,2018-01-05 17:03:43,2018-01-05 17:12:22,2018-01-10 19:56:56,2018-01-22 09:35:29,2018-02-09,ce66235f3ae695c2290c503c5bd108d1,2018-01-05
7e81615ea78ee199445fca4f2b1e760a,4c4f820a610c5c687e56d69a2f54ffcd,delivered,2018-02-08 19:03:12,2018-02-08 19:40:37,2018-02-09 19:36:49,2018-02-19 19:32:46,2018-03-02,b20dfd669face85e470f9ab5e0338277,2018-02-08
dec9866b0879f08278292fdf8ba51b62,f64c39748646a71d48509cc4d9908f2a,delivered,2018-03-14 12:09:51,2018-03-15 12:09:49,2018-03-15 23:04:26,2018-04-06 00:04:11,2018-04-09,00e5fd621e63c426ef718e2174ebedc5,2018-03-14
6df63dddfc5b87dd7294f148d6956c27,5467e28a6f75b063b51105ed95a8e111,delivered,2017-11-24 11:10:28,2017-11-24 13:14:53,2017-11-27 20:27:37,2017-12-16 14:24:44,2017-12-22,7dbfe5b64da1a1d4ba2bdfecec922a0e,2017-11-24
f15a1e73acaf52cc00304cd1c2b5f09d,20c8e36988db1c1f79d15317a43c0005,delivered,2017-07-12 09:16:44,2017-07-13 07:23:35,2017-07-18 17:56:16,2017-07-31 18:32:19,2017-08-07,f36384aa429cbf3e93498642a0f81da5,2017-07-12
915f541ee5f9fd7b10797945cfabf971,f29a766a89f68d0ee767d2cb03503603,delivered,2018-05-28 17:57:07,2018-05-30 02:32:29,2018-05-30 14:26:00,2018-06-13 19:58:24,2018-07-16,5c98e13c104b1c5ef94a5680afeacc72,2018-05-28
cacc1fb58a377d93574c303d6c901986,82750cc54b85f69aa3d33e87bcbfd55c,delivered,2017-11-07 08:53:13,2017-11-07 09:06:11,2017-11-14 20:17:11,2017-11-24 15:39:45,2017-11-27,8bd394096fe3c0b6536a35812de0f403,2017-11-07
a8cf8e962c524adf2aaedc5a876d0ab6,a8dd3c1ab4eeccb2a1bd2aec4f8d32e0,delivered,2018-04-05 07:53:49,2018-04-05 08:10:15,2018-04-05 21:08:21,2018-04-11 22:08:07,2018-04-30,18753de7f8b65856d23473280e71ceb2,2018-04-05
4f080f85daf0d53e2757336275292310,355fde2e1bf1fccfd0b734184246deba,delivered,2018-07-25 14:38:22,2018-07-25 14:50:07,2018-07-26 08:32:00,2018-07-27 14:11:51,2018-08-02,27426909dcd8c82c90ef8498a0b171ad,2018-07-25
425de35c38a6fbe5030783d1ebf2b93f,d757f3fd109b21e730d6ca8c9df50908,delivered,2017-08-26 19:27:19,2017-08-26 20:00:15,2017-08-29 20:34:01,2017-09-11 21:55:51,2017-09-18,fa9303ece2a915a96dc99ddd16da25b3,2017-08-26
85897c1837af1ba410fee4573c3f16de,a30761dd5c59782f811c2b413af317dd,delivered,2018-07-30 20:15:34,2018-07-30 21:31:44,2018-07-31 11:28:00,2018-08-06 16:02:44,2018-09-06,8cf762b009cc30f28dbbe764e9c3ecbf,2018-07-30
c05a45e107ce04b5439d590f79acf195,d9827127aa081ca5fbef7e37408d1be4,delivered,2018-03-05 21:13:28,2018-03-05 21:28:58,2018-03-07 02:42:04,2018-03-29 17:58:34,2018-03-28,7b813fa990d19e7e04b3299be1d78800,2018-03-05
51ff4a10777aeb7e9a0e28f9c5211ec8,4ceff68d9954da5a2b1b42a4ce0e0064,delivered,2018-01-10 21:44:01,2018-01-11 02:39:36,2018-01-15 17:47:55,2018-01-23 19:59:54,2018-02-02,510dda23465adfaed4ba7f32e0e09a51,2018-01-10
e81032820ec46f233a5cb7e835274872,81ff89d07f81125f4c3d1d570b49e826,delivered,2018-05-23 17:01:37,2018-05-24 02:34:39,2018-05-25 13:58:00,2018-06-07 19:48:33,2018-06-28,c412378f0ff12cd6699a9ab767a8e011,2018-05-23
1f68fb8b75dab6bde29558a8f1c8fe34,e761fa60706c9383584a879dadec7d64,delivered,2018-08-12 09:43:40,2018-08-14 04:44:20,2018-08-14 10:11:00,2018-08-24 20:48:30,2018-09-26,b86bb7e170395e327dc427b4a2ab0f59,2018-08-12
eb24356203f63304c71d81f2c841a02a,3ade1bb252ff5a9ac28b1f8738ec01b2,delivered,2017-06-04 12:44:27,2017-06-04 13:05:15,2017-06-06 06:53:47,2017-06-08 16:13:31,2017-06-19,771f0e0905089b99e2d18b65ac45d28d,2017-06-04
ed36a885373249eb36b298e9907b5ac3,f6eb32de7446f7ba98122e5b4d09b3c0,delivered,2017-11-25 10:50:33,2017-11-25 10:59:26,2017-11-27 18:36:14,2017-12-14 15:12:40,2017-12-22,9c2998408b54d12865254ebbd976cce4,2017-11-25
741653b1b2d0d37c62f1a1f90e93f02d,6915b266c843d2173c26493656177e5d,delivered,2018-06-27 09:46:09,2018-06-27 11:06:25,2018-06-27 15:02:00,2018-07-03 16:05:22,2018-07-20,a5afb1cd8d3b8126d2d39a7a29880c09,2018-06-27
30995c2450c43a071181b6f0c3602296,a1c153a37108b432398900fb6974d49c,delivered,2018-02-10 13:28:35,2018-02-10 14:08:20,2018-02-15 19:52:54,2018-02-28 15:45:38,2018-03-08,6c91e6dd6a6388b22ab77fd0d11b425f,2018-02-10
1c27ca778555f1927ccc2517c6509e1a,5d5607a9bee2ae41ec3cc5c6dba540ff,delivered,2017-05-21 11:29:45,2017-05-21 11:42:38,2017-05-24 20:04:03,2017-05-30 10:59:36,2017-06-09,aee0b4170ba6a64163c96a30a993aa1f,2017-05-21
508febacffe1f7bfaf96a76a59677e6d,dbddac608b5206746031a5b32d8fb469,delivered,2017-05-08 12:06:44,2017-05-09 13:10:43,2017-05-09 13:36:01,2017-05-30 09:43:51,2017-06-08,888be311c0d0d6bddf2075a680df2c39,2017-05-08
d673aab5cd4319eaaa7a9d00c12f1b0a,42bd78e6d23808ff87644a53123ffdbc,delivered,2017-08-20 17:06:42,2017-08-20 17:24:52,2017-08-22 20:52:15,2017-08-24 20:02:36,2017-09-13,64d42ea20f69526cd5704ae4b0ef5807,2017-08-20
da627a0b6c0976733e24aac04405eaa6,5124af0baf58d5daaab528b151972178,delivered,2018-05-08 22:56:02,2018-05-09 22:55:25,2018-05-15 16:03:00,2018-05-21 23:18:31,2018-05-30,9d26084ecb0a53cae19f906061d8c431,2018-05-08
fd65651f855608ad1aa52ff4a741c31a,d3cdfbb148046355e5f28cb8ca25fc7b,delivered,2018-04-28 22:01:33,2018-05-01 05:32:23,2018-05-02 13:05:00,2018-05-09 21:49:02,2018-05-25,e848ef442dc22806300e0d0f11673ec0,2018-04-28
119e67c344bd250bb9d6a6f1028fd678,3d2379343a747f1645e5cfdee7ebb595,delivered,2018-02-26 09:14:24,2018-02-27 04:31:04,2018-02-27 21:29:13,2018-03-12 18:21:42,2018-03-23,675ac93bfe37e833813fd6f957c878da,2018-02-26
5d681580aa55e4c0146507109ed65a98,1f5b69f5dd7c256aa9a601a4ec353abf,delivered,2017-11-28 11:10:35,2017-11-28 11:31:26,2017-12-05 17:39:06,2017-12-18 18:12:46,2018-01-10,d09f409faad9e00eaa59223831f79d54,2017-11-28
682d2a1eb8b2676fc3337cf90c96ca8b,ae4cf79e3528752966e1eeb9743fee41,invoiced,2018-03-05 16:26:53,2018-03-05 16:36:13,,,2018-03-21,227800bd0c18e68802569b94952fcd96,2018-03-05
d7db08dbc78c01587c1da8ce08e6269c,8790cf1cb7ba8a4fa434bea0529d1c54,delivered,2018-07-24 18:36:55,2018-07-24 18:45:13,2018-07-25 12:45:00,2018-07-26 15:38:49,2018-08-01,56420296fd5d06cf0488ee32a547b2ba,2018-07-24
0f93d63baf9f573e2d349ff7f1873f75,b98974c5a4c3e37d99a4a70e5c6e99ce,delivered,2018-01-17 16:54:50,2018-01-17 17:15:13,2018-01-24 11:15:47,2018-01-30 16:05:05,2018-02-23,54323229dc48b8282566230c887bbd49,2018-01-17
7c303e55404bf2462c89a320c8d47688,46562c13f2603ce314ac9047cf85bc42,delivered,2017-10-11 17:15:54,2017-10-11 17:28:27,2017-10-16 23:49:04,2017-10-21 16:08:15,2017-10-24,29829306a1ae979ec4542f001b85822d,2017-10-11
a806770e48c22cc0c2607982f3e87e30,ec690140f77f5ff4c884704c976e3489,delivered,2017-09-01 14:00:39,2017-09-01 14:15:19,2017-09-04 20:51:53,2017-09-15 18:53:49,2017-09-25,f9aea0c7384b3015a0c51f6f9d08e9eb,2017-09-01
49c6d2d936de699d0f22a5b66451200c,5ab2ff8c31146d43f7549a9c15a64be3,delivered,2018-06-27 07:45:51,2018-06-27 11:02:04,2018-06-28 10:04:00,2018-07-03 17:55:12,2018-07-18,7ec19e2ddf1bcd121685ff894f9bf05a,2018-06-27
d32d839e4c6f7772888cc70c40f23abe,f282c09c41cb14c6a88481deb1c0b25e,delivered,2018-01-18 23:19:22,2018-01-18 23:30:34,2018-01-19 17:48:36,2018-02-01 17:39:04,2018-02-15,316c893962c40dfcff2f2fdec409610f,2018-01-18
af4e1751fceaef178caea3c840671a83,b451a2164a5f018b0c83050e005c5d70,delivered,2017-10-31 23:00:50,2017-10-31 23:15:16,2017-11-01 15:52:18,2017-11-14 20:58:48,2017-11-23,3c75c0fea450b752516714cb6c8a73e6,2017-10-31
4f916177e07bacaaaf3d51df3cc133a6,6eebaa1366d1fecc9273ab402af38d5d,delivered,2017-10-27 14:28:52,2017-10-27 14:48:02,2017-10-30 15:33:58,2017-11-08 15:04:40,2017-11-13,fd7db41342c8a939b94a2e924993f84b,2017-10-27
ea9c1cc0e0584ca0228d483668d95799,f94c9d68a66760b7e46248dec580e423,delivered,2018-05-17 21:56:38,2018-05-18 17:55:25,2018-05-22 14:57:00,2018-06-08 14:38:54,2018-06-13,f55facac8c40907f178c8cbb6e6aa845,2018-05-17
cebaf65c7b34d3f42d887421dbaa1a30,5467b2f372aabb3861904be583bff4b9,delivered,2017-10-04 19:08:47,2017-10-04 19:25:51,2017-10-06 15:41:30,2017-10-19 20:53:26,2017-11-09,84ad83a83d6a8b7ccd0d7c0a3ddbfa68,2017-10-04
08e9e443708079a97897e24456987f83,3ba82631bd5d98cf9aed23c57a08cc13,delivered,2017-11-26 05:14:06,2017-11-28 05:18:06,2017-11-29 22:24:44,2017-12-02 00:44:47,2017-12-11,484ebf9e88a9ea286cba257eca428310,2017-11-26
f05cbc7f54dc6bbc92c808e2e8f7a305,9f9913a52dbfedbf6c7724c8a819bb1e,delivered,2018-01-20 16:49:19,2018-01-20 17:21:25,2018-01-24 18:09:24,2018-01-29 23:23:16,2018-02-14,94d6c1edd73b2f0b78f1ddf284c88521,2018-01-20
c0f3bbb3ae2e2d74db5fcd5a0e3c84e3,e2e25e1f6c10e641654ef18aa598cb58,delivered,2018-04-22 23:01:26,2018-04-24 19:23:54,2018-04-24 18:48:33,2018-04-30 15:50:02,2018-05-16,ff2a2d82e7be6e15ca8e373db5c3e1a1,2018-04-22
71b2f7e12c3ef6574e1deaddbef86465,e96f726a36912911368a300dc6cdc621,delivered,2018-01-04 22:19:40,2018-01-06 02:31:48,2018-01-09 20:00:06,2018-01-17 21:23:41,2018-02-02,2d86deb4b68b7d0b528c7163afad4f56,2018-01-04
1ca14127ecae7a3d413ed6b2f2447d44,36fd3beaf034e87d9acec32723c50fcc,delivered,2018-02-25 18:03:24,2018-02-25 18:10:38,2018-02-26 18:53:50,2018-03-06 13:21:53,2018-03-16,d32aa6488051539bbbb615faa280746c,2018-02-25
9e01038648e0a5eec4646fa5fd32b322,9ee4a3d1a9fb58a84f719389ef1e8285,processing,2018-01-05 10:33:03,2018-01-05 10:47:21,,,2018-02-05,c7af9105610c3a0d024e8a6553a18a14,2018-01-05
b9d664fece7771cd481b9fbd80715a8c,16359e16ed708f704e655b1b301a3a9d,delivered,2017-11-26 23:30:01,2017-11-26 23:53:18,2017-11-28 20:26:55,2017-12-05 17:47:43,2017-12-20,800c2cb1a4ca254bb22735e8898aa496,2017-11-26
f1e294ff3cef22b5bf945d1720dceb9e,e8181e1d84efc3d14d2d8a1827644608,delivered,2017-05-06 08:35:20,2017-05-06 08:45:11,2017-05-09 10:31:16,2017-05-22 16:00:04,2017-06-07,7c0179b15044913e0cbef59ea577f432,2017-05-06
d70fd017aef831ae5be08b4a58ad57ea,5bcee47546812cfd1ae22f687a1e266d,delivered,2017-06-27 22:10:42,2017-06-27 22:27:30,2017-06-29 09:08:03,2017-06-30 16:02:19,2017-07-11,6c0d9d3d767eb37c0db418c6eaaa72ee,2017-06-27
e8ac6018ea6a72532812adc8ec5fd61b,d3c54c41e7fb58398a9853d20b7b03bb,delivered,2018-06-18 10:26:16,2018-06-19 12:58:13,2018-06-20 16:57:00,2018-06-25 16:54:26,2018-07-30,ce687e65516d8e913c863edde6a382ba,2018-06-18
5b936ab56019f1650defd8eb181bfe6d,2a8e4ea4ec8d14fd8ffaacb4eac10c7e,delivered,2017-08-04 16:55:19,2017-08-04 17:10:13,2017-08-07 16:12:44,2017-08-18 19:43:28,2017-08-24,71622f660165f3a5312d1e83ac209ddf,2017-08-04
cf848a1927357659bfc5aec6664e9254,043563b734e56fc7efa52c47e58d339f,delivered,2018-05-10 20:12:10,2018-05-10 20:31:16,2018-05-14 06:35:00,2018-05-24 10:58:49,2018-06-05,52b8c13c04ff89a74189469d6261a450,2018-05-10
bda572f45be73ea760e1284b291abdca,4d92f7f7f7318308f9f4e3c169bb8e5b,delivered,2017-07-28 01:06:08,2017-07-28 01:23:56,2017-08-03 18:39:39,2017-08-08 21:05:12,2017-08-21,09a79fb3183ed0cf01ecd85a5699f5ee,2017-07-28
d1be5514260cbf085a5c99771a5b2741,b52057107651c25fbef2e3f3170b3035,delivered,2017-06-16 22:00:17,2017-06-16 22:15:17,2017-06-19 13:22:34,2017-06-26 15:27:52,2017-07-06,7076e1d260017df80ba8cea3e7b53ced,2017-06-16
eff853aac91ab73f53304207c4571d1f,c01e761974ab95b489519a88d0a3ca10,delivered,2018-02-09 23:23:23,2018-02-10 00:21:23,2018-02-15 00:23:29,2018-02-20 19:06:53,2018-03-12,e2a79d1ba35d619aeeb7450289cece3e,2018-02-09
b2c44ea2cec62e4994c10e8e84c266c5,e0afe6aecb9f6406541ff71b13fd9aa9,delivered,2018-07-18 11:09:48,2018-07-19 02:50:19,2018-07-19 09:22:00,2018-07-23 21:54:33,2018-08-08,45eaea613902ad53c34346788bea6cf7,2018-07-18
c98ff3e97a8d66fbea39ae151011b528,5b2e218f36d883174900b097068df0a0,delivered,2017-03-21 21:41:57,2017-03-21 21:41:57,2017-03-23 15:31:18,2017-03-31 13:33:25,2017-04-11,d423f36641a23f1ec3cb00fcd7ac5e17,2017-03-21
745101b25a8cf56c6a666486d68096c4,61aed053b6e0ce33701c758309d0c73e,delivered,2018-06-29 23:02:53,2018-06-29 23:15:10,2018-07-03 12:52:00,2018-07-10 17:51:30,2018-07-27,08e770470d379de4a2663319de8264f7,2018-06-29
a841f631323b344289173ff816576be6,a615e88159365c7690be8ff5c3816a24,delivered,2018-04-19 00:23:04,2018-04-19 00:35:16,2018-04-19 22:55:22,2018-04-30 18:27:39,2018-05-10,52c325f1f2eed5231c81d62a1279860c,2018-04-19
761504d99664606c4c83458bc89144a2,37b845ee1198626c1545c4b81f591960,delivered,2018-07-07 01:21:33,2018-07-07 10:15:25,2018-07-10 11:54:00,2018-07-12 20:56:49,2018-08-07,d12130dd085941b280cf5e447e243a1a,2018-07-07
6a05e48937319f63bbb0b27612473839,2d74cbac7470fa0af814cc8eb6913a97,delivered,2018-04-22 13:50:30,2018-04-24 19:03:39,2018-04-23 22:45:40,2018-04-26 23:41:29,2018-05-24,d13446fe20e4b0ef3afe562cd4baf41b,2018-04-22
4b6aa78846ad555241cc92ee58c815c6,07ae746c23c06957d56ae4f0a3f7b3fe,delivered,2017-12-03 18:18:26,2017-12-05 04:11:58,2017-12-07 16:39:58,2018-01-23 15:58:31,2017-12-28,2f3d09b69266cbab293052a3f0701f61,2017-12-03
5f5b21953fb3ca7d0ecdb72d5625d59b,98af4dc8bbae5bd1e334d1188985a12a,processing,2017-03-25 14:49:56,2017-03-25 15:02:37,,,2017-04-27,efd22f5f8fc7e5035a4f48bd92c0c69c,2017-03-25
0bfda094bb90714ad608c1b0bd16a458,224596c5a40f0b3fab3be69edd4db8b1,delivered,2017-12-07 10:31:38,2017-12-07 10:52:38,2017-12-08 20:08:52,2018-01-05 17:04:15,2018-01-08,1bfa238eaadd40580532424c2f383b46,2017-12-07
f9d6e4f177c33d17573279292f1473e4,59409983803dc8c6d5420c64f8fbb75e,delivered,2017-08-30 18:53:29,2017-08-30 19:10:45,2017-08-31 14:47:48,2017-09-14 20:57:42,2017-09-22,bef842662c9d89ad4d16c0f042fb6101,2017-08-30
1d549356573aec2c60e329901bdba77e,e087e4206a57c94336bb38ae8966bc25,delivered,2017-10-14 22:12:01,2017-10-14 22:28:16,2017-10-17 23:07:58,2017-10-30 15:13:55,2017-11-14,f43dbf4134f2d2eddd1549e48f094d53,2017-10-14
5d31808356c1ecbf7eeadc61144a098c,96893778bb00036d90c7c6c8082660b3,delivered,2017-10-17 11:47:02,2017-10-18 03:27:23,2017-10-27 22:04:39,2017-10-31 13:53:49,2017-11-03,6c9ad578a9b3a760bc9111c35be1ef88,2017-10-17
28f079a1f1568fda3a17841d6fe48390,459f6d9169372a39b0fe1f00e96947b4,delivered,2018-06-18 13:03:53,2018-06-18 13:16:52,2018-06-20 06:32:00,2018-06-23 15:03:44,2018-07-12,cb0a368f530b99e9016493d37fbd52ef,2018-06-18
9409061640fce9127ff7a2ee181a54dd,91a6d980cba73daae8c44f9dc8cbf87c,delivered,2017-08-13 12:37:51,2017-08-13 12:50:16,2017-08-14 18:51:28,2017-08-22 22:48:00,2017-09-11,701aa00d300c1408d5c2411fcd14278f,2017-08-13
156caec56018baa2f6c72fb6e88ba840,84dbf812901784d77f950cc0fcb9014f,delivered,2018-02-09 14:19:36,2018-02-09 14:30:39,2018-02-14 20:15:22,2018-03-05 16:05:07,2018-03-05,a9ebb66932edcfc2de4b6b50111992fd,2018-02-09
3ea0f9eb52e24e617df91f59795c8e97,3f9f099bb393a0445eb678708573d505,delivered,2017-05-19 13:07:05,2017-05-20 04:10:24,2017-05-24 15:44:58,2017-06-03 13:04:12,2017-06-23,b77ba1748741ff60dc9b72235031a6e8,2017-05-19
96430a36fecfa20f1eace66e1a99709d,49474459ede7f8da6d91842919d03b77,delivered,2017-12-04 14:44:18,2017-12-05 04:18:35,2017-12-11 20:35:26,2017-12-13 16:17:04,2018-01-02,8f1f89df8da6487d3d526e9b65252307,2017-12-04
9c3a601d7089e5ecff0515e743748165,4a2dd9d4f4e3b6f3f69b5ed6804e6741,delivered,2017-08-25 08:54:14,2017-08-25 09:05:12,2017-08-25 19:00:17,2017-09-05 14:34:23,2017-09-22,aa0e93762aea8c1d0d790c81f8359a26,2017-08-25
68e33327507074efed3dedd5d5c5d2bb,7229a83df3a86ede0f260e81e41cfe8f,delivered,2017-11-28 23:47:46,2017-11-29 00:15:57,2017-12-04 23:32:50,2017-12-13 19:19:00,2017-12-29,0c50bd4da930380921ccd158e2bdb1f9,2017-11-28
15820c28eeafa10a575899c57bba6cf9,bebae093f4094a228504a731abe54904,delivered,2018-02-26 18:51:50,2018-02-26 19:08:57,2018-02-28 00:55:10,2018-03-10 16:37:36,2018-03-26,39b7630b1953fd58c8a23a56a3b9d081,2018-02-26
5989e29098198898f9fe8490e6040c6b,0be456ed130a857046b0b296e0f9badf,delivered,2018-04-11 21:14:26,2018-04-11 21:30:22,2018-04-13 00:42:23,2018-04-14 01:10:50,2018-04-27,4046cc9e4828038b58ee191e1f713466,2018-04-11
aa7968b0028d36ccc666016b18193b0b,994d1cb2a69ad8faa51355e9f82d87e5,delivered,2017-07-23 19:54:45,2017-07-24 20:03:29,2017-07-26 10:49:43,2017-08-03 19:59:37,2017-08-15,e9adba2f114ab6a760eabee2d1a8b1de,2017-07-23
684325e74b4d2f07cfe986595c839a38,ab7bd3a7b1ef15e64891c730082323d7,delivered,2017-08-14 15:37:22,2017-08-17 03:05:58,2017-08-18 15:08:04,2017-08-30 21:25:06,2017-09-05,050405d24e96aa9c9e77c2acdeb588a8,2017-08-14
5e7b379aa81e0e21c5894e1f71cb45d6,92acf3602b221560d5f2eb2ffa151b30,delivered,2018-08-16 11:54:31,2018-08-16 16:49:14,2018-08-17 12:04:00,2018-08-28 19:08:41,2018-09-27,247e5800f22950ce58eb2b9bf273a205,2018-08-16
ac5de1927e41e3b34bc42017cd09a639,a5f0b30823ffc4dc423a99e3c1117093,delivered,2017-04-08 19:56:54,2017-04-08 20:05:19,2017-04-12 16:07:33,2017-04-19 12:56:15,2017-05-02,a610baccecf274a5709d822f0d3c1902,2017-04-08
94eb877f9f8fc251fafee5cd18ccbfa2,149ebf64a793b360ae72c444f70f09a2,delivered,2017-06-19 10:46:23,2017-06-19 11:03:31,2017-06-19 13:22:26,2017-06-30 09:49:29,2017-07-21,8f5d5587481508affdc1cca91a5186b2,2017-06-19
2009bc59edeb703f6656ed6103650c3a,8141fa15295fa6765313f1ff94d55251,delivered,2017-10-19 16:28:11,2017-10-19 16:49:43,2017-10-20 17:03:38,2017-11-01 21:38:38,2017-11-16,421c83dbf0abc824b47c6cafbd3f9c6b,2017-10-19
8cb4af66a9f35f0578f7fe7f325bb06b,9b1cb64a819230ecd6f20e2f3979ed56,delivered,2018-08-08 16:32:08,2018-08-08 16:45:21,2018-08-09 15:53:00,2018-08-10 20:38:46,2018-08-16,220c4476ff2c7c9553c9953059d0f9ae,2018-08-08
81e8c09d522d219a0cd01783458d450a,752e29e23f75f2d4681d00034970a391,delivered,2018-06-09 09:00:27,2018-06-09 09:15:10,2018-06-11 15:16:00,2018-06-12 19:36:24,2018-06-20,174d092c3a3a7dc762d9ffe2673f1856,2018-06-09
5478595838b69d4f1d19e87ec399eee6,e294a68d25cb786637b9bc7e4b9b7102,delivered,2017-08-27 09:12:42,2017-08-27 09:25:09,2017-08-28 22:43:18,2017-09-08 15:54:48,2017-09-25,a395c6ffeb0283ee1661c8307db448dd,2017-08-27
51bad80ba72ab8a453ed649e57f720d8,fbf5451e738fcfa9db314282cf63e42d,delivered,2018-02-23 12:26:34,2018-02-23 12:35:45,2018-02-26 21:06:11,2018-03-02 22:57:37,2018-03-20,99b08f89e4a47d47e609a9e675bdefa9,2018-02-23
0c13a63ac0ab32f6187a8347b7a3ce2a,b987d527657e243b4f3e40ee0c54f601,delivered,2018-04-26 14:14:34,2018-04-26 14:30:23,2018-04-27 14:00:00,2018-05-04 13:28:45,2018-05-22,b3792b4ada73207434d84fc6262ef5a3,2018-04-26
db00b566587066d4b94d12353f314334,5ea240c07b656d3b4437a5fdb6e49467,delivered,2017-10-06 09:42:10,2017-10-06 09:49:37,2017-10-06 19:36:39,2017-10-18 20:33:28,2017-11-03,b55876e896c86d91f8b9bfc1b7e5b456,2017-10-06
fcdc0725071f9d22fbb097c56f249f97,90fd95d36b8aa140a8d707170159f589,delivered,2017-07-17 13:29:33,2017-07-17 13:43:29,2017-07-17 20:27:41,2017-07-29 14:04:21,2017-07-28,bab0a43004cdd29ea907667f5b3c7b65,2017-07-17
9b9e08cb1a66ae45d2a91815cd8f4426,490759be2844c3b899a2fb95e6146bd8,delivered,2017-11-18 11:10:00,2017-11-18 15:50:26,2017-11-20 19:04:33,2017-12-11 15:28:46,2017-12-19,650ead9f7a29e4849f23064e01cde774,2017-11-18
d9b266532a703ffbf8d79b7c3f5878f5,d22a7c815670fdbfdf82f5d0ce5992f4,delivered,2018-01-04 14:35:44,2018-01-04 14:48:34,2018-01-05 14:36:55,2018-01-13 00:26:12,2018-01-30,06d3de3c6475cb7b4ba17847eab0ae1f,2018-01-04
46c5390f7670fb920f4ae9475c41cc5b,dcdbef6bf82b96189946e4eeea97cf24,delivered,2017-11-21 09:24:21,2017-11-23 02:47:32,2017-11-23 15:09:10,2017-11-28 20:57:50,2017-12-08,66f81d1a26906704fe31bde8bffd4fa6,2017-11-21
4d5e5391b853a3490c37d35e1c8c2c16,7a72f907fc15f755a5ce5713bee4677b,delivered,2018-01-16 15:59:41,2018-01-16 16:30:46,2018-01-18 21:09:11,2018-01-24 18:29:12,2018-02-06,f646c17584cdef653a56df78f55994ba,2018-01-16
ab588e77cdbcc3d63e479ba2862256a5,795c7957e005b7c433e0406269b6aa59,delivered,2017-10-01 16:55:36,2017-10-01 17:07:13,2017-10-05 16:13:55,2017-10-10 17:28:20,2017-11-01,95c4e4225c9477513b08afb77801543e,2017-10-01
64682ca1db0a46065072f31a87b390f8,f04aaccd5c720604537a81a6b14c46e6,delivered,2017-02-07 20:20:49,2017-02-07 20:30:12,2017-02-10 13:08:01,2017-02-24 08:21:38,2017-03-13,0f98c22e9d3c8e841a60e9e624950a96,2017-02-07
35a13b7de9e5b55996ceda5d5a5c039e,f12afed3b77d01de0d586131a3ca763d,delivered,2018-05-07 13:38:03,2018-05-09 03:11:35,2018-05-09 10:22:00,2018-05-14 14:24:57,2018-05-24,fa95c84c616832cf22d0e7f3b52d015d,2018-05-07
c676e726f8a14a9527b41b9dc50ca1bc,2ca78d68b23aa3531eb8c29f55194c4e,delivered,2017-11-08 17:50:22,2017-11-09 17:48:09,2017-11-13 20:58:39,2017-11-21 21:07:03,2017-11-30,8fb583f5dce8034af3119380a163d8f8,2017-11-08
7721205aced0b3db1d1f721f1a3cdd7e,077857f2672b24eef822c0e0e9b17e4b,delivered,2018-06-11 15:50:46,2018-06-11 16:20:11,2018-06-13 14:36:00,2018-06-27 19:11:12,2018-07-13,5d7992ae7004f1e0796f519619e013d3,2018-06-11
41410b416c3844a176f9246b27dd6816,8c210744246eea8e570126608adbf67f,delivered,2018-05-10 11:29:58,2018-05-11 03:10:47,2018-05-14 14:21:00,2018-05-17 15:48:59,2018-06-01,ed80b0317e45a38ac41e4c25583829af,2018-05-10
78b0551ae57e69c46a4e611580a87758,7d8e9609c6d42c59d166f7abaa03a518,delivered,2018-03-06 14:57:33,2018-03-07 02:10:36,2018-03-07 22:48:30,2018-03-15 16:37:23,2018-03-27,b88e0949545db3eb7b96a8b4b40e423c,2018-03-06
69264247c0a6cc0003e9c47fda4c4693,e5965ae365a0c0595e3eede0d156d975,delivered,2017-12-03 19:46:19,2017-12-04 18:30:31,2017-12-06 22:34:14,2017-12-29 17:27:31,2018-01-09,bb6acc4233d0bdefa0105ce60a0aa4f1,2017-12-03
da563e750f105c9dd1639bc8723677bb,522a49d1abcff5abae18f39988f43de9,delivered,2018-02-06 19:44:18,2018-02-06 20:31:22,2018-02-22 01:07:52,2018-03-12 21:58:29,2018-03-14,3939b78a6ef2c53d4623ddbcb995bdef,2018-02-06
a45f14114281e909364e9833b3c22047,118eb1a0ef26fdf4b7474738d208d3b6,delivered,2017-07-22 20:19:42,2017-07-22 20:30:14,2017-07-25 12:04:43,2017-08-04 18:17:55,2017-08-21,09d6a48fb70129cbd654846175e35e2c,2017-07-22
0bcaf262925111aa4be36f35bcb92fdd,b28cfa829bf591383854c3fe2bc809da,delivered,2018-04-08 19:26:09,2018-04-08 19:35:20,2018-04-09 18:52:26,2018-05-04 19:26:35,2018-05-10,7019c99575147f8ea1bbf0a6e281bbf9,2018-04-08
206dc2e3ed3121cb9271e8922d9650b3,f989b6b1bb5f0245a0280ff76a677f11,delivered,2018-04-04 08:31:35,2018-04-05 02:10:42,2018-04-05 20:48:35,2018-04-15 12:59:03,2018-04-23,d3c3f16d67a1e9c58841d83a420da18b,2018-04-04
bcc93ae5358fc8dbcbcb60fbcfff8f41,eb8f0c025a3b5b13a273229de9fe33c5,delivered,2018-03-16 23:14:02,2018-03-16 23:27:58,2018-03-19 23:47:40,2018-04-12 16:44:52,2018-04-16,97121d2ec1f6dda0bb85f6267622aebb,2018-03-16
0fa9912ed473d9281b394bb3f562cfba,d9044406394fa70a99a15c07f7f215f1,delivered,2018-08-20 22:06:01,2018-08-21 04:50:03,2018-08-22 14:27:00,2018-08-23 13:56:43,2018-08-27,34a17d2030388bc2dcc3082c8f77a75c,2018-08-20
de5881f12fd365b2a48dbcccf5241510,62b7ce7bd2b7d0bcca837c766ddf4193,delivered,2017-07-12 19:58:51,2017-07-14 02:25:22,2017-07-14 18:21:29,2017-07-24 21:54:34,2017-08-03,b0d20057abf868736e5d54a1b8dbd028,2017-07-12
81710e0039b0dcda11c1f114e3dda5cf,1bdfe41bb922828fb6d4eb176ac20071,delivered,2018-08-22 18:03:39,2018-08-22 18:24:18,2018-08-23 12:07:00,2018-08-28 09:31:24,2018-09-27,d649357bd5b1b116bf9662f41259db37,2018-08-22
9f8177425941a76fb6aece9cb6d05660,ebce6fc6a9bec43c687015788821a9e3,delivered,2017-04-26 21:51:37,2017-04-26 22:05:11,2017-04-27 10:15:23,2017-05-08 16:52:14,2017-06-07,5835368a54b2686ce75f0127c793a8f0,2017-04-26
dd76a5f4fd89348d27741160d6025fc8,14004fd07ceaa42a07f06dcdee343fa4,delivered,2018-08-08 15:21:54,2018-08-08 16:05:09,2018-08-09 09:45:00,2018-08-10 17:08:46,2018-08-13,5d090bf0d5a39b62327ccc888d1ec0bb,2018-08-08
e10c080e6f7f8136087836cadcd26199,6f58e369991106fe684c3c4364508a94,delivered,2018-08-02 13:38:58,2018-08-02 13:50:23,2018-08-03 08:48:00,2018-09-10 19:53:45,2018-08-23,def127928e892d48d207237750719bc9,2018-08-02
afc58387b17fa794fd73b0773a9f6ea7,19365ad6a18ccf1baf6eb71c30651096,delivered,2017-06-18 18:57:04,2017-06-19 06:35:26,2017-06-22 05:47:46,2017-07-06 16:48:41,2017-08-02,149b43a4776ea0a773ac75bc58830fb9,2017-06-18
403a0fd88d423ef5d91893e2787c806f,3d3cb9e12226eb6ec0e87ad38b0fcb82,delivered,2018-04-23 12:44:33,2018-04-24 17:37:20,2018-04-26 12:25:00,2018-05-16 17:28:36,2018-05-18,b97a913461d151c37812d11673125b52,2018-04-23
674f118582ce68f137f8a355527a1edc,18ba4e53d6602576bd29b279e46b8fa6,delivered,2018-06-23 15:41:38,2018-06-23 15:55:58,2018-06-27 09:15:00,2018-07-10 14:31:58,2018-07-20,d42ada67e15c9c011d37b0451df43614,2018-06-23
d839387d867d8d152843b37c4b8b09e8,de3fa59dd658cd8b47a1634125047c01,delivered,2018-03-25 19:15:06,2018-03-25 19:30:28,2018-03-27 00:58:38,2018-04-02 12:31:40,2018-04-12,fa87e5558d2010f19641ca49363d5a1a,2018-03-25
fb5ae559d53a2c9ad1f34f3b98085457,e7e417314d3929e21b06799c5ee30e19,delivered,2018-05-14 11:43:47,2018-05-14 12:16:50,2018-05-17 14:36:00,2018-05-21 17:03:48,2018-06-01,f340f12e4df603ee42fd34302579ded3,2018-05-14
ee952aac074eb5c8cf647ff715c6d8f1,15e8e627b3c67564f6278c7e5737e8b2,delivered,2018-02-05 09:38:11,2018-02-05 09:50:21,2018-02-06 11:58:27,2018-02-14 14:19:05,2018-03-06,728347066c1627e1a441b35114de2011,2018-02-05
83cdaf1fee6d4d6571452dc67cf1c0b0,141cf07c404451e83e162668b126d0b6,delivered,2018-02-14 10:20:58,2018-02-14 10:35:27,2018-02-15 00:17:00,2018-03-12 17:26:30,2018-03-14,4db1d5d57fc6728dd493b075a989fba5,2018-02-14
2869ddcbc4b0d9b659598ff9b1e68e14,d6cabea39275e01eaeaea9945d2380e3,delivered,2017-11-10 10:10:34,2017-11-10 10:26:45,2017-11-10 19:45:33,2017-11-13 21:12:25,2017-11-24,98d73b235a50fa27077ec2a38cd80db5,2017-11-10
897f61323b0f93ac1775c22e91889758,790edc01cc91b3933f4bdd8f0724deab,delivered,2018-02-05 17:04:21,2018-02-05 17:32:46,2018-02-14 20:51:54,2018-02-19 21:22:42,2018-03-09,42f240a54bdc815fbf1478d97fe12f24,2018-02-05
8f392cfc52d27b65c4c194b60216873e,4cc039b3cff6bee52ab83a5976066c9e,delivered,2018-05-12 15:00:46,2018-05-12 15:22:47,2018-05-15 10:33:00,2018-05-21 14:28:41,2018-05-30,28b73781996ecf6d9165e4a6a4485946,2018-05-12
5c94ad4e194c0e6794688a9d2b9ea94b,ad6acb9e0ffc35906b64d488bbdb6d5a,delivered,2018-03-12 00:08:47,2018-03-12 18:50:24,2018-03-14 16:58:35,2018-04-12 23:47:35,2018-04-02,ca50300f552f1bc9b5aa898a29382d69,2018-03-12
0ab49faaefb509c82d19a0d26239a4e3,c10b88c988a53a341a80374467f2251b,delivered,2018-02-25 15:27:02,2018-02-25 15:35:24,2018-03-05 21:04:30,2018-03-15 18:03:37,2018-04-03,8322ac348d132588470c5e8cc56b2bb8,2018-02-25
424fede77e7b571eca6ff46a2276f8af,4a090bc0cc777184ea3be03e5ebe2d97,delivered,2017-08-04 19:12:56,2017-08-04 19:25:16,2017-08-07 15:28:36,2017-08-09 16:49:55,2017-08-17,5b71ca52f13f79c2be72b2aad8755c0a,2017-08-04
6cb6dd42d4278b77aded588ee52089af,c7a2010b40eb2a407925648fe8a01b3b,delivered,2017-09-24 15:17:01,2017-09-24 15:30:22,2017-09-27 15:38:10,2017-10-13 19:06:45,2017-10-26,12344d72ef24b5ee0bd4315b81cf2fb2,2017-09-24
51a7e6cfd3daa5187a2f973c44a74a74,c04eb50c0972e84c3c4f3bbe3e8e4205,delivered,2017-09-26 22:47:22,2017-09-26 22:56:24,2017-09-28 17:27:52,2017-10-04 22:04:15,2017-10-23,d197ce1255a1bae6e7f97a475f3a0e99,2017-09-26
e4355b11f8adb9cfd1883d34dfedb6c7,812886b70c5584fc028811f11a1ee2bf,delivered,2018-05-28 17:42:26,2018-05-28 17:55:58,2018-05-29 13:02:00,2018-06-07 21:48:29,2018-07-16,5061b8a4932117dd2749e176c8bb2194,2018-05-28
2f7ba623f95dc3038a0a6ffd1ff0ee05,ef3507482071764374d15fa9a2daf229,delivered,2018-02-04 23:30:40,2018-02-04 23:49:48,2018-02-06 20:45:58,2018-02-20 00:35:52,2018-03-13,16db3dfb1bfa5b64e7319fc602b9b7a6,2018-02-04
bac64cbfd217477d0b1d11fd3552ffbf,1600093c29588c00ddcdecf90a48a37e,delivered,2018-06-01 08:53:45,2018-06-01 09:12:26,2018-06-05 11:36:00,2018-06-08 14:51:57,2018-07-05,fcdaeb2765f628e77ac122697be8b6e1,2018-06-01
2d5ace7adfe7a22628453f05952b4ebd,4daa0d0981e9d618145125161e32e609,delivered,2017-10-15 15:02:11,2017-10-15 15:14:09,2017-10-17 12:05:06,2017-10-26 18:43:00,2017-11-07,f37fdbe259806e14c80df9ebb32e32c7,2017-10-15
f2739add905097812d5742efa6236dd8,236b80758733fd4d08eabe89ac988ba2,delivered,2018-04-04 22:11:56,2018-04-06 03:28:27,2018-04-11 18:28:30,2018-04-16 17:52:08,2018-04-24,aecf5c431b59f928547aaf4673004548,2018-04-04
f100cd7a3bb7126a954ad2cbc2b3715a,fb944bccd653c5ddbd20241772e5c11d,delivered,2018-01-04 21:27:37,2018-01-04 21:35:26,2018-01-08 21:28:17,2018-01-09 22:43:52,2018-01-23,107dff7bfb8b899a3f93872109acbe06,2018-01-04
d0b89f48792a49d4ed750adcc08236c5,30109fdf21ee8eee47eadbe1cc84bec5,shipped,2017-11-04 17:35:10,2017-11-07 06:31:22,2017-11-08 22:56:46,,2017-12-06,ec926d74ab971660d5584693e3c317dc,2017-11-04
8c6a8f98b933ff47c7aa8404079d9136,4074bd6acc805899fffe98d0a3f2a27d,delivered,2018-08-21 11:28:41,2018-08-21 12:20:35,2018-08-21 18:33:00,2018-08-24 19:48:47,2018-09-03,4b54dce0c254a2c434f4d404076f53c1,2018-08-21
592acf1c0b9009209dc5aa920c851eb1,3f56dd50e9e17610e6ecd05e5d40f1fa,delivered,2018-03-19 14:51:55,2018-03-19 15:17:37,2018-03-21 18:51:15,2018-04-26 21:38:28,2018-04-13,34cb980af7e2752e9b706c8acd053886,2018-03-19
367733070da9a9f5f70e9a9cceb99ea3,a5d3e93a8713730e3228a6cb80a983ef,delivered,2017-05-17 02:00:05,2017-05-17 02:15:16,2017-05-18 13:39:14,2017-05-19 08:47:43,2017-05-30,c5f7c49309422ad1ab3af1c3519f92f5,2017-05-17
6182a6a2883cf658f3a1988d3b962361,4529b4ef395aedf9efb99f2e529742b4,delivered,2017-11-24 00:23:23,2017-11-24 00:56:42,2017-11-29 10:19:07,2017-12-05 17:59:13,2017-12-27,123071b0b13ed0b2b5b356aef1e0af6b,2017-11-24
2683588ebcc532200c4f60c63f07564e,1ba98719bd1a96bacf6e1f03a1a0c58b,delivered,2018-02-14 11:35:41,2018-02-14 11:50:25,2018-02-23 20:39:01,2018-02-25 10:38:41,2018-03-07,deb80c0c040399f7ea8f47160bc7362b,2018-02-14
ec7374fe6c0218473cecb08f8fbeca34,0c0770e40680fcb4ae855ee1493ff116,delivered,2018-03-19 20:17:12,2018-03-21 02:56:22,2018-03-21 19:23:38,2018-04-20 16:25:25,2018-04-20,ef7bbc96acc16599dbd8461a8eed42f6,2018-03-19
290ddcae91adc1a252875ba0b4d079b6,46ee1808ca23dac63ed903192d64caad,delivered,2017-11-29 11:10:20,2017-11-29 11:30:28,2017-12-04 20:29:13,2017-12-09 18:25:06,2017-12-19,4fa8f0f2f68d0111c26474ba4dc5e264,2017-11-29
0113c9989fe6e5007795daec0633b405,b655e5fd84f933787506b58d4060458c,delivered,2018-06-25 13:18:44,2018-06-25 13:34:00,2018-06-27 09:06:00,2018-06-29 22:14:28,2018-07-17,1314a4c9d175673d953df0dc729363fa,2018-06-25
84d73646bd06c266e75c700a81865efa,bb122a2b84d2a7541c303a69605b1407,delivered,2017-08-11 22:33:15,2017-08-11 22:45:18,2017-08-16 19:45:28,2017-08-25 19:11:57,2017-09-04,41afcdc82737b761574cb9d975baaca4,2017-08-11
d1839b49944e9f40df652ab476e812b7,31a49e7216dce11ebc422cc2b3226b11,delivered,2018-03-01 10:35:27,2018-03-01 10:50:23,2018-03-01 21:39:58,2018-03-02 21:52:39,2018-03-13,f8bffe1586fdae62dd3646353a25f958,2018-03-01
7b14b680a9c285d579e2a51495f30173,c68fdd92d5ccd9fcb9af63f50661c9d1,delivered,2017-05-03 19:41:22,2017-05-04 02:50:45,2017-05-04 13:12:11,2017-05-16 12:25:50,2017-05-24,294e0922aa06792eea5094656727c0bd,2017-05-03
4b1267d8500339f462cf46b50a8a9636,8af67380cc7a746bf33c38edc3d9f25b,delivered,2017-11-26 09:24:19,2017-11-26 09:35:25,2017-11-28 10:11:28,2017-12-05 21:51:42,2017-12-15,edcbc1e1721af1a5e5487d93a33877c6,2017-11-26
1573c1514d9e6b02151d3f7a1e9b0b20,223811908c4b45b0238ea546789c3c4b,delivered,2018-02-15 09:48:48,2018-02-15 18:06:59,2018-02-20 15:12:06,2018-02-21 17:39:15,2018-03-02,fa3fda87f7149d65fb083ae77a611085,2018-02-15
a56858987ef5c87519d953a5b32ba118,bcd0ae50d596ef7885e4f4674f42e8be,delivered,2018-08-02 14:08:17,2018-08-03 02:45:24,2018-08-03 17:04:00,2018-08-07 19:12:44,2018-08-09,c80be11050fb6b795e47ccb7b0467f9d,2018-08-02
bf73e0181d7714c0895819417808a4db,1098ce1ccc3bfaa12bbe23ba3238d29a,delivered,2018-01-29 14:31:08,2018-01-30 03:39:05,2018-02-01 20:33:19,2018-02-06 17:52:04,2018-02-14,9b91415af0046040b56ef137c2153afb,2018-01-29
e27f75a6e3e2d3bb69d8b4b19b12c03b,8344d6a46470022a952cb0eaad98b5fd,delivered,2018-01-22 09:42:20,2018-01-22 14:14:55,2018-01-24 20:43:11,2018-02-02 16:21:58,2018-02-23,53cc1f585a08594adccd48e32c6e0bc5,2018-01-22
f83c68e578bac1175f2406be22ffa402,ab42f0d79cbb06a620ad8cdf613aaa04,delivered,2018-03-11 11:00:55,2018-03-11 11:10:33,2018-03-20 17:51:30,2018-04-11 01:06:31,2018-04-26,684258cc9ab0acff4d21abe3a7c16cb4,2018-03-11
89dfa3424af84d352b23e927753fcc2a,116a1ceb6192897d74b02c187537a42b,delivered,2018-01-22 20:27:05,2018-01-22 20:38:25,2018-01-24 18:02:43,2018-01-25 23:27:54,2018-02-06,909c7c67562fad5608b081d5bf765878,2018-01-22
81c79eab1c92dee31a9a5194bf6098a4,a9d6d93225edcd259f4cd5e10d5ef656,delivered,2018-06-25 22:49:29,2018-06-26 00:33:21,2018-06-26 17:17:00,2018-06-28 16:51:04,2018-07-12,71c345d302ee36858bddf6299d7aaa12,2018-06-25
722386554db30cc491765712a63ddf36,c93628f3179270d786e3b86127cea956,delivered,2018-01-03 01:03:55,2018-01-05 02:32:41,2018-01-06 08:58:59,2018-01-09 20:25:26,2018-01-19,64758cddf461603090f6148cc5060c5f,2018-01-03
175825d48ba5a2082a843888ac1b08fb,3a0c8119f309fd45eba9438633c4bb90,delivered,2018-01-15 11:46:18,2018-01-15 16:37:22,2018-01-24 18:21:47,2018-02-16 19:16:40,2018-02-26,e30de6935384f5da1b7e9ff4551ccb87,2018-01-15
396edbf3fd93df6ebe7bb415f5af60c9,73525342ac09c029b29da85b83796bd7,delivered,2017-09-01 12:43:38,2017-09-01 12:55:17,2017-09-01 20:37:24,2017-09-13 18:17:38,2017-09-27,ce60a50b73f7934a7d4caa92f2f05bbf,2017-09-01
02a9c0d24428f373731752bcc9719ebe,2d99f1ab585a5ca8c2d77dd6fa57eae4,delivered,2017-06-11 11:00:52,2017-06-11 11:10:21,2017-06-13 11:14:06,2017-07-13 14:13:39,2017-07-04,dd1e9538fb98728cae371bf3a0ca541e,2017-06-11
9fbc0f9b99b05800100124db58b25182,e112ed07fe7a10bd700bcd050ffcb80b,delivered,2018-01-05 13:03:02,2018-01-09 07:20:45,2018-01-10 18:16:44,2018-01-12 15:26:40,2018-01-29,aaf59cbded21ebc6782b46d5dc7edd2f,2018-01-05
bf1f8df62b104db3de943cf23ed71435,f09da4a140386d7af34fb63abe90d9eb,delivered,2018-05-25 08:16:47,2018-05-25 08:36:53,2018-05-25 13:35:00,2018-06-01 21:10:47,2018-06-12,9a030eb880830e1e00a6a5954e121bed,2018-05-25
e4a0627e35b5bb50621fc55c9ccc7ea2,7c1280fec3db2b7f7a48f4f82f543857,delivered,2018-04-09 15:27:06,2018-04-09 15:51:07,2018-04-12 12:33:25,2018-04-17 18:51:44,2018-05-03,c910f6736e33cb30b5a36c2bee9b05e2,2018-04-09
ac527bd1d7b039324e6abde8f56655f7,43dba26ab5410670330c828f8d9f0b5f,delivered,2017-10-20 17:23:49,2017-10-23 13:49:19,2017-10-25 21:02:56,2017-10-30 16:17:58,2017-11-03,4e6d32b7ea980a1f1059591c924544c1,2017-10-20
ef09e0c5ee546ca303e96e3fe4c0c435,bdf828d06745a472fb6fcaba6cd2fff0,delivered,2018-03-08 21:28:02,2018-03-08 21:35:31,2018-03-09 17:12:46,2018-03-28 17:56:37,2018-04-17,6324e6fcb38de95df920164f2e695eb4,2018-03-08
0b9a8b8e703c7c54c11e7f2a057d3cfc,5a6661b43e78a355ca55ac1443db9e50,delivered,2018-03-11 09:27:22,2018-03-11 10:29:30,2018-03-12 18:59:42,2018-04-11 21:38:53,2018-04-13,92e1775d487ac96a09d0d17139f37a48,2018-03-11
7bcfb6639ba008fcba63f5ffc157caa0,d13a7286a1134d92e5683129e5cad53e,delivered,2017-10-17 22:35:43,2017-10-17 22:50:04,2017-10-19 12:34:09,2017-10-27 14:27:49,2017-11-08,f15a9046c797a0d3fe984e85941b7db1,2017-10-17
5d4641e1bc38e17f79478bb33fdfbb0e,da8ba8c96cedb55c833c0371aff309bf,delivered,2018-04-03 21:05:30,2018-04-03 21:15:21,2018-04-04 19:09:02,2018-04-13 20:12:53,2018-04-25,1485ab027957cdb7d0efcf1487bf49a1,2018-04-03
3c31094fbd7da6168cc190beedf23888,61011b38e0c96a6745cd20950babd60c,delivered,2017-10-16 15:39:28,2017-10-17 03:46:00,2017-10-23 18:50:06,2017-11-01 19:29:47,2017-11-08,bf1a3ae0edc94deecb0de97109276623,2017-10-16
1bb2f9c66f255ce7f266291901ba9c26,c674fbbf227a2a5b3b49f02d259954d0,delivered,2018-07-28 15:50:13,2018-07-28 16:05:13,2018-07-30 11:53:00,2018-08-03 11:22:00,2018-08-14,a6ac63c6cecf4e5122bcedaa54c2b2de,2018-07-28
3525c1f0c416e65d601c6a9b2ecc9e96,4faa5d21866af70e949cce2680fdfe0f,delivered,2018-06-23 01:17:19,2018-06-23 01:40:41,2018-06-25 15:14:00,2018-06-29 18:22:15,2018-07-30,884c2ea131630d0d28f1a771be97a1bf,2018-06-23
bc73dee75b47199fd9c5c4140ae5b1d9,758bbbd183263ddb54951ac5230b9aee,delivered,2018-04-09 13:23:52,2018-04-10 03:50:31,2018-04-10 19:58:44,2018-04-13 21:07:34,2018-04-19,72258a7fb6515ed042d277dfe4c2cb12,2018-04-09
f44117f1303c4e6573d463bdedff85de,e6dd87c0a279cc723ce26f838b5b6ca3,delivered,2018-04-20 18:02:52,2018-04-24 19:19:40,2018-04-25 11:58:00,2018-05-07 14:54:58,2018-05-18,e07bc32087f23e0d27ff1cfb337943d8,2018-04-20
fd58bdbb6cc5d7519e063c3ceb7e951b,df015cc56f529c0969b94f5985b0a970,delivered,2018-04-25 13:02:26,2018-04-25 13:15:26,2018-04-25 12:36:00,2018-05-08 16:32:17,2018-05-28,8ee17b389ad6645bf25242a99cdd729a,2018-04-25
52af753a3f7bef8c2802da99f6a57751,3a581f67db730aa4b679954a56cc5840,delivered,2018-03-05 12:37:23,2018-03-06 12:35:45,2018-03-08 16:16:35,2018-03-26 23:44:43,2018-04-02,8d4c7f9a1523ad5f2db9e08cb4f43bd3,2018-03-05
9d39599dfc361c9c47a4b03d29938289,f39e1f8c72771843ae949827cf3d122c,delivered,2017-09-22 22:12:04,2017-09-22 22:24:22,2017-09-26 20:28:09,2017-09-28 19:52:43,2017-10-16,992a7ddb546d86b8e2b457b261881ded,2017-09-22
4e6998b16cea0eaa364e4e20c31ea5a5,ebb49c4725b53f20d3b9ee915dc85365,delivered,2018-08-12 19:30:53,2018-08-12 19:45:13,2018-08-16 14:10:00,2018-08-23 23:12:08,2018-08-28,38cf1d19f55fcf73ffb24fd534657f89,2018-08-12
499973f14af890d0e5c08bc600590ec4,a644339bf7abd0f72f6de816e4a2f80a,delivered,2018-05-08 13:53:49,2018-05-09 03:35:10,2018-05-10 14:19:00,2018-05-17 21:54:32,2018-06-07,3b7827bc2e2bd15245c5878215d72e2a,2018-05-08
e6e3ea418f0f343e88a3dc62eaf24699,01c77b0f81a1e64cc8de4f736226f7a1,delivered,2018-03-12 21:31:18,2018-03-14 02:48:54,2018-03-14 20:47:24,2018-03-16 21:40:44,2018-03-22,4e11a713ef5224c1b4e2409ed9a05e15,2018-03-12
415c8cb8b60f8371900c2abb3ce6a0c3,647c41a2f25905e22085a06adca6c76f,delivered,2018-06-09 19:43:35,2018-06-09 20:18:39,2018-06-11 14:37:00,2018-06-28 17:05:35,2018-07-16,ea307149babfcd8c426059ca8482558f,2018-06-09
81a1711311a8709f7d6522bd98d36745,41d767e74e4e672f2f185ca5eb71cb68,delivered,2018-04-30 12:34:54,2018-05-01 05:32:31,2018-05-03 14:47:00,2018-05-15 18:31:30,2018-05-29,eca8479257eba8c8caddc0617d9d587e,2018-04-30
1ed9a7f3d298570629e4d027458f4d49,98c3d3ba07fd808cfab5296bcdf5e2c7,delivered,2017-09-21 13:07:21,2017-09-23 02:25:54,2017-09-25 14:04:34,2017-10-07 14:28:34,2017-10-24,6521cfec2db9b6d19e18560b5feb9648,2017-09-21
544d402a31face804470974fc7f191e9,57200c2e69f0df7ebf5275849c9272a5,delivered,2018-07-19 19:04:28,2018-07-19 19:23:15,2018-07-20 15:11:00,2018-07-25 13:04:45,2018-08-10,a66e6a190b489e6417f85af7092ddc46,2018-07-19
73b4137fe1a1e6cc800bd6ee7bde208d,97d444c822cacc3d740f6de35fe5998a,delivered,2018-06-03 20:50:30,2018-06-03 21:11:30,2018-06-04 14:00:00,2018-06-18 21:12:35,2018-07-24,9719870f10bd3b010c8f26d93ff886a0,2018-06-03
43c77c1881febf0c89c17b98fa782d6d,23922448e9b4204253e23526929255a2,delivered,2017-10-04 14:12:12,2017-10-04 14:28:54,2017-10-09 21:35:58,2017-10-17 14:13:07,2017-10-27,180a42f7f2f9a518a4168b74ca650848,2017-10-04
75d2d598319b1d4228d4ee4b82e61ff3,a408804c2ca25f708718ea11750de00f,delivered,2017-12-12 11:11:56,2017-12-12 11:28:51,2017-12-15 19:54:51,2017-12-27 19:51:40,2018-01-10,dbab7e7f2f9001c2afd509d4116ca726,2017-12-12
7ced17eac048bb56b535174eae0bcb7d,c85bb283fa5d77323cdbeb754b936e99,delivered,2017-05-06 17:47:06,2017-05-06 17:55:19,2017-05-09 15:21:06,2017-05-22 17:36:57,2017-05-31,790a085b80b0152b8e6fbe160e4d3326,2017-05-06
abb7c138395463396390ee722de3f80b,5c99d451690cfa7e46e01cd86efcc265,delivered,2017-09-05 14:40:43,2017-09-06 02:55:12,2017-09-06 20:35:50,2017-09-12 20:24:49,2017-09-26,04b7afdeb5439d90a3e49335f2ca6aad,2017-09-05
d311155c38169d602c7337aba432ee01,bb80f141117e7139d81a37ec79a558c5,delivered,2018-01-26 13:19:23,2018-01-27 02:40:16,2018-01-30 00:45:02,2018-02-21 17:42:50,2018-02-19,a3ac43fcdcdcd2d90269dfd3332dae44,2018-01-26
cff314344e536186940328c1c6ceec96,c4431889054423d14f32d584f7155bb1,delivered,2018-01-26 14:40:54,2018-01-26 14:59:05,2018-01-26 23:25:46,2018-02-06 22:08:55,2018-02-09,45ce9c14f4f5486438cc7e07ef70db99,2018-01-26
91eefa3cd52e8361bd4f6106356c6d0c,b3cf661a70e3c94f3cc83a11bdc90613,delivered,2017-04-09 13:15:47,2017-04-09 13:25:07,2017-04-11 12:55:25,2017-04-17 11:48:18,2017-05-05,ac852d256a91a9ea4e9b791f43c10305,2017-04-09
b41d775a8d51e0fc8f93d72cdcdf1b39,7f6cabc1cfc4fa9e3db23f6dd1ea6317,delivered,2018-03-26 16:21:49,2018-03-26 16:35:20,2018-03-28 19:57:36,2018-04-09 22:12:52,2018-04-17,d36f96e1eda5c86966988768b21d34d0,2018-03-26
6fe0da0adf3efb1bdf8b3423379928b1,52d65bbe0f3fd71c8bf08f3f38e498c5,delivered,2018-02-17 23:18:19,2018-02-18 00:26:41,2018-02-21 19:26:53,2018-02-26 20:29:56,2018-03-14,efe945db974f1245157b571121e36708,2018-02-17
4619fa9317a02816b5b83631ff90b93f,91df91f61d39461148a862af99f34ee5,delivered,2017-12-15 11:06:15,2017-12-15 11:13:18,2017-12-15 19:27:41,2017-12-18 16:13:03,2018-01-04,7a311d62282fa63be12b02aef2fd21d1,2017-12-15
e684eea8e657e070728db7f897e2c6ab,a16986ccb65a66e2845b427a0ecfbca0,delivered,2018-06-27 22:22:54,2018-06-28 01:11:17,2018-06-28 15:14:00,2018-07-04 20:03:08,2018-07-18,cd0e52baedcb82662b0accd789d7f221,2018-06-27
6976421e858af2e4b388ccfac68236ee,ee2cf50cca8c6f163c99082f8ed86c1a,delivered,2017-06-09 13:20:26,2017-06-09 13:30:24,2017-06-12 09:49:30,2017-06-19 17:53:40,2017-07-04,0a6346d93cbc92b5c7f7d884254cabbf,2017-06-09
3be2b1040cee4f1c19a48c57ca3d2640,15baa4d1c9fd174d26e105980d24aeb9,delivered,2017-09-12 09:21:38,2017-09-12 09:35:13,2017-09-14 17:39:03,2017-10-06 19:47:55,2017-10-02,fe3e52de024b82706717c38c8e183084,2017-09-12
fcb1e2586649d5835b9d01200905a76c,5c0a1e095bb3f9c4d9e64b4a0d597923,delivered,2018-03-22 15:59:15,2018-03-22 16:50:33,2018-03-23 20:41:32,2018-04-02 18:47:02,2018-04-10,d6b1bb1b50ce85edbf28f0e7c19c2498,2018-03-22
fdd1fb95516e360a47c2a3babcd4edd0,5da45c1f98656331089701cb8f850153,delivered,2017-04-03 23:19:02,2017-04-05 02:45:18,2017-04-07 14:42:19,2017-04-27 09:17:26,2017-05-02,e528ecbe1477d5b1772eee90ff2e9420,2017-04-03
acbd43df296646b7b242d1e25b18a646,ab73bc2a2fc1188712c1c764be830d08,delivered,2018-07-25 16:11:44,2018-07-27 04:05:21,2018-07-31 15:29:00,2018-08-06 14:06:26,2018-08-21,f25c82f041560f45f4a408157ff3a5de,2018-07-25
ed286021929210cd8973f975041a275a,a60d40261ec9375242b49a6638016a53,delivered,2017-05-21 19:28:01,2017-05-21 19:42:39,2017-05-25 09:28:00,2017-06-01 13:39:39,2017-06-13,6bc7c6211092294f2318ced7646e791b,2017-05-21
71c22e96648b3b4f4c78e6e4de6bdc0a,34187558ea2cd0d9f69474373a707779,delivered,2018-08-12 21:31:36,2018-08-12 22:04:25,2018-08-13 16:59:00,2018-08-17 17:46:53,2018-08-24,68007d8eb53ede6ef0c8fe8f7cfa0dd0,2018-08-12
46d2741b78a72c2f07bf0f3c34c4ceab,a34deff3fac2f07c8a085e4d832034be,delivered,2017-05-19 10:02:05,2017-05-20 04:03:03,2017-05-23 16:35:31,2017-06-02 10:32:54,2017-06-14,c90610b4cd15ff318841445c558c41fb,2017-05-19
1a5f3cb34d205c22bc1a1cd8538c5882,a2ebd8efb0daed12066e577a78a8e1d6,delivered,2018-04-25 13:21:41,2018-04-25 13:31:09,2018-04-25 13:49:00,2018-04-27 23:19:41,2018-05-10,2b2f2762ef148b500de6f800f4ae60c1,2018-04-25
ceaf86ddb7d33482ac58dc3afc2f2f8c,8c72bcabb6fe7e1a6dcdbdb4cd72d4e9,delivered,2018-04-24 19:01:07,2018-04-24 19:27:35,2018-04-26 12:52:00,2018-05-02 12:31:55,2018-05-17,ecce149a188d0bf35c0ae1c44ed1bc85,2018-04-24
c125e883b34e4012f606e77b227ed690,9862d4d0ef56756d8d68195d6b7f3381,delivered,2018-06-02 12:07:25,2018-06-02 12:30:25,2018-06-04 15:05:00,2018-06-13 10:52:17,2018-07-17,347d455aec6fb3e17963a30b8f29f184,2018-06-02
c8426a2c3cc5c11e8aa0789c3238d4d9,6b05139c22666edaab8363c643187ed1,delivered,2017-10-16 23:26:54,2017-10-16 23:49:08,2017-10-17 22:35:05,2017-10-24 17:33:30,2017-11-01,cfaea24d4b0531636fba2b3f22f2c919,2017-10-16
fb0eb3f76da8e00ae19795115ec51d47,6da50f6621366b6139595ae7ddb708d5,invoiced,2017-08-31 17:36:33,2017-08-31 17:50:09,,,2017-09-29,bfa23b483843227d4660e543a96f3387,2017-08-31
0e87080068e82503382f3c532778fb24,d137c07565f044ac3f6090ab8f77eabf,delivered,2017-05-11 10:42:06,2017-05-11 11:02:50,2017-05-12 10:41:19,2017-05-25 12:34:34,2017-06-06,17b13c39de5ee1d7af1a195c24bae7a4,2017-05-11
107836df203f233ea55a11b5b96aebec,4d024b48611b802e9b45a04d4476a754,delivered,2017-12-07 21:00:11,2017-12-07 21:11:52,2017-12-12 01:19:12,2017-12-15 02:28:56,2018-01-02,d42b44d4b90b92ada0e5b117b189473f,2017-12-07
200e97c3760ae66937859b03653ccabd,e8dddda26942e4141e957870ba0ad2e6,delivered,2018-08-22 11:27:59,2018-08-23 02:50:24,2018-08-23 14:51:00,2018-08-27 13:59:03,2018-09-04,01a551a1f8c7955ba259897b2e3d2e30,2018-08-22
b28d46b1868c3e5ad7bec94c220e36ef,a2df3f2abba350e6bbe53f43eafb781b,delivered,2018-04-02 21:38:23,2018-04-02 21:49:11,2018-04-03 21:51:27,2018-04-10 14:02:57,2018-04-18,8df90f3c2baf58eb80e804c7567e467f,2018-04-02
0b39d78b430d574a6eafefe82c11b4a3,3e3aac425794c9d8f210c7fe2daff787,delivered,2018-03-01 09:01:53,2018-03-01 09:15:25,2018-03-10 01:48:30,2018-04-02 23:07:59,2018-03-20,ddb324b9d7fab6376d67c9939db4c0fc,2018-03-01
c516efeee3182f8b1ea4a7e8a91da163,b3240741f338744f015c1470b6970c4b,delivered,2018-08-22 11:44:50,2018-08-24 03:05:18,2018-08-24 10:30:00,2018-08-30 13:39:50,2018-09-05,d7060039e6043c13742e42b9375a5548,2018-08-22
7a00da9515dc144e302458e696d61943,164564995667621b6653afd715ba0e6f,delivered,2018-01-16 21:51:54,2018-01-17 13:50:06,2018-01-17 21:33:56,2018-01-22 19:55:41,2018-02-07,b1f4d69cae920d16d4f996c4fbb0ebf5,2018-01-16
b22f46d14bcfec19b69fd36b7c0842b2,f1be02745fc41b528c22e2ab3da6941d,delivered,2018-05-01 15:44:31,2018-05-03 04:32:44,2018-05-03 14:21:00,2018-05-08 15:38:58,2018-05-25,b486c628dffcdfd1611d5cfe24ee0b70,2018-05-01
a12ac41904fb4122fafbd91fbb9230ed,8641ccf2e70d0cc04229db3e0b887fd7,delivered,2017-10-20 10:08:59,2017-10-21 02:49:16,2017-10-23 20:33:36,2017-10-26 21:05:59,2017-11-09,eb1795057421adaf16b0eea967b8d325,2017-10-20
4d11452ff6c06fef98b89c5f6512ef51,5bc1bf7176469cce9690d4d9d42ae679,delivered,2018-08-24 16:08:33,2018-08-24 16:15:16,2018-08-25 09:21:00,2018-08-27 19:56:40,2018-08-31,5f41b1957f063351f20bf9d83f59c3ae,2018-08-24
f5194ba2a4560ffa0e87746852c61fc1,5210104bc6715b18253dec68af7376c7,delivered,2017-11-24 22:53:26,2017-12-07 09:50:07,2017-12-08 18:15:11,2017-12-13 22:06:13,2017-12-14,de968499b0c7771d1cf2c084e8398b6f,2017-11-24
e2532fe843f45b7a1aa7ede9474ca960,8ac0a23bbeb76d7c5244660c19f9d552,delivered,2018-04-03 07:08:31,2018-04-03 07:28:15,2018-04-05 23:32:49,2018-04-06 22:00:17,2018-04-16,e7d5de91fe8d6cebf5cbe74b9dae01bc,2018-04-03
f0b3b8301161711933b5fa04d6191a0e,fdcb84c0fa114d61fd1bebf7f5803f57,delivered,2018-03-10 16:32:36,2018-03-10 16:48:15,2018-03-12 23:22:05,2018-04-28 15:38:30,2018-04-02,ae1b8d9867a735d3b27f78a04bf612cb,2018-03-10
6031b4a1dbafab99322d682f7d2070fa,1f67b347641be0ada243c88ea88cda6a,delivered,2017-12-30 14:36:31,2018-01-03 04:16:33,2018-01-10 10:27:47,2018-01-15 18:54:05,2018-01-24,82f899571674ff6479053e8e24b17e5f,2017-12-30
eecde1205c668fec3e2b7643c4f805cc,b4739566d73bf2c8a647f55e9aaa4ffd,delivered,2017-05-05 21:18:27,2017-05-05 21:30:14,2017-05-09 15:22:01,2017-05-10 09:12:22,2017-05-30,b3a25c346185399faa6dffb029a9d8b6,2017-05-05
3f319eb09e31aa1ea2a4079bdd655c62,29ef03ca38e7360ede99ef73e193a136,delivered,2018-04-03 22:21:12,2018-04-03 22:35:13,2018-04-05 00:18:31,2018-04-07 00:19:57,2018-04-13,523fac3d5dac008084fa90bbd7a83b5e,2018-04-03
a7eddde56d5836e33a95adc2e8586cf6,d291eec623ce7388cb517384573395cd,delivered,2018-02-19 19:58:34,2018-02-19 21:07:13,2018-02-27 16:23:50,2018-03-01 00:42:18,2018-03-19,4e3866d28fde7a3451d3b33ad2fa0b5e,2018-02-19
76b23067a9ab8343b34607f1be84ca6c,4df21f92a25f5b9eecda78ff30a142b9,delivered,2018-02-23 13:50:29,2018-02-23 14:09:48,2018-02-26 21:22:19,2018-03-21 23:36:42,2018-03-15,261f28c873344f218f4a0a6e1b61bf97,2018-02-23
0e1ac2cf21f589ee45dc574349228a9c,c9d88d6e1149572be3556d7b0024c654,delivered,2018-01-28 16:51:58,2018-01-28 17:20:09,2018-01-30 20:53:15,2018-01-31 18:42:43,2018-02-14,6d8cb81516d38c3f02c0ab80c6a9277b,2018-01-28
6066c3889ab8affd2c01906b2d3b943c,c7f3514b8a07a5ff8a946f6b48674aa2,delivered,2018-07-09 19:46:18,2018-07-09 19:55:25,2018-07-11 14:37:00,2018-07-24 16:58:36,2018-08-02,2a36404701b15c414647a2ec2102baba,2018-07-09
d74872a40866989344f6470c6527edb5,e7e7b771a96874f3f7fcc9398e263bba,delivered,2017-08-18 11:56:30,2017-08-22 03:45:15,2017-08-22 20:07:47,2017-08-25 18:55:00,2017-09-12,177952704d525ec3864205596a32b897,2017-08-18
d2176b03a3d39c462bb88f935ea12fb5,bb4c160ddf26300d42ed1c0a27ba83ed,delivered,2017-03-07 22:01:46,2017-03-07 22:15:12,2017-03-08 10:25:19,2017-03-14 09:17:49,2017-03-28,adfdb66b94b9b516eb6c94e98c723149,2017-03-07
6b2e6953c172b21f54050c74b8b86250,616a99333f53ae84f0cf56ae2693024f,delivered,2018-06-12 07:17:39,2018-06-12 07:37:12,2018-06-12 13:26:00,2018-06-14 19:36:32,2018-07-26,6538051b11a47e275a6d8d7767f289a4,2018-06-12
6eb3911724b9c8dff28062f417a5db4c,86af5061988dda4f033b6fc18619f4e4,delivered,2017-08-02 08:46:09,2017-08-02 09:03:22,2017-08-02 20:32:54,2017-08-21 21:48:03,2017-08-24,c942abf01919701c539ac21e33c371c3,2017-08-02
0517edc6ddee491e072a844bfbb54c86,264b1a5854f238bf3424eb75a27d7d66,delivered,2018-04-26 22:38:28,2018-04-28 03:11:13,2018-04-30 13:11:00,2018-05-02 23:26:46,2018-05-07,239b6679461c5059b3eb13bd9d60df08,2018-04-26
98432d028db538f876f9236a038d7c02,81de0f49e5ce04655d8ea24b3239cc80,delivered,2018-01-02 12:39:20,2018-01-02 12:49:00,2018-01-03 21:43:15,2018-01-29 19:13:24,2018-02-14,20de74eaa3f13cd1d56cdb65cdaa453a,2018-01-02
b259e2247d6ab1750b9e4789b87b3f23,e87b2d91292fb8748d79dc40c2c5d0a1,delivered,2017-09-06 21:34:22,2017-09-06 21:45:16,2017-09-08 20:42:20,2017-09-20 22:07:35,2017-09-28,054879b43627b75d362af54f71b69843,2017-09-06
109de627429eb7801ce1030634a693b0,46c12c3a7a805df51cfb4287cd2a67bf,delivered,2018-04-05 12:34:39,2018-04-07 02:55:29,2018-04-10 04:12:23,2018-04-19 21:36:38,2018-04-27,9ecf31666034bc9fb82211d9e65546e3,2018-04-05
613664f2d7289e4a0898d9bfeb426db0,3e200903aca79b3d19e14c2e20edd369,delivered,2018-01-02 20:34:57,2018-01-02 20:50:17,2018-01-03 22:53:10,2018-01-04 17:28:47,2018-01-18,ee3adea169ca02ca9bd1e80bc620856e,2018-01-02
cafe257a6af47e3a0f99d202c0bbdbf4,72f02da56adb4850be5d63288e906390,delivered,2017-11-10 19:21:38,2017-11-10 19:35:25,2017-11-16 20:24:24,2017-11-23 18:41:37,2017-12-04,8dcd1a36a22ecb7c6fe29c867ef63372,2017-11-10
d2ebd7492d92dfb6a5737ba33a58f920,46fb9135f9e0704f411c96476df9d09c,delivered,2018-03-13 21:35:24,2018-03-13 22:08:26,2018-03-14 20:19:32,2018-03-21 12:32:21,2018-04-03,6ddf4c02b0bcea166fdc75ae85fee9c2,2018-03-13
30f9be7f907cf245717f939654504bb2,de5672612dd30cb2b2830385a3b3507d,delivered,2018-04-26 13:24:41,2018-04-26 13:50:55,2018-04-30 09:57:00,2018-05-05 16:14:29,2018-06-04,6bac6f248f17319f972f20757273fd32,2018-04-26
e0cffe000300808a979b9f9eb9f6f60b,a6bfa80f8f4588f1efbfe0c4a287cf19,delivered,2017-05-17 22:57:18,2017-05-18 23:05:17,2017-05-19 09:02:03,2017-05-24 12:58:27,2017-06-06,10f0e73a73d998d04b80715c553185e8,2017-05-17
0ac1d3244719cbbfbc0574631fb0186e,ac56ffb080fb67333f922591764855c5,delivered,2017-11-01 10:42:25,2017-11-01 13:31:18,2017-12-04 22:52:16,2017-12-08 15:58:33,2017-11-29,3a65bbea5554e3fc6f568a2526d2bfac,2017-11-01
f103c0690f687250cc224964d54e53fe,87f00e31fc0872863aaa41f038b28aa9,delivered,2018-03-16 16:42:33,2018-03-20 03:48:44,2018-03-21 23:46:47,2018-04-12 13:48:49,2018-04-09,26ab14ae56512a9cdb7e70d0b713798b,2018-03-16
292bb4eb07f86cd88e500ee1dd10523d,fd771c26c5bca0eda082ae1290993194,delivered,2018-05-28 08:53:58,2018-05-29 03:15:26,2018-06-08 13:43:00,2018-06-13 18:28:43,2018-07-12,f596bacfdb21125a7ec3e4adc4844a2f,2018-05-28
8aa41a2ff86625ff13d88f289b48714c,adccd36d4162a8a92d6db5541069082b,delivered,2017-07-05 18:04:35,2017-07-07 02:45:59,2017-07-07 17:59:29,2017-07-14 18:13:31,2017-07-27,bc1147328a188ed04ca26ee6ec9d61c6,2017-07-05
6f752180f34073c79120a1f2827a39ed,afd6242f0eac168cd2e2715ded17aba7,delivered,2017-05-03 22:33:14,2017-05-05 02:23:37,2017-05-11 11:51:36,2017-05-18 09:42:09,2017-05-30,53c3b3790dd9b1817fdee9313b521f9f,2017-05-03
6b38e49992a77d12586e9cc2cc5b94a2,ad1262041fde68e95b732a9e23cc9465,delivered,2017-03-03 12:25:49,2017-03-03 13:05:35,2017-03-28 13:16:09,2017-04-01 11:59:56,2017-04-05,7c8daf13e532cbcae8439c4dd01b21ee,2017-03-03
b5451d0eb008a4475aeab937ab5f4e0a,c3052c989cc4d3d2d750a8beacf3f4fc,delivered,2017-03-14 15:05:20,2017-03-14 15:05:20,2017-03-15 13:27:03,2017-04-03 10:33:57,2017-04-17,0ed2b5143a4e6b6f135c5d36db0247f4,2017-03-14
eea15eff73fcb780a208b80fff38e457,06343064a4554dfdfff580095169869b,delivered,2017-07-18 12:25:05,2017-07-18 12:43:31,2017-07-19 18:49:23,2017-07-27 15:59:51,2017-07-31,809713ce2924f25856c1365f9d13c9c2,2017-07-18
805610c9f9b57b3900d462627b7ce062,2678c09a553cf8d87f3789bb61f12ee8,delivered,2017-06-05 15:12:32,2017-06-06 13:25:37,2017-06-13 12:15:40,2017-06-26 12:58:51,2017-07-05,d03bf8fad9e85c91fd611ab4e312b5d1,2017-06-05
2629c961d080657de062559a9187b49b,cefb21b1a6f1db8d2c2af1eae9f92cd8,delivered,2017-06-10 08:48:52,2017-06-10 09:02:39,2017-06-12 13:52:23,2017-06-22 17:57:37,2017-07-05,a149aa32a965245135f7e25b4c04c438,2017-06-10
4c5ca64fb9410a3ee7bc041df508a9b8,452a6d55f932885a9313ee6255cb3e73,delivered,2017-08-17 20:31:00,2017-08-18 20:44:28,2017-08-23 19:23:19,2017-08-28 17:52:00,2017-09-11,3c69d8cabb862611f0990e133ae3e8d5,2017-08-17
da6723418eaa03813473e0e15a72e425,14690f3ebb623c4a7ee5c99c9476879a,delivered,2018-08-11 22:14:01,2018-08-11 22:25:16,2018-08-13 15:21:00,2018-08-20 19:08:27,2018-08-22,98cebbe1e5b9f6770fbbda3124028bdd,2018-08-11
91b429393d223b94094f2b7671a634b9,ae37c7c2f03632d387b922d9179f3cdb,delivered,2018-04-12 09:12:37,2018-04-13 02:31:40,2018-04-13 23:08:39,2018-04-26 19:59:43,2018-05-21,95a085448514074ff075387c6d59cdb5,2018-04-12
c491180b1043c3bddadb8354fa15b311,95b7073183a67aae7fb88e88ae1f4576,delivered,2018-01-12 11:33:03,2018-01-12 11:48:27,2018-01-17 21:45:26,2018-01-23 16:42:12,2018-02-07,3b113221c62fa8311d25701325807f65,2018-01-12
ac62d970206a88360318e1eff941c6ec,830743a0ff94437e9454511b28e36380,delivered,2017-11-15 19:55:54,2017-11-15 20:10:36,2017-11-17 16:02:57,2017-11-23 22:55:01,2017-12-05,3e6580b01b9b859832d81c9e14d439e7,2017-11-15
0f8b415ff8750cef8f40058606c6b115,dc5c9983f7d2fe07a74061ecfc3517f5,delivered,2018-03-06 17:27:38,2018-03-06 17:50:15,2018-03-08 00:23:26,2018-04-13 18:37:30,2018-03-23,3e5a4182578fea5cae5c25396554f7d8,2018-03-06
e32f175b8e3e4f572ffbbf921f49f2db,f093488f89cad49912ebbed5bd5e66bf,delivered,2017-03-24 21:50:51,2017-03-24 22:02:28,2017-03-27 15:40:00,2017-04-05 15:43:02,2017-04-12,e33dd5546cf38848919c5d693822f5c1,2017-03-24
628892249eb28e0376c57474af8ffb26,4ec3c1ee5c1f2f468a23a948dfd03f79,delivered,2017-10-08 22:00:57,2017-10-08 22:14:18,2017-10-11 20:42:04,2017-10-19 20:50:09,2017-10-31,96a285c966eb31d58a6afcc38d7e2f83,2017-10-08
bee14f2069e7e9f1ed6ef5e2f76841f9,343a25ade25b0aa9b86283e4e765b7cf,delivered,2018-03-02 00:30:21,2018-03-02 00:56:23,2018-03-03 00:09:51,2018-03-12 18:28:39,2018-03-23,d97ca9e3a112c046646e62231734ced1,2018-03-02
1e849e4a2805bfa9c4db43379e52d046,7b709eb982ab76c0e6722741a0c12f70,delivered,2018-07-23 19:22:05,2018-07-24 10:31:41,2018-07-25 09:46:00,2018-07-30 20:07:07,2018-08-10,b62fa3390a459fc79af8ca9ee88110fe,2018-07-23
e5606996314126e707e6cdb585c4de0f,02df47cd0b49a7f0be9b09411594328a,delivered,2018-05-17 09:15:16,2018-05-17 10:38:32,2018-05-18 08:38:00,2018-06-04 18:06:48,2018-06-05,024c132534a98479e42a33027e3ad2e2,2018-05-17
417b5687161450887ef2e6b283c15c32,1475f4faed88140845d11c61adb65a0e,delivered,2017-11-18 23:03:56,2017-11-18 23:25:59,2017-11-21 21:42:13,2017-12-08 12:27:16,2017-12-21,c0ad7980d12088541d880800f1aeb9fb,2017-11-18
45973912e490866800c0aea8f63099c8,912f108a7026f25f99240a5c4c60e2c3,shipped,2016-10-07 22:45:28,2016-10-07 22:58:37,2016-10-26 13:18:16,,2016-12-01,cdf2b280dbabe2b047ba03f1886265e6,2016-10-07
be713173db53bf7fa11050f91ac461ce,67024d6825a5785b14cf420eb8882fef,delivered,2018-03-10 17:00:24,2018-03-10 17:10:34,2018-03-12 23:32:09,2018-04-17 16:14:29,2018-04-13,597525c9fab6b5e97f86c505697fd0c0,2018-03-10
34a9f5d9dc692eef97911d47564b1af1,13ad98a83a2c1cefcf679eee57dee7bc,delivered,2017-06-08 09:29:48,2017-06-08 09:45:15,2017-06-08 16:57:29,2017-06-19 13:12:10,2017-07-13,bce11ab2162bccf91cd033f208190ab3,2017-06-08
634b12cc99145e1398b5f8fc1321c058,2aea01d060864df3899978a97f7b9de9,delivered,2017-11-27 22:10:49,2017-11-27 22:30:10,2017-12-01 23:33:50,2017-12-22 18:29:14,2017-12-15,8961b4ca2c5aceb7a78ea72c6e0c840a,2017-11-27
c41800e56afef4cea003d192653b8c8e,724fd59997d717ff15ad781e2424b149,delivered,2018-08-11 20:02:15,2018-08-11 20:15:21,2018-08-15 15:19:00,2018-08-22 16:45:00,2018-09-10,4af3daacb09857c02fa5be742849e59d,2018-08-11
48a964e9ba3ce166150d2980a2f19ed1,28d5f8d98761e92629dbb6e2f770e7ee,delivered,2018-03-08 22:38:53,2018-03-08 23:46:23,2018-03-09 20:34:42,2018-04-24 00:11:51,2018-04-23,7e43696e1ae594af82dd11f481dc232e,2018-03-08
0c68e2888d3fde2067bee5cc1c638f09,2806f6ba34fe7079b216671f02d4fdb3,delivered,2017-10-17 16:01:18,2017-10-18 03:27:44,2017-10-18 19:45:29,2017-10-21 15:22:09,2017-10-27,c78b6d4c0c99caf612bb447fddf89488,2017-10-17
667a343388666e0ff92e3ae5fe3b727f,a0cb5077a7c872aef81839dfbfb6177d,delivered,2018-02-13 21:50:31,2018-02-13 22:07:56,2018-02-15 19:23:13,2018-02-21 22:42:35,2018-03-07,f0c8f31425355056c902cf77f1125bda,2018-02-13
cd3ad05bdb70488e29c3afb5641cc178,83b54583d45924de2866eff235f84a2f,delivered,2017-01-26 13:52:09,2017-01-28 04:36:06,2017-01-30 14:39:23,2017-02-03 14:51:42,2017-03-06,b48d4174294cc546a7745ef40258de49,2017-01-26
28b7ba800d2192c58d258b973cc5abef,08afef5441616f4175e4b05f3201f23b,delivered,2018-01-09 09:59:05,2018-01-09 10:10:47,2018-01-10 17:43:05,2018-01-16 13:52:53,2018-02-01,aa2c08c0b09ede35fb9169eadcf31622,2018-01-09
2bd6a9cea9df97f5f2d0717bb6307f32,bbfcd35b7bde08b872286d6b3d74e254,delivered,2018-05-02 22:35:34,2018-05-03 00:12:57,2018-05-04 15:46:00,2018-05-15 12:27:44,2018-05-25,8b562fe20fc1a0a18898b2dcd62008d5,2018-05-02
deb3c789caa8b0587a5117cba27cd8b9,683d3313f810ce49e73b4543593c1c88,delivered,2018-04-26 18:02:59,2018-04-26 18:15:14,2018-04-27 08:35:00,2018-06-13 19:18:44,2018-05-28,bf1bffa68b04a3202218f069ae984f8f,2018-04-26
27eefac938270184a597acd3c44344ca,86e9d6db0820da6b4a3bc4a3f0750f73,delivered,2018-08-02 18:34:11,2018-08-02 19:03:58,2018-08-03 14:23:00,2018-08-08 18:42:46,2018-08-16,2230bb50ba0ac32729912dcbf433dfd5,2018-08-02
c7cd3c19aef809218b54579be10b4209,7d79f5b2624829ec42de13f0f661ac04,delivered,2017-07-08 19:14:46,2017-07-09 19:25:11,2017-07-10 15:57:25,2017-07-25 19:07:52,2017-08-11,110c92b3ca77c35e4bcc1c42ae094af8,2017-07-08
6196411f3e5ffd34a1a630d44d8396f2,6498585d215691d85122192071230014,delivered,2017-12-21 17:56:55,2017-12-23 02:12:35,2017-12-26 18:09:23,2018-01-19 18:43:14,2018-01-17,b0f0645d5e8bcfbc782017390ec1fa77,2017-12-21
ebb921d271b8b17989e08220637b921f,9ad3cb19919815536d4ae2c46d69279c,unavailable,2018-01-03 21:01:54,2018-01-03 21:14:27,,,2018-01-26,3e8efeeac286c500baefd049a28146b8,2018-01-03
0fa2c93bbfbce2c287bb56660c3998e3,85e9526ec7444cdf5907f1bda7edd899,delivered,2018-06-18 14:54:21,2018-06-18 15:17:12,2018-06-18 14:06:00,2018-06-28 18:41:14,2018-07-25,2f800f604ce609f0293a9d84e7fc12ed,2018-06-18
7139cfc52657eafe990b5b23ed163482,05929b58add0a2e46bb430439b7130a9,delivered,2018-02-04 10:33:14,2018-02-04 11:09:26,2018-02-06 20:25:41,2018-02-11 16:25:48,2018-03-01,3cb7760625ccc233fab4e975e0a9c5c1,2018-02-04
ca59a12c00e1e5fd88c42789115fb8d3,5584316b2da9c31a4896bb8a54c06fb9,shipped,2017-03-04 20:23:54,2017-03-04 20:32:47,2017-03-07 15:49:35,,2017-03-23,3c0a84971d7dc4508677de941491ac3e,2017-03-04
89472d2aaca9a6765521c309ef6c814a,75389af458abaf28cce96f5f719211b4,delivered,2018-04-23 09:49:26,2018-04-24 18:15:00,2018-04-23 19:21:50,2018-05-08 22:47:50,2018-05-18,91fd077ab76d369abd7e719062beb113,2018-04-23
896fbd78a9ef3839b34b893f48f6bc67,20153d17ff713721abd8b4c082d5e4d5,canceled,2018-05-12 01:48:33,,,,2018-05-30,b695d6a0f8f032b0529c65cf885ca29a,2018-05-12
05e28a6a1994b77257df51a5e304b6ab,756d469ce2dc599ff5dcda8440dc5417,delivered,2017-11-24 20:55:09,2017-11-24 23:56:02,2017-11-28 19:42:24,2017-12-07 21:37:12,2017-12-26,4ad7084997dec8e94c385caec1970669,2017-11-24
0d42686b1d1936e4c256ce2fa2cc9db2,317dfe2cb3fca126b8d9dddb3119e281,delivered,2018-05-09 10:15:45,2018-05-09 10:31:42,2018-05-09 12:47:00,2018-05-10 21:12:43,2018-05-22,afbb9c4d5944dab229ce527fc4829ab3,2018-05-09
93bf5323e2c3624fdc56fc6083bc71d4,c79e345faa91d6f3bb1777bb3c12291d,delivered,2017-10-08 13:09:41,2017-10-10 03:28:23,2017-10-10 20:32:31,2017-10-13 21:15:44,2017-11-01,49f4a38f5f94a12092109b4432e61210,2017-10-08
8fc11d5503f6e2b6e15242e0365633e4,724c05aa6b2b6d25f0efcac808efbc03,delivered,2018-02-27 16:42:09,2018-03-01 02:50:50,2018-03-01 16:42:26,2018-03-19 20:54:23,2018-04-04,33aa7a655357393d343ab311ad339df0,2018-02-27
c0ad22fb83f1019e8abbdf1d38ffe6aa,67ffd7e91bfa7548cc1738f299de6746,delivered,2017-10-09 23:04:01,2017-10-09 23:14:42,2017-10-17 14:20:09,2017-10-27 20:42:02,2017-10-27,1feb5dc3a11a657cdd12b1cbaed93f65,2017-10-09
f9d2dfcbc89dc4d66e0848019d99bfc9,a6578491147295b1ff31962e01ed8a13,delivered,2018-03-03 20:26:50,2018-03-03 21:08:44,2018-03-05 18:06:40,2018-03-07 22:14:02,2018-03-15,8cd6cfbf17b6146cbd4c8eafb669efd5,2018-03-03
47a3c04f7387c728c0d69265f9cf04c5,6e765d00d4f347d86e14dc073cd0a4dc,delivered,2018-03-26 06:37:26,2018-03-26 06:50:23,2018-03-27 21:36:52,2018-05-03 20:16:42,2018-04-17,a0cb88d0b7ec2efb4b8928fccbb2cdec,2018-03-26
06bd4e8d281ae8780eadabe2f8886368,4dd3a0f00eda9c4ec8d3b86cf231823c,delivered,2018-08-15 11:24:01,2018-08-15 11:35:25,2018-08-16 14:25:00,2018-08-21 20:20:59,2018-08-31,edd2329bf3243402e14e0779270088c6,2018-08-15
f5a01b62a6a5be0468cc0c195192927e,342dc8988d373818c60d8a3ca1c5c730,delivered,2017-02-14 19:47:01,2017-02-14 19:55:19,2017-02-20 09:38:53,2017-02-24 16:53:44,2017-03-15,f2d77fa00da22a20f92ac5fd35538c72,2017-02-14
28383d85696543514548a51a43c03936,6d8f6d0d4e1dff0a887b6a12957bdf3d,delivered,2017-10-08 12:44:02,2017-10-08 12:56:26,2017-10-11 20:24:54,2017-10-20 11:04:07,2017-11-08,529e89948c6112a506747886bfaaf31d,2017-10-08
84d49379a00e593760307d4eaf2733da,28cc933fc409acbd1009d63669faa05b,delivered,2017-02-10 15:32:14,2017-02-11 02:43:07,2017-02-14 08:51:49,2017-02-22 11:52:32,2017-03-13,fd7e33657f73cd56330933d9e9783142,2017-02-10
340be9cc41d50a5233f4849d93d8d2f1,dce9dedc0fe9dd0aa2ad7df80d81b358,delivered,2017-01-25 11:32:02,2017-01-25 11:42:07,2017-01-30 14:35:18,2017-02-02 10:24:01,2017-02-20,db5959ee2d1e677a255be86a6f7e9aa6,2017-01-25
f07e5e978651bb48927a71ab7f56f2c8,ae447e76e331a2d1fb37473deb2ccae0,delivered,2018-08-21 20:05:40,2018-08-21 20:24:16,2018-08-22 15:19:00,2018-08-24 22:38:47,2018-09-04,4412ff92330051eb18b7aa95d9d172e7,2018-08-21
2f09f8c80542f3260ec457517de0a463,9f03c12d78d5dfec18b888fc6bc7ecb7,delivered,2017-07-10 17:44:36,2017-07-12 02:10:51,2017-07-14 17:30:04,2017-08-16 19:57:38,2017-08-09,3d540559ce0677a17f45eab0cb113c8d,2017-07-10
871785b214cc8a90e501c4a4200f25e4,66e2f80c06f37ad506fee5024dfd3ae9,delivered,2017-11-22 22:48:29,2017-11-23 19:29:05,2017-11-24 17:13:16,2017-11-29 13:46:00,2017-12-04,1efa9b085b8519072a58faacd095fc2b,2017-11-22
fbefd1a1d596025d72cd7cbf21c4f804,7535f9ce5c5ca7c248ed0ff6ed129d04,delivered,2018-02-28 11:52:37,2018-02-28 12:31:09,2018-03-08 02:33:31,2018-04-08 16:53:36,2018-03-20,c34909b951c36d03e8d068a1abed6acb,2018-02-28
0248cb6c91b223b74dc554e1d2c2a59d,720f9eb7343c0fb80260074ae6c3fc35,delivered,2018-04-25 17:50:13,2018-04-25 18:10:11,2018-04-26 13:44:00,2018-05-08 21:24:39,2018-05-25,d75fb6a485d852274d02790815fbbb34,2018-04-25
81c625b19905554b5b5fd2277f4e5a0a,b235a07c86f25ef61dfb0240392b0afe,delivered,2017-11-30 10:37:53,2017-11-30 11:02:25,2017-12-04 21:17:26,2017-12-15 21:34:08,2017-12-27,869aee911887c3c027dfba1bcb128528,2017-11-30
ba45595538a13176b4850483d5f787e3,1e62ceb7892fa195f10e9189f1266eb7,delivered,2018-07-30 20:23:34,2018-07-30 21:00:15,2018-07-31 11:20:00,2018-08-07 22:44:40,2018-08-09,623a176fdd3580ef73b98083818ebb26,2018-07-30
114b1cbf281d72023b151203775b0b4f,9f0a6132b4dc6010d7b675cdd84aef5d,delivered,2018-05-25 18:44:29,2018-05-25 19:12:33,2018-05-28 15:22:00,2018-06-08 14:36:33,2018-06-28,700aa8ed1270f9c3107a10aff81c862d,2018-05-25
0c371b43b9718b0e9412b2b496c96178,c395be79a22d8f63692e48a68edf3199,delivered,2018-06-10 09:39:11,2018-06-10 10:30:47,2018-06-11 14:28:00,2018-06-12 19:18:44,2018-06-20,c80f5d9ff604d95b1cc465e9960eb478,2018-06-10
f024323e3c3e4f505cd695bc87a9bee9,84c816645752a1ded611ae7ca018ae39,delivered,2018-01-03 11:52:20,2018-01-03 12:07:13,2018-01-05 18:09:47,2018-01-14 19:22:40,2018-01-29,bf3451be8f588cd6d7c555f2ee8b4bea,2018-01-03
529a18626bb2bb7907cfcb5b5f2b0e6e,fef445423df985e112e1b8b357f1cbee,delivered,2017-07-18 14:00:00,2017-07-18 14:15:14,2017-07-20 11:35:01,2017-07-26 19:13:47,2017-08-09,64a8ce7bdae54b98e33ce1777b230e9f,2017-07-18
ae1f2d3db5462b71c16cb90ff969f099,2103322e0d6cf88a07afaddfd8578608,delivered,2018-04-11 19:18:25,2018-04-11 19:32:08,2018-04-12 19:38:38,2018-04-20 18:06:53,2018-05-07,151f9d52c624c7222a3f4f8f722e08d6,2018-04-11
0512553e39efd59a9572ce7eebacd43a,0fb9deeb22eef8579c6104c8b1007f19,delivered,2017-10-26 08:48:12,2017-10-27 03:07:02,2017-10-27 19:03:25,2017-11-20 18:22:05,2017-11-16,ff6d4669ac6694f4ad278d23c4c7caa5,2017-10-26
c9f7bcb4ff5c6c8e661cb6cd7fd0974b,316639548b42fa621d9317afcbff05fd,delivered,2017-01-30 11:47:10,2017-01-30 12:33:56,2017-01-30 12:58:16,2017-02-07 07:23:35,2017-03-17,03f19e532a8b6cdbc7c56ec70516ad0a,2017-01-30
afd980edb690e47249915c1a1735e922,537a03fa6d77f18015e844965b36edef,invoiced,2018-02-24 08:45:12,2018-02-24 09:20:29,,,2018-03-22,b98e8baa11ce7bd990d03a54652d2723,2018-02-24
d08eb402923cd72cb3b9f91028330de7,a5499235199510a8ce01d6b3699ff08d,delivered,2018-05-05 17:29:55,2018-05-05 17:50:50,2018-05-07 15:22:00,2018-05-11 21:16:29,2018-05-21,1fc4b1301c31a5843f2a0b3600c4f208,2018-05-05
96855425ac02c08fd0467f1fa9186d4d,606455b5cf65c6a0faf47740d836d62a,delivered,2017-05-25 09:43:38,2017-05-26 02:35:20,2017-05-26 10:08:25,2017-05-29 16:21:57,2017-06-07,880197669571a16d742941f5ea9310b5,2017-05-25
5462150a55227cc8cba846f26101492e,adfd5b68ee720910253520bfcf6b3b1a,delivered,2017-12-02 15:25:55,2017-12-02 15:38:18,2017-12-07 19:56:46,2017-12-19 13:55:13,2017-12-28,87914dda99d76004bfd05778028fa7e8,2017-12-02
405d28af4fe06990456c82cdfe457b1a,0a2d230e2761d958999166488ce599fe,invoiced,2017-04-05 09:11:24,2017-04-05 09:22:51,,,2017-05-04,4bc5169a978e02f6549db28307152ffa,2017-04-05
cb2471f3b559b61183698ec6eb8694ba,2bc510226c45dbedc779fd0c67b98bf1,delivered,2017-12-16 13:08:08,2017-12-16 13:19:29,2017-12-18 19:48:40,2017-12-26 15:23:24,2018-01-18,8b2c813f715b59ee04ab0139bd9da817,2017-12-16
acb77b31022128308393bdbc66e3e5bd,026cbd2abdef48032f42084a8ec122fe,delivered,2017-11-12 15:48:46,2017-11-12 16:06:40,2017-11-14 23:16:47,2017-12-05 02:08:56,2017-12-08,1e179463eb899c3b6f768d4934865c5f,2017-11-12
261bdcab01e8f8ebcf82abf1c64d9501,027ae9ecc616da8c33d137a1d7e40f0a,delivered,2018-08-20 11:59:20,2018-08-21 04:55:37,2018-08-22 11:33:00,2018-08-27 16:26:26,2018-09-05,136a29b51ffc988d91796134413911d7,2018-08-20
b5106eeb869b64ba86ab9d880e31c0bb,ca13e387fcbd7936e2415f18e62e7d1c,delivered,2017-03-18 09:33:43,2017-03-18 09:33:43,2017-03-20 12:12:40,2017-03-28 18:23:51,2017-04-12,4c2d0b2ed782aaaf692c6456a8d37c58,2017-03-18
bd80b9345b95ad0a5ce3c064ed1b978e,9a99e708648d1215092a52e22376c0a3,delivered,2017-07-27 08:42:12,2017-07-28 10:43:38,2017-07-28 17:32:24,2017-08-08 17:02:44,2017-08-22,0d5a795edaf891c13a4f12fd395c244e,2017-07-27
48f02e28a0210f65bded7cd00ff8422b,e32d18fe3413f83048db689e66ca5f02,delivered,2018-03-28 21:35:46,2018-03-29 13:28:47,2018-03-30 00:52:33,2018-04-05 11:08:51,2018-04-26,4ee6f61f37450a4e8e33b2209d05c3b1,2018-03-28
26dbb32053df6d12465fe5eb115e484a,88bf6f648e00e223da6d2d0cbad14ede,delivered,2017-05-27 14:15:33,2017-05-27 14:25:16,2017-06-02 12:54:46,2017-06-08 17:59:57,2017-06-29,95a83038c5ef655802b77358c6c0f204,2017-05-27
deea4294a344e9365bcb722dca9047d1,f7cadf307a192b65c847a1fe65ca288e,delivered,2018-05-12 10:49:46,2018-05-12 11:13:59,2018-05-15 12:39:00,2018-05-16 19:41:32,2018-05-25,d3e878ca3ccc4e8aff37ac6f807df027,2018-05-12
349de605467ed7131cc22d614313551a,01c622ea29f8ca6980b1ff07eadff0f0,delivered,2017-07-17 23:12:22,2017-07-18 00:25:13,2017-07-27 15:46:42,2017-08-05 15:33:52,2017-08-10,bb8b45af552ac1d5252391f7c1fc8d33,2017-07-17
77f5d4e674acb013c60cb6ad00830cea,c8ccf6047e26411751b9ccf8a6a8ce27,delivered,2018-08-13 22:14:42,2018-08-13 22:25:12,2018-08-15 14:09:00,2018-08-24 19:08:39,2018-09-10,da228233158962f879ec2fdfb2b54b6b,2018-08-13
a434358927e93bb6e639e7f0b9355e8c,d5877e2654ddce01041b38423265fd20,delivered,2017-05-19 09:47:46,2017-05-19 10:02:46,2017-05-19 16:01:40,2017-05-26 14:11:51,2017-06-08,cda92f71914238a7f8849c472c88a72b,2017-05-19
c8947a583ab9791a5a9d02384cb84302,57c047e791e69bef0af220b0a165a22d,delivered,2017-07-27 10:29:58,2017-07-27 10:45:15,2017-07-28 20:18:56,2017-08-03 21:42:01,2017-08-16,d24e1d0902dac57dd313bcf4f9c80160,2017-07-27
37d928cc42067f69b394747c5c71a260,5f79f446984a2ba4f1cb86bf26f3ef64,delivered,2017-08-07 16:08:33,2017-08-08 16:15:18,2017-08-10 19:10:33,2017-08-11 21:55:50,2017-09-04,79b23d9300163e8db6ae01c4d2eb3394,2017-08-07
c713f1fadf9be09f8f37e21eddce6a3f,0a7a01c85394193b60b4edea15964d7a,delivered,2018-08-16 11:00:28,2018-08-16 11:15:16,2018-08-16 12:58:00,2018-08-24 13:43:23,2018-08-31,265e2e22b38005c7d8bd4446b0943e7b,2018-08-16
a7e7febecea6f5fe00ebcc7a0a91080d,fc1a7a82d2c88b74e577cad5ae501f30,delivered,2018-04-25 17:53:32,2018-04-25 18:10:25,2018-05-02 14:22:00,2018-05-08 16:06:56,2018-05-22,eae9278296dbbc192f04632b333e5fe0,2018-04-25
c60c3441e0f514547c9408b300e74ef3,af6cbd13d8dfebe8dcfed4b4cc616525,delivered,2018-04-12 08:42:57,2018-04-12 08:55:24,2018-04-17 21:17:39,2018-04-24 19:46:29,2018-05-04,caa4b40016f572564c80c3e6328c3b3d,2018-04-12
60b7e5a162d167cb66b9539f14171eb0,a9509fd6fbf74f21f49451b41f7a99d0,delivered,2017-11-29 15:35:02,2017-11-29 15:59:55,2017-11-30 23:46:43,2017-12-08 21:38:39,2017-12-22,ee7c8776ca249426d1d17e6d48b622ea,2017-11-29
5acf78c509b083a69d8dd05a63a17185,21c11854807d25c65f28257f14277612,shipped,2018-01-12 14:37:14,2018-01-12 14:48:23,2018-02-06 21:21:46,,2018-02-09,41e32cf35c9194184759d6aad82e9102,2018-01-12
28e558fad2f33aabbcd55156fbcc9e24,04293309a0d09ff6718521058e1afe19,delivered,2018-01-06 09:48:24,2018-01-06 09:57:53,2018-01-09 21:09:29,2018-01-17 16:39:01,2018-02-08,549e1edca7e2761a387971ca8f884487,2018-01-06
962deb19ddb93d915e52a727506752df,c1fc54fe404b87306c70b6ebc8dff004,delivered,2017-08-10 22:33:59,2017-08-12 02:55:35,2017-08-14 20:55:57,2017-08-28 17:47:37,2017-09-05,338bb2875a901a3d0fb3c5261ecfa968,2017-08-10
09ab8a3234b24017600673c296756fdf,5c40be15b2c8fc641d9a1fc0493ac2bf,delivered,2018-01-22 11:14:54,2018-01-22 14:53:25,2018-01-23 21:12:08,2018-02-04 15:33:02,2018-02-19,7daa5521f49c5a710da721d485f023d1,2018-01-22
2a33fbcf408a5e7ff0383d4b0daa7f77,369fc6a529f0b32a100a2c30a34a8e3e,delivered,2017-09-28 11:07:04,2017-09-28 11:25:04,2017-09-28 20:21:33,2017-10-14 01:53:00,2017-10-27,9d318cda80015093e8550c6901c5c3d3,2017-09-28
9b27acea1ceeaf0e2c4409066b85c93d,fba7127c5408d58b69e6a5502865a4ce,delivered,2018-07-26 12:31:19,2018-07-26 12:44:36,2018-07-30 14:01:00,2018-07-31 19:44:28,2018-08-07,69021c0f14d956106e47a18dad381b01,2018-07-26
7d6e61d9e5cbe64880924d4b7c366cd8,25c02365611124c7e9a013edc5c26584,delivered,2018-08-06 12:21:15,2018-08-06 12:35:18,2018-08-09 15:07:00,2018-08-15 20:32:54,2018-08-28,7af5f8dedeb7639610202d270fad5a5c,2018-08-06
2c430e81282718d0db9786accc6d7443,dab909a0d3e409f1bc3bfaba39d56340,delivered,2017-06-09 16:11:04,2017-06-09 16:22:33,2017-06-16 18:37:30,2017-06-22 09:57:58,2017-07-11,3c07cb4b10ed4141fb0203357b319124,2017-06-09
993b2e3062c079f457a10aa536f9ca31,8bd5c421d45d6bd586c368f79a30cd2c,delivered,2017-11-11 17:39:53,2017-11-11 17:50:51,2017-11-16 12:18:40,2017-11-23 22:15:51,2017-12-04,109c2ebf3006665109fa85a3050c9e44,2017-11-11
9fc2a41d74cb13d98db36092842755f8,cfb7b32743b749d40fcd7244f0c4db76,delivered,2018-03-11 12:26:22,2018-03-11 12:35:55,2018-03-12 15:10:49,2018-03-21 17:27:29,2018-04-04,ae81bba2e4844fba7a51395a0d0d06ac,2018-03-11
e55d0223c37b4e75982efffd10fcdd39,1a22acd74a5d1eecfdd5c47375ea8226,delivered,2017-08-15 20:54:42,2017-08-17 02:45:15,2017-08-17 19:39:56,2017-08-31 18:53:36,2017-09-06,d39520d43560fc3b0ffc902eb6ee64df,2017-08-15
503e8daafed23dbae78ff210f2d41f0f,b803a36f5b9d8d6f91c23a92d2e5bac2,canceled,2018-08-20 14:16:15,,,,2018-09-04,756056dc496b52935b053a6f0d02c68f,2018-08-20
27320261393ac78cc0a9624a92da02c9,6b4bc7a9072f4af4f62ecd1b4a4786fe,delivered,2017-06-07 16:56:31,2017-06-09 06:42:46,2017-06-14 16:56:49,2017-06-18 09:45:59,2017-06-21,2ac2436a15221f99b4b9bc0dafdec3f9,2017-06-07
b8702f50a689621ab21ef200b55a5b8d,bf2854da4d893079388d84e0382f8d9c,delivered,2018-01-06 21:54:20,2018-01-06 22:07:28,2018-01-09 23:10:06,2018-01-15 20:16:56,2018-02-06,58590b9d15616fcaebae601776f63e1e,2018-01-06
f0a3681de8bc46b204500087357b2a89,4ccd5436cac2c43451cdc82952924d45,delivered,2018-02-08 17:14:59,2018-02-08 17:50:48,2018-02-09 20:16:33,2018-02-16 18:45:08,2018-03-08,7aedc0c20e98c4d80e7d02230c90f53e,2018-02-08
cacbadb716f3aaaf88b7271395671483,59759daed218627c5f03ec3849bcf25a,delivered,2017-02-16 01:41:53,2017-02-16 01:50:15,2017-02-16 13:19:00,2017-02-23 18:45:43,2017-03-22,57567bb387a33339fe94859450e1c62c,2017-02-16
cd302f435cdd4b5fa4775e9f6243c74f,b766b0ced4645c929816d37756f353bf,delivered,2017-03-16 10:26:45,2017-03-16 10:26:45,2017-03-23 09:57:41,2017-03-28 16:29:06,2017-04-06,a5dbc0adcbe267af4b486d23c67157f0,2017-03-16
ababdab25dc831464e6dec92bcb1beac,319b0b8fca928caf9f619d0b77418263,delivered,2017-08-09 09:26:56,2017-08-09 09:43:49,2017-08-09 19:45:59,2017-08-11 16:43:43,2017-08-31,08c49e19ff49f0b07a5cede83ca4bf82,2017-08-09
1d0179e06d705c4c8b0cccd7c58c30cb,79bdcfaf97119fe5ebe2e9922cfed68d,delivered,2017-11-03 22:32:42,2017-11-03 22:50:19,2017-11-07 15:36:46,2017-11-09 14:51:44,2017-11-16,2c14869f96fcf1d76d95e4b8e2841fdd,2017-11-03
93a157bd42d5aee115dbfbca895d9998,489bab9b8add8f1970756681d0787135,delivered,2017-08-29 18:48:54,2017-08-29 19:04:46,2017-08-30 20:17:48,2017-09-22 17:57:50,2017-09-27,434c24725eef12f24e265ec01b1fb7da,2017-08-29
8998e5470215f07da1f2529b486d0416,afce25a8c7e74305b67647127e1ca22c,delivered,2018-02-15 20:52:29,2018-02-15 21:06:38,2018-02-16 17:38:36,2018-02-28 23:19:54,2018-03-12,7cdd3f520e6101b32546be2e09b22fe6,2018-02-15
5f517c344edea684043f8c69608b7f47,93e2b668f75cb137a4318ad4aad0a984,delivered,2018-02-16 07:39:47,2018-02-16 08:07:36,2018-02-20 00:42:32,2018-02-25 12:42:44,2018-03-13,a277c3e4537edd93435ab61288810da8,2018-02-16
cc2f0434752c03815831750224a555af,108abb05c0d5975098a2997c70b2ef24,delivered,2017-04-05 16:39:11,2017-04-05 16:50:17,2017-04-06 11:43:36,2017-04-13 14:57:33,2017-04-26,bed4f1793f6b268f650a0c2e900c9d37,2017-04-05
95a0ff508a5ed31c41ba5c1139fdc8c5,1b7612e09ba91e4d182c07b2830daf54,delivered,2018-04-16 21:21:20,2018-04-17 12:53:47,2018-04-17 23:42:16,2018-04-23 21:58:47,2018-05-03,0ac9f7d036a7d78726744e4bd1fa506c,2018-04-16
77415617cafb4e144386cee170a52698,2212f1a6763a5a5f8e37750929239ea2,delivered,2018-03-11 14:28:10,2018-03-11 15:07:58,2018-03-12 17:27:46,2018-03-16 21:08:42,2018-04-04,5c2e2226c18ef5423db555fd9e0c8a09,2018-03-11
1e23bdb1aecf93173622912a55e691ba,702cdfc9c50ada5ba417aec8678ce22f,delivered,2017-11-28 09:44:59,2017-11-29 02:16:57,2017-12-04 21:22:22,2017-12-12 20:59:43,2017-12-26,b0a31cc050b4038deeebc4762fba11e6,2017-11-28
1468556ad5a95f57ef848cf278d8c6dc,dc0ac1aef635298b6a835b090dd7edf7,delivered,2017-02-05 20:44:21,2017-02-05 20:55:10,2017-02-06 14:25:54,2017-02-15 17:02:45,2017-03-01,0e3b24c04ea1cffe84ee1706573a2e28,2017-02-05
fe20459ba8839f9d9a187ccea24bb24a,61941d2c8a513b8b5bbfacc441fd9333,delivered,2017-12-03 23:00:25,2017-12-03 23:31:27,2017-12-08 01:07:58,2017-12-27 18:04:42,2018-01-02,a62e0d6d1775ff1936a4eb52dbbedd00,2017-12-03
2289ae813066fbb0d0e65239212ee5d3,730ec2ba3a8c9b4ce02b938be8b61ac1,delivered,2017-11-21 11:11:41,2017-11-21 11:31:30,2017-11-21 18:34:34,2017-12-04 23:42:36,2017-12-14,75a8083e27e7af87d890db460e048efa,2017-11-21
1d168d043fa86715964cec5b45433fd4,56592057a862a75cc27d9be9b90a2ef5,delivered,2018-06-19 15:36:19,2018-06-19 16:25:29,2018-06-21 14:00:00,2018-06-25 21:05:55,2018-07-17,cb102d80a65deaf0c899457c30371166,2018-06-19
947326b280848dfde976cd7fceaa7d3b,40390a1ff116b1f94606d89075be6cc5,delivered,2017-06-15 21:07:56,2017-06-16 21:03:22,2017-06-19 16:27:39,2017-06-23 13:13:39,2017-07-20,b491415601f1ff86ad985f8111453dff,2017-06-15
3ff74df75d244d7b291dc5a16004b2f0,10a3d7b4223ff863dad2a7238129fec0,delivered,2018-07-04 12:22:03,2018-07-05 16:31:33,2018-07-05 15:51:00,2018-07-11 20:38:46,2018-08-07,c3e8164d300ac3bc9b5b1d7d7cd5a6f5,2018-07-04
2bf0bf5cbf38b387798a9143e05d4c2c,b5bec5fb82d6aca9fc79d52b5446adbe,delivered,2017-11-07 09:01:01,2017-11-08 03:46:05,2017-11-09 12:09:26,2017-11-10 15:07:54,2017-11-21,b246b9430aa5bf06109d85f7409eb902,2017-11-07
d4f373442b0a496652c35a6138a6bdcb,2838a8fff1a7dd43ea7d6e49786118e3,delivered,2018-07-22 10:11:35,2018-07-23 11:30:49,2018-07-23 12:02:00,2018-08-01 18:42:39,2018-08-16,f2700f476268e49c5b492e158081217d,2018-07-22
91de6d82a66a52cbc3286556438b4705,f1a09318e72e9fb52681f649ff77926c,delivered,2018-03-16 21:56:13,2018-03-19 17:15:38,2018-03-20 20:03:49,2018-04-20 18:58:55,2018-04-12,e8b575ea327ce80b63a741d08990d41c,2018-03-16
ac3b973c9266d0035615e92f77c87420,e7a4a490b45ad3e43a293f04a5bd6910,delivered,2017-08-06 12:51:07,2017-08-06 13:23:36,2017-08-09 20:07:42,2017-08-14 19:29:58,2017-09-01,c6e5667e989cd6d3d1e8f2ab84127978,2017-08-06
f01dcdf8b36b19f3443d5209c827796f,e433f1adb60e4638fb1f463a5bad4c38,delivered,2018-07-31 22:11:26,2018-07-31 22:24:19,2018-08-01 12:54:00,2018-08-06 18:48:46,2018-08-09,a03c69a07eaa6c1a0d7269c32219a66b,2018-07-31
bc2130ff9dfd738fb36f7f0e8cee8f0c,27e704283e264dbdefadca39267d11b4,shipped,2018-07-17 15:20:05,2018-07-17 15:30:18,2018-07-19 15:09:00,,2018-07-26,e1fc9f733467893bad2b4232db5d95b2,2018-07-17
3e359ab408e7a2bdd39d256d9edb05ff,3f136c01368022773885be0b582620a2,delivered,2017-06-01 12:24:44,2017-06-02 04:32:21,2017-06-02 17:17:59,2017-06-22 17:52:02,2017-06-22,0e18d3592b4c61140b7d85dd36b5b926,2017-06-01
83454c8207f5c2102d2789a7ded17190,9bd8d9d841219efb38c073456f396896,delivered,2018-01-12 15:57:04,2018-01-12 16:09:00,2018-01-13 15:27:41,2018-01-22 15:18:46,2018-02-07,fb0f4535f3d7f34617ebe8407cdec4d1,2018-01-12
3f4d4de8598b31eee79eca23f927f676,6b853054552c1c6b3ac6b20db348828b,delivered,2017-06-03 21:56:14,2017-06-03 22:05:16,2017-06-07 10:00:10,2017-06-10 11:59:51,2017-06-28,a00275218a1ee46f8c320cbc99f7a863,2017-06-03
a380e6e7800d5e6d6fb008fe587e4202,0adafec56047601ede5352ba02a5c5bf,delivered,2017-02-22 16:30:40,2017-02-23 16:42:49,2017-03-21 11:08:55,2017-03-23 12:51:35,2017-03-21,55bcd53805fcb08a83ef7555da0bf739,2017-02-22
b2415aa888da881becd698f59da124b8,38f713d474b0f92b5f6225ce13b61a29,delivered,2018-04-03 16:33:58,2018-04-04 16:30:27,2018-04-05 19:54:23,2018-04-11 20:07:53,2018-05-07,434eff551f254f2e20e1f2f7c6991572,2018-04-03
6f678401da533b025aedf90ee59ab1d6,7883870fe70828d5e0ec335429a06b0c,delivered,2017-10-16 14:52:38,2017-10-16 15:07:19,2017-10-17 18:52:23,2017-10-23 20:58:09,2017-11-10,cd29a12256a837bd7b9fc4333377dc90,2017-10-16
5c1ae756614f9d0fabf5173af5c9e55e,6fba2f2bd26fc0e5f05a1e007730bb70,delivered,2018-02-05 19:08:19,2018-02-05 19:30:40,2018-02-07 14:35:00,2018-02-16 02:24:43,2018-03-05,825aa9ff4406522f853ed2a805be59af,2018-02-05
31002d1cf4364e884a8a59e0e0bc2373,654899711c20239561104a18f1d8d077,delivered,2017-11-08 12:04:00,2017-11-08 12:15:59,2017-11-08 18:48:27,2017-11-14 17:52:42,2017-12-01,4aa07246563f9674066866f92a2979c8,2017-11-08
b6276d65b997fa8398537cac9f42c55e,8bac3e94affaa3db3b8a26999b5b0f58,delivered,2018-07-01 15:00:37,2018-07-01 15:29:52,2018-07-02 14:35:00,2018-07-10 16:32:14,2018-08-06,daa6b39737ac4779b7d23b1b73154e88,2018-07-01
6101d68c2fb03e7c4571839add1a24b0,2a8ca956e86443110f087a53ae82b52f,delivered,2018-06-13 15:45:23,2018-06-13 15:59:43,2018-06-18 14:32:00,2018-06-26 18:58:40,2018-07-13,0ea5a9c83f775d940ef00bbbcef347cf,2018-06-13
82d48f3eb08cf0beca3cead1f85f525a,e75fd5941b7930d6926f5420e3b6a4ea,delivered,2017-08-18 11:58:13,2017-08-18 12:10:15,2017-08-22 11:13:13,2017-09-05 20:18:00,2017-09-15,753b6dc251fb86fd50ee5bd30feccfd4,2017-08-18
5a8f3e078b9a03b9bb16baa101e1c0ae,2c17138279e491eb5a6f827b36e99ce7,delivered,2018-02-07 18:40:17,2018-02-07 18:50:24,2018-02-09 16:35:37,2018-02-21 18:53:34,2018-03-06,a888fd5ece4a4f56d7c625ac4eb3bfff,2018-02-07
bb03daf7fc738a6fce908d083fd0f4aa,a6f0c75be71555a84a73cabdc58b45d8,delivered,2018-03-13 13:32:06,2018-03-13 14:31:44,2018-03-17 10:36:18,2018-03-30 05:49:54,2018-04-16,12d8b5ed661190a3a08183644dfc504d,2018-03-13
ac5a06cf04a02c5c5ec9f09f9db3ddb9,7f938220d2d18d58491d9377786c3a64,delivered,2018-05-14 18:37:58,2018-05-14 18:50:21,2018-05-18 17:14:00,2018-05-23 15:48:31,2018-05-30,5013f16eda3d3e1d2388f4464edea370,2018-05-14
0f3d9a2f9aad2a8e778efe652994aced,703a591347ded08ef2aeed07b1f3f384,delivered,2017-07-16 20:11:04,2017-07-16 20:25:24,2017-07-17 20:41:29,2017-07-24 18:16:25,2017-08-04,ac2ee582fee6630ccbe6131ffceaaeda,2017-07-16
c40ece9c7721bdfa00fd606bbe7b8464,f889f85e7338927a1a51de65484911f1,delivered,2018-07-02 12:09:02,2018-07-02 12:29:59,2018-07-04 13:00:00,2018-07-10 20:39:42,2018-07-23,ed6a892d0c9a189ffbd27e43e3625684,2018-07-02
06adc78b559bb5077b7748618fb45c17,2e666de5b2240e7418d06135ff3b95aa,delivered,2017-08-31 11:56:14,2017-08-31 12:05:18,2017-08-31 19:13:44,2017-09-06 22:41:37,2017-09-21,0f8249c6ee3084c935c2c15bf997e618,2017-08-31
6c60fad7f5361149be76272428814d7e,47b829330c5a0c6c89cad9cb0ac6aa3c,delivered,2018-03-15 08:01:37,2018-03-16 09:42:30,2018-03-19 21:51:30,2018-04-16 21:04:32,2018-04-05,6dfd27af2b7c8bf61b351757b7b13d2e,2018-03-15
fb7e82c858b82e6021869acd02bff2ab,a92dcbd9afbc87cfcf0923eed2df56ab,delivered,2018-01-29 20:32:55,2018-01-29 21:13:19,2018-01-31 18:58:06,2018-02-09 12:59:02,2018-02-20,f11bb9af7a588789e326ffbf6ad3f9ad,2018-01-29
de1f470a407aead094cd885293ea9ba1,356d32392e15a3d6bd13fe57ba72af7e,delivered,2018-02-06 01:12:43,2018-02-06 01:31:14,2018-02-06 21:32:54,2018-02-20 00:03:52,2018-03-09,191a98d2db97d142a24493a993792a51,2018-02-06
c03e2d7edc52d3ef8683b7f2e34a55cf,729b15bf469f3b62d400f30ad18e7395,delivered,2017-03-03 14:12:45,2017-03-04 06:45:15,2017-03-06 15:04:14,2017-03-20 08:54:41,2017-04-05,6b2af0e98d36916cbc15761bf6048220,2017-03-03
3d7049015382ca6c580e571399607c30,641381b1eaeefe78b1e883b468b65ffa,delivered,2017-10-27 08:04:43,2017-10-27 08:15:21,2017-10-30 15:55:02,2017-11-06 18:53:18,2017-11-16,7af8dbd93732a77eb75770b07c229548,2017-10-27
dda1bffaed62982b5b1608c765989f75,cef72e449e913c993566dfd1ad2d1322,delivered,2018-04-22 22:58:31,2018-04-24 18:38:35,2018-04-24 23:38:43,2018-04-30 12:09:11,2018-05-14,342915e0b18e0985ac301303b32a1450,2018-04-22
c8b69047cbbe06592f979f7a1ca08df2,af1a7e2229bed1f32991107366db591a,delivered,2017-11-24 14:12:37,2017-11-24 16:16:56,2017-11-25 18:45:05,2017-11-28 18:25:38,2017-12-15,19cedbe6b4feea31247ed0f54286a023,2017-11-24
f43f30b7f0ab764f863d9340e06c3f25,bbd7307f65bd2faed7cdeb0791a319c7,delivered,2018-07-23 10:18:13,2018-07-23 13:20:19,2018-07-25 14:55:00,2018-08-02 12:58:28,2018-08-16,31e7af8414a4c6c40d9a4f217d269e99,2018-07-23
1beaf0622df76c7b2b3be0746722f381,24099e5fbb7f1218d905043eec4c5b8b,delivered,2018-04-02 08:02:16,2018-04-02 08:48:53,2018-04-03 22:04:39,2018-04-04 14:27:27,2018-04-12,50eab3228443cbd92f3da8c2ced092ce,2018-04-02
3b7ddbdc4ef4c59cee4047a5fc2e49fe,fc1d5dec9fbaf2411afe15b60eaefd61,delivered,2017-11-07 19:30:41,2017-11-07 19:50:53,2017-11-10 21:14:53,2017-11-21 20:44:54,2017-12-04,356da39c873d00bbc6a01feaaaea5726,2017-11-07
9fbe7e5fb8d03b367b8a3b7b995ce6ca,582c658b197e8497bc5c72b4e278b85a,delivered,2018-07-22 11:29:21,2018-07-23 11:31:42,2018-07-24 16:01:00,2018-07-25 23:35:47,2018-08-03,2fd2605d96688c4af76c27d2218c4585,2018-07-22
767fda6e19393700c009ed3c4cb55980,7b32e0b104173535db7a5644c60a2e33,delivered,2017-09-11 19:22:15,2017-09-11 19:35:15,2017-09-12 20:37:50,2017-09-14 15:30:04,2017-09-21,47bdcd52860bc7287d5554d9e1db3ee7,2017-09-11
f6f4658567da4b739eacf70531b041df,9585a6e7aee2694d60fc9a1b6370f3ba,delivered,2018-01-04 22:55:56,2018-01-06 02:08:20,2018-01-11 20:57:36,2018-01-16 15:38:36,2018-01-29,2ab61ddcf4415fb0daee204a1112a8da,2018-01-04
f115b668258e0abcf6bf0e4f5aea2eb9,e138796477a31ad9d26398b9f46a45b0,delivered,2018-01-16 13:38:50,2018-01-16 13:50:51,2018-01-23 12:32:12,2018-02-01 18:46:36,2018-02-06,987f8494a6233ba36ba75d028b6a2c91,2018-01-16
2d30bcdaaf18c2598140aa6f7f230216,c16e1ee1f43fc784a849789cbf31c9b9,delivered,2018-05-28 11:21:24,2018-05-28 11:35:11,2018-05-29 13:16:00,2018-06-13 16:53:25,2018-07-11,e87260d4d3d29ef93c4c1811f1af7433,2018-05-28
ada852cf7a2944b2980679fbf593bf6e,9341fecaab3e912d71cf05c31ead299f,delivered,2017-06-28 22:12:22,2017-06-28 22:30:11,2017-06-29 16:05:49,2017-07-07 16:17:53,2017-07-26,a0f1d4ed2825bb48faba637c5a1b4b9b,2017-06-28
03d61f050de69049f4153f164c6f78b5,801ab7c35919d6c252d9d983a07103ba,delivered,2018-07-12 21:38:13,2018-07-13 08:44:05,2018-07-20 12:24:00,2018-07-25 15:17:29,2018-08-01,926258ab92c018c03e0329ea7ffdd037,2018-07-12
bdf2232a3cc316d1649fc8faabec0f21,015895fd0bf723100a64b0ead7c69cd6,delivered,2017-12-04 14:07:18,2017-12-04 16:49:00,2017-12-11 13:28:35,2017-12-14 00:33:16,2017-12-20,ebbe2f9f5abdaaaaad1d0999207e9362,2017-12-04
448d70cc4699daf71c492798bcf12d05,a1d4b69d4351efe51ce19692dbdb9416,delivered,2017-11-21 22:08:02,2017-11-21 22:17:31,2017-11-23 14:33:08,2017-11-30 00:32:18,2017-12-19,80ccb5797e29b2e467fcc6699da2d17d,2017-11-21
710bc497ddb33d94263a302f17416924,b22eeea84d8a63d56ee0ebb6ec8e0ae0,delivered,2018-01-30 09:47:48,2018-02-01 02:56:26,2018-02-06 16:32:30,2018-02-14 18:52:42,2018-03-01,6aaf7b14b33d2f1f51397037f629106f,2018-01-30
2f74da01c18f58ec893bcf10f9bbc2f2,757da6478b7e44d6f5d6d2a437b47451,delivered,2017-12-18 19:42:51,2017-12-18 20:50:38,2017-12-22 16:47:01,2018-01-09 18:13:16,2018-01-17,4358d4de619f6ef0bcd3d95a4379a1f2,2017-12-18
081acb555a1113c7c97b5c19a34852a1,5eefc6c2bd7d572ca6fedbf4bc92f495,delivered,2017-07-16 20:38:03,2017-07-16 20:50:15,2017-07-17 19:07:31,2017-07-31 19:57:43,2017-08-16,ffa8c46ffe06ca740ae232f5966c5a01,2017-07-16
69c5ed61a7bd20a9761c8fb11d727833,d3e6f4644fab253987a428200b71d988,delivered,2017-07-31 11:11:53,2017-08-02 08:32:11,2017-08-01 12:26:58,2017-08-07 16:12:51,2017-08-22,16d43404e5a454fead9aeeb6800337a1,2017-07-31
42b3a797a1829ba085add4da4900bd8a,32cc7238a20f3b4c366326d46fffdf63,shipped,2018-05-12 13:06:33,2018-05-12 13:32:00,2018-05-14 13:21:00,,2018-05-24,5d057e00d960110bdcce188419f9c536,2018-05-12
34479af2d143031f3a316ed407892b51,8f96972b98cb7bfa22013af482439ba2,delivered,2017-11-23 23:06:02,2017-11-23 23:13:29,2017-11-24 23:42:17,2017-12-06 20:27:02,2017-12-13,9798ef74fb0730b4c3012fa25ac96c60,2017-11-23
d2616f825b0e4b6d022b711bbdb684bf,d02dd09256ea7524bd9dd54d50d26076,delivered,2018-05-16 07:50:34,2018-05-16 08:53:30,2018-05-16 13:43:00,2018-05-19 12:47:45,2018-06-04,fcaf9abda28085889679a9b18f900ab1,2018-05-16
ba4c51e2b3f76361019f66b1295f2593,5373f6eae8ad2d60b7bc4dc2c71be539,delivered,2018-06-15 06:47:17,2018-06-15 06:55:10,2018-06-15 15:37:00,2018-06-21 21:08:30,2018-07-05,3fb0fe2ee1c9a5df51ccb196f448b51a,2018-06-15
6e2cdd89bd171bd4572aaa9535c4a202,a2d2d6b21bf7c4a1f2e5156e43258eaa,delivered,2018-01-30 23:30:43,2018-01-30 23:54:54,2018-02-01 00:13:54,2018-02-09 18:42:37,2018-02-22,d7d8a56a3f33816ae339683ca6968bff,2018-01-30
326056a428af991a9b566275682fe31e,13ebcb8036b0908147a1f63f062f9f6e,delivered,2017-11-01 13:44:51,2017-11-01 14:31:32,2017-11-03 16:26:51,2017-11-06 14:14:52,2017-11-14,68a7cbc4da3a25cf5da1f4628e2ec1e9,2017-11-01
2fdf8b4961bb0577225d66f6b7c19d52,8e145b0bdb5d5e7d5666df954772a522,delivered,2017-12-07 19:39:49,2017-12-07 19:51:05,2017-12-13 15:44:53,2017-12-26 18:15:07,2018-01-15,f8313e57a02f91b0db89bc1c96e366c9,2017-12-07
7fdf8dd46052f2a079f69f94d3f07e52,69c132118704b5773040b96ba8cd67d3,delivered,2018-01-25 13:08:45,2018-01-25 13:18:22,2018-01-26 19:26:23,2018-01-29 23:06:50,2018-02-09,eaeb46d323482d48d9396e66a3d94d61,2018-01-25
e876096220cbb869c0fc1b88d1ed0fc2,25e1b4a284e60b236be7a05d6af36c72,delivered,2017-10-06 08:49:02,2017-10-07 02:44:45,2017-10-10 20:48:02,2017-10-16 16:12:23,2017-10-25,c28d069fb9c13a2255ef967bae8fa7ab,2017-10-06
c0101e90b905c8518103661781b2c6f2,74de83afe08d2529497f0852773a0403,delivered,2017-04-10 13:04:04,2017-04-10 13:15:11,2017-04-11 12:18:25,2017-04-13 13:34:36,2017-05-02,41780f8e2225e1b3f229b072a45a214d,2017-04-10
45da61f7d9e9167809a7b49b252bccd3,67c30b8e5c9d3381e22a5737a65a810c,delivered,2018-02-17 19:14:50,2018-02-17 19:30:24,2018-02-20 23:22:04,2018-03-05 20:47:03,2018-03-13,fccf8016605dcdb91bf975252834d6fe,2018-02-17
3e1588105bcf5ae8155dfd11d81db733,faa620b99336f779d6ed431347eb83b7,delivered,2018-05-10 14:36:50,2018-05-10 14:56:58,2018-05-11 11:45:00,2018-05-21 12:30:51,2018-06-06,f51dec6b3483b8a96b160e6dc55d379f,2018-05-10
9d00d5c50382768149ce030b6ab28fc5,641cbccce28ca2f8b8482667f1dff4f4,delivered,2017-09-26 17:11:06,2017-09-26 17:28:18,2017-09-29 20:21:32,2017-10-05 00:22:47,2017-10-16,1c54b236f385dc54ef0214afa0d77ad7,2017-09-26
1782119bc21f8f920e4557c56091a68a,0d3ef975f64f9faa709568c6b48b5f97,delivered,2018-06-21 13:28:51,2018-06-21 14:00:00,2018-06-26 11:25:00,2018-07-05 21:10:59,2018-07-31,c7620313ad8f336ef1a86409c44858fb,2018-06-21
0c41f512e2783cc1d84227b9afee153d,975ba3a74e5c88391c411030324032c6,delivered,2017-07-27 11:31:24,2017-07-29 02:30:41,2017-07-31 17:59:52,2017-08-07 18:02:37,2017-08-18,4d93a9728e098210fda896f01cdcdde9,2017-07-27
af8a65413a5278f53502a4c24ec7e343,4b1247edd255f5c6d0742646c4b3db66,delivered,2017-05-05 11:33:21,2017-05-08 13:05:39,2017-05-09 08:07:55,2017-05-11 15:57:42,2017-05-26,22ce44b71e3154c6674488a851b3abe1,2017-05-05
550ae45f40c5748efec912c204903d9e,10306ac6e28d0b63f5bd4477b093e063,delivered,2017-12-18 08:01:45,2017-12-18 09:12:00,2017-12-22 20:13:33,2017-12-28 20:35:11,2018-01-11,3777ad21c83532a01368da9889992d86,2017-12-18
ce5e27204460fb41a0a6122a50206ebd,ef66cc15d398275f5488bb363bb585d8,delivered,2018-06-10 22:28:53,2018-06-12 04:57:34,2018-06-13 13:07:00,2018-06-14 19:25:34,2018-06-20,6a3cb6b09ce1824c5ace4d73e2099fc6,2018-06-10
5202706af09cfff62208ae5a56926b6d,ae68a047db8668d643d62fd6c90b7202,delivered,2018-04-04 14:15:00,2018-04-06 03:28:27,2018-04-10 17:19:11,2018-04-13 18:58:43,2018-05-03,8bf0bee0027b22b94806d1908358cbbc,2018-04-04
fccc6a1135bbde7546ea85d6ab3cec87,65f6f10609e5c8911038b9bde0e27b89,delivered,2018-01-09 18:24:59,2018-01-10 18:19:24,2018-01-16 21:04:15,2018-01-23 12:12:16,2018-02-02,864a14bbcea040a685ab646731e67c58,2018-01-09
0d556f5bfd6f6a807960f7e971e8dfd9,90f2f00e590c8683e41a97fb88328691,delivered,2018-06-18 13:53:20,2018-06-19 06:35:53,2018-06-19 15:06:00,2018-06-20 13:55:32,2018-06-28,35ce9d5d07eaf50e906ff634874a3ff5,2018-06-18
6f22dfc6908427b839369dd36662e575,9d4aac880ba02ccefc6f724c85f89bee,delivered,2018-08-20 16:44:06,2018-08-20 17:10:47,2018-08-22 08:42:00,2018-08-28 21:58:40,2018-09-13,49e3d7c10489b29211f25665184b9935,2018-08-20
672b1bba837c3aa34b3e8ddd95ba6eab,2967800a1e6a657df2f13ef37b65c9ba,delivered,2017-11-16 01:52:58,2017-11-16 02:06:58,2017-11-22 15:34:33,2017-12-05 19:23:36,2017-12-07,923d93f35958d2df469e4127701892f6,2017-11-16
ee230b38900d26f6334311714d502d30,2572c5aaa8f5391040fdb831e5bd3d1b,delivered,2018-06-07 10:48:15,2018-06-07 11:37:02,2018-06-07 14:53:00,2018-06-18 17:45:46,2018-07-18,143d7edef4895984cc2ba65086c46682,2018-06-07
14c9f30dcfd7bff68d5663ce8626cc19,c5a2778a8dbd64d32e3d0ee4995539a0,delivered,2017-07-04 19:23:29,2017-07-05 17:37:54,2017-07-06 10:28:51,2017-07-21 15:22:52,2017-08-09,de2426b2e8d245dddd14267acdc24244,2017-07-04
ca5c4d665a41e608da0261a9c2739c32,2e120c17bc8f3c45465d410faafebbb8,delivered,2017-11-28 00:42:25,2017-11-28 00:50:21,2017-11-29 22:31:59,2017-12-07 19:32:24,2017-12-28,c782319a085e3821b61811e30992396e,2017-11-28
5837fff4c5c9ea52b2e96674efccbc66,ba77ebb5a04276eff9b0bd56db33bfae,delivered,2017-11-24 12:25:03,2017-11-24 14:32:58,2017-11-24 20:51:28,2017-12-27 23:14:07,2017-12-22,6664c325d22c0254b031ad0340d05c98,2017-11-24
8216d7ffa665e6b5100c873eb7a44c18,9a78f75b77d6d6c49f563f1453bb113c,delivered,2017-12-30 11:55:21,2017-12-30 12:06:42,2018-01-04 22:32:59,2018-01-19 02:54:31,2018-02-01,4ea07e24e59ceae33aeb18024919b4d8,2017-12-30
1810618b56a9acf3df4d8a4945bd909e,e9fceae02eaf49f88a3332048e249b0f,delivered,2017-07-26 14:36:53,2017-07-26 14:55:09,2017-07-28 14:12:02,2017-08-01 19:47:45,2017-08-17,0778e245b3a42b38d4cf32b302c17991,2017-07-26
b27025d21677712033b453ec8bc2fed0,5c2252e80398f0d74434863dc25faf92,delivered,2017-11-15 13:48:18,2017-11-17 04:10:37,2017-11-17 17:21:27,2017-12-04 14:33:02,2017-12-08,159e6bf903d5fe23713eb79a7555fcb3,2017-11-15
f593228a7a25e9633ff78a4ce0d0d4cc,97fc384eaf80697d0a9a5b5e75ab5d01,delivered,2018-02-18 17:33:07,2018-02-18 18:35:26,2018-02-20 12:55:14,2018-03-05 17:23:13,2018-03-12,29c683bb068ef4f95efb6ab8a4883ae1,2018-02-18
bca52ee5fc699061c5fbd5b7cb99d47a,38c335d0b5817a4303bc506e48323ca4,delivered,2017-10-18 13:41:33,2017-10-20 02:45:49,2017-10-23 20:55:36,2017-10-26 22:00:07,2017-11-06,19cf4ef9675b3aaebe19267c20ef8128,2017-10-18
7fc163ae2a200d57c1118812221bcf8e,16f1fb10c836b62abe1c810fcf365a1e,delivered,2018-07-31 12:55:23,2018-07-31 13:10:20,2018-08-08 16:11:00,2018-08-10 00:32:21,2018-08-10,0b3c186fd0b9ce5296bc5ce0faf5b33f,2018-07-31
bcd228c06b9b1714cbe3bc43673c423b,d09df551a351f70e922ad58090aad0a8,processing,2018-02-10 10:16:52,2018-02-11 10:15:24,,,2018-02-26,1ef2a5f167ee2ddf65ed15b46f78b7cf,2018-02-10
64c04b1fbf1d65307ee77fa046ea3b7a,7ee37cd773f9b9d512246953410a97c4,delivered,2018-06-13 17:05:11,2018-06-14 10:19:57,2018-06-14 15:08:00,2018-06-21 15:20:43,2018-07-05,ff04f49cba34f90ad06d1f7b81afd5d8,2018-06-13
7df0f938e1ed850fcc16e29882f872f7,68323fa98e660b153f32b459be15849a,delivered,2017-11-07 16:00:09,2017-11-07 17:10:35,2017-11-09 18:58:52,2017-11-17 16:21:35,2017-11-28,8c17fce83254376c3d3cbbea68f116d2,2017-11-07
f325a745f44598592ea78a6e64b589b4,59077d5c620a379906c1130b4cb666ae,delivered,2017-11-09 15:24:14,2017-11-09 15:35:33,2017-11-10 20:28:27,2017-11-21 21:07:57,2017-12-08,4a0e1963153df245b88a3efdc56afe97,2017-11-09
1116c3f9b18a7680ea8f531b11b4b15e,5224cca00cc6574164a987220d88cd1e,delivered,2018-04-15 19:14:53,2018-04-15 19:31:10,2018-04-16 23:42:19,2018-04-18 23:38:34,2018-05-04,9ef311403f8625701c580ce47e3466e4,2018-04-15
ef6705ee8f12d45eabd6549c3e10c790,6aa6e3750467bce6dc1a4ab34cd2456b,delivered,2017-07-10 13:18:45,2017-07-10 13:30:20,2017-07-12 17:04:40,2017-07-25 19:32:07,2017-08-07,a9c0a9cd914ca392f640000fe4c29427,2017-07-10
e9cdba9b8112d2c4cd5cd65431742977,314f5515cf84ac3a11ba7fea4e9a2822,delivered,2017-09-14 16:49:48,2017-09-14 17:05:38,2017-09-21 16:22:39,2017-09-22 16:08:53,2017-09-26,fd60f452bb7f454950951a41340c8c5c,2017-09-14
d6f9e75b25f4d86db87bf9c7e6d14a4b,2445f5abc357155e6dc516632b02bb21,shipped,2017-07-03 18:59:31,2017-07-03 19:15:09,2017-07-04 13:57:28,,2017-07-25,58d6ca46cf2a66eede55574097e0a328,2017-07-03
b13a6349dc3ffd0d949a6e03cf5c5aea,bed634711aadd752f21d3bd8b2dcd9c1,delivered,2017-09-27 22:17:38,2017-09-27 22:28:22,2017-09-29 19:13:58,2017-10-06 19:30:02,2017-10-26,dcd680f6561ebea0ed8d2243c113825c,2017-09-27
7b08a0bb1ddb197312b1bebe6cfd9caa,d6c12e28c97ea51cb6643e45f7e01358,delivered,2018-01-05 09:58:33,2018-01-08 06:47:25,2018-01-09 16:51:52,2018-01-19 21:52:43,2018-02-09,e472d3cb7c889ca7a1321e2a180a48ab,2018-01-05
d2f4bbcf8e2d36f9e13fba6a75c7269a,5839d530a9dcd7a25bae64efc272b24d,delivered,2018-03-10 20:23:49,2018-03-10 21:00:27,2018-03-13 15:56:20,2018-03-29 13:28:47,2018-03-28,ea2a0e6578126f303d81b248c56e68e9,2018-03-10
ab21d46cb0d123ea937d107425f82829,e818bc8add3d282d02b2eb2f64406645,delivered,2018-06-17 22:08:14,2018-06-17 22:32:29,2018-06-19 10:58:00,2018-06-25 17:22:32,2018-07-16,9f77a153eb2afae731c6e94762dd9c74,2018-06-17
1a647a88b6fa7b167cb5414a372edeb1,a6e927129ccc2bfc77279fb42c178858,delivered,2017-04-11 14:10:19,2017-04-11 14:22:44,2017-04-12 16:07:34,2017-04-24 10:37:35,2017-05-18,68549c5460dc3dac8e4f0e6f84f7b722,2017-04-11
13c352b184f81a5ef34fe2d204c2a968,0cda9d1432384b83ab1be4549c311e28,delivered,2018-06-23 20:53:54,2018-06-24 20:54:52,2018-06-25 09:59:00,2018-07-06 18:48:41,2018-07-30,832e1e486c8bc1f7274c0c2066a32625,2018-06-23
d9a58029d2a4e7730b0d6446600fdb6c,84c9c372c3900f5f48b60916d5851fbf,delivered,2017-06-18 22:08:11,2017-06-18 22:15:23,2017-06-19 13:25:52,2017-06-28 12:57:43,2017-07-13,0d0877245330204e21b81709d3b06e92,2017-06-18
4bad794236d71eada0390ce3edb591fc,8072452f5e9108b02a0e8a57961ddcfc,delivered,2017-09-14 22:05:38,2017-09-14 22:24:15,2017-09-21 21:34:14,2017-09-22 16:08:53,2017-09-26,4c3db8a783ffa1b556d846e78120548e,2017-09-14
1d5971c6ac68e27ee67fcb4ef122897f,8a795f8302a07067181e2b08c8e9280c,delivered,2018-01-04 01:55:07,2018-01-04 04:55:32,2018-01-04 21:52:10,2018-01-21 12:03:40,2018-02-07,1c9e0fa8ece71789e5d61441ceecf2b9,2018-01-04
e09dd765041e9934d762d51ccb26adee,915b040fe51ec246edf9bd062ee7da8b,delivered,2017-01-21 06:58:31,2017-01-21 07:10:09,2017-01-24 09:36:22,2017-01-30 13:57:45,2017-03-21,a5d3bfee5b23b430b95c4ae295e1028a,2017-01-21
c5a04e8b14a30499f45857da5edfea7e,c0a6f7b24c9ba50d36786a33ca6a7ffd,processing,2017-05-15 20:39:40,2017-05-15 20:55:16,,,2017-06-02,369d80f365fbd343643b1dbe56cafc49,2017-05-15
3dd5f3e88e755bfddd878c1be9903b4c,946b7e93d437f40f31318b7c37886e9a,delivered,2018-08-16 11:38:08,2018-08-16 11:50:48,2018-08-16 15:34:00,2018-08-20 18:48:06,2018-09-04,731d225b9315bdc8f31dd72a2724fbed,2018-08-16
0e19122f9fa8f2ac31d7ee9742b7d98b,193422684d7e12df2ca405f88df5d891,delivered,2017-06-26 16:04:07,2017-06-26 16:15:21,2017-06-29 10:03:14,2017-07-03 12:33:38,2017-07-14,da6c3ad897704760efba1dafc9f7ff8b,2017-06-26
3a8e8e947707941c5e3af4aa4da84478,de0944cfee0d3c5e328399740f56e989,delivered,2018-04-30 11:45:19,2018-04-30 12:15:22,2018-04-30 14:23:00,2018-05-07 13:10:03,2018-06-07,4b710b383b56484557d289075e303d04,2018-04-30
141f7d3071b3a6ebbc34ea1454624e3f,8fad1c45f7d9d8210fa58f3b754c0932,delivered,2018-05-17 21:26:53,2018-05-18 02:54:28,2018-05-18 13:34:00,2018-05-24 14:38:43,2018-06-04,6e1fbddfe1c29a70a6a91b652ebc00fe,2018-05-17
7d1cf8b48f855eab4eddfa96b2c61ec8,f8c74089ec6e1afff6401a71bf3bb4d4,delivered,2017-12-10 13:46:15,2017-12-10 13:53:29,2017-12-11 18:49:54,2017-12-14 20:46:51,2018-01-08,fcd1b3631dfdcc9d196732a828830c29,2017-12-10
b73183cb490ec16839818660ffc3d832,9c6bf855fea8ceee89c3a2f9073e65de,delivered,2018-05-14 11:01:01,2018-05-14 11:15:27,2018-05-16 15:50:00,2018-05-23 18:38:18,2018-06-06,151c7a254677ee4c823935f5cd076d11,2018-05-14
ee916829c2d13ef9cc8168badcd31411,a93d50442b6048d2393da05c5ca06a3c,delivered,2018-01-25 18:21:58,2018-01-26 18:17:27,2018-01-31 14:58:21,2018-02-17 13:08:05,2018-02-22,2b8a31a8b864e67f77bc3ae234178676,2018-01-25
d40f37941fe5d7cc0ee5bf4180ae9f3d,8b064a200d335d30d609487f84414812,delivered,2018-07-05 15:24:52,2018-07-05 16:21:50,2018-07-11 13:00:00,2018-07-12 17:47:36,2018-07-19,cf645232b948cc7cdc5ee2c542029543,2018-07-05
469a7494ad77aec29dcd9958164ecfda,89cc6bc87c7d96b36dff1b1c1233e884,delivered,2018-06-27 10:01:00,2018-06-27 11:06:50,2018-06-28 11:36:00,2018-06-29 23:08:49,2018-07-12,8d668878ef1faabcc7e7330007327ecc,2018-06-27
32b1d3f7e7a0149ea3c10792131839d5,5abf5079ca122b0018b08562e51ad1bd,delivered,2018-07-19 11:22:55,2018-07-20 05:05:12,2018-07-20 13:16:00,2018-07-25 19:06:32,2018-08-06,46014217dceae9154e4f85ae292bc9d0,2018-07-19
d08257023bba46fdf7e3cfcccac606b8,0129ed0b91663e92e982965f3a6245f6,delivered,2018-07-24 21:53:52,2018-07-24 22:05:16,2018-07-27 11:07:00,2018-07-31 14:55:37,2018-08-27,74ec77145a467b1a96152aac1c3ab137,2018-07-24
5b1ff9c294ce6149733c6912262c60f9,1cee7be2a8055eeac71626608c2360b9,delivered,2017-02-08 10:18:09,2017-02-10 03:03:16,2017-02-10 08:12:35,2017-02-23 10:51:16,2017-03-17,c0809c9e757929e7cf0a1af098fcb1f6,2017-02-08
d857d0a4f3a11a5edda482cd70b6008a,daf79fe6906ca75732fe78d5ef551d6d,delivered,2018-06-13 16:54:03,2018-06-13 17:20:00,2018-06-14 07:58:00,2018-06-19 21:11:19,2018-07-03,499823c6b525d8cbb10393020c4c810d,2018-06-13
0822275bffed889280029c0c32b003e6,8271ceeaf964f129bcc35e89a3d4520c,delivered,2018-02-05 13:12:47,2018-02-05 13:30:45,2018-02-06 21:07:48,2018-04-05 21:32:46,2018-03-01,ef702c59e385cb13bd800b7fb30cc822,2018-02-05
308163f9666c3f335e92b0f0f61554ed,1d8301ecbc5e43043f66ed6b8bfc8009,delivered,2018-07-12 11:24:13,2018-07-12 13:25:52,2018-07-26 15:28:00,2018-08-01 00:05:14,2018-08-01,16afed47cbc3a3f82bb8147db7ad6fad,2018-07-12
982a2255031a99176b6786069e8fa1ae,babd1efb823e55641d3e5e99d6972418,delivered,2018-03-02 13:00:16,2018-03-02 13:15:26,2018-03-02 22:09:11,2018-03-11 18:41:47,2018-03-20,e759782c6b98d881f565bea831a8948e,2018-03-02
0ecd7312b4a222a3a86590e46f1c2b90,a2a34d52a5ca3c214067d8d87f6ddf21,delivered,2017-07-26 20:50:09,2017-07-26 21:05:10,2017-08-03 21:43:41,2017-08-05 13:37:46,2017-08-14,ca9522ba7a7c70fc06b2a82471681ce4,2017-07-26
45193dbb3e96a6b68bcd317c6f840fb5,66d393f3aa4297b658208fce69282699,delivered,2017-09-24 16:01:26,2017-09-24 16:15:08,2017-09-26 18:53:59,2017-10-07 15:03:44,2017-10-24,d28807b712185e7c8ddf7f5c337385e7,2017-09-24
433a9459ece4c6083b2aa89b2480a1a8,57c9497cf41d06236857628d650858be,delivered,2018-07-31 23:27:43,2018-08-02 05:05:09,2018-08-10 14:10:00,2018-08-13 13:52:40,2018-08-08,e7a33387c87622502c3de0b339f33c4f,2018-07-31
199b954f78aa6406855014a9a935ef5a,1c76fe8aee9a8e6c4e431c68db930c38,delivered,2018-02-05 15:51:27,2018-02-05 16:11:01,2018-02-08 15:54:46,2018-02-22 02:12:52,2018-03-06,4ab9d24130427259b624531800288c87,2018-02-05
4db8f00462910a1daf07bd78e151c075,2060e318ca3331cd5a8b03eafa04f813,delivered,2018-06-19 11:59:29,2018-06-19 12:18:40,2018-06-20 10:46:00,2018-06-28 17:38:53,2018-07-13,59d3f18e424c9023f54b7b82829887c6,2018-06-19
1aa61b751b1fcf147418fe35148bd4cc,e50ebc827aac483cd6a356d73877f9ca,delivered,2018-01-12 10:31:30,2018-01-12 10:48:30,2018-01-12 22:30:06,2018-01-26 21:27:31,2018-02-07,dd25b514ee922669e5de2d638199a3e3,2018-01-12
21cf2a548764530e2638e941f0dc7fed,55acca2232d766f885c2f8b52cb09416,delivered,2018-04-14 02:28:53,2018-04-14 02:51:55,2018-04-24 01:32:44,2018-04-30 21:48:55,2018-05-18,4a6ae6c2bf231b536278aadfc1c1e72b,2018-04-14
3f26faa9494be61027d0c04483436498,2bfbff5eb42c14a3ed9e37efbf840e33,delivered,2018-03-23 09:34:43,2018-03-23 09:50:37,2018-03-23 22:09:45,2018-03-26 23:28:46,2018-04-05,5775984939803dfe2ef8bad0f4c63abb,2018-03-23
724f1ffc2af7bb0275a9c981cb21909a,322f36046dd936288a20347c181996df,delivered,2017-06-26 08:33:16,2017-06-26 10:33:19,2017-06-27 14:46:43,2017-07-20 19:36:31,2017-07-28,d69d9876b12afce7d045a1de3999ccd2,2017-06-26
529de011939a17a088e8df57b4356585,d9d643b00c98c1b7ae45d925285eccba,delivered,2017-09-19 17:41:41,2017-09-21 02:51:06,2017-09-21 18:22:42,2017-09-22 18:22:01,2017-09-29,4d198e41650d7032794365dfb840001a,2017-09-19
f77e126a18d3f6d78bab9e393cf25a73,5863bb76ca9ee3075fc26943071fe556,delivered,2017-05-09 15:14:06,2017-05-10 06:35:25,2017-05-12 19:36:06,2017-05-18 16:27:32,2017-06-08,cc77ef7997c86d380d2cd5f6b4ca5f61,2017-05-09
9592e993fa9bd76e414ffecdceaa13c9,851fe64644348018b08d59e8d0002abb,delivered,2018-03-14 07:47:52,2018-03-14 08:47:35,2018-03-20 15:44:27,2018-03-27 16:20:55,2018-04-09,7f909384e8c77e263a09439147d90bb4,2018-03-14
3834ec7f71dbcb2d82167e52a4448d33,c78e1ce3a499d6979069f82c20c9178c,delivered,2018-03-03 15:38:52,2018-03-03 15:50:25,2018-03-06 20:17:57,2018-04-16 23:07:00,2018-04-10,33717acabba10f2660e2e9ef8989bf4a,2018-03-03
883454d5fb48deb4193c387cf1c64a49,be5bbe31ad3a20d311793e67950f664e,delivered,2017-12-19 20:20:53,2017-12-20 07:18:15,2017-12-28 17:49:08,2018-01-08 21:09:07,2018-01-15,b4d73a349be77426240c86f351a15c26,2017-12-19
2e8080693faebedb3ba68531167c6313,9e36e87b2ed55c78b24bd7a4b58be3a0,delivered,2018-07-14 19:38:26,2018-07-14 19:50:18,2018-07-16 15:10:00,2018-07-23 22:38:40,2018-08-03,7e7301841ddb4064c2f3a31e4c154932,2018-07-14
f7404ef9274b77e82cba63629c091e3f,e2bfd0a3a3e2677586821cb7f3a27d07,delivered,2018-04-04 18:14:40,2018-04-06 03:08:22,2018-04-07 01:22:14,2018-04-18 17:18:24,2018-04-26,9c5378dd26d0e55f55eba2e800765a6b,2018-04-04
66c0ba5488a397208076ece07748d0fa,50577f33200de8b27ca46bf8ec17d82b,delivered,2017-09-03 21:01:28,2017-09-05 04:10:32,2017-09-05 18:53:06,2017-09-13 20:15:01,2017-09-29,1e85ad2cf60fcd8b3668f0f9a403e846,2017-09-03
c071755e071e5e8819f78265639b102e,343a0b7bc6b0daa1c9b781cc1aa46445,delivered,2018-01-16 20:44:59,2018-01-16 20:57:20,2018-01-18 20:18:31,2018-02-02 09:38:31,2018-02-07,ca249a364b6e7b2849d75cb076cf51b4,2018-01-16
adc792b07aa3cea4f62946c3c00c6274,26d9f7a0be92fddf04d1db3e581ab46d,delivered,2018-03-12 04:16:34,2018-03-12 05:28:52,2018-03-13 15:59:45,2018-03-19 16:08:44,2018-03-28,e12bff77fa237942e52f68d1cf9ffafe,2018-03-12
7be32d3b5331e7aa64f9e557b59ea32e,d2f1b10127eb4947c2df14f43edc6ac2,delivered,2018-01-13 20:58:37,2018-01-13 21:10:17,2018-01-15 18:06:18,2018-01-16 13:56:59,2018-02-01,0b4ad8d8221444b07cc15fef8a9a3902,2018-01-13
bb6c4377932cd3f89a92ec9b1f1f37f0,6285985007f6fe44b21f65e3d0f5ec97,delivered,2018-06-26 20:16:18,2018-06-26 20:30:13,2018-06-29 11:43:00,2018-07-10 19:12:10,2018-07-27,3c318225b706dec78fe46660529688fe,2018-06-26
a53f0870aa46960c914e6e0fd739304b,a7ceb6b7f4879047ce555dbbd233bccb,delivered,2017-05-21 07:57:45,2017-05-22 10:42:02,2017-05-22 12:17:30,2017-05-25 09:22:21,2017-06-13,704ddf4edafd9d1789fa7ffd35eff10c,2017-05-21
17c9362cdf27556b1765d93729c3beb2,efb45eecb70bb27f975a210586d2c726,delivered,2017-05-11 14:37:06,2017-05-11 14:45:15,2017-05-12 12:47:53,2017-05-26 10:37:57,2017-06-05,c5c742af68f4e716c4f18b507f17ed2e,2017-05-11
6fc7f9a5ce44ab38483dcf761802cb7e,cdfc3817abb437c8b8fdd0c9a25cd691,delivered,2017-05-30 22:43:38,2017-06-01 04:02:57,2017-06-01 10:54:37,2017-06-06 14:19:05,2017-06-29,9604d31037ee48ed10aaab749468283e,2017-05-30
4bcb31b6a61c7fdbcb397a502edd29a1,88c7ed43b844a8645bad673db2d98774,processing,2017-07-24 10:16:56,2017-07-24 10:30:16,,,2017-08-15,dd08a6df51313e296a1861c1c2fec75c,2017-07-24
67acbda15487a0495068196ebdfbbcf7,883e06c99a6a4a338f2b74fcd4d4e344,delivered,2017-03-27 19:30:45,2017-03-27 19:42:56,2017-03-28 15:21:43,2017-04-10 16:44:18,2017-04-28,ddd8485a202512dc3df53d3092b15ff0,2017-03-27
6e91382a2e9da8b39ee94e7e249e18a7,2fdd8a2a76a8e1cdd5f16379dc080bb8,delivered,2017-09-21 21:55:27,2017-09-21 22:47:35,2017-09-22 19:32:05,2017-09-25 16:02:34,2017-10-06,3c7c63d189e46e2c770bfa325d9b24c3,2017-09-21
ea84febf2596b3e1a6f4c7eee0f05abc,250f08b15a366c0a8cb7f4e6ba953167,delivered,2017-06-16 22:16:33,2017-06-16 22:25:20,2017-06-21 13:49:24,2017-06-28 15:12:42,2017-07-14,85f8037147329505d4e90c200a07b5a8,2017-06-16
41f619c5b2e315db16368518f5fd3405,0a18445510505b0fbc67fefff8231df0,delivered,2018-07-18 14:01:02,2018-07-18 14:10:19,2018-07-20 13:55:00,2018-07-23 20:03:05,2018-08-07,38a030ab9815973cb48df654a98a8368,2018-07-18
b8eddc75e14deb94310c124b0458c626,fe39086685f95933fda7f32f50a9abcc,delivered,2018-07-02 13:07:15,2018-07-02 13:15:13,2018-07-03 11:55:00,2018-07-04 19:58:23,2018-07-16,45c327d8b3ca237bfa0e0f6e77de9fb7,2018-07-02
6bc3c767bc73e1e4e1ba0670c3d90397,29e3dd4d4c101e8afb1f84aa611ec130,delivered,2018-02-26 16:19:39,2018-02-28 09:56:09,2018-02-28 21:25:17,2018-04-03 17:03:49,2018-03-16,3a6130b1b5ce0172f5ef08111138f8e3,2018-02-26
92775060bd32858e4ae0d6b886f37219,e3781bf27bd1e9e1d2e65bd417bc754d,delivered,2018-03-09 14:27:29,2018-03-09 15:10:36,2018-03-12 16:43:54,2018-03-24 16:26:33,2018-04-09,697b535cef2a232393cf2f87ae043ee9,2018-03-09
25e08e5a23ab24f86595aadbe50bc739,e476fcea99c9ce561bfdd36692edcbd0,delivered,2017-09-19 12:16:06,2017-09-19 12:30:12,2017-09-22 18:54:56,2017-10-13 16:12:44,2017-10-11,abb834f676daeee16351467bad0450f7,2017-09-19
f5306185c917952d794bb6da1280a050,5ccf1c712d44f6ffd2698798916e59ee,delivered,2017-09-16 22:05:02,2017-09-17 01:04:02,2017-09-21 19:55:16,2017-10-03 19:58:07,2017-10-09,bc61ef033404c548cdee700321c246d8,2017-09-16
3e84398caa2b0be876731343bab75b06,92710a995cc113c830f287b62883189c,delivered,2017-03-13 18:14:02,2017-03-13 18:14:02,2017-03-14 06:33:13,2017-03-20 12:51:33,2017-03-31,939fb305824c6e11ffad60eb8182c3dd,2017-03-13
6b7c51889439d1226b105ac94db9688d,80d559f43415392b923172d3a7137c60,delivered,2018-07-08 21:38:25,2018-07-08 21:50:11,2018-07-13 13:38:00,2018-07-23 21:32:23,2018-07-31,d94dabf89b0f9242bfbbfd72451d8ac9,2018-07-08
5601efc723d40b097b2c97df55cb8fbe,2f99a41ccda00228ce7e60a63b541ab9,delivered,2018-02-21 21:01:55,2018-02-22 16:15:33,2018-02-24 00:18:32,2018-04-12 22:22:27,2018-03-29,5da134aab96f93a6c8dbbcf9996319dd,2018-02-21
9781e9a5064f50e5bb4ce028b9f1963b,4d23f457e4048ca6b97665749240d1f8,delivered,2018-02-17 18:33:00,2018-02-17 18:46:41,2018-02-23 00:45:22,2018-03-22 23:28:42,2018-03-15,77fdce6a79a829cf17915ce1f2c89e8d,2018-02-17
7a0256c1bbed2e05c3c312f6b89aba71,a39b1a4ba781c82a8b9166d20c127414,delivered,2018-08-11 00:15:46,2018-08-11 00:30:17,2018-08-13 15:03:00,2018-08-17 22:28:28,2018-08-23,bff4b20991a5c616f5f6ff0fb6bcf0d7,2018-08-11
115778b69ef3f8bece387ae594bcecba,cecc7f9a9384f6df323bef4be5f761a5,delivered,2018-02-17 11:00:31,2018-02-17 11:10:58,2018-02-19 20:49:10,2018-03-02 17:04:27,2018-03-09,bc66bd60a7f0b5f383ea4dc59081f47b,2018-02-17
455fee41e70f71e657081231b2b57252,441fbdd88f57c1f57c86c9d782fb09a1,delivered,2018-02-28 10:48:45,2018-02-28 11:09:46,2018-02-28 22:13:53,2018-03-06 00:04:34,2018-03-13,98a9b171737c8f75e07682d734768fa9,2018-02-28
652050879a7da861024a1114f926958d,e69d6b0170d42884fd9c5623edd97b0a,delivered,2018-05-19 13:24:23,2018-05-19 13:51:33,2018-05-22 06:57:00,2018-06-07 18:59:44,2018-06-08,4faf8b3420cfd802116fbb2dfd92f390,2018-05-19
57e7266082ceac10484f5aa2da2dd90e,9e7843064b6d598a3835a6c25da3a412,delivered,2017-12-01 22:25:12,2017-12-01 22:34:51,2017-12-06 18:23:15,2017-12-20 17:17:05,2018-01-02,bfe4720c90117f67140c4cda130f1022,2017-12-01
cf2d1ce92345a8db1f8b09ac4575aa7f,adfc188f0e340c2365b6da5eef469d27,delivered,2018-05-09 16:07:25,2018-05-09 16:30:07,2018-05-10 10:54:00,2018-05-16 15:56:29,2018-06-08,5cf307edea002de8450abaa02ef34f59,2018-05-09
e54fadbb3cef276c1b184ec780d06ae2,9194b81f653a21ddac05211e071c9d7f,delivered,2017-02-12 21:48:59,2017-02-12 22:02:59,2017-02-13 08:58:08,2017-02-16 17:53:48,2017-03-10,6505382a6c43c538aba29d966f31e175,2017-02-12
6c37a73c622940bb9dee7b76f6d4058d,0c4c3d7ecb729f77fb18ddb0ba5442a9,delivered,2018-07-17 21:09:56,2018-07-17 21:21:40,2018-07-24 14:14:00,2018-08-02 20:23:40,2018-08-08,cdd84ebb59cbe647a3bbafabdec45d15,2018-07-17
10dd6db4f61345e5fdaeebc10db28a72,a45285dc686a4d9cefd4fd1c886e3689,delivered,2017-02-07 10:07:57,2017-02-07 10:25:19,2017-02-09 14:41:53,2017-02-23 08:21:48,2017-03-07,660fb6a9e6f1f5bc5ba1353577bdbb7f,2017-02-07
62ffdc08aacc0d5763a38e07039234d8,a7df6cb7a8debf4132e292cb793cd105,delivered,2017-07-15 16:50:35,2017-07-15 17:05:20,2017-07-21 20:04:22,2017-08-10 18:16:58,2017-08-18,a6ab5ca8fff52f24a55a34760b5764f4,2017-07-15
f84ed066131e26a100371eb314bfa094,8766b43c0e2fa872702fa9bde4dc8bf6,delivered,2017-03-06 11:06:27,2017-03-07 03:43:01,2017-03-07 13:28:43,2017-03-13 10:07:49,2017-03-27,03182d685cfcca0c3eff28a79d40f037,2017-03-06
e79f873315375aad54aa74ee8119dc40,bb4a5a4ffe14ca07ec7a100091914d93,delivered,2018-07-16 11:04:37,2018-07-17 04:31:23,2018-07-18 15:20:00,2018-07-25 17:44:52,2018-08-10,e47f9a5d0e43e73cdbef0d5663dcac7a,2018-07-16
efacca5eaae8bd32666ea169089f3e59,35cc12371670f472b711f691ed7f6edf,delivered,2017-04-11 15:06:33,2017-04-13 20:05:16,2017-04-20 09:07:39,2017-05-09 15:17:30,2017-05-18,920743c929ee0fc2856d4c97be8f6152,2017-04-11
8e9739a379cb2d138f351acfb693eaba,206be412d24a2671defc55f90bf1662c,delivered,2017-09-19 05:14:02,2017-09-19 05:25:09,2017-09-29 13:37:50,2017-10-11 16:25:17,2017-10-17,f9c289f38556adfd667697beccb72818,2017-09-19
9e8f0fdec8fe8bee4f4c399b4dc46175,4daaa9308cabd7d0ff4a847b64d97b28,delivered,2017-09-17 20:22:40,2017-09-19 03:50:37,2017-09-19 20:53:59,2017-10-07 12:23:33,2017-10-13,4dfa0f0552ebed4f53e16036808823cb,2017-09-17
4a9a9d64ccb1bbcb0db6634dbfae10d6,ebb7a2942172efa549f149c74e43c3d6,delivered,2017-09-04 11:07:37,2017-09-04 11:24:24,2017-09-05 21:52:07,2017-09-12 03:44:57,2017-09-26,88565fb9279484fb087bff9a9912f0f2,2017-09-04
945552359381c20f8e692b034ba74c44,6cf478902f8f587b6516e41059da1c2c,delivered,2018-06-19 09:18:54,2018-06-19 09:36:51,2018-07-10 14:19:00,2018-07-13 20:12:16,2018-07-11,d4f7753a2bbb5e381d5d0002e56e32f2,2018-06-19
d9b4f2ffa6ecd7c3ba59f13458e3ebb2,2a16ecfaa8192a53f40b1531dee2409c,delivered,2018-07-08 20:10:30,2018-07-08 20:25:19,2018-07-12 12:21:00,2018-07-20 16:32:12,2018-08-01,546feb52e927c361cdf9abe72492e020,2018-07-08
b14878ee970d09943d562f30749318ae,ee7efb55168b12043c19a6a2a2defbfc,delivered,2018-04-17 13:29:59,2018-04-17 13:51:14,2018-04-17 22:54:54,2018-04-25 15:38:19,2018-05-11,f730f457dcc3fafd795669c31aaea397,2018-04-17
a8b7b51948bf9deabad95734d8470c5f,b933dffd7bce914ecf44a45630277fdb,delivered,2018-01-03 14:32:04,2018-01-04 05:11:07,2018-01-04 22:20:07,2018-01-23 19:51:52,2018-02-01,05395d5194f09d9fbd21d2215faaef08,2018-01-03
9b1d5acce1c77a5da1b65b436cc68c7e,87c99eb6962fecdfcc37883d6a898195,delivered,2018-07-22 13:17:51,2018-07-23 11:31:28,2018-07-27 14:28:00,2018-08-02 19:22:19,2018-08-16,fd76021959007085e66d1e952df81658,2018-07-22
06c5e0b010707e400bcc627771a27226,d22be3ef41b2dd919e8a0f327a02f284,delivered,2018-03-26 16:53:54,2018-03-26 17:08:08,2018-03-29 19:59:03,2018-04-13 00:38:35,2018-04-12,e3297f28e4e7500951b5ef1c4b35c5ce,2018-03-26
73462226b9dad0fb514e39b1ee832193,b08b08ece04745a6e719ac71e09d89fd,delivered,2018-04-05 21:17:14,2018-04-05 21:30:19,2018-04-07 01:32:24,2018-04-10 18:44:38,2018-04-23,a12b71e8ccb7848c59505ae3822b8a98,2018-04-05
9eead354475b8b8fde3811f26b2599fc,13e7480f7e6534616eca292f8267ef56,delivered,2017-11-28 13:30:58,2017-11-28 13:51:05,2017-11-29 16:02:43,2017-12-06 14:28:59,2017-12-27,013f4353d26bb05dc6652f1269458d8d,2017-11-28
086cb9cd0cf7067d77fe09f31620a52b,7df0b66f0f2cba22ba501317ba7c69f9,delivered,2018-06-20 09:09:04,2018-06-20 17:00:45,2018-06-21 14:31:00,2018-06-28 12:54:48,2018-07-25,70601471b692cc0879300373118041ff,2018-06-20
c50b038fff0cb3b7da8fc39272cedc8b,1f6ff3dafd398100d0c68a9e6cba78a7,delivered,2018-03-09 12:27:35,2018-03-10 12:28:15,2018-03-13 01:28:40,2018-03-19 18:08:48,2018-03-23,b0827afd102de3800464f38b495c8ead,2018-03-09
1f18ee0a409056c8fb31ec0e16fbeb40,22acdc5a401b5ccb535fb27cfa9cfffe,delivered,2018-02-09 13:47:08,2018-02-09 14:15:34,2018-02-09 22:42:17,2018-02-14 13:52:52,2018-02-23,dd473d247facd88bb1d5a4816b99c7b1,2018-02-09
a56a69de5d08abcdd997b45a40cdbeed,d96a0a53b1076cd1fb71326dec092f0c,delivered,2018-05-28 02:16:38,2018-05-29 02:11:10,2018-06-06 12:31:00,2018-06-08 19:22:08,2018-07-05,820f66302bde691f6c4bd7c90700e925,2018-05-28
f2d5ab09d0a8af8a6c3b93031647b532,4569fca334fb135a08aabc4209ee48ad,delivered,2018-07-24 16:11:14,2018-07-26 03:25:07,2018-07-26 16:03:00,2018-08-02 19:03:00,2018-08-20,83e196722e24231a97389de0f3d173c3,2018-07-24
ff28c0612d31703caeb619081868bd35,9584350801d16bfb6670a6ed33331336,delivered,2017-05-20 03:00:18,2017-05-20 03:30:18,2017-05-23 08:39:58,2017-05-29 16:25:33,2017-06-28,2fb720dc326323e4df93be56166dc484,2017-05-20
fde57015e8a551f04dac99621c01678b,bc2c417b8564e1c6bf942d4e93960a2e,delivered,2017-03-15 21:55:28,2017-03-15 21:55:28,2017-03-17 09:11:58,2017-03-27 15:19:03,2017-04-10,43aedebc5e8497faebc78aa5dfdd53d2,2017-03-15
99003adc13e59fb4d93b3a6461ba4335,83e767990961e638119daa7d44416d14,delivered,2017-11-14 17:02:16,2017-11-17 03:46:27,2017-11-22 21:26:48,2017-11-28 19:12:47,2017-12-05,bb9e6c37ecd82a9feff573219058b927,2017-11-14
fc9ad67c49c1269a2b4d3e55cc30faa4,8045508700bc8b3c31063230eec62913,delivered,2018-04-30 22:19:52,2018-05-01 03:32:38,2018-05-02 12:20:00,2018-05-09 22:28:00,2018-05-25,628c234d67acf8b53909eb2071bac63d,2018-04-30
bd335a38abd734d788851cb0b0fb1a48,ef2dd497f0b364922173062f4c7a36b9,delivered,2017-11-29 11:27:07,2017-11-29 11:38:04,2017-12-04 14:36:40,2017-12-07 18:13:00,2017-12-19,45cea7f7dfd0a9a136105fa700191232,2017-11-29
a8bf3c34d62fdbb261cda157deee9b0f,b167b852c85288c36b6dab4a96635f59,delivered,2017-10-11 18:20:16,2017-10-11 18:28:24,2017-10-13 21:13:47,2017-10-20 22:53:36,2017-10-31,c2d9c77a7ba2e2acccbfa2cddafda735,2017-10-11
b4e47a448289bb284758470f606229c4,57856512eeb5d55a99c26b58906b291c,delivered,2018-05-28 15:54:55,2018-05-28 16:11:53,2018-05-29 13:45:00,2018-06-01 21:34:39,2018-06-20,307257add0e91eebec2e24a70e665b1d,2018-05-28
82fd71ee2e80629725923a24ac97f213,b3850cb165a04ee20453f0455663c8ba,delivered,2017-06-04 22:18:59,2017-06-06 13:23:19,2017-06-08 15:25:35,2017-06-19 18:28:44,2017-06-27,a764c304a54730133cd35292b6a10593,2017-06-04
e94d7f11e3a990b65f46d2b02b1c23a2,bfb621af0210286456134f06b8b92b8d,delivered,2017-11-05 18:36:40,2017-11-05 18:50:54,2017-11-07 20:47:47,2017-11-18 00:28:39,2017-12-01,d0a89a3601ed45679e53689fe39763de,2017-11-05
30fb13279028a5d1ebc47f8ace9b041f,8b36301602029ac8f28e6f14a682c089,delivered,2018-02-03 19:49:00,2018-02-04 19:49:25,2018-02-05 19:53:20,2018-02-22 14:59:18,2018-03-08,f2cf229fbdc07907907d96274ec7aed9,2018-02-03
d2faaae07c685cce7b2828aa10c43b0f,5a113025f6654d8f73018aedf5ea5f38,delivered,2017-04-18 08:58:04,2017-04-19 09:05:17,2017-04-19 12:46:40,2017-04-27 11:41:49,2017-05-18,2d550ee9c18e055209841a75561121d8,2017-04-18
d0f9f41e51b973c669a8c5f4c629eda9,b9ed552047d9caec7b90ff5f1cbba509,delivered,2018-05-30 19:01:18,2018-05-30 19:35:42,2018-06-01 13:21:00,2018-06-12 17:31:04,2018-07-18,6a4b9eb72b83befc39e5142f18549aa3,2018-05-30
b1567912ffcf619427d2b2104ea02e1c,bd6f301e48ee563b392581fad5a46286,delivered,2017-10-14 15:58:49,2017-10-14 16:14:17,2017-10-24 00:09:27,2017-10-27 16:43:40,2017-11-01,42e26c55be92611e544a2c2a8785649b,2017-10-14
17f1a38cf243632b938f18aa6b80928a,3e7b6a143331d0a923dbe940e123797d,delivered,2018-02-07 00:38:09,2018-02-07 00:53:51,2018-02-07 20:28:31,2018-02-24 00:26:38,2018-03-13,beac12def06ec1525669fded6252a812,2018-02-07
b7bea96258b9caf5e97816fe944b2971,af1e1f0117711e14bddc1714670dfa27,delivered,2017-03-10 14:56:15,2017-03-10 14:56:15,2017-03-16 14:36:42,2017-03-30 14:23:46,2017-04-28,994b8e9d3f2b93b7e5e6217f7424e0c8,2017-03-10
d9e223f2fca6aee33e9374cd57b8d220,e4d3e69638cf6d6f16d90b5fa69e5021,delivered,2018-03-24 14:24:28,2018-03-24 14:48:09,2018-03-27 00:46:43,2018-04-03 22:37:31,2018-04-12,910d2e9313f82eed22f701192a75f4fe,2018-03-24
42a19395ca15b0662870b6b41be02edc,71e5e75dfaa74b62bfb191e28152d528,delivered,2018-05-24 11:11:42,2018-05-24 11:39:10,2018-05-28 13:20:00,2018-06-01 16:07:22,2018-06-29,123a97be731b565881c0ac11dd21287a,2018-05-24
920e3d44eef0b91599e027ba1592e949,9d5587391b02f9c7561534b159b4afc2,delivered,2018-04-19 17:30:07,2018-04-24 17:13:19,2018-04-23 17:33:53,2018-04-27 19:38:52,2018-05-18,659a98b6b2c1c70b150a894cfa4d40ae,2018-04-19
bd9b227e61a0dc0debd7399e3b5c0c82,75e08f705115501406bca3bd781a8cc7,delivered,2017-04-12 23:50:54,2017-04-13 01:05:23,2017-04-13 15:07:59,2017-04-23 10:22:53,2017-05-23,3c124b000536c40b9a1049688a465269,2017-04-12
9fa2b518229715cade50be6375126ebf,6116ca30253940aa1f3a6ae5ce2e624f,delivered,2018-03-30 11:08:04,2018-03-31 08:48:04,2018-03-31 18:22:09,2018-04-07 14:18:34,2018-04-19,a9323cc317a17670643a86caf9ec74a3,2018-03-30
fd4440c3eff791f70d022bdcb82dbbd2,80780c952021dc6b9e6c0eb37b4e8e2f,delivered,2017-09-07 13:14:51,2017-09-07 13:25:21,2017-09-08 20:37:29,2017-09-11 18:00:24,2017-09-21,ed95683b8ebe95f88a171f3e4aedfc6c,2017-09-07
1f66126a353c1308d1396bec7cf67f37,bc7574e13c5310492ac937fec0a34d42,delivered,2018-04-18 16:26:40,2018-04-18 17:15:26,2018-04-19 22:52:35,2018-05-01 02:13:44,2018-05-15,bb6105097906df5a10d614716eede6d4,2018-04-18
34cc8cb419e5e8ffe6a5090b551dbf61,e0b9262d01399885847c98481b33da06,delivered,2017-05-25 18:01:49,2017-05-27 02:55:08,2017-05-29 02:34:55,2017-06-07 11:23:36,2017-06-07,2cf556b203080c71d49c3a19f1b96aa3,2017-05-25
56fcad23d524d139c18ce601575e06db,5ec5ec37e6836b538bcf20fd7e6fc0b2,delivered,2017-10-05 14:36:14,2017-10-05 14:50:22,2017-10-06 18:30:01,2017-10-10 18:58:01,2017-10-24,017c61c786dae249f339e690764ec7e6,2017-10-05
fd700d48d34b0b4f75767e4502c3fce2,54fbfd8234200d91cf277f159fdeae7f,delivered,2017-09-16 22:43:48,2017-09-17 01:10:11,2017-09-20 17:27:38,2017-10-09 22:33:46,2017-10-10,ceaeb6856a01f895484ff24d6d9140f3,2017-09-16
2154126e5b702c936d6507a6c20bd73d,aa3e8d6f20aeba10bbf8952efa49894a,delivered,2018-06-16 12:45:58,2018-06-17 12:58:40,2018-06-19 06:56:00,2018-06-22 18:35:43,2018-07-16,0166e2f8aaec14c93d23dea2523beac5,2018-06-16
ac056e19c77f2d10da3097371332da46,849c1babfe2c41bde64e8034139c61e7,delivered,2018-06-06 09:16:29,2018-06-07 03:12:32,2018-06-07 12:26:00,2018-06-18 13:56:49,2018-07-13,487a947b8681e2321b539300b74338d7,2018-06-06
2a1f2a555014d3eb75492fd0a08942a1,be2e45cc0094d2ca20f16e31924f389f,delivered,2017-11-25 17:47:15,2017-11-25 17:54:43,2017-11-27 12:39:18,2017-12-04 21:52:35,2017-12-21,1a7928a944f6c13daa6174dee2c6bd30,2017-11-25
a8100cbab69c8afb050a57b02ab6f73d,88973adbb8d9a870b3d12137c4fe6c8b,delivered,2018-08-01 11:56:01,2018-08-03 02:44:11,2018-08-06 15:23:00,2018-08-09 18:06:49,2018-08-13,5c29495a80be1cb218d3428a8cd3a6d7,2018-08-01
aa6344864a8ba3918bc0bee0a9b0fbc3,6d33b4f1d814e8a483440d1821db68a1,delivered,2018-07-11 22:56:22,2018-07-12 22:50:21,2018-07-18 11:54:00,2018-07-23 23:51:55,2018-07-31,7666d4f06baaafd2dd4faa1db952b4e3,2018-07-11
fa2e103e8d7fa0d07f04bd9fafb74d75,b47393771b85e7fe166f11a17423e4a1,delivered,2017-06-16 17:19:31,2017-06-16 17:35:23,2017-06-19 20:23:26,2017-06-27 14:23:32,2017-07-10,9fb6e8434ac799b5e5effc0f1635d35a,2017-06-16
8d49bed8f03eff2e3595adfc9043a4f9,cb75f1b57449ab6f2efb6da4648d906e,delivered,2018-04-18 14:47:52,2018-04-18 15:11:27,2018-04-19 19:41:57,2018-04-23 18:22:44,2018-05-08,c80f174f89ac4e9b08ef6b44d3e9535c,2018-04-18
c1daaeaf51b3f251a3c6c2b04abec127,6d219cb246ef6f905618da8e27cf5ddc,delivered,2017-05-08 10:53:44,2017-05-09 09:35:48,2017-05-09 12:44:28,2017-05-26 08:41:23,2017-06-12,541bda117a78dc23329df4e7d4386dc4,2017-05-08
571e58edcddc5a553546eecfa4b09aa0,16e45d25fd633da8279d9b24b3cf58e5,delivered,2018-04-19 20:03:42,2018-04-19 20:15:21,2018-04-20 20:03:32,2018-04-23 16:46:53,2018-05-08,fe44554c4f01285a9320716b894ffec6,2018-04-19
8b046243c0d75b859c1bddf498cfb968,829b558342b71f56b37ed42a6070811c,delivered,2017-11-25 11:41:23,2017-11-25 11:53:24,2017-11-28 17:38:31,2017-12-04 14:46:37,2017-12-20,269e5f79955878566a4ae6dc43b96918,2017-11-25
8b5cf5ac7d33694c12564d2f8ca47535,f82d62c40f8aa96a0539ff63897cbdd5,delivered,2018-04-27 15:35:47,2018-04-27 15:55:15,2018-05-02 15:15:00,2018-05-29 22:36:49,2018-06-18,2be29c188d2c5552046469c6c7e03061,2018-04-27
652138adffce146ad78592e6d17b2552,da8045919bf3010941c2d2ab84c0a848,delivered,2017-02-05 19:31:37,2017-02-05 19:42:31,2017-02-07 07:28:05,2017-02-14 07:32:21,2017-03-09,3324de1a5d539fc4f9ff78bd5e226d2c,2017-02-05
260da592a3c3072f2c3b9ddc840f8a63,66f3530251fb5d60d0122bb9ee1f82aa,delivered,2017-04-28 21:22:30,2017-04-28 21:35:13,2017-05-02 14:57:51,2017-05-05 15:06:41,2017-05-30,be5f4c2d4e90cdf1051d286f9021b57c,2017-04-28
272edf81c6d2434e61f4e15520a0512e,9eae8b1b98146633c65773c08c98835b,delivered,2017-09-27 09:07:17,2017-09-27 09:24:59,2017-09-27 19:32:10,2017-10-03 17:16:06,2017-10-23,7a96cd5ea79c99d72de972e98bd4f82a,2017-09-27
2a92b584c43412db1ce17f7fca94e930,36b1c603b6b65fcb28a9f9ab375bdef7,delivered,2017-11-24 16:38:09,2017-11-24 20:32:47,2017-11-27 19:15:10,2017-12-04 20:46:16,2017-12-20,77bff1b5be2094fe128a9b912a99000c,2017-11-24
031cf625cad56f5761e51c2675f0c0ae,024528dfafe67bb6421ef6e6da9adc9e,delivered,2017-03-18 06:52:28,2017-03-18 06:52:28,2017-03-20 08:02:03,2017-04-04 08:36:54,2017-04-27,eecd7a13b230f1cceae63dcefe543249,2017-03-18
6ddda171d214be5f13055479d8b41364,3efd6634c0d7ebbdcadfb0f56b75ceef,delivered,2017-10-10 21:33:47,2017-10-10 21:49:28,2017-10-11 20:20:01,2017-10-17 20:42:07,2017-10-31,1960e8d5fdd49ad76ece55ed57555f42,2017-10-10
082143e4f5f63e4e768aa4d5c70d0d02,24d8bb5ce835d746abf0d7aed090dbcb,delivered,2017-06-14 20:34:06,2017-06-14 20:55:18,2017-06-16 15:07:36,2017-06-26 13:47:53,2017-07-07,eb70e70ab5935a82bf4512d0a08596c5,2017-06-14
167dc2b0f73ab3c0cc069599ea571b68,829026809b4e078dd71695d5a22dc4ae,delivered,2018-01-21 19:03:05,2018-01-23 03:38:52,2018-01-30 13:16:09,2018-02-15 18:19:18,2018-03-12,249b48a20efde792c74600e425d40ca3,2018-01-21
af07804a2d53e8639954baf97fbf803a,61a39d14e096f31b0d84c33bf54ace42,canceled,2018-04-19 13:46:42,2018-04-20 10:22:46,,,2018-05-03,b14ef688a7c1a52e7437298085d9d62b,2018-04-19
af3825173c835f6748e0dfbbfa344d32,e07b6d73f942bcb256228f5717f33537,delivered,2018-07-20 18:38:27,2018-07-20 18:50:13,2018-07-24 10:25:00,2018-07-27 16:47:33,2018-08-06,65228ee90c5cd97c7ac393bc7cdabb3d,2018-07-20
4200e64fc68666999e2a696dfb2661a1,7c7856f9a967460c46d270ec2e67dd7c,delivered,2018-02-13 21:51:49,2018-02-16 07:47:05,2018-02-20 18:34:24,2018-02-23 23:48:56,2018-03-06,3e626615eff8fd5206108ee715584f39,2018-02-13
55aabd1c605ccaa6bddb6caec3cf74e4,24fce6899f122da5bda9995cbfe7bf23,delivered,2018-02-13 18:26:19,2018-02-13 19:40:27,2018-02-15 19:23:54,2018-03-01 15:17:01,2018-03-07,dc931e62c2735d4e387d880654b1cd3c,2018-02-13
25b66d9cb3dd45d25788fdb3e226c5b9,2d7932246f97f6a45b82a77fb4c72d4a,delivered,2017-08-15 06:50:00,2017-08-15 07:05:12,2017-08-15 19:52:01,2017-08-21 21:10:52,2017-09-12,ea7ef5bb16a8ba2a4756e74032b737b7,2017-08-15
166e0843a2272293d75ba8d81804de6a,809476bf737c26ec99167089e755cae6,delivered,2018-04-02 09:45:05,2018-04-02 11:48:36,2018-04-04 01:44:57,2018-04-11 20:12:35,2018-04-30,c17526359e1068290ebf7dd22a856de7,2018-04-02
9580960c270d4525b7224af7ef41235a,74abf9eeaf6b3001f885f433582783a2,delivered,2017-03-14 22:04:24,2017-03-14 22:04:24,2017-03-15 08:58:15,2017-03-25 11:52:19,2017-04-04,80306ad48106ea04b344807c50fec01d,2017-03-14
f3f15e9fc76a0d1ee15de585f49911d8,37f46c48ce060bb1a77065a5d8672ba3,delivered,2017-11-11 21:19:34,2017-11-14 03:36:16,2017-11-14 16:46:54,2017-11-25 00:31:46,2017-12-11,394b8d731f0cc4eeecb4bba83acd2498,2017-11-11
fe12e676fd493885d417a34bc3917411,8600e7ab4bb1f46a5e24854bcc988b9c,delivered,2017-05-22 18:28:29,2017-05-22 18:35:15,2017-06-05 17:08:45,2017-06-13 07:25:40,2017-07-05,3d17b748f8eed69a279e77fa3c10b20b,2017-05-22
cdbd7f161aa1fcaa66712604021d4fd3,a14226e893b38c7907a09882f8e7063a,delivered,2018-03-13 12:59:30,2018-03-15 03:15:34,2018-03-16 18:08:29,2018-04-02 19:39:35,2018-04-04,9f2d122ab5fd1b5b742b74a1e469d048,2018-03-13
0c5c8063a673f3c44b6499053e534ccb,3b0841e521dffa992a8ef9e4e00b2c9e,delivered,2018-01-08 20:04:06,2018-01-08 20:12:30,2018-01-10 19:28:08,2018-01-17 18:59:02,2018-02-06,caca4ee1e654062eeef97972b8e24807,2018-01-08
f05c4e37bf7ce04b9cfe8e310d08eaf7,bcfe21a120bbae5d45cf229b1329b5ec,delivered,2017-05-17 08:59:49,2017-05-17 09:10:14,2017-05-18 16:16:54,2017-05-24 14:25:37,2017-06-21,6680f380f3c92293b4c6a12435d0ebbd,2017-05-17
47476a4cdc9f6c8f0fb1517e2e557c5e,4d3549e2ac2a97c5f787e4c1f557173d,delivered,2018-02-25 22:36:17,2018-02-25 22:50:21,2018-02-27 14:12:42,2018-03-02 00:55:31,2018-03-12,9b6611989bb4797e0343e5340e20963a,2018-02-25
8733c8d440c173e524d2fab8025063f4,c561230659c12a017bdb3a60786bc97a,shipped,2018-08-05 17:00:00,2018-08-05 17:10:15,2018-08-06 15:18:00,,2018-08-09,7e18751f9a1a9c1b28daa5f4bad5d162,2018-08-05
403065b674f9cd3a0ab4d217dac82725,29e96fb282c3989c38e825a01053c73d,delivered,2018-03-31 13:20:56,2018-03-31 13:35:18,2018-04-02 22:58:22,2018-04-16 18:04:22,2018-05-04,ea6ddcef9a381f2e5ada59b72dad17fa,2018-03-31
0d7409418627f0c642e73823145c505b,fa91f82f3d5d8fe6814035b85c202bff,delivered,2017-08-28 15:12:59,2017-08-28 15:25:31,2017-08-29 16:22:46,2017-09-04 18:13:06,2017-09-28,67e6d78fbdfd194188b22c65a1d4f356,2017-08-28
71ae442d46d1764c665ba4c9e3073864,72f564f4ab4a6a155d8b84a0b5ad8a2b,delivered,2018-08-06 17:03:57,2018-08-07 04:25:12,2018-08-17 16:56:00,2018-08-25 15:36:54,2018-08-21,709c286a652f0f46a1d34ad1aada2ccf,2018-08-06
a2ae845d7d4ef0baf31d017fe7979483,31304d07af393406ff55aa71d5be1014,delivered,2018-08-21 12:20:19,2018-08-21 12:30:47,2018-08-23 14:24:00,2018-08-24 19:36:33,2018-08-27,d277262db2d93e68b42e9c1caf88e830,2018-08-21
09f7918cf38caeef665ddea1a74a6a5c,35189beb274359f6244b9b70af5cd87d,delivered,2017-10-03 12:08:42,2017-10-04 03:07:25,2017-10-06 20:29:41,2017-10-11 22:45:00,2017-10-25,5c9759ccf00a2abd559405d09a76a601,2017-10-03
811aa327b15973b2865ec0e0ede70374,226b95c7c8f8587f805a7c0c809e5170,delivered,2018-05-07 21:21:35,2018-05-07 21:35:20,2018-05-10 14:28:00,2018-05-11 23:00:10,2018-05-18,83960e7c0098300727d956b3af597bb5,2018-05-07
2d2084741ee31a371ffe0b838051d0dc,1a66bf0ca8926c664ad542e9d551805d,delivered,2018-02-20 09:36:18,2018-02-20 10:07:34,2018-02-22 20:42:33,2018-03-26 17:42:49,2018-03-16,31ced9dcf0b9cb2bcf848efa71a57e6a,2018-02-20
573a63f55da869597574d6ce4e1719a3,3b84c81b13c1c7278b099793e720998f,delivered,2017-04-09 19:12:02,2017-04-10 19:10:13,2017-04-12 11:49:47,2017-05-18 14:29:40,2017-05-23,8d6512fa0e1c5cdbd789b956de79fe2f,2017-04-09
07bcb0695fd4e3121e2fae21fbef3d28,4b63383d57d7b45e8c7df93cdbc5029d,delivered,2018-07-25 14:38:30,2018-07-25 14:55:10,2018-08-01 16:27:00,2018-08-03 16:56:38,2018-08-14,f0d9cbf6fdb3f38f2aaae1ee44e66e19,2018-07-25
ff09be38535fa5ed89ee63099283986c,293d581356f81c157e068d7847251726,delivered,2017-07-24 22:16:59,2017-07-24 22:30:11,2017-07-26 10:47:41,2017-08-10 11:40:10,2017-08-15,49f7215d246e9f573cc4dae067a1961e,2017-07-24
0fb5c1eed567a130668d5f2797413053,359fa6ba39e8c2627b3a5ebf64df6e34,delivered,2017-05-22 17:41:39,2017-05-22 17:55:13,2017-05-25 10:43:07,2017-06-14 16:26:41,2017-06-28,2d1c90b81137022ed8cc25384f27cbe9,2017-05-22
1e91914c9706a5d4665b8c5a6294b107,fcaff30609f39ee3b27f1e686b036ff6,delivered,2018-04-18 20:45:20,2018-04-18 21:11:09,2018-04-20 02:16:40,2018-05-14 13:03:26,2018-05-17,4badbcac33ce2de21e8cd1eb1f5d0770,2018-04-18
4505e46acb9311ffa4d1ee953432fd61,d45f20057bafb3da1c0b404a76da42c9,delivered,2017-06-16 00:23:34,2017-06-16 00:45:24,2017-06-16 18:44:46,2017-07-04 15:21:38,2017-07-14,c0f225eff238e196ba27a8d1c66e98a7,2017-06-16
9eb075cc33882ff5997d289a55aab488,4951ae40c746cbd07eecef33fc053e89,delivered,2018-07-28 09:06:39,2018-07-28 09:24:17,2018-08-01 12:42:00,2018-08-16 15:34:49,2018-08-23,e18e1db417f0bc97f9065c4aeae3f9d3,2018-07-28
58ce513a55c740a3a81e8c8b75e2582a,530d41b47b9dda9bc6f31d856f11a527,shipped,2017-07-29 18:05:07,2017-07-29 18:15:17,2017-07-31 16:41:59,,2017-08-14,da10fa9297d68af39135afa6a3161298,2017-07-29
aa62ed0f229f8631e59c8b849621124b,a7cf3a94b9f48cade9a9e38fa3fffee4,delivered,2018-01-31 00:47:06,2018-02-01 03:15:40,2018-02-07 22:33:01,2018-02-20 21:43:10,2018-03-06,eb70a327f5690fdf8d90df9cbf90d4a0,2018-01-31
2beb9e7414f552d6f876c5b9efbfe2be,66d0ddbc2448544e0e546a0dccb782f9,delivered,2018-04-15 21:31:42,2018-04-17 06:11:29,2018-04-17 21:40:54,2018-04-24 21:05:52,2018-05-14,e1bfb6e5c81f96f896f98eb8dac96253,2018-04-15
26c4ac9998f72d4fcdca3c6e27089f1b,23ea7968e6b9cd4226e24393bcb1c43b,delivered,2017-10-04 20:20:54,2017-10-06 02:14:35,2017-10-06 13:22:59,2017-10-26 18:40:02,2017-11-07,f4af0c607eaeb3bc3f5b9eddad049396,2017-10-04
6f814df1f550b59cabbed26b26a96e69,1c8128cc073f8a70e41ea25abcd96e50,delivered,2018-05-02 14:43:04,2018-05-02 15:00:18,2018-05-08 11:48:00,2018-05-16 12:41:00,2018-05-28,83915016a26b0ca42e3caf1070664d1f,2018-05-02
124282aeb36f71699a910e0670c08769,77089f53d5c42c03dc08dad99b373989,delivered,2018-06-04 21:09:34,2018-06-06 03:11:05,2018-06-07 13:27:00,2018-06-15 18:58:54,2018-07-13,aaf2735264f8c3c8663e37137a9913a8,2018-06-04
7f3a98ba983d8671d25c8cbcae5e9ee1,fa26a55a2ee9fa2fd44b421a6e41e153,delivered,2017-04-17 19:55:27,2017-04-17 20:10:15,2017-04-20 11:04:10,2017-05-08 08:04:04,2017-05-17,db20b3f6a6a6e5ebb504771a6685085d,2017-04-17
c13a287f74c4fa0c3cda18cdba8252b5,0192b93a11b1f588d6f19888b82d02bf,delivered,2018-03-11 12:01:35,2018-03-11 12:10:59,2018-03-12 18:55:22,2018-03-28 15:14:48,2018-04-02,13784315377079cd446a18c98dd70591,2018-03-11
b3312a188dae0d167f15c025aab9852a,24c75f9811e066333bad50ce22419e1c,delivered,2017-07-13 15:13:15,2017-07-13 15:25:32,2017-07-13 20:29:19,2017-07-19 17:58:54,2017-08-04,d794bf30a8e87498a331cca78f58b71d,2017-07-13
eb8f24cf4aa474bfe99c062aff65c4c9,c93425583027046f9893dcd578aa6e22,delivered,2018-03-15 15:11:08,2018-03-16 03:25:09,2018-03-20 01:18:45,2018-03-20 17:43:38,2018-03-27,1cac7cd9062c193f2f317b4689302d68,2018-03-15
60de67cf35d9303bbbb7b559c9eadc84,f34a489042f2031d3ab7cafb7903f2f8,delivered,2017-10-17 22:20:59,2017-10-17 22:35:23,2017-10-27 21:37:36,2017-11-06 21:17:51,2017-11-08,9a1ff3f33e6e9958ee68ab409690aa4d,2017-10-17
03211eda276999d5eaa8a167a4b6286a,a1c4fffd5de4478c21989bd29f9a4aa4,delivered,2018-06-22 18:47:50,2018-06-22 19:19:09,2018-06-26 14:23:00,2018-07-05 14:11:38,2018-07-20,01a17507586f0f10f52e7e86ac73e1f7,2018-06-22
fcfd2d9dca1b759a8838eac01a9ce2eb,c5ea7eaffd9007a6eb4f4ec61f705def,delivered,2018-08-06 21:06:19,2018-08-06 21:15:27,2018-08-07 09:44:00,2018-08-15 22:04:41,2018-09-03,b1e29255aab64f2a8c9b98f6e466c73c,2018-08-06
0d19bf95af32b57fe7835825f4b0fb3a,f533b752d5b1602dfc7d6b5135eb313e,delivered,2018-05-22 22:32:01,2018-05-22 22:56:07,2018-05-23 14:49:00,2018-06-06 18:19:02,2018-06-06,1d451f2bd02c9cf3fe2555cd2dec8d93,2018-05-22
8803154001f5f8c27c7a8854ff1832d3,0aa7617bfe67793528a4ea111f8a8d15,delivered,2018-07-28 13:47:35,2018-07-30 15:55:21,2018-07-31 13:30:00,2018-08-07 16:52:27,2018-08-16,85348a924e845ce744bee27e179162e0,2018-07-28
5346bcb22a18bec5bef1184fc6ce4948,1481cf5f02418d2ba16f2ded358c1c2c,delivered,2018-02-22 13:48:46,2018-02-24 02:51:14,2018-02-27 17:39:00,2018-03-12 15:21:53,2018-03-19,d59540b8abcb7fda3d3006f0c824f393,2018-02-22
c3125124ed3dad68e667a2f7807e3e1c,28034fcbb40d61224503867d6c1396ee,delivered,2017-09-25 13:09:01,2017-09-25 13:24:43,2017-09-26 21:12:51,2017-10-05 19:46:40,2017-10-10,a87a1b2618da156a026ca801e30987f0,2017-09-25
143bfc6b9cf902d763549e6764121aaf,ec7529362d2858e7a58c5f4f7f63b999,delivered,2018-05-15 22:50:56,2018-05-16 22:55:49,2018-05-17 15:36:00,2018-05-24 17:14:33,2018-06-06,57b29835116bb678e7966e214d816245,2018-05-15
49ca036c28f05c435aa83b00e220efd9,15074bf19189089f296f3016dc640cbc,delivered,2018-04-10 22:34:54,2018-04-10 22:52:36,2018-04-12 19:04:49,2018-04-19 17:08:49,2018-05-10,b5f6ad58a5f5f33c6d0e852dcbf1cc92,2018-04-10
5d300afae7f792b2a15b92b523a65a8f,4970cda49cb6e78d40d9316b5e8e6d87,delivered,2017-02-13 16:12:43,2017-02-13 16:25:09,2017-02-14 10:58:44,2017-03-01 11:16:06,2017-03-24,45627af06faec2cdfd783a700c59b818,2017-02-13
2d3ee63d21894eb0e7c3879fa3f9b0d1,60df88bce5b9d9a75cc72356d94cb803,delivered,2017-11-16 12:39:26,2017-11-17 04:10:39,2017-11-17 19:22:03,2017-11-21 19:32:44,2017-11-29,e0d349527f53448b3b6aafd0856b6e96,2017-11-16
8accfc040e66d8b4eac1ce4321c40911,9d3247c9ba072a69095e08c07dfd1341,delivered,2018-06-04 19:51:43,2018-06-05 19:54:55,2018-06-06 15:27:00,2018-06-08 15:52:46,2018-07-05,03ff22acd3105a26321e2a01d1e8e5e7,2018-06-04
6f23c3c5a508f83e3068eb9f6d16d4b1,15b99f656b8a2b6a316dbe3b45c671ea,delivered,2018-03-17 15:41:13,2018-03-18 15:35:25,2018-03-20 01:56:36,2018-03-27 21:12:07,2018-04-11,d2d0b7c95a16879cf606e1073fa79e94,2018-03-17
0ef8970186aa8eab14d04be4eda9407a,abef5bab88d8303f981860d036d2ebcc,delivered,2018-03-05 21:47:34,2018-03-05 22:08:47,2018-03-07 13:41:25,2018-03-19 15:18:58,2018-03-26,07abcea6f64399366559afee336a7fd2,2018-03-05
500368690d38fbc1b8ceaa8c0b05e456,e38e5708b32bb082b4d7577236505a87,delivered,2017-02-14 20:40:52,2017-02-14 20:50:18,2017-02-15 08:26:12,2017-02-23 12:42:27,2017-03-21,c92558c1e8ddb2505851bb99143d9768,2017-02-14
1d942a0debeb43eee8a316c245b9cc34,edea86bf4ed0cf235954acce2327f71d,delivered,2017-09-16 11:15:51,2017-09-16 11:30:11,2017-09-19 20:33:54,2017-10-02 20:43:47,2017-10-05,094f7fa34a11496957b32e6b102ef15c,2017-09-16
8ffefeda31ab0d9c7c8b732ea9e1330e,80f2d28c54c8a5611e5109bcbbd63490,delivered,2018-01-08 14:16:01,2018-01-08 14:28:02,2018-01-09 17:19:47,2018-01-11 16:08:32,2018-02-01,f13008d4763602576f19982d96aaf0b1,2018-01-08
41d91684460f5c59c96272f53bc14fa2,5cfc3b340e44b2681d5091504aa8caa5,delivered,2017-12-03 12:58:56,2017-12-03 13:13:09,2017-12-05 22:38:50,2017-12-26 17:35:58,2017-12-27,9364b05a166828635a9f34f4ce7aec55,2017-12-03
8b9869c224811a696cf8d65ebeb40c8a,e1d4edae73206177f7f95b5417066584,delivered,2017-12-26 18:33:00,2017-12-27 04:09:48,2017-12-27 16:34:12,2018-01-04 17:42:06,2018-01-24,7d7e9471d4de3f0db5c14313fd0cc282,2017-12-26
797cbe6650a540e0515a523152c7f868,615063e4a4d4fc2ef9cda7c7358e2d4e,delivered,2018-02-08 13:38:14,2018-02-10 02:49:48,2018-02-14 16:38:56,2018-03-02 22:54:01,2018-03-06,c7cc16762ed76df489e315d56eb1a031,2018-02-08
a3b803010363e5ad20664a8853b1056d,572f96319eccafe8072a7a3906516d94,delivered,2018-06-25 23:18:46,2018-06-26 00:57:41,2018-06-26 12:03:00,2018-06-28 16:51:05,2018-07-16,718b743a62d91dae09df994de322fcb3,2018-06-25
5cb4fa11d9f8e1c1dbff3ac693ddcbf5,8d85bd22891af8adf0c471b68d6bf808,delivered,2017-04-23 20:56:12,2017-04-23 21:05:18,2017-04-25 09:13:53,2017-05-11 16:12:21,2017-05-18,eeb11b9e1d3e31b57f02eca7538d33d1,2017-04-23
ab37728868ab54d404aeb0398696940d,7c0a2b85cde9635f2d029375a1074816,delivered,2018-04-04 22:18:33,2018-04-05 22:10:15,2018-04-10 00:42:39,2018-04-17 16:12:54,2018-04-30,d53362e84749ae00dead18f33d929f5c,2018-04-04
70f565643fc6912f8cd3a42456be82a2,6d87b4409fa0b68dc46d488a42439bc0,delivered,2018-07-25 10:31:43,2018-07-25 10:45:13,2018-07-25 15:37:00,2018-07-28 13:25:44,2018-08-13,5688ba2948d79fc61dd9931d6646929c,2018-07-25
dcaed4b4cf1c609025ab617862cc869d,3ad431a9d09bcd4b300f4ec8c8c371e6,delivered,2017-08-15 22:19:18,2017-08-16 00:50:19,2017-08-16 18:03:56,2017-08-23 22:52:33,2017-09-06,e6159048f5a21d16728f520efe27c446,2017-08-15
58274272cfde0e71c0ee61eaee5a60e1,b9cac70fb717faca4acaca1b59ba4e44,delivered,2018-08-14 22:35:01,2018-08-14 22:45:13,2018-08-24 15:36:00,2018-08-28 00:19:37,2018-08-23,1c82e048ed0403e0651365bc7fcaa7e7,2018-08-14
ef041ca26484a13a31e77758edcf34c5,3a4b9798c717317e477801fcb2f1cb38,delivered,2017-09-28 07:50:58,2017-09-28 08:07:12,2017-10-05 21:59:52,2017-10-20 20:08:37,2017-10-25,870d3ba6552650d4e1d67b1f9a47cc06,2017-09-28
92d79acdfb2573ac9a4560ae039355d3,0234b5cac2c4d895fdb1ef8d2956c84d,delivered,2018-05-31 16:39:30,2018-05-31 16:53:21,2018-06-04 15:04:00,2018-06-07 20:39:41,2018-07-04,4459c3a9f4ffd945ee9778a7aeec0378,2018-05-31
2b4509bf2ed25bb2181a5279f8a4123a,755c9654771837295c90ed693c1dfc19,delivered,2018-08-15 21:28:03,2018-08-15 21:44:05,2018-08-16 14:18:00,2018-08-24 17:48:44,2018-09-19,859b9860c869f778dc048ebde8025cb4,2018-08-15
1968d312d61f3cd40b17ca0846ae3e90,8d397f2b636a37d80fe6a2c327cc7d43,delivered,2017-05-14 20:24:01,2017-05-14 20:35:13,2017-05-15 11:36:11,2017-05-24 09:53:28,2017-06-14,866534b1d6bfebbdd3a749e0b2414918,2017-05-14
a58e64aaf179aee88af27f932d4da7b2,580a64317ff5a9b53fa9599097ebe654,delivered,2018-05-02 10:49:54,2018-05-02 11:13:54,2018-05-03 16:12:00,2018-05-08 00:41:49,2018-05-24,534cfcc8e181ff8150226c5e70a78284,2018-05-02
6854fffdfe70d857523100e4364518d5,51874468901543b327963cf39127a2ad,delivered,2018-06-25 11:38:23,2018-06-26 09:53:03,2018-06-26 13:43:00,2018-06-29 15:43:35,2018-07-11,ae5e0309a24fa85f7b11a9dd7c006a2d,2018-06-25
fa91e7e50fe0b08ee650cfece2a86c22,8fdafdac83e635a280d3d86ca5f68611,delivered,2018-05-01 11:52:33,2018-05-02 11:15:12,2018-05-03 14:42:00,2018-05-05 01:05:02,2018-05-14,578e94aaff0062c2610b08f6aa0cb705,2018-05-01
84aa7bb89246c45bad952b8904e0337b,3093237e466fc270d23cfcb6732ed83c,delivered,2017-04-16 22:19:23,2017-04-16 22:30:20,2017-04-17 11:53:01,2017-05-03 10:44:47,2017-05-08,02abda54135beba6c872bc929d06be83,2017-04-16
c6d53b50b9624bf6575b96607dd5b109,a602f08085718b73d296d7af2a7e5916,delivered,2018-05-20 23:30:39,2018-05-20 23:50:20,2018-05-22 12:26:00,2018-06-18 20:46:56,2018-06-06,2342beae4c76e93bb5114ad99b863f23,2018-05-20
8ee530ebcd1df2efa8f0f5b08ef3beb7,a2f887a154a4978b280e0430deed9d05,delivered,2017-10-10 22:25:06,2017-10-12 03:00:11,2017-10-13 20:36:54,2017-10-24 20:52:19,2017-11-09,1442fcbc506358b976d780bb7dd31470,2017-10-10
807ee7a2d983c4e157f8929c5e106ddf,177522b2e82f2058eeb31df85a106f28,delivered,2017-04-27 18:20:58,2017-04-29 02:45:23,2017-05-02 18:31:09,2017-05-11 09:11:58,2017-06-30,5505925418f2c22004cf0f5bf1f734f2,2017-04-27
6cf76644c711a9290b56193c43685a77,bcd146ad0529dbed88048c6bb5397ff3,delivered,2017-04-25 14:17:44,2017-04-25 14:25:15,2017-04-25 15:01:50,2017-05-02 11:56:33,2017-05-19,44df09ec29e6f3cd6820e574f32fc151,2017-04-25
b9b288cdc42a600d0a460dcb92865e4e,21ca1a2e14168f027c558201ebda6528,delivered,2018-02-28 16:20:42,2018-02-28 16:35:40,2018-03-06 22:42:29,2018-03-08 18:18:57,2018-03-27,ea5386878274082051c5746cbc6e3087,2018-02-28
c626db29ab3699e67c95a88bb63aa471,e1c4ffcfe541eafef20ba795b776a613,delivered,2017-08-17 23:03:15,2017-08-19 09:45:15,2017-08-22 17:54:04,2017-08-23 17:22:47,2017-09-12,587a41fe9917aecebf3d0666b417ef3f,2017-08-17
9d92d6b679a62c069b6c7d7ecc1a4b90,1e66da1469bc3ff123127f2f299c3d69,delivered,2017-11-17 13:15:06,2017-11-17 13:55:23,2017-12-05 18:27:06,2017-12-18 16:41:43,2017-12-11,4e799b4767b0e414061f5d39f67ddffb,2017-11-17
0ccc4bf75e4ae3839f210bd0381c964a,06a41c2a3c926fc7b680fbf3d3589a4d,delivered,2017-11-29 10:14:34,2017-11-29 10:30:27,2017-11-30 14:48:59,2017-12-11 20:07:17,2017-12-20,6135399208e7e5a026e90342fec66d47,2017-11-29
46b3e34b2fe9e7cb16d75fca93aaa180,47c710720f6d36fbdf35a01adc90e221,delivered,2017-11-25 16:11:30,2017-11-25 16:32:38,2017-11-27 21:13:23,2017-12-04 16:14:58,2017-12-26,545a77b57dfcce3d86cf15970dfaa29e,2017-11-25
5ba2971983dbd7066539c01bcaad029d,4cfac0916604de1a7014976efb0548a8,delivered,2017-08-23 12:17:57,2017-08-24 03:15:43,2017-08-25 20:07:53,2017-08-29 15:58:57,2017-09-14,f93fa04812acec5c7cca35346684c216,2017-08-23
94fe39bee80c1c3079352b97adba095a,3926adbfbecd9bc9746045fa0fd01519,delivered,2018-01-18 15:07:51,2018-01-18 15:18:27,2018-01-19 21:13:13,2018-01-31 22:06:03,2018-02-16,b2cc4c84a3c609af671fa519c6be7b1a,2018-01-18
1087c248afded2f1d5c0a0a760e34695,641e9c515a78e13fbe53f7470e52a663,delivered,2018-04-09 14:48:04,2018-04-11 05:50:17,2018-04-11 18:38:39,2018-04-23 15:53:53,2018-05-04,34f4f63a32554cf9e0383203279eea50,2018-04-09
9ea29024f36561184f0253cccb1b3fc7,9cf59d7ac388b59fe805de855de08c69,delivered,2017-05-30 14:36:44,2017-05-30 14:50:27,2017-05-31 13:07:43,2017-06-09 09:22:20,2017-06-30,7d4e72092a9be9d65dda2373249e94a4,2017-05-30
938de98c1b6d50724e3819cab940c36a,11d4a055ba1cbf1b63ad4d0bdd30934b,delivered,2018-01-03 22:09:24,2018-01-03 22:19:30,2018-01-09 21:25:53,2018-01-16 20:54:43,2018-02-06,73768eba15a0744371ca5521eb2e51f5,2018-01-03
0a45ff140fcaf02e1b09ca845b0ebb13,57fd872e13a43d2832a5727837bc800b,delivered,2018-02-04 19:14:58,2018-02-04 19:30:20,2018-02-06 00:38:44,2018-02-07 20:36:34,2018-02-21,ca478522f8d3a3d5dc56e3bd48643f8d,2018-02-04
0e2ea0c260680ee673cef326f5fdd088,39c2caab4766cb59747988222842b0b3,delivered,2018-03-05 19:59:11,2018-03-05 20:15:32,2018-03-06 20:18:46,2018-03-21 00:45:02,2018-03-26,5f71a528cd499352104e0b705a8889e3,2018-03-05
4d7b93709f08f674ff9d2185fd811cf9,3e2d140f0acbb3da83a30d59fb0f805c,delivered,2017-01-31 17:11:49,2017-01-31 17:25:14,2017-02-01 00:00:29,2017-02-07 14:06:10,2017-03-15,674d55cc522075b792f327e5878dd509,2017-01-31
2939b6d48c2488e276205bc547c56aac,6efbee10da96b631dcd2c0f3dcfccbd1,delivered,2018-01-04 17:32:20,2018-01-05 02:38:00,2018-01-09 17:35:49,2018-01-11 22:43:31,2018-01-22,f80352378d6ff6454ac8cbb9b68ad4a7,2018-01-04
c1e2bf2b7dd3309f2f5356c6b63968fa,e37d47e7eec62f08dc5deecc7d5532d6,delivered,2017-02-10 10:19:10,2017-02-10 10:30:13,2017-03-02 17:34:26,2017-02-14 15:15:57,2017-03-15,a6c7bbea6e469cbc9a4cd1fe3c7aff12,2017-02-10
64a84bc3bb67d3a25cbc2d744eb2968c,ea1f7bb81ed4f141540bf434ef141f42,delivered,2017-05-16 13:56:23,2017-05-16 14:05:23,2017-05-19 13:40:52,2017-05-23 11:13:52,2017-06-05,d3d8e9c6c8f1be8d154e329e99eaf8f7,2017-05-16
96ad8ef0669dc53c0830b44376e975f5,71eccffe659a733fbdaf0ca49a9d1b37,delivered,2018-07-01 11:07:54,2018-07-01 11:15:17,2018-07-03 11:50:00,2018-07-10 20:02:45,2018-07-25,851526e58f973bde18ad10b07ba33d97,2018-07-01
5377d92bf883c16eea93ee9625f3190c,1bf7076a50821623df388f22ead99764,delivered,2017-12-15 14:17:23,2017-12-15 14:33:19,2017-12-22 20:52:23,2017-12-27 19:49:13,2018-01-10,1b6cd1e5ac81bef89745418efdd8ad73,2017-12-15
e8114ebb6eae4aff63282fef68ad6a4c,238dfa907df715b7d899027fb5e01316,delivered,2017-12-22 22:13:26,2017-12-22 22:30:32,2017-12-27 18:35:12,2018-01-05 20:10:24,2018-01-19,9c2a9da8cedb9f7c62c1ebb3c97ae139,2017-12-22
0e1bd6280d543519379a15614783b9fe,a87c62f5866a4732f56ab5c819317f9e,delivered,2017-03-27 15:50:37,2017-03-28 16:02:37,2017-03-31 10:12:45,2017-04-19 10:37:54,2017-05-02,54704ece600862ec7b97cdadb31383a4,2017-03-27
ee9f3d0f79a91c7ea3153483af83ac3d,8c6c946f51aabd5309eef335831a9d85,delivered,2017-10-19 21:07:38,2017-10-19 21:27:54,2017-10-25 17:18:52,2017-10-30 17:57:47,2017-11-09,075c38f7a650b0dc822712c7a58e93d4,2017-10-19
4d653190f205f16928ee12a80b571a8b,ce84a70ed03758979ab282873087aa06,delivered,2018-01-24 10:30:43,2018-01-25 06:15:16,2018-01-27 00:16:35,2018-02-16 17:25:29,2018-03-01,8a112691dbf8f0511f4a5a358656b511,2018-01-24
c0aa7b8e7596f25711073d95e0dbbec5,fa5689be033065ccb7e05f37958daacd,delivered,2018-08-18 13:20:33,2018-08-18 13:35:12,2018-08-20 14:33:00,2018-08-23 21:19:32,2018-09-11,581499ad4abed228b0791d946e982a50,2018-08-18
02748e01a6356d0e5072ac06f4dd0bc4,438df7b1a12e7eb43f99b35531167e0a,delivered,2018-06-04 21:38:25,2018-06-04 21:53:21,2018-06-06 13:35:00,2018-06-14 01:41:48,2018-06-28,157734852d8da89de2f250c1916833ed,2018-06-04
37ddd5dd20d5259555dc5c1801039b7d,fbc52509a4028b608472c6b923136fc9,delivered,2017-02-14 16:43:13,2017-02-14 16:55:14,2017-02-17 09:54:11,2017-02-23 09:25:58,2017-03-23,3e5962f5708abcd60c1f473039418c5c,2017-02-14
88822075f4a40a08341559346c171018,e0b0809fbdc11e448ee71e40402ee734,delivered,2018-05-09 23:16:53,2018-05-10 16:58:41,2018-05-11 15:50:00,2018-05-17 12:59:01,2018-06-08,3ac72367c83b28a9ff5508e4e5abeef7,2018-05-09
3413eb8515318f34dd2984e1b4b301fd,30fb0bd8a8a4c9d315bbaf6bd295581f,delivered,2018-05-04 08:41:08,2018-05-04 08:55:26,2018-05-04 13:57:00,2018-06-12 12:32:08,2018-05-30,236cb33406610c4551abb79a937a4739,2018-05-04
8a2914855b65c59992d45f1b611388ea,1047d587287fb7710763586802c0c256,delivered,2017-08-07 21:06:36,2017-08-07 22:04:10,2017-08-08 17:32:35,2017-08-14 18:52:00,2017-08-29,4ea6c3c0ddbe4935ab5766001f06c9e4,2017-08-07
8f36df2bc6e5ad22c4b9a86b42da5cd6,cbe6a717d37978ec85d8b6c08cff47e9,delivered,2018-06-03 21:23:53,2018-06-03 21:51:17,2018-06-05 14:46:00,2018-06-06 17:58:46,2018-06-28,2b02fbae01181dfb18934ebfea46a89e,2018-06-03
66d6e2c96b28f2e7c260b7e009d421df,4b20ef1b23a5b7a27a4ba54dee35a078,delivered,2017-06-10 00:05:17,2017-06-10 01:10:29,2017-06-12 10:58:54,2017-06-27 08:32:08,2017-07-13,ffbf790cac0b6cf2e411d9f158c0fbe2,2017-06-10
649c4145bbf6cdb7b096afa02bf5e299,c0703d9275d93c6138c769adff0a4da2,delivered,2017-09-16 16:37:48,2017-09-16 16:45:37,2017-09-18 14:48:11,2017-09-28 20:27:40,2017-10-13,c68c8c2217bb842d2dab9331ae200f07,2017-09-16
8ea7aebc18842332aad5f41ca74b334c,349509b216bd5ec11c5fae929fd13595,delivered,2017-04-01 15:58:41,2017-04-03 13:25:19,2017-04-11 14:42:25,2017-04-17 14:36:23,2017-05-09,da122df9eeddfedc1dc1f5349a1a690c,2017-04-01
9e8c40945ca99090d64646771fb19a6d,02de82179d94624708a8832cb0c97a1f,delivered,2017-12-31 13:49:49,2017-12-31 14:11:23,2018-01-05 17:42:24,2018-01-16 14:23:43,2018-02-01,5a5fdc74741b68553a92d2272df59123,2017-12-31
bfca565035711cdb02880c530c383872,f6bf07a73ad7c17791a5fd4c33c9b8f9,delivered,2017-03-23 20:18:15,2017-03-23 21:22:48,2017-03-28 09:07:20,2017-04-06 14:27:46,2017-04-19,6f3ac9286ab1ac302fa8f5b8bfc2f8ff,2017-03-23
8cca5f9f04056cb2d8abb9b845e89b62,7573237856d19beef367370dd2285f37,delivered,2018-05-12 07:21:13,2018-05-12 07:35:42,2018-05-14 14:59:00,2018-05-18 20:44:31,2018-06-04,077c6658adbb60fcf8437e255c00e906,2018-05-12
07242ddf6ad8487cbbb700fd9ca45906,d05a2fc75287e80ba6aa6c9958d2abb2,delivered,2018-02-25 19:54:16,2018-02-25 20:08:16,2018-02-27 23:53:22,2018-03-26 23:42:16,2018-03-22,6f72c9a82fdcca4fde09203391d2a8cb,2018-02-25
802d0f108d32ef094401c8cd4e965680,2ca6c5097107f90390b8798977b97c1c,delivered,2018-05-22 23:01:12,2018-05-22 23:17:56,2018-05-23 13:01:00,2018-06-04 20:47:42,2018-06-11,3a491736a2fbff5a3f8cf9acb27ebecd,2018-05-22
9a1fd7b63a47bfa545b120cece07526d,bf0e63f7c254834e195f0eb9ffc03681,delivered,2018-01-28 23:40:13,2018-01-30 00:04:59,2018-02-02 02:41:50,2018-02-15 16:53:17,2018-03-01,3343e1766d661f269bd23a2d05d10a47,2018-01-28
89d8e27be3cad1ed7780fd7838ef2b0d,5ee58011648c4a85365707950e4d7925,delivered,2017-11-06 21:11:45,2017-11-07 05:31:27,2017-11-07 19:57:12,2017-11-14 21:37:58,2017-11-24,2685d4322702a9078fd677ad64566dcb,2017-11-06
5d681b5588723aa46f699b097a563a60,16b16dc22deb83d29f64a941d0382435,delivered,2018-07-01 01:04:05,2018-07-01 02:10:16,2018-07-02 23:12:00,2018-07-04 13:38:01,2018-07-16,079ec2c879df176aab74e81e61a12f50,2018-07-01
08915f902759876fcac1ccf9bbc966cf,fb83c8cb9ecf4b1cbf1c4f56795d91f2,delivered,2017-08-18 20:41:08,2017-08-19 12:30:21,2017-08-21 13:33:32,2017-09-01 21:24:49,2017-09-22,f2fb6c287ced465e7d115bb02a0a1b27,2017-08-18
be844f368fa6d0d3ea9f81f72d668b67,b4b9a82533213cf286475d51c421640e,delivered,2017-07-06 19:51:35,2017-07-06 20:03:36,2017-07-12 18:03:30,2017-07-21 19:42:05,2017-07-28,25676a647b2252234c4f6e4049ace7a8,2017-07-06
99ced390cb3920dd78d289dcddfc6ce4,722faefed2a13f6521b5b1af3aa04087,shipped,2018-01-14 20:36:48,2018-01-14 20:49:11,2018-01-15 15:37:18,,2018-02-16,2708339a3f5355f56983737d54fbce59,2018-01-14
fd910e1bec44f27b8680a01c7a5e377c,860b1d9e8b261a7ec7cbe827d7cf3aa2,delivered,2017-08-19 12:17:36,2017-08-22 04:32:06,2017-08-25 20:32:43,2017-09-02 12:41:31,2017-09-20,b05241b0ef717b0b9f6f1f7ad3cd1566,2017-08-19
1ccabc4484a32c4c369b21c05cf03fbe,f4351b806df6ba3f5c1d0453de0d3b7c,delivered,2017-11-12 23:23:45,2017-11-12 23:30:33,2017-11-17 13:45:03,2017-11-30 12:48:46,2017-12-14,a67530d1f002a5c1e6a4351042985ffe,2017-11-12
2a9d70160f5851dffc39e01a5486fb62,bf06992fd27d8a0a950104151b8ca61e,delivered,2017-02-07 09:07:17,2017-02-07 09:23:11,2017-02-10 12:09:13,2017-02-14 13:49:03,2017-03-14,0284ca4015977edc8413c917b8e68355,2017-02-07
6396a9281831158e4cdc8eb76ac7601a,b92a5d9d79af87f5bc497bda2873a462,delivered,2018-07-20 13:42:08,2018-07-20 14:05:17,2018-07-26 14:23:00,2018-07-30 16:55:41,2018-08-09,0f8627184e33997c7e72a68b3c880b8d,2018-07-20
ab6c966d2edc2a1f9b49337511fdc87c,f8af1d4f3f5a4beb260c5ffecdcb478c,delivered,2017-05-31 15:14:10,2017-06-01 03:55:17,2017-06-05 12:52:55,2017-06-06 14:38:18,2017-06-14,35fc59190f6c1aae9fa73515d7851156,2017-05-31
fdaf0fd938efa36f6b32471ef6b7e63f,0d96a1fb32c4c68e63245cbdbe523457,delivered,2017-03-28 18:37:40,2017-03-30 02:15:24,2017-03-30 16:25:25,2017-04-05 16:07:35,2017-04-19,8e98374874bf4a61286d68ca3c83be52,2017-03-28
11e1ed3bdff66e40249e686b93e657ba,7934be0941e6d506eb37c1daa97c56d7,delivered,2017-04-13 21:06:38,2017-04-13 21:15:15,2017-04-17 08:33:29,2017-05-08 16:51:52,2017-05-11,071502ba82719316e5f346f8f2da02c4,2017-04-13
847ccc5f89e0b4539959c0d02d548b88,b2b799d3bc4d74ecc801e25d46644327,delivered,2018-07-31 19:28:52,2018-07-31 20:04:06,2018-08-02 15:32:00,2018-08-03 19:21:21,2018-08-07,530ab57e58a828708915c053612b81a6,2018-07-31
adafec3176fb473c2f0ad1d92154630f,f0438deadf42972eb27bf32bbd0ccfa8,delivered,2018-06-10 14:03:57,2018-06-10 14:16:40,2018-06-11 15:22:00,2018-06-12 11:18:44,2018-06-20,78e796c9cd0b40c7fc7fbcc9d2969639,2018-06-10
d0b370edbe33be9a8b8eb1e6c526984d,23e838b7e63651d981ace7ce4833bf84,delivered,2017-07-31 21:54:46,2017-07-31 23:42:57,2017-08-01 15:07:13,2017-08-07 19:26:35,2017-08-22,da32e1c14e3bc9c13fb5d281a094221e,2017-07-31
2f8eae41d935a729065d6b24ea0eebc0,c49fea04c1fb3dbf6e5e35226b5efcf6,delivered,2017-08-18 12:27:22,2017-08-19 12:25:08,2017-08-23 06:52:22,2017-08-25 19:51:37,2017-09-08,515d177181a3bbfec1d42dc38536152d,2017-08-18
cadebf635daf8de3edf4ca3a162433ec,7ee0952c8c02af4f93762c21ddb66607,delivered,2018-05-09 11:34:06,2018-05-09 11:51:21,2018-05-10 13:58:00,2018-05-18 18:06:30,2018-05-22,6ec999e67c5e05c33554a4ba2db847bb,2018-05-09
f0ffa7b0eb3d20f79c53411956471769,974683297757fa8bd7d66ffbf98bc520,delivered,2017-06-09 11:25:54,2017-06-09 11:43:08,2017-06-09 14:37:40,2017-06-21 15:52:03,2017-07-13,40f1fb89f628ca74318af3df28d54440,2017-06-09
1efe916e0147732877ae7c2ae6a245ba,19ba1ad275a13a70eb4d745c95647a78,delivered,2018-04-24 14:39:42,2018-04-24 18:16:16,2018-04-27 14:23:00,2018-05-10 16:54:43,2018-05-18,3a0e96e016e4cbdc9f2f240a437a4620,2018-04-24
a7224f3edaeba1830d4f98b1df4bbbf7,a49a1539074f5f5603dbb8f310eef69e,delivered,2018-07-09 13:08:45,2018-07-09 13:25:05,2018-07-18 13:45:00,2018-07-25 01:04:56,2018-08-06,77170f88a01156851e7c780b9e9fe402,2018-07-09
9ee53d821aec1c97d5b1514199c74c27,c78a0848edc376b5bf05f22ad093aa0f,delivered,2017-02-02 12:37:02,2017-02-02 13:01:36,2017-02-03 16:39:10,2017-02-13 11:24:46,2017-02-27,687728d2f6b44a8c1af4ec3edec6f1a0,2017-02-02
01dfa7b5bb8dcd546273e480c27043bc,6a9b5719c17e4f44e30d33c298c0739e,delivered,2018-04-27 10:01:33,2018-04-27 10:15:31,2018-04-30 15:24:00,2018-05-09 18:42:54,2018-05-16,ea94f7a5177a14fde12ff625b03dcd7a,2018-04-27
d95551ac89d6513a7df861906c4f40ca,4c68ac94ddcf13e92380e40b5d56d2e4,delivered,2017-07-19 23:33:55,2017-07-20 07:15:13,2017-07-20 19:12:16,2017-07-21 21:23:27,2017-08-01,1857682001d98df2e6f75aa05a7ae2ce,2017-07-19
bdeeea2fc303da3546a2ed06740d57f9,a57ca220adc4f32aed85f2faa734f3eb,delivered,2018-03-13 14:46:52,2018-03-13 14:55:37,2018-03-14 19:28:53,2018-04-03 16:34:50,2018-04-13,3beb447fd7806544e2c483ca4628f1ca,2018-03-13
06b29dbcb820a53c15525933a91ada27,0ef6c3eb9b6225c4e6e938b4d1016713,delivered,2017-10-16 22:33:02,2017-10-16 22:49:29,2017-10-17 15:51:17,2017-10-19 21:53:52,2017-11-01,4d7e6ee77e984de7603341c14791676c,2017-10-16
b973523974e2976383d50c875587531c,ea5744917d5a275155a8732c1c18e994,delivered,2018-04-26 20:25:25,2018-04-26 20:35:23,2018-04-27 10:41:00,2018-05-03 21:08:37,2018-05-24,74ef2468836d147c610bc829ecd77677,2018-04-26
58d34816de3da57e9e07d7b34aced1b8,b821d548247d9c319bd595260efe677e,delivered,2017-06-28 11:08:38,2017-06-28 11:15:24,2017-06-30 10:18:13,2017-07-06 17:11:46,2017-07-26,0011857aff0e5871ce5eb429f21cdaf5,2017-06-28
2844e37cb0577ea913df6ea748885344,43d5514759447766d2bd505eefad89d3,delivered,2018-01-10 17:58:03,2018-01-10 18:28:53,2018-01-11 21:05:01,2018-01-16 21:53:54,2018-02-02,eff3ff2aa1b985ff8d7e5b51d96fd384,2018-01-10
18d4e6891576559aeaaef675e25d53ad,8ed3a953186a64ad090056ee27657038,delivered,2017-06-21 13:13:52,2017-06-21 13:30:18,2017-06-27 14:57:26,2017-06-29 17:32:54,2017-07-13,025bc857299fac3e5c699322d2a1485d,2017-06-21
7d23dea62e7241762a980fbe316ff0f1,b6865a026e2cc18c57cb343b012f0cbd,delivered,2017-12-04 19:49:29,2017-12-04 19:58:25,2017-12-06 12:37:05,2017-12-15 16:18:53,2018-01-02,e50df7c0df2572adfd85379630438712,2017-12-04
5e0140671ad91ce830fb2b33a3210d1b,8c045d0442a9354cfc68a056c51a817b,delivered,2017-09-20 08:59:00,2017-09-20 09:15:14,2017-09-20 18:44:52,2017-10-19 22:47:35,2017-10-16,fad90f16ddc71928c1b8df168ed6f47c,2017-09-20
4a78f9fe9c743a66531a6063ec8a46db,9c5f1d09799f8e43199c6a90d8d89ca4,delivered,2017-04-25 16:36:14,2017-04-25 16:45:15,2017-04-27 06:56:09,2017-05-12 13:47:58,2017-05-26,322303404e5b6f38f39aec1a19ad7f0f,2017-04-25
df5cc31d446df3719dde958e4f9dd5dc,babdd387394b20e5cb5c015bbfadc9d8,delivered,2018-08-04 21:15:44,2018-08-04 21:30:14,2018-08-07 14:37:00,2018-08-14 22:21:39,2018-08-27,01c1529c867b31e5b6c34ad4ccaab314,2018-08-04
92026f2f1b805cb9d6b1ce692ee38313,8b248b11dba02be9728a5a80ab3f4081,delivered,2018-06-12 13:05:30,2018-06-12 13:25:28,2018-06-15 16:33:00,2018-06-20 16:58:46,2018-07-05,03c6dad4cdb636699af6b02c6484dec3,2018-06-12
b096b46ef5b2eababa4ceafb529f4881,1fcaab1a7e0c3df486dc409ac3216123,delivered,2017-10-25 16:40:50,2017-10-25 16:50:02,2017-10-30 22:09:11,2017-11-13 18:38:46,2017-11-27,16b74b9781af6fc180bc90f0a4069e02,2017-10-25
fe4e52536814275494989d5f8427b484,71a350f57570c6963201ebe7e38b9e6c,delivered,2018-01-15 12:57:40,2018-01-15 13:10:38,2018-01-17 20:07:06,2018-02-18 19:37:04,2018-02-07,7e99525fc257e23fbaf5bf655575749b,2018-01-15
054316a4a3afc149108b6b1431d11274,f22c368483fea4ae42665976c5e5bdd3,delivered,2017-07-21 08:50:38,2017-07-21 09:02:54,2017-07-26 15:53:49,2017-08-02 21:05:03,2017-08-14,956fd64080e46e8539eb82d1ed700b92,2017-07-21
9f1c82ad0dd23c77d357787af9920195,612701fbf6924171d1968e9cf7f53e6b,delivered,2018-02-11 19:50:15,2018-02-11 20:56:23,2018-02-14 19:08:33,2018-03-01 16:47:36,2018-03-06,7c5f2513d8feafd1ee95553ba1269a56,2018-02-11
9b70b4748090dafc923b60f9381d174c,03bcdec411d2d7119b11fd9e21299419,delivered,2018-01-11 01:14:14,2018-01-11 08:50:35,2018-01-11 22:42:25,2018-01-23 14:36:42,2018-02-08,0322aa4c67a96237d87be8c8c443b227,2018-01-11
000e906b789b55f64edcb1f84030f90d,6a3b2fc9f270df258605e22bef19fd88,delivered,2017-11-21 18:54:23,2017-11-21 19:09:02,2017-11-22 20:46:54,2017-12-09 17:27:23,2017-12-07,3588484a539617d91500764822230fb6,2017-11-21
69cd806f54b86ec97dfbc6e717691e86,6974faf3955385817f89a280c51c2f46,shipped,2018-01-23 21:05:30,2018-01-24 21:36:19,2018-01-26 14:27:49,,2018-02-07,a05c5ffb03d915a811ca03d5a34ef9fd,2018-01-23
36cfe0289488f169d3269cea0496d66c,37158bf83b9f6eeadb5893a053a2971f,delivered,2017-08-31 18:39:54,2017-09-02 02:45:31,2017-09-04 21:47:49,2017-09-12 18:15:50,2017-09-21,884f9871ea0e874a25cf0a8d32e4d2d8,2017-08-31
2c76644ebdca47aa2d980e3b2714af13,b4467cd694e953f5a158868b25b78240,delivered,2018-04-17 15:12:46,2018-04-17 15:32:02,2018-04-19 19:21:17,2018-04-26 18:12:43,2018-05-09,8d8202f64ca74fbe1e052199d702605e,2018-04-17
aa8b6e3167ddb35c1f7fa63717f8cc37,d49e1e78905d7a74187639f1b28d534e,delivered,2017-09-25 12:04:33,2017-09-25 12:15:20,2017-09-26 14:37:58,2017-10-03 21:22:48,2017-10-17,85338158f4e35bbc7ee9f6cc9b50330d,2017-09-25
7f922477f06db4ab69f6f173f439088e,ef019b3cc077faf03d999168daaf8d07,delivered,2018-06-06 21:47:57,2018-06-06 22:12:17,2018-06-07 15:01:00,2018-06-15 19:41:33,2018-07-03,ac5c80edeb6db099ebffbf3e53ddcd69,2018-06-06
74dc1c443804373ca86896a9b26a02c2,aabb0076dc8016bbc33dd9890b1cdafb,delivered,2017-04-11 12:45:57,2017-04-12 13:07:09,2017-04-18 16:48:25,2017-05-12 13:21:50,2017-05-05,9cc1821c467e83ddaa26f7ada89e39e0,2017-04-11
87466e583daa1445bfc03e595265cdcb,f7071de1c71624c2284315426ecbff2c,delivered,2018-08-01 21:36:45,2018-08-01 21:45:15,2018-08-14 09:18:00,2018-08-16 00:20:35,2018-08-09,cb9b2734376e44264637ebd85ce7d961,2018-08-01
6a491833d437ece196bf4185e6748271,5c8411c4553f08e12c2a485122113417,delivered,2018-02-14 12:23:08,2018-02-14 12:35:32,2018-02-16 20:45:19,2018-03-12 21:28:26,2018-03-15,b60c8404de6587cab091a3fd0079f14c,2018-02-14
302a24de3b0c53d916a333a0ad6dce5f,a4084e7c34e378d0b7e211622e8b8b0c,delivered,2018-07-04 18:15:26,2018-07-05 16:11:25,2018-07-06 11:03:00,2018-07-11 20:42:27,2018-07-27,d6eaa911e56710a5ee7f8cfbb11cfcef,2018-07-04
34225a124aef4e4ad2d5df2c52c57e1d,850a1df97338476bae10e875c6d671cb,delivered,2017-08-07 14:15:03,2017-08-07 14:30:06,2017-08-07 20:53:53,2017-08-21 20:14:31,2017-09-06,6db0b7bf346c5a9261badc504bf6e2c2,2017-08-07
cda166f7dae2993118f807e7215c7faf,1dbb6a2e118d81461c712bdb93398726,delivered,2017-09-13 08:10:50,2017-09-13 08:24:42,2017-09-13 15:15:59,2017-09-18 22:49:56,2017-09-29,a86f29fdc92c603fdd3d4f530230644a,2017-09-13
4e8c3b29f4bcb44200ab8296779d910b,f52048aa7c7272e8cf66d63f3e5957ce,delivered,2018-04-27 21:25:04,2018-04-28 19:33:47,2018-04-30 14:19:00,2018-05-07 20:12:51,2018-05-17,194c6a0b77582e915c1a11c7312df8ed,2018-04-27
8ef12780aa1f3903b1d9ab621f69abfb,8ef3ac951609d325e4819c0184b3b397,delivered,2017-11-03 01:59:42,2017-11-03 02:10:22,2017-11-06 13:06:30,2017-11-13 19:03:58,2017-11-30,3ea35d016eb96bbfede151b359b8da8e,2017-11-03
dc65d81323bb8febba04644a959a6fc6,1b1aeca72c529981a8939da6859c4db9,delivered,2018-02-08 16:32:21,2018-02-08 17:32:33,2018-02-09 16:52:11,2018-03-02 22:49:02,2018-03-08,859ebc00ccc39f92c05c0e0b3e35dcd6,2018-02-08
185567188e9560063ce82e8a30f82e03,841991865fe44b9b4bb0519d9bc4557e,delivered,2017-10-04 10:10:41,2017-10-04 10:28:14,2017-10-09 21:36:01,2017-10-23 20:57:42,2017-10-27,1a185a8b307a1add1f201001877f6f6c,2017-10-04
e99bb46d32c47a666290f7c5928f7236,98bcaad4f40ea5c657778b435efa7c5b,delivered,2017-07-12 18:33:35,2017-07-12 18:45:14,2017-07-14 14:40:00,2017-07-24 20:36:52,2017-08-03,0c9f0bac5dd836d1f161fce094faa956,2017-07-12
620ddc9fbe3e445676a8e71d4a830821,fffcb937e9dd47a13f05ecb8290f4d3e,delivered,2018-03-17 00:55:27,2018-03-17 01:35:21,2018-03-17 17:58:48,2018-03-21 19:24:46,2018-04-05,bb438f958261edabbe96fc22622499c4,2018-03-17
41592d2f13bff6d83152f39754f78552,d06700a6178066421f3bcc4e834926c4,delivered,2017-12-11 23:55:56,2017-12-12 00:29:06,2017-12-12 23:28:43,2017-12-18 22:09:29,2018-01-05,cdb39fc59bcd68bbe98459b8d08880f5,2017-12-11
fb89dbec79bc8b1f0d12165058cb1cb3,9f26cf541e3e5cc2e1dafa5555cc78ba,delivered,2018-02-24 13:28:11,2018-02-24 13:47:36,2018-02-27 20:24:08,2018-03-08 19:44:28,2018-03-21,4ce0576b07cb50460ec8226b4efae247,2018-02-24
8b5a08df8e19cb41fe82bc319d30e0c6,9a655dd46cf75a4faf768fb889bd1b12,delivered,2017-03-05 11:42:44,2017-03-05 11:55:19,2017-03-06 10:34:36,2017-03-21 15:44:16,2017-04-06,29281d12929cf6cbd6ee1dc79ee9f142,2017-03-05
2fa86775694fc9f2f7f5132b8109544f,3219b5c17ecc64d91344f6ded92a6e0f,delivered,2018-02-09 14:11:16,2018-02-09 14:29:18,2018-02-10 13:36:33,2018-02-22 03:06:20,2018-03-05,3002a0e1aac46d8829043b6a83913aa9,2018-02-09
85dbef7e8d4c780110b5900a73b43556,4067ca2fbdff1cd37626acf984f56f4b,delivered,2018-03-05 15:56:18,2018-03-05 16:15:39,2018-03-06 19:15:22,2018-04-07 19:41:35,2018-03-21,9960dc77a3a6dae290b423bc3c897aae,2018-03-05
9699c01a896c01b9cb591cdd6ad1adc3,dd2ee193b20b98224502484a26b61d66,delivered,2017-06-08 10:49:34,2017-06-10 02:55:14,2017-06-12 09:00:57,2017-06-23 12:11:40,2017-07-07,3c3629948a44757b62d5477fb7b5a265,2017-06-08
f6efef5d403a2c70636e3903f1ebd151,627b29f111e1f4c11daf1e83b8202cd5,delivered,2018-06-18 19:57:43,2018-06-18 20:36:35,2018-06-22 09:49:00,2018-06-28 20:50:59,2018-07-24,9b567dcfcb0ef66d766d40f48b552170,2018-06-18
05bc55c2402923914487bf644d917ad5,3f00c5554323c1de1b010995f7bdbbd2,delivered,2017-12-01 15:17:48,2017-12-01 15:30:50,2017-12-07 18:44:45,2017-12-20 18:39:07,2017-12-26,e97b18fc8c6d72975f8689f4a1829080,2017-12-01
21990fe9b5b40fd681da192e4594884d,2d428f584e3f831f770a1de54a30532f,delivered,2018-01-12 12:45:01,2018-01-12 12:54:35,2018-01-19 11:58:42,2018-01-31 22:13:29,2018-02-05,4b40660875a458c6f8530b2a2255794b,2018-01-12
f5406ee32e8586e5a8834586c65c4187,1e4390f0fddd44b98a4c25f27009e1cf,delivered,2018-04-19 13:38:28,2018-04-19 13:53:48,2018-04-21 00:22:02,2018-05-04 21:51:34,2018-05-29,38e27af584f254dbc7dd081a3a75e80c,2018-04-19
36af5b0b0ededbf6f30d1d809f05536b,7f4ca5e104cea64afdf3d68d84d4b520,delivered,2018-06-03 20:39:37,2018-06-03 20:55:27,2018-06-04 14:10:00,2018-06-08 21:24:26,2018-07-05,7a2dccc8809863ca2438039abc2ecf58,2018-06-03
c2a3b4f6776c793ad0853b4076fda375,bce147fed31cc4142a6e6f9bfea690c1,delivered,2018-03-23 09:18:38,2018-03-23 09:30:37,2018-03-23 23:05:37,2018-04-02 20:28:39,2018-04-11,2cf33ba9f0ea64bcfef5eddd02b2c984,2018-03-23
bc4df405798e78b26965a4b62efdebb7,2455a94ebab82b39829283f823a69bba,delivered,2018-03-10 23:00:59,2018-03-10 23:10:26,2018-03-13 15:38:33,2018-04-04 02:52:28,2018-04-06,f53c89af952b692df1ba10a05fb895a4,2018-03-10
5ae9bb819d9fe122f095fe919a408e17,aaa3dc5798a9cbd3a1234aeae3723740,delivered,2018-02-01 09:03:00,2018-02-01 09:15:35,2018-02-03 02:52:37,2018-02-21 19:08:11,2018-03-05,7db665f6e104e64835f23c6513a55879,2018-02-01
2c039eca196d1a548fd739e82713a1b1,211edf902a95b6f72c38ea7d669911d9,delivered,2018-08-19 11:28:18,2018-08-20 12:15:33,2018-08-21 12:36:00,2018-08-23 18:41:51,2018-08-31,d88c6d8c0caed386e83167dc6c448dc9,2018-08-19
1017e188d93cee2c3292c71a98dbec38,861728f9a0d9bfa588e238e30a20e278,delivered,2017-04-20 17:17:29,2017-04-22 14:41:15,2017-04-24 14:43:10,2017-05-03 12:36:30,2017-05-16,d01e34f5bfc7a0f5102b962efd522981,2017-04-20
984d046c833232079162e22c7ef8c15d,6cdb70bd1221c6913ebb68b580713161,delivered,2017-01-19 10:33:22,2017-01-19 10:41:43,2017-01-20 13:57:33,2017-01-26 13:05:06,2017-03-01,2734edbaf3ea5d3c5383fc431d10ca29,2017-01-19
92cac3c69ca34e5fa1b54e0fd64de09e,cfd0cf1de6eb6298cd8d89a662a96f76,delivered,2017-03-02 09:15:28,2017-03-02 09:25:16,2017-03-08 10:43:10,2017-03-15 08:07:49,2017-03-27,b2ad92bb9f34fa35457f37f444c4d7d2,2017-03-02
0e59758c67cf787fa8b8be982b41686e,1efa6313bceb1c18c02fa46f33c6ec77,delivered,2018-04-24 22:41:03,2018-04-24 23:29:53,2018-04-26 09:06:00,2018-04-27 20:17:43,2018-05-08,d335769a1bca8f2641332faa7ba7add6,2018-04-24
77cb76a3dbea0b781dfe09e6935f1bcf,11e80318a196fa414669dccb5bb03655,delivered,2018-02-02 16:37:27,2018-02-03 15:55:23,2018-02-05 20:08:52,2018-02-14 21:28:44,2018-03-07,19a4fe4f1261bd0f8d845bd368b7663b,2018-02-02
5a0339c1df9cd94d7f04121e32f79ddc,6f33f5f3c71fe4426a272320145028e3,delivered,2018-02-20 10:47:14,2018-02-21 06:25:09,2018-02-22 15:39:02,2018-03-07 22:26:58,2018-03-13,6c9745709864ac9a791d44b64c50e132,2018-02-20
838182c127d317f0eca3ea49a529146d,1b00a1649b55301c17b93fb2b0ae2dae,delivered,2017-11-07 10:46:50,2017-11-07 10:55:52,2017-11-07 18:48:46,2017-11-18 16:06:45,2017-11-30,3f5534bf8c9378ee05b7dd684cb20e8a,2017-11-07
405b235ca935c45dbff98550512b37d2,5928fad2f857413a13a6bb69e268a49c,delivered,2017-11-26 10:42:55,2017-11-26 10:52:30,2017-11-29 01:12:10,2017-12-05 14:59:18,2017-12-18,78bd92e122114e2eec82bf20012366e6,2017-11-26
53a1210daacade25d3e5ba8c7119ad0a,e612b64b198a948389297313d7e9c568,delivered,2017-07-18 21:01:28,2017-07-19 06:43:05,2017-07-19 19:42:31,2017-08-09 22:07:31,2017-08-21,b42241c8d5340ce51ef17e25265a33c1,2017-07-18
e2331d349b7b06c4d722196ca3cdb096,8223cced69cfc254c7f0946a0c08d6d5,delivered,2018-05-08 17:10:08,2018-05-08 17:35:06,2018-05-09 15:08:00,2018-05-12 02:08:47,2018-05-30,30edd298b05fb05179c781be4688a4ef,2018-05-08
4b90aa110f5e0cb3e51453e858d17d03,e07ba807ef33bcc2cb7e25dbafdd6a61,delivered,2018-06-16 16:52:13,2018-06-16 17:18:03,2018-06-18 13:26:00,2018-06-22 14:38:22,2018-07-17,6fc1e872bd4069a83b266d1710bd3053,2018-06-16
8f332ee6ffc2a01f7e78ae983f257379,520197ec7846ba49b688f810b5639b47,delivered,2017-10-10 19:43:03,2017-10-10 19:56:18,2017-10-17 22:15:31,2017-10-25 22:49:02,2017-11-08,a6e635a920e7ca43d9453a21f416b44f,2017-10-10
f18209d8f562e6e43f73013f3e9aa40c,34497fb7afde431c36bfe5d62cb39716,delivered,2018-04-27 16:10:14,2018-04-27 16:32:32,2018-04-30 14:44:00,2018-05-02 14:58:40,2018-05-25,56bdd6ad82ffc0e993f50cb87c849d3c,2018-04-27
93cb3576b5e361f46b9a9f1720a3eb06,30e20b600c72408514e38306ffc7138b,delivered,2018-08-03 14:08:55,2018-08-03 14:43:54,2018-08-06 15:37:00,2018-08-07 23:18:41,2018-08-09,b00ea1e069481794abd873a9342fbf58,2018-08-03
d28b75209a5e2bb2ef86b7eb3b81dd55,974a1d1df0ff8d4f9adb1e18bea7dc23,delivered,2018-01-08 09:40:25,2018-01-10 10:32:49,2018-01-23 11:41:43,2018-01-31 18:27:07,2018-03-15,266ca2dc7972a98f8de4ba072aef8870,2018-01-08
b51636cb252c5b72813e83843f8f73d4,89be18e38f73e5fa754fb173d64a9bcf,delivered,2018-03-09 20:07:27,2018-03-09 20:40:22,2018-03-12 21:21:53,2018-03-16 00:32:16,2018-03-21,7e2bb972fa73a5646c2c7f0fa3bd4895,2018-03-09
693571876f68cfd82ad0772a4fe8136f,25b47b76e47894309042c440d0b52481,delivered,2018-06-13 10:32:14,2018-06-13 11:00:14,2018-06-14 14:22:00,2018-07-03 20:12:48,2018-07-18,f01078373d82aca11c26b307140c8545,2018-06-13
4f5c54be4162fc29637f7fc1237ba307,ba54e3c7e8c4307e4e9d01ca0192ecca,delivered,2017-07-06 13:04:57,2017-07-06 13:23:40,2017-07-06 14:07:55,2017-07-18 19:47:47,2017-07-28,ab05ca4c412bff61861b20bce3317230,2017-07-06
5f89fe705a2983c0ebc6f95ebf671c1e,10d8755a2833889b456fa414433e8369,delivered,2018-02-25 00:34:29,2018-02-25 00:48:41,2018-02-27 02:17:48,2018-03-02 21:19:09,2018-03-16,8c8b32b1557043402f5bcb26277b372d,2018-02-25
ff6373dfa00603bd092cb8f6eef3349a,e4b19d0505e3d2d41745132438f0f31b,delivered,2017-08-15 22:55:20,2017-08-16 02:31:01,2017-08-17 17:18:39,2017-08-22 20:45:28,2017-09-11,b98ba306da5f66dea51dbc43a671eb7f,2017-08-15
13aa698f0d1ec97c9fa5dfad0639aa59,d9ee6ed88d9aca023cfc9aa1faccf57f,delivered,2018-03-21 22:05:47,2018-03-21 22:15:52,2018-03-24 01:08:33,2018-03-31 13:38:39,2018-04-13,3ab0dcf2f3738efbf040d9109e77ff6c,2018-03-21
44aa72f4eebc8c0ff7a3636f6369201b,6984aa9651157fa05f5814889e11de87,delivered,2017-06-05 00:11:23,2017-06-05 00:52:51,2017-06-06 09:15:19,2017-06-14 16:48:11,2017-06-29,90f323e9f0948ddd96c6f6a8ecc75830,2017-06-05
1f084ff83b5bb40072e2ffe6f52ec7f2,e84b9343c4d7f0ff33f48ef21b9dc45b,delivered,2018-04-14 00:04:39,2018-04-14 00:29:29,2018-04-16 23:35:33,2018-04-25 23:10:58,2018-05-24,75f129431d530c554cefb23cf1293d92,2018-04-14
cd143ca82dbe97242de86f5cb2c79ff0,5485ef186dddaa07c8a21e02150d4f87,shipped,2018-06-30 18:45:47,2018-07-05 16:05:55,2018-07-06 10:31:00,,2018-07-26,30fb3738881043828d920fe52e7e6af5,2018-06-30
f5f064b225aee545d86cca63757f0bc0,c6a12a46006e432891e81e929a0f042b,delivered,2017-12-13 21:20:12,2017-12-13 21:29:13,2017-12-15 15:19:34,2017-12-19 17:42:34,2018-01-08,b2fda5c6e63de74ec7e21c4d02fc9baa,2017-12-13
0db6dd5b3b3fa8748b570991fca1a79d,7c28b8a36e097889e59fcb967ecafcf3,delivered,2018-03-20 11:13:04,2018-03-20 11:28:36,2018-03-23 05:42:38,2018-03-31 20:12:35,2018-04-06,2bac3922ef0dc13e1c60243b8827c820,2018-03-20
50fb2be4ba420484efb378781afaad67,18207f7808e72e283deb5732177157b1,delivered,2017-11-28 12:05:07,2017-11-28 12:15:43,2017-12-01 21:42:27,2017-12-07 17:54:44,2017-12-18,067c5427b2378f42248a92312c2e9235,2017-11-28
bb00e44342a8d895d7d96bfb88b1dc8a,7c9be4cff0a3734d50e7dba63650beaa,delivered,2017-11-06 11:49:07,2017-11-06 12:31:57,2017-11-08 20:09:17,2017-11-13 20:26:39,2017-11-27,7fadcf53222cf52db5c311cc711b6d2e,2017-11-06
cb0909932c118481a0e44396d80ab2e8,68b476a4ea762d1de4bc7eea1942cc93,delivered,2018-04-22 21:15:32,2018-04-24 19:24:43,2018-04-23 23:21:10,2018-04-24 15:32:26,2018-05-10,e887a80ecfe48b186f02c0cb0cc1168c,2018-04-22
4c7e0a5ac91085b463608e9c32589610,533697c445aa1e22114261e14760499c,delivered,2018-03-05 06:17:17,2018-03-06 03:49:07,2018-03-08 16:26:41,2018-03-14 16:03:38,2018-03-22,453ce07f76948be7ebd8097781d4285b,2018-03-05
2663f91a68c89174d7550cdcdb1d5df3,7824401066ed05d75024827848680f14,delivered,2017-05-31 21:12:24,2017-05-31 21:30:17,2017-06-01 10:49:23,2017-06-22 17:25:51,2017-06-27,dc5c27a2fadcf512851a328cc0d2594b,2017-05-31
deee3dcdb24a546fe11dbf20968395c8,53670c76d6102c1c558d62d6d6346b6d,delivered,2017-12-12 09:34:16,2017-12-12 09:50:13,2017-12-12 19:21:46,2017-12-16 12:44:54,2017-12-29,a3c22bbd3ae5d6200ac82078b67eec2a,2017-12-12
7cb6e4af5a197f3923e8c8358ca71f0a,96a29a72deccaf02a77bdc0930c21f33,delivered,2018-07-12 19:20:21,2018-07-14 04:43:56,2018-07-26 18:11:00,2018-07-27 22:22:02,2018-07-27,a3e4f258972f05247ceb8c995b056270,2018-07-12
d28265eafbe1955982d540b0d2237076,aa4e13fb69ce0c9e456d9f6bb47d46db,delivered,2018-03-03 11:07:25,2018-03-06 03:35:33,2018-03-06 17:46:46,2018-03-19 20:42:42,2018-03-26,72eadb2fd1950044892dac115617c6a0,2018-03-03
f0cd34ba1dce8cb8adc7e3b61fa0bf2e,948d597661f84f3dad5c9075f23fdd76,delivered,2018-03-28 08:24:41,2018-03-30 03:26:55,2018-04-13 18:42:03,2018-04-16 23:36:44,2018-04-25,e6e672ede70da04486fbb08ed54f989b,2018-03-28
9dbf8fe4707946fc762500b1bae02cfc,0b6b3c11e9adac61ab45c4905a1ae766,delivered,2018-01-12 12:32:50,2018-01-13 04:54:50,2018-01-15 18:07:40,2018-01-30 22:21:38,2018-02-14,2892a27b71471ca74b1e623232b93657,2018-01-12
00229e4e43f7a7e0b9dd819ad43268d3,655418b3cc52d17ccb5b4330a7f03197,delivered,2018-03-31 16:41:54,2018-03-31 16:50:11,2018-04-02 22:38:53,2018-04-05 19:02:44,2018-04-26,12d280dc9e8bf7888a3d2a8a8ae74f8d,2018-03-31
a391a925a8abd723d4bade209c7c90b6,e1bdfcb8fc8d84fac9f5486f89620397,delivered,2017-12-20 16:45:26,2017-12-20 16:52:29,2017-12-21 17:42:35,2018-01-04 01:13:03,2018-01-15,2f8d44732d8236c432872137f4877fe0,2017-12-20
8283cb8792b84009b158a085333ee8b3,09f548315be5f30a9610b83ad933aaf1,delivered,2018-04-20 08:18:07,2018-04-24 18:14:55,2018-04-23 19:21:04,2018-05-08 16:35:47,2018-05-23,c1c2fffe3d49911803df2e157bee7aa0,2018-04-20
bc7de38480db075d6d2688333888e8f5,e51eb6ff135391a371b5a03a800d27d1,delivered,2018-05-31 09:04:01,2018-05-31 09:15:08,2018-06-01 14:11:00,2018-06-13 16:41:04,2018-07-04,1c0786e4b64a24f5f32c73509e28cad9,2018-05-31
3d31baf1573b52990d33a1f9d2f03ce5,5d5a1f726e41c476ccc0b8142a8c8251,delivered,2018-05-01 20:46:25,2018-05-01 21:12:05,2018-05-02 14:06:00,2018-05-08 00:48:47,2018-05-29,caa42710643dcd005ab81ab811ae3c45,2018-05-01
c2eaa6cab239c2145886f8311deb6249,bdaafa758b0018a554a5eaf1beb39ac1,delivered,2017-04-23 15:05:25,2017-04-23 15:15:20,2017-04-24 13:20:27,2017-05-19 16:29:55,2017-05-25,1cd36d3975212d275a6c9ec042e75a27,2017-04-23
89ad3e3edbff23042463f6b6adc8eead,afd69f75ba9d687b7fdea79ab3ccbbb5,delivered,2018-02-07 16:32:15,2018-02-07 16:49:34,2018-02-09 23:33:47,2018-02-14 22:32:18,2018-02-23,9b05e01ea14c37ec8ec1e8ff17b5e37f,2018-02-07
898ded7ecb1e4d92997856bd8b7a8aa1,c8f6c692a4e62702f5e636d2865dd447,delivered,2017-03-21 20:03:16,2017-03-21 20:03:16,2017-03-23 15:14:24,2017-03-27 15:45:50,2017-04-07,79e851e4fdc2640958d35d9a8928212a,2017-03-21
55dfe839c1db3060005158c694bddb4e,292681415e931a252f86297c5623c48b,delivered,2017-11-29 15:56:22,2017-11-29 17:11:40,2017-11-30 23:07:32,2017-12-10 16:51:28,2017-12-19,35e90cf516bcc88ed5f253807c93bd35,2017-11-29
51e88bc351dd268bb9c9e78d263c4a06,0e203af4ca880dcead36325e5e0c2ac9,delivered,2018-03-07 15:32:34,2018-03-07 15:55:46,2018-03-08 23:14:24,2018-03-09 23:48:20,2018-03-19,8e09c50dea96005f5da717dc83d4ccd5,2018-03-07
5c854b6c34734a14492237ff34e32a60,2d8731e7ce6a7eb2471b2ea33aa66cf4,delivered,2018-01-08 20:13:43,2018-01-08 20:28:12,2018-01-17 20:06:00,2018-01-29 21:03:34,2018-02-07,ea29c9b677f3d880590c7011ac06314d,2018-01-08
f09e36e258656850b92657ac5f67b6d5,77a34d46f6ebd1dcb9b4df9ae5739226,delivered,2018-07-03 12:37:02,2018-07-05 16:25:40,2018-07-04 09:56:00,2018-07-10 10:24:34,2018-07-24,44eba5de8af60ec8b057ab4983f0868a,2018-07-03
3891ed2dfed1d43066ed7d9f188ad89e,d7bd9851956e423274945459c4ec7af8,delivered,2018-07-18 16:19:51,2018-07-19 16:15:12,2018-07-20 10:27:00,2018-07-30 16:56:23,2018-08-08,20c983f3374bd68264a892c145d2c2d4,2018-07-18
87371766ff552cec9566f0c892cb061d,046ca7ad3a85cbffda0372a4af0c8855,delivered,2018-03-01 09:16:26,2018-03-01 09:33:15,2018-03-09 16:01:45,2018-04-02 20:22:02,2018-04-20,83ccc88c511948a2ff9399d0b877518a,2018-03-01
21d83e75dc0edc8c7aa58b4370a3518a,a5dc43bd2a1dfae692b0597e2446fe29,delivered,2018-07-23 14:09:42,2018-07-28 23:31:12,2018-07-24 13:59:00,2018-07-30 16:58:37,2018-08-08,9e745e64aa72640b9745909228e2f428,2018-07-23
68a6a32c41cd1cfeab8e2e1507813e84,4b7d83b919310b17588c79823058ddc1,delivered,2017-09-25 04:15:28,2017-09-26 14:35:55,2017-09-27 19:42:39,2017-09-28 15:10:38,2017-10-11,aef6803b43d352543dd10446b4a7402e,2017-09-25
88356c5bbc83ec0e1f10866b51b33342,68d33255dae222bd6b4d4ccb0baebed0,delivered,2018-05-22 12:43:25,2018-05-23 02:38:19,2018-05-23 13:16:00,2018-06-01 19:29:31,2018-06-12,eeea4713a0f6afd86c3dc091ada56fef,2018-05-22
c9ad6eb320a7ed6a0a66b48ed02429b3,5b1017ab18dabf58d2c39064ccc89816,delivered,2018-06-18 16:33:01,2018-06-18 17:01:48,2018-06-20 15:42:00,2018-06-22 18:02:47,2018-07-03,6db6d87578967a1601d8d739415bc38d,2018-06-18
ed547e006a962def50f36ec5cedbe46b,5faa97d81dd17e0a1d02cf6bc4186dc4,delivered,2017-11-09 19:46:59,2017-11-09 20:08:26,2017-11-16 18:09:13,2017-11-22 00:16:46,2017-11-29,caff2c3cb6392c271bdd7434ac45728d,2017-11-09
ffa378a0d8e871367fbe51bdd9e12a1f,c974a02d47734b7ac9c18ab828e318fd,delivered,2017-09-22 20:17:03,2017-09-22 20:30:15,2017-09-25 14:21:55,2017-10-03 18:23:18,2017-10-23,f88f3c1ec474de5d178ad867bed0c129,2017-09-22
2dc3f680b2788d38f7162482b575e41a,279d7e599187f21cbf7e392f51be0797,delivered,2017-03-15 23:37:32,2017-03-15 23:37:32,2017-03-20 15:21:01,2017-03-28 09:58:03,2017-04-11,366d439bedc1c714fc7627dc9f987aee,2017-03-15
adeaede19791cc3d2eb6f340a6249aa7,f718a2c31336e1bd948bf62c2424ff62,delivered,2017-07-03 15:10:37,2017-07-03 15:24:26,2017-07-06 13:06:51,2017-07-12 20:32:29,2017-07-25,1ae30e98d81bdf991fa25b52b8142308,2017-07-03
84f58fa486ce5cc8fcc701d211e80749,b785d2314d0f934135d9fd1725230f6b,delivered,2018-07-16 14:13:14,2018-07-17 04:15:18,2018-07-17 14:16:00,2018-07-30 15:02:45,2018-08-09,b94205142c3fe115e026b537556c750f,2018-07-16
9a33a8e80401e0190e9299a6547b5723,0e72c974940e1711c77d62de89ab0083,delivered,2017-03-04 15:54:18,2017-03-04 16:05:15,2017-03-07 06:57:58,2017-03-13 11:54:09,2017-03-23,93096ff32791874cc10203c670b6c065,2017-03-04
030475e22d114f70be1a265fee326192,09fdefd1702f72c144ad0de71d639900,delivered,2018-04-23 16:06:44,2018-04-24 19:10:38,2018-04-24 16:50:50,2018-04-26 17:24:47,2018-05-16,84ca535d59fea2119e5a15627cdbc1ca,2018-04-23
697495e65867be26f25a3b5df26fcdac,d688c4f6c5a3cbf5d750cfffc6197da9,canceled,2017-10-21 11:08:42,2017-10-21 11:21:20,,,2017-11-09,fe19cddc4dc6f64d8d1733e854bbd9cb,2017-10-21
aa41daf4827f0e42287245f7467a6d6f,36cba08df023967e12f8bfdea7ea2a65,delivered,2017-12-11 15:36:12,2017-12-11 15:48:58,2017-12-12 16:23:32,2017-12-27 20:32:14,2018-01-09,324aff19bfd305d68b252b84fd0cab28,2017-12-11
092ae7e7141e3d69ecd0935d97e14fd9,6e27bba7912469fdd0527f2c6c8ea100,delivered,2018-01-17 09:19:54,2018-01-17 09:31:07,2018-01-19 20:35:16,2018-02-08 22:43:16,2018-02-16,1fbd81e4d0a0cf9125ca038b43533b7f,2018-01-17
79779a656c87065c8e3ff7f7510e08a6,6e005a23cbd5b225652526efebc0df26,delivered,2018-01-04 11:15:38,2018-01-05 02:37:50,2018-01-08 20:50:27,2018-01-19 21:07:22,2018-02-01,145ec316f5428699441bb4e42ee44280,2018-01-04
7bcb99610f15bdb8d701787bf59f0c25,583261b06de4aceabf4be22bc6885c70,delivered,2018-04-28 16:42:13,2018-04-28 16:53:34,2018-05-02 09:17:00,2018-05-09 18:18:35,2018-05-23,a6155038b33cb1cc9ee39e606dc2bec6,2018-04-28
31757b95c65bd61af1af6d30103b64cf,b27076fa2b6253d80d3e3cfc6b4427ca,delivered,2018-05-09 14:09:43,2018-05-09 14:30:51,2018-05-11 14:21:00,2018-05-22 16:54:36,2018-05-29,70427fab453fbd1bb2c7275c8ee829df,2018-05-09
bc77707b484afdc5bc5fedbdac867746,2f82fb3939b9090dd4888bd6236b46ec,delivered,2018-03-14 23:01:45,2018-03-14 23:10:44,2018-03-15 18:48:50,2018-03-16 19:42:28,2018-03-26,625b6988ab932e021d1ecb5513982879,2018-03-14
ba4fc1372578f794d63fb9eccd7fae96,d4e67127174931f5332ed51a264cbde9,delivered,2017-05-08 09:20:20,2017-05-08 09:30:13,2017-05-09 12:44:38,2017-05-15 15:41:29,2017-05-31,23801a820f65e04ffb24bd31081857eb,2017-05-08
871294c2faf8ee65dace13b21512735a,51a88ba8580d25bc1185deff1d221521,delivered,2018-04-04 16:05:12,2018-04-04 16:28:28,2018-04-06 22:07:37,2018-04-07 13:41:58,2018-04-16,66f08e716d89321277d31af853632bad,2018-04-04
e08ebbd3a910e30ccb05aa241e9243fb,535fbb8e6f9ead96b1271ca6f2945712,delivered,2017-11-30 11:03:17,2017-11-30 11:52:41,2017-12-04 23:47:54,2017-12-11 23:47:11,2017-12-29,4ef56939b2900349782db808e4e1737f,2017-11-30
a5d7b9827699ed17c944d69a172c7820,0e7bbce8bd341be0316b6d744c10e5ce,delivered,2018-06-10 21:13:25,2018-06-10 21:37:20,2018-06-11 14:53:00,2018-06-12 16:34:26,2018-06-21,c7ff3e3c105b08077878fa5d06988e05,2018-06-10
940e896188811aa2bf507e26b3af6f14,74d12506558a6bbbde586458f73d328e,delivered,2018-05-14 22:04:44,2018-05-14 22:37:31,2018-05-15 13:42:00,2018-06-04 16:58:33,2018-06-14,923ad45645d9f88cfe41814d2a60ca21,2018-05-14
9b015744ffb8748e8888aa87144186a1,b7fd83bf8017a1700dda8bcc37199759,delivered,2018-07-02 21:40:58,2018-07-02 21:55:18,2018-07-04 15:13:00,2018-07-10 15:14:50,2018-07-27,6bce7bc0805ad41e7a88892711c1ed3c,2018-07-02
c15c84efefa2c82591783d3685003286,bb805786687f8b1fba003c8705a6d1a0,delivered,2017-04-22 20:34:51,2017-04-25 08:05:16,2017-04-25 10:55:49,2017-05-02 16:31:56,2017-05-18,1e4b7a60084f3f7470f48ce3332f3d94,2017-04-22
d1e0427b410886678a52f73caa44e264,1cd22e66beeecc44840a7891d76b13d0,delivered,2018-01-16 01:18:59,2018-01-16 01:33:01,2018-01-18 01:09:16,2018-03-05 16:53:18,2018-02-09,0d332bf04a40163ca5b88413815acbfa,2018-01-16
2a289c7b780d648ef3ff20d647ea1a16,58703240866cb2bb2a44139147547da5,delivered,2018-03-27 21:44:00,2018-03-27 21:55:15,2018-04-03 20:35:25,2018-04-06 23:09:32,2018-04-16,65c03273e96d017abdda1885fc6e443f,2018-03-27
59fcd6efd47e8f61ca7c5d872abe3ccf,dcb29962ced40715479284011d7442f0,delivered,2017-11-04 21:07:29,2017-11-04 21:25:28,2017-11-07 19:17:04,2017-11-21 23:21:19,2017-12-01,e7421fd9e84363b840f3ef9d6e879b4e,2017-11-04
f7f4144d75e0bde023714f0d78420e61,872509846f6e77a52fd53369bba3676b,delivered,2018-03-16 19:33:53,2018-03-16 19:50:47,2018-03-19 19:08:36,2018-03-26 18:23:22,2018-04-10,2df8b3bb883ce134716dd917b8abc25a,2018-03-16
46095dff98fab25f0cb4306a0430612f,87b3a6c0358691775bad9e0c6d0a2414,delivered,2018-06-29 19:01:22,2018-06-29 19:10:41,2018-07-02 12:27:00,2018-07-09 10:32:34,2018-07-27,d39e78d001bf25ccc163af70350ea793,2018-06-29
f1724bba252ecf9cd468ae63c9a6adb0,28d9a702613516ecece8a13f7b015026,delivered,2017-12-12 22:01:00,2017-12-13 12:12:26,2017-12-14 19:12:37,2017-12-19 20:19:05,2018-01-09,58919c8cfbefaea2281d9c456720c13c,2017-12-12
b6373737638442df0342f512435488df,978ba8a51afaa684218215143672b3cf,delivered,2017-12-05 02:27:07,2017-12-07 08:31:58,2017-12-09 00:09:38,2017-12-16 00:38:39,2017-12-28,b6a6cb3d9227fe30eccd7fc0283f983b,2017-12-05
c26d364add43c6e2d99740f5a8b0b559,f3a5b428e2be1a4e8ddfbeec1a26825b,delivered,2017-03-21 18:36:37,2017-03-21 18:36:37,2017-03-22 08:38:38,2017-03-28 15:34:53,2017-04-11,938ab7f17abf648aa2a56779c6df3cc9,2017-03-21
330e3148093b448657312bcab034f769,ee244c97a7af81c9e54f576bd433b07d,delivered,2018-08-09 15:29:23,2018-08-09 17:15:23,2018-08-10 15:00:00,2018-08-20 23:04:52,2018-08-21,c6660f67aaf7a9ce2cefd58fc021f45d,2018-08-09
38d267f455de107fb8f352cf99d2042e,20a459f06bebee6460f9b18bc196998e,delivered,2017-02-28 16:11:51,2017-03-02 03:45:19,2017-03-02 09:10:04,2017-03-09 16:32:22,2017-03-22,abdba04f4171f0055199d2c3c09c1dfc,2017-02-28
03104945dce5c57f748dbb3dbd62daeb,015f98a7155c15075a5f77a37a8205ed,delivered,2018-06-27 22:22:24,2018-06-29 02:55:20,2018-07-04 13:07:00,2018-07-10 16:41:18,2018-07-20,d2e995b81ab48e84663e3d04383cb3f1,2018-06-27
27a9505321037616d2e112a11760adcd,d4326e5beb8116efdcdc71e8299a7476,delivered,2018-08-15 09:22:37,2018-08-15 09:30:17,2018-08-16 16:05:00,2018-08-17 14:44:56,2018-08-20,4959bd250fc12ae68ecc707331565abf,2018-08-15
e97dd3d6f4710b02abf24319dd9478cd,2bfe408af241d0a1274a8479bdf8cab8,delivered,2018-03-13 20:54:50,2018-03-13 21:47:59,2018-03-15 00:41:42,2018-03-20 16:36:26,2018-04-04,c5476f1b15d8f1fd5216a1ac27facf3b,2018-03-13
3cda13d682be73f01bd057ed2a998c86,c87858edbf69dc16344e313cae72b375,delivered,2017-06-08 09:05:20,2017-06-08 09:15:13,2017-06-12 13:16:19,2017-06-14 16:59:59,2017-06-22,11eef40cbc0b135c810e14bb7e4afb55,2017-06-08
f8996cd2f7dd93f511ff71d336e510dc,77818db62605ed275a3f2b060e215ca0,delivered,2018-05-15 18:10:51,2018-05-15 18:34:53,2018-05-16 11:04:00,2018-05-22 15:26:53,2018-06-01,9aba0d42b6ed910084741d289ce8e34d,2018-05-15
cacd456511570f43f9f06e36aaec8608,9c5afe2cef64bd96f36e06b23aa7067b,delivered,2018-02-07 11:13:03,2018-02-07 11:31:14,2018-02-08 19:36:00,2018-02-20 18:43:11,2018-03-08,b4b4e3fa657ba4ad44f874d6e0cac1fd,2018-02-07
abe8ef4e8c937aee88261fad3b80d503,f2c3302338d8e1d5293b47105382bfc2,delivered,2018-02-27 20:12:16,2018-02-27 20:28:58,2018-02-28 22:58:53,2018-03-13 20:21:16,2018-03-27,2177d3f6b642082495fa4be219205596,2018-02-27
101827c549fffc0725534eb293f31af1,d95c5b9690c44ea8e2ae8dd3a33d314f,delivered,2018-03-21 15:12:10,2018-03-21 15:27:49,2018-03-22 20:32:28,2018-04-05 00:31:21,2018-04-09,f5e633c9f94ae9d855af46d36ad335ac,2018-03-21
776013dc5bae5b16f29f4b98e694cae4,d2dd0d296120bd8886f775860bd3a3cd,delivered,2017-06-04 20:04:17,2017-06-06 13:15:19,2017-06-07 13:01:22,2017-06-13 11:26:35,2017-06-26,5071f48f7bba6a9d3eb05ffddb0aa2f5,2017-06-04
e0f9660f398f606fc4326973728ad4cd,c88ab5ea9550d93be4e31243c7c8b7a2,delivered,2018-01-24 21:57:44,2018-01-25 07:14:17,2018-01-29 18:28:33,2018-02-02 23:36:38,2018-02-21,37d2d1ac62901f9a36cff32ca86c9337,2018-01-24
90c3dfda1a11b888a187ae2ecc55645e,d63e2accfa24bb994c545dc9298368ec,delivered,2018-05-01 23:08:31,2018-05-03 04:52:34,2018-05-03 11:11:00,2018-05-11 19:11:12,2018-05-25,0d6f2bc552027324ebef5df521b6f750,2018-05-01
ddc7f4a64323c9c3bdbce657dc3e9973,452f796f89f55ddd140604f18d4c1228,delivered,2018-01-07 13:06:13,2018-01-07 13:15:32,2018-01-08 22:08:41,2018-01-11 21:43:38,2018-01-29,8084d1fef49a370aef555ce46d442f8d,2018-01-07
1239c47cd51a11ce6c5b16e84517626f,e54e4e978ca8efd46143bc9df0cd09c4,delivered,2018-05-14 20:30:36,2018-05-16 02:35:41,2018-05-17 15:10:00,2018-05-19 09:51:51,2018-05-24,67265226f63e74594af1c9631cbe2be5,2018-05-14
93694762710b53132d45f1a0aa2d05db,6796f2c7525a512caa5c2ca49edb1e0f,delivered,2017-04-16 20:13:57,2017-04-16 20:21:41,2017-04-18 14:51:34,2017-04-21 10:43:30,2017-05-10,ee08771981480b6860b836946b42630e,2017-04-16
c5a1b0ee6416312709869716d1c54d73,0bd4b2650d06ce9880370c6b5e4ff2b6,delivered,2017-10-09 11:56:16,2017-10-11 03:49:22,2017-10-16 21:14:13,2017-10-19 22:22:01,2017-10-27,1b231a7d116418a1a0becd7b0a9a6e28,2017-10-09
e37a0ddb7818d37e517904371d679c74,de01eec4ab351f4bbe94b38e8d1e9c45,delivered,2017-05-02 07:55:06,2017-05-03 11:32:11,2017-05-10 12:46:06,2017-05-18 15:14:06,2017-05-23,109d254fcd1889f22aab6e6f070ae66b,2017-05-02
bb70cb558d0783914c5ebb0c37330776,96368b660b3b57393e669836011087ee,delivered,2017-10-09 07:33:36,2017-10-09 07:49:08,2017-10-09 22:16:19,2017-10-17 19:56:37,2017-11-08,f090bc718c8e695fed3f714dc62c7755,2017-10-09
d876b34afec9a37354e30d656829878d,2d4aaec26c7137baf5818598fda371e3,delivered,2018-01-25 19:48:57,2018-01-25 19:58:29,2018-01-26 23:43:59,2018-02-07 21:32:54,2018-02-23,9fee136dfd3da1f7f437eaeab286aa35,2018-01-25
0010dedd556712d7bb69a19cb7bbd37a,3a92efdb6e6163dc1734d44f2f5f6d04,unavailable,2017-10-21 19:32:06,2017-10-24 03:25:32,,,2017-11-03,a77550dd00887c5bb24100ccbd08cbe9,2017-10-21
b8b61059626efa996a60be9bb9320e10,5d719b0d300663188169c6560e243f27,delivered,2018-08-07 23:26:13,2018-08-07 23:45:00,2018-08-09 11:46:00,2018-08-21 22:41:46,2018-08-24,b84dc68f02f122a88d7e7bbd37b06204,2018-08-07
70f427024dbea24f9d879d8fd7d19df3,ffb9d77106a6c70e8853d213c7ad8c6f,delivered,2017-11-06 16:22:30,2017-11-06 23:32:05,2017-11-08 21:08:51,2017-11-09 18:12:18,2017-11-17,7a717553d8ea2eaf29cace2e5876f634,2017-11-06
a032ccc7ae1c571488bce168f110cdfe,0861d5de0f6df826e07bcd0e0d6a42d6,delivered,2018-04-22 14:10:33,2018-04-24 17:21:41,2018-04-24 21:44:29,2018-04-26 22:11:00,2018-05-14,63e8fedccd20496b627fed7b76f35648,2018-04-22
4384f8a8c60174d1823e74933e466c12,9231d5ded2fb3c2edcf6fa260e417206,delivered,2017-04-28 11:13:16,2017-05-03 15:33:28,2017-05-04 15:26:35,2017-05-16 13:47:40,2017-06-05,139ebd12e94d4dc11467034049d3b68b,2017-04-28
3af427dfb9464cd660ac27292bb5d30b,296fcaa5fafeccd48433a91f4019d99b,canceled,2018-01-30 13:28:14,2018-01-30 14:21:31,2018-02-01 01:58:41,,2018-03-01,d971d35a1a557c99d244f04f838f1c54,2018-01-30
3e01fe3c29238179f003bf1c3445bc34,f18d040315191e5cb9496d84186075b0,delivered,2018-07-28 13:12:19,2018-07-28 13:44:32,2018-07-31 12:46:00,2018-08-02 20:47:43,2018-08-16,645e62428b52293c8e00a13b23237b0a,2018-07-28
ec63c198f700051fb0a74c40a757af0e,a1ebf55f38ab9ffa56b94b524a291c6f,delivered,2017-01-21 14:00:52,2017-01-21 14:10:17,2017-01-23 15:04:00,2017-01-31 14:56:08,2017-03-02,b69dceda4140ec6092310b44df4c3962,2017-01-21
2ce81d16edb6568f5ff5b9ec2e5cb4b7,a2a5fc7e8fc7e880cd68a9768b8caa22,delivered,2017-12-28 14:45:48,2017-12-28 14:55:33,2018-01-03 23:23:01,2018-01-08 16:28:42,2018-01-19,5f06305669978008c33bcdcb76b6d194,2017-12-28
028116828b6e9f2b8070f1c4f66c68f0,8f0352cfaa71a939a2aa8dfc4b4165fb,delivered,2017-11-16 12:30:43,2017-11-16 12:50:45,2017-11-17 14:18:29,2017-12-01 18:09:55,2017-12-12,b9985168e18b03feef0dcfa99e65fc4e,2017-11-16
c557d8e5e437bc8ab2f3240b65a97e27,979896ca231b5548990a725e2ad5773f,delivered,2018-08-18 15:11:40,2018-08-18 15:29:51,2018-08-23 17:10:00,2018-08-29 19:39:46,2018-09-03,81098a634d4eab46ab9fbd0df37e52bd,2018-08-18
5f40a2492ceef8196dae8b163a97530e,d74802c9d51f1b7325b03f595ebe85e6,delivered,2017-06-13 21:11:56,2017-06-13 21:22:42,2017-06-19 08:10:14,2017-06-23 12:55:06,2017-07-10,60fd60692eb28ef0d4bbf5a54497ff56,2017-06-13
2b98d5c9b1969095e65f74308ae2e861,640e434ec3d0792f339955ac55798c63,delivered,2017-01-26 15:01:45,2017-01-27 15:31:33,2017-01-31 16:24:59,2017-02-06 11:04:25,2017-02-20,ab3ae2b67d11f63dfd9ee1899afda3e4,2017-01-26
8612cf18484bb0bfb9d98a7e1ed2766d,2a4f46deb28e6867b88c553c355ea34a,delivered,2018-07-04 00:53:40,2018-07-05 16:32:47,2018-07-04 12:09:00,2018-07-10 15:57:50,2018-08-08,121c07493c505cd381f53240c2161f73,2018-07-04
7a43bbe9766ce937332b6f9dcba36715,190e309dab6cd148ca0c5e7ada50ec23,shipped,2017-11-02 13:24:21,2017-11-04 04:25:14,2017-11-09 19:21:47,,2017-11-16,0029bd580d3012618731f5abb174a07f,2017-11-02
549a64c18685183a33b68184178807fa,34bbcae303fcd2a8e8a9d7493e01e745,delivered,2018-03-31 20:55:30,2018-04-03 05:48:38,2018-04-03 18:48:20,2018-04-13 12:04:45,2018-04-24,42df399104cb9e5e0f515284172de411,2018-03-31
fea759da1fbb4566e226c7bb2c257a5e,c6f8c11c9f6efe1a3d4f9e5e65d1e01a,delivered,2018-04-01 19:42:09,2018-04-02 19:35:18,2018-04-03 21:05:26,2018-04-16 15:07:50,2018-04-20,4ba684652def961d0506bf2409bfa1f5,2018-04-01
26e3479944a2474469bd497d2b01ab24,1783f6be6ff423505459462e62ba6482,delivered,2018-04-29 20:28:46,2018-04-29 20:54:25,2018-04-30 13:30:00,2018-05-08 17:08:57,2018-05-21,89ddfc7ce3ad8a841056475bcab7665b,2018-04-29
86efb185d971175118f61d7dfe86ec8b,bee372538e9a8298215a97ea9bc0f520,delivered,2018-03-12 09:49:18,2018-03-14 09:35:24,2018-03-15 17:07:00,2018-03-29 11:06:57,2018-04-06,512088ab9401e9c88db7e133824cc835,2018-03-12
a68a639ac918e408ed684ffd22872fa6,e0a720da8f7baff1febdb14dcea01314,delivered,2018-03-25 01:59:41,2018-03-25 02:15:23,2018-03-27 20:19:02,2018-04-11 19:56:28,2018-05-03,90d34459c756725584b24310ed70e74a,2018-03-25
1da5fa1f1507745c40e2aefe0b6941e7,8f65fe07942611b5c45b5f81fc057819,delivered,2017-11-24 21:43:41,2017-11-25 01:31:22,2017-11-30 19:21:36,2017-12-14 21:05:55,2017-12-18,b9b0fb8f08c8b9b00cdc7cb2afaa6a1d,2017-11-24
e5529743a1c280328cb7fa14a08b69dc,c4cee4edee9d85a78db3eb7990444595,delivered,2017-08-22 12:09:09,2017-08-22 12:26:31,2017-08-24 19:05:10,2017-09-06 16:43:16,2017-09-12,7c61cd692de43ac73e9f036d3a338c93,2017-08-22
3eae7531a136877d61e1aaea2684fcea,b10fcf9afd1931e287eb39e53041e6cd,delivered,2018-07-01 18:03:34,2018-07-01 18:15:15,2018-07-06 09:58:00,2018-07-12 18:26:42,2018-07-26,0361e980b28826f4d286ac144d9b319a,2018-07-01
808beec7603db80bc6a975bc9f509814,29cf3c28e1ecbd9ef408aea337cc344d,delivered,2018-05-27 19:17:18,2018-05-27 19:35:17,2018-05-28 14:02:00,2018-06-19 22:08:48,2018-07-13,e99cc1c08c2eca1227947f2d9bbce6b8,2018-05-27
dcc687639a7cb64baa13932efcd03265,15b7abd0109cfe810a9200fb799d5506,delivered,2018-05-07 10:22:24,2018-05-08 20:54:48,2018-05-09 16:32:00,2018-05-21 10:23:46,2018-06-08,e9b18b79800dbe00f5e5fc39563515ba,2018-05-07
21818c420ef980f72b5ef46606977cf9,33e459b53bac5c141d0256c11d4ddfb3,delivered,2018-03-26 16:05:01,2018-03-26 16:15:15,2018-03-27 19:10:57,2018-03-28 20:21:19,2018-04-06,0ae994d8f10440e53ca00da6ed0080f5,2018-03-26
2b14839ae891517dd0d253279ac79b0e,195723bad1cadf0ee55cf2c9269365f0,delivered,2018-02-14 21:02:25,2018-02-14 21:10:47,2018-02-15 19:42:59,2018-02-28 00:18:41,2018-03-07,391ab06f2710fd604e7a4ad398e71fd5,2018-02-14
982e90afe2a0e9a5b5b69165a47c3a4e,33ca2d3705d8c3d3aa3dc1ffd96a988f,delivered,2017-04-26 20:26:10,2017-04-26 20:42:27,2017-04-27 09:11:29,2017-05-16 14:57:51,2017-05-26,aed997dc0ad462598f1b93bfd133a803,2017-04-26
72effeb8a2be92644dddb7dbf5df144a,e75e3f20be32a23e4cc20abb982fc31a,delivered,2017-10-09 17:40:38,2017-10-09 17:51:56,2017-10-11 17:42:32,2017-10-18 18:22:36,2017-10-31,9e527c9bc89a4228e5d8e136712ec63e,2017-10-09
3643f070f0ecf3a35acc73cc863b296f,7d8a11e0bc1b9c10f2fdd908a43634ee,delivered,2017-11-05 07:21:55,2017-11-05 07:35:26,2017-11-09 19:33:35,2017-11-16 23:58:48,2017-11-24,1f773c8d8bfac690beddb97b2864f74f,2017-11-05
f0bf41cba5c2794ccebd7ab9a6abc27d,4855e1a8df391a0df190b042f84da0bd,delivered,2018-04-16 22:45:21,2018-04-16 22:55:18,2018-04-18 03:22:42,2018-04-18 20:03:28,2018-04-30,de1fc6d7bb796ade9bb07f09b26a4760,2018-04-16
8426c20fc1f780e653122762baef129e,e432b25f546d2cc6643c25d070e75c62,delivered,2017-12-16 00:58:56,2017-12-18 16:33:29,2017-12-20 21:27:13,2017-12-27 21:18:39,2018-01-11,29e193653eb2ef45eb844b811fa9ae76,2017-12-16
097d6bb9430467d7744c857f5d023959,1844a112247f91a8d724251978df5a4b,delivered,2017-11-15 11:53:35,2017-11-15 12:16:24,2017-11-17 21:38:31,2017-11-21 21:58:16,2017-12-04,e676374dc48b33937946cd746169efc9,2017-11-15
677baf2124c367847775baafbd4d609b,4dde8f4b64e3c3584c9edf5fc3bea545,delivered,2018-04-27 16:40:51,2018-04-27 17:11:41,2018-04-30 15:03:00,2018-05-09 21:22:53,2018-05-11,5cfffae5168fae18d2895821700fdd02,2018-04-27
728935946b7371d6bf3c484ce0ad4ff1,8c393e4cc8dd59ba1438662fce873576,delivered,2018-05-07 21:23:40,2018-05-07 21:35:27,2018-05-09 14:05:00,2018-05-14 10:48:41,2018-05-24,63a38ce80169b75f5b2e1133b7300f09,2018-05-07
0baf99fae5355ac5c8b31a2d33fd830b,c3d289c17f8f7ff380061f524006e8ba,delivered,2017-05-31 09:12:51,2017-06-01 09:05:13,2017-06-02 09:04:44,2017-06-08 14:54:26,2017-07-04,fba04af40339d62dac17dd468283cca4,2017-05-31
c58da945b58d132163a5b7c3b0312903,dd57b93c16ea6beea83d08c466fa6dcc,delivered,2017-10-30 21:22:26,2017-10-30 22:31:40,2017-11-03 16:04:04,2017-11-13 20:54:42,2017-11-14,73ce91b4d6d80f326d0c1488d2566294,2017-10-30
dc8cf8a0844543e3cbebc3917b08d00f,be0c739d184760c9effb409a317c2cc1,delivered,2017-09-03 16:56:11,2017-09-03 17:10:11,2017-09-05 18:21:56,2017-09-18 19:35:49,2017-09-29,1bfe8c34e1bda76d0858abf02e1c9288,2017-09-03
d62e59ee0c5020813dbe50f9204b9a26,7a8497861d01f7d387a2ad4d4504d6b9,delivered,2018-06-26 11:17:35,2018-06-27 08:30:06,2018-07-04 09:21:00,2018-07-06 14:51:59,2018-07-17,9036fa718c14d2e4fc114c6287cf6958,2018-06-26
e95f655fc4bb105e8915ab28d7bd0ec6,8188c6a1010d4c1a47201638633841dd,shipped,2018-04-07 20:46:32,2018-04-08 20:50:08,2018-04-09 21:47:37,,2018-05-10,0457c7b5e5e3ee94c7f8763bd37cb072,2018-04-07
fc6fa7fa7977262db8df0b27a56474d8,3c3652ffccad55c942f2f2f2f67a6d78,delivered,2018-03-07 18:34:51,2018-03-09 03:00:36,2018-03-09 19:51:44,2018-03-19 19:19:51,2018-04-10,bd5fe79380ff2004f6a3de124d0acd72,2018-03-07
168181560f9cbee863926c0d0957c56a,af05ae9632b87952d4e679eaa389046e,delivered,2018-07-27 15:27:42,2018-07-27 15:44:29,2018-08-02 12:54:00,2018-08-08 16:18:45,2018-08-27,e1ea943624e04d56d0ba78fe67955871,2018-07-27
0c51a7661156c6f9ae61b33610dca175,84dc684f01a447dec8a0f76530e5894c,delivered,2018-08-26 23:31:24,2018-08-26 23:45:08,2018-08-29 13:03:00,2018-08-30 21:32:38,2018-09-05,82b862f7fbe153bcf484ecb0fd37899e,2018-08-26
5e594c0fba46b4a42cc7b766fa0e06fe,f7336014fe3c048b2057b456ca3808e1,delivered,2017-05-12 19:10:20,2017-05-12 19:25:13,2017-05-16 08:18:55,2017-05-17 11:38:25,2017-05-25,8e32310cd8680055b791dbb7bdeec377,2017-05-12
0711187b308dcd4265872d4d1b565b06,759f9fb2ea5a4a789bf67139e484cb1f,delivered,2018-02-25 19:25:59,2018-02-25 19:47:54,2018-02-27 22:22:48,2018-03-09 13:26:28,2018-03-21,e0c7360b47451a14fcc4be34b0c0db3e,2018-02-25
931e76c33f2109e760025ef697884eed,895ebf13f70811385a4922e54c182404,delivered,2018-06-14 23:41:56,2018-06-14 23:58:28,2018-06-15 13:35:00,2018-06-18 13:31:07,2018-06-26,006c10bfead12ac8d90486fb4ce4e603,2018-06-14
fea313ef8be419d678a5eb321aa4dd24,3394021d3c7269b7e27caedaf7af8ef9,delivered,2017-05-16 17:04:02,2017-05-18 02:22:49,2017-05-18 10:50:10,2017-05-19 13:33:56,2017-05-29,474e6f9015656d6c09a2f572c8c64ec2,2017-05-16
329b935dc9e117a0a15ea77fba51e1e5,b9015afeee771af91d383074b2bbc3b2,delivered,2017-12-16 17:28:20,2017-12-16 17:38:26,2017-12-18 21:32:26,2017-12-19 12:06:15,2018-01-05,8b23ded17eef570d6379720599a84dad,2017-12-16
52984a3dc9ffd08f55fe620d03675067,6f383780e8c8bbe7dcb5256bb2d488e6,delivered,2017-11-24 23:26:26,2017-11-25 02:19:30,2017-12-02 00:05:51,2017-12-09 00:32:08,2017-12-14,1b17e5736d73b909e1ad732e6803f427,2017-11-24
e48b8d245a4e83db60a76367fe7ffad2,041d75798215fd7ebffd6cf6b60bfac5,delivered,2018-02-06 09:58:36,2018-02-06 10:11:42,2018-02-09 21:12:59,2018-02-21 15:47:43,2018-03-02,c65c00821ee53529813242267de045dd,2018-02-06
e51d5fd82a186a64728b4de03b0fd8f8,079bc1808c0fda17593c5642b429bee7,delivered,2017-06-16 14:55:45,2017-06-19 08:25:05,2017-06-23 08:35:49,2017-07-03 18:45:48,2017-07-12,302c1a15f1ada723f22801b30293cde3,2017-06-16
1a6c3832fcc2947c38b41bd24fe0201e,91bb67066c8638f483d7e2e5e277389f,delivered,2017-06-30 15:31:51,2017-06-30 15:50:15,2017-07-05 12:00:33,2017-07-18 17:53:33,2017-08-03,ebf5d0fbcb0d1b30d6a8bd27052fcc62,2017-06-30
b3a2d97ad344891edc2cd82ea19c2d56,fe87bf86b81f9298937213e5c23d7707,delivered,2018-05-02 11:49:46,2018-05-02 12:14:37,2018-05-03 15:09:00,2018-05-04 20:16:56,2018-05-21,84f22c0a22e52fe9be1aaf39388f43f4,2018-05-02
973d0da651ae6607b18859b36ed1d6ad,8e22a5ea91de638ad65f58b8473f1e1b,delivered,2017-11-25 19:44:56,2017-11-25 19:54:59,2017-12-12 00:35:32,2017-12-22 20:13:42,2017-12-26,38df2376a07ca4f0e5699b0901044d64,2017-11-25
a7652ffa94af425f684a2d55cc06945e,85691bd7ec5c294433df4e88b54bc4f9,delivered,2017-08-04 10:14:35,2017-08-08 04:04:20,2017-08-15 11:25:18,2017-08-22 16:15:36,2017-08-30,4b31185c558421e53cd21a8ac10cefb5,2017-08-04
c7ba0cafd5334b18b4103846dfd723d4,ab75fc05e770d670b6b3224e762e9bc0,delivered,2018-04-03 15:32:46,2018-04-05 02:15:13,2018-04-19 00:31:58,2018-05-02 17:13:44,2018-04-27,75441ac268813f44834099845eb4c5e0,2018-04-03
505176e13ad63d7d438d19f018e52c56,418db76f1dad4f7f0999189d488ab0a0,delivered,2017-09-26 16:02:44,2017-09-26 16:14:18,2017-09-27 20:22:27,2017-10-06 10:18:00,2017-10-31,ad8e8eaff3f80ce7519b805c85af11fc,2017-09-26
fd9ee5b912fcbd8a218a3c7cf6fb4f0d,08ef3c3458f9ebc1b7cda8fc71592a8c,delivered,2018-03-21 10:59:55,2018-03-21 11:10:40,2018-03-22 20:05:00,2018-04-02 19:24:54,2018-04-09,e76f5c3699e402d57852989386ab1cc4,2018-03-21
b3b8763bff1a0f3f2ae0757e3d59a5e4,5c1ab4cd10a1abc78951c01d88e593d4,delivered,2017-12-08 14:31:33,2017-12-09 02:37:24,2017-12-11 15:52:24,2017-12-16 00:21:50,2018-01-11,1f2e05f8161068dc13c23273c778a141,2017-12-08
f162504b437717036cc81bdd9a02c4ba,f45dc44959f8086d22e2d52553f15f57,delivered,2018-08-21 14:42:00,2018-08-21 14:55:10,2018-08-22 14:26:00,2018-08-30 13:37:38,2018-10-03,2a5474461e07b6b56772a17b0db2e9bf,2018-08-21
2fe3ee8c60f4a3c45135d7d5540e21ac,8b9a9ceec0addddcbbeb044920dd0faa,delivered,2017-12-14 17:52:43,2017-12-14 18:12:01,2017-12-15 16:17:38,2017-12-20 18:18:41,2018-01-09,a22844b84be9e7d4b21316f7e199c2db,2017-12-14
7fb9a8071a075a78c82420971e66dd77,7c551622beecf95bfb83f5dfb921191f,delivered,2018-01-04 16:46:11,2018-01-04 16:56:25,2018-01-10 15:35:17,2018-01-11 17:42:44,2018-01-22,6c749436fe7ecef4596739d31d1d8e63,2018-01-04
857c7d158a6669fae8d2aa86c645f021,ed856d3e00e01bfee9589662dabf9ab2,delivered,2017-11-05 22:41:51,2017-11-07 07:30:40,2017-11-07 20:41:56,2017-11-16 19:16:36,2017-12-05,3a131e6c88849b1d0b28020c3809ea29,2017-11-05
3caeb4389178c6b0cad926fcd9a939de,3a39e063be6ca5cd7bcd9e04cc761d63,delivered,2018-02-10 21:12:37,2018-02-10 21:35:28,2018-02-15 01:37:02,2018-02-22 20:22:39,2018-03-08,06ff357c418924109cf5882f660b3eb8,2018-02-10
7670ae05a433adda95fc640919a2737b,c0739546331f6ab6a761488a1f2eda79,delivered,2018-01-03 19:09:09,2018-01-03 19:17:27,2018-01-04 20:54:34,2018-01-10 16:55:21,2018-02-02,b893657700d5a9591decb792727398a3,2018-01-03
ff2ac13b0f36dffb6af9699f59b18377,c7a68b2b2775db26644d8f4e28c03604,delivered,2017-09-04 14:26:51,2017-09-04 14:35:25,2017-09-06 18:08:04,2017-09-11 19:35:42,2017-09-26,6130a170393fd77f23aad7bd7c6f5a83,2017-09-04
4a28fe31d1808616ef3925084765c8b3,33fa5f62ee976339d9b237e3cfb52bce,delivered,2018-03-13 13:29:52,2018-03-14 02:50:31,2018-03-14 19:51:46,2018-03-23 18:26:40,2018-04-18,f0e775622a87e884cc6e6a06cc238df7,2018-03-13
2cd487f56c4c8e2600c902f8ac475597,376c8b9583b94167b5869fad6d6155db,delivered,2017-12-19 15:16:43,2017-12-19 16:10:20,2017-12-20 17:48:38,2017-12-28 20:43:41,2018-01-12,f0cfb215c2ab08fbf7c3bdc30436ca23,2017-12-19
50f586b30979f7ff925cbca8376bfe6e,c26c6a0e1e51fa3fc9151391bfc02a63,delivered,2018-03-19 23:22:23,2018-03-19 23:30:31,2018-03-21 20:41:50,2018-04-18 19:11:56,2018-04-13,c05421b39f3d3b5366e496c513b4c2a1,2018-03-19
8167f9fa48c58d9f28b2c10a8def5366,a42afe9d85a5ac755e466eef53418281,delivered,2018-03-17 12:35:19,2018-03-17 12:50:34,2018-03-19 20:38:11,2018-03-23 18:28:42,2018-04-05,460a074add4bc5d2a970a77d515e811a,2018-03-17
e7b8437c3c5f2441634448e5a2a3d8fb,e46aa2e872873ed7cdd3e055c9d3e6db,delivered,2018-02-07 18:01:54,2018-02-07 18:15:32,2018-02-16 22:18:46,2018-03-06 01:36:37,2018-03-14,c9fdbbae231e3ea953651c097c88bdac,2018-02-07
a445dc87690b262055f44d1641033069,8b58108c65a7d5be76731c6643d00a83,delivered,2017-11-11 14:43:00,2017-11-11 14:55:41,2017-11-16 13:06:53,2017-11-26 18:19:01,2017-12-01,1d08a6b3a9a1fa43a1da69984ece9ef6,2017-11-11
5f7252bf13701d879f6fc28e72b71a9b,70136d50614636d92e9a66bd6058151f,delivered,2017-07-10 11:15:03,2017-07-10 11:25:23,2017-07-11 17:47:45,2017-07-19 20:02:53,2017-08-01,38e74ef4e3bcf3019fd22b84649bf90d,2017-07-10
8f61e12de83228fa74304ec5096cb79d,3b63b6bf1640794c17a79ea7c2cb11c3,delivered,2017-09-20 22:34:43,2017-09-20 22:45:38,2017-09-21 20:58:14,2017-09-29 23:09:16,2017-10-16,384d98abd6daf0256d2e981959322df5,2017-09-20
b17b0e273b31b9bdc4c86d55ce1f2b87,40568f04c85dd2a9b73fd39069b89a6a,delivered,2018-07-25 20:37:44,2018-07-27 02:05:17,2018-07-27 14:04:00,2018-08-01 15:26:02,2018-08-08,13c7bb8997669ff7cf0b97f39681dedb,2018-07-25
97f48024fcc76f1898e397ad6966e3a0,66d376416dfbdcb87ddc1f2384d343ba,delivered,2017-11-29 12:25:00,2017-11-29 12:41:24,2018-03-16 13:58:02,2018-03-16 13:58:10,2017-12-26,58cb2f5bcf3fb5994bbf852e86978047,2017-11-29
83e50e2e58cfc9839fb932948f1d7ce8,71c41989b581f59300b8dc475aa48c0b,delivered,2018-05-03 08:48:56,2018-05-03 09:12:26,2018-05-03 13:25:00,2018-05-08 15:48:40,2018-05-23,4188caa06e720bc10b3e108d260653c3,2018-05-03
8c3a8d8a16234d5aac3979fb63733778,0c99b2b452519d45c5621c21b0f4ae12,delivered,2018-08-16 10:37:06,2018-08-16 10:45:19,2018-08-17 16:04:00,2018-08-27 18:42:07,2018-08-27,6acf05191f069f9819ddaef370945f00,2018-08-16
b5defa632178b4e058b80da1efb6dda5,86f83e504f1f7224ca34deb792a40e66,delivered,2017-10-17 13:06:30,2017-10-18 13:06:17,2017-10-23 18:28:47,2017-10-30 14:15:26,2017-11-21,d97b3cfb22b0d6b25ac9ed4e9c2d481b,2017-10-17
2623ed35158b345e208f55f03565c1b9,5d21dcd0e87b4db10fb132bfc21620bb,delivered,2017-09-29 12:06:06,2017-09-29 12:24:17,2017-10-02 21:18:57,2017-10-06 13:33:45,2017-10-24,307e6174ecadc9f4eab46efe49656264,2017-09-29
0f988c663fc739ff00872046c2e43ce4,0e4158fca07c5650137a2e610aaa6efb,delivered,2017-12-27 18:44:39,2017-12-27 18:58:18,2017-12-28 17:38:49,2018-01-04 16:39:31,2018-01-22,8c932d423da6ea77119bab9556823bd9,2017-12-27
62af8efbe1211f527ab062c3b29d7f5f,7254b9d004bb679823c2d2c8dfbb5eda,delivered,2017-08-28 10:39:52,2017-08-28 10:50:22,2017-08-29 19:26:08,2017-09-06 20:02:58,2017-09-20,d2da929fa57473521f1f3b9146916122,2017-08-28
a77a378498a60424c73641a2bce561f8,a165af70cc13470e311ddcd4fd33c070,delivered,2018-02-14 19:01:46,2018-02-15 06:30:26,2018-02-16 19:12:09,2018-02-21 23:29:06,2018-03-13,b0cb607b772765ed88f608408705833e,2018-02-14
9a1868b5b95ed88747fa160701bf6d8f,76446677a46e1f51a0f01371e3f46bdc,delivered,2018-06-18 16:17:47,2018-06-18 17:01:27,2018-06-20 14:24:00,2018-06-22 20:28:30,2018-07-05,c4b1e5c06add0388a2d181248f4c3a3e,2018-06-18
51c7735438088dc983751f683f652995,ea62078ca96a4eef51c43ca0538a57ab,delivered,2018-08-22 21:06:11,2018-08-22 21:24:36,2018-08-23 13:07:00,2018-08-28 20:07:43,2018-09-05,b17dcef6e07833b61ff999b107066b78,2018-08-22
c64790d2002c1c29cc6890a8123fb222,2aa0137ee863ad6d30c38d370ff97347,delivered,2017-09-27 15:17:01,2017-09-27 16:49:26,2017-09-28 18:28:55,2017-10-10 06:04:13,2017-10-19,91a2d741f9510c7afbdcaa8b10c0050f,2017-09-27
5ab0f11d0dffdb3aa7084f276108fdfb,92f24993236f99b8448fa691826dc67d,delivered,2018-05-15 13:36:29,2018-05-15 13:55:10,2018-05-16 09:45:00,2018-05-22 18:25:33,2018-05-30,da16c6ced9b955dcfcd8b3d2ad6c26bd,2018-05-15
dc6eee28a658fd5850d3f88a9c0abbc2,66d35d28e228ee885e0d95da6f1b0fd7,delivered,2017-05-10 16:58:01,2017-05-10 17:05:20,2017-05-11 10:41:07,2017-05-12 10:15:59,2017-05-30,b8a9fef18d18a73505c6291d160f1d17,2017-05-10
917fa92d0e4a7a2297aa28d79a35b64d,5690bedf5be601567f2c558f9240e51d,delivered,2018-08-07 16:24:37,2018-08-07 16:44:53,2018-08-09 12:19:00,2018-08-13 16:54:29,2018-08-20,4d3ff54b804572c7cb01e31c48684809,2018-08-07
f44bbaf60b84b0a7fd51994bb8dfc090,1718537edd72e4fa514fd813bd0df9c4,delivered,2017-10-11 12:58:21,2017-10-12 02:20:16,2017-10-13 15:38:02,2017-10-20 18:52:25,2017-10-30,0933b4e8c35afe40e5d434a897cfed9d,2017-10-11
6a6f6e316fbfc5524414489d06c8533c,9207f1d43091730646697eb497a6819e,delivered,2017-11-25 00:20:41,2017-11-25 03:11:50,2017-11-28 17:33:31,2017-12-12 22:48:46,2017-12-28,e899b2f83ffb0b930812edab533618f5,2017-11-25
4f4da9932bc77a525ca672e3b1b232f6,b09017d118d18d405c8538ae256f2104,delivered,2018-07-29 11:15:05,2018-07-30 11:31:19,2018-07-30 15:11:00,2018-08-02 18:58:38,2018-08-21,117470ed515ecada08e9659a85f4b9bf,2018-07-29
e8f0faaa20856c6c482c67ebce09c227,c9f162f33a749d2957c751afd7f7bfd0,delivered,2017-12-18 22:38:39,2017-12-18 23:51:32,2017-12-20 18:32:33,2018-01-10 15:58:36,2018-01-24,adccdd0bfefdf5be9def4c9bffe650ce,2017-12-18
39787d0779e9c0f1326d35469d0239c5,cefd26f9b12d8dc01a8029667888206d,delivered,2018-02-10 19:11:19,2018-02-10 19:28:13,2018-02-14 15:21:55,2018-02-16 13:56:39,2018-03-06,d9e89f398fa941ad5110edf696b0918b,2018-02-10
d9d104af1ea99e0b7f6b0644eedc74d0,53e3035bb56a2266b08ab2cd01efd603,delivered,2017-02-15 00:24:14,2017-02-15 01:06:01,2017-02-15 11:37:48,2017-02-21 13:14:39,2017-03-14,7f0b11f47d3ff4b3f1ce8788cde95a36,2017-02-15
1eeef7bced6c37a113b31c503ba1cdc4,d44e6e4e2f9ec6b853399edd23397163,delivered,2017-12-08 00:08:43,2017-12-10 00:10:15,2017-12-15 15:57:23,2017-12-23 13:58:47,2018-01-04,23f94b4e71dbf164332155f46fdd7dc1,2017-12-08
98b8868388a8f86ba780cac8e6c2b496,68a0f29cea50706bdffa949b1624bbd4,delivered,2018-05-11 20:28:30,2018-05-11 20:56:54,2018-05-17 16:22:00,2018-05-23 16:37:00,2018-06-18,8f3894cff7310436742b0e0e33416e70,2018-05-11
3b44236022543714625fb6d8daaa0734,c7c90262b16c46073cdc9feef45807ec,delivered,2018-04-20 18:47:04,2018-04-24 17:45:50,2018-04-23 21:52:07,2018-04-25 22:21:39,2018-05-09,28fd4c221c220b0baa1e6861c09e6ca7,2018-04-20
91917ed8f3cff7119b635ee161fc926c,79ea5edbfaef2735d701da955519c034,delivered,2017-08-26 22:22:52,2017-08-29 04:44:39,2017-08-29 20:10:04,2017-09-04 18:03:31,2017-09-21,e62f4619f5338be2f7d4da531bb89ac2,2017-08-26
242858ac7189702187e2f99aed4e2695,ed428ee145a75b8846cfbb94fab90477,delivered,2018-06-18 18:47:16,2018-06-18 19:20:57,2018-06-19 15:11:00,2018-06-26 00:18:22,2018-07-05,ebbea8abf46e0acafc8a1260daa25b15,2018-06-18
00d50baf1bc56a3c59de1810a6b84b0d,430dae64e910e717c1135ff28b67aad2,delivered,2017-05-23 21:55:24,2017-05-23 22:10:12,2017-06-01 11:55:31,2017-06-28 11:19:37,2017-06-23,c3cce848055be6edcdf13a5509930333,2017-05-23
53d24131ea4ca6a7c6f0cc03e2edfcab,34ec470debe9683b360eebc304fe7705,delivered,2018-01-26 11:41:27,2018-01-27 02:40:13,2018-01-30 15:18:32,2018-02-03 13:41:42,2018-02-09,651831b9cb6abb34137da4c4ff4a30d7,2018-01-26
a7646fef3ed7769ca091e05201151fe3,62c5d429dae186491c09545422a8b65d,delivered,2018-05-07 13:36:39,2018-05-07 15:32:41,2018-05-08 11:53:00,2018-05-17 16:41:51,2018-05-23,4c302f6bb8c2bf278a813d5a29315335,2018-05-07
6ea54477ac162f4f343694737cf53f82,c5361a925018d4f112472445da6abb84,delivered,2017-03-27 19:10:47,2017-03-28 10:15:24,2017-04-05 09:14:22,2017-04-20 16:37:44,2017-05-08,32e93651fbc6d641cffdc40c50d982a3,2017-03-27
50cf8b336667ffa7386d24568d6716e5,3278a540e215b737e4b44a61770dbc6f,shipped,2017-07-26 08:48:03,2017-07-26 09:03:11,2017-07-28 16:09:27,,2017-08-18,6e5707f17296f7f8b167406b902e0643,2017-07-26
680d7235e89a19239f2562d940e7c86d,eaf14ef190b83a2e0cb7f72835d5c5c3,delivered,2017-10-10 14:53:25,2017-10-10 15:07:18,2017-10-11 17:48:03,2017-11-03 17:29:49,2017-11-08,3daa1c97a3155484f70c88b19c90dfb5,2017-10-10
14d113827939e9deace0b2afb528f1bb,f6ec7c6e0151f752c79e2f026a90da12,delivered,2018-05-30 15:19:30,2018-05-30 15:35:40,2018-06-04 19:22:00,2018-06-05 22:46:34,2018-06-26,09ad2dcc4485b1831a516f9f3430ddc5,2018-05-30
5f79e2da24a52e76bc22897df03a7901,d064be88116eb8b958727aec4cf56a59,delivered,2017-08-23 13:15:29,2017-08-23 13:30:19,2017-09-22 13:45:55,2017-09-25 21:34:47,2017-09-21,ff922bdd6bafcdf99cb90d7f39cea5b3,2017-08-23
644c9c6187a3cad1f1102c0c6715b094,3f969314aec43c3a2fd62e9ed7a791fa,delivered,2017-10-12 16:04:40,2017-10-12 16:35:06,2017-10-23 16:24:00,2017-11-11 00:47:47,2017-11-13,24423978433c1d8c3958db4b0fceb637,2017-10-12
51dfe9f034afda72c27c6b01e98526f6,7356ed923effb67be04df8bdbfcb49c8,delivered,2018-02-09 22:44:39,2018-02-15 03:55:52,2018-02-16 19:08:54,2018-03-28 18:05:49,2018-03-28,2698696c37dfb0f297872e39849c0542,2018-02-09
b059fad2b2e545a813a04d3a482bc50f,4a33ff609e6c3acbd466f282620422dd,delivered,2017-07-17 22:52:59,2017-07-18 00:30:20,2017-07-18 18:42:10,2017-07-20 11:06:24,2017-07-28,1cac1b2682e3911d67e9cd6c9a6c8424,2017-07-17
90ff3cffbad0c03e76cdb32a788a649e,404625763e1fb3d80a8f2b984a19b1eb,canceled,2017-02-20 11:29:19,2017-02-22 03:22:35,,,2017-03-27,d5a09a021051dfe78b3d21653852e43f,2017-02-20
767e4a48d385494c5c662f61f9145530,aa428ada45a0e774da1ecb6830102ca9,delivered,2017-05-14 14:22:46,2017-05-14 14:35:10,2017-05-17 14:14:58,2017-05-24 10:47:36,2017-06-12,d87af416e2f0a1fa91ec81dbe9118cdb,2017-05-14
34adfe85692f724087a52976282ea92f,64bce8bd37d9f4b8a8d92264a086ba03,delivered,2018-02-16 14:27:22,2018-02-17 03:35:59,2018-02-20 18:44:51,2018-02-26 20:43:06,2018-03-08,8ee3e85626163dbc1c57d7c4bf819185,2018-02-16
0625530241d6fc5812c0062962c29a7e,5a5ff214d077aa3eb285242ed7e36c4d,delivered,2018-06-24 18:35:49,2018-06-24 18:55:46,2018-06-26 09:28:00,2018-07-03 19:25:49,2018-07-24,c2cc868f137c5529e6ba26cabd7ee599,2018-06-24
09c103240d66c0e0d945071a9518d6ee,247741a92e8790b27cea613f7a5d4f79,delivered,2017-02-03 22:33:38,2017-02-03 22:45:09,2017-02-07 17:03:20,2017-02-15 18:55:59,2017-03-02,dc0ede71afcb9839bed5050275837159,2017-02-03
81c2d284094f3b39baddefb519a30149,7852937a7bba97be33ab2f1577949aec,delivered,2018-02-28 16:07:14,2018-03-02 02:11:18,2018-03-05 23:56:36,2018-03-20 22:03:16,2018-03-26,2dacd79aa5d1a86240b37b6c588de551,2018-02-28
e58277dbef9d3b789a28903baa9c1a8e,29801c89dd21583fd730e4afd774530f,delivered,2017-03-26 20:25:50,2017-03-27 20:30:18,2017-03-30 14:58:17,2017-04-07 16:50:09,2017-04-18,0d539aded20d17f5f93a3fa8e01dcc4c,2017-03-26
c182056c231712791b448f605cc15589,1df542b40460b46d1dacf23ef66bf3e8,delivered,2017-11-25 18:50:18,2017-11-25 18:57:33,2017-11-29 22:36:57,2017-12-18 15:26:42,2017-12-19,9957c8a00e2cc1e4b34d44c5f2a2334f,2017-11-25
a7e683a499b23ba394f360777a480a43,b27ef133dc148dcd56ab0549319b1743,delivered,2018-07-28 18:27:25,2018-07-28 18:44:11,2018-07-30 13:48:00,2018-08-04 14:38:48,2018-08-14,25a6ca0750dc1858bb68ef7915788846,2018-07-28
106179e2ad058eef3f7aa5b8f7dea1b0,6785394051d55d44a1cf44ebb2d3a4cd,delivered,2018-03-11 18:14:56,2018-03-11 18:28:00,2018-03-13 19:44:29,2018-03-20 21:32:09,2018-04-03,719c583ce63cbcb9809ef5fb9b70a784,2018-03-11
97f24c8a0a4dc245b0a8c4e9b7139e0e,154b550a221177b362f085100e0ea1a4,delivered,2017-07-04 11:00:14,2017-07-05 02:45:20,2017-07-05 12:57:35,2017-07-24 19:12:17,2017-08-01,adff41dbe0d40058d786df6675faba6a,2017-07-04
05eb212cd5b01c76bdb5215a49df19b6,efeb1f8a504d300879922d4cd4a8a0d4,processing,2017-06-28 21:28:34,2017-06-28 21:45:14,,,2017-07-20,045876bb64f31e69b5d38c1acfe9774f,2017-06-28
58d2daf589cf891698126d1b77ed5860,851258217687b82b84189f26e747d2d9,delivered,2018-06-21 21:08:29,2018-06-21 21:36:27,2018-06-22 10:34:00,2018-06-28 20:07:46,2018-07-16,7bad21424b3455c0be2ac92e07700ddf,2018-06-21
3933b7e5a1db4b87455b4c0a6c561690,9df17b8d40bc9830bc95cae9b08847e8,delivered,2017-07-14 09:20:25,2017-07-18 06:35:15,2017-07-24 19:32:43,2017-08-09 20:51:30,2017-08-17,3ae92a964a00b29e2f5ef5ab0fa8c0ad,2017-07-14
61cabe0c7863902624818230a6b61a17,3b3d4b5a0e6e6e335b8b7fcb37c5dd51,delivered,2018-02-12 22:18:35,2018-02-12 22:30:27,2018-02-21 20:42:06,2018-03-05 15:41:37,2018-03-13,0096f8cd903cc205efab77d5ae6bb6f1,2018-02-12
631bf0797fc3480d6eae9757b0c816b4,2bfdfc487c9342cc6ceac940adb36c11,delivered,2018-08-16 21:31:19,2018-08-16 21:49:31,2018-08-20 12:41:00,2018-08-27 15:23:50,2018-09-04,600d5de3a11b76cad6cd46f9e57a9f92,2018-08-16
b6a89d6b9a0f7e821a59bdb3e44d8420,0d96bcb52476d4965d0b50080cd9a443,delivered,2017-07-26 00:34:08,2017-07-26 00:45:11,2017-07-27 18:17:33,2017-08-10 18:08:44,2017-08-30,3ecd7605ac791ae065e2ab8512934e5e,2017-07-26
6b4186f5efd99b748d530675413ef6cb,b1c0bd0ef7a4ac0bb37c4f2cdc9c30e6,delivered,2017-08-01 12:56:09,2017-08-03 03:10:42,2017-08-03 13:13:53,2017-08-11 18:33:26,2017-08-29,8c9787135b721f4a1ef9e124ef96325e,2017-08-01
7166e7a4e43979ac3d8e1ce72dde92ec,b2c127d117c6606594c6e499975ebe84,delivered,2018-04-29 15:05:33,2018-04-29 15:15:21,2018-05-02 13:34:00,2018-05-07 22:03:18,2018-05-22,53c6e9036e4f43ea4abc87a2d04f5682,2018-04-29
c7c1820a74542b67b30b740697e55d01,ca15767a3c28ef04c7f7b6bb3cace110,delivered,2018-08-15 23:39:52,2018-08-17 03:15:23,2018-08-17 12:08:00,2018-08-24 19:04:44,2018-08-28,bf334eb0f64130d3385bbb4f0a8b605b,2018-08-15
b11356165e2d19ac9c425e2f38b770e3,498b577d46347e99e2134f84c42ed257,delivered,2017-02-08 13:23:53,2017-02-08 13:35:13,2017-02-08 15:16:04,2017-02-22 09:46:04,2017-03-21,766b6d27cc73772f570e1c425a4a37b6,2017-02-08
dd621d7d942344da783d1d390dc06f17,031cd5f826be3d804771e3e3a1b21a1c,delivered,2017-04-30 20:04:38,2017-05-03 14:25:41,2017-05-04 15:32:31,2017-05-23 21:02:34,2017-06-07,717aa48025662fcf27ddebbecc5f782b,2017-04-30
3689526fafad22de181f6e9230bb4d49,e4dd83da8d4355e9f69ed371d64d6638,delivered,2017-11-28 15:13:24,2017-11-28 15:34:30,2017-11-29 13:51:53,2017-12-11 17:33:28,2017-12-21,5927e145458a6ab7d0d8710e6956ab88,2017-11-28
e5b203174e16a24326eca2118bf82a94,d9ecff4f4363cdedd69de972b3f926ef,delivered,2018-05-26 08:26:02,2018-05-26 08:35:18,2018-05-28 15:12:00,2018-06-04 10:18:50,2018-06-26,8cd56cf80cb6222244a73524e941472e,2018-05-26
1da63677fa1ab2793e98f11327b5756a,03651203127d40f0063e5cc08d464b64,delivered,2018-01-29 16:52:05,2018-01-29 17:17:42,2018-02-01 17:52:58,2018-02-22 12:49:05,2018-03-05,c78ef6b627924a444c068ff23ea62660,2018-01-29
232ac1c81c6a84fd76f9653b248b5d92,e516029bbcb3710bc5e9909c47c6cfa8,delivered,2018-07-26 17:41:27,2018-07-26 17:55:16,2018-07-27 12:30:00,2018-08-07 17:08:50,2018-08-17,03418da5fc543b9c92cbe8a87f76ba27,2018-07-26
d6e2b70c5dd291b6a91fa86497fd9221,8bc3c577492dc4722818b1f66b1adba0,delivered,2018-03-06 10:51:03,2018-03-06 11:15:35,2018-03-08 16:49:52,2018-03-26 23:59:41,2018-03-28,c1749d390bcfbbde935cc987ec8e38b2,2018-03-06
94e1a02f0937bbffcdff479b763927cf,145937105270f3b4c5fd6168e12a3b01,delivered,2018-01-26 20:32:40,2018-01-26 20:39:32,2018-01-29 21:26:46,2018-01-31 17:39:24,2018-02-21,12873933792308d90b87e9604c971e13,2018-01-26
f80ad99e797d6ae86865bed1ff9483dc,56f782fa47a9dd4a8afbd385ac3a8061,delivered,2017-12-31 16:52:58,2017-12-31 17:07:34,2018-01-02 16:49:03,2018-01-11 19:48:47,2018-01-18,50f043d1d9bf7b951eafb6911f7cf604,2017-12-31
f1161a389865672e2d7e28e13809e2b1,4f7761afa7933376f5c3372c7b301750,delivered,2018-06-12 23:18:56,2018-06-12 23:41:27,2018-06-13 13:41:00,2018-06-16 13:17:26,2018-06-29,7da3b5ea765c7c32b36a8bfafed662ed,2018-06-12
bb87483a5b76ab87a5a3aec0e066526e,f5b2a6ae3c8a7478b891e4f150431c0d,delivered,2017-12-05 13:50:22,2017-12-05 13:58:29,2017-12-12 21:19:07,2017-12-17 16:09:49,2018-01-31,f173ebb064ab2b8e91d785188c2a42bd,2017-12-05
2cb1dbf399fd85ab146055c539b09ccf,0a1431f7019951b42e8a79ca9c9776f7,delivered,2017-10-03 15:35:27,2017-10-04 02:56:32,2017-10-04 19:13:19,2017-10-23 18:21:09,2017-11-01,522c68e146981cace61c73f0c0c29a24,2017-10-03
aceb1960c578f181bef6f5981235eb3f,8a3edfcb25845185d88c9466e067fcd2,delivered,2018-06-25 12:59:15,2018-06-25 13:48:03,2018-06-25 13:58:00,2018-06-28 18:52:03,2018-07-17,24a41630f639027117ebc43307df2fd1,2018-06-25
f0fd20d755f9483ae15892625f3e603d,358114a3a0d2b8f99e1ac9c0186a7d98,delivered,2018-03-12 15:55:51,2018-03-13 15:50:31,2018-03-15 01:31:44,2018-03-18 17:19:49,2018-03-22,f2eba8e794879de9da8ae0d7b6de2e5e,2018-03-12
60927505586ab381b9b50e3c6e75d736,a816e8cf96f6008bc1b6d8959654ed95,delivered,2017-10-23 10:33:37,2017-10-23 10:50:14,2017-10-24 15:33:35,2017-10-26 18:16:11,2017-11-03,0836fe41115f616040d651b38c79b7ec,2017-10-23
da395b46cb926910276c0b3ef76b7bab,874b203d77d5ee9f12214a37a6584237,delivered,2017-11-28 00:48:33,2017-11-30 16:39:57,2017-12-01 17:38:35,2017-12-02 15:08:36,2017-12-12,a903988c1a02fce468baedda8f78aa0f,2017-11-28
8f22b4b97d1fd2f187f3106ffb0021c4,7543aeacbb6f5814830a5aa5c5c65090,delivered,2017-07-24 13:40:58,2017-07-25 06:43:03,2017-07-25 22:21:40,2017-08-03 19:11:21,2017-08-18,3b6f5d22fb32e6ac2fbbb944b18cf1bb,2017-07-24
2ea1dbdc60b26f5ec122e844a3f114f7,f563f48019b585df1a59666e2d65c46d,delivered,2018-03-11 19:29:42,2018-03-11 19:47:54,2018-03-15 20:48:29,2018-03-20 21:07:19,2018-04-05,80604e2cd0b31d1de0cbc26ae6ec78b3,2018-03-11
2650915aaf92c36da9a8f87debb7bb59,afe5ae8335a79b230d244dc3b8cf2f53,delivered,2017-12-31 11:31:58,2017-12-31 11:39:28,2018-01-08 16:49:34,2018-01-16 17:46:06,2018-02-06,e0a1a93a0af99b3dc575e8f49eedba56,2017-12-31
9f9dbdaa390ccbff68e07b6181e0b06e,1c50cf6bd2a4fb1fa75dfcc08e3b879a,delivered,2017-10-14 14:54:36,2017-10-14 15:07:11,2017-10-16 19:12:06,2017-10-26 21:59:43,2017-11-03,f1abac910921dd13e2c7a88387c4f0a8,2017-10-14
361153d26935f66999c5164b09c19710,fa4182fa28e02b3aefc1f6c07f26ecc1,delivered,2018-08-10 17:04:52,2018-08-11 02:35:13,2018-08-13 12:20:00,2018-08-16 16:28:56,2018-08-20,cb653a512ac6b53d6944c89b2e22b1c2,2018-08-10
ed35e61f1ad9eb350bf81839d6bbda23,cbf1262d4b7a8d68888233f1aba4919a,delivered,2017-05-23 18:48:27,2017-05-23 18:55:11,2017-05-25 17:50:07,2017-05-31 11:44:10,2017-06-14,a047766daf8d4d5d1db248f37ed7b036,2017-05-23
d40e7a80365572af2e27d31a9cf79169,d01c7d818c6b39a0657b11a9e85f99d2,delivered,2017-06-27 14:26:48,2017-06-27 14:43:58,2017-06-28 09:10:19,2017-07-04 16:02:38,2017-07-17,92b80c0469a342c21683275fb38ffd60,2017-06-27
0b1651a280049a50402bc56d50785c3c,1681ec16c9d648d3ce572488919a48d6,delivered,2017-09-28 13:13:18,2017-09-29 02:30:57,2017-09-29 20:18:50,2017-10-16 15:58:49,2017-10-24,0846d9d672230c5816b36a267e263696,2017-09-28
73d6995833620101fc0275c451f6f9e2,79bb38211c0224e3862991d3557a5828,delivered,2018-04-18 08:20:29,2018-04-19 02:51:29,2018-04-19 18:26:47,2018-04-26 17:36:53,2018-05-17,970496f821706156cc723e56404f3eeb,2018-04-18
1ecd8552c5fabe586455a849370b4198,bafadd13406a662c71cd8df5794cad55,shipped,2017-05-24 18:32:55,2017-05-24 18:42:44,2017-05-29 12:23:14,,2017-06-20,6f0fc60a172adec25bfb7bfcce3efc42,2017-05-24
eb994ff501ea0ee354f36776225f3fb5,c9802360688432c3bdd2b2b29b3514d9,delivered,2017-08-06 12:27:22,2017-08-06 13:04:21,2017-08-10 19:33:18,2017-08-18 18:10:46,2017-08-30,b7420bb66e0f749306253b477dfd55ba,2017-08-06
b1d5751557bca097afe9c461a22cdc0b,f41d8c045d64733f404e956aef3e569d,delivered,2018-05-18 15:05:30,2018-05-19 15:11:02,2018-05-21 15:01:00,2018-06-04 18:33:08,2018-06-22,2c619dc3ca4a084ab5da04bfb1b01192,2018-05-18
23640e7307c51b05dd5ce3b34dbce5b7,68e58c93aaeae25328b25a47d3155af1,delivered,2018-08-16 09:05:16,2018-08-16 09:15:14,2018-08-16 12:45:00,2018-08-17 20:48:39,2018-08-22,a450fcbdcd8ee5b47be8d61ee234123d,2018-08-16
5b0cb832563a9fc75605f9edea8fba22,e3a3727c218826c94669cd0f5c035c52,delivered,2017-10-13 23:04:40,2017-10-13 23:25:41,2017-10-16 22:23:29,2017-10-25 18:56:05,2017-11-08,3810359efae12fb6b0a3efc65e25ac88,2017-10-13
c7c821c9f5e125961eeb3e195dc8fcb4,408ae50d6802e888491a09c0c6aae8ef,delivered,2017-07-19 08:35:51,2017-07-19 08:45:15,2017-07-20 19:00:01,2017-07-28 17:28:43,2017-08-22,a80b93431c139646b2eb8ac88646c558,2017-07-19
ecb7b1b5d15cf872f986f88e7344d9ed,26a79255059d6bc824df6e1e97def249,delivered,2018-08-06 22:25:21,2018-08-06 22:35:18,2018-08-08 14:04:00,2018-08-14 00:37:51,2018-08-28,ec396b753a88f3d79384cd9807fcf0eb,2018-08-06
38933687de905dff1914deea4ce58a0d,41bc17101bda1494ebca12a3705b262b,delivered,2018-05-03 19:13:44,2018-05-04 02:51:45,2018-05-04 08:04:00,2018-05-22 20:28:54,2018-06-06,041c0c5449a92de55306de45bb0b84fc,2018-05-03
bede3503afed051733eeb4a84d1adcc5,919570a26efbd068d6a0f66d5c5072a3,delivered,2017-09-17 16:51:43,2017-09-19 04:05:52,2017-09-19 20:22:49,2017-09-28 18:14:35,2017-10-11,141e824b8e0df709e3fcf6d982225a8e,2017-09-17
b9e0c2dfab4b400170fc1bdc4765a35e,2754a7cefac9fb43b30e62440b7f41a4,delivered,2017-09-29 18:13:42,2017-09-29 18:28:18,2017-10-03 17:05:51,2017-10-11 20:52:37,2017-10-27,062933ff315c2b7a8c4a302a115be4c4,2017-09-29
266db02796689abfdcdec737742b6c8a,4ca563f7c94e7c1c7fedb3512b510c0b,delivered,2018-08-23 11:43:36,2018-08-24 03:10:18,2018-08-27 11:25:00,2018-08-30 20:28:44,2018-09-05,6cf62f27f789c57b96c1351cd5036e2d,2018-08-23
71b4f27c8c24d17a3c51c2e10613fa23,3dc8cf64aaa71f55d02fe4f0ebf4efce,delivered,2018-05-22 18:58:59,2018-05-22 19:17:30,2018-05-23 15:08:00,2018-05-24 22:36:20,2018-06-05,549417528351deb1fa8c2e41a232f755,2018-05-22
e37e8b2274cafef8334e4f7f8e2eda80,87d9342da9faa41e0c4d640759318436,delivered,2017-10-21 18:17:37,2017-10-21 18:28:42,2017-10-23 19:04:01,2017-10-27 16:17:29,2017-11-21,b5f0e2f8f8ea3f40af995fc989810058,2017-10-21
91bcb2a4582479914b3c1e17a7464caa,6c9aa2a966336aff2f22be9da776f8c8,delivered,2017-12-14 00:29:03,2017-12-14 00:36:23,2017-12-26 18:49:55,2017-12-30 13:11:05,2018-01-17,e998e02df021c82194ca688158e3e469,2017-12-14
9fa3ac86373c11b7d4604b966602a778,fdf542a9656a9ce9cb0bb1a30a56f1e3,delivered,2017-11-24 15:44:49,2017-11-28 02:53:36,2017-12-01 03:13:39,2017-12-09 15:39:01,2017-12-27,a2495c0fc20489911dfb8da31fa0fd96,2017-11-24
9a1f54eaf9aeef72861a0838a4d6715c,6d26c6abae432e3e8cfec8309e20ccdc,delivered,2018-04-16 14:39:27,2018-04-16 15:15:37,2018-04-17 17:05:29,2018-04-19 01:54:37,2018-04-30,67283a7be640fb3ce5d7df48a2dc074b,2018-04-16
82ba09cde004c6bcefd36545670ac5de,61523d11d253c053d2567669b8e761d6,invoiced,2017-12-05 21:34:58,2017-12-05 21:58:41,,,2017-12-29,bb0b33b8f223581965edf90caccedcfc,2017-12-05
57310609001cf90e2292085b36b8609c,9131c8f842bc6cf0844b3464a4205b02,delivered,2018-04-13 00:47:05,2018-04-13 13:35:24,2018-04-13 22:48:29,2018-04-23 19:56:48,2018-05-07,a72188d3e6c8beb5170ed9019f37ecc3,2018-04-13
c9228d6b986db23662580682699083d2,2f3798854c73781e826856a4f3336bba,delivered,2018-03-23 15:02:42,2018-03-23 15:15:22,2018-03-26 19:47:27,2018-04-13 20:24:22,2018-04-16,6394e84bdbe85318af06c0a7fcc2ed4d,2018-03-23
6c460532021f5ccc4559bd6b46086408,eedaf60ee523753b6cf22c9a81ccd8da,delivered,2017-11-24 09:14:28,2017-11-25 04:33:25,2017-11-28 18:06:54,2017-12-06 20:46:30,2017-12-14,2ba18443503431253b627d14868184d9,2017-11-24
266f8c8ad2326ea2f2272adcb43b7ed9,b11343590580fa3b3ac95097d0b739f6,delivered,2017-11-04 12:02:33,2017-11-04 12:15:40,2017-11-07 15:47:50,2017-11-14 17:41:31,2017-11-27,c80acdd5a52315eead0f8eecd4317362,2017-11-04
96d3715ccba9f1142b73c862c1c9c322,4bd8f16f1eea99ae36382282aa03d538,delivered,2017-11-09 20:32:33,2017-11-09 20:47:13,2017-11-10 13:39:27,2017-11-20 20:41:26,2017-12-11,c0ccab4f31b652bc24055a22e9a67ea7,2017-11-09
df85286f77ee8760333080a6b3bb97d8,1f59c9e6b19ba3dad43015a93678f878,delivered,2018-02-11 15:53:46,2018-02-11 16:27:44,2018-02-14 19:51:40,2018-02-22 22:39:02,2018-03-09,60d3d1d1175afab5aef0ea91dc882669,2018-02-11
0c3a3b87904bb79c4042f7e75896b56a,7ae2c19d2a758e510d43a9ba38abf6d3,delivered,2017-12-26 19:09:28,2017-12-26 19:17:25,2017-12-28 16:19:01,2017-12-29 17:19:03,2018-01-16,38cb0005af60f18f5fb63038213054ee,2017-12-26
21235c5a99a117c776a72a4de3276027,a5c7faf5cec9b387040c3e5bf4d71925,delivered,2018-05-14 21:59:25,2018-05-14 22:10:34,2018-05-15 10:32:00,2018-05-24 14:18:29,2018-06-04,019ea19e666644625032de5efe2ceb71,2018-05-14
bcdab55f44bb436dc1b014c0cd004cf8,e8efbd6f49cf9ead02dcb759c6c07e6b,delivered,2018-08-13 14:44:15,2018-08-13 14:55:21,2018-08-14 10:11:00,2018-08-21 22:11:14,2018-08-27,b0bf646572e6c443de8d15a6ae0f3866,2018-08-13
8bfc63af64083bd9e303d2732bd62470,489edc9908dfebf174395c3ca974586a,delivered,2017-10-09 17:27:45,2017-10-10 17:35:48,2017-10-17 11:32:07,2017-10-27 17:28:15,2017-10-30,ed322112dd2c22da5d5d9dff4c6d0fb8,2017-10-09
59c134c32edc0046c31ad8bd6f521b61,4a5eab03ad0ee1503ed736150a484cda,delivered,2017-11-21 14:45:07,2017-11-21 15:22:11,2017-11-22 21:03:23,2017-11-25 15:21:09,2017-12-08,00bd169997f142571c113645554663d6,2017-11-21
bd00d34f6838a36ae481384a997575ec,2ad3de0c1767ab3a9c0949d992573b33,delivered,2018-02-03 16:33:28,2018-02-06 04:33:20,2018-02-07 18:16:59,2018-02-28 20:36:04,2018-03-05,4738f449248109741f9ef3971d2d18d7,2018-02-03
e72bc47a7e87d43a6adc5f80b90786e9,1752af45d5caebc15239fd7071e68990,delivered,2017-12-03 13:26:38,2017-12-05 04:18:34,2017-12-07 21:51:36,2017-12-19 22:14:59,2017-12-27,d4b5e8243b9a0ba1b8f525681490739c,2017-12-03
9ada0db3646e21d9c02c794e3ff4f202,3b87fadef1d076676e27d1696baca9de,delivered,2018-03-24 12:00:32,2018-03-24 12:15:43,2018-03-27 19:42:15,2018-04-02 20:52:10,2018-04-12,500562d4220f7716127ee003b175c23a,2018-03-24
21f2dc64dc574bc823e5c05420267860,a39064d8efead91ba8c5e3617cf2a108,delivered,2018-07-23 17:14:12,2018-07-23 17:25:59,2018-07-24 13:21:00,2018-07-30 19:58:38,2018-08-07,96e9a6223e3064cbe7b469d3c20fa9f5,2018-07-23
8c552a81cd185f54e557a0c955602a75,ceb3ed4e8ea33e599750c82eb23e50a1,delivered,2018-08-06 12:43:05,2018-08-08 03:30:21,2018-08-08 14:10:00,2018-08-10 09:32:01,2018-08-14,38984b0187e1e54e2ffe2d03cba9d4e4,2018-08-06
ea974c111a2a711f43305d2968ffa86e,25cc5042606c108675729a1e2967486f,delivered,2018-02-22 23:33:58,2018-02-22 23:47:52,2018-02-26 22:17:43,2018-02-28 22:12:58,2018-03-12,eed42da7ee2f3ce26ab52758e63d855f,2018-02-22
1e34943faee67957ebdc93ece5a8f906,e7d9c6487ba15bee967f0f1305c75c8b,delivered,2018-03-26 21:34:55,2018-03-27 21:30:12,2018-03-29 23:18:31,2018-04-03 15:13:01,2018-04-19,47cc91f82fea1258782b1ebb791e1024,2018-03-26
8fa458f76ef73aca3834d8092d86dd10,5cc6b88d94db4f81637649570a0b2b91,delivered,2017-05-19 11:00:27,2017-05-19 11:10:24,2017-05-22 13:13:52,2017-05-25 16:34:48,2017-06-12,5a0bc0697fe1c45538c3d834182ca653,2017-05-19
ef0b0dd189a432d8d66f2856c5d3f28a,3fb25fc9b3e15d10e46b7bcc3288f537,delivered,2018-06-09 15:33:28,2018-06-09 15:50:18,2018-06-11 14:46:00,2018-06-18 20:32:30,2018-07-04,a80fd8e2ad287bcaac4e0a0d8d8ff1e5,2018-06-09
c1c4911d5c28f6d20c01a3ce2e2b8413,9bfd2b30a2249cea0e84f81315122e46,delivered,2017-12-15 11:31:43,2017-12-15 11:53:12,2017-12-18 18:34:16,2018-01-12 20:28:17,2018-01-11,7808f07dd79a510af99b851f44e9c578,2017-12-15
c163feacff02c34f3c3bcee4b6fe3552,eb84d1592d2c84ff5f8e411cd50c5469,delivered,2017-08-21 18:31:40,2017-08-21 18:45:08,2017-08-25 15:36:39,2017-08-30 18:04:50,2017-09-11,fd09796034b4208d0d302ad6dfa6fcc5,2017-08-21
aa742a222149269edb62a3fc79cf52cd,81c919be7bba7184cb1cd8dc446c2e31,delivered,2018-03-19 11:00:50,2018-03-19 11:15:39,2018-03-20 22:41:50,2018-03-29 17:21:03,2018-04-19,6f5ac78c5438feea117d1d03f80aafed,2018-03-19
47a0dd64c37d493b6979b404f36ccc6b,c6ec65616e5bed7851ebf6ebf0f1adc3,delivered,2018-06-20 15:05:32,2018-06-20 15:19:37,2018-06-21 07:23:00,2018-06-25 17:36:37,2018-07-16,b7ffcd5bbd944c2cdb407cb4017a55d5,2018-06-20
f5c1da9aba0b0b41ec20f6771bfd060a,55cf037bf8aab8f9546a9ef52eade642,delivered,2018-07-16 21:51:51,2018-07-18 02:55:22,2018-07-18 14:10:00,2018-07-23 20:42:17,2018-07-30,fbad662de6e9d6dec30dac3a946e05b3,2018-07-16
3b2d47df8aa11bc72eb017ae96631c4d,ca98f9d0b9cd527137b99812c0e0b918,delivered,2017-08-22 21:52:58,2017-08-22 22:10:35,2017-08-24 16:13:40,2017-08-25 20:30:02,2017-09-08,bd5cb3c81244dea5c5e4f03fe5c319e8,2017-08-22
c506c39efc92ce2be6baf5046afef5c8,7af5709a72b86f251d59e55bc5d35c4c,delivered,2018-01-15 11:31:45,2018-01-15 11:50:23,2018-01-24 22:56:45,2018-02-01 16:53:05,2018-02-16,be59b332f5ba71786335ccafbc7a3bc8,2018-01-15
6762c128b601a5d3cf6c51958ecec54f,1636ea836eb8309398c3a98f0fcf4951,shipped,2017-04-03 14:51:22,2017-04-03 15:02:41,2017-04-03 16:06:52,,2017-04-27,81f76e184edb5493e35679a024d09e23,2017-04-03
4f2fa4f9710bf00b09c28ac555393d2a,c73e6e8a8b134f319bf99f491bfc147f,delivered,2018-07-17 11:34:34,2018-07-17 11:45:17,2018-07-18 14:30:00,2018-07-24 20:26:37,2018-08-07,7ccf289b6c5f2c9bb62bb044cc15fa5e,2018-07-17
fc8396075ce143601c2d9e44e8e7777d,d1dbb00932fd17771d25a90c9f3feedf,delivered,2018-04-25 16:50:39,2018-04-25 17:15:26,2018-04-26 15:08:00,2018-05-02 15:09:01,2018-05-10,ca8b8eb5af23b397ca065f4d1addeaca,2018-04-25
ee44ba984c6672cf6f87358e64b63a64,8bd2b8776a440399acfa350e269736b3,delivered,2018-01-15 09:45:25,2018-01-15 09:56:30,2018-01-25 05:06:11,2018-01-26 23:28:52,2018-02-05,1a1365230a43758af008ce81b54f1432,2018-01-15
9a1ee1a8feb17ebd8368c1b36e97bac1,e2959190c63f7e405ee99e28c372a9b1,delivered,2018-01-30 15:25:29,2018-01-30 15:35:39,2018-01-31 14:09:06,2018-02-08 23:39:30,2018-02-21,4cd50f11b65cd66343d40936fa825a5c,2018-01-30
8baa038ccba688e5d3c2d087d7ac5ca2,be55be4c49ea283f0f51ba4b332568bb,delivered,2017-04-14 14:28:24,2017-04-14 14:41:50,2017-04-20 12:57:26,2017-05-09 12:22:31,2017-05-18,5a5060dc2474b95aa67bfb465a3ab10b,2017-04-14
6a618b375464d738bf225aa25553e50c,327c1945b6d3f759f3ff4a9f89f8058d,delivered,2017-11-08 16:05:25,2017-11-08 16:16:02,2017-11-10 20:18:37,2017-11-16 21:29:18,2017-12-05,120790cc6e1dd501c54c03a3b7d8feec,2017-11-08
f1460ccc2a627656b01d6b9301f66c5a,dd66b821762c71af5c8b3a0cb4e436a9,delivered,2018-08-13 18:39:22,2018-08-14 18:35:08,2018-08-15 15:19:00,2018-08-23 15:32:30,2018-08-27,3d2b62a896340357f4cbbe6fb804b4ab,2018-08-13
c821401a2442b0b99428fb297c4b127c,1ecf434b5a01864957c940be8862e457,delivered,2017-12-17 19:07:07,2017-12-17 20:10:57,2017-12-19 00:38:43,2017-12-27 12:35:17,2018-01-11,196a0e7f3563c9de2605b2a753983846,2017-12-17
e8ddca0d6240b571472906ab8a331f85,626820bab85cb11f5acf1873ed3c6dd4,delivered,2018-04-24 20:06:47,2018-04-24 20:33:12,2018-04-25 14:19:00,2018-04-26 22:03:26,2018-05-08,48bac4226fdf502747353ae853a6cb5f,2018-04-24
48e715c549b6c9eb4ac2c75f6df8b01e,7cd85ff9a069e8822b0f0b328e9f7dc4,shipped,2017-04-29 21:12:29,2017-04-29 21:22:35,2017-05-04 15:51:51,,2017-06-06,3aab41026b7d8e1b0c8d70b75139d842,2017-04-29
7ecf083716ec54fd45fc322a9ecd0e23,4d5e2385658717cd75dee70afb887aca,delivered,2018-07-08 21:54:10,2018-07-08 22:05:23,2018-07-10 08:26:00,2018-07-11 21:51:34,2018-07-19,af12322c0503f7e9d8737c3cba4409b8,2018-07-08
07c670122da5df034ba8618528ed9bc8,f0e4a95200a47e2ae1aa8e8c1af0b24c,shipped,2017-08-16 19:23:50,2017-08-16 21:04:42,2017-08-18 18:31:57,,2017-09-08,7c9b935f3b97a9c5ef678418932ae8e8,2017-08-16
cfe7e131a001d6fa542824cdc23399fe,b629e16459b744364da70da3e72f761b,delivered,2018-04-22 08:20:28,2018-04-24 17:57:03,2018-04-24 22:38:59,2018-04-28 00:08:46,2018-05-23,5417a0b793fa4800a68b4525e6dcba27,2018-04-22
e17e4f88e31525f7deef66779844ddce,f8a3e963a310aa58b60a5b1fed5bceb5,delivered,2018-04-24 16:16:53,2018-04-24 19:04:19,2018-04-25 17:01:00,2018-04-27 16:42:17,2018-05-09,b1a1199364a4a7fe27c4486ab63f550d,2018-04-24
6167cbcf55c4f79a6a86d57b3b7e7a2f,8f6059cbe139bc7a6136ac455d713c40,delivered,2017-06-27 10:43:21,2017-06-27 11:04:19,2017-06-27 15:20:16,2017-06-29 13:12:53,2017-07-19,e6845b6d340ed1788a4be304b0d712cd,2017-06-27
e12fe57998130b5374d8c1a89d367c04,6da402a6d134597d6717d704067ad269,delivered,2018-04-13 15:05:35,2018-04-13 15:33:18,2018-04-18 22:41:32,2018-04-19 23:14:47,2018-05-02,4d5c2cdbb5e05d8062016b8a537b41d9,2018-04-13
793e4123530e5d56e9ac29206774799e,6f93628134917fa9395a84f69c6a15da,delivered,2018-08-09 20:14:39,2018-08-09 20:30:12,2018-08-10 15:18:00,2018-08-17 14:38:39,2018-08-23,e2eccded4516223f9c6391bee103a4c4,2018-08-09
737ec1b843e5c26b0f026c0254d3ad67,3af72ade715e12875a9d23d275ac773d,delivered,2017-09-07 12:18:16,2017-09-07 12:30:19,2017-09-08 20:13:48,2017-09-12 19:59:47,2017-09-27,5582a3dd919867d0d7a42fca3dfcf81e,2017-09-07
98118a946846ed39501f78fef6ff3ea7,16a2e2b2a97824fa864facd6f2d0d6ae,delivered,2018-03-02 22:33:06,2018-03-02 22:55:34,2018-03-06 02:45:29,2018-03-09 17:24:46,2018-03-16,d1dc4ed1bd1e9aac58b5ba9b8914449b,2018-03-02
950f0e1bdbb03fb26f76d3373ad70e54,c78ce21cb11b3b0ceacf5be3e158f502,delivered,2018-03-03 17:11:26,2018-03-03 17:29:12,2018-03-05 22:48:41,2018-03-13 00:51:30,2018-03-21,aa3d117e569361959283b1e267bb785d,2018-03-03
8baf28445cb6bb0afdb2e6c88c8287c3,4ee2995e626e330876459ac7b9e7f517,delivered,2018-03-29 14:20:38,2018-03-29 14:35:08,2018-04-11 01:34:49,2018-04-16 15:46:40,2018-05-07,2f704bf55357c99fbb6015e3bffc5422,2018-03-29
470aaf67aea3ff90fa50bada79776333,ef33e82dcfe1d7e0e75624c35f17cb8b,delivered,2017-10-09 21:06:49,2017-10-09 21:14:38,2017-10-10 19:33:24,2017-10-23 19:13:02,2017-10-27,c0caeeba08db2b172fe93cd73998a978,2017-10-09
f731b243c311f0d8e1dc406d1d5eb1e4,784670620bb3b37e93bde269994d5d4f,delivered,2017-05-02 08:55:49,2017-05-04 02:50:35,2017-05-11 10:06:03,2017-05-27 10:13:52,2017-05-25,6c087c86c54d6b22be419e1da821da22,2017-05-02
b3b79c755af727f1f4f48351296842c6,24fee86a288d8c480e32c9ebe2520e6c,delivered,2018-02-20 08:42:27,2018-02-20 08:56:14,2018-02-24 18:27:51,2018-02-28 17:16:54,2018-03-15,79f62ce6a41cc87bf4d28e4de7f03104,2018-02-20
3a7ca38e787a31a356329fad4b45ac35,daf6556f032ed495209024a61f359cbc,processing,2018-02-16 08:57:03,2018-02-16 09:07:08,,,2018-03-14,23ac8dd141d3140b9eba0bf415fb8be9,2018-02-16
8f9c062eb4d6a81cd9d24beeb532e0f8,9a91eb50cf55e8c29be0025166f06f38,delivered,2018-07-26 13:40:34,2018-07-26 13:50:24,2018-07-27 10:56:00,2018-08-04 14:36:50,2018-08-15,fa1049d3d8b2b166ffcec93059d86019,2018-07-26
c531e20fbbaf3e7302ff967fb3c7340b,da8692c491948c8f9de006cfe9d2ad67,delivered,2017-07-30 23:10:56,2017-07-31 23:30:16,2017-08-03 18:47:31,2017-08-11 15:46:41,2017-08-22,b772c9cfe71a8b12e2217034af71ae23,2017-07-30
f01040f161c801679c263084377b85e8,20b527208d23dd761d0f26fa4f788a37,delivered,2018-01-31 11:09:55,2018-02-01 02:35:59,2018-02-01 17:17:48,2018-02-17 00:03:56,2018-03-01,2adecc69c1d234f34fa6b844180db1de,2018-01-31
a7ef78c3a5df5c8ec972fec1bda6c55c,a4275ab53821438a83cf6e6dfe85f88b,delivered,2018-06-19 13:21:35,2018-06-19 13:38:00,2018-06-20 14:45:00,2018-06-29 20:57:15,2018-07-11,be181ebd218583206a6dfe492bf3c012,2018-06-19
5f88cd646a937d40a9514fb0e587269d,ac25eef5399014681463e939fae1dfd4,delivered,2017-09-16 13:15:00,2017-09-16 13:30:13,2017-09-18 14:45:59,2017-09-19 17:11:58,2017-10-05,1f9055acd90980f8ebd38cd424637ec1,2017-09-16
9fdf7b5e959065e5c0d14fbc37b751d3,e474230f2f2d8886595d470351fbadba,delivered,2018-01-06 15:20:06,2018-01-06 15:31:49,2018-01-08 23:38:00,2018-01-12 22:48:07,2018-01-31,1f98e3467d2b48dfb44fc12b137d3447,2018-01-06
3fc956a467f7ebdb94ce31e7ff8dd95b,68c2e9de3671404a8f65a869f7a61e5a,delivered,2018-05-19 13:07:57,2018-05-19 14:18:52,2018-05-22 15:39:00,2018-06-07 21:06:27,2018-06-21,ddfc71abe11067855144231eef4b02e6,2018-05-19
17854cb973394948ffc171595b2ea615,6c07c8c0969167614207678f7235bdf1,delivered,2018-06-24 18:48:25,2018-06-24 19:20:02,2018-06-29 15:08:00,2018-07-02 19:07:45,2018-07-13,5075e3912520c297ac5a45cd0e826c5e,2018-06-24
1ee8f299315c112e3442b232cb9c6f3c,e428b952c1e0d1092005f58e3123b545,delivered,2018-08-07 19:00:24,2018-08-07 19:24:56,2018-08-09 13:38:00,2018-08-20 20:21:38,2018-08-24,a3fe4cec12d8e56f33a80d593ede8056,2018-08-07
25f6a84bb4462034741cec7bbc139f9c,8e68059b819a389508e2a37f46343e60,delivered,2017-05-19 20:19:38,2017-05-23 04:10:16,2017-05-23 14:37:35,2017-05-30 15:06:35,2017-06-23,72519c12ba1fb400c3a095f86a1c37b3,2017-05-19
eb11c7ec7dd5cc671f15b4de6672aad6,5f3723cda88a7d6657c5a210014def9a,delivered,2018-02-08 13:17:12,2018-02-08 13:30:34,2018-02-08 23:48:31,2018-02-09 14:21:48,2018-02-26,3b0d60531ac76fe72e19f663010699b2,2018-02-08
458661c70cd0af0cb182a2afb5033c8a,7cbcf7f49823f300c2309bb4344c0e61,delivered,2018-05-10 12:03:12,2018-05-11 03:37:47,2018-05-11 16:28:00,2018-05-18 20:58:43,2018-06-05,a4fcd2c03aec033798fef08bf7a7178d,2018-05-10
e6fab5eab715bc4786f1f555aac7b32b,cc4b3ff0e95d7cb184dda30ab5e1e255,delivered,2017-05-15 14:45:10,2017-05-17 03:45:08,2017-05-18 10:27:38,2017-05-23 15:34:35,2017-06-06,c1986731c9187570bab707969f420963,2017-05-15
eb3f49181d8f9fb967004f264af0b329,6582b96a9add89bd4a5a7a6b5b9391b6,delivered,2017-04-09 15:32:33,2017-04-09 15:45:16,2017-04-12 10:27:55,2017-04-17 09:59:04,2017-05-02,02b741ab4dd2d378208995cbd59d4926,2017-04-09
d97964c911feff7a28e51777c2ffbc7f,f9b311e286445b71d5b5d0ec5b3076ab,delivered,2018-02-02 15:46:22,2018-02-02 16:08:59,2018-02-07 15:04:46,2018-02-14 18:34:37,2018-02-26,bdb40fdb1df62064c8ee38b845459e77,2018-02-02
679d28292ba2c51a735c96d9e8b7ab8e,7971bf17081196035ea5dc10000cb21f,delivered,2018-06-30 00:31:28,2018-06-30 00:50:30,2018-07-03 08:29:00,2018-07-11 22:52:20,2018-07-31,8ccf38542fe9df5be5412812a6ccf8b3,2018-06-30
36fa95f01d9fbb6f3605c6b758460ce0,9aa55c2ab36b9f183627f984104cfd73,delivered,2018-01-31 14:21:33,2018-01-31 14:50:12,2018-02-02 23:24:15,2018-02-20 22:50:23,2018-03-01,2f5cc25735019f9b7eebe99f46813735,2018-01-31
f422fc9079ad77e0ec5a6ef2fbfc51cb,f7b2dd42915166febfae34a4925e2733,delivered,2017-07-24 10:53:05,2017-07-24 11:05:24,2017-07-27 14:37:37,2017-08-03 17:57:43,2017-09-06,6983421e97afe785a46e11ae5dd2b28e,2017-07-24
3f2502be2cb245c8c7ca170ddf39465b,f6f66dd6fa586fba39dc2484d0ab4947,delivered,2018-03-27 11:23:09,2018-03-27 11:35:14,2018-03-27 21:59:58,2018-04-20 19:17:33,2018-04-24,d00e958d2e4f52203dcfb1d1a0e16400,2018-03-27
3a2012438f0919dc24e43b9e8b21c4f1,391896deec196c10c6829f9f4e4ce719,delivered,2018-03-02 18:12:57,2018-03-02 18:33:38,2018-03-09 23:04:10,2018-03-23 20:07:49,2018-03-27,fb55cc0d232e5396cd8c083dafc0ef1a,2018-03-02
af099467911b979b79b3a49231876086,6a2896a95ecb9df4c195ac3ba4139cf7,delivered,2018-02-28 09:48:37,2018-03-01 09:55:58,2018-03-01 20:22:39,2018-03-18 16:56:33,2018-03-19,cdde22c7e6dc9dbda225bb26300a5ec2,2018-02-28
878a17cea3ed0bda2fb9726c2d4ad57c,d75f7a65c23672520fa4dc4125443ff9,delivered,2017-11-23 13:16:55,2017-11-23 13:26:27,2017-11-29 22:48:24,2017-12-06 22:35:10,2017-12-15,992535791de51fcb65e43ff850a8ab88,2017-11-23
49b569121eeb2f246d369618b5804605,7fb28b72559f15550a82e040b117dcc6,delivered,2018-02-13 19:22:25,2018-02-13 19:30:32,2018-02-16 22:18:27,2018-02-28 00:56:06,2018-03-19,3188c007dd2e0cad868f43a39274c6e8,2018-02-13
6d2fc09d62a66a0e432cb3d6e98a504e,741a12b94b48a426f2cbd87b83a62c29,delivered,2017-10-07 22:32:50,2017-10-07 22:49:13,2017-10-11 23:06:19,2017-10-13 22:47:35,2017-10-30,1de2b484fe9f9cc281e5461c4f9c6464,2017-10-07
191c451ac0475419ae3c6e7dd134545d,595db1a58f8b33d7c1358fc3d894c1a4,delivered,2017-04-07 19:48:37,2017-04-07 20:03:09,2017-04-12 06:52:48,2017-04-19 15:58:05,2017-05-03,c75c9d7b64971896c6c147a4829bc31c,2017-04-07
dc8e3dc6a8e29fdc96bb539516a4a175,cd4df1ae5312a4ec95eebf39cf52dbd1,delivered,2017-06-10 18:28:28,2017-06-10 18:42:35,2017-06-13 09:55:42,2017-06-19 14:17:54,2017-07-11,f76b1765ffcbd8620f3b0a27844e1ef0,2017-06-10
38eb881851d90ec36b46d10b81792089,9605611724e3d18d409d01f49f56ff54,delivered,2017-01-27 09:29:40,2017-01-27 09:41:26,2017-01-30 10:14:02,2017-02-07 11:33:44,2017-03-09,ea7db74b1a04a7a1bbfab5c7d67f3f25,2017-01-27
4c093f4ead050e56e7c9087f8530fd21,a79fd52fe8c942a0041742458df8cc62,delivered,2017-08-09 23:01:43,2017-08-09 23:15:18,2017-08-10 15:34:11,2017-08-14 20:12:41,2017-08-22,dedaf53395a6c35ffe9c422db83d3fd7,2017-08-09
396f84886eb4046aa249fdf2aacf3994,1be6957e14f6abf03bda9e6529df876e,delivered,2017-11-29 16:20:51,2017-11-29 18:10:31,2017-12-02 15:34:43,2018-01-08 15:50:32,2018-01-02,e28e672b3d65f42d13df9f12ff523e35,2017-11-29
1e6df4ea0f78bcf1e9e1a3abf97f28e1,462903f7a882d16b16e174dfec5aece4,delivered,2018-05-03 09:31:04,2018-05-04 03:52:03,2018-05-04 13:27:00,2018-05-11 18:22:06,2018-05-21,23c130edd9a7adeb635bb365f7478154,2018-05-03
1373f8a3742861c26892cc2aab7c41e1,630b189fb0c73900cf3360c4a795680e,delivered,2018-05-23 14:33:25,2018-05-23 14:54:47,2018-05-24 12:15:00,2018-06-04 15:14:41,2018-06-19,20ccf8a027eb8b7ac022190daa551b0d,2018-05-23
2eadb8e36b6d6465dc9e2e3f3b95751d,a71faac9f56802e89e3ae192fd53f1af,delivered,2018-01-24 14:20:08,2018-01-24 15:18:28,2018-02-09 15:05:47,2018-02-28 19:41:40,2018-02-21,a46694e76f745720cdb94a059c2f70c9,2018-01-24
f2b0b1751d796ee3bf5df90cb7c1c213,fc329f76b6bbfcdb6faafd1ec6c2dcc2,delivered,2018-05-29 22:00:30,2018-05-29 22:13:57,2018-06-04 11:02:00,2018-06-08 22:57:44,2018-07-04,0dc518d8abdebc44939e742f58811dd0,2018-05-29
0fc8b7fbf6a7c5ab753e2e3d0ae70d8f,9d8b2a0211096189deeed55864ca3f7e,delivered,2018-08-05 14:43:30,2018-08-05 14:50:22,2018-08-07 21:27:00,2018-08-14 03:56:47,2018-08-16,4aee996e01e1a5c4c1e2eb3f7ace9063,2018-08-05
f6574123907a6dbd5a6815a933352dd1,f00a40a998dc124f39d13639c2b0ab89,delivered,2018-08-14 21:17:37,2018-08-14 21:35:08,2018-08-15 15:01:00,2018-08-16 16:47:54,2018-08-22,47540661634928b76c9e863afd1bfce1,2018-08-14
1dca2485fad83accbda87a3a319645df,2d88629a83d26875a27469aae1ca4e59,delivered,2018-06-07 12:21:11,2018-06-08 03:13:33,2018-06-08 12:09:00,2018-06-13 19:51:10,2018-07-03,c40b4118cb3c231df85664bfc81a6ac5,2018-06-07
35066d34d3d361931bd8dbad2a94bb0e,07b37fbfa3d8fe1c16ace64c754b4b0f,delivered,2018-06-28 07:49:51,2018-06-28 08:10:41,2018-06-28 14:38:00,2018-07-03 20:21:35,2018-07-19,ce1e1e7bbb0d4e48e7fd6d9f78b037a1,2018-06-28
bef0a9fd3674bdfdb2a292fab7793cfd,15ecd23b1acbeaad411b5e7fadb5b82a,delivered,2017-11-29 11:03:39,2017-11-30 02:23:36,2017-12-01 20:52:33,2017-12-18 11:59:02,2017-12-22,1d8b0ad18933da9e3bb6f4a02f86cd70,2017-11-29
225876f643a4b8aaacc6afc0aa77db8f,e6cc2c8d49315f74f3e69afa6612828b,delivered,2017-11-17 13:12:02,2017-11-17 13:46:40,2017-11-22 18:18:34,2017-11-28 17:49:01,2017-12-07,b1467844174a633d2406b0ff10f64e90,2017-11-17
08e4ca5f437f69407fb01cabd2d7a0b8,597bd0e14e006030f62d7f250c38cdc8,delivered,2018-03-29 11:14:04,2018-03-29 11:28:09,2018-03-29 23:27:22,2018-04-09 18:14:51,2018-04-11,794289143465c94af43ae34479a30499,2018-03-29
e560cc6069dbeeb38995174a47c13674,b31b732721552a38f5e8c1a10ea02399,delivered,2017-11-28 11:42:49,2017-11-29 02:16:41,2017-11-29 14:37:27,2017-12-26 14:37:08,2017-12-29,79f370f8c26134e52fee1e0adb0caa13,2017-11-28
f785d080775c235e41c1bd3326841a93,8bf454b89beff2ec924926ab56882cc1,delivered,2018-06-26 17:21:03,2018-06-26 19:04:13,2018-06-28 14:56:00,2018-07-04 18:28:39,2018-07-19,e61e0c3ed336afc92b3c1e19fe0686b4,2018-06-26
171d3263754e4e5227db940932f6a97f,e5dd90b1403b3e5fc69a12644aeee5bb,delivered,2018-04-04 22:39:54,2018-04-04 22:55:09,2018-04-26 15:10:00,2018-04-30 17:09:50,2018-04-17,5503225a48ae360aa5d1957bd64aa725,2018-04-04
98c927d938727c3ea7afd9a8f96c14bc,d436c42addfe867533ea17b839311b5f,delivered,2017-02-20 22:06:53,2017-02-20 22:15:16,2017-02-22 13:37:41,2017-03-02 11:54:24,2017-04-06,1c49243af5ccc77a2b0547b120a3b7d5,2017-02-20
2a463210d1a9df13867520674e9358dc,ba0bfb46dd7216784ecd3695c4ee60d0,delivered,2017-09-07 20:34:30,2017-09-09 04:50:06,2017-09-11 21:23:04,2017-09-15 20:35:40,2017-10-03,90268bc0fa504821ccaba5d9e8d0c07d,2017-09-07
cc06f04e742657f674ab020cdb9ab887,e32a0c2d53e5a5e6102eb41cbaa3d645,delivered,2017-07-11 22:28:49,2017-07-12 00:32:15,2017-07-12 17:07:36,2017-07-19 17:41:47,2017-08-11,cd01775fb15449c696ba637d39700de1,2017-07-11
4ce497c83d9c68348561cada6e2a2869,024ae08edb07b933f90cf66233749218,delivered,2017-09-26 07:57:17,2017-09-26 08:07:11,2017-09-29 17:13:37,2017-10-09 16:28:20,2017-10-20,81c5508443d1757da23b2b3d5f69fad5,2017-09-26
3ea2afb905927c34e0283d00eb811103,bcf8e0126c082f9a8a07d18687265bcb,delivered,2017-09-21 22:42:44,2017-09-21 22:55:12,2017-09-27 18:24:54,2017-10-03 21:40:12,2017-10-19,34c4b3fb530c4dc309a44d49f84d8350,2017-09-21
e395f41a7b2899eae1063fabe767e755,25e7d85f9b7b93a7f0b5c1021faaa3e4,delivered,2017-06-14 02:13:46,2017-06-17 03:20:08,2017-06-19 21:14:49,2017-06-28 14:49:46,2017-07-12,e1d122ac958e4f73ac3a5fb7ee6fb5bf,2017-06-14
809866afc43dd3f06fc471f5eebe53e6,f72fbb835edf6b8939d099b436e89f49,delivered,2017-08-05 19:34:53,2017-08-05 19:50:11,2017-08-11 21:14:28,2017-08-16 21:05:56,2017-08-31,e57089718d0b26bac3845c8e2a949da7,2017-08-05
2f4f4e713ba94c2880bd26d5adb142e1,5f95660fe02859083a84e50cc6a23f48,delivered,2017-05-30 09:53:32,2017-05-30 10:05:20,2017-06-06 05:49:35,2017-06-16 15:17:36,2017-07-07,b3b7208a78ac75f047137484768a868d,2017-05-30
b6ac9e1564a4ab43f7958280ebc3ea23,2328fde11c9510cb7674a4bc73ce2075,shipped,2018-01-08 17:11:17,2018-01-08 17:18:33,2018-01-13 03:52:27,,2018-01-31,962f59f16192af55bb1832221274ad74,2018-01-08
41ec1c3e85fe3ec775c90dc99e697991,74286e84c53dc33b9ea00c5b20274a5e,delivered,2017-08-07 10:19:47,2017-08-07 10:35:19,2017-08-08 16:22:17,2017-08-17 18:07:49,2017-08-29,60adb0b8ea78951488e9b7d657642847,2017-08-07
90f5bc49a00bbb174525836eeacc4970,fd07331c4101d0fdb0a32655958da8d5,delivered,2017-10-18 23:23:06,2017-10-20 02:45:57,2017-10-20 16:29:29,2017-10-28 13:52:57,2017-10-31,501a8a414f0ae0164f0da2974541b2b9,2017-10-18
d4c73de44c6a4b71eb3d06d3b362d57b,3de901159b2d9cea0b4b358a5d5afdc6,delivered,2018-06-12 00:00:58,2018-06-12 00:56:25,2018-06-12 13:09:00,2018-06-26 22:44:31,2018-07-16,492d755d96303485208775ff478277d4,2018-06-12
1100a32038f8a2194f67f0cf30cb434e,e53d099c01ad635b7dca18573d4ab1ad,delivered,2017-05-04 15:01:04,2017-05-04 15:10:21,2017-05-05 09:11:21,2017-05-17 08:54:45,2017-06-07,e40e0b77f034b7772e51acc0edcc7d8e,2017-05-04
d8be9ae1b47e841991f6985619f70ddb,c511befcf798066fca8ef14738aa0468,delivered,2018-04-01 23:37:16,2018-04-01 23:50:20,2018-04-04 12:33:00,2018-04-16 20:14:36,2018-05-21,9ae64b9359e8c5c574906484dee83488,2018-04-01
e55ccf4e8ae6aa77431729b1bf96d741,a05d492275cc70b7edef237403ef8fed,delivered,2018-06-12 11:56:40,2018-06-12 12:43:42,2018-07-03 13:55:00,2018-07-12 18:58:24,2018-07-05,69afe7c27aadfa869ed76ef5342a4b76,2018-06-12
25a404f22637eb472d87aea1b5358908,37477516d7b6f959ce137f49f1842a72,delivered,2018-02-08 10:08:50,2018-02-09 02:50:40,2018-02-09 19:35:13,2018-02-21 10:33:23,2018-03-06,569bf09fd6fb8d6be955c5faad22d866,2018-02-08
bd64d101b15234bb5f46c6b01ec42aa1,74c1341b048d9fb5284b1abec60c4eb6,delivered,2017-05-08 11:07:47,2017-05-08 11:22:32,2017-05-12 15:21:54,2017-05-23 23:43:29,2017-06-20,60570cfe8dd2e12425c85297497675d4,2017-05-08
16587ab039631e704fecc41c056967a5,1fd573985161f34c098e4a0eb1e3ae71,delivered,2018-03-27 17:10:20,2018-03-29 13:28:50,2018-04-03 00:31:30,2018-04-12 12:44:34,2018-04-13,0ebc468c22ca683df35b34242446610a,2018-03-27
0dcaff4e23cee08bff0fe78261d1baaa,628a26e8b89edee1e4c60264818ebe63,delivered,2018-03-09 15:10:41,2018-03-12 08:35:28,2018-03-12 21:26:54,2018-04-06 21:38:27,2018-04-16,623c354ece1488427e60faa24c49dcc1,2018-03-09
302587fd403c7a79ec30441e21c320ed,fa2f2f4d0b78b78474e84de70992ee47,delivered,2017-04-12 10:07:33,2017-04-12 10:22:15,2017-04-12 13:43:57,2017-04-17 14:17:20,2017-05-04,8da5610ca5111b78211a8f1adc58fb5d,2017-04-12
790710021a014a0263cef04999d451ee,fca8329f8acb14ce34528309daebceab,delivered,2018-05-28 11:58:55,2018-05-28 12:12:32,2018-05-29 15:18:00,2018-06-12 21:04:33,2018-07-19,aa6936241d74e5633525f9ef4c85321a,2018-05-28
f64d913f55a51b368d17498f8cdef01d,c777b902d1733ccee3c92bc2c451538f,delivered,2018-01-08 09:05:10,2018-01-08 09:16:20,2018-01-09 20:22:34,2018-01-10 16:32:24,2018-01-30,aeee3461c7210b7e93c4b8fa7c53b198,2018-01-08
e0ee4258e269f1bb1f882f851b05bafa,ccc35ad52db11ea0aca08a8662cfb048,delivered,2018-02-09 07:04:02,2018-02-10 02:49:28,2018-02-15 15:17:43,2018-03-14 17:06:33,2018-03-15,7cdb3b6683f927ddcd5ba4226482a04e,2018-02-09
57403600149411ebe00580622d55a65c,cee6807aacc85c9f6272230e3f1a2283,delivered,2018-01-06 07:49:02,2018-01-06 08:08:14,2018-01-09 17:53:05,2018-01-11 16:43:12,2018-01-26,10122df9c71237847609154c0cdbf5ce,2018-01-06
46cdb74fc020d853a9d8d5100b77dfe5,d399f99a4070fd5fdcd24f4d7f43a217,delivered,2018-02-16 10:13:03,2018-02-16 10:27:58,2018-02-21 20:58:57,2018-02-27 12:34:04,2018-03-14,edb9f1eb5912d42e67f6a82fccf32a74,2018-02-16
a0257c63797f7dfa662f7c6fa6af1cc3,29e7a938492cb8122fce44bbe605f274,delivered,2018-07-20 15:14:29,2018-07-21 03:05:09,2018-07-24 08:30:00,2018-07-27 10:51:03,2018-08-08,a0ceb48ffaab665511ba11f3010c7b4a,2018-07-20
f81d082e88c93adee5b45ea41c711d67,3db8d7ab9640d049e6cf96272d1c934c,delivered,2017-03-24 21:35:03,2017-03-24 21:45:15,2017-03-28 15:27:51,2017-03-31 18:36:46,2017-04-17,b5dc8dea53a2cd22f392d462c6566cb1,2017-03-24
16f6cf86122c11b8b1e46d21f4b31f89,ff509fd8f1551fc37d3e394e2bd95b4f,delivered,2018-04-17 13:06:22,2018-04-18 03:30:07,2018-04-25 14:30:00,2018-05-07 21:58:31,2018-05-14,04dbf46a1742e59af1a912e5e3c986d3,2018-04-17
798a8105c87bcc1f35bc710d5b31278f,e8299043927a80150a49daed412b9ac9,delivered,2018-07-17 14:31:04,2018-07-17 14:45:16,2018-07-18 10:04:00,2018-07-24 20:41:44,2018-08-01,f89975ead9cb56a850cb9664e7cf881d,2018-07-17
c6bf66e37e4bdab5ad532291c72a1d71,0a0700ae1606e3682281763fc7f1b50a,delivered,2017-06-25 21:03:37,2017-06-25 21:15:23,2017-06-26 17:05:54,2017-07-03 15:13:30,2017-07-18,e979170783d20d90448808ffa2567548,2017-06-25
a8715df62ddbba56b77f5ac4ecf71d4f,ad1d8fcdf98223e86c6863f69e579c58,delivered,2017-09-12 17:40:49,2017-09-12 17:55:26,2017-09-14 12:37:30,2017-10-02 16:58:19,2017-09-28,70b7e0a4b0b07db31210d74847296da0,2017-09-12
dcb668b21e7c36224624fc4b4ddbf0fd,6c9a9031dd1214977dfef7ef3338988e,delivered,2018-08-15 15:12:00,2018-08-15 20:25:32,2018-08-16 16:24:00,2018-08-20 18:22:41,2018-08-28,7c5cd64106c9160122fd28b026cec28b,2018-08-15
59a5648d91a60574c541152e2fe1c66c,afdf544a50f99cf8bd472e2867a883c0,delivered,2017-09-12 13:52:02,2017-09-14 03:05:47,2017-09-15 15:44:44,2017-09-28 19:45:06,2017-09-29,43c272f80acfc8b161137776e983cae3,2017-09-12
7327c30a5230ce07bc2c7a695d553a00,e6d617c1fba954faad8b4a49340aa91b,delivered,2018-08-17 19:54:45,2018-08-17 20:10:02,2018-08-20 13:54:00,2018-08-23 22:52:35,2018-09-04,4a82b398ab04cbb01ddd7b602c22bd80,2018-08-17
0b82a32f3caec8e9157049e294486ade,f3a7ebd01294cc0c18f30693542694e0,delivered,2018-02-19 15:33:55,2018-02-19 16:35:26,2018-02-22 17:17:04,2018-03-05 20:34:32,2018-03-19,a601294fe5eeb1f05f93b1a11bdd01cd,2018-02-19
1c1edc51639298654e55f2408a244f29,4019c8a62bc1d577f20482e60b3f8250,delivered,2017-04-01 14:19:45,2017-04-01 14:30:16,2017-04-05 08:22:36,2017-04-12 12:11:52,2017-04-27,c339119ffacb794045508dd579fe8a8e,2017-04-01
80aa2135c5b3fe41dc3d30aa45bffc92,2e1bab943be16f7ecac46e1648222eab,delivered,2018-02-21 09:19:28,2018-02-22 09:15:33,2018-02-22 20:03:50,2018-03-05 22:36:59,2018-03-13,abb7a2bc216d5d72c86583a989488b46,2018-02-21
070492c570207c7d9207ed0eb2254ec7,a639eb942974831cb8c12bd71c43c91e,delivered,2018-05-03 10:16:09,2018-05-03 10:57:15,2018-05-03 13:05:00,2018-05-09 13:59:10,2018-05-22,7475cd4be944c03f1352957c8ad4b993,2018-05-03
3227045c7007663566ae3d19aed8cca7,b9da6623473d64470e9f4bf9f600cd25,delivered,2018-07-28 13:20:43,2018-07-30 18:31:23,2018-08-01 15:01:00,2018-08-03 19:42:28,2018-08-06,c73f294466cf13293810f4d1a3728d56,2018-07-28
33a87700d69548a4c5e19b95ac6f7612,652ef9556765496f4513c5ff2784cc92,delivered,2017-10-16 08:43:32,2017-10-16 08:56:32,2017-10-16 20:22:38,2017-10-19 13:14:20,2017-11-03,10d751ef05ec08853b2ca0816ee70b0b,2017-10-16
1751f4e14a08d5188324c3a04175f76f,b7a90f561b18304e3b27a624a291fe5a,delivered,2018-07-19 15:42:35,2018-07-19 15:55:14,2018-07-20 10:30:00,2018-07-27 21:58:35,2018-08-24,3e27ee3f48cb9cabeabd93885de3fd09,2018-07-19
0965b209e76b9ac20f7dc673c735ade3,62beebea8629d73ab3ca95c23ed239ae,delivered,2018-02-08 09:30:54,2018-02-09 02:55:51,2018-02-09 22:17:22,2018-03-07 20:35:18,2018-03-07,aaf19344c14447167191cdd3d7530acb,2018-02-08
3e25999bf7aaaa6030eae32f9ec7a7e3,4499d160ec40728533c4b23180bf6140,delivered,2017-10-26 16:14:29,2017-10-26 16:31:07,2017-10-27 21:09:01,2017-11-08 14:28:10,2017-11-27,3f6f2c74e11bf3f1d61213184df72e1b,2017-10-26
aa9db0502703dcac7b66401ee4128525,0f414c3de4b25372b9db335c5570a095,delivered,2018-06-01 13:38:34,2018-06-01 13:52:39,2018-06-12 14:20:00,2018-06-20 21:19:29,2018-07-23,ce7cab3153b9b9f251ff92a4788a14b3,2018-06-01
0e2b7e9ea88624cc24fe978983190dea,278bd592e79315f09047f589279bf742,delivered,2017-08-19 17:33:47,2017-08-19 17:50:17,2017-08-25 18:45:51,2017-09-13 20:23:44,2017-09-15,f668170416a9f589e91a2b9dc11e1eb3,2017-08-19
309688f286ca9fb39735664ba1e37b29,be9e16f7c118e7f49f6399f01fb4a48c,unavailable,2017-11-26 22:38:45,2017-11-28 03:19:58,,,2017-12-18,2fe568d05684fa1b16d752caa920afb9,2017-11-26
56b7ca6309bd6a7a28e721e5d4b0b490,41ec3f2197c435d9c1da89f4da6d6d4b,delivered,2018-01-14 18:33:21,2018-01-14 18:49:19,2018-01-17 13:06:32,2018-02-04 13:05:03,2018-02-08,cfbb30c3ba2413ca1c2bc4e8ec5cad3f,2018-01-14
fbab2f1499ada7711dc92e28e8e2cee9,ba17f3083626c96ea274189cc1011df8,delivered,2018-02-17 10:22:58,2018-02-17 12:30:27,2018-02-20 22:27:37,2018-02-23 20:04:40,2018-03-09,bff65783895343aee750c6415314f5a9,2018-02-17
244eca4c9c8dd0dd793f6ea85d5ddc7b,3f4696db4e5c88ce4bd4d4fa2bbe318d,delivered,2017-10-17 23:11:15,2017-10-17 23:25:41,2017-10-20 22:34:52,2017-10-26 13:38:54,2017-10-27,cd04cd9aa9eb0b51b40a2b124f3a93f3,2017-10-17
35fa6439ba94d9ae82eb04e05b5f0cfa,d84702a9b331fb9c654014dfa116c55e,delivered,2018-05-02 20:20:32,2018-05-02 20:53:37,2018-05-03 11:09:00,2018-05-17 14:05:01,2018-06-01,8d683e1e9344dbf659028d9667dbff5d,2018-05-02
4da0b6d6c8c1ecb4588a756d5e2d2f54,6d51e47d2de21f745835c676f497423f,delivered,2017-11-28 09:37:49,2017-11-28 09:58:26,2017-11-29 20:48:37,2017-12-04 15:58:59,2017-12-27,6f3ca89330837b46001199053466d4e5,2017-11-28
5ccb4a64fc9be1b3a80e261aef938115,6c8a4da7b11b28b528bbb1561cd232f7,delivered,2017-05-08 10:20:57,2017-05-08 10:35:24,2017-05-08 16:36:51,2017-05-24 11:38:01,2017-06-08,6b62ffc01d145a07072c3a54da59c5c9,2017-05-08
47cbe02b9cbc9a962569b1fb312b3f0f,9e284cef10301abed03dee54ab89bd1f,delivered,2017-12-11 11:26:02,2017-12-11 11:33:34,2017-12-12 21:53:28,2017-12-29 19:47:05,2018-01-16,3bc7c852051d4ffea1e11a834927dbe3,2017-12-11
1eaa935853fe167483625d418b44a5ca,68abdcfa9b4da73dca5594ee769d3ca4,delivered,2018-01-22 16:33:37,2018-01-22 17:00:03,2018-01-23 23:47:50,2018-02-20 00:52:16,2018-02-14,e05757dc57fc38f5156c82e9e4444f8f,2018-01-22
3e6e1b157030813612778573761473cd,19d5418e2a5745573e27926244ff25ef,delivered,2018-06-08 23:41:43,2018-06-09 23:38:25,2018-06-13 14:13:00,2018-06-20 19:58:50,2018-07-11,b6a55e2e22449db4b5df27413d36c02f,2018-06-08
63e2061a4407562cd451960ffcddf631,02fa88c1b03de13858abb54758c93276,delivered,2017-06-20 23:49:08,2017-06-21 00:45:22,2017-06-22 13:53:55,2017-07-04 13:57:35,2017-07-12,a042c287397bdcb93c0b1b5efcb7ed1f,2017-06-20
f98dc0bb1b5d1102af20837256cca2c5,3f045735fd30e3e9900dc9fe56d05bbd,shipped,2018-06-10 14:46:38,2018-06-10 15:11:57,2018-06-11 13:08:00,,2018-06-20,5d6043efeaeabd4391ba677793e67b91,2018-06-10
3cd800ca7c2571661a5d8f0fe9053536,b08ecc6bd3a04248974edee362d8ad9a,delivered,2018-06-28 20:39:52,2018-06-28 20:50:16,2018-07-02 13:25:00,2018-07-09 14:24:35,2018-07-23,29f0e9d5f557f232fc0f95ec1cf90667,2018-06-28
6b8f597844181710961184cee39a2aa4,ff792fe1772fd36b73b4ef17a42f7e6c,delivered,2017-10-25 11:11:48,2017-10-25 12:06:10,2017-10-30 20:55:34,2017-11-06 18:27:57,2017-11-16,d0cecf2b032b3831caab0a7c4bf534c0,2017-10-25
deddf7d706863120a317dee83aefafea,cc86d93407044ed296e1797f53f9013f,delivered,2018-02-14 13:25:10,2018-02-15 04:10:50,2018-02-20 18:42:46,2018-02-24 14:25:45,2018-03-06,abc2f288c101295b7c534371a51b6354,2018-02-14
86f81c004682148df5165e2730148b07,72d17b92f09d90b63f157fb9fceb8b6b,invoiced,2017-06-10 17:20:44,2017-06-10 17:35:08,,,2017-07-10,d3181b517242e12a5a077870fe58b2ec,2017-06-10
a92dbdbc5549075a9831481180d02575,e00d297616884675d1a234e6fc7eb4d4,delivered,2017-06-12 10:06:39,2017-06-12 10:22:28,2017-06-13 13:21:46,2017-06-22 15:27:59,2017-07-05,1219f6438c5658e2fafbcd96daab40f5,2017-06-12
81c7dd9cf79280e0bb811aded534aaa1,cf264ac5e3cd14a8c67c76c5ac574162,delivered,2018-05-11 22:33:28,2018-05-11 22:56:03,2018-05-16 10:17:00,2018-05-19 15:46:28,2018-05-30,b5364c92d107839f7bda1587f9872218,2018-05-11
a2b3e75e2e444a9ce134788d66d5dec1,3982c2958292950bf13e6df79c25aa3f,delivered,2018-08-16 10:45:11,2018-08-16 10:55:25,2018-08-16 13:57:00,2018-08-22 01:17:44,2018-08-31,ede1ea2289df1d00cd59334762b0bd43,2018-08-16
4cddfa3db1f20697139ba4a46c4fd399,24cddae2e51926ae7ac40c628a8338ca,delivered,2017-07-22 19:06:31,2017-07-22 19:15:09,2017-07-26 18:46:35,2017-08-17 13:42:42,2017-08-21,8111e35251e270e133f321c2c39b2a9e,2017-07-22
7cb8c91adbd919548af46374c1c03c0e,9cbf9ea37b38abb5508c5528afe4bf61,delivered,2018-05-10 16:19:49,2018-05-10 16:33:00,2018-05-17 16:14:00,2018-05-28 16:12:24,2018-06-06,5fdf0405329cc29103209f3e2eff5ad3,2018-05-10
45f515769238adec68b3ed763acbc3b2,01208d73b8f2d0e10347aae1242a12fa,delivered,2017-06-09 23:23:45,2017-06-09 23:35:19,2017-06-12 16:14:06,2017-06-19 14:40:39,2017-07-06,ad5db7237bf82b05272008e7ff2ce225,2017-06-09
6ef172eee30cfbfa01516ce2eb2ee68f,506a9747164ba320cf874723aad41c23,delivered,2016-10-07 11:37:12,2016-10-08 03:51:24,2016-10-12 03:51:25,2016-10-15 03:51:25,2016-11-29,2557b9d6b7d5ca77ebc116062e558214,2016-10-07
11f61eaa0c763460148326fd83749fd0,e9b09b15e028a4f1ec776f98bb525182,delivered,2018-06-04 11:13:53,2018-06-04 11:30:41,2018-06-07 13:18:00,2018-06-09 15:41:38,2018-06-28,44dc75f57638cf465f8af113bfa8250a,2018-06-04
01efe0209a92b2f21f6e0edee4bd4eb6,a096c55fc5ab79f92c64f63541ac39e8,delivered,2018-06-24 19:18:27,2018-06-24 19:36:05,2018-06-25 10:49:00,2018-07-06 11:41:04,2018-07-19,10ff81967c0b118cb0dce61eb430df72,2018-06-24
cfac0d6ffa23400c25da017e69a17370,af228f53b88e6a0fe167b55a8e6c8af2,delivered,2018-07-20 10:07:02,2018-07-20 10:23:54,2018-07-20 15:25:00,2018-07-24 17:39:46,2018-08-03,7c588c097689b0b77fd73d171332b0ba,2018-07-20
38fad35c11cb18574e36b947cdd1a222,25c9e5b149518a28b6ce5cf64c5edf39,delivered,2018-02-14 16:34:30,2018-02-14 16:45:38,2018-02-22 19:58:04,2018-03-20 15:37:30,2018-03-14,2d828097a7e624e7f944af58883a7087,2018-02-14
5eb48a486860d85108f3e9b4276445b9,c25554a6eb88dd24ee0c9490945e6f78,delivered,2018-08-19 22:47:43,2018-08-20 13:49:32,2018-08-21 15:03:00,2018-08-23 01:41:20,2018-08-29,9eb4d19845a85fac90e70e9e790d4f7a,2018-08-19
4b1130720b31500948a942732f0befc1,993369a7d509b78331e63690031b1dac,delivered,2017-10-17 23:18:53,2017-10-19 02:56:19,2017-10-23 14:15:08,2017-10-24 17:16:56,2017-10-27,8ea95e0fc3da49749b66835754e2062e,2017-10-17
fe198069c03f548e40276d7c9d67c9a3,c8c67eae0994c44a07fe8cd2c5e54caf,delivered,2017-10-03 17:57:29,2017-10-03 18:14:38,2017-10-05 20:01:23,2017-10-13 16:39:40,2017-10-26,c37112c6cd4da4c6ecd37ad90e17b8c8,2017-10-03
3a119f52de09d1b2700815732def8b47,86e0f1f27a4905bbb04e1567c40af946,delivered,2017-11-24 19:39:43,2017-11-28 03:19:20,2017-11-30 01:28:31,2017-12-16 18:46:40,2017-12-08,4a2ef9877f9d8b95109d5026c48efaa8,2017-11-24
e537459d4e4d330e0f64b1ae07bbd74c,235f7685b66b79f8be076f42e6b101bf,delivered,2018-04-12 22:28:45,2018-04-13 13:31:40,2018-04-13 23:08:17,2018-04-18 21:31:56,2018-05-09,9c56b82b66494955fa8c756baeeba6d0,2018-04-12
0da255e3ceb9c5b49f60e84f45822f50,bcd02ea345feee75d1449db054552f3f,delivered,2018-02-18 17:00:36,2018-02-18 18:06:55,2018-02-20 00:48:29,2018-02-20 16:48:15,2018-03-05,656fc9b3cfb2fb6d766563af43b2ff1c,2018-02-18
56b6c0c35525102d39f7314a90f95977,bc5070ca41ac816753a5644f5940c923,delivered,2018-03-05 15:44:41,2018-03-05 15:55:41,2018-03-07 21:22:13,2018-03-12 21:42:41,2018-03-21,fba9dad1013693b7d732f8f8c838d763,2018-03-05
52e71da3bc9b0aabdba702eefe259a71,accd6a35e5113320900099e88fca468f,delivered,2017-04-17 09:46:16,2017-04-17 09:55:18,2017-04-20 14:04:10,2017-04-26 09:10:35,2017-05-08,e65862da4f9f183565831cf7e1cbb7a5,2017-04-17
0e0cb073422fcdc0645935e23d672736,890756905264b648874867f666812c4a,delivered,2017-08-08 23:50:03,2017-08-09 00:03:10,2017-08-10 20:02:48,2017-08-17 20:43:54,2017-09-04,417554820ba7654ce21af667f85cf0a2,2017-08-08
7a82d6437abb93a8fb527f64e86cd407,6127e000a375cb76adac1f4eb6691ee2,delivered,2018-04-13 06:41:04,2018-04-13 06:55:09,2018-04-19 22:08:37,2018-04-24 20:39:42,2018-05-25,4c7dddc4f2de0f8d2f0d9e4362091036,2018-04-13
2657524b4f269657a166535a1cb3fc3f,c39bbcffc6e2a782a4ad8ab65c6f2f96,delivered,2018-07-20 09:29:48,2018-07-20 09:45:13,2018-07-20 13:17:00,2018-07-21 17:18:25,2018-07-30,bcd78c24d48f06e20212632ed6c4c424,2018-07-20
1f7565efbb90c33b80f467d6a75332c5,83fded1664502281de0a00b06f17781e,delivered,2017-08-21 00:40:16,2017-08-21 00:55:05,2017-08-30 17:35:05,2017-09-20 19:05:33,2017-09-15,8126dc008b87c31b0d0d56c0fffe04aa,2017-08-21
25a78946026443985bc3bc5cb3593716,5af035a6f32c72b48b15d727238e9175,delivered,2017-05-24 08:52:21,2017-05-24 09:05:14,2017-05-24 13:48:54,2017-06-05 16:22:29,2017-06-20,4382a84e3abc660b6b5236c0ad8ad2a8,2017-05-24
b6df8ec45b7a0b36bae45fcac237f298,07073537c7394038818895e9cca2ab06,delivered,2017-12-20 06:08:35,2017-12-22 02:38:56,2017-12-22 17:53:49,2018-01-12 23:58:42,2018-01-24,a736fd2b457e8eacfc9e40f3076ee4c4,2017-12-20
aae94c2aeef4dd87a92315ae2f25f67e,398058a183d74d961177b370d76e443f,delivered,2018-03-15 18:15:20,2018-03-15 18:28:48,2018-03-16 12:52:05,2018-03-22 14:18:33,2018-04-09,73ca1df39b2c255f31b8bfe5afca510e,2018-03-15
5545be5d02a0d70d1e9b038bf1a5acd7,45de6c6bb7d2638f72528d49c014795d,delivered,2018-03-04 15:21:00,2018-03-04 15:30:27,2018-03-20 19:58:56,2018-03-29 23:51:11,2018-03-29,d62d57be6e6ded27e50103ced224aaa1,2018-03-04
c45fc3f02071c80125dc24edd7806e60,c3c2faaf00e8fef9be8c780b6114d8c9,delivered,2018-02-20 08:49:16,2018-02-20 11:30:27,2018-02-21 20:19:10,2018-03-06 22:48:47,2018-03-22,9c4c28fd7e8977de7bde1e3b6c83df03,2018-02-20
b26e3810d22f6c580f65bba31809c43a,d8b28055e9083596268ba0a4fdfc364b,delivered,2018-05-15 21:10:13,2018-05-16 17:38:25,2018-05-17 12:46:00,2018-06-04 20:44:43,2018-06-01,326489271c23dd3128b4480220e5232a,2018-05-15
c3adfb7dccc4a164923c5813219dc39f,9a8ad886dfa1417b5e3a1907fa292e68,delivered,2017-03-05 14:27:03,2017-03-05 14:35:11,2017-03-06 11:20:15,2017-03-13 09:07:39,2017-03-30,58a111e6a937858071e5544ac6238bb3,2017-03-05
25fd4274a09c3a289e988295ca88a14d,c6ba85e0a706e6dfe8100d1b7ea8d622,delivered,2017-12-27 10:43:33,2017-12-27 10:52:29,2017-12-27 20:33:25,2018-01-09 22:36:02,2018-01-26,c019a05c73fa307d99685887627368f2,2017-12-27
0af034558afede965f6b00c62d5176ed,215b793742b8f48abd2a927ff9a5ec94,delivered,2017-12-26 13:20:27,2017-12-27 04:08:46,2018-01-17 20:03:06,2018-01-24 19:46:34,2018-02-02,11f54c0c47f45afcbaad7c215ac1fefc,2017-12-26
72ca18d829e0a0e0a9165f32316fefad,71eaae96fb41c592ccc7473f6ea3e917,delivered,2017-12-06 10:57:30,2017-12-06 11:44:20,2017-12-12 01:49:53,2017-12-18 23:29:14,2017-12-29,a5426f782dc6577780d5060953e8ed43,2017-12-06
591308f186c21ad0ea5f8bbeb7e8594d,d042c55565b8b046955fa68fd139d413,delivered,2017-06-10 19:55:18,2017-06-10 20:05:17,2017-06-19 12:17:57,2017-06-22 15:07:27,2017-07-05,a50ba93de0b9232054725bee745d71f0,2017-06-10
d0b61531bc87dd7b8815c8ce1682ec0c,2bbd26eb6c71ff3750d2a1f41a9e82d5,delivered,2017-11-20 21:10:02,2017-11-20 21:19:44,2017-11-23 18:55:39,2017-12-07 20:23:04,2017-12-13,f9b26d881d41ee244995db845436b227,2017-11-20
813a1385b04dcbffe8f58fce8a32bd51,d91f21efc9d69e77a846388e27c86cc4,delivered,2018-07-30 15:14:54,2018-07-31 03:55:14,2018-08-01 16:09:00,2018-08-04 16:58:31,2018-08-14,6b80dad983ea5de44579101c9131e728,2018-07-30
9e5ad464d579c1593e82dee8ffaf05f9,6166d475cc68bdeb964bee918448f0d4,delivered,2018-08-02 13:14:23,2018-08-02 13:35:13,2018-08-16 14:46:00,2018-08-20 22:04:56,2018-08-27,977b4a7bb7d2b75fcf72d0b2079f6078,2018-08-02
4d12305ed1d71e4e1dece5e358a92d15,b8bad2c81dc314ee03f9140f9965c514,delivered,2017-06-17 11:40:10,2017-06-17 11:50:23,2017-06-19 09:18:47,2017-06-27 14:41:32,2017-07-13,3a14c1c15d664589b4b5fa4a5b458c0a,2017-06-17
b4dc09cbd4cc735632779c738cda842b,6f25b294d48cc71893594ae8ace3056e,delivered,2017-03-20 14:10:45,2017-03-20 14:10:45,2017-03-22 10:42:18,2017-03-28 14:22:42,2017-04-06,0aa18d91a45ffe9217122c0e4eaecbbc,2017-03-20
cc6e97ae2828fbe0e3d687628b51c155,79bd2d8fb55cc5bb88553ca32ea10658,delivered,2018-04-11 16:43:39,2018-04-13 02:15:24,2018-04-13 17:12:39,2018-04-24 21:34:58,2018-05-08,863c9a8df992728d25a783b95471b674,2018-04-11
871bb7860901ad46c75b6082df7b2915,e57543cce378012b13546991db7f3cd5,delivered,2018-06-17 19:54:39,2018-06-17 20:17:42,2018-06-18 14:13:00,2018-06-22 17:33:49,2018-07-19,b7d55bc9c816ba4ee887eca38e40c67b,2018-06-17
3d0a2787777e731001936c8a443b22fb,12898a6722d72027d1862c147969adfd,delivered,2017-09-14 10:12:04,2017-09-14 10:25:46,2017-09-14 21:03:50,2017-09-27 17:42:23,2017-10-11,ae53a87a257f8e54795af6ff434e443b,2017-09-14
f1f0a8670b0a8efc20b2d185daf5e3ee,cdb1a97c4e99cd8bdfa8c7e9ee41060d,delivered,2018-03-17 14:21:29,2018-03-17 14:30:29,2018-03-19 09:49:44,2018-04-05 18:12:51,2018-04-17,6ac5a10275f1f5885f87a85356c980b9,2018-03-17
a26774d26cc0d76f63f1df3115529d6c,e8a7fbe87306feb64382f03b7a14a2c8,delivered,2018-02-19 16:42:58,2018-02-19 17:47:35,2018-02-21 19:26:58,2018-03-05 22:25:00,2018-03-12,f73b7f38806bb52ec8d415f0f8178eb5,2018-02-19
bad46ed77a751d33a1a1b352075c3cdf,225eea8847d66d819b5187fc0b35c8ea,delivered,2018-01-11 13:11:51,2018-01-11 13:28:35,2018-01-11 20:51:54,2018-01-30 14:37:16,2018-02-02,2483edf418f7bd4d0981fdccff4242da,2018-01-11
5665e01f621cbdf9ff6883af3cb818e6,3326e679cc621eded2c1d778f1d8361a,delivered,2018-08-08 17:59:56,2018-08-08 18:10:19,2018-08-09 13:45:00,2018-08-15 15:04:11,2018-08-24,c6f278d5700bc8fa4f7c89d328e4031b,2018-08-08
6cd6b68f7a9798a25f718d069608419f,ae3cdeaf540be9f8c1be897ef4ba3998,delivered,2017-12-01 11:15:16,2017-12-01 12:31:30,2017-12-01 22:45:32,2018-01-04 12:17:03,2018-01-03,0a677b0577559ca6c6ce9b4c97fba7d0,2017-12-01
c00b4f2c634bb01fb074795268bd1a6c,9737abdeec0da756281e3c5293aed339,delivered,2018-06-08 16:17:51,2018-06-08 17:11:37,2018-06-09 08:40:00,2018-06-12 20:18:21,2018-06-29,914ce5efd895f0d98f489371e4597a5b,2018-06-08
5bf0c7788e61420541921eb52120d901,4b8ec382a3340d72b97b13d1fd19281a,delivered,2017-11-15 12:50:22,2017-11-15 13:07:25,2017-11-16 22:28:41,2017-11-27 19:18:59,2017-12-06,2724b465df81779da92138686ca70818,2017-11-15
f3d1583d73bad757e13d4e25b24efb32,c4a111edfb69bcf3c00710ccfd23575c,delivered,2017-04-08 17:02:22,2017-04-08 17:10:18,2017-04-12 17:04:18,2017-05-16 12:33:46,2017-05-12,c9c0c82af514e815fa47534f71113ebe,2017-04-08
5ce6115708c300fbcc79f7886d0163ec,4e32ac19f4d82eb93a61b07b37c24eac,delivered,2018-08-10 15:55:40,2018-08-10 16:05:17,2018-08-13 14:43:00,2018-08-17 16:04:40,2018-08-28,340dadff945403735c1e1194312527b8,2018-08-10
a41222506c789f70f25201004288819a,30fff87c4d37b461960a74a62047b356,delivered,2018-07-24 16:06:38,2018-07-24 16:44:06,2018-07-25 10:13:00,2018-07-30 22:42:00,2018-08-24,488d96a00173be5fa90b4a09a5c5609d,2018-07-24
c08b5d1119e91f504a884106dad8d4de,a7ac5b973a7212f3574c67c63182c90f,delivered,2017-10-24 13:09:07,2017-10-24 13:26:36,2017-10-24 19:57:55,2017-10-27 18:25:08,2017-11-16,47084c2b860e0138fb2e463b233adf55,2017-10-24
fa9ef315051f18a68686aca274ae8f2a,fd72fb768029bc04b1331be11ea3daf4,delivered,2017-09-23 16:04:49,2017-09-23 16:15:22,2017-09-26 15:12:54,2017-10-03 17:23:08,2017-10-20,0d4644eff058d75937ca1eec574bf87d,2017-09-23
4534e0f076366321574b9b39f3c3ff52,9e7736550d54dfeaae924986ae031c75,delivered,2017-04-28 09:12:28,2017-04-29 02:42:52,2017-05-03 10:30:27,2017-05-19 12:49:37,2017-05-25,154195e324368142c80258e5ea05961a,2017-04-28
907f97a18c02082128c530919e8fe089,d65b5eb4db1dc746ce03098d3eee419c,delivered,2017-08-07 21:11:12,2017-08-07 22:04:14,2017-08-11 15:58:55,2017-08-17 19:08:00,2017-09-18,a5220ad96e5091d849093cbd979ceb13,2017-08-07
10a0be3ae9093afbffac333cf6670922,ef68f44cd44c15de0cb8bc53c4fe3782,delivered,2017-06-08 22:23:05,2017-06-08 22:30:14,2017-06-09 16:02:31,2017-06-16 12:44:52,2017-06-29,979c7ce4919dd462f9cd4ba4608b829e,2017-06-08
febdd4292b7bc064ae8e10f572aa2ce9,7c47e730a960e7d9ded4626c589580e6,delivered,2018-08-02 12:06:10,2018-08-02 13:30:56,2018-08-03 12:09:00,2018-08-16 14:31:23,2018-08-30,24ef20f64a513f7b0b0767fccb5a0ada,2018-08-02
8b789ca665189f9775d769aae16cf24f,e13c22b9d062cfe08945c4f1de743846,delivered,2017-11-21 15:19:25,2017-11-21 19:30:31,2017-11-22 16:13:48,2017-11-23 15:59:16,2017-12-01,942be6ac618de41b4c66082edc32781a,2017-11-21
4f119798c24c4840ae9e70d952b75446,73a6fd83d86ec00cea2c16a45be6a8a5,delivered,2018-04-02 10:57:50,2018-04-03 10:50:21,2018-04-05 17:28:33,2018-04-13 18:07:26,2018-04-23,b3fc51a2057e04657dbe29f48f3ecaaa,2018-04-02
f51caaad17a98a30ea12622f94c45779,c84fd01f38cb2c637dfe633b8eff2ced,delivered,2018-02-09 13:48:31,2018-02-09 14:15:32,2018-02-15 02:37:37,2018-02-22 21:49:39,2018-03-05,18fe26b02e8ae127687aa3e764c51a93,2018-02-09
c37055276c0cc69b996259acf465906b,98dac8fbc1a84c7faeb30b308701b29c,delivered,2018-02-17 19:25:30,2018-02-17 19:46:31,2018-02-20 20:07:48,2018-03-14 22:11:59,2018-03-13,2a8c7c4aece32db48d9c7ed02fcca752,2018-02-17
35725e258cb9737116914bd049f987d4,a13bd5b42c826a7e9c495dfce14ebbe0,delivered,2017-07-12 18:55:08,2017-07-12 19:05:16,2017-07-14 18:05:47,2017-07-26 21:32:10,2017-08-09,6fdb15a04afd6a9bdbf3671beb98e6c8,2017-07-12
032b42b17fe9daa676ba9447f3dbbd0a,566725ddad946bd0c0934125dc3126bd,delivered,2018-08-06 22:30:04,2018-08-06 22:44:39,2018-08-07 12:53:00,2018-08-16 20:41:29,2018-08-13,91f75e89e981ef7304d0c1fb35e503b6,2018-08-06
a27f62a78cf61c0b88a3897a2e5cd8a6,19d69b74986ae90aa6b2de4b709aeb05,delivered,2017-06-15 01:06:46,2017-06-16 08:23:03,2017-06-16 13:23:49,2017-06-23 10:13:39,2017-07-11,3b718dafac17bbd4d4b6a6161d75f179,2017-06-15
441e21387d52f5f2e85249669881fc79,06129db16c0bae7c085d17a999f6148b,delivered,2017-09-16 23:49:43,2017-09-17 01:10:23,2017-09-20 18:27:59,2017-09-22 12:42:11,2017-10-11,87f1dc7fce7a8e113fc85b115ab30615,2017-09-16
b51231f33893d9819e080213165c1c6d,6cd416977b902da3ef9ac6c4e0ece5a8,delivered,2017-11-24 17:38:56,2017-11-24 21:12:42,2017-11-27 16:16:53,2017-12-08 18:14:03,2017-12-21,2e9399fc2fe209771a6f719e14bdb6fe,2017-11-24
b9ecce1bcd409855fc37729cae69239f,b0f8e245a39d12379abcc27aea0bb688,delivered,2017-06-02 19:55:51,2017-06-02 20:05:15,2017-06-05 16:18:52,2017-06-07 13:50:44,2017-06-23,9c3274a6235bf31b373a577b82d50d29,2017-06-02
6961987bf1f3af131cc426530c982cc7,fb3fbf7ed79b31b570ac5f62bd029642,delivered,2017-11-19 17:27:57,2017-11-19 17:46:08,2017-11-20 19:18:42,2017-11-27 22:38:35,2017-12-11,b91372c6323411a5860049a90df9130c,2017-11-19
973e00cb65f098e0a38f96d5df2f5b8d,2a6bf42f7763e0d3f6c4bbd18b1a992b,delivered,2018-03-18 08:25:36,2018-03-19 18:15:48,2018-03-20 19:08:49,2018-03-22 12:04:10,2018-03-29,015124b67936296eb7250b38c906a627,2018-03-18
bfab719f64f6c06620c60d71353b2b76,af034e4bf00b0ddf9941a93f2c0710ed,delivered,2017-12-28 13:49:39,2017-12-28 14:07:08,2018-01-04 17:41:57,2018-01-18 17:14:02,2018-01-23,ea652b60593a6fe8fe94633ddafa81e0,2017-12-28
5536d8682e25ee3f39ed444105996fee,c0f3b6a49e1ca142c8ce84a423f4ba72,delivered,2017-11-28 22:18:10,2017-11-28 22:30:28,2017-12-01 15:39:04,2017-12-11 23:36:57,2017-12-12,42398dee8f2098eec5579129cc1a6f5e,2017-11-28
f5219d97208f4c6aed81985144497f1e,ea1d44731617545fe33f839b60da6b9c,delivered,2018-04-20 13:37:48,2018-04-24 18:54:01,2018-04-20 23:16:34,2018-04-26 14:08:44,2018-05-15,62c5a92347b894e4bd61a96ae04ae7cf,2018-04-20
ab36f41e5d298012acb2179337f1a9db,a9cfea1a41e154c0a239c11d2a61712b,delivered,2018-02-04 22:04:16,2018-02-04 22:29:17,2018-02-06 21:08:29,2018-02-21 00:46:55,2018-03-05,20c9a53c3854bfc025c64d38bca96385,2018-02-04
b3b127f0721e34178b72159da72d7694,28e94a3e825c0af13443d867262a7e6c,delivered,2018-04-04 13:34:02,2018-04-05 13:30:27,2018-04-06 23:36:40,2018-04-09 14:26:31,2018-04-20,0e72c38fc7efc48bec36d3d3c0447b0c,2018-04-04
19eccdbcd24b02d1dd3953f04ed7699a,edd54c79d42824d702691585dbf3fa39,delivered,2018-08-01 19:39:38,2018-08-01 20:23:56,2018-08-06 16:32:00,2018-08-20 19:56:49,2018-08-23,4578d62c4ca82d84a7442229d96b6fc5,2018-08-01
26eb89695b8e32d466d5fa42266eaf87,96c6c027ecb140f181a93ccee82f84e4,delivered,2018-05-20 19:50:23,2018-05-20 20:18:53,2018-05-22 14:34:00,2018-05-23 11:41:33,2018-06-04,cd612700be57e08ca76adc1e3e69e525,2018-05-20
820967deb14804facfa599c683438b09,c336ffa7394e94710f4ebf37935825fb,delivered,2017-10-22 14:40:39,2017-10-22 14:56:07,2017-10-24 11:18:45,2017-10-27 16:12:55,2017-11-09,f2479bf60c965e93b1e4fbc7bb4fa0eb,2017-10-22
b737e0546916c525c8a4481243ecade0,8ab6212123c4c94cd06680949cf017c4,delivered,2018-03-21 13:07:02,2018-03-21 13:48:15,2018-03-22 21:28:52,2018-03-27 20:04:35,2018-04-09,b64e1a36a37264c960ae438f2bbb8ef8,2018-03-21
d7541649368af95f781177990c686696,095e83440b663f60b4fa7b13731f0a04,delivered,2017-12-20 17:18:31,2017-12-21 16:35:22,2017-12-26 23:58:36,2018-01-11 21:24:21,2018-01-22,fb68daff9a009ca8d050e427e84c231e,2017-12-20
9adae62961a3cc489a66f4032ceb57a6,eb8b6bfe2f62fad3e1279f4c8e7905a2,delivered,2018-01-05 12:33:07,2018-01-06 02:08:09,2018-01-10 12:41:52,2018-01-12 22:15:06,2018-01-30,47418fd47fb59f09a17556f288dee4b9,2018-01-05
ec43c57e035991962d29648ea5463096,b4fd952974f786b6a9877053a27c0bdf,delivered,2018-01-20 08:59:19,2018-01-20 09:16:44,2018-01-22 19:21:30,2018-01-27 12:28:47,2018-02-06,db32149fe10651921d65ba69612ea872,2018-01-20
877e88c213b1ca25f07ece4878bb8acc,f6592d1d656f3e8f3762f9e2c88cbdff,delivered,2018-05-24 20:41:49,2018-05-24 20:54:13,2018-05-25 14:03:00,2018-06-04 12:14:27,2018-06-19,581ba67988bbabef45ed536734b55f39,2018-05-24
bbab597cf5357b95cfff24d3ce830088,a74a322ca717a1cc1a81e9bb6c5f9f4b,delivered,2018-01-11 23:53:57,2018-01-12 00:07:46,2018-02-01 18:54:33,2018-02-14 19:42:22,2018-02-09,4d0bee66c0838b9f681653a59adbbcde,2018-01-11
497f1ff2bc62b9932e473fdd62ddde3d,21fc955fb24ddc67285298ece594906a,delivered,2018-03-19 22:05:05,2018-03-20 03:48:44,2018-03-22 20:34:40,2018-04-06 01:28:26,2018-04-17,155575f6890bc0e1e91b3c9103166bea,2018-03-19
84d54e2fe6fc76e34d897b32c59dd75d,40ada5e3dc4b3c488f9367c4ba39727a,delivered,2017-06-24 16:20:33,2017-06-24 17:00:07,2017-06-28 13:43:57,2017-07-03 06:52:00,2017-07-20,4e65032f1f574189fb793bac5a867bbc,2017-06-24
4689301ba3cbffea28d57a22a80987c3,bc5bd0ea0abd3f669c9de1dcef666da2,canceled,2017-08-16 20:51:24,2017-08-17 02:45:20,,,2017-09-20,4a4bc27d97551e150f9bcb72dca4eae9,2017-08-16
7ebfb1659cebc1f80eb8d39b1f4d73ed,6c0f919eebc04e36d551d51887fbc080,delivered,2017-10-17 20:31:09,2017-10-17 22:28:13,2017-10-18 12:43:03,2017-10-24 20:04:34,2017-11-17,e9de55ced5db46c9817565b60d019bb7,2017-10-17
fa82edaf6d788f4a8a80e2f8fc4cb9b7,0c5be6b354afcc24ff40642e4538268a,delivered,2018-08-26 19:04:05,2018-08-26 19:15:16,2018-08-27 14:43:00,2018-08-28 19:52:42,2018-08-30,4f44a385b3f93b433eaa7936b1ae045f,2018-08-26
d7cfea82cf5f7148d0a6f7e5a45be7bd,9959867cf478a35be11d96c775411a28,delivered,2018-02-19 01:49:59,2018-02-20 07:27:56,2018-02-21 17:51:43,2018-03-07 14:58:43,2018-03-13,5c5a99e5ef172fbf5fc8a68e6bb2e0ab,2018-02-19
c9df12344ba358f97f2ee696709f2415,990136747799dba17827e8abbae277e4,delivered,2018-08-06 22:54:52,2018-08-07 22:50:21,2018-08-08 13:44:00,2018-08-16 21:11:49,2018-08-17,bc7e09410b08895e9d9ad2144f7f17d5,2018-08-06
e80d6fe5c5cfe16add52544fe3b4e8f1,fd044d16c89faf34c00d0bf6a386e8bb,delivered,2017-04-13 00:13:36,2017-04-13 00:25:22,2017-04-13 13:06:15,2017-05-12 12:12:24,2017-05-24,34e9517ab8c248797eb267b6fa65833b,2017-04-13
6f35836667ade2d13ba10c2b18bfd713,45a080d6112af03beb726ac2f33cd8a0,delivered,2018-06-12 15:04:59,2018-06-14 02:17:17,2018-06-14 13:44:00,2018-06-19 16:20:30,2018-07-16,94ad07c92a7c0c83c44d3fcb0d21597c,2018-06-12
935c71d5c924d23711a40367cb43913c,fb868ee37e21aece79f2c65ed9f3f118,delivered,2018-08-08 16:15:40,2018-08-08 16:30:15,2018-08-09 15:02:00,2018-08-16 13:11:57,2018-08-30,991f43020923fe70219ca5e44119ec16,2018-08-08
6c2208178d59f2c0518261028373f5fd,6b0dfebc9be06d364c0d83c5e92c00ff,delivered,2018-07-31 14:42:55,2018-07-31 15:40:18,2018-08-01 12:49:00,2018-08-04 16:27:45,2018-08-03,ce6a0a1a899e0c305972a0bf7b97521a,2018-07-31
5764ae851e6c27213dc25d7c7e4c713f,fcb12467c41c93cf1161a94fe9b77a84,delivered,2017-08-03 15:24:18,2017-08-03 16:30:11,2017-08-08 14:20:06,2017-08-16 22:12:43,2017-08-25,bf6541019197793ee3f6abac0e4c4710,2017-08-03
8cfccf55774b9fea28d9d85e30b2745e,61e8ef5eb679581a2df4e1fee6018e84,delivered,2018-03-20 09:23:20,2018-03-20 09:35:34,2018-03-27 20:03:07,2018-04-02 13:18:34,2018-04-17,0ed9c3e3cb1b7bcdae018435500e0db0,2018-03-20
1badd176eb41888c1a20a7614fba59e1,ed189d4d749b9877a2aa93d9d32f339b,delivered,2017-09-18 01:50:20,2017-09-19 09:50:11,2017-09-20 19:38:50,2017-10-02 19:25:49,2017-10-13,3e134146f147b595885be88b67d8f789,2017-09-18
62e5680786ab7eb90e8129db68366952,5c237eccb69f035f2640e0f3af060c53,delivered,2018-05-01 13:58:43,2018-05-01 15:12:21,2018-05-03 16:45:00,2018-05-11 19:32:56,2018-05-28,fca4d836901c629b5b1c06d73a78faed,2018-05-01
e1a8e28c43be15a1b32b5fce8c126594,b1d110ec158377a6ec3d2e5280525d7e,delivered,2017-08-08 23:13:48,2017-08-08 23:25:06,2017-08-09 13:40:48,2017-08-14 22:10:55,2017-08-30,71209693238a35ddbddabefabd4b3d92,2017-08-08
59ac8c15c7c211589748d088b14d034c,f588fd1fcd5274c4fecff58caeb194c6,delivered,2017-11-11 22:15:00,2017-11-11 22:30:59,2017-11-14 21:45:59,2017-11-21 18:37:38,2017-12-01,916f95879931fc53d44aeed060017548,2017-11-11
b25e83776a0bf6440214b6258416e4e1,0e9a1a195d9e737e602ffc9cfe19053a,delivered,2018-07-26 17:26:17,2018-07-27 09:10:15,2018-07-30 09:15:00,2018-08-06 20:44:41,2018-08-15,1a195982d360650b48c729ef241d8150,2018-07-26
78b0df67ddee0b34012114100c7a549d,9f83cd10077cb0b96225321ab81fdbee,delivered,2017-03-05 17:16:27,2017-03-05 17:30:07,2017-03-07 18:07:48,2017-03-10 06:05:12,2017-04-03,ca673da04bafc17b02ebbfdca14e0200,2017-03-05
2996b875517e6da5784bfd2ad30e41f3,47a1c33a06c9e5aaeb9ac3923d79b742,delivered,2018-07-18 21:49:58,2018-07-18 22:02:30,2018-07-19 13:27:00,2018-07-24 22:12:40,2018-08-15,fa63d8f86b2801385643002d46b8090e,2018-07-18
e4d54c2566ec92a7c50a268c87242065,c5d6a4555f126d0158ce59615b285436,delivered,2017-12-07 23:28:53,2017-12-07 23:36:26,2017-12-08 23:42:07,2018-01-04 16:54:35,2018-01-02,bc5b8adb022e863f9cd12b508c4aecd4,2017-12-07
8c39f8c248ad24b41345fbdc827861d1,9a66793cc8c7f92c20121dd985f47739,delivered,2017-07-17 16:45:15,2017-07-17 16:55:15,2017-07-18 18:38:46,2017-07-28 13:29:03,2017-07-28,8e40eb3f5098478eb3009a3b41f7aff9,2017-07-17
de27f484a71645943ecc7e3d7f7af5a8,9593bae47dfc03aa5a1f85dbcf03943a,delivered,2018-07-28 08:44:36,2018-07-31 04:31:39,2018-07-31 16:15:00,2018-08-03 20:11:29,2018-08-10,42c5c592246da756a57bee44955b09e3,2018-07-28
a91791d0efd3f452b31466e06f150d95,c887b83bfb0882c29183ef4bb90a1a2f,delivered,2018-03-31 16:18:10,2018-03-31 17:09:54,2018-04-03 00:40:48,2018-04-05 20:44:32,2018-04-12,8ee483bb408f18ee5af00c96e15c1462,2018-03-31
4a63bdb264d95eae86109b24b4880aee,e3ecae2c1c7408b84d64573d0f264d78,canceled,2018-03-26 11:59:06,2018-03-26 19:50:10,,,2018-04-06,f1479c7c44f47c368c1a75e0f33d27f1,2018-03-26
d90c74ac81e1df6eb8fa862f94aeb132,4a961874c6f36b766aa4663a8ad1fba6,delivered,2017-05-01 19:02:24,2017-05-03 11:35:33,2017-05-04 10:11:30,2017-05-15 10:59:47,2017-05-25,e859f76803d78eb0043fe16ecf395b8a,2017-05-01
ba1e49527baf8b4ad4b501e9dcaa9f6d,40eb4521dafbb310e123f62ed4c20225,delivered,2018-01-09 21:31:55,2018-01-10 10:31:49,2018-01-15 19:59:13,2018-01-17 18:33:35,2018-02-05,0adcdbee22c9d0fc237cba6f28ca71d1,2018-01-09
d87565906f3fd865c7d42113ba3bc703,fbf020c341e434544b597f36567c44da,delivered,2017-09-11 13:06:16,2017-09-11 13:15:17,2017-09-14 18:59:31,2017-09-20 20:28:51,2017-10-02,7c708e407fa265cb8bd646e378b92d0b,2017-09-11
82172f2c466d4e1298dab08c8f0e111c,57458ec5d4b1bcb40817a87cd407898f,delivered,2017-08-28 15:14:21,2017-08-28 15:25:27,2017-09-01 20:23:38,2017-09-02 16:33:42,2017-09-15,e2226f481eef03f2876d1a27f0f4b1b0,2017-08-28
12479ce4b03d722018ec07e6471083c3,ae5ff20a1d69718fe7d1386408013ee3,delivered,2017-07-16 06:48:51,2017-07-16 07:03:03,2017-07-18 18:44:40,2017-07-31 19:54:14,2017-09-04,c0435bc209d7d2b2b8b15a88ee101950,2017-07-16
fd85ec210522091e1e3e0318218860c8,d34341f5b5a77c0a6af01365d9608371,delivered,2017-07-05 20:56:59,2017-07-05 21:05:15,2017-07-06 14:59:45,2017-07-19 20:54:48,2017-08-04,8aba68ad39962f7b25c2b7ac62ac4c0e,2017-07-05
24ddb4a03f3a6eb92a862416d7f597eb,6976bd8f3982478db4ca2617656ac86e,delivered,2018-05-12 20:48:51,2018-05-12 21:15:51,2018-05-14 15:21:00,2018-06-19 15:51:24,2018-06-04,445fdd632f829d22f016ce03190731d1,2018-05-12
38d4786d1c7b6dae14470fdfb8616bb0,f5498d05cf105bdd3bc601ff77601d7b,delivered,2018-08-01 20:32:43,2018-08-02 20:25:17,2018-08-03 13:26:00,2018-08-09 21:34:50,2018-08-21,e428b46d4645f1d7db520d95b2e446ee,2018-08-01
b2c82d183b4cba4fc52074fe9384150a,514c535f8d8f3c3b5bd2a8b07753d352,delivered,2018-05-31 16:35:58,2018-05-31 16:53:17,2018-06-04 14:49:00,2018-06-05 18:21:42,2018-06-26,9c08d6f85c7fcec4b08ead25590c0af7,2018-05-31
74a73605b5d8e00f1692a308a2ea566e,843b7d4774939fba2fbc6fa2a014bd81,delivered,2017-12-27 10:22:01,2017-12-29 02:08:44,2018-01-02 17:44:31,2018-01-23 17:09:24,2018-01-30,1162303d63c2a9ad69b51ac7c75920f6,2017-12-27
7b875e17a8b649ecb72124320bdfd20f,399c6c81654067bed2b65f0265f1282b,delivered,2018-01-28 22:45:22,2018-01-28 22:53:23,2018-02-02 01:42:28,2018-02-16 00:46:39,2018-04-30,990e718a0f1677e3e5bb21eae3aa6b65,2018-01-28
d7bd9020e0a2758aef0994ea533ee928,d8b713b0fba96bafbe4dd833507b8493,delivered,2017-05-06 10:43:44,2017-05-06 10:55:17,2017-05-09 06:48:37,2017-05-27 05:03:23,2017-06-12,fc91d9c645bd20c43a6c4589d21cbe17,2017-05-06
d041111c5d8c66db0816ad51870d58c4,2a5450bb1196a27cbe8b9a94adcd82e1,delivered,2017-04-07 11:50:59,2017-04-07 13:05:26,2017-04-10 10:30:28,2017-04-18 15:59:03,2017-05-03,0c4849ec22b169a6ed1b74d50dabbe0a,2017-04-07
629eb58d177eb9d9e6e3708993aad451,c2a5b87a0232ec231635c5bb14d3079d,delivered,2017-04-25 10:23:00,2017-04-26 09:36:04,2017-04-26 10:19:15,2017-05-02 18:22:00,2017-05-12,428500ebef8dbc008de191d598942b47,2017-04-25
801f0faf13878ee42788d7bd0e4c72fe,bc663c6676b42a3a44599580484fde89,delivered,2017-12-26 13:55:52,2017-12-26 14:08:58,2017-12-27 16:44:46,2018-01-05 19:39:48,2018-01-22,f04534e01ef384f6f11113da312438a8,2017-12-26
f36968a6fff53a64b407f705a0566478,1062d9c6d405aeb42ec6fa9b937238a7,delivered,2017-12-16 12:40:05,2017-12-16 12:55:49,2017-12-18 21:03:20,2017-12-28 18:29:12,2018-01-11,2dee0e87b84b55e9879355315c11eb03,2017-12-16
17c378811f6ab30e2c7d554f2d4fbd44,ed3a94d132e06f96fa99c1f1640496db,delivered,2017-07-27 20:36:00,2017-07-27 20:50:26,2017-08-04 17:47:41,2017-08-29 19:00:29,2017-09-11,b632c70b9c2c062dfacbad69e08f6563,2017-07-27
eb91575e0aa379948936984f822ef76c,087c08f1c244014ad1decff147c3c038,delivered,2018-01-08 09:54:19,2018-01-08 10:08:37,2018-01-10 10:38:06,2018-01-17 15:57:32,2018-02-01,cccd50988ef52de84f8ed4002fb28ab5,2018-01-08
3a20bcc250e5404ca717dfa90e8a9c05,9fa6244400a4503b42cde3c30b3d268e,delivered,2017-11-20 13:26:25,2017-11-20 13:37:25,2017-11-22 00:52:52,2017-12-11 22:24:54,2017-12-07,e779db0c222c66daea0527e24c4a05e1,2017-11-20
5ff137f6691adb19932f45cced2cdc80,c2f5a75a0745dbdfbd79b6b925dc6ad2,delivered,2018-07-17 17:24:11,2018-07-18 02:41:45,2018-07-18 13:41:00,2018-07-23 16:03:37,2018-07-31,28b1097ca5b8e24a6e7d8e283a5fdc60,2018-07-17
6d888f8abd52d2a117f3d9844510d2d2,e2ee7c7bdeaba94d4dcca33293dc2ab5,delivered,2018-07-23 19:23:12,2018-07-24 10:31:39,2018-07-25 10:13:00,2018-08-01 21:28:36,2018-08-17,0ec82baf8ba16aaaf850a3e8b3a89b48,2018-07-23
000e562887b1f2006d75e0be9558292e,2b01d668726fb0b751c55918c0437b7b,delivered,2018-02-22 11:54:42,2018-02-22 12:08:37,2018-02-26 14:18:32,2018-03-12 18:46:34,2018-03-19,b2c72d1e9f6430603b8337d8f1394a99,2018-02-22
1cd8d1567debd198821fe9d46d99b5b1,ef775ae2f3b831b79dd2e9bcf77bfb06,canceled,2017-09-25 20:16:38,2017-09-25 20:28:20,,,2017-10-20,46c0a00dac020d24bfdfbc8b214d54de,2017-09-25
8f83b7fcba464b677274cb8fcf22eef8,ee80fd5b86cbb55e2b93eabf04ede7a4,delivered,2018-04-21 14:30:01,2018-04-24 19:19:39,2018-04-23 20:38:35,2018-04-27 22:23:41,2018-05-15,65078ec4371aebb29a822430a7edce2a,2018-04-21
7b83a2b7e5dd1374c00bd1c76c3438f2,abf8b0b1e1ea6f32a934d44fdd235048,delivered,2018-05-31 08:53:57,2018-05-31 09:10:37,2018-06-01 11:54:00,2018-06-04 23:12:38,2018-06-26,84d1d25007bc11120735b75f41fd059c,2018-05-31
17a7658b3921d1511dd996bd92f02e27,9aeb7b13ba80d97f91dcdf20048fa5a0,delivered,2018-04-26 10:55:01,2018-04-28 03:11:20,2018-04-30 14:39:00,2018-05-09 16:48:51,2018-05-22,3d700140ed8c077e157fa9ca8e70e265,2018-04-26
4277dbc4f6e73a6cd3378628f7883f92,f58323e013370cea83bbb78d629c2a3a,delivered,2017-11-27 21:12:52,2017-11-27 21:38:03,2017-11-28 18:19:02,2017-12-02 14:34:39,2017-12-11,20bedddbb25ad10025d407584e4f66bd,2017-11-27
4415361bddc6491e81dff0a462283bb7,878fdb568a2cc05dce77c30f729f439a,delivered,2018-03-28 20:52:11,2018-03-30 03:10:31,2018-04-04 00:34:26,2018-04-05 18:32:45,2018-04-10,298c3e1a698283a45f1c94df3942bb3b,2018-03-28
e328a6bcc5577fb747cb1c2a16bd07ea,d23e3624d75a5bde49758e281e470174,delivered,2017-11-10 20:54:34,2017-11-10 21:27:15,2017-11-13 20:37:24,2017-11-27 09:39:11,2017-12-12,25fbb31a9310a9acfabda306a3db531e,2017-11-10
870335b5a5bfbeaf4c307deb62e63ef5,efd1042b88d03c806edab2861bcc1906,delivered,2018-05-12 17:10:13,2018-05-12 17:29:30,2018-05-14 15:07:00,2018-05-21 22:04:05,2018-05-29,3c7a32ce20bf2d73287e564188cf0ab3,2018-05-12
9621eafd687a505c4f065d9181331a48,89ea2f69941fde6370dfb8f85e57f15b,delivered,2017-09-18 10:50:16,2017-09-19 10:56:09,2017-09-20 18:04:00,2017-09-27 17:30:21,2017-10-06,5cb8c9998e51269d6c8c983def687414,2017-09-18
32d02c7aaee4f08d65f23e86e6fd4ac7,3320860ccb3634183ac6746aa1e9264c,delivered,2018-01-26 09:03:10,2018-01-26 09:14:27,2018-01-26 18:29:18,2018-02-09 19:18:49,2018-02-21,9dbd38bc9e0624b597a5b378847c4429,2018-01-26
b45f8849e29c3cdd34c3f4ca5944be36,5ed24e420fd540c38e5cc3923bed7610,delivered,2018-05-07 15:08:35,2018-05-07 16:55:57,2018-05-09 06:46:00,2018-06-08 21:05:04,2018-05-28,f467463789bb3685e4b94e376de1f23c,2018-05-07
14f0429b74bbb862693e5a88af6f6f6a,f7046a8b240746366664bc7462548824,delivered,2017-10-21 13:30:15,2017-10-24 03:49:29,2017-10-24 17:28:37,2017-10-30 20:54:43,2017-11-09,d615a46ee39d41088222d36e46fb5c03,2017-10-21
006557c3221c1fcd02b0106343ab357b,ca9e43d2589e04a0608d8989d5c5452d,delivered,2018-02-23 14:36:15,2018-02-23 14:51:13,2018-02-26 22:51:58,2018-03-02 17:28:56,2018-03-23,8f062a3d9b2c79e29cc3d8db301b6d39,2018-02-23
d64129bd118f963e990da57952b940a8,61f669b57bc39cc991807a58ea19b98b,delivered,2018-03-28 17:14:10,2018-03-28 17:28:03,2018-04-05 20:51:33,2018-04-07 11:06:41,2018-04-25,23347d6396d1cc145f964548816b90fd,2018-03-28
4decb358ab08877ea0febfd7d1112a98,b04a30fae309e92ba5210356fde7191f,delivered,2017-05-15 23:55:29,2017-05-16 01:02:26,2017-05-17 11:44:43,2017-05-22 13:09:39,2017-06-02,6db6eac4dd8ca3c33650f43b95b69f7f,2017-05-15
1dfe1249fb9a3871f918c37f1e5f68a6,630b53ee81b257e794880292133bf170,delivered,2018-06-24 20:38:56,2018-06-24 20:54:56,2018-06-26 16:43:00,2018-06-28 11:48:31,2018-07-18,d406d1f9b701a93b646d16b93a5d33d2,2018-06-24
ab0c3c453c2467ddddf00d7c3b1cfdef,abdcc1689c72dac777cf9f9cf1ec01b5,delivered,2018-03-19 14:04:25,2018-03-19 14:29:40,2018-03-23 19:24:42,2018-04-03 19:34:40,2018-04-06,8e5e8a8991120b202cebc5d1cc4560f0,2018-03-19
b7f44ef7fe56341d2d0d0703d65a429b,11abccf0ff641d344604f0d9e072f91e,delivered,2017-08-04 16:41:25,2017-08-04 16:55:09,2017-08-07 21:46:00,2017-08-08 21:52:11,2017-08-30,9a0af61358699b0b9c811548cf282f6d,2017-08-04
975164af4cc35b037fbd7bf48728f622,434307c016e186e16cc50df7b23da3e6,delivered,2018-01-14 22:26:14,2018-01-16 03:50:22,2018-01-17 16:22:07,2018-01-23 12:33:03,2018-02-08,8fec5dacdabb55a72852ae46980e0ff0,2018-01-14
96aa0966b88abeb986cc17b9a6ee63d0,c42527f634cdcc96d4576f9961815586,delivered,2018-04-23 20:23:18,2018-04-24 17:53:55,2018-04-24 22:22:35,2018-05-04 22:21:50,2018-05-22,5876dd2eba90a1f7ce5d0548c46e281a,2018-04-23
0d199f9246dfe250de1d10106c30d208,6543e7ae239ee97ee2f0a5b63eeeaae5,delivered,2017-06-08 17:10:21,2017-06-08 18:43:24,2017-06-10 10:32:05,2017-06-16 13:56:49,2017-07-03,f31f46772f600d88200e8e88470ea6ef,2017-06-08
c867dd64bd728f7a87d1c868c7c2c33f,7203adde3a9d76f21c2b01223d07c2b0,delivered,2017-02-09 20:56:00,2017-02-09 21:05:23,2017-02-10 11:20:32,2017-03-06 07:48:00,2017-03-20,e1cb618b74d0ca68e0c206f386ad15ee,2017-02-09
966004c159b5f144988649907841b502,e4c369918c62b6fc091b0a72c50c4cd6,delivered,2018-02-28 12:50:48,2018-02-28 13:10:14,2018-03-09 22:09:32,2018-03-20 21:43:33,2018-04-02,0ebba4fc9a92d220d6f6119272f27dd7,2018-02-28
a0f26edb69d57d6b0624f0ebef947c79,10511fcfd228afa2040219b363eb9f05,delivered,2018-07-03 21:51:45,2018-07-05 16:14:41,2018-07-04 08:51:00,2018-07-10 20:35:48,2018-07-24,7824587a052b69872336fa8ab9c7d96c,2018-07-03
4154bf1348caac78152fe76e3e9c4af8,90ce0548c953a250526eac9fbc2c2951,delivered,2018-08-23 20:34:07,2018-08-23 20:55:32,2018-08-27 13:41:00,2018-08-30 16:43:34,2018-08-31,60ef1068bcbffaed11615482aeb7c8bf,2018-08-23
9b45de49b277899b23ba41cbb79d3a5e,ac91fae4bc0f17e772e21db6cc84e9c3,delivered,2018-01-20 12:17:20,2018-01-20 12:37:14,2018-01-24 23:09:19,2018-02-01 16:53:10,2018-02-14,891e01e2ab20f46c3e5602cd958c1ec7,2018-01-20
7d1e3a395580e827eff45e47efd8017d,472beb48321dbb71c4b3c1667a285ea7,delivered,2018-06-28 23:26:41,2018-06-28 23:50:55,2018-07-03 15:18:00,2018-07-09 16:51:09,2018-07-25,37a847863cbb76111bae20e4db133376,2018-06-28
e3d83da524afead5265900f2cd40d592,f145cc75412500f2dbe71a57c2d4dc9f,delivered,2018-08-25 11:31:22,2018-08-25 11:45:19,2018-08-27 14:36:00,2018-08-29 20:17:53,2018-09-06,202b08b868653c0c5302dae190ac7e74,2018-08-25
b2b7043343c97ca1dfc624e1d71e43df,dbdac9ead3187fed68b68fd81a5321da,delivered,2017-08-01 03:36:49,2017-08-02 11:23:40,2017-08-03 16:03:35,2017-08-10 17:32:49,2017-08-25,94b7e216737623dc935a685037d1eb21,2017-08-01
5f303c97922b4eed59bca1e3b503f984,43082d4044011b783b48cf02f3c7880c,delivered,2017-10-16 13:56:29,2017-10-17 03:46:06,2017-10-18 22:13:54,2017-10-23 17:52:45,2017-11-06,86743f9f9dcf64def58f3ff5b150eed7,2017-10-16
99bd93d530d8b588cc9fe65dddee7411,d4d42d766020a2cab496ebe924934162,delivered,2017-10-30 14:21:13,2017-10-31 14:15:56,2017-11-01 19:27:05,2017-11-03 21:38:35,2017-11-16,306736007abb1d2a4766945f1ca006bc,2017-10-30
0d319cdad03395ebc9942c66fb16b7a9,13c8f815b04673c0930db34c9426b349,delivered,2017-02-03 13:58:44,2017-02-03 14:05:21,2017-02-03 14:59:00,2017-02-17 16:56:57,2017-03-14,55b1ca01eb3b650afe3f6f85422d0694,2017-02-03
8a8a994e1490309488dfb4f502f76b0c,ee942848b42d179e07bd0979c23fd853,delivered,2018-02-14 13:05:06,2018-02-14 13:15:38,2018-02-15 20:21:39,2018-03-07 22:13:42,2018-03-08,70680beb3c3b9220ac2979e927475391,2018-02-14
2246b00cedc24cbba0af186b95a3e885,d19f6ab3248be287201d7985d4c63eda,delivered,2018-07-21 17:43:34,2018-07-21 17:55:17,2018-07-24 16:01:00,2018-07-26 21:16:55,2018-08-03,d72c999bc855937d36d7e5f4e6019497,2018-07-21
82419d35f3c2a4d515d9bd272ecbc050,94053bde7b4b7845017b84a2f540ca91,delivered,2017-12-17 13:43:43,2017-12-17 13:54:24,2017-12-19 14:28:58,2017-12-26 16:14:39,2018-02-13,b2cacb795265383fd4d96ad26461cd2c,2017-12-17
be80ccb8f620862ee6fec40409d35aee,b2c14a4ba338f57692c8a8afcd85f141,delivered,2018-08-01 13:23:19,2018-08-01 14:00:14,2018-08-02 15:34:00,2018-08-08 23:09:35,2018-08-20,ffc39051848c3ef2be36d1513aa3ad17,2018-08-01
3202ed2f2aeb0f12728c23faf6b61bf8,3f746b19aced0452de93862d6ddef4ab,delivered,2018-05-03 23:59:21,2018-05-04 00:13:31,2018-05-04 14:19:00,2018-05-09 19:47:51,2018-05-28,ba67c51c5bc41f3cd66f01acacd21ce7,2018-05-03
2860a8f93184d56f89d3b2aebb912a83,a56b179c3c9e1ca1b6c153c1e0b8117c,delivered,2018-06-18 10:01:17,2018-06-18 10:20:10,2018-06-19 12:09:00,2018-06-20 14:59:39,2018-06-29,c4d7cc1a44639700dc78b043cf6635d7,2018-06-18
42576ea27f4b718451f1466e7e66f923,3d74f485dc8132ea8f838e7663e3b3b9,delivered,2017-04-11 22:38:59,2017-04-11 22:50:18,2017-04-24 11:01:45,2017-05-17 06:41:58,2017-05-11,52c43613a330cce5f0b01d28b9df8f58,2017-04-11
7b097f892b3cba2de93590049d8875c0,4beac3af7d4cd0b525af0e407194e29d,delivered,2018-04-02 09:33:05,2018-04-03 05:28:05,2018-04-04 22:34:27,2018-04-07 13:29:31,2018-04-24,f9df0a394fdd97a23a8bc2f088c1c03e,2018-04-02
96c26f94aabe1e27bcc5068044c5da90,54beafe443d4349d60293245538ea602,delivered,2018-06-09 18:10:11,2018-06-09 18:30:38,2018-06-12 15:09:00,2018-06-19 22:04:13,2018-07-05,a44e702d1e18a414504d5c8711fa145b,2018-06-09
db4d1cf54509ad6f47b9e8b09d2a2c40,42d941d7421f648124342e05e8478022,delivered,2017-09-21 13:27:16,2017-09-22 05:34:11,2017-09-26 14:02:48,2017-09-29 23:09:57,2017-10-11,ddb6c620ec1a4a81641076966fda30ee,2017-09-21
1e40acbc25a8373a85419489d08d2fc9,f445bec4e10f9b0252da3607c053a41b,shipped,2017-11-22 00:18:00,2017-11-22 00:29:23,2017-11-22 20:23:31,,2017-12-22,b89723d1af7727a04d39a3a93a301a3a,2017-11-22
14b5c4cd4b8db87b8c7582add54038c5,c33d94510461f224d7e0ee117becf361,delivered,2018-04-26 09:11:49,2018-04-26 10:15:13,2018-04-26 15:18:00,2018-05-02 22:32:29,2018-05-23,748f404ac7fd668c634f70d2aebcfc92,2018-04-26
9cbffd61028eba6badc7fe8367674130,1ed36ee881662e81622d2baf3944ccc0,delivered,2018-01-08 23:55:28,2018-01-10 10:31:43,2018-01-15 23:48:58,2018-01-18 18:32:49,2018-01-31,5845b41bddaacd811212e437476a2152,2018-01-08
8b658d5b253115ce870a3b21f39899df,c756fb4b7da90c88f12aca1ae75dc1a3,delivered,2018-02-01 19:36:03,2018-02-02 02:53:38,2018-02-05 18:23:08,2018-02-17 01:17:53,2018-02-26,f67ed8c0f2d762a631b00db6da7672d6,2018-02-01
b7a0874c2d7329a9f277027471bef747,9719596a7621bf849efb0037dafdaa62,delivered,2018-03-16 15:06:27,2018-03-16 15:15:34,2018-03-20 21:22:29,2018-03-23 18:59:36,2018-04-12,751b13868cb5061c32d2f7e0293f1be2,2018-03-16
cb131af379d402c6f6c9b62bde622e75,890516c4fd0502448c48e605456e7c4d,delivered,2017-07-27 15:20:42,2017-07-27 15:30:22,2017-07-28 18:41:43,2017-07-29 15:32:06,2017-08-09,56fa0f14f0546beeabaa590374215ca7,2017-07-27
b438ae3323566a4e25ebef7b8b3e50e4,1ed2c1a5e5b04ce52f991aaa8a7b2fff,delivered,2018-02-08 00:40:50,2018-02-09 02:50:09,2018-02-09 19:26:27,2018-02-16 16:53:18,2018-03-06,4a9c56435351f826f9473f525c243796,2018-02-08
f9f06b8cf6add7953a28dbced729fa8f,9fef7c7ffc4421952c01aafb68394c53,delivered,2018-04-21 15:33:15,2018-04-24 17:27:45,2018-04-24 22:22:06,2018-04-26 22:34:49,2018-05-24,35ad736e1f948accf4e438cf8decc590,2018-04-21
c68ea4392f5b47e1dd1623a6d9af8f20,1466807c460a633a141042faed40b5a6,delivered,2017-09-15 09:57:51,2017-09-15 10:15:28,2017-09-21 14:04:17,2017-10-02 16:58:17,2017-10-13,586c708c1c53302ca8c45b51ef30d0a9,2017-09-15
d31a86f344f9c8ab4f01481b4ef0e68a,33172265d2b2cd8c04496680794341fc,delivered,2017-12-12 16:42:15,2017-12-12 16:54:51,2017-12-18 21:44:00,2018-01-03 16:47:30,2018-01-12,d456f1c0afe4149ef8abbea3770eecad,2017-12-12
908d1d255f2d754f743ccadc6cff3b3e,9872c59c7d334fd71354134a7a4bf00f,invoiced,2018-04-18 15:42:49,2018-04-19 02:10:54,,,2018-05-10,ee945364810e67939b5ad8dd7d0f13f8,2018-04-18
6c529370da5caa0a00a077160dc16b01,307f69409b94f1287cd478d154225cd3,delivered,2018-04-08 23:46:53,2018-04-08 23:55:13,2018-04-12 20:58:34,2018-04-16 18:49:35,2018-04-25,0245c32b7a8e243d2574af599a186108,2018-04-08
b6785f62f47a35b971f1353294849dff,7e42e1b6d62913f7c891b8418c7e6481,delivered,2017-12-14 15:38:37,2017-12-14 16:24:50,2017-12-15 16:49:31,2018-01-03 16:17:30,2018-01-15,3220a93bfab5bfd51b0a0e33becf823f,2017-12-14
de4c508282732a9138afe232f9c7285e,07cbe02494c601060a293c344a4e4fcf,delivered,2017-12-11 20:03:10,2017-12-11 20:12:26,2017-12-19 20:08:51,2017-12-22 20:04:10,2018-01-03,9ccbb5f759db041b2db8359d71c0547f,2017-12-11
188804952924592ac0678c7ab1b42860,02469bb79cf0096970abae40244a4c6f,delivered,2018-08-12 13:51:25,2018-08-12 14:04:36,2018-08-13 13:40:00,2018-08-30 12:21:35,2018-09-17,235e44672edfd9e6c77f2c69f4bb8427,2018-08-12
2f0edc89820744d9e9ff3b7ef7c936b7,40e26a46ed470562ca16ed2d686fae4a,delivered,2018-06-20 06:42:04,2018-06-20 18:47:19,2018-06-21 15:17:00,2018-06-29 13:36:41,2018-07-03,f3d40ec1203ff5bb4a739357b0995ddf,2018-06-20
a790d27c030796b3b877c1df82635d3c,a383a40e05a23d144cd024086414783b,delivered,2017-10-19 11:18:10,2017-10-19 12:06:18,2017-10-19 18:53:09,2017-10-25 19:17:37,2017-11-13,94ad7a5230b7be681eda67d342908eb5,2017-10-19
4985a7fdb01bf57b6546b9ea5790adbd,802e8b67850e74f3d9894d4f5a3035e1,delivered,2018-06-09 16:50:56,2018-06-09 17:10:03,2018-06-11 14:02:00,2018-07-08 18:44:22,2018-07-13,e7ea4c3049b0ffcb326d8fcf44a06c05,2018-06-09
9a40c467105246b59eb5dfa3f5b04539,cb3056c727f96c9d29a1d938fa533bfe,delivered,2018-03-27 09:26:49,2018-03-27 09:47:05,2018-03-27 19:08:38,2018-04-07 01:14:46,2018-04-18,13d509e809c777309aaeb16a39f1c07d,2018-03-27
6dc8b8f970d5256ebe88e075c1428321,34f5ffc25f144e1f6b9d0db0fa1050cb,delivered,2018-08-04 12:21:20,2018-08-05 12:15:19,2018-08-06 14:00:00,2018-08-14 06:44:34,2018-09-05,c7c19110042036e6266adc998cbf1289,2018-08-04
35b93dcd988cc9e90dd933769bb196c4,8f278fe8beaf13805e548072c6d990ab,delivered,2018-05-01 16:25:05,2018-05-01 16:35:19,2018-05-02 15:43:00,2018-05-03 19:26:44,2018-05-15,351adc5674bb62d3b5fea28ad1d9a3cc,2018-05-01
c2339bbec3aaccee5dfb887e03903617,f12f332ebbf1b1f68126b31bcc25429b,delivered,2018-06-01 13:49:15,2018-06-01 16:11:41,2018-06-04 14:08:00,2018-06-12 20:42:08,2018-07-19,0adb179862977c93a9db8246e5e35970,2018-06-01
0dc0f6c0d3aae130bad1ba526469f2e2,37ee751f742df9220a0f7a73b618f7a6,delivered,2017-11-20 15:58:59,2017-11-20 16:08:29,2017-11-21 20:57:04,2017-11-29 16:18:32,2017-12-14,fa424f620a92cb30969251875d785b2b,2017-11-20
30b693f731699f8468a99b453bd26dd7,aa0cf3058e9942647ecd15789fbb4993,delivered,2018-03-03 09:19:54,2018-03-03 09:30:27,2018-03-06 16:05:22,2018-03-14 19:41:39,2018-03-21,d47107318c1a09b62dcc0d84a0bcf5da,2018-03-03
582fd4fa596ee1af88f153a5ba0523f2,deaa19219d8e3afdf04e2685df1bda8a,canceled,2017-11-09 17:38:45,,,,2017-12-05,f39417775394ddaa9a81151e6afd4c5e,2017-11-09
efabea2bf6185e12d09484abcc4bff85,42590c6b9aff7258e8cd3ee9de871e64,delivered,2017-07-24 01:16:13,2017-07-24 01:30:12,2017-07-26 04:41:55,2017-07-31 22:10:07,2017-08-11,9cf047265550f15115b178d72db2ca26,2017-07-24
994454efd51b0727e49fa7323d1ea2e2,3ad5eec80add5901fec68c9605016872,delivered,2017-04-17 13:57:42,2017-04-17 14:10:10,2017-04-19 11:53:06,2017-04-27 13:47:45,2017-05-12,93c76e601efbc53b7ae648755b775566,2017-04-17
3e7d62de8eab0ea8d37a2983df8f7af9,9840175c487cbad0c849d9e76c898afc,delivered,2017-10-09 13:40:58,2017-10-10 06:34:12,2017-10-11 17:38:57,2017-10-16 21:48:45,2017-10-31,e33bf94a636ee9d4a548c1947a73e417,2017-10-09
068d6b1cc2388cb0c5dcff8815760818,20739257747044d02d19276bacd71f66,delivered,2018-07-16 13:14:48,2018-07-18 02:41:50,2018-07-18 09:46:00,2018-07-25 23:28:48,2018-08-01,5885c1e845a8398976fd1da05de50463,2018-07-16
4462bafbef3a623e13088c31afb8d976,60d92131b9965763a97d72949c745982,delivered,2017-11-26 10:18:35,2017-11-28 10:16:25,2017-12-01 21:38:52,2017-12-08 22:05:01,2017-12-27,fbd45572765900cf329bb14ef313eb99,2017-11-26
3fcbf2059f4b76ed137fb591f6e826b4,26cb7b36e5d28d9d0bf236afe312013e,delivered,2018-08-16 12:46:36,2018-08-16 13:04:04,2018-08-17 12:59:00,2018-08-28 15:59:00,2018-08-30,a49d856b38eb1685f36a6726d9823461,2018-08-16
cf07604a298e52c07c772d3dbc9edc1d,b94c12a8801864a021cd6bd4d888d2c0,delivered,2018-02-06 13:54:03,2018-02-06 15:55:46,2018-02-06 23:44:17,2018-02-09 18:58:42,2018-02-22,a113551f998b0af77bb1c4b1bbfd922c,2018-02-06
2fa183e49c2092ebf306bfd2f6ce9378,743c0a31efdac563c043641dcdb8173b,delivered,2018-05-06 19:51:35,2018-05-07 09:56:12,2018-05-08 11:42:00,2018-05-11 14:40:47,2018-05-30,8312dbf53cccf98b7541b21ebeecc0a2,2018-05-06
2f10477788160831a76bb28cac8bbfb6,8452aca15fe14314fbacbda44b8b0cd6,delivered,2017-08-05 14:10:59,2017-08-08 04:20:20,2017-08-09 17:53:16,2017-08-16 14:23:40,2017-08-29,f6679de1eaaa725bfb50939bccc7a2e8,2017-08-05
29500656822f8cf6e25315bba794b4e8,438af069bdfc2cdff4fa2b35c3cccee3,delivered,2018-04-26 18:16:50,2018-04-26 18:32:09,2018-04-28 07:58:00,2018-05-15 18:28:39,2018-05-30,52b5a6c873799ca0b688693b9add4368,2018-04-26
39e1cc336087cefad5b96a4e37ec170d,d39272eb1ded3bfedc7660c7ccde6477,delivered,2017-12-26 16:55:12,2017-12-27 04:12:43,2017-12-27 18:49:06,2017-12-30 17:05:05,2018-01-24,f53017f44f295497800e8236c1579dd7,2017-12-26
57d81cf23bae8a7dac02a955f3a6d81d,f352d72ba42301488d1b6da8a9a5b03d,delivered,2018-05-05 22:51:07,2018-05-05 23:10:34,2018-05-07 10:54:00,2018-05-14 16:03:25,2018-05-29,6056d31a9cf9cf98ea9de7ef86cf4f5d,2018-05-05
eddf1b58726e1b53c010f681422195fc,9fff124c067a8e923fbcf6cdea20ea56,delivered,2017-08-03 14:17:03,2017-08-03 15:30:17,2017-08-09 21:27:36,2017-08-17 21:03:05,2017-09-01,adcf8fd9566b3660ea51a1b9dd2f2791,2017-08-03
94534dca4b70b22116250b471102602e,f413d1831bd15a64a7b73db89282fa77,delivered,2018-08-06 16:07:50,2018-08-06 16:24:38,2018-08-10 08:51:00,2018-08-22 15:48:45,2018-08-30,055dea13a2432a22c8babd5542d9d567,2018-08-06
67fc5f606ae3826fe2e204222407f87d,b001541b13d3ee5c51092d7565cf0fca,delivered,2018-08-16 09:11:40,2018-08-17 03:29:59,2018-08-17 12:05:00,2018-08-24 16:16:49,2018-09-11,cb0c4a545aad202fa20d4825853c5979,2018-08-16
ebb615f4359b27e961316b3959532f6c,14fd3eba514b49c33317f567ae94a1d7,delivered,2018-07-25 07:55:42,2018-07-25 08:05:11,2018-07-26 14:53:00,2018-07-31 16:38:44,2018-08-09,a303d52a33f9b147dce5844929ec64ef,2018-07-25
ae68db7133205767bf752b04da1d3b50,06497bec842a481bd823944e52528944,delivered,2018-01-13 22:24:39,2018-01-16 03:51:07,2018-01-18 18:53:03,2018-01-24 22:38:52,2018-02-05,33cfb533d01eaf2466d457037859aa20,2018-01-13
275b46c1b462043f24768a0b168bc654,e0844d74d286167ac9cf10d02cda2bfc,delivered,2018-07-24 09:01:09,2018-07-24 11:40:45,2018-07-26 13:09:00,2018-07-30 11:42:09,2018-08-09,387b38ebe598313ef56ef3df19b192af,2018-07-24
76605cf925ed0ddb1629abe46ecf0fe7,4a30fabb5431e637b6a8ef606e9ea9ba,delivered,2018-06-26 12:08:57,2018-06-27 12:08:25,2018-06-28 15:41:00,2018-07-02 22:37:58,2018-07-20,d0d4353d1421222170ece6bc8d2802c2,2018-06-26
c9b448b4e0098e41e8ac370c26bcccd3,83137b77c6e808c1a38760af8b0ba7c0,delivered,2017-06-25 19:54:54,2017-06-25 20:05:18,2017-06-27 07:51:46,2017-07-20 18:27:40,2017-07-14,4d7abcaa1455cc3661c996d0af652187,2017-06-25
b21e3162e757bdf451e3aead9be19148,ef6175a8a1635137174ca0cd10d6090a,delivered,2018-08-20 11:05:44,2018-08-21 11:10:09,2018-08-23 11:48:00,2018-08-30 22:27:52,2018-09-13,be90ec50f4cf74326a1f9a41860d7f75,2018-08-20
1397250bcaab6cf804f34197ffcf0424,fcab992f275f6be6560db89992f93701,delivered,2017-12-25 15:21:02,2017-12-25 15:31:33,2017-12-27 00:01:05,2018-01-09 22:16:31,2018-02-05,770be8981d9f2d66bc74ae7e96180caf,2017-12-25
7050ca67abc28e54c96dda64fc044dc6,8b74477fc8168aeeed71d94c2b040125,delivered,2018-01-20 12:42:14,2018-01-20 12:52:07,2018-01-23 13:38:56,2018-02-06 12:51:49,2018-02-23,97ba9c6276256eca910e8d36e78abfa8,2018-01-20
a5f26d6de016f2a849296eb5dac40eb8,df211c82a6114506ccfe030a60973fbf,delivered,2018-05-09 17:37:03,2018-05-09 17:52:54,2018-05-15 15:13:00,2018-06-04 23:04:58,2018-06-04,35e680e311373e45199f0e9c06ab2528,2018-05-09
4017df0a0c73564d88bd596e06e42c2d,de29a2c594d88f6e10fc329bf72d5774,delivered,2017-11-20 20:37:34,2017-11-22 16:17:58,2017-11-23 23:09:23,2017-11-28 16:32:36,2017-12-07,b37c8cccd19b188a545fef38e1d9386f,2017-11-20
21ce1808ea117d397cae34b95036a4c7,52fb8cfe0efcb927648b8fe7e8f0a509,delivered,2018-01-14 15:09:23,2018-01-14 15:28:29,2018-01-15 17:46:47,2018-01-31 17:34:37,2018-02-09,36df71f0cf4f19e4f7a163e8ec75c361,2018-01-14
d5d94fa0d1e2f561eb38c08dd582cad8,d57fee640224bb34de29f6e6d6f31c2a,delivered,2018-07-05 09:49:54,2018-07-05 16:25:16,2018-07-05 12:44:00,2018-07-11 14:14:41,2018-08-03,cb620d7122aedd9c6346927cd6ae01f3,2018-07-05
4fb76fa13b108a0d0478483421b0992c,5152585f73b24d675bd2e8316b4fa99d,delivered,2017-03-15 11:23:38,2017-03-15 11:23:38,2017-03-17 13:31:53,2017-03-21 13:31:59,2017-04-05,7293e0b38ab0dab128e6bfb7239c37ad,2017-03-15
fdf69195de599720c7b0292fb09fa55d,86e7edd809435f8d26c220cec1349795,delivered,2018-05-05 23:45:35,2018-05-06 00:14:06,2018-05-08 15:41:00,2018-05-14 13:12:27,2018-06-14,acc4424c209233de519e034152f30304,2018-05-05
d8097587799efe19a24233909b0513c4,171c5523ee56a47b6494aa15fd84acf8,delivered,2017-08-09 15:18:23,2017-08-11 04:30:06,2017-08-14 20:17:56,2017-08-21 18:44:33,2017-09-06,c33311c57489e962f6dd14f8d8020e1d,2017-08-09
5d9c5817e278892b7498d90bfa28ade8,b583a7efe4522c8ce8942bd47f33d487,canceled,2018-04-26 08:13:54,2018-04-26 08:32:52,,,2018-05-10,67a7e94ec59ef6d6ba83942c81d39b9a,2018-04-26
c1f39bb1d57f413cc9d3086d546b3866,2f20e98344b75554e78a681c992cb5d3,delivered,2017-09-12 00:22:40,2017-09-12 14:30:32,2017-09-14 14:03:57,2017-09-19 19:38:47,2017-09-28,22b99efa9116be57aac5b00ee65f097b,2017-09-12
e2cdd25091607dcc893bb86f3ce52b26,1a988c0b396ce0e056d68b90be213ded,delivered,2018-08-18 19:15:41,2018-08-18 19:30:16,2018-08-21 16:14:00,2018-08-25 13:38:56,2018-09-05,b552c0e9c828538cfe53434608288c81,2018-08-18
22a6d394ca7d999b417f339db55d2cf8,7a24d3886c1bf5b130a1c1f0b2671ad1,delivered,2018-01-14 19:54:49,2018-01-15 10:11:34,2018-01-18 21:35:35,2018-02-05 19:49:08,2018-02-16,7d5c72006f115b8f540660ca88377896,2018-01-14
71a9b0571a7e3a1094faefdd6be2a999,2b9a21297fcfae527fccb19cc3e73ed3,delivered,2018-08-23 11:30:22,2018-08-23 11:46:03,2018-08-24 14:46:00,2018-08-29 15:16:43,2018-09-20,13d28dd6d0480c493b3607c61b0a0160,2018-08-23
7a3bdd1ce4ff0098b32fe17565739815,36b9f7098dcb4280c45ae8f617645db6,delivered,2018-08-13 19:38:40,2018-08-13 19:50:17,2018-08-14 13:27:00,2018-08-15 14:51:47,2018-08-21,88d84988fcb70d91cbb76a42feab5a57,2018-08-13
77695976859e3c3e692c5a5bc670f31b,1ac452a99daac9ce73b82b28c32a3da1,delivered,2018-08-06 22:33:37,2018-08-08 04:35:15,2018-08-09 10:13:00,2018-08-15 19:21:19,2018-08-22,452df76d2b785ba9e1a622ea86758d66,2018-08-06
babf4b3af8749669fef673abd352fab9,0addc0618187d40767e6c49c395cc565,delivered,2018-03-20 15:40:29,2018-03-20 15:55:49,2018-03-22 11:52:47,2018-04-03 23:59:03,2018-04-24,0d51dd334a2101e32f88b2caaf83e849,2018-03-20
395522d74b4f19e9d229bacaab803c99,9d715b9fb75a9d081c14126c09218b96,delivered,2018-05-12 14:03:02,2018-05-12 14:15:18,2018-05-14 13:21:00,2018-06-18 17:19:58,2018-06-12,8f399f3b7ace8e6245422c9e1fdbf4b6,2018-05-12
1103c4be46dcfaefc2a3b79d3ef6c866,a1f6530f940d0e5f625593bd7fc29f60,delivered,2018-08-20 16:08:31,2018-08-21 06:09:57,2018-08-23 10:56:00,2018-08-30 12:06:57,2018-09-11,b9142ba5f1b0dba9110cab4f4ebb114e,2018-08-20
ecf7e61d0f5617017f9105bf07f390f6,4603b60ea92a73e8a68c72269d5a88a5,delivered,2017-02-19 03:33:17,2017-02-19 03:45:13,2017-02-21 14:34:38,2017-02-24 09:47:39,2017-03-17,e72349ea9d80575588369384df6f8250,2017-02-19
050c064324e4ea0fd891e928b776a24a,50fa7b568bb20a89723d9e7361ea6455,delivered,2018-01-09 16:43:47,2018-01-09 16:53:49,2018-01-17 14:04:00,2018-02-09 17:29:45,2018-02-15,c1299d631eafaa6467914c188969dcb6,2018-01-09
0550cddd79cea841641e17c802d9c403,02385ca219b24812b4c7c65818e3b06a,delivered,2017-08-09 16:57:21,2017-08-10 06:45:12,2017-08-11 13:49:40,2017-08-14 11:25:51,2017-08-22,367fc3b6dc2568f3a73ec808beae99a0,2017-08-09
93fc3bc7b6247585e28ea46b9e8d3d47,1eee04b64ca1ad8c06ec85570fbbaec3,delivered,2018-02-20 14:10:01,2018-02-20 14:30:39,2018-02-23 23:51:52,2018-02-26 21:06:28,2018-03-06,c276e844d97dee86d9016f07e068887f,2018-02-20
652dd239023471248957a1a2d5173b60,35cc89fc7a4a108e58af6d20943348d6,delivered,2018-08-08 20:41:24,2018-08-08 20:55:24,2018-08-09 14:52:00,2018-08-16 22:03:14,2018-08-27,9153abcd7cd28665a59d5fba3a9ef152,2018-08-08
b2a55ef9c0ebd8b6d955fdffa15e7bfa,742d405d3f6197a983010df7d445be3e,delivered,2018-04-18 13:58:43,2018-04-19 02:51:37,2018-04-19 20:28:44,2018-04-24 18:57:47,2018-05-11,41242ec0f3a3e4e4af970d5564955620,2018-04-18
4e41f78649da5383f210424cf0d04966,84bca97a82197c251dd791de6921279f,delivered,2018-06-05 23:07:48,2018-06-05 23:31:50,2018-06-06 14:23:00,2018-06-15 16:22:27,2018-07-18,c8eb932f749e948a2f9e64f91e9244e0,2018-06-05
defa35b1f40e19ddeea7aa2aadb0ef3f,7173fdb38c454281f1f23addad4534c0,delivered,2017-10-09 10:59:04,2017-10-10 03:49:14,2017-10-10 18:41:24,2017-10-23 19:06:40,2017-11-07,7120d40144b3afcc2500dc6d98a5d0ce,2017-10-09
226e081eeb9e359389b212a6b26f84dd,9b89cfdb4e6c82015a5b07d0557dcc58,delivered,2017-10-05 18:33:46,2017-10-05 18:45:28,2017-10-06 13:51:53,2017-10-13 16:03:13,2017-10-27,2ac290da25c53035608c28f34415dc59,2017-10-05
5e4a5632c531091bf04eb6e365e84d36,058b4cfa2da81472fbfe410a03f536c7,delivered,2018-02-22 19:24:45,2018-02-22 19:48:31,2018-02-23 22:57:02,2018-03-14 19:03:02,2018-03-20,95a19b9ba20757bfb34f33bd877f2a7b,2018-02-22
c7ed918d8db50526f07711b3cb8ec6e2,f4ca5b65eb24fd60b5d47147acce5b82,delivered,2017-12-18 19:52:10,2017-12-18 20:52:33,2017-12-19 21:53:25,2017-12-26 16:37:38,2018-01-05,3c79c01cd4e6887851b6bb9732caea64,2017-12-18
182499c96e47e2fa18c6d442a1fa6b1f,5dd4fcd1d55de7ae96cae3fa0ec13839,delivered,2018-06-04 16:20:33,2018-06-04 16:30:28,2018-06-05 11:41:00,2018-06-08 15:54:48,2018-07-18,e29bb76877cedfae1ca7f836c3b49074,2018-06-04
2e69eb402e990dd7df2f12806dc38a4a,fdad7da94289d3521ce425b4edfbfc60,delivered,2017-12-15 00:55:29,2017-12-15 01:12:22,2017-12-19 00:16:07,2017-12-20 19:33:54,2018-01-05,d086da909c0fca61c4f78ed8d58e2613,2017-12-15
64214eee33528e79cda8311c1a40d259,ad8e61b43475be715767337d38f95196,delivered,2017-03-31 10:21:22,2017-03-31 10:35:20,2017-04-03 15:38:50,2017-04-20 08:52:10,2017-05-03,9bd443e4fd56f9b69922fda323aa02bd,2017-03-31
0c2a184d46c54e6a31e9d7a2a920b4b4,15cf1c39f5851adb0bc3ed236060c8cb,delivered,2017-11-24 17:43:45,2017-11-24 21:12:55,2017-11-28 21:05:32,2017-12-13 16:42:36,2017-12-28,decae38f66f5103a60f351c30f1c80dd,2017-11-24
e677ab34eb52c66dd39e65b9aa84fe4c,34c1f8fa2e7d48d5f334b5f56702cde4,delivered,2017-11-26 22:58:55,2017-11-28 03:39:32,2017-11-28 16:19:00,2017-12-08 23:07:46,2017-12-26,f68b6de1360ee86aaa65043a0a5ec6c7,2017-11-26
241ed1aad96c4cc788ee6f8ab96242ef,31ef214ca2b1a59ca5819bcbf64b6349,delivered,2018-01-04 22:57:13,2018-01-06 02:08:45,2018-01-11 22:07:58,2018-01-25 02:17:51,2018-02-05,8901b2526349d372dd0bdf8d77af656d,2018-01-04
9d0dea2e11b3af0d11ba66eac116bc6c,08d31253590799b23b34713713a5f7d0,delivered,2018-03-21 19:37:58,2018-03-21 19:50:52,2018-03-23 22:18:54,2018-04-04 23:41:54,2018-04-16,dd2358149a1b6b710075b705d1a0a115,2018-03-21
60d899100b7d9333a614a610c5b619fc,70299e106f6e6cab75bc08777a3a4480,delivered,2017-05-02 13:24:39,2017-05-02 13:42:19,2017-05-02 14:36:35,2017-05-10 12:56:36,2017-05-25,dd68fedcc13ecfb683373b95b4215c28,2017-05-02
a6684913599fe52e243ed5d52a2ab57b,7f9e38df3bdcc0a32b5b330288cf7b6d,delivered,2017-03-28 17:03:51,2017-03-28 17:15:37,2017-03-29 15:18:21,2017-04-06 10:12:50,2017-04-24,672f3b5b341682ebfd96a23f53f4d771,2017-03-28
195ff45c167e808ee4f7ef32d7d8c984,043227bab04086b2fb932f1d612a575e,delivered,2017-09-21 13:45:32,2017-09-22 04:05:17,2017-09-22 16:25:47,2017-10-02 22:12:46,2017-10-23,8f2050954f60245f76119e9c906d917d,2017-09-21
8b75c1d5d99e30c53acf26bdfd1f29bc,2d7be18e8894ac27d2ca4eb3a41c285f,delivered,2018-08-06 20:29:43,2018-08-06 20:44:31,2018-08-14 13:55:00,2018-08-15 19:14:47,2018-08-13,210389466c22efb9d46bb767bbf205eb,2018-08-06
a338d0ade09a3ac954ecbf64b3b3b485,fbbbf9c39662ec023c52d0169700b4d6,delivered,2018-05-31 11:29:34,2018-05-31 11:51:13,2018-06-01 12:22:00,2018-06-19 15:13:02,2018-06-28,dba72956e7ca473630bf358179962b05,2018-05-31
bf7633822714776cc60f51470f805b92,a413396dcb9a0e9398058e4eb99bda84,delivered,2018-06-19 13:38:32,2018-06-19 13:57:43,2018-06-20 16:57:00,2018-06-27 21:33:31,2018-07-17,ac89190189fb23a046fd58537d10846a,2018-06-19
d579a51c897e8a3467e71e4db5a88b29,d68203296f0f13f31f3c07d186746360,delivered,2018-06-30 14:24:12,2018-06-30 14:50:07,2018-07-03 14:36:00,2018-07-12 15:06:38,2018-07-31,47bab2a466f1f34aa8e31cc1a3aca086,2018-06-30
6f8d53661cb6c0103f103915644d0a06,0d45270e541b3d3140d7240434b324c8,delivered,2017-06-07 12:09:46,2017-06-07 13:15:35,2017-06-08 09:47:46,2017-06-09 12:00:54,2017-06-22,fec01391a5ebdecf3bd79ee66828765a,2017-06-07
885c961bdc49f349fbc62709b7ad859b,b2ff945a0190e60266b483711041dba5,invoiced,2017-11-13 17:52:54,2017-11-14 04:15:33,,,2017-12-18,652cd18a3eb5f3d87f994bf8fbe581e8,2017-11-13
8dfcba64312b559340f9c9f65ac6205c,ac45e35bf2b9db0b1da073260e0455ff,delivered,2017-06-09 05:48:49,2017-06-10 03:03:48,2017-06-12 07:06:25,2017-06-19 12:26:11,2017-07-04,32027ffee23b010729c997df7699787b,2017-06-09
9053a7a342729c317ced50baf9de3040,74d9abd6a35eb64311c49aa052e32f92,delivered,2017-09-28 12:34:28,2017-09-28 12:49:53,2017-10-02 16:30:33,2017-10-06 18:33:20,2017-10-16,42cc1559fd951404d8b26d4109d7e5eb,2017-09-28
cef686cbfa22c545c06fc046126f6a02,f372dd9ffc7c3279633787779747a055,delivered,2018-05-18 23:23:37,2018-05-18 23:53:37,2018-05-21 12:01:00,2018-06-05 20:32:42,2018-06-05,e4aa30e67b5615dc4de8cbc3888d9631,2018-05-18
1d8747e28d2a17848780cacc9b445280,910c0c38cc99cb4a16a2d3c764bfdba0,delivered,2017-07-13 20:16:58,2017-07-14 16:15:23,2017-07-19 18:27:36,2017-07-31 18:26:46,2017-08-04,b16c2e098aa8101373e790bd385d5929,2017-07-13
c80568cc3de3ee4efd40e9329b74b233,282e5e59f9bed5c561e52c14586bd6c5,delivered,2017-07-27 11:15:09,2017-07-27 11:30:07,2017-07-28 17:45:37,2017-08-09 18:52:25,2017-08-30,0ca6058958a0318f9252e5ae24d0dc47,2017-07-27
9739c55348e0dff4c220e6c29285dca7,ff806b9005b5c5ceade753b2536f3833,delivered,2018-03-04 11:48:10,2018-03-04 12:41:24,2018-03-05 23:56:54,2018-03-12 18:42:43,2018-03-15,c3885d57fd6fa795e0f625291af7754b,2018-03-04
16a8ed3100a70b46cf67125e6bb54fa8,73a382623dc26b140d807f421a06b55c,delivered,2018-03-20 17:11:23,2018-03-20 17:28:19,2018-03-21 21:54:31,2018-03-29 16:16:43,2018-04-12,c4f4404ba7f12020d4f83e044e642d28,2018-03-20
2e386e86851d57f3a4f9b2bde748df42,cd2aeb7652a5a67b8da8c50950351f0c,delivered,2018-01-03 22:02:54,2018-01-03 22:11:36,2018-01-05 00:20:03,2018-01-11 16:49:35,2018-01-26,c47ae12fffad89e58fd954eeb60b12df,2018-01-03
f712d6b3989692ceb30fb3cefe2a3593,beecde6eb4cee2e570e0896ac6c8c611,delivered,2018-05-26 21:25:06,2018-05-26 21:50:05,2018-05-28 14:09:00,2018-06-04 17:44:28,2018-07-03,72e510469eda80d99d77d9b4945e3c97,2018-05-26
2a0e85d19656bd0a3c61a564b010ddd1,a990f3fb0ef120ed85a3ccfbd5c89090,delivered,2018-05-06 14:40:49,2018-05-06 14:55:19,2018-05-09 15:48:00,2018-05-15 15:58:50,2018-05-28,850c2630c733f79420a04b5c946c6b52,2018-05-06
60807512895403580c67fa1fade73bda,554c9763dcf0b0d75321961cf6c76d6c,delivered,2018-06-12 21:52:44,2018-06-12 22:21:38,2018-06-13 13:58:00,2018-06-18 17:03:59,2018-06-29,cacb72306c8c51a817d1c7411fab5b7b,2018-06-12
f5e2d1503e518180a056ed6db9d99514,f9212cd382c1a1ff756884fba22217af,delivered,2018-04-08 11:14:23,2018-04-08 11:30:24,2018-04-10 20:08:41,2018-04-12 12:32:48,2018-04-27,4756cdfaa2f859fb9459ce92f4ae1ac2,2018-04-08
bb8feb5c5a3d07a1e5e2ae3670a27910,ab287439e20c9dc4717ada1998dc06ee,delivered,2017-10-21 21:55:26,2017-10-24 06:34:09,2017-10-24 16:32:34,2017-11-06 16:34:38,2017-11-22,d98132d500bfb8870b1b59fb6ad2041d,2017-10-21
7bb02c36bd3bb7f11f1fce9fea141af3,5a1e0215018d048d9bb4878df261dcff,delivered,2018-05-04 01:57:58,2018-05-05 02:53:50,2018-05-07 15:22:00,2018-05-08 21:06:40,2018-05-17,06f59c70f97379ce2f67075dd6ae26df,2018-05-04
19fa597ff1023ec1294c43cee05955e1,19eba63a5c9ec4910a5248b3d994a571,delivered,2017-10-19 14:19:38,2017-10-19 14:29:10,2017-10-20 16:29:28,2017-10-21 17:02:22,2017-10-31,cdf5f1a142717f1ca335060371f95d81,2017-10-19
f70dff3502fa3fe88532b170cf4f126a,03c75f8dfffde486ab30360f6e689a4f,delivered,2018-08-15 17:49:43,2018-08-15 18:05:20,2018-08-16 14:05:00,2018-08-20 16:58:40,2018-08-23,b61dd513f7cca03e7c2c55fb80fa1772,2018-08-15
b7aa73a3119c47442c4ff1ee6bab2761,2bfc66d41e1b51c9512490097d79b407,delivered,2018-03-06 07:44:23,2018-03-06 09:00:33,2018-03-09 18:22:50,2018-04-02 21:21:32,2018-03-28,681e5cb3d12405c5579a333977731d43,2018-03-06
4de4b5399589ac552a438c88653fa27b,914f42ccf18ace2f564032913dce6bed,delivered,2017-05-08 23:55:09,2017-05-12 20:15:18,2017-05-23 12:11:13,2017-05-31 11:34:24,2017-06-13,ee2f423348d2b22b19bff9446cf39f2e,2017-05-08
9f47e04f95b2bba1442d5bbf0611733e,ed6d5239528458c1a45a3b15105ea27e,delivered,2017-05-09 19:28:46,2017-05-09 19:42:28,2017-05-16 15:36:22,2017-05-17 10:42:04,2017-05-25,836713957002e55fe78f04567a7823b1,2017-05-09
ff8bf9c080a3d7c12864f7eba1fdd0c2,345a7e8d401d55e35830d078e5710a63,delivered,2017-09-12 21:53:09,2017-09-13 16:05:13,2017-09-14 21:11:22,2017-09-19 23:44:58,2017-09-29,5455f820f6b992517247ef22e440b205,2017-09-12
d4c9b64645181fa7193ab68ae9ed3422,667d8b46b73cf480f307edad1d8d5760,delivered,2018-03-13 21:56:41,2018-03-14 21:55:22,2018-03-15 16:47:31,2018-03-22 19:44:56,2018-03-23,2813374537a954f57f82077f85fd9c9f,2018-03-13
149d32ba42826835e09c375b8a1fa923,32a999da0202254e1933631170777178,delivered,2018-02-22 09:19:16,2018-02-22 09:35:38,2018-02-24 00:33:13,2018-04-06 18:16:42,2018-03-21,9689908caf4de73724feed92175d867a,2018-02-22
47073fb1adb2b41ef8bba8c77d8ed86f,014cb897286d70935bfa3c8eac776b76,delivered,2018-05-14 23:00:04,2018-05-14 23:17:42,2018-05-15 14:28:00,2018-06-01 17:39:12,2018-05-29,e1967ba1b15b23a95519bf8cf882530a,2018-05-14
17bb28a9cd402cfee5ff64208ba89ade,6aa43631e35adce55f5779558a44e918,delivered,2018-06-16 23:41:06,2018-06-16 23:55:12,2018-06-18 07:57:00,2018-06-21 21:08:39,2018-07-05,7beb794df17a487cd045f82b4faa3897,2018-06-16
6be0e40ad5ed600b9e6b90fb9f58ba3a,7c82476c0f50a544581f32a8b7d7eda1,delivered,2018-04-21 14:21:53,2018-04-24 18:00:22,2018-04-23 20:18:35,2018-04-25 21:16:50,2018-05-17,ca5603041135a39ce140c89dc0175d1e,2018-04-21
7a2226788e3271396a9eacab9c7533ff,afa43790ae863947519d2d28d5606633,delivered,2018-02-24 12:48:15,2018-02-24 13:07:42,2018-02-26 21:16:55,2018-03-12 18:36:43,2018-03-28,a613976be843d96194ec7aa0818abe0a,2018-02-24
415cfaaaa8cea49f934470548797fed1,a8dff6357fea30071032ff2091d16430,delivered,2017-04-02 10:25:38,2017-04-02 10:35:19,2017-04-13 04:37:45,2017-04-29 10:14:19,2017-05-02,cd63fb1b20b66ae7f91f848942895493,2017-04-02
47de47e95fde65f1092e4d067cc83e0e,f80078e6edacdcf77a57a662b017e2a9,delivered,2018-05-08 11:37:48,2018-05-09 07:11:35,2018-05-11 08:39:00,2018-05-14 16:21:21,2018-05-17,38e7b109c2da2ea35603cf9da25dee7b,2018-05-08
dd028c5dfd0ae2d44370c0fc1ca82e19,80dd10412017dd7c11815ba1efc30096,delivered,2017-08-22 01:37:36,2017-08-22 03:25:24,2017-08-22 19:28:07,2017-08-30 18:45:41,2017-09-14,4738cadda5b3d09fdbfc89adde1094da,2017-08-22
06351d6c05e58972856f24bc50d69b23,c5a92db38654f2f74f3983d03661e8ad,delivered,2018-05-08 19:38:58,2018-05-08 20:54:55,2018-05-11 17:25:00,2018-05-14 20:36:55,2018-05-21,e226254ce0c6d5b7a7ef7218c9b5b518,2018-05-08
8a881a4cd12decbfb14a30bd1f76e9a8,4f2805dc44b7d28dc8085c99c9ad55c9,delivered,2018-04-03 21:14:40,2018-04-03 21:30:14,2018-04-06 03:28:38,2018-04-12 11:21:18,2018-04-25,65c3500fac7672e20c8cae05ac7f9365,2018-04-03
f5a9c17b18bafcf2b509819e576c7f1d,cc520770c674e35270d16b7464722c08,delivered,2018-07-28 17:27:08,2018-07-30 18:31:27,2018-07-31 11:21:00,2018-08-14 16:58:39,2018-08-16,00ee7af62ef66b1f9b49f2c2bfd70ad5,2018-07-28
6639717557f610a34aec7003122f7c33,0b524da779a488d1550b3e717bfe03d5,delivered,2017-05-29 21:18:06,2017-05-31 06:45:26,2017-06-13 11:09:05,2017-06-22 14:36:54,2017-07-06,eea7c506bed0997817f14da59e862db1,2017-05-29
39278e2718c6f2a7b23e42f955318fcc,cac49c568ffa3efb4ad9a9aea6f76fc6,delivered,2017-03-03 08:59:20,2017-03-03 09:10:11,2017-03-09 06:04:39,2017-03-16 11:54:58,2017-03-24,525c4fbef03d74841bfece327d65c2b0,2017-03-03
3b55f8bdca319d87fac505893a4a3440,a6a6ab9ca44dfb6bcb8faa2f764cfb6c,delivered,2017-06-15 00:36:09,2017-06-17 03:47:46,2017-06-19 17:29:37,2017-06-30 14:05:55,2017-07-10,818a54422350b38d3fb1cb3a1553889f,2017-06-15
0767f7b9a6d2c7db242000b27ca8e063,a4cba27784dff4e827894a6cf91fc55f,delivered,2018-01-02 15:38:10,2018-01-02 15:49:28,2018-01-03 21:41:30,2018-01-09 18:23:58,2018-01-24,5267a8c9b203efd22d5bd1ee46cd25d0,2018-01-02
ce59496beb223906ab55f6bce7fa86f5,8553fb012aaa382ff9b2eb9aae6d03fd,delivered,2017-06-02 10:53:33,2017-06-02 11:15:22,2017-06-05 14:05:55,2017-06-16 15:42:09,2017-06-29,0ac10a57d07e3d38b11f66283c44672b,2017-06-02
193f0a2e7d76b4a6b080379a0fa83391,8821ed2641ed1a27d5d7e5ae0c6b7ce5,delivered,2018-04-03 09:47:44,2018-04-03 10:28:52,2018-04-04 19:08:48,2018-04-11 20:41:22,2018-04-26,774ffe5036cc11a7ee608762fd9da793,2018-04-03
be232325c4a25099b3bd0015b73141cf,e24fc7161cdab26a7f96e139faf161bf,delivered,2017-06-06 18:43:39,2017-06-06 18:55:14,2017-06-12 12:22:10,2017-06-19 14:08:10,2017-07-03,b34605642384ea6e2724601a2495a6e4,2017-06-06
6a0633b045fa76bef36ac14dd4a3f165,455258f2bf9d3777b0dfc5e91a703fe3,delivered,2018-07-03 18:09:59,2018-07-05 16:10:39,2018-07-04 08:51:00,2018-07-11 19:13:48,2018-07-25,31e34c9568c4675478a694c317cad2d5,2018-07-03
659abef602b62c08e71dbc6892a5cffd,f7c73f4b5faf697429c33ad71963b338,delivered,2018-08-08 12:45:12,2018-08-09 04:05:20,2018-08-13 13:27:00,2018-08-16 17:08:34,2018-08-22,b20c72d8343d25917e0cb974e9c1996a,2018-08-08
b1503f3f344c66cf0a3bdc1e2a6e3fcb,698c9575d3f2b6fd6cd368475a5cf865,delivered,2018-01-13 22:30:17,2018-01-13 22:39:24,2018-01-15 15:46:54,2018-01-24 22:44:36,2018-02-09,1420e793ce84ed2ea19d14996ace2165,2018-01-13
2143393cca994a4b8235bc1d67ded772,5d7bf0dcf8306abcdd063a7883e23ae1,delivered,2018-03-02 14:16:44,2018-03-02 14:29:52,2018-03-02 23:55:29,2018-03-05 22:53:08,2018-03-14,6358b15ef7fa9b1210f1a5735cabd3d9,2018-03-02
1c11733dbdd5bd01b44d43c1ea15d09c,4b75343db338e4baf91d2307ed18232a,delivered,2018-07-25 09:25:00,2018-07-25 09:35:21,2018-08-07 08:45:00,2018-08-13 20:56:51,2018-08-20,fd86907696b4d4139350472a6986ff41,2018-07-25
aace0cf63f6c71ef4c9ea309cdafe5f7,08aec3c5e2f594f7818c930e95a0b494,delivered,2018-05-23 01:16:39,2018-05-24 02:34:42,2018-05-24 14:08:00,2018-06-02 12:13:00,2018-06-08,ca729df702308f07c695082b4a931c15,2018-05-23
c60af7792f63f898ffc28eb10cd9d19a,538234e72ea3c12e36bac4e44680eafd,delivered,2018-08-17 08:20:42,2018-08-17 08:55:34,2018-08-17 14:58:00,2018-08-18 14:28:54,2018-08-28,4e1880f9ad64b328afddeda8582db702,2018-08-17
6234c0a631c7ef6fa2bf006aadf30830,1375bdab8fea25e742665665cb71742a,delivered,2017-02-16 08:58:19,2017-02-18 03:23:09,2017-02-20 11:37:54,2017-03-07 13:43:43,2017-03-23,df9a5cf4c35a4da55fb8584db4949f4d,2017-02-16
c5a6478adc7b22ab68336068e514376e,97804bd1a992502ac73b63b576911f42,delivered,2017-12-24 10:32:04,2017-12-24 10:47:03,2017-12-27 00:53:18,2018-01-08 15:46:41,2018-01-19,87fb8e9d6acdbd0a5c9920c5ffe29222,2017-12-24
b7f65fc3d720a073a8fdc62a1266d5c5,45ee462646e80746679a459081941fd9,delivered,2018-07-28 07:16:49,2018-07-28 07:30:10,2018-07-30 12:58:00,2018-07-31 17:58:39,2018-08-13,e23270b82bac3b362e7063ec82943f1c,2018-07-28
acafc5aa4a3874a56fa4deb8f00b9d66,940231639c3ebc0ed7a7a023bf28fcac,delivered,2017-10-23 06:21:02,2017-10-23 06:35:14,2017-10-23 18:32:03,2017-10-24 16:14:42,2017-11-03,1005d66f9e7faa1cd09779344fd218cf,2017-10-23
7658a22ab4067d4c92a25cf2835331cf,8549a9bff0476c807b9df9803bedc6fd,delivered,2017-09-27 15:39:40,2017-09-27 16:14:45,2017-10-02 22:46:02,2017-10-03 23:02:17,2017-10-13,cc061287c654ec7a1afbdf421ffdc771,2017-09-27
cc5e67fa8185e51d52282cabf20dd8ba,83da75c215f198d2463e10f0fa9a56e6,delivered,2017-07-25 19:36:49,2017-07-25 19:50:12,2017-07-28 19:04:47,2017-08-03 18:04:46,2017-08-07,92a80e70ace44b981b773f3c3a91271a,2017-07-25
e36614a2f40167f0c427f794f873f4a7,7d76ebf018179f7d4c113d553ea71cc1,delivered,2018-06-18 22:37:21,2018-06-20 02:55:28,2018-06-20 14:21:00,2018-06-26 17:12:22,2018-07-12,869aae302b28b65b5cc136f935089e42,2018-06-18
b2487e261162c0d9162eab45862d42a0,83ff82f9e3b08b57d12ef4a5ca7b5834,delivered,2018-06-11 14:00:51,2018-06-11 14:18:31,2018-06-12 12:48:00,2018-06-18 20:53:40,2018-07-13,c81b0baffcea2ef56aac639150e6e4e7,2018-06-11
443f3ab34f06d2d9124cd153812b4ba6,796d05b11c21234c1840086faa0be307,delivered,2018-07-01 17:36:44,2018-07-01 17:50:03,2018-07-03 05:46:00,2018-07-05 17:43:39,2018-07-20,8e25c4a071fe91a4a6fe083ec1d10425,2018-07-01
7c086fb9c0a3c91487ff8c4395bd64b6,7997729f17343b6f2bb7f4e809d868ba,delivered,2018-03-19 05:50:49,2018-03-19 06:09:23,2018-03-20 19:58:54,2018-04-10 18:56:26,2018-04-10,67569b16721a64cf1a80563a76700af7,2018-03-19
cfb8af32c76c2ffd85a000a1e223f667,ae5a5926ae3f6d1bcfe62cbf595d7e09,delivered,2018-04-17 18:42:12,2018-04-19 02:35:14,2018-04-24 00:50:57,2018-05-02 19:21:57,2018-05-14,d24251374eaeb9cf4bdec3a08fdc11aa,2018-04-17
b2aeaa081ba84843afdf0a5ad31e9832,a1ecadb957075c10c68440904378d9f5,delivered,2017-09-27 20:09:36,2017-09-27 20:24:17,2017-10-02 20:27:27,2017-10-17 21:56:00,2017-10-25,d1b3ff879da0e88aeb82ba18e5ca9086,2017-09-27
c4ae694131c2e15bee056c466f77f994,5c8a19c5ff615221bc946ebef86e9a94,delivered,2018-08-20 20:13:09,2018-08-20 20:29:57,2018-08-22 16:36:00,2018-08-24 13:48:37,2018-08-30,879c750469c3da5ce8aa345e2cdc8fab,2018-08-20
987430b7ddb6c5c4a9a83505e40a5f4c,86ac7f4694efea6b3b4593f93b1cb322,delivered,2017-05-14 18:07:50,2017-05-15 02:15:09,2017-05-22 09:57:35,2017-05-29 13:12:15,2017-06-07,12c2a65dbe592d90ddd6f3fa27ff24d4,2017-05-14
d77815db97cd5ae5aa8e95e8e6404808,0315566ca17f35abbf61d58f3ea8b8bd,delivered,2018-07-19 19:07:11,2018-07-19 19:23:10,2018-07-25 14:44:00,2018-07-30 16:48:48,2018-08-24,f64bd653c0a8d877bf294a9f41500dcc,2018-07-19
66c597806a0a0fceb57c8acf9a89a842,8829227f8fbaab27bc41e5f7b8c519f6,delivered,2017-02-08 10:29:28,2017-02-09 02:50:15,2017-02-09 11:53:19,2017-02-20 12:42:39,2017-03-21,13571a3dd2ccd4feaf52d0b4ef0d1195,2017-02-08
0f71c6da7b8d96627eb368097e8ca4dc,278a2cc7e2e7b90f0b62d57871a86fc3,delivered,2018-07-26 07:57:22,2018-07-26 08:05:12,2018-07-27 08:41:00,2018-08-01 23:36:44,2018-08-10,981487ad8cc46b374cac102e632f99d7,2018-07-26
07adbbb19edf0b09473e75febe708354,16ea3b34aa8c716158f26e5a07536ecc,delivered,2017-04-26 17:09:51,2017-04-26 17:22:23,2017-04-27 08:04:28,2017-05-10 12:22:15,2017-05-22,d3d5357d956674303e2ab88b888285fe,2017-04-26
5052e182aee58daae49fec8b9caad0c9,7af9d19891847b24d1003c709349774f,delivered,2018-08-02 20:20:53,2018-08-02 20:35:25,2018-08-03 14:55:00,2018-08-10 14:36:53,2018-08-15,592596924fbb356d2f929f3a57b0187d,2018-08-02
5f896884b074055bd2e53b9f46fd3d42,480858488b4a18a4d0aa2eaf2901f009,delivered,2018-03-25 16:27:15,2018-03-25 16:47:55,2018-03-28 17:58:49,2018-04-23 18:27:48,2018-04-20,bb7eccaa9fe03d2dc19dd007346d353f,2018-03-25
71094b187eea9583286a74a815c5b9ff,c2d27c09116a37f13666a80b5351140e,delivered,2017-05-15 19:45:02,2017-05-15 19:55:16,2017-05-16 09:24:21,2017-05-25 21:34:04,2017-06-08,175f6054ac3c60c8bbcdbc517e457818,2017-05-15
18655e8acc771fadb130bf3048a5589e,620af8d8e9274c4396fe32ffcf65525d,delivered,2018-07-16 11:12:30,2018-07-16 11:25:24,2018-07-31 14:10:00,2018-08-10 16:58:46,2018-08-10,d1e651bcc9810a8de7dd0c10d602dd48,2018-07-16
4d7cba9ac539bd48f7fdde25ccbf3eb2,24c696d961e37f3e72e7ab2a766390b8,delivered,2017-05-16 10:18:09,2017-05-17 04:05:31,2017-05-17 13:21:47,2017-05-23 11:54:42,2017-06-07,576c48dba65a0dfb073b5e9f38fb0d17,2017-05-16
7d25201b841d0a91a003edf192834005,fba95f073ccc6b98c94f3c000b9c1472,delivered,2017-08-13 19:07:29,2017-08-15 03:30:46,2017-08-16 19:46:47,2017-08-18 16:57:57,2017-09-01,b735c34299af89879b386c332e338374,2017-08-13
4986d3404b3145142cfa01221b069746,5291ca075766f28a7e3caf211c8b69bc,delivered,2018-04-09 16:15:34,2018-04-09 16:31:16,2018-04-12 20:02:20,2018-05-01 12:59:18,2018-05-08,c2565975c1baf1579a811c76b041dee7,2018-04-09
a39d2611275f47a82918e1e457b2ef38,e8873af8a169c9455afe59c168730683,delivered,2017-09-22 18:11:44,2017-09-22 18:25:03,2017-09-26 23:23:52,2017-09-29 22:56:34,2017-10-17,20f27a24bb7a184464cc32665e4704db,2017-09-22
32064cd340eabfc585488b852e90efaf,9e43100b3399c9b4d9a478bdc4968136,delivered,2017-11-28 12:01:12,2017-11-28 12:14:51,2017-11-29 20:24:50,2017-12-05 20:17:01,2017-12-19,1b587ef20418f6cc5a215b80877f3566,2017-11-28
6e1a982b49ab5d583b645b1bf892ea3f,73f61de7fead9fbc2021936d345c1531,delivered,2017-10-22 16:56:48,2017-10-22 17:14:45,2017-10-23 16:47:27,2017-10-24 14:09:08,2017-11-03,e9d17a5d477ce1dd5c2e3d3ad9b628ff,2017-10-22
e5989171218c1c7948bcca1c93ec2a6b,3949edfef86218762911d9a16c513011,delivered,2018-03-15 19:35:42,2018-03-15 19:50:33,2018-03-20 21:07:18,2018-04-04 19:22:14,2018-04-11,ecd8c8b41a6a11e74f9ce6e5bbb3e995,2018-03-15
27c7c6aa7b6f3de99d2a3a64674d296f,f7b55e33b283db33596d6be05d796448,delivered,2016-10-05 22:53:45,2016-10-06 16:03:31,2016-10-15 10:12:45,2016-10-18 20:14:38,2016-12-01,dc86b29986d1f8ad458040d2400bf941,2016-10-05
6631941f15912a0be1a1951cfbfaf3f3,31c63ee7e8a9df22da8c412f9ce1f844,delivered,2017-07-05 21:55:49,2017-07-05 22:05:25,2017-07-07 14:43:32,2017-07-12 21:33:16,2017-07-25,7d753af204463644240b3e3d59f77f58,2017-07-05
7c9c41b594f953926e7f525c62f69ee9,3744f79a9c9def58674b75117758ff27,delivered,2018-05-16 21:21:53,2018-05-18 02:54:16,2018-05-21 08:55:00,2018-06-08 23:20:49,2018-06-04,3a6cf3e8604476215f93fc0507517d50,2018-05-16
d228964643ea1bbbf7ef2d4381d2c4fb,d34dcc4103ad615f41797c3b3f9268ac,delivered,2017-07-03 14:37:29,2017-07-03 14:50:22,2017-07-03 15:33:01,2017-07-11 18:05:47,2017-07-21,8d2f6695591c86f5fde13675fcc0f15e,2017-07-03
cdd9601c7f7685708434a68d814fb53f,43e4aa8f5e956f0169a62f4b708872ac,delivered,2017-05-25 09:20:18,2017-05-25 09:30:19,2017-05-25 13:11:37,2017-05-30 09:17:59,2017-06-16,ec980e080537095bce473c5265771fad,2017-05-25
c92758b82c8796f0f576a9653e981689,162b9956835f34924ca94c209bec0d5a,delivered,2017-03-15 16:47:53,2017-03-15 16:47:53,2017-03-17 15:12:38,2017-04-04 17:24:08,2017-04-11,207f0b00f8451bd80cc5926fefec2d0f,2017-03-15
02c8da4642d8bb546d022a0701ea1b5a,6aa648d1941ad74851f11529a29d5fdf,delivered,2018-07-24 14:06:08,2018-07-24 14:24:35,2018-07-25 14:38:00,2018-07-27 16:35:35,2018-08-06,c39d4eb63d6ef6bfe4c61ec857dadb21,2018-07-24
cf702c9690c3b8096cc51907ab108e0b,81864c463601e799c3a8dffa8f9681a8,delivered,2018-01-07 13:14:52,2018-01-07 13:27:08,2018-01-08 23:52:35,2018-01-12 22:48:06,2018-02-05,f7baa36877f3f8c3ac68bb062182e437,2018-01-07
e86118c5fd6d905b7346a83baca017e2,dbfcf7c2a286c626b8ab695e310045d0,delivered,2018-03-12 17:27:41,2018-03-12 17:49:23,2018-03-13 23:41:41,2018-04-07 13:51:05,2018-04-03,9b393421f23d98c486ea4f9de6427fd2,2018-03-12
ce5202f7d924f69727cab0ead92eea21,264f37241e1584a08cde6f7d9ec7e51a,delivered,2018-01-09 17:00:40,2018-01-10 10:32:22,2018-01-12 23:10:32,2018-01-29 19:52:22,2018-02-02,4355a1514a34a8f299fc2f823f40447e,2018-01-09
17fed53ba6dfef9b594ee2268642e2aa,c0352e94059e3e5a714c9ad0c8306a54,delivered,2017-01-05 14:50:54,2017-01-07 03:35:35,2017-01-11 15:59:08,2017-01-16 15:24:03,2017-02-13,12f5d6e1cbf93dafd9dcc19095df0b3d,2017-01-05
d1129445a7d52481f5cd8c9198d4957e,f215bd697983e112b9b42330cf503c50,delivered,2018-06-20 19:41:16,2018-06-21 16:20:08,2018-06-27 17:22:00,2018-06-29 19:08:22,2018-07-05,11db78ab36d352319ed0e1ad277edf97,2018-06-20
44ea412889912509d6aa88837414f6e6,3b5f688e86766453439aed1d36b6b411,delivered,2017-11-19 00:27:42,2017-11-19 02:17:57,2017-11-20 15:33:00,2017-12-05 17:43:22,2017-12-15,20be43f9328a6d6bdcf70c57d734a48d,2017-11-19
e9320080aa3ee01f2ddb759c9660e140,3910c33668214cdc86cbb373ef2d75b0,delivered,2017-05-27 23:39:29,2017-05-27 23:50:14,2017-05-29 13:12:43,2017-05-30 16:38:19,2017-06-09,7ecd9ec52e1fce9af533852b2a4540cb,2017-05-27
ac0716aa90541fcb9f100e8a7b38e2bf,9e2c9f8943ebaa7272b67d220be34fbd,delivered,2017-09-28 10:16:25,2017-09-28 10:28:21,2017-09-28 21:53:42,2017-10-02 18:57:35,2017-10-20,96e49e6fb7d6ace2946df17e3ef14f55,2017-09-28
f357366b4ead4d267e1dbc2454e4a475,850be66093f139f399ba55d7cd96cf26,delivered,2018-07-25 09:27:14,2018-07-27 02:10:33,2018-07-27 14:43:00,2018-08-02 17:05:06,2018-08-10,1a334d89e143e6cebb3506ad38ddd0c2,2018-07-25
e26446f0107a254acfb02c3d38707048,2133fd869805af7127a37a5fb5022b93,delivered,2017-11-28 17:54:10,2017-11-28 18:16:20,2017-12-01 21:56:43,2017-12-10 16:57:04,2017-12-18,63462aead859a244b974f6443e5fdb36,2017-11-28
485841420c8cee06025e9a75cd58b45d,14e02ed12bffbb5f509fa3010586dc88,delivered,2017-05-06 23:13:34,2017-05-06 23:25:14,2017-05-08 15:26:03,2017-05-16 11:54:38,2017-05-31,98e0d0b8d830c06fd23bef7f24eb3c50,2017-05-06
024ab991361d48e491b7dad2f172b43f,ef8a56cba316f40c236be1799e706e78,delivered,2018-05-17 17:25:10,2018-05-18 02:36:18,2018-06-07 07:48:00,2018-07-05 21:26:40,2018-06-22,6e0c910d67dc3a55add6f66632b33fb6,2018-05-17
fb9ba8d9d68c67b4fabe35f76d512f06,b2101ffadd7a4741ec0200d8bd290dc7,delivered,2018-02-08 07:51:09,2018-02-08 08:09:39,2018-02-21 10:43:05,2018-03-05 15:26:05,2018-03-15,91e8001438bdd0bf8d004ed20d469f4a,2018-02-08
37a4f672747cf7ec17050e7c1ebc1508,50811b375285c235a013d3d645d93641,delivered,2017-08-27 11:13:40,2017-08-27 11:25:20,2017-08-28 16:37:15,2017-08-30 16:23:18,2017-09-14,9425021562b755b18f7ce2f259c2d628,2017-08-27
10516d5059a1ebd2841eafd0124d43ba,67d0b4958bc1696a19484767933531b3,delivered,2017-12-15 19:33:47,2017-12-15 19:51:40,2017-12-20 20:39:10,2017-12-22 22:18:42,2018-01-05,a4ce7d6a3e4eb8cc88dd4fc48deeafab,2017-12-15
2f3421276983f8f73c05e988a95991ba,a25180756720f0e372a0a5701db97a6e,delivered,2018-07-30 12:26:35,2018-07-30 12:45:15,2018-07-30 13:22:00,2018-08-06 21:05:20,2018-08-14,5190bcfdcfbabaaca397e80a3cda2925,2018-07-30
a32f136cacf2a9b45eaeb507057b33f2,c8a0b7a3747bdf0764e839a4d1ec1d20,delivered,2017-10-01 23:11:18,2017-10-01 23:29:43,2017-10-02 20:32:19,2017-10-06 23:25:55,2017-11-01,ef4b8074f8036f72703b3dad56d970a9,2017-10-01
0e903df9d14796df715e2f6cc52e2c1d,360b9136547fb569745fe24b675d6565,delivered,2018-03-21 11:08:46,2018-03-21 11:28:00,2018-03-27 19:42:45,2018-05-02 18:19:45,2018-04-10,e4464b88a120e7e0612cbf766172898d,2018-03-21
b69670c19a123626e5734413fa447343,73cfdaa74ad0193c0fbb9b85e5d4869e,delivered,2017-05-08 08:46:43,2017-05-09 09:45:11,2017-05-10 07:47:43,2017-05-11 12:33:54,2017-05-19,7ae6ccf9d6ddc83c16e6c5706f850b60,2017-05-08
717b5830932c155c67ba3232934a93c5,acec81168c11c0d01d9d5955a3d507ab,delivered,2018-07-23 12:50:09,2018-07-23 15:31:47,2018-07-24 14:51:00,2018-07-28 00:08:21,2018-08-14,acdc891424230535bd0833a2ac9e4c2f,2018-07-23
a7ce71faa90255e55a627d8b1065e0c3,a128f8a5a209e64734a0a19ef49217f1,delivered,2017-05-12 22:27:41,2017-05-13 02:45:15,2017-05-15 12:19:10,2017-05-17 10:57:40,2017-06-01,e47f07334fbdfad0c3db8d5e722f7f6f,2017-05-12
b8cf03f4a08e3dc7eb2509ef520b20e2,3f4423d700a7c924ec43c17246a5ee6d,delivered,2018-08-22 08:25:48,2018-08-22 08:35:18,2018-08-24 10:16:00,2018-08-27 19:32:48,2018-09-04,db63d1938f9fd68035212ae046df6917,2018-08-22
32e943adb1bf8c4ed11dfb4e6ee5aea2,2ef92c87b494c20a08bb4b377f373a03,delivered,2018-05-04 20:39:55,2018-05-04 20:55:10,2018-05-07 14:35:00,2018-05-14 13:51:22,2018-05-30,c931d7982b3155bc40a6b7dce040feaa,2018-05-04
1e1a6b58ec84f9f80db12fa7a237eae0,9f201bc45ce7cb8b9f19d5518233b98f,delivered,2018-04-04 02:08:41,2018-04-04 02:28:30,2018-04-06 20:52:50,2018-04-16 20:42:35,2018-04-20,d9b26f6ff10988439550f3f43062ce74,2018-04-04
f8599d6fa56cd679a3cd7f147a61e57f,c007046532d418a29cd29de874f500b5,delivered,2017-10-11 22:28:28,2017-10-11 22:45:53,2017-10-13 15:38:01,2017-10-25 21:38:42,2017-10-31,a34cfb4cde85af35956379a58bee77fb,2017-10-11
f9ce64033c2858881268310928221d1d,9f283eed9d5038951b3c3a1be1cb8cd0,delivered,2018-04-20 08:21:48,2018-04-20 08:35:13,2018-04-25 12:58:00,2018-05-03 00:03:45,2018-05-09,8a97f8a0e89a0ede6a81e08a8289d809,2018-04-20
811eadaef225935d84d4d3fdcca7ee85,76c0c1cbc865dd70e1225ca35bd5f305,delivered,2017-01-11 11:34:58,2017-01-11 11:45:11,2017-01-11 14:07:44,2017-01-16 13:22:29,2017-02-21,dcb9ccbeba1a08fd27d8f50618ffbb2a,2017-01-11
d26fc4e0de94625d635210111725c127,e9d30d5067a204ddfa459c50d6311fc7,delivered,2018-08-03 14:09:35,2018-08-03 14:43:53,2018-08-03 16:24:00,2018-08-06 15:28:31,2018-08-10,7f8481fbd8e94e2acaa94a33603069e9,2018-08-03
04da77eda115c14a16e28e6d0bcdf33f,6710f7fe1c2f9abf00197047bea1fed7,delivered,2017-09-30 01:29:40,2017-10-02 08:56:25,2017-10-04 15:52:49,2017-10-09 21:37:28,2017-10-24,1398a082cf4e21d24d1aa263aef4de09,2017-09-30
05e9e60e8b528b3563a1b1c2e8cfa64d,ec8315fb9315114eb8a8ed106264ff4f,delivered,2017-12-09 10:47:07,2017-12-09 12:51:02,2017-12-13 15:44:45,2017-12-21 18:15:18,2018-01-04,e3787af643d35ba357d75e8fdd2c1a8d,2017-12-09
114fade4f3b82f8b065771e1b3c0ae14,16961e4900ce6f06e72342487ffe2297,delivered,2018-01-15 22:29:00,2018-01-15 23:30:27,2018-01-18 20:46:52,2018-02-02 05:39:43,2018-02-05,1a908dd3452fdc766476d916d2d12d78,2018-01-15
8b9a623daa9d813b547bdfaa6a2628da,739d8efff045b89bd0ef295fefa5411e,delivered,2018-01-21 16:50:36,2018-01-22 13:53:54,2018-01-22 21:48:44,2018-01-23 18:36:47,2018-02-06,90589361d22569a9cef1e316a19cc91d,2018-01-21
41cb3bd1d36812fb4ffa52d34ba8eb21,f738a2cf8579894bbbc0c34a835f3fe2,delivered,2018-04-25 09:14:56,2018-04-26 04:10:53,2018-04-27 13:17:00,2018-05-04 15:16:37,2018-05-28,af1817648c11333174d2b4670f0c4ee3,2018-04-25
3f97741c29250239ff213d393949f2e3,1731db282fac679041eb553468a52e08,canceled,2017-03-20 19:36:51,2017-03-20 19:36:51,,,2017-04-19,246ac3da5737053474706445f32fb433,2017-03-20
784a38e6df598963bf1d5e1b633eca5c,4afabb31ddcf1de88f110a045ef355da,delivered,2017-12-28 15:13:20,2017-12-28 15:27:29,2018-01-02 20:27:18,2018-01-08 16:27:43,2018-01-31,3aec9c5f3d62cad53b6de5fe84ece768,2017-12-28
77a3f6f5260c3255e7171093cc549851,e66737c72948bdd5691112794f57da1a,delivered,2018-05-18 22:03:10,2018-05-18 22:58:05,2018-05-21 14:53:00,2018-06-02 03:50:41,2018-06-01,7b51437497e9c9b82a08ddb62dfb7b88,2018-05-18
97e06bd20069c56c504675d16bc5e657,97fccdf522527505c5002c22c5a0b720,delivered,2018-06-30 21:08:36,2018-06-30 21:30:06,2018-07-02 14:06:00,2018-07-11 17:56:33,2018-08-03,c85f313f7d2de5730d007413f71ffb56,2018-06-30
c283d7942d2bbca2c27a9c15ee2a390e,aa1c88ef1c54651170df45bffe3c2a87,delivered,2017-11-26 21:27:45,2017-11-26 21:35:21,2017-11-27 18:42:45,2017-12-21 19:52:04,2017-12-27,2fe7af86d0ce52d2653e6936d57d266c,2017-11-26
45cd1a6af2fc3bbb9c5869ace4eef304,53a19e234992bd5782f8ca4f79022f5d,delivered,2017-07-03 17:41:49,2017-07-03 17:55:20,2017-07-06 13:52:44,2017-07-11 20:14:54,2017-07-27,1183faec4a1187af53c9bba0bc8098bc,2017-07-03
d5542d526e0bebb1db25cc2bf472a21e,861967030fce9a8f82fa9f91127c3213,delivered,2017-05-16 14:23:41,2017-05-16 14:35:22,2017-05-22 14:32:46,2017-05-23 10:13:59,2017-06-05,db9e4f0291db7866afc9956062d22fdd,2017-05-16
ed7b2aa82a62a84abd2c43e68d6fccfd,ced3c44e0f8c21cd57cee12d42b93fab,delivered,2017-10-11 20:19:10,2017-10-14 04:00:07,2017-10-16 20:58:45,2017-10-18 22:33:13,2017-10-25,5e5d9970439ea933a57a966e36800f3f,2017-10-11
05a5446738fb49ff21e44d318df1189d,d71aac5df6dac25e0a45e04a3aad1bdd,delivered,2018-07-22 20:44:34,2018-07-23 12:31:57,2018-07-24 11:15:00,2018-07-30 15:51:49,2018-08-16,a393318d105b41e17b2b04716731d17e,2018-07-22
0a511bcdd22a725ca670b0102ac0be73,b68f0151da6430c27ff22bbc6752916e,delivered,2017-11-25 00:37:49,2017-11-28 03:41:51,2017-12-06 20:49:02,2018-01-04 22:22:44,2017-12-18,b372b2391066c4a5024e21b30d62b91d,2017-11-25
494c2e94dcd29167f5fe359a45aa879d,6dd39ae1549359ab24a5110b54452360,delivered,2017-01-23 11:43:58,2017-01-23 11:55:22,2017-01-25 12:18:26,2017-02-01 13:22:01,2017-03-06,c237c66fa20c6bb05c90ac56fdd95173,2017-01-23
4f2d5b2e994088d66bfbfc72e7ccc002,fa8a4bda569c794150f39cda0dfe0734,delivered,2017-08-21 10:44:56,2017-08-21 11:04:40,2017-08-22 15:08:24,2017-08-29 19:22:49,2017-09-13,0d71975ec31d1af28888d829fb126c25,2017-08-21
27dfe580597e36bfdb283184aa96a201,c9e36b6c0cabf0ca3e5831b9a9b1d2ee,delivered,2017-06-19 19:45:31,2017-06-20 10:25:14,2017-06-21 09:02:23,2017-06-30 17:36:42,2017-07-11,8fd4869508146c4f423b0860ef33d583,2017-06-19
155809b08fd56a13a541ff3ea4e9db2a,e11aed475839c1e87064601d864fe01c,delivered,2017-10-25 12:58:49,2017-10-26 13:14:25,2017-10-27 22:15:00,2017-11-01 20:23:45,2017-11-14,e8569c57efe3adf347b3e92ec04d1f91,2017-10-25
f51de224914539ecac4ad066fcaa5a1e,6274ef97e53b7648554b8b8dce8518c7,delivered,2018-06-13 10:13:53,2018-06-14 02:39:54,2018-06-15 07:46:00,2018-06-19 15:56:35,2018-06-28,e79a01749f0b67fe7715a07d0c237de7,2018-06-13
ba8eb4091aebc4dee2157e8caff5e78e,f39825f1d3527bc322f6818ce03bd088,delivered,2017-11-26 13:20:55,2017-11-26 13:31:09,2017-11-30 00:22:24,2017-12-01 19:48:20,2017-12-11,0744ffc2d960f2032b7266279c3ac13b,2017-11-26
ec1d59af701d0a11971efcbfaad002e8,7457bd68c902744a9025aefae5833373,delivered,2017-09-20 21:05:17,2017-09-20 21:15:28,2017-09-26 11:19:54,2017-10-06 20:04:01,2017-10-25,74b7aaa8d8303b2abee5698dbc27ab35,2017-09-20
5ab757281ff67823b81ca9b6cfd13e21,ef358fa041f1f7f202083690ddef54cc,delivered,2018-03-11 17:27:22,2018-03-11 17:35:22,2018-03-12 17:34:23,2018-03-20 02:08:25,2018-04-05,3bd0646f25efe3b9156b22cde6f3c356,2018-03-11
376b1ea6b9a96720773402f653a01f56,8a78af6df3093be3415deed378cf7c18,delivered,2018-01-22 10:17:05,2018-01-24 02:36:35,2018-01-24 16:53:33,2018-01-29 22:34:05,2018-02-21,a71f193badc6be0e561670848fb85449,2018-01-22
564db6e83379512127bc60da803b4a36,8134db246a16a831c897deedc0f6e3eb,delivered,2017-11-24 12:35:20,2017-11-24 14:52:36,2017-11-28 20:27:41,2018-01-11 15:08:16,2017-12-14,66eaa2ba32cb330d28add7d852e265e6,2017-11-24
ab034e0a0ec3d434382d39792afd90a2,fd19babfab0462f47c7f06d599258b11,delivered,2018-01-16 07:32:18,2018-01-16 07:49:54,2018-01-16 19:51:16,2018-01-25 20:03:46,2018-02-09,dda1f06d101ac0fbede13f9bc6c96e61,2018-01-16
313e60572316093cd1a9a5db042389a9,ba6e59cb5236d13908b6fc94e36ec889,delivered,2018-05-01 15:50:07,2018-05-01 16:14:47,2018-05-03 14:36:00,2018-05-08 17:28:46,2018-06-05,4d0514f378de05fac2ff8b61bbbe75e1,2018-05-01
c3d9e402b6a0fbe2a5f7fc5b41117c38,5720a15d022c09d2634c71c80c8d4102,delivered,2016-10-04 10:16:04,2016-10-04 10:45:33,2016-10-28 15:34:00,2016-11-08 10:41:54,2016-12-08,9f302d00dd3e18ed3745778184b4f0fe,2016-10-04
d22c571279d3726b807c6ac4562a3479,c26043ec7bc6e5a9582ab17280474c0b,delivered,2018-07-24 16:25:45,2018-07-25 16:24:39,2018-07-26 18:53:00,2018-07-27 22:36:29,2018-08-13,e668e6ddbe00d7a04540ebb0c5647faf,2018-07-24
5be0a4b3c5edf92cb76efb03c61c2474,839b34274b35a7d587a82f2d22d4adb9,delivered,2018-08-01 00:25:31,2018-08-01 00:44:08,2018-08-03 15:10:00,2018-08-06 17:28:36,2018-08-10,c6c1e34c95f90df749addda9751d51d9,2018-08-01
2fd46e293aaaeefa2497ae0f70843971,681d7dfe5f983f08c143d27993778094,delivered,2018-02-25 13:42:18,2018-02-27 04:31:24,2018-03-01 21:31:14,2018-03-13 16:12:19,2018-04-05,d4b57ec91daca087ba9b388cf42c205b,2018-02-25
d28830771e797451d8886435458033bc,05c7cc5968be57b066ef412d5fb4c59e,delivered,2018-01-19 15:05:34,2018-01-19 15:17:30,2018-01-25 18:09:09,2018-01-26 22:33:22,2018-02-05,46a1106aac449c9e3d8f973402113cde,2018-01-19
78b07293590a365717f33fdd61e5bf1f,74f7d97b8e60380672dad29c602bbc6c,delivered,2018-08-11 21:44:49,2018-08-11 21:55:08,2018-08-14 13:39:00,2018-08-22 16:39:45,2018-09-03,a587d1b554822c7be53696a31cf367e3,2018-08-11
8628cf35f313fe2e46a2168f21860031,e9fbe7886163acf808479322d2b87ccb,delivered,2017-11-18 19:49:54,2017-11-18 20:06:49,2017-11-22 13:38:29,2017-12-02 00:46:49,2017-12-11,2f749dd89d87f7152b35121a5693a684,2017-11-18
616f3163d12cbaf681d34413542802bd,2c12f9ea6567e1395d740ee2714f7339,delivered,2017-08-08 10:40:16,2017-08-08 10:50:16,2017-08-09 19:15:10,2017-08-15 22:15:26,2017-08-28,26d1b63e9b8478f84f87188c4877049e,2017-08-08
2ccfe5d6558b5a6b11ab972747e26132,c05d551ecfde09e27798866394a1f888,delivered,2018-01-16 18:24:47,2018-01-17 18:17:36,2018-01-25 15:32:48,2018-01-29 15:18:39,2018-02-16,58982102f5d0d232928a9260c03c685c,2018-01-16
8ee32c0f656d4816294802830cd9c2cd,4971dbc8a7c2e77aacbd6fe6064dc45c,delivered,2017-05-22 09:38:37,2017-05-22 09:50:17,2017-05-24 11:28:56,2017-06-07 17:18:02,2017-06-09,e19f999a924d99e99755d16a72f18df3,2017-05-22
52faca764f10e3c9f0527267b3aa7c95,512f27d822abe6af95d86529e73724a6,delivered,2017-11-29 11:49:01,2017-12-01 11:31:33,2017-12-04 19:39:05,2017-12-12 11:21:52,2017-12-22,b60fcee0a2f8f958bf64aa7e2606b21a,2017-11-29
7df532e9df5e7185f15df66997e787c8,43712210f3bda54791af9affec7b10bb,delivered,2018-04-12 00:38:04,2018-04-13 13:15:36,2018-04-17 18:58:30,2018-04-28 17:46:46,2018-05-09,bc7796ef6aa17abd72e99f5db2475ae2,2018-04-12
3d7e8f32f5b59e005ccfc1076b4040b5,7d2c43741147f86f3242da5baacf1da7,delivered,2016-10-08 22:34:11,2016-10-11 05:02:06,2016-10-14 18:00:00,2016-10-15 05:02:06,2016-12-12,d60a512747263c5307fef65a58ff7532,2016-10-08
1d39bdda52c4e5dfe96ea227fc5420f9,3fac8674cafdee6b7a6e33ae7503824c,delivered,2018-04-12 11:57:02,2018-04-13 12:50:20,2018-04-13 23:32:59,2018-04-19 21:32:00,2018-05-04,51355830b30df6fabc4fbc1dde209dbb,2018-04-12
86f781e4906cef14d537d4e6b205afbd,c1a312ad5e73b483367502468fbb8a3a,delivered,2017-09-30 03:55:27,2017-10-03 04:05:15,2017-10-04 21:39:50,2017-10-13 19:12:17,2017-10-24,c87b501f858d76955f75509785e3779c,2017-09-30
368be3e65256098afbe3903548d47912,c5b18f38bd238afe95d36b0ecc6a2b3b,delivered,2017-06-02 14:57:01,2017-06-06 13:15:42,2017-06-06 15:01:45,2017-06-09 15:26:35,2017-06-27,b2b9e99d5f69f8064430a696b0db9c0e,2017-06-02
3ba1ccc3882bd7df61ee5030f44ec1d2,99756ae345fb335776682e868965182b,delivered,2017-11-23 10:52:54,2017-11-23 11:08:51,2017-12-05 20:34:13,2017-12-23 16:35:16,2018-01-02,5510d1cb4dd50789f97bcb2a57bc8380,2017-11-23
d2963c58df9137ef973abf2f3a8c634f,648ea50a014b283c36abaf4c254b9e9f,delivered,2017-11-29 12:06:14,2017-12-01 11:31:05,2017-12-05 23:43:09,2017-12-06 14:44:33,2017-12-26,2d52410f260c83f32886e18a0cecca56,2017-11-29
27605871ba4ea7977aaf1aeed491ef9f,7b76ec9f065ed11de0542d269310ec51,delivered,2018-02-02 14:20:24,2018-02-06 03:51:02,2018-02-07 02:15:01,2018-02-21 23:47:15,2018-03-06,dfa20ad77fd58103f9d7384f85eabd50,2018-02-02
a2df93db5bfc1556857dd71cf685f2f1,86df34b66cf1c760b0045b9f4a3eb41a,delivered,2017-09-15 21:42:41,2017-09-17 03:38:29,2017-09-18 20:56:00,2017-09-26 16:48:13,2017-09-27,c25e0ce2f2623b07d00791dd52f626f6,2017-09-15
4360600957f220dadc9cd8589f76a9ac,93d5b6ca3bc75fef4023ee0d759948cf,delivered,2018-04-28 21:29:59,2018-05-01 05:55:24,2018-05-04 13:58:00,2018-05-11 17:05:20,2018-05-18,86e63d7c0f5f90d4b23aa92c691e5610,2018-04-28
fad22efcd65a6f3739c15401b1db8492,7fbcdcc98639f4575dd455718c6affcb,delivered,2018-03-02 00:09:59,2018-03-02 01:09:10,2018-03-02 21:46:34,2018-03-06 12:49:20,2018-03-15,e756cdd02a6ab43099ab462fa2c82905,2018-03-02
1192f8d4606dbcec8d0137839a9c4261,c54c318329881aa9e4ca5d8c7b2ab88a,delivered,2018-03-07 00:17:47,2018-03-07 00:32:58,2018-03-13 14:23:27,2018-03-20 00:22:11,2018-03-28,f0ae503b319fd407957ac884c4c167a1,2018-03-07
f4ca52bb4cdf0d58abc5784ded7c43b9,3dfdb9a708864dee33563ccd9ae7a4fc,delivered,2017-11-24 00:22:00,2017-11-25 05:49:50,2017-11-30 15:38:01,2017-12-06 18:43:05,2017-12-28,ed5687469a409b581773136a1c05b99b,2017-11-24
c0c4abe362862141005289577fa44d0a,46f1b8b713f75af4f82c28b077402226,delivered,2017-04-08 20:38:00,2017-04-08 20:50:08,2017-04-11 07:09:21,2017-04-19 15:47:59,2017-05-10,d3308406af68568ab30d11a500bc959a,2017-04-08
c3a5f9a1e22066b7cb175e1efa5b28bf,0992bb382c2c55324fa17f925d9a66bf,delivered,2018-01-19 16:33:20,2018-01-23 03:37:36,2018-01-23 22:50:54,2018-01-30 23:26:04,2018-02-14,2fd6a08f6ec728ad2791640b2a45cdc7,2018-01-19
84275d513f92f95d3e62865feeaab895,3248720a7617d01317ab868c2bb3676a,delivered,2018-01-14 11:32:28,2018-01-14 11:49:22,2018-01-15 19:11:21,2018-01-18 22:58:04,2018-02-09,dfbe62aac5acefab1e7041ccef080c7c,2018-01-14
b43365cc9528dca6ea3c02fe60822569,c5e41a9f8916a32a52a73c9a5acabec0,delivered,2017-05-23 23:13:40,2017-05-23 23:25:10,2017-05-25 13:33:30,2017-06-06 14:05:41,2017-06-20,7c53991e7f6d632c391c6d96809ecd45,2017-05-23
f462e24c33bcf274ec671a93578d3aab,1a691b34ed57e1c9ab8fc9ce45c316b0,delivered,2018-05-12 20:24:29,2018-05-12 20:35:58,2018-05-16 08:13:00,2018-05-21 23:39:50,2018-06-19,b6488c3c9ac8506f2bfcd968e5622891,2018-05-12
3cd4d6461c966c84e6547503dc04df2a,26d81167c70403d2026325910c1dffbd,delivered,2017-11-24 12:27:36,2017-11-24 14:34:25,2017-11-28 21:52:18,2017-12-04 19:58:53,2017-12-14,d2ecc28fac1b377eefe7b209a895626a,2017-11-24
b6d8b094c9a771ac0f54c664f5651a5f,4d92a80d65b5edabad7ce77c4beaafae,delivered,2018-07-02 20:15:27,2018-07-02 20:30:56,2018-07-03 15:21:00,2018-07-04 23:05:10,2018-07-30,d2b8fc818f2d1bae3c81ce20fc64a430,2018-07-02
abcc1a031465c469ccf2a24ce5e762cc,f1a1ac9a22c3498f2dbc4fb675c35d03,delivered,2018-02-17 18:13:01,2018-02-17 18:26:45,2018-02-22 15:41:55,2018-03-01 00:59:02,2018-03-12,dfe756b8f14330384f9257fd38479bf2,2018-02-17
c54856ceaaaf3a273f3921da4faf1e8f,8b173068db71c80e8c9ef951613cfe45,delivered,2017-11-25 22:41:07,2017-11-25 22:54:01,2017-11-27 19:09:18,2017-12-28 18:02:59,2017-12-22,04854e712a8227e61c3c872ea8972db0,2017-11-25
4c7af4d4c1b4a92702a56aa95db27178,cbbb04f3fe930aeed1e330ca80fd40db,delivered,2017-11-14 23:34:11,2017-11-14 23:46:56,2017-11-17 21:02:36,2017-11-30 17:36:44,2017-12-07,4f65988c2f9e8e23b372dbb590d9df49,2017-11-14
ce32ad6f5dd0a93b62069747ee97d2f3,a205a2f4c9f81da12c894d8dd7d4861a,delivered,2017-07-29 09:56:56,2017-08-02 08:32:39,2017-08-03 21:14:49,2017-08-11 19:25:53,2017-08-22,402fa6c2fbb4c87c51862c52440b4736,2017-07-29
77ce8174ece613ac99bd6506f3d679d8,7024b77e0f63bfa361f87eb7e4d21b51,delivered,2017-10-25 11:19:57,2017-10-26 11:16:18,2017-10-27 21:06:55,2017-11-03 21:22:06,2017-11-13,d0a9421d1143535e463a15d18fcddf90,2017-10-25
e0d5086e586b01507bbcb701bf3e8e12,cebcee337e680ca4f24cf642a91e18f2,delivered,2018-01-29 20:33:22,2018-01-29 21:13:14,2018-01-31 12:28:58,2018-02-14 21:26:42,2018-02-26,17f9bdfa6d9c67c437cb44eb4b28e50c,2018-01-29
b72e264e0ef8537587bdf783c377c3fc,a5f4affe5051bdcfb83b5d94dd38fb07,delivered,2017-12-12 11:24:47,2017-12-12 12:48:48,2017-12-13 18:14:53,2018-01-03 13:46:58,2018-01-09,ab8e23b541656451d44079e20347f571,2017-12-12
7eadf6b27280d4bfed6c3e1781b11247,cfda6c7c7457c9dac3dc1f132ff5587c,delivered,2018-02-21 23:27:04,2018-02-22 00:00:24,2018-02-22 16:23:06,2018-02-26 17:34:03,2018-03-08,cec27b608d93cb6a0c78e270afc210e6,2018-02-21
59855c078a7519d73930b2c2ca624688,31ff2c8266e8e49a331ce18e1c77f61b,delivered,2018-04-08 15:52:07,2018-04-08 16:09:58,2018-04-10 19:03:18,2018-04-20 02:03:45,2018-05-03,57e088fe3e141da012d0a49f94df65f8,2018-04-08
ec1ecce6ed2f4a351a045a8de255e3af,6680ee2ede756c3fa20357158525bc98,delivered,2017-09-17 09:59:15,2017-09-17 10:10:20,2017-09-18 16:20:04,2017-09-21 13:07:52,2017-10-04,e238fba997eec80e48bf8d8689877d89,2017-09-17
f162b72aa92d8ecf9cdb69e84fb2277c,e43f9f5c04061fe6337ace761510098d,delivered,2018-03-01 12:31:29,2018-03-01 17:49:42,2018-03-07 00:03:30,2018-04-17 01:41:40,2018-03-23,388d0b77395c2bcb6c0a1866cc1793eb,2018-03-01
5ca29c3c00080a507890c89a0323f06d,e3e55fa35f62eea2d859f98e2317e80f,delivered,2017-06-07 08:47:46,2017-06-07 09:02:13,2017-06-13 16:03:02,2017-06-21 17:15:46,2017-06-30,048944643823b6e95b24c1e04e86275a,2017-06-07
83fa07d1dc69104a4cb1468ce3fbdc49,2007223e672598a56eef0066fd02531c,delivered,2017-02-23 13:39:37,2017-02-23 13:50:13,2017-02-24 11:39:22,2017-03-10 14:41:19,2017-04-10,3394fbb618cb1ecc087a0fbc749dcd2e,2017-02-23
bf240a39797d69697564087a6318e35d,86051e19d1625750a4c6ce98e6d25659,delivered,2018-03-28 14:15:59,2018-03-28 14:30:19,2018-03-29 16:12:53,2018-04-11 18:51:51,2018-04-19,588a5a88a0b494e1067d9015f899ea46,2018-03-28
d61da25757f95c373437060c5e2ed688,4e26cdaac1226b5799e32256519c6d4e,delivered,2017-12-20 18:05:22,2017-12-20 18:16:26,2017-12-22 12:59:17,2017-12-29 15:22:56,2018-01-09,61a66de84bc1cb7b000cdc78c8972b4e,2017-12-20
f04f9ec8f0db3012431ef380a9c11f67,3c91adaa66ead9840121a52e4cb15337,delivered,2018-03-07 14:15:49,2018-03-07 14:30:25,2018-03-08 23:53:34,2018-03-19 13:32:30,2018-04-13,8a9e58062e8dec3aa42b2820dfaa9e1e,2018-03-07
2e9f87abd0b9cb4737c51a8ed7a4097d,23a678fd737e94b4354c50247e843cbb,delivered,2018-06-13 20:49:57,2018-06-13 21:19:49,2018-06-14 13:37:00,2018-06-15 19:28:59,2018-07-05,369b6c22c3d14c73af7fe1098b6e5e88,2018-06-13
a03ac1d748cc1533566bf2c8199159d4,d89f76444e908c953bd1f8390aec9a00,invoiced,2018-08-09 06:43:29,2018-08-09 06:55:06,,,2018-08-24,293d83a19659c4d3800744751f773288,2018-08-09
cc232fbf0724fb3e0289215b02b57707,6763c676c2f00cf34f6573b3e0b4750b,delivered,2018-07-26 16:45:22,2018-07-31 23:31:16,2018-07-28 08:56:00,2018-08-02 18:53:32,2018-08-24,0b0bf652a00ac3369f72ed445286c666,2018-07-26
9e7a3686660a2b85282c9b3e2111602e,96a150873b4c18818a6d9011c534abc9,delivered,2018-05-16 10:23:19,2018-05-16 10:37:35,2018-05-16 10:53:00,2018-06-05 01:02:17,2018-06-06,cb122aa513fca4ae239b13e057b1e012,2018-05-16
2417db4d82cff6b4bc6ad4da31cbb102,3db5fcc519f9b42ae5333c401467846a,delivered,2018-07-13 21:05:56,2018-07-13 21:24:06,2018-07-17 13:46:00,2018-07-26 17:16:44,2018-08-08,7993617f039446d209d529ac9cc03f1c,2018-07-13
847ce38c5fcd5423e7409a0f9314a19a,66fcb6f0f49b90ee0fa8a4dd575ccf50,delivered,2018-06-28 12:39:48,2018-06-28 12:50:33,2018-06-29 08:42:00,2018-07-03 01:58:36,2018-07-12,d7ba7ac6e37fce58733339c7dfd0f59e,2018-06-28
611a2fcea0dd6ddfd383514c75a6834b,63866ff0f24fe466c2a6a2c19e76793b,delivered,2018-08-12 20:12:07,2018-08-12 20:25:14,2018-08-15 13:56:00,2018-08-22 15:27:37,2018-09-12,eaa965037dfe77cd2cf2228a4282646c,2018-08-12
a2bc7c1f8a1af365261e4f280bff4f6d,f5733fab64544ce8617bf770ac5d8543,delivered,2018-05-26 23:17:20,2018-05-27 23:15:24,2018-05-28 14:58:00,2018-06-01 16:22:04,2018-06-20,09ffbf8f6561c852740ab6de31444337,2018-05-26
c4c40026e751f9603f58fa3b332c937b,5d9bc2aa134dd8adae770399d88f42c4,delivered,2018-07-27 16:35:15,2018-07-27 16:45:19,2018-08-03 13:21:00,2018-08-06 22:03:00,2018-08-20,1bd5d0c2a8d4401513a58bb76c10a1d1,2018-07-27
ca44b3191f021c9ecd9b9778ad60b072,d1346bb9ea61df1a779d52d1bafeb667,delivered,2017-12-07 13:41:29,2017-12-08 02:36:52,2017-12-08 17:33:48,2017-12-13 14:32:54,2017-12-26,f89a0ec060b6f0d7cf07782993dd5d42,2017-12-07
8f7a223cdbc2ea83ac07383d97b46fd6,a27c58025590f2b1b7c03a82eb6637d5,delivered,2017-05-30 02:03:17,2017-05-30 02:15:17,2017-05-30 11:47:08,2017-06-05 15:12:35,2017-06-27,3aee46f9eb19797d64771269a1e979d6,2017-05-30
622a04245181161daeb35aa486ebfbcb,19ac8adc64eda97d576c45a40cb263f8,delivered,2018-03-27 17:19:01,2018-03-27 17:30:22,2018-03-30 00:32:54,2018-04-11 18:39:30,2018-04-13,414ec527b3b6a232b40659e68921164c,2018-03-27
79340f2ac5af10a369d02c1acc89eb1a,4f3bfa2a13f306977a996e625a72c698,delivered,2018-03-04 13:14:01,2018-03-04 14:08:37,2018-03-06 19:03:52,2018-03-19 21:51:41,2018-04-02,32d3160dbca190de70058531e3ccb11a,2018-03-04
3b0dd50dc2aa331331704962064c8a8d,3c88b9a2b62754a92ad6715efb0f7ba6,delivered,2017-07-07 10:42:31,2017-07-07 10:55:24,2017-07-11 18:07:39,2017-07-14 19:47:52,2017-08-04,96132ad82d42065fe83745227c96f313,2017-07-07
f654f714b94e829d982e2313f2343493,94c90dd6345dc271e7b76b634f03cab6,delivered,2018-08-16 18:26:45,2018-08-18 02:49:53,2018-08-20 10:09:00,2018-08-27 18:26:30,2018-09-12,2146a17bed7c5350d6a38bd6a5632920,2018-08-16
fdf6635fc014c7f771754eefe24ff684,d204659d7a7e5e8d95820be143be3acc,delivered,2018-01-14 18:50:16,2018-01-14 19:09:18,2018-01-15 23:39:49,2018-02-02 02:50:58,2018-02-14,4db3433d4120d35d83d6947cc2c78c82,2018-01-14
df639e770aa7ec752ab42c21b22ec3f1,e995e24d328107705d60f29a97c8bc5e,delivered,2017-03-16 12:12:42,2017-03-16 12:12:42,2017-03-17 13:33:25,2017-03-23 14:53:18,2017-04-18,458c3ce3d66c1b67723fe395caae334e,2017-03-16
4b5706ed2d547df22ce04c0356b9cb99,1d1978f8e820046fccfb94a20a3ae88b,delivered,2018-02-01 12:46:03,2018-02-01 13:10:42,2018-02-02 19:48:55,2018-02-07 23:12:08,2018-02-21,e006cb9355708c93d819b51b5e9f95af,2018-02-01
ac768e7352af801fc669b4c40278768e,6d54b2b3ee38a0af088d05f349aa9afc,delivered,2018-07-27 15:03:02,2018-07-27 15:15:13,2018-07-30 12:24:00,2018-08-03 18:31:58,2018-08-20,b08a631ea9c462557bc15f59b72790c0,2018-07-27
4b50640b1e15eabd0db5c82c7c1d8037,9e9bfbdef663665be1966a20c28d0c03,delivered,2017-09-22 12:39:58,2017-09-22 12:55:09,2017-09-22 18:52:34,2017-09-29 17:23:54,2017-10-23,aeaef5c25c767672273ac5feb9341269,2017-09-22
8c939021af34c49333a38265686021ea,dc0d0eb1de5edcfdbf09ab68bf450951,delivered,2018-03-29 19:07:52,2018-03-29 19:27:51,2018-04-05 15:52:00,2018-04-13 16:24:41,2018-05-02,87cfa19b98c059fad565c97629f9f274,2018-03-29
939fdd4ebbc9d67bd8074c97e6ecff63,7f49cbdafd1fc40e2ab997321a392220,delivered,2018-03-17 20:19:01,2018-03-17 20:30:40,2018-03-19 21:07:50,2018-03-20 22:04:26,2018-03-29,18d74c0ec7d4dece2cac2f292823a5a6,2018-03-17
fc2d0ca5fbd67451a5f6afcac20b4805,ee230adbff5ee35ec82710760fcd38ae,delivered,2017-04-30 14:53:59,2017-04-30 15:05:13,2017-05-02 20:02:18,2017-05-11 11:15:58,2017-05-23,c7e486fcea13d8bd9e8a19d840a0fc51,2017-04-30
184c74e2eb22414e43a9a3164b1f4573,05ebb86c564df16541181662307b238c,delivered,2017-11-11 13:49:29,2017-11-14 04:30:24,2017-11-17 17:38:55,2017-11-23 23:48:59,2017-12-05,0ddeaba213385f4f48ef55bdf2007d36,2017-11-11
d515df6c2f06c05d78204a42d3a0bd11,50474ea7574ee03f95852dcba23a5639,delivered,2018-08-19 19:09:43,2018-08-20 12:55:27,2018-08-23 14:01:00,2018-08-29 22:21:19,2018-09-10,0b250fad0a31349ac02bc975480096b2,2018-08-19
ffefb169ddf34cecc0622a6d3cc387f8,b607e077c8906af72c47a8554a26bc05,delivered,2017-07-02 19:22:03,2017-07-02 19:35:09,2017-07-03 15:21:43,2017-07-19 16:36:31,2017-07-14,d11fd20c68a7d716b6e2df9bccda5b8e,2017-07-02
a10b5cf95e016d8abd403c05970234a0,94f050fb387af0b4c3a6780278db299e,delivered,2018-03-27 10:18:13,2018-03-29 03:28:47,2018-04-18 18:26:26,2018-04-25 00:48:38,2018-05-02,c6d8bd30273b1712b80c20e4f936b667,2018-03-27
59d8e36b1b4db3624866d8f4cf0d0a58,e21c3442d13a20b09663d90006158e30,delivered,2018-01-12 17:07:35,2018-01-12 17:31:29,2018-01-16 23:18:54,2018-01-31 22:08:50,2018-02-08,dcf1d22564337983d696653e5f2bc228,2018-01-12
d98c008ab7402c99b12dc051744284e8,7828259afabc492846fc688e48663280,canceled,2018-02-21 09:43:49,2018-02-22 02:15:53,,,2018-03-07,fa1c245f817411cddf1a9d2c44a41b9a,2018-02-21
176955bde3aeef44537dbc94dd232986,f82e03c3baad3eb7e4d84ed4099b4923,delivered,2017-06-25 20:32:05,2017-06-25 20:45:06,2017-06-27 08:09:37,2017-07-13 10:12:41,2017-07-18,f61dd9eedfd7cd584b23b55730151cae,2017-06-25
0b27e5029dd7bd0891b5da96fa33a93b,f18cdb6c4c7b85a238a9ececbe4112e2,delivered,2018-08-18 13:38:46,2018-08-20 11:49:51,2018-08-21 20:05:00,2018-08-30 12:32:42,2018-09-25,871a411b7d916351ed6a1a194e366507,2018-08-18
1c09d927a885842107b1ffa9c65cc5ca,23a2f28693795176def2172543a4dcaa,delivered,2017-08-14 14:44:21,2017-08-14 17:25:23,2017-08-16 17:42:38,2017-08-25 16:58:07,2017-09-05,99db15ddfedf5be6bb0f6725ac972bae,2017-08-14
da205e39e5c9572ab09b0f2ee02e7c04,20a73b83014dca8ee7bfe6fc4a4692b0,delivered,2018-06-04 15:01:08,2018-06-05 04:31:15,2018-06-06 16:18:00,2018-06-20 18:04:10,2018-07-26,89cdd34014d498c99082db502fa7b405,2018-06-04
f68b65695da2c7beeee466ad1494f0c2,9d98270dce65699c065c2635ed25e79a,delivered,2018-03-30 17:10:31,2018-03-30 17:50:09,2018-04-02 19:22:31,2018-04-09 22:14:42,2018-04-25,5fd7036cf705f91ce17241de2cd67985,2018-03-30
820235f6d6341b0a1d64f22499ba07c0,b750aedcc3389221ea73e964bdca62b3,delivered,2018-07-14 10:05:10,2018-07-16 07:10:13,2018-07-17 10:29:00,2018-07-23 18:32:38,2018-08-13,66e775ac24247ce2c55890a835fb0484,2018-07-14
dc2511c427e70f8da90cb2db49c1bdab,a0d08d967688a6793c6cde45681cc438,delivered,2018-06-05 23:11:39,2018-06-06 09:11:15,2018-06-07 07:52:00,2018-06-15 19:08:46,2018-07-13,e0c2c8b008987c2241d3fd29e936252a,2018-06-05
3ff5bb3fdc326853eb4c2a265a5231da,4b6eb13b4edd7bcba2c88a07c522f53a,delivered,2017-08-27 17:42:00,2017-08-29 04:25:56,2017-08-29 18:06:22,2017-09-06 22:20:00,2017-09-20,c9f6a35fdfd118cb8e47d1dde1e52acd,2017-08-27
06d5cbe68295558fd6c48998db3ea397,e3b51585362f32e3e0292d6dccb80882,delivered,2018-03-27 14:04:31,2018-03-27 14:15:12,2018-03-28 21:25:17,2018-03-29 19:24:35,2018-04-10,d75acd4c5b7b4dfd32b9d9172b195419,2018-03-27
97553c366fcbfb1a3cd27514c50b34d5,eb1ef5f9f5bfd84a2fe58ee9274cc31f,delivered,2017-12-05 10:58:54,2017-12-06 02:39:38,2017-12-06 17:16:38,2017-12-11 21:28:07,2017-12-21,c1432a8dc6489fcb7f5b2826da1625f9,2017-12-05
32eb9533178668935fffbc324671e9d2,f99c513d949e50b5bba00ab208adb793,delivered,2017-08-03 08:20:07,2017-08-03 08:30:19,2017-08-03 18:09:53,2017-08-23 20:09:00,2017-09-04,a667c69a33cd6139f833eb4d80904f7b,2017-08-03
cac28bfe44e2fc9411c4f61b768d0081,a15995cdfba8c4758aeec7fc37f1df17,delivered,2018-03-08 16:12:55,2018-03-08 16:55:58,2018-03-09 18:08:25,2018-03-23 14:33:03,2018-04-04,602e339dbd10f74605b5da37c4c9d5ca,2018-03-08
954432a2b2661b54eac000446dfde330,c9f75fdd6934fe7d0fa4bab85e2c73b6,delivered,2018-05-25 18:06:56,2018-05-25 18:18:33,2018-05-28 15:55:00,2018-06-04 20:12:40,2018-06-20,b9873a15933c3393da2738f39e42430f,2018-05-25
b55f989e51d27606cb280adc72525743,770d8c1a79809bf66600845ccd260a42,delivered,2017-07-17 16:04:53,2017-07-17 16:15:12,2017-07-19 11:44:11,2017-07-28 15:46:35,2017-08-08,b599c111e8b2304fbfc1f9feb1935c5a,2017-07-17
46dace37daa6edc055503fda275724b2,c23b8aaac4d3ad770efeaed8e42a6a9a,delivered,2017-08-31 13:13:28,2017-08-31 13:25:45,2017-09-01 15:23:24,2017-09-08 20:12:37,2017-09-20,adfe4475e0a095f701ac198a4a73f252,2017-08-31
b3fd6f1d726da32abced71e3fc845e35,caf184e2b12a29d43ca80073ca4a5cdf,delivered,2018-01-08 22:24:47,2018-01-08 22:33:23,2018-01-09 20:36:58,2018-02-01 17:53:08,2018-02-16,6abd878bb355f29f91678a8c7512da0d,2018-01-08
d23cd4e593b64b8b4d86ac59181f1c75,f8697e4617e4432a12fc827fe807f2b4,shipped,2018-07-24 07:15:02,2018-07-24 11:23:26,2018-07-25 14:19:00,,2018-08-23,38205800fd0c2ef9abfe21ac70979cb1,2018-07-24
34d2cd72aa12f6daa96cbfc1f57ebc34,6a77f2bf62c8df424312c673f182306b,delivered,2017-05-24 10:21:15,2017-05-25 10:25:18,2017-05-26 10:52:29,2017-06-01 15:04:43,2017-06-20,088e47ed760dc3f95592399aead4a0e6,2017-05-24
bc754437cf4aad8b6c5925481fa324f9,6e354d5ef6d358414f23df3bb5255ce0,delivered,2018-08-07 17:30:11,2018-08-07 17:44:57,2018-08-08 15:31:00,2018-08-13 18:28:58,2018-08-20,8b9781c716524570bf828fffec8218a5,2018-08-07
2aaec06a05dcae79035bc3b85c53d817,a69e5091c415ff6a705d0bb69b6c40cb,delivered,2017-08-19 22:53:38,2017-08-19 23:10:14,2017-08-22 15:40:13,2017-08-28 18:57:57,2017-09-13,3a8f473af9c9d59eefabcd66c79523c1,2017-08-19
3292455dce618c23d0687996cdc06d43,6ffcd8f5cb5232da06e9ce41e61f8c8d,delivered,2018-06-11 21:51:19,2018-06-11 22:19:21,2018-06-12 12:00:00,2018-06-15 15:18:54,2018-06-28,79accc11fd182dbc39eceac8800cc168,2018-06-11
fc512d4792550a29d6b7941c38ab612e,c41a4728cac7bd1053babbbd2480bb83,delivered,2017-04-24 20:42:22,2017-04-29 23:32:46,2017-05-04 13:04:57,2017-05-22 12:06:05,2017-06-08,59c563fd93584a1d6e0ae388ce89f5f6,2017-04-24
082b1b681e5c80c5334f290e6d5a5405,27e0e2e588a88587fb90be5470fb57b2,delivered,2017-11-22 14:37:39,2017-11-22 14:48:25,2017-11-23 19:31:36,2017-11-25 14:04:47,2017-12-04,9dd352b7f3fe1da7a0fe9011fec2efcb,2017-11-22
ce9f67e52bc01bbf89c7ccc42923de1a,f21708444e76d160f1dd7f3beae7ed9b,delivered,2017-11-20 12:47:40,2017-11-20 13:14:30,2017-11-21 17:24:09,2017-11-22 17:31:34,2017-12-01,de24847a3e5421563d7f250712fd9441,2017-11-20
dc7b936d5f26f7506fc2242764d07424,3ecddf921de5c14ec1f8bad33216e058,delivered,2017-07-02 00:19:41,2017-07-02 00:30:12,2017-07-04 08:50:59,2017-07-07 18:21:52,2017-07-21,8930b5479cc98921206e7f37545c55ad,2017-07-02
c2832e2c3cb08be3037288b19cc7a6fc,8ca35f5234651033a22356a2ff82b826,delivered,2017-03-27 09:50:39,2017-03-28 09:42:53,2017-03-29 14:40:02,2017-04-13 11:33:19,2017-04-18,c73d2b2188ef66c3afa2b60f5a4f91c9,2017-03-27
9d0124aca2d9127bf007c14447f3c375,2ac977996338a34baf6c0a487921cfd9,delivered,2017-10-19 10:55:50,2017-10-19 11:07:48,2017-10-19 18:42:45,2017-10-21 14:09:34,2017-11-10,b8069249bd314df75940b889deb28761,2017-10-19
b9537572afb58dddb806613be382ad05,4ee61c3905a5c398d44b089108961bb3,delivered,2018-07-14 12:47:23,2018-07-14 13:04:07,2018-07-17 10:33:00,2018-07-23 20:44:53,2018-08-07,e6ebe369c5029760bc20d536bbf30b24,2018-07-14
777e1991a17b077dc363745bbaf05e2f,0ee021d3f5f8797d7adc76dbf69a6b79,delivered,2018-06-03 11:53:02,2018-06-03 12:10:27,2018-06-04 16:42:00,2018-06-06 14:05:59,2018-06-28,5834285a23ef73b5e7d289518129239e,2018-06-03
c0cbad6a3c8fdde69b705b0016769afe,40d27646b244c9b66fd821672dde0d4c,delivered,2018-08-06 12:18:36,2018-08-07 12:15:24,2018-08-07 13:24:00,2018-08-13 21:36:44,2018-08-17,99f7e9e33601710413f79eb33e4f5b10,2018-08-06
a92e6290657082950fa4ebb6fe8141a6,0f9fc50c9cc8ee06c5d2445655e4bca0,delivered,2018-05-20 16:15:36,2018-05-20 16:30:10,2018-05-22 08:06:00,2018-06-13 00:15:34,2018-06-08,569c152d1e17fca38dc2884295641ced,2018-05-20
c8e6cc0d58104bbddf6c5c8d07f58bf7,23134959b3fc7b1cf51c58db01bf04aa,delivered,2017-07-24 10:38:30,2017-07-25 03:43:40,2017-07-28 19:06:42,2017-08-24 20:07:47,2017-08-17,d82c19d618e01e02183fab874b43d73c,2017-07-24
12ddc48a9deaa5607f5fe6dacbb1e436,399418247cd6a83c103fb7025b68405d,delivered,2017-12-04 11:38:57,2017-12-04 16:32:48,2017-12-08 18:24:53,2017-12-16 03:04:05,2017-12-27,44f2cb476316d686c9351f8e7bc0c160,2017-12-04
9576a9f6ff95799162bcc6559622eedc,f635a2a388194b3c987c3e93f176a91c,delivered,2017-07-26 00:27:11,2017-07-26 00:35:13,2017-08-03 19:33:53,2017-09-15 16:55:47,2017-08-24,b824f6981f2ee1c30533c4138572428c,2017-07-26
90674f59a21207f91a7387785c66f340,7dcff1457b8b742e76bd5eec155d2ba9,delivered,2018-08-14 22:31:52,2018-08-15 22:44:06,2018-08-16 15:03:00,2018-08-25 19:34:48,2018-08-24,10e1df2717597281c5cffa0e0a7ca7cb,2018-08-14
a9953b2f0b1665ac7586cc5a6ac8f58c,1f5856eeda57cbd78ba0dcdddd0439e4,delivered,2017-09-13 20:28:20,2017-09-13 20:44:13,2017-09-19 19:02:35,2017-10-05 14:42:21,2017-10-11,b35fe73d885d2fb911e95249814c5785,2017-09-13
5cfe218ef53f58dbe18f7a105fc51209,06a35a1790491a7342f5c257605bad56,delivered,2017-11-24 14:39:09,2017-11-28 03:45:29,2017-11-28 18:45:47,2017-11-29 15:36:00,2017-12-08,ed6b01bdaf7ecb66496234a87ae62bdb,2017-11-24
1dfb3295da489ecc5423ea20e152094c,4f003694fb139e982094125ff336be23,delivered,2017-11-24 08:17:23,2017-11-24 08:31:19,2017-11-24 17:09:00,2017-12-13 19:12:49,2017-12-18,89b410e4c84c7935438b4d94127a072d,2017-11-24
5daed524d7545b33fafd99b7a9bc03e3,7ff015ac9abfa71209cd992bc6d054ac,delivered,2018-02-20 23:13:24,2018-02-20 23:47:21,2018-02-21 23:34:02,2018-02-28 23:35:12,2018-03-16,5925d5949fbb32a986a73c75c064df5b,2018-02-20
2bee1f8f9eee93e1c28bc1a9ca98a896,c2de0f8a86d98046feba1f4c5f88306a,delivered,2017-11-08 17:31:34,2017-11-10 02:56:19,2017-11-13 21:51:49,2017-11-17 21:42:05,2017-11-28,27a53659b6216c57d106d48be0c50264,2017-11-08
55cab049972ffdc89fd0f17ab75ee52d,d3a765b74c54ad8773ea5c0e25f2ffdc,delivered,2017-12-26 13:30:57,2017-12-27 04:09:41,2017-12-27 18:27:38,2018-01-09 00:13:16,2018-02-01,8912b89ef23a547c94ffc09574c01357,2017-12-26
75fdb76bd6bd346ba369fb5c885c4dbd,4760da1dd72c23bd00d32169b486a820,delivered,2017-07-19 09:09:13,2017-07-21 02:45:45,2017-07-21 20:39:56,2017-07-29 15:10:42,2017-08-08,0927069dd558543b323e4641f40613f8,2017-07-19
327eeec43bd2166ab6b6e0839ec11e99,3e38ba46dc9a8071d7a77f3a0479ef58,delivered,2018-04-03 11:45:21,2018-04-05 02:10:22,2018-04-06 23:54:43,2018-04-20 00:43:24,2018-04-19,27b3446e2ada2312a7fcf19fa2f95f98,2018-04-03
c7100b00bb5041fcbb2d386392c7d2ac,ab73f5a2330697c909217f3fd9b37368,delivered,2018-06-24 19:48:13,2018-06-24 20:16:04,2018-06-25 14:09:00,2018-06-28 16:48:58,2018-07-16,28b61b38ba95e70a2b583da7e8f8306d,2018-06-24
c6ef8f535ddcebf7bf83a7def3978535,96263cc7984dc43d894baf9edbd4e314,delivered,2018-02-15 13:36:04,2018-02-16 07:50:36,2018-02-16 17:28:32,2018-03-05 22:51:34,2018-03-12,0c6222b2461f93cae8121213eb330bae,2018-02-15
84e898dd83ad8b720859ce93c97509ba,5f30dc81a16680ec023fa68d7e19202a,delivered,2017-10-27 12:38:23,2017-10-27 12:50:09,2017-10-30 18:36:45,2017-11-15 20:38:42,2017-11-14,713898942fd88cd72a881f065c52af13,2017-10-27
f6cc5ac0be9196f2fb3db04bace5cd8b,36851607cae18316467f054f11a2e627,shipped,2018-03-05 15:57:07,2018-03-05 16:15:37,2018-03-08 19:17:55,,2018-04-02,f8c74f26f568c1b52cd212e700e977df,2018-03-05
e684d169c6ce5450a7cf6af58dfeb900,f3b4094251fca27bdf0249d9539450af,delivered,2017-09-23 16:01:37,2017-09-23 16:10:16,2017-09-29 16:19:38,2017-10-04 15:39:11,2017-10-27,66c516fbcb3c821b845dd2859589c2b4,2017-09-23
08f27a5ffb706cb79c10365101fe6791,ff3928bd6f5d6978c2515547ae381869,delivered,2018-06-24 17:35:50,2018-06-24 17:59:25,2018-06-25 14:39:00,2018-06-28 13:09:13,2018-07-20,5bcdcc1c2a38bef9849a2c446f0047f7,2018-06-24
80423624a58421eb6e6d9fd07cafb406,d487e70a5c882c55d82496f3b583eaab,delivered,2018-01-15 16:20:49,2018-01-15 16:31:20,2018-01-17 22:44:37,2018-01-29 22:07:55,2018-02-14,e724a8be5b7ecea71e80b27541edf7d1,2018-01-15
e8eb3171be89ea8e8c3fd39e336e868d,654616fe53836878f371ed7eb6119d19,delivered,2018-08-02 12:26:22,2018-08-02 13:15:20,2018-08-02 14:02:00,2018-08-08 18:22:07,2018-08-30,ff24571291ca868a4f98c1d92a0a2d1d,2018-08-02
1e12d5b3e0bc11aa9db357373ccde6f8,80e535ac93366a42b2022d744cef5be3,delivered,2018-02-25 18:09:16,2018-02-25 18:47:41,2018-02-27 18:00:10,2018-05-08 22:23:48,2018-03-21,e47c28a8dd1dea1d9ca453433f4a0cbb,2018-02-25
1a30d2ac91d72bf360521fad21067487,5abddde2386b756d8e9b9ed0a08fa05f,delivered,2017-06-12 10:30:58,2017-06-12 10:50:12,2017-06-13 13:13:13,2017-06-26 13:38:09,2017-07-07,293b791060422a836254019d2e994ef8,2017-06-12
06b7229726fb71407516395c69b6172a,daec67ae8b3c533bfcb79c3b3990d36b,delivered,2018-07-31 10:19:27,2018-07-31 11:00:06,2018-08-08 15:43:00,2018-08-14 21:57:32,2018-08-29,b9f3daaf766fa1f2d111eb6b8bf8eeba,2018-07-31
457e9bbfe5b17294f57280fe51c1223a,830595146420dc2ffe47a181d5ade13d,delivered,2018-04-19 11:16:07,2018-04-19 12:34:19,2018-04-19 22:08:47,2018-04-24 20:54:48,2018-05-11,20c5f0c916e526ab907960d50d33ae50,2018-04-19
c8536cac522b86cc17734cf6d15c3ae9,77f95a7936bf7baa7c112ccdaf0e97dc,delivered,2017-04-28 19:09:41,2017-05-03 11:10:46,2017-05-04 13:53:44,2017-05-15 13:52:13,2017-05-30,6491a32be986a64b3a1d994f51f79e5b,2017-04-28
4886c605fd1f7edd568a936814a015b7,1f45dccd4cee402a119e6fe3edde26c5,delivered,2017-12-18 02:11:38,2017-12-18 02:31:50,2017-12-18 19:48:55,2017-12-20 15:26:41,2018-01-05,31d671b9dc337c7844e0ad268bd27685,2017-12-18
c229b75b5de5a2b3a83417c4d5b4343a,c2a245ef579dd7e4212f9bbf9a4d8cdf,delivered,2017-04-10 10:41:42,2017-04-11 02:15:07,2017-04-12 14:42:38,2017-04-18 16:26:15,2017-05-10,5b9102c033e98918ec6bbffa97684fa0,2017-04-10
b92d1bf536be49a4848c59aa8ea36841,f9b86ef7aaa86e26dc4ae07d713429cc,delivered,2018-03-14 20:58:42,2018-03-14 21:10:33,2018-03-15 18:48:51,2018-03-23 23:48:01,2018-04-02,32549c382e7307dce9a9932256833a17,2018-03-14
d14713175ab3ff245a441613d7242f3b,50b13fff702e463eb6a099ef609fa46f,delivered,2017-07-10 16:26:05,2017-07-10 16:43:56,2017-07-20 21:04:12,2017-07-25 22:58:29,2017-08-03,c878f107dbbd241b24ff8db742559feb,2017-07-10
b50ba114699ad96c55931d8d58b6dbda,24a47545a96603c3f6894d11e0d46ac6,delivered,2017-04-22 20:48:54,2017-04-22 21:01:28,2017-04-24 14:41:06,2017-04-28 09:00:04,2017-05-26,1c38c4c299758fb2e53d5da3fdc2412b,2017-04-22
e8995864e25d8b4a13a97f3f0e82f35f,4f814750bb04c10a7a0e9ae3aaee7478,delivered,2018-04-09 18:53:57,2018-04-11 05:50:10,2018-04-11 22:48:36,2018-04-17 21:14:25,2018-05-03,8609f6dd38ab3dbcf073fec8988fc197,2018-04-09
8ff01c6b1f838f46ff9cd5cf116f7753,9f20f64da0300fffa0000849c3b607c6,delivered,2018-07-26 22:24:38,2018-07-26 22:35:25,2018-07-30 11:11:00,2018-08-02 20:52:57,2018-08-30,c828fb18d242bc03f1a44b81c1392728,2018-07-26
0136390286be8a34efdc801ed150568f,a666bb7a77916be2716fa1420c73c56f,delivered,2017-07-16 12:26:05,2017-07-16 12:35:15,2017-07-20 12:12:32,2017-07-24 11:38:47,2017-08-10,4e65032f1f574189fb793bac5a867bbc,2017-07-16
a773d583e70375887bbdccfb00741493,1cf9cae1ae8dc035e2285446b731703e,delivered,2018-01-10 07:48:29,2018-01-10 10:31:30,2018-01-15 21:15:03,2018-01-16 04:03:49,2018-02-02,a89366340bcfc9a6c630f8b975f17e4d,2018-01-10
6df2cfb6624c3e0b13775087f1cda182,7c34bd204a60d620ac5f7e1b5022a122,delivered,2018-01-06 23:30:47,2018-01-06 23:39:29,2018-01-12 13:55:50,2018-01-30 20:38:40,2018-02-07,161b83aa4444ffe5d7a2d1caf46754be,2018-01-06
931feab1a9c2b8c04c3a132e309a0c64,d752eeb06a08c63e9e3ddf157415a78e,delivered,2018-02-01 19:36:48,2018-02-02 02:56:00,2018-02-05 18:09:52,2018-03-02 17:07:00,2018-03-09,e84b5b350485f100868b2f719f2d9158,2018-02-01
0cd74b0dbfef5f1f8dbdcb3128f0dc51,647b9b127ae2e74aec386da8e8d9018a,delivered,2018-08-10 19:49:22,2018-08-14 04:45:20,2018-08-15 10:05:00,2018-08-30 14:36:21,2018-09-14,e192fa090f25cc4dcd5b710abeabedca,2018-08-10
363db2084f02a7975229da39cd0ca573,7e3ecd4f189f8cd2ad16297184816cfb,delivered,2018-04-03 23:14:53,2018-04-04 23:10:15,2018-04-05 19:21:16,2018-04-09 17:38:53,2018-04-13,cc2b8de8ff39938b645761199254a999,2018-04-03
f3a34019663003872f3892902d2b7b2d,a01d15466cc19da855ba754cafae38ae,delivered,2017-12-14 20:46:27,2017-12-14 20:59:25,2017-12-18 18:53:18,2018-01-19 17:57:55,2018-01-09,d57588ebc4ba515d988842c032981845,2017-12-14
e7541673fccb361d1221c62bb45ad1cb,8ec6a6d3c942b63b8922870ec474e0e7,delivered,2017-09-13 19:54:34,2017-09-13 20:10:21,2017-09-14 15:40:01,2017-10-09 20:43:10,2017-10-09,26c7533afb609f03f267ccd7741c0d07,2017-09-13
83c3c5d85ecc80dc98b322dc63c47cf2,aafba72cf438edbd63fd0a97bbcdfb1c,delivered,2017-11-06 19:27:32,2017-11-07 06:31:16,2017-11-08 17:57:41,2017-11-09 20:12:11,2017-11-17,cb36a3e948bd39985972470cffff43c5,2017-11-06
28af73d7412f63a3e911be60bf966d70,368dbdc31e230a411c5d91546ab60ea3,shipped,2018-03-24 15:13:59,2018-03-24 15:27:44,2018-03-29 04:36:50,,2018-04-20,470dafdb695694511e78bf4ae2276bc2,2018-03-24
b18ff7eaac63f8d98d0dccfc5310a8b6,ec5337588333ffb24ae7ccdb89d5d94f,delivered,2017-12-03 18:07:35,2017-12-03 19:11:35,2017-12-04 19:27:02,2017-12-17 19:28:52,2018-01-04,5469b8c1427ccd1aa226ba58dcad002b,2017-12-03
ab64019b7c1b1400d2848d2dda69e13a,c75ba8c2044f28734bcac5cf12f37713,delivered,2018-02-28 00:13:49,2018-03-01 02:35:34,2018-03-02 20:04:17,2018-03-07 23:07:51,2018-03-19,35949a9aff4cb9adb7394c44bb21e075,2018-02-28
070a8baa5e3a99e5eff94da597b78fa1,8f74e0e4e00e5811f6c80a9aa8661e0f,delivered,2018-06-11 23:16:52,2018-06-11 23:35:49,2018-06-12 11:39:00,2018-06-18 21:58:27,2018-07-11,fbc2b9a10985aff7106288bba14c0c75,2018-06-11
6291a46a5ee32a81d7af74315c37849c,1a99c03afc9d7b49e994c0ef31d0db50,delivered,2017-12-03 23:03:35,2017-12-05 04:17:44,2017-12-19 20:14:52,2017-12-21 15:43:13,2017-12-27,a89625469144c9aa4be0f056e99ce449,2017-12-03
baf8c1534a8e5161869ead8d0d8986c7,1c29934ba9549b76679e35cd755c6be9,delivered,2018-01-09 02:08:41,2018-01-10 10:32:30,2018-01-15 16:15:23,2018-01-17 21:27:43,2018-01-26,4111110fc42eaa561fb60f2ec72462b6,2018-01-09
a1226839947001dfb15c46e812c68325,f5fc15a27cadab1bcb0c0bd001499d8a,delivered,2017-03-04 13:26:19,2017-03-05 13:35:08,2017-03-06 12:09:50,2017-03-09 17:27:37,2017-04-03,60761aa1102a97708ff4d2dfc865d67c,2017-03-04
9a9b1aa64c91b92fded7090145e03331,08652ae7b7ac5fa6f707620671306ddc,delivered,2018-08-11 17:27:17,2018-08-11 17:35:16,2018-08-13 12:23:00,2018-08-20 21:15:36,2018-09-04,d0bf6e4114ad3f1664ca34b062d81516,2018-08-11
88355d23a2bdd3a707ab181aef5411e8,b2d4e0ab0bb21afe0f13b00f7b824fad,delivered,2017-11-20 10:59:42,2017-11-20 12:17:29,2017-11-21 14:39:50,2017-11-22 20:38:42,2017-12-01,10c792a88e593bba5b8d390c5a8ad942,2017-11-20
05086b5a715c97d1971784b6ae899a6d,3cec5fcde75cb301d296c334e846f8e7,delivered,2018-06-26 13:01:38,2018-06-26 13:16:17,2018-06-29 14:16:00,2018-06-30 19:06:58,2018-07-11,133b813228f02ac54e2c90a91f73f179,2018-06-26
a017b32aea2065d82fb952ce710537a7,e2844e8136dafbe26b6f32571c6201dd,delivered,2017-10-08 14:12:53,2017-10-08 14:27:03,2017-10-10 21:21:35,2017-10-25 19:47:33,2017-11-14,2c0e44268a0a713b6687bf5f37dcc0dc,2017-10-08
48c5c0e8b2601862cebafe7fad2142f9,92946d555e8b2d865a52a4a1943aa865,shipped,2017-12-01 03:16:01,2017-12-02 02:38:05,2017-12-07 15:19:10,,2017-12-19,48343014be411017d2b2e94f11a4ed63,2017-12-01
5945dfbdeb40f07705cb97a90c68b68e,66d247f0fa0bd6815737e88786a29069,delivered,2017-12-07 16:25:55,2017-12-07 16:36:30,2017-12-08 19:57:02,2017-12-19 16:08:44,2018-01-02,97eb0c8a6b634d0b5d448726f2664d0d,2017-12-07
bda01364adbef32fe7cb91a4cc4263e9,4e4b8a9420dcd733e933e1284ade9036,delivered,2018-05-10 14:32:26,2018-05-11 14:31:22,2018-05-17 12:11:00,2018-06-06 17:24:06,2018-06-05,cfa2652966bbc756e9ea2beacfbf61cf,2018-05-10
8cfb5fe387c2ba3ce85ce201d35a5c30,aa08821031a17f120fe2b34bdc6bcf14,delivered,2018-04-26 15:03:57,2018-04-28 02:35:14,2018-04-30 15:24:00,2018-05-11 00:05:57,2018-05-25,572cd8550c66d0ccf4f420f0bcecd2e1,2018-04-26
5627a31940ca40213ead4a6a71e7b386,48d301b5b8df06178be995e0ae887bbe,canceled,2018-05-21 12:22:10,2018-05-21 15:34:08,,,2018-05-29,95cf7888416d4c0e79745f1fcc93a407,2018-05-21
13bdf405f961a6deec817d817f5c6624,b279a1d441c73c1974d7a63618855aa0,canceled,2017-03-16 02:30:51,2017-03-16 02:30:51,,,2017-08-08,3977f83a14549e6265bcded84e92ee80,2017-03-16
b812ed76702a2ef99a79eb6a32e410c7,ab874cd4e96cb693eda2458dfe17bd29,shipped,2018-05-05 18:27:06,2018-05-07 08:52:09,2018-05-17 12:25:00,,2018-06-04,5f871d65feed8b547abb81cd6e688ad5,2018-05-05
0865bf48f1aecd458a5a2ff3211dee8c,a5b454391a2ec8f9245882a258186cda,delivered,2018-06-17 10:20:03,2018-06-19 08:56:46,2018-06-22 14:28:00,2018-06-25 19:06:38,2018-06-29,492f1b0229ac29e6f4fc11e9753f5d79,2018-06-17
b411fc70fc2cf141b93d92f05f52d12d,a960eefcbe9d7ec4b8f37cf528c2e69f,delivered,2017-12-16 19:11:27,2017-12-19 09:10:54,2017-12-19 18:06:57,2017-12-27 17:10:04,2018-01-19,bb58562be011a94fe9250b6120172777,2017-12-16
59e94c656aec3cee1b4a97e8324b47d2,c69c44d6121fd87aa2c3ad49ef16890c,delivered,2018-02-08 18:26:22,2018-02-10 02:36:05,2018-02-15 20:04:23,2018-04-03 19:51:47,2018-03-02,81961b91ef27eea7d61e6ee67229c6f9,2018-02-08
370b3c2ef8fa05039d7f93c4c9f66470,c4b85294855412a0dd45cffa945c0cc6,delivered,2018-06-14 23:13:32,2018-06-15 22:20:40,2018-06-20 06:41:00,2018-06-21 21:34:24,2018-06-28,e6ae3727da5a849a77c47c7d661bd152,2018-06-14
ce1e2803ea11245b2537f957d011f115,fa1d38e22ef098c914de262f0f6d4c22,delivered,2017-07-21 19:47:02,2017-07-21 19:55:21,2017-07-24 22:56:27,2017-08-11 21:52:23,2017-08-28,08d7c48ceaf14ea5cec037f6f98f0ee3,2017-07-21
05a61d016706110ed3580eeba84e31c7,4b635ddad21743917c499f9b05204909,delivered,2018-06-22 12:06:01,2018-06-22 12:36:23,2018-06-25 17:50:00,2018-07-02 19:12:29,2018-07-23,c3166e62cdfb039707b78bcfc4828c86,2018-06-22
fccf6b4b4947848e5e72d5f3013b73fe,8480975127910c225f79e1037b9e1e50,delivered,2017-11-23 16:38:59,2017-11-23 16:50:24,2017-11-25 00:26:37,2017-12-04 16:09:01,2017-12-21,e5620433c4caf133e3c5e8c7106fdcd0,2017-11-23
8a27a2209493d7aabe56ef113629c7cf,8c2b38e7c69c90732d340de8df115c89,delivered,2018-04-26 22:44:36,2018-04-26 22:55:11,2018-05-02 08:46:00,2018-05-08 19:08:37,2018-05-18,f020a70d246d54ab1fedf90bca19d217,2018-04-26
9fe72f719dc088c3eaed6fda02b077c9,8cdf3897078523bf6bfc1b039bb3e71f,delivered,2018-08-05 21:55:17,2018-08-07 14:10:20,2018-08-10 12:07:00,2018-08-11 11:31:54,2018-08-09,7d61460bf236d1d2b306edb1f93c23fe,2018-08-05
89ac66241f4fd570f7a775df77518567,1c129b22299b1afc482a52985561cd22,delivered,2018-06-05 13:15:32,2018-06-07 02:55:11,2018-06-07 19:07:00,2018-06-15 18:44:56,2018-07-23,834d74663f0b865f6bfff6831756c2c7,2018-06-05
bd157b8dd30d3e44becd90b45e6cfe9f,3b705d9646bbe74ff768f84e67a5512a,delivered,2018-06-21 11:38:25,2018-06-22 03:17:11,2018-06-22 13:07:00,2018-07-03 20:56:46,2018-07-20,b7b6d474919d4badf89bc6224c21ccf9,2018-06-21
afb8f47ec32e4f5422faa50ed40127d4,bca028720042e892653446350d295df2,delivered,2018-01-13 15:05:31,2018-01-16 03:51:14,2018-01-17 21:34:15,2018-02-08 20:52:13,2018-02-19,6769eb7521ee404d87ac6d26f09499e7,2018-01-13
981222fe88bbeab39c6ca1fa7bceba4c,2e8ff3002ea6077d8b4b45f771612d3a,delivered,2017-11-26 01:37:15,2017-11-26 01:50:04,2017-11-28 15:19:25,2017-12-04 20:59:23,2017-12-20,3041f5d65c4fa516eed1325d7a8657af,2017-11-26
abc18731ca4cab4fbe4c9e29e2a700ea,d9b1c00d88b6de0bd73f9f5260a65d87,delivered,2017-09-21 23:59:38,2017-09-23 02:30:18,2017-09-26 15:27:44,2017-10-13 19:26:54,2017-10-25,7e31415f61783fa07f33a486fccdf9b9,2017-09-21
fff60e5408a9dd1e92ee30023052af30,3bd40b3dddcb1d27d1068ff0a1f95078,delivered,2018-01-30 10:30:33,2018-01-30 10:55:55,2018-02-06 18:53:12,2018-02-08 15:17:43,2018-02-21,7d864c036b302b27d816156e43fe3885,2018-01-30
940a542baeda1215a99a4fc39be706f1,d631d717fc0e961b0efea61a320d8152,delivered,2018-04-11 23:00:19,2018-04-13 12:35:35,2018-04-13 22:08:54,2018-04-18 20:06:22,2018-05-02,bf1dd33f93c58ea45d677d7e871e098e,2018-04-11
3deef99fb2f658d2cc80673c81fe9195,9db68c36c3f39dd78b1b7c37d3c9cce0,delivered,2017-09-17 14:46:11,2017-09-18 14:55:25,2017-09-20 18:27:57,2017-09-25 19:29:00,2017-10-16,fc7963d687c42e7d82ccbbf530234f6c,2017-09-17
9645ec392b0691767c5d0e2fabca23d7,82411b1c1ae5e8a58300099f7792f72a,delivered,2018-07-16 12:25:57,2018-07-16 12:35:20,2018-07-17 15:21:00,2018-07-26 15:08:58,2018-08-07,8c296c8a3cc2e89c821c83d7ea35d891,2018-07-16
d74f1b25b78535c9b35042c0abb9c828,e0cbbba7a2fa78ffe362f2e99a750d7f,delivered,2018-07-13 15:45:11,2018-07-13 16:04:00,2018-07-16 17:09:00,2018-07-25 18:26:37,2018-08-07,f3ea47a3ac18c70b0cb708c70554b8b4,2018-07-13
d0a75d6eda61b8a7261946b34ffb350c,69e68f1d0a346b425f7a59e1773a8d10,delivered,2018-04-20 14:44:50,2018-04-24 19:21:47,2018-04-23 12:48:48,2018-05-18 08:18:40,2018-06-11,280f1ed2d8cde2b628562606a6dd8f44,2018-04-20
73734b833ddc5cd47edc08ac8c157f3e,174961a996b85068663a956eab55c2dd,delivered,2017-04-05 13:15:12,2017-04-05 13:25:18,2017-04-07 05:42:47,2017-04-12 16:49:34,2017-04-28,26c57f8ce914e45c8fde0c7d415719d7,2017-04-05
7726bdb7afd27bca31049d658bcc80af,3d3c4183023757df6fcb733dc6599298,delivered,2018-03-27 09:18:44,2018-03-28 02:47:51,2018-03-28 17:48:26,2018-03-29 19:14:47,2018-04-09,d9e1cb57fe7f1a8cae670701db75ef93,2018-03-27
8cd8ab3299e57a72f3b279754fc9847f,11e967f2d4216f48bdd64fc5bb934074,delivered,2017-09-08 14:04:54,2017-09-08 14:24:05,2017-09-18 22:04:39,2017-09-20 19:05:19,2017-09-25,b12fb4939476e92d9490ab46c7006675,2017-09-08
dd8b90a226aafeea68fd6144f173f2d7,c4a29c4b38dac6d1a9fc6f7047dad063,delivered,2018-08-18 21:48:53,2018-08-21 05:00:15,2018-08-22 18:46:00,2018-08-23 17:22:00,2018-08-29,b7e7dd5730e71d0c75f9ff3eacc80597,2018-08-18
a5bb5fa7247f09fa0a4f28ee69aa6dc6,c4cb1295499744937c6be430505b7003,delivered,2018-08-07 15:36:14,2018-08-07 15:45:15,2018-08-08 15:06:00,2018-08-13 12:03:40,2018-08-22,3a1e94e3308e45730624bfb5c0b3bdd3,2018-08-07
e7fc47a9bd5fd8c1d1b566d1553be0f4,de933a935e7c75c60cf44b12e0972268,delivered,2017-05-25 09:59:33,2017-05-25 10:10:14,2017-05-30 15:01:07,2017-09-19 13:38:16,2017-06-07,0c0efcea44dc4ff4f9a2d0afa966e609,2017-05-25
1bf797ec1ed7fcccdf61a61d5f8ce29b,72aa0f6f81513fc20edeb83db723d8a8,delivered,2017-11-27 08:02:13,2017-11-27 08:13:26,2017-12-20 23:23:24,2018-01-02 15:32:47,2018-01-05,1a67099327499fba02e2ddd32dcb8b4b,2017-11-27
f2b24727b13debfb30a1affc5bcbcede,148abfd45cba060c80a5bde8a076f143,delivered,2017-11-30 10:06:06,2017-12-01 11:32:01,2017-12-01 20:28:03,2017-12-04 20:58:33,2017-12-18,474c11ad1e7a7c20127a45b744e7c38f,2017-11-30
f80c6de211662d1b2d241380593ce1f4,18894e9402efdee826f9daf42c240dcb,delivered,2018-05-09 22:34:01,2018-05-09 22:53:48,2018-05-10 11:27:00,2018-05-11 20:48:59,2018-06-05,90d266e45f1d74ab0426131747703455,2018-05-09
deaad56e4aacebfa4f49a54a97420651,a308aed432731a5b1fed61b5000ed664,delivered,2018-08-09 09:45:06,2018-08-09 10:05:09,2018-08-10 09:31:00,2018-08-15 15:48:50,2018-08-22,ff461ec20c9d9b0d2de7740d8dfd88aa,2018-08-09
b9d63f11f4b5207d094ab26ba17ab0b2,22320e31c8488b747af56700e2fa37c4,delivered,2017-11-01 14:50:43,2017-11-01 15:08:25,2017-11-03 16:17:25,2017-11-14 18:29:05,2017-12-01,58e64b227af6b30e4e201fe5765c4f76,2017-11-01
22603fec7e3f3ff128664c52148b0358,27988adec5e98cba7d43e24cd165d5cf,delivered,2018-01-21 17:36:26,2018-01-22 13:55:22,2018-01-24 23:38:38,2018-02-07 00:15:43,2018-02-19,a6e5393c3e4bad6306694167e0f224e8,2018-01-21
a3f904ec7f40c56ce2987ccb9c73d4c3,cf5f546249072bc99cedea6d064c9d0b,delivered,2017-11-22 15:18:47,2017-11-23 02:47:30,2017-11-24 22:10:18,2017-11-27 19:49:03,2017-12-05,cee9ca09d3a36431c37850e29503ab35,2017-11-22
cafde70fc65139700e7366af413055fe,457c5b779426f95415ef8458d2040041,delivered,2018-05-02 21:45:20,2018-05-02 22:34:45,2018-05-14 15:01:00,2018-05-16 01:16:35,2018-05-15,bdfed6e05c62086c617785a15da54594,2018-05-02
c7ac9d091733ebd451d6dbebceee9191,384e863ce34d06b6b49e4c895ee4558a,delivered,2018-07-31 21:59:26,2018-07-31 22:40:22,2018-08-01 14:28:00,2018-08-14 19:18:45,2018-08-28,66289a9ac52d1305faa42fb91b915ba9,2018-07-31
36e6b99ba54c4963136edbf31f33d781,579c2317c2896485cea43c7164f4bd14,delivered,2017-03-13 23:02:30,2017-03-13 23:02:30,2017-03-17 13:55:02,2017-04-04 14:53:10,2017-04-03,2839fc99ac0504ca0559a1dea804854a,2017-03-13
4bdaaba79beb58b6ac0b35bcc649693c,15e87cb079dec7c4a10b48d560ecfe4f,delivered,2018-04-09 19:21:49,2018-04-10 03:49:49,2018-04-10 23:12:27,2018-04-12 16:06:49,2018-04-25,50183810b50da8c880c4bd4d5b709694,2018-04-09
f15028028ff1a3ccfd539531e3321975,dc9e53842f21de5317da704d63618278,delivered,2018-08-17 19:14:14,2018-08-17 19:30:12,2018-08-20 13:39:00,2018-08-23 16:09:49,2018-09-06,6dc1e0d59613f27a7cd773e30b9ee60e,2018-08-17
00d29386638bbfd1331a2cd7ab91b5b5,df6e8e7769e4a072c31ca99bf69fab12,delivered,2017-09-26 17:47:16,2017-09-26 18:06:01,2017-09-29 19:43:57,2017-10-04 23:07:48,2017-10-18,270b3b73305179f848bbc74e576f2808,2017-09-26
b9351dba71092089d0c4fdff1bb8c38b,039e247f51f48db99559485f01600562,delivered,2018-07-26 21:55:17,2018-07-26 22:05:11,2018-07-27 13:37:00,2018-08-13 19:41:40,2018-08-10,6b206dda97662a85a6ed4c94a2906fad,2018-07-26
dddf3072374a44f4645fcfd6367ee77d,10e4b0b508006611dc99698dd5521b51,delivered,2017-10-06 15:34:13,2017-10-06 15:49:29,2017-10-09 20:43:05,2017-10-20 23:43:35,2017-11-03,077a370284eea3452bb0ff82082da8f8,2017-10-06
e299d0b6b42a62df652195edf2b551da,f33a6f0e963962d41631564f969717de,delivered,2018-07-24 10:43:21,2018-07-24 11:40:37,2018-07-25 11:58:00,2018-07-31 19:34:29,2018-08-15,9ed98d2f877849920b7b4d179aaf78c1,2018-07-24
445736171736c70c6187ee83c34165fe,b0cd60f17cb2a0ffd09d607e65d3874a,delivered,2018-08-14 22:08:52,2018-08-14 22:24:23,2018-08-15 14:00:00,2018-08-21 14:24:37,2018-09-26,047ce3fc5ad200ea8cebe5841e618d05,2018-08-14
3e3c4a4dde46d9946ddc842ec389afdb,6a30130b2d73ea78f12bf8f477304e72,delivered,2017-11-06 13:33:47,2017-11-06 16:33:29,2017-11-07 18:19:07,2017-11-23 19:37:11,2017-11-29,102ede583b4c21f958423ea7f91d3b87,2017-11-06
e9bfa573b732937bcce0dfee81481cdb,a93610cb4263f961a306a0b70c41400a,delivered,2018-07-19 17:41:44,2018-07-19 17:50:15,2018-07-20 12:41:00,2018-07-27 11:06:54,2018-08-10,b3a34bbf1a1d11885918ad3ad99083ae,2018-07-19
f65abc0b3f3401b14505a57fb6113cf1,b95f0b16399fec89329f39eedb53079e,delivered,2017-09-08 15:53:01,2017-09-08 16:05:44,2017-09-19 09:07:29,2017-09-28 11:42:07,2017-10-10,1f205e2eaa10ffbb8ff6b65baf45c5e9,2017-09-08
7c25901497bcbcd47e95319a15d2730c,ebda16fad7182fd56a4ed0fc160ff47b,delivered,2017-12-01 11:10:01,2017-12-01 11:31:05,2017-12-06 18:23:13,2017-12-12 20:33:08,2018-01-05,a0e2f56981d89ed966ffc3fa68c6466e,2017-12-01
50325859f3cbe1386e11e8a253ac1068,d6ec518a7ac5399506de0c5535c1096d,delivered,2018-07-08 23:47:13,2018-07-09 00:05:19,2018-07-09 12:55:00,2018-07-13 02:11:51,2018-08-02,f03969d31647227bb92f1f9c42a6fd88,2018-07-08
b0fd41f0de4534ebb1756c04ea181aab,c27adebab19f24ea9f44d01453882eb9,delivered,2018-07-16 15:53:39,2018-07-16 16:05:11,2018-07-17 14:23:00,2018-07-24 16:56:31,2018-08-07,9c23f75ab1ad4d5ba8e11eebd561fe7e,2018-07-16
184f17bb701af22b8e00f5830af704dc,d6d1c551a52cf82ad7e155cf0020e4e5,delivered,2017-05-06 18:04:27,2017-05-06 18:15:15,2017-05-15 13:16:14,2017-05-17 14:44:53,2017-05-31,ca0e922ac834a4f38b840c07fc03e368,2017-05-06
d7a02af9805cff844c09f3fcf61a73b2,dc1df2b56719ddf9f948b9a6442fdf4f,delivered,2018-01-19 16:57:51,2018-01-19 17:42:29,2018-01-22 23:37:38,2018-02-05 22:22:39,2018-02-14,344141eaf792762726864ba90bafff13,2018-01-19
98a9159e1817e774888c9252f23283e6,96ff2fb4e02f1ad659f61b82516fb087,delivered,2018-08-13 08:50:36,2018-08-13 09:04:27,2018-08-14 13:49:00,2018-08-17 22:04:45,2018-08-27,5a90c04310014a55c85bc753606bcce3,2018-08-13
d844cf5434575b8359b353fe82fb8d67,0137bbd3e8c493cfa735b98ef18bd1c6,delivered,2018-05-21 19:17:27,2018-05-22 19:17:29,2018-05-23 14:07:00,2018-06-05 20:58:47,2018-06-08,9403933633aca7e3c413927cbf0ccfd5,2018-05-21
60864257be0835f1fc4225706a92cc00,8c6f09183a718cad684898dcaddc583e,delivered,2018-07-18 13:42:11,2018-07-19 13:35:17,2018-07-20 12:14:00,2018-07-27 16:36:25,2018-08-16,69176257d28f36d16fd7f2e8e31097ec,2018-07-18
5e3eb18fc8a18f4ce40f831b01532b4a,4e01a32f9dc37358cf6abbb15917a96c,delivered,2017-06-08 19:33:51,2017-06-10 02:50:34,2017-06-16 12:28:39,2017-06-28 09:51:48,2017-07-03,b9b827b003be252370d4f851f603b58d,2017-06-08
59ac3c3ef46e5a6355dde8dd64a4ca4f,5869082f723b837ea4c7b64542d4c287,delivered,2017-06-26 10:02:05,2017-06-26 10:34:40,2017-06-26 14:56:36,2017-07-07 16:45:50,2017-07-18,a8621346428ee8c7650461c5c5beaad6,2017-06-26
8c4118286161a0cb92e5d2f9c5a175eb,1b4fcead21d83eb41a2c25fcfc4595f0,delivered,2017-12-14 07:18:31,2017-12-16 07:11:24,2017-12-19 21:32:09,2018-01-03 19:38:53,2018-01-11,0722dc95b7fc36f3e1827455e5071eb9,2017-12-14
aff7272552bd176268229d8c5883fce8,c900f77722739bee8cb2ca5053cfb49f,delivered,2018-08-15 18:12:21,2018-08-16 03:24:19,2018-08-16 11:53:00,2018-08-21 15:18:57,2018-08-28,8b25c3b5aa20159c08f30bfd1923bea5,2018-08-15
f1b077d44b598f5bdb44d7324e527a04,e5b4d61850970b92a6f569e238861e53,delivered,2018-03-01 13:52:51,2018-03-01 14:10:06,2018-03-02 21:57:25,2018-03-13 15:42:02,2018-03-21,3d1a4de14cf22cdd33d99140e82f1587,2018-03-01
cb0168a6ece894f2e8329582577ddf5c,931bf9593e087bbd3b2c0153075defd5,delivered,2018-01-26 20:59:34,2018-01-26 21:17:10,2018-01-31 12:46:03,2018-02-10 11:49:46,2018-02-19,29888ea0b21116593c9188f1d8539100,2018-01-26
b74c97c444bcdc6ce2d1e547cf42228d,f3fb07f62a29762d49d364a2efdeb17f,delivered,2018-05-09 19:00:13,2018-05-09 19:12:23,2018-05-10 15:42:00,2018-05-14 15:52:42,2018-05-28,c5e6600df098003f3a7e1773cf843916,2018-05-09
09b866628e60ce05f3e25fcfde9722c4,7d4ebb5d17f45bb406048c8566bdc18b,delivered,2017-07-31 15:18:44,2017-08-02 02:55:40,2017-08-02 21:03:51,2017-08-09 14:55:38,2017-08-22,31d13f2ca764748ae45a19c86f79611c,2017-07-31
42ba338f99f42e0261e5897c7da157c5,1b0eca3d4769358fa8bc9dc045fffa3e,delivered,2017-05-23 15:19:19,2017-05-23 15:35:16,2017-05-24 09:28:18,2017-05-31 08:53:37,2017-06-12,3ca07c6e870a7bb6862781cf7af72138,2017-05-23
67b777d7aeb1fefbc4e88626f76955dd,659dbb4ebaf7a20e6b542adcc862c6f4,delivered,2017-08-11 09:28:43,2017-08-12 02:45:31,2017-08-14 19:07:58,2017-08-21 12:37:45,2017-09-01,4f42c1f9500147ce3ec31983e207f52f,2017-08-11
9ac4df93702b3a7d40156ef4b6c81417,a2f0e5f633e77e713c7e49a836876c78,delivered,2017-07-05 14:23:53,2017-07-05 17:34:44,2017-07-06 11:16:52,2017-07-12 17:21:33,2017-07-25,95de6cd75d82c25e5463531f370aa2a2,2017-07-05
5ab8c9146a69c23d2d92d7b5399705ce,3523eda934adb63d616d08e834a135b7,delivered,2018-01-05 21:44:30,2018-01-05 22:38:03,2018-01-09 20:17:54,2018-01-17 21:38:54,2018-02-01,8c5c107f005708b8ffe945301f495629,2018-01-05
570610b25d5f59c9e9d3dccb2cea3614,dd252d7402382484a7d6147557b4e3df,invoiced,2017-04-05 13:25:31,2017-04-05 13:35:14,,,2017-04-28,fa5560de0d79c929fa291eaa051f1c57,2017-04-05
65c470b5a3afad5b2af39828131e3e8c,4ea732ce42d56033deb86255ba2f5115,delivered,2018-04-13 08:50:42,2018-04-13 09:11:49,2018-04-13 18:07:01,2018-04-18 15:32:00,2018-05-03,d32d8a0621603cf5cd9764b715c94d4a,2018-04-13
7eb37fd32e87d3ea061605da756f0572,27098d24681449215d65e7d661d10723,delivered,2017-11-24 13:16:52,2017-11-24 15:17:38,2017-11-27 14:52:25,2017-11-29 21:23:48,2017-12-15,ad2a6581b608d4f8a0970808a15ba7d1,2017-11-24
a1cf07fbd9d5488a7703b84d40ce93e7,f428cc02d923b26e9de203ce7eead742,delivered,2018-08-20 18:28:23,2018-08-20 18:49:53,2018-08-21 10:38:00,2018-08-28 16:58:28,2018-09-13,37e2b1b11cd1d83c2b4e3d63049b80bb,2018-08-20
1064f13c0d4e68e4ef47a2a99cca15f3,3aa247c374ef0288513bd6c00f828d6a,delivered,2017-02-04 18:56:39,2017-02-07 03:42:46,2017-02-07 11:55:14,2017-02-17 12:13:33,2017-03-03,e99d3d14445fbb2f3d31c7b5830aa890,2017-02-04
6f7485cc8c52e561303a255ddec82ba0,ac7bb97f7e55de9b197e41b90fb56517,delivered,2018-06-23 13:21:24,2018-06-26 04:58:54,2018-06-26 11:37:00,2018-07-04 17:54:27,2018-07-20,5d30b325c2c4d7c8f9c5e4098605e6fb,2018-06-23
464b622b9d163f8703cdfe7e0f24f8fc,2f2a18396252a2657d9410d4c36be0c6,delivered,2017-05-11 09:19:10,2017-05-11 09:25:28,2017-05-11 12:43:03,2017-05-19 15:41:39,2017-06-02,11b47516f8f6a42105b9807903ede333,2017-05-11
54dd1a0a63644a70b3a1ad75cbdbcede,4e8dc88c0552fde4c56a997c7fb8c782,delivered,2018-06-24 07:54:55,2018-06-24 08:16:35,2018-06-25 13:34:00,2018-07-03 22:52:56,2018-07-20,59a17dcfcbfb81e6426ba122a8bbf5cb,2018-06-24
78c9dae3539db375cbc0786555c5f570,6ab1ee67b168deb40c5010cbfcc60b4a,delivered,2018-05-25 01:22:36,2018-05-25 01:35:11,2018-05-25 11:13:00,2018-06-04 19:57:27,2018-06-20,02d048906b641ff05be0b58e1535f1de,2018-05-25
387016f36a926f6d861f812a8aeccffb,c3fb17f728ce93cf95563c72cc009f09,delivered,2017-12-07 17:13:11,2017-12-07 17:33:29,2017-12-20 19:03:58,2017-12-28 21:19:18,2018-01-05,28339c3ad912ffe9bf8f0822b586cbc1,2017-12-07
9de95f56e518ba9bed6604438d1503eb,6a70864902807a5b3c682a14d881ee69,delivered,2018-04-11 14:47:14,2018-04-11 15:12:10,2018-04-17 23:46:29,2018-04-18 15:41:04,2018-04-26,ba7e510938ce1546511bd31efb4d5335,2018-04-11
46c2e1dc685486650310781268c4c885,74ff02ea2ba0dd5036a04d1459173455,delivered,2017-07-03 12:03:51,2017-07-03 12:10:19,2017-07-03 12:21:35,2017-07-07 14:03:01,2017-07-21,1f720536a27cc2719dfc952d83b1e2fa,2017-07-03
1a878941e5a0c2afd1b0a14fb61f89b8,a010fb2d681cc3221824b1d1d127e59c,delivered,2018-02-03 14:07:04,2018-02-04 14:09:43,2018-02-06 17:17:00,2018-02-20 20:48:35,2018-03-07,598338796239e698c67fb95bc368de07,2018-02-03
2ded5f79b289dfd258820d32253415c0,cdc65c1e2b591b18e25b2ad1a08cc50b,delivered,2018-03-24 18:40:55,2018-03-24 18:50:25,2018-03-26 19:52:10,2018-04-03 00:37:57,2018-04-17,eaf1da1fd267487c4dfb7b564011cf8d,2018-03-24
5fcc2670963f8c4fb6659296e7833fc1,244991f6b1f3d73088e1f8af660507b7,delivered,2018-08-14 16:00:08,2018-08-14 16:15:14,2018-08-15 12:50:00,2018-08-20 14:50:58,2018-08-27,a7fc43c947be641c43b10125921c6398,2018-08-14
49d87c28f1599b558cc93dc1115ea785,c493b8c381efad283970ab7c79624db8,delivered,2017-08-14 22:11:47,2017-08-15 03:45:16,2017-08-15 16:59:03,2017-08-21 22:46:47,2017-09-06,77e88c8539b72e7cbdc65729b5ad5b3e,2017-08-14
241f626916f066b733b1e9013b91f059,547adb19bb9e49594e18a102fb7ee9c0,delivered,2018-03-02 14:21:54,2018-03-02 14:35:39,2018-03-07 00:37:46,2018-03-10 20:02:00,2018-04-04,7ded2cf6e92dc9829718d1d94b5797ac,2018-03-02
12af24617f25e0c8cd411544f704f2f7,13733cc0a4aafa89ac9017036cc89fe6,canceled,2017-01-26 23:11:32,2017-01-28 10:33:06,,,2017-03-06,8b72bba76cc10c0710aea06efcadeff7,2017-01-26
8375e62ff082f229096ecda5cbc957ea,328f33266451e729a2d27dc43051d0c8,delivered,2017-04-04 21:07:53,2017-04-04 21:22:30,2017-04-06 15:15:06,2017-04-19 16:24:46,2017-05-11,118c825b7ac197bc393cb4c8c3310f65,2017-04-04
e9dba6bfcfe93b3c8e6f4ab356cb90df,80fa5e87f845ffa3b3176cc677e842cf,delivered,2018-08-10 09:06:25,2018-08-10 09:55:16,2018-08-10 11:11:00,2018-08-16 21:42:00,2018-08-29,d140ef5a9c1c22379452dc8341e4ce8f,2018-08-10
3de239d3dec3f647b8a88bfdfc4c946a,8965c086fbf920c2a892239ef7bd2781,delivered,2018-07-30 12:50:41,2018-07-30 13:10:20,2018-07-30 19:02:00,2018-07-31 21:41:20,2018-08-03,7fa3993251972fc3b3e5f4903bb15f82,2018-07-30
a30cba7093267abeb0f8489d5c16c7af,46c6a82294d359a290ff408b11cbb643,delivered,2017-03-21 09:21:54,2017-03-21 09:21:54,2017-03-21 10:38:43,2017-03-27 13:56:19,2017-04-11,1605a6c5d93d3488fb621c5323930795,2017-03-21
b662aa8d6c39f00e854cd5142e2b1174,b558dbb371f5e955bc68b7500fa46fe7,delivered,2017-03-27 13:31:57,2017-03-28 03:56:18,2017-03-29 16:55:59,2017-04-05 11:26:02,2017-04-24,62573708b35787d4683d39e2f3b8237b,2017-03-27
44dda2cb3f0a0d9e29546d8afcb6c27a,6b15f826e575d1e47e854261c71895e3,delivered,2017-12-27 16:16:12,2017-12-27 16:28:45,2018-01-03 19:12:46,2018-01-04 20:57:21,2018-01-16,559547e5d93f8a018a9aa81d81eea039,2017-12-27
8975fbf4f1c0f928f1bc657594b6097a,fd012a9a5a2f0fd7131b51160ee6336a,delivered,2018-08-10 18:36:31,2018-08-10 18:50:21,2018-08-13 13:40:00,2018-08-16 22:37:36,2018-08-27,dfbaf64d65b48cfe33ac28184e82850b,2018-08-10
2787a8bf248d663260b0d2bb270a951f,9a699ab13156ac394b4ac0411fd2756d,delivered,2017-11-16 17:01:16,2017-11-18 02:15:26,2017-11-24 10:52:50,2017-12-08 22:35:02,2017-12-21,8a2a5d47165b5d564b6062d35e6efd4a,2017-11-16
ab2fa8175483622f44ca36cf7f9198b2,f2d9d1d26e443830ed66e180412e5187,delivered,2018-03-21 15:38:13,2018-03-21 15:50:43,2018-03-23 17:44:22,2018-03-28 13:08:55,2018-04-10,5530606136ee55b00f55cfefd5033bfb,2018-03-21
f84ce87db546331194264e91b87fe84d,e1ef3cebaae1e789788698989cfcc210,delivered,2018-06-21 14:58:42,2018-06-21 15:17:50,2018-06-22 12:41:00,2018-07-02 18:33:09,2018-07-23,07bbb36baa13f6585ecfdb75cc635528,2018-06-21
832ad6ddb27af590780d3419c9c34624,147aa7e2c6dd09dd20994c8c78bc1ef1,delivered,2017-05-29 22:47:17,2017-05-29 22:55:12,2017-05-31 06:34:51,2017-06-07 12:04:43,2017-06-26,8d941c860e622a47cfa62116bbbb2e31,2017-05-29
c09f32e7ba9b4a134455b36eeff8fff3,9a8e127ee3d61981f8beea052bb5dc54,delivered,2018-03-30 11:58:04,2018-03-30 12:35:24,2018-04-04 23:57:46,2018-04-13 17:32:07,2018-04-24,bf72abdfce444f60be4ba6b963479c6f,2018-03-30
4bb1efeacab943b0b5364e7121fbcd62,c21ad342c0ece538a14ad12f2fa17fc7,delivered,2018-04-30 14:04:18,2018-04-30 14:15:16,2018-05-03 07:45:00,2018-05-18 18:11:58,2018-05-29,31110c0abf469026d27a9f6b5f4fb364,2018-04-30
3611dc9bf1ef8467179a69e2c97f24c6,b514f0552ad922bfc3be18e5fcc10e87,delivered,2018-06-12 21:05:23,2018-06-12 21:24:46,2018-06-13 15:35:00,2018-06-20 19:48:33,2018-06-26,2813216e241fb81dbd72ff867136e714,2018-06-12
fc9cfa2de496ffeee8c591c87070664f,9b187cb857bde65d3cd2864986ca8fd3,delivered,2017-09-13 17:04:21,2017-09-13 17:15:29,2017-09-14 15:55:59,2017-09-15 18:32:48,2017-09-25,7ddd229b9c2858f2f1294ea841571845,2017-09-13
9f34e578816993ab6665797c08919c90,a4239b620a64a0e59a683c996203747f,delivered,2018-05-13 19:35:43,2018-05-13 19:52:45,2018-05-14 13:16:00,2018-05-21 16:44:52,2018-06-05,1fc61b8d4d9de325d9b3a4f945cd5eff,2018-05-13
61d903b9af9181717baf3abd115fbd71,aa294c7d7d7820cc338f7c39e08f93fb,delivered,2018-06-24 15:20:49,2018-06-26 04:58:45,2018-06-26 15:39:00,2018-07-11 18:28:41,2018-07-18,de8a8c68278348a806f003f124dac625,2018-06-24
77810238ed0e20808a213bcdb0de6ae5,1c7832567f924bab626a92bbbdaafb93,delivered,2017-09-08 23:27:52,2017-09-08 23:43:42,2017-09-12 18:32:37,2017-09-19 20:06:57,2017-09-27,ef035875ac63a400aba5f6d6708e880d,2017-09-08
1413b3c018371e723a864ecc6c2d51b1,b064ec71d8d4579837d0a3e1788ce986,delivered,2017-12-25 22:50:44,2017-12-25 23:06:37,2018-01-11 23:59:32,2018-01-19 02:06:31,2018-01-19,baa692fd284fb31f63a6043aad620e1a,2017-12-25
d2586b48628c08153ed6ebcc26dcb208,45057034171e0faa788fa42f644dd62c,delivered,2018-06-24 22:30:49,2018-06-24 22:53:42,2018-06-25 13:31:00,2018-06-26 16:28:50,2018-07-17,33a18dbb2518bd7cafd046c6bc403150,2018-06-24
e3f86830b259752caea52aaeea354699,c6c24ada0446273472afa129bdc6d29a,delivered,2018-04-28 13:57:52,2018-04-28 14:14:13,2018-05-02 12:26:00,2018-05-10 11:17:01,2018-05-23,1f05c750f427d6a956532739213b9f5b,2018-04-28
d351ad232c9e018edafa9f34f5d03e63,0f710c2b9e05df56428ec2b15027db12,delivered,2018-07-30 16:36:03,2018-07-30 18:30:47,2018-07-31 14:57:00,2018-08-07 20:32:42,2018-08-13,4e1554d1a2dcb38dcf22770eb7390fe1,2018-07-30
e4318982ed51e84596216f47f154d767,86b214427e26d756475ac622671c0d30,delivered,2017-10-19 23:25:10,2017-10-20 01:26:28,2017-10-20 14:49:59,2017-10-21 15:33:27,2017-10-31,1955d312393ef9e65b54ab90881066a8,2017-10-19
49765b9af39e0642708191e9a462490a,c967bec15d1cef4b1802136624a22d1b,delivered,2018-02-13 15:04:30,2018-02-13 15:15:26,2018-02-14 17:55:11,2018-03-03 15:22:45,2018-03-06,b6cc638d014ea9bb83feb502a71556a2,2018-02-13
4fb3b317ad7e8e1d246e73b8ab6de2fa,a694746ff1ab375e60b169442f575439,delivered,2017-07-04 23:56:09,2017-07-05 17:39:45,2017-07-12 20:07:57,2017-07-17 13:03:29,2017-07-25,c9958ba63144cceed7eeb0e880042e8e,2017-07-04
8f527e48221d505b8224a9b04749f319,83340e4b205bf32a8e3d5b7d02be5dbf,delivered,2017-02-07 13:50:56,2017-02-07 14:03:08,2017-02-10 05:55:39,2017-02-15 11:35:53,2017-03-09,953c19af380e2decbb6b4264eb4dcd7a,2017-02-07
3363aacaa7a6492f7e246c4fa3412a62,5f905ca9a5477f19f392bccdc8b32ca3,delivered,2018-04-25 22:47:33,2018-04-25 23:11:31,2018-04-27 13:15:00,2018-05-10 20:38:41,2018-05-18,da94a0bf4f2c95854e15fb719dc2afd4,2018-04-25
dd845e1cdb19f08d029a727adc9a5a77,01f7b7a4e25cda9ce48c0f7263f7452d,invoiced,2016-10-10 09:59:46,2016-10-10 12:01:59,,,2016-12-06,e55fbf4f9ca883b98aeaa2b149987027,2016-10-10
46f09635953d421a1c088a6e28cea5e0,cc2b7cdb839e54fa6f55fe78acad8783,delivered,2017-10-22 13:38:49,2017-10-22 13:56:07,2017-10-23 19:08:01,2017-11-08 19:26:38,2017-11-14,d2ebfafccd7913eb159d70b121b1f799,2017-10-22
1a4f26ea67b1c9f4013809ba466e84e7,b0fc45475b8d1f080ba078365e949262,delivered,2018-01-14 20:36:47,2018-01-14 20:49:10,2018-01-15 14:41:53,2018-01-30 14:21:23,2018-02-08,3e598d7fbeb3fa29fb9b7d8c83d42de1,2018-01-14
9ce991aaccb4817cc0ca0b4edb5c5ff1,917afe7faa23d88a557462c27eabccac,delivered,2018-05-01 20:33:44,2018-05-01 20:55:32,2018-05-02 19:01:00,2018-05-07 19:33:12,2018-05-15,6f99b325700fdc66c8194f84fb0fa0b0,2018-05-01
dfd3b2df64ce5d1f5378d2e211743bbc,1bd9ffd81a6e5ad005c1d52b83d000bf,delivered,2017-07-10 17:53:40,2017-07-11 06:43:43,2017-07-11 18:36:33,2017-07-17 21:27:44,2017-08-01,0f2a46c1713f4767774e39dbee719142,2017-07-10
bb2333fb2f478ee47fffef086d24da16,824388cd61c2ead4498366fcbab7a1f8,delivered,2017-09-13 00:03:31,2017-09-15 15:45:10,2017-09-18 18:42:58,2017-09-25 17:42:36,2017-09-29,27429a8e6724fdd723ccd8655cfd824f,2017-09-13
15bbb8e1670937e6b9bdf611948c3bf9,72b927c092dc3b076732901869b447b5,delivered,2018-04-12 09:23:39,2018-04-13 12:50:05,2018-04-16 21:24:42,2018-04-23 19:32:31,2018-05-09,a5672afee78e23d8ddf6e39eeabe556b,2018-04-12
3938e682497b3b6d775de950467baefb,8c5ca191f8acbb3969aa8270d0d041fe,delivered,2017-11-24 13:48:45,2017-11-24 15:55:45,2017-11-27 19:08:03,2017-12-04 20:32:31,2017-12-14,c57e50198bf8f6beeb2908a98e734859,2017-11-24
ac98c1e7867abeaf4f7f82343124ad8b,49bce4fc8c79eb190f4f663da895549d,delivered,2017-12-14 10:35:03,2017-12-16 10:31:24,2017-12-18 19:39:00,2017-12-20 15:43:47,2018-01-03,edc699eb8c0fc6ec7a6ec536382840b3,2017-12-14
d1c433d85b26e0171d6f80a9356ae7bf,df6e96da5aba22aaf0e63f79c82b0e6f,delivered,2017-11-24 10:33:49,2017-11-24 12:38:31,2017-11-29 22:52:43,2017-12-05 16:22:53,2017-12-26,1812ebb549a5b5f71bd34675faa60214,2017-11-24
010c995323bc17d8156fbe2c37fed63e,eada5b345b1d846ca260ad12e8ec98cd,delivered,2017-03-25 19:18:00,2017-03-25 19:25:22,2017-03-28 13:05:48,2017-03-31 10:46:01,2017-04-13,29bf728e7c1b9d7b19f9f617f56c5349,2017-03-25
849463e6f473ab9f22655e71ed57b5e8,a6e1b2ca16f6fdb0eb443988df862f74,delivered,2017-09-04 18:13:42,2017-09-05 21:55:15,2017-09-08 19:45:38,2017-09-20 20:58:53,2017-10-03,45988f46a433bc4a9b227923d7c0efdd,2017-09-04
1b4f84742c7c3d03f7c6d519212514ab,791d0d1144e6fb6603bb485bef1d73f6,delivered,2017-02-09 15:32:27,2017-02-09 15:43:34,2017-02-10 14:02:39,2017-02-14 08:43:35,2017-03-17,53fcfee1fcc02d39a932f8eed8d6d9b8,2017-02-09
a5fca3053324330d4bf1e5fc7230e84d,bc450d309c1f7f595c70e89aa3dc7508,delivered,2017-06-30 20:06:54,2017-06-30 20:23:24,2017-07-03 09:44:26,2017-07-04 15:49:32,2017-07-13,26824609b6ffd112ba3cff92fee70c0a,2017-06-30
10b352cbe8aabe99a33f470405f12ce6,69688283a11fd062da0abccc47d0adee,delivered,2017-05-21 07:59:59,2017-05-21 09:10:23,2017-05-23 14:21:18,2017-05-31 08:42:42,2017-06-26,fafbc4ecb15933633821dfd530c9263b,2017-05-21
7d72c733261b943737819f8166cd557e,b2204002f45fd6e8bbea354ce3708c5f,delivered,2018-04-10 23:19:12,2018-04-10 23:30:25,2018-04-11 22:35:28,2018-04-18 12:56:28,2018-05-14,776581cf5627bc9a3730f69f9a307476,2018-04-10
102524fc738dc062948b705dac83d08e,4a6d1f984020395897cbf65a960d65a1,delivered,2017-12-06 20:31:18,2017-12-06 20:51:17,2017-12-09 16:37:03,2017-12-26 16:46:05,2018-01-11,38a20b7e29a945b4904ad3b0fbedd593,2017-12-06
246e2c3c7b7c4759966d8a76513b0ad8,1e1eeb9b7a16eb780c2728c498d5ea2b,delivered,2018-06-26 14:43:49,2018-06-26 14:57:23,2018-06-29 13:29:00,2018-07-03 17:57:43,2018-07-30,c0b04f7dbe664487a0dbf4322c42dea4,2018-06-26
dcdf7dd18209c50593d1b6cdf2392e18,fd72e5a673c5b0cb41b16a6415e622ce,delivered,2018-08-07 08:12:54,2018-08-07 08:44:52,2018-08-07 13:46:00,2018-08-15 20:20:28,2018-09-03,e91806f87029b7c1a2c758317d93b8ba,2018-08-07
fd29d4a27a68500cecd760540395b131,c48186aa94c4144379b2fc03d38e91a0,delivered,2018-07-13 13:20:39,2018-07-14 03:05:14,2018-07-16 13:22:00,2018-07-23 23:41:20,2018-08-02,e845f679973f5dc982ab341f48705312,2018-07-13
245ddaef16302f47bdda5b7549ea20fe,e1d014e36903719545d5fa13d6ef3ac7,delivered,2018-04-10 17:48:41,2018-04-10 18:09:17,2018-04-12 19:14:56,2018-04-21 17:14:46,2018-05-15,c7385f3ffee80bfbd168b56103746946,2018-04-10
a3f048db7f6523ded5c260c1ea0bf007,012ca3bed937a20fa19642e8e53d831c,delivered,2017-07-31 23:06:47,2017-07-31 23:25:25,2017-08-02 12:08:18,2017-08-07 22:17:26,2017-08-18,f5344c7feb209d1e8a9de5d60ed79331,2017-07-31
13be52fea867f703f9f4466bccbcc0c9,6d43775c3da9d5532adc74676415bca7,delivered,2018-03-09 22:05:49,2018-03-09 22:15:31,2018-03-13 03:08:38,2018-04-02 23:32:56,2018-04-03,1d294b93616ee2baecd5918851ce19ad,2018-03-09
adaf9c2200eccede886e041415e89df1,e72b9285149c7929bf099a373a3e2ad8,delivered,2017-10-09 20:57:37,2017-10-11 03:14:25,2017-10-11 21:05:03,2017-10-14 00:59:58,2017-10-23,e470037a6f8f4d58dcedbdbc9e232865,2017-10-09
7cf743c2c2f5595bf3780b5b379cbab5,996099e76d23cf9d25197bc7ca733a13,delivered,2018-04-05 13:28:41,2018-04-06 09:09:18,2018-04-07 01:17:43,2018-04-19 01:06:26,2018-04-24,3ddd076b7f728bcaa2ede9dc34c78147,2018-04-05
85d1f27ce2b79aafb89810ff41fc3e72,051df23b0ca41d5daa47268b5b96a450,delivered,2017-12-23 01:23:00,2017-12-23 01:29:51,2017-12-26 22:17:14,2018-01-03 18:12:58,2018-01-24,bfd192684da3866e9c63028c82b7d0b2,2017-12-23
deb556fbebd4343315d9ab970392674c,66d925f87715f42b875f1a75953baeb9,unavailable,2017-07-25 20:49:16,2017-07-27 11:30:15,,,2017-08-23,ac3dcee918e6c96eb2ab467158143697,2017-07-25
7b9c79725cdb375638eae34455acbef0,520b0063312c190bef5ebb63956fb223,delivered,2017-11-27 07:42:22,2017-11-27 08:50:12,2017-11-27 20:42:36,2017-11-30 17:32:01,2017-12-15,e79b240559751894db34062c2b93b2d1,2017-11-27
fdc0ec1ee168b2b7c9d3a501b0d1d69d,2effd138ecdcb406ded5b94ae2381d6c,delivered,2018-08-04 23:29:35,2018-08-06 13:10:12,2018-08-07 09:20:00,2018-08-15 21:41:38,2018-08-23,7f989dba6c114e944159f7eb5e42cd73,2018-08-04
bc8e669b7c085a9d09f9c2b94c7693ab,0f0f0c6250a06ed825b57b8233a2bb3d,delivered,2017-12-03 20:22:55,2017-12-03 20:32:21,2017-12-07 23:51:40,2017-12-13 17:18:43,2017-12-27,ab18da8fc2ed1a43bb7034a71fcb4f7e,2017-12-03
0fb6f52cf122d35f2e5d0eed6c8d4ee1,0b2db9c611876df5cc5333eb3621bbd3,delivered,2017-08-25 15:12:36,2017-08-25 15:30:08,2017-08-28 21:24:33,2017-09-01 20:03:17,2017-09-19,3c78a1442e8669720e17af63a6a760a2,2017-08-25
f09ab6762312942497f5c45240901ead,fb7481b0cc9f7ef408c625a696cf3e51,delivered,2017-07-15 20:32:39,2017-07-15 20:43:34,2017-07-18 18:38:00,2017-07-26 19:47:27,2017-08-08,ff1828e89db7cbba99c1cd0760f3d89b,2017-07-15
822430c455b49b1714466db2a15f4322,ba9624c6778d41f67dc8e228df61247e,delivered,2017-04-23 00:01:25,2017-04-24 00:45:24,2017-04-24 13:28:18,2017-05-09 14:15:12,2017-05-15,16db4212d55a0459e453168a72f09b4e,2017-04-23
b33b80fe1b350e19b343f79f30b3df95,ed6c5d40a6572e9e2aa0cf273fa8cef5,delivered,2018-04-09 15:17:11,2018-04-10 07:35:17,2018-04-12 01:10:52,2018-04-18 23:18:26,2018-04-26,863a139bac8b6241216571b2ae7d4d01,2018-04-09
c1cd6f04d98968e420c3fd0e69c5612d,2aa1e475f2f967d335c870bdffa88d7e,delivered,2018-06-12 23:52:24,2018-06-13 01:31:56,2018-06-13 13:25:00,2018-06-14 17:50:32,2018-06-25,655db3d56ba076f60122bf9f4268310b,2018-06-12
03005a2f16aaf981d51d8ef44222444a,961ab7d1f30476935fd856403381435f,delivered,2018-02-04 09:59:39,2018-02-06 05:31:47,2018-02-07 22:47:05,2018-02-21 13:18:50,2018-03-09,7e9140eac7dbded2e77e2e883da570c6,2018-02-04
d47f38bfac7123996aa56e7dfa5ba657,3dd44512bed5b8f60ab5a531c3404b68,delivered,2017-07-05 20:56:53,2017-07-06 16:50:30,2017-07-07 18:08:48,2017-07-12 21:03:07,2017-07-25,325f3c19285ac4d4e615cf091a1e1fa8,2017-07-05
8844a6f4804668ce97f0423a434a74f6,c35c61c180ade41a8a8d935b08236b8b,delivered,2017-10-16 14:49:26,2017-10-16 15:27:47,2017-10-24 18:53:40,2017-10-31 14:33:04,2017-11-09,f8197b342f0082423ce016a1dd2ec2c5,2017-10-16
6b1e226ba2512e424031208f6caffdca,64c6d788262efaaa051095da307c0bab,delivered,2018-04-10 11:17:34,2018-04-10 14:09:56,2018-04-11 16:14:35,2018-04-18 14:28:37,2018-05-03,0cc039cfa4673660cb01c7eaa20175b8,2018-04-10
68d26fb6265ab404953d918e97319c5c,2076f5cf507562f37d5afa2fa2405bc5,delivered,2017-02-02 09:33:28,2017-02-02 09:45:12,2017-02-20 10:27:41,2017-03-01 09:35:30,2017-03-01,6816f63c8069d28cfc1727483c42ab3c,2017-02-02
fe1ec86f91f3b5b6bc46fc3e4b8262cd,9317b2bdc9f6a30c2429e462dc672e06,delivered,2017-11-25 21:38:47,2017-11-25 22:17:20,2017-11-30 14:35:00,2017-12-13 01:16:52,2017-12-15,ab2833d17fa6bccadb045eaf458e7e5e,2017-11-25
df537c849af44beef86a7ef7de12126a,e97a76910029690bc1f5b67376c38af5,delivered,2017-01-19 21:48:41,2017-01-19 22:01:56,2017-01-25 16:05:15,2017-01-30 11:41:52,2017-03-15,051bc94e9cd865806bba8eeefb336d0a,2017-01-19
aadf5fc042b64c57d336c1ad8a28a455,d7f4c9c4b263f6f0d8cd144f3f4533ab,delivered,2018-05-28 10:44:56,2018-05-28 10:55:24,2018-05-28 15:26:00,2018-05-29 17:06:56,2018-06-28,09f926099a35a4780056a8948b3cb38a,2018-05-28
ecbd8d5fbb12d972ba4a898ce0bd43d4,1ddca89b0527c91d2bd8524d3614f051,delivered,2018-08-04 12:11:41,2018-08-04 12:25:13,2018-08-07 11:44:00,2018-08-13 21:41:51,2018-08-21,b5bc5b8271e6189bb4d80bdbc6e70bcc,2018-08-04
7beff063d9429757063beaf91965672b,c9a34e7ebfeea525ad3c564021a55254,delivered,2017-11-20 19:16:38,2017-11-20 19:29:08,2017-11-22 00:06:58,2017-12-01 15:12:35,2017-12-07,d3c9d60a404e2bbe8bb255fb277fae37,2017-11-20
e3ea7db75c57be6a3779176cfa7802c3,f9f2cb313b6837f0a56e1d92fe67b0a6,delivered,2017-10-21 17:57:49,2017-10-21 18:14:17,2017-10-24 20:42:33,2017-11-06 20:58:44,2017-11-21,5b6f720d6417604a1f8b46edc1837f56,2017-10-21
57b9732578915dbda7e17cb35b48966c,c60f195e77317cecb85e26ae57cbfa6d,delivered,2017-11-30 22:08:57,2017-12-02 02:37:16,2017-12-05 01:04:52,2017-12-08 18:14:53,2017-12-26,84e982d7487a6fc6b049fa740ab4deee,2017-11-30
de1368ef7490f21023cbcdfa8eb6728a,aaeb5402d84bfe206aad4d8d606ea81a,delivered,2017-03-09 14:00:57,2017-03-09 14:00:57,2017-03-15 12:17:57,2017-04-04 06:57:54,2017-04-17,b62c3cdf86ff4fe2c9ae47efa875f838,2017-03-09
18226871b4bd351a6beee8c8310748e2,638eda83a853a03e3e4f1fe6e96bccf4,delivered,2017-12-22 15:34:35,2017-12-22 15:51:43,2017-12-28 18:23:41,2018-01-19 16:32:26,2018-01-22,2d71a995badc0a7743c78644184141c1,2017-12-22
9bd594c78a30e73158b926233be0b6e5,1ad961b96eb6c4680a8c35b8dd426d42,delivered,2018-07-09 20:46:54,2018-07-09 20:55:28,2018-07-16 12:58:00,2018-07-25 17:50:36,2018-08-07,240f980f7c03e873c538e86792646919,2018-07-09
b239f28ece6e222f53440e2ab90c5329,f2e7bb4a7ec776452c2387e1c897603d,delivered,2018-02-16 13:38:31,2018-02-16 13:50:35,2018-02-16 23:39:09,2018-02-20 01:35:18,2018-03-02,1d2d9bf60bb8bfd3b4019de6584ea8f4,2018-02-16
c445ae8645fae366842873c44919ae25,fac5d4c238fd7c1828c856d6c5182db5,delivered,2018-03-23 22:14:05,2018-03-23 22:28:04,2018-03-27 02:32:22,2018-04-06 17:22:30,2018-04-11,c5e6cb6de29d2a8814b0662355fd9455,2018-03-23
43b2b04bc7aba79e72acb260d116466b,ed066ea6b633ab8df2b9db89919b047b,delivered,2018-06-28 09:30:35,2018-06-29 09:10:29,2018-07-03 09:31:00,2018-07-09 22:44:28,2018-07-25,f0bbe6aa47dddf8f4c5146d68b3e924d,2018-06-28
7e20b68bb504bd8d70b6ef457f287f76,825b32011af5640d4b9182f8b0d0f6bf,delivered,2018-04-28 23:16:55,2018-04-28 23:32:40,2018-04-30 13:14:00,2018-05-06 15:57:01,2018-05-18,6c07b809c4a05a1961e3e9b6e08904f6,2018-04-28
f8e0d73a0d29119847eef26cb525bf16,3327920ff65dadcbfc7f2a44a772c2f2,delivered,2018-07-06 12:11:20,2018-07-06 12:32:12,2018-07-10 15:05:00,2018-07-11 23:29:40,2018-07-19,1fe85e555c98c51d647d78ec86593c60,2018-07-06
e441491edbdc584bf380f36bb5e048bf,9cecc6c6b3540b6d12bf4882fa423cc6,delivered,2018-04-12 21:38:02,2018-04-12 21:51:39,2018-04-16 16:18:31,2018-04-20 17:14:38,2018-05-08,0ab20fb5f6b4eefe822ea405a4ec60c5,2018-04-12
6f14ef9e1c67a1ca8e572a477c1b58b1,019dc2cd7ae165a706dd249829e0e1f1,delivered,2017-07-18 14:32:15,2017-07-18 14:45:20,2017-07-21 19:32:28,2017-07-28 20:57:38,2017-08-09,5e8a254b9d665ce56e2d404678560ae7,2017-07-18
6404e2bea6a36a8fd5bf64660a5e5187,5c16287b152fc792ae436dfdd5f8e488,delivered,2017-10-12 07:44:01,2017-10-12 07:56:13,2017-10-16 21:56:54,2017-10-25 19:13:58,2017-11-09,8c21b4c1304a3e2e8e1412308af82381,2017-10-12
40e6e449d7ed3885b35b3925d7403cb2,36a95299dcc99992ac71defa090dc4c4,delivered,2018-02-26 14:34:01,2018-02-26 18:48:52,2018-02-28 01:36:48,2018-03-06 22:42:50,2018-03-16,3d8de2ffff62ece629f9783044fa5f9b,2018-02-26
a455dc7b8d6735fa6ef94adaa7b849b7,9502835f586a82df0f723afcf4ce8350,delivered,2018-01-21 13:47:57,2018-01-22 13:50:29,2018-01-23 13:51:31,2018-02-07 18:32:08,2018-02-15,bc7ff4e1a010b6fb79625a1f54b4ed4f,2018-01-21
38dc054731aefcdf92baf946cef55604,38ba20d8a900559297b3ff7a81aa750d,delivered,2018-03-07 12:10:49,2018-03-07 12:29:56,2018-03-07 22:04:14,2018-04-04 21:47:30,2018-04-02,0a149840768d9a165efed4c327a60ca9,2018-03-07
1a068234f392ae1781aba7a3717d560e,08c82d1e90993b00869022fc4e98697f,delivered,2017-11-12 08:37:35,2017-11-14 11:10:58,2017-11-20 13:36:51,2017-11-22 18:36:56,2017-11-27,82573fb1c360eeda8a3e8d1ddc2d794e,2017-11-12
9b81934297f0b5aab6474d8eb7fb2b4e,be2be648d9b138656b913d423ed0ae19,delivered,2017-10-17 23:15:45,2017-10-17 23:28:11,2017-10-23 15:05:36,2017-10-24 18:14:04,2017-10-27,ad4c1b32e96f691cd015c5aaee9d252e,2017-10-17
49c7df46784ee525af9f5cb40fc1d508,92c20486bda026216f613e3e4406f759,delivered,2018-06-04 09:49:31,2018-06-04 10:10:26,2018-06-04 15:40:00,2018-06-07 11:33:58,2018-06-28,a35e6ad969a4298593c504f69c03efb4,2018-06-04
24678bbf0564173279a1799d6bb11a7a,44fa9e92d8f954cc61aa5606b06c5982,delivered,2017-12-09 15:31:40,2017-12-12 03:36:29,2017-12-12 16:13:00,2017-12-15 18:47:20,2017-12-28,04aecdfee31650af897348b7e92ad336,2017-12-09
a517402e2a90089fb88afcdd05110927,2fc5bef746bbb488f889bd4046722e2a,delivered,2017-08-15 14:09:15,2017-08-16 03:25:40,2017-08-16 18:42:08,2017-08-24 19:51:30,2017-09-04,6e58509177f2c0415788340adb84d3ea,2017-08-15
74598d42a2d833a5b9527fcd752a1185,d59b99db7f4287d8ecdb0843b59e80a2,delivered,2017-09-13 22:20:55,2017-09-13 22:30:20,2017-09-14 21:21:38,2017-09-28 17:43:42,2017-10-04,f35160d4d474c94240ae729e87f14e1c,2017-09-13
b2aac017e3d894267bf55fe86abb0dc6,b5992f48220a5eae7188a98b56446037,delivered,2018-08-01 06:05:07,2018-08-01 06:15:08,2018-08-03 18:19:00,2018-08-13 21:36:30,2018-08-29,2e8dc4d92d86480e3d3905740aaab902,2018-08-01
877893a9d335938c3fdaeed687b3f6e9,38451f7954790eb28cdb29c802beabd3,delivered,2017-09-26 20:57:48,2017-09-26 21:07:21,2017-09-28 15:06:39,2017-10-12 13:32:46,2017-10-20,a8069adf28c10ec4a49ad7479712c13c,2017-09-26
85770bce7ab858546d700c2e99ad57c9,8d4eda1c04f833f903399937b01f1539,delivered,2017-09-05 13:14:37,2017-09-05 13:30:15,2017-09-06 19:17:55,2017-09-14 18:19:46,2017-09-28,59f9d10aff26297fd359d18372e05fbd,2017-09-05
0057199db02d1a5ef41bacbf41f8f63b,c664dc5de5b5f4184bc4ca0285b9f8fe,delivered,2018-01-18 17:05:30,2018-01-20 09:07:51,2018-01-23 14:33:54,2018-02-06 20:07:20,2018-02-20,9a5b186787a143669398bd8083720c21,2018-01-18
490e475128481b0ccedaa812af721e53,7434dd817ec65c99e9e1ee53195b3df7,delivered,2018-02-21 16:02:31,2018-02-21 16:31:21,2018-02-23 15:13:23,2018-03-12 17:39:30,2018-03-21,aa2cdc62c7b89b46ec1ba94671673fef,2018-02-21
77a80305f3e556475b3dfe923e8d6735,260653b481f6bb5ec7cfc7650b4c4608,delivered,2018-05-29 10:48:34,2018-05-29 11:18:44,2018-06-05 13:32:00,2018-06-14 00:38:30,2018-07-12,67420a8aed416df13289123f69eb58ad,2018-05-29
68c7b161c0d53a4f67058ca18e0ae6c0,6a67d518f44441fb4f9a6781bb6282ac,delivered,2018-06-22 15:14:28,2018-06-22 15:38:27,2018-06-27 10:02:00,2018-07-03 17:36:53,2018-07-13,30e61dd5c4108f769b90121c2ecd596f,2018-06-22
1f0caeab2e84048dd8f4d149904c0d8f,276be2a63cf33e04a5ec94c088414f93,delivered,2018-06-14 20:32:29,2018-06-14 20:56:20,2018-06-18 14:18:00,2018-07-06 13:36:45,2018-06-26,d94bbc58dba1ca15607d46ddfb7f83da,2018-06-14
2823b5160c0166f3c0d1ea00cc519c7e,e794bcee9c3289fb13024bef2f6599e0,delivered,2017-04-27 15:15:48,2017-04-27 15:30:14,2017-05-02 11:04:14,2017-05-09 10:04:02,2017-05-25,0176190d05dbc46f20484610a0a0e1fb,2017-04-27
709cb0731456cbfb2ca8d299b6616067,e3c1f8a4d644c63a86e870049d863a8b,shipped,2017-09-15 11:05:56,2017-09-15 11:15:15,2017-09-20 21:16:57,,2017-10-09,41d4766ddc8754b5d2137187e16bfbd0,2017-09-15
ed9a3a6d2f841f665754521774ccfaf2,d7ecba36649ea24f3404f08c9642c2f6,delivered,2018-02-15 13:43:21,2018-02-15 14:20:26,2018-02-23 23:19:26,2018-03-15 19:21:50,2018-03-26,3b487800ce9dada4ac59bf9c9e4ec1a4,2018-02-15
e0e2dd62e7153d8f3f03e62b4b476392,ea58ba76f07c7e170630ae1ef2c7b66a,delivered,2017-02-21 21:50:47,2017-02-21 22:02:21,2017-02-23 12:09:38,2017-03-07 14:33:27,2017-03-28,f2acfcdc8a8c0c24db90cf7a71eb9d05,2017-02-21
352c1b4ad4321180c659a1ab18d24752,03e7a78ad85e305f9989298d3396f7ca,delivered,2018-07-28 10:06:09,2018-07-28 10:24:08,2018-08-02 12:42:00,2018-08-13 17:06:39,2018-08-22,5d1d2bf42c3a6bd8cd1a8a4dbf29983d,2018-07-28
6b0c1e4a670229bb6ad952718c3f7b10,18c5f93ae4021a5c6cd973ec495cdc38,delivered,2017-12-10 18:17:23,2017-12-10 18:29:58,2017-12-12 20:44:09,2017-12-18 20:55:01,2018-01-05,2b34200e3bb4bce4c676ebca877d6087,2017-12-10
da2aeb448f7a4f8604a2d56cc3b2e02f,cfd66e8cb80e01b5d940ae54a7a9c007,delivered,2017-12-13 18:56:04,2017-12-13 19:10:15,2017-12-14 23:12:47,2017-12-22 23:26:53,2018-01-09,797b0d43d988b7402b661833954b9d0c,2017-12-13
0b2a86ad4de68092f2026ba5cdccc64e,bc3389e52abbda44032300e38db97c25,delivered,2018-07-16 14:01:05,2018-07-16 14:15:09,2018-07-17 14:25:00,2018-07-26 16:38:51,2018-08-07,e6e46b9b0eec2f2400923f175eb00e3a,2018-07-16
4d280f7e02765cbee0a2ce0359dafb2e,8b44866d1a919a20080812529e2a49d1,delivered,2018-07-01 15:06:53,2018-07-01 15:29:48,2018-07-02 15:13:00,2018-07-03 20:56:31,2018-07-16,50d47134f70081bd0bcb33783acb337a,2018-07-01
78b0b2d56de7826cbaa0c7a2743b77c5,bb1745533038c6df892337963532c51d,delivered,2017-09-27 22:26:33,2017-09-27 22:44:12,2017-09-28 14:56:44,2017-10-06 19:33:30,2017-10-24,a436f9751b6bc18408da60101cb961e2,2017-09-27
e9f01d29281098ee776a7954eae03dda,2f186d7d8de0cd7d0157c5abb1dc4a6a,delivered,2017-08-13 15:43:18,2017-08-13 15:55:18,2017-08-25 18:13:24,2017-09-04 17:24:08,2017-09-15,360725b7bbeb98b2178a2c2288ad11d7,2017-08-13
08accb1f1ce9ae08483229dd246b8911,7614bd222d72753a5598941edc462392,delivered,2017-07-01 20:08:46,2017-07-01 20:23:52,2017-07-04 11:37:50,2017-07-12 20:47:54,2017-07-28,61f1a493cb99e61ebb41924c15778a5c,2017-07-01
fe8568b0167c1e87d6f1dab1033c9278,97396993d63e820df7610ffaa26f14fd,delivered,2018-03-30 10:14:34,2018-03-30 10:55:09,2018-04-02 19:08:18,2018-04-10 22:31:52,2018-04-18,cd933f89d0e65296590a361e50416a0b,2018-03-30
ad49f229e233b39202eb79fdc1877074,41e9548a0f8a774ff63837fa26f9839d,delivered,2018-04-24 23:07:30,2018-04-24 23:29:50,2018-04-26 12:52:00,2018-05-02 20:16:21,2018-05-17,92ae32fae1d6d9fcfffd36717ae5166c,2018-04-24
73aaa4d549aa39d83b85021685fd5d72,7810e8fd73ba33153dc9ebfd4b03a248,delivered,2018-03-10 12:31:34,2018-03-10 12:47:53,2018-03-14 00:48:43,2018-03-16 19:06:26,2018-03-22,8841773118485f241b094fb53fb9128f,2018-03-10
75a75d6f39a5e6639e107bdf8760ac50,f48dc2e02e8b3576ae81898b1dfa1717,delivered,2017-03-10 21:04:58,2017-03-10 21:04:58,2017-03-15 11:29:37,2017-03-17 04:55:53,2017-03-29,2974c99a793b46ea25efd72321e76966,2017-03-10
dbe34cb0129b5b0507a4547c1fdbd3cc,6dce1c254422c0bd1bd20036ccbad17d,delivered,2017-11-28 22:29:21,2017-11-28 22:39:45,2017-12-05 00:22:09,2017-12-11 17:59:53,2017-12-21,afd014d3748c3080be33293adb915eb0,2017-11-28
055b200c986fe0efa2547b28241c3318,564b67a0cc888d056a2a238c1cea6dfe,delivered,2017-08-28 21:24:40,2017-08-28 21:44:42,2017-08-30 13:26:53,2017-09-06 17:30:08,2017-09-20,3a8885f72277b1a3d1dde69e1780bec8,2017-08-28
5253650c645f3d453fc1dadecbe9d2c8,e3215a794a319f3b7a9809a57f19bf21,delivered,2017-11-29 11:52:30,2017-11-29 12:18:29,2017-12-04 20:52:20,2017-12-18 19:39:42,2017-12-26,a09dc88c5f272c2b4a3b54cc15bdbf1d,2017-11-29
32855d7689b9f421de7025b1f94cabb8,7560d4eee6f467533295c86137bb4c34,delivered,2018-01-10 14:37:45,2018-01-10 14:49:58,2018-01-11 23:38:58,2018-01-29 11:36:39,2018-02-05,fcfb5ff1df62cbee0462e5414f668163,2018-01-10
4cb8cb3ecb5dbc9df36cb56451499a0f,6daa8f0dc2e558d601f7ed53eb6188e0,delivered,2017-09-07 23:47:40,2017-09-08 00:03:08,2017-09-11 14:13:05,2017-09-24 17:39:50,2017-10-05,2356a157ac13013e2af4979379737874,2017-09-07
63518de6db5802b95c69d007115bc5e5,30dc1fcb030584401c7209e9129b68e7,delivered,2018-08-21 08:27:46,2018-08-21 08:49:18,2018-08-23 14:09:00,2018-08-27 20:29:40,2018-09-03,c7c4fa6c320adf14e4130de928c291a2,2018-08-21
bae57f2adc242a88ed7589fe47efcd12,333304fcee5c64925d0ed399210d5770,delivered,2017-09-25 15:54:59,2017-09-25 16:10:07,2017-09-27 19:15:09,2017-10-10 19:07:02,2017-10-25,ec6878ca56369064bf4622f8560ba71b,2017-09-25
7c79ea4fa321e61956f7ee14427f6124,45cd65c80f6ea79a63c4feafe0091034,delivered,2018-05-12 12:23:33,2018-05-12 12:34:23,2018-05-14 09:49:00,2018-05-15 19:17:04,2018-05-23,6c60e666aaeca487c628c605eebcd680,2018-05-12
3456e4510b8dbddfb1d17d38deb2bbe6,664e510b024ec9826cdb96c01669285f,delivered,2017-12-05 23:58:33,2017-12-06 00:10:26,2017-12-06 21:48:54,2017-12-08 17:07:37,2017-12-21,ebc664fb16dfd0b0c93f1c4d6b474adf,2017-12-05
5cd9658ba9e8ad15b491928fd7ec370d,cf54331ed702f203f23da3cf5a0de4d2,delivered,2017-08-30 19:43:57,2017-08-30 19:55:20,2017-08-31 18:37:38,2017-09-04 20:04:42,2017-09-18,e1cc1be2730188040748affa422b2803,2017-08-30
73b017a765ea2600be8cf4e374de23bd,0525fa756013f1d648c20c8892bdea3e,delivered,2018-07-21 17:45:54,2018-07-26 23:32:33,2018-07-23 15:13:00,2018-07-29 20:18:21,2018-08-08,79ae72fd0b476edd6a6d4c7ebf329b4c,2018-07-21
35d8452c4085b7bad1b14bc47d24091b,bdf6663e51ad5bb48b08b9b37e6aa086,delivered,2017-10-15 18:32:37,2017-10-15 18:49:24,2017-10-25 17:19:41,2017-10-26 19:26:59,2017-11-03,a3f2bd18cb5fe2f9a219f15200ddebef,2017-10-15
1a1b532e9fc48a702923b8ef014735e9,19adb3f7b395a15790ce04b5e19276d5,delivered,2018-07-06 19:14:19,2018-07-06 19:30:55,2018-07-09 12:09:00,2018-07-10 21:48:54,2018-08-02,487eb5b80647af0ec6c399a4a1d1efde,2018-07-06
b3ff0769befe096a6da428d9991321bd,841f231e625ce8f34a0016c97e8c322f,delivered,2017-12-26 14:16:17,2017-12-26 14:28:55,2017-12-27 22:11:05,2017-12-28 11:10:17,2018-01-15,6267f1024cdd3dd5785783a0c4c1c585,2017-12-26
a306afa8587ad4c42f5a1c62184673a8,f997e4d637c5824aa3f892266bac8ebd,delivered,2018-08-17 07:44:54,2018-08-18 07:49:45,2018-08-20 13:57:00,2018-08-28 00:16:26,2018-09-04,c8e6353cdefabcd9ef58240358e5f6b1,2018-08-17
a77cf1f9b2d22060320fa51a5906d02a,ab34a771f8b497c9a37efbb586372f79,delivered,2018-08-25 19:15:56,2018-08-25 19:25:10,2018-08-27 15:12:00,2018-08-30 15:22:53,2018-09-12,5998ec995841d32983e0b32f7a6c5c80,2018-08-25
ba9cbecc6a528dc98683accf4656c945,105f5188a142d32dcfe97650f8e114f4,delivered,2018-04-19 14:29:32,2018-04-19 14:57:22,2018-04-23 23:41:50,2018-05-03 17:08:41,2018-06-11,532d6af15d2a2b3f815d5d0f4ecbe572,2018-04-19
3c9fe4c12f56411725fc69bc8685adb5,8e7eecd755eb34ec71e1955f19bb86d6,delivered,2018-03-06 19:11:51,2018-03-06 19:29:41,2018-03-08 14:09:34,2018-03-19 21:11:16,2018-04-06,0c96c2973fce38eef50e8c004e7e24c8,2018-03-06
207d7288d0109d3973a94a8d382dce54,5bfbb21f7e1a74e885d4453cb407c0e3,delivered,2017-07-18 17:55:09,2017-07-20 02:25:55,2017-07-21 18:22:59,2017-08-07 17:10:03,2017-08-18,d3c277d34b637035f263370a1646a984,2017-07-18
61a0ecb5082b25a8cf031a6402a1e030,12d1dcea366cd212e4f579ae482e0e1b,delivered,2018-04-23 20:35:55,2018-04-25 04:11:20,2018-04-25 15:42:00,2018-04-28 14:18:28,2018-05-16,578a97bb13e088306095bd0401426700,2018-04-23
f1e2b7376f89e974ba81956b133ef935,4d6dcc03e46614005963c9e0eb029a80,delivered,2017-11-24 16:13:34,2017-11-24 20:13:18,2017-11-28 18:48:43,2017-12-09 16:43:41,2017-12-15,90eb1ebf728ec4fe76781e57ee59727a,2017-11-24
8099510db9a578b9c9e341e0a4026d08,ceefe214abad6f6344cc13f232d56529,delivered,2018-08-10 17:26:05,2018-08-10 17:35:21,2018-08-11 08:56:00,2018-08-16 11:04:29,2018-08-23,60b1f3a63a343b4062c21cd5efdbfa11,2018-08-10
c79fcf430e3532739c1344bdc0a021db,edde43d7203ce8ef765673aebee3b966,delivered,2017-02-02 17:22:31,2017-02-02 17:35:12,2017-02-03 12:33:35,2017-02-17 14:09:11,2017-03-17,3435ff207812c23c1b61d57b93500645,2017-02-02
2dff08c63cc9d29788c8cccfc3799bf4,bd6fdc9fe74a5d7a4f5696815c2cb42d,delivered,2017-11-28 22:06:01,2017-11-30 02:22:29,2017-11-30 22:46:51,2017-12-20 23:39:15,2017-12-27,8b035be179d248c4c00e8e1cda901b6c,2017-11-28
6f177560cdac40d55fa56882c853569b,455d0df20ea3cac0d66ed7609a01b80f,delivered,2018-08-03 16:44:03,2018-08-04 17:03:58,2018-08-09 14:07:00,2018-08-24 18:03:08,2018-09-03,bea7d389efd65b310f6e4d95f96b1a0a,2018-08-03
80000ae9d118d79953522e35cce34f13,67372e0bce729cebb559886b6c4d9e2e,delivered,2017-02-27 11:33:35,2017-02-27 11:45:10,2017-03-01 11:03:51,2017-03-08 08:51:57,2017-03-20,c9fff85f2617b8e1a78142aa11ee962f,2017-02-27
7699e05f3c451052397a0248cf24a821,30115ee7a9182b11ce072122a37b6ca4,delivered,2018-04-01 11:12:20,2018-04-01 11:27:43,2018-04-02 18:58:35,2018-04-03 21:04:30,2018-04-16,8ff5814508a2f80f3e9f6670097d02b2,2018-04-01
00143d0f86d6fbd9f9b38ab440ac16f5,2e45292979b9b2700ea09560eeb0f803,delivered,2017-10-16 15:29:43,2017-10-16 16:07:52,2017-10-16 23:04:43,2017-10-27 18:43:56,2017-11-06,bb8a37225e0279ac8a274c9765617eaf,2017-10-16
27dd4347486e954e77b2f577f6388819,5a37d7eace891a446596466cc8526c90,delivered,2018-03-18 16:27:18,2018-03-19 07:50:39,2018-03-23 04:11:04,2018-04-05 16:05:47,2018-04-09,624e28ed0069a269b40e76cd2e823451,2018-03-18
0103878b7ed86b6ec873cfae01379472,e8a101d3de305ff620d4febe10137fd0,delivered,2018-08-16 00:03:16,2018-08-16 00:15:41,2018-08-17 13:25:00,2018-08-22 22:38:43,2018-08-31,f93b9c409efa7e30bf05a7b528197400,2018-08-16
853468812125d147c0d34a9f11f2716d,a8ac62d90741ce564ba4786909e17872,delivered,2018-08-11 20:29:26,2018-08-11 20:45:13,2018-08-13 14:16:00,2018-08-16 14:59:35,2018-09-25,62eacc3e25a6d950f720972aa8238d28,2018-08-11
491a1ab187b3a16213aa5b385333d943,8a4976f31f4c12074f026ab5244d7ebd,delivered,2018-01-08 23:12:50,2018-01-08 23:28:14,2018-01-09 15:05:51,2018-01-11 00:04:08,2018-01-24,dfbde47bde19b04d057e18b028d5b5cd,2018-01-08
ae4d24eaeb2f2184852be775af5cf9ca,922d9875c96d766b5427e8cbb9f07eb2,delivered,2017-02-28 23:47:08,2017-03-03 02:15:37,2017-03-06 07:43:38,2017-03-13 07:14:04,2017-03-20,399686c4053ca3aaae42cee3d10a294f,2017-02-28
e0c7a7d03b603444cdb851949e98d59d,8d1146d07386908aec9b6c439b5d33e8,delivered,2018-07-05 09:07:58,2018-07-05 16:16:35,2018-07-06 11:07:00,2018-07-10 12:14:23,2018-07-27,bcea29134c3a90bba5b32c1f4d23076b,2018-07-05
77625c9343b4dd4a9536f65e9ea50135,cf715977596afedab14869cb8d11d9e1,delivered,2018-03-19 14:06:14,2018-03-19 14:30:00,2018-03-20 20:14:27,2018-04-14 18:58:41,2018-05-02,858ec48dbaddd52e729e8acdc8d2d108,2018-03-19
4a04b801500a7b7f5dbaefe223e00338,7bf30e8c369da26439282a284134f49e,delivered,2017-07-24 23:41:25,2017-07-25 01:25:08,2017-07-26 18:52:21,2017-07-31 18:43:26,2017-08-18,793732e0d5b5c46e3c19b68f5ded226d,2017-07-24
89da573364809995840e3546344a0113,596838f01c8df34db964387ac5ab6333,delivered,2017-11-18 18:44:34,2017-11-18 18:55:31,2017-11-22 11:49:59,2017-11-23 17:19:24,2017-12-01,d31c287a64b46eaa581651b6a349f58c,2017-11-18
6fc1f769bfeb1481960874a33a43c449,2f8d38e4205fb38a567ae52311787f77,delivered,2018-07-01 21:39:57,2018-07-01 21:50:20,2018-07-03 02:43:00,2018-07-05 15:03:36,2018-07-30,dcf453c00c20641ee67935b3783ff20a,2018-07-01
d34d57040fbd8cc561fddf442352f8eb,0d0ee03c8b494f3343e61156cd13738a,delivered,2018-06-18 19:00:17,2018-06-18 19:21:17,2018-06-29 11:05:00,2018-07-03 20:26:47,2018-07-25,dba41c3fd8f8d02f2586216bb9637595,2018-06-18
b090db406a3c2b8c132d12115b575fa8,b5663b19d130b89cfa4c66655dd35ba5,delivered,2018-07-04 18:25:26,2018-07-05 16:41:02,2018-07-05 14:47:00,2018-07-10 21:51:05,2018-07-23,8dc9480822758fd32f4000c2e1791b69,2018-07-04
58bdae413815114d8b8efa3df9cdf706,0171c99239a82a0794fe3e4016a0e629,delivered,2017-05-07 16:22:14,2017-05-09 09:50:14,2017-05-16 07:52:08,2017-05-18 15:49:38,2017-05-29,c27c0dc7daf5a28528dbde632b120c11,2017-05-07
d1f9a1aec23787e664aa0ccd55fe2fd3,82dd196b2b5b57785945aa2f471a35f9,delivered,2018-07-16 19:19:37,2018-07-16 19:35:17,2018-07-18 15:21:00,2018-07-27 18:29:28,2018-08-10,150d2217d7f67951f850be5a7443991b,2018-07-16
3c1ceafa085d9c28c784b0ad99895a6e,dadfdba2f1a53778ac008daad465d544,delivered,2017-03-28 17:10:37,2017-03-29 02:22:33,2017-03-30 16:27:33,2017-04-18 06:48:58,2017-05-03,065102c8bb5cf4f308cd356e74343c2c,2017-03-28
37f74ee624eec2d1ca28deaa62d04602,d7d63a15651d3301580a663f91652dbb,delivered,2017-10-03 11:23:30,2017-10-04 02:56:43,2017-10-10 17:06:10,2017-10-16 18:37:37,2017-10-26,ae84b339c86e7e3931d53414b9ca4658,2017-10-03
ca85e8b80de7543b68e7443fdfe051e4,61109e00cae8fa7f8ae8011b45f06b0c,delivered,2017-06-02 18:13:24,2017-06-02 18:25:07,2017-06-05 10:47:38,2017-06-08 15:03:24,2017-06-27,17f8a6668a4bc8885fdea93ede73ab13,2017-06-02
5043c2e9366f7600db60c67283a20260,a7e11431c16c7321b2e8470daa9ff7e7,delivered,2018-08-06 12:43:36,2018-08-07 15:45:20,2018-08-16 13:20:00,2018-08-22 00:36:56,2018-08-24,654a194f73f10c5eeefa2cb3feb7946f,2018-08-06
7bd694d5531f148d22a89b11343e1d0d,d8b77ca4c8e3ba4eef5867c8fb489968,delivered,2017-03-12 17:43:05,2017-03-12 17:43:05,2017-03-13 12:19:09,2017-03-27 14:23:32,2017-04-05,5af33d67c05c4de892a55dcd6ccdd406,2017-03-12
aac21588f3ec44ceb1054b930039e50b,a800c02178bf99fd9d598cd9f3ba913d,delivered,2018-04-12 20:57:48,2018-04-13 13:14:38,2018-04-13 22:48:35,2018-04-27 21:07:36,2018-05-09,7a88879aeead3c4aaf53a3f39924e908,2018-04-12
942ca92b6dd15a40d979cc95c6b8c761,433f70f1d652d249dd045f7922c5169c,delivered,2017-09-12 18:03:22,2017-09-13 03:30:13,2017-09-15 17:32:20,2017-09-20 11:37:20,2017-10-03,3a43f306607630fc72fd89865479b14a,2017-09-12
c8bf960cbb5f496561542f67c3aefc81,fa1bdf037cd6f8b9a7258b6d32a35f06,delivered,2018-03-29 15:01:10,2018-03-31 09:07:59,2018-04-02 19:05:18,2018-04-10 16:08:34,2018-04-18,f712a1cceee0fa3f4aa26619c1e3029f,2018-03-29
469ebbc645e0d5bdfc7e2dc9c5a25f75,8c55c34b514bc8c604b3552a140b5f13,delivered,2018-01-03 09:43:58,2018-01-05 02:35:26,2018-01-12 20:51:50,2018-01-27 18:18:45,2018-02-23,d2b0c9581af07a440250e8343cc95409,2018-01-03
414b227d34e12d2c95093f0bdb4c44bd,c05135e931996796d1b5bff60251825a,delivered,2018-05-18 11:04:32,2018-05-18 13:07:00,2018-05-21 16:43:00,2018-05-25 13:30:58,2018-06-07,a2027a1c6f9e04a875c44ea09061d3f2,2018-05-18
ea5cec9447a41351dabd449056d1992a,6d76603dfdd852ed23672a8fd0364f5c,delivered,2018-04-19 09:53:03,2018-04-20 07:31:34,2018-04-23 10:32:32,2018-06-06 19:28:47,2018-05-28,771bc9894e3f3b1f250711c20f4aca15,2018-04-19
179a6a5380b863ae5aae42e8eb754913,5183ebec380dce5c4d15954fa170301e,delivered,2018-06-26 14:37:59,2018-06-27 08:30:49,2018-07-03 04:30:00,2018-07-10 23:32:01,2018-07-19,0b5057cd51031b814ac5667fb3ff0dbc,2018-06-26
ad81810596aa59ceb988de37dc47926c,9576cf68fcb03b4112bbc35d5b9146e5,delivered,2018-01-25 21:47:54,2018-01-25 21:56:22,2018-01-27 16:46:35,2018-02-02 21:22:03,2018-02-20,3c4a20bfbd3b0d721609faf62b4369b7,2018-01-25
b11d3d0805ee25a1ca5ff9d55a65cd9d,05a874b660a8cd6552b1f462e033b44a,delivered,2018-04-12 12:52:01,2018-04-12 13:11:40,2018-04-13 16:46:45,2018-04-18 13:55:32,2018-05-08,b963ba6f2e818e50df5a25a227955e02,2018-04-12
0ef8215c9266b279249871d0af611e2c,9c8e51447d07719ca9d78cbaad9fea43,delivered,2018-04-14 08:43:15,2018-04-14 09:31:18,2018-04-16 21:32:32,2018-04-24 19:44:23,2018-05-08,ff7f36f6ba0f1126bb95b635322cf9d2,2018-04-14
15006f85b1559aaab8fc9798055d0e94,082166790414f3c9f62969e47ad91b96,delivered,2017-10-19 09:58:57,2017-10-19 10:14:31,2017-10-19 20:23:56,2017-10-23 21:42:12,2017-11-07,9ec6ab7a8f363a2eef85af8a80347c84,2017-10-19
9fc1497693771a80bd64e4226d7e9b74,515858ffc4af7a61d581021e611198cd,delivered,2018-04-28 08:25:04,2018-04-28 08:53:53,2018-04-30 14:53:00,2018-05-07 20:10:44,2018-05-21,ff4eb040f4a33261046b74b9a1d4ab65,2018-04-28
75bffa29a87d482f2599c96fae5a8ece,b6b99ec327def693671d5b0db57fe6d1,delivered,2018-03-27 15:23:57,2018-03-27 15:35:13,2018-03-28 21:51:27,2018-04-02 22:52:48,2018-04-13,57bc4164886e8b78274d6fceb6e1bfd8,2018-03-27
8556edd77123b5e04862b951269eabed,ba9e2ff94ab776d05be0cbd067755c50,delivered,2018-08-03 17:21:48,2018-08-07 04:25:18,2018-08-07 15:28:00,2018-08-10 16:28:52,2018-08-21,a73e7aa41ad2bb8f870bbe407ab500cf,2018-08-03
53bae42113a177b31d3aa02c73e0d3cd,20f749b84ff4156f103323cb89fa4320,delivered,2018-03-27 17:48:27,2018-03-29 03:10:25,2018-04-02 16:04:04,2018-05-03 18:41:27,2018-05-15,1d0be6ff723818bb810023b236405017,2018-03-27
8e1ac730ea9bca963b591024346e0679,dd163cc1d5c80098ad9e72126ca5c8c2,delivered,2017-09-05 17:28:08,2017-09-06 02:50:39,2017-09-06 18:04:43,2017-09-15 20:18:13,2017-09-28,82df20cd5060f866287f5a29f520ce95,2017-09-05
bacc701eec298cb5520f251e863cde03,ca559371b1efa6b4733abba1c71494c9,delivered,2017-06-01 10:48:20,2017-06-01 11:03:14,2017-06-02 09:19:26,2017-06-09 18:42:36,2017-06-26,3ef848190859d1383be83ef97ae6fedd,2017-06-01
4bb508ed8217864a44341f4e5e41e04e,865293243bd058d40776ed211b54174c,delivered,2017-11-25 00:29:04,2017-11-25 03:11:59,2017-11-29 22:12:53,2017-12-04 18:22:59,2017-12-22,1007347e88fa43986e0f628c48f577e8,2017-11-25
458d63620d4131af3f512aa1b326b5da,7aa3c8e6975af99664fc8395e5a075aa,delivered,2018-03-20 22:59:05,2018-03-20 23:10:30,2018-03-21 22:32:02,2018-04-06 20:28:45,2018-04-16,3014eb25834966132b138f11c684aa2c,2018-03-20
afcda0566edd7333aa8184a5985a47ba,727fe0579c184302356067cde9cd9185,delivered,2018-05-31 21:40:54,2018-05-31 21:52:42,2018-06-01 13:51:00,2018-06-05 20:24:37,2018-07-26,79012e6f4c5ec98843e88a974f6272e4,2018-05-31
da81fbc27b55e0f3d2813cf2078dc780,9cb739dc712ebd193e4eb94f3aeb8d20,delivered,2017-11-14 21:07:55,2017-11-14 21:26:34,2018-03-20 15:44:40,2018-03-21 00:18:54,2017-12-11,9770456b4233cdf2363287ca2295650a,2017-11-14
a9601d068b873488daa5f72c7daa1f10,5cc2000a02011f09463e935d6f33ea6d,delivered,2017-10-24 13:00:44,2017-10-25 02:14:12,2017-10-27 21:08:51,2017-11-09 23:34:55,2017-11-24,9280630f31756d3c7a7abe695a723d09,2017-10-24
f71cb2e4886fd0074284be2c8cc9b144,792b1af13fc356344a3c38bf7775caa8,delivered,2017-11-28 20:35:59,2017-11-30 02:25:33,2017-11-30 23:19:49,2017-12-06 18:32:36,2017-12-21,bf1464c6f9bbf319b190fa3658848abc,2017-11-28
2c23a7464f6fbc39be8e3a13b9966c54,5a83b651944141609c66c414f8258ce3,delivered,2018-06-09 13:34:32,2018-06-09 13:51:34,2018-06-11 14:30:00,2018-06-20 12:20:44,2018-07-04,0f95a710a4f0ffc280b3e3b583c69e8f,2018-06-09
af8e7d8a37a728552281a38e79f5e82a,3f45cc8587c58a78556dae4c3f02c410,delivered,2017-05-02 18:34:59,2017-05-07 23:32:26,2017-05-09 17:03:20,2017-05-20 11:44:48,2017-06-09,b233915725d368ec61c224efb81ed915,2017-05-02
aac66aa37e3c8d0fcc9571062fabb261,2c8ebc3ee57341a532642dbbe98294db,delivered,2017-09-28 18:17:47,2017-09-28 18:28:24,2017-09-29 19:23:48,2017-10-17 21:55:24,2017-10-26,86ddc87bff6c9f60243a727c7bf458a2,2017-09-28
def43ca6d79899925ea0c19f4fb63200,7fd3d557cf72df79e448740ca65d015e,delivered,2018-08-05 20:36:51,2018-08-05 20:45:10,2018-08-06 08:33:00,2018-08-09 16:51:58,2018-08-14,a2a934380af473b6418349e532b323aa,2018-08-05
df63ae0d0b2e5965b6c56834f1ed3ec0,c945ee71ab489fc5275348dc98236bed,delivered,2017-03-29 17:58:13,2017-03-29 18:10:12,2017-03-30 13:38:05,2017-04-03 14:23:44,2017-04-18,babd8af7d9e5d0aa5489e66c8df49ee0,2017-03-29
a139630cbe2c9106179e382ba9e9d517,beb9271894cf44c6d9997233fdcc9603,delivered,2018-02-17 14:15:59,2018-02-17 14:30:25,2018-02-20 22:19:00,2018-03-17 00:12:05,2018-03-20,c9fad93b46d16894451eda45daae3e3e,2018-02-17
8f01c37e40b9262e477bb2e2d01058b1,c35d560e5a0e8462f092ff34f764e32b,delivered,2017-02-19 18:35:15,2017-02-21 04:35:14,2017-02-22 08:54:06,2017-03-10 07:42:47,2017-04-04,06c89a84709896ed4e9cb838a4a84bc1,2017-02-19
a769c6d90738b1546865c01148fad5cb,a8115f722d11bb835b310770f08c9766,delivered,2018-04-29 12:56:04,2018-04-29 13:50:56,2018-04-30 14:27:00,2018-05-11 21:08:16,2018-05-17,0ac9a326ee1852bc190ceda58036f8cb,2018-04-29
b15da40ece9d0f3c3440837babcb1a31,f49b4f80893cd8a36cce86e87b0fa50b,delivered,2017-09-14 12:18:38,2017-09-14 12:30:13,2017-09-15 17:32:46,2017-09-25 19:32:00,2017-10-04,928616c185852cc998407c716a6f69bc,2017-09-14
c528c7334f28e47ccdd517a9288a5113,ba7452999510d3483e226bb287d743ff,delivered,2018-06-06 23:14:24,2018-06-06 23:33:16,2018-06-07 13:57:00,2018-06-11 20:18:24,2018-07-04,fe601d406a2a6e44a6911847f876a9d7,2018-06-06
6cdad32a7c806be6cca65ff0d763389e,d7fd65c6b41fb24732cc9d3918f353f9,delivered,2018-02-13 19:33:07,2018-02-13 19:47:17,2018-02-14 10:23:22,2018-02-26 21:36:30,2018-03-16,2492b7d84d2d3e7d603e0af20af74cd7,2018-02-13
dc942b12a2d1c261d42dbf4ecd4451f5,f9ee21e4ea8887385cab2d9cdeaa0804,delivered,2017-07-02 11:23:28,2017-07-04 04:05:29,2017-07-06 14:08:03,2017-07-25 22:47:29,2017-08-09,f94a8d335c25ddfac4ab1d852667c00a,2017-07-02
5fd3e686087ab4cd93b354b63771d6aa,cf212d0f6f868b6abdb9b852145ee55c,delivered,2017-11-29 13:38:49,2017-12-01 13:33:22,2017-12-05 22:04:55,2018-01-03 18:27:03,2017-12-21,d372a040e57bcdc6b9ecb52f3feda0d9,2017-11-29
b11be1ce9a1f9812763eba8c91fc84bd,58f5438d2d90acfb562eca64525bceda,delivered,2018-05-22 14:39:13,2018-05-22 14:56:22,2018-05-23 13:44:00,2018-05-30 14:18:03,2018-06-12,87c7ba6365ad2daa9ac5370e376ea61a,2018-05-22
5ffc7455c07cb79260d36024277e417a,8edf9775ff2d85510096c409785457a3,delivered,2017-02-06 17:02:13,2017-02-06 17:15:06,2017-02-07 05:09:29,2017-02-21 10:57:37,2017-03-17,584df16fd79b2f80e09f056e2e57c89b,2017-02-06
a2749402701871292b1ca325a1b9f6ff,34cf47dae2707f7f1a07a7ecb3b86faa,delivered,2018-08-20 21:01:40,2018-08-20 21:15:08,2018-08-21 17:04:00,2018-08-22 23:05:33,2018-08-23,09a5f7c425ee179efe9830c565b16bdb,2018-08-20
4237d03d511e94c1d2504e01a20cd668,eefb1203ea84c235aaa024ab6a3b3b24,delivered,2018-08-17 21:47:37,2018-08-17 22:09:47,2018-08-20 15:30:00,2018-08-24 18:52:44,2018-09-14,6ae1ae4714e95b8f8f910a3b690b37f9,2018-08-17
d04f155dd04722bb1691263ccbe5eec0,1393f95a641d045e1ebc7a6db27258f7,delivered,2018-02-26 18:38:33,2018-02-26 18:55:27,2018-02-27 17:42:29,2018-03-21 18:41:55,2018-03-21,dc79b8df4fa615a9753973a511849ab9,2018-02-26
eff47d9b95b39aebec2e228f59baf2eb,bf84807bbb27a050c2bb73587203309c,delivered,2017-08-01 16:59:18,2017-08-02 02:50:24,2017-08-03 14:04:13,2017-08-12 11:09:51,2017-08-23,27859b8fc903e1d19905aa3f011d0904,2017-08-01
0dfa86a9022c9929b3d7311150151f68,0b60138b038f460baefa261d66dac712,delivered,2018-07-26 20:09:56,2018-07-26 20:25:08,2018-07-27 15:18:00,2018-08-08 15:03:39,2018-08-22,40aa7c86550b02c4f65d3e5ca344c7d6,2018-07-26
e17d2e2d4c3e655845a5ed84c9409490,5586c955a9c27ae5ace5b5349797ffb4,delivered,2017-10-27 21:31:33,2017-10-27 21:46:13,2017-11-10 21:33:10,2017-11-27 19:44:33,2017-11-24,56c4075a563ab3a9bb780804e1a996a2,2017-10-27
50c057d3ce876e5fa2f5b9bb5e7cbe22,236a783c1ae829341bf56aeec56b5547,delivered,2018-01-17 00:40:37,2018-01-17 00:51:37,2018-01-18 18:14:24,2018-01-30 18:41:11,2018-02-14,2d17d58fcd7120a5f5c5c24e7e5de056,2018-01-17
87480ba74c6a68d47d28b4277439c8ac,0f3eb4973621984961ab99909023c585,delivered,2017-12-28 11:13:03,2017-12-28 11:28:04,2018-01-03 20:46:42,2018-01-10 19:29:56,2018-01-23,c21a03e97ae6aa0c1774a9845a94e440,2017-12-28
2691ae869f13b10f3d356461b4311c73,e551bab5d422fd3ad727235a8270aa67,delivered,2018-08-22 22:39:54,2018-08-23 02:45:13,2018-08-23 12:28:00,2018-08-29 19:11:48,2018-10-04,fc00cf190fcd0d74d417ef9064d5bb6c,2018-08-22
5038599d301a92796c7e52408dd0aea3,d5308480b0869493b69ce2bec1c1d415,delivered,2017-05-04 21:33:20,2017-05-06 02:15:25,2017-05-09 11:18:17,2017-05-16 11:48:04,2017-05-31,5c4e50afdadfb15daa38fb743fd6f5fd,2017-05-04
f5021290eb1a1105d7b9a7445f120c3d,5e346f0a6bcc85b1e87dfaf9bc5ec38c,delivered,2017-05-06 07:18:28,2017-05-06 07:30:12,2017-05-09 12:09:47,2017-05-17 11:07:38,2017-05-31,6c45a9350eb05fba53a297c2491a32c5,2017-05-06
5ea599a9a67fae7fd7120b2b9add8a60,5406b19f54e812f661c116bae7f7a770,delivered,2017-02-22 17:54:36,2017-02-22 18:10:11,2017-02-23 11:31:31,2017-03-04 03:33:57,2017-03-27,5efebfd4cc8bc54a199c512d3bb1c6a4,2017-02-22
0d8f485ffe96c81fe3e282095e942c2e,e7c1bcfe34cb8e778701ceb0b4b4780d,delivered,2017-07-31 23:06:40,2017-08-01 00:05:12,2017-08-02 02:36:50,2017-08-02 19:47:05,2017-08-14,de8ce480b6119f2835ce8ad07c326793,2017-07-31
2efef48118e6846607240cd8910e05d0,9c7d570b975ac49cc2a6467c3e1048d8,delivered,2017-02-12 00:20:45,2017-02-12 00:34:00,2017-02-20 07:52:39,2017-03-08 22:23:46,2017-04-03,1321ddec379e289aa3b41d6e83d72c93,2017-02-12
559fb2cdf30bd53126d8d8e020226765,2b241a129c21fd8db7bb03ad32d165bb,delivered,2017-09-19 23:04:22,2017-09-19 23:24:09,2017-09-20 20:44:53,2017-09-27 12:23:55,2017-10-13,b4cfda9f06bbc32d7bef85da0e3bdfd1,2017-09-19
0a8f1a36db93c2d10a0ff456e5550ae8,c0d8c122eb9b251748d380735ceb72b7,delivered,2018-05-02 10:44:40,2018-05-03 10:57:13,2018-05-04 06:22:00,2018-05-18 15:58:51,2018-05-23,e0bbdfcc37fae18fd8c1af69eceaeee5,2018-05-02
ca801e184e659bcf7b7e4f4995d30ba8,3c1d60349e1db4cbac79fe57b73ed57f,delivered,2018-01-03 15:02:13,2018-01-03 15:10:29,2018-01-10 01:07:45,2018-01-19 15:14:04,2018-02-02,51bca9fb39bd861e1f275e69875bfc90,2018-01-03
1b0ca0c3b2421d7ffde52594b571c020,a568e815557dfe95e3b3ff832812486b,delivered,2017-12-12 17:51:10,2017-12-12 18:10:54,2017-12-13 17:08:51,2017-12-29 18:35:05,2018-01-08,54cda4f6faa16b619c230cddfd5da778,2017-12-12
14833d6278b9989cafd5e8930a961263,921dac886012ce8e2083c366e3b24a85,delivered,2017-08-15 17:07:01,2017-08-15 18:44:28,2017-08-16 20:42:05,2017-08-22 17:30:03,2017-09-06,e640111298500f5006fac7f416d7637f,2017-08-15
42c9a9c778ca94f01517f4abb7e6df31,8fd68cfc0541d32dc20c7a90c0a1a6fd,delivered,2018-06-29 12:10:47,2018-06-29 12:31:22,2018-06-29 14:58:00,2018-07-05 18:49:44,2018-07-24,c898998e5a34f7b854dc34a8b4f5a3cf,2018-06-29
bcdd7ead3db5a78858c07e491d022d21,3349e2ce76a78eb07d3d5e3eaab8e62d,delivered,2017-09-04 14:39:30,2017-09-04 14:55:19,2017-09-06 19:53:12,2017-09-09 14:53:36,2017-09-15,9379341fe9970e4e730fd4de16b0b9eb,2017-09-04
bde296d0d14025c683710f65536878bb,355534ce07f1f5876699b29f5dcc540e,delivered,2018-02-20 17:13:20,2018-02-20 17:30:40,2018-02-22 18:19:06,2018-02-23 21:28:33,2018-03-06,e44802a84d1cd42ec96c13845d28f324,2018-02-20
e3ca9704b9f6ef0eb0c40f669da0d873,2dc39daf68faf88ac4409c3e55ed9a91,delivered,2018-08-18 21:11:34,2018-08-18 21:29:42,2018-08-21 14:13:00,2018-08-23 18:02:48,2018-08-31,459f3320f9d64153e4ba8858d58df4fc,2018-08-18
782c81c8b7e670a75b50ca317ed4f758,d5dd22c4181f4d7b66b308177d74a65d,delivered,2017-07-30 20:51:02,2017-07-30 21:05:18,2017-07-31 19:22:57,2017-08-04 19:11:45,2017-08-22,d28a58a0bcd071bda90f1f0375d18602,2017-07-30
483802a1476e667f12dbac40c707809b,9e2652c3469d9367573a7659b60a44a1,delivered,2018-02-03 17:13:26,2018-02-03 17:30:02,2018-02-05 19:22:30,2018-02-19 21:09:11,2018-03-07,72901472acafbb0d4fc5d59ba4357c40,2018-02-03
241a31d78d0e20975a8e070a4882505a,729dfbf6fa56ed28db8f4ffab3df53bd,delivered,2017-07-12 19:14:25,2017-07-12 19:25:20,2017-07-13 12:29:40,2017-07-20 17:16:01,2017-08-01,4453091656327a85ad7e782679a0135c,2017-07-12
6c6035b5c538935be5381cff46351355,840d738a6f0616378d9a497fd62e812d,delivered,2017-08-08 21:11:59,2017-08-08 21:30:14,2017-08-09 15:47:14,2017-08-17 19:42:34,2017-09-01,63fd77570aaba60f3b4783fc531f5e71,2017-08-08
8a9e16e628ff47d5e3cd022089c9082a,676761aed74e8c2a56f78ea5dfbfedf7,delivered,2017-09-21 01:37:30,2017-09-22 01:44:35,2017-09-26 15:37:58,2017-10-01 16:13:51,2017-10-13,1f677dec307820f316714f9ae7ec13e1,2017-09-21
563cc94852488599d7c665e7f9fb7ab1,c9a80971444e9a7b61d645c6ff00d42a,delivered,2018-05-31 13:13:17,2018-06-01 08:01:56,2018-06-01 13:07:00,2018-06-09 17:18:44,2018-07-19,df15f6ed7c819c41d42884e51284ce18,2018-05-31
ae5c6e1388284e38412e62dd4bdbd966,e1df9d888af96ac730386f4b80ef546f,delivered,2017-07-08 14:21:09,2017-07-08 18:30:19,2017-07-10 15:57:31,2017-07-18 20:33:00,2017-08-11,76332fdd632d3e6192df09c46402c4b7,2017-07-08
8fd68b02e8630a663b13e18acec60712,f46e1689a2c6031af912a19a489a6329,delivered,2018-08-10 09:17:38,2018-08-11 02:55:15,2018-08-13 16:02:00,2018-08-22 13:22:42,2018-08-23,87edab6661956d4d2f05e205251cf1a4,2018-08-10
273ca519104461b29b7e89ebad868563,6c26f84cf2c64b34aabb545b1ce5442b,delivered,2017-09-21 14:24:30,2017-09-21 14:44:44,2017-10-06 17:12:49,2017-10-17 20:11:53,2017-10-23,425f2f28269c677f0e79adf349f62c0e,2017-09-21
bd43715721b5a4825d7cc544b97e5b78,216962229c0e00efdff1693996bb9ecb,delivered,2018-06-28 18:57:52,2018-06-28 19:11:43,2018-06-29 13:28:00,2018-07-03 23:06:48,2018-07-26,2a9ac97120bc92da0e9281129ee45577,2018-06-28
1c9383e11b19c66a7655bf8a31dd0ad3,68aee9718d1e57dfc6fd08c539f5e0fb,delivered,2017-08-24 10:24:06,2017-08-24 10:44:23,2017-08-28 21:55:57,2017-09-04 16:21:19,2017-09-18,3a256582ad7ba09573c9208a4d141c1e,2017-08-24
7a9436be8022293777e4f2619c171b17,b2cbce849410403be11de7f51dc04ac0,delivered,2017-12-06 11:12:32,2017-12-06 12:03:40,2017-12-06 20:23:01,2017-12-19 19:56:43,2018-01-03,7bf5c9596fc39d41078cb46a86b23831,2017-12-06
4e587ca33ad0c0f0ad2e445c30698ed8,6bd9e09f124d408482b182fd9903d5ee,delivered,2018-06-07 13:00:52,2018-06-08 03:13:32,2018-06-11 14:44:00,2018-06-21 21:06:15,2018-07-11,220889fb7abf0ee1ca182302808a7baa,2018-06-07
8431f97a257ec43f34fd13b183d362b9,e4fa6a2fb61edd0f84192b54a26c3b4b,delivered,2018-08-16 13:20:52,2018-08-17 03:15:16,2018-08-17 14:47:00,2018-08-24 18:36:19,2018-09-21,277125a4e4d6b40f9bf6f2d460774b8b,2018-08-16
6990c1d6b6b834c84c9e1799a0824f67,d7bb32bb585899524e965a877d0281a0,delivered,2017-08-17 18:12:44,2017-08-17 18:55:12,2017-08-21 13:07:50,2017-08-25 21:02:48,2017-09-13,9498c849dc489de3c96fcc3ab9933ecd,2017-08-17
c29831d189569aeda9a401509412d8ba,36b7c241d7c541245697882622147c28,delivered,2018-04-13 22:40:44,2018-04-13 22:52:38,2018-04-16 23:52:12,2018-04-26 15:42:54,2018-05-11,c3600ba3d356e33766c3d696bf2f9a87,2018-04-13
8084fb81dfc973b3d492e788bfe45ab7,3b30358d0925561c9abffb926e3ca0e6,delivered,2018-07-09 09:46:03,2018-07-09 10:05:06,2018-07-11 07:05:00,2018-07-12 19:34:50,2018-07-18,5eabb9851f423fa3d729105cfa254173,2018-07-09
decd71d55b8127d489aa78bbe87efe5e,19bc24edf9d888bb0454aa373dbf6a35,delivered,2017-11-05 23:08:19,2017-11-05 23:27:00,2017-11-06 22:25:22,2017-11-14 20:45:09,2017-11-27,51e5603fc75c806835b85d5dfee5ed78,2017-11-05
f1a873fc10e7bd542bcc4198baade2b9,267cfc7a0e7f9e6c70a357bbd0708d7e,delivered,2018-08-06 00:14:08,2018-08-06 00:30:20,2018-08-06 15:13:00,2018-08-08 20:21:31,2018-08-15,28560e4c7a451f72696bb60095930236,2018-08-06
12cbd6fae38a4bd1d77a7596eab0b7e1,70abade22b2c1d02b2d43e5a185d8883,delivered,2018-08-01 11:31:23,2018-08-01 12:43:57,2018-08-15 12:07:00,2018-08-23 15:42:00,2018-09-05,ac6823dc21bd25c852134986a2c437c9,2018-08-01
c81d8c64bac8003aa77329e1e4f078bb,dbb20b9885e70975b890d2406079c881,delivered,2018-07-30 14:04:33,2018-07-30 14:30:41,2018-08-02 12:00:00,2018-08-06 16:38:56,2018-08-08,dc87c41f7e92e1ae4ae489cabda4cd04,2018-07-30
d1922da6bb996e9c76dad9202618a7ca,dab063fedffcd74dc36cab8ce70d7c29,delivered,2017-02-09 16:01:21,2017-02-09 16:25:13,2017-02-20 16:27:38,2017-03-01 08:36:47,2017-03-13,8ef694cefeef6894d4d66ccd03d2a772,2017-02-09
a1011d45b3b442fc2af90299beb134a2,ae506753fec637cb96765560fac2e7e6,delivered,2018-06-10 10:05:52,2018-06-10 10:19:15,2018-06-11 12:14:00,2018-06-19 15:51:53,2018-07-03,4658b26bcea972ed0b86a5f8c61718be,2018-06-10
73fa2decb92126f457f03a38cbb81c24,04b59b5941a73b8bce510973637d9adb,delivered,2018-03-23 01:11:18,2018-03-23 01:27:31,2018-03-24 17:46:33,2018-03-27 20:56:52,2018-04-05,c3ade0c36bc82cf245e778d549b924f6,2018-03-23
07261a56ea5f8537a7bc47d5155d2f40,6778b46615b8624dc299c563ca6811a4,delivered,2017-03-24 14:40:58,2017-03-28 03:50:47,2017-03-28 13:03:10,2017-04-04 17:11:11,2017-04-20,4ab35f739c711caa39bffe9c2422d6c8,2017-03-24
11594a6b4b817fb6cc075700e80def3f,25f1a26f2cd003472ee7fc88e9da8adb,delivered,2017-06-07 11:07:29,2017-06-07 11:15:22,2017-06-07 11:26:16,2017-06-16 15:17:34,2017-07-03,57b5d9f9fa4f1ff41befbfbf0fcbc3ca,2017-06-07
8d99c825b718517c169c33a6c94933ab,2424c00ea6127a5ec31e5141af0df386,delivered,2017-10-18 23:51:56,2017-10-19 23:49:24,2017-10-20 18:22:36,2017-10-31 17:58:03,2017-11-06,619afef63cac796174ed2a8a5ba9a7b1,2017-10-18
70613a4d0fcc3ad95dd80f90a7d05a59,d8dc5b416324594269249da4d51983a6,delivered,2018-04-10 04:29:02,2018-04-10 04:35:14,2018-04-16 18:08:40,2018-04-26 17:38:37,2018-05-02,cbbdb73111a07580278c05841b71e891,2018-04-10
ad77addff836770adc988cb6b4b1d529,3fbf2a71c639926ce379d4c50b475e98,delivered,2018-07-16 18:59:50,2018-07-17 04:15:18,2018-07-19 10:14:00,2018-07-30 16:18:52,2018-08-15,6292dd04a1a6935971f0d352be83d8c0,2018-07-16
014e78d1239f19fdcafd760d3e52f923,bd5dee4ca2945a0ecb54846178944df9,delivered,2018-01-26 10:45:35,2018-01-26 11:01:17,2018-01-29 21:33:48,2018-03-08 23:50:42,2018-02-26,3f5c2f46e425fbdbd5341e0c4a30ff63,2018-01-26
bb43335fe8fbcd3f110fab5491183d02,f7187f0e8b3d357fbd1f146e6da7c105,delivered,2017-02-23 15:40:54,2017-02-23 15:50:14,2017-02-24 11:27:38,2017-03-09 08:54:54,2017-03-24,b43437109e9263e3f075f15b1404062f,2017-02-23
ab2689fb3d9f1cf323c75b49d6a393e8,66138f93472ce2d46ee1e3d7c716a51c,delivered,2018-05-04 15:59:47,2018-05-05 15:55:18,2018-05-08 15:55:00,2018-06-06 09:15:59,2018-06-07,f0f25e4076f56c818856f368f7928ae7,2018-05-04
525533c5eccb7f4665306a7e01783567,c1bb9c658a466e65be53b3c037672a3f,delivered,2018-05-22 17:18:18,2018-05-22 17:37:04,2018-05-23 16:04:00,2018-05-24 13:54:30,2018-05-30,777332651d5e67b9c4684e53f4d1d631,2018-05-22
016726239765c18f66826453f39c64e3,6204061101097bad0b25b3c4fce9ee8d,delivered,2017-06-14 09:16:44,2017-06-14 09:25:09,2017-06-14 13:53:32,2017-06-16 10:11:50,2017-06-30,6724236615afbc343645dacfa693fae0,2017-06-14
aaf899ac4389cbf67485784ac38fce72,cd184331611a657645549cf6670313f0,delivered,2018-05-15 12:57:45,2018-05-15 13:14:40,2018-05-16 14:10:00,2018-05-18 18:52:45,2018-05-24,fef563a3edae5973e455e8536313dd0b,2018-05-15
311f11836437bf8950d50701fb64fcbf,cd600417f3ba94952c8c4114a4f91264,delivered,2018-07-02 21:45:09,2018-07-02 22:10:32,2018-07-04 15:36:00,2018-07-10 17:51:24,2018-07-30,d96c67b47665bbe95e151eeed717b6e5,2018-07-02
9099fbdbf8ce8489a7546442a0881f93,9a7326193749abbeb741641ddc15b222,delivered,2017-07-07 20:17:47,2017-07-08 18:45:13,2017-07-13 20:46:41,2017-07-21 19:52:15,2017-08-04,5335dd92eefefa110060e75463396a20,2017-07-07
4f3e39331cc2ae23851f526e268a8880,255076106ffe1cb62993b4f96aa67e76,delivered,2018-02-26 15:15:43,2018-02-26 15:51:41,2018-02-28 22:12:43,2018-04-10 21:27:24,2018-03-26,1d58387408a543a2eb1d8561965cb0b2,2018-02-26
491d37ca0bc2ccb55fd694266fa55ced,2f83411616db476517e697ce7f40dca4,delivered,2018-08-17 08:56:03,2018-08-17 09:10:15,2018-08-17 13:59:00,2018-08-29 15:46:28,2018-09-24,33cbc3280a7e0b74aee288e7f087773a,2018-08-17
403ce7c187ea2be61ea4f564d3c71688,3bc3f6b21973b0d9ada8987209ea389d,delivered,2018-01-30 11:14:56,2018-01-30 11:50:09,2018-02-02 03:25:00,2018-03-02 20:07:52,2018-03-20,e71621a6618c9176b4907f3ef0644e2d,2018-01-30
f2e62e5ce667ba626a17ef195d775796,47072cf880ed71431fb220f937f63d5b,delivered,2018-05-11 16:07:14,2018-05-11 16:31:38,2018-05-18 14:10:00,2018-06-27 18:04:02,2018-06-04,4bb176788486ddcb78b776113c086b36,2018-05-11
a1fdbe89772721a5d4831504d661b456,16db685686ec2a9a4ff87379b1a1d527,delivered,2017-11-27 11:06:04,2017-11-28 03:47:48,2017-12-01 19:37:07,2017-12-12 19:46:36,2017-12-27,6c4e75f12f5f0a1f95f2ce746272c084,2017-11-27
eeb03ce693fcd06d0f6c65eb4411b9a6,19972794e68d84b6cc2244aab0e913ba,delivered,2018-07-08 22:40:27,2018-07-08 22:55:13,2018-07-12 19:02:00,2018-07-13 21:54:49,2018-07-19,64aa2986144af55eb30336cf4df8025b,2018-07-08
ee0b98b10df9fb4544239f8053418118,b46ec2f0ca57df3f1300fd71d9b3ac50,delivered,2017-11-24 14:17:12,2017-11-24 16:19:02,2017-11-28 21:48:49,2017-12-20 21:54:49,2017-12-27,4b7b262e2df71ca506b83ac178e37e0f,2017-11-24
09859a28d56f326d009da66f7d02e99d,921ea7f6e2a5645d5d1288696ed9c953,delivered,2018-08-06 20:31:45,2018-08-06 20:45:15,2018-08-07 16:53:00,2018-08-13 21:08:36,2018-08-16,a58d75d906619891fbc629049af9a429,2018-08-06
0e0a83454e13440c604b4206420d2a3e,915c7cf80b20bc406bf46baf757fdb40,delivered,2017-11-02 22:21:29,2017-11-02 22:35:24,2017-11-03 20:57:35,2017-11-09 22:07:31,2017-11-29,ad45f980fbeb063f41cbbf20bc3e8399,2017-11-02
68b3b77e74b7ad7bb9d25331580ddcdf,614f4db4fc76b38bf6691690a5c87dcf,delivered,2017-07-03 18:34:19,2017-07-03 18:45:20,2017-07-11 19:45:52,2017-07-21 20:06:23,2017-08-01,3b0bb03a1592b488c3a77d5f6ddc06ac,2017-07-03
7f8d9a73c2b510f9627ac02f1a79c789,0e04a0d0de3a7dd87a6d7a2931525f3b,delivered,2018-08-14 08:27:47,2018-08-20 19:09:57,2018-08-22 08:07:00,2018-08-27 14:54:44,2018-09-03,139093b1c6e7e3108ac0469ce43bfb99,2018-08-14
539fbc059a691c7fa7d239e2d495f60b,16d42879056c9a5d35f92938b5827e67,delivered,2017-10-22 23:02:00,2017-10-22 23:14:26,2017-10-24 12:17:42,2017-10-31 19:19:43,2017-11-13,e286294ec6c43941729ce495e782ef52,2017-10-22
cef6f460d918590e4b8304c2890f58f0,d40f7b913da4a8074642dd44f8d51e33,delivered,2018-01-12 13:55:32,2018-01-12 14:09:02,2018-01-15 18:05:58,2018-01-18 21:04:21,2018-02-02,f23527ba0fc4dde669f46151ca8c9352,2018-01-12
02f6d9982a52e44cf5a2be82598d078d,d8d4839d9fecfbdc1641ecb1b22981ae,delivered,2017-09-16 20:28:28,2017-09-16 21:04:55,2017-09-18 14:02:52,2017-10-04 16:20:20,2017-10-10,0e10cc92279d1da081a4f9869d4fddc4,2017-09-16
ec300e68099785d2f09e65a62be091f1,9ffc74be666b9f5ec60c026a54e06525,delivered,2018-04-18 16:51:33,2018-04-18 17:33:58,2018-04-19 23:23:23,2018-05-04 23:21:22,2018-05-16,3e47025034c5a31cff56168ac0519f1f,2018-04-18
259e299cc556bb5b8d8412cbbc257306,a5b25f37ce6268f32a97f10d565f5f02,delivered,2018-02-28 10:23:04,2018-02-28 10:35:42,2018-03-03 00:16:28,2018-03-12 19:07:04,2018-03-19,eddd75ac066e89f2b533569a96536490,2018-02-28
16e6906345975bd3b9888970d2f2c7b1,0bd74f1b5a443003dd5671bf1eab744b,delivered,2018-08-21 21:50:57,2018-08-21 22:04:27,2018-08-23 07:11:00,2018-08-27 16:22:48,2018-08-31,f93ab2cf61d78046d9e93ab7cb3b5285,2018-08-21
1fd79dd0da723476a2633d9321a59f59,0d1d3910d8dcf00c0a13d5edef504faa,delivered,2018-04-19 17:06:46,2018-04-24 18:53:28,2018-04-24 22:54:45,2018-04-26 22:58:47,2018-05-15,33487182924ebe6674a18046b8d94c4b,2018-04-19
2a2933426794a07b8826c9a59e6d17ed,dd146127504152f9336f1a2ec56c58a0,delivered,2017-12-03 14:02:30,2017-12-03 14:13:31,2017-12-08 18:24:52,2017-12-27 19:52:10,2018-01-02,35571f8188a21f1fc96da8d7f0c271da,2017-12-03
70a75c42b1a46c6a84e3c4ec64edc900,515c493d8f1b823a519394f98cd5db01,delivered,2018-06-25 13:25:46,2018-06-25 13:35:22,2018-06-29 16:05:00,2018-07-04 18:08:28,2018-07-24,d75853773ed8f059ea0bec90ee874b64,2018-06-25
eddaccd03acbce06c3db36e1b9f8cd4b,df7b17258e06ca8120bc29b54ec38cb2,delivered,2018-03-31 17:52:52,2018-04-03 05:08:31,2018-04-03 18:28:34,2018-04-04 20:53:00,2018-04-12,812c63822d11a2c1c88e722078a02c23,2018-03-31
782c4d5c8798575202f65724099caa4b,1c0f65288ca605e8f359d5dc62043aed,delivered,2018-02-25 11:25:49,2018-02-27 03:31:04,2018-02-28 17:43:10,2018-03-11 14:57:30,2018-03-26,279a971f4590c53700a024ad54cf0f08,2018-02-25
3888f8b9abd84378f6f5b862a3ed2da2,8a1adc2c105929d91a4f6dfa371a0827,delivered,2018-04-04 11:01:57,2018-04-04 11:10:15,2018-04-05 23:42:27,2018-04-06 22:14:51,2018-04-20,7b9d5dcb4899a5d6a40c657824131ba2,2018-04-04
60d1bad2dd9051ddf6155fa1965d5c72,1ea43911c7817ae202932454b9016329,delivered,2018-04-21 16:24:10,2018-04-24 18:59:44,2018-04-24 17:17:58,2018-04-30 21:45:43,2018-05-16,e1a14fee551f291b13c131b5c1527745,2018-04-21
d505b1d74b4f7e22869e627c8331338e,45af25aa5613f4db424d4b0b9cdc4a2c,delivered,2018-05-16 09:15:57,2018-05-16 09:33:17,2018-05-16 15:56:00,2018-05-24 12:27:32,2018-06-11,4255da282ea330efb8c5bc902bda9c83,2018-05-16
2cec6c78bc16c3954626e44c56219686,dadbdb7ece837bfb88c93875df963a35,delivered,2018-02-17 09:17:56,2018-02-20 07:15:42,2018-02-20 19:19:07,2018-02-21 21:23:00,2018-03-09,ea1f0ad553ccf36793cdc35965a9f58e,2018-02-17
c4745f711938c643ef4a604576d6289e,16049168e8b673b28d09858c49418c49,delivered,2018-06-10 09:01:00,2018-06-10 10:30:58,2018-06-11 14:50:00,2018-06-14 21:28:31,2018-07-03,da835ae33a13c7c217757a4df91a41a1,2018-06-10
1a6a57642cf324ac86f14bcba484cb32,3e8e7112a59814fe7007bb864f3cd3cb,delivered,2018-05-14 11:24:45,2018-05-14 11:35:24,2018-05-14 13:29:00,2018-05-18 12:49:46,2018-06-05,22f63e1a065edeea0b3c245bae439326,2018-05-14
08ce9cd3e783fce12327d4071e041fc1,21c486a006994b9f9a19f18a9c5c714d,delivered,2018-04-16 22:37:00,2018-04-16 22:50:27,2018-04-20 15:44:20,2018-04-26 22:28:41,2018-05-09,e890062c8472a5d59e3126065e8478d1,2018-04-16
0660b9ab6d1e2653ba4395a095e58cad,77f27aecab797512134865f2631de5e1,delivered,2018-02-27 23:25:30,2018-02-27 23:35:31,2018-03-05 15:39:02,2018-03-20 21:22:05,2018-03-26,e83ce5d16a04eccdf8b688a5f5c55a08,2018-02-27
dee9aa5c49815ac54d9348b7e4899efb,85e281e2ef61679bbc13465be598cd6a,delivered,2017-10-05 21:54:27,2017-10-05 22:07:16,2017-10-10 20:15:19,2017-10-20 17:03:34,2017-11-07,c78b7108f65ae7d735caa9170bcdfe13,2017-10-05
57d494b053f23a8eb4a5428f30758073,186608f18ca3d1976bd9c3b0cf3ceee9,delivered,2018-03-15 13:37:54,2018-03-15 14:49:32,2018-03-16 12:38:41,2018-03-29 15:36:40,2018-04-12,efa086f2b87e8b5e953b6f2175ace237,2018-03-15
a2b98e0d4c46ef327bb78d902bfaf7b3,ff8bccea0f872d28efb3170d1be104a9,delivered,2017-07-08 17:12:00,2017-07-08 17:25:14,2017-07-13 10:57:27,2017-07-21 17:47:49,2017-08-07,18828c946a31502c8b390bec28aceddc,2017-07-08
0a3c7a080b1152884a662e6da68906e7,0a788c899a1caa2d6a12019e8828fa88,delivered,2017-06-16 16:51:28,2017-06-16 17:02:57,2017-06-19 19:19:58,2017-06-26 12:07:56,2017-07-06,b89e8adcd81b4e77d1d67eed240eb456,2017-06-16
e23115216f6b79bda05036f94744a2dd,4bad1bcf3f513d32f24e947e4aa23220,delivered,2017-10-10 20:23:53,2017-10-11 03:14:09,2017-10-25 15:16:41,2017-10-26 21:33:35,2017-10-23,1f28d9764181f4c65e28e21c2450f9ea,2017-10-10
b7b90cbf41450180620d92d36ab7e0c7,9fe0f1e8a4b461fc59cc93ed610e8d8e,delivered,2017-05-21 19:27:09,2017-05-23 03:42:30,2017-05-23 09:55:40,2017-05-30 09:58:07,2017-06-19,34f621d6b7b92ad2d4e895315af716a4,2017-05-21
9fdbbd0977c4f7330b8c2c4aecd30110,8a48e881e1976588ab0b76db90754ed9,delivered,2017-12-07 20:12:59,2017-12-08 11:27:29,2017-12-11 19:10:50,2017-12-28 23:42:42,2018-01-05,6c5ef2ca47b7bf93a4eebaa705c3e2c0,2017-12-07
6685b09627204e7cd04be4b077ad21d6,312543d64e7713e1993cb0f1eb618a22,delivered,2018-02-07 22:03:41,2018-02-07 23:09:52,2018-02-08 20:14:05,2018-02-19 20:22:33,2018-03-13,497543c6a3a99234d606cc4a9fec386b,2018-02-07
cd30b79021e46fbfccaacd57ffbaca5b,1ef52dc13ef0e0f4b614a916cb5b1d0c,delivered,2017-08-12 15:08:08,2017-08-12 15:23:53,2017-08-14 13:38:04,2017-08-16 19:22:07,2017-08-28,27a8d775de22bf3c6e8488b5510792e2,2017-08-12
5c2bbf0c34b51eec1e79c0d7ef81f86b,67695b88e8c2e8705b117d549fa79c26,delivered,2017-05-24 00:48:51,2017-05-25 02:50:15,2017-05-25 11:56:54,2017-05-29 12:48:06,2017-06-26,7295177fabcd2c6e9a4a3bd094a91f50,2017-05-24
afd2be9f021ab713651e41c2eaff1d04,90a652848f2fb8b5707218b4f3bbe494,delivered,2017-06-03 19:43:26,2017-06-03 19:55:13,2017-06-06 17:07:48,2017-06-13 12:39:47,2017-07-03,4fea237eeffecbcf35321e9f081034a6,2017-06-03
cf27a34836d48e933ab56b845c2337a2,19feed19b2084c7a8d30c3157e3c664d,delivered,2017-08-23 12:12:27,2017-08-23 12:55:28,2017-08-28 15:47:42,2017-08-30 20:53:18,2017-09-21,30c0d043b82e9cac959a450524b47c0f,2017-08-23
88596e84592cd67e51c4727732dddde0,0cd47d0f215e41d6ba8bbb5454aa8525,delivered,2018-03-23 13:52:33,2018-03-23 14:15:29,2018-03-26 22:12:09,2018-05-08 20:53:38,2018-04-25,267be302d24a41f6bef3178c38dcc513,2018-03-23
22c65b1b78b59ef00578d7b2b00c01e3,17e8891130965314e2f7e71d6e1c5a0f,delivered,2018-05-24 15:22:39,2018-05-24 15:40:04,2018-05-28 11:37:00,2018-06-05 11:21:50,2018-07-13,4f87fa22c6bdf7f8ed5392f7a0758612,2018-05-24
4faeccf035f43d918905b68a474d4c47,cbff94e105ea931745492355ce3b9558,delivered,2017-12-16 21:07:26,2017-12-16 21:15:23,2017-12-20 00:35:13,2017-12-30 15:09:12,2018-01-15,14b9cac6a5c35bb70b3bd0ff1d5a8c4b,2017-12-16
a9ae9c9183cffc409ca7c544cd109c28,fb8f4bcc1be04e604d59d0e48e7b553c,delivered,2018-05-10 08:44:56,2018-05-10 09:11:40,2018-05-11 13:52:00,2018-05-14 18:30:03,2018-05-21,c2a25dbb23135bf0925bcab77f48aa91,2018-05-10
d44eea28de99a2a7102fc1426d36f4f5,4cb2751f09bc60b867c750f4e655adf5,delivered,2018-03-18 18:28:19,2018-03-18 18:47:29,2018-03-19 23:58:37,2018-03-23 14:04:29,2018-03-29,ed078f238aade4aaca3137f92b0a682e,2018-03-18
26c9c7c372a75607ecbff1e8253f0792,e55074dae89208e6ba1e21cbee03824e,shipped,2018-06-13 18:44:19,2018-06-13 19:01:00,2018-06-14 15:45:00,,2018-07-24,4df2fb3faf5f1af030298a009f92b56a,2018-06-13
e625c854b7283c2fc48fae7f8048ec91,4e14dcf7c059cff380fc10d9b1f29514,delivered,2017-11-29 13:53:37,2017-11-29 14:29:50,2017-11-30 16:58:48,2017-12-28 20:16:41,2017-12-26,48eb91d0bafda6367ab0e34a2d57944f,2017-11-29
e79482cdab6fba3d35fd8293343e5aa7,7764d602fdd5147f4d58d98816abd4eb,delivered,2017-11-10 14:04:18,2017-11-11 03:10:26,2017-11-13 11:38:24,2017-11-22 16:22:54,2017-12-05,2503da86bf7864b55e3c46a60fb188ff,2017-11-10
137e3a7815d41ef63ef508a85ee39cd8,9ba6cdcb39a2e9893df4b9118e468971,delivered,2018-07-26 16:23:01,2018-07-26 16:44:22,2018-07-27 10:38:00,2018-08-01 14:26:37,2018-08-09,f4da405fc0f61e626d70019547d0f74d,2018-07-26
bc250fb00c3c49af75ff964a4d987d6f,e7d86daf277ff8cbd05acaf2de72df59,delivered,2018-08-02 17:14:40,2018-08-02 17:30:23,2018-08-03 16:12:00,2018-08-07 18:36:48,2018-08-09,7089d4f625f4705fae12eaf02c504281,2018-08-02
11c931d6ce4eaf462a90dd1248a767fd,73d3109d331fc1a1ab21f489b3979ef8,delivered,2018-01-24 20:56:37,2018-01-24 21:18:22,2018-01-26 21:49:00,2018-02-22 23:09:15,2018-02-22,adc7533e622049e2314ed25c6df7e95d,2018-01-24
71bb4b0d814139920f939608c9d37685,adbf0c3f16cf7a8694225b8853458877,delivered,2017-08-17 08:58:53,2017-08-18 02:31:03,2017-08-18 12:41:22,2017-09-02 15:29:53,2017-09-19,d1725eec600a742287e0576843723c9e,2017-08-17
52e7908bc4ebbcbe3fb43d86b1c44294,d7c49a8de80f8c3d02e0a129e59e6eef,delivered,2018-03-07 13:53:01,2018-03-07 14:29:42,2018-03-08 20:11:36,2018-03-26 19:22:24,2018-03-26,154ec3f796c016e239bf2b79a1c18368,2018-03-07
abd05c85cdce8b1426ced8f27fb59eb1,bb9b3036f9f6c3c91404880a2a498a88,delivered,2017-11-10 17:57:01,2017-11-10 18:07:58,2017-11-27 16:48:53,2017-12-05 01:47:30,2017-11-30,d6e385d660741227e6e2e80b858dd2cd,2017-11-10
d04e2331c1a87bfcf53605399f6445bc,d48650fa178f65c895446180e44fa3a7,delivered,2017-09-04 17:11:13,2017-09-04 17:24:03,2017-09-06 17:54:59,2017-09-08 21:53:34,2017-09-15,6b88451897a1732390441060cbb92f0a,2017-09-04
2ef78d4b9e33e5bb08a6ccff0771df05,4d1480f88a3426764e5caed4195d8a54,delivered,2018-06-01 12:47:04,2018-06-01 12:55:33,2018-06-04 14:02:00,2018-06-13 22:24:28,2018-07-17,edc77ecde4f20cfbdb248a29ccf0bd38,2018-06-01
2059d0da82b7b8d60f4a609d795bc9ed,65dd4312a8e9a71e8a916a9bbe464120,delivered,2017-09-12 18:35:59,2017-09-12 18:50:13,2017-09-14 17:33:12,2017-10-03 17:21:36,2017-10-10,c90693db95f068eca74e673a8f798041,2017-09-12
4d9466366a6ea93d8bbd504529c9a1cf,2cd9d1e0f927ede9fb48aa760b66fd18,delivered,2017-09-25 21:07:06,2017-09-25 21:24:45,2017-09-27 19:52:14,2017-09-28 14:57:38,2017-10-10,30011e4e813d926bafc3ff4c4ecb31dd,2017-09-25
836d0fa7922a98ebfd757fe914130592,7b5c8f4c68f979af2de83a7eb3331f8b,delivered,2018-01-10 02:05:46,2018-01-10 10:32:02,2018-01-23 00:51:23,2018-01-30 02:06:33,2018-02-05,77ac9bc2583c83ce02f16d7605bf9172,2018-01-10
715b8576b74d53796bcbb107a201eb55,94f61d2e240f16c9307c8d769c409445,delivered,2018-07-18 13:30:45,2018-07-19 15:35:18,2018-07-20 10:16:00,2018-07-21 14:08:33,2018-07-31,1772c0fbee58b154da028487de51b74c,2018-07-18
c64f99013aa55e3d950573bf1a8ede4e,2dfc298c9c63e33b5dd41f0d7fc8cb44,delivered,2017-12-13 23:17:55,2017-12-13 23:30:00,2017-12-15 20:13:25,2017-12-20 20:35:07,2018-01-03,4dbda35a9a203dd0b148a5b4cea29129,2017-12-13
816e9ea5a585767bf637afdfb6d536ed,9629cd856821f7cffff6f6238d5cb5e7,canceled,2017-09-27 20:03:11,,,,2017-10-19,ef48aa70a51a4cf73b4dfc07ea69c77c,2017-09-27
c4e6c7d5fa7585017ea3c7bdaa32a956,bee0caa1c2c4ec9867df20ceef6b5a7e,delivered,2018-04-19 15:08:19,2018-04-19 15:38:29,2018-04-20 19:39:47,2018-05-09 20:26:55,2018-05-17,1ccfde12876df28c319e196c38f0ccde,2018-04-19
0dc47dbdd63f9e034b321b138d0d9092,459146dddf53fdcaefa4c534d73ce47a,delivered,2018-02-19 12:10:03,2018-02-19 12:27:16,2018-02-23 16:16:52,2018-03-14 12:17:04,2018-04-05,d9e4983b99d39c1dd489d3bf6ed7e862,2018-02-19
f979343ab80aa950517b9a9950e516ef,136721aa1970809db8b3f9976da2c317,delivered,2017-05-27 22:55:34,2017-05-27 23:05:19,2017-05-30 07:12:23,2017-06-09 11:52:13,2017-06-23,e28d3bf5a02fc92d400c59b18bb4cef3,2017-05-27
babf90abd65f41b5f2c55c4452048ee2,29a39a2b2d74efc63ad4bcef8073a0b3,delivered,2018-05-07 20:23:58,2018-05-07 20:35:27,2018-05-08 15:26:00,2018-05-14 22:53:26,2018-05-21,9e9fbb1d6cbfdccbd9ed74f223f4e478,2018-05-07
bfd3fb2d31cea2cfad3a43b7bcfe00b0,f562336dee8e854046a3621adf15aeec,delivered,2018-06-20 12:55:25,2018-06-22 03:17:15,2018-06-26 15:01:00,2018-07-03 17:32:20,2018-07-17,0f9941a93a04e7fd3514f5c61aeffc01,2018-06-20
67afac235ed5f057e1112fea45ddfb05,b0e3140d944c0f745ec00954e086c0e2,delivered,2017-10-02 18:11:31,2017-10-02 18:28:17,2017-10-03 18:55:58,2017-10-06 20:39:33,2017-10-18,dbeac4f120de0969893546b39c9726b0,2017-10-02
0cf3d6e83dcc1117999a235fd6dae842,9ef02e0bb31e88a1fde897b4adc31233,delivered,2018-05-28 12:59:14,2018-05-29 03:31:17,2018-05-29 12:40:00,2018-06-11 18:46:20,2018-07-05,abc44d14ce112d264ff9637967e98106,2018-05-28
099c89b21c9d60fe648ec0bbd837bb3e,d734d17e8f83265b2dd1054ca7990b57,delivered,2017-10-02 13:24:23,2017-10-02 13:49:37,2017-10-06 15:33:50,2017-10-09 15:38:19,2017-10-18,149966467edccf72f92260992e235731,2017-10-02
9cded624277b5db2eff76d40cf10f66b,822b106b017e5ae01b0122083c013fcb,delivered,2018-07-18 20:28:23,2018-07-18 21:02:22,2018-07-19 12:17:00,2018-07-20 23:14:44,2018-07-30,0385ae58fa3e1becc2f513ff2aaa97b2,2018-07-18
e1d9e9bb816ce0bdfaf1cd02b96c6d10,050fc780501aa65cce934dc3cb60e9a0,delivered,2017-11-29 14:19:10,2017-11-29 14:34:28,2017-12-06 00:23:20,2017-12-11 19:35:19,2017-12-13,56eb8efb53949c3199aa0bebeb50a162,2017-11-29
843c4657d0e36a64ee5819729168339d,ed0d1253fed97fe35c2ac3c747e76147,delivered,2017-11-03 21:08:04,2017-11-03 21:31:22,2017-11-06 22:24:41,2017-11-27 23:53:01,2017-12-11,0dd8363b55b6c0635a09dd43297e2291,2017-11-03
6ae725cd09f998296a4f043e8b3fde4b,52f82ac5aece199d516920d571167b27,delivered,2017-04-27 08:30:48,2017-04-27 08:42:35,2017-05-02 17:19:38,2017-05-06 08:58:03,2017-05-29,775d8a28040c23de0a923057a2733476,2017-04-27
a0a2b9cdb28eba192410c480bdacc4fb,8ce461860e68eaf6e71c27fe009faac2,delivered,2018-04-05 20:11:00,2018-04-05 20:29:10,2018-04-06 23:41:57,2018-04-11 00:47:29,2018-04-17,91eaacadda50718aa3550d0df29deba3,2018-04-05
e89fc3dc889628e2e8ff060c38ae7781,4db9dd146d2c14365957faeec4ccb797,delivered,2017-06-06 13:27:53,2017-06-06 13:45:42,2017-06-08 15:25:35,2017-06-16 13:03:13,2017-06-29,36023a7f667578e554e3a308c9d17598,2017-06-06
e562621b62675521d241e0a27a1ca900,1a9cd2d193b2d2d3d977d677c7bee0bd,delivered,2017-10-23 01:06:37,2017-10-23 01:14:14,2017-10-23 19:15:42,2017-10-24 16:51:39,2017-11-03,52e05f52b2ccd1945aafaae6ceff7ba1,2017-10-23
443ddf06ec0f23c8bf94bccb583714e2,c8ab96590456234a5973445b7b25555d,delivered,2018-05-03 22:29:29,2018-05-03 22:52:43,2018-05-08 10:15:00,2018-05-10 16:24:57,2018-05-17,9b2831d500aaa0350abe4fd6a1279c95,2018-05-03
9c37d94303e95d233a4608dabc34f802,d5829f079749e461df4192bdb5731e8d,delivered,2018-06-27 19:49:43,2018-06-27 20:11:51,2018-06-28 14:24:00,2018-06-29 21:18:50,2018-07-12,7a419f9cf17024d9fef03ec1cc390312,2018-06-27
d37f1c9ea5fc235b81a0f3051d57b30b,7647d04d8895db7c1bcaafc5459adb98,delivered,2018-02-04 19:41:19,2018-02-05 07:30:21,2018-02-07 01:58:39,2018-03-16 15:14:50,2018-03-02,49bf2476bcd8446a1b33728963072fad,2018-02-04
bd59d6b6646e18c7a1a97a639ff49e0f,04445deee7383ac75ad3026150466867,delivered,2017-12-06 16:08:05,2017-12-06 16:31:10,2017-12-08 13:53:22,2017-12-12 19:26:55,2017-12-22,cea1537ac1a5e083b8626a93f85475cc,2017-12-06
2c6e01c8eed693c9cddbaf86bdd25e31,02bcc64ec51494bf78f5a83c1414a4eb,delivered,2017-08-14 12:19:13,2017-08-14 12:45:22,2017-08-15 17:52:43,2017-08-21 23:15:37,2017-09-05,6be5c93f5181e7b8ad88678963bbbcea,2017-08-14
e1746b01c76d5be983999db3fcd428da,ea47fabe452d49a57899ae39d4133bec,delivered,2018-01-23 15:30:25,2018-01-23 15:38:24,2018-01-24 23:33:04,2018-02-08 05:18:53,2018-02-20,db84d308afd0c46705ccfff8978f563b,2018-01-23
8af844e18cf7ddedd50343fcd0990863,f9a64a6822305f6ef6d94f347af822ae,delivered,2018-03-08 12:49:00,2018-03-08 13:10:30,2018-03-09 19:32:16,2018-03-14 01:08:37,2018-03-20,7ab70b86480a1a38416d9cffa803ba6d,2018-03-08
411cb689d52e7d0468af7071748087b3,1193063ca14a791ac93a7d8426a00338,delivered,2018-04-10 00:31:04,2018-04-10 00:49:49,2018-04-17 21:50:40,2018-05-21 20:13:48,2018-05-04,0fa679e02f7121858fb55245e2fbf8cc,2018-04-10
9f06b4c6de2919821c9ab8d71fcc8ab1,363e8e98cdf4f37226e768da1154b3e2,delivered,2017-12-18 15:24:37,2017-12-20 07:18:11,2017-12-21 17:37:10,2018-01-15 17:08:05,2018-01-22,c0f0c6bb8c09bc41cdc6bc4d3cbb710e,2017-12-18
b0ba32a79f83ef1ae43216095e1c9ab8,b8302eadfd19b0b4f468211664bf18f1,delivered,2017-03-01 22:10:25,2017-03-01 22:25:08,2017-03-03 14:27:57,2017-03-07 17:03:41,2017-03-27,4046dcaec262a138a8d2e0ea01960ee4,2017-03-01
f62c1d95a213688bbeebb149afd3ad14,d7b642a97f26bd8fb05f71512ba0226a,delivered,2018-04-12 10:20:19,2018-04-13 02:11:18,2018-04-13 17:46:30,2018-04-25 21:48:55,2018-05-11,33b1e3d60d978c51b6564b59532167ab,2018-04-12
fed5e295c5412218d84f60a3d09717f4,6751d1c35a37bfc06df3bd73a8abfdd7,delivered,2017-10-13 10:59:41,2017-10-13 11:14:23,2017-10-16 18:05:17,2017-10-19 19:33:21,2017-10-25,30e6832584525af7548c39b006897e34,2017-10-13
9322826079b5b7b78e112e63cb587022,33d6f0d10a699550c63aad5df44372b2,delivered,2017-04-30 19:42:41,2017-04-30 19:55:08,2017-05-05 15:22:37,2017-05-10 12:59:59,2017-05-25,bbd4f49f21d775bb1565bf362d9a7ed4,2017-04-30
99bfc47dfc3eb2c2c11dc296ce126074,f1118c255591c7de6ef583350d10781a,delivered,2018-04-23 18:45:00,2018-04-24 19:05:10,2018-04-25 01:50:29,2018-04-27 19:31:53,2018-05-16,937ba8d1f2e92c9f64fd44e778bcaa3f,2018-04-23
d04405124d1f94b23ab269ee4ca24058,836412a7480f992a78eac1f218ed9846,delivered,2017-10-24 22:25:24,2017-10-26 02:57:14,2017-10-26 19:59:50,2017-10-27 16:12:59,2017-11-17,e4e1f072d31f718baefc30c06b3421e6,2017-10-24
64bd3c2db3673ba37030ccfcbfce8fe3,ab0d603f0c96d5bc3f292d200df9809e,delivered,2018-08-06 09:14:00,2018-08-08 03:15:14,2018-08-15 05:41:00,2018-08-16 19:16:55,2018-08-14,c155f561686b486818a09b0c1e18f7a1,2018-08-06
49e16a61a02330e3982bcb6c57f39377,97f6911fe2581d25cb4d274e436bf266,delivered,2018-06-19 10:21:41,2018-06-19 22:55:39,2018-06-22 14:59:00,2018-06-29 17:28:02,2018-07-20,a30332aa211d54d34eb8990af1739cff,2018-06-19
ff74b64335bd668e3eeea5343cd65f74,5c5f995da84552ce94049b5b1600d037,delivered,2017-07-24 14:12:21,2017-07-25 14:05:26,2017-07-26 14:28:35,2017-08-02 20:04:48,2017-08-17,6b2d9881d4f494c74204b04ac78cb994,2017-07-24
af74613502131dd6a43380df619a57ab,857989fed7e83a38033173b9852ca39c,delivered,2017-06-11 18:18:07,2017-06-11 18:35:12,2017-06-14 15:03:35,2017-06-28 15:05:07,2017-07-17,6668e1ae499e2e9be475b7f708580232,2017-06-11
15044169648e6a6e9b1ffe21405b6391,a95086c7c98e7174f3dadd46b7be7b3e,delivered,2017-11-29 18:05:20,2017-12-01 11:31:55,2017-12-26 17:18:08,2017-12-28 21:18:09,2017-12-26,39a25ffcc4f83a144eff541e56ef7988,2017-11-29
311155a0f4009bd8e4936e0ce45324ae,421d65b7d24e669c0d728b6ad9c0742c,delivered,2017-11-20 18:11:05,2017-11-21 03:46:21,2017-11-21 20:30:01,2017-11-29 15:19:07,2017-12-07,2d1cbd0bb1601913f4744d84c932c64b,2017-11-20
f367411734b07bc2652c4d87e14684c1,3fb4d17e4a2870060d6becf7e248504e,delivered,2018-04-29 21:12:52,2018-04-29 21:35:27,2018-04-30 10:03:00,2018-05-10 22:22:17,2018-05-18,274716ff889674fe3e0ef7aa36cab1f0,2018-04-29
20fb64e954a7483cb8795242e1ead5ce,7229e52ccc0d3ebe188a62df35123f7a,delivered,2018-07-13 14:12:16,2018-07-14 03:04:15,2018-07-16 13:23:00,2018-07-24 19:48:30,2018-08-06,01798446b9d249eb006931079a273601,2018-07-13
4413e915d30cf9e317b0c016f76cdcbc,52f7baf30ea546558b3216fdd25b36c8,delivered,2017-05-11 13:22:02,2017-05-12 02:45:22,2017-05-20 09:15:01,2017-05-24 17:24:50,2017-06-07,bf125c96ccfb2f5e0e7a5334a09d7275,2017-05-11
f40c9a0dfd3542502b65ecac2fcbe501,cc354f07961872d40c151b570ba09e52,delivered,2017-08-15 17:17:53,2017-08-15 18:50:11,2017-08-16 17:25:35,2017-08-22 19:53:02,2017-09-06,1e3ad578dbf526021fdc58020c37a813,2017-08-15
db7f637a76e327e531bc84d186cc4f6a,ac334569be5669338a82dbf924288282,delivered,2018-05-03 08:52:41,2018-05-04 08:52:16,2018-05-07 12:47:00,2018-05-29 22:16:35,2018-06-04,3a2835415d2044aacd694c63bf31e5e8,2018-05-03
66a4fa2d40fed98c34ced62496fdb1e7,b8fc2edd015cea8b8cd1f308c30541fd,delivered,2018-07-29 15:22:47,2018-07-30 18:31:09,2018-07-31 14:52:00,2018-08-01 19:08:51,2018-08-02,dceb2cbd296147f98daab729ec2ec6e3,2018-07-29
2c9b1f7bef0f4fd1ff94ce18f9ddc0bc,df7430050b2e4f6ea2a199eb90bc4d7b,delivered,2018-01-16 17:40:20,2018-01-16 17:50:40,2018-01-17 20:22:04,2018-01-30 19:31:49,2018-02-15,1e60968b7943dbdbe2a7bb3aefd15c4a,2018-01-16
a9b67aa415d798b812b40a140b942486,e25778ef22bc9a95b7b57e0d133ba1af,delivered,2017-11-24 20:40:45,2017-11-24 23:33:58,2017-11-28 20:11:00,2017-12-11 19:42:04,2017-12-20,2e7b9d854bd86de4428c28f43e83a365,2017-11-24
6706f390222e7bc202b12f387ecd6e29,ad5867d5cd9e1efda226a9b6fba182ae,delivered,2017-02-07 13:59:49,2017-02-09 02:50:11,2017-02-10 14:17:49,2017-03-01 09:03:41,2017-03-08,17d985e9775f2e84a22e7725e8d07234,2017-02-07
034e23cd76658cb8d602b1f1e42be7e6,8d8b6ea6bb05c408ebafbe40f2e14021,delivered,2017-11-13 22:24:25,2017-11-13 22:35:27,2017-11-14 14:21:37,2017-11-20 23:48:25,2017-12-01,cc0f37fb9aeed171ee1ab8a8d629cd1d,2017-11-13
a6f21373862ef61c2aba41794c9caf3b,814b41afcb94cb533af057e10587da20,delivered,2018-03-06 13:46:25,2018-03-06 13:55:46,2018-03-07 20:16:33,2018-03-09 21:48:45,2018-03-16,e75338700ec94ad6e634ee7fe05a14b4,2018-03-06
5420abaef4ca382f6916df704a0d54b0,3395c163e2393e3650afccb071973039,delivered,2017-10-02 08:14:29,2017-10-02 08:28:16,2017-10-02 16:52:50,2017-10-06 18:38:58,2017-10-25,586157a98f45171396825a40f6124ce0,2017-10-02
c1b6a4848079f0c2f936c9535c73fb05,2b41d57ae795717911bbde0cc76ceb49,delivered,2018-05-08 09:57:57,2018-05-08 10:16:01,2018-05-09 15:49:00,2018-05-12 14:56:44,2018-05-29,b31ef45c78c0ebf50966a33b6eaaaedb,2018-05-08
1c6df404972aaa1832eabdde60936615,950314649912e547fbad1fe46f7ca854,delivered,2018-02-19 18:24:40,2018-02-19 18:35:35,2018-02-21 18:23:20,2018-02-27 18:27:49,2018-03-12,e0569618ad75b79f0567f4228f7dfd53,2018-02-19
c6d222a38df267553737a56da260cca3,236164dd0ff42848fca581b887c1f6c9,delivered,2017-11-29 17:43:52,2017-11-29 18:30:55,2017-11-30 16:09:14,2017-12-14 17:03:06,2017-12-26,6b21e189551050368fc9b93602f749e2,2017-11-29
a33a09b1320a130c61d1d5d9b8aec5ee,3e05c1ad118dc0a4304a93b6b6012d5c,delivered,2018-07-06 19:08:05,2018-07-07 19:05:47,2018-07-10 15:54:00,2018-07-16 12:24:44,2018-08-08,238b4747ee21575ef870e6c396843bd9,2018-07-06
55d5398213ed7a57e6841a7f436872fd,6a3f54e68ac3455c4522cfed7fc7ed3c,delivered,2017-09-05 22:06:34,2017-09-05 22:15:25,2017-09-06 20:52:38,2017-09-11 23:02:44,2017-09-18,f26e330cdf0c7c8813d7df356689ccd5,2017-09-05
1b2eb899988cdcc0c604910e20a76c5f,f1ac767c61a06ae554888bf690ef0b94,delivered,2018-05-24 22:54:31,2018-05-26 02:32:38,2018-05-30 12:47:00,2018-06-06 18:49:50,2018-06-21,db2de56ee76453756d05a1746cd43fc8,2018-05-24
10ee8dae1859d2e91a79ad35006d3412,614e7c22686bf602b90de7e9e8cbf47a,delivered,2018-08-07 20:06:47,2018-08-08 03:25:18,2018-08-08 10:14:00,2018-08-23 20:45:47,2018-08-29,f0097ead71766e874922dd6add3bfc08,2018-08-07
7cb79316d2abe37e16ec83a07afb2895,f5025a3893cbcdd251b06c0b3f7451da,delivered,2018-03-22 18:08:10,2018-03-22 18:15:31,2018-03-23 18:57:24,2018-05-01 18:41:32,2018-04-13,74b70f040f3977a893ed8646cce8a120,2018-03-22
9ad9270de3bd98ce09213f047dc7a16d,fe12c203c95f0465d6ede6d584c40b81,delivered,2018-04-27 22:15:18,2018-04-28 15:55:14,2018-05-02 16:03:00,2018-05-24 19:38:49,2018-06-01,eec7950fe62e46ef71e38e656f3dac36,2018-04-27
8797dc96576f93204dc46d189f4a724b,1ed42bb6bf6c4a6dc85a7d2a48f209d4,delivered,2017-11-07 18:48:14,2017-11-07 18:55:33,2017-11-08 22:57:23,2017-11-20 18:18:52,2017-12-08,8f04fef2dce91c11e36b75f180161620,2017-11-07
1a46a062d5afa2f9d05faea29d609077,7d9c2f005a0f791c3d68f0051eb5b8cb,invoiced,2018-05-12 15:48:03,2018-05-12 16:11:16,,,2018-06-07,532e19d1c97973ba8860d709a375fa22,2018-05-12
7e50d85d90ed82feaf9011470ce9e36e,42247da546edf5752cf0a3259d18df38,delivered,2018-06-08 23:20:40,2018-06-11 08:58:15,2018-06-13 13:52:00,2018-06-22 19:58:31,2018-07-16,2489c390a6cb1de08e1e8fe45df18ae0,2018-06-08
09026ebcef956ddfbc9af4af7c46d377,7623a517e40b45628d3c89bbce2eb1f4,delivered,2017-09-19 14:01:19,2017-09-19 14:10:50,2017-09-21 15:32:26,2017-10-04 22:55:46,2017-10-10,0b8cdfff31c16993664702e011f530ce,2017-09-19
b544e719948795192f13772cc29b6316,6e6d7fac9ad57830d6627be51ad3b1c9,delivered,2017-11-15 17:43:48,2017-11-15 17:55:34,2017-11-16 20:56:48,2017-11-23 14:39:05,2017-12-05,0beec6de9afad0563ca945f7fe232bed,2017-11-15
d51e56e6a1d66d3b91bf2334a386cd69,4e9f7c472ba693814a2f590db355c0c6,delivered,2018-08-12 21:03:49,2018-08-12 21:15:14,2018-08-23 15:41:00,2018-08-27 13:37:51,2018-09-04,a2d7f3423c7342a8768d8d6762e99f07,2018-08-12
83ef337ab9aec7423050b7ecd0260399,f27aac76508cce8fbeb35feef10de23a,delivered,2018-07-01 13:44:51,2018-07-05 16:05:44,2018-07-10 15:27:00,2018-07-13 20:38:45,2018-07-25,cb03117a6166ed0e881637948b919364,2018-07-01
5ef13293f44c9ba1b12e98237a956679,3c1b792ee531dc8feec4424412320fc2,delivered,2017-12-02 21:37:24,2017-12-02 22:05:06,2017-12-07 15:29:04,2017-12-11 22:14:00,2017-12-29,66aea8261555b403a4b89bf951957c30,2017-12-02
4881a6238632d9b0ffa3d48763aa2b7d,bac16e90b915fdd3cb0a5371bb122bd0,delivered,2017-11-29 15:15:58,2017-11-29 15:42:51,2017-11-30 20:18:50,2017-12-03 20:03:39,2017-12-19,c8b743276cb7ecd127e265d3faaf5e77,2017-11-29
a4575978f0926901f0b481061a24d73e,7912eb3afaedbf090b4dcf04d7457ff1,delivered,2017-09-03 11:49:16,2017-09-03 12:04:00,2017-09-05 21:42:37,2017-09-11 21:36:41,2017-09-26,19ab19d33d1e9bfd3f14121ee71ed9e1,2017-09-03
e9977cc6d0f97447ef0f4fcc2e082fc8,9434d806ad79343f0380e4c9d87453bb,delivered,2017-02-07 10:26:05,2017-02-07 10:43:31,2017-02-15 14:21:10,2017-02-21 14:47:32,2017-03-06,5697fda4932c74e997cd7ed468d3abe0,2017-02-07
4189bed5bcc86231422a2c652cbd66c8,385c7a465ae01748577b050c89106a04,delivered,2018-01-05 16:46:56,2018-01-09 07:17:02,2018-01-10 19:36:08,2018-01-12 22:07:50,2018-01-24,b0615195fe397dab0ed21b38114c8951,2018-01-05
56de0edb4db33436ad3f4548267afdb7,f10dc4a09d9baf2cb4983ac1d580776a,shipped,2017-05-11 18:25:16,2017-05-11 18:35:09,2017-05-12 11:37:17,,2017-05-29,91bf129a333cd817f94a13666286d1c6,2017-05-11
9349a2d01c73ceff09422b184cf0ec61,becd99e96b08ae2bca207c431703956f,delivered,2017-04-20 23:09:14,2017-04-20 23:22:00,2017-04-25 10:49:15,2017-05-02 17:56:36,2017-05-19,0c777ba9a0ee55a9e3f14490958c74a7,2017-04-20
5bcdec60d84d4495d0d90b64a3e81804,6c65bbfd7a67ebafd5b8b3b931c75012,unavailable,2017-12-05 15:25:11,2017-12-06 12:30:39,,,2017-12-28,4eaeee3e4f0aadc733708794360a3571,2017-12-05
f6eb2f9a7f09d846ead6c089f9ffeab7,4e340f33bd4f7924a8e55db96ae4f96f,delivered,2017-09-13 12:03:26,2017-09-14 02:50:42,2017-09-18 19:31:43,2017-09-27 21:53:34,2017-09-29,0ea5a1724a11096ee0154ce1a19ff7f2,2017-09-13
6aeec0cf09e8cd90c75cdd0ece396867,84106b0fd15d17c59d5bd961521b443a,delivered,2017-10-08 22:49:59,2017-10-08 23:13:58,2017-10-16 21:14:55,2017-10-24 16:47:57,2017-11-01,190d1e49534d839d6db2880759d8e40f,2017-10-08
de2fdea1c50dee1cb14d3e71927bf498,cef4fc64d5939bc3f04e00494f2eedcd,delivered,2018-06-15 19:11:28,2018-06-19 04:16:38,2018-06-22 15:44:00,2018-06-28 11:14:52,2018-07-12,d859b6b59f6531ba41fa93e503b21f94,2018-06-15
e6a66a8350bb88497954d37688ab123e,8db09297f613aa7c953b997e92b750db,delivered,2017-04-03 18:59:59,2017-04-03 19:15:11,2017-04-05 17:09:22,2017-04-10 11:12:46,2017-04-25,ab719d1153364ba40df26f5e44c6192a,2017-04-03
a70705507f1747c0201350acad9d1408,fdf40effea31c11e4955889228003faa,processing,2017-12-15 09:16:12,2017-12-15 09:24:30,,,2018-01-04,c1b663ef6272ff98a62943b5ff2bc666,2017-12-15
c87eec6cce9feaa006f84b7154c745cd,a444ac8a7f4353e5218cc4b2040775a8,delivered,2017-11-23 21:52:19,2017-11-23 22:18:27,2017-11-30 21:33:15,2017-12-02 02:36:34,2017-12-07,c35efbe6b172c39f4a3635e07361122e,2017-11-23
760179e92a03be906bbbdabdf9c01273,3dd45f907251d466ae96d3cc124b6bbc,delivered,2018-02-26 09:25:57,2018-02-26 10:10:11,2018-02-27 13:04:20,2018-02-28 13:14:29,2018-03-12,0ee57f62666561b72f2ceacad0230cbf,2018-02-26
ae32ac8eb468647f01858d133a4d4841,e3a36ca914b7c378178482853898137d,delivered,2017-12-16 17:22:15,2017-12-16 17:34:28,2017-12-19 21:25:05,2017-12-21 16:38:58,2018-01-05,1e1c71c9cf3a94782585bf2bdafe4b51,2017-12-16
ddbf66b94fb46c0d9e1eef69973da063,0f68974f7afb781c6ecc21db0db6cbc8,delivered,2018-08-14 21:34:34,2018-08-15 21:25:14,2018-08-16 13:49:00,2018-08-27 19:15:54,2018-08-30,3dc92fbc9d257c1a071177ed6a88e192,2018-08-14
ef1cba939b3e4639c534c42c2617fa9c,111c5f3477e53f51efb1d524e8cb7f20,delivered,2017-02-04 15:51:22,2017-02-04 16:05:12,2017-02-07 15:21:16,2017-02-13 08:14:12,2017-03-01,d03b7b3df2026cd45bcfa7c3e449b1ce,2017-02-04
a738fd689fbc3c0cb1534bd4c0f9db9f,ea62921f15d73a2152d8f37d09c8c1be,delivered,2017-11-16 00:26:50,2017-11-16 00:50:33,2017-11-17 17:22:01,2017-11-23 12:30:00,2017-12-05,8abea240aa98aa623bf8b33682aa689d,2017-11-16
6017d921a03cc5fa25cae72a855914b5,86981014662021d3d35d895bc8dda7c0,delivered,2018-06-14 07:58:05,2018-06-14 08:16:18,2018-06-14 13:35:00,2018-06-21 19:44:33,2018-07-16,3557532709f1626dcfde5a8c90414695,2018-06-14
7068aef0fc98a8ad539101be36ca41cd,58dfdab06b8627a7ae9dba05c3db2738,delivered,2018-01-08 11:55:51,2018-01-09 07:26:18,2018-01-10 12:30:05,2018-01-22 16:41:27,2018-02-06,9924287cfa47b13db94022c8a00e3386,2018-01-08
7769fd866a4a22e50c08f6dcdeb462b7,c33114c421c66c3e2c993bfd3abe17cb,delivered,2017-08-16 22:05:39,2017-08-17 00:05:41,2017-08-23 15:58:00,2017-08-25 20:14:35,2017-09-05,bb244d3c8feb4e0cc573d43168b0bc57,2017-08-16
4efe78f6ef58eecff2dee027fca3a31f,07eaf59cf37435b71d43ff7153438708,delivered,2017-03-22 09:32:13,2017-03-22 09:32:13,2017-03-23 11:14:17,2017-03-29 12:11:02,2017-04-26,9df702938d6a4077c00d78744ff36234,2017-03-22
4eb514337231826065b55177f5f9e267,043af03b39a6275a432ae36c96928a74,delivered,2017-12-05 16:47:25,2017-12-05 16:58:22,2017-12-11 12:32:29,2017-12-18 16:38:43,2017-12-29,255ac312f5ceb97163ec60f0db2eee11,2017-12-05
d33c032d00c773cc76eb9a20732ed4bb,9b27e89e2756f6f1cf8ef6a847c2b49c,delivered,2017-06-27 11:15:39,2017-06-27 12:03:59,2017-06-29 14:37:46,2017-07-18 22:19:32,2017-07-31,9aa6a726a5a56d3e1ad5f25c1e10d5ae,2017-06-27
6df657a95f9bdff5c5c8552e4823d469,3af6b940fdfdee9a59c09e7a78aac4eb,delivered,2017-07-06 21:56:59,2017-07-06 22:05:29,2017-07-20 19:48:44,2017-08-04 23:24:18,2017-08-16,b7cb3a9e0113daf80b914678d7e4ebbb,2017-07-06
667d3f09efc825c4155dbbc820f01666,9d5391410feb280def84a27423d53148,delivered,2017-07-11 21:15:04,2017-07-11 21:50:17,2017-07-12 13:52:43,2017-07-18 20:22:11,2017-08-04,b0c02af0068dfacedfad5290432fb26c,2017-07-11
753356c741c466246c76d087610811e9,08f9f3269295904dd53afc2dbf26f202,delivered,2018-02-14 12:50:18,2018-02-14 13:07:26,2018-02-15 16:42:00,2018-02-28 22:09:00,2018-03-06,8af9bd8e71f8b6960bf42118f8e3b7be,2018-02-14
7bef8f86bcf95a926af423df1bb535c4,efcc714754000a32cf586adddc9fcbe7,delivered,2017-10-11 16:40:26,2017-10-11 16:56:49,2017-10-17 23:45:04,2017-10-20 19:02:34,2017-10-30,9595d986b5aa9bbd6649ac5d7f058f48,2017-10-11
fc6a74f2fe46e7d94471556385398a1d,e6394a417ff7bbaa2578dd8043491b5e,delivered,2018-07-23 19:41:48,2018-07-25 02:55:24,2018-07-25 13:44:00,2018-07-26 18:22:35,2018-08-02,5edad18806aa14fdb3b8521cd4aaf307,2018-07-23
8a5b38ec15fb5bb88a060a17587a2590,089525d394be31397b994bcf92c6b31a,delivered,2017-11-17 19:49:26,2017-11-17 21:15:44,2017-11-21 15:58:40,2017-11-22 21:59:04,2017-11-30,b20a79d27fe8a421efc278c4d6367ea2,2017-11-17
33632083b7cada8ccfafd21c1a324a46,ec65a85f4c557054399874fb69983469,delivered,2018-01-18 16:21:27,2018-01-18 16:42:25,2018-01-19 23:07:16,2018-01-25 18:51:32,2018-02-14,75646ecf72ffbebe8b158b9d54d7e96d,2018-01-18
071f0c6c7702218addddcbef0d46f76a,8bf2f12b614d32de2cb7ac7e1cc2602a,delivered,2018-05-22 22:17:10,2018-05-22 22:38:01,2018-05-25 14:06:00,2018-06-08 19:12:43,2018-06-12,2c7dad312b70cbd6e8d62014afb91d40,2018-05-22
58b13fbfad409587249249f2fcf879e4,1bab4d51a6fdda66f1abdbfcc1c907ae,delivered,2017-08-12 17:44:22,2017-08-13 06:43:50,2017-08-16 20:04:58,2017-09-06 22:59:38,2017-09-14,5c07c76a0441baf85f7e7637079e262c,2017-08-12
1839b1db32d5ea90a7fc3ca19bdd16ad,0026d252429f669d454d726e5e956aa1,shipped,2017-11-09 16:08:41,2017-11-10 20:50:37,2017-11-16 15:18:31,,2017-11-29,6cd042e0832c40d2eebf82b2521a8487,2017-11-09
32171e467d31a017b609c0cb44441ee3,4335747056d15e3adee5aea2c8c411ac,delivered,2017-11-24 23:28:26,2017-11-25 02:18:41,2017-11-28 10:54:24,2017-12-06 19:47:14,2017-12-19,b20b1236b1f304c2774f514808731d0b,2017-11-24
97ef2707f46b7d685e1da2b0c67be7fd,a7569195a2701fd7c2586bb39855966a,delivered,2017-10-10 13:59:48,2017-10-10 14:14:14,2017-10-30 19:34:03,2017-11-01 15:27:21,2017-10-27,977d9ad9d3dd62c012f846fc169142f0,2017-10-10
fba96485cb359053087bb66dc9b5d6f2,2909df1003b1aa5d3a49acb20a776531,delivered,2018-08-02 18:52:55,2018-08-02 19:05:20,2018-08-03 10:03:00,2018-08-09 16:06:41,2018-08-23,37785d41ce5c42aa3e3774e944f6d035,2018-08-02
a67e0ff4ee0edd2ef3973d90080cb0dc,39ee77e2aa7297977cbd1cbc12c912b1,delivered,2018-04-19 08:57:33,2018-04-19 09:09:28,2018-04-19 18:51:02,2018-04-25 01:06:41,2018-05-29,230b7f6050862e4d39911debaa3088ef,2018-04-19
70b14d661add0cbde2c7f5288e5c531b,860ff122a98773fc264f13c61c22564f,delivered,2018-08-16 10:22:14,2018-08-16 10:35:13,2018-08-16 14:02:00,2018-08-21 22:26:39,2018-08-30,61159d186d522e45f8473cdae04f2a35,2018-08-16
7ebb465e553544cd857833f5421c456b,8491928e247c258dc396efde00f2b6ed,delivered,2018-03-16 18:26:02,2018-03-17 02:50:44,2018-03-21 00:48:52,2018-03-29 19:36:50,2018-04-04,47a52e279b31ee2da14bb19d09c0434f,2018-03-16
0cefa8913dd1e629ba0ab5da5ae6bdf8,0f5c8f3aaa4da4fe842ed055aa9fb606,delivered,2018-01-05 09:54:23,2018-01-06 02:08:23,2018-01-08 17:42:46,2018-01-20 12:59:27,2018-02-05,50745e807d72edb1e5f29f0989771a9f,2018-01-05
044c27c9fb6d9b51bba0efa1fd726c97,0b06b92f20cf1c739acdceb0e6f6d937,delivered,2018-04-05 15:25:53,2018-04-05 15:49:23,2018-04-07 01:22:12,2018-04-10 17:51:07,2018-04-25,36903c46142f0d9306077f4ac0bdfc7f,2018-04-05
0828ce181ff4d87d201f07043986d0d2,2d09dfc044031584fc09a6c003c06953,delivered,2018-07-15 15:09:05,2018-07-15 15:23:59,2018-07-16 16:31:00,2018-07-24 23:28:24,2018-08-06,5bf1a29b8a12a67fc3e88a85023aeca4,2018-07-15
f8f7fb9bc13c0bbfaf2eb09493de90d6,c715d45b17b262a858a5ae4c8777b2cf,delivered,2018-04-28 00:37:31,2018-04-28 00:52:03,2018-05-03 14:19:00,2018-06-11 17:51:39,2018-05-18,6e262e7b5f938a9f7d7840b21ee6545e,2018-04-28
b9fdbff1d403555f4d184966b1ac398e,aaeab2e85bf09f0054194d80783a4cbc,delivered,2018-07-31 09:25:39,2018-07-31 10:00:10,2018-08-06 14:22:00,2018-08-07 18:55:09,2018-08-15,54b6018925eb8978e66b7afe03853e87,2018-07-31
960ebed19a1d45c40c1ab0ed4dc03ebc,2eeba831771fb92a3076f148c090cc28,delivered,2017-02-07 17:18:57,2017-02-07 17:30:11,2017-02-10 14:42:51,2017-02-14 09:42:04,2017-03-16,efb48fd4deda76791056f55c6a1e2445,2017-02-07
44815cc7c0caea31d6002373f52bec23,4b5ea9d1e61ab5eba117fd91eb7862b9,delivered,2017-09-15 14:44:26,2017-09-16 10:08:13,2017-09-19 15:13:56,2017-10-04 21:11:04,2017-10-17,4a3fb4e575d9d1d9d2fc18007e0eb9fd,2017-09-15
eb808f17e12419314395e5309b23258b,f797b305ff4fc7689400509ea249468a,delivered,2017-11-23 09:30:42,2017-11-24 03:10:53,2017-11-24 18:38:45,2017-12-01 17:13:45,2017-12-22,14b68d0b81f6680447a944c87295b81b,2017-11-23
2475c5c954f98701b93b7ceb0f5bb669,0ab1722e3f8953ef04ed2b8db98bd0a9,delivered,2017-07-11 23:00:54,2017-07-12 13:50:12,2017-07-18 11:59:48,2017-07-25 22:58:01,2017-08-10,1ee9e5c4b6f552e34fdd8a64d98f56c5,2017-07-11
6439653c88076433f580f0ea995949ba,9d535cfb9c9d4e2d7d8670551ff202db,delivered,2018-07-05 07:31:20,2018-07-06 02:51:02,2018-07-06 09:45:00,2018-07-12 20:47:27,2018-07-26,e396d2695c6f8fd6f121fd4653d7f99b,2018-07-05
ec94c4dc21bffad96b72b0e9fe8cd453,cf0258b51bd81324ef3cdc82b110a15f,delivered,2018-03-27 08:29:45,2018-03-29 03:29:04,2018-03-29 17:27:39,2018-04-13 20:43:35,2018-04-16,ca55031279a8dfc913e8a596a850a790,2018-03-27
0c5ba56a140a9fea3b9815c2a191c47b,ad19729359871232cb5b33a9fabc1793,delivered,2018-04-05 14:42:16,2018-04-05 14:55:12,2018-04-07 00:22:28,2018-04-09 15:47:24,2018-04-20,1ccbff1e079e43f6fab2147eab81a441,2018-04-05
7a490afdd127d5a584b98fd097425124,463b9fa96de25d1686165e7680f64cb7,delivered,2017-06-09 22:59:40,2017-06-09 23:22:38,2017-06-13 09:19:00,2017-06-19 19:25:00,2017-07-04,82cb8c783b1700af07ae77355cc81c70,2017-06-09
6bb75b523d42e4354aa183cdfe82bf43,5015c34573f1333993043de24f477b9b,delivered,2018-02-04 17:52:21,2018-02-04 18:10:01,2018-02-05 18:45:01,2018-02-14 19:47:46,2018-03-08,70e750c49f6d47641efaaf010f906c5d,2018-02-04
fba65f440e70a49fc76b781c48ca3e62,59877a6f1e3fcf62456198ec8659be56,delivered,2018-02-20 13:39:03,2018-02-21 06:25:11,2018-03-06 16:09:19,2018-03-15 22:26:53,2018-03-19,c384543308c9d1e2f67117fc5b483573,2018-02-20
f9d9c91f3bc0804469f897454dcf2a78,299d84d9cf972bb72487b9e76f02eee3,delivered,2017-06-06 17:45:39,2017-06-06 17:55:21,2017-06-08 09:55:41,2017-06-16 15:26:30,2017-07-03,99b026061fefe9ff09cdd0e745a9233e,2017-06-06
2b6e532558903184200ab657802e5ae6,1189440e2928a16f63c04df90266e8b8,delivered,2017-12-06 17:16:11,2017-12-08 14:33:54,2017-12-13 17:09:19,2017-12-19 17:22:39,2018-01-11,f06b8dcbe6c7589b7a2e95bead45142e,2017-12-06
c92ad65cfc1951e1be667976a90d49ea,47a2bef87106c23f53ffa48f65c2c8f4,delivered,2018-04-05 11:23:16,2018-04-05 11:35:28,2018-04-07 01:42:32,2018-04-10 19:48:27,2018-04-27,2767f1bba0529fe3f48378c05ea40f0f,2018-04-05
88c33b2b9b484cba6a371fb39f8b2882,11554b1aa0d4cd1bae90ea1663b0fa85,delivered,2017-09-25 09:25:42,2017-09-26 09:28:20,2017-09-27 19:55:10,2017-10-17 17:33:12,2017-10-23,ae02069049e6831b188b9b55a0e93987,2017-09-25
3dc986f74090ecea9081dc01fc03ddb3,4979ba0e6037e4b28ad9059d4f070001,delivered,2018-04-27 11:44:16,2018-04-27 11:55:14,2018-04-30 06:20:00,2018-05-09 18:30:49,2018-05-28,80768413a59684f1e4c68a4e85feac9d,2018-04-27
230c3aecc2d5f855e6dd4ce8a98ecf13,e6bedd7f7d309f51d01757db6368996f,delivered,2017-07-27 15:38:00,2017-07-27 15:51:05,2017-07-27 21:15:02,2017-07-31 18:51:57,2017-08-17,cfe44a707ebf4a1d8072f98871cf4682,2017-07-27
64c546d3105803846cfcca109d5bef43,e05d4dfb2b9d1274c58369a775fbda1f,delivered,2017-09-01 11:31:50,2017-09-01 11:45:37,2017-09-05 11:50:12,2017-09-08 20:06:45,2017-09-20,fcbe905c8e5d1b308fb4f99d28153d2c,2017-09-01
1c4e52b03bd97ecc8800eaf8c6046cb9,8f779615054237172976338200b04885,delivered,2018-04-17 08:48:50,2018-04-17 09:10:12,2018-04-18 15:53:31,2018-05-02 23:02:35,2018-05-11,bb67511068c61144b3452e224229bcac,2018-04-17
dfa69728337ee9afc8d8cc1da313375a,49a09c48e19fb5d1c5b7e81040d1f3be,delivered,2017-12-07 16:22:44,2017-12-07 17:10:47,2017-12-09 00:07:00,2017-12-12 15:12:42,2017-12-28,d922faa6d4ed6e5b7021a7cce81260c3,2017-12-07
d14e8fee9754d152513407e36b229575,f79477e895bca99203a23f8026931878,delivered,2017-02-16 11:31:51,2017-02-16 15:55:07,2017-02-17 10:27:00,2017-02-22 11:43:57,2017-03-15,c17c88e395ae94896682b08d124c279d,2017-02-16
6112465ce26bd647dea31c662d04cbde,a053b95d32607c31f7a02ddc583b7e49,delivered,2018-03-03 12:04:13,2018-03-03 12:15:42,2018-03-05 19:42:45,2018-03-09 01:49:21,2018-03-22,1eac9ce6105acb661b50aae419fc07ea,2018-03-03
c2d1eb7bbca1e89e1ad0b87e339900ae,8ef3bbc492fed286ba2a1afbc56c008a,delivered,2018-07-06 10:07:51,2018-07-06 10:31:59,2018-07-24 14:43:00,2018-07-27 12:12:45,2018-08-23,dcbe70828d4c87ac1e5cb6dd31f4bf93,2018-07-06
4ee9f75e09a75657760a8f88ee1da3a1,0659855f18f793eb3f890c7c1233ebd8,delivered,2018-06-19 20:11:06,2018-06-19 20:38:29,2018-06-20 13:43:00,2018-06-22 13:22:48,2018-07-16,9b29cc64c6eddbc597f955d9c719b4a2,2018-06-19
65b8cbd6d0ad97befea844cc40817ccb,220a1f1adf2be499250db06cd27d0a1e,delivered,2017-05-10 16:48:50,2017-05-10 17:02:49,2017-05-16 08:54:14,2017-05-22 20:26:17,2017-06-02,fe6ceb39e4c3d9cff52e95de1eb671ad,2017-05-10
033b0e94801f401cd19503fec4b784d6,92e31a98ed57084b5b8d4a0457b12fa1,delivered,2017-09-27 21:49:59,2017-09-27 22:07:09,2017-10-04 18:09:08,2017-10-23 12:27:46,2017-10-31,cef48a040edb9c64c27bc41dbd8c8131,2017-09-27
ad430bc59db52b1f7522b6f19e669bc6,eed07583336a218b34ffa4773126a86b,canceled,2017-03-05 19:39:34,2017-03-05 19:50:09,,,2017-03-27,152e41e668bcc58f2d98dcec34cc5e6f,2017-03-05
dbed8287895d2b87a0e3ae54e1860dbc,a934cd48fb6e90dd20b8179679223cea,delivered,2018-02-03 16:53:40,2018-02-03 17:10:52,2018-02-05 14:38:50,2018-02-15 23:26:37,2018-03-01,7ac64387853d0d536a94cbdc78b5effb,2018-02-03
393e01721bf0c84196ccd4b423b53798,75f17f6f2c43a63ba8fc901bb00ba301,delivered,2018-07-26 19:00:25,2018-07-27 18:55:15,2018-07-31 15:03:00,2018-08-16 11:53:34,2018-08-20,bec5c5e9a338fefb4d02bbd22958fc17,2018-07-26
d1a26dc0c31e929049044b86a868c08e,dacffceb81b6e8ccdc3c7f25a8c20cea,delivered,2018-02-14 13:26:11,2018-02-14 13:47:32,2018-02-15 23:09:24,2018-02-26 18:28:50,2018-03-06,ccac60f32a34ddb32ec83b247c3a68c6,2018-02-14
89cfcb71856f9da1d6657a249ad239b2,1998daeb5df39bd96a9bb8a93c6e53c2,delivered,2018-08-17 19:16:00,2018-08-17 19:30:24,2018-08-20 14:24:00,2018-08-23 23:32:57,2018-08-27,47b9f69142df2477cd6ba07673989ed6,2018-08-17
dcbeca15561110ba65183082829941c9,a8a62f8d8e457bf2668ea328f0988de7,delivered,2018-01-26 20:00:20,2018-01-26 20:13:27,2018-01-30 14:57:16,2018-02-07 18:29:11,2018-02-21,53c5298b8a28733a73ae1cbcbb6bfb9e,2018-01-26
2f9d791088532b218b41f892cc16073b,937bb74713a47912471275b234236764,delivered,2017-01-05 13:48:48,2017-01-07 03:35:21,2017-01-11 16:08:53,2017-01-17 16:57:46,2017-02-13,6222ef69df52b4ed71be551725551cc0,2017-01-05
2d687102eef8e4949a9d2af49e8fa946,4abe7a7bad7763ee9e811d76260afcb0,delivered,2017-11-22 18:55:27,2017-11-24 18:51:44,2017-11-27 22:26:56,2017-12-18 22:53:16,2017-12-14,eb94022e5a851c21f9a8c641f43f1f1f,2017-11-22
1dfbad39bdbdc81e1419b9e1972cff46,3050472410c271b388c03236d0bc6e75,delivered,2018-07-14 16:09:40,2018-07-14 16:23:56,2018-07-17 14:16:00,2018-07-24 14:56:50,2018-08-17,09536dc9877fdd273ff34dffc3a6b973,2018-07-14
507bbf4a13d67d349b2d59fa652271bb,0489234793dcb6cb0dee7336d7d263d5,delivered,2017-04-16 16:59:40,2017-04-16 17:15:08,2017-04-20 08:42:22,2017-05-02 13:39:49,2017-05-08,5f5a3ecf1347403f7b59961ce8520d77,2017-04-16
60e26f1626a2bb07be0ab756309e5d76,273cb8ba22531ac5df93abfca72b9e91,delivered,2018-03-20 23:00:24,2018-03-20 23:10:29,2018-03-22 21:24:54,2018-04-13 18:05:06,2018-04-17,ce0b392d1f86983f80e16941a500bbcc,2018-03-20
6dedf40fe422e8f0ae38641d2ed11f22,3df8e3229e923e35a2216ec28ced8def,delivered,2018-03-05 18:15:23,2018-03-05 18:30:59,2018-03-12 23:02:45,2018-04-20 14:34:48,2018-03-23,bcda0bcfa22066b5ff6a6b334e9e5cb3,2018-03-05
8f4ffb225a704e25511f490b651b6f2e,3966d538af8357574982ae2285464498,delivered,2018-04-04 15:45:06,2018-04-04 16:10:56,2018-04-07 01:05:01,2018-04-10 16:38:42,2018-05-07,d2f98cbf06b1366127b1fb7cecf721d1,2018-04-04
e9d9bbc83efa26a046a8ce46ed30fd9b,93e8542f8b72525ae5209d9b2b4b5c45,delivered,2017-07-03 21:12:04,2017-07-03 21:25:31,2017-07-05 17:54:42,2017-07-15 12:37:57,2017-07-27,dd4ffbff467e932e891bac9784f261d2,2017-07-03
5b44c6f9e0661260464c004450816622,e4da40842c77acf1d600712d8ddff94e,delivered,2017-09-20 09:41:55,2017-09-22 04:10:52,2017-09-22 15:32:53,2017-10-02 20:33:11,2017-10-26,a14dcb24100b7709b3fd1d3a927f3c66,2017-09-20
7af48c3262020f1e61fed763bbe80920,3fceae1db8d9a8ea20c73ebb3348932e,delivered,2018-02-05 16:30:40,2018-02-05 16:52:05,2018-02-07 23:37:12,2018-03-10 12:28:25,2018-03-16,b98bd5ea1963622e6f76c3aa00869862,2018-02-05
a916ef54d66196808d8852471ef39edf,c3e03d1569832dcb3cdfa2ea53369220,delivered,2018-01-24 12:29:19,2018-01-25 02:57:47,2018-01-26 22:38:51,2018-01-31 22:35:41,2018-02-16,539be6473bbe0970149095e1e39b8163,2018-01-24
313b294ba33545e1fb850f2ca29a9c3a,500046bb995c187cdc717c98ea8f82a8,delivered,2017-09-08 17:37:09,2017-09-09 05:23:58,2017-09-11 20:42:58,2017-09-15 20:36:55,2017-09-27,ea8680de0f7830ef58c742faa6ecedda,2017-09-08
93497823840bdd3e28dd14bc07a3c654,22be7bb6addc0126170bce627ac69f56,delivered,2018-06-04 15:14:05,2018-06-04 15:31:30,2018-06-05 12:15:00,2018-06-13 01:38:43,2018-07-12,0e454ee3f9024e5e69558d684bc2effa,2018-06-04
94205d5566885abf3cb4da408bdb1ae9,985b5459eea14ff861542abf5f843f19,delivered,2018-07-14 08:11:55,2018-07-14 08:25:10,2018-07-16 14:51:00,2018-07-26 18:34:40,2018-08-03,c7812cfe537709c2a2dc3bfc30a3cba9,2018-07-14
522cbbbed021f59b773323ed5039ceee,895bbb0f6027aa8b3a841fdb10711dce,delivered,2017-05-31 01:17:48,2017-05-31 01:30:17,2017-05-31 15:38:15,2017-06-14 18:24:55,2017-06-27,c9027dd7aa244d174bd29a92e9e181cf,2017-05-31
ab39f24d0e515ab82f849a72b61597d3,b3f11282669b6cbde664be531d06a46f,delivered,2017-10-16 18:00:07,2017-10-16 18:23:58,2017-10-18 18:27:54,2017-10-19 19:05:37,2017-10-31,6c8dc01cb0a463acab7cb860c167c78a,2017-10-16
6bff2212deea719e5035c70aada2a045,f32ec7decf259ca6b5020bbf07f4bc8c,delivered,2017-05-28 21:33:38,2017-05-30 05:05:19,2017-06-01 14:09:34,2017-06-02 15:06:56,2017-06-09,27c2cd2c1d26903e4a3e001bbe8314e6,2017-05-28
cfcd1b446010715bb44c1babfe225e6e,a94ee852869d015626bae46e38e459ec,delivered,2017-03-16 07:07:43,2017-03-16 07:07:43,2017-03-16 10:34:30,2017-04-11 06:32:26,2017-04-18,c42b9e935256a28bcf4cf95a632f8842,2017-03-16
05bef443b850685058070c9e781988e8,4ff3f3945300d8e040f2906998401e92,delivered,2018-05-30 16:33:11,2018-06-01 10:52:26,2018-06-01 13:54:00,2018-06-26 19:03:40,2018-07-05,a63af578b9678bf77a59f70a96dc3272,2018-05-30
b07914d5df46f9add3a5c708315da507,27001c4612819736a6967d93c88a1c32,delivered,2017-10-29 17:27:58,2017-10-29 17:35:42,2017-11-06 19:41:32,2017-11-14 17:45:09,2017-11-23,6f7869d48a327ec6b4c515ce3767aa84,2017-10-29
0ee10b39b0acad1a8348fe15514a1115,d8c177c235dc5faf09ddd22909bea731,delivered,2017-05-10 19:40:39,2017-05-10 19:50:15,2017-05-12 18:26:05,2017-05-23 13:42:15,2017-06-05,5c4b7aa014e584d78525c38717510f01,2017-05-10
7175aabb77705c82c70d16055bd2a380,8b4538e5765d3fbbaa1dbff97d2f9ef5,delivered,2017-12-14 11:53:21,2017-12-14 12:10:57,2017-12-15 04:09:29,2017-12-19 22:07:14,2018-01-03,f4413b0abc3f43396d1bbb4e1816b6c0,2017-12-14
d4863946c55e209d189f5ee4e420bc9c,88ddedb9f546eb4ac5ab7e2ceceb8cfb,delivered,2018-05-04 10:03:05,2018-05-04 10:15:19,2018-05-07 12:47:00,2018-05-15 23:26:35,2018-06-01,4152fea56b35219901e9a4d163bdb828,2018-05-04
f5234dc943e266dc8922b4870dc9d491,42f75f85ea5abce880a33720e1334d02,delivered,2018-07-02 09:29:17,2018-07-05 16:15:52,2018-07-03 16:52:00,2018-07-04 14:57:44,2018-07-16,e4019dc45b2d51954e9cca5b62c83bb2,2018-07-02
26c71804bc6af868d57e6a409f219bfe,cf5b89fd10a74e325c93aa41bed3bd57,delivered,2018-01-03 13:39:43,2018-01-04 05:11:46,2018-01-05 22:43:00,2018-01-10 17:06:58,2018-01-19,e5c9e7ba2b354b23d0757da227ad336f,2018-01-03
406a5ab51424aef9f3674c18a3060945,be3909804136bf8c69d6f1349168c90e,delivered,2017-06-24 14:17:59,2017-06-24 14:25:17,2017-06-26 16:28:07,2017-06-30 16:44:52,2017-07-31,eecc19b749d3fba1e0b74fe481bbf146,2017-06-24
cabbda9faa21b3ae37ff649c0fec4f55,42ca0dd963baa088426c4dbdbac8b232,delivered,2018-05-09 21:36:13,2018-05-11 03:11:22,2018-05-12 08:02:00,2018-05-23 17:12:24,2018-05-30,f1d17a304309247b030a45ee895e1847,2018-05-09
f93c490f3040a2c005e2f21d86559dc7,15d1ff96168e59165bb5ccf454b44b85,delivered,2018-04-26 20:15:35,2018-04-26 20:31:52,2018-04-27 14:19:00,2018-05-17 13:20:59,2018-05-24,b4fa7b2b8c716cafcd505d8917a3b4be,2018-04-26
10aa1337b3cf0ca3578cc9dee7abd1a1,4572ea73ca62919fcd086a04ddd22f1a,delivered,2018-02-13 21:34:20,2018-02-14 21:30:31,2018-02-15 19:36:24,2018-02-26 16:25:50,2018-03-15,0707117f3ac119a358ab224e7273c6da,2018-02-13
32db4da13d5f0ad10781de19e0973e88,a087f4c8f28a68fda9ee625b34e41b7b,delivered,2017-05-15 11:03:40,2017-05-15 11:15:17,2017-05-17 06:54:57,2017-05-20 08:44:37,2017-05-31,a78c7b5ff0f49c17ed07ba293ee15f59,2017-05-15
9ede3a76d22fdfce4d6be1e75ab3e1a5,c7e36e97f12db1f22a857dd5d6e50215,delivered,2017-06-10 13:07:05,2017-06-10 13:15:16,2017-06-12 15:00:43,2017-06-19 18:36:49,2017-07-07,a4256a04a7078f478e598467d9727225,2017-06-10
5b8b540b5934e4af4790f609af380cf8,a592389ac0ee2443820c52e83b3b43d4,delivered,2018-02-21 12:48:27,2018-02-22 12:48:38,2018-02-24 01:16:54,2018-03-23 16:21:42,2018-03-20,ee17bd1e446411a0282fea8aaff3358c,2018-02-21
29987cf19684b333665b685a76f8dd8e,9d4d495d057fab5a6fa1dd89d432a0cb,delivered,2018-07-09 14:09:25,2018-07-09 14:24:50,2018-07-10 13:45:00,2018-07-23 17:12:41,2018-08-03,00344274804f3b8003de1b0562ae01df,2018-07-09
def90fc6c7d21d34a14af3d6e4d866b6,c8830d8a8312a8b3b74370c4e61202ec,delivered,2018-04-14 13:09:25,2018-04-14 13:31:37,2018-04-17 15:11:40,2018-04-18 15:18:31,2018-05-02,8b433c0e7b7d2a1f1148b4277cc673f8,2018-04-14
bf6d16740d1cb07a4f223b7b367538b2,3d01bd265d1c451414f05045555e0c36,delivered,2018-01-01 13:17:49,2018-01-02 13:13:22,2018-01-04 14:55:16,2018-01-05 17:09:10,2018-01-18,c47774eab137b4909d0051b641d48f1d,2018-01-01
a8a6ba331df6f7b1106abbc30489c428,a2a44c984bec2185bc06c123ec57454f,delivered,2018-04-01 18:33:04,2018-04-01 18:47:52,2018-04-03 18:32:47,2018-05-04 23:13:48,2018-04-30,d7d6084a07809ee2a00e58005e9469dc,2018-04-01
3b5fbf2b705ef6784eceb4cfafb46d4b,8c5f64043ec77ea268cb345a39fb6815,delivered,2018-02-15 17:05:43,2018-02-15 17:27:12,2018-02-16 21:18:49,2018-02-19 13:51:46,2018-03-01,698dfdfff167464e3b853bf781150788,2018-02-15
3ee6e5e6102ff07835f4a20e28caf3c7,0b6b18ebc85a97f659fa13bd9c05be58,delivered,2018-02-20 20:33:39,2018-02-20 20:50:28,2018-02-21 22:22:25,2018-03-14 14:53:24,2018-03-20,041b73559a3c390b8d2e7e6874b4e620,2018-02-20
4c61ad2fcbc718550947fed75a4c0ee5,6e3f3f19276ee854efffc3be36dbc246,delivered,2018-02-14 22:06:11,2018-02-15 00:31:29,2018-02-15 18:46:13,2018-02-23 17:14:07,2018-03-14,ca8a8f33d835d768e8480c755581f2f9,2018-02-14
3a09813d447f4054ac696debe1e6220d,83a087d99ce9ccfbb2a77ba78b165c2d,delivered,2018-03-06 13:14:30,2018-03-06 14:00:21,2018-03-09 16:50:37,2018-03-23 21:09:27,2018-04-13,bc9e47cc8bd57d131b5ad91bb6ad40bd,2018-03-06
c25173539a29a9b22d85fefd55e89a85,4b6c2bd9ec09807a1c830a493dae08f1,delivered,2017-07-11 11:50:22,2017-07-11 12:15:12,2017-07-13 21:54:58,2017-07-19 18:03:41,2017-07-26,a9cbfa23147008f9a779f536022c7f24,2017-07-11
d5355dced21ef64e6f081ec25945fbd6,eadf53307c826970c5d2cdc74d38e918,delivered,2017-08-30 10:56:39,2017-08-30 11:10:14,2017-09-01 15:14:36,2017-09-14 20:27:58,2017-09-26,7e185537477aad2cd84c352033fba3a5,2017-08-30
fe6de2a2f0a13307c3b9718817d14c7c,a2149ebf1a15e45e7b38fd8e2d97c704,delivered,2017-07-09 19:01:26,2017-07-10 21:35:18,2017-07-12 10:16:36,2017-07-20 16:39:57,2017-08-04,619fea5648fc30bc4e23d849fd5c5204,2017-07-09
a29d9c2b5d06b98ba0b5eca57feec6ca,69e280cbcf0da242631472c6e99a9cfe,delivered,2018-06-30 17:24:11,2018-06-30 18:30:18,2018-07-03 11:11:00,2018-07-05 21:38:26,2018-07-24,4f0c8db463d2261888faa81900eb33c1,2018-06-30
d314606b4bdfe800bef60e92196924f7,9129cf8276a56e1c8b1b61ed8cacf484,delivered,2018-01-25 20:02:02,2018-01-27 02:50:30,2018-01-29 19:57:08,2018-02-01 16:22:22,2018-02-09,caa344694fab590ff3748dd831fb78d8,2018-01-25
4a30b23df08e6525271a2b1fdab7cce7,4faaab7241716e18dbd26260667a0d18,delivered,2017-08-21 11:06:39,2017-08-21 11:24:43,2017-08-22 16:50:03,2017-08-25 14:07:32,2017-09-11,77d9dd3288672798bd95405fa55386a6,2017-08-21
3657d83f0ccdda70b89b5ae9e6fdb07c,25c6b9cdce83cd1359c01f00b9b239be,delivered,2018-03-04 01:48:54,2018-03-06 03:35:43,2018-03-07 16:45:22,2018-04-11 21:05:34,2018-03-28,2856f9deb5e2c032f2e27f70b87b8d8f,2018-03-04
7d87d6b3173540d739b15192cc787ae9,736cc29992a1e210cb3342ea2c1282b9,delivered,2018-02-18 18:49:50,2018-02-18 19:50:29,2018-02-19 23:09:56,2018-02-28 17:24:04,2018-03-16,fb29bea9ba7071dbb9e8fafff5fa309c,2018-02-18
10d220b706ebacc99c3de71db8c78105,8f48eefd02f901848aa23e358fda7926,delivered,2018-06-15 15:49:11,2018-06-18 11:42:12,2018-06-18 11:55:00,2018-06-22 18:21:33,2018-08-01,2310b292fda36af9943c3bebfb960d1e,2018-06-15
02754590c907eb40ac34ed9b446970f6,d667ea9696496830a23ff4a8e38db1e3,delivered,2017-08-20 11:09:18,2017-08-22 07:05:17,2017-08-23 17:41:21,2017-09-04 22:33:05,2017-09-25,f224c968e69ed64cf5332f1cd4a3507c,2017-08-20
7a2c8013c9c8e38f617beace0522b596,f4815d23bfceceddafd67f8af6c7577d,delivered,2018-01-19 11:00:44,2018-01-19 11:14:21,2018-01-19 19:12:46,2018-01-23 19:54:36,2018-02-14,21a4ea34876c908b478ae3113488c362,2018-01-19
8040bd2eb4b6e7cfcda94f1ccdcc703d,43d849aaaec5478f91ff9b26406d7808,canceled,2017-05-03 23:23:55,,,,2017-06-07,879cc24d2f7a2dac33d2b95b23a3de05,2017-05-03
a7ee6297799ec44536e8b6bd536818b3,c9c5341ba5df460bd6c68935cd969e41,delivered,2017-06-05 16:34:47,2017-06-05 16:45:13,2017-06-09 11:22:38,2017-06-19 15:45:55,2017-06-28,ec70b6cfa4591fd10dbd4d8d4061a349,2017-06-05
804e5ddab73def7d5e86b8ae6f27e83b,ae9d8bf13681f31ec761764094e6ab95,delivered,2017-06-15 14:51:11,2017-06-17 03:43:54,2017-06-19 20:32:38,2017-06-30 13:12:08,2017-07-20,28d9650a4a5f00fcc716da5ee2460012,2017-06-15
e1320973675a5fc37fab54cb22c582ab,b37ea7f1b8461e3bd4e534a81f126f5a,delivered,2018-07-16 16:56:04,2018-07-16 17:10:12,2018-08-01 12:00:00,2018-08-17 11:54:59,2018-08-07,ab4f9957c5cee6d8b99de10856e13822,2018-07-16
c3a026aa647c5f58bfd25a10d326ec42,70dd390d4cce478ae3b76a877a1f8cd1,delivered,2018-03-05 18:17:01,2018-03-05 18:31:22,2018-03-12 18:16:38,2018-03-20 20:28:34,2018-03-27,a22dc07295cb047e6807c7a5db326219,2018-03-05
f11d3c3e47d8200f86702cb11910c9be,9556bc2752b028dd824ecc090509c508,delivered,2017-12-08 01:23:34,2017-12-08 01:32:50,2017-12-11 17:42:31,2017-12-23 15:52:07,2018-01-03,c892b9c8c0e93ffa414264ba32d6a2c2,2017-12-08
03d9b0241efc2b1690172701f6800f21,b5e467a2fd8bbb9e93feecceae7f4261,delivered,2018-07-01 22:44:13,2018-07-05 16:05:42,2018-07-10 15:16:00,2018-07-13 15:48:41,2018-07-25,15ee07403c7aa3b0e895def363cc4a55,2018-07-01
6e11f5b6972e1b602699867fc1d5b6c9,1675859cc4865cc850f7b7260bff365a,delivered,2018-07-24 09:42:59,2018-07-25 03:04:42,2018-07-26 14:32:00,2018-08-06 12:39:38,2018-08-14,3b3b1305abb17ce0e475af2fbd55d624,2018-07-24
f3ae56eac64675deaceadab284172cb6,068d6956b4f2f9a39cfb807516f55ecb,delivered,2017-11-24 10:35:46,2017-11-24 11:57:29,2017-11-27 18:35:50,2017-11-29 18:22:45,2017-12-08,8423f43e0049483163143ee6950c2cb7,2017-11-24
52695594b593159bad40a8149c06408d,5697d19b6cda5ccc65d6e1f04270756a,delivered,2018-03-10 07:57:30,2018-03-10 08:28:29,2018-03-13 22:38:36,2018-03-29 19:22:04,2018-04-16,1a54516ab1c2f540c1b88e136a2f43f5,2018-03-10
7f98b631c9e830dfaccaff9db636c65d,6d32b6314ca05875af6e8c301942afce,delivered,2017-12-04 23:42:26,2017-12-05 10:30:39,2017-12-08 00:58:03,2017-12-22 19:12:48,2018-01-03,dab944b8d2f9a71429a7c3499429a11c,2017-12-04
6fed53de64adae1f81c93f80f62a7e90,d9b2ad06c6bc33624b15fd1aad224cc0,delivered,2018-01-28 12:54:56,2018-01-30 03:47:22,2018-02-07 00:11:59,2018-02-09 20:17:48,2018-02-23,23f47429f7afd480f23d926525e91762,2018-01-28
f060d1eeb07c0294f897df1ff19d4b99,68ebcac94ae12019a0d4412660f8f1d9,delivered,2018-08-08 18:48:49,2018-08-08 19:04:49,2018-08-10 10:52:00,2018-08-22 15:33:51,2018-09-04,11ce7127e348ee1d9bb75ffef00923dd,2018-08-08
0b8e4fe7f85610340424b314dc68c366,b204afb461c278e57b4d2edb8cc947e9,delivered,2018-08-16 12:07:49,2018-08-18 03:09:31,2018-08-20 08:26:00,2018-08-27 18:52:51,2018-09-04,14563a6aaf36dc1f7c63a9b45415b6b5,2018-08-16
147e9f4682b02a1b8ef314d880654b45,30e6c5b40bde9fd8d765a2545509384b,delivered,2018-04-26 22:47:07,2018-04-26 23:10:13,2018-04-28 07:58:00,2018-05-11 19:50:56,2018-06-08,c30bd181027077342cdb2ad479be817a,2018-04-26
48ac23662de1f4a94e29e7f3452a85d9,093c2d35fa85b871eb936417a82a1ad2,delivered,2017-08-11 14:16:43,2017-08-11 14:30:16,2017-08-14 17:23:56,2017-08-26 15:27:28,2017-09-06,fd65dc867fc1c42c8421fae7fb4eba67,2017-08-11
cb4468949989bffeeb1d3aa03efb25d0,66091413e273b6f33eff38a695392f3f,delivered,2017-11-25 23:25:16,2017-11-25 23:33:42,2017-11-29 20:52:27,2017-12-08 22:28:55,2017-12-27,e28f390e557bb15c8fa9f7cc4bb5b5bd,2017-11-25
82a779af9bebb4de11f9eb1152112f36,8808f125d9add736b425333b8078d0df,delivered,2017-08-12 20:40:18,2017-08-13 20:50:13,2017-08-15 13:16:36,2017-08-16 21:14:49,2017-08-25,daf8072197465eabacb942e6f644585a,2017-08-12
0252299d97791cd5879873cba920d1f7,0ef08c64c1b6a57d81ced188dd485805,delivered,2017-10-20 12:37:34,2017-10-24 03:35:32,2017-10-25 15:45:36,2017-10-31 20:17:36,2017-11-16,54459c8dcc6b3c1e10e8a06652bad423,2017-10-20
b018fec2173b0642a742be5fd3a76683,9dcc9444185f5ada27a85ffa89923137,delivered,2018-02-26 10:59:43,2018-02-26 11:10:38,2018-02-28 18:53:40,2018-03-21 17:42:45,2018-03-23,733bff7e3e0edb2740584c4ecdd4059c,2018-02-26
b236144cf31046f9c15c9f37e9a7382e,56945b46086d075810eb3a3d86bc64d0,delivered,2017-06-30 17:24:26,2017-06-30 17:43:19,2017-07-04 11:26:25,2017-07-11 17:18:38,2017-07-28,1d19186b813298cb339fdf8b125c59ec,2017-06-30
5fbe2b81bb0cd59643b435d2ffcad024,a19fe9f70875f312739724f0ac17fe63,delivered,2017-11-23 09:42:03,2017-11-23 09:56:55,2017-11-24 17:12:09,2017-12-06 18:39:37,2017-12-13,7a8d9c9b6f236d307030614634f9274b,2017-11-23
6e463148b6be7828c383cfb68124dc0e,bc258d3e706ad4072547d5a81d00e6de,delivered,2017-04-05 00:01:51,2017-04-05 00:23:24,2017-04-05 12:22:18,2017-04-08 00:28:43,2017-04-26,b1eebbf219187a4d9f15d147e5b74757,2017-04-05
95a87e0d2cf1cb63b02eba222ceaecc7,b93d757b24d7fe32863f81d69b43f2aa,delivered,2017-06-04 17:04:40,2017-06-04 17:15:10,2017-06-08 12:11:02,2017-06-19 18:48:42,2017-07-07,2b4343622681ecc588d6e9497404e779,2017-06-04
1b211e29b1a6d0431f4f9daff2f2e207,d5fcc29b8b9802010da44e8f873a96d8,delivered,2017-05-23 19:19:18,2017-05-23 19:35:15,2017-05-29 07:37:37,2017-06-07 11:09:48,2017-06-19,d0cfeceb2f85a5934a047a3ed8b38690,2017-05-23
4217849b1ff18a9270fe048eabc4dc45,b64f25449ad728c879f193819537d54c,delivered,2018-05-02 09:59:31,2018-05-02 10:13:59,2018-05-02 15:09:00,2018-05-03 19:45:42,2018-05-16,ce4f5c53597a5a4e50f990e8e7676bd9,2018-05-02
807d573c36fdd71594efae0ca1db554e,b2fd5cda6445986a32221a9a29897f67,delivered,2017-07-20 07:30:51,2017-07-20 07:42:55,2017-07-20 14:49:27,2017-07-29 14:18:55,2017-08-23,996fdddf8cd5bbb99b221fcaf5ba1359,2017-07-20
45d63d388e24d8a9b424cf96c8c25f3c,7eb2555fddff9cb3ef0bc2ce2c64f945,shipped,2017-05-31 15:15:19,2017-05-31 15:30:20,2017-06-05 14:18:07,,2017-07-04,a9d8744833cf1b0851a88057fcd56078,2017-05-31
a998ec4b6a17e44f5fc86f4d0c8d734b,3b58d1afde0f2bf6745494bda8fd0c7d,delivered,2018-07-18 18:13:46,2018-07-18 18:25:25,2018-07-20 15:12:00,2018-07-26 18:04:43,2018-08-06,35510879ba54fa9a954e79e761139c2b,2018-07-18
d29d63928559ca53630a4e064a42381a,1c6a3211e5215fb2cbc2f392b76fb37b,delivered,2017-03-27 11:33:36,2017-03-28 06:42:28,2017-03-28 15:10:04,2017-04-10 13:41:45,2017-05-05,9cf0a9cf35d5ed633529687cf5a97c17,2017-03-27
ce76ba808390da98cbfd753c07545bfd,d6437cc930ef10527a2122c67d79e030,delivered,2017-09-12 19:10:06,2017-09-12 19:24:28,2017-09-13 20:27:56,2017-09-26 16:15:12,2017-10-05,cf9723959a7c6638b3bfe7352376d307,2017-09-12
5f4c7549b7a52062dbf797ca9344bd54,a7713e4efe4e926b8b69cf9789d8b3ad,delivered,2017-12-12 12:11:58,2017-12-13 02:36:32,2017-12-15 18:13:36,2018-01-09 19:58:37,2018-01-05,cc06bf1646c799223d5e13807aaf500a,2017-12-12
a4b19ba687d68b54e5598956990afa98,9cc508ab838e2303299fe5c9d97a2704,delivered,2018-02-14 17:48:51,2018-02-15 17:46:38,2018-02-20 00:42:57,2018-02-23 11:27:32,2018-03-13,e4787ce91345e0da5002acfe07c0a8f3,2018-02-14
14ef2221cc3570aa6ce512fc353529b3,c319e614bd117152d6919546633c9cc4,delivered,2018-02-09 09:27:56,2018-02-22 11:15:51,2018-02-24 02:53:01,2018-03-03 16:49:00,2018-03-07,d976eba1bfc27a22c5ce89e23a000367,2018-02-09
5d2c4a0034dd6d5c152e987ff624efde,3b651f3b55ce1052fca3aee0ec589f30,delivered,2017-06-16 23:45:26,2017-06-17 00:44:25,2017-06-19 21:05:57,2017-06-23 13:09:20,2017-06-29,52bda3b03f41bf637f5f0be62521f292,2017-06-16
6018f6695e8318eab8f064a5700cb59a,1ef69a7f4445baa723f6fbae3227f4ee,delivered,2018-04-25 22:01:02,2018-04-25 22:10:27,2018-04-26 15:23:00,2018-04-30 21:22:33,2018-05-14,09da3efea7f5ac0b094ea9c0106472bc,2018-04-25
873b10344643e4206c7f04cd54a1fa72,f0cf70a2084f0fbe22266290b424ba21,delivered,2017-10-16 14:43:32,2017-10-17 04:14:49,2017-10-24 21:33:46,2017-11-08 19:28:48,2017-11-14,3a483ec87e7ce44accd53f7b1fc68659,2017-10-16
e2bacfc6a86c742ba0f3a6e1f9df13dd,ea2f8b242e71b6092164b760e3adfa11,processing,2018-01-22 10:41:08,2018-01-24 02:39:34,,,2018-02-14,2ad941ebd860b3713489586ea3d3b719,2018-01-22
dca63e525f9401c2d75b39006727511b,39532dc2af2baa5bd9140a31c5c66e98,delivered,2017-06-11 15:05:57,2017-06-11 15:15:16,2017-06-16 13:33:06,2017-07-24 17:17:38,2017-07-13,5bf62dde3184c792f5b6ca13a7aa746a,2017-06-11
0c4c42e7e040dc423699b1d019b684e1,595a27292ecd8550ade73b5a81236879,delivered,2017-11-30 20:18:49,2017-12-02 02:52:18,2017-12-07 23:12:17,2017-12-22 22:48:38,2017-12-29,cb047863e4daa09d7dc29e8f99effaa7,2017-11-30
a56500b8683714e5010696513abcd267,7b7e5711bfaa0c6b06bc6328453fae8b,delivered,2018-08-13 17:45:12,2018-08-13 17:55:12,2018-08-24 11:18:00,2018-08-29 17:37:47,2018-09-14,1564b1f6276f1ceea293600222a947ab,2018-08-13
ce1ff35e9ab20defb53717b8d56643cd,8aa88312c488118f07c808bfaa821483,delivered,2017-09-07 13:35:54,2017-09-07 13:50:17,2017-09-08 19:41:20,2017-09-21 11:07:48,2017-10-05,a9c65462db67077a690e36c862c81e24,2017-09-07
81fc6e842f84e86ce89b0f2e120e04cb,09fce00dbd0b6ac2ed1518c936c26527,delivered,2018-04-15 22:49:38,2018-04-15 23:09:51,2018-04-16 18:28:34,2018-04-20 19:11:39,2018-05-14,ad7b16fb5d5f83db58c65bd87ea3d3cc,2018-04-15
7bd4e2449b48b17c96f04de5349e06bf,bd4748b76931c03cf64232054040655b,delivered,2017-05-11 10:36:25,2017-05-11 10:45:15,2017-05-11 11:41:29,2017-05-17 11:04:22,2017-05-19,9acbca23d5c25182fc93de443e170295,2017-05-11
fef88a82df9affd47bdc67a4c8bbe4b2,bc6b9c888681765f177cacee35b6157d,delivered,2018-02-13 22:20:34,2018-02-13 22:35:25,2018-02-15 16:35:49,2018-03-01 23:36:41,2018-03-12,6a326f2cc3adfd1a93e2e033530c653a,2018-02-13
7226f4ceb664d56167de4b60aaecc01a,41d70a2081e8c114ff1b6a2e2af57737,delivered,2018-01-07 11:57:58,2018-01-07 12:08:24,2018-01-09 17:53:06,2018-01-12 22:28:44,2018-01-31,1177ca9cc49e2b6cef282e0a3f7e6ea7,2018-01-07
b360ccfc12c52d2fd6d1ab057e433de6,2360d17aa765e5e8b9e683dbd1f4ef89,delivered,2018-04-08 21:30:19,2018-04-08 21:49:37,2018-04-11 20:26:34,2018-04-13 21:10:39,2018-04-27,6f15aaa0c60624c29603fc02fe85c474,2018-04-08
eeeef97bf3c86c4a53f1cf963efca5f1,efe7268671626ef54c866f7be8553717,delivered,2017-07-05 00:51:58,2017-07-05 17:38:08,2017-07-06 17:34:42,2017-07-25 19:04:39,2017-08-08,105c24b5a1b794caa603efdcdd849a39,2017-07-05
06db57a9e774a7fbdb7c8ee188baef65,54ba530ce202f1554612132ba1d8b42a,delivered,2017-10-17 14:02:53,2017-10-17 14:14:37,2017-10-18 18:38:50,2017-10-24 17:07:58,2017-11-09,c28da029cfcc1117ea1deacd89eb66cb,2017-10-17
fe20c1f331dc2b7bbc86836d6b6259db,05fd588b0794938274d5d0d605021a28,delivered,2018-01-16 10:01:54,2018-01-16 10:13:28,2018-01-16 18:13:11,2018-01-23 15:42:45,2018-02-09,da64b9117efdb161bfb197a38183efbe,2018-01-16
e1abbcb492d0aaa646e6019be0c1934e,5b0002be89ca4f534337a7e7a876138c,delivered,2018-02-04 14:53:52,2018-02-06 04:32:10,2018-02-08 21:36:01,2018-02-14 19:42:07,2018-02-21,a66042aadf203bb4e67650d354c75093,2018-02-04
7f4980f2f2a103ba40fe45341a490ff5,2a6654d9b0abcfdec88a4c0f58b169a9,delivered,2018-03-19 21:19:14,2018-03-20 03:28:51,2018-03-22 20:46:47,2018-03-28 12:29:45,2018-04-12,9db4336dc253a0e69dc1497133f5fd4a,2018-03-19
f7e0a0ee22f80001cc0e9e7f0b906890,72497daddd289ecfc6ea0c12c61d3c26,delivered,2017-05-20 00:04:17,2017-05-20 01:15:12,2017-05-24 10:37:35,2017-05-31 11:26:49,2017-06-13,6e1550b8966f327f29bc06b18972dbec,2017-05-20
7f0b205d7947a456c8f352a33c78c2c1,550f4986af1d76c2432a0cd38a7242ac,delivered,2017-06-02 20:02:31,2017-06-02 20:10:10,2017-06-26 12:43:00,2017-07-11 18:16:53,2017-07-24,964f3820c7712d35e342ef94a2ec914c,2017-06-02
6647dee3862547714250f0c6e40b51a0,ef7d14a8b9f97073b747a5434e4cf7f0,delivered,2017-07-19 20:49:51,2017-07-19 21:05:16,2017-07-21 19:51:56,2017-08-01 21:23:38,2017-08-10,b0ca4cf238268802e4dbf0745d9405ad,2017-07-19
1619ac7c95b1d3968cc98be483959b2c,f3e70dbef3c069f99b47ef74148d6d58,delivered,2017-04-15 15:14:09,2017-04-15 15:25:08,2017-04-20 07:39:25,2017-05-02 12:11:03,2017-05-15,edaf10f5aa825cb0f5fb2c0e56c45891,2017-04-15
7a5d02d36c3933952297e3c01daa2e20,22acd7ce3bf3fbaca5f099905149e918,delivered,2018-03-09 15:30:03,2018-03-09 16:10:02,2018-03-12 23:14:46,2018-03-21 16:58:58,2018-04-17,6593821601ab320cdb038902fb546307,2018-03-09
800f40af9296b3b1cc4b669c08d68e81,2106ac68f2d649d3deca73e5c613881e,delivered,2018-06-11 23:20:12,2018-06-11 23:35:52,2018-06-12 12:02:00,2018-06-13 19:49:41,2018-06-28,09c8e6d62d590a5a5fab94418b2d651a,2018-06-11
a75f828f8272cec810f1fc3ec8e88964,bfcb0d2ee3b62041a02adbd550acd095,delivered,2018-02-15 20:32:44,2018-02-15 20:46:45,2018-02-16 19:28:49,2018-03-26 19:28:24,2018-03-09,b7bbbf109a30bd71170562aaeeed3666,2018-02-15
a1af1d0338e14f7d900db898b5688c97,3c0f690c8e83b76f461fcc7ca70870ec,delivered,2018-01-30 23:59:43,2018-01-31 01:20:31,2018-02-01 22:36:36,2018-02-14 23:29:05,2018-02-22,3fb69c9b0644f40f55168ca72a7b01e3,2018-01-30
848a8ddc7852a84bc58017be865b58f4,1b61e763668c00af8338b7dc23732fa7,delivered,2017-10-11 19:12:21,2017-10-11 19:28:13,2017-10-16 22:33:41,2017-10-20 23:29:36,2017-11-08,c718e993210396d8f23bf54ba3050ce4,2017-10-11
5919e9d15d8693529eecf3b5fcdc7327,2adcd0cb75d5ed29a3358dc2c56e6d12,delivered,2018-05-27 11:55:26,2018-05-27 12:16:51,2018-06-04 07:12:00,2018-06-12 23:44:49,2018-07-13,460d6db2997a977ff628fa0d50fd603a,2018-05-27
4c4e46efe9ab903ef5c07c9ed3f1e8a5,b9d1a42366ca3e231229b9eb192dd949,delivered,2017-08-16 21:42:52,2017-08-17 17:30:23,2017-08-22 20:33:10,2017-08-28 21:17:51,2017-09-05,4acdb15607621a5f7358403a0322e5e7,2017-08-16
0ff95576cbc4bec34c722c80b81a25fd,daeb3e3550182319f10031cedb5a8662,delivered,2018-05-07 18:02:00,2018-05-07 18:34:41,2018-05-09 15:04:00,2018-05-15 20:07:05,2018-05-23,bb78f0f97a57028a1078e1d1664748c1,2018-05-07
93c876d3232e6a2353011f181e7f3c40,a3d2aebb19110db6d233642344452394,delivered,2018-04-05 15:10:04,2018-04-05 15:29:29,2018-04-06 23:41:10,2018-04-10 15:10:00,2018-04-30,7ed8bcc45048991bb58d2ede05150746,2018-04-05
d7bf53fc0c235f32fd61f11e6cc99a2a,bd63d147fd1e90cacffad1fe807d8911,delivered,2018-01-16 21:39:46,2018-01-19 12:34:05,2018-01-23 11:18:00,2018-01-31 19:13:10,2018-02-14,2c6a91479a7dc00d8c9d650d8dee88ca,2018-01-16
66ece7c73f4550ac89c08ffa53e85dc2,0b0cbf731fd9ea622226fc2d1fee5164,delivered,2018-07-18 10:42:13,2018-07-20 04:50:20,2018-07-25 14:08:00,2018-07-31 20:32:34,2018-08-03,81f8131972ee35951154d9c0958c8986,2018-07-18
b4ce0b4c7e26857f771d381adf9bb7de,797e5e1c5bd70efa9f1505dc76b8cd56,delivered,2018-03-11 18:50:35,2018-03-11 19:08:03,2018-03-12 18:21:52,2018-03-31 16:51:21,2018-04-05,8876dc4a50078bf97bd8fd4a3a0b56f0,2018-03-11
4e374e4dfd548826be217c8b81aeb432,7ac74a5d1a7e2ab6a4a419460eee6da8,delivered,2018-04-10 09:24:49,2018-04-10 09:50:59,2018-04-10 19:18:48,2018-04-30 12:58:54,2018-05-07,7c14151d248f89dba7b5e4356e505515,2018-04-10
dec3400e8c6d58f72b67b5cc12706458,b19bae666b5f5ac5a30bb5a3107fdc54,delivered,2017-11-30 17:08:59,2017-11-30 18:38:06,2017-12-01 22:15:10,2017-12-04 22:18:51,2017-12-18,0f0692335c7742aeaa35bc714c812659,2017-11-30
fa77b4aa91c0a9f2bc533e0dc380d9c2,cb86c612ac1227e3ad9bdf3ee9503d7a,delivered,2018-08-04 00:28:48,2018-08-04 00:45:12,2018-08-06 11:04:00,2018-08-10 19:07:44,2018-08-29,19c476e5937deb6adc3240137af8f786,2018-08-04
2955100a3a62bfef50d22b0cbe150f0d,cc8b6bf7c757e83ddfcbb9016f9261b9,delivered,2017-07-16 09:21:47,2017-07-16 09:30:11,2017-07-17 21:46:47,2017-07-18 17:47:28,2017-07-28,714b82af6d4618c17918159fb710789d,2017-07-16
1dc91db5eff6504549002a149b7a031e,a1b148ebcc27c66a3a2d7508c94be5ea,delivered,2017-09-08 10:09:43,2017-09-08 10:24:23,2017-09-27 13:16:05,2017-10-04 17:53:03,2017-10-06,77b10b35bfbd93f66791b7be53346370,2017-09-08
f3a09e33cafe9e30a8c3f9c8b6b2416d,77a1696a32f38fb5e2992da68122e813,delivered,2017-12-06 22:28:12,2017-12-06 22:38:27,2017-12-08 01:12:40,2017-12-13 19:14:53,2018-01-03,9e77b88193d0da6a24156c12b698ade3,2017-12-06
db72d4b9dccc8768cb8691e888ae7f5f,28754e043ab5bf0dc60318d4f82177c0,delivered,2018-03-04 11:22:43,2018-03-04 11:30:43,2018-03-07 22:07:05,2018-05-14 17:08:54,2018-04-09,9ee103207bfa27a878d9ab990488b759,2018-03-04
527f95bc978265984802f8ef4ed9dd51,19164000c4f2f70911bb28eb4b20325a,delivered,2017-07-04 22:39:18,2017-07-05 17:41:56,2017-07-07 13:55:42,2017-07-10 11:47:53,2017-07-17,2b91bb4588971e47d6555d038dcbc192,2017-07-04
6248558af11709756b658f25195656ce,f8e7c51f77db399c0ef8faa310c26bef,delivered,2018-06-23 18:05:23,2018-06-23 18:18:57,2018-06-25 14:31:00,2018-07-02 22:42:44,2018-07-20,76065efefed5933122d76cfc88e49cdc,2018-06-23
924749e077350dcf416cfeaee379a61d,9c53439df4666c07719ff23540e82407,delivered,2017-12-12 12:50:48,2017-12-12 13:10:50,2017-12-14 18:26:54,2017-12-22 18:17:57,2018-01-05,33ebb8a9c3f04a299fa41b5447152cc0,2017-12-12
610550e46b3a0a7f45723db57f2170f3,e0f7ea03af580988965ba67f0e2f9ef0,delivered,2017-10-20 23:07:30,2017-10-20 23:25:44,2017-10-24 18:55:06,2017-10-27 19:04:54,2017-11-14,d5293c0cc23775353a88330b97e1bc6e,2017-10-20
a2908f88f2dcd20c02cca686aa5debda,a87399449477ec0d8884f0d575db8c44,delivered,2018-07-16 13:42:27,2018-07-16 15:05:22,2018-07-17 14:49:00,2018-07-20 21:52:32,2018-08-06,5480c1b07638ef460e2d02fc2e8a3bf9,2018-07-16
839bec66b5e8a01223b48fdcd7499682,33e0028c345f1fe28d2d12fffcf8539b,delivered,2018-08-08 15:11:39,2018-08-08 15:25:15,2018-08-13 14:43:00,2018-08-23 19:21:12,2018-08-21,2d3b554f12f5d020dc14fdd4857515d2,2018-08-08
97dcaf1261b71f6b774088bdd79c7890,693e593b3569223611d5a4d3cd442a86,delivered,2017-03-26 12:03:51,2017-03-26 13:05:40,2017-03-27 16:05:19,2017-04-08 00:54:47,2017-04-18,4ba022d377a63d6c0f63920a845b0960,2017-03-26
c7da51b752a41bf0fc419eb6b929b582,e1655c7d605b0ed5ec8fc10043ef3076,canceled,2018-07-04 13:11:55,2018-07-05 16:35:10,,,2018-07-23,4b8096486405b8edbf0af122f4cfd283,2018-07-04
39df1de47e267f7b0ab662c18a428319,767f8e8f093ad7f1f65561d69e39a3b5,delivered,2017-11-21 19:58:08,2017-11-22 03:20:29,2017-11-23 22:17:01,2017-12-08 14:57:31,2017-12-12,8fdf68f35964ea44bf5b3b4316ef5f64,2017-11-21
0620816b111616c1a7c0e03f8929bc4a,582af08f73e4b20bd0588b19280e87c1,delivered,2017-07-22 01:48:39,2017-07-23 01:55:12,2017-07-26 00:49:52,2017-07-31 18:14:10,2017-08-09,4f53265bfce2fdff3352fd0a0aab5b56,2017-07-22
3dd70a36f5f41e56af19f4948fdc0745,cac55ff10981d6526f8745b3b2061ea5,delivered,2018-01-08 20:42:55,2018-01-08 20:51:23,2018-01-10 00:29:00,2018-01-12 23:25:26,2018-01-31,032ff47a960cc0d8b45d16e35b703a51,2018-01-08
044b08f176981f660b98a85c559ad57d,de50f74e6eaf84cfbf83ee0c30ff3575,delivered,2018-07-18 18:43:04,2018-07-18 18:55:20,2018-07-19 11:50:00,2018-07-24 21:18:37,2018-08-01,f5101c2ff9596c3c64b380f83c4244df,2018-07-18
055e121a8cefa5494be46fea4bd4f3ab,1b9aa90d016ad2968af5de5ec7cf0d64,delivered,2017-05-24 12:59:32,2017-05-24 13:10:17,2017-05-27 01:54:37,2017-07-14 12:12:40,2017-06-19,e2fd4c6781935ad89e8781943f266cfd,2017-05-24
ddad987b1ab585281640b4b7e7261ede,bcb6f8f3a9e7a98accac27e694a52d00,delivered,2018-01-22 12:22:39,2018-01-22 14:53:42,2018-01-23 22:28:37,2018-02-07 19:22:19,2018-02-21,64c6e555131fe9cdb286bf6baba3ee89,2018-01-22
a2f7c5e2ecae30b202480a7aff91ab32,e03bd019378c1ad37fbd3c41bfcd23d7,delivered,2017-10-31 21:29:34,2017-10-31 21:50:46,2017-11-01 20:03:58,2017-11-10 16:36:38,2017-11-27,caecf8b638211afc43889ba94a978a3f,2017-10-31
351c15bef09303939e36600fe668b5fd,19eb39e6ed9026791878172c4a694dba,delivered,2017-11-21 11:59:53,2017-11-21 12:10:49,2017-11-24 17:59:14,2017-12-08 01:05:38,2017-12-21,05ccf48d62388b60b669b482762ab6f9,2017-11-21
6f5e589af963263dc343906250c323ce,15e2c54d007482bc098449b458ad86fa,delivered,2018-01-15 10:43:41,2018-01-15 10:57:30,2018-01-17 18:56:42,2018-01-19 13:43:39,2018-01-30,7d9f6bcbdcf41cd30ef4691f011c5cac,2018-01-15
63dbe0c8e63e5f1b4deec09d4f044a7f,7bb5a75d4a412872fa774b56e05d0c38,delivered,2017-11-27 20:01:56,2017-11-27 20:19:11,2017-11-28 20:10:57,2017-12-12 18:43:32,2017-12-29,3fb3392ad1e29e9f1b7a9d0a4db7040b,2017-11-27
0f3f4f23f10a3e4eff47b8d541ae60a7,235bcfa9fa0afbb8655bd099ae31674d,delivered,2018-04-06 18:55:18,2018-04-06 19:09:20,2018-04-10 00:22:44,2018-04-20 23:58:34,2018-05-08,6a67264bc58ae8f90c3db43d6d014929,2018-04-06
8f578fbe296dae4b9f11a4996da9c47d,1582c109fe600f17495e417900294900,delivered,2017-07-05 17:29:04,2017-07-07 21:03:20,2017-07-14 18:09:35,2017-08-17 17:38:21,2017-08-11,3fc2292112ca0cfe78318b9ce6593e30,2017-07-05
a518b37b54f26e19044d8706b65e8133,be34eefd0a220ed60b55cf3d633f1b00,delivered,2017-11-15 21:24:39,2017-11-17 03:35:35,2017-11-17 22:22:40,2017-11-28 22:33:36,2017-12-05,b37c9e5bdfc418299ce8d765db87e076,2017-11-15
386ea83ce5d0d303c3466ea227cead97,d5a4880634c57315c66c51e7e8cc3a3b,delivered,2017-09-15 22:08:17,2017-09-15 22:24:14,2017-09-19 20:07:44,2017-09-25 17:37:05,2017-10-03,ac64cea105657e24839c7f2371fb9497,2017-09-15
f74730419f6f2508e020bfb728606058,e40ac6d2d8a71ed4d27468d5564b7a92,delivered,2018-08-08 17:54:25,2018-08-08 18:05:21,2018-08-10 08:26:00,2018-08-13 23:52:28,2018-08-21,06ff8a23914822dda6b608381b316add,2018-08-08
18c0e47466dfe911dac270d92d6f55b5,e9b93d0696cd45658587aa9fcb8dd359,delivered,2017-06-11 14:40:44,2017-06-13 04:25:30,2017-06-30 14:53:58,2017-07-04 22:41:53,2017-07-10,7454c9ac3e2c66e2c624f4d25e10c8d1,2017-06-11
7b9bc6b76ad9656ca99e8e1f2a6d249b,f3ca1ff383d87b5307cbe34cc3a6ec44,delivered,2018-07-19 13:55:05,2018-07-19 14:05:22,2018-07-20 12:12:00,2018-07-27 20:26:27,2018-08-09,d6db3091e8c13023bf1e6d367b8c0847,2018-07-19
b39b424d0d3ee3397614f97926ed63b6,b08d990513d3a4b14828642b56ae3c02,delivered,2018-08-03 11:26:27,2018-08-03 11:44:07,2018-08-07 14:51:00,2018-08-14 12:36:33,2018-08-16,21ecf7a5d273f14a1a691b040bd4f0ab,2018-08-03
6e37d33226a8c50b397a7a334bcfd8f4,01d87bd7900fc721cf5122c47b1d3a71,delivered,2018-03-18 21:43:23,2018-03-20 03:35:40,2018-03-21 12:42:01,2018-04-06 02:45:16,2018-04-11,42649711a50f087d98d6128339e65899,2018-03-18
8df2feeda535c3b57a1e8fd9bbb9e95c,81b760614714356a48bae829536c0b0a,delivered,2017-10-11 21:55:04,2017-10-13 15:56:24,2017-10-17 14:24:00,2017-10-19 19:59:48,2017-11-06,78c5f76b60a3a2588635aadc70e34df7,2017-10-11
500aced6001e75a49db10f0ae54f94f1,5dee3e7c6309f7edd5ddab8816456cea,delivered,2017-08-10 13:55:28,2017-08-10 14:10:16,2017-08-11 20:22:21,2017-08-24 20:53:01,2017-09-12,aef5b3dd086be507c3dd70e07aa6bb94,2017-08-10
af090d1b9b5c1f684bc6a48f6525e97c,129f607d343eb76cba304d930ae0312e,delivered,2018-04-01 14:33:03,2018-04-01 14:48:01,2018-04-02 19:48:41,2018-04-21 13:31:07,2018-04-25,4ea92c59d3168b5bedde71069d1ff6e1,2018-04-01
63f33355005859ddb3eee5b1a2c48747,598e424c16110469fe1ca7e9269125a6,delivered,2017-08-01 13:11:47,2017-08-01 13:25:13,2017-08-03 19:45:35,2017-08-07 18:28:38,2017-08-15,2b6aa183c14ace1bbfb595f840bc6c75,2017-08-01
41af94fc8bd7a1531543b0268314696f,425b47dea2a00770e103fca1c9b755bd,delivered,2018-05-19 16:23:57,2018-05-19 16:35:08,2018-05-21 15:07:00,2018-06-05 14:58:34,2018-06-19,7f9bfee0390154778b2d2c4f06b50c14,2018-05-19
ad4460c74803bfa6ab863423a2879860,a987996eacf94cb40f32b55628497574,delivered,2018-02-27 20:53:23,2018-02-27 21:08:54,2018-03-01 20:04:46,2018-03-02 21:17:52,2018-03-13,05d327ae96ae69912a3fbe585516db18,2018-02-27
6a050dd1344ef1381e8be9a8d0565001,f811e0bf847dfb627a0ae3e6e89891f7,delivered,2018-08-23 11:55:46,2018-08-24 03:15:22,2018-08-24 19:02:00,2018-08-27 18:42:41,2018-08-31,1366e41e0208f2e7cd74492ce529ef34,2018-08-23
0a393be90b03100dcea4aa21f2e027ec,175cd17c9e0cedbb8234469ec003c4a6,delivered,2017-11-18 16:04:57,2017-11-18 16:26:11,2017-11-22 00:16:08,2017-12-05 15:25:32,2017-12-15,eb60d4194a1aa2e2d0c821dcc4152c9a,2017-11-18
5352c1dc5dd9f4aa2a6dedff4b9da9d9,70bf06e1322f07d30f5a893e71585c0b,delivered,2018-03-23 12:14:42,2018-03-23 12:29:14,2018-03-27 18:11:21,2018-04-02 19:59:00,2018-04-12,81d863988b3c9126207c8fc282c503fc,2018-03-23
375460b07c62449c2237d05ff2282139,6e38fceafd263d906a4a198e5c5f98a2,delivered,2018-02-25 20:46:31,2018-02-25 21:08:04,2018-02-27 19:26:28,2018-03-20 01:21:42,2018-03-28,49bbdba74838070fe0bdc269cf217cde,2018-02-25
fe4e63c3ce772bf558a089b256e4e8d7,aa673d212bdc1e18eb1cea48efd99f5c,shipped,2017-06-24 11:21:10,2017-06-27 03:50:23,2017-06-28 11:41:35,,2017-07-24,5c4c9b685fd0819a54722afef7b66fab,2017-06-24
81fd689a1dae218d934b58243480b726,1bc71b602df36cf88f5f670d787f4f34,delivered,2018-04-14 15:09:57,2018-04-16 08:33:01,2018-04-17 17:58:42,2018-04-27 18:51:25,2018-05-16,86b3fe2ecd895fa35d303e2a49b3130b,2018-04-14
93b5be70ab423cbcff4ce9e100a8b595,22132aacc53ce55d47071188569d0c1b,delivered,2018-06-07 15:32:12,2018-06-07 16:00:06,2018-06-11 15:23:00,2018-06-16 16:12:29,2018-07-17,e7ab69707e504790cb366eb8531e881e,2018-06-07
94cd0e6c0167d82a8806359b84dc0a0e,7035a6e06aed7827072e65d6400605e5,delivered,2018-07-30 11:17:50,2018-07-30 19:31:48,2018-07-31 14:07:00,2018-08-06 17:41:03,2018-08-30,145b3ba5da64fe05604da3f57bf8655a,2018-07-30
346b96107cfff3b894f76c7e9224bb1e,52034a152a5128faf4ba7137633d3d0f,delivered,2018-01-07 18:19:23,2018-01-07 18:28:19,2018-01-09 18:16:08,2018-02-07 20:08:13,2018-02-09,b251f1695246ae73cfe87d0be4dbdf11,2018-01-07
bfdd46c3c7701671b938ca9505b6d188,0ea7708758e7164bb0448c06d7560b95,delivered,2018-03-08 16:00:15,2018-03-08 16:31:11,2018-03-12 23:51:30,2018-04-07 00:32:33,2018-04-13,96078e4c3a88f57ff511e2ad3ef51f72,2018-03-08
85df9618973ec5807b30a864e352599f,bcffec72072249c0710ac3ce3224d782,delivered,2018-08-03 20:03:49,2018-08-03 20:15:13,2018-08-06 08:47:00,2018-08-09 14:27:36,2018-08-14,b116610789b3383452eb6962a844364c,2018-08-03
0c7e21efc59802d22c10a8fd7d3501ab,b685d8c2aff49286039c7893080fba73,delivered,2018-08-16 15:29:48,2018-08-17 03:31:09,2018-08-17 13:49:00,2018-08-28 20:08:48,2018-08-28,19fb9d4c1e61c26e2a0b8d80e97b057e,2018-08-16
5b2c9910c96e7dec4dac98d009a43858,7b393e0d47d2fe92e1933ed517fbc89f,delivered,2017-02-19 21:58:48,2017-02-19 22:32:23,2017-02-22 10:09:00,2017-03-06 10:23:00,2017-03-21,3d0069224545e8fb3b67f447e5a3d43e,2017-02-19
4a1c3af89657b2177e85765d4390ef46,f03b4ce360b0d79f411799cf275fb9c3,delivered,2018-04-02 20:58:58,2018-04-02 21:10:29,2018-04-03 20:54:23,2018-04-09 21:38:50,2018-04-18,8d56bc0ef587bcbabca776198885ea99,2018-04-02
ec4bf7a1377a7b21237b8ece3b666946,9380c4d3c24f6c62c443c8da0f2f0ecf,delivered,2017-12-22 10:27:10,2017-12-22 10:34:28,2017-12-22 20:32:51,2017-12-26 16:54:46,2018-01-12,c645339c7f927e64c0cbe6079255fc7a,2017-12-22
f289bb2bb19d49b2e6aa64cb10b0e4bc,2f3dc6fda9c82bef02f23f9387ef137e,canceled,2018-08-08 20:48:39,2018-08-08 21:05:04,,,2018-08-17,02a2a0a9627a062602de754d75038ce4,2018-08-08
e5e34f7a2aebfe043a405c831b556f1e,3b8e73bb2d8b0b5e192ec5d998dadb45,shipped,2018-05-07 21:43:49,2018-05-07 21:55:07,2018-05-09 16:33:00,,2018-05-17,22c8d7801061f27eff57f37ac4ef10e1,2018-05-07
34c441b76d69e67457e0073633aeb4c0,0b1c5e7355b25ae7b5ae71fc81d47c1b,delivered,2017-09-28 07:17:11,2017-09-30 02:14:39,2017-10-04 13:52:18,2017-10-16 22:19:47,2017-10-20,65e2735427dedd6a787e5b065b3cc41e,2017-09-28
98b0796c2b195347f4f85906a2b6c373,af6c6617155851e16396635223facdee,delivered,2017-10-17 16:18:58,2017-10-17 17:46:51,2017-10-24 21:43:49,2017-10-25 17:46:41,2017-11-06,eb3ab3e9247ac3951ba80d27bdc5e766,2017-10-17
63f977d58d0309c56e83b91b70693285,a9aa6c09b9864e59e014ea18d9294775,delivered,2017-08-21 09:42:21,2017-08-21 09:55:13,2017-08-23 21:12:46,2017-08-30 20:13:01,2017-09-11,940744273e01c305dca20074f672f57b,2017-08-21
d3d8ef2ce0a669dfc3302b606f979f6c,a56a8e003616609644d50ff6268bccdd,delivered,2017-11-06 17:00:15,2017-11-08 03:26:34,2017-11-21 15:04:01,2017-11-28 00:38:55,2017-12-12,92492db1c6d3523933a19481c6d5eb8d,2017-11-06
84ea54523a2ce54a924e159fff3affd7,da61aea27c54e14b9063af7292f0e4bb,delivered,2017-10-27 23:56:29,2017-10-29 00:05:57,2017-10-30 15:20:19,2017-11-08 17:51:43,2017-12-11,35a71ad2ea8603b9557711cf960a2efe,2017-10-27
2f0bf24dbe1cb004069c70687668f917,4ce4e110cf33766473d1388cf55f1bd5,delivered,2018-04-07 01:19:24,2018-04-07 01:30:15,2018-04-10 23:37:36,2018-04-12 00:27:36,2018-04-26,e358471bd050ef4e6fe1bd1196e16e4d,2018-04-07
0f121110b75ef7c38c79d67833c49830,d506a6e68d7d209947cc3fb558a3a09c,delivered,2017-09-14 10:12:04,2017-09-14 10:25:47,2017-09-28 15:03:58,2017-10-10 15:13:21,2017-10-23,ae53a87a257f8e54795af6ff434e443b,2017-09-14
dceb6ab566e0d15ffaba53ef637afa3c,c357638ad6b3773047a316462e992235,unavailable,2017-01-26 16:51:32,2017-01-27 06:55:25,,,2017-02-21,638e658cce197754bfbd080823c5a1b3,2017-01-26
6b07198fae1bb61de16e845a92fc876f,92932704db71729a8f947b9ffdce4c99,delivered,2017-02-06 21:14:15,2017-02-06 21:25:13,2017-02-13 14:14:57,2017-02-17 12:11:59,2017-03-15,a8b4a3120d7a69c230a670147db4fc5a,2017-02-06
9ad7523e9b0018cff18e52adaed6a3ae,46c18ff31d8dfbe995b587d9830492f1,delivered,2018-08-03 08:29:15,2018-08-03 08:45:07,2018-08-03 09:39:00,2018-08-17 18:35:25,2018-08-28,2787bad67ca7454a847429acc517dd8c,2018-08-03
93670a5c977fd8e687b42178388d9ce7,39dea79a06151bc11ae1cbad542257fa,delivered,2018-08-17 14:33:23,2018-08-17 14:50:27,2018-08-21 14:24:00,2018-08-28 18:15:50,2018-09-14,0b189e82086064bce001200f6cc9ea29,2018-08-17
9af89743e7144e56b5e028a248174ef1,6d9ded111ea89ad26ed04e6b806de89e,delivered,2018-03-03 15:04:01,2018-03-03 15:15:24,2018-03-07 23:18:43,2018-03-14 15:43:00,2018-03-21,1163721cb0f5178d87f7f7acce41d9a6,2018-03-03
357b3e52b16c253a241494d7350a7f3d,6e599680fac6fedcf093d102468a9676,delivered,2017-05-28 01:17:58,2017-05-28 01:30:09,2017-05-29 13:52:16,2017-06-08 17:40:05,2017-06-29,c12477a728a884c4b3834fa5430ad3f4,2017-05-28
84a2a019c5e35c1b7930e967601312b7,5701ea1fb1188efea6f8a6795f4a9428,delivered,2018-03-19 21:08:09,2018-03-20 03:48:40,2018-03-20 22:43:34,2018-03-27 15:33:22,2018-04-05,3b8cbc441bc04e834b9c94e28d59ee8d,2018-03-19
19dc396137b147d804b74b9e5bbb9875,ff6b00a007b6c413a1106354f2588a07,delivered,2017-06-25 15:26:19,2017-06-27 03:43:24,2017-06-30 12:04:13,2017-07-11 16:03:31,2017-07-18,6752b6a9eaae810242a2428c7b1a6699,2017-06-25
df506acc7ef7a1311a4602005f0c982e,1379dcee952b1e41e65f13755f51e001,delivered,2018-06-27 17:35:43,2018-06-27 17:51:07,2018-07-03 06:00:00,2018-07-09 21:38:31,2018-07-30,cd52af5135ea92fe973ec2bcded29ee6,2018-06-27
19b937e69325e082324396a05313613b,14a5fa5ec68a6b6a7fb8da1053487224,delivered,2018-07-17 22:31:11,2018-07-17 22:45:12,2018-07-18 15:06:00,2018-07-26 18:32:15,2018-07-25,76220ceadab0f48d5270d7923e5c7b89,2018-07-17
acfe3b4611df7e7efbd402bb5b5be2a3,e0f648b11f4cb8f4ee5d9e78a9a14963,delivered,2017-08-29 09:43:52,2017-08-29 09:55:19,2017-08-29 16:01:06,2017-08-31 22:47:41,2017-09-15,4eb3ff7985ee07973768fc5e918533a9,2017-08-29
80476387c3353416983324a60666664f,259f937f627731078e955050df3907f5,delivered,2018-04-27 16:55:50,2018-04-27 17:51:36,2018-04-30 11:48:00,2018-05-14 15:11:43,2018-05-24,4eefc16c8a133545b36aa7f6e9be52ea,2018-04-27
92561e6b23660ccced04c88ee24f6df6,c83a9069abcbbcce875df6da03a2b901,delivered,2018-02-06 23:29:05,2018-02-06 23:49:14,2018-02-07 22:56:37,2018-03-01 00:13:02,2018-03-16,ecb5cc12762d8b6c1d5e6bd68de9b709,2018-02-06
a10e6749400b3ea4a674cec3fd3a9605,4aa2e99b278fa15781806af208a86c32,delivered,2017-07-02 00:48:03,2017-07-02 01:04:19,2017-07-03 13:41:02,2017-07-05 14:17:36,2017-07-25,fddc02ef7e4ac2472cdb8459c12ed4c3,2017-07-02
1ed3c7f08656149896b3e30bff0ad3ab,f18def4b8952c0f643f7323f2ece8567,delivered,2018-04-27 22:38:19,2018-04-27 22:50:21,2018-04-30 15:55:00,2018-05-14 14:08:32,2018-06-04,ba98c4dfd6996c5dd6812d59ac200246,2018-04-27
5829e8dbf7adce16a91e4ba7e8c1e4e0,9468a602ccd6dc84292052d0cb8a5548,delivered,2017-09-07 15:01:37,2017-09-09 05:04:40,2017-09-12 17:58:47,2017-09-27 20:36:20,2017-09-29,10ab0aee5c019068592cd02470eb9074,2017-09-07
d5ef6a5136e7304fb5d70dbd4cfd3054,dae590e0dffcfa789523be6e018a307d,delivered,2018-08-08 18:22:24,2018-08-08 18:35:19,2018-08-09 12:28:00,2018-08-20 15:21:59,2018-08-29,67fa6261c97d3a0ba5c4c779575a0c5a,2018-08-08
fdd8197e350ed073eeb591a6dc3e74c8,e506103f74807102963d7f0d9f1860c6,delivered,2018-02-05 20:43:05,2018-02-05 20:55:51,2018-02-06 18:07:21,2018-02-16 20:43:53,2018-03-06,a3afc06892f8e42c972e6460125115e0,2018-02-05
ec9438263957e65a13f13af7e283b7af,7e11d711baa0e9e75644f517fc0fc9ee,delivered,2017-08-10 14:24:00,2017-08-10 14:35:13,2017-08-11 20:04:48,2017-08-15 19:13:58,2017-08-30,946fdbb75be87b7254ba5f8a9e3704e4,2017-08-10
da29ecf90246ba3404fab5ad9febafac,b6fda9274374a11b1014c8e871392bc3,delivered,2018-08-02 12:07:34,2018-08-03 11:10:08,2018-08-06 11:01:00,2018-08-08 18:28:51,2018-08-13,3a2b0491632d0fec093918658b12509f,2018-08-02
0356e39820a87bee3544a2025249451a,866dd245d597f9bb5288d41286834c83,delivered,2018-05-24 13:22:10,2018-05-24 13:39:18,2018-05-25 09:42:00,2018-06-05 15:36:45,2018-06-20,5b19e5f43269fcafe54aa4f5ff361d2e,2018-05-24
901237167ab49d21a23bd7181cd0eba6,6cb4ea12211604cb17327684d1ac4b98,delivered,2017-12-02 00:20:17,2017-12-04 18:30:39,2017-12-06 01:27:34,2017-12-19 00:59:46,2018-01-08,994cbb10d26adde0cf9c4e8e78247b95,2017-12-02
fd0be5d2bf919cd944fb8c57a5e89771,0558315c066b526b7e64705eb9ef1b87,delivered,2017-07-12 17:40:18,2017-07-12 17:55:16,2017-07-13 18:42:28,2017-07-17 22:03:47,2017-08-01,a6dfa20e502e7c84e7f67a9adb9fe44c,2017-07-12
3f16ecca5e6ed7d003a0abe629c98876,258b61746a14eb077f4aa1a69b975ed9,delivered,2017-11-29 18:56:50,2017-11-29 19:16:55,2017-12-08 12:53:18,2017-12-20 14:00:16,2018-01-05,ff3275ec59e53ea1693dda3b2b9c2b97,2017-11-29
6f03abb3b9fdecea11093c52dfd8155e,e9e24284c4b5d4fb273d59e2436fbc2b,delivered,2018-06-03 20:30:07,2018-06-03 20:49:54,2018-06-05 13:24:00,2018-06-15 19:52:38,2018-07-26,9117f3fef821178d4cff1339564c0a41,2018-06-03
65292b5890e7f0ef333b4a4904db838d,1101858718712788854b23b5587b5cc8,delivered,2017-07-06 11:50:39,2017-07-06 22:10:11,2017-07-11 14:06:30,2017-07-13 21:03:50,2017-07-21,409b996c8372c05f6d81b6fb46b095fb,2017-07-06
5a820d0824578ef8ae5c54b8135d5565,19cb32bd24f504de35911fa98989b952,delivered,2018-04-16 22:00:49,2018-04-16 22:50:25,2018-04-17 23:11:07,2018-04-18 23:22:34,2018-04-26,866fcab7935b9486ac1f6bd49df06ee9,2018-04-16
555537da82b73708bc09f6b0c8fa6747,6065549b74cda90a4ffeb7da736c69c0,delivered,2017-02-19 11:03:43,2017-02-19 11:15:09,2017-02-21 15:02:14,2017-03-06 12:17:56,2017-03-27,fd0e843308b676214ea30ea480295e3e,2017-02-19
5ce9fc801207a16522d494fcdc8e9dd6,e2bdb59e52b9c278e2e0a651c4f40ae6,delivered,2018-08-09 14:38:07,2018-08-09 15:05:23,2018-08-10 11:09:00,2018-08-15 18:38:31,2018-08-21,67389771199962d3a79dedf3277530a1,2018-08-09
e0b7de0aa24eda55bbc841b5a19e3fb4,906a472b46ebf08dd781e3e75f5b0f79,delivered,2017-09-21 09:13:39,2017-09-22 04:32:30,2017-09-22 16:13:05,2017-09-25 18:07:37,2017-10-13,de8dde2448c83f0f6e2612fa3ceac293,2017-09-21
c2a74c32297a978e0e9b2b2797b917eb,f86277a8adcfbdd6a35360bf4f928652,delivered,2018-01-08 20:56:12,2018-01-08 21:08:44,2018-01-12 15:35:00,2018-01-27 15:23:28,2018-02-09,e53454696deadacfdbaffb91e29b1ca9,2018-01-08
3ce1b0c541f9f11f10e841355e9caa7e,0b5bb9a3a1efd74fa5cccd30d26f4cd1,delivered,2018-02-18 16:08:24,2018-02-20 07:15:36,2018-02-20 18:18:53,2018-02-25 14:23:44,2018-03-06,a9763ff2a5c1b184d76bd5865435703e,2018-02-18
8e3d8001d12c91d581b256dbb2762702,3188d71dec4455295a32959cb74363b0,delivered,2018-08-17 13:12:20,2018-08-17 14:30:39,2018-08-20 15:12:00,2018-08-23 22:27:36,2018-08-31,6585dba135cf88bd887690111e9f1fc9,2018-08-17
184603c2b2f23fd8585d48649c714ba2,a0f90b7e2bff101eb8d56969e719f2c8,delivered,2017-02-26 17:39:49,2017-02-26 17:50:18,2017-03-01 10:28:07,2017-03-13 11:34:35,2017-03-20,41c6e98c036977d2de4583e738126548,2017-02-26
9acb81a52c99975f357641bb6886cd8e,915629689eacad2a9b739f4b3807d0e5,delivered,2018-03-01 07:06:52,2018-03-03 02:51:03,2018-03-06 00:29:57,2018-03-15 23:04:17,2018-03-28,d2b156874cac6a875ac522c1a338dae6,2018-03-01
40dea8151a4bad08c633c2a80251b8cb,80f3395a6ea10e0c83ba9ee52ca25086,delivered,2018-08-23 08:59:28,2018-08-23 17:45:16,2018-08-24 09:21:00,2018-08-30 23:51:50,2018-09-06,bc884d5ee8a1916d0cdb6814b1e3540e,2018-08-23
c895355af2bc9e095254d9581cd77699,fbf562d7f9c985e9c15d066a8abf6b1a,delivered,2017-10-03 17:33:52,2017-10-03 17:49:30,2017-10-05 18:28:38,2017-10-11 15:59:57,2017-11-01,ad6625de879577013b8aaebb5ababb3b,2017-10-03
0ecea2fc6db33ce872af556bef2f52e8,b83e8501d86fac2f64fe681076e8fe01,delivered,2017-12-16 08:56:09,2017-12-16 09:10:42,2017-12-20 14:53:15,2018-01-03 16:32:43,2018-01-11,30823f04e0dd2001b64a678dbf86a949,2017-12-16
bb0053cdec4b5850b4682e029eb3347f,4402a180e78ebeb26c7e430547a31226,delivered,2017-07-30 09:14:52,2017-07-31 12:35:12,2017-08-07 13:11:06,2017-08-07 21:36:06,2017-08-18,d059a0ec4c911c7abb10602099670325,2017-07-30
67e8d0e4cd27d92c4aeb38cecf962b0d,a5c9cced9df253732cf221be894b76b6,delivered,2017-09-03 22:31:13,2017-09-03 22:45:38,2017-09-05 12:33:21,2017-09-14 17:58:31,2017-09-27,5729f7fd5208cfe5f0e886f06e9c3d40,2017-09-03
f4683514d8411fbd52a4f1524915fff1,f3e2f7c38930a5bc15728d8208abb251,delivered,2018-01-09 12:11:33,2018-01-09 13:12:26,2018-01-10 13:00:09,2018-01-19 00:56:47,2018-02-07,7849e2ad64c47de662ade0a002fa085b,2018-01-09
b01f56415d8fd608605b7a1673abf6cd,05efa0e29a769010ba9eec84a6ccfba9,delivered,2018-08-07 09:52:05,2018-08-07 10:05:14,2018-08-10 15:07:00,2018-08-11 11:32:43,2018-08-13,c119ea09235d299ed246d52960913d6f,2018-08-07
79fa444e8356d0ed4f75c4666db50347,6d0c800d3fe9b8bb5fcea4693789605a,delivered,2018-07-04 19:23:38,2018-07-05 16:19:09,2018-07-05 13:50:00,2018-07-11 15:41:46,2018-07-30,d411743e96155ccf5ca3eb7efeec9ecc,2018-07-04
ec4a8b6f050a71bbd34bea77493b7232,a9d22560ed91d7c5dd7dd3a059e8f76d,delivered,2017-05-15 20:46:00,2017-05-15 21:02:37,2017-05-19 10:59:16,2017-05-31 14:23:40,2017-06-16,d927267e54f07b9e0fd408d2f840024c,2017-05-15
2fe10d4ed06c8a5a632ed06bb5f33dc0,fa777a37be56a994adf36d437a3ae595,delivered,2018-07-28 13:09:33,2018-07-30 19:31:51,2018-07-31 15:02:00,2018-08-10 21:28:44,2018-08-24,63fe99fa23473a7340917d48f548ccd7,2018-07-28
2c13ece9c2af7270ebcba9ee8a33afc1,52f9bb76c4fbdf5ba4dc9bcfbcaeec51,delivered,2018-05-04 17:40:16,2018-05-04 17:55:22,2018-05-10 06:22:00,2018-05-17 17:03:15,2018-05-28,e3e230139a65ce31760fb45fa38b874c,2018-05-04
efcba885fdb0eaeb673bd9b42cf06be4,47b1ec72240dcd0dddd0827b10435424,delivered,2018-01-03 23:49:07,2018-01-04 01:08:07,2018-01-05 17:23:21,2018-01-17 17:48:15,2018-02-01,6f4a28a4a2e38d88403325ffd99ac22d,2018-01-03
d2945e686c883978378a10e49be7fb24,73cb441c896a460a30affe43bff3df82,delivered,2016-10-06 19:38:12,2016-10-07 10:11:09,2016-10-14 23:21:11,2016-10-18 18:34:50,2016-11-28,d355afc67927984cd3dc896414197c47,2016-10-06
8eb23149ea2c92f5180a0f5e5753e1b3,e2d43120d6194eb301089477bc9cb52b,delivered,2017-06-30 16:10:15,2017-06-30 16:23:25,2017-07-04 14:55:54,2017-07-13 21:32:04,2017-07-26,34e7cca423752108e4e4aa7c377f5fe5,2017-06-30
917860628f5261ebf4e484215cfe279c,a969cfdc9bb0e16f785c81a8bbdd28c0,delivered,2018-06-09 10:14:21,2018-06-09 10:31:44,2018-06-11 11:23:00,2018-06-16 00:40:38,2018-07-03,179323ed9b951f2d45eb0bb3be0ddab3,2018-06-09
3d0fabe57f53334a24d36872a001f23c,ad41e67f80ad7ac61ec5b605751c56d0,delivered,2017-12-03 13:19:25,2017-12-03 13:33:12,2017-12-04 18:47:30,2017-12-12 18:24:25,2017-12-27,444e3c9eb1699da5f78e83a464a3cbae,2017-12-03
af4406338c93f1ae4eb1ce820f3506bc,d1493ea113e66d929cd7057095b560b9,delivered,2017-11-07 22:35:39,2017-11-08 17:55:21,2017-11-16 19:22:12,2017-11-28 18:38:33,2017-11-27,afda5cfb8f4c578a54efbef23e45c621,2017-11-07
90d40a4ca05ddfea558d94047c3de2e9,a22db2cb53749ccca79f1fdb47d4a4e7,delivered,2017-12-14 20:01:48,2017-12-14 20:17:46,2017-12-15 22:35:12,2017-12-22 17:13:21,2018-01-12,7da36de856574a97acd9b048bf467adc,2017-12-14
7f5dfed48e701a5377de885c64a99aff,14eba40b8ec6185b47c93ddfecc1faac,delivered,2017-03-07 16:02:19,2017-03-09 02:51:04,2017-03-14 14:14:05,2017-03-20 14:49:31,2017-03-28,4d160824ea5977aa52fef32596211a93,2017-03-07
c3e808e0aba3cd04567957666cdbe28d,364f08c216b6e5c4810e198fe984416d,delivered,2017-06-06 15:32:24,2017-06-07 02:22:39,2017-06-13 13:42:33,2017-06-22 16:45:41,2017-06-27,62234b40911ee339711177467c343754,2017-06-06
d35ca5de99f9cb92be83a52973b5bbf6,9eca35b9c65ffe431d1159d7dc618355,delivered,2017-12-04 20:21:53,2017-12-04 20:35:19,2017-12-05 10:53:53,2017-12-06 17:54:51,2017-12-20,5540a5059478be29d0280d0c8c01345c,2017-12-04
fa85fa75418b73f193949be7cb639fce,c3efc16af56a84e93d5f2356aec092ec,delivered,2018-01-26 09:14:20,2018-01-26 09:42:21,2018-01-30 23:21:57,2018-02-23 21:28:51,2018-03-01,d839e989a9a3fd4fe2995a58dc5d9c6f,2018-01-26
624ece5892f73fbaf47eeb121c501547,85809839d024384e5326a41a2b1ae4cf,delivered,2018-02-28 15:56:02,2018-03-01 02:50:48,2018-03-01 21:18:38,2018-03-04 20:12:46,2018-03-13,e4759b86f83529a6cbb5dc2a70a899b4,2018-02-28
e98379ee17e55f764423de1d693daf42,9d8a8652100cbf0cdcfbb06ce031c9ac,delivered,2018-01-30 10:37:04,2018-01-30 11:15:31,2018-02-01 17:08:39,2018-02-02 17:56:06,2018-02-15,3d4f12dece1264e5d6321f1b7f003336,2018-01-30
e167837b2967616b88c23b061b9d32b6,3eae909e19a4d927c4630aa733a92ab8,delivered,2017-05-04 13:52:00,2017-05-04 14:05:19,2017-05-04 16:13:25,2017-05-16 10:33:50,2017-05-29,0aea71aba379f341b21f92af2ba6d86e,2017-05-04
72d962900f248fa642ba065e45756455,79d079b8c2de5835e7979c910bfc880d,delivered,2017-03-29 14:23:48,2017-03-30 06:42:11,2017-03-31 12:01:44,2017-04-11 11:17:50,2017-04-20,49bca034303bfb728916cc4b56359560,2017-03-29
81a57f43681d0997118092af56f37ce5,0e313e105cc8db5c511515cabd78c38b,delivered,2018-06-09 22:27:14,2018-06-12 07:57:13,2018-06-12 17:05:00,2018-07-03 19:44:31,2018-07-04,213de1d3f3a73d86ca340fe4ad909f3d,2018-06-09
8b706aa34ce8828613d0ba320ead34fb,20111221619a712e367ff1579a410dee,delivered,2017-02-16 09:46:16,2017-02-16 10:03:39,2017-02-22 02:44:29,2017-03-02 17:10:20,2017-03-22,9283be8b065fd50250ee479e6296c5d3,2017-02-16
2107e0af867c766772a8f4501ccd1671,82839021fe430688c162e96552ba98ee,delivered,2017-10-19 10:19:15,2017-10-20 12:14:50,2017-10-20 21:16:56,2017-10-25 20:51:11,2017-11-08,c7d92321a527255867da12ed3d7b89dd,2017-10-19
d18824f4c7dfc9d5725eaec88f267ea3,9a3e7f2fbadee3361ec62b911539a6d3,delivered,2017-07-06 19:00:05,2017-07-06 19:15:20,2017-07-07 16:24:57,2017-07-17 20:00:03,2017-08-03,81537fdbc69968677c939cf5d785c8f2,2017-07-06
fd13060be6469ec5e5986eeb10930d90,1365f6a63f912822c3e466325c795bc5,delivered,2018-02-19 12:34:34,2018-02-19 12:50:34,2018-02-21 12:46:05,2018-03-06 01:13:54,2018-03-14,66226e0e45e983215751d27945886a9b,2018-02-19
fa8ce665c349b97a0d3becbcbd37c849,db861bfc61cb7889ef2bdeb018f5f070,delivered,2017-06-25 15:36:06,2017-06-25 15:50:07,2017-06-29 15:18:40,2017-06-30 14:32:18,2017-07-14,ce288f2ac69e4e653ce25499a890eae8,2017-06-25
032f490884e03049a3ec0379ea0abb82,09f1f35ba98e019dc3e29823af2954fd,delivered,2017-06-08 16:45:05,2017-06-10 02:50:30,2017-06-13 08:18:45,2017-06-22 17:06:02,2017-07-10,a93676a2b28d03546a7a9f349f1c6ed4,2017-06-08
39cf5de8288d308ca4b8ed783cc56695,39dc7d2e2958197d4b40fd11fb78171c,delivered,2017-11-30 22:49:54,2017-12-02 09:50:24,2017-12-15 01:38:16,2018-01-03 22:51:51,2018-01-15,fada7ed8bc0ff5d5eaddd07a67cb2467,2017-11-30
3f9e8fecf02f21c1a57dc20c0e7f95ab,a7e08eccf0ec5860c322f88d41f09cf9,delivered,2017-04-14 19:52:48,2017-04-14 20:05:09,2017-04-17 13:30:08,2017-04-25 12:41:03,2017-05-08,f557593232da2815cb2bd6a5481b1f27,2017-04-14
ebe44ea8678031f3e76cfac35b31080f,e8d7a637131e54daa4fa756969190f96,delivered,2018-05-06 22:26:51,2018-05-08 19:35:26,2018-05-09 15:28:00,2018-05-28 23:38:22,2018-06-07,f3aaf0c4245d2c3f0fd12ec98bc49528,2018-05-06
8ded9e858af4bfcc66b2bfd35b762268,0fbcbe7aadcdd17621abb6f3661aae3e,delivered,2018-08-01 13:38:09,2018-08-01 13:50:18,2018-08-02 12:40:00,2018-08-07 21:34:31,2018-08-15,cf6b98f603de1d8450dc0096e30eeecc,2018-08-01
5f93c15063313abf1a114e682d6b6d71,3452a9ffe284a7466a4d5a4a800dcfa4,delivered,2018-05-12 10:56:06,2018-05-12 11:14:15,2018-05-14 14:08:00,2018-05-15 17:23:01,2018-06-06,afc1b02bde53f181c6f9377c97f0e726,2018-05-12
93e945ea7c4457cea5d773c1225ac997,e7b72a7e6f6364b5ff0830ef7ee799e4,delivered,2018-04-03 13:54:17,2018-04-03 14:09:55,2018-04-05 19:12:11,2018-04-12 19:21:44,2018-04-30,f67f3c9e6a9c9ceff20b4a5700baeb53,2018-04-03
2c9692d95147996e657865c7f5ec42fc,03d8d8b0f58a42941ae8dd9ef3988eed,delivered,2017-12-01 16:46:04,2017-12-01 16:57:27,2017-12-05 22:48:06,2017-12-08 16:45:24,2017-12-20,a0858dd9227559842a82c2cf773081cd,2017-12-01
51dc4d44b3dd650e6e1ea0486819e0c2,2c113bbfd5da07dcc20666defb152dd0,delivered,2018-06-23 15:37:43,2018-06-23 15:56:02,2018-06-29 14:04:00,2018-07-03 16:08:30,2018-07-24,855dcbef8c9dc5082b0319734d01d3a0,2018-06-23
1d8c9526428c9c7c72e2e5f4b8d43edf,95605e9f0efb9fd315e9a784389208de,delivered,2018-05-20 00:44:33,2018-05-20 00:56:11,2018-05-22 11:41:00,2018-06-02 11:57:38,2018-06-13,d381a23b5cf3d6cab221dbb6b16e11a7,2018-05-20
99e4724c6accb3d63bd87535d713b856,05d66bbddd7daec5c6704d08e3fc3ca3,delivered,2017-03-30 21:36:05,2017-03-30 21:45:11,2017-03-31 17:18:05,2017-04-03 20:12:23,2017-04-24,5e52bf13fe3f774f2fb146c8096dd840,2017-03-30
74cafcc8c06b63eaa21ee53cf1678459,fcac2f2e9d198cbaa9e1fc45e751f63b,delivered,2018-06-13 21:04:50,2018-06-13 21:59:51,2018-06-14 15:54:00,2018-06-20 18:22:27,2018-07-12,67e03996b2be8247b538d9b53d384386,2018-06-13
baa3ed04931dc1b84c68896bc5cfeffb,6e36fa9bf71aa373a6adeceecbe06ee2,delivered,2018-02-26 14:33:41,2018-02-26 14:49:42,2018-03-01 21:49:13,2018-03-28 20:58:44,2018-03-28,c25977b1c353b40d74628a01e0d2eda9,2018-02-26
8a9df0e90856f381a0cf115092f8dfdd,ba96c32ad232594262e9012eb3494502,delivered,2018-03-17 21:13:36,2018-03-17 21:28:41,2018-03-19 22:08:48,2018-03-24 12:26:48,2018-04-06,8019161d968202cb7b31ee5b1d803640,2018-03-17
6e7d56b33e25e67ee602c9bfb9a63018,748d0a448acf0d2296b277ab8f8d451d,delivered,2017-07-30 11:30:39,2017-08-04 11:33:04,2017-08-01 17:25:38,2017-08-04 19:57:56,2017-08-11,2b5b9e6b6fceda761d529dfbe20dd8d9,2017-07-30
fbcb36fe4b7d424d65663a88bbe2b24a,0420b6a1368a5577d96402bec1e4bf1e,delivered,2018-04-01 20:05:20,2018-04-01 20:47:40,2018-04-03 21:22:12,2018-04-12 22:49:34,2018-04-19,fa31ed875f2390194dd2b15f0b3304f5,2018-04-01
fa83009fc243c5d6981fa7c5b71b13aa,7295803302839659db10d83da057f75f,delivered,2017-09-17 12:34:39,2017-09-17 12:50:21,2017-09-25 20:29:52,2017-10-02 18:03:06,2017-10-11,fa9dd2dff8adf12e53678216566bbef8,2017-09-17
620a855412168296816caddc230b00bf,7caf3439e77a9299b5f4eb31cbd74af7,delivered,2018-01-15 09:33:40,2018-01-15 09:49:58,2018-01-16 11:46:49,2018-01-23 18:12:33,2018-02-06,cf70218229fc0a1b51faa0902429652d,2018-01-15
5372e3b548f5a2f193afb2c778e172df,0be79ac69f798b1d2b2556b82118940c,delivered,2018-03-21 19:17:46,2018-03-21 19:30:38,2018-03-23 00:48:34,2018-03-28 16:36:42,2018-04-13,c8041a10065e6fa6ce24835541301658,2018-03-21
8ed3cf9546af963a08c97b1edfe352d2,05c36681ebcba4e5116cb0046aa1f525,delivered,2017-12-17 18:26:09,2017-12-17 19:29:54,2017-12-21 18:23:25,2017-12-29 18:18:08,2018-01-15,54651e094343904f0f71eb3d95bde11a,2017-12-17
60218eecf87eaeb58657769f328f2726,98a0dc59ecc82225fd647c39cbdf1494,delivered,2017-09-03 12:01:13,2017-09-03 12:15:15,2017-09-05 12:17:17,2017-09-11 19:34:03,2017-09-28,9dfafc5d068fcc52a9ea9f28a88bc4fc,2017-09-03
3958b17a88c13dfb60674b04bc79168c,0d7b40f01565cfa9b39df48d77c4367c,delivered,2018-07-18 10:09:15,2018-07-18 10:35:15,2018-07-25 15:11:00,2018-07-31 20:38:39,2018-08-06,4cff9cc9f17fc2d6592b2642f8a2be2b,2018-07-18
6ba315d3028622e6e19fdb72e50b8ece,42775a1870efc59d6e39e81adbd37740,delivered,2017-02-14 10:59:33,2017-02-14 11:15:16,2017-02-22 07:17:28,2017-02-27 20:48:20,2017-03-15,7ec5f34edd872076e2f485ff3bb51580,2017-02-14
98fdd250e01c66e91a1a2632a6445039,112f162c575bedc2f4b20c369282964c,delivered,2017-12-15 10:50:55,2017-12-15 10:59:25,2017-12-15 22:32:56,2017-12-18 19:23:50,2018-01-04,3b5c6285a3d31ec9c8c42a099f6ace98,2017-12-15
37974418f119afe7a1c6025eeea7c07a,b9016404916a5d1b53d20b437a010c9c,delivered,2017-11-24 23:07:41,2017-11-25 02:12:50,2017-12-07 14:54:38,2018-01-05 17:54:27,2017-12-21,376ab8c8ebfea815b821c52ef2afc960,2017-11-24
4631c1e3bc2f88c99b9ffcb6a8a62e37,6467fe19883330361d51a6b3df90ce59,delivered,2018-01-13 15:17:12,2018-01-13 15:29:08,2018-01-15 16:34:30,2018-01-21 16:52:47,2018-02-14,4d039d16dd4cb41a442c01c5f9dfc508,2018-01-13
6c8dc9b7ff1a1e35349382fa962de9fd,845519929407bc7db18f15685fe6badc,delivered,2018-06-11 20:10:38,2018-06-12 15:27:17,2018-06-13 12:43:00,2018-06-20 19:22:14,2018-07-11,30e8160149fd65cd5de76104165953f9,2018-06-11
720232d7a3eab2caa5238117e5ab2ee1,181aaef52310ba1599949728c36f544d,delivered,2018-08-17 12:20:02,2018-08-17 12:35:12,2018-08-17 14:49:00,2018-08-22 17:38:40,2018-08-29,e1151f71e86fe7e68b787d6e838df85c,2018-08-17
48b4f1f96d5ae13b404fe7d041a8d393,77151da438a727054ce6430fd175793a,delivered,2018-08-09 13:41:59,2018-08-09 14:35:22,2018-08-09 13:57:00,2018-08-24 16:44:28,2018-09-26,781c7fbc90131602c73f721c69de73f2,2018-08-09
fc9d434ce58e80e3ce78dd7f69e22bd4,3195e7cebd5ed019a58e8afb23c1da69,delivered,2017-12-06 22:35:17,2017-12-06 22:49:45,2017-12-20 12:55:10,2017-12-21 18:15:30,2017-12-29,e5e8d1b930f00ea37b717af6db1f8aa9,2017-12-06
43df7d0ebdaa1d4df7b8f25e2fc50fd8,75cd35c0927c7331c98da835c8718baa,delivered,2018-06-11 17:22:06,2018-06-11 17:40:12,2018-06-13 14:33:00,2018-06-26 22:21:44,2018-07-17,ba5b2d7207ce8a884b2fe3d4c1ba872f,2018-06-11
c91255e49926cfb63353034df59a25d5,2a7fe4ffcadfbf65ae5c06b02964e929,delivered,2018-07-29 14:09:00,2018-07-30 18:31:19,2018-07-31 13:51:00,2018-08-08 13:38:43,2018-08-10,15754cba3d60cfbf861d850838b5e329,2018-07-29
b8d67526e7a669a43b4a53bbffc6fc0d,507f7a9eafd9f8c8fff398275e71b336,delivered,2017-09-08 10:01:46,2017-09-08 10:15:19,2017-09-13 14:04:10,2017-09-21 17:53:37,2017-10-16,977154fdcbf7645decd7cdc52f06fb80,2017-09-08
817bba98b2dc8942fccbdaf7cd5c63b1,334d6fb8094ff301e5002617bb3f4a5f,delivered,2018-07-17 23:25:02,2018-07-17 23:35:16,2018-07-27 12:46:00,2018-08-07 17:39:20,2018-08-06,b3392d0eab758cb77860a4964de09ae6,2018-07-17
b0d7bb2bb38f7ce5f69f1fccc453b30a,76ed039225db7bd1098900ec155128cc,delivered,2017-08-31 09:32:24,2017-09-01 02:25:34,2017-09-04 15:14:47,2017-09-09 13:04:42,2017-09-19,885ba9a0850dea8ddf68af6bb5423b1a,2017-08-31
44918cef2a112fc3f8e4a9b676e5ab23,265655cf1f2dfd4fc630004d1fe5f3cb,shipped,2018-02-06 22:08:09,2018-02-06 22:15:42,2018-02-07 22:45:44,,2018-03-12,fc0a9229ea43fea6c9f9d79c06761a1e,2018-02-06
ff1b05d81637f0904e3dd85ca4e50180,34be67598de227a6b323a75b6bf65878,delivered,2018-06-25 21:14:20,2018-06-25 21:37:36,2018-06-27 09:46:00,2018-06-28 21:16:37,2018-07-12,67a1e8b5e8be5b463b344fac747aed9e,2018-06-25
df14bdc601f10bff4d2757a9710be81f,51f34a61223200b58e35b7e7f3b462c3,delivered,2018-05-11 13:35:46,2018-05-11 13:50:59,2018-05-11 20:40:00,2018-05-14 16:32:57,2018-05-21,279f3f41a674c28bd50f61f8b3c20c8b,2018-05-11
30552396e65cfc4856e8520b7867414f,051da0c8b95f2d53eefdb48da43a4058,delivered,2017-11-02 14:26:59,2017-11-02 14:46:16,2017-11-03 14:02:35,2017-11-07 19:36:47,2017-11-23,005f4b46e70bbd3295a38e2fd28d6566,2017-11-02
e1906c54deaabfbb7f4b6cce0cf336a1,96cb9c55bebdd9e62414a782dfe01fc5,delivered,2018-01-21 20:16:25,2018-01-23 03:36:50,2018-01-23 18:10:37,2018-02-20 21:52:55,2018-03-14,2327fab9d71e77c65ed8a2bab5c2b258,2018-01-21
9cd69a292cbec7756bbef4d854c773ca,b118a3a9fe2e44ab444d2a473f84de63,delivered,2017-06-01 23:57:04,2017-06-02 01:10:17,2017-06-08 16:15:01,2017-06-10 09:24:52,2017-06-14,c4d9917748b1c4bc1abe17ae95c7c7a9,2017-06-01
fa2299624a4957d95dd526fc552d1ff1,6c4db8956588a32f2e15cd587c31c12f,delivered,2018-05-30 19:32:45,2018-05-30 19:51:03,2018-06-01 13:23:00,2018-06-05 00:08:47,2018-07-03,474fd046fedfc0b92117727d14e273bd,2018-05-30
cc295a32e72e4ebe54030c6ae3f75066,ea498e17d3dcba2ac3cba543698b901b,delivered,2017-03-12 11:15:29,2017-03-12 11:15:29,2017-03-13 12:36:16,2017-03-16 16:12:15,2017-04-03,ea226acd5f8d27c57fadeb7068a95fee,2017-03-12
fa70e6eb878dec546f11aba9afcf1f28,29d3bcf6907cfe9918a7d698d5bf874a,delivered,2017-08-16 01:00:34,2017-08-17 09:30:14,2017-08-18 20:16:36,2017-08-29 21:33:13,2017-09-22,45ac3e9bdaf25de0c0550d90ced5ad6f,2017-08-16
1cfb1004795caeda0e94f5bfdb879dfb,c1055008565df6ac915396f459156c07,delivered,2018-05-25 18:44:28,2018-05-29 03:14:38,2018-05-29 13:28:00,2018-06-06 15:44:43,2018-06-19,54c75735924684d821d5b4b001ba6059,2018-05-25
3927d50ce663f7648ed0ca807740c6fe,da79d4dc6d443cfd01804d03420c90de,delivered,2018-05-07 13:31:20,2018-05-07 15:32:35,2018-05-10 08:02:00,2018-05-14 19:51:34,2018-06-04,e2280c6bf1114f6c19ce3ebb879a9010,2018-05-07
7114487751b14b1d7f547fefba1eec75,d9701914d7ce67dae929a04783aa18d2,canceled,2017-11-22 19:56:37,2017-11-22 20:26:11,,,2017-12-12,76e697cd6a76cf072e9307fa9f4a6026,2017-11-22
fc303e9e3e6717098dbf0a3484304832,14aa902a1bec2236ae111bdcb39c94bf,delivered,2018-03-02 11:01:40,2018-03-02 11:15:42,2018-03-08 14:52:18,2018-04-06 22:38:05,2018-04-02,e26e3f85699bf4d05d1badbcb6ad9866,2018-03-02
472d6b3e92be83f747dea801ed1d461c,762714720007f6df80b89a121d5101e0,delivered,2018-01-26 22:37:19,2018-01-26 22:52:05,2018-01-29 22:26:45,2018-02-21 22:16:47,2018-03-06,7695482601acadd569547509094a915f,2018-01-26
2c02d17ab6c97e9a58c6bf900a39aa46,0a8bbe8223edbb48f6525d97ee1b1d7d,delivered,2017-08-31 22:31:26,2017-09-01 02:30:33,2017-09-04 15:14:47,2017-09-09 13:10:07,2017-09-19,e5f79a6107cfa4b9f6282c13a61e2604,2017-08-31
a47d0baf5bb361cf68e3f1ec57bf57e4,376b0d5753abc221c779a46ba028e9b7,delivered,2017-02-05 03:00:31,2017-02-05 05:20:12,2017-02-07 08:22:25,2017-02-14 15:05:35,2017-03-03,fcf98931e0dd48d1b3187d21dc05e7e0,2017-02-05
511665064721c1e68628a71b176c81f9,19885b25f450a981e4c9a3e2df120d41,delivered,2018-02-02 22:05:44,2018-02-06 04:32:54,2018-02-07 22:15:07,2018-02-16 16:22:58,2018-02-20,cd11a0920c498edb1da9ecd2d31aa599,2018-02-02
29d81fbe3a3300902407cf57272030c6,4c3163e024bd8bbd0843b6fe3604bd7e,delivered,2018-04-14 20:31:47,2018-04-16 08:51:09,2018-04-17 21:04:09,2018-04-25 20:38:47,2018-05-22,4badd97df3e4ad6d64508b5c25d4dca9,2018-04-14
1fa227c2175161fa52871ff9113080f5,afcc64cd0cb57207266be44768e4da76,delivered,2017-07-31 16:29:22,2017-07-31 16:45:17,2017-08-03 10:22:16,2017-08-15 16:16:04,2017-08-24,a8397b8a2f5d5293faafb2e2a606cf87,2017-07-31
c95e84ae7a7ece4f18736621998851f3,22069813f745ad53f6bbc9edaff58811,delivered,2018-02-24 09:00:16,2018-02-27 04:31:18,2018-02-27 23:29:09,2018-03-23 00:37:05,2018-03-16,2f925b5572bf9ab6c234a4903dde632c,2018-02-24
1becc10041758cb1c9bcefcae76957cf,fcc9021730381cecfcc6921f4603de9b,delivered,2017-11-10 09:05:48,2017-11-10 09:15:48,2017-11-10 21:54:31,2017-11-16 11:32:32,2017-11-30,fe4f3edee136351dd8e5e7d370ba09b9,2017-11-10
e70216ba107820e5ae3a74bae559bc6a,c782314cc13de5571cab76c232cac725,delivered,2017-09-22 08:21:04,2017-09-22 08:30:19,2017-09-27 21:12:37,2017-09-29 16:53:46,2017-10-10,aa0e0d1bb616d441c710e378c6e2ed5b,2017-09-22
7198e283e4a0c1146dcc3f5bedd276c2,601d0b60b2b201e4863fc5c248c47655,delivered,2017-03-03 16:08:51,2017-03-03 16:22:19,2017-03-06 09:51:00,2017-03-10 08:58:47,2017-03-22,1bdd93c284bbff5e0c049488eb604031,2017-03-03
7d0ed38550fa692c0dff9a4d0eddb8e7,0f3179de38741efcde57ff90a832e7b8,delivered,2017-08-03 11:21:10,2017-08-03 14:03:40,2017-08-08 13:52:44,2017-08-17 15:17:12,2017-08-25,9b3080a1d8cb55eff4f11b92b49bb82b,2017-08-03
1b2998ac4c3495c47a6f8cb5c2d65f35,2bec50359568aa1da8a53641e3d74e78,delivered,2018-01-24 21:31:07,2018-01-25 02:38:24,2018-01-26 13:42:41,2018-02-09 21:13:12,2018-02-22,4fbac054b50006ce51a42ce03c73d863,2018-01-24
b67e02ea060b19daa2f506a1357b29ac,3d25dcab79dd4d05a92125f189ca327b,delivered,2018-03-12 18:55:23,2018-03-12 19:09:54,2018-03-13 22:55:39,2018-04-02 10:35:04,2018-05-07,fe5be7af0172f95e54c5158427804d67,2018-03-12
d8691426e29a4206ab5076fcdbc1736d,36478c0e016a642d15a5dffc20b56c4c,delivered,2018-03-01 21:56:03,2018-03-01 22:10:29,2018-03-02 22:46:37,2018-03-05 21:32:43,2018-03-13,29fe179165945d637a964a545d74bd4c,2018-03-01
8bd6a871f49ba51f3579479d79c6f145,7a008fcdb10f2c786f7277fa29c6b95d,delivered,2018-04-02 10:49:22,2018-04-03 20:09:03,2018-04-04 17:52:29,2018-04-23 13:58:27,2018-04-23,52970000f20b04063762e11517f75e8c,2018-04-02
b99c041d0a55d659b66f51788c0c5817,497fbfe197a4cb43cc155956c71dbbcf,delivered,2018-07-10 07:42:46,2018-07-10 07:55:12,2018-07-10 11:22:00,2018-07-13 19:26:51,2018-08-02,b405aa785f5a7c15dfb42386ef1d4294,2018-07-10
d6322bbb41a10c3fe6721b45537106c8,cb0ae8d3e18ff1b675bdcadf373fc97f,delivered,2017-02-09 22:45:52,2017-02-11 02:45:27,2017-02-15 10:32:24,2017-03-02 08:55:52,2017-03-13,84ca2cd45ec6c9ae2a0bfeef1c8bb14a,2017-02-09
0c0c0f650ac2a2a5be13771662829d5e,ae6df2d35c8f67cdb9ad5648033a1a2c,delivered,2017-12-27 21:13:29,2017-12-27 21:26:41,2017-12-28 17:05:27,2018-01-08 15:37:42,2018-01-31,9049f1d2b2361e33e5104ed75d81c1fc,2017-12-27
1a0b31f08d0d7e87935b819ede91a321,7e769bb9acb55403ebd7ea57a7a4421c,delivered,2017-04-11 13:50:49,2017-04-11 14:05:17,2017-04-13 17:35:03,2017-04-18 08:18:11,2017-05-18,f2633c20568b076dbf77e08da0419274,2017-04-11
c8659bbe606f2b5c31cc02f58fce4b5c,e3a3fce886936b263838d1f984dad2d2,delivered,2017-09-18 20:22:43,2017-09-18 20:36:20,2017-09-22 10:50:15,2017-09-27 22:39:48,2017-10-24,25c50886903a247565974ff09a49bfa1,2017-09-18
a0ecc11c21cacf6dc957678e792102c1,8f8e22820cc1eb5b2a66ace8d1c2033c,delivered,2018-08-19 17:17:45,2018-08-20 12:30:55,2018-08-21 11:56:00,2018-08-28 21:31:00,2018-09-04,cbb3f1c2c7fcb5ba76bb3ea3b046f232,2018-08-19
b6cc16441c0ac5d724fbbfd192b801d6,9d41ac70d57de4ce5e134246bfe7b237,delivered,2017-09-13 12:50:26,2017-09-14 02:45:39,2017-09-15 21:24:48,2017-09-26 21:30:07,2017-10-03,cbd08b04b3f301152b7570da5e9c8cc4,2017-09-13
c09bf2814fb67faaa01616fa08f0d482,26be51031ee800dd720d1e5f80e10433,delivered,2017-04-11 16:18:04,2017-04-11 16:32:02,2017-04-12 10:21:09,2017-04-19 14:44:37,2017-05-03,97f3be23cc6b23bb0909bfa26f6ccf20,2017-04-11
a08c01d5f51d5678f97d00ad2f228f8f,9bd8e567ef3dcb95975094315258139c,delivered,2017-05-22 19:44:21,2017-05-22 19:55:07,2017-05-23 08:45:20,2017-05-24 14:10:17,2017-06-09,766ca11f81d6f01e888b7371cc3933df,2017-05-22
4e1de8ce601dce8d9ec0049bb09af89d,dcd1eac68e471e3d8a26c7609891cbb0,delivered,2018-05-14 13:25:29,2018-05-14 13:35:22,2018-05-17 17:00:00,2018-05-24 15:42:03,2018-06-04,9fe87d7149e3558d9f0673e049eb8d2e,2018-05-14
638c0b485b0d53ae317d2848475b0a6c,ae44e000623f8b6fdb32053a23853bec,delivered,2018-07-16 23:05:11,2018-07-18 02:45:24,2018-07-18 09:34:00,2018-07-23 19:48:43,2018-08-09,9fe6551120a24134dacae1d6e6858118,2018-07-16
9b1ea0490fa9828ccdf677a07879d88d,90532b022f6573a7e3d4d57a4572864a,delivered,2018-01-12 15:58:36,2018-01-12 16:09:05,2018-01-18 19:05:52,2018-01-22 21:08:56,2018-02-05,2a3813ce881447c0a2a010c2760b23cf,2018-01-12
965755dbb84ff452c0e084ef9d1f21a3,b167a5e662ef9b2ac117c7e7ebb8b304,delivered,2017-10-10 18:40:36,2017-10-10 18:49:24,2017-10-11 21:23:46,2017-10-19 16:51:45,2017-10-27,cafe732ea089cc731b7656faf269fa43,2017-10-10
7e4781e7b053db140ebba2ed6e3fde99,15aa16b2327e928f15a72f11d98d241d,delivered,2018-07-02 08:36:24,2018-07-05 16:14:20,2018-07-04 16:05:00,2018-07-10 16:41:12,2018-07-25,e3c04f324e5e7eefacfa710ff436b870,2018-07-02
92e50fc63b89872b2d7aae1c07b64d97,607738441825be3267dcc380da1a069d,delivered,2017-04-20 08:32:30,2017-04-21 05:15:28,2017-04-25 08:14:20,2017-05-04 16:07:40,2017-05-12,f3bddad9740ed90d3170d4a3f4c28048,2017-04-20
4989f3f8cec2a6f73b0d121c0e134624,8d0cefcf69559a014ec1ea6e8ebca2ae,delivered,2018-08-07 16:20:21,2018-08-07 16:35:26,2018-08-10 09:54:00,2018-08-17 21:27:45,2018-08-31,27da09a1dfd834f3c6888caa2319063c,2018-08-07
742d862c30615984a57a26626cd1b40f,55a054548002d8141917bd00ed88d9a7,delivered,2018-05-27 15:57:57,2018-05-27 16:15:04,2018-05-28 16:56:00,2018-06-08 01:32:55,2018-06-28,ae581eaeb4b5e8c2f194d49749aca1fa,2018-05-27
5836a9fd173a29689e12bf421d2d280b,744712b9c80935dedc6c1995e32bfdd9,delivered,2017-01-30 14:19:23,2017-01-30 14:36:35,2017-02-01 15:59:43,2017-02-08 10:12:18,2017-03-15,323f8f14acb90e50f86f1885b6b53c6d,2017-01-30
012e93f8170eb75b2f2f650629d04517,247d810acdcbc96b05e98fa5ddbc250e,delivered,2018-02-01 23:27:28,2018-02-01 23:51:37,2018-02-02 20:37:35,2018-02-07 15:15:58,2018-03-01,6463b8a3ff77bb42c87e658a99f9e1ae,2018-02-01
1f040a56df747205ee9e9a9cd8003877,dca1cedba0ec12fa1079b8f50f0cd16a,delivered,2017-05-15 00:18:42,2017-05-16 03:35:31,2017-05-16 14:05:08,2017-05-19 11:13:58,2017-06-06,8537fc70ed0482fbabe873dade8bf864,2017-05-15
f18f5a3bad7d9b08a5339c46ce64fdf7,991fd5f3b0cf6ed94c38f9f3c28b1a80,delivered,2017-08-10 15:30:50,2017-08-11 04:25:00,2017-08-11 14:36:49,2017-08-31 23:03:58,2017-09-05,ea39c54d85f229c73ad987765db0892e,2017-08-10
60955f77d741a838580384007152692e,93cf06215ca4314f34a26e93ac0320d0,delivered,2018-05-11 16:17:34,2018-05-11 16:31:38,2018-05-14 13:41:00,2018-05-19 11:28:34,2018-05-30,4db9cca4c09e2e22a1ea27f8c68b9e05,2018-05-11
f967a36beb9cc4a1c8899db2d4adfacb,5226d2384cbf25b91d36e3318170e479,delivered,2018-03-29 19:49:55,2018-03-29 20:08:07,2018-04-02 20:12:09,2018-04-24 13:32:44,2018-04-20,b62ddf52465e9bc08be61a3120dfbd4b,2018-03-29
b025c63f2b137f993c1978609f2590b9,9772c01d2cb00abaca4ab9cd7df9a095,delivered,2018-04-03 19:49:08,2018-04-03 20:09:04,2018-04-05 17:44:35,2018-04-11 18:02:39,2018-04-24,1c2749d18aafa501f6e263862d7a5785,2018-04-03
6042c0c3800159373b3343dd442c86bd,3d86c7409e155bf2b6490a0a3384a48c,delivered,2018-07-14 00:35:22,2018-07-14 00:50:18,2018-07-16 13:53:00,2018-07-25 17:32:01,2018-08-03,a94dd925716ba578d23a771b20b90da0,2018-07-14
bd082df331ea01e5fed75bd20f124cf3,b1b857f0298e3621b07763c03bc4676e,delivered,2018-04-02 03:54:22,2018-04-02 04:27:38,2018-04-03 18:44:37,2018-04-16 17:56:37,2018-04-23,90a687b4f288e6a6dde93c07680f9087,2018-04-02
3c05712f236fb4767524a73b0775ff27,84ae4d89a590f6343053cf1f33a0119c,shipped,2017-08-18 21:16:33,2017-08-18 21:30:16,2017-08-21 23:11:58,,2017-09-12,4d4ee410209af34a97b31bc3bb95ef4c,2017-08-18
0e1bac945331ee7ac2676eaec01b8fc4,3ac6c4432699c5b4495a786857df6d14,delivered,2017-03-22 17:26:40,2017-03-22 17:26:40,2017-03-23 08:39:40,2017-04-18 11:46:30,2017-04-24,578d0e82c7ae6b11fefc496160b762fe,2017-03-22
b43a43696d9a9950b681606b8c7786ec,8df2c8fa899507ec4c9709aecabbc68f,delivered,2018-02-20 10:38:18,2018-02-20 10:50:38,2018-02-22 15:19:21,2018-03-07 21:12:44,2018-03-16,7b76418c6bd6d5abbe6cb4af969048a6,2018-02-20
49d10d709e14496d0d1d8d6cb556d2f3,996cc20f492fe7046b8562c4526f345f,delivered,2018-06-26 18:49:53,2018-06-26 19:18:25,2018-06-28 14:05:00,2018-07-03 16:12:58,2018-07-23,767f240a60c7341190384b2d0bc82f01,2018-06-26
ca4ba0b98a93b132627b97a29c658637,16113da7eb5959b1085b146216d09bca,delivered,2018-03-25 23:15:31,2018-03-25 23:30:23,2018-03-27 14:24:50,2018-05-08 13:46:53,2018-05-02,2268a3851575e0ab1a7578c25eab79c1,2018-03-25
7497d2863817fe3cacbf2190af7accf6,16d344034d088c4ea420da408ef77129,delivered,2017-12-05 15:44:26,2017-12-07 15:50:49,2017-12-08 23:38:51,2017-12-11 17:59:01,2017-12-21,16edf3dfe240452007aabc066a9036fb,2017-12-05
5b4b69da34150b8394c7788bf2e9f99f,7f8c37ce90d3343ae2b49242ab8d3ddd,delivered,2018-07-15 13:38:37,2018-07-15 13:50:16,2018-07-16 10:20:00,2018-07-23 20:24:46,2018-08-06,53297c94ead158f9297ab11f26446e30,2018-07-15
0a76ae785560c5882874b2738c60d958,7c2b2f906d186327dc6e0fe22ed570d0,delivered,2017-08-02 12:48:40,2017-08-04 02:30:49,2017-08-07 18:08:04,2017-08-17 10:22:51,2017-08-28,009210a1646725341917560a13f7799f,2017-08-02
c42c77adb71ee6c1ca91e61888a18932,f5ca65d1ad6deb11a9c5c37d948093e9,delivered,2018-02-24 17:48:04,2018-02-24 18:20:19,2018-03-12 22:08:39,2018-04-03 11:34:24,2018-03-23,ea9a21280b28a0963af5d9b58e6df422,2018-02-24
d386985bfd6c699bcfc94596740fec3d,fa3bf08e3e39304580ec8fde1bead18f,delivered,2018-04-11 15:44:39,2018-04-11 16:10:40,2018-04-13 16:54:42,2018-04-19 15:48:44,2018-05-11,c1399f4921d3c8ae3b971c30a93e7506,2018-04-11
15735c67370744a57eb8978014aead04,ad010e59e66825ff57778772d2b9742e,delivered,2017-06-07 10:40:19,2017-06-07 10:50:36,2017-06-08 15:42:08,2017-06-19 19:07:50,2017-07-06,1abe0dbb3171fbd4ecb8e8c99f2c151f,2017-06-07
40ebc9d21ae5f5d7dfd398f87e63f455,54c424fd34699c65ea6d0c12a80e4a72,delivered,2018-03-12 16:57:52,2018-03-12 17:10:50,2018-03-13 22:04:05,2018-03-17 00:18:43,2018-03-22,3c1c6073be5e02b8f2c564a71d6874f3,2018-03-12
112909cbca6ebc18ce400189ea165cae,4c669e5b6ae17e66d4551e3e625c7f1e,delivered,2018-06-26 13:22:57,2018-06-27 13:12:32,2018-06-28 15:11:00,2018-07-03 18:46:36,2018-07-17,3be4334db5ff06c6940d580f36424fab,2018-06-26
f2cc9d063beb0b42924df2341183e910,3ae006470fe900879650b22b95080f2b,delivered,2017-12-02 18:33:40,2017-12-02 18:57:13,2017-12-05 00:37:41,2017-12-10 13:17:00,2017-12-27,e7878eb340012177f89810e8855f3019,2017-12-02
67b0b5998d225c031727557708e9bfb3,0e64243e3c9e75223f747566587f40dd,delivered,2018-05-18 15:29:19,2018-05-18 15:55:41,2018-05-21 13:45:00,2018-06-08 10:41:30,2018-06-11,682ccf21d70f2c2e037c35adc2888109,2018-05-18
12774673db08de6a72c23442fe16e9a4,9df81b7cd5e2cbe09ab02e1a82b8d6c2,delivered,2018-03-02 11:38:59,2018-03-02 11:55:48,2018-03-05 19:38:51,2018-03-06 21:27:47,2018-03-14,c4c43271d40ca41b4755af64065bf330,2018-03-02
e2f6bff876d784db1590923c91ead84a,33ae60240791bd96cb2e94e981759b32,delivered,2017-10-18 17:52:06,2017-10-19 15:49:28,2017-10-20 16:52:35,2017-10-23 22:20:17,2017-10-30,094170026b4a200a44604c743fa595a5,2017-10-18
c432f9c7affd083765cdda588b7ea625,6e7bc0b4093e18eca545fb13d408a9ca,delivered,2018-07-09 14:06:20,2018-07-09 14:24:49,2018-07-10 08:57:00,2018-07-16 15:42:59,2018-08-03,e13e53b911d67b6cd20ff61aecd5d42a,2018-07-09
73f078f94fbf270913ba09b8bb2d0f93,e943e6bedea48751d312af66c93f0592,delivered,2018-04-17 13:00:55,2018-04-17 13:15:18,2018-04-18 00:28:44,2018-04-23 22:46:48,2018-05-10,5badadc48b0a8ea924cb77d130365070,2018-04-17
311048e1af4272bc3aca2843fb97ae44,195133a4df02bdaf18ce8446f3a48c46,delivered,2017-12-15 01:00:28,2017-12-15 01:10:32,2017-12-19 23:34:30,2017-12-23 18:27:00,2018-01-10,a30990a6b91907ac35e5e7bb7247407e,2017-12-15
7f40bccfad4d1884bacd6cb9d10e84e1,d3ef0c42a88b099e427be86fff577e54,delivered,2018-05-13 22:17:28,2018-05-15 05:15:00,2018-05-15 14:59:00,2018-05-19 00:22:45,2018-06-07,915a2b219a25b88ccf9a4a9849d447a1,2018-05-13
3398470b1f117c681a7dc2ead5553724,ab74ad955374d980490e785a2f1e5f9e,delivered,2017-02-05 19:10:08,2017-02-07 04:03:12,2017-02-07 13:09:06,2017-02-14 12:42:35,2017-03-03,b7141964138c7784a87bcd0e70dd3ae0,2017-02-05
7a977daeefe13a57132b21579049d020,c453f2f11d99b58f83619407921ab6aa,delivered,2017-08-13 20:31:28,2017-08-13 20:45:18,2017-08-15 19:52:07,2017-08-19 14:45:39,2017-09-05,7f66a06dd5860559981aac732dbf9066,2017-08-13
434ec3f57648befd76c4f52d8524cc1d,e116184443d10a4a7906e9fa24dfecb3,delivered,2018-04-25 21:11:16,2018-04-27 03:10:30,2018-04-30 14:07:00,2018-05-08 18:15:43,2018-05-18,1b51f325ac40520a9131e2cc8158d97d,2018-04-25
d07974902bc980d801323050a1dd1644,7513b6833a1615ae5be15e84fb3a30f6,delivered,2017-10-10 21:59:58,2017-10-10 22:21:05,2017-10-11 17:45:55,2017-11-03 18:16:59,2017-11-06,8b1b8fcc568b682c8bf1e3a2b15f8263,2017-10-10
329eb66ed3125473bd5c70dc291b2621,64921fede8259055e3944c02d8ba04b8,delivered,2017-05-26 20:18:51,2017-05-26 20:30:20,2017-05-30 15:26:51,2017-06-14 06:45:52,2017-07-05,5f6e8e12bdb0572251404855113d23e0,2017-05-26
ac8189e5e0b236fb91fbd04c3975b750,737a5a1dac264edd6dd49009e8dfdc87,delivered,2017-08-09 13:14:14,2017-08-10 13:25:18,2017-08-14 21:07:52,2017-08-23 19:18:03,2017-09-06,fc43075230d63f6ca93c8c0481aa269a,2017-08-09
ccf9f826a9a2889f396bc19425443c9c,099dd240798668d46c5989ed873226c2,delivered,2018-01-30 18:19:18,2018-01-31 17:30:26,2018-02-01 19:10:34,2018-02-05 19:14:17,2018-02-15,ff62140413ed2eb86784fb43d2003e48,2018-01-30
4754d7bc057483f912a675e072cd7437,0fc720fc8c292a9f931206b6dcaf5245,delivered,2017-11-27 21:12:18,2017-11-27 21:19:27,2017-12-07 19:03:33,2017-12-13 12:19:14,2017-12-15,f4c1cc657910890bcc0d15070508e490,2017-11-27
07d13d352c85dfbfa60dc56dea818335,b3588b0dfd394759bb0048856f365c95,delivered,2017-01-22 23:07:15,2017-01-24 03:50:36,2017-01-27 14:21:25,2017-02-01 21:23:21,2017-02-28,baf8a55609217194b2feb8adacdcc144,2017-01-22
435f2daeb635ed643b734989e51553c6,805d3866943c88ce53b6a4e112e4fdbf,delivered,2018-02-27 15:10:06,2018-02-27 15:29:49,2018-02-28 23:23:16,2018-03-05 16:17:30,2018-03-19,6c0ffe8dd6009590444facb799fe21ae,2018-02-27
070d0196420dc138bcfaa72cb10eea02,3bed766b475a1eb116f9bfa0121d75f4,delivered,2017-11-25 13:10:33,2017-11-25 13:33:16,2017-11-27 18:22:44,2017-11-29 04:28:50,2017-12-11,3892adf144a34a39022e86b98c5e4d43,2017-11-25
d7db188906a24b4ae6a02dc37693752c,c6a5b8db6885e67c4fbb7f21cae8ba16,delivered,2017-12-05 13:34:50,2017-12-06 02:50:38,2017-12-13 13:16:22,2017-12-20 19:48:33,2018-01-11,e0a09cdeebf0054349e0da18a0c05480,2017-12-05
7a857abfe8790b4e9b8989ff734d5154,475cb9fbeae47d32b9f40e4711ea8111,delivered,2018-05-07 08:19:37,2018-05-07 16:33:44,2018-05-09 19:00:00,2018-05-10 22:28:55,2018-05-18,9d32b08911cefcd1c9f7ffb04bb9dd8f,2018-05-07
578c61a097978687b2c5109f39efe918,55e2dbd75d718a43e8c8282be9c4828f,delivered,2017-03-10 14:56:00,2017-03-10 14:56:00,2017-03-14 13:07:41,2017-03-17 14:48:16,2017-04-05,5eafe3b2149915ca7376a3e1a637f5eb,2017-03-10
557c1116cc609730b617567dec5790b3,700445aab496515da3f6d78df2b11968,delivered,2017-06-09 16:01:45,2017-06-09 16:10:32,2017-06-14 10:41:58,2017-06-23 10:44:58,2017-07-06,ea12a6e8c38e284ceda373687b896916,2017-06-09
6460e331ee8f69c01f1423cca48d9991,59b219b2e1d1b20580c3551e07db6648,delivered,2016-10-10 11:17:11,2016-10-11 05:02:23,2016-11-20 09:57:41,2016-11-24 15:44:05,2016-12-02,27ede105a6042b71a261bf57f75fdcf8,2016-10-10
8411e6f64e8ba69af35b400712a77a8b,03c7ba581235c5cf6a6bf7d1c538d422,delivered,2017-05-22 08:50:07,2017-05-22 09:02:26,2017-05-22 16:02:56,2017-06-02 14:56:09,2017-06-22,f1b2ec62b5f1d504eedcfcfd907550cc,2017-05-22
a9121d9a1f7b2530fd9d2d6dc01647cd,366926d8a85ea42152d28ab83c462119,delivered,2017-01-31 03:52:34,2017-02-01 04:31:51,2017-02-01 10:40:12,2017-02-07 07:53:36,2017-03-21,9d9d1b89047588241d03772768201fc5,2017-01-31
1b18975169da58190ac88ceaaa29459c,cfe95194b045abcd321d5447e8391c4e,delivered,2018-01-16 17:51:32,2018-01-16 18:11:29,2018-01-17 17:42:44,2018-01-25 15:27:36,2018-02-09,8229cbf220693493a58f2b3e92be3736,2018-01-16
ae0c90acc567c5caed29567429c341c4,3095dd80e5ee3e7f16667ca2af5d7f7e,delivered,2018-07-29 12:48:12,2018-07-29 13:24:09,2018-07-30 07:59:00,2018-08-02 22:38:45,2018-08-08,790982964ea7e540a4b70e6b505cf90d,2018-07-29
67bb62ec6f396662e56bcb9d61f09b57,a9d9f52bdd819917614deba59f4e56ca,delivered,2018-08-03 11:56:31,2018-08-03 12:31:33,2018-08-06 08:47:00,2018-08-09 19:36:27,2018-08-21,8042fad72d0031829f81d15f1b4cca63,2018-08-03
f4d74c1de6a7dd6cdaa7e10221fbae2a,75be520c2f39abbac9e235557f0b8e15,delivered,2017-11-17 13:13:15,2017-11-17 13:46:36,2017-11-22 21:04:35,2017-11-30 15:42:26,2017-12-07,b55259dd2ea9a85539ce1f19a992fba0,2017-11-17
54003f7c50e8d6150ba0d26f4b3e3a2c,8655fec02cd7546f279aad8752c8a726,delivered,2018-03-20 00:51:47,2018-03-20 01:08:37,2018-03-20 21:21:46,2018-03-21 13:54:27,2018-04-02,55e07f8738d4e72a48b0791979c15ea9,2018-03-20
6127797c104df1ac653da2a9783f2d65,d0b25c3ff06f89424d29785b8142901d,delivered,2018-04-15 18:56:42,2018-04-15 19:10:56,2018-04-16 20:11:27,2018-04-17 19:58:46,2018-05-03,a45398b4871a8c038a31cc8c64a52625,2018-04-15
233eebd5164efa70e2f97046c2bb804c,71efc8423141b34577e6c63aefddd5bc,delivered,2018-03-26 16:32:34,2018-03-26 16:47:35,2018-03-27 22:57:22,2018-04-03 00:57:48,2018-04-12,7b59754e7f6def50a5afd6028a896f0a,2018-03-26
37c814e314a9f68cd30d01a953025068,6057b3230ae1277e11dd7ee7452f6b63,delivered,2018-03-25 21:08:01,2018-03-27 04:08:27,2018-03-27 19:48:57,2018-04-10 14:28:52,2018-04-16,850253971f619c52865c077be59aabf7,2018-03-25
16aaefde5d48ac55cb13be6353f9d415,c616dbff41c008fb0d5f5e7bb8e742ba,delivered,2017-03-31 19:14:54,2017-03-31 19:25:07,2017-04-03 14:55:06,2017-04-07 11:52:11,2017-04-25,5420b1f106ead41c96e9e4a19ed293cd,2017-03-31
2950635023cad13f31781829ce4d6038,eca0a7f41f784eeaed7b306ca676dad6,delivered,2018-03-29 21:41:38,2018-04-03 05:48:55,2018-04-06 21:58:38,2018-04-16 20:27:51,2018-04-24,3d27ae84bc19705dcdbaed05a18184b5,2018-03-29
f05e28dab420413c46a8eb509b5767cf,5f6705d9c72fa68afdf8b23b94bfeb63,delivered,2017-12-06 22:32:50,2017-12-08 22:30:21,2017-12-12 01:08:46,2017-12-27 10:58:41,2017-12-29,aa30c27dc2f31ddae72a8d176e61e817,2017-12-06
0f6134bc3d92b2b091f7cab65b9f7ac2,8de47e3c79765207cd3b53d4c95ed949,delivered,2018-06-03 11:49:20,2018-06-03 12:10:28,2018-06-07 14:14:00,2018-06-14 21:33:26,2018-07-24,47544c4d42f988172faedb4b05231671,2018-06-03
758fbb6d7ea877ff4005851bb75238c2,99b4d43e6fe62bf8ac5142de557dd80b,delivered,2017-05-20 13:29:03,2017-05-20 13:43:25,2017-05-25 09:27:44,2017-06-09 10:49:33,2017-06-09,ac0a8c4176b5ec6656aac390cd7345f0,2017-05-20
eb2bc421011479d161bd927f2d43272f,0e03f37794e29b07c282c0c8cdf111a4,delivered,2017-11-25 19:24:26,2017-11-25 19:34:34,2017-11-28 02:47:46,2017-12-15 17:58:49,2017-12-18,5726ba58ed9fc38265e1874aee81a1dc,2017-11-25
9af30405d5b2815b66fcfd17e241fa90,ea16d707b31362619e32a72fb693e792,delivered,2017-12-26 16:45:21,2017-12-27 04:08:46,2017-12-27 16:44:48,2017-12-28 18:48:02,2018-01-15,1742c3da0133b19aaa78828d024e69b3,2017-12-26
e5c7ad83fffff48754bc2696e1ea59fb,c5444e3af35bf2098b42eba5c776c755,delivered,2018-07-05 07:52:09,2018-07-05 16:18:50,2018-07-06 12:03:00,2018-07-10 21:48:53,2018-07-24,d0bf356133a1fa60b16d5124042e8841,2018-07-05
77a5bfa62225470464b913edec2910a3,4af87b0f3169a9883b311bb33441349b,invoiced,2017-11-04 12:43:59,2017-11-07 07:30:44,,,2017-11-29,4e87a86e491f833e7a0347295a2e025e,2017-11-04
1eed3691b23af50a487c4f8828287734,6631da7e6d5498aafb370521ea6069e8,delivered,2017-07-20 00:17:09,2017-07-20 00:25:21,2017-07-24 20:34:00,2017-07-28 18:35:08,2017-08-11,98ffcca151e2835076511fcfa46732e9,2017-07-20
ac0d19143b07550124df5139ba1faa6a,6c4746775f7e66bf1e3e44bc3e9065fa,delivered,2017-12-08 17:10:54,2017-12-08 17:30:27,2018-01-09 16:31:35,2018-01-09 22:58:06,2017-12-27,807ab49bc4a433c60d396c7074359889,2017-12-08
5cf4f1db71ef2896c0c286637f7dffd1,90c3de9eb482c56ce68a64076d68323c,delivered,2018-07-25 13:20:53,2018-07-25 13:30:15,2018-07-26 11:16:00,2018-07-30 15:55:11,2018-08-09,26da0172c125783bb823a86d6d077fe6,2018-07-25
6f4a6eb3e4ef9a73f9b63fa7ee3ce425,252c0f494f702d4238a24ea47848b9bb,delivered,2017-02-20 13:31:57,2017-02-21 05:07:43,2017-02-21 12:00:56,2017-03-06 09:41:59,2017-03-21,60bb068bf8d8d846b47af790ef190b3f,2017-02-20
902b131c259343f5ed33793abe78e408,697d2a6cdb2580c0bed46a3ff51acfa9,delivered,2017-07-10 12:26:03,2017-07-10 12:43:46,2017-07-11 17:17:32,2017-07-24 19:32:22,2017-08-03,338447d973b74383a4cfd06645154194,2017-07-10
192fa3a13695ed2ce3bb341e3313d69d,56d8324b1de540272cf519a7ee409c24,delivered,2017-10-16 21:56:21,2017-10-16 22:49:22,2017-10-17 16:27:44,2017-10-25 17:46:18,2017-11-07,9a07e60345e320d904ab205aa8a1e4ad,2017-10-16
d35588da5ba45ef8d7b51fa96db86059,71570974a826d2c978517fab207ccb7d,delivered,2017-10-06 08:36:57,2017-10-06 08:49:18,2017-10-06 17:55:20,2017-10-21 01:03:11,2017-11-09,f5b4f7a0a21131d5cdf1b3f551c5797f,2017-10-06
c1366ef2cc8c78ce5497795b5c792431,714b4d2f0cde4bae597759c5fb41d161,delivered,2017-12-04 07:42:54,2017-12-05 04:12:09,2017-12-07 18:13:09,2017-12-08 15:53:17,2017-12-20,e7951b7450c6a8de718d0fe80a063b4a,2017-12-04
5ff9ebf728452fa38327107ff79df804,032a8a054066276df2c3df8e1be1611c,delivered,2018-04-27 19:04:19,2018-04-28 03:32:56,2018-05-11 06:38:00,2018-05-17 11:10:49,2018-05-28,1d3e756d12649ccfe5a47a02628baec3,2018-04-27
1da6c2d53ad9f033ccf54f16801546eb,723debce8018cfe1a57bb4c4d9793696,delivered,2017-09-23 15:05:38,2017-09-23 15:15:16,2017-09-27 16:54:01,2017-10-06 17:28:06,2017-11-13,b743c4f6d5a29e14ae1d9a13efc9d700,2017-09-23
ad0dd8ca440dc2c8317a394821bce7b4,a4bdf6e6b0fdac1fd623e1c1a5417ce0,delivered,2017-06-07 11:58:12,2017-06-07 13:05:26,2017-06-09 13:02:52,2017-06-22 11:42:08,2017-07-10,45d4c7462c4f705eb33ac376fe38bc72,2017-06-07
68078862fcfa2002707c665997fee311,3801aefdf91a678d97c08325798a79bb,delivered,2017-05-25 15:02:57,2017-05-26 02:35:17,2017-05-29 10:00:55,2017-06-01 12:03:28,2017-06-14,c8d3f0c43a77afcc2f604d689ed2bec0,2017-05-25
37a4ce5cc129f57f3c0d75ea0930f420,a6c7918342b4916efb9c858a5554dc2b,delivered,2018-01-18 12:30:24,2018-01-18 12:56:26,2018-01-23 21:39:12,2018-02-09 21:38:56,2018-02-26,591d935c23c5681ce5b144b047e4ab4c,2018-01-18
2fc4990b9de2806b1e361d39937c113c,8c9bfe4267c768c965a7a3770b06899b,delivered,2018-04-05 21:41:17,2018-04-05 21:55:15,2018-04-07 01:26:33,2018-04-12 19:23:43,2018-04-26,3e106ca9900549d3fe143694d984da50,2018-04-05
8881dc280b8de23e6913aaee6bf61bb5,1409d4984ed93c6cd3098952b9ff8ff1,delivered,2018-06-07 18:42:34,2018-06-07 18:55:58,2018-06-08 12:03:00,2018-06-15 18:42:41,2018-07-13,ef473761105b90c05402d43c9bf26def,2018-06-07
142b64dc3a09842572df17bdca68b5f3,29688803497585707a8b9bc412b3ef17,delivered,2017-11-02 14:55:45,2017-11-02 15:10:28,2017-11-09 17:53:17,2017-11-24 10:26:34,2017-11-29,922c07831bcff9a602e013a99c48938e,2017-11-02
f45c2739157a61ee8da5724e961a227e,e050f1d0ef8106ee8e751297866c1b6c,delivered,2017-06-27 11:21:39,2017-06-29 02:50:25,2017-06-29 15:26:23,2017-07-05 14:43:51,2017-07-26,17a2d93cb1aab45e3d21d5eba7daaed2,2017-06-27
d4483d3fe5bb19cb4dcfe5d9a0bd4604,a4006adf432fbcb1718231ca5a5ca743,delivered,2018-07-28 13:12:23,2018-07-28 13:44:35,2018-07-30 15:11:00,2018-08-02 21:46:43,2018-08-09,f91713ff732f4dde0e04acada658bfd4,2018-07-28
c68cb1496648de6d9c8ee2e4475f8fc3,4101a5d6c7424b949a43adc5a2c0b723,delivered,2018-04-27 14:28:05,2018-04-27 14:52:27,2018-04-30 08:43:00,2018-05-02 17:12:01,2018-05-10,311ed28cdceb4f7c87b66bb02ab5cf07,2018-04-27
47950fd9593ec583d56bcc690f12e245,5f9d4ba1b2825bd9d4c3af5722c8f790,delivered,2018-05-25 16:47:12,2018-05-26 02:31:38,2018-05-28 13:13:00,2018-06-08 17:39:44,2018-06-20,5c0a319a946951234070ce4e9ffe8716,2018-05-25
869997fbe01f39d184956b5c6bccfdbe,55c9dad94ec1a2ba57998bdb376c230a,canceled,2018-09-26 08:40:15,,,,2018-10-25,ba84da8c159659f116329563a0a981dd,2018-09-26
8ffdb23dc30d4050e387117034445f98,859a7b535e698c33782421bd099629b6,delivered,2017-05-02 23:03:56,2017-05-03 15:35:25,2017-05-11 14:29:05,2017-06-06 15:54:37,2017-05-30,1053f67b98927ed3b841a229503ea060,2017-05-02
66efd2908f85d751e42a8ef1b0bf103a,0eda78797211970cf380fa08b6cf5e89,delivered,2017-12-30 10:22:15,2017-12-30 10:30:29,2018-01-02 20:37:54,2018-01-10 20:28:59,2018-01-29,c65491b1ab5846f50ca0a3ed1408f398,2017-12-30
d20d521427100e96eb0298afc19d97f6,d711a88fdd3d5d149e3448061520dd71,delivered,2018-06-13 16:26:28,2018-06-13 17:00:13,2018-06-15 13:57:00,2018-06-26 21:44:26,2018-07-26,f15b71e1436f2203885623aa3ca4f470,2018-06-13
9dbf98463571bd46e501a18aa7c2899a,c5f1305fe9228545294036db7d4ac658,delivered,2017-12-21 22:16:40,2017-12-23 02:18:24,2017-12-28 17:19:17,2017-12-29 18:43:41,2018-01-11,3c01383209a7ed0c991f655356a601f2,2017-12-21
78c0b2e524faf734fa7ecccff7e492aa,dad733d24b13b2b00ef4c1f1d2aa9a32,delivered,2018-06-03 17:02:22,2018-06-05 04:52:03,2018-06-06 14:37:00,2018-06-18 16:54:52,2018-07-12,f00e99f043c33da533ebc107f5a68c4e,2018-06-03
6d5e182d08759de50f1ddd6990a8ca61,d257ce8fd49271a0c7a0a5c304fb3333,shipped,2018-04-11 20:08:25,2018-04-11 20:29:47,2018-04-12 22:12:13,,2018-05-04,af61757ecb4ca65eeb3302a1b1cd00e4,2018-04-11
5a21bc094a00548eb4ede75095889e95,ab990ef1c4e2bd1d627000a5bd51ab05,delivered,2018-02-19 15:13:10,2018-02-20 07:10:46,2018-02-21 21:15:10,2018-03-14 13:54:33,2018-03-19,14d4fa58bd8da90213b6153a3ab51bcd,2018-02-19
9ee1e0b23de00d0f485da371304385f4,b74843e8f80a6bcb5946b73358cd43ed,delivered,2018-01-26 15:50:13,2018-01-26 16:19:27,2018-01-29 17:22:47,2018-02-15 15:25:18,2018-02-26,56e6e2f45330690d125adb8606d8459b,2018-01-26
6c789c4531cce9df0350a20eba9936be,b2a524843883f80fec97328f138ac3bb,delivered,2017-11-10 12:58:10,2017-11-11 02:55:42,2017-11-17 19:51:17,2017-11-21 20:07:26,2017-11-24,d39911e473dc31245532d56b102e48fb,2017-11-10
abe67a843827a36b5f5c1b9e141b5531,0dfe07126bf358f2851e2a02aa46aecd,delivered,2018-07-16 19:30:44,2018-07-18 02:45:22,2018-07-19 18:04:00,2018-08-01 13:03:34,2018-08-09,a000803fa0a50bb296c85c77a164af77,2018-07-16
b45a5a1ecf16bbfd6254cdb7ef0dc2f7,37be9132c30097517fd6acecbda58ad5,delivered,2018-03-15 09:02:36,2018-03-16 03:45:19,2018-03-16 18:24:29,2018-03-27 18:09:46,2018-04-06,8758bfd445923087baa6732c77ae882a,2018-03-15
7e1143a7f790cb46901efe6d2c3401b3,b763ab1e6ce4e740fd2c4ad17141ada2,delivered,2018-01-02 19:04:53,2018-01-02 19:31:33,2018-01-03 19:33:44,2018-01-05 16:14:23,2018-01-18,d4576e53b0e109423a635a989c74535c,2018-01-02
9ce6c58565a9f49c421d2c6e9f650041,d7c13c32539612fcc615e44ee3d9ecb8,delivered,2017-10-16 18:46:05,2017-10-18 03:09:14,2017-10-24 23:53:10,2017-11-14 20:51:54,2017-11-28,79256675b4a72bc5cbc2de56b496cb40,2017-10-16
8251eaa2e6ddef54b733bbac505cb57b,2ad63219689e97540b167b3dca7c350a,delivered,2017-12-06 12:09:10,2017-12-06 12:19:31,2017-12-07 18:15:31,2017-12-27 03:04:20,2018-01-08,c561e29969dc2e98debc50e1b009c46f,2017-12-06
dd93ad321f58e7e25ad0dde34d747a5c,aa7bd59e3fd3e858e9ae5e3f2954ba42,delivered,2018-02-04 22:05:25,2018-02-05 21:55:29,2018-02-08 00:47:56,2018-02-27 00:07:38,2018-03-07,16c8f147b88e1fe764b93887fedcf5ec,2018-02-04
7e3df478d7ab6ef28c022acd6bc4df2f,119d2be4d56085b41d34fededa11b1bc,delivered,2018-01-31 14:25:28,2018-01-31 14:50:10,2018-02-02 01:18:13,2018-02-03 01:28:53,2018-02-16,308dd643fa2e9df31ac2bf3f0d4b7142,2018-01-31
5840068b97332d448a86a8123876c940,19c0e85760da9a9bce4e2472c4818c63,delivered,2018-01-14 11:50:59,2018-01-14 12:08:45,2018-01-22 19:16:44,2018-01-26 23:53:11,2018-01-30,324797085dcb3dd92f55d199a6fc41d2,2018-01-14
99917575a602235938d9572d18ad0caf,e14fffe9e8a1c37261430c6f9c7a96b1,delivered,2017-10-14 20:22:17,2017-10-14 20:36:35,2017-10-16 16:34:09,2017-11-13 20:09:42,2017-11-16,8a7739b88895d051d144901b28528f8e,2017-10-14
c76aa58bebd46d59ad087870ece70dd7,4089e7341d53fc5d347d9d309272ffab,delivered,2018-05-16 13:05:30,2018-05-17 03:34:54,2018-05-18 14:15:00,2018-06-04 14:19:01,2018-06-07,3e15d70f493e3a92bf7f9a60b009f3f1,2018-05-16
2593934aa67c9cf886bba605ff28c2b8,9972cdbf7100c03964eee775f3327c9f,delivered,2018-05-31 16:47:51,2018-05-31 17:09:43,2018-06-01 12:26:00,2018-06-04 20:18:38,2018-06-26,c2a539fd7d2cc41becbd104ee438cb70,2018-05-31
c4c8b726ad7cd3710a9cf7bbbbcff111,c4f135e4cc9e64295cdc7cadf490b642,delivered,2017-10-01 18:55:23,2017-10-01 19:07:18,2017-10-02 19:37:34,2017-10-17 17:49:53,2017-10-31,8354efcda5b838cf6203c9b135ce4e0e,2017-10-01
9b5f1d8f674dbded691812e5fe07db5c,86d9c7683745d83c909476d82e7bc06e,delivered,2017-12-10 20:02:46,2017-12-13 14:58:28,2017-12-14 21:57:01,2017-12-27 20:53:28,2018-01-12,6b5d5706d1c35b7e31737317c9e0c4fe,2017-12-10
86200deb58eb0b29e666114e87e76302,27b151e6441fb44c683868ebf2a123dd,delivered,2017-11-29 21:24:02,2017-12-01 21:55:19,2017-12-06 16:23:02,2017-12-14 14:44:59,2017-12-15,f49078ecf4fecfb88188135da275b4b5,2017-11-29
d698f250537eaef39df378be5aae95f0,2947a753b45ea10edd8861584073e202,delivered,2018-03-24 17:23:22,2018-03-24 17:47:16,2018-03-27 16:46:54,2018-04-14 22:04:08,2018-04-12,8f4acbe11e84274fbf9731e8c5e1da46,2018-03-24
2d46df0a9debda5d4ca0d1f8058bf73a,53e93728c3003229b2efdecdc2a807b4,delivered,2018-05-27 17:11:47,2018-05-27 17:34:43,2018-05-28 15:26:00,2018-05-29 18:08:54,2018-06-28,4d7ab21b0fb7fa005497c15320a861ab,2018-05-27
d24ea7235cbfd0959d74ed0ce8d59c5e,fce0a38ea4ce9584008af2e6fcbe2f04,delivered,2017-06-22 13:05:19,2017-06-23 13:10:22,2017-06-27 07:51:45,2017-07-04 11:15:56,2017-07-14,53659fc28853c4a199f9ba87eabc7ec4,2017-06-22
a0876d2ad6e38376443f17b3f1f7a716,4f92671b9446f9ce54ce9003bd704cf0,delivered,2017-12-10 21:18:41,2017-12-11 01:30:20,2017-12-11 20:12:54,2018-01-06 12:39:21,2018-01-04,0c1f1c10bd715fe624982beaa44f9090,2017-12-10
208fd0f311f3bedefc7658b648736b8e,e21beb91d78c8390639f5ae9fa20a014,delivered,2017-12-22 20:35:38,2017-12-22 20:50:08,2017-12-27 23:10:59,2018-01-09 19:14:24,2018-01-24,1edf9d03768ec49c00228cc63334e6bb,2017-12-22
641879e47a518bfcd257cdedda69f029,b3ecc2bd81952e83915d0df692cca31f,delivered,2018-04-21 22:03:59,2018-04-24 19:25:17,2018-04-23 19:04:12,2018-04-24 19:18:51,2018-05-10,bbed51cbb106c22420a76daf801daaa2,2018-04-21
38526edd44a1d0ae9f1bab48804da5e0,fd905acc8e4322baccc7e50efb4b8947,delivered,2017-02-21 21:27:33,2017-02-21 21:35:17,2017-03-01 08:22:29,2017-03-06 10:47:49,2017-04-13,19377ae5b9288f8ac17a6586a839c4d8,2017-02-21
26eea858a0672bfaaa61846e9dcfbfb5,ddd620bf955b11bdef3f56d668a17344,delivered,2017-11-24 11:07:35,2017-11-24 13:12:16,2017-11-28 18:39:01,2017-12-22 21:44:24,2017-12-18,9a869a72b19df48261a5a068f73eb25f,2017-11-24
92a0ba3943ad83671830b1091c606671,867c55ed114e42ec2f42e8f40b114cf4,canceled,2017-03-24 00:24:17,2017-03-24 01:23:01,,,2017-04-26,6ba3571c79296aa8f1ca7fc5b1b84b4c,2017-03-24
8f4350670751e101afb4d732a2ec8ac8,9e510c899bd362c1488f53df7dff0b42,delivered,2018-03-22 16:58:45,2018-03-24 02:15:51,2018-03-26 17:36:45,2018-05-01 18:52:54,2018-04-17,d0f35a2cb9d0fff870811961232a5904,2018-03-22
508ef00c7a0d53b647c360ff7780a69d,2cb2704db6efbaeb4469715793fa0f97,delivered,2017-10-26 09:19:29,2017-10-26 09:35:14,2017-10-27 19:24:13,2017-11-10 19:46:53,2017-11-24,274f4aea3f204d2db1dad99541b05f42,2017-10-26
12fcd7e7ba3b8dbe376fe73f27aa0a94,162ef1573c740876cf3265660c5ce579,delivered,2018-04-01 09:04:32,2018-04-01 09:15:15,2018-04-03 15:12:54,2018-04-18 01:43:27,2018-04-27,de19887b95fee78cb2d89525e8ceb499,2018-04-01
6aa761d20ab1c766a9fd060abd448f77,9690bb6edd4844dad4b5ffea8a4997c3,delivered,2018-08-16 22:57:11,2018-08-18 02:50:29,2018-08-21 14:49:00,2018-08-24 14:33:47,2018-09-05,ed1726473f5f6971b27a9870578a0e84,2018-08-16
034afd1b074e35a1d1dcf70c4a5641b5,9d571c9e16be4b04343afa2d84d94352,delivered,2017-12-01 22:42:12,2017-12-01 22:54:29,2017-12-04 21:07:51,2017-12-06 18:15:04,2017-12-19,feb3a5a11a06b144a9aee7fb0fc03453,2017-12-01
7fc7d9c812c9ed9d6432cac2912a1091,a4ce1834b09060700fd8af2850b37b89,delivered,2018-01-05 06:15:55,2018-01-05 06:27:58,2018-01-05 23:14:37,2018-01-10 19:19:34,2018-01-30,20b8e8857bff32842b05ed2aea276a80,2018-01-05
a5db68fbdade236961fa0c90c8264898,9897cc2745dee2567ebdd9c8e997f6d1,delivered,2017-06-25 22:59:52,2017-06-25 23:15:12,2017-06-30 14:07:12,2017-07-11 20:10:15,2017-07-20,bb23040f48dc220e6aa14a94dce1b2eb,2017-06-25
2060cb090f613a2c6e389e351afc8031,27384b6028d1bc63a679abe786e4c2ee,delivered,2018-08-07 01:27:47,2018-08-07 01:44:31,2018-08-07 13:51:00,2018-08-14 17:08:43,2018-08-21,e842452b583e70fc5a06614d85613f7d,2018-08-07
af0bbb47f125381ce9f3597dc70ef07b,647ffc1aec9d59531d818a8c8db926b7,delivered,2018-02-09 12:28:02,2018-02-09 13:31:45,2018-02-14 20:07:06,2018-03-07 19:13:53,2018-03-05,ea35a50a1e0ace8f0bdbf340328383c8,2018-02-09
fc397591bee787fb156a971904c4b51f,ea1fa31c879adb514ec0f5aeaaf4dda1,delivered,2017-09-13 19:55:52,2017-09-14 02:55:29,2017-09-15 15:02:50,2017-10-03 18:43:20,2017-10-23,70f7a0f059a18bdae1627358e64725b3,2017-09-13
b4c5ff803ab75f16ce38e62e25cab043,f1a658516724893151252a16cc7d5cc7,delivered,2018-05-26 10:35:01,2018-05-29 03:55:12,2018-06-05 13:32:00,2018-06-14 23:42:18,2018-07-11,1f18f0c4db52786af00aae82566348f4,2018-05-26
1c30f782ac9a37cc2fc7db08f3ccf24a,af334a28d4e35cdde3c3a4c5826674bb,shipped,2017-11-28 11:14:06,2017-11-28 12:07:32,2017-12-04 23:57:47,,2017-12-20,be6a45a0316a55af253597dd585bb50b,2017-11-28
84d60e19027c1623f295fe43b74ca280,6414adc9e0375fb95d8264bcbc8f880b,delivered,2018-07-29 11:51:43,2018-07-31 04:31:53,2018-08-13 14:45:00,2018-08-17 00:22:03,2018-08-24,d88fdec8f16319f32bc0cdbc28e78271,2018-07-29
de4958b5bf2da2859150af8192c3a3d0,b8e495ee58dee95b53dc612ed49bb0c3,delivered,2018-02-27 16:25:34,2018-03-01 13:55:35,2018-03-05 21:17:49,2018-04-06 17:14:43,2018-03-28,58f8c4c9083b727977b9f828a6a58cdc,2018-02-27
63df944db623c7313fae09f61564ff64,8f1baf5b8ee035d9f5a64b50f79d9e13,delivered,2017-10-07 17:22:48,2017-10-08 17:28:30,2017-10-10 18:08:17,2017-10-23 18:58:50,2017-11-06,517a7e097944fbc00c06add3ee10292c,2017-10-07
e2899c01b0665046758356f4e338aca0,e10ddf68b7d7d3d3afb54497e28ad620,delivered,2017-09-10 14:44:57,2017-09-10 14:55:11,2017-09-12 17:52:54,2017-10-04 21:38:11,2017-10-10,2973d3604b2d02d5ffb48d8af48521c8,2017-09-10
ee3392ed69b3aa71906d6890c571cf81,0fde8e87ca38a4a0538f01500c508962,delivered,2018-07-01 14:31:03,2018-07-01 14:50:06,2018-07-02 15:03:00,2018-07-06 18:12:34,2018-07-25,5afbc92f90ab43f47c8fdeb439b55be6,2018-07-01
1870435c92e656773aba0cb7b5a49b26,362e8547ed41f5bc4e7eccffb84c698d,delivered,2018-06-11 22:50:17,2018-06-11 23:18:24,2018-06-15 12:24:00,2018-06-21 19:51:50,2018-07-11,f0b9650e6ccc5e3262abfe9300d15119,2018-06-11
40c1597a3bf7628a0c70b7aeb1cb9c51,c90688a2dc8cd5c3dc310d524fa20795,delivered,2017-08-21 10:40:01,2017-08-22 10:46:03,2017-08-25 19:22:28,2017-09-01 14:10:23,2017-09-11,63a567ba7896e52fa5dd4857dc86f701,2017-08-21
dd5419332273c31581ae758c74874997,314d29c9d4535a7b44172612e9300610,delivered,2017-11-26 01:25:30,2017-11-29 02:20:22,2017-12-01 21:07:06,2018-01-06 14:08:09,2017-12-20,3fb33fc70468a4e2ed17033b1306d00f,2017-11-26
8932f7d67eec4b3ed9a4d5ae0b30e06a,7efa4ffd3323a20dde6d1b3fd22c1152,delivered,2017-07-11 00:36:03,2017-07-11 00:50:11,2017-07-13 13:47:54,2017-08-01 19:33:51,2017-08-14,5e48d718af7ce9cfb2ca5a9b2ca2b8dd,2017-07-11
39463e03ee1cf3c0c36db7d3dda89117,ff5c7c8171b2745f2b4c009142e0dc90,delivered,2018-06-20 13:49:08,2018-06-20 14:18:21,2018-06-21 11:45:00,2018-06-28 17:19:01,2018-07-12,c48e02b459c133d820429a0fcf2366bd,2018-06-20
8e96b092573364fa542b5c5fb3a9d9a3,dacbd51de638539d7336ad7b85a46cba,unavailable,2017-11-02 12:17:17,2017-11-04 03:35:31,,,2017-11-16,3b05dd546557d202fbbe3c502fa3c009,2017-11-02
bc8d3ca8eda2e79015ce0ddd10eeca47,37b8bf00dc7973d1bdc58fdbfeaee55e,delivered,2018-07-12 21:08:10,2018-07-12 21:30:18,2018-07-16 15:02:00,2018-07-26 22:28:51,2018-08-10,6ebf664d94300426672f982d69c10672,2018-07-12
057b58254cebaa14e712b7beb7bfa9a8,944ef9f636fb17c976efe30712d21402,delivered,2017-06-16 11:50:58,2017-06-17 11:45:34,2017-06-19 16:49:42,2017-07-07 17:43:30,2017-07-25,f923e199120435fc709f1b21fc44e483,2017-06-16
dd483c08e967ecd4c5db676b84dfd1eb,d88285115e8517ca1f366dd4608a5dcc,delivered,2018-04-04 12:45:01,2018-04-04 13:09:55,2018-04-05 17:30:45,2018-04-07 01:00:45,2018-04-19,85ec9fe66371731ebbc28903ae304551,2018-04-04
c91d40fb2f63b537cae12ea716b46350,5aa4d09312462210c3ab6de5dacdb33b,delivered,2017-07-18 11:49:32,2017-07-18 12:05:48,2017-07-19 19:36:55,2017-07-31 19:58:00,2017-08-11,170c6b75068b2cfbf2bb663966bd7506,2017-07-18
f2774b2721b0f7d1a617a955bafdc9a8,f6355b874877aef487df847d39337321,delivered,2017-09-23 15:45:15,2017-09-23 16:04:25,2017-09-25 15:52:38,2017-10-02 14:27:48,2017-10-18,13116fd740e81a84e0880e859e255aa7,2017-09-23
e544af259c17461504ff139fd5783179,ce10eba206282d64135a408029e09872,delivered,2017-07-20 16:25:56,2017-07-22 02:23:50,2017-07-26 00:49:50,2017-07-26 17:42:15,2017-08-07,f5810f067e52b2c6e4f472138f3ca3d8,2017-07-20
b40d597f0eb58c117cb5d9e424f10426,22a4b8a7912abc2b02051dca85e02564,delivered,2018-05-13 16:04:51,2018-05-13 16:15:16,2018-05-17 11:57:00,2018-06-19 20:16:35,2018-06-13,ffeddf8aa7cdecf403e77b2e9a99e2ea,2018-05-13
4bf603cde1e3f217c4f534a43c79f36a,3745f821304d2d872da468c124e48b3e,delivered,2018-01-28 12:23:34,2018-01-28 12:40:04,2018-01-30 13:06:38,2018-02-06 17:12:14,2018-02-23,24d25c0dcf940b111080d2a8b8db6346,2018-01-28
31932da1b041c8391eb82c14213e73fb,8c3ed15dd1d9aca4a40870f31a1e7253,delivered,2018-07-18 08:12:04,2018-07-18 08:35:17,2018-07-18 11:58:00,2018-07-31 17:21:46,2018-08-16,b8043dc7e600706b2f7aa3b8e360f5a4,2018-07-18
ee026f49fd0f7469eca393e46a073077,8f62f298087a5445d36cb4695c52ebeb,delivered,2017-10-18 20:48:31,2017-10-18 21:56:27,2017-10-19 19:54:06,2017-10-25 20:13:51,2017-11-17,722099c9bab38b931795d04f03ecf7ab,2017-10-18
93a864c37dae71568ea5f14dc1dc5aa5,7ece689f109300cc211b920f701279d5,delivered,2018-04-30 15:35:44,2018-05-01 02:38:08,2018-05-02 16:26:00,2018-05-03 10:52:01,2018-05-16,1319b66c52cb63ab7795494ff4b00234,2018-04-30
100d88397a04a3242753eba46891e7d4,0f092210b2b77d0766cb6f537321de78,delivered,2018-04-05 19:26:41,2018-04-05 19:48:55,2018-04-06 23:08:27,2018-04-13 23:40:38,2018-04-27,ad9e05ae9d8d710caaaefaf45cea63fe,2018-04-05
549d30fc0378a3645167a900c9ece399,14d40d1040dcfb5db5d4cbc12250c76f,delivered,2018-06-12 09:05:48,2018-06-12 09:18:58,2018-06-12 14:59:00,2018-06-19 14:38:34,2018-07-11,994c4dd88ed8c241e8f5a39b7b1c2295,2018-06-12
77b9ceb8cf451ae51ef8327983efd9d3,40f72292979fbeb548f2c32e21759062,delivered,2017-11-01 22:26:06,2017-11-01 22:45:10,2017-11-03 20:39:38,2017-11-17 17:12:57,2017-12-04,af6fd41490042a993cc1d33e42e859ae,2017-11-01
08c50a01a3260630c82c21826c0061e4,bed1104f53cd020a3a410b93952bebdc,delivered,2017-10-10 14:41:43,2017-10-11 03:49:28,2017-10-11 17:37:35,2017-10-20 18:23:53,2017-11-07,5ebff9b8e9d53cd6d3152d32e9ea4aa6,2017-10-10
d600ade4b93f1464f08161e661d9812c,424072396f8f28b7522790dda26981bb,delivered,2018-02-20 14:36:01,2018-02-22 02:10:42,2018-02-22 22:58:42,2018-03-09 22:10:05,2018-03-22,9569233a383eec155f537bc9c0853873,2018-02-20
7d9bcfa3311de116da3d91d20236b5c5,2b27bad8990a7ce592c11a8f23a1700d,delivered,2018-06-08 07:40:32,2018-06-08 07:54:35,2018-06-11 14:29:00,2018-06-15 18:33:08,2018-07-11,81d7aa5cbc0915806e4abcd68fe36c53,2018-06-08
eb97cb9c0ed7c74852c09b053bf513c0,73ff9bf43ef84c0a779324bacd35cfe7,delivered,2017-11-08 22:24:04,2017-11-10 03:10:24,2017-11-10 22:05:39,2017-11-13 18:04:58,2017-11-22,51186e97f76f5e2c6feb3be05065b977,2017-11-08
5e799230fac44bd261f49b46edad3213,fde75f43574df6efbe20b37f9ec8668c,delivered,2018-02-26 14:09:57,2018-02-27 04:31:01,2018-02-28 19:42:59,2018-03-06 22:38:53,2018-03-16,c9435a760745651d5400628347cf4f6e,2018-02-26
bca78450f06dafb5a5a614e9365cbf23,79fb5aa7830e13fdf7101a22967c0721,delivered,2017-06-27 23:02:14,2017-06-28 06:45:23,2017-06-29 11:15:55,2017-07-11 18:37:46,2017-07-27,66d5f99377fe9807805f089baa65c715,2017-06-27
29e88d870b2322863f45602dc1a8bd89,b1577fe16fe26aa3e120b750bae28cdc,delivered,2018-05-02 10:23:08,2018-05-03 10:56:50,2018-05-03 16:28:00,2018-05-07 17:19:01,2018-05-22,5e9b90ac09f3dd5be14e871d4e2458c5,2018-05-02
f7f0b79050e7ef0b1cf7ffceb0aa114a,46fb8cff647939aaf32c4ab5be554501,delivered,2018-08-04 14:40:31,2018-08-07 04:44:36,2018-08-13 15:19:00,2018-08-14 15:08:57,2018-08-10,3edcab192482e9871c17b34cf98c3996,2018-08-04
5dc269b7c4dce1624653e914a1b739f5,575a192461d4a325e5f9667e6ce5c2df,delivered,2017-01-18 17:20:39,2017-01-18 17:31:55,2017-01-20 13:02:22,2017-01-27 12:09:42,2017-02-24,e3ea295349259fa59779c6a8e18e5bba,2017-01-18
ef8ab3e652b44dfe541199dc0b9f5d09,d1978f0fa5260fa6f2cac38d784785ab,delivered,2018-02-26 21:30:16,2018-02-26 21:48:15,2018-02-27 20:18:37,2018-04-04 03:00:31,2018-03-22,da9dc8ec1367751857141943c95765c7,2018-02-26
621f567448cbf2281b22381247c491ca,7a4e8b61d5570efb155ab9bf4a0659c3,delivered,2018-02-05 21:58:08,2018-02-07 02:55:43,2018-02-07 23:04:37,2018-04-18 21:16:43,2018-03-13,45fa0446066cfc276bada622aa87ba5a,2018-02-05
fc9faebb277d32cb60f602a7c4b769f5,cd9b1d451f848346d2938df6c3c4d2ac,delivered,2018-07-29 15:34:13,2018-07-29 15:45:17,2018-07-30 14:14:00,2018-08-02 21:59:43,2018-08-07,1fa677123baa5518ae63c12d3f5c850f,2018-07-29
ed273ac994e955e0c775eccb0a6512c0,87a873789449499186421086a43f7bbf,delivered,2018-04-09 22:58:05,2018-04-11 08:50:46,2018-04-12 18:31:44,2018-04-16 15:48:28,2018-05-07,6ddbc64bd04d40f7768ff088d94cbeb8,2018-04-09
f1f595bed1ee64a492e47dfdd7306983,fb58bd5a632aaeafc101c68c4cd5ff7f,delivered,2018-01-07 10:21:07,2018-01-07 10:29:23,2018-01-09 00:03:24,2018-01-23 17:05:10,2018-02-09,6b2d11b62e82dc8e857c850ad92f2921,2018-01-07
7881c057cc4903a556196d4ce3a0a9c4,60fbd8eb60f7c1cc71664ba7e7ea25e1,delivered,2017-04-07 01:04:37,2017-04-10 03:05:10,2017-04-10 12:01:24,2017-04-17 11:54:05,2017-05-03,e79ff6174ad4af336720f503293abe3b,2017-04-07
4fed7e164d72f95835ee9b4fdd2ebbe1,493a49563666be92550d578b66153b30,delivered,2017-10-08 14:15:50,2017-10-08 14:36:28,2017-10-10 20:52:16,2017-10-16 16:34:31,2017-11-08,d1fe2f97522f5cf484b03771cbec7ad8,2017-10-08
e1c33883a87b85bad4296f6d61aa5f7d,f071f91e68f21e4314e4a21ed04a25c3,delivered,2018-02-06 14:43:51,2018-02-07 02:52:30,2018-02-07 20:08:45,2018-02-15 14:36:48,2018-02-22,a482cc5aefe7ea0a0355223a7ceedaf7,2018-02-06
41eb344f9cf7ac9c3e8decf5214f188d,fcd48f7d3c950cc58a3eea276144ee0d,delivered,2018-01-18 10:53:08,2018-01-18 10:59:23,2018-01-18 20:27:39,2018-01-25 00:12:35,2018-02-09,42c933d49eb9dfdf9db525156e9aa506,2018-01-18
c2b5b20737274fee59fbe8ee26cefe2d,215fdafcd664294d57e811905a65db19,delivered,2018-02-06 21:37:26,2018-02-06 21:50:36,2018-02-07 23:33:28,2018-02-20 22:32:50,2018-03-07,b6d4032296c0a345f9927adda78b6efb,2018-02-06
b02577617dbe17d1ed25d63f6b47c413,92ece1b51cc7786e28203de4ae2608da,delivered,2018-05-22 23:47:25,2018-05-23 00:17:54,2018-05-24 13:55:00,2018-06-05 16:40:37,2018-06-07,e6a7002a6626f10f223a6721a44a57ea,2018-05-22
bd6ab28252f15e7c57f212a725aa1c37,aa0633423572bf600bd7f9bda734ed44,delivered,2018-05-08 14:49:25,2018-05-08 15:09:59,2018-05-09 09:09:00,2018-05-16 16:28:45,2018-06-14,73ef942e57c6e44b52506f4b90943073,2018-05-08
21fba9f048e9bc341bb296a44d7e5b2e,2958e9c6a7b26a98105d5154f03d01aa,delivered,2017-11-18 21:52:08,2017-11-18 22:07:04,2017-11-21 23:08:27,2017-11-27 19:44:52,2017-12-01,941e7753ff8f0182cb1de64346d87457,2017-11-18
c01a70853733229479ca41a44c99b5fe,ede05252ae49fbbe385bbe41aba396ce,delivered,2018-07-24 14:31:29,2018-07-24 14:44:28,2018-07-24 15:02:00,2018-07-26 22:20:44,2018-08-08,969e70114da622b7dbf67164497a279a,2018-07-24
2325d666957d7dff6712511c743fb2ff,6dce9fbed8fea7b86fa55d91cb8a30b4,delivered,2017-12-13 15:40:19,2017-12-13 15:50:37,2017-12-14 16:28:58,2018-01-12 22:59:10,2018-01-10,9347dcf27fae4ea9c3c85610e72a2573,2017-12-13
9afea2441fe052dfb87c02f739712316,6dbf790550aba689a981424631a43515,delivered,2018-04-24 21:31:17,2018-04-25 16:35:23,2018-04-26 14:36:00,2018-05-03 19:47:30,2018-06-01,e21a18ba524f96ec0d4cf6323c3c8924,2018-04-24
13ff6c4c055b81a28af3b21f157f4255,452bba6986ea29efd283237ca1ba0725,delivered,2017-11-24 11:27:12,2017-11-24 13:32:25,2017-11-27 21:24:37,2017-12-04 16:23:44,2017-12-11,b3c9445cc66162bfdcc1722a36133322,2017-11-24
32306eaec4da3f63ff314515258b1500,d3503b10b18990444ed8642b7117c108,delivered,2017-11-23 23:57:11,2017-11-25 23:49:26,2017-11-27 20:24:42,2017-11-29 21:15:07,2017-12-13,38483398ed917c9afa42cd950640f07a,2017-11-23
7ed3955bf85eeaa3c55002dc9ea7cc2f,1e026c12ad119b266f71c0e1b432feb5,delivered,2018-05-11 08:15:10,2018-05-11 08:30:38,2018-05-11 14:27:00,2018-05-16 11:58:53,2018-05-30,bba178b90158836aebeddde814e9b84f,2018-05-11
cb1f3a44e8b8527e16913306a4d3de2f,dbe9495069f4ddb6875dfc83462d616f,delivered,2018-08-07 09:03:02,2018-08-08 09:05:09,2018-08-08 15:01:00,2018-08-15 19:28:29,2018-08-24,c8460e4251689ba205045f3ea17884a1,2018-08-07
11b92cb31ef70accdf3705f879a0a891,bdbff934ece5c743168cddd09999e53b,delivered,2018-01-04 17:02:05,2018-01-04 17:13:30,2018-01-10 20:05:12,2018-01-12 22:17:26,2018-01-22,0cbb19a02a0e1bf26ec937d0cc79941a,2018-01-04
490f7da8ce3ca75b4405e631eb3703d7,9758cbc0b7849a7af70b0ceb5b74dd24,delivered,2017-09-19 12:43:49,2017-09-19 12:55:15,2017-09-20 13:40:12,2017-09-26 19:28:41,2017-09-29,9f6f92cfad80502de1618e8cf5f91565,2017-09-19
57cf629636cf674f91cdf37b7118b27f,3ec51603a0f1720beba2958e290fa202,delivered,2017-07-26 09:59:35,2017-07-27 10:31:09,2017-07-28 18:42:12,2017-08-01 20:05:30,2017-08-15,48c071a0d0368a69b63e1332a4d0b6b9,2017-07-26
34e6d418f368f8079ae152bc178bc66a,2734c283312a49194c5468aa8567d51c,delivered,2018-01-14 19:42:41,2018-01-14 19:54:25,2018-01-15 19:35:18,2018-01-30 20:43:11,2018-02-09,eab6c111cd0d009a335c82a59245015f,2018-01-14
b6fdeddf213d1cb16ef046a438eca21d,0e3f6dc2220b578a198e4ebc48d918f5,delivered,2018-02-26 19:09:07,2018-02-26 19:29:05,2018-02-27 22:05:46,2018-03-08 19:41:24,2018-03-21,42fd12f5f45365b108b1d4b2dd6a22cc,2018-02-26
fbc40dce4e9b980972cbb7842987ca0d,bebd3f48e701a06fed883bbb2ea27748,delivered,2017-04-26 11:02:54,2017-04-26 11:15:13,2017-05-02 11:13:52,2017-05-08 10:27:41,2017-05-19,d5f79f616536f08c3946ee6ac810a43a,2017-04-26
b9fc38dc43975b35f66bda2a063c2207,8ab7e3768778f94dfbd1d4511e986dfa,delivered,2017-12-14 12:33:37,2017-12-14 12:51:37,2017-12-19 04:13:58,2017-12-21 14:08:25,2018-01-03,4df73e7b84846bd99d04a878464502b0,2017-12-14
ac1a1d01dcd4350d31887f6eab3f63d5,2f97782bbc64b71cba9e79d12757479b,delivered,2018-08-23 21:43:41,2018-08-23 21:55:16,2018-08-27 14:54:00,2018-08-30 21:05:56,2018-08-31,7aeb8dc11cd50c32f37fea0435c4e9b1,2018-08-23
10aeaa60c0cc101b92c9a5d0fab52f84,e74e1a4dece835c923fbe5d0848f5338,delivered,2018-03-31 18:35:37,2018-04-01 18:30:10,2018-04-03 14:23:05,2018-04-13 19:12:20,2018-04-19,3d7473b49ce85b24ddf1088368126f59,2018-03-31
1d93bcd12780547aad1ea6a06e64b49c,859e69cb79da3f830588ac4774025a9a,delivered,2018-06-27 13:28:24,2018-06-27 13:49:32,2018-07-02 15:02:00,2018-07-04 19:38:31,2018-07-16,a47e9c4f145452422398b53fa614c043,2018-06-27
81192041563939605a3e86ae0d6d8579,5171d2fac93544a0e4b6ea1afb8bac3c,delivered,2017-07-25 09:07:16,2017-07-25 09:23:11,2017-07-25 22:52:59,2017-07-26 17:53:48,2017-08-07,84af029e54a6f659f7ace6f7cf0daa68,2017-07-25
3191a632facc88061613226d587845b3,416ecc22c3222509a575cf0cc61e4939,delivered,2018-03-24 11:46:38,2018-03-24 11:55:38,2018-03-26 22:14:36,2018-03-29 18:11:49,2018-04-18,32d6d86560d86248b6a4ee41ea3e4e42,2018-03-24
64c9964d22277d994f527777add3c406,305e7efe0d3e93e9d201ecc4f5ba044b,delivered,2017-06-13 10:54:37,2017-06-14 02:30:18,2017-06-14 18:54:35,2017-06-19 18:06:34,2017-06-27,6749c23f6f84e744aa768f70b3e09bf3,2017-06-13
b8fe1ee18bb4fc8242cafbc4d3edb987,e8999e45e374e1ce4ff7ef09d5995931,delivered,2017-10-06 21:02:22,2017-10-06 21:14:12,2017-10-20 19:21:35,2017-11-17 20:42:58,2017-10-31,cb20c38b0f4e21f80689d1c1aed466ac,2017-10-06
a551834624af764f01a27c3677e583e4,72a0e6c0565c685d7a6b977b516f59fb,delivered,2017-11-23 08:13:39,2017-11-23 08:30:32,2017-11-28 18:59:16,2017-12-13 22:39:17,2017-12-15,475956ece26647d620af9bc9c2297bc8,2017-11-23
174b5b1a0a2498b8e2ba177359ff75ce,5d06fd4fdb616f12e46181efe64f317a,delivered,2018-08-06 11:00:57,2018-08-06 11:15:21,2018-08-06 15:21:00,2018-08-07 14:58:40,2018-08-09,62bdb7bcd7865f4f547c9ead83138745,2018-08-06
858c1ff3f8bfa2eb4fc6b27be041ed8c,7a42e67e3638cc187cd614a3590a81b4,delivered,2018-01-03 10:04:31,2018-01-05 02:35:33,2018-01-13 01:58:28,2018-01-17 15:06:49,2018-01-29,21c952154bbf7de26b32bc08b4b6fe47,2018-01-03
bbd7db7bb1fab02f393167df71863946,7d9b51f3660c368ea526bacbc9fb6915,delivered,2018-08-22 19:43:54,2018-08-22 19:55:14,2018-08-24 14:13:00,2018-08-29 23:34:38,2018-09-06,6601512778b46c301f29d2d16848cc28,2018-08-22
a90ba85d1c3ec461d94c0a26cbe4d051,a2dd7bec046f971e6ff5037a77e79f50,delivered,2017-11-14 14:16:05,2017-11-14 14:30:33,2017-11-16 19:48:49,2017-11-24 20:22:19,2017-12-05,d67260211770ce10a8952495bb63c4f1,2017-11-14
9498c57dc40df2e59a371faf85f37629,a8eff06bdf2495e11c29273b830ffd0d,delivered,2018-08-11 18:47:01,2018-08-11 19:04:31,2018-08-13 14:01:00,2018-08-26 13:18:23,2018-08-31,df31a504d2a5a1c6cc44444f75a7f8ba,2018-08-11
a07137b5e914d5a3b1270f7e3687e4da,f230efaa9c8103935fb5527be9c02a4f,delivered,2018-08-19 16:57:29,2018-08-20 12:29:56,2018-08-20 14:59:00,2018-08-29 22:32:19,2018-09-05,f081e918f5d60219c32847a42cdbc103,2018-08-19
dafafa54ad54ef9c116bd8c6cca4b7ed,1cca1abf9fe910ae8f0ad2e332a3098e,delivered,2018-03-28 18:13:32,2018-03-30 03:15:22,2018-04-04 20:43:40,2018-04-12 21:16:53,2018-04-26,5ebe8d5931463b61341787b86c64aaf1,2018-03-28
bedae710c15c4eabcfc42f4ea12c680e,6fff09352bfbca6e16a0dd54476e4640,delivered,2017-11-11 12:50:36,2017-11-11 13:06:41,2017-11-16 18:59:41,2017-11-22 02:03:38,2017-12-01,92c80fa40240fc1d185db302b8ee103f,2017-11-11
3b18ad0839d6984800c3bee0d41eadcd,4327e086c509ed3eeeee931392440e0f,delivered,2017-08-16 00:41:03,2017-08-16 02:30:14,2017-08-16 18:06:07,2017-08-28 16:42:14,2017-09-13,958e6903e126a1ac13024be47339f857,2017-08-16
39686ff32951169c125d4f2bf5666774,a75b9228842527db31e8a9b8210135f3,delivered,2017-10-08 13:50:10,2017-10-08 14:14:17,2017-10-09 22:25:02,2017-10-13 19:15:01,2017-10-31,abf3b74bade99707ae9e5c893fbfe3de,2017-10-08
9d5435f6ba9bb1a52b6d0964139a3235,949aca9096947f634b8f38889799daf9,delivered,2017-09-04 18:53:08,2017-09-04 19:04:27,2017-09-06 23:17:35,2017-09-17 19:22:41,2017-09-26,c186634ef96ae01ab3d00ff22ab96fb9,2017-09-04
1498b25563986950783a674b05e9a526,09aa95fd4e9472f20a0beed7b6ef0681,delivered,2018-01-25 21:14:07,2018-01-26 03:16:52,2018-01-26 17:59:15,2018-02-05 19:34:22,2018-02-21,193fd9d5cf15050e14d7e67726c07364,2018-01-25
896f988855a09982ee61d501ef6543a3,5c73080fe93e1ba7867bcd53ff3b1839,delivered,2018-05-29 14:51:00,2018-05-29 15:18:44,2018-05-30 14:46:00,2018-06-01 15:56:38,2018-06-14,f43d32aa4e4d4551dce5a9c402b8964a,2018-05-29
432d2b5bc76e805e0a8adef4745ceb33,d4c35f67f4a92530ad04459c2986c162,delivered,2018-05-22 15:12:30,2018-05-23 15:16:45,2018-05-25 15:13:00,2018-06-06 20:16:00,2018-06-14,65c8d5626ef56c53ff0336e24c7a9bd9,2018-05-22
44c497744f3f3876b15039fac1716dc2,c7612e7a71324ad99ce4ab5ba49a51e2,delivered,2018-07-24 20:08:28,2018-07-24 20:25:07,2018-07-27 18:03:00,2018-08-07 15:27:42,2018-08-15,fd5018f435ecc1d529a3564f35bfed2f,2018-07-24
d2b0ee54c610c7e21c4ba15a4e5aafe2,c599a0db8bdda37b57b248a20a566446,delivered,2018-01-17 15:17:29,2018-01-17 15:32:48,2018-01-19 02:32:23,2018-01-24 01:09:37,2018-02-07,85bb903b8ba3b442328816bcb2f9c159,2018-01-17
bdf2b8212af123f029e70c1036e2895e,579e6c506a2eb334f56576b996e356c2,delivered,2018-04-26 16:30:26,2018-04-26 17:10:30,2018-04-30 13:42:00,2018-05-10 20:56:47,2018-05-24,8747b7f918834229862c40702d8eaeaa,2018-04-26
e2b26705fd38f3b49b9d13f14717ac9c,8e9b9f538fce17f7a827ed15f3b9b0ab,delivered,2017-02-27 10:10:15,2017-02-27 10:22:01,2017-03-08 14:53:10,2017-03-11 07:14:33,2017-03-22,dee3ea889b53fb6e62d23beafb54b07c,2017-02-27
a732abf936fdc135108293662d03b027,70d0bcbf4b9a9f9576d8443a68142597,delivered,2017-09-13 16:45:10,2017-09-14 02:55:39,2017-09-14 18:25:07,2017-09-25 20:37:44,2017-10-06,b190cb52d5cc02cfc8f6cb3abe76806b,2017-09-13
694e3d121f16bcbb9b4595b6c6ab3baf,2e0339ff984d6f41f11dfdbc7c93dcda,delivered,2017-12-15 13:43:13,2017-12-16 16:20:28,2017-12-19 23:19:04,2017-12-22 01:07:14,2018-01-10,fc54c2c09aee36da48881e5bf37ef795,2017-12-15
f20f3bd3916e50fee33dbbb0b29164d3,9234ab980dc022c29eee75544ea6acdc,delivered,2017-10-27 16:42:40,2017-10-27 17:31:17,2017-10-31 13:33:36,2017-11-08 00:34:48,2017-11-23,ecc693b513a0c362c8da8e6beeeb545a,2017-10-27
f61e44e1363b7faca99c576a429860d7,b4f0885afcc24fcbb49f0fe8037e81fc,delivered,2017-11-09 16:29:18,2017-11-09 16:47:47,2017-11-17 19:48:50,2017-11-28 19:11:21,2017-12-07,ce2e6a88561ac9df3257ff44ff1247aa,2017-11-09
72f065b9ff2994a7d3b887878e7f88c0,273dac17e086fa4c3f4cc6494776925c,delivered,2017-10-31 19:52:40,2017-10-31 20:33:27,2017-11-03 23:23:36,2017-11-04 14:37:34,2017-11-16,1ad90be6366fd0f8683464292bc9cae6,2017-10-31
7cd7446904e8e1b7bf7ca80444f1dffa,b32bbbb56d8b6e00aa05998e66daf749,delivered,2017-08-26 17:49:31,2017-08-26 18:41:25,2017-08-28 15:55:45,2017-09-01 19:07:48,2017-09-19,bbe6236eb6803dba80f1a1ccbbc7cc4b,2017-08-26
e0ef63a06438a4f6dfa047fc41217f8e,3faca6b775e45e3b971ab1263ef1c2ec,delivered,2018-08-11 09:09:40,2018-08-12 07:10:10,2018-08-17 14:15:00,2018-08-20 15:43:08,2018-08-22,b5f8487590dbf8c58d1abb635ff21d08,2018-08-11
5809615d50c0de0f3750359fb6bb1df3,640e13440de2036276d0a4b915a08710,delivered,2017-06-02 11:48:10,2017-06-03 09:30:19,2017-06-05 11:51:47,2017-06-08 12:37:47,2017-06-27,4fac04a63b4eccc77d5b89efedddc4a2,2017-06-02
95fe755116ad2d52358bfd8c4cb5d562,0236c91e3098446e2983cbbee1ad96a2,delivered,2018-01-03 21:18:31,2018-01-03 21:29:25,2018-01-05 18:43:42,2018-01-15 21:04:05,2018-01-30,b5500c1da3cc46058821b511d702e146,2018-01-03
bf4224a194089b88ebdaeda0a49ca9ea,2b0d89e5ab29d9ffdccce61e4c26e204,delivered,2018-04-13 14:50:08,2018-04-13 15:13:01,2018-04-20 00:59:19,2018-05-03 16:44:29,2018-05-15,7ce62ebfdfb3dad98765ff0fe7800b73,2018-04-13
0ad81eec70d65880c30299b73ac7945d,dd0530a5458545b42871ed1c67540afe,delivered,2018-06-12 07:34:01,2018-06-13 02:58:59,2018-06-13 13:40:00,2018-06-15 17:08:26,2018-06-21,7a1596106b2eba9105f0ca6a5676ab33,2018-06-12
a3958d69eb857cd9af63d8f40948e64d,c49e16e5e412769ba4488a1b0493582a,delivered,2018-02-27 08:20:03,2018-02-28 09:35:59,2018-03-01 19:49:21,2018-03-21 20:03:47,2018-03-20,cdace5c063cdf439d9a0aff912594cb8,2018-02-27
2a64d8d089987b76daf457aac801cd1d,885f2a948ea775297dcba2d6fb9ce7c8,delivered,2017-06-20 14:34:37,2017-06-20 14:45:15,2017-06-23 11:57:44,2017-07-03 18:15:54,2017-07-12,e04a7325e3be5691e96678291996d4ea,2017-06-20
9fdbb4e3852125934395217722756d93,28e7c43216a6d55d260c3fd9fd7f663c,delivered,2017-09-29 23:56:20,2017-09-30 00:24:51,2017-10-02 18:32:51,2017-10-09 20:03:48,2017-10-25,b3d1db6df2a4f9a9d376a9ee80263a46,2017-09-29
e32d8d43307c4e62e42bb84c3d247ca8,8695d6399992afdb418d4889beed5031,delivered,2018-03-23 10:13:19,2018-03-23 10:29:09,2018-03-26 21:24:45,2018-03-27 14:51:57,2018-04-09,6f1e9217ecbad3a767648dd6dc177e33,2018-03-23
8b1e13eab551b0db42daba4bf0d87728,2a5db970e34751bd6d46689aee5710a6,delivered,2017-07-16 20:57:25,2017-07-16 21:10:06,2017-07-19 18:55:40,2017-08-07 21:49:46,2017-08-18,f7e9a60142120f7de936352a185d7104,2017-07-16
c1e9380db44c0a514635cbaddc570fb3,2a85e594393010fbdbdd76f2b8c32140,delivered,2017-10-13 11:46:20,2017-10-13 11:56:17,2017-10-17 15:48:05,2017-10-25 17:23:51,2017-10-31,27147bccd8cf428233bf5643306557fb,2017-10-13
e98a7233637d3d8e07adcf92b23daaf3,e198ea664c0323a3e9806e09dd3eecef,delivered,2018-04-02 13:08:56,2018-04-02 13:28:34,2018-04-04 17:31:06,2018-04-06 18:03:45,2018-04-18,c080aa09c43bfdbb4a346864d75e2c45,2018-04-02
07d3edf3fa2d24ebc102315c95ec89f4,f3f396000326939460be279082874605,delivered,2018-08-01 16:08:42,2018-08-02 05:05:09,2018-08-03 12:37:00,2018-08-08 21:35:56,2018-08-14,06e4c037b01aceb787fdcf2b4cc7b1f9,2018-08-01
873c916c2bff3ea61a59f7bf7f0879c2,83c25d4a789ac9054fa86a6e17284455,delivered,2018-08-06 13:35:57,2018-08-06 13:45:19,2018-08-08 15:01:00,2018-08-14 20:08:33,2018-08-24,3d7140f7eb346da3202a5f121dc31f94,2018-08-06
5f77c667e359b2c0f82926620943feb0,b90eabb7b2444e27e85d007ebd63c8a6,delivered,2018-02-23 12:38:24,2018-02-24 03:20:27,2018-02-27 15:59:07,2018-03-13 22:24:36,2018-03-15,9bad4b41b80bb43afad57032f839451e,2018-02-23
3c8fc3d2e9a8fee24a671599d99befaa,ad814d93306d7e3687738d4cee8d612a,delivered,2017-10-13 19:07:50,2017-10-13 19:27:08,2017-10-16 20:14:06,2017-10-27 19:19:40,2017-11-13,3000789cac7055c02dc351bf33a821a1,2017-10-13
4274ff4a5df607e75b32b80e2f8eda3f,d6aee123d24e8ebc27de72e3e93a8600,delivered,2018-04-27 14:42:36,2018-04-27 14:55:24,2018-05-03 12:50:00,2018-05-10 19:36:52,2018-05-08,b7fe3b84c0cf713c9a4505284bc96b0b,2018-04-27
f98fd69be8fcd65fd0c873c48e21bc44,492b8f095527d8bfed2668e923cb83de,delivered,2018-07-20 07:59:33,2018-07-20 08:15:09,2018-07-20 13:21:00,2018-07-23 17:58:49,2018-08-10,ee175b014077193f736905fa78257494,2018-07-20
f6a273cbe3f0dc8916053b129c00efca,7a48f093fc53243c578d7fa75282c813,delivered,2017-02-15 00:49:07,2017-02-16 02:25:58,2017-02-16 09:25:17,2017-02-25 05:52:27,2017-03-23,c1d9da3192d453850f688d0a6a066dc0,2017-02-15
9f1d81a33c0c36452e83465a9c324c41,2be901279a0b7dc7983e27705c8eda62,delivered,2018-02-28 15:31:12,2018-02-28 15:49:57,2018-03-01 18:52:36,2018-03-19 15:06:46,2018-03-22,c6cd77e7cc9f3a033ade232e8a9ba983,2018-02-28
348f8709fce4309c6eb7f768d4388645,b6e79f5d6ead45980ac95e6ee816a145,delivered,2017-10-28 15:35:19,2017-10-28 15:46:24,2017-10-31 19:07:48,2017-11-06 21:41:43,2017-11-17,96bd6092f6b604201123917fdd37b91d,2017-10-28
38c0490a36e405db00241fdefccc38f0,de1b604c6de6ecb80ad5ae7ced23e060,delivered,2017-06-05 14:00:05,2017-06-05 14:10:22,2017-06-06 09:37:08,2017-06-16 16:22:00,2017-06-28,6ab04072486b8399fb333b44a707ffc8,2017-06-05
55fa65fb6301cf8303e21fb769300614,4ed89e9004419f733a7b4c5ea41f4fef,delivered,2018-02-21 13:01:11,2018-02-21 13:10:37,2018-02-22 23:41:40,2018-02-28 23:49:00,2018-03-15,104c534e8a01fdeee26f2f3f68109542,2018-02-21
45dcb58c5c287e7fdf32ba72e75bc177,896dadd858fde9124a92d3a71f046d07,delivered,2017-11-23 17:06:28,2017-11-25 06:16:20,2017-11-28 21:36:03,2017-12-14 15:52:50,2017-12-19,52c9d17d2b709c982265578844547a67,2017-11-23
9d53bad43766cf49aaffe9115114e484,5c4ccf281c25e3af5e405e3f9cbfe5bb,delivered,2017-11-01 19:33:41,2017-11-01 19:50:21,2017-11-06 18:38:44,2017-11-14 17:47:10,2017-11-14,d1c8715bae84b5dce39cbb6aa1945d8c,2017-11-01
d73b26310b53b3e3958a2aac75ad8e6c,07c05ef458086d53186e393b919ddd0f,delivered,2017-04-04 22:38:39,2017-04-04 22:50:18,2017-04-06 13:52:16,2017-04-17 10:24:10,2017-04-27,0d91963dc2db3d3272bf944d7c5c6625,2017-04-04
6482040c4887d33a7129473d3db4d0bd,83d7620a04ae7d18d775331e922ccd21,delivered,2018-05-02 08:58:04,2018-05-02 09:14:59,2018-05-04 14:21:00,2018-05-11 17:03:33,2018-05-25,4965d8d652518d91e7b3bfafea09048b,2018-05-02
0f90e415a1696862991f4ec94ed7ed47,34cbb3a993660a0bba756a17b94207c0,delivered,2017-10-27 11:30:45,2017-10-27 11:48:20,2017-11-01 20:27:30,2017-11-06 21:51:31,2017-11-10,38f48dd70f5e34cba034127a35f2123e,2017-10-27
f64e0c79388204f645a4a936b90feeb1,2cfe90a9b0b8f8c13f9c5b870d2dd14a,delivered,2017-10-08 13:43:07,2017-10-08 13:56:14,2017-10-11 19:59:43,2017-10-18 14:22:43,2017-10-31,70115d0e9a0d564ff0bb0315ccaae0eb,2017-10-08
17a1763cc4982f5c4ef732af7c6e683c,5beaf82912931889e4afdaa9ef9fb356,delivered,2017-08-06 22:31:16,2017-08-08 04:04:54,2017-08-08 13:43:52,2017-08-21 20:47:19,2017-08-29,fc513937c2f93e7f7918bda3c5ecb6a2,2017-08-06
57c9111896af16f45672d7c46e445dd2,3cbf30135055d5e3921df3de14353b1c,delivered,2018-05-22 12:53:03,2018-05-22 13:14:04,2018-05-23 15:22:00,2018-05-28 18:42:36,2018-06-14,2788ace2a5c91494e3a932ecc372da91,2018-05-22
1ed8d07471dcc2832eb42d1507847102,3649682bdc335d7df4c02126e7ed390c,delivered,2017-05-21 22:59:42,2017-05-23 04:22:41,2017-05-25 09:55:07,2017-05-29 10:33:51,2017-06-13,5844cade6c591db5be80ac133b1a64b4,2017-05-21
14f81abb54984ba116bc1994d6a34b9d,bb8bc452c4adb3027f2d7e6c47663e1a,delivered,2018-06-26 11:41:33,2018-06-26 11:57:12,2018-06-27 06:23:00,2018-07-09 16:12:47,2018-07-17,47dae9705bc097617f823f7cbedca145,2018-06-26
4a02bc45b72b95ce8a16efd46f2e1e47,56e7dc9ec7db12bd7cea05083b896a5c,delivered,2018-03-25 23:38:03,2018-03-25 23:50:35,2018-03-27 00:46:43,2018-03-28 19:38:45,2018-04-06,8c574ea08b51aa43c0e858f18ed41029,2018-03-25
67fd617db75c8db65cca2054ac5c8bbd,5c4c65674f1e7ade0044898f308c14ae,delivered,2018-04-26 12:30:04,2018-04-27 03:15:22,2018-04-27 12:53:00,2018-05-04 01:34:36,2018-05-30,3426c106fcffe88aa1c17ccce73ff4e8,2018-04-26
bf00ad2335cd5715823f0f1980a8e8ab,c19bd2838dfae130a38bbb73470aa416,delivered,2018-03-12 09:21:27,2018-03-13 17:55:40,2018-03-14 21:52:04,2018-04-10 18:54:31,2018-04-09,b3c593f8c2ee7ebc1a63b20d7dd20429,2018-03-12
a25d43b087190f76ed13ac240693ded6,2e15b77f1422880d98206feb4ce7cbca,delivered,2018-06-07 18:26:33,2018-06-07 18:55:26,2018-06-08 13:05:00,2018-06-19 20:49:48,2018-07-11,d1e53611085b445c0f6ad4a1f70168f8,2018-06-07
4d0a364f71f715f93b8b96eaa4c2dcb6,caa060324a30054bae148e4d7ad1da22,delivered,2017-07-07 17:56:19,2017-07-07 18:10:10,2017-07-12 10:16:36,2017-07-17 20:32:58,2017-08-04,05aa2ef3623cdba9ca3e83b91f1eee5c,2017-07-07
c88b1d1b157a9999ce368f218a407141,ae0fb7b01c548c4fd30f19f55453ec4a,delivered,2017-07-17 22:44:23,2017-07-18 22:50:12,2017-07-20 15:27:41,2017-07-21 17:06:30,2017-08-01,b64ebaf3d11b7209fe566364cc359a51,2017-07-17
b2b4a30784f90926742019c8128376b8,12adb3903f52347f3e6123ce85e264ab,delivered,2018-02-08 18:36:30,2018-02-08 18:50:50,2018-03-02 22:58:48,2018-03-05 12:56:32,2018-03-08,a9598bebe2588f98fde2b8f3c263d4c5,2018-02-08
e2221180a668e1cc096f9e9e3572868f,8c382656b44e6d6375d2fea25375fb02,delivered,2018-03-01 12:52:29,2018-03-01 13:09:46,2018-03-03 12:08:17,2018-03-09 01:34:54,2018-03-23,2da65cbb64357a6d4d163c450c320bb3,2018-03-01
668ee4108169a1d58c55b20ddc3fa3c9,038f88979c9816294e2a236465e8096d,delivered,2017-01-26 11:32:30,2017-01-26 11:45:10,2017-01-27 11:49:01,2017-02-15 18:07:33,2017-03-10,32203277565d5e9a28b9f0da4ed32698,2017-01-26
409e065598ea4a9dba359d894ab0cab9,672b006efdabc0ee13568350bb6f29d0,delivered,2018-01-03 21:53:52,2018-01-04 05:12:33,2018-01-04 15:32:54,2018-01-09 22:39:43,2018-01-30,9934d9121d7b75929c14c754f1ffed75,2018-01-03
8775db0297a64cd48d3ea12be875d907,54a3493c38341a73332a8cb2e0ad94ce,delivered,2018-05-09 16:13:12,2018-05-09 16:30:42,2018-05-10 15:04:00,2018-05-15 17:38:59,2018-05-28,266533c4a6d91469a97234c540a99fbb,2018-05-09
08ed4f84b1a078202e8da80c8d96dc77,934539e22ab6ba86337bce9541fa822d,delivered,2018-02-28 17:06:27,2018-02-28 17:30:08,2018-03-02 17:45:03,2018-03-09 14:28:23,2018-03-28,133f1d0455e22120ea8d26d3af3dd3d5,2018-02-28
29aefbcf33949b65e5303167977e0362,158de880d7c84180a3422c406a1acb9b,delivered,2017-12-11 14:11:05,2017-12-11 14:18:25,2018-01-10 14:42:49,2018-01-13 11:59:54,2018-02-02,d5f552044a84ff3a2f17c9ae13828401,2017-12-11
4d670725075298192ec296c1aa5f6eab,389e541058bcca8035f5fd63f5a9fb3c,delivered,2018-08-03 14:57:05,2018-08-04 15:30:36,2018-08-06 09:53:00,2018-08-24 16:41:41,2018-08-23,5bd1c37640938dd794e2f1f9c6164f11,2018-08-03
b22fb8549ff34d8632d2f6ecbc626af5,24492319013bd80889b061a84ca9c205,delivered,2017-11-29 20:00:49,2017-11-29 20:10:00,2017-11-30 16:03:48,2018-01-14 13:33:43,2017-12-27,4685d3ac521053cc2f2b9abb11fadad5,2017-11-29
bbdcda6bc4c7d4051fb9d26422a602ea,0199164bec886c94218205248559d7b6,delivered,2018-02-27 07:39:20,2018-02-28 09:51:05,2018-03-09 23:48:38,2018-03-12 13:03:26,2018-03-13,90b1c133c701d73bea3f50a1d78730ec,2018-02-27
c9e893d2e32f6ca9988b30669eb71e5a,f56957527a53eaf4a716376e9fcbed7c,unavailable,2017-02-06 12:02:23,2017-02-06 12:10:26,,,2017-03-13,8be2996a22e4884d9628a96d15b41c33,2017-02-06
71afd4d3202442d362d5e52112ffe080,ecf80ed10beb4a60cb2ffb31bac3479d,delivered,2018-08-11 14:03:42,2018-08-11 14:15:10,2018-08-14 12:13:00,2018-08-22 21:49:50,2018-09-13,1c085622f3e08953ec41c54723d017c5,2018-08-11
c84d88553f9878bf2c7ecda2eb211ece,c4c66f47534e09a03fc7a878a9eda5ea,delivered,2018-08-29 08:25:34,2018-08-29 08:44:13,2018-08-29 20:01:00,2018-08-30 16:56:24,2018-09-03,f80013faf776e37bcea7634d59c2181e,2018-08-29
e5dad7f6c0e2ddd8daee42d61d7063fb,186093e7d810150c5c60f44f03ac2a23,delivered,2018-04-11 21:46:38,2018-04-11 22:09:35,2018-04-12 17:16:50,2018-04-19 23:42:25,2018-05-07,33188271ca5851d079e5fce96fd10dac,2018-04-11
381821a2142de8e51f3d104559f1bfea,383525bd813c9db953a7991b7bd96f03,delivered,2017-03-14 16:03:19,2017-03-14 16:03:19,2017-03-15 10:01:33,2017-03-29 15:34:09,2017-04-06,635dc29c3cd9991dd1ac3c7f3a8ade04,2017-03-14
cec3548a1677f74061b3802ecdb9e593,b02cce9a40436c973193673abe64658f,delivered,2018-01-07 03:46:18,2018-01-07 03:58:18,2018-01-10 15:56:11,2018-02-06 21:22:45,2018-02-07,4284e178d8b7b5653701d00d1ae8fd05,2018-01-07
bf2c58d30170e4cbd5153bacabc31d24,9a2087e92eea09f99ad37c3a9114c18a,delivered,2017-12-12 23:10:20,2017-12-12 23:27:50,2017-12-13 21:04:16,2017-12-14 19:59:37,2018-01-02,23e983255324add38b4f2289e4db7fda,2017-12-12
3ee542a715481176869e6cf2772d202e,b4fe4a3c0b4eeb9965ee44a06331d776,delivered,2018-06-15 17:36:25,2018-06-18 10:33:41,2018-06-18 14:34:00,2018-06-21 10:04:25,2018-07-12,bc3e7032668d3f411c227eec09221362,2018-06-15
82be2384f5d2751770574b84da68f2c1,ec97536c9e9db7f83f086fd2195e8c1c,delivered,2018-07-20 23:16:18,2018-07-20 23:30:16,2018-07-24 08:30:00,2018-07-25 19:51:02,2018-07-30,6b6668ad4727c86f9c4c4517ab973d31,2018-07-20
0348f1ca72aa738d53f585b01fc676f3,896be0715700bbc505b6fb32f4aa44a0,delivered,2017-08-17 00:16:05,2017-08-17 01:50:46,2017-08-18 13:24:30,2017-08-19 11:46:48,2017-08-31,3538cf3e6c8ad661ea4ac1d27f099397,2017-08-17
f5a1d7fb9cd502618f942b1295676f1b,c1ba054116e13a367a09a45be363525c,delivered,2018-01-13 12:13:44,2018-01-13 12:29:16,2018-01-15 23:51:48,2018-01-22 20:28:42,2018-02-15,bacfd927a67bc4cdbd5912606e830e35,2018-01-13
98361657306551e400c1037a76c7ce44,65b63693a2ff79139a26c94f260651a3,delivered,2017-10-04 23:44:53,2017-10-06 13:14:23,2017-10-09 19:13:32,2017-10-14 16:37:29,2017-10-27,4a52529d34b8c04dedfd596b564b5d1e,2017-10-04
793600b6f83c44827bd1d480fbde321f,029e575b0cdb8a5696a502ed2f9391e3,delivered,2018-03-02 22:20:48,2018-03-02 22:30:43,2018-03-07 02:24:47,2018-04-09 18:36:40,2018-03-22,a44d4c445532c860c7dc1701a0aba6b1,2018-03-02
1fed6df7b405432dd6dc44693a35b86c,0c42229f9ebb31ce346a983185d7743a,delivered,2018-07-30 12:06:23,2018-07-30 12:24:54,2018-07-30 15:17:00,2018-08-06 12:57:32,2018-08-02,8d31197a7e5c636f67927bbf30bfc3a9,2018-07-30
eca79ed411acb63a03e097fa18411797,9d0b431db3b8f71e53aecf9af8ea0b27,delivered,2017-08-15 00:33:03,2017-08-16 03:10:22,2017-08-17 19:16:34,2017-08-28 18:03:48,2017-09-06,9641f1cf48626e09ff0d94f3029b55bf,2017-08-15
25aa51228f73fcd38cfebfe6e20edf6f,3a1a556195f1b6b85df1bf9aa4ba3d88,delivered,2017-09-20 08:29:33,2017-09-21 08:35:11,2017-09-28 13:12:04,2017-10-03 21:15:52,2017-10-09,579c39d6c40b500239145280281b0a39,2017-09-20
cbb0c3b7cdc8206fdd747d618dc71af1,4f53f38de92e32faba788f35878dd4eb,delivered,2018-05-23 20:25:32,2018-05-23 20:35:22,2018-05-25 13:06:00,2018-06-04 21:26:33,2018-06-12,95c0772e8709029440f23baecd889e87,2018-05-23
bf210c81ef1a94cbfb1bd7b2767a0cdb,d98fbfa5100d65442fa7dcb30be6770c,delivered,2017-08-18 17:58:20,2017-08-18 18:24:26,2017-08-21 21:03:52,2017-08-25 22:32:58,2017-09-08,f9510d1d8e42a7c06b49dd9a7c5f9654,2017-08-18
678bd15805d851357f116d567cd7407a,2b1e9d6833d3bacf6bd396c45cd3f9e4,delivered,2017-05-03 13:45:35,2017-05-03 14:05:08,2017-05-09 07:34:33,2017-05-15 13:36:41,2017-05-30,ab7cdfa1b49e85329b28e1e1184c013f,2017-05-03
434227ef75dde10f4049fe6b219d13c0,bad92566fe5c1e2c35651d6e2c7136fc,delivered,2018-04-16 17:17:10,2018-04-16 18:51:56,2018-04-26 12:59:00,2018-05-04 17:46:34,2018-05-10,5a02a917ca3283cb2728734107dc4ee1,2018-04-16
fee62e6f13b8b6d7d343319f224376ff,d75428d51d90d21128003ff0e62a878e,delivered,2017-09-05 07:56:44,2017-09-06 02:45:33,2017-09-11 16:13:32,2017-09-20 20:19:01,2017-09-28,f8be1ae4c179657645b4bf364865e14c,2017-09-05
4a086aa623133c7141b0c9c6759c79ad,9e682c187ccd264cc1450abdbcf60328,delivered,2017-07-20 11:55:27,2017-07-20 12:05:51,2017-07-21 19:03:35,2017-08-09 21:33:11,2017-08-23,ef7118db27b88ae208c4954c7353daf2,2017-07-20
119be2d35bae88654dc45922a1ea3830,a376b08483daafb5a7c16988d7123cc0,delivered,2017-04-01 09:04:09,2017-04-01 09:15:10,2017-04-04 10:45:49,2017-04-07 17:37:06,2017-04-28,86f4a61f8fac09b4a7f94ab3c5b6ae47,2017-04-01
22f9fa3fa50f717ebcced52e935d8c12,b572730d592483d2965f067b623e648c,delivered,2017-11-15 11:38:34,2017-11-15 11:50:25,2017-11-17 15:54:32,2017-12-01 16:33:45,2017-12-22,8a34eceff322b23db7ecfd88d3822529,2017-11-15
81432ca9258f8686f124fb774cefa7c3,6e004a147033e6cd1b680c75b14db293,delivered,2018-06-27 17:53:43,2018-06-27 18:12:42,2018-06-29 13:23:00,2018-07-03 22:02:09,2018-07-24,a2812ae34e0309a262045b2150ba8be6,2018-06-27
7659908b7f0bf2c0381852a0102c54e8,6242f089e08495628144e302f88459b1,delivered,2018-08-07 21:20:49,2018-08-07 21:35:18,2018-08-09 12:31:00,2018-08-13 20:24:39,2018-08-24,edc2109d7cb3751ddb94b282bf5defb3,2018-08-07
1ebeec1bb9ce388ee2e00d401058ca8b,7d9631fe32b276d4c6aa04ba141a03e8,delivered,2016-10-09 22:36:49,2016-10-11 05:02:15,2016-10-14 18:00:00,2016-10-15 05:02:16,2016-12-02,6b681e2738264eb39f1da19f82919630,2016-10-09
17186e8730668b50ac4582f8b54c815c,9a12e00f66d6b5794f5825e62dc55a72,delivered,2018-06-17 16:11:04,2018-06-17 16:32:24,2018-06-22 14:34:00,2018-06-25 20:05:10,2018-07-13,af9a735e918bd45a036e1a1a4cb67416,2018-06-17
c20880792e2d594e35eef29f22e7f6bb,6474c7d01599487486730b19fdb55578,delivered,2017-11-24 15:43:18,2017-11-24 19:13:33,2017-11-27 20:04:05,2017-12-04 21:12:22,2017-12-22,145b20cf24ff025b18a51ae22ec1d74c,2017-11-24
76d297b7eeb8abdaeb5d573e33336449,8e96901b7a996ba853422616c9c02701,delivered,2017-10-08 18:59:57,2017-10-10 09:14:19,2017-10-13 19:27:43,2017-10-26 22:46:10,2017-11-08,4a2ef0b951aa7bdda04470d961d5e755,2017-10-08
5fd9a69139ba87e71880fd5936171fe9,4cf87362654eb863bfe2d0544539cf79,delivered,2017-10-28 11:29:16,2017-10-28 11:45:11,2017-10-31 14:52:06,2017-11-08 21:08:54,2017-11-23,9830142fb807d072f7d8171ab69833ad,2017-10-28
e1e2b559781f43694643d53e2ef681fe,d2cfabab7311785475d0925f287e37d3,delivered,2017-04-25 15:14:44,2017-04-25 15:25:24,2017-04-27 11:24:46,2017-05-09 16:21:32,2017-05-24,a82d9e16794b2921f600796767322a9f,2017-04-25
400c4796a3dc000011d0e63543c8ddf1,03bf979ff2db68ab067fe4fa11fede09,delivered,2017-03-21 17:34:37,2017-03-21 17:34:37,2017-03-22 08:39:25,2017-03-23 09:50:35,2017-04-17,fe4494238d5e3ff013b1d1d238e1dd98,2017-03-21
a85ad381ff410bb40159e498feb30a13,3bef7341efc8f099c1ce8dbb59a409aa,delivered,2018-05-28 18:45:30,2018-05-28 18:55:22,2018-05-29 15:41:00,2018-06-07 20:03:27,2018-06-28,63ec843d8bc7eaddc90fe637f43b72d7,2018-05-28
5aaba6681a3a926180ccd6ffaeaf6bd8,c0a0a47b6d1a780c7e6a247078168ec9,delivered,2017-12-25 23:45:35,2017-12-25 23:54:25,2018-01-11 20:25:18,2018-02-27 17:24:27,2018-04-06,7ec86204e6aaa9e3d8118f939036545a,2017-12-25
3a584d92b987a7c7424dbff14eea843c,18298056f3ce66cf7c6a09d22407ea9f,delivered,2018-05-16 08:16:32,2018-05-16 08:37:06,2018-05-17 12:42:00,2018-05-22 16:39:03,2018-06-06,3447db498f10ea4a1935ea8390cd8bf8,2018-05-16
39435f1a1f3cde43181d5a14975147b7,68ead1bc2fc79c4ddb8f626a598487c8,delivered,2017-04-20 12:43:17,2017-04-20 13:10:22,2017-04-27 06:44:05,2017-05-09 12:47:50,2017-05-26,cb2af614d09b2b154554bacd37a750a0,2017-04-20
5475648b2026b3c1c9644656fa648bb8,3233824abac66b13902632706385b633,delivered,2017-04-01 09:51:18,2017-04-01 10:05:09,2017-04-04 13:48:43,2017-04-07 12:03:02,2017-04-24,7515714a3bce03814839d501eca6d7f1,2017-04-01
11f78390cf30f82fe5d8aa95fda7173c,50f4d5f949e82950a8dc92f2b21dd3d3,delivered,2018-02-14 13:43:36,2018-02-14 14:07:00,2018-02-19 17:07:49,2018-02-26 20:22:20,2018-03-12,dc72d41dbc20a49a836a5dcdde0f4bfa,2018-02-14
ec375850cc8dd9f34f98be4fd8657576,1ca497489db5c49365ff4725b1a4d192,delivered,2017-06-20 00:41:38,2017-06-20 00:55:22,2017-06-21 12:23:22,2017-06-28 16:32:09,2017-07-19,60209b60820af2aef218a4b271ae4bfe,2017-06-20
cc2fbd0261b53beb38cfd06e5a482bdc,fbac5b3de6c71bc5b7a9353350ec342a,delivered,2017-07-03 15:26:17,2017-07-03 15:44:09,2017-07-06 16:25:52,2017-07-10 20:16:05,2017-07-27,286e342d243c6fc79f143ecdb2e2aa6d,2017-07-03
8a77c13015238c33f75ceca24b5392a6,1d2f29cf60dd1b256e7c0c5fe02261c2,delivered,2018-02-02 16:01:58,2018-02-02 16:10:33,2018-02-03 08:52:31,2018-02-16 00:34:03,2018-03-12,9fe701954c08064776051a9e6da5ed78,2018-02-02
af7de7cc75eb2f7d0eff2e383eccf083,ef46ecbf5f28f403e0593d107b38c0be,delivered,2018-02-28 12:41:29,2018-02-28 12:50:26,2018-03-03 01:23:49,2018-03-29 17:09:14,2018-03-21,85189d642c11e7090cb2f72fed68ea42,2018-02-28
7590cdbb6ae2908a2745505759756fe3,5dcdc337ea9cd8af4372a55806497d0f,delivered,2018-05-07 10:49:35,2018-05-08 04:14:40,2018-05-08 14:21:00,2018-05-11 12:56:32,2018-05-29,dec7af0cbdae3e0c1a5a85698ac79772,2018-05-07
4e4aa299535ead6fe63a779d539c493d,860403dc3e131f362cda3ddb09c5a0ce,delivered,2018-07-17 18:38:40,2018-07-17 18:50:24,2018-07-30 06:16:00,2018-08-10 17:51:46,2018-08-07,aaeafe59c1126cc0a74be5de7a0d5d2b,2018-07-17
84e5cd0814900ddfdcc53213d07939e3,a59d04c9a76861580b6b7c3491570a5b,delivered,2018-08-16 15:55:22,2018-08-16 16:10:19,2018-08-20 15:39:00,2018-08-23 18:14:23,2018-09-13,9e3b0e8e372cb1b5bbe94f58905d9f7e,2018-08-16
a1ea75ae7c9c7bb3f5b51a9ee910de31,636e0a433880dfec0c8b743db2b98ef4,delivered,2018-01-11 13:55:06,2018-01-13 02:05:44,2018-01-16 22:55:38,2018-01-25 16:31:57,2018-02-02,accb5f419626532ae8e237606a801de2,2018-01-11
711ae5df08388b211a1d6c1f7ae09e72,94f0918c41a1cdc9d5e4264273cd114f,delivered,2018-01-28 15:44:23,2018-01-28 15:58:53,2018-02-01 00:42:59,2018-02-02 02:15:19,2018-02-14,cdafee85f5cb14842354379f3c658451,2018-01-28
dec147b0fad4d41a208b7873dd7900e6,5726ad0e49501515e2b0553e11fb26bb,delivered,2018-06-01 11:57:33,2018-06-02 03:31:50,2018-06-06 11:34:00,2018-06-12 16:27:08,2018-07-04,8bc13a498ce916dd5717c130d45781eb,2018-06-01
751f1086c0b65fab3474d11d18de115d,f9d11796f409c164ef9ed4ffe92b9ae8,delivered,2018-04-03 00:20:36,2018-04-03 01:10:16,2018-04-05 02:22:44,2018-04-20 18:25:41,2018-04-23,3d684e372547bcaf7ee40953248d17ac,2018-04-03
5ac0d2c1229ba07ea5cd990360b21e34,3f3604cce1ae20d26d7503ab468cd86b,delivered,2017-02-23 20:22:33,2017-02-23 20:33:12,2017-03-01 18:13:52,2017-03-06 11:09:33,2017-03-16,6145c21fc34d0206d09946abdf80c3fe,2017-02-23
43f88a4aaba945e906ccc8c113c6bc0d,9dcf645b5f9893549230e6346bb21a4f,delivered,2018-04-14 18:05:52,2018-04-14 18:31:24,2018-04-19 23:16:55,2018-05-04 00:22:01,2018-05-08,33bdb3c2a43deb2066f3a83bd6590e4b,2018-04-14
f5a511e584053180df75a3a2138e9ae3,752655de6382f697166ab67dfaa9b8fc,delivered,2017-11-22 20:48:57,2017-11-22 20:59:30,2017-11-23 17:24:38,2017-12-19 19:57:04,2017-12-13,71b14aca95bfbedbc5746d2c0a92d8e2,2017-11-22
4f1482e926881ff58f7384a6e6bd0771,394683dab19e214dafc244669dcc96c3,delivered,2018-02-03 23:36:46,2018-02-03 23:50:23,2018-02-06 18:56:28,2018-02-27 00:09:30,2018-02-21,52a535b307f6c4598b4e7b918774687c,2018-02-03
7abb06b108806e10304ae7d1bdf3eabd,3365f99d277e162bfa8eec5b9596212e,delivered,2018-02-16 11:16:57,2018-02-21 12:10:31,2018-02-22 21:52:53,2018-02-26 22:33:05,2018-03-08,d88ab33b7eb886fea1b8ff195c9a9781,2018-02-16
f69258a9318a993c9354122221c82980,b75d7dd5b05c4ad68a7497ec5bc92328,delivered,2018-08-07 18:34:26,2018-08-07 18:55:19,2018-08-09 12:53:00,2018-08-14 22:42:29,2018-09-04,444946057416d7fda05d04d26e47a5cb,2018-08-07
b7e332393b5e64cdc10d308c971a41c4,6299a5987ed47573b619ece91f1b668e,delivered,2018-08-16 23:37:46,2018-08-16 23:50:12,2018-08-23 13:31:00,2018-08-27 13:27:38,2018-09-10,722c93504c2dfc6da249c8fc4664ea19,2018-08-16
3ae3969a6f3d5e57d4f9fd85868ffefc,d02958d0f6d506f6f18d837c8aa16268,delivered,2017-04-26 13:45:25,2017-04-26 14:02:07,2017-04-27 08:29:31,2017-05-05 22:12:49,2017-05-15,7f95c43c439d2d15474b0cb283b4a0e6,2017-04-26
42f0558cf0b5c9b1fa75df04ca0e901e,573e35a0db27b8a9cc744cd73c74f3d3,delivered,2017-10-25 14:09:16,2017-10-25 14:27:04,2017-10-26 19:19:53,2017-10-31 18:53:37,2017-11-29,7f34efadde9b308746f1e44f42b3db56,2017-10-25
e44883a879c6f6572bba41ae8ed98e93,8169a69c3e79ec22ca2c6ff602d68520,delivered,2018-04-16 10:38:50,2018-04-17 05:50:30,2018-04-18 13:34:55,2018-04-23 12:09:31,2018-05-09,72626056b0b11fdd021e1a24b1f05e77,2018-04-16
d4a29f6b845d320ee77c7e2be449704b,d0f147a0b4374cfc8ae03d147cbd27f8,delivered,2018-03-21 20:32:20,2018-03-22 20:30:41,2018-03-27 23:23:28,2018-04-02 15:58:34,2018-04-12,2b8c0252cc4c14948593ea12016d3fc2,2018-03-21
e2cdcd4c94e29518c33449c5afe27583,98ce198be4b03c0a9057329b3d3c3035,delivered,2018-08-20 19:38:19,2018-08-20 19:50:41,2018-08-21 14:14:00,2018-08-28 01:39:35,2018-09-04,ac9a80a405cdd759de16b902ecc1cf32,2018-08-20
d4bc55bf7aa33f5d5d8b6b53d1e2eb8f,b55b61080c4b34e226fcf10540f690a5,delivered,2017-08-21 00:36:28,2017-08-21 00:50:10,2017-08-24 15:37:48,2017-09-01 17:46:50,2017-09-21,f11821d908830e74ad782532ebed897a,2017-08-21
a334576cfd7e22f2ff0e0418124bf93e,f9f34ad555f478eb58a5b337c9b661f5,delivered,2017-05-27 21:27:05,2017-05-27 21:42:00,2017-05-31 11:35:23,2017-06-11 10:14:58,2017-06-27,0f10b8ff009bd48947dfe40a06e329d0,2017-05-27
adbbe31eab3ec8799e71b8fd89956464,40e86a3dad650ba87f73f66396ca34ef,delivered,2017-01-31 12:01:46,2017-02-01 02:50:26,2017-02-02 14:55:06,2017-02-09 11:05:05,2017-03-13,325e19085f3017b73be3d9fd98a93301,2017-01-31
f40cab00f0f0f6d8f315adcda77fd5cb,cf0dfaabab12de076316cf77f376d17e,delivered,2017-08-01 16:12:48,2017-08-01 16:42:58,2017-08-02 20:52:09,2017-08-21 21:52:31,2017-09-08,dc9601017e7242b2d4731669d1ce7bc5,2017-08-01
da9f86485be515d23d10033bdfe2f8ad,0e97ad6542c12412f0324dd07cb0daed,delivered,2018-08-10 11:56:30,2018-08-10 12:05:18,2018-08-13 13:30:00,2018-08-20 15:37:58,2018-08-24,eb28bff08568a482c92be706965131b6,2018-08-10
dced94fca9ee52e79241961c0e5a3d0d,a5accda9e28060c70a2607fd29ab4d59,delivered,2017-05-18 13:48:14,2017-05-18 14:02:42,2017-05-19 10:12:30,2017-05-22 19:06:54,2017-05-31,177e6fdf6d7d6f6216718172461bccd4,2017-05-18
ab8e509b614e380982f71cb0247aa716,44622a7017151a977e8980f0d6f65f7c,delivered,2017-05-25 04:11:36,2017-05-26 02:42:45,2017-05-26 14:45:09,2017-05-31 17:22:56,2017-06-19,41b6110b60dfac6001a21715b2321280,2017-05-25
8a4611e08772a0a101cbeee84f121200,f62992f4db18d0fb581bfb925e104fdc,delivered,2018-03-05 20:40:38,2018-03-05 20:50:30,2018-03-13 19:29:33,2018-04-02 22:08:55,2018-04-06,831225a0814354a7f1a49fe42e02e44e,2018-03-05
f7943f103569d2bb8a79fe584fcd07e5,664faf6a6d8e13c91862cc36d070254c,delivered,2018-06-29 16:38:05,2018-06-30 02:52:15,2018-07-03 12:41:00,2018-07-06 15:36:33,2018-07-24,f774ccd152abe79c281c0a47311a9007,2018-06-29
2f09d13518fa692574874a78444c616d,514ddcd76b9dacf06eada289ded5255f,delivered,2018-03-13 22:16:31,2018-03-15 03:16:18,2018-03-23 20:42:26,2018-03-28 18:54:35,2018-03-23,2028c90d6c4523ae70a285c44010258a,2018-03-13
35b2be75ac71d838d1743e201de6bcaa,9797ebd812978869a779e146e9b2e140,delivered,2018-08-19 17:17:06,2018-08-20 12:30:55,2018-08-21 13:23:00,2018-08-27 18:59:54,2018-09-05,de987c536b77b94945130925d9d672f5,2018-08-19
079ad290e98bc46b5d7e0ce9fc15af1b,26165bf3490f385b45f860cae56f4135,delivered,2018-04-04 20:49:44,2018-04-04 21:09:16,2018-04-05 19:38:19,2018-04-09 17:44:54,2018-04-26,9f9d8742cf4906bd7bf2c2f1b5699cfb,2018-04-04
4b1104831c2d0c40dc17dc5c9d5cfb35,1a8ba5f5861cf364d0e20ca1d9a2e3fa,delivered,2017-03-27 18:31:45,2017-03-27 18:43:10,2017-03-29 09:27:38,2017-04-05 13:45:58,2017-04-20,9eaccda124c8231d6f66958f322e9ff1,2017-03-27
95ed64a88b4c676f2b713158041fdf98,b91b9dbb1f0b536a366f742dc3ccad91,delivered,2018-01-31 07:32:19,2018-01-31 14:01:34,2018-02-01 23:08:43,2018-02-27 20:45:28,2018-02-26,5645461754f47292f4c9114828f435f3,2018-01-31
394038740b5a42db8607def1c170eed2,1d545f92cde8ef9ee9db09f963d6e6b5,delivered,2018-08-06 22:19:08,2018-08-06 22:30:12,2018-08-08 13:56:00,2018-08-13 18:58:43,2018-08-14,eed97e82d597164cb7691e9e895eb9b8,2018-08-06
9da7320835e438e015d139c344164285,7d76b9e2c05681d60df438f449e8e584,delivered,2017-03-15 20:21:39,2017-03-15 20:21:39,2017-03-22 17:59:06,2017-03-27 15:57:47,2017-04-10,29331c909f5eee04e309a3d5ba52fce0,2017-03-15
4ab2c1c6f21974d6332c0531a74eef20,7a95d4d532661c21c68fd13ebf6a95f4,delivered,2017-11-10 15:49:37,2017-11-10 16:11:10,2017-11-10 21:58:40,2017-11-13 23:03:23,2017-12-06,82306d8c2a60a3f8485bc30a4cc55822,2017-11-10
e8805f1923e711c407c454831b49643f,9b5d68f669f7ed215f789471556529fe,delivered,2017-04-05 11:04:33,2017-04-06 02:42:41,2017-04-13 15:42:12,2017-04-19 15:58:17,2017-05-02,3562599b97f4ddc436ecccddfdd95d54,2017-04-05
9e14ba3a25712a0716d84a955940f200,26b849a0d8eed176f570248059cd4678,delivered,2018-02-11 22:57:07,2018-02-11 23:10:22,2018-02-15 18:58:27,2018-03-02 00:45:14,2018-03-08,8a3265dedc2c46b69a68b49135f52807,2018-02-11
16c4802ea5c28830deef826f1f0b6941,5c140943cd9f2d77b57ac1eaf00c6ccc,delivered,2018-03-27 09:52:58,2018-03-28 08:27:31,2018-03-28 23:37:34,2018-04-06 19:06:26,2018-04-24,aff51d3159250387ea5417cf54e261a1,2018-03-27
4620a3e6219c6eea7771a93168745a25,f9a1cfb9770e74032505de388fee7dbb,delivered,2018-02-26 12:47:23,2018-02-26 13:10:47,2018-02-28 23:39:47,2018-03-19 22:06:37,2018-03-23,3a49cbfa495b1a84489156479f1dac0b,2018-02-26
11120fb91d0191b1174ea4e37043ff39,21874f78065a8a28c5a82c36d95c0d2e,delivered,2018-08-07 08:56:29,2018-08-07 09:10:14,2018-08-07 12:30:00,2018-08-20 16:03:58,2018-09-11,a2058e072a55d42210fcdb91d837c65c,2018-08-07
1353506aaf9cbe711a4d41f9442d4167,fc2b715f699d791561d8330e42ac7350,delivered,2017-07-22 21:26:27,2017-07-25 03:30:31,2017-07-27 19:12:21,2017-08-02 16:09:44,2017-08-15,3579e804c1e8a6b228783ddb27f6b02c,2017-07-22
d54365a56c5a4a3addc1eed046256f96,f6b7b14d012c56fa8e843f6037924bfe,delivered,2018-03-06 14:45:15,2018-03-06 15:31:28,2018-03-14 02:42:04,2018-03-19 20:09:43,2018-03-29,ec950ad4818edc3406de0104a6ca71a9,2018-03-06
d76b1c20f53889c519b279d714ddc647,a5c4754a855344eca515e2c40693c9b7,delivered,2018-02-26 16:35:49,2018-02-26 16:49:59,2018-02-27 17:54:40,2018-03-26 17:18:38,2018-03-22,35aca70defd1a1bdd6605ed06921c422,2018-02-26
b740e3ed38c0e1f354c2d78c15418f6e,c18cd6e987080976aa30a48bcdc10074,delivered,2018-01-20 15:18:01,2018-01-20 15:41:14,2018-01-22 15:35:53,2018-01-31 19:16:10,2018-02-19,b9ced29e77e47083d0cf1240c2812b65,2018-01-20
dcc5d3c9b9eaab642229ffe7b651e172,32258530e66c8793f8754a18c2813913,delivered,2017-06-28 13:20:51,2017-06-28 13:30:17,2017-06-29 15:02:52,2017-07-10 21:04:10,2017-07-21,d0bd25a13b24e8d59a11adda68bd3ecd,2017-06-28
026f3440c258a87c9f6fb9c8e1bbb6e7,7518fa33beeab5aa7ebe84e85d36ef99,delivered,2017-10-18 12:36:14,2017-10-20 02:46:06,2017-10-23 21:12:59,2017-11-08 13:42:02,2017-10-30,7bf4f2ba9ddd4842999dd89a22d34179,2017-10-18
8773f85e9426581a87796b56cdd8eff5,1ceac3bdaa825ff830917e131f85a2ce,delivered,2018-05-05 09:50:33,2018-05-05 10:13:54,2018-05-07 11:52:00,2018-05-11 14:08:46,2018-05-29,da82880503f39199bab793986c0c5b77,2018-05-05
0a68b93a3fda1e48b30171c8db35b938,2627062e62fbbad031ac86476ea46889,delivered,2018-05-13 09:52:51,2018-05-13 10:13:00,2018-05-14 10:47:00,2018-05-25 18:26:44,2018-06-05,9d73d8f25f88429a758525f465ca627d,2018-05-13
4d6aaa0dbe2223eac880e1aad0137929,07d3968109378e8483932cf70a79eefd,delivered,2017-10-18 15:27:09,2017-10-18 15:35:27,2017-10-23 19:57:39,2017-10-25 19:37:59,2017-11-07,080f54e73bd1f21e9cfb18d475ad947b,2017-10-18
c6a7876557e3e3e31f229852dfa4f5c3,7211f6a374836aa064addb1e52aa5500,delivered,2017-09-25 13:26:36,2017-09-25 13:44:53,2017-09-26 18:39:11,2017-10-05 18:12:02,2017-10-23,a78856b0e5b47a539274777a789acd6c,2017-09-25
bfda4f6e444f936f87738b840f1221e8,8f0e341772a248cb96e5267c4386e35c,delivered,2018-05-29 10:07:36,2018-05-29 10:38:41,2018-05-29 14:38:00,2018-06-05 00:44:29,2018-07-19,f554449981dd34a68b3ee32e495134f0,2018-05-29
229407b9e8b4a23ecee01a9d354fc79b,ba8f140572a94513e4f671f6f757f5b4,delivered,2018-07-23 08:57:55,2018-07-23 14:31:47,2018-07-23 12:36:00,2018-07-27 19:56:35,2018-08-07,345f826a792323c0f3ee7c5ef83bd697,2018-07-23
55c3e087340bf45947dd9df30b3808d3,30da09f031536186153c0ff9e0dcc0a7,delivered,2018-08-20 23:20:11,2018-08-21 23:15:12,2018-08-22 14:09:00,2018-08-28 16:07:58,2018-08-31,1a76265119d59d42762c37c8cfb675dc,2018-08-20
1d51e1fe1c50aa8ab4844281efd36b6d,f922a70a6a93e8ebb024f6bdc8f1ab3e,delivered,2017-12-29 14:23:31,2017-12-29 14:33:22,2018-01-03 21:18:58,2018-01-08 20:11:51,2018-02-01,c41690b45f5821b464b1b4148f515840,2017-12-29
8770d612f74d5015ceb2d739911887a1,b9bf69e7f80b95b1cf9db48e9da84163,delivered,2018-07-05 16:10:28,2018-07-12 03:26:15,2018-07-12 15:05:00,2018-07-13 19:56:25,2018-07-18,56bd811f3c18c16c00c11205fa1667b3,2018-07-05
9c1475129eb5d70df55a74bd2e7eed54,2c4b96015049567efbadd72085600c59,delivered,2017-10-10 10:37:52,2017-10-10 10:49:18,2017-10-10 19:07:00,2017-10-14 00:50:00,2017-10-23,3c39cec380fb205100a876059577b903,2017-10-10
d2881983257f5db81d89259c7d0c6012,ac26a19a99cb619d52447caa2c8b6a09,delivered,2017-08-29 20:13:34,2017-08-29 20:30:23,2017-08-31 12:09:18,2017-09-18 20:42:16,2017-09-26,f6b5f514923a9325f44acff51d1cde60,2017-08-29
58faef88b9fbcce2db4d1b68bdb0c2a3,4062747ee07fe2bcd812937bbfc4304f,delivered,2017-03-23 21:08:47,2017-03-23 21:22:42,2017-03-28 14:05:23,2017-04-04 09:32:54,2017-04-13,cb7b0a31f4d257be90adf28f7a0afc47,2017-03-23
82121ebedf0f27bfb35630958489c7ea,d0296a9161a79996162a6a4f0835ed2d,delivered,2018-06-25 16:56:23,2018-06-25 17:19:17,2018-06-26 19:03:00,2018-06-27 14:57:58,2018-07-05,a941c257a51188577ec66ddbeee21403,2018-06-25
d0fcb0e64631dcf3a108b1837a69d9a5,0a1ab2962856f2d5008692f7d6e22ce2,delivered,2018-08-09 20:54:56,2018-08-09 21:05:11,2018-08-10 09:55:00,2018-08-14 00:41:39,2018-08-15,b17404f111433a88df165b1358bbc15e,2018-08-09
95f9d289eb0d1034066dbe1638e696f7,98bbc5fd5c70c1331d7e5382c6d8f19f,delivered,2017-06-22 10:53:49,2017-06-22 11:05:34,2017-06-22 17:21:53,2017-06-23 11:51:42,2017-07-05,18d61a27f478cd6201df948578f814f9,2017-06-22
e13fa6ca33d94bcbfd570edd20e475a9,778edc2dbe93c13982704f527738e6c2,delivered,2018-05-08 12:28:59,2018-05-08 12:56:50,2018-05-09 12:39:00,2018-05-10 17:08:48,2018-05-17,e6b5460e0fc18c6738442222204b49dc,2018-05-08
b5f45148cb552bb72d183e82cf6a36d1,6c7151ab32254f20b2ced39493d176b7,delivered,2017-07-12 14:37:58,2017-07-12 14:50:13,2017-07-18 18:36:55,2017-07-24 20:23:39,2017-08-01,fcad22b837ecaad830f77692e5db6c3d,2017-07-12
7d8e7ba5542031bcf18157a07e42459a,b7471219b0b1f0ffd7c258484d4331bf,delivered,2018-02-13 10:15:23,2018-02-13 10:30:31,2018-02-14 23:32:07,2018-02-23 21:54:46,2018-03-07,588018a82c1949879866ede1034838be,2018-02-13
44a7b71ff4db304382a32b229441b281,f0814ff81dba50dfc754f561b40f89b7,delivered,2018-07-19 13:32:10,2018-07-21 03:10:15,2018-07-24 14:17:00,2018-07-28 00:56:35,2018-08-06,bacd72f7a0f4371b2ca37e6a9fd0f747,2018-07-19
1f56d6730df1a47e92e167f773c5f37c,bf1a6f9f94f61589f9349a76dd16e657,delivered,2017-04-06 19:57:38,2017-04-06 20:10:11,2017-04-07 15:26:12,2017-04-15 09:28:00,2017-05-02,2dda014d2afe7ff1c7d7d3c5b28284ed,2017-04-06
1afd388dd86a030bd0d2b1d5434978d3,16f5cb910633b2a0a8d93b9da0168381,delivered,2017-12-21 12:42:24,2017-12-21 12:52:28,2017-12-22 16:32:43,2017-12-23 12:28:32,2018-01-10,e57af309c40f1e310fbf11e8374b0c32,2017-12-21
810f2be64366fc23aa96accfc596ce3a,721a12abb906f7621afa0d517ed29aa7,delivered,2018-03-14 00:17:05,2018-03-14 00:29:10,2018-03-15 19:19:31,2018-03-26 17:52:44,2018-04-12,cfd6e672acc0a396764b52e0a3f7fd4a,2018-03-14
2de1a5d0edd8626305f1255e91b7d473,b2df7562698a9df2b394725e932a57fa,delivered,2018-01-05 17:06:19,2018-01-05 17:13:27,2018-01-09 22:35:54,2018-02-02 21:14:40,2018-02-05,030fde5155e0240c5d3c55206fdadd6e,2018-01-05
7a5941b80b56b7d80e8e695e1c88eed4,8c341ce666b64e4e79c28b60db4f8248,delivered,2017-12-08 11:33:50,2017-12-08 11:52:59,2017-12-13 15:33:35,2017-12-22 15:54:39,2018-01-03,2310a3f40884b2b439de161bde572a85,2017-12-08
cc95d1ba07d976d27802ccd9e8f15db1,7c58c07718ba7a706dc41ef3d4702a18,delivered,2017-10-06 09:46:17,2017-10-06 09:56:23,2017-10-09 17:22:34,2017-10-10 17:15:57,2017-10-24,b183c93025a2b4469ab6cea56c19e852,2017-10-06
e135c8a351d629f6322ae5cd66a90291,96073cbbfd07afcaef8400bc4f440bcc,delivered,2018-08-14 07:37:13,2018-08-14 08:10:17,2018-08-14 15:14:00,2018-08-22 18:15:46,2018-09-13,eaf7e9bda59df77d6c2ef3bf01c355b2,2018-08-14
eeae119fa8c06aa988a02dd0a40de8a3,d3b0f728a8bc1cba4b7e149484653ff2,delivered,2017-11-24 09:32:51,2017-11-25 05:35:37,2017-11-29 21:22:15,2017-12-05 15:12:57,2017-12-14,a6bcb31e415fabce4e187fc753eca289,2017-11-24
3b403954bc51826b0abdd90bcf1e379a,191cdad35845b53e9b337d97ff921759,delivered,2018-04-01 20:29:00,2018-04-01 20:47:33,2018-04-03 18:57:24,2018-04-06 20:21:03,2018-04-12,261d11f936ebdeae709e01a0ee364cfd,2018-04-01
0a327f9c209a8317bacc1f86dda65f52,aede7cf4fe90e191b431d682aab7b863,delivered,2018-07-31 12:54:10,2018-07-31 13:24:24,2018-08-01 06:40:00,2018-08-02 19:26:47,2018-08-03,6cc728d3c22ad303f53b4a3bba9e8248,2018-07-31
767b76997bafc4391a3018711fd833a9,5d67e31aa8cdc36c984e4079a287a60c,delivered,2017-11-26 12:29:41,2017-11-26 12:51:50,2017-11-29 13:05:31,2017-12-13 19:59:15,2017-12-21,33673a61e46e272ad8a18994222831fb,2017-11-26
4c4f39265955100d527fe377ac3c0f55,4e22a7cfb58d715b470fc91745a27960,delivered,2018-06-18 20:02:49,2018-06-20 04:38:34,2018-06-21 11:46:00,2018-07-05 18:50:55,2018-07-17,c09cafb6621bc388cf1b67215d907f81,2018-06-18
ebe03df05336a64593a9d06ed6b09db5,e965077e709d4f5097fbb5b20651ee44,delivered,2017-10-09 19:02:53,2017-10-09 19:14:40,2017-10-11 20:42:06,2017-10-16 20:12:27,2017-10-30,ab55a155e8cf277a784128f2e03aefdc,2017-10-09
fb8691657006882157a1c0c0f380a585,51edd3e2ce3240854fe38ea1a71883e1,delivered,2017-10-14 17:07:44,2017-10-14 17:24:23,2017-10-16 18:33:53,2017-10-26 22:23:46,2017-11-06,3980fd09827533d2afff3a21f1d690c4,2017-10-14
98ecfc5c563ee4f1718c29d586a317b7,8a79aaef381ca7a2537b49081a0d8122,delivered,2018-04-14 11:15:10,2018-04-14 11:31:30,2018-04-17 22:06:46,2018-05-04 20:38:35,2018-05-18,cbc23444774ec29500020c5a5374d8ce,2018-04-14
040d14995ebc5de6373a0bc2b5485961,d4abe18305755e18089badeca5d274c3,delivered,2017-09-12 08:31:39,2017-09-12 08:43:31,2017-09-12 18:23:34,2017-09-20 20:09:56,2017-10-03,60a2f98033ef6fcf13603fd56cb0ab82,2017-09-12
bb93c6dd59d2881e38fba9891aa63b7e,67817eb4255687172606062046a0c192,delivered,2018-06-10 16:31:19,2018-06-12 04:57:32,2018-06-12 13:42:00,2018-06-19 22:11:32,2018-06-29,7eb7edeea8c568de812e4e7af8efd71d,2018-06-10
395524f8aeeae5579f5b660148e450bc,1f31410fe9060920ac77faf5ad2e3632,delivered,2018-01-21 09:03:17,2018-01-22 13:44:32,2018-02-05 14:53:18,2018-02-23 20:49:10,2018-02-23,cf9125de408c0b29f2bea0d39a9d1c77,2018-01-21
9c11cb61b9393edca31cfb6d985642a7,5b2f78b5f6e986453ff9fec40c86f44d,delivered,2018-08-07 14:33:07,2018-08-09 03:45:20,2018-08-09 15:16:00,2018-08-13 18:39:02,2018-08-15,17e2da2b70a6c98e60fe4ae99cdde9ca,2018-08-07
2f0406761edfc84594b3ff458e5ddc6a,a07f5d3331424e82b9b329f311a53646,delivered,2017-11-03 16:55:44,2017-11-03 17:30:50,2017-11-06 19:57:46,2017-11-14 17:38:55,2017-11-27,767e0ad33a0e895fff80604570c885e0,2017-11-03
363f8154ce0860b9c0c5a4c09e9f619c,2894d1f67d717f4ed8bde367b17e0005,delivered,2018-07-18 12:53:57,2018-07-18 13:05:19,2018-07-19 12:01:00,2018-07-20 23:20:53,2018-07-31,fb0a15a8972216e692289f886fbe75e1,2018-07-18
67f98e9ec7d20b6e39c806909565213c,0b673beb4a9e4f57ebfd292e388e87fc,shipped,2018-04-12 17:20:25,2018-04-12 17:35:14,2018-04-16 23:56:47,,2018-05-07,de524f3d927b9c575c2b86b07b3cbebd,2018-04-12
4c2efd43936f16115387b1ea65312cc4,67e9eac9d3fda0138a4cb74991b0c645,delivered,2018-03-20 11:58:59,2018-03-20 12:15:38,2018-03-29 22:41:03,2018-04-05 17:18:46,2018-04-05,2fc115d191874ceadb2b84646fa37672,2018-03-20
f5f6ede2cc27f7ef506cf14e38d1ee16,da8886dfb5f7a6f98b45dace8c8e24a1,delivered,2018-06-14 22:39:41,2018-06-14 22:56:58,2018-06-18 15:52:00,2018-07-10 19:38:36,2018-07-13,33957bf4b42104fdf8f99af59baff60f,2018-06-14
4b160ae84bf86ca95ce56c7c83c0c5eb,c821a8b90c1d0df109200a6ca4926eb9,delivered,2018-05-17 17:57:24,2018-05-18 03:16:20,2018-05-18 12:43:00,2018-05-23 12:21:47,2018-06-01,842a31ee1b53a7457cd7174cb0ebc931,2018-05-17
c93dc4b4b4fee08f6cf1f6dba6c7c8dd,6057001e88263eeb0124c3bb64829102,delivered,2018-02-27 18:43:47,2018-03-01 02:48:24,2018-03-01 22:23:08,2018-03-07 16:46:09,2018-03-19,43553d9b61fab50e57b9302ff3492193,2018-02-27
863d60e6027670800d65db6d2a9de10e,c00b382ae3b88e40d545d4ad2b5ea121,delivered,2017-10-20 12:25:18,2017-10-21 02:49:32,2017-10-23 19:48:41,2017-10-26 21:17:04,2017-11-08,e16744f11289123036381158bf8b3f52,2017-10-20
f7c65be24000f516627adf853b60e268,9dd0f4a6edbd989b7f2f8da3a662bf3b,delivered,2018-04-15 00:31:53,2018-04-15 00:53:16,2018-04-17 03:32:44,2018-04-19 20:32:34,2018-05-11,337938786af7374b9bbdd36400c0270e,2018-04-15
84f89b4f4b956843277c6b990bd06b2f,5352d7b0e81c3b107191e70df710c5c5,delivered,2018-04-24 23:25:11,2018-04-24 23:35:09,2018-04-30 06:18:00,2018-05-05 17:31:33,2018-05-24,9832ae2f7d3e5fa4c7a1a06e9551bc61,2018-04-24
b9b3a57801f2cb36617b727e256b4089,a0d4b9ead9cc1fb314bf487c76605839,delivered,2017-02-03 06:55:52,2017-02-03 07:05:08,2017-02-03 09:30:30,2017-02-15 14:22:57,2017-03-22,19e76f68a4f2e046ff5551d0bd7641a2,2017-02-03
d5c48cad732a71a573e038e81d428c18,7c90e33e5d5f35063ed43b54a5957cdb,delivered,2017-02-06 13:09:46,2017-02-06 13:22:08,2017-02-07 16:51:49,2017-02-23 13:23:01,2017-03-17,2662d74bb0b34c4e942fb3ab6a27ac64,2017-02-06
a91cd0ab480b37e19e1f6910d623d54c,7df9833f34e3cb45217e832783f991f5,delivered,2018-03-06 18:46:32,2018-03-07 02:35:33,2018-03-07 20:59:11,2018-03-23 22:08:34,2018-04-02,7a7dba93d6bde72e9fe77dc77f3b05ef,2018-03-06
89bc56fc811f39de05111fa8d720ac60,dc7fc58159ec37840a3a640a84adc8d6,delivered,2017-08-04 10:48:52,2017-08-04 11:03:39,2017-08-07 19:12:14,2017-08-11 16:27:30,2017-08-24,ff95640b1b541ba71eaa077fd1853ca0,2017-08-04
c9dff4871bed0bc5d4b917767a22d67d,aaaa1ef4f90f3cf6cd099870ea77e99a,delivered,2017-11-24 11:23:38,2017-11-26 11:18:26,2017-11-28 16:09:19,2017-12-11 13:42:39,2017-12-26,f6255a326ff4c43107bc0f42f433be94,2017-11-24
33f70271657afa8d0e69c98ba812e841,d87971ae8acd4eac7864f054e44585f0,delivered,2017-08-22 09:28:07,2017-08-22 09:45:43,2017-08-23 12:18:34,2017-08-24 21:17:42,2017-09-04,ed4101d313ed5d0dfbae56ebfcb933ad,2017-08-22
bfd6463a3d508931213215b96d69f5b7,da702ab66677661dbee8ff4802eaf83a,delivered,2018-03-07 21:52:21,2018-03-07 22:09:10,2018-03-08 19:07:43,2018-04-07 01:02:46,2018-03-23,bb29d972350d9b8b2e5bf6f5c3834f69,2018-03-07
b01c6ff869f5625618ca2aeed1f4daf3,00931b6a1ae01ead1f98d4e1d1547106,delivered,2017-12-09 15:57:50,2017-12-09 16:10:16,2017-12-11 17:17:13,2017-12-18 21:58:43,2018-01-08,9f19c80b64945cd7abd1fb91ff5157a7,2017-12-09
a445af0d83713885b6b576796191b1fa,c0717bf8d4587e085bfb7bb4e8a52e33,delivered,2018-07-23 19:07:01,2018-07-24 10:31:44,2018-07-24 13:48:00,2018-07-27 17:24:37,2018-08-09,c7e7c9292cbefb5a73573095f0ff21a6,2018-07-23
d9ef23ac673ab7d0f7795354d2328b77,3497a69327334f063f8da0532da8e4d4,delivered,2018-08-11 20:03:29,2018-08-11 20:15:23,2018-08-15 14:21:00,2018-08-30 22:08:39,2018-09-10,c7b3b58a202994feaa5f25914fe976dc,2018-08-11
2b8f925d21cb444a3118d0640bb09cc1,d2b164048dcefa2c5e24bb33173ca75b,delivered,2018-03-16 19:11:43,2018-03-16 19:28:22,2018-03-20 19:26:29,2018-04-02 22:48:28,2018-04-18,fe207ab6ef5bbe703f681e0546b8db51,2018-03-16
b2727344d4f955cb61829ed7f61b12fc,59941cfff43c8432579de4def65e6be6,delivered,2018-08-01 16:30:46,2018-08-01 16:45:11,2018-08-03 07:00:00,2018-08-13 19:46:35,2018-08-22,19f433bebc8caaec7d06d05d170cf314,2018-08-01
eb71a8bb87819d656f272861f49e3477,5c46e02c6ae6bc6d3a6f33966d05917c,delivered,2018-08-12 14:35:52,2018-08-14 04:24:22,2018-08-15 12:49:00,2018-08-16 13:38:42,2018-08-17,921c64811a511efe0c19136766fab4aa,2018-08-12
52a39a74e61ffa3d8ce5db4e780ee364,76df5bc8552a4baa36cc3becbedb6dce,delivered,2018-02-21 14:44:33,2018-02-22 02:28:43,2018-03-05 23:22:06,2018-03-20 20:56:57,2018-03-23,278b5ecf13e43351be4735b09b58db8a,2018-02-21
4624f54e368960605699b48f08d4ff9c,e056537de5ed9ff8fd487a5ad9570f45,delivered,2018-02-22 15:24:20,2018-02-22 15:35:41,2018-02-27 02:55:25,2018-03-19 18:42:36,2018-03-23,c72b734bedfff143864fc03540943e0a,2018-02-22
47c343d8d62ab013486081084cdffa2d,84dbc8cadf81995826879280316b6397,delivered,2017-08-14 12:00:32,2017-08-14 13:03:59,2017-08-15 15:37:48,2017-08-30 20:43:31,2017-09-14,02f3f4574ac77170d5846d6a1a3be5e8,2017-08-14
259db3e83679426c2af73687a8c579d4,2ea0297a0f76054d2857c4859220b1c2,delivered,2018-05-18 11:40:09,2018-05-18 12:56:23,2018-05-18 15:32:00,2018-06-04 18:22:38,2018-06-14,8959d4251989df68934d67c1d32c5718,2018-05-18
0dd40e8c8c363027df66efe4fea48bdf,890795b5b323f86184a643e8e3480584,delivered,2017-11-26 23:57:25,2017-12-01 12:31:41,2017-12-06 21:09:23,2017-12-12 22:38:43,2017-12-19,d1025ab695a5daf2a5252259f8cfecb6,2017-11-26
6cd6ee8cba5c8dbddb25d90578edba0a,6570c3201dbf324786cba23cfe64fe2d,delivered,2017-09-28 15:35:20,2017-09-30 02:28:24,2017-10-03 14:11:41,2017-10-16 14:28:19,2017-10-31,8b322bef0201ef579bc07c39ecd9615e,2017-09-28
324e2258a783f37df70a31a89860114e,5e846cb3c229e358021cf10316c72de1,delivered,2018-01-31 18:40:48,2018-01-31 18:51:11,2018-02-01 22:37:47,2018-02-28 19:13:22,2018-03-05,870dac3d153ae0bd49c4ccb66dda6d80,2018-01-31
47a211c899f0043d4ce13337d863bf16,ff552e86993d783ace2864dbdd5226c5,delivered,2017-12-30 15:14:18,2017-12-30 15:26:48,2018-01-05 18:28:30,2018-01-11 15:15:03,2018-01-30,9b994af54c6d32342fef79cf811d2e5a,2017-12-30
bf9b9000c617c6eb39e6666c98f7493d,7ea1796cd1883cc423df9b9a5483db94,delivered,2018-03-31 18:49:05,2018-04-03 05:15:28,2018-04-05 23:14:47,2018-04-20 14:41:40,2018-04-18,ba8fc10a6f9dfeac29f4e92e7e9ee833,2018-03-31
95a9275ad0bdfee65c7075463fc226a6,a7b89ebff7ddcea70479279889acdca0,delivered,2017-10-30 22:59:39,2017-10-30 23:31:09,2017-10-31 16:51:40,2017-11-09 20:55:49,2017-11-16,2076867644338930f04e6458946d7370,2017-10-30
a10dfacbf1c8bc9c9e9591f60102bdef,8d12e45dee8c09b2510d95b8688a17a3,delivered,2018-07-18 20:20:58,2018-07-18 20:30:19,2018-07-23 13:50:00,2018-08-15 18:51:37,2018-08-13,fd3e0fb5c7f444ff252a1270d4687b05,2018-07-18
b985389048e8bbb41d4993f4bd86f47f,475110b3cfbed77071437d7c45aae4bf,delivered,2017-08-22 09:40:20,2017-08-22 09:50:26,2017-09-26 20:37:03,2017-10-06 22:34:43,2017-09-20,03ffd4dd8a22ac7d1e9a70fcb717ca46,2017-08-22
eb54651b02b959e50ba4adaabeedfe80,234f9b7bd7eba28c42e8e8a09c98ea31,delivered,2017-12-05 11:20:24,2017-12-05 11:31:32,2017-12-05 20:13:38,2017-12-16 14:23:53,2018-01-08,1794843e3bfdd537d38c9ccad70587ad,2017-12-05
a1b499a72aca650e451a357f1eb45c03,ef8d390153b43a963def1da4a61047cd,delivered,2018-07-29 15:44:15,2018-07-29 15:55:18,2018-07-30 15:19:00,2018-08-03 16:44:46,2018-08-22,54ea74076e60c74695e2ef5375cd496b,2018-07-29
f027ecaf5002b6e557ccdfaedbda2ac6,53f05b7e71451b8e943a7394f5d3edb4,delivered,2017-09-07 08:31:26,2017-09-07 08:43:37,2017-09-08 16:14:07,2017-09-11 20:22:37,2017-09-20,b99ad02f5d0dce8edaed40e36fd4d71e,2017-09-07
a01edf5b15e6c1a5cf9d9c975e23b7f9,46bd0418f6022bea82e4d1b6c182223b,delivered,2018-06-24 14:32:43,2018-06-24 14:54:54,2018-06-25 14:58:00,2018-07-04 21:28:43,2018-07-19,f6c009ef1a01708cce34cde9caa5e3e0,2018-06-24
d124af20920be41458d0325b9827df31,615c294dbb4ab963db7ea37dc1f60cbc,delivered,2017-11-11 15:09:40,2017-11-11 15:27:02,2017-11-14 16:11:59,2017-12-05 17:14:14,2017-11-27,9832ff65bf1a5ab9ad1c6ca07fff62df,2017-11-11
0f2bee3cf61b938dcfdf5cbc0bb2f9f4,d375c23d21738514cf78e36192848732,delivered,2017-09-26 16:25:37,2017-09-26 16:35:21,2017-09-28 22:37:05,2017-10-03 20:34:58,2017-10-24,f6557c4102d39bb3d67d0448ccc7bf5b,2017-09-26
dbebf60e0907d4124719fe7a872e7694,929552054064c59d6e5bcc06dd67a56b,delivered,2018-07-02 19:27:48,2018-07-05 16:27:11,2018-07-04 10:48:00,2018-07-11 20:14:33,2018-08-03,df70d81ae0f76c0c61e981382a326a7f,2018-07-02
4ce0d39282d4d45834a51b1ca7fbb311,33b83055b03f489566ebb99c68d45cee,delivered,2018-02-01 09:11:43,2018-02-01 09:31:15,2018-02-06 00:48:33,2018-02-21 21:55:15,2018-02-23,068b73f9995e1550291624093d1a2853,2018-02-01
a3e114681cc1e328e884a174f375e41e,cb1c5947c260382a1bfd4034cf35ab54,delivered,2017-05-04 10:07:21,2017-05-04 10:22:36,2017-05-04 13:20:22,2017-05-10 09:48:33,2017-05-31,2699f3d2e5846a3409177ffe4d2fddc1,2017-05-04
30170ab8df1e61d04bcd55c3cab7f4ad,2fe42bd26424cd5c60201bb918266f8d,delivered,2018-02-20 21:51:36,2018-02-21 21:56:01,2018-02-23 22:28:36,2018-03-15 19:22:18,2018-03-12,d4ae1e7fc630c7963166a0a09c1bdc45,2018-02-20
d066df43cd1f2f04cc57f289179dd234,98cdd0afc57e8b072658ac1bb19db884,delivered,2018-03-29 17:00:25,2018-03-29 17:15:11,2018-04-05 20:03:48,2018-04-26 15:32:51,2018-04-24,5793cca26bf2085257967773b78b068d,2018-03-29
bbab2e9b3ccc0a66fa711c81e21821f1,f5eb470638c9fb7cd5e5131ec5cc7b04,delivered,2018-06-27 19:21:26,2018-06-27 19:30:24,2018-06-28 13:42:00,2018-06-29 18:02:46,2018-07-12,2e9187ae2c4b625f50797a9aa9452c08,2018-06-27
566c54af4e636ee14ef5e97398919a60,0554357bede8e7adab8e4d3a88652483,delivered,2018-07-18 16:55:20,2018-07-19 03:02:32,2018-07-24 11:15:00,2018-08-02 20:18:56,2018-08-20,0f22608086c231ee99c1a06ea07141a7,2018-07-18
5045e4e69c4ba90bebf92266670bfeaf,ef4cc5183ddfe11d6a708e99fb6ef2cf,delivered,2017-04-24 16:24:58,2017-04-24 16:42:42,2017-05-04 13:53:50,2017-05-10 14:24:51,2017-05-17,615922c430abddd368735199c38e735d,2017-04-24
d652490ad180f9a1a2a4e6e6772b50c5,5797325d4bf11531fcdec2b37d96c5a5,delivered,2018-05-11 19:37:43,2018-05-11 19:50:38,2018-05-15 07:15:00,2018-05-22 18:15:51,2018-05-30,65ecd8bce2f039f0b1b422b21581a57d,2018-05-11
e8146c8e2f62498a88401f3b82ce5a94,ee806345d09f89cbed254c4a290da10e,delivered,2018-08-08 15:32:23,2018-08-08 15:45:17,2018-08-09 14:59:00,2018-08-10 21:28:18,2018-08-13,2f5310ddeaf98eafea76a45cb17a8a5a,2018-08-08
6b8c62c594c79c27167d9337676cd93a,4b3cff69c9076b5c9f0b5e16b5328360,delivered,2018-03-23 10:44:18,2018-03-23 10:55:31,2018-03-26 22:05:28,2018-03-28 16:41:59,2018-04-05,19aea75555d5e6b749ac505a0ae784fa,2018-03-23
58dbb941e2ecf4229524cfdda3f080ec,84c3a4890bb23c69e0ad2f0576802ffe,delivered,2017-09-28 07:55:13,2017-09-28 08:07:12,2017-09-29 18:20:13,2017-10-09 18:44:55,2017-10-27,8255102c06309eb6f60a61349ac9de1e,2017-09-28
49822ac9e14074c1575428d613ac3889,cda2c884f421e52353b8f80aea7d9c68,delivered,2017-09-15 10:55:33,2017-09-15 11:10:21,2017-09-15 17:11:08,2017-09-19 21:02:35,2017-10-03,fcbf97f36313abd9df813d71318dd3d9,2017-09-15
4e8a81dd08968b65427a30b932a8fb0a,5e68ff4fe28a8fc50beaece056586fe6,delivered,2017-08-23 14:06:56,2017-08-25 03:04:10,2017-08-28 17:45:55,2017-09-04 18:46:57,2017-09-15,fe50fc8b1e7d06fc87e9e25522832f22,2017-08-23
0d80282817c88ed77c05a7e4f72dec4f,bfbaa776ca378a2d38584020bbb3cec2,delivered,2018-06-14 09:45:47,2018-06-14 10:19:33,2018-06-22 05:31:00,2018-06-29 18:54:48,2018-06-29,0aad2fc81bc37dbf743d4f049989d220,2018-06-14
2f313baa6fdec2fc305719ee717b26a2,9ce137c8df764bc7cd046a8c155e9c73,delivered,2018-02-02 10:13:18,2018-02-02 11:15:30,2018-02-08 20:07:51,2018-03-02 23:07:33,2018-03-02,85893537f391e312debf71d6c62819c1,2018-02-02
6fd3076696fcac28e9d04a378fd4b5d7,6fd27e35d1c5cc781bec2f783ba2c85b,delivered,2017-08-14 15:38:08,2017-08-16 03:15:14,2017-08-16 19:04:58,2017-08-17 17:52:30,2017-08-25,957c7e538b1969415a321be4316e484c,2017-08-14
47679ef5ae9dac7bec201631070f63b5,669186fd119ac53e75216f2765120fdd,delivered,2017-12-18 17:46:31,2017-12-18 18:52:06,2017-12-19 17:55:32,2017-12-27 22:25:21,2018-01-23,5d4e429bdd72d7c0bec2d8f8bdd1163d,2017-12-18
bf42ba647cf1164c3f1f5757b3f0cbd1,1c37caf11970a567b7fa4a716175d250,delivered,2017-12-23 12:41:22,2017-12-27 04:09:45,2018-01-03 17:12:27,2018-01-08 23:51:51,2018-01-19,34b02e69444e6e159c83d7d6936fb216,2017-12-23
449e7790774601c0b03963b03aa6b193,c377d539013dbb8fafd49152208c5524,delivered,2017-09-25 16:19:39,2017-09-26 04:07:31,2017-09-28 17:15:37,2017-10-11 18:58:06,2017-10-26,c4f43ee9af7afc8704feae6a2605cf04,2017-09-25
63fc384c8e172e856d4cde83ce2a5234,f0bbc828c2f3a154ac29c3736047372f,delivered,2017-11-24 22:08:39,2017-11-25 01:31:45,2018-01-04 23:15:20,2018-01-13 11:14:31,2017-12-22,cf24704b2745cc9454f4731c38f7ac14,2017-11-24
d8e82d1f482cdb6ddce0701ace3bc6c8,8f08459a3c56d498990baa07ec4fe68d,delivered,2017-09-01 10:15:36,2017-09-02 02:56:10,2017-09-07 00:19:58,2017-09-21 18:16:33,2017-09-14,f1a325803dd4c341c5a946ac84c71973,2017-09-01
24f42a25ef8ead286299cf281c802b16,5b586fac23c7f8c29686a4d5663798df,delivered,2017-12-02 12:52:02,2017-12-05 04:15:42,2017-12-11 15:49:08,2018-01-03 23:12:49,2017-12-27,ab34c4906de4713a4c818ae8546e54be,2017-12-02
171723389846b8fbcea1d365e5719cc7,326872eabaf07944bad58240518a29ee,delivered,2018-05-16 15:58:01,2018-05-16 16:15:08,2018-05-17 06:01:00,2018-05-22 16:23:13,2018-06-05,cb87670fd0cb57edb5d5b8b31386e9a5,2018-05-16
0e1756f57187e203c6151ebe990fa670,ddd3b9ce8e10bc277c120c9a7bb007ac,delivered,2017-09-13 07:29:26,2017-09-14 14:04:24,2017-09-21 16:53:24,2017-09-26 22:20:02,2017-10-05,5aaf768822b756d0cde0c99971f927a3,2017-09-13
ed5d4a748b19272af146935199dc6329,13365c4939099a4a1de84f9cfe06b168,delivered,2018-02-16 10:45:46,2018-02-16 10:55:23,2018-02-16 23:17:59,2018-02-23 22:35:45,2018-03-07,4e7a88424027855b7bacc73eb92f64df,2018-02-16
f8aa20752115b536eacee3d561989f35,2dfbc6d1939d39a1071d64da95b663a3,delivered,2017-05-15 16:48:22,2017-05-15 17:03:01,2017-05-17 13:57:31,2017-05-23 10:32:49,2017-06-06,6884f0f54ba0013c2f9ad2688155300a,2017-05-15
de9dfc1fb17ef671b0dfe13a4af413e0,69dba14ea6bbc43bc3f7aad54da1c19a,delivered,2018-01-25 11:31:36,2018-01-27 02:48:57,2018-01-31 20:09:07,2018-02-15 19:13:32,2018-03-06,2e90f8efdffcf5551e991c349cb32ef0,2018-01-25
60f2ddc8d4430b5d01a1b3aa873d2d03,9242e7e435577f88adf6cd4f7503883a,delivered,2018-01-11 14:20:28,2018-01-11 14:29:22,2018-01-17 01:08:46,2018-01-18 17:16:41,2018-01-30,ed8304811c1dc353afa83397c5b4a772,2018-01-11
387c2c33e495538e94878a500bf8e6d5,27f7d35941527e3ab4db13c6fe2a5e77,delivered,2017-04-22 21:11:50,2017-04-22 21:25:07,2017-04-27 05:43:02,2017-05-09 09:07:41,2017-05-29,d8ce0e44ece69672d6bb5dafabb21aa5,2017-04-22
a74fafc20413a7a0f1035a1b9d22d687,18c10dd75c15e93b35983677b1948da5,delivered,2018-07-18 11:01:57,2018-07-18 11:25:20,2018-07-18 14:20:00,2018-08-01 13:51:05,2018-08-09,792aeaa221d4c5e06308d31731c114aa,2018-07-18
bb2d7e3141540afc268df7ef6580fc75,8b325e34eab50c4b1e54500a3ff31e6e,shipped,2018-08-09 16:28:34,2018-08-09 17:35:17,2018-08-10 09:23:00,,2018-08-23,9ba29d0b6083786c4e627ddda703b5cd,2018-08-09
94302f2c0be2b8557b415b3330aca160,71f85f226eb965408ca5c0d1c0890d8a,delivered,2018-08-21 20:13:02,2018-08-23 03:04:28,2018-08-24 07:18:00,2018-08-29 16:18:48,2018-09-03,a8c05441c4820e9780b8a6c63a6242c8,2018-08-21
9a72b635fdd4396e5656a6028d13d09a,ae4c7a6bb591543c410facd14b571ea8,delivered,2018-02-19 11:51:35,2018-02-20 09:47:45,2018-02-21 15:59:13,2018-02-23 21:24:50,2018-03-05,f83861c239f467ac3e6b5c737443c98c,2018-02-19
2e8be4cb1a41afbbe6efc1c84831a55e,db069a57412f03c4931e54d61553ba14,delivered,2017-07-24 13:41:56,2017-07-24 13:55:12,2017-07-28 18:09:29,2017-08-01 15:12:39,2017-08-04,3c8ca5dc7ce5c5841664eea575890b49,2017-07-24
a57bebffbfa4ce3c72a856f94e1c589f,96d1f87fec96475ce25b292d7f76a557,delivered,2017-11-30 21:35:58,2017-12-01 10:31:25,2017-12-06 12:05:15,2018-01-15 16:48:57,2018-01-03,8e2360ce3c3421a492ef3701226a64d8,2017-11-30
4e8b695203ce1447833493b8898ad943,11a2098ba613a6da385f0160b1671d8e,delivered,2018-04-27 18:12:41,2018-04-27 18:32:09,2018-05-02 15:15:00,2018-05-07 18:32:33,2018-06-05,361918d050c5e666a41a1d13ed9ad888,2018-04-27
0d466b4d8672f6390cb22dd8d2472b7b,be88b3443951f7d32ba596669e347980,delivered,2018-05-16 13:11:47,2018-05-16 13:33:36,2018-05-21 08:11:00,2018-06-08 17:25:03,2018-06-18,f174ac744b1b0bd091f1bfe9eaf75c13,2018-05-16
f508922be105d79a767d25d0ee4c85b6,9b429ad10ecab0e05dfad095c15812cd,delivered,2017-11-19 16:35:05,2017-11-19 16:46:23,2017-11-20 22:37:34,2017-11-21 16:09:16,2017-12-01,076a7de57d17fa26ab625dbe200aafa8,2017-11-19
df30f88407baa98218b16abe7032899a,705ea3eb85deaed8f68356890e5e3c7d,delivered,2016-10-08 11:50:02,2016-10-08 13:22:12,2016-10-12 13:22:13,2016-10-15 13:22:13,2016-12-06,b997e25246ed06045ed885ca74385b4d,2016-10-08
7b1628af9aa95c57c63665fb81cced3b,8a9a638f63cca68b06e5787535092bc4,delivered,2018-02-02 12:49:01,2018-02-03 02:53:41,2018-02-05 22:56:42,2018-02-14 22:42:11,2018-02-26,08f77862a18100d978ece3564a80366d,2018-02-02
0f1e7409f75f39dd6de647d802dd1094,5a4a794ff4256de4a4068824bba52840,delivered,2018-04-03 00:09:27,2018-04-03 00:50:19,2018-04-03 21:07:03,2018-04-06 00:02:43,2018-04-13,e0ecd0648094462699bae6ca915bade4,2018-04-03
4ef23acabdb7440d19895d1e64443342,569f639f26de23f683111fee0340d268,delivered,2018-04-30 20:45:22,2018-05-01 03:15:30,2018-05-04 12:27:00,2018-05-14 20:18:38,2018-05-29,d7c03aec3cda815b999d85b585fdf3e5,2018-04-30
f30e745209cd648c475f3949b1adb2e6,0d1d5438d7f01a46c249fee6c79e7e32,delivered,2018-06-14 00:16:57,2018-06-14 00:40:30,2018-06-21 12:11:00,2018-06-25 15:54:42,2018-07-11,56dc20e157960ab78a89f36b57a591c4,2018-06-14
eb3e4a3528dbc170affc24a94e97f638,ef68683a6c65b91289abbe1a058aa160,delivered,2018-02-07 20:04:45,2018-02-09 10:11:45,2018-02-09 18:57:06,2018-02-17 00:08:01,2018-03-05,bee9356eb7c026e686722938b679471d,2018-02-07
967868315b8ce562c1deec7e1ce602a5,a947dfb481280eb7ef13c1c05727f340,delivered,2018-01-10 15:27:50,2018-01-11 02:39:34,2018-01-12 22:35:28,2018-01-24 21:59:11,2018-02-16,6513e63443ad3306789b25a8d0c864ce,2018-01-10
a8e0b9e3c94ebc0f5d0ebbfa4d6110b7,1ee50253e3788c72f0e1bc03e2c4b84e,delivered,2018-02-08 19:45:42,2018-02-08 19:55:28,2018-02-14 19:58:59,2018-03-09 16:43:22,2018-03-05,bba38923aa817f25c6dec24021ae3f09,2018-02-08
8993af9c591e49725d6658a86ab3314c,9f38ad900ef8cbe439bd2b18ac419203,delivered,2018-07-04 21:54:37,2018-07-05 21:51:39,2018-07-10 07:17:00,2018-07-12 20:56:27,2018-07-26,00df047af693b421c167e27932bfd6c5,2018-07-04
fd04ea30a531fba782ca80dbead05a5e,6a329b2bf1ada2100af15d7ad273c8d2,delivered,2018-02-21 21:39:12,2018-02-23 02:16:27,2018-03-14 16:36:39,2018-03-17 17:08:20,2018-03-28,ff22de821fd449e50e82f657090da1df,2018-02-21
f47250cb6ba54d6506935dc2e409b914,6fa4f15ed7bd6ed54b86f2124a8634e7,delivered,2018-07-03 13:52:30,2018-07-05 16:34:53,2018-07-04 15:01:00,2018-07-12 12:58:45,2018-08-02,77253a00a454d2b90068500e101f6e7f,2018-07-03
45917d9b3d9fb27201ae36b4f1841f78,310621a52376d34af1a8fa28f57a05c1,delivered,2018-04-14 15:35:26,2018-04-14 15:50:41,2018-04-17 20:14:40,2018-04-20 21:17:40,2018-05-10,175eb3954a316abe1b0edc2330a6c2ce,2018-04-14
09df1b5edd28f22201dd19d1acccd5f3,082588d73998636420dc0c9b5589668c,delivered,2018-01-18 14:38:14,2018-01-18 14:56:25,2018-01-20 00:47:41,2018-02-17 01:19:00,2018-02-23,811c9b54f0a0a0a96dc95e4c7bf82769,2018-01-18
7d02110248a5338cf23b3878134147db,2efaea6a947384a3363192a15ef3623e,delivered,2017-04-21 11:08:41,2017-04-25 08:23:04,2017-04-25 10:56:25,2017-05-04 15:45:44,2017-05-23,da1b97ca23276d63c99d68596254e120,2017-04-21
c40dde193e5c66baefaaace305961861,6832faea23b41f6821642d1933cdee33,delivered,2017-10-21 12:01:09,2017-10-21 12:28:12,2017-10-25 20:32:59,2017-10-26 17:15:11,2017-11-16,acf2cd7adae2fecaa8f232f5593ddfb8,2017-10-21
91563e540f8b0e89389b96cf4d52296e,b557ba6be35b6f40ddec0f6a151226c4,delivered,2018-04-25 21:16:31,2018-04-25 21:30:24,2018-04-27 14:06:00,2018-05-03 20:19:18,2018-05-23,1483a42c9dfd6795fc46433318dda056,2018-04-25
8e8fcb8fffd60bb3f6fbd647c6149286,24e42f89b0744189b63a6fe0d2223b6b,delivered,2017-08-22 14:06:32,2017-08-22 14:26:28,2017-08-23 18:45:06,2017-08-26 12:05:45,2017-09-14,46d6e25b169e30130baf6f26fdb94377,2017-08-22
20ef96a94887a09470ce16449d10b185,bbc517da3d654e825815ec0fa3b1cbe9,delivered,2017-10-16 14:12:01,2017-10-16 14:28:21,2017-10-17 15:23:14,2017-10-25 16:43:11,2017-11-07,03e76e687460db6f31476b7a8b39bc3b,2017-10-16
bbb23eb343ea788460a735b0d5df605d,1a3c88aea42779ddfadce14271d6dce4,delivered,2018-04-19 16:29:49,2018-04-19 16:58:11,2018-04-23 14:52:44,2018-05-07 20:07:57,2018-05-25,22d373cb10cd0f6e1925e4e0833994e3,2018-04-19
fd723aa8e9502bc95f3bda013fd82072,4c481d3d45478fed9894eef726d4c228,delivered,2018-07-30 10:35:26,2018-07-30 11:31:16,2018-07-31 15:23:00,2018-08-06 12:25:06,2018-08-07,932dd957402f175a77919f49706bc080,2018-07-30
ea437d6c742d02a7efad561c9ea0fb40,6171dd1dd0b622320f004748186502f9,delivered,2017-04-25 16:47:19,2017-04-25 16:55:23,2017-04-26 23:48:01,2017-05-04 17:22:50,2017-05-12,b744823d1257c2772b688d040b34423f,2017-04-25
e1ff3178bf322c2f131cdf7f3cd63613,1d759b815b80b9d9c17448c2b48f5509,delivered,2017-07-16 23:44:51,2017-07-17 07:35:12,2017-07-24 13:46:05,2017-07-26 20:58:28,2017-08-15,c9832088beaad535bb99f5357dedf5ae,2017-07-16
608d2b1247d371f22cbfa16713c82786,6f2606c75e06082426969fda7ae78f6c,delivered,2018-05-29 13:08:31,2018-05-29 13:31:13,2018-05-29 19:05:00,2018-05-30 21:47:32,2018-06-21,87e11d8662318076c63341aeba409c1c,2018-05-29
838411338443a817cfb4c26f0f7a9c9a,f6aa4b1360cc4c6186561ebc2caf14bc,delivered,2017-11-21 09:09:35,2017-11-22 03:07:52,2017-11-22 20:16:50,2017-11-30 19:32:35,2017-12-07,c9864f4701491e0dd2d49c0c8a7e98eb,2017-11-21
6a91d0735c577044a412845a12877d7d,a8a4952b701b04202be1387a00994c4c,delivered,2018-05-05 12:27:18,2018-05-05 12:53:18,2018-05-09 20:20:00,2018-05-15 00:51:54,2018-05-22,0898c2299401ffc450e9947c93f1aa53,2018-05-05
179888b7cca14fd041f122d95a9c3e26,4a6d9ebb57dbf795af14dded9a7c2501,delivered,2017-12-08 13:29:11,2017-12-08 13:38:25,2017-12-11 15:04:13,2017-12-18 20:32:18,2018-01-05,cd605258bc7e6477fc66e798146c9e05,2017-12-08
82b4245e0d249a436b157488d6607807,49f9471b7ca8b13ac0dab99d5d382e18,delivered,2017-10-09 23:33:10,2017-10-09 23:49:56,2017-10-11 18:13:04,2017-10-13 17:56:00,2017-10-20,cf8add60e7c0183121f770791961c035,2017-10-09
262b62b8ed582cfe9cc79c93627adb8f,a04e3a209e3d2093c17df390116bd3aa,delivered,2018-02-27 15:57:25,2018-02-27 16:15:32,2018-03-02 22:47:02,2018-03-15 19:03:36,2018-03-20,d40de84393ed71b0bd0a650be794fa23,2018-02-27
3ce23ec58b30f84a32003c7bf535d14f,bce6ef9a2c74960345850bfae20ba406,delivered,2018-02-21 18:14:59,2018-02-21 18:32:14,2018-02-24 18:48:52,2018-03-01 18:16:47,2018-03-16,32539c368b3b9fa70283a7bce0f23909,2018-02-21
441c50254b975f2cf7ccd3583a01ed5e,fdda9677d1f7de367fc655dbed4658e5,delivered,2017-04-12 22:51:46,2017-04-12 23:02:15,2017-04-17 12:35:25,2017-04-27 09:14:46,2017-05-10,73119fda49f87621569e52d135b5a6b9,2017-04-12
d40d7311ad7901cbd73d2669398c2035,0561fb8eb9d7840a0dd7869171759fa9,delivered,2017-10-13 00:01:23,2017-10-13 00:28:13,2017-10-16 14:48:07,2017-10-23 17:36:18,2017-11-06,0d763cbde9e84c68e1729bec950442f3,2017-10-13
87daa04cf49273df4f787a55b303e1a2,19a422db4550e44786350c8d079d3549,delivered,2018-08-02 21:26:49,2018-08-02 21:35:18,2018-08-10 15:07:00,2018-08-15 21:40:49,2018-08-28,af8c079173ce0f739855639f3fed6354,2018-08-02
73b6ddc94c65c2002e53a5cb71257232,97966ccb9ebeb90699f50c21714848e0,delivered,2018-08-07 16:20:01,2018-08-08 03:24:58,2018-08-10 12:13:00,2018-08-11 12:06:22,2018-08-16,d1a64294000082843a91270d5a5d571a,2018-08-07
af4a3b84719be0c3055f092f687f7142,1d695b142ccd56d1a1f0b057238109f3,delivered,2017-05-19 09:26:27,2017-05-19 09:35:23,2017-05-19 14:06:59,2017-05-21 12:09:54,2017-06-01,f2531c11e66027f63e2f6414c9b2520d,2017-05-19
fcbde30c46201f8fb244724e710ccd57,14e7179a159cd1022234f28516fd823c,delivered,2017-11-25 20:12:05,2017-11-28 03:39:49,2017-11-30 02:16:51,2017-12-27 20:23:34,2017-12-22,68497ce04e9b12cb402671a29acdf6a2,2017-11-25
c9eb0f567e306bb4c34dacbccf9491c8,376bdeec297b1446d89c29cd03296b4e,delivered,2017-04-21 16:36:05,2017-04-21 16:45:16,2017-04-24 08:08:51,2017-05-08 15:32:26,2017-05-23,db1a963a2ccb87f87e7f24f021052d1a,2017-04-21
ea6c1bccedd9137975bff2495dfd90ae,ad0ef39a2494d469bcb348a4273ca27f,processing,2018-01-17 17:09:02,2018-01-17 17:16:27,,,2018-02-19,714d85f230f312ab9319f204259afbc2,2018-01-17
767754680a13ebd92bee7405c6beea73,ecc7dce2de2de9826d6227d33f1b5942,delivered,2018-04-17 09:14:05,2018-04-17 09:31:34,2018-04-17 22:24:46,2018-04-28 05:48:32,2018-05-18,433ae7dec17c52db00fcbbddb205df78,2018-04-17
e07857247dc486cab4563ffb9d9aeba1,66e651cfce68db9739dc0cc641872eab,delivered,2018-08-07 14:14:15,2018-08-07 14:30:15,2018-08-10 14:03:00,2018-08-15 17:24:49,2018-08-13,775d0889568d2ab623769e6f242f9387,2018-08-07
b842a958b4bdb5de1b88ff1795c361b3,d1699859c5766fd262eae5bc34be213c,delivered,2017-05-14 17:00:36,2017-05-14 17:10:13,2017-05-16 12:28:07,2017-05-24 12:15:00,2017-06-02,c7f3737fc165ab16cab0b562190cfa19,2017-05-14
705402bc1d956067338873d414158d09,35a436968e81c497c7f713bac80c42d0,delivered,2018-04-01 00:11:32,2018-04-01 00:31:21,2018-04-03 19:22:47,2018-04-30 16:12:13,2018-04-20,989d76487f04e6534d02ef3fb5ed0863,2018-04-01
ea3690129d47c065366e711ee7dd666e,cdab2d152ace46567b31b7ae53f44b24,delivered,2018-02-24 13:14:15,2018-02-24 13:27:59,2018-03-01 02:16:57,2018-03-03 12:03:50,2018-03-12,c8e6e6c897dffc9ab8fd3a817279e3db,2018-02-24
c8cdd4400eb4d108c4fb6992339c9fa1,416c0bf0ad270a0ca1960aefec7ad6dc,delivered,2018-01-05 09:00:35,2018-01-05 09:08:20,2018-01-05 16:17:56,2018-01-15 18:12:37,2018-02-06,4820f42c8203dcad5d2c17cf363048b0,2018-01-05
eaa99789a47020b46cb0effbc0db5c52,7cd835c51bf18427b0e32d2a4b2db1dc,delivered,2017-10-17 21:32:46,2017-10-19 16:35:38,2017-10-24 19:29:47,2017-11-07 19:42:06,2017-11-14,5fff78c7fb562b662df596c504b843c1,2017-10-17
aaf3ed5d59c660ed5b94eb2dd4103ea0,3d393485f0289ad62f44ec59560a39e8,unavailable,2017-10-07 14:01:14,2017-10-07 14:14:16,,,2017-11-03,a2c18eec54a2fa6cfa424bd3266d584f,2017-10-07
6a022aedc6fb8597eddd4b1ed70d14f7,97a1a7d434c0aec55e81662dcc0779be,delivered,2017-05-18 12:42:52,2017-05-18 13:10:25,2017-05-19 13:07:24,2017-06-06 05:23:30,2017-05-31,8fa60adf18fe4fd010cad0b48f6fedb4,2017-05-18
cbea2c5a36ffbfc6447172746e0d9da2,61596279ddb21ea65d3ad55636c1720c,delivered,2018-01-05 10:10:52,2018-01-06 02:08:59,2018-01-09 22:10:35,2018-01-17 17:25:26,2018-02-01,7297b46c1b392066b37a0bdf9e8ad7d3,2018-01-05
02d8a3fffa425e73385cc7f7a6518fbe,6104cde8d419deae69db335b70f5bf12,delivered,2018-04-27 12:20:35,2018-04-27 12:35:13,2018-04-27 14:53:00,2018-05-02 23:22:29,2018-05-10,e8bad4c2a79ddccbbf052b65d48095b9,2018-04-27
e439d0a12293f3ce780e73285032235a,f8c048c24153d5e2e7df2190f84698b5,delivered,2018-07-23 00:37:29,2018-07-24 11:32:22,2018-07-24 15:51:00,2018-07-30 19:08:53,2018-08-09,b073fa02eea5042d41af91088a3dcced,2018-07-23
397cda88cf14fa47dd00f8ce20346f25,b47024b93a109910a33dc796ea7593f9,delivered,2018-08-10 18:17:09,2018-08-14 04:55:27,2018-08-15 13:01:00,2018-08-16 18:28:54,2018-08-16,83713f647f81aaccd6a0826b0f8d5b93,2018-08-10
acda113f032ffc47eafcaad99a617bd9,ed4676d154bd29df2e8bcf60549621a7,delivered,2018-06-20 15:07:14,2018-06-20 15:40:25,2018-06-21 08:34:00,2018-06-28 12:24:35,2018-07-23,439f99691bc94427463116bbeabaafbc,2018-06-20
d6b655645db45dd1b22bcad86e108278,36dc23d5391b5a7e7722a016554c8657,delivered,2017-07-05 20:35:59,2017-07-06 16:50:29,2017-07-07 18:54:38,2017-07-21 13:18:33,2017-07-27,fe6db9c6a1a30ca55742eaf095e3032a,2017-07-05
ecfb623451269ac76a1469faf66dad27,ff03e2ac07d6dd7580a7cc349e3b37a6,delivered,2017-11-21 21:35:39,2017-11-21 21:48:06,2017-11-25 15:06:54,2017-11-30 00:34:09,2017-12-07,1d4b025b1f238bb3eb386db7d01660e8,2017-11-21
dff0f80f3b67657d2e2f3d4f086a3c0f,757e1b315db5be21a081d9ce240ee72a,delivered,2017-11-24 15:41:32,2017-11-24 19:13:07,2017-11-27 23:52:02,2017-12-11 19:28:48,2017-12-18,91f424e47d18ed963aeaae56d317b320,2017-11-24
04fecddbcf23f16238f35a21291ab7d0,5e36db9241439a2da5ba15f679116bec,delivered,2018-01-30 10:12:57,2018-01-30 10:30:47,2018-01-31 17:36:00,2018-02-15 19:19:04,2018-03-01,1fb38e71af7bc75c40a5e8ac80d3d748,2018-01-30
2e948d6a9d161cfafbe10825f86028d4,caae77d587dc3ad9c3bf7b473c74efb8,delivered,2018-04-20 10:31:42,2018-04-20 11:21:17,2018-04-24 19:45:10,2018-05-03 20:33:29,2018-05-11,3d444ce347d25d73767e73aad4ef72d2,2018-04-20
a967dc63ea8966470a83bd0cb2d7d749,f5e01ca083981235016fbce46a13ff37,delivered,2017-05-05 19:24:59,2017-05-05 19:42:14,2017-05-08 16:02:05,2017-05-15 17:24:30,2017-05-30,877aadf8b2739716c0163f5011c7b64a,2017-05-05
600455cc1d96a23334c5a7d6eea38bd9,e362750942a269ffb3be2aa866d81344,delivered,2017-06-14 12:34:29,2017-06-17 03:45:25,2017-06-19 18:33:06,2017-07-04 12:53:38,2017-07-11,d47a6832268d7fb2d351d1dfc7f6efa2,2017-06-14
b8fba4dc6ff421731ed01f46c701084a,16292a565a0a28cb79837f9e0aee1ffa,delivered,2018-01-09 12:23:45,2018-01-11 03:08:40,2018-01-15 16:17:00,2018-01-22 21:51:17,2018-02-02,aea7ab8a59e1b8edde8454fef6dbc12a,2018-01-09
2841fd83431ec02cb85c516664c128a1,2b3ef16331eff62bfd93c245b3c8e408,delivered,2017-08-08 18:49:48,2017-08-08 19:05:41,2017-08-09 15:12:48,2017-08-22 12:12:10,2017-09-04,c8df76bf38607feb070ee32de9a0c4e9,2017-08-08
9d6127ca58b32bb6c99618d9a034d216,0d708e354668577599a4ec73b3b27679,delivered,2017-05-02 20:05:26,2017-05-03 15:10:26,2017-05-03 15:58:25,2017-05-15 11:36:20,2017-06-07,10970b05ac4e0bc0b8d1709eb3dd378f,2017-05-02
a2dd87f10cd0b3cdb73c6ba52e333250,21c0c4d41202817c20b246e5a5070ac4,unavailable,2017-10-11 18:51:26,2017-10-14 03:49:24,,,2017-11-07,0795cff5bef0159340da9d6f7aeeb99d,2017-10-11
f7c277e4e5f9a2e6f2b6728c6afa40d5,a7bccb592eb8f0db760ceb97ec15a497,delivered,2018-02-03 00:14:44,2018-02-06 03:51:19,2018-02-06 19:03:48,2018-02-23 21:49:18,2018-03-06,a556156379bbd5053ca96ee21c08d132,2018-02-03
7e8946ff7380632d77de6298460ec652,2a0e09a47edf7e14b7225964d5b2e42d,delivered,2018-03-06 20:10:32,2018-03-07 02:10:46,2018-03-08 12:28:35,2018-03-12 19:29:24,2018-03-23,2f09c417d72b693aa7f5b5cc1cb67818,2018-03-06
7033853f56455c1b2c26f0d135c8abd4,76571038e9d21dcac2a428a3d0341b59,delivered,2017-10-09 13:19:38,2017-10-09 13:36:02,2017-10-17 21:13:59,2017-11-13 12:26:54,2017-11-08,02d5d0f30aa35ca5ea686bb9bec25b59,2017-10-09
8b8d29b32c3d5f608cde1e13cd5df23e,bbd062940c94f28fcdc0bbcd93aefe1c,delivered,2017-09-16 22:28:50,2017-09-17 01:11:04,2017-09-18 21:17:22,2017-09-26 20:09:52,2017-10-10,ce5ff92b3b2ac6aef71d2c8a3789fb49,2017-09-16
610a42c3d738d3a80c0f95b8cde6db91,a5920b74bde463773fa0a63fb4834859,delivered,2017-07-06 20:54:09,2017-07-06 21:05:10,2017-07-07 18:32:18,2017-07-17 18:43:46,2017-07-28,dbcefdf152f6054ebca8ca78edabd755,2017-07-06
82b5afc1133f4b14abbcb31fd3a3fa5d,e81df1fafbb287bfafbc2a4c9fae8c19,delivered,2017-12-28 00:03:31,2017-12-28 00:12:32,2017-12-28 19:56:25,2018-01-10 18:12:50,2018-01-30,1fecbdd138569a232889e77a0a30f08b,2017-12-28
2d5d83348a4d3d36d75a5dd807eb21e2,ee65d535649593a0e8a286d779e0949d,delivered,2018-03-11 16:50:03,2018-03-11 17:10:38,2018-03-13 19:02:51,2018-04-03 01:11:04,2018-03-28,32752da00d66a31189201fc0772f600b,2018-03-11
3abdde0fd88e73a0651b9f90b6e553f5,33d806c441a4bc19a00471b97edb3f14,delivered,2018-01-27 17:01:16,2018-01-27 17:17:10,2018-01-29 20:21:43,2018-02-19 15:39:19,2018-02-23,2c3ed77b92cba1f5622b5ccaa1792b8b,2018-01-27
9e52b130c2b57f5dbff34caec0e04467,1c6f43948a70aab39fae79e09b228c59,delivered,2018-01-08 19:54:24,2018-01-08 20:08:22,2018-01-10 19:39:19,2018-01-17 18:22:54,2018-02-06,81e8c1216588dcfc00d6811d820e9f73,2018-01-08
394c18a986b05efaea171db3c1b11652,78d701f6ac80664a4b015c40495f8dd3,delivered,2017-08-14 21:07:57,2017-08-14 22:05:17,2017-08-16 20:17:37,2017-08-28 20:03:36,2017-09-18,33ac20d8ed48765315f7147ea5c1f0e3,2017-08-14
cb06895eef8c353edd5828ac4281eb9b,fb52c7e87623a460b760cae7969da353,delivered,2017-05-31 17:23:07,2017-05-31 17:35:09,2017-06-01 14:26:33,2017-06-06 14:13:07,2017-06-28,0826e933ca018e8b6d1ceaad86d82691,2017-05-31
0db1503ec6e7230c55407767f4e2cc5d,b79c9fed616f2dcebd9a50302c52411b,delivered,2017-04-10 16:15:58,2017-04-10 16:25:20,2017-04-12 12:34:17,2017-05-03 07:44:28,2017-05-18,e0c47551ce8bc3c752bc9ce104de212b,2017-04-10
464324a0ca5b6a5b1448b02f24e588ce,587548be8f9917924b6422e287eb4094,delivered,2018-03-05 15:39:06,2018-03-05 16:40:27,2018-03-06 19:54:58,2018-03-12 22:28:19,2018-03-26,3a0baddeed2fe921706889c52ac676e8,2018-03-05
e035b961b5292eb21034e4462013fa66,dc8f88e0f611e8fc82f51679658eb9e3,delivered,2017-05-04 16:36:27,2017-05-05 02:15:59,2017-05-05 13:22:35,2017-05-11 13:59:59,2017-05-31,2989d990cbaf75e60b262583cacda3d4,2017-05-04
b43fc68679d68f4e64e27a9c53aa5096,d99434b9f96330e5e05d63196a6a6812,delivered,2018-05-01 19:36:57,2018-05-01 19:52:51,2018-05-03 11:08:00,2018-05-10 16:47:28,2018-05-29,95458478da201e9a0448a4bd30cd2cdc,2018-05-01
cdad365333623e415b8afe922b97aef9,8250b931afe432f9d9ecfd211d078913,delivered,2018-06-29 20:14:41,2018-06-29 20:30:24,2018-07-02 07:37:00,2018-07-09 17:28:39,2018-08-08,b63b443f887f8fa3d80fb2e245f8e553,2018-06-29
f85a3babb8f57542a4493f9c45523501,2abea2bf3e5611f7a96f8d24f21a7198,delivered,2018-07-04 11:13:48,2018-07-05 16:33:19,2018-07-04 16:10:00,2018-07-11 15:57:32,2018-07-31,ed62ab8aab76f4d4efc4344ba5ef3a6d,2018-07-04
2b4c98424c04c927d4f10fd35a3e3558,973340c885e8f9642becd20927970020,delivered,2018-08-06 11:09:38,2018-08-06 11:24:36,2018-08-08 18:21:00,2018-08-13 17:21:10,2018-08-16,0c232f598ebea5bc5927c5dd0dc7a5d8,2018-08-06
cc92b6f226e07df00f790972584285da,ac7e033c3e1a25cfb8b46c50134804e9,delivered,2018-01-29 10:35:45,2018-01-29 10:52:23,2018-02-01 17:15:50,2018-02-16 17:52:22,2018-02-26,98155f54fc6b0201c86091b19e295942,2018-01-29
9d75498fdac565fd0088b13e1fb8c504,7446ae9b7c1fd9519aa903d4fb16575a,delivered,2017-05-09 16:35:31,2017-05-09 16:45:33,2017-05-10 08:58:14,2017-05-22 09:36:44,2017-05-30,239da9ca794945dad5ab0d26a916d9ec,2017-05-09
29368d8ce1c627a562377e763eee8a3b,b1e982d1ef75f8260db674aeff3d1a95,delivered,2018-08-17 09:41:39,2018-08-17 09:55:12,2018-08-17 15:20:00,2018-08-25 03:03:45,2018-09-05,7c339b45e5971d4e6b60e93ab4fade02,2018-08-17
4e52da2f158abdf42c94b06eacf0eb60,93949b51a5c0a114de3d9b59d1cce78d,delivered,2017-11-13 10:18:41,2017-11-15 02:35:56,2017-11-16 19:48:44,2017-11-21 18:58:36,2017-12-01,0d308e643e1be48f98b2328ea6a2e203,2017-11-13
d1f3aacf6953cd2cb98b26b17fa5ba14,6ddae4f84b0d366e83e9b673ffd32d74,delivered,2018-08-02 14:17:35,2018-08-02 14:30:44,2018-08-03 17:29:00,2018-08-20 18:21:43,2018-08-22,1bd7e8af25eb9272aec7e421a4dac5f2,2018-08-02
eaacf40019906b3cfa49494f390d8f83,709e455bc1d9238c02601873f4a9099f,delivered,2018-08-21 10:57:15,2018-08-21 14:10:27,2018-08-25 13:48:00,2018-08-29 12:54:44,2018-08-31,26e345817aaf0bea827776f48966a6c7,2018-08-21
e34289f949f822de6f3a2f6a8402e5cb,ee7f551eeebe02f0820440598eb0dc25,delivered,2018-01-11 08:56:06,2018-01-13 02:05:42,2018-01-15 17:13:21,2018-01-23 11:12:36,2018-02-19,2d5b177612559e7ab5fcdbc807b3ac29,2018-01-11
a60e074eb5678582482c8bc0612e591c,b081de6ac509ff7326578d9cf43f10db,delivered,2018-01-29 12:26:40,2018-01-30 18:49:57,2018-01-31 22:48:48,2018-02-19 15:40:11,2018-03-01,69479a67c7a7cdc9e656a455fbdf4724,2018-01-29
cb3633965eff0518e61c0d44f06fe48f,b47e0f683ae2359400e00c58466a689d,delivered,2018-07-08 22:06:06,2018-07-08 22:25:06,2018-07-31 14:36:00,2018-08-01 20:16:50,2018-07-24,0d6fc655bf7bc1c7b7423d50ad5acd0b,2018-07-08
953a453190f96f0f32ea10b03af65a08,73736dc7e92f2dda66762d655cd24462,delivered,2017-03-29 09:17:02,2017-03-31 02:15:28,2017-04-03 16:09:11,2017-04-11 10:07:13,2017-04-25,9cc6513293fe015ded4e98c49bfe536d,2017-03-29
91663de20f19686d62e4dbc0087fcf62,ab2920fe8377dfb7f685a6591e3300d4,unavailable,2017-07-08 09:55:28,2017-07-08 10:05:46,,,2017-08-01,49784e2f4161d95a96581b5d49d1594f,2017-07-08
06e4e324b83309e575442446e34377d7,28635c64d8f2aee6e47124350f7ffb38,delivered,2017-06-21 22:40:33,2017-06-23 02:25:24,2017-06-26 13:31:18,2017-06-27 16:18:39,2017-07-05,f95a2fb1caacbd10edbe4afa7a5980f8,2017-06-21
c7d4612152c03871aefdfc3b87709952,80aab86612ad0adb740bd10897deaffa,delivered,2018-04-15 18:31:51,2018-04-15 18:50:44,2018-04-17 17:33:00,2018-04-23 16:03:32,2018-05-09,d8c89d2050660382806c073d62a21cad,2018-04-15
c5132855100a12d63ed4e8ae05f9594d,6e5b6ba2e8de70d9e920b541a619ba91,delivered,2017-10-13 14:45:03,2017-10-17 04:24:35,2017-10-18 19:37:31,2017-10-25 20:22:10,2018-01-11,f8777c0c5c96632fe9ded01856cb8c82,2017-10-13
658bea3a595af733d395a91ed9714160,795b7ae8e06558aae3a68ce5c74ee36a,delivered,2017-11-23 17:28:29,2017-11-23 18:25:02,2017-11-25 02:41:18,2017-12-01 19:06:37,2017-12-22,43fe8dd64f7a6328782c63d08e4d00e6,2017-11-23
c8a51ea71826eea0c4b7341af09329f0,c8901f16e562e287157e0d6a502103ed,delivered,2018-08-06 05:17:22,2018-08-06 05:25:12,2018-08-07 19:17:00,2018-08-11 12:52:28,2018-08-17,b74d0257dde8889acc280c1805bc2899,2018-08-06
8c7d20a74234353d921ace530816e2e5,08e51bf520ca8cdd5f95c5f38192598c,delivered,2018-04-16 21:52:12,2018-04-16 22:32:38,2018-04-17 20:21:23,2018-04-26 19:52:01,2018-05-07,74b5b001e61c4a829aa9a0ebaa779f18,2018-04-16
3c8d85928df4e2df17662f0d9aad6027,8abc9c4a99bb150c9e5b8f63d4e2720e,shipped,2018-07-24 09:43:10,2018-07-24 11:40:45,2018-07-25 07:05:00,,2018-08-07,c7e83a403074e359afa5db98860355e1,2018-07-24
0f7dc069548c19f11ff030e2433b8c08,70a7136931d143222e79c6393ccc524d,delivered,2017-08-26 21:07:49,2017-08-29 04:44:55,2017-08-31 20:57:35,2017-09-11 19:10:11,2017-09-19,d9b012054485c4c7c55102baea4aa8f6,2017-08-26
91e71aa08d584f3047135e97f092a586,4f1d2ff2e900488cdb71773b6a17587e,delivered,2018-05-17 14:21:40,2018-05-19 02:58:43,2018-05-23 12:45:00,2018-06-02 12:05:37,2018-06-05,575f7e9ba7dcf20d50898a983a3d9345,2018-05-17
53c71d3953507c6239ff73917ed358c9,26dcb450c4b5b390e79e6d5d0f2c6535,delivered,2018-07-24 20:41:01,2018-07-24 20:55:31,2018-07-27 15:24:00,2018-08-02 18:41:16,2018-08-21,46450c74a0d8c5ca9395da1daac6c120,2018-07-24
4a423ddd436e4f40476f60caabd02d13,e692fac4c9d7676f362ebb6b8cebb884,delivered,2017-11-10 22:27:56,2017-11-10 22:35:26,2017-11-14 21:54:41,2017-11-29 16:23:10,2017-12-05,c669fe530e468dabf1746a71e42a9789,2017-11-10
ce574e7ebf3b82a5cfc8140a5f3145e3,2131cece6dfa0c4b1088bb21d296bb41,delivered,2018-05-05 14:39:39,2018-05-07 15:55:30,2018-05-08 11:43:00,2018-05-10 02:51:49,2018-05-18,eba0fcfd1d2b2f5291b0f2386ea62035,2018-05-05
7c441024c62a371aab679196a26a5837,7d9b1c193c6ede14cd426b570a339739,delivered,2017-11-20 16:54:27,2017-11-20 17:07:03,2017-11-24 22:36:42,2017-11-25 16:42:04,2017-12-01,b0b5f597c22afff7fa9dd4591ae110c6,2017-11-20
d1fae75b8b6aec241093c7ccb1a27d3c,6a99c3773d7b59274c24abb1efe292b5,delivered,2018-07-23 11:42:25,2018-07-23 13:43:59,2018-07-24 14:53:00,2018-07-25 16:29:07,2018-08-01,9f378c0291194a2985066f2cf3e9ae23,2018-07-23
adaaf74d10de654fcf12afe727ac8d46,a7c1a00c3e86423d935e2c72d56f02f6,delivered,2018-06-14 23:15:56,2018-06-14 23:36:38,2018-06-15 14:22:00,2018-06-20 15:24:54,2018-07-13,af4023237c6af7a15ea9c7cc118ddc13,2018-06-14
18afb926a658a2f8a047e5cffc102bc6,48edbf62de4055e80823a90e7b65d7d3,delivered,2018-03-06 15:44:13,2018-03-06 16:20:27,2018-03-07 18:43:43,2018-03-20 10:48:57,2018-03-27,50a1a5f3627664efcd26c92d04e61909,2018-03-06
9f1c165cccc244ac8d0e3a1f2d3a296b,d59ea05d6a56927cc0d442088170ec50,delivered,2017-05-14 23:14:21,2017-05-16 14:15:09,2017-05-18 14:30:53,2017-05-29 05:04:01,2017-06-14,56e13e0df5638bab891c57803411dfb4,2017-05-14
99511d2c38a3868964fa72b10e4bdb90,f176d7b5c0753ecc71a6493ac9ad4bd2,delivered,2018-03-28 09:51:15,2018-03-28 10:08:44,2018-03-29 17:46:46,2018-04-10 11:48:52,2018-04-17,6cc218405704650e68faec22e1a29710,2018-03-28
38f95affd04d115a3cf2c655d000581f,294f90edf9d7f04ae89f4af0f2b64ed6,delivered,2017-11-25 10:11:24,2017-11-25 12:13:15,2017-11-29 22:09:14,2017-12-20 16:32:23,2017-12-21,4f66517d8ac49edf81c5a6b15782d6bc,2017-11-25
bc4a4f7bac3e6d96ea9f3d282e621806,6d75a28d803fef50f764c1623fd87c4b,delivered,2018-04-19 09:24:53,2018-04-20 07:11:02,2018-04-20 21:26:37,2018-05-01 13:37:23,2018-05-16,f41512017822e821d25a901ffdd78eb1,2018-04-19
1cbfc1686ec52edcda358b248aae81fd,bdab5a5fa56036a42d69344ae3006d0b,delivered,2017-11-17 19:42:24,2017-11-17 20:31:08,2017-11-22 21:04:26,2017-11-23 14:41:16,2017-12-01,66f545356c968f0aea66107cd8c2da7f,2017-11-17
b51274af163979e4ac06da7fe2826e33,339cc367b01c54deced987c2bc258831,delivered,2018-03-30 23:07:06,2018-03-30 23:26:57,2018-04-02 20:50:33,2018-04-03 22:43:40,2018-04-13,e06997bf57442b4ed5d3759d0c19cc0d,2018-03-30
a8305d2dfd60042d6000b3de3bc533a3,896ca8dffa927becb8dca9eabff5ff84,delivered,2017-01-26 23:48:56,2017-01-27 01:05:27,2017-01-30 16:54:34,2017-02-01 15:28:03,2017-03-06,18bc87094128bbfe943cf88adcf72059,2017-01-26
c3641f55c10bcfacf7fa7b8f677e1d5c,8173c84f17bc3acedc7517205e23c489,delivered,2017-05-30 15:54:24,2017-05-30 17:33:19,2017-06-07 13:28:43,2017-06-12 17:42:23,2017-06-27,33baf2d2d76a7bf7240894d935d3e0b8,2017-05-30
cec8f5f7a13e5ab934a486ec9eb713c8,6be61d704faaff9b97ccf47289ce94f5,delivered,2017-03-17 15:56:47,2017-03-17 15:56:47,2017-04-04 10:53:37,2017-04-07 13:14:56,2017-05-18,270e7db24eed36da9e6a4ee5a8ccdc1f,2017-03-17
aba3d283b846a03d398d549db17b649a,bd7cb78e215c62dd6de90af929ce719b,delivered,2018-04-01 14:31:41,2018-04-03 05:50:28,2018-04-03 22:28:53,2018-04-10 15:58:45,2018-04-18,5c6869e88d93c5c95f03f7553701861e,2018-04-01
a940a94fdec511a582a6da00ff8520c7,4d0062cd0951824fdf00db21c500831b,delivered,2018-02-22 20:44:21,2018-02-22 20:56:06,2018-02-26 14:29:08,2018-03-28 22:16:43,2018-03-21,c22fa17fede3b9955a4e3dd9b063a7c3,2018-02-22
52431c165ae5cfea49d3eaa3fcd6a7de,e808442ade9d84c082db6c3fa005c8fb,delivered,2017-08-06 20:53:38,2017-08-06 21:40:05,2017-08-09 20:24:44,2017-08-22 18:37:59,2017-09-08,3c7399e057696d1a324871cb80f46745,2017-08-06
613f6fb8dd1aea00ffe5b742c0f6f95c,c2262c9f09c9270ebffced928898948e,delivered,2018-04-08 18:08:13,2018-04-08 18:29:47,2018-04-12 16:39:34,2018-05-03 16:48:33,2018-04-27,7d038363c65809ccc50c6027a7bd5a71,2018-04-08
fd076cf6644d84dfecebce0088006304,fdb55b71435665a1d0365011344dca22,delivered,2017-07-22 13:53:20,2017-07-23 06:43:16,2017-07-25 22:24:33,2017-08-14 18:42:36,2017-08-17,5ae56834f128098943cdea758a806a42,2017-07-22
b948bdde0e60c872c56a559f349c1a66,e7e307a443d773d59d8e248b750589f1,delivered,2017-10-03 08:48:54,2017-10-04 03:04:03,2017-10-11 20:43:02,2017-10-17 20:23:58,2017-10-25,6e046d0e0bd13182d806b215c1db4b78,2017-10-03
c4dbc879a0f2bca255b51ca96ef04847,2e3160c0e701d9d9142a02e1b363f48f,delivered,2017-06-20 08:57:13,2017-06-20 14:55:22,2017-06-20 15:58:38,2017-07-11 14:32:37,2017-07-10,69766a92d074c9160685ba9b6b613c3f,2017-06-20
0611a79fca63467aea19ba6f75536058,8f40d3fd9dc45300aa2922aa65d9570f,delivered,2017-07-10 11:49:42,2017-07-10 12:05:51,2017-07-10 17:47:26,2017-07-11 20:32:30,2017-07-21,ab654ea423caf4fd8644891d185c3fc9,2017-07-10
cad08f9cafe86a00a19ad9376c356779,47904533b073544ff4554e7bf27003ea,delivered,2018-01-15 10:06:38,2018-01-15 10:30:57,2018-01-16 00:18:05,2018-02-01 20:50:15,2018-02-15,2c9b90e4031ad62bd8aaaada1fe70c52,2018-01-15
32fca0b6c17b41f74526dbe519809d8b,c837ceab73293b8742bf6c2e65e9191b,delivered,2018-02-13 16:35:48,2018-02-13 16:47:58,2018-02-14 23:29:03,2018-03-12 16:38:43,2018-03-16,6254ab442499b6440e4a34ca524ff5e6,2018-02-13
053eb07a9c8d113f338336ff5544d18d,88741bb27ffaff281424cd7349bf090c,delivered,2018-04-19 12:24:17,2018-04-24 18:58:18,2018-04-25 20:34:00,2018-05-09 19:24:29,2018-05-17,bc4c57d80707ddb4b6ac92e88525aa6d,2018-04-19
5fcbc2f469eaa436b81cbaa4c05eedab,a234ba38e3ac005069111a6fccedf615,delivered,2018-05-06 10:51:24,2018-05-06 11:10:30,2018-05-08 12:01:00,2018-05-09 18:18:46,2018-05-23,0bdd1a354e08db2cd690439b328c1d8b,2018-05-06
6b751a27edaaa33537b2e893d7fd18ce,894337b29433786ec770ef5bf5475cba,delivered,2018-02-02 18:02:51,2018-02-02 18:31:15,2018-02-07 20:33:23,2018-02-20 18:41:50,2018-03-07,872cc08a1ec02f94f728a1eccfa7a80b,2018-02-02
a48666b91822bf899e34f73323d5dc37,bc12c0a740d705dbe4bc7e1464fbd970,delivered,2017-03-30 14:31:28,2017-03-30 14:42:01,2017-03-31 14:04:37,2017-04-11 13:06:24,2017-04-26,a84aef39a04e5f69d51765a8a7e6a597,2017-03-30
aa7ec2352031fdede37174861e5b20ad,fa22e15957d9ea748f5f9d2ebf82d792,delivered,2017-07-01 19:23:16,2017-07-01 19:35:09,2017-07-03 16:44:49,2017-07-17 18:41:29,2017-07-28,2aaba3d45d86b23c7b8e9d7c04a96977,2017-07-01
a14753060efdf9e9c67f8449ba80ccdf,4c7b1a85dc9a7bd44f079e8ed1602ec2,delivered,2018-01-07 18:25:23,2018-01-08 10:08:31,2018-01-12 22:56:44,2018-01-19 22:54:05,2018-01-31,70ea11df05bfd3007474f3c36c57d6c0,2018-01-07
de9df170e0b97a46f12f9bc8eca0e0b7,c4d22f031c3697072e4d9186b454d5fd,delivered,2017-02-10 11:17:16,2017-02-10 11:25:10,2017-02-10 13:46:02,2017-02-16 10:22:16,2017-03-14,39a1706af4d16eb9e51155e2e5d9b264,2017-02-10
6573824675f1529754a485fedbe94ca3,c2c60fda4c26f349a5d1812385117ec8,delivered,2018-04-08 17:29:46,2018-04-09 17:29:23,2018-04-10 20:26:43,2018-04-13 21:21:35,2018-04-26,e34b585a58167d2b2eb1126411da321f,2018-04-08
3d6b0a5241a441368d12c56b313c6f70,c658bb8cec1d8abc36b0f23ce79f49be,delivered,2017-06-14 11:00:28,2017-06-15 03:03:38,2017-06-16 12:07:56,2017-06-22 10:50:00,2017-07-21,0d216e34840c7ca11a4ddef86e321dbc,2017-06-14
c9b08bd33d449366d3b89454a3071b98,10b70116f12d6f64f25e04e219a8036d,delivered,2018-08-09 14:33:30,2018-08-09 15:05:17,2018-08-13 16:37:00,2018-08-15 19:36:37,2018-08-24,5ff35578cd099e98396341404ef288f2,2018-08-09
6d1e24636558186d996520563f53df00,6bf45280537c119fa70ed4a4fb7dd688,delivered,2018-07-14 09:43:38,2018-07-14 09:55:13,2018-07-17 13:35:00,2018-07-24 00:03:23,2018-08-13,d444c6bb524716bab7b278241c0e2109,2018-07-14
03cf8d977a18ea1308ec10c0f7de2f4e,57523f30c7d806147639a898f023a462,delivered,2017-04-18 21:05:55,2017-04-19 21:10:10,2017-04-25 14:52:38,2017-05-02 16:05:17,2017-05-10,5e9f4ed4fd3fe4a3708cb355f17618b9,2017-04-18
ea228f2b91b909f4aada1453dbbe27be,81988f486893c00852488b7803c3650d,delivered,2017-03-30 21:58:36,2017-04-04 05:45:38,2017-04-06 11:22:50,2017-04-19 14:34:41,2017-04-19,e71c353d45bb47cba391cfa57f8306a0,2017-03-30
c63f5ac7a6d8ee6593a8b272aa533b5e,05a0608ede91cf6bfe4ea3eb2a7bfd84,delivered,2017-09-04 09:14:19,2017-09-06 02:50:19,2017-09-06 14:53:12,2017-09-12 21:12:45,2017-09-27,cdb39bd368316f0f0ee48f0f6e42b03c,2017-09-04
7dbeef696a1d0ba9fb55234d2810881d,395a74da4bd6d41e8867f99a608557e3,delivered,2018-04-13 16:51:56,2018-04-13 17:40:47,2018-04-17 18:20:53,2018-04-19 03:07:57,2018-04-30,69f3f8609451435d81ab588153caeb55,2018-04-13
685eef0e70bd850df886871cc0917e81,68fe35f2befb496c88c469dd4120dace,delivered,2017-12-29 21:00:37,2017-12-29 21:09:39,2018-01-04 22:32:58,2018-01-16 13:56:35,2018-02-01,9feb173c01e083d641d2a5ec10b304e5,2017-12-29
711dc5c7f9864e658ee30f5122e40533,cec6b62ab6844c0bb8234d8fb47e8c19,delivered,2017-11-09 14:24:42,2017-11-09 14:36:27,2017-11-10 21:41:18,2017-11-21 23:14:52,2017-12-06,f38c6089eda976676b4e83d4edae0b4d,2017-11-09
09905fd2dc65b5998da50f11ae3ed6f0,a8e4fcb04ab98006c138e1db0a084c28,delivered,2017-09-12 17:50:37,2017-09-12 18:04:33,2017-09-21 23:14:16,2017-09-26 20:06:49,2017-10-09,b2132bdaf756ec51ced38891421b72d6,2017-09-12
6765f32bbfac1642b2e1132fabab5ce4,cd5d029f3793dce60e4dbac49e2f4cd1,delivered,2017-08-11 20:35:14,2017-08-11 22:15:18,2017-08-18 19:24:53,2017-09-01 21:29:44,2017-09-19,010bcf93b3363ccf249034e7250266f0,2017-08-11
64958fed45ad3cd3b84be03fd9ac01cd,51dcfe10205819fd2d3294782a1065cc,delivered,2018-02-14 12:14:39,2018-02-14 12:30:26,2018-02-14 21:41:42,2018-03-09 16:58:34,2018-03-06,28cbc0c01e29398e9a2114221ee8d25a,2018-02-14
84898d879641fa3dfb557d681959b311,bcee620f132246866385b6d2dd091d89,delivered,2017-05-18 07:58:46,2017-05-18 08:10:11,2017-05-19 17:00:45,2017-05-24 13:46:37,2017-06-13,427875bf8724c73f0209b1fea4e209d8,2017-05-18
90a9fea4de623b810e0b0c5226e21884,613578dd20ddb4ec94a6aaeb3ad67dce,delivered,2018-03-22 16:08:37,2018-03-22 16:50:20,2018-03-23 19:51:58,2018-03-28 16:41:50,2018-04-18,0d27fea6fcc6a35693bbbe15b9984313,2018-03-22
67b50899f52995848c427e361e10dde3,1b353c00c71689afba44554e43cc5a76,delivered,2018-06-16 21:24:10,2018-06-16 21:36:59,2018-06-21 13:55:00,2018-06-27 13:17:27,2018-07-16,83c6df0d47130de38c99cebe96521e8a,2018-06-16
be32306676f1b65193ce87367ecf3e34,0cbfb11934fdfab3cd95e2224b6c84f3,delivered,2017-11-06 15:04:50,2017-11-07 07:30:34,2017-11-08 20:26:48,2017-11-28 21:58:39,2017-11-29,028f21bc914b92ebd3d90710df2363b0,2017-11-06
6a07231081720ded5c208be252bdc004,c1aa50f6ee4138c1bfe0ae3a3b42f31e,delivered,2018-05-31 23:17:43,2018-05-31 23:30:43,2018-06-01 15:13:00,2018-07-13 23:06:37,2018-07-11,25fa655bc495b310f7d69204489c03c1,2018-05-31
f3f907158aca4357b0f245b5aeb00a9a,0979d944dc34878750e6e0823044c62a,delivered,2017-05-19 09:29:21,2017-05-19 09:42:26,2017-05-23 13:05:32,2017-05-26 14:06:34,2017-06-13,f232e6a55d60632661ba39564ddac9d4,2017-05-19
a688fe5c2beae8c79ad4514b1b02c8e7,ae9fe2dbdd1123d0a5e3df14db6ef985,delivered,2018-04-24 20:43:25,2018-04-24 20:55:39,2018-04-26 10:56:00,2018-04-27 18:28:45,2018-05-14,af957ddfb97c2ae04513186896922466,2018-04-24
460cf33073f045d5c0ac32dc1a4cacf2,47f6e5f9290475ef52bc0ef1aec2dd3a,delivered,2018-04-12 10:10:43,2018-04-13 13:14:06,2018-04-13 22:22:42,2018-04-18 11:58:24,2018-04-30,3efb9846fb5c603fdbe933c838c6f310,2018-04-12
679ab8260055fda03783723687a8fd35,42157fc13fbc7530fc640b8d44b5a299,delivered,2018-02-19 17:05:26,2018-02-19 18:10:27,2018-02-20 19:19:20,2018-03-05 23:52:32,2018-03-21,74f06077a7614f159b2a658a57454945,2018-02-19
20e2dddb8e92f51c9d7a595e7266b20f,fdc82a10c4b12618b31a50b68c5c3a6d,delivered,2018-08-05 18:13:35,2018-08-05 18:25:11,2018-08-06 12:42:00,2018-08-14 19:23:41,2018-08-23,85a2de2e7865c09017e1a32f9476060a,2018-08-05
feb8588347d37764969332accbf3937a,6f506de3995d61567142ad9fbc9a2f6f,delivered,2017-08-15 13:52:07,2017-08-15 14:50:10,2017-08-16 17:04:40,2017-08-24 18:29:52,2017-09-12,499fea1320e647db63583388ae04d56b,2017-08-15
884690bd130f0d8ab50eacc125dac762,0a57f7c505eec1304c1ca927efadaeda,delivered,2017-08-17 21:21:14,2017-08-17 22:10:21,2017-08-18 21:35:56,2017-09-08 19:13:24,2017-09-11,3819158541d845d5329ae1a8cd0a5835,2017-08-17
ad6b07be756ec7284a64503ac34f6975,e34f1deeea3369207caab9fd7a49cee8,delivered,2017-04-05 15:04:14,2017-04-07 03:11:01,2017-04-10 15:50:46,2017-04-19 16:49:07,2017-05-09,8e0eae873c0019e01182099a1c497b79,2017-04-05
2eb8e1144ea3959de1aaa9201b3b4518,d296357a8e81113de40c03daf5e95e7b,delivered,2018-02-02 17:28:28,2018-02-02 18:31:19,2018-02-06 12:05:16,2018-02-16 12:52:37,2018-03-05,236c1608bfe6562a02b0e57b8e8db387,2018-02-02
a46dc6a0212b801e6864957e34476ab3,da3865a87af154f97a6de04afae086a9,delivered,2017-11-25 19:44:56,2017-11-25 19:56:26,2017-11-27 16:22:11,2018-01-07 13:09:27,2017-12-20,eedc17a4daa37e389a562c66664da3f5,2017-11-25
1a402828d6f17017c6b85b1f90dea327,78a801b94a8e9b7409c3a3dbcf0d8d67,delivered,2017-10-22 16:34:12,2017-10-22 16:56:34,2017-10-26 20:40:11,2017-11-06 20:41:36,2017-11-16,eabbbaf4191dbca97d620c87fdf49470,2017-10-22
1a75c135cddd959bc928ad1cccf932a1,ecd17d7244b5f9e46297d976aef1cdd2,delivered,2018-04-27 11:23:21,2018-04-27 11:52:10,2018-04-30 15:09:00,2018-05-03 19:21:46,2018-05-11,373e7cdfe49d0aee7667c6dfcbbf20e8,2018-04-27
5a6816abc699af392f8a2520aadf1cd9,6a2d6e58eeba8f38a5119e50e82878df,delivered,2017-11-12 19:44:21,2017-11-12 19:55:29,2017-11-13 19:21:42,2017-11-17 01:43:02,2017-11-28,ea330a58e40735d6e4dd731349d0f4d7,2017-11-12
2e40f4ca6760b2209d72989c1533fe0c,01e92a3b160b9a3751ffc7cf52dbed77,delivered,2018-03-07 22:44:08,2018-03-07 22:55:31,2018-03-09 05:32:23,2018-03-19 20:09:48,2018-05-08,7ca927e2dc1febee7484b42dfac3c9d3,2018-03-07
c3d98859790f5ef3e0ec03a886506d35,979b8c7ddabb03954d1000d3b84b6a11,delivered,2018-03-20 22:30:20,2018-03-20 22:48:05,2018-03-21 20:41:35,2018-03-28 12:12:11,2018-04-16,a80e2d98c424ca790055201f684a2868,2018-03-20
1ee3f6b3f68027bf18b0a9e356edc4f3,763117fb7b230036eb6217e0a8b801e2,delivered,2017-09-15 16:40:35,2017-09-15 16:50:17,2017-09-20 18:32:43,2017-09-22 17:52:16,2017-09-27,fc94daf6f84fa174770af08100559b2f,2017-09-15
53abe7c4aed1dfb3bf25e69723fd9a4d,49b471ebcb1aff8733ec7a476bcb4a10,delivered,2017-06-09 16:13:00,2017-06-13 04:30:32,2017-06-16 14:46:34,2017-06-19 20:37:42,2017-07-11,0621c2a5979d3e887ae519620cbe2926,2017-06-09
551b1f7008ab0e7ccc85caaaa27f8a42,85ea40a9684026fe82ea78356c8d1eaa,delivered,2017-11-25 15:28:04,2017-11-25 15:35:02,2017-11-29 21:05:00,2017-12-14 17:58:55,2017-12-22,4b293b0eba86e10fcecd40a7aac6608b,2017-11-25
5d1dea256331e5dfde86029097cc203c,0733254820b3e1198c31e190f4f2c67e,delivered,2017-12-13 17:21:27,2017-12-13 18:31:54,2017-12-20 18:59:19,2018-01-04 14:08:10,2018-01-11,1645bb66e89f31b20d9e34ba465e099e,2017-12-13
520e9b73b66dd639c67ced184953ca2d,dfb128d07f7da6edf0fbe08f7cc89c4c,delivered,2017-07-20 19:42:34,2017-07-21 06:43:26,2017-07-21 18:53:52,2017-07-24 16:49:31,2017-08-02,0dd0948583d738cc0a0cf8e1d8f44807,2017-07-20
1c70638bb9739cd0ec124e4af1367312,b4321daa9667a56a1c4fabb2cbb34ae5,delivered,2018-01-26 23:12:43,2018-01-26 23:31:35,2018-01-29 17:51:40,2018-02-09 17:09:38,2018-02-21,2374ceda7547b9ddd6be67264efb0608,2018-01-26
df68ea0d1a2a2b9d4dfa236820acbe9c,ed49fe4d74601cca98f28b3b5f3f8968,delivered,2018-08-01 12:07:12,2018-08-01 13:04:17,2018-08-02 13:56:00,2018-08-07 22:21:51,2018-08-24,431009e9bc3dbfd4d5076bf068706013,2018-08-01
b8da1a3a182f9172670e36c996363708,555e0a9ba813008221adb74ad01a3720,delivered,2018-04-24 07:33:08,2018-04-24 19:08:24,2018-04-24 17:58:39,2018-04-26 02:11:07,2018-05-11,e80dc5c7184a59055306700732ace96b,2018-04-24
1aba19a11ad5276dc9d409b95680caa6,72b02f1dedfa93df34149345e67bd4f8,delivered,2017-08-30 19:59:18,2017-08-30 20:10:22,2017-09-02 15:22:46,2017-09-08 19:05:58,2017-09-26,a919e8959e6f20eb7dd8a9cfa6c2f6de,2017-08-30
ff50008f24df5da8799bd7804c77686c,29cb846f9e90a86f6f32533d41280833,delivered,2017-09-03 10:19:14,2017-09-03 10:30:09,2017-09-04 21:39:59,2017-09-13 18:02:38,2017-09-27,639a681123b9e788875b384f1f92b91a,2017-09-03
7122fa45d10437278bab815f67002798,f041c33fa5c382bf3eb1433270778594,delivered,2017-02-20 21:44:03,2017-02-20 21:55:11,2017-02-22 05:15:33,2017-02-23 11:30:12,2017-03-17,13394f6974798e711249f80886160495,2017-02-20
7483928c3fa3706bcc1777178cb1793d,6fb1293bde3b204b920003a3989dbea5,delivered,2018-07-24 13:49:21,2018-07-24 14:04:30,2018-07-24 14:09:00,2018-07-27 20:14:44,2018-08-10,52b36a9b4047dab9a0db4f739e15f947,2018-07-24
b2fd73f1bd0c6aab4bc4987c2b550c94,0fa6f9c417bd7ae5ff98be2aa4a66fdb,delivered,2018-03-01 15:38:52,2018-03-01 15:55:43,2018-03-02 16:35:30,2018-03-05 15:37:47,2018-03-13,55810b4feffd8d841795fc0c497da0c1,2018-03-01
2bd50f23991e78268a92afaf29d6e459,72a767a5bb465e72ea39aab45c2bc9c1,delivered,2017-05-22 21:00:12,2017-05-22 21:15:08,2017-05-23 12:33:08,2017-05-30 16:09:46,2017-06-26,a8a4b78e12c61a5be194c3a120679d22,2017-05-22
8e573d30402e9b57443d6dd90ab0262f,0d0c904a1e7578972a0064a89e21eb9c,delivered,2018-01-26 11:06:38,2018-01-26 11:14:07,2018-01-30 23:12:58,2018-02-01 21:27:43,2018-02-09,175b8225bdd99e95a64e07a6c06e8746,2018-01-26
a279cafcc7359382fdd603518130fd1b,66089d379d76160808a199e00164be15,delivered,2018-02-03 13:26:26,2018-02-03 13:35:35,2018-02-05 18:44:49,2018-02-07 22:33:43,2018-02-21,00e6c1a9e0ea3dbda699b60023a194ac,2018-02-03
2db6929b692b91f237289729903d37cc,6096638d1c65231c08ba8d33ff598fda,delivered,2018-04-30 13:40:56,2018-04-30 13:55:13,2018-04-30 15:19:00,2018-05-07 22:07:36,2018-05-23,6c003a48450635a9baa1c84666623117,2018-04-30
b635cbb9f7c2bc5de438f7429b8490e5,d80503003ba91d9d6803f8287544782e,unavailable,2018-07-31 11:26:30,2018-08-05 23:30:50,,,2018-08-10,660f3640907ce2cd4742caee5ddf14b7,2018-07-31
d6d7735ea8ca2ff812e770a2bde2b193,324822666baab3f88b6799fb25b0bc24,delivered,2017-12-22 17:37:58,2017-12-22 17:50:07,2017-12-26 18:37:39,2018-01-04 22:35:09,2018-01-26,9735b1a02ad4d2b3747e9a74cad789a1,2017-12-22
3d7769d40f0a71dd4954af1ddea4897e,8fcf47699a97e2603c19102a9412b4b0,delivered,2018-02-16 12:38:50,2018-02-17 19:50:27,2018-02-26 15:22:51,2018-03-17 16:41:03,2018-03-09,45444a613794a79463b02b62ad6fdb44,2018-02-16
d40d0673164267d3615028b9043b264a,6f3696729b88ae43cf020b08dfc8d1c8,delivered,2017-07-12 16:19:19,2017-07-12 16:30:14,2017-07-14 20:12:35,2017-07-18 19:22:31,2017-08-01,d8b227f6eaec748383b8a86d43ca177a,2017-07-12
cff4d10ff5b5d90df2c9747fa66119f8,40d7f7d53e5b1e2ecbfdcaac7961530e,delivered,2018-07-15 12:29:47,2018-07-17 07:31:30,2018-07-17 15:22:00,2018-07-20 17:04:40,2018-08-07,e6a2967fb979b2c5d607071864a227ce,2018-07-15
b523b77f215e6c094c97389acf24ea9c,7330b2142fc963806f7ac2f27fab4e42,delivered,2018-04-27 17:01:15,2018-04-27 17:51:36,2018-04-30 14:14:00,2018-05-04 19:15:23,2018-05-22,21de770aa4f3a60388b97b416ad38343,2018-04-27
0d3c7f1597c769bd28269d06b31acbaf,4c99e42a8ad0b0e539091d1b42d1d937,delivered,2017-10-30 19:46:49,2017-10-30 22:31:36,2017-11-01 18:12:04,2017-11-03 20:37:25,2017-11-07,58fd3b39b14263b46ebf8c1241c3cb54,2017-10-30
5f9b8704ad096052823d6e006cf03443,9435f264913e96d69160e6f90380c851,delivered,2017-08-16 04:14:00,2017-08-17 04:10:06,2017-08-21 11:57:30,2017-08-24 16:03:31,2017-08-30,405565b9106ccb1e32ab1c2b023b9e21,2017-08-16
24b0555959f9e29bcb212e1b0ed0b878,77caed296c3dc73d8038279950e7eafc,delivered,2017-10-06 06:30:11,2017-10-06 06:49:09,2017-10-06 20:51:28,2017-10-09 21:28:48,2017-10-26,beca2821780faafad2c747f13e41227c,2017-10-06
a29ff9ad73114cca7be0859ec0cddd74,c4770e515fe794e4e18a70729e06f243,delivered,2017-11-19 15:59:17,2017-11-19 16:10:23,2017-11-20 21:47:41,2017-11-27 23:51:45,2017-12-07,219e6a954db7f7ca9856fea6c58fbb8d,2017-11-19
9c3585240de3978338d7aa8c74ddfaa1,67049fbab04e981c926c3adce11f731d,delivered,2018-04-10 18:20:16,2018-04-12 04:35:07,2018-04-13 17:48:45,2018-04-24 21:42:12,2018-05-08,7f105e4281a00b4d35a48dee48c376db,2018-04-10
e40d3d3715dc8eff1f1b90a2cdb9bc1a,427d462a291aced79727d04fa36adb4a,delivered,2018-02-16 12:54:27,2018-02-16 13:07:02,2018-02-23 22:25:19,2018-03-11 16:18:51,2018-03-16,087a52a100e1563c3086c0bd2e0542ee,2018-02-16
cf396e4f907df065cc3d876bff73266a,67824b5c176352144ad6b11ee6cb4376,delivered,2017-10-09 21:04:25,2017-10-09 21:14:20,2017-10-11 22:12:42,2017-10-13 16:42:40,2017-10-20,8f710f0d7e8dab5c8c1135e63b44de7a,2017-10-09
aa98da01257ceee830845e76cd9ef683,992a884e07e5321c1e9d5d33ae651fd5,delivered,2017-03-21 19:01:06,2017-03-21 19:01:06,2017-03-22 07:33:21,2017-03-27 16:10:30,2017-04-11,f148aee76936f27a0070e6ac4ebd9598,2017-03-21
f2f2e2554ff7ce6f4ac51ce640a8a9d2,47056197ae35c0b1e8e6230dbce21a8b,delivered,2018-07-11 22:18:53,2018-07-11 22:26:21,2018-07-12 12:06:00,2018-07-13 15:21:58,2018-07-23,60d2dc24e6a89bd218f646df03674e5b,2018-07-11
f974be4f3b9bbfd12587321f437e77b4,091fea6ad6eea188d7ef495b8b0a3551,delivered,2018-06-21 22:56:48,2018-06-21 23:18:27,2018-06-22 14:47:00,2018-07-04 19:28:37,2018-07-18,60779ec5b5cd830c9a6c3772161b71b6,2018-06-21
da02757374a4765efdc08488ec40e778,c2a1da0b8e0ff83be4deb1f0a9243364,delivered,2018-07-19 08:06:26,2018-07-19 08:22:39,2018-07-24 14:20:00,2018-07-30 23:23:43,2018-08-23,95aef1d7779533d41672a7a831cb2205,2018-07-19
271664630912f9ea979c46c772f2187a,821655ab2e1dee407394c784caea8de0,delivered,2018-01-15 14:12:48,2018-01-15 14:19:25,2018-01-16 19:21:49,2018-01-29 20:13:27,2018-02-06,cfa9130eefbc3008102ccbc4889cfe5d,2018-01-15
119132da8a360ce8e81841456844b962,b59da7bd516b6a609dfce4cbd3077f5d,delivered,2017-10-23 22:52:53,2017-10-24 14:56:22,2017-10-27 17:15:48,2017-11-01 21:09:57,2017-11-10,911be3f21248d465d1e6d9993bca60a8,2017-10-23
949685852c781dc1ceefe5810f2fbc27,269b0a35943abc8d354e9d50c8bd9d21,delivered,2018-08-04 18:36:26,2018-08-07 04:15:33,2018-08-07 13:51:00,2018-08-20 14:38:40,2018-08-24,fc25f71bab94146446884fc523121d48,2018-08-04
9230c8324320aabb46dcfbc11da845aa,a7f2a62afeb5a0947416264e78e3d5f4,delivered,2018-05-07 07:17:20,2018-05-07 16:13:20,2018-05-07 15:05:00,2018-05-15 13:03:44,2018-05-28,2d49eaf79111ff286fe657aadbed5a28,2018-05-07
be754126110440ba89a5456475333453,24c2d36dcc7f3ff6e41738c77dcf2def,delivered,2018-03-02 15:27:23,2018-03-06 03:55:55,2018-03-20 15:37:48,2018-03-29 19:21:58,2018-03-28,6b50feb99c89a4b030544ffd55793772,2018-03-02
ecc5a7a6cd9df305db7d2781708d6599,d7f854e5ec6cd17195dbd7b3ae40cca2,delivered,2017-03-13 14:28:41,2017-03-13 14:28:41,2017-03-15 14:10:35,2017-03-21 08:35:44,2017-04-06,f6bf12d328a894ce8effd62a8a3dc05b,2017-03-13
d6b0e562cdddbc5bae4f671aa1c72d14,0eea352a2fcdcb5cfd85ad85f9f20aac,delivered,2017-08-08 16:06:38,2017-08-08 17:03:48,2017-08-09 18:24:25,2017-08-10 16:18:51,2017-08-23,fb2c87317100176d178dab0e068e8f80,2017-08-08
ae8a31461eb719be6507a81916beb77d,c386803d81b6b65686916f7231c2024c,delivered,2018-01-02 17:05:06,2018-01-02 17:13:34,2018-01-03 18:47:34,2018-01-04 20:47:53,2018-01-26,da97d3a5a7013344d88b124902922376,2018-01-02
eb6b32a82d2459d0ce7f2089f9eba0f2,55a52a925384404b4e57b82938bf6062,delivered,2018-04-29 21:49:07,2018-05-01 03:15:51,2018-05-03 16:46:00,2018-05-07 18:16:35,2018-05-22,0fff4016f4008007ba2bb7d63ebae39d,2018-04-29
eaec6e2d982640b10c56b8eb00049f51,ca370b831b24aadb045f0fddf63effee,delivered,2018-05-10 19:19:48,2018-05-10 19:37:44,2018-05-12 08:18:00,2018-05-16 20:12:48,2018-05-21,dbb9ef7b555eeb86db710f8d86d4c6fc,2018-05-10
846115786f1191946815c3b270d72d9c,40d877a4b785951fd15560e5e9d60625,delivered,2018-08-19 14:51:36,2018-08-20 12:12:14,2018-08-21 14:14:00,2018-08-24 16:34:30,2018-08-28,26fffff8099e48dcbe68d143bd5e8ad8,2018-08-19
36c3bf59155e236837a7044dc3821b1a,e28a2cddec01873acb71884810975673,delivered,2017-04-23 17:28:18,2017-04-23 17:42:14,2017-04-24 12:05:40,2017-05-04 11:33:40,2017-05-18,0e620ddd3ff680344ba57ec7a0c6a4e6,2017-04-23
d1ef6709c025c5368c9e4718bfcf23c0,5ddb3e6047a2890c36f3b1071e6b0025,delivered,2018-03-26 09:07:08,2018-03-27 03:55:12,2018-03-27 18:14:47,2018-04-03 23:05:10,2018-04-17,7b1b93943413c2a878f521be3c7a51df,2018-03-26
8ed9bbf52d875aa480a636c3cc1b6dc5,0a2b417f16a1f57ac465aa588a7367f9,delivered,2017-05-06 20:58:27,2017-05-06 22:02:23,2017-05-12 08:44:39,2017-05-15 16:51:59,2017-05-29,011fd4914a2d19b2a0e50c29cea5c6a2,2017-05-06
4c17c523dc7daa9cfdfb327f119179a4,7a6db14451dc639c79aed1792daf330d,delivered,2018-06-13 15:17:22,2018-06-15 02:17:32,2018-06-15 14:54:00,2018-06-20 20:27:48,2018-07-05,b143e34fc253e334d452864281eaa75b,2018-06-13
c54c4dcd2ad83fe552007e32abd35af7,fac0477e914deb8b872a8d4199f91383,delivered,2018-01-14 23:41:11,2018-01-14 23:48:54,2018-01-17 20:36:35,2018-01-23 16:09:12,2018-02-05,f1f7d2e28cc72c36f4c1194d7fb47843,2018-01-14
4274c629dbb28e0ca783cf3a7673acb4,b94a154f7f51cad4efd3c2ea0d4beca9,delivered,2017-10-24 18:24:54,2017-10-24 18:36:47,2017-10-25 15:10:18,2017-11-15 13:36:54,2017-11-14,7081f7059c75b27b956c0bf5d9d17dbf,2017-10-24
f3824e1120311a6dd631dc92334fb0da,a3b90c80f2af4c97aecddac0729fa737,delivered,2018-06-08 14:17:16,2018-06-12 04:35:40,2018-06-12 13:18:00,2018-06-25 17:03:16,2018-07-18,8902c5a240b74b12d682e1be699663af,2018-06-08
384cb810297edfa8442e7b06f4d4850f,5033c92efdd31473011c06f4bbd89e78,delivered,2017-03-29 08:55:54,2017-03-29 09:05:23,2017-03-29 15:09:04,2017-04-28 09:36:39,2017-05-02,72681597c0f75321d4979581859d9d08,2017-03-29
f16599b98c62d8e9ee08de8c41bed3d1,9bfe7794e18a8c329058e8a117cde1f4,delivered,2017-02-10 16:57:36,2017-02-15 11:33:00,2017-02-17 14:14:52,2017-02-21 18:24:57,2017-03-13,3e7eda395b302a81dfa2490849f6168c,2017-02-10
6e6bacc052a79d14a6e7d015188bef50,d962db498655c9a4b77db1b993f157d4,delivered,2018-02-27 17:55:16,2018-02-28 17:50:42,2018-03-01 21:41:26,2018-04-16 17:24:24,2018-03-22,cbe90a29307025b1aa98d02ad2271c0a,2018-02-27
217bf2a8e5504add2b381326f7582a24,31a317f8c2ed13578e35d87fd51754a3,delivered,2018-05-16 11:50:41,2018-05-16 12:14:02,2018-05-16 13:06:00,2018-05-22 20:12:19,2018-05-30,1a9b631048edf9eab2c275e1ca00e22c,2018-05-16
4fde26fa2510c48a5de5fd2fd876745d,610f4bb4b87c0b59529b0e7ceb282e59,delivered,2017-05-04 07:28:27,2017-05-04 07:42:27,2017-05-04 15:04:42,2017-05-17 12:33:16,2017-05-31,709d99688e7a88e02ec4e82960b92c72,2017-05-04
9ac5e503660add9c6e738f054e3ee483,1bff589b962ff48e1344ca69205bdbf6,delivered,2017-12-02 22:41:34,2017-12-02 23:08:13,2017-12-05 19:51:31,2017-12-08 00:12:35,2017-12-20,2e4b0d27abf4486a960df0cb34f85a46,2017-12-02
ea6967715bded6f2bef2c472c1f46939,468ecdd67d8337de4f01bc0c6523e35e,delivered,2018-05-05 19:08:35,2018-05-05 19:33:24,2018-05-07 17:52:00,2018-05-11 21:35:08,2018-05-28,c4dff4f67331f4896e2319f8d5f76218,2018-05-05
c05e7a155611cc12aedafb3d0440f105,41cc3a16d47aaeb0d57a061c5236a713,delivered,2017-05-24 13:49:56,2017-05-24 14:02:43,2017-05-26 04:55:37,2017-06-13 11:44:03,2017-06-28,86e0461fc6752243b01e4170bb6ffe7e,2017-05-24
ff20ee702706d9e407a34de9fe2ff768,0499e8d702425ef8b10da2172f9fec96,delivered,2018-03-28 12:11:45,2018-03-28 12:27:54,2018-03-29 20:28:58,2018-04-05 23:31:56,2018-04-17,fae05fe601dcbdbc9d5888b0f9c4b732,2018-03-28
3f79906e1eae95209df3fb74edbdce8c,8f147bfb2e3088ac8959f073cf47eba2,delivered,2017-03-10 10:24:46,2017-03-10 10:24:46,2017-03-10 14:58:25,2017-03-16 17:17:50,2017-03-31,15e3e8fc446ae37f6ac3f89c3f44059f,2017-03-10
291c6962c2c9443529081cc6068e607b,78995f8262c26c0c11fb3c90acf5cab2,delivered,2018-08-19 13:43:48,2018-08-20 11:55:23,2018-08-21 13:46:00,2018-08-25 01:04:07,2018-08-29,cc178a5d67e3aeef8b98a881e00bb6f7,2018-08-19
f3bc6575842f8518d2bca5e71ea8c4de,9129d01f55b5063bb674586fa11ca8ac,delivered,2017-11-24 22:19:33,2017-11-25 01:16:24,2017-11-27 16:58:31,2017-12-12 17:48:37,2017-12-19,49d51ff1ce1a72888b883deb6c3f5a01,2017-11-24
7d7b09adc383ca37307f36118c8dc856,a33e923cdc6186ba489ac4c2e0fa6d3b,delivered,2018-05-18 13:54:58,2018-05-19 12:59:33,2018-05-21 16:15:00,2018-05-23 18:42:13,2018-05-30,5dc9f6d97caad7b42b74f719cd5e90e9,2018-05-18
c3474da948bb89ce980046e431c0752f,e05f1f9cf952a4dd066aa550089b89dd,delivered,2017-09-21 13:45:27,2017-09-21 14:04:57,2017-09-22 18:03:10,2017-10-09 21:58:38,2017-10-18,c8ce6e595a13490bcc23db5a7915b4e8,2017-09-21
2a9cb99ef87c3d128dc9ad43a7369854,2764cbd0d0c961d12ec1a2a3bfbfcd6d,delivered,2017-06-12 16:10:33,2017-06-12 16:25:19,2017-06-19 16:44:36,2017-06-30 14:39:46,2017-07-14,965686dfaa71f02b313f06a18f8d5989,2017-06-12
18365e069e7aa176d76d25df0a233e6a,3ad2d436356d6e6bc9d4de67210d8715,delivered,2017-11-27 12:29:08,2017-11-27 12:39:26,2017-11-28 19:24:43,2017-12-21 20:41:27,2018-01-04,36a3e43d0096f60dbfc000a680ec7a33,2017-11-27
bf95f59b6a122e97a05c7dcacb98d71f,d4c85a033e496942839f448797611939,delivered,2017-11-22 14:49:13,2017-11-22 15:06:29,2017-11-24 23:26:34,2017-12-05 21:14:31,2017-12-08,351f8f0301502a98ad31c9e626529c7c,2017-11-22
34f3d15f5aa42c451c827caa4d91e7ad,b60c609c5a1b19d463baa42112d7609f,delivered,2018-04-27 07:54:37,2018-04-28 03:11:08,2018-04-30 15:14:00,2018-05-04 20:32:56,2018-05-17,e754869fbe048dcf416ce0b70d17ffa9,2018-04-27
838eddbec488679c7db905429c5163f7,5e629f5cad9941c1f83b0ac0e287348a,delivered,2018-05-15 20:29:06,2018-05-15 20:56:04,2018-05-17 12:53:00,2018-05-23 00:22:39,2018-06-06,dfcf48a95422aaa787e7a3200b38c8fd,2018-05-15
3ae812c4853411428918ecb80ccf11fb,2ae02d89d070e76870a0cae2a307f488,delivered,2017-12-30 10:22:46,2017-12-30 10:33:23,2018-01-02 14:04:37,2018-01-05 18:24:46,2018-01-18,91108c24ad1db59996389ec3b9a88ca5,2017-12-30
f55dda7072d923a3191dbca61f40d8e3,d47f8741df1a3ff838352d123a9c0a0e,delivered,2017-11-05 09:53:54,2017-11-05 10:10:21,2017-11-06 19:18:46,2017-11-09 21:38:49,2017-11-24,641584b3ec3027aaf8fa9c088f1a1a00,2017-11-05
763ff34638f08b1e6b6135c197e3a937,384f86bdd39dcf4505744c0132ac38a4,delivered,2018-08-17 13:59:11,2018-08-17 14:46:52,2018-08-17 14:42:00,2018-08-21 17:37:50,2018-08-29,625ab6b7083ae66185db2dcaee383237,2018-08-17
a34e82fc511c9fb1866fba1dad2ac753,b117662727b8e15334ba1b8bbba61035,delivered,2018-02-07 17:47:18,2018-02-08 07:50:35,2018-02-09 22:28:47,2018-02-26 17:05:04,2018-03-12,d67e556e4126887aac66c430dab9c65e,2018-02-07
999634d5935f33d0547e877223e04a63,76f19d6a7d77ce535fa4160a0a94358d,delivered,2018-08-16 12:49:01,2018-08-16 13:05:22,2018-08-17 10:05:00,2018-08-27 18:19:09,2018-08-30,1413a9b68adac5c0fddcdeb92223ed41,2018-08-16
755fdf89024021c6324864182b6657b5,071130e3d980f8327e5348b9ed889fc4,delivered,2018-03-02 14:06:12,2018-03-02 14:15:46,2018-03-06 17:08:32,2018-04-02 17:07:54,2018-03-23,ae11ab40faeb1f8b85f6308e052bd710,2018-03-02
733c73abed2883f2005808ba3e5214ce,91b0ff57126eda07b2d129bd59c2b689,delivered,2018-04-04 20:23:38,2018-04-04 20:35:21,2018-04-05 19:38:20,2018-04-11 20:19:16,2018-04-26,651f11c3629dfce0cba1b294042d5133,2018-04-04
97d6ed0a050dac6d990b16908ce0a5fa,f4fb89f8cebad5f1a88a9df87c7a6b14,delivered,2018-07-25 21:24:26,2018-07-25 21:35:15,2018-07-27 14:49:00,2018-08-09 01:28:22,2018-08-17,155d36ad6e053a2284c5f7e2db94795b,2018-07-25
7bc56777d8102ea04056ff4e3517df3c,3319be0da98f69058afc0c80c2103670,delivered,2018-02-21 12:33:09,2018-02-21 12:50:33,2018-02-23 19:53:15,2018-03-13 14:17:33,2018-03-15,ce2e8e34f2571be64f0d76c96c09e58e,2018-02-21
2e1934467537a71d1ef09726c4c27b11,60a83ed379f5cb395fc861e965f6940e,delivered,2018-07-24 19:02:36,2018-07-24 19:15:07,2018-07-25 10:23:00,2018-07-31 22:02:51,2018-08-13,ba7b009639425078e02b8948c958bd83,2018-07-24
094dbecbb0ab054a620f21c04e82df03,ba24dd2a357ed4fed5ab575862f41b61,delivered,2017-10-01 13:26:22,2017-10-01 13:49:22,2017-10-04 19:36:45,2017-11-20 11:38:22,2017-10-27,f5c7eba6f2feb6baa7bc3daa2e7baa98,2017-10-01
17f11cd471c4f712a82d85c589119638,229b496914baf5b5c924e314b439490e,delivered,2018-02-12 00:27:57,2018-02-12 00:48:07,2018-02-15 17:45:52,2018-03-15 21:12:32,2018-03-15,6db3c861efbda17b3ac5d9ebbb3f2d53,2018-02-12
10758901b602fdec377ba3f189e531f5,015bf7d488097b3b632e5b19f1c7621a,delivered,2017-11-21 16:40:43,2017-11-21 16:52:28,2017-11-27 16:12:23,2017-12-12 01:08:47,2017-12-07,a4c52e5db22de71bff4d45444508f3f5,2017-11-21
cb8fb99234763886ee0253fd8fcd3d18,857c06eab9fb52c5ff1a25160356d449,delivered,2017-07-18 12:54:40,2017-07-18 13:10:06,2017-07-19 18:47:38,2017-08-01 18:37:30,2017-08-11,904c76d46ff52a900cee67f952ff93d0,2017-07-18
2d53b54fb747893711031caffe615f9c,d8820c41fa55a2229c9d79da5ab99565,delivered,2017-01-31 10:33:02,2017-01-31 11:31:09,2017-01-31 12:48:50,2017-02-09 15:58:43,2017-03-10,bef334a9b4cecae4dc0916d62a91dbbf,2017-01-31
615a83726a65bcb641fcffb5a4b792ef,e4addd97f9029b883e277b56aaa34338,delivered,2018-07-14 11:38:58,2018-07-14 11:50:13,2018-07-17 15:24:00,2018-07-20 19:54:31,2018-08-02,a6e56ce065f297714559452de03a2ca6,2018-07-14
9fcc8c2f25f450a6a15a295adb501e0f,6ce438c321ac1b32b87553b55511553c,delivered,2017-09-13 14:16:16,2017-09-13 14:30:20,2017-09-14 19:51:43,2017-09-21 16:04:58,2017-09-29,d9742d0814058be770f23b50e4ed71fd,2017-09-13
8a3a982956e0c1176a1f5197bd7f9552,7c7b95360c53f4a3054060af22a7c128,delivered,2018-08-16 16:02:44,2018-08-16 16:15:20,2018-08-17 14:01:00,2018-08-20 20:22:40,2018-08-21,4ddf673d7de7137cf1241cb0e35745f5,2018-08-16
ccb3e2fc8477b6fd3e3edf0dad0211b6,29a3828421400c1fb4c396a89a3bc4f9,invoiced,2018-08-05 23:14:19,2018-08-05 23:30:08,,,2018-08-09,ead982afdbd7acd1f6a87c57f9177291,2018-08-05
e1274faf1894745f9ace27e525cc2ba7,1cde694a5779d9b3d230231c52fe9dbb,delivered,2017-09-21 00:33:57,2017-09-22 04:10:26,2017-09-28 17:54:58,2017-10-07 12:28:42,2017-10-18,1db9afe28146fb32dccd9d205da85cf5,2017-09-21
73e6f205ca3c002b2f6b477a6e479cf7,9ebb52578cf5f1aa67e568c3f5aa4a22,delivered,2017-09-01 00:20:53,2017-09-01 01:32:55,2017-09-05 18:33:37,2017-09-11 18:03:37,2017-09-21,8f324e33313f720dd54e610ab196e6ac,2017-09-01
8b2acbdda33cff697b4195044ba5200c,ea83d54573333ca5106c8638d422c090,delivered,2017-11-27 10:23:58,2017-11-27 10:54:29,2017-11-30 23:56:53,2017-12-11 22:41:48,2017-12-18,4bc144166efdafef4a65385b943e7018,2017-11-27
d54668cf2e710089072d269f793d589b,ba67e12717ebcade35d313673445f242,delivered,2018-01-18 20:43:38,2018-01-19 20:35:22,2018-01-22 21:13:23,2018-01-26 17:59:46,2018-02-09,a9df27d1c8633d9edf7908edba7a4116,2018-01-18
67d3db1e6d9adab9c49e67e8a2e65b8f,f7224426a8a68eda1674c2b84be34da2,delivered,2018-07-30 07:41:38,2018-08-01 03:32:08,2018-08-01 15:25:00,2018-08-04 15:12:07,2018-08-10,e0836a97eaae86ac4adc26fbb334a527,2018-07-30
91738f432adb50d3fafd082ebfdecac7,f2e4b661e1d12af79d91f0de73226ee4,delivered,2017-09-02 15:05:31,2017-09-02 15:44:29,2017-09-05 18:33:24,2017-09-09 16:59:57,2017-09-15,fa97c408600c78043d20c6a6f81ae02f,2017-09-02
7bd9450970b012adae7125eaca6c0df4,1fa408fe80981a6e6e69b61c3bc21698,delivered,2017-07-18 10:00:27,2017-07-19 03:45:47,2017-07-20 23:03:04,2017-07-28 17:32:49,2017-08-09,88009c77179c9c0ce5cbf0db998d71e1,2017-07-18
08bd4784e35a8be0fa12c4f4f91799ac,2fe26fbd416acc13822475ab38f1a4f6,delivered,2018-08-14 12:01:09,2018-08-14 12:15:15,2018-08-15 10:05:00,2018-08-27 17:12:04,2018-09-13,409860ded7cc6991af6cb0d155260dda,2018-08-14
09fc554c8d37d678a6c182c5592ea881,ba46a6f93e09ffb7a22fd2b705fe8d50,delivered,2018-04-16 09:39:24,2018-04-16 09:53:03,2018-04-16 19:53:33,2018-04-23 20:34:27,2018-05-16,782142502d9147cd3835576aaaa45350,2018-04-16
5bf9c5ac7dfc2d9cc6911038a0864fbf,fe8effb68afea983b75fab51cd03050f,delivered,2018-04-15 18:05:55,2018-04-15 18:31:06,2018-04-16 20:03:32,2018-04-30 15:58:43,2018-05-18,d1a6a3315f0766209aa62b06506c1ad6,2018-04-15
d98a17b8648ea9e13d2899e366912c6d,d79f4a65ae3208f10ffa62977683c546,delivered,2018-06-03 09:48:09,2018-06-04 09:51:34,2018-06-07 15:49:00,2018-06-25 18:54:55,2018-07-20,4d94c2d7b8413b9e9c9936249fe9a17d,2018-06-03
6aaac39c745e3f8bc6391b775041cd93,3e0d8ba42bd54ca581b2a8370558737f,delivered,2018-02-24 08:46:15,2018-02-24 08:55:53,2018-03-01 21:46:27,2018-03-02 21:56:53,2018-03-27,3e95df0418e85431b735af1d9f25767f,2018-02-24
02bcd06d9bfda1c2a4037560bed7b90f,888aec5eec463be5a9aba99e3dfd97b0,delivered,2018-04-16 17:47:15,2018-04-16 19:11:35,2018-04-17 16:42:44,2018-04-20 18:05:56,2018-05-07,8b23a9ae3e5225827fa546974c6d832d,2018-04-16
d70a8dce003d1e26d1d5003bb5839892,b2312965725658a954631841b3061a68,delivered,2018-07-16 16:49:04,2018-07-16 17:00:36,2018-07-17 15:22:00,2018-07-23 22:38:46,2018-07-30,0ab5cbb0ac648b42aaa02d47741e1d7b,2018-07-16
ab114f47094abcacaf5888844db683ff,dc350d5cef089a6c9a444b4dd67811c7,delivered,2017-03-03 10:48:12,2017-03-03 10:55:16,2017-03-08 11:27:57,2017-03-14 09:26:35,2017-03-24,03e2fdfa85910de2abe170f7943eb621,2017-03-03
66418c06e5f1b83ea04c3d1a7221db5d,5489b0dfffe293c1007436f4a0b1544c,canceled,2018-05-07 15:02:10,2018-05-07 16:52:49,,,2018-05-22,6624e5feedfd9d66cc59050f3e6825f8,2018-05-07
bb83b0d50ebbe83d2d41514296baf238,9a24b6d573013c48b347b7a3219ec465,delivered,2018-06-11 23:08:00,2018-06-13 02:18:42,2018-06-14 11:14:00,2018-06-19 16:03:50,2018-07-03,1bbca7ca8958b1c93eac8202b06796b0,2018-06-11
e33ed9bacaf02833f0c4dff6e8e20bff,eaa7f09c09e38753fad7facfd20ecb5a,delivered,2017-03-30 10:06:16,2017-03-30 10:15:19,2017-03-30 13:12:57,2017-05-22 09:57:45,2017-05-03,9c50268003cb298005552488ca129c5e,2017-03-30
031d26635bd08bb7f773e40be986cce0,7d445a9038b10dcb95db699dd5d9084f,delivered,2017-10-21 15:41:11,2017-10-21 15:49:25,2017-10-25 17:08:54,2017-11-10 18:57:26,2017-11-21,a8c73e4441ced5cb5f0a78d3de155f9e,2017-10-21
df3338a3bb3c6763d1228fe9305c68fc,2628d3b76a1d72d0c6df552b17c73ae0,delivered,2017-11-21 00:34:16,2017-11-21 00:46:41,2017-11-22 20:33:35,2017-11-29 16:47:36,2017-12-14,f94857d9e9d320b0b0438ce3ddea22ae,2017-11-21
cc000aac6ca104393a6fc66938e19ca3,dcf1ae57963de0f6c27b8c03e8e384ac,delivered,2018-03-20 17:39:32,2018-03-20 18:28:03,2018-03-24 00:36:38,2018-04-02 13:06:46,2018-04-11,05fe23124ef3295f7539875f6d054b9f,2018-03-20
99b492e774feb838a15101dc48ecb6f0,0a095e1e6ef438f5fa02a40716b22126,canceled,2017-08-03 11:01:10,,,,2017-08-17,a5bdd83dc32225fadcedd741693cede2,2017-08-03
f71951324325e3af9ee2137e922d98ce,e05b882ec09f1e536450fdccda7dd023,delivered,2018-04-13 10:17:18,2018-04-13 13:15:42,2018-04-19 18:12:09,2018-04-30 13:58:32,2018-05-04,9c769882c52e4121c0b0f077906a5db5,2018-04-13
05a1daade893002ca3c8ec9253fbb1a0,561a193d7395d1f016e459d7fbc5aec9,delivered,2017-11-15 18:57:24,2017-11-15 19:06:31,2017-11-16 17:16:41,2017-11-25 12:57:05,2017-11-29,467ecaea2e826fdd849f936ee4e713c5,2017-11-15
84b493c33c9917471d9c6322d3c2c4f3,e4c38b4ecb77d531fa6729428c7a41a1,delivered,2018-03-26 21:25:18,2018-03-27 03:48:30,2018-03-29 21:18:50,2018-04-03 23:37:23,2018-04-24,03d4c28894c1239ca5a6dd6f0c197921,2018-03-26
cae48a69bb1092bfbb8a65b42211a9dc,ff46d91a9635a0e6f8108d75516a759c,delivered,2017-08-09 22:26:32,2017-08-09 22:43:53,2017-08-11 13:36:57,2017-08-17 15:25:18,2017-09-01,d706dca87c217f97cb220eb8a33dc19d,2017-08-09
339889810ba75dd015439b4ec6c33a5b,7f4ad506dda90ab3711e25b220c4ca77,delivered,2018-03-21 14:52:23,2018-03-21 15:48:40,2018-04-05 19:36:43,2018-04-13 20:08:40,2018-04-18,1ff84fc35d497c84a22e3540c5ec01bb,2018-03-21
b00bfb424800f2b8208beced23e67c63,b7249df0932991a039bf6336c9524fda,delivered,2018-04-25 14:50:27,2018-04-25 15:12:13,2018-04-26 14:16:00,2018-05-04 19:18:44,2018-05-14,826cb3c87cc2985c802c91d0d00c4673,2018-04-25
cb131e46e2b29aca864751d16e6030af,02cd8ee24434a2bb2574b61ba5f659a8,delivered,2017-06-07 13:46:12,2017-06-07 14:02:27,2017-06-09 15:53:59,2017-06-19 15:32:53,2017-07-19,afbb296a1b427a13ad961689550a56fa,2017-06-07
b17bd9337504cfa6cc07d6e08fe9c884,7d6f6b2b8630f71c88ef06216cc49321,delivered,2017-12-19 23:47:20,2017-12-20 23:49:54,2017-12-21 19:42:38,2018-01-12 22:58:54,2018-01-17,3f1f19725af07b0bbe4faf86e6089c5b,2017-12-19
727f1697a6e0fd3018c8ad97fb33be71,ef9b3312288710637e93dd9da7b62410,delivered,2017-11-13 10:06:33,2017-11-13 10:16:59,2017-11-16 22:22:00,2017-12-27 14:29:02,2017-12-06,fb2c913de4ddc0609e8cc4e3ee528d3e,2017-11-13
aee3d95a7c0524bee2967e283ca5fb13,590512cdc06475cd6d3bb1db092822c0,delivered,2017-09-17 13:31:31,2017-09-17 13:44:06,2017-09-21 11:53:29,2017-09-27 18:25:48,2017-10-10,3b2ad448a0f1a18dc1c6d780aa0cdc19,2017-09-17
13ff949d7e71c05bce1a0facd3c36f83,5d0365ba7eb4d4c236674bd33f30f13f,delivered,2017-11-29 18:34:28,2017-11-29 18:49:20,2017-11-30 21:38:28,2017-12-23 17:56:55,2018-01-03,dce0c52067c5d6949fe57e3116b2d547,2017-11-29
1a8549fdcb090e418620dd6b7bc7ca10,a1beb47c601965fd113716b0947ab37c,delivered,2018-08-17 12:23:58,2018-08-17 12:50:10,2018-08-20 07:04:00,2018-08-27 15:10:57,2018-09-04,1471f2852cee2aa41103d1471bf44492,2018-08-17
afbc5dc3c3d0255f644df560b79f1b32,b580902207edc5a3b69c2c11b5a48879,delivered,2017-07-29 22:30:47,2017-07-29 22:45:07,2017-07-31 18:27:43,2017-08-07 21:49:29,2017-09-05,6fecb43caacd47831233f478e1285768,2017-07-29
8bdbc426f547861538f7d59ac2c21c9f,1b2c1c9762e9d1b8c30e2e4867010484,delivered,2018-06-17 19:37:41,2018-06-18 09:01:19,2018-06-18 13:09:00,2018-06-20 16:09:48,2018-07-12,69363423b0319cf4d4a9fcff8cfe09d8,2018-06-17
3985e11135ade6c95dffad95edc3d117,73c5348a67dcfe51d332594ab795021f,delivered,2017-07-06 08:51:27,2017-07-07 02:45:44,2017-07-12 20:13:43,2017-07-17 18:25:36,2017-07-28,4f26b12d535556bbf0f6b04e2216c35c,2017-07-06
2c4bebe8fc2cea16a75b62de3c712097,58ba76498d823b0628528665203de93a,delivered,2018-03-20 11:08:15,2018-03-20 14:55:25,2018-03-27 23:37:35,2018-03-29 18:03:50,2018-04-02,6138b5813473fcb9b3419902bfdfb664,2018-03-20
d9fee3504f55226ed8e155bdc0a36a06,d247c3419a9aa4ec6ca6fd6ae2fa24fb,delivered,2017-07-10 22:41:55,2017-07-10 22:55:17,2017-07-13 15:51:43,2017-07-27 15:16:51,2017-08-09,a5435b46270f8d38b6fb22205426a32c,2017-07-10
b8474aa90eb678e72fac6742e04efc6c,27b2c3a477570ceb2653cc72c79c94cf,delivered,2018-03-06 16:53:23,2018-03-06 17:12:43,2018-03-07 20:24:46,2018-03-27 15:08:39,2018-03-22,a215d8c11a828df919d7768d73c5a764,2018-03-06
e349cfe864fffc00009b4cdbdd3a95ec,fa0e5df09f025f13bba8dd3c7f58ca9a,delivered,2017-05-16 14:02:59,2017-05-16 14:15:16,2017-05-17 12:51:25,2017-05-26 08:27:01,2017-06-05,e8bab621313ad2a3c0ce8e3a023ff9bb,2017-05-16
3bdb4a8f9e391c81696a80c1bf7c67ff,ae1df93af04a6e463230fc1966638537,delivered,2017-04-05 13:04:39,2017-04-05 14:10:13,2017-04-06 16:37:36,2017-04-10 14:35:03,2017-04-28,ab78e3dc0a9ba374d7cd4aaf92254371,2017-04-05
e3428550b3108fe268fe36e8247a49cb,d852e1c144401bfd00aec76495541736,delivered,2018-04-23 11:42:32,2018-04-24 19:27:58,2018-04-24 22:38:45,2018-04-25 22:48:29,2018-05-11,5ab99f2f9851b35df207c38655eb25b1,2018-04-23
76496d7a1a246afac1bb1d67bcb31661,326240ea272d5635e0d43a90eea4a55b,delivered,2018-01-24 22:39:01,2018-01-26 09:11:28,2018-01-29 19:18:57,2018-02-02 14:56:13,2018-02-22,3810fe053ea528465ac26e6b9027d3b5,2018-01-24
5347a99b50c4d33d2959dcce4e19641c,a90eb0fd53226594f6390b44eab06946,canceled,2018-06-19 22:39:33,2018-06-19 22:55:57,,,2018-07-13,0cac80dfc61f278d2e0bc6ec9e740e9f,2018-06-19
fbe1b2aeb4cba6d2bc309c735a062549,d64fe56e08421cdb86546859c9bffa73,delivered,2018-07-28 17:31:47,2018-07-30 16:15:14,2018-07-31 17:11:00,2018-08-06 15:31:30,2018-08-13,df938545d72c5f48afa75becb7c61ac8,2018-07-28
163dbb9a9e122705518ab2735e1c6008,76e4b20577a9afb78dc9b7dd335316ed,delivered,2018-04-15 14:14:01,2018-04-15 14:31:30,2018-04-17 14:56:55,2018-04-21 00:22:04,2018-05-14,4704cb39c34e6ce5e70d69d37a2e1431,2018-04-15
28156e3f154f44bf5cb8c3ee9978d332,62e59ed7bae204fac65145597071cf76,delivered,2017-10-05 21:34:42,2017-10-06 13:24:29,2017-10-10 16:28:05,2017-10-19 17:23:35,2017-11-07,0359171edbceec908b0c76c65791fba7,2017-10-05
f4e9d675b92bf13778b4caa35ef5a206,f1d7c45979a18e5935d60e64b4dae786,delivered,2018-04-26 17:23:56,2018-04-26 18:09:28,2018-04-27 11:32:00,2018-04-30 21:28:41,2018-05-14,27e9b1e70d716c00b7da47c9373cf241,2018-04-26
be18b8aecc40c580699c87905e6578dc,4a7efd81b4b3dce1ec5523c7b0f5730d,delivered,2017-03-28 07:23:16,2017-03-28 07:35:13,2017-03-29 09:10:57,2017-04-12 12:43:40,2017-04-26,bc1feed8793b34474f3b53783599e0d9,2017-03-28
59494ceaede0aabe7fddec5bba98d95f,379b91a51576531cbf7bb8f7ffb5016e,delivered,2018-07-25 21:12:52,2018-07-25 21:25:15,2018-07-26 10:01:00,2018-08-08 18:38:52,2018-08-10,f5d161d7087d1d42616587588427fecd,2018-07-25
592d9737afc6c5aa5016cbd3ccd549c5,a82c5591446e754bb47f39c0462fc640,delivered,2018-02-06 19:05:22,2018-02-06 19:15:45,2018-02-07 23:34:05,2018-03-05 17:34:17,2018-03-08,1ce5b47694bacdec5ff34b29bdaaabc7,2018-02-06
f793ec5b86c6086ba463cb389e39594e,13598fd026d245d7290768341b10cd0e,delivered,2017-08-31 13:34:46,2017-08-31 13:50:11,2017-09-01 19:56:36,2017-09-08 20:05:07,2017-09-19,e92c7c7b659db0e9164c51f3762a37d2,2017-08-31
3a77a7ed1713621145e55291dc896c5d,56b7d186949bcc60a3f5a730adc5fb4f,delivered,2017-07-10 20:31:05,2017-07-10 22:30:07,2017-07-11 11:51:47,2017-07-20 19:23:08,2017-08-11,f08bb7f023516fc8b2c0342113a69b74,2017-07-10
b90e0b3baf0ccf666aa0e0631dfdb174,af9d4812a2d9a04aa1be0c136e42db9f,delivered,2017-12-01 12:02:45,2017-12-01 12:31:30,2017-12-08 18:19:06,2017-12-15 18:54:38,2017-12-26,0329053bfa2eba19991dd18df9228cc2,2017-12-01
2484292effef815afca81d5c348d769b,25b570ea7cf3fd1d72a66fdaaa7ca352,delivered,2018-01-16 01:55:33,2018-01-16 02:10:09,2018-02-01 02:33:01,2018-03-07 20:38:40,2018-04-05,a3b749218171f247720829de7944bf53,2018-01-16
8c8005895f46f6c1bdf16697c70e645a,74245fe8288c7bdcbcd4644b2edf5beb,delivered,2018-08-17 15:57:10,2018-08-17 16:10:14,2018-08-17 14:56:00,2018-08-25 16:08:37,2018-09-19,4d8630af5cec97e959e55129dc8eaabe,2018-08-17
4399f0c95ac804e27baf82ea7799b102,60082cc2efb1b4d5c56da49fec0afcb1,delivered,2017-07-25 15:47:06,2017-07-25 16:03:22,2017-08-02 19:53:45,2017-08-04 19:48:57,2017-08-23,02c53bbdf9a343fbfe47d05e1ce96b20,2017-07-25
dc93ba4cf47339046ee8035efb73e2d4,de0492fbe95d153823c67b86e5782a91,delivered,2018-04-04 00:35:10,2018-04-04 00:48:51,2018-04-04 21:07:53,2018-04-17 19:08:17,2018-04-30,79f732139539327aef6ac5c209cd5482,2018-04-04
ef18c0e65576729dbf505f63f1414736,ec9e3bc81d6b93d5b6602984f860ffce,delivered,2018-08-04 06:20:10,2018-08-07 04:05:23,2018-08-14 10:56:00,2018-08-15 20:39:30,2018-08-16,58e2253f083d42930c64ca32b510a512,2018-08-04
cdd3f73daec692a65c1cb65c46154b84,89ff5bcd44ddd10ae61646d875620226,delivered,2017-11-25 13:12:40,2017-11-25 13:33:16,2017-11-27 21:16:01,2017-12-04 23:35:08,2017-12-20,c7c41e8cbafed87cead999a5f556b5f2,2017-11-25
6b649733dfd9b29ce2f231221a4eaa51,bbc66d515cabeaffde25d164a195b5e2,delivered,2018-06-01 16:33:11,2018-06-01 17:53:26,2018-06-04 14:57:00,2018-06-11 15:48:27,2018-07-13,7ad16b6013c2309df0e4ce59f84ef6a6,2018-06-01
ee878ee16f84c47738cda240e8550a90,79c2c3143dcf3a48ed21bbf402991b60,delivered,2018-01-25 14:42:47,2018-01-26 03:16:33,2018-01-29 20:07:30,2018-02-06 14:08:03,2018-02-21,cbed4d504a35901fc8c4c0fd0339cf19,2018-01-25
bee237f3c574c7e3e0f415a1c7a44566,72cf43f216228ba60b9a7c3625962a48,delivered,2018-06-26 10:03:18,2018-06-27 08:55:39,2018-06-27 12:02:00,2018-07-05 19:38:20,2018-07-23,7ac6e22025018ab1671d73ab0550d1a6,2018-06-26
d72897662eb03d6b058a063d27c6e5e7,6745f0b95b60ead308db72ce7fff278c,delivered,2018-06-08 09:47:41,2018-06-08 09:56:01,2018-06-08 14:59:00,2018-06-11 19:17:41,2018-06-26,ce892e586571bbd35294d2481ea3f494,2018-06-08
0948bd714f9f0ca68d9e70af5090d3f6,a2797e4ee0dd430eac06ca4b7eac8fde,delivered,2017-05-19 00:59:34,2017-05-19 01:30:21,2017-05-19 13:58:10,2017-05-23 18:39:30,2017-06-12,5cee086dfbc266298d558c29d8809b99,2017-05-19
aa4f1c4318226e2f86adeb5578d8726b,b97a18a1140b1f32152473a3dce1a25d,delivered,2017-01-25 15:49:39,2017-01-25 15:55:21,2017-02-03 05:57:33,2017-02-09 12:45:42,2017-04-03,3315424c3588a42098b6b37a78aed0a4,2017-01-25
5f2aaf089bdf0d14f2357066f139c2a4,04fbe9cd7c2f918568c5b4e934a56316,delivered,2018-07-17 01:02:41,2018-07-17 01:15:12,2018-07-27 11:54:00,2018-08-28 21:18:35,2018-08-07,f8705608911e57a47eb024eae31f50cc,2018-07-17
f7e6df47c78b982f0f117ad579519e15,4a32aba7dc9dd56a1dd2feb4773519d8,delivered,2018-08-19 11:50:07,2018-08-20 11:31:17,2018-08-21 14:05:00,2018-08-27 22:31:40,2018-09-05,46e3762ffeb4800d601476dc9dd7f001,2018-08-19
34f054dbc6acae464a192cbf2083cf72,d5fcef627cc1c204baa4449ec165a48d,delivered,2018-08-06 20:55:21,2018-08-08 04:35:09,2018-08-09 07:25:00,2018-08-22 00:50:38,2018-08-22,2c2c02e654d903debe68668bab307b9f,2018-08-06
ad07b2975044eedaa3d511eb7a6f80ba,7d03d934195e2c1f1233ad74146aafc0,delivered,2018-04-02 11:53:50,2018-04-04 03:30:25,2018-04-04 18:42:32,2018-04-13 19:39:09,2018-04-26,bf4625d3d2f0c204c7472eb69133ff1d,2018-04-02
f23a6c3f9461a9b3486cc71611f046f4,f3c25e734ec92ee3732fd8baa45a7ffa,delivered,2017-07-19 12:34:38,2017-07-20 02:24:05,2017-07-21 12:17:29,2017-07-28 17:34:55,2017-08-14,7f6b8eecce13d90f1959fb3aa1ec7f1d,2017-07-19
0a13aec53ae766fb150be89f7c93a73f,4fe821dfbeee2f1b2e32afa525203efa,delivered,2017-10-01 20:40:19,2017-10-01 21:20:06,2017-10-02 18:40:08,2017-10-11 11:14:59,2017-10-27,6a5c06a4a835cf487f19e1d2fa1d0acc,2017-10-01
341db9fcd72b3de80c6d9ee4309abacd,ddd244b741e13635a466619ab4805015,delivered,2018-01-22 21:41:47,2018-01-22 21:53:16,2018-01-24 01:28:44,2018-01-30 19:58:23,2018-03-01,559a5f67ea052226bb24ee8da93df761,2018-01-22
53edac1a124286956f5a77aa6db858ac,ed3269b8bcca63b337b3625b4d8970b3,delivered,2018-05-26 16:17:25,2018-05-27 16:15:11,2018-06-04 12:19:00,2018-06-14 22:03:02,2018-07-11,7bb54095e365610247ab1a7bed99c762,2018-05-26
1116eef143ff0ec32867729b83df8530,79d2e12ed1aad80999c0e06020a54959,delivered,2018-01-18 21:57:16,2018-01-18 22:09:59,2018-01-19 22:12:42,2018-02-17 00:58:43,2018-02-20,521fd2b54e467c35feba992b774285b0,2018-01-18
e78cde66f03731202b0f5e082b0b0cff,1ab919b1eac72cbf11b55217f5ae9210,delivered,2018-03-09 19:02:23,2018-03-09 20:00:35,2018-03-12 21:21:52,2018-04-04 14:22:02,2018-03-27,710f4a9bafd6c4635b13c7ab1e690233,2018-03-09
439f6d37b8ba10b7ba975f29ed951beb,ff590ff108857c7fab00afa99366dcec,delivered,2018-08-19 09:49:20,2018-08-20 11:10:21,2018-08-20 13:46:00,2018-08-21 15:48:50,2018-09-13,63596e42d64da2ef4b6b36786c0ffa55,2018-08-19
90022e1fc840350d2f9350866969521f,70c2ec64eed5c085a23f42d19fab19b2,delivered,2018-07-27 10:11:30,2018-07-27 10:25:14,2018-07-27 14:09:00,2018-08-01 21:48:43,2018-08-10,16c549662b5f19ceb7590ded8264165d,2018-07-27
29f32f0cdbb988ca3cbb57521614e958,eac2f8d91ee63566906d465478c635e8,delivered,2018-01-04 11:56:25,2018-01-04 12:09:10,2018-01-05 15:34:50,2018-01-09 20:04:13,2018-01-31,dd5de59b6a837db92c524943bcccbaf7,2018-01-04
b4c035ccb21c24eac46fc9298084e1f7,84fc75b23cddbf2ef3c0484369a143a7,delivered,2017-05-21 20:15:25,2017-05-23 03:42:32,2017-05-23 11:20:52,2017-05-30 14:14:50,2017-06-13,6022be01d480dbd8683c80f9b0514f29,2017-05-21
286f1870198ca5f7249774729bb46a45,dec1dba45f7c7c934cf40858d65337fe,delivered,2017-09-30 15:15:04,2017-09-30 15:50:49,2017-10-05 17:32:24,2017-10-25 17:21:59,2017-10-26,3db6e5afa8e8178a29afc729855315e2,2017-09-30
61d4c475163c393e194d9ccf2e31685d,2da05c3c0a1de5629620beb7fb726e15,delivered,2017-11-24 20:47:02,2017-11-24 23:53:14,2017-11-29 23:23:30,2017-12-12 01:18:34,2017-12-21,1076784f68ba28d0a95a0397c9b90805,2017-11-24
8cd7be194601db331acee102c799242f,4d8923819294bffca3edc507da304801,delivered,2018-02-01 00:35:39,2018-02-01 03:11:50,2018-02-02 16:03:58,2018-02-14 16:28:36,2018-03-01,0818cf2b15a3b4ba451758083d57b9bf,2018-02-01
5ceb3e4ee314981936b94070f2bf8270,b46c68c30126edf5c5dbb7c2961f8491,delivered,2018-01-14 00:12:17,2018-01-14 00:49:02,2018-01-17 22:21:33,2018-01-29 12:59:02,2018-02-08,776ee5bc6481dccd38adbd26f6d78ce4,2018-01-14
122a971a12f2ddab39ade1e58c08cbda,2f3920a3132d84a8237f777afa4017b3,delivered,2018-05-16 17:52:45,2018-05-16 18:16:37,2018-05-23 11:27:00,2018-06-04 23:04:19,2018-06-01,47399ede3d8e67631b98b615bdf3d362,2018-05-16
e7bce5a1c5efd269eabdafea3013839b,7b5b875a0a87ae800cd0230aa35adbc3,delivered,2018-04-17 09:28:09,2018-04-17 09:51:10,2018-04-23 23:38:32,2018-04-27 17:08:57,2018-05-11,ee4a5dab94b427525ea24bc30d4442fb,2018-04-17
5dc59cf95fa0dc97fbe9961d2547b278,6d2d97c4b749c780e25335540601cd60,delivered,2018-06-13 20:17:01,2018-06-13 20:40:05,2018-06-14 11:59:00,2018-06-28 18:08:58,2018-07-17,af237bf1b65ca994378e71474da8bb08,2018-06-13
fb37b4e097b850ea9b2a568362742d10,52f35df64db924db0b1efdf93f4ac0ed,delivered,2017-12-19 20:53:41,2017-12-20 06:58:30,2018-01-11 15:32:59,2018-01-12 21:57:14,2018-01-08,c8e2ea7e324f7dd660e7481ec85bef3c,2017-12-19
2f08b7d5e2f0cb3a1e8a8c95579a6b34,0ab8bf46aa552f5f1926e6a575afdf57,delivered,2018-08-20 22:50:07,2018-08-20 23:09:24,2018-08-21 15:23:00,2018-08-22 21:42:24,2018-08-24,841139ef881163411bfa4288167f9ecf,2018-08-20
caca64f71d73695719939294fa88c791,b4805fe9c617cfaa509d98d2c365495c,delivered,2018-08-23 21:25:26,2018-08-23 21:44:16,2018-08-29 14:45:00,2018-08-30 22:21:09,2018-08-31,e2ad8bcf2251723975d35fb6d5588e29,2018-08-23
d35f8048e8ab7b7c8e2080c53fe3cd10,c798c01690d37463672ac6710f7d6148,delivered,2017-05-21 08:05:33,2017-05-21 09:05:16,2017-05-22 11:56:20,2017-05-25 09:25:16,2017-06-19,0199360d5869b53eece5870f3bd1ef0e,2017-05-21
495f56726168b6a736cc1220b7d49be1,0d57495768b1e3e56d813d71b24fbc4d,delivered,2018-07-24 12:35:38,2018-07-24 13:24:40,2018-07-24 14:19:00,2018-07-30 20:14:46,2018-08-20,6e8dab044fed54dbac55f98c27c23cf4,2018-07-24
b99a2fee4c6c76f8f22757566c90d534,d42a85a7f08524cec83afa0a1127054d,delivered,2018-02-27 21:52:11,2018-02-27 22:08:29,2018-03-01 22:36:39,2018-03-14 01:33:02,2018-03-20,a3057829f96dc368f93a30abda21c970,2018-02-27
905f99d528bb299e8c62c67657cd8ccc,d54e62fa217090b11232a26706a67604,delivered,2018-02-10 10:14:24,2018-02-15 03:51:41,2018-03-07 22:36:30,2018-03-10 00:57:17,2018-03-16,9d3cdbd445d97cdbf91938532edc619e,2018-02-10
5aa65b67d199200514ab0d0a701199d2,b759d83c744ff08274fb4f1e1f9362db,delivered,2017-11-25 16:32:14,2017-11-27 10:58:25,2017-11-28 22:32:52,2017-12-21 15:58:46,2017-12-21,1ae128962347cc6c8295ebea5186c808,2017-11-25
b0b83c41891bea98fddc70cb17441405,7ee644700fb5c86c08597b141f551e92,delivered,2017-08-15 15:41:17,2017-08-15 16:55:19,2017-08-17 19:16:40,2017-08-30 22:05:11,2017-09-26,0fd475edfa0b61c59ecde6f89c21dedb,2017-08-15
bbf2cbe3fa966e8988c2ff247b7a3330,e4442a167ea250dbaaf8f8056915cc9e,delivered,2018-08-10 08:00:25,2018-08-10 20:25:11,2018-08-20 13:08:00,2018-08-24 19:41:45,2018-08-28,758f3208e28e4a1f4b969dab621dd82c,2018-08-10
426810dc2665908eba9683825a6e922e,031bfdd243a35f3b665ed9833e01629d,delivered,2017-11-24 07:10:52,2017-11-24 07:28:19,2017-11-24 23:37:08,2017-11-30 17:33:50,2017-12-13,ec2e5aafb6e1a4832c297bfa2b9433aa,2017-11-24
21a8ffca665bc7a1087d31751a7b7cbc,225aed9e773953084b09cf496c2be05a,delivered,2017-05-31 12:00:35,2017-05-31 13:07:28,2017-05-31 12:43:47,2017-06-01 10:28:24,2017-06-13,92776276a13b6d52820b4014aa07250d,2017-05-31
a7b10e487b0ab6b5e6f059a7fd2e79bc,41b9534b9c3c350df3cee8865cb0ce4d,delivered,2018-01-29 17:59:45,2018-02-03 23:31:49,2018-02-01 02:32:05,2018-02-06 17:22:50,2018-02-20,308df10eacc03e244f06dbe9f1204923,2018-01-29
3391274af8aa8372225f9c42c63d853e,10c6c3b09d214daff1750003e2d2f64c,delivered,2018-06-13 12:33:49,2018-06-13 13:01:24,2018-06-15 16:35:00,2018-06-20 00:36:32,2018-07-11,c2437c121c5840db3d5796efb6242aae,2018-06-13
14363bf0e98e4ac853c49e2e1b316014,56af2014afdd20f87502ea88b5a5ca0c,delivered,2018-04-06 23:07:09,2018-04-07 13:50:20,2018-04-10 09:31:03,2018-04-30 21:06:27,2018-05-04,2053bd088d06f058aca86da44532cbda,2018-04-06
7db4fb166f6ce2f0c77657c4c78683d9,6d5b4c9ce06ab89ee2984745c1cf699a,delivered,2017-12-08 14:04:16,2017-12-08 14:14:45,2017-12-12 16:35:26,2017-12-21 16:37:15,2017-12-27,73c3ed4ac4672c04a5a8441e8503a77b,2017-12-08
b3c5a7da42d6a5aeea8dafdaed8048c0,dbf548744fcc0f4c4f3a56d420e6cbfb,delivered,2018-03-15 10:08:46,2018-03-15 10:29:35,2018-03-17 16:27:34,2018-03-27 16:58:51,2018-04-06,4cab3a4accd065e1fa9a51b42e405676,2018-03-15
ed290fabcd8f57622249dcd888cb4ba5,4b7cc6a668f938434efccce03496ea7c,delivered,2017-03-23 11:56:35,2017-03-23 13:03:27,2017-03-24 13:36:04,2017-03-27 17:14:17,2017-05-04,1306eafdc870ba8962c7a883bacc081b,2017-03-23
062668b0f8fe98dbe6d23ab391e22c81,753fd7e7395748807780a2c7dde2bc6a,delivered,2018-01-02 12:33:25,2018-01-02 12:48:56,2018-01-03 23:13:29,2018-01-13 00:10:03,2018-02-02,210fb82bb4e342c281f8b7014d878914,2018-01-02
a82dcbafd23833baa1a6f5328cedf5a2,442a8d84f052ca755b763932022a8bdf,delivered,2018-03-13 19:30:50,2018-03-13 19:49:51,2018-03-19 18:14:41,2018-03-29 14:03:16,2018-03-23,b179fc545496f717862f81b86b2525fa,2018-03-13
06c6a92df74580db95364b36aeb8f5b9,871215ee1ebfbec40e40094a0e69fa65,delivered,2017-05-17 19:12:15,2017-05-18 07:50:15,2017-05-18 08:02:01,2017-05-26 11:03:23,2017-06-06,d45e0ff6c8a8b9db15004f8a7391a009,2017-05-17
e79df67f75682fe73238128b710c4328,f9ef7d0fe816e5c2c39382b5ce51141d,delivered,2018-06-01 08:45:23,2018-06-01 08:55:30,2018-06-04 06:23:00,2018-06-18 15:26:56,2018-07-11,dd6dfc5917f6b20fd2fa5e8f44adb1bd,2018-06-01
195a3ab9bf618fe05066b2ce276d2bc0,28594c8bc3e44b319dca16d1bae86e59,delivered,2018-01-21 22:18:00,2018-01-22 14:02:53,2018-01-22 22:35:38,2018-02-02 20:33:05,2018-03-06,976f88b6c6fa2f15df6eac96ad0782f1,2018-01-21
5253f3630960eb737c90b4ea7cf42614,988a863eab010820b4f4bfff09e2a13c,delivered,2018-01-31 14:06:09,2018-02-01 03:15:37,2018-02-07 20:07:06,2018-02-15 23:35:59,2018-02-16,d7f8a8b99397a0b31eae655074b7957e,2018-01-31
4c5e883786df8d555be4dc12f11d3fe7,1fe8ff5b23920df6e3509db320011455,canceled,2018-06-10 06:44:32,2018-06-12 04:57:32,,,2018-06-25,9e0ffa36cf3c57436d1e82ebc4b6f27d,2018-06-10
99137bc9ba1f9cc74ae549cefc759b7d,00e7c822a5cd0647e9251fc711276ea7,delivered,2017-11-05 11:26:25,2017-11-05 11:35:29,2017-11-06 21:44:41,2017-11-20 21:38:51,2017-12-05,7c438259d88d8eefb977be5432d761c1,2017-11-05
70f2dbf6303969f4c5f6764ab2e778fc,7c6be5f52c68fffa86b02b20a8df80cb,delivered,2017-03-20 09:33:47,2017-03-20 09:33:47,2017-03-21 09:17:46,2017-03-22 10:07:47,2017-04-06,3ba56ae6f3c98bebc9c5501fbd4ff3cd,2017-03-20
0489c7b710f3ebccafbd087c3c53bc2d,fbcc6fa001bddd25a495c204f5f657a2,delivered,2017-10-10 09:21:38,2017-10-12 02:21:05,2017-10-13 18:24:05,2017-10-25 19:37:47,2017-10-31,b1c5805ecb66dbad5a2c91b650df929d,2017-10-10
ca9b19a284a8d880814586c5dcf15044,f1e126ab83d31cb60575ab76cb77f3de,delivered,2018-03-09 18:20:53,2018-03-10 03:35:40,2018-03-13 17:51:46,2018-03-22 23:14:43,2018-03-28,1adefec60574855dde1671e3fbe98ab2,2018-03-09
7cc511af09f6c0b54385d08aaca28680,af673f1b71d7d919bd67052f89f9b941,delivered,2017-07-15 23:20:10,2017-07-16 23:35:17,2017-07-17 15:52:48,2017-07-25 23:59:40,2017-08-04,8747bfa515e9a8546c9e66636551aa32,2017-07-15
20550ea4a86fb3f3cc065b2598ebb01c,04868d933fddca2e3fc9b32a6ca0b921,delivered,2017-01-30 15:32:24,2017-02-01 04:35:20,2017-02-01 10:08:16,2017-02-08 15:03:49,2017-03-13,0d51c3b389b1778a88ebe889c12619a1,2017-01-30
904d11cd469667b16a5120682899827a,1b72867b2a38d4e787de4a1d5fb65ac0,delivered,2018-01-26 22:31:50,2018-01-26 22:52:04,2018-01-31 17:21:33,2018-02-20 18:36:44,2018-03-01,247c65a4ca3733d78203bdee085a066b,2018-01-26
d6fc0defa454343c0a0224f4397b84cf,c43dd0af01b4a3bccaf6048484cd6798,delivered,2018-04-19 14:53:14,2018-04-19 15:11:23,2018-04-25 16:07:00,2018-05-08 22:32:14,2018-05-29,79c0a9ff3bfa9a374b553d427d194762,2018-04-19
6b9c0a9a69de06aa2f51edb25dd196de,dd940eccd485dc083b0e733b37282ea4,delivered,2017-03-16 11:08:23,2017-03-16 11:08:23,2017-03-23 15:22:38,2017-03-31 15:28:07,2017-04-27,f24c728c9920607e93e77ec8cc6dbcb5,2017-03-16
0f7f49cb7403190016ad3ddf2f4adfce,b556ee3f6cc30291445dbccf08a2503e,delivered,2017-08-31 10:18:29,2017-09-01 02:15:27,2017-09-01 19:30:08,2017-09-08 15:58:15,2017-09-20,3436c172abe846b0780ea29f64ea8eac,2017-08-31
e78664f2a1feab812e748b0d19162c46,9b984a4c5a7c0a4e112339194b6f8b1b,delivered,2017-08-22 10:42:28,2017-08-23 02:46:43,2017-08-23 19:05:52,2017-08-24 13:47:35,2017-09-04,4a27f0b4e615de68d26f4e5495a42b45,2017-08-22
59a819cd06eb0e6209b8eb1ba0df3d6a,048991ffa9899a2c39481b7d3251a561,delivered,2017-05-31 13:59:42,2017-05-31 14:10:15,2017-06-01 11:23:57,2017-06-05 19:19:57,2017-06-23,407cecec220843cbc38024fc40f3017f,2017-05-31
9846cae21962f6c6e65ad2e77d3c2be7,b7039da8de38f21de8833bd957b19365,delivered,2017-01-30 09:39:54,2017-01-30 10:33:04,2017-02-03 14:43:22,2017-02-06 17:02:51,2017-03-27,d9a99b290182aff8db93595d904ab99c,2017-01-30
cc6e15491d167d2bd2d0eef0d14970c8,abc544c5a1298a863548ca55c0a727e8,delivered,2017-10-12 21:37:49,2017-10-12 21:49:33,2017-10-16 22:10:09,2017-11-22 17:03:44,2017-11-09,03deaea09727abbbe6305a61aed28a05,2017-10-12
51375acfdef4d742df94640aa60d385b,7ce1d85a1d02f0b8e37e552259c8fb79,unavailable,2017-10-06 19:37:46,2017-10-06 19:49:25,,,2017-11-06,23b8272c10c49458eac0b8626f0666ca,2017-10-06
156282e58da82d36a58582a6a94211e5,a66e526a17860943206e0228567a2a1a,delivered,2018-08-04 20:00:03,2018-08-04 20:10:20,2018-08-06 14:27:00,2018-08-10 22:26:25,2018-08-15,37d537a20fa2fa2de974af98c552fdfd,2018-08-04
f0a5eb092cfa7806badb010098ab646d,50485ea1d5e2950364b80e064d6160ec,delivered,2018-06-20 10:54:38,2018-06-22 02:58:50,2018-06-23 07:50:00,2018-06-27 12:19:00,2018-07-16,d503a54b097839c00b51c1000c863873,2018-06-20
df6b7e4d84d400a45f67fb12a8b2881d,bb79eb4829cd191cdc2664df115f357d,delivered,2018-01-09 10:06:48,2018-01-10 10:32:45,2018-01-13 00:05:30,2018-01-25 19:08:51,2018-02-01,ed8f9f65799b0844c21b87c0ad74f57f,2018-01-09
d54866a45a33784f6ff81bb5cb2778a5,944c02de4a75662a406065ee973c21b2,delivered,2017-10-14 17:48:04,2017-10-14 18:05:52,2017-10-16 13:34:18,2017-10-19 21:17:29,2017-11-03,63f146a56ea93f37ab471224d818a557,2017-10-14
7d37719edab33266657f56d6739b837e,1d2a414889f397a2f5e4ab18dc408a58,delivered,2018-07-27 09:33:29,2018-07-27 09:44:16,2018-07-27 13:54:00,2018-08-03 16:26:42,2018-08-16,caf275848cfa258e061236550f1e4fc0,2018-07-27
04e46e7fa33e86e068e66a04601ed8e8,3b0f0b35d931303ad5c95133ea680414,delivered,2018-03-08 20:47:24,2018-03-08 21:28:10,2018-03-10 03:02:18,2018-03-19 18:38:29,2018-03-26,8e8e8111465227cb21a119e911522406,2018-03-08
6d5e1e480d92f1bde5e9eb187fa388d5,4f3d7e6bbe7f1c9de320437cf6bf04d8,delivered,2017-03-02 12:33:10,2017-03-03 09:01:53,2017-03-03 15:21:10,2017-03-14 09:47:51,2017-03-28,150e414ff9f93eae86f42f44c8c863c8,2017-03-02
a824bd4671f3e218495428f200af9bd4,87b727a66787917ed8a0cbe4bdc57acb,delivered,2018-02-02 00:54:15,2018-02-03 02:54:04,2018-02-05 20:35:21,2018-02-09 21:08:54,2018-03-06,f37de7cddbf9b87bf839a28ac7d5c0dd,2018-02-02
a8509dc24b521846439b3c61f221af06,ffbda9243760f2492df6e71c590e070a,delivered,2018-03-21 12:14:37,2018-03-21 12:30:31,2018-03-27 17:07:51,2018-04-04 04:46:45,2018-04-03,ccbc9ad1e581dceecfb8638696ef5475,2018-03-21
9307eb406f745cbdb5934be961d05e9d,70e55dca905d5cb86c955d777ab64ab5,delivered,2017-11-20 11:45:21,2017-11-20 11:56:32,2017-11-22 01:15:32,2017-11-28 17:38:13,2017-12-07,7e429abc5ff1b38bdb18e4d51d3f72ab,2017-11-20
01f67ca8027e959060afd840aa06f465,1b606aeedafbe92f4c55f4fcad9dbcb4,delivered,2018-04-30 16:19:48,2018-05-02 09:33:05,2018-05-03 12:26:00,2018-07-04 18:47:45,2018-05-24,5c17cd275f9dc9a507ec06869723e0dc,2018-04-30
4fe48790875f264fd93c9009892c3e39,52fcca01e852db365ea24614a227cbd0,delivered,2018-03-18 15:50:21,2018-03-18 16:05:30,2018-03-21 16:42:29,2018-03-24 13:38:27,2018-04-02,4b8b7bf8d90bd492c7a61ec3ce264a0a,2018-03-18
4464db47018d63c21ca7ca5dffc833e7,4f45379110a59aee1c77f9360a2e0095,delivered,2018-08-03 01:29:40,2018-08-03 01:43:57,2018-08-03 15:10:00,2018-08-09 22:21:21,2018-08-13,95363a8b986159a83ccaf81b29ab9335,2018-08-03
de836e862a18f8c17fca8d2418a16631,d17b6c7e6cf5a6d676975f362f8c96de,delivered,2017-11-26 13:06:54,2017-11-26 13:16:25,2017-11-28 17:57:55,2017-12-07 19:22:26,2017-12-15,d0e198821b8c1794024d5cc9715ed8c6,2017-11-26
438d21eed7b8ea0654acee9b08bdd5ce,7d54c6e032a2da0620e9490cdadebdce,delivered,2018-02-20 09:32:20,2018-02-20 09:47:46,2018-02-22 00:43:44,2018-03-08 22:56:36,2018-03-15,ca586865f7759887b50a62112bafecb4,2018-02-20
82edaaa3e8d63b2f7442f3f2199e3803,87625e615967355b18866bfd41894377,delivered,2018-04-12 10:46:13,2018-04-13 12:55:33,2018-04-19 00:21:19,2018-04-25 16:22:56,2018-05-11,aa7d65c5fe2077f8939817d6e0b4f3da,2018-04-12
97245df7fc03d1c1a85b38b83676528c,5caa2cc38f5ac242eafd865a1bc9a658,delivered,2018-02-17 20:56:59,2018-02-17 21:10:31,2018-02-22 00:42:15,2018-03-07 13:51:20,2018-04-05,6098c6cb48a010ed129b5a6a8bab9299,2018-02-17
06cc09320698aa17c751e20ac00ba7af,ef4d6d380a0eb168ed742e0085a3f359,delivered,2018-01-05 16:18:53,2018-01-06 02:08:39,2018-01-08 15:07:17,2018-01-12 21:52:53,2018-01-30,071aedb3d3ef5ad55666a3838230d3e7,2018-01-05
bf2167abb407021a362558b6a9fe6bc3,f6c018413a69afd6bbcfa38e7b392dfd,delivered,2017-11-25 16:11:28,2017-11-25 16:18:27,2017-12-01 14:28:52,2017-12-19 17:38:41,2017-12-26,964751adbadc2423f8fc9d924239fffc,2017-11-25
ec6752845f9c553dcaeb40318b0df3ce,01a7b4df1b55e01c05863134a5e587be,delivered,2018-05-18 18:00:59,2018-05-18 18:19:27,2018-05-22 09:02:00,2018-05-23 20:38:24,2018-05-28,ebb8eccdc37e9f5778467582ad9a78c9,2018-05-18
c3d1e51f7136b5a8d3f075ddacc80b7a,96cf7781083280794f5f93fbf2054128,delivered,2017-05-28 16:39:33,2017-05-28 16:55:12,2017-05-30 08:24:05,2017-06-13 15:21:51,2017-06-21,25e70def2d31ee152799f307d538512d,2017-05-28
5958ed39b1c52e9a1f4a4cbfcfcc6506,ad7c772f08c612130e912d8055a3e636,delivered,2017-11-12 16:54:17,2017-11-12 17:07:01,2017-11-21 20:12:32,2017-11-23 19:44:58,2017-11-27,c3941f00544eb66f8a36472a2fcd00ef,2017-11-12
68581be5a169aa794008314a3f641b71,0f062dba700b575a63e42ca8229259b6,delivered,2018-06-29 15:02:45,2018-06-29 15:15:18,2018-07-03 15:52:00,2018-07-07 18:02:38,2018-07-30,e3512635b6be85e876e1deb7cccda78c,2018-06-29
6da0685c82e8535a05cf6b4e4eabc52e,e1d1dee29c972491405875c9e08cc86b,delivered,2018-06-02 21:58:31,2018-06-02 22:11:42,2018-06-04 13:49:00,2018-06-06 13:04:08,2018-07-18,a2eef70fc13f66d5a4369098f4ed280b,2018-06-02
7d01cf337c32eee6c03ebb4c19a7082f,85b41877fbf1c748f0b47229af39de4e,delivered,2017-12-05 19:57:06,2017-12-05 21:18:13,2017-12-12 17:51:58,2017-12-22 22:32:51,2017-12-28,aa55c11f178a9053dfb6ae304e5f785f,2017-12-05
d038483af80789e9de38f63310a82f9c,9be7121d4cf8f3e20e08d2b5366139df,delivered,2018-05-14 11:48:47,2018-05-15 19:36:17,2018-05-25 14:00:00,2018-06-08 15:21:58,2018-06-05,85a9596c8a64fd51d1d644b8e2607de6,2018-05-14
0dfb7076fde77db58fd962eb6bd91384,94315550b5efd479fdb0ab8fd36e8f73,delivered,2018-04-28 16:06:18,2018-04-28 16:30:21,2018-05-11 06:38:00,2018-05-15 21:46:32,2018-06-11,ef7200d5b0b899369c77c7407ec5502e,2018-04-28
adf0466a37381e1ad2d2e717a23f28db,cf961b2fa8aab707b6ecc18fb472adff,delivered,2017-12-11 18:37:59,2017-12-11 18:51:13,2017-12-12 22:43:21,2018-01-09 19:55:17,2018-01-09,b33ef69cc2695094da44ff68410a8f73,2017-12-11
4c5ac16a6ed40ba5691024e3b3cf94bb,109f8e37f86217d30fedda3c9f3f0f9f,delivered,2017-08-17 09:47:56,2017-08-18 02:35:31,2017-08-21 16:22:31,2017-08-22 16:00:27,2017-08-30,6091ee969ada86edaa4c8157a5ad5d3b,2017-08-17
3d9acad4fc9c38c213fea53a19562ecf,0b182c74e417ff5cb0beee59a395d861,delivered,2017-10-12 01:07:54,2017-10-14 03:36:07,2017-10-17 14:10:37,2017-10-31 21:49:45,2017-11-14,bd9375aa66702f69c819a09179c69429,2017-10-12
d23bc376aeb971eadf9129860f03c047,a9c72b55b1c016dee23e8aaa035e382d,delivered,2018-08-01 20:27:17,2018-08-01 23:03:52,2018-08-03 14:43:00,2018-08-11 16:30:48,2018-08-17,bfe14bfa136397036c4fd0cade75c68c,2018-08-01
945dd5fdb173f89e1e87a833291b468e,eadaeca94cdf0c4d48a937d43155953b,delivered,2018-02-27 21:07:07,2018-02-27 21:15:43,2018-03-01 14:44:42,2018-03-08 21:01:51,2018-03-19,8f701c9efe7079f425c94d34b0b533ce,2018-02-27
41c4b2ff8d7a24e95064ba2b122ec86a,f64b0019808be5fc86ed8d413d33ea3b,delivered,2018-02-12 00:46:37,2018-02-12 01:20:51,2018-02-14 20:33:24,2018-02-22 23:34:00,2018-03-13,f8871db62c0279e97c74c0a6e7602578,2018-02-12
02447024ad7cd72fab1af9b28bebb901,8c9abe2d8c6e95757ad580361d7541a5,delivered,2018-04-11 22:43:32,2018-04-11 22:50:24,2018-04-12 19:58:44,2018-04-13 20:12:17,2018-04-24,702aa0ece92d4c51247b7cc0daf27f6a,2018-04-11
23dd9b9b8eb4352e2905bf46a41e5ad2,0ccda8ca5a2e6382c05ca6321324c14b,delivered,2017-05-09 08:26:21,2017-05-09 08:35:16,2017-05-09 12:44:26,2017-05-11 12:52:54,2017-05-22,81332bd0a95775e25469d45e070b8e65,2017-05-09
61adad1a4c7270ba128c1b42a00dc513,47fd546b958abf99f25c4932e57596b0,delivered,2018-02-18 11:31:19,2018-02-18 12:30:25,2018-02-20 23:43:16,2018-02-28 18:42:31,2018-03-12,2e3f67cd87672cc4b0642aab116554e5,2018-02-18
988551bc1edc4b81a7e98af061a60228,4077a4b90d0e37836e10b76c8589298f,delivered,2017-09-29 16:07:24,2017-10-03 04:23:43,2017-10-04 14:19:12,2017-10-13 23:17:35,2017-10-25,2698870f22435757b8e4be883ee56dca,2017-09-29
6605d4026bc07926d30228dc4de3f89c,cce86266bfd092e3938fe969666f1534,delivered,2017-04-23 12:21:06,2017-04-23 12:30:23,2017-04-24 08:46:41,2017-05-11 13:04:49,2017-05-23,9ce4185d17f75a3b38eded0e2401ebd2,2017-04-23
72e596b33c9f3a4e002d73bd5d7c6cae,7fc561f7c9d3ae25888cce9daed1d9c9,delivered,2018-07-05 23:58:45,2018-07-06 00:11:23,2018-07-13 13:42:00,2018-07-21 11:49:24,2018-08-16,491b812c3d048808ea042dd0b07cf2b5,2018-07-05
553c468f68af19869694de8bcd095213,a784288cae94e14997ba26f7e39435f5,delivered,2018-05-02 00:29:24,2018-05-02 00:56:39,2018-05-03 14:47:00,2018-06-05 20:48:40,2018-06-06,c78db4a3f138ebc9ce5772aa324ef95b,2018-05-02
3f678ace108ecc7c2ffd70470390817b,7ca80fb4959fc6a8e996c4752387fcaf,delivered,2018-02-03 08:46:29,2018-02-06 05:31:52,2018-02-08 22:16:52,2018-02-14 20:48:51,2018-03-02,dfc6fbe8a82cd980a5cf8bd75a9edc8c,2018-02-03
a31cd1f2ccad0246f0517f09035a1d36,6d4a9a1eac41912724dfe020ea534d6b,delivered,2018-02-04 10:58:23,2018-02-04 11:10:26,2018-02-05 21:04:50,2018-02-14 21:09:19,2018-03-02,5c94e0b01f906cb783e1264f81ef00b2,2018-02-04
53f3cb0dcdecd62675e235186f24adcf,723ced66722a0ab2c90a51bae00c7c96,delivered,2017-11-19 19:33:09,2017-11-19 19:46:19,2017-11-30 15:45:22,2017-12-15 22:34:17,2017-12-01,83547ceb165bc4e20943f2a9d6f231d7,2017-11-19
de5a814b231c540ae5995a95a149551e,df02d129ebfbb0c82edd11e2a6001dcc,delivered,2017-11-24 01:56:27,2017-11-24 02:10:02,2017-11-25 12:07:53,2017-12-14 21:06:20,2017-12-26,3bf6a63c31087f3d9ca40b4639a9c68c,2017-11-24
056905f3e09ca68fc9ed4780498db866,18badabf25972a66874bea0871fb9dd6,delivered,2018-04-07 17:15:59,2018-04-08 17:10:20,2018-04-10 23:02:27,2018-04-17 23:24:32,2018-04-30,e561063af08281d25e01eee0979477ba,2018-04-07
4f940e976473a0facd3c6def01f9fc19,1034e43292e5dc5fe15729172cfb435e,delivered,2018-03-21 22:59:41,2018-03-21 23:10:29,2018-03-23 19:19:41,2018-04-06 18:51:42,2018-04-16,0085d749fc64f766ece1729464f8039a,2018-03-21
7b056b08bd6ecffcc044693543061ec5,4179f0f32ddf0566ae204816c4b1cb3b,delivered,2018-05-17 10:10:43,2018-05-17 22:08:35,2018-05-18 12:00:00,2018-06-04 21:32:29,2018-06-19,01b53609a2d3710857e22775bbf8ec0f,2018-05-17
50873e5a38f623898b8643d008bb6609,8584ea017286d27074784842fe9945f0,delivered,2018-06-13 00:47:20,2018-06-13 01:01:45,2018-06-14 12:37:00,2018-06-18 21:22:10,2018-07-24,37f5eb2778c29cf0559366f745ec4bb4,2018-06-13
53983db8677eb702d142238b8a1e8ebb,ea462ac018be4dcdfcf916373a1979df,delivered,2017-08-27 13:51:51,2017-08-27 14:04:39,2017-09-01 12:02:53,2017-09-11 22:05:54,2017-09-21,ed8e2b7893049cefa0a660172119ccff,2017-08-27
366446679f4ddbffb2d8934f1abef1f8,eb9e4ffb14ee9484e33031726c7ec185,delivered,2018-04-22 22:38:49,2018-04-24 18:25:34,2018-04-23 20:08:28,2018-04-30 18:52:22,2018-05-17,8637ac34deb9ac3edb1dd11e7680379e,2018-04-22
3794be706c3088573f54b492768e7689,67a2903f301a0840437ec01ee0e52d92,delivered,2018-08-06 17:19:01,2018-08-06 17:44:33,2018-08-17 14:48:00,2018-09-12 02:38:41,2018-08-28,8b3b343b297bb6838ffb9221d68b1a5f,2018-08-06
4baffd900565a4d95fde9d2057b95813,7a4987f0769f4540dccd1a3d7c6aec32,delivered,2017-11-14 20:23:45,2017-11-14 20:36:10,2017-11-17 16:52:18,2017-11-24 23:02:34,2017-12-07,5006b8b9d213d9e9bdba308daff79b83,2017-11-14
4e2dd9e20a1cd0b33cb72ff01b8872de,e9bd0214b78584c2b7819f1312b0bd0d,delivered,2017-12-03 13:15:07,2017-12-05 04:13:30,2017-12-05 22:45:33,2017-12-16 17:22:50,2018-01-02,dc08fd779fee2ab9ca23113c29c2fb3e,2017-12-03
6e584156fb694163bf7b2f005416589e,15b9ae31dc0100c5258609476904e5b2,delivered,2017-12-12 14:27:50,2017-12-12 14:49:16,2017-12-14 20:27:13,2017-12-22 14:10:11,2018-01-10,fb1e08ecf738e2081eae46c1378fce3c,2017-12-12
09df42b3e78625578555d3d48cd57be5,6da4f9a7ce1e9c0eb31e860f92c866f5,delivered,2017-05-14 12:30:01,2017-05-14 13:05:22,2017-05-18 12:32:33,2017-05-19 14:23:57,2017-05-24,4c3d123168c78dcca6cde5a7274430a5,2017-05-14
950d73734673943202a34946bb62db32,1ac612d46ac895dbe3666d3116b90a19,delivered,2017-12-14 10:37:19,2017-12-14 10:46:22,2017-12-14 18:53:15,2017-12-28 21:29:04,2018-01-10,fad995b311b9f03b1971fd74f3459c33,2017-12-14
b1e3487949a5a179250f5e81214578e6,9a63460fe86a248fb211087b0f9d6945,delivered,2017-12-26 19:10:48,2017-12-26 19:27:34,2017-12-27 23:43:48,2017-12-28 18:48:53,2018-01-16,2cc2e745d9e0162ee1bdae89bfa116f9,2017-12-26
38e68853613891ef987ac0772148218f,b541cb60861c5582c160394b419b0365,delivered,2018-06-12 18:30:22,2018-06-12 19:06:14,2018-06-15 15:55:00,2018-07-07 17:58:42,2018-07-03,9983c50a6bde8aa05f4e52979b0227c4,2018-06-12
f1450c491bd196d4089076234a1b5cae,963284c9d45bcbe8b9bf09773b58d1c8,delivered,2017-10-17 10:10:05,2017-10-17 10:28:04,2017-10-17 16:39:05,2017-10-27 21:22:59,2017-11-09,c2f7ac13c2e0937f956659002e5d5783,2017-10-17
cae3d9146c1c3fa6eabd01c19c1dd9f4,ddb3210d529059762180da43418dca11,delivered,2018-02-23 22:27:17,2018-02-23 22:47:05,2018-02-27 23:13:22,2018-03-06 18:52:05,2018-03-19,b83f14e183f25e0771ed116680199b4e,2018-02-23
6aec640ac5495838d57e1f3009f99898,dfdb6cbde08c4bc6b1508213ac4bdaf2,delivered,2018-05-05 12:52:47,2018-05-08 03:52:42,2018-05-08 14:20:00,2018-05-18 11:54:35,2018-06-01,ac96441d03840bb761ebe4116fb9f975,2018-05-05
1839c69dd9dbf835d82480c05964cbd4,b3792fdf98c0b1beb9a20639840d24cd,delivered,2017-12-27 17:48:18,2017-12-27 17:56:22,2018-01-02 18:17:08,2018-01-17 12:08:51,2018-01-22,811dd611ca033e22cdd9a4f8fe620500,2017-12-27
1161944e39519870ff70405caa44acce,f120a49df1e34b725049678847e68ab9,delivered,2017-02-20 13:50:49,2017-02-20 14:05:09,2017-03-13 07:47:50,2017-03-13 17:17:55,2017-04-04,4cb94dcf233ee32c15fefdfabd86b9f3,2017-02-20
acf5ccf66bf3f5feb826e01d3766e474,90c3213a1c1f5d4ee3f8e9c37678ba64,delivered,2018-08-14 18:20:17,2018-08-14 18:50:14,2018-08-15 14:59:00,2018-08-17 20:04:35,2018-08-17,884833b76575c308fcc6d414f7918585,2018-08-14
8facbc594dbaf8ad562c3e6cf196037e,9dfce679755956787ec12f175c771224,delivered,2017-12-17 23:31:33,2017-12-18 00:33:14,2017-12-18 20:03:10,2018-01-03 10:32:42,2018-01-12,0c5bd66b9fa0f5db54d2fec36d9ac532,2017-12-17
6413a8cd79f9720426fd12968b388228,315d30072434c1feda91ba8676b54a25,delivered,2018-06-25 10:38:46,2018-06-25 10:53:51,2018-06-29 12:27:00,2018-07-03 16:48:51,2018-07-31,22eecffbc2e4e56747eb329d96051962,2018-06-25
60d89454741d31c6c07226c6069864dd,72c264264a67e9f5aedf2ea52b8cbe65,delivered,2017-06-29 09:43:18,2017-06-29 09:55:20,2017-06-29 14:54:29,2017-07-01 11:37:54,2017-07-12,a1e8031f1de34884726a7f690823f1c6,2017-06-29
40a1c5c49a15e72aac742ee4ff8308b5,dfdeaadc8b16289da161229b0fea3ab9,delivered,2017-09-15 11:48:18,2017-09-15 12:05:08,2017-09-18 20:32:03,2017-09-29 20:47:43,2017-10-04,420d330a1d33f12aef4c0920a4abdc26,2017-09-15
be1339321b0b8d2b580979ffc3cbf745,c9728ad3d3c05c3e531d2cd775c2af4a,delivered,2017-10-26 22:27:40,2017-10-26 22:46:05,2017-10-27 20:42:39,2017-10-31 16:57:43,2017-11-17,e567c5030fe826039a3240c1424a5ab2,2017-10-26
219e223faa8b8622006bc6242a1bf011,cc8b201a869080136fa56a45891df083,delivered,2017-06-16 22:26:23,2017-06-16 22:35:12,2017-06-20 10:55:10,2017-06-28 12:10:08,2017-07-11,87e86a22d187f079061b620d263576bf,2017-06-16
6c758731c7ddb641e9d5ee253ea2b20b,d443cd81b14623e3184f1582f23ade6b,delivered,2018-02-20 20:27:49,2018-02-20 20:35:35,2018-02-21 19:54:56,2018-03-13 01:37:44,2018-04-03,0f75936e0dd48370f4bc9296c3d4ffef,2018-02-20
bb371b4b646a971170ed23d709f5065a,d3d9e53bc164dbd4447f9ac2b01c354d,delivered,2018-02-24 14:24:57,2018-02-24 14:35:35,2018-02-26 22:05:57,2018-03-02 01:13:30,2018-03-14,b595b61be49ee383d9916acd2a08a504,2018-02-24
01e7138289b75d9624b04dfe12379c1d,f396261ffae591f9905c76e28c3ac59b,delivered,2018-02-01 19:59:02,2018-02-01 20:14:01,2018-02-07 21:21:45,2018-02-20 18:03:47,2018-02-23,42d60475f8cf01c632ca7a63f9c5ffee,2018-02-01
a6130d43aa3328e4a7d78ac8f8029e81,e4faf561b80855c9514ead44dacdb679,delivered,2017-10-22 18:05:23,2017-10-22 18:14:35,2017-10-24 21:48:58,2017-10-31 17:48:47,2017-11-09,5e654fc67e630886e24c5e5e963b8ac3,2017-10-22
41e26896c2835821f7622124a8ebf047,5d19e4ad46b3ba65d54ae635288c391d,delivered,2017-07-15 19:41:38,2017-07-15 19:55:17,2017-07-18 19:03:26,2017-07-27 13:33:21,2017-08-11,d375c3a3a6bff030c08c6d4109b3f226,2017-07-15
b8cca6dbde564f578882fcbda8e6df2e,97bf27df42b5d813877367ec2092a0ce,delivered,2017-11-24 08:04:14,2017-11-25 03:51:50,2017-12-07 23:52:32,2017-12-23 13:26:56,2017-12-20,9b0601877ac4fa59dcd6ed4e71241dd1,2017-11-24
8760a79c661c65e8e42365e7a4c24d9b,cacc9f2f5d2c406a6e4a889346161d8c,delivered,2017-12-07 00:12:26,2017-12-08 02:54:34,2017-12-11 16:59:03,2017-12-21 21:43:17,2018-01-09,475e638b2b16d4b407b41ae324fc70bb,2017-12-07
9a0b2a68507680a6e151319e4b6e68f7,4c2c2a4401219b69cecc92106c149bd4,delivered,2018-05-26 16:05:31,2018-05-26 16:30:24,2018-05-28 15:36:00,2018-06-14 11:46:31,2018-07-13,d3b7b3c1e6a1e88e1d8f2d0131acf460,2018-05-26
91573a4598aedfc413fcb39e43d68768,319e5b18d03d185cabc10e2cf741c8cf,delivered,2017-04-29 13:05:14,2017-04-29 13:15:11,2017-05-02 09:34:40,2017-05-11 12:27:59,2017-05-25,a8effaa6aaa658144ce61d6d17d01849,2017-04-29
37b3c19afcde72dc4b44eab880361af8,b2db7a87bd4d7771be7e69f032e60e6d,delivered,2017-09-17 15:35:47,2017-09-17 16:20:16,2017-09-18 18:57:25,2017-10-08 14:12:31,2017-10-17,55352de540caad83ad9e09aca2a4dab3,2017-09-17
02df7a4137081ada2a06ac6e2bca6364,9eee19151f5de68f264d26aa58c990ee,delivered,2017-09-19 13:53:09,2017-09-19 14:10:38,2017-09-28 11:55:05,2017-10-03 21:13:16,2017-09-29,96aa1d85351c471e25d70c9bb0444cb3,2017-09-19
52666f83fd40e5b2c08e62dbff7eafe1,04195f8de16121e6ffce0022c0cf4cb9,delivered,2017-09-28 18:07:58,2017-09-28 18:25:08,2017-09-29 15:48:01,2017-10-10 20:33:52,2017-10-25,07c3c9207450ebdaa7e4e206e1b9e62b,2017-09-28
bf2e7a6b9cf62bcc5d4276e1fa90f9bc,e63a81aeb874228ba9b2eaab33d9fbc3,delivered,2017-08-18 13:01:45,2017-08-18 13:15:25,2017-08-22 18:09:20,2017-09-01 18:53:07,2017-09-12,a9875837de1c60c11cb549d09b2071b2,2017-08-18
1d80070bfe715fe0b628207297d72eaa,728c2eca7bcd0381f461f7567b5aa8b5,delivered,2017-11-02 16:29:37,2017-11-03 16:35:52,2017-11-06 22:58:34,2017-11-13 23:06:45,2017-11-29,ce8ca2507641be0b2928a3e72b9c57ca,2017-11-02
4c9765e8d244352198202cf29ffee005,5346a41559468a834967541242a1278e,delivered,2017-10-12 18:49:17,2017-10-13 18:56:16,2017-10-16 22:27:41,2017-10-27 19:33:00,2017-11-10,a59169a3afbcf3dd2c01d3edcdd7d024,2017-10-12
86a7cb5d6724e24612314e7a96b0b14a,ba1094995391ad2befd8a66830a2a48b,delivered,2018-08-19 14:12:37,2018-08-20 12:09:53,2018-08-21 15:14:00,2018-08-27 20:12:56,2018-09-14,fec6cfa0e73c8cf79e8506f24f706faf,2018-08-19
3164a0591e7349349b8f57437a76133a,4b1e20bda0003d900c4360a80836442a,delivered,2017-11-26 11:43:52,2017-11-26 11:55:41,2017-11-28 18:04:25,2017-12-01 17:38:44,2017-12-26,721cd98006f87bb6fb104f620fc0979c,2017-11-26
c8c984c9e6372f6680ea8945d09c589b,721a29f8fd580ecc0ffa77c1eb55c653,delivered,2018-03-14 10:17:09,2018-03-14 10:30:36,2018-03-14 22:41:35,2018-03-16 15:45:39,2018-03-26,5b2f6d16df47dae251b6808c945f9d54,2018-03-14
14946316e496ee502d12d8fae8ef7d75,b69034f0d8651a0414f4f52c07358331,delivered,2017-02-08 15:13:25,2017-02-08 15:22:57,2017-02-08 15:57:19,2017-02-13 09:14:38,2017-03-13,43c83f308a12cf3fb630c4efad0fa6cd,2017-02-08
772db764b3c3c25f4bbd8ff9d4f5847a,ad700f0b10f75db2096a35b1043a1d8c,delivered,2017-04-02 17:00:43,2017-04-03 09:10:15,2017-04-04 13:52:55,2017-04-18 14:52:30,2017-04-26,15d945f4ab4625c8d79ea7a3fd16ddc4,2017-04-02
33c6c0bb53e5f6b668bc9d9c2eba769f,e01307c6b8f2a3e562e1a650dedd48bc,delivered,2018-04-30 15:16:31,2018-05-01 02:10:51,2018-05-02 15:09:00,2018-05-08 19:03:15,2018-05-18,b6d69bfc85098024396a93aaf2d100db,2018-04-30
f0a85291bcfee7c068ecad1ed3a71f59,5495271a44749eb32d324db653d74184,delivered,2017-12-19 14:33:56,2017-12-19 15:54:28,2017-12-20 20:09:50,2018-01-08 21:35:36,2018-01-19,d38ad26f96fe7158be400696bca195d5,2017-12-19
5181bed0040bd00f63c9efd96c5527d0,1ab5214615eeda5da291e8131b710d9f,delivered,2018-06-07 18:51:29,2018-06-07 19:16:39,2018-06-08 15:44:00,2018-06-15 11:03:40,2018-07-11,e687689e66e9498c3b1903df8aa96866,2018-06-07
0c91b697f968a592811f9300675c6138,53ca038dcf2d8dfd5f49b2f8a5a0891f,delivered,2018-03-21 15:00:45,2018-03-21 15:15:50,2018-03-26 16:03:54,2018-04-06 17:44:32,2018-04-16,e577a8f036a8df8c07c6444187f110dc,2018-03-21
05ddf4cc62efcc6f34b8c693eaa2db01,b77ee5671feb9b6efce84cc804842024,delivered,2018-07-03 18:18:34,2018-07-05 16:26:57,2018-07-04 14:51:00,2018-07-09 16:34:28,2018-07-25,5c64fc047d4115cc4be24c9c0c9503c2,2018-07-03
1bd8f8e52f0aceea6da681748be400fb,5a47b78396bd952859530a5aebfea1e9,delivered,2018-02-13 15:01:46,2018-02-13 15:15:28,2018-02-15 19:22:21,2018-02-21 22:37:08,2018-03-16,64a037959373b05d00bc8b5f9d7515b7,2018-02-13
9e4732bc7d87af92e840a4427c41a5d9,22b28d7e0b56c8b79532c5799afd05ca,delivered,2018-05-22 12:30:01,2018-05-22 12:56:20,2018-05-23 12:33:00,2018-06-09 17:21:34,2018-06-18,b70ea7c5b322c1277bd6ecaf91d800f1,2018-05-22
f503bf4df121d79cc4907029e84dc441,0813bcd454657bb8511c54f0c95ca36a,delivered,2017-07-10 20:14:01,2017-07-12 02:24:25,2017-07-13 14:36:29,2017-07-18 17:53:35,2017-07-21,4b92d79a2c7ff2692db35ae984ceff1f,2017-07-10
a3b12c57a19ac7a13e56c2387b30054e,00b196cc59531c4dbba23e94fff01d6c,delivered,2017-10-27 19:15:26,2017-10-27 19:30:50,2017-11-08 22:38:56,2017-11-13 18:44:55,2017-12-01,b958f2e238f8179614d3cb86ad79c9a1,2017-10-27
55298973d17a0c1dfb2281ae969a65d8,e61b859a115436605a21c45e607fa6b7,delivered,2018-02-07 21:00:56,2018-02-09 10:11:48,2018-02-09 21:53:49,2018-02-15 21:22:08,2018-03-13,4de93895e4c385de095e271b71691f5c,2018-02-07
5bc26c6e994c1fd9edb9e324ff85dded,a93ba2ce55c9d1ec30a192c5afd535e2,delivered,2017-12-23 10:12:54,2017-12-23 10:28:34,2017-12-27 16:53:29,2018-01-04 12:52:40,2018-01-24,e6917a0b32367d6fa91cffb4c0faee07,2017-12-23
53a9eabccdba4f6107845a78004e5844,0310d00c34f22d5e4c71fbd87c98f16a,delivered,2017-12-18 12:59:12,2017-12-18 13:56:31,2017-12-19 17:55:31,2018-01-18 15:08:55,2018-01-22,4c096e282cd51cae8c2f4e6dbe41cc87,2017-12-18
156168da8a5dcb5224afcebe8b0a9c88,c0cadbfc48ec27d089138f4e1e479556,delivered,2017-12-16 22:40:07,2017-12-16 22:51:01,2017-12-18 17:22:09,2017-12-19 16:43:10,2018-01-05,9e3cac59332ea9fb653f78b4340d638c,2017-12-16
3a842b225282ff435d63bba66a7ca5e8,1ac4629c7cb3f6b3b3c24712aa77e276,delivered,2017-07-15 04:30:45,2017-07-15 04:50:09,2017-07-17 19:27:44,2017-07-23 13:03:34,2017-08-04,5120b43f3ecd157a44f14099186f09c3,2017-07-15
b6de9023a5c02974b26860e83d1643c2,c051437f9cea2ab19552eead2a350259,delivered,2017-12-07 13:19:30,2017-12-07 15:32:55,2017-12-15 19:15:00,2017-12-20 19:05:10,2018-01-03,cbd118f6007fa5a90aa7b664befce0b8,2017-12-07
ee34f36dac2c39b91cad39b9c8d74be2,42d4b94da5a468da7f1e703abfbbc7d8,delivered,2018-06-25 20:39:44,2018-06-25 20:57:38,2018-06-26 14:28:00,2018-06-29 21:41:40,2018-07-20,b841146f7ceb8b3359f958f5822a3c02,2018-06-25
a3a7ac8f07fa7b6b6d24e489a43b479d,5ce9ae3923690dd36249c49da1d264a6,delivered,2017-04-03 17:36:49,2017-04-03 17:50:18,2017-04-05 09:43:01,2017-05-10 12:57:47,2017-05-05,a783997c6d6e57782d4d2dcbc5c9edaf,2017-04-03
9ea646a381c6b15daefcacd20f9b89fa,c82490ee32b5cc7dce034641ac400244,delivered,2018-01-06 23:13:06,2018-01-06 23:27:08,2018-01-10 16:48:28,2018-01-12 00:37:16,2018-01-26,613262bab2c6cdc4c02b53fd5b284244,2018-01-06
5a8a7f4c51588126be426fa3d099b828,934988550c367cd0b058b47ae1b3d0de,delivered,2018-05-16 18:22:05,2018-05-16 18:41:54,2018-05-21 14:17:00,2018-06-04 14:05:15,2018-06-08,314f4fa23e0008664d19f6058bcdc275,2018-05-16
6f8a410f9542c68dbb680d2aa47b6d14,eb52f5dacff0959d0f040bb37943d821,delivered,2018-04-30 08:16:55,2018-05-01 06:15:14,2018-05-03 06:31:00,2018-05-08 15:26:25,2018-05-18,f59f8f274e9eea9a4c3251c95a47e1ca,2018-04-30
e78088a3b62d70382758f12a326a8503,e8eea2984a4778e4ab5f3769893fba81,delivered,2017-09-25 13:40:42,2017-09-26 08:49:30,2017-09-26 14:33:25,2017-10-02 19:29:47,2017-10-30,ada67b3ed949902cbd2d3598115d7cb9,2017-09-25
be24f704e21aba5290a31f80a3a55aa6,d10cb7bec703bf9d92542c6a68b6c8b5,delivered,2018-02-28 08:17:59,2018-02-28 08:30:23,2018-02-28 20:17:52,2018-03-01 21:49:27,2018-03-13,3ead509e5493be32f2055acf8c155653,2018-02-28
1facf0f943e2e863012876581d779f16,725d1fd5d4a73c89ec3b335a0cfe825a,delivered,2017-07-04 18:59:13,2017-07-06 03:25:52,2017-07-07 20:32:43,2017-07-12 17:28:02,2017-07-28,1fbe4120c3f85b23463f637223a3003e,2017-07-04
11d2a4111b0de56991e1ccbeaf4eb0e8,07436d5d1e7122889991218e3e297c27,delivered,2017-03-08 17:14:18,2017-03-08 17:14:18,2017-03-09 10:21:30,2017-03-21 10:32:46,2017-03-31,7e6d80de9f643556c0ef48a8bba5e830,2017-03-08
45e12e19713820e099be97aaeb65b4d4,e682692f67c05b1336ff42f0df2e77a7,delivered,2017-10-15 11:17:35,2017-10-15 11:28:16,2017-10-20 11:22:31,2017-11-03 22:38:06,2017-11-10,8b2fe649f100be84116cff35beec5094,2017-10-15
03b0f1587efe1abafd2dfd0e900b1eb2,32367359f4253fe54dcf1ec1b4a2273f,delivered,2018-06-03 15:09:10,2018-06-03 15:30:16,2018-06-04 18:11:00,2018-06-15 19:31:38,2018-07-18,05d9b1eceefe1ded15739bf5091de7b0,2018-06-03
133d08a542c28f4400480b9483517c32,81341fe38e3655b59db49c85c8d23d5b,delivered,2018-07-21 22:54:08,2018-07-26 23:31:55,2018-07-23 11:47:00,2018-08-07 14:45:31,2018-08-16,89399f55afb7214d1d151832f9b1d916,2018-07-21
1ddb535efd93e4ceeb5b311eba6bf1b7,8ac1e0b199320f8019b466d9ac6f2a95,delivered,2018-03-16 10:00:36,2018-03-17 02:35:33,2018-03-19 19:28:41,2018-03-29 23:34:40,2018-04-09,8dfa4b7004e4e9f1c9a5349f50dedaf0,2018-03-16
5a5cbced9c57dbafd90dd9b04594b2d7,868a6893007668f7b4b5b545d16d4726,delivered,2018-08-01 09:34:28,2018-08-01 10:04:26,2018-08-03 10:28:00,2018-08-08 18:54:34,2018-08-16,7cca7a0f41853e81cac7f579d77e9b43,2018-08-01
d53a5c7f5b9c8a011c50a20c35cf7e9a,a68cca3e13345a014297f2aad3671c18,delivered,2017-05-12 14:09:13,2017-05-12 15:10:13,2017-05-17 14:06:56,2017-05-22 09:33:53,2017-05-30,db152b291a5d0a8943c973cc26945111,2017-05-12
6f3bcb56b24abe9303122deb9ab78295,175e7271f89704b7a7743cc2f679d78b,delivered,2017-05-28 21:10:48,2017-05-28 21:25:09,2017-05-29 12:42:37,2017-06-07 13:44:25,2017-06-26,1e6ed9bd2eefb091a43b488f803f5a7c,2017-05-28
b68feda578fe41870ba7a14082ce03fa,5fce67dca9a87b02a48c4c507abb355b,delivered,2017-03-31 07:18:02,2017-03-31 07:30:07,2017-04-03 14:43:12,2017-04-06 14:42:47,2017-04-26,d50da5d9949a8e29e6fdbfd6e50ed2fd,2017-03-31
4aac204400464cdc3239fecb78095120,47e75ad90536748c1419a97d68ec4229,delivered,2017-12-08 16:36:25,2017-12-08 16:50:49,2017-12-11 22:11:40,2017-12-20 16:17:33,2018-01-03,47c7f4b765a56e03efbc18400bc90d14,2017-12-08
6b0bd2c2e59c7fb169874fbfeed4441a,8686c6f115aa4dddff8011037eea983c,delivered,2017-12-08 16:39:39,2017-12-08 16:53:25,2017-12-11 22:53:06,2017-12-15 22:47:43,2018-01-03,72ca6d1721d10c690469c78caac5fbd9,2017-12-08
34b426d7bae7fa280beff9a3cda190da,9694eb57fcab7bd8fbbf7a174c9c0913,delivered,2018-06-20 22:51:39,2018-06-21 01:38:46,2018-06-21 17:17:00,2018-06-29 18:54:44,2018-07-26,d5a1fe6e2423a6bed0629ed1e6ede746,2018-06-20
d3308b06bdecff9a1d9e67f39d0039e7,88f1f681f57a72012fea8ef1118d2b26,delivered,2017-09-04 14:23:49,2017-09-04 14:43:47,2017-09-05 17:10:21,2017-09-16 13:05:48,2017-09-25,4ecbde5c83cc9a2fa45759f7fc025923,2017-09-04
bd5b7e9241d5281b1d7e865b489d6ddd,1c74c355e4c0a69abc509b60421941c1,delivered,2017-12-21 14:36:19,2017-12-21 14:52:15,2017-12-27 19:10:09,2018-01-04 13:40:16,2018-01-10,1ded17f7dc5c18192c538166041d59eb,2017-12-21
5f75a0f53851659ccb7688c7ec228d99,6ddaa55f55b803126109ea0246790bbd,delivered,2017-05-07 11:24:29,2017-05-07 11:35:10,2017-05-09 10:13:29,2017-05-23 11:04:49,2017-06-02,bc6320c6090c35fe28647c1aa9f44ade,2017-05-07
db8894cfe8c406ce3a455d57f9c38f3f,a9ad270c13a3ce68bd61705c3d95f99b,delivered,2018-04-24 17:34:08,2018-04-26 03:51:48,2018-04-27 14:26:00,2018-05-03 01:39:46,2018-05-08,16fac3386f131f6054bc6a7640a9d91a,2018-04-24
017dcb6892d4469a13dee34f241f8c4e,a29627c042ea26f7340db61ff04fbfc5,delivered,2017-11-12 20:17:40,2017-11-12 20:35:56,2017-11-14 16:35:17,2017-11-22 17:33:05,2017-11-27,747f419f11717e7a52d1175315a2365b,2017-11-12
86d6fa41b6c66125efbca077e4eb2d6b,7a07803f009e64b708ee52cec0808f85,delivered,2018-03-14 10:22:03,2018-03-14 11:00:36,2018-03-14 20:31:51,2018-03-29 17:42:42,2018-04-02,94e0b2ea601b6e5a2a18ab476a20de8b,2018-03-14
070c8ff950e077ba4948ef4db4733b74,78b25e360d8d5b6ec68c6bb392e90c48,delivered,2018-03-30 12:57:00,2018-03-30 13:10:11,2018-04-02 23:11:13,2018-04-11 18:58:23,2018-04-23,d4fcfd610357d92c0137c5488038e6de,2018-03-30
a3725dfe487d359b5be08cac48b64ec5,d22f25a9fadfb1abbc2e29395b1239f4,delivered,2018-05-12 12:28:58,2018-05-12 15:41:58,2018-05-14 14:25:00,2018-06-01 15:18:45,2018-06-05,5419a7c9b86a43d8140e2939cd2c2f7e,2018-05-12
2da6634703a5d34c99536f58334e9700,760640cf7e70b20bfa629430e7ebdff7,delivered,2017-07-14 00:00:34,2017-07-14 00:55:14,2017-07-18 16:03:10,2017-07-20 18:55:02,2017-07-31,7ae0f5f71307ed69612f918e13670d66,2017-07-14
bfb50f94da6d285b05b43043e97507be,57f6f5c93d7539325e2dc331531db4a3,delivered,2018-03-06 14:31:23,2018-03-06 15:15:40,2018-03-07 18:43:07,2018-03-20 20:07:39,2018-03-27,7fa29a33be80d8411d8e0ee07cb70e46,2018-03-06
8ee667e6f4ac4034b939b09c26f1ce2e,02f3bf54b6d382c1726e1c8f1b8f9a9a,delivered,2017-11-13 10:23:44,2017-11-13 10:35:25,2017-11-14 15:56:28,2017-11-28 16:36:01,2017-12-14,97c6ed7adfd133a0331811f8ec165fea,2017-11-13
c2f6a6b9aadff1a114b5d17ead982d24,c186409957e66d30547e91eba37122dd,delivered,2018-07-13 21:01:23,2018-07-13 21:10:19,2018-07-16 14:53:00,2018-07-20 21:06:30,2018-07-30,b8d1ca368e980cbaea19156c5a5cc4be,2018-07-13
56c87d433bb46c7862e35e791b1907fa,8ec269bbb4cd0dc50384536a8b77c7f5,delivered,2018-04-26 03:55:33,2018-04-27 03:35:22,2018-04-27 11:59:00,2018-05-03 21:23:56,2018-05-15,dbd4bf1e754d13e6fb5824e0921579d3,2018-04-26
a79bd7af35a4fffee2b23fded963b4ea,520ac67588ffaaf2c60691f72b4a7dcc,delivered,2017-04-21 20:16:02,2017-04-21 20:25:22,2017-04-28 14:29:17,2017-05-08 10:17:42,2017-05-17,d931428aff71cf37ebd00c5808ea9aba,2017-04-21
a6b4a07846eeb32164672a9299ab8aa3,0b280cd2ad379473688c1be86b9056e7,delivered,2018-03-24 12:08:11,2018-03-24 12:27:29,2018-03-31 14:32:06,2018-04-07 01:08:21,2018-04-12,cbd059178a127dc1fe0171c00e743630,2018-03-24
4795545b89143ebe101963b017599aae,154efa2b11fd0b55befb35a1e65b433a,delivered,2017-11-28 19:51:40,2017-11-29 09:39:09,2017-12-06 12:22:37,2017-12-21 14:21:33,2017-12-18,36bf34be1247a33988a1510f255f6917,2017-11-28
fe49401155e0ef1f8ff4e1fa13ebb38b,06248334dd53daa8b7aed74c27c6186d,delivered,2018-05-14 15:38:31,2018-05-14 15:56:46,2018-05-15 14:24:00,2018-05-21 18:14:44,2018-06-07,c96f5b413d24be67b098846784c2fc60,2018-05-14
e4612c20fad84db70d164d5278c01d4d,b04337a5939fac7b5a29dc741c51e8de,delivered,2017-05-08 09:28:32,2017-05-08 09:42:20,2017-05-09 08:05:59,2017-05-23 09:22:19,2017-06-08,069257bdd5fbd8d850bea16dc7b15b37,2017-05-08
3b7e01e07d261a60f7d985ce537c8f4a,515c155f5703d4d4197c73bd27e986b1,delivered,2017-04-01 16:35:02,2017-04-01 16:45:22,2017-04-05 13:24:33,2017-05-09 16:05:10,2017-05-09,df9f0597885f6b03f08f63aaf6045d06,2017-04-01
19c1376b2449385d598bc89c73cdf380,48c3e8e784086fd4b26b9929625373d6,delivered,2017-09-13 23:09:04,2017-09-13 23:24:25,2017-09-14 21:47:48,2017-09-21 22:17:52,2017-10-02,1abc36c4380241b8d24c8191195fdcd7,2017-09-13
0ff01ca1108c8fea3d74a51ee283841e,143714b5db067ae9c9e2bb399b49e4ad,delivered,2018-03-07 17:22:45,2018-03-08 02:29:22,2018-03-12 20:46:26,2018-04-02 18:19:09,2018-04-02,bca0b12ed584317fe29ff38a29ca03a0,2018-03-07
f80bab3b47910373b5d3a4a4963192e6,989724cede76316391eb5c650b59938f,delivered,2018-04-23 21:14:21,2018-04-25 03:30:49,2018-04-25 15:01:00,2018-04-30 23:36:55,2018-05-16,233c840c445cd4e456c321b452977185,2018-04-23
bcefb2f90509c4f4fffc20527ebd3cb1,82358934501f09788dcec9c2b01f86c7,delivered,2018-07-14 15:02:12,2018-07-15 14:55:13,2018-07-18 16:23:00,2018-07-23 22:55:36,2018-08-14,19704eee8b6ba823b610af0f5cfe6dde,2018-07-14
42aaabf39b810fa0a3390fe791dbb880,11259004e69dac0f64c28698b2e702d3,delivered,2017-03-17 14:22:50,2017-03-17 14:22:50,2017-03-22 10:20:38,2017-03-31 11:47:39,2017-04-07,4ed16134a4f12d79e401be023468cbe1,2017-03-17
f3c1bb83e5aa29985d32f94e0434479d,189aacfabaaf9aaea8102a7f1af153b6,delivered,2018-06-11 23:13:13,2018-06-13 02:37:04,2018-06-13 16:28:00,2018-06-19 00:06:39,2018-06-29,2dea5929f670f70325d2c0fae6c2d0ac,2018-06-11
a02f84215d0352b46e21cd5c8bba24f8,c1c4cfd2b0bb3a80402b5daa79cec6cf,delivered,2017-06-01 06:29:44,2017-06-01 06:42:41,2017-06-01 13:06:43,2017-06-08 14:19:57,2017-06-26,1112f01b6a24959286f51205eca56435,2017-06-01
359004e77a67a2978e6809894f996c98,56bf63741e4317625e7e63d5bc79872d,delivered,2017-08-18 01:36:03,2017-08-19 02:15:57,2017-08-21 17:20:05,2017-08-23 17:18:02,2017-09-13,aee1e14d4afc7099dbc04b7096f76b20,2017-08-18
7373cc59f443c966a0428191344c6c4d,5715e4dd9b8bfeddafcee809661affb6,delivered,2017-11-18 12:21:51,2017-11-18 12:35:53,2017-11-22 21:24:33,2017-11-23 21:04:45,2017-12-01,bd5e63976f63b68a4b26160383bceeea,2017-11-18
3dd3d454c46d40fc27a3101c19477734,63911312cff4a0c076069e8b097c8d65,delivered,2018-07-14 13:29:51,2018-07-14 13:44:00,2018-07-17 08:52:00,2018-07-23 22:38:39,2018-08-01,710654a61c95e7efea62c01655536dfa,2018-07-14
62c054e7296e562b344c8392de0bf58b,5653eb3360ac329f6c2b7eb91fb8d776,delivered,2018-03-15 16:35:52,2018-03-15 16:49:07,2018-03-16 23:20:22,2018-03-19 21:53:59,2018-03-27,b1b07cdb9a53be2cc167513531cd092f,2018-03-15
bbac13f5b68d5b86c46f0a89a014b5e5,51e10aa40395951c6350f93ea1aa20f8,delivered,2018-08-05 09:52:46,2018-08-05 10:25:07,2018-08-06 14:43:00,2018-08-17 17:58:48,2018-08-29,df60c28451a08e1fd71150b3d004a535,2018-08-05
6f80ee94265381ae8310f1c44afd1a52,eef10f8b0d543ff05f8da03d926c8341,delivered,2017-08-24 17:53:32,2017-08-25 03:04:13,2017-08-25 15:20:42,2017-09-04 19:14:21,2017-09-18,53a3a26f2d4af91bfce4b4fcbb6f1ff6,2017-08-24
c9155925aa573a017151d593ee25f976,c8123bc552de0c29afe117c6911d7fd1,delivered,2017-08-24 10:36:11,2017-08-26 02:15:24,2017-08-28 20:33:53,2017-09-05 21:57:31,2017-09-20,6aa175d55d2d5993c022b42b0b352f10,2017-08-24
1656551f139b288763e626d0191fb3e4,a2060693f26d98db4b514d12339daad0,delivered,2017-04-13 07:53:05,2017-04-13 08:02:15,2017-04-13 08:37:44,2017-04-19 13:14:25,2017-05-05,69f1b162e4c3fd2196a47e4f4ddf5729,2017-04-13
886b114d034f4ac1d39d964c1b2a8182,cfc025a164a95cd7206415925d71021b,delivered,2017-04-01 15:44:55,2017-04-02 15:55:26,2017-04-06 14:27:53,2017-04-14 00:36:05,2017-04-26,ee10b948f421cd32fab5283f814d0b78,2017-04-01
75eea5833d9dc1ff4712cf962417ce1a,ac45d9f7d22771f974f9f713285cf06e,delivered,2018-06-16 14:01:39,2018-06-16 14:17:59,2018-06-18 14:45:00,2018-07-11 20:08:43,2018-08-06,a37b2223032f618b3cb1fb9ed7a8ff33,2018-06-16
86ea637df14082deeadd7600d8c3ca98,38c5ad2946f9337bf423f1ac342822e1,delivered,2018-07-24 20:29:31,2018-07-24 20:44:19,2018-07-25 13:07:00,2018-07-28 12:13:03,2018-08-07,a6f4f84993467e946f8e1e4f3ee69fbf,2018-07-24
dbe7501db7b1a43b25c86915eaff1112,64bd17035b8606fc6f536bf2f1ce7cf3,delivered,2018-07-16 18:59:22,2018-07-16 19:10:15,2018-07-20 14:42:00,2018-07-25 22:18:36,2018-08-02,d7de5586c7e33a1a5ba68e9c1d336b8a,2018-07-16
c942c43e79ea8433aaa067e3c8f0fb75,3f3c653d87141f50a30e6818c98baf67,delivered,2018-03-15 09:59:00,2018-03-15 10:10:26,2018-03-20 12:57:32,2018-04-06 18:27:29,2018-04-13,b77af26e13c3ecc029a178fa509f003f,2018-03-15
c14317bde925bb399cb2a3cf8b07854b,82ed6b4e284f86a7dd79ac7fdc786fb6,delivered,2017-04-07 18:02:10,2017-04-07 18:10:22,2017-04-13 12:16:42,2017-04-18 13:28:35,2017-05-08,cadd879f0bbeaca56a101b459a8b92a3,2017-04-07
06ffc260a153bba52d82a18f91e8f760,4d89aa17cabb9666287aeec3288d07fb,delivered,2018-01-16 08:57:33,2018-01-17 08:51:28,2018-01-17 21:58:08,2018-01-24 01:03:37,2018-02-08,8afd9492240f9348cea2de4655c34011,2018-01-16
ec24ea9acb22b2520d36d72a75eab525,b69900109b655d75785e8e233495b472,shipped,2017-09-29 22:44:21,2017-09-29 22:56:40,2017-10-03 14:24:07,,2017-10-26,5ace05247b6926d3e595ac4de6620b1d,2017-09-29
530cafa371466af70192849099f48cd5,f19cfbd63ec9e260c89eaa4c2f732165,delivered,2018-06-01 19:50:29,2018-06-05 04:31:04,2018-06-07 09:07:00,2018-06-08 14:02:30,2018-06-26,5d8cc6cb2ca52a05e8130e69edc35e71,2018-06-01
60d5d73a6b8e2e26aa2fc8c499fb3126,15a63416738533f8423bba238ed2895f,delivered,2017-11-21 18:50:10,2017-11-23 02:39:25,2017-11-27 18:59:49,2017-12-05 20:07:55,2017-12-11,c5dc29ce1c42fd1d2205d22906beaf37,2017-11-21
da32fa81177a5a6ac35177b05714742d,aef4cc2639ecfc04d881dd687ed3ec1a,delivered,2017-06-12 21:48:33,2017-06-14 02:25:41,2017-06-14 09:30:55,2017-06-22 15:24:20,2017-07-07,0059acd36094bf670ec8b21be6c0044c,2017-06-12
7ee39ad7cefae28934df87c631928f88,78d740f9f001c40e69d12fe4cda78082,delivered,2017-11-28 14:17:39,2017-11-28 14:30:39,2017-11-28 22:53:01,2018-01-29 19:45:21,2017-12-27,ebf606106fe1b021d4d0c528e210870c,2017-11-28
5b666d7076734a6485176d2f3255804d,87f0ec364663b17030ed5182e814adc2,delivered,2018-02-18 19:20:46,2018-02-18 19:35:20,2018-02-19 19:59:14,2018-02-26 13:37:49,2018-03-14,63669b3731dcc014feec668c3d888aa0,2018-02-18
e895bb1a02c9624c774e8d314d4ad0f7,a8e3857f8dd7398eb95a411a4a6ab148,delivered,2018-06-25 22:17:40,2018-06-26 22:27:30,2018-06-27 11:31:00,2018-07-03 16:52:05,2018-07-12,8517e2c5ace53a0e3d4667489276306b,2018-06-25
f10771b6b65c8933def79ca89bf14973,2568c831124db9538722e8f9dc29aecd,delivered,2017-11-29 10:04:30,2017-11-29 10:18:35,2017-11-29 22:51:40,2017-12-08 17:57:13,2017-12-21,1444272aede9ae28cdb859d2d3941fb9,2017-11-29
26748c2a309fe92bbe436c13ff82ff36,35f70c052536b3da1eae952fb8e034fd,delivered,2018-03-18 10:42:50,2018-03-18 11:08:33,2018-03-22 16:06:40,2018-03-23 11:51:45,2018-03-29,4f7194f671dda7bee7395a197df8a613,2018-03-18
ee8b2d168886de97bcaf86366cf3e2b0,60a8ec72dfc2c7c51c5983496cad1dba,delivered,2018-06-04 09:42:23,2018-06-04 09:51:37,2018-06-04 13:20:00,2018-06-05 18:42:32,2018-06-20,99ea24bd850ccb5e64c2200d92d71484,2018-06-04
188c1ef63c6dd2e06120da3ca750e86c,70ff49e52ebaa8716e656957b23cec33,delivered,2017-09-29 10:07:19,2017-09-29 10:28:37,2017-10-02 17:15:56,2017-10-10 18:42:41,2017-10-25,55c9c33a35951c830b7025a819db5950,2017-09-29
38f774e2c34f2f57819fda4fe0de9d56,7198ed558f9d18a996669a02d20fa9d8,delivered,2018-07-30 09:35:23,2018-07-30 09:50:16,2018-07-30 15:34:00,2018-08-03 20:43:05,2018-08-07,2778fb68c2c1a27d25dc51be36a64789,2018-07-30
97bcc96998b24fe6ee7cec4ae04001df,2ed91b89dc143b6e37e3adbec2c52fb8,delivered,2017-05-16 17:58:04,2017-05-16 18:05:21,2017-05-17 14:25:43,2017-05-22 15:25:44,2017-06-07,bb9fddd85d9e155939f6ec13193d713f,2017-05-16
c44846c315b0c3428e0a660bdda4fb7c,fd03d461d47cf24785f5e7ee7a1c9708,delivered,2018-04-13 14:32:35,2018-04-13 14:51:16,2018-04-16 20:03:30,2018-04-19 20:26:30,2018-05-16,161009f7d03bf7b838c66179b0c34872,2018-04-13
a1074f1de8cb7cb5f4ce95be13541ac0,3c47d4719df5c69ac15d62f9867019e9,delivered,2017-05-02 10:41:46,2017-05-04 02:50:47,2017-05-09 08:36:29,2017-05-15 10:52:06,2017-05-26,2be18b9901b96832f3fb5fbb9a962860,2017-05-02
f7540aab098d4ad144b44ab17f44fa63,ff4e6e0da805f085c05327c77738f7cd,delivered,2018-03-18 13:02:19,2018-03-18 13:15:29,2018-03-20 18:05:22,2018-04-11 17:38:52,2018-04-10,ee85e754a2564a0e5ead5d2e06fb93f6,2018-03-18
76b25bee64215dc674a3715b71322c86,43b3c8f820df2026770022a559063a4b,delivered,2017-10-01 10:13:33,2017-10-01 10:24:09,2017-10-02 21:07:05,2017-10-06 22:59:53,2017-10-26,8742226ba122b6bb2e450e6691441fe5,2017-10-01
1286029258c6e6c886f266c096f92db5,bf60dc791a8bfc1b3e470f024d2789a0,delivered,2018-04-09 13:11:55,2018-04-09 13:29:45,2018-04-10 18:27:00,2018-04-11 18:46:31,2018-04-25,906b805c71fc0686d4504b9be35e4ac9,2018-04-09
4a0f0a7c16096033ba5a3ca364bed42e,5ab29c6a0eb0df3b9b0bda45674f9e19,delivered,2018-02-18 14:11:41,2018-02-20 07:10:52,2018-02-20 20:08:48,2018-03-03 15:52:43,2018-03-19,423fbcfb53c72feb1035cd7790c73fe6,2018-02-18
30f3a786f4600561beb44b9e2f3e727b,a32e9c8f717ff0098cb8f36ac6ba6362,delivered,2017-12-21 23:30:00,2017-12-21 23:38:21,2017-12-27 00:13:49,2017-12-29 16:38:55,2018-01-23,225f33b719e0dffa058cf6485e08fecc,2017-12-21
3668ab500cf3bd43c55190cd48dc1925,10f0ae1044b58b20c83aaa1a6fdb9e1d,delivered,2017-08-21 21:29:45,2017-08-21 21:45:43,2017-08-23 20:25:19,2017-09-01 18:28:45,2017-09-19,f9165be8a411384aab9f945394418a0c,2017-08-21
a9f77c0325604197d9a0048d0dcad33f,8d64a96ac05f9ea593b461f9e461c016,delivered,2018-07-24 16:50:04,2018-07-26 03:05:07,2018-07-26 15:10:00,2018-08-01 13:24:54,2018-08-13,ef4cc585e97f73505a50eb3884741edd,2018-07-24
879dd3373c7f9f0412d2ee301cdadbdb,897bc7880413bc27e5cfd8dfaf16e792,delivered,2018-07-18 18:52:47,2018-07-18 19:02:58,2018-07-20 10:01:00,2018-07-26 14:38:36,2018-08-06,7ed520ead2168815edd8435527f90b8a,2018-07-18
b7736986a062d9a733ac210a459f0dbc,53d5a29fdaeddd7a8c0be5cc638922ac,delivered,2017-09-22 09:18:51,2017-09-22 09:30:15,2017-10-14 14:43:33,2017-10-19 20:29:36,2017-10-20,7965830b124e91a64fa6b8d68ee55470,2017-09-22
75fa09943ed7e7f7312cc5ba5116feef,548cc51ddb01cbd670ef6a67e3738d48,delivered,2018-02-21 16:04:31,2018-02-22 02:10:41,2018-02-22 19:13:24,2018-03-08 16:29:44,2018-03-21,243b0a2d68924326c00c2e6456f81272,2018-02-21
df6d8b7768a047c2981bae0a24afbb01,2da8c3c9c24c362231c8724105c23404,delivered,2017-04-04 10:46:22,2017-04-04 10:55:24,2017-04-05 15:24:20,2017-09-19 15:08:19,2017-05-10,83a187df538ac982896968512093a175,2017-04-04
a607d901010a9e02c14000b08e15cfe3,9f9ed93e52635d33163beb4ad932fc1b,delivered,2018-05-04 15:05:48,2018-05-04 15:15:25,2018-05-07 11:42:00,2018-05-11 17:03:03,2018-06-07,1700a92d6024d09dbf21b5632612f65c,2018-05-04
625b3ac41fea45dbd5aaa02d0941ee59,4f3e4e67565f7302194622e4a3a21365,delivered,2017-01-26 10:58:56,2017-01-26 11:10:28,2017-01-27 11:49:01,2017-02-13 15:24:40,2017-03-06,1beb7538ce743db62750b0f52a698864,2017-01-26
ce74c5a481b64dd9d76c6c766d5dc72b,b060b1e992e1ea3ef15a32f3d35a8bfa,delivered,2018-03-11 20:57:26,2018-03-13 03:50:34,2018-03-14 20:38:43,2018-04-15 17:03:25,2018-04-05,5947d01f7fb21fbd6ecc68b833b65472,2018-03-11
403faf66b2b69a6aedd65d14dd5fdc40,77f8083926fc5c88a718f8a49a6f1f2f,delivered,2018-03-13 11:34:55,2018-03-13 12:28:17,2018-03-15 23:41:24,2018-03-23 02:43:27,2018-04-05,26f141c69d3a2c12a6e7c503f8aa4ece,2018-03-13
c37564a174d094e685810303fd46b582,c90a8bc2bffa9389ee8c5246cb9a5f7b,invoiced,2017-04-24 17:15:49,2017-04-29 23:33:09,,,2017-05-26,1ce5ea22362a448f831947d9f0d0ce07,2017-04-24
a1118187790ace007bd83fc3ac113a3d,38ae69e357c299dba49b0f13f2333f84,delivered,2017-12-02 16:26:26,2017-12-02 16:37:17,2017-12-05 03:10:52,2017-12-06 17:41:39,2017-12-20,af643c89c99d58e5c15990f62a320f02,2017-12-02
43aeddd1834ad7f991a3653e797d7132,47328fd43124ef373859bd187f731bd4,delivered,2018-03-08 16:00:20,2018-03-09 02:31:27,2018-03-14 01:28:26,2018-04-18 18:04:22,2018-03-27,e897f5b0c6b6095ff3a3ca13ef5c36ff,2018-03-08
ecab0ef57dde393108e5c0821c684f70,4dc1c501d1281c6c1ed10aa74599fb5f,delivered,2017-08-22 13:11:41,2017-08-23 02:56:17,2017-08-23 19:03:52,2017-09-09 14:52:23,2017-09-22,1e7f58782e6b349b998f081f41c7dd09,2017-08-22
0f28dea25f498acb1ab8d7f947c2ceaf,0a99af6e6eaf8487f52d2d02212ff2aa,delivered,2017-06-19 09:57:49,2017-06-21 11:50:16,2017-06-29 15:36:02,2017-07-05 18:26:41,2017-07-25,b67c986980cc181b140d2334e3ec4150,2017-06-19
22def07395185c22de97ddf37643037e,25c2b44f44746346e8df6fbd7ca25540,delivered,2018-05-11 15:48:36,2018-05-11 16:18:25,2018-05-14 13:21:00,2018-05-18 19:32:30,2018-05-29,ff76aafa376f62ec87f99df89482afb8,2018-05-11
ff2b99df83d1c413829f65efca33da17,0af90dc6248673cdc112c7ce66a7372c,delivered,2018-08-24 20:20:06,2018-08-24 20:30:18,2018-08-27 19:03:00,2018-08-28 17:32:20,2018-08-31,64510e766d989ff92d22b0b2c2c04884,2018-08-24
5fdb25268d3028c4872e585c474d0f9f,f38dd3e88ed9b5289eb7cb9271a7b240,delivered,2018-02-10 13:46:58,2018-02-10 14:10:36,2018-02-15 18:51:15,2018-02-17 17:04:34,2018-02-26,8293bf2ecc7d86686f1be71da8274b5d,2018-02-10
323edcfa718f1be4d393578d24d3072a,5d790884ac4eda9070124e96aef4e530,delivered,2018-07-30 19:47:05,2018-07-30 20:30:57,2018-07-31 13:53:00,2018-08-06 16:47:30,2018-08-09,9ee3c1dd1c70e7ff1a4155cfb33f3624,2018-07-30
7e7e487c8215464b81d26682798ee38c,24fdcb72c45f0dbd3c61f5b37006b855,delivered,2017-12-07 13:46:13,2017-12-12 03:57:33,2017-12-13 20:35:50,2017-12-16 16:28:46,2018-01-03,4630eb52078f3b41e78d9537123abb29,2017-12-07
245aa8f9f04307432e42c3244bd3a1ff,4c6cbb920ed9c24a2fc96cf63e9d5732,delivered,2018-04-03 10:13:43,2018-04-03 10:28:49,2018-04-04 18:38:39,2018-04-18 18:03:12,2018-04-24,78fb7fc3d9acb7a63ee7e8e6430d8eb1,2018-04-03
5c72a1e93e4f43b00cde64df569c2155,d2678d22d6727dfd53c7b918ae2301cb,delivered,2018-01-04 15:06:03,2018-01-04 15:15:21,2018-01-05 14:53:09,2018-01-16 12:34:07,2018-01-31,102da970e022898310b5658dfe6932cb,2018-01-04
0f9db6b2900040157d27f21ae0f3d86d,bccdacce1d037dc77e75ff20d2851562,delivered,2018-08-01 09:51:27,2018-08-02 05:15:19,2018-08-03 16:09:00,2018-08-08 19:56:43,2018-08-14,dc99ead5bc8862990945ad0ba88f1d9b,2018-08-01
67d7d2f069a2b83e36ab0304e03132e6,0b9da151bab9f3b6d4add45b3bd7de80,delivered,2018-08-15 15:11:49,2018-08-15 20:25:53,2018-08-16 12:23:00,2018-08-24 20:35:48,2018-09-04,b4d5acff9a18529ea0bc2f53ec3e0ac3,2018-08-15
3f01e7549f763a26cfa6bda60a8396a4,10b22fca096d0e9f49aba0051cfbdaf2,delivered,2018-08-22 22:55:19,2018-08-24 03:15:24,2018-08-24 14:05:00,2018-08-28 19:32:22,2018-08-31,54a291c818769a4198d011d467c99130,2018-08-22
727c518f08e50c90816678d404111db2,d21310e8bc2d28d055ffb06efb09ecf0,delivered,2018-01-21 10:35:33,2018-01-22 13:46:56,2018-01-22 23:09:09,2018-02-14 20:42:27,2018-02-20,99e94e6c1ccd58bc7f96df28d11d3881,2018-01-21
694abc031584656b8a62d393c72ed05d,ba45b24196899d79381424d0ca7c7ea6,delivered,2018-05-09 18:07:02,2018-05-09 18:32:34,2018-05-24 11:22:00,2018-05-28 17:02:23,2018-06-01,8d8d6c9c1f7cc61a5ca37b26ccd436ae,2018-05-09
02623e799dcc1e41066ddfe4af591f24,5ffea9b2ecf7eb23b4db0b1c4f76765d,delivered,2017-12-06 08:47:32,2017-12-06 08:57:21,2017-12-06 23:48:32,2017-12-23 18:14:39,2018-01-04,46bd6118d318823084331f26dcb0ae9c,2017-12-06
1ef7cb5f7b16f51098a0010102cdde77,67047e63a2b374c8abdb71f600526b33,delivered,2017-10-12 15:31:58,2017-10-12 15:49:31,2017-10-16 15:18:12,2017-10-24 19:39:34,2017-11-03,e0dfbbd6e1d6d6e862e74af6f7ba556c,2017-10-12
07429f7601b56a66d1854c79a2f5c9e5,aa9f03ecd3728c9bd12e6d962c66c7cb,delivered,2017-07-11 09:36:46,2017-07-11 09:50:30,2017-07-11 19:42:28,2017-07-21 20:06:22,2017-08-04,b03e9d9818ee170e9d6b983803c7d406,2017-07-11
bb13c50bbe5f942eb71155339687d0c2,b49eba1395aef88d94f4fc14a4484082,delivered,2017-06-23 19:54:32,2017-06-27 04:05:31,2017-06-27 13:51:46,2017-07-05 09:49:33,2017-07-17,3583128d8a12a3a38e40ac8363a3b8f0,2017-06-23
d0d2bc60ab96a5450c4182ecfa069ed9,23e8f9579ef5c6aef038027dc2522847,delivered,2018-06-30 13:32:33,2018-06-30 13:50:22,2018-07-02 14:47:00,2018-07-04 20:42:36,2018-07-20,a3d85d7b7010cf4da0db5abb3a0091eb,2018-06-30
e4b35ca9f1267c27309ebb5b2afc0587,340525290b9d4ff2e6c145fa85918d39,delivered,2017-11-17 23:19:42,2017-11-17 23:30:23,2017-11-21 23:52:13,2017-11-23 17:24:02,2017-12-21,1ca06486b67575a0fd2c9024db21bd99,2017-11-17
e6ababa4e7ccd58b8bc7282d6bbd66e0,29a5d8a991b0527bda42857a66337abe,delivered,2018-06-08 15:10:14,2018-06-08 16:30:38,2018-06-11 15:01:00,2018-06-20 19:52:45,2018-07-11,536833e18725d7fa2366c130951f376e,2018-06-08
ed12eb11ca8af64cd329c47b65e7e4fd,9ec9404f2b294f5635174b3d7e21c5df,delivered,2018-04-26 13:16:09,2018-04-26 13:31:02,2018-04-26 14:45:00,2018-05-03 23:41:36,2018-05-22,b098265800d60517a9e3d5d9c553a40b,2018-04-26
e964a325e20b6ce062b81b14b63675b9,eea3a5be72d5a1d6d87f06152f2d2bee,delivered,2017-11-29 13:22:03,2017-11-29 13:37:13,2017-11-30 19:22:42,2017-12-12 23:56:40,2017-12-26,63b0386cf8a7344034af40b03efee816,2017-11-29
a75d4b7463897480462a9e3f3f9ad8d2,0197368f9bed3b6ac07506404f78a155,delivered,2017-08-29 13:54:10,2017-08-29 14:05:36,2017-09-01 20:57:30,2017-09-11 15:08:04,2017-09-18,905c02d92e9093133b1147786ac65926,2017-08-29
8b0357c1bad60045f29531041ed96942,8ff85decf36580a14779815ea2116a91,delivered,2017-05-17 22:24:58,2017-05-17 22:35:16,2017-05-23 15:32:53,2017-06-08 13:27:49,2017-06-26,6d1eae956d1f99a35e133aa09aa0d34b,2017-05-17
b7e1da759d7b362340fef94519f33500,f7efbfdd624903afdc318beca96f519f,delivered,2017-03-03 21:43:21,2017-03-04 21:45:13,2017-03-07 11:15:25,2017-03-13 08:52:00,2017-03-22,dde181b2643870a2c667c9c9bcd99aa6,2017-03-03
56065795dbb3836e5698286b78306226,48342baa6af62deabf69b3d7c8b4c079,delivered,2018-07-24 08:08:00,2018-07-24 11:23:35,2018-07-24 14:59:00,2018-07-27 17:31:53,2018-08-07,0931121d09abd3191ffd255d843b8fa0,2018-07-24
caff85e7dc33e7dad852a50bb19bba72,e03867c72ac77eb2a2981e28ea0d0b2a,delivered,2017-09-16 17:28:17,2017-09-16 17:44:27,2017-09-19 19:39:17,2017-09-22 19:59:54,2017-10-09,9283ff2e613551b2e88edd593d46d3cd,2017-09-16
f5f04dd481f2adae96df163474755163,62fdaf2211b823f8c457e4cf68a96ab9,delivered,2018-06-05 19:58:26,2018-06-05 20:15:13,2018-06-06 14:01:00,2018-06-07 18:14:25,2018-06-29,673ec8fc15085be3340fd24dfefa33ea,2018-06-05
0faccee831e15bfa7b6b1bef3eeba735,8deb2c11cc255a4da7c7349d18717ef3,delivered,2018-01-29 09:47:12,2018-01-29 09:58:42,2018-01-30 23:23:25,2018-02-09 23:29:27,2018-02-20,5de232a50715c5cfbc80076ae05f5bcc,2018-01-29
afb829d86325360c29829a3fb2c15a8e,c55e91baa5b84fbb9542c7409726987a,delivered,2017-10-09 22:12:41,2017-10-11 03:28:27,2017-10-11 21:07:55,2017-10-25 18:03:45,2017-11-09,77580682d291bed61f99498d2926f9be,2017-10-09
c054ae148086d8edf0f55f1dad0987e7,1387dd8c63136e2146c342690bc971f7,delivered,2017-12-17 20:43:23,2017-12-19 21:31:10,2017-12-20 21:04:04,2018-01-03 21:38:55,2018-01-18,a557cc88133443b89bb49d01e7c89644,2017-12-17
46b06fc4d4a2d4e9645f19e1a689e543,7e30f48efd6aa0558efab0c936ec626e,delivered,2018-03-16 15:45:56,2018-03-20 03:10:40,2018-03-21 19:04:17,2018-03-29 22:16:42,2018-04-06,8a02975938d279e8478b5f793b0290b7,2018-03-16
eacabc11d89126dfd871cddb597a0409,520f054a1dae283f1d09b11e621c27b8,delivered,2017-04-20 10:55:32,2017-04-21 05:22:10,2017-04-25 09:56:34,2017-04-28 15:08:18,2017-05-19,9bd8e34366dfff8f1a825535737eb7a4,2017-04-20
10467788e05701fc7e9293f6cbed5c11,a85e16c60e3462ec7eaec32f98745da6,delivered,2017-08-21 09:23:23,2017-08-21 09:35:28,2017-08-22 13:37:02,2017-09-11 20:13:40,2017-09-15,4b1e2d13e6af86b47fb61c7a762c8a7c,2017-08-21
94d0901c92f4253bda4e9576a7a0e52f,d4cbc988e13862df5de35c6a4af931a2,delivered,2017-11-28 09:54:52,2017-11-28 10:14:34,2017-11-28 19:37:08,2017-12-01 19:06:09,2017-12-12,a21b4531ebe87b08b4ee94cc7046175d,2017-11-28
dc4830b0d061f5814315adf86ae7b314,51ce96915c12887208b633982c4d8435,delivered,2018-05-17 20:45:42,2018-05-18 02:36:19,2018-05-18 12:42:00,2018-06-05 19:05:31,2018-06-08,fb1756887ae59c1b0efe8d0544d94815,2018-05-17
1fce50c1831b6809773e5020edc716e2,1ddcc619647ca008fdc24f8302c8573f,delivered,2018-07-24 20:08:54,2018-07-25 20:05:09,2018-07-26 16:04:00,2018-07-30 17:20:59,2018-08-07,9aa679326b151fc564c2a238f361aa7d,2018-07-24
2e71a5c523cd61c4d906ebc8203ef215,60f8d6d10a7662c8385a37c5d3b0b92c,delivered,2017-08-08 09:23:56,2017-08-08 09:43:20,2017-08-08 20:09:27,2017-08-11 19:47:46,2017-08-28,2d60b42c7156339c9c13adf38fde9e2e,2017-08-08
1db32e420783e3347ae3f1c6e65baf37,c79caa525bc43f02c4275a8d3e72a095,delivered,2017-07-11 23:10:02,2017-07-11 23:23:39,2017-07-14 09:51:32,2017-07-26 04:04:11,2017-07-31,d5f4dc82c760d50a27723a2233bafe7e,2017-07-11
854963422ef4369edb2416355e8323bd,4c47ecc85fce7602cc1989de3f83fe4a,delivered,2017-07-23 19:46:11,2017-07-23 20:06:26,2017-07-24 15:04:22,2017-08-01 19:03:31,2017-08-15,5da8fed596e0ea9651946c43cea95676,2017-07-23
1d8f8ed077e12bbaeb0ee6675167d40f,339716994af08750e974eacac4131398,delivered,2017-11-23 11:45:01,2017-11-23 11:55:52,2017-11-27 22:13:30,2017-12-07 19:41:27,2017-12-18,da72230b0be2fc2daad51ac83a6617dd,2017-11-23
c5c6895d5f18ff51c8fb2af8121d1c9c,966d6b478afaf9165164bd8b326b9773,delivered,2018-07-07 12:12:14,2018-07-07 12:25:56,2018-07-10 14:46:00,2018-07-11 20:02:24,2018-07-23,ae99f2d72f5ab0511a0bf4edc6ffad13,2018-07-07
2323a467ad5a6329f413e1d14b240fcc,d33f0173f7ab50bf28aa228acf9d5688,delivered,2017-09-26 09:51:43,2017-09-26 10:07:19,2017-09-27 15:05:40,2017-09-30 19:27:30,2017-10-20,02ba172a1f7657976fc944d9f55aeba4,2017-09-26
ddc5ef5f86c69f1a29ff3e05e3fc54ab,34fcc45e826ad499a61737ea97e8b3d6,delivered,2017-11-28 22:03:07,2017-11-28 22:17:35,2017-11-29 18:26:55,2017-12-26 19:48:47,2017-12-26,71167ca196ecf2c5aa680ce139f3bc0b,2017-11-28
d8378bb103de9b68884b9e4cd2a8dbca,13d44a48280d6bd29ffbbf23c3680afc,delivered,2017-06-19 20:13:49,2017-06-19 20:25:20,2017-06-20 14:54:20,2017-07-01 10:32:34,2017-07-07,d67aa1ce7cabb93451a2795dcea925ab,2017-06-19
b22aa0e891fc84287cb67d41744f0600,c94b403e969aa3b0b9d09982a91d1b78,delivered,2018-06-18 09:53:52,2018-06-18 10:20:02,2018-06-19 11:35:00,2018-06-28 14:37:35,2018-07-20,b696543590edd5634fda7e2d2895f535,2018-06-18
2f1a68671a42c4f1cb4dad01656333da,048b0452f58c6e76c476af669812b2db,delivered,2017-12-05 14:44:59,2017-12-05 14:52:24,2017-12-12 16:06:40,2017-12-18 22:55:48,2017-12-28,d90edf698414085da3a594c649c746b1,2017-12-05
2486b2851078973a32a2ef92918506f4,23f11d117b26cec9a5c7b70b271b718d,delivered,2018-06-13 12:37:22,2018-06-13 13:02:45,2018-06-14 12:47:00,2018-06-21 20:58:50,2018-07-17,958c4904e0520fb16a25fdf2e059421e,2018-06-13
a9c0a9c746e342b36428283561c3ed34,67268d8c06be1ef20f52460e7992dedf,delivered,2017-08-21 10:31:19,2017-08-21 11:04:35,2017-08-22 19:55:06,2017-08-25 21:50:02,2017-09-11,321ba405d6339e80e13eb466bde0f222,2017-08-21
70e534acd4ff3f46956f7b4b36418474,5871240b438e21144634d9fdd480e0d8,delivered,2018-07-03 16:51:33,2018-07-05 16:34:40,2018-07-04 12:39:00,2018-07-05 15:13:43,2018-07-16,4c2b4ad5642c2949886e9c9484a03958,2018-07-03
f06c19bf3191f1d176e8a11472b8f156,a79d3252e4c023b140a52486dcb0a916,delivered,2018-02-17 01:44:07,2018-02-17 02:07:56,2018-02-22 03:37:32,2018-03-01 23:12:09,2018-03-13,b8e77ce378d650d894a34affc8812540,2018-02-17
6b7c46dc34ed8ec1795b10a9c5213d61,150942330b6c45bba3d57bc1561229be,delivered,2017-08-06 17:55:55,2017-08-06 18:10:15,2017-08-07 19:02:50,2017-08-16 21:42:14,2017-09-04,0a252059d4e14a1a165526d50bae6397,2017-08-06
88d149a2a3df0735f72b73e043f0bd13,17c806c1b700e6b9409959aeb544eac4,delivered,2018-05-14 09:08:22,2018-05-16 03:35:31,2018-05-16 14:49:00,2018-06-02 12:03:47,2018-06-08,4df73f9870fdf2872867ba7e440bf91f,2018-05-14
38f4a7cbe99605d56e5ef45ab0547b80,b327ddd5ff19aa2c1b93989bfe4486ca,delivered,2018-06-11 16:49:06,2018-06-11 17:20:06,2018-06-12 14:04:00,2018-06-13 23:10:50,2018-06-26,aa5acec351a7dcaa930b80dd8ed4da13,2018-06-11
5d1466f38183f13f22491a21c09982a1,e4371087909eb38cac3ee6c09832006e,delivered,2018-06-17 20:36:46,2018-06-17 20:58:30,2018-06-19 14:07:00,2018-06-25 23:54:31,2018-07-12,a881bed7e2f7cbff944e7a3be500b15a,2018-06-17
333fd556e66dcdb07b2081f258f42ece,5b14f89cd607c6251805e5506fa36fb8,delivered,2017-11-26 12:05:36,2017-11-26 12:12:33,2017-11-27 16:43:05,2017-12-05 23:51:13,2017-12-20,8c9437a0ea2c45a366e53d6f7ec859d7,2017-11-26
2709ee9d4fc363bd22b6bc782fa3668f,5e5da5412a9c2e535cf46f43cd8d8e4e,delivered,2018-06-03 12:26:37,2018-06-03 12:50:11,2018-06-04 15:34:00,2018-06-05 18:40:46,2018-06-29,133712ad4fe8e5ec9e21cf71a5719c30,2018-06-03
2ab4524fd521bfb8a8ffc95ef44dd5ae,e1942da860849abd3a3425a102a2e18c,delivered,2017-11-21 17:37:08,2017-11-21 17:47:04,2017-11-29 21:39:04,2017-11-30 18:29:07,2017-12-01,cc54e222e60205230380bf94aa4d2005,2017-11-21
2de6a73b60b6fb18004ea51e46bebc1d,589f178e3093bab9b9aa7bdbd96a369a,delivered,2018-05-14 01:37:42,2018-05-14 01:51:24,2018-05-14 14:58:00,2018-05-15 20:15:30,2018-05-24,ba9eb6cd455c860303caf3fbebc6a884,2018-05-14
215e5ab8d123b9e04a3c1185d90fe780,d1720c09f0e1fcf547f272d8b9c1fc67,delivered,2018-01-30 16:26:24,2018-01-30 16:52:45,2018-02-02 16:58:55,2018-02-24 00:33:02,2018-03-05,4f223a62631b82cfb22241007bbd60dc,2018-01-30
89ef28c964aac784a4030d38ae56fb60,5ebbf6dc4e62d0fc7e8391a75203ffea,delivered,2018-05-10 15:28:48,2018-05-11 15:37:50,2018-05-15 12:54:00,2018-05-23 16:22:38,2018-06-04,ce5e2053eded1a7e6e1469a4903c90ca,2018-05-10
a25f8c8c17243276e72fca0857e94789,597eca837a19d2288235ca7df2966f4f,delivered,2017-12-06 15:28:30,2017-12-06 15:37:31,2017-12-07 15:48:38,2018-01-05 17:59:01,2018-01-04,22b9c86ac8badf29636e4c9e9e6745bf,2017-12-06
7d4cd6551d37acb74e50b3acf0ea3b07,bb0faea38cea645a7755175bbadd6535,delivered,2018-08-18 23:38:42,2018-08-20 10:55:23,2018-08-20 13:45:00,2018-08-24 19:48:48,2018-08-31,cb94a4934d3faee353f9de12c70d0510,2018-08-18
591749138516fc08043a066ecc49963d,dcbe91bfb20f1a03cfdb25cc8800b590,delivered,2018-08-17 12:03:54,2018-08-20 19:10:05,2018-08-21 12:53:00,2018-08-27 17:28:48,2018-08-31,4c375932a1d77bfca4f51d9b2fc5d081,2018-08-17
aad53ab538dea5e7315dca5fc140ec84,2b470412ecfced59370259be526106ca,delivered,2017-03-25 12:48:45,2017-03-25 13:06:03,2017-03-28 18:05:14,2017-04-03 15:27:38,2017-04-18,7bff95e83b82ed3228e004115e553731,2017-03-25
995c8dd1005727eb106998aab214e941,9c8238260ea546e75c56fc27c0fedfc8,delivered,2017-12-29 13:43:15,2018-01-03 04:18:23,2018-01-05 19:20:07,2018-01-12 23:52:43,2018-01-24,c7cd7684e4c3d80651bca76f2e7d9b7b,2017-12-29
d9a9bc50c9da52930374f4884e3175f0,851085d7c3bb92c48e50fe2dcc8e9bcd,delivered,2018-07-03 17:50:54,2018-07-05 16:25:20,2018-07-05 08:16:00,2018-07-11 00:15:58,2018-07-23,1a79769ccd69fe7f1d489aa90960fc66,2018-07-03
dad38cc9bc5fe2b4a6febb5d1fc37443,3ff6f6e6874c814a1e3018464b6eb71a,delivered,2017-11-28 01:49:38,2017-11-29 02:18:32,2017-12-13 11:42:26,2017-12-13 19:09:51,2017-12-14,aad49491b1f703ed0454c27f0c7a07a6,2017-11-28
4d59685727333d1dbcbbcfd3f0795423,91b908a3599b613c9ebc32c50fcc1b3a,delivered,2017-05-29 18:49:51,2017-05-29 19:05:08,2017-06-02 10:48:01,2017-06-22 15:48:06,2017-07-03,f3ae9c43a272d1660a8fb3b790df0f2c,2017-05-29
5864c853e57402a64985156da5273233,d307d099d747f37ec262b7d886d422ad,delivered,2018-02-10 11:02:03,2018-02-10 11:10:24,2018-02-15 01:17:41,2018-02-23 15:56:55,2018-03-13,223b254527e81c34ebbdca8f87956745,2018-02-10
93e219b26fef634184aab97320ddeecb,84e07e0b715ea354e8c90d3ae8050d7d,delivered,2017-12-17 16:22:21,2017-12-17 17:18:36,2017-12-19 21:25:05,2017-12-28 21:25:29,2018-01-16,75f602b2ea0410471acb7762aa119865,2017-12-17
4a0e80769135f6a7ee952872fb2f7fc4,94e3bbb32ca95492eebcfc811695e965,delivered,2018-03-17 09:55:21,2018-03-17 10:09:02,2018-03-19 19:20:49,2018-03-24 02:32:10,2018-04-06,d419fec77ff6467c0899e9ebc0f52003,2018-03-17
43ea1d83ee54086e26f0d9b65336975f,dd4fd143772aebd20cbc60b790d9db40,delivered,2017-10-22 14:35:01,2017-10-22 14:49:28,2017-10-23 20:42:20,2017-10-27 17:12:40,2017-11-13,9294ad7d1aedf7147f06724a6c72f462,2017-10-22
1e098529b9705a78dba4c6b24ee2ef35,0f2893212c2c44df0fa30e9184006254,delivered,2017-07-24 09:33:52,2017-07-24 09:50:14,2017-07-24 17:32:56,2017-07-26 20:42:24,2017-08-04,97c1457864c3e179483de1a12fe3ad78,2017-07-24
b0db4e1bf966cf4e2b192e3d64044483,390195bb021426def386c8ecdc753ab0,delivered,2018-07-12 15:50:38,2018-07-12 16:05:59,2018-07-13 15:12:00,2018-07-20 18:25:36,2018-07-31,4a16c2fa786ac243d6e212e84ef147c5,2018-07-12
0ef3f9bef99a2c6430e0951e40cb8bf0,260a6304b9d1d23d0e52181a68272af5,delivered,2017-04-24 10:59:48,2017-04-24 11:15:11,2017-04-24 13:19:36,2017-05-05 12:03:34,2017-05-30,6f810f73bdac142d6fb7b8660e0acd13,2017-04-24
741657e2b9b6c4ee4cc84d86abb64158,6cced5e0fc9f4d0689d8e4d9906552bd,delivered,2018-06-25 10:35:08,2018-06-25 10:53:44,2018-06-25 14:57:00,2018-07-04 21:37:30,2018-07-30,e73b7ed57fa5460cb94c6c6bd24b184f,2018-06-25
de34a09fbecb667119c64e23d1232966,9bf0fff6e6ffd08c40f6ece6c20bf720,delivered,2018-06-08 15:29:58,2018-06-08 17:11:45,2018-06-12 14:15:00,2018-06-19 15:58:47,2018-07-12,849c42540c1c3a2f0b8a1f0d16e3f933,2018-06-08
fee26dd998861d207782234217b367ec,af1fbbcd3269883e60c418c309cc6d49,delivered,2017-09-25 19:58:46,2017-09-25 20:14:15,2017-09-26 17:52:36,2017-10-02 16:30:36,2017-10-30,9c77a1587900063f6156b00224fe16e9,2017-09-25
bc69ce22573ef61da22888eb42b976d1,20c93ce4bf340f35b3d27d2219cc5937,delivered,2018-03-12 11:27:20,2018-03-12 11:49:02,2018-03-13 20:33:05,2018-03-28 18:40:58,2018-04-03,427be1ae47bac17e53cd13061534a4e0,2018-03-12
d9c51e8f2151f049f14ba77dfe8513b9,f849baffc31a2b2519ca2f66092fb39a,delivered,2018-08-11 16:41:06,2018-08-11 16:55:21,2018-08-13 15:25:00,2018-08-22 23:44:40,2018-08-28,806a6fb487f516c444a869530b6eaa6e,2018-08-11
0e5be31b9db540adad7d42899c64aa26,3d2b2cd45b02124cf195592ce4eefba0,delivered,2018-08-22 11:32:15,2018-08-23 08:35:21,2018-08-23 15:29:00,2018-08-24 20:31:49,2018-08-27,4a3fa1d0b16402332665b0e5ece33739,2018-08-22
d07eb552f514f38f0107ee31243f8104,1cacaad02da03c1de0ac785137da2f6b,delivered,2018-08-02 12:06:13,2018-08-03 02:44:15,2018-08-03 12:57:00,2018-08-14 15:03:40,2018-08-24,a522050af55d1141e89f1a56884648ac,2018-08-02
7879a19dbf7ffa9e1063dfde96081185,c1d6df990d7abb2eb1d898aabb91c142,delivered,2017-11-30 15:46:49,2017-11-30 15:55:25,2017-12-04 16:33:07,2017-12-05 16:14:16,2017-12-18,20ab2e4a55a8425135cf9a7d0bb3f92c,2017-11-30
8fdc42676c9c6c74c4f8f062b53ebafa,54545530685ab329b0d79c2e40ee3aca,invoiced,2017-12-03 21:20:17,2017-12-03 22:32:13,,,2017-12-29,1616e9d013bd2cc0822ca635c9b5f8bf,2017-12-03
f95d91071966bc70023eae0e1750c1fc,0f6ed132464fa43523a9bc602da44a85,delivered,2018-03-21 16:59:36,2018-03-21 17:10:31,2018-03-23 17:57:03,2018-03-27 21:36:30,2018-04-04,f2474ef11461417fe38bd0ff2bef76c9,2018-03-21
43eeba2441814ee8348a64e79749a290,a2e5b98ba9cb004814ab955f08d087d9,delivered,2018-02-20 16:03:09,2018-02-20 17:00:34,2018-02-24 00:13:58,2018-02-26 20:49:14,2018-03-13,8fd4055aceb183a5c53f6e27e4f59edb,2018-02-20
dc92d883dd189c16557a2d1cea609de3,04b289fc410f311df1bd8235f4fac2e0,delivered,2018-05-02 14:31:59,2018-05-03 14:32:41,2018-05-11 15:29:00,2018-05-14 16:12:05,2018-05-16,cba0e7026a54bbd075e87774326ce1b6,2018-05-02
8b50d4c9560cac1625c6fd9f536fc780,7372fb39ddd5b2bcfb9466a66fa69dd3,delivered,2018-04-24 21:34:35,2018-04-25 21:30:24,2018-04-26 07:17:00,2018-05-03 17:12:37,2018-05-22,6aa828fc903b810472cff927dd42b500,2018-04-24
f06876678e6f65feb46836d048f45a85,d52be8e3821283b0592f231cb6285b92,delivered,2017-02-02 20:04:43,2017-02-02 20:15:11,2017-02-03 12:33:35,2017-02-10 11:12:22,2017-03-06,aa35e690f321643618758e7ccc598509,2017-02-02
b0cb43bc4638d44188430b7d42b35866,574c519c49cd1be818c075ed1ca5c6e6,delivered,2018-07-31 11:08:37,2018-07-31 12:31:14,2018-08-02 12:46:00,2018-08-08 16:26:52,2018-09-04,584a1dfaa42bc5c9786a3399fe526148,2018-07-31
e8188a465bf2cff57576b4f077a7f403,04ff7a6a7ef36f6d4f0b6812463966bc,delivered,2017-02-19 10:18:48,2017-02-20 22:15:17,2017-02-22 13:05:42,2017-03-13 15:07:46,2017-03-31,e56f910f0c82a1d1937c752024b92cf3,2017-02-19
74f97c26dd08c947570e01f5cf989793,38e131e11657d1c4a7c06e6962b9b5d5,delivered,2018-04-11 11:30:37,2018-04-11 11:50:12,2018-04-11 22:38:41,2018-04-20 14:32:48,2018-05-17,bf4ceac23f8706831b85ff07a7e8291e,2018-04-11
e9eaf8cbf7546d64273758c441ff8706,71de53405a26e7fdc3ebecb310220f70,delivered,2017-06-04 17:22:51,2017-06-04 17:30:23,2017-06-05 14:59:50,2017-06-07 17:37:14,2017-06-29,c81d2a7e6d049dd8c94912f7d0cc8e47,2017-06-04
a0267eb49a1d3b71422c95ea1c0dd12e,bc80b4e6fc53eccd155fd449dbefda27,delivered,2018-04-06 15:01:43,2018-04-09 07:55:18,2018-04-10 00:04:25,2018-04-20 02:08:29,2018-04-27,41f7adb163a427fc217d7606a17a9fbc,2018-04-06
947857fc478a90e909d7e3d4b2b9dfb3,1a638e2556f263ac0094533ef5a75586,delivered,2018-06-01 10:10:44,2018-06-01 10:31:47,2018-06-04 06:05:00,2018-06-13 20:03:19,2018-07-11,73f05d0e35fef9069db079662d5cd28b,2018-06-01
6dccfb3ecc8d480f75f2b28c745a30fd,a271f133c963082ed1c5e69bc0deb70e,delivered,2017-10-26 00:04:59,2017-10-26 00:28:08,2017-10-27 20:13:44,2017-11-10 22:47:57,2017-11-30,f9cc5c99226d8c4b60577930a5f03d5e,2017-10-26
7def21d4295cb8526b988f3c693df9ec,7d1c76da6abdbfd705abdc8213050c3d,delivered,2018-06-12 11:31:00,2018-06-12 12:00:56,2018-06-13 12:02:00,2018-06-18 16:13:02,2018-07-16,a0869b7239d0cf7f8271e3701e0f9c48,2018-06-12
e19d1a3f0ecd42e0ae3c3f37c6823270,875686e08e7fa3f3e9387d2817f509c4,delivered,2017-05-14 18:32:06,2017-05-14 18:45:16,2017-05-15 10:27:50,2017-05-22 14:16:41,2017-06-07,96a720d3e5d42e6112b4ab920eb0df85,2017-05-14
0b87d9e59c7c19b041fe36e77aa33a42,70b9a93d19b044822d5e5af9e673f250,delivered,2018-05-16 11:25:37,2018-05-16 11:35:24,2018-05-16 13:41:00,2018-05-22 17:28:30,2018-06-08,d5f10de578a314bd35362e14c61a7bc0,2018-05-16
f2e15e1de54cd372765716e6bbd61fa5,f84ec40a029590cc02022cdcc711d322,delivered,2017-02-04 11:45:03,2017-02-04 11:55:21,2017-02-06 12:40:14,2017-02-09 20:37:34,2017-03-09,e5bdbd18812e42788e7cbad7058fc0ab,2017-02-04
cd9f7b10571863a4339b5ccdd2365f2f,09a1d8d34896cc9569f3019eb0adec48,delivered,2018-02-21 16:06:32,2018-02-21 16:16:15,2018-02-26 20:44:24,2018-03-23 15:58:58,2018-03-13,18e18ed65f66796b16d0ba5bf0d68844,2018-02-21
ee6c9efbbd90c63c4f1a545b9332032b,7bb2e1915001b30dda3466d6c81b2265,delivered,2017-02-04 00:44:29,2017-02-04 01:05:37,2017-02-07 08:53:54,2017-02-22 01:54:02,2017-03-21,3f25e9b278859125689d5d8373740260,2017-02-04
6149716112b7db1b76332e704d944cbb,9d230297f9a4605495215839109905b0,delivered,2017-08-24 17:13:53,2017-08-25 02:55:22,2017-08-25 17:39:01,2017-08-28 19:47:51,2017-09-14,312f79c18a73bd1fa8d8cab58a6d7df8,2017-08-24
b11fba7d4e0cad817d24e2c77032fa0a,d9916b700aca9e5f6b62ae0b61d90f46,delivered,2017-07-19 11:42:11,2017-07-20 02:25:55,2017-07-21 15:22:51,2017-08-02 18:33:45,2017-08-10,9bd5f2d4a5f2bcef49c69b884b784eb0,2017-07-19
031530e9ab00574597b21443baa61f08,447e29ce729f67ed9ad316e8fba96adb,delivered,2018-03-03 10:25:35,2018-03-03 10:35:45,2018-03-06 02:24:52,2018-03-15 15:30:44,2018-03-26,c0cad779c1da40c9d34c53cd03eb28aa,2018-03-03
78878e13ac39d33f3ef0e3aff752ccae,1f6ad5de3039e7bb46446ae9db9e44ff,delivered,2018-04-19 13:08:49,2018-04-20 07:15:27,2018-04-23 15:52:03,2018-05-02 16:02:44,2018-05-22,4448c1eccc3d677bdbfe0d07f6a780fb,2018-04-19
4bd15305c0c5f4d4d82b85f163b53954,f90f26ae5ceccfc421ea191d8e72e054,delivered,2018-07-29 02:55:34,2018-07-29 03:10:08,2018-07-30 17:52:00,2018-08-01 19:32:17,2018-08-08,bfd8eb57759f69e3dfb7797e89dec292,2018-07-29
54811adf8b498ae84eb8bef759873054,ed07761f61ae4f4d800e246d995584dd,delivered,2018-04-25 16:36:49,2018-04-25 17:12:46,2018-04-26 14:11:00,2018-05-02 16:48:24,2018-05-29,feb3f0df86d1e7eb2d8dd4f61637f2ed,2018-04-25
26e388ebc7a8a0fa0998ad6cc4755bec,efc99d32a78cfb0bb489007a27da2c6e,delivered,2018-07-12 09:28:43,2018-07-12 09:46:04,2018-07-23 17:05:00,2018-07-26 21:57:53,2018-08-17,bedfb4db4e7c3d9cb563c26ff7d7830d,2018-07-12
61a6a9d66675969c4d37daae6bb0e30c,e363c2f43b09487b351bc2cab0eeaf1b,delivered,2018-02-17 01:23:02,2018-02-17 02:07:44,2018-02-19 13:28:57,2018-02-28 00:26:57,2018-03-22,0ba1780d39b46c2249fce4123cd11f27,2018-02-17
01d80471e02a3ba49c8e1d0abc2c1a64,3106fe6ef3e7aa3053de377e22826161,delivered,2017-05-03 19:35:37,2017-05-08 23:32:30,2017-05-08 15:45:00,2017-05-16 13:11:49,2017-06-02,d99d9eec199e32dcde0efedc42a64724,2017-05-03
db811126381db2d82359d6872e2dacf4,29ec4290a002cc0a65ff669b7a61679f,delivered,2017-10-16 18:42:21,2017-10-16 19:40:11,2017-10-18 22:13:24,2017-10-23 19:42:23,2017-11-01,208a127c790f3aa6b6ae229acfae97da,2017-10-16
94464ba991f95b4699391b7759c29860,5051bdd00c23a04190dce73c99b4b383,delivered,2018-04-25 20:02:02,2018-04-25 20:31:28,2018-04-26 14:32:00,2018-05-14 21:58:44,2018-05-30,3e5a4afd0fd4f13fdbcee9923b4fc859,2018-04-25
b5f68b1732839c0619cd9997360667b4,8af54e32ff7637cabbca5d77f6b5cdb4,delivered,2018-05-13 19:01:14,2018-05-13 19:12:44,2018-05-15 07:55:00,2018-05-19 16:40:39,2018-06-08,02c82b1b79ccf9f38fef2fa51cbc8791,2018-05-13
da7d3c6c66e6838cfb5b2ec2df177a57,691ed9d19188cfaa545496993fc8e907,delivered,2018-05-18 11:16:57,2018-05-22 09:14:33,2018-05-22 09:04:00,2018-06-07 18:58:25,2018-06-08,b759758aaabd73a68af56b03927618e5,2018-05-18
bf1e7cb733b5f8b20f249a57e21532e9,2d763d0f57fa03aec2dff29afef963d7,delivered,2018-01-27 22:01:42,2018-01-27 22:12:59,2018-01-30 18:08:50,2018-02-07 12:14:33,2018-03-01,0a8c3293ea2891c7d8cd81ecd9b4f718,2018-01-27
2ed2bc9ea8f27ee7a45a3434b042272d,143a4083c98eed4151715356aab75996,delivered,2018-03-21 21:47:51,2018-03-21 22:08:33,2018-03-22 18:38:49,2018-03-23 22:22:04,2018-04-03,f50d4480cd39525dfd5dd0def0535a8e,2018-03-21
f35e931a720c89ba31489a6f86fbf985,58c0558cb537c7099b095b9f637b0709,delivered,2018-05-15 15:04:26,2018-05-15 15:15:26,2018-05-16 14:02:00,2018-05-21 15:29:52,2018-05-29,8045205bfc8a9aa6ebaaf6368059f6f8,2018-05-15
2e0b5c286e103111a7b4ecfdfce4f8dc,3a35a54bc346f48448704099ddd58107,delivered,2018-01-06 15:46:59,2018-01-06 15:57:22,2018-01-10 17:48:47,2018-01-12 14:56:02,2018-01-24,27a9e0fafe346600b795a7d0ec1b5145,2018-01-06
87feaeca6b457d3cc9129c26a4c71f63,4032cde8ae95228972fedbfbb48bf6a1,shipped,2017-12-27 21:59:20,2017-12-27 22:08:21,2018-01-04 20:32:14,,2018-01-29,3f637bf3ed71ce82c9dfd9822a6c9f69,2017-12-27
f747f82cd6f4094876b1df81c7a50145,0f5d8af8e5807e8994a2c60d4b6b15a6,unavailable,2017-02-22 10:06:32,2017-02-22 10:22:33,,,2017-03-27,73b9be48e66e9a9c1cb713bf97c4cf1e,2017-02-22
ba22a1fb553e3c6597c8c25d6478df2e,12d53177e4683bebc84096c140330369,delivered,2017-02-18 20:50:28,2017-02-18 21:25:54,2017-02-22 10:07:38,2017-03-02 10:14:29,2017-03-21,f8a45c354372724b0217757b40c245bd,2017-02-18
87bced03e631b959304311f077bfbe31,d2d7f7fc293b9394c24bea4a21d7cf12,delivered,2017-02-07 13:36:45,2017-02-07 13:50:15,2017-02-08 10:44:38,2017-02-13 16:05:34,2017-03-02,8fbc4341725e7244f7e0b25e09570a3d,2017-02-07
2dfceb6a6d47a3835536db64f6c610a7,d4aa842316467bde3b41ece4b5698704,delivered,2018-02-26 19:56:58,2018-02-26 20:15:20,2018-02-27 23:08:34,2018-03-01 15:57:33,2018-03-16,52ed57870beadf4e3f065252fc4fadcc,2018-02-26
2c03309b2a52be289e66346a5da41209,2ee264a9765858722d6ccb1442b4a5be,delivered,2017-09-29 19:30:05,2017-10-03 06:35:03,2017-10-06 20:26:51,2017-10-19 19:52:39,2017-10-26,f0e310a6839dce9de1638e0fe5ab282a,2017-09-29
0b9705637e1c3ef0cc684ae4f190964b,11ad0ff67b7fb20bdddb437c0f60301b,delivered,2017-11-01 20:19:48,2017-11-01 21:31:23,2017-11-03 20:57:35,2017-11-10 18:04:48,2017-11-22,2b2a8548b5552173e43563660de11e2f,2017-11-01
aa94e99bd2554aa3be1d546206cfe48d,bd62221e6e011f8811afc467e5a647e1,delivered,2018-08-11 18:30:27,2018-08-11 18:45:17,2018-08-13 12:53:00,2018-08-24 20:18:44,2018-08-21,3bbf03908fb2863f5537cec78cf5f70b,2018-08-11
896128ba70225c31859100341b20b186,0ba85ee41203875bced1c7d0a4102867,delivered,2018-04-25 13:10:47,2018-04-25 13:31:48,2018-05-02 19:01:00,2018-05-07 10:28:59,2018-05-22,4988e02bf54481487f8af30a0c5ef7e3,2018-04-25
dc952dba5b4ae9cc2ea0eb4757f0cdd0,7dc0de733b2e5f365577ec1440bb762e,delivered,2018-08-06 18:30:57,2018-08-06 18:44:40,2018-08-09 15:57:00,2018-08-16 12:13:01,2018-08-16,4f33256e74e56b333e07e47064ff32fe,2018-08-06
287e90d08a100fd2ecbfd8a82dddad5b,7d1219e8f53f6b445b3d230c0794e337,delivered,2017-05-11 14:39:53,2017-05-11 14:50:17,2017-05-12 11:14:30,2017-05-22 16:13:36,2017-05-31,63cfc61cee11cbe306bff5857d00bfe4,2017-05-11
8256729fe396aa16538e1790e33851f9,1ae5b5f2987e8d7e83a89a72a178e307,delivered,2018-03-26 12:26:23,2018-03-26 12:47:28,2018-03-27 01:19:33,2018-04-21 15:28:42,2018-04-13,3cd4207d6ce944798257ac5953640a40,2018-03-26
e6e2049ec5847e14fd9898496125c8b9,39a2dc3d0040d4fe058e9578715ff9e9,delivered,2017-11-24 14:33:38,2017-11-24 16:34:49,2017-12-22 20:22:22,2018-01-04 14:34:18,2017-12-14,1007b4c1de8b4d9c4ab9e5b4c94ac1f9,2017-11-24
5c4e4e1d3abaee058758731094e9a7cc,2b60fa486873939bde1170b15b8ac6ac,unavailable,2017-12-04 10:49:52,2017-12-04 16:32:05,,,2018-01-04,5192c897072033288df55bd01b0e5737,2017-12-04
011375f941b3695c3c3ee58bfe0d3655,03d804d4d3e76cbac2fdec148e8d2742,delivered,2017-09-23 17:59:17,2017-09-23 18:26:33,2017-09-29 23:36:55,2017-10-06 19:05:13,2017-10-18,f2274f10e72e18fc77be57393daebbb8,2017-09-23
f5fb033cb83c2cd5df7b7fea30ae0cbd,37609553fb8663b9b04b87c3d4f0e98c,delivered,2017-12-21 19:04:35,2017-12-21 19:13:25,2017-12-22 18:59:19,2018-01-03 18:07:09,2018-01-19,beba34900831b3f42f356bcc197409e2,2017-12-21
251de75257803bd25352975324ff2c64,65e444319579c6e8203cc88c1b8572d6,delivered,2018-04-01 16:53:25,2018-04-01 17:35:10,2018-04-03 14:48:39,2018-04-06 17:22:07,2018-04-18,c50188399fc7c65fa9fc61ae84c4cddd,2018-04-01
ed4702d5c64be8a78291b25080218bea,103dc45e4f414114157866ba8cab9fd7,delivered,2018-05-07 18:38:57,2018-05-07 18:55:23,2018-05-10 18:29:00,2018-05-16 22:11:53,2018-05-29,d23948c2ec86af10321df57714173a88,2018-05-07
1ce796ffd3b96e287899e429b44c0e3a,cdd251ceab48c424c2050a90555182ce,delivered,2018-08-17 21:02:19,2018-08-18 21:10:25,2018-08-21 13:33:00,2018-08-24 22:18:49,2018-09-03,5f4b804b2fb21bc0a8b25b01b7efa59c,2018-08-17
aafa42c99c04de8208303c4dcf9a4e4b,9ba3e5e41bcce8de62bb57563aeb6086,delivered,2017-11-06 18:58:48,2017-11-08 03:35:30,2017-11-09 13:51:36,2017-11-20 19:18:37,2017-12-07,3602e0472e2ec22ab176b0b211e7c306,2017-11-06
bfb369fd1877d8e3192f79562eacb5e8,752962c47169192a0f438cf9addb0dc5,delivered,2017-08-02 15:01:48,2017-08-03 16:10:20,2017-08-04 22:13:56,2017-08-09 20:39:49,2017-08-23,5f45aa4ef9b8fb99b95d33a970bb64a7,2017-08-02
76c72bbed910cb530e30f5ad32119c62,83bbe9536e41c6030e18624172af90e8,delivered,2018-03-11 08:53:49,2018-03-11 10:55:53,2018-03-15 20:27:26,2018-03-21 22:02:27,2018-04-02,ca0d71e5ee67625f182d45561ef102c3,2018-03-11
7ae0330e067654a1a8748925bcac88be,69dc48c531f3fa0a8b09e881dead8a5e,delivered,2017-09-03 09:45:42,2017-09-03 09:55:15,2017-09-06 17:13:01,2017-09-14 17:17:59,2017-09-29,c312554b6eb876e70c13e4d6ab3edf66,2017-09-03
feddddfdc57fdeb9137220406b82439a,aa1922a8ba370a11a86c1ad869c9f370,delivered,2017-12-15 10:16:57,2017-12-15 10:33:38,2017-12-15 21:44:58,2017-12-27 22:10:50,2018-01-16,6b44ef4c4a50d85e5f74552882776352,2017-12-15
e8d058928dd8b2837ef82db983c5f1d7,68aac507de4c0f73c322d085b709741a,delivered,2017-05-30 14:19:50,2017-05-30 14:43:30,2017-05-31 01:17:46,2017-06-01 13:33:36,2017-06-20,9b4cb2f18b8f2cb6adbd4294ebe8c24a,2017-05-30
ba2effd965d1fc79dbcaa17d401b3c99,8ad04bff9d06c103ee398afe6d4a0cb4,delivered,2017-12-20 20:52:57,2017-12-20 21:10:26,2017-12-21 18:26:07,2018-01-03 21:34:36,2018-01-16,da24ff7539bfd80350751ae2d27248ce,2017-12-20
d29eb05d12b969d233bcde0c248597f3,0d5d92c27f1a3643f7cf88482dcd1d3e,delivered,2018-03-09 20:27:39,2018-03-09 21:31:49,2018-03-13 18:21:42,2018-03-21 21:53:40,2018-04-02,38d0d143e7e1ff34ebf759e04bc258f7,2018-03-09
0b517c01a5b46fd3e16b389ea6f4ad3a,e8adfcdd079a803f2f9852ea1e27cc4c,delivered,2018-01-22 17:51:00,2018-01-22 18:16:28,2018-02-06 20:13:13,2018-02-28 18:52:28,2018-03-12,ca6668767463f2dd3896e9395c1fc085,2018-01-22
aab7b04f45546e03e7c86b9e8f12368e,23549dc8454087a9e2266d05c5de7602,delivered,2018-02-22 23:12:56,2018-02-24 02:55:41,2018-03-15 01:08:32,2018-04-11 17:51:25,2018-03-22,6a9d8ebad6be7bdae3088a5416e7fe99,2018-02-22
c276a6bf017d697f864fa8b703ce1b36,d86e410f7ace870f0d296c5f4a340f87,delivered,2017-07-18 01:16:22,2017-07-19 01:20:14,2017-07-19 18:11:48,2017-07-21 12:14:27,2017-07-31,07b094ecf6f18b50158f2ac709ec71d0,2017-07-18
4b918a356d581c76170acb5f5644e79f,2c10d6573171ca0c4b464ce27770eb12,delivered,2017-12-30 13:26:25,2018-01-02 09:31:57,2018-01-04 15:15:29,2018-01-09 22:41:23,2018-01-26,ac2d52270dbb9f12953d40dd318aa45d,2017-12-30
b2c336b44ecbf140c6eb570121e4d7e9,6af0b82f0af4a35310b46157a9b4e71c,delivered,2017-07-18 22:54:16,2017-07-18 23:10:18,2017-07-24 21:23:45,2017-08-01 21:13:27,2017-08-21,7e36f0ac666e8290ce615f15f774001b,2017-07-18
b9032353fde3f5b180ffe6b573c61cca,dd65bd0dae19b58d470707590360f1f6,delivered,2017-09-15 21:38:25,2017-09-15 21:50:15,2017-09-18 17:57:41,2017-09-26 22:13:34,2017-10-09,1c290d269ec39433066446ef2c2d1654,2017-09-15
fc3de87b923f14c3605e6a0fb08882b1,8502ce27e2ea63b7a6f45a3c00f82f76,delivered,2017-11-05 21:02:37,2017-11-05 21:10:33,2017-11-06 19:51:33,2017-11-18 18:42:56,2017-11-30,9a0ebd74a3b2f4f460405fa665807864,2017-11-05
139f0fd024db90e226eaf668da4f5f91,dc294f893f3a7465755fd2233ac574bc,delivered,2017-10-12 16:51:36,2017-10-12 17:15:31,2017-10-13 17:39:13,2017-10-19 17:58:56,2017-11-03,44117ca17cd186b4d19688251657746f,2017-10-12
6b46cdd08224cbb894ae376f13c7062b,b8ec9a7ec8c749032875121b1eb2270f,delivered,2018-04-16 22:20:13,2018-04-16 22:32:37,2018-04-19 16:32:57,2018-05-04 22:21:15,2018-05-15,580b53b8514803448db57ec0bf3808b7,2018-04-16
a6eace8d7affa686ec69d39f9c4c348a,4bfb2494e1e38f25d36f128b44a04e06,delivered,2018-08-06 22:00:02,2018-08-07 21:55:19,2018-08-08 14:22:00,2018-08-28 19:11:37,2018-09-14,6c50a1d82303c16736b2ee32920f0d30,2018-08-06
6b99adce753cfb426a4f523b7b023185,3f90a07d2a7219021eb477703a14f817,delivered,2017-08-14 23:34:36,2017-08-15 00:44:09,2017-08-17 20:17:32,2017-08-22 18:09:25,2017-09-01,64ccf5b0558fd100011663ef2b4f21ce,2017-08-14
87a5815d49ea848c69d0d3227c5699cd,b5f3216609f09adaeb8d89a4de5057bf,delivered,2018-04-26 22:03:32,2018-04-26 22:15:23,2018-04-27 12:33:00,2018-05-13 12:27:34,2018-05-18,a30e4ebcef665c2b3c8dbb08b353551a,2018-04-26
3fe0550ff13606fe21abb5e1fc426a20,7b75c3c106052a5a4a6f8b95e794f0e8,delivered,2018-02-05 08:28:16,2018-02-05 08:35:25,2018-02-06 14:58:51,2018-02-28 23:07:28,2018-03-07,de2fbbe677f2227262758452eb1ea189,2018-02-05
45b1b3b169e059058cccd3eed24aa5cd,6f8fabdb68a6ad9c7f5d49413e65f46d,delivered,2017-11-21 13:00:21,2017-11-23 02:33:58,2017-11-23 22:10:29,2017-11-30 02:21:32,2017-12-21,dd77997918b0718d20f610f97175a507,2017-11-21
5296a60e3eef35a29bfacb328de58d94,347d2d46e041e08671c945edaa69b28a,delivered,2017-12-02 22:02:19,2017-12-02 23:31:26,2017-12-06 19:29:27,2017-12-17 16:22:49,2018-01-02,b5a5f413d1debecd51fd0e4874c03bbb,2017-12-02
a08da8f76f26fa82d1f0b71dc96088f0,1b6a91170099fdf2d39ef5bc066e38ec,delivered,2018-07-16 20:46:10,2018-07-16 20:55:28,2018-07-18 10:12:00,2018-07-26 11:26:56,2018-08-09,cc4413b0cfaa3bf63a4884dfaa5182e2,2018-07-16
7195ea0d4c4e0e38d3d73002b6d9afd2,415b55e1665311edb2b5a80ecb608dc9,delivered,2018-04-25 16:28:05,2018-04-26 16:55:47,2018-05-09 15:00:00,2018-05-19 00:41:43,2018-06-05,47858cf1872aa4c6ba4c9e5f90c5983e,2018-04-25
394907a7e0a1e9aec1cda252b4548179,ac91864806bf82d33d665fe207af3ac4,delivered,2017-11-15 21:17:08,2017-11-15 21:27:33,2017-11-24 18:38:51,2017-11-27 21:42:21,2017-12-05,54f304d1911142040a5f8e9d8679b985,2017-11-15
c58118a3ddd13cf8d8ed345485f5ba28,37bfa4d2789f73ee5dede363eca1d3e3,delivered,2018-01-19 10:38:55,2018-01-19 10:55:46,2018-01-19 19:52:27,2018-01-26 20:45:34,2018-02-09,b17a1dc376ce0f9b84526dfd0b1db02b,2018-01-19
b40ee43d69ef05a0fcd620401e329efc,5e482d27396e900d40249797158c5507,delivered,2018-08-01 22:24:04,2018-08-01 22:35:22,2018-08-02 14:24:00,2018-08-03 17:47:35,2018-08-07,91bb6c8377b8e6b761c2183cd9058189,2018-08-01
4e19d5224178c861043985f3f63fed27,20e25c40b1cdd5ac516a4c74309b327a,delivered,2018-08-04 10:37:23,2018-08-04 10:50:10,2018-08-06 11:06:00,2018-08-09 20:47:51,2018-08-14,8868915b7693d8dd554057e2323d87da,2018-08-04
e6973efb7531da53045bc278f46665f8,79153fe008151c401cc66931835b78c6,delivered,2017-11-28 16:07:11,2017-11-28 16:18:36,2017-11-30 18:23:43,2017-12-06 20:22:11,2017-12-12,40fafec9672482335351300fa7038b3b,2017-11-28
589933ac523b325d3739a6540f7f6715,036a5ec4de2e7e95d1bac6ba6cf5b327,delivered,2018-06-24 20:29:34,2018-06-24 20:54:52,2018-06-25 14:46:00,2018-07-06 15:32:10,2018-07-27,96bd810529ea2caa1615706fa6e201d3,2018-06-24
08d55e35f34806d85f4d99b62297e578,46c2fcd47be22a210f709e1cf4964ed2,delivered,2017-05-16 12:02:02,2017-05-17 13:05:20,2017-05-18 12:01:35,2017-06-01 10:56:43,2017-06-16,d3505b78fd4fb8c1829e26a7ec8349c8,2017-05-16
01725657be56c432d5aaa2f914ae2c56,d21e2497e6b83b755f5e6f4c8d159ed8,delivered,2017-10-17 08:52:14,2017-10-17 09:07:28,2017-10-18 10:40:07,2017-10-24 20:23:01,2017-11-08,69171b423d7a60f907d5e8131ffc6908,2017-10-17
55f2d8cb4b644ca9cc2da77732fd1117,c45d972653c58a5c8e83032f8749401d,delivered,2017-10-15 13:56:49,2017-10-15 14:14:18,2017-10-19 17:45:06,2017-10-20 17:51:53,2017-10-26,1c6090d4cf4eec0fcc94535be0f6761f,2017-10-15
b9ea5c162239db0802dc052780f572c9,f5e54d73deacd8b5b2f5cb8558ec7059,delivered,2017-07-19 13:44:39,2017-07-19 13:55:15,2017-07-20 19:52:44,2017-07-27 20:57:49,2017-08-14,e8cf39d77b3e26275538f302fad519ca,2017-07-19
89c88883c8357590eb4ba9775221fa85,3b8e59b4dd459417692c3d9e1232f450,delivered,2017-11-28 12:01:19,2017-11-28 12:16:39,2017-12-01 14:08:33,2017-12-13 20:07:57,2017-12-29,722a10b76a408d5de216733115a85cbe,2017-11-28
01d5897e2c8a23b37ec65e0e72fbe956,f36f2bd8be3b6c261d6390939cb24620,delivered,2018-04-06 11:45:09,2018-04-06 11:55:19,2018-04-10 21:21:11,2018-04-11 21:46:53,2018-04-24,4f0f7bcd320ea05f9af566b80f092095,2018-04-06
a19d3fedf94faa61bd1358631200e748,08b24593d911d9c0cdd1ba943a7a0cea,delivered,2018-08-23 01:11:48,2018-08-23 01:25:08,2018-08-23 16:26:00,2018-08-24 13:04:40,2018-09-11,9f01bb6d88c0427946689068af9c168a,2018-08-23
3f50858a49c788f7633204f2fd7bf63f,b5d131af7951f37c72c8439e2eb9bf0b,delivered,2018-04-08 18:40:10,2018-04-09 18:35:17,2018-04-10 20:56:47,2018-04-25 20:48:56,2018-04-26,0cbaa74a511e52c7470f2c85f2ebd559,2018-04-08
05da04fd9f94dfb49fd643216d2cbe1f,8dc1b1a511cd62c200c437fb43d2246e,unavailable,2018-01-04 11:33:15,2018-01-04 11:48:55,,,2018-02-01,c46e73e2dcd78c07869a4772469e9d3e,2018-01-04
b512ddc51c7e887830f3e11d3a4d0f9f,0e906c073c9418e8341f112d62703d7e,delivered,2018-07-28 21:59:02,2018-07-31 03:35:19,2018-07-31 11:32:00,2018-08-07 00:04:16,2018-08-22,2fda52516cd81f3fdd6f488c08aec8f2,2018-07-28
8bc56c2bd5d8abe887ee0e3ec84a5c66,2ad23c1ae8b1bd75624c1c1874f1fd6f,delivered,2018-08-23 16:52:37,2018-08-24 08:30:14,2018-08-24 14:55:00,2018-08-29 17:46:36,2018-09-20,f487a29025a4cc3a26984d72cbd607bb,2018-08-23
2d5058747a7287ed0678a7d65af01329,656a9a2137ff69e7b9f566af06069db7,delivered,2017-03-14 17:16:20,2017-03-14 17:16:20,2017-03-16 14:44:47,2017-03-28 14:35:12,2017-04-04,fa8d70c99f02e48610559ec7b8ccc8ad,2017-03-14
bb31e0bc46d4bf098ba2bea9092a59f1,89e206778d5691ee3bbe40bc2f6bb541,delivered,2018-07-27 20:07:41,2018-07-27 20:24:25,2018-07-30 10:56:00,2018-08-10 21:46:32,2018-08-16,d341b26e5d0d7a324c86102bbc892360,2018-07-27
27514105d8e0e8c947e55e04d00037a8,cce0ba687bf831df6a61c35720377ea6,delivered,2018-08-20 18:49:47,2018-08-20 19:09:55,2018-08-21 12:06:00,2018-08-23 21:18:39,2018-09-04,6aabcd4352cc0807820437f47d65a80a,2018-08-20
9f792c846e897702e89fb06829be1b0b,827cbe2af76bd50839030b7576d704e8,delivered,2017-09-13 23:41:20,2017-09-13 23:55:10,2017-09-19 16:44:57,2017-10-19 20:13:51,2017-10-06,9f5e91d56f3c3c192a0ee7fa88de7113,2017-09-13
944b3e66113a84e8e19010f5bf2701c4,3f34cbecc617815bc8418b236ae3065b,delivered,2017-03-29 11:15:45,2017-03-29 11:25:14,2017-03-31 12:32:31,2017-05-24 14:42:26,2017-04-20,5968cfddb2ef44dc51f45a9f56a327d7,2017-03-29
8880101bd698b1b1c4d7f46a246c620d,8ba2ae86c5eea9ed1d54c74edd708364,delivered,2017-08-23 17:33:51,2017-08-23 17:48:47,2017-08-24 19:28:47,2017-08-28 21:52:24,2017-09-15,34d053f46fe2428126478bd986acb8c9,2017-08-23
2819ec2a16c2a605c9f8662af33e1977,0e947f9fa7d3390ea3a8bd2499967679,delivered,2017-08-21 14:22:59,2017-08-22 04:15:55,2017-08-23 13:53:24,2017-08-29 19:06:58,2017-09-27,4fdfc616a05dad4230168c35a43b52b4,2017-08-21
a9cbf21f2b8f64fff679d8e4e0c838c2,6c66e2071e5f03bed32caffdfff49061,delivered,2018-07-09 20:42:03,2018-07-09 20:55:29,2018-07-10 12:30:00,2018-07-13 17:32:13,2018-07-24,7e43d1356658070d620ba33517571195,2018-07-09
f37f105aa1128b56962047c8bd46b4a2,7da7de34bdf57bec6ab555adf3c8a356,delivered,2018-02-18 08:35:38,2018-02-18 09:35:29,2018-02-21 21:03:45,2018-02-22 21:09:56,2018-03-06,326fc9a2eae0253cf43bb3bfba74da83,2018-02-18
81fd7eecfe5e2fdb7788d4dfd3283f23,5248cad808d81e452e3dcbf7904d2a40,delivered,2018-07-10 15:43:01,2018-07-10 15:55:18,2018-07-13 12:46:00,2018-07-21 00:58:38,2018-08-17,e7578edd375c5c3b03f2eebf879cbd26,2018-07-10
c660221edd9f1170175ce048f14b6003,62df8cffaee82da991fa157039a84ff2,delivered,2018-06-12 16:04:11,2018-06-12 16:50:39,2018-06-13 08:23:00,2018-06-20 19:59:33,2018-07-03,78a936367c397d3eb5fbe142a2830b0e,2018-06-12
0eae12a41feb1afc14ffe3ec81feb168,e4fdc57877b01294d35391436f6c1a2f,delivered,2017-07-18 15:19:37,2017-07-19 15:25:15,2017-07-20 17:48:43,2017-08-03 18:57:55,2017-08-11,6e1b87939cbc8e35d3d57f03e784894a,2017-07-18
58293f63cf0304768ab4811c0f4dbe17,8b0be9bfc47dd1771ba01b85951aa770,delivered,2017-08-01 21:55:55,2017-08-01 22:25:17,2017-08-02 16:32:31,2017-08-12 14:57:00,2017-08-23,48544e2a72d681a47b88eeb02b2c882e,2017-08-01
2889d7816934298a0f5a4a30ef3ffbc7,494fb0bd072cd8ccf901962d207864a8,delivered,2018-01-28 18:28:32,2018-01-28 18:50:15,2018-01-29 17:19:01,2018-02-22 18:39:03,2018-03-22,2d006f3f447dba0133fac880d10c8978,2018-01-28
ba81383846b0b6c97b5160f986fa3707,18e4dd593a3162753b5c6081fb581862,delivered,2017-07-29 21:51:40,2017-07-29 22:05:23,2017-08-03 20:39:42,2017-08-24 19:37:28,2017-08-18,ae5267c7ea681b3b3dee64aeea737d9d,2017-07-29
bd6d3b7e4f942dff1e9731788271d31c,ddb0847704f64266c5ebe285ce0a79fe,delivered,2018-07-24 21:32:43,2018-07-24 21:45:45,2018-07-25 10:13:00,2018-07-28 05:29:30,2018-08-06,2d09c3394311fd15314910fcab2477e8,2018-07-24
eb36186e43652c37fe13774f77e7271c,227479d882d32260a182a621faeb2bc3,delivered,2018-04-27 19:46:52,2018-04-27 20:10:57,2018-04-30 07:24:00,2018-05-07 22:53:45,2018-06-08,bc5a9f98885f5ed8951c81623a2f9d83,2018-04-27
a050701f6d3065c5615ffaccf27ec567,7e2637810f18996f6578e128406a08a8,delivered,2018-08-18 20:19:40,2018-08-18 20:35:13,2018-08-24 13:24:00,2018-08-30 14:51:09,2018-09-10,9c5b8288840b8c9dc1ba41fd831fe15b,2018-08-18
0d6a64885a982f58d718b69ccab80755,60a4a920e3446d6063f64a583716a516,delivered,2017-07-20 11:44:01,2017-07-20 11:50:25,2017-07-22 14:07:18,2017-07-24 16:27:37,2017-08-04,f1a9ebc6fb7973f9a2b69cf429ec6533,2017-07-20
93b3fec4ab5648e985ee7e781e0e1b6d,5af98f1851ab9a8e9e8f94d35f8fe478,delivered,2017-11-17 15:31:33,2017-11-22 02:47:28,2017-11-23 21:58:53,2017-11-24 21:51:33,2017-11-30,4c39075fa934a8ca18c7605f94517621,2017-11-17
afc72297ba4fcad6dd5bbd73e9cfa715,75f96f9198e17d73fcdb956190b6bae8,delivered,2018-02-24 22:12:53,2018-02-24 22:30:41,2018-02-26 23:38:10,2018-03-05 15:33:21,2018-03-27,bc1dd2d8cb545e344edf948bfd56d7b5,2018-02-24
ba6a0a51f6852a4e562acc5feb6ca75e,d5963ef8d85391ac76157ec238ecfe6b,delivered,2018-06-12 14:14:08,2018-06-12 14:46:10,2018-06-12 13:50:00,2018-06-19 17:46:35,2018-07-05,687029f2809c27ba70b9a26833d966d6,2018-06-12
3d28169cfef7d5273f7a6f7b1597f2ee,643b1660b79ac0af253ac10104f20427,delivered,2018-07-25 13:51:24,2018-07-26 03:10:26,2018-07-26 15:13:00,2018-07-27 19:13:23,2018-08-02,0be410c95355bb82b28c14c361b88c10,2018-07-25
e51a9885ddaf8cc8e4a5f760fa7992bb,3dcbd63311cf3959c5a02ad4a923b714,delivered,2018-08-06 21:13:55,2018-08-06 21:25:19,2018-08-07 13:31:00,2018-08-18 00:21:53,2018-09-06,719b416ebeb9f51638f343c4cc19f742,2018-08-06
6b790716c732ae58171749841011d3bf,5ad00fc41f0c73546227681216f7df04,delivered,2018-06-27 09:48:32,2018-06-27 11:06:25,2018-06-28 11:23:00,2018-07-05 22:32:44,2018-07-27,cff4ca65539a18d2726699ecc1ba6aa7,2018-06-27
4044d99051c9cd7f9f00188ac0c829f2,3e4587cc2ed066dec42316af7e29c95f,delivered,2018-05-30 02:19:29,2018-05-30 02:35:11,2018-05-30 14:51:00,2018-06-11 17:23:41,2018-07-13,97cb88cfa78e2d78457520743210ae8f,2018-05-30
de1404a068c6c8c909897886a314bad7,5116eacd8d620b734c26a0f04e19b60a,delivered,2016-10-04 15:12:18,2016-10-06 16:05:04,2016-10-18 16:13:50,2016-10-24 20:35:44,2016-12-16,d7046ea561b819649385d6d524166f04,2016-10-04
ae4a905f158c49a81cd20d36a52ccc4b,80dceaacd607fe2959006b3796ad8a4d,delivered,2017-06-21 17:28:49,2017-06-21 18:32:58,2017-06-23 12:03:16,2017-06-25 08:02:51,2017-07-04,27f23190d48300c65de208da4ab689af,2017-06-21
16a7204d840d81ed38a60b9539607280,9d992f2faf3d1ff0c2f25d12a0e09690,delivered,2018-02-27 22:16:25,2018-02-27 22:30:29,2018-03-02 20:12:43,2018-04-11 16:09:50,2018-03-23,af6fd228b5573ca06972383de1716096,2018-02-27
0aa3718b7db60c5ebec88b485cb975db,aa6bbe83912aa4d9762752cf237ac30e,delivered,2018-07-13 01:11:10,2018-07-14 02:35:20,2018-07-16 13:48:00,2018-07-23 13:22:54,2018-07-27,bfc70d3b02a9960e0a177e8f7f62bfce,2018-07-13
c5c851cda96cf52bcdae7c0b6a803963,5424365f3a3a1983b91ed9a71997d18a,delivered,2017-09-17 11:21:14,2017-09-17 11:30:17,2017-09-20 10:36:11,2017-09-26 16:48:32,2017-10-09,0d45b97cf7630e0b26daf19e761687ba,2017-09-17
e90d8a867960fe909ecb460cb3a9e4d1,6640e9f8151ad65f948011756c423e9d,delivered,2018-08-13 18:26:49,2018-08-13 18:35:26,2018-08-15 13:50:00,2018-08-20 20:58:25,2018-09-11,cd6c68c5fad15e0a5a5c1150546704e0,2018-08-13
c32aa6c419d45714f23c9df96f217cc9,9f366b050522ce0b0a0642894cf42465,delivered,2017-10-05 22:52:23,2017-10-05 23:05:14,2017-10-10 16:36:58,2017-10-16 22:00:05,2017-11-07,087a15c8ca980ec2a40600246d772066,2017-10-05
fcf62e3aab276898567e4ab7e973417f,45fedf146203ef871bbcd56f99308d25,delivered,2017-06-19 15:17:49,2017-06-19 15:30:22,2017-06-20 12:19:49,2017-07-27 14:57:39,2017-07-13,e404cb405fa3037bce673cfd75a98e99,2017-06-19
24cf826a7c6a7038c6ec3a5173a4c78b,e5687fd6aa92cc5259ea61218a57e07d,delivered,2018-08-17 18:41:50,2018-08-17 18:50:28,2018-08-20 14:03:00,2018-08-29 15:12:36,2018-09-10,f5cebf91d23f846b7183a3007b07e039,2018-08-17
60243a953c19e3606e7757264ea2ad3e,1b520c220eb287288d456d947acec195,delivered,2017-07-09 20:46:12,2017-07-09 21:23:12,2017-07-12 20:03:37,2017-07-18 19:59:29,2017-07-28,03366d722c63b3b9e683fc38d5836699,2017-07-09
a6ac9b2c62d9ecdcff51ae90bf85d448,1cb4c60bac8c08b0e68492046cda3f0e,delivered,2017-12-02 23:15:10,2017-12-02 23:45:57,2017-12-04 20:33:56,2017-12-11 21:27:55,2018-01-05,e39cef91e65b14e6c86a3ea786e36c98,2017-12-02
6a0d7306e3f0cccd85e8bffa052d05ac,5740fcbe18b3f9d163e8da1365619f50,delivered,2018-01-09 10:32:00,2018-01-09 10:39:24,2018-01-15 21:08:35,2018-01-22 18:03:35,2018-01-26,97ac7e344c24f9a3b7f3b3d31a1bc6d4,2018-01-09
c43a1ac896c3a97a259af57ee8234ebb,e8b50ca21d06005cb154c363915124a7,delivered,2018-02-16 15:41:38,2018-02-16 15:55:35,2018-02-20 13:59:18,2018-03-01 01:44:35,2018-03-08,6a41171c962a6356e8ea95518821dd45,2018-02-16
6affe3f16752393cba3cabe7d1731a2e,ee89679fe593f6d6ea420a3fac625110,delivered,2018-04-06 16:14:21,2018-04-06 16:29:10,2018-04-09 17:52:16,2018-04-30 22:27:48,2018-05-07,554753696cdfd4aacbe9780bf9630536,2018-04-06
ec7aa10c8aeb4f2401199c40229fdbe4,191c6079fd74bb14301873023473bb9b,delivered,2017-04-25 15:05:13,2017-04-27 13:10:42,2017-04-28 13:17:46,2017-05-08 09:12:17,2017-05-16,027c8551b090d915b6c779c7e970ffef,2017-04-25
4a1a527ff317ce92a076fa6aed06508d,4d32a98e390433a11d785b4078826807,delivered,2017-11-24 10:16:20,2017-11-25 03:34:03,2017-11-27 23:03:59,2017-11-29 22:57:09,2017-12-14,442c6d640c754068dd2e714e0d1b106e,2017-11-24
8e9049bcada2b3f54f57b50c14212597,26efa3c9bd249b238c241e06d41d89f7,delivered,2018-06-09 15:20:48,2018-06-09 15:40:06,2018-06-11 14:29:00,2018-06-15 19:02:13,2018-07-05,580ef6a6635e6a26866431d9478ea707,2018-06-09
d931b40ce94a288787de6e568f9a76b3,1d0ded2f48df2b2bccec7f7cd8d2d17c,delivered,2018-06-07 19:21:36,2018-06-07 19:35:20,2018-06-08 14:23:00,2018-06-26 16:48:45,2018-07-18,9a7e25080c07e847ea2cfcf2e0cf5d53,2018-06-07
263f3f7d242662e761668500f88a6e92,d0063dff607a2459fa4d56c823e718b6,delivered,2018-07-31 08:33:32,2018-08-01 03:31:45,2018-08-01 16:44:00,2018-08-03 21:28:56,2018-08-09,cfec46a3ac31fb47bccebadd5051ede4,2018-07-31
573b067a37070f89ee054b516f889171,2ae5618c6b6cdb298dccef0e69bc7850,delivered,2018-08-12 23:31:05,2018-08-13 14:15:21,2018-08-21 09:40:00,2018-08-29 16:03:18,2018-09-04,68e3b9aa8653faf591d8e33d5154e325,2018-08-12
2b59ddd3b4175dd13033a71b56785a33,a192e83217022c634d89c73d018d8251,shipped,2018-08-18 11:59:18,2018-08-20 11:33:14,2018-08-23 14:57:00,,2018-08-28,096b79c3e26e6314ad27b2d346b9fefe,2018-08-18
bf912d30c6bc748c24a568e024cf1ec4,09740ab7c2513db9cf9e691b9266d292,delivered,2018-07-18 10:34:29,2018-07-18 10:45:11,2018-07-19 10:35:00,2018-07-20 13:39:33,2018-07-26,67f21e2b10915487ab8f220e102b6fc8,2018-07-18
c89196f74a201cf6b6a9f51b860c1614,4da0ee944b4f4740831a82067b23e5dd,delivered,2017-07-27 08:42:43,2017-07-27 09:35:19,2017-08-07 13:58:11,2017-08-11 19:39:59,2017-08-24,23703be6a68a983c83a29caa8c62b494,2017-07-27
4921567919029aa0950f3ebec0f91169,329970820ec5088911fd6d9c1926a73a,delivered,2018-06-17 22:38:30,2018-06-17 22:58:57,2018-06-18 09:24:00,2018-06-22 19:32:26,2018-07-13,b02f8d4c8c69decddc438e6daf08982e,2018-06-17
925f350ec2562f25e3431c97c2c1546d,de7f63b58b9b21f0a8301ddce1e9f2fd,delivered,2017-10-16 16:31:53,2017-10-16 17:08:29,2017-10-23 17:15:42,2017-10-24 19:46:57,2017-10-26,f7a276f5ee5d282d7bb66d6cfa5f01c2,2017-10-16
326a3f53e1327657d03e8ed95ffe5578,1eb99a314855cb67eeb7e425572eeff1,delivered,2018-08-16 20:32:56,2018-08-17 20:31:02,2018-08-20 11:45:00,2018-08-23 18:48:47,2018-09-06,3f2e59fe4ce9eefe4e12a262079ce810,2018-08-16
156d020e7c34fa12b2b61a68ba9c7c0e,7128153a5176fa37b2c282b24cea3119,delivered,2017-07-02 14:22:28,2017-07-02 14:35:57,2017-07-03 15:18:02,2017-07-07 19:19:43,2017-07-17,0f1e4786bddd707cfa51e4f45668dda9,2017-07-02
949e04ad7b67b1179b05d59b92beb7ba,388c16174d067179735b31163cb72c21,delivered,2018-01-17 00:31:26,2018-01-17 00:39:30,2018-01-17 16:18:14,2018-01-29 23:12:09,2018-03-01,7098f481051837244058668abd252847,2018-01-17
845318736fbca40fb55c8043a9871b90,26c63d25060ed07de984713416320179,delivered,2018-02-18 05:05:00,2018-02-19 14:50:36,2018-02-21 01:21:47,2018-03-02 22:52:34,2018-03-09,afcc9c2b1a0a417378249c7d5524835d,2018-02-18
88131f6562db887981cc8ab363deb03f,0d05af7e5a21aa81bdc60f6cb6ae91cf,delivered,2018-05-18 14:14:07,2018-05-18 14:34:53,2018-05-21 15:02:00,2018-05-23 20:24:37,2018-06-13,f674cc26af3723f9aeda6971493ae276,2018-05-18
c3c86ecc0f7508ffce2a4662f49d9d8b,76f4fa4aa87fa89b2ef1e17b86b425f9,delivered,2018-05-14 12:42:52,2018-05-14 12:55:25,2018-05-14 12:25:00,2018-05-18 14:12:20,2018-06-01,0f55cb62c5f93202d6b6abf23421dc16,2018-05-14
a20df1b1076ed252dc37fa9687207e02,172f6c5da4c886b4013514d6de6b44b8,delivered,2018-02-26 19:04:56,2018-02-26 19:40:32,2018-02-27 18:28:40,2018-03-16 17:58:54,2018-03-29,a34f3b7088cb15df6122dcc74cb10e72,2018-02-26
fdc0c4c2efc395cf5b80b60f573097cd,d691e507881083888d101b80911604bf,delivered,2017-11-08 21:35:07,2017-11-08 21:50:25,2017-11-10 20:28:57,2017-11-23 01:58:48,2017-11-28,8f27be984f3f629801e5135210e0b54e,2017-11-08
65b9d1326dd31ba17bd31dd467acb777,84bc99d4fa96340d94e6adce31619cb0,delivered,2018-01-12 20:44:17,2018-01-12 20:56:27,2018-01-15 22:14:24,2018-02-04 17:14:32,2018-02-08,b07205ad7ee98f10d90e75298e9e4527,2018-01-12
5cf9bee99b19ff8b30c36f0a4d3483ba,4ce2275dc1246c364f683d473ae3081b,delivered,2017-09-10 11:07:44,2017-09-10 11:23:20,2017-09-11 20:03:10,2017-09-25 20:23:12,2017-10-03,3aa423e4dde71155a37212c37c47ed18,2017-09-10
62cf6dda02445af325376ddf00bbcfdb,13ee665987aa0e4a0774873d690d1ff3,delivered,2017-11-18 19:08:27,2017-11-18 19:26:04,2017-11-28 17:59:48,2017-12-04 15:29:03,2017-12-15,fb26fc589f9abe8c36172fa387beb145,2017-11-18
44899a0a37e97bd716c345a12ad20bbe,8727f4771a4e25695244eaf3588dd8d0,delivered,2017-12-14 16:52:18,2017-12-14 17:13:05,2017-12-18 21:48:06,2018-01-05 17:38:25,2018-01-09,4389eb65520ce3c15fac57954850566a,2017-12-14
9cc025093e16276c24f5b98f3dc158a2,a81158b76309e2a18d9585b7bfcbde88,delivered,2018-04-12 10:51:20,2018-04-12 11:11:31,2018-04-12 20:51:51,2018-04-18 19:08:49,2018-05-03,ba3a6f1c69c6d20c3dcfab171e5fea81,2018-04-12
7e1c037b1854670dd27cda995f9b11e2,22a3b0e62211d8e0e28e374ce3cb6041,delivered,2018-07-08 17:57:25,2018-07-08 18:10:13,2018-07-10 12:11:00,2018-07-11 14:31:42,2018-07-20,3f9d987156fddc08ef77f52d1a15c073,2018-07-08
3f9c762e7f77ba31d50df651c8870d82,d5520f9b1f40475cb91eeef4956e3b13,delivered,2017-05-31 21:55:40,2017-05-31 22:05:13,2017-06-02 15:37:59,2017-06-13 12:38:56,2017-06-27,9d6180b002fa915ed9e6f79ffa9956bb,2017-05-31
7ecd3c8715462334ddba2f8da3988873,c8f8de9bca7ad3bca4a27578b5f210b3,delivered,2018-08-24 00:01:48,2018-08-25 04:05:16,2018-08-27 14:54:00,2018-08-30 18:21:44,2018-09-06,fdd98b4d0b20086f63da8dfa21c2a9fe,2018-08-24
9617fe1d020cfc23b838a49896e0f4e0,a6fc0381aeb367470f89e0fce611d4f7,delivered,2018-04-09 23:12:50,2018-04-10 00:36:01,2018-04-10 22:24:42,2018-04-12 15:05:58,2018-04-26,f6889049a2801e21211b556690f81590,2018-04-09
4f6c9a6e90735ece5281f9ed8b5d9b10,dddffccfa38bffb0c6e906c17678009e,delivered,2018-06-25 13:09:05,2018-06-27 08:30:18,2018-06-28 16:20:00,2018-06-30 00:22:10,2018-07-11,69c37ae48aef133ed9927e1306430707,2018-06-25
bddc45d741b0d84cbed088e1f1d47a81,5684f8bf0ee27f2003ba2380c4ba8b08,delivered,2018-05-10 23:06:15,2018-05-12 18:36:12,2018-05-16 14:59:00,2018-05-23 19:48:24,2018-06-05,12caadb5a521dab786cd45e51272dddc,2018-05-10
310abfc7bfd9ed2e2a2ffd77256c284f,bfa622c5b6ee7f16225494a05952cb73,delivered,2017-11-23 21:29:03,2017-11-24 03:11:41,2017-11-24 20:24:48,2017-11-30 20:52:02,2017-12-18,01aae089a9f716c2d948a24c5406603d,2017-11-23
130ad13d352ea9a42e192286ce0bb54f,5f2863912271f8d8b3cb7b772300fa7c,delivered,2018-05-04 22:43:20,2018-05-04 22:55:12,2018-05-08 14:35:00,2018-05-22 17:58:47,2018-06-11,092693d3fdb3339e303e84220fa9c702,2018-05-04
73d180818896fc261f4c0939225b536b,e2aaac764021d16f6585598a89c5e583,delivered,2018-06-28 14:57:01,2018-06-29 14:50:16,2018-07-03 06:01:00,2018-07-05 21:33:38,2018-07-23,7f863724c64346977b63cbbd6723f36a,2018-06-28
b3514348dbf9b6aa45556bb03f2728a9,3a832bedadec4eeb67d0942c8f2f37b4,delivered,2018-04-05 22:08:31,2018-04-07 02:48:04,2018-04-09 23:52:04,2018-05-05 14:41:37,2018-04-27,90e1f0d98aa33c74e43fb62004a829dd,2018-04-05
db59e4d919b738f6f1b8b9b56345b567,45c7a5fbacda5a0c424b9dab652b2e8c,delivered,2017-07-05 14:50:36,2017-07-07 02:45:21,2017-07-07 18:32:17,2017-07-19 18:49:24,2017-07-31,291b7ba7e7bbdfe452c2ae058afd15be,2017-07-05
eee3e81a1085cef3ebf94c6f7999bd94,632c2bbc016c9251e9856147d786583f,delivered,2018-01-16 15:03:08,2018-01-18 02:11:40,2018-01-18 23:04:40,2018-01-24 19:28:43,2018-02-08,88c93470cf3ee55b03dc05b4869fc9f1,2018-01-16
676e8e8f2f7d4d644019e9aac8b76ef7,963d351c455e0aa38af6e2628c4e6eb4,delivered,2018-03-21 10:40:01,2018-03-21 10:50:38,2018-03-23 16:42:30,2018-04-04 00:28:44,2018-04-19,89bf48036b70590930a0aa95057e75b0,2018-03-21
0de53a4efa2bd4fabcf88a53d812bfd6,384de3712964dac9608be5ca37617e39,delivered,2017-08-07 15:13:13,2017-08-09 02:56:00,2017-08-14 14:46:53,2017-09-18 16:57:57,2017-08-25,6e842698bc44b11255a9f13423ba9a4a,2017-08-07
0259ec3c458d0e8c7564647a42408fa6,7c91fa46908712a478a20deaf86252bf,delivered,2018-03-14 08:53:31,2018-03-14 09:08:20,2018-03-14 21:52:41,2018-04-02 16:18:39,2018-04-11,dd7a6c4682e8eaa62b1a7d9d1abae7e7,2018-03-14
5622cec2b5b8d2b00710fe5816a3b2d3,151fd668ec7efbd0d623655a0567050d,delivered,2017-06-23 12:53:56,2017-06-24 15:55:21,2017-06-26 12:18:04,2017-07-07 21:17:23,2017-07-27,ed9787ae5adad08dcc7f2d439477ae47,2017-06-23
3f14ebe155866508ab24849e541695dc,305605f68762a66d8601f01fb62a97f5,delivered,2018-01-26 16:14:21,2018-01-26 16:34:03,2018-01-31 20:07:28,2018-02-16 11:53:36,2018-03-01,93de852e696fd919a7de0d683840dd26,2018-01-26
aad9d209c0127f5edddca4e4a3fcd8e2,1b56becc60eeb912a3fbd83c000f51bb,delivered,2017-06-24 21:11:40,2017-06-24 21:25:12,2017-06-27 14:03:10,2017-07-03 13:51:56,2017-07-18,177367d56b443995a4d4199475958d85,2017-06-24
90cd03f08ec3def09cf99113a1d6daa0,d30b5dc94621b29eaa650a26bdfccf84,delivered,2018-01-23 13:49:16,2018-01-23 13:59:32,2018-01-24 17:19:05,2018-02-03 12:36:53,2018-02-16,7840f8830a40e935d7c50f4ebc9aa921,2018-01-23
c94afbac001c0b424f8ae04023a476b9,0be04a8ef16bc25b5dc43d6077d9f87d,delivered,2017-03-20 09:19:40,2017-03-20 09:19:40,2017-03-24 10:36:07,2017-03-30 09:34:40,2017-04-11,659ee59482fb5a41632c2c2f2b3fffdc,2017-03-20
fd35f639e285f0bbaf74bda9f4e55b60,975205a0f979b7f66e9c34762117b38b,delivered,2017-04-04 14:54:18,2017-04-04 15:05:20,2017-04-05 16:35:50,2017-04-10 09:47:50,2017-04-27,7d34f4a28b0abbc5a8ae3e6fc49de2c5,2017-04-04
e520f0510b121c81ee4602e3851642af,0dc06ef8da1acc3b8d98b0b019335e0c,delivered,2018-02-14 21:11:44,2018-02-14 21:25:26,2018-02-19 18:37:10,2018-02-23 16:09:48,2018-03-07,fec118b78b0152520c46646c7353bd7d,2018-02-14
ed5603443e33d323cc6bbde5d9e74d25,9e1ee238ab71a46123701b18c7f96a70,delivered,2017-12-11 21:02:19,2017-12-11 21:14:29,2017-12-12 20:13:12,2017-12-17 15:27:14,2018-01-09,ae799ab5335e008fc47e663ea9523348,2017-12-11
b514b1f7c5528c90353b809b62621ea5,859713d6b1398e71a978f356b694a7cf,delivered,2017-07-06 16:52:15,2017-07-08 03:25:17,2017-07-10 19:52:23,2017-07-19 16:43:00,2017-07-19,07d86af0ab7f0e9fd6c8a1e34c65a9ba,2017-07-06
525d105e2cd069520f58e5dc01013b3a,fb1f59ef5601ec548e29f2d3a5b0b7c9,delivered,2018-05-15 19:42:45,2018-05-15 19:55:22,2018-05-16 21:23:00,2018-05-21 14:48:36,2018-06-01,c57b812554beb86fbe108c7889cbbde1,2018-05-15
bec23d0357e57ab1fccb9e62aafc0147,83f646283cf2aee6c89eec4139deb462,delivered,2018-03-21 21:51:20,2018-03-21 22:27:36,2018-03-23 19:54:52,2018-03-29 17:57:06,2018-04-09,b16b187570da7495c0e617f6a59cecda,2018-03-21
b3e7c48746eba08d51acd48ea21e6c07,3e9da517604550f3c89b910c3af40a92,delivered,2017-05-23 15:22:21,2017-05-23 15:30:32,2017-05-24 14:07:02,2017-06-28 13:27:40,2017-06-21,5fa61594629c87baf0d75bdceae1cda2,2017-05-23
0d90fa904d8777ce037843a9b0b501e1,f8c5bb7a1dea3cfb4e17d5306c62af6b,delivered,2018-01-26 22:01:58,2018-01-26 22:14:20,2018-01-29 19:24:49,2018-01-31 01:04:16,2018-02-09,66281411321f598e4de5c7057fdfa0a1,2018-01-26
33f85a7c0485cf4a504f78608c5d57c7,cf99f12a04c7b9dfb3d58338e80b7ae4,delivered,2017-02-05 05:19:23,2017-02-05 05:25:08,2017-02-06 13:30:11,2017-02-13 15:35:47,2017-03-15,7febaab74c4fbf9f3241f62ad0c3368a,2017-02-05
f7a813a4fb81ba062da9767aff53ed6e,078d1ab1e800b24415a6d90e582df853,delivered,2018-03-12 14:29:39,2018-03-14 02:35:44,2018-03-14 21:52:45,2018-03-28 16:58:45,2018-04-12,af4a0bb895d2c8c821bd955648aca24e,2018-03-12
8b982020bb9eb478d9cacb4d7e7f4a05,0223eb5be9da5ae975225c094452c472,delivered,2017-10-20 14:54:52,2017-10-20 16:07:04,2017-10-23 20:56:57,2017-10-31 02:15:47,2017-11-13,1a0f743333e14aae6b0b8a37bb31ef78,2017-10-20
910009939cfb74f3c7bb36e1f8a27a39,4ce4a86c35b3be558433a12b6f55ffe0,delivered,2018-04-09 14:43:53,2018-04-09 14:55:15,2018-04-10 00:38:55,2018-04-10 17:23:28,2018-04-25,ab924939f90cbda26738c999a16e1132,2018-04-09
a312bb85adfdd8a06eff1dbd25f527b7,a8e0a1db9067553bedd48e45e9d20320,delivered,2018-06-10 11:32:43,2018-06-10 11:51:09,2018-06-11 13:49:00,2018-06-15 18:18:45,2018-06-28,f5bed7cb6bc615441e6ff7cbec4cced2,2018-06-10
c4c3ab935544a304e782b38b7c7aa044,410c833d05f34a5cc222c9b62fdc13dc,delivered,2018-08-06 11:27:41,2018-08-06 11:44:34,2018-08-07 10:34:00,2018-08-09 19:40:33,2018-08-14,53ee07881a49fd508030f345ed9ad12b,2018-08-06
e0ecc24cb9353995d68ef51d9fccc54e,183e4c140e9502479f274fc84c591267,delivered,2017-06-11 21:05:30,2017-06-11 21:15:24,2017-06-12 10:07:11,2017-06-21 16:07:23,2017-07-11,85969eb3a76c0092a0b5670fbc715cf5,2017-06-11
25b29cdbf0a67e91af791d5df6d1745c,9bb8cbc25d672cd5e5d83275157b076b,delivered,2018-05-05 22:07:26,2018-05-05 22:15:16,2018-05-08 12:46:00,2018-05-09 15:28:51,2018-05-18,d265f951e56d663922ee3d360426d5dc,2018-05-05
5b11ad967b9d5763b6f2417944c07f57,9ed86c5702b8b4de57c3444769159a10,delivered,2018-05-03 23:50:00,2018-05-04 23:50:22,2018-05-08 08:27:00,2018-06-15 17:49:56,2018-06-01,430612fe92a0990b27892b26f4b0b06d,2018-05-03
4df87ac1ab76b77699ad16fc5635dbeb,e4ec9be4be7f266c3faf392040727a9b,delivered,2017-05-08 10:39:19,2017-05-08 10:55:13,2017-05-08 15:28:18,2017-05-18 12:24:36,2017-06-02,269d2edc97deb5d17768e1d624adff35,2017-05-08
31d9a6982f9690f7618f0a5d647504b0,b9e34574be980df75b9142b558bcb243,delivered,2018-01-22 16:53:38,2018-01-22 17:16:04,2018-01-23 13:59:49,2018-02-07 17:41:36,2018-02-21,ed6f986b80f9ac942004153ae4da9d2b,2018-01-22
5fa285b6edf81b62a0b66dae40d38d0e,d2ba1482a253bd684cf7343871db748b,delivered,2017-11-24 01:45:00,2017-11-25 04:30:44,2017-11-28 14:24:31,2017-12-07 15:15:56,2018-01-05,a429cfdb54daea01eb4345d16d5ec680,2017-11-24
9b8f3948f0476494b86f7785f7c1e848,a59ed836159803b7ada158d0b8364e84,delivered,2018-08-03 10:57:22,2018-08-03 11:10:10,2018-08-06 13:07:00,2018-08-09 23:40:56,2018-08-16,7abf67f973d56cc3fc6d993a715dd3ee,2018-08-03
ed35f59756edecbfcefb866146f00905,3a1e5902bb274b86dd980f371e207651,delivered,2017-12-16 19:41:46,2017-12-16 19:50:57,2017-12-22 21:58:42,2018-01-03 19:43:35,2018-01-16,6976991546a290faff14b82abaa65779,2017-12-16
52c5b44c805ae7434617748f59467320,13f5f91f46713c9ca70ad436db456b77,delivered,2018-02-23 19:20:21,2018-02-23 19:30:26,2018-02-27 10:42:22,2018-03-12 23:45:10,2018-03-23,2bc7ebf4e970183f5bd343a653a8c307,2018-02-23
ff21d2af725ac280e439dc584456e19f,b38d15c7dc1cda6caded2ceb0d63cc3a,delivered,2017-07-13 20:07:41,2017-07-13 20:24:26,2017-07-18 16:06:48,2017-07-26 21:29:24,2017-08-07,6ab2e4b7fc40be0ea3f52a97b848c17c,2017-07-13
fd95894b24d15538aa7d85f7039d81bd,65bb88fae56a78f0b0792dba22231f69,delivered,2017-12-01 23:29:16,2017-12-01 23:55:03,2017-12-07 14:43:02,2017-12-15 23:29:45,2017-12-26,726533e4185c25f2b73d0c52f90f9024,2017-12-01
6d04c19bc701d2f56dcc0a92e929de0c,de00c2f2f474d7fbf7368950077551f3,delivered,2017-10-10 13:09:55,2017-10-10 13:28:55,2017-10-13 18:00:07,2017-10-18 19:13:30,2017-10-30,88cea4ddfee5a1a14ba80f48ebc64915,2017-10-10
125005c942aa889a867518019392d649,2916d07c039abec3c61650db8f0cf02d,delivered,2018-06-13 15:19:03,2018-06-13 15:38:35,2018-06-14 15:24:00,2018-06-15 18:08:37,2018-06-25,4040fee2ac5e5335a8059e297ff1ecd6,2018-06-13
1eb823605a5556c5e6efcdb09eae3c0d,0d9c1897b75f4e73a36afd8a0a622f7f,delivered,2018-08-16 07:17:50,2018-08-16 07:25:09,2018-08-17 14:57:00,2018-08-29 17:09:33,2018-08-29,22d3cfebd5ec975761dbc407b82ec0b0,2018-08-16
d2621e5ff64aedbbc297e323fc18bfe6,ec197c15f97c64139e0c62e7a358ff87,delivered,2018-03-15 00:05:18,2018-03-15 16:36:00,2018-03-16 19:19:43,2018-05-04 15:53:58,2018-04-17,4856ffbe4c074b9ccd4d7f28be021a60,2018-03-15
b2183f3202315420b832c60b08cf7fd6,e570717173d102e11fb97d1731e80067,delivered,2018-02-19 19:05:00,2018-02-20 16:31:16,2018-02-21 19:34:09,2018-03-05 20:25:27,2018-03-09,4100b9059bb8d52925edd1ac5cf9839a,2018-02-19
de001e88a16cecc089b911816d0cc818,800e0a5881496753a6583daf93f88fa2,delivered,2018-06-24 20:22:37,2018-06-24 20:39:55,2018-06-25 14:06:00,2018-07-03 21:44:53,2018-07-23,4719fba0799495f29a6bd750e76ff63d,2018-06-24
fff8286f77788ab8b55b2e5747fa7dd8,e79f494063c25f5c673222d8a2cc6f47,delivered,2018-07-03 21:53:22,2018-07-05 16:22:01,2018-07-04 14:33:00,2018-07-06 14:51:40,2018-07-20,8d488a7bc7c301bd9781b70e7970eeac,2018-07-03
448632769b45cb2d1dfce6b88fb4bf88,611bb3d5428937dcb7a0a7ad5cf13056,delivered,2017-11-09 16:52:49,2017-11-10 03:07:00,2017-11-10 21:32:08,2017-11-22 22:44:06,2017-12-11,95841defc315115b78918b1692a506d8,2017-11-09
f804f51ce462b9e8544ac8db4b43362c,84f53814bed2afcc48218cd17b23aa80,delivered,2018-06-19 13:55:57,2018-06-19 14:17:31,2018-06-20 16:57:00,2018-06-28 18:53:28,2018-07-17,372b41e8faa2819e0b6346b16cdf402b,2018-06-19
4082a09e70f0dcced54c17ec25ac2a50,cc385515e1e2e16798c876b78a024190,delivered,2018-02-07 16:41:24,2018-02-07 16:56:06,2018-02-14 11:33:19,2018-02-22 23:09:44,2018-03-15,afabf6c6816e00a5d0edb86c3de3ed46,2018-02-07
84f40c055bf1ed329fcf2f4ec4e9e9df,20604bcc9703b6f0c4101a04e249ebd5,delivered,2018-08-03 23:11:47,2018-08-03 23:24:19,2018-08-06 13:54:00,2018-08-09 17:58:35,2018-08-21,561d12b11588768ed517a0357a98c42e,2018-08-03
79ac824c2c87ae595b94b069e1c78aa0,ce7415c21823c7a96d8f00f437557106,delivered,2018-05-17 16:59:15,2018-05-18 01:17:36,2018-05-22 16:29:00,2018-06-04 18:15:32,2018-06-18,ff9a8f06a79108c039694913b23e4393,2018-05-17
e55094da7605b6e7fd370e4a4be7194d,0b27c03a0e52a22dac95ab11d810cbd8,delivered,2018-06-09 09:33:44,2018-06-09 09:52:06,2018-06-15 13:06:00,2018-06-30 15:37:56,2018-07-17,1e10e23a3c7357443557e7f3ea7ee96e,2018-06-09
372df3741f14e71ce00b8cb9a28aee67,14cd94b89c89b4e65cec15efdacc0a88,delivered,2018-01-18 15:17:24,2018-01-18 15:36:20,2018-01-19 22:17:46,2018-01-25 18:33:32,2018-02-09,cb5deeee2739d692a0f11165655c3f07,2018-01-18
7ec44a8d0d3cf4b2933c5c6dff801adc,cdfcb5ee3d47d7bb53ff911358182913,delivered,2018-08-20 17:59:47,2018-08-20 18:15:08,2018-08-21 14:51:00,2018-08-30 10:51:20,2018-09-14,c568fbde817b078e3ac6cc9d082b5338,2018-08-20
8e4090f70c05cc129247bc0edc095dbd,a2db0e3981649a07f611233bbc0550ed,unavailable,2018-04-02 10:32:19,2018-04-02 10:48:33,,,2018-04-18,30022ac0c29256b11a4f82a5a58d9e35,2018-04-02
77857b5f4745e31dcc0626a9326f6543,36aad88aa6b75c986f11eecc4380bd66,delivered,2017-02-09 20:26:53,2017-02-09 20:35:21,2017-02-10 09:37:55,2017-02-25 10:08:52,2017-03-14,b18800b8c67d2e202aad9e8ec84b6d46,2017-02-09
4461b95e70e309fde34dd20048ecc0dd,5b130ea9627999a8a8be32af3381b7b8,delivered,2018-07-25 16:47:19,2018-07-25 17:04:22,2018-07-26 18:17:00,2018-07-27 15:03:13,2018-08-02,534f8a2bb6107470a5cf33bc14d8fa00,2018-07-25
d69e5d356402adc8cf17e08b5033acfb,68d081753ad4fe22fc4d410a9eb1ca01,delivered,2017-02-19 01:28:47,,2017-02-23 03:11:48,2017-03-02 03:41:58,2017-03-27,2e0a2166aa23da2472c6a60c4af6f7a6,2017-02-19
032cf17f7a713287e46999fddea6051b,7ec44117b7760d297447f1cff2a10967,canceled,2016-10-07 12:21:07,,,,2016-11-17,b0cfaead61116dafe5fc20f4c9a91754,2016-10-07
2e318792ba96e5cfa5b52739226398ef,52eff6a6565545f41f636883bab3f2e8,delivered,2018-05-03 10:57:17,2018-05-03 17:15:22,2018-05-04 08:57:00,2018-05-11 20:33:12,2018-05-29,25a31b44149e8e16ae85af1b3386a29b,2018-05-03
beab056c7361472f52bc576a3678c08d,dbe961508522b92585af6a7f387f912f,delivered,2017-05-27 20:58:23,2017-05-28 21:05:14,2017-05-30 13:14:08,2017-06-09 17:43:46,2017-06-21,01051cf3719a23faec8b2307b369faeb,2017-05-27
f4ce5abb3bd4aac9e9c5f5685604cbcb,ddd8286004af97e1509997c76d83e106,delivered,2018-06-30 15:10:49,2018-06-30 15:30:12,2018-07-03 09:26:00,2018-07-10 15:44:53,2018-07-25,996ba48a5186b3e3186b8518581d1067,2018-06-30
fb52c1aeadce7c26d4c57e429909eab6,b0c1aafff555304981f80c9447e70fda,delivered,2017-08-30 21:25:43,2017-08-30 21:35:18,2017-09-18 18:24:49,2017-09-26 16:28:52,2017-11-13,4108cc12676e361235c5fedddffb87cc,2017-08-30
27caf2d2f406488cb17f200b98a2079e,2e668121ef0668b3acd48b081aeca131,delivered,2017-10-03 11:10:28,2017-10-03 11:24:40,2017-10-05 16:45:04,2017-10-20 20:53:00,2017-10-30,2193e4ab01b6fa3e74f72f2a4ab26690,2017-10-03
48a1c733458a579cd85f95918057dc82,95b738395bf0327a8ecfd0dc17118bd6,delivered,2018-04-10 12:31:30,2018-04-10 12:49:53,2018-04-13 00:12:06,2018-04-17 21:38:50,2018-05-03,92c414ce1265e0100c85104e52d1c27e,2018-04-10
7cd437e4308ccfdf9df64a5cd7cb3cce,4331f77fceb3590431c15325eb98d4c6,delivered,2017-06-07 15:12:14,2017-06-08 03:05:40,2017-06-08 14:59:42,2017-06-21 16:55:57,2017-06-28,cc7bb9eee1f98681c161ca52d0d2dfda,2017-06-07
ddc248e53783054c5f4db2e785d9543a,f6bb7b61f69f163fa92942a84c9233d6,delivered,2018-03-23 14:43:22,2018-03-23 14:55:33,2018-03-27 02:14:49,2018-04-05 19:03:44,2018-04-18,623632ea052eb9b98d86fba7b8498df8,2018-03-23
89e9df58f9467394ba51d33de90781b4,466b378a3d77d64aa19e741c7f72b204,delivered,2017-12-03 18:35:40,2017-12-03 18:53:44,2017-12-08 18:24:51,2017-12-22 20:23:45,2018-01-03,8b88f64495d95d12a12c0d71534d0faa,2017-12-03
6a2c6de79569cdd1082c827a4684ffa8,aff8552216fa5b4c2d31ad27befe1559,delivered,2017-05-12 13:18:49,2017-05-12 15:02:47,2017-05-17 10:44:45,2017-06-12 16:17:54,2017-06-01,8c1cc735707667f8df0c4de762b0c92a,2017-05-12
7f3a85f7f81ab955b7d591fbc71087b0,4fcf92d96f6050b6e2b3594a4823c2dc,delivered,2018-01-21 17:40:22,2018-01-23 03:36:53,2018-01-23 16:47:06,2018-02-07 21:28:36,2018-02-22,b54e87557a10b8b7b73348e076fc19db,2018-01-21
c71ee8376af932d723ef73120320af53,534b1baaa8b375f0fc4a2088dd5b0f68,delivered,2018-02-15 16:42:23,2018-02-16 16:35:33,2018-02-20 21:16:45,2018-02-25 15:28:53,2018-03-02,ad076f69fe41e2f2e356025bf2751920,2018-02-15
64ede567ce1ed14dc492557b0fc88e69,e15f2b74055ddd552aea620ec4cbec1f,delivered,2018-01-08 14:12:17,2018-01-08 14:28:02,2018-01-09 19:11:19,2018-01-16 18:58:45,2018-02-05,fbb83f6f156daf8581a79e84b7323319,2018-01-08
14a2ad28d59053cc7bf0e2b40660294f,b4f3c061fef15631681969b9aaacfffd,delivered,2017-07-07 12:05:48,2017-07-11 06:43:38,2017-07-12 13:06:05,2017-07-17 20:23:28,2017-08-15,abf6d955a4d49c5816aa0ec96d17a2d6,2017-07-07
3322f81bd149a446356f03c9803665cf,7c4c009dd4c62ab693a565454eb92df4,delivered,2017-11-28 13:50:19,2017-11-30 02:23:34,2017-12-21 19:18:00,2017-12-27 21:43:23,2017-12-21,72591833e9326e7f71f2a2e477dc7025,2017-11-28
f69e374b5692141d4343de7c1025a875,95c8b73877283a8c8d0bf5ec1f615cc2,delivered,2017-03-29 17:13:43,2017-03-29 17:42:30,2017-04-03 12:56:59,2017-04-11 10:26:04,2017-04-25,fccfbf734a92029859c4fe58eff05114,2017-03-29
07edcfe51903bc7e23501f6b87f2bc46,758ca4ee2332bce93a8be678115f71aa,delivered,2018-05-30 14:08:09,2018-05-30 14:31:59,2018-06-01 06:12:00,2018-06-11 18:33:42,2018-07-25,3add5c1d871344f08b66ef66e1e0f392,2018-05-30
934f4052b4cd86c9fe17e5ea7ceead8b,1392fdcad98720de6dcb4296794f204b,delivered,2017-07-25 00:13:53,2017-07-26 02:25:31,2017-07-26 17:32:09,2017-08-07 18:35:37,2017-08-24,1c91bfda3de987458a8b26a4feb9c2fc,2017-07-25
675696464e3f1ec45c04dc5b171b2ed4,981cb320d6e0696b7ec07411513b18c2,delivered,2018-08-06 08:32:54,2018-08-06 09:04:22,2018-08-06 14:47:00,2018-08-13 22:08:34,2018-08-16,8b1def228c4c700e7d5658b09c966c9d,2018-08-06
d4779354e609274fba14da72d3456c44,120e2f1bb009d3d5ca03393b862f5751,delivered,2017-04-13 11:00:40,2017-04-13 11:10:12,2017-04-17 10:07:42,2017-04-19 13:57:54,2017-05-10,89b91c59f129ddfe18180d9f6ac2ee88,2017-04-13
f80aba8d439df1fe6269f1b52d5b2893,28d1d2e63385a2ccb0c2b0fe0dfebedc,delivered,2017-09-08 13:41:30,2017-09-08 13:55:16,2017-09-12 12:57:02,2017-09-19 18:38:13,2017-09-27,20e16f8450dabcfca13e537e19f2e871,2017-09-08
5ffbbd67f14392efe8fd533d38cd1338,9e7fe4ea65ba59140cab054bdbdf018e,delivered,2017-01-27 19:04:57,2017-01-27 20:31:43,2017-02-02 11:21:43,2017-02-06 10:05:42,2017-03-16,6d94a894c28059c9703befc3603704cc,2017-01-27
b83760bff972adc010a180e5219f90f5,a655b136627ef43032b2014004995098,delivered,2017-09-24 12:14:05,2017-09-24 12:25:24,2017-09-27 20:08:11,2017-10-03 19:04:12,2017-10-18,2617bd3af5a5543ad392dc1c1fa7aca9,2017-09-24
bc2851f553a887920c83a1367a23dded,f79b9fb57cf5e42ec58787f5291cc316,delivered,2018-04-12 14:18:16,2018-04-12 15:30:09,2018-04-14 00:36:33,2018-04-24 22:03:24,2018-05-10,664bec69be34f4c71e72ffc560680347,2018-04-12
4cde0c37517d3ec794acfea07588f060,c57bd456476b5400f11dce677c741e9c,delivered,2017-05-25 21:15:21,2017-05-25 21:25:14,2017-05-26 09:03:25,2017-06-02 15:33:56,2017-06-19,6d9da486265630df80f3d191c572371f,2017-05-25
80c20223fb6b10d7e541a3cf6c5bf673,dd5c09cd7b2c059211d6663ce3c3f4fa,delivered,2018-04-01 09:29:48,2018-04-01 10:10:08,2018-04-02 17:07:25,2018-04-17 12:38:35,2018-04-25,e6f7a95a474d4f2224834b896c22f66f,2018-04-01
741a088353f3774474ff3b2d7da8f0de,729bfe0a9c4c09edbff5510098c592b9,delivered,2017-05-08 04:21:55,2017-05-08 04:50:16,2017-05-09 15:39:45,2017-05-16 17:22:00,2017-05-31,0888601c1fbdae1f6099d3c14cba9457,2017-05-08
4e1731379ed8376e1dcbaa32869b0a2c,d7e0e99b9a9b470be83e59e1ad9f761b,delivered,2017-08-15 21:33:49,2017-08-15 23:35:06,2017-08-23 19:32:49,2017-08-28 15:15:55,2017-09-08,b74c0ed048a088235713d943174eae10,2017-08-15
6a1cffc6c9c0ad7e57c24270f9735865,80d45bd685475b4ba11b9111aa87f3d1,delivered,2017-08-29 17:24:40,2017-08-29 17:35:32,2017-08-30 09:00:00,2017-09-14 17:52:54,2017-09-20,8d536f6ebf00a0d7e99ce8ca827bcab2,2017-08-29
e8db697a6bd22722ed990beab0b844c9,5315874b889d49018819b02de29ef596,delivered,2018-07-11 14:03:07,2018-07-11 14:15:15,2018-07-12 13:58:00,2018-07-30 16:11:02,2018-08-01,74d5261cb1ccba022f9a1691fd065739,2018-07-11
11353d8c2550bd22ef8c18735c303f5f,c070a39e2e1a6ffa15ac18f096422d2c,delivered,2018-03-19 23:11:53,2018-03-19 23:28:23,2018-03-20 19:21:36,2018-04-10 16:34:30,2018-04-11,e0d5e4dcc51b803017994bfd88070910,2018-03-19
94779a352003cbec1931fe5d7b041f7e,8388b9f092f21ae7a771509fade39ba5,delivered,2018-07-21 21:55:29,2018-07-21 22:10:12,2018-07-23 12:48:00,2018-07-26 20:26:46,2018-08-09,9e6d4b608cf87fb6ba5ed111fffaf615,2018-07-21
4b8ccf617b85f640e50a15d3e98cb0ab,b657f3427801a4910d3ada9e63307f7c,delivered,2018-03-20 17:08:25,2018-03-21 02:50:47,2018-03-21 19:48:20,2018-03-22 21:36:33,2018-04-02,475bab3cc9b4f53efb3d2584d825f988,2018-03-20
41f02d9998aea7e212e8917bf2649cce,aafadfca432418d78060308df3c5fda6,delivered,2018-08-05 12:08:20,2018-08-07 04:35:11,2018-08-10 10:02:00,2018-08-13 16:32:03,2018-08-09,d5509bc550571bfd54fd8498f6d319d5,2018-08-05
82d48842447f79616fa1edca6fc9e91f,0426c2ed75d4f79aa5c3090ec537375d,delivered,2017-08-02 16:43:23,2017-08-03 06:45:19,2017-08-04 19:33:52,2017-08-08 19:53:32,2017-08-29,158af763037bc871b93bfa2daa699f98,2017-08-02
354fc19d43cbb0ad997bd631a02fd169,cc7e12aed3bd2a272471c6060f80f543,delivered,2018-07-09 09:18:47,2018-07-09 09:35:13,2018-07-10 14:42:00,2018-07-23 17:26:31,2018-07-31,9724716fc9d0ddb2116e706c2f696925,2018-07-09
153e41d2dbed0732e8c41f472d912453,aae8ca7a4c507ca018e1f1188d0ed25b,delivered,2017-03-14 22:22:06,2017-03-14 22:22:06,2017-03-16 14:44:47,2017-03-31 17:06:48,2017-04-06,c2f459f4e247b4d70c822322cfbb7f03,2017-03-14
359dfdef7cf4ed1003c2a0463eb431ba,e1785c14638ae4ba1af6b80b9a123ce3,delivered,2018-08-04 23:53:01,2018-08-05 23:45:08,2018-08-06 16:18:00,2018-08-08 19:51:55,2018-08-10,f5ff85b902f67682997fe98003cd134e,2018-08-04
78dec59f50d90e8c0cb22eff4dac7b07,ee0dd94cfd30e67ecbf17bf236f47c1b,delivered,2017-08-23 08:26:50,2017-08-23 08:45:37,2017-08-23 15:46:10,2017-08-28 15:54:50,2017-09-25,4231d120daa9f7798734448b260a11b6,2017-08-23
c50ed2bf9927ae7e870560f6fb8894ed,a64ab1908efa55042b07c945440c98a4,delivered,2017-09-18 09:02:16,2017-09-19 03:30:32,2017-10-02 12:42:14,2017-10-11 20:22:16,2017-10-16,c6bb5c25ffd9f6d6cf906c1753179f75,2017-09-18
33c04a3449586241381938f43df342e5,45ef11af1fdca65776516f93ce5d5cdd,delivered,2018-03-11 21:33:18,2018-03-11 21:48:40,2018-03-12 23:18:59,2018-03-16 00:47:26,2018-03-22,7bfdf071ffca321ff04fa51ed5a8a5c8,2018-03-11
10444bce3a6e45509282fc392e7d7c14,8f2792b2443223c1714a5956f805d6f6,delivered,2017-11-10 13:38:42,2017-11-10 13:50:58,2017-11-16 22:12:37,2017-11-21 21:08:48,2017-11-30,a7cf44f3fc67324243210d8093dd216f,2017-11-10
f11b670018cde48868c96b03c4d3d1ce,a8a46b431d3684f3692579dbd45dcc9d,delivered,2018-07-28 19:06:36,2018-07-31 07:30:57,2018-08-01 10:37:00,2018-08-16 00:16:34,2018-08-27,4d6bd0eb9e942d7ecd71731ebc321e23,2018-07-28
129bcf7c8ac0deab5d5830dab42b51b0,419994ae9bc51517986b072b8462eec9,delivered,2017-11-30 08:26:49,2017-12-01 11:32:06,2017-12-04 20:53:32,2017-12-11 15:48:49,2017-12-18,61263e5647fad3fbda454983c5f1a93f,2017-11-30
2fc93d1386aaa543bacb4733abd6d796,89025dfa12aa3b676091d11c92ec5672,delivered,2017-12-20 14:00:39,2017-12-21 02:11:48,2017-12-21 15:43:21,2018-01-05 15:38:26,2018-01-19,45ad33f9fdc19cc06c42148905841dbb,2017-12-20
33c7e7493d8049f7248e39fd3019ed6f,ef55f60b60d98b319265b2d268c14add,delivered,2018-01-03 22:20:04,2018-01-03 22:30:26,2018-01-04 15:53:02,2018-01-16 23:09:24,2018-01-31,a21ef70a8eb4b1b651d6e3d2dac76bed,2018-01-03
86a1ec30055c8fdb9e4bcfec9f15705d,cb6e4f240437a7f5982925cfac3b9684,delivered,2018-03-14 21:00:14,2018-03-14 21:10:28,2018-03-15 17:50:27,2018-03-28 19:20:44,2018-04-02,05975c5f08ae5d957662b67328858c54,2018-03-14
189f4fd5230d4cb9093778f1fe5545dd,389282247e4d4fcf1e7ca8cc728c7b97,delivered,2018-07-14 20:30:45,2018-07-14 20:45:16,2018-07-25 15:07:00,2018-07-31 11:51:35,2018-08-07,9447779f266e544c854444992a43f576,2018-07-14
849e77f9701faf689705a0eb09003764,13518d3af2e425cc97f19d1c8919808e,delivered,2017-11-23 12:29:18,2017-11-23 12:37:52,2017-11-23 22:02:31,2017-12-13 03:09:29,2017-12-22,7a30c2f4ee4d9f8370e1ed8acf3eefb4,2017-11-23
9d1a6308e1de0ec94620e9663d33dd7a,79222563a454f8315bae77c7df710ea4,delivered,2018-03-21 00:40:42,2018-03-21 00:50:30,2018-03-21 19:26:46,2018-03-26 15:12:00,2018-04-10,697ca475b4bc567af9133d9a6021e6ee,2018-03-21
3538ead6f9b48a09ea5f84cce99614f1,946e503ea55c7d86c408ce554593be1a,delivered,2017-10-07 22:33:52,2017-10-07 22:49:14,2017-10-10 15:48:25,2017-10-14 08:10:04,2017-10-26,40da74151e87c69ca383f6ec8739d227,2017-10-07
85f8ad45e067abd694b627859fa57453,1d088dea8732788ec35dd4ee6dd76112,delivered,2017-01-29 21:40:02,2017-01-30 22:32:20,2017-02-02 05:04:58,2017-02-07 10:46:00,2017-03-08,69b2b29382af03e03e486ad307a76000,2017-01-29
4c46ed4ad9c8faf7543b2f9f6598b607,29b023a4169cab6e00cbf2ea2985652a,delivered,2017-11-15 18:44:32,2017-11-15 18:55:34,2017-11-16 19:48:43,2017-11-21 19:21:26,2017-12-08,a30665e9a8cc7f52822ba8e28b7c6a92,2017-11-15
5f9bce13c005ed8b257d26c484455d58,90ff3ee2c85a1ae2ad28ca8028481101,delivered,2018-04-17 07:59:55,2018-04-18 08:51:37,2018-04-23 16:31:33,2018-06-07 21:48:40,2018-05-24,dd561d9f414811c78ce8723b8576b0aa,2018-04-17
24f2edef847fd6eeeddc6aa5dd82209b,c16889a295fa3650d502c5eb2e0fa5c3,delivered,2017-11-13 23:38:46,2017-11-13 23:46:37,2017-11-14 22:41:11,2017-11-21 19:43:04,2017-12-06,a1c1665f040ebd05f327c8e9dc1cdf4f,2017-11-13
a7b984cb7dba04216ef3408f9fdc724f,abda0fc72e1f8c32dd8291c542e273c5,delivered,2018-02-16 21:27:05,2018-02-16 21:35:26,2018-02-21 23:35:38,2018-02-27 00:10:13,2018-03-12,7b6cf676f9a88c5559a3d881a35f8a70,2018-02-16
35347ebe5a17d5710d0790df4b2f0f33,6cf9cd6406cc54d352e173a4f5959de5,delivered,2017-12-11 22:18:20,2017-12-12 00:14:49,2017-12-13 21:38:40,2017-12-28 20:16:11,2018-01-04,57b91bf9ffb346310ce454f5b70f40a7,2017-12-11
0aad58aeffa6b60c76d25a4bcda14815,735a6e515279067409c2341e9c090eec,delivered,2017-10-27 19:51:50,2017-10-27 20:06:57,2017-10-30 22:24:03,2017-11-07 00:42:40,2017-11-21,4f07cdb32f9b7b54abcef48c096da983,2017-10-27
b6d8afcbedd981f81cd58c1ecf289add,9925762e9ebced24854c787ad2429492,delivered,2017-10-29 17:50:56,2017-10-29 18:55:09,2017-11-01 16:29:29,2017-11-13 17:38:59,2017-11-24,6ba24e99927568d9ef46a110a59cea24,2017-10-29
1ef6133727cdcc029e9dbcb68ad5d57f,7a56704a242550f842f7a623eb62c966,delivered,2017-11-26 17:53:36,2017-11-28 02:51:30,2017-12-06 17:33:32,2017-12-21 22:09:14,2017-12-22,5f351efac8e4116350a242abcabbe3ca,2017-11-26
f0af25b55365e27fbd6a93df45d9253f,bde8a1d2a7c3d0a34605532f55689054,delivered,2018-08-19 10:20:50,2018-08-20 11:15:22,2018-08-21 15:44:00,2018-08-22 23:16:35,2018-08-23,e53fd5575f1418397aae732c5755b6fc,2018-08-19
6b5531da82a446d2bc53f1ff21ea9e3f,62b62fa001db361113dda20e678cf596,delivered,2017-08-17 19:20:42,2017-08-17 20:04:46,2017-08-18 19:22:03,2017-08-26 11:32:52,2017-09-11,20b1f499aea0df0c4b05208058e1f40f,2017-08-17
72171ec078e647529753a920a0af9327,b6c167bad6415d0e6854e26609ac9200,delivered,2018-04-03 15:40:16,2018-04-03 17:10:21,2018-04-04 11:31:20,2018-04-09 18:21:20,2018-05-02,64f9c413b6641fe3b5338df480555100,2018-04-03
7a363dd1eb003c19a36e4eba73e3105d,7c441e540648cd237ac925f7a2e7805e,delivered,2017-12-12 10:06:18,2017-12-13 02:49:57,2017-12-14 13:28:42,2017-12-20 19:09:17,2017-12-29,cf6183c0caa8e012e8587a9e71ce2888,2017-12-12
b1d045cd447d2961b72e0d67c18f5d94,aed3f1f445a4ea906938e139249662a9,delivered,2017-06-06 21:49:13,2017-06-06 21:55:14,2017-06-07 09:48:50,2017-06-26 14:22:43,2017-06-27,d6bc0e1efd0d78e7ca81be2865110c6e,2017-06-06
ca3708e6c8014edc9292636d42479ee7,07f681c9c43973a08f803999f285a2b7,delivered,2017-10-30 07:59:23,2017-10-30 08:10:09,2017-10-31 18:42:35,2017-11-04 17:42:43,2017-11-17,8411c3e1d28e2844c5f507366e3d39ba,2017-10-30
d004e53c74f73a94ae2e2e586a5e2f4a,96ffb0aef6843454c595d5927832ab60,delivered,2018-02-26 10:43:55,2018-02-27 10:48:40,2018-02-27 21:05:13,2018-03-26 17:18:28,2018-03-29,d6ef1fd898f32bf2256540be0b749a3e,2018-02-26
4e0091a0a84b39634a3ecc33bdc49d09,9998c6bf5ef16b8498d0202e25a2c33c,delivered,2017-11-25 13:43:45,2017-11-25 13:53:30,2017-11-27 19:51:28,2017-12-12 19:42:46,2017-12-19,f645f76d3394485130921c31bbaa471d,2017-11-25
dea56b3893564838aa0a8b56394f46a4,fd0c90df7aab8c8b52d93ae6fb48c6d8,delivered,2018-02-05 15:06:08,2018-02-05 15:16:07,2018-02-06 18:04:37,2018-04-03 22:07:24,2018-03-01,bb4a3c7e3bb5e842c83833cf1e9abcd3,2018-02-05
308bf37f155004751f789aff2afabaff,e2f49fd9379b49d1342be76e9b095afd,delivered,2018-01-26 09:49:40,2018-01-26 09:57:28,2018-01-29 19:57:10,2018-02-03 02:06:13,2018-02-19,9396c86fa18b6d70c0b3da2bc40bf8e1,2018-01-26
9166f60cadc480c3e5de21ca8daf2fdc,ca126fd28ab8118c556b3b23b64ef662,delivered,2018-06-30 23:59:49,2018-07-01 00:15:12,2018-07-04 13:43:00,2018-07-09 17:22:39,2018-07-30,2eb4fb9984c2fabca3fd3f1d58b2268f,2018-06-30
1effaa7e1288ba5f3eb6864da4b3f06b,3e18f03f31e621c23bc65a8322132f23,delivered,2017-10-19 15:31:56,2017-10-21 03:07:35,2017-10-23 18:57:09,2017-11-13 16:21:28,2017-11-22,1356db36ebb9426be40078a4ec75a3e2,2017-10-19
dbb96df7d9b75d3dfde8d10da0d65cde,72780e9a805ea5c484a91e4a440201a6,delivered,2017-04-13 12:05:51,2017-04-13 12:25:04,2017-04-17 12:01:22,2017-04-26 12:12:28,2017-05-09,12d932c6fba8d8afac3c06e8e6d494c9,2017-04-13
5ab1880595146abb553d7defb52b22eb,44eb5bb75cbb334149aff43d1572e63f,delivered,2017-12-24 22:16:01,2017-12-27 04:07:49,2017-12-28 21:23:41,2018-01-10 19:23:59,2018-01-29,7aca7fa71177ac495838674257adc8e7,2017-12-24
89fe5e16d119e60870f0e2040c548094,4f8b41c1ab41295462898e09edea3b4d,delivered,2018-04-29 18:00:38,2018-05-01 05:35:20,2018-05-09 12:12:00,2018-05-10 21:34:36,2018-05-16,19cd9c3d61f2d972091c591402f45ff0,2018-04-29
eccb333547035c917db4396ff94c3182,d1cbcc4df0dfd5cf07dd4aa96816742a,delivered,2018-01-20 17:59:58,2018-01-20 18:30:28,2018-02-09 16:58:56,2018-02-17 13:15:03,2018-02-14,22d6b22d92436243002afc285267cd48,2018-01-20
1850ddbff1901eb4798e620006229131,6e5db51c4562a1a11fda0b8b24de7d6d,delivered,2018-05-03 16:34:57,2018-05-03 16:56:53,2018-05-04 13:41:00,2018-05-22 19:34:32,2018-06-12,b599239a3f5785ed8800b3c53d4bf8a1,2018-05-03
de065b7e84000ca31be47aa282f6be6b,6786ced0d23e5edb131e553b4c0d4fc7,delivered,2018-06-11 13:11:46,2018-06-11 13:38:30,2018-06-13 14:04:00,2018-06-15 13:46:43,2018-06-25,45202087064684527941a9fa0ae18011,2018-06-11
263deb0d1a35645df1f371bfaded4589,c63b6fb69abc3e3b303a299ccbbe56dd,delivered,2017-12-03 16:15:50,2017-12-03 16:31:55,2017-12-08 22:21:51,2017-12-12 21:22:40,2018-01-09,b280a8705374953eba631cd791f613ad,2017-12-03
0c57cbfd927d9e62af8beee6d48920b7,652084fec8b64f212491016127526bcf,delivered,2018-08-06 21:40:05,2018-08-06 21:50:13,2018-08-08 13:55:00,2018-08-10 16:07:24,2018-08-13,a914b2be4782207abc6758095ec9e8aa,2018-08-06
6a0af454249fd3d78c3878acba1b2543,57a0a8e149ea174b2e511d398d27466e,delivered,2018-03-13 11:50:23,2018-03-14 02:49:01,2018-03-14 16:56:29,2018-03-29 22:41:37,2018-04-03,ae8793584bdabd539b490735eecebb8e,2018-03-13
9d578363f05f0a4f13c35ca532f88192,24d945b1286e8a0d63718f7e90c272df,delivered,2018-02-16 12:56:13,2018-02-16 13:35:31,2018-02-19 18:18:28,2018-04-09 20:06:44,2018-03-16,f44b655b40aa692aaed9327b403ba3b5,2018-02-16
d4e6db82770ffca02d0bf60e4eede3ad,76ed00bb91c35675557f53cf791e6f04,delivered,2018-03-09 22:50:44,2018-03-09 23:48:03,2018-03-13 00:41:32,2018-03-20 20:27:44,2018-03-28,86b3cb8f64433e52624861a8c70299ae,2018-03-09
688e3c66bdfcae1321349fd70627b84c,a51e47ac951463f4271e64d41b628a7a,delivered,2017-06-07 11:41:26,2017-06-09 02:50:19,2017-06-16 15:56:42,2017-06-29 11:57:44,2017-07-04,339f4919a71b0fc8390b936db62e85ae,2017-06-07
dfa136dd7fea189934b6e9585e61d3ed,6f1a3eca32ef3b8379dd7814cf87c8d4,delivered,2018-08-22 21:34:14,2018-08-22 21:45:09,2018-08-24 14:10:00,2018-08-27 22:36:23,2018-09-04,4d8c3637d0d15f2ee3cc0927f8ab968f,2018-08-22
f8a7f99695460acdbb89605f807bc78c,40efcb2188d8a35075b6ea52d2302943,delivered,2018-08-23 11:27:36,2018-08-23 11:45:51,2018-08-23 14:18:00,2018-08-27 14:11:54,2018-09-12,553d4ddf98f0c04aa7e4a938826eb335,2018-08-23
fecd25ad892371b02b90415a64005d61,2d8677d33307ff33ebf5f09adbab10ba,delivered,2017-06-29 21:23:55,2017-07-01 04:43:25,2017-07-03 15:24:40,2017-07-10 17:51:36,2017-07-19,ce9b401408844e3371f0bec23f450eed,2017-06-29
e15f9bb155a2c4220bc17652dad20a4e,4b4f4ef953f81b615ef6df62d686f192,delivered,2018-05-02 23:44:12,2018-05-03 00:58:33,2018-05-03 12:51:00,2018-05-07 21:43:36,2018-05-25,f31678029fa95b71d2ea307993fba04c,2018-05-02
42a45127f74061de7399a762d9728197,da435b6ace9cf6de3283647e2c33518e,delivered,2018-04-10 00:18:16,2018-04-10 00:35:13,2018-04-11 16:53:23,2018-04-12 17:28:42,2018-04-26,0ffaf9815063de8cbfb670bb38c4c978,2018-04-10
3728cc076b9b664b82517f786f1a8361,dbe8fae7c774caf4f8dcb30d7c51ba81,delivered,2017-12-29 17:56:32,2017-12-29 18:07:32,2018-01-03 19:52:22,2018-01-15 16:44:50,2018-01-30,305c68665bba501fa4727f32dddf260e,2017-12-29
4e5416cdcf38e8a7fb4084409c778327,6fbdcb5b4167b52374230ce08df932d5,delivered,2018-03-30 13:31:56,2018-03-30 13:47:26,2018-04-02 15:31:54,2018-04-04 19:21:09,2018-04-12,c4f585ecd3959a30202a1691b3f7c269,2018-03-30
ddec1931aa991251d2540e8d5cd9020c,3098f830d9bafdde11e15c0d087fcc55,delivered,2017-03-23 15:16:21,2017-03-24 02:43:48,2017-03-31 20:00:12,2017-04-06 15:24:15,2017-04-13,4656b8688170291a74a7c466fc34b524,2017-03-23
6fd940e7a2a1f206de9cc3e4abfef433,66bfee5a94e8fe83382dc2778767e543,delivered,2018-02-28 08:35:28,2018-02-28 08:48:32,2018-03-01 19:33:50,2018-03-14 14:18:35,2018-04-02,5d0275e81e7dc34ac5582bb491e7e3d9,2018-02-28
f41f4f0667b69592fa5bef59e5ef7fad,d7c5773821f77c5341e5f00dbfff4115,delivered,2018-06-04 11:25:50,2018-06-04 11:51:12,2018-06-05 10:20:00,2018-06-13 19:12:11,2018-07-24,4e8caaf8af5022237fc1925279afbf94,2018-06-04
6b7eb46185e1e6f0df3c97ed2b16a563,c5ffad17b37657c86889372393f65a94,delivered,2018-03-26 10:06:54,2018-03-26 10:15:42,2018-03-28 18:11:11,2018-04-09 21:11:29,2018-04-12,f776e7cfb75136eead72c375baedb317,2018-03-26
81360270b5d4478eb5fcc0e12f31cee3,fcbc175d0bdc5d2ec51fbed84218cc94,delivered,2018-03-31 13:40:20,2018-03-31 13:50:15,2018-04-02 23:12:30,2018-04-10 01:41:27,2018-04-18,78a3329da4ebaaad05f9f49df104cce0,2018-03-31
92caa5283abcb12faf71683ba259debd,9185771cb5633deb3788397062512ee0,delivered,2017-03-15 10:43:37,2017-03-15 10:43:37,2017-03-16 14:47:19,2017-03-27 15:07:48,2017-04-06,75b1b1b5afa391cd48c2612a2cef5500,2017-03-15
42859f65ccaf46af651014e239a1a71f,d15dc13c907b860a34a9475609231fa1,delivered,2017-06-28 09:49:29,2017-06-28 10:03:31,2017-06-30 15:42:09,2017-07-18 21:22:04,2017-08-03,926f9c9e0109058c3c2a7d14b7409c2f,2017-06-28
e1cf4f3524c63c7e9c134666f89e722d,83bd185600ed4811ec23f273a2392dd5,delivered,2018-02-02 12:56:51,2018-02-02 14:09:38,2018-02-03 14:44:45,2018-03-07 00:22:45,2018-02-26,cffe5a17924e2130884e388c249cd6db,2018-02-02
62f1923bf7409f0a4c029c4576499d4f,5d574e44c76dd451c45b92c78cb27863,delivered,2018-03-23 16:39:40,2018-03-23 16:50:59,2018-03-26 22:09:00,2018-03-27 15:37:00,2018-04-05,34b299f441d2c39d21047961ffb9932b,2018-03-23
c6cc60f8aad17b2809b83bd02a1ccd48,e74f78f19907c4af9175fde9c438d312,delivered,2017-03-16 21:34:46,2017-03-16 21:34:46,2017-03-17 12:30:10,2017-03-23 14:37:19,2017-04-06,f4d5dbff0ff56deb045c6ee80b7d5fcc,2017-03-16
16fa5b14f9aa3823b135706bfea357c9,0c0466693c8e3f6f3c37044a0cf15447,delivered,2018-01-17 10:07:25,2018-01-17 10:14:32,2018-02-01 19:38:53,2018-02-08 13:46:55,2018-03-20,54fa5bd3c92ef6ed4857894049443b20,2018-01-17
276084656b724c65551708d92d73222a,b7d9c5d7fe96cf3ef5172689d74482f9,delivered,2018-03-05 07:16:50,2018-03-05 07:48:27,2018-03-06 10:04:08,2018-03-19 12:16:46,2018-03-21,301a5e936b4f2c8e840804849e2fed35,2018-03-05
d1bca6bd89a51ad2a0753b608c06f469,a056b5c80306d01173b92f2ec265b90f,delivered,2018-03-21 11:43:49,2018-03-21 11:55:43,2018-03-23 22:57:29,2018-03-28 19:44:41,2018-04-13,2c47b679a383359635b5452914497f1a,2018-03-21
9b745d27f038a7e9865cf448ab71e99f,f18baa2ddebabdde009935b96738d231,shipped,2018-07-26 14:25:48,2018-07-26 14:35:16,2018-07-27 12:47:00,,2018-08-09,33ed8e5d195087469e8b468711050e78,2018-07-26
ae0a032bd44efed5c2be566ef162d694,b7819f78202d389b5e04aeafa2c4eab7,delivered,2017-04-11 16:57:57,2017-04-13 02:42:37,2017-04-13 09:38:09,2017-04-22 08:14:55,2017-05-03,cbc21cd4f213f0e1a28997dd3a274f91,2017-04-11
167966026c24ee96b8343a631634371e,a6b6bbc9094c62691874a8678f95de29,delivered,2018-06-14 10:09:27,2018-06-15 02:37:33,2018-06-15 15:40:00,2018-06-21 15:42:35,2018-07-11,96de433dd0d1ab4bc8cafbddfa32716d,2018-06-14
e208a6bd0e030c2240ec286633bd9039,93c18d140f4e52abc28925e224e2c781,delivered,2018-06-08 17:24:29,2018-06-08 20:31:43,2018-06-25 13:48:00,2018-06-29 20:42:08,2018-07-20,ab5dab8dbb42be51348423af4152c2d7,2018-06-08
f18578a9083482b2be8c3b35075568c2,3107f7888284d0508fd187c997533d58,delivered,2017-09-12 21:16:20,2017-09-12 21:25:42,2017-09-13 20:18:58,2017-09-19 17:52:17,2017-10-03,b6aa5a87f6c08e2510324edca009810f,2017-09-12
5bbe99cfacba17ac9fbfd3b9c873f41e,edf0da35d967d6dd4846962987b7fa00,delivered,2018-04-30 10:24:43,2018-04-30 12:15:50,2018-05-03 20:19:00,2018-05-10 01:11:11,2018-05-17,af469468a8adc82fcdb022c251fdb79d,2018-04-30
71796280d9fba67ea5ff0458a8e48544,f6363f477cb5fe9234b523b40cb395f1,delivered,2017-07-24 15:02:08,2017-07-24 15:10:12,2017-07-24 19:44:31,2017-07-27 20:04:18,2017-08-11,a9897bcd91b1e3d0ae365c526e3503df,2017-07-24
bd1befc72cade5c00562b4bfd1a85485,0fc4a56f2aa36f5d9d91323864ae0362,delivered,2017-09-18 13:42:17,2017-09-18 14:04:06,2017-09-20 22:41:58,2017-09-25 13:42:47,2017-10-16,c8358f5d55596a47028309a991b7d9a0,2017-09-18
5e8dbed878ecb57caf14b67e8f85ca34,39ace54f823a45d4ba2cd3a676c9fe47,delivered,2017-04-23 21:58:14,2017-04-23 22:10:14,2017-04-25 10:17:22,2017-04-27 13:17:46,2017-05-15,5f629575cd69746da0bf1832ce3469e8,2017-04-23
a6ae83eedb05638e88dace7706d71c26,d393b9491df482cf448e60aa9955b7f2,delivered,2017-07-07 22:35:49,2017-07-07 22:45:08,2017-07-10 17:29:47,2017-07-20 12:42:26,2017-07-31,5caf3a2a5d1ef808e3dd182e79baa392,2017-07-07
12aa4d1dee3557fe772894b57cb0fad6,bac45e356238b5c7f36adfaae8a23c8b,delivered,2017-07-05 20:28:29,2017-07-05 20:43:10,2017-07-11 18:18:34,2017-07-14 17:49:22,2017-08-07,139c7c613b6d284a020dfee1635284c5,2017-07-05
799236014ffd7f07bb4ab4172f2f9a56,159ac2552bf49fe290890620c02d767a,delivered,2017-07-19 21:06:53,2017-07-19 21:15:28,2017-07-20 18:26:25,2017-07-26 13:36:43,2017-08-08,2d38423803c18db71ffaabc1915d98cf,2017-07-19
15c8f741c0b7deafafea8af0f7bb6852,5fad1aa86a421b1f437e75c419d9c5e8,delivered,2018-04-02 21:44:47,2018-04-02 22:09:41,2018-04-04 21:47:39,2018-04-09 21:44:47,2018-04-23,a9747f09bceb60a3a8e0414f1424205d,2018-04-02
4ea4adb15a999165cec29a243622d209,b59072270559cc55ca18e58631aa24f9,delivered,2018-04-08 22:45:51,2018-04-10 04:10:55,2018-04-10 17:21:44,2018-04-17 01:12:41,2018-04-26,1e7fa867913381761b548396f8c5cbb6,2018-04-08
10feb46f47b85fa9eee572eb5521dd54,07f4efb08d07550827c630c7bbf6e72f,delivered,2018-05-10 10:45:00,2018-05-11 03:10:44,2018-05-11 13:52:00,2018-05-23 14:54:57,2018-06-11,fb05684961656c39c375d6ad8608d579,2018-05-10
deef67da55d66c9b90df11047d8b65ea,e51f2a8949104c23d15abd26048a0af3,delivered,2018-06-12 13:34:53,2018-06-12 14:06:39,2018-06-13 14:33:00,2018-06-20 21:41:24,2018-06-29,6341a01f140e37b96af71c218039bb1c,2018-06-12
a5f8439f1e560659a492608e370ecde2,e548277911829ffe81aac2b4407de701,delivered,2017-05-27 14:03:20,2017-05-27 14:15:16,2017-05-29 09:30:43,2017-06-03 09:20:19,2017-06-21,a0abd26659c9914690cbd3320d39fd96,2017-05-27
972570f8874c3f706d151201aca20e08,b42d691b31fef205f05f2c19897f5bbe,delivered,2018-02-25 14:56:29,2018-02-27 04:31:04,2018-03-02 19:07:43,2018-03-14 22:06:35,2018-03-29,abd385418716d3a53b85d5b74a05b2d3,2018-02-25
24bb32382ef27d26bd21c0919620c4ff,81d9395aafe3aa9fcf32fe0478b59957,delivered,2017-05-16 20:44:28,2017-05-16 20:55:17,2017-05-17 15:24:46,2017-05-29 11:42:18,2017-06-09,4f501d3111120a4dd3dfc582688aff26,2017-05-16
63566db60bbeb077e5d7c18411674b8b,0295853908b4ba8c84a8e8b550eef3a1,delivered,2018-08-06 13:44:16,2018-08-06 14:04:25,2018-08-08 14:19:00,2018-08-16 21:45:20,2018-09-06,71bc312e28f745e3f1fd70f15c5b194a,2018-08-06
3ec2fdd4a3f6f2e2d053b3b0bcac4531,8a40ed38377fbe4c40903137d55f634c,delivered,2018-01-05 11:20:08,2018-01-06 02:27:49,2018-01-09 17:05:45,2018-01-15 19:36:47,2018-02-07,1dffb2696a05e42838781579df728580,2018-01-05
09581168b7c3d1c4480d4ba7a8437bdd,1fa0a6dffcd587c4a296237a7dca3e27,delivered,2017-12-03 15:29:57,2017-12-03 15:38:24,2017-12-06 00:12:06,2017-12-18 15:38:30,2017-12-29,2729fcf116ebf40c139954768b57af51,2017-12-03
56b0a761e8e5b8fa1ac43fb1dfb8ad3e,26f5b4928e07574170681725503932f9,delivered,2018-05-01 23:24:15,2018-05-02 18:31:29,2018-05-03 14:36:00,2018-05-16 17:11:23,2018-05-28,aae02b839262ab4090c2cb2ea2e205f8,2018-05-01
84ef6a73c1fcd8d48177e81dcf29e886,7666437651e45d394178c90df5210750,delivered,2017-08-08 14:52:46,2017-08-08 15:05:18,2017-08-10 18:57:28,2017-08-16 10:49:38,2017-08-30,04511e9cedc8f0124c2a207801fd5474,2017-08-08
fd8d6592a0d37e21eca3451890fe64d5,35bf8740c8b1f9ff9291e069d7621ae2,delivered,2018-05-29 19:09:30,2018-05-29 19:32:26,2018-06-01 10:03:00,2018-06-19 23:09:51,2018-07-05,a05149d2657781076ebe7d9d1f9776e4,2018-05-29
6087f204aede647ef4720e5585966962,e1f402cd293ce51fe9be85bad82bb568,shipped,2017-10-21 23:02:57,2017-10-22 18:36:44,2017-10-23 21:13:56,,2017-11-16,5a5043f11b195195f1455a85de3faf96,2017-10-21
d242e4368b3d82fc41caf793b03d603e,f04ce4eacfe67750cb01bd95399ebbd8,delivered,2018-01-31 22:23:35,2018-01-31 22:35:35,2018-02-01 19:45:47,2018-02-21 13:41:38,2018-02-26,d936d64133bb6bd41571d6b245c1be35,2018-01-31
063de687a6d9389fb6f6934d19d447f8,526633186ddc00e185c117db06d78d33,delivered,2018-06-30 21:40:36,2018-06-30 21:50:16,2018-07-02 12:13:00,2018-07-09 16:38:34,2018-07-16,d8aafab80ae2e5e85c3c42e53acc6d92,2018-06-30
97bb7e5d1176813061e12ca420b8a8e2,728be77f30519a56da991fbe192f2572,delivered,2017-12-09 20:00:06,2017-12-09 20:10:18,2017-12-12 00:34:29,2018-01-03 19:26:48,2017-12-28,e8153eb79bbc4e76686f313ca5402aa7,2017-12-09
06f66faa834248ccd67fa52058285d27,0b686b6cc50a4a516f7c2621e8d35287,delivered,2018-08-08 21:39:41,2018-08-08 21:55:12,2018-08-09 14:41:00,2018-08-13 14:36:32,2018-08-20,547e8ae6a6b3beb0587f3dc6d2d62efd,2018-08-08
5d9d34ab320a65d476024f1146155415,974339e61a3c390681f9059d52938bfe,delivered,2017-08-17 00:02:20,2017-08-17 02:11:57,2017-08-22 18:52:19,2017-08-30 18:41:13,2017-09-21,616dfcfd995ac141266ea0c05a2f72d1,2017-08-17
6e6fe0a4ffa0d2ceb491628d18388697,3ef1961b4655f27d115bbd65b7ae17a5,delivered,2017-06-08 16:39:56,2017-06-08 17:03:52,2017-06-23 13:12:01,2017-07-03 14:47:46,2017-07-12,f4401c1c85baab9db3ba74ccd0c05e9e,2017-06-08
8a68020a3779749aba9552528b2b841b,89801e85c58d05a4a03c4c64f60cee07,delivered,2018-02-14 08:13:39,2018-02-14 08:27:10,2018-02-20 15:57:57,2018-03-01 11:25:34,2018-03-13,96416883592dc4ae31d0fac0722b652c,2018-02-14
21fffc2b5c2da5c102a2faec84d352b8,4e3a88c13c2cbbeef7ed8a4876ca3289,delivered,2017-03-16 19:40:13,2017-03-16 19:40:13,2017-03-23 11:34:29,2017-03-29 13:43:09,2017-04-04,b1f0955aaa02269233cd369bc5241ec0,2017-03-16
ff70ad5dd90ca8946ddb2ba48946c0e2,412974e7c238ff98dc3775a84b88429c,delivered,2017-11-15 19:23:43,2017-11-15 19:35:36,2017-11-16 13:18:38,2017-11-29 13:53:45,2017-12-07,5da065e6ebf3b883ab8da676c8c79b9b,2017-11-15
e15ab2ec1abc926192e9da8f7e04326d,c95b52873284e1f5cc5754d2e926d919,delivered,2017-11-27 22:51:32,2017-11-29 02:17:24,2017-12-01 16:22:27,2017-12-08 16:52:12,2017-12-26,255247df8b79878f6584d51c9155b9a0,2017-11-27
3a3c98aede7994faf4c5a37cf27877d4,dc0bd4e5d1e706773e212bd572996ec9,delivered,2017-01-31 21:14:52,2017-01-31 21:25:18,2017-02-02 06:23:58,2017-02-13 14:55:11,2017-02-27,79a5067ec16a54f34bd3e4a31944adbb,2017-01-31
18987d9e9060c343e5ed6e796aab9189,f5be20b2d50eca29b8977c5e4f51dda9,delivered,2018-05-23 08:23:15,2018-05-23 08:39:23,2018-05-24 08:44:00,2018-06-01 21:26:34,2018-06-07,99863cbe506378f8fff64cbbe6db9e65,2018-05-23
f0e4f948ae4bea319a1a234026b3e22b,79edcc2cbde50d98a69878d4980e5fb4,delivered,2017-09-22 14:12:05,2017-09-23 02:25:36,2017-09-27 11:13:20,2017-09-29 21:24:50,2017-10-19,559c99ed25c0bfe03e2e037c3205e9b6,2017-09-22
7ccdfd3342fd264fadc5bb59e1cfe163,08acf45fc7d699411450b76ba205cd6b,delivered,2017-09-20 00:54:10,2017-09-21 03:05:00,2017-09-26 16:41:51,2017-10-16 20:22:39,2017-10-18,377c2534194c3ee0798863f5b330f17d,2017-09-20
f16cee914b281d60bc64534a18952330,93ad449b42cbb78aea99b3c5df295174,delivered,2017-07-29 18:35:46,2017-07-29 18:50:11,2017-08-03 12:04:40,2017-08-10 15:23:30,2017-08-22,b6c4281cbf83497c4534d0e43877178c,2017-07-29
2873f38fadf3dbce6bb4e15a62aa33dd,4111640f2261ffc2b5aefbb6d36c17a5,delivered,2018-04-21 22:26:20,2018-04-24 17:58:13,2018-04-24 21:50:49,2018-04-27 14:26:30,2018-06-04,b1c9ba436430760f0994856e733e54ad,2018-04-21
df7cf69b92e5ffc5ff57038ee4990f00,e6b87d6ddad2302fabc2a8059ed210ca,delivered,2018-06-08 08:41:18,2018-06-12 04:35:51,2018-06-13 11:55:00,2018-06-18 18:12:15,2018-07-05,2069249686a2d836376ca755ed6280fc,2018-06-08
a46f6e08416c5d6fbc2134ed61c9e58b,2e4296c24612c218d6e2fe370f0a3c61,delivered,2017-06-06 23:18:10,2017-06-06 23:25:11,2017-06-08 15:11:24,2017-06-11 10:33:58,2017-06-20,b76ab9474ee738230d9720e8940494ac,2017-06-06
750c2f8abeb99e69c24d98485ebb4022,e955fdb6b5d2ffcf9a67f0efa8e76550,delivered,2018-01-22 18:01:40,2018-01-22 18:16:54,2018-01-25 00:23:03,2018-02-05 20:53:02,2018-02-19,86a54ebc13351dc25242dfbdaa7df422,2018-01-22
7ab64f42a8f9ab290e920eed320d7e60,0e8a675c17fd0098a9ba9cf466d8012b,delivered,2017-05-18 09:20:28,2017-05-19 02:35:18,2017-05-19 09:12:21,2017-05-26 07:49:06,2017-06-09,cdd833bc60a44f1fe474fd896f70a6db,2017-05-18
087a471c766adfaa11fd61670213b4c3,c095155cf7a5a0659a2cdf13287e43b6,delivered,2017-04-20 13:39:50,2017-04-21 13:45:09,2017-04-26 14:23:00,2017-05-08 13:45:55,2017-05-16,a32a5ca176d5ac5357e6de795f49ecb0,2017-04-20
067c29bb966641e04d1d7a924aa3157c,6bd3af263aba7459bf1e349624a1512a,delivered,2017-10-02 20:56:12,2017-10-02 21:07:26,2017-10-05 13:03:19,2017-10-11 20:08:02,2017-10-27,bf0946e76392aad41db35b92d53f223c,2017-10-02
066bb47ddf11dd2a74faed2b3d4d53ea,f2f525f654dc9fed6bb50aaa3aebb0da,delivered,2017-04-22 20:30:16,2017-04-22 20:41:36,2017-04-26 23:39:46,2017-05-10 10:04:37,2017-05-30,628c378c96b96728dff8f63d112bbd27,2017-04-22
d61b83f993b6f618997a36f3ac4c2410,f25a63047e9c81999345623a11e9c090,delivered,2017-11-26 00:35:09,2017-11-26 00:53:42,2017-11-28 16:39:02,2017-12-11 17:49:21,2017-12-15,628b5fda35baf944099fc4da84a69ac1,2017-11-26
71282e3ab70a4319b82314e59041549a,0f866e064924e6caf059c4d0bf0335e8,delivered,2018-02-17 22:10:29,2018-02-17 22:26:36,2018-02-19 18:21:59,2018-02-28 21:09:15,2018-03-09,2c52be45856bc61f6c0fb93eda79d5fd,2018-02-17
b8dee041f5693cc5bd0984155f847890,8d19b3ca44ba7b432f3d215b9ef8a2ff,delivered,2017-09-04 19:32:30,2017-09-04 19:45:16,2017-09-06 13:21:20,2017-09-13 21:22:16,2017-10-02,8a1378356648ca2112596ec60384c0b8,2017-09-04
2d6c9f00e3d35a0f4e742fff1191d675,7b6c9b3a1320537ea96a805c11acd5b6,delivered,2017-09-13 12:17:25,2017-09-13 12:30:18,2017-09-14 19:16:45,2017-09-25 22:27:42,2017-10-06,a8d63b03d7d063745bba475997f9311d,2017-09-13
f8b8a77937cd83cba18622b9e1e2681f,e651d841ae3705fa132b3fbeefcbd0ab,delivered,2017-10-03 17:05:02,2017-10-03 17:14:21,2017-10-05 15:02:51,2017-10-17 22:24:08,2017-10-27,fd47af963b760f05fbc357474509905e,2017-10-03
a9687a65efa981b3d1e10a8b437962da,c9ae0cf86b3ca002831367892138ba7d,delivered,2017-11-22 09:48:14,2017-11-22 10:06:40,2017-11-23 18:13:11,2017-11-28 23:40:06,2017-12-12,fb6ec8f4bc26e87e5f9addb7eba4cda8,2017-11-22
dbe491c8c7def16cb4b93c51aa88c124,53a1c334c7e3dbf57ca4354ba5e93310,delivered,2018-05-04 20:30:28,2018-05-04 20:53:56,2018-05-05 09:30:00,2018-05-10 21:38:58,2018-05-29,c4a5dbcdc7c33758cf5efff999c6203c,2018-05-04
779b6f84b404177ab8f8f5cfd0137216,21558b7b6743818a6667a0bae27ad407,delivered,2017-09-20 10:31:47,2017-09-20 10:45:20,2017-09-26 19:39:47,2017-09-28 15:07:39,2017-10-05,7f84cd18af38cea35e6427fd044e0931,2017-09-20
82101da55cd8646eed9d29379b7b2777,1dc1b2d1270f3857d9689e01dc8944b5,delivered,2017-12-11 09:17:04,2017-12-13 09:11:15,2017-12-15 22:47:03,2017-12-28 12:03:29,2018-01-08,7ed831a7b0cb3af5521006837fdce0e0,2017-12-11
954aedc4f98a5c752b4097b126a60832,b678b552b2e4fbd0447bcc1684789d36,delivered,2017-05-25 09:52:37,2017-05-25 10:05:10,2017-05-25 11:02:52,2017-06-07 15:12:34,2017-06-19,fa8c9fc9c608246c4caf82c44e5b570f,2017-05-25
fe537e6a4ecefcef1306d5d67ed38c16,5fb6fe8fac6572d421201d0db52a0d9f,delivered,2018-02-17 19:16:50,2018-02-17 19:30:22,2018-02-19 23:12:12,2018-03-09 16:28:24,2018-03-20,80eebb1b3aa9d15814f2cdee6cb584fe,2018-02-17
dde801d2a66d76cddaff0a12600d459d,cd6de45188cef699892c78cc57df27ac,delivered,2017-07-19 09:40:04,2017-07-19 09:55:06,2017-07-19 19:12:00,2017-08-01 18:54:35,2017-08-14,3ba8a0a022b400d6ab59e70016815702,2017-07-19
3935314843d69e339825d1b0d7f6ebc0,aaf2c80bac819f4785dab771fa2742d5,delivered,2018-05-08 17:02:30,2018-05-08 17:31:01,2018-05-09 14:05:00,2018-05-18 12:25:52,2018-05-29,a8e03a248721eb9e0ecaf49d307a6115,2018-05-08
86245d8147b4d169e9e1587c6d4e7f45,271dadfff97f1e43071133688f875d24,delivered,2018-03-19 08:25:13,2018-03-19 08:35:28,2018-03-20 17:48:55,2018-03-27 02:06:40,2018-04-11,bbffcf9f5b22050f80207bb2b32c8bc2,2018-03-19
ea5552c430325cbf26a8b504d5805925,66d0f81a78ef68872539beb6c13430b7,delivered,2018-04-06 09:56:00,2018-04-06 10:09:03,2018-04-11 00:14:26,2018-05-04 20:58:47,2018-04-27,1df4569d23990e3d8d30a4d7e22b2def,2018-04-06
1a4dc88681af860f27b5e7af0cf35ecd,cdefa555b31181f8be693ab16ce1a8d6,delivered,2017-04-24 10:53:28,2017-04-25 11:05:17,2017-04-26 12:16:49,2017-05-03 12:20:11,2017-05-15,e10fd3821088b04a56b862269ed44be7,2017-04-24
0758015124a0c9af755d31a7bf0efedc,6c4d762aaa6ab65c892e6cdd1de5947a,delivered,2017-09-16 14:51:37,2017-09-16 15:06:15,2017-09-19 16:55:57,2017-09-29 02:15:14,2017-10-11,e585519b42291f931a5ec37c75cdb7ee,2017-09-16
8711deabc099e5d2c3c89afd73e485a6,8e7f8c397aa4a27f05e44625e5b9f9fd,delivered,2017-11-30 18:26:24,2017-12-01 12:31:33,2017-12-05 16:07:40,2017-12-21 17:25:58,2017-12-27,7ea4adbda09cc03f0ff84cd183252996,2017-11-30
5a2fc8deabae69566f89581221d9a0dd,e35a9206d88ff93bc76a5cc78bd71235,delivered,2018-01-11 09:23:12,2018-01-12 02:35:21,2018-01-12 20:46:40,2018-01-15 13:04:35,2018-01-30,50eee0f3d3671b8f0d6c651fd54b0b62,2018-01-11
d61923c6cb80bdd877ba63a3c77830f0,a521c025a3c9cafce21c0156d1555715,delivered,2017-12-07 11:32:37,2017-12-07 15:01:31,2017-12-08 18:28:45,2017-12-15 19:57:06,2018-01-03,5b0b6dbdc41527329d49519d7bf30866,2017-12-07
751faf67487905eeaf337644003ff82c,b3a21908915e2cb21871fb7c1a56a9e5,delivered,2017-10-19 19:24:07,2017-10-19 19:35:27,2017-10-20 19:23:06,2017-10-26 21:19:43,2017-11-07,b9f44adf80ea63d6c55c0ee8c0360fef,2017-10-19
f2bda88ec797456b974f810a84814028,f6bc1f7a73e63de75f85218f4ee4ba74,delivered,2018-04-12 21:14:09,2018-04-12 21:29:39,2018-04-13 22:22:24,2018-05-04 03:51:41,2018-05-11,fa78790421eaf44ffde16645c700fafe,2018-04-12
2fe8d06695835130f65178317d0be4c7,2efbd1449f54af0ad6d218984bdf65b7,delivered,2018-05-25 18:29:53,2018-05-25 18:58:32,2018-05-28 16:19:00,2018-05-29 20:51:58,2018-06-12,5670c7ea5472c16a06b1e3f72b3849b0,2018-05-25
fb2396a74aaecef7121159fc69a5a7d9,6bd987d89796d42d17d1581c76f3edb6,delivered,2017-12-03 15:58:51,2017-12-03 16:13:54,2017-12-05 19:03:49,2018-01-08 22:43:59,2018-01-04,67349e4dcbc0e74649a90978a9ed0265,2017-12-03
4b99a000045d86380d5b014642fbc499,a6d0826873e7fd69267d460a167a51e9,delivered,2018-06-29 12:41:16,2018-06-29 12:50:17,2018-07-03 14:56:00,2018-07-13 16:58:35,2018-08-06,21ae07e16a47e3fed94214fe683e97d9,2018-06-29
fc5701b47c62ca3a3f7c2514cd5edc56,5a9602cc6ddcdb2b24f0472bc9efaac1,delivered,2017-10-25 12:18:10,2017-10-25 12:28:13,2017-10-26 21:45:38,2017-10-27 17:31:52,2017-11-07,a71c42ad6b9c91971e3bdd259d80c56f,2017-10-25
9d0e1b41a4281d12d3324e4b7635b21e,2d97b3ffd3a5911015a4415ff3d847e9,delivered,2018-08-17 15:43:32,2018-08-17 16:09:40,2018-08-23 14:40:00,2018-08-27 18:31:55,2018-09-12,c36f379ed2ca6c7b85484f0dd3da9448,2018-08-17
690fcac48556995b83b79610b6732288,a8c5d1499b4a99c111add8f2c3c94049,delivered,2017-03-20 13:18:46,2017-03-20 13:18:46,2017-03-21 10:43:55,2017-03-24 13:05:59,2017-04-19,e0f4369442d02c201e98330c810d1e56,2017-03-20
1b2e46dc89f67428df456980ad2ed5f9,9de1872ae494ed93aa3d2812f9b3aa1d,delivered,2018-07-23 16:59:27,2018-07-24 08:31:38,2018-07-24 15:07:00,2018-07-25 17:39:36,2018-07-31,be13d0722fe7b02cbb404ff2774ccd9e,2018-07-23
777e12368d3bb5d1b085cdbc60c6f910,28deb679d1930565c09da8da090cbcbd,delivered,2018-08-15 11:56:10,2018-08-15 12:10:24,2018-08-20 14:39:00,2018-08-24 02:23:45,2018-08-30,be8b41dc3f22146dbbe9c821aae33c7b,2018-08-15
669fd9e9df77c6f3c98b21439e07c31b,38b1c669658a056bbdb1e6c1bfbcfe76,delivered,2018-04-22 11:53:41,2018-04-24 19:17:08,2018-04-27 12:03:00,2018-04-30 20:24:00,2018-05-10,27ab62654ef2da0ceee9d7acee9dd333,2018-04-22
5b163ebdd5ac559f04d06af2069e23d3,1beee23bc97c837ff2053e648d9f338d,delivered,2017-10-25 17:17:30,2017-10-25 18:26:01,2017-10-26 16:59:02,2017-11-14 16:17:43,2017-11-21,cc492df9ae61715ec0ede787f6f086d9,2017-10-25
8afb063e8c6757ee2a1a8fb16029aa8f,3b01b28ff924c07381c3a6d37ea2458a,delivered,2018-02-20 18:49:15,2018-02-20 19:28:32,2018-02-21 19:47:00,2018-03-10 13:11:44,2018-03-19,7ace8d1bfd4dfd86d60c6d568b16c38c,2018-02-20
38ce6e56afadcd3a63c9ff944732287d,29d72e553ceab57d2c3ab9bf61d6e9a7,delivered,2018-05-07 12:59:03,2018-05-07 16:15:27,2018-05-10 16:03:00,2018-05-23 00:22:43,2018-06-04,ae695f766cf0fad86197be5721a0c098,2018-05-07
c767c6e164464c133c309cd34b800997,09c87ec40e7dc86bfd0b79ccbcb73b67,delivered,2018-04-26 10:06:10,2018-04-26 10:33:46,2018-04-30 06:16:00,2018-05-15 21:09:17,2018-05-28,023e5eed74131f86d5893680d88d88d7,2018-04-26
3ab5ea6981f6753595fe00318d111e5e,fe2626b9e5199ee9e77b01eadb8ef822,delivered,2017-05-23 21:30:32,2017-05-23 21:43:03,2017-05-24 15:39:51,2017-05-30 13:12:45,2017-06-12,d3efdecc47d13cd2948acb4f061eca57,2017-05-23
5b361f79a49d353fe005273cc5dd725d,c37b049c9d46b1a0208d66bed08ff974,delivered,2018-05-12 19:50:52,2018-05-12 20:10:18,2018-05-14 14:04:00,2018-05-25 01:47:19,2018-06-01,f28020de1ea039bf877765196c80d82b,2018-05-12
0ebd409ca379ce0ed8b24e8f5a59a8ea,77d1c38d6cc3bc2b1b575097476543a0,delivered,2018-07-25 21:51:04,2018-07-25 22:15:14,2018-07-27 13:02:00,2018-07-30 19:49:05,2018-08-28,5a689ab0069d25bc6c2be47d4b3863d4,2018-07-25
ca91862f94f3eb805b394ae462b669a6,50fca9169a180ed21779f010af207af0,delivered,2017-05-15 00:59:39,2017-05-15 01:10:08,2017-05-17 14:33:27,2017-05-18 12:33:34,2017-05-24,ccf97b95d310edf490f1965592b110a5,2017-05-15
4c1cb7f4baf46ea807d4e65bc0494dba,d32e1e149743201b00ede9aca9df9209,delivered,2017-05-22 15:34:53,2017-05-23 17:45:16,2017-05-24 11:06:24,2017-06-08 12:35:51,2017-07-03,c1423d3d1cca5186e6aba177fdc54dfc,2017-05-22
b1f3abcf6775aa5e52df38e4b157fe9c,b4e250c432ca2d8336fbe5e5affdddad,delivered,2017-12-24 14:19:46,2017-12-24 14:28:28,2017-12-28 17:42:15,2018-01-06 00:27:20,2018-01-26,c8933d0edfecd5412c9c5aceecef3324,2017-12-24
dfa0b68ab249dcab78fb4046b7f3050d,47fbb158df800dc51ea6b33d40e214b5,delivered,2018-07-21 03:05:34,2018-07-21 11:50:12,2018-07-23 13:56:00,2018-08-01 23:21:55,2018-08-27,faebd6e1e9e861b140588f5e459536de,2018-07-21
3417639844a3a88b3ee9e86ecbf802b7,2b64ee8770672fe8f26ee30b6830af94,delivered,2017-12-26 14:31:52,2017-12-26 14:49:16,2017-12-27 18:28:43,2018-01-09 12:53:44,2018-02-02,7d167ea5b93a9ce85066dd22097abd5d,2017-12-26
ee81daf572c595016b038f9dcf8f6a0a,d09527c5947fe80403de8cee76442c42,delivered,2018-07-04 20:14:04,2018-07-05 16:14:02,2018-07-05 14:17:00,2018-07-13 13:36:40,2018-08-02,5af81692bef1371aed2ef226c8836f9c,2018-07-04
b7efe64319f69973a0924eb8e7a1ed3e,a328e11781c6b668cea0a2bda09ed9d3,delivered,2017-12-28 16:42:46,2017-12-28 16:50:27,2017-12-29 16:04:01,2018-01-23 18:27:55,2018-02-01,2a3d4df1de5c9feee497328298916d41,2017-12-28
3ca9bfb188b7a5dee65700923d088502,5eff91883bfa0e1c833a292e1a30e0bf,delivered,2017-11-28 12:25:35,2017-11-30 02:22:07,2017-12-08 12:58:18,2017-12-19 01:05:54,2018-01-09,bac4a0cb0d264eed664e810165d1c5c7,2017-11-28
196d07f4360358baef663fa6bbba95b0,857270fbac444dc798a0a452cec924f8,delivered,2018-05-11 19:46:38,2018-05-11 20:16:41,2018-05-14 13:46:00,2018-05-21 17:51:17,2018-05-30,815e70d059a75648547d5a63fa9045d6,2018-05-11
c59585ab4509d02f4685423c12357ed6,7388c02748d6f6805ab8c2567cc7e0ad,delivered,2018-02-23 10:19:19,2018-02-24 02:48:32,2018-02-26 22:19:13,2018-03-07 19:13:26,2018-03-22,3c010c9abf69d5725bf5fd947b492b83,2018-02-23
7af6541803424eeecb9ec5148df1f74a,f487d1e458323b7515501432ec6d8bc4,delivered,2017-10-29 20:51:29,2017-10-29 21:05:38,2017-11-01 23:23:27,2017-11-13 20:30:07,2017-11-21,00bbfe2f540d0cfccbb098d92c503eca,2017-10-29
6e839a316ec11c925e803dbcf1d8210a,d2ee05a1553278fc235a3cade4d19809,delivered,2018-01-16 19:37:33,2018-01-16 19:51:14,2018-01-20 02:18:54,2018-01-30 13:09:30,2018-02-09,243bbe20b35e459f125e72ab921a1c9f,2018-01-16
7a2794a2a0fe321c8b3735dac52ca64d,36208b84575a59b68fde6b6241c10e26,delivered,2017-11-25 15:47:40,2017-11-25 15:58:37,2017-11-27 14:48:15,2017-12-20 19:53:42,2017-12-21,823844a1234ba2724b5f2d73ff191869,2017-11-25
efb9ad1c5eb60ac2a3565723d18230fd,51316a30363c2c36855d836cb563e76d,shipped,2018-02-15 19:14:40,2018-02-15 19:30:43,2018-02-21 20:17:54,,2018-03-12,595b7498b9be22a465ad4abd3c37b419,2018-02-15
d368a1aad6fbecd01c20f4bef6bbad64,b7551075c84a52e0a16a2bdb12d89d90,delivered,2018-07-11 23:59:17,2018-07-12 00:10:12,2018-07-13 14:47:00,2018-07-14 13:04:28,2018-07-24,08c22aee1904cdc9979a70de37869621,2018-07-11
19530a2973e25dffb52a39210f27ebb0,fb414321e11f6ff470a42cf778c60753,delivered,2017-09-20 22:19:51,2017-09-20 22:30:15,2017-09-21 15:47:47,2017-09-22 20:03:12,2017-10-05,851ba17a48d6e4bffc6191dd0311861b,2017-09-20
4653095ef7d71a9c9514e55131538126,402943ae9d74ed16a21da5455f419294,delivered,2017-11-04 06:59:58,2017-11-07 07:30:43,2017-11-08 19:26:51,2017-11-13 20:58:46,2017-11-29,d15605acc62833da0624a0bd2b50eeb1,2017-11-04
2502fdbda37b0748046e3b6c9d33e7ea,19a81cc55bd0e8ad389c7b787c9c280d,delivered,2018-04-11 15:35:23,2018-04-13 10:50:18,2018-04-16 19:32:18,2018-04-27 19:48:39,2018-05-10,8f4b9f159cf4066f1dc15918e013a155,2018-04-11
66cc026722b3407facaaa00f34cfef52,45734e91784cbe205cb096380e8197a0,delivered,2018-05-09 18:20:48,2018-05-09 18:35:16,2018-05-10 16:49:00,2018-05-24 19:49:39,2018-06-13,33c1f9d7180a9f3a2fa3b43e5f5a636d,2018-05-09
7222c3a8696a84d8f538ee8db5832c67,9fc04c616b5152752cf00b3e8c520a94,delivered,2017-11-12 21:15:48,2017-11-12 21:30:21,2017-11-14 16:49:36,2017-11-30 19:33:12,2017-12-14,ba7a268d5ae1746f3df84ec46deab62f,2017-11-12
977649a07fb7be354cc39d9a79ee83e1,d7d1465f1de475b3d507ab913951fb3c,delivered,2018-07-11 10:10:01,2018-07-11 10:26:31,2018-07-12 12:19:00,2018-07-27 16:51:14,2018-07-30,21c0f49b14ee8daa69e5bb84207b9e27,2018-07-11
d0f04dee9c829112fe7fa0842b4b0a8a,adaf66d6338b6afdcf83c0f35a29aacb,delivered,2017-05-16 17:54:54,2017-05-16 18:05:22,2017-05-17 15:31:48,2017-05-24 11:48:08,2017-06-07,e18e5bacd926fa2430662e451bbdfaa9,2017-05-16
432a9adaeaabee5a6d9ffa692ef34689,ee2cd66d3b85edee9c2725c697db9c4f,delivered,2017-12-08 18:41:56,2017-12-08 18:53:33,2017-12-11 21:09:22,2018-01-04 22:47:55,2018-01-10,4efc606b565c55b693fcda6c502466e9,2017-12-08
38c8ba427ad6da87673e4545427e9027,ba6bb98f155b2497990241226bf28eec,delivered,2017-07-28 08:39:44,2017-07-28 08:50:19,2017-07-28 18:33:12,2017-08-01 21:22:18,2017-08-21,431efdf5c8515f2365bb7deaf0197041,2017-07-28
9addcfb50039a7744e3385c20debb983,d4788cd29b824400650133d63034df02,delivered,2018-05-25 10:23:03,2018-05-25 10:35:11,2018-05-25 14:40:00,2018-06-06 16:26:51,2018-07-05,605fc181a1e500f9e516fb12b42de17f,2018-05-25
1ec810048eb69cc5b35a28f05c86bc8a,d4beef859d9a353bdf1b0876730c986a,delivered,2017-05-28 19:04:17,2017-05-28 19:15:13,2017-05-31 11:04:38,2017-06-06 12:44:38,2017-06-21,433c2eaf97d50fb53f6a0b06fc881080,2017-05-28
0f4519c5f1c541ddec9f21b3bddd533a,1a8a4a30dc296976717f44e7801fdeef,delivered,2017-03-09 13:26:57,2017-03-09 13:26:57,2017-03-22 05:28:14,2017-09-19 14:38:21,2017-04-11,4df2d7257a7463e2d7a98a5b08cb92fc,2017-03-09
81d715926d69a15e7220e3e7092f6c4d,477370c733868fe48e64bb3882ef1b4c,delivered,2018-04-11 12:55:20,2018-04-11 13:10:15,2018-04-12 14:22:44,2018-04-20 20:21:48,2018-05-04,6ff003dcf2085702d2acf451c8cc58a8,2018-04-11
b708bcdd3889b8e6df7323fcb64bec79,fe491bb998464f01edb29d2c967ea693,delivered,2017-10-11 11:03:15,2017-10-12 02:20:54,2017-10-13 18:21:41,2017-10-19 20:50:10,2017-10-30,f5efee6d288888b6c033638d513a59d4,2017-10-11
fb08dd566174dbeebc7a8657b0c1aeb7,bde359315c6d85850ae136185b1060d5,delivered,2018-01-20 13:10:45,2018-01-20 13:30:16,2018-01-22 21:11:52,2018-02-01 18:42:19,2018-02-15,6e66873f7efad91115b8c6b7e566c6cc,2018-01-20
a111f1d17afc3e76dd0c2428a96a7617,b79ba9d57f765887e6f8523786186ae1,delivered,2018-08-05 22:13:55,2018-08-07 04:44:39,2018-08-08 15:29:00,2018-08-14 01:03:32,2018-08-10,381a3e3bda7b6f4c7c5908e2b385cd48,2018-08-05
cfba3ca25a049f8bdf836baa3b8be493,1c282323584deebf1025c4c72dde565a,delivered,2017-01-23 20:21:12,2017-01-25 02:45:48,2017-01-26 14:58:39,2017-01-30 18:23:45,2017-03-02,2a20697e5508f62175c47760b460bd01,2017-01-23
1fb6880d44ba288c88dd005bbba85b99,b8ec2a4b422f110c3511b9408ffaee3e,delivered,2018-02-13 19:13:34,2018-02-13 19:27:24,2018-02-14 16:14:44,2018-03-07 15:52:00,2018-03-15,99d962949dec36484a681779402ed748,2018-02-13
3f515b21edaaa117bbab2833ce2cae32,8c49836680a00b97d63059dc43458e50,delivered,2018-01-26 11:31:25,2018-01-26 11:40:24,2018-01-26 21:03:52,2018-01-29 18:35:16,2018-02-14,3c9ee9d8004a02d1956ee4dca5a572ce,2018-01-26
5312f3d56a531aaf51a7b9b3e38905cf,e66cf38a4613e6c515fa66440545edfd,delivered,2017-11-27 21:54:52,2017-11-27 22:17:48,2017-12-04 11:09:34,2017-12-05 18:03:14,2017-12-18,ff16d29e19b92c63503939641cb423da,2017-11-27
c9df3da7ad0c96f09355e11504f68d55,7dac2d2be0b88202e20a740d1ead62a0,delivered,2017-04-19 15:49:44,2017-04-19 16:22:10,2017-04-20 08:27:44,2017-04-26 12:27:08,2017-05-11,213d799209faf2194c9e6591650f4306,2017-04-19
16d3e6e8282d9f56a862a812e88ff366,dd62583c3bb8dcc05888cd20ed252745,delivered,2017-05-12 17:29:57,2017-05-14 15:55:17,2017-05-15 08:13:37,2017-05-18 14:54:59,2017-05-30,460a8ec20cdb96105bf29b82417e13bd,2017-05-12
c72e248317c3bee8d95d20602d8f435c,d4a41ac59d9d6532649a6eec0e27b7e6,delivered,2018-04-27 17:02:54,2018-04-27 17:15:27,2018-05-02 13:36:00,2018-05-10 18:13:06,2018-05-29,12b520f789d8500b12b821dbba81a5c3,2018-04-27
e74c5411558a7a26de918d23a07e1cef,cfa82fe41a4fe2ba6d68e73d37350258,delivered,2018-07-10 08:54:41,2018-07-10 09:10:20,2018-07-12 16:05:00,2018-07-13 20:34:41,2018-07-26,c071f952b577ad0a23ae9a9683f2c092,2018-07-10
d83d299f99cc0cc92038c685c73f60d6,36ff5b9abf34399f011005832bfd57a3,delivered,2018-08-12 19:59:26,2018-08-12 20:15:17,2018-08-13 13:57:00,2018-08-20 17:41:47,2018-08-29,6a735d48c5116d8b8b182d99b3f8f304,2018-08-12
de8f695cc30ff739ee50c1209638549d,48f74010d81b2386bacab0759eecb33f,delivered,2017-09-17 22:24:28,2017-09-17 23:20:29,2017-09-19 20:02:59,2017-09-26 17:35:15,2017-10-17,673dcf90d05656ebc9f5aa4a9709f245,2017-09-17
d770c2af072ad47e1f38031aac283ee9,fb7a48382e1775b67f2b5d637dd6c576,delivered,2017-05-17 23:37:20,2017-05-17 23:45:13,2017-05-19 09:27:59,2017-05-23 00:16:55,2017-06-06,fb4c2f8477e7f27b44535707bf4644b1,2017-05-17
93b78181e649b7f9afa19b6240ced12f,5c922f4fd6d3cbc3719a275f29db4e21,delivered,2017-09-14 14:08:27,2017-09-14 14:26:14,2017-09-19 14:19:42,2017-09-20 15:23:24,2017-09-26,5ed20fa69238c22b89d8f4153b711c86,2017-09-14
cf8ace9395d2ee06b4b513df8ba682b3,ad02be9a3c992f78bc890f2696a0493b,delivered,2018-04-12 11:03:44,2018-04-12 11:31:48,2018-04-12 21:52:28,2018-04-13 21:57:48,2018-04-27,002da6dde369f6a8b4c999ed61eb5a87,2018-04-12
a66cfefa309e2beb4dbff4037b531ca8,5441313e6830e1a41ae1fd6d5ad9ab9e,delivered,2018-07-26 22:44:42,2018-07-26 23:20:14,2018-07-27 10:26:00,2018-07-30 17:54:58,2018-08-03,978dd40d16cefafe1800aaac355d0def,2018-07-26
7b2a59ac3925f388c847aa4b8c3b9cd7,9a08d4100860cb1c8033a2c80f45c3e0,delivered,2018-02-09 18:34:05,2018-02-09 18:48:24,2018-02-14 18:42:10,2018-02-16 16:58:52,2018-02-23,ce398c89d9d45435d479a1610a214762,2018-02-09
5207664bb97d53e5e9cdfd0163380e2f,7b1d4d024295cc2b11b2896b06458baa,delivered,2017-03-26 21:29:35,2017-03-27 07:10:09,2017-03-27 12:41:53,2017-04-27 10:11:04,2017-04-26,ef79ea4c7a673c9aef89e230b00b9270,2017-03-26
da53168e1e12e3408d193c03604f260d,baa44e1b7be98ae9c59021a99509a628,delivered,2018-07-05 10:00:59,2018-07-05 16:05:29,2018-07-05 10:23:00,2018-07-10 22:03:28,2018-08-01,f455dc4e70b1c2377a621abedce36211,2018-07-05
3d69b8fb75425d68773abee98e5217da,5547f4c45fa394bf146f873bdbefb07b,delivered,2018-06-23 11:31:17,2018-06-23 11:55:29,2018-06-25 14:07:00,2018-06-26 14:27:48,2018-07-11,6f4fc6b463c4306c9f9c26a435b25f05,2018-06-23
34b52e1c183144d83dae0e368e920950,59803495009fd20d25c7a207b6a6fb81,delivered,2018-08-12 11:56:55,2018-08-12 12:05:17,2018-08-13 15:09:00,2018-08-14 15:50:51,2018-08-17,e7448e1e1479af466988b0b5a3f7f565,2018-08-12
9c15c036c4f16b07067be66809ad0a9b,64aa80575506a08c3d6f3a38bd6576d1,delivered,2017-03-29 19:44:20,2017-03-31 02:15:34,2017-03-31 08:41:57,2017-04-04 16:08:50,2017-04-20,d764efde950fbf6c7760f583bf554dbd,2017-03-29
72d44473e1527dda73c900bbc004f294,b35ac25f1b652e254aa7962e33aa1d16,delivered,2018-06-01 15:59:34,2018-06-01 16:15:17,2018-06-04 14:56:00,2018-06-05 20:32:08,2018-06-26,961120ee69f4c4116eee26cd8e479dcd,2018-06-01
ce5ac3d77cca9ee37ace392eb33cee3f,de8c0c2c84ae2509dfa7594c4e00a219,delivered,2017-10-17 19:05:01,2017-10-17 19:14:15,2017-10-24 12:11:10,2017-10-30 20:54:02,2017-11-08,9ff6787921b9aecefdb9c8212ebd8679,2017-10-17
4fa1f3386053fb83bfcb80df2abb0ed5,c0e7e79bcaabdbc3d801aeccbd349acd,delivered,2017-07-10 13:38:15,2017-07-11 03:55:36,2017-07-11 19:23:23,2017-07-25 00:18:19,2017-07-21,d08f708884fe5d013b09fcdb59eef1ae,2017-07-10
70e4a16cdaa84276ed287a38cf800b41,6a9bef4c174a9da90658bdb9574ef42c,delivered,2017-11-12 16:49:26,2017-11-14 04:10:40,2017-11-17 20:04:45,2017-11-26 15:46:07,2017-12-06,d27d0adf06c8ff8a314aa0a783484d97,2017-11-12
9813a3dc93e8c648e03270feca0e918b,b227d66d4c411666070d0bdafd1061f8,delivered,2017-04-04 23:14:23,2017-04-04 23:25:16,2017-04-05 14:39:10,2017-04-10 13:47:46,2017-04-27,2e05adf5092e25e5f1af3f7997d3095b,2017-04-04
bef6908876c633575a196a310d1b5d77,a83ac7ce2fbf35d6cfe824ee9035fb1d,delivered,2018-08-06 09:54:06,2018-08-06 10:55:21,2018-08-08 15:00:00,2018-08-10 17:28:25,2018-08-20,c94170f7100d11d7639f31b9c00bb196,2018-08-06
872076a76f2016c1ce453396f61c995b,bb5a8eb623c125a2de9f652361313c11,delivered,2018-05-14 14:03:42,2018-05-15 08:35:23,2018-05-15 15:17:00,2018-05-17 15:03:50,2018-05-24,c6d86981e2f178afee737d075e3bca2b,2018-05-14
8ec55bc714dc23ff93908bdaf8b97704,a2c6cf15697f03b627807d18d51f0c37,delivered,2018-01-19 11:46:16,2018-01-20 09:07:40,2018-01-23 12:17:10,2018-01-24 18:13:09,2018-02-05,e7468e276500e0e19d73bde2b165c476,2018-01-19
f19f3e41a55de40d4ce494d1155a43d2,473ab0020167a0a29021463bade19fca,delivered,2018-04-06 07:08:27,2018-04-10 03:50:40,2018-04-10 19:52:16,2018-04-18 17:37:05,2018-05-04,75f8a2ccad88f173161afc0ba98b52a4,2018-04-06
67c962d7ef6cc2b3d925892e8613dd9f,f57ea69386fb2d18c59fd03b7bb01dd6,delivered,2017-09-11 21:19:55,2017-09-11 21:35:48,2017-09-12 18:47:51,2017-09-16 13:19:50,2017-10-09,be89c22de9dc88f75339c86ab67a6223,2017-09-11
4b78a3c3971b83606a959d5c98208c66,fe3a04d82937a1d7343249c13322e99c,delivered,2018-05-21 15:22:00,2018-05-22 09:15:34,2018-05-24 14:47:00,2018-05-25 22:46:46,2018-05-30,70aa9ef908248a2ec9e03b77ce1ff357,2018-05-21
e45d7080e7473acc3193715209b095c4,976f152ef42f30a6e4bca8966a8b4099,delivered,2018-04-26 10:46:49,2018-04-26 11:12:47,2018-05-15 14:06:00,2018-05-18 17:11:48,2018-06-12,f5404ba53c69cca35b1e7f696dcadeb1,2018-04-26
6808d92d02c7f9b169e83f402c98ddcf,8f2dbc1fcadb8bb144df2202bdc7aa9c,delivered,2018-08-23 23:15:26,2018-08-25 02:50:18,2018-08-27 15:19:00,2018-08-28 21:32:09,2018-08-29,1ba882e77c6f5adbedd98f53307c00f5,2018-08-23
5b0cbe028ba75896dcef147e3cfaae1b,e09b89f779d02d6dd26e43881670d935,delivered,2017-08-10 13:55:29,2017-08-10 14:10:17,2017-08-16 18:27:40,2017-08-23 19:57:48,2017-08-30,aef5b3dd086be507c3dd70e07aa6bb94,2017-08-10
f12ff2a4932dcfb02448431710f346f9,db02c3f004a364b3fe0c9dbe24d808b5,shipped,2017-11-09 21:27:56,2017-11-09 21:47:46,2017-11-11 00:18:21,,2017-12-07,705bf0c75ced06aaf48ce34aed0efe07,2017-11-09
a9a5f4b190bf96ee22d3480fc1d17b41,805b88002d76a57eae5395ad1a655c98,delivered,2018-01-12 13:48:14,2018-01-12 13:57:28,2018-01-13 15:13:35,2018-02-03 13:14:47,2018-02-14,1988290d0b088c6b746dc1c858a6601d,2018-01-12
7124ccc1150a93e9f1d52032ebb1135c,b94419ee3dc0e32a94c0678d5da785d0,delivered,2017-11-25 09:16:44,2017-11-25 09:33:09,2017-11-27 16:34:28,2017-12-11 21:38:48,2017-12-20,d55e8228754aa0794028c26f1ae41757,2017-11-25
7ec6696d228f74c2935e596f44195356,60b6d8366599eb7dc2169fe862b4286d,delivered,2018-02-15 12:54:56,2018-02-16 07:55:32,2018-02-17 00:12:50,2018-02-19 17:13:30,2018-03-01,da8198ea45b815ac5588df1dc7f66661,2018-02-15
938b0c8375c67353f8240990a0e781cc,53da9e04fa6b6b63403e3fb33c8222ad,delivered,2017-05-14 17:22:55,2017-05-14 17:35:17,2017-05-17 15:50:00,2017-05-26 12:37:39,2017-06-06,7c432cf28b7a095c016ea544e873f19d,2017-05-14
b047b314bbfa89e4a830fbdba55c7afd,9898e8eddc4e40527c7cda1dc8ef3a9f,delivered,2018-07-10 10:40:05,2018-07-11 15:30:20,2018-07-13 12:49:00,2018-07-25 13:53:39,2018-08-02,23916bba358a757bc1a2962315e9ad15,2018-07-10
a58a3ce88136b2ca8432465f4bb5adaa,fbb076794786e1bd0a1e33eb71bcd595,delivered,2017-08-11 06:35:54,2017-08-11 06:45:08,2017-08-14 19:44:59,2017-08-24 16:19:25,2017-09-06,217754b74cc79168d8f2d5e20af057c5,2017-08-11
fa347fa4c2178db364a55330081ae2d1,9fb80d4cb0b26f8938d1dbba00c0348b,delivered,2017-11-25 19:13:23,2017-11-28 03:19:31,2017-11-29 21:34:44,2017-12-27 19:36:38,2017-12-11,30ed9f4629a6d4c77f2f561a5fab2189,2017-11-25
b0ee42f5b3ee64a5acb42cbd955c6e97,b76aea676aabdab15c3c30fd1a8c5536,delivered,2018-05-06 12:08:42,2018-05-08 04:15:36,2018-05-08 14:40:00,2018-05-14 17:42:13,2018-06-05,5cb511cc07bbab4b9b7f9cdf587c8b20,2018-05-06
23072f93197ce1005af84937345b910d,62db6986e87cb368bd98dfa252ecc606,delivered,2018-04-30 18:11:53,2018-05-01 02:53:11,2018-05-02 14:17:00,2018-05-08 23:42:55,2018-05-18,2ca4b9fcb8898c11d3134b26790e3e45,2018-04-30
69f6c952c081cc5dcc49173473630516,ae4c4beb11e7a4b395a9acc4ea3ee895,delivered,2017-07-02 13:02:39,2017-07-02 13:23:37,2017-07-03 16:40:53,2017-07-14 18:03:53,2017-07-25,068cee6bf82a34aab08b5f08b9af4f51,2017-07-02
45231e392a71d6e8a9081c85ec33aa15,c96b4cfef71ae1ab097480c18abc21e2,delivered,2018-01-03 13:44:16,2018-01-03 13:52:33,2018-01-04 22:39:04,2018-01-05 16:56:49,2018-01-19,59c4294186b35d084e67f0112c7a1449,2018-01-03
d16083ed35e57acd01a5ce52c16e5349,15833df384f0772466d927adc9e68d79,delivered,2018-07-18 17:54:31,2018-07-19 02:42:33,2018-07-20 13:16:00,2018-07-26 18:33:32,2018-08-16,0894788109c194395b72fff93502ba6e,2018-07-18
9a3adeb47e7d9f58c6d32d1cf2fb118a,adf5eda727670766a5e36616580ee0f8,delivered,2017-05-19 19:15:15,2017-05-19 20:22:40,2017-05-23 06:27:42,2017-05-30 07:24:55,2017-06-12,fc682afd7e41c6faf821a6aaaa9c4f0d,2017-05-19
517edafccdb3fbe4164342a0f5ada0ca,df5109a90fdf4b8749ff1f40ad43aad7,delivered,2017-11-22 20:53:59,2017-11-22 21:07:31,2017-11-23 14:46:51,2017-11-30 21:38:52,2017-12-14,e1668e5045b5b9b18f81163faf1c0457,2017-11-22
faeeb4eb4150e4e1246627ee36ae6f60,166cca2d65c48d84cfe64329ed713c71,delivered,2018-03-14 11:58:07,2018-03-15 03:15:53,2018-03-15 20:04:02,2018-03-29 15:08:38,2018-04-09,b154fc44f6b0375d51cc85e3720a2af6,2018-03-14
1bc6f68ff248f7bf9856f60c4c43b8a5,be85a838ba9d5a534df81333b491655f,delivered,2018-07-26 17:59:20,2018-07-26 18:15:17,2018-07-27 15:14:00,2018-07-31 22:20:44,2018-08-09,0f929fdd90cb0ec6cd4c0f372e2c9ca7,2018-07-26
061304e42542425c8ff0be14d03126e4,d48e06972235c6510cc66cebc10ab77e,delivered,2017-06-14 14:59:53,2017-06-15 14:50:21,2017-07-10 22:22:20,2017-07-14 11:42:07,2017-07-05,af4add6ae61530f1768eef38c9a52c05,2017-06-14
aa649f102949b264d3d83c5c545dedfd,09459fdb13104dcebd0c08f87be0c08b,delivered,2017-12-28 17:48:58,2017-12-28 18:08:51,2018-01-02 18:17:33,2018-01-10 16:45:53,2018-02-01,dad479d4172b0c7658c65da2b696e3ca,2017-12-28
40a2f98011d4a7be3a934cc6ca8afd9b,5d7d2b31d60795166c2521bdd498b0cf,delivered,2017-05-16 18:26:49,2017-05-16 18:35:22,2017-05-19 09:23:43,2017-05-25 15:09:58,2017-06-07,a100b1184e93de40e9ac2d79049d8c21,2017-05-16
09e74688e8059c85519cce1489af2e5c,212c138741751c407754e4ad14763dd4,delivered,2017-04-01 12:02:13,2017-04-01 12:15:26,2017-04-05 09:48:07,2017-04-07 07:22:24,2017-05-02,cd37af667f322ebc0f8d084f0ad72c5c,2017-04-01
cee919bd7163243ec1de9cab6b7b7bc8,66a2895f55f89a9a33063dc8e781314e,delivered,2018-05-12 14:45:53,2018-05-12 15:22:21,2018-05-14 12:59:00,2018-06-04 12:52:02,2018-06-12,d4b264d125b3de7f339899ddb8d7f7a0,2018-05-12
ce65464cf5fd5392097c6eb4a9a7918c,67ded7e65a2d293fde52b00d0fa6bd03,delivered,2017-11-27 11:21:53,2017-11-27 11:35:32,2017-11-28 18:02:37,2017-12-04 15:51:39,2017-12-22,77be8e815a8f018e472b81d4be971ee4,2017-11-27
37657bc9d98b4fc611e6671d40daa83c,9eb4421dcd3ef96e81c3d954d9d15ec4,delivered,2018-06-25 23:17:23,2018-06-26 00:35:19,2018-06-28 11:23:00,2018-07-03 16:36:33,2018-07-23,650e9f863816507f7d309bfe1e770953,2018-06-25
fd867bdd8258af11c6d8d6ff8c6c82db,ae534112af536deb8446fb273796316d,delivered,2017-03-23 21:36:05,2017-03-23 21:50:15,2017-03-24 11:33:19,2017-03-29 13:04:48,2017-04-13,552a038a90f9896d8d9c4d86de8eeb93,2017-03-23
b1e4c784d72d000802c113dc0d4420d0,2308ee1f4681e93de3a682e4411ee5d2,delivered,2017-09-12 08:47:03,2017-09-13 03:35:21,2017-09-19 14:10:29,2017-09-28 20:45:57,2017-10-04,c1a57f5222ef4a8987b8477784809637,2017-09-12
2994f64a88d65527ae04561a83ed11fe,e7b8f5b4e3ea1f449dcab86a426b4e01,delivered,2017-02-09 15:43:30,2017-02-09 15:55:13,2017-02-13 08:34:37,2017-02-15 10:08:01,2017-03-08,48c2919b486c10c9cdd3cf7593de3356,2017-02-09
a01f50d51f398895df76f0953182e1f2,69b904a580620dd2898f30a0ce35ccfd,delivered,2018-05-12 14:38:31,2018-05-15 09:58:39,2018-05-28 14:51:00,2018-05-30 14:22:05,2018-06-06,ee0536b95071fa4ce9bb94a187fec75b,2018-05-12
1e62c84c858e09d44e8612fd6efeeb32,64223c94da62fd36835fd3e6c2342fc7,delivered,2017-07-14 10:56:13,2017-07-18 06:03:44,2017-07-19 18:57:35,2017-07-31 21:33:59,2017-08-09,64dcb764699ed34398070fcdd952dcb5,2017-07-14
93e01af1a5d9d9d64c5668ec037ed020,056da52b4e48dfc71f202b78016c2ffa,delivered,2017-07-02 17:18:39,2017-07-02 17:30:10,2017-07-06 13:29:00,2017-07-14 18:47:45,2017-07-21,dbd77eeacbb93cd97caddff078f3b381,2017-07-02
8a7b84dec7fc7df583a40c69e47d7774,00f6b2176ddb649359d064053de50c2e,delivered,2017-05-24 19:42:09,2017-05-24 19:55:16,2017-05-25 14:07:10,2017-06-07 15:50:24,2017-06-16,76d6d5c43b1fc7066b46e93c1288ee2c,2017-05-24
93d3acc57bd28d53e25e2624c13c470d,d472dbf6ecbea44dbc6078d5bb5c0c6d,delivered,2018-05-21 11:06:07,2018-05-23 02:55:12,2018-05-23 11:20:00,2018-06-01 20:51:58,2018-06-05,48a7f33564edf88c8326c3ee34bf9c0c,2018-05-21
ebcb26a45847ef36be47894f2af9bfd7,533a50f4592ff36c1041d824d4c67ac9,delivered,2017-10-22 09:32:52,2017-10-23 09:35:17,2017-10-24 16:12:48,2017-10-30 18:17:49,2017-11-21,91741d9c6d53e9af29dc7f13f017d5ea,2017-10-22
efb954f0f94973f526cbb1c0492bcffc,a621b3f60876c815447f6d571e3c226d,delivered,2017-07-31 17:21:36,2017-07-31 17:35:12,2017-08-02 19:58:59,2017-08-08 19:42:11,2017-08-29,bfc1df2bcc9d8c1457bf962d8c9ab204,2017-07-31
34e0517759f61ad4194136f63ab3f3cb,c52e38620240ce2fe6550e41f64fcdf4,delivered,2017-06-03 13:59:31,2017-06-04 14:05:26,2017-06-05 15:10:10,2017-06-06 10:11:36,2017-06-26,0d6143cfe10640de5219d18623b3fd8c,2017-06-03
5f61b71c278e0e65231c70f058f4ab00,6644f96e1da51ce92f80d0c2793199fa,delivered,2018-05-23 20:42:04,2018-05-23 20:57:32,2018-05-28 13:18:00,2018-06-01 15:28:41,2018-06-26,16a2e4356a0e4433e45df462ca7606fa,2018-05-23
c992f37682e64f4ac2ec63136c54369d,55cfd643760b0684490f43423cb21c4a,delivered,2018-07-18 09:03:04,2018-07-18 09:15:13,2018-07-19 13:58:00,2018-07-30 20:45:52,2018-08-09,44e088218c7acc74f92b1adee3ee8afc,2018-07-18
b3e7ea02bc00558f1ee99a2927181b4e,2b700cb734e7009c5b736376ca57ebac,delivered,2018-08-05 22:00:56,2018-08-05 22:15:24,2018-08-08 11:48:00,2018-08-17 13:52:25,2018-08-20,10db899e693828aac865e65f46512115,2018-08-05
05c32785b5245ab31eb5bc6b0d41f698,e07f0f4cab25170d8b2d28cf80a38370,delivered,2018-05-12 22:16:52,2018-05-12 22:36:23,2018-05-15 13:46:00,2018-06-05 00:24:51,2018-06-27,87566fe4966777f59b86e1313f177587,2018-05-12
9ce0c6d8c2be703af5c2a180b715fc8f,9a54b61650bb6b6dab4ad690c4b265e5,delivered,2017-03-26 18:56:38,2017-03-26 19:10:18,2017-03-28 15:42:48,2017-04-03 16:54:47,2017-04-13,0728fce1aebb2443c578ef04de0d2ea9,2017-03-26
3e260a92ff50c19fbc36aa8a1d0970d1,981e0c95984009d4b5f08e1cc422e0c8,delivered,2018-02-15 16:57:37,2018-02-15 17:10:24,2018-02-21 21:23:27,2018-03-07 19:26:40,2018-03-20,7193a7581c1fbf3a251a596eab879f4f,2018-02-15
66b04218fe3a0af6ca54d243ecfb3737,5ffaa9e0952296664dfda701a20c5519,delivered,2018-02-03 21:44:23,2018-02-03 21:55:21,2018-02-16 17:03:53,2018-02-26 13:58:54,2018-03-20,2f2c5d1fdc5db8d9302cec6fd6dad0ad,2018-02-03
0c469ff5fde3323c2a8b99387f46bb19,5473f5784ea911c98ae1da72138f37dd,delivered,2017-08-08 19:26:46,2017-08-09 19:24:31,2017-08-14 14:46:51,2017-08-30 20:42:46,2017-09-05,89eb91f4e3b29c368dc72be27447b9e4,2017-08-08
80a2b0dcabefef6a83477204433b2482,4fa80c5dc3ee4b69457bf4ec5c091d2f,delivered,2018-03-04 14:28:44,2018-03-04 14:48:48,2018-03-05 18:28:48,2018-03-10 15:58:55,2018-03-21,2b9d75b098e314b98c6d5690982f723d,2018-03-04
90e9b4dd7939ec6f522647db526f5ea0,6c63eb1db2aa1062cb8c81dd9a303dea,delivered,2018-05-02 15:27:11,2018-05-02 15:59:21,2018-05-03 11:26:00,2018-05-09 21:12:50,2018-05-28,eec7ef3a3dcdc3ed5af12d93959b706c,2018-05-02
6920ef9156484c35b45b8a13656860bc,719ee005a5a75b965d95e367a1be7caf,delivered,2017-09-18 17:46:15,2017-09-18 18:06:08,2017-09-20 20:13:51,2017-09-25 20:36:33,2017-10-04,967a2e5063509efa377e560d5cf38661,2017-09-18
c5dc3239938cdd5fbaa0dae29b966d2c,eb66863a17ee48ce53653ee4afd4af21,delivered,2018-07-01 11:35:55,2018-07-01 12:09:26,2018-07-03 11:18:00,2018-07-11 20:22:03,2018-08-07,b49d79cdef655bb4cdf8223390c20524,2018-07-01
5466d76b73c2c9ea826b3fc661288d0c,684e1aa246a9eadc3e6827685b10e48e,delivered,2017-08-21 13:47:03,2017-08-23 02:47:20,2017-08-23 15:52:51,2017-08-25 13:42:14,2017-09-11,b786491982d80aee4c220f5b9b9c768b,2017-08-21
1ca816da4b6e814732f7cdc2365bf540,7a58ad4933a353bfe3152b324b6af16b,delivered,2018-04-09 19:50:21,2018-04-09 20:10:39,2018-04-12 21:41:19,2018-05-04 19:40:58,2018-05-02,66b219a06a37d7129406e32d295a46fb,2018-04-09
7d15ee19ba086bc60941dcc1b1c8f9b5,5cb606d43600f31c6bed6f2be64ba1df,delivered,2018-04-09 12:06:32,2018-04-09 12:29:53,2018-04-10 20:42:28,2018-04-11 21:48:20,2018-04-19,ae4206ed9160b571f35c6f767caec1ea,2018-04-09
1133be08257f4765d8551429f4ad2144,177fc7ae2e9f2151a7273d1040eeb7a8,delivered,2018-07-20 10:25:59,2018-07-20 10:35:19,2018-07-20 14:41:00,2018-08-04 15:06:57,2018-08-15,00e10a3ff1e104902141546420f5a18b,2018-07-20
271a60ca2e506446f84f15a5246bced3,a49ae7843fa7b392f6e13a14e5e18c16,delivered,2018-03-04 17:40:28,2018-03-06 03:48:51,2018-03-07 01:58:30,2018-03-16 15:03:56,2018-03-22,136807606cbecd946fbe8cb0d8e66537,2018-03-04
60ef2f57ad0bdb9491f0d62b4147d7f6,e488ec82faeb287d7d9fc85bd9960c22,delivered,2017-06-09 14:56:30,2017-06-09 15:10:13,2017-06-16 15:42:15,2017-06-29 15:06:52,2017-07-18,d10fea7c0237da4a4e1871b0eb49c0eb,2017-06-09
65e560b80ca884377880a124eb79a349,0bb10a5c4a815deda21cde1c4131e90a,delivered,2017-11-24 21:16:37,2017-11-28 03:47:18,2017-11-28 20:26:55,2017-12-13 00:59:45,2017-12-18,05b072d40a72efe9dc9752cb3ac00dd6,2017-11-24
14a92ecd0503cd0c9f6cfb0aea76dfa7,e4e4549de3fcdc34ca36d2c96f85321e,delivered,2017-06-14 11:31:58,2017-06-14 11:50:16,2017-06-16 13:25:31,2017-06-19 19:23:47,2017-07-03,9ad4dda4f07ffe69cea5cb32bcd1d650,2017-06-14
b1591d0dddc34fc0db8601799e1fbd9f,887ff35acabd7ba225eab1330ac7154f,shipped,2017-08-01 20:26:19,2017-08-02 02:35:01,2017-08-02 20:52:08,,2017-08-30,a5908de40ac33ac0c752190b53c077b4,2017-08-01
621e03f779410292b15f82803b88fabd,13d2a1d76856340c89fe82c204510180,delivered,2018-01-22 18:33:21,2018-01-22 18:57:05,2018-01-24 19:10:03,2018-01-26 21:52:40,2018-02-14,3ba7b54b7a052cbadaf74548d4f20b2b,2018-01-22
7be91eab3dac2edd89fc7f519e1649f5,7e01705680a54dc5c98635ed83de8508,delivered,2018-06-14 14:23:22,2018-06-15 14:25:39,2018-06-18 14:28:00,2018-06-29 21:04:59,2018-07-18,2b5c7a27f76c03d6a6923819bbaaa7e6,2018-06-14
d1c0be9650d4276bd67e6f8cd3af248b,dcde62303950a15fc5b2aea31c11f5a8,delivered,2018-02-04 15:39:37,2018-02-04 15:55:33,2018-02-06 01:33:05,2018-02-15 16:59:21,2018-03-06,ebae6aad9c8140364bfdb8625127aba8,2018-02-04
68a08e0bf6b9dd35f0bb977acd0f1358,09436a6184161df39d8528de4e13b7dc,delivered,2018-03-15 06:35:49,2018-03-15 06:50:20,2018-03-16 19:46:27,2018-04-13 19:44:28,2018-04-09,85c86d228f699747072946cf865e07f1,2018-03-15
16de740155e4e909578bd90826a632c1,cafaf59bd14e7535e7b6620739ac144a,delivered,2018-08-24 10:16:19,2018-08-24 11:45:14,2018-08-24 15:35:00,2018-08-29 23:47:20,2018-09-10,2be5dce8b491a7bc6a65d6e91bf49812,2018-08-24
d12c3951e6642988af6886426a27cf1d,1b5d94c383719290f813751e9253d6e3,delivered,2018-06-21 15:00:50,2018-06-21 15:17:50,2018-06-26 15:01:00,2018-07-06 13:23:46,2018-07-20,7c23003f6d2ea71546bfa83ef23c63ab,2018-06-21
ba43195b0f997630dab0e5b6dae0a6ab,d4ebaccdb4593f7460e7936aca80db92,unavailable,2018-01-12 12:30:21,2018-01-13 02:05:31,,,2018-01-31,60388892b3a10e0ea526461023be6fbe,2018-01-12
c5286c3adca434033c81d5622ebf1c2f,0e3e9543eeac727e8c5594ac6cb24797,delivered,2017-12-22 22:21:21,2017-12-22 22:32:25,2017-12-26 17:47:02,2017-12-27 20:38:54,2018-01-12,6be2dcacf82048d103cbd54e0b8937f9,2017-12-22
47aae990d1ea088fd601ee94fcdfe652,c4099b13d2795415cf8a9e77b8b7420d,delivered,2017-09-21 04:29:57,2017-09-21 22:35:25,2017-09-25 21:09:44,2017-10-16 21:44:49,2017-10-06,2f02635fe98bd8c88551f06ebc26aa73,2017-09-21
9975d8efcc8e0ffd4ebb4b3d16592110,e76656ce4486a41da00e471277b1d1e9,delivered,2017-06-16 00:18:25,2017-06-20 11:10:27,2017-06-23 11:33:17,2017-07-05 16:53:50,2017-07-07,acca556e877c4ee6aaa815349925fab6,2017-06-16
84f7db01521f80940a5251ef37175555,547dbb57ee7806557d8c8ac8feb3cc93,delivered,2017-05-30 11:31:18,2017-05-31 06:35:12,2017-05-31 08:13:55,2017-06-07 16:01:41,2017-06-28,3c2b68df85eaf13645391c7f681708fe,2017-05-30
5f416901ed4850dea2341b0c8cf6fde7,9cfe17d7f310c898ff790dc592d005e1,canceled,2017-11-05 17:40:04,2017-11-05 17:50:55,,,2017-11-24,3d20f9eb3b573ac7c42e3888c339467f,2017-11-05
ba5aba1c68c4ba890bf8700e5536eadb,c438a0213f0bda495570ba27007f31aa,delivered,2017-03-17 01:39:40,2017-03-17 01:39:40,2017-03-17 10:13:17,2017-03-29 17:06:39,2017-04-11,7b88c2de488b148451506239ac43465a,2017-03-17
acec051085be2d0f06efc5fd2f9037c9,b7bb72eef0f506931af2562d157987b9,delivered,2017-09-12 12:46:32,2017-09-13 20:25:11,2017-09-14 16:07:25,2017-09-20 22:51:58,2017-09-29,dd3b9807d79d415be6baaa65b19c5d9f,2017-09-12
d973de85e22fa324fc26a2c4da7884b6,1e72e36effe5b90ecb0881fd77496950,delivered,2018-01-02 18:14:55,2018-01-04 05:13:30,2018-01-08 19:55:31,2018-01-09 21:37:29,2018-01-18,c5280d077fa35b698b4b3feb5ed5a237,2018-01-02
33585683a8a47f86b6183a75c974b2df,16826653dc051ac61430958fb64daf1b,delivered,2017-08-19 14:08:34,2017-08-21 15:45:56,2017-08-23 20:51:46,2017-08-28 11:57:55,2017-09-11,40fd8d5f0c187320e1b5790b924cfec9,2017-08-19
db901cbc067d748513fe59568a2d9f4a,e927a7eefdacf3a803ed90330d43f8ee,delivered,2017-02-21 18:55:42,2017-02-21 19:05:15,2017-02-23 03:09:12,2017-03-02 11:42:19,2017-03-24,6d751fb6f222d3e4497a641a31d64676,2017-02-21
25755fc654451b06940f9b66bbc7c890,2aeda3894a7d5796211eb201d0714ccd,delivered,2018-01-05 12:54:08,2018-01-08 09:28:15,2018-01-08 20:20:30,2018-01-22 23:42:42,2018-02-01,a1aad178a2f7b4194282dcdc4207b7fa,2018-01-05
a583c2f5d73b6667b92ac37c4d44d4e7,8b83f6679552f1a62adbe84e0c68bfbb,delivered,2018-04-09 18:20:39,2018-04-09 18:31:37,2018-04-10 22:54:40,2018-04-14 15:11:15,2018-04-25,96f1bfd4844f0fde7a400b56ac42c69f,2018-04-09
9e1948d3c411c8a72efadb93b6f8a4fd,20482623ebecb062754216d6dceb430d,delivered,2018-05-23 20:55:53,2018-05-23 21:15:03,2018-05-28 15:10:00,2018-06-02 15:44:25,2018-06-20,5d6f93567d42ba32108eac0b8ee3485f,2018-05-23
afe460f14b2dae859aa56fdaf0753797,e827f64380c24c83011b755d47c5ca99,delivered,2017-04-07 10:14:01,2017-04-07 10:25:21,2017-04-10 16:30:13,2017-04-13 17:20:06,2017-05-03,d216b3b35166965b3e124680fa9c1321,2017-04-07
b8fbd8a0c07410289ec91234a8ad69c9,aa7210736aad65a84e964cfa8d64aa66,delivered,2018-03-29 08:49:38,2018-03-29 09:07:40,2018-03-29 22:27:32,2018-04-07 00:21:57,2018-04-12,ec2b8deff9bfbb59af09425a12597a3c,2018-03-29
038b8c914a94247880b6a34413e74a34,37522a871660ce8e75a583e9b4203793,delivered,2018-06-01 12:14:03,2018-06-01 12:32:16,2018-06-05 13:05:00,2018-06-11 16:32:26,2018-07-04,4842d52fa081691dd553c0a4639258f7,2018-06-01
0fb1f7c7042e9fa84d8d415c5fdec5c9,92f5a8e2f0279dae4618a7a9dda38875,delivered,2018-02-23 15:11:04,2018-02-23 15:31:32,2018-02-26 22:39:41,2018-03-19 19:58:50,2018-03-15,ad2800c67b1324861b2e5fa0a617a627,2018-02-23
be1b2440de60927d6a4432b36cc31c71,41181c4f1f3c814dfcfea3957eec452c,delivered,2017-09-07 18:36:26,2017-09-07 19:20:05,2017-09-11 21:24:51,2017-09-16 02:53:31,2017-09-28,a52f43288bd96433b3dc3091f5a14b2e,2017-09-07
5f1a3b52805b64613f0a07d44601b19d,7c3f9afa43e2d3a66ee68b8d41bc3bb2,delivered,2018-01-01 19:33:02,2018-01-01 19:41:58,2018-01-04 23:46:40,2018-02-02 20:03:13,2018-02-02,24d3968181f7be6f348342151b109b26,2018-01-01
463a6c0963417e97f92017b2d8cc2eb2,5a6c80d33748cf0916af7223670b0a14,delivered,2018-02-14 19:21:58,2018-02-14 19:47:29,2018-02-22 23:57:16,2018-03-21 15:22:52,2018-03-13,9c9bc2311cadbef3b8702a0b12fd11ca,2018-02-14
0c4a4755b0b19ba216edd6af92e5656b,bcc899d69a3c93f883f15a72dd015868,delivered,2017-12-21 10:30:18,2017-12-21 10:49:44,2017-12-21 20:39:01,2017-12-29 19:57:21,2018-01-16,0abbca729ef420397b2bda19b4d1428b,2017-12-21
e7a65544a6dae490049ce2d3ce4af13d,6a7cc03b9b05f65433b2ac7f1503b349,delivered,2017-10-19 22:30:36,2017-10-19 23:35:09,2017-10-24 16:42:39,2017-10-31 17:25:52,2017-11-22,f7642e15231c19a405ac8178a1655f0b,2017-10-19
3200257acc9dd36d1fa819e72fca7e59,c8a84c4b2aea91e2cfd48a87ae2a8947,delivered,2017-11-24 12:58:53,2017-11-24 15:13:44,2017-11-28 15:29:05,2017-12-04 20:33:01,2017-12-27,c0536ee7a009264e0f1bf1c8f4c54ad3,2017-11-24
d82a297437092371e1c2278befb2314b,3dc884c6324e6772af1dc9be78b1d853,delivered,2018-07-31 08:27:18,2018-08-01 03:31:59,2018-08-02 14:24:00,2018-08-08 12:08:29,2018-08-20,4bc4469dd267b3b0ffe375f9d286b4b7,2018-07-31
f1f812f73ca332c8951443e6dc2f8d54,138e4116bf4fa0d77b5fd7fbb4900a7d,invoiced,2017-08-28 14:39:34,2017-08-28 14:50:51,,,2017-09-11,1d7b4e04043c87bc899a0b4c7f4ba23b,2017-08-28
2cdbf599e49aa956ed5da592301daadd,75d3cbfff1481ce69176ea39f5de2278,delivered,2018-01-10 18:57:51,2018-01-10 19:08:43,2018-01-16 14:56:04,2018-01-31 11:53:00,2018-02-15,ad0ebbc075d8eb6e233c34572fd02c16,2018-01-10
8b1a95230c9ecbd01c91b80ba1f99a32,7d2316a38c698eae75531111db89ba33,shipped,2018-04-20 15:03:40,2018-04-24 19:17:27,2018-04-25 14:28:00,,2018-05-17,d6d12dbb84c3a9f8b90ddd05b4063a41,2018-04-20
0c41d48612bf91d5aaf2dab6c0f3a3dc,a4f16a013ae45f11edd3552e63ce589a,delivered,2017-12-08 11:35:57,2017-12-08 11:53:02,2017-12-11 20:52:17,2017-12-17 19:52:11,2017-12-28,b0214eb6208ef4043d6adbf5980397bd,2017-12-08
cd8f1098418f4fcc23c29232d9c04dd2,06faa17577c5ab4ecfc2e2390e3050a1,delivered,2017-10-14 07:32:13,2017-10-17 08:37:05,2017-10-18 19:09:53,2017-10-24 18:13:09,2017-11-08,a944a93bfa1d65b1523c45f9ccb01ec0,2017-10-14
5c9c7cfebd7a15f81479083d70636f51,e6a45e4f355662139f50c0ae6b5afa5d,delivered,2018-07-03 20:23:07,2018-07-05 16:21:04,2018-07-06 08:25:00,2018-07-10 19:03:27,2018-08-07,f725eaad0e7ff5f16dbf866f8e6b9384,2018-07-03
59c89c6f877fc8863ea3527950e3ae68,5a20dcfb449dd9191167ee988df7b258,delivered,2017-05-19 08:15:11,2017-05-19 08:25:07,2017-05-19 09:06:09,2017-05-29 10:41:50,2017-06-08,c8247b01a0683782448d87babdab6868,2017-05-19
2ea8de59b8ab0ffadb485508fae5f608,6d92f68ebcc8f9931a3cf051fde4dc8e,delivered,2017-05-21 07:58:04,2017-05-22 10:39:25,2017-05-24 12:14:25,2017-05-25 12:07:48,2017-06-06,9a9d051b76a6d5b30a0d49178efe8183,2017-05-21
78d7b4c84d9192af69d5b8abcd83176e,8b5b9c0722d9af5673718d233a9c9421,delivered,2017-11-25 15:48:03,2017-11-25 15:58:38,2017-12-04 16:19:54,2017-12-08 18:12:07,2017-12-20,4e1cce07cd5937c69dacac3c8b13d965,2017-11-25
d7f7f7e7d5d70c736d9d3f8b9ce10e94,0a8f58005f1c1dc229442a9ab38d9f68,delivered,2017-11-13 23:30:09,2017-11-15 02:35:54,2017-11-17 19:08:56,2017-11-30 00:22:35,2017-12-13,9c0d53beec29a982a9fc6d09ee6e038f,2017-11-13
664544bb88aaff855be52c01210033a5,67a187c3731c057a5671428353e653d1,delivered,2017-04-15 10:32:56,2017-04-15 10:42:01,2017-04-17 16:37:58,2017-04-19 16:35:15,2017-05-15,fbc6c89a052e6169d0a05874de95044a,2017-04-15
c5edb2bc00fb701345fbe2bd9aedaba4,ff34375909b5d34349b21a75dc6abce6,delivered,2018-05-03 03:26:26,2018-05-04 08:32:16,2018-05-07 10:08:00,2018-05-21 19:42:07,2018-05-29,184296b5b0d9f94a842cd76b1d0d3e8e,2018-05-03
53b48de8c162b1a00ace27c3c0a9b148,6cad8bda4d24c4f8c23b060739f09d50,delivered,2018-07-23 16:15:49,2018-07-23 17:20:33,2018-07-24 13:37:00,2018-07-30 18:16:31,2018-08-08,d042146c4da00e3add955504c7740785,2018-07-23
746bf6116b629631553f1a94a3054139,ebaf12daa4f5afc9ed0d88daa371f27e,delivered,2018-06-21 17:18:14,2018-06-22 03:17:14,2018-06-22 16:02:00,2018-07-09 16:58:42,2018-07-25,1bab8a71ca07bd1400deff0000956aea,2018-06-21
89564bd6a7ea1056554275f223301d84,7a488fa8ab38cf1c5fc2a7d95a1c84f0,delivered,2017-05-02 16:36:02,2017-05-07 23:32:49,2017-05-09 12:02:51,2017-05-23 13:25:54,2017-05-25,e4b98eebb8983cade8610c0def59f705,2017-05-02
aad1dcbe4c9fe2e3486e5e04c6649097,2438ba50f3a77cbfd3377900835fb526,delivered,2018-04-24 14:52:50,2018-04-24 18:19:47,2018-04-25 11:37:00,2018-05-12 15:04:50,2018-05-21,8a83acf0dd42f798fb6f421ee13e11b4,2018-04-24
c2c2218cf6b63e953f3901f9d838003f,67316a1a638cba075828c985fc6a8de6,delivered,2017-05-31 22:33:11,2017-06-01 21:25:08,2017-06-02 16:21:49,2017-06-07 15:05:14,2017-06-23,6beadccd5537b0a18184613f36fba460,2017-05-31
e12d873b226207d68d316a6bcf65123f,d0f4862195a37c1b6ba30abb64aa2039,delivered,2017-07-04 15:07:53,2017-07-04 15:25:06,2017-07-07 13:51:44,2017-07-14 20:19:22,2017-07-28,071b906118b141a9cc1ff28afb56c9fa,2017-07-04
531e17477ae1ecd4809a2732f4a7c331,7a5a0c6a8cd5efc18aad6c8f32ed373b,delivered,2018-01-14 23:32:13,2018-01-15 23:29:57,2018-01-18 19:16:38,2018-01-19 17:59:32,2018-01-30,2eb076f662e507461c121a6243b690f8,2018-01-14
856f72462f5bbc588c10c3abce3a8545,d5306df028646bec411197068ad3d9b0,delivered,2017-11-25 15:05:52,2017-11-25 15:18:28,2017-11-29 18:09:00,2017-12-05 18:10:14,2017-12-15,4b5c44f9e8ad44c7c8fc39b63af4f7e9,2017-11-25
fd6e534b0366ec705a15ccd410063b22,dc065837be6a4d1d0a51e58fdbd2ffce,delivered,2017-02-14 11:32:10,2017-02-16 02:25:56,2017-02-17 10:03:46,2017-03-03 09:55:44,2017-04-04,bd21b367563f23469e8f86626e3b79fb,2017-02-14
f7d5fa83743d8d78c798e7824125ee7f,7fc27bbc53e9ed44571ffb8382b954a6,delivered,2018-03-03 16:57:52,2018-03-06 03:50:38,2018-03-12 19:03:22,2018-03-19 21:49:29,2018-03-27,79cbc033cfc6d82c3fd8d1f4b2500135,2018-03-03
43bc7c4536c8e9551370565d9b101904,392b39f0a805298df22f55b3670c6187,delivered,2017-10-19 10:03:05,2017-10-19 16:27:03,2017-10-20 17:54:00,2017-10-30 18:35:32,2017-11-01,532df8105fc2a107ac0ee65bfc98d2c5,2017-10-19
d21d8f9968ef789ea10f2fd94c53e3be,7b223c067f465acef7f67a7ec41004a3,delivered,2018-06-04 22:20:05,2018-06-04 22:35:17,2018-06-06 14:39:00,2018-06-11 12:08:24,2018-07-05,650673167c200bc407060954ab314290,2018-06-04
32df72b9f8dee31b9b3b8b8e31f2ba1d,c179c8690c67b29779474eaaed4e1b0a,delivered,2018-05-07 20:45:59,2018-05-07 21:13:59,2018-05-09 10:04:00,2018-05-31 16:40:52,2018-05-21,663d07f21363a4afd7732461494323c8,2018-05-07
df4c0cdd0a9a9b0d0e9f755537a0b706,9ffaf0eddd645a934646c45dccd15d9b,delivered,2017-10-30 13:10:42,2017-10-30 13:31:02,2017-10-30 19:34:50,2017-10-31 19:21:45,2017-11-10,d5fa4aed327cb51170d24f3f035034a3,2017-10-30
4a1e1c50a0cbfcab27c770fa8e92545e,12a72fb5d45a40da92479e66e6dc3597,delivered,2018-06-25 16:16:08,2018-06-25 17:08:09,2018-07-05 09:41:00,2018-07-10 18:21:19,2018-08-03,f2321c30c33d4f622607eaefc381d0b7,2018-06-25
b74fdd0e8b23aa49b5d32de02043bf69,5e9bc3ca10a1311380e66fe7e830daba,delivered,2018-03-12 10:33:34,2018-03-13 04:20:29,2018-03-14 18:31:45,2018-04-09 17:22:14,2018-04-02,04f7d4238d8613bc745b73af1fcae6e3,2018-03-12
33f1e992ba3e439bfd0d432164a3d44a,ef898057565789279a822bd22a0b6dc0,delivered,2018-03-01 12:57:42,2018-03-01 13:40:22,2018-03-05 14:18:39,2018-04-07 00:06:45,2018-03-21,c1133ec81daffffd4871e9353a3c8fb3,2018-03-01
22fe4109ea0b3227fa3a2f5370ec9691,b4f5ccdd01480fe597e7aea8ef056198,delivered,2018-05-12 15:13:50,2018-05-12 15:42:22,2018-05-14 10:09:00,2018-05-23 16:45:41,2018-06-18,0937f85b7a96b6ad600405e9bf94255b,2018-05-12
de983bdf0e92645dd32e0ba39d8e7dd8,faae3f96ccf16903b53b768dedf6aae9,delivered,2017-09-26 18:54:55,2017-09-28 02:56:10,2017-09-29 17:12:00,2017-10-16 22:14:36,2017-10-26,b418bca74ac4b0ef6e0c100edf861938,2017-09-26
49bab3f94ce298f6fde6208f426978b4,6921224e0e53eea536125e700611b01c,delivered,2018-02-23 08:38:47,2018-02-23 08:50:25,2018-02-27 20:51:59,2018-03-02 23:52:29,2018-03-09,b1a8a0800eac99ec4d83d6ca350a690e,2018-02-23
e415f12eab73fc5ed2c7de3cc29e5ecc,47bb346379bd7b5ba84a88b9cc441bd0,delivered,2018-01-22 23:17:20,2018-01-24 02:52:44,2018-01-24 16:27:55,2018-02-02 18:39:39,2018-02-19,0cfc95fb80ed82d9b8e2820451c28be2,2018-01-22
8ac52bf45b719c91c665c11e5696f199,a91d3b41b3f176b1eca6148265a8f10c,delivered,2018-04-22 14:56:35,2018-04-24 18:08:28,2018-04-23 19:38:19,2018-05-04 20:06:40,2018-05-24,6ed9020a546e5e845b7c6d2c3c82f064,2018-04-22
9953966666a1f0ea583d94649ea21344,cf789b8aa3b46c9d0603e59cc169b2ef,delivered,2018-07-21 23:24:30,2018-07-23 10:33:04,2018-07-24 07:41:00,2018-07-27 12:51:53,2018-08-07,0778cf1946a926f6f31ef19434259f59,2018-07-21
95e6c94960f10f4af53767f027c9eae5,178e429847c50ccf72828c3296ae986f,delivered,2018-06-30 00:07:47,2018-06-30 00:30:16,2018-07-02 12:03:00,2018-07-06 17:56:32,2018-07-31,57750363042d3964075f63e02f2a3f19,2018-06-30
a7ccc4df2d363b2ba9037d1ef834a250,b0804e19ba8017080fdf4bff1e1418da,delivered,2018-02-20 22:54:52,2018-02-20 23:07:41,2018-02-22 00:15:16,2018-03-23 03:35:02,2018-03-12,090205c09bf0cdda0499ce3922bcfb16,2018-02-20
e794b6f8bc2c405d7a2038f44b32a5d9,6bfb3bbd3d4a2d4b69d78a5ef9c752ae,shipped,2018-03-15 12:27:46,2018-03-15 12:49:09,2018-03-19 22:43:40,,2018-04-18,5ff268d5e801827053ce25fb7a055fbb,2018-03-15
4c482dafefb6a39ce4de186a707efb75,5287baf6fd587eb5ed76b610b97135a8,delivered,2018-04-27 14:22:06,2018-04-28 03:11:05,2018-04-30 13:29:00,2018-05-31 00:09:39,2018-06-05,e770e71db78f70f97f90490db094b5bb,2018-04-27
65cf674e5955bda301bb6619ddc9d7bd,0f4d0ce43e275049b57869be7cfb6ec0,delivered,2018-03-31 10:30:25,2018-03-31 10:48:05,2018-04-03 01:06:12,2018-05-04 19:08:36,2018-04-25,12ddd29e29f358e14ffe9b28cd2080d9,2018-03-31
8cdc5f05c1232c8da9eb48e23e1207b7,542e9d27de3439eab9f60704b2f3cd1a,delivered,2017-02-28 18:07:55,2017-02-28 19:19:47,2017-03-01 08:50:46,2017-03-20 11:53:39,2017-03-30,662a6fec6786ccf6a59735dfb7979baa,2017-02-28
d2e18fcf7ecfd667af457a9e7034c86a,2b0bd5eca653853a14cd538cc974a7d0,delivered,2017-02-24 13:09:32,2017-02-24 13:22:12,2017-03-01 08:28:52,2017-03-09 15:45:09,2017-03-29,0fc594155e889688ea4477afcd26a134,2017-02-24
4feb155d6d4d8b2ba3191d90655f3b99,65bdac23aebd44af1c85c71c4acb5c6b,delivered,2018-02-12 18:09:18,2018-02-12 18:28:21,2018-02-16 22:55:52,2018-03-01 19:58:50,2018-03-07,c89d91308d60d2f2076d20296962f2c3,2018-02-12
d8a8f0ec35b4d43643bb714f8cdf0872,db5ca846833cb1aa9d4ca15f1a0ed6dd,delivered,2018-02-07 15:22:06,2018-02-07 15:35:25,2018-02-08 23:46:28,2018-02-16 21:12:51,2018-03-08,161c26d2d2d5d95503c3675c2bca27d9,2018-02-07
27cce60fbd7767b0efb682ce2597e6d2,6d08c7d6519195b5b938b7d6e1588638,delivered,2018-07-18 15:38:04,2018-07-18 15:50:19,2018-07-19 11:53:00,2018-07-23 20:57:26,2018-08-02,648a27da712355eabdef494aa2688e7c,2018-07-18
f09afa8a9cfcfba64cb18282881fe509,9c86f05a667e70dbf3bc34004eaa113d,delivered,2018-08-12 11:04:12,2018-08-12 11:24:18,2018-08-13 12:03:00,2018-08-27 16:54:33,2018-09-12,fe0629db392c940ec6fd9935ae224071,2018-08-12
67b5c76910e9bc4fa2e067cafe0ad722,141bbb502c7a5c26699480a17149f10f,delivered,2017-10-26 18:17:30,2017-10-27 16:31:55,2017-10-31 20:52:14,2017-11-07 16:21:53,2017-11-22,9e5fb44b38392e51b5fecabf840a2423,2017-10-26
74aacfe89f7715e9d6655dd55c86da46,6e8de979438f491f476434cd1fc85325,delivered,2017-12-20 19:40:54,2017-12-20 19:54:27,2017-12-21 18:19:14,2018-01-03 14:39:23,2018-01-15,573711db86c6c9e1318ab2854c63a295,2017-12-20
1a268552ed780a8692b6fc605e87a243,81f83454520b2f21689bc76d2d19a6b2,delivered,2018-05-01 21:56:50,2018-05-03 04:52:35,2018-05-04 17:26:00,2018-05-09 23:48:19,2018-05-21,e398411adfd1232677a6d3a53a18e6e9,2018-05-01
e852413ae756fbc7fe9f6514b39aafdf,7c26a3de94d7bc7a532974bf3de191a1,delivered,2018-06-01 11:52:23,2018-06-01 12:11:38,2018-06-04 09:13:00,2018-06-08 16:02:46,2018-07-04,7a8e1b0645e380061ad930228297b7cd,2018-06-01
fa73021d06471826a5740f3188024ce2,0f02b6019136f15670d57be81d826d5e,delivered,2018-06-21 16:06:56,2018-06-26 05:37:25,2018-06-27 08:59:00,2018-07-04 13:41:41,2018-07-20,0c5450ff739873114ab79581fc8422d4,2018-06-21
64b5f5bed476f1c9f84b2fddb945ca48,0fa04554222eb3da449fb457ffcf8d0b,delivered,2017-11-29 12:49:50,2017-11-29 12:58:38,2017-11-30 17:53:49,2017-12-28 18:24:54,2017-12-27,0d2e24833b13e406f851f9b3f088f271,2017-11-29
f86d7bc39aab05299691322044b63bb2,ff31bee1ba4bba00cc14b1b91c8d28f3,canceled,2018-08-13 18:43:06,,,,2018-09-25,a0931a30dcf7e2106f0939b799c54321,2018-08-13
7eb21cb5cc11e7dfa780480f4f6606df,90b7c81dee4b49059a84be99b44b5a4c,delivered,2017-06-02 15:37:31,2017-06-03 15:42:04,2017-06-05 13:03:52,2017-06-16 15:56:40,2017-07-10,8d6512fa0e1c5cdbd789b956de79fe2f,2017-06-02
bfa2d90f225e338dc4f848b58789a3e5,ab3b5999d3734808f5045e52702b8117,delivered,2017-09-26 19:38:18,2017-09-26 19:49:16,2017-09-28 17:43:41,2017-10-02 18:10:28,2017-10-23,83c7278a2af7e5f3338b1c1aaae608ab,2017-09-26
741a4b710c55ef9e32632a7fbdf1078c,cdb8930e682ac290c0c645bd9307f65a,delivered,2018-01-16 10:46:05,2018-01-17 03:35:49,2018-01-24 11:16:53,2018-01-30 22:04:16,2018-02-14,6bd5c3b2215b32021f23200ca2d788d3,2018-01-16
21e532e1fe87c6d6f72b17543a12af1a,eb6d920de18987d68248fa1710a0a634,delivered,2017-11-20 16:10:11,2017-11-20 16:26:42,2017-11-21 20:37:50,2017-11-24 20:10:56,2017-12-07,1be9735ee57ea565753c157f3e906572,2017-11-20
8db0f0edb7e7b18d50df712eb5b1a1b4,f75c6622047fab3f5697e33b0a5c90b9,delivered,2017-11-28 22:47:13,2017-11-28 22:57:15,2017-11-29 22:42:05,2017-12-05 23:27:48,2017-12-18,fe83f60e8975f58a5d51f61bee4c9930,2017-11-28
4a67b546b856f02914a14967ded3c7af,50dbe1acb28dd57bc9abe805d6fb1966,shipped,2018-03-19 18:57:59,2018-03-20 18:50:31,2018-03-22 19:39:34,,2018-04-12,585b9803fb65681deac257f8c70cb6d4,2018-03-19
180b4ae191a63f7b4b84273c98470fef,1ab972e0df3d53501356ac9f78c8698a,delivered,2017-10-07 11:38:57,2017-10-07 11:49:27,2017-10-09 17:04:18,2017-10-13 22:35:42,2017-11-03,6f736c39145509c0f1c37f1d26b04d80,2017-10-07
c2e3ee5ef901092148e19caccfe10ffb,cc220e7ea3acb606f74a9ef371b73dd5,delivered,2018-08-06 20:50:35,2018-08-06 21:05:09,2018-08-07 15:33:00,2018-08-09 22:34:43,2018-08-14,ded30b380b67fae26a797e0fa444fdbe,2018-08-06
94a73bea9ac2ed16ebdebd00014a2209,5b842dcd4c4fe8e9a15487e3a72eae47,delivered,2018-05-07 14:31:18,2018-05-07 16:33:44,2018-05-08 15:13:00,2018-05-09 22:13:09,2018-05-29,19884fb854c1881dacd4dca1468d7a9d,2018-05-07
a67a7dcbea2b5ce61ba8bc99ff7362db,a2e7ca2b5d23adf8d5b5b3c6d37ec9ef,delivered,2018-08-02 22:18:32,2018-08-03 08:24:06,2018-08-09 13:58:00,2018-08-21 21:11:30,2018-09-03,d20af6b0ad09b59c805eb438e3e42e8a,2018-08-02
c1ede3b23d9f2d9d9262290967179d1d,9388427ec5b9553d12a6d3edeb70db8f,delivered,2018-05-20 13:25:11,2018-05-20 13:50:11,2018-05-23 14:38:00,2018-05-24 15:48:30,2018-06-01,ad08105e1b3c4093a208de2edba4b964,2018-05-20
196bb13f54807c3ce2d9f7385fad3769,8d81b260f2d55f888d53987475f51fa4,delivered,2018-03-20 09:23:27,2018-03-21 02:50:57,2018-03-22 00:09:05,2018-04-02 17:16:56,2018-04-10,18c62ce521e2908285a784a9bf20deef,2018-03-20
5b8b4d4819cdb1edb181f172f6cf9a2c,c1d8da410642f2db087557428519b6e4,delivered,2018-01-19 20:27:23,2018-01-20 20:40:18,2018-01-22 17:34:06,2018-02-05 23:06:35,2018-02-16,79011b99c470d42cbff223c97d8b0857,2018-01-19
6dcd6b86d6cddcf609cee72d0427d2da,3a4ce1bd2a9f1cb5a56f5a420f0a6072,delivered,2018-05-14 14:16:10,2018-05-15 15:31:04,2018-05-16 12:33:00,2018-05-21 18:15:36,2018-06-06,10bf5fb90ec309ac69a98f5245418fe3,2018-05-14
9639c9acf4aa298d4b0b4854136cb253,6f24b6f148afa846ce5669952171e819,delivered,2018-08-14 15:11:52,2018-08-14 15:25:33,2018-08-15 14:46:00,2018-08-16 16:57:48,2018-08-23,e5e7fc98560b209c5b05ac748b05cbf7,2018-08-14
94d1193f2a0ae739f23399b913bd577c,8d4ec82c5c44cbe0d410ea9fc01c1060,delivered,2017-05-06 14:38:38,2017-05-06 14:50:18,2017-05-11 13:44:55,2017-05-23 16:24:14,2017-05-29,980d5cf1712cfdb0b336e4a1244dbcba,2017-05-06
474eb7e66d3c88d69883090e5d308390,4b84bd85531fb608180d9cdd1f30b018,delivered,2017-10-17 11:15:37,2017-10-17 11:36:01,2017-10-20 20:11:20,2017-10-26 16:41:38,2017-11-06,c063bfcd59b13a47a1ee2e919c86b730,2017-10-17
d2a447028b1fbbc9200739e3fee4e22c,b0dbe26f4e6b3d6dfe331c70f7e2073e,delivered,2018-08-15 14:57:55,2018-08-15 20:29:49,2018-08-17 15:21:00,2018-08-21 21:14:58,2018-08-24,b9bab1d3bf90360ff3942299971001ef,2018-08-15
9c231099e037a07c32d043f7596a9c5d,edfa63ba2730436751bd828e74d483bb,delivered,2017-07-25 02:31:23,2017-07-25 02:45:06,2017-07-26 11:12:32,2017-08-07 17:14:09,2017-08-18,b8bf01dbd0911d71c7424465eb009235,2017-07-25
3dec8b48a2ca7a9568f4c63cc3fab4f1,f703634ba6cb40f44bb6c9edafd5b119,delivered,2017-03-30 15:50:17,2017-03-30 16:05:09,2017-03-31 12:51:30,2017-04-06 12:44:49,2017-04-25,37b1f4b64a28703985daf09bf2634c76,2017-03-30
c2de24c1d731498ba30b74272b611312,cc40bbf28a3ef4239801ae5e8a22227a,delivered,2018-08-20 11:27:27,2018-08-20 15:10:39,2018-08-22 15:57:00,2018-08-28 16:19:02,2018-10-02,058caed2fcfcc2b2318bb283b48d298a,2018-08-20
a17c7cad1ce274604db62cc3d2def2c9,b43fb5e872cc859f6cfef355bb3c6a14,delivered,2017-03-08 19:29:04,2017-03-08 19:29:04,2017-03-13 08:38:59,2017-04-06 14:03:53,2017-03-29,04d6a473cfb43848488bee72c9eb28b5,2017-03-08
1d5912d4e665fb2a085a50fc13007c02,c0d6c154f52c6850b032cd4c63602a73,delivered,2018-05-08 07:14:16,2018-05-09 02:35:14,2018-05-09 10:13:00,2018-05-19 12:50:57,2018-05-23,886fa36372fc4428557e3352f37ffc55,2018-05-08
084ac56b13107e32ab92934f70638bc9,89129b4134df3289d76b155160d6e441,delivered,2017-11-25 13:47:05,2017-11-25 13:54:29,2017-11-27 22:24:45,2017-12-11 18:59:05,2017-12-26,21bde4e982c4681021edabb899bcebfe,2017-11-25
ffd3ff583dec4975e6443d6a396f2f36,480b60f05b6caa21bd6edbea402d607b,delivered,2017-11-23 23:04:02,2017-11-23 23:12:31,2017-11-27 16:58:04,2017-12-05 18:07:48,2017-12-22,2b48a3cec8aa23ef901b3edf2689d5c5,2017-11-23
31157b4bc58dc4cb53fb5b390b4a0934,7f611fd3f7f0890f58f11d870355ef49,delivered,2017-06-20 14:18:31,2017-06-20 14:30:21,2017-06-21 10:07:13,2017-06-28 13:19:31,2017-07-12,6965a4b96b1d83df58355edc12db716b,2017-06-20
962d15facd986392ded1944582624593,8b09fddbf7bdc4151ff6e855f61e0a9a,delivered,2017-07-21 22:46:13,2017-07-25 03:45:21,2017-07-31 22:07:43,2017-08-04 21:17:51,2017-08-03,df946ef265626b1e0a425292815ddead,2017-07-21
5e7960ca1956b257f72a16a05c127cdc,03867a4d63736672b9276bef85ec277f,delivered,2017-07-08 21:50:46,2017-07-08 22:05:32,2017-07-10 17:13:59,2017-07-24 21:33:07,2017-08-09,96ba990be9cd0b25de0e7b42e55376b2,2017-07-08
9110751e359ba8d080caf6eaa34e7e8c,25615f9f06be32ed26c7dc0f4baccee7,delivered,2018-05-31 13:39:11,2018-06-05 04:12:48,2018-06-07 11:48:00,2018-06-11 18:31:54,2018-07-19,f3f9a4d3e6b3768160929fc82279a414,2018-05-31
51bfdb83aacf1064814782f7109c6365,87af82b8a09271d8cb7596bb9e8fca5e,delivered,2018-07-17 11:46:28,2018-07-18 02:35:17,2018-07-19 15:34:00,2018-07-24 22:21:46,2018-07-31,0f8d448abff2629153131d6273a49a5e,2018-07-17
34be9444467af1f6d854ea4054a47e85,7f16d43cea70ede77ed426833543f3d6,delivered,2017-11-21 20:14:00,2017-11-21 20:26:44,2017-11-22 16:46:38,2017-12-12 20:38:58,2017-12-08,6d4cbfa39985224e48a1bce59f5582e8,2017-11-21
e138f0eeabd6890e100c82b9f2925272,a0fbe83fc1a635675b2b6691f6d8e366,delivered,2018-01-17 12:12:11,2018-01-18 02:11:43,2018-01-19 20:52:32,2018-01-23 13:57:07,2018-02-21,e0f72dd568f51e13668fcbf2aa740161,2018-01-17
bd4e585db5ffd50b1b7334b1dcb0bdb5,178b1880a7ccd2116b6ae0c3843cce92,delivered,2018-01-18 21:12:25,2018-01-23 10:20:22,2018-01-23 19:14:37,2018-01-31 17:36:49,2018-02-08,ba057cfecffd129457eba22bb18af149,2018-01-18
e2377065e61908db8e5ef401cfdd1b4d,74c64a7729326cda14bd3433f03f0c52,delivered,2017-11-28 18:44:52,2017-11-28 18:57:21,2017-12-04 22:12:51,2017-12-15 16:38:01,2017-12-26,12e4fdb0550d6b98106014c97849a2e5,2017-11-28
3da634283ea34b9d2a32d6898ad91436,31f10ad47b4cd72f98591b31b0079bab,delivered,2018-08-16 13:57:44,2018-08-17 03:31:06,2018-08-20 16:02:00,2018-08-21 21:08:41,2018-08-23,1ffb46d9942b49f06558eedc2be2ac29,2018-08-16
7a52ab63cda983a2713878fc7e994277,bd96ad9d1c5bc76bc56f5becb99f39e9,delivered,2018-04-04 20:16:29,2018-04-05 20:10:22,2018-04-06 23:56:29,2018-04-09 14:22:53,2018-04-30,a773296d120fe60ee49a4cf09c57d3a0,2018-04-04
a0b6cb4f5458fd8d26744db7530b6de1,e662478d75f42e6e2d0c280a52e49e6a,delivered,2017-03-11 22:10:14,2017-03-11 22:10:14,2017-03-13 09:37:51,2017-03-16 13:35:34,2017-04-03,f5623b27a673d5e6e2c592ff21f2ddf2,2017-03-11
c71914b01f0c3167905e81718c53fc84,166b6f5eb9381424fe750256d257cac3,delivered,2018-03-18 09:52:22,2018-03-18 10:08:02,2018-03-19 19:12:40,2018-03-27 21:12:26,2018-04-09,acba97a43b69a6512501395fe3aa8fe2,2018-03-18
2773c71324d727606cc71501a1de8afc,78384f09294e296e2210f1958e5569ac,delivered,2018-02-09 13:47:14,2018-02-09 14:15:31,2018-02-19 21:12:17,2018-03-13 21:26:24,2018-03-05,1459c94cdb386ae44506ef60e0781415,2018-02-09
ad66f64c10df4649e7b50b942f5f4bd8,9e0be48bbcdb02a9dff7f9545ef3b6fe,delivered,2017-07-17 18:45:00,2017-07-17 18:55:17,2017-07-18 21:10:51,2017-07-19 13:37:32,2017-07-28,69922cbc1f7d7d6d93b54690e035df43,2017-07-17
96521e809c9baf75bf1a6881d39e0d8e,3874a30e7d0c06664c168e83eb191ffd,delivered,2017-10-19 15:53:18,2017-10-19 16:07:40,2017-10-23 15:29:59,2017-10-31 01:07:42,2017-11-14,c4536b58064f144d0538c9cc69c2765d,2017-10-19
4888d985060eb4760da7373673343df2,519006a9906e15e8141109ff81be9365,delivered,2018-03-08 16:33:14,2018-03-08 16:56:17,2018-03-10 16:48:34,2018-03-29 02:24:37,2018-03-26,88b885db7fe0922ca27a34f464ac6791,2018-03-08
b7a3ee4c9793186db0906974936a0cab,1ef212752ef3f87c7fd55f725c151ed1,delivered,2018-03-21 21:24:56,2018-03-21 21:35:34,2018-03-22 19:23:28,2018-04-09 22:19:06,2018-04-18,404721791bd62c74b452d8518a4ed132,2018-03-21
e695c369ebd0ccf83008a14e42167d2b,f5dd0c062122ec16c46018394a47c86b,delivered,2018-03-24 14:02:01,2018-03-27 03:50:41,2018-03-27 18:38:27,2018-04-02 20:16:32,2018-04-13,7208473b38c41df492ad9c8dce605545,2018-03-24
4c379ba0590506b26a68dc00e29ba8ba,cc63d689185dd60bcfb934fd5a14a6e6,delivered,2017-01-30 18:54:46,2017-01-30 19:33:58,2017-01-31 15:11:11,2017-02-08 10:37:12,2017-03-17,13706c96221b6ff26c66567244603650,2017-01-30
9aab10ca9759779d1ec48cda93fe7c03,4222e370d79c4751361e4122928151c4,delivered,2017-06-20 18:36:17,2017-06-20 18:50:21,2017-06-29 13:44:54,2017-07-05 19:04:49,2017-07-17,7f545aee6da9d617809e899b90f556a1,2017-06-20
3e24f7d95766568a604655166cde923a,1a5dbe17955f253dba47bb5853716345,delivered,2017-05-24 15:55:43,2017-05-24 16:05:25,2017-05-26 07:04:58,2017-06-01 16:45:45,2017-06-19,b8c6ea6b1d4cb85596f16cd2d2286c17,2017-05-24
ad9808903b2bcf5408a3de11489ceadd,91403c1d45b0ecad1dc85803087a4a98,delivered,2017-03-25 07:51:57,2017-03-25 08:02:28,2017-03-27 10:20:04,2017-04-03 15:00:14,2017-04-19,e46b2836127132b5b02441ebb2cfecbd,2017-03-25
ff498085978fb1959138f596bd09aaf0,27bffe21c1c14689c7a9fae1fe93d2bc,delivered,2017-08-06 21:15:55,2017-08-08 04:24:43,2017-08-09 19:40:37,2017-08-24 15:22:06,2017-09-11,da6693c4e54d21d5852f7bc17167346e,2017-08-06
4ddbc8366d7b18e042a35f6b4b5481e9,bd724004d9c0736e3cc2039972928de9,delivered,2018-06-22 13:16:31,2018-06-22 13:40:16,2018-06-28 14:11:00,2018-07-02 14:58:52,2018-07-18,aae6530a7fc9a3cd24a6bb4c40dca541,2018-06-22
b42efa12fc4809e0815df3eb3d636744,5660d9ac90fd8d5253a78eaeb3492a42,delivered,2018-08-08 12:18:29,2018-08-08 12:30:13,2018-08-09 14:06:00,2018-08-14 20:12:47,2018-08-21,bd8b95f73500416b13101441d6033d9a,2018-08-08
b09d72418cab562c0f010453c7d1fcaa,5c3c2e670449ea5ba63f3d677e53b3af,delivered,2018-05-22 23:56:59,2018-05-24 02:35:23,2018-05-24 14:16:00,2018-05-28 19:12:58,2018-06-05,3ef026954bffe07a965e1765ff1bb9eb,2018-05-22
7f47f1066a8cc8c9a6020bd3d87ba8e9,c169f24f4c8aa4c97dac45a35ca0fdf1,delivered,2018-05-02 04:02:09,2018-05-02 04:31:26,2018-05-03 16:19:00,2018-05-08 23:26:34,2018-05-23,058aa00e0e9f4f0a2febfce3725d71c1,2018-05-02
b1790ff077b7630f790bba65c012c64b,3f2d49651aac6322e00f50492dab09dc,delivered,2018-06-20 15:04:55,2018-06-20 15:40:12,2018-06-20 15:39:00,2018-06-25 15:52:39,2018-07-24,e39e09e4dbe5d251318185c6ad8d75d9,2018-06-20
b18f96d97651133bd9a491945fa1d3bd,e342cc220c9ce03ad61939a23e6571fd,delivered,2018-08-28 10:57:13,2018-08-28 11:10:23,2018-08-28 15:26:00,2018-08-30 17:42:23,2018-08-31,34b0cd95480e55c2a701293a2b9671b3,2018-08-28
9327dfbb07028fce8769daa61e598891,68e13d6e385d0fc2cde23373392c1bb6,delivered,2018-08-01 14:13:38,2018-08-01 15:04:30,2018-08-03 14:23:00,2018-08-06 17:12:25,2018-08-08,a35e6ad969a4298593c504f69c03efb4,2018-08-01
31a200fac55455bb8b28d747b21cfb83,beb0e6708010ee6d99e100be6334deb9,delivered,2018-07-03 23:37:11,2018-07-05 16:20:52,2018-07-04 10:17:00,2018-07-07 10:56:21,2018-07-25,1f9e5063f4775f58e37fcee48b6d9538,2018-07-03
24b08ee14cecb10e34d167467693c3d1,4ffb0b02816de65a0d11a97beda76f86,delivered,2017-05-20 14:01:25,2017-05-21 14:05:18,2017-05-22 14:09:11,2017-05-23 17:03:57,2017-06-02,70d12eadbc6f55d36dc712fef5317ff8,2017-05-20
046023c2e3840562a6320b2bc22bda81,8159eb36033866531b9147d8e73ec16c,delivered,2017-11-24 20:17:18,2017-11-24 23:33:12,2017-11-27 21:46:41,2017-11-28 17:57:59,2017-12-08,c2fc2affc9989aad99aed1e97e6f3b93,2017-11-24
0ceeef56025eee22241c8d510ada51a7,7f2715e475d14727955a85e96a62fdb8,delivered,2018-01-25 10:32:10,2018-01-26 10:31:50,2018-02-01 01:41:34,2018-02-16 16:42:43,2018-03-05,3c183c9a923df352fc37986b4c6e1792,2018-01-25
62204efd019113a34dfac291b2749b8e,38ca5a38629190ded221ab2837f41eae,delivered,2018-03-29 17:12:26,2018-03-29 17:30:58,2018-04-02 18:58:38,2018-04-05 06:28:31,2018-04-11,fd5f2bfd35045e5bba6f176937fd245f,2018-03-29
d25f2ec5027e50e40c25fa0d55af60dc,117ba10d9ca00512031474194ea796e9,delivered,2018-01-18 18:55:25,2018-01-20 09:07:49,2018-01-23 17:49:54,2018-02-02 19:28:34,2018-02-16,5bf1531c4818b67a7abb9232b99bf1fc,2018-01-18
6ad444f05cfc745b52fc228341482e98,eafc88fd8b45e53ffd0c45966c7a2592,delivered,2017-09-12 15:19:05,2017-09-12 15:30:21,2017-09-15 18:42:31,2017-09-18 14:37:28,2017-09-22,f22c9ef55414bae1a6ca7ebd6d66f8d5,2017-09-12
0978aeeb31e430bca8401306d75a8164,f432d282b2e8e587252b4ce932d4438d,delivered,2018-07-21 13:43:23,2018-07-21 13:55:18,2018-07-23 15:05:00,2018-07-26 18:08:41,2018-08-08,f6d3a127cdf442b5aae64b8af6dc8645,2018-07-21
c9c0bd3b9db92cebece12e761bb8454c,e26479d04765d65d6a871173f38ff5a9,delivered,2017-09-12 08:37:51,2017-09-12 08:50:22,2017-09-13 13:12:27,2017-09-19 17:37:14,2017-10-04,552fc05a13d28356a38e8b13f64cbe4f,2017-09-12
45ab65433b358cdb30d0f2af36c96e7c,190ca57504ebfbf7a193d06b9fa79b02,delivered,2017-05-16 12:36:04,2017-05-16 13:10:22,2017-05-17 10:07:53,2017-05-22 13:43:02,2017-06-07,8bbd429ed7b553c47c9689814910625d,2017-05-16
887fd510f45be7bea78ff0a3b0b334e2,bc9339cfc8fa218c5a478fae319251a2,delivered,2018-03-20 11:32:27,2018-03-20 11:49:59,2018-03-21 19:03:39,2018-04-04 14:21:46,2018-04-12,56984d6d382b49a6378dff7d6d024336,2018-03-20
6fa76c8ed368d55189c8b0670e28d6d5,19380d46da295ca8dad39b513bf15750,delivered,2018-06-25 15:57:44,2018-06-25 16:15:42,2018-06-27 06:22:00,2018-07-03 16:12:32,2018-07-16,9938a7854313f34fe432f17d5f789d0f,2018-06-25
e3e10007e62951294ebd2947cdd0f27c,eba2b167e764f26251de139177a73708,delivered,2017-06-01 17:48:05,2017-06-01 18:02:58,2017-06-02 11:39:34,2017-06-05 18:22:22,2017-06-14,b48a83f209e95c1d6b16462856b97315,2017-06-01
1ea0da27e5223a4695613c899d6adfdd,6a516dff9498725338b013bbfbfdfbcd,delivered,2018-07-07 16:24:14,2018-07-07 16:35:14,2018-07-10 15:27:00,2018-07-13 19:38:44,2018-08-08,53e51495d2a8336efd89c8e54335d88a,2018-07-07
3ffadf14829f9c35c258e08bb1982a70,60acefff7e20a4ee4981616d545ed441,delivered,2017-06-30 22:53:04,2017-07-04 04:25:15,2017-07-04 10:37:34,2017-07-28 18:27:59,2017-08-03,baea426ea52fd16f0be0b7a714025811,2017-06-30
0715dfcf2383aa72c181d8b47f6cb589,0ea00ae539e6a29390c4e1d0841352e4,delivered,2018-02-14 11:43:41,2018-02-14 11:55:31,2018-02-15 20:28:44,2018-03-09 17:01:11,2018-03-19,b0ac5b393b78a6e8185fd3acb154748d,2018-02-14
3d0bb712c6a8ebe6bda01b3bdf6f331b,dfbbddd720e537cd1947405a1a15b585,delivered,2018-08-09 08:36:09,2018-08-09 08:50:22,2018-08-13 15:55:00,2018-08-17 18:53:33,2018-08-24,b8b59f2f9eb5fef9d081df532265ef1a,2018-08-09
9cc3e50532214c8372b66872e49ccff9,2dd23b0ca5636d7975c9e9dfe78033ad,delivered,2018-01-15 12:33:12,2018-01-16 07:09:58,2018-01-17 18:36:44,2018-01-19 20:51:17,2018-01-30,9c4653787d921d560776ca792f25d145,2018-01-15
c3118824bfc07f6594547b1bff19a021,a6154e759eed062fef4238b9faaa7077,delivered,2018-05-02 15:51:41,2018-05-02 16:37:59,2018-05-03 13:33:00,2018-05-09 23:45:47,2018-05-21,77153bb2ceffdefe47d6619e78c09b02,2018-05-02
fa2501ee454804c1168d1687287f880b,a204d9d00ed69a1971ee0243c0d62a78,delivered,2018-05-15 01:30:06,2018-05-17 03:34:48,2018-05-17 14:08:00,2018-05-18 18:38:59,2018-05-24,c7ea7bec638367c7985cd5de0ab71a26,2018-05-15
c4c4eeb53fad4c777483ae36fb805478,3bff757f9ef59dc994820d3487ff30b6,delivered,2017-06-07 09:18:22,2017-06-07 09:32:01,2017-06-07 14:56:45,2017-06-14 13:57:54,2017-06-28,4115658844d1feed5521c63e805a9ede,2017-06-07
82de72f7135f60bf9348a045d6a7cc32,3f8564a9ce1b6dd73a4004526d7b8798,shipped,2017-12-08 13:10:05,2017-12-09 02:35:33,2017-12-13 20:15:25,,2018-01-04,4a4a9d9c73e85e7b8cc15d1d07e881a0,2017-12-08
9330d3796ff2bb8c7b750b4515151c42,57387a39a0f6661c71274d64eaa7646f,delivered,2017-10-29 16:05:41,2017-10-29 16:15:17,2017-10-30 16:03:18,2017-11-06 19:21:39,2017-11-23,94850583a3d26d706750eb5e432e6708,2017-10-29
65bf80b7cf4363113089bc022bfef891,3a8114b17781d69b6001c46764321674,delivered,2018-04-22 11:47:34,2018-04-24 19:05:55,2018-04-23 17:04:01,2018-05-02 19:19:20,2018-05-11,e4a116a2d125d5b974fa44e75491a584,2018-04-22
ce7c736a1e04308e78a6032b5b3a695e,c62cf0114735e25caa26facb2c537fef,delivered,2017-11-27 10:25:15,2017-11-27 10:54:54,2017-11-28 20:15:12,2017-12-27 20:05:00,2017-12-22,95d2b1df1ed35d7222af9497dc7f4ae2,2017-11-27
82de2fedb028c674daa827d7984fea98,ebb06eadb79fd97fc9a7a77f9b29e3a3,delivered,2017-09-22 16:22:16,2017-09-22 16:35:08,2017-09-25 20:52:50,2017-09-29 17:24:48,2017-10-09,0e51f94c779dc43dc1f4cd62cf6e340d,2017-09-22
60411edb1eb2c9ba56050e67e811b160,cfc99c024cf9d802e199cd999206fe8c,delivered,2017-06-03 20:41:34,2017-06-03 20:55:11,2017-06-05 10:47:35,2017-06-10 10:41:24,2017-06-30,bce5f3c4404d78c5be6669f5547f2b7d,2017-06-03
e3a3cf20ed164fa04fd9d5f905b4f48d,723e28e304cf76bc60103207522eac46,delivered,2018-07-25 13:34:12,2018-07-25 13:50:14,2018-07-26 14:12:00,2018-08-03 15:52:56,2018-08-13,4c237ca40d269674b297ffa8209e5bee,2018-07-25
7dbe7b520d00d04a3f695cd91e904980,1989d5e844f74c7e85601fcef1045cb4,delivered,2017-03-13 20:31:32,2017-03-13 20:31:32,2017-03-17 09:43:09,2017-04-10 08:51:44,2017-04-03,3550a2cc16b097ea0b1a13d45fb93272,2017-03-13
4c21a19875c8530d3c8e9b28373ff034,ed77b9942fdb5a2edba716bc97fe0a58,delivered,2018-01-04 17:13:43,2018-01-04 17:28:40,2018-01-17 22:05:50,2018-02-05 10:57:05,2018-02-02,98080f7cee0c79af0bf0936c93a8d712,2018-01-04
54130db48a3d7ee5636ba18659ab73a8,4785460c1de43d63bbe6adfec5f2be27,delivered,2018-06-22 18:51:38,2018-06-22 19:19:13,2018-06-25 12:38:00,2018-06-27 15:12:43,2018-07-13,233a7eee7867ab099ac4d976ef85fef3,2018-06-22
6c53d99b0ba56006da10a8213850e9ac,5cb11b0c43c936bddb82b6b2931c1fc2,delivered,2018-02-01 10:54:35,2018-02-03 02:53:55,2018-02-08 01:06:02,2018-02-21 17:04:33,2018-03-01,1578d0186fa3a548421b62938494ccd9,2018-02-01
c2efb2d934de1605bc2c96e51f7ee352,05926e4309a9cc5f7c224d9489b0acd6,delivered,2018-01-14 13:17:00,2018-01-14 13:28:30,2018-01-17 22:19:32,2018-02-09 21:54:25,2018-02-06,d78e5dc48b5665caebd1e77284296ab4,2018-01-14
0373227125997244e6f59bd76e717abf,e8f5294ac14b69130e07090b8968d934,delivered,2018-08-10 15:26:47,2018-08-10 15:35:20,2018-08-14 06:13:00,2018-08-17 22:58:50,2018-09-05,d77d246d1ed9af082bde1ff40827675f,2018-08-10
b6197060d52f84eea9f7b3a2a6d70379,933ed96b9264f37332ad5e04912c7691,delivered,2017-07-11 16:14:04,2017-07-11 17:25:17,2017-07-12 18:07:37,2017-07-18 16:38:26,2017-07-31,3cd16a72f707d4969180be6761107d6e,2017-07-11
7c9d9d4d723a61250d119c3ba8b1d27b,effd5aca956512e2f7883894b59dbe64,delivered,2017-09-19 02:06:24,2017-09-20 02:35:35,2017-09-21 14:18:48,2017-09-26 15:53:39,2017-10-05,26cad9c9ba313f4f4883570a88f5460c,2017-09-19
3182ecdf3da0331bf56a6b4ff5e069d7,48f2c3b771af969350d566b444d3cf5e,delivered,2017-11-24 21:38:42,2017-11-25 00:36:55,2017-11-28 19:59:15,2017-12-27 22:09:59,2017-12-27,15e9277977ef00be29a22f59bc05cd6a,2017-11-24
ea4b1db6a5d7e3519dd7e4a3c260c8b3,24efae63699a6054e210f15224f2197f,delivered,2018-02-11 21:13:44,2018-02-11 21:30:31,2018-02-14 19:09:02,2018-02-28 23:37:08,2018-03-07,925dc4a1e735f3a703eaa84dc74ae8d0,2018-02-11
9791bda638a9df3f81f78f47b871ad2e,3b274a84b79f7569de4b4d8f02fac4ae,delivered,2017-06-09 10:49:49,2017-06-09 11:05:10,2017-06-16 13:37:49,2017-06-30 16:29:07,2017-07-14,0c0462f80eab44cd61f38b6a14230466,2017-06-09
cedce2be74a9e660cec99d6f9c6674f3,664ef02a3eab1689df1c0c19eb1e4859,delivered,2017-05-15 18:46:53,2017-05-15 19:02:38,2017-05-17 16:15:22,2017-05-24 11:50:00,2017-06-12,f2655a0ca53cad79e713d1a21b2328b7,2017-05-15
63d44f6f75e4ac6761afb732931751c0,41d14dee386b72886a52f91141c811ed,delivered,2018-08-15 14:56:03,2018-08-15 20:20:25,2018-08-17 14:02:00,2018-08-23 17:53:42,2018-09-06,960cd781de6f284ffe6a1af944d8811e,2018-08-15
961da72306805ebbb55f39e1b83ef01c,7806523fe460a68fed9c0cb005038bc0,delivered,2018-04-25 10:36:59,2018-04-25 10:54:56,2018-04-26 12:18:00,2018-05-03 19:54:53,2018-05-23,8e4f82f958074ebe5bfefbe69cdcc225,2018-04-25
e01371016351ae4493ecbd7a8c5a33f5,e1a191d6a40b0deefd2d37b132049e56,delivered,2017-12-26 15:29:42,2017-12-28 10:18:26,2018-01-09 19:03:01,2018-01-17 13:51:48,2018-02-19,61ad224fa8a753d3edc80c7703c8e0b6,2017-12-26
cb6195812502c1fc75d2a379596543a8,51c434b18c724d161275dff5fde121d9,delivered,2018-02-18 11:41:04,2018-02-19 11:47:27,2018-02-20 14:22:02,2018-03-06 20:33:58,2018-03-16,6e4e5b71061af223f3ccaa35637b078e,2018-02-18
56e434b038a40c8b9b03a9b9dcede8f9,36500dcb80b06ffd0380d889580b0071,delivered,2018-07-26 12:06:26,2018-07-26 12:24:30,2018-07-27 12:20:00,2018-08-01 16:15:58,2018-08-16,a8c78f8c4faf800e1d0c164deda39157,2018-07-26
1fec6937fb6666c83cc1d3078a1949ab,c2fddf1ce02b80586cea9ea04932212a,delivered,2018-05-10 17:00:28,2018-05-10 17:10:25,2018-05-14 14:20:00,2018-06-05 12:56:39,2018-06-07,ba7d60a5f6386cda2c7173465cfa13c4,2018-05-10
5e1ee454abff53066b6f4b3455890977,cb0dfa91ea2f9acab7316baf7708e621,delivered,2018-02-16 15:31:43,2018-02-20 07:27:11,2018-02-22 17:53:56,2018-02-27 17:32:33,2018-03-14,91db518c6fa26d5e1a2d93424ea1b173,2018-02-16
d307f9ed518d1ee6fe69995bf48ede89,93b1e92e3e0e0e8ef80e6623437377a3,delivered,2018-08-02 12:06:10,2018-08-02 13:30:54,2018-08-07 09:48:00,2018-08-14 22:59:52,2018-08-30,1dbf8e84f39c0414260c3cbd2c182dfa,2018-08-02
f3c6775ba3d2d9fe2826f93b71f12008,6aef84c09844a371d82a49152c550b95,delivered,2017-07-04 11:37:47,2017-07-04 11:50:21,2017-07-04 13:53:13,2017-07-05 08:09:26,2017-07-17,c4320fbd4bc46bc041e8c2b703a05cd6,2017-07-04
63a7cdcbeb840292008964a3654b9745,fae61b3ca7edec361575b1d0e7da7239,delivered,2018-01-17 09:59:58,2018-01-17 10:10:01,2018-01-17 17:13:02,2018-01-18 21:12:44,2018-02-02,4ed407615f57010083460436a955577b,2018-01-17
ed6c7b5afbec5a527361ec20374e4057,d138ea4e35fb3efec4f710091919b561,delivered,2017-11-26 15:09:07,2017-11-26 15:16:23,2017-11-27 19:02:56,2017-12-01 20:48:37,2017-12-19,d73be896a31015f895eb0481149cd082,2017-11-26
a622a08f7c22608bf1f2c546a830de74,87593a30f5380e0ec6bb4ec3a6ac54b7,delivered,2017-07-10 14:15:00,2017-07-10 14:25:18,2017-07-12 11:58:43,2017-07-24 18:24:32,2017-08-02,401035dc57a4e9568436320e4edcd985,2017-07-10
f4eb8741e3a999cc0893b2167fd19fde,c1cb06959712f05a747e13a554f44d4b,delivered,2018-01-19 12:30:36,2018-01-19 12:56:27,2018-01-19 23:28:57,2018-02-08 11:36:40,2018-02-20,f627bdc31fd4cedf73cfa6d3edce9fc2,2018-01-19
065d7ca47199c0b027e288a77c59a167,b02fc839c91ea555a5e79cfd4abc2cbf,delivered,2018-07-29 16:07:13,2018-07-30 18:31:16,2018-07-31 10:31:00,2018-08-04 12:56:34,2018-08-27,e856fc86ae5d181c39c3517c5ba26966,2018-07-29
71b7a76e413b9a5ac20a14d89ba2b681,728381d4672f3d3ad8854fd3674efd52,delivered,2018-08-20 17:05:38,2018-08-20 17:29:28,2018-08-21 13:59:00,2018-08-27 17:21:50,2018-08-31,1151fbe784586f5c62d6669ec7c01089,2018-08-20
dc5c1e4b9f70ea51724488c3f86b7c68,cc3c222a968a1019768eb395b034953e,delivered,2017-10-24 06:28:06,2017-10-24 06:49:07,2017-10-24 20:11:54,2017-11-01 19:04:30,2017-11-23,9a64d52406f314dcbd5029f513f5ff12,2017-10-24
4b038a7f8dfc36755eca741381e379e3,e53edc46664edce7794d86baca23f75b,delivered,2016-10-10 11:39:06,2016-10-10 12:03:31,2016-11-14 12:38:44,2016-11-24 14:55:43,2016-12-08,e93d7ba71f9edaa1360d2d16e8a95783,2016-10-10
62c56a57f999877042b4e8a6fb4264f2,12409588e4317b65f504f3c2e91a960f,delivered,2017-11-01 09:38:23,2017-11-01 12:45:53,2017-11-07 18:42:05,2017-11-13 22:48:52,2017-11-23,5b3354f75d78184339b67dfabdeac97b,2017-11-01
96bfce289cf4a045ce6adad34b55a912,8e3685a765bf97051fa84bac975d302a,delivered,2018-02-05 19:21:31,2018-02-06 19:11:20,2018-02-27 20:07:50,2018-03-05 21:57:03,2018-03-07,6267c1f580626ccc4471aac4582b44d6,2018-02-05
c347fb49d9d46619d71b2551fc83d6cf,c7f38a25ab50a30f2fe0e9859b92d474,delivered,2018-03-28 02:57:59,2018-03-28 03:10:08,2018-03-28 20:03:10,2018-03-31 12:22:22,2018-04-10,568eaa9cb9e6f86c86437263c0d5ed4a,2018-03-28
9527361365d330ea8c6064333750b909,f337dc9cfaf8bbd59327511f8251d901,delivered,2018-04-03 22:59:56,2018-04-03 23:10:16,2018-04-07 01:08:29,2018-04-12 17:49:48,2018-04-20,b7fed7cf0dbf04ba939d29c82274c798,2018-04-03
f802bb2c1b7a364738b3f86a30148853,dbf7a8f14fffde67c0bccfbcdf5543be,delivered,2018-06-09 08:56:57,2018-06-09 09:11:35,2018-06-12 12:38:00,2018-06-20 12:24:39,2018-07-16,48e1cde4c44dd3de957d400329a2599a,2018-06-09
156164b0c009c68c766b1ce1213cee18,04ebc2712225141ac34d1ba5ebee0629,delivered,2017-08-08 18:01:27,2017-08-08 18:15:17,2017-08-15 14:13:30,2017-08-21 15:05:02,2017-08-28,4ef3ac5b2ceb281d80969e089bcc0374,2017-08-08
43fa6811f75be13f1033939f5a6b9ca1,bb36d8c5b34d858d183645a3a52e3f2b,delivered,2018-06-26 17:51:47,2018-06-26 18:18:28,2018-07-04 14:48:00,2018-07-13 11:33:51,2018-07-31,b383ff3ee21f75513045f4233a7979c6,2018-06-26
c81f82eab302914d20218d748b132f0a,735805cbd7cc98496da75c79687f5cd4,delivered,2017-12-11 09:32:32,2017-12-13 09:30:44,2017-12-15 16:13:43,2017-12-22 17:10:38,2018-01-08,15b715fc15334ecc8255031e32de0883,2017-12-11
ebe13d8c2f9983578a9aa31fd76148de,8f2e3727f77beeeae4a86a3d14b550a5,delivered,2018-03-05 13:07:38,2018-03-06 03:51:01,2018-03-21 20:04:20,2018-03-27 20:26:49,2018-04-11,ab90b47bf66e24a5be053fa75bd8ca5e,2018-03-05
9fcf522f6dca92c093d4607780d01a74,57a1a4f67efcf3baebea12caa5ae3ecb,delivered,2018-04-05 14:11:01,2018-04-05 14:29:03,2018-04-09 16:42:39,2018-04-11 19:11:56,2018-04-23,d4c870146bade2f103127f621593ff11,2018-04-05
736fa605c3ae7ebfa61d3fc8caa49b47,4fd30188e2c4fb40cd31ea4eddd03653,delivered,2018-06-30 21:39:57,2018-07-05 16:17:17,2018-07-04 08:39:00,2018-07-12 22:47:41,2018-08-06,b45259b5dc46bf07fc8c121bd92119c8,2018-06-30
c6c96aae858cf470816e5080de363e47,3ea720b336a4ee1c2a5fa2b77cec0d48,delivered,2018-07-17 19:48:27,2018-07-17 20:10:18,2018-07-19 11:16:00,2018-07-23 22:37:43,2018-08-02,ee3f2b083f171af669ce297c27b14df3,2018-07-17
12c35b9467a007081f7b545b5f8fb15b,54383e6aababa529019a76c722f0945c,delivered,2018-05-15 10:14:23,2018-05-15 11:14:27,2018-05-15 14:20:00,2018-05-16 18:34:59,2018-06-01,970bfe197225f8054e683079d1a771da,2018-05-15
4b4c7655aadab4cf1eb81eddf40afcaf,d8e1d69f3909531253a5de372a66af7c,delivered,2018-05-28 17:31:06,2018-05-28 17:55:52,2018-06-04 13:15:00,2018-06-12 20:03:43,2018-07-05,c31f1aca27fa1bb567a5e9d4aff0812b,2018-05-28
ed525f27dd4e72335596c7964f887dc5,3c1627aa698f08368f8182e8f9ec4839,delivered,2018-08-04 20:48:16,2018-08-04 21:04:07,2018-08-07 14:53:00,2018-08-10 16:41:52,2018-08-27,501b28230db2d94161afce9e4c14fb1a,2018-08-04
248420359d879dd7752d4333a3d7472b,e0213fab18b29329e69cbe1f365e99ab,delivered,2018-07-12 09:03:42,2018-07-12 09:15:23,2018-07-13 11:59:00,2018-07-30 11:07:07,2018-08-08,dfae4f86093ca47b98a483eaedb23667,2018-07-12
ed61c8a3d27cfd98066921e677ab5824,d9237b53be19973a71f379dfdfdc38b7,delivered,2018-01-23 00:30:58,2018-01-23 00:56:01,2018-01-24 00:51:49,2018-02-01 00:42:54,2018-02-19,bd99f9ce70ae45607f337d482aa62684,2018-01-23
c2859f3c830b3fab51d945c1c0ef45fc,daee9ceb68799b045600899b74629ee4,delivered,2018-08-22 10:54:37,2018-08-22 11:05:23,2018-08-23 07:16:00,2018-08-28 20:53:31,2018-09-03,cc325e9b074bc941ca5cf18c2787559d,2018-08-22
cec61a2f94f55b2b392379dfc9a402ee,093ce66d767ff676396051dda46332f0,delivered,2018-01-30 20:27:38,2018-01-30 20:50:05,2018-02-01 00:35:16,2018-02-03 15:49:49,2018-02-15,0c767a3f86f2bf9b04ae4960fec401e4,2018-01-30
d7c30fd6882d8cfa35a7413682542c87,382413ed2b40c42fd4fb8aa6caed11d5,delivered,2018-06-30 14:42:20,2018-06-30 14:55:13,2018-07-03 07:41:00,2018-07-04 17:37:49,2018-07-16,5f7ce2c129762b0c4182d85c2681577f,2018-06-30
1daf08cbd75c8c42c6febf36b63e4bb2,2cbf6cb02acabd657570f14141006bd0,delivered,2018-01-03 14:58:25,2018-01-03 15:11:30,2018-01-04 22:34:32,2018-01-18 21:15:34,2018-02-19,059d1f5650f05d9fed9a6d941593f9b4,2018-01-03
934803b43ca04b1cd088ae5e65a5ae76,74b48a0bdefc8bedbfb04470914c9dce,delivered,2017-04-05 23:43:38,2017-04-06 01:10:13,2017-04-07 14:06:12,2017-04-18 16:38:07,2017-04-28,2fdd6e2012a924fc42ee1070baef8514,2017-04-05
216466e0c94bda506e25adf7e905c5ef,646d64026bb6cf9f9d2e771af5d54ff1,delivered,2017-07-28 09:55:03,2017-07-28 10:05:56,2017-07-28 19:32:44,2017-08-04 22:49:58,2017-08-23,636accf2e5fb68ae645e01c7dcb0cbf7,2017-07-28
8421e7437b4c46dcf0e4895873ed8726,491dfc36c496e8880a5621b8ce98a2b6,delivered,2018-01-10 23:58:35,2018-01-11 18:27:40,2018-01-12 20:29:14,2018-01-18 00:32:21,2018-02-05,a356e54a963f87caa2bbeae7c97d2f98,2018-01-10
a2db9015fe477ad400fd0183ab308357,6afda3daa8873ace2e6ca5fc0bff2ead,delivered,2017-08-30 18:05:03,2017-08-30 18:15:15,2017-09-01 15:15:45,2017-09-04 14:08:54,2017-09-15,5a239cff21db60eed70fde2621e386ab,2017-08-30
51868729f79f5a4f692a73234e21add8,736ed77f4ecefcc3722ea49389018134,delivered,2018-04-28 22:04:12,2018-05-01 06:13:37,2018-05-04 14:04:00,2018-05-16 22:41:41,2018-05-23,3e60077770db929ce1bc8d84dde426bd,2018-04-28
6d70b44b2d0742e51c0434faba7c9afe,192b1a2d0d7d5d391edab32669ef31ae,delivered,2018-07-21 05:48:37,2018-07-26 23:31:41,2018-07-24 11:05:00,2018-07-31 02:05:04,2018-08-07,31955ab63d5898c22935aa10c6522c8f,2018-07-21
6660735419b67a222968c81cd4e3fc9b,986666beea9f9971afa44b4bcf1df7cc,delivered,2017-10-16 11:28:49,2017-10-16 11:49:29,2017-10-16 19:42:26,2017-10-20 16:23:53,2017-11-06,4d531a68877fe93bb78417a20d36047a,2017-10-16
03ee28c413aaef04d718e00ed85eb678,93ad62fc1229e9099881648f34813706,delivered,2017-02-21 10:54:37,2017-02-21 11:05:47,2017-02-22 07:00:14,2017-03-03 15:41:42,2017-03-24,5506de51d8ddcf415bd12d9824c38eed,2017-02-21
e7666167df3a8011289e3980afcacf13,09d2d62001804e7ae2af3c29b13cb36c,delivered,2018-04-25 15:20:08,2018-04-25 15:30:29,2018-04-27 12:32:00,2018-05-08 11:22:34,2018-05-30,e965a5500443e3e4746a2230aff2f1db,2018-04-25
f205336be829af209878b6339cf02c7e,bea482168e59ee99ecadacecb808d058,delivered,2016-10-06 09:59:13,2016-10-06 15:56:43,2016-10-21 11:36:05,2016-10-27 17:55:56,2016-11-30,4bb9eff279b892251d672d74a4272434,2016-10-06
936b6d1c11f2b85ce1edfa34171b0e0d,02e5b5ecce34b118017c55151accfbe5,delivered,2018-07-30 22:59:30,2018-07-31 22:50:14,2018-08-01 15:59:00,2018-08-08 11:58:57,2018-08-15,bebdf6671ea49add6ee57ba489a0a143,2018-07-30
b56dabf51bf716407925461f90b99f15,e4066f077a26a86907a4bcc57c432ce2,delivered,2017-05-12 16:55:54,2017-05-13 06:35:26,2017-05-16 11:36:19,2017-05-22 17:51:56,2017-06-16,98c7ba6ee04ed04b0d7882bad02cd351,2017-05-12
cc72c534117f6b66be178c5ac9235adc,df710b0e7d20542f3c29d644be1f20cc,delivered,2017-07-11 14:45:08,2017-07-12 02:15:54,2017-07-12 17:26:55,2017-07-18 21:12:46,2017-08-04,fcee78b7f020fc29669d7f2390d1b2b0,2017-07-11
583dfa864ad33b5056f352e0cff6b713,99077ffaf76f0a476865d067daae9670,delivered,2017-05-15 15:20:49,2017-05-16 03:35:18,2017-05-26 11:17:57,2017-06-01 10:10:17,2017-06-02,964392938ff1dee545febfe2ba106e4f,2017-05-15
f082f28d8497b7ec4f89389dc373c7a6,f29933fff30fd131172ff842eaee564a,delivered,2017-07-25 18:12:38,2017-07-25 18:25:16,2017-07-27 21:37:50,2017-08-03 20:43:37,2017-08-18,ae9b625c590bbfdd9e9ef836fbcbc7c9,2017-07-25
9e8886e41052169460274de999ba954c,428b0360100fc4c328adc7773313cf2b,delivered,2018-05-11 20:03:07,2018-05-11 20:17:05,2018-05-14 15:49:00,2018-05-30 16:26:36,2018-06-07,ae846348b4c9821d7754c3b4d7d813f2,2018-05-11
ad71054dc5d178fd3d92e89a84f5edcc,13e310ef69a168c6d8876c9f932b6681,delivered,2018-03-04 18:39:32,2018-03-05 13:29:21,2018-03-06 19:38:36,2018-03-18 14:04:52,2018-03-22,1919fb82dae2c979073d9340a3ed9c84,2018-03-04
031177de64d3bb73364a5f3306551105,1860483913e0190e2f0de57014df6a12,delivered,2018-04-27 19:23:08,2018-04-27 19:35:18,2018-04-30 14:24:00,2018-05-07 21:33:10,2018-05-18,c61e1bdb620c3508bdb6a7b18f5da616,2018-04-27
6633cc9b9695c1fd9c51bd5afca04286,034dc20625271d7092e8228d1a80cac4,delivered,2018-07-24 22:33:06,2018-07-24 22:45:07,2018-07-25 12:44:00,2018-08-01 16:08:44,2018-08-09,df1322661e034306910fdfe8d7b79065,2018-07-24
9256fda5584ec43f6212f63bdf17b2ec,2b3c93b880505c1bbc5b3de1dd0ace3d,delivered,2018-06-27 11:34:34,2018-06-27 11:57:21,2018-06-27 11:56:00,2018-06-28 18:26:27,2018-07-16,002311514717ca8b65b09a26cdf7b91a,2018-06-27
f354a10235b5d253194c5285396abad1,8d37602184dc432a7ca227475ac81036,delivered,2017-05-12 13:46:05,2017-05-16 03:35:38,2017-05-16 13:38:34,2017-05-23 14:37:30,2017-06-08,32768c5f1b0d5a7f3538265697772f1c,2017-05-12
9e98c3552018458c0a2dbfda35bbfbfb,fb21f7e36edb64a59f28725c2738a228,delivered,2017-12-03 10:18:45,2017-12-03 10:53:10,2017-12-06 23:28:08,2017-12-24 12:51:59,2017-12-29,361f293b44a8217401121933a7c5f5b7,2017-12-03
94c2953e576ce67919379eef0d351816,286ceab451e4095a3fd1c76342fd157e,delivered,2018-02-23 18:13:43,2018-02-24 18:07:28,2018-02-28 18:42:34,2018-03-01 20:51:33,2018-03-09,494dd3fafa3fe8721b21f83ad2cae129,2018-02-23
b55b20186d1b1e9377f4fbeec39167bd,87f89eaa5b5eb1fb894ebf0c3ba5fa44,delivered,2018-03-15 00:34:21,2018-03-15 00:50:27,2018-03-15 19:48:42,2018-03-21 21:47:21,2018-04-03,283df413f80a8d4b7bded119188745d1,2018-03-15
b8872794c438d699251b948e4494a27b,10168c56912a6325727619cb593a6a37,delivered,2018-01-08 13:19:27,2018-01-08 13:31:20,2018-01-10 10:39:29,2018-01-16 15:14:57,2018-02-05,0cdeb960bb52396091859c877ca2a03e,2018-01-08
f3d1138add2934e968eaa91ce26da835,2845c3b58bbe2eb1dd1db586ae2badb3,delivered,2018-08-20 19:44:22,2018-08-20 19:55:16,2018-08-21 13:06:00,2018-08-22 17:58:49,2018-08-23,11f76b400f90c00c920bc0eedd4d598c,2018-08-20
30e608f69bcd3b2758cc9f28c8af087f,7f10cfc70e5b4e8c9910f6d294d4bee1,delivered,2018-02-13 12:21:14,2018-02-13 13:28:02,2018-02-15 17:19:45,2018-02-26 21:28:04,2018-03-12,1c4877455883d99e3789532225729d68,2018-02-13
7c372cacf9e2626dd13cc5277d73c6e3,8e998a42d60ef12f9d2eef2a3aa5366e,delivered,2018-07-26 17:26:38,2018-07-28 02:35:17,2018-07-30 10:11:00,2018-08-03 00:05:12,2018-08-10,07fbd7dce0be2f7d7ecfa0d5657b7373,2018-07-26
ed807db880719907eed75f32829ba5be,e0fa01cb87bab8b36f60bd56c00181a1,delivered,2017-12-21 16:55:25,2017-12-21 18:02:50,2017-12-28 18:54:53,2017-12-29 14:42:34,2018-01-11,5527213e610f0a189308f8e404b3a88f,2017-12-21
314277faca3df2b7c0def6499dc16867,b0369ba1585d7b8ad5593c0f95c4316a,delivered,2018-01-01 10:26:08,2018-01-03 04:34:26,2018-01-05 22:20:21,2018-01-08 19:16:08,2018-01-19,3da7d5591566b89e7d6c21818a914742,2018-01-01
b61d1cde65fdf2dffc129448698385c1,8dc29d61d9c74e70c9b5477ffe29f0e2,delivered,2017-09-28 19:21:51,2017-09-28 19:35:19,2017-10-02 16:37:59,2017-10-08 14:44:46,2017-10-25,6391d68d6fc2e58acd054a1425a398a0,2017-09-28
a076e6a3d1401e58c8b6ced4d0d23225,e17ea06f5208a4adf2c64c1753ee9af5,delivered,2018-03-23 14:22:27,2018-03-23 14:35:30,2018-03-27 21:33:34,2018-04-16 16:48:49,2018-04-13,4f703d6eae4d281cc09a785b51c49344,2018-03-23
6bb821f726200115364aae8fe1126ee1,a6a1f9463a5d9a2e7e7ce3b654de6780,delivered,2018-04-01 10:30:25,2018-04-01 10:47:21,2018-04-03 15:04:52,2018-04-12 19:08:32,2018-04-18,6acd5e9c54de6136c22ea8fca27e4338,2018-04-01
d6e14e286083e99ba8571e9e8baac0b6,5054c030ff40c8dc6de75d4241035577,delivered,2018-08-22 18:57:21,2018-08-22 19:05:19,2018-08-23 14:53:00,2018-08-30 17:58:53,2018-09-11,e060ce3f724dd891cb20ec0f63e9f268,2018-08-22
837d1f8cf82a0c97441b80b64d287b94,c95ee9c661a55a74bdfa8bc3e08aed7a,delivered,2018-03-20 10:14:57,2018-03-21 02:48:59,2018-03-21 19:19:38,2018-04-03 22:58:34,2018-04-18,ba837dbab64e9c6bf9300e6f248fe1e8,2018-03-20
4f68ed0836136db8064bf34ebb1965e2,08a113f40963196742d5538a95776e34,delivered,2017-08-03 13:19:56,2017-08-03 14:30:09,2017-08-14 18:23:01,2017-08-17 19:03:48,2017-08-22,846e4612bebdefeb3a65aa63fee59e3a,2017-08-03
2fd164f74becbe83e1b81f3f3ab94d07,4b5df8f7bd263b1c620fbbe1bfc94369,delivered,2018-08-02 17:10:34,2018-08-02 18:00:08,2018-08-03 08:25:00,2018-08-08 18:47:30,2018-08-07,c5625fa8d6771a8ce6c260494197b5d1,2018-08-02
9ce1af91f300b02131e968687bca1732,37407068652762ec1079dfc51d332e87,delivered,2018-07-19 16:28:10,2018-07-19 16:43:02,2018-07-23 14:52:00,2018-07-28 00:28:29,2018-08-07,c1182373d393091e9cd4bd9cb51a6207,2018-07-19
0b0b4cbb5b4eb45bad5bb031b56ea1e1,5c92c75f28189ffd8cf952b2ea478b76,delivered,2017-11-02 18:39:46,2017-11-02 18:50:35,2017-11-03 23:47:34,2017-11-17 20:38:23,2017-12-01,232e3f357bb1feb6975e76a334813259,2017-11-02
76932968baa3f3ec3eb6a11fe79c020f,41ec5c1a4fefc975303c7307936ee7b2,delivered,2018-08-11 10:25:29,2018-08-11 10:35:14,2018-08-13 08:55:00,2018-08-18 13:48:28,2018-08-23,d7dc081e3898c4cdf7adf2190e50a99c,2018-08-11
24f686e03e134195c83dc3e2b6bf4cd0,8feae4bd81cd90e377f43588b900d3c2,unavailable,2017-05-08 14:20:50,2017-05-08 14:30:23,,,2017-05-31,6d81b879b9a6c571c5d5dba294c1f725,2017-05-08
421e787a5dec780e5db14facee9bdab5,ef4b4f3a32448a53c0692f135e4e9bbb,delivered,2018-01-09 19:08:15,2018-01-10 10:32:23,2018-01-11 18:38:58,2018-01-19 09:09:47,2018-02-06,d806b2a50d10abd760f44162c49eea48,2018-01-09
c9d0741a7a1372f85dc44e9b73835240,424f86625efe107e467c2b741a786697,delivered,2018-04-23 18:13:14,2018-04-24 19:02:47,2018-04-25 14:11:00,2018-05-18 14:39:12,2018-05-28,0862d2d2c784b1b880b1848e10495b67,2018-04-23
8db43b1e3642a3227063d2517b63ecbe,45938ba1c04f7c36fa58f04c3d6e1540,unavailable,2017-03-24 14:35:51,2017-03-24 14:50:12,,,2017-04-20,56919b5c5f7f68e62af8bda2500936fe,2017-03-24
2af092d75759971722843fc88d8509a1,1a046b7389bdcdd4a24091be91c8ca2d,delivered,2018-05-06 00:32:29,2018-05-06 00:54:35,2018-05-08 15:55:00,2018-05-11 20:21:25,2018-06-18,60d34509419ce4f132570db40e6ea985,2018-05-06
574a5f31f28e74854179a095e600e96c,914cbf733559144aaba5e8bf27d61001,delivered,2017-09-04 18:55:37,2017-09-05 04:44:38,2017-09-06 19:27:30,2017-09-11 23:03:00,2017-09-27,b082e14f2883a43b782eed33ace55661,2017-09-04
78bb9cb1e0d5fd2fb179e3a8205f0e4e,ab4806c1a9c4bc3e88aa1f900b88d98a,delivered,2017-07-29 21:51:05,2017-07-29 22:03:25,2017-08-07 17:39:02,2017-08-17 03:37:26,2017-08-30,7927bb2e675a158347122dac9d0b4f4d,2017-07-29
f0b2f79f97e12f27b91c3570c725a81c,a0822dff344a63f5484f6f09dc6942e3,delivered,2017-04-21 20:05:33,2017-04-21 20:15:07,2017-04-24 12:07:13,2017-05-03 11:20:05,2017-05-15,0637b8b30ad31760ec80e9338b17fee8,2017-04-21
5ea5b3c7c3a5213309b07f654f1fc416,371c644fca3c8e6854c3b16df9695e2b,delivered,2018-03-08 10:08:34,2018-03-09 13:48:04,2018-03-12 16:58:52,2018-03-17 12:22:21,2018-04-03,3c27fa08e3dd94254dc85e6a106243b0,2018-03-08
59bcc9fb2660aef0efcae5ef816fe8da,f701b1704873f79d6b5ac540db9faaea,delivered,2017-11-15 20:43:15,2017-11-15 20:55:53,2017-11-16 10:22:47,2017-11-23 21:05:09,2017-11-29,e7afbaf52adf6d3dc1ee0aec73fc63db,2017-11-15
1182df110fbf0a14dfb08dd06c560836,18c577b56738bbba9d9f464eca7dd287,delivered,2017-03-11 21:26:56,2017-03-11 21:26:56,2017-03-13 14:54:54,2017-03-27 13:33:14,2017-04-17,93ea15b9ed1828b3ef8f6c917f143709,2017-03-11
8511c084d79be37aa0cdc0c9985738d3,aab3dae5b97f7188749343fe78c8947e,delivered,2018-08-11 09:24:29,2018-08-11 09:55:13,2018-08-13 09:24:00,2018-08-16 22:26:57,2018-09-12,fdab4dca785d25c837988c629b0c4777,2018-08-11
4427836afdab8880f5ac2b25c710c822,7ef733cf0f7bb156665c627f1f5b4a5b,delivered,2018-03-09 19:08:29,2018-03-09 20:00:30,2018-03-12 16:17:33,2018-04-04 18:33:14,2018-03-29,7721bc1f0b8910122bf9b46c59922fbe,2018-03-09
c063c67e34bfcffe2492295dc03b8afa,e47d3e624ccc9b27956e4fa3777b8e51,delivered,2017-07-19 21:58:20,2017-07-19 22:31:20,2017-07-20 18:08:50,2017-07-25 23:47:56,2017-08-08,9880e2d648281c53e7116caf2f735212,2017-07-19
cf760ac414f55959d91e54756bb77fda,62b64a12ef5c1275684db5d78e0d50d1,delivered,2018-08-10 17:40:07,2018-08-10 17:55:11,2018-08-13 10:41:00,2018-08-20 23:18:41,2018-08-24,b1154cb6531798276e4b3ef2f7060ea0,2018-08-10
ab8a866574f73cbe65bb30367254c358,e87a4f15b2f6cabfa81b5567a661429b,delivered,2018-04-22 20:27:03,2018-04-24 18:48:20,2018-04-25 14:27:00,2018-05-02 20:12:01,2018-05-17,0e6a10c16dcb84b6c939066944dc5ef7,2018-04-22
8d616a8d617842d9ab7a23a0f5b23e5c,d2c67f6ce0db029349ea52a96a82aeaf,delivered,2018-02-20 22:34:23,2018-02-20 22:47:31,2018-02-21 23:52:36,2018-03-05 18:27:01,2018-03-15,58493fb21d6b46770ca04421dc624f34,2018-02-20
0281b24682fddf0c7efcaa299b066827,6d68129f050598becc89de9b781c298c,delivered,2018-06-24 15:02:20,2018-06-24 15:19:07,2018-06-25 14:08:00,2018-06-29 15:49:43,2018-07-16,7d815d7246f1f071a3bfbf856543db2e,2018-06-24
8c6a3fab1ed272b02f23bb7dc9061d9a,9084b0a94916b534ac6e626011092567,delivered,2018-04-12 17:36:07,2018-04-14 02:31:39,2018-04-17 00:16:47,2018-04-30 19:44:38,2018-05-02,0e850ed5adc4abe0346435eda5b1a626,2018-04-12
aed5fd4c4ada58504679761465a6486e,fb5adcc8d11e1000f05d9e6b683a0700,unavailable,2017-07-07 10:48:37,2017-07-07 11:03:33,,,2017-08-08,910049a37deee265cbf313d8fc77df7c,2017-07-07
83d67fe6be9a0ed962f9ce12a1accdf3,7b2c888b9cc6cef7b7294d42d1600fc1,delivered,2017-05-11 17:51:45,2017-05-11 18:05:20,2017-05-12 12:26:32,2017-05-17 14:44:09,2017-06-20,6150c48a9373c851e1de0db93da09bd6,2017-05-11
eae3ed41188ee048187bd4841ae52b9c,fb6d6e72cb047e58c90844f7dc43c375,delivered,2017-09-13 11:57:37,2017-09-13 12:10:19,2017-09-14 19:53:45,2017-09-18 18:45:57,2017-10-05,b793f8d865f5b468cdeacfbc29f12d32,2017-09-13
3255ba790805f96d2755c07847d31f50,a9fec5ad67f80ea9bc491381b678e7c8,delivered,2017-12-18 11:27:40,2017-12-18 12:45:33,2017-12-19 17:28:38,2017-12-20 22:24:17,2018-01-05,b34fa6cc2dbe4e9ec6bdefb92b33695c,2017-12-18
17b33c457230992a193f0e7179fbf104,b6fa4fe04493bc219a264e39aad0de5a,delivered,2018-03-03 22:13:46,2018-03-03 22:28:38,2018-03-05 18:39:10,2018-03-26 12:51:27,2018-03-26,60149040f360e12c72ab1324c2913375,2018-03-03
77ac59c6eca2cfec705ad0c804c6b092,759f6ec7aceb6e99b2b8392b6969acf4,delivered,2018-02-05 17:27:03,2018-02-06 05:31:42,2018-02-07 15:46:33,2018-02-15 19:33:10,2018-02-21,98ec913cfa7ea4a748bc54372db4dc6b,2018-02-05
6597e9dbbb1d813a8807828870c2a0ba,810715abf035c34a06b6690f805376ea,delivered,2017-10-24 14:18:12,2017-10-24 14:35:22,2017-10-25 21:34:42,2017-10-30 16:47:04,2017-11-16,71125a7ba8684a2e8dca3488efc996aa,2017-10-24
0dbdc97d32b0efccbdcbdf750aee17b9,88b37da7d26f1df8a97e91d349bee1c5,delivered,2017-05-03 17:25:30,2017-05-04 03:02:56,2017-05-05 11:28:00,2017-05-13 12:36:00,2017-06-02,a2a2a8104d4d9182211a58c86c7d83b5,2017-05-03
98c9230069ea6f83d349fbdcac5928ea,2016496924ec7d507078544a9ac7bc30,delivered,2018-02-14 17:14:42,2018-02-16 08:10:38,2018-02-16 22:08:10,2018-02-22 17:28:04,2018-03-08,e4cdaf91537794a18e774eb24c4783dc,2018-02-14
36534fe142509f207606ad15c006b7dd,cbccfa131f9417b13c43c21429910022,delivered,2018-08-13 00:00:57,2018-08-13 00:10:37,2018-08-13 15:30:00,2018-08-15 21:57:39,2018-08-17,7462a753a77ed093330660f7003064c7,2018-08-13
443927ed7bbf7df399ca64efdb0b684c,0852444fb5c616452aa079549f38ca5e,delivered,2017-11-25 05:31:18,2017-11-25 06:33:29,2017-12-01 17:41:59,2017-12-09 01:52:19,2017-12-20,d00a016616637f1fcf31fd087d393e8a,2017-11-25
5346a99f61d771b889336c4a2c14e0b9,598dba00be5e701f7d8fbb9bd29753ef,delivered,2017-08-14 19:04:28,2017-08-14 19:44:21,2017-08-15 19:02:57,2017-08-16 17:33:35,2017-08-25,32621821dad1662b478df0f18ac12a01,2017-08-14
0a03ed20390f0245ab850bea4186190d,3fc5a0dbd1c9b084cb85b7f2a1ebdffa,delivered,2017-12-04 16:55:03,2017-12-04 18:30:27,2017-12-07 13:26:52,2017-12-23 10:44:33,2017-12-27,1fa5b2d41d572f019ebe025f76fd31fc,2017-12-04
b15acd827ae5109303845f18ff8d4662,6b7fa5ec6f9230b7cb4f1a4481c89727,delivered,2018-01-22 01:28:27,2018-01-22 14:07:03,2018-01-26 16:52:27,2018-02-01 00:28:42,2018-02-19,b3fafccd5bd29858aff0cefd265e2ad2,2018-01-22
f68d9380f798cfd964305e853071c0f8,c7c6c700a70e47413229de2fdea0528e,delivered,2018-04-17 12:03:11,2018-04-18 11:55:21,2018-04-19 20:04:52,2018-04-23 18:00:18,2018-05-17,cb5c2926577bca24141260d0fd814ad1,2018-04-17
0fc95c806aba2b8aef43db06838ec606,2e9ae3e10bcfcc16fe0eedc2ac5f9f6a,delivered,2018-08-23 21:49:33,2018-08-24 21:45:10,2018-08-27 19:09:00,2018-08-29 00:16:47,2018-08-30,9db254a87951220e74c58549749cf128,2018-08-23
6667ce63925742278c4eb0f5d83a913c,78b9900a0ff9d195d133d376c34b08c4,delivered,2018-02-15 11:26:40,2018-02-15 11:35:33,2018-02-17 00:18:33,2018-02-28 20:35:52,2018-03-09,8b4447c69feb2b408e29edc0fe9d0253,2018-02-15
a56289834f2dafadf7c571cc16d3249b,58cf5854ad59bf0a57a265c1f9e9b998,delivered,2018-01-26 11:49:05,2018-01-26 12:21:30,2018-01-30 13:58:59,2018-02-01 20:29:34,2018-02-09,324123feac580f5f65d5a53e7dac1af0,2018-01-26
1ada38b97a26793e53c1205050892669,d7ee2abd77a06c14710da7bc5233f234,delivered,2017-08-28 13:15:21,2017-08-30 02:15:19,2017-08-30 19:23:55,2017-08-31 21:15:04,2017-09-08,c67df09a52ff426b340ee10ee03c9656,2017-08-28
90ad1e3d82f91914b8daf79afc7d79a9,17c77aee53b37e65c31f475ed30b5832,delivered,2017-05-21 16:09:04,2017-05-23 04:22:40,2017-05-23 10:36:18,2017-05-30 15:44:08,2017-06-13,c4d9283195f6ed693c3ec224f26f9101,2017-05-21
76b95d1df7db4efef64048b3f7653dc8,ebdc4e9056d3e63849ee02c6bc7c9578,processing,2017-08-01 23:16:17,2017-08-03 03:15:34,,,2017-09-04,68f0a757dc1e79868b3472dc5685dbf3,2017-08-01
f7f1e7aa2dda713297141d80375e9509,4da2c9c807e40ef2c7c78cca34ffa0f3,canceled,2017-08-12 19:53:24,2017-08-13 20:05:21,,,2017-09-18,d8748691ef75ce7aec171f86ce13c4c5,2017-08-12
814a581bb15822a49e046f3f612e18e0,158bc68009baa9f898feec21017b7f67,delivered,2017-11-24 09:08:38,2017-11-24 09:15:30,2017-11-24 18:46:54,2017-11-27 14:58:02,2017-12-13,2064e8cfdbccb538a8b7c4b14c24bdd8,2017-11-24
eccfa497ce3b3c48e8ccb2a629ea5fe8,a979d4ac65ebbe603783c51cc7c94200,invoiced,2017-02-01 17:24:22,2017-02-01 17:35:16,,,2017-03-20,46c03449c82e0f13b2f9a8884ee83e35,2017-02-01
36782087b0d4f8cd6daa340872006259,f44b3f6747f4f5927e4034d63992603c,delivered,2018-02-07 12:59:55,2018-02-07 13:15:39,2018-02-14 17:48:49,2018-02-19 20:17:32,2018-03-05,199518f9eacfe6b6297851b562c87d4f,2018-02-07
77bc193fd7a345307735df45566126a6,b7a97ac8ea9c2fb9e438a076c163d41c,delivered,2018-02-20 22:48:19,2018-02-20 23:20:31,2018-02-22 01:07:16,2018-03-03 12:28:54,2018-03-13,642ee313750b5aa7c0e8c4d67e79c9f7,2018-02-20
812cd0d5b71a2f8fc46d2cb6bbd578a9,e081a4fa0a267bcd8c2da2513752c68e,delivered,2017-11-27 00:02:57,2017-11-27 00:19:30,2017-11-28 19:09:03,2017-12-05 17:22:29,2017-12-15,c8704591f365789bf60beb617b089491,2017-11-27
bbc13e09a09a77b4f6ea6a981a399473,7822a6861b0a8c3a5b4ed5f42268eab0,delivered,2018-05-28 22:11:08,2018-05-28 22:35:37,2018-05-29 14:04:00,2018-06-05 13:12:51,2018-07-04,7818b82f258568300b10762fe0cdceb3,2018-05-28
7b60439ce00c75448babbcbfb0bdb6f0,477f523d95439da10291dd5659e120a4,delivered,2018-05-12 10:52:23,2018-05-14 14:10:18,2018-05-14 13:11:00,2018-05-22 18:22:03,2018-06-14,68c79d928c15c0794a475a3947e61ce0,2018-05-12
a37c35b30b6e6d6e5a62c846cb093a32,c7fc773153ce95d99d98dc0b57f52504,delivered,2018-08-26 19:07:32,2018-08-26 19:24:15,2018-08-27 06:28:00,2018-08-30 16:45:50,2018-09-14,8e2e2a6ed02f65c6ee8045a891a99b0a,2018-08-26
37a96f0eb9749c5b149de75ffa669662,dd8803090eae7cd25b3eb6b86d05da47,delivered,2017-06-20 09:10:34,2017-06-21 09:15:15,2017-06-21 14:13:13,2017-07-03 15:46:46,2017-07-18,3020a77dc1ba0800c4905f73c5d95a1b,2017-06-20
ecfef517213c787b773d09056b717560,9388ff9b58a5d55ff3027858f519d1fb,delivered,2017-11-27 11:33:43,2017-11-27 11:54:57,2017-11-30 18:57:08,2017-12-12 23:17:43,2017-12-18,f3abd4fb935261ae0e59d619b30dca78,2017-11-27
1a2b0033f0b7a3116f00594ec5524344,e76d70baaf2e6bf919577966bdc5ce8f,delivered,2016-10-06 22:23:25,2016-10-06 22:58:22,2016-10-17 23:58:23,2016-10-20 23:58:23,2016-12-20,b9c47942414b4b3f08a3ae85f5c7e4d7,2016-10-06
4fc320374afd63a53d0b5607ef49113c,e8ae3b3d200846af695118ba15688352,delivered,2017-05-20 07:59:38,2017-05-20 08:10:09,2017-05-23 13:37:42,2017-05-31 06:06:58,2017-06-22,8c992e6f976420c20d8f8052074ca509,2017-05-20
14ac5864dbbe7ea0f936884e43b16fa3,87d23e68b92b0a82ea7d3f297d0dcf71,delivered,2018-02-02 15:53:03,2018-02-03 15:50:27,2018-02-06 01:32:20,2018-02-15 17:42:46,2018-02-26,275185018e59bf2ec24ca82d5cad0a34,2018-02-02
ee75b742f1f1b17653750c0b6f0bbbac,6b99c5eee7f59e2403c56ff2bf2de3c9,delivered,2018-03-21 13:25:44,2018-03-21 13:48:02,2018-03-23 01:13:05,2018-03-27 22:32:29,2018-04-09,046f695c53b0e75250cba3fb2e52dcef,2018-03-21
37998721893fc9117c5d69637031b515,1d30c84c1eb80215d21f9c1fbd046edc,delivered,2018-04-18 12:07:12,2018-04-20 07:15:20,2018-04-25 02:24:32,2018-05-24 15:14:33,2018-05-17,d207167b0278a7b67f1dd13537969796,2018-04-18
1b0473c7b9a74f2c6b2ad1098892b3ec,a513d9d214219138b0102cefc895d5cf,delivered,2017-12-16 14:02:41,2017-12-16 14:13:27,2017-12-18 19:22:19,2018-01-05 19:55:00,2018-01-16,79ca16160b80eeee06751cfe5960b141,2017-12-16
b700e6feb73a0ffb4f4b8571b68049d2,12fc5bc3cfba3e325d3dd62b33edc725,delivered,2017-12-18 16:15:40,2017-12-18 16:53:14,2017-12-19 23:14:26,2018-01-05 19:06:10,2018-01-17,58b93cf681e99eabd239b9af099be904,2017-12-18
b956b417947842f743b0ca3d0c3fb1fa,3b5b6699a87f8039d1e602b8e04cffde,delivered,2018-01-13 15:24:28,2018-01-15 12:50:39,2018-01-30 19:31:58,2018-02-05 16:48:53,2018-02-21,21611dfeeecee2c4646828b01d61cd38,2018-01-13
94647755aed55676ec36da516c9d439f,04c4e37f0223344a2f02527118f33900,delivered,2018-01-25 00:00:06,2018-01-26 03:15:54,2018-01-26 18:26:20,2018-02-01 16:53:26,2018-02-22,72b1bbfa82e60f786b639a6739a35c19,2018-01-25
a9e7b797dd41979738e86a33cc9e8520,9de58209bf50e78c31e5b6e603c3cba8,delivered,2017-05-05 19:57:06,2017-05-05 20:22:21,2017-05-08 15:44:50,2017-05-16 09:29:34,2017-05-30,1765fef079a8c44a1bce872e31aad75b,2017-05-05
a8a18e23a5c2a59c0a61550c6d690d96,b8f700d1d4aa1a148845ccaa48e04638,delivered,2018-03-19 19:25:55,2018-03-19 19:48:51,2018-03-28 15:41:49,2018-03-29 17:21:45,2018-04-06,a69376339f1fcfe5989fa943fa31c5a7,2018-03-19
1066ee7e50cd5ffa03605d4bddb316cf,b05a9ed4f2b97559aa957545915d0c16,delivered,2018-02-26 11:40:04,2018-02-27 11:35:49,2018-03-01 20:04:43,2018-03-02 21:19:55,2018-03-12,11c6b90c4d64711958d95f397b435420,2018-02-26
4db3f0539b3631ce246928eb9337df76,fded9a7647d4567e3a2b27065a1839ed,delivered,2018-02-19 21:27:11,2018-02-19 22:30:34,2018-02-20 21:12:49,2018-03-06 16:49:04,2018-03-16,8497ad78252fa25bcc31ac04c981af42,2018-02-19
c9d0365e799572906dd4a83e17d1b6e5,9ee66eb44f775d666d668af72dc76499,delivered,2017-01-29 23:24:19,2017-01-30 00:31:49,2017-01-30 10:52:01,2017-02-07 11:48:59,2017-03-16,c9d3d62eee5be8ce2cd9a94d188c965a,2017-01-29
2c9d0e7a53245b11b39d47e84b3d7ac9,e1a9260002f958ad5765a6e85172e0ae,delivered,2018-07-06 18:36:03,2018-07-06 18:50:55,2018-07-17 15:48:00,2018-07-21 16:38:46,2018-08-17,4965a4e8d51667a93ac39e04aefb33be,2018-07-06
8b564962527dd053cfc85c8fc98ad1df,7a9f83795de1c16c6be36870eccd9b10,unavailable,2017-10-09 16:38:21,2017-10-09 16:56:30,,,2017-11-08,ec3ab0699881efd1743623c05e1f7ad6,2017-10-09
1dacb75a3f524523a6521835a6787057,92f8771418e7b8dff78750306809ecea,delivered,2018-08-13 16:50:25,2018-08-13 17:04:34,2018-08-21 16:30:00,2018-08-23 01:31:41,2018-08-20,18aa81b516fd270cfdbb7b414773077e,2018-08-13
a6aef11a3026e113df62739da7de964e,b103615614c3de1f0c5bd81ba07cbc38,delivered,2017-07-23 10:46:30,2017-07-23 11:03:12,2017-07-27 14:11:30,2017-08-03 19:46:39,2017-08-11,01a0f3dc3a406f7fc8593565e1a50b4f,2017-07-23
ea88f68397901f59ed9456a77f861c72,aba326a3f911f196bdf7665036f08a5e,delivered,2017-08-12 23:01:12,2017-08-13 23:05:17,2017-08-14 23:14:27,2017-08-18 20:53:41,2017-09-08,f92fd2c87375f957ece022972b16849b,2017-08-12
87f78de2f8a2b3547bfebccac7357b0a,cbab06c5976a687774aa85c1a6cc2f05,delivered,2018-01-16 18:05:23,2018-01-16 18:16:27,2018-01-19 01:42:39,2018-01-25 19:26:47,2018-01-31,dc1ffd302d6ad854b190c4b9309c1283,2018-01-16
187bccd4e95e2d51f099e6174311283f,e0d1023b561a622376880bc03708af44,delivered,2018-06-15 12:32:47,2018-06-18 15:57:13,2018-06-25 13:48:00,2018-06-26 19:08:38,2018-07-18,4fa04c71de24965845bc7f8ed1339f9b,2018-06-15
5b649740381032adc79831802d8d221a,9f953bb4452203555445d713827f1465,delivered,2017-11-04 11:11:51,2017-11-07 07:30:51,2017-11-08 15:46:59,2017-11-13 16:52:04,2017-11-30,f38e382731af9143e1321a49534c395d,2017-11-04
c9203e1cece67a652cfa58cec64fde76,e079000c5f880a1b8bbef83f057ca9b7,delivered,2017-06-20 16:37:28,2017-06-21 02:25:32,2017-06-22 13:06:02,2017-06-26 13:52:11,2017-07-06,41e0ca64dedeade38fc6180a11998e32,2017-06-20
c65a9006ea98064829711ea412e5d9a1,f16d750c9405cda886db8c3c60dc00e0,delivered,2017-04-10 11:02:37,2017-04-11 03:45:14,2017-04-11 12:09:40,2017-04-18 14:10:46,2017-05-02,5c8b41ba21631ca0432de4a10a56fcf1,2017-04-10
9cea6943c0d2ab67dc7bde8ab9b03f32,f346b807b1661ec6ca272e79fc2efa04,delivered,2018-08-22 09:09:10,2018-08-22 09:24:26,2018-08-24 06:20:00,2018-08-29 12:38:46,2018-09-13,ee3719b7c352b9582aae9f515946f207,2018-08-22
60058e743955ad0595c97a485d1737f8,36765a285b8eec317a265593dec379d5,delivered,2018-05-31 09:55:00,2018-05-31 10:14:01,2018-06-01 14:11:00,2018-06-28 13:37:49,2018-07-13,c924ad2632439caaedb00c269ac95bc5,2018-05-31
cf46c4a1a3f077bf5cd7e232b9bfb796,ca354beea5d55bb432fce7e6cbd5edd7,delivered,2017-10-20 10:46:34,2017-10-20 11:56:27,2017-10-23 18:07:29,2017-10-26 18:03:30,2017-11-13,f0911a59fdcd8b103c3c87226d8769c5,2017-10-20
a5546177a26b3a3c1f39c7c7225a0e75,b256f3b919271334224ad96cd9d33a2c,delivered,2018-07-25 15:17:58,2018-07-26 03:10:21,2018-07-27 08:26:00,2018-08-07 15:19:00,2018-08-10,50243d810c9d4d98304ef276022d9c13,2018-07-25
ff8bd473e4aaf9218bdcffd1a5b92a77,5eb5071a0658db5ffec8043466df8141,delivered,2017-05-21 22:16:00,2017-05-21 22:30:14,2017-05-22 12:41:51,2017-05-29 09:59:58,2017-06-13,b2789bbd1e8e71b6f4b16a2806dcdd11,2017-05-21
84529952b44a7b19788d9398f07b6eea,0aa7617c001d7897e1b3e1efb95dc471,delivered,2018-02-04 20:37:41,2018-02-04 20:51:21,2018-02-08 22:16:37,2018-02-27 22:52:29,2018-03-08,a44d8c451b62aee20189cf53906c9b40,2018-02-04
eff6d1823541bd02a75eb960685b0230,a5f596b7a0f0b2b04aea6e8c4d809be6,delivered,2017-06-22 12:55:01,2017-06-22 13:05:17,2017-06-26 13:32:27,2017-07-05 16:12:32,2017-07-14,edb7c3435d0e6dadfeaf333ba1199f29,2017-06-22
599c3870e523bd6be85a650381029959,241a9625091f3f11ea6ad6b3bad9a510,delivered,2018-07-23 11:20:03,2018-07-24 11:31:52,2018-07-24 13:11:00,2018-08-02 22:04:06,2018-08-22,3062bdce438d3d55da73b1cb60d328d3,2018-07-23
39e36f442707e044192658098a73ec27,24990bb0b93389a084c6a0a628f2b544,delivered,2018-04-08 17:32:00,2018-04-08 17:49:49,2018-04-09 19:22:50,2018-04-14 12:51:36,2018-04-25,4ddeefbdd502268d9c7223d31452481c,2018-04-08
237fe1628607420f6e0a5a4c4a64b298,00674fe0f6a6f190bd022dbca99795dc,delivered,2018-05-06 21:29:07,2018-05-07 15:13:44,2018-05-08 09:55:00,2018-05-11 18:31:18,2018-05-15,e6fe68d7c7867dac3659cb4a8e06880c,2018-05-06
94b3244b8c0ad78eb455a0638d92b351,4d809b5536eb462256a4cca3e1aa35e0,delivered,2018-08-05 20:16:48,2018-08-05 20:30:15,2018-08-15 17:06:00,2018-08-21 21:21:29,2018-08-30,a8b87e7f62a9a9276b516d8133061c88,2018-08-05
dd2213aace9f8e664ae43060775f86a2,e89fc69d6f19edffa2cb3dbec3312f25,delivered,2017-12-13 10:18:24,2017-12-13 10:51:45,2017-12-14 16:22:22,2017-12-21 19:42:13,2018-01-12,75fbc609112f94bbdc1cab45bb4bc16a,2017-12-13
9704b8f76b77e74be19dd79d9371b6b4,fc105fb8764574f55866fa877934c978,delivered,2017-07-05 17:22:50,2017-07-05 17:43:57,2017-07-13 20:33:02,2017-07-27 14:13:38,2017-07-24,c8f08a0e0d8bd51f9cd27119ee77e58f,2017-07-05
94df3783882793e592e84e1c2430dffc,87f4ffa28a4526f3eda93f8f991e431e,delivered,2017-05-01 16:48:27,2017-05-01 17:05:36,2017-05-02 14:08:56,2017-05-09 06:03:02,2017-05-29,759c4885e5172d44ab237e4be0e1c78b,2017-05-01
9aa01fd658d6e6794dfc650349c61735,1ec17945580956b4bd4b8389f93cc5a1,delivered,2018-03-18 17:34:01,2018-03-18 17:50:33,2018-03-19 20:11:08,2018-03-21 13:19:48,2018-04-02,6e8f75c008bbe43bb1c464d691c47db4,2018-03-18
d003080bcb95015f5bc092748ae52697,0927e313c410f8b7d64a99fb73360105,delivered,2017-10-03 21:08:38,2017-10-03 21:24:31,2017-10-13 21:42:04,2017-10-21 00:19:50,2017-10-26,2004ba7732339d9be65f2236d8887ae4,2017-10-03
f5c4e614e3b4378699e9bb00061816a5,d9622c31104d945612cdb1e6aac3e8c2,delivered,2017-11-23 22:13:26,2017-11-23 22:28:27,2017-11-24 17:42:05,2017-11-25 17:52:17,2017-12-07,794218e36dffc5ee79443dd3ec5a4ab9,2017-11-23
b1a4a414356b54aba115cf84a9536752,a57f8b3a7a542931353bc16d141e4787,delivered,2017-03-31 17:11:00,2017-03-31 17:25:08,2017-04-03 16:29:52,2017-04-07 14:03:04,2017-04-26,9f69f6dc4a2d8c04809c15f3a87f876c,2017-03-31
b1886110c1ae28ae4f81d9bc674b4384,e30fa490cbcc9a729fc955c34fdf6267,delivered,2018-01-11 16:26:40,2018-01-11 16:33:24,2018-01-15 15:13:37,2018-01-22 19:58:54,2018-02-09,9c1a26719d8d672bc56afff709c94d3e,2018-01-11
fdcbc941db4120521d0aae316f2f055a,c68f0eedfcaa1a44e88338a187e76275,delivered,2018-02-04 11:52:34,2018-02-04 12:10:35,2018-02-06 16:18:43,2018-02-08 20:33:08,2018-02-21,43c7c599a65abe43e55ff9c1deca6bab,2018-02-04
4c2da572497ba6e438bf4431c448092a,9df855aad44b6b19e9058410cbb4d95e,delivered,2018-04-06 08:39:52,2018-04-10 04:10:46,2018-04-12 02:42:36,2018-04-16 16:38:24,2018-05-08,10b500d102d70c16073e9d026a6251f2,2018-04-06
ee8e24472be0999597648d72577ae895,44b48c6caacf57318845ebda905fc24b,unavailable,2018-02-11 11:23:28,2018-02-11 11:30:33,,,2018-03-09,e405bba744ccab8e82ff39d08b954fcf,2018-02-11
4d28c569c6b1c56550cd20e1240d51cb,9d492180ae263f5954bdd0bf85fa5f09,delivered,2018-05-20 22:28:10,2018-05-20 22:58:17,2018-05-29 09:26:00,2018-06-04 17:38:25,2018-06-04,197d67e02ec7eff188344bf35f371cf6,2018-05-20
2124d1e1d8114cf8b7637b46d40ce9c2,3f56c3e805e0659f2691c78f4997c86c,delivered,2017-10-15 15:27:23,2017-10-15 15:49:08,2017-10-18 21:47:45,2017-10-19 21:47:41,2017-11-06,5ce85ce6008bfaf00df44dac7411b84f,2017-10-15
e01fc3338c40dc94ef890089c8deeffc,6d5173a8779c07d167c7479fd036717b,delivered,2018-04-10 18:04:06,2018-04-10 18:15:25,2018-04-13 20:48:48,2018-04-25 19:38:50,2018-04-26,e4f19ad5354eee4f632f8e9920fa25cd,2018-04-10
c6d494c8b8f23ab293d35084ce4babd1,6dd52a73b6f4356624e6622b1a1e1b5f,delivered,2018-04-26 12:09:44,2018-04-27 03:30:52,2018-05-08 13:40:00,2018-05-14 14:58:49,2018-05-25,649fbe95aeab656f55e55444dd3f1453,2018-04-26
102a6b13aa973c8c169ba1d62ffa4cce,fef16d4748e573e3e48809c20be99bb3,delivered,2018-06-08 13:16:40,2018-06-09 03:13:10,2018-06-11 14:35:00,2018-06-21 19:51:45,2018-06-28,04aedd3815fd63024eeb9d426a857d55,2018-06-08
232a2ccad012f3cb2ebe4ea479e0b1af,ddd680886f3e0df8eceaf99bd327495e,delivered,2017-10-09 10:51:59,2017-10-11 03:49:34,2017-10-11 18:22:27,2017-10-17 18:36:06,2017-11-01,145a1fff4c25fe7b4859f095712cf52e,2017-10-09
d776b075b96169ae9e7c789eeb991435,abb81fc0cb80ca9d4e384afc58e49717,delivered,2018-04-06 15:33:54,2018-04-07 02:48:23,2018-04-11 01:54:33,2018-04-24 15:32:42,2018-04-30,4ba3fc2bf6dd04b40cb624ad09c8cc8c,2018-04-06
d06755faae98d8d12f395a11570f10ec,f36884f57905aeb942b296f97c63330d,delivered,2018-06-26 10:45:35,2018-06-26 11:19:07,2018-07-05 14:02:00,2018-07-10 18:26:42,2018-07-30,1a281fe9f53ee457dacd2c9e8ccf861f,2018-06-26
5fdfdf9c7e10eb512c9ba20fdf28e632,3af72eff337f394f1da7588435bdde2e,delivered,2018-01-10 19:34:51,2018-01-10 20:08:21,2018-01-11 21:23:50,2018-01-27 17:36:50,2018-01-31,c573683a21c3eb8633e85072e9e65a59,2018-01-10
c140905304357feaf8b66f88734561a1,caaee91bb5b342e7363dacca6cc4b1bb,delivered,2018-04-06 10:38:01,2018-04-06 10:50:21,2018-04-09 15:58:49,2018-04-18 16:19:19,2018-05-07,b7f7fb7f6a0428fe6020dbae9446b085,2018-04-06
c3d4a434cde1a90cd2ca37244c83ed0d,c6633b67487952b89d6c2c34f8b4bb50,delivered,2017-06-09 10:08:50,2017-06-09 13:35:12,2017-06-14 16:43:58,2017-06-19 20:19:56,2017-07-06,0666ba861e36a64cb905ec389d630357,2017-06-09
6a5f6e137c8ecd4e1389645cfee6182b,dd9e4c1eca6003eba8ada3a5b1484563,delivered,2017-10-07 17:56:41,2017-10-07 18:07:25,2017-10-10 17:30:18,2017-10-16 18:42:27,2017-11-01,ccc16e746038bfefb5825bd6d55a6f37,2017-10-07
a1b9ef764d1de3a283a1e60320475964,6de7b73a97f0c187c0f163027139388d,delivered,2017-09-28 12:03:33,2017-09-28 12:24:27,2017-09-29 21:04:39,2017-10-16 20:33:48,2017-10-30,4fa2076143416d9d21715729a1828c63,2017-09-28
c1430335dd0a7398955a56bcd1ecb510,19a5ad83696253b7997c545cb5a3130c,delivered,2017-12-27 09:20:18,2017-12-27 09:28:26,2017-12-28 21:49:19,2018-01-16 16:39:45,2018-01-23,4cf3f56460e76fd3f2ebd3acda22652a,2017-12-27
8273fd6bf6d04443265e6f244f8a6fe9,8860612bf15c90f98db7e4721101f944,delivered,2018-06-20 00:45:58,2018-06-20 01:18:51,2018-06-20 15:24:00,2018-06-27 16:58:54,2018-07-17,4714b1441a8d4cb9a30441cba4cf9b91,2018-06-20
6b5c527f8d210097a9cfaddd7bf4ec94,6956947a848550caa689ee8222a11c4c,delivered,2018-01-07 23:11:47,2018-01-07 23:27:31,2018-01-08 19:47:16,2018-01-09 21:39:56,2018-01-24,2fe623e768f2c27101af6d31668cf9a2,2018-01-07
657f263221ced6c31242141877e13f66,ed7bb266e71b90678e745117c592d9e7,delivered,2018-01-16 13:16:39,2018-01-16 13:30:20,2018-01-16 22:38:00,2018-02-15 20:52:23,2018-02-08,53b50ff62f179c6a3ba2396e6c360666,2018-01-16
1515cf99add38d4baa19a14346e25b31,d9d7bb9302c367829891b1b1f9361659,delivered,2018-01-16 14:12:13,2018-01-16 14:19:22,2018-01-19 02:05:32,2018-01-25 19:37:47,2018-02-06,b778c913f1aeb04dfcb4d342833c22a8,2018-01-16
a822bdce05aae4a72e40171aed06096d,0ff52546be432c8346d431ad81c0a029,delivered,2017-08-16 08:55:30,2017-08-16 09:25:17,2017-08-16 19:54:45,2017-08-17 18:04:52,2017-08-29,777b6530452e6440ba562f074e34eae5,2017-08-16
8ac178356c346ebe393c8a54ae38ea3a,5a87d99b3d3b84811076c7a1c5bb54c5,delivered,2017-11-16 21:14:32,2017-11-16 21:33:59,2017-11-17 15:26:45,2017-11-28 00:18:35,2017-12-08,dffdd317f3feb13ef1d003cf0a2612b0,2017-11-16
4adf69cec5c1814bd171dafc4c12ba73,d1739c719a801a392578b4a8e7902837,delivered,2017-10-02 10:35:14,2017-10-02 10:49:40,2017-10-04 17:13:09,2017-10-09 17:46:58,2017-10-27,6d65796582835e3fcc5fcdae4c8e17f7,2017-10-02
8c4c8ec2a3220400b0dd56f270c90eea,5da77fb0d792edcaf3d2f6bfe9d65b5d,delivered,2018-02-11 11:01:47,2018-02-11 11:10:23,2018-02-14 15:35:58,2018-02-22 18:56:43,2018-03-09,b9e68c31cbd9b2c136d6efbe1b0d0bd4,2018-02-11
41707ed875aaa6861979c1a2a8dfa9d5,b0ec3894ce1e2d319363928f8b4649a4,delivered,2018-06-29 10:09:36,2018-06-29 10:31:59,2018-07-02 14:24:00,2018-07-06 14:43:32,2018-07-19,a7d4d952c0fcee82d59197e8558d60c1,2018-06-29
5c35bf8376a214c893fc0bb5345cae94,0554c3266a8eb4ba8b72e3a559d418d9,delivered,2017-11-30 02:16:19,2017-11-30 02:35:22,2017-11-30 17:48:09,2017-12-08 01:03:54,2017-12-28,edb73fb9e9c6e283badde40e37f5c9e5,2017-11-30
cdaa3fb8ca6c3e104eb00fe8a33c88f6,8929d4982f67133e36841637ee6f354f,delivered,2017-12-01 08:44:58,2017-12-01 11:31:24,2017-12-04 15:29:08,2018-01-03 20:12:54,2018-01-05,27808c110b4a1fe559638bf911ff227d,2017-12-01
80ab91a3eb74b9f60c88ccb65e86197d,4297418af8f60c03bb773fb1181f77dd,delivered,2018-05-10 20:07:00,2018-05-10 20:17:44,2018-05-11 12:52:00,2018-05-22 18:54:24,2018-06-19,5531c5cc7089dcf2a05e8b70fe7092f3,2018-05-10
0eca887c933337f93c861dd445390720,e90d7b4a637d8c58d8ac83fda7726673,delivered,2018-03-17 10:05:19,2018-03-19 07:50:43,2018-03-29 20:17:36,2018-03-31 19:34:26,2018-04-16,ff7e4c6d850a75c37a13d0bfcdee483e,2018-03-17
0fb0e71d92a103ce203e4b32be458d9b,71e993ef101217dfb733f56e8f99cc20,delivered,2018-08-07 12:46:47,2018-08-07 13:04:45,2018-08-14 12:09:00,2018-08-15 16:38:45,2018-08-13,eae27b5d35951bf2e2317457f4d47ed4,2018-08-07
8b693238573589337ab106bbf08ed2b3,a8d9f64aec9cce8f0dee0b9f449e5dbf,delivered,2018-03-08 16:12:38,2018-03-09 02:31:30,2018-03-09 17:32:04,2018-03-26 14:32:26,2018-04-06,1240e81664155a7ac071b0cc6be04f45,2018-03-08
c5dc5eee680080a268100b420f8e960a,0f4ac644739f6e49175bb1baf0277b8c,delivered,2018-05-31 15:33:14,2018-05-31 15:51:47,2018-06-04 14:34:00,2018-06-05 22:08:23,2018-06-26,f0dc4035c184f9d29bf0d74c8a57aa9a,2018-05-31
28f95fbaf018fe02fab079f4a7bd5815,541d2099af6bd275df6be724ca638452,delivered,2017-12-08 09:14:36,2017-12-08 09:30:34,2017-12-08 17:17:55,2017-12-14 20:27:47,2018-01-08,906d6d721c7f2d70fcd6fb996ad42919,2017-12-08
1a95c6f54a52a5b725f80bdbeac6cfda,5ad3fce8e3abe6a24c08115372f307dc,delivered,2018-03-28 19:28:24,2018-03-29 19:27:51,2018-04-04 23:51:29,2018-04-16 13:32:16,2018-04-16,2a7b441f70445524d878a31370acf548,2018-03-28
bb5849f8ba21da43ffa31ea52ba81b37,bd1a163012abbb431a551fa95aab940f,delivered,2017-03-14 13:40:28,2017-03-14 13:40:28,2017-03-15 08:07:35,2017-03-23 17:17:00,2017-04-04,68ec0f3e251cbb167c4d8263f44b8696,2017-03-14
e54245d9ada10a3d2910565a0bc2fdbf,811304598ea0c428e694dd8a6ded84d1,delivered,2018-02-17 22:10:09,2018-02-17 22:26:31,2018-02-19 20:25:15,2018-03-15 14:41:50,2018-03-16,cb18f08f70479ab42bef6dab2dca1188,2018-02-17
639c3cf682625ef18cf4539bcb0e510a,78e507bc638584ef237fa084dc2b5e42,delivered,2018-07-13 14:52:29,2018-07-17 04:32:29,2018-07-17 12:42:00,2018-07-24 20:41:48,2018-08-17,fb8d2b3c452a3d6f3f371219f636bb31,2018-07-13
8682a030870edcce6a8b8299b68aa4d6,626ee03ce70d55d537a1e5d9f2072261,delivered,2018-07-29 23:08:40,2018-07-31 04:31:27,2018-08-01 15:45:00,2018-08-02 21:21:57,2018-08-06,5bcb3b3af07be38f0a4ed0433745481d,2018-07-29
9d70de973b8b083b57fc62f12634f914,0c2f74f093d807cf61e0efa724e6978e,delivered,2017-02-06 22:25:58,2017-02-06 22:35:20,2017-02-07 14:55:23,2017-02-21 12:33:37,2017-03-15,8e1dd089152c63b8853df378a109d765,2017-02-06
b48681f5e795989ee7e78953269720e2,713ccf2c8b341b2b1c0796960ae93fb8,delivered,2017-09-22 10:06:28,2017-09-22 10:28:02,2017-09-26 13:52:22,2017-10-05 17:52:31,2017-10-24,70755e5b9df5988f592f3dec6279f1be,2017-09-22
cee9b5953fbfa530733f94ddce959a15,0015f7887e2fde13ddaa7b8e385af919,delivered,2017-07-31 11:05:46,2017-07-31 11:24:56,2017-08-01 18:56:51,2017-08-08 20:53:03,2017-08-24,866c923cde750dfc8cfbcf9d5ced0ee4,2017-07-31
3b61275de41f60d8e48bef3f42ac8bed,cfea8643620e714a7f1344226e2bc21c,delivered,2018-06-10 21:08:01,2018-06-10 21:37:08,2018-06-11 15:17:00,2018-06-13 22:28:41,2018-06-20,a81f69b81336c62eec8de5b0c2996e02,2018-06-10
2b83df43770dbcfe61c406dfc453068c,2188330a60ec2a9c8e9a20c5264c4bfb,delivered,2017-09-29 18:18:16,2017-10-03 04:14:15,2017-10-04 15:53:14,2017-10-11 17:48:09,2017-10-27,74dd713d902aa050a3628a3ba12b5126,2017-09-29
a0469b6e4b00520b86b346163905059e,bc3d67baa9151394d878ae0c0ca545b7,delivered,2018-08-16 12:37:38,2018-08-16 12:50:20,2018-08-16 14:03:00,2018-08-22 21:18:39,2018-08-27,6e76634fa3513f8ae8ac50b397571590,2018-08-16
d3f9898585d009b6f743c6c53739232d,4ab32cae3ab517dfd9db1103b658575d,delivered,2018-01-14 12:23:16,2018-01-14 12:35:28,2018-01-16 19:09:48,2018-01-26 23:31:59,2018-02-15,5a49489ef92cdd53d89ead5476bd3f65,2018-01-14
8d62f7dee37e4ec2dcd3843812005016,39b8943d34e2abdf1d9a7433b6342fa6,delivered,2018-03-22 15:08:15,2018-03-22 15:15:44,2018-03-27 20:52:32,2018-04-04 18:45:26,2018-04-27,5d6aa18fd5cf54751108738dac757cbf,2018-03-22
ba4630480d9cb693430e8ee1e82b9c7a,d7a4e554d11cb0d1f2695ec77f8fefb8,delivered,2017-04-10 23:29:46,2017-04-10 23:42:09,2017-04-11 17:16:37,2017-04-20 12:03:14,2017-05-15,a9e6363f36f640221fb0bea8973f64ea,2017-04-10
4d9398d65f7b55527d3e69ad7ff3622b,8c17ec1341bfa1d826f156e6148469a1,delivered,2018-05-07 08:58:38,2018-05-08 19:55:21,2018-05-09 14:35:00,2018-05-17 22:54:55,2018-06-04,6dfe3210cfe2b4a393943c1be2957198,2018-05-07
f623347913bab0b18cc51aa736f16c2d,5a73cbfaa5062824202c66b6d32f2ccb,delivered,2018-01-22 08:22:42,2018-01-22 14:12:44,2018-01-23 19:09:43,2018-02-01 19:04:44,2018-02-14,ed4f4e3f1bad7bc2fc98f8834ad21801,2018-01-22
1997d8e0fb0e3c1ffefac2b84bde7662,baaf9e2d0a88e523c46ae1a760bf0eb9,delivered,2018-05-07 10:45:57,2018-05-07 17:56:17,2018-05-10 16:16:00,2018-05-16 21:22:30,2018-05-25,3a43af6775cec872d9a3c80707eb3336,2018-05-07
bf4b7d92cdd615c46ada44becb184823,9e1e8d9f72fe02fdf424655e63bdf38c,delivered,2018-01-12 21:25:28,2018-01-12 21:36:29,2018-01-15 19:24:56,2018-01-19 12:11:23,2018-02-02,2dc2f6066939c0128fba16d6e69b33df,2018-01-12
9cb560230b18aed833770219fd165e16,4a12498b256c30e2e59cf2ae246222b7,unavailable,2017-07-12 18:26:00,2017-07-13 02:55:33,,,2017-08-01,f988e05b9c8653f57178a723dc42cfe9,2017-07-12
923d5b9c9859803b77bebedfbb23e6cb,5c5e827a07f0417ee449071f0a3a7052,delivered,2018-08-13 10:05:23,2018-08-13 10:24:21,2018-08-14 11:46:00,2018-08-18 15:38:36,2018-08-28,6976f84ae2c2580fa6a0a07b3ac31872,2018-08-13
c3ce241c7faaab3516a3c9a1abb30c75,75193d47d5ebcb53aa34ebf1956e2e61,delivered,2017-11-25 14:38:49,2017-11-25 14:55:54,2017-11-28 13:39:00,2017-12-13 01:58:38,2017-12-19,5cb1f776aa2275775cd78dcee46d711c,2017-11-25
96aabbf6c7fe4fc427862aa6db301f69,d1ec770c0d3921b84f96197901a9b213,delivered,2018-06-07 11:32:23,2018-06-08 02:56:15,2018-06-11 14:56:00,2018-06-19 20:10:53,2018-07-04,b5e0e3c706efb77b54e98df6254c2767,2018-06-07
24cb2cb9a2ced76369e359626d439ad8,22a2d16b5407542b249057fcbb95f121,delivered,2017-02-14 13:54:15,2017-02-14 14:05:25,2017-02-16 13:18:51,2017-02-21 15:49:04,2017-03-13,5d42fb6951f785071c35e2ff65271b8e,2017-02-14
c9882bc63e40be5cdc34d7274bf89761,260182b30490f385e08d9d9a755cee2c,delivered,2018-04-05 11:12:15,2018-04-05 11:28:17,2018-04-05 21:58:50,2018-04-06 20:21:59,2018-04-17,3f5408ae28a3106340025fff94435ccc,2018-04-05
1bb86f8d6d2967cbf88b8a487d536e43,4737d20c64ded974df739986ba44244c,delivered,2018-06-07 12:44:20,2018-06-07 13:17:32,2018-06-08 16:55:00,2018-06-23 00:26:35,2018-07-17,e362e9f3947b2f88f40b5d650defddb3,2018-06-07
5340b130e66f95396ce83ee3f6d36ee4,d98ac826b20bce9ec55627b63505214d,delivered,2018-07-28 23:15:29,2018-07-28 23:25:16,2018-07-30 15:22:00,2018-07-31 19:41:14,2018-08-06,d7bd7401d20d7758649f0336ba42aa32,2018-07-28
74cb3fb0fb72d32590b7ce142be2a3e6,acf3736030b77c384568d4c35bc199f3,delivered,2018-04-10 11:05:53,2018-04-10 11:30:05,2018-04-10 23:06:25,2018-04-17 14:29:24,2018-04-26,55901a30ddb1a6b4344b8fa76c043bc4,2018-04-10
5e0238f4a57ea0c2a69aad35627b57f0,09100e2874da1289c4f337ab2eb27db0,delivered,2018-06-08 00:37:44,2018-06-08 00:56:39,2018-06-08 13:17:00,2018-06-11 20:22:46,2018-06-26,b87b59346384aa3caf4082b06868c96d,2018-06-08
9574b288490bcda13e1fd8f75a319bc3,db2aa09091760daab8e171c5575ec2c6,delivered,2017-02-13 09:32:48,2017-02-13 09:42:57,2017-02-16 03:04:56,2017-02-24 08:53:43,2017-03-14,730c088be78c9a04bd52b53abe69c773,2017-02-13
44bbcd212c259d0ce5f8a9eb94084757,64d6315d8cffab9a6e494254f1297700,delivered,2018-02-09 13:48:58,2018-02-09 14:09:04,2018-02-15 10:53:49,2018-03-05 18:18:38,2018-03-22,f3e261bf718cea11c86b06c85b74aa5a,2018-02-09
c36e2db3e1489ff9c460ec23cc65af44,87279ee4ad47e57bd884877c18ad1f4d,delivered,2018-03-06 11:35:19,2018-03-06 11:55:26,2018-03-06 20:56:26,2018-03-09 00:06:34,2018-03-16,33e803919107edcfb61c7757d38984b5,2018-03-06
ac5ad4cfc85f922013597f80a6c59099,4cdfe57e4d764c5f21beaf377175c19f,delivered,2018-02-27 17:28:04,2018-02-28 10:15:42,2018-02-28 19:32:52,2018-04-11 15:48:43,2018-03-19,7afe64f73d0b6a3baf6b454b767c9891,2018-02-27
a8a92512496f02da00cf23fc2066121c,e500ecd3e20aa548a181842d8b0802e5,delivered,2017-07-05 15:39:17,2017-07-07 02:50:34,2017-07-10 19:54:43,2017-07-17 21:12:35,2017-07-28,88d4a0d8f4e8f3637e0d191ff7350796,2017-07-05
f83e640575b80ecea64f0a11d55148dd,34c3b0bf0429912964bfb5cb7216a7d3,delivered,2017-10-20 18:32:41,2017-10-21 03:07:09,2017-11-01 20:33:41,2017-11-14 14:12:26,2017-11-21,96af696fe1ee6d34216bbbcdb667f5c5,2017-10-20
c75a90e6201220dc506387228d8e0e54,1d6db6bde1eb5d91ce0063247e6d6303,delivered,2018-06-28 22:41:54,2018-06-28 22:50:11,2018-07-02 12:17:00,2018-07-03 21:33:06,2018-07-12,9994c20869d514b0a92666d2681e4ec1,2018-06-28
a8da750ead7290b859a6b05d62c9522f,c55e53a071e7aa2413545c5f720be9b5,shipped,2018-03-09 19:49:16,2018-03-09 20:08:55,2018-03-12 20:04:34,,2018-04-17,267eaeb75f250cbb74d2fb8d92dbeabc,2018-03-09
56f708dbbcd371c568332d3dc8dd5c09,1987d61027f43991f51dda7d9c901387,delivered,2018-01-12 14:38:24,2018-01-12 14:48:18,2018-01-15 17:28:00,2018-01-25 20:33:12,2018-02-06,c7f21fc1e9f79243880476a702534a1a,2018-01-12
c87eecae26103ac43f825bef3b6a36f5,7d25a7383b0544d7976ad6d7bfe57dea,delivered,2018-04-12 14:34:23,2018-04-12 15:15:18,2018-04-13 22:12:04,2018-04-25 18:22:42,2018-05-07,4be6b24744c76cedc9191c3ee718009a,2018-04-12
63a2ef605ed6a193d40b312ca1b014d5,a95ad7bcbf76f95fcb884dfdfa84ae68,delivered,2017-12-11 20:45:53,2017-12-13 21:10:46,2017-12-19 01:48:41,2018-01-06 14:05:54,2018-01-15,752e16eb96c1372769f734d8ae79f23e,2017-12-11
32ff69b01e56a350a0f80a25dcd93165,478906b67f7916ba12986c386406054c,delivered,2017-02-15 15:54:35,2017-02-15 16:05:18,2017-02-20 13:43:53,2017-02-23 13:18:10,2017-03-20,46c812ac0c89d276c6ccbe04a8817c50,2017-02-15
d000351234683484e2ef3ad59427bbba,dcf46089490159ec0c275d8797bac8f4,delivered,2017-10-22 11:14:51,2017-10-24 03:35:12,2017-10-25 20:37:36,2017-10-30 15:15:20,2017-11-16,16a0948fe61aba3b2615a7bc8f8d38ee,2017-10-22
1491a4777b694dc4c2e8916fd9a99b1e,d23d90c1f2e9ef50c8536ac262199950,delivered,2018-01-19 18:25:30,2018-01-19 18:35:20,2018-01-27 15:28:45,2018-03-02 18:18:36,2018-02-19,f2c865ff8ec6136fca966c076e116968,2018-01-19
059b6e617cb9675ad8bc74b7aa750e7d,6cf015566aff008af26f65b0c770318c,delivered,2017-02-10 19:42:58,2017-02-10 19:55:09,2017-02-13 01:57:36,2017-02-21 07:41:41,2017-03-21,0ac6c093f86d5fddbc2bd9999e49ee72,2017-02-10
fcf3478bc90a1b2e214d529d0455dc1e,99b72b76d26475c4412b8d88c363b066,delivered,2017-02-10 00:35:08,2017-02-10 01:05:19,2017-02-21 07:38:56,2017-03-02 09:18:56,2017-03-20,7b5c1689e5fd48554085de27aedf8285,2017-02-10
1f8db122bf153dee50f12c5e38144665,f148779d679989e84bd75cb146a827c8,delivered,2018-02-01 13:32:27,2018-02-01 13:48:56,2018-02-05 20:57:49,2018-02-15 21:22:14,2018-02-23,6993cc9545f03b4080afddbf06c2b529,2018-02-01
50cb3b5a9be182d708715a0ea7d488b0,7b198042e64fa9e4dcd07ee294f0db65,delivered,2018-03-14 15:59:17,2018-03-14 16:10:45,2018-03-19 18:27:35,2018-03-26 17:17:40,2018-04-05,ec40649c0df3b701f86016181b1a36c6,2018-03-14
8b5a2d60eee784b4c2f3c6d1f6e8811c,c8e34c509fee92d0749bfac1ceb497a4,delivered,2018-01-29 13:09:33,2018-01-29 13:30:12,2018-01-30 00:16:46,2018-03-02 22:11:53,2018-03-07,698a9cafcc15cac8cdbaee64adc6efbe,2018-01-29
8ee6bf77ff42839762f8907348ea50a6,74d2d8f3688a2c54c9ee44080973f60d,delivered,2018-01-03 10:51:21,2018-01-03 11:07:24,2018-01-05 20:35:00,2018-01-17 13:42:41,2018-01-30,05edb10f73fe7d03959ff26540913b3a,2018-01-03
ddcf5361d96d9fccf2ad351bfb96a58f,86f246f821229e7c842956b947dbcf46,delivered,2017-03-17 17:41:58,2017-03-17 17:41:58,2017-03-21 08:08:16,2017-03-30 11:58:29,2017-04-18,29546913c7ddfb92eea6febf18db9f13,2017-03-17
1ba88b07e29193945dafa8c04f4ea642,c9fb84a1ae7d2d55786603bff29808b8,delivered,2017-09-13 17:59:56,2017-09-15 02:26:04,2017-09-15 18:22:42,2017-09-26 17:03:31,2017-10-05,d447fcbee131a9fe4955aae76005a7ae,2017-09-13
900ee0470f53ec2e4e4a50a57b06a85a,131fc1a18874ae3381d8b4d6d920bd5d,delivered,2018-01-07 10:14:42,2018-01-07 10:27:26,2018-01-08 14:17:49,2018-01-30 20:38:07,2018-02-08,f1e56bb9287a0561c5d62746ea0fba80,2018-01-07
10615b9256577b6707f424e16f40faaa,a11210008a18cbd61be90944ad6bef56,delivered,2018-01-23 13:11:22,2018-01-23 13:37:12,2018-01-24 18:29:14,2018-01-25 23:42:17,2018-02-07,a992d4d854f7dced76a672b7b0e2aa4f,2018-01-23
cd152c10c2b137322bd87555c0553c16,70be873b5ea39f7ceb7bbc4d478c3f31,delivered,2018-07-04 15:22:38,2018-07-05 16:20:07,2018-07-05 14:05:00,2018-07-09 13:34:22,2018-07-17,71edffd0ca6a58d10b5d45d3c2eebe98,2018-07-04
ebb30219be9942791cb365838ca0dcc5,0b740973d0afec9625bbd885a48c9faf,delivered,2018-05-08 12:33:53,2018-05-08 12:56:53,2018-05-09 13:31:00,2018-06-01 19:46:31,2018-06-04,3c166bd80203dfb723ba32f64bedd87b,2018-05-08
38db3f25d229356a18d8edf5a7bb4227,bfc623ffc9513b6aaafeea1c02bedf21,delivered,2018-04-11 14:38:48,2018-04-11 14:50:19,2018-04-17 12:44:25,2018-04-24 03:11:57,2018-05-04,c2427ffe4d59c79d5d5dc66b78ed3f84,2018-04-11
45881387721786e660460cd8bfcb2010,bd7ca23c050b88950225b16f05d65e35,delivered,2018-04-16 20:41:12,2018-04-17 14:11:40,2018-04-18 12:38:50,2018-05-10 14:06:43,2018-05-15,1985f70726392d294f0c9a247cb95590,2018-04-16
0af96849112c968e7764ac7f17e4f9f7,83921c0d0f7fbb56e05892c41d5a2445,delivered,2017-02-23 16:55:51,2017-02-24 06:50:49,2017-03-30 16:39:56,2017-04-05 09:48:08,2017-03-16,e1cf735f320c9870c2046dbbc634fcec,2017-02-23
33d470ee269df634f8a69cd40ee2c170,1f54c6618660cad09cfa77c20f05e825,delivered,2018-05-04 15:24:50,2018-05-08 04:55:06,2018-05-08 13:53:00,2018-05-22 00:48:53,2018-06-12,7c474edbbab14e8f7637927815b02aa1,2018-05-04
0618bf2e52dc2aaefd882d186558e642,10177dc3aea2feb6100db360ddc9192a,delivered,2018-04-08 13:00:48,2018-04-08 13:10:23,2018-04-09 23:34:44,2018-04-14 17:03:15,2018-05-04,a115aef3917ee6ea750d2fc7d975a4a8,2018-04-08
872d9bc40126d71fbcfcd18895ae2cf7,c33344c245a3c183867511f96b701e40,delivered,2018-04-27 17:04:53,2018-04-27 17:15:31,2018-05-07 13:31:00,2018-05-14 21:04:11,2018-05-25,c9ddb98e430dc7f657ea35a05afbee22,2018-04-27
0c734449f0a8246894a537f0d4355dc8,6e36e65ac8a2d6648fe31c13aa4e7b42,delivered,2018-06-14 02:20:11,2018-06-14 02:57:34,2018-06-15 16:38:00,2018-06-29 15:18:49,2018-07-27,1b359b38c83520c3d4a8518ae0a7e304,2018-06-14
c6debc710c2b29405098532721c1a42b,15e8b23dbf6e9303bd7e59332049dd53,delivered,2017-04-10 11:18:24,2017-04-10 11:30:18,2017-04-10 13:17:48,2017-04-19 15:14:30,2017-05-05,c4e292752e8cf777263063aabc49b847,2017-04-10
5adc5247dae5445e0e95b51b2d29ebdd,d73ee7b90a120f091a66715a34196d31,delivered,2018-07-29 11:18:31,2018-07-30 18:31:21,2018-07-31 14:30:00,2018-08-03 16:37:37,2018-08-20,c5f6cb97cd0c81529b9e8a239274f898,2018-07-29
b8cf888c89bf19c6b6483fa79b0b13bd,25af3eee6a8c3cde69480ef02f135957,delivered,2017-05-09 13:57:38,2017-05-09 14:10:11,2017-05-12 16:49:32,2017-05-22 12:16:44,2017-06-05,215e81304459427c1cc8a7390754a4c8,2017-05-09
2ec2bf93089bad17f6951b34c3763928,82829411038c21f87c23d8a785ed1ead,delivered,2017-05-07 17:33:31,2017-05-07 17:45:18,2017-05-11 09:45:01,2017-05-26 09:34:36,2017-05-19,8d4a3abcb7e9d853da6aa394849ab602,2017-05-07
fd5dcd7ef5f731d33e85a73c6a76e4a9,98b6834cd613456c3c7f38402ef94cc1,delivered,2018-01-04 17:54:28,2018-01-06 13:48:31,2018-01-08 21:27:15,2018-01-16 15:46:00,2018-02-02,73ee63525fe8fa40efd8d24b5d07647b,2018-01-04
56014565a50cd432153bbf6a24b8bd97,d0ec6b822c81c55e3adb5339ae509b1f,delivered,2017-06-16 20:37:28,2017-06-16 20:50:20,2017-06-22 08:16:35,2017-06-27 15:52:21,2017-07-17,6f95381c57ad6ad5554287db77a72116,2017-06-16
547b80d070dd9bcffd75e40b0230280b,87852505ac66e288f4d4cd20c1a4ecf7,delivered,2017-11-09 20:03:58,2017-11-11 02:50:50,2017-11-16 13:42:57,2017-11-22 18:21:19,2017-12-05,617f3ccfe74e018542b41130ef76567c,2017-11-09
6ab534505fb57203e69d50a39a28603f,e5b5cca1233647157ad0336d76996bab,delivered,2017-09-20 08:29:08,2017-09-20 08:45:18,2017-09-25 16:56:10,2017-09-29 15:08:25,2017-10-11,cd44ea2fe8283f4748c87f7d52e38278,2017-09-20
7459e9507588bf704829087454fd707b,5bcf79ff100effd92013b55e05f04869,delivered,2017-09-12 09:22:25,2017-09-12 09:35:17,2017-09-14 18:33:29,2017-09-25 22:31:59,2017-10-04,0e37a80826485260170d428b06df0ab6,2017-09-12
e4592cc0fdfbd50be507ff1d1cc7f7e4,beaf0015a19cd60aa3c7d4a6bf252ee6,delivered,2018-01-08 19:26:44,2018-01-09 07:27:09,2018-01-09 19:44:21,2018-01-23 15:41:44,2018-02-02,8b4e36d49c6464d8075a121c01037f85,2018-01-08
abfd18f163fb20366cc66f777f24d2d7,9c858642bbd041a9ff9ae3864d9724f9,delivered,2018-06-18 18:11:24,2018-06-18 18:38:06,2018-06-25 13:48:00,2018-07-09 19:34:34,2018-07-24,47544ae3eefc23e1a2396c3154d9cfc9,2018-06-18
b7c7e92c0538642c5ac9a8cbfc098092,f5697523255562952cd0c53fa159858b,delivered,2018-07-31 13:35:40,2018-07-31 14:31:53,2018-07-31 15:06:00,2018-08-06 22:28:26,2018-08-14,f111bf90c03ac2e53934d02b1eb7b3fe,2018-07-31
68517b95130ed0ea1dbcc575b88d6a9c,f09f554198d748578c957bcc58291e08,delivered,2018-02-17 12:41:53,2018-02-17 12:50:26,2018-02-20 14:03:09,2018-03-19 16:37:38,2018-03-14,fbb25ad1452fbf7e073a084f8c2cbda6,2018-02-17
57a5ac0ae701a52922d4378152012f08,f0df035699e5e64a1bd7887457cdaa23,delivered,2017-06-07 16:27:51,2017-06-07 16:42:26,2017-06-08 20:27:18,2017-06-16 13:17:43,2017-06-30,a4a8a0ffa69cef5cc378f100bab02470,2017-06-07
6a35ef78926f1554520fce289fd49517,0623437ca922068ca17015ffa16c9733,delivered,2018-01-29 20:04:32,2018-01-29 20:35:32,2018-02-02 01:18:11,2018-02-14 16:32:38,2018-02-23,7c6df47290e2b7f87b1b9f8606a2c68f,2018-01-29
5e76d3cfcb1b71a6a78fabf6ec3ffb73,e5080a949c5c6925aa8b54b3f72bd8ba,delivered,2018-07-06 14:37:32,2018-07-06 14:51:15,2018-07-10 07:51:00,2018-07-13 22:08:43,2018-07-30,2d9ec110d285f0e7c501933dc7fed4d4,2018-07-06
781f0600f5db24d6986577216c1dda05,b314f61ce490f69d09a150a40b0872e4,delivered,2017-11-26 20:52:35,2017-11-26 21:13:32,2017-11-30 23:02:05,2017-12-13 18:52:37,2017-12-18,1f5fbde4ce7188872a5f4521dc3c636c,2017-11-26
ea5ed9fcddf7faecd1b82db7841fa558,63a900df8e32262e9137d1ab5d4238f0,delivered,2017-07-04 13:14:28,2017-07-04 13:30:18,2017-07-06 07:27:38,2017-07-12 02:14:48,2017-08-01,63cca7e36e792053f7ec566ef2445f43,2017-07-04
d4c18b8b231657cfa6a0a7553052430f,c40f2e43a18cc547a7ce187df484d641,delivered,2017-08-22 23:49:00,2017-08-23 00:32:28,2017-08-23 19:28:02,2017-08-25 23:12:33,2017-09-12,060e0b81f5dd707be0324b36479fffa6,2017-08-22
9177059e7749a43b26a44a14a313811b,1aa9c6c30f65c5f6d84e48490b46ac86,delivered,2017-03-18 11:12:46,2017-03-18 11:12:46,2017-03-21 12:36:30,2017-03-30 13:57:06,2017-04-10,21727926acebd06a4d2aa3430eb831b2,2017-03-18
bd9629bd5c3db3606ff891c6314be67a,40a7f711d403185fdc7517b5e7a0a2e0,delivered,2018-06-15 10:07:16,2018-06-15 10:39:38,2018-06-15 10:27:00,2018-06-20 22:31:48,2018-07-11,801d74763e618071fdf5b8ede04b8132,2018-06-15
76b4763b4e176f7859739182dcf5ff2f,d0412a3782a6a8bcc605dc421bf01f9b,delivered,2018-02-05 11:20:50,2018-02-05 11:30:31,2018-02-06 19:49:03,2018-02-15 22:05:54,2018-03-01,d9616a71aabda7c5e7cbfda3bfbc2d1b,2018-02-05
f5b172630b8444484feaaa1fcd33937a,c51d37418f72905477f2fe45d209004c,delivered,2018-01-04 05:39:58,2018-01-04 09:20:36,2018-01-04 23:32:45,2018-01-12 21:46:36,2018-01-30,6eefa309faab7725bf4b9dce147e4ae6,2018-01-04
fd651b5d45523bedc2076c015e66b6ee,6433ce3c89daca2222c79192295f8ec4,delivered,2018-03-05 18:17:44,2018-03-07 02:48:56,2018-03-09 23:18:25,2018-03-26 20:47:33,2018-03-27,dfe23c62b20fc4def3a9664aaa31bb9f,2018-03-05
b8871d60cf4ec81490da7658b25c1c04,98320c18e7b0f0ad33ae1283f6482237,delivered,2018-04-30 12:31:24,2018-04-30 12:54:26,2018-05-09 06:11:00,2018-05-18 20:32:05,2018-06-01,c4912bc35e8078d9238b56975dfdf104,2018-04-30
89a591b9a088299ff2b3938b877f3ea3,f28fb10fe125fccf7e960e9e6cee6252,delivered,2018-05-03 21:22:09,2018-05-03 21:35:24,2018-05-04 13:40:00,2018-05-20 12:12:42,2018-05-25,e3bc7de81331a03e65da82004d4bcc63,2018-05-03
73999a9333e138c624bc229c8b5a5301,8645ebcb173665f4205a188b1ee79b20,delivered,2018-05-03 08:51:08,2018-05-03 09:12:26,2018-05-03 15:19:00,2018-05-09 13:16:52,2018-06-04,38f0c53a7fd6bd2a1727f0fa0ce94a59,2018-05-03
cf5bae440125a8f7eccfde72d25e1913,54abf020696cac4caf9175f3b5530ed0,delivered,2017-09-01 22:51:39,2017-09-01 23:07:15,2017-09-05 18:55:44,2017-10-31 19:48:22,2017-09-27,60342c33a39a2e43be81ad79ab92fde9,2017-09-01
6dd0cc64fed627388bf95943af884f70,4a31da2ba757502ad7fcc9dc6768cfa5,unavailable,2017-07-10 14:17:01,2017-07-10 14:25:18,,,2017-08-01,b8b3c435a58aebd788a477bed8342910,2017-07-10
168cd953540aa3251bdfb407cdc4b6d4,029c5f9144457c97ecaa33bc4ac7f0a9,delivered,2018-02-08 13:31:36,2018-02-08 13:50:29,2018-02-14 18:19:17,2018-02-26 12:49:21,2018-03-08,8291d4aab64066a39623b1ddaa2a6472,2018-02-08
b36a230278dc6eacfc8ac950d38e9a2b,2b953f703e91cf2c79c5f8af51f1336a,delivered,2017-03-21 18:44:58,2017-03-21 18:44:58,2017-03-22 11:01:16,2017-03-29 15:38:04,2017-04-07,6894532c4afdfed62b77f9ff5a33e162,2017-03-21
76d6e480de6fc499067e6dedba5492fc,ee3ec8c107ee2e1e91a1375d5c5f4e0f,delivered,2017-11-28 13:52:03,2017-11-28 14:19:49,2017-11-29 17:04:51,2017-12-05 18:55:44,2017-12-26,1a5b875b36e504e3d1d81eb5029638cd,2017-11-28
b382fb5001304e782c71526663c196ce,6ae87ed210775b78ef0c6ae5e585bfbb,delivered,2018-04-01 13:09:16,2018-04-01 13:27:26,2018-04-03 18:37:00,2018-04-04 20:19:04,2018-04-16,af7749cbb8c4fe7905f1c66011cf67d2,2018-04-01
361839ded9ac9654599f57db2220d0a3,8c35c389e9173ea034f49910d86c5fdb,delivered,2018-01-22 12:54:41,2018-01-22 14:23:33,2018-01-31 17:48:57,2018-02-07 21:53:30,2018-02-14,35fa16aca4331d7cd202e78f9484adb4,2018-01-22
479ca7b6834ffb05666e813c9c0dddf8,7736f29fbade4b21885578b5030282dc,delivered,2018-05-21 11:15:00,2018-05-23 14:14:39,2018-06-01 14:04:00,2018-06-15 00:49:38,2018-06-06,edd3f97254cf3ce5e95da8245dea95dd,2018-05-21
0972cd8199019b252faf977c4d3da6ea,211a3a4b495becf111d81e66d9b955c6,delivered,2017-07-11 18:31:06,2017-07-12 12:05:25,2017-07-14 20:28:56,2017-08-01 18:33:12,2017-08-04,ce038c489c41cd9d02aeef93f332f5ba,2017-07-11
ef71f6c836e32ca79a2bf9d7048ee06c,4e6fa8b8cc0033fd4dcf040a26f8c72a,delivered,2017-11-16 12:55:09,2017-11-17 03:55:38,2017-11-17 19:02:38,2017-11-27 17:09:02,2017-12-08,4b35bd95d806196b9942b9e966d0e7ee,2017-11-16
5fc2475da462df87150a6013f0879f5b,00ba7e4052ff6531f4e8aa0b0054318b,delivered,2017-05-07 12:10:01,2017-05-07 13:05:55,2017-05-10 08:47:55,2017-05-19 14:27:50,2017-05-31,e46d6bcd22d95a9d167d807372d08add,2017-05-07
540aa72ba814b34b792f075b2164edd7,14b488bd62137d06775a9a63bfa01ce7,delivered,2018-04-22 18:42:38,2018-04-24 19:17:41,2018-04-26 11:37:00,2018-05-07 20:31:33,2018-05-15,83312cdde131cd1856e5534992a10599,2018-04-22
adc2e339bbd0e2b9e09bfb524f284a4f,0c184ac73648d0a5017faf2430636ad3,delivered,2018-01-21 17:53:41,2018-01-22 13:55:41,2018-01-25 20:56:34,2018-02-02 20:49:00,2018-02-15,87c907fa30dd1bd3709c84b912b50c7f,2018-01-21
479118262cc4228b46c613b6b3efa669,61fbe846d8c16df8f9253391e158900a,delivered,2018-06-07 08:48:43,2018-06-07 09:15:16,2018-06-07 14:50:00,2018-06-25 19:38:34,2018-07-26,195b57be963164644ee9621346d2c3fb,2018-06-07
7d37bd17f502baa7c5a25453abcf9003,5c5b9435e0b93f50915bf6506ebc03f6,delivered,2017-09-26 06:40:06,2017-09-26 06:56:13,2017-09-27 15:38:44,2017-09-29 20:51:55,2017-10-18,4d779f9f781c2a1f557ebb289f441865,2017-09-26
0b937678b38558c4fec110aed9d5f8ac,5f235effbfef1537095b1024ab902244,delivered,2017-11-20 19:25:48,2017-11-21 03:56:30,2017-11-21 16:02:52,2017-11-23 15:26:40,2017-12-08,5230161ef1611d935cce981477eece1b,2017-11-20
c0825f7ad51d670d765525e6761dbc0d,e9bd7cf911978428935a7532db3fa5f7,delivered,2017-11-25 14:04:10,2017-11-25 14:17:33,2017-11-27 18:53:00,2017-12-15 00:49:01,2017-12-19,73daba56d88fe2ed55fd098a179646d0,2017-11-25
1d46325dfd950feac6d805fe8a5bb44c,17c0058d0378dbfb60de56d8ff83a4d0,delivered,2018-08-12 21:07:27,2018-08-12 21:24:13,2018-08-13 12:06:00,2018-08-16 19:57:35,2018-08-27,bbf476c6d07609db8e82faf8d9b03557,2018-08-12
fd0bf90d8165b278520062ea17733c9d,812f7acde5d7925b7e67ba2e53ee8afd,delivered,2017-06-05 16:41:11,2017-06-06 17:45:24,2017-06-07 15:59:16,2017-06-16 06:37:48,2017-06-26,8066741f85db0d4fd39d0e085f9db5ef,2017-06-05
2c852a7e0e3b7773bea4ad95ee8e03c3,19da5c0be0e099275881417cd8fc7c13,delivered,2018-01-21 13:45:43,2018-01-22 13:50:29,2018-01-24 19:42:41,2018-01-31 22:12:52,2018-02-14,9ac68177b21e3ea0bc10f54526c8847e,2018-01-21
ca4d9163f73c29c767a726571e8baf23,20deb76fd96659ae3d434ef56d42760b,delivered,2018-02-18 15:54:05,2018-02-18 16:10:23,2018-02-19 19:28:57,2018-04-10 13:04:14,2018-03-23,711c6c5ac4008698e22fecedd6e0abad,2018-02-18
4091882136d80ac3ff9058c8d81e10a4,562ea8b679af1969a0e3d27c05f92c1f,delivered,2018-03-01 23:48:49,2018-03-02 00:09:33,2018-03-05 20:35:07,2018-03-16 10:57:32,2018-03-19,a6265689e0fbb956cc520c1ea9f5e34f,2018-03-01
e8cab458223cfed14e73ea0d7fe1a511,b76f57fd6691e04b385d83fe8940d86a,delivered,2017-02-19 19:45:59,2017-02-19 19:55:17,2017-02-21 08:16:13,2017-02-23 10:48:46,2017-03-27,1d191e1fe1fbad1c0ff0a65fcb6802bb,2017-02-19
ce2ecdcbc1e28b1dc89e733087c941ed,5234a45d0b12bf0acc357749c724907c,delivered,2018-04-25 00:15:18,2018-04-25 00:31:35,2018-04-30 16:40:00,2018-05-04 17:19:58,2018-05-17,ac135bf33c2d9bd59228586c5e993033,2018-04-25
892e04325197686b3f5a32eb5fb38177,a95a3515eff43dcc042cd6af4c28bc7d,delivered,2018-02-14 11:52:13,2018-02-15 03:55:52,2018-02-16 01:26:55,2018-02-28 20:06:30,2018-03-01,d3882d7abd0c66064d740d7ed04dd1ef,2018-02-14
c12a7300c1fdbd202faf783e3010203e,71bf942d4b32f3f76c91966ad20c076b,delivered,2018-01-13 00:07:22,2018-01-16 03:38:53,2018-01-19 21:29:35,2018-01-22 18:38:52,2018-01-30,aab93d7ab2dd3149127a15e8c64ce747,2018-01-13
562f45bf4a946810053214c29d752e85,40fee1fd0baf564218a0e83a6d2a546b,delivered,2018-03-14 10:12:45,2018-03-15 10:10:27,2018-03-15 23:14:57,2018-04-25 19:41:10,2018-05-11,d0ce1f2e0f5d407921dda331cfbba0c4,2018-03-14
4203d26d53fe22ba2d148af7c1a23028,740ebfe36e3ede0c31709ba18cb82f9d,delivered,2018-04-11 19:11:36,2018-04-11 19:31:43,2018-04-12 21:37:31,2018-04-30 22:38:38,2018-05-11,c65bb2e964fdc7380becb779b5c35ef4,2018-04-11
4d3e527a30bab6b3c6d43ef4fd24b676,d4f08d8a7ec0d29c5dabb5b4302a97d1,delivered,2017-12-23 19:10:18,2017-12-23 19:27:54,2017-12-26 16:34:36,2018-01-11 13:25:58,2018-01-23,528784ec1e9e15997f9073a24915dbf3,2017-12-23
c85ea30e9a24abecb353caa26294c81c,f6b48a3dd3d76b9f3a58d8e108df430b,delivered,2017-04-26 08:19:14,2017-04-27 13:36:17,2017-04-26 14:52:01,2017-05-08 16:07:01,2017-05-23,736b15c8cfc30911511f5957295f28a9,2017-04-26
729ae5716c0955d5e326ffd5bb91368e,da148107500f105263d72e4731387542,delivered,2017-11-15 17:14:58,2017-11-15 17:26:47,2017-11-16 14:12:42,2017-11-22 20:17:36,2017-12-07,60640dacabc43827e9a28071d0b032cd,2017-11-15
aa7ad6a7e355155075a22ce9de8664da,d3e4ad6760adbf81d8b379877e6293aa,delivered,2017-09-03 16:38:22,2017-09-03 16:50:19,2017-09-04 20:17:53,2017-09-14 14:33:28,2017-09-18,90e353304fca98d75526206e02282af0,2017-09-03
ccdf8513301e655dfe3d56c014952cd4,dd5c9c979013243db3251c51eb0bd536,delivered,2018-03-05 13:38:19,2018-03-06 13:35:35,2018-03-07 01:13:30,2018-03-22 23:56:53,2018-03-26,8901ae52a3c32c5eaa0ec73b462c1386,2018-03-05
726abc77eaafb32b42b26eff1583186b,24c6bc43c71e16ac0fb22091f9b90637,delivered,2017-11-17 21:13:13,2017-11-17 22:00:28,2017-11-21 19:24:58,2017-11-22 19:08:50,2017-11-30,cf95722b5b59a95e42d73a83414821ed,2017-11-17
3262303e2eba3a73ec669ac0bb7411cd,013e49bb711629177d848e409b7566c5,delivered,2018-01-30 07:15:03,2018-01-30 07:32:44,2018-01-31 23:36:59,2018-02-05 15:17:17,2018-02-23,a4ec2e3d635afbd7f5e420bda0b15861,2018-01-30
1c086b183353c56b2ad03c345330d9a5,800e3b05cc40f396118128d96927b805,delivered,2018-08-01 16:57:20,2018-08-01 17:10:12,2018-08-13 09:21:00,2018-08-14 14:18:56,2018-08-16,e2feed3c94648835d593c14acb8e3808,2018-08-01
3e0b3c646992114caf984bb1987e23ea,c2876736e429637254a91c473ec60c4c,delivered,2017-10-19 00:37:57,2017-10-19 02:18:00,2017-10-23 15:28:56,2017-11-09 22:39:44,2017-11-28,3d9940d7d7b9b2585b4c6a0a9da51669,2017-10-19
baff031eabb2b15f770c6ae2f62d76dc,0a9da881cda07b1c0870449d93a9660b,delivered,2018-07-30 17:46:57,2018-08-01 04:35:14,2018-08-02 14:49:00,2018-08-07 00:32:21,2018-08-02,1a2ede4e787ad199c46719ecb02d81ea,2018-07-30
94d343eb93a8da737ff05484f33ea4b9,0d76663c9eafa17cccdb1af85030e8bd,delivered,2018-06-18 16:57:33,2018-06-19 17:05:10,2018-06-21 12:17:00,2018-06-27 13:03:14,2018-07-20,0b168f28a96d34e5b2d17f436b4a05a9,2018-06-18
69bc60eaf6ebaa60161426acc2dc5fb4,0b47866f6acf641f66da758074842c0c,delivered,2018-02-24 22:03:42,2018-02-24 22:15:30,2018-02-27 18:05:28,2018-03-16 19:43:36,2018-03-16,5739f4b81bcdb73c9345f66ef8e60494,2018-02-24
619d55679601970d4f11fd01cd162ecd,b30e22e2c53bcb078b69f3cd1434b155,delivered,2018-07-22 13:09:04,2018-07-24 11:32:50,2018-07-26 13:59:00,2018-08-03 16:12:14,2018-08-17,f9d5f902a99c95fe30a97c1b1d190388,2018-07-22
a9514842c946fff73632509db47cc683,60e33d9ad2f5c6bd7d7dcc6165fc8f25,delivered,2017-09-07 20:32:41,2017-09-07 20:43:26,2017-09-13 16:57:42,2017-09-22 21:40:43,2017-10-11,f5ea9442b5b32fc1bdfa8216df06f4be,2017-09-07
8688aca523f4e461265ba91b91b1f377,bf2d7c9771fbbd35f421be8ea633b561,delivered,2018-07-03 23:06:15,2018-07-05 16:33:19,2018-07-10 14:26:00,2018-07-13 16:21:58,2018-07-24,74d6e3df517f4a076bd8ae47b0bc3d48,2018-07-03
a06533c9b7cc349bb345832a9bfe3c8b,f830ce2a3a0adc99b5887153b8edbdee,delivered,2018-05-18 11:40:43,2018-05-18 12:56:32,2018-05-23 14:42:00,2018-06-06 17:26:30,2018-06-11,a4394f8bde43bd22a577d57e344629b5,2018-05-18
5ef22ec79d2414ffa56518f9f631acae,decc66bc37af2784bd0358fb65f2bb3f,shipped,2018-07-29 13:41:51,2018-07-30 16:25:11,2018-07-31 12:57:00,,2018-08-09,5d6c8ac1fd6cb1e436465bd970b78ec1,2018-07-29
eaf77fff2564e301d10b2a335babf44b,5b185f5620291f8d0011e4fa3a7a3e7c,delivered,2017-08-07 15:06:22,2017-08-07 16:03:28,2017-08-08 18:32:21,2017-09-15 17:37:53,2017-09-06,929cb30f2b2d985b1cd520bedb21aee3,2017-08-07
34d9ffa2e1d65d04ef6c8d4265180939,9cb517263961233b2a975d1381d03d54,delivered,2018-07-13 16:12:08,2018-07-13 16:31:31,2018-07-16 12:16:00,2018-07-25 15:48:29,2018-08-07,8b9acf5374a2434add921e9ba72b720f,2018-07-13
1930118fbe694636a60c0d5f97c32597,1b3847859f34e5654daa2df0739218b5,delivered,2017-05-14 22:37:22,2017-05-14 22:45:19,2017-05-16 09:40:04,2017-05-24 12:14:52,2017-06-12,7ed727c7c4fb2d342d10d3e64e712287,2017-05-14
4908c7c1919e42e7662e3cbd307edf74,b9c09012685c3318c9a1d921f9b08c3b,delivered,2017-09-20 08:40:04,2017-09-20 08:50:20,2017-09-27 14:45:22,2017-10-04 19:48:35,2017-10-10,40fb9c4cc195c1218a3e2b785fbc8e0b,2017-09-20
06b0687cad7d69a9dc347dccb3cbe169,5ef779feddd7910eea6f5a41bf8dd881,delivered,2018-02-02 22:10:33,2018-02-02 22:30:44,2018-02-06 19:19:02,2018-02-14 20:42:00,2018-02-26,f8ac33a389db55f4e3ef433b5367aaf8,2018-02-02
911022dc32144d6899afd62e7fe0734e,3079cc8ddcf954eb8ed76d665c04e84c,delivered,2018-04-15 13:12:40,2018-04-15 13:30:33,2018-04-18 22:22:36,2018-04-19 23:19:14,2018-04-26,7018a5e068b8fd0912fed2d02952df23,2018-04-15
c8eab0ccabe8cdfc2afce66c1c554ae2,2339ab3abbeebe72f2782a01c87a9bc0,delivered,2017-06-14 08:52:48,2017-06-14 09:10:10,2017-06-16 09:26:27,2017-06-21 16:38:56,2017-07-11,b3ccfe9606744e8b2757954a125ea1a6,2017-06-14
7d312a3fc642bf87ab667ce81cfc7cb1,67f0d41e6596373621408e3659f7b2a6,delivered,2018-03-31 18:29:17,2018-03-31 19:10:16,2018-04-03 00:42:21,2018-04-16 19:04:23,2018-04-25,4d36dbf894716134f0aab34576d9b3c0,2018-03-31
0758aeea44cefb9c7f59333c7c691714,b4102b1f4dd2766f109baaebb5a946e4,delivered,2018-02-07 08:53:42,2018-02-07 09:09:46,2018-02-09 19:07:12,2018-02-15 16:22:58,2018-02-23,84710b631446c0c0d014cc8e691a75f4,2018-02-07
525e92612e912b7ee6e24ae17bb4a79f,930f40258343da906f8c3b274ae4b4e3,delivered,2018-07-25 20:39:21,2018-07-25 20:55:20,2018-07-27 14:32:00,2018-08-02 14:08:31,2018-08-23,24cfe0332d62ad579e22b4f248948a4b,2018-07-25
5a9fabac5b438a92c01b25131de9f71c,7799eed03d37a5851a68b1ab77a87849,delivered,2018-03-07 14:54:01,2018-03-07 15:10:04,2018-03-12 23:33:34,2018-04-17 06:44:22,2018-04-09,e91a28e5edf7235c7bdaa1e531b66b3b,2018-03-07
dbc841e264c91362b1f1091a3fec3394,986783e63cf6436f3db019fc2d800aac,delivered,2018-04-17 08:56:23,2018-04-17 09:10:13,2018-04-17 19:11:24,2018-04-18 19:38:24,2018-05-03,f44deed99114b374af82c5b1a06afe37,2018-04-17
ab4f549aa957d2c456a8d2c7ad54b761,7d06054cef84d3145a1b1b71bb7e1072,delivered,2017-12-05 10:48:09,2017-12-05 11:23:15,2017-12-07 03:51:31,2017-12-21 22:25:41,2018-01-02,333b5385521c387b3b77f75c8887eff3,2017-12-05
246840373d06acdce224acc218f73c66,804635cc4cdadfca5df67fb156d9885f,delivered,2018-07-17 23:05:11,2018-07-17 23:15:16,2018-07-18 14:10:00,2018-07-23 15:56:56,2018-07-31,41c480dc6e903cb421d153b0171385d5,2018-07-17
a5b30f9f44d2413db0b94cd9a3fdcf81,bc62514151f687ae93af879b7755c439,delivered,2017-11-24 18:07:10,2017-11-24 21:34:47,2017-11-29 18:19:10,2017-12-02 18:05:42,2017-12-14,886248b567909a58e744dbf0148f9e90,2017-11-24
8d362590a388a3c9c7de2dbb72edc957,2c7e836fa2d6ac331dc914cad45ceb12,delivered,2018-07-11 11:52:08,2018-07-11 12:06:14,2018-07-20 12:37:00,2018-07-27 13:54:34,2018-08-09,26cdfe10bfc63921b214e74f9a295487,2018-07-11
acb56e6695d371a1c50a34c38938277e,29457f76418b2b673b5c36b6aefbb6b5,delivered,2017-11-27 18:04:28,2017-11-27 18:14:20,2017-11-29 00:54:43,2017-12-12 22:37:03,2017-12-15,502c6d75167702cab8b745356bb0c032,2017-11-27
8c29553a081ec9b93f3a0407e902822a,8fc7a81939dca5b49b050cc3110bab57,delivered,2017-12-03 18:43:36,2017-12-03 18:54:22,2017-12-07 01:12:48,2017-12-08 20:54:27,2018-01-02,359001bb107050ad4eb30e0c9f9d4bdf,2017-12-03
01fe473278bb7522f081c21ee8e4cbd4,ea6b8e999abbe1a2a86fccbebd51aec3,delivered,2018-05-20 15:39:38,2018-05-22 08:16:03,2018-05-23 15:52:00,2018-05-28 15:33:10,2018-06-05,997abd6497ecc58c28707008ebb44534,2018-05-20
0f67e615d797da223ac5601b9b08b180,74fbb79efe8970851ed1762f096e2d4d,delivered,2018-06-07 17:53:48,2018-06-07 18:17:23,2018-06-08 15:16:00,2018-06-09 17:13:42,2018-06-25,2c35d207315b638d53e7730724427348,2018-06-07
090967205f5215e5d3053cefdbce5aac,28888e758f4debf9d8d79a8f00222f04,delivered,2017-03-28 08:46:48,2017-03-28 09:02:49,2017-03-28 16:48:34,2017-04-11 17:29:37,2017-05-03,f9aca7474d36ec58fc20962c384959ce,2017-03-28
a9a2c78d1e141e7627d58444422ca153,a1cc7ba043c795a62707cee79758b7e1,delivered,2018-03-24 18:01:11,2018-03-24 18:15:24,2018-03-26 20:03:42,2018-04-03 16:48:38,2018-04-17,de97ef5468ec658d1ab6665c5cd24360,2018-03-24
dab1208f2886c43e8bd155b40523d343,4fff50831fb0de5d5461901048e2df79,delivered,2017-09-24 10:06:38,2017-09-25 10:15:18,2017-09-28 18:28:56,2017-10-04 18:14:28,2017-10-23,98dbf8eb4655115b637a4932f71b0b72,2017-09-24
89710eda9c7f1c37f55e89f035f5ceee,708ad6bebe512748f021cad45ce2b817,delivered,2018-04-18 18:34:15,2018-04-18 18:50:25,2018-04-20 14:44:41,2018-04-25 12:42:15,2018-05-16,1014864fdce7428f39493d675751d52b,2018-04-18
ac811e63c2e84ebe382d2ec257410902,a8bece50bd810fa650f144973945cdbb,delivered,2018-02-27 09:01:54,2018-02-27 09:40:24,2018-03-01 19:49:17,2018-03-07 23:09:26,2018-03-26,f2041c35a4a40792bc5bea109b816922,2018-02-27
d6352e09945d985e2d2ef82baed4cec0,9bebf94c7ebe565cb03adb61f93a8212,delivered,2018-03-05 19:49:55,2018-03-05 20:09:13,2018-03-12 17:58:48,2018-04-04 01:48:52,2018-04-02,1a742f74e78035e7c08daa5e8f527460,2018-03-05
0573bd213dab1f238af912e296c83944,48a8e08cbe87ac7b90b76ff80d3df46b,delivered,2017-06-18 08:47:53,2017-06-18 08:55:17,2017-06-19 20:04:19,2017-06-28 08:56:41,2017-07-13,81fc606558d479bbe026450862a4f2df,2017-06-18
5948fbee097af38b1319f4cd4040c2cd,e8bf1043062527c3fcb79a2523b1686c,delivered,2017-04-03 16:24:47,2017-04-03 16:35:14,2017-04-04 08:42:06,2017-04-13 08:03:34,2017-04-26,842ef7b625835338761215389595d4f2,2017-04-03
79149e16c4017cc512c938cbd445cdc3,ce09643dd5df16daaa47223a62c7bbee,delivered,2018-03-11 16:36:56,2018-03-11 17:20:29,2018-03-14 02:56:45,2018-04-06 18:02:24,2018-03-28,6d69a17bd912f5421904a22de939f6f7,2018-03-11
f6806cb575dffe2dd24873502bc0b413,f9f0c70f7f91d4bebab7ed1cb0206489,delivered,2018-06-29 13:50:02,2018-06-29 14:10:45,2018-06-29 15:34:00,2018-07-05 19:46:36,2018-08-07,a410644642278171ab477d7eaff0d877,2018-06-29
75c838929fc9fdc534736298de895cf0,81be06e75bf1452c084bed698f89af1e,delivered,2018-03-20 21:32:20,2018-03-20 21:48:46,2018-03-27 19:23:04,2018-04-12 16:58:46,2018-04-13,64699e030d4eee9bad09e89440a40f76,2018-03-20
5678b9b26584bd229904c764c3ede0cc,4b03aaf6722747883384c563c62a4720,delivered,2017-11-25 20:26:00,2017-11-25 20:36:28,2017-11-27 17:08:06,2017-11-30 13:41:49,2017-12-11,dcaac38731ae481cd795926a4f36ea74,2017-11-25
5f80e465e18f7f99372159cb3b5c88c6,61ec27a2b6b84f5cf31fef5553c1953b,delivered,2018-07-26 13:09:26,2018-07-26 13:24:17,2018-07-26 15:11:00,2018-07-31 13:29:20,2018-08-15,ef7e46f747646b6129094dc3f4155488,2018-07-26
63a1a15fd615005f87b81bdc40618a05,5295bdf8e1bdc8e646e556d8285b9da5,delivered,2018-04-23 11:01:41,2018-04-24 18:42:04,2018-05-07 14:43:00,2018-05-14 13:55:44,2018-05-21,824ed222ed928372cfe8fed072ce1a0c,2018-04-23
f3198cf092daad25ada2e464f1471522,1c97574913782ddfc8eaa8337329e81f,delivered,2018-03-01 23:29:46,2018-03-01 23:48:59,2018-03-05 23:28:28,2018-03-08 02:58:24,2018-03-13,a34e55a2dbb21e711950a6e0d3dfc68a,2018-03-01
2cddd5821b44b272c68fd4d199029359,8648d9faf417d0a1c306053ccfdab0f8,delivered,2018-08-06 22:29:33,2018-08-06 22:44:36,2018-08-10 12:06:00,2018-08-13 15:38:54,2018-08-10,b6304959c9eea86ecf3711029bb11dff,2018-08-06
0bf48b98131c5057bcb4754449acc91b,9eea647a40b59a0bcadbbd32538fbf04,delivered,2017-09-08 21:44:20,2017-09-08 22:10:17,2017-09-11 21:19:53,2017-09-22 15:28:47,2017-10-06,d290b02609f8d923b3952c6164bf13dd,2017-09-08
83f31b617b8a38b6bad530eb8ea3591a,c6d97bfecdcdabaf2c3cee43fd148373,delivered,2017-03-12 21:17:14,2017-03-12 21:17:14,2017-03-13 15:59:37,2017-03-30 15:48:00,2017-04-05,738c80de5b70ba1cdd2d2df446d06f25,2017-03-12
09d20920406c53e92821c0f4a82b3811,ef4330e4999fdb2780359307807093bd,delivered,2017-11-24 00:56:54,2017-11-24 01:19:38,2017-11-24 21:18:43,2017-11-27 12:04:08,2017-12-08,0af866a53e660ef8eccb5ba24c1bb696,2017-11-24
a194ac8fcd32099c21886a04ebe2e6e8,317328626c2de05ddc3fac2d737fffdf,delivered,2018-05-12 16:25:34,2018-05-12 16:41:20,2018-05-16 13:18:00,2018-05-21 22:34:27,2018-06-05,6fc7923e1c04499c9123125b766123de,2018-05-12
0fe99cdb0e30d4a1a48a35cd7ed5154b,5db8728c37c4cd805fa61a294efce7bb,delivered,2018-03-08 22:48:23,2018-03-10 04:09:07,2018-03-16 21:38:38,2018-04-02 23:03:29,2018-04-02,5ccfecb225ad40f39dddde50f92df1e4,2018-03-08
f694a43692e80583d2b5b561d4af4488,b7efbfd326e16ce7203d8306af0d0dbd,delivered,2018-05-14 14:46:41,2018-05-14 14:55:28,2018-05-15 14:44:00,2018-06-04 18:34:01,2018-05-30,0117fb2675e2936a2e96dee22e8c992b,2018-05-14
ccb48770165d34335e1d156d6d2c6ec7,4b51c20a256e426ffa5fdf3471d20cfe,unavailable,2018-02-15 12:39:44,2018-02-15 12:50:26,,,2018-03-13,0b3b4176e5e04483b5a478e0329e3b82,2018-02-15
23a3ebd70aa833685123ca6dbd195a3e,929d7601337288f68ced289062b64161,delivered,2018-04-13 13:01:55,2018-04-13 13:35:34,2018-04-13 22:21:18,2018-04-14 13:23:26,2018-05-02,2da33a7265352cc9e0e4474752a0dfc0,2018-04-13
7a45b93cba1b6ebadb4498f33f110b4e,831b97f31276cc62dd67237883fdb3df,delivered,2017-06-27 12:23:51,2017-06-27 12:45:20,2017-06-27 17:29:34,2017-06-28 13:31:47,2017-07-10,019322e670d197f31413176b865880fd,2017-06-27
f2096a3d2bb2743b500f6e6711cbf438,72107b393fc48945c67aafd573be9157,delivered,2017-09-05 16:03:18,2017-09-05 16:15:19,2017-09-11 18:17:33,2017-09-18 18:24:50,2017-09-28,2e463f61333adcac09d362f343a4b0aa,2017-09-05
96e1300e91ff2a20f88fef964db25315,eee794050554ac160892daad8d727ec8,delivered,2018-03-25 08:56:42,2018-03-27 04:08:24,2018-03-27 23:34:38,2018-04-11 20:51:49,2018-04-17,bf2646231223621318c2490e0185cd43,2018-03-25
22bf3dde4d90667a74118fad0041bfd5,9d4b49b0fc9981a6ad9b314e6ce43925,delivered,2017-02-01 13:53:16,2017-02-01 14:05:16,2017-02-02 14:26:38,2017-02-10 09:32:53,2017-03-10,002b4cd83fabaffaa475f78ea5ef3e08,2017-02-01
b552361bfa71f85d48c308d95c713f23,17fa3a2c6da2e0edb7b63fd3fff69bd2,delivered,2017-11-08 21:52:06,2017-11-08 22:10:20,2017-11-09 21:22:29,2017-11-14 23:24:54,2017-11-30,9a9d85004f4f005b3a475df96187fe05,2017-11-08
dc3fedc15bcfea3fb0e670ce3a8f3c27,38d75878e2052f90ba0691ca550bbe3e,delivered,2018-08-04 23:30:21,2018-08-05 23:25:07,2018-08-06 12:24:00,2018-08-13 21:18:51,2018-08-27,d7d189a700053506ed878082f3063260,2018-08-04
43087656122626e1409fa13f195a0e85,1a583c611246e94de1965827c1660830,delivered,2018-08-16 15:27:55,2018-08-17 15:29:34,2018-08-18 08:49:00,2018-08-24 23:58:29,2018-09-12,2f692e9949726dec0abecee3a4721488,2018-08-16
0b2861128d87d7a2b9c85eb25a514d0b,8342028fb42e8c6015bc69156c1281d6,delivered,2018-06-27 10:44:32,2018-06-27 11:15:59,2018-06-29 14:06:00,2018-07-03 15:46:42,2018-08-01,7d69d66e6e223b7230002f8ffc0fb3e7,2018-06-27
4a0def7a91395d10ccf5aef87e5ecc61,20077bfccd8f3f45b2e6e412f30a0414,delivered,2018-04-12 12:55:23,2018-04-12 13:11:45,2018-04-17 17:21:36,2018-04-20 19:03:41,2018-05-15,01f7f7e1b4aefac99dea303f9eb5f7c4,2018-04-12
a4cc039dfeca8a0ebb241f3b44f29930,59b753171ccb66874f0c117e1b63f3cc,delivered,2018-08-05 19:18:24,2018-08-05 19:25:15,2018-08-07 14:25:00,2018-08-09 14:26:56,2018-08-21,17f346648ace67e72c3fa161e69edcf2,2018-08-05
e9b32bb640bc64f9721e699a66fbaa25,ebc7fc00c7327acb58cc64190b773e0e,delivered,2018-01-22 15:29:53,2018-01-23 03:39:06,2018-01-24 21:05:51,2018-01-29 19:42:55,2018-02-15,17c3b3d0c7f01992acf6daf427c0978e,2018-01-22
1e3afc9cb36a927cb383e0d51cf19342,ce159c391aa863a53149f159a761fbee,delivered,2018-04-02 21:22:59,2018-04-04 03:29:36,2018-04-04 20:41:00,2018-04-18 21:11:19,2018-04-20,24c432ec6fd66a2fac3bf1d08a524b98,2018-04-02
c92a9fd680f588dcff7ff22fce0abbcc,3eebfdbd017a00f31af7809ddfc52cbc,delivered,2017-03-09 13:23:19,2017-03-09 13:23:19,2017-03-13 09:43:50,2017-03-17 14:42:03,2017-03-28,403d192b27efcef2c942515c32b09d57,2017-03-09
cda82176c91630890ede0612789bfa1e,a60a5c90a3dac75f0e186feb2d8985ef,delivered,2018-01-20 10:40:15,2018-01-20 10:53:20,2018-01-23 12:28:27,2018-01-29 23:03:39,2018-02-19,e6910b174dafc1b647cbb5a812a5188b,2018-01-20
a509aa52e1b047594efae5f552612b3d,4c43628b832ab60529b77440792dec35,delivered,2018-06-05 08:25:20,2018-06-06 03:11:10,2018-06-07 09:03:00,2018-06-09 13:22:31,2018-06-29,f3f6d4c76a356d9c1148cef76a614f29,2018-06-05
1774ba82c4fe803da714e3f5c48cbcdc,4ed0e56b8bd981ca8c2db508aea518d6,delivered,2018-06-06 17:38:14,2018-06-06 17:55:13,2018-06-07 12:41:00,2018-06-09 19:38:43,2018-07-12,d9db6d57f6c8c65bd34b294371d95059,2018-06-06
70e8eaadec664295db4ed418ccdd3d4c,5d433e3929682615ff8bc5c2481e3f3e,delivered,2018-02-14 12:20:44,2018-02-14 13:00:27,2018-02-16 22:28:49,2018-03-13 18:06:31,2018-03-12,2a4b3bb7ff10ce04a45eaaf543c99928,2018-02-14
bcaeee361335dfff837f461e0e3011e1,acfa23831b953d3b1891f6f164e78a0e,delivered,2017-08-29 20:40:44,2017-08-29 20:55:08,2017-08-30 20:43:43,2017-09-05 21:08:08,2017-09-20,d0ffd59c277677cd17c8345948a66e0e,2017-08-29
8a8cd106c8e6e27e8832a3311755a9cc,cde31cc8cecb7f5bd25314f2a836b3d2,delivered,2017-08-14 20:51:23,2017-08-15 22:24:45,2017-08-18 20:02:49,2017-08-24 13:24:34,2017-09-05,d7b2a9479a7f1c9697aa2c4e12ba5305,2017-08-14
2aee72588060c074fd45155346c97a84,ac1923b4dc16e2bf7b92a045b1147ad8,delivered,2018-06-02 20:05:41,2018-06-02 20:15:09,2018-06-05 05:40:00,2018-06-18 17:42:22,2018-07-19,9f11a1ef17f7119397ada4d237f7ee0e,2018-06-02
48b3b1c01ca30985639fe1ab027e9b9f,fb231f793a63556c123e4c2e8c23536d,delivered,2018-01-15 08:48:14,2018-01-16 03:50:11,2018-01-18 18:22:57,2018-02-08 20:25:03,2018-02-14,5c6753f93a60d6b51595d2c4804247ea,2018-01-15
1067b1fed93022ff928077f4db144386,0b3d0bf8648bf98fecf9551f0ac712ef,delivered,2018-02-05 15:38:22,2018-02-05 15:55:50,2018-02-09 20:22:39,2018-02-15 17:36:48,2018-03-01,36c78d937ff07582adc957d4e91e8242,2018-02-05
5cd8853b4ec297e801336f317f9a1912,dd39e64f9817cbe0bcd5e427a7d2c5fd,delivered,2018-06-19 22:24:34,2018-06-19 22:55:44,2018-06-21 15:53:00,2018-06-25 18:08:32,2018-07-11,f94f4114bbbdb734b1af51047e1570eb,2018-06-19
72a903683024f7612875c6e8500a9980,05142fcea1f1b7eb475754abf33ece6e,delivered,2017-04-04 16:45:03,2017-04-04 16:55:27,2017-04-05 13:57:13,2017-04-12 13:05:50,2017-05-02,1d92720f87b068d217398e293f183567,2017-04-04
a3675d53a727735e4e83c8e078666646,0280ead6134bfe639866306f1f0258ab,delivered,2018-06-03 00:27:27,2018-06-03 00:51:15,2018-06-08 07:41:00,2018-06-11 16:27:45,2018-06-28,8f97b730f3d6799a318cc4a245075144,2018-06-03
ec3a75fb0ac595e461765d2d854b1d08,14308d2303a3e2bdf4939b86c46d2679,delivered,2017-03-15 21:04:08,2017-03-15 21:04:08,2017-03-20 08:34:12,2017-04-05 11:07:12,2017-04-26,e7f8760e2bbd2f1986bebd99596c088e,2017-03-15
8a089e8bded26bb207aa04ad5791f91d,9b63fc9c90f6be5237bf13b4804916fa,delivered,2018-01-07 17:14:25,2018-01-07 17:27:29,2018-01-09 15:05:52,2018-01-16 19:59:32,2018-02-08,10b58cbd6607267fd41812614367439e,2018-01-07
d2cf258da81ae1043667e2f77c510deb,5a9dab9a998feb671962ee95d6cb2b88,delivered,2018-02-15 19:12:13,2018-02-15 19:26:14,2018-02-17 01:33:31,2018-03-26 19:56:46,2018-03-07,e5b6fb6c5e7e4adc25a5e400c0104508,2018-02-15
f58d7e09ece55d81aac40b317757069e,2945f7826483e9c7360613af4d7e6426,delivered,2017-06-28 21:41:35,2017-06-28 21:50:19,2017-07-03 09:51:41,2017-07-06 10:07:38,2017-07-24,334cc44b9272d44bcc16e37e0a22d69b,2017-06-28
25a328788a40be038f54f6b2d3c54b78,1cac59dc9ef3b43723372aca8b02f56d,delivered,2018-07-26 07:40:33,2018-07-26 07:55:15,2018-07-26 13:58:00,2018-07-31 20:56:51,2018-08-10,c12f980e6773a3c3bb9781f1f4aaa9dc,2018-07-26
56c79c2be1ceff5839d56e340e847833,05c3177330bc9de5e895ecfe6eaf9687,delivered,2018-04-19 01:15:00,2018-04-20 07:11:16,2018-04-23 15:23:03,2018-05-07 14:17:34,2018-05-14,f4594149af80600bda535d5b7f72a7b4,2018-04-19
8b9842ff7795d2b3af1e7221299fe6f8,b3d4eaa1f3aaae50a2204927d522881b,delivered,2018-04-24 16:20:33,2018-04-24 19:10:19,2018-04-26 12:51:00,2018-05-04 22:31:05,2018-05-21,1cffe914fd505484a255de979f2eb4ff,2018-04-24
bc42350f1283e4cdf88ad8aee1cb2971,0ba74be179805cd74aeb7dc70fd0d054,delivered,2018-02-20 15:01:40,2018-02-20 15:10:41,2018-02-28 13:32:07,2018-03-01 14:29:03,2018-03-09,49442f1aa89f3b0607299e77bd1b4792,2018-02-20
24385282a9d0bd77f93f0dd5accbb592,a998044c2973100ce2dbc8caa859191e,delivered,2017-11-08 22:50:01,2017-11-09 22:47:08,2017-11-14 17:37:36,2017-11-16 19:29:03,2017-11-22,f093c0084073c0a6eb9e3da83fb205bf,2017-11-08
baac0911f2a4d722ae9402a45b7e995f,edef03bdc413c0a6511fff76b3c9e0b7,delivered,2018-05-15 16:55:25,2018-05-15 17:15:24,2018-05-16 14:16:00,2018-06-01 15:41:24,2018-06-11,72b4d2fb4f187c185876a26264ef9490,2018-05-15
6ec1c5688688bee3df9dd2202ac41a7e,5d029f6ceaad42b4a10bc7e14f37e8f8,delivered,2018-03-08 18:41:37,2018-03-08 18:55:56,2018-03-20 17:49:47,2018-03-29 21:33:05,2018-04-05,3fe9c4f303300029e31d5f92d8228075,2018-03-08
7dfbacd668c23f1d45720c457f2aaa70,3888c042e9241f12d3e60d2323e3bc07,delivered,2017-05-29 10:50:47,2017-05-29 11:02:25,2017-05-30 03:21:50,2017-06-06 15:41:38,2017-06-23,f18a9b1d9aeef668714be19df592480a,2017-05-29
fbb1a0e5c4ba183f6cac6076920dc097,4e215db752d0c3ac49cdd2868b371587,delivered,2018-02-03 12:16:08,2018-02-03 12:27:16,2018-02-09 20:21:44,2018-02-16 18:29:46,2018-02-22,202516dc06481598c2cd322fe68f5ddf,2018-02-03
493e8e1cbab42239778580dfb102b213,6e4123c8f91f940fcdbe9ba9beb6bae0,delivered,2018-04-24 00:54:46,2018-04-24 18:06:35,2018-05-02 13:38:00,2018-05-03 21:18:44,2018-05-10,876835b3e18307ae11ee277e4a9d5925,2018-04-24
8346e642eb8d376b57cddc53b6118a3a,0609f5889f00803311ba52e9219c3872,delivered,2018-08-01 09:50:24,2018-08-01 16:31:29,2018-08-01 12:39:00,2018-08-08 17:58:34,2018-08-15,d19a7ae8f7906b5e2d81522802cdad62,2018-08-01
7344c860833e7ea5b676e4575b225d6c,7ce0adff24b4b3d2b542175fce45d9b3,delivered,2018-04-22 14:09:27,2018-04-24 17:14:31,2018-04-23 23:56:52,2018-04-30 20:14:27,2018-05-21,63b56db4d6016dec6ab39ba8733e195d,2018-04-22
7b9906348a4044ff73ce3034e9c8b7e9,4e830386ddbae62bb77201afe334c140,shipped,2018-01-08 21:43:10,2018-01-08 21:51:30,2018-01-09 17:18:24,,2018-02-06,cf756eabe3ad65a7f3411e595806d210,2018-01-08
4444ee622d44353604947c0232f3f62d,cd4e39304155e9faf215ed66d28f6e5d,delivered,2018-04-07 11:40:35,2018-04-07 11:50:14,2018-04-09 23:29:34,2018-04-27 23:44:36,2018-05-11,d80e2750d1f4388b2bec1f495daa05b3,2018-04-07
b20541ce2d6f4c7d3b204035f09ea681,e7939cb82c253885e5a3e92585980ac1,delivered,2018-05-02 09:01:03,2018-05-03 04:32:51,2018-05-03 15:18:00,2018-05-04 20:20:50,2018-05-15,b770cc23ba32f2d02183d5fc502e39b8,2018-05-02
66cce1a5edcf6eaaa50e28b6914de70a,250693cc963e32cae986a193a69593a5,delivered,2018-08-01 16:43:40,2018-08-01 17:20:08,2018-08-02 14:25:00,2018-08-06 19:03:01,2018-08-27,6cd5cf8d699886a4bde2cb85c8cd3e0e,2018-08-01
38ec15a8c5ee8b06e98a7db4f56f066a,9cae326cc4642d878c0cbf143ef29da7,delivered,2017-06-24 10:50:33,2017-06-24 11:08:35,2017-06-26 15:16:34,2017-07-10 20:13:52,2017-07-18,e773a42bacfb194f0f480d9e52d0f688,2017-06-24
4d1169dbb1880a13338378683225356b,41977b04b5eddaf8caa7b61c54a06dc7,delivered,2017-12-06 23:14:59,2017-12-08 02:54:10,2017-12-11 16:17:36,2017-12-19 18:19:08,2018-01-10,b5402c99debe24453e8ca4041c33cf43,2017-12-06
7abc6cbea47e076ca46d3bbc4afab9bc,16b5db7bc88fbfe036a260b81a2224b2,delivered,2018-08-02 18:35:44,2018-08-03 02:45:28,2018-08-06 15:37:00,2018-08-07 23:03:13,2018-08-09,18e6d5256e6af69df772549a8ffa0ac5,2018-08-02
f2e7c5a142f10116a1e657090e50e83a,2ff40950a6ed1f599cdc0ef052862ca6,delivered,2018-06-12 21:50:27,2018-06-12 22:21:38,2018-06-13 11:13:00,2018-07-04 18:05:41,2018-07-23,979c2ceba3dba51858b90a9d118e1b69,2018-06-12
7ca4d763a39831d8ba826af943d73ef2,b8880df4f114b1cb0c5b1b9c523f3db6,delivered,2018-07-17 20:02:06,2018-07-18 19:55:24,2018-07-23 14:58:00,2018-07-30 15:14:20,2018-08-06,78f80ec934b16ab3f154cae369cb732b,2018-07-17
91be51c856a90d7efe86cf9d082d6ae3,637321037fb8b34323ce7fd8aab4a0f1,delivered,2018-06-12 15:58:03,2018-06-12 16:32:26,2018-06-12 15:44:00,2018-06-15 15:42:07,2018-07-12,07547425c8f7a7086f529f2d3b80d21a,2018-06-12
f9144beb4a52ad3ca5337e1f9409a3f4,1422bd723a806e194cfb273eaa75e60b,delivered,2018-07-17 22:33:54,2018-07-17 22:45:11,2018-07-19 11:27:00,2018-07-23 20:26:45,2018-08-07,83554b4bb5c1ea09b8084e0e61798bcc,2018-07-17
0fafae9d817a5c3ce897f22d801b7395,6336a73ad07dc9ca8f5b52e39f23c51d,delivered,2017-09-13 10:35:15,2017-09-14 03:06:04,2017-09-14 21:35:58,2017-09-25 20:02:38,2017-10-03,b045295488236fa73d8d9c37dc4b03e7,2017-09-13
fcf380438c697a895901151d7a333c5c,003a75d228dc67cb2918e40c2aacc4bf,delivered,2017-10-19 12:07:22,2017-10-19 12:26:11,2017-10-25 20:32:42,2017-10-26 17:32:30,2017-10-31,2c66c0b1075c04c7f6e113de9e3a89d9,2017-10-19
c190d3402592ee86d5e9978ced572730,09dab15980f3bbbacda11d9cd2db9466,delivered,2018-06-20 00:29:25,2018-06-20 00:55:55,2018-06-20 15:01:00,2018-06-22 15:18:34,2018-07-27,f398cd9f21e2d341be800b3fcdae11ad,2018-06-20
3a8fee68ab3d1942113e41f8f3396fed,f5cf8c95dcda99dbe9c0cffe8d284751,delivered,2017-06-20 11:02:24,2017-06-21 02:25:46,2017-06-22 19:22:58,2017-06-27 16:03:46,2017-07-10,cd330e38c1817294f67186b458cc78a5,2017-06-20
a8a2941e92152e0edc39bb862cd6b6e2,c89a210a02f21b5c33c6c8013a22fa16,delivered,2017-02-03 16:32:12,2017-02-04 02:10:38,2017-02-07 14:00:39,2017-02-13 16:47:42,2017-03-10,e40c31d23377cd7fa85ca2024382c60c,2017-02-03
9218ec94cd0d96e4c3e6b8c1504aa8dc,0b064f4278f75fcbc81349df482353aa,delivered,2017-12-10 11:08:29,2017-12-10 11:19:34,2017-12-11 13:28:32,2017-12-16 14:04:14,2018-01-04,e81eebf02a8fd8f8a5b70ee29b40fce3,2017-12-10
b2eda1812564491a3461f7e08104ed8f,ebaefb74bad3930316a9134fb13bd8df,delivered,2018-08-15 16:08:01,2018-08-15 16:24:08,2018-08-17 12:00:00,2018-08-23 23:08:36,2018-09-17,6df7971a61f4ed9e3bbe9c7dd6c6a1d3,2018-08-15
d764dbf4808e4b71b8602d2c1655767e,9ff3b4f2efedcb1767dd4bb0ca75049c,delivered,2018-03-16 07:56:47,2018-03-16 09:06:55,2018-03-16 20:37:50,2018-03-19 20:03:59,2018-03-28,989fdb2e638f0b2fae786ec0b4cf5d73,2018-03-16
c75113aa2bd1c8e9b847c8c8c6490a12,a9b67bf2d6e9a3ea88323a2440e89646,delivered,2017-07-12 21:53:51,2017-07-12 22:05:41,2017-07-13 15:29:31,2017-07-26 03:46:41,2017-08-03,a2798bdda6d43f135ca7eec5cc28484d,2017-07-12
4ee8c2344eb547af4169bcee11664bb8,b6607d072053280d29eaad974debf575,delivered,2017-05-07 18:52:33,2017-05-07 19:05:16,2017-05-09 08:13:31,2017-05-17 09:56:46,2017-06-02,5a2e847dd085d36e3ba8916b75e794ed,2017-05-07
21af19181b59fd603fd2c40717d3897b,162063595acec23bfcab0eab134450b2,delivered,2017-09-18 11:45:11,2017-09-18 11:55:18,2017-09-19 16:39:05,2017-10-03 21:11:19,2017-10-17,7c87e340df6050446ae8c8edce73db04,2017-09-18
d84217b494046fedbd03da87fe309615,50e3f999ec6d14e489a351c228c6b134,delivered,2018-06-08 17:16:14,2018-06-08 20:32:07,2018-06-11 13:01:00,2018-06-19 17:54:31,2018-06-26,ecbb077d24c5edabd99127934fce90fa,2018-06-08
2a6d1505d28e5a6956a20dcdaa6e0464,4bed497397b06b63041a9c64e7656443,delivered,2018-06-22 18:25:32,2018-06-22 18:58:15,2018-06-26 11:04:00,2018-07-03 17:19:49,2018-07-26,1c625c3d895e71f8db8d7138b1c3a349,2018-06-22
b4e6acaa8099879abe597c7f79f0c2b3,2e72384d36d09f4eb5e5a875f8f48fb1,delivered,2017-11-25 13:35:19,2017-11-25 13:47:32,2017-11-28 22:18:20,2017-12-19 17:49:05,2017-12-15,3130166b602995f07d55516b17a20ed1,2017-11-25
19f7c2937f28a1340a7a3c5c64a26123,474779cb02e6b3c09fbdd2d66b64422f,delivered,2018-05-04 08:25:51,2018-05-04 08:35:14,2018-05-09 16:20:00,2018-05-18 16:15:40,2018-06-12,841491836b155cea10133828ca4a600b,2018-05-04
8ea686421c93e25c034f9c1f0a0058be,b59209dd2ee2d48dbec6de3ee4a708a4,delivered,2018-05-04 22:58:01,2018-05-04 23:10:16,2018-05-07 15:10:00,2018-05-11 21:28:37,2018-05-21,c6de086ebc6770b040d7e04daab20a83,2018-05-04
5585e904baf149821491997c9499628b,596608168dc8c9051b2d6b92b541a8b8,delivered,2017-08-26 00:13:20,2017-08-27 00:25:13,2017-09-05 15:55:57,2017-09-12 18:27:46,2017-10-02,bc1b033c99dc10515de0fe91ad75e402,2017-08-26
3921700d2866038326e6fa0b48962e35,c09880500ad047129ba8705553ee6ecb,delivered,2017-09-13 20:54:34,2017-09-13 21:05:43,2017-09-14 15:43:50,2017-09-18 19:56:49,2017-09-29,19d923980f3a02942edb6d2b88a01df9,2017-09-13
7c259a397799aa0b7043c30ff9d042a5,935a368be7c475d126ffe4c185ec0ced,shipped,2017-07-23 16:32:12,2017-07-23 16:45:18,2017-07-25 11:04:00,,2017-08-17,2cc2994dfd910c9faef01bcd602ff741,2017-07-23
17836bd884d9f15719248827c625e977,3d3a914f6c224c43dfb53fb6d29bdb31,delivered,2018-01-15 17:09:11,2018-01-15 17:18:23,2018-01-16 17:50:03,2018-02-02 14:27:03,2018-02-15,3b42397b0b4ec51732fb697c430cbb19,2018-01-15
47d334f5f5e5a8f38fd5893ae0e6af35,47fe6a72eb9d07dc449c78b69ce03e03,delivered,2017-06-13 08:16:19,2017-06-13 08:25:13,2017-06-14 06:34:10,2017-06-19 21:37:38,2017-07-06,a973343f2996d5a701dd1c8f60099586,2017-06-13
3ac745c240dae78ad2e1b9e191e92143,b3f3105461c1fbbfa2643be0e7ef3359,delivered,2018-01-18 15:08:15,2018-01-19 14:59:26,2018-01-23 01:25:07,2018-01-31 14:41:55,2018-02-14,ba06852aa0cfbaf3e534272d2be15a96,2018-01-18
19fbc3165fe906b098d02a6bc25d5318,81bb108bff287a2e98e16008e1ce9128,delivered,2018-03-14 15:38:43,2018-03-14 16:20:25,2018-03-16 20:07:43,2018-03-29 23:03:51,2018-04-19,3429548a00c12192afbd69ce55fb58ac,2018-03-14
30813fea6f93412555f8f359701fc7e1,6e93ab5b7052dd417ac1c295eed8e843,delivered,2017-03-17 19:46:43,2017-03-17 19:46:43,2017-03-21 15:06:06,2017-03-28 15:40:18,2017-04-05,95e1c50b5d8c0a5f8690923beb7edc9d,2017-03-17
bd34db34f886a82d2f7e9214b6fd01e0,5c2bab9a09604f016d9ccd13242db649,delivered,2018-01-10 19:34:34,2018-01-10 20:08:16,2018-01-11 20:23:13,2018-01-23 19:52:54,2018-02-14,b849f49416bd94ee6b0a4d36fce5b3a6,2018-01-10
fc4bcada7517f413ad3d38e7404c9b3f,1334da127df70d32ddf5a1a27c675e65,delivered,2018-07-05 14:23:20,2018-07-05 16:32:07,2018-07-06 11:22:00,2018-07-11 13:54:30,2018-07-20,ea2338471bfa1dd636005e5d4fc0c97b,2018-07-05
200b121c28e10ef638131a7c76753327,26bcca10e5c9679c306d8333bf527929,delivered,2018-08-04 15:55:59,2018-08-04 16:10:16,2018-08-08 14:35:00,2018-08-23 18:21:59,2018-08-30,7e518b9896c26844bf24c1802c7d8775,2018-08-04
90bf0d006edb962cf09943bf3e4ad217,60a63d5cfff369d6ca0d86ab8073c8d5,delivered,2017-01-19 17:17:28,2017-01-19 18:31:23,2017-01-23 10:23:56,2017-01-27 11:08:09,2017-03-03,325e19085f3017b73be3d9fd98a93301,2017-01-19
1f57e9ff5f61f27154f91721393f9615,50074838d31ff6a3560df49cae0d534d,delivered,2018-03-01 07:30:51,2018-03-01 07:45:21,2018-03-01 20:37:09,2018-03-08 16:30:23,2018-03-21,4f0e9b8953834aaa3b747254ea2e11d1,2018-03-01
029b99b0436c25c8de22cb828831ffa8,a7efc7f9a3444cd0b3d780d5a060b2c6,delivered,2018-07-30 23:11:57,2018-07-31 23:10:13,2018-08-03 13:50:00,2018-08-10 18:07:30,2018-08-17,9439251e563c4ea556db0b4dd90e6ea6,2018-07-30
9f0663bf008ccdbfbd96ac9a31ba7442,e82ac93ebcd376d09641417737b7e8b2,delivered,2017-11-24 10:56:16,2017-11-24 12:52:22,2017-11-30 18:29:22,2017-12-22 20:49:27,2017-12-19,1606270b200b79a68015ee518faeec87,2017-11-24
16b2484e5171f8cde29df1cfac3ad7e4,20bf84a3528832d4d61d80ba03be4a9f,delivered,2017-09-25 21:21:05,2017-09-25 21:35:13,2017-09-28 19:58:10,2017-10-04 00:14:04,2017-10-17,44059773531edf28f5a8a79f2eb5b3ab,2017-09-25
127648601fc869b77e2e4467074a65b3,293672c73aadcce93f733f7e01d8aac9,delivered,2018-05-11 10:32:32,2018-05-11 10:58:12,2018-05-11 12:28:00,2018-05-18 19:51:33,2018-05-28,f6aeb30b804a6e8941708f4e201cd485,2018-05-11
a5507507d82c1fb664405882ed065af0,1b304cdb65a252be98ec533eac75bbf2,delivered,2017-08-29 11:34:11,2017-08-30 11:44:33,2017-09-11 20:57:24,2017-09-13 20:40:10,2017-09-20,fed1227e08fb9852b896221a0932ffeb,2017-08-29
34a989b4dcc21e3151e957dfe67df824,319c850f33954b0d3911b7317282b335,delivered,2018-05-01 12:31:07,2018-05-01 12:59:27,2018-05-03 17:14:00,2018-05-07 17:52:45,2018-05-14,76de6c90299164750e98433eae294dea,2018-05-01
11d4183301045a75d359c663b8804adb,61bd0c47dc93a50dcac3e2ad1ea5cfb8,delivered,2017-07-23 15:39:56,2017-07-23 15:50:13,2017-07-24 18:49:33,2017-07-25 22:33:21,2017-08-04,4656054a22c6da7fddc3bc88bf5f4a18,2017-07-23
039fc6a7aa5527e4cf6ed3c3eca00c15,6481279fcd5935cc4012de23ac379ab6,delivered,2018-01-02 13:40:05,2018-01-02 13:52:24,2018-01-03 21:38:46,2018-01-05 17:59:47,2018-01-18,67f5420469ecf30af33c56afc4c82c68,2018-01-02
fd70c48e9fe08ec1f96611c3b65e9c61,d0a1c30f503d889c6953722148dbfb95,delivered,2018-04-16 09:21:41,2018-04-16 09:31:24,2018-04-16 22:14:39,2018-04-19 23:12:56,2018-05-11,b10d4eb231dca14eceadc918477ae8ff,2018-04-16
41683ad54cbd17bd932eb623e0ff7257,2c1b2a307648efdb06a48595a8e8b354,delivered,2018-06-21 12:16:28,2018-06-22 10:19:05,2018-07-03 05:55:00,2018-07-09 15:06:45,2018-07-30,194a415691054480966d811026b7b845,2018-06-21
fd54537438233bc798bd3fdac32bcfd9,201c90f4f548f6ac85f821578528b42d,delivered,2018-08-04 12:46:14,2018-08-04 12:55:25,2018-08-06 12:45:00,2018-08-09 19:54:54,2018-08-23,ac096665c31a8a609691ad8ce54fe2cc,2018-08-04
d904c8fc4955920c3cdb9a2681648f3d,e808298285a80ef79a218d5309b38faf,delivered,2017-05-29 12:04:33,2017-05-29 12:22:48,2017-05-31 08:22:15,2017-06-05 13:39:48,2017-06-22,0eb3c30246bbb5835bf168c670894272,2017-05-29
ff0e955a45ce7d823147bc51559f7b8b,7a6b44be52a308e29cfd7a159b53d917,delivered,2017-11-27 09:42:13,2017-11-27 09:55:48,2017-12-05 00:06:49,2017-12-07 19:24:54,2017-12-11,77fa8cee68480d2e5da24df520bc48f4,2017-11-27
f0c53ca3e5e7561fb1ff79116340d113,63b05f55c0ba62261a42fc7a48bad9bc,delivered,2018-03-10 23:17:10,2018-03-10 23:30:22,2018-03-13 16:48:34,2018-03-21 19:16:30,2018-03-22,a51ad6d24ddff4eb2277385801cc4962,2018-03-10
40c8d67fd240c45c8d7b082a8ab8d9bf,af4e75a432ace603f8b572cce5f8cb83,delivered,2017-03-07 10:25:57,2017-03-07 10:42:44,2017-03-08 16:20:40,2017-03-13 11:24:56,2017-03-27,ee5c5d0ff3ff8e904b5c2b66dd471b01,2017-03-07
7781f29a6de6cb94622ec8cb927dded0,1869a07fb80a8eb124cc0619f6e503a5,delivered,2018-08-16 09:21:51,2018-08-16 16:35:26,2018-08-21 07:50:00,2018-08-23 02:18:04,2018-08-22,96c1692c4cb26d24d406a32cdbbfde25,2018-08-16
53bd622a8d20922d658c830bd18c22c4,eff15f751d5965e6f1d3c5870144cd31,delivered,2018-05-04 13:52:00,2018-05-08 04:54:07,2018-05-08 14:09:00,2018-05-23 12:48:32,2018-06-07,08e4c4ea02b967088505d28c741c496e,2018-05-04
73cfd52c2ab878481307dcd97df6155c,3c2e7801b4935aab59ad135bab7207e6,delivered,2017-12-05 13:58:42,2017-12-06 12:30:44,2017-12-06 12:47:58,2017-12-12 15:07:32,2017-12-29,7c7ac4b5bd7401d0d5887371f5162c95,2017-12-05
473defc0ac04db9fc14d871ab980e9d7,0098c4d01b3588b0b61ac012e5e4b228,delivered,2017-08-04 06:54:17,2017-08-04 07:10:08,2017-08-04 20:09:19,2017-08-11 18:22:49,2017-08-28,ed5f2cdb43c9166062c0baffd3973f14,2017-08-04
19fac8726c95312e1eb2a67af89f7723,a539d577f8423edaed4834095468f154,delivered,2017-11-17 13:17:21,2017-11-21 03:55:26,2017-11-22 16:43:37,2017-12-13 11:47:02,2017-12-12,7f9a27e48f342cd61ee6a2efd524f7b4,2017-11-17
74b622c0a0af22b8a2646c54e50f1c21,bfb8db4a119f18da64a8923f8e62272d,delivered,2018-01-15 10:16:14,2018-01-15 10:30:13,2018-01-16 16:21:58,2018-01-19 21:38:45,2018-02-05,c65947f79428d123bcebe85b0e1ce777,2018-01-15
8ab1d03fe8066ddf7b1882f20d699db2,dffcdbb73deaa08c8811c4d541c538a2,delivered,2018-06-20 13:18:14,2018-06-20 13:38:24,2018-06-20 19:51:00,2018-06-25 23:58:34,2018-07-12,fd97b080540cc0880bae9f65b8f0e1c8,2018-06-20
3e12e60631dc37f47e3e3b6d866758e6,5094fbfacb2f3389cf4fa9b276caea3b,delivered,2018-07-29 18:12:14,2018-07-29 18:25:15,2018-07-31 14:05:00,2018-08-06 21:57:50,2018-08-21,ef9fdb355684024c1aa834c328980e9a,2018-07-29
7588fbb6c9001d45b0f2bafb4be7ef56,a1c991feff10a10e9c9e4d0bad6fe1e9,delivered,2017-10-15 17:15:38,2017-10-15 17:56:25,2017-10-18 16:22:43,2017-10-25 22:02:56,2017-11-01,da15d74b6a2c61280c0307cc93b32876,2017-10-15
08a5a57f90304e3e736623cdd8eb0166,29273dc3d377263d39a9161d8fd64121,delivered,2018-06-05 10:26:59,2018-06-05 14:31:23,2018-06-06 13:12:00,2018-06-12 20:41:01,2018-07-11,9fdcbc70784e835736b2fc6034707c18,2018-06-05
bbcee2bda0886af84f8dd8f19870063e,8e92ae50666d4e5e87ca29cf4c6d54e4,delivered,2017-04-07 11:53:04,2017-04-07 13:05:23,2017-04-07 13:33:01,2017-04-17 13:34:10,2017-05-03,f14f1332082d63a6e81a5ee05ef47273,2017-04-07
ce4fc11eef7cb0c2cbcaf63598e3bc29,343e5d9dfbbeb67e92891d2054563ad0,delivered,2017-11-08 08:12:01,2017-11-09 04:31:15,2017-11-09 22:16:52,2017-11-20 21:14:51,2017-12-06,5eb93b10719af7367a4871cce3820be6,2017-11-08
fa40e63c3c59d4bd7858f31c33e0d882,036f4b8b056789194b5f668eab64c84f,delivered,2018-04-21 20:41:35,2018-04-24 18:41:25,2018-04-23 18:00:09,2018-05-03 18:19:36,2018-05-22,3f74f48c85c1c74cc34bf2e5c5a2e434,2018-04-21
a8a8a640c7861a9a20dacbfe8cd15edb,4d39e674acd2b6973236e1c0e0810046,delivered,2018-01-08 11:19:26,2018-01-08 11:30:23,2018-01-10 15:10:35,2018-01-12 23:29:10,2018-01-31,79b8c64d57029ea319058ebc4799b9ac,2018-01-08
806d19127814e557e910ad0c90891886,d56fc85fbbd22594447cb37f68c02e95,delivered,2017-05-12 15:39:49,2017-05-12 15:55:15,2017-05-16 10:18:59,2017-06-01 15:03:23,2017-06-19,a8bf743f769f980a567df950e56c4d62,2017-05-12
e37462f737a59fcd8f12079e0e927205,864deba6b142c6d04a53fd379a9256a3,delivered,2017-08-27 13:58:08,2017-08-29 04:30:23,2017-08-30 21:58:47,2017-09-11 18:16:52,2017-09-28,184997aab6012d21021017a525de5206,2017-08-27
18edd1c2ced2bb5d3175b611864155b5,e0c396c670d880b3d892fd834aa6a154,delivered,2018-03-22 14:01:17,2018-03-23 13:55:44,2018-03-27 20:21:15,2018-04-07 00:36:38,2018-04-10,e4d800060f85d896b83b4c3e3570065b,2018-03-22
124f1c960dc017afef91dc9c65b771b1,a5e8da982c56df849ca92684e6e4d9e5,delivered,2018-08-18 14:30:30,2018-08-20 14:35:53,2018-08-21 13:58:00,2018-08-24 00:02:45,2018-09-03,d59242c4945ee516c0b2a9217c257edb,2018-08-18
f48f1f27399611e17088c57968bc1486,db3c36ca6cfec9f21c744dba2d3e1e24,delivered,2018-06-05 22:50:47,2018-06-06 02:35:11,2018-06-06 08:39:00,2018-06-20 19:26:37,2018-07-11,6041143fd50e4235e799bef24061ae8e,2018-06-05
c9dc4e0914920294cf5dc4df353cb641,7f21886a1b3f4a266355c1b06eceb68b,delivered,2017-05-04 10:57:37,2017-05-06 02:15:39,2017-05-08 11:41:09,2017-05-17 11:16:49,2017-06-08,408196258b5052a4a13c4f262e12ba30,2017-05-04
6559afcb08c9458feea561826c4a178d,935c0ed9a9cd571dbaeb21bffd9ccc40,delivered,2018-07-08 15:13:20,2018-07-09 15:10:14,2018-07-11 11:36:00,2018-07-30 20:58:49,2018-08-02,894ee9f563c990def84f3aeb0d85fdb0,2018-07-08
1a6106220209223cef1d0e09d629c677,183638a979f63f2d45ede936483bbab7,delivered,2017-10-15 11:31:50,2017-10-15 11:49:17,2017-10-16 19:13:56,2017-10-20 15:16:56,2017-11-06,035d927c32ff7d5fe4e9babecc5f614f,2017-10-15
cc3518a32accaeeca420bab0fedd0661,ab8f0f8aebb8b6b7369a7aee659fdcb1,delivered,2018-01-03 11:59:24,2018-01-04 05:14:56,2018-01-04 23:22:30,2018-01-23 22:36:11,2018-02-06,ddaf2f63748bd1251f364fb511cf6fe4,2018-01-03
2dac1809f9dbdd8fa97870ee26c2736f,48551a5f05da712bf721e6e4d24dddda,delivered,2018-05-20 10:30:21,2018-05-20 10:58:31,2018-05-22 09:06:00,2018-06-07 16:09:57,2018-06-18,bfe4719cdbc3a93a56e3da2ba000add9,2018-05-20
47d051e89cf6490245136694a26a4395,23954a8ef8b736e65195710c34683222,delivered,2017-06-19 23:45:01,2017-06-19 23:55:12,2017-06-23 10:13:46,2017-06-26 12:14:45,2017-06-30,f157ff4601a1a77baef659c10fa8f22c,2017-06-19
0d4ec8ac8110edc00c3f378607191877,7cc0fd76a9092be4823dabadeee4fdd8,delivered,2017-07-14 11:35:02,2017-07-15 03:33:39,2017-07-24 18:13:28,2017-07-31 20:47:48,2017-08-15,31b051671d995456a35b106e22c19ba0,2017-07-14
ffcc17a2f3331d4d25cf692060921690,bf75820404561a3f35085c58a99a63fd,delivered,2018-06-29 14:41:28,2018-06-29 14:50:16,2018-06-29 14:40:00,2018-07-03 16:14:35,2018-07-13,42d00e20578ce3c693acefa74c150cc8,2018-06-29
3eede5914d6b7f238a92e405cb5ef35f,ecb76cdf1d50c4f7e5395c07f1edf46a,delivered,2017-07-05 21:05:59,2017-07-06 21:15:08,2017-07-07 17:21:49,2017-07-11 20:37:24,2017-07-18,0a8ddbf973510e50bdbfd4300dd90385,2017-07-05
278cc6221989b58d9a1a74134e0accfa,58495ea8d65ad7a0908d89cb58fb9804,delivered,2017-05-10 18:32:19,2017-05-10 18:45:13,2017-05-11 10:05:41,2017-05-17 12:24:38,2017-05-30,53ad3e826588e9f569b59b168636e2e0,2017-05-10
905aa2fd9fefde45aa8b7866b02554ae,2b039e6da2b5cc14db88cb39fc3d06ac,delivered,2018-01-30 09:43:09,2018-02-01 02:52:23,2018-02-05 15:57:06,2018-02-08 17:37:00,2018-02-26,e16bb75215e3c2628f071f428e4a49bd,2018-01-30
9fcbcb4a0b2d62715ac988b220c621ec,15f71021d8d7ecadc08a88a3d8b91002,delivered,2018-01-24 17:05:26,2018-01-24 17:24:26,2018-01-26 15:41:59,2018-02-10 00:32:32,2018-03-02,d9892c56320242c653eae294d70305cb,2018-01-24
3b477558dd43ca0e069be6c79321aa26,73e9ca3feda9327182d698425804e4cd,invoiced,2017-05-08 12:04:22,2017-05-08 13:02:50,,,2017-05-29,1a4028a275a61303ff0de4f1aad83f64,2017-05-08
fd7f1e5cb7d88c786df9b8026d733572,953ee57ff32fa8b1ffac730c49b1604c,delivered,2018-02-05 20:47:48,2018-02-05 20:55:55,2018-02-06 21:07:51,2018-02-19 23:19:04,2018-03-01,013b6090dc49b5fa51196b20ec11f19c,2018-02-05
5e362b5d60f22cf39bb6066118c31fae,743c1d91eb910917739b0713540a43f0,delivered,2017-08-08 20:14:46,2017-08-08 20:30:19,2017-08-09 19:47:39,2017-08-23 16:10:16,2017-09-08,6e6a80c64dba68adf32cc3aff1f54ba7,2017-08-08
9aad86a646fc47633629fbc7d2c2cfec,851fa3e0bf415f6945462c8359258618,delivered,2018-01-18 09:27:54,2018-01-18 09:38:29,2018-02-05 18:33:41,2018-02-23 16:33:33,2018-02-19,c4552c6440f8fdd464d06bc7691b8cc3,2018-01-18
1a8e038996bda6eec89b10dce066e0c9,09126adc44fa5fa5de202278c2538cf8,delivered,2017-09-26 10:59:31,2017-09-26 11:40:06,2017-10-03 10:32:04,2017-10-06 21:40:06,2017-10-24,6bc5701f2f8168147a5f03b8b135c363,2017-09-26
180b5d1aedd4d65830b858c471e44230,c34ca842cb954be537246cd2dd439329,delivered,2018-03-11 21:22:51,2018-03-11 22:20:34,2018-03-13 01:38:46,2018-03-21 21:32:36,2018-04-03,1a4a4a97fe6ead2803328e573f3a6377,2018-03-11
739706624ef992fc93bb60f5df5e1278,80d1b0a1bf64b3976917a886a2dd62dd,delivered,2018-08-15 22:27:30,2018-08-15 22:45:13,2018-08-17 10:55:00,2018-08-23 16:17:13,2018-08-29,5eef461e1881783a821d431b83d84a4c,2018-08-15
bcf4f139b50c6689378fac7fe255a186,0c30178309c1c4a738622c81ae3d2f3b,delivered,2017-08-04 10:32:57,2017-08-04 10:50:18,2017-08-07 17:28:14,2017-08-10 20:59:44,2017-08-31,95d47153b9bc4d0fe3b9c714c4b19c3b,2017-08-04
7708348e3397bde852e5dade4c632d8e,5a4ee1320c445a642238d915249864ac,delivered,2018-02-15 02:20:14,2018-02-15 02:35:19,2018-02-16 19:45:47,2018-02-27 23:33:00,2018-03-07,deccec264c92bcc03e9d0fd7ccff2e58,2018-02-15
7df4a1e4f63494920c5e53da93a08183,35dd14f3ffded4b92a1569a0ee3e6d1d,delivered,2018-04-19 11:43:20,2018-04-19 12:34:15,2018-04-20 22:28:31,2018-05-04 20:08:54,2018-05-15,b3ce8008bc829850e11183c51c6e824a,2018-04-19
77b04f15396c882d9989245e0afc7147,e1904b5574a696e8b11209d62c02d198,shipped,2018-01-02 13:10:04,2018-01-02 13:19:19,2018-01-08 18:03:34,,2018-02-01,85e5f22813f824080e7576c41336246d,2018-01-02
714b93bc4ed81c32fbf579f30619f3eb,7aa5985858f6df9299d202265b71028c,delivered,2018-02-07 22:43:12,2018-02-08 22:50:31,2018-02-10 00:57:08,2018-02-19 15:45:19,2018-03-06,a7a0f4f2b101a999f584d93cef692b2f,2018-02-07
652ea8ea554ac0339e725a3a9c028040,1d4e6a21d80dc3eaccec225fb5e78a6d,delivered,2018-04-20 09:41:41,2018-04-24 18:12:56,2018-04-24 00:41:47,2018-05-01 12:41:11,2018-05-28,1d9ec2bb9468c092658db37f486e4549,2018-04-20
8aa454f4a1257f74aa178aba255e7cf7,5758df8163a3dbf93ce402c6e0f0c4ec,delivered,2018-08-07 15:41:14,2018-08-07 15:50:24,2018-08-10 14:52:00,2018-08-13 14:12:06,2018-08-13,bd6d9c57e53cfb0a30f623ab2f369d83,2018-08-07
317e2909dc1f2ccf9d267681ec127887,40ece3840f58de35c2c47cf9390ed160,delivered,2018-08-14 10:10:13,2018-08-15 03:31:03,2018-08-16 13:46:00,2018-08-24 15:49:32,2018-09-05,112e2aef6c160da7c72e9a8e475ddf27,2018-08-14
a7547ae74369b19c925d4d0f11047e7c,ce60ab2efcaa31dcd020809ac6821afc,delivered,2017-05-19 23:09:00,2017-05-23 04:22:37,2017-05-26 13:17:51,2017-06-05 13:28:58,2017-06-23,8ef9b266968948cfdee2b9d5fc7503da,2017-05-19
965e76a46add2947780548a4a1e9d661,6507148ae0ed3627cb681738af94815a,delivered,2018-02-05 14:05:01,2018-02-05 14:31:28,2018-02-22 00:29:12,2018-03-12 21:51:16,2018-03-15,dc6f679bb791ad60d76ef9c00afc4ae4,2018-02-05
c19b1ddd7ab6d205a37aae9f0aaa6f0a,436f94ca58a0db5261ee73a1f22da7ee,delivered,2018-01-27 18:27:37,2018-01-27 18:36:48,2018-01-30 23:28:03,2018-02-02 14:07:29,2018-02-20,e4180c691d4f220dab0a54206ad1b96d,2018-01-27
82cfc721893072e906ea29b1f0fa08f0,574dae3d2726530a55ab02c8fb9bc3da,delivered,2018-08-17 11:38:18,2018-08-18 02:49:59,2018-08-20 15:10:00,2018-08-27 20:47:32,2018-08-29,e58058c12e135eefae89c8b3cf7c4915,2018-08-17
5dc2065524809a87208d760d279f88ca,81fbbce08531c4ba0446abd69996acc3,delivered,2018-07-29 17:02:03,2018-07-31 04:31:28,2018-08-01 12:37:00,2018-08-02 18:49:03,2018-08-06,c165003468fa4ab103c5e83a97b90e4a,2018-07-29
341fd75c5d23b024ba2c98c53b491adb,90e1d0d9d447d13a6b9cb4c35524a2d6,delivered,2017-11-24 09:35:26,2017-11-24 10:56:52,2017-11-24 17:26:52,2017-12-04 23:39:59,2017-12-21,fdb40155ddf2bb93cfee0e0717b6559e,2017-11-24
b19f25f057ac96ff8c7746e9590989b3,ab66e397db1b48e3bde13be7bc47aaf2,delivered,2018-02-21 08:39:02,2018-02-21 11:56:48,2018-03-01 20:58:30,2018-03-19 18:22:18,2018-03-16,ba87a137c5191264841e0be40e53f4ed,2018-02-21
8f21577e27c80ffb814f445c88ac04c0,362614b2140245271cfe4bb7ba93c602,delivered,2017-11-29 23:22:55,2017-11-29 23:36:27,2017-11-30 19:12:50,2017-12-12 15:52:00,2017-12-21,a35d1b259c51d86b51ebda6cd3da7ec2,2017-11-29
5fc3e04af31e724bfee5ffab7d3b41db,b49d90fa03783fddad3547534feace2b,delivered,2018-07-31 15:26:02,2018-07-31 16:31:54,2018-08-01 15:59:00,2018-08-03 19:14:50,2018-08-10,f424125c4996d72b3c0c1258e2b1f8fc,2018-07-31
ef4d9afd6bab0beea21bbb3eb0c508b6,5664095a14e3730b63cbecaf09649cb6,delivered,2017-06-28 09:16:58,2017-06-28 09:30:17,2017-06-29 14:51:42,2017-07-04 14:33:07,2017-07-18,41b69f4c1eadf53e16c4390c6ac2551b,2017-06-28
753c4a66ef772332b78edb65a317f903,158909ef81850b0ffd25419383fcd527,delivered,2017-10-21 13:42:03,2017-10-21 13:49:35,2017-10-26 16:10:09,2017-11-15 17:18:49,2017-11-17,34cba4ed4c90800cdb9bb5b818fe04bd,2017-10-21
55c9cfabdee5ea72c34f3861da9e817f,02c9c4785d6e1cb6a78e9ddf029aa51a,delivered,2018-03-17 15:49:23,2018-03-17 16:09:16,2018-03-20 00:51:02,2018-03-23 15:38:55,2018-04-12,2a11133a459a6a5be581af7d2d098c26,2018-03-17
9c6091fbefbb76532f8a51939765c532,b95d2f9bbd4c67ae66f0205e049bdd47,delivered,2018-04-06 11:07:05,2018-04-06 11:29:02,2018-04-10 19:12:19,2018-04-30 21:03:29,2018-05-09,a9208203978f82d89b79822d0a8a6f6c,2018-04-06
f6a88671e8773e56db1b3d82d29a01ce,5d5d33e9eb05f3287dd028e3818a9a99,delivered,2017-07-11 20:16:19,2017-07-11 20:43:43,2017-07-12 19:14:39,2017-07-17 17:40:06,2017-07-31,c39cc614fed49af2e212d52778708a3d,2017-07-11
0890337bc4f93f0370ccdd9a0c8b1f55,9948dd43c6e5b0ffa087dc32c1f78eab,delivered,2018-07-20 14:49:22,2018-07-20 15:04:27,2018-07-23 12:19:00,2018-08-02 19:12:05,2018-08-07,904911bd426459e4646ff3392eb9db4e,2018-07-20
e3d00d0b8da3f7cb186267acb4b75eb7,bbbc3d5bb59190293cae4efbc5b66eb1,delivered,2018-01-03 00:04:11,2018-01-03 00:16:30,2018-01-05 20:51:32,2018-01-12 23:59:02,2018-02-05,dcb394f9349ea5bad39f9074f1c06e49,2018-01-03
f96b5c312ad850920b6aed06ee8881ad,87f02a067e858106e8bc1ee503540c83,delivered,2017-12-13 21:28:07,2017-12-13 21:35:32,2017-12-14 23:13:22,2018-01-12 22:21:46,2018-01-11,33fac23a6ca3d5af1cdb94eedc9218e0,2017-12-13
162fcce5f7c895e5afb504f6f1cee4ed,f581d009238201744f193e9fce843a3b,delivered,2018-06-01 07:11:05,2018-06-01 15:52:45,2018-06-04 09:14:00,2018-06-11 19:07:24,2018-07-04,b17edf8c0f122279a1160720468ebc69,2018-06-01
e86fb2abd1932ca34230cb407378e9d8,abfb0f5c3e33e9758046fd150f11f8d7,delivered,2018-03-07 15:10:04,2018-03-07 15:32:16,2018-03-13 21:51:26,2018-04-17 21:58:21,2018-03-27,c4c08ab2afba13d215da7d3ab31859f1,2018-03-07
855c2d10e8d3135c6cd5af5dd14d080e,6392126e39bdc2bc69b67f1e7bd19dfa,delivered,2017-11-24 20:19:53,2017-11-24 23:32:24,2017-11-28 17:33:42,2017-12-28 19:52:28,2017-12-19,f6096387d1abb66c337c8e65965942b2,2017-11-24
2ec3fb192c828ca618c797ccb2c22a3e,0ab3d6b4dbec9970125fb421e7d69f75,delivered,2017-10-31 13:39:17,2017-11-01 03:35:34,2017-11-04 04:12:50,2017-11-13 21:25:50,2017-12-01,36e3f35b8c181c500cef1d51c6a43d11,2017-10-31
aea58826ab6af5bcec0ed22041b7dcfe,b7e6c3b93c496e674a95460fd73f4b32,delivered,2017-04-20 09:04:14,2017-04-20 09:15:17,2017-04-22 07:18:05,2017-04-27 14:07:06,2017-05-12,565448508b44312e8489ca1bc1f5d09e,2017-04-20
1e36204fd8a2e695a35dd5e41cd392d8,c9acc9e10d24240e8ccedcacdf395bbd,delivered,2017-09-17 21:13:07,2017-09-18 21:15:16,2017-09-20 19:57:58,2017-10-12 17:13:31,2017-10-16,e9b61ea990734a1aeed03d76d14bcf3b,2017-09-17
82516b1bbe4b8bbcb50025b8cbd62505,cba10f2bbe92f7f14a7c042facc2d358,delivered,2017-12-22 17:43:58,2017-12-22 17:53:26,2017-12-28 20:29:33,2018-01-03 18:34:34,2018-01-15,237c54da8ac0f9508bcb961073e9ab1a,2017-12-22
6596bb82d3587969e11ab60c661f199a,72af77f387a7afc780a97bd40fbfcb3b,delivered,2017-11-16 22:31:43,2017-11-16 22:54:14,2017-11-17 22:32:25,2017-11-24 17:27:19,2017-12-05,3c784e5a869bdde44bcde14b7471bc4e,2017-11-16
d77031d6a3c8a52f019764e68f211c69,0bf35cac6cc7327065da879e2d90fae8,delivered,2017-02-18 11:04:19,,2017-02-23 07:23:36,2017-03-02 16:15:23,2017-03-22,c4c0011e639bdbcf26059ddc38bd3c18,2017-02-18
59ed221ecfd15cdf31844340d3875b7b,276963410b4f8035297d2afc212105b7,delivered,2017-04-21 11:21:04,2017-04-21 11:30:16,2017-04-27 16:07:01,2017-05-09 21:46:59,2017-06-02,71709a152a5e4397c71820a119ac38e4,2017-04-21
0241b276e1e2b1d6873473c44240b426,d7985e6fd1cd00201093d271a93f3985,delivered,2018-02-21 09:38:26,2018-02-21 12:05:35,2018-02-22 23:23:18,2018-03-27 01:22:55,2018-03-22,bfbad637ec59b54146a553e6ef427ea4,2018-02-21
0510b3fb25b0b62b1221ec1cd2e495ee,d6e816a35e42165ae9af6c44209dc565,delivered,2017-06-08 20:39:27,2017-06-09 20:35:13,2017-06-12 08:42:12,2017-06-26 16:57:39,2017-07-13,f041d0ca4717eab95d05b412e6aaea17,2017-06-08
712f25b2ae7f5b20df02ac0c361a71bd,a0325e9bffee8bcf4cd6e50bb677111a,delivered,2017-07-24 10:17:28,2017-07-25 12:55:13,2017-07-31 19:54:11,2017-08-02 19:29:57,2017-08-04,9b6aaab71723727ac6a05977b6872876,2017-07-24
04bf4de54cc6a9145f3ca780b9f45d54,430fc891a146939e7337da2a8aec525e,delivered,2017-05-12 06:48:10,2017-05-13 02:55:23,2017-05-16 17:12:43,2017-05-25 11:34:12,2017-06-01,6eb44ebe2e1ab11ad3bfa6c8a1652e2c,2017-05-12
b75e305d05101f6e3be82f6a07adf840,d1398f7516036eae967e7ca31a387dec,delivered,2018-01-22 13:44:30,2018-01-22 14:26:17,2018-01-23 20:28:58,2018-02-15 15:08:24,2018-03-02,2d8ee45e74454f6c8cc717d84be94975,2018-01-22
a74094da6741c43e6cdd5fc25ca3ff98,3531fdff227e1e951edf02468e53d9c7,delivered,2018-08-14 15:00:32,2018-08-14 15:31:33,2018-08-16 15:18:00,2018-08-17 17:59:24,2018-08-27,fefa1fa3498777f7cb5b4a21ee8b54a5,2018-08-14
232277bc3b7e6ff57e09e19b7ce21bd3,140a1f1ae996c0cb559167c652cf18fd,delivered,2017-05-06 01:05:39,2017-05-06 01:25:10,2017-05-09 14:09:40,2017-05-19 15:09:45,2017-05-31,a8047a04a1b78fd3ef978828f2ecf98d,2017-05-06
c290cb2817cca2e8d2656617d17acfad,cdbc634c11939aa969432f57aa566414,delivered,2017-03-16 10:38:02,2017-03-16 10:38:02,2017-03-17 13:33:01,2017-03-20 10:37:50,2017-04-05,f85ab47b8e8c39b7e0f6f941d727e3ab,2017-03-16
67e5eba68c1f19de1a6cb6dd510deaa7,3babbe0f93e94df8a3fc0f70ea9a9053,delivered,2018-08-07 16:45:43,2018-08-07 17:05:05,2018-08-08 12:38:00,2018-08-10 19:58:43,2018-08-27,e3c80e60689c5ee108d6998a704d4cb1,2018-08-07
b7d6888a6d024b1e676d3156e53defb8,968b6f4eb553288057c4433f19d0c7cd,delivered,2017-01-30 13:24:35,2017-01-31 13:32:53,2017-01-31 16:25:31,2017-02-08 09:45:44,2017-03-20,cc77ace34a4dcc2201b429ddeaafd8a6,2017-01-30
1454f9bf7010409e8e51291143c2a930,3ef452c856ccef9699730feee8c8b13f,delivered,2018-08-18 19:41:45,2018-08-21 04:10:22,2018-08-22 14:18:00,2018-08-27 16:03:31,2018-09-12,93cfca541bfad0e9ea4885dbc7c8d2af,2018-08-18
5fc583076cef84351509b68ddf84d932,7e85ee464cf792bd464179209a13b849,delivered,2017-11-15 18:06:53,2017-11-16 18:15:29,2017-11-21 21:32:31,2017-12-08 14:37:37,2017-12-18,6a69c3f236af1a75bd107992c70f1559,2017-11-15
05b771d711b0fa6d8ca9f42c3cc29f41,79b4e6917237551454e77c23285fa09a,delivered,2017-08-08 17:54:37,2017-08-08 18:10:17,2017-08-10 16:13:54,2017-08-14 21:23:02,2017-08-30,825fcac393acc9ddfc4fc658d565ebfe,2017-08-08
e26281cd7bdd68b44161fd215f4be0cc,62141c6c69540e6d9038c7bb5f7cd8ab,delivered,2017-04-18 12:41:40,2017-04-18 12:55:25,2017-04-19 08:36:58,2017-04-20 10:24:16,2017-05-09,0c0c3316a01434687ad016915a5af45a,2017-04-18
327cce1fcc02fedef63c30dbde323402,e43b79f4e4752adf6887f7d9b7396cec,delivered,2017-05-04 07:48:30,2017-05-05 02:23:05,2017-05-25 21:13:55,2017-05-31 04:53:55,2017-06-08,7cefc37c0accdbcfa6ce93c03c78640f,2017-05-04
c3355e93ebea38e75b9fed5a64a35592,165f1aa190273a0ddfb905d8bfa84823,delivered,2017-11-24 20:19:47,2017-11-24 23:32:51,2017-11-27 22:10:40,2017-12-02 14:49:45,2017-12-19,f976af3c4d337f239cd151e8c7c110d0,2017-11-24
93a7c0666539ab7c0556eca093ba4dc6,9be177de63fe916dc713470621281eb7,delivered,2018-05-10 15:44:23,2018-05-10 16:20:29,2018-05-11 14:25:00,2018-05-21 16:58:34,2018-06-05,5c56b4bfc4414bc588ceba152732ddec,2018-05-10
b99b9205eafc5fa75cfce1be7d1d9bff,578c6b9a577d79103c6328de248eea5e,delivered,2018-04-06 09:20:57,2018-04-06 09:30:21,2018-04-07 01:18:34,2018-04-13 22:51:49,2018-05-03,87db600753c78160792e4fbfde4a3025,2018-04-06
2236ffd5989a4b6263176d0359843c83,77d121b2c66bdceaf794af539d3781be,delivered,2017-05-22 23:13:13,2017-05-22 23:30:10,2017-05-24 14:05:07,2017-05-31 05:36:03,2017-06-21,734a5974d44898d07e6864c9a3885d4e,2017-05-22
0e2a4b5a168e8d1f4e4ce0fb458d1c7c,7497b2ff093d8531ac35ba46224a421b,delivered,2017-12-11 18:12:39,2017-12-11 18:32:26,2017-12-13 23:09:03,2017-12-19 22:37:45,2018-01-08,82a215236eb9d4e63550e34104677faa,2017-12-11
f0f32c83bd4335d68622f39d68724658,fd19265dfd86ea0dafc13a23b1a53c05,delivered,2017-07-05 08:49:13,2017-07-05 17:42:18,2017-07-07 14:15:35,2017-07-10 19:37:42,2017-07-20,ec51a76768c6654a24541caed2b7a0f3,2017-07-05
64687fa34e8e3ccaf7856911061aad72,0587a01e8c36bab363b68c12f07d367d,delivered,2018-01-10 15:46:37,2018-01-11 03:09:07,2018-01-11 16:44:58,2018-01-26 16:49:00,2018-02-09,0ac3feb56b40ccfb074bcc7422c3d988,2018-01-10
2c173fae740c25aaf8668bc3eeda0114,c21f952b2c5a136d5b3e16d43af119d4,delivered,2017-02-09 22:03:43,2017-02-09 22:10:13,2017-02-13 08:32:21,2017-02-16 09:44:52,2017-03-09,82dea37135f62f80afea41bbd62903a8,2017-02-09
b6bb5d08beeff5a09c5af18ebca9f072,9e727e134ffab63825a5dbcf74e63d5a,delivered,2018-07-16 14:55:10,2018-07-16 15:05:15,2018-07-17 13:41:00,2018-07-26 16:09:46,2018-08-06,34e04ff67f50fc94f39b689017755b86,2018-07-16
4e16f71b2a5ddc0266f9ddfdfd0bcfba,0e6c54c40385920c74542f153754aca6,delivered,2018-07-22 18:58:10,2018-07-27 23:30:54,2018-07-24 15:09:00,2018-07-27 16:46:38,2018-08-06,4ee553fa4da24e46926241e4a67812b0,2018-07-22
099d62f80912acec8ebfabeed29585cf,4466cbc4f45d42034ecf15c003bb013c,delivered,2018-06-25 10:31:05,2018-06-25 10:53:37,2018-06-26 15:16:00,2018-07-04 19:56:20,2018-07-27,e414816b4250236fdf309b17fbd96189,2018-06-25
21b97cd3f3ef1ede9e0f4e56103a476c,be2d7e9ecae8f1917dca505e18bd27df,delivered,2017-03-01 09:26:18,2017-03-02 04:03:05,2017-03-02 11:35:07,2017-03-11 08:35:51,2017-03-20,1710b2b0f76dd6326b680487e4d4841c,2017-03-01
4cf65f650cc60791bfb99bbaa418faf9,8ee208e4a8579fc7bf74b535c4bb3aeb,delivered,2018-07-09 18:29:51,2018-07-11 03:50:18,2018-07-16 15:15:00,2018-08-24 11:28:33,2018-07-25,f298f68a669e670cbd0c7e618a197b65,2018-07-09
bcf5665129063675d2d1006d95d3c813,45c715dfcbdc6bda7b1190def7ab948a,delivered,2017-02-02 23:09:15,2017-02-02 23:21:30,2017-02-03 12:34:49,2017-03-08 18:16:00,2017-03-01,78d2387fac855bae2dc8d728314d7b65,2017-02-02
4de1d6ff6036a6aec2cedb92da5f8241,14923ddd6c9bda9ff1a4b2d3ae13bfcc,delivered,2017-08-05 20:20:46,2017-08-05 22:37:23,2017-08-07 15:17:47,2017-08-23 21:52:04,2017-09-04,ba5cc2b7dc5360c3bb6d3ea699d071cb,2017-08-05
378e9f1b518253964f1e82f349d90b7b,2d4f85e2a666df7f87ce6af544523dc3,delivered,2017-04-29 16:33:16,2017-04-29 16:45:17,2017-05-03 13:15:54,2017-05-16 12:25:53,2017-05-24,33cc01ff459c8787f6e59dbfbcff802d,2017-04-29
2f2a34292298ceb3802f19528c621d87,b690976af1599d1552e68bece00f260c,delivered,2017-11-24 20:39:09,2017-11-25 00:34:57,2017-11-27 20:38:39,2017-12-04 22:57:02,2017-12-19,166120890fd7d69e900860f2948c49b2,2017-11-24
39f8aaf58db880948c0d55e578166fc3,ff138dffd7d9e3feb88e9f70aecea743,delivered,2017-07-09 21:50:43,2017-07-09 22:03:31,2017-07-11 18:04:29,2017-07-14 12:34:51,2017-08-02,29aabad116c1559b35469314d31ac8b9,2017-07-09
86c411cc5e0c28b069f3e98edc6e6290,37264a2e16c50d5240898ea7f185312d,delivered,2018-07-10 13:42:04,2018-07-10 13:50:17,2018-07-11 14:58:00,2018-07-12 17:41:35,2018-07-18,31a3090d4331b5ae638c77fb66d0f85f,2018-07-10
415b65a24b958bc64f9c3f8c1a7aef29,065c3ae02ac77bed6a7303aebf08379c,delivered,2017-12-26 22:58:46,2017-12-26 23:09:22,2017-12-27 21:23:49,2018-01-09 17:48:39,2018-01-22,3a5a1fe34d37557c449cff4e4e800718,2017-12-26
d495dd3f39ec305acc17bcb39712f772,a6e8240939fddfd24161a340c6589aaf,delivered,2018-04-05 19:58:04,2018-04-05 20:10:23,2018-04-10 01:05:55,2018-04-18 17:12:33,2018-05-02,01ac1e0b4421bb9946e56692e21226f0,2018-04-05
0297f94a646c942bde497bd200cce1ed,4da495ce705cd190ddf3a36268b61142,delivered,2017-12-26 18:10:57,2017-12-26 18:27:58,2017-12-29 20:52:22,2018-01-10 16:38:05,2018-01-19,42bd11eab7631f93159c55cb7289c8c2,2017-12-26
c8a213120beabf236f804ec4212fe950,b98a2196cab5a14e08ec4138141f3f33,delivered,2018-07-23 10:12:13,2018-07-23 14:31:48,2018-07-26 14:23:00,2018-07-30 16:32:48,2018-08-09,201c72d7a094d84c55f00c6cd0a5223e,2018-07-23
4d43556083ebb5d85e8a49e87730add6,f0a88549dc79279163f18562c41ce81f,delivered,2017-05-02 06:49:31,2017-05-04 11:42:49,2017-05-04 18:47:49,2017-05-12 13:44:24,2017-05-25,5df9c12190bc328ccb11b795ba6d12cb,2017-05-02
587c997793ef2282aaf36ab59a074574,00660e817a39486a37c26b071d0741f8,delivered,2018-03-31 12:44:54,2018-03-31 12:55:29,2018-04-02 22:08:42,2018-04-07 17:19:35,2018-04-18,587547bf360f33a6466aac68caecdde3,2018-03-31
58b5827a8910147ec66b855b9d2096a4,516d0ba8390260eed3fa4ba2325b1b82,delivered,2018-07-22 17:39:09,2018-07-23 12:32:21,2018-07-24 14:40:00,2018-08-02 19:31:19,2018-08-08,4cd4cb526654238ded7f91fcd82bcacc,2018-07-22
25d98499d4fbac84c6e15d83148cf23a,e38a6b4ab8665483ee31d30c449b333e,delivered,2017-08-01 10:30:39,2017-08-01 10:50:37,2017-08-02 20:06:49,2017-08-07 17:19:48,2017-08-23,5c52ba4067dd03fe444582c1573f8d81,2017-08-01
6b17faa4e2b485586a3bbe992eb96d0a,9bc3d80a9c929e0de1aba110d5f7bbab,delivered,2018-05-25 19:21:38,2018-05-25 19:38:43,2018-05-29 07:17:00,2018-06-09 12:04:02,2018-07-05,30b6d255385abae403f9df02c1948d74,2018-05-25
8a3a0e49e2e3eb825a6359d932c9f0a3,31068a3630c1019cf25a242d44218a5f,delivered,2018-01-13 22:36:03,2018-01-15 18:30:44,2018-01-22 18:48:59,2018-01-26 16:16:52,2018-02-15,f8eece241d42117d30aafcf235e8ede1,2018-01-13
c2df6bb33767176bdac3912ed6391b3b,0d905e1817d82fd46e645ec95449cc50,delivered,2018-03-24 19:32:59,2018-03-24 19:47:59,2018-03-26 18:46:47,2018-04-04 00:47:46,2018-04-17,b3ae96a577f38bbc2ca4499b8fb7997c,2018-03-24
02b089f5e85ee9c52935ede2207b13e7,cc3ad3a7d08c4d7263a50d076f10e43b,delivered,2018-05-13 13:15:36,2018-05-13 13:33:26,2018-05-15 13:43:00,2018-05-19 01:31:36,2018-05-23,2cd9a6019e6799e452aa91faaed447c3,2018-05-13
90dbcfe5c30e1fd81cfaf22dc879e81b,124c96fb17eb2fc7f1611d3ca83d11ea,delivered,2018-08-17 10:15:31,2018-08-17 10:30:16,2018-08-20 13:32:00,2018-08-21 19:29:03,2018-08-27,5936869a15efc4fd39ba6789dc089d89,2018-08-17
3e4c8b8720f04552af6dd97f6fc22ae5,b54e2f0af25f6f2f1f105ef67c7f895c,delivered,2017-09-26 21:49:06,2017-09-27 21:56:19,2017-09-28 15:42:51,2017-10-07 16:03:21,2017-10-26,4a51a701a27196367845d9299bee729e,2017-09-26
0b26649ec6ddf0ad51f419691e14a0db,d75b1a468435f5ad447bb2cc1e97a81e,delivered,2018-06-06 17:38:23,2018-06-07 16:20:55,2018-06-08 14:41:00,2018-06-11 22:02:46,2018-07-03,25b2ebd48f0514f355a8294c53d9df25,2018-06-06
16a325dc8df44f9cc135ee3ca5afb8e5,b5580209f7f7dce9e470646556990340,delivered,2017-11-13 14:31:15,2017-11-13 14:47:24,2017-11-14 21:44:00,2017-11-21 23:51:48,2017-12-01,06026ca53edaf36c62913d84bc55f00f,2017-11-13
88ce73cc24548143016810f81a9e53d4,881ce84e31c104592c93a2e730cf69a7,delivered,2017-07-18 18:49:15,2017-07-18 19:05:10,2017-08-10 16:30:09,2017-08-12 12:43:56,2017-07-31,055ec572ac7f3c7bdd04a183830ebe59,2017-07-18
66ae9e2feb2290923a0f5ee2dd22b136,62bde41e6f1b689cf4ee49b947f70257,delivered,2018-03-25 14:50:08,2018-03-25 15:05:20,2018-03-26 23:38:51,2018-04-19 22:48:23,2018-04-23,934e31a23d80cb297d31f16478300038,2018-03-25
b1c1cc09ffd5666fc13da046dc5900e3,dd4130b29fd8c3ff279241f7c39f124e,delivered,2017-07-12 08:58:21,2017-07-12 09:10:14,2017-07-14 12:11:07,2017-07-21 16:03:50,2017-08-01,9282de16552dd121cc9c9b47a271ecc6,2017-07-12
23e3c5113b7bddff9218c89a30e99da4,4f614ff7d8f798b481645be2d8456479,delivered,2018-01-07 18:03:55,2018-01-10 13:33:34,2018-01-15 22:52:00,2018-01-29 22:25:14,2018-02-05,c20fa08047ed2a4d8eaee475b27da60e,2018-01-07
681c82d8dee3250b148aaabdd68a59ff,7d96202874e65d22c7793fb158ed8495,delivered,2018-02-28 15:39:15,2018-02-28 15:55:27,2018-03-08 12:56:54,2018-03-09 13:58:31,2018-03-28,ad97668eed5826a5d800b15351bea269,2018-02-28
a3a09d0a201027720550355df943b598,acf845d165d496b411bb1fb6c952b75d,delivered,2018-01-18 19:54:00,2018-01-18 20:14:08,2018-01-19 18:32:18,2018-01-26 19:04:07,2018-02-14,20e934f62acf224d1c2538e2bab02427,2018-01-18
ae447a66e51409933b4ca567ac6c8a48,c93a9ec5d4bac23fb81ecb31559d9dbc,delivered,2017-09-29 17:33:02,2017-09-29 17:49:15,2017-10-02 21:03:56,2017-10-03 20:48:44,2017-10-17,a73e6eaba2c6686e1816deb945415e1e,2017-09-29
164a6c920f4a6f51223792333af13e24,2fb547e1f38b78f5f2073b68ceee4f53,delivered,2018-01-13 01:18:04,2018-01-13 01:28:35,2018-01-15 13:48:20,2018-01-30 00:38:48,2018-02-16,75062e526bbf521266a359bb65cdaf55,2018-01-13
741b425678e8c634fa376c96f689256d,fa7b2ad9e0410733cf18a62fe3d6568e,delivered,2018-05-15 19:08:08,2018-05-15 19:36:00,2018-05-16 16:36:00,2018-05-23 16:09:45,2018-06-05,2c6caa445999d3a38de21260d6ec4537,2018-05-15
67268ca1e8a89d4c08b6517a4de13994,606d6f66e1df8bdb3a58d9a1b3f2894d,delivered,2018-04-05 16:45:43,2018-04-05 17:09:37,2018-04-10 00:54:20,2018-04-13 19:36:39,2018-05-02,3999dd968ff424c2a706b887255f7ecd,2018-04-05
2dd6d2ec74e7e4413fd8a04bf7ac124f,ef672916931b8917dc5ab61c15a6768a,delivered,2018-03-08 03:55:42,2018-03-09 02:15:45,2018-03-12 23:41:32,2018-03-17 17:12:26,2018-03-20,5c629da0a892a3230841e1ea891afc90,2018-03-08
b6af24208d3b5b07c4f1bbbfb57dd8c2,fef067e487e9911c42d7073ced30b5de,delivered,2018-01-30 13:17:34,2018-01-30 13:35:49,2018-01-31 20:34:28,2018-02-23 19:04:29,2018-03-02,e58ba10b48826b53ac411fa4b20e4956,2018-01-30
e4f669bb9b79875231a2cf27ab8dd229,4c27e133e1de3148cb84c92249d51316,delivered,2017-01-23 22:29:11,2017-01-23 22:41:58,2017-01-26 16:15:01,2017-02-03 11:54:38,2017-03-02,576d7fc1b6143c56e16f9190a52957d4,2017-01-23
0546ac640227025eb2df422b1f613f66,b6cd6b55b4870f765704b5dd17285430,delivered,2017-06-18 15:27:19,2017-06-18 15:42:59,2017-06-20 11:09:22,2017-06-29 10:11:44,2017-07-11,6fd93c11a00e88c0ad43712cbfaa5296,2017-06-18
feac81be070a43ec0bd168b52fb03485,a97df828c72e38bd3a96aec10d02ee15,delivered,2018-04-03 18:43:44,2018-04-03 19:09:52,2018-04-04 23:36:52,2018-04-13 00:18:37,2018-04-25,c87d53f6016d1040502cdea405224ce2,2018-04-03
f822dff2daea3e02fd418699a1068326,3f4ea183de6009df33cf21c4363cb2f2,delivered,2017-04-15 19:03:36,2017-04-15 19:10:21,2017-04-17 10:35:04,2017-04-19 07:55:38,2017-05-10,8a4945ba37651a97cafc08c45e63986a,2017-04-15
3a6ce7cca096e50508a84d2fee462b66,562d15e88d3f4a6184e8551622a07302,delivered,2018-05-01 10:49:55,2018-05-01 11:17:25,2018-05-04 16:04:00,2018-05-11 22:40:46,2018-05-30,f301a8e5afb8d12fa24b7fc06768fad8,2018-05-01
dab084025124fbf71af416639b3c93bc,6b6c68e1bb0adec87704ea9d00b95273,delivered,2018-06-05 21:47:49,2018-06-05 22:11:35,2018-06-07 13:27:00,2018-06-19 12:58:47,2018-07-23,61d8d78be66c92e75a0ab33f95363e1e,2018-06-05
219666ef9b38f40246321c0e0df41cb9,701cc762de2f2ea4df85c390113a8bc9,delivered,2018-03-09 15:41:56,2018-03-09 16:20:28,2018-03-13 19:40:34,2018-03-15 22:21:06,2018-04-16,8cc571673211d78cc546f5a96e7e2107,2018-03-09
1b03d26a97ac5fda045a6f88d0d88d7a,18d46e1e396620d92cc0acbf564fd572,delivered,2018-02-25 13:05:21,2018-02-26 15:51:41,2018-02-28 21:14:50,2018-03-06 17:00:03,2018-03-19,d5ffb01a18220bff913bad2291a54772,2018-02-25
f03606e5e4ae88ce00116fa7fcc84267,5110631c95ad19d06d5633e9f965d253,delivered,2018-02-10 12:44:13,2018-02-10 12:55:51,2018-02-16 17:28:50,2018-02-20 19:44:16,2018-03-05,39bb3866063f6de3d0688e29940c65eb,2018-02-10
376354084f6f8ee744a474abfb826ea2,882d90855d6d59cb6ccc2e18431b25ee,delivered,2017-03-13 20:27:59,2017-03-13 20:27:59,2017-03-14 11:01:57,2017-03-20 09:14:09,2017-03-30,688d5274462f91fa0332582b748ce41d,2017-03-13
00ac2a1ec784f71feeb7ba1e5959750d,47f6898621126fa91eda967684efadbb,delivered,2018-04-06 11:26:54,2018-04-06 11:49:01,2018-04-10 00:26:36,2018-04-17 17:17:41,2018-05-07,9982778ea04c8e76b329575deb442364,2018-04-06
5986af0c84c245048bb86d39d66fe3c1,7a1a96d4644f77c1498383ee348c490b,delivered,2018-04-26 13:52:26,2018-04-26 14:11:59,2018-04-30 06:24:00,2018-05-05 19:07:53,2018-05-25,acdf151c13d2b00f6623ab42d918a8e2,2018-04-26
4986ad26a712831bf15208292d72e96d,faf4094628be1cb2e660fc9bedc2d72c,delivered,2018-06-07 17:06:22,2018-06-07 17:20:36,2018-06-08 11:22:00,2018-06-13 20:56:34,2018-07-03,f937a59ce3711b1cf5bcb7491fadae10,2018-06-07
e5d40f85d5e6270ed8680e3fbff77dbe,62db770757572d32da1bffc3b7d2ae10,delivered,2018-07-31 20:37:48,2018-07-31 21:04:16,2018-08-01 12:13:00,2018-08-04 16:28:45,2018-08-15,7ec90d689376a4d8aee359183d6f5b0a,2018-07-31
63455a963c823380655caf4dc3ba5397,04ee088fdb4047f962dfb2ce8577d85f,delivered,2018-01-11 21:54:06,2018-01-11 22:07:26,2018-01-13 02:43:03,2018-01-19 19:43:03,2018-01-30,a5a08fa20a20e32aeb44118fe00b8aa2,2018-01-11
84e7b71666cfcccffac18b19418c7e33,920f5c66da1ba1f669fd292fcc011af6,delivered,2018-01-28 16:39:30,2018-01-30 04:31:10,2018-02-01 15:22:58,2018-02-08 19:05:47,2018-02-26,5a8b66a013bf1872a6aa06dc15ab60e8,2018-01-28
10f0137bf8918dbe09b3744dbf5d6644,8e8e1c50fc474c09bffa992d7bf59bd1,delivered,2018-06-25 17:23:36,2018-06-25 17:35:24,2018-06-26 14:03:00,2018-06-29 16:56:33,2018-07-23,cb0ccac29618d18dd7b42a6a07276f3c,2018-06-25
bec70b7a1c8969ad58a048aa111bec9b,786000552078dfc8978b80847daa4369,delivered,2017-10-10 22:49:27,2017-10-11 22:56:15,2017-10-16 21:22:39,2017-10-26 19:12:26,2017-11-01,8f766e7eb9162e54b94f292ce11535cf,2017-10-10
9f52b6eb96c89533abcce1282b6ab411,bd3ad078b52fcb396d0074465620ae0e,delivered,2018-01-23 11:28:11,2018-01-24 11:18:28,2018-01-26 23:44:35,2018-02-02 01:17:51,2018-02-07,bbd97df3d682885130d07d5e2abed74a,2018-01-23
a560e0ea63089626704c4471adbe9367,a06fb9edb900bd169bfc40b348821ae4,delivered,2017-10-24 21:30:03,2017-10-24 21:49:33,2017-10-25 21:03:36,2017-11-07 20:39:40,2017-11-24,dc07569e18bd58e56458fee7f50838a3,2017-10-24
162475e808583e34c8306484480badb8,0a40d14cc5b7e11effd9b7a72ddbb24a,delivered,2018-05-03 16:24:43,2018-05-03 16:35:23,2018-05-04 14:25:00,2018-05-15 18:50:39,2018-06-08,46b243ee048230f4654606f3728afbd5,2018-05-03
94e804cbf3da3ae66126b5d81e1f72fc,64e1c7bcb9dc43fff8d80a10ef119e0f,delivered,2017-08-10 18:18:04,2017-08-12 02:50:58,2017-08-14 20:49:45,2017-08-18 20:06:44,2017-08-30,316d92f381a2045c4ae01cbfc4497867,2017-08-10
618f64df06c611bd4ea802bafba3e20c,68648ee2755091f79fe88e87b8cd8622,delivered,2018-08-05 10:32:56,2018-08-05 10:45:11,2018-08-06 15:14:00,2018-08-13 19:32:07,2018-08-29,86e4a80a0c744eb7d574fde3af8b83e0,2018-08-05
21d31703cd5df37e311206bf328b022d,0f4bc01acde8f406451ca5270e8bf42c,delivered,2018-02-07 14:47:38,2018-02-07 15:11:07,2018-02-09 12:19:08,2018-02-20 21:59:19,2018-03-16,fd204dbb6b1903beba59a8bb60b1a0df,2018-02-07
6224824670743fa15fe90e0b3a1ce5e1,844b96c263dd9829cacc9726ff2858c6,delivered,2017-03-18 15:59:08,2017-03-18 15:59:08,2017-03-23 08:42:41,2017-03-29 14:47:07,2017-04-11,4ce8736c9e2737a864f804612388e921,2017-03-18
fcaec602946ab37e8932adf40fcefccf,e3d7c50938867a57524676cc82a3501f,delivered,2017-11-16 00:12:22,2017-11-16 00:35:32,2017-11-20 20:52:38,2017-11-27 16:51:34,2017-12-08,5e3c6b9918f452d3251027198cd5493c,2017-11-16
483911cb189b99a0f8f7278c240c2975,3ff2b7b4797e590bf4d38310c565a009,delivered,2017-07-14 11:00:02,2017-07-14 11:10:17,2017-07-19 17:14:09,2017-07-30 16:03:37,2017-08-07,bb1d05dd96aa45b81fe834433ac2fb23,2017-07-14
e81ca7ca15651afda77c69687b651bb5,b3c171ff72e6652a6cbeb21665f1bb3a,delivered,2018-05-22 22:47:16,2018-05-22 23:17:38,2018-05-23 12:56:00,2018-05-25 11:46:51,2018-06-08,682481aebd97c85d06685e97baae8dbd,2018-05-22
b0b8a75fcb5b8311f01d5e12347d7e32,ec9ed8be674f660863975ced862bf2f9,delivered,2018-06-02 21:21:05,2018-06-05 04:12:49,2018-06-05 13:41:00,2018-06-11 19:56:38,2018-07-04,5d869784b798f67d1cb6d438e433ccdb,2018-06-02
06a02ea4efeed60e7e8e29a50d4bedaf,0d038a7041deb46bb935bf687590a7b2,delivered,2018-01-06 17:31:40,2018-01-06 17:46:42,2018-01-08 17:48:54,2018-01-17 21:37:47,2018-02-02,1ed33fabc1b564c5debaebc6af495e0b,2018-01-06
5e7d51bfc94acb16cfcc272c581f85cc,2c951b08affead243b4c87bf6a273d79,delivered,2017-10-29 16:34:00,2017-10-29 17:06:08,2017-10-31 17:06:39,2017-11-03 21:37:46,2017-11-13,a66ed4dcf8e91dfead11ddd7f7bf517a,2017-10-29
320e6748fc08ae549af6b07874fe6149,b633962231efbfd33f23fe787e99d3ea,delivered,2017-05-15 14:41:29,2017-05-15 14:55:13,2017-05-19 17:29:29,2017-05-26 12:04:35,2017-06-06,4782bd734cb291316f1637caa02fc38a,2017-05-15
7c67a9f94c58c5b1c1a40953151fbccd,e3ee993f5b68f60fdda5d3fb16299fd2,delivered,2018-08-26 19:01:18,2018-08-26 19:15:16,2018-08-27 11:25:00,2018-08-30 12:07:55,2018-09-18,24fd9cec951c076195ca963c419f0d08,2018-08-26
cb6257603930f3618def090a02e57d92,142929d98bac5b572443026400ec0322,delivered,2018-01-25 20:35:36,2018-01-25 20:59:10,2018-01-29 21:34:05,2018-02-04 19:51:18,2018-02-22,694c8ae60b677cb73fd582afc89f939e,2018-01-25
2b893cbdb971f40adfed4b7c9cee6cb5,6ea953662a102edcfd950a7c44231513,delivered,2018-03-24 16:49:31,2018-03-27 03:55:49,2018-03-28 20:47:40,2018-04-05 16:42:03,2018-04-12,bc7db4e1efe5ea534503f41ee8287916,2018-03-24
1d4915fcba7b140e7a82379ded2c76d6,1fd14739f72c7139a806a85aca7956eb,delivered,2018-02-01 16:02:34,2018-02-01 16:29:43,2018-02-03 00:48:54,2018-02-19 16:52:59,2018-03-09,8af0205005b85f10c4d7b9d988601a16,2018-02-01
cc0c05a1ab5fad72c351bd0ca1b10fc8,163268204f062d206d34096330db60f6,delivered,2017-06-29 18:49:58,2017-06-29 19:35:20,2017-07-03 15:16:52,2017-07-04 13:18:04,2017-07-12,15c044ed372c207f5a55c2c70a2e8b6d,2017-06-29
e246ac3f62e56576a4f95864cff73495,22b53ed9754711b0c879e9269ff9072e,delivered,2017-10-23 18:16:42,2017-10-23 18:28:24,2017-10-24 16:53:56,2017-10-28 01:24:36,2017-11-09,669e51e4170c3e92777e610e36b708a1,2017-10-23
cf97ea340fcb30e950d9c656341fdf25,770d8f9537fcaa28b46c57d2f99aa0fb,delivered,2018-08-07 11:39:21,2018-08-07 11:55:10,2018-08-08 12:28:00,2018-08-13 17:41:09,2018-08-24,4b2f09b5b5e6c7ac4511090c265d6287,2018-08-07
7c77dfe4ee780d97bc7247d7aa809ab8,67011afc862e48b537aec0a02f7afe3f,delivered,2018-07-31 22:01:48,2018-07-31 22:40:24,2018-08-01 13:51:00,2018-08-06 17:08:40,2018-08-13,5db33403549e744b4cdd3092edc966a8,2018-07-31
40cc859428c50619d8053998d45aa202,da6fa920dcb1fcc00e06beb28a986bdf,delivered,2017-07-18 14:01:04,2017-07-18 14:15:20,2017-07-19 17:49:24,2017-07-28 18:08:07,2017-08-09,784d472661fa3487fba897e7ecffd1d0,2017-07-18
3e6d9386646cff76c2febcc71e5e5f51,5238533ad7a3d52a91a573d3cf9db1d7,delivered,2017-04-16 08:48:06,2017-04-16 09:02:04,2017-04-24 15:26:47,2017-04-27 14:24:58,2017-05-23,a24bfc186eae6d3a760ff2d5f38cdaca,2017-04-16
7643e9a97cec10c406e7966b2f884993,d2cfb77c9d67fb803bc897ae5f0a4c97,delivered,2017-11-21 10:19:09,2017-11-21 11:08:44,2017-11-22 20:58:31,2017-12-06 15:12:28,2017-12-07,1dcf1293ece0b648d869878c0422077c,2017-11-21
cf8a4a06e137d7ac5db32cb925d6aaa6,da439a6171097bca575bafbf575b7d48,delivered,2018-04-21 15:34:04,2018-04-24 17:34:54,2018-04-24 20:08:32,2018-05-04 19:59:30,2018-05-22,1757712418a4a1385cec3e9845cc7908,2018-04-21
e0ed91e2a699499df74df781f551bee5,036eed6f0650d445406ff23640b7911b,delivered,2017-04-20 09:47:51,2017-04-20 10:01:45,2017-04-20 18:15:30,2017-05-02 13:28:34,2017-05-12,9336ed8ecc0d62a8da50590474e8bde1,2017-04-20
6f67990385ad635034062e653f7e6493,a9e435c5800dffb292605fcedaf69574,delivered,2017-12-18 23:46:06,2017-12-19 01:13:17,2017-12-20 20:58:57,2017-12-27 15:17:40,2018-01-15,12c4f7b676e61f23f3520f2196fe16e3,2017-12-18
0ef8647af5bc37a0a511a194ae927e09,fed5b2be11a3c585de69796e97435b53,delivered,2017-06-07 09:59:22,2017-06-09 02:25:19,2017-06-16 13:59:49,2017-06-28 13:43:59,2017-07-12,3666e569a456f07f6136c95943e384a2,2017-06-07
1764b7f40d0e7f04994494ffabf34ecc,7a61f79445b6d154c26f9458c77a5cdb,delivered,2018-02-07 11:04:53,2018-02-07 11:15:35,2018-02-09 21:53:51,2018-03-09 19:29:34,2018-03-07,34a36f20b4f26beaaaa42a050d5516d5,2018-02-07
b779a9b1774b12944ab77d39b831f151,15eb80a894d70b00865534fd4bc1103a,delivered,2018-08-19 20:53:28,2018-08-20 13:15:59,2018-08-30 11:43:00,2018-09-04 01:28:45,2018-08-24,f7f8503e3befafa49f5dd00928dc0dd6,2018-08-19
0943d27820129d9446a32ca20cf9bee1,18becbca2304b0e3031d1841a8b8b5c4,delivered,2017-02-09 11:01:14,2017-02-09 11:10:18,2017-02-15 06:17:33,2017-03-02 11:24:05,2017-04-03,70f0fca2435f0fa72fe85699630791fc,2017-02-09
5c71e221fbfe172146d1ded47bf97fee,00d4c7cec24152e73f88312fdbf09ffa,delivered,2018-02-22 20:46:16,2018-02-22 21:08:25,2018-02-23 22:33:31,2018-03-02 22:36:34,2018-03-14,e2fe0b1f9429fdd3215b47c2c115511d,2018-02-22
b850a16d8faf65a74c51287ef34379ce,1bd3585471932167ab72a84955ebefea,delivered,2017-11-22 20:01:53,2017-11-22 20:12:32,2017-11-24 16:07:56,2017-11-27 18:49:13,2017-12-04,8d50f5eadf50201ccdcedfb9e2ac8455,2017-11-22
0378193927bcea58a229c432fa102ba9,1ff3a6c7d14e5d9f6ccc18b1f62a9668,delivered,2018-01-02 06:31:44,2018-01-02 06:39:22,2018-01-08 15:47:52,2018-01-10 13:08:52,2018-01-24,d47f5eaacf2b4d3e082870095322b0ed,2018-01-02
57e15c1ad29a85e248eeefad05d29453,f0289c6986fdfbe99462623ab490d8c2,delivered,2018-07-31 08:48:58,2018-07-31 09:05:09,2018-07-31 14:55:00,2018-08-01 22:14:08,2018-08-08,c6b85e905cf24c14d9a115839c6f65dd,2018-07-31
bd1a2d3cb80f46c33405cb03d31f0583,a927d98ffdcbf42206d896c538c5aa65,delivered,2018-01-21 12:30:34,2018-01-22 13:48:54,2018-01-29 23:04:38,2018-01-30 21:38:54,2018-02-09,a5b2ca966f11e3e45367d5a9f27e335b,2018-01-21
256feadf50de02d3bfb225612c16013f,1f5eaf1f8630c247cfb0dda3236bf1b3,delivered,2017-06-04 21:42:59,2017-06-04 21:55:07,2017-06-12 15:26:31,2017-06-19 14:23:05,2017-06-28,af59b09d3ff297a070bf2f2cfe962783,2017-06-04
c0b4ecd5c557f1672e88baf19be9d037,28739e607ef625b4769236fb10acb1ca,delivered,2017-04-25 20:28:08,2017-04-27 13:10:46,2017-05-02 08:23:52,2017-05-10 08:24:10,2017-05-16,2723dbe1b79f4f8e9e5eacfbcf94aa36,2017-04-25
9d933ce196b732edb1fdfe89094d4ddd,d740b790c937025f1b8cf6df468a0160,delivered,2018-08-08 20:07:22,2018-08-09 10:15:20,2018-08-09 16:08:00,2018-08-16 12:58:52,2018-08-27,b6409a3e4fb1319aa55da4b75155eec0,2018-08-08
3ac5f81cae4e0191f17d05323fb9ce6f,1ec8756699bd9918239bce55e91a4421,delivered,2017-12-30 21:13:02,2017-12-31 21:07:00,2018-01-05 22:20:45,2018-01-09 14:59:08,2018-02-01,00e5dfd6ee7406a69b74c72795e6f354,2017-12-30
fb397abfa00c95e74168ecf1b09de4db,bfe61f867018463e12adfcefcfd52652,delivered,2018-03-09 09:22:36,2018-03-09 09:35:44,2018-03-09 23:08:48,2018-03-20 23:44:42,2018-03-27,760878101079d51fe683dcb8c7c06466,2018-03-09
9981f1a6ab88e70da562887b6296de56,c8c5ec1b4ad39f4b5d6dc83f107ace3f,shipped,2018-03-22 20:12:15,2018-03-22 20:28:29,2018-04-05 15:42:21,,2018-04-27,df074102cdd24c53d8bd1f1a61a3a962,2018-03-22
f3468d6a2c7586711e9952242898aad4,4a16dfed3e9e577413c82835fe057767,delivered,2018-05-15 20:33:55,2018-05-15 20:56:02,2018-05-16 14:05:00,2018-05-22 17:48:47,2018-06-11,898c64f6f6832078c1ea7f006ad3a54f,2018-05-15
c05dd0beb102cea787767476aa03d03e,2adc4ecc065ed5dab8712d820c8a6849,delivered,2018-08-04 00:06:27,2018-08-04 00:30:11,2018-08-06 13:34:00,2018-08-08 19:18:44,2018-08-09,94bb77e54d5b07b5fb1aee271da6c0a1,2018-08-04
d482cb92e40c8f1f96da881196ddd956,316fc927e9216ff7843b15aec5179802,delivered,2017-07-08 13:51:00,2017-07-08 14:05:24,2017-07-10 19:52:17,2017-07-17 16:22:08,2017-08-01,720d5375377c3a8d03a8804374decaae,2017-07-08
4f971c4ebb15cc7cc89db8cf3acd2b33,f97aca2b8c62877d486e8afccaac5898,delivered,2018-04-09 23:34:35,2018-04-10 00:49:39,2018-04-11 15:24:36,2018-04-23 13:38:24,2018-05-04,57d18bc844672c5fbe879446bc1bb0c9,2018-04-09
427d1fd357bbc9330885c3e8f1c85325,d22cb0e586a9334ee707b5967c412a42,delivered,2017-06-20 08:52:39,2017-06-21 02:32:19,2017-06-23 12:27:53,2017-06-26 13:42:23,2017-07-05,db36d8e5a3311e58855cfb9a1e6ba7a3,2017-06-20
bd0f032970584aa4a5b78947cb63e455,dbdeea4fb8e0fd4d40712789930a2455,delivered,2017-02-10 18:17:17,2017-02-10 18:25:16,2017-02-14 10:28:04,2017-02-20 12:12:46,2017-03-17,ee656a283b87c7587160f80be0469d54,2017-02-10
4de6fae240d7acb7e1a830665d941ae2,f9abf42c35fd606941b375dd45637434,delivered,2017-03-13 19:11:34,2017-03-13 19:11:34,2017-03-15 07:32:09,2017-03-23 11:27:42,2017-04-06,33dbce715ee4edbd29fa2f26007e02da,2017-03-13
79aa7bf1529cb1d285df4ca588fc4a07,d7e954c737a834360364a4ed13446250,delivered,2018-04-03 15:26:14,2018-04-05 02:10:21,2018-04-05 18:41:38,2018-04-06 17:32:50,2018-04-19,6e2f539e9e0e323859a81079581db712,2018-04-03
217b8ba86d0c37dc9dcedacb5bb1dd94,fb034e95e07c905c1962a47e1babcaab,delivered,2018-03-29 01:30:21,2018-03-29 01:48:56,2018-03-29 23:32:32,2018-04-09 17:12:28,2018-04-17,2c370595db7378756007880c45a8caf2,2018-03-29
3146e5198dddba5ff4a7843339a58226,646aa9a51168830e3f82112612b785f8,delivered,2018-07-01 11:21:24,2018-07-02 11:15:18,2018-07-09 15:12:00,2018-07-13 15:28:46,2018-07-26,a1508102f4f0401b2b8119d836fc7a29,2018-07-01
08d27643b4ade2434f167dc1ba237b4b,4098b5d8a1400003c8cccba5aa9ffdd2,delivered,2018-02-10 20:50:32,2018-02-12 09:48:51,2018-02-14 23:21:48,2018-02-23 23:04:41,2018-03-08,d42abb03c8796ea293a48772c24843c1,2018-02-10
e26a762d72841db1944e70176311fa6a,2ce2c13f72120c9922b3045cc28010db,delivered,2018-03-07 18:09:10,2018-03-07 19:09:47,2018-03-08 17:25:19,2018-03-15 19:24:29,2018-03-28,8b0000b5650c069aa8ad1c2c366e3af7,2018-03-07
520a0432269a88e8665d60d74918f8b5,fa565f5c63b5f4853a76cb7d9d2bf1ed,delivered,2018-02-22 21:16:34,2018-02-22 21:30:33,2018-02-24 01:13:10,2018-03-14 22:02:16,2018-03-19,3a9919807b05327ba9e621325e65f25c,2018-02-22
2268107fccbaa5d8b921f82146286350,b3927569e0d789c9d5239fbdbaaed7ad,delivered,2018-07-08 19:25:52,2018-07-08 19:35:16,2018-07-12 14:39:00,2018-08-07 23:58:48,2018-08-20,4df43d4c7d3a093a519dbfe0b9dcc0d6,2018-07-08
9327c73b786466a6815c3d5a7785bbe0,f6e0ef71d5db485c5d842f12dd67ba37,delivered,2017-05-22 22:46:42,2017-05-25 15:02:26,2017-05-31 05:18:09,2017-06-02 11:49:59,2017-06-13,b385b62519a0bca70eb07f4bd41fdefd,2017-05-22
9b17125defce8ecb669a929fce9bb7c8,076feaeadbaf45d1aed50960f6241e76,delivered,2018-07-19 19:24:22,2018-07-19 19:35:16,2018-07-20 13:17:00,2018-07-24 01:44:32,2018-07-30,073aab63bec2a7d070827fdb7a5562d9,2018-07-19
46e2c9316a4e671b4b4ffb25154c28c5,2ddc27e5edef347a9c31fe3f4264675a,delivered,2018-04-16 23:15:33,2018-04-16 23:30:03,2018-04-18 21:28:37,2018-04-24 19:28:52,2018-05-23,094b16a7db3cef4fbf754847600a2692,2018-04-16
f9e65963f3f83f99489c898626cadd7e,55557042d9b37fc15214afce245c79c4,delivered,2017-11-06 12:38:43,2017-11-06 13:31:22,2017-11-09 18:12:01,2017-11-10 21:02:19,2017-11-17,1e962724461d2c0db4644277169082e3,2017-11-06
4bbf3cd0e516cad47209a71b4ed02f94,21cdaaba011d5b8ff31fd69ec8604197,delivered,2018-03-16 18:48:02,2018-03-17 11:35:33,2018-03-19 22:03:23,2018-03-26 21:53:53,2018-04-09,666d80310561fcd682589e0bb9c7ff3e,2018-03-16
0025081dcf9330f9a5052ae82c6ce396,7e6fefa11d6a2c832593264f69df9de3,delivered,2018-03-27 16:25:35,2018-03-27 16:35:20,2018-03-28 17:58:37,2018-04-05 23:48:37,2018-04-17,d4c0c343658dec14b2197594314c2cc3,2018-03-27
c8cf9cd92734a5803265426a94989d0f,fd5df5d31bb44f4ffed6fe856c29802d,delivered,2018-06-26 14:05:44,2018-06-26 14:33:58,2018-06-27 10:17:00,2018-07-04 16:08:52,2018-07-31,f1e4986c757134abfcf657b898bcec22,2018-06-26
7a2e1d164ce4fbeacd571c98adda74b6,6e4938817f628d0dc9762843b93c5930,delivered,2018-04-09 23:10:01,2018-04-10 00:35:59,2018-04-12 19:08:36,2018-04-17 16:31:41,2018-05-02,408bafb8bc6b6c59e16f88d55ee598b7,2018-04-09
69fe57ea54b1926c309bb133b16f9501,2f1cc923322c79500723159c9b44b58e,delivered,2018-08-05 14:00:06,2018-08-07 04:10:21,2018-08-14 07:42:00,2018-08-15 14:42:06,2018-08-13,4488cb687b257fd4038974e0393188c3,2018-08-05
bb61950e7ebdb94de7471ce0d4fce73b,dbe32b3853560060d8d62657f15d77ec,delivered,2018-02-05 10:50:58,2018-02-05 11:13:05,2018-02-05 22:58:53,2018-02-14 16:56:30,2018-03-08,af76030b7aabc1c76355e5fca3c56595,2018-02-05
73b0a27c2caa16da9500aeeeebe1260a,dc4d362a1e75e43898ca175bafe1a7e2,delivered,2018-03-07 14:09:27,2018-03-08 19:49:19,2018-03-09 16:55:23,2018-03-22 19:22:27,2018-04-05,69f0751c1d79721629c969cdbd8b7367,2018-03-07
4ac4fb9e257eb00d2e54d539aacfe9a7,533403681c5beb718b40ea289fa04a2e,delivered,2018-08-22 17:30:50,2018-08-22 17:50:16,2018-08-23 15:40:00,2018-08-27 22:50:49,2018-09-06,0104d0840fb6bccc7618c519fbcce1a0,2018-08-22
dbd3b0f899c87897a6a56a86423fbcbd,0a28d1fd8e38cf81c39dd60eb59ab219,delivered,2017-03-13 19:44:15,2017-03-13 19:44:15,2017-03-14 10:59:10,2017-03-27 14:36:47,2017-04-05,0823b56b19dfa15f74849b66908837df,2017-03-13
fb91c6352bd8ce8a7efb6337a4becec1,e742ba4236b8254b91969f21d7220efd,delivered,2018-01-21 13:04:45,2018-01-22 13:49:23,2018-01-23 19:38:42,2018-01-30 20:55:03,2018-02-16,826b87313b6db3fd057e46264775aa0d,2018-01-21
87218c61d4b05c0bc1b4f0872218a3c8,c59c934799c1688f73043362b63a203f,delivered,2017-12-05 10:55:11,2017-12-06 02:50:19,2017-12-06 17:33:17,2017-12-13 17:09:23,2018-01-03,d06bc817cc4b762cda894e380073aad7,2017-12-05
ee8dd407e306b0808fd6fddc17ea6f78,001c7f05398c45b42eee0d5a77783bca,delivered,2018-04-12 13:41:07,2018-04-14 02:30:34,2018-04-16 20:22:11,2018-04-18 20:03:10,2018-04-30,ba7ae7b528a2b8359ff63e3014da964c,2018-04-12
177200d363504ea94b5064b05929e2e6,8cc14e8aaa4fdb80dc8ccb617382e3f3,delivered,2018-07-19 16:22:41,2018-07-21 03:10:15,2018-07-23 15:13:00,2018-07-27 17:15:46,2018-08-09,6bb7c9ac69dc13b436f413acec41a1b6,2018-07-19
b57284d24eae2c19d2f6729dbb7bf4b7,bba2f79d86ff09fe96ef9b34525fe40d,delivered,2018-03-15 15:36:55,2018-03-15 17:35:38,2018-03-26 16:58:46,2018-04-10 00:03:59,2018-04-16,0b3fa644fd46ac1eb1beee33070e7539,2018-03-15
34b3d6f518fb789c443e4ec00f9bb0ce,0340b2de09f18a986fea9f26cc7b2d9c,canceled,2017-05-25 13:07:50,2017-05-25 13:22:31,,,2017-06-19,57668c60f87bc896997917dace48bcac,2017-05-25
d7a2737b7058006a6fb4d5e468f1feaa,334b5999e983a9e9194c3aa9dc41c6a6,delivered,2017-12-16 23:11:00,2017-12-19 09:51:32,2017-12-19 20:23:41,2017-12-26 22:54:45,2018-01-11,8951552423f57c65ad0d3d2e006e9a7e,2017-12-16
30940f8c9494bf01d1cc3ab7b583ed09,06d84b87eab06a1cd1b6ccefa8836f1f,delivered,2018-04-27 15:20:46,2018-04-28 13:15:22,2018-04-30 14:08:00,2018-05-07 18:12:47,2018-05-24,ac2aa6ddfefecad2b64197e15b15e5fd,2018-04-27
5d2e7157465c583b526adf7d226d9623,0c18e52b37750f951f6ff01e8b9fc351,delivered,2018-05-16 09:52:34,2018-05-16 10:12:36,2018-05-22 14:47:00,2018-06-05 21:37:48,2018-06-11,2d4dbc1758226792276e8e09d2e39402,2018-05-16
d8b32d5403c47d8ee3dadd8efa2fa960,acad30e4ebb94a53408cd3796bb56a97,delivered,2018-05-29 21:23:48,2018-05-29 21:35:14,2018-05-30 20:35:00,2018-06-01 21:52:30,2018-06-21,26e4f89a31e7097a127cf4c595573c28,2018-05-29
8c4e90e34f03ddf7c8347d42c6b3c5ba,d94cfae3194de8e6915bd8adb4e6b77c,delivered,2018-02-16 16:22:10,2018-02-16 16:35:35,2018-02-17 01:08:33,2018-03-05 22:54:16,2018-03-21,8970c7ac2c8a6acd54692b4eb5c2033a,2018-02-16
1f4c55439dfb0750759521284d322815,19034dfcf5b62c5348199a6a6734e6df,delivered,2017-10-05 21:59:51,2017-10-05 22:14:25,2017-10-09 21:21:54,2017-10-13 22:32:27,2017-10-30,86d5d204e043ccbcabfcc629cc108b9a,2017-10-05
cc80504e2db2b7b744e2bfe2450c95d3,5a04d48281375e12441c83a2de43fb0a,delivered,2017-03-08 01:51:47,2017-03-08 02:05:08,2017-03-08 16:29:53,2017-03-14 15:07:56,2017-03-29,0d814dea3a60fe7911c544658e3f1282,2017-03-08
6bf03fb2e1bfba95e698287241ad732d,96231a91505acf8d633d5f6908d35605,delivered,2017-05-09 22:51:54,2017-05-09 23:02:41,2017-05-10 14:24:58,2017-05-15 09:24:38,2017-05-29,71c58647afee70d3f1c5eea5610a03e7,2017-05-09
6a1c09a763e5c9c86e4189dc69f84165,4de103aa04ec54e93a13ce8b1db31710,delivered,2017-08-18 12:08:35,2017-08-18 12:25:15,2017-08-21 19:57:33,2017-08-28 20:21:46,2017-09-12,9bff551dd73fdb455a7c2ceb6bed2d39,2017-08-18
518e50004c3dded8e8a25b96b47d116a,2957526f1a463e562eec69de762ba7d5,delivered,2017-05-31 19:59:58,2017-05-31 20:10:17,2017-06-01 14:48:51,2017-06-06 07:16:47,2017-06-21,e3be13092b553069f2abb388c33954fb,2017-05-31
06851487bfc68744f67fbc8ad1934d43,e969dc5c6a9219727d0b39cd6757e936,delivered,2017-09-24 13:07:56,2017-09-24 13:24:17,2017-09-25 17:26:54,2017-10-04 20:06:01,2017-10-20,6c57e6bd11b8e9d85e77b3e14fb42e6f,2017-09-24
771fbabfc064df2faba7d317dda924b4,08f8f3723352b52033c98eff219a73ce,delivered,2017-07-11 16:18:16,2017-07-11 17:25:19,2017-07-12 20:18:55,2017-07-19 20:19:38,2017-08-10,f54ce9a6a5c0b3a107838e67f2059261,2017-07-11
f9b70a12018e8fc54ff01781ea794a6b,e54754d2e9742ee1060d207bd1e0b070,delivered,2018-01-14 17:48:42,2018-01-14 18:08:58,2018-01-16 11:48:40,2018-01-25 20:09:13,2018-02-08,e9877f9f9b9098cee5cb46fdc785907a,2018-01-14
aceb0ac9c2d49926c0eadc1510a3ff53,6bef26f5ffada3596c2e922c09a648bb,delivered,2018-07-30 19:56:33,2018-07-30 20:10:19,2018-07-31 09:38:00,2018-08-02 19:35:00,2018-08-10,d25a4f55f2b7e56eb1940e79dec6cf4c,2018-07-30
bd5ecb9fa12843f036d45c35746f0631,2d053f37c5e72b650907a2d5c82c2937,delivered,2017-11-09 15:59:56,2017-11-11 03:31:11,2017-11-14 21:58:46,2017-11-22 18:08:55,2017-12-05,a88398f4523640ce8cf803f8115174cf,2017-11-09
4c9fc17c613ece433527a91aab30f1ec,3b64f0c5fca1d47605fcea854b0672bd,delivered,2018-03-15 10:37:39,2018-03-15 10:50:34,2018-03-21 19:12:49,2018-04-04 16:02:33,2018-04-16,5fe0a8f1a5e94a3d8b88576d7ba25ca0,2018-03-15
f098544578493ec57893c9030f6d0d45,2aa78400cf7d2609e181823a1a8b6278,delivered,2018-08-20 14:26:58,2018-08-20 16:32:03,2018-08-21 19:21:00,2018-08-23 18:26:37,2018-08-31,4e4747fabd8ad96fe94d8e5682057e03,2018-08-20
7a13334e5a41d1623e0c3120b19aa5e4,fb7a2937125a20b63497b82f16913f20,delivered,2017-12-17 20:35:30,2017-12-17 22:10:56,2017-12-19 18:55:50,2018-01-03 18:14:50,2018-01-19,7fb3b6caec628f6ffa100336cea0a4f9,2017-12-17
cfdd88ea8caa35451b878dceabde22a1,96d9829ca69e8dce63b27175fd729e54,delivered,2018-03-29 21:48:06,2018-03-29 22:07:27,2018-04-09 22:51:51,2018-04-10 14:58:36,2018-04-11,24b4663e9ed08d1cf20ab7767b3250a3,2018-03-29
61ec5109f4c9a59f41c57bbd183e9877,44b6daee2ecd7c8dc15781c3152f89fe,delivered,2018-03-29 05:37:32,2018-03-29 06:26:52,2018-04-04 17:38:57,2018-04-06 17:22:05,2018-04-12,4563f015c75458c8d23647e56b6cfe7c,2018-03-29
467d8823c7b37e758ad17a9a61c347bf,e4dd07851ecba1fb21515fbde984dda8,delivered,2017-12-13 14:35:34,2017-12-13 14:56:49,2017-12-14 14:33:49,2018-01-07 11:52:41,2018-01-18,2fc1cc7c7f0d663657274eb0d9228086,2017-12-13
7a93a948d1378fc5fcfd0a09f00136c7,2eab8438ec51150fc124df8ed968f7c8,delivered,2018-02-22 23:42:08,2018-02-24 02:55:29,2018-02-26 18:49:08,2018-03-13 15:58:49,2018-03-26,d9f337eea016e16ef54ccd655e8f25ff,2018-02-22
29b60cd6f3760507c1e5271a67086333,41ecc5f7813cbbc034f3ed19c8f464d2,delivered,2017-10-16 22:24:02,2017-10-16 22:35:38,2017-10-19 10:46:41,2017-11-08 00:21:35,2017-11-03,84514f009b40220330a5e42b102437bd,2017-10-16
9280325355a6fe53fe67ef8c3418b638,ef3f67cacd6f5d2bfae5473c8cae4306,delivered,2017-12-11 17:44:07,2017-12-11 17:54:43,2017-12-12 19:39:02,2017-12-13 17:29:11,2017-12-28,d393419796111dfaf317ca354f6c30e6,2017-12-11
cac424e74cd7f269d55aecca60a99333,712ca407bde1bb1d03b671d4fb6d23d5,delivered,2018-07-02 12:39:24,2018-07-02 16:50:20,2018-07-03 08:43:00,2018-07-10 17:04:49,2018-07-20,cab619bbefa8cfac0c0953175f8ef190,2018-07-02
5fe0491bbf2891e0f240aee0fa0332a1,6a0d947a17e548a260f8a0704af77282,delivered,2018-01-08 16:39:36,2018-01-08 16:49:38,2018-01-09 21:57:31,2018-01-23 12:28:11,2018-02-05,c5fd9718cb1791bbdb9899214055f991,2018-01-08
05e18a6cef41f63dc86b7b254954dffc,6aa98365fd711a9e996d0d41a80c3be0,delivered,2017-12-04 12:14:59,2017-12-04 16:44:59,2017-12-06 14:09:20,2018-01-04 15:28:56,2017-12-28,228bc506b954d332b12aaf13b0842249,2017-12-04
973bd34d8572bd529ef5b959c1429973,086f4c21c13b95fd8ccf0df6bc676e22,delivered,2018-06-16 20:34:30,2018-06-16 20:58:16,2018-06-22 10:53:00,2018-06-28 21:14:31,2018-07-31,f71052f0cb31853c63875b1b9943589c,2018-06-16
82330e7226e957715bc2f39fde738f6b,f2c1759f9a3268223b2832bbd339198c,delivered,2018-04-27 15:59:27,2018-04-28 03:11:20,2018-04-30 13:44:00,2018-05-02 14:36:31,2018-05-16,891618c12f88105f45643bcefe8e917f,2018-04-27
51e8e9b5d80b938a3268cdffe95a59dc,5741b6f030a22bd35a06b1d168c6c6c9,delivered,2018-03-23 12:48:47,2018-03-23 13:09:16,2018-03-27 21:07:34,2018-04-04 02:08:52,2018-04-05,e299fca43b2ccd2ed3e8508c6e464e9f,2018-03-23
ce021ef42ff5227b0658faac2069ab5a,c3d9f985af9d83e5ce6304b61ddb0c57,delivered,2017-07-10 18:15:22,2017-07-11 06:43:42,2017-07-11 21:37:48,2017-07-13 20:38:48,2017-08-09,0d88bced1c85bef2f7ed195b1de99e61,2017-07-10
7dcb67f9ced1540f42924057d11b0d6b,5e67eb8c9cf1d2b093e2496da33f8060,delivered,2018-02-16 20:38:52,2018-02-16 20:46:41,2018-02-20 21:04:13,2018-03-07 20:23:06,2018-03-13,6e3fc5e684784f33bc1224367bffd1bd,2018-02-16
1e2e0bd44283a412e965e041198550c2,87990b89093037efada2de89091ecbfe,delivered,2017-03-10 14:02:50,2017-03-10 14:02:50,2017-03-14 13:39:58,2017-04-18 17:11:08,2017-04-12,ec236f04ae7148239d78efdf98cfbc03,2017-03-10
7b037997dc5c0effc3ef3339f5e3d509,4c6113ce1061af072c9e439ee436fba4,delivered,2018-01-23 21:33:28,2018-01-23 21:59:25,2018-01-29 13:33:22,2018-01-31 17:57:27,2018-02-07,264dc62a6daac49a2968fbba65fa6166,2018-01-23
1ecf7a9583c0f92f07515fcd970004f2,5c6dceb0afab23a9d5db737499265462,delivered,2018-07-30 12:40:45,2018-07-30 14:30:41,2018-07-31 13:53:00,2018-08-03 13:12:33,2018-08-13,f5f0a44fa78dfe218749a60aef972d1c,2018-07-30
4092d9bdc6d89d05a6d5be6ef304f627,81fc34430fe53bb8eb3b8de3481e0353,delivered,2018-01-12 14:33:40,2018-01-13 02:13:10,2018-01-15 18:58:30,2018-01-17 17:24:26,2018-01-31,3b86802bfba1e5e5ca2ae9923a2686be,2018-01-12
828bedfd74953fea90c650c36afbd36a,061d8030d0f605af68c6ef004ca15700,delivered,2018-02-17 15:08:48,2018-02-17 15:26:43,2018-02-20 19:04:26,2018-02-26 21:23:43,2018-03-09,70a252703c9e9801d4f69aa10f583a41,2018-02-17
dc3d2c21652c9d91fa3b1f74a3a68ae3,27ab33d6c14857fd5dcca0c26a063d3b,delivered,2017-03-22 09:55:14,2017-03-22 09:55:14,2017-03-22 14:51:19,2017-03-24 14:26:57,2017-04-05,e09ede1057212120a291c4fa1f832c63,2017-03-22
83d8eb18982d706a86805eb80e12e88f,d63d781b1d1e990ae4c7f665e5ed9b0c,delivered,2018-03-30 21:44:09,2018-03-31 21:47:36,2018-04-03 17:58:38,2018-05-05 14:32:29,2018-04-25,879b9e62fd3dcbd0d67a3fcbbb06e661,2018-03-30
cab6aa158d9699a614d92fb920c9ae3e,e7b37ef2a4b966f72195ee1d83367c0b,delivered,2018-07-28 13:20:43,2018-07-28 13:44:24,2018-07-31 09:57:00,2018-08-02 21:56:43,2018-08-15,c73f294466cf13293810f4d1a3728d56,2018-07-28
0a0d25405f3880fbd46619f0852c250d,58fb5805fb543260da75a8219ce4a285,delivered,2018-07-02 22:14:46,2018-07-02 22:30:29,2018-07-06 11:12:00,2018-07-10 15:36:34,2018-07-24,89d60969a774d9ce6f453932d1bcddc9,2018-07-02
86d0407492e51a6150dfa8883cbe4094,f6118aa0582fafd687c4839e83f9ec5a,delivered,2018-02-23 09:59:22,2018-02-23 10:15:25,2018-02-24 00:51:54,2018-03-08 19:18:34,2018-03-15,cc7b98560e2b39f473911caf75f0bb2f,2018-02-23
5057598da256a7629c0f6f21877215ba,16c2b0a5ce42533979d3f8150e1298c5,invoiced,2018-07-11 09:23:23,2018-07-11 09:30:30,,,2018-08-08,7098b700108f1a68b3699101383f5662,2018-07-11
577c1950133b4b23ca356f7bf6f4beb9,c95fb14e3aa81b3d3115661e7659f72f,delivered,2018-02-21 20:36:22,2018-02-21 21:20:20,2018-02-22 18:13:45,2018-03-01 01:29:12,2018-03-13,a77e0d4809656f1749355c311d3f0027,2018-02-21
dff84877fe810ec4fdb17a3cb7ac858e,671c1bf5104a25f2236a59f5bc24bc32,delivered,2017-08-13 16:29:32,2017-08-13 16:45:09,2017-08-15 19:12:02,2017-08-21 17:42:45,2017-09-05,31cb9459f7fc068336a66a1279678fed,2017-08-13
5df44528d70dc33f65da33161231b8dc,9c3097eb5268eca3a3308834bfa8515c,delivered,2017-05-05 10:40:36,2017-05-05 10:50:25,2017-05-09 15:11:50,2017-05-16 10:57:41,2017-05-30,c4fe9fc8b5e1b4f9992db983d0429854,2017-05-05
e4e486faca6effbf54e6325fd207319f,bc888715a1232ddbead485cbdd565cfd,delivered,2017-09-05 18:56:19,2017-09-05 19:10:20,2017-09-07 00:52:50,2017-09-14 19:23:04,2017-09-29,ff81e8b0dc735986db35def560ba2bf2,2017-09-05
059fd94aa8716f14743caff2f433be05,09c5713746fdfa37f1ca6a92242da406,delivered,2018-02-24 14:59:06,2018-02-25 14:50:45,2018-02-26 17:27:53,2018-03-12 14:27:35,2018-03-21,8be5c6cc1011c8a882d3bac857955b3d,2018-02-24
fd6ddc28c261b6bd4f68c9205d40e9e0,7859881299efaa8a5fe772a7c1d7b215,delivered,2018-08-13 13:48:46,2018-08-13 14:04:33,2018-08-13 14:06:00,2018-08-17 18:02:51,2018-08-28,d948e8bdd06e8774ed77c2114de68e6f,2018-08-13
2a717d97f9d41948b82901d96fb388ff,fb7e6514e433bd65e2c4f4789d9fb518,delivered,2018-06-18 21:48:14,2018-06-18 21:58:21,2018-06-19 13:58:00,2018-06-25 18:14:48,2018-07-19,3a0574daec0fb1f91d70844690300a3e,2018-06-18
5005f0fff3706e3297c1015ed5e41d18,4aaa88f206d4aab0d3bd810c30df3755,delivered,2017-11-23 12:31:10,2017-11-23 12:49:46,2017-11-24 19:47:45,2018-01-15 20:57:45,2017-12-27,9257a68735732496ef254a911c377eca,2017-11-23
f9b07dd1e93ce7446339491bcbccd1c9,9e06b2a511a08b4f9fafb1ff6365bd3c,shipped,2017-03-18 12:11:43,2017-03-18 12:11:43,2017-03-23 14:56:55,,2017-04-10,6836082f78bcff113d739f501d6a4a3f,2017-03-18
85c515e575c1c602e0d8aec66e8f9574,3459ca3b86c74e8c051a3ebef93443b8,delivered,2018-07-31 18:15:56,2018-07-31 19:04:40,2018-08-01 11:20:00,2018-08-06 21:07:38,2018-08-10,e34f687f8ca6574b49b07eaf3aa84400,2018-07-31
bbc1f48e67db952b0a4f79ca06f59aed,17eb80192f073388dfad340bb5fcd775,delivered,2018-01-07 23:37:11,2018-01-07 23:47:04,2018-01-08 16:46:30,2018-01-13 00:23:30,2018-02-07,f4f3461e7148ab5b79a98a14bc74d3e9,2018-01-07
5c02bd0280dd1e668265d1500d2da8da,0083d9cca92e71d03d298721b572a77b,shipped,2017-05-15 15:24:31,2017-05-15 15:35:17,2017-05-17 09:43:44,,2017-05-26,45aba165580af1596b291956b7b7849c,2017-05-15
475681bb16b5cd2f9120136f3ea950e3,3fc7efc06ad91e33f97175c2ddb4478c,delivered,2018-03-25 21:19:14,2018-03-25 21:35:23,2018-03-26 19:29:34,2018-04-11 21:32:57,2018-04-13,bea785aed31c0e907fccd4130a3d997d,2018-03-25
0e5cb6275a4da5610450d638021e5393,bf1e24c1ce1621c4510c718ba8010f48,delivered,2018-03-21 14:07:33,2018-03-22 11:35:23,2018-03-27 16:44:48,2018-03-29 19:26:57,2018-04-23,84ea47ac75adf33d965d8a2c6b2ef193,2018-03-21
72e260ebb1a3c209dfd76c76f1d4f65c,11112c4cd680200fd3c3a00b6d37e0bd,delivered,2017-09-17 18:20:45,2017-09-19 03:38:08,2017-09-19 18:19:17,2017-09-27 19:44:56,2017-10-10,f6f404ac89894d5985a99b7ff55fbbbb,2017-09-17
82e9cdd567caae62a6d0e4e9bbf28901,77c6a74373965c4872dfca1fec219d0d,delivered,2018-06-20 17:10:47,2018-06-20 17:41:27,2018-06-21 13:29:00,2018-06-25 10:58:33,2018-07-12,f81d21d920dcc2483b1043a064f3a9bd,2018-06-20
2a5fb538dd11c749a13dd935a06a7c39,555d18cdb92307f6fc7046a3579bc675,delivered,2018-08-16 23:53:09,2018-08-18 02:50:29,2018-08-20 12:28:00,2018-08-24 23:18:48,2018-08-29,5a47d7090e95d17293b69b047b39e7f1,2018-08-16
3649c428a77ac1530029dbfb706a02ee,2f1c9e4e41bede115f482043c0210c82,delivered,2017-09-18 17:11:28,2017-09-19 17:15:21,2017-09-29 14:02:40,2017-10-18 19:13:50,2017-10-17,2a92af30e96bef1484e8b3813b9002c8,2017-09-18
dbade3512c5b746ad2732bb5abd9bbff,f9c4ef88e2f5e4ec187a3258553b679f,delivered,2018-06-12 23:27:39,2018-06-13 00:00:50,2018-06-13 12:11:00,2018-06-18 14:33:16,2018-06-29,b4d3ddb02f1da17da548fc42e2d7d8c6,2018-06-12
7d2dbda1755d184be6e27b4fd0b3629e,269ae8f67b993950cb22dd6ac9bf9177,delivered,2017-09-28 09:06:48,2017-09-30 02:28:30,2017-10-03 18:29:03,2017-10-08 15:35:19,2017-10-16,d9902f49920242390a3ff207bab13608,2017-09-28
c524fe5cd8733dbcc2f74bed5a1ded68,0762fdbf997feb435866a7c221086091,delivered,2017-08-08 16:43:10,2017-08-08 17:24:11,2017-08-09 21:44:59,2017-08-10 15:20:06,2017-08-21,fbb86959dcb4972a76d8432c59c7288f,2017-08-08
beffe64d2172f01e39f8c776eb5862b0,086a836b41203d3668bb1f312451932c,delivered,2017-08-22 14:47:32,2017-08-22 14:55:40,2017-08-25 16:31:43,2017-09-01 17:35:12,2017-09-25,aa4d91884f930e5087b72f64ad0157b3,2017-08-22
4769dacef1cb49763ff733ddbcafd4b1,4316c4198a69c64bc7443fd497da9847,delivered,2017-09-03 09:17:05,2017-09-03 09:30:08,2017-09-05 15:35:00,2017-09-09 14:34:02,2017-09-25,ccd02ca82bf7e093622484c2a4ab7517,2017-09-03
642c72a626543627ab9d2750b2fb8d66,43ebfa877f3f00cdd316bd0affed5025,delivered,2017-05-29 16:23:10,2017-05-29 16:30:22,2017-06-01 15:34:11,2017-06-05 11:52:11,2017-06-19,c82e93a4d97ffbcfb659c9c42810da5a,2017-05-29
9dfd8f2ac479e34a16d68ff827759a23,41b200d1ce8675f154c91c2da887bcee,invoiced,2018-05-15 15:55:01,2018-05-17 02:15:28,,,2018-06-01,9b05b38d7d9ef19a89815c217b30fd37,2018-05-15
9ffb8109facce85e8fca8e404bbc584c,55af6da5af6bf6dde05f23dec9502c33,delivered,2018-06-05 16:29:43,2018-06-06 03:11:16,2018-06-07 13:15:00,2018-06-21 16:18:41,2018-07-23,35c93e4d836fd147e577b1725f19f0a6,2018-06-05
1b57522ebd11e3c3cdd09a554847b237,e13f0595c0edc8ae259273e9dce3e6b8,delivered,2017-07-07 22:55:15,2017-07-11 04:04:06,2017-07-20 20:39:47,2017-07-27 18:55:49,2017-08-14,cf599c402191f7bc8cd6d9f93733154b,2017-07-07
240a9fb8d72be362d54b0c418d579504,e6fb71a5c771ff1889d56a084746493e,delivered,2018-01-10 00:22:42,2018-01-10 10:32:03,2018-01-10 20:48:45,2018-01-11 22:28:10,2018-01-30,e34e5486b44c435ac483766687174b98,2018-01-10
77c7d0e57e5ab9ea28f8645cc1af62cd,814d4069c01e3a872de6b07c652a072b,delivered,2017-06-29 07:51:54,2017-06-29 08:05:07,2017-06-30 16:08:20,2017-07-02 08:54:37,2017-07-12,76f3dc43722bf0ab935addc8ff602333,2017-06-29
3bdee9037e5c8cb41e34af539f550cb0,067de14678d6cadadbdb7b92c8789127,delivered,2018-04-24 12:46:59,2018-04-24 17:16:44,2018-04-25 13:38:00,2018-05-05 17:53:35,2018-05-15,d4718884784916c042e2d18a42453c17,2018-04-24
7cad431ecdca8fafe47f8ce701c3030e,c1be75b4986ff43a17ea5886cadd21a8,delivered,2017-10-21 15:08:04,2017-10-21 15:21:19,2017-10-23 19:13:48,2017-10-24 22:17:12,2017-11-03,a9898a92668fabe7338fc5bde77505f2,2017-10-21
e660da13091dbe48784500c1c3e2fb75,5c495510e9f861b83aa5fb7c308e8d76,delivered,2017-01-21 19:46:22,2017-01-21 20:01:49,2017-01-25 16:12:01,2017-02-13 15:54:10,2017-03-07,28989ef45087c96e5a4346e88216c2ba,2017-01-21
d32eb64faa945126f10f655ccdcb6fc5,2c82594b8635f4197cfbea760fedca1e,delivered,2018-01-05 15:07:11,2018-01-05 16:09:06,2018-01-08 15:29:28,2018-01-12 22:04:37,2018-01-29,87c70921e756885823a89ebc08e33bb1,2018-01-05
1dfc0df462a5535aa569317a1cf19a17,378bb659f41bd501c7e1db351315aa48,delivered,2018-03-19 22:05:34,2018-03-19 22:28:02,2018-03-22 20:15:55,2018-04-18 16:50:48,2018-04-16,8a56bc1f46776cf85828e336fa75dcd5,2018-03-19
60af6d744aec3028a7f82fe7973de8a1,0f2abf2a75fcd856ee2a145b318de913,delivered,2018-03-12 09:26:53,2018-03-12 09:49:12,2018-03-13 04:04:59,2018-04-11 15:21:05,2018-04-12,ea5c5a05089d00574ea108cdc5d70ba3,2018-03-12
074054ad3d2e5ee3fc6f098d06f321f9,ab6de5519f65c4dd2757858039d7748d,delivered,2018-01-23 23:24:25,2018-01-23 23:34:10,2018-01-24 19:18:40,2018-02-07 10:04:51,2018-02-15,317f563ca3576550955f39a346b15be5,2018-01-23
ec79ae97ce242a5f1ba6c9aa1dc902d9,632d3fa26ee53b9c088a3750f0a6c775,delivered,2018-06-04 22:12:02,2018-06-05 14:31:37,2018-06-06 12:54:00,2018-06-15 22:24:56,2018-07-03,e9999972797e433766f3bca71104b263,2018-06-04
a5df54b2f6e8aeb73d9547b791a51823,4e29f7fe55a7292b5487b759e9c59a02,delivered,2018-03-08 15:59:21,2018-03-08 16:54:48,2018-03-12 20:33:06,2018-03-20 22:44:51,2018-04-05,12325309d1f27363183457d97567512d,2018-03-08
ae550b099f8ea61e735f4d415511caa4,9e4e0a6bcb1f18dde9f42bf20dc4383d,delivered,2017-12-04 17:08:30,2017-12-04 18:30:43,2017-12-05 18:22:39,2017-12-12 11:59:02,2017-12-27,bcb87af6b44d2f2057d85c4bee1e0af1,2017-12-04
a8c8bc6b914193c0cd473a615d8e6e1b,66c004ff369bf0244761de86fd2c687c,delivered,2018-01-06 21:14:38,2018-01-06 21:26:35,2018-01-09 20:53:50,2018-01-25 00:29:51,2018-02-02,d6535f2f0e7db43f179a4ffe4752f33d,2018-01-06
f6222b0551b7a86b06483e58df64df89,866797f8cd1ee4b1311ed5ff65bc6b0e,delivered,2018-06-24 19:47:21,2018-06-24 20:15:59,2018-06-25 14:34:00,2018-06-27 13:22:39,2018-07-26,eb305a3d9b1a076a1c6c62fcbb8522bf,2018-06-24
af3fae91bafed6357991c4a3be0125d4,126cf4e9fd189d2d64bc9b112fd6a5e8,delivered,2017-03-28 11:16:48,2017-03-28 11:30:17,2017-03-30 11:22:43,2017-05-17 15:41:52,2017-05-03,90d479448b39ad9586d05da64cfb695b,2017-03-28
b06d2e18ca56fb3cfc0d354ced901371,1f1652f33b2d34da0455a2c70cd9a32f,delivered,2018-07-25 23:30:24,2018-07-25 23:45:12,2018-07-26 19:35:00,2018-07-27 23:27:42,2018-08-02,8971e7d7e0698aa8c102482725f5f775,2018-07-25
7c6fd3dc4e3c696906ccc6a37a12da9c,d635ba5e62dd2ef082442664a865bb39,delivered,2017-08-02 13:57:16,2017-08-02 14:10:12,2017-08-02 20:17:24,2017-08-07 15:10:11,2017-08-22,be6bd6ef5a586205cf814fae3db71689,2017-08-02
961be3c7f91bbcb9cbcaeeb80a68a633,b5ef23001e4c334c545ae1520408f2b3,delivered,2017-09-30 14:35:11,2017-09-30 14:49:46,2017-10-02 18:25:11,2017-10-04 19:39:53,2017-10-24,8ee43e65ed4d403459140984e43fef80,2017-09-30
a404ea50be6a196526edbedda3d1d083,8d09e89261d5af4e728f330a0c6ca0e1,delivered,2018-02-26 20:00:27,2018-02-26 20:15:32,2018-02-28 15:56:43,2018-03-23 21:32:19,2018-04-19,3a6f4c64f350df93814cc76c9ccaca28,2018-02-26
a37f223ddfb275821019dd70ef97b23f,19fe071421f0c3e88b95a638f494d4a7,delivered,2018-08-19 19:37:08,2018-08-20 14:30:15,2018-08-20 18:20:00,2018-08-22 00:42:33,2018-08-23,3bcfb921ad1e10ee41c67dee1dc7aeab,2018-08-19
24ae7e308aa3bdd9e0723fe828acdc73,3150ca8ce62833540570bafda45a6b11,delivered,2017-08-12 18:01:32,2017-08-12 18:15:14,2017-08-14 20:09:50,2017-08-17 16:35:49,2017-09-01,77d9e73de9e71c099124059557f957e9,2017-08-12
707b6f03abbbc071c056f47706c0d43b,382975749bb46771a60f69022fb95f04,delivered,2017-10-17 20:02:04,2017-10-17 20:15:01,2017-10-20 19:17:50,2017-10-26 20:19:01,2017-11-13,b3a291d0accef108a594773ba55cbde2,2017-10-17
c5a6dfaf1fb21d1d8988383d017123d1,00ffaeed5dc4a18cf44151b40f81a96f,delivered,2017-11-25 13:16:21,2017-11-25 13:33:58,2017-11-27 19:28:41,2017-11-30 23:44:53,2017-12-21,608916ce8652b2692255dad852f13b32,2017-11-25
1a69d5fdff0003d4571dffa1a9a10967,ed12242ad54c1e72af61e6f7faa4ef09,delivered,2018-02-19 13:33:29,2018-02-19 13:46:44,2018-02-22 00:21:28,2018-03-08 23:34:31,2018-03-13,263baeebdd1d811cb0c3496c1de697e6,2018-02-19
7df3717b5a5609af21ee9e719b68cef8,ec2dd7dac7d7127d2d9d7bb77a2fd226,delivered,2017-08-08 21:09:52,2017-08-10 03:15:46,2017-08-22 17:52:33,2017-09-19 17:12:28,2017-09-01,48c9e0aa6bd6ca010174be0199e2124a,2017-08-08
830bae1b14f630e9137b07c70940c0d8,eeb87d5be19d54c93c3ad46e5a882be7,delivered,2018-06-02 22:04:51,2018-06-02 22:15:12,2018-06-04 14:16:00,2018-06-05 19:46:50,2018-06-28,9e855456330c62178e7652ed067e5247,2018-06-02
a1431d521cd6c63636bd85cdad970498,4298b27e7fb16fb2538ed0327176fa32,delivered,2017-02-13 21:40:20,2017-02-13 21:55:15,2017-02-16 13:51:08,2017-02-21 16:44:54,2017-03-24,cea3dbf04fdc015dde168675c10ac89a,2017-02-13
02b0bf9164ac7753f9880e46dba17f6c,70a9b3a2a2f6c0e8cc4852bc3a591e2e,delivered,2017-06-17 17:04:31,2017-06-17 17:15:21,2017-06-19 19:57:31,2017-06-30 12:22:11,2017-07-07,fed2005ccab4fcf1a40ebdaff032a148,2017-06-17
6105e65ffe6d1531ecb3b8f42e1b0840,f5fed6e05c524ba7fc9d4ac862d3ae88,delivered,2017-11-12 19:57:59,2017-11-12 20:10:39,2017-11-16 17:28:35,2017-11-25 15:49:19,2017-12-06,f769547cfebe1d1c51b2fc628209ab83,2017-11-12
9344b511665d7cc933ea273f0231bf61,9084a4f87533ee359f52a7fb7673e880,delivered,2018-02-15 01:01:56,2018-02-15 01:10:23,2018-02-15 23:08:05,2018-02-16 14:10:19,2018-03-02,34cda7d720c037ee44378badaba363a3,2018-02-15
0be2b529a3bc3a0f53bf110c1f01eeb4,666b57e26c2733d481e58ea62f8ff671,delivered,2018-07-31 21:08:04,2018-07-31 21:44:00,2018-08-01 16:44:00,2018-08-03 21:18:58,2018-08-10,064d346034c70b936eb4ff56ff2d039c,2018-07-31
677b1a4dd9c69ee17aafc0d2b33af06d,4014f8100253a286ddb8b4594f862531,delivered,2017-06-12 09:21:23,2017-06-12 09:35:21,2017-06-12 11:08:47,2017-06-29 15:13:52,2017-07-11,3d0a330980e19020b32ea78c631f2c60,2017-06-12
e126a4c926bda89ae444a788cb74d989,bb85c4ac0d64b224ec32224e91af4980,delivered,2017-11-09 17:04:00,2017-11-11 12:50:46,2017-11-13 23:08:34,2017-11-21 22:13:19,2017-12-07,f6b94c0a1b023dff6ff51bae4a8a8900,2017-11-09
594ad966cb8b56ec21f4b3c9b7048505,8c215a516a5d40f140276e5ae77e02ff,delivered,2017-06-27 19:41:50,2017-06-29 02:50:33,2017-06-30 16:09:18,2017-07-07 19:19:43,2017-07-17,7e0dac37008b4fb0accd202502fc3b8f,2017-06-27
977b4442a3c1dfc2f22496727bf1ce97,21779f705d7bc554063de51867b2e732,delivered,2018-04-11 18:29:21,2018-04-11 18:51:05,2018-04-12 21:56:29,2018-04-17 19:22:38,2018-05-02,60fce6e412dd4ec2bf0316d90b5de8de,2018-04-11
ed5ff4c4d3ba83abadb44f00df484f0b,9765c88aaeab6304142cf4ee2caee6fd,delivered,2018-06-12 13:18:39,2018-06-14 02:57:11,2018-06-14 12:20:00,2018-06-21 17:18:23,2018-07-11,b9b0045701abdd2fc5bf0e12da736d3b,2018-06-12
1106fe72d8d349daa85a1183335bdda4,a45ae5b81307423f7cf86a35810b52e1,delivered,2017-12-14 10:18:42,2017-12-16 10:31:33,2017-12-27 18:03:43,2018-01-03 17:28:31,2018-01-09,9f3e6f44d350ade94f8bacef48ed6503,2017-12-14
bff76a871750bd5f03d22c007cd7d26d,5c4dc29c67a87f143cea0b5df952d169,invoiced,2018-07-25 08:26:08,2018-07-25 16:24:39,,,2018-08-08,eb307efee7c5852903169b7506edaceb,2018-07-25
123110dfedcc15e34ed7c2d8514e1568,ebcac2812e0b98c99de4b61325c74396,delivered,2018-04-26 21:34:08,2018-04-27 03:10:21,2018-04-27 14:59:00,2018-05-04 12:30:58,2018-05-10,6424d0ae78f810be9b0eb3c08b8839d2,2018-04-26
02e20d5cc0d1df880e43ab3ed50a238b,d58a66feb9cc844ddeebaa8ea7e5e84f,delivered,2018-01-24 10:01:41,2018-01-24 10:16:26,2018-01-26 19:42:07,2018-01-31 19:41:54,2018-02-08,b985671dc857b32f3a4f1d2aa65b661e,2018-01-24
053996f442ec9eb8666d97d3b911a15c,1ff9a62ca666573312fece78919c5668,delivered,2017-07-30 15:28:27,2017-08-02 02:34:27,2017-08-02 20:37:43,2017-08-09 19:59:48,2017-08-22,66a1f64b5e311487845a8884dfb803d4,2017-07-30
07acf8d0ac910602fc85e7355a386ba0,e6dd4b9e48d7f34244ef531a9a604e2b,delivered,2018-01-16 14:14:41,2018-01-16 14:30:23,2018-01-17 21:48:52,2018-01-27 14:33:33,2018-02-09,a45dcd8d92e79f60db28c64576a5b1ca,2018-01-16
c09395a3ba913b8f6c2594a7df7df72b,9a9059f7c8537c6ffb5610f5202ccfb7,delivered,2017-09-16 16:25:19,2017-09-17 16:30:17,2017-09-22 18:30:08,2017-09-26 20:19:43,2017-09-28,189a05aa2dde9d531cb955584df08c1f,2017-09-16
e12aeddf85ba20f8e2d865a28b32fbd8,595713cd04130c26109cc971921fe409,delivered,2017-09-12 09:32:47,2017-09-12 09:45:41,2017-09-12 22:03:02,2017-10-18 23:09:01,2017-10-17,f6a3dd737af5666d0c2d2fa9d5ac3c7d,2017-09-12
fef34b6fb683748342c85724a3fddfd3,f6365c594e14b2f842241a4845631c38,delivered,2018-08-01 13:19:12,2018-08-02 05:30:57,2018-08-03 12:20:00,2018-08-09 21:21:58,2018-08-16,1e2ffe198fd3615aa1e280a9543a40f3,2018-08-01
fa4a23d3eacd4f1794252ef37ff4e999,748c99bb4e4102b01c3fcc04669f8940,delivered,2018-07-02 10:51:58,2018-07-02 11:09:59,2018-07-04 14:47:00,2018-07-05 18:31:07,2018-08-02,25868a24231027b62cf5d03196abe786,2018-07-02
74fd22110fce99b893b31cada7e2c3e8,b79aa7aa4566ad1e71c4bb179a980b2f,delivered,2017-03-06 11:02:33,2017-03-06 11:23:20,2017-03-08 13:22:42,2017-03-17 15:08:01,2017-04-05,be11412d4de5e182a01a2b7648909755,2017-03-06
5bda3e4d7080c484cd646a53165a7892,e4c44f8397c63555e4d0b11f4e7addc5,delivered,2016-10-07 21:30:12,2016-10-07 21:59:02,2016-11-11 09:57:36,2016-11-16 23:47:37,2016-11-29,e77dc6d35eca2c309c97739d49994220,2016-10-07
177232fa960427ae2a14f6b52a5473b1,89885df937157375f2aea4ccec60d274,delivered,2018-01-18 21:03:39,2018-01-18 21:15:27,2018-01-19 16:28:51,2018-02-06 16:59:05,2018-02-15,9e870328ebfbde7f303af30a6529b9c2,2018-01-18
240891986117bf8fdfbed747309a06e9,574c554fe8c61e52dea6dcaf526d49e2,delivered,2017-07-21 14:39:10,2017-07-21 14:50:17,2017-07-24 17:35:46,2017-08-14 15:03:37,2017-08-24,3f5f5871042b5e66d59350e144140ba4,2017-07-21
e29dccdb88a3634febb4ec0b7407702e,ae215a458d22cf95b2289bab411160f6,delivered,2017-10-22 17:36:39,2017-10-22 17:49:26,2017-10-23 18:34:13,2017-10-26 20:29:03,2017-11-14,b5b5688f8bef64161d107275f14f914f,2017-10-22
2ace7e1ba19304db3cc21291effaa7fc,c248cb866a60116f04bde9a86344de65,delivered,2017-11-29 11:57:21,2017-11-29 12:18:36,2017-12-01 13:42:23,2017-12-22 23:33:52,2017-12-19,2e22a2c99a49984d1ef90e308770ebe4,2017-11-29
c8a174ccfc523fa565b784ff38e2797d,0e7433ba0aa979efa04779bc77e8bfec,delivered,2017-12-20 19:56:17,2017-12-21 19:50:47,2017-12-22 22:59:05,2017-12-27 15:34:16,2018-01-09,163536c53e475070a8a318ae603c3c05,2017-12-20
2660e4e0c99dc944d9935e3b8781d81b,614a669b833b9fa788c043f854607611,delivered,2017-03-26 16:03:16,2017-03-26 16:15:14,2017-03-27 10:20:02,2017-04-05 10:23:39,2017-04-19,8147f54b5645058999344b9b39902eee,2017-03-26
f7361cf43f37fb3e52d766023b2a2205,b7c6a7b4843f3e00ff86559c717db968,delivered,2017-05-25 09:00:19,2017-05-25 09:10:18,2017-05-26 10:18:48,2017-05-27 04:44:54,2017-06-07,6f9abbcdcab984ae0fdd1a45c74ff6a7,2017-05-25
a7735463a3354273d091f4b989e792c4,d1819fae7c40c1b27eac41a68186a593,delivered,2018-03-03 21:43:26,2018-03-03 21:50:35,2018-03-05 23:09:05,2018-03-28 01:04:46,2018-04-02,82b73b7f618cd46925962c648ecf2875,2018-03-03
a3965b3546bff7e3ec5e766fa6e8d865,1a56b93a42160f456c60a3642ad51ffa,delivered,2017-10-24 23:10:01,2017-10-24 23:28:08,2017-10-25 17:42:53,2017-11-09 21:54:53,2017-11-21,86acc05599817d28ce375a201a3ae9eb,2017-10-24
96d881333d9aeecaab4f628ade82fa67,6973174251ecb1f546e5dc66a0d6c90e,delivered,2018-02-10 09:42:26,2018-02-10 09:55:29,2018-02-15 20:54:42,2018-02-26 18:47:00,2018-03-15,c9f9a1ba4ccd2044e49573475182614b,2018-02-10
a3fab749aa2a4eb81b72627bc894c184,8e58115615a104ce0284d62c47274505,delivered,2018-06-17 14:53:15,2018-06-18 12:19:06,2018-06-21 16:08:00,2018-06-26 20:35:41,2018-07-26,a9dfec1c3a48b91f82f51fe683d18a16,2018-06-17
6e4a67f3a94e46e6cc5af48093d14127,6f065c44abf2024a4cb9ee299921ed6a,delivered,2017-01-19 15:21:44,2017-01-19 15:30:15,2017-02-01 18:06:23,2017-02-01 18:06:23,2017-03-08,2d7a88002fb4c6073fbef4f59707a0e0,2017-01-19
ca7c7cc82b6d5531b6ff87a7e232357c,438ad6d81467ace11850c8a96818ff42,delivered,2017-10-11 14:36:25,2017-10-11 14:49:22,2017-10-13 19:32:28,2017-10-18 20:13:47,2017-11-07,3040ed5657c7fa41b07a6c83dcbeeac4,2017-10-11
58651d692f3fb03a452df6646056b8e3,90a7c78139e448ae64279fd41cfee48e,delivered,2018-05-07 11:09:39,2018-05-07 17:56:33,2018-05-10 09:50:00,2018-05-14 21:59:42,2018-05-22,0da1aa3ba96a0b5a3f29bb408cf07038,2018-05-07
815b68de0bc7fa6c117e4bcf855734ef,0d5ac8dc4bf26eead9e5262d9da7abbe,delivered,2017-04-30 17:28:58,2017-05-02 14:42:55,2017-05-10 15:27:34,2017-09-19 16:49:30,2017-05-31,13f6497d6db06969e7c7a10c914e1a6f,2017-04-30
b9f99c9c33ee2bec41a8a975e57fb7b0,bdacae7fad7179f4a2c9b5790b76460e,delivered,2018-01-20 12:36:52,2018-01-22 14:59:15,2018-01-24 23:06:31,2018-02-05 17:22:34,2018-03-01,fc3e09ba496a11616c3b9284b93c2c19,2018-01-20
b15b9ad689e274a34b5b25df2364c96d,660ab4ec5eaa81a4531ad10c2663d79a,delivered,2017-09-12 08:48:42,2017-09-12 09:05:13,2017-09-14 21:11:29,2017-09-21 17:18:52,2017-09-29,32096663d6d42a75b8d0dacdc99df939,2017-09-12
9365c8c75027cd5e429a9355f1e088b8,0491083e2ce781339e49382f4ccee438,delivered,2017-11-22 21:41:58,2017-11-22 21:53:37,2017-11-23 23:31:58,2017-11-29 19:40:02,2017-12-08,ebe45b12f9bb37fb0832dcc00b58c4ce,2017-11-22
43a57d07af3699cb326ea4b1f6d0bae3,b49cc676663ad8545fd56c4c2ec8545d,delivered,2017-07-07 10:17:17,2017-07-07 10:25:15,2017-07-12 19:48:48,2017-07-18 18:09:04,2017-07-27,c944da0ad1655df2731f8bb49c606945,2017-07-07
2fa5e9f6c4873828710c581b86281125,10a3aace97d84274d63b3cf7af70449c,delivered,2018-08-02 20:21:12,2018-08-04 05:05:18,2018-08-06 15:27:00,2018-08-09 18:48:47,2018-08-17,58ad4c0b2c76235398e073dd0042e18d,2018-08-02
b57b0a8e4374e4aa14d959fe79f4765a,a69fbad70edba5ff322f07ffe0529850,delivered,2018-04-18 23:31:57,2018-04-20 00:16:35,2018-04-20 15:57:26,2018-05-02 15:27:40,2018-05-16,027f1c8ff06b9e07a71f720fcb918531,2018-04-18
a40c3d3b781b68ed6011193c6105eda1,97406ce3b7598fcdb519388974d490e3,delivered,2018-05-01 10:38:55,2018-05-01 10:57:17,2018-05-03 14:27:00,2018-05-07 17:26:49,2018-05-28,91d4dd867564987abda83ceaa6259378,2018-05-01
b962a071f9bf689775fbdf041a11372e,c8e498dee65a329a3952083292a9381d,delivered,2017-05-05 11:15:20,2017-05-05 11:25:14,2017-05-05 11:45:25,2017-05-15 08:04:40,2017-06-01,b60e4514e16067998bf7e7debd55a824,2017-05-05
4846854b57d6c6567ce3e53b2f96f0fe,4028d0e98bc21c95b00aea6aeff03d44,delivered,2017-06-02 13:22:46,2017-06-02 13:35:18,2017-06-06 13:52:15,2017-06-27 14:22:23,2017-07-04,f3e100178ce66b528c8f7ee247a081f7,2017-06-02
ae06ecd5e96edbfc44668e2cd8e0ff84,97172fa0d75aa231bb031e8d71b0f0a6,delivered,2017-08-10 21:56:13,2017-08-10 22:10:15,2017-08-14 14:41:50,2017-09-21 11:54:14,2017-09-14,a1ff98c0cff5e296934cecd951d3897c,2017-08-10
8f09949ac786439a1e679a535495c409,e64aa02afcaa1e3d4ce21e3bee093bce,delivered,2018-04-12 18:58:18,2018-04-13 19:32:33,2018-04-17 02:44:36,2018-04-27 19:33:08,2018-05-14,c553acdc51975662d2b5bed35a39adc5,2018-04-12
08ceaa7aeb0f28f7f44988d179b5452b,e95db45635aff45b3ebfd6a711f681c2,delivered,2017-08-16 08:10:31,2017-08-16 08:25:15,2017-08-16 19:33:03,2017-08-17 18:34:30,2017-08-29,1a152f1802f4a2a72173a78dfb44e999,2017-08-16
fdd2049f954806e2fe0d0bb830563035,d601c3396c4ce0fb5d5fa73400ab8c0b,delivered,2017-04-01 17:24:25,2017-04-01 17:35:13,2017-04-06 12:28:14,2017-04-11 15:32:55,2017-04-24,960118b2d734220509690e16787f955e,2017-04-01
8e8f66d7e07a38eded748a76f43cff5f,2bcf917d6b43a5ad3406a0efc3ba7ab5,delivered,2017-05-20 11:19:39,2017-05-20 11:30:29,2017-05-22 09:02:03,2017-05-23 11:42:29,2017-06-09,abe374c25d62e05d46e3124eb2462905,2017-05-20
3765df8b607992dccb4268b1e535c162,b9ab019e35acc41ce59d290989f01d88,delivered,2018-01-20 01:06:48,2018-01-20 01:20:46,2018-01-22 22:46:32,2018-01-30 21:04:31,2018-02-16,edeb76cca552f6ca2f012333c9c15cc0,2018-01-20
a0e5e8a92adebf62f063487d7af24fb1,23bad2a966f86ce792967692edb060e9,delivered,2018-02-26 14:31:31,2018-02-27 05:30:55,2018-02-28 19:07:31,2018-03-05 20:13:24,2018-03-12,0130a250cff3b3b0649cae3671959139,2018-02-26
86ffd26cba13b7ba4ca88e5a993f5f4b,cb900d4ba0a6f9fef5809876bcf9cbd7,delivered,2018-04-03 20:22:01,2018-04-03 20:35:21,2018-04-07 16:50:48,2018-04-17 18:05:26,2018-05-07,83aa67c9d4e7385d205591c078438491,2018-04-03
4b2b9a77b0645d1efdf00bc2ac1ba023,0cd40b29c5d9f3c41e71050ab7af3a7b,delivered,2017-12-07 09:54:06,2017-12-08 02:54:34,2017-12-12 21:56:59,2018-01-03 20:13:00,2018-01-02,03d6d26278c85d9b4899c13c7d3929a3,2017-12-07
8185ba302492c86291d7b1912c94ded3,f066138977b82fde31c0fa4c67c6600f,delivered,2018-04-18 22:10:06,2018-04-18 22:31:08,2018-04-19 22:37:39,2018-04-24 22:17:37,2018-05-14,2e2380cbbab527da3f98d57f82edb6dd,2018-04-18
44c5dae14c55309b097d6c510ef1a986,e61831eed6ce9ac253e452e3bc8a41a5,delivered,2018-07-19 11:18:27,2018-07-19 11:30:35,2018-07-23 09:47:00,2018-07-24 17:18:36,2018-07-31,e8c60c7f5d8c59169d20cac8c2276ef6,2018-07-19
46f25e7d703d3c2141818cd05b8819d8,9e978f16c7aa4947054853572df18e06,delivered,2018-06-19 16:49:58,2018-06-19 17:26:33,2018-06-25 13:11:00,2018-07-03 20:42:58,2018-07-18,e946caa551b2f48b6c5f4883d34e2e1a,2018-06-19
359b8545fa52faae433eea1788c2556d,d3aa5ce911f5fbcdfa7fb8a59158a7a0,delivered,2017-07-06 23:47:38,2017-07-07 23:50:19,2017-07-10 11:42:44,2017-07-19 21:22:32,2017-08-07,3bc4a58aec1a6278d1dd9df330aa8bfd,2017-07-06
fe114439ae61b71927352b185b73550d,7b07b69535a74728a0b01adb13414b46,delivered,2018-05-09 11:58:19,2018-05-09 12:15:30,2018-05-10 12:01:00,2018-05-18 12:32:54,2018-05-25,1369b1aab007b998d44cec7ff9446f8b,2018-05-09
fb2e0a2eb0a7cd9fc655c3fdda628acc,cfebfc0e3c40c12fa6153e1e76d2685c,delivered,2018-07-30 10:17:54,2018-07-31 10:31:06,2018-08-06 10:46:00,2018-08-14 16:27:35,2018-08-20,6ae98e2bdf8d09e86cd16479fa511f9e,2018-07-30
bdd388b78e095998453503c63b83e280,bfe06b878acbfa50da99152d9319b0b3,delivered,2017-11-23 22:16:34,2017-11-23 22:28:58,2017-11-24 20:27:53,2017-12-04 18:27:43,2017-12-13,c00aff7458f86f4bc66622fd9af50697,2017-11-23
1552dd7e036af008561d1a65bb12a622,cf29149f8aa3113a1b24783414be5483,delivered,2018-05-22 07:31:05,2018-05-22 16:36:33,2018-05-24 07:24:00,2018-06-11 21:20:34,2018-06-07,b5e63d6b2fd9d506721abd938264c4f0,2018-05-22
97f3a84e96f9e837dae9f7e2f4570afe,74081feb88afbf611f4bb95713970ca2,delivered,2017-04-04 00:49:06,2017-04-04 01:05:25,2017-04-06 14:24:08,2017-04-17 15:05:44,2017-05-10,91649e225c832551bd36ef7f13c46f3e,2017-04-04
3aaee056441dcae251f360b1c71a7279,11398f922d45452a93da17cfbbedb991,delivered,2018-02-16 00:04:17,2018-02-16 00:15:35,2018-02-20 17:45:15,2018-03-21 13:43:25,2018-03-09,74fd82c3c361fc09f69b2e38c5937bff,2018-02-16
77a4605d8d0657f299caec021c55c14c,c60c6d348e3afcf17c68fa5f72af2cbb,delivered,2018-05-15 11:22:38,2018-05-15 11:35:19,2018-05-16 13:30:00,2018-05-21 19:18:25,2018-06-06,3564fe66d8d87722aac906a86eaf0347,2018-05-15
758d60d6a43952b7dd1e130edd26a18d,e8df9a2dedb6f1ce8db6910fd1772c16,delivered,2017-10-02 15:20:44,2017-10-02 15:35:19,2017-10-04 15:43:04,2017-10-05 21:11:02,2017-10-18,90d5bf1d8ecc05b41e7a02731ac91a71,2017-10-02
1f66f9bfd244a5383aeb00a84ad12a66,b692755548475c6db9d19858c5da06f1,canceled,2016-10-10 10:49:54,2016-10-10 12:01:56,,,2016-12-08,9eecbc54a48d750ac6762ab31477fb9f,2016-10-10
7a8adf1b52b8d3c0735699f5708bf513,c0b26f372775acfd5f2d1a8e256fb9d6,delivered,2018-02-26 20:27:00,2018-02-27 22:48:13,2018-02-28 19:57:42,2018-03-13 23:58:32,2018-03-23,b4fde3f3fc1d0fefcc047c7fe0454c93,2018-02-26
64cb5db87de3dcce6f274e1e690c32ab,dbfc0c99b6d78ee54b8d277bf10371d9,delivered,2018-06-02 12:15:50,2018-06-02 12:30:29,2018-06-11 14:44:00,2018-06-21 19:34:34,2018-07-17,501df7b7446ffe9136cb098343526058,2018-06-02
1def557ed62966137b261a8229f74e39,7f5a426d2b8d8865b311af0d52674b77,delivered,2018-03-28 22:20:31,2018-03-28 22:30:13,2018-03-29 21:24:51,2018-04-16 15:38:35,2018-04-16,935e66642fcb2baa8c1782a29570d905,2018-03-28
ef053dcc610734a709e3003f9f8c0b3b,b2879c8c135a510dbdcaf2e2cb9518c5,delivered,2018-05-22 23:56:23,2018-05-23 00:18:46,2018-05-23 13:54:00,2018-06-01 23:04:12,2018-06-12,a768b94e8f3f630bc08ed436c791bff8,2018-05-22
40937e994b9bf8d1d1d545e2605e3834,fba94032e6d3ae20580b20c04d55c399,delivered,2017-07-27 08:44:44,2017-07-27 09:45:21,2017-08-02 16:44:37,2017-08-14 19:23:37,2017-08-22,be57b0d88814519da46ab91640211007,2017-07-27
8595563cdfdd7b6274ba3dfef7ab6ed8,d61ef81ec4518a527d7fc8cfd015e0ab,delivered,2017-08-19 20:25:59,2017-08-22 04:05:17,2017-08-22 15:05:18,2017-08-25 17:56:13,2017-09-21,8bba5d98eef0fba5bc4118a9e3b0cd89,2017-08-19
36ee5e5872c5ae9c20647fcc29511b56,521845e4dfaa5fa0f913a3baccb38d61,delivered,2018-05-06 23:28:50,2018-05-08 19:53:01,2018-05-09 13:03:00,2018-05-17 15:12:36,2018-05-29,ea484338b14385e793e1e0157fdd8ec2,2018-05-06
721cdd34c6ff27fe0fb9f2c21f27d444,fa3e181e11d9ccc0daf16b77fdb5ae05,delivered,2018-07-16 10:21:31,2018-07-16 10:30:19,2018-07-17 14:19:00,2018-07-23 19:16:57,2018-08-02,87bdeba3e1eea52846d4acba15600743,2018-07-16
fd856e3b03eb3e97aff228fc3914ae39,f9f9b6e4c0b5a46337ce2694a26cb3b6,delivered,2017-09-26 13:20:43,2017-09-26 13:28:27,2017-09-28 11:52:07,2017-10-07 11:26:58,2017-10-26,af9a52ccfb2dc56579bcbdce3fa127a7,2017-09-26
778ecfb1e51738fb3f885c62f76d5519,a4469901a1b99d810329af218d154768,delivered,2017-11-24 22:22:37,2017-11-25 07:15:27,2017-11-29 22:52:00,2017-12-09 14:24:25,2017-12-21,c45a227d0dc48199de81e712620b24e8,2017-11-24
dbc01c2664181f1d91a6e30ec814ad57,e5f5462d1fc4d04da9427f0ef274ec32,delivered,2018-02-18 20:03:20,2018-02-18 21:15:35,2018-02-22 19:07:20,2018-03-09 19:03:07,2018-03-13,640e495d067507f00505a6faf48e527f,2018-02-18
90a5ab921329e3765b29cef31994ee5c,379c4e1106a6441fbd8d283f0cd4a645,delivered,2018-06-25 08:44:28,2018-06-26 05:37:31,2018-06-26 11:22:00,2018-07-02 19:26:55,2018-07-25,73d3ddee12b0c26c050b9f8ffef6146f,2018-06-25
44ed504dda677f0c2509cf533ceffba9,9c33dfce6c598c5937553e844591e0ca,delivered,2017-11-24 13:03:08,2017-11-24 15:14:58,2017-11-27 19:48:53,2017-12-01 21:51:53,2017-12-18,93f2d8883e0762ac2222ba7698b22f41,2017-11-24
12aef789cfc998f5f44ddf27c24e354d,2b7e2056564c3cf62c3a538efe74ba8e,delivered,2017-07-29 11:21:44,2017-07-29 11:35:16,2017-07-31 18:39:36,2017-08-12 03:27:50,2017-09-01,2db60a76a1976f100c4e94c915a04683,2017-07-29
8453dac90d79a1163ca3cc4399801d62,7df2027daaf624fff7a43f2726f3a69c,delivered,2017-08-07 22:05:44,2017-08-09 02:45:54,2017-08-11 20:11:06,2017-08-29 20:26:55,2017-08-29,46ab2c3b332c4cf3e3df6f55ba028cc8,2017-08-07
ef18f5dcc7b8a44cbdb1a14de4164bd1,4f3505c2d2b2547a60e333a7eaac6cba,shipped,2018-07-04 10:52:38,2018-07-05 16:32:54,2018-07-04 14:18:00,,2018-07-20,d3f537919bf27b4cf6157616b00a0ba4,2018-07-04
0aba4750be63d17b0b841afb6a84a629,1052ae24b3c5acdf4c7f5d4165a11dbf,delivered,2017-11-08 16:32:33,2017-11-08 16:47:30,2017-11-11 10:52:54,2017-11-14 17:44:56,2017-12-04,885f85d419d323a54c3f4645893fe568,2017-11-08
d7856ff09c1797f7b7ebffae1cbd483f,658bce102db06c8750a7f481c7e14e28,shipped,2017-06-19 17:07:01,2017-06-21 02:23:38,2017-06-21 18:22:00,,2017-07-17,f844d699b8187e5c0d06309a8a34b028,2017-06-19
9b7fb06dfb1c2acd47f23960eaad40f6,f0ebb0640c12ddcd326e4e4af5143848,delivered,2018-06-09 18:48:37,2018-06-09 19:11:02,2018-06-11 15:50:00,2018-06-16 02:00:07,2018-06-28,c2444d16d5895f11864f83fd92dcbfb1,2018-06-09
cdeec5de39a62045ad7edd0f00cc8858,68fe7aa346f054eefa42c464175f7b2e,delivered,2018-02-16 13:56:54,2018-02-16 14:10:29,2018-03-13 20:42:29,2018-04-16 19:23:19,2018-03-14,a16ef34457973b06edcd66eaa7748d04,2018-02-16
6ace1bf55cd8feeb61cdff8069becf87,43eeaf4fa80626e1f275c7b117d7eeec,delivered,2017-04-20 19:01:06,2017-04-22 09:45:13,2017-04-24 12:07:17,2017-05-03 15:24:32,2017-05-12,e3660ce18c2844258644d70dc5f95376,2017-04-20
c4474cfbad07cea75b27b984b1c687be,7d2bdba4939fa38bce31b864844e480d,delivered,2017-03-18 16:45:13,2017-03-18 16:45:13,2017-03-23 06:38:03,2017-03-29 12:15:12,2017-04-12,c42eabb2c98facea2b97066ebea48409,2017-03-18
879877b4935ac3de514fe50c6a27d1f4,1f7a3529bb85665445a4a474cdc9159b,delivered,2017-09-19 15:38:11,2017-09-21 02:55:38,2017-09-26 16:41:48,2017-09-30 16:21:22,2017-10-05,5caf8a38bddd0d0b75d6597e98579a2a,2017-09-19
f544502f7cd11a14cdc792d87c7795d5,c2c015c222df129ec56095380b34a3f0,delivered,2018-08-06 15:14:00,2018-08-06 15:30:17,2018-08-09 12:14:00,2018-08-16 18:24:44,2018-08-17,38d65d91905088a7b7d5be3ac5a05509,2018-08-06
6640f59de104f0d99080a84abb0a9bbe,b22788dd1bcae68535e85800df4aea89,delivered,2017-12-18 09:13:03,2017-12-18 09:31:24,2017-12-18 17:36:59,2017-12-28 10:21:33,2018-01-11,8ec9012f82e9328fcd04a5146a5a240c,2017-12-18
8981058485651cba8b7d9c332fd47047,49cdc0a4940be40bc65ae35bef1eeaf5,delivered,2017-09-22 09:02:39,2017-09-22 09:15:20,2017-09-22 19:33:07,2017-09-26 16:10:44,2017-10-17,a03469e46b66c790e202428c5f39707d,2017-09-22
857963f443c1183582fc6386fd62ddcf,68735df1b09b8a52d5db6320a17934ce,delivered,2017-09-24 18:20:03,2017-09-24 18:30:14,2017-09-29 22:32:31,2017-10-08 14:58:49,2017-10-10,0e35b3a35d3f09b9079e2f91a01f2cab,2017-09-24
9244b03b112570e6f798f37c7eafe1a6,73d6e52130a752531279ac4642c5ec77,delivered,2018-08-08 17:09:32,2018-08-09 03:45:20,2018-08-09 14:36:00,2018-08-16 16:52:27,2018-09-03,b7299dacab794561f5843d4784478d4a,2018-08-08
acf439da18812b2e710a2e7abe7f0ab2,6c450c326e9c2432c271f7dc45105316,delivered,2017-06-06 23:47:03,2017-06-08 03:03:55,2017-06-08 15:11:53,2017-06-23 10:42:49,2017-07-05,a32f24ef781374f4d516153d774c46d7,2017-06-06
d5a4e5577531dc95e5539e0b2bdac87d,73d9f32ef0104fe1b3203f711ca28e7e,delivered,2017-10-27 17:33:33,2017-10-27 17:50:29,2017-10-30 16:04:41,2017-11-08 15:58:37,2017-11-21,719b416ebeb9f51638f343c4cc19f742,2017-10-27
7f167760bcfc10e6e7ae769837be536f,b405be7ba8a6b89a3407ba52e0c3a236,delivered,2018-06-02 18:50:39,2018-06-02 19:10:35,2018-06-04 10:10:00,2018-06-12 20:12:23,2018-07-18,5441b0ba00cbb496abe9e8dc7e7e42eb,2018-06-02
baa6bf9e45e84e1d9659e246e9f99146,62b8ef6432c7ab027447767c1f764319,delivered,2018-07-19 15:36:35,2018-07-20 09:15:22,2018-07-20 16:49:00,2018-07-27 01:09:01,2018-08-07,9bb05d624ab1d0987667e1d0ec611e60,2018-07-19
bdc386da6334df2a3ed8c51f0fe77c16,e77769a80e34cd27d3a09f5a2b095857,delivered,2018-08-07 11:15:48,2018-08-07 11:30:18,2018-08-20 14:20:00,2018-08-23 17:46:37,2018-08-29,fddd14bc2031eaba663f052a83451a84,2018-08-07
5aca40f90bd2bb6a441b083a2e215d50,1975ad502bdc96d9af3ac4ce6afed287,delivered,2017-10-07 09:04:37,2017-10-07 09:14:19,2017-10-09 19:35:59,2017-10-19 23:17:42,2017-11-08,6c5ef86cc5f9f8ec6ee9fdf1b080d54a,2017-10-07
cf26deeff1aac4e6219050acc80573ab,a8fe1687220aeb4547efe4bcdb5a8332,delivered,2017-09-17 12:57:02,2017-09-17 13:05:38,2017-09-20 15:06:02,2017-09-21 19:22:55,2017-09-28,b626a79abc5f77723f7434fcfd515b91,2017-09-17
9c916cda025ac7a244116346b9e82344,f0c31765cb4a75e422a68ba7c3f7f8a7,delivered,2017-06-05 10:32:06,2017-06-05 10:45:16,2017-06-06 11:40:26,2017-06-23 11:39:43,2017-07-13,46b0ed26bc2fb8562ad6741c58fbc53d,2017-06-05
a3378e4a292eb4e3cf114857aa9d3133,8bd458d28db5db1848ac4475657b3b3a,delivered,2018-02-12 20:28:01,2018-02-12 20:35:51,2018-02-14 18:11:36,2018-02-22 12:53:50,2018-03-08,72d095eed0cb506fbb45ccdd4e0af04d,2018-02-12
6bc4dfe9abc405f51a0ea37ef8804b2f,af6838e132cd4b57f17378cfeca1d011,delivered,2018-06-13 01:16:22,2018-06-14 02:39:00,2018-06-15 14:42:00,2018-06-18 12:48:40,2018-06-29,5779eadd148be9b75840229097785a85,2018-06-13
91cb837eb3bd9136636db21568d04a78,e14d6fb5ebfedb959887187908dbfb8a,delivered,2018-05-08 20:32:04,2018-05-08 21:11:49,2018-05-16 13:44:00,2018-06-12 17:36:34,2018-06-05,374c118557e479071f9f34705b3a96c1,2018-05-08
e0940e87c03215f63faf04c6d7675616,4d39f6e899ec7f2728b7493b8fabc2bf,delivered,2017-07-01 21:14:39,2017-07-01 21:25:12,2017-07-03 16:30:14,2017-07-26 18:14:29,2017-08-08,231bc8f59c8ade5c0851bde1dac22bcd,2017-07-01
d1b2c9f55fd006b37fc9502454713a97,306b2b6a7eb2f4c2b1088d21036f55ab,delivered,2017-12-29 15:46:09,2017-12-29 15:53:29,2018-01-04 22:09:41,2018-01-13 03:23:13,2018-02-08,b7cde5c48e370cd0708b0f5bb358f62c,2017-12-29
62bec84b920514dd9d777e095fb5be2b,fccc73b03ac8329be1c7b98011fd9638,delivered,2018-01-26 11:25:56,2018-01-26 11:39:35,2018-01-29 20:28:35,2018-02-15 01:13:29,2018-02-22,59d0ac3d3078070efee3b06a5a77c035,2018-01-26
b9a9373fc111512d93f74cbafd0d15e5,b61c656c330cd99a4d2cd8e90a498c84,delivered,2018-01-27 20:34:58,2018-01-27 20:52:18,2018-01-29 18:25:07,2018-02-09 23:35:20,2018-03-06,92e6b1a7f2ce6a0d8cc6ceb129d1bc34,2018-01-27
d05d7ff2f99a1360d7a4e4c902eee05f,27f7a152c4868999493176dee4cfee4d,unavailable,2018-03-28 10:43:54,2018-03-28 10:55:14,,,2018-04-10,b781537412012c84c120b0eec609a9df,2018-03-28
ce2d0e7e8a249b93d3cfadb57113023f,47c3a95e8891c38d11c77a4d28194f3f,delivered,2018-08-16 18:31:27,2018-08-16 18:49:32,2018-08-17 15:29:00,2018-08-23 18:41:28,2018-08-30,a9d00a051f6988fb866c9f1086a0f7bc,2018-08-16
445cd7658594f062d61dc8a61d87e602,053c7943cf3218c20664c01973f729de,delivered,2018-05-09 09:10:34,2018-05-09 09:35:17,2018-05-09 11:05:00,2018-05-14 22:32:16,2018-05-23,040405db5973c3f48155ed4280b29b86,2018-05-09
54840a5ed7a4f22b46151119aa560fbb,1ee1735cf3d351d27c1d63251ee73de8,delivered,2017-07-03 19:06:15,2017-07-04 18:55:13,2017-07-05 14:14:30,2017-07-14 15:43:39,2017-07-25,ed9919606e3cdcec5bb72e1019fe7b9e,2017-07-03
d6013e8d2272c7b600345991485badc9,54093ee9fc74a8ca3ef7840cd591c22d,delivered,2018-01-22 16:09:39,2018-01-22 16:18:32,2018-01-23 21:06:59,2018-02-20 23:49:02,2018-02-21,50593444d10f28505edba3a9e1a6438b,2018-01-22
7dd324f942802dde96fb63557eb716bb,f989f9ccb450d003391f92b8babdd038,delivered,2018-04-16 13:50:01,2018-04-17 05:50:21,2018-04-19 20:42:48,2018-04-27 21:16:53,2018-05-10,faafb6a591b24c37f50a58e0b4a71719,2018-04-16
9dafa19eb6a1375cea8727c41ea74ca4,25fcb9904c37d352104043684f67028a,delivered,2017-10-13 21:31:54,2017-10-14 21:35:25,2017-10-16 15:03:35,2017-10-20 17:53:55,2017-11-01,e9218e7be76786258357163872951906,2017-10-13
fd28bd7a604fde40a52ee6716b971139,35482a246830bbc5d40ae2e56407abe8,delivered,2017-08-07 20:25:11,2017-08-07 21:30:15,2017-08-11 15:17:28,2017-08-24 22:08:18,2017-08-22,ef313cd19f2c31154a7a95cb25eb3bf4,2017-08-07
6118deb8f9c89337edb79d3ae789bc4e,29323b4ba1d62eec77efda916feebe03,delivered,2018-05-11 07:03:04,2018-05-12 03:32:17,2018-05-16 11:48:00,2018-05-22 17:47:03,2018-06-11,0a24b6b2bc5eec645f8960698a819c05,2018-05-11
6c8e7fccd3a9d60db49c0264c1806ed6,4c7fa2c506851027e87f196848c89ff3,delivered,2017-08-29 12:26:32,2017-08-29 12:45:54,2017-08-30 19:14:13,2017-09-05 19:13:52,2017-09-19,5908f8630bbd5a8d5984b25f85588168,2017-08-29
95d8bd71f03cf8df6d7258464ac993c5,bc3c9c45fe3fd83f49adbcbf50daa3da,delivered,2017-10-22 19:59:11,2017-10-24 03:25:38,2017-10-26 12:58:35,2017-11-01 16:47:50,2017-11-16,e72bbc364013bd2f23ace1b4e3c43be6,2017-10-22
1a0ef54626e4c3b75d3be7d92dabe9fd,e117fca322db0612b8282df12aa3d1e4,delivered,2018-05-07 21:59:15,2018-05-08 21:55:07,2018-05-09 07:08:00,2018-05-17 19:36:22,2018-06-05,55dbd7a97e468edf48565a878fb31a86,2018-05-07
ff2d3362026397b4633ed312ffcdab9f,1e7fbc5baaeed443154f891810096b64,delivered,2017-09-17 12:03:15,2017-09-19 03:55:28,2017-09-19 20:18:45,2017-09-29 21:04:40,2017-10-09,1601e40166d1395309093174742df2ff,2017-09-17
7b9f5e24a87d548effb470329e3705ea,fccae75f93f9d98d7be1e1c36a0820a7,delivered,2017-07-06 21:46:52,2017-07-07 02:43:40,2017-07-10 16:52:53,2017-07-11 19:29:53,2017-07-19,196c621766aab9501b0d5509767adc39,2017-07-06
b9abdcc7b19ca8ed02a20da7575487e0,286377acb883b9f000fb16b91729a5d6,delivered,2018-07-28 14:48:23,2018-07-30 18:31:18,2018-07-31 13:29:00,2018-08-03 21:28:44,2018-08-08,5f8840d789dea9688d0702c14d52c884,2018-07-28
ba6d92892febc6a5ca2dbae073427911,4e7e0377c75e401e33a8f26d03d4f47e,unavailable,2017-09-23 01:41:20,2017-09-26 03:49:18,,,2017-10-10,cf37f7591945eef29f3d779681819f27,2017-09-23
25f1a44846759c52334309da493877c6,24b85efab2e4f813b6848980e003f286,delivered,2018-01-02 17:22:35,2018-01-02 17:34:18,2018-01-05 20:28:43,2018-01-11 18:11:28,2018-01-26,0aadcb7d3e14457462008b8d2a02413a,2018-01-02
ef88a4803cc4e345dc4aa9634783bba6,fdf2436565d91bfd979b97ec1496511e,delivered,2017-08-24 16:00:28,2017-08-25 21:04:54,2017-08-26 11:33:56,2017-09-01 20:24:57,2017-09-26,be48e539ad60d04b5dd6d8cb869b0c58,2017-08-24
bd7913296aac13e8f6ed9ef5238cb966,3eacb8f02ef1febd5bb042e1f7cbed2c,delivered,2018-01-05 09:22:24,2018-01-05 09:35:22,2018-01-08 23:37:38,2018-01-19 22:27:53,2018-02-21,41cecba779981ac69d85d939c66f1350,2018-01-05
4f0db42a25e38b5376a4e33b5cd42687,75cd2e0c7dc1e1a9842fc85a6bbcccf9,delivered,2018-02-06 18:32:55,2018-02-06 18:55:02,2018-02-09 17:38:40,2018-03-05 20:09:34,2018-03-14,9d6a51cb5e4a50c72e41b1f15241e983,2018-02-06
d2f2ce56e25363753d572f7b705070bb,9c7ecccd2cfeec9cde758c093cfc835d,delivered,2018-06-25 07:43:31,2018-06-25 07:58:12,2018-06-29 09:42:00,2018-07-03 21:27:39,2018-08-03,ebe6e36e468b6f95b618f4c06621a4fa,2018-06-25
59162d0a7fe62c725ed7be7259ae3224,cffd72193910e89fa69446f344e32871,delivered,2017-11-19 17:37:09,2017-11-19 17:50:31,2017-11-20 21:38:57,2017-11-30 22:28:48,2017-12-15,8fd2ed1ddbe2f29bca4431de79add794,2017-11-19
afaee45f0a9f01571cc18395ecc4ad0e,48956a092e7d44d33215e84d2b71a53c,delivered,2018-08-15 16:54:26,2018-08-15 17:10:16,2018-08-16 12:52:00,2018-08-20 15:55:44,2018-08-24,0048706e497cfba0b689e1e3497bc99e,2018-08-15
d2b0a763647d885d0d3db2ee534ec02a,f112c661d9149f3844db8894fa301fc3,delivered,2018-06-20 18:42:20,2018-06-22 04:35:58,2018-06-26 16:52:00,2018-07-09 16:26:44,2018-07-18,48bee6398cf4b03b2ae37582cbcc110a,2018-06-20
4ff1875e3f8c120cfe6cef2ec1aca104,610080385422f68df555845ce3b081af,delivered,2018-03-07 09:33:52,2018-03-07 09:48:58,2018-03-07 23:06:06,2018-04-27 12:36:56,2018-03-29,ca43ef609aebce70fe17decc03912c71,2018-03-07
6df5b7fa93966d4105dd318883a09a41,b71e8ee6c0e74054a65e43863cdf11cf,delivered,2017-08-17 14:48:18,2017-08-17 15:24:46,2017-08-22 20:42:39,2017-08-24 19:11:37,2017-09-01,d18b29409676819fac069006a4729dbb,2017-08-17
52a5c8d1d911e44ad26897920c371b51,93d7e029a39295f3bc9b3c272365332e,delivered,2018-03-21 16:48:31,2018-03-21 17:35:38,2018-03-22 20:26:35,2018-04-02 21:16:34,2018-04-10,699d8941135d919199bf170cc5446a0f,2018-03-21
b405fed41fa637afcbe35298147290af,e8445197dcca593e6e30e0b4e3da55cc,delivered,2018-01-16 16:44:03,2018-01-18 02:12:59,2018-01-23 19:12:11,2018-02-08 21:52:44,2018-01-31,decf0e8d20f4dfab338404579303c0f7,2018-01-16
f8d631ef8b5096ff7454bf32eb066adc,d2097ad5b2a41f250574fcb77d7515cd,delivered,2018-05-22 23:36:17,2018-05-24 02:35:15,2018-05-30 13:44:00,2018-06-04 17:28:52,2018-06-25,d43ff2e3bd83098a3c77f36a565ea47e,2018-05-22
5f22a7ee1c317c6e6f25ebe122f66bdd,cde6396076b1035d0daa4df503c2e102,delivered,2018-01-30 16:08:08,2018-01-30 16:34:54,2018-01-31 23:36:36,2018-02-02 00:44:29,2018-02-15,30fb797166d5fd14e26d05b73dd666b6,2018-01-30
d6e1f6c47ebf654ee806ef2891e6b740,d9e3c5e88b851c9730f9bdc340da634f,delivered,2018-06-02 08:27:34,2018-06-02 09:31:25,2018-06-04 14:29:00,2018-06-08 17:32:35,2018-07-05,4db476e7cdafebd2319ab569a68a1852,2018-06-02
487e6e67e10e5756f886f5994439c22f,6c7aa7f4eee619102606e20914da066a,delivered,2018-06-04 15:29:14,2018-06-04 15:51:50,2018-06-05 13:41:00,2018-06-06 21:38:43,2018-07-05,b18c8cbd9616a95055ef4146f3f805e1,2018-06-04
1205025dd1d1757c82bc1f437bcc39c5,e5f0eed3e5dfedc38c8e05a13322a7c9,delivered,2018-02-25 20:29:45,2018-02-26 09:49:55,2018-03-02 20:04:23,2018-03-07 21:48:32,2018-04-11,5b84c7275083452c0610be5c120c9dae,2018-02-25
e94d2aa1b4e27a13571357d326e1694d,ed11d279d89c44bca26fd1b29db725b5,delivered,2018-01-24 15:31:27,2018-01-24 15:58:02,2018-01-25 15:25:42,2018-02-07 15:48:56,2018-02-19,9ee8464e78171dfec7dc9548b9bb3e59,2018-01-24
d85b0457ca24686fbe089a39aab111bd,c2855a9141e0a3f2d8193ee8f385ee25,delivered,2017-07-23 19:41:09,2017-07-25 03:35:40,2017-07-26 10:49:51,2017-07-31 18:02:20,2017-08-17,8a8b0c59da609d6812f5dab9a46ce1c8,2017-07-23
5132d60eed6685d7cb062a0cd4655caf,a121f1051e6eb2ab15dcf6b5a2be447e,delivered,2018-06-10 15:12:19,2018-06-11 16:21:09,2018-06-12 08:16:00,2018-06-14 00:36:45,2018-06-21,d7c6191ef9a4e61b199870e650d68e47,2018-06-10
c1f5702e0e110ad2380343449ce19887,43823dba9e3fd0ef605d78181ae84a7e,delivered,2018-06-08 11:07:52,2018-06-08 11:38:43,2018-06-08 14:03:00,2018-06-18 13:34:54,2018-07-11,144f10d22f4cf07d962eb1046baf2fad,2018-06-08
4e7909532524b84d763e7122b02a8220,7037d795a4f10890c8949c83fb4bffac,delivered,2018-07-19 17:36:31,2018-07-19 17:50:10,2018-07-20 10:49:00,2018-08-06 20:16:27,2018-08-15,0aabcbc7751fc1659d9ece7a3a6ad72e,2018-07-19
c306eca42d32507b970739b5b6a5a33a,24b0e2bd287e47d54d193e7bbb51103f,canceled,2018-08-13 09:14:07,,,,2018-09-05,00172711b30d52eea8b313a7f2cced02,2018-08-13
4ac4a782aaf1ef694ffe108de8c7da1c,996e73b2a3dac4d73d1a45c1623f98b4,delivered,2018-02-28 12:15:43,2018-02-28 12:48:30,2018-03-02 00:13:54,2018-03-26 19:05:37,2018-03-21,c5dde81a4c503e4f3ad33d87bc314185,2018-02-28
31d9e006c7c94bccba8798ded8f50034,1161b76d1f5fb0594a3f61d42fcf9c8a,delivered,2017-11-19 09:33:44,2017-11-19 09:47:06,2017-11-21 15:44:56,2017-12-01 17:58:47,2017-12-12,bcb2569433860f0e351a9d12cdfa038d,2017-11-19
91f773f9e0ac13fce1ee51a83ded4b02,ae24f23860c6c45810fd8a7756a0d04c,delivered,2018-01-19 18:33:05,2018-01-19 18:57:44,2018-01-23 20:33:23,2018-01-24 18:06:39,2018-02-05,2df37bb066a7cc680d0c712a4cae1b2f,2018-01-19
f1bc2e9a22c1bd86a33e5f04595f1bdd,f9b4a5c4cad76c978b5c0192cebb8ff9,delivered,2018-06-21 09:49:21,2018-06-21 10:22:44,2018-06-26 15:00:00,2018-07-03 22:56:53,2018-07-20,2b87c297be1f74435d51c1a602aa302f,2018-06-21
e2861ca80cc6969b2aa1e179dd7ca698,a69615e712681532c7abc08e695b466f,delivered,2018-06-03 19:08:43,2018-06-03 19:29:20,2018-06-05 07:24:00,2018-06-06 18:42:20,2018-06-20,9717404c6a19f8bbf19d2b2f50543908,2018-06-03
e1672b092e2a9b65547387642a209145,e5b0afe11f94a8e9deb313561498c491,delivered,2017-12-26 16:46:00,2017-12-26 16:53:29,2017-12-27 18:32:41,2017-12-29 21:48:51,2018-01-18,8c7814ad86a0bcfe387a0b69efe52148,2017-12-26
1f7ca128c2e0034d8ebe8a38824c0db1,caa84cedc311453e6121d380f0b5ad26,delivered,2018-07-16 06:40:46,2018-07-16 06:50:09,2018-07-16 14:57:00,2018-07-26 10:33:40,2018-08-10,15946698663ec021091ec2e291b7d713,2018-07-16
81111cf83100722b6a554323c86a10b8,ea06be215e742396fce5dd52375f2a00,delivered,2018-02-07 08:48:15,2018-02-07 11:11:10,2018-02-09 00:49:34,2018-02-27 17:45:02,2018-03-08,b90f1d3b98edcabd42c810c0cfcf0424,2018-02-07
4afb1fa9cc394c9f295d203fc7b9bf19,11438b1c01227d2058484d74b0d71a54,delivered,2018-05-20 14:25:03,2018-05-20 14:59:15,2018-05-21 16:02:00,2018-05-22 23:42:45,2018-06-01,c1a7a7783c5ec6e784b2ecb34107d8c3,2018-05-20
3559b64f2a9eac5b40b2951f7a594dee,fae3403c1e3ad692ca3776d48bc569f6,delivered,2018-01-18 13:49:37,2018-01-19 16:59:46,2018-01-22 17:39:34,2018-01-27 11:06:42,2018-02-08,7349169efdca23df1475d337983907db,2018-01-18
f4371828f48e2b5080d079e60138f149,01fa32b1d1151078cb954b286256df42,delivered,2018-02-23 21:50:38,2018-02-23 22:07:39,2018-02-27 23:06:52,2018-03-12 18:58:23,2018-03-19,dccd1a4751f4983ea37c63167df47a34,2018-02-23
4623bbe84fc86655ac713dc181295a28,ea5c1717d00d855dd906b7a42ffb65f4,delivered,2018-03-20 22:50:34,2018-03-21 02:50:50,2018-03-29 00:37:29,2018-04-09 20:51:13,2018-04-13,6d699f62b4e65fdd81bcdee1a46ac953,2018-03-20
d92723535a5a2d4b8c5d0763d2d94a63,c44f92e1d9b62af5102fabb459161222,delivered,2017-06-11 04:47:39,2017-06-11 05:02:43,2017-06-14 15:21:20,2017-06-19 18:29:40,2017-06-26,9104a97ed58d6f4e79e4f42b73373a11,2017-06-11
7afb8d408d72272d7353f90ec6870d5e,ae9eb176fc71a9dd239b71a82b3d6c88,delivered,2018-03-08 16:36:14,2018-03-08 17:24:40,2018-03-16 23:12:02,2018-03-26 22:11:47,2018-03-26,5e5a11984e21d9a4d1d09efbfcdf6031,2018-03-08
7a1309150f5d32c660989e9fc5dbcbc4,cec0f9df31c64636ab663d68079cfb2f,delivered,2018-02-15 11:00:48,2018-02-15 11:30:27,2018-02-20 20:12:58,2018-03-19 20:03:38,2018-03-19,1930cde7df82e29f586ff77a81b36e5d,2018-02-15
e3369fffb9c064e20cc82f4f612ce0ca,7d6e327dc7acc214784c12a1848a4c0c,delivered,2018-05-04 16:52:13,2018-05-04 17:10:21,2018-05-07 14:12:00,2018-05-10 20:03:18,2018-05-29,a4933e2aee9bd54eb7ee6d33bd68e6fb,2018-05-04
5e17b70632f7a50b36f6601b955c9091,3f4ed4ea26d4071fce11eb57d75eac27,delivered,2017-09-21 12:08:47,2017-09-21 12:15:14,2017-09-22 18:39:04,2017-09-26 20:04:54,2017-10-13,b26332fad4f985a3dc81c067023427fd,2017-09-21
45884a7283a93dd46695ead0cf9c0e95,46a88a4a39d8a33d8a93d7e410e43fa4,delivered,2018-06-02 19:20:09,2018-06-05 03:50:02,2018-06-05 13:43:00,2018-06-11 18:52:15,2018-07-16,5f41f9c89bf84a62a4b1830b847f93eb,2018-06-02
da5ab50c359023c436f7965980c2470a,6adf590fdc1f4f88daaecf7138410e19,delivered,2017-12-12 14:12:20,2017-12-12 14:31:51,2017-12-13 19:49:06,2017-12-28 19:55:16,2018-01-23,2270fffd5ea1e1f8331e204028591385,2017-12-12
7d2d231c0b3abb985ed020ffa3acf300,ef239d35ce43ebac174ad5c581b03ae4,delivered,2018-03-02 21:40:30,2018-03-02 22:55:34,2018-03-05 20:52:00,2018-04-07 00:13:31,2018-03-23,90f6eb2f741df0db68e7fa1113baae85,2018-03-02
05c163d46637e5c0c23a0075dc1c854c,701c48b5cd4985397bddb8440b6d9696,delivered,2017-07-08 10:52:02,2017-07-11 04:10:34,2017-07-17 16:33:21,2017-07-19 16:41:16,2017-08-03,0339119d431b8dd1b361567e4fc48a58,2017-07-08
395cdd6553a4735ca1839ba756f6fbaf,83e0ab53251715a17d58356fd6567675,delivered,2018-07-23 19:56:39,2018-07-24 10:31:38,2018-07-24 15:26:00,2018-07-30 20:31:51,2018-08-20,461833ffb72f0fe0511a801c96d58350,2018-07-23
283b742fe68780cce8df4470d11ac981,f1e2d5d8eb4c5af5e9012816294462ff,delivered,2017-08-14 09:29:58,2017-08-14 09:45:13,2017-08-15 19:29:39,2017-08-28 18:14:07,2017-09-14,1d42515e1ee6a325f52a9dcde6040b3d,2017-08-14
bd50a7fe9fd97ea4b7663031a319e150,0975c3cf2e418ebfa5d1191a2dffd59d,delivered,2016-12-23 23:16:47,2016-12-23 23:31:37,2016-12-27 06:14:27,2016-12-28 15:54:44,2017-01-19,f7b981e8a280e455ac3cbe0d5d171bd1,2016-12-23
3aeb5dc8a6c964b163a87ad39263bf0f,efc4c623964e15c1c247a2b21e79aab5,delivered,2017-03-28 11:25:47,2017-03-28 11:35:24,2017-03-29 16:12:22,2017-04-10 14:49:39,2017-04-28,a15839b3f86a500d47e1a5edc37b33f3,2017-03-28
0c31953b008c5e98882d436f4298cde0,4aa1c9249c489f2b6a739f210c0af109,delivered,2018-04-30 18:59:21,2018-05-01 02:15:40,2018-05-02 19:00:00,2018-05-04 21:42:29,2018-05-14,450019b7e6984fac0454cdcaa3836140,2018-04-30
81fe59dfdb8538cc9b604380742323e4,a99e22216fc57bff861e77c5bcd0707c,delivered,2017-07-10 20:50:35,2017-07-12 02:15:28,2017-07-13 12:54:25,2017-07-21 19:38:41,2017-08-03,dba601832ddca6294b4de3df7bb7662a,2017-07-10
931f9e49a6f7ca3626c01012168da10e,8125ae45f81d37b7158be0069ed0854b,delivered,2017-05-30 18:02:25,2017-05-30 18:15:16,2017-06-02 11:15:48,2017-06-28 07:46:54,2017-06-12,08dff62fceeec04efaebc4c91cc17f08,2017-05-30
0cae0419c5938004fa8b8dba302552d1,7721bac08ba3e3a777291cd38463d39c,delivered,2017-07-03 16:43:26,2017-07-05 02:45:10,2017-07-06 15:29:51,2017-07-21 19:49:35,2017-08-04,3a1b96376a45fa28e4f746ebae3a8f52,2017-07-03
d582719e4c601c4654de3f18049afd59,4a06e7ed3380d62957f2702cf3fa0ca2,delivered,2017-11-18 19:52:25,2017-11-21 03:49:28,2017-11-22 21:24:29,2017-12-07 16:51:39,2017-12-12,7a95712c9290974ebc0dbb956ac27837,2017-11-18
576e9a23f503e96fdc30b174e8c6d8be,c7d1d1f9c6ed9f0d7ef358eda44b9e71,delivered,2018-04-23 17:27:49,2018-04-24 18:29:32,2018-04-24 18:12:16,2018-04-28 18:34:04,2018-05-08,9ec456851a9752f090c297a34b5d67c9,2018-04-23
cbaae4690b753c38fbab4bf2621dfde3,cf66137c8eccf81cae5677032573f842,delivered,2018-05-18 10:02:57,2018-05-18 10:46:29,2018-05-23 08:18:00,2018-06-07 13:04:02,2018-06-20,349d816d5c37f521224a3acc1fcc9e7f,2018-05-18
2213bee227bfb36c66ea52bfb3bc233a,b12fc3e268a2f8d419cebb6e35851425,delivered,2018-04-16 14:29:03,2018-04-17 05:51:13,2018-04-17 20:24:35,2018-04-26 20:48:44,2018-05-14,38e527a4bed86a228450e676f6713f2b,2018-04-16
5342d918c42e56be9a2f0f272c3fe39b,74fec52b25cd89db5c64b3ad5a7fc425,delivered,2017-08-10 11:46:57,2017-08-10 22:30:20,2017-08-15 15:08:05,2017-08-29 17:08:02,2017-09-14,9e5e50606b260617bca519e8e69b1a03,2017-08-10
6b19e991d45af8acd0fc9c7c2208f7ff,88410d3610f961ea8289fdff9523a33e,delivered,2018-01-31 16:08:33,2018-02-01 02:56:13,2018-02-01 17:54:59,2018-02-14 20:33:13,2018-02-23,8efdcd51f527f5aec0875573fd2210b3,2018-01-31
4b5a633706a4d625b6ce674e3de0c445,f97554a1b5b8d167f20a6cdfbeb2bfa2,delivered,2018-04-26 15:22:36,2018-04-27 03:15:21,2018-04-27 14:09:00,2018-05-01 02:37:32,2018-05-10,2bcda84b506eca2d9699a5efddf3dab8,2018-04-26
4e1e69162873ae88ddd0569cba69aaf7,d064cf9aebab40b919fe8fc92f5dde21,delivered,2018-04-30 18:21:19,2018-05-01 02:53:17,2018-05-02 13:36:00,2018-05-10 01:18:41,2018-05-30,2493a9d39506d61e7de69e616bdbc72e,2018-04-30
edefc0fa09c98cc491e9d2cf95ee4a5f,42c7319a2945a3b2965f0adaf0c68a3b,unavailable,2017-02-12 20:05:08,2017-02-12 20:15:22,,,2017-03-10,f019bdb8008924769fe88319cddedda9,2017-02-12
c4c6f4e48fd572d4d909012e522ab9c1,c707dd313093317154517ee4bdafdbfe,delivered,2018-08-07 19:18:52,2018-08-07 19:25:16,2018-08-08 15:48:00,2018-08-15 19:03:46,2018-08-21,39625643b498b08ebf941f9170277974,2018-08-07
ef30a80a52425b419de68e25624a8a9e,50a6803d938c39638b6f79224598833f,delivered,2017-12-05 19:10:38,2017-12-07 17:10:43,2017-12-08 22:51:49,2017-12-13 19:26:06,2017-12-28,82f41c4dd4139c7e9f486245bf6294db,2017-12-05
caec30ce615ea62d4c91df14a8df2e2b,b87e54f76b85d9446c9c3c2cba4cf261,delivered,2018-05-06 16:36:26,2018-05-07 09:14:02,2018-05-07 15:35:00,2018-05-11 17:08:54,2018-05-30,16b50bfe8c443656bc195c92f7d56a61,2018-05-06
1f75896433c52bab7768b5bb83830b2b,5314cc154297659f9790a9a2b40a5ee0,delivered,2017-12-25 21:31:57,2017-12-25 21:48:39,2017-12-26 23:29:14,2018-01-03 19:48:32,2018-01-19,c677647fc5f7e3582dd82e07c56fb451,2017-12-25
4180b8cf37c71c6a654dcf1623a5ca54,f4acb283a42faea79a3adebec07340e9,delivered,2017-12-19 15:04:35,2017-12-19 16:10:22,2017-12-20 16:15:00,2018-02-03 01:36:24,2018-01-17,8624da1d7a77cfd5970373c0a7ead3c8,2017-12-19
4a84b6a294715d6efbd396a9ecece857,9c2e38938ef603120eb967130257f6a2,delivered,2018-04-06 17:32:51,2018-04-06 17:51:18,2018-04-09 15:49:56,2018-04-10 16:48:32,2018-04-20,7a5c5a195bebd1246775a1f452c717aa,2018-04-06
07c04599729da94f8aeb0974035ac307,8fee3d51a65bd588e2c8925f687ead80,delivered,2017-09-30 16:53:45,2017-10-01 02:33:10,2017-10-04 17:57:42,2017-10-13 21:37:42,2017-10-24,56e96a3efb13dc66ddd7eca3c490a64f,2017-09-30
fd22bd0610424ec9e62c1d98288b51e9,067715fac053f8972e3887e3784e38f4,delivered,2017-03-19 13:08:49,2017-03-19 13:08:49,2017-03-22 06:44:34,2017-03-24 10:18:13,2017-04-11,4fb2e7406e0e99946ce171d6d7350e1f,2017-03-19
461db8ff8e4b904c586c0547afe2b8fd,e4e92c8f4fd945a7c43fe7c78e643218,delivered,2017-07-19 08:32:57,2017-07-19 08:45:13,2017-07-19 18:39:23,2017-07-26 18:57:31,2017-08-10,984d5ac021d7c0bf1edaa14c75c3a754,2017-07-19
1e08b6a6408c04834b0d96cb9ce194fc,236f4aa3f23eb55a11689a47d8851026,delivered,2017-05-04 14:20:34,2017-05-05 02:32:49,2017-05-10 15:26:12,2017-05-16 19:34:52,2017-05-29,8ae9cd0694b0ccb8ef3bb8571f97c264,2017-05-04
c72a06dbd2869dbfa3dc93ca4f262f37,379a4be9ef9f203fbff2b2b6f686744f,delivered,2018-08-27 08:56:49,2018-08-27 09:24:25,2018-08-28 15:34:00,2018-08-30 22:48:37,2018-09-13,8cb552bb3d3254767f1e9078064ed7cf,2018-08-27
d2adf5300d2ee5f376ae9bdd68f7723f,caf4ba4570a6cde8d11583cb434b89b5,delivered,2018-07-24 12:11:35,2018-07-24 13:24:22,2018-07-26 12:43:00,2018-07-31 18:31:36,2018-08-13,47799f5596a33639cf8178774df3ea83,2018-07-24
45f016f4ad553379b5e7e9c0d3fff18a,14452743877d9e8f0a9b53081cb31566,delivered,2018-07-02 20:38:36,2018-07-02 20:55:22,2018-07-04 15:50:00,2018-07-09 15:22:43,2018-07-25,640c4c9d24a89db665256abf3658a754,2018-07-02
e73b248d4f6ecbef4a90906e0ec56290,f7c622a13c738dab416b48fd4d67d8ec,delivered,2018-05-26 16:33:50,2018-05-26 16:58:45,2018-05-28 14:08:00,2018-06-07 00:28:49,2018-06-28,3ad2404f569f6116d28f3d163c6be4cb,2018-05-26
35152cb67f98c4fdd13067357f357b27,6276e8b570661459322c7d568067adb2,delivered,2018-07-24 13:19:02,2018-07-24 13:30:13,2018-07-25 11:02:00,2018-07-30 17:41:58,2018-08-09,fecd6cc9f74389f0280c034cb065a469,2018-07-24
ac1f8bc6b3c078bfffea1d665ab682c8,4da799d14f41e5eba0086f5e718a4a52,delivered,2017-05-03 11:07:39,2017-05-04 02:55:44,2017-05-04 13:25:51,2017-05-18 14:13:11,2017-05-26,bbf645d1ccb2a6cfc744838145df0659,2017-05-03
88ab23508366bde2dc715c9f05236499,d641ce9966d5491d374687ac80b189e8,delivered,2018-07-25 22:39:01,2018-07-25 22:50:15,2018-07-30 06:35:00,2018-08-06 10:47:48,2018-08-20,f4d515537281411bab4708749d303edb,2018-07-25
87cbf7ffbc8a1c96b554c759e6a6f5b0,f995b47806abc810ec42ba29991175a9,delivered,2017-04-05 14:51:15,2017-04-05 15:05:11,2017-04-06 09:18:14,2017-04-17 13:16:31,2017-04-28,6c601c35dcc4db99daca2fa5f88710ba,2017-04-05
a5d9378f02c74306626ebe0d8fb94d74,2e574fd43d6cb5030236f75ba2e552a8,delivered,2018-04-23 08:51:28,2018-04-24 19:17:49,2018-04-25 11:51:00,2018-04-26 16:32:48,2018-05-10,185aa88c21904a22f84dd0c72f34120b,2018-04-23
3a5ea246a74d3839864f0f2f49585663,021f73e75c9f89e051b514ddf1dba5b2,delivered,2017-11-15 14:31:58,2017-11-17 03:35:41,2017-11-20 13:26:41,2017-11-27 21:29:14,2017-12-07,81d2a8a1c5bf51b0655b68e07f15e08b,2017-11-15
fc835bbe9e62085b1e8a5d1556bc6065,ef60347fdedc32a90d201dabe721b525,delivered,2018-04-23 16:04:21,2018-04-24 17:26:25,2018-04-25 09:38:00,2018-05-02 14:17:22,2018-05-14,5d5662cb1f1a87825976598fa2f4e33b,2018-04-23
faa0bc258daa11bbbcc1797a59d3996f,7efa7ba622dbdc7eaa7a51b93203e9e8,delivered,2017-07-01 21:58:15,2017-07-01 22:10:14,2017-07-06 13:43:41,2017-07-12 21:51:57,2017-07-25,38661d5602cb078419f411b65e3bdce1,2017-07-01
c36078aedc2e7cf1108ddc431667f517,23efc11a527327db188bf99ed2e37638,delivered,2017-06-12 11:39:00,2017-06-12 13:11:16,2017-06-14 09:27:31,2017-06-23 12:12:32,2017-07-05,a38b86dce31f7c014a0c958b548f6a64,2017-06-12
10baace34a8f00b9b8a872d49d897fc9,e58f98729a032e4a32475e8592ce6bd2,delivered,2017-08-16 11:02:46,2017-08-16 11:35:13,2017-08-25 18:22:07,2017-09-08 22:15:41,2017-09-25,3ae49bff8b4dcba7efea0f5f928b3f82,2017-08-16
9e2554cc1c65d31fec92397a1d6b7b78,0222766ad058124916f73176998b8df3,delivered,2017-11-10 17:06:58,2017-11-10 17:28:25,2017-11-17 16:04:50,2017-11-21 23:58:54,2017-11-30,026e135c007282454338db204e44381f,2017-11-10
74da3383cde17137b2241e3b7e40c78b,f535b57e420bee9c710c0b9ceb46bab1,delivered,2017-10-04 11:17:09,2017-10-04 11:28:28,2017-10-06 12:57:40,2017-10-13 15:30:11,2017-11-07,a1cb90820a6eb92adbc5ee823e89c329,2017-10-04
41cd06b8f16a95fcaf0ebbf0a4c23040,f326b28a6f0855b827fcc0e581914da6,delivered,2018-05-07 10:00:04,2018-05-08 03:55:33,2018-05-08 15:23:00,2018-05-09 20:52:46,2018-05-17,2cf95f282a68ddf2078850c0d1e2090c,2018-05-07
dd9ab4c3632ba0320014ad633ea52470,aac1312b09bbe8ff9595f5c15f9906d7,delivered,2018-05-22 17:38:17,2018-05-22 17:56:33,2018-05-28 13:18:00,2018-06-12 23:51:51,2018-06-08,19af2c88e8c0ea187366bb5d82789df6,2018-05-22
c36b0f4253481ba100d5a003cd3b6fc6,7dd79bd17d2be396ffdaabb3244e4213,delivered,2018-08-02 12:24:01,2018-08-02 13:15:26,2018-08-03 15:52:00,2018-08-08 16:36:53,2018-08-16,afe9cdc000a97004ac5e560d40c4ce6a,2018-08-02
63c303bbfc61f7fea7c12039a331617e,5132492784e2cb68041fb14b457bfe4b,delivered,2018-01-26 18:25:25,2018-01-26 18:39:45,2018-01-30 19:33:39,2018-02-08 20:25:07,2018-02-19,ed865b778c40d0f61b68bd0dc768049c,2018-01-26
d764cd060b8fb7db9b63026dbbd51d6f,958c1d57ccf24ec9f9fde350870a7a5b,delivered,2018-04-19 20:59:17,2018-04-19 21:10:21,2018-04-23 20:36:36,2018-04-25 22:12:12,2018-06-08,8c663cd9be4218ae3ac99b241991bd12,2018-04-19
0dbd48af8e89b595eec029357764af2b,e4e5ff953eaae46ad6d35088e9db153f,delivered,2018-06-09 17:51:54,2018-06-09 18:18:57,2018-06-11 14:46:00,2018-06-21 15:05:02,2018-07-16,c2dd0c2c04f270a0ce042946d1e1857d,2018-06-09
7799fe2d11ea5199a87e247eab4abcd2,a6aa137231a82a6c8587f8b6130338a4,delivered,2018-04-14 17:51:24,2018-04-14 18:12:08,2018-04-17 18:03:40,2018-05-12 14:12:15,2018-05-16,251d7b77dc07f763ed04ace8ca8b365a,2018-04-14
57fd8fedd552dd174321576bd4df11ad,f614c4aa1d48064ece3e56f6e9b43ec5,delivered,2017-08-19 13:14:31,2017-08-20 07:04:32,2017-08-22 09:34:09,2017-08-23 18:13:20,2017-09-05,23274031486adbc793cecf0458dd431b,2017-08-19
ee43fa4abdcd5f9e2c4ab7f972628c3d,80b980f78e474fd033f298daeb5663f2,delivered,2018-07-10 11:37:03,2018-07-10 11:50:15,2018-07-12 14:34:00,2018-08-03 19:21:59,2018-08-01,8bc15aa0b64b65bffbca7673950ee72b,2018-07-10
e2fb90759edabe8462da889ac54fb0b1,f2760a5f7548e1db17a8045cf6caad9e,delivered,2018-06-10 14:08:05,2018-06-10 14:31:26,2018-06-14 09:45:00,2018-06-19 19:32:38,2018-07-11,13cdb19159111a28a057191f5f28d7d6,2018-06-10
3463c5474c21c4b02543cb5e9607f4e3,51a281580055f6675c99cf7bf58ee9e5,delivered,2017-09-30 18:07:09,2017-09-30 18:25:31,2017-10-03 22:12:19,2017-10-09 19:57:02,2017-10-30,8f891a5f40cb72bf5fabda4997b4a625,2017-09-30
46077eef0ad2e1103cd2970326b3712b,30e5e38dcab5b4f261e95cf80ff6b386,delivered,2018-04-13 22:53:57,2018-04-13 23:09:39,2018-04-17 15:08:50,2018-04-26 22:24:31,2018-05-28,18a65d67bb184e736656cc017f09f7b8,2018-04-13
d715a52ed67662a1f4fc1d94e68b2ff0,7e64b83c928d645bdee95d00750ea34d,delivered,2018-02-23 00:22:13,2018-02-23 00:35:36,2018-02-26 22:25:03,2018-03-05 16:45:06,2018-04-30,fb82affcdf98ee48d9d36c7feb802417,2018-02-23
4f0c82eab94eb2ea093382969dfe6949,66acec0b594d1e6da7e248d3172fcc43,delivered,2017-08-22 09:24:02,2017-08-24 03:15:28,2017-08-24 14:23:13,2017-08-25 18:42:02,2017-09-04,39d7ce28dfadb187458ae98f1e7e3857,2017-08-22
837d0f47af4d0d6a1e3fc98603bd48ec,0355544e5f4818d9553faa520fedf38b,delivered,2018-02-16 16:19:31,2018-02-17 16:15:35,2018-02-21 00:27:17,2018-02-27 01:29:50,2018-03-08,c2eef4e8cfe88848c34e81a5cf62b4be,2018-02-16
bc3ec72d51f1b267777a3050c37949fd,1e34d5f2f76b66a767e02d4fcd550847,delivered,2018-05-01 15:24:51,2018-05-01 15:35:23,2018-05-02 15:19:00,2018-05-07 10:25:55,2018-05-15,0ad1d79346c3b98b517348ecbbadfbc6,2018-05-01
3db9b03f9f2cf3ddee0ab4b753046ace,1111d304b41ee6f78da59683a4f95373,delivered,2018-05-07 15:37:19,2018-05-07 17:17:33,2018-05-08 12:24:00,2018-05-14 18:36:41,2018-05-21,5df9ba9994cab2db140117f6ad48bbf6,2018-05-07
49bc9d5a7ffb965e58cf15e4b9c283e3,eef3943a7e9119be2eb17f1bfc57e336,delivered,2017-06-15 19:38:16,2017-06-15 19:45:13,2017-06-16 12:07:55,2017-06-27 11:18:07,2017-07-10,9c4d4ed0a5f29cdd74ff3a3d622ceeaf,2017-06-15
f081de5f638ebea21bfb2cc74339e925,051a1ee05ed1abcc755cb96dd2b85fd8,delivered,2018-03-18 18:32:12,2018-03-18 18:47:38,2018-04-03 23:18:20,2018-04-10 16:38:44,2018-04-09,1bf743e4fbb3f0d171c66533e949d631,2018-03-18
5d586b9ec73856b3d60e387282a1294f,62253c7b50cc45ba18d3f7f83c21d1d4,delivered,2017-07-12 22:25:08,2017-07-12 22:43:41,2017-07-18 18:41:10,2017-07-25 22:13:55,2017-08-01,767649c38f521e4b49e1a17895d40803,2017-07-12
77398a0f3a4c177f2c4c7010abb1d9d9,b04d5cda4ed1c2a60d127893d557b222,delivered,2017-07-16 12:04:19,2017-07-18 06:05:44,2017-07-20 18:14:36,2017-07-31 17:20:09,2017-08-04,f7d76bf3850c8a9c36ad957e0e23ecca,2017-07-16
e1d0f82fb7dcb6e5efb48ace3c44734e,7605a56bf8e58ba48eb33c0d6d5c87fa,delivered,2018-07-02 20:54:50,2018-07-02 21:10:49,2018-07-04 10:46:00,2018-07-07 11:44:26,2018-07-23,868824f16be9962902048e8913bc31c8,2018-07-02
cef44224a07647470c1afcdbeaa43c92,b7101127b6df67aae4715734e0dca049,delivered,2017-05-22 13:14:25,2017-05-22 13:25:15,2017-05-23 12:34:12,2017-05-25 15:57:57,2017-06-02,c4087df3fe3cc151f397a55cf54fbbc9,2017-05-22
7c5a2d5d250c97dae083141ed6981171,8fe5afc484d461215ac5a438f734d373,delivered,2018-08-13 11:39:13,2018-08-13 11:50:21,2018-08-13 16:47:00,2018-08-17 15:19:08,2018-08-23,522400bdef84d75fe0c0f2b8be406321,2018-08-13
cd466631c2bd74fbc4e744b131819ea5,dceab7a0356dfd73d5b0f9c14f1ce7ad,delivered,2017-10-20 07:43:43,2017-10-20 08:45:59,2017-10-25 11:53:08,2017-10-26 18:29:05,2017-11-01,3bea625d5075352d71df6c3c074159b5,2017-10-20
81f0ac6df4dc86fd79d0ec097d0d4403,016976e1a8808cdefd68c7080e3899fe,delivered,2018-03-02 21:44:29,2018-03-02 21:55:55,2018-03-07 00:03:34,2018-03-08 18:48:36,2018-03-14,78d728237c4821f25508b773d2dc1dfb,2018-03-02
ee9678be9e885ce633a1ba9aabe35245,3dd70ca21e105245a350c4d2e5bfa488,delivered,2018-01-29 21:34:26,2018-01-30 03:39:04,2018-02-03 15:08:35,2018-03-02 14:06:53,2018-03-05,c3a84c7fd010e516b355cfd1242baa86,2018-01-29
6c51f58aa6e93a65c7002b68ba2806cd,a09d60347e2da4735fdbe1ddf07eacda,delivered,2018-02-17 21:38:03,2018-02-18 22:26:59,2018-02-21 23:35:35,2018-02-25 16:19:39,2018-03-06,2cdd93040317cfc400800fbe293e5a59,2018-02-17
2b81ceae14ec578d18655477c0efa3e8,0fec7b885986f20c613f82c17dc0eb49,delivered,2018-07-24 20:41:14,2018-07-24 20:55:23,2018-07-25 13:44:00,2018-07-31 19:52:00,2018-08-16,62387a0b1a55ae92bd2786f098ae526a,2018-07-24
d89b392ad0bd59b8e4aac2471ad29e59,180d4be0c64a3eaa7580af8f8b1e37eb,delivered,2018-04-18 11:30:13,2018-04-18 11:51:48,2018-04-18 23:28:33,2018-05-02 13:31:54,2018-05-15,ca82b6ceda30f45aa25fb89677f64c4d,2018-04-18
fe752108fc4e35deba17eca323635246,591f3c97fbb1c6e0a5b9676b4d734a6e,delivered,2017-12-21 00:30:27,2017-12-21 21:11:04,2017-12-22 18:34:50,2017-12-28 19:13:16,2018-01-18,2dacf652a43a1005dbebf35e57b5157e,2017-12-21
ee97923b6c1439e110fab51fb70c78b9,d4fa8569032b6fa841089b2e0cf39914,delivered,2018-02-12 18:11:54,2018-02-13 18:10:30,2018-02-14 23:09:51,2018-03-01 21:27:22,2018-03-06,854a5f21531f1fc995d0196a5f356d3d,2018-02-12
ce0474c2f50a216ddec3b17b6852a5f2,e5bc9f8faba8738132bffaeb1a998ff4,delivered,2018-06-08 13:55:38,2018-06-08 14:47:09,2018-06-11 14:10:00,2018-06-18 14:02:46,2018-06-26,a5ca3bb9a066406fb121bf08cf5bfab2,2018-06-08
e5f831d72ad6fa8ea2a912886f2831c8,a379939b4e880bfb2522dffc9ffbb54a,delivered,2018-04-03 21:24:43,2018-04-05 02:30:21,2018-04-05 20:21:55,2018-04-10 19:37:57,2018-05-02,27d2ca358560349626ac4d8ec44524c4,2018-04-03
924d7c4505c90dd9c3a4ab2c3c5daa15,20aebc0f0e6da06736249c19e0eec816,delivered,2017-10-23 16:53:19,2017-10-24 03:28:42,2017-10-27 18:33:45,2017-11-08 16:53:03,2017-11-16,8ba896e53b12a9f1df81ef3a5f6efdc1,2017-10-23
8d66e7c32beb75dd7515b4fb86b98988,1bf452c4be30be03b7dbec73578f0d05,delivered,2018-01-22 22:38:06,2018-01-22 22:55:56,2018-01-26 18:22:29,2018-02-06 16:08:43,2018-02-19,ea929506cfdb074f54c05436bdaafee1,2018-01-22
ae7ebc8121246202b1ff260fb0b9d719,be181460961ce08382498147b24974cb,delivered,2018-03-08 11:56:10,2018-03-09 02:15:40,2018-03-13 14:11:30,2018-04-13 15:42:45,2018-03-29,06b8f154e9a7a0ecc1575e21da4c9d59,2018-03-08
7791d87e3629a61832a9cee326042181,5331673b53ab96917e46619ea1d443f0,delivered,2017-09-28 09:03:53,2017-09-28 09:14:14,2017-09-28 17:35:10,2017-10-10 18:58:51,2017-10-23,51dc56123336c573f2977f5da81b17b9,2017-09-28
f3c69e6269c6f234b356b832442c1621,940f8b3cc679eccb8b8595670a19bdeb,delivered,2017-12-27 20:20:38,2017-12-27 20:29:21,2017-12-28 17:43:55,2017-12-29 18:49:07,2018-01-16,4a5763e78f5d3fe1663384d652aa140b,2017-12-27
431018542d8303268a574ea80da4cfb5,99a5a40178ddd41b526250426a60f363,delivered,2017-05-26 14:26:53,2017-05-26 14:42:33,2017-06-01 13:57:44,2017-06-14 16:07:43,2017-06-26,8816ea7c1592bcab312eae9352996067,2017-05-26
a50c2fd61e48768d42124c4b1477acb8,212efb04c16e7f11fd4c788666a39e8d,delivered,2018-03-28 23:21:27,2018-03-30 03:09:02,2018-04-09 21:19:10,2018-04-18 13:17:59,2018-04-19,98f72e7f3e9ff59e273980c389316392,2018-03-28
aa55555c927df6a9f421ab6fab013656,990ca371664feb42a064c3503d40d749,delivered,2017-09-14 13:24:48,2017-09-14 13:37:05,2017-09-14 20:29:30,2017-09-25 18:54:37,2017-10-03,aef5ca7735ba53cbecabfa7796c36b74,2017-09-14
7d00af7c23ec65f8e98e9d7a348130f4,3bd38160b140b90ab82c95d76c507926,delivered,2018-05-16 17:54:57,2018-05-16 18:16:29,2018-05-17 11:58:00,2018-05-22 13:29:57,2018-06-05,0c87588b9dd67f28843422011075f492,2018-05-16
7b905861d7c825891d6347454ea7863f,2079230c765a88530822a34a4cec2aa0,delivered,2017-08-18 09:45:35,2017-08-18 10:04:56,2017-08-18 18:04:24,2017-08-23 22:25:56,2017-09-12,53b30ca78efb2b7efcd3f9e461587eb2,2017-08-18
c12658dc350b49b1970455764f1137f3,79c50087220a5bc7f7d990c39aad78e7,delivered,2018-02-22 14:50:05,2018-02-22 15:08:33,2018-02-23 21:08:25,2018-03-29 23:18:38,2018-03-21,b94ac78ce96618e7e546f0efa55fcb22,2018-02-22
8026c598dd1215d12c3c326458788d7d,824f3575a98b7382fdaf20c8a67737ab,delivered,2017-05-17 17:51:07,2017-05-19 02:15:22,2017-05-19 20:34:38,2017-05-25 10:27:38,2017-05-30,42c81f944761257c8df3b028e6b738cd,2017-05-17
55f72a4c8e4ca95e4ffdd60cbbec8c68,8bd7ecb3d48667fd8781870e2333dd3b,delivered,2017-11-27 12:57:35,2017-11-27 15:02:44,2017-11-30 23:26:38,2017-12-08 21:12:02,2017-12-19,0f5ac8d5c31de21d2f25e24be15bbffb,2017-11-27
0b0448ca144af06370f09b67224e0eec,94f0aeb55a332b7a3480aae50c02c975,delivered,2017-11-21 16:14:06,2017-11-22 02:51:26,2017-12-01 15:35:40,2017-12-21 18:43:41,2017-12-15,89d98f92428e1ab7fe3e3244efe4b2d5,2017-11-21
96441f25ae3571bffdceb39da1ae7f00,e9c1dbf5c8116fe3de3dbec8fddbdc1b,delivered,2018-03-05 14:28:12,2018-03-06 10:40:25,2018-03-08 01:52:02,2018-03-23 01:08:37,2018-03-28,42a50908174bc720973c447ceee27d42,2018-03-05
64b529353878328be729b0da4b3041bc,6d2a8a62ccdc51e36d7624e110ebd2a1,delivered,2018-05-24 06:31:37,2018-05-24 06:59:45,2018-05-24 14:04:00,2018-05-28 11:33:37,2018-06-26,e5851a5d5596c2aae72e025e1a135877,2018-05-24
b94e0a48d1692a46852bfce35ac0bea9,7b7baf10d43c5856548c375f2d44b29a,delivered,2017-11-09 20:35:41,2017-11-09 20:51:06,2017-11-10 18:28:07,2017-11-13 14:53:52,2017-11-23,9428cbfe6c89583edfaebf1670f3127d,2017-11-09
48b8106306f7a0a72b4e74eed5635ffc,f2efdcd71b76cfbb70c85f07a1c26144,delivered,2017-04-20 21:07:01,2017-04-20 21:21:49,2017-04-27 09:56:34,2017-05-10 12:50:11,2017-05-17,34931d0770cb9c070c594855e05b3fb7,2017-04-20
e94fb29b3ede8e72edace56b9ba5f8b5,ac817008b6fc6e57ca003314ad0c45bc,delivered,2018-06-12 22:17:27,2018-06-13 02:36:48,2018-06-13 14:00:00,2018-06-15 16:49:04,2018-06-26,2a9880c05d35e2877226f48cca526cbb,2018-06-12
b599b60a3fa09e7a4003eb264aa99a07,3f0990509a5132d2af23ecbec28c0ef1,delivered,2017-10-08 09:11:46,2017-10-08 09:25:00,2017-10-09 15:48:14,2017-10-14 02:12:59,2017-10-25,77d56f7ed5168978a17035fbd536b2f2,2017-10-08
30189c9fc2174b8677dd06fda47c097a,571f39ee08cc1563a8d7ee70545efab6,delivered,2017-11-30 10:56:14,2017-11-30 13:31:19,2017-12-08 23:26:40,2017-12-16 00:08:55,2017-12-22,3e3a414ad6cc9633f79ff0179f560b31,2017-11-30
686167f2fe956e81a6bbf02cf8885516,ebfd23469617d06d4537f338cdb39cd5,delivered,2017-10-28 15:50:49,2017-10-28 16:05:59,2017-10-31 16:37:38,2017-11-01 18:04:16,2017-11-10,e1d4b9056c11d6abd64fbd00f406cbb8,2017-10-28
4db394cc1f82f9677998cce47b3bfd21,179f2ea0a40973b56845f358338ea64d,delivered,2018-03-23 09:55:18,2018-03-23 10:08:41,2018-03-27 18:18:54,2018-04-18 16:48:44,2018-04-23,495b0abcb93067548cc032a5ddd8a09e,2018-03-23
609bcd7c044347e6a61d3b1ad38a2838,81a251ec447a41665547d8928816b4c3,delivered,2017-12-27 15:23:33,2017-12-27 15:34:20,2017-12-29 19:19:22,2018-01-09 00:47:21,2018-01-26,467c18b5d41f0e6b1e0a55540537b45e,2017-12-27
ce59af8406c67fadb6ac3abf92db302a,e92c17d70d8258db4b7a90ad4d2b65ea,delivered,2018-04-15 19:21:25,2018-04-15 19:31:14,2018-04-17 22:14:37,2018-04-18 22:06:28,2018-05-03,cc438a8c7120027da70eafaf8c3727f8,2018-04-15
477d714fae5a61fe245f9d4c7cebc2d5,6afbdea65594b7a013b89c9f1422e460,delivered,2017-06-29 11:16:08,2017-06-29 11:30:10,2017-07-04 14:52:10,2017-07-29 14:44:40,2017-08-09,1bb71b135f41d72825a79a8012e4eaef,2017-06-29
64961856ac3ecffc69c5714564e17d39,d68ab9785a01b8a15f0879dbecc535e2,delivered,2017-12-14 12:43:26,2017-12-14 12:53:42,2018-01-09 16:47:36,2018-01-25 23:38:52,2018-01-30,bc35384948f1f630eca7d52bb7ee1a8a,2017-12-14
f273dcf7249af785e126a1e8a9ef5835,128664a3f38d78795c698c380488a5dd,delivered,2017-12-18 16:33:13,2017-12-18 17:34:28,2017-12-22 16:47:01,2018-01-03 15:14:22,2018-01-05,5254c0eec4d1c586e4e6b59fba3d33ea,2017-12-18
aabde6ea676d05113f63f0de161b761f,00573ea7a2ac9dff51ac3d177cd6eaea,delivered,2018-02-03 22:50:59,2018-02-06 04:32:49,2018-02-07 00:52:02,2018-02-07 23:34:51,2018-02-21,2a86852b89b186bb8aed750efd95ce73,2018-02-03
672b229b951f5c0e6a574808b406bd53,9c5e881d4f16a4163a6590eb6c34aee0,delivered,2017-07-01 10:59:35,2017-07-01 11:10:07,2017-07-04 13:17:58,2017-07-10 22:02:49,2017-07-21,465e51024fe9a6751b181c419758e598,2017-07-01
e6876b2ac1419a0cfe338aa1988dc787,5d3c60d028709921ab56f866c19acb57,delivered,2018-01-31 14:13:06,2018-01-31 14:32:23,2018-02-02 19:27:48,2018-02-14 17:42:01,2018-02-26,a942d415001f36acf150dca4a627f6aa,2018-01-31
29ca95187f957e422a8474b950fdfa71,bb7c37b17b3235b74b68b1f36ba9c664,delivered,2017-05-23 17:41:01,2017-05-24 17:35:12,2017-05-26 13:31:51,2017-05-31 06:37:56,2017-06-19,cef0911b797ebfa3b9fa952b9932a65c,2017-05-23
784d141a794f0e73cc3c9ed3b6efa3ec,25e2e0e5db3147babf94786bc83d72c0,delivered,2018-01-05 21:43:50,2018-01-05 21:54:19,2018-01-08 18:16:45,2018-01-11 11:49:28,2018-02-05,692f07e35f5f9795214a096a0acbff8c,2018-01-05
7e61f390f3e0aa3b112e56091d2b9ee3,d6ae16638058915ff2ad94b83cc19e52,shipped,2018-08-17 22:25:09,2018-08-17 22:35:14,2018-08-20 14:30:00,,2018-08-28,19e12e2ad467f6b5c90944392261cb8f,2018-08-17
b4db538b7e17b5575cfdc4566a7f36d6,77d0b52c3d24b250a6d179fdaad67b68,delivered,2017-07-21 19:03:56,2017-07-21 19:15:09,2017-07-25 14:29:52,2017-07-26 15:03:12,2017-08-24,b62557940c1bc843ea8f72ec492e31e6,2017-07-21
62c3b8aeb068482a78dd4c95bbf5fc26,7aa5f0e2de31e0209ba5a43addba9a5f,delivered,2018-07-12 13:08:36,2018-07-14 10:25:17,2018-07-18 14:41:00,2018-07-24 14:58:46,2018-08-08,73fccc8e15106280b72157472628a291,2018-07-12
23f914da359b3f7854035b766fcbde02,710dd4bda0d8cbfb51e101c8085eea04,delivered,2018-03-11 17:23:55,2018-03-11 18:00:21,2018-03-12 19:32:23,2018-03-15 21:46:23,2018-03-28,3d39a9d77c73f1e6b8c49b3dc5c956cc,2018-03-11
1d144d26ac5d54930d851aebfe6889e4,a8c6be5c3186865b8d4a86fc90ea487d,delivered,2017-12-09 23:09:40,2017-12-12 03:56:30,2017-12-14 22:28:56,2017-12-28 22:37:59,2018-01-08,527ad406091c2733785d4540c9b328ef,2017-12-09
b51e7cbbbfa8be3170cd749bf5c8d2ba,4b258bea231a4efbde41c6d3437e9a50,delivered,2018-07-19 00:36:41,2018-07-20 05:05:14,2018-07-23 14:48:00,2018-08-06 17:56:28,2018-08-22,30736a351f1f02d40c82f97bbf0a38fc,2018-07-19
34f1e1534ff3a9055146407b5fc8e790,9069a64d2ee009244fcb144de3b128a7,delivered,2017-09-21 17:22:49,2017-09-23 02:15:50,2017-09-27 20:13:32,2017-09-30 20:09:53,2017-10-06,bcb8ec660f9d6212d52115aa8183ca04,2017-09-21
8391a032db0a71458e548af0b6e9eb8e,20030fb3202f47379931ee5ffd196b61,delivered,2017-09-25 21:01:43,2017-09-26 21:07:26,2017-09-27 20:39:19,2017-09-30 16:22:57,2017-10-10,ce8cc53968c25838eafe119cc6fcf511,2017-09-25
227d9fcfc9f51432d5ad2898364eafff,05323a24770d4897bba59aab79f6d7b0,delivered,2017-08-27 23:00:33,2017-08-27 23:10:14,2017-08-31 17:53:41,2017-09-14 21:13:47,2017-09-26,56636fd22de1a315b8a50d45cf94d859,2017-08-27
10aa0d0d910582b19666c38c58588868,0fef141080d6ba78152b01c3f5ee14e2,delivered,2018-04-11 14:14:49,2018-04-11 15:29:55,2018-04-11 23:58:42,2018-04-12 16:12:11,2018-04-26,3e7093ecfc2d4fda791cc93d9e18c3ad,2018-04-11
f65688a2dd980f034760d28080f065a5,ed9d6640dca24edb75404fbcbc7aa27c,delivered,2018-05-09 11:43:42,2018-05-09 12:14:39,2018-05-24 09:37:00,2018-06-04 22:32:26,2018-06-22,97bf6d76a317034b166783328a330b86,2018-05-09
2bc74c35ed9306f5b5349454f3fbf321,33bca7a3d724c58d131611cf8f0f0d66,delivered,2017-12-05 12:58:41,2017-12-05 13:13:44,2017-12-06 21:48:48,2017-12-14 19:57:51,2017-12-29,b43912d010fe62d7f48ee84a48fbd88d,2017-12-05
87353bde98ae9505ac21bf4bc21b5d74,57adf4c0c4d983afe5aef9f1082ab09b,delivered,2018-02-10 12:37:45,2018-02-10 12:50:28,2018-02-14 18:43:49,2018-02-23 15:13:14,2018-03-12,e735e37cd61b2377a46242f4f9a356d3,2018-02-10
ecacec879cf5892cc982fa6415e60371,bf7003b7f9e4c2ca6a2a169960ca51a9,delivered,2018-02-26 08:04:52,2018-02-26 08:48:25,2018-02-27 19:44:18,2018-03-05 21:42:16,2018-03-21,8ebe2c1dab1be08d01450638812c0e82,2018-02-26
4879882eaf1d5027d4abb2f571df499c,76366953c50ff35f89fbd24d3f4d0221,delivered,2018-02-01 11:31:30,2018-02-01 11:50:36,2018-02-01 22:32:41,2018-02-02 14:32:52,2018-02-19,226c558aa385e05d5f067330856fa577,2018-02-01
bc839831ba2010861cf9e75ed8f1306f,18fa70cafde8f76c4d24f23f5002e00a,delivered,2018-08-02 12:06:29,2018-08-02 13:05:26,2018-08-24 14:39:00,2018-08-28 18:03:50,2018-08-22,7020078859b9015b76e7469322c2c415,2018-08-02
8092382d27000726d5ba93eac26c91fe,c3c857cd0a9d80003b1591bb31a49d30,delivered,2018-04-04 11:15:28,2018-04-04 11:30:27,2018-04-04 20:50:38,2018-04-10 19:56:32,2018-04-20,ddeb1b03ef65d2e4c717ad8cec13d221,2018-04-04
036ff362f1e7465c0ecad8f54b2e6c06,f3e49ba0a33ed964f5e7f20b9ae1c478,delivered,2017-12-22 15:26:51,2017-12-22 15:37:20,2017-12-27 00:27:30,2017-12-30 12:27:05,2018-01-18,81ede855f58f99b76014d66d161e7a23,2017-12-22
591d010258be8e3bc48d82503022a507,c46809cdeaa8e5698a9169c27de52b7b,delivered,2018-05-22 13:04:15,2018-05-22 13:15:18,2018-05-25 12:41:00,2018-06-07 19:52:40,2018-06-04,56130a3a977039ba949d71f501d4669f,2018-05-22
304c27b7d7d7461111113b0d0618af2e,5714d4b3037a8b208ac50d4202fa3e67,delivered,2018-08-16 13:01:11,2018-08-16 13:40:05,2018-08-21 12:03:00,2018-08-22 18:06:41,2018-08-27,1530bef7997278ae912d241906332564,2018-08-16
5fd9fce5ad52aeebd4a05717b2990ca4,7b644947ddfb4ce44b021b38a86280ae,delivered,2018-06-29 15:50:44,2018-06-30 02:52:34,2018-07-03 14:25:00,2018-07-07 18:56:29,2018-07-19,57f9ed4c2b3cd84e3906cbd31e19eb8b,2018-06-29
bf0cfc6928237115c830c949a774dc53,d8c58d422ac9b98559d7c6f9494a3b73,delivered,2017-12-09 16:57:39,2017-12-12 03:49:46,2017-12-14 18:49:58,2018-01-03 18:27:01,2018-01-05,8217856340fe14be121c744f92b939d0,2017-12-09
1810b37b35111f0cf8e99dc2e0bed67b,c683eb31c14f40dd78a25a4053ca77fc,delivered,2018-06-14 22:29:48,2018-06-14 22:56:53,2018-06-19 15:25:00,2018-07-04 16:32:41,2018-07-18,641efba62eba3b1c811941231768e0bb,2018-06-14
faec0a1b907c6ceb300eaf9d8157028b,71f81b818b92414fd5af0e4f7eee2ff6,delivered,2017-06-18 22:09:32,2017-06-18 22:22:56,2017-06-19 21:07:51,2017-06-26 15:12:17,2017-07-11,a83dc6b9ca8acd6161c88f01efd5fb1e,2017-06-18
a2a14c3ce5305a2e20126dac4cd05a1b,52e6df27100d10fcf3d0e809345e9926,delivered,2018-03-03 20:49:01,2018-03-03 21:08:50,2018-03-06 01:44:49,2018-03-09 15:42:39,2018-03-21,33f7721aa2f222a4e896d017d25f5d88,2018-03-03
dd4b9b281b3184e347d861b12e4d617d,b5c9774c0a3d2615be0b0d4defe56c49,delivered,2017-09-13 08:23:41,2017-09-13 08:30:17,2017-09-14 13:37:18,2017-09-27 17:12:12,2017-10-04,beb71b5f97b0e9542612c2b9b8fbba03,2017-09-13
592c655cc28e7b2331c58a5db83c2793,cee0d2b95b094eda415a6795f5f57810,delivered,2018-01-16 22:48:01,2018-01-16 23:31:25,2018-01-17 20:27:07,2018-01-19 15:41:55,2018-01-31,a602194c7e625f01b748a2aa7adf7047,2018-01-16
c95e5fb0ca685ee52a7db232285bf70e,8054353ddf4b0467f31987ace6bfef6d,delivered,2018-08-02 13:16:47,2018-08-02 13:35:15,2018-08-03 15:30:00,2018-08-09 20:39:07,2018-08-28,8012cd1b2c99f33fe82d0bf478a9d2ac,2018-08-02
a57dcda5c9de217af977a92cd6168b3d,275db5beec4804dab556e6070a658374,delivered,2017-08-04 12:33:53,2017-08-04 12:50:20,2017-08-09 18:47:45,2017-08-10 17:38:49,2017-08-17,368c20747bac9557de843995fc693e51,2017-08-04
0e622d371212819a199d533eafd7e4c3,9bd86e62b19dfcec051d4ca9c5d10ee6,delivered,2017-11-26 15:16:48,2017-11-26 15:31:51,2017-11-27 16:16:53,2017-12-07 20:51:33,2017-12-22,5cf84c2ebd6a4731b683fbb28c871b09,2017-11-26
19bb130ea3cc2dab25b3bcf2097aa462,50ca8ddb57748311869736678c8dde1e,unavailable,2017-07-19 15:00:02,2017-07-20 02:25:54,,,2017-08-18,c4bb14eb428bc80c837bc11e89d1ec6a,2017-07-19
ff9424310808d51de01b5e582c829336,2b96f99d1b1838b59e4f19960bbad123,delivered,2017-11-19 19:16:26,2017-11-19 19:30:33,2017-11-20 21:12:26,2017-12-07 16:29:03,2017-12-11,c69ef88552e6cadb840c7e119b9eeff4,2017-11-19
c71b55238f1b3f73eedf2cd06c62e959,b764cff9d626b19490fcee7d63ac872b,delivered,2018-01-18 18:44:19,2018-01-18 18:56:30,2018-01-23 14:29:53,2018-01-30 19:33:29,2018-02-08,d12dd99a957880c37a19daffeb105410,2018-01-18
8365dc5dc298b24c2dfa22b90c5df20e,d5c03540236fa0aaea6e730022ad76dc,delivered,2017-09-27 01:05:36,2017-09-27 01:14:14,2017-09-27 18:12:16,2017-10-04 17:25:23,2017-10-24,76f09e6506ae37412933a2461b0d0f89,2017-09-27
9144181fd06902570ce9c34860652f55,00953228b409090c774d955f2ab881e5,delivered,2018-08-23 13:46:00,2018-08-23 13:55:15,2018-08-29 13:03:00,2018-08-30 12:55:25,2018-09-04,34502bdbecbd6a3b1dd162fe201556dd,2018-08-23
bfcf0485f27b28982b084d1d0a4c34f0,2229b1fd66ed094404ca3e3e803eee11,delivered,2018-02-13 16:56:07,2018-02-13 17:05:34,2018-02-15 00:33:05,2018-03-05 20:46:39,2018-03-09,f044079f22047e7bf05fd5e38c0591ef,2018-02-13
38e958945f54389c7d61cfee471b475f,42a0a2e3985fc8b9d0bf3adb6aa40731,delivered,2018-02-28 20:43:58,2018-02-28 20:55:51,2018-03-01 18:58:46,2018-03-29 19:22:24,2018-03-22,aaf750fe95c314275b77ed5fcae9d5b6,2018-02-28
2307f3782fd14d75b1098608959769ff,834fbe386c3ff163d252b37b5487e118,delivered,2018-02-21 22:53:10,2018-02-23 02:31:11,2018-02-26 21:42:22,2018-03-05 22:38:44,2018-03-13,fe19a08291d3d1fb9debf8ee44ec129e,2018-02-21
49210ebecdbca0d6aeb2a5e23cbfe9b0,b723d39f6b1c1b75dffd42720df76389,delivered,2017-04-24 19:39:36,2017-04-24 19:50:15,2017-04-25 11:35:34,2017-06-12 10:12:09,2017-05-23,b58f50157d478adbfc55b913e411aed8,2017-04-24
cf04407ac40c37f0ec0e0873da74117f,81c2f8fefacd9f04618f06ca1772586b,processing,2017-11-05 16:26:33,2017-11-05 16:35:53,,,2017-12-06,b6b5af827ac97711a48b71a26e986cc2,2017-11-05
2f303d04434f764d1c1dbaed0caf2e3e,e25325f0871a9bc34095834bdc231e29,delivered,2018-05-13 00:10:02,2018-05-13 00:35:08,2018-05-16 12:30:00,2018-06-04 20:38:34,2018-06-07,fc2261ae2c583aa2e68241456a6467c8,2018-05-13
d8480a959e66ee2eb4420d02a097be49,b461a1a4f01c9aabbb19369c96cbd03b,delivered,2017-11-01 14:29:20,2017-11-01 15:10:16,2017-11-04 11:55:49,2017-11-14 18:38:51,2017-11-30,e68142d59d8b0bb613a994dd9c72d356,2017-11-01
540189de73b7d465867e105be0ebf507,f8fc092d1a4dbfe94f2c4e1405dad260,delivered,2018-03-19 09:07:37,2018-03-21 02:50:58,2018-03-27 00:40:49,2018-04-03 12:28:47,2018-04-05,d097eb4a07e877f7dbd370d71e8a6e28,2018-03-19
a878aea89f040852ba82d7366fb4360c,9bed2d43411502075eefa923e6ed73d1,delivered,2018-04-05 12:39:13,2018-04-07 02:50:16,2018-04-09 21:09:27,2018-04-25 21:11:22,2018-05-11,cc47f99364c6a2b50a87c1bbb3e4f0f8,2018-04-05
0f3a5047f59b6a2df32f4471eedb41c5,857e85c32faf11787e893fcb5eeeea26,delivered,2017-10-31 19:13:01,2017-11-01 12:30:22,2017-11-01 23:32:07,2017-11-07 15:48:34,2017-11-17,5443a969e8af57d9ad98e609c8c97751,2017-10-31
a02139e1bf51513338d2df19fd5d1d28,8280f338ff80fbf56c39d8248470f2c8,delivered,2018-07-12 10:49:24,2018-07-12 11:06:14,2018-07-17 07:52:00,2018-07-24 20:35:52,2018-08-06,f1044bdd9554c562e992ac6037a095c8,2018-07-12
dd1f137079393e8232e68722122b8716,3c45aa9ef46bb669d0de0a6c54fd08d1,delivered,2017-12-30 06:59:44,2017-12-30 07:09:19,2018-01-02 20:19:06,2018-01-08 15:05:38,2018-01-31,9815faf33ff3f0f75237b3994b1c1b4f,2017-12-30
4fa9bcd761fc05ff16003d340c907acc,64567be7188b03c43b27b97a4d0596fb,delivered,2017-11-02 15:46:42,2017-11-04 06:25:50,2017-11-06 20:35:22,2017-11-17 15:32:19,2017-11-29,23040ee89b8e44fbb6241f46daafbe11,2017-11-02
8b97abc734f59ea448e08b7e84695fbc,73744a516561e158c988dfccfc85d35f,delivered,2017-07-18 08:19:12,2017-07-18 08:30:16,2017-07-20 14:06:57,2017-07-25 19:39:26,2017-08-11,fc4d5236d1f3130efd90fddf49fe8a7f,2017-07-18
6ca2f0c1ba04fa2c59259ccaf7e0c44d,217fba140c8c1667d20ac3b6ebc7bc00,delivered,2017-10-17 19:13:27,2017-10-17 19:35:55,2017-10-18 16:54:23,2017-10-27 16:04:33,2017-11-10,5bcc8f0e733f747f511a810ec408fdd9,2017-10-17
4637ca194b6387e2d538dc89b124b0ee,a73c1f73f5772cf801434bf984b0b1a7,canceled,2018-09-03 14:14:25,,,,2018-09-10,968fac81e2c44fb6c1e3ac2a45e6a102,2018-09-03
a1baee3abc3766bff428abf6a20186f4,ddd0de1356a66c120ee1fa0c8ed7522b,delivered,2017-12-26 13:43:35,2017-12-26 13:56:22,2017-12-27 18:32:39,2018-01-04 17:33:05,2018-01-26,9d64ff550414d35764c482f4af05fa97,2017-12-26
29cf7109ebb328f37a4c757bf8104827,b67b1f6db0cbe8fbd32bcccf7b12e854,delivered,2018-01-12 13:57:13,2018-01-13 04:55:03,2018-01-15 17:57:02,2018-01-26 13:05:52,2018-02-02,a7a0957145cc150bf9949f3b4b44d8d0,2018-01-12
b6f50dae2488438e81d1828b3d45e161,dac963d58128e2aeb233fb786c9d96d8,delivered,2017-05-05 16:49:28,2017-05-06 06:35:18,2017-05-18 13:13:48,2017-05-25 09:35:47,2017-06-19,599f1549623f622cb0d46bc32b00332f,2017-05-05
8ed2e158bceb31356405b9ac8a67ee0f,01cfa5a92a4710ae73e1c622ef11a7f2,delivered,2018-02-19 21:53:04,2018-02-19 22:55:34,2018-02-21 22:53:47,2018-03-27 07:24:45,2018-03-21,51ef6e7aafeef0f6fc9fed3fdb768404,2018-02-19
fdef371165dea256526258defc0b326d,a3e5361f7c25968ead0d78b66da9d20a,delivered,2018-06-27 12:05:04,2018-06-27 12:33:28,2018-06-28 15:41:00,2018-07-02 17:12:56,2018-08-02,ad766430832b4c11e38df28f91eaeafa,2018-06-27
4263f66dd6ea50568c4369369a163208,b4bc012958162251fd2f4cffb0ae54dd,invoiced,2018-05-02 21:19:22,2018-05-03 04:12:50,,,2018-06-13,c8876febf8f150b150147d56df103193,2018-05-02
60c6e004c97f71ef213a3e080068e790,701808ca114679d4c02ea1ffca6b0ecb,delivered,2017-11-10 23:39:55,2017-11-13 17:08:42,2017-11-17 11:19:01,2017-11-20 12:18:42,2017-11-27,2dbefc6ee66227226cc9ca95e7e648e3,2017-11-10
b6cbc6d5691e8f90e30c96fce90bb62a,b19d16198d11b08a0730eac3471345f0,delivered,2018-08-13 22:26:16,2018-08-14 09:05:18,2018-08-15 13:55:00,2018-08-21 15:05:28,2018-09-04,cd9b72ce79772adb2e28bdfc051bb341,2018-08-13
0417b4ccdad2da3b88aa378eef45528c,124b29c0b577597f7379265f38d50490,delivered,2018-04-22 18:41:26,2018-04-24 19:05:58,2018-04-24 01:56:52,2018-05-08 20:52:46,2018-05-25,85875ce411d496559611ed09ef65c177,2018-04-22
9dff7bf880b1277a4bfd5181d5a09ca8,7e33974689e3c8ee4d194bd6233cb89a,delivered,2018-06-27 14:31:41,2018-06-27 14:51:46,2018-06-29 08:23:00,2018-07-05 16:08:35,2018-07-20,7b417ba87d5141370eb61b1364c50842,2018-06-27
34be06fa6e60f24cfb03b4b2303d9861,bd5a53ce0ab1105a8f94409062806014,delivered,2018-03-09 16:38:46,2018-03-09 16:50:54,2018-03-12 18:18:32,2018-03-15 21:44:52,2018-03-21,a55e19719dab7efad8d5b7b0bedf5326,2018-03-09
3c79b868b9b049326ad7439c20e3a812,f42f332c63e5f50363ab79511e16d268,delivered,2017-09-15 00:05:49,2017-09-16 03:06:12,2017-09-21 22:42:16,2017-09-29 19:38:28,2017-10-11,a2ec4d75c52fb16c44fcfba4075a068d,2017-09-15
a1c47ee60da7efa582a5da058796df50,cc48ccc7941ecfdb38d051e94d34f7ee,delivered,2018-05-02 12:17:34,2018-05-02 12:33:43,2018-05-02 14:26:00,2018-05-08 15:06:41,2018-05-29,84b9cbf4762003e2f4a4aeacd0819c34,2018-05-02
044bcd01474ba715e7cb11d5a70ccf0e,ab8c0f0638baa6bf18c7533cc06d83c1,delivered,2018-03-23 15:57:23,2018-03-23 16:15:24,2018-03-27 00:08:32,2018-04-07 13:54:21,2018-04-25,6cc97df6f83c4d09d9c75bc9cf2afd50,2018-03-23
cefe510f726c2a8d6a5f0a8a515ebf50,d98bc47c9f6bd1744959109c8e37fd88,delivered,2017-10-23 03:00:59,2017-10-23 03:14:09,2017-10-27 19:05:26,2017-11-03 16:47:48,2017-11-14,24c0e0e5ae72c9b9f22ae827f76c5a95,2017-10-23
ad35e12cac3d10509e40885edfbc33d9,d480066851e79ce3e97c6a9e7e1473c3,delivered,2018-08-15 20:21:46,2018-08-15 20:35:11,2018-08-16 16:05:00,2018-08-18 16:08:38,2018-08-20,690f1daf39d150896d05b876490b6fc5,2018-08-15
bb826b56d55ad8b42a01591762024f17,657aca054d60a06f7ab9c2c9b6d075de,delivered,2017-09-07 14:07:23,2017-09-07 14:23:31,2017-09-12 14:03:16,2017-09-26 16:59:05,2017-10-10,374e8f1efb74cdecc08e6e8896214768,2017-09-07
7b9e72dad7b74f9bc089a7c543d90061,2bb4d542c35b4626635b8a771d9fa047,delivered,2017-09-19 21:38:06,2017-09-22 15:10:23,2017-09-26 16:43:49,2017-10-09 19:59:08,2017-10-17,12adf4046ee98a74538aedc848763f02,2017-09-19
52008998ed11bdd670e60f49dd40935c,6cb6c3977a3d51c6ae2bac379e4aab7a,delivered,2017-09-25 20:39:30,2017-09-25 20:57:03,2017-09-26 19:14:58,2017-10-02 18:12:42,2017-10-20,2433dc8be3fac1e8a903e77b2bbc4ba4,2017-09-25
3a55ac3af25e4b295c861a2382e0afcf,e2b5d914e5123bd2320ba9f04704d942,delivered,2017-11-24 09:56:53,2017-11-24 11:17:17,2017-11-28 17:56:56,2017-12-14 22:11:40,2017-12-15,bbc2d070e8a61d9d6238ad4512026528,2017-11-24
89a854a74c3f34399207674b686299b0,8e518bc566e21e1689bf3f7b139f527b,delivered,2018-07-17 21:25:12,2018-07-17 21:35:20,2018-07-25 15:47:00,2018-07-31 15:08:49,2018-08-17,7d4266b26a0546c7abb0cacbeb1a19f1,2018-07-17
ddec8781012135eae3bc327d84072388,75aed59b70e7bad24efd5c22af562a9a,delivered,2017-09-14 22:25:54,2017-09-14 22:35:14,2017-09-15 19:13:38,2017-09-25 19:14:08,2017-10-10,ef377d6dfc9ebad1f91cce05f8202cd7,2017-09-14
d6a41a84e4678642f3d747326570ce4d,b5b31f61fcebfbd7440ba9d0041133f9,delivered,2017-07-30 10:07:29,2017-07-30 10:23:30,2017-08-01 13:21:26,2017-08-08 21:32:51,2017-08-11,f4e4f6d079813f9bfe45dc60f1468bb2,2017-07-30
0a5a2c824e893eb66abd0d869f6c45e6,6f1591e62e5032b3d97250dbbead7b08,delivered,2017-08-27 22:13:57,2017-08-27 22:30:13,2017-08-29 18:46:40,2017-09-05 18:10:27,2017-09-19,c4e1547a72a3ccc8fddc8df99fa53348,2017-08-27
b8363d01d95d576ce95a9283c6e12edc,a22fed3b48d1b9776ab55ff6e305a637,delivered,2017-12-11 09:45:32,2017-12-13 02:33:31,2017-12-14 00:07:21,2017-12-27 14:02:34,2018-01-11,7b53ce3d0ba1f84b0ebcef52fffb110d,2017-12-11
00aa423621f35a9ca6c6240f275b0640,121e7c7ff597fcb5ad44189ffccafa70,delivered,2017-11-23 14:51:32,2017-11-23 15:10:19,2017-11-24 22:03:23,2017-12-04 19:24:58,2017-12-13,6d00d37733cf5dcb758f7e1b35829411,2017-11-23
ae270175ffc265c84f5ce6a63c3a56aa,6bb04633db5504037783390c2aac8a37,delivered,2017-04-26 15:50:54,2017-04-27 10:03:08,2017-04-27 12:29:03,2017-05-05 17:06:32,2017-05-17,cc27b552c1d0c33dc74ab4e926b7006c,2017-04-26
73b1e5c9d05c96ee6d19a6bf2f79e2d0,814fe5f156da3ce3123ead086048e852,delivered,2018-02-12 14:11:29,2018-02-12 14:27:37,2018-02-14 20:22:12,2018-03-05 18:08:51,2018-03-06,ba93a4e4490257d265a6d7fd02131052,2018-02-12
566bd20ab298b6bf2a27edc5084545d9,ddcefab3475c90437b6f147cc6c1fdb3,delivered,2018-06-25 10:41:24,2018-06-25 10:53:55,2018-06-26 16:32:00,2018-07-03 19:14:39,2018-07-26,db094faaa9628ba9f5e5da127407f139,2018-06-25
f988c07fa4d593fb4b01e5990cb51c6b,b8e430459d81ab8daa5e1b885a7de5df,delivered,2017-10-31 14:08:10,2017-10-31 14:31:30,2017-11-01 17:12:40,2017-11-09 14:06:39,2017-11-22,149ebee54f02e24ff8b24972e5f24d1d,2017-10-31
6ff3a48be8338a98cb2c89c335514cfe,6cf9d8b8665004b6b8ce984f80074e39,delivered,2017-06-18 18:48:44,2017-06-18 19:03:42,2017-06-22 07:47:46,2017-07-06 16:24:30,2017-07-14,f2699df4c58170655be0fb8d80307e0f,2017-06-18
9cf2f823cb22dff0461c3e5419f0a016,1f04cfdc8c5570488a603c3834ba9c5c,delivered,2017-04-05 21:37:11,2017-04-05 21:45:18,2017-04-10 10:37:28,2017-04-11 13:29:50,2017-04-26,54b716ecf36f372ca6a585a68025e8a1,2017-04-05
376e3ec5ba640fed451c34c6828c852e,81e904f22901f68f369dacdac4ac28c0,delivered,2017-12-14 12:24:24,2017-12-14 12:34:22,2017-12-14 21:48:46,2018-01-03 19:38:55,2018-01-11,a491cb8e1845d3e839c5472fe6ad4427,2017-12-14
13f6d4c60ec75fc597490e33afa885fd,d2d44ef2cd58a2d240dd30a6d96178af,delivered,2018-04-05 13:01:40,2018-04-05 13:10:13,2018-04-05 23:22:08,2018-04-19 21:56:43,2018-05-02,87db84cad7e8bf6465b276db2c5732fd,2018-04-05
2baebe65c04491d526afff8c7b67703c,cfc717c6474d14f341aff6a633d59df1,delivered,2017-11-18 18:38:43,2017-11-18 18:50:24,2017-11-23 17:55:45,2017-11-30 17:54:38,2017-12-14,3abc34087edcf535bc8f5f337314d6d8,2017-11-18
ee55010a370e987f203499f435a59847,9f074c63790b0ef8b01c66fd67a97601,delivered,2017-01-30 15:17:47,2017-01-30 15:31:58,2017-01-31 10:57:58,2017-02-03 14:03:28,2017-03-17,f3d8599810560b7c7180840ace7c9342,2017-01-30
5d6e9993ecc20a59e637ce711858d081,47fd93db3f6e715f6d06f90ba501b94d,delivered,2017-01-19 11:26:57,2017-01-24 15:35:15,2017-03-13 09:16:51,2017-03-23 08:21:38,2017-02-27,da5bbfd583efb762f6fda762f1aaf4a9,2017-01-19
b143963118349f3cb009f7af2e5e04df,4ca133e0f76f66715ec19d966aab3267,delivered,2017-12-25 12:12:11,2017-12-25 12:26:39,2017-12-26 18:23:35,2018-01-11 20:52:54,2018-01-29,c6bab6d0a0ba93b7672fddc3c965d8bb,2017-12-25
b22d5e326467a7e6ce236f3bc54bfde5,e4c10b1023a914383b510aa47f043bfe,delivered,2017-11-15 16:40:10,2017-11-17 03:55:33,2017-11-17 21:32:39,2017-11-25 10:28:21,2017-12-07,eb3401656cd6eaad985629735dc1c339,2017-11-15
e29cb1f5fe7801584de0f49a7423dc2c,56c1cf4b6abb00b12bcb6a01ee635acd,delivered,2018-04-25 14:14:35,2018-04-25 14:33:20,2018-04-26 12:35:00,2018-04-28 01:24:55,2018-05-14,3027839115cff7e8835a0321568e1c54,2018-04-25
b7224751323afdaf34d3c285bfe72866,7e053f267559b1246ca157359e65a800,delivered,2018-05-09 10:42:27,2018-05-09 10:55:28,2018-05-09 14:18:00,2018-05-12 14:29:47,2018-06-01,8039b3eb4692041e3e7a17a18dffdf84,2018-05-09
e1019f2695c5dab494b7efb92c9a0b6f,11cc55966ffc7f3db445018a66231359,delivered,2017-02-20 08:33:32,2017-02-20 08:45:12,2017-02-21 10:23:53,2017-03-01 13:54:48,2017-03-17,ac468091d4656aff5479629d06427b1a,2017-02-20
2b6eacbae341dd75d4c44babb566be08,6fe1bed693710a01d8f995fd57392dcc,delivered,2017-09-05 16:17:10,2017-09-05 16:25:42,2017-09-08 20:02:43,2017-09-14 21:37:43,2017-09-27,27aedec355013caf67bf8a6e30ee4043,2017-09-05
da8eefd7ee5ebac9e6163fec64141557,9dd030c8d696939ff4a035e932ac3b19,delivered,2017-04-29 18:02:09,2017-04-29 18:10:14,2017-05-02 14:57:33,2017-05-08 16:28:01,2017-05-25,05755725f3a0c8a02ff4c66bed06628d,2017-04-29
b55f0a21f464a77eddb6a1b485795406,fa856c719176ea69e8584911baf9db77,delivered,2018-06-17 09:39:42,2018-06-17 09:55:15,2018-06-18 13:33:00,2018-06-21 18:38:46,2018-07-12,e97081db25f1967ef831179b1995eead,2018-06-17
8b0f296c3900fc6945e8536812a789c0,1391850e2933d3bb8f2c50b8def2d0e9,delivered,2017-11-30 22:24:58,2017-12-01 10:30:56,2017-12-01 17:48:57,2017-12-07 21:03:13,2017-12-22,39135c7743c745694b97b909b2b0ddfc,2017-11-30
2eb519d713a6e605650dd4bd730c17d0,2e71aa109599d6697fb5a51d88a4600d,delivered,2017-11-26 21:11:22,2017-11-26 21:19:39,2017-12-12 22:09:43,2017-12-14 18:27:09,2017-12-14,215c2d239daabd09b3c264651d945801,2017-11-26
468bd6899c762e315ec2a00f6d936b8d,d4495a0da891198458c13d8cabd0d7e3,delivered,2018-02-23 18:56:00,2018-02-24 02:50:42,2018-02-27 16:41:57,2018-03-08 15:11:16,2018-03-09,c7cca8620c81fb1142e23433e48d084a,2018-02-23
dda8f75fb8054c3ca6c30c815b3afa62,bdfb7a4f3e77fdc21e54e596f2e7189b,delivered,2018-03-14 15:59:35,2018-03-14 16:10:46,2018-03-15 16:36:55,2018-03-17 17:08:51,2018-03-26,bc900ffa0c52146a3caf13da7258a466,2018-03-14
9f858808ec5a86b30a41acb6dd729b45,85b7deed602225e7bcd4539b51df6a8b,delivered,2017-07-16 19:15:06,2017-07-18 08:15:14,2017-07-19 18:55:47,2017-07-21 17:47:50,2017-08-08,02d4b41ec93694d2e59f380190827a3e,2017-07-16
1c9de8c33db00893baeef2b9d1035bc7,511107f2e6b64baedcc4289bdf4bbc12,delivered,2017-10-03 17:45:23,2017-10-03 17:56:27,2017-10-06 21:17:03,2017-10-16 23:02:39,2017-10-25,a3f6280c07ca8207af055ecc6331d21a,2017-10-03
b790fce1eff8be3c9ff35c97cde2afaa,94f36f6c04a60a56e269ad5aa80d3271,delivered,2017-03-28 21:31:22,2017-03-28 21:45:11,2017-03-29 14:43:34,2017-04-03 15:15:40,2017-04-19,dad72f3eb9e5d21519271868d9c5f943,2017-03-28
5de9e77c89bb6f31552993baf408f3a3,8f1bc05d9235c2cd8901f74410a5f43a,delivered,2017-03-10 23:04:59,2017-03-10 23:04:59,2017-03-13 16:16:43,2017-03-20 08:43:41,2017-03-31,6af09b1eba6049338a21966d7b8a13ee,2017-03-10
ff2d29f5e9893f6157d8fa1cce0278d6,82af2fade4e5f468d620aa02f786d681,delivered,2017-09-08 23:28:25,2017-09-08 23:50:12,2017-09-11 20:21:41,2017-09-22 18:37:03,2017-09-29,7787ba7cf72b65fd269f9e92ecdc4a3b,2017-09-08
12c53179c03899ca06bc5d368995a21f,8b128a84fabb2b5d032389d7fe35509f,delivered,2018-03-06 20:49:47,2018-03-06 21:09:28,2018-03-08 23:58:32,2018-03-15 16:13:49,2018-03-22,f785e04880660b7dd30b584946115258,2018-03-06
b7d340862fa4167bf17497298bf8d84b,b58dcfda4c9957fc651450f200bde69a,delivered,2017-02-08 19:51:19,2017-02-10 02:55:19,2017-02-15 12:37:50,2017-02-17 18:44:54,2017-03-21,72bf888b87fb63f5a23f3362b8af7e7a,2017-02-08
a96e2225313364ff034785d66ffc89ff,bfff9e1eedf0afc338a1ffb428c0354f,delivered,2018-01-09 12:42:15,2018-01-09 12:50:33,2018-01-10 16:47:20,2018-01-25 13:38:27,2018-02-06,c04ece519f794c9df4125dec805b0c9c,2018-01-09
dc20804f9d8ea2452990f7c41ccb34bc,57feb621213d35470d052e8c25b27e2c,delivered,2018-04-23 12:05:10,2018-04-24 19:07:37,2018-04-24 17:45:38,2018-04-27 19:33:10,2018-05-11,468ce3e9691062de7b42bd4fb86089a8,2018-04-23
816712dda4284eedabcbdf0f9deb1b71,2136617aef9847db1501b8fe29cc9247,delivered,2017-08-08 21:21:23,2017-08-08 21:35:22,2017-08-09 18:46:20,2017-08-18 22:22:30,2017-08-30,c8f83fa040aafd0534fee7ce9511bc58,2017-08-08
b22f89f8305cb013c41a2865c9c59d6d,5f018688c10e86b63e9a680a30857bd6,delivered,2018-03-22 19:13:50,2018-03-22 19:30:30,2018-03-23 21:43:54,2018-03-29 18:36:31,2018-04-16,07ff176c4248372afaaba89ab0d4c25f,2018-03-22
ed58aa22f4aad849189015b374336629,7089dec5edd14ca3b741ee5789b6f398,delivered,2017-09-01 17:28:57,2017-09-01 17:45:55,2017-09-08 15:37:51,2017-09-12 22:05:46,2017-09-26,a2041c8c80b163bf991dd19965ca1862,2017-09-01
8acda261d8c76b3206d9cb5279d0a18a,dc3daad47c0792f3bd4366246a7955dc,delivered,2017-12-31 23:24:10,2017-12-31 23:32:40,2018-01-04 11:15:57,2018-01-23 22:37:13,2018-02-08,5d11f19985edbb3c068e805434a80f87,2017-12-31
a68bc190188549b7f338cbff5d091091,073da58beece042f898c92ff46d41dfb,delivered,2017-04-06 00:13:48,2017-04-06 01:06:37,2017-04-07 09:55:57,2017-04-11 10:20:28,2017-05-04,4cf2d7ff911f717d1465a515144086f6,2017-04-06
a4aecfaa64d23ee3758985066edde9c4,8fd43fa8febc018882821f4a7e2d4196,delivered,2018-04-23 20:44:57,2018-04-24 18:41:11,2018-04-24 22:41:55,2018-04-27 15:04:00,2018-05-11,9818963053e8dd0af980fbe1f86ab05f,2018-04-23
681f6998a6bb650120b24343fb7aab6a,7581b1dd149fd3dd6fe22d79865923a9,delivered,2018-07-26 21:53:12,2018-07-26 22:05:12,2018-07-27 18:56:00,2018-07-30 15:35:55,2018-08-03,8897ea56bce6fe37a39cb2ec40898102,2018-07-26
ce7cf6dd8f80dfb98716950ae40eca59,e2b3cf60eee891a56eda93f5ae37ad68,delivered,2018-08-11 12:49:15,2018-08-14 05:35:20,2018-08-14 15:25:00,2018-08-15 22:40:56,2018-08-17,91447a501ba52792405383556f602884,2018-08-11
a5c29e65ba3d6d39d26e1e989f10f798,34644523e4393cbb0c7f801b9a5f3043,delivered,2017-10-09 18:57:16,2017-10-09 19:37:44,2017-10-13 21:37:41,2017-10-19 21:47:42,2017-10-31,1f56142352e84fad29d2bf8cc9123a0b,2017-10-09
53e4afb03a9d1fd1346cb3536d79d326,21c65acee925fe47efde9bb2c75b7577,delivered,2017-09-27 11:27:04,2017-09-27 11:49:29,2017-09-27 21:03:55,2017-10-05 21:13:58,2017-10-13,9aee6b37f8fa9c10b367610df2c97cb8,2017-09-27
0fcc8a86bc6abccde37d94e2a28f17b9,d51f638a65200d003b9e510ff57352d5,delivered,2018-08-17 18:15:08,2018-08-17 18:30:13,2018-08-20 15:24:00,2018-08-21 20:38:50,2018-08-22,8c8268a2915979efa64b481617356861,2018-08-17
281e6230f2de05d273019e23988c6496,38878f4361fc8d5714ca1820791b1320,delivered,2017-11-26 21:01:19,2017-11-26 21:14:32,2017-11-30 22:49:53,2017-12-19 18:52:20,2017-12-19,e1c9d0f3f0ac160005afc4eaf252c393,2017-11-26
933b71c1c72e9ca1d118e9d30bd0706c,016a3b5b3185854fc7d9ac763c825494,delivered,2017-08-12 17:53:24,2017-08-12 18:06:05,2017-08-15 15:07:16,2017-08-16 18:27:55,2017-08-25,0f6c3f9062923296b68c21ff8bdf6b59,2017-08-12
1a4ed278e4797230fbc18916eb8e8dae,8dad82945d0eeea58e2e91b451171710,delivered,2018-01-14 18:45:26,2018-01-15 18:51:15,2018-01-16 23:18:54,2018-01-30 00:51:42,2018-02-16,d1e0fb86f20227e637a396406b09f6ff,2018-01-14
4808bac50299cd731a53c8c9f38c9a96,8da109a04aa2a0f77805aa9bb55762c4,delivered,2018-01-08 17:57:56,2018-01-08 18:05:25,2018-01-09 13:35:28,2018-01-25 19:11:59,2018-01-31,333af252dcee97a836c208dce1cdd1af,2018-01-08
f3bd213a969549dd53ed48872f4bb69d,1b4970ad8aaf073fd9164c55384584a5,canceled,2017-09-22 21:15:18,2017-09-26 03:49:17,,,2017-10-17,d6195c3831a4ec5af9eedd91e58b49a6,2017-09-22
1310586c8caa5a7d84ef95db79b1e054,98fa62e348f4aa8f69b6965d1808fb38,delivered,2017-03-10 08:13:06,2017-03-10 08:13:06,2017-03-13 12:16:08,2017-03-21 08:44:57,2017-04-03,0b52ff15d625f247ff8622d2fb778319,2017-03-10
02f4ae2225612fe9e42562a8e1f466b3,7e7a6bad55dc4c19a83581008f2e9d1e,delivered,2018-01-08 15:55:45,2018-01-08 16:08:45,2018-01-09 16:39:15,2018-01-17 11:36:36,2018-02-05,074f7184fdd96018f97df50380e41f10,2018-01-08
9bb0677f0c84788b3c3a9079ba085f69,3539e22bd0a0cf0a601c207ec0af55be,delivered,2018-05-21 18:12:16,2018-05-23 02:55:15,2018-05-23 14:21:00,2018-06-08 13:43:57,2018-06-12,0cd6b4fa28f514d6dc33fe708333830e,2018-05-21
9f1e272c76bf064ee7a4da8898a4beae,6890c1b7e13add84a58fe3b0c472b18f,delivered,2018-05-01 03:55:02,2018-05-02 09:35:18,2018-05-04 08:44:00,2018-06-06 12:22:29,2018-06-05,c3f1ee45aa00c2c603b32631bd1b0826,2018-05-01
33d8795f04dd631f3480d7aaf90da3dc,b11ea459107d514dd45bce81c0ab4e74,unavailable,2017-07-07 21:17:36,2017-07-07 21:30:13,,,2017-07-27,9eb7d30b5661dd9e5e2333954d84e02a,2017-07-07
144c41d3111c8d2b0bdbf9232f2e0a78,d0248b585adc1896538607af63cc8285,delivered,2018-03-06 20:57:29,2018-03-06 21:40:28,2018-03-07 20:58:53,2018-03-13 20:33:35,2018-04-02,bea85350a32c0f68d9b5ceb48fd21fea,2018-03-06
115f2ca39e45b0ae938c0fbde15c145b,0c93424c2fb72cbfb2264a9d174d8513,delivered,2018-07-15 20:42:33,2018-07-15 20:55:29,2018-07-17 14:11:00,2018-07-21 12:21:33,2018-07-31,3728b905b6f0cd9dfad3e26c3d273a5e,2018-07-15
024a74550cdbd36c0fe3955fc9e2bcf0,5837b288ad076175ff451a905d6153f9,delivered,2018-08-09 08:10:23,2018-08-09 08:50:19,2018-08-14 14:42:00,2018-08-15 18:28:43,2018-08-14,4619a0062095f6d6946a97ae46be4782,2018-08-09
a10f8134732c1979eea697d926498112,6d02fb309e1f895017edf9308dec5261,delivered,2017-11-02 16:50:55,2017-11-04 03:46:07,2017-11-07 18:36:54,2017-11-14 18:41:51,2017-11-24,8ef6a280c78d8e779d9555c828a44deb,2017-11-02
67a3eb1dd398761dcbd4773e7d811cf6,5e0b1614f35426a60e29e7897c5935ee,delivered,2018-02-20 17:41:01,2018-02-20 17:55:22,2018-02-22 00:29:42,2018-03-04 12:03:46,2018-03-12,a0da6dd175e0b8784f675fd79bf025a5,2018-02-20
45cb2e92427657e6b10542751b5c6805,74610560322c0c6d0ec39bef84c2151a,delivered,2017-06-09 22:54:32,2017-06-13 04:25:23,2017-06-13 12:31:33,2017-06-14 22:27:53,2017-06-23,07b3b646972c58fad3127e0dbdfc26ed,2017-06-09
85a374349eadc9101064141bd31ed59a,c2104c655bc86770665ef358e287d64a,delivered,2018-05-01 14:00:58,2018-05-01 14:17:03,2018-05-03 15:02:00,2018-05-10 19:18:38,2018-05-24,73853dc89cb77f2304bf6c925ce77912,2018-05-01
c7fcffa49558768b02ee67ce65140cc1,a857a82a40ad62cdebf6683bfa5d6858,delivered,2018-02-21 09:20:41,2018-02-21 12:03:33,2018-02-21 22:08:59,2018-03-02 15:27:04,2018-03-13,4fce08bb64f8d392226d876734e6cca0,2018-02-21
7e181511ff53e1cfd1f9f73f5648e1e2,960170643bc319f5c0b1d0c813695e19,delivered,2018-06-21 20:35:18,2018-06-23 01:40:29,2018-06-28 06:13:00,2018-07-06 12:48:57,2018-07-11,b1f32a8c1dbe6dfce7a2036d8f7301ee,2018-06-21
9bfc2f3d9f6bdb2f0222e3220a7385f6,3b1a260815b673185573bec5daed5853,delivered,2017-11-19 18:19:35,2017-11-19 18:35:21,2017-11-22 23:21:10,2017-11-28 23:27:48,2017-12-08,01d1444a9676bab441621b52773035e9,2017-11-19
c5b1ef77615cee7daa652c2184250171,a67fb0e2ca6fa0b8da696c27c9ae3392,delivered,2017-11-25 21:49:30,2017-11-25 22:34:29,2017-11-27 16:42:09,2017-12-06 00:12:47,2017-12-18,cf34925ad0f55a10c3e4b425bc20a07c,2017-11-25
fa2de0086db43d394d58f69a111f8f69,254a99b66d18dc590fb0b5e226382afb,delivered,2018-06-05 21:32:16,2018-06-05 21:53:06,2018-06-06 14:17:00,2018-06-12 18:32:35,2018-07-16,9b97ef812444a46c3eb4d21ade18bd94,2018-06-05
0bbca56fc4659e5b3ee85bbe37284f13,4733753e3bd9b0dfec451269ed46544c,delivered,2018-07-26 11:59:17,2018-07-26 12:10:23,2018-07-27 10:38:00,2018-07-28 20:38:40,2018-08-06,9c6df4f732107bea2f1afbdf84ca2201,2018-07-26
26047a1aef2518e6b2d19aaac4cc1520,1b99a7edf8652baa0b57211cbb1b5c04,delivered,2018-02-21 17:27:57,2018-02-21 17:51:42,2018-02-22 19:45:16,2018-02-26 19:47:54,2018-03-07,d5d141d1e4501d4576c7ca19815e194f,2018-02-21
58091d2b77a13202800dfb2a00879f51,6bdeeed6223206743d472ae1293f46d7,delivered,2018-01-22 10:58:56,2018-01-22 14:53:16,2018-01-26 20:07:55,2018-02-05 20:47:08,2018-02-15,c0410e26229611f0df33b8736a4051ca,2018-01-22
e96a6b60ad34bbbfe8817cd0e6f79374,769c88c1b9d81bcd01d6061f2392c6d8,delivered,2017-03-15 22:48:48,2017-03-15 22:48:48,2017-03-16 11:20:55,2017-03-27 14:12:16,2017-04-03,9c81e8d61f57d26174c0b7657940339d,2017-03-15
f84e156e1671129eb01e38a679129538,208a00577865fc86cb2412586a0c2b86,delivered,2017-12-29 16:26:10,2017-12-29 16:35:22,2018-01-03 17:58:27,2018-01-19 17:49:24,2018-01-18,67903a0796622001d5ac40144df141a4,2017-12-29
35b69c976146412e632585ca8260da83,2200d408e95d53a468269d70b24516c9,delivered,2018-03-10 15:18:53,2018-03-10 15:35:27,2018-03-13 18:48:51,2018-04-05 20:32:21,2018-03-29,a1b667ccfcab85f34445a0905ec39a2e,2018-03-10
a83bb8ac33348c821f5d1062e6aa2027,c843eff3ad4e1a193e299cef5b757284,delivered,2018-08-24 10:25:51,2018-08-24 10:37:38,2018-08-27 15:45:00,2018-08-30 16:34:40,2018-09-06,903d4d509bd94965e57d07a5f78de590,2018-08-24
57c77ac6b334c14aef111922d59f7177,05c204bec3c3b5819ddb8eb7441048a8,delivered,2017-03-25 10:17:37,2017-03-25 10:17:37,2017-03-28 14:43:43,2017-03-30 13:12:52,2017-04-13,911706058a1b35ab892d6d7ee6415557,2017-03-25
4c99aea96d822de4754f48ea13031c33,f8a91299d86c7e57b2a1299f3947f244,delivered,2017-11-23 12:40:47,2017-11-24 03:10:31,2017-11-28 21:43:04,2017-12-01 20:45:09,2017-12-07,a6b1af736ecc023dbb5d7c5e67154b70,2017-11-23
c5b5ab085f7990b385bdef3b27b2df1b,2f394b55d46fa1a440fc7c12d6275736,delivered,2018-06-02 14:07:21,2018-06-02 14:15:16,2018-06-05 12:36:00,2018-06-06 13:23:06,2018-06-28,c55214fa129a3a110848a22512b2d249,2018-06-02
e907b53c6245de45677494c2348dc8cc,553203c044ef2745380115fb3696fba2,delivered,2018-06-26 22:19:28,2018-06-26 22:50:23,2018-06-27 11:17:00,2018-07-10 22:31:56,2018-07-17,e4435b5c7fe9595de302159fb575e171,2018-06-26
9fb0d278c242a4fb8c75860e15720cc1,e0ecd315ca2d6e416ab23f0d6d1e97be,delivered,2018-05-18 22:27:01,2018-05-18 22:35:18,2018-05-21 15:49:00,2018-06-07 16:08:55,2018-06-11,8fb8adf1b150a1afa317fa0e40565b97,2018-05-18
f49de64f8655abdc94a86603570e10ec,6c1ac38cc2a083a2a08e487590605965,delivered,2017-09-20 13:18:27,2017-09-20 13:30:47,2017-09-20 19:42:05,2017-09-27 19:18:03,2017-10-18,a00764eb01e66bdefa0d0378f5951a9a,2017-09-20
f5ad4f3e25e8adb066f7c5ace4732dfc,a1680f33769e6cac0b3ac233e00231ea,delivered,2018-04-26 22:47:51,2018-04-26 22:55:13,2018-05-04 15:57:00,2018-05-07 13:16:26,2018-05-11,675ad24fac09e3c1edfbc4c0e9e7592b,2018-04-26
33e70b1305003580be0b34472acce620,1f32106989574673d60e54a146992c89,delivered,2018-01-29 15:18:03,2018-01-29 15:35:26,2018-01-30 22:51:46,2018-02-15 20:16:39,2018-02-22,3c38d8ff25f661253b873a6ce2eccee4,2018-01-29
008cfe221ab054c89bc31720098cca51,9890d391eac598a0bba5c6b6be617388,delivered,2018-08-08 07:52:21,2018-08-08 08:05:09,2018-08-09 16:22:00,2018-08-14 20:05:34,2018-08-20,3b25730ea4e83eae8c0e90b100dde51d,2018-08-08
791ce20aa4827ff1e05a8139eb1810b5,89c9f3d72721c993b7ef288dc6217f4b,delivered,2017-11-21 10:10:14,2017-11-21 11:08:41,2017-11-21 19:42:20,2017-11-25 01:32:14,2017-12-07,bc1c7b16bdfd21e256990040dd1fd11d,2017-11-21
81ec112622b72e497169430ffa735f61,cb0ab7935862f8f422456b08b9d08f9c,delivered,2018-03-01 22:54:39,2018-03-01 23:09:47,2018-03-08 00:38:42,2018-03-12 14:12:47,2018-03-23,0e007b1a9f469b38bfbb6bec86547143,2018-03-01
63ac25fa7a6efd7b94ace6adbb54b431,bb9dfced8ffe5e06c524a73848938b5e,delivered,2018-01-30 13:29:16,2018-02-01 02:35:37,2018-02-01 19:57:17,2018-02-06 17:57:33,2018-02-21,ee98d4b3a205e378836fb15f564ae13c,2018-01-30
80868dd37e63ac8fbe1aa89083b8f2b0,444766ef7ae8469bdb459a158a1941c0,delivered,2018-08-25 14:09:50,2018-08-25 14:24:14,2018-08-27 14:28:00,2018-08-30 22:49:42,2018-09-11,50d88e3877608dc4a6fdbf3fb319f2e0,2018-08-25
9b402354813f3cab904867d9ca2dfc92,8557eb2ca315c2368a3bc93748fe49c2,delivered,2018-02-18 15:18:40,2018-02-18 16:26:31,2018-02-19 20:37:50,2018-03-02 18:48:29,2018-03-14,286e76813f453e71c031b5602908cd05,2018-02-18
9170795672365189693d65667780f9ed,bf60fa574e188373d3cb331d04aeb4f1,delivered,2018-05-30 16:13:47,2018-05-30 16:31:00,2018-06-04 14:24:00,2018-06-05 20:17:31,2018-06-25,54fccbde5e005f2dbc6ad8d5473c9ac7,2018-05-30
59b4abe1af7c9b48dcc8330a65a2be81,7e630d15d865b2701e663c2a6dec9079,delivered,2018-05-11 23:49:18,2018-05-12 01:05:41,2018-05-17 14:25:00,2018-06-05 15:49:07,2018-06-05,738ffcf1017b584e9d2684b36e07469c,2018-05-11
0224d4ce99f4262f9554d248dfad743c,3e3a04eb993fe7c6bab32b40fcc51f7f,delivered,2018-03-17 19:25:07,2018-03-17 19:48:07,2018-03-20 22:08:30,2018-03-21 22:48:50,2018-04-02,b6b7c81604adbef7a32d4bacde272d41,2018-03-17
7bb345539ace4f961167f1cf740679eb,d308e62191603a4c18790024ca6da6f1,delivered,2017-12-01 13:28:30,2017-12-01 13:35:24,2017-12-05 23:18:53,2017-12-11 18:29:22,2017-12-19,4d881f96bad182e8853def6c3453c087,2017-12-01
16547d000ee8f177f45827613e2a17f3,7046abe749e4aafda4638fd2e718aff7,canceled,2017-03-21 21:16:22,2017-03-21 21:16:22,,,2017-04-13,e892e5924e6ce2d1b684a926b4f7e258,2017-03-21
55a9c84ae1f73c6a9d0bbcbf5da26e2c,008657b86f500495539ffa6d275351b7,delivered,2017-10-08 20:43:44,2017-10-08 20:56:26,2017-10-09 18:39:18,2017-10-16 20:38:45,2017-11-10,10b960a4f2cfecc03e6c89b4b02ebab6,2017-10-08
65a73d6e115832b01eb4de0056cafa9d,c8c31b6e9c14fdf3f5ed78bc47cc93d4,delivered,2018-05-03 00:47:16,2018-05-03 01:15:00,2018-05-03 15:50:00,2018-05-04 14:16:53,2018-05-16,46b6f86151641812862e77e5ba6a9501,2018-05-03
f813be1cdc38407e8e55a3ff18509b8d,58aad244991735b54dffc6781d3a508d,delivered,2017-12-31 19:38:28,2017-12-31 19:46:51,2018-01-22 19:12:44,2018-03-12 23:28:34,2018-02-05,669d498c3802c9949bf5969d1d0fdfc6,2017-12-31
90ec36af71b9d7450e0db5083efc90fe,23dfa700f73ff0d3f5aabab3256d13fb,delivered,2018-02-05 22:23:38,2018-02-05 22:35:24,2018-02-14 23:22:39,2018-02-27 18:38:31,2018-03-02,23464704a688c6730ada117a41705cce,2018-02-05
4b73c0e7ff2959acc87faf89631f9943,0651e411f128c0cf8b813b7c133ace0f,delivered,2018-08-21 08:13:38,2018-08-21 08:30:06,2018-08-21 13:51:00,2018-08-22 18:32:49,2018-08-27,f51d2a752dece17a20d72968dbf54022,2018-08-21
08204559bebd39e09ee52dcb56d8faa2,f6efe5d5c7b85e12355f9d5c3db46da2,delivered,2018-01-14 07:36:54,2018-01-14 07:49:28,2018-01-16 16:39:34,2018-01-19 22:14:14,2018-02-09,004288347e5e88a27ded2bb23747066c,2018-01-14
4cfd544260e7e5a3f69c95e9156f5f12,401044d8a4a11059a0fd4c9168e951a2,delivered,2017-12-14 12:56:30,2017-12-15 02:15:58,2017-12-15 18:56:35,2018-01-06 17:05:26,2018-01-11,7620e484597c0b360f082d39e12e9c69,2017-12-14
62a0e822dd605871a747ee39a9131574,96fbdcccf8f0ac4854325b4d8609b911,delivered,2017-06-02 11:39:49,2017-06-02 11:50:18,2017-06-08 10:26:56,2017-06-12 12:23:34,2017-07-12,a7b5f908c796ad17ce9339238ef15a87,2017-06-02
15f03e32c4f15c02ef2461951758bce9,bd0d5977c0b3bec77646fb084d0c75f3,delivered,2018-05-10 19:22:50,2018-05-10 19:37:44,2018-05-12 08:18:00,2018-05-18 18:28:33,2018-06-01,441df69e939195c33a3db0c7e819d02c,2018-05-10
01ae5e4c5d2549f7c05000a2f5856c28,9951d99835f50c491d724e5be22150e3,delivered,2017-11-05 15:01:09,2017-11-05 15:15:23,2017-11-08 19:52:12,2017-11-16 15:28:42,2017-11-24,c459f4dd69a0d9468e3e170cf0c26d8f,2017-11-05
faeb0ac7f6e1480f3dd14e5cd802dc8a,fe64a8995496324377a381acd65cbec5,delivered,2018-01-04 21:21:00,2018-01-05 02:39:20,2018-01-17 11:34:54,2018-02-06 18:33:57,2018-02-09,1925d122f115347bdb3182cf2cbe3f13,2018-01-04
3acdc95f43a4fb6a00019abc9e3bfe28,5c263ddb1e0e538b037e9bd59f0b054f,delivered,2018-02-06 15:43:43,2018-02-06 16:11:41,2018-02-07 19:43:26,2018-02-21 20:37:45,2018-03-05,ead5c6583870460b0b2923a707ea263d,2018-02-06
c2ea1bba24e50ff0dae7d466c1e2986d,81391dccf0ddecf22324b3ed34008079,delivered,2018-04-02 13:16:39,2018-04-02 13:30:12,2018-04-04 19:02:27,2018-04-05 20:21:48,2018-04-12,b12280090e7728296f697791c978d775,2018-04-02
d0279b35becff27d8de5a2278536388c,265b0b9cceac5c71a6f850d1341b7293,delivered,2018-06-26 11:52:40,2018-06-27 09:12:06,2018-06-27 11:08:00,2018-07-03 09:58:43,2018-08-13,168c90019770751ff7b9961c6322359d,2018-06-26
977f8eef6a47769a1ed52e1dc7111340,54716fd2984a45618846789f0720d58f,delivered,2017-04-10 18:43:32,2017-04-10 18:55:10,2017-04-11 12:18:29,2017-04-18 15:17:14,2017-05-04,5efdddb403c8b874cb9a6c4955422f0d,2017-04-10
3c5133a035fd70adf2f7023fafd01d8a,bf529967b73d9163a926154e9a552cf1,delivered,2018-01-22 15:48:46,2018-01-22 16:18:09,2018-01-24 22:18:48,2018-02-02 16:06:39,2018-02-23,bfa7b3056f00b9d3e2b6ff501857aabb,2018-01-22
18f4178d9b3c33fa79c1a0d5eb214023,1f68e24da06f36cb8a5243e23c390bcf,delivered,2018-05-07 19:12:47,2018-05-07 19:30:08,2018-05-08 14:41:00,2018-05-14 16:48:43,2018-05-30,c01ac50f437f46cc8fffb6d1a01d8631,2018-05-07
0901941512e5bef7c9fb39452262234d,0b98703974a1b3855df622c21cd17c82,delivered,2017-10-11 20:55:59,2017-10-11 21:08:18,2017-10-14 14:52:24,2017-10-24 21:22:51,2017-11-03,f1731fa7ae810577598d2d31a1888b4f,2017-10-11
9e02ee1512cfa46417768f83ae22c98b,41e0dafd619f5869d267fc993736dc44,delivered,2018-04-21 18:23:32,2018-04-24 19:25:22,2018-04-25 01:29:23,2018-04-25 17:55:04,2018-05-09,dfa75f75a3fcae0601afc66a1c456795,2018-04-21
ed9e4b8509d37b7dd87c23fb4cc69452,301990ac837c8ccf27ab9cf3dd3fb478,delivered,2018-01-10 21:35:48,2018-01-12 02:35:24,2018-01-13 01:03:49,2018-02-08 05:28:37,2018-02-05,647a96be0fbf72784d5c87f58d21f97d,2018-01-10
55b349a50313d39611dceb2a3b0d4f11,8f87226b0ddaa6872971afe593506d0c,delivered,2018-03-28 16:08:58,2018-03-28 16:27:40,2018-03-29 20:18:59,2018-04-09 22:08:31,2018-04-26,9687ae9b62179d789f14af95280ef5c3,2018-03-28
3677265b3eb6f14577f63e2483b87882,335461915e4fdf011e46ae25afa3a1c8,delivered,2018-08-11 20:30:25,2018-08-14 04:10:19,2018-08-15 08:40:00,2018-08-20 18:32:16,2018-08-30,0c53f18e3aa8ab53e163f3433c91e322,2018-08-11
d6b40eecfed664621ea3e0076d2a58aa,9538a496551125bb56e2f3be77b9a45a,delivered,2017-09-30 01:30:57,2017-10-03 04:14:23,2017-10-05 20:49:27,2017-10-18 21:49:55,2017-10-27,e595d377ce75eb89b36fb39ec3785780,2017-09-30
2462994fc67121ce4376d1c6baf63388,de5af6c03310241012f6c59998a13089,delivered,2018-06-18 11:51:51,2018-06-19 06:35:49,2018-06-19 13:17:00,2018-06-23 17:46:43,2018-06-28,c298875962142d382e5035ca9f1cb428,2018-06-18
2b0604a6abc1309c3b36f16367e6ccbb,4372365b433a5c25b9af94ff681b756c,delivered,2018-06-11 17:07:06,2018-06-11 17:38:34,2018-06-12 14:24:00,2018-06-18 17:22:04,2018-06-29,bcf038963b321b0ec71b1fec0565c97d,2018-06-11
25e8002575a945e8d4ae84ca208daa50,e8ab8f389636432382f031e90d3606bb,delivered,2018-06-18 07:49:22,2018-06-19 04:16:56,2018-06-19 15:47:00,2018-06-22 15:45:51,2018-07-05,42832ed9903e18991afc347bb4c28dac,2018-06-18
9b75fa68354ea9cd02695d002b82b109,047294a4de92e622ab7aa66d6efc9efe,delivered,2017-12-29 18:28:25,2017-12-29 18:37:32,2018-01-05 00:52:46,2018-01-18 15:48:51,2018-01-31,36ffbbdeade73b18025564d1404420b0,2017-12-29
553ca0a1ff1834f49d15d77ac8d08ca8,b85cfeeb9135227e8ba9a25eaf173872,delivered,2018-04-15 22:05:57,2018-04-15 22:29:53,2018-04-17 23:11:02,2018-04-23 22:22:00,2018-05-15,69b3aee0b28c396c57797a12a9a15db9,2018-04-15
8a4d61d2b56495312a357a36c4e67d83,439a4e8a7e580a3cbfb50b4b6eb4bbfc,delivered,2017-12-19 20:18:06,2017-12-19 21:18:25,2017-12-23 13:10:47,2017-12-28 18:19:27,2018-01-16,4c4925689d929854b835443ed6da3f8d,2017-12-19
1cf390da5ceb2c46855914e5d2520ebc,47ea785c9c0c8d75cd052b0f352fd7ea,delivered,2018-03-28 19:56:10,2018-03-30 03:10:30,2018-04-03 03:03:43,2018-04-03 21:06:35,2018-04-10,5e2b784669b26c3be10d083a9770527e,2018-03-28
d14dc05cf3bfcbba3b03996ec5899999,44635a418c22d03cb84d84c6bbd96856,delivered,2018-04-10 14:54:51,2018-04-11 09:11:57,2018-04-12 02:28:25,2018-04-23 22:52:03,2018-05-03,e4b407fe17ac89534043ff4cb36598dc,2018-04-10
8cd6746056efc30726855e09ce26a776,e10682de4ad385d0a8419b29f2c6d486,delivered,2017-03-10 23:40:38,2017-03-10 23:40:38,2017-03-22 08:17:45,2017-03-29 12:01:15,2017-04-25,4f1956032b4391eb604d8272cb6cba6d,2017-03-10
7a8fd05a340c38948f7581e765cecb09,266aee2dcb42e400fcbd70f11d6d224d,delivered,2017-03-12 23:31:55,2017-03-12 23:31:55,2017-03-13 12:38:11,2017-03-20 06:04:30,2017-04-03,016e32e564ee03416c6f73e44a4e802a,2017-03-12
5e41ebabb65c9b6a46dbbfee1b4d6a4b,84b5db55a21ad27366b78ad45b8b8544,delivered,2018-08-05 22:22:17,2018-08-05 22:35:19,2018-08-08 00:17:00,2018-08-08 19:51:57,2018-08-09,a7a0990a0bc15359977148c0d41bd277,2018-08-05
9ca0824f0707d393f343607db317b6d1,08eb2a39027ff975b414729b8e5b8ee7,delivered,2017-09-29 16:29:57,2017-09-29 16:44:19,2017-10-03 16:29:25,2017-10-13 21:10:28,2017-10-25,bfec8760e813a3110eaaf428effb5029,2017-09-29
189ed3ed53bacad70ac9471176b0f26c,dc559c575afc1ce546cc0444431b0988,delivered,2018-02-28 16:31:53,2018-03-01 16:35:25,2018-03-02 22:56:31,2018-03-05 21:42:21,2018-03-13,f364ba24019dfd0b1ed8901272df7ebe,2018-02-28
f5b582be9c6e306e36009285ca71038b,d1ef0a39a9f8e5015b05e2501b8006c2,delivered,2017-11-24 00:30:14,2017-11-24 01:10:17,2017-11-25 14:43:00,2017-12-06 22:55:35,2017-12-18,81ac943cad1306e6d011fe9549c6da41,2017-11-24
3e57128c6628df0162aefb87d11d4bc2,1313e73dd50aef9fc403df03401b498c,delivered,2018-07-13 11:40:23,2018-07-13 11:50:20,2018-07-16 15:07:00,2018-07-25 19:34:35,2018-08-02,bb48a5b90b9039f1ab5aa8eb39668b83,2018-07-13
b41304e99b5c1abf0181ee31c8b17146,014ea662e1cd7ed36b3c44a9539bb34a,delivered,2017-09-04 14:40:44,2017-09-04 14:55:17,2017-09-04 22:06:32,2017-09-13 20:22:33,2017-09-22,9973fd5d5b3f112fd146bd9c640e7690,2017-09-04
7fd4b0e047195ca197c3660772a8d8c0,fc253202cb10b4a99ac862321a854858,canceled,2016-10-08 07:02:33,2016-10-18 15:19:10,,,2016-11-18,481c59a1f6bafb63320f101c013e6784,2016-10-08
477612d1e676932652d32281d67da87f,48cd4091de29a9ccd38f28271ee8431c,delivered,2018-05-26 22:18:05,2018-05-26 22:30:09,2018-05-28 14:49:00,2018-05-29 20:05:15,2018-06-20,a105211d8deb61e52f4df703e2bde3c3,2018-05-26
33c2860be7125d5f79547239ef5a8721,74516b8193a7f9118063c50052dfacb4,delivered,2017-03-17 12:03:40,2017-03-17 12:03:40,2017-04-03 12:39:41,2017-04-07 14:12:39,2017-04-07,9ad7f351da31cd0b98d6387ebfb2f8d5,2017-03-17
c85fdce6723ece9066d59f3a049c683d,21a049a6d84d04fe9d105aebb810d753,delivered,2017-07-27 12:48:29,2017-07-28 08:35:26,2017-07-28 17:44:01,2017-08-07 19:21:52,2017-08-18,bd7d5270491b38a030dfb106e6444542,2017-07-27
1a4d91c156fe4c45c0ae24f67d49dc50,cb31a825fe443be3c532d58371f1bc45,delivered,2018-04-17 14:35:14,2018-04-18 06:51:22,2018-04-19 23:05:03,2018-04-27 12:57:00,2018-05-10,af20ffafdf4bafa0360312fc2220ba6e,2018-04-17
797d09101d970843eb1cb6e491b4da0b,0208fd622f545ae73dd1fc6a1a500ba0,delivered,2018-06-24 01:37:15,2018-06-24 01:56:49,2018-06-25 14:37:00,2018-07-03 18:28:29,2018-07-27,5e60ffd01d4c0c241e7492d62a6b19ce,2018-06-24
061f2692f309a270bc04537e0a2508bb,4479c24d672d4eb166c60188425da673,delivered,2017-12-05 19:03:15,2017-12-05 19:17:30,2017-12-07 19:53:25,2017-12-10 20:02:56,2017-12-27,37d0b647301742b1b17d627e4c10aeae,2017-12-05
c502981c13af31e66327c143bc885a2d,f7cb015ff73be957ee6a30e2577742c5,delivered,2018-05-31 14:38:55,2018-06-05 04:51:47,2018-06-13 15:08:00,2018-06-16 10:58:27,2018-07-12,e235442a956c524e6c141141171f5801,2018-05-31
c006bbd1a1ae4337965b7ad0dac0c61e,39eed57393ecf1f7fd09caea717a442f,delivered,2018-07-11 20:32:52,2018-07-12 08:46:08,2018-07-12 15:04:00,2018-07-14 01:23:36,2018-07-20,9148a35e58b350858a25d1fad315ccb1,2018-07-11
8bb61c38933e53a46312713c209dee29,5cf62d2467f616db098ec254256a4e81,delivered,2017-12-12 17:08:25,2017-12-12 17:15:31,2017-12-13 17:22:56,2017-12-18 19:02:15,2017-12-29,b2aa4f0117159ab81f623ce0b1e128c6,2017-12-12
404ae63d165e7de5dd0bade9787b50c0,f716918648ce7de63976aa640b0c885f,delivered,2017-11-24 06:29:43,2017-11-27 18:15:32,2017-11-28 17:07:08,2017-12-04 13:38:58,2017-12-18,b248c92ec54199bedb1d603e0e6f98c6,2017-11-24
1728847cf9a9a8c5f57a2e38bec5ecf9,12ef26e7646470fe563e9fb2a28b837f,delivered,2018-07-10 12:15:42,2018-07-10 12:30:21,2018-07-12 06:54:00,2018-07-15 16:13:38,2018-07-18,d44f553a3663a6323c901cf1f0a47c87,2018-07-10
e78e6c2d9d913cda60562cd825c90374,8da7d8627305e140749fd5d239d0e05e,delivered,2018-01-23 07:29:20,2018-01-23 07:38:23,2018-01-24 18:14:38,2018-02-02 17:17:11,2018-02-19,13f2cd34cc492138e8725dea6dc4d7d5,2018-01-23
12a4d385bfae33140c65d031ed0d0c50,599daa6dccc8cd36595216dd3240b109,delivered,2018-01-23 19:44:06,2018-01-24 19:57:19,2018-01-27 00:33:01,2018-02-08 19:34:10,2018-03-02,bd5ee656c6f026fa1a6ff23c1832c617,2018-01-23
eb1340135e81ffed22e5703c6fbbe879,3967b6091174afa2c3937592751e7de0,delivered,2018-04-07 15:25:46,2018-04-07 15:35:09,2018-04-10 22:24:40,2018-04-16 20:52:01,2018-05-02,3c11e9cafdae7a6121d2bbc9b6436e4e,2018-04-07
8e69421c91f6d0c452894b190de0d321,7bca2bac972cf3b3c80ea06c30b7f309,delivered,2018-02-24 22:34:45,2018-02-27 04:31:19,2018-02-27 20:52:28,2018-03-16 12:22:04,2018-03-19,d6ea5bd07973dd2af07b84c201d81a0f,2018-02-24
cca8f1b678e3b808b83f6466b048dc85,d156a8f86ce1451c235a39502b289767,delivered,2017-04-09 16:41:27,2017-04-11 03:42:06,2017-04-11 14:48:51,2017-04-27 12:09:09,2017-05-12,3bfe058dc7556b750553ed6f6f3f80cf,2017-04-09
3ddc07d7669b7ee4d1741132ae14302c,cb8855bae6bea36802fe3e297ea4bcf2,delivered,2018-02-01 11:41:08,2018-02-01 11:50:42,2018-02-05 11:35:08,2018-02-28 15:59:10,2018-03-07,0d40149e0b1e0781646c4b33a4c1e43b,2018-02-01
0607f0efea4b566f1eb8f7d3c2397320,a5fbb6579eacbeb02752a143bfe82405,delivered,2018-03-06 09:47:07,2018-03-06 09:55:47,2018-03-07 21:33:39,2018-03-09 23:36:47,2018-08-03,85895a0452aba21c4bb0e5b0e1b5e6eb,2018-03-06
f61d8df3d4314897d9ddc27cf6b94bb5,5515bf006d2a0e06bced9ca65c312036,delivered,2018-04-20 21:47:46,2018-04-24 18:58:35,2018-04-25 13:12:00,2018-05-03 19:47:47,2018-05-18,45416d3726216380e7607d827561933f,2018-04-20
b8b3f1a93f6899699c4cfab3f0cb85e0,63f58793879e91091b56be7228ded7fe,delivered,2017-09-08 14:49:36,2017-09-08 15:03:27,2017-10-11 12:01:29,2017-10-15 16:43:36,2017-09-29,c9ec7638cb8f2dd8e4439fa8374d89e4,2017-09-08
eb1cb17937178982a34f2ffe226ae11c,acbe6c48917608988aed72b6f48d83c7,delivered,2018-02-20 16:01:53,2018-02-20 16:15:30,2018-02-23 18:57:12,2018-02-28 15:39:48,2018-03-15,0698c1eb39702b790d88c43ecc3f4dec,2018-02-20
1acffcfbb35247b9d15611ce0fe50460,b2e7d5661a4268a50ae70d5c044c5ff7,delivered,2018-02-25 09:24:05,2018-02-27 03:31:04,2018-03-01 23:27:36,2018-03-15 21:45:32,2018-03-23,e2ffdd3893fa3ae4e5f09d4cbf231fb2,2018-02-25
a9096f7f0b61e8a65ae29ece51a43d03,a796b27faff0efc05c414371a3f26d17,delivered,2018-04-05 18:11:24,2018-04-06 03:28:11,2018-04-07 01:42:39,2018-04-12 18:46:19,2018-05-02,bebfa17149f5fe83925c234adb1c95ba,2018-04-05
76dfdc67dd1cc3e3a74027dbee5d9cd8,d7e3bdcb55d1c2afb2e0973df1c22cb9,delivered,2018-05-15 14:30:40,2018-05-15 14:55:15,2018-05-16 14:22:00,2018-05-21 19:54:25,2018-06-05,e81679fc53e010ab48660ef7720d0d1b,2018-05-15
535b12b639f49f41d41d00b9316b86f5,59e23d731e8ccec5e899a1ca8eeae988,delivered,2018-05-02 09:39:00,2018-05-02 09:57:15,2018-05-04 12:09:00,2018-05-14 19:12:27,2018-05-28,8bb072e26420894f7d5fbaaf87418635,2018-05-02
e7ab9d07de87ce3d09009cc0acc238fb,fdb64968cff6fbd0b580dd02ce916bfb,delivered,2018-07-22 08:53:59,2018-07-23 11:31:44,2018-07-23 15:39:00,2018-07-26 14:12:38,2018-08-06,88d22eed30483c666a90137a8af4a675,2018-07-22
dd9ee64158bd32d93a496fb0af82f160,2e558dc2f2797f4ebf11a261be0abd1d,delivered,2017-04-05 08:23:43,2017-04-05 09:25:11,2017-04-07 12:34:18,2017-04-13 15:38:13,2017-05-02,020a1ffcfaf43c6003111eaa33faa6c9,2017-04-05
5be2150d1f3d2a7917c0a7b4ba74c93f,168c3a0d671645d10517d3a9a3cfd71d,delivered,2018-01-03 18:30:15,2018-01-03 18:38:22,2018-01-05 20:14:39,2018-01-11 17:19:49,2018-01-26,62b98b37c2881c29c76bf5ac4058036b,2018-01-03
82e0be51b738da8e7e60e27649068de4,76bd923751cae856a286b6b98a0350a0,delivered,2017-03-22 18:59:50,2017-03-22 18:59:50,2017-03-25 09:26:24,2017-03-31 19:33:57,2017-04-17,6a79f1a497bd27f6fba4f809524afe8f,2017-03-22
da6d11c2027b52e35bf5089247eddd4d,cf787755d3ab6f7dc09e5212f2d1aa29,delivered,2018-01-08 14:14:41,2018-01-09 07:19:05,2018-01-15 15:04:57,2018-01-22 19:15:43,2018-02-05,2f108b1c30c013b6775b5db09ca38960,2018-01-08
e945c3f59acc1ba64d8c876ba137c938,6f6cdfa84080094bdb260a7a9a6ecd56,delivered,2017-10-06 10:27:34,2017-10-06 10:42:15,2017-10-06 21:32:54,2017-10-19 20:57:52,2017-11-01,49022e7844ec1ae1610f32597d58959e,2017-10-06
113cda086060a05db0ef4fef6c8fe1d8,de3d9d27d3fe1ca96f132c282183fc08,delivered,2017-04-13 13:42:13,2017-04-13 14:02:29,2017-04-18 11:40:05,2017-05-05 17:06:39,2017-05-19,2a37508d1962be64407eafcbdd0e51ff,2017-04-13
7a778b7745be3f801b6bdbd8d54da6fe,8c6dd8d4c67aba9eeff1cc996a8bc737,delivered,2018-06-20 18:53:42,2018-06-20 19:18:53,2018-06-21 11:14:00,2018-06-25 22:35:20,2018-07-12,330fdaa06f93c0c6ffb4af7d79c1ef12,2018-06-20
2cf54503d7592a2554d8b5b2fc6902ff,54b7806a4147c33f974d33c910f6a5a0,delivered,2018-02-10 23:59:54,2018-02-11 01:08:29,2018-02-14 22:19:02,2018-02-19 14:48:42,2018-02-26,93f052569579cf36abf95afa0f76286d,2018-02-10
008a1b3db2a8bf63418c2cf7c7f494b1,cc2db083341ec9bb757b9f9a70b289d9,delivered,2018-04-02 09:33:25,2018-04-02 09:48:39,2018-04-04 17:34:50,2018-05-03 16:11:53,2018-04-23,ea9657105a8bd47c0a60e1f2a8f2842d,2018-04-02
718260f4f9c54fa6e56cfc5d2389e563,e2510bf12e9b671330c78abaf435ee61,delivered,2017-12-19 13:01:19,2017-12-19 13:42:52,2017-12-20 15:53:32,2018-01-05 22:16:33,2018-01-24,1cbf4e20072a08166b7665e0c69d4771,2017-12-19
cb5c1ad1fb0068c83523238259a8e930,732b3392e5516cb60017547792c7e141,delivered,2018-05-29 08:10:45,2018-05-31 03:10:13,2018-06-05 07:06:00,2018-06-19 18:58:40,2018-07-13,a8df31b568556605935ad291fa8cc166,2018-05-29
4830473362441527781ef6c1860cac4c,72a366446dd3abfc90c598896714d85c,delivered,2018-08-26 11:02:58,2018-08-26 11:15:27,2018-08-27 13:25:00,2018-08-29 17:28:54,2018-09-11,1e247c81fc2d6e54fddb0c5b1232bbf7,2018-08-26
e5faf44e4252434f1b561aa34e1a9ab3,b7c369ee1974391cd79eb8c38e6713c5,delivered,2017-11-29 16:10:24,2017-11-29 17:30:52,2017-12-04 20:42:47,2017-12-29 18:57:09,2017-12-21,7bf62cfb6d429a8c50f2ac2724b28bfc,2017-11-29
a50966cf1b4f30449fcd368e0041af99,085b2a422d36a53c027062f47b3b5238,delivered,2017-11-13 00:37:15,2017-11-13 00:46:48,2017-11-14 21:28:52,2017-11-21 17:32:54,2017-12-05,11b34a957a0affd5aeb850a5c4c0a0fb,2017-11-13
5b771e035096a0cb850e90ee9f28f8b5,f84ec7dcc51c5d8a48e3acb3423005c4,delivered,2017-03-06 11:17:20,2017-03-08 03:35:12,2017-03-08 14:32:06,2017-03-15 13:21:40,2017-03-29,ece615479d7e846c0623b008aa38df66,2017-03-06
4369045e59969c285151e194c6ff699e,9df76debbc42f3b3bcc458fad0f4eed9,shipped,2017-10-28 12:09:33,2017-10-28 12:26:17,2017-11-01 20:54:56,,2017-11-22,7e6c59c62d62fe85ec324e52f79a6005,2017-10-28
17b7508c1910a10c24406ce07442115a,100d18a922c64bcc879866075f24913a,delivered,2018-03-11 20:18:05,2018-03-13 04:08:14,2018-03-13 19:56:33,2018-04-23 20:56:38,2018-04-06,5cc35d9070e0b305d97e4e241f578df8,2018-03-11
afcbcc62e1ddbcad592c172eb3e409cb,509ea35d8113ffbabd4e26113582eeaf,delivered,2017-07-12 12:05:47,2017-07-13 03:04:31,2017-07-13 15:50:02,2017-07-26 00:11:18,2017-08-10,a83a836146134fe1ab35df94a0f28454,2017-07-12
93fafdfa3d4b1b6728b7394782752120,b10b7ae379cd765bc93351f85d2efa40,delivered,2017-08-15 18:21:23,2017-08-16 03:30:34,2017-08-22 18:47:56,2017-08-25 18:15:45,2017-09-11,b50d8759463ea43e74e40e06fa61c42d,2017-08-15
7f0cc9a8528cca2dc63cddba3940474f,1c41109ed8f74a322ea436af44c6c03f,delivered,2017-07-18 23:55:46,2017-07-19 22:23:58,2017-07-21 16:59:26,2017-07-28 18:52:06,2017-08-09,73a2c932a021bff3bfd40303e06dedf9,2017-07-18
dcf05b0ffad45d04f992ba7dba355275,76627ad4c00c2df50f5de1c31eeec966,delivered,2018-07-21 19:41:30,2018-07-21 21:30:58,2018-07-24 16:18:00,2018-07-25 21:18:51,2018-08-02,95588512dfe0237d8618882799288174,2018-07-21
deb2f56956147221f103aefb74c9ca2c,5397164e3d29e792856b4e9e8d80a69f,delivered,2018-04-13 17:57:45,2018-04-13 18:11:52,2018-04-20 01:44:46,2018-04-26 16:51:57,2018-05-02,92788f6a2a822c9e4f864efb27060ad9,2018-04-13
930539e9e87e84332b23d178b3f67385,e89cd2c49972d182f0fb9deb845ccf62,delivered,2018-03-26 23:35:47,2018-03-26 23:47:11,2018-03-28 17:26:57,2018-04-02 17:08:31,2018-04-06,175e07edc5bf8b165844765acc6f1645,2018-03-26
280fcdddcf237df99402868a09cf8f0b,b35da35b3a7da8608a3e16edae62ed5a,delivered,2018-01-17 14:21:20,2018-01-17 14:30:02,2018-01-18 20:03:30,2018-03-10 13:51:45,2018-02-14,48d093c3b0a702bdaeafb3aef41ff184,2018-01-17
771416ca662aedf861b2d6898e2be7dc,b2d0c5fdac40d03de7c81ebd3f67eeda,delivered,2017-12-17 11:53:55,2017-12-17 12:10:11,2017-12-19 18:08:58,2018-01-03 16:37:41,2018-01-12,d54c10958437e4f81d0bc2b7ad33cd42,2017-12-17
a1ae7c02634b9a9911a9dfa3dfbf6c16,00b16eaf1e6b6bd4eeb54f97fc31f172,delivered,2018-07-26 12:05:54,2018-07-28 02:45:13,2018-07-30 16:46:00,2018-08-02 20:53:40,2018-08-28,6c09a1b2276ad843fe5649cb2f92660c,2018-07-26
cfec47e9c352e173e3a3fa663467e6ca,cce3a63160b8820b4a468a085d7e73fb,delivered,2017-11-29 18:13:39,2017-11-29 18:37:27,2017-11-30 15:13:05,2017-12-01 20:11:58,2017-12-13,b5557597ad4990c1bdd2b01721ca4095,2017-11-29
d39e59e93bf34f4b2f6cef3902672a6f,c3a9744bc2f2ce8380e3d8556c4ba67f,delivered,2018-04-19 00:16:08,2018-04-19 00:31:50,2018-04-20 23:20:45,2018-05-03 22:14:30,2018-05-16,130ca124fab49932a251e96671ace3ce,2018-04-19
fc2010beb548588d1543ca8adaa132ba,f9067bdf09476acf12c7ea4935a5af52,delivered,2017-10-26 14:42:55,2017-10-26 14:56:22,2017-10-27 20:23:49,2017-11-06 20:47:59,2017-11-17,070acf4df1234a6257809e4e79644481,2017-10-26
9f15e7cf61018edf0f17edb4c4d77b5b,073c25ebd966a952d38da1dbbb1f4227,delivered,2017-07-12 16:04:41,2017-07-12 16:23:45,2017-07-13 22:45:00,2017-07-17 22:08:45,2017-07-25,39104edef5e46d7b8c61848cc95e6d97,2017-07-12
eb5158d41f671648c1c954d8330b2f8f,943ffeba4ca00dd9979a19d864743508,delivered,2017-06-28 17:55:08,2017-06-30 02:43:49,2017-07-10 12:32:42,2017-07-21 19:21:54,2017-07-20,bfb33fedf91eb21f6d32ad5345989a6e,2017-06-28
642bb05feac1a0177c93210d0553e8e4,a76120dbad561450be157056582f5163,delivered,2018-08-20 19:42:22,2018-08-20 19:55:12,2018-08-21 18:11:00,2018-08-22 17:38:39,2018-08-31,6f1d94e7bf3b50398380fa2a21081830,2018-08-20
264d1f3efc32d8d8243d16c9a582a0b7,08b6dd70f6a9b5bdd17a1387733e3511,delivered,2018-03-04 10:34:03,2018-03-04 11:10:23,2018-03-05 11:14:51,2018-03-17 17:22:09,2018-03-26,781d84d699c11b6151fe6604ec184e60,2018-03-04
b6486d95eebb7818b61f0f052d470f0c,916a53f9eb268e42ef9c6844b6d090ce,delivered,2018-05-19 20:00:06,2018-05-20 00:41:48,2018-05-21 13:06:00,2018-06-04 17:51:33,2018-06-12,515dae4626f9c7b5e4c56ef3b4e868a2,2018-05-19
f07b0af882cdeef616def36fd78fbb23,560829a36d563e8395cc073071a02bfd,delivered,2017-07-16 19:20:47,2017-07-16 19:30:17,2017-07-18 19:47:50,2017-07-24 17:44:47,2017-08-08,fa7e6f153b7724fda5c1d7cc7b9ae4ec,2017-07-16
058b8a9dbc89de84bb37a54c8c5be44d,1a594924ed06b136ec5af68177151e92,delivered,2018-03-17 19:34:43,2018-03-17 19:49:04,2018-03-19 20:48:41,2018-04-09 17:03:24,2018-04-11,62b29ec72b9035f9ecff5f5a083bb59b,2018-03-17
6e8cdfac9a1f0a25230f4624a4d707f3,1c1569d6c160dbc103b50392ba28a01b,delivered,2018-04-01 15:34:09,2018-04-03 05:10:25,2018-04-03 21:44:16,2018-05-03 14:58:30,2018-05-24,729a59b181cce9bfc29fb9e351b740f7,2018-04-01
c9dbfdbd1f10a0b35896dec49bee8884,029c1bebebe4314d00b4ebc26fb09225,delivered,2018-05-10 22:51:06,2018-05-10 23:11:04,2018-05-14 06:47:00,2018-06-11 16:33:12,2018-06-06,4a31f6df66321ed422bfd800a032c5aa,2018-05-10
4199a7bc1c9f1b2df2a5fd055fce1e5d,280689d14c5ea18e0170407d4c68b6a0,delivered,2018-07-30 12:31:09,2018-07-30 19:31:43,2018-08-03 13:04:00,2018-08-08 21:28:25,2018-08-30,05102edcc74b484b058bf555a410a2b1,2018-07-30
ea74d355b16bf9de1c103719173cb804,ce57da1d592e7f5a8606eca47d71664a,delivered,2018-08-06 10:10:27,2018-08-06 10:24:50,2018-08-14 10:56:00,2018-08-15 20:37:45,2018-08-17,263e9285d676558c0e6ff5d84b2ff4d0,2018-08-06
1e83365a2599c645e08374e7b16558e6,b84ea048b9f3abfe7253fbe3f96c1933,delivered,2018-01-18 17:17:48,2018-01-20 09:07:50,2018-01-24 21:28:52,2018-01-31 15:27:09,2018-02-21,2f63dfffac168a35b6e34d677be59aae,2018-01-18
f319682858b7521e6b6ed7979bef72a8,f48420261894f4a4fce5c67afff258f4,delivered,2018-03-19 11:25:51,2018-03-19 11:35:35,2018-03-26 23:04:19,2018-03-27 16:32:04,2018-03-29,af4f15677a2a1aab5051df0ac0464a40,2018-03-19
b7fd5d833fed053c23020ca5b793e6de,25ceccaffe4f1e0f7bbc552b862f9e24,delivered,2017-12-11 23:17:13,2017-12-13 23:09:43,2017-12-14 23:41:50,2018-01-09 17:28:28,2018-01-16,dd939e1237618ef4e81f1077dd8a06a5,2017-12-11
8f674e19defa0b20b6d47b6267f5c847,145af662031450cfa8bc9201f5868ae7,delivered,2018-04-29 16:54:14,2018-04-29 17:09:59,2018-05-02 14:24:00,2018-05-04 17:40:50,2018-05-23,6b7e0bd2f677974576b696c798a82141,2018-04-29
c6657be5ece0d6d8475923eabe5b65e7,678dd8fa628fe74df013bbfb7a244c46,delivered,2017-12-08 22:46:47,2017-12-12 04:09:17,2017-12-22 18:15:29,2017-12-28 19:30:06,2018-01-17,655c205a9a678f166d4689fe811d317d,2017-12-08
023dced8c25f743c5fdcf14edabac7a8,9247365772940bb769c6a672afb55785,delivered,2018-03-25 23:03:22,2018-03-25 23:15:27,2018-03-27 02:03:53,2018-03-28 20:36:37,2018-04-06,4af447cbcb836009ce836d9d775d306c,2018-03-25
66f4365a84caaf48a98a30f42f562986,99595c44b1f16a0c965f236d0bac1cfb,delivered,2018-05-16 09:03:43,2018-05-16 09:16:30,2018-05-18 08:10:00,2018-05-21 20:29:50,2018-06-01,fc13f755faf0081d8390df3dd5a9d082,2018-05-16
fa3475ba2bc8960e12e2421b5883c340,54ac17dfc352bd943dee4d0f70dbd714,invoiced,2017-10-19 19:37:20,2017-10-19 19:49:11,,,2017-10-31,16acec74e41fe3a38261cfc6c1ef0830,2017-10-19
b0ca5afc6c53a1b2bd7c6af809913f9e,b7a32c8c1f8a3deace8865c07d2683de,delivered,2017-08-09 14:18:52,2017-08-09 14:35:11,2017-08-10 20:51:55,2017-08-11 14:06:30,2017-08-22,16b9086c8b997d08107b03b614042dcb,2017-08-09
47cdfa4d3f0ebffd3064a5a7f1a1a901,7e9dd7f39416a450cea8e6457e20738b,delivered,2018-02-12 17:14:14,2018-02-14 09:46:53,2018-02-15 13:48:28,2018-02-26 19:04:48,2018-03-16,0fa31a0880fa6aced72b677f0c661ccd,2018-02-12
68a12bb95639602e21788f55c752857f,87b8555f86bb716ec7408383f4f3d889,delivered,2018-03-26 20:45:15,2018-03-27 08:07:26,2018-03-27 18:17:59,2018-03-29 20:58:54,2018-04-06,0e42b0ce5cd3da0615a261a47953a3a3,2018-03-26
a76c04c041ff4afb92ba60bc6385d8e6,381d9ababb03332c63069775834717f4,delivered,2018-02-11 15:37:28,2018-02-11 15:50:33,2018-02-16 23:08:06,2018-02-27 18:13:15,2018-03-27,c6f0312aa82a94037ea3c4d59bf9c13a,2018-02-11
a323cb5c6d384a77b825dd05d1d3c843,c6e0ea5ae4bf336ea680fa22553e9a46,delivered,2018-01-25 18:19:10,2018-01-25 18:32:05,2018-01-26 18:47:08,2018-02-01 19:10:19,2018-02-21,790ac688b0fcc22b2a0dacf0202b2ce4,2018-01-25
496ed3d2f9bcb86cb243f5e9fe1627e5,06d970f4d3006a575508a217a7acb7e5,delivered,2017-09-19 16:33:22,2017-09-19 16:50:27,2017-09-20 19:12:44,2017-10-05 12:00:05,2017-10-20,d194eea5b8f6b67992f5a3ca32ac401c,2017-09-19
d4b5cba849d461dc065544ffbdc37463,f8cb25e9d5e7200ee03dc9f1f51f197c,delivered,2018-06-11 15:53:43,2018-06-11 16:20:08,2018-06-12 13:45:00,2018-06-19 15:28:39,2018-07-05,48b75211a3c9f07d0d09a4b473219f12,2018-06-11
0804701eb9f74ec349c0b1dce5a83df7,783f0cf708012c4c712921de5c773f10,delivered,2018-08-09 18:55:30,2018-08-09 19:05:17,2018-08-10 15:14:00,2018-08-14 20:52:02,2018-08-23,37ebc5d2bfb5e627815f16fe28da474a,2018-08-09
095eb530e061e441f8ad27b2c8ca549f,1a28ded1e3d29445d89990556e40cbcd,delivered,2018-02-12 21:07:19,2018-02-12 21:28:19,2018-02-15 15:28:58,2018-02-17 14:12:20,2018-03-07,97926b7776d59245d92c63644e3c6c97,2018-02-12
bd53ed1dfe68bf904e131929022d8731,5dbbd2e9120f89944c0b564b41fcbf9b,delivered,2018-04-09 12:14:50,2018-04-09 12:49:45,2018-04-10 00:08:35,2018-04-20 17:51:08,2018-05-07,3d20a13d607d958cc3658ef2d4f0bbda,2018-04-09
2f5b7d28366c2cee7d7d9be0c23136e5,902923d7d935a0c229148d3ed265faac,delivered,2018-04-24 08:32:03,2018-04-24 17:25:52,2018-04-30 15:57:00,2018-05-05 18:18:41,2018-05-23,2c4df0de8466de5cb6dd4ea4cf8ba084,2018-04-24
d7b4654d3ca41a3b97437da02dff3df0,ccf6e6ddd95c74ad8b2c92700001e658,delivered,2017-11-04 00:32:11,2017-11-04 00:46:33,2017-11-07 00:33:43,2017-11-14 18:08:01,2017-12-01,b21dfdc5d4ff4d72390b2732975a504d,2017-11-04
fa3a12a1271d743e56d30a902cce0c1b,7f790f52b4671d848d3f945e708a713f,delivered,2018-04-30 11:21:31,2018-04-30 11:35:47,2018-05-02 12:20:00,2018-05-12 17:48:39,2018-06-01,e9b52c53f55d7882f5ff15108a9193aa,2018-04-30
74ba3677f15f456d0cf9f7081f3b1f30,55d125012ed8410157deac328f196288,delivered,2017-07-19 19:00:32,2017-07-19 19:10:12,2017-07-25 22:48:22,2017-07-31 17:27:57,2017-08-17,2699b1bdee690329303fb2c0aada1c1b,2017-07-19
9f484bd34c118fb45ac92da12aa484bc,ee82dcf547849bd6650e4c6bb6721abb,delivered,2018-02-19 17:08:32,2018-02-19 18:10:34,2018-02-22 00:45:13,2018-03-19 14:46:37,2018-03-16,f79edbda3dac78d22682d88101eb5ade,2018-02-19
6d953888a914b67350d5bc4d48f2acab,a973c4e3ad82777add3fa188f91dacea,delivered,2017-05-05 16:12:29,2017-05-05 16:25:11,2017-05-12 05:43:55,2017-06-02 16:57:44,2017-05-30,b4527423469300ee354458e1b5f961be,2017-05-05
843a1e7a744e7d107ee80b65be5394d2,4972784387b87fa4b63f5e18bc899e13,delivered,2017-03-20 19:57:40,2017-03-20 19:57:40,2017-03-22 10:42:18,2017-03-30 13:30:07,2017-04-19,9e1455507a18ac7faa9d49871124c4b5,2017-03-20
21427785ea63ce9a9fa59a41a32fe78b,8e17fac20c999de5120b8ec2a85a9048,delivered,2017-11-16 13:57:53,2017-11-16 14:10:36,2017-11-21 21:23:13,2017-11-24 20:56:37,2017-11-30,43c303e4387c3c92d6d3d7517c0403a1,2017-11-16
b37f75b6989911c687965cee14dc22ca,560ab40a3d1ab0a2d570aa941266cf58,delivered,2018-07-21 14:54:10,2018-07-21 15:05:16,2018-07-23 14:58:00,2018-08-14 07:41:33,2018-08-10,ba5b89861d3366860b9166e90706a09f,2018-07-21
0c4af986e0aaede577f05163c1ee5911,b825c71fecd094d9809cf05cfa80eb37,delivered,2018-08-20 21:51:20,2018-08-20 22:10:23,2018-08-22 08:42:00,2018-08-24 20:04:51,2018-09-04,08ec27950ed95b0394dafd612c1db4c3,2018-08-20
ff71fa43cf5b726cd4a5763c7d819a35,14217d5d9e2e67faaae493aa0a181d4c,unavailable,2017-07-19 21:53:57,2017-07-21 02:50:44,,,2017-08-10,a2592dc4cd6eb20010c6002ccfa05b90,2017-07-19
77b27c29ab339345ecc7678db3e23049,d56e47d2599ae4f9f59c62923c415e81,delivered,2017-10-29 21:43:25,2017-10-29 21:55:08,2017-10-30 19:47:03,2017-11-17 19:46:33,2017-11-24,f4316887caba528e78425197c937c75d,2017-10-29
0927a99c4c0b6c6b2487a4e869f7fc2d,4635c796ac0535050e1eac3e023c9166,shipped,2017-12-07 00:02:16,2017-12-09 02:49:41,2017-12-12 18:54:40,,2018-01-05,b134d7b6885303d9613004221e238e30,2017-12-07
f131e172fef158275f49417eabdda10d,87f3a79f04a2f950a55ce228642e0377,delivered,2018-03-07 11:00:12,2018-03-07 11:15:36,2018-03-07 22:53:45,2018-04-30 20:28:37,2018-04-12,d2d0c9c4469cce296ba4be9db4e4055d,2018-03-07
e74c3bd7b23859cb5dcd7ba8e70dde74,b2ae8bd45207d35c2ca367d5217430d6,delivered,2017-05-13 22:52:45,2017-05-13 23:08:52,2017-05-16 08:08:45,2017-05-23 18:22:03,2017-05-31,27bf2134b6cdb9bc8946666190a0c4eb,2017-05-13
8fdcdb0ae93912af54bc9e0ae5e1545d,ab33b6ca98749b0af2da65865772ffce,delivered,2017-09-26 22:42:13,2017-09-27 02:49:26,2017-09-27 18:41:21,2017-10-03 22:59:13,2017-10-27,a79d06ae45db5a0fcf5e6c9e3de1199e,2017-09-26
633d11c167d250fec5c37f8568ac6e80,2bf92ca1c7f79559c6320a0ff28c8d56,delivered,2018-01-18 17:48:20,2018-01-18 17:55:25,2018-01-19 22:29:12,2018-01-22 19:13:23,2018-02-02,c73db978f9ccc86458f65fabfd75ac5d,2018-01-18
ae9e4af9767b620b021b2952046266e9,30a659922d45b778895f185450b8b730,delivered,2018-06-10 14:52:08,2018-06-12 04:17:34,2018-06-12 08:16:00,2018-07-11 23:08:27,2018-07-04,3c8cc5fcfe8f12591fe46ae1d8353eee,2018-06-10
904d1d3bf21a8c56e931f8ac05d284c6,417ba684f004a0a409878bbfe65cdf3b,delivered,2018-07-15 07:18:51,2018-07-17 07:31:30,2018-07-17 12:07:00,2018-07-24 16:04:10,2018-07-31,767f4654c72d8b9de7c937321fe1b78b,2018-07-15
a7e2a9bcafab99efcc6c6c20523fa47d,369bcb82cdff39c928c145a9bcad9e29,delivered,2018-01-18 12:23:45,2018-01-18 12:32:28,2018-01-19 21:32:10,2018-01-23 13:46:53,2018-02-05,65859c1624b7642ec285b4a71efd9506,2018-01-18
ab4f963cf3f826eda5b1b000a7af4de8,809dbfcce6167970c4839cebda798ce5,delivered,2018-03-12 08:36:50,2018-03-12 09:20:30,2018-03-13 16:51:55,2018-03-20 01:28:20,2018-03-27,41c56a956807d1d14e9871892689df48,2018-03-12
55a8deb1ea82e104b019fa982402c685,7288a010258cab7db02ffe687e39847e,delivered,2017-11-21 19:37:21,2017-11-22 19:31:34,2017-11-24 19:19:13,2017-12-04 18:32:12,2017-12-07,7dc4dd74d322e04c249ceabb0bc1c39b,2017-11-21
7c17ce8cf9a32d634076a4b31ab03f8a,39191326614629fe426ee7f7a8d6e308,delivered,2017-06-18 22:17:25,2017-06-20 11:05:26,2017-06-22 14:32:34,2017-07-06 12:07:42,2017-07-17,70c2d396ea65224df3f901b0d0cd56c0,2017-06-18
41f1c1e22e7befb68bd39a783477ffb2,44306d7723c799b747e4da79f288de07,delivered,2017-09-16 22:40:42,2017-09-17 01:10:08,2017-09-19 17:48:09,2017-09-20 18:03:13,2017-09-28,bea0ea47cda9173d900d25f0ea064b70,2017-09-16
5ebeafc8671fe60c04a814565386de2d,3206ec7df91c5f6fd8ac8b483384b708,delivered,2018-06-22 23:55:17,2018-06-23 01:40:31,2018-06-26 14:48:00,2018-07-02 10:35:50,2018-07-17,91f86c95539c9451af672c1db782fd0e,2018-06-22
5d4a1f3fcbc44db367e18aa87b275996,1935e37c616650cc67f6770bd847a397,delivered,2018-05-09 11:41:46,2018-05-09 11:55:23,2018-05-10 14:28:00,2018-05-16 12:28:49,2018-05-23,7ed8f3109744ca6d5bed7460dd78aeea,2018-05-09
07983cb4fc401b8663874432b9b14124,a237096e8b07d5d634173a9e8b6fc6aa,delivered,2018-03-06 20:38:34,2018-03-06 20:50:24,2018-03-07 23:09:23,2018-03-26 13:26:30,2018-03-27,7c5138727ee96ab4508a7efdcd5c4ada,2018-03-06
481d2cbce45c1d2281aead91bff6dcae,e6a26b9742c8bd89eab9278e1f451354,delivered,2017-05-08 23:21:34,2017-05-08 23:30:15,2017-05-12 16:49:38,2017-06-16 11:11:50,2017-06-07,9f8b9e9b091d1c81423e52c4e0839975,2017-05-08
f1b0d27b392edf2469778d8885fc2375,1e73856ff88f7317350280a958fa25e2,delivered,2018-05-22 15:14:41,2018-05-22 17:36:42,2018-05-24 12:59:00,2018-06-08 19:28:59,2018-06-12,c2624b25ee6f3b95c721752d17723529,2018-05-22
0ccb884361ec00003176dab0ea647f59,98a2d594a64eb5fea6f4eba1a5fd7041,delivered,2017-05-28 11:13:23,2017-05-28 11:25:11,2017-05-29 16:38:47,2017-06-01 11:43:48,2017-06-19,b316e256ce45161d3ab81f74834376e8,2017-05-28
9a39823cabf87305e23b619a5636920d,f0026d63011720dd5c1fd38f43a83f75,delivered,2018-08-18 18:22:07,2018-08-18 18:35:08,2018-08-20 12:56:00,2018-08-28 01:21:25,2018-09-05,cd22bf5db5fe13a6bcfaf23eaf4bfd7e,2018-08-18
0baa0062fe85d1ac765aa6ee112bb624,dc1f5b609da6830acd08903116bc3f1a,delivered,2018-08-18 15:57:19,2018-08-18 16:10:14,2018-08-20 11:04:00,2018-08-21 19:18:03,2018-08-31,64db2e8f89e557920f7e33e8d5ab6be8,2018-08-18
222e1885ba432dd5ead67bea2fcb89c0,052b13c60be8396535fb9c39b4cbd032,delivered,2017-06-13 14:12:58,2017-06-14 02:22:38,2017-06-19 20:04:40,2017-06-21 16:52:54,2017-06-27,31a2c5866de0d8e3c7b5cd7f8e6dd97b,2017-06-13
b8a64156dccb910f2ed2aaf65e6cc5af,c261d62d747a5edece297d1f1254fe2d,delivered,2018-03-01 15:50:16,2018-03-03 02:50:56,2018-03-05 17:20:02,2018-03-08 22:54:27,2018-03-19,0ed5e64afd04de2707843a48c68b5c74,2018-03-01
63b5c97d11e1acb173143262a082abea,b8ea8d6e274eb09417e6dbe8dd24d55a,delivered,2018-04-18 12:29:19,2018-04-18 12:51:37,2018-05-07 09:33:00,2018-06-04 18:12:25,2018-05-25,55fb30f13e715db19015e2b926782c6f,2018-04-18
031e976ccc4a1678f5485552ed1ae778,1837c6c28707afbd624c47502b6cd99b,delivered,2018-08-07 17:07:38,2018-08-07 17:25:05,2018-08-09 08:12:00,2018-08-14 17:32:08,2018-09-10,71168dfb69f1d949ca08ba4f5474597e,2018-08-07
8bce18fa222d49626263bbbf2413fcca,72794b76e6fca04ef17b06de430523f8,delivered,2017-12-09 09:55:54,2017-12-09 12:51:02,2017-12-13 17:17:15,2018-01-02 20:25:16,2018-01-04,6543445f6e24093538efb783f4e630b7,2017-12-09
efe29224ab6af2a162c9cb35940daca5,a8cf5e4ad3d3c90e47518a21b0b600f9,delivered,2018-05-13 20:05:37,2018-05-13 20:32:27,2018-05-16 19:07:00,2018-06-06 22:18:34,2018-06-07,d5a4d3f6a9aafad00857d4dda28f98c8,2018-05-13
2fc7fe2e06e84beba127768beb2f705e,eb45ea5db48052fd29e0c6dc79b40de3,delivered,2018-08-03 00:36:26,2018-08-03 00:50:14,2018-08-09 14:03:00,2018-08-13 23:06:44,2018-08-10,9819390871759f4e81b4e1843e4d5c42,2018-08-03
69102a2e64ac8f2f998f5c2c41c71862,f1a296a5548d9cbc53e17ad8ce77a16a,delivered,2018-05-12 19:56:50,2018-05-12 20:10:23,2018-05-28 14:52:00,2018-06-01 23:04:47,2018-06-12,f4cc948dd6403be95809c7ae3aef18e5,2018-05-12
7663c1a8c96ea5b2f5a3554241ce9711,583513428c1ed3e61e10cbc80b9c25ca,delivered,2018-07-17 23:04:05,2018-07-17 23:15:17,2018-07-18 13:51:00,2018-07-20 17:05:42,2018-07-31,ea059a257b8118fa3408b5a84a9613b9,2018-07-17
58300b00ad189113ddb608765a954301,97855ab644c7bf9afcabb920bb5a6a57,delivered,2017-03-14 21:56:07,2017-03-14 21:56:07,2017-03-21 14:25:28,2017-03-28 13:36:01,2017-04-11,b9578a253618763fa2c477b6e626829a,2017-03-14
7ef259be178f9f06c72a57add85b71cd,a16a13abd16a9d85e4b382ecdc192d33,delivered,2018-06-06 16:55:17,2018-06-06 17:13:19,2018-06-29 15:22:00,2018-07-12 20:03:51,2018-08-09,5e9e03fb012cf675d96708ca2f6a0df5,2018-06-06
d242fb417c35b6973c20dfab0514f8a1,86952b2c00e25ae433fc21f72236b360,delivered,2018-01-05 15:04:07,2018-01-06 02:27:52,2018-01-08 16:27:33,2018-01-29 21:18:59,2018-02-05,18800c1ef742e14e44a503e135709fe3,2018-01-05
d7cd987e2097ac5faff39ff244b5e784,0353311decd3615e5c4c03b4595e3e27,shipped,2018-04-24 18:31:22,2018-04-24 19:23:39,2018-04-25 14:02:00,,2018-05-17,1569accb1446f5050a2ee04cb54aa9a6,2018-04-24
a2360f80888ccaa4da649c8d63001de6,a5f4ce5c4e85ffdeec9c44b6da6288c1,delivered,2018-02-14 12:19:15,2018-02-14 12:30:30,2018-02-19 23:57:47,2018-02-21 18:54:39,2018-03-01,df2303f3a52e675813bd5bb8152ba3ba,2018-02-14
5ddf0e8fc807d25c638fe981189bb8db,1fb4a509e6d4126bc8f73ba9cdec80d1,delivered,2017-08-30 22:01:23,2017-09-01 04:35:43,2017-09-04 15:14:45,2017-09-11 14:58:23,2017-09-18,910d4c8b86a860685e6b304d4d297359,2017-08-30
e06b4a36b87fa33d65f03cc6b3108d1f,1043bcaca53fd656062c81d6b9b5bd77,delivered,2018-04-17 17:17:46,2018-04-18 17:33:49,2018-04-20 17:42:39,2018-05-22 14:03:38,2018-05-21,0bcb3aaad5749c9a59a54d772d44e83a,2018-04-17
f18481fd839eabadc3d84dc73eead362,2634cfa17e633c8f78dbe962e5654652,delivered,2018-03-26 14:18:32,2018-03-26 14:30:15,2018-03-27 19:38:52,2018-04-16 23:18:44,2018-04-26,77ba314c1a0dc82c0f882ae44f6edc07,2018-03-26
341ec2709ac1eea8f492c24d31a06942,f836208064b817a41fec6caf0cb648f4,delivered,2017-11-30 14:40:31,2017-11-30 15:53:15,2017-12-20 17:43:01,2018-01-09 19:42:07,2018-01-10,a6f01050be36be106105b447bf1414de,2017-11-30
9526a0630cd88ab2d58db42a981eab74,45aaabf4dd157c79097eb75f00c87b9a,delivered,2018-05-02 21:07:22,2018-05-02 21:19:06,2018-05-03 16:28:00,2018-05-08 01:06:48,2018-05-21,947144920f2e452e9ba866bbf6d1cbd2,2018-05-02
04ffe5a8a70cc5dd6a00b68fd6c905e7,60ba4ae55efbc6dc0e428fc0f1fe0acb,delivered,2018-02-28 23:16:18,2018-03-01 17:30:41,2018-03-06 20:23:20,2018-03-12 14:04:14,2018-03-13,5f187d7a9ce17aff3891b14692db3911,2018-02-28
a9b84349900ef15cb616e1b75b4c4dcf,3bea25450797f4a7f50cd3082af21139,delivered,2018-06-12 13:28:27,2018-06-12 14:03:09,2018-06-13 14:08:00,2018-06-21 21:28:48,2018-07-11,5c3b478f8c91b51dae98c29915811f45,2018-06-12
f4ab7da19e58e253e0946d32501b279c,4d5240c021628847b09010fa6b8bc549,delivered,2018-04-13 09:33:09,2018-04-13 13:31:43,2018-04-16 19:48:42,2018-04-25 19:46:37,2018-05-22,9e5f250dedea7580e5bd8f1a3ffe013f,2018-04-13
89d5f92a293efac0b96497f3c0ad19e5,08401dcdc7bcc78f11f41f9621df7429,delivered,2018-07-03 18:58:41,2018-07-05 16:17:18,2018-07-06 08:00:00,2018-07-11 21:37:29,2018-07-19,baadadb7d95f2d7f9b3f8dc6b57de6cc,2018-07-03
28b33b3ff1e1ef5e83ff16ade701d262,152f7f1e31c841edcb2e9d218b90e2af,delivered,2017-03-15 20:31:34,2017-03-15 20:31:34,2017-03-16 06:39:06,2017-03-23 16:52:23,2017-04-04,7e8044cc943709716d3b41bd9be977ae,2017-03-15
e8cf1ea2e67a4904539450c50755d2ef,7ec9df8ea019ba4504e5535a7c9da8c4,delivered,2018-01-26 14:26:58,2018-01-26 14:35:22,2018-02-01 01:14:53,2018-02-07 20:19:00,2018-02-20,99008ea464b988d7547af02aea5a728a,2018-01-26
7f4e9dd947b8c7493391930878e8b778,a62023c791ee30d32d8c0b87baa161b3,delivered,2017-12-05 10:08:56,2017-12-07 10:12:20,2017-12-09 02:29:02,2017-12-19 22:23:48,2018-01-08,96da911316137afcbf42f1830045dfac,2017-12-05
10d9e0700d28a9c502e7d81473bb2224,3098f766b6e8e9769533d7ffa2472423,delivered,2018-02-05 08:38:22,2018-02-05 08:50:26,2018-02-05 22:38:44,2018-02-15 21:57:21,2018-03-05,c3fe3b1fa9a3715d092d549d2cf403e5,2018-02-05
00259a44fcad3fc0474329e925d14fc3,7715f80f77f2ebf4583f97a0a6a7548b,delivered,2017-12-27 17:52:11,2017-12-27 17:59:35,2017-12-28 21:53:36,2018-01-04 13:32:46,2018-01-22,8a04e75a04c11b76156ef03b8ea45a18,2017-12-27
15040f094b4f4a45a4d885dd036842af,f84a6add7992918046f7c1fed62de3d2,delivered,2017-09-21 15:58:53,2017-09-21 16:10:23,2017-09-22 18:52:59,2017-09-29 13:52:37,2017-10-06,7c698527aa752b7a039424e9edebb84c,2017-09-21
877232104402e5403db953da2a2fc9fb,4abfd09f7c44257a2dab53f2d9fa04d1,delivered,2018-06-28 16:00:06,2018-06-28 16:15:14,2018-06-29 14:50:00,2018-07-06 22:54:50,2018-07-20,cd7849600c4bdd822575e9121d9a96c2,2018-06-28
416b0ed65ba7a348e1041689147debd1,5217eade2003b9612ac2aedf5fa1369e,delivered,2017-08-14 18:52:57,2017-08-15 03:55:23,2017-08-17 17:19:56,2017-08-22 16:14:16,2017-09-01,939282f1798e88ce7d96c7823df732e7,2017-08-14
af9c76f5f4f218b688c4e235dc38723d,943340262b059ca78bb13c4ae929c636,delivered,2018-04-16 10:44:09,2018-04-16 10:55:23,2018-04-16 19:54:32,2018-05-02 11:17:31,2018-05-17,e4f974024ecf8d260dad56ce05f2ad0a,2018-04-16
50d8dde0dc9d533132878a7a47e674f8,aa5f8aa4c21fe89a04e8d221d4cd8ac1,delivered,2018-08-20 21:10:45,2018-08-22 03:50:12,2018-08-22 09:19:00,2018-08-27 22:34:38,2018-08-30,0561b5b27b03fb4b1be79acd52b46d1a,2018-08-20
6906fe84ef6a10af6e321d71c7b46ed9,3a266077b40cc7a23f3a468602f642dd,delivered,2017-11-14 01:16:59,2017-11-14 01:30:23,2017-11-16 17:56:42,2017-12-04 22:58:36,2017-12-12,b52a45372098e69ad8bd1c1d9c4d0606,2017-11-14
5124343628b2cd43d0980ccc67353226,0e0be5d9e1789c55463f4366acde4d2e,delivered,2017-06-08 10:49:42,2017-06-10 13:05:06,2017-06-14 16:27:58,2017-06-23 10:51:23,2017-07-05,86df00dc5fd68f4dd5d5945ca19f3ed6,2017-06-08
196dbe48685e509293d3214cc1872d3e,0afbb6f8aba5a498f7798efad83ae3e8,delivered,2017-07-20 14:15:37,2017-07-21 02:45:51,2017-07-24 19:05:44,2017-08-07 23:13:40,2017-08-15,7e346fe1fbb33fd82712c846d2313d16,2017-07-20
6395c11fdc51e30e0c7e7739359d0b1f,c6a4fda370ea0fbffe2be75deb000c14,delivered,2018-01-14 13:59:58,2018-01-14 14:11:24,2018-01-17 19:53:19,2018-01-27 05:14:24,2018-02-07,dab0534f26716b89fab0a6ccdb8de10a,2018-01-14
62fd4c233bdcfa43057b8a4810a855eb,f0cb15d64322022a1942c806cf41c154,delivered,2017-07-05 23:59:10,2017-07-07 08:23:32,2017-07-07 19:27:25,2017-07-19 18:53:54,2017-07-27,8a148ac70a7208254650c24490bbd9b3,2017-07-05
c21f62eab437a5529f7dd3076e7da0e4,49de7e22a4f0bc177da828cd0866d59a,delivered,2018-01-29 16:45:03,2018-01-29 16:55:53,2018-01-30 23:17:56,2018-03-05 18:51:33,2018-03-15,50299c07e471b34cb381a537ac5dcb66,2018-01-29
08e386991831b9e99662928af783c0ed,95c0c43f95b6e11a4ffae8f6d6877f74,delivered,2018-05-15 21:50:09,2018-05-15 22:15:41,2018-05-18 14:23:00,2018-05-24 17:31:40,2018-05-29,0821fdf6e8db71ae96742f7676440779,2018-05-15
5d6f7de589fed3156a711dfd607e7f50,d8e8abfdd5595791e6839dd57db99559,delivered,2017-04-20 14:36:55,2017-04-20 14:50:16,2017-04-25 15:00:48,2017-05-16 10:45:34,2017-05-25,9a3fdd4ad28fc1dc25039dd5d4a3dbbe,2017-04-20
5a9a959af722c04f7691c01c88736170,d7a16ce504fdfcb4c96e8bd0a8ff1a98,delivered,2018-01-08 11:01:30,2018-01-09 07:24:03,2018-01-10 12:35:34,2018-01-15 19:15:09,2018-01-31,da1cb472ea818541196033d39130eeee,2018-01-08
c8c528189310eaa44a745b8d9d26908b,197a2a6a77da93f678ea0d379f21da0a,canceled,2018-08-28 20:05:14,,,,2018-09-11,6ba987d564bad1f9da8e14b9d3b71c8f,2018-08-28
d45738e3173a63ac6deeaa1b2168314f,49ecca4958a673be112cbe3549795fab,delivered,2017-09-10 15:53:24,2017-09-12 04:35:41,2017-09-13 12:57:43,2017-09-18 20:33:40,2017-09-27,76572642096d7c2968c3da0ab9ee24b4,2017-09-10
bfe45a2590b88a391d11454e70a7d984,daf9c315a3cccc94ac74f780fafcdeb7,delivered,2017-11-24 15:44:35,2017-11-24 19:18:21,2017-11-28 20:47:55,2017-12-07 15:57:49,2017-12-18,80bff05b9ce184fe66fe49a8a2b2eac6,2017-11-24
a884ca2f4a01c613d72df08dc851755a,e24a819cd44b719cbd0f3b76003425eb,delivered,2018-02-21 10:18:23,2018-02-21 12:05:57,2018-02-24 01:52:44,2018-03-01 23:48:27,2018-03-13,41f6c1e8220ce517e3e6d06b8aeb2c64,2018-02-21
9d18163cf9d35e24677b08a21030866d,b6cfe37674486d5bc4037fd4e7bb5bd8,delivered,2018-08-03 00:56:50,2018-08-03 01:05:17,2018-08-06 13:45:00,2018-08-10 17:26:33,2018-08-14,56337e3e78cb8aed2e183b78f4101a22,2018-08-03
49fd347705840c689965d81ae7f2b415,bf9d1a59dba19dec327d6bb5a2e81088,delivered,2017-04-05 21:37:12,2017-04-05 21:45:19,2017-04-10 06:27:53,2017-04-13 13:49:08,2017-05-11,54b716ecf36f372ca6a585a68025e8a1,2017-04-05
b7c31842ba974282794a900f7913fab2,f66bc8a80bca632c4321956543632964,delivered,2017-07-14 23:26:36,2017-07-14 23:43:21,2017-07-17 18:07:43,2017-07-18 18:28:56,2017-07-31,67beb1ee92a4cdb0ad7721a6ad8d5fcd,2017-07-14
ecf0550514f842e08751a017c78fc02a,0d0e3b7a26309a5bd600231c1c103d44,delivered,2017-05-28 14:39:13,2017-05-28 14:45:20,2017-05-29 09:22:54,2017-06-06 17:09:22,2017-06-23,e501f5b443ca67268a4811dbc206e06f,2017-05-28
7d04189e83c072cfdde15bcd1deaa23b,16391e75a1bbcb93785c6e816834227a,delivered,2017-07-06 09:03:56,2017-07-06 09:15:12,2017-07-07 20:48:34,2017-07-18 19:48:50,2017-07-28,78d665ab97fb0bfd754a20a48476c4e7,2017-07-06
684389abce7da40001389a81941b12e9,a47945e8f6c39f13ee94b1545ba7e54e,delivered,2017-06-04 19:54:50,2017-06-06 13:30:14,2017-06-06 14:02:07,2017-06-12 14:47:53,2017-06-26,8adc00696c1d45adc6ecbe37c1d9fe04,2017-06-04
62b1dda825baffcda80b4e8fe10a25d1,4cb9aa684a5f0988ea179e93b6c2bddb,delivered,2018-03-19 09:22:21,2018-03-19 09:35:34,2018-04-04 17:14:38,2018-04-06 17:18:40,2018-04-16,41ad974494e8e05a095a377ba22e4d1c,2018-03-19
4f591c77d914c5f445f3f1165d015080,b5147cd2703a79677adadc6d219038cd,delivered,2017-10-23 11:04:02,2017-10-23 11:35:28,2017-10-26 18:52:53,2017-11-16 10:26:55,2017-11-22,77f509d49be1483b97d55ca707075cc5,2017-10-23
00ad1a02d4d9decad15c7e8f8a9470cc,db4ce50bf63f8c1a9518462b0499aabd,delivered,2018-08-04 12:40:43,2018-08-04 12:50:17,2018-08-06 11:08:00,2018-08-17 22:21:27,2018-09-04,f513f0c6703eeca0a7c917c3fb6e407c,2018-08-04
e8bd6a70539a3b4888a2b8dd053b470d,57d7a0e97246823d94b31681180a91a1,delivered,2018-03-10 13:18:48,2018-03-10 14:20:27,2018-03-15 00:37:36,2018-03-22 17:34:39,2018-04-06,c04749871c304d2d3b2b01b43c96c8f4,2018-03-10
9a9a504bd8c303044422d2ca234992d1,55c6009c77dfd6c050dd74f5cf5e7f5b,delivered,2018-02-08 19:35:41,2018-02-08 19:50:39,2018-02-09 23:14:58,2018-03-20 18:32:15,2018-03-05,d5a427c3410ba17ea0b4b4e7e0e45390,2018-02-08
c1631d116303f21075fc2d55b4c6e7b0,7aa06e9581e2ab90cb53dc6fcb5a7bc6,delivered,2017-03-04 21:29:01,2017-03-04 21:43:09,2017-03-09 03:32:05,2017-03-16 08:43:45,2017-03-27,e319b67896e7f6324c688fd2f33a127f,2017-03-04
984c19cef3db5bdf9a997ddf67f616ce,8b5c51bdf0cbe555fa3dcfe7c54e5f60,delivered,2017-10-03 10:46:47,2017-10-03 11:20:17,2017-10-04 13:51:09,2017-10-05 23:48:54,2017-10-19,385b3c600a7644f821d6096d221fcfe4,2017-10-03
ba1415261e29b897a230549d83bde015,07ffdcec270d2300c298af875cdc9447,delivered,2017-10-05 16:57:40,2017-10-06 16:49:28,2017-10-13 18:43:45,2017-10-19 00:17:34,2017-10-30,8dc5c6a049c11402818b5485a03a6ca9,2017-10-05
4d43bfbb3343be92e8d9b221e34271b4,0af44c57d407f2f0e1d37f1489ca9463,delivered,2018-08-13 18:42:05,2018-08-13 18:55:24,2018-08-14 12:59:00,2018-08-23 16:55:06,2018-08-27,afd7112b4c782950295ef71875629dd4,2018-08-13
313856755062ec3a7b6dbad223115806,19a1a43451c0e1db44df1c8ec97c3c80,delivered,2018-03-27 12:38:33,2018-03-27 12:55:22,2018-03-27 21:56:45,2018-04-04 18:58:48,2018-04-20,7a3f78a7fcd172b68c5811a8c4d234b1,2018-03-27
b50e3b667299367d4fde7a9395627941,638de3b114af081c426f92e9c7e23c28,delivered,2018-08-14 15:03:06,2018-08-14 15:31:36,2018-08-15 12:14:00,2018-08-20 21:21:01,2018-09-04,0e778dbac6343a7e665c5904d1f5c915,2018-08-14
6ff141fe62e2b21c5ea927582cf9be61,ddc55f221691ae89eedd4bdcd17014e4,delivered,2018-02-16 14:30:41,2018-02-16 14:47:35,2018-02-26 16:28:38,2018-03-06 20:29:07,2018-03-12,c454f6ce3b51d92656f95d35abd7e5fb,2018-02-16
05ec7d4c58b47c6c3249400c512851b2,f9da299d78e82ab667e1061f2850cd29,delivered,2017-12-09 23:24:48,2017-12-09 23:32:23,2017-12-11 19:58:51,2018-01-03 19:47:02,2018-01-18,fd68d6bed980e50c61d27ed3a756bcc8,2017-12-09
028f5779c98e7df5dc803824bdaae40b,438587a96c7fdbaaa67dd07b72a170df,delivered,2017-10-30 10:44:09,2017-11-01 03:31:17,2017-11-01 19:22:15,2017-11-03 21:27:57,2017-11-14,b07770dba1794e80044414e50db25d32,2017-10-30
b6ffbe0f186440d5aadfeaff7e6ecf0f,ec641354d60bfb11b2db6e165e36b4dd,delivered,2017-06-27 23:32:49,2017-06-27 23:45:16,2017-06-28 14:27:59,2017-07-07 19:51:48,2017-07-19,e1eb483ba2db6d6845f4b546e32c646c,2017-06-27
c23e5dd6ab3f916d4f92f9890ae859eb,8694084141a646f2e8c98808cb3ef847,delivered,2018-05-15 09:21:49,2018-05-15 10:15:40,2018-05-24 13:47:00,2018-06-04 20:18:48,2018-06-21,a53e2dafed467a693ab5e75aaa38e6b3,2018-05-15
c906d290e52be53ab891c3e09074a9d9,e44c64cff0802462066ca4a376a0da59,delivered,2017-09-25 12:27:38,2017-09-25 12:44:18,2017-09-27 18:03:42,2017-10-06 18:10:06,2017-10-20,e93b87920cdfb4068778a1f4daea6672,2017-09-25
583d26399c28234b68343e4ec352842a,1a1aca3aea66ecc5fa26e1994aad30d6,delivered,2018-06-04 16:04:10,2018-06-04 16:15:25,2018-06-06 07:01:00,2018-06-11 21:21:42,2018-07-19,04baa28903e22974e6213e632b09c193,2018-06-04
767f188a65e841e610f8a69e129fbdea,32e4cf48b6e69f385da77b75acdf4c6b,delivered,2017-05-09 21:43:41,2017-05-09 21:55:21,2017-05-16 11:36:26,2017-05-25 12:13:05,2017-05-29,53b774f1b652490a6363179b5ae52ee4,2017-05-09
78ab4aa72ce2e7bb7b0ff0d2701253b3,1737ebe20c3faf8da6877df534f55e0a,delivered,2018-01-03 17:17:52,2018-01-04 19:48:25,2018-01-08 16:18:36,2018-01-10 00:54:04,2018-01-26,d557b0de499fba598492f6c77b8b56ab,2018-01-03
68e8ce771060f901302ac23924bd1400,5f2027781aea2cfdfd2fb08637d21e8f,delivered,2017-12-23 11:17:51,2017-12-23 11:28:25,2017-12-26 17:52:22,2018-01-09 17:04:53,2018-01-31,54a6a0fcd0ef391583e754902f78bd10,2017-12-23
19802314932831a78e4f0e3dead30f83,cc825baf36814fe3b4354455ef9a2335,shipped,2017-11-20 11:46:03,2017-11-20 12:10:25,2017-12-14 21:35:17,,2017-12-13,7ac3a4d4665fc0d97d3df277f503d99e,2017-11-20
b29f546b1ce275afb2a0c39f0ade6bcc,948f11301fe3a9d560599e9385a969c2,delivered,2017-11-22 02:11:35,2017-11-23 02:07:20,2017-11-23 15:16:57,2017-12-16 10:56:51,2017-12-20,4f557b1cf15825275f3498bf39d5669d,2017-11-22
0ec392fc56b5d2e7e4279c19c51b6460,79bdc6288517cb7f94c86be6c97b7ba7,delivered,2017-07-06 01:05:58,2017-07-06 01:23:33,2017-07-11 14:42:49,2017-07-20 20:39:31,2017-07-28,7d6a5546075d5e63cf9d8c2fb886bd3d,2017-07-06
5efc0b7fe9df7f0c567404abaa4d25fc,c9b6ccc9f42e3ac60bb09a0f53a09973,delivered,2018-03-25 15:56:25,2018-03-25 16:10:28,2018-03-27 11:05:57,2018-04-02 22:10:54,2018-04-18,83c6462cf9b51c26d6102ac0c48a1100,2018-03-25
da9c1fea6f01b428bb64d42d81269182,c57634d5990d5d8952865f55f994cc4d,delivered,2018-01-18 10:01:14,2018-01-18 10:17:08,2018-01-18 22:56:38,2018-01-26 13:18:56,2018-02-09,d6f3374269d40ae542e8cfbff9240009,2018-01-18
c75dfb74f7e634744d13799759233b78,2612bdea8da13840fcf41e580f3aecc5,delivered,2018-02-09 09:48:04,2018-02-10 09:47:53,2018-02-16 22:34:52,2018-03-05 20:50:52,2018-03-06,13fb439d0a2aae1e3200ccb4dc9b37e7,2018-02-09
8dff68c5f21e32956efbbabe74ab4f40,b546f0cebef70e009c2fab7ff38cacd5,delivered,2018-04-08 08:38:40,2018-04-08 08:50:39,2018-04-10 01:42:48,2018-04-11 19:19:06,2018-05-09,4d26d4396b41a6ded3ded5b42cbcf4fe,2018-04-08
cb3ca9baa4bfda81f6647237988eccd6,0e87a2a2e9346a2cf775f81c0d9ca9bb,delivered,2018-06-08 20:36:03,2018-06-08 20:59:20,2018-06-11 16:10:00,2018-06-21 00:55:24,2018-07-17,999747bba1d1f338a216d50833f23752,2018-06-08
ae3818a9067c10088e84a13bceaa9b68,e86063bc25b588c3766e511d708b2905,delivered,2018-02-21 19:46:29,2018-02-21 19:55:36,2018-02-23 01:08:34,2018-04-04 23:51:38,2018-03-22,1a1aec2c3caa966b2cee8db30d11cae3,2018-02-21
7a76691d8f0fed490e0d88bfb803b8f0,f24a0e19b97b8cb4c2bde1320f3a11e3,delivered,2017-03-23 20:25:12,2017-03-23 20:35:15,2017-03-24 09:51:07,2017-04-03 12:14:12,2017-04-13,ffafb9f09293653c2486abe52e5e05a4,2017-03-23
652ddc0265fbed072d7b31433f9842a0,c6691e1f1d4cd05a493d80e62bd15d35,delivered,2018-05-13 22:11:03,2018-05-13 22:32:35,2018-05-22 14:45:00,2018-06-08 21:52:04,2018-06-26,7a0c76478ec49e98e14e833ec4a7c11f,2018-05-13
204e562a760b68ad78d5032698bf6840,4c5f600b0af36d34eecc8e2b1bb63ff8,delivered,2017-06-12 13:50:44,2017-06-12 14:02:42,2017-06-16 20:07:46,2017-06-26 13:32:38,2017-07-05,edf6a00a60c87f3c34e79120133fe44c,2017-06-12
ba568688e2f462d7c44a3fdc62e6456f,1d961c2c710931fed10a7bb0b91e6fcf,delivered,2017-11-19 11:35:49,2017-11-19 11:46:59,2017-11-23 15:31:25,2017-11-25 15:29:50,2017-12-06,87cbc22f48d2542614a44cd025238a35,2017-11-19
6054b24d6a5bbe0e90fd7ebb14d602e8,ea3742e869d611ce91ce6cdc43bea07b,delivered,2018-08-23 09:35:05,2018-08-23 09:50:16,2018-08-24 14:24:00,2018-08-27 16:32:34,2018-08-31,063342fa545494715cc59f983598c546,2018-08-23
adf7aaadebc68680921043015e141781,2aff521038707d414de8632a6bd8ddbc,canceled,2017-05-15 09:06:16,2017-05-15 09:15:17,,,2017-06-19,ae55a9f971dc788a3285d257a2abacc5,2017-05-15
c6d3e5adeb9ccf5e0d490834e0b24271,37b0c1a6d621193be536b00fc69f4da9,delivered,2017-08-11 10:47:44,2017-08-12 10:55:18,2017-08-17 21:17:49,2017-08-24 15:18:47,2017-09-04,d088a38f5ca7104f7b9e0cd15e542566,2017-08-11
bc491210c65d22f6572a4370f8e60248,1e0f12bffae1cb0f423103ebdb329283,delivered,2017-03-12 23:59:42,2017-03-12 23:59:42,2017-03-13 10:41:13,2017-03-16 14:15:59,2017-03-30,9dad7ff946b6dbe698c097103546b07f,2017-03-12
0c2145845231f6707fedad2baf767b41,b73cbf9c01a0f36287fbffc7905dce70,delivered,2017-12-30 20:05:15,2017-12-30 20:12:21,2018-01-04 15:15:30,2018-01-09 15:30:16,2018-01-24,9a1877590573252fd939fe6011530f96,2017-12-30
4ba950df08c74788b24c665c7e40d4ae,8c90a66010b027458da5d89bfad7b24f,delivered,2017-09-12 13:15:55,2017-09-13 13:10:25,2017-09-19 16:04:32,2017-09-22 16:25:06,2017-09-29,44d88fd324784dd4aac243958e005376,2017-09-12
a5e772c346ff0efe7782947e38f59a8b,34ef2b3671d059284077635cdd76826b,delivered,2018-03-07 09:17:47,2018-03-07 09:30:47,2018-03-07 21:19:51,2018-03-29 02:40:36,2018-03-29,c1b6668af0a830d37cc5e7b319db0d5b,2018-03-07
60f57fe756bf90250589634133afea3a,7c8614fa7b6d8e01edd96e32f3454bd1,delivered,2018-02-16 17:29:09,2018-02-16 17:47:38,2018-02-22 03:28:44,2018-03-15 20:48:40,2018-03-05,d46094965b691174393c41b3e54e7257,2018-02-16
1d9938f86a540f1cc78af4ef2b21f65b,6999658d578eb62c7559abf3b88f78c0,delivered,2018-02-22 16:59:48,2018-02-22 17:15:59,2018-02-23 21:07:49,2018-03-01 19:27:04,2018-03-27,c172d44095c4219dd67fc48b54172f47,2018-02-22
791991a7db7d70d16897990d39b0a173,48d8f65327f83e2029276d477f4cfc18,delivered,2018-07-07 13:54:24,2018-07-10 04:15:12,2018-07-10 19:59:00,2018-07-11 15:47:39,2018-07-19,6f37d407a392a6e952db926108dd97e7,2018-07-07
02913330a2afb68b49bc9c5370bd5517,8ada7e4f6ce429a858423a217c7225a0,delivered,2018-01-28 15:38:58,2018-01-28 15:58:48,2018-01-30 10:22:02,2018-02-14 16:57:02,2018-02-22,31e6423a5f322dddb4e9ac4092e92066,2018-01-28
b853bced6757ac9b0b78ee624de5e45d,691a9ac19fb412b0d505002b885a664e,delivered,2018-01-15 14:41:21,2018-01-15 14:51:25,2018-01-19 19:42:35,2018-01-22 16:09:17,2018-02-01,1e52c15601d77a67ae9147cc3bf9a3c2,2018-01-15
1b3f223f58c9bc6eb519696b4ac16cd5,311172c3bca4313edf547ba9fb7864be,delivered,2018-06-05 18:17:58,2018-06-06 03:11:20,2018-06-08 15:05:00,2018-06-15 19:27:21,2018-07-12,2731c5c3dfeaab1cae70774975c1dd93,2018-06-05
7931c99744c2989d6f5218d38f439804,6ab98db5b69a208cc166997a3fa31c45,delivered,2018-08-06 19:57:44,2018-08-06 20:10:21,2018-08-07 18:35:00,2018-08-15 02:12:50,2018-09-04,83e8281db92841314f911511c67f6e20,2018-08-06
8a01d7dddba4415103899d87ef6a5ab7,94fb73174290f8ffbdba81e43e64bb7a,delivered,2018-02-18 16:25:06,2018-02-18 17:27:10,2018-02-21 20:23:32,2018-02-22 20:38:58,2018-03-06,02726fb0313c64d554b3a373c3a92f42,2018-02-18
197fdb2270597913a3ba471f251d01c5,0e2e50595cfab0a0b7c2482dba5960ff,delivered,2017-03-25 08:21:56,2017-03-25 08:30:16,2017-03-27 14:40:02,2017-03-31 11:17:52,2017-04-13,5a6cda86d79e1ed11d38881398f56c59,2017-03-25
6de7e3324f992c2563e89ca5b3ca3961,658d11bd93286addfd9aa0838df02b6b,delivered,2018-03-18 16:46:58,2018-03-18 17:09:20,2018-04-02 13:52:36,2018-04-05 18:32:13,2018-04-09,80809399ddf63e5dd4f0a7b9f488986e,2018-03-18
acd028b8d85a8ac15f7621e610da31e5,3393a81259c166a36b3b965bffbeaece,delivered,2018-02-28 19:10:33,2018-02-28 19:28:35,2018-03-06 18:46:45,2018-04-17 20:48:37,2018-03-26,adf9802dd4b7b36107cfeda94d7539de,2018-02-28
576668497bf1dc1ca572fcf231234444,5892707a70dea204bd5b404dbc02993d,delivered,2018-03-09 22:20:51,2018-03-09 23:00:35,2018-03-12 22:18:26,2018-05-14 19:52:48,2018-04-04,636f46c7cd2523248e04373aaaf15637,2018-03-09
eadbc9a7655e5554ca49399874f7e2fe,371f737623240038bee3b526b809a4c4,delivered,2017-09-24 12:05:52,2017-09-26 03:56:14,2017-09-26 18:16:41,2017-10-05 18:04:43,2017-10-24,036f8cd754a698392317e590a386cbbb,2017-09-24
5482a1c74b1b5fb1af78a425b7ceabb8,4622254cdb12f6f815e6a8461ae9ddea,delivered,2018-08-16 17:07:25,2018-08-20 14:56:20,2018-08-22 13:11:00,2018-08-30 17:58:52,2018-09-11,a230a68d10c46793875d1513faccb781,2018-08-16
81e4c4d7594a8111a17da1f1b399ba07,42690ee9d3a727a176e4ba6272ab6feb,delivered,2017-09-07 13:10:23,2017-09-07 13:25:16,2017-09-08 22:04:11,2017-09-25 18:18:58,2017-10-05,e3cf594a99e810f58af53ed4820f25e5,2017-09-07
6e3c66102a47f297ac466cf1881802a6,f9d4779ebedf06248f5a3096015dee73,delivered,2018-01-17 17:00:50,2018-01-18 02:13:07,2018-01-22 22:25:20,2018-01-30 20:42:31,2018-02-14,27402e7c61a1c2bdb96ad202f2debaac,2018-01-17
4c8ec3cddd2db163e7cf2d6b1996629e,e04d7e850a68d1bc6dd43fc04cf505bb,delivered,2018-07-26 12:19:00,2018-07-27 09:10:13,2018-07-27 11:55:00,2018-08-01 18:11:56,2018-08-15,e7f839c9b3a98cb32c50eebf9cc1daf5,2018-07-26
801ff9fd867535b5d27f82019cfef7e1,5e8bf0eda6937b9050cc77c6bfe223af,delivered,2017-07-06 10:25:10,2017-07-07 02:45:57,2017-07-11 11:16:50,2017-07-19 19:52:44,2017-07-31,02c74020c2a866ea8305ee2ac8c60a33,2017-07-06
153d12e2d5e7765786be73cb3900a442,6ab968193fb67b718afdf6bf6cee1f5e,delivered,2018-05-10 09:08:34,2018-05-10 09:35:06,2018-05-16 11:17:00,2018-05-22 23:05:08,2018-06-04,129a2123eaeed37487cf969f38fa4de2,2018-05-10
f12ef7eed107de3791b1db5b8cd4852b,a95a0af104d58114e3d3e9c52427ca7e,delivered,2017-09-26 21:12:04,2017-09-26 21:28:20,2017-09-30 15:15:56,2017-10-03 19:22:17,2017-10-13,31ae1fbde983ad554ffdc217c824033b,2017-09-26
647c2286962851bb7b82d2238a2af37e,8d26289d2fae953a89034bab3efdf657,delivered,2017-07-29 11:56:37,2017-07-29 12:10:13,2017-07-31 20:12:25,2017-08-04 20:22:32,2017-08-18,66ec3b6b238eb0c81b95ff04893518b0,2017-07-29
9b04dbbc638c90f5ef32517e299b56ee,aff7cbd6fe31a337ebb602534ab8c5d9,delivered,2017-12-06 11:04:09,2017-12-06 12:30:45,2017-12-06 20:56:52,2017-12-29 21:24:32,2018-01-03,e108ebf0ea99d6fe7fa35befa1f3f650,2017-12-06
127f6cc9849c481c4f0daf043a91a129,5a7beedd2aa09902d76977734156ad91,delivered,2018-07-19 10:21:06,2018-07-20 10:15:20,2018-07-23 15:25:00,2018-07-30 15:48:53,2018-08-09,303a86d9e8df0303b6833443a0e90746,2018-07-19
71fbb9971d84bf97accb75d2f70b04bd,a7276b8ee5943682b258aadbc2a19840,delivered,2018-05-08 23:25:12,2018-05-10 03:36:56,2018-05-10 15:18:00,2018-05-14 11:24:39,2018-06-01,1c1b513d71ea44a3bc35d9563debc860,2018-05-08
b78da14c140496aa8b460e0822009d59,e5d16033bafd87eaba2b0e2276d8ffd0,delivered,2018-02-22 10:45:52,2018-02-23 10:50:53,2018-02-27 18:08:38,2018-02-28 18:28:39,2018-03-08,75e75d50a0a9c0f0980acc0fb9364001,2018-02-22
4c6e24a5fceacbcf444cdb5141ec1688,218d425c279280a079a8d81e02b4ede0,delivered,2018-08-07 12:16:16,2018-08-09 03:44:53,2018-08-09 13:20:00,2018-08-14 12:38:37,2018-09-12,853254c35b5ee150b4da2b3698d73f9e,2018-08-07
7dc752874b41282cfc7a1d5b22a5baef,7e710d6d426e7b9d30e7f2caeeb6d7d0,delivered,2018-08-24 19:42:51,2018-08-24 19:55:21,2018-08-27 12:26:00,2018-08-30 23:15:37,2018-09-11,bb084f6b44ae5b05f05711874e1f3132,2018-08-24
4884bd0f5624b0b791920965686cf6ff,9ea3c1c432aa8be6b9c04d7fea7f66ed,delivered,2018-05-22 17:58:24,2018-05-23 12:00:07,2018-05-23 15:26:00,2018-06-07 22:48:22,2018-06-12,a66e732e52dbdd1ce3abb613a8ed1de0,2018-05-22
014ffbfe2df4c96a2b063d084583978f,ea1991a3341d703b3b5c4c97790b8b2b,delivered,2017-11-23 22:36:25,2017-11-23 22:48:38,2017-11-24 20:24:46,2017-12-07 20:38:35,2017-12-18,6c893cb84f2fdb0afd6fc87eb5c054c8,2017-11-23
9540c8c39b1ba6b1d92483e4bfc9759e,a567d00cce9a16c45c561f6c3d0d6cc8,delivered,2018-05-16 13:06:09,2018-05-16 13:33:14,2018-05-17 13:08:00,2018-05-21 22:18:36,2018-05-30,5fc346439c64a91fa47fdad0a658488e,2018-05-16
4286ab109d291573318c2485623e30e9,46be9ec2f01b56e98ddfdc285b55fe06,delivered,2018-02-27 13:00:35,2018-03-01 02:49:17,2018-03-07 00:41:34,2018-03-26 18:28:52,2018-03-27,68df5ae3292acfde45e8071437a920b9,2018-02-27
192162688f179d526243e303ed01abe6,fe8b3a40ab3d9ea1b2e38aa24a324207,delivered,2018-05-30 13:00:03,2018-05-30 13:10:17,2018-05-30 16:21:00,2018-06-08 20:48:24,2018-07-16,0341bbd5c969923a0f801b9e2d10a7b8,2018-05-30
f0935e4d348302a4140276ed7c6c1545,4713a5691cbaa68a98c8774fa9cafb6a,delivered,2018-02-19 14:12:58,2018-02-19 16:15:35,2018-02-21 20:27:11,2018-02-24 14:36:54,2018-03-13,a24915aaccbe6030ab47a23cbfd8d99e,2018-02-19
ce91d4cd4fe17530b17e1a0055a41ec8,21816317d87d15e3270354485d9eb8f1,delivered,2017-12-14 08:55:35,2017-12-15 02:17:23,2017-12-22 22:35:43,2018-01-06 11:45:12,2018-01-11,7d70da50ef0527654050e781b0a24531,2017-12-14
3ac9fd0e6797ffbc3a44bf264ef48f5d,17bf429fcda123766dc0a1b70ab0d516,delivered,2018-05-07 19:53:10,2018-05-07 20:11:17,2018-05-08 15:17:00,2018-05-09 20:18:42,2018-05-18,94d15242e08e48c58b42c618dfc8b62d,2018-05-07
746cc121ac6f89db74a5fd4561727252,042193d276acb3484499d9cf145ef90c,delivered,2018-06-24 13:25:57,2018-06-24 13:35:18,2018-06-25 13:47:00,2018-06-28 23:56:33,2018-07-16,8fc82e5b44d12735c53b107b7fabc9f0,2018-06-24
c3a3138b83444e2e6c24b0bdd327bd30,4f45d57597e28593ae50b9c4fea31173,delivered,2017-12-11 21:59:48,2017-12-12 00:14:09,2017-12-14 11:44:47,2017-12-20 03:07:19,2017-12-28,67e59a85e9ff085410ba377fb4226f52,2017-12-11
9fa477fbd91ee8d606ff71e50ac338df,b555fbd540c87c32c19f5d97cfe35822,delivered,2018-02-07 09:01:40,2018-02-07 09:10:32,2018-02-07 19:32:03,2018-02-14 16:38:49,2018-03-05,57c3ebb118e0b8a741cc435919ab7b6a,2018-02-07
f49edcfe5848443af94ac0c4abfd567f,0f23c6bff75a40bdcb20ec9086522179,delivered,2017-06-27 14:42:12,2017-06-28 02:10:26,2017-07-03 14:15:51,2017-07-18 19:32:03,2017-08-02,44892aa259e05c1471419f1affc1707c,2017-06-27
8cb7144be7be61b57614e79ece54a225,fab1c8d0492140b974bd11575b4c0e78,canceled,2017-11-14 16:47:06,2017-11-15 02:56:21,,,2017-12-06,1df8895db94ca03e3d0b66727b33b12a,2017-11-14
3bfc35d4ba7683a65787e6be78b670f4,96793de70a686acc4a18d3d3f684e4ee,delivered,2018-06-24 17:08:53,2018-06-24 17:34:10,2018-06-25 14:26:00,2018-06-26 13:54:34,2018-07-13,eaba2b933065aec09ef30e4da8163f59,2018-06-24
199af31afc78c699f0dbf71fb178d4d4,24bbf5fd2f2e1b359ee7de94defc4a15,delivered,2017-04-18 18:50:13,2017-04-19 15:50:15,2017-04-25 13:39:59,2017-05-07 10:42:39,2017-05-15,eebb5dda148d3893cdaf5b5ca3040ccb,2017-04-18
c33d265d1050e0a3ddf9796301141a81,db19751490d5753ba9cd7d538da7181b,delivered,2017-12-10 12:31:44,2017-12-12 12:32:43,2017-12-13 22:32:15,2017-12-21 23:54:08,2018-01-11,f34f3c96d473c4743137b24d15764923,2017-12-10
f4a2e4ba8b38d477a33e67c8a7840352,e4cd5156b85981c993aabe5a612b0cae,delivered,2018-08-15 22:12:23,2018-08-15 22:44:08,2018-08-16 13:53:00,2018-08-17 21:31:55,2018-08-20,5161496006176d32620f5443fd1bcf8b,2018-08-15
e0e0363b6d647a1ce534335bb1d84ebf,8605595118f211032dd982e966359be9,invoiced,2017-08-03 07:57:02,2017-08-04 02:15:17,,,2017-08-28,afc8ac975588e4d0bb6e0a7dda3f2dcb,2017-08-03
d13a4ce63c7414eb0705119412532eb3,90691f44f0b9da297fe03485feb295b6,delivered,2017-09-25 20:06:59,2017-09-25 20:24:36,2017-09-26 18:54:53,2017-10-02 21:43:45,2017-10-20,e2b99cf5b4f16e1fde40dee92c1f6d15,2017-09-25
4d41f2b0d7100876dcef7b92b955fabc,06e30ee84a0678d353928f7306faac30,delivered,2018-03-19 20:23:28,2018-03-19 20:35:35,2018-03-20 18:38:46,2018-03-21 19:41:51,2018-03-29,69fe01fbf59ff73933b1fad1838b08a5,2018-03-19
a80d06f55bd89375f2f07af38a6d5f91,3b94cbe2da4723336d56d2d2c3451b42,delivered,2018-03-31 17:40:49,2018-03-31 18:27:12,2018-04-04 01:44:43,2018-04-05 20:21:44,2018-04-18,c474b1f29cb6d38371034fbf87ea05a1,2018-03-31
5e8d4d545cb084dca5b0c71798b3a5ee,b768841e6f8f26ab8bcfe8878a648684,delivered,2018-04-08 22:50:52,2018-04-08 23:09:49,2018-04-10 20:19:12,2018-04-11 21:33:07,2018-04-23,6aa1b0c278be1b6dfb6afa6161f26852,2018-04-08
4b766e7fb74bd1b08ef8e58b0d571b71,e5282471771ac804b0556f65efa44e74,delivered,2018-01-31 10:15:32,2018-01-31 13:43:58,2018-02-01 20:12:54,2018-02-10 10:27:26,2018-03-01,51c498c80f4afd96c234f0b6795f2e9e,2018-01-31
7a55d04b91c3854b9cb2444fccc8dcdf,2e3b075b8bee34a7ac439e96b9201c3f,delivered,2018-06-01 16:15:30,2018-06-01 16:33:08,2018-06-04 13:34:00,2018-06-11 17:58:49,2018-06-26,a4030b5e97ffc14114e66d82df860f6f,2018-06-01
aed2da811d45d0cdd0566d83a44f9724,1a3677b7315ceb6f19ea02af64389b53,delivered,2018-04-04 20:21:53,2018-04-05 21:09:11,2018-04-06 20:51:16,2018-04-11 13:02:26,2018-05-02,a1bb7c7b76a140dfbb6de2b090bf1849,2018-04-04
38855925f815a5c3f4ce58f6c6f9113d,24e2f602477037622c685a7bfaad0c6a,delivered,2018-07-02 13:41:23,2018-07-02 13:50:38,2018-07-04 14:19:00,2018-07-10 18:42:33,2018-07-27,c354f08361ad9d18caf26cda53bc8e53,2018-07-02
dbe8ecd957db3aaa6a15609223afe9a6,e0a036f5b8f574ecc5744cfdafa368fb,delivered,2017-09-13 17:05:26,2017-09-14 03:06:06,2017-09-14 21:10:21,2017-09-18 19:47:51,2017-09-29,74fc4cee29c05e431338956cefa7231c,2017-09-13
b5a1d012931f59ed905df201cf2aba80,56e7899b07b9a515442d8855a6e049b3,delivered,2017-08-07 17:41:16,2017-08-07 18:20:06,2017-08-08 20:11:58,2017-08-11 15:57:44,2017-08-29,01d8df79b0fe245a03928d53fc25c223,2017-08-07
afb7c0f7929d4ac3b13a200b2137d90b,e7172bfce0d5f27fa2999884f6080f61,delivered,2018-06-26 14:21:56,2018-06-26 14:35:27,2018-06-28 12:10:00,2018-07-03 01:07:55,2018-07-31,22d33583765014745d75a54d650d158d,2018-06-26
8dbc85d1447242f3b127dda390d56e19,3d979689f636322c62418b6346b1c6d2,delivered,2018-06-22 12:23:19,2018-06-22 12:36:36,2018-06-22 13:00:00,2018-07-06 01:08:30,2018-07-17,48e1ac109decbb87765a3eade6854098,2018-06-22
d83f19fa5fce346e31c60b35257f4329,4da1bfe6e373952b0ecbeb6b54343fb4,delivered,2018-08-04 20:51:49,2018-08-07 04:24:50,2018-08-09 14:14:00,2018-08-13 19:48:30,2018-08-23,9c330533c835ab41963b6e398914d43f,2018-08-04
c235bf02873c715d34d2036031d3b9c7,2566c2f24dfb920ba9a2516228c48fd0,delivered,2018-08-10 20:08:10,2018-08-10 20:24:30,2018-08-13 14:12:00,2018-08-17 02:35:39,2018-08-31,c6cda1260ee2defc2b326e6c253406c8,2018-08-10
53ec902459673efbbcb34dec981931d3,489a3ed6905c005864a69d534cba1aca,unavailable,2017-07-23 22:47:19,2017-07-23 23:03:21,,,2017-08-15,5dded311dc99f60b9ed5361b76a7bf82,2017-07-23
3044d11f2c5790298aa2fa9959961876,90684e8e76e2b689d36e74bdaacd6ba8,delivered,2017-07-02 13:01:47,2017-07-02 13:10:13,2017-07-05 14:32:36,2017-07-14 19:03:43,2017-07-27,bce1de3f41f7e26b96f0f96a932d5799,2017-07-02
c2251dd482d3d185a7339f603c2de21b,ed4976f12ee52ce5ae8a150b4c74eb81,delivered,2017-09-13 15:04:22,2017-09-14 15:04:55,2017-09-19 18:42:33,2017-09-28 15:40:18,2017-10-11,17919b552a9af25c09433a3c2a077dc5,2017-09-13
e21329e12892d716142c2f50ff54d816,f799a8e6f3abdb5c59d0ad4a5217f032,delivered,2017-06-09 20:31:21,2017-06-09 20:42:44,2017-06-12 14:43:56,2017-06-22 16:26:38,2017-07-11,a61695ca2513767fe381ff95396d6fe5,2017-06-09
6d79dcf0dca92873e245ad1694c2b3ee,6c5314b678b08c13693fee8f90fc732a,delivered,2018-02-14 13:59:03,2018-02-16 07:50:44,2018-02-22 20:51:48,2018-03-13 18:22:50,2018-03-13,45be3a223a18d711355d2f3726cd3b2f,2018-02-14
fc662bafa52d2ef16078f6f6141009d6,f3ab9ca7b6a450eaa47bdcb67175ee74,delivered,2018-02-01 07:44:28,2018-02-02 02:54:18,2018-02-02 22:42:42,2018-02-11 16:48:51,2018-02-23,f42a3583d172ef020244c94136cac8db,2018-02-01
9287c71f6d416c275d1f98e7e945f64d,382b9743a55339461109ae51d3f3633c,delivered,2018-05-16 08:26:23,2018-05-16 08:53:20,2018-05-22 14:14:00,2018-06-04 23:16:43,2018-06-07,04e1b4465899f282fe44bc0daca32f81,2018-05-16
50d13ba81241f2be0e2561cffdd5d088,55408c56825b0611d385aa22b233e383,delivered,2018-08-21 13:57:53,2018-08-21 14:10:31,2018-08-27 12:43:00,2018-08-30 16:26:40,2018-09-21,adca77d38b941e9c8be582407f483419,2018-08-21
34af854160e7ab47a2b578f22dce8684,a26e57e9f234d61b47047662377e8772,delivered,2018-06-07 14:59:02,2018-06-07 15:19:19,2018-06-08 15:13:00,2018-06-15 16:12:32,2018-07-13,72cb8d2d4b0a5dc6ff19c4ddca2bf829,2018-06-07
535a9f00a598a142db67ed0a61a9a52b,f0254df400bc42848989555bf70a5b51,delivered,2018-01-14 19:34:06,2018-01-14 19:48:46,2018-01-16 22:28:44,2018-01-18 14:17:46,2018-01-30,d08131c06e501d17b901ba51546c46e3,2018-01-14
af6abe9c52e60044f9a708a55cb9b189,04c87355ded588f31f753951fd7e4af0,delivered,2018-02-21 22:22:48,2018-02-21 22:35:22,2018-02-23 19:08:25,2018-02-28 16:53:15,2018-03-21,c88c65274af4cadc8b55eedcbc9d9581,2018-02-21
43d8ac2e1b472f06ae2c8c4dea29fe7c,ba7849c7b26841bccc9027362df25bb8,delivered,2017-10-01 12:09:23,2017-10-01 12:24:11,2017-10-03 17:19:14,2017-10-09 21:09:52,2017-10-26,ead4bc4e6d6c494a8102598fb3c26d91,2017-10-01
aae84f9096ee934bec7b48604a47e6e1,d6a75734ce93d5310fc80deb80792687,delivered,2017-11-24 12:00:57,2017-11-25 04:18:22,2017-11-29 14:58:39,2017-11-30 19:17:40,2017-12-08,17dcb8c62667824b3e3755a5b680ebc6,2017-11-24
faef665b7a0746076cdba7746c217cb0,f1b5fefd2603e754ff40d1a48290080b,delivered,2018-04-11 11:42:25,2018-04-11 11:50:51,2018-04-11 23:52:54,2018-04-28 00:05:30,2018-05-08,00626f29f9b57d3ef7c1739ff03e944e,2018-04-11
a197b35f219e5f959cad58cc5a229678,2bdf166505bb1203f42b862151e7523c,delivered,2018-01-04 19:02:24,2018-01-05 03:32:01,2018-01-05 21:28:53,2018-01-10 23:54:09,2018-01-30,2726f9b34dd552604f0a54da34bfab03,2018-01-04
e40d0c72305e1f0be6925df1e4378221,09cb79df62a7ca61507fca903adfe410,unavailable,2017-11-03 20:21:30,2017-11-03 20:35:23,,,2017-12-01,996eb644658f838b44eae50e22a48a70,2017-11-03
2f40c8579236a29cb23f92d2533485b4,0c6d017a06cc5bc45470adeb745df3a1,delivered,2018-05-08 13:31:39,2018-05-08 13:50:26,2018-05-09 16:19:00,2018-05-24 10:06:43,2018-06-11,e675b8023b34348c55ec1ad0c6db84d8,2018-05-08
875bc8ca828e1c5856dbc0b30da8cc34,21ab582841cf9dd27cf3e43dd410a472,delivered,2018-06-26 21:55:47,2018-06-26 22:10:47,2018-06-28 12:19:00,2018-06-30 00:22:24,2018-07-11,7585f9f0cde0395dc3c840d0611420c1,2018-06-26
0b549e03c90c9817ce5280ce5c06dd75,1eb55185b50db256089627a30a7eea89,delivered,2018-04-01 23:42:50,2018-04-03 05:48:47,2018-04-04 16:26:45,2018-04-07 00:10:56,2018-04-12,ceff2faea1e1b69116ddb0ac7c222b7e,2018-04-01
c012d344cb9c8788cdbf60b4e4d1fc43,37443de33b5b20b5fa0f6409e3e40708,delivered,2018-03-20 17:08:17,2018-03-22 10:35:33,2018-03-22 22:11:53,2018-04-25 15:40:43,2018-04-17,679ee605676aad8fb86e1a30c19a9486,2018-03-20
1e0a395430b20ee676be812c714b1ba6,8c83d3f25416f79406586ed2755d7b4d,delivered,2018-08-12 17:36:30,2018-08-12 17:50:10,2018-08-13 14:55:00,2018-08-16 17:24:43,2018-08-27,dfb3d2f73f921b080b2ec0f91939c00c,2018-08-12
4ed9c32a4e9d45ab8b3b9596e69f7346,3227fb6f17d3a5f8b131c9782516ed07,delivered,2018-05-15 21:40:52,2018-05-15 21:55:25,2018-05-16 15:11:00,2018-05-21 19:08:50,2018-05-25,cad13a8b23f70b1c28436974f7007dae,2018-05-15
e773828baa347406cab28b4666ecc869,5b4c28c2c3d722ad845e1883da34e8e7,delivered,2018-08-03 14:36:41,2018-08-03 14:45:15,2018-08-06 15:01:00,2018-08-07 18:12:48,2018-08-10,2c14de942f22109496e19c01f23454e8,2018-08-03
2b2354a7ca69d0b7f006aeab04524c12,ae9126e7f4fd1d156c489b3ee26c3324,delivered,2018-07-08 09:51:11,2018-07-08 10:05:26,2018-07-10 15:10:00,2018-07-23 19:48:00,2018-08-13,243a60e496c1f5289946e9cea1b0987a,2018-07-08
fdec4779c139653010892cec5f7b35e2,390737ff44f32b4b03dc589ed323debd,delivered,2017-08-10 16:03:37,2017-08-10 16:15:12,2017-08-11 19:29:58,2017-08-21 16:11:37,2017-09-05,438bd56b0031706b1140d13bf3cea627,2017-08-10
7830b4558355121b3b0703913ad9d100,97a7421fe26352e0209f4800087ee817,delivered,2018-01-31 16:45:45,2018-02-01 16:56:57,2018-02-06 19:26:46,2018-02-07 18:23:16,2018-02-16,5408f0f078022fdd1954e4b13abd0bee,2018-01-31
0a32952933d2a181dfe8f11d41f9f9b2,60ec77f4aec77bd0fc41ddd733af687b,delivered,2017-06-19 08:37:15,2017-06-20 08:43:07,2017-06-27 16:38:00,2017-07-13 19:06:44,2017-07-13,009e70fcdd4ea3769c73210414e73c64,2017-06-19
8171523911786efd1d91c66d69051fcd,6152fbfc8a92ee25fd821740bd33b089,delivered,2018-06-11 21:17:41,2018-06-12 09:00:57,2018-06-14 13:27:00,2018-06-21 18:54:50,2018-07-04,be825ddd3b40db3f91bf05b4e9435d56,2018-06-11
739d6562c43ddba4b4c1036113206abd,0f1c14d9a7aefb667c13c461122de629,delivered,2017-09-26 22:56:51,2017-09-26 23:07:25,2017-09-28 18:28:56,2017-10-05 19:02:27,2017-10-25,88c2b1254c3371e349240fb82cae6882,2017-09-26
e3d651007ef1548b71b4285ca0f484e4,002ebb669a34b9e79c88efc755e95322,delivered,2018-08-11 12:41:01,2018-08-11 12:55:26,2018-08-13 13:07:00,2018-08-18 00:08:51,2018-09-12,97258e1c1f77f32358eccd1c9ee5954d,2018-08-11
00ceda91cb2ded8570ca73e70571740a,26c6e0c2d9f2ea36acb63a8af98f7a9a,delivered,2018-02-06 10:46:53,2018-02-06 11:50:49,2018-02-06 21:28:29,2018-02-16 14:34:27,2018-03-06,02f3cc68f02f665daf830cbde5fbe0f8,2018-02-06
2c3f9230b4b5e62b5b75e294ecbb81b1,676b89eb40103ec0c9860a7c4cbb7bb5,delivered,2018-03-04 21:13:20,2018-03-04 21:30:31,2018-03-05 23:45:55,2018-04-03 19:21:15,2018-04-06,e4698e8b4fc6cc1c0d8afd9b14f07f41,2018-03-04
c68e47bd3dab5dd575a6c65848663923,104116a0f3d6a9f2716652c0e051469f,delivered,2017-05-11 16:36:32,2017-05-11 16:45:25,2017-05-12 12:05:57,2017-05-23 11:33:00,2017-05-31,95ec7fc6a1605502060075958c3f9852,2017-05-11
bbd5315a7667b9537e1cf428fddf09b6,0c4d8a4392b18fe20a9a5f0a9189e0e7,delivered,2018-06-12 08:34:22,2018-06-12 09:02:28,2018-06-13 09:29:00,2018-06-19 17:09:51,2018-07-13,428b1908d7e8c637019379bf44dfec4e,2018-06-12
49645a8902c1ba980836b7bff991d69f,821a7275a08f32975caceff2e08ea262,delivered,2018-04-04 17:50:52,2018-04-04 18:08:41,2018-04-05 16:36:49,2018-04-06 23:32:21,2018-04-18,046470763123d3d6364f89095b4e47ab,2018-04-04
7de7616c54157429d4da1735349c345b,9b6c9edf7a25fc3db18ae72023576d3e,delivered,2018-02-26 15:56:05,2018-02-26 16:15:38,2018-03-08 21:04:33,2018-03-15 22:14:28,2018-03-23,f3e620ac4a211c695ff4a03febd1cee2,2018-02-26
657d6c967a9b233cc5213fdc0434d8b2,21158ecbcab099b4dfa5f3d5a1940e37,delivered,2018-01-16 13:35:26,2018-01-16 13:50:56,2018-01-18 01:33:59,2018-02-07 19:58:43,2018-02-07,2493e9c5704488199ece804dc7773312,2018-01-16
a09e2bca86a90e8ab0bd8e504426e2e1,467bbea286a1ef54838a9092ada16493,delivered,2018-01-17 15:02:26,2018-01-17 15:11:26,2018-01-18 23:04:41,2018-01-29 15:35:28,2018-02-07,80042d5c5e74c4cd745d8c8832f1b506,2018-01-17
333f77d5d24ed206a3033fba85096b75,93ec5b85dd3dd10e050ec11d210e9eb9,delivered,2018-02-17 10:10:14,2018-02-17 10:32:56,2018-02-20 19:39:11,2018-02-26 21:52:06,2018-03-14,1513c0da17279442db289c0d85701e4f,2018-02-17
d183fc49f91a7ab7a5450ffc7057a6ff,0a9ac0c78e9dece6fa0e9ea38c17eeb8,delivered,2017-11-27 19:30:58,2017-11-27 19:56:59,2017-12-07 17:42:12,2017-12-12 21:13:00,2018-01-03,1aeb8d7b539083ab2ca1f73a316616ea,2017-11-27
8a815ef04af4a8e91fd908912074ac5c,9e71c63be92d1d3fcdcc7b601f5a8c25,delivered,2018-08-09 11:02:23,2018-08-09 15:25:16,2018-08-10 14:49:00,2018-08-11 20:08:52,2018-08-17,2347396f327733dde34b1f0ba356c3fa,2018-08-09
82b6dbd2e82b747fa17ab0d7c715fe73,196e42d45e6dd85d732b8f3da3aa4a9c,delivered,2018-07-12 20:59:40,2018-07-13 19:55:17,2018-07-19 19:25:00,2018-07-20 22:36:44,2018-07-26,154f616898fcc7490d5fa0955e23ccfd,2018-07-12
eca71337cf21604694b68488edfa6d86,1e990616c033501f830e457435085ece,delivered,2018-05-11 20:23:30,2018-05-11 20:35:18,2018-05-14 13:03:00,2018-05-15 17:16:13,2018-05-24,afd8bf88903a3f20234bae577453ab85,2018-05-11
0385c406dcd7068b21e209740a4ef876,2deb180df56cd700c4c92628718d3d8a,delivered,2017-04-11 16:38:42,2017-04-11 16:50:23,2017-04-17 11:18:24,2017-04-20 18:34:56,2017-05-17,cf4e26095eea9699bdad6b03aba5d64a,2017-04-11
32205d676b64acc1c69f404bf0537166,6d3152ce8eb81f4837c6534a9a827683,delivered,2017-08-13 19:57:41,2017-08-13 20:15:11,2017-08-16 18:52:54,2017-08-21 18:02:43,2017-09-05,809adb502519214e947262caf27dc973,2017-08-13
85f64d0cfe65f28d287067a0032a3b4c,36bafbf5ea6442ced7966411c8b9584f,delivered,2017-10-18 17:01:49,2017-10-19 10:46:06,2017-10-20 11:24:06,2017-11-15 15:38:50,2017-11-22,c859278ef3adb8e99be0e08765140f69,2017-10-18
11d8e2bcf6e6cc183404890465b2f402,05cd6a810380d37113c7030f6951b2b8,delivered,2017-11-26 12:04:00,2017-11-26 12:12:25,2017-11-28 19:11:30,2017-12-05 16:19:01,2017-12-18,791668b6da37578a5a74b7f60d906526,2017-11-26
5ba96da244b3eb9310e1f91bc3c6acff,c8565a39b16d5f0f35895dc6dba5f72f,delivered,2017-07-13 13:39:11,2017-07-13 13:50:17,2017-07-13 19:58:39,2017-08-04 16:59:05,2017-08-23,1dc1c711daca09d24b0f88547d256a46,2017-07-13
d8aa886bfa7d140c2ec1c7f9a310e007,ad30e92f85cdcc70fe82d0b048915ead,delivered,2018-06-03 19:41:06,2018-06-03 19:55:18,2018-06-21 14:04:00,2018-07-11 17:08:32,2018-07-16,b2ccf88b60413e6fb2b27e997216c0f7,2018-06-03
58cc4646b6b5a706c9314c302ae00714,2e4087986fa221f5263e10e27c8e9709,delivered,2018-04-25 12:27:57,2018-04-27 03:50:49,2018-04-30 13:30:00,2018-05-07 23:36:49,2018-05-17,ec1a0d4260a3e573def909c95c1dc0c5,2018-04-25
7eea0c44a7714ed7527a66cde637298c,5cd8eeeb16e8db00d36b21d29b616276,delivered,2018-02-28 10:28:50,2018-02-28 10:50:13,2018-03-01 17:39:28,2018-03-05 17:48:40,2018-03-13,112fe1722ea4543bebe60b77552b9dd4,2018-02-28
61dd0efaf7b949ec0c1d45cd9bc731a9,084614c058967703e18d2e86ebf84be2,delivered,2017-10-14 23:08:28,2017-10-14 23:25:37,2017-10-17 17:07:05,2017-10-18 17:56:36,2017-10-26,f3951510dce22aa1fb81812a24602740,2017-10-14
10a3f7e9bf88b7dc86a767fd278e5bd2,2eb12f077aa1c925a071a2054af81951,delivered,2017-11-08 01:29:00,2017-11-08 01:46:19,2017-11-13 15:04:46,2017-11-20 20:12:13,2017-11-30,3774dcd9e065eca1bcade398633938f6,2017-11-08
e7cc5ff6366f7cc76c9285821a91b5c2,e558a99543d50f390898597de98fd6a9,delivered,2017-08-10 13:17:10,2017-08-10 13:30:23,2017-08-10 19:38:04,2017-08-15 17:39:59,2017-08-30,4d9ae06c9cc798078c91f16e1842f7ca,2017-08-10
64439b9234594e291aa9a30c226f257e,5589f11e2d235ab3e5c279d8fdfe63ba,delivered,2018-07-09 00:04:47,2018-07-09 00:25:18,2018-07-24 16:24:00,2018-07-30 15:38:46,2018-07-25,c350a1f3b7f5017af760960b265c525a,2018-07-09
c1fea3ac1f26d7e51e4a78e564291a6a,e57058a605651b7ac2852fe3e5a06313,delivered,2017-05-18 16:00:11,2017-05-18 16:15:21,2017-05-19 16:10:14,2017-05-23 13:58:51,2017-06-07,a6551ebec32e3d2d89f0f067734dd857,2017-05-18
1e7047105c023a4482c75d1a99880426,2ded964aec3168c8f62dea30b72f447d,delivered,2018-03-02 20:58:58,2018-03-06 03:49:29,2018-03-08 15:03:39,2018-04-03 22:16:49,2018-04-04,ba05629fb1530b3422055a4f479b8882,2018-03-02
28ce9f21d700f4d00c2d53fe829911f3,334ebcfc6dd06afe410b13fef79a87c1,delivered,2017-08-30 18:00:36,2017-08-30 18:10:58,2017-09-01 17:33:04,2017-09-19 19:32:15,2017-10-05,e097aa2a5a2760080c3abf6386002c49,2017-08-30
e128f9ebc461c55ac1340e0613de3c94,17a9279dced128e0aa1ff1642d7fc7ff,delivered,2018-01-13 15:38:16,2018-01-13 15:49:26,2018-01-19 02:42:29,2018-01-23 10:06:34,2018-02-05,3e7b833167e5704b4fe38908aa52d6a2,2018-01-13
3ca18df2135c0a2602ea7d0e9bf8cb03,6b414ea1698537945c2070bb0869405f,delivered,2018-05-01 16:53:21,2018-05-01 17:12:54,2018-05-02 19:34:00,2018-05-03 19:26:49,2018-05-17,c73b0203a120cb84150c050d60ecf52f,2018-05-01
7de211c02c76ed58f71729046caa8dc0,3cd05ec631626867f4b37080dc98ff18,delivered,2018-02-21 17:31:24,2018-02-23 02:10:40,2018-02-26 11:19:00,2018-03-13 17:23:43,2018-03-16,24540da2736e7538b4b06d68b7a62bcf,2018-02-21
f42bd83a4ab3d73b94ee8df42a589742,93ccd2fb7dc21d565fea8877be15ee23,delivered,2018-02-05 14:08:02,2018-02-05 14:35:33,2018-02-09 15:37:50,2018-02-28 18:53:39,2018-03-15,0c99f3d0a4586f3cae50552ab2251b80,2018-02-05
cf3be801bb6918904774e23f8f5db5e1,ee90cd30c6a414d5a004be114f02aa67,delivered,2018-05-09 22:28:03,2018-05-09 22:53:43,2018-05-11 15:13:00,2018-05-16 23:14:31,2018-06-04,7b0f0cb7663246f205267af21dede3b9,2018-05-09
b7dbad6a19140585d000bbc6e1e11168,389533a6b82f26804955dab1aca4a379,delivered,2018-05-29 14:29:23,2018-05-29 14:52:16,2018-05-30 13:10:00,2018-06-26 12:03:21,2018-07-13,3daa2d65a4f01c233f5da9f4381025c6,2018-05-29
f5505d7f1cc35295b499bba485a876f3,c035da5d1169d55bb2fe42597da25385,delivered,2018-06-19 16:51:49,2018-06-19 17:26:35,2018-06-22 16:22:00,2018-06-28 18:06:33,2018-07-16,b720d9acd2342fae4d658ae171f02d9c,2018-06-19
e6d47ca86bcbef462feb6a77ce1d21ce,5d98089e5b495cf96ac62909325ecbf8,delivered,2018-02-10 09:42:27,2018-02-10 09:55:34,2018-02-21 22:27:01,2018-03-21 22:46:54,2018-03-08,c0a71ee082bcc56696ca79b03a50fa7c,2018-02-10
9bcddf79e9ba13cbf6c32e0916bd42d7,22bc8c03ed4c0ed9269d8afd5c33733f,canceled,2018-02-19 15:44:34,2018-02-19 16:50:39,,,2018-03-09,bd2c23121fe6f1c285418e8755cb0296,2018-02-19
f34c3736b33b7d0c9eaaac33ac7b1ba5,1c3d7a65ccd05610b467567d6879a2f2,delivered,2018-05-23 13:19:46,2018-05-23 14:14:23,2018-05-25 07:29:00,2018-06-06 15:06:57,2018-06-22,4b599442ff4a54a2bd46ec60a441afd5,2018-05-23
0a2fff457eab3cadff378f87851dac15,3ff9a0ff4d3f31c042b67356615d82f9,delivered,2017-02-10 19:44:25,2017-02-10 19:55:08,2017-02-20 03:24:03,2017-03-03 12:22:15,2017-03-20,e70860197c087e03faa63e22638b5bac,2017-02-10
d003f1dd8a01261b3625598a4554f4a5,aa4178995eb97c7a31f3133c5b244651,delivered,2017-09-27 17:59:26,2017-09-29 02:58:33,2017-10-02 15:34:01,2017-10-04 00:53:33,2017-10-18,47c1a3033b8b77b3ab6e109eb4d5fdf3,2017-09-27
bca6e11cbc47e5f4b3f8bd46a39dce3c,41eba2b39838d1bed51a807736f46820,delivered,2018-02-13 20:27:18,2018-02-15 04:07:25,2018-02-26 17:14:15,2018-03-12 13:15:51,2018-03-19,abf273536b93c0f425602dc5fa7357c5,2018-02-13
9ab97695ca406864cd1540e5b4b5d144,f2b66497b26267ba64ea9d83caee8072,delivered,2018-04-06 21:15:53,2018-04-07 21:15:09,2018-04-11 00:43:28,2018-04-11 17:17:43,2018-04-20,1703e19896eccd492b31cd1d49e3b855,2018-04-06
b14a1c7ea024e1b7299a4904ef1eeb4a,0c1afa15fb6abdf5203bfdc005ececed,delivered,2018-03-01 14:52:12,2018-03-01 15:15:30,2018-03-07 15:58:51,2018-03-16 18:53:27,2018-03-28,d1495d03600fe3a8aa6591f6f804bb62,2018-03-01
b81cc4c93b45374aaf37b68eddcd9702,5d629e649127baf86e87b4860d8864ba,delivered,2017-10-08 23:18:53,2017-10-08 23:35:15,2017-10-09 18:28:17,2017-10-13 10:27:46,2017-11-01,58c1f9fd78546b60063e1fa52e3634e9,2017-10-08
13a60be94bc36bf7c5f1e0a849cdd6e4,fcd909bbcc659f6100bf2a987d65aca5,canceled,2018-02-19 10:56:33,2018-02-19 11:07:50,2018-02-20 19:19:17,,2018-03-15,3c194b4ca2219ebcfa234ba116d87954,2018-02-19
a4d63c74eb133a700461000c2e8df158,01541240e24ed7cc26a5e0dd60c57c30,delivered,2017-04-24 19:01:47,2017-04-24 19:15:12,2017-04-25 12:00:29,2017-05-12 18:27:05,2017-05-15,0488f8e76b2ddeff4d52caa56df477ff,2017-04-24
66e1b657a71397245290f39ffe24031e,be274b149cc9bb8af13628e268867c10,delivered,2018-07-22 15:09:37,2018-07-27 23:31:10,2018-07-24 19:07:00,2018-07-25 14:58:47,2018-08-01,3e3d56f9737c010ccb5b67c601a18b53,2018-07-22
cd746ffbf9ea117c1706f37c61f73621,a6e47b0794b9bda3bbd7a62d975932a8,delivered,2018-04-06 12:44:50,2018-04-07 02:50:27,2018-04-09 19:38:34,2018-04-18 20:22:25,2018-05-08,518ba2b79dbb0b9d77858fd1233c0687,2018-04-06
a1748813f3db25c07ecae1736c744da9,e1cc0c87edae7622f8c073c5629afbb4,delivered,2018-01-12 08:04:44,2018-01-12 08:12:27,2018-01-15 13:48:37,2018-01-22 17:52:21,2018-02-15,6112542268909376036b4150b9a99489,2018-01-12
8976e414a71ffb7657a71e5180e47b02,fd25bc76f44942a6262e0faa6bc1bb8a,delivered,2017-06-15 19:23:37,2017-06-15 19:35:28,2017-06-16 15:37:45,2017-06-19 18:07:36,2017-07-26,5d630473a31031e2a445574616171841,2017-06-15
3b64e6eded3526b535d464a9e8b1f042,8d06dd8f9117ba262ab97e50812b42fd,delivered,2017-12-28 13:00:24,2017-12-28 13:08:24,2017-12-28 20:47:08,2018-01-03 19:04:07,2018-01-29,729f6ebb46f7fac379c69fd1564868ca,2017-12-28
dbd49fd0ab245be1d63d2e47ac959016,678cebee4bae7ceb9b835645caf0fa06,delivered,2018-04-22 19:55:11,2018-04-24 19:21:42,2018-04-24 16:06:52,2018-05-02 17:41:36,2018-05-18,acaba7943cc177762d71ebb618c2dd2c,2018-04-22
ebcbb18b74dceba21fd6740890cdfb5c,797a78effd6dcbd0dd53cd0f88602f45,delivered,2017-10-17 23:36:17,2017-10-18 17:38:03,2017-10-23 22:42:22,2017-10-26 18:52:50,2017-11-10,13c28e7493639766f8213d35fbae0dd6,2017-10-17
9fff1416ded23882304f5dc47552e000,e4db39923459dcae0bb7ae891644f656,delivered,2018-01-21 21:54:36,2018-01-22 14:01:32,2018-01-23 21:06:34,2018-01-30 00:32:50,2018-02-14,651cdbdba118c3e569357142e032f502,2018-01-21
cccd803c5e04b33ad226cf7beae0f127,940d5acb47467a9a136576b8ec497c29,delivered,2017-06-02 15:35:29,2017-06-03 02:15:11,2017-06-05 13:00:42,2017-06-06 13:50:45,2017-06-19,26147a1b71a58f6158fcbd50eb648605,2017-06-02
f8fe8d24cb8a4064a82cd795715643a4,9d2f95cf28f64788972d2cc5c5a15272,delivered,2018-08-17 01:06:00,2018-08-17 01:15:12,2018-08-17 14:47:00,2018-08-18 20:02:57,2018-08-31,99b919a466001110a220392ef603ceac,2018-08-17
cf929d9ea864fa89b752c5cf0b98cd25,9cc241dd34d97a4c8a2d0b63b3ec8105,delivered,2017-06-29 13:01:41,2017-06-29 13:10:19,2017-06-30 15:46:49,2017-07-08 12:47:41,2017-07-19,c9dccb3d7d5cc1f0452ad76e15533554,2017-06-29
4b30471e79d2d257fa289b154967b203,fecd194256ab742769c2e9ab4cf961e7,delivered,2017-08-11 16:31:00,2017-08-11 16:45:15,2017-08-14 19:22:35,2017-08-21 20:07:34,2017-09-13,2badc43a861428329c81d7db98fbd23f,2017-08-11
80a0f4a6ed94bfc597b4997d2afcd70e,d45c313d8631b8d25a312e886e6bdc5d,delivered,2018-01-18 18:21:21,2018-01-20 09:07:55,2018-01-24 23:35:09,2018-02-01 18:14:47,2018-02-15,89e528cc5780cdf40e4b5beebbb0220c,2018-01-18
df982d6b3644712f7d5070f053c8009a,1d8a4affc06abc7f45a7bc907d06821f,delivered,2018-05-04 23:45:36,2018-05-05 00:13:32,2018-05-07 13:30:00,2018-05-09 19:13:39,2018-05-22,7d07c0c8abc0d4f091a07e7821603176,2018-05-04
7b43a2ef9231cfd5d2ed762899da24bd,95124b5aa0b79dfde42a211856ed1cd4,delivered,2018-01-25 17:42:57,2018-01-25 18:20:04,2018-01-29 18:46:36,2018-01-30 23:58:56,2018-02-09,8f3ba3556d6b36cd4a4287fe16178bc3,2018-01-25
db7db7cb0958ac50a74b93178394e6a3,fab37fa4a0d46b371b157c6ba187b76f,delivered,2017-10-15 02:37:02,2017-10-15 03:05:44,2017-10-16 20:47:42,2017-10-17 21:04:01,2017-10-26,8075ac5dac32f3ca8ee418af1ad45c0d,2017-10-15
bf669cf99f5b8f537e2d2b89d716ce0f,8e5c20798dbda6c0cd00b5c732f7ec88,delivered,2017-08-15 16:24:56,2017-08-17 02:55:20,2017-08-19 13:03:07,2017-08-31 20:37:36,2017-09-06,31bebad27802e147dc29f62932d6b3f1,2017-08-15
78a1892a741bea2ea3695fe515c811f7,5af51f2f49905fad16098552c2e9ad33,delivered,2018-02-02 13:44:40,2018-02-02 14:51:44,2018-02-05 20:45:24,2018-02-06 18:09:06,2018-02-20,f0162a1708faaa731771f1255b338a1d,2018-02-02
58d8cce5e8dbcfae4e98fa5401feb74d,e9bbf60574bee15453abd038f051fd87,delivered,2018-02-07 00:01:37,2018-02-08 07:10:10,2018-02-08 23:47:11,2018-02-27 19:49:14,2018-03-05,468ab02aaf30e643565ff4c2de7334fb,2018-02-07
d2af9f29f103214f951dfb33055b8bd6,fb0edfd91a3428e0a85309d90a59f2d7,delivered,2018-05-21 22:48:51,2018-05-22 02:15:42,2018-05-22 13:22:00,2018-06-05 19:42:39,2018-06-11,9698810ff9061de79af0b296609b5fcc,2018-05-21
6cff0c3dacf64bb7cb2ad584b81b7d0d,b50a511097ebc1d6b90d075516f93978,delivered,2018-08-26 11:01:05,2018-08-26 11:15:22,2018-08-27 14:13:00,2018-08-28 20:38:27,2018-09-14,95f35e8d2e1ef9739f8e1aac0f0b74ca,2018-08-26
1c6455382944f30b6a7128f9747cef97,c9e0fd4d2fb25183668c8a8d86d04340,delivered,2017-03-08 00:44:02,2017-03-08 01:30:35,2017-03-08 09:48:33,2017-03-14 08:24:07,2017-04-05,0b8751ce40001ab30575c73018b81f39,2017-03-08
d5068130956ac251d7995450e9627aef,7d4b34a3bad8615a6a8c7dbb11753f6c,delivered,2018-07-25 08:00:03,2018-07-25 08:15:20,2018-07-30 12:49:00,2018-08-04 09:11:03,2018-08-13,e695f9738e2db2efdb1143e722c2ec63,2018-07-25
2f88d9783a99fde6b8a2d5d325549fc5,38ba347fcc4bf43314af06e59f564d8b,delivered,2018-08-08 16:45:39,2018-08-08 17:05:06,2018-08-09 16:11:00,2018-08-14 01:12:30,2018-08-23,f75f608835cc424b684d6419e1a48a63,2018-08-08
6dbf90ca92c05262ffcf5a7988ec31b6,3c5d9be5e99aa56b2b5b0c9d4a2072ef,delivered,2017-11-26 22:37:24,2017-11-26 22:53:14,2017-12-06 23:32:39,2018-01-06 12:36:39,2017-12-27,0a49071dae14394fdacf99fdda9dedb4,2017-11-26
e6b1fa22555c3064f984ebeb8a88de77,02d6ca625564571402a933db8fe814f0,delivered,2017-04-21 00:22:23,2017-04-21 01:05:41,2017-04-24 12:34:58,2017-05-04 16:23:54,2017-05-17,b4e9081fbe80a81ef8477723a6533591,2017-04-21
c83f1117bc97d473fec6e5d6ff5dce92,a264ac5f06534a0068374ff8194214bb,delivered,2018-08-06 22:14:59,2018-08-06 22:25:14,2018-08-08 14:19:00,2018-08-17 15:50:54,2018-08-14,293a0d1d0df31bbc3caaa535cf74486c,2018-08-06
f014dfdae1ca2bda29bd1c98870ccd49,68256f31fadd4aad4a03b0ac128f9012,delivered,2017-05-03 14:20:37,2017-05-03 14:35:26,2017-05-04 16:07:37,2017-05-15 09:06:39,2017-05-29,8430dde1b71b7ed69c6fb3936e77157b,2017-05-03
e2f49525c9c3c8cd854d01239a6726d7,8d0bbe35e14a529f293e0c550c4f6374,delivered,2018-05-02 09:35:22,2018-05-02 09:57:25,2018-05-04 13:17:00,2018-05-10 21:38:47,2018-06-08,c2b67a0c02ae8f9a02f3fbbd6e478dc1,2018-05-02
e81a8cb665767198e8d2e17dcd39af87,5f0099134079adfe14d1df3d8ecc57ae,delivered,2017-11-10 15:24:09,2017-11-14 03:47:39,2017-11-16 21:18:47,2017-11-28 19:43:09,2017-12-06,25aaba9edaf948bb0b0af688266934e8,2017-11-10
838134390df33aab81a8bfaf7260b61b,fdf3a5bebc490cbd7a8512395e6cb12e,delivered,2018-07-30 11:29:59,2018-07-30 12:04:44,2018-07-31 12:31:00,2018-08-03 19:18:53,2018-08-09,e8b52d1cd5a4a7ac4aaf3e4a73405534,2018-07-30
f6c08fc8e2fae4534791140858e82621,9a2e6e4343dba3bfaa907007cc0fd15e,delivered,2017-07-17 22:20:27,2017-07-18 22:15:16,2017-07-20 16:27:41,2017-07-28 20:17:53,2017-08-04,9e6ed085b5620cd9fffaa11db213de27,2017-07-17
568f58b0889ba49158a99fb0e26dd95e,08efe453abf9faae610fb606c1d7bbdc,delivered,2018-03-07 18:11:54,2018-03-07 18:48:51,2018-03-09 23:40:54,2018-03-10 14:50:49,2018-03-20,b35e7c1ee8ccbce232fad3bc996e6298,2018-03-07
f8edef1bb71dfdec2bc42a061eea6275,64cbaee24bb0f4adad82390b520efc72,delivered,2018-07-19 12:28:15,2018-07-19 12:42:55,2018-07-20 10:26:00,2018-07-23 18:18:49,2018-07-31,f47271b97e3c762367285b497686a3b8,2018-07-19
434e8530a696521ae619af1a0072bf40,5ef0a2ed80e4536888c1339032ed3965,delivered,2018-06-18 12:12:01,2018-06-18 12:37:23,2018-06-18 14:16:00,2018-06-26 20:56:42,2018-07-19,9fc414650d4d7c80085dee2d70be3dfd,2018-06-18
05fd18ef3ce628a45cd42bb394ff081b,64549f169466936ef8e0edde57ae994d,delivered,2018-05-09 21:07:05,2018-05-09 21:33:58,2018-05-11 05:30:00,2018-05-14 14:40:27,2018-05-17,211aaecea827d378c879c2b2f667c89d,2018-05-09
5e4c2650ce74cf8e53093dbc89e6d2ae,e27db3ee3d1ff00e1e944f1c327f20f0,delivered,2017-11-18 23:42:51,2017-11-18 23:55:27,2017-11-21 19:04:53,2017-12-01 17:42:52,2017-12-18,fee61e0580d8e989c9e0dbf0f7ffca23,2017-11-18
3f64a17e87d0fed4d084e352409882ba,544718803ece964e5c1d0b3b3cd751fc,delivered,2018-08-26 07:38:38,2018-08-26 07:50:10,2018-08-27 15:08:00,2018-08-30 17:38:05,2018-09-10,dee18b46b57c871840488ddcc81f1ce4,2018-08-26
9baa5b4e68d86c9f1694e1598b543a93,0332d8ec6d259a1caeda045188ffe70f,delivered,2018-07-02 23:13:07,2018-07-05 16:20:18,2018-07-05 11:55:00,2018-07-10 19:05:23,2018-07-25,dfa6661f120b6fbf018d3f053bb26756,2018-07-02
b0934c7d9368624b044fc218c11776e9,74fcd0121e18e8b3f88a689ed4c6fb84,delivered,2017-05-10 22:45:50,2017-05-10 22:55:16,2017-05-12 16:49:32,2017-05-28 08:06:54,2017-06-14,c5a65d154638d2699e01bb8dce88e917,2017-05-10
a5699e91157fd53a3c93f645452e88bd,a87adc695f5034edd84b4e60f8188d44,delivered,2017-09-16 23:27:24,2017-09-19 03:30:28,2017-09-19 19:51:10,2017-10-18 21:38:52,2017-10-09,6452168ad6a6cddd2fe5a2b1624f2d47,2017-09-16
a9424f275ec54b45085e8b3fdf21361d,0108bac6b3f1f9f0fb88a1f0c0763919,delivered,2018-08-08 16:44:48,2018-08-08 17:05:18,2018-08-15 14:58:00,2018-08-21 19:48:37,2018-08-16,ef186057977211d72b3d6b2e35096d48,2018-08-08
b29e21660ec21d241b0b2fdb161bf7d8,2a806705fbb5cf16d598382f3506a1d3,delivered,2017-07-11 17:29:11,2017-07-13 03:05:52,2017-07-14 16:10:15,2017-07-20 17:00:06,2017-08-04,2a6f38bca16d9f47a48db8c6336a965e,2017-07-11
c05cb9c2c6907494337ded1d059cbc7d,15e4fb3182251c06c80f9cdc5014df1e,delivered,2017-11-26 12:29:17,2017-11-28 12:37:13,2017-11-28 20:11:07,2017-12-07 20:21:35,2017-12-22,329f6934cef4a1578be2244e9e7a32f8,2017-11-26
29013d072b3d67be91de464005587c4f,a3d80241f52e562a8b409c773122717e,delivered,2017-04-04 17:31:12,2017-04-04 18:35:19,2017-04-10 15:57:50,2017-04-13 13:05:04,2017-04-25,11a87ba9e2accdff4efdca9cf3e839e0,2017-04-04
7204d5345f7a3370e7db75d7226d53f3,b673b484323799ff5180c63588f44eba,delivered,2017-06-23 20:00:20,2017-06-27 04:05:41,2017-06-28 11:28:02,2017-07-12 19:15:33,2017-07-27,868c964d8398c4dc109d6593641cf23a,2017-06-23
3303092810c37e9ab22a711ae3afb197,5db727761e58376d96e73fe4f9d03cb6,delivered,2017-07-28 10:36:12,2017-07-28 10:50:12,2017-08-03 17:25:30,2017-08-15 19:05:13,2017-08-21,d7423349ca64905421b28c4659def477,2017-07-28
6646c2a367068f9fc14a1346daec5db5,b24581c2613d18d6cbcf6cce42aa6555,delivered,2017-08-11 14:05:17,2017-08-12 06:43:49,2017-08-17 20:48:51,2017-08-25 19:09:16,2017-09-04,5e808359e1225405290a48a19eacd30a,2017-08-11
541e5ce0b4a07554b374cbbe076259b9,39c78b59a22ac0b7f549a510f6df72fa,delivered,2018-05-02 21:20:07,2018-05-02 22:34:48,2018-05-04 14:09:00,2018-05-18 16:32:42,2018-05-21,8cbad21f7abeb6bf2493ce56d36381a3,2018-05-02
72f27ffd65f4fba572c0fb647e850238,f155d0a1b13c95200305066663fd7cad,delivered,2017-12-11 09:46:54,2017-12-11 09:54:23,2017-12-12 20:59:07,2018-01-05 20:49:30,2018-01-09,6f64406ed5cfa4a2d9bd35e91bfd6587,2017-12-11
f7ba0ab952e0165fed5ffae1ffff6627,ae1a0576d2d6b806f8ac488e766b7b4a,delivered,2018-04-30 11:39:31,2018-04-30 11:55:08,2018-04-30 14:12:00,2018-05-03 17:06:51,2018-05-18,d35add94591c282fe5555e6d24be10a1,2018-04-30
c8cc1b9b063cd184da9dd5293346a11a,cc86450272a53093d7737ae483c151be,delivered,2017-11-21 13:59:25,2017-11-21 14:09:30,2017-11-24 15:08:15,2017-12-04 13:28:00,2017-12-07,93cb3aae2eaef422b323eb6b412ad733,2017-11-21
0e4741898160da1b1060a7f9c346547a,12fa7c60052ffc3f836bc38b4b853224,delivered,2017-09-24 22:43:23,2017-09-26 03:28:15,2017-09-26 13:22:10,2017-10-04 12:14:54,2017-10-17,0d58e2f1b924b8e4fc71b715389ddc1c,2017-09-24
c9c3b33329e09fe7ca7bbe36ba2e439f,96878eaad8a21cab428be467d640041f,delivered,2017-07-30 16:29:01,2017-07-30 16:43:10,2017-07-31 18:01:27,2017-08-02 18:17:03,2017-08-18,1be82dfd551d8b725e3634bc85172502,2017-07-30
4b21051fef724a86e4d984ffc12fdd99,a5c5270dbbdd5cd1a9ba24256fee4589,delivered,2017-12-26 01:14:37,2017-12-26 01:26:21,2017-12-28 00:32:58,2018-01-09 23:16:12,2018-01-24,9860181c6781bd3f0f3379866fcf7970,2017-12-26
caad52d4e709edbd81fa417ccc0179c0,913c6ff534af922ec4d21dc7f1b2db49,delivered,2018-05-09 10:03:30,2018-05-09 10:15:18,2018-05-11 13:55:00,2018-05-16 20:54:31,2018-05-28,e3b3a4ba653452aae6636ea6ca0d078b,2018-05-09
4b6c735cae2db7ba05d5e51ea8693bc6,74e8de453fe87c824a4e2c3c69093b12,delivered,2018-05-21 14:45:56,2018-05-23 02:38:33,2018-05-23 15:10:00,2018-05-25 21:34:31,2018-05-29,e1564be61c08bb1dfaff4254af4e32d2,2018-05-21
8c489400ea17eec342e0ca18af584273,6417ffe5a43d420cf962d23a5057fdf2,delivered,2017-04-23 15:34:25,2017-04-23 15:50:09,2017-04-24 12:17:08,2017-04-28 16:13:48,2017-05-11,f387a8774c3b76ed95914ed9e3bc42e2,2017-04-23
eac76692452422620996fe5e1a7f8bb0,206f3129c0e4d7d0b9550426023f0a08,delivered,2018-01-29 20:32:08,2018-01-29 21:13:27,2018-02-03 00:09:40,2018-02-08 17:03:53,2018-02-22,21f748a16f4e1688a9014eb3ee6fa325,2018-01-29
9e9eaca3c0a93a11ca21d05439198a7f,927de9deb8fc2609844b1bb01b1f5818,delivered,2018-01-23 22:06:00,2018-01-23 22:16:13,2018-01-30 22:49:11,2018-02-19 13:56:55,2018-02-20,db25a9f531ff466c85a6590f2ff635af,2018-01-23
9edc774532d35fdc536fee78a41cce9d,e6afebe3b7aa03ff19ff1d23fd0867d8,delivered,2017-09-13 22:18:47,2017-09-13 22:30:27,2017-09-18 21:07:28,2017-09-27 19:57:52,2017-10-03,d685b426127e3d6221bebedd3c1b22d3,2017-09-13
7ebb71826f2d289c8a54b3dc8a69f8bc,54f9b6228478d9b8fdda0b198647de1f,delivered,2018-03-01 21:05:59,2018-03-01 21:29:20,2018-03-07 15:09:10,2018-03-17 19:36:23,2018-03-20,3cba8ffcf762c735844f0cb07b0a0802,2018-03-01
1fc6cc3c8938adb70a710cc1b701337b,8beaa2764a9880bd5dd4872d4c49c9dc,delivered,2018-06-19 22:20:34,2018-06-19 22:39:40,2018-06-20 14:39:00,2018-06-27 19:41:11,2018-07-13,3150f79bbcdc6f73b4af465330049dd6,2018-06-19
2a940654991b7eaeb541171e5e1d497f,03fe220603b22a09e5114a70616b9c66,delivered,2017-02-07 15:48:56,2017-02-08 03:10:14,2017-02-08 10:46:36,2017-02-17 12:47:31,2017-03-08,f923792a9b3154481124949cf5766406,2017-02-07
6a105bd695a3bb07a67824cfe3dc263d,3a880b7d17a31a9db4c65931f8a7674c,delivered,2017-05-09 15:51:39,2017-05-09 16:02:28,2017-05-12 18:55:48,2017-05-24 16:34:07,2017-05-29,441ef65bdc1667da6112d382792bcff2,2017-05-09
a0563252fd4da955a4bff4e622f4d81f,e87047759f9456e7b684908529381df9,delivered,2017-09-05 23:41:30,2017-09-07 03:03:46,2017-09-12 01:04:21,2017-09-18 20:43:37,2017-09-22,d6899f280d9ddca47bebaa7f4d3d1c53,2017-09-05
cac660e19ce4e574bc9b640b681eb881,cca900d7aa2126cfaacbb583cd0432e4,delivered,2018-04-11 14:35:13,2018-04-11 14:50:10,2018-04-12 22:58:44,2018-04-16 20:27:46,2018-05-04,19011594467d967c919584968680d994,2018-04-11
bbf2756e70a99d07183bcd6fb9ef80f4,f3e6696a1b0aa4c936fb635f29f91504,delivered,2017-05-22 16:50:58,2017-05-22 17:03:23,2017-05-23 13:36:50,2017-05-29 10:05:00,2017-06-13,02e698078df64c35152a88cfe52d29fe,2017-05-22
89625d9fd5cbcff8ed1de2eab6ab1498,98eb23682f18837a3a22b1c7130d6a48,delivered,2017-06-20 09:20:01,2017-06-20 09:30:20,2017-06-20 10:14:57,2017-06-30 13:32:14,2017-07-18,bbb4a3998a2b9baf32489882527762b7,2017-06-20
addef08806ad9aecf14f8577435cc798,7f17dd631b8dc8b6c16c9d6f98b3677a,delivered,2017-07-19 12:10:26,2017-07-19 12:25:18,2017-07-20 12:52:54,2017-07-27 18:57:39,2017-08-10,a7670e23156051f6da9afc37e7309b2d,2017-07-19
1e9fe7f88eb9a4b4378f7e80d37855a0,d59f49a089c44f53e700fbd0e951bc1c,delivered,2018-01-12 10:05:51,2018-01-13 02:05:38,2018-01-15 20:07:45,2018-01-23 00:28:42,2018-02-14,b80e7c4f55c9b361eacbb6dcfa412df9,2018-01-12
0d29f866f714402153c7a02ca8bf6134,c20207a17418d1aa04f5270a8018b8b7,invoiced,2017-10-30 21:18:31,2017-10-30 22:31:44,,,2017-11-07,f6f3a9d3577ba8938434e26140369aa0,2017-10-30
862d51a2b8b8a73b22b22b1502c6335b,b454e4fe9898493eea94ae9c2b708ba5,delivered,2017-03-05 20:27:18,2017-03-05 20:43:09,2017-03-07 11:47:59,2017-04-03 09:37:55,2017-03-27,511ab1889f435deeb6c95df80fc09809,2017-03-05
e7ef15bdfa637f3623e554794aca295b,e2aef0cde30012ece0c7871c03274490,delivered,2017-10-05 21:10:10,2017-10-05 21:24:31,2017-10-06 19:57:59,2017-10-19 18:48:51,2017-11-13,0bb5e531355787abe857323e3d7a8acd,2017-10-05
7c927a3dfb1af7e87c6a262fc4b0a8fd,689bfbfc2b6153e94e7ca8a1b52e3308,delivered,2018-07-08 22:35:30,2018-07-10 15:15:16,2018-07-11 11:54:00,2018-07-16 11:51:40,2018-07-30,51306146642e25ee1722f7d435ce8e94,2018-07-08
9ed208208c017ceb64e3df1764bec8bd,351237f09455eb12770b331e3bab5e08,delivered,2017-08-19 20:23:03,2017-08-19 20:35:20,2017-08-21 21:03:52,2017-08-22 15:33:17,2017-09-05,cca1613e53f24c67ba0a83987c827620,2017-08-19
0ba555009a855c3f87f818f23b4ccdbd,4b7395d051260eca36885f07f32b5f73,delivered,2018-05-07 14:42:12,2018-05-07 16:35:25,2018-05-11 13:50:00,2018-05-16 15:43:32,2018-05-30,ccdc2cd25c64913a68fe4d44e43c7402,2018-05-07
52533788707ffccea3b0342681d37446,b4d7b5151dd5959758d177211fd9f9f7,delivered,2018-08-16 19:10:02,2018-08-18 02:49:59,2018-08-21 11:37:00,2018-08-30 20:23:48,2018-08-31,357347144c44f5fbd1c9c2155de9a3b6,2018-08-16
7ea1ada580d55b157f20ef1fb3a83ee6,6d808c06e2e45bb613837ecb06990947,delivered,2017-09-27 16:56:27,2017-09-27 17:14:14,2017-09-28 14:56:43,2017-10-06 21:51:58,2017-10-24,821e4e781313d2eb18711efe7a50d66a,2017-09-27
a10a91a376b8f910600da4c459245e9f,3699a9b3bf6e5816cc548647349f490c,delivered,2017-07-09 20:14:17,2017-07-09 21:25:08,2017-07-13 14:45:48,2017-07-26 08:49:22,2017-08-01,cd4fe9002cf5988f6fb7bda60043fa95,2017-07-09
f15840ec3f6712cd4c04becb8a3f9e2a,a5235b8f36e43a339ba4da18930ff55d,delivered,2017-12-04 20:09:14,2017-12-04 20:18:19,2017-12-05 23:34:45,2017-12-10 13:25:05,2017-12-27,42cf3a7b1d977080526b6af130c0d7be,2017-12-04
0893d3e08dffcc94ba62238512c798b6,8ba616c70c41e2f52d237e2a71935d36,delivered,2017-10-09 07:58:39,2017-10-10 06:32:13,2017-10-10 19:09:06,2017-10-13 20:25:43,2017-10-25,d3867b64ef2b3d2de8a592df7574ecdc,2017-10-09
9865a513bb6f1285528404a98e6e25cb,2413ff2d348734a6698759bc2a925af1,delivered,2017-10-04 08:12:48,2017-10-04 08:24:06,2017-10-04 19:59:48,2017-10-20 17:18:45,2017-11-01,791e2cd54e0cd3d84c95efd314d3dcc9,2017-10-04
cf5439c6b13deafe107ecca7dcc58b80,3a639a0919f3599a4fe763427a8d3ea5,delivered,2017-12-06 19:59:21,2017-12-06 20:10:00,2017-12-13 01:19:01,2017-12-23 12:46:11,2018-01-15,c7c6209cf653b9e88cf8d833653284d2,2017-12-06
bcc3b9b2b1b0f27be6e2816968b08fc6,ef5e98e0d04d6d17a694e2fdacf0a8d8,delivered,2018-01-15 13:34:20,2018-01-15 13:49:58,2018-01-17 21:30:06,2018-01-24 00:28:11,2018-02-08,373d3f34130410953210f0a3b76292d4,2018-01-15
c4f4ae572252215f366edb6f851c166f,29ba390ca4b030bfe8c2d7154c5efa21,delivered,2018-08-04 21:28:12,2018-08-07 04:55:23,2018-08-07 13:51:00,2018-08-10 17:44:46,2018-08-16,192e466fe57545895c6f3db499e57651,2018-08-04
fc20b8e282da6f3fbcdd3a3cedecb723,58acc4e2788bf6fc445fddcce9c1db03,unavailable,2017-03-01 10:02:02,2017-03-02 08:10:15,,,2017-03-20,5aad27a7b4f74b1c3389d56c74db1057,2017-03-01
642999e824c9af8073453b0abf40a075,96de320266ffb0234946c0dc9eeabf8f,delivered,2018-04-07 11:00:35,2018-04-10 04:15:24,2018-04-10 20:21:31,2018-04-12 21:34:52,2018-04-19,315b0fb0cc21fb7c1a1c9aa5c063970f,2018-04-07
768b4cf8bec9afe5a1f39b8e3c3e8cc0,0d19340c8c2718010e8b50071eef5643,delivered,2017-02-10 11:30:13,2017-02-10 11:45:18,2017-02-21 08:16:03,2017-03-03 11:51:36,2017-03-20,4dcc78f139aef99d25124ee00a6c8bb4,2017-02-10
4943203d80c901c56abaabd36a61e76e,d4ab01c9963324fd131423659776cf19,delivered,2017-08-02 19:26:13,2017-08-02 19:35:15,2017-08-03 17:27:52,2017-08-09 18:22:30,2017-08-24,772aa7da42f5585f7f998d9eada77e49,2017-08-02
523d5e9ab692bee9c8dfd7063351f696,f0d9c201d2ab5c9467693e46b2c3d40c,delivered,2018-05-20 01:15:58,2018-05-20 08:17:30,2018-05-21 11:29:00,2018-05-22 16:48:44,2018-06-01,8aa4387fb793332a42b7d18dc067494e,2018-05-20
1226bc7c4bdd186e5e12d4c3ced73cac,c7b9d36724242fbe5ac804ae521215a0,delivered,2018-06-25 22:44:23,2018-06-25 23:37:31,2018-06-26 15:17:00,2018-07-03 20:03:56,2018-07-18,41f66d4f1c1a574d1e474617387ee3cd,2018-06-25
ffea79d8c5fecc22cbff0c54eda9b65c,bbef00095c712ca0e62584d68cb9fdfa,delivered,2017-09-03 17:18:58,2017-09-05 04:24:39,2017-09-06 12:51:23,2017-09-19 21:22:28,2017-10-02,768b4f16e9602b6f6f92cdddf3cc582c,2017-09-03
5b15d222685ac39d3110c61bff09b6e6,52b310d77f49ba824555bf81f1c93b08,delivered,2018-07-23 17:13:29,2018-07-23 17:25:34,2018-07-24 11:36:00,2018-07-31 22:41:41,2018-08-07,9691d22346754dd206a2b68a0b418096,2018-07-23
bac0803bc0669a1e85a35ce2acec9348,1d6c578a3eaaf071ef9f76b887e82b29,delivered,2017-07-05 14:04:24,2017-07-05 17:40:09,2017-07-07 13:46:59,2017-07-22 01:42:03,2017-07-27,0de3c011dbe1b11ad0c433694c05be2c,2017-07-05
8135d95a571b0c0529ad5624a7f72ddc,8c1b33c10c74c74b04db74ac8af6a75e,delivered,2018-06-25 15:28:03,2018-06-25 15:57:54,2018-06-28 14:50:00,2018-07-03 23:33:00,2018-07-23,88cfa66b93eef91293b73b44addaee71,2018-06-25
94b6d26a3b28fbbd1581ef1a4d3ba80d,f10660ad53717d153c4b1d78e7286ee2,delivered,2017-11-25 00:13:14,2017-11-25 02:59:31,2017-11-28 18:07:47,2017-12-01 16:34:27,2017-12-11,ee94e2204c097dc6fe7f938e6d264059,2017-11-25
c04ff98143834be2e7887ce62c49af9d,5d660d49bea551ea78c4ce76e58580cc,delivered,2017-08-20 19:47:23,2017-08-20 20:05:06,2017-08-22 12:29:30,2017-08-25 19:43:33,2017-09-11,f22558a5d21473973ec3b6ab6f050bd2,2017-08-20
397a32bc626d3c1e951590a39c6f7929,61dba1fa1816dba818bf2e583ef11c34,delivered,2017-04-14 12:57:10,2017-04-14 14:21:54,2017-04-18 14:52:52,2017-04-20 14:38:26,2017-05-10,cac60261ee6b78d4c926d9e3b525c710,2017-04-14
21f1d47d575b225fabd423c4282b73f4,26228622b964e886bacfad4aee3a5b20,delivered,2017-10-01 19:21:02,2017-10-01 19:35:13,2017-10-09 23:43:58,2017-10-17 22:16:15,2017-11-08,f4b15ccf4907c376a3f978dd380ee201,2017-10-01
73b6421eab18b6b987243919b98675f8,204098bf08241831dae3b6f57f190db4,delivered,2018-06-25 22:45:27,2018-06-27 08:11:48,2018-06-28 14:03:00,2018-06-29 17:33:10,2018-07-05,42d99fad3bd3032967fb0d96e856acba,2018-06-25
4ae799c0965abd10cced20e74295101d,e13b0fd350de97656a7df959c705ea64,delivered,2017-08-04 09:49:27,2017-08-05 12:43:23,2017-08-11 13:33:17,2017-08-25 15:55:14,2017-09-08,4ae89c16f727607c96737773c2713f67,2017-08-04
85c9164bed6016c63dab9cde6887f37e,246ecd502d6e6d53f5103fdc161c2e6c,delivered,2018-02-05 19:49:09,2018-02-05 20:10:46,2018-02-06 16:28:50,2018-02-22 22:59:00,2018-03-02,34268e8d4f9c080f23029cd9274bebce,2018-02-05
e57564c2c135df8c91da6037bd79e137,c530dfb9fa634d361f72012f8deddc76,delivered,2017-02-16 09:59:08,2017-02-16 10:10:15,2017-02-17 06:24:05,2017-03-08 01:22:37,2017-03-23,633de3125428a2c250d760fdf9e4d670,2017-02-16
b454e4c4cc8948478a19ca36c5e77bee,3aa3e26fcdda0a303465cf3472bd2248,delivered,2018-05-03 08:53:18,2018-05-04 03:12:07,2018-05-04 15:47:00,2018-05-11 17:46:42,2018-05-25,254534a3c4732b9c545db8986aafe358,2018-05-03
1e43259a5cd8bcb0161554a61eeed004,c75ec7b2a6db11bab5c351449b506192,delivered,2017-11-16 12:39:00,2017-11-16 13:10:53,2017-11-22 23:14:25,2017-11-28 22:23:02,2017-12-12,3960b922a01a7713c17b532475a0266b,2017-11-16
a2db088616f079ceb7a0e856f8a741ca,3cfaedb59f39332d98cde2d6a9a1de08,delivered,2017-01-25 22:19:19,2017-01-27 03:05:41,2017-01-30 17:37:56,2017-02-06 10:53:40,2017-03-02,f78a1d6281b3b4a1542c00bd1d8b503a,2017-01-25
712f148c79b7c350f30e6b4f08cb2978,7b26bcf0f1e9f21e7102c0fa17087599,delivered,2017-11-11 11:57:24,2017-11-11 12:10:26,2017-11-17 13:09:08,2017-11-29 16:25:55,2017-12-07,e84dc9edb968756036d79b7aae1a0ea4,2017-11-11
d9985b5e60fcad79a6e2eed78bafedf4,5bee899f25d069092c1130152eca10ac,delivered,2018-01-01 14:54:19,2018-01-01 15:05:54,2018-01-04 20:28:11,2018-02-09 21:02:45,2018-02-01,b947b8b75b0ba7db508d01717b9f5f28,2018-01-01
91c743d287fad03a614394bf50338369,3fb639360268e4e64d24bb791ed8478e,delivered,2017-07-04 18:45:04,2017-07-06 03:23:53,2017-07-13 13:09:38,2017-07-17 19:50:00,2017-07-26,9e36fc0ecdb6016969d205b2791c31d3,2017-07-04
8df6ec68ff32ad8169ea8de87cc1139a,8adeaca9812f3068fb75b9f2ac795539,delivered,2018-02-23 08:35:13,2018-02-23 08:48:20,2018-02-24 00:08:32,2018-03-18 19:38:34,2018-03-26,67a463c2018e578682a3938b14b1acaf,2018-02-23
ddf83a6a4bd555ea0051cfc78d3a11bb,cc4c638b7851d1bc6a2008d5094b72f1,delivered,2018-01-13 16:34:54,2018-01-14 15:48:31,2018-01-18 17:18:51,2018-02-02 19:22:33,2018-02-09,407a0311c65a4dd0206f479d59ac47d2,2018-01-13
91525e6c353903461f1104f9e224a5a6,5ccfd1da4165b745aca83602f666e3b5,delivered,2018-04-02 16:48:35,2018-04-03 17:15:26,2018-04-04 17:56:55,2018-04-05 19:44:45,2018-04-12,ac869a3e0913880e9baaf0da7faaa9b8,2018-04-02
fd3fbd86a0ccdf3ae7981fcb539cf942,aa93b068cef5ac469de6f05ecd1939b5,delivered,2018-07-03 15:49:51,2018-07-05 16:10:28,2018-07-19 06:57:00,2018-08-10 02:56:34,2018-07-26,7e940e7a039b58afbd11bf54464f59af,2018-07-03
84cd555d3d1f2b32fb392b1dff57a851,af94e18dec6b6045d116bdfb9244a578,delivered,2018-03-06 12:04:16,2018-03-06 12:16:04,2018-03-07 18:36:47,2018-04-21 01:48:45,2018-03-27,6bd33258105ef24dbf6d82bb7e3a06b2,2018-03-06
c826a07d5cb930694861c4478383e5da,35ea9919e33272ab715f8c1964693b91,delivered,2018-03-28 16:20:37,2018-03-28 16:30:13,2018-03-29 23:46:35,2018-04-05 01:59:37,2018-04-20,c87f3390cd2d870b4e896a9d2a088621,2018-03-28
a39da066364213f94f3fe99a34a1c4b2,dcb8ccf8642ced8c655b5cd038af93e2,delivered,2018-04-16 18:58:57,2018-04-16 19:51:45,2018-04-17 20:26:25,2018-05-10 13:08:45,2018-05-23,ecfdca4856f0758293f2ec18a051fbd7,2018-04-16
744dddb0362cbcb141adaed27f19cb3a,08c07e9a2ca88f8c94694bd4972a4eed,delivered,2017-03-08 19:30:26,2017-03-08 19:30:26,2017-03-10 10:48:01,2017-03-18 09:21:56,2017-04-18,2454d481eb521ebf016dd2ef39314a73,2017-03-08
d129a390b12dad8097fca575b31aba6c,4ed298b95353f35d266831f8944d77a5,delivered,2018-02-06 12:15:10,2018-02-06 12:30:23,2018-02-06 23:45:40,2018-03-24 21:08:25,2018-03-12,cc8652fa71314ac6af870726e9ebd4bd,2018-02-06
d9e3d1b54f7b0b5d95fe2e5fd70b5b42,9fe70de337ed5372dc24eb96f05f8689,delivered,2017-10-05 20:51:52,2017-10-05 21:14:53,2017-10-06 16:17:59,2017-10-17 17:59:01,2017-11-07,108a6b4a2280331533fa05382ad4c3de,2017-10-05
d629bc2a2f03d62c0126ef7169ccb2dd,9e882b4b26586dc892b3c5bf461c3228,delivered,2017-02-28 19:58:46,2017-02-28 20:10:12,2017-03-02 14:37:30,2017-03-10 06:28:03,2017-03-22,a99c6337b519f25161bca8f0d397250e,2017-02-28
7cf741fd7bc734654dac45dbc67a998e,5d5ae8f21ed10628532b1e96e942edbb,delivered,2017-09-15 07:55:29,2017-09-19 03:50:16,2017-09-19 18:35:00,2017-10-04 18:45:39,2017-10-13,4986f8aa1ae1dac3675b8cc6da97e66e,2017-09-15
06b8cdbbc86d64ea69af76036c523827,9f1ad46564d73464434b221ba6ba08f4,delivered,2018-07-19 04:33:57,2018-07-19 05:20:06,2018-07-19 14:49:00,2018-07-20 19:21:42,2018-07-31,7cc832a90de185fa7ca3c4874d914d0b,2018-07-19
23225d7a5d72f6cfe225cf14c81f37ed,a33eea5511f457cd1f45e7f7bd97a1c5,delivered,2017-08-21 20:22:52,2017-08-21 20:35:25,2017-08-24 18:07:55,2017-09-04 16:45:13,2017-09-13,cec158f64d5f7376b80cc33559835108,2017-08-21
be7a9c3e520e513bf7de720ea2d85463,87cb1b0051ce302c8d1ec6ceea791786,delivered,2018-04-28 15:53:57,2018-04-28 16:13:24,2018-04-30 12:46:00,2018-05-02 15:26:59,2018-05-11,19d2f667f3e036d0a05af1a1d4c9d9f4,2018-04-28
fed058642b519335c834d73b851e20d0,a5363e7315ac0091e716040860cfc833,delivered,2018-01-05 22:43:36,2018-01-05 22:53:29,2018-01-09 19:53:08,2018-01-22 22:43:49,2018-02-08,b29923d3c7a160253413f248087c18d3,2018-01-05
aff043b28dfff4c65665fb42597daf94,996e0d7f08d29b4301784932a81f2132,delivered,2018-01-04 00:19:58,2018-01-04 01:31:54,2018-01-04 21:54:55,2018-01-05 16:42:33,2018-01-22,690a774843b58b05642f0968f0299521,2018-01-04
8fd10b4326b26a7131022cf8f659abef,ad2b0a762916fd035a887d161c19445b,delivered,2017-12-07 02:07:42,2017-12-07 02:15:19,2017-12-12 21:52:42,2018-01-23 19:09:47,2018-01-12,b586d4a0d17d6300b4eb8da5f043c556,2017-12-07
b4039fffc67d7a5a75a3ba881d75e402,2f1515c4a7880fb7c4233a9c1a868918,delivered,2017-06-16 13:25:24,2017-06-17 13:23:10,2017-06-19 10:20:11,2017-06-23 11:13:44,2017-07-13,97d37af022c29cbfcc58d6b7d477e794,2017-06-16
0c9f41e58fc40c21ef9150e610aa6691,c0b4f1d2d74169ee8f2c4a8f4e2ec429,delivered,2018-08-17 09:25:50,2018-08-17 09:49:43,2018-08-17 14:13:00,2018-08-27 13:29:48,2018-09-13,1314e23c75b635a4dae426ada71ef9aa,2018-08-17
5939a276152174ff719ee375114e0775,ec03e43a7a5f7a6774a43ace6ca4f366,delivered,2017-08-05 17:11:39,2017-08-05 17:25:06,2017-08-10 14:52:13,2017-08-21 19:06:26,2017-08-29,b32e3858b01c247dba6e4cdd8fea1182,2017-08-05
54229efe6f82fe1823cd30d0cb839c3e,cbf6ebfd818e7d41ecf09423365f56c1,delivered,2017-07-06 15:11:01,2017-07-06 15:25:13,2017-07-07 17:25:22,2017-07-19 20:08:01,2017-08-11,a1e1138fb0a5d3829fe4af791515413e,2017-07-06
719bb3a1ecca0dc38551f11cd181cca6,0ec36ff509b6eead5a50dd3bab5d9344,delivered,2018-01-16 23:17:22,2018-01-16 23:29:47,2018-01-17 18:36:45,2018-01-25 15:48:51,2018-02-09,d42e9a422c68c20da3bb5744ba9c3fdf,2018-01-16
779894f35a3337987b2d76170506c25d,3e34c35ca425e415dce71af4142680c4,delivered,2017-10-16 18:27:56,2017-10-16 18:35:39,2017-10-17 15:23:15,2017-11-13 15:02:57,2017-11-06,10c6fd00adf8b4af505532b878f29a23,2017-10-16
ab457766fd545ee4fd253ae81da173f3,cc12b72f0b988fca73c6a817a502ff2c,delivered,2018-04-17 14:48:35,2018-04-17 15:09:10,2018-04-19 20:58:27,2018-04-24 19:28:41,2018-05-10,4f2b4b7491897026b7b5d1d69c28e565,2018-04-17
7f6869a3fd153355d77a58638035dc64,0eb3912143a47999f29648641cc3be13,delivered,2018-05-10 01:45:06,2018-05-10 02:16:09,2018-05-10 14:39:00,2018-05-18 14:18:38,2018-06-05,f0f8549456c7e101128f5b9433c81f79,2018-05-10
7a96e7fd1d442befdfb8507e5235d415,5b44bd8070b68f99f248505265168cf0,delivered,2018-07-14 16:32:40,2018-07-14 16:50:16,2018-07-25 15:07:00,2018-07-31 19:06:51,2018-08-14,ef4d10c223be97d254608d621282f410,2018-07-14
882554ccc6f6b9d99fcab37ef645ed14,1b9926221e65a2fb5b82b1dc60fa866a,delivered,2018-07-09 18:34:28,2018-07-09 18:45:21,2018-07-10 19:25:00,2018-07-20 17:19:52,2018-08-08,8209a599016f707c1cb717aca54b45f1,2018-07-09
6166e6ea52d287f2e083adefcff3d19c,50660765a5d4217911e23d0bffc5d854,delivered,2017-04-22 10:35:10,2017-04-23 06:35:20,2017-05-03 11:24:23,2017-05-17 19:24:38,2017-05-25,35be5f6ee9f3d9ab96455a003dbb9810,2017-04-22
f1ec76883496424477c5c8162558a911,10f60e8d488a61d0bb9c2aed77db5957,delivered,2017-03-02 11:11:45,2017-03-03 02:10:12,2017-03-08 09:50:35,2017-03-15 15:19:48,2017-03-27,0663999f33587a57ed5b648b7c569f77,2017-03-02
56ccc1571462d48192dc45fba66fb7d5,7d6a7b972385ef00c9b4bcaa9ce6e2b9,delivered,2017-07-23 21:11:24,2017-07-23 21:25:14,2017-07-26 00:56:41,2017-07-28 17:07:54,2017-08-11,2e99a768d2ba4e4a4048baed647f9399,2017-07-23
46cce235fa3f299c3093aedae4396900,6fa98fa8dfe234b37dffdf3faf2986c9,delivered,2017-11-24 10:08:07,2017-11-24 10:30:43,2017-11-28 16:32:46,2017-12-21 21:27:47,2017-12-22,793765d5cb1e203bd608e220c87280f4,2017-11-24
3cd0dec57b1ebe2e566a8c9eeacccc81,f5b15ba94c99ee55726ee3d18db522fe,delivered,2018-01-07 13:01:02,2018-01-07 13:31:51,2018-01-08 19:14:17,2018-01-19 18:33:28,2018-02-01,b8ebcbf66cf700d0b6098cf6f818e547,2018-01-07
fc7c515dffd4c3841716ab3f51ba3bad,445ba6c382e34aeb1d2f8ffe7b19bc78,delivered,2017-08-19 15:27:54,2017-08-21 10:04:39,2017-08-21 20:34:40,2017-08-22 19:20:39,2017-10-09,80be897c79f653010ca4bd4eb7d76907,2017-08-19
d21d7411b251f35ead1b210dc946ca70,cff157deadf46de66ac1eb7ead76deb0,delivered,2018-01-15 22:54:08,2018-01-15 23:10:45,2018-01-16 18:42:08,2018-01-22 19:27:55,2018-02-16,56437a026e07b2b2271b8742aee81fb9,2018-01-15
f492581043b9d6d7074632e08a60c07d,6fc67396e732c9c663c3866813581aac,delivered,2017-08-15 01:12:45,2017-08-15 01:25:07,2017-08-18 10:23:45,2017-08-25 21:29:33,2017-09-26,8d835481186341b8fe4b9ae951a09bd7,2017-08-15
b6d9338eee161115391cb4c93bb1a0fc,ef6ca09e06b51bda93c1018d193441a4,delivered,2017-07-15 19:19:47,2017-07-16 06:45:25,2017-07-20 20:21:50,2017-07-31 20:12:20,2017-08-17,44818fa3dcd6d8a6942103f91706dbc1,2017-07-15
b9c81c6e3a026f6e424398767c51e4c2,4560c6d8bfdd3e61555dca85d900e1e6,delivered,2017-03-27 08:34:11,2017-03-27 09:42:16,2017-03-28 13:24:52,2017-04-11 13:38:44,2017-04-19,ad054a269e8691d8e2727d1611f3950e,2017-03-27
cb57221532d6c0308e93781532d321f2,f9a34042f2fd0e486488220e3c4cc16d,delivered,2017-10-17 22:21:41,2017-10-17 22:35:20,2017-10-18 19:56:35,2017-11-03 20:18:56,2017-11-14,391addf14a973b787a32aeded9b3ef24,2017-10-17
64a36842b74482188a40f6f162afcf67,406ea6c9a3bb39ab3265cd6b80864914,delivered,2017-11-13 23:00:10,2017-11-13 23:10:48,2017-11-14 18:17:04,2017-11-17 14:14:09,2017-12-01,011735b41c89ca1e075296f4ecb01a27,2017-11-13
39eafe33a1c3c9c1a57e1326f3c3a4be,dd8d6240c3ec37c83148bb118d79cef9,delivered,2018-01-24 17:34:07,2018-01-24 17:59:10,2018-01-25 22:28:59,2018-02-01 03:32:02,2018-02-16,0f927057a40849f90149a678f4526a92,2018-01-24
6f241b660166c2114fd190c56928a413,84b5d5ec2e4c5409eb6d9ed090499a80,delivered,2018-02-08 02:43:53,2018-02-09 10:11:20,2018-02-16 22:39:08,2018-02-17 13:06:03,2018-02-26,e95546f329e86a4c7c5f1ecba299d90e,2018-02-08
c5aedf9da65864ebff200366da7fb389,e85177c58c794ec58a8b0cde1f3fa50c,delivered,2018-08-23 19:26:39,2018-08-23 19:44:27,2018-08-25 09:02:00,2018-08-29 19:45:31,2018-09-25,bc67f324953ba00b1c8794f95df0e8b3,2018-08-23
53aef74d5e95ede5ab3a78d696eafb6f,5616f00a12a329c0e5f949253836cc6e,delivered,2018-07-02 19:00:59,2018-07-05 16:19:08,2018-07-04 11:28:00,2018-07-12 15:24:33,2018-08-13,a5d063f216344a7470e950ff48d660d3,2018-07-02
63fd927963e60a8c2f1baa83431cfedc,296c26d206e506dc9b6ae943e7324ffa,delivered,2018-07-24 18:31:01,2018-07-24 18:44:27,2018-08-01 09:48:00,2018-08-06 17:52:32,2018-08-29,63c21441e3cb9c9796f03cbb22060132,2018-07-24
016a6dbc80aea6e2d217d2bedbc7b59e,72d62fcd5850d8daa156a6a514da4ea9,delivered,2017-04-13 01:39:11,2017-04-13 01:50:09,2017-04-13 15:48:02,2017-04-19 14:05:47,2017-05-05,9c0d3116a3594b1d4d2b28b871ac22fd,2017-04-13
f73a6ab709a38d529c425eedd0ea6549,31f076e386fbf57cd189eb555b40ea01,delivered,2018-04-27 08:32:54,2018-04-27 08:53:22,2018-04-27 16:30:00,2018-05-02 19:12:09,2018-05-24,9649b34e903522d0a278a76b851f0550,2018-04-27
20e001ef9eed26db199b0b95f59512f9,7771a8ecef3af2654be29d574b299911,delivered,2017-09-21 12:45:12,2017-09-22 04:32:20,2017-09-22 20:59:09,2017-10-10 17:08:19,2017-10-26,a714aca54537fffe0b3bb96dd4f468c2,2017-09-21
6ece1db0bcaf312af8d04af0cecb15e6,4e50ba7ddcce278a7f2e7a028d516730,delivered,2017-07-20 15:42:29,2017-07-20 15:55:20,2017-07-25 21:45:05,2017-07-27 18:48:26,2017-08-02,57b605c7fea3ab53074a581ef3bfca87,2017-07-20
85ce1acca4841a84144a947b8fa4d5f1,ce58284e603a53a3184ea29f84fa92e6,delivered,2017-10-11 17:17:23,2017-10-14 03:46:36,2017-10-17 16:55:01,2017-10-26 18:57:29,2017-11-10,2650fe5b5912d32783ec9f53a4314cf1,2017-10-11
cef35f98a1aecebc00a09d5d0ab4b0ae,58a24c9b6b49e31ec7dc340efa93a21f,delivered,2017-06-27 11:34:05,2017-06-28 02:10:22,2017-06-28 11:50:05,2017-07-05 16:06:41,2017-07-19,767549358fd334e4d71723e547d43fd1,2017-06-27
e3e9e3295f4e1512167c232a0aaae8a5,76382f6496effe36685eb200ef95b3ac,delivered,2017-02-25 00:02:22,2017-02-25 00:32:33,2017-03-01 12:14:04,2017-03-14 15:05:49,2017-03-31,0b11937f7f94a269cc94a3378be84839,2017-02-25
0123098b96f3d4014545642be53d891c,746b43bea6d9eb220867694bfe4b800d,delivered,2017-08-15 11:02:55,2017-08-15 11:30:20,2017-08-22 10:46:58,2017-08-29 23:47:27,2017-09-06,f3719a64d17b893e959fbf553021d3b3,2017-08-15
dc583cc1f5138c20ba71c1485093a285,c3f4ce0ebafb77f4a630b1876fe364d9,delivered,2017-11-17 13:10:19,2017-11-18 13:15:21,2017-11-21 17:23:26,2017-11-22 16:58:45,2017-11-30,288f25c1304f55045db0bd94e0fed473,2017-11-17
5b9983c12367a47fae641c25ac8877f4,d16877827eb20429fa037032d13c9e82,delivered,2018-01-30 13:18:05,2018-02-04 23:31:36,2018-02-01 01:28:01,2018-02-07 13:26:48,2018-02-22,607060598f4a846632b68842891fea82,2018-01-30
8baf86c7fd7462703a46b07ed2c3c3c3,44413aff0a87eac35ad5f773c7ba99d8,delivered,2017-12-15 05:39:06,2017-12-15 05:49:44,2017-12-20 19:34:12,2018-01-04 21:19:20,2018-01-18,7ac04ae45ad99d5ab3a9fb7717a5d5bf,2017-12-15
f020059db04fd86b983524f59247d091,0f95d722d19f40ee015d3795e618d02c,delivered,2018-03-19 21:02:09,2018-03-20 20:56:05,2018-03-22 11:58:31,2018-04-03 17:52:52,2018-04-10,cf15de02c8b0213ed918c4431ba0ca8b,2018-03-19
43bb790a56513bae53070529a38ba67a,d091a6afbe915b09703ec9ae10125434,delivered,2018-05-01 14:13:27,2018-05-01 14:33:54,2018-05-04 11:54:00,2018-05-15 18:52:58,2018-05-23,a110a7247839dbd16a758a475ef761ef,2018-05-01
cb7c80837141a1e309f7ab01576e8a48,469aeb5870fb8934c9d14e8f8f036fda,delivered,2018-03-18 22:36:24,2018-03-18 22:50:21,2018-03-21 19:15:42,2018-04-24 16:29:09,2018-05-03,46b6d9653c0fb61306bad487957fe0b5,2018-03-18
e877a1c6d322958919dfd00c07fb8e56,6cf11a82f66becaffb7606f5ba07eb39,delivered,2017-07-13 16:29:20,2017-07-13 16:45:08,2017-07-17 14:07:03,2017-07-18 18:27:57,2017-07-28,abe6774d11bbd8d320e68ca0f6175975,2017-07-13
3f8c8dc789ca737939667e090ea91e29,b1d99754839ce98d2e550e4d1b1396cb,delivered,2017-07-07 09:13:23,2017-07-07 09:25:21,2017-07-07 19:27:26,2017-07-19 18:13:28,2017-07-31,37bdbe3bfc887a48e6e0879f39f999fd,2017-07-07
fdddc15fc7b9c37476820d6eb722f33b,66b84aaef46998841f07082b24004842,delivered,2017-08-29 10:55:25,2017-08-30 12:35:12,2017-08-31 19:50:10,2017-10-20 18:09:33,2017-09-19,903e36e2f9d5ec112ba8b374216a192a,2017-08-29
a409968a19f09aaa2d44cebcef64ff53,4871648597f5e905374f3740d8d3fff1,delivered,2018-07-16 16:39:29,2018-07-16 16:50:20,2018-07-17 08:55:00,2018-08-06 17:18:19,2018-08-22,9850146693d7aada37e21032572858cc,2018-07-16
b56b0dbbd08c4f1536eb93cf4814dcae,b28fcc4d1441ae527bc3bf2e30e7de1f,delivered,2018-06-18 15:15:43,2018-06-18 15:39:21,2018-06-19 14:45:00,2018-06-20 19:24:25,2018-07-03,ec442faae8422b7ea35399ad213ff494,2018-06-18
69f2cc4a16bc2b523813a8ceaef17891,a9fa5148a29f528357ad01992683c1ff,delivered,2017-11-14 00:00:56,2017-11-14 00:11:10,2017-11-20 14:28:46,2017-12-18 15:43:47,2017-12-15,182c637ab6098aa3a9474e7d803a0fee,2017-11-14
cedca39b10d8d496f77547b16e2dbf56,5aff2745215911ee30d7fa346120ddbf,delivered,2017-05-23 01:48:54,2017-05-23 02:02:31,2017-05-23 14:35:18,2017-05-31 14:35:07,2017-06-29,b660717312f58ee8cb6f0bb1871209e9,2017-05-23
9cca241ed87f1ae14fc65df5c12397a8,8e89d5cccc3988179197d9b18ae3292a,delivered,2017-10-29 03:10:28,2017-10-29 03:25:46,2017-10-30 17:14:13,2017-11-16 21:21:39,2017-11-29,c0e0099353963aa2d4aeb0f79b564e1f,2017-10-29
b30e8706285c15e74685d5e1c5c56366,67a2b0fb5b98eb8ba77bb430e1ef44b7,delivered,2017-08-13 08:13:52,2017-08-13 08:25:09,2017-08-17 19:42:27,2017-08-18 18:53:46,2017-09-06,8e8a53f8c23d79e36abf279400c861ed,2017-08-13
430e183eafa732301b3ecab620951c06,4e543e0fc704f5ade7b8bdd49d2b6638,delivered,2018-01-14 10:13:20,2018-01-14 10:29:46,2018-01-17 21:33:24,2018-01-31 23:42:56,2018-02-19,741529ab1765243f00ba06716e3fb538,2018-01-14
7777085bae1981f347bc9a00c53f1c75,0beb758b86c7d48d1df5e50f18817226,delivered,2018-01-18 20:25:10,2018-01-18 20:36:20,2018-01-23 22:10:37,2018-01-26 22:15:31,2018-02-19,edb3cefd445d2dc84fe05dc9be6f6bf5,2018-01-18
7b3941f8995431ebc6cd41e97f10ba30,4d104f0702b64905fbf936991d2cb19c,delivered,2017-12-14 20:07:01,2017-12-14 20:18:18,2017-12-19 15:52:41,2018-01-04 21:37:48,2018-01-16,4fce8f0ea64e65dd25dc41241966a7f0,2017-12-14
7ec3006ab91bec3ac4ff2012d50fd8ee,e2407f57451ea4c3800bac917115ebc8,delivered,2018-06-24 16:05:19,2018-06-24 16:15:18,2018-06-25 15:31:00,2018-07-06 11:09:53,2018-07-23,f96ee92d4a22ac0f44ff31cfa7db71e6,2018-06-24
6a2da04570ebc118f0d3cb8b19819efd,48f63d0f4a8bb792750bda63710dab39,delivered,2017-04-25 09:44:05,2017-04-26 09:36:04,2017-05-02 18:26:03,2017-05-09 16:27:06,2017-05-12,ccd68f5f1cbb138f1338738541086060,2017-04-25
59fb9bc4a2f049228ee64f5073bc9165,4c51b75b3a2ff33ddff3bbc56afc0d80,delivered,2017-10-12 08:29:47,2017-10-12 08:49:37,2017-10-18 18:42:37,2017-10-31 20:27:56,2017-11-10,d8e0cfd430ff4e8baafe5fc523ff2dd0,2017-10-12
25e4af6ebff2dfb6213c8cc7e36ecbed,921df0e199c57f4fd686b8a141fb9b86,delivered,2017-02-07 20:31:37,2017-02-07 20:45:20,2017-02-21 06:06:14,2017-03-03 16:54:03,2017-03-08,f036511a6eb7985fa68738141ff070ff,2017-02-07
07055a132b3dcf9a44b88259dea3e3b5,a810af91d0732c90a837e4d5e7de719c,delivered,2017-10-27 13:19:24,2017-10-27 13:30:45,2017-10-30 18:55:04,2017-11-03 22:47:33,2017-11-10,4602e5a309192461f83814a668d8344e,2017-10-27
d25d41dff1e51aff1a2e4d15c683ef71,e4e5bed9b0765800625feb8cdedf7f5d,delivered,2018-01-15 14:11:07,2018-01-15 14:30:10,2018-01-17 19:32:42,2018-01-30 00:12:30,2018-02-06,6b5f8b8710cf531f0468d3cb960b0806,2018-01-15
c208438a2896fe887fc1b4718a1849ca,dc6610bae42f85d0469bb00308c3d85d,shipped,2017-05-05 14:20:36,2017-05-05 14:30:15,2017-05-11 13:32:43,,2017-06-05,05f4c38a6a0d7721710ef3cf2d1075ab,2017-05-05
fe1de25cdd6ea030b9fa112a11872f0c,71319ce6cebc4c3df28c715534e39eeb,delivered,2018-04-03 21:14:58,2018-04-03 21:30:20,2018-04-04 20:39:14,2018-04-23 18:07:33,2018-05-04,5a69a2488bab3359156c45baaf59dcee,2018-04-03
b0b11a045f01b17c63a50af48627e177,db1b21960a9c96c9b4b8a1b0e38b8341,delivered,2018-04-17 13:49:17,2018-04-17 14:11:33,2018-04-19 18:46:45,2018-04-24 17:08:52,2018-05-04,330b07d107c92a4d3e2a36e7dc77fdc9,2018-04-17
8eb3ea8875ea46e1d2631a59a278e059,822d3f50f2d532e37c9fbdb13cce5f77,delivered,2017-12-18 13:35:02,2017-12-18 14:51:20,2017-12-20 20:28:41,2018-01-05 18:57:06,2018-01-29,b9fc2d4c90bdadc7052fabe8353084ed,2017-12-18
1c437b4d4326d36b71e91dd7a7c2c4f6,708761cac9260fe06a7ac1e921379700,delivered,2018-04-10 10:03:12,2018-04-10 10:15:13,2018-04-14 00:12:14,2018-04-30 18:54:43,2018-05-10,d5e26e279c46738a6d4a55e037dc77b7,2018-04-10
a9b90916ddc087b5ba5b9168b82e3d7d,321558a6b7d5ae077298ae86f95f6d5d,delivered,2017-07-04 11:04:07,2017-07-04 11:15:12,2017-07-04 15:57:10,2017-07-13 16:33:16,2017-07-26,5a7a3ce8cda789ffeb42e1dbc1bde931,2017-07-04
431f71d848d8dc0ee88bdd5ab9697865,6a8f9fcd9f9fa3a59d9813fefaff6a44,delivered,2018-01-21 22:30:31,2018-01-22 14:03:06,2018-01-24 15:28:32,2018-01-26 18:05:01,2018-02-06,c207c1d4888e8931dc9a70d17700714c,2018-01-21
3f5a1c29c5881cc9902ed702efbdde45,61260c512475ab1d7519b332199e8c1d,delivered,2017-09-10 19:10:22,2017-09-10 19:23:25,2017-09-15 21:27:38,2017-09-19 14:59:20,2017-09-21,7606dff35bbe8c1d4166e6d77d235a26,2017-09-10
55b6cfcdaae4a8dc9629850dc635995d,c5ea6b40204131fb48bdf66d273d7f15,delivered,2017-08-08 16:32:39,2017-08-08 17:20:07,2017-08-09 15:17:19,2017-08-16 16:28:04,2017-08-30,b5c4a9be51f8c894107ad132e7fb8ae3,2017-08-08
a9f79500e239f331c724ae1fc5543bf5,78a6b9486f068ed66115b05fe58b2b57,delivered,2018-03-10 21:24:16,2018-03-10 21:35:22,2018-03-21 15:18:33,2018-03-26 22:32:41,2018-04-13,ce08c5d1cb6ac8f714dc79680c3f7a01,2018-03-10
9d10b455f195f1fd74ef4ce42acf747d,09e0df89238876c0ae98f6eb0fbe08c4,delivered,2017-09-16 11:48:44,2017-09-16 12:15:18,2017-09-20 18:15:50,2017-09-25 18:49:58,2017-10-04,5ede8fb528303cdb7aec5f9c70ab1522,2017-09-16
32dad65c7c23a695894f80922d9299ec,da4668d04be436501614b38d36f72375,delivered,2018-02-28 15:52:24,2018-03-01 02:49:01,2018-03-01 15:27:00,2018-03-13 20:52:35,2018-03-22,a127a2a637b81760814c5e7194db4a36,2018-02-28
42aba87a5d74e497fc853cde910d4e32,36c82ac8588030097d3f7aca9640518e,delivered,2017-11-24 12:41:27,2017-11-24 14:53:50,2017-11-28 21:33:15,2017-11-30 01:32:27,2017-12-08,49cd19da4125cfc6418ea28ce4880f7c,2017-11-24
972f03a2ab321bf017e5935258d033fa,646ec1788e9a354f74f34212deb37834,delivered,2017-09-01 18:28:26,2017-09-01 22:25:38,2017-09-05 15:03:37,2017-09-11 22:11:27,2017-09-21,f033c0d815744232baa02627b90d1587,2017-09-01
1a65d6928b5ee7a7afb52dad3ccdf11c,71af115b2d551456216e58c97250e562,delivered,2018-05-16 20:59:32,2018-05-17 07:35:17,2018-05-18 08:05:00,2018-05-21 19:05:14,2018-05-28,5419310accda28a4818957fe9da8f057,2018-05-16
15812af232ebe0d344d123c18fde51eb,983155c4c0cc44b685df66df2e9f8e78,delivered,2017-02-02 10:07:57,2017-02-03 03:41:19,2017-02-03 10:15:55,2017-02-14 11:45:44,2017-03-13,7db4d22fd27d6b46393385f8a951fd21,2017-02-02
3edbbef8745cef6c2e474153945c8e0d,49b5349dbcfe2c6281df2a618af2cf1c,delivered,2018-04-08 16:29:58,2018-04-08 16:49:32,2018-04-10 17:08:37,2018-04-25 15:40:57,2018-05-03,2e2ac9b487e03daa3fab4888dd4c5c23,2018-04-08
60587a0b83305888501192ff07ba8bb9,2f38c3926fb8ba143f2741e9e7adc93f,delivered,2017-12-03 12:29:04,2017-12-05 04:13:45,2017-12-07 20:29:53,2017-12-10 13:48:47,2017-12-20,5179b7b48c149156cb51eddfaf06b712,2017-12-03
257ab9903352539e481128aa856113b5,971bfe39418350859c2eb52127c06aa9,delivered,2018-01-21 21:09:35,2018-01-22 13:59:37,2018-01-24 19:42:44,2018-01-30 23:53:04,2018-02-16,b4f03c75358574baa9cac3de5fc4a5c0,2018-01-21
f4f8522daccc59321b1358e61baa1ca7,557f6a0353ea846e7619dcc3d9140137,delivered,2017-11-18 17:39:20,2017-11-21 03:58:00,2017-11-22 21:51:01,2017-12-06 23:53:21,2017-12-13,9daea9b7c0b2762d124f937f36c2de54,2017-11-18
57b27ed317a9d0ed3ed31b5a50392b51,03d9a01006461e5674fb618206c83526,delivered,2018-04-30 20:36:38,2018-05-01 03:15:19,2018-05-03 11:17:00,2018-05-08 21:06:49,2018-05-23,f3bf3bed9936aecd7792e6c49779dedc,2018-04-30
0e80c0d12085997d97ada58dda2ed84b,0cc2d7c215c68e51c738257527a75324,delivered,2018-03-25 00:11:10,2018-03-25 00:28:03,2018-03-27 02:03:56,2018-05-09 18:52:41,2018-04-13,79148ee10dbe803940a71bea3d486b5f,2018-03-25
e417eb578007d00c0b658bc321e625fb,e5cb26fca2d6d69837f8b62d69368ca0,delivered,2017-10-03 14:57:22,2017-10-03 15:07:23,2017-10-04 16:00:26,2017-10-13 21:42:57,2017-10-27,d2ff06ecb0dc4475ed2425a4b50ea0b7,2017-10-03
d931bcdb789d6460815d187628a45ea0,40c423abdcdf26cf7a1e3b7129a7ced6,delivered,2017-12-07 17:47:51,2017-12-07 18:20:31,2018-01-02 15:51:57,2018-01-09 18:48:48,2018-01-17,a297788e1c5a8e482e4fb1c6d90d6377,2017-12-07
449fd66fb16ef36b8f48f9f1f6dfdd3d,e532665b23b3d9fcf965342ea38a1ab7,delivered,2017-02-21 14:29:03,2017-02-23 02:50:43,2017-02-24 13:12:48,2017-03-03 14:07:49,2017-04-03,f004f2e480aa3607ef7dc7cfd44b5998,2017-02-21
b6904f25e61fa334007f6d0350ac62d4,0a32173125f7b32ef02aec262e27a948,delivered,2017-05-01 22:38:57,2017-05-03 11:34:59,2017-05-16 12:01:20,2017-05-19 10:03:45,2017-06-06,bb8b06423616902c6b6d6cc7673e9169,2017-05-01
7fa93e469a3df1e1cf3effe670acbe13,84179f402ef4bd0262fdf54f51bc2dcf,delivered,2018-02-01 09:44:40,2018-02-02 02:55:39,2018-02-02 23:07:03,2018-02-14 21:47:42,2018-03-08,3752b84323db24fb5f85b577d9c4cedf,2018-02-01
84e6078e0615be2c230b32c857152bfd,f5f43846cc97059ceb258cdeb5c1119a,delivered,2018-07-24 12:52:29,2018-07-25 12:45:12,2018-07-26 08:31:00,2018-07-27 21:36:29,2018-08-01,53691c7e18b12d8d852bc04f801d4fe4,2018-07-24
87979d4911d8ddfec45cd5ebccfb535b,8108be015f1623687cb6582904cf4fb7,delivered,2018-01-01 20:33:42,2018-01-03 04:12:21,2018-01-04 15:38:47,2018-01-19 20:26:26,2018-02-01,4e535e0a2d1eb9303e3da4ea53b78620,2018-01-01
1874385b2e1267b83f06520d354ae9fd,31fd5032081edfe8b80abdd6cac16abc,delivered,2018-04-07 16:17:06,2018-04-07 16:30:16,2018-04-09 18:17:58,2018-04-10 20:06:40,2018-04-23,79352dc7cf66eab9a3e789ae8b07078f,2018-04-07
2d1127e130b6702121a35862a2840d3e,74298ef9b98443b73f5a902a72918bf5,delivered,2017-05-10 17:21:40,2017-05-11 04:10:13,2017-05-11 12:12:12,2017-05-13 08:12:17,2017-05-30,4fcc54152e34b2fb77f850f57582a2f1,2017-05-10
56400a721b65efb0da1a9f11ea5b2dc7,ed3c7592e1ac84fb9ab17c6567560499,delivered,2018-07-15 10:46:14,2018-07-15 10:55:19,2018-07-16 13:28:00,2018-07-27 20:43:29,2018-08-09,987ba1c91feeda94668be38f6398a706,2018-07-15
e47110d41905de410a2e6b8e4d9997ef,2445986db608043b8a1b6c146acaf625,delivered,2017-06-24 20:52:28,2017-06-27 04:03:13,2017-07-05 16:02:09,2017-07-13 20:12:22,2017-07-27,e7ad24c7bbed58a8a5c72ee69d43f6f4,2017-06-24
85c4170fce54fdeff14d1bdfbc01ccb5,b460f02848cd2af7ce345937c3f53f6c,delivered,2018-01-18 00:39:32,2018-01-18 00:51:11,2018-01-20 00:33:03,2018-01-26 18:15:39,2018-02-08,ed4d757eb1c0f2e630e0b26723a9f59c,2018-01-18
2efb042198dc29d88f506b0f0a607b15,0bcea9b16dc81df6e830e8f3a61bcb30,delivered,2017-10-30 20:50:31,2017-10-30 22:31:38,2017-11-01 15:04:41,2017-11-16 15:39:45,2017-11-24,5b14f2c0eda10f5f5048e97836726cf6,2017-10-30
78c9d1353276b2af75baeb1e1fd400f7,b46689fa5074c5dc64dccd8ecdfb5e3c,delivered,2018-03-27 18:57:23,2018-03-27 19:10:22,2018-03-29 20:51:02,2018-04-02 20:20:34,2018-04-09,aa8035cc0224c19096934a1e3c30dc00,2018-03-27
f4819650bf7464dfe407e28a6596bff7,47eded05a30d7a6af12a5018a4d76284,delivered,2017-08-28 13:54:55,2017-08-28 14:10:13,2017-08-30 17:32:47,2017-09-11 19:22:12,2017-09-20,77d5ea1cb78d945a5bf7589b64323478,2017-08-28
94988f535f661bb99df19830f8b0c85a,575c83fdc47cd734f5bcb15356b95284,delivered,2018-04-15 21:41:47,2018-04-17 05:51:05,2018-04-23 16:35:37,2018-04-24 17:02:59,2018-05-02,3442337a73c2faa75a6aa7ebcaa7a5a8,2018-04-15
8507049ba787aece6fadc233efdbb0b3,1b93e31aac5baddd05b3188a82db777a,delivered,2018-04-25 10:26:29,2018-04-26 04:15:22,2018-04-26 10:40:00,2018-05-08 23:38:46,2018-05-23,ffe76cb2f4bb39384c432d65ece67441,2018-04-25
de694f11ec11e5fe9863ef978ebee3dc,b3a08145646e240e9a1aa67557f4d361,delivered,2017-07-22 21:45:34,2017-07-25 03:43:42,2017-07-27 16:53:40,2017-07-29 12:06:12,2017-08-11,f2ee18f21a0465d98a1861c0217d3bdb,2017-07-22
215f3324d1e0ac9abd788d1ac6d65b9d,5aa2f21d43e5a3b019dd7e815fe3f754,delivered,2017-10-31 09:49:31,2017-10-31 10:07:14,2017-11-01 15:13:20,2017-11-09 21:08:42,2017-11-16,37a51f110eeadbe4ec3ea1c2fd519108,2017-10-31
f8e3202e9cd8c0fa7214e81340786b36,3e908e835fed1043fef69ddc2b455454,delivered,2017-07-30 21:30:58,2017-07-31 21:25:10,2017-08-04 18:32:27,2017-08-07 19:26:36,2017-08-15,1294a329499e41f75a8016e312d652be,2017-07-30
9476149aec45b9b1774a161abcce8631,73969b20fe25029e7ffabb98d15fd650,delivered,2018-06-27 20:09:21,2018-06-28 09:51:08,2018-07-02 12:27:00,2018-07-04 20:54:33,2018-07-24,46ed566acfe7af7f285fc5280bdcc87e,2018-06-27
dc12f9e8414131e62897902a78e0286e,43b59dd57875a5c0b3e2d70f13a5baf6,delivered,2017-12-15 13:41:41,2017-12-15 14:52:47,2017-12-19 15:07:54,2017-12-27 19:44:07,2018-01-18,aaae63dbead9bc974a1e993f47271f5a,2017-12-15
5b10d29307d564e7cba05fe2ecf7334b,5da58311c38580e9148202a5ed52b9e0,delivered,2017-07-29 08:23:31,2017-07-29 08:43:39,2017-08-04 18:03:13,2017-08-09 21:44:58,2017-08-22,82d0f1877418ebbf240f303990d18d82,2017-07-29
1836d4c5e6632d43138fd0b963d2868a,a8b26af037958fa33b0634227eb025de,delivered,2018-05-12 09:23:09,2018-05-15 05:15:18,2018-05-15 14:18:00,2018-05-24 17:22:53,2018-06-12,8c826b863581f657517987026dc8fc4a,2018-05-12
3c5d259b3ebc0be37007e40161e87808,c994d6b0515f1e1fd246d40214d32fa6,delivered,2018-03-16 21:13:49,2018-03-16 21:30:35,2018-03-21 18:56:27,2018-03-28 19:36:45,2018-04-04,eb4e9594ff7f92379d4109c4e2976f93,2018-03-16
2884411103e7fe124af5df8b85a8fb7b,41c6c34fa28c9c468324a035899bfb97,delivered,2018-06-08 09:50:55,2018-06-08 10:57:19,2018-06-13 15:44:00,2018-06-19 19:32:41,2018-07-13,0b2bb52a5ca5a3380b2161a2d7c1bec3,2018-06-08
7e68991a1a850b61d2a20fd75f462397,85eb23c7cef0b97eda81a956c3f748c7,delivered,2018-08-16 23:15:46,2018-08-16 23:30:08,2018-08-17 12:08:00,2018-08-29 22:36:48,2018-09-13,e855df677dcf0d237ed583793afd7988,2018-08-16
adba6d04acdb64b6df4751a0e639dfd9,aae8a8be7d213183eead54d3fb27b04b,unavailable,2017-06-20 17:53:16,2017-06-20 18:05:11,,,2017-07-12,9ea675ae7d2fc65e2c62316827118da0,2017-06-20
cb303e4e397e2a02fdaca20eabe8dba9,78edb32c4f1ecf80a8d84cd09038f3db,delivered,2017-11-24 13:20:37,2017-11-24 15:33:48,2017-11-27 13:27:33,2017-12-06 18:56:02,2017-12-18,7004156351731e8f639a27d9b33b3c02,2017-11-24
eed169e888ef45d577ec9d8972a597c6,01813ee9f6884594643a63fc9eaf76a1,delivered,2017-08-03 08:54:25,2017-08-03 09:05:24,2017-08-07 21:38:06,2017-08-12 12:49:38,2017-08-25,d4598f80bbe611f529f578021c1f7a07,2017-08-03
ac1ad6203d23f24b2a0d5f03194350c4,1e5d1eb03501e8ddbd71596a99153223,delivered,2018-03-06 12:06:23,2018-03-06 12:16:25,2018-03-13 01:41:51,2018-03-24 17:52:45,2018-03-22,640a8b0b6db646734a53f39871f9e816,2018-03-06
0a15572811e0bc23e2963de1cdf344f0,a0a88da4a6858c8d7cc650bbd21949e8,delivered,2018-04-19 10:59:31,2018-04-19 11:36:50,2018-04-19 21:36:40,2018-05-04 20:04:01,2018-05-23,d9a5ebf62ff59b5cef9e4e36b6a76f7e,2018-04-19
2bf72423c933e87360d57c946d11877b,95b7f25b758ee66891d77a2ee4a1593a,delivered,2017-09-01 11:05:04,2017-09-01 11:15:16,2017-09-01 20:26:36,2017-09-08 21:33:56,2017-09-20,12cc40879dc7329ad5675e890c977140,2017-09-01
d68cb705b9d644fcf651e59d9c01ba24,0335d2d38f73c105f274b4cf306c2a32,delivered,2018-05-08 13:49:19,2018-05-08 14:15:34,2018-05-09 11:54:00,2018-05-19 00:34:57,2018-06-18,5697e2a4b157e2c895ae2bd9f0aa406a,2018-05-08
d6f81c5ff8389221e5c1d73ba937d7f9,dbb1d26faf76c199b739edd9d8847a00,delivered,2018-06-11 18:27:03,2018-06-12 07:57:36,2018-06-13 08:15:00,2018-06-14 13:22:35,2018-06-29,ccc02413eb876d8e587f73a8f13b0d87,2018-06-11
bf48c37aab37d5df8bf6bd53727693d8,976590ccdc83ff872a87a7bb739eb1df,delivered,2018-07-13 23:06:49,2018-07-13 23:24:00,2018-07-18 13:00:00,2018-07-25 17:52:48,2018-08-13,1e29568f5414179b63fc9559182c7732,2018-07-13
a9a6fd3ca2e803548ec0685c9261a4e2,e96ff5a5f8538ccd9dbe20e694d02a51,delivered,2018-08-11 11:31:31,2018-08-14 05:35:22,2018-08-14 14:22:00,2018-08-20 15:04:12,2018-08-24,9b495a90cb9498ad09a99f7c9f4213a3,2018-08-11
67348b916dece1709eda43da06e03fed,02be3c1e80d42583e71d6c2eb9cade45,delivered,2017-07-05 10:50:48,2017-07-06 22:25:12,2017-07-11 16:47:54,2017-07-17 18:17:54,2017-08-03,434dde55bcf4bfdc3f70e979046c5412,2017-07-05
ffe63ac8de50ca1b8d8aba30d6bff4fb,71b497960cffaf0689ae433028997745,delivered,2018-01-02 13:57:36,2018-01-02 14:31:54,2018-01-04 16:43:22,2018-01-08 22:37:58,2018-01-30,1116239ebf9b25c10676339846bcfac5,2018-01-02
2c88b5879d666444b90643a3817f9b97,a7f913b5e7544ba3de6205e67ed196a6,delivered,2017-03-17 21:27:37,2017-03-17 21:27:37,2017-03-28 08:00:36,2017-04-04 16:04:37,2017-04-17,1883c860dcd73e0bd0ec6e82c727baab,2017-03-17
2c9802d8dcf6a98e04bc7dc09cb33c65,38e258cddfb4ca0e370c284212cd8b4d,delivered,2018-02-22 16:51:51,2018-02-23 02:29:02,2018-02-27 13:52:00,2018-03-07 20:04:47,2018-03-15,7ce51d461552602453e436c393436fc5,2018-02-22
7366deb07205707fdfa5b33582d4269e,be579a31961ab4b95d998b3947ace05d,delivered,2017-12-28 14:42:46,2017-12-28 14:55:31,2018-01-02 20:27:41,2018-01-19 00:52:16,2018-01-23,9dce0295c54f623a23e39f89a6902387,2017-12-28
ebb17d52f687e249ea4c82b179752cdd,67ed1391de0d2cfba768fc5840d706b8,delivered,2018-05-05 13:16:14,2018-05-05 13:33:36,2018-05-10 12:36:00,2018-05-11 21:57:23,2018-05-15,c17cfbbfb39fddb9a2623241959b6d8f,2018-05-05
429820950af3ab4d3ce2ea5897c9182f,289e7b7314970d0f2e3b0e709142c671,delivered,2017-05-30 01:31:09,2017-05-30 01:45:06,2017-05-30 09:12:38,2017-06-06 14:03:34,2017-06-22,026c7e2e8e363c7e734a716f9c70dfc3,2017-05-30
5fd03333c4c020a7eff08e6ef26ef8cf,6a81e067c92bf11135c074c637f12ad2,delivered,2017-10-10 10:49:17,2017-10-10 11:06:16,2017-10-16 19:57:28,2017-10-25 23:07:47,2017-10-30,739283599a6b3eee618b32951add63f3,2017-10-10
7529a27c3db5807043903076a53133dd,91633ac94a5ddebb20906d16ba6a53d7,delivered,2017-03-07 16:31:53,2017-03-09 02:51:12,2017-03-09 10:01:57,2017-03-15 07:42:05,2017-03-30,af86cd765238ea71b81a12b2631080f0,2017-03-07
1f667257ee2e5233698f7509dee81690,ea9eace2850dd109fdf9443e88092b44,delivered,2017-11-17 19:53:15,2017-11-17 20:56:03,2017-11-27 18:24:12,2017-11-30 22:10:00,2017-12-13,a312570be861cdc0b6d77010cda047fb,2017-11-17
78c1dd10b79d48d48bb2d126a2e77b82,2ffcabdf3a263c1662bcf85f5afbeb9b,delivered,2018-04-17 10:59:15,2018-04-17 12:12:16,2018-04-20 18:52:13,2018-04-26 17:51:38,2018-05-15,e01e9ed7edf5caa1d2d70f77358acd72,2018-04-17
05dc9045a35ab252a2b71dd4b0dfb63d,f145b776c9a84798752ab06f0bad91d6,delivered,2017-06-11 18:53:16,2017-06-11 19:05:13,2017-06-12 13:48:27,2017-06-16 21:36:47,2017-06-26,34415df9a4e2f05f76e2e35d7752ae90,2017-06-11
67b0f99f4462dd93418ed97b21a6c725,edac42fb2321d66c4fe98b9bde2d97b3,delivered,2017-10-06 10:48:07,2017-10-06 10:56:17,2017-10-16 21:38:07,2017-10-21 15:47:55,2017-11-09,78e458f208939f5da58d76326532847c,2017-10-06
3bea71c4bc883f23291659b144e887a2,884f2496c2d61abf6305b4bf140ccdda,delivered,2018-04-14 18:52:34,2018-04-14 19:11:05,2018-04-18 22:48:41,2018-04-24 21:07:13,2018-05-09,ecc2f7f60f6710c52f589a50db53fcd2,2018-04-14
c532dd9ed72f4f01e704fa965ecf3df8,b2321b9448e5b22e0c6c79a4f80ea0f9,delivered,2017-12-12 00:59:26,2017-12-12 01:40:22,2017-12-12 22:38:40,2018-01-02 21:52:27,2018-01-08,9101c89ca944110708708e96e8b2491a,2017-12-12
34ca707f0687a186215481e5b55df48a,32f7fa273af43c883fe0b290f86ca006,delivered,2018-02-24 21:10:36,2018-02-24 21:28:20,2018-02-27 16:08:08,2018-03-02 19:41:31,2018-03-16,d968c74d2cce546cd19bea37d42af076,2018-02-24
ac84ab357a08e5722fc393cec91b5ce1,4b53d9cbd6d6af97a3f67290793cb808,delivered,2018-03-07 14:49:34,2018-03-07 15:10:07,2018-03-13 21:26:45,2018-03-17 15:08:39,2018-04-05,91a5df664a9bc6c533dfd0cccda1a5e2,2018-03-07
49e9dc045f7315c4ad59cf9184f45914,0b5e1382879c6dfa001754baf54c6542,delivered,2018-07-27 10:26:40,2018-07-27 10:44:22,2018-07-30 12:18:00,2018-08-03 16:46:43,2018-08-16,5b8cf1a4afc70dfb0344a6f9c98aa18e,2018-07-27
6afa4d330be6f76da03b1420c1a59c45,97dac0e1bb23983ecae0b39da75edd9c,delivered,2017-12-15 16:59:21,2017-12-15 17:14:14,2017-12-18 22:17:05,2017-12-26 15:58:59,2018-01-15,3ca25c97fb67bfc0ef3270552e485c0f,2017-12-15
2ab52ee7bbc56e3868f74d1528246edb,c0c305fe80a99e5571ec7a5432459b9f,delivered,2018-04-05 21:56:29,2018-04-07 09:27:44,2018-04-09 19:22:30,2018-04-12 22:32:17,2018-04-24,56f7e34f48e102d4db62dbdd5c802d16,2018-04-05
8104809ce1b8fe36d8228fd0e357ebc0,86cb4f1c3e32aaf6c8dbfb68fb45a0be,delivered,2018-04-15 16:20:40,2018-04-16 15:31:36,2018-04-18 20:52:32,2018-04-27 13:06:48,2018-05-14,976a42b428cdcc4c80dd7e23dcfbc5e6,2018-04-15
17eef98a45132ca576588788ed401b96,4e88cdfcc6490fa26dc52e0e409a5704,delivered,2017-02-09 19:42:22,2017-02-09 19:55:08,2017-02-13 02:04:03,2017-03-03 09:58:59,2017-03-10,ad00631c48d2db9b92face8cfc7e4f22,2017-02-09
66721fc1b7506481ff0d62fefe0aaa6c,07f531d80eec53e83d52e270ea6538ea,delivered,2017-02-10 10:34:36,2017-02-12 10:30:10,2017-02-13 11:09:50,2017-02-16 12:20:25,2017-03-09,fdc8b2ae6846c2c904194654d61dbdfc,2017-02-10
2ec81b9e5f5e40c41a3e747ca4dd8d8b,7d937ae0cf8dcf549e545d4df8894161,delivered,2018-02-22 15:50:47,2018-02-23 15:54:35,2018-02-26 18:57:00,2018-03-17 19:21:41,2018-03-20,08a1c6b42a93c9e79a4405e0660fbe79,2018-02-22
f32c4d2b078bc5a354f4c1184522b5ff,5a1523d32a6d1b323a05895f5164655d,delivered,2017-09-18 12:58:42,2017-09-18 13:15:08,2017-09-19 13:32:40,2017-09-21 23:04:58,2017-09-28,f08c0bd27f7124ac8e4f977478e0d562,2017-09-18
cb29497c3782a76b57327c055d58b0e0,663c23427108785957931a3ac88f6085,delivered,2016-10-04 16:41:59,2016-10-06 15:55:55,2016-10-24 07:05:30,2016-10-29 12:53:41,2016-11-28,2e15add79c76241beffe812a24ad3a31,2016-10-04
249ff875b152ea3c750e1d42cfee893a,14f32f9bf07908e6cfaac30c14928156,delivered,2018-05-17 16:45:53,2018-05-18 00:55:28,2018-05-18 14:52:00,2018-06-07 23:39:52,2018-06-04,87c6a32c322fa3e1bd1f1a0e47b4f201,2018-05-17
791b4a44bd8319b5598f703141db400f,ec27117a3767d7d75b29286390bb9519,delivered,2017-10-17 18:41:56,2017-10-17 18:56:20,2017-10-18 18:02:52,2017-11-01 19:46:50,2017-11-16,c3e2c47725e7c9a8494957c497d008f5,2017-10-17
7f73858012ce32efed89439a20062df2,0b55cee3f779e00e15de669f5da71d8c,delivered,2017-11-24 10:19:55,2017-11-24 11:33:40,2017-11-27 14:19:10,2017-11-30 17:43:36,2017-12-08,f8ac03cb1226e6f2699b45df0032dcc2,2017-11-24
5e3081d115ec0e1e17b02019e4330d61,06bceece157515b2204f14ea11350353,delivered,2017-08-20 18:22:15,2017-08-20 18:35:04,2017-08-24 15:33:17,2017-08-26 13:22:21,2017-09-25,66515d1bebd2b28f94559f4da6d0dbff,2017-08-20
1f169866113310fa8ab239a0b4c7e8de,10f6413b5b1071b6b46c72c05df6f4d6,delivered,2018-04-17 13:25:52,2018-04-18 06:32:05,2018-04-18 22:08:33,2018-04-24 20:47:39,2018-05-10,baefaec72794d54a0aeaf7bb6203704b,2018-04-17
3061eeeda2ce6bbe56d21c705f5d083c,4eb910ad4478ad5e5c6da32ef841b138,delivered,2017-07-13 17:58:46,2017-07-14 02:24:25,2017-07-17 15:16:55,2017-07-18 16:16:02,2017-07-26,91b489c3aa6a391c1ac48a4fe3a131e4,2017-07-13
8572e18216437c86715d1e5a52321408,e3c038c0f88122fd5b7f566d198acc39,delivered,2018-08-24 23:28:21,2018-08-24 23:44:19,2018-08-27 14:38:00,2018-08-29 16:11:01,2018-09-05,ccd1e342947650f0c8b3cd9b89a3c8af,2018-08-24
e40815dcb739e03cb2c06547ef7c3092,4d44a73097bff381fc95fe6d86a96160,delivered,2017-01-28 21:51:24,2017-01-28 22:32:05,2017-02-02 13:03:04,2017-02-10 17:38:04,2017-03-15,d9ee7056d3b273526910787687c3c218,2017-01-28
e13771d81b11fa998c5534001f1520f1,b5dc660534126a84822d57681d78f071,delivered,2018-04-05 11:36:48,2018-04-05 11:50:17,2018-04-05 23:52:02,2018-04-11 22:46:55,2018-04-26,6b66f155b506f8761f43b1694ecb3039,2018-04-05
ca414766885ef23fbb64dcfffe684699,af75138c42a3bc72157eaf45b6da592f,delivered,2017-09-25 13:18:24,2017-09-25 13:30:17,2017-09-25 19:29:55,2017-10-06 13:17:52,2017-10-26,ca87392503c5a503ff16afc9344ebbe0,2017-09-25
2f83083c33a1f0bd8f5c9a4ac807ff0a,08c7e9277e931b338a239e83980b067d,delivered,2018-07-19 00:27:48,2018-07-20 04:45:15,2018-07-23 14:36:00,2018-07-30 18:16:50,2018-08-14,6d00968d345231e30a9927c65bf9a5fe,2018-07-19
8c242b06662dd71ddc5251a5b0f62b87,9bf1366d0c36b553866ec4d27a186360,delivered,2017-09-29 23:22:03,2017-09-29 23:35:08,2017-09-30 14:03:37,2017-10-12 18:04:12,2017-11-01,10a1ef252dfed31a344567df1786d7e9,2017-09-29
cdbd6a9fbdb7302360e7c110ce85381f,1b957db31d28b6dc6c7a098676c03609,delivered,2017-05-20 15:15:37,2017-05-23 14:22:57,2017-05-26 07:47:47,2017-06-06 10:42:37,2017-06-20,8a3be8f9cb5126bca4fb3c6b2026b590,2017-05-20
573de7df35639ded5e09b11ea2542d17,e175224a1568dc4b37ece75a8dcc1763,delivered,2018-01-03 19:20:34,2018-01-03 19:29:26,2018-01-05 17:53:00,2018-01-08 22:04:15,2018-01-19,da9300275c96a4ae5648475582578ebd,2018-01-03
290b12fe53ad224d4f2ba8f1eb54a8f1,9e6e020daf8c70608a83f7e18fde0589,delivered,2017-05-16 21:51:12,2017-05-16 22:02:37,2017-05-18 14:44:03,2017-06-14 13:45:59,2017-06-07,53ab54b5ebf51945d24a70cd1f65f188,2017-05-16
7775f1a362c378b553296a6ac824ad0e,f65cf41dc7566470b447e365bf24e831,delivered,2017-10-22 08:40:37,2017-10-22 08:49:19,2017-10-26 20:52:45,2017-11-03 18:27:49,2017-11-10,93338aa66ca9b0b58aa1dbd31080f158,2017-10-22
25fdb80cdfa1727a381fd272d0810a8c,80627b047561dcbb978b53cafbf9ce99,delivered,2018-04-07 23:17:32,2018-04-10 03:50:01,2018-04-12 15:41:59,2018-04-13 16:04:29,2018-04-24,65d3cc3d0db7cd06840dcaa366d51f34,2018-04-07
31ece8303bc27804a8e341abbd3f2d02,7e02b8b620915b4c37112c948fd5bd18,delivered,2018-01-06 16:06:34,2018-01-09 07:19:58,2018-01-10 16:03:04,2018-02-06 00:58:42,2018-02-07,eef4124a069b9153b3a5503a20ef3e2e,2018-01-06
e32cb2b7845ddbc8322b670ff7604fb3,a5fa0fc7218b8e86907e98bc906d5a0c,delivered,2018-01-06 00:46:32,2018-01-06 00:53:20,2018-01-08 19:28:07,2018-01-12 20:48:42,2018-02-05,95dd9b92502a995203fad959a4ca1695,2018-01-06
e03566eab6041e05274e23b5a2fe5d31,c5af5453cf8127f3c3ce75b498561dbc,shipped,2018-07-24 21:05:03,2018-07-24 21:24:30,2018-07-27 14:39:00,,2018-08-16,f74a075d2c4f68917c7d568df06b1e90,2018-07-24
e399c29d4401b459c761d3c58662d5d9,71b7374b767f2bbc1a6e8151aa3cbcd3,delivered,2017-10-31 21:42:53,2017-10-31 21:55:12,2017-11-01 16:41:14,2017-11-07 19:38:51,2017-11-21,cc8fcde49354452e5ca8031183d737f7,2017-10-31
5857c4471757f3c88440e2f2f405c7c1,e3f7787cf546d9eb3097e856db584f28,delivered,2017-05-28 18:26:26,2017-05-30 04:35:27,2017-05-31 07:12:22,2017-06-05 13:42:25,2017-06-20,bee34d1f763796df23e3d2d33793f143,2017-05-28
6d8a901414328a5ace8b17a2fb3f664a,95e4cadaf56d0ea677e395ab5a6e2bd2,delivered,2017-12-29 10:55:59,2017-12-30 10:48:28,2018-01-02 19:57:00,2018-01-12 21:15:52,2018-01-31,8aa94b6a2d67c3ff65248655c46ce20a,2017-12-29
8bfb8a222a893a52bb8c9fe889b4e5a9,01d238a78a68c0b02c73167a63f05f9e,delivered,2018-01-13 18:57:59,2018-01-13 19:10:10,2018-01-19 00:16:37,2018-01-25 17:29:06,2018-02-08,5bb37d32974345ca14be2984fe1d5b7b,2018-01-13
f23a4132d42810c7f591d372282ae3eb,57690c2fc610a75de4875a2b9f1826e6,delivered,2018-07-18 16:47:00,2018-07-18 17:02:23,2018-07-20 08:46:00,2018-07-23 21:08:34,2018-08-06,eed928b8e9367862e039a6fc6b99b193,2018-07-18
558b5f3eea27fa1b4cbc05013c45948e,177ba55869da8001fcca079af0b85832,delivered,2018-07-28 19:00:54,2018-07-28 19:10:11,2018-08-09 14:47:00,2018-08-16 17:32:07,2018-08-27,85475e754525d6d222d917dbc8251801,2018-07-28
8cf08ec6272b9383b4b0ec15a92d859d,3dfc1d5c8f0063d8bf49bc7adee3cc0e,delivered,2017-09-13 18:05:37,2017-09-13 18:25:13,2017-09-21 20:18:15,2017-09-25 17:09:25,2017-09-29,7a46b3f104e585f97517162d2f26a48d,2017-09-13
672dabc5c0363afbe1ef39abf10ad92e,a321e7ff150748b73bb114a7af786911,delivered,2018-01-12 10:49:13,2018-01-12 11:08:39,2018-01-15 17:07:19,2018-01-25 13:18:03,2018-02-02,39f5f169949c2c647eb1e893740419ea,2018-01-12
1dc762b27fac9fd0a2a373b1765904d6,adbcf3eb5f2914d148cfa1a12aaf8dc3,delivered,2017-12-02 00:25:15,2017-12-05 04:15:34,2017-12-11 18:13:00,2018-01-03 16:49:32,2018-01-02,571f0fa4546a9df995e63ed9d851bec0,2017-12-02
b77200a7cbfba12d399cea6ab05f0056,d4e46c8fea215d808d199ea91ee81fb7,delivered,2017-11-05 22:21:05,2017-11-05 22:30:51,2017-11-09 17:51:55,2017-11-21 22:21:15,2017-12-01,e5eed5d0afc1ee8620468918995df9f6,2017-11-05
82a3143e7fcc98993eb0c75677fafe61,a5b789a16742e6834fbd27892ba5eb60,delivered,2018-01-10 16:55:29,2018-01-10 17:11:25,2018-01-15 22:41:51,2018-01-23 16:24:49,2018-02-06,63b650958afb649122d56931c5034be0,2018-01-10
cfcb538b0e3d703532d8676f72674a66,5016f9bf2fbfb54c4156400e817be0f7,delivered,2018-02-22 14:23:02,2018-02-22 15:20:26,2018-02-23 19:45:37,2018-03-07 20:23:57,2018-03-19,0de0b473751a0d5fb9f10e40f1dca31e,2018-02-22
ae7c4721024efe600df6ac3fa7e52c58,e7105b76f473123dba8054434c88adb2,delivered,2017-07-10 13:33:35,2017-07-12 02:10:43,2017-07-13 14:36:30,2017-07-20 20:04:12,2017-07-28,c0fc2e3595c750de75d36e7db9399e83,2017-07-10
53ce1063e2dc0e2f7f70b9225c4fe698,af5879bf80a0b2de2ea8e4531f15b643,delivered,2017-04-27 09:47:36,2017-04-29 02:45:31,2017-05-02 09:55:00,2017-05-10 14:27:55,2017-06-01,ca45a33e409c8e998391608ba273bfb4,2017-04-27
a5e6afa3599ee9c2accf10acd3c923c9,355b4eed0949e4700be979179eecbacb,delivered,2017-08-23 10:13:01,2017-08-23 10:26:25,2017-08-25 13:09:54,2017-08-28 14:13:00,2017-09-11,93a2e255c498ea71d7a63bd3f06abc01,2017-08-23
04af00b2ad7756ba45549af1e832d8da,01d7603b563bc426e2eda5e0677e714b,delivered,2017-12-05 21:01:20,2017-12-07 03:16:39,2017-12-09 00:10:15,2017-12-13 20:43:24,2017-12-21,ddfc56800fa6a7ebf02088a3bde471c8,2017-12-05
7c43fe101fb4d918fdde27a9d5c1a55d,72f4de2d0b788e1cf5e209886736de7c,delivered,2017-10-27 18:24:38,2017-10-28 03:06:12,2017-11-23 20:31:59,2017-11-25 14:43:39,2017-11-17,62a10d90dc65c0c75cc617da952f261a,2017-10-27
b205be748c20bcc61ef49cb39437895d,421d5ca0e6fb99bf273b5c69a7369909,delivered,2018-03-20 18:30:37,2018-03-20 18:48:16,2018-03-21 19:20:41,2018-03-28 22:08:30,2018-04-09,88234a09738fadaff6f64bf968c3a333,2018-03-20
8086a62681389206d6324771e84fcb7c,1ab147ee1f0137283c771d31dc8fd5c3,delivered,2017-10-14 14:24:15,2017-10-14 14:35:21,2017-10-17 15:57:31,2017-10-25 17:28:17,2017-11-10,11797ab674c60dee39614c4d4ead8ffb,2017-10-14
b804058ccd1385f9f8edab97e4d57f66,77b2df3dacf99e1e955b6e2e551140e2,delivered,2018-01-11 17:58:36,2018-01-11 18:08:30,2018-01-17 18:47:07,2018-01-31 23:43:04,2018-02-09,6cd478432b3e6e414b3d01e54870e371,2018-01-11
81b15e9061212fc1a2e309ea9b494bc9,bc0650119695e14edd3ab84c4703a7df,delivered,2018-06-12 08:53:13,2018-06-12 09:18:11,2018-06-13 12:32:00,2018-06-18 21:38:19,2018-07-04,555a2f9e4f9ec3befb1e4d833fb7373f,2018-06-12
eea28ef28b84c9907e7417c41813bd34,43e75acd76726d795aa44ccbcc95c764,canceled,2017-10-09 15:46:07,2017-10-10 20:49:37,,,2017-10-30,1b57eee21c47dbcd808f23d6f5e50957,2017-10-09
d54e949458cd42507227cf623fac5f3b,abc389d2fb6eabf81bc6559618237970,delivered,2017-02-16 07:54:22,2017-02-16 08:10:13,2017-02-17 16:12:05,2017-03-01 08:35:29,2017-03-29,037d710260659ca2b5623d8bbe9b04c1,2017-02-16
1b40cca6df37a29bf8591a8c2dddd3c8,16a2c0b51780d4999a7e2fff5ca37829,delivered,2018-03-21 20:24:17,2018-03-21 20:35:35,2018-03-24 10:29:00,2018-04-06 18:58:28,2018-04-19,e3cbcfa6c1c083e3710874ab38ab9b7f,2018-03-21
c375be2afa9340cae31b6c25a09449be,a09fe082576117028fdad56f51dab563,delivered,2018-07-14 20:07:39,2018-07-17 04:31:40,2018-07-17 15:33:00,2018-07-20 20:02:31,2018-08-01,e62fd7a9c513b286d911a220c2fb8921,2018-07-14
febcdd7967f1d7c285c2729e23af0075,451c8dd87afb50d8842438b4568af292,delivered,2017-06-07 12:59:08,2017-06-07 13:10:31,2017-06-08 13:03:36,2017-06-16 14:13:03,2017-07-03,f8b4f834c32cb8f3731ce01c872d8965,2017-06-07
f5327a56946560898f7ddeb8a9ad57ae,1663565f21476518351527ac76c72ba3,delivered,2017-09-13 15:34:04,2017-09-14 03:04:32,2017-09-14 15:17:20,2017-09-19 20:43:17,2017-09-29,1fe23dc7a015176978e30c2067e09946,2017-09-13
52cafd5349b83c44cef90c267012a0d2,b695437f3c8fa38c0ba037c7e13786c1,delivered,2017-11-23 10:57:38,2017-11-23 11:08:33,2017-11-27 15:09:38,2017-12-05 16:52:24,2017-12-11,2829360d4897b0a8fbcde0e7a6de64e8,2017-11-23
fe206005e41f89f9759ece7fe7acc9c3,00447b6bd39c4a0f6366b05948f9e2e3,delivered,2018-06-25 15:05:27,2018-06-25 15:18:59,2018-06-25 14:08:00,2018-07-03 20:10:15,2018-07-23,3c9e98b59c61b1ccdba1108eca8c61d4,2018-06-25
50cc103bda59bd29c59f33e00e19b4e7,b7ac02c7140a36d272f16840d4a55871,delivered,2017-12-07 16:39:23,2017-12-07 16:51:56,2017-12-11 19:32:19,2017-12-28 16:59:31,2018-01-08,a95f5d1a093f55b0771e5d6212540ecc,2017-12-07
d0ecd96d0c6926c81ff571a7c21bfdca,264b02b4faf59b7ad0b4bd065056a804,delivered,2017-06-20 13:51:17,2017-06-20 14:03:57,2017-06-27 09:08:21,2017-07-10 17:15:33,2017-07-18,5348281df50de35c5eb3816f99e69ed9,2017-06-20
38396b4cf6f7c64870a71804f18641bd,c9dd71ec6612ba575fa2917595bed09f,delivered,2018-03-01 14:45:26,2018-03-02 02:10:51,2018-03-02 17:49:26,2018-03-28 22:48:47,2018-03-22,41bec5363584479bc6582b76b412b0b3,2018-03-01
d60ecff4cf9ca74d078b9a105d138eed,1d1a37c1b70cba4e4a95c2c71a984d05,delivered,2018-02-06 23:00:53,2018-02-10 10:18:39,2018-02-08 14:21:59,2018-02-19 22:24:51,2018-03-06,993ffa155f5912c9aa1175a3a89cccf5,2018-02-06
5ae5a2d65d23cd2e0d8a1ca9b0c5a3bf,166d8a3eebbd35ac3c6013d0226d7e6b,delivered,2018-07-23 00:36:18,2018-07-23 12:31:53,2018-07-26 07:33:00,2018-07-31 18:06:39,2018-08-08,8c08102fd27c24adbc8c3a9995fa8d77,2018-07-23
fd06d0c6fa9aa98d24fcb159b433375e,a4c35f9b8c018afed6ddd51ddd89cfc6,delivered,2017-06-03 09:11:30,2017-06-03 09:25:18,2017-06-09 06:11:16,2017-06-14 15:37:56,2017-06-26,d2bd93dc020bad315e81f7065f272d7b,2017-06-03
f54985d5e0aa25e89765a7f3c1d7c445,17d871c2a8aaebdb6d8b7dc48398afae,delivered,2017-04-15 11:10:07,2017-04-15 11:25:14,2017-04-20 13:46:00,2017-05-05 13:49:59,2017-05-12,e85cead1b63c9aafe00a0b0d4238d26e,2017-04-15
43a5d40681ed4ffe2ed88d6fb2639545,08958a40dbb52a0eb07d38b5e9ba3e51,delivered,2017-01-22 22:15:00,2017-01-22 22:25:13,2017-01-23 16:19:48,2017-02-03 10:11:51,2017-02-21,03d8e50ab83b5e43e11d51bbadb8b0bd,2017-01-22
11da60acfcd7ff313e1ef9c2f86029b9,1628a7562ca4ba34dbc6b96534e41a61,delivered,2017-12-04 11:26:11,2017-12-04 16:31:35,2017-12-12 14:17:01,2017-12-14 18:04:20,2017-12-27,44c001471a2efc7d2e66da91a1fa681c,2017-12-04
a585e716f1acad90ad2c2ac0cfbb1e3c,3f9681b10ce24632bba9359ad420f922,delivered,2018-06-28 17:47:00,2018-06-29 17:51:09,2018-07-02 14:35:00,2018-07-29 11:36:35,2018-08-01,26101aef8842877c41825aa20221c348,2018-06-28
345d632f9fe362bd4f152e75f5b95128,8f734ced85f99f67c4c276ed81876645,delivered,2017-03-10 10:34:16,2017-03-10 10:34:16,2017-03-16 12:42:45,2017-03-24 16:40:14,2017-04-20,3befdc29b48b5c9416c10e0fd9ff9d79,2017-03-10
8c392f89aecdbec13f3871c27f677835,f4861f19d48c455b9d1ba9a57609121f,delivered,2018-03-25 16:55:38,2018-03-25 17:10:30,2018-03-29 04:54:48,2018-04-17 07:09:39,2018-04-19,a2ba62a1d07bcfb715b6af144599582f,2018-03-25
90480b682af5c1a9c00cbbbc7ef9bda7,12e1b6d020b00c08afc46ec721e0160d,delivered,2017-02-06 10:13:04,2017-02-07 03:45:14,2017-02-08 17:15:31,2017-02-14 16:22:02,2017-03-03,e0edca77b7cfb83eb584350cf58a6bff,2017-02-06
34fa4dce8775b3b4accea9779a4a6562,c3af7c0e51b2768d53a7654b57fc0492,delivered,2018-03-19 15:04:03,2018-03-19 15:24:10,2018-03-20 21:25:47,2018-03-23 01:14:31,2018-04-02,692e54a1377629febd7d56cd3bb6ace4,2018-03-19
cf5f5f819b2d893f6b4545d61025dcf4,610acd3e17a6ba412c219bfb1d2b9f1a,delivered,2018-08-15 16:43:47,2018-08-15 16:55:29,2018-08-16 13:29:00,2018-08-21 22:41:41,2018-09-26,1ecd872d7c87a92bccd42e450cc58031,2018-08-15
b26536936ae16f2e91301cb742fce1bd,184bcc485b37b9eec28ea04a557a3de4,delivered,2018-05-18 17:07:06,2018-05-18 17:55:20,2018-05-23 12:41:00,2018-06-05 13:26:49,2018-05-30,9195414c5cc7985ec9a2c2cabadc666c,2018-05-18
7d9c214c1febcd31fd655b4853bf3c38,743870049d6f3ea4eab887206171e6bf,delivered,2017-06-29 11:47:42,2017-07-01 05:05:21,2017-07-04 09:07:41,2017-07-05 14:26:52,2017-07-12,4a2d9f6fc118aa66891982662c63eff3,2017-06-29
8c0f6431b08ee4b975520e4ba0f45952,a0623d34d96bfbdf4d8b42ddc91eca09,delivered,2017-10-19 16:38:04,2017-10-19 16:49:50,2017-10-20 16:42:29,2017-10-25 15:47:55,2017-11-07,6c0f6749866571592a80c399f60fb6b7,2017-10-19
0e7569797e4b4f2871c2439fa24b3888,fe75f3036d6ffb5af9e267792cd87e64,delivered,2018-05-20 15:39:20,2018-05-20 15:50:27,2018-05-21 14:00:00,2018-06-04 19:53:32,2018-06-07,75e723da1e089420632c7d3f6b250f20,2018-05-20
b07c4df2465a5b5c2a22522e681a6ca9,70f6569fc88c303a208586d7199e33ef,delivered,2017-12-02 17:32:10,2017-12-02 17:50:37,2017-12-05 14:39:16,2017-12-22 13:48:50,2018-01-16,9222868321af322ef6255c9a269a622f,2017-12-02
ea25a7c224e8ab2c05c2425da85c033d,c7b61613579c9bdffb328c60b8b6c148,delivered,2018-08-15 22:59:53,2018-08-15 23:10:13,2018-08-16 15:12:00,2018-08-21 12:57:45,2018-09-06,8c8bec7ddbe8141f7af8f4b8be692be4,2018-08-15
35a20de8aa4da49067825dec7e7928b0,ad3e37df6501f1ff58f06204c2e92f0d,delivered,2017-12-11 20:13:18,2017-12-12 10:18:21,2017-12-13 17:53:47,2017-12-29 20:59:43,2018-01-09,50c78bc18b27e35a86d4b4f28cf1253a,2017-12-11
3a51339b8956feafcab1fe4779ee5a82,21525a3321369961ad550114e0fe022d,delivered,2018-01-14 13:31:03,2018-01-14 14:31:06,2018-01-16 21:11:48,2018-01-17 16:26:33,2018-02-06,1b01cbe7a016e4525d2fd5cb78a9e43c,2018-01-14
aa3d4b2c0fb6da178364768f0d3008f2,d6ed26221e617895d1fd974919d6b5d4,delivered,2017-12-18 10:43:50,2017-12-18 12:45:35,2017-12-19 19:42:26,2017-12-22 18:29:02,2018-01-15,0f603c97035aec349b1d3bcd83354c44,2017-12-18
9c7420176504e0322420860db10766e4,1cfe9cbf7d071f113398f3290a620214,delivered,2017-08-02 15:34:50,2017-08-03 03:04:42,2017-08-04 13:33:21,2017-08-11 16:59:37,2017-08-24,8e28c75331adbcaee611eeca007b2a7a,2017-08-02
5956fa21016f2b556a3959ff5aea8536,30eea11489ed0fc2155f0ffd1c7b0fad,delivered,2018-04-15 14:01:22,2018-04-15 14:15:12,2018-04-16 17:03:35,2018-04-26 16:52:48,2018-05-04,29ae51e30a23ef8229fe091708de9e50,2018-04-15
3a77992e9af4cff3d2b7bffa8f0597bd,b034d086fa50e3f4ba566e002b161b89,delivered,2018-02-12 19:52:15,2018-02-13 19:47:17,2018-02-20 16:34:43,2018-03-09 12:21:24,2018-03-07,bd95d2121f9a3dab7e2a82258c799a9e,2018-02-12
ef0987feb7826e38ac57d833edc30db3,6083fd47c2a7ea4b4b70aa65093b5e24,delivered,2017-12-04 22:47:03,2017-12-05 10:30:42,2017-12-06 23:46:46,2017-12-07 21:57:30,2017-12-20,e3c468874912086d533266ba09592c84,2017-12-04
096d4376832d3c6a12a5b6815590a657,57d8a458d7250607de1fe62759c5e298,delivered,2018-02-12 09:59:28,2018-02-15 03:47:50,2018-02-16 01:12:48,2018-02-26 20:52:27,2018-03-13,14fd9bce52113dc9c4c85bb257bc1a31,2018-02-12
123d32c3da610881ddc7e17902398c05,d21bb8dde600c57517689bfcaeaa62c0,delivered,2017-11-19 20:35:05,2017-11-22 02:46:56,2017-11-22 18:18:55,2017-11-23 18:06:49,2017-12-04,99da196553d9b67b1c762a712a8caaf6,2017-11-19
10889542f25363f8b12b679fb7bba35c,98b806dec7744f1d6ab3c2f5def9d1de,delivered,2017-03-14 19:19:23,2017-03-14 19:19:23,2017-03-22 09:37:36,2017-03-27 14:27:46,2017-04-04,3d7374e69df52d243adcddbbd1fc6cf3,2017-03-14
76622c01fca584f77626ddafa70d17a2,70c4a16db23d6dd87b8de903e4f6b389,delivered,2017-10-08 21:16:25,2017-10-08 21:28:14,2017-10-16 16:25:37,2017-10-18 18:03:30,2017-10-27,e97c0380e13dc5c89173029f67b94f95,2017-10-08
121570884a708ffcfe5e2b083ed54d88,32d35c0b929d83bfb1b11e5a7f80bc29,delivered,2017-07-13 12:48:44,2017-07-14 02:15:41,2017-07-14 18:44:24,2017-07-20 16:35:44,2017-08-04,de5092e115c6cfe408c86e8386d5da47,2017-07-13
b736f9c98deb53b03ac6e931f3373063,f99d7ce66aba4bf59de3c05ca6561451,delivered,2018-06-05 19:14:32,2018-06-05 19:54:47,2018-06-08 14:11:00,2018-06-14 16:58:40,2018-07-24,4517782060db6544b81e17b8a1d76aad,2018-06-05
77d6b708885d2096c60a2c70d6339b47,45e3a54b29d4b8e7f1eb2e61433ad320,delivered,2018-07-20 10:12:21,2018-07-20 10:23:54,2018-07-20 12:26:00,2018-07-31 20:56:42,2018-08-16,4facc2e6fbc2bffab2fea92d2b4aa7e4,2018-07-20
8ef805f6b95cf7f7e95c49e91050920a,dacd221c6e61590fc4e70e6a64926dd4,delivered,2017-06-26 17:43:29,2017-06-26 17:55:22,2017-06-28 13:11:40,2017-07-05 16:57:51,2017-07-27,45ca4053806ecd0f595c633184e0ff61,2017-06-26
9ebfcd2bc9b6535e4bd2f4a199ccb665,d21c580207b4c0ffe90dfc6b0b9aad69,delivered,2018-08-21 19:49:49,2018-08-21 20:04:17,2018-08-22 14:53:00,2018-08-23 12:44:39,2018-09-05,4fc0bed2293b60132d8d750003a78598,2018-08-21
025e90567adfa253765b7fe0e844af3e,fb545b1c12acfe1a72c0e57c087f9029,delivered,2017-06-10 14:01:56,2017-06-10 14:22:36,2017-06-13 09:10:11,2017-06-19 18:45:54,2017-07-03,bfd7552391183f548f9956f2069d64cc,2017-06-10
4e88622fff810dd27f43c1663684bcf7,a2a33693165276b5e7e5ddb42a1d0c40,delivered,2018-07-04 19:49:40,2018-07-05 16:22:00,2018-07-05 15:26:00,2018-07-14 14:37:28,2018-07-26,3e49e0b73e8398a32a929c8c3048e9bb,2018-07-04
9acd35e199ceebf9f6fcf287fcc96050,77682d57b408ae4e966b75af24ce0022,delivered,2018-07-17 15:26:49,2018-07-17 15:41:36,2018-07-20 12:40:00,2018-07-26 18:28:28,2018-08-06,8cdf7cb8286bedec92f7d5c0000de310,2018-07-17
1b882405b224816e178cb5b5cfef9519,e14ce3c6c6d5337363712edf760f3a4a,delivered,2017-05-09 11:35:21,2017-05-09 11:45:14,2017-05-09 13:16:41,2017-05-15 12:28:03,2017-05-31,565af81202a1fb8a9ffe282935381142,2017-05-09
e1edbc7909e20f68fe318826cb3bf626,edcddfaece1ea547c0c266f5ae50dcd2,delivered,2018-01-22 18:22:38,2018-01-23 18:16:54,2018-01-24 20:41:51,2018-01-26 23:05:12,2018-02-07,fa4e9b1063a89e1ba99cecbaa7879a6e,2018-01-22
41b64ffb924858fb0d246c1065fa426b,ad842d5f00835e547a2cc4c3867b7ebb,delivered,2018-03-18 16:35:44,2018-03-18 16:45:32,2018-03-19 17:43:23,2018-03-26 17:02:21,2018-04-12,770d37ede04d7c9622b7f25902845cf1,2018-03-18
9a44abc905204e1ab8b71a8b7cb4b838,7e70584ba81ccfa9df18a1d031597975,invoiced,2018-08-02 16:06:00,2018-08-02 16:40:16,,,2018-08-10,7b7c6a9f85497a476d2276bf12c2a82d,2018-08-02
6192bdc9139ad21eb4e63055f1a7c8ce,aefdc01b9a9038b0a534f5442de46956,delivered,2017-07-16 21:22:36,2017-07-16 21:30:14,2017-07-17 22:05:33,2017-07-24 20:57:47,2017-08-09,140e71dc725ab4e267a5e53434ca99bf,2017-07-16
26ba6dc5d33b55a3107a56f4e8d77395,c94b0a7723688efbdd4f0ffda201182a,delivered,2017-03-15 16:38:56,2017-03-15 16:38:56,2017-03-22 10:34:31,2017-03-24 00:20:11,2017-04-10,5ed4db82a99daa916b5a11e6c48df670,2017-03-15
9888c63722f4013669bbb7fa059d4641,70bd203d5b9fb533a0409fe77ab05bf4,delivered,2018-01-16 20:43:28,2018-01-16 20:50:44,2018-01-17 18:56:28,2018-01-19 21:07:19,2018-02-06,e171d82524e62229df8a7cc8850f99ad,2018-01-16
bc21fd56e19626007f06da1b7f7b6c39,ce48eb5adf120b207900d03d7cd52c39,delivered,2017-11-06 21:19:16,2017-11-07 04:31:19,2017-11-16 23:08:43,2017-11-20 17:37:34,2017-11-23,f5e127d63aa0dc285c7336c96d04f4a6,2017-11-06
c08a3a0b0a729cc378e7a36ebf5e9a95,393d64cafa977bd5aeeb4724bdf29d03,delivered,2018-06-26 01:07:23,2018-06-27 08:12:02,2018-06-27 11:31:00,2018-07-06 18:07:46,2018-07-24,0033f4a2887e07e25aa1204d482f41ba,2018-06-26
58ac63782a9063fdfe379c7b31b1f054,08898ffe9691f44300322bc3595f6bf1,delivered,2018-02-11 10:20:52,2018-02-11 10:35:25,2018-02-16 00:59:08,2018-03-08 19:48:32,2018-03-08,8e7ea89b2693dce7b718e4a40990e2e0,2018-02-11
b80f903f7c03f3e14f467161e1535627,1fe1bfe0bb8c4a834f257a62cff044c8,delivered,2018-08-03 14:02:09,2018-08-03 14:15:16,2018-08-06 16:06:00,2018-08-30 12:44:40,2018-08-22,2472afd0e8eb035583a1aae9f577b5bd,2018-08-03
61a7f6ac7afdcaf8a5b907eceefc0b33,312a3a9546b2ee455c66ff62528eefd4,delivered,2017-12-05 07:20:28,2017-12-07 09:32:15,2017-12-12 18:42:16,2017-12-17 13:36:47,2018-01-03,928abb7e0e74f50a0b0136df20196cd1,2017-12-05
90dc9cc4800643816ac1387b5c9d0fed,f6875989fac1fae11faf6e9437ee905f,delivered,2018-01-23 18:04:28,2018-01-24 17:59:15,2018-01-26 14:12:39,2018-02-19 14:13:37,2018-02-23,eb76bff7e52231f6e8a9b97b14f3f2bd,2018-01-23
fb160817be895543f88cd2eb3d7b1946,d1bfb5ee1b4214a9fc72449c13c85477,delivered,2017-12-07 21:39:36,2017-12-07 21:50:43,2017-12-12 02:04:14,2018-01-15 13:46:39,2018-01-10,0aff838d826afd9c11d8d35f114c0505,2017-12-07
d917b61df82dea35fe77a6dd3f6022e3,31eabee6e1edc94e8fe685de329a97a3,delivered,2017-12-09 16:50:35,2017-12-09 17:10:51,2017-12-12 19:14:00,2017-12-30 01:33:50,2018-01-10,51e3dfa2a1bdb412521b7ca870b8c38a,2017-12-09
2702240ee3035b40fae068d0f55e47e5,0f5cc28675a4f25a4b16f148a428c111,delivered,2018-04-02 11:20:59,2018-04-03 08:08:58,2018-04-03 21:42:18,2018-04-10 22:41:14,2018-04-24,5ab466471eb1cf70568c17f1c3bb2702,2018-04-02
2d82ea9060e0785b62b20ee2595d8eaa,fe947adaad7a3db48e9ac07b358e6aa2,delivered,2018-01-03 19:56:30,2018-01-04 14:56:23,2018-01-05 16:19:11,2018-01-13 01:32:22,2018-02-02,b66b0221baecbab9ebf88bc4494cc659,2018-01-03
05028bf6da42dad66775424835329d50,a60acdac62e9cf7ec389b37d8d81e948,delivered,2018-04-10 16:28:59,2018-04-13 13:15:06,2018-04-17 23:48:38,2018-04-24 14:42:04,2018-05-08,590dc46bd2a7fa518c873ca46af3ba72,2018-04-10
1b5616e7176516b92c005cf30da4dd69,11022f3b7869a59e9f21e745f89f6a52,delivered,2018-06-08 18:02:30,2018-06-08 20:42:08,2018-06-13 13:55:00,2018-06-18 21:22:56,2018-07-13,864e071e9c8fa3fb0cd110650a83ed6b,2018-06-08
d762d74c09a598d609ecbf46c3ab0603,d34d8be2d14d57f7e03555eb3cb3d956,delivered,2018-07-19 14:17:22,2018-07-20 04:35:16,2018-07-20 13:10:00,2018-07-25 20:24:37,2018-08-02,8fb378ace44dd19b424f3783eae75661,2018-07-19
fc8c618e6370da14b6f7ddcaddcab31c,0a1086a4021cc95c10d53035aa0e012c,delivered,2018-03-12 23:21:44,2018-03-14 02:48:45,2018-03-14 19:27:22,2018-03-28 14:21:51,2018-03-29,1048bfc5f32f7cd7ac2b4f4e3cbc3e26,2018-03-12
2de931311a1cb3001070a6c567124301,57de838eef2ecc95a8b6040a6a5157df,delivered,2017-09-16 13:21:47,2017-09-16 13:35:09,2017-09-19 19:07:15,2017-10-04 17:47:32,2017-10-10,ae1c9c0f22ad209413028f81af2bf3c1,2017-09-16
d310bd7091e28dd1dd215b1aae78f9f5,de426be1b483575f03fda1bf5f29b1e8,delivered,2017-10-06 10:36:09,2017-10-06 10:49:35,2017-10-06 21:56:43,2017-10-11 18:02:56,2017-11-01,e1f50c6c0a443c30340b982b8fbe1a14,2017-10-06
880d70aaacf9fc6f25e6f4f24debc2eb,2acc65b3540d88602e20554b42667419,delivered,2018-06-11 12:44:42,2018-06-12 09:37:03,2018-06-13 15:26:00,2018-06-15 11:48:32,2018-06-21,c525a97bc4416de4e7157b6d8a061d1d,2018-06-11
94e99970c46ac11ef94327aa996b30de,ad925d43cc1beb9f6078d16a8e85960a,delivered,2017-10-03 16:26:37,2017-10-03 16:49:25,2017-10-04 19:12:56,2017-10-20 17:18:56,2017-10-19,bcfefc46c326ac50f3b3e51db23cfcaf,2017-10-03
f9346cc813c4d1d8450517f507602e60,f3a76cb53cef80f2754593b264a19a09,delivered,2018-03-20 21:08:52,2018-03-20 21:28:24,2018-03-21 20:22:40,2018-03-25 15:42:11,2018-04-06,4b576fe19e3e63ec2ca76f484c390b09,2018-03-20
5a862434f3a367a4727fd219326cc689,138197da71fb160b668d4121fdc6f6c1,delivered,2017-04-20 14:30:07,2017-04-20 14:41:40,2017-04-25 08:36:17,2017-05-04 12:56:15,2017-05-22,f4599d96c3dfb16e879ec4bcc0c4f8c8,2017-04-20
276c36d0f0218b24c09343edf53cb98f,00cca8735b2e7b89dc267f378e5c9e8d,delivered,2017-04-17 21:24:52,2017-04-17 21:42:19,2017-04-20 08:42:22,2017-05-06 09:07:46,2017-05-15,c118a3dba2fb79861a948df731adc128,2017-04-17
a2cb7138f0dbd806834e29cecfa9f454,c1937fb00658a73317253a822b2a52b6,delivered,2018-01-04 23:20:29,2018-01-05 23:11:25,2018-01-08 20:16:01,2018-01-17 17:35:56,2018-02-02,8f6893474a8fa78446db9f5e01b95c63,2018-01-04
c30a47a0dddaa5e8b49d103368bcca27,564f1d0393db6bceae774f4ebd81c514,delivered,2018-08-05 13:38:50,2018-08-05 13:50:17,2018-08-06 15:13:00,2018-08-10 15:06:39,2018-08-15,bc104d43afd2a385d11f8df9e4b9e1e5,2018-08-05
a3fb3b6bb8e09643668fa1ed2591b149,1f0297c67e5e3106b058c933b37053dd,delivered,2018-01-08 10:33:19,2018-01-08 10:48:10,2018-01-09 19:44:11,2018-01-15 23:04:03,2018-02-01,7a4a111b6eb0dbcbda7944911409ac7b,2018-01-08
b56fe464457abdb77acc8dfc5ed9e205,5a71d60e1d0bcc0c7de712b3dfd00e26,delivered,2018-05-18 14:23:12,2018-05-19 03:15:35,2018-05-21 11:16:00,2018-05-22 21:18:52,2018-06-01,3893d70b2d99073bc0326b57d1bb1b19,2018-05-18
293654220ad21e2a3f268a874f6f0e69,5749ebe881f0b24c1e7a8a3590a074be,delivered,2018-06-05 12:16:41,2018-06-05 14:31:59,2018-06-06 14:16:00,2018-06-07 17:37:45,2018-06-29,00cac13832bd0a8b6f50f6a36b053223,2018-06-05
233d8268d51e023c7a65edd9cb24de49,5dcb91571a9b716bc97e0d4de1cd0d6e,delivered,2018-04-24 08:40:09,2018-04-24 17:30:03,2018-04-24 23:16:49,2018-04-30 19:48:51,2018-05-17,2eb3251d2adc54cc0ce00c3f9ca48828,2018-04-24
6bf0f652ea13e6773172c1899a925bb4,6f938c049d2ad5009aaaeae097167b69,delivered,2017-07-09 17:35:06,2017-07-09 17:50:15,2017-07-12 13:43:42,2017-07-13 20:41:26,2017-07-21,4260e604a906747f934ea882e1d48045,2017-07-09
3e049a81d7ed034671533b968ac28274,92db187ff0dc8d7522e0cc82713a1ea0,delivered,2018-02-27 14:47:00,2018-02-27 14:55:34,2018-03-02 20:04:21,2018-03-07 23:47:08,2018-03-19,54588f52cf1ecc71353aa2e985b5c19a,2018-02-27
67f62d8c0eb28a115a033ad02b2d4b3f,dc3c81bd4e0ace3f4b67883f85af1eb4,delivered,2017-11-23 22:14:47,2017-11-25 03:56:23,2017-11-27 21:49:01,2017-12-01 16:46:46,2017-12-21,5277f2c18bae9ff7f93aa8118ace6e03,2017-11-23
1d41a4a86b1079c1c1c71cf212b174ea,5d91eab7464c2c96d03a84c5e5377953,delivered,2018-02-14 20:29:42,2018-02-16 07:46:59,2018-02-16 20:07:45,2018-02-27 18:35:09,2018-03-06,13e70df559f696f7207a7aca68585da5,2018-02-14
121359da115bccea4657956562bb3266,02fe8d515ed6bdaba7035d433bdac524,delivered,2017-06-25 13:59:03,2017-06-25 14:10:14,2017-06-27 09:43:46,2017-07-06 16:04:06,2017-07-18,e83ca85f8176c4497377cff2cc7d9b7a,2017-06-25
77411858d5ea9f0dec6b071cec64349f,5d77023012412bbad6a0173e7a55354f,delivered,2018-06-18 20:19:18,2018-06-19 09:58:10,2018-06-20 11:19:00,2018-06-23 14:26:30,2018-07-16,fccbcc554ea15c18c3a0d06f7e4f2bd7,2018-06-18
42c5091238dc63339c79f5f35f8a5a6b,da231380834f900e3fc3a958a1533a33,invoiced,2016-10-10 09:57:05,2016-10-10 11:04:04,,,2016-12-02,e3626c985901df173504f3d285ac823f,2016-10-10
4dee2a3e6470bab984859192120d6e3e,fd50b5df0c554a9639f8f1afb5eb5fcd,delivered,2018-05-03 12:53:41,2018-05-03 13:11:56,2018-05-03 13:15:00,2018-05-08 17:32:47,2018-05-23,22534f67ddbf35d6831b4b0d4beea813,2018-05-03
89546ffd3a887671c40c8e0eb8dfd3d5,7a94fe72595378f349c9b20959e18ddd,delivered,2018-05-16 19:37:06,2018-05-17 03:35:19,2018-05-17 14:26:00,2018-05-18 18:49:01,2018-05-28,b133555b30eb52da3d5ae7caf81cd97a,2018-05-16
a05515a2b77ea6b669bd02c1694ea20e,290a6e52e04d3e7365568e96fa48fe33,delivered,2017-12-04 09:08:22,2017-12-04 09:17:27,2017-12-05 00:41:55,2017-12-26 16:38:38,2017-12-27,eaf8b1aa185199a62be13fe370e82ad1,2017-12-04
0c11df2b80d95b1eabdcdf3790bb3347,498262061f04103f440f2e643da02027,delivered,2018-03-10 17:32:15,2018-03-10 17:45:25,2018-03-12 22:28:49,2018-03-24 14:12:39,2018-04-02,e8001d7ab27230c1f2fb39aa63aea136,2018-03-10
4b1c5ec72d03e8244e7e2c08123df831,6f75bbc662ec115296ef7e5efa04cc21,delivered,2018-08-17 11:27:54,2018-08-20 16:30:31,2018-08-22 11:15:00,2018-08-29 17:49:46,2018-09-18,6f6e1078dff9301f8f946b5eace8253f,2018-08-17
4ed918415e66ffe7823d3e8de95e0f71,a665a1314241703415ff8050078a480b,delivered,2017-12-29 21:12:22,2017-12-29 21:26:49,2018-01-02 19:26:47,2018-01-19 18:22:48,2018-02-06,2d613625056a1ec17e4c63abec160284,2017-12-29
09fe6a53d51c53e7961252621989b67c,c5b84038071afcc85b592d40ca2f6d21,delivered,2018-01-08 19:46:22,2018-01-09 07:24:06,2018-01-10 23:07:51,2018-01-18 20:16:31,2018-02-09,a61654cc37cd1130c3d8a32fb45633d1,2018-01-08
67aad3026d50e2928d6925136a0be9e7,b5e685cce7c8df37ac2dbdd3caf58407,delivered,2017-07-21 16:39:51,2017-07-21 16:50:17,2017-07-24 18:09:49,2017-08-07 18:32:38,2017-08-22,2d0525fe296cc1344aea0c6f6e57a7c1,2017-07-21
4599031af27f0cc484a02ada76c68ca2,991a3891199a240b585e2d194403b768,delivered,2018-08-23 20:49:24,2018-08-23 21:04:35,2018-08-24 12:44:00,2018-08-29 17:04:08,2018-09-12,8e3c9cb462e961440d0017f034d6d46c,2018-08-23
dba86c0ca2d44138a882ae12b4a12d63,3e0b799408f8fba30d5416cfa77c15b3,delivered,2018-02-21 07:23:32,2018-02-22 02:10:30,2018-02-27 21:25:05,2018-02-28 22:33:59,2018-03-07,82375c4c18f30b5a9a5ff8da6dd206d4,2018-02-21
fe87d4b944748f63ca5ed22cc55b6fb6,d992eb012e1599214218191d39c99693,unavailable,2017-12-05 09:20:36,2017-12-05 15:14:07,,,2017-12-21,876e013b5aba25a55b55a4d5670ba831,2017-12-05
fae4552fc320d851844902535c466e92,bc83a273368964e5985028f29ccead39,delivered,2017-10-23 16:21:02,2017-10-23 17:14:15,2017-10-24 17:50:50,2017-11-01 20:41:20,2017-11-10,771bd0dea1c6e740bbf0da47967f878d,2017-10-23
5ab9f5cd19baacd0b863fd1f502cddd4,1c1ad056c87fa765562c71dac650ba3b,delivered,2017-11-16 15:20:45,2017-11-16 15:35:22,2017-11-22 21:09:03,2017-11-23 20:47:35,2017-11-30,887305d64ce727016c02c40f5a371d8b,2017-11-16
160785e29f32dad981f631989203a58b,3d26bf7e44e447da5922e141464ecb8c,delivered,2018-02-15 15:09:15,2018-02-15 15:27:10,2018-02-17 00:24:55,2018-03-22 22:27:34,2018-03-15,3b7db2193ed15f85e6eda7ddfa2ead27,2018-02-15
aeee18f9e96661619be19ae8346c072e,8b41260e4f96818d4497b04d0f6a5ba7,delivered,2017-12-14 20:38:16,2017-12-14 20:59:19,2017-12-15 21:27:50,2017-12-20 21:54:53,2018-01-11,b0db0d467d705af7ab72d9aa1cc88394,2017-12-14
4b9e4020c555991e00ed305b2ece46b7,454ba69ab91152f04ba67bf96f46ae11,delivered,2017-06-03 10:17:36,2017-06-03 10:30:11,2017-06-06 09:15:18,2017-06-12 16:45:58,2017-07-03,064b4e180166294e451887ff8b5a74d7,2017-06-03
4de53bbf0a2a3bae777eb829a3145c9c,ce8959f7f295750ae35716f912e44dc0,delivered,2018-01-22 11:55:00,2018-01-22 14:19:16,2018-01-23 21:16:42,2018-02-08 15:12:05,2018-03-02,927c8cf25e96b01a34298a890cbbe406,2018-01-22
ef65b956d32f49ca2de73231303e80b3,fcaf0d103e34562e5d96b2708adb9a06,delivered,2018-06-25 20:26:30,2018-06-25 20:35:21,2018-06-26 15:39:00,2018-06-29 18:17:48,2018-07-18,e4c5a5cdd55b62f3594a20dfa1ff2976,2018-06-25
52064702688c67baa4242897e9136b5a,99b12292a8da6a515b65c9532e061977,delivered,2018-08-03 16:16:19,2018-08-03 16:25:18,2018-08-06 14:07:00,2018-08-09 15:38:46,2018-08-20,abc9e5b32caf6ec0c8fa356117b66d66,2018-08-03
ea2f9e46eaf5311b2a097a65699bac5c,96a7d07a2240060934473b67ab504430,delivered,2017-11-29 19:56:05,2017-11-29 20:09:58,2017-12-02 15:42:47,2017-12-11 19:53:37,2017-12-21,28be3bd4177073ca196b0102d98c362b,2017-11-29
c8ca33595b27b7aac886cc2936d67bdc,224c768691fcf5ff9ff64a7eaf89ddfb,delivered,2018-02-13 16:10:46,2018-02-13 16:27:10,2018-02-15 19:09:36,2018-03-01 00:43:01,2018-03-08,ebe981a1b4ae51ee6e244e207acd3562,2018-02-13
4329e268690f8c53ef682851d4b16083,603d6645e0369e261c29a5c40b11ef1b,delivered,2017-11-30 17:57:05,2017-11-30 18:10:38,2017-12-04 21:28:26,2017-12-13 19:06:35,2017-12-22,c92ad7e7b17977fa4299eb7017ae3b1d,2017-11-30
66bd5293331e02863f2054bf659ed2be,469de6321bc3cc06274c61d9aebeb0bf,delivered,2018-03-08 19:46:03,2018-03-08 20:09:28,2018-03-13 18:18:35,2018-04-17 18:29:34,2018-03-27,31f47e48e5a49c4ae1ccf5ea9e2a5e11,2018-03-08
06f69fec6e098f6350cefea19ca51ff4,243d86c0e5924f29e6e9496e533b0a85,delivered,2018-07-05 11:52:08,2018-07-05 16:11:09,2018-07-05 15:26:00,2018-07-10 18:06:35,2018-07-26,b24cfc385718a9a4400f0bce33a24e0f,2018-07-05
d24e8541128cea179a11a65176e0a96f,beeda72b31be3b8a38b5c2b77d7705c4,delivered,2017-06-12 13:14:11,2017-06-12 13:25:11,2017-06-16 14:44:37,2017-12-04 18:36:29,2017-06-26,beba456e33133cc65b481399d051b2ba,2017-06-12
656deadecd45f4e75686a2ae1adaaac5,2a74cd12881dd01da6e6bec1b861a808,delivered,2018-02-15 19:46:04,2018-02-15 20:06:22,2018-02-19 20:21:48,2018-03-31 12:40:38,2018-03-09,6247e94ae5df6160d5a90db6340ace2d,2018-02-15
4be09db4d90c87cf6a402ab9bc6f48da,eef89d688226c1a29e1b83aa1ffb055a,delivered,2018-04-09 09:49:23,2018-04-09 10:10:18,2018-04-10 00:38:52,2018-04-30 21:34:37,2018-05-08,ede836714ad38950bede1981e222de41,2018-04-09
d3181d89d5d30eb7e7ebbc78b4a0ae0f,f9091907c8f636a4c8fddd72f6d0c8f4,delivered,2018-04-08 23:04:11,2018-04-10 04:10:32,2018-04-10 22:24:39,2018-04-26 19:38:57,2018-05-10,7e731c275a5520c69e72f43467916247,2018-04-08
7b9d78f5bc4b271094f1e7c107c3142d,270363614b2b12a6b9c4acc42ec5f3c4,delivered,2017-09-25 08:50:48,2017-09-25 09:05:35,2017-09-27 19:27:30,2017-10-03 18:06:21,2017-10-19,e889d48214f734c3caf3f0010fe5c91d,2017-09-25
a92a63c8deffa6b4843c8e30e10abbfc,827e9a69f1088bb7a0346579af090eb5,delivered,2018-01-06 13:52:23,2018-01-09 12:29:15,2018-01-11 22:36:15,2018-01-19 13:59:34,2018-02-08,1a0ebdf3a1d982fda1f28c07100792ed,2018-01-06
e5417e5e64916eebb4159888b02469c1,cb275ec0b2b788d7c59b92ba9bac692e,delivered,2018-08-04 16:44:32,2018-08-04 16:55:21,2018-08-07 12:25:00,2018-08-14 18:41:48,2018-08-21,2e956ae4ca5b5d28539c75c1d2adc716,2018-08-04
b6a2d13e218643aa2ad2fb10a8cf567a,419c5e5573bd1e16aa33dce68889fcc3,delivered,2017-05-04 01:04:02,2017-05-05 02:24:04,2017-05-11 08:57:54,2017-05-22 15:22:13,2017-06-13,6928d347dd148caf86b90a3a98f9c324,2017-05-04
321117f0a62b449963231d318a6320d2,346b79c7102f7d64c113a6f9682b2a98,shipped,2017-12-05 15:43:41,2017-12-05 15:54:23,2017-12-06 21:39:06,,2017-12-28,92c32758ea322ec1c3cdac4c48cd84a4,2017-12-05
bc089a713e2c97ed61557065adbf9cf2,959ee56c9ea607f736163d3bb4f09055,delivered,2017-12-23 22:08:13,2017-12-23 22:32:37,2017-12-27 14:19:46,2018-01-10 19:38:35,2018-01-31,2a7230e23560f09790ff1730db0975d5,2017-12-23
0c350088bd84d6620d87abdd2b1e09ca,f2339ae279065c55abadea96d38178d0,delivered,2018-03-24 17:42:49,2018-03-24 17:55:31,2018-03-27 17:42:46,2018-04-12 00:03:25,2018-04-17,d5600043edd55457b552cf196abc4d08,2018-03-24
f9621d2a09f94ab31f27e78a400642ec,85ae2de087457515b13ff3c7c21940f5,delivered,2018-06-14 11:35:38,2018-06-14 12:01:17,2018-06-14 15:04:00,2018-06-18 19:51:52,2018-07-24,929d7b144da6193da36c0390e00992f3,2018-06-14
b011c9864ef5dc3b3fb587152d29798d,76659eff52f4f1424e5d1585baa70c85,delivered,2018-03-26 18:48:53,2018-03-26 19:08:13,2018-04-10 16:35:35,2018-04-11 17:32:40,2018-04-23,5739c0365042ce4bc0791cca081835e4,2018-03-26
47c5b42ecbd216813dc0dbcdfb964a9e,9ec2c81dc030f60a772531d121ec6344,delivered,2017-08-09 12:52:38,2017-08-09 13:05:18,2017-08-10 20:07:32,2017-08-18 20:03:07,2017-09-04,abc4333affea5dedcc9b8f50f9281e25,2017-08-09
84002f994c72707b99788fbbc6f72f3f,da46ea1fd34482beef6ea70f81442d75,canceled,2018-06-29 09:20:04,2018-06-29 09:35:14,,,2018-07-23,33ade37d08660bd52dea92886d836cec,2018-06-29
ac66a6311540888f9742530ab8d3115c,e44c08ac5ea60fdd6fb0b82a17c0bcf5,delivered,2017-11-01 20:07:23,2017-11-01 20:31:13,2017-11-03 20:12:38,2017-11-22 00:22:57,2017-11-27,2ec2e8e0032d1f21c997fe6276b767ce,2017-11-01
60b4bdf4f0d6dfa53d78a82a4fbd5a6a,f2a1cf3342383deb7c8def00263da816,delivered,2017-02-16 10:24:37,2017-02-16 10:35:14,2017-02-17 16:12:41,2017-02-22 10:25:57,2017-03-17,d0b2f9c9f13d9048969517d02237b432,2017-02-16
eeb5ef8a49a1f7a19a3da46d6d968e4d,91b2fa540410034b4ba077059bc6a883,delivered,2018-07-19 14:28:50,2018-07-21 04:05:10,2018-07-27 09:18:00,2018-08-08 22:58:16,2018-08-14,740a280b762d71bff31f256d37490ab3,2018-07-19
b7d794a0d512566c47d3ffb585bb3805,970922c6488462df7d8b02576a219263,delivered,2018-08-15 12:20:55,2018-08-15 12:35:25,2018-08-15 12:34:00,2018-08-18 01:44:44,2018-08-28,55fce1ba5ed536b6b60c5b799815f45c,2018-08-15
9ac5d8f3cc22c272de0146a5cc273fe3,a19ee41c625beb383062e65cbe62149a,delivered,2018-07-17 19:14:37,2018-07-17 19:25:18,2018-07-18 14:42:00,2018-07-26 19:14:39,2018-08-09,2f31acfae273a7c5d1de6d728b642a3e,2018-07-17
f15aaf3f7b6fbea7b5a454a4f9a38170,7a40fc1758e9b16f982192f2ce2736ea,delivered,2018-06-27 16:50:35,2018-06-27 17:51:04,2018-07-03 12:48:00,2018-07-10 20:22:12,2018-07-23,1f79aef39bbaea74890551c00f8944c0,2018-06-27
851b6c8a9c3364f7baf0ea776e33a5a6,2343f1f5596cafcdc49dc512781db65e,delivered,2018-01-25 18:20:29,2018-01-25 18:32:06,2018-01-30 01:08:54,2018-02-15 12:53:17,2018-02-19,934421247286d54b643880447442e266,2018-01-25
67384b4952e4e9da609ba03e96b87394,b99610bbe48a03cb9cb9af9898a4cf56,delivered,2017-03-09 10:42:24,2017-03-09 10:42:24,2017-03-10 15:21:20,2017-03-14 08:45:59,2017-03-28,2c54867b1802c706bd80dc8bd3717ed6,2017-03-09
e9b6aa9b251ee17581f54bb5ac731e9e,166942d3a36fe8f255f89d20094f71de,delivered,2017-05-04 11:50:05,2017-05-04 13:02:03,2017-05-04 16:09:13,2017-05-22 10:34:16,2017-05-25,1b8c0b5cb79f3ef1d4307480e79692e3,2017-05-04
eac014015af553915d20367416f6ad82,dc2af5b6f7842c9be125f7ea05fd2a72,delivered,2018-01-25 07:58:26,2018-01-25 08:16:05,2018-01-30 21:38:21,2018-02-02 20:38:56,2018-02-20,890589e6bd9e00c549f939635cf40da2,2018-01-25
7f9230d9db6715e755cc320e1a6b2436,15e479d07cf2a62758cfbe67c4742a1b,delivered,2018-04-27 07:59:20,2018-04-27 08:15:17,2018-04-30 14:35:00,2018-05-10 01:26:20,2018-05-17,bcb287c639175defad2575e03b049151,2018-04-27
48746ebc66a8a0c2ddf69a32bfd48dd9,5c26cf0daeb23e00d681b8cf313494a9,delivered,2017-11-30 09:15:24,2017-11-30 09:39:45,2017-12-04 21:43:15,2017-12-08 21:10:27,2017-12-27,dd75d57a363e72f89d3c56d466ca9631,2017-11-30
525c6480bf01aa4830bef2e133f4ccda,e073aaac4f9c5aa74cbd0286e60b7cb6,delivered,2017-10-03 12:58:11,2017-10-03 13:07:28,2017-10-04 23:35:34,2017-10-09 14:06:32,2017-10-30,bba3f38759552580f7e161bf2faeb868,2017-10-03
99cf0f831c62dfbd52e4523910879f0d,5806d419ee655f54db1c5500c3d76a27,delivered,2017-12-26 23:03:14,2017-12-26 23:15:30,2017-12-27 18:51:22,2018-01-09 20:55:48,2018-01-24,549b512b13080b9ae841abd3d53db1bb,2017-12-26
8431c1024f6407ab4f4b5f45a60fbb4f,299d5fa155bf62327d231c130280cbec,delivered,2018-04-03 18:12:32,2018-04-04 18:08:49,2018-04-09 23:22:28,2018-04-11 16:32:10,2018-04-18,fd70d1f2f07e5d95f522ebb31441264f,2018-04-03
84b2dc2dc448456c5727abb0b43a108f,27b27f073e03bcd39e2e7472b2030710,delivered,2018-02-16 09:44:07,2018-02-17 03:35:47,2018-02-22 00:19:14,2018-02-27 16:40:12,2018-03-20,23f614484b8fc679ba0a6b1535620da0,2018-02-16
e6afdffdb20bae684cf5e97c679eadd5,0142101e44b97fe8041e8bacfff65ef2,delivered,2017-12-21 22:50:01,2017-12-22 15:11:56,2017-12-26 18:22:25,2018-01-03 20:03:17,2018-01-23,3c9ee8e3d67eb535effa8ee1852e8af4,2017-12-21
ec186af7a6d14a2a52ea8cc8059c0030,172d3762e1747c3eff279a5eaee647d9,delivered,2017-06-23 23:10:26,2017-06-27 04:23:05,2017-06-27 08:16:19,2017-07-05 05:49:41,2017-07-10,441fa1c6e6f6977964d0dec496c49cdf,2017-06-23
429df9136da976f430e08dfe6c04efaa,77a32ac57bf375bad458eaa8c91159c4,delivered,2018-08-18 13:04:02,2018-08-18 13:15:18,2018-08-20 14:30:00,2018-08-24 21:58:41,2018-08-29,70518a076bbefc731a405ef820db9d65,2018-08-18
f38fbe2554bdb11e37513dba2113906d,86fac7308908bb52ab9f35a251addf4f,delivered,2018-01-19 17:10:00,2018-01-19 17:18:22,2018-01-22 23:32:51,2018-02-07 17:08:37,2018-02-16,03872faea1fac00ae8da6e805bcb73e7,2018-01-19
f66bba404e7e0fbb79876e72ebee3d76,fb157ed30074fbd2171096ba5c9aa039,delivered,2017-06-29 13:29:11,2017-06-30 03:10:11,2017-06-30 15:24:49,2017-07-06 16:19:09,2017-07-12,35e9d2caa31b87cc3d1ad10d72271140,2017-06-29
ca6252bde978788e50661599ab1223bb,22624b106a4d9152443e3737d1cde316,delivered,2018-08-19 18:13:00,2018-08-20 12:50:44,2018-08-21 12:51:00,2018-08-27 16:44:36,2018-09-05,3e292f6c505245366c427567d218301b,2018-08-19
20041598880c9b92bd2979cc4ef933eb,2526bd32a88531e4f66c1343d3fd70a3,delivered,2018-04-17 10:49:54,2018-04-18 10:51:42,2018-04-19 15:56:35,2018-04-21 00:16:28,2018-04-30,7e4eb2129781ba38522442ee081e304e,2018-04-17
803dd982ba6bec72451fa959ec890f17,24de9f471315c70592466212c55ee7d1,delivered,2018-05-05 22:29:25,2018-05-05 22:53:12,2018-05-07 15:40:00,2018-05-08 21:58:47,2018-05-21,1f6fc131f9f008a0a25d88d49f5f49b0,2018-05-05
febe5ed09ac6fa3dd1004b57269adeef,54e27473e15984a728b6856d46d3723e,delivered,2017-08-23 20:38:35,2017-08-23 20:50:11,2017-08-25 19:23:15,2017-09-04 19:45:41,2017-09-21,7d3d94b4740895a17760e976797f9f0e,2017-08-23
be8dd568bb33659eca3befdac440c39b,4c59760488c2c87323e03294acdd2241,delivered,2017-08-26 11:23:51,2017-08-26 11:35:25,2017-08-29 20:22:44,2017-09-08 20:27:48,2017-09-20,a1727e8ca69356e86d3ca24cbedc6ebb,2017-08-26
75707562c6865f8fd2172eff80a71210,3a8331c2730ad7283201bf2eb3a52ab0,delivered,2017-06-17 17:47:40,2017-06-17 17:55:21,2017-06-19 20:03:46,2017-06-21 17:07:29,2017-06-30,d6fe0845b14ea38eb92ce001c72c91f1,2017-06-17
41028f6e5c0766a28665b78590b4b8d7,7795e422f21ee2057de57ef0212b4d7a,delivered,2018-04-02 21:31:12,2018-04-02 21:49:12,2018-04-04 21:46:47,2018-04-13 15:12:33,2018-04-23,53b5f3ee447865c2de22e4814ef70bbe,2018-04-02
d7913001cbded4681f1a5076b1fc160d,71a6c39b43e056317d894221142b22a4,delivered,2018-04-06 15:04:00,2018-04-10 03:50:13,2018-04-10 20:48:41,2018-04-16 19:41:22,2018-04-27,d0e34d1c87563ed2a3fc408eaeaafeb9,2018-04-06
f4f3e2c1d55d36170f4aabf93236eef3,e48501a53d46298c8bddec23af2bb4d2,delivered,2017-08-30 18:14:58,2017-08-30 18:30:19,2017-09-05 13:02:54,2017-09-08 21:43:10,2017-09-12,38dd3f4e8a4cc5e32dd0a4426a1961fa,2017-08-30
807ab3e85f25f4d8abe5a1379b177d69,48eca07f2ff174b2796c11ee75f1b4b8,delivered,2017-11-24 20:58:34,2017-11-28 02:55:36,2017-12-04 10:46:51,2017-12-12 17:56:42,2017-12-18,d884eb46ac77751d58852ba941fbe4ba,2017-11-24
6e63da4fe4b91fb176f19e6830dbd5e5,0450a756a2643c1d41c2a139b4c3e2a9,delivered,2017-12-15 20:47:53,2017-12-15 20:59:29,2017-12-19 22:53:17,2018-01-09 22:44:56,2018-01-19,cbe5fa9ecd810beb2e6cf425f2f6a4ff,2017-12-15
bd6a649dcd082eea6d1fd07aeee18a87,5dc13a5afff273a289ba31247bebf067,delivered,2017-11-29 00:01:43,2017-11-30 02:21:56,2017-12-05 12:48:42,2018-01-09 22:08:02,2017-12-29,3c60fd15725bb785973c741f4b97b3bb,2017-11-29
34658a3acc2e95feb3382c78cbc1564c,52c4b154f7f0625286206d9054608dab,delivered,2018-02-17 23:45:31,2018-02-17 23:55:37,2018-02-19 23:07:58,2018-03-02 13:38:27,2018-03-16,c288d8909cbaad9f205c06e42c1a1d4b,2018-02-17
d65fddb0eefed35b0e4245c746ee1d11,c46720f5a60dadde920c6d90014317b3,delivered,2017-08-11 13:02:38,2017-08-11 13:15:21,2017-08-16 18:52:28,2017-08-31 16:35:03,2017-10-09,89a830372aaa7e88e564bd757e53a516,2017-08-11
73627dfa9a67ee111fb528be6f9d4b02,64cdb963e2777ce15c35474e8a646cf9,delivered,2018-04-12 23:50:31,2018-04-13 17:15:23,2018-04-17 19:19:13,2018-04-25 09:48:42,2018-05-17,75121506063adddee8e48c1b51e07ef4,2018-04-12
d1d58708c4e171bc6cfc3b36b7c5a798,0630577acd0476a6b31ca9aef210f00e,delivered,2018-06-14 13:42:52,2018-06-14 14:26:42,2018-06-15 12:03:00,2018-06-19 22:03:41,2018-07-04,ee3085a51c5d83d1c6c9b801ffaa9cbd,2018-06-14
088a5d99caf7f8345f08892b9c900bee,e489a88e2064b5ea8970d11339ac8f15,delivered,2018-04-08 20:44:42,2018-04-08 20:55:29,2018-04-14 00:12:14,2018-04-30 18:28:40,2018-04-30,f0d32a619ce0d4594df9a57fba1a3a6c,2018-04-08
2b75e42293f156e0750722d1bb658389,54c2345d5d037551fb0370b86519a481,delivered,2018-03-26 21:35:56,2018-03-27 21:30:10,2018-03-28 23:26:31,2018-04-16 10:46:46,2018-04-16,785f9a7396dfa11bb1c2a4bff0c98426,2018-03-26
2f5860ef509cf4e68e48e91541613cf0,7977e97aa9af9c0a1263673131d5f3f1,delivered,2018-04-30 03:43:40,2018-04-30 04:15:35,2018-05-02 13:43:00,2018-05-07 21:48:35,2018-05-18,902b01ca99398187801c193d7393f55b,2018-04-30
6bdcc275fba0fb4ece1d33e9d7126f6a,521970d6651d909ddcac8dd4d7abb5de,delivered,2017-07-10 14:26:19,2017-07-10 14:43:17,2017-07-12 09:57:39,2017-07-21 19:51:11,2017-08-11,26089991ae039f0c3ea4b6a8f4aad636,2017-07-10
d66a9e689fb184277bdd64317e765729,d1f6368fe05ab3acfcde55677367ec28,delivered,2018-04-18 12:56:15,2018-04-18 13:10:38,2018-04-18 22:44:35,2018-04-20 23:18:34,2018-04-30,b9833a43443ed9fad7a66f9ffb80684c,2018-04-18
dc183ce4a7e5a8eb1e5f0206b200299d,9482145a09cb3929f96fc8e407307d1b,delivered,2017-11-27 15:51:53,2017-11-29 02:20:38,2017-11-30 20:27:07,2017-12-04 16:27:49,2017-12-11,6ea9faacc1ae6d0f86a5987be7fb25a3,2017-11-27
e7abb502445a0ba93c9b41be49573b5a,19d3b62fd05150ebe80dad6ee659471e,delivered,2017-07-12 19:25:30,2017-07-12 19:35:17,2017-07-13 16:12:33,2017-07-21 20:09:38,2017-08-07,c6e699ba5f1afadd08deaa3bcf509954,2017-07-12
7e028aff656f744dceb30501de14ddd7,8604bc41dea958600e8ded10ffce9125,delivered,2018-02-22 22:58:02,2018-02-22 23:10:28,2018-02-27 01:52:00,2018-03-15 01:03:20,2018-03-15,9976625f5a9ffeb408297d6859d50b45,2018-02-22
963cb0bf193b36ab854e479461fc3da2,cbdf66401d733d5f09fb411e49fde831,shipped,2018-03-04 11:48:58,2018-03-04 12:41:25,2018-03-05 22:19:10,,2018-03-27,2cc3f28ae82755ceae97e33b87a4909e,2018-03-04
edc8ed56158af55c22d0d8153e921879,f6780a74d50eccbe545477c344e8347e,delivered,2017-07-20 12:09:41,2017-07-20 12:25:12,2017-07-21 18:22:59,2017-07-28 15:34:30,2017-08-14,ceb8b329e744b3e8982e6f9d51269ed3,2017-07-20
90e9fedce3a3026eee0c15d3a566dbf1,0bdb2764e5b4a297f0d500d8458c8593,delivered,2018-05-13 19:06:39,2018-05-13 19:34:03,2018-05-16 14:54:00,2018-06-06 21:24:34,2018-06-21,abed9862c4d074ff11ca43acb962ebf9,2018-05-13
4018616cbec654d2b729f55e01242301,ed7126463b9b37ab84216fae172dc660,delivered,2018-07-31 14:07:35,2018-08-02 05:05:11,2018-08-06 10:49:00,2018-08-10 23:42:35,2018-08-30,b95ebb28473078f46e90da8689ee36f7,2018-07-31
60e08656ca4f79edbd050f000d1f0197,dbf7ba2bfcacf5f3a8af6426e761f6ec,delivered,2018-06-10 10:53:06,2018-06-10 11:10:03,2018-06-14 12:45:00,2018-06-19 23:12:13,2018-07-18,6a3d2e4a175369071c5076f582eede07,2018-06-10
555c73bfc1a7cf66e4939fe264156e3c,76ee5f8f54e9d3a881e3c55c3d2196c0,delivered,2017-06-19 19:23:43,2017-06-19 19:35:56,2017-06-20 10:39:22,2017-06-26 16:21:40,2017-07-18,41a1779a38fe1420e35e21da6be8c900,2017-06-19
933fc5257a9b5a80bd558f2968d7b6f3,7128a6c72181215d6e1358918a66c845,delivered,2018-01-29 11:03:03,2018-01-30 04:31:05,2018-02-02 01:25:40,2018-02-21 20:07:54,2018-04-24,d01192151985dd99387c7feb7a2862ea,2018-01-29
8d5b464d16741c376da6aa92e4b09a81,a6c3a6dafe098cf87ad45790a4f0523e,delivered,2017-11-12 15:05:47,2017-11-12 15:15:25,2017-11-16 20:51:58,2017-11-24 13:11:43,2017-12-11,3624709887ff423ab8951f89ddd25dba,2017-11-12
28672222b02d08ece33792d1bf7ea147,40cbbe692aa48ab175dcfffbc664c061,delivered,2018-04-06 12:09:31,2018-04-06 12:29:17,2018-04-09 18:03:45,2018-04-18 02:04:21,2018-04-25,30481e1a036ca07d9f53c0a3a160a72a,2018-04-06
803b1bae34b452deca8621b507e483f4,ad9439bef45682118667887e90404479,delivered,2017-11-24 10:32:10,2017-11-24 11:52:10,2017-11-28 23:28:28,2017-12-01 22:04:57,2017-12-08,bbfe3f3e85aa0fcd0161729fb4f3c80f,2017-11-24
9c6bf0283fbe1d66fc195f750aa3b9a3,59767164df7391ae2e7fb56a665ca02f,delivered,2018-05-07 13:33:16,2018-05-07 15:35:20,2018-05-09 15:48:00,2018-05-17 19:13:41,2018-05-30,282dc25c4d1c3ef50a85b9d2f1b23570,2018-05-07
6012c4f6717daddf50ae413224098301,5499897b58c3ec629f6e695d644177aa,delivered,2018-07-09 12:39:21,2018-07-10 04:45:06,2018-07-11 15:22:00,2018-07-19 18:28:29,2018-08-02,8de0e4a912103b23048a17d20767c2b1,2018-07-09
f3e6630a5af677b1d0b22aea7600ac12,0d9d6b5a8f628c0ac7120efee0ed3ed8,delivered,2017-07-28 22:38:06,2017-07-28 22:50:08,2017-07-31 21:11:12,2017-08-12 16:27:41,2017-08-21,17baf41d29aca0edff54f85291beb5c5,2017-07-28
2e9a694ad185420c2ac7461d41f35ed7,b6bec4bd1c7f54dc8260bc062359b1ad,delivered,2017-05-23 15:39:16,2017-05-23 15:50:23,2017-05-24 11:09:00,2017-06-09 12:52:16,2017-06-19,fb190ecdac72f55f9d06ef59cca1f9d5,2017-05-23
fb77fb9a8fa0c429844158476ef8e5fa,9438a63c1d4be3c9a73c551d59804886,delivered,2017-06-27 11:18:43,2017-06-27 12:05:13,2017-06-28 11:58:09,2017-07-05 11:49:49,2017-07-19,c229a48608c20646daf2f81656093fb5,2017-06-27
c79e58ab7706bbe2ad1fa168d3db45e1,30e2286db797da98099d6a3b4bd22d3e,delivered,2018-05-17 15:46:19,2018-05-17 23:31:18,2018-05-18 14:03:00,2018-05-21 16:05:53,2018-05-30,854c92cd9e0bcac4eb1ba8876a1c7907,2018-05-17
20ef5f7f0cbad5e477ca6f2f962b00ef,b49c4f6538fc0ce205ab2c2d6fafcf72,delivered,2017-12-21 09:56:10,2017-12-22 02:39:30,2017-12-27 16:18:27,2018-01-09 00:28:04,2018-01-22,223bc244cd0900f92ead9c3cae69e319,2017-12-21
81939d40c8467167b0946455d61ca8a7,282e51b682bb8fb8064457522df17882,delivered,2017-04-03 15:58:35,2017-04-03 16:05:25,2017-04-06 10:47:48,2017-04-20 13:27:01,2017-04-27,4fa852678965c43d7736979cd1b04d2f,2017-04-03
a9c7a298f4d31996b9a505ec79fcbae9,8660acab447e174648d0923d3f0e94d7,delivered,2018-07-10 14:41:22,2018-07-10 14:55:17,2018-07-18 13:59:00,2018-07-24 19:43:12,2018-08-01,651a1728146b7407dfd0d29005d848e4,2018-07-10
da0b6b99f3177153b2d410482eef35cd,6da5ec0d3eb50c441e521842eb1f1fe2,delivered,2017-08-26 03:55:58,2017-08-29 04:31:06,2017-08-30 20:28:05,2017-09-08 23:05:00,2017-09-20,0e912551af091397cb5e3bf986a7f507,2017-08-26
43540d468d10c89bf259ac47151f3ff5,eaab0fd3ab53f6e3dbd6ed4e58d7176f,delivered,2018-01-13 10:34:03,2018-01-13 10:49:24,2018-01-15 19:51:48,2018-01-28 15:16:40,2018-02-05,4e4a398ab23490d7dc2dcefc6e543637,2018-01-13
e2119968ab7724c2e10b1898b098ed5f,96d841dabf65efd5b1a7985a1d615cb6,delivered,2018-03-06 19:23:08,2018-03-06 19:35:31,2018-03-07 19:48:53,2018-03-13 20:28:47,2018-03-23,848eabba326848e8125cb53af4720eb5,2018-03-06
dd7716f186ee491831aeea6aae363bad,38f0e43b7e69e8aaad522666b7cc38c9,delivered,2018-04-24 12:33:13,2018-04-24 17:13:02,2018-04-26 15:17:00,2018-04-27 22:16:33,2018-05-07,09c8693be0df1717475ef6360a1912a6,2018-04-24
fa79d81a2b6991398dfaa1bc61b586f3,b9e6f0bb7b6b018e1c1abe5e58398593,delivered,2018-08-03 13:37:17,2018-08-03 13:50:20,2018-08-13 12:56:00,2018-08-14 16:29:02,2018-08-10,f8daef44c2589a488bfed29f1be8396a,2018-08-03
0ebc490cadb55779894fe2a498e64439,8ef89f0c278d675c7ac0c948f9c91393,shipped,2017-06-20 16:16:41,2017-06-20 16:25:21,2017-06-23 11:47:44,,2017-07-20,66c1986abf8834eef2fe741168b18ba4,2017-06-20
47a5dd9a5772c85c82fbfc11a43a1f6c,fd07281333f163bbc2a3f2b71d6cc549,delivered,2018-03-22 15:32:20,2018-03-23 09:55:28,2018-03-28 15:21:13,2018-03-29 17:12:14,2018-04-04,1c2214f2e89df8198bc28e21bb723dbc,2018-03-22
4763e63db70260ac75a7df55308156f2,8c1e6e820a27a9df59799bdc21fb1583,delivered,2018-06-10 23:45:34,2018-06-10 23:55:10,2018-06-11 14:29:00,2018-06-15 20:46:47,2018-06-29,7783240e0b78c2d017b9c7218d2c5361,2018-06-10
abec8cc0558c33aeb11e8734c62fe69d,9e6a9e9e098c276c25abc2b0274bbfd7,delivered,2018-05-02 12:34:58,2018-05-03 04:15:08,2018-05-04 15:36:00,2018-05-11 15:28:30,2018-06-01,1293c51162aeb8fcc29d498ea820f6b5,2018-05-02
cc3881813c672c2937d85e49ffc3ea9d,44a1b8350ca123d2dc3815d3db6dbfc6,delivered,2017-06-26 11:13:18,2017-06-26 11:25:20,2017-06-29 13:42:32,2017-07-13 19:03:06,2017-07-28,14730c28f41ecf39e139695d13c836c9,2017-06-26
7f984c0a94661992ad50329fb29359b5,b5ad922d0e543779627a2550706c73e0,delivered,2017-10-14 09:38:15,2017-10-15 09:49:08,2017-10-25 22:52:49,2017-11-03 21:39:38,2017-11-08,1c1d8d4d37aa80baf2759482c6c379f9,2017-10-14
6ffceca9eae57a5820b52af281b58bbe,72f7c950c578ad85cf8057e05761b220,delivered,2018-06-14 17:09:05,2018-06-14 17:39:27,2018-06-15 17:25:00,2018-06-18 20:46:30,2018-07-05,78c82335a1be65b1bcc84d28cd2a0d73,2018-06-14
a3c476831ccceb4aace3b6e6e60a2f50,65c173007e275fc6d96413ae57b242a4,delivered,2017-08-31 13:20:20,2017-08-31 13:33:42,2017-09-01 18:41:36,2017-09-04 17:52:46,2017-09-13,5af0a112b6c95817cd7776d948c15df1,2017-08-31
86bfcd852de9a299828db590beaca7e4,83912c103521554377deae82bbb82944,delivered,2017-08-02 08:38:08,2017-08-02 08:50:14,2017-08-02 20:13:06,2017-08-14 13:36:55,2017-08-28,4acd80a0670070b599405d1ba77dcf8b,2017-08-02
a08337c882ce2f3733377bc48c5ca3ae,ee63ead077f35287196d7dd30bbcb05c,delivered,2018-08-01 22:58:06,2018-08-01 23:10:09,2018-08-03 15:03:00,2018-08-09 14:34:58,2018-08-14,3074d9559c8da1c065b79c6174c00dd9,2018-08-01
de8323147a3358b9c4720ae5e8ef668b,7827db8a8e439d919d8649b132df7061,delivered,2018-08-03 11:41:42,2018-08-03 11:55:25,2018-08-03 14:18:00,2018-08-06 17:56:23,2018-08-20,edb746e66c06ef98b7b78e6666c2ccd7,2018-08-03
0afbc110b84719faaef4887a5cff5a2c,dba001f78ebcbf63aec0095cc03ad969,delivered,2017-01-31 22:31:13,2017-01-31 22:45:17,2017-02-01 15:59:53,2017-02-15 13:55:49,2017-03-07,f889db6fc6944e1855d143f79c4c8844,2017-01-31
3f78779b80392a363a1763306be163b1,7bc5a3d6999652ec9851b05367159d3f,delivered,2018-01-23 18:19:38,2018-01-24 02:35:42,2018-01-25 17:55:38,2018-02-01 23:56:10,2018-02-19,683aded122bfc82e610e4bc7777f0b4a,2018-01-23
4201a8366a21b43a6b9c2c912a2dd5f4,55e773d33d17cf42f2e77413249ba000,delivered,2018-02-15 22:19:52,2018-02-17 03:47:52,2018-02-21 20:12:17,2018-03-06 15:45:43,2018-03-12,9d0f113059526f40a70dce1859d22b27,2018-02-15
7c0ed8940b941dd6795dbdf0eb639195,a480c58e3eee4e740cd829d7f38dc25c,delivered,2018-06-13 12:59:20,2018-06-14 04:15:15,2018-06-14 11:55:00,2018-06-15 17:24:00,2018-06-25,7b9028e6d7eec1895d0052145737aef0,2018-06-13
eba5bbb5b555fbe7c156f94220e4df2d,9970d5845fa2c95061dd466b1903c0db,delivered,2017-04-28 21:40:27,2017-04-28 21:50:18,2017-05-09 14:47:46,2017-05-22 09:36:47,2017-06-14,79520476885791f55c02f34aea0ef701,2017-04-28
87a424bbf023a4cde87182d182480280,7f87098bc4fb9fcc84bd1dadeb940bf9,delivered,2017-03-23 23:26:04,2017-03-23 23:35:14,2017-03-27 15:29:48,2017-03-29 17:27:00,2017-04-11,a5c57d8fcd9f5c0e5a7e5518a03af2c8,2017-03-23
437421f669044dcf1e3e323bb715cab8,ebe869e29b2fac730ab9d529fc2f8c17,delivered,2018-08-09 15:13:48,2018-08-10 03:24:38,2018-08-15 15:46:00,2018-08-22 13:56:44,2018-08-30,a59c5e472440338d288f514777689867,2018-08-09
f5faad333010a9fc0ecb1ac6014a842a,cfa3a48a9585c921958523e0735cf5a3,delivered,2017-09-04 14:31:32,2017-09-04 15:44:20,2017-09-08 15:28:10,2017-09-18 20:17:42,2017-10-02,7184ae297323ab27f3e39fb55dcf8d8d,2017-09-04
1f97eb43070457cfac15e2d29e13e855,cff21f454392b393d14858896b612102,delivered,2018-01-11 10:29:59,2018-01-11 10:38:32,2018-01-12 21:09:53,2018-01-16 23:06:58,2018-01-30,ca472461c39007be7c4e48d6d1f8c909,2018-01-11
e4a657b5747128e2b9e52f25e8255155,dc2b3dcd05d1ae7b7e07fb6ac14bc26b,delivered,2018-04-09 21:14:06,2018-04-11 05:50:45,2018-04-11 19:56:44,2018-05-25 20:41:48,2018-05-16,ba8d505ce2828adfa50bd62ccbbecfcb,2018-04-09
e3c2234f6d1609fa1984094f7e1f05cb,869662ec98a7c9674e1a012769f0c7de,delivered,2018-05-21 10:18:12,2018-05-22 08:56:32,2018-05-22 13:40:00,2018-06-06 16:28:50,2018-06-18,9f3399c0209758bc480aec596cd316de,2018-05-21
232a9b3063429a6ae5079afb994164e4,a87ae15da100fdfd87ebfbbbc3b1c3f4,delivered,2018-01-10 15:14:37,2018-01-10 15:27:17,2018-01-11 16:08:06,2018-01-20 17:10:06,2018-02-05,708c9e7274b15cc6759512864a80ca5e,2018-01-10
9bdaacec1587fdf0b7c123d64020f552,6bdec7cadb5183c87d7a683ccab72ef9,delivered,2018-05-18 04:32:50,2018-05-18 05:34:27,2018-05-18 14:36:00,2018-05-22 00:14:26,2018-05-28,50c690eaff7825e528b39af41e197797,2018-05-18
0c1457493ca1492c4a4417fc278605b0,b705b7bcb8909a7b65dd36a6c2653715,delivered,2017-11-30 15:39:45,2017-11-30 15:53:18,2017-12-14 21:35:22,2017-12-21 17:57:14,2018-01-15,6d633223ab8f4c2153dd08b44d6f7be1,2017-11-30
b132ad2a1d3d44a9fe2fe6b63c406593,bf95f6cb7e9395f311cf318041fd0bd2,delivered,2017-08-15 18:24:02,2017-08-15 19:15:14,2017-08-29 19:19:10,2017-08-31 20:29:56,2017-09-01,418c833512ed171dff6ef9a7f5e30f3a,2017-08-15
580bac61d7bdc3420e66d71a5b037ee8,e14caae45d0f7c4bb3004265eb1c4d5f,delivered,2018-01-12 22:10:59,2018-01-12 22:27:58,2018-01-15 18:27:52,2018-01-29 18:26:37,2018-02-09,5d2cc2ec0299e3436e386f2a1ea82421,2018-01-12
1d5a37ac3dadde6a732db74ecb91e107,23bef79e6945472db186f6b9f6892608,delivered,2017-08-15 12:59:15,2017-08-15 13:31:42,2017-08-16 14:04:55,2017-08-23 19:20:12,2017-09-04,bf921bf52339e81439c09e6fc32b35e7,2017-08-15
5c932e0a181410b67c77daaed30991af,dfca6da6e209a7dd53a4d43036e8288a,delivered,2018-03-05 23:23:04,2018-03-05 23:30:32,2018-03-23 20:38:44,2018-03-29 18:12:36,2018-03-27,acf44dfee8ef086ef411e130c9b7e23d,2018-03-05
e28c201fc8fc0d81e0a72ba68683a5a0,debcbcc82ea6d3cd47033936310ceeab,delivered,2017-12-29 21:08:13,2018-01-03 04:28:48,2018-01-03 17:44:37,2018-01-10 22:34:02,2018-02-02,03c00b674e1016c359386f94cfdaefa5,2017-12-29
d4cb2f7d8e7f756a94c511fd1280e026,f108d57a4a2769a9114e2d33114b39a1,delivered,2018-08-22 21:48:00,2018-08-22 22:04:35,2018-08-23 12:31:00,2018-08-27 22:26:45,2018-09-18,fbedc79d4d8599f925bb6bd2aa8cc60f,2018-08-22
bc64675bbc70f0443fd890596b9e52eb,d7f0235686fa5d2f75813fd38f95abf6,delivered,2018-03-13 11:50:14,2018-03-15 03:15:42,2018-03-16 21:38:37,2018-04-03 00:20:53,2018-03-29,2401d5abf19960617a682ce17d30139f,2018-03-13
1c8320ef825c18190be58cff7d6afb97,edba4f48ae2f681997110ce88ede849e,delivered,2017-05-07 11:40:48,2017-05-09 09:45:30,2017-05-10 10:55:18,2017-05-15 15:53:51,2017-05-29,8981d0559afa39f4aa74465411b8e369,2017-05-07
a3e5f0b7e26d3bd2404da8553fd3a6ff,d631f73550ebf21a52d60840d9c1c278,delivered,2018-04-03 11:44:06,2018-04-03 12:09:27,2018-04-05 21:08:42,2018-04-09 18:56:24,2018-04-13,5648f8f7714f3075cc26b46aaf6ba839,2018-04-03
b68568075dff74bef3332d918c311e10,ed798cce3b064ef2c0f65596b6216c60,delivered,2018-03-23 15:40:09,2018-03-23 15:50:32,2018-03-26 21:58:51,2018-04-03 19:22:48,2018-04-13,27da74d965ec4c765e37fdbf2628d04e,2018-03-23
65ded6e061f051ce3ae4a69b6870ac24,0bd00959bda7d317449b8ae1749225be,delivered,2017-11-24 11:20:53,2017-11-24 13:15:50,2017-11-30 19:37:56,2017-12-19 22:29:13,2017-12-22,e22536e71959cb60d621313510f8e345,2017-11-24
fd984ab24b8957a92cf633abe51ba985,0da399030ddf7b46b6ce597a4a1e23c9,delivered,2017-10-14 13:11:09,2017-10-15 13:26:10,2017-10-24 14:39:56,2017-11-03 14:42:55,2017-11-22,424efbaf264d29ee06b4d3018344b87b,2017-10-14
68e6025320f22a05b32dd8e3fb061fc0,10616e28c110f4763ffee709f0a154fb,delivered,2018-01-22 15:55:51,2018-01-22 16:18:19,2018-01-31 20:15:10,2018-02-01 20:22:08,2018-02-06,f3d8bf4f079371e1aa52030857c2675c,2018-01-22
dc6b76e937308e88a3464d0f4352b959,7fae844847ccfad35570a3c89357e787,shipped,2017-10-21 13:36:32,2017-10-21 17:14:09,2017-10-25 20:32:58,,2017-11-23,63c832601a87d0c284d5bf313dfa3f24,2017-10-21
a37899c3ad27b6026ecbd566651bdb46,c72f015df57b6001ea0d25e8a903ec5a,delivered,2018-07-17 19:46:54,2018-07-17 20:01:42,2018-07-18 13:31:00,2018-07-24 20:34:39,2018-08-07,8a3a639f184732bc3b07a7776bc34573,2018-07-17
f13b936aa2436a99f17881708a7505b7,6086de7e1996b90bb8a753cd7f83d252,delivered,2018-01-06 12:06:22,2018-01-06 12:13:01,2018-01-10 15:35:06,2018-01-23 23:48:51,2018-02-21,a5a2586f58b8c59311a2498e40256544,2018-01-06
8db35cfa7522e6f03c9c0965ab39517a,fb0d310584a5dc17ae09f817d26fae9d,delivered,2017-11-24 13:24:54,2017-11-24 15:33:47,2017-12-07 10:36:55,2017-12-28 20:33:02,2017-12-21,6e97ac4071e114ad38ef3618e743532f,2017-11-24
4f59d976d9b16a078552b065251e813c,0cccc6bbb8bcb891c78b510b1e4632f3,delivered,2018-02-14 10:54:51,2018-02-14 11:10:51,2018-02-16 21:57:50,2018-03-01 20:37:01,2018-03-09,fbbda1188d98fa1f747e9c031c8262ff,2018-02-14
02d5935847b855f189ad0391968773b2,5a01d03e70311e54445e9dc460e35c7a,delivered,2017-10-13 12:32:41,2017-10-13 12:49:09,2017-10-17 17:04:43,2017-10-30 12:52:27,2017-11-07,777e39efdb2068331411db648c09d385,2017-10-13
71cc2cdf7b8296fbb5cd904caf83b4ec,3087f54a53a66482c2114409ef2eab01,delivered,2017-04-07 12:45:28,2017-04-08 02:10:19,2017-04-10 09:12:11,2017-04-17 16:56:07,2017-04-28,a0e39e460fe1aa52eb9affe3b7b4ff9f,2017-04-07
388c070ce42d3ccaedfd15662e09631d,b879ae1c5f704d2571496b0f0fb8c47c,shipped,2018-04-21 03:25:21,2018-04-24 18:58:14,2018-04-23 17:31:51,,2018-05-30,2b1bf825c32b5b6a44b6a479693f53ba,2018-04-21
617e05cdbdab37c1b316a6305d76b3b8,06f45cc4a14fbc5762228d9059c0a04b,delivered,2017-08-26 21:43:17,2017-08-26 21:51:07,2017-08-28 18:04:16,2017-09-04 20:43:10,2017-09-14,a640b4f0b2a0e973c6a47d61000b0e7e,2017-08-26
b94117844529c52fab97f521c434520a,d8047cc20d272535020af8678556c2c4,delivered,2018-08-06 22:57:33,2018-08-06 23:05:10,2018-08-08 14:45:00,2018-08-11 01:38:44,2018-08-16,630f415f1227cf9a63cef45b2dc16861,2018-08-06
37e96fc1d814b16ee6b763bd52e9e0de,129c15e1eca8b04118942e1451546fb4,delivered,2018-05-18 08:22:47,2018-05-18 08:55:37,2018-05-21 11:04:00,2018-05-28 16:07:55,2018-06-12,1b53b79fadf8ca4e24e013b575e7dfd6,2018-05-18
6b9f15e7fb964b5c9e93dd511fee8f75,fd1bf3f1f7173a9b74964be95a205282,delivered,2017-12-20 11:51:23,2017-12-20 12:10:32,2017-12-22 20:57:03,2018-01-09 20:35:49,2018-01-16,bd53a8ea81109214d76333e818eaf509,2017-12-20
6d11b63bff141da41acde57e8145fa31,90aeead19683470f8f2af44cfd09b321,delivered,2018-05-06 08:52:31,2018-05-06 09:10:12,2018-05-07 11:15:00,2018-05-11 18:49:51,2018-05-30,517ffec58bcfa9079d4c04bb2c50a546,2018-05-06
d24b90d375b1415ca40e5b531d04a6bf,23e780c22619d49ab6dce5c99f4c45c3,delivered,2018-08-03 06:54:59,2018-08-04 04:05:14,2018-08-06 12:54:00,2018-08-09 18:46:37,2018-08-14,6036881055faefffbf23fbeb6e1545a6,2018-08-03
af4be6b90fa33a1fcfdb55462230fdc7,257add766f186993742dcceafc78927e,delivered,2017-12-05 17:25:42,2017-12-05 17:38:28,2017-12-07 22:54:44,2017-12-13 16:42:41,2018-01-09,51554f53f371f403be50ccbe9fa07b46,2017-12-05
802a16d8b5c3a74a38cf9216f429c469,02fcee476755e629f2a4113550450b24,delivered,2018-05-24 16:47:50,2018-05-24 18:38:37,2018-05-30 12:34:00,2018-06-06 17:33:06,2018-06-20,38fb3a44470e308a1f68847d62cf00b7,2018-05-24
d2ddc09916a8bcc31353edfe699da8e8,32582badf7289d3987a2899e0825a870,delivered,2018-05-27 10:59:39,2018-05-28 10:55:20,2018-06-04 07:08:00,2018-06-08 20:16:48,2018-06-29,7879163802fe5a4119e7d22e51ff1264,2018-05-27
42e8893e9d0399ef8df568bc6bc24f21,00c7c6f2aaf86b1a5a386b103b67b218,delivered,2017-03-03 09:05:17,2017-03-03 09:15:16,2017-03-06 12:55:17,2017-03-13 12:09:39,2017-03-27,3edc2805e049db7e556130362bb517fc,2017-03-03
7ff2fc53faa0627c1754a4b00e5f65f2,bd15f9ff1287103a05384574f0525d58,delivered,2017-11-19 20:22:47,2017-11-19 20:35:21,2017-11-29 00:21:51,2017-12-06 20:18:05,2017-12-11,003f4901fdb60ae9c1e2538b84c208e1,2017-11-19
67d24a8d137875c82f670c9e089f4a2b,a644fc187f3195dc7a9d70db929a3d9d,delivered,2018-05-13 20:10:51,2018-05-13 20:32:26,2018-05-14 12:32:00,2018-05-21 18:48:29,2018-05-30,be2f9e6ba2ea6b4cf1ffe993ba2e6078,2018-05-13
4e64db31eb34a4e6c86235fedead69eb,046b12442afd04050724f9e956abe30c,delivered,2017-08-21 10:38:54,2017-08-21 11:04:42,2017-08-22 14:03:00,2017-08-24 17:31:39,2017-09-05,1575832dec542a1d01925ef9155990dc,2017-08-21
c7294da9166f3247b27e6f18c9213431,cebf6694b094a58295c0092c72aaa2b7,delivered,2018-03-25 20:08:14,2018-03-25 20:28:11,2018-03-27 00:52:39,2018-04-02 20:12:27,2018-04-12,a35e2e4f869e41ba54b21735c159ef49,2018-03-25
fb9d7568d1c3618c043135be4c5b3cfd,cda49be132527b3e1e7baceb4016c461,delivered,2018-04-10 14:48:20,2018-04-10 15:10:54,2018-04-13 19:03:40,2018-04-26 15:14:35,2018-05-07,8c5458447e008fc2db69ca27bf5560f3,2018-04-10
e78706c568df0b17042c66fa72a7260c,62b049712e6900bb5f3b0c8aac0b94d9,delivered,2017-10-11 09:48:50,2017-10-12 07:14:23,2017-10-13 16:28:38,2017-11-03 23:02:42,2017-11-06,efd7381b944bbfc90a1c832221dd925b,2017-10-11
a691df9591603131dd5fa585cd1d9406,cda56f58029fd0dff01028da9ce2187a,delivered,2018-01-31 13:25:42,2018-02-02 02:35:33,2018-02-06 00:47:01,2018-02-15 23:36:40,2018-03-01,56a1bf72414c3241bc94fd3f9b43e235,2018-01-31
6ef587afa4703fd874edb7ade8efc7b0,e41cd8b93481d35a00680e774858358c,canceled,2017-11-18 02:39:31,2017-11-21 03:46:31,,,2017-12-01,0752bf9fd00b450d026b1e485490b406,2017-11-18
4587a031fbf9d49139d63f2bcc156693,263bafe23041a566c1809dbced4377c1,delivered,2018-08-13 15:39:08,2018-08-13 15:50:13,2018-08-17 12:56:00,2018-08-20 14:02:55,2018-08-23,4a5da3384b540ab10f10447146be22b4,2018-08-13
500c994fe4cc79f9ec4d6ad8cf94a49f,11203af87403c05e0ec037c5500f35cc,delivered,2018-05-23 19:45:41,2018-05-23 19:55:51,2018-05-24 14:50:00,2018-06-07 22:18:40,2018-06-20,a6ced6eb5fb6258b6fbad5db4ea02d05,2018-05-23
30f194c174d82e186f42f7607318a566,918cc9d258dc084df53e215faab06f9e,delivered,2018-07-05 14:20:56,2018-07-06 14:15:15,2018-07-07 09:17:00,2018-07-14 19:12:41,2018-07-24,f913da7929a5d5dd230647c22c46fd5e,2018-07-05
02ec38bbb2e837e0ef32fae6c5a651b5,ccdabc382839332b9e7a7fe7669e2b1f,delivered,2018-03-16 16:24:42,2018-03-17 02:50:45,2018-03-19 18:42:08,2018-03-21 12:32:35,2018-03-28,b21ff00f0d802f307d5444b78ce83c30,2018-03-16
bf80d30d4654a34a647d0e5db84a5e2e,b32a9e38e26b3edbf3b8a811c66500e3,delivered,2017-06-05 22:59:49,2017-06-05 23:10:19,2017-06-06 15:39:59,2017-06-07 07:24:53,2017-06-19,37030144e53de080b88d7f5600bacf6c,2017-06-05
65d0aca2173738dac355de4ffe63e561,008871f261eb4390ca7a1ded607ea417,delivered,2017-05-13 16:43:19,2017-05-13 16:55:13,2017-05-15 12:37:42,2017-05-19 07:17:32,2017-05-31,56a9c159fffe93bdef88ffbf6e729712,2017-05-13
24508eba7537515f40b3c40133c86aa2,ede817456584261629f6f9abc78d11ac,delivered,2017-04-21 21:22:56,2017-04-21 21:35:19,2017-04-27 13:54:34,2017-05-09 10:41:38,2017-05-23,0aca68d6ccefae38da8c19ab63933925,2017-04-21
389d774b02ed5ffc37b29fc4c81d3039,e52d98453f1fe98cdd0f5911639b2f60,delivered,2018-03-20 21:35:54,2018-03-20 21:48:47,2018-03-21 18:42:18,2018-04-02 20:51:35,2018-04-09,19eb98b740ded18a924cd34a65f23a37,2018-03-20
a61908631e6c4c0c65ac004b59d1220c,13abb6f0e084f2f8d0d7724779c16805,delivered,2018-01-15 13:54:01,2018-01-17 03:39:26,2018-01-17 22:27:56,2018-01-22 14:34:15,2018-02-06,bbe5655ddedb46efd308eacc84a649e9,2018-01-15
8136e44fd3752686ba5af19ccb239de6,0d497718199a33036883ab61d24fed5a,delivered,2018-04-08 13:53:21,2018-04-10 04:11:08,2018-04-11 00:52:46,2018-04-11 17:04:57,2018-04-19,f814752fafecb11754d248aed3cccb7b,2018-04-08
3789ddab12c667292dc0513fa0f0ff9d,89852ab64bf9b9174cb414b674306159,delivered,2018-08-23 19:02:12,2018-08-23 19:31:36,2018-08-28 15:11:00,2018-08-29 12:09:51,2018-09-03,0870764e90dbfef17f23e922f27b976f,2018-08-23
175d5d1ff76c0ea865a58e125e22743d,f508607aaedc53604179d76c90b0b860,delivered,2017-10-29 21:24:23,2017-10-29 21:35:14,2017-11-07 21:48:42,2017-11-17 20:19:30,2017-11-30,70b0e27a9566ffaa1aa1e05a6650b7b1,2017-10-29
720609547e1e3b8ac4b3dc47ba846525,b1bd82709d081818f2e3c31399ae5d68,delivered,2018-07-31 22:03:59,2018-07-31 22:40:26,2018-08-01 12:29:00,2018-08-06 20:03:25,2018-08-17,8f6ce2295bdbec03cd50e34b4bd7ba0a,2018-07-31
35484f2865463bc3be59efbdc0b218a1,2ef3c7de1b6079d40773f9efb4bceab8,delivered,2017-09-16 12:40:58,2017-09-16 12:50:20,2017-09-18 20:19:59,2017-10-08 12:40:04,2017-10-09,605e2c9d8eab9c7e0bfddeb7be5effde,2017-09-16
cf9d149b8f8e534901d64f8b10320133,fb8d9638e7705015275c6ff9185a57c7,delivered,2017-07-06 14:43:08,2017-07-06 14:55:21,2017-07-12 18:34:40,2017-07-18 16:04:42,2017-08-09,11691308b335552511a92e7c60e8d228,2017-07-06
37cea346e0236a8ce8e083dcd92ddc68,973743e89605769ad70c11a3483efba3,delivered,2018-02-05 13:47:28,2018-02-07 03:10:25,2018-02-14 17:47:12,2018-02-26 21:06:19,2018-03-06,bb7a29428a71e286a02f1377d42d6a35,2018-02-05
65b2eeb525259ca3e5e6028075d8aa23,ead0ce31c9e113d7632ffbe5a6f86ff3,shipped,2018-05-30 15:00:30,2018-05-30 15:35:43,2018-06-01 19:03:00,,2018-06-25,c0a7a20dcda247d90320e44690edbfb4,2018-05-30
ec646a938d0bd074a2df3d54d13f8176,5140d26646737748972e58075deaba17,delivered,2018-06-24 13:45:56,2018-06-24 17:18:18,2018-06-29 12:16:00,2018-07-03 14:28:41,2018-07-13,52ce1bd79371ddbd7327858e68d5d30a,2018-06-24
4093b84461e9ee4cfa6b1f720d1003ac,a51f150cfd7371d6cd88ebf0da50b03b,delivered,2017-06-07 09:27:29,2017-06-08 02:45:27,2017-06-08 15:09:33,2017-06-23 12:26:45,2017-07-06,c79ccbdc060c72ed24edd24f82db945f,2017-06-07
67396d4e8e815db60a202db276db16a5,62cead6bcb096984c493d6121222d104,delivered,2017-11-03 18:36:43,2017-11-03 19:30:37,2017-11-06 17:27:01,2017-11-18 15:44:47,2017-12-13,1e433d2aca7584032f8f56d51643e605,2017-11-03
3ef3c976c86d9ea7e4758728a87732f0,43420e2e2af1b2b21dbaaea745dced95,delivered,2017-03-17 15:13:04,2017-03-17 15:13:04,2017-03-27 11:57:12,2017-03-30 12:33:27,2017-04-11,e07a8bc8e478560073ce5e5f14092970,2017-03-17
9b1b03659c8b48c95c05af1523108b12,5f2d3a20b81937d3ef88d622b2f92035,delivered,2017-09-24 14:30:50,2017-09-24 14:45:26,2017-09-25 18:07:51,2017-10-05 16:59:40,2017-10-23,4b0248ab9516b1c3c69cb1b9f5157014,2017-09-24
206180d63bbc3cde4e902195b8493bad,056cdf1a3fc87b23ae6a0348132b7095,delivered,2017-09-03 15:54:25,2017-09-05 04:30:52,2017-09-05 19:22:30,2017-09-06 18:08:33,2017-09-15,fe8a8d9cb1a0f9f3d6eb9c2f5dc11e3c,2017-09-03
1c08c2e119666d04a13e375e3156ad5f,193d7079e0df65bb47766230e5387d3a,delivered,2018-03-30 19:03:15,2018-04-03 05:28:06,2018-04-04 15:53:33,2018-04-11 16:37:20,2018-04-19,b98ab146a7182273ff26de43f0cea7fc,2018-03-30
0c1e8da95f0bc94596b6e3571ba53a33,e6844a55be2b09d0651ee44371fe6298,delivered,2018-04-23 15:23:09,2018-04-24 19:24:11,2018-04-24 20:46:56,2018-05-14 23:51:31,2018-05-17,611799e29c068180c82b65ab192b559b,2018-04-23
bb724065b1587966bc6e4553aeb0b2c6,3a6e21494af5cdc6248949e40d3eb01b,delivered,2018-07-05 16:36:38,2018-07-05 16:51:01,2018-07-06 09:41:00,2018-07-07 13:28:46,2018-07-18,a89f132caa2e53e649d4e59d269fa8bf,2018-07-05
c77b924863d95e0e69aaec7323c1ed90,084c2bd2b64d5e52712259d7a2f0f79d,delivered,2018-07-04 19:04:49,2018-07-05 16:33:19,2018-07-10 12:26:00,2018-07-13 15:24:39,2018-07-27,aa23012752bc78d40a0620b39650d509,2018-07-04
bd96eed920dc1aa5f5ecefcae1ed673b,59cf5cb68bd4206911ee0674d0bfb73f,delivered,2018-02-14 20:21:40,2018-02-14 20:30:36,2018-02-16 16:10:19,2018-02-24 01:03:50,2018-03-09,0d5bdf42f31f6992d213887a91bef26f,2018-02-14
9913e53a7bcc410723e7c04965f634f0,c35aa130b867773e9f4fdcf8d878cf02,delivered,2018-02-06 19:44:10,2018-02-08 07:35:39,2018-02-14 22:38:30,2018-03-01 19:33:52,2018-03-06,e7799fa3c474f0ecaea9a6d03b60b959,2018-02-06
388fb3c827cea2f9e0a3fe1efeab7935,19d47f016965370c2d298172268390e8,delivered,2018-06-26 16:44:39,2018-06-26 16:58:37,2018-06-27 11:42:00,2018-07-03 17:11:43,2018-07-25,db094faaa9628ba9f5e5da127407f139,2018-06-26
605f2add48efc71a276d265b071695ba,93fe825ed6a6b6b770c6ef059428e18b,delivered,2017-08-08 22:56:48,2017-08-10 03:15:39,2017-08-10 19:14:57,2017-08-15 19:43:51,2017-08-30,706546fa03c85956039124ed0ba15863,2017-08-08
c6886cf795e953eeec1702d3a42d9f7b,976d7f689df410a41ea000c72b5b41a3,delivered,2018-02-19 17:59:03,2018-02-19 19:06:55,2018-02-20 18:57:02,2018-03-03 00:46:08,2018-03-29,ad7aa80b80e2b1850511ffbd79bdf896,2018-02-19
857d8e7d6c9e9ea37220908aead8b9d3,854d22669de3c5fd600902f2f04ca4b3,delivered,2018-01-07 21:45:39,2018-01-07 21:54:46,2018-01-09 23:42:47,2018-01-10 20:10:46,2018-01-24,8eba9df2f5375c3eeed88bef18f442e1,2018-01-07
60dc36170c9cc8c0215fafa26627670f,7074bf81824d0b653d0f13bc3b846c18,delivered,2017-09-12 00:00:54,2017-09-13 00:15:11,2017-09-14 19:20:01,2017-09-21 15:58:21,2017-10-06,057dbb60927c6bc5bf3ca3f2f23e447f,2017-09-12
c69c8612c1fa919f232d370c41cbffd7,0241277be857dc59ae544ccac12b3e19,delivered,2017-04-19 08:56:39,2017-04-19 09:05:16,2017-04-19 15:51:57,2017-05-03 00:09:39,2017-05-11,93586b2bc7001c6e37136d73e328b5b3,2017-04-19
2beb6e42ebac795d47860b9e7afdbaa2,dcb065ef99fbfdb1655f384e3cb338e7,delivered,2018-06-28 15:49:48,2018-06-28 16:10:44,2018-06-29 14:08:00,2018-07-04 22:18:27,2018-07-19,eceb1256610892e77f328ca3d8a54dee,2018-06-28
dd48446f9b84c34e8ca82a3efe263e78,5d541ff3c67fa948f4f8faa47303071a,delivered,2018-04-18 17:21:06,2018-04-18 17:58:16,2018-04-25 14:02:00,2018-05-05 13:56:36,2018-05-18,79f27f5688b77c5168e5ee5634088a95,2018-04-18
5f37c7c9cfd25572ee87b69b77f27b8c,37ab5b60e29f1d9453b6fe478de83135,delivered,2018-02-26 16:02:42,2018-02-26 16:15:40,2018-03-05 22:27:30,2018-03-20 02:08:29,2018-04-03,6697d70629ba492b9711e4eb35d4c92c,2018-02-26
61bf21d981c7e4816f5026ded6da2009,b7f5a499c05362484859bca44528790d,delivered,2017-11-29 15:54:26,2017-11-29 17:11:41,2017-11-30 16:42:56,2017-12-08 15:52:32,2017-12-21,973af7ab1ae1f6eb682ad6b46b0e5bcc,2017-11-29
719cb31645fb8251f1eeecfe977c16c5,e4d27f2e1436d733e01bb50b0c924058,delivered,2017-11-02 16:30:44,2017-11-02 16:45:30,2017-11-06 13:12:00,2017-11-10 22:09:36,2017-11-28,2002d869f3d711ac0a55878c9258b7d9,2017-11-02
334fe6d31dfa8c49583196dda4b260e6,4093afbfc2f72dd52fc143cbe1bd86fa,delivered,2018-04-19 00:27:32,2018-04-19 05:55:07,2018-04-19 23:36:49,2018-05-03 23:21:49,2018-05-14,f8014c5b718ebaef3f10b8bb42118207,2018-04-19
128e2bcc764e1cf5e4952af2267acef2,dcce0deb2cfd275ada38c06da3c2a01a,delivered,2018-08-12 20:13:01,2018-08-14 05:44:08,2018-08-14 13:19:00,2018-08-15 18:51:59,2018-08-16,17ce6eedc5e8ec89bb143e97521b72b5,2018-08-12
3cc1a0fb96625b337cdc5abdc7383a88,166174e5bc6d2d45306402843f609904,delivered,2018-01-10 21:39:13,2018-01-10 21:49:21,2018-01-11 17:27:17,2018-01-24 21:52:31,2018-02-06,7958596630af55cc19f381713019fab8,2018-01-10
2720322b26b3ddc8467925c74b7d7c9d,15b9cc23661eb24b89179be3fc9e43e3,delivered,2018-03-17 11:54:22,2018-03-17 12:09:18,2018-03-22 02:52:03,2018-03-27 18:51:19,2018-04-24,eb18b128f6761d2623981fe8a5677677,2018-03-17
7a2a38e90310dcc099d87233c2dd2fbc,24201200dd7b24c594a08859553bea30,delivered,2018-08-10 20:50:15,2018-08-10 21:04:32,2018-08-14 15:12:00,2018-08-15 20:18:40,2018-08-17,c5363e7bcb401bf6d3b412e21c0068f5,2018-08-10
b6b4d4aab61035f87291877a9b0a6e25,428065cc9e87f764effc6d4875c4b4da,delivered,2018-01-19 19:01:19,2018-01-19 19:12:23,2018-01-22 22:29:40,2018-03-06 12:22:50,2018-02-15,b654229232cf4789298c42a4cdd29a23,2018-01-19
51bd890febd880cb94d9051fd28f289e,adea16f52f570e5b1b7e6128a8ea45b3,delivered,2018-07-16 17:59:42,2018-07-16 18:10:16,2018-07-17 07:59:00,2018-07-23 23:06:39,2018-07-31,50b41f655320311f2703f3eab37d6ceb,2018-07-16
130f48aa69611f429f04408bcce4f2ae,a597a7d6db63cf28f7de661aaa828a2f,delivered,2017-08-28 22:43:59,2017-08-30 08:50:17,2017-08-30 20:17:47,2017-09-13 15:33:54,2017-09-22,1fa22083bdc82971e0f2ada59064984e,2017-08-28
a1807de46dfccdc857a541ba48307747,77378e668a3ff1ff6ad738902365eedb,delivered,2018-04-04 21:00:39,2018-04-04 21:10:14,2018-04-06 22:36:41,2018-04-28 16:40:45,2018-04-24,577c5a14cc11838cb0da2b1bba90bc0e,2018-04-04
a695f02d76cd2c620a5221e0b21937ab,c9bb1eb348a7c12382d8288eabedb2c9,delivered,2018-04-29 12:17:40,2018-04-29 12:33:10,2018-04-30 14:11:00,2018-05-04 14:48:46,2018-05-15,4619948f73361ff99e9a3b57409e4ec2,2018-04-29
dcd2b52b3f8309a1c0b0885bd4eba260,e1e45bb88ca4d4d3ee7d35f013301068,delivered,2017-11-18 17:26:56,2017-11-18 17:46:06,2017-11-23 16:21:18,2017-12-04 21:36:47,2017-12-14,6e0cb36c00403df8d4bfe324ba3e30a8,2017-11-18
7146211691a9d909e75c0b7458b1e125,1c76b7133be1eb64e6314d5b0685f47f,delivered,2018-07-23 16:30:52,2018-07-23 17:25:06,2018-07-24 13:21:00,2018-07-31 17:38:34,2018-08-13,0a81c56b387e196c58e1144b858d1324,2018-07-23
04c35d140fbc805e40f33f6902661c4f,f2dd9d0abca9dcb1e49685231aa0843f,delivered,2018-06-13 16:22:07,2018-06-13 16:40:12,2018-06-15 14:02:00,2018-06-21 18:19:28,2018-07-11,7056fe03064abab0742167e1369285dd,2018-06-13
96e60a8b7fe4d9cd4f5ef7f3399a502b,78d97021c6f17f11e1c84245d5def5ec,delivered,2017-01-27 17:16:40,2017-01-27 17:30:41,2017-01-30 12:42:03,2017-02-10 10:15:05,2017-03-09,fdc4ce0f1854f89a62dc83a38c6a08db,2017-01-27
8bb658a8c9f7773ab13ce80bc87ccff9,4c58cd3aa777a1cebbec7e671e7870af,delivered,2018-06-11 19:19:33,2018-06-11 19:41:32,2018-06-13 14:38:00,2018-06-30 18:41:56,2018-07-04,e1d4bf0c1a1c7a5cb61304ba1550b030,2018-06-11
477be8918d7fc5cede601e622c0870e8,5a8445a0040665a9818d188e81a7189c,delivered,2018-05-11 09:05:51,2018-05-12 02:53:28,2018-05-14 13:31:00,2018-05-24 14:56:21,2018-06-07,becfc8d2e47d8078b5c735affa08bffb,2018-05-11
646ec13e4b9753a75b9658d9ea554659,601a4e63f008ad8a8f61e52726dc0753,delivered,2017-11-24 17:34:38,2017-11-24 20:57:21,2017-11-28 20:13:48,2017-12-13 00:27:49,2017-12-19,39d05f5ea14500b8736a7d64877751f4,2017-11-24
7a05ea5a85dcfb04d49a57143c1d5ab6,323a8dcb8bbc42ceaa68d278b023e82e,delivered,2017-09-20 21:43:16,2017-09-22 04:10:21,2017-09-22 19:45:01,2017-10-09 16:25:57,2017-11-01,038d1731366a6246ca8e74ce585d3d6f,2017-09-20
2c492ac28580a338bba29de8fe4af1ab,7937eac19cc0bd862c09e350e43fb152,delivered,2018-01-04 10:53:52,2018-01-04 11:09:08,2018-01-08 19:17:48,2018-01-09 20:49:26,2018-01-23,f3c2730b8b6c63a26ac578cb64482690,2018-01-04
f63eb30401fd1e31349956455a06bdde,b6e1c70884a3b3b65b12e82803ce16c4,delivered,2017-12-05 15:18:57,2017-12-06 02:35:42,2017-12-06 21:38:31,2017-12-20 18:14:44,2017-12-29,c7d25a09e0154c122bb45dc8e69bdb4e,2017-12-05
70b552ddd260593a445a635431384e35,42e503e49de01ed4aec2e7f0bab4b618,delivered,2018-06-11 20:29:45,2018-06-11 20:59:33,2018-06-12 14:59:00,2018-06-14 21:23:56,2018-06-28,5fbfdca262348db58bdfae6bb33b18d3,2018-06-11
66582c0b6f09819676df894a431275fb,16547cc187e249ef13e8fea3ee0b2c08,delivered,2017-04-06 16:20:30,2017-04-06 16:35:18,2017-04-07 14:42:21,2017-04-19 13:53:19,2017-05-02,d4dccf9ceeb1a8e1cbe051fdd0d10a50,2017-04-06
ed9f2f1d49ae779e0d1953d6197fbe43,d6e553e33ac0cde8c7073e962a35bb77,delivered,2017-10-09 12:58:44,2017-10-10 03:26:59,2017-10-10 16:28:06,2017-10-20 19:33:59,2017-11-22,5a374f512279b6db1c636b5d7fadb290,2017-10-09
64c61c97b53cc497fd3bf4887d7bbf8c,f06a8774fd0ce546ae9896c44884edc6,delivered,2017-05-31 20:18:48,2017-06-02 04:25:39,2017-06-09 16:47:26,2017-06-26 13:17:38,2017-06-29,307bf9ec02a98086b970d996fb3fa47a,2017-05-31
6f1ec7fc60aaf4d643560d527597061b,6db2c639270aa71d3a760538c051b8d1,delivered,2018-05-17 14:47:11,2018-05-18 02:36:17,2018-05-21 14:10:00,2018-06-02 15:06:28,2018-06-06,d2104649c1108e427b4f604e5887f3ea,2018-05-17
9e1fb6d6d89113c356084eb1899f47b4,0d4f5ef1ce058d5e16703ebb818e9454,delivered,2017-11-24 19:43:07,2017-11-24 22:58:02,2017-11-27 12:39:15,2017-12-12 22:54:47,2017-12-26,dd1dee3bf9f6515178c2b74ed53fbfbe,2017-11-24
3a2eb830e78193b5cbea62829ac7ab52,948e925399aac2699c6db563a3c201a3,delivered,2018-06-16 16:05:44,2018-06-16 16:18:33,2018-06-20 14:29:00,2018-06-26 21:34:27,2018-07-13,687c94f92513205812c2f3d19576179d,2018-06-16
09e0e42eda6d72e0bd2a2e232d1c78b2,926d5dc6f6593960a86fbbaddad5ee8b,delivered,2018-06-19 13:59:34,2018-06-19 14:17:29,2018-06-19 14:45:00,2018-06-21 20:46:43,2018-07-11,20da6828fdc72c5fff13971845f41611,2018-06-19
43ebc8e1bcfbbd54e735d48bef113b82,e2ee1fe3a75eef46de494b0680d31036,delivered,2018-07-17 21:31:46,2018-07-17 21:45:11,2018-07-18 12:21:00,2018-07-27 12:02:09,2018-08-06,06f627751c6010c4c1efa16a711b2764,2018-07-17
ea7ce652a46fd8b1be9e01f9ce8b8894,42e8608ca6920534a496a2971196aab5,delivered,2018-04-30 11:47:54,2018-04-30 12:15:24,2018-04-30 13:52:00,2018-05-07 14:03:17,2018-05-28,9b34d1eb1e57d39aa2f0021150052875,2018-04-30
1be3fcdefdc438ab6f01a8547b31aa5b,ee6f7ffda3797ee3537579f1f7f60cac,delivered,2018-03-11 22:23:38,2018-03-11 22:35:28,2018-03-12 17:08:41,2018-03-27 21:38:51,2018-04-02,27ae487d57f4443eb080d2f2c737bff7,2018-03-11
7e3092871b13383e2bf040db363a846b,8c336ef3a545f8ba0b1e48140b1f8750,delivered,2017-05-23 22:07:59,2017-05-23 22:25:17,2017-05-25 14:04:15,2017-06-06 07:17:17,2017-06-14,8882c52cc0c8a3f11d616f5b98ace1d0,2017-05-23
259e9a3ad6d4f56fd550257b47ed152b,0f35754e1b342fa944b0028c2dddab5d,delivered,2017-09-02 19:28:03,2017-09-05 04:35:57,2017-09-09 13:23:11,2017-09-22 16:23:35,2017-10-18,bbe8686a830c0caaf68452997d73d396,2017-09-02
4d8333ce7e8cf1184099aeab819da7e5,c17a0046142969fea0916761156c6806,delivered,2018-06-09 12:47:27,2018-06-09 13:11:08,2018-06-14 12:55:00,2018-06-15 20:38:31,2018-06-26,08eaef84580a006e33852550ae75f4d2,2018-06-09
9d5f8787d55cc08d6f9560414f44f491,ecc7f9db3aeff66207a889c07a2eecdf,delivered,2017-08-13 18:48:11,2017-08-13 19:23:53,2017-08-14 19:12:35,2017-08-15 17:25:03,2017-08-25,b20eaead1d0c121ef9f0a705ad37803e,2017-08-13
e438a68d6cff4749165966ed2e2ff8a0,853d083e497f3f2441c308f5dc8b990a,delivered,2018-04-25 15:03:40,2018-04-25 15:30:06,2018-04-26 15:01:00,2018-04-30 20:18:38,2018-05-11,fceccc1505da8b7d0366a0f408a48a0c,2018-04-25
b898480abf81ccc16670a2642a0f3173,2b396f2065a37a6c85df1b5ec25ef942,delivered,2018-07-16 14:36:13,2018-07-16 14:50:20,2018-07-19 07:44:00,2018-07-20 15:05:00,2018-07-30,06b84f1b227e3463de0cbb0bd227e4e5,2018-07-16
0f581e286111b6b5e757cecec3815151,1512c5040886006dd88e50b3300e38fa,delivered,2018-07-02 19:07:01,2018-07-02 19:15:12,2018-07-03 11:59:00,2018-07-10 17:17:35,2018-08-03,62fc3a1c86763112082c8c6bbe2f2599,2018-07-02
76ef0609633755e00097957236215e2d,49670b995497cbfd82777f623ec7f825,delivered,2017-08-31 20:11:40,2017-08-31 20:25:12,2017-09-01 19:27:23,2017-09-11 23:03:39,2017-09-22,42e839cab098ef782fd83d6c5b391049,2017-08-31
b2e7423926537e79e712ccf08ce1a53f,8e791f9f55fe93044d73c6d79b1cce11,delivered,2017-05-03 09:49:58,2017-05-04 10:25:21,2017-05-04 11:12:40,2017-05-09 13:15:18,2017-05-24,8e2211b4f8991190e309f38fccf7a8f3,2017-05-03
e66b89fb2a3155a193afedecce0e193f,b9820f02b67bd33381d35eec284e25c0,delivered,2017-03-16 15:32:19,2017-03-16 15:32:19,2017-03-17 09:32:39,2017-03-24 12:53:17,2017-04-10,210a704bd4f043b12bfcb01aaa7390f4,2017-03-16
813806934fb64463e4a78ff2cfef2941,76c360cc7f0388671ee89736e7a581b8,delivered,2018-07-10 12:18:25,2018-07-10 12:30:19,2018-07-11 14:32:00,2018-07-18 19:50:55,2018-08-01,b47ab9d4c1313cc6fc4be325dd7cb49f,2018-07-10
a91e7aca25f42ad17ca485b55da90693,35be0e9bcdc8a3efe98c9d9523e72439,delivered,2017-05-29 12:13:27,2017-05-29 12:25:46,2017-05-29 12:57:41,2017-05-31 10:49:57,2017-06-09,8b3060c399c94bdd5013cca4f3c7ee41,2017-05-29
a086ea7c4433d52d2475baede10023b1,0d9cef52b91faea5403aa1e107b96d9d,delivered,2018-01-10 10:32:32,2018-01-10 10:49:26,2018-01-16 01:22:52,2018-01-23 12:16:47,2018-02-07,542dfd1bac780f464e50f5300586d51b,2018-01-10
a701b3fe16d0e0734d666d1872df2ca4,b7d7863509dce6d6350832d9ec068e5b,delivered,2017-09-28 13:38:08,2017-09-28 13:49:55,2017-10-02 14:18:36,2017-10-09 16:37:10,2017-11-06,5484a1006f5484e669c209696bebd72e,2017-09-28
70848392a2b1c4ea647d7206bf1b5b47,052b2c80ba54a9462b895f098a8593e4,delivered,2017-07-31 23:07:11,2017-08-02 02:55:07,2017-08-02 20:12:31,2017-08-10 19:40:16,2017-08-18,00704e915ae0d4a236eace0267454cf9,2017-07-31
59682ddba24feb11071cee1f0ed1ecd9,ab2ad851c8afe2151aabdc9829cc23c8,delivered,2017-12-06 18:00:29,2017-12-08 02:54:25,2017-12-11 20:51:45,2017-12-18 18:10:53,2018-01-12,5a7082176cc91600f28d5f844409f38d,2017-12-06
ca6a26cfe7350f78f24144bc5f5c588d,d06ce0511b1e3e54a4db39df35a38ab4,delivered,2018-01-18 13:45:02,2018-01-20 09:10:39,2018-01-24 00:04:00,2018-02-02 17:14:52,2018-02-20,413dd02a8d4e16b658fd6d8d4bc23fdf,2018-01-18
6db84e80e54c938d5112dbdd6494b7f4,18f2f5c1d2fea458573243db3cf88810,invoiced,2018-05-08 14:09:19,2018-05-08 14:30:36,,,2018-05-18,3dab7fa08366df68b2addc01b7614e70,2018-05-08
2073adf991d650975fec13fb944d8ff1,7b86304a80fc04dd20a7f6ba3c700375,delivered,2018-03-15 15:57:05,2018-03-15 16:11:13,2018-03-17 01:28:42,2018-03-18 16:08:15,2018-03-27,26ce036d768b727192359b729f87ad32,2018-03-15
ef9948e6c8bbcd52c8164305be683daf,b29a643c63af3cf5ca1858a893cdbbea,delivered,2017-10-29 20:21:52,2017-10-29 20:35:26,2017-11-03 15:03:45,2017-11-10 18:48:48,2017-11-27,7b29d000b9848dde609fb88e4287a240,2017-10-29
b4c4b76c642808cbe472a32b86cddc95,e0a2412720e9ea4f26c1ac985f6a7358,canceled,2018-07-12 12:08:36,2018-07-12 12:25:53,,,2018-08-01,5d0a2980b292d049061542014e8960bf,2018-07-12
d5f84dc76f08b7d977dc77f2e0e8fbec,202cf72513728469b2956e562d56015e,delivered,2017-11-28 23:02:47,2017-11-28 23:12:24,2017-12-01 19:28:56,2017-12-03 13:49:01,2017-12-15,96a3fdec65c97bb4195ca3be48945749,2017-11-28
819c0a8de9efdc8a6886525a06dc7967,27c44b89b007427937dc837cf41ca672,delivered,2018-07-04 16:10:42,2018-07-05 16:21:06,2018-07-04 15:30:00,2018-07-12 15:08:34,2018-07-26,1799b452e02f154046e2609416569aa9,2018-07-04
72cfba8b64d72dbe3cc62b4c607687c4,b5c1d9c5629fa0ae203aa961786aacbb,delivered,2018-04-08 18:39:42,2018-04-08 18:50:49,2018-04-12 15:35:50,2018-04-16 21:50:40,2018-04-30,0dba14cd2bbfa360822cb88608ad3be1,2018-04-08
d0fd185aad137f701270f63d6cab8e42,521a0e0ff206a7638ea7b8ed776b1acc,delivered,2018-04-10 16:23:36,2018-04-12 05:11:27,2018-04-12 23:12:32,2018-04-19 13:51:35,2018-05-09,42ae3e27ca2c9f32893b22fa8c784e40,2018-04-10
5923263d49d190dc167b702f6dfc0c4d,d15ea99185ee0b8f6bd7de88a8ee9444,delivered,2017-08-25 13:38:17,2017-08-29 05:32:51,2017-09-01 13:58:46,2017-09-04 17:57:55,2017-09-28,a236735e1c15b02067a6711bafdfb317,2017-08-25
728a1252743f5ae1e79a50ba485ff102,c182ffa2bb223d4392ff6eac8d57f619,delivered,2017-07-09 12:13:41,2017-07-09 12:25:14,2017-07-10 19:19:42,2017-07-13 20:36:44,2017-07-28,140d464b3a7a905c56f07058eecf224b,2017-07-09
1fbac32f75f19d1b5242ad8748421730,2e36d821f7741386fe6d5199455d17db,delivered,2018-01-25 22:07:56,2018-01-25 22:18:22,2018-01-30 00:03:44,2018-02-02 22:04:15,2018-02-19,42f14faf1f85221dec212b9134a0e72f,2018-01-25
7d0e17bbcb31318fdc2390ad7cfc7399,0ab6b9678a73a7234a994d90cafcbc5c,delivered,2017-12-19 09:42:51,2017-12-21 02:12:43,2017-12-28 16:26:56,2018-01-08 15:25:00,2018-01-23,889764541a3bd1cc777e70364dd00084,2017-12-19
ab4db5117e6804bcb57deaafd44cf4c3,c7a82da94b1093bc1774b31ff1bf3481,delivered,2017-06-14 14:59:33,2017-06-14 15:10:11,2017-06-19 16:06:39,2017-07-04 07:21:46,2017-07-19,ba15918411dd21ad6ec1a97aa9f52fe4,2017-06-14
7dc9529b89630e97d20c9e3d125b8f39,0bf412996fac82fa938b0bead2cf9489,delivered,2017-11-29 09:03:35,2017-11-29 09:13:26,2017-11-30 19:45:30,2017-12-01 17:17:24,2017-12-13,00a1e8f160b36ccdcbca310933f12a3b,2017-11-29
81a93b2fa39e104b865b2bc471c16008,8ac44e9c15d396b8c3c7cbab0fff4536,delivered,2018-03-22 18:09:41,2018-03-22 18:27:58,2018-03-23 22:28:51,2018-04-04 23:05:57,2018-04-16,0058f300f57d7b93c477a131a59b36c3,2018-03-22
3e1088f1c96e2b55ef9a070866bd1f1e,251a9ae4d295b0b2db74f27d8217b922,delivered,2018-06-30 16:53:45,2018-07-05 16:04:19,2018-07-17 15:09:00,2018-07-24 15:48:23,2018-08-16,43849878f47ce035e165e820b6914ac9,2018-06-30
c039d465e2d9486915f6356a2660e66f,9aaad80a9eba88d21766074b44eeea1b,delivered,2017-10-25 13:27:07,2017-10-27 03:10:29,2017-10-30 20:12:10,2017-11-07 23:08:43,2017-11-17,e9d9c528e20f40315ee397c988b10997,2017-10-25
7f3c194d0984c02806d2b6a3f62cbf59,74cc0991cc984f49ffb3f1027a04f85c,delivered,2018-01-26 20:13:55,2018-01-26 20:37:16,2018-01-29 20:37:15,2018-01-31 16:32:42,2018-02-19,8f5b910d850445710a1e3e465694816f,2018-01-26
57e84fe39881c28f3079d56d038459e3,33646ed7e7e4e912b04f5f203b651848,delivered,2018-01-02 22:14:43,2018-01-02 22:30:23,2018-01-10 01:24:53,2018-01-13 00:12:28,2018-01-26,da2bdfa28e41c97daf9e8cb2749bc30c,2018-01-02
08c182b2e7095965cdf8fb5be1cd5b3f,99f3961a1bcb55085e8bda6b25df6c16,delivered,2017-12-19 20:49:45,2017-12-21 02:11:55,2017-12-22 17:42:03,2018-01-04 16:27:12,2018-01-23,808a74ffa0381f16a4a15cc3ee7007f7,2017-12-19
a162843206c281a243d96c3040e7e08a,4e0ba3517b618410bbca2d46273404cd,delivered,2017-04-26 18:11:15,2017-04-26 18:22:21,2017-05-02 14:28:53,2017-05-12 13:13:39,2017-06-06,fc6c93980264a3d9e80e62abadf2e6b1,2017-04-26
d1373152bf63d51168f41cbeba3663a8,b7337a831378a57196f7e83fce090948,delivered,2018-02-12 18:49:58,2018-02-12 19:08:34,2018-02-15 19:42:48,2018-03-05 17:05:23,2018-03-13,dd73b2c2de46a16bea5535cfba5a0c36,2018-02-12
66573bb355bdba7b6df55fba794b800d,70bc2fe12d0580eb8336285500defe0e,delivered,2017-10-15 10:30:57,2017-10-15 10:49:15,2017-10-24 22:23:05,2017-10-28 17:24:16,2017-11-09,c71792e0cbb396e0a77258f474d971ab,2017-10-15
33e13c48e5883f2a3ae2269bf57650c7,cef54c3ad569af033c4ecdaa69c9e140,unavailable,2017-12-22 12:41:34,2017-12-22 12:52:28,,,2018-01-26,cfc8d9c0287ded52a81b90c102827129,2017-12-22
9f5539e7e62b26f49edf43566859bb44,7f77bbde63fb27ca5bc7a1ff43504d7d,delivered,2017-07-25 15:38:32,2017-07-26 02:15:59,2017-07-26 20:22:07,2017-08-04 19:26:57,2017-08-16,89672d977dd21afa429505c66a1abc17,2017-07-25
fd083ca236fb56074a653948afcacd8e,f4ad66ffc7ef5fd7ae997077a7c10e89,delivered,2018-02-02 15:55:43,2018-02-02 16:10:29,2018-02-19 23:52:01,2018-02-26 17:42:04,2018-03-12,9fc34f9db1790139660c95fed27f9e4e,2018-02-02
a6f6ef4007557b03f6b82beebc22150f,090d8c30005e20451f3514a654cdd9ef,delivered,2017-08-27 23:05:03,2017-08-27 23:24:42,2017-08-29 16:04:36,2017-09-04 18:57:43,2017-09-27,658be5b23fa4d143e2bf2c35f9401f9b,2017-08-27
a5a2ab9022d563da450076220e56d658,24a36d3e10b9d9d90595c7cb0e8dc070,delivered,2017-09-26 20:50:49,2017-09-26 21:04:53,2017-09-28 16:27:46,2017-10-13 22:44:41,2017-10-18,a035218fe1e78deaf2bffbbe2b23d857,2017-09-26
df6741b0ea621f28515a537c85037507,3d4518b37926b706d7e89ecfe3cb4c36,delivered,2017-07-17 00:25:55,2017-07-17 00:35:07,2017-07-26 01:13:47,2017-08-01 19:51:25,2017-08-10,5091672eeb099fc04bdb2711ed207799,2017-07-17
f17281018fc8b0ba9a8b08ac18360665,8bbab60533a9749783e4c768cd5a12a7,delivered,2018-02-01 00:24:55,2018-02-02 16:00:34,2018-02-05 23:38:41,2018-02-15 22:13:31,2018-02-26,056c58156ca6fd3d045cb72a9c9f89c0,2018-02-01
ba57df46d6c7801e304a57084265bd86,6132860a5328ff1bcb9571bc0040b78d,delivered,2017-09-17 12:51:20,2017-09-17 13:04:07,2017-09-19 22:17:41,2017-09-27 22:12:44,2017-10-04,5d1fbc54800abf1e1e85f65c5996bf23,2017-09-17
c78b46b9e5371e47b97a2bb7eb4740a3,c4661023cc14f8b203bb388f6d486f3e,delivered,2017-12-24 17:14:46,2017-12-24 17:29:00,2017-12-26 22:17:00,2018-01-04 00:42:28,2018-01-15,9b54a46b943ee3d1ebc2a2d1bc79e0f0,2017-12-24
a0efa566fd16e01fa172403fa5d645d8,24bcf5954a5f3d82a83702a10241a3ba,delivered,2018-01-29 12:21:50,2018-01-30 18:49:58,2018-02-01 17:05:41,2018-02-15 18:20:12,2018-03-08,f4e714a69959639d15fcbeb67639f48d,2018-01-29
2fe3cac4410271c6297a141898af28f0,d8ea22053dd00896b4cfad5718cc2fcd,delivered,2018-02-17 01:27:15,2018-02-17 02:07:56,2018-03-02 21:46:29,2018-04-23 21:04:34,2018-03-14,ed01296cb785ec638bde802ceea08095,2018-02-17
1671068b64a9cdbffb5bdba38a07382f,2b61b65a606f7c61cc3df116247b5a10,delivered,2017-07-16 22:28:30,2017-07-17 22:30:21,2017-07-19 16:33:45,2017-07-21 19:11:28,2017-08-01,a28722eef958f9b0f015483e01b412ba,2017-07-16
7501e0d79e115a1491674e6154b47bd4,7fe27842c70ec6d61ee78e748021f378,delivered,2018-03-13 19:44:29,2018-03-13 20:20:23,2018-03-14 22:58:45,2018-04-10 02:09:46,2018-04-11,61405ade03a89e7298a508f27f7be4a7,2018-03-13
c5bb8cf75ccd20ee373200ab31628770,7cc858beaf29178458e90ee34c3be444,delivered,2017-08-19 17:54:34,2017-08-19 18:10:21,2017-08-23 15:16:33,2017-09-06 18:58:45,2017-09-15,17c6652c9c8a71e905e388b9ede23d6c,2017-08-19
f40828a647f246819e9db956f9b87a26,3acd5827b2fe301fca20da0490c0ee18,delivered,2018-03-07 12:02:14,2018-03-07 12:15:35,2018-03-07 23:32:15,2018-03-08 16:04:44,2018-03-19,0663abc6abf3f63e65437bc7ed7aaf23,2018-03-07
dbb31ed9185a040cb0e9c8fb4877e21f,237bfa0417d30f46fa793b5532739269,delivered,2017-02-06 00:25:15,2017-02-07 04:05:13,2017-02-07 14:49:35,2017-02-10 10:55:26,2017-03-06,4e0c5a01f67ee60e9760ebf0903527e6,2017-02-06
9c6afc949524a73041a14fa201f42851,775a538061a1499aadf461df629f423f,delivered,2018-01-28 21:42:11,2018-01-30 04:31:19,2018-02-01 01:18:54,2018-02-07 14:21:17,2018-02-23,8ef9c8578c52b10e5ffcad027285d0b1,2018-01-28
a8f98802b9d90bc23e0d46ca06b42136,2c6181c9105fc98a3d53efcc42657ad8,delivered,2017-11-17 19:41:05,2017-11-17 21:15:45,2017-11-21 19:44:02,2017-11-23 14:12:11,2017-11-30,7bdcccce2b57ee261a300a1ac2a2a1eb,2017-11-17
102ea4043e0c7b678470f26f0a726e57,9d507dae8b83f73bf1c00e1ca2e4357e,delivered,2018-03-06 15:40:43,2018-03-06 16:41:07,2018-03-08 14:08:22,2018-04-04 20:28:45,2018-04-02,d6bd608a01942844e1cfd48686cd2d7a,2018-03-06
b74ea2b3c3e2bbe005621c14ca939889,d733d35de46ca9b765e1ab0a59285b9e,delivered,2018-04-19 11:27:47,2018-04-19 11:49:26,2018-04-23 23:52:08,2018-04-26 16:13:13,2018-05-29,2a1498fc7c4e907d9881648ce5464141,2018-04-19
f041636b56e76b6320b39db6f42a9eeb,2f9504882f2ded2fd6c1230a7ca59721,delivered,2017-11-13 11:22:05,2017-11-13 11:35:26,2017-11-16 21:02:43,2017-11-29 18:03:12,2017-12-12,a1a41f7e848c5f9ca904fd9ee8f6fb58,2017-11-13
87aa53fa9466f416f97e7d380fbff012,97c149fcb8426cae07a0f1eeed3c089d,delivered,2018-04-16 20:20:19,2018-04-17 12:12:09,2018-04-18 19:32:24,2018-04-24 18:46:48,2018-05-11,109c0f2526129329137522a791ea8170,2018-04-16
2d41f565da57c810b338c40361477c5f,9b2a730cbd99f73b0659756985493ed4,delivered,2017-09-08 09:11:26,2017-09-08 09:25:12,2017-09-08 22:04:10,2017-09-28 10:02:56,2017-09-29,1440e5bcc626eb14a4a4c7a5c8c19e79,2017-09-08
956fa289d4963732b9c806fcc3eb3d57,1936a22b0b2f39a03bf3fc96bf6b8fcd,delivered,2017-10-08 10:19:15,2017-10-10 03:49:21,2017-10-24 23:37:05,2017-10-31 21:03:58,2017-11-06,1077b81a9864eda12e553f91e27a6f1f,2017-10-08
c91097d5f017e8117c4930db4bc51c66,48f8c4f0545adf1581cc6c077b7b88f3,delivered,2018-04-23 21:32:42,2018-04-24 18:30:13,2018-04-24 20:08:42,2018-06-07 09:16:37,2018-05-24,fd5233d2c8437ce53379939fa12ad908,2018-04-23
3a2ac4b422b1c2e54b864f20f4331f4d,93ffee27d971d08d9d64483830a9e43f,delivered,2017-06-11 19:36:21,2017-06-11 20:42:27,2017-06-12 19:12:45,2017-06-22 17:46:55,2017-07-03,a9bc1771720ee851dfdfe7395bdf6ef6,2017-06-11
e9c9e163bd9e8a23c5afab293ed676e2,62d3d5126a9e6607e62fc5a79363580f,canceled,2018-02-21 10:27:40,2018-02-21 12:05:31,,,2018-03-13,b0154dbf6744c6b1950c45f23e5a27ee,2018-02-21
2c9015a3c9e7ded7dc344a1536b2c72f,8fc8ae50a5db16c2ef987e3ed64c3956,delivered,2017-07-26 09:28:11,2017-07-26 09:42:56,2017-07-27 19:44:48,2017-08-02 11:56:47,2017-08-08,5449725053f76aae0e20c01f0c2160b9,2017-07-26
6b62e435ad4cc81a538f9a279049f490,9126e0666011360bc99770026bb867f1,delivered,2017-04-09 22:47:00,2017-04-09 22:55:14,2017-04-10 14:48:24,2017-04-24 09:47:52,2017-05-30,70a8bb8dd8372c409219e4c5e66a960d,2017-04-09
465ef1a4ae46fb48aa8645dd2b755a54,2181c158dfd236e9c1854c05f1bd6fae,delivered,2017-12-03 21:39:07,2017-12-03 22:07:47,2017-12-05 23:48:38,2018-01-13 22:52:18,2018-01-05,97ca81e1f4a9fb8be9fd0ce72f0e52d5,2017-12-03
cad47dffa15e42fb1f1c09d6e5fec4aa,b66ecb3df0ca726cf146a215d81d0358,delivered,2018-05-24 19:51:03,2018-05-25 19:52:12,2018-05-29 16:08:00,2018-06-02 15:21:09,2018-06-21,ba0d837dcedd49f55686d5f00530077a,2018-05-24
6407b85bd242ce58598e1ddeaad6fd37,b3f8ef83c79e155520e952c088ba761a,delivered,2018-03-04 22:01:48,2018-03-04 22:15:38,2018-03-06 20:49:02,2018-03-16 17:38:52,2018-03-22,855637878734123bdeadd16d32811ddc,2018-03-04
36e97c52eeec93d43615f58da623c33c,44901bf8569ad65849aa1b3d4325c6e1,delivered,2018-04-10 10:14:18,2018-04-10 10:31:44,2018-04-11 17:57:50,2018-04-12 19:05:04,2018-04-25,baae5026d9a316d811dafbaa9877d21a,2018-04-10
c4ab3c8b8131fffa0e973dcc87eed802,4131554d91b6d92d92c8af4097136526,delivered,2018-04-28 21:32:01,2018-04-28 21:51:17,2018-05-02 11:23:00,2018-05-03 17:13:38,2018-05-14,9764e05ba18e4fa5053f0e141fb06809,2018-04-28
eeacc2219efa996957aa46ab696afbde,b701465c5960839259de1bc16655ef0a,delivered,2018-06-26 17:57:47,2018-06-29 02:35:12,2018-06-29 13:58:00,2018-07-10 18:21:40,2018-07-27,e59715fbe8afb24703988a8c1c14351e,2018-06-26
71b99494e76e07a7deacaf4cba75afe1,cf3ba3721f86bb50fdb1568a54039cd6,delivered,2017-10-19 11:03:50,2017-10-21 02:56:34,2017-10-24 22:51:56,2017-10-28 12:57:43,2017-11-07,ab9fe867ee752de5eab4b3293460a31f,2017-10-19
34ac523be174284d7b9df8e47bce2040,e143678e76c1279b51f6fb83c205b7d1,delivered,2017-01-15 14:15:04,2017-01-15 14:30:14,2017-01-16 08:43:35,2017-01-20 10:05:52,2017-02-24,4862e84e08df689a5ccec996b1f7b393,2017-01-15
a3fffd40f08c6e4ea8a775049b285222,56fecd308580382b61bd71468880a9f1,delivered,2018-02-27 08:32:14,2018-02-28 09:29:35,2018-03-02 21:34:16,2018-03-12 15:42:07,2018-03-19,2ef528a99cf9ffebaa011a6a17ef1920,2018-02-27
63ca9513cf22fe41c6d68a30c1eb1b91,ad72135eb6e07c6c5bc9bb554eb307ce,delivered,2018-02-14 14:45:38,2018-02-16 07:56:07,2018-02-20 15:25:03,2018-02-28 18:07:26,2018-03-07,fd3b70d7905509add1d6470bc2af4f97,2018-02-14
5ec4ec0bb9c63325c2a003b014c9b7b5,cb63d833eec3ba3f144b12d4881f2f4a,delivered,2017-12-15 22:30:10,2017-12-15 22:39:40,2017-12-19 22:26:46,2018-01-08 20:29:14,2018-01-18,ba8121a9df3b7d7b1bd5451536903489,2017-12-15
efadf4336d9cb2a9d13f4472921bef2a,50bb9b23717954cb976494695b150d26,delivered,2017-08-21 23:13:10,2017-08-23 07:45:46,2017-08-23 19:11:15,2017-09-06 23:39:32,2017-09-25,01c12b236caa6f6d630b985da0ab5d30,2017-08-21
adc9ecec979258a539392d070254720f,0ff3980848cdbed5d9bd38be1f59e40a,delivered,2017-07-26 16:25:43,2017-07-28 16:55:37,2017-08-02 00:52:03,2017-08-07 16:16:05,2017-08-15,1e2807b4943279769c0b5bd9211f1b89,2017-07-26
b35b7430e23fa9b3ef7dee8daadacb75,abb9325afb2095a76844fa08d71109bb,delivered,2017-06-02 11:10:09,2017-06-02 11:23:03,2017-06-02 14:16:07,2017-06-12 13:05:54,2017-06-27,6ab204b2ec892166b54a2821852e7c75,2017-06-02
35d522f468310fd81c065ee66f126cb9,f24f1dace2a4e157da44fa5f3d666fe6,delivered,2017-10-28 14:59:48,2017-10-31 04:06:29,2017-11-01 16:53:41,2017-11-10 13:56:40,2017-11-27,24a159708ec2324b5798e7e4bfaf7229,2017-10-28
58e742c2152fc7724feb66eea214243a,d69a4424e3d769782d9612fe8575f1ff,delivered,2017-09-21 14:23:25,2017-09-23 02:30:38,2017-09-25 18:55:45,2017-09-28 22:12:36,2017-10-13,4c6a2d83c50b419129850e0468b2560a,2017-09-21
feb856bfe5b756097c5d2ff2773f5ed3,22fe26b6e82417d63e943f3275fcb57a,delivered,2017-09-23 01:36:22,2017-09-23 14:10:18,2017-09-25 16:03:33,2017-09-26 20:48:48,2017-10-17,3b9615985549db59db5dda03c186112e,2017-09-23
3417aa576662236ea66ef37b0558d6fd,4a4d32e7b1050d6ea93354fa982a8f6b,delivered,2018-05-02 22:43:05,2018-05-02 23:31:57,2018-05-04 12:09:00,2018-06-05 12:33:26,2018-05-28,0ee049c61e2e6c30345e7c2480608d20,2018-05-02
feda53748552b66b94d435d2a3c9025b,bd2972b1121201e1c93097f8e39a9060,delivered,2018-01-18 13:39:03,2018-01-18 13:53:03,2018-02-02 02:41:42,2018-02-07 22:06:51,2018-02-26,470103b27b2ec35aa36b2486107da670,2018-01-18
ec72beff33dc025a12ecdb790a99f730,8a8dd60b4b54b878c9d5e2bf131222c3,delivered,2018-03-07 15:59:58,2018-03-07 20:15:21,2018-03-08 22:03:36,2018-03-15 14:52:08,2018-03-20,3797f12de2bde994a8051ee48eda4818,2018-03-07
9d6f15f95d01e79bd1349cc208361f09,8ebbeb09e94d1e789142983f73faa9cd,delivered,2018-02-12 16:07:34,2018-02-12 16:27:39,2018-02-14 20:04:16,2018-02-15 19:16:54,2018-02-26,a5ee02c2d02b8929c0949fc114c5a19e,2018-02-12
c69f4cc5c5972fa769d36bfdfc17894c,01709d66652d26124875777dda46cfac,delivered,2018-07-26 13:42:53,2018-07-27 02:15:21,2018-07-27 13:11:00,2018-07-28 16:02:11,2018-08-03,fbad078fcfca26a3127967e603b94bfe,2018-07-26
1653009772c7d799890eec481fe417e3,4368b90b06b8eec19d7d150a2257d1e3,delivered,2017-08-03 14:33:16,2017-08-05 03:03:28,2017-08-10 15:07:30,2017-08-15 18:54:30,2017-08-25,55792dbb54f599311bfdfb0450f0d2c1,2017-08-03
3d521dbaec823d745bc7657d32442975,e5bb64b888dec067eb20346a00345960,invoiced,2017-11-24 13:16:22,2017-11-24 15:15:49,,,2017-12-15,70dec58f9de95bda4ee9f3449a683dde,2017-11-24
39f428ffba2a9207ffb6406237ffe25a,9cc2c82001025f49191bc032306d1582,delivered,2018-02-22 12:32:29,2018-02-22 12:48:38,2018-02-27 13:19:50,2018-03-22 23:48:51,2018-03-15,c8b8744cdff8bfb969670e865d94a61a,2018-02-22
31626e2772bff2ffd92d111582296642,73af52d65a69354b66b26499445017d5,delivered,2018-06-10 18:51:37,2018-06-10 19:12:33,2018-06-13 14:34:00,2018-06-14 21:04:31,2018-06-21,0ca4b20a20721715b80a21a3c0488200,2018-06-10
6a8df9094f1d1367d930609a1c7b5448,86163f5b646745d0ee231b6dd77870bd,delivered,2017-07-14 09:18:28,2017-07-14 09:35:09,2017-07-18 03:22:13,2017-07-18 19:23:49,2017-07-31,9bb7daf6a48895aff8b6df81932ab6c2,2017-07-14
dff0494b87d4607872757269757c7bb1,3096efc811862c3afd73dc18e693a1ef,delivered,2018-02-16 15:50:23,2018-02-16 16:07:00,2018-02-19 17:38:52,2018-03-09 20:23:31,2018-03-15,645306b41d1161dda7aa8448cd47d490,2018-02-16
9edf857fb745380a09bf319e39843439,35330178f28d53aba7a23ed90dc92566,delivered,2018-06-06 11:32:21,2018-06-06 11:55:09,2018-06-07 07:52:00,2018-06-15 19:41:58,2018-07-17,393097dcd194a2157bebb015f2124fc6,2018-06-06
98c5b3461f699d417f26d5dcfc210e1e,a104577728b2fa084ae8d275e1845cb2,delivered,2018-06-24 17:02:25,2018-06-24 17:18:24,2018-06-25 14:58:00,2018-06-30 16:14:54,2018-07-16,e2be3f89685ab33422c425b0b552a231,2018-06-24
c1c74d57ba4aa420f6f3399f322cf82f,a3356da8c84c806b6977704df8315e06,delivered,2017-07-11 23:37:59,2017-07-11 23:50:20,2017-07-20 21:53:48,2017-07-25 22:19:54,2017-07-28,ea1ea2c22279ea78c37c7e359bd3a556,2017-07-11
2c9d99ef4b6645ccf36b919ebe2b839c,f1c2169cd128b7d6dbf34e74fda43d55,delivered,2018-02-12 17:08:04,2018-02-12 17:15:35,2018-02-15 17:23:20,2018-03-05 21:59:07,2018-03-12,3932704dadd5df21c9951ef56a0b72e0,2018-02-12
091b6eccc5e978d6c77d8da3f3cec254,177616f0a95f749bea62333503553be0,delivered,2017-07-27 15:04:57,2017-07-27 15:23:50,2017-08-01 13:04:03,2017-08-11 20:14:53,2017-08-16,b74ee85321309ade84f3ff79e88fff72,2017-07-27
b084d12a7e70bcabb8998f113f04e601,89a762414f228621ebf73186df0aabed,delivered,2017-11-23 00:09:51,2017-11-23 00:18:26,2017-11-23 21:10:45,2017-12-16 18:15:56,2017-12-14,36cbfc807689e6396e4b115c72f976a3,2017-11-23
93e0e074b46eb5837fc8056c8e70710f,287e3d0a0a8910d94375eb917fce9743,delivered,2017-05-24 18:43:12,2017-05-24 18:55:18,2017-06-01 13:19:08,2017-06-05 10:49:46,2017-06-23,50aef30dabc7aca975dbdec85dcb848f,2017-05-24
7a1ba14765ea354929894e667c06f386,d4fcd56a6eb869293c5da42565707dd9,delivered,2018-01-10 17:06:30,2018-01-10 17:31:51,2018-01-15 18:54:07,2018-02-01 20:04:01,2018-02-16,713a7708cfc3acf278ddeabdb7046fa0,2018-01-10
40637fde29a0a1715c3de8af636ff382,529e2914fca06d39d99c015fdfda82db,delivered,2018-03-24 19:18:45,2018-03-24 19:30:27,2018-03-27 19:29:01,2018-03-28 20:37:35,2018-04-09,52add23100efdea39ae461e6295edeb4,2018-03-24
1356d83749ce580e0dcd124b1b024a0d,070ce039abd117187ecf70994220c6d2,delivered,2018-06-17 11:03:08,2018-06-17 11:13:36,2018-06-19 15:42:00,2018-06-25 19:42:35,2018-07-17,77d9028051819529d7fddeee5b775ac6,2018-06-17
6ea1fb8b83a7703077033993d1bdc5fc,301547793a0933aa10e383e3120c8396,delivered,2017-05-13 20:42:27,2017-05-13 20:55:13,2017-05-17 10:52:13,2017-05-23 09:57:03,2017-05-31,48a331df466908018600958dbcc6258f,2017-05-13
a4f79d60f934a1fdc35b009f9415a8b3,c10bf120819db436f6a28de06f8a309d,delivered,2018-04-15 16:48:15,2018-04-15 17:11:05,2018-04-17 16:58:11,2018-04-20 18:22:49,2018-05-09,5655ee330a79bd1fd1e5fb220c2436dd,2018-04-15
afb622d96607d2d13ff0a4e8ae16486f,dde676391ba6490adc3c1c3b5454afa4,delivered,2017-12-18 13:20:40,2017-12-18 14:19:19,2017-12-20 18:20:14,2017-12-21 15:47:09,2018-01-05,beec198c8836f01494e38b0dcfab5257,2017-12-18
88222a046146c4aab763e90b35ab4799,a11792b79fd20e5338e64d4f9b76cd22,delivered,2018-06-19 16:08:05,2018-06-19 16:45:27,2018-06-20 13:17:00,2018-06-25 18:12:14,2018-07-18,6b922ca86d6f70ba8303d2ef86b7f522,2018-06-19
09eb1ae749fc79af3f5a2f4481efae6d,fec3ffb806136156a064284eca7d38b4,delivered,2018-03-08 11:11:29,2018-03-09 02:31:11,2018-03-09 20:32:13,2018-03-11 18:34:30,2018-03-21,204ae867ff4e32138e6ad032ef1cf41e,2018-03-08
00ed64bc080d87b4ab7f0c433bc5e98f,3e49d94c6d8ad4a1f5589db832772317,delivered,2017-05-30 18:18:36,2017-05-31 18:22:47,2017-06-01 13:57:49,2017-06-07 13:50:52,2017-06-22,77479db0fa60ddc453f3743abc02be23,2017-05-30
2b6635f4dca63c44fdfa0de1c212a2ff,764b9171f58d54e6a590264a93b0c009,delivered,2018-01-25 20:35:52,2018-01-25 21:28:12,2018-01-26 19:42:34,2018-01-28 11:58:45,2018-02-09,f525749c26b03017828048c2245204ce,2018-01-25
ba8a2682e4b170d1b0f4f3507c2dddc5,4399de73b8c8afafb0134d5ccd8ff1b8,delivered,2018-02-06 13:09:15,2018-02-07 12:10:46,2018-02-08 17:49:00,2018-02-14 16:55:47,2018-02-22,64965ee4d0c0f35dee03875b616e7586,2018-02-06
c26f9883d70cd30a8ed31f950604f053,a3c921454d55b0fa07f6231d862a13df,delivered,2018-07-09 12:02:27,2018-07-09 12:15:14,2018-07-10 07:00:00,2018-07-13 19:51:31,2018-08-01,b8776b15d03c63e212ebda87ad6b8fb1,2018-07-09
75d035594c312309908a318d046d712d,a3d76d50102f316892f29fed23c28e7d,delivered,2017-09-13 18:49:58,2017-09-13 19:04:17,2017-09-15 14:03:23,2017-10-11 10:15:36,2017-10-09,07006fddae756b05cc065ab4ba505dbb,2017-09-13
19d7044958c12e06f37926d4801eb2da,293cfc4bf7fcf2cae2e68b9d6f3b1a89,delivered,2018-02-12 11:49:55,2018-02-13 11:47:29,2018-02-17 12:18:35,2018-02-26 18:08:45,2018-03-09,ea261d4dfec15673211bf4571274bf0a,2018-02-12
350f47d61d589f6218bff053db95fe62,ec5ed55d0ce3f856a71dc2eb71e82cb5,delivered,2017-01-31 13:01:10,2017-01-31 13:15:08,2017-01-31 14:32:49,2017-02-09 16:14:22,2017-03-03,c907cc6d05b62eb09d63c63462a7fa2d,2017-01-31
11302d4542ca6da5b505416f9e04f0a8,a06ff1b7fe5a96a9449fed853d1dc62f,delivered,2017-11-26 20:40:58,2017-11-26 20:53:40,2017-11-27 16:43:14,2017-12-13 16:10:10,2017-12-20,0b402d6dd50694a118c642448e2cb086,2017-11-26
d1e6101240177b6312dd56545b949286,9f573546705ce518ade57eace27881aa,delivered,2018-06-19 12:21:11,2018-06-20 02:55:05,2018-06-22 13:56:00,2018-07-03 17:17:46,2018-07-16,e20058f63a23118ccaf098cb12487070,2018-06-19
5ff6b1218c59006ad453dc0f33c70ec2,7f3cdf6539fdd87133286b5456b91ae1,delivered,2017-06-17 23:50:22,2017-06-18 00:47:03,2017-06-21 14:13:18,2017-07-07 20:52:47,2017-07-11,70d9c1727c10dc6cd4187548784084bf,2017-06-17
8548d37748337533fac944d6412db320,25f039e34f6ccd860e4d6ca74ca53e7d,delivered,2017-12-28 21:31:36,2017-12-28 21:39:22,2018-01-03 21:44:45,2018-01-09 18:37:09,2018-01-17,4f0ae74a67e72466c530aaef5951e455,2017-12-28
3628a5f953fb9bc719fcffc18e639459,f01af9e3db8091eb666027f5caba496d,delivered,2018-02-23 14:43:35,2018-02-23 14:55:37,2018-02-27 16:34:07,2018-03-01 18:44:46,2018-03-12,f2c1e1262d4312621609513805a0dd1f,2018-02-23
3e2e0c0d125ba0b63ecec3768508fbfa,6805e3b2ee357e4c1e4f03376a7766d5,delivered,2018-07-23 19:25:21,2018-07-24 10:31:41,2018-07-24 13:47:00,2018-07-27 18:51:45,2018-08-10,220b6837da42337a632eaac808f41a49,2018-07-23
38cb813a638594505086f338bb5d4cae,b964c2f3a1d4cafb7d6f0ea22fd7c62d,delivered,2017-11-21 17:09:44,2017-11-21 17:17:27,2017-11-24 22:22:05,2017-12-19 23:55:29,2017-12-14,b33223d07508d612901c0350d1cfe054,2017-11-21
101157d4fae1c9fb74a00a5dee265c25,f72b2f8d9295ef93fd40a4c49f67a42b,delivered,2017-04-03 07:54:34,2017-04-04 08:02:26,2017-04-12 08:58:13,2017-04-13 21:08:08,2017-05-02,a330c3cd4e607dd2f8dca4e303325e6f,2017-04-03
c96bee3fe3caeb224420da7bc815b0fe,7d4c5b3d468dc1b5f54f9926cc5a172d,delivered,2018-07-19 07:38:53,2018-07-20 04:55:27,2018-08-06 17:01:00,2018-08-10 23:06:47,2018-09-03,65571628698194dbda526c22f5ed2317,2018-07-19
8f7075f9808a783f9794cf5f7e1860d5,ed3b435e402f52f7895ef9d01d8e2e2b,delivered,2018-02-13 16:57:36,2018-02-13 17:10:20,2018-02-14 23:55:06,2018-02-21 18:59:09,2018-03-07,2cdea5548dc91c876f311a4530c75f1e,2018-02-13
2c32c97550e1aef2feba6d0bfa3e2c37,e4d05d77e9e6f1f1a807193af43e22d8,delivered,2018-02-19 15:19:22,2018-02-19 16:46:53,2018-03-14 11:54:21,2018-03-14 20:59:55,2018-03-09,dab99d214fcc74719108e91aa54c8362,2018-02-19
15b8b016ac9b68e6737f1b5eefaf6bc5,640e589dd01329c66abd6e6342abb903,delivered,2018-07-09 19:07:40,2018-07-11 03:06:05,2018-07-11 15:07:00,2018-07-12 20:51:36,2018-07-18,5786c5f874373dffb0baab94f7797282,2018-07-09
8dfe2458a3fe7978343edf962990b9ba,70cc0d7738ee00ffd828c5962645126d,delivered,2018-07-12 18:25:55,2018-07-12 18:43:54,2018-07-16 14:09:00,2018-07-20 23:48:44,2018-07-26,149527eff0400f2edb2a192d7a21bbc8,2018-07-12
a1c02a2ec3f8c8cbcc331d3426ad57bb,54219e69237531217da7b034db98a654,shipped,2017-08-02 16:29:57,2017-08-03 16:55:10,2017-08-04 16:22:22,,2017-08-22,11fa3e53b2e418ed264079f0b739ae68,2017-08-02
ca30221c79e8dbd7ece2df810c1969fd,4d6a266d51ab154c329ecdeb33c0fb45,delivered,2017-12-07 17:11:59,2017-12-12 03:54:25,2017-12-13 19:06:37,2018-01-08 14:49:03,2018-01-05,5bb8288e5dcdd7161ad0b5f858e3f93a,2017-12-07
9511ef1eab4fe876363109171d924930,018a1c3096d2b2bf4a869cc213c03345,delivered,2018-05-23 09:56:51,2018-05-23 10:18:04,2018-06-12 09:14:00,2018-06-13 14:48:40,2018-06-22,f21b311edf78359967c818edc33d83b1,2018-05-23
8aa3fb1aeacb5920cedf4f8adab84b9d,2a2a72fc4ba566b8ef03e798c723e9ab,delivered,2018-08-24 13:33:02,2018-08-28 04:24:03,2018-08-28 14:39:00,2018-08-29 19:45:28,2018-08-31,3508403af254d6222c16e8e289120285,2018-08-24
1e963f721d264f7633716e84f2554f07,3c7715574eb863d82a63267e28c264c4,delivered,2018-02-24 18:22:44,2018-02-24 18:30:32,2018-02-26 21:56:40,2018-03-14 20:13:38,2018-03-16,c3b9ecc5d90125a61bae63c6f036d144,2018-02-24
f02c97921d050822b79ace5646299e12,d99e101fd894a11db5843aa5de2ca8d9,delivered,2018-07-02 20:15:38,2018-07-05 16:25:21,2018-07-04 10:48:00,2018-07-11 19:27:48,2018-08-06,5ee355cd8672ed3f99fa23964a6ddee0,2018-07-02
edd9339c2bbb9d43caa9dd4984474273,bc549205ad91d6f739d807701f180953,delivered,2018-08-12 10:56:19,2018-08-12 11:05:12,2018-08-13 13:43:00,2018-08-25 19:26:51,2018-08-22,7ee1d53407ed1c60113953f969f79d28,2018-08-12
e1aa2b3ed8e11ded2633b9a5b34321b9,d629cbd97a483b5a37661e0a9b9db9e2,delivered,2017-04-24 18:48:00,2017-04-29 23:32:51,2017-05-03 15:51:11,2017-05-09 08:57:49,2017-05-15,7ec33604edc10560ca1be8e5d0b3c19f,2017-04-24
19fca62dacb4d96e5e9b491e45ff2c8a,3059fc651e9f8e3a5701575e62f1ed1e,delivered,2017-12-18 21:47:55,2017-12-18 21:56:32,2017-12-20 18:38:58,2018-01-06 11:52:23,2018-01-11,6f302f15a62c56b3100b67a81bfef328,2017-12-18
90181a7780a0fa0a32d7449931661c2b,0e4c35fd643e6bca5958212bfaadee7f,delivered,2018-04-05 13:12:34,2018-04-05 13:29:15,2018-04-05 22:38:39,2018-04-13 22:22:25,2018-04-26,887c521da06dcd2deb39f88e0e4da63b,2018-04-05
7b87733793ed5fda5792b830c3d9c854,b25460803232046ec91c399070801d95,delivered,2018-05-01 20:11:15,2018-05-01 21:02:18,2018-05-03 13:49:00,2018-05-11 00:38:32,2018-05-30,2c11373dede7576854225024f3719550,2018-05-01
e382242987ad58b7b31cabfa549b2cf4,db9854636bcddf1f6a5b1bc3f1133c52,delivered,2018-08-23 14:56:03,2018-08-23 15:30:17,2018-08-24 12:51:00,2018-08-28 14:28:27,2018-09-03,765f7f06179162cdb176930def20f825,2018-08-23
8edc3a87d7a72e4350d65c9e1c613089,72139f6cbf524640d2427b29fc084c15,delivered,2017-06-08 13:53:33,2017-06-09 14:02:08,2017-06-14 14:44:08,2017-06-19 15:33:41,2017-07-03,47d1439acaabc312edcfc92dbab81e87,2017-06-08
247d40d57494c99a2d2112878041d45e,e3974693d9b53a66adef4344fd921dd1,delivered,2017-11-16 13:19:25,2017-11-17 04:10:29,2017-11-21 11:15:34,2017-11-25 11:09:05,2017-12-11,487ddca2a6d9494a4f91494832d4fcb7,2017-11-16
4a47b1dd5336773ce156b344b1f2aff0,25ebf9efb39e9dc48d6c51a9896af9a5,delivered,2018-05-15 21:35:18,2018-05-15 21:54:09,2018-05-16 15:06:00,2018-05-17 16:03:06,2018-05-24,2b229b2693dc783259f684b24fcd23a7,2018-05-15
1137c5577a907523cb35ea043a976835,0d6541fbb2e3cbc0258137317ce89e4d,delivered,2018-01-28 13:40:17,2018-01-28 14:00:13,2018-01-30 17:57:00,2018-02-02 01:12:50,2018-02-14,ba2e22743d219977fdd4d267da7e3be1,2018-01-28
961d9edd490f2f6b29335d332e96f57b,57d000e7597dcc539927d4f7400da3a1,delivered,2018-04-19 09:51:38,2018-04-19 10:11:50,2018-04-19 21:05:52,2018-04-21 21:12:20,2018-05-03,10bf2a0572bbb3684eae0400791f41c8,2018-04-19
ff18b518679a92dcb00e16fae93c6d59,74bff367924485ad26b79d31e5623874,delivered,2017-10-29 16:15:04,2017-10-29 16:31:44,2017-11-03 18:36:52,2017-11-28 18:55:15,2017-12-01,87a9e1b0c91f8e66fdfe708a5a40942a,2017-10-29
4f47419e65cf0a0ad0d769a6287fc6fa,e67cb1a64f6d90b3b8b9c78cdfe91dca,delivered,2018-03-15 17:02:08,2018-03-16 17:09:23,2018-03-21 01:52:21,2018-04-02 20:02:35,2018-04-09,79296e3467d0afbe0e255170dbad2e21,2018-03-15
703ef7c6795e0ee91cff038a9a81abb5,2a7157032d44a7a8d9921d7eb66c4f76,delivered,2018-08-01 13:03:14,2018-08-01 13:40:17,2018-08-03 14:40:00,2018-08-08 02:04:20,2018-08-13,adbbf858d1a083ef7a94eb715d6c975b,2018-08-01
12cfc50e5dd5eb78bd329c22b46da0b1,a43be428f03e58fe060cbc93599c1881,processing,2017-06-05 12:13:39,2017-06-05 14:31:23,,,2017-07-10,09d7f104b8988cb8b209d8e190c491ee,2017-06-05
a8c151e54e03b53004b0e1c8e7bc033d,f2124e5103115cd6f588c973edb51c1d,delivered,2018-06-05 20:44:03,2018-06-05 20:55:32,2018-06-06 15:19:00,2018-06-07 18:57:39,2018-06-29,4f44806a16a69a79be907c376590d21a,2018-06-05
1161d05f0e6a5950019ca1707ab080bb,fa27b16679149e27c6a790bdfb1e41f0,delivered,2018-06-28 14:49:56,2018-06-30 02:52:25,2018-07-03 05:44:00,2018-07-05 21:57:37,2018-07-18,d933a872f7ac746e5e178a7b0ba57293,2018-06-28
f7666cba3dd9242a500443d3a1c9ad46,a9eb02e9f40e3a259d1f75a63cdc0bf6,delivered,2017-11-08 23:42:09,2017-11-10 16:33:24,2017-11-14 16:02:15,2017-11-22 18:22:54,2017-12-08,c24e666b3337f7fc472cb2312efe1e24,2017-11-08
283750dc507f662a3e9cf4fbfff68030,201b58d5423d38890b0a7b833be416d6,delivered,2017-11-21 14:09:39,2017-11-24 14:32:52,2017-11-27 15:42:31,2017-12-06 21:51:53,2017-12-19,4df3e96de11dfaec386adf64df85e9b8,2017-11-21
13525797d8c75a8c92126b1efe3f1e1a,2ece872ba55850fa34315a05b358ef65,delivered,2017-08-22 22:30:55,2017-08-23 00:32:32,2017-08-23 14:44:02,2017-08-31 20:07:56,2017-09-26,b3f1e744626cf615d11db438a23bb2dc,2017-08-22
01cf88c5fb4298435526a5995720807a,a1f63365b87dc9cebf0baa24bc8c6b7e,delivered,2018-02-06 09:47:52,2018-02-06 10:11:45,2018-02-09 13:56:45,2018-02-14 20:49:07,2018-02-22,03c60bf27e8bb42bf015e8fd99b832cc,2018-02-06
469872bf23abc5c0ce6db24fd6fec382,4e6fbf386c2076b95813eea3cb438a14,delivered,2018-05-01 14:43:35,2018-05-01 15:12:19,2018-05-03 16:30:00,2018-05-14 17:28:21,2018-05-29,2692df37eaab6026ceb6a2e141152d4a,2018-05-01
6374351beffca74fbbeb17865a05d86b,9f209637de7cee1f43fdf082fb7795da,delivered,2018-03-16 15:56:24,2018-03-16 16:10:35,2018-03-19 19:17:46,2018-03-21 12:51:33,2018-04-03,bf5b7a5df6790c293365469c0e5f5589,2018-03-16
b9581bf1b646f4fc021b131e1ca4d034,1fb9f3e7704d50dd72f6adfd4f6d8ffe,delivered,2017-01-25 22:46:24,2017-01-25 23:02:13,2017-01-26 13:41:21,2017-02-08 09:26:01,2017-02-22,028ae0b8c77250d12323b40f2cbb38c7,2017-01-25
c118773394d9e3b4d9fbfcb61838a14f,acfdd6d7bd76f2e04b7abc4d0f03f4bb,delivered,2017-07-24 11:34:14,2017-07-24 11:45:12,2017-07-27 19:12:21,2017-08-02 17:42:22,2017-08-17,43fc83b10ab7c0b6e830e47af81de0ef,2017-07-24
3ecc3564cd9c6190ef2a103f37351bb9,00314f95a054231742e3c5396b333b88,delivered,2018-01-08 19:29:38,2018-01-08 19:39:28,2018-01-09 16:19:25,2018-01-10 18:59:05,2018-01-24,aaf46bd4e1ad43275a5a20bd485e7661,2018-01-08
d8893f2dcbccd15e2dd6d29ef69636ae,7ad617e6ff464708e7731f6f31e68fb6,delivered,2017-07-19 20:35:27,2017-07-20 02:11:04,2017-07-20 18:56:34,2017-07-21 20:13:49,2017-08-01,771f344c1ac13d8ccdf2d14c48e2c6c3,2017-07-19
bbcd5aaa84b5c7ef86c0a723182d7a3a,b5957b87d70d3b09ff0859bac2d2f12b,delivered,2018-07-10 16:00:51,2018-07-10 16:10:18,2018-07-12 14:41:00,2018-07-16 10:39:54,2018-07-26,6c84b19d6fba0c671e3786ddeba8e372,2018-07-10
2d021148258852ee21ec94ddeb0dbe3a,8ee87572536d519bc74c166ace05e501,delivered,2017-04-11 13:00:31,2017-04-11 13:10:16,2017-04-12 11:55:53,2017-04-22 09:04:00,2017-05-03,91fd864bbfadfa78a284620fa33c7826,2017-04-11
ff763b73e473d03c321bcd5a053316e8,b3ccdcf4515c471ee23d784c4d9948be,delivered,2017-10-21 15:54:51,2017-10-21 16:14:13,2017-10-24 18:55:06,2017-10-31 19:16:03,2017-11-13,6e6fdec52c6dbf58721bf7a4eaf5b679,2017-10-21
60c9450e414b5c1a71cf9034cd62ae29,592b8900e0e8325027d885e6d30d0283,delivered,2018-06-29 21:32:12,2018-06-29 21:50:36,2018-07-02 14:24:00,2018-07-06 14:27:49,2018-07-24,57c2cfb4a80b13ed19b5fb258d29c19d,2018-06-29
6a756c298a96106ab0907b1b1df28e31,0099a73bb9e6010fad1106f3dbadfc1d,delivered,2017-04-17 11:34:34,2017-04-17 11:45:19,2017-04-18 14:36:29,2017-04-27 14:46:24,2017-05-08,8bf1dc98223704657288b7653abab62b,2017-04-17
dbb7f86dc307d8ecb2cef71947ffb5df,fe9db57b1fe84352125989acb12d3c68,delivered,2018-04-12 12:43:09,2018-04-13 13:30:08,2018-04-17 19:51:33,2018-04-23 17:42:24,2018-05-11,d2d4ae284fb74a5b0f0f8af418a64b3f,2018-04-12
dc1d41f0e6212d99f654cf8177510110,5026e71982586c2780328aff17994405,delivered,2017-03-08 17:49:50,2017-03-08 17:49:50,2017-03-10 09:55:05,2017-03-15 12:19:13,2017-04-12,8227f1b46b447d644e40143c1dc5d500,2017-03-08
298359155fc403a1c0f4babf75d157bd,d29b98891dd9358ad1ae903e19531100,delivered,2017-04-20 08:47:18,2017-04-20 09:01:50,2017-04-22 07:17:50,2017-04-27 16:20:53,2017-05-12,565448508b44312e8489ca1bc1f5d09e,2017-04-20
a06cb1b486cee3a35945a90947663f50,fb1f203e3f272e2b221f7192ae0d16a9,delivered,2018-05-21 21:49:53,2018-05-22 00:32:49,2018-05-23 13:05:00,2018-06-06 19:21:25,2018-06-11,a76e0aed7eb824a2500b5ad169a3be24,2018-05-21
213014b043512462e21606eccb1a4aae,e5db9d4fb808c1d1a656dec250ca61ac,delivered,2017-12-01 08:49:02,2017-12-01 11:31:59,2017-12-01 21:32:14,2017-12-03 16:12:30,2017-12-19,9a2054a51cf807e1fa4bee356f28a9c6,2017-12-01
d579ba069db1e48f36231244a9a83736,44d7a0bb55a00642fc8e3c525e47aa70,delivered,2017-07-05 10:55:06,2017-07-05 17:39:38,2017-07-11 20:29:24,2017-07-14 16:15:46,2017-07-26,e7e90162d2dec13d14abbb4b3268aaa6,2017-07-05
2d1cb92fb25bb7a7b1ecb0373c0d05f7,4c14a6a902df9ab457b0cef46b8b7572,delivered,2018-05-16 10:45:46,2018-05-16 10:55:25,2018-05-17 13:43:00,2018-05-18 22:12:44,2018-05-24,f15ca5718e9ab2658fa228096f5e2161,2018-05-16
030e558867da892772c999f60d09e854,e216f6d4144d83b469cdf8c4acb1ce28,delivered,2017-11-30 23:24:16,2017-12-01 10:31:12,2017-12-04 22:27:00,2017-12-18 21:14:48,2017-12-27,0a458d6e8e0dea254baaa2da5b9bd70e,2017-11-30
21b395301d11765dc88d8eca4c75d0ff,4cdfed32e329c00040094d50c0d0b093,delivered,2018-02-26 20:20:52,2018-02-26 20:30:53,2018-02-27 19:43:11,2018-03-02 23:22:08,2018-03-19,d2c92caeca5dd4b0fc29a3c1c82ea73c,2018-02-26
e67f76501c34f4adb5587ee50a6474c6,25216db0abfeac5dbfc9de3cecb2019b,delivered,2017-08-23 17:52:51,2017-08-23 18:06:53,2017-08-25 20:42:51,2017-09-11 22:26:30,2017-09-27,78a08bdc420769677ffa6eacb225561b,2017-08-23
6f07b0ce1812870cb9c820fc295144e3,d609c53aceb2167b9371f4c1d0e803b1,delivered,2018-05-01 19:52:06,2018-05-01 20:16:03,2018-05-03 15:58:00,2018-05-07 20:50:44,2018-05-25,dbdec8596b1c64bdd558f3681d40c919,2018-05-01
baaa695d9615743d39f6a5843ee0a4b6,9c37ecc155c2873cb1f780a10c4a8740,delivered,2018-06-03 23:09:33,2018-06-03 23:29:57,2018-06-18 14:35:00,2018-06-20 15:12:18,2018-07-23,11345c20f21b10e1093f9d2420b24484,2018-06-03
9e7a2839a1ef01aaec67d94446617f92,a3229f7d276cba63c8b12a49f9239211,delivered,2017-11-10 22:01:50,2017-11-10 22:16:07,2017-11-17 13:16:43,2017-12-05 16:04:21,2017-12-18,e97794d910281dbe616e69c230fb227f,2017-11-10
877ea935e0ce1786032071a571b40cf3,ed82708d3a7577ce0f4c71c0de1f7a6c,delivered,2017-07-03 21:55:14,2017-07-03 22:07:29,2017-07-04 15:45:19,2017-07-13 20:12:21,2017-07-27,0bae824ba0158fdb9789b529bc301264,2017-07-03
f418966cc0628d3b0e54c9c61ebd32f8,307085eda6b09cd096ee22c13a9f7ca4,delivered,2017-09-25 12:07:37,2017-09-26 03:24:34,2017-09-27 19:38:53,2017-09-29 19:23:04,2017-10-18,5e290a0dac3274a8c747eeacd425607c,2017-09-25
081081d7c1bab4679737b9254c3e992a,7e42f801c6588638f347d7590379e617,delivered,2018-01-05 10:23:18,2018-01-06 02:07:56,2018-01-06 15:37:29,2018-01-08 18:14:39,2018-01-23,003c457932a554e4df13834237b1ed00,2018-01-05
ef6f8412396e4df61ff53a81e1c6a4a1,c4b6fd57fb3421002f1a926d2495a7c8,delivered,2018-06-29 10:44:17,2018-06-29 11:11:33,2018-07-03 13:39:00,2018-07-09 13:28:27,2018-07-25,1b3cd31b2f92e6f83c1af119ff8e3474,2018-06-29
7c018c94d1f3d9ac7affec4cde6e111f,4cc0e56158e69205fb2525a064f03313,delivered,2017-08-24 10:09:31,2017-08-25 02:50:31,2017-08-25 18:39:53,2017-09-14 23:47:19,2017-09-28,398e70ea299343c456dffc65853935b4,2017-08-24
af3afcbdb956d1e158a0cb3ebd336d84,0d3de1ee03eac4a173c6fb49f396ecf3,delivered,2018-04-22 14:40:52,2018-04-24 19:18:09,2018-04-23 18:33:37,2018-04-30 22:52:31,2018-05-18,69ac4dee02a9a4a925d3dfc7d5536d03,2018-04-22
a4bfde08f83dafe9237a6f1890d097b1,b67348757e7a40df8d5206f94fcfb022,delivered,2018-06-06 22:02:54,2018-06-07 08:33:43,2018-06-08 12:30:00,2018-06-22 15:12:06,2018-07-17,6c741c58426748cd38a367a0dabe174f,2018-06-06
7bdcc57ef2c5e733958853f9667a2c9d,21a8a91514af3eb4ddc5b2c500b19a4f,delivered,2017-06-25 12:28:45,2017-06-25 12:35:25,2017-06-26 12:38:36,2017-07-04 16:12:05,2017-07-20,a5bedf541fb3d83d3aa1b63e50c929d3,2017-06-25
1af002e4d9365a7809af4290ffccbc39,f51d104f314dfc7fe1fd9af2c6981a77,delivered,2017-09-01 20:08:04,2017-09-01 22:25:44,2017-09-04 21:15:47,2017-09-12 18:35:56,2017-09-26,a1efe9a98bf03a0025efa9bc56fe9d1f,2017-09-01
f02487424b729284accf169173a4c240,4ee0a72b930299554e3075347735147e,delivered,2018-07-25 22:04:50,2018-07-25 22:24:32,2018-07-26 09:51:00,2018-08-02 19:45:54,2018-08-14,4a92ba1c862cac631ed27c29f6cd7fb5,2018-07-25
ee84f723ba16fe4a20bac5b9aea95e76,44e67e615be0629acdfa7e1f95170198,delivered,2017-06-29 20:29:43,2017-06-29 20:45:10,2017-06-30 14:19:58,2017-07-12 21:04:21,2017-07-21,b69360e2daba44347ed7e5bbc548da55,2017-06-29
4cc1cf702abc75af4f48044d526062db,12b71efa350b860b4bd987771b9c6b4e,delivered,2018-02-14 15:36:39,2018-02-14 16:20:21,2018-02-15 00:35:21,2018-02-21 19:08:19,2018-03-09,67ecbf1f06c3a1649d5d6c5e15ea1a8a,2018-02-14
1c82977a662054f8170766914b02e7ca,4bf0847bb4f39b38234bca0fef95c35b,delivered,2017-11-01 17:18:00,2017-11-01 17:31:14,2017-11-08 20:15:10,2017-11-17 22:34:49,2017-11-30,233969687c07d62583272804174101bd,2017-11-01
cdce44545e4b01bf3773be33c0e04ec4,63dfe11df76c3bb1ad0df4399e484b02,delivered,2018-01-12 22:09:40,2018-01-12 22:19:32,2018-01-15 19:51:48,2018-01-31 23:03:58,2018-02-06,b2a772dd7bf856ebb1485de77791e18e,2018-01-12
0e767a1aa94def2bf5f3520ddb1dbe96,4f7394fa44675491f04d30645b7bb46d,delivered,2018-02-19 21:15:03,2018-02-19 22:27:05,2018-03-02 21:05:25,2018-03-05 19:18:55,2018-03-19,d6f2345a93b9c0169a00dbcb409501b2,2018-02-19
826a9236d33be907c46cf80986795f73,d5f5d054890a6ba9682dc18bc287daf8,delivered,2017-08-12 17:05:43,2017-08-12 17:23:46,2017-08-15 12:09:30,2017-08-22 19:34:45,2017-09-05,3c6f8c4f55b17170c918087b2687e2b7,2017-08-12
ac4b7ecdaaa68d5c37e626e9a1f49005,4551d3400f68fda36d0062727b26c04b,delivered,2018-05-03 22:54:21,2018-05-04 21:35:17,2018-05-09 08:25:00,2018-05-24 03:27:19,2018-06-12,0845d810b482f4d469d3c88380f4a7d5,2018-05-03
cc9f8b649443008d4222c7255fbc7454,0b95c7c3e55a8aa954c1134686674215,delivered,2018-08-11 14:55:10,2018-08-13 12:25:16,2018-08-13 14:46:00,2018-08-16 16:28:26,2018-08-22,836b2050fa44c82f1e6dadd7a1c9eac8,2018-08-11
ae22782cf445d844e7347f15faf491bf,b623b283570ddf4563b7e2048ed5e179,delivered,2017-03-20 14:54:17,2017-03-20 14:54:17,2017-03-21 14:38:22,2017-03-27 16:13:09,2017-04-10,e8db103486a0022f0e5df85e97556574,2017-03-20
cfdf81381a8bc683d8905713f2ed6614,afcdda93587653c0d1a7496c2aa34600,shipped,2017-04-26 21:43:26,2017-04-26 21:50:22,2017-04-27 11:03:52,,2017-05-26,355431b9ed50c0b65965e96a19718ca0,2017-04-26
2abdeb2a279a7199a59ee4c87dbf1e9b,25dedc56c91c3d862dc5a86d701c8f92,delivered,2018-05-07 21:44:50,2018-05-07 22:12:08,2018-05-10 12:27:00,2018-05-16 15:41:23,2018-05-25,46513dd0e33c3dbf950e202aed83f796,2018-05-07
bc2e9d05db85d8bdb5e4e7452086e00f,ea229107a6c42936eb9b5381d4ded0d4,delivered,2017-12-24 12:28:09,2017-12-24 12:39:29,2017-12-26 23:41:27,2017-12-27 13:23:16,2018-01-16,3f17d7bca51f27e962ce6071a08434ed,2017-12-24
ede9991379672ca99196a7e9363e984c,3eab24a1a33e742785f4f5b3360dc89b,delivered,2017-09-10 22:24:53,2017-09-10 22:35:21,2017-09-12 20:47:35,2017-09-20 20:59:00,2017-10-05,1e2db90805444695e9c9cbf479554c45,2017-09-10
a08091683d8adb340e3b204a12e48b02,bb633302ed9e9ab6619faf5f96beeb57,delivered,2017-12-31 17:23:20,2018-01-03 04:34:25,2018-01-03 16:59:01,2018-01-19 23:14:28,2018-01-24,aa2f0d6598d265b0cccdd1f401d1027b,2017-12-31
99ecc26c0bd07bc0cbf2bc4fd1c6e3bc,6c52d1aaad35c3878fb89380edbaa95f,delivered,2018-05-08 13:51:38,2018-05-08 14:15:51,2018-05-11 13:42:00,2018-05-19 13:41:58,2018-05-30,4283755f6ed2bdd84fbd22c283ecd29c,2018-05-08
95ec4886946c5ae0d453e95648834ac6,4d6e5853d03242e53d3d2e10af61ffeb,delivered,2017-12-03 19:15:57,2017-12-05 19:15:23,2017-12-08 17:33:54,2018-02-01 02:04:09,2018-01-02,bd14890cfa8a47934394dedbc1a5f81c,2017-12-03
a59fb8ccaa86ed1735609ef562f2c6e7,eeabcb01e63849e3bbf72d5d7aaf564e,delivered,2017-11-18 09:23:02,2017-11-19 09:15:27,2017-11-24 17:08:06,2017-12-06 11:38:41,2017-12-14,51252143811075696d23d668dcb57791,2017-11-18
63a737026bbe83be3d56d70c83923ebd,15f8be16ba77d8e70fa6c968fefb8a17,delivered,2017-05-23 22:34:32,2017-05-23 22:45:11,2017-05-26 08:53:39,2017-06-01 07:24:46,2017-06-14,81eb718d56f3a4032949230c65dfa7b8,2017-05-23
aabef7825827b312f3daca39aa009810,5e2fd9105b20aa239cdb39f9cb5fe997,delivered,2017-09-24 17:16:51,2017-09-24 17:25:15,2017-09-25 17:17:52,2017-10-06 17:42:27,2017-10-17,5ca771c93f00f0805c9e034f2ea9a333,2017-09-24
4780bb3ca4c85d0e4dffd6cd2b6d6201,9560652bb7a2fc53986d0063e1171fe4,delivered,2018-08-17 08:59:55,2018-08-17 09:10:13,2018-08-20 13:34:00,2018-08-23 20:58:41,2018-09-11,4024cc557c7862b59ed5b36d9e004861,2018-08-17
7f438a7265492dc79496a5fa80f7e5d3,c38fe9f0ed142a995885041fe9db52cc,delivered,2017-10-14 11:58:43,2017-10-14 18:34:40,2017-10-17 19:07:48,2017-10-24 22:57:44,2017-11-17,6b05f764fe21c3c6bde59fa4d374630b,2017-10-14
53ec23d3e71b749fd840c22675065007,8338b4460e3b0a968cafd391715d6ae4,shipped,2018-07-10 21:19:18,2018-07-10 21:35:18,2018-07-12 15:13:00,,2018-08-10,ade4d91e2ce0a056c07d8069554f88c4,2018-07-10
cc5f59166954a429c36ff20587189709,fb74b7ef4e399a62e618da53d1bdc6a1,delivered,2017-04-08 09:16:02,2017-04-08 09:30:15,2017-04-10 15:19:58,2017-05-02 16:01:11,2017-05-16,2ecf41dba06a6e4d0130d73392ac19e9,2017-04-08
2414366ce919fcb8e0f47caeb95e580c,3c4e7bffe8b3445dee2d901811f44b25,delivered,2017-12-14 04:54:58,2017-12-15 02:17:11,2017-12-18 15:09:41,2017-12-19 13:25:13,2018-01-03,2ef188e54bb573a3eda1730148d60774,2017-12-14
016befe103ce7c9e5b1b7ef359777eea,15f3f60c0575a9f2a7d5434f7b8a7692,delivered,2017-09-03 10:11:52,2017-09-03 10:25:18,2017-09-04 15:21:55,2017-09-11 14:36:51,2017-09-21,96a9e66285108791875512fa49cab22f,2017-09-03
b2947cf9a8d3084369dfcbe9663dd545,554e72ada8751c515ab293a7605b530e,delivered,2018-08-24 17:52:59,2018-08-25 04:05:18,2018-08-27 14:54:00,2018-08-30 19:38:28,2018-09-06,d8f3c4f441a9b59a29f977df16724f38,2018-08-24
59118abb5690ca1f5c31a26b1b7b7534,6d418d791c35525053afac2ad7fc0b5b,delivered,2017-11-30 19:12:21,2017-12-01 09:30:51,2017-12-05 19:22:09,2017-12-15 00:22:04,2017-12-26,951008c1c9df3fe4fead603a9afdcb3b,2017-11-30
5bd5f0a2e24b51f1d1d6e855f9f03e3d,41adeff6ad4868b175f8bc77e2f9d29e,unavailable,2017-09-05 11:45:52,2017-09-05 12:04:11,,,2017-09-26,6ab96520c4d541ad1f3e3e376bc2fd67,2017-09-05
2f7ceb78f49fb7b42a6d5a42711fba04,1eee689f04eca7cc238a23b1e581123e,delivered,2017-09-11 22:20:34,2017-09-11 22:35:15,2017-09-13 21:27:37,2017-09-25 17:48:43,2017-09-29,f2160443a66bfbe1592c6e9395dea296,2017-09-11
15e097de1b936c739e7815d50edbb994,1cc7a08030ec2928cd06b4d38a84fda5,delivered,2017-06-30 12:53:42,2017-06-30 13:05:21,2017-07-10 14:29:46,2017-07-19 18:32:50,2017-08-01,7656bf999d33080c220ebca7384fab38,2017-06-30
77c8db7df9de4c8788b211bf6a67a2f2,1a97758f605b6e7eb4d4f67754e746bf,delivered,2017-11-17 13:00:01,2017-11-18 13:45:57,2017-11-22 00:48:44,2017-11-29 22:29:00,2017-12-18,cded5a5f78020930719bb98916dcf856,2017-11-17
a5c523f7f14f85ee88f26643f9a99e66,2eb2a590dcf23de32cfc84e71fa5a8df,delivered,2018-06-11 08:17:50,2018-06-11 08:31:46,2018-06-12 05:59:00,2018-06-15 20:26:29,2018-07-03,2c099f3e92eef02642e498ce78f5e39f,2018-06-11
6733b557402fde0eb490241ee15fb252,6b66eea7af01cbbfefab58b5537549e1,shipped,2018-04-18 13:54:59,2018-04-19 13:52:09,2018-04-21 00:24:40,,2018-05-15,a4b23bd5eba1e18c306351a3f615569a,2018-04-18
aa42ef5836ab019b44061dc0531788e2,da722aeb208a338524582eb7f7400b1f,delivered,2017-07-15 19:39:32,2017-07-20 15:04:11,2017-07-28 20:17:30,2017-08-07 17:08:21,2017-08-08,cc15a5b410ac9500584843500fcb827f,2017-07-15
3f0541d009d20e9a244f3bb2ebf07f8f,accdad8ab1a62db957ffcefa272667a0,delivered,2017-11-16 18:57:18,2017-11-16 19:15:45,2017-11-20 22:18:45,2017-12-28 20:17:33,2017-12-15,339f4ca769f8240ea30f88c25c5c5f11,2017-11-16
9c9c501f71dcf81d14d006826972733a,dcaf07e3a9f02fc90047423e71eaf73f,delivered,2018-06-29 11:43:13,2018-06-29 21:10:37,2018-07-06 07:58:00,2018-07-13 13:06:53,2018-08-02,8fe6fc853d687dac18df5b163f84d438,2018-06-29
1db1615a718127dbe9a9fd7546b893a9,f15f4f73e287b4b7888e4eebc800a771,delivered,2017-02-28 22:19:45,2017-02-28 22:30:11,2017-03-03 15:10:17,2017-03-09 12:22:45,2017-03-30,5a7881e38b4a49918a70658e1dd42a09,2017-02-28
aa58df9711205e09b4ef6d704db7871e,ceead79d927539feb1a27e3ec80cac36,delivered,2017-01-23 19:32:40,2017-01-23 19:45:12,2017-01-24 10:10:39,2017-01-27 13:32:28,2017-02-28,f75da962fb4ddac1569e90c21803c455,2017-01-23
47931ec6c22052d640b0bca09c93468c,61ac57fc4b3d70670bcea0a84026433c,delivered,2017-08-31 09:12:51,2017-08-31 09:25:15,2017-08-31 19:33:51,2017-09-06 21:52:22,2017-09-25,5a78f085d9740be95d8ec9358f828468,2017-08-31
d3eea305452cf0bcad06beb48735dbd9,39fa7824ffb1f851a35059b1329d3d6d,delivered,2018-07-18 14:29:55,2018-07-18 14:45:17,2018-07-19 08:54:00,2018-07-25 20:04:59,2018-08-06,c39144ea573bf91bb79650405c09a76d,2018-07-18
342eb2ed8a3ee22f8d57f5ebcc5a4878,9a4e8baf114d19db444cbef9711f9536,delivered,2017-06-03 09:55:23,2017-06-03 10:05:14,2017-06-08 09:45:35,2017-06-29 14:41:44,2017-07-10,a379743ba3eb6aa270f7a8de23519c3b,2017-06-03
bb3cb6cfa76f900629c74757839ffb96,e3aa1c67a121b160fd71fa74ff43591a,delivered,2017-08-30 08:45:27,2017-08-31 02:50:38,2017-09-04 18:47:54,2017-09-26 20:51:36,2017-09-28,9cf9f4956c8ac9f847c17e4083d7ff11,2017-08-30
20b2b93a5f0525645b5878cb139f8c5c,e9d262259915d573a19866fc07d862e5,delivered,2018-04-23 11:02:08,2018-04-24 18:46:53,2018-04-25 12:24:00,2018-05-03 19:52:00,2018-05-29,72710271243055075d60b0f426b4cce9,2018-04-23
093a09a0bc3967dca46180c7bfe3aa29,4a085ed25db023c6efb5f7d9708385ec,delivered,2017-11-09 17:53:38,2017-11-09 18:06:00,2017-11-10 22:28:48,2017-11-20 19:29:03,2017-12-04,791fd1aad1bec674c2f3f514ea25fafa,2017-11-09
8c3337e8848790574f8d28f6591afbb3,39dc149fdb93549f7445ba0f18056f99,delivered,2018-08-03 16:04:18,2018-08-03 16:15:15,2018-08-06 09:25:00,2018-08-13 21:09:51,2018-08-27,4c383e149ae7603966fa9ee353a930c3,2018-08-03
fef03ab88c27c81b7561d599d4018589,2377f0ab6ec35bfb27b16f460964b62c,delivered,2017-09-21 22:39:39,2017-09-21 22:50:10,2017-09-26 16:41:52,2017-10-02 15:58:22,2017-10-13,cd04cd9aa9eb0b51b40a2b124f3a93f3,2017-09-21
992820d1ce536d61c8eecb0352245944,b023177e6578e0db0921a55e11746091,delivered,2017-07-21 18:22:29,2017-07-21 18:30:17,2017-07-24 17:25:53,2017-07-28 16:16:40,2017-08-14,b2fdc3d3f15bdc1d696d1d53b0b991d1,2017-07-21
403ba4b294a085191de623779e866fb6,348322e3990d211b56ab785310ffb087,delivered,2017-08-14 14:13:18,2017-08-14 14:30:27,2017-08-15 18:52:59,2017-09-01 12:43:03,2017-09-08,cb6f1771429aadfc1fa37a9c113c2c55,2017-08-14
41b03a6bad9f1feda28efccd5e428117,9b25c5c00e0f24ef535c3638d1a8781e,delivered,2018-08-12 17:55:59,2018-08-12 18:05:19,2018-08-17 14:57:00,2018-08-23 19:59:08,2018-08-30,5c4a479772969c56f11925cd8957a367,2018-08-12
e2befdaf3bbc55ccc94e3261522e80a2,44621e922dd01021f7d538df78e2f481,delivered,2018-07-20 15:01:59,2018-07-21 14:55:20,2018-07-23 12:00:00,2018-07-28 12:46:36,2018-08-06,fb5caf3872600bef6ccc25945909fb4d,2018-07-20
10f25cfbf408acbf806f6d86537b0bbb,2ebe5a19fa6072db3987a9e074fc1adc,delivered,2017-08-29 23:47:27,2017-08-30 00:04:21,2017-09-06 23:17:00,2017-09-18 21:04:12,2017-09-26,2cf4692740a2e6439596684f4de6c7e5,2017-08-29
2187a89df025d844e72cfc51e29dcd6c,7b633708bc80fd33de7fc84fd3d8b8d6,delivered,2018-04-02 23:40:14,2018-04-04 03:15:27,2018-04-04 20:37:19,2018-04-30 15:42:22,2018-04-23,345805bb009291bfdf72f59df7392c4d,2018-04-02
33ceaf4ebfd2f04f54236b86d61c8770,d7caeb61acc60fc161dcf2b7b57387fb,delivered,2017-10-17 12:43:22,2017-10-17 12:56:41,2017-10-18 18:13:54,2017-10-30 18:22:12,2017-11-16,196894302e8c3084bd6c3e2619f799e2,2017-10-17
130d27e7e69cabe35e3fa920f6b4664d,baa10af7b2ce404a0a78f7b63aa6d4d8,delivered,2017-04-16 19:32:11,2017-04-17 17:10:14,2017-04-19 08:16:33,2017-05-20 08:44:34,2017-05-25,af49df16d1f66199c9876046775a08c7,2017-04-16
3b729521034317529479f3501a6bd163,bb8607629a740b228f1c4f5006391311,delivered,2018-06-24 11:22:10,2018-06-26 04:35:11,2018-06-27 10:59:00,2018-06-28 21:50:50,2018-07-05,1601e3db99d28b9ace43312464c60f2e,2018-06-24
355bd8313052b9af88c46a7be6d73003,250e5bd4f8a6b594bd1579ae588fe649,delivered,2017-11-30 19:10:36,2017-12-02 19:10:44,2017-12-05 21:28:11,2017-12-08 23:13:49,2017-12-22,3eec09d9d2254c3eda8cc7b436de223e,2017-11-30
7a2dc95ee0da0f352df3379029aef42f,d5aeb3e4c838d32937c36e7e1bbb6095,delivered,2017-07-28 09:30:30,2017-07-28 09:45:11,2017-08-04 18:57:31,2017-08-14 22:03:15,2017-08-17,c7d501613a8708cc3e7480dda6e3260a,2017-07-28
0f22023f3788f79238d089fb4277f82e,2f78db89ad83714c553069545f054582,delivered,2017-06-05 17:11:33,2017-06-05 17:22:27,2017-06-07 11:23:05,2017-06-16 11:43:53,2017-06-29,dca189b14967f95ca5bce343f5cb1323,2017-06-05
b102bd85a512706d851455e8fc6164c2,cbc728435cce4530845da6432ad8a388,delivered,2018-05-13 22:22:52,2018-05-13 22:35:14,2018-05-14 14:56:00,2018-05-17 22:06:49,2018-05-28,b996528992d48b37c879a5cba2bffeb9,2018-05-13
b1b02423c1a2d067772f1f5ae08361ca,28b44d183909fb96974c808633c4ef26,delivered,2018-02-22 09:13:43,2018-02-22 09:29:29,2018-02-22 21:42:09,2018-03-07 00:58:33,2018-03-15,d5a78b337983a90895f5bed5a1f273ca,2018-02-22
56bafc014f8ed2f34cfe598592c65fd8,a09ea792622cb7d5b7b82010333d8324,delivered,2018-06-18 09:08:48,2018-06-18 09:41:05,2018-06-18 13:03:00,2018-06-19 18:32:42,2018-07-11,9c69026a562dbc87fac55903850a1b66,2018-06-18
2f5388320d50c267932142291f460b04,90d83362e857846656c08c619f3fee06,delivered,2018-01-02 17:12:03,2018-01-02 17:19:22,2018-01-04 22:42:09,2018-01-25 23:38:58,2018-01-30,594f64c6d381fc055575cf73e433642a,2018-01-02
153eba378857d7576dc5a338a1d3bbed,e1e9a97f176c04451c46043c257eae6c,delivered,2018-04-05 09:38:23,2018-04-07 02:48:14,2018-04-07 17:25:49,2018-04-10 18:08:28,2018-04-19,bb25cc0aec9e257655b86fb3a1dd2e9d,2018-04-05
65965ba81b0ef223dc943f59bc230a68,bec0ce34553b64ea326bd553741c098f,delivered,2017-11-24 17:30:40,2017-11-25 05:10:52,2017-11-27 14:59:28,2017-12-01 16:29:36,2017-12-19,95f79de37325059a6885b18245279da0,2017-11-24
4dd7f2a626802cc8cd2460e18c8da8b8,bfc5d0939f558b9c4b5afa10be9558f1,delivered,2017-11-24 12:10:51,2017-11-25 05:50:50,2017-11-28 18:05:48,2017-12-14 10:51:35,2017-12-14,8dd960c9315fce711c04a4411ed03310,2017-11-24
d58887281a80d1e9b471be2d2f0bc774,1946495189477ff31bbf21d70348e4ad,delivered,2018-02-12 21:24:45,2018-02-12 21:47:44,2018-02-14 18:42:26,2018-02-23 17:08:57,2018-03-14,54a3400d121aeb72a84379e41f7b619d,2018-02-12
caa881436bb7c0b6363644399398232b,ebdbfeeacdf735db5d354e2166254591,delivered,2017-12-13 18:11:29,2017-12-13 18:31:10,2017-12-19 17:19:26,2018-01-05 17:46:48,2018-01-16,899adefc0fd553445301f49044d58e3a,2017-12-13
8c24ab6e056330685aa0bc69893f0ff5,3da427671c767daf1646c5eea69acfcd,delivered,2017-07-17 16:04:40,2017-07-17 16:15:19,2017-07-18 14:47:40,2017-07-19 19:34:52,2017-08-11,078a7bec0d555a5c45b4757d1e55a163,2017-07-17
27f7d43a44061f79fa0e259a3b9a7922,c96a1529c59cbf3fa1a38386f5458c0d,delivered,2018-04-22 21:26:51,2018-04-24 17:16:31,2018-04-23 23:41:42,2018-04-27 16:32:41,2018-05-15,4331ee3ae40a08428b13a6f0e5320f17,2018-04-22
24b2265078f470c6e64f81625408f93e,65670445ff86b5ac5bd223fed24d8f91,delivered,2018-02-01 20:08:01,2018-02-01 20:29:41,2018-02-03 00:38:39,2018-02-15 23:27:44,2018-03-27,6332cea024ce7d59597aa6f7ec06fdbc,2018-02-01
8164479321ad8dee50301cba9250bf42,96628803e4a340206f049af5fff7c202,delivered,2017-11-21 18:59:56,2017-11-21 19:11:54,2017-11-28 23:18:52,2017-12-26 22:22:20,2017-12-11,1b7d1eefc0ef7e7b8c31e93c20162b00,2017-11-21
866ee8efa015a0dbacb8c2628096a8c4,87b45e61c9e0756eef3e23c7de7d84d7,delivered,2017-09-13 11:11:12,2017-09-13 11:25:23,2017-09-15 17:57:39,2017-09-26 21:48:46,2017-10-04,a505c1a131f76d0674cdc393ffd2f34d,2017-09-13
fdf440c2e9c4b940d8bac16acb13c7c0,4dd4748bbf9162e4690fbce101637368,delivered,2018-02-24 16:58:46,2018-02-24 17:10:22,2018-02-26 15:22:05,2018-03-08 23:23:31,2018-03-19,b993828f3bee848d4c27a3c799d32abc,2018-02-24
0cd218949b04611711989a6b534d9a26,cae389249163795aa33fe9b7b28dc22b,delivered,2018-02-18 13:36:51,2018-02-18 13:46:39,2018-02-19 22:22:51,2018-02-27 23:42:15,2018-03-16,53ac222c38041cad47992b3a735c6332,2018-02-18
ec6f5d9c57b5c2e41ba3ac018391ed7e,ad952f398d652ee56946d467e18fab80,delivered,2017-12-18 11:34:32,2017-12-18 12:35:32,2017-12-19 22:53:15,2017-12-27 20:22:22,2018-01-05,39c5333c8fd6dab577d5de292919531a,2017-12-18
730dc1ff917580e99d067d00abaccaef,33372bb48ddea1b0e47e44a1b5c72bb1,delivered,2018-02-04 17:23:52,2018-02-04 17:49:18,2018-02-06 16:24:50,2018-02-14 17:57:34,2018-02-22,b5b17698671a4c3822309b13d4f16f9e,2018-02-04
d4b97a63d751219f528e5c3067341564,da432f82dd35cf00fb08da4a18150c82,delivered,2018-05-21 22:43:47,2018-05-22 02:15:40,2018-05-22 10:47:00,2018-06-12 23:03:53,2018-06-05,f34fb9f55e31c8fed0bd43d682f76cb1,2018-05-21
b89b697cf1384ba59f3ce56bc8d28cc6,c5279c1aed890b6931837dda06d188c9,delivered,2018-08-09 20:25:37,2018-08-09 20:35:14,2018-08-10 15:29:00,2018-08-15 16:07:46,2018-08-22,4a8b7c8d02cad7d510a0561c724e755b,2018-08-09
f0c8ddc6f3738f7bb122c0250983a494,dce677bd5ee1fdd44dd3dab91f9ab846,delivered,2017-10-27 14:36:33,2017-10-27 15:32:52,2017-10-30 13:23:34,2017-11-08 12:48:48,2017-11-10,86b05ebafd707402b412983b52a09cea,2017-10-27
49e86652f7ea8a48b2306abdd5aa5708,37c117383b391157a1e253b395d73cee,delivered,2018-07-13 17:00:17,2018-07-13 17:30:35,2018-07-17 16:17:00,2018-07-23 17:58:47,2018-08-27,e171a4ec0e867cac0e195ff46c523140,2018-07-13
fc6e4c97f5307e9c1bc0797a45e40cbf,b195b30a0c289a41ee810335d3c06364,delivered,2018-03-14 17:57:56,2018-03-15 17:55:41,2018-03-16 21:10:51,2018-03-17 20:28:44,2018-03-26,c863f613022e5ce024c630ffa65ab51d,2018-03-14
41efbbf74c4dc9530e8ab1e0c3f947c0,98ebf1c15712e7bc455d7cf9130f3f62,delivered,2017-11-14 01:44:33,2017-11-14 01:55:23,2017-11-14 18:49:56,2017-11-16 21:24:38,2017-11-28,c4145f73e98c4b88733fd7d1735f83b6,2017-11-14
9b1648c7cc0c6b1ff9b380903bb559be,2fec052eee9bd6a5fc6dc32b34af0032,delivered,2018-08-01 22:15:19,2018-08-01 22:30:13,2018-08-03 16:10:00,2018-08-07 22:38:29,2018-08-13,bd8044f728d1cd66cb3ecc0e3a73c195,2018-08-01
6f8607cd0ebba75f55b2ce01a1250963,b34983585f48f0c976e7694292618592,delivered,2018-08-07 11:02:05,2018-08-07 11:15:22,2018-08-08 13:19:00,2018-08-13 17:06:30,2018-08-21,5f767d103332ebefbce36dd1581acafb,2018-08-07
9d1b185de3dfcc3ef01836acfbd1f7bf,59bf8a048cb15c62f37b7f28d1a251b4,delivered,2017-03-01 14:36:58,2017-03-01 15:02:03,2017-03-03 08:39:15,2017-03-27 17:07:53,2017-04-07,210fc539d8ffc9dc2c366249e9e5193e,2017-03-01
9f18c993eae62038ac5401de4f757054,01b8c0cf86a1a5e8653ccfddcf906862,delivered,2018-07-16 19:11:39,2018-07-16 19:20:32,2018-07-19 12:17:00,2018-07-30 18:48:36,2018-08-07,55b73a9973efbb5b662d96896b06f82c,2018-07-16
71b3bbe3087a538b8019ec4e1b8abf56,639765abfee30033871ec7049f354048,delivered,2017-11-26 20:48:20,2017-11-28 21:36:52,2017-12-01 15:07:38,2017-12-09 14:17:36,2017-12-26,589b20aa1d46e2b910a5b1724bdab2da,2017-11-26
92e3a3bff7261e031fc2901b229ce73a,2446493153fbd0d91d59db97bd08daf3,delivered,2017-08-01 16:29:10,2017-08-02 03:04:12,2017-08-03 18:49:44,2017-08-07 14:26:02,2017-08-21,b4550db0dd0acc01ee218ec3aef8ffea,2017-08-01
53e7de93de0f500168f10be4d3ca4577,f230350626bdd370da5065ca995a4947,delivered,2018-05-11 12:09:09,2018-05-11 12:30:53,2018-05-16 14:12:00,2018-05-25 19:18:29,2018-06-04,dbd58000548a892700a0bb222dca6533,2018-05-11
f7364d7a775833b673741fad4d394512,18d7e766f8591ea90d03dd350e7d9dc4,delivered,2017-10-22 19:29:49,2017-10-22 19:49:19,2017-10-23 21:13:16,2017-10-31 19:43:56,2017-11-14,d3d443cf738d73bcd976535e753d44e1,2017-10-22
4d8660f18113eab64ba09d4eb4aa9ddf,460e0064a01d92dafdba00dbdbd4f3e8,delivered,2018-08-02 15:17:05,2018-08-04 04:24:06,2018-08-06 09:52:00,2018-08-09 20:26:38,2018-08-16,1a27a558aac4c4bfe3642b8c9bffcf4f,2018-08-02
09c2b130b47b0d77f2217277de5fd140,9f7ba884a1a243a6b4240358bb703550,delivered,2017-11-23 10:42:29,2017-11-23 10:54:29,2017-11-24 23:29:15,2017-12-04 21:52:12,2017-12-26,9fc716781b36d8707774167a7b8b634f,2017-11-23
f040548f17724acbc8219bf466b7fed2,93999476ae6be7517366ee903b0dbbac,delivered,2017-10-13 18:10:26,2017-10-13 18:26:46,2017-10-18 20:12:55,2017-10-31 14:47:32,2017-11-13,1568e7ed433324960aa6f247e959d995,2017-10-13
da2cc97da753fb9c1879a123c6b522f0,13eafd20487a83074d2571c9db223951,delivered,2018-04-19 10:35:15,2018-04-19 11:15:10,2018-04-23 18:32:26,2018-05-04 18:55:10,2018-05-17,267a41559efc2286fa5df8d4dcdcfe9d,2018-04-19
8c24ff4b5a28bb8f08034fca0e4e1263,c86ba1fc25ab18f3109aeecf55e497d3,delivered,2018-05-06 16:56:31,2018-05-07 09:13:51,2018-05-08 09:14:00,2018-05-09 19:48:50,2018-05-16,ced0da108c30beadd4b01f58b4ed3075,2018-05-06
608735d6dfa1f136c87b75aa53be1d11,fff25ab9d3c9ba6ad8119576f285a3d9,delivered,2017-05-04 11:08:52,2017-05-04 11:15:33,2017-05-11 15:43:24,2017-05-18 15:26:01,2017-06-07,aace288d910f038d6dfdb152a5ca21e3,2017-05-04
4e89acaaa6801f3fddbd08b4258b2b6e,11bb6bf8b510e50d36ab76cd9b1f23ca,delivered,2017-05-14 23:25:20,2017-05-16 03:35:22,2017-05-16 13:13:09,2017-05-23 14:19:51,2017-06-02,ed339663d10faaa3040d523e4068121f,2017-05-14
b77fbccc98c4158a1c4e36c61597f015,a231b125960f091f4d3e96046f0b8bdf,delivered,2017-11-20 11:47:02,2017-11-20 12:11:27,2017-11-21 19:51:57,2017-12-22 00:19:08,2017-12-12,c27d3a90acbd0e5e8a4fb693a7d793e9,2017-11-20
780ad1f62e8addd660006ff0a20c1e57,b1774630aab83ae3db66c76544c62a6b,delivered,2017-08-18 18:13:06,2017-08-18 18:35:06,2017-08-24 21:04:22,2017-08-30 22:48:03,2017-09-15,6a663eef93e1bbb5a16b79f43ac8f49b,2017-08-18
39a19ca7924c05b31bae58f41df9ebb5,8390bc1e3e8bb0980eeed9113b18ad33,delivered,2018-07-18 14:37:24,2018-07-18 14:50:16,2018-07-19 15:00:00,2018-07-23 17:38:46,2018-08-03,04c8f10e74b113ab86550eab24b89855,2018-07-18
5820261a4aacfd67c653d120a4acdc46,ea9088633ce0a6828760d9a1d0de3e14,delivered,2018-01-11 10:55:26,2018-01-11 11:08:44,2018-01-11 20:43:55,2018-01-19 19:17:44,2018-02-14,be2b953d3544ab49bfeed8298b327f0e,2018-01-11
7e800a21a9d688d6bf4e5f45a48eec78,921c28ab6d42dc101d7a74ce6c28a778,delivered,2017-11-27 07:20:18,2017-11-27 07:30:27,2017-11-27 21:46:46,2017-12-07 18:54:50,2017-12-21,b8f3e1f010598eeaf429d67fdbc9fc73,2017-11-27
9a17a8d78fe01948345e0beecbb3f879,cb1b6f7d1993d3710d96420e82cafa1a,delivered,2017-11-24 10:43:28,2017-11-24 12:52:57,2017-11-24 20:52:52,2017-11-27 18:14:56,2017-12-13,1aff9ffb68d4f4621ca19be73d595348,2017-11-24
264a0fbe70a0ff50d737201277995fc8,19a2135f47a4e8c0ec9493cec3fcce3d,delivered,2018-02-15 14:05:15,2018-02-15 14:15:38,2018-02-16 23:17:56,2018-02-23 22:59:14,2018-03-08,62ed60b3cf99e01f09499205314419aa,2018-02-15
a77843f2d4f89986e65fc1a4c1c0957a,3ae6743add4443f5c662c762fad84f5b,invoiced,2018-03-19 18:20:14,2018-03-19 18:35:41,,,2018-04-05,97cf699c406cbe08617ab64b6edb0836,2018-03-19
00b44ba3d7c4a5e9a9ebafef9150781d,0b5f6687d659478f1747caed607c4ec5,delivered,2018-08-28 21:10:46,2018-08-28 21:25:15,2018-08-29 13:17:00,2018-08-30 13:38:53,2018-09-26,77367b6fbb034ca710d4f41aad009151,2018-08-28
168a385694949b4ff7b62fba2f7cd23c,9d4b64f05426c33a47669d3e758c97fc,delivered,2018-05-08 11:06:34,2018-05-09 03:11:38,2018-05-10 12:31:00,2018-05-11 19:33:51,2018-05-21,3fba55aea1228dc8d60cbf9245c4b72e,2018-05-08
f25fb554c12314110c2c14a22b7eba65,b7ad416636a6beca777436a1af04c477,delivered,2018-07-25 17:31:34,2018-07-25 17:45:14,2018-07-26 15:30:00,2018-07-30 18:41:15,2018-08-08,c96224828aa198f23cc499642489b74a,2018-07-25
b345a3528956237e1d8907b94d5e5829,e343e906f6a3aeb1e7123c65b79ee4e4,delivered,2018-02-28 12:07:29,2018-02-28 12:31:03,2018-03-02 20:56:46,2018-03-06 21:45:01,2018-03-19,f019bdb8008924769fe88319cddedda9,2018-02-28
de9387b71120d212286385df34759406,e679e15d9afcd1e3f068af187db70d03,delivered,2018-08-06 15:21:10,2018-08-06 15:45:09,2018-08-07 12:59:00,2018-08-13 13:21:52,2018-08-15,efa1d06033457a7e39a5fa71201f2b77,2018-08-06
ff2a14d39dcd0b0368cb8ab4629329f0,892863ebaf42fbf7dfe545a8ccc6d6c5,delivered,2017-05-11 10:11:25,2017-05-11 10:23:05,2017-05-12 15:32:01,2017-05-19 11:34:42,2017-05-31,bdfc72cd388c7041e5a1a7409d104699,2017-05-11
3f26a399c8a1c0cf2c9dc8a194b134d3,e03322e99d1228607781f6db2ead35fb,delivered,2018-05-01 21:20:49,2018-05-01 21:35:56,2018-05-03 06:31:00,2018-06-06 18:51:44,2018-05-29,f27f5c84b78c77c3f3a4d8edd14b0fae,2018-05-01
0da3d957e0cb653342e21f6dc6eaabea,e2ab0674fb331225d8314dc7561f606b,delivered,2018-01-22 15:51:01,2018-01-23 03:37:57,2018-02-07 00:52:46,2018-02-08 21:48:31,2018-02-23,539cff7d8a9dc1637a8860155543c6cf,2018-01-22
869e47849cdcd2a24f33ab52accd0e89,78e21576614d5285cbd63410d6c0efaa,delivered,2018-03-02 17:24:58,2018-03-02 18:33:13,2018-03-10 00:42:25,2018-03-19 23:27:27,2018-03-27,e4bc67fef955cd2e58924e664a6dfeab,2018-03-02
02951078a21a2d9341ea16089a4d5031,6c51ed8c29ff8bc5f3b649dc7315b787,delivered,2017-03-16 15:16:53,2017-03-23 16:10:18,2017-03-24 14:42:45,2017-04-05 17:04:39,2017-04-19,6d841360f19534b806b7ff157b2a54de,2017-03-16
a3d92aa9b396fd05c4b289ed01103714,f0eaebd8dc338ada2c3f24cbe0c21548,delivered,2017-12-02 12:36:43,2017-12-02 12:58:34,2017-12-04 20:13:35,2017-12-17 13:38:58,2018-01-02,93c517728e7290d5e444fd1819afbb17,2017-12-02
152f562c8516765cdd5f868c22f3c96a,b01e659ea32e3dd23367daec082b74bc,delivered,2018-06-16 17:34:31,2018-06-16 17:58:37,2018-06-19 12:26:00,2018-06-25 14:24:46,2018-07-16,a73c5464692d3bc09d64e3edefae9015,2018-06-16
5d80f1568478295e280e48e5d766bb28,c1a5f27b64582f59e32f853f93500a8e,delivered,2017-05-22 08:31:33,2017-05-22 08:42:41,2017-05-23 10:29:32,2017-05-30 13:52:05,2017-06-13,add472e8f6fd13def1c4eac4d335f75a,2017-05-22
fa625c35a56d989b379939bae9bc9b2a,1dbbb070b4dc233140c1747fc3d1dee8,delivered,2018-07-21 18:59:35,2018-07-21 19:40:06,2018-07-27 14:01:00,2018-07-31 17:22:07,2018-08-17,eb27201de77fbdd8db372b33928a5f1c,2018-07-21
05a17f243132acec3b0146b1b9b77720,c2e5e2f8efd3c8ec18e0c21d845d3667,delivered,2017-04-23 14:18:45,2017-04-23 14:30:18,2017-04-27 11:34:43,2017-05-04 06:16:55,2017-05-18,6a71c5d80e7d1bd838a1c03710c7401b,2017-04-23
112a61419198a7ce9f0a908898e8507c,dad5e5f178c09543d12acb58bbf2f82a,delivered,2018-04-05 11:13:05,2018-04-05 17:09:50,2018-04-11 23:33:01,2018-04-13 23:41:40,2018-04-24,fdaba31869fae7c936bc86d88cb794fb,2018-04-05
de6a3086bd8a8710b7fd7ab414be7d3e,0760c97b5abdca9b451e43e66af480cd,delivered,2017-06-02 09:06:26,2017-06-02 09:30:09,2017-06-12 12:05:46,2017-06-14 11:32:15,2017-06-16,0c33d83a8b90422a90f24afa0438a647,2017-06-02
6221a926b908c6aeac5d4e8d3629a539,3442dbfa60e5f94ef2394a62c2519f03,delivered,2017-11-17 00:23:41,2017-11-17 00:35:24,2017-11-17 23:03:32,2017-11-23 21:38:41,2017-12-07,b2c805d1fa2476f094b4177744ac6491,2017-11-17
8e031bfad27930ae71c54bd0ee2c0cc9,04eab1d81968c50de538547eaa7ce532,delivered,2018-01-10 16:02:45,2018-01-11 02:33:59,2018-01-15 20:32:49,2018-01-18 16:44:37,2018-02-01,ede8f3660e869a9ae3b6f9c68ce47ab5,2018-01-10
46e5628ac4a223fe4ecb24dab9d6b26a,344685f3c9847f6e3f8b8e85e6b1ec1b,delivered,2018-01-10 01:29:03,2018-01-10 10:32:12,2018-01-15 18:14:23,2018-01-30 22:42:51,2018-02-09,7ca105f5a095272174c1ec7ae0e573a9,2018-01-10
1466219eb36318493e16297ec7a2d87a,b78fe4e3522d5ce3859f83ed1746eaf5,delivered,2017-05-30 12:23:02,2017-05-30 13:11:15,2017-06-01 06:49:55,2017-06-14 14:32:18,2017-06-22,a718dd97c36f2c03487f88e6cb13ea53,2017-05-30
78ed8bc9a17147a0c51493edd0d1cf70,0a884d4b833450da796608869e509d8b,delivered,2018-07-18 09:19:52,2018-07-20 04:50:15,2018-07-20 14:40:00,2018-07-23 22:32:49,2018-07-30,9b16f87b2b40c88ee30565061ba55e38,2018-07-18
ee24e7d976a47cc46be7304fe5654ae9,135ba949ad95f6ece6b72f07587a7aa5,delivered,2018-07-31 09:51:10,2018-07-31 10:30:52,2018-07-31 15:07:00,2018-08-02 15:34:52,2018-08-07,6392727a45eeb5883dfa0cbca9c9f47b,2018-07-31
e7fa33e7dae8b411a97ad688c93d6cbc,3045056b6b9b04bff9db68fd9077be23,delivered,2017-12-10 20:04:47,2017-12-10 20:11:29,2017-12-12 19:03:50,2017-12-14 15:52:34,2018-01-12,d0e4eb7f19326cba84b20949f1c90393,2017-12-10
24f6d178b92691453bffa42151277fbf,0b62558584ba5942cb07377647332e23,delivered,2018-08-06 16:31:57,2018-08-07 04:35:20,2018-08-08 12:05:00,2018-08-11 19:04:55,2018-08-21,c9aa33473ec2343d8a2a0b11ebd36b1d,2018-08-06
046cf9d36030cfd64e9800b0006f5713,617b7fef5b839e920d73822fee93d1d2,delivered,2018-01-19 20:23:39,2018-01-20 09:09:59,2018-01-24 22:54:52,2018-02-07 21:36:46,2018-02-15,a8d00c80c59d19a1def1e5788796e274,2018-01-19
ace9787c2536f487f1491bac9707fd67,5d7f01a5cbb98291c5bc6ab3f93be0ed,delivered,2018-04-07 08:21:11,2018-04-10 04:29:33,2018-04-13 22:22:34,2018-04-16 19:37:48,2018-04-23,f5a0145b5707d010ebbb25349eaedbe5,2018-04-07
36dfa5ee84af8da4fc7f9af242219972,c7566e4988f02bd02e875d35d4ae4ac2,delivered,2018-05-19 12:48:19,2018-05-19 13:11:22,2018-05-21 08:25:00,2018-06-05 14:58:53,2018-06-20,96442609daeda9b89a7cb0c9a2838db4,2018-05-19
cb80e3d30577a7af0b3b851f5f4ed92b,d85ece98ddf81cdbb00aa87d7d472d3e,delivered,2017-09-15 17:28:23,2017-09-15 18:05:39,2017-09-19 15:34:12,2017-09-26 16:06:00,2017-10-10,7e7d20cebc896fe82ea4bcf605e727a9,2017-09-15
7bd0fa93f3aecfd0f0cd772c59c848e6,58332ddfea93010fd87eb154a13df990,delivered,2017-11-17 15:33:10,2017-11-17 15:55:33,2017-11-22 00:48:51,2017-11-27 22:08:10,2017-12-06,43c66c87dcdc671a0cd775ec6c8e9a0c,2017-11-17
32dbe811ae007817cc04c910277dddbd,e6d6a5d5552a12341b757a9161cd8f45,delivered,2017-11-28 09:42:51,2017-11-28 09:58:45,2017-11-29 09:56:38,2017-12-01 18:33:27,2017-12-18,07550fd9b6f0a154a1a2b9de2dfd47e5,2017-11-28
318bddc9ed5c748afe160e7dca09e276,c826769f5a173716a0a9dcf4867bc506,delivered,2018-03-13 23:52:46,2018-03-14 01:48:18,2018-03-14 23:54:25,2018-04-10 17:02:37,2018-04-04,f008610fe40165350bc56f53cac07464,2018-03-13
5a6bd33ae88e333fe85c52e72c4b3cea,b4ccd6b4f5550c49836dc4c7241c1150,delivered,2018-03-15 16:19:26,2018-03-15 16:30:39,2018-03-20 12:49:45,2018-04-25 22:38:28,2018-04-12,f831d62e83e30749fab7e57956a8de9e,2018-03-15
c7a8ef5e5c0cbcfc28c0b4a4959a2daa,ffbc1b5517c488c7959e231ff9a0a787,delivered,2018-06-22 18:58:12,2018-06-22 19:19:23,2018-06-25 10:43:00,2018-06-29 19:37:34,2018-07-30,ea2454e6a6a9c0723f50d8598fc5e6cf,2018-06-22
276971787e4550d908a7306c2fe79da3,83486328de12e85d29b27790fd68f911,delivered,2018-08-07 13:54:50,2018-08-09 03:50:20,2018-08-09 14:35:00,2018-08-21 22:28:36,2018-09-06,041e2512cf5dce7b291188545b696687,2018-08-07
581ca172b817d8c5626a66b8cbfe11e7,13a7cc23cc4555df6dd0129c430644ab,delivered,2018-07-24 08:58:05,2018-07-26 03:15:20,2018-08-07 17:22:00,2018-08-14 19:34:53,2018-09-03,aa0a5b3534d3cc21fefa89c4f245e275,2018-07-24
ac93f3268c252129f7561fdaea567c6b,5bf143555767db1b0db20d44a043c76d,delivered,2017-04-22 22:02:17,2017-04-25 08:10:48,2017-04-27 13:30:58,2017-05-12 15:54:00,2017-05-24,22a2429023380f4ece624464ecc724c1,2017-04-22
dce845cf61098865d01085518184dbb9,1c85b204ba5ddfe3fb06405f81939769,canceled,2017-07-12 18:10:57,2017-07-12 18:25:20,,,2017-08-03,3fcc50bc5c467b2e71ea7c00a790829b,2017-07-12
95340911ff992b7a25fcc0f927146197,9f330480093052666bd1e5b24061f510,delivered,2018-05-08 15:30:14,2018-05-09 04:14:32,2018-05-09 16:32:00,2018-05-11 20:09:35,2018-05-25,f1709454be7d021433c7563edbc55d2c,2018-05-08
a2fc1768223b32630ce93c0b5abf345e,e3fa013f4bbc0b7ef8e6bf9629347967,delivered,2018-03-28 16:41:34,2018-03-28 16:55:32,2018-03-29 23:44:39,2018-04-02 15:23:16,2018-04-16,f9145657a58c63ce88e5c41087a9db0c,2018-03-28
cbaed20b95fa45e7962bcb86140efd33,a6e50329cdfe77d18c47b9696658b52f,delivered,2017-05-16 20:49:24,2017-05-16 21:02:25,2017-05-17 15:24:46,2017-05-24 12:51:41,2017-06-07,319b8f88851aac75605cc06bb64bf1a8,2017-05-16
2c4f41fd30cdd44de346e77247380dd2,a2378de6cd63315863ff5b54a9755753,delivered,2017-03-23 16:28:47,2017-03-23 16:43:40,2017-03-24 19:30:13,2017-03-29 12:33:48,2017-04-19,d190ee8bdd460c2dd149e2912ba9cd20,2017-03-23
9a5e5d874c534d0b37b7cb88c276dcd4,975fd354f00ccac0696fe4d65378e1fb,delivered,2017-06-19 01:30:36,2017-06-19 01:43:08,2017-06-27 07:59:50,2017-07-05 17:42:18,2017-07-13,adc1efacbeecc9d4519c1e8c67e37407,2017-06-19
897fd799ba00cbe2a0d8f726dd211231,36939c0a74b637867a130b7ed0f531ad,delivered,2018-02-01 16:41:10,2018-02-01 16:57:16,2018-02-02 19:38:49,2018-02-14 19:54:56,2018-02-23,a8e9c2d6ab9a3e501c5f4827e04e1e4e,2018-02-01
96868bc7a88dff342e4f0726c58d2897,ffd2a3ec6696db369cdb7b56aa50db54,delivered,2018-01-22 00:45:42,2018-01-22 14:06:15,2018-01-24 09:03:17,2018-02-06 19:07:49,2018-02-21,135588ce36770cc37d33839351152979,2018-01-22
bf8335c7f470714a6a72b83d1fd1796c,cc7f125c5af9a10f69d05186b36fdf3b,delivered,2017-11-09 15:19:46,2017-11-11 02:55:35,2017-11-16 18:38:58,2017-11-23 01:04:38,2017-11-29,55507f66e9e1f29f4ccb5e134be74f4b,2017-11-09
519d3ed34563b1d122cb7fd5b9efa55f,a3fdcd48a29980ef8ea2212ce90b3105,delivered,2017-12-25 22:40:35,2017-12-26 22:47:57,2017-12-27 23:28:22,2018-01-10 20:20:21,2018-01-24,52a49510aca0ca346a65cedf7fac9d60,2017-12-25
a3696d83a951412999a280e4a331070d,30a0b2c2da053fc6e7cfd13eeef55f7a,delivered,2018-04-18 16:20:07,2018-04-18 17:14:51,2018-04-19 19:31:33,2018-04-26 18:12:51,2018-05-17,3cbe83af0cacebaba139458a9207da34,2018-04-18
aabc383c7d839c5637e7c8a5718b95f0,4664d680285c679de1c2a830c28eae3f,delivered,2018-05-13 10:43:57,2018-05-14 10:52:39,2018-05-16 14:01:00,2018-05-21 15:22:53,2018-05-28,b49fd6f72c19913eba2634788da9b6ea,2018-05-13
b5a7a136bcc27a066780c0aa9b30d698,37d500143617bacac8926e770d3e75fe,delivered,2017-11-02 14:15:13,2017-11-02 14:25:40,2017-11-03 20:57:31,2017-11-06 19:48:58,2017-11-16,04e692485d67794983507079ece729f3,2017-11-02
307691e9d5567f71a6ad5945a34170f7,89ad688a79c14c817a28dbddeee449db,delivered,2017-04-10 21:06:06,2017-04-12 02:45:56,2017-04-17 12:12:48,2017-04-19 09:47:01,2017-05-02,acf7725997583e25aa37d8dd1977ea12,2017-04-10
c92da1253fc8d4fc0574f937f32bc126,d2708a82f449bc40878c8d0c1736caa3,delivered,2017-10-20 16:18:05,2017-10-20 17:28:27,2017-10-23 20:41:57,2017-10-27 22:13:47,2017-11-10,99579a2f1f793e72e0c10e6651189354,2017-10-20
a08ebf898172362d5a7ab6474cc2bb2a,31a30258ec48f7136adf7250e14c6fc2,delivered,2018-02-05 20:04:15,2018-02-05 20:15:28,2018-02-07 23:04:46,2018-02-26 14:33:26,2018-03-06,68ea5d0ba1115a1eca1ff876a5cb490f,2018-02-05
4dbc1d5924e76da8223695d76a439653,ef9e9829c11b679fb79e7166ec9a85dc,delivered,2018-06-21 19:42:08,2018-06-21 19:58:35,2018-06-26 15:01:00,2018-06-27 12:30:07,2018-07-12,17f3eff088217e8f6d1a87b39cc25eaa,2018-06-21
95e6053477d7169c64e6a34a3e329cb7,6dfe81f46e43ef19ff6eccfa55ceba6e,unavailable,2018-05-21 13:41:14,2018-05-25 10:30:32,,,2018-05-29,ccd1d932428f7e3f89424eefb30f16e0,2018-05-21
e8e186c0ebe18282aada53c56e7da34f,3b4f0692301aa019cceb68556e411f88,canceled,2017-05-02 07:34:35,,,,2017-05-29,fec36733d170d71e390acde47d74c6d6,2017-05-02
6b56339f54b8363a200c6814ae732846,6039ad6c736f84f951afed829ff5ebcf,delivered,2018-01-08 22:11:59,2018-01-08 22:19:24,2018-01-09 18:53:53,2018-01-27 15:16:54,2018-02-07,b716223ca938cfc97b9bb342b8b54862,2018-01-08
1bab77281b20f4719d0a9f87f2282fde,28d0ce13f2e87804e85a7a2a0282c711,delivered,2017-04-24 22:25:28,2017-04-27 10:33:13,2017-04-27 07:42:03,2017-05-08 16:07:05,2017-05-11,b918da4934c7eabcda6e45b4e18aba53,2017-04-24
bbf796534aaf9c59f8da8c7982db56e0,c32c207d9ebf75958011557ac1624e2f,delivered,2018-03-18 21:00:44,2018-03-20 03:28:44,2018-03-20 18:08:45,2018-03-28 21:57:44,2018-04-12,31b9765a88ef50ccd457bb40491c4fbf,2018-03-18
7195bbe2eb284effff29db46278daad8,433eb4c536d8ef685a640f6db6dec7a3,delivered,2017-05-16 09:50:31,2017-05-17 09:55:18,2017-05-18 15:22:41,2017-05-25 09:05:33,2017-06-13,41efbb27006cac5862f6c64befcb140f,2017-05-16
44c2b1100f7c12e1928b475164e80a7f,4e484fda64341b6c685ec218a2add59d,delivered,2017-06-25 20:16:05,2017-06-25 20:25:16,2017-06-26 14:43:29,2017-06-28 15:51:51,2017-07-07,06988894a3d1c8f0757e81f24678e6e5,2017-06-25
882c447d8edd3d32db6a03ff2fc74f8f,406c0e75c679a46577815134afa52837,delivered,2018-05-03 14:13:48,2018-05-03 14:32:33,2018-05-03 14:40:00,2018-05-16 21:42:16,2018-05-25,48dfb1ef4302af2fbe7327e379ac9903,2018-05-03
c870ae4db3d62818f9d3e7ebdf617831,e267c5d69effa67ee7f0813c1ca84b09,delivered,2017-06-04 18:40:31,2017-06-04 18:50:17,2017-06-13 08:47:56,2017-06-19 13:58:44,2017-07-03,b424dcee3a1c3fd29178ed9623a773c9,2017-06-04
6d1bb6a3257e28040854d87c7984acf9,a6a8a1dfe5402a3ae5ad002b665d9c4d,delivered,2018-01-11 16:05:23,2018-01-11 16:12:55,2018-01-15 23:15:01,2018-02-02 03:27:18,2018-02-07,5fe66773a91813adf33a391762abca74,2018-01-11
3a88a0ff2f9fa0ef19d7cff072c2f84e,ed5d382ad64bfb554932d5d64a698c93,delivered,2018-03-13 10:03:51,2018-03-13 10:40:30,2018-03-14 00:22:08,2018-03-26 16:11:24,2018-04-10,aab346d4fc7cc94b27cceb25d9f64528,2018-03-13
8ddd550f59752f7efbbf0284aee4631b,dc51d4a03b2448771b76837517052d68,delivered,2017-12-09 17:16:54,2017-12-09 17:30:31,2017-12-12 22:49:09,2017-12-15 18:28:58,2017-12-28,6474fb74cf31a83169e9d2591a2a5b77,2017-12-09
dbf6633516ca4df83ac9e96e2100846d,5986b73cce82bff30c9619b63cbb7c84,delivered,2018-04-21 16:36:03,2018-04-24 18:57:06,2018-04-24 17:32:16,2018-05-07 20:57:38,2018-05-28,5b05d9ab1789273cac62d5130eee5501,2018-04-21
2d7259ea0267605a75c5d2a55c1470bd,77ab23539f45150a72717fc95ef3e503,delivered,2018-07-25 19:46:33,2018-07-25 20:04:38,2018-07-26 19:35:00,2018-07-30 22:48:34,2018-08-07,ada82f7ac72cffa92b5603a2ff0414c5,2018-07-25
f0e888236afb66e9bfac24a6100bbf53,fc9c228fc78372b6b53ad3515823eee6,delivered,2018-06-28 16:30:09,2018-06-28 16:50:35,2018-06-29 18:52:00,2018-07-03 09:52:50,2018-07-13,0a1f5d67d3e2bda459378bbbea2af1d6,2018-06-28
ab651189a56f042246fb1a8c991ed4ff,4b778a2d8551f8e6e81d3d07af3168f0,delivered,2017-08-08 20:36:55,2017-08-08 20:50:19,2017-08-11 14:57:35,2017-08-21 17:21:53,2017-08-30,b66566b5b58308fb54464233bf58d1ad,2017-08-08
9b67d7f926480a9b1dfda8f3595013a6,11c191489b5fecd461e9d538280e9c5e,delivered,2017-11-08 10:14:53,2017-11-08 10:30:22,2017-11-08 18:46:52,2017-11-16 20:02:47,2017-11-29,1c874134581bd9cceb6092e5f21ff670,2017-11-08
69d15b473fc963ac1a3f5bad766593a7,cbb36652aacca97be12943211e867612,delivered,2017-09-07 19:59:16,2017-09-07 20:10:33,2017-09-12 18:59:33,2017-09-27 17:12:20,2017-10-04,65061b698f374b1d6a2fbbc2ef03ab80,2017-09-07
917e815e734e27d699a971dcbac12e9e,976946c1110d0d9c0a7c5bfd41de8560,delivered,2017-09-16 17:28:52,2017-09-16 17:44:25,2017-09-19 21:27:01,2017-10-02 17:42:42,2017-10-06,b2063323f4b84c196dad769cd4f8dd75,2017-09-16
ef32bb24f4e81a29a305e5285c8d3d34,90864878aebf8b7456fc25ac866af6ce,unavailable,2017-12-19 13:11:08,2017-12-19 14:24:07,,,2018-01-08,073037acc049d2be44730a7e39836046,2017-12-19
6f393015477564624446a2b4c948c0f0,3a5a12157eed55b77ae6432e30efc4ae,delivered,2018-01-17 22:38:14,2018-01-18 22:37:14,2018-01-23 15:55:30,2018-01-31 00:08:27,2018-02-15,e37ac8aa47a3d9d00215137f6b8877d6,2018-01-17
dd03726cc548f7332999c37c8e2fc3af,d64c6f63152b72dc53a18fe83c1041f8,delivered,2018-07-21 12:50:11,2018-07-21 13:04:01,2018-07-23 13:31:00,2018-07-26 18:56:47,2018-08-27,0daea8fd059961b08f49f39197dd5c13,2018-07-21
19419b6180c4c7b9f57c1753cef7b41f,eb219d189e0e388de962cdb4e94d1d81,delivered,2018-07-19 11:38:46,2018-07-20 04:43:18,2018-07-20 08:45:00,2018-07-25 12:49:36,2018-08-16,d70adb677df3b3ed6996bb92f54483b7,2018-07-19
2e9d2850537d9e6975149a266b9ecf69,398634ab2ca4bee203cd25ea737a49a8,delivered,2018-07-30 21:07:34,2018-07-30 21:24:32,2018-08-06 14:22:00,2018-08-09 02:26:34,2018-08-06,c602b245df5ba83a335cc0145581ced8,2018-07-30
c8da1e97d81e786470cac73c845ff45f,7700917fd68e46178da25cb3bde42684,delivered,2017-10-15 17:36:02,2017-10-15 18:14:25,2017-10-17 14:58:08,2017-10-30 18:42:39,2017-11-07,abb42bab34d060768f330241170ad42b,2017-10-15
2d6e19c8b83e0333696e259829801f17,0c0a6bd19047d0bf4ec7752ec9c1b1d7,delivered,2018-08-21 18:52:27,2018-08-21 19:05:50,2018-08-22 12:49:00,2018-08-29 17:07:45,2018-09-17,7c6494d4a4bee05409aef014c1e16300,2018-08-21
def5a490726da84a4e00b9abfcc9fd6f,4ed45e482abfa0e715a648c5c5070b65,delivered,2017-08-01 16:49:22,2017-08-01 17:03:44,2017-08-03 20:02:59,2017-08-08 16:41:18,2017-08-17,131341855a28a3cb84f93c21c4fd5dbe,2017-08-01
f1d9bf2ed3273bf0d6bc69ed89d67701,a1d7fe4c8b7dd4e9d59e59fd51bd5909,delivered,2017-03-15 05:11:38,2017-03-15 05:11:38,2017-03-21 13:21:26,2017-03-23 06:43:54,2017-04-03,5463780fee38d54a482c2ebcc24b5ab1,2017-03-15
42edfcdf41308ef5e7528789f082b336,21c545f4466f3b3baf04ae4f5001351c,delivered,2018-06-16 19:02:48,2018-06-16 19:18:04,2018-06-18 11:22:00,2018-06-20 21:56:47,2018-07-03,8ed026cb4acc4a25b4d00d8591039905,2018-06-16
b6ac23b0a5a98032edb0d8b1974fca75,225325b542aad694050438f9beed19b6,delivered,2017-07-11 13:24:30,2017-07-11 13:35:14,2017-07-17 21:46:57,2017-07-18 17:49:44,2017-08-03,176e3cbd090769c2e6fef9f7985fa83e,2017-07-11
4f3cb3a319d8831801c9a952f6bc6b81,7bbf618a4eec6c92f04e2ad865aa204c,delivered,2017-10-17 07:34:48,2017-10-18 03:08:33,2017-10-23 14:22:24,2017-10-24 23:39:59,2017-10-27,c652c2b3a0b3bca1c79bb5bb466bac80,2017-10-17
4d2e3204d03f90dde94de63cb417277b,8f26b9c0e93aa731371b6f7fc981bb51,delivered,2017-11-29 23:20:40,2017-11-29 23:36:24,2017-11-30 19:17:17,2017-12-01 16:48:44,2017-12-15,3253c1658c6a92e3f8691f49de5f43a5,2017-11-29
f32b1e3320d65b3c94140ffe559dda4f,22bb67c88f37434dbea7e1b88a3f736c,delivered,2018-07-18 14:07:03,2018-07-18 14:22:13,2018-07-18 14:08:00,2018-07-27 22:53:41,2018-08-07,8deb7c9ee92e2c64ba82b5893404947b,2018-07-18
b2234f06bf32380ac04b30c21561efba,6cb94c8d3c096c20feafe2abf1ed78d3,delivered,2018-07-18 19:54:15,2018-07-19 19:50:11,2018-07-20 13:57:00,2018-08-01 15:22:42,2018-08-10,3daa1c97a3155484f70c88b19c90dfb5,2018-07-18
015f079801c424fda3edc48be99267de,e9887a9874d592a5904dc3b85187ec42,delivered,2017-04-06 21:55:36,2017-04-06 22:10:11,2017-04-07 13:47:55,2017-04-20 13:59:47,2017-05-12,33c1c5ea039f51616c3d36434b8da36b,2017-04-06
42e0ff710ef5d9ead0c1fee8ac7d3ed8,3fba5bb67ae248c7d02c2b42b156f418,delivered,2017-10-17 19:17:24,2017-10-17 19:36:16,2017-10-18 20:37:58,2017-10-24 19:53:32,2017-11-13,61068798d32ec23426cefb36916293c1,2017-10-17
0e36f41f9315618b83a395ecfc7b47fa,4ae394b706b618fbed089f08e9c75224,delivered,2017-11-01 14:12:29,2017-11-01 14:31:33,2017-11-03 13:31:22,2017-11-09 18:19:58,2017-11-29,4be6b69e888b296631d72107b2409276,2017-11-01
ba3ebf2b1c96c432cfc82801c4515ea6,7107f5eb80d0da02dc1383fe41ddc474,delivered,2017-06-26 17:52:36,2017-06-26 18:55:10,2017-06-27 17:03:30,2017-06-28 11:48:07,2017-07-07,911d12598ae980d81210451e536c8e58,2017-06-26
6aa2fc0ec99ae145158d9f9f790ada82,fdc9789bfed35fc346a1df680df88698,delivered,2017-11-21 12:11:56,2017-11-23 02:48:10,2017-11-30 23:03:41,2017-12-19 18:19:08,2017-12-08,6b6e284da4f7b225ef2bc31902537cc2,2017-11-21
c41d1d484d6eba6e4d8d981ed0768193,2718b88837b22bacabdb53fe203c069a,delivered,2018-07-19 21:04:17,2018-07-19 21:23:08,2018-07-20 15:50:00,2018-07-25 12:04:12,2018-08-03,49aca91995992bbff94b3698587bd35e,2018-07-19
c39b6a1fcbbad48578181950509b1330,ace64991a599a2eb952809697325b096,delivered,2018-07-29 00:43:55,2018-07-30 18:31:19,2018-08-02 14:03:00,2018-08-03 18:25:43,2018-08-13,494e887fef923d79982b3c0e1ab49cdd,2018-07-29
b193fd0f267c2871f27f939621408e71,3da0781ead2a29f53fe0550305de4331,delivered,2018-07-21 18:18:12,2018-07-21 18:30:11,2018-07-23 15:26:00,2018-07-24 16:25:50,2018-07-31,685d6bcd43bbb1ea9edb8672e0fa1aa2,2018-07-21
9c38f00a080665ace303d703e03718cb,65ab89d0154ae1f5ed267cccf02c299b,delivered,2018-01-21 15:39:38,2018-01-22 14:18:22,2018-01-24 01:14:44,2018-01-24 22:39:12,2018-02-08,93073fef423711fb08efdb2d596d7404,2018-01-21
36c0722e0453446bb2f1880e2da3bc7c,22eb833266f6b771223cf18226b64c87,delivered,2018-02-01 09:47:16,2018-02-03 02:54:01,2018-02-05 20:57:50,2018-02-20 22:11:51,2018-03-06,268480ba6d29933d54c55929658337c4,2018-02-01
84b9c4e0d6fa518c27bacb0b602b028c,d2821632217cab913420f7c8276bfc63,delivered,2018-03-13 16:23:13,2018-03-15 03:30:35,2018-03-15 18:11:14,2018-04-14 00:19:03,2018-04-10,70942e7c3bd21b69d08ff1248841bcef,2018-03-13
eafe112a93e3cab02e7227e619bb73fc,026953f1072329fc12fa80eb8930848a,delivered,2017-05-25 20:33:36,2017-05-25 20:45:09,2017-06-06 14:20:59,2017-06-19 14:58:41,2017-06-21,eca1ebae41af684518cd750c2129a2b2,2017-05-25
702120cb83c02be1babe945e685a254c,662775bffc75df0fe4455e86282eba79,delivered,2017-12-20 11:59:14,2017-12-20 12:10:43,2017-12-27 21:37:49,2018-01-13 10:39:16,2018-01-19,0a4406506dc17dd60c440c3f1188fe17,2017-12-20
bf36b37f7569ba312ffe5abb914fc5bf,e42b74db1e519a05ae7d6c09a77aa19e,delivered,2018-02-23 01:23:42,2018-02-27 04:31:09,2018-02-28 02:46:40,2018-03-06 22:21:48,2018-03-09,cef123fce76a8e796056f981d3ded671,2018-02-23
5118fc0388588e95a1eb25564d1a3946,2d973038f385e0f9d252f6662ecb9c39,delivered,2017-08-22 22:21:48,2017-08-22 22:35:22,2017-08-23 14:13:31,2017-09-04 22:39:18,2017-09-26,6b514910816e98846a36ad2ced7e5d37,2017-08-22
dbaaa77999c0f5d953d543efe0f080f9,3e7b5d210ff52504781d20a8d6cf38f0,delivered,2017-07-18 18:15:12,2017-07-18 18:25:19,2017-07-19 17:41:59,2017-07-24 21:57:29,2017-08-07,34ae26a1b26b3525b594a99d341472f6,2017-07-18
49d9f3721c033d155e61cfbd798aa0b8,af3038f8591cc3ff12ecc0dd57f5f8b6,delivered,2017-08-24 21:54:08,2017-08-26 10:35:14,2017-08-29 15:58:07,2017-09-12 09:50:14,2017-09-20,98f335f5fe7bf786efe0d23ce5d2d354,2017-08-24
8849e8100a1269ca2a5606e5a0fb6c07,74181092ec10162ba29946bd76ceb6b8,delivered,2017-06-28 16:48:44,2017-06-28 17:24:16,2017-07-06 12:12:42,2017-07-12 18:48:02,2017-07-27,7644ee4a8d8394614ef4d3616edbf078,2017-06-28
048fec87f5858e3a91ce55d3a944b457,9b0befd87ff5c159c8a3e3bd6318a655,delivered,2018-05-15 22:58:42,2018-05-15 23:15:18,2018-05-16 11:27:00,2018-05-21 15:07:56,2018-06-05,53beaaaafb7b657172c341e7f69e2ca0,2018-05-15
d41f1036712e18ee525939d08b7a1c98,099197f5b3af6c03f208f70f62df794e,delivered,2018-01-06 11:37:12,2018-01-06 11:47:34,2018-01-10 22:41:27,2018-01-11 18:10:44,2018-01-26,2193e33803ae472856950a43406e2dd4,2018-01-06
9b34a8b59a65874925bc12d1551e5256,647535c47e49dbf4e21ee0c3c2ddd2ac,delivered,2017-09-27 10:43:12,2017-09-27 10:56:27,2017-09-28 17:43:41,2017-10-17 15:28:57,2017-11-01,bcd84da70f7bcdd07ecaaad6ca6b8e43,2017-09-27
7d19f4ef4d04461989632411b7e588b9,91a792fef70ecd8cc69d3c7feb3d12da,delivered,2017-08-10 21:48:40,2017-08-10 22:05:11,2017-08-11 19:43:07,2017-08-24 20:04:21,2017-09-01,0bb98ba72dcc08e95f9d8cc434e9a2cc,2017-08-10
18df153e64a40c0a549c0312234e1ee6,bc8243e47010a6d224a5fa1a044270da,delivered,2018-07-26 21:59:36,2018-07-26 22:15:18,2018-07-30 12:26:00,2018-08-06 16:04:42,2018-08-17,0ac8b5422831a23eb94759861a324be1,2018-07-26
627bcc1ede93534cd39bf82a8357f0a8,b939acf224f32675a9ef981a024e8d02,delivered,2018-02-14 23:23:30,2018-02-16 14:31:33,2018-02-15 20:37:43,2018-02-22 16:42:53,2018-03-08,8f02741cc75d4bd339e94379876a4088,2018-02-14
ce22ba2aeac996a236980d5412bcfcdd,05a0155e6ea734e7656dd0d7dbc42594,delivered,2017-09-28 15:23:02,2017-09-28 15:35:25,2017-10-04 16:16:07,2017-10-09 18:02:47,2017-10-20,b230aac3ba81b49f755cdbb53acc0d97,2017-09-28
862a507705acaf4976559515b7b78908,472ad69ebb2c32d6b26fc7eccc809e5a,delivered,2018-06-06 13:59:08,2018-06-06 14:34:36,2018-06-08 14:26:00,2018-06-11 18:52:36,2018-07-03,26575001e4b29d4809de4dba144f3eed,2018-06-06
9705d2eb2b203788b10e2cab9c3598cd,f57991014cde59432cc7c71901b1f32c,delivered,2017-08-12 08:19:12,2017-08-12 08:30:14,2017-08-14 15:53:48,2017-08-24 19:23:02,2017-09-05,65c2b54b418a73fcb36a6b6e6765dd23,2017-08-12
9c4f3693a36ba481e0d9da739679660c,2ed8567c7952b9d78d2cda0a0679dd6f,delivered,2017-11-09 11:10:13,2017-11-09 11:26:38,2017-11-16 22:39:31,2017-11-21 22:26:25,2017-11-29,f9242445fc633a8871f2a6c4a033c8bf,2017-11-09
33eb09bb012864ab1c223b7a9175200b,68e7437b33a9b01d2529757607a05705,delivered,2018-01-19 17:07:24,2018-01-19 17:18:24,2018-01-23 14:34:07,2018-01-25 17:19:52,2018-02-09,f5a6ec046a795e53329258d7f02feb11,2018-01-19
925d5a139c3c9f4e3f028685b9a95617,de10ff4100545d244951898150f9aad1,delivered,2018-06-24 19:43:20,2018-06-24 20:16:03,2018-06-25 17:29:00,2018-07-03 02:24:49,2018-07-20,64aa56502b9ea3886fb356a259434201,2018-06-24
a96d80130c5b0907958c4cfeadb4bb8e,d8cd2bbaa62274c5cd6a6c9900e82957,delivered,2017-08-18 11:33:11,2017-08-18 11:50:18,2017-08-18 19:08:06,2017-08-22 18:53:55,2017-09-08,4820f42c8203dcad5d2c17cf363048b0,2017-08-18
ab3a6663f21c1a36401300460d3c41cd,b79086625b8f919121046ffa84abfe7f,delivered,2017-10-25 16:51:50,2017-10-25 17:35:12,2017-10-26 14:59:47,2017-12-01 20:38:46,2017-11-22,9b1c978cb21b066c8cb29a12c846a8c5,2017-10-25
4d1cbc3a9dad7d6dc7c6b9438400990b,293bd1c230ca0e132b10098275b44169,delivered,2017-12-09 02:24:53,2017-12-09 02:49:55,2017-12-11 23:59:01,2017-12-13 19:58:52,2017-12-28,7e52adb10e44edc97057a63fcb29947e,2017-12-09
d61e965b73507ff3aae57337ec2f20ca,420487362832ffe2ae7a8d7757fc104d,delivered,2018-03-05 20:21:02,2018-03-05 20:30:47,2018-03-07 19:18:51,2018-03-28 21:32:56,2018-03-26,6a2ae83cded378a462e86a2e4885e750,2018-03-05
6dc6a1816b2df736c34fd4041af68068,06526b788f07150810cae37d79932ce7,delivered,2017-12-18 13:14:02,2017-12-18 14:12:29,2017-12-20 20:29:04,2018-01-04 16:29:25,2018-01-26,af43dcf9329358a6f3ce3b4c69082d75,2017-12-18
a56e54593f2c7f2b10f69216a7265aa5,5c56ccc96c52168daa5ab5fa7038bee9,delivered,2017-03-25 09:08:41,2017-03-28 03:51:23,2017-04-04 14:52:38,2017-04-10 16:06:03,2017-04-24,e4b98eebb8983cade8610c0def59f705,2017-03-25
f1291b9030cb24d45d1b2380a2e2950c,9b67d5c0e09cc76c9549477996b49891,delivered,2018-07-05 13:04:20,2018-07-05 16:40:35,2018-07-06 12:50:00,2018-07-10 16:08:33,2018-07-24,ac0e0373a6ffdce079f8359aa7b9b296,2018-07-05
dccf99a9f12d7217cd20878c985d55ac,a0786a9a0b79d012f0c4558a7744c594,delivered,2017-11-29 03:15:25,2017-11-30 02:26:54,2017-12-05 02:49:46,2017-12-18 16:45:43,2017-12-28,af10a15ceb581a565c0f8116f8fb57cf,2017-11-29
0bf736fd0fd5169d60de3699fcbcf986,6cd217b674e22cf568f6a2cf6060fd07,delivered,2017-12-21 16:21:47,2017-12-22 17:31:27,2018-01-02 22:27:47,2018-01-06 15:03:41,2018-01-16,f51fb63558e88eb3373773d106fa6880,2017-12-21
ad5358e0c5bbbde6f15e29855ba10bb5,cdfc533dc0becc56adbaede7ba806104,delivered,2018-04-03 14:25:17,2018-04-05 02:27:53,2018-04-06 22:41:40,2018-05-07 23:12:25,2018-04-26,6aa3c08154b0f3086f039d005fca64c4,2018-04-03
e6994fc60ac218b01bd168895ef8399e,b1188b43f4b64ee28a2aaeb1ee35e9ad,delivered,2018-08-13 13:15:03,2018-08-14 08:55:29,2018-08-20 13:40:00,2018-08-21 23:33:58,2018-08-20,08d3cef45bac971f1ccd62a7d224a877,2018-08-13
bafb40f7e8faf993b7d5da5114f4bd56,03d1b22e6c0b53ff1ddc79c33ec96a27,delivered,2017-06-01 18:50:33,2017-06-01 19:02:50,2017-06-07 10:47:35,2017-06-08 13:42:22,2017-06-22,22723409a576c5399280e00318fd52a8,2017-06-01
8b75efcac52e6144df576321437f12eb,c36d2a6b08edc9be276ccf9f1f48953a,delivered,2018-01-09 11:39:12,2018-01-09 11:50:28,2018-01-10 22:18:10,2018-01-17 15:23:51,2018-02-09,1abebcce77574ad07e7cfae15188e68c,2018-01-09
ad5e99a57ab431d66728520491ed659d,5ee123c40af9351eac581cdefef25006,delivered,2018-01-03 13:52:44,2018-01-04 05:11:30,2018-01-05 21:55:49,2018-01-11 19:22:38,2018-02-08,73548dd1bb99645fe103fa7adf8aaa9d,2018-01-03
4b8e7be134dcdd11881a5e7de6c88627,761641bbf969934835f65b3374ddd6b7,delivered,2017-07-12 14:26:37,2017-07-12 14:43:43,2017-07-27 19:22:52,2017-07-31 12:39:39,2017-08-24,a8cb771f0d1d230407948d4ce2af5c3e,2017-07-12
3a4e65de6ffd941f6a4ee824d472aabb,ba7df02cddb36d302d9a87ed492fdf07,delivered,2018-08-15 18:01:23,2018-08-15 18:40:07,2018-08-16 15:37:00,2018-08-17 19:18:48,2018-09-03,394ac4de8f3acb14253c177f0e15bc58,2018-08-15
8a375e54dcadd25fe7578ad54311a746,a994d209770941c5131c5c658f9370a5,delivered,2017-11-25 17:31:34,2017-11-25 17:52:51,2017-11-28 18:33:13,2017-11-29 21:57:09,2017-12-12,d79b496988df8912c5e52b80440a0853,2017-11-25
fd6519b24982de9aec35784b4bc78d2b,8db3348acefb954be9ee830d85a6848d,delivered,2017-12-14 20:26:11,2017-12-15 02:15:59,2017-12-15 18:13:43,2018-01-05 23:11:09,2018-01-11,c418cf5c7138e0273ae5d9a7e3dbb5f0,2017-12-14
9d244b9671e094280e0da0b5edec38bb,351b5d6b2776706292c742cf22e30dfd,delivered,2018-03-24 16:47:51,2018-03-24 17:07:58,2018-03-27 02:08:56,2018-04-12 00:38:22,2018-04-17,a332d53ad684f0ee020680a94bc86993,2018-03-24
fc4b86d2c7c84e7b54c253f91b29b404,93d53c5c83afb68e1063d463efcd99e0,delivered,2017-11-24 01:22:42,2017-11-24 01:33:50,2017-11-27 20:06:33,2017-12-01 21:12:09,2017-12-14,33fbedea222c902b755b9a7a255c7cef,2017-11-24
7ecf3b698544882e2539712b1c598093,ab3bbfe587e36e0183d173da19c5463a,delivered,2018-02-05 20:39:13,2018-02-05 20:50:28,2018-02-08 19:45:02,2018-02-16 16:58:53,2018-03-01,d92414dc935e158662205976cb4a0302,2018-02-05
8d6aacafb62c871afb4c8e5c606e2a80,e8ddc5243a1b054a9b2680d64d512e78,delivered,2018-05-25 17:19:11,2018-05-25 17:38:45,2018-05-30 07:11:00,2018-06-04 17:11:30,2018-06-29,e728eb2c7e79e6c13facfe4c92a14f23,2018-05-25
61fba313862d5071658794c520745397,d398cd26a14e81d6a1b88c42b089a39f,delivered,2017-10-20 11:33:42,2017-10-21 03:07:29,2017-10-23 21:45:11,2017-11-04 15:43:45,2017-12-06,e6b2ebebab1d04ea3fe75e9ef4f8f433,2017-10-20
beef7eaebaf3f24f6b34bb85c31aaaa7,96eeb7beef017b1a01a5ca8bed913795,delivered,2018-04-05 07:46:20,2018-04-06 03:08:29,2018-04-07 01:44:41,2018-04-12 19:03:08,2018-05-08,101a2f783757ae1f64ad05a4cea0548a,2018-04-05
21fbb7ffe47d9cc3a504f6ac4ee24c9a,4875ee0c667adc19c074d48b862bae0d,delivered,2018-08-23 11:59:25,2018-08-23 12:15:19,2018-08-23 15:21:00,2018-08-28 17:33:04,2018-09-12,98656098821004280b916203db00398b,2018-08-23
fcc99cd0e2e395ebfbc21ba1e33a178a,ec4f0c1a966fa191a5ce04755a019dfe,delivered,2017-05-21 07:57:40,2017-05-22 10:39:23,2017-05-23 11:27:15,2017-05-29 14:27:52,2017-06-19,1f44907a2615e6d9867807d8bb2fa694,2017-05-21
63c6b78c7aceade884a5f08177c04e57,258e7fc07b15e9471951747d685ac3be,delivered,2017-04-20 13:34:27,2017-04-20 13:50:21,2017-04-28 14:54:48,2017-05-04 11:03:17,2017-05-10,520af2d70fc68cd0ca72af43c5cbf0c5,2017-04-20
c04f90bfbbe8d9a50d96feba29339913,7263dfbe29e6b8692ff879e5a2121258,delivered,2018-03-28 09:57:34,2018-03-29 16:15:22,2018-04-02 17:08:50,2018-04-05 05:58:40,2018-04-10,71212d1db47114c75c2d8510ef4644fc,2018-03-28
2279b7f227b450166adadca909462947,87880cd71e9805670dae6794534f4282,delivered,2017-12-11 23:55:38,2017-12-12 00:29:12,2017-12-13 18:56:57,2017-12-18 13:32:56,2017-12-29,f199ea84ac53cf917976f3d432a4ee12,2017-12-11
db42486c4007faaa99084c4d950d6163,244c28a20f4b7a3ea164364d7a3432af,delivered,2018-05-01 11:00:04,2018-05-03 04:15:19,2018-05-03 14:09:00,2018-05-15 21:52:01,2018-05-28,9d15276f07200ca33bdd7eab12ba67ad,2018-05-01
facc1205a81ecb0105f0a0c14bd11899,fa862bbcb6d5712cab0a6d2925b23b39,delivered,2017-05-27 20:46:05,2017-05-27 21:01:54,2017-05-29 14:12:48,2017-06-05 12:24:57,2017-06-23,97a56a42e33f40f1ba29fd669fd1376d,2017-05-27
00602f25bffa1dcfb71e202fbf9824fb,d91dc5b08f5bb5e181a878580f4ec576,delivered,2017-11-01 17:45:52,2017-11-02 02:35:31,2017-11-03 21:12:51,2017-11-27 21:07:22,2017-12-11,a4e15c3b37a5bdc379b5d9a8b7b37450,2017-11-01
c71cf183a3308543154b435e645f56d4,03a43f85610c32719e8526e1be97f6da,delivered,2017-02-04 23:10:15,2017-02-05 23:15:12,2017-02-07 14:00:00,2017-02-10 10:43:45,2017-03-03,922c4924327ce4a0c12b413c30231974,2017-02-04
4bea1a1e7a264f908a38f818073ee923,2ea694334078726c7229c21f0a7cc021,delivered,2017-06-19 11:35:40,2017-06-19 11:50:14,2017-06-20 10:39:22,2017-06-28 14:37:45,2017-07-20,abd56bffbdeff412b6d29ef953dab556,2017-06-19
58c9e4147dcaf0f623706730abab280d,4888da2416e4fd5010e50d1f720e7f23,delivered,2017-11-24 00:46:40,2017-11-24 01:12:48,2017-11-30 15:21:55,2017-12-07 22:04:01,2017-12-22,d71d11cdb75651fdec39bf6e625a2f69,2017-11-24
d0a9dafd211ac9467af0318383ef4da1,93f65b919bc7065e77d662b9f51248ea,delivered,2017-05-20 08:53:30,2017-05-20 09:05:06,2017-05-24 15:39:47,2017-06-01 16:49:40,2017-06-16,f0e310a6839dce9de1638e0fe5ab282a,2017-05-20
dceff4e9cefb999404dd921642d20111,cc3f92b228ae744c6082f549933ab3aa,delivered,2017-09-11 15:01:29,2017-09-11 15:15:24,2017-09-12 16:43:50,2017-09-15 20:32:23,2017-10-02,0a857baa1f1ad0e24256004c2b16729b,2017-09-11
75ea013a92015fd0672cd754e3258b33,1650f02439361534616a9513ef19c6f7,delivered,2017-07-12 22:56:05,2017-07-12 23:05:19,2017-07-13 20:22:18,2017-07-25 19:19:30,2017-08-07,e21b1d86f24ff6903076a6f4dc686a3e,2017-07-12
8dca52c1ec5a814dc9ebd26524ae8b3e,e0ac2a4e5a234620bfcaef3796384831,delivered,2017-11-08 20:41:49,2017-11-10 12:28:15,2017-11-10 19:48:34,2017-11-17 20:15:28,2017-12-05,14e66b7268fef09f5183f5e3a84cdd91,2017-11-08
cc0ab0fd1ed4c39ca56a885ae303aa87,c6abf2a87e2907d182f39e8d77101642,delivered,2018-08-02 14:00:20,2018-08-02 14:31:09,2018-08-09 14:04:00,2018-08-14 16:38:36,2018-09-13,6b527aa2aff22d94408e2c1bf496ce47,2018-08-02
92719f3b4fbd484515110bfc47e8a808,547f0ab4161085115b9afb71a0be6eb7,delivered,2018-04-03 23:38:25,2018-04-03 23:50:13,2018-04-04 22:22:09,2018-05-18 21:04:28,2018-04-26,d951932e9992372f9e37809ab8da8e43,2018-04-03
3099fa1da8ddf6f98c8a917af87540c5,1a40edb85ba950154eb344793640676b,delivered,2017-05-16 15:57:33,2017-05-16 16:10:07,2017-05-17 10:40:42,2017-06-12 09:43:10,2017-06-13,321eddb23f1befe8aab392e953f78caa,2017-05-16
8e378f2d3b581a5c5ce099dd32dfb422,30f32764afe954fa9bc8428792588f0d,delivered,2018-08-12 15:42:01,2018-08-14 04:35:20,2018-08-14 08:56:00,2018-08-15 16:56:20,2018-08-16,9dd70fcf60198251fad7fe202cc222c7,2018-08-12
cc72b624a933eb793860926532309a7e,38cc52f8089ad38971b6dfc26a3033ba,delivered,2017-09-24 16:54:37,2017-09-26 03:56:29,2017-09-26 19:24:53,2017-09-28 13:18:51,2017-10-10,371f7fb7784b3e2bf70488a01dcc40e3,2017-09-24
c86b551898ce7979ac5f0ce6a4ed3bbb,ef5f73ec25827c8fc4c662111a1fbec2,delivered,2018-07-24 17:28:41,2018-07-24 17:44:17,2018-07-26 12:23:00,2018-08-16 17:31:53,2018-08-20,47bf59d74df990d3aaec20b76a2c9964,2018-07-24
3184e33bc8b2623e78f578e0f644ff69,cea725cb0864776ebbdb3bf427fa2001,delivered,2018-07-16 23:02:59,2018-07-17 10:25:12,2018-07-17 12:06:00,2018-07-23 22:08:35,2018-08-02,7da4171131703f020277d09471f4f784,2018-07-16
9ca84d8b801d8d14cf479b5ad04b8139,197479c6a58d8701279290ce3906b5bd,delivered,2017-07-18 13:50:29,2017-07-19 15:43:35,2017-07-20 14:07:52,2017-07-21 19:49:38,2017-08-04,ed96321aa0f309cb3ffd866cfed00252,2017-07-18
6c2d7d5f598317a20719a7e5f5487ece,c9a94eb5dd2f7cf3e804bd6f88aff19e,delivered,2018-05-09 12:56:56,2018-05-09 13:11:23,2018-05-16 13:35:00,2018-06-12 21:53:30,2018-06-04,1ebf16b38edac7b012833599d86454f4,2018-05-09
807756ebd577f025334944b87da7dbc3,5e9e1ae42e02df93e9a591e86fd531a3,delivered,2017-11-23 16:47:19,2017-11-23 16:55:44,2017-11-24 15:41:57,2017-11-30 20:58:33,2017-12-13,28af9604f7830ef6d1230fb575c39eb1,2017-11-23
4d15992eecccff8ef3bf6d2adece1b0a,b0899369e8a8bd200bade75e8ae36eaf,delivered,2018-04-20 13:17:55,2018-04-24 19:26:30,2018-04-20 23:16:43,2018-04-26 21:34:02,2018-05-15,d69330e289efafc41740746b1baa213b,2018-04-20
e662e53aebe0a6c5d95652938e2f66d9,2959844df7ee76304ee5657652e32b83,delivered,2018-05-19 10:26:57,2018-05-22 08:56:47,2018-05-23 15:06:00,2018-06-01 18:29:50,2018-06-06,c8ac3fa9deb8f682895338b8f2ca920d,2018-05-19
2591fdd6cc7718bac11436b57abd8163,0879c47e542184edf3c921d2fee17084,delivered,2018-02-12 14:01:37,2018-02-12 14:10:41,2018-02-16 22:52:39,2018-04-07 00:46:48,2018-03-07,747a3bde8936cc5b862993e65c1b5a48,2018-02-12
da896a5afe7d1b0ae249c2c0bccb89d3,57abc9be90fb81c1dc14e5e276a4ecac,delivered,2017-11-01 21:41:42,2017-11-01 22:31:01,2017-11-09 11:35:49,2017-11-13 21:27:55,2017-11-22,75ff587e87e047a7e00f75bbcab17c00,2017-11-01
aeeff2fef61809de5e010a78c4f83128,5a375925e8a7d2532889a3792aece7f1,delivered,2018-03-11 23:12:41,2018-03-12 17:03:06,2018-03-13 20:09:36,2018-04-09 20:33:23,2018-04-05,529d1eef84fd58b98f9341f9645444ee,2018-03-11
24314a5179e85ac61885767b0a94a0db,72b9c686e01ecc2e1410edff52e39bbf,delivered,2018-07-24 07:57:02,2018-07-24 11:24:03,2018-07-25 15:02:00,2018-07-28 20:13:42,2018-08-14,b818a223e044050d0b472dc4d215c160,2018-07-24
6cb295459b579361f0b6186ce45a76e4,b794de71e3798cfb1daf6aae21548bfa,delivered,2018-08-17 07:18:04,2018-08-17 07:38:57,2018-08-17 12:53:00,2018-08-22 19:21:44,2018-08-29,633ade40fc9909e909c9f941b7072d8d,2018-08-17
24a932502d06dc904c0af783af68fda2,744c8cf8f12ba49a474983e3bfd71c30,delivered,2017-09-27 20:37:58,2017-09-27 20:56:26,2017-09-28 16:53:49,2017-10-06 22:53:56,2017-10-24,1b483366c7f95b41addc8e36c8ba820c,2017-09-27
1cb379c68e302e8623d49d1f3a074e26,0f80f5e23ab3d4e6c9063262eab8a241,delivered,2017-05-12 17:14:00,2017-05-12 17:25:16,2017-05-17 09:23:11,2017-05-22 19:51:42,2017-05-30,05522a7d5a42ae78340a87272c48621a,2017-05-12
b3f7e36f7ae979c02959004e9d800387,27b1779273061c9e944340a87edcf005,delivered,2017-03-18 16:50:43,2017-03-18 16:50:43,2017-03-20 09:15:26,2017-03-23 15:09:53,2017-04-10,ca6f7437c83dbdbb8574532de00a954f,2017-03-18
ecf9330db0f11c5086969ed6c7468d4a,1ffa9acae709a2dce1c4d30547f47899,delivered,2018-03-02 09:15:34,2018-03-02 09:29:48,2018-03-07 22:09:39,2018-04-05 17:41:42,2018-03-28,08c04a8a50999450b2f003c9dd6fc6b6,2018-03-02
68dfe33ed363b170a0bb5b8a03cb2c14,aa4de5c6bc43c3b768146a6ac560b1ee,delivered,2017-10-02 19:26:25,2017-10-02 19:35:19,2017-10-05 20:32:06,2017-10-17 21:53:19,2017-11-08,56d24be1ee194de7b0a49750e0385241,2017-10-02
987ae3e3d3b324b680851af48bc542f3,1e8e5af286e17f412f2aeaa569e358fd,delivered,2018-01-13 03:18:30,2018-01-16 03:34:38,2018-01-18 18:43:27,2018-01-23 17:22:40,2018-01-30,405f3ae3f5a9f64c6fb1ed20707e5c18,2018-01-13
e9c8edc1722f49511639c04b493ae5e2,c254a2db825f5fddd1c3a0698302b1c0,delivered,2018-01-29 22:25:40,2018-01-29 22:53:32,2018-02-02 02:41:09,2018-02-19 17:27:55,2018-02-23,28abcf9b44e61dc36117eceae48d4ce0,2018-01-29
167c7fa7ebae209de1dae58a0ff6569b,bd5a39272bd343c4c5bf68c7d25a3b59,delivered,2018-07-07 17:10:22,2018-07-07 17:25:30,2018-07-09 14:45:00,2018-07-12 16:52:37,2018-07-27,e9836fb6378d0a329f3b53b1cf479c3c,2018-07-07
a014ab9c0e9c112b791293dc9ec38320,1fcf84818399307346d0e48d203133b1,delivered,2018-07-15 19:24:48,2018-07-15 19:43:52,2018-07-16 13:37:00,2018-07-23 14:03:40,2018-08-08,615492e523c31c8d198fac0b9fa5ec72,2018-07-15
38d544a25d70fdf56f6630a9bcf7f82d,3d0ddc15f0b45855c923fe2881dd47ee,delivered,2017-12-13 21:01:12,2017-12-13 21:10:51,2018-01-25 00:12:29,2018-02-08 00:32:48,2018-02-08,8b18d86b5cfdb835098b504137eadce7,2017-12-13
35319046b2532d70a1358fb96310cc24,23527f840cb0cd645fce474b5da35280,delivered,2018-01-02 14:47:05,2018-01-02 14:55:29,2018-01-03 17:37:09,2018-01-19 15:32:37,2018-01-31,cd8da100e458acfd8a7c4b05212469a5,2018-01-02
15246ee2b24de92c7666519d10d4332f,b4b7da374cd717831c0f6d6b03b95a2b,delivered,2017-06-08 13:18:44,2017-06-09 02:42:34,2017-06-09 15:12:42,2017-06-14 14:47:04,2017-07-05,cc897bc108f9404a53b73166e7e63858,2017-06-08
5a2ffe78a231c1fdf9f1bc7c7897b592,3a246064ddae27a4682505668dadaaf3,delivered,2018-04-18 10:23:04,2018-04-18 10:35:20,2018-04-19 16:41:12,2018-04-21 01:12:08,2018-05-02,8abb6a57d164644cfad7ac6133723daf,2018-04-18
1676852853bb81a2a74bceb23c87ea44,7d0ff11552c535ce8179ab49b5f0838b,delivered,2018-04-21 17:56:07,2018-04-24 19:23:51,2018-04-23 19:32:56,2018-05-03 20:19:18,2018-05-22,b2d1929493cdc221883eba2f1deef82a,2018-04-21
99d738d6bfcf410fa6924ed854246917,80fca6556f3be9f3dfe121d9466c5acf,delivered,2018-06-08 17:35:20,2018-06-09 02:57:34,2018-06-25 14:10:00,2018-06-29 21:53:39,2018-07-17,d703e7f598bac5eb04f3ed395dba8b48,2018-06-08
90176c61fcf0cfd97a3e373c0375ec49,c3e716bfcf62d9dbc2016e2983f19401,delivered,2018-07-23 09:31:44,2018-07-23 14:30:51,2018-07-23 14:33:00,2018-07-27 12:59:41,2018-08-06,51169b8e8a78bb508f12797454b6876d,2018-07-23
f176a8c0c4ffb7157fbf436b5124819c,4cd315dd3593bd76bfcc693ca7e62f8f,delivered,2017-12-13 21:04:55,2017-12-13 21:14:28,2017-12-14 21:05:06,2017-12-18 16:19:23,2018-01-08,e09a070a8f268fa6d89ad1582602e53d,2017-12-13
3615f94f721a151022a1394e0917eb9c,2a20743119a6cf1759b4ab642bd825cb,delivered,2018-05-21 16:41:47,2018-05-22 17:36:58,2018-05-23 11:51:00,2018-06-05 20:56:27,2018-06-07,6517b093d7cc46b866f3252665aeb390,2018-05-21
c997b91dc02adbde398d66a919a15a81,016965c9f3a690af0314cdc8389c28e5,delivered,2017-10-07 13:59:13,2017-10-07 14:07:24,2017-10-09 19:28:01,2017-10-17 19:59:35,2017-10-25,bf59acdae64e9900fd93e4847baa1978,2017-10-07
9ac6f439f70af60a204c7d47285fa099,e7fa5bffe3dac4a255ededf0bdd537ed,delivered,2018-08-16 15:46:02,2018-08-16 15:55:24,2018-08-16 14:20:00,2018-08-21 19:55:34,2018-08-28,fd2c72747d288341705e63860fdda849,2018-08-16
277ab1e8a777fefb696951ae7750c810,d857da430914a545da2201e96e5bce9c,delivered,2018-01-28 18:04:28,2018-01-28 18:12:22,2018-01-31 20:07:25,2018-02-02 12:52:35,2018-02-15,d0e376592a3036444738ee6a426785c1,2018-01-28
2a9dc7b43e650c0c2279e001012b68a9,74c02bbb65c9c231f85c4301e52c6db8,delivered,2018-01-12 21:28:54,2018-01-12 21:37:28,2018-01-13 15:42:14,2018-01-19 19:18:39,2018-01-29,485f20bb274866913c1207d16162c98e,2018-01-12
bc603a6df45621ccfcc195300ccf8ad7,84d5fc6633f15d10448f21219fef41c1,delivered,2018-01-22 17:42:22,2018-01-22 17:54:40,2018-01-23 21:18:36,2018-01-24 19:25:11,2018-02-06,ff6a749412048de53e487708e585a0e4,2018-01-22
7a648e7b0dcf4e65e1348e16a245eca7,6bb872be660f753375ecc8ed90a1f99d,delivered,2017-08-05 11:04:40,2017-08-05 11:23:11,2017-08-07 18:31:54,2017-08-10 17:55:03,2017-08-18,c03197ab6a74c1cb976c078127366700,2017-08-05
2e528182789cc4e5d2971e5ebeb42b88,3f7906c5b247430e91ab5289a3a00e5f,delivered,2018-01-08 11:19:11,2018-01-10 19:26:20,2018-01-29 13:36:35,2018-02-16 19:32:37,2018-02-26,ccaecbd8d2de54f964007c413f2057e7,2018-01-08
e7a2b8d18d8cf1501a61b55d6f154346,b2b73aebcc6ff904481040b41f027359,delivered,2018-03-19 16:22:52,2018-03-19 16:35:36,2018-03-22 20:26:33,2018-04-04 23:42:42,2018-04-10,ab6aaf42564619459a1a07c05040fd45,2018-03-19
d957021f1127559cd947b62533f484f7,47227568b10f5f58a524a75507e6992c,delivered,2017-11-14 19:45:42,2017-11-14 20:06:52,2017-11-16 19:52:10,2017-11-27 23:08:56,2017-12-05,0004aac84e0df4da2b147fca70cf8255,2017-11-14
dcc0c6d219152ac96b033d223d08212f,95165bcc6f4da731e079580a6e477e17,delivered,2017-11-09 22:44:06,2017-11-09 22:55:53,2017-11-16 21:25:37,2017-11-21 15:34:07,2017-11-29,f620a1ac071a4759d296a339735307ef,2017-11-09
63b6bb683b45ebaf42d0979fae65ad35,16a08791568d43a59571ac6de887b34d,delivered,2018-02-13 12:51:02,2018-02-13 14:35:25,2018-02-14 17:04:57,2018-04-05 19:47:28,2018-03-09,25b41865a6b1e3f345f543dea12f923d,2018-02-13
880ef31ce18ff13a46bdd8d07e2ed86a,a18e4a6af6ed2d86ea103da9e4ca0c6e,delivered,2018-08-13 12:28:29,2018-08-13 12:45:11,2018-08-13 15:24:00,2018-08-15 23:03:09,2018-08-28,ef1a484b6655fcc6f705be98a903b791,2018-08-13
6e6d2fca0f4f65364f5ccdf30d6bd6cf,e6ff401ceb156bf40f826479646a6c43,delivered,2018-04-26 13:33:53,2018-04-26 13:50:52,2018-04-27 11:44:00,2018-05-10 20:26:49,2018-05-23,b4b93300c072e42f1d20c35e7ef81e12,2018-04-26
7a7ca02c6fd9b1c25e9452a6f56c018a,8d35d30d13d298189f5800e7be43739d,delivered,2018-06-01 21:39:31,2018-06-01 21:51:45,2018-06-04 14:06:00,2018-06-28 15:48:51,2018-07-17,2b84aa7dd6e854a4bc775fbc095504ee,2018-06-01
aac80fcf000ee1aeefa498cde2bd029a,06268eaf159395454efd7efe6b18095c,delivered,2017-04-03 18:04:29,2017-04-03 18:15:14,2017-04-05 09:47:49,2017-04-10 15:35:22,2017-05-15,93289d579072811f3202860b159a3c7f,2017-04-03
48445cae859ffeb0add84d872ed74192,1cfe83f86072c0597cde0a10aaaf7bab,delivered,2018-05-10 23:40:44,2018-05-10 23:55:13,2018-05-11 15:05:00,2018-05-14 19:29:28,2018-05-28,d4a5e9f19897de65433c9d97bf4b9f8e,2018-05-10
dac3a461489588cac0ab57343d625915,2602c389a85fd89b069f888e910bce3a,delivered,2018-08-12 16:16:45,2018-08-13 13:44:45,2018-08-14 13:54:00,2018-08-18 14:52:27,2018-08-16,787dbbc5b0dc8c8e599f1c4806da4f71,2018-08-12
85cc29ec13537a45485f0008fd8c1e0e,1084f56c3406a924197d7ce12c410cec,delivered,2018-01-24 18:22:52,2018-01-24 18:37:40,2018-01-26 17:42:11,2018-02-25 01:43:11,2018-02-21,44f0ee6c3bf46e4ea20aeccfef9b5e6d,2018-01-24
988c4ae9761f28359668d76b84b977fc,df08460daeba386017003beed23b4871,delivered,2017-08-14 12:24:27,2017-08-14 12:50:13,2017-08-16 15:34:36,2017-08-22 16:33:29,2017-09-05,8967e8af0d5f36e5706fb242eaf67a8c,2017-08-14
b63c4c6a266d6aa9a9eff6e38d566e85,e0df09301eb72eb304928306a86fe018,delivered,2018-08-07 11:01:39,2018-08-08 03:15:22,2018-08-10 14:03:00,2018-08-15 22:08:40,2018-08-16,2923900e7b03718557ce9a4bb3c1c52e,2018-08-07
56a5d2f61f9244d988bb47eddf41d2d2,4fd8067d665f555451b5787cddaecea2,delivered,2018-05-15 22:50:13,2018-05-15 23:14:11,2018-05-16 13:32:00,2018-05-22 23:18:25,2018-06-06,ee8a82aa67708572e19a41f800984ecc,2018-05-15
5c71702893e0335cb82b288f08cacfa0,ffb3857a7f2f2945434d57e00d0a97a7,delivered,2018-08-14 11:24:56,2018-08-14 11:44:21,2018-08-14 14:21:00,2018-08-18 16:38:36,2018-08-28,0b22031b7301f90e087b150d94a75ac0,2018-08-14
6d1d00752d412a243d22e2f6ebbbacd9,640cc066f62aebf3f02f10267b3b5954,delivered,2018-07-13 21:34:02,2018-07-13 21:50:13,2018-07-18 11:24:00,2018-07-23 18:25:29,2018-08-07,8eb54bbb77e7ed209d1c98cb9d05cff6,2018-07-13
c216922ad3d667fb17d7c7b6843efaab,55720455a62e996f16d67a65128746bb,delivered,2017-03-05 19:51:44,2017-03-05 20:03:00,2017-03-09 11:42:04,2017-03-13 14:53:37,2017-03-27,9e0de2663748a644d79b37d5d9bdec1f,2017-03-05
af70a5f50d99c3d85f9cc17bf5a854f3,3c720a2a22c2eba7ff0d538c9bcf192c,delivered,2018-01-10 15:01:27,2018-01-10 15:12:35,2018-01-15 15:22:49,2018-01-30 16:04:43,2018-02-07,926f5fb77920912ef4e913f8614363ff,2018-01-10
e9b2cb0a38d314b43c032af4010cadc1,70227fdbc256208d5b86fe16aced397d,delivered,2018-01-10 17:19:35,2018-01-10 17:32:03,2018-01-11 19:35:50,2018-01-12 15:16:40,2018-01-29,974031adca0845cb59b0b4d523af091e,2018-01-10
cdec249ae04873faf01079ca265d7f9c,03b5f0e2f1c1973f3320bb65f511d2cb,delivered,2018-06-08 11:23:13,2018-06-09 02:57:19,2018-06-18 15:15:00,2018-06-25 14:32:53,2018-07-12,d88f4b2f9dca3a7a48d28829f0da52d1,2018-06-08
fdcb3d84b078ed61f1432f41e60e6aa8,daf556572d5a32abdf0ef68f7a9c3d10,delivered,2017-10-17 16:34:11,2017-10-17 17:11:24,2017-10-20 18:58:38,2017-10-25 23:58:00,2017-11-14,ecdbc4bf2201c807294c7d8c4b777032,2017-10-17
4ff30df8edae6cbf204b92a93c0b5e0e,2a8d142acdfbec6ed74798ccbdacf3d5,delivered,2018-03-20 00:27:35,2018-03-20 00:40:28,2018-03-21 18:39:40,2018-04-03 23:56:32,2018-04-11,571bc5de2aaee849bd60106d118f5644,2018-03-20
a29603735d5063717c14b5f074b32c99,97ed56dad658b6e439d45f3c723167a5,delivered,2018-06-30 12:01:58,2018-06-30 12:15:14,2018-07-03 10:53:00,2018-07-05 14:24:37,2018-07-23,6a3edd2377ba1aa40011d210291498bf,2018-06-30
2ca9036cf880a76f0a41894ede902e55,d3a6b2cfce40a4817ca0224808197e58,delivered,2017-07-12 15:40:39,2017-07-12 15:55:10,2017-07-15 14:04:36,2017-08-02 22:39:51,2017-08-09,514f2a78d07928478ac9212b21b7acbc,2017-07-12
3951f9e91b0d3877585a147e9c3b2aa1,321ff1033f523be92f5456a7371ea577,delivered,2018-05-02 12:29:10,2018-05-02 12:55:18,2018-05-04 13:47:00,2018-05-12 16:46:41,2018-05-18,0a41c6ca0bbc84aff2106bca15f5c94e,2018-05-02
6ef2a7cbf8c6fb24f0acb656c756a44a,cf51d3ab484330d9c266cd7e83fa37df,delivered,2018-01-02 20:22:59,2018-01-03 10:29:27,2018-01-05 18:49:08,2018-01-11 16:15:45,2018-01-30,71467d5d06f7066227fb1d55fe2a853b,2018-01-02
b1a3ef26d011b2ef46b8787429aab2a8,1a3be802bda931a4f7b09c60125d2e91,delivered,2017-07-12 23:21:28,2017-07-12 23:35:13,2017-07-18 14:22:10,2017-07-26 18:37:56,2017-08-07,80356b964d3d434b3174469b3478b324,2017-07-12
721c8ce6d70e0d7c73d0d0ec262b09bd,95392238094a3a79b527b5f760130af9,delivered,2017-02-20 21:54:03,2017-02-22 03:15:12,2017-02-22 12:50:25,2017-03-03 12:54:08,2017-03-21,0559a73000c8e1b9a50beb5441ef6046,2017-02-20
ec00b687490dbcd07e98596ae801b8cb,48c3645c3cb96f63683293693a6df1ce,delivered,2017-12-12 19:08:00,2017-12-12 19:18:28,2017-12-13 23:19:28,2018-01-04 22:16:23,2018-01-17,6f425cc7113d8bc82b81e7495bab5fe7,2017-12-12
8554cb37f7158cb0b082a841d24a4589,788e845925ff64c9df5d8ba40e28cf50,delivered,2017-09-01 18:40:44,2017-09-13 21:58:04,2017-09-04 19:12:19,2017-09-08 20:07:45,2017-10-02,fbd4d7e33bef85ee6e10995ad94ef88a,2017-09-01
6e163fdf1ba2f182f3a922e26d690c09,4083d0e18e1e6e07db7707782f01a4dc,delivered,2018-01-23 12:10:11,2018-01-23 12:29:59,2018-01-24 14:03:58,2018-02-01 00:32:02,2018-02-22,4d44ad414848e6e8335235959aa15b32,2018-01-23
20e7aeef769c8bce239b914e5cc7c48a,3a244dad3b1bdb9cbe87b7572a55b654,delivered,2017-12-04 21:35:22,2017-12-05 10:30:53,2017-12-05 18:59:14,2017-12-07 15:09:16,2017-12-20,933e593e4b63129468972275cd29656e,2017-12-04
3236502189f81db24c16f560eb9249c4,e472becff3624bda2b143a3b3ba40c2f,delivered,2018-02-14 23:52:14,2018-02-15 00:47:20,2018-02-15 18:45:01,2018-02-17 09:26:47,2018-02-23,be5894c80cb0c8a427ff9bcc9d5b3893,2018-02-14
8a6d43f80f46382ebf68f93d7569363a,bcc08de654149b47db809b0c8fb22269,delivered,2018-03-09 15:37:58,2018-03-10 03:50:33,2018-03-12 23:38:43,2018-03-16 17:59:01,2018-03-28,6bf1dca427c31d3beedb469c3d3ffed1,2018-03-09
43b29d0de4927fa24f56341687c9e06e,acaf6410aabbc2e292355a66dd2b38cf,delivered,2017-04-21 18:10:10,2017-04-21 18:21:46,2017-04-24 10:42:00,2017-05-15 13:44:36,2017-05-25,f6b05295c28d5b6a48f53045968b91f9,2017-04-21
f7059c86772ca15e9640e43be7c31fb1,63245dac879daaff3b3a4e5e6f5946aa,delivered,2017-10-04 16:29:59,2017-10-05 03:07:19,2017-10-05 21:53:37,2017-10-09 22:05:05,2017-10-31,e4419ca71e493f57fce5809d2039e9ba,2017-10-04
0749c0c521a53f4a99f4c7be0d92df95,55439d42edb27419fd91de6c518aa06c,delivered,2018-02-28 12:44:18,2018-03-01 07:08:36,2018-03-08 19:50:56,2018-03-27 14:49:15,2018-03-19,8552bdf3cbc4dd9a9da04139f9a2aa5a,2018-02-28
4528d2df0746ab4a83a886d17f66a9de,743f8a089b90659ceca3d124851fec56,delivered,2017-10-11 15:47:38,2017-10-11 16:07:00,2017-10-13 20:09:02,2017-10-16 13:47:11,2017-10-24,fdcf4139f50f370c91e8b8f33adde2a6,2017-10-11
3629e2c183d64e30de63e3bb23b00ade,210d92265b5558103e2c92484d769037,shipped,2017-04-08 12:40:19,2017-04-08 13:10:16,2017-04-11 12:17:23,,2017-05-02,a02930a31c661f6e9d26336b27a6bd92,2017-04-08
a7236413cd736310eb6cba19e4f4c3d8,ae0385f6057d8cb0b9b9ff02285be0b1,delivered,2017-05-29 14:42:26,2017-05-29 14:55:18,2017-05-29 16:16:46,2017-06-07 13:47:42,2017-06-26,d02c24c80c0dcdf22cf585b206dd89cf,2017-05-29
ce2667764bd01eec8aafd6f09282c9cb,7f496439f95f7f7e21190c2a682db377,delivered,2018-02-05 12:09:09,2018-02-05 12:29:47,2018-02-06 23:57:47,2018-02-16 18:23:14,2018-03-02,12c5d24b9c758bbf4298c59d99746513,2018-02-05
f200b8f0491708e277a34c5ba941c5fb,0ef26842f4a113476d65b0efaaea83d3,delivered,2018-08-06 17:59:30,2018-08-06 18:15:11,2018-08-07 11:57:00,2018-08-16 19:31:28,2018-08-20,53d8755826278070b6744540b82dbd54,2018-08-06
f981f066bfdadabcbba7c2dc9f076303,dc21eb3a96b071672dbe53873234d108,delivered,2017-07-13 20:15:15,2017-07-14 20:23:44,2017-07-19 16:44:51,2017-07-25 19:25:29,2017-08-09,639c8c51b4348d2191e8fc324e7f6b9d,2017-07-13
4c82feb16c97c5a06a2ef8df484892c8,12088ac6ea84edd4538e734343afa548,delivered,2017-07-23 17:56:04,2017-07-23 18:05:23,2017-07-24 20:46:05,2017-07-27 21:43:34,2017-08-11,1fee762ebae5544106caeb123d30b9b7,2017-07-23
5e2f728756528c53b5990e00b132f187,617ccd5f507624d9e0a0ba40f21d0895,delivered,2018-01-28 15:55:56,2018-01-28 16:10:41,2018-01-31 18:12:57,2018-02-07 00:22:52,2018-03-05,3f915483f465fd1db2736065b0295d37,2018-01-28
299e8d399d78b7abc915b3d059a6c712,42eeec63715bcb9b24e4ecb9e0801b27,delivered,2018-08-18 19:52:16,2018-08-18 20:10:08,2018-08-21 15:56:00,2018-08-27 15:07:39,2018-09-04,9d73de168a875e7b337f3d8bda8e7d7e,2018-08-18
39dcfe88340a4cc89c897eb4b34f80dc,8cb692e725ca4ea31a40a14fc64725a0,delivered,2018-04-28 12:10:34,2018-04-28 12:30:18,2018-04-30 14:07:00,2018-05-03 06:58:50,2018-05-21,f42e096b3e15d40ccb45673e88a0c134,2018-04-28
8a30e60c68df3fd5ca4cd1070083c3f8,2960f5e24b6f226a7a6b0434a0d9dbf6,delivered,2018-06-06 18:03:53,2018-06-06 18:15:25,2018-06-14 08:48:00,2018-06-21 21:26:38,2018-07-17,95deaf97fc4caf2b145b531ed35e01d3,2018-06-06
7e054f9f05a6b366eaf1fe25293cfefe,b69bbfdbaef0318db83e5351cf4a3059,delivered,2018-06-12 16:50:23,2018-06-12 17:31:34,2018-06-13 14:11:00,2018-06-18 22:38:55,2018-06-25,35a09f081453dbbd3859516c125c22aa,2018-06-12
bf3aac7b998a34f5bc14f646652e7bed,97ba7ab5636b3e4696989ffb223ff95f,delivered,2018-07-03 22:31:17,2018-07-05 16:22:47,2018-07-04 14:05:00,2018-07-07 12:54:50,2018-08-08,63ec546088a2719f707653ee572c9ae5,2018-07-03
cbee613df3011873a6857cb4762348ce,8d442e7b48b54d59dcb3f44ea7bed72d,delivered,2017-12-26 10:35:51,2017-12-28 02:35:52,2018-01-05 16:39:11,2018-01-10 18:42:47,2018-01-22,ea2ed024f2127b09bc5c2dccde8caeab,2017-12-26
00cf47526e0f7920b381b2baf4ecf1c7,1563bfe4b8d21ed87a2dd20cb1fae1a7,delivered,2017-02-09 13:21:46,2017-02-09 13:35:21,2017-02-10 13:27:09,2017-02-16 10:34:15,2017-03-17,5883c17380bc970921a6c79ee2ea51ae,2017-02-09
c9ca2756f9123246e7feabce15ffac4b,aa36774d9e3055c3dfece350882e05e8,delivered,2017-08-28 08:04:37,2017-08-28 08:15:20,2017-08-28 20:03:45,2017-08-30 15:40:10,2017-09-14,0faecf7e45ca66626609969d6e1cfd69,2017-08-28
306c38865a76ef1bcf4c98ed5f235673,9a257eee27282e867628ed2c04b03cf7,shipped,2017-09-12 08:41:07,2017-09-12 08:50:22,2017-09-15 21:07:34,,2017-09-25,e3a5f5b4b49e11631edd27a9c6e2f5f7,2017-09-12
b336214a092c49699b59cfefc4b19ff1,97e126f19a6f04b3462619f36862bcd2,delivered,2018-03-21 14:15:40,2018-03-21 15:30:34,2018-03-27 17:04:02,2018-03-31 19:03:35,2018-04-03,d4397835ae287e492b186d497099439a,2018-03-21
1d54af1bf3179b54f046212de28f8bc7,0ab303f6065bc9bf8d4ff5a56cf5c52e,delivered,2018-08-09 08:37:26,2018-08-09 08:50:35,2018-08-09 08:33:00,2018-08-17 21:03:54,2018-09-05,ac58eba11e279c14834de56ed444f791,2018-08-09
d0c6b8ee36354c87e501cc93b88dc057,6e68b6dc067250f47b8fefde703ba5fa,delivered,2018-03-08 18:08:03,2018-03-08 19:40:29,2018-03-12 20:48:30,2018-03-29 20:12:20,2018-03-26,d12ef695902d1605c90d4f76e238d241,2018-03-08
bd443caeb1873dd616185acf5162d26c,07442d34d7859515951ba034f7e61a16,unavailable,2018-03-21 09:23:07,2018-03-21 17:08:52,,,2018-04-19,33da82c72ed0a42729bfc5473c0285b6,2018-03-21
9d3da528dc19e8ac4ad42ed097e8d065,1dce06e9d27c9c17cce1a77ba6a3335c,delivered,2018-07-05 18:35:51,2018-07-05 18:51:02,2018-07-06 10:39:00,2018-07-13 18:21:34,2018-07-31,742178300a25ff7f0ad77aa683a576d5,2018-07-05
a266e0f988a0cf8c1fbbf64e0687ab26,5047508baa0da949a7e0d1cf934996d0,delivered,2017-11-10 11:57:49,2017-11-10 12:10:49,2017-11-17 20:28:48,2017-11-24 20:16:59,2017-12-06,e6b8e7c4bd686ffec36d3f8e0a301040,2017-11-10
60f9a8bb9a63c3a3a0a57eedd90f1536,441a64d207dab5faa2b66a381d759148,delivered,2018-03-27 15:44:50,2018-03-28 02:50:25,2018-03-28 19:11:04,2018-04-09 20:49:36,2018-05-02,e30ccb93517415848f88f5d9ea92cd49,2018-03-27
8048f4c2213c7ef433ffc4c00e017c14,ca4a9301e34a44b3ecbb78fe6365a568,delivered,2018-01-30 12:01:37,2018-01-31 13:32:10,2018-02-02 02:21:34,2018-02-07 21:22:42,2018-02-21,5e9e68211feb717252f7f173defa6406,2018-01-30
d6facb241e387bcff2026c6cc25eaf68,770946d4994fac90f3b62e650bcd9670,delivered,2018-08-06 15:08:45,2018-08-06 15:24:44,2018-08-16 09:28:00,2018-08-21 00:41:16,2018-08-14,dedcaadfb4f32c9a0e477f198645aaa3,2018-08-06
d6a4e0f6f17d5eda710c204339ec6e51,79cfb6b5779aa070da07c2e5cafb7bee,delivered,2017-07-12 17:21:23,2017-07-12 17:35:10,2017-07-13 20:44:39,2017-08-03 18:48:19,2017-08-17,ddab48f8db8e904bfdf150aad88ab731,2017-07-12
ccd6dca45b65f311ff32ed8fbfdc1efd,47594e76b02dbddd84852fc6ee7488b6,delivered,2018-01-22 19:14:06,2018-01-22 19:36:20,2018-01-26 21:58:43,2018-01-31 14:56:49,2018-02-06,43714f2590bcb9f935ae68073d6c34f1,2018-01-22
292171c563ccd92b1a575a2dc05e162d,a281d16482531425182bf9c3eadf5bd6,delivered,2018-01-08 10:20:43,2018-01-08 10:29:20,2018-01-08 20:19:17,2018-01-29 14:29:03,2018-03-01,8d3bd6b5becadb64bc3adcf4c546d2e5,2018-01-08
69667b3cf01cc08504df14966a6b587a,cb259b37d86274f7e0456078a08a936f,delivered,2018-05-10 00:37:50,2018-05-10 00:57:09,2018-05-11 08:43:00,2018-05-17 01:19:35,2018-06-01,70b74561278df139c3b0554de10e3636,2018-05-10
57274bbddd47fb5bf2f1d08edb906d18,21cc11c6a283e71268806215502a8ec1,delivered,2018-06-20 15:00:32,2018-06-21 03:17:28,2018-06-21 15:14:00,2018-06-27 16:33:29,2018-07-20,f721d30042ad899068b1cf9cb825e838,2018-06-20
c4ca4450ac2974ba5eeb4832b7ec724a,314a2d71cc565d90ca1715dcb8bd336f,canceled,2017-05-12 10:28:30,2017-05-12 10:42:45,,,2017-06-05,cc14ea7099959d91a17c9d7c3a46721d,2017-05-12
f40f7c7b33563806cf705cb088c2cbd3,154930c28c2d109634219d99db20c23b,processing,2017-02-05 18:11:48,2017-02-05 18:25:09,,,2017-03-16,b3e4580ea75733540a3fd94cde5ced67,2017-02-05
f71640d90e6e9a31928e18730dbac95c,9ec3bc2615120af90c75c1cc7bc4fa81,delivered,2018-01-08 11:10:20,2018-01-08 11:16:22,2018-01-10 22:34:25,2018-02-01 17:22:03,2018-02-09,18fa322e53ceade98155520fdb944c47,2018-01-08
b41615b1708e1ff9df91b0cd0f6fdffa,2fe77f33727918b1d8fa3e990d4967ac,delivered,2017-09-28 17:34:28,2017-09-28 17:49:35,2017-10-02 18:55:57,2017-10-10 20:02:46,2017-10-24,a8d95ffc88bf3c18e35a8b2de2f04bda,2017-09-28
1ad01a793bf3c9b8c126414f162a6a0d,6e618be27eebe83f66877c4ffaec199d,delivered,2018-08-05 19:30:49,2018-08-05 19:45:11,2018-08-06 14:13:00,2018-08-08 17:38:50,2018-08-28,fd5974ce5709062417dd51122ae7f102,2018-08-05
b866af202be0692766081310cd4085e1,d1800078046ed2e5ae1b0792b695c56e,delivered,2017-01-27 14:59:17,2017-01-27 15:30:46,2017-02-20 02:32:08,2017-02-15 03:53:46,2017-04-17,64fbafb2935c7a2588d6a26a9d750487,2017-01-27
1dab0c0287080d25e4e38d906304268a,3ad9b31f1c0e0abed644213c14a50deb,delivered,2017-06-19 12:29:14,2017-06-19 12:43:05,2017-06-19 20:11:47,2017-06-28 14:03:44,2017-07-11,3d82e773ad2655ecee210df7fa726354,2017-06-19
ad9c035288b84041ed2c530e8e09db8e,c144ae806d6a6daa786935468826bd0b,delivered,2017-10-06 11:41:20,2017-10-06 11:49:46,2017-10-11 10:30:15,2017-10-24 22:11:34,2017-10-30,530039bddedfeb2fe5a1be83340b8cd6,2017-10-06
37944c14b9384f4494476b8979f9d0b3,77dc6dea7e5d08bfea0c98b5b377032c,delivered,2017-02-04 21:58:59,2017-02-04 22:10:10,2017-02-08 11:05:19,2017-02-17 10:41:47,2017-03-08,369c7fee937c898dbc71fde81c0ed4a4,2017-02-04
12d9723638a09350ec19ea8d66073249,13d6935a154e88a19cec61280ff67217,delivered,2017-09-01 20:05:31,2017-09-01 22:25:46,2017-09-04 20:51:14,2017-09-11 19:37:55,2017-09-20,4e1f2e23a272511f68adc3139f081291,2017-09-01
3237491ee1f51f346e175b2dc581b734,020f4af7eeabf986e31eb7ac4c6597cb,delivered,2018-04-28 13:22:03,2018-04-28 13:34:33,2018-04-30 12:49:00,2018-05-03 15:32:49,2018-05-18,55efe0d41e47d41465ea4fb5f8badee0,2018-04-28
4cb8dd7ed38c78241066cdaa289811ba,250dfa98c84cdde19347af0428388a8c,delivered,2018-03-15 22:07:54,2018-03-15 22:32:07,2018-03-16 17:51:50,2018-03-26 15:51:46,2018-04-03,0129d48dce554d95f641d01eaa88904a,2018-03-15
e7936a401afbee6c79803b3b554392e4,17213edc4e246e6c681d74dfa9c8c38a,delivered,2018-03-10 13:21:46,2018-03-10 13:30:24,2018-03-12 16:40:51,2018-03-15 19:12:44,2018-03-22,0c9083d14fa82a03227143720c98e3dc,2018-03-10
607eee584aa2eb64b8e9464c5e590efc,9b3879ba197eaf4fad695002924c353e,delivered,2018-02-24 19:47:16,2018-02-24 19:55:46,2018-02-27 17:44:31,2018-05-04 20:32:36,2018-03-23,8122e15fce36d529095c4a544cfb422d,2018-02-24
4c907885e2378d72e669a15367eddd7e,f4e93290ffb2b56c8820d4fcc4cfd00b,delivered,2017-05-18 02:11:37,2017-05-18 02:22:55,2017-05-18 13:02:27,2017-05-19 15:47:34,2017-05-31,9454d2cbe5e471d051a3e90f7342e637,2017-05-18
8e3c9254e32eaf71c2212f6cebdc24f7,873bfa2a703bc5d760b93ea19968b098,delivered,2017-09-06 11:44:23,2017-09-06 11:55:21,2017-09-08 17:41:39,2017-09-19 18:32:33,2017-09-29,dc44f10ea637e0a1bb5b67f76654c882,2017-09-06
fb75871974a19244a87fcafde416f747,4e46d8da3f58d1c99839a534603f28b8,delivered,2018-04-02 21:49:10,2018-04-02 22:09:39,2018-04-03 22:56:51,2018-05-02 14:40:48,2018-04-30,3e7ac88fcebf632fb01dd58bd3522ea6,2018-04-02
8f72f1ad07895bd823ba96b580936a1f,754582123dc2d1d268954366598a1e51,delivered,2017-02-03 10:15:40,2017-02-03 10:25:10,2017-02-08 09:54:31,2017-02-16 13:13:10,2017-03-14,cbfca226fc1298a6202b116c5148ac44,2017-02-03
91079b156c39889cadb92d6465aeb0fe,d738a387081b0f1888371eb48c490e2d,delivered,2018-03-12 17:56:57,2018-03-13 17:55:39,2018-03-14 23:54:26,2018-03-21 16:44:48,2018-04-11,bfd9dff277827aec089fc62b402f1de9,2018-03-12
ab4d923f0c19b1189d542b64352de060,1c0e9715c380fa64e78e153642be4d68,delivered,2018-02-12 13:28:52,2018-02-15 03:51:29,2018-02-23 22:05:34,2018-03-14 17:16:27,2018-03-12,34300cecbdb5c4d59da7bf2402413914,2018-02-12
db1a0dfa0be98703ab2c735d2acbffb1,8bbdb1412355def8cec751a5632cf0f4,delivered,2018-04-06 16:41:40,2018-04-06 16:55:31,2018-04-10 16:32:34,2018-04-27 18:32:55,2018-05-03,20965d8b54b7fc42a6f2ff4036cab368,2018-04-06
a4244008bc97ae9cdc3807237fa83229,e45faa95f70de28f25dcf2ce74f64339,delivered,2018-06-18 14:28:22,2018-06-18 15:01:10,2018-06-20 14:10:00,2018-07-03 17:38:49,2018-07-24,a5ad2403eb313ee26919d8a3ad85448b,2018-06-18
bea1ab5c0fe7913f170dd7e82e53dac4,8463eb1c27b6661566237aec63c3ede9,delivered,2018-08-15 15:18:12,2018-08-16 03:24:07,2018-08-16 14:46:00,2018-08-17 22:51:33,2018-08-27,d5247fb0d8e7aa1ecdd9267757c329d5,2018-08-15
2f58cd82a10607b002725193afe913f5,fc618ecfa7879ba8f15a0b1975f15670,delivered,2017-03-14 09:53:26,2017-03-14 09:53:26,2017-03-15 09:47:51,2017-03-20 08:35:19,2017-04-06,d1b7bc4f0e2414db25f35ac000960107,2017-03-14
123609d09763b3bd86c2046f54b391e6,b00f783912a7d0c7499f43d21afe63fb,delivered,2017-08-26 00:23:01,2017-08-26 00:35:25,2017-08-28 15:47:35,2017-08-29 16:00:09,2017-09-08,b76911d7dc085c86b643917f728b1d1e,2017-08-26
fe1466a3d7546b7ae29bcd953b472339,06e663beae776e2f679ae6d7ccfd222e,delivered,2018-04-02 07:06:21,2018-04-02 08:29:02,2018-04-02 18:56:33,2018-05-16 19:55:39,2018-04-24,894deb85f65143798b77055b57293c3c,2018-04-02
49df58eca26497b2af5a5685006f9615,20beaf3319dcb7deec6ab4db1e559e8d,delivered,2018-07-12 08:58:26,2018-07-12 09:10:16,2018-07-12 13:58:00,2018-07-13 23:51:39,2018-07-20,f00feb2d02bbc58957ea2cd1d9b4f815,2018-07-12
ba1cb152ffbff7aeb5630aceb9b6d212,ae514a3a680d817b98d83f750b1a5ae9,delivered,2018-08-06 09:53:27,2018-08-07 04:10:24,2018-08-07 12:37:00,2018-08-17 18:37:45,2018-08-23,f999abea6accb27e6a6f896f277894c9,2018-08-06
2bdb1ceae8421ac97f2d12683e1bd495,7247470795644ce2193f5e3156ce74bf,delivered,2017-11-30 00:27:19,2017-11-30 00:37:27,2017-11-30 21:56:35,2017-12-18 19:28:54,2017-12-28,e4011eaed658a0d0905b0157ae406643,2017-11-30
cc585bf1df31232b1654bde95ef0730e,3fee10e96b1e1fc1a04c37d8bbe41fdf,delivered,2017-02-04 10:06:56,2017-02-04 10:21:40,2017-02-07 09:13:32,2017-02-08 15:48:48,2017-03-01,dca9c7a7a48f810e182317ebd1ec916c,2017-02-04
218bc576cc67d1b76c855f861eb24bcd,a64528d4c047cd670cfe7fd2dcda67fd,delivered,2018-04-15 12:53:24,2018-04-15 13:10:27,2018-04-17 17:41:50,2018-04-20 18:38:27,2018-05-09,fcecce72bd0d8b335a86ab93b1fc72da,2018-04-15
41fd6d7314a043c3efb80fa61af305a2,9948a62ac22601e8e6bf9708ced72df9,delivered,2018-02-21 07:41:25,2018-02-21 08:30:29,2018-02-21 21:29:23,2018-02-27 20:41:37,2018-03-19,444afd392665f1cc1f3b65ec48063735,2018-02-21
b624512c534133dd5a23c9a1acb8e2b0,e7874858d0f02ac36d9d31fe810617d4,delivered,2017-10-09 20:30:25,2017-10-09 20:49:42,2017-10-11 00:38:01,2017-10-17 18:13:46,2017-10-26,cd8286d1ab3e7c9b7086ac633bcf801d,2017-10-09
d82cef48824870df9946d57e827ed727,500bbe66867d0f0bdb3531af1e052b4b,delivered,2017-01-05 14:33:39,2017-01-07 03:44:20,2017-01-11 16:09:06,2017-01-16 16:44:55,2017-02-13,f7be9bec658c62ab6240b44cd26c0b84,2017-01-05
a0c370a65210b6a6e739cf8e302b9c77,753fd6ea5bfbdb42323563c2ce2f9003,delivered,2017-12-03 11:13:17,2017-12-03 11:32:05,2017-12-06 21:27:33,2017-12-13 21:07:40,2018-01-09,49c3c5a125938c3fd43ef3ea7c249a1c,2017-12-03
df4f48842246425e222577200fdb0af3,a7077339054de9a29d5d10d1e4dc185c,delivered,2017-11-30 08:32:04,2017-12-01 11:31:05,2017-12-05 21:22:09,2017-12-19 12:42:34,2018-01-02,71c5139f336dd5af24b6ddd97683be54,2017-11-30
448645ea240ea7aa0dcc61d2cad9eb5d,f13fded6c65a073bdbfc42663acb4e1b,delivered,2017-11-14 12:43:37,2017-11-14 12:56:06,2017-11-27 13:20:13,2017-12-04 15:52:14,2017-12-13,07f86fccef0c7a352cc0d552eba79a71,2017-11-14
654805da7796bdc6a5d6811537bdb39a,9b5af511b8833b20a6e0299008c8e7ce,delivered,2017-05-31 18:30:03,2017-05-31 18:42:32,2017-06-06 11:33:34,2017-06-12 14:59:29,2017-06-23,778f2946239eb914336e48f25fd807d8,2017-05-31
b29403efd8bacde6cfde49d511ada5fc,afa8c5e2e861d880271bf62d022b0525,delivered,2017-03-07 22:15:34,2017-03-07 22:25:18,2017-03-08 12:12:24,2017-03-15 10:24:50,2017-03-30,aac78602744cb3d7827611de8c3b04c5,2017-03-07
3d308f2c115e6931c3ca351c4fc35ae3,76f873d7c71e9afa58a61ae43e5ebed8,delivered,2018-02-22 22:03:15,2018-02-22 22:15:32,2018-02-23 23:28:36,2018-03-02 22:28:54,2018-03-14,97bb442ddc3c15506087782ced18e929,2018-02-22
3a8956c9e01ad44cc4b5c15137438d41,90432db975af17615634093966472017,delivered,2017-11-17 00:17:35,2017-11-17 00:30:48,2017-11-17 22:22:42,2017-11-24 23:06:48,2017-12-14,9980291d85be337ac289b076d64bfa5d,2017-11-17
ec5762f3473496f1c03e6c970c46518b,6704402801c7e587ab790c128a619a40,delivered,2018-05-03 16:43:44,2018-05-03 17:31:29,2018-05-04 14:40:00,2018-05-24 04:52:48,2018-06-07,b0ab6a589a96c680cefc4a0d41c3d3dc,2018-05-03
dfdea30e22de87f0d4db667ee078825f,3e03d4153f402a107117e6eb0bab7ec8,delivered,2018-02-23 13:01:41,2018-02-23 13:15:43,2018-02-27 16:08:06,2018-03-19 22:48:39,2018-03-22,eac46d144f4593759db4fd029f91f6cc,2018-02-23
525ef5459736975ad3586bef388ea0f6,4543b7479c6d4c5d2a40900b26791211,delivered,2017-07-27 12:22:59,2017-07-27 12:30:16,2017-07-27 18:17:54,2017-08-01 21:09:14,2017-08-30,69a43b90b7f45f07911d140b61da311a,2017-07-27
43d0e984f7e7256bce2b8f15fdfef0dc,1575a1538d2879dce4c6c8669c661ed5,delivered,2018-06-24 21:46:56,2018-06-24 22:13:46,2018-06-25 13:12:00,2018-06-28 14:47:23,2018-07-20,b3c720e51f24e70b2d260f4cb108d20e,2018-06-24
1b760c8f4093bfc9fe9df789a58c5554,06ec6c3121f033000bbb535a2e10b8c0,delivered,2017-03-06 16:23:20,2017-03-06 16:35:16,2017-03-07 07:42:06,2017-03-17 08:11:48,2017-04-06,edc92f6395a526f395f9d242aedd2bdb,2017-03-06
e18f0fd2df4f25844746735c988bf005,9d9087fa1778208535484ce5ecf69f70,delivered,2017-08-02 19:59:40,2017-08-02 20:15:16,2017-08-08 14:38:28,2017-08-11 18:39:27,2017-08-22,bc0d7bb032bbf422fc74bb279c47de1e,2017-08-02
88a508c1d26ebce186f2488575a1a3f0,7e81c56aeac78d84cd3d865a23c87ffe,delivered,2018-05-14 15:42:18,2018-05-16 03:15:06,2018-05-16 14:46:00,2018-06-01 16:49:50,2018-06-04,505e798a7dfd411c2735e3d56aa1f684,2018-05-14
d762e245b7d93fe1fc56d6ed89782027,b68970b1f72d8c9bab15252cd1f69094,delivered,2018-08-04 11:44:26,2018-08-04 11:55:22,2018-08-09 13:02:00,2018-08-14 19:16:48,2018-08-22,04ae0d3a4945863f5612f80fb3cb9c6c,2018-08-04
ec2738d1b8cdc75fa4c9425432f5053c,3f9c2ab2dba880b58557d8bc27f43da2,delivered,2017-06-19 01:46:34,2017-06-20 11:35:25,2017-06-20 13:19:36,2017-06-29 07:03:50,2017-06-30,07319d7b7677470c57d132ed034858ec,2017-06-19
5e1c7d900683c3752dcb5908d72eed78,3032b22c601697f4792cc92d2f434cc2,delivered,2018-01-22 21:07:55,2018-01-22 21:19:30,2018-01-23 20:45:06,2018-01-29 23:54:53,2018-02-07,785b7c11923e39571465146924a3bc9e,2018-01-22
53f260008dbb42fdc2b7a59b451f20d3,2846f353d08aedca3393a089ef1e3841,delivered,2017-07-17 04:13:14,2017-07-17 05:20:15,2017-07-19 01:17:30,2017-07-26 18:04:04,2017-08-04,223d9ab31c9b99ffdafe1a949e1e1750,2017-07-17
c0c191eae0abb3ed5ed5a5cfd5879a35,09678fa7223b533a073bdb09189826ae,delivered,2017-04-24 17:42:25,2017-04-24 17:55:15,2017-05-11 09:03:10,2017-05-26 10:34:57,2017-06-07,5b806c2f8936274f896a37acb4d09a63,2017-04-24
f8a3dc81761d2783626d9deb2dc55088,cd016e415a90516d06178e876e57a734,delivered,2018-04-20 21:44:04,2018-04-24 19:00:41,2018-04-24 17:07:44,2018-04-27 18:42:00,2018-05-11,6149c170ffd63d39b687f9c8632c2be1,2018-04-20
fff2cdc825f9fc0ba3c04227cfa02303,9c18c06ccf9b2fafcc5f956c5b145212,delivered,2018-02-02 10:28:41,2018-02-03 02:52:42,2018-02-08 00:26:55,2018-03-12 17:08:53,2018-03-06,a588b12c755bd175e41e7965e94162d2,2018-02-02
6d9bd9b4caa7d961a6d31427ad0e557e,9e20ebbaa01f591ef3b9bc4018100d70,unavailable,2017-11-24 17:45:10,2017-11-24 21:12:54,,,2017-12-20,19046f948d6229d3152989f959827c99,2017-11-24
c41156a66829f82ecae077059c6ec307,12b16a48c796ee39d12b58170a6cf178,delivered,2018-06-11 23:08:58,2018-06-13 02:18:55,2018-06-13 11:46:00,2018-06-20 18:54:21,2018-07-12,c4b47c3b73905a94620a5147b4acd317,2018-06-11
bcafe5369145806f5c012da26c496a39,e283e924531a3ed4cfea8c4bf3b680e3,delivered,2017-09-07 08:14:06,2017-09-07 08:25:17,2017-09-11 15:47:34,2017-09-18 20:27:28,2017-09-27,5983e972a92ec909a1c8ac2f75700c2f,2017-09-07
f586f078b428a8fa67820e1606760010,8aefefb66cb5293d6193a83ee009ee1e,delivered,2018-02-23 17:04:14,2018-02-23 17:15:39,2018-02-27 20:42:46,2018-03-08 11:56:30,2018-03-20,857407b654ea79a14312009abc66d6a4,2018-02-23
5666230c6a680634960e0ad521c2e964,4ef52e0e0e85972d96726c34f066ca06,delivered,2017-02-15 01:47:10,2017-02-15 01:55:11,2017-02-16 09:22:53,2017-03-02 16:57:52,2017-03-16,def2ac0ab46bfbc78244f5fe9252ff21,2017-02-15
8e8b51e17eee9ba8af38266e4c242549,d8680d7af781392083d4255c8e19379f,delivered,2018-02-08 16:22:06,2018-02-08 17:06:39,2018-02-09 18:33:11,2018-02-20 00:55:02,2018-02-23,d26dcd96fa2852a72c1e32ce390b3671,2018-02-08
2df2cf698fc8633cca4e90baa85fdf0b,24754bc3816ebde11b041188955e6005,delivered,2017-03-23 22:17:44,2017-03-30 18:45:08,2017-04-03 08:42:03,2017-04-18 14:23:05,2017-04-11,71d190133e13c3680a782fd90cb48b71,2017-03-23
0193a99edc8c599aaa16f9b9e991efb8,27b04e3afd2217cfac1020a7da0cfc25,delivered,2018-07-29 07:27:26,2018-07-29 07:35:09,2018-07-30 15:11:00,2018-08-01 22:32:40,2018-08-13,5f8ad624020f7db33a63d5a0e5d14348,2018-07-29
3d3aa235444c30c308514e51681d8546,fa2e394850ab9f289207b4e7ddc321ba,delivered,2017-11-24 17:41:54,2017-11-24 21:12:46,2017-11-27 17:32:57,2017-12-06 23:06:16,2017-12-15,3b00e64b89fb318a18e1153da117686a,2017-11-24
5312bad5331c273fdc6cb8069bedcd03,80911d64b01b8af716553f3b45393ad1,delivered,2017-11-03 14:23:33,2017-11-04 07:30:41,2017-11-08 19:19:21,2017-11-17 20:28:45,2017-11-23,13bc0286a7f3ab0b58291344147200af,2017-11-03
6f550fd7d5d229732c20208da33c9ec2,4f336a63def235358526a892db1e6271,delivered,2017-12-15 10:14:23,2017-12-16 02:38:31,2017-12-20 00:14:04,2017-12-28 18:43:41,2018-01-15,a4b3cf3225b3e3cb1a61e63091692b4a,2017-12-15
cc3bb9e4d338a896bd8fce41378188a8,cda4ace9d3488ad26d62ad6e0d006ab2,delivered,2017-12-10 22:50:52,2017-12-12 03:50:22,2017-12-12 21:42:23,2017-12-13 19:35:59,2017-12-28,2ef9d08f2d594cdb455eb3c5ae509074,2017-12-10
95c65562cba3f7e4f6714f94ee4bea4e,c9e11bbf1fd45e98439aac0550ba1fbc,delivered,2017-11-18 15:06:37,2017-11-18 15:26:22,2017-11-27 13:33:08,2017-12-07 19:41:24,2017-12-13,c52831994050a684b18c32c20a68a399,2017-11-18
7401e625187bca3e5384aab49fe0462e,5f9f685cd7513c15df4a381258d9eea2,delivered,2018-04-08 19:11:48,2018-04-08 19:30:24,2018-04-10 00:11:53,2018-04-18 23:42:40,2018-04-27,f81bf2db0528230c6d1dc5569be26e47,2018-04-08
17999150a37e709ef58ae49a064400fa,ed9264b6228fa70e32fd889810682e2f,delivered,2018-05-26 11:57:19,2018-05-26 12:18:42,2018-05-29 13:58:00,2018-06-04 20:52:00,2018-06-29,7990ff46b2590fc0499a99b2d8b261f5,2018-05-26
ac5cedb0f5d816dd6ac33929fcfd1f00,7b87f9d9260375df2715f4891755159d,delivered,2018-06-07 10:29:22,2018-06-08 02:35:22,2018-06-08 13:37:00,2018-06-19 16:55:46,2018-07-19,9a1f60afc2bd2f6a71224665958d55a3,2018-06-07
266a198b3eba3404ac7d59f4f343b838,050e8225e588d2bbf4fa15f2f41a5c0d,delivered,2018-04-27 14:58:35,2018-04-27 15:10:11,2018-04-30 06:21:00,2018-05-04 20:48:33,2018-05-21,212a19fadd6806a18339f205cebfde8d,2018-04-27
bd5f96c3f69f19e9e3ff6b3ed0c6a58e,394b4a9c7bdcf6237035a7b88814dfbb,delivered,2018-03-11 14:25:06,2018-03-11 14:35:46,2018-03-13 19:56:38,2018-04-03 16:46:56,2018-04-10,6e80aa84420c2273c84fe486506c5648,2018-03-11
25cbaa3b665ea64cc34910aed433b5a5,66647edc08dc0444b86bcfdf1181d0af,delivered,2018-01-17 17:18:32,2018-01-17 17:29:22,2018-01-19 01:58:55,2018-01-31 16:52:46,2018-02-15,0ed705d5aa3065cad25328d2524b917a,2018-01-17
2980c5c6838667e778dc37ac903be54f,e54901a3daa7ac6cf4ddc39ffe36f174,delivered,2018-06-20 12:26:50,2018-06-21 03:17:45,2018-06-21 15:07:00,2018-06-23 17:03:55,2018-07-03,a96498dbf15ea27fe5a4bb8f26d5d47a,2018-06-20
e117ced88985de310c55a4f417b2028d,933bab0e42c2ca412e361796ba65cd24,delivered,2017-11-28 14:13:22,2017-11-28 14:30:41,2017-12-02 00:09:10,2017-12-04 15:52:06,2017-12-12,e65b4a5d7c76e1b12a15801bab3a6576,2017-11-28
fa80f02ebe2844509c609c9f2b923f72,802c2f35fdb3e279a6d2b470cf54e4e1,delivered,2017-03-21 13:42:10,2017-03-21 13:42:10,2017-03-24 10:12:17,2017-04-03 22:34:24,2017-04-11,e6a99e42d57964fbc4d12a94460f0b3f,2017-03-21
0990523dcb57830447203c2e6d8804d0,2c143a285d05f7ed636955c1487082dc,delivered,2017-09-16 09:34:01,2017-09-19 04:05:55,2017-09-19 17:13:00,2017-09-25 20:10:15,2017-10-11,c3733cbdb41f37b5477b2c01c523e220,2017-09-16
70863e8ef99613bbc8f854807d187ea7,2bbd32d4ef14893d2d8c1a0df08403cf,delivered,2018-02-12 10:12:54,2018-02-12 10:28:11,2018-02-16 01:49:11,2018-02-27 22:09:24,2018-03-06,3e43e6105506432c953e165fb2acf44c,2018-02-12
f7cc115bdf4af94acf9b6da346ee1c88,f52778cec7c76551b704ecfd145d8ac5,delivered,2018-05-24 21:00:27,2018-05-25 02:55:01,2018-05-25 15:35:00,2018-06-06 16:50:32,2018-07-12,233c7ee09b2ec22bdbed97d1fa7652c2,2018-05-24
b8afeb65bbea252eef3d4a2845dfd6ab,b5c31aca67859c379f337d6c95cb37a2,delivered,2017-02-06 15:58:15,2017-02-06 16:05:32,2017-02-07 16:33:54,2017-02-13 19:47:26,2017-03-03,85a8c93d0bcf297d5a975a3341ff77fe,2017-02-06
f4309c5ccc24874aba5de216dc1616f0,265ca4a2dfc340879f5a626c4d58a741,delivered,2018-01-23 12:48:41,2018-01-23 13:02:17,2018-01-24 22:51:38,2018-01-25 20:34:57,2018-02-07,f8fac3f352f124c098fbcf61e4cce525,2018-01-23
aca1243538a8bc195f2f017f8ea2456f,ac04d20dee082dd5bbed0e9cba669006,delivered,2018-03-18 20:47:46,2018-03-18 20:56:02,2018-03-27 00:57:36,2018-03-27 19:04:27,2018-04-04,a42a9b5bbf5e68e2eaa49fe7ca53577c,2018-03-18
a33b289433334b5de7fc4a053c290af8,f65326b2ac36be7ebdf22698f41654ae,delivered,2018-02-25 19:28:18,2018-02-25 19:47:48,2018-02-27 01:38:48,2018-04-12 20:21:41,2018-03-23,67bcbb23316612ab049fe5264bd5a16c,2018-02-25
67feea73c5369c0921af9d3c2d566edc,30e29f069eb150845319d80fabf966a4,delivered,2018-07-21 21:36:11,2018-07-21 21:50:14,2018-07-23 10:43:00,2018-07-27 15:58:25,2018-08-15,4b5261a871201b26c11fca20ba437740,2018-07-21
a8e07b5f89eea93b13c38bab2e06b185,8e89bdaf0aa7d88665f7db2745e3bb2c,delivered,2017-11-10 13:12:04,2017-11-10 13:27:37,2017-11-10 20:12:57,2017-11-16 21:14:52,2017-12-07,d8a103868a93aebd7e1ab36d7eaf65dc,2017-11-10
a40644cc74b7b5cc5d97aadc54b2f8c7,8d01aee3734d2912fd26cf34d9f0a462,delivered,2017-08-07 14:07:24,2017-08-07 14:43:12,2017-08-07 19:49:59,2017-08-10 23:08:06,2017-08-25,e23af8e8d47f19c39b62fd91487e1738,2017-08-07
00beb247698c6aae94e3f859d279e2cd,fb6730884fc4466765ef8619cfe90ced,delivered,2018-05-24 22:21:17,2018-05-26 02:18:43,2018-05-28 15:04:00,2018-05-29 19:11:16,2018-06-11,86c7815d3793c770f05377f877736e95,2018-05-24
656c5942e852b20473ae268796549007,101d39bdb54f67679b8c00266d255091,delivered,2018-07-22 14:46:48,2018-07-23 12:32:13,2018-07-24 13:43:00,2018-07-25 16:16:31,2018-07-31,216ab90e27f18940cfac8f9f02fb4239,2018-07-22
f8687dbf5b2eb77e1a9ed2d9ab104901,5743e9b0a6cef4a68089b2bcaed6b99c,delivered,2018-08-22 18:27:48,2018-08-23 02:44:32,2018-08-23 13:22:00,2018-08-28 19:36:40,2018-09-03,54542a226570cfc79a4a2c1930105e1c,2018-08-22
b0e9d3c0fc3bfc2a528984e5342cf888,d3b5797dee5797b65dd4082c01788374,delivered,2018-05-01 15:58:39,2018-05-02 16:19:50,2018-05-03 10:39:00,2018-05-09 21:33:31,2018-05-28,c8d988a1c19489356c78e8adc0e277f0,2018-05-01
cd077df405bc0e52ce5534344785b0a6,732156e863a2e1baf78dfab70fe7bfce,delivered,2017-07-19 13:34:35,2017-07-19 13:45:10,2017-07-20 16:22:05,2017-07-31 17:09:11,2017-08-24,1afbada4ee56476bf74ed83167753402,2017-07-19
cba0deb7b7e121a54760408a83ecc42c,3d28d14c658443737fdd829791fa639a,invoiced,2018-08-06 15:03:43,2018-08-06 15:15:26,,,2018-08-10,0db98973376d0cb34259fc975bc78f04,2018-08-06
bd8076c7068a60bf3d148350c9ad9975,f26362ce1101bac7aa6cef6293e0939e,delivered,2017-10-02 14:15:25,2017-10-02 14:28:27,2017-10-03 23:05:52,2017-10-06 19:13:40,2017-10-18,fbb2357aa3892ff220b9db21553c9e88,2017-10-02
ce7e2fea4efc732fbc5fd04753f2e549,f6ec4bf0075a889306d2142c620e081c,delivered,2018-03-18 17:27:38,2018-03-18 17:50:37,2018-03-21 22:48:50,2018-04-17 19:28:39,2018-04-16,c44e126f40fb1f47b31232245ec4b096,2018-03-18
c3fb3cb084af855d673862998039acc0,6400c677eed091d6188649f7a9b0a4f4,delivered,2017-05-31 10:46:45,2017-05-31 10:55:21,2017-06-07 16:15:30,2017-06-09 15:38:29,2017-06-13,57c8e6cd0c99b20f40ae781dbcefddc1,2017-05-31
f7a282c5fe8addefb48793a1a8c2ea83,d225478ebc7787b9b8774397fd3ae56b,delivered,2017-07-19 21:04:25,2017-07-19 21:15:21,2017-07-24 12:54:45,2017-07-25 19:53:56,2017-08-03,e494f4ef3cef10788bbe8917c274727f,2017-07-19
ca5a59edbeb8c782bd62affe617fd6e6,cf5bce158346664ec3c99908187f9e5d,delivered,2018-06-12 11:32:04,2018-06-12 13:03:45,2018-06-13 08:36:00,2018-06-20 01:08:44,2018-07-17,35b7b86117bd2665f18f17b94a2ba04d,2018-06-12
b7e7a51c59d4fbee84da2087969feef4,ce32d5a933d1b90cfe16e4a050011736,delivered,2017-06-24 15:21:07,2017-06-24 15:35:10,2017-06-26 13:52:29,2017-07-05 17:37:58,2017-07-20,cf4730e3a8a57d6025bea785c2b3e91e,2017-06-24
ec6904db8d96bfec75b3e99ffe8221a5,683a11591ffc56e8e5f68d26a04f4e81,delivered,2018-08-14 07:58:10,2018-08-14 08:10:21,2018-08-15 19:40:00,2018-08-16 16:57:51,2018-08-23,fdfbca7a9186106504d0ae044c968dba,2018-08-14
c3a6968588b9919abfdbe63026307d70,102e73eeb4aab43d6ae6507cfea50063,delivered,2017-11-24 23:57:28,2017-11-25 02:53:09,2017-11-29 21:18:59,2017-12-06 20:32:36,2017-12-22,880dac697e6f1443f011b8537c872bfd,2017-11-24
b904f1d4eae5c3b0b494496e96606528,9f6eee61868a4161618844b56154ff08,delivered,2018-08-09 13:44:57,2018-08-09 14:26:11,2018-08-10 12:59:00,2018-08-14 19:36:37,2018-08-20,702b073491f360532059ba3dec84492f,2018-08-09
9337001e908fabd60aad0728f4a8f5b6,721ca1652b2116e623cc4e10150239d3,delivered,2017-08-30 10:40:12,2017-09-01 04:34:08,2017-09-04 22:08:14,2017-09-08 17:13:59,2017-09-26,436637504126de852a1e2aac9c60c9ca,2017-08-30
d0bd537e7e77a73e81af9b780f6a4c17,e20b0ccbb0f3f96b2dc7960d76b8ef3b,delivered,2017-11-26 20:33:18,2017-11-26 20:53:16,2017-11-27 22:03:39,2017-12-02 20:24:24,2017-12-11,fcc6bd658de938204141d4f8d4cd6f57,2017-11-26
52b5d339bbba7bd8f18ca836ab540227,77a8648e1307e78ab3252b2e6e5edfb6,delivered,2018-07-08 02:26:46,2018-07-08 02:35:08,2018-07-10 15:15:00,2018-07-13 18:11:49,2018-08-15,eb6d4ec7b36ba41ea2f6318bee73b0ca,2018-07-08
dfe489c4a4bbe366cd2217b8503d206b,b2e698c6de7b1c259c522cdd740bff4a,delivered,2017-11-29 11:50:30,2017-11-29 11:59:31,2017-12-05 20:39:04,2017-12-12 20:12:10,2017-12-29,81c78213baff061d679332c8b524a1ba,2017-11-29
a9db19260d4597e49840ec0146f0d3da,4fb9ae3df2dc63d1b5a329b0d96d26f6,delivered,2018-02-12 17:26:12,2018-02-14 10:10:22,2018-02-15 19:04:21,2018-03-12 12:48:44,2018-03-19,6bb4a9c129ad73d99c4f5b9b38042a9c,2018-02-12
c52d5e30c1888a9dfd21be72d4053d12,4839fac6d49d1f1dd84481d6ab2b1acf,delivered,2018-02-25 14:29:26,2018-02-27 03:10:19,2018-03-06 22:57:21,2018-03-20 01:16:34,2018-03-22,be3a287de205a01bfd9cf65fe8bc8848,2018-02-25
e10b4465dc4265ab01391e25bed55c5e,8a49683c2ce4f6c2132c363c9cd75293,delivered,2017-10-30 23:52:37,2017-11-01 03:26:29,2017-11-06 22:35:47,2017-11-07 19:26:42,2017-11-07,c379a32aeeabb565ff46fb859ffd85fa,2017-10-30
a7025cf41965c2bcfe02c4564ab9c952,c6291bead7baf9428750d374111cfdf2,delivered,2018-02-09 22:12:04,2018-02-09 22:28:09,2018-02-14 15:30:43,2018-02-19 16:03:49,2018-03-05,e08ce1f750310f5f4a105e42285c848e,2018-02-09
f5ac6a806078f4dfd6e72e601f8aa3ba,5da179829d2103e0bd3f9fb2add6cb93,delivered,2018-01-16 11:20:57,2018-01-17 03:35:52,2018-01-17 20:47:58,2018-01-29 22:05:10,2018-03-01,2ec67750cd5b985538c03061ebee01ef,2018-01-16
39d92c90ecacf0e6411af62b7bcabe17,0a1be8bb3e919bc8876626808609a2af,delivered,2017-09-05 17:36:41,2017-09-05 18:24:06,2017-09-09 13:27:47,2017-09-15 19:17:40,2017-09-27,fc685f5d020dbc22ef7dae7822f336dc,2017-09-05
3b07fa165117888d45604ca27f44940e,71d2dd1c3240f4125e7100085b75444f,delivered,2017-07-08 21:15:03,2017-07-08 21:30:08,2017-07-10 18:13:50,2017-07-18 19:14:08,2017-08-03,75e035001879e8de78a597ae043c1688,2017-07-08
08202fbf5047a2f85a0983ac291a69fb,de9ebceca7f056c08928dfa4bb245205,delivered,2017-04-05 08:38:19,2017-04-05 08:50:09,2017-04-05 14:48:01,2017-04-11 10:03:50,2017-05-15,bba3f4be9f3287f353960e7730bd12cb,2017-04-05
6c592894a10d4bab518bf4aad80515d8,f4177b5dbc42c66fb42aeed49eda02e6,delivered,2017-03-06 11:04:33,2017-03-07 03:50:15,2017-03-08 09:54:32,2017-03-13 13:28:06,2017-03-27,9479e9ef94dff59abd7b0e27e7130c67,2017-03-06
9bf502b0984ae3ada99e73e7e7c7e1bd,e753a29c47554a21b2c76a76d398742b,delivered,2018-01-24 23:14:57,2018-01-24 23:32:46,2018-01-25 21:52:37,2018-02-01 20:42:03,2018-02-21,f7d52165f37ed2ed609d5b9fb32b5820,2018-01-24
b69bd58058e7fc58b745d22ad1c62eb6,10bdb4d046daa3102b2a3336b8ac6626,delivered,2018-08-21 10:00:51,2018-08-22 03:45:15,2018-08-22 13:11:00,2018-08-27 20:45:41,2018-10-05,826a63183ef3a328f99d54414fe0da55,2018-08-21
71a49be8a212eb4987b67078140a1434,783e2e76dbf44c28f7034104a0d8140b,delivered,2017-11-01 08:14:33,2017-11-01 14:31:33,2017-11-03 18:13:00,2017-11-10 23:08:47,2017-11-22,3fc38cc525568f74580977683ec6d4ad,2017-11-01
28a9bfa90eb24efe91bfc50b7cc1b4d1,4d719448b1cc626699bc3bbbdbbc0bb7,delivered,2017-10-16 08:07:41,2017-10-16 08:29:19,2017-10-18 21:38:58,2017-10-24 20:55:50,2017-11-06,4d105247e7260e45d3eab6ab9245ff03,2017-10-16
1ed74ee5c5413ff2430cd572c0214c4c,d2ed514059b5da1cf8241f8c9bf2b345,delivered,2017-12-08 17:24:56,2017-12-08 17:31:23,2017-12-09 16:58:27,2017-12-18 16:59:39,2018-01-03,ea67c342f6eff15d7d630a2a43986a0c,2017-12-08
0560690f57123e9331f5731479b2d505,3c37b657b1ced423da2197f90b1c4c5b,delivered,2018-04-12 10:42:15,2018-04-13 10:35:17,2018-04-16 20:14:43,2018-04-18 20:23:46,2018-04-30,adb85e5d4f3c0713ac6d43cdacdaa631,2018-04-12
46f294819f56193f9e3566a3cc3ac123,48c6b082b2b8491612d56021f6a29501,delivered,2017-11-24 23:09:45,2017-11-25 01:19:31,2017-11-28 17:41:37,2017-12-02 01:12:10,2017-12-08,588f91edf2c614ca25768546247e6957,2017-11-24
42c45d946a9e7492bfa6da1ab459d23e,13be143b779c1915b1c83bb20bcd6831,delivered,2017-07-25 01:06:50,2017-07-26 02:15:12,2017-07-28 19:02:58,2017-08-07 20:06:46,2017-08-14,018b0a8d048e41f2d1f55e56dcbd335c,2017-07-25
43a69fdb52ebe93245fde3ca5e67e7ef,ec3a21fddda100aad6ac0b7af8cd6da1,delivered,2018-02-25 10:46:57,2018-02-25 12:20:23,2018-02-28 21:25:13,2018-03-19 17:16:32,2018-03-19,4d9f13fb85d5648e4c06dd230962e6a6,2018-02-25
925d3e6a309173b4f3fae2ce8c50118e,d1c29a0c7f275e0723e4706e5a8de935,delivered,2018-08-16 15:44:34,2018-08-16 16:03:51,2018-08-20 09:35:00,2018-08-29 16:22:06,2018-08-31,266dad3ed9cfa83422da37f456da418d,2018-08-16
e0444cee63fb100c19fda6edac7f925f,8354080edf502b7e043aea91899ef775,delivered,2018-05-16 10:10:54,2018-05-16 10:37:13,2018-05-17 14:42:00,2018-05-21 22:24:46,2018-06-04,a768556de44561a5dcbfde8dbb48c863,2018-05-16
2c53aff3e220767f3c191078e0ffbc7d,d721d1a1be2899d735550ea1f82ccec9,delivered,2018-04-02 10:04:13,2018-04-02 11:10:18,2018-04-04 01:22:45,2018-04-21 18:48:24,2018-04-18,116e72fdb94d08bec4392dcc76c7b67a,2018-04-02
052a77ba9184a29a1a99c4129ec14c74,726c6521aff087c08b1742ac438ddec3,delivered,2017-11-28 12:00:26,2017-11-29 02:21:37,2017-12-01 23:08:52,2017-12-20 17:48:19,2017-12-20,06d82374cfbe2ab1833779e39d91cde4,2017-11-28
04584330f2068c5aa42306130a5ae0e5,59c8f8409e6a27b4134fd666ca564e8e,delivered,2018-01-28 20:31:51,2018-01-28 20:50:39,2018-01-29 22:33:29,2018-01-31 19:24:26,2018-02-14,7b41b7725aa92a0a785588bce9fdff15,2018-01-28
aa8315492e537030e29f1bc252d26cb1,9a0c338c3ce99b9896047b86ac665b95,delivered,2017-02-16 13:37:14,2017-02-17 02:10:10,2017-02-17 08:53:46,2017-02-25 06:09:44,2017-03-20,b9d45d884c2fc0a5eb04aa45ebe44f60,2017-02-16
b14a8291157869f3d51b2d24c96d2da7,b2ed81c59896b239367d9c2722f242ae,delivered,2017-05-22 22:24:51,2017-05-24 03:10:27,2017-05-24 13:48:53,2017-06-01 14:58:01,2017-06-13,002d71b244beb91ca7030b15ab526446,2017-05-22
827a916734ee2f155b25cd4ff2d8022f,499b6b14e548e15a51fc4c38061f7e13,delivered,2017-07-05 14:13:23,2017-07-05 17:38:00,2017-07-10 14:34:50,2017-07-21 20:11:20,2017-07-27,bca2c11d85a065aba0a329a4438807f7,2017-07-05
fe8c0bf415cf9f05b4f32539a80f83fa,665c34ff341e053c821487e3f9431206,delivered,2017-09-24 20:37:43,2017-09-24 20:50:12,2017-09-25 19:21:14,2017-09-28 22:47:45,2017-10-17,98129d8c2b64fca767b8f568e545889e,2017-09-24
5a1e68cff39cc1d5fd759db90a366caa,c4622e15ef4017b5ead56fb99dd5e4ea,delivered,2017-09-18 22:47:49,2017-09-18 23:03:26,2017-09-19 18:48:39,2017-09-28 20:18:16,2017-10-10,be9a7d98d5b488583fa42b20881199ef,2017-09-18
114e0ad5d9cd8931d7541e1331bdb503,434d634f90c55aa326a893f6b13cfdac,canceled,2017-08-14 10:44:51,2017-08-14 10:55:16,,,2017-09-18,bb89b8175e4a67cd65ae68b14f33f5f3,2017-08-14
8ce71dd933fe4f2b03a7bc75808b397e,54dc32e0d28530dc684187d040593029,delivered,2017-08-20 13:43:32,2017-08-20 13:55:12,2017-08-21 21:25:04,2017-08-25 18:28:01,2017-09-13,c2cee82a4d95cb08a964f8c6ecfe0218,2017-08-20
267968a4442f2e55c2904cac31c26660,2f5775a3bbdd35ec56e14f8217c990d9,delivered,2018-08-22 22:40:58,2018-08-22 22:55:19,2018-08-24 19:02:00,2018-08-27 16:56:35,2018-08-29,b9e9a0ea97182194d0b96fc7b5cf4b8c,2018-08-22
7093b7177380b099eb92c2ab46c6f10e,f0c20eb716fdd6eee9527ec291b182e6,delivered,2017-04-09 15:49:31,2017-04-09 16:01:57,2017-04-10 13:48:25,2017-04-26 12:53:28,2017-05-12,911d70d16b6a072a40b2786f1b9e7b29,2017-04-09
b09d3514eb1fbf519bbb6ad42114ea02,13aff20dfdf7106cffa2b2222de09d44,delivered,2017-11-17 19:49:28,2017-11-17 21:15:44,2017-11-21 13:02:41,2017-12-05 16:27:11,2017-12-06,d5be6bb35b3d2e04eed40cf9b2811ffa,2017-11-17
0870bb57b1b24052c8ac2cd8df433553,ef4a0203cea8e5543322ef59fe946532,delivered,2018-08-07 08:17:03,2018-08-07 08:44:54,2018-08-10 12:29:00,2018-08-13 16:24:46,2018-08-10,a452201e3e0ac3e65cdfeca0e85dafbe,2018-08-07
b14dda87372a005b32b75ff027b8272b,9ee8198cebd1e43282160a7a21ce6481,delivered,2017-05-08 00:06:25,2017-05-09 00:03:04,2017-05-12 12:40:23,2017-05-24 17:49:31,2017-06-08,a34685958dd19b5fff2309ac3ac22a70,2017-05-08
c11c997259391d3bd0a950a34e7e5222,f77630515a2730f347cb13092794c130,delivered,2018-05-21 18:48:45,2018-05-21 19:56:25,2018-05-29 09:27:00,2018-06-05 19:03:47,2018-06-07,edae7de88c0f79c9606e0d55a30ee2a6,2018-05-21
e98eaa3acbf55a63a501cec1baf45f9e,f863f99cff7c8ec08708df2fb890dd6f,delivered,2018-08-20 12:38:56,2018-08-20 15:36:01,2018-08-22 13:10:00,2018-08-30 21:28:48,2018-09-03,acd7af4da419afee85373166387d5799,2018-08-20
8a63f21ccf7c1cf79bfd5495f8bd327a,8654243fcf7b2bab2e4fa3d809aaa41b,delivered,2017-07-16 20:14:47,2017-07-16 20:25:17,2017-07-17 18:04:00,2017-08-10 17:57:01,2017-08-18,b36260186211e583e966eaaf82382829,2017-07-16
e7ec2ee871d40f0b32fb471cb07ad239,3d5cfaf96174fab5cc8de497fc5b21c9,delivered,2018-07-06 09:49:31,2018-07-06 10:10:53,2018-07-11 11:15:00,2018-07-12 21:46:21,2018-07-19,2397e908f0e37c8a7f6547bb1ff192ff,2018-07-06
71dfbb4951cc7c22499333fc4068a2d8,d8c2e63fa92dc1a800509bd565f3e79f,delivered,2018-06-01 21:19:07,2018-06-01 21:30:53,2018-06-05 10:34:00,2018-06-06 23:38:23,2018-06-26,e8ba909c5a0fe048236b5b8268a476b4,2018-06-01
ec2fd784a6bc14996f88cf0c9155e65a,8af426a6bfdde9b527d94404d0fe613f,delivered,2018-01-04 17:36:28,2018-01-04 20:31:49,2018-01-10 17:00:52,2018-01-15 23:54:02,2018-01-23,cb1b507562dfe869e1afcff36883dcfa,2018-01-04
9f3b6091dcf528b56e66db5dc51bd00f,388bdb0d369f29feac8efc8685c2122d,delivered,2018-03-19 21:51:41,2018-03-20 03:30:33,2018-03-23 21:52:45,2018-03-29 19:57:37,2018-04-10,9ab7f444e69908582090900bf8515b68,2018-03-19
59e53c261681312bd398bcac254262e8,a5685e44a9fb2e4b7e68c30b30809b1b,delivered,2018-07-02 11:10:13,2018-07-02 11:30:06,2018-07-03 17:14:00,2018-07-11 17:11:42,2018-07-24,f1d2b37dc9df276d470fb23d2b7c34f6,2018-07-02
17306f068a479d3e58fd082008d80169,9feb16b98e76be61499a57c2ff685f5a,delivered,2017-08-11 16:43:15,2017-08-11 16:55:16,2017-08-16 20:58:56,2017-08-30 17:54:36,2017-09-15,0a63115120c13600b31c4ff2c5ccb504,2017-08-11
d41019a8da12cde6c8dba824444cf38d,e3b69efc2115373fe6b3a9dd760fe777,delivered,2018-01-10 12:25:20,2018-01-10 12:36:29,2018-01-11 16:33:40,2018-01-30 18:12:27,2018-02-08,2c7ad76b7694988382706caa2b5b33f9,2018-01-10
7a7b483764d06e139986cfbb2f2ad776,fb207c2acbbfce1b72734a98756e49ce,delivered,2017-06-13 09:31:16,2017-06-14 02:25:24,2017-06-16 14:58:01,2017-06-23 10:43:51,2017-07-04,e28632b699506a6c5e9795e4003a9fbc,2017-06-13
7a36cd04e45972a421517cb7c8a813f3,c77434d6053c5868ed0b00c388bcacf2,delivered,2017-04-12 15:08:28,2017-04-14 02:46:03,2017-04-17 10:51:09,2017-04-20 09:40:16,2017-05-11,c40928532e1615f1e2be7fc5a537a400,2017-04-12
560eff479b0937dd58f303cf1bbb14cf,070dc02f224a841faaaa06dd571e33f0,delivered,2017-08-18 15:05:23,2017-08-18 15:25:16,2017-08-21 16:56:47,2017-08-23 20:19:53,2017-09-15,2d40b4adfbb28854cb48ffe9e1ad0111,2017-08-18
efdec31b94f9386cc16096589315b931,7580d018db37c3868f233605cbb90c8b,delivered,2018-03-20 09:15:24,2018-03-22 02:35:38,2018-03-27 17:03:40,2018-04-09 22:03:52,2018-04-12,1da985e4ee4dc38c69358279fd0bc226,2018-03-20
27b6bbf4efdd3d4aa75ead8d62a9088c,d3c3354f609a1a80b78fbab8d5435061,delivered,2017-06-02 11:33:10,2017-06-02 11:45:11,2017-06-06 09:33:57,2017-06-07 17:05:21,2017-06-19,5754d6a1f589e89e78c157698dcc7466,2017-06-02
0487b772aa23074a39079a6967041b72,748e48c353e795b7303618bf785991bb,delivered,2018-07-24 12:47:13,2018-07-24 13:24:34,2018-07-26 14:56:00,2018-07-30 23:08:43,2018-08-09,3b9e02f3344d4d5f94465f05f296210f,2018-07-24
e5e48a59f8f3bf0f381be370b1ccb35e,ad771b1f54c74bbd8e8e3ee76151e004,delivered,2017-07-21 13:34:29,2017-07-21 13:50:14,2017-07-24 20:13:06,2017-08-01 19:24:35,2017-08-16,91b86366ed203a41fe684e7d245cda10,2017-07-21
ff92fd3088a85112214acbc08d72afbf,49f4d10e2b8d62d6346a0f8f8a4eb064,delivered,2018-05-22 20:17:56,2018-05-22 20:37:13,2018-05-23 14:54:00,2018-05-30 23:44:18,2018-06-01,a2d6e2bd889620a0eecb67d20f27c441,2018-05-22
6c8b765ca02b8c8f1bdc3e8491d8c079,49fdd3da0db14012c147ef0895516df6,delivered,2018-06-27 22:03:11,2018-06-28 01:11:10,2018-06-28 14:49:00,2018-07-03 18:18:47,2018-07-20,14c338e1c2aad96c1be71cf4bfd53762,2018-06-27
267e7e0b0615d34fa4c39c0a97cee1d5,5bb2321bf6c692d7f92ec6d97d5842e4,delivered,2018-05-28 21:16:13,2018-05-30 02:32:15,2018-05-30 15:09:00,2018-06-01 15:31:04,2018-06-18,f9e6d4a90f55c42ee1bd337bd09c852b,2018-05-28
d3b793b04fe8ed20805d6c19cf00c0d3,45a8c0f0fe5f7a1938dcbc8614fd4eb5,delivered,2017-07-29 12:35:14,2017-07-29 12:45:10,2017-08-10 19:32:32,2017-08-15 18:47:44,2017-08-24,9e5d0775ccf7bc4b6b192d6a84bb3f96,2017-07-29
29997a1fcb8c5884c6718f399ed6b7db,6167e666179dd78ada27e7934c739d5f,shipped,2017-03-15 20:53:54,2017-03-15 20:53:54,2017-03-16 08:09:09,,2017-04-03,1bbd14537c1d1e3b90c4fb5be546b4a5,2017-03-15
b226005928c0bae277c2b54cc624ad93,8ae34af66295058f30d34580a7cac708,delivered,2017-10-01 14:45:42,2017-10-01 15:06:07,2017-10-02 16:46:47,2017-10-11 13:42:13,2017-10-24,1709e682a9897910bf18bcc35579328d,2017-10-01
865877542f1840626ccdfc88e0b74684,f77832be216ca2601a6f6acff4ed12d4,delivered,2017-09-25 14:47:55,2017-09-25 15:25:18,2017-09-27 15:35:40,2017-10-09 19:38:24,2017-10-25,3cba28f7a08ec8dc693cbdc33538de13,2017-09-25
5232f488a9969383f13b33b2b78731d5,4f5733b00c893389ae76e6e896cea0f4,delivered,2018-02-04 21:01:58,2018-02-04 21:10:42,2018-02-05 19:27:55,2018-02-14 19:56:41,2018-03-09,df1e76f48d753597c103f21173f85802,2018-02-04
61e21e4b85fafad4710e3431429af0eb,56c92a5f90b752d7a863d762a08bb3a3,delivered,2017-11-29 03:26:00,2017-11-30 02:23:57,2017-12-01 19:29:24,2018-01-03 22:03:59,2017-12-20,946178bfa58226df3e62cff2ccc87a48,2017-11-29
c1fe3ff121d3ebaf46868ddf6befa390,b123bc64605b64205b48d31cb1d966c1,delivered,2018-01-12 22:25:36,2018-01-16 03:50:11,2018-01-16 22:18:36,2018-01-24 19:28:59,2018-02-02,e658ba73bfb0a4c88545c2e1ac3db134,2018-01-12
4e724a5cf81fb255b3e27cca2632e90f,bf60906877c2a6f798da1bd131025eab,delivered,2018-08-03 17:55:33,2018-08-03 18:05:22,2018-08-06 09:52:00,2018-08-09 20:41:28,2018-08-15,6cbb5d0b135abad7d9ee648eecd59a47,2018-08-03
157676ef5dfcf1a927e0b60948918946,2f828c8fd3bd532b883a922be810bd72,delivered,2017-08-26 19:30:47,2017-08-26 20:04:27,2017-08-28 15:19:49,2017-08-31 20:51:25,2017-09-19,d315173c9b21c1dd742e78e0ff472fb3,2017-08-26
857abe904c90d0275b09c225b87d7f8d,fc4616da74e3ff6d4833f87726bc4249,delivered,2018-08-02 18:11:56,2018-08-03 18:31:44,2018-08-13 14:45:00,2018-08-16 21:31:54,2018-08-21,3e3eb75c7d1339dba4a8bc472244032f,2018-08-02
8c9c6d6fd1d9a3443b23579d99d52e64,f30ec3a9feef479c3cc57e3ab881073b,delivered,2017-10-02 01:20:30,2017-10-04 02:49:18,2017-10-09 15:00:06,2017-10-20 19:45:17,2017-11-10,4aa1d8829005d87fb205f65f12efad0a,2017-10-02
434cecee7d1a65fc65358a632b6f725f,922a46283625e9c096bfd998913c470c,delivered,2017-05-29 13:21:46,2017-05-29 13:30:24,2017-05-29 14:54:51,2017-05-30 08:06:56,2017-06-19,781f80ac54444e4020dc3f70f044d8b3,2017-05-29
1ea3e66a79abe98744817178ba99da82,0f4cb25f0bdd927c3313960e2e3d3f75,delivered,2017-09-18 11:23:52,2017-09-19 06:35:14,2017-09-19 17:41:32,2017-09-25 19:17:54,2017-10-04,f0a7616f9faaca08f830ed8dda51455b,2017-09-18
c5c02641e7ce2d2ba7049722b338ec70,d9591dd084b9ee3bb45ef4b8de970dc1,delivered,2017-06-05 11:55:59,2017-06-07 02:50:16,2017-06-07 14:30:20,2017-06-08 11:43:41,2017-06-19,9daf2e58eee25b52e58f42dd3669a0f4,2017-06-05
fa75c8452656c284dd76c32a15f4b741,1844f5a128ee9d7f886d7e9ff832f96c,delivered,2018-02-15 12:08:15,2018-02-15 12:28:47,2018-02-17 00:10:33,2018-02-19 18:43:23,2018-03-01,716510bb0f34155e1b35f1157e11d2ac,2018-02-15
3f1e0bf4672b0acb6072aa40b0f99cfc,3500a1438f295a3fc24450868008c78d,delivered,2018-03-20 10:32:28,2018-03-21 02:56:12,2018-03-21 18:34:48,2018-04-04 15:46:35,2018-04-13,1d466475d14ffdab3cfd97901b81065e,2018-03-20
d758100ceb4279fced396414f81a069e,66a1a031ff413f4176089b2f9d68f01d,delivered,2018-01-24 16:42:11,2018-01-24 16:55:44,2018-01-29 09:52:42,2018-02-01 23:33:27,2018-02-16,703fe4f9481462533192e56799fc9fd6,2018-01-24
9dfcd9d486e9837944ca391b700d0af4,2cfefc9a6a972224d0e4a6a1363dfc18,delivered,2018-08-18 14:03:10,2018-08-18 14:15:18,2018-08-22 12:24:00,2018-08-28 01:18:48,2018-09-06,15a981406bf7ff3eec3a9bfe70ace61b,2018-08-18
01a6ad782455876aa89081449d49c452,71accffbcbdf8e02f67a469f65cdbf73,delivered,2018-01-18 10:07:52,2018-01-18 10:17:29,2018-01-22 22:37:04,2018-02-01 21:02:22,2018-02-20,31c23262d79bc7e803884e37f9bc5359,2018-01-18
5cd8566a3991a377011c78d27191853c,e4bd0a15d4045d3e16d59187ad7a88c7,delivered,2017-03-14 21:59:42,2017-03-14 21:59:42,2017-03-16 13:49:27,2017-03-22 07:57:53,2017-04-10,4391053762a45289a6cd670c3f1e88f9,2017-03-14
3302991f59df38b26cebf1c9eebd75bc,068a8b4a0920dea641b65c336be22575,delivered,2017-09-26 23:27:41,2017-09-26 23:49:16,2017-10-03 19:45:11,2017-10-14 20:39:44,2017-10-24,6f1b8e500d1dcec63629a31ee6bfab73,2017-09-26
2ba3a1bb5c86f2fbe8024229ca45290c,66205e3a618b3b66a43af512f18d23d0,delivered,2017-10-28 23:03:08,2017-10-28 23:15:08,2017-11-01 19:41:26,2017-11-16 09:24:32,2017-12-05,86acdda03ac3e4931e816676eee546d0,2017-10-28
a8403ba76270af7f5fa223be10aa3a93,de95d6b39714561bc722c07bf0f3cbb1,delivered,2017-03-03 12:50:59,2017-03-03 13:10:28,2017-03-06 05:41:57,2017-03-09 09:52:31,2017-03-24,909cb8ab8a1a34fc03326a0038c2c8f8,2017-03-03
d56d253bb8a09c81d1ab1cfb6a03813a,5bad07c53c54680af75b95f32498278b,delivered,2017-05-21 21:05:49,2017-05-23 03:45:14,2017-05-24 09:34:27,2017-06-05 05:34:00,2017-06-22,39c0f2181d8dbc8d1c1f99bd15d161bc,2017-05-21
4c3dc9dfddad01aea0666beb48895f7b,44f725846b0b0102b803444ea5bc6a9c,delivered,2018-05-02 10:15:58,2018-05-02 10:34:20,2018-05-02 14:45:00,2018-05-08 17:51:41,2018-05-25,3577e91a3448cac21a38effb2f0bbdb7,2018-05-02
1c3ad9cd29b642c9eca00186785aa309,57a6216eb0afc73e36832f630331ffc0,delivered,2017-03-04 00:38:50,2017-03-04 01:32:28,2017-03-08 08:14:04,2017-03-16 06:34:33,2017-03-30,f8843ee8151578cf0f7f2679ea859023,2017-03-04
31a8ce0b7b4441183401c55a971a7ff4,f1f77002ddd90c77d0b905627d66ccc5,delivered,2018-06-14 11:07:51,2018-06-15 02:37:29,2018-06-21 13:33:00,2018-06-27 17:54:09,2018-07-16,7a17664f59925be644711637bd72fe83,2018-06-14
aca28aa46a33eaae0b7377883b13189b,120503a124fcaafa330a3340bc3aea9a,delivered,2018-07-04 14:17:17,2018-07-05 16:27:27,2018-07-11 12:34:00,2018-07-13 00:28:25,2018-07-19,68739e8bc900bcdd05c748494cdd2395,2018-07-04
1824231549dc0859a6ce9f7b7ada733a,3cfb3b7c26e4afd8ee00693925452a05,delivered,2017-05-23 13:51:12,2017-05-24 02:55:30,2017-05-29 03:19:55,2017-05-31 09:38:07,2017-06-12,c2c7712d6c0a2ac5be6a3280042d471b,2017-05-23
1ca74ef1a063b31008ef4af64cdaa485,bacfd6acca2b3560dba225f481256b45,delivered,2017-09-11 22:48:26,2017-09-11 23:03:55,2017-09-13 19:27:51,2017-09-16 16:49:55,2017-10-03,800f54b0a2c2f3e1844cc50ba9424989,2017-09-11
cd452825757203504f7c8c7ddd201907,85fefa53d71bcff89e357dd239edc2c9,delivered,2018-04-17 21:26:23,2018-04-17 21:35:20,2018-04-18 17:42:16,2018-04-23 16:45:45,2018-05-10,8c317121ef3d3636f08518092e618ffd,2018-04-17
fd03c3724f2a080890613b8e671b2fa8,c170b09ef1891e3fcdbf986aa2d5a93b,shipped,2017-04-14 22:00:46,2017-04-14 22:10:16,2017-04-17 09:05:56,,2017-05-10,3a866e2437cafc8732318d0586186af6,2017-04-14
e5d8cfa5be1c79663c3c10804a02a372,63de55d73d31e831e9652a0d7a70df94,delivered,2018-01-17 08:04:05,2018-01-17 08:15:24,2018-01-19 01:42:40,2018-01-31 19:58:55,2018-02-19,3ec7f67c75d1822841bee31e9920eccc,2018-01-17
19f9ab36cda8d833cc1ea61fa046030d,685fb109df0c1232f10d52cc1ffb93ac,delivered,2017-05-25 16:09:40,2017-05-26 16:02:51,2017-05-29 09:39:57,2017-06-05 12:50:07,2017-06-19,8e7c51c145cb77c82c1cc203dd683390,2017-05-25
69340678ddc4f528cc879efbebd9b4e2,a72cbd52d0d17ffd5a439d50f78386c5,delivered,2018-08-19 17:01:20,2018-08-20 12:30:12,2018-08-20 13:06:00,2018-08-27 23:42:37,2018-09-20,6e637d6cb653d1438d197ada844ed780,2018-08-19
e24cdf4aaed31a657aa20c5eb71482aa,b82d043258ad8061ab188b266ce6ed64,delivered,2018-03-01 16:26:33,2018-03-01 16:49:28,2018-03-05 21:23:00,2018-03-06 14:35:11,2018-03-14,139c6b130e805515126985ef5b2dfe64,2018-03-01
50cbad22f69c1f191f6a883861590014,135d185d842a8b6731e8efd1e8bcb8f1,delivered,2018-05-10 22:55:12,2018-05-10 23:11:04,2018-05-11 13:48:00,2018-05-16 23:42:24,2018-05-28,28e30481fd8d4fadf17626fcddc607db,2018-05-10
ebcb12dc163784a4dad2cddb8feb64aa,b55dd01c30f88d056110458becba6bb6,delivered,2018-06-15 10:56:04,2018-06-15 11:22:39,2018-06-19 14:30:00,2018-06-25 15:47:36,2018-08-01,46650309632bae65395fed1019b3cfdc,2018-06-15
6afbd309f8bfd1d88c7734fd17c2b6d9,1aeeb63dba7f0ac8d35d42f7a12d2004,delivered,2018-06-01 11:22:18,2018-06-01 11:35:20,2018-06-04 14:38:00,2018-06-14 20:08:28,2018-07-18,7b047ec1b619a71121f0dac3a3d9a494,2018-06-01
d88484d12aee1fa5348ab2bbd1e967e1,5e5a06b0ae9a6725d60e2f59f4bb4a90,delivered,2018-04-26 14:27:15,2018-04-26 14:35:21,2018-04-27 15:06:00,2018-05-03 18:51:15,2018-05-14,745601331a6ee2e18ade3bce1eb1228d,2018-04-26
ab3d74fa5e0563d34cc8b3b25a93a8b0,3993b749a25c4197dbdc8d1480547960,delivered,2017-11-25 12:31:26,2017-11-25 12:53:25,2017-11-27 19:43:08,2017-12-08 15:48:53,2017-12-15,be83cede4a5f62bbd914c2ccaf8fe3e9,2017-11-25
4351439dd25ba98fba59ca10dfbbd061,44cf9844f9d2c095ea13b725583055bc,delivered,2017-12-23 19:20:17,2017-12-27 04:12:26,2017-12-27 18:38:31,2018-01-04 22:16:10,2018-01-22,ec726d140eabf6f4d0475a3cb7dc4099,2017-12-23
175aa25dfc38b25e0157b87ea628315d,5956ce262b307679c49b6864c6f4d282,delivered,2018-02-09 18:53:04,2018-02-10 02:49:47,2018-02-21 06:16:37,2018-02-23 19:19:02,2018-03-05,1e8f48ab684eb8579e95a5bb8fad91fa,2018-02-09
c2783c53d2a4ed4dcbfe014ba257abf8,991269e5569befcfaed423adcf73905b,delivered,2017-05-14 22:18:14,2017-05-14 22:25:14,2017-05-23 06:34:56,2017-06-02 11:41:58,2017-06-02,e17f786d2a04d3ba0fcbbf44fc503848,2017-05-14
2f124d00fd77d40d0847e9c97db27ce0,809aa5fbcb85cdb0111071083767c662,delivered,2017-05-05 13:21:23,2017-05-05 13:30:21,2017-05-09 16:40:08,2017-05-17 09:29:40,2017-06-07,9606af90e4f6f677e5f2469b5b2d3e7d,2017-05-05
b9c9ae9ec1ae133cb9d76c6a4d38c316,8b955f3eb1641b0b7b3d2a454da001b9,delivered,2017-03-01 21:58:17,2017-03-01 22:10:13,2017-03-03 09:13:47,2017-03-08 13:30:13,2017-03-20,503c83f200605144798c5ed5395f18d9,2017-03-01
b144e2ac9863ed27bc59dbe4dd2f8773,49bc0bacf1f213a2d30e240c648ccb01,delivered,2017-12-06 14:04:08,2017-12-06 14:14:32,2017-12-14 15:17:57,2017-12-22 16:34:00,2017-12-29,8acb1258c5469e79f1fb80009d33d953,2017-12-06
916f6a4c3dcd2f31f59a340a281e888e,488c8314a03fa7c3856db52fd016cce2,delivered,2017-10-15 22:06:05,2017-10-18 02:53:29,2017-10-18 18:10:17,2017-10-28 12:59:59,2017-11-06,672cc58e61e5d077bab08fb2bb433231,2017-10-15
be4689494eafff3235986fd4915cdb56,cda7a35132d1ec8eb2458225ec277e27,delivered,2018-01-04 21:41:29,2018-01-06 02:08:47,2018-01-11 19:20:12,2018-01-18 20:26:38,2018-01-22,dc9f99eb8458b74aea47c32170ae1374,2018-01-04
4b27760ac4ae035083d524268ca2ea4a,e166fcb0b227d4282b7d11bdbe3ce82b,delivered,2018-02-04 20:24:34,2018-02-04 20:35:32,2018-02-08 15:44:55,2018-02-19 21:51:08,2018-03-05,d5fde822dcf300ecc87ced00271bff2f,2018-02-04
b8d97466529c901c9a65d04741a946f6,3d2e2a99bcb5ecad970f3a4ef8f2f08a,delivered,2017-12-04 11:40:46,2017-12-04 16:32:02,2017-12-08 15:33:52,2017-12-27 15:58:55,2017-12-28,1f66fc82e0bdea99074a196c12a1daf7,2017-12-04
06c07d5b2696b9631375e2877c955b3b,5fb9d23a8af73d1d81be9447185a10f7,delivered,2017-11-06 18:08:17,2017-11-07 18:15:59,2017-11-08 19:28:44,2017-11-13 20:28:45,2017-11-27,4d1816adb92709672c1c049f8756f542,2017-11-06
b1e7caa2d22ccc061ebfed60acc21b34,32e6efa64c10e606729663be1b71c863,delivered,2017-12-15 17:17:22,2017-12-15 18:31:40,2017-12-18 23:59:12,2017-12-27 00:25:05,2018-01-11,861e2a5848de1a3e8fa544236a8369f9,2017-12-15
7b8327bef89b921c5f3ca8b3769b0a67,11432980fc24e66e242ef4b068659f61,delivered,2018-05-22 17:46:01,2018-05-22 23:17:52,2018-05-24 11:46:00,2018-05-25 14:51:45,2018-06-01,98b730324bf083eb516dd566d0feb429,2018-05-22
5cfb7b2cbf52f4ff3ec4b58f69b02351,962820313fda4b002abfd42659afd2ca,delivered,2017-06-07 00:19:14,2017-06-08 03:03:44,2017-06-08 08:15:05,2017-06-16 14:51:54,2017-06-30,730e4b7ede33b484516435d39ab4dc49,2017-06-07
3bcf5ba4eec8b84af7663e2e261957cc,367163bdcc25d2ab5b6748c0068e0e32,delivered,2017-01-24 14:23:45,2017-01-24 14:35:17,2017-01-26 16:01:51,2017-02-02 14:42:25,2017-03-03,f702d3ff30b8cf5083af2bf140043067,2017-01-24
626434e11c37535d5f24e9d844249b55,7c5b076d0e0538b3a1d4899bd25f9545,delivered,2018-04-03 17:25:14,2018-04-05 02:15:14,2018-04-18 22:38:28,2018-04-27 14:37:32,2018-05-03,5bd86f8bd79bd3de2c99a5af1699b6a1,2018-04-03
745153dbea0349a835594747a878f5d8,00520034b873d2cdfe098fd0a634d03d,delivered,2017-07-07 09:08:01,2017-07-07 09:23:31,2017-07-10 19:34:53,2017-07-14 21:27:23,2017-07-27,f02249d034341b86c6bf3dd4ccc2bd2c,2017-07-07
1ea761b9a18c1852e0121350bee432a5,23b6b5f54a6b751bcdf1013a8aa3e1da,delivered,2017-09-19 16:04:42,2017-09-19 16:15:18,2017-09-20 18:04:03,2017-09-22 22:28:28,2017-10-05,425de63dc10522f292d9772417017ff5,2017-09-19
bd6c3e07e22039cf9560d3369ea396ee,95956d00b808010f2c84f7236260d722,delivered,2018-08-08 16:59:02,2018-08-08 17:10:15,2018-08-09 19:21:00,2018-08-10 22:32:21,2018-08-13,5de57fee97489a43d506193371e3991a,2018-08-08
bfcc7c29cd728eb97a04e55544a978bd,e6a8da622bb70c1d4e4a4380caaf8365,delivered,2018-08-16 09:27:20,2018-08-16 09:43:58,2018-08-23 14:49:00,2018-08-31 05:20:37,2018-09-03,e153beb15fc378036d688c31a8f0f576,2018-08-16
d6304be73ea71f648559447bf4a8864c,b94096f3455e82c42363fd85e86fe649,delivered,2018-04-12 19:01:14,2018-04-13 13:14:36,2018-04-24 16:54:42,2018-05-02 17:32:08,2018-05-14,54cdd104beadeb23cbf5e3606ff8383d,2018-04-12
7c2c4fbf7cfe18df6ed7751cb3bbcfd8,2a4c34907e5d9cac0fe074bfb086bc4d,delivered,2017-04-06 21:46:04,2017-04-07 21:50:20,2017-04-10 13:48:28,2017-04-12 11:57:59,2017-04-27,d3f15df5924e63131bcdac6364b6a6fd,2017-04-06
f2ff1987cab900201f9a73b9c64ec840,d24a2b43fcdbd814c4626a57617d5e71,delivered,2017-12-30 10:52:34,2017-12-30 11:06:11,2018-01-05 19:39:29,2018-01-27 01:36:51,2018-02-01,b881b733865ba9cd59cf94084b62ccb7,2017-12-30
05be057d337a9ea02bb4111d054a670a,d99a24ecc2f7593c35f0a6ab038a3b80,delivered,2018-08-16 12:09:52,2018-08-17 03:29:53,2018-08-20 12:34:00,2018-08-28 17:59:36,2018-08-28,79b02568421e994e50334a23d009480d,2018-08-16
dc258f93f65625347073b8e56ad0fab1,5e045f1de4d7bee72d0c98caecc7695a,delivered,2017-05-08 01:21:14,2017-05-08 01:35:16,2017-05-11 10:38:48,2017-05-17 08:15:34,2017-05-31,1604a52d49c879c184dda78d43edd59f,2017-05-08
7967a55eee7cbaad515789b6f912a283,872816602300f835e0c15f90458e4f02,delivered,2018-01-25 01:45:58,2018-01-25 01:56:47,2018-02-02 19:59:14,2018-02-15 17:52:10,2018-03-02,e3ce8db762f3ec052a1d8b6f6da0d8e6,2018-01-25
b27f1c7278213dfd73349efe9f917974,57b7db7fc8a60f117c4ca88ba371d5a0,delivered,2018-01-30 23:56:06,2018-01-31 01:04:42,2018-01-31 21:07:44,2018-02-20 23:06:14,2018-03-06,dd610cadaf3b8b4d5d685a36b914e4d7,2018-01-30
fd5771079a027230000ab7992a902f0c,8216dbb58369d7e43239401a4a9e4f0b,delivered,2018-08-21 09:52:32,2018-08-21 10:10:28,2018-08-23 13:44:00,2018-09-10 22:38:43,2018-08-28,cf9e80827ab4c21f3ec735ef8b3ca263,2018-08-21
5c6e2b3612d27ef59e6a4a062b8d6cda,5adb85b74d7aafaad7f2ed3c6ee8c9e1,delivered,2018-04-21 12:07:20,2018-04-24 19:23:53,2018-04-24 19:38:31,2018-04-27 20:51:39,2018-05-17,8445873bcdd92958ac21038876888f88,2018-04-21
093a8c168710da385a8c59d3149ea380,c5cef700ee7cc5a1bd23ab842777c617,delivered,2018-05-11 17:05:59,2018-05-12 03:32:38,2018-05-21 11:28:00,2018-06-12 00:28:44,2018-06-01,a252a4402b837d558baeb350811da8c3,2018-05-11
47746dec59be8d0a3591eb2e7ab72da5,40cd839bd652dd62f7943defc8288c0e,delivered,2018-08-15 00:00:59,2018-08-15 00:15:15,2018-08-15 15:24:00,2018-08-21 01:48:47,2018-08-24,8616838509a6c7181b26db78dec86e46,2018-08-15
353d55a2666dcbdf3f003513deacf875,1c8e05297f77e1986a2ed0fe0899bc91,delivered,2017-03-17 19:53:01,2017-03-17 19:53:01,2017-03-20 15:53:51,2017-03-30 12:48:00,2017-04-05,c00a2456a6e0c57cf44a42c364301c50,2017-03-17
54be559c5fcd761b9f2721135626294c,3b7cf779cfb67bdd50db993dd2e81db6,delivered,2017-11-09 19:13:32,2017-11-10 19:27:15,2017-11-13 17:07:28,2017-11-16 22:32:32,2017-11-23,66fe358f824418e792960d23a69236b6,2017-11-09
7c0bdaba8498278860946b0083d258b8,14d6fbd0e24a806c339738b8f3801e0a,delivered,2017-07-25 00:13:55,2017-07-26 02:25:29,2017-07-28 15:10:25,2017-07-31 22:39:47,2017-08-14,63b13fc15bc8996323ba9375d95547ad,2017-07-25
d59576da0f17d86f09c7bd7dba50cf56,62c48c7669b205d2b76a4b0cf96f7869,delivered,2017-05-25 12:35:00,2017-05-25 13:05:25,2017-05-25 13:47:06,2017-06-05 13:29:14,2017-06-19,5d3d7515ca2de6b117447adb4c8a9bb9,2017-05-25
3236504a0e2b1bceb65d32a38f5d79a9,6f0351a1bc68f11b955a7620f251c8ba,delivered,2017-09-15 20:54:31,2017-09-15 21:04:14,2017-09-18 20:32:42,2017-09-20 13:00:37,2017-09-27,3034df6349dbe694c3992f472cd197cd,2017-09-15
2e2b499ad1ed9178bdd1cdb83f3f6000,51bb4e7ac0c888104aecba5a46ec01b1,delivered,2017-09-01 10:13:27,2017-09-01 10:25:43,2017-09-04 19:36:34,2017-09-12 16:21:24,2017-09-20,7c3db55121184d445bec70d421c62135,2017-09-01
b4d81b7ba0a5e97d9b77104dc0f3b82d,707fac20a2b45cac1486d1ba891b629c,delivered,2017-01-27 14:27:36,2017-01-27 15:30:59,2017-02-03 13:29:35,2017-02-07 07:34:53,2017-03-24,4940b91a3fa4f12b278323515e9eac62,2017-01-27
7a91897e9a963e01419698c8927c4a31,20a63f927ff449c4b0c0a3c03b91766a,delivered,2017-12-19 17:08:14,2017-12-19 18:12:25,2017-12-20 20:09:50,2018-01-03 15:59:27,2018-01-18,5634cd59d25f5bf07c51cf24f4464657,2017-12-19
881e07dca72b3b124ea46a389c69bb31,26085b5bf36c821ea31abe21056cb86c,delivered,2017-04-27 10:25:10,2017-04-27 10:35:11,2017-04-27 15:36:27,2017-05-05 14:45:46,2017-05-31,a04bff533f8f03dacf3ea6242bf43abe,2017-04-27
05fb9a42b233b4fb63dcaec6fac364a1,838e6092a13d571267967a79dbfdf662,delivered,2017-11-13 14:19:26,2017-11-13 14:30:45,2017-11-17 12:28:29,2017-11-25 13:09:51,2017-12-05,508b6b77e8b92046abb3221291b02267,2017-11-13
e744b459a81d067a5c0a90c621296e61,e49c5d6699b920c3fb2584ca3492e88f,delivered,2017-11-09 18:29:13,2017-11-09 18:46:49,2017-11-11 18:21:34,2017-11-20 18:59:44,2017-12-06,5163a6683dd68e531436375956cf7def,2017-11-09
8fbf69d27f719cdac15cafeec686eb37,62f5d0403db9849066c753aec113e20c,delivered,2018-05-06 13:38:33,2018-05-06 13:50:14,2018-05-08 13:40:00,2018-05-14 23:38:35,2018-06-05,dbbca9fca7c5df38b618d6e8fce9a0c2,2018-05-06
a11cb431739ce0d512e8a8e96654722f,edc72f4b90998056fa73a1540ac41191,delivered,2018-05-07 13:31:41,2018-05-07 15:32:21,2018-05-11 14:53:00,2018-05-14 14:05:09,2018-05-22,04f2f663f487d69ed819642a845d53e3,2018-05-07
ef5081a78b9104b6c1ed39fb47eceaa6,b369e6cc438b4d684ea2060fdf3bebcf,delivered,2018-07-20 16:46:53,2018-07-20 17:04:29,2018-07-27 10:34:00,2018-08-01 16:08:39,2018-08-27,9bcdaf625493e8a678434f21285182fd,2018-07-20
bda46920fb31dc59b147208200b18377,a572d479e677b3a96864c76278a78411,delivered,2018-08-14 18:22:47,2018-08-15 03:30:17,2018-08-20 13:22:00,2018-08-22 13:38:25,2018-08-24,7e5ea35b3b148a29f6ea845f1096757c,2018-08-14
f06f8d3837dbab6729adfd09ba404938,355171e24235fde9d45d6fe1e445c3ee,delivered,2018-01-06 21:54:53,2018-01-06 22:07:34,2018-01-08 17:54:54,2018-01-11 18:41:45,2018-02-08,dfb7a2966ba44addc521d958835bc5bd,2018-01-06
cfab5bc1dd565468f3ad65f1c79263a8,12d6279ed7cea96f67b94e2b600deee1,delivered,2018-01-26 20:45:13,2018-01-27 02:40:19,2018-01-29 16:48:52,2018-02-15 20:24:58,2018-03-01,368301983b6d4c104b1a2d68513faaeb,2018-01-26
7a7d63579d59c48629269f0d2b7eb894,d176cd60e1e709ca8eb7399c9d82ae67,delivered,2018-07-31 21:30:02,2018-07-31 21:44:13,2018-08-01 11:18:00,2018-08-07 20:43:40,2018-08-14,deeeb992b8b6027bda878b4c16f3d001,2018-07-31
321b1257cfaf6c0ca8a709d230158920,0f93ba90e798d14d87e136f1b9e56f9f,delivered,2017-07-25 13:34:33,2017-07-25 13:45:13,2017-07-28 17:17:53,2017-07-31 17:22:07,2017-08-09,c1da38f46c9e10f86a672d754b4e561d,2017-07-25
2777dd73cc83e92e814ebb6126f236d4,a4c949266758d95f0a1aae3ffd688954,delivered,2018-05-10 11:05:38,2018-05-10 11:36:23,2018-05-15 09:40:00,2018-05-17 18:31:05,2018-06-06,71b9d8684d625ae5ab4933702f75dd6d,2018-05-10
542549172a2d91c8b67d45d819e32955,4107c63786c93fe20a10b7072de5c14e,delivered,2017-11-24 17:09:30,2017-11-24 20:52:33,2017-11-27 21:02:08,2017-12-04 17:10:49,2017-12-14,306200c5476e8e989338402512e219a8,2017-11-24
d34f01a9355c71adcc41fbc504e8609f,90e4610234a323a0a7a5b1aa7e936d9e,delivered,2018-01-20 17:20:34,2018-01-20 17:41:33,2018-01-23 15:41:42,2018-02-22 21:42:34,2018-02-21,5b09c620db60411b0be6f1817c6cbe71,2018-01-20
6f4452481a003461b40a81ffa3605ac6,35da1bb3d702118ffa90db700d531c35,delivered,2017-06-02 13:31:49,2017-06-03 02:30:20,2017-06-05 14:45:29,2017-06-07 17:36:17,2017-06-20,1dd356a5b9f5f8625c7947e4c2d1db8d,2017-06-02
7cf28b17a5d8877124dfc9146f8f78e1,990b1c66b713835e721b5895ce2ec43f,delivered,2018-05-11 14:24:48,2018-05-11 14:35:22,2018-05-14 13:55:00,2018-05-18 20:22:42,2018-06-01,5fe7677db087a1f3a4078a4fa15c7a56,2018-05-11
d0fd9595949095f91592a79bd26a2126,be13ab515f88e8f9214035e8fe642ee4,delivered,2018-03-20 19:58:38,2018-03-21 02:50:49,2018-03-21 22:13:40,2018-04-17 18:28:43,2018-04-09,d2ccf4d2f49347c917f8ff947d7535c2,2018-03-20
5ffd6a2fc18f65496eca65629db6eba6,1d5422d77cda6f6d25d07ce448ba46cb,delivered,2017-12-18 00:08:38,2017-12-18 01:12:54,2017-12-20 14:53:17,2017-12-26 20:09:23,2018-01-12,d31d8f0632e965c338e6e18218900285,2017-12-18
64d23ea3d34bfe1b619e41c2ffef4803,46de9ae3d09a0c15d1915fb34d78bef5,delivered,2018-08-07 12:02:20,2018-08-09 03:45:26,2018-08-09 12:15:00,2018-08-28 20:28:28,2018-08-20,f6abd6353b060d64b10ec5cb3e5ecf16,2018-08-07
0ef7521d9d7e51a822826d40be82fe1d,fba57c8df4c46cb2fcf264c94fe2719b,delivered,2017-08-23 16:22:05,2017-08-23 17:33:35,2017-08-24 19:16:06,2017-08-28 19:26:41,2017-09-13,301a6d74a3eb7cd8e3508a045b8fa2e1,2017-08-23
9039dad04728fa0f311e4fe99c906ccd,94096a363f342f57215e81c0fbfd44d5,delivered,2018-02-13 20:01:03,2018-02-15 03:55:46,2018-02-20 18:17:04,2018-03-05 22:22:27,2018-03-08,116eb01461ae0ac3f20de05d49756fa1,2018-02-13
79f0fd0747eee58c3980cc9cdb2afbb1,cd40f10a04ad8f35228520b212ff43ff,delivered,2018-05-08 15:27:23,2018-05-08 15:50:40,2018-05-10 09:46:00,2018-05-16 20:39:00,2018-05-24,3f2d7b08a695103e3929c7d99b9416c4,2018-05-08
a8eb3317a6e30f715193be7f69b02a77,539b203e7ea0174d6f2d1a09988d026b,delivered,2018-06-21 18:15:29,2018-06-21 18:40:44,2018-06-22 14:37:00,2018-06-25 17:22:14,2018-07-04,482c777982803c3965d28764b9d80270,2018-06-21
0b704d9bda1b350e1350d64af21b3411,cb8886f24409131b3732dad249f2af69,delivered,2018-06-22 15:06:34,2018-06-22 15:20:55,2018-06-28 13:00:00,2018-07-02 15:03:47,2018-07-16,723bb8aa118da56cd7644aa593d197f9,2018-06-22
ef71772d55431467890fda2f45c7bdde,f1a079060149465974f9fafa727d47e7,delivered,2017-11-30 22:17:14,2017-12-01 10:31:14,2017-12-01 18:15:06,2017-12-04 19:28:53,2017-12-19,c0d754ea73f891550ec5cc57f77a34f0,2017-11-30
3ecf2d4b66263a92193724b7c6952574,19859f0215ac8c453a27b6c05bea083f,delivered,2017-06-11 14:55:30,2017-06-11 15:05:09,2017-06-12 10:57:45,2017-06-28 14:42:13,2017-07-12,771743eeb0bb0b235dd0a58fc6e0711b,2017-06-11
25f3c6052aa7604ff162e5a12b77298d,9fd8f92d72e01881424466eb23370df6,delivered,2018-02-22 11:41:30,2018-02-23 02:31:15,2018-02-26 21:25:21,2018-03-24 17:48:23,2018-03-08,05b0f3be535890cfa3de97c815033cfb,2018-02-22
53c898ca05dd376204a04358c8dd0e79,29451cc18357b45bc8cdae2b9ead7953,delivered,2018-06-04 19:57:48,2018-06-04 20:11:56,2018-06-05 14:12:00,2018-06-19 23:14:54,2018-07-19,10ef2ca870387b4af3ff7bf84029109d,2018-06-04
d5dda9f79ce3124e533720681c1f2284,49303575e3cd5eb125afb49fb9e8da47,delivered,2018-03-05 10:52:50,2018-03-05 11:40:25,2018-03-09 00:30:56,2018-03-09 16:58:32,2018-03-15,69f4089980dd7b42129b9e458627ec30,2018-03-05
c02adcd4d6cdbf314bce98868037edff,f120111a6d572640cb8fd0f6bd54dd3e,delivered,2017-06-02 01:24:07,2017-06-02 01:35:10,2017-06-02 11:14:51,2017-06-14 16:42:30,2017-07-04,f5fe2cb2baa77eac7538198feb651412,2017-06-02
5e42dba4fd3b3526ec2c4cc5352caa8e,fcafa6617e67c41f4c443543c44ffc35,delivered,2017-04-24 20:59:15,2017-04-24 21:10:13,2017-04-25 10:37:44,2017-05-05 11:29:02,2017-05-11,dd8d6412f348821c9a9cb8f8cded4e54,2017-04-24
d0917c0a88a601949cde7cec1331de4e,5bac308542721d5c4ebe0b35b6e3690e,delivered,2018-07-30 17:24:20,2018-07-30 19:31:44,2018-07-31 11:44:00,2018-08-07 02:15:15,2018-08-09,449cc3016e1ca9323f603b9347f381af,2018-07-30
6c962a878a13ebc179759b22586cfae5,90412aa593075b1ec797a9dd70c36881,delivered,2017-06-03 14:56:30,2017-06-03 15:05:12,2017-06-06 10:52:11,2017-06-14 16:38:19,2017-06-28,fce50ad3a674fe1e7f05356abc3ee2c3,2017-06-03
8eca0ff73474c8c18f8daa7603c1cff7,90ee5b2fbd0a1a426e75d7679edeb260,delivered,2018-07-25 11:21:21,2018-07-26 07:35:17,2018-07-26 15:33:00,2018-07-31 14:24:30,2018-08-08,f64ada4a21fddbd9cbfe63aadccc6918,2018-07-25
5e526b01963709e583bfc89cac4d9f2a,62c77341170e799a09752c9d636074f7,delivered,2018-02-07 20:48:21,2018-02-07 21:29:14,2018-02-09 02:23:16,2018-02-23 23:11:57,2018-03-20,9dd1f1334f5687ab0e9196d943c5f81d,2018-02-07
4cc2340048994d76ad8665b2ed98e19e,678bbf415fc9b82f51ebb95a642d8c1b,delivered,2018-07-13 19:20:26,2018-07-13 19:30:18,2018-07-16 13:22:00,2018-07-23 15:54:54,2018-08-07,bba29bdc2bd4deeb7bba3c61ea98e012,2018-07-13
a1e8024052c308f63ca46229c6427598,eac5ce6f02a3490935333a3b472dd778,delivered,2018-04-01 16:39:09,2018-04-01 17:27:42,2018-04-05 20:23:21,2018-04-06 18:54:35,2018-04-12,778f3fa51d8cfe7ff150432ebdf9bb72,2018-04-01
99268218a07f08ded2575058ffefb286,0197df52c22d6ef0aa52ffb63ac80404,delivered,2018-06-13 12:43:51,2018-06-13 13:02:17,2018-06-14 10:18:00,2018-06-20 13:59:52,2018-07-24,ae3b415f236744102ea56e54097f16f5,2018-06-13
da21b6d40ed0dd45f179419f72f5816c,0b6707dd98b94c2db232fc406ceb9077,delivered,2018-06-23 10:21:19,2018-06-26 05:37:26,2018-06-26 16:07:00,2018-07-04 06:26:54,2018-07-24,da89c0afa6c6caee1f2621f57c83df39,2018-06-23
7a93502a455e1399090b442409cf516c,2bd62951b26a453e99cea4aaf432ed45,delivered,2018-07-27 14:58:55,2018-07-27 15:31:16,2018-08-01 18:13:00,2018-08-06 18:51:58,2018-08-14,39518dab7aa8a79da80322d53bf504d4,2018-07-27
1b378c6853f2d592f7769653207bc18f,62d50e0c4a22373c286ddb210c2e2328,delivered,2018-03-27 19:36:34,2018-03-27 19:47:18,2018-03-28 23:28:40,2018-04-02 15:26:37,2018-04-18,ede58f021b84526a374123ca0ce2a52c,2018-03-27
711231d01dea504ad47e0d6b7a229592,2e82832f6d95afea279aeb702735763c,delivered,2017-10-13 12:05:29,2017-10-14 03:45:55,2017-10-16 21:17:52,2017-10-27 20:41:43,2017-10-25,c198574f4a2eb6c1f46eb6bef97ff35d,2017-10-13
912a714073cf7bcaa2673fce2ec99d6f,54ce593c879d3d84082ab8d1cd076472,delivered,2017-08-07 13:04:36,2017-08-07 13:23:28,2017-08-15 21:42:22,2017-08-22 18:26:53,2017-09-04,c3a586b0615376fa76a977f3c0039ed5,2017-08-07
54940bd418078f7e912f36eab839928a,0c08720b120ac120b41b9a65b5ae30d5,delivered,2018-02-25 20:26:52,2018-02-25 21:47:44,2018-02-27 00:33:35,2018-03-05 17:03:29,2018-03-20,cabe5d58a88948179aacb62c76c828c4,2018-02-25
89cd76c24e7ea4fe0b9b3fbd660707a8,6520fc39b0d56fe598cebda8bc628888,delivered,2018-04-23 15:11:04,2018-04-24 19:05:43,2018-04-24 22:54:47,2018-04-27 15:22:25,2018-05-16,490a77a1abd37cb670b30cb797371ddb,2018-04-23
215f6b9ea07139e948fae84ee698ff46,1ec6a6fbe8e5d161bdc13d8e00bb06a2,delivered,2018-01-19 17:59:19,2018-01-19 18:20:36,2018-01-23 00:26:56,2018-01-30 15:15:03,2018-02-14,a661e8452893c18cf8cc591aa0924728,2018-01-19
3b84a70de03a9f409e2d164096ef9423,20e5cc9ddedc1a426c64d1d4483ca4d4,delivered,2018-02-10 13:05:33,2018-02-15 04:07:07,2018-02-16 00:19:38,2018-03-14 19:08:31,2018-03-09,bafee9075bdc48c8b2ebd5c980ce938f,2018-02-10
39ce2a3fc7950d2767dd4b01eb49ea6b,d8a819824d42184750f2add6dbe1a5b7,delivered,2018-08-01 16:26:22,2018-08-01 16:35:20,2018-08-08 15:40:00,2018-08-15 21:33:41,2018-08-30,00e984e99fdfd52943156d2d7eb4a5e6,2018-08-01
b4089e5d326faccf865d5ab5463a22ce,3f48e7ee718e4f29c8efb62e940f4b50,delivered,2018-01-20 17:51:14,2018-01-20 18:30:25,2018-01-22 18:26:55,2018-01-25 17:49:25,2018-02-21,10e336f7aa6ab68311320b21b4b6c44d,2018-01-20
9c8f9997340786b7880a6a158c1b2833,ef1ceb05e7a48024426d5b72079380d4,delivered,2017-11-23 11:13:49,2017-11-23 11:27:39,2017-11-28 22:42:00,2017-12-06 20:03:25,2017-12-15,8736226d60e3fb32c5dc88cf02789b21,2017-11-23
96769985957712690cadddb661db2bd3,dd43dd0d642c95dad47beb575bdb3ff9,delivered,2018-08-09 09:34:07,2018-08-11 02:50:20,2018-08-14 10:56:00,2018-08-21 20:24:29,2018-08-22,b722a2beec8ec800c2c5f8d91c575bf3,2018-08-09
5baeaa8bec54f12f0aa0ee4b4d285cf9,9f865243eedd5290cf1d0f8b5d2d1d5f,delivered,2018-01-08 10:22:52,2018-01-08 11:32:02,2018-01-08 22:07:30,2018-01-12 20:57:56,2018-02-02,2c8c7b6bbfa1eccdb70ca22be6739a7e,2018-01-08
48300f948ed1d70ff6e5f733e30e5816,433815e0c6b070fe32e4c615523846de,delivered,2018-06-21 14:37:50,2018-06-21 14:59:59,2018-06-21 13:09:00,2018-07-06 14:51:09,2018-07-24,7dea06d4aabdb61b561a84c13ec11676,2018-06-21
6e98c6485a5b20c9644e1dd3125e40ed,a2a035c4aace1589713c9e84f19510c7,delivered,2017-12-19 14:34:23,2017-12-21 02:11:19,2018-01-09 17:12:59,2018-01-22 10:51:41,2018-01-23,06056712884d6dcbce31c2e54e3c4f67,2017-12-19
ef4bc8427056ff783a9f404b902a26c5,f5aa9f70bbfdee13ec200c5d49177521,delivered,2017-05-16 09:31:14,2017-05-16 09:42:14,2017-05-16 16:02:09,2017-05-26 12:52:18,2017-06-06,1a74d9e5d5382168097ec7008b5ce470,2017-05-16
1b5e2881604b415e9f8ac15e575dfbf2,6ff1ce1223fc24d2a1e47c4f93c3ebfc,delivered,2018-04-21 09:35:31,2018-04-24 18:48:58,2018-04-23 18:27:55,2018-04-27 20:32:41,2018-05-11,272f7bf024e5f4b217f341bdbb0e8aa3,2018-04-21
5d5b8c94e2bc6b963da5af8a4b02bf08,b3860286d6f0e27b14e0760ce77b11da,delivered,2017-01-22 10:08:18,2017-01-24 03:36:05,2017-01-24 13:06:20,2017-02-08 04:57:44,2017-03-08,81e5894ccebaddd81c3199b57bb52e8f,2017-01-22
152f374ff951d09fe5f0e7cdb410dddd,9d2b084fef3c3995d1f071f52c097fc2,delivered,2018-04-02 17:59:43,2018-04-02 18:10:17,2018-04-04 20:04:24,2018-04-12 12:33:16,2018-04-25,a9d5f1a1c75ba4447485d6cf084c53a0,2018-04-02
0114835d7f0b3f674b70a989411e31c1,c865d1d500bae6adb604c4a55a31525a,delivered,2017-08-31 16:17:50,2017-09-01 02:30:17,2017-09-01 15:34:40,2017-09-04 19:57:35,2017-09-13,bc63c4173e1894a960b5e018ad16eeae,2017-08-31
609a013eb5e2933c85ad5367fa77e7c2,1553ab603591b0bcd1db71d3e0bb98f0,delivered,2018-01-11 22:38:37,2018-01-12 20:36:27,2018-01-15 19:42:50,2018-01-19 20:51:53,2018-02-01,e7952171be622fb9a0a1a8ad1eb7408d,2018-01-11
ab2e481b1ef043b41c202628100f6b4b,051039863f6805c5791e5f1eef4b0913,delivered,2018-08-01 10:43:27,2018-08-02 03:05:18,2018-08-03 16:11:00,2018-08-07 21:42:48,2018-08-13,aeb228d2b33805c08b0744db20caa3df,2018-08-01
c4980a38f3fc3aaa233e01aad10e6bc8,c874ff2fcab28e13d850e6a2763d9a8c,delivered,2017-05-10 21:04:57,2017-05-12 02:55:32,2017-05-17 14:49:54,2017-05-24 13:05:18,2017-05-30,cae18f51e216b143f24c5a8be3cbca0e,2017-05-10
747472f67c6d285c60bd732fc28beaf9,e68996d7ba9225ec61f16385285d3ae2,delivered,2017-10-26 14:57:29,2017-10-26 15:08:20,2017-10-27 18:56:59,2017-11-24 00:22:59,2017-11-27,1b25a34c8e47da8c942c2a9b3bab1a05,2017-10-26
06a1cb50e0911f3b04b4f43fc7beb5a7,d1ea36182f1ea8b7ad99e6ffaa8b39a7,delivered,2018-08-20 14:16:35,2018-08-22 04:04:20,2018-08-22 12:10:00,2018-08-29 01:41:44,2018-08-29,3fad6653f88bd60e670e9b21e98a2d4e,2018-08-20
5ccd69da99dd59c9e1c847b22db149d1,02f168d7655c9268a8a7aa7dbd515c11,delivered,2018-02-14 14:20:29,2018-02-14 15:00:24,2018-02-15 20:18:35,2018-02-16 20:09:13,2018-02-22,9f9ef533996a8df927abc43baa27bb9b,2018-02-14
c1da21318eac811a08b2bf209335c28b,13a5f002b69c82752170c60bea8978f9,delivered,2018-07-26 17:13:22,2018-07-26 17:24:24,2018-07-30 12:45:00,2018-07-31 16:42:38,2018-08-06,cfef5d9c94eda3154a09d2a0d2e3e214,2018-07-26
350038b23604468ee252b66f20af1443,4ed9c0afa4ea1132e602cff348fe99f1,delivered,2018-06-11 08:52:27,2018-06-11 09:12:03,2018-06-11 14:21:00,2018-06-15 23:21:52,2018-07-16,b944c3b5b9e091c480931826caac231c,2018-06-11
ac29dc202ed3414563f9093e2dad9ec3,3459d53052af3d604fdd6959e4f73ba4,delivered,2018-05-15 17:36:10,2018-05-16 08:53:17,2018-05-16 14:34:00,2018-05-25 18:04:46,2018-06-12,406eaf0a85fab1b40836838894662be2,2018-05-15
b38d2e3c75d7bf6d8579c98cca3e7285,da90bbab988fd15a113fd67237e1f933,delivered,2017-10-20 16:25:43,2017-10-20 16:49:24,2017-10-23 15:42:39,2017-11-01 15:52:02,2017-11-14,5a56dd0cf6c8cc75c84588c2536cd52e,2017-10-20
dfa48852c93427261c98fb2e01f33bea,416a7d94443b80fbac2522a6d04237ce,delivered,2018-04-05 11:30:04,2018-04-06 03:10:17,2018-04-09 16:27:56,2018-04-23 15:11:19,2018-05-03,c864a13272534c93e342ea4d3f80d288,2018-04-05
f40af969fcf3d71db248ca5459f0b7ca,c18b0f796ac8806c72e1596f5c7ff05a,delivered,2018-06-27 08:43:53,2018-06-27 11:03:45,2018-06-27 09:54:00,2018-06-28 17:55:43,2018-07-16,2fcac4723898e2bda7aaab5e8cccaf15,2018-06-27
2f7ee291b72997159cb01045ac80be1c,575208314408a44ef88dc470406e361c,delivered,2018-01-08 15:00:35,2018-01-09 07:26:39,2018-01-10 18:09:55,2018-01-22 22:53:34,2018-02-14,778a607e77be028910e557f6f608611d,2018-01-08
0355ae43910316435f24cb54605a820d,36774face3b8ee84925f7ed49dd56c42,delivered,2018-04-02 07:07:41,2018-04-04 03:15:23,2018-04-04 20:37:19,2018-04-07 11:56:36,2018-04-13,0246e728843e079b72ae99cbfe711acd,2018-04-02
26e3359543dcca06c00f6f8e77b35358,88857127d83d5963115aa2bffc35640b,delivered,2017-12-10 16:17:56,2017-12-10 16:30:35,2017-12-13 21:38:53,2017-12-21 17:30:03,2018-01-12,2b34211ba6a3e32388f456bf88633492,2017-12-10
13580847458b662c5919901d5d9eae94,e9a257fc7c4210bcc7112b930429f9be,delivered,2018-01-30 17:35:24,2018-01-31 17:30:34,2018-02-02 20:45:03,2018-02-14 21:12:33,2018-03-05,1e82d66d7d43ad6c9973020263131d49,2018-01-30
54744a07ea7246f001d4306e11957265,33b0475b1cc6ba85f0fb4df8f19ec5e1,delivered,2018-01-12 08:37:14,2018-01-12 08:49:22,2018-01-12 20:46:50,2018-01-30 22:36:40,2018-02-19,53cc370257f31bb39c94e8d95d7eca29,2018-01-12
989c69b80eadc79ccae5fe89c92a35ce,2d48f4b0f15931ea30ce7b0d4871dd4e,delivered,2018-06-24 23:18:37,2018-06-24 23:34:15,2018-06-25 10:40:00,2018-06-26 23:25:24,2018-07-05,425ed4a176f663ea120b0ab10cda47c9,2018-06-24
d2ad7c966f9e17a0c52f322d3479b14b,e734e3c32bfec854538b74ae3d618a6d,delivered,2017-11-24 10:27:33,2017-11-24 11:51:50,2017-12-09 00:10:13,2017-12-14 18:47:16,2017-12-18,37f4340bf142d30c274f7bb3756a7b45,2017-11-24
2117b238b6ae0929164d1cf41f3ecb87,616328acb98ad1ecc08506ba227fe9d4,delivered,2017-07-07 17:44:19,2017-07-07 17:55:21,2017-07-10 21:27:43,2017-07-24 14:09:57,2017-07-31,c002670fb7fc29bb3b0193947eac4245,2017-07-07
9bad44921c98e1f220a667504bcffb9e,c5de7db594b246f428940ced283125bd,delivered,2017-03-05 14:28:33,2017-03-06 14:35:20,2017-03-10 06:11:38,2017-03-27 14:28:53,2017-04-06,8c792a4fb7f5d708257abf55fa899ce8,2017-03-05
803e846755032b2a03349c3c158fd8bf,a548a5527de60eac677ca38582b331c4,delivered,2018-05-12 16:02:30,2018-05-12 16:11:30,2018-05-17 13:33:00,2018-05-23 23:24:35,2018-06-07,52d2eea3eef67fd5a005dabddd6b62b0,2018-05-12
d83e73ca49e7e9ec7ba0154139858fc8,e155239b84f65a2131ab4ade06f9fcb2,delivered,2018-08-01 16:43:43,2018-08-01 17:04:06,2018-08-07 14:14:00,2018-08-24 23:11:01,2018-08-22,af5b766ebb8329a34871cbafc1e2352b,2018-08-01
cc672aa344b9001f8d51d35f750d107f,7fc45d4d0cd51ddc60a2fa60545d3fe5,delivered,2018-04-22 23:55:14,2018-04-24 19:24:12,2018-04-24 19:31:40,2018-04-30 15:45:50,2018-05-15,0a883c7633aca714a8a47daa9fa03f1a,2018-04-22
0e9a725e04f3fbc13f28d8f17c861013,0a4570cba5c976d25642d380f906327a,delivered,2018-08-10 21:15:10,2018-08-10 21:30:18,2018-08-13 14:16:00,2018-08-14 18:28:33,2018-08-17,7d87ba0bd6466390cf5d4c9735236086,2018-08-10
fac46d930d37818d176f4c8e00fc5f4c,a956d76d8e64b5faf0097b250b72e713,delivered,2017-06-20 09:00:32,2017-06-20 09:15:12,2017-06-20 13:25:20,2017-07-05 15:07:42,2017-07-11,4608610d6205cfdc1821ebd081f34081,2017-06-20
311c0c9d5ded7efbf324d3552acec666,6b3a5fc1207b995bbc6d83347ee1321c,delivered,2018-01-17 18:49:00,2018-01-17 18:59:32,2018-01-19 03:09:54,2018-01-22 21:48:37,2018-02-14,fd398d491fbe219c1252de61d7782bc1,2018-01-17
f2662c10f76b66a3a807be48f94dfd66,c22f3ac8de3346463bda205c4296379e,delivered,2018-08-08 16:19:47,2018-08-08 16:30:16,2018-08-14 15:03:00,2018-08-20 14:11:45,2018-08-23,75ac1e377342a28517b8d98af5f0b1e4,2018-08-08
2279e81e4cfd1c590ccbc2e0b9c1b90b,612c2e9ac0cdc41ded0c67720f8587d0,delivered,2017-09-20 22:10:16,2017-09-22 04:10:11,2017-09-22 19:22:21,2017-10-11 18:22:27,2017-10-17,d845a8a9a1a89add6ce3eeaa73b8997a,2017-09-20
755290851cd81ecf1413e13653ada744,ba82dad40a1950a7392679dc46606074,delivered,2018-05-01 17:12:58,2018-05-01 17:34:41,2018-05-02 15:58:00,2018-05-23 21:52:35,2018-05-28,87fbeb9da587da1bc437aae0b822bdf3,2018-05-01
f1487beee9bcc5d6921a3e5ddcb63623,1f96d58caf84db1f8af2eac92a2e2968,delivered,2018-05-27 16:40:54,2018-05-28 16:51:36,2018-05-29 14:04:00,2018-06-01 14:28:52,2018-06-21,374a977249df7fd838c1fe68843b33b1,2018-05-27
9bf8dffacdcc34d7b4eb1a398cdcc0f6,7ef362fb4b0b6ce80ae7de985fb583cb,delivered,2017-05-03 18:07:05,2017-05-03 18:15:18,2017-05-04 12:26:02,2017-05-12 12:59:26,2017-06-12,e0d9036aa26d37bd52c8dd37e87bcc99,2017-05-03
dfbc33cff2a152885100315aaf23478f,604084386640342e07bb36a1ce3fa4ba,delivered,2018-04-02 10:50:00,2018-04-02 11:09:21,2018-04-04 00:02:31,2018-04-10 15:52:38,2018-04-19,2445f097cc034cce36a2f10986657205,2018-04-02
181777e7d3379b0f81d408dfa33487f1,d30e1ada49b2fba761241d26e815e6c9,delivered,2017-11-26 13:10:35,2017-11-26 13:31:07,2017-11-27 21:28:54,2017-11-30 18:32:42,2017-12-15,3d29ce2273f63b9b234452606791b855,2017-11-26
2dd47667ab3bec7cff8e8a49bad5224d,23ad6c6515035baf49e83b3ab9d08e8f,delivered,2018-07-17 14:18:42,2018-07-17 14:35:16,2018-07-19 13:36:00,2018-07-26 01:45:50,2018-08-01,12b615c8a3e89845cdfd6933060e1db3,2018-07-17
3bc3db2c8da17bdf6b0344b1a2ed7cb8,93e2075ca34bbd26f71a0a0f3846d10c,delivered,2018-08-01 13:56:49,2018-08-01 14:05:18,2018-08-10 19:12:00,2018-08-14 00:54:35,2018-08-08,a3ad86e859f1d0466bc1beb77fdf218c,2018-08-01
d9a17ac96892f32022fa3b979bfa7929,c1f352ccd2d031ce7548940f091677bb,delivered,2017-03-21 16:14:01,2017-03-21 16:14:01,2017-03-22 11:23:36,2017-03-29 15:58:14,2017-04-11,b9b186f596e27aa2e6cf14037b9e5781,2017-03-21
961cb4ae528f3707251cede6d513f8e8,2e42ade022b6fcc186be7e99cc17371a,delivered,2018-01-07 23:39:23,2018-01-07 23:51:24,2018-01-10 17:00:35,2018-01-29 23:12:11,2018-02-01,089c00c6a00d268888c4b66b6ec0c474,2018-01-07
17ce4ce87048e4d27da01a07f97dafca,f1b6544acd44a33f0a0bcff35db32545,delivered,2018-02-12 22:33:58,2018-02-12 22:50:23,2018-02-20 23:42:16,2018-04-04 22:38:49,2018-03-23,0f6e5697c39fb98ee5ebe5d16199f6e6,2018-02-12
6bddfba55a760cef67198cac2bfcd0d7,b4fd3585cfff96f1762daa6a4c375895,delivered,2018-03-28 09:24:36,2018-03-28 09:35:13,2018-03-29 17:19:17,2018-04-09 17:56:30,2018-04-17,6bfe4618e750145c9acc9987f9ba161c,2018-03-28
88b67ddbb7527017f796c80b3bb38051,c9aaa3f209648a958d0235415a9045f0,delivered,2018-03-04 21:08:19,2018-03-04 21:28:34,2018-03-05 16:17:41,2018-04-09 18:28:50,2018-03-22,10080cf8d46d43de1133521a8567b153,2018-03-04
75b1511f0476d39acfcfdba6d11b0db5,f91ade93850e6834ac6e241c2ad52735,delivered,2017-12-17 15:28:02,2017-12-17 16:36:28,2017-12-19 18:33:01,2017-12-20 23:24:45,2018-01-05,1c2d9586a288f287f1de389496e05bda,2017-12-17
23ef69b3ace250bf5783e918620f3919,1bf39be5be5d9dbf2a3ab9338e5d3f75,delivered,2018-01-10 18:54:07,2018-01-11 02:48:37,2018-01-12 20:49:47,2018-01-26 12:05:03,2018-02-09,963d14a46504f516c2fa68f3f67837a9,2018-01-10
3eabaa998b43c58b0d27b9afa79060ad,3597d588ad764ca2e11ea16ffdba3f15,delivered,2018-06-23 22:38:49,2018-06-26 05:15:17,2018-06-26 19:43:00,2018-06-27 16:08:55,2018-07-18,109ee69499d4bd216b76e739256d1275,2018-06-23
df81dcb40098fb783a6525fa2f868bc9,749a270cfd211b20bea5c61663a99542,delivered,2018-03-24 16:43:58,2018-03-24 16:56:07,2018-04-16 13:54:53,2018-06-20 22:32:03,2018-05-04,c32c120fa230c291ecc017406aa2f39d,2018-03-24
e94157cd8482dadb5e152f977ac0a097,dc5c40dce0690e12fe40479b48e6136a,delivered,2018-05-02 22:01:31,2018-05-02 22:34:55,2018-05-07 11:52:00,2018-05-16 12:46:45,2018-05-30,0627ce0efe3310e23f89dece5347fd7c,2018-05-02
d9184093392a8a7af118edd2a5c9aabc,64e713e5efbdd5001798009ce232a2cf,delivered,2018-04-17 13:02:36,2018-04-19 02:32:36,2018-04-19 23:13:06,2018-06-11 21:19:52,2018-05-23,df337cbab6be26f9b38fe5a9b930369f,2018-04-17
610883752a98dcefa38fa9715c6b1e84,5fa7cd781c9f6a804a129880359ad5af,delivered,2018-04-09 18:32:37,2018-04-09 18:49:57,2018-04-13 21:11:22,2018-05-04 15:57:53,2018-05-11,0cca3951123a69f3715dcdbd8c66cdae,2018-04-09
69a156caae0c7a948c64e7eacb64d29b,3e5f38e2c9b854ebada680e510dda33e,delivered,2018-01-16 20:48:19,2018-01-16 20:56:23,2018-01-17 23:18:35,2018-01-25 22:07:20,2018-02-16,dbc64f4a749c106393e5ef492b07affa,2018-01-16
15857ef312413c5064710f14e7d98e39,7102a330fd35abe282bb2fc65e0a73d6,delivered,2017-12-16 17:35:16,2017-12-16 17:51:18,2017-12-19 21:13:12,2017-12-26 16:10:46,2018-01-16,7231aa625ae14a0b99086ef43d1a13f7,2017-12-16
7e4d4a50dc999bcf59d2e055db0f4b37,3ea256d0100550636253563da3e913bc,delivered,2018-01-08 01:30:12,2018-01-08 01:39:20,2018-01-08 22:37:51,2018-01-19 20:49:02,2018-02-07,8c7be63e191ee9f0045e3b61a4d44867,2018-01-08
06f8ee6a5ff26786c382b4fcf5b8ebe7,49d6722c4381c0f4240be0e3fdb6a883,delivered,2018-01-31 01:28:37,2018-01-31 13:50:15,2018-02-02 01:51:11,2018-02-06 16:23:53,2018-02-22,c658db7225bd629c88fb83fa5ff600b0,2018-01-31
74e98d2b01c0fd8e1357032c441f09a8,cd6e6f1b097d039e246e47947cfc72af,delivered,2017-12-08 16:09:17,2017-12-08 16:33:17,2017-12-19 19:04:24,2017-12-23 14:58:40,2017-12-27,3be210593f442102f5405aca65741910,2017-12-08
8d0b3f3857cad208492c3819a7a00d19,03dd76182616355a18dccf1cdff44387,delivered,2018-01-26 15:23:41,2018-01-26 15:40:20,2018-02-01 22:31:58,2018-02-02 23:14:42,2018-02-09,787c604131b47935933af5420f92948f,2018-01-26
8ac6c055babd36dbe48009daf04f005c,1197106d62f4c83ea269b02688cfe1fe,delivered,2017-08-21 11:22:28,2017-08-21 11:46:34,2017-08-21 18:44:33,2017-08-28 17:47:35,2017-09-13,6cafbda86e863eea0b6a5c524807454a,2017-08-21
1e3b9d2c4434c46d11134509fed28b54,827cb645caf0355a76fafd776556298d,delivered,2018-02-07 16:54:06,2018-02-07 17:10:02,2018-02-08 23:57:56,2018-02-20 23:22:33,2018-03-09,87e76f73eaa645d3a9558ef3eeeb3969,2018-02-07
7ef3a4439f550deadd7bc3891b2f6242,bf10e50eb561c7452408cd5bd57216aa,delivered,2017-11-04 14:31:26,2017-11-04 14:46:33,2017-11-06 19:55:10,2017-11-14 18:49:07,2017-11-24,7c5cd64106c9160122fd28b026cec28b,2017-11-04
f481e2c2c039ab1665d048d7e2cf5e00,230c0d740401730c7197d16376893525,delivered,2018-06-06 16:53:30,2018-06-06 17:13:05,2018-06-08 14:46:00,2018-06-13 20:48:25,2018-07-17,a302a693d5722d95984e6472150b9391,2018-06-06
bbcf632e5c697b7e9666005c55d10a80,0275161cf1fc69fd8f5412ba423a3004,delivered,2018-08-14 13:06:12,2018-08-15 13:05:16,2018-08-17 12:04:00,2018-08-20 11:23:46,2018-08-17,a3ec147258387f5e0fa36bcc438dc265,2018-08-14
150161e8b962f031342e9bdf81e414b5,62da25df6b23b7d0b851e21877179db4,shipped,2017-09-29 06:48:03,2017-09-29 07:05:06,2017-10-03 16:14:43,,2017-10-24,e4d18909afd252a0289765acc614d3e0,2017-09-29
caf1e4cf5f0a231f4b65e485884dc4aa,a2351b4f46e79239f0d91736b68598af,delivered,2017-11-09 11:46:27,2017-11-09 12:06:34,2017-11-10 17:38:31,2017-11-16 19:54:32,2017-11-30,0f07f80fc5d33a2d274a55d022b88346,2017-11-09
58b6ba8b093f594c51924dec61ce44ab,168a3986b2659eb86cf4738f5b50575c,delivered,2017-11-30 07:05:54,2017-12-01 11:31:30,2017-12-01 22:28:54,2017-12-12 00:58:59,2017-12-22,9042420e17b325e74ea6ec6bd1749672,2017-11-30
75e0a6d2e57dd8ad70355c1b44acdde4,d789c00ea59fa11aa39ed8ca4567656d,delivered,2017-05-04 17:27:01,2017-05-05 17:30:21,2017-05-09 07:47:57,2017-05-17 14:45:24,2017-05-31,c1af67e73acdb33638179ec6cb0fbd3c,2017-05-04
3b525abce4eeb08f96537636dc59dc2f,b72884b762d45943f29b2b0a10cccc7b,delivered,2017-08-31 14:25:36,2017-09-01 02:15:32,2017-09-01 16:13:29,2017-09-04 20:14:01,2017-09-22,98eda808a1a1f5eae63872339947363b,2017-08-31
343a5573915ce27b1a6200e1656b5049,3316210707aa526d6607add03d086ec7,delivered,2017-03-24 19:36:28,2017-03-24 19:50:16,2017-03-31 07:43:55,2017-04-07 13:20:25,2017-04-19,bb57dad1e3e471424bbb314b2716a8f8,2017-03-24
1cd0c408983d3898972c78f60ec9fb6a,bcd6177c66b0830d80c820029b484afa,delivered,2018-06-20 00:10:54,2018-06-20 00:39:27,2018-06-20 12:18:00,2018-06-26 17:07:39,2018-07-17,d8bb5f7280c7059917ab14b48316538d,2018-06-20
aa207ae2ca98908eb855463f1b385a2f,9ca7f08d53801eb5a2d5f25e208a1c46,delivered,2018-01-16 20:07:24,2018-01-17 09:50:47,2018-01-18 21:08:30,2018-01-19 19:09:25,2018-02-06,2dfa84678cf582970b2dbdf1545d3914,2018-01-16
5977d8425a6b519d6711a0beeb5a98b2,8eda6cbc50b3167587a573a6a1242706,delivered,2018-04-05 17:25:17,2018-04-06 09:10:15,2018-04-12 23:58:27,2018-05-02 15:06:43,2018-05-02,423ddcb7c0603e732d87bcc5c87eab9c,2018-04-05
f0755c7d99a4a7f0bfa967f87d657855,5046f368e69df3131e108c966fbe93ae,delivered,2018-07-05 12:26:16,2018-07-05 16:32:14,2018-07-05 12:23:00,2018-07-13 21:27:50,2018-08-02,5a7f5b58b807e5530c7973eda417c7b6,2018-07-05
6b5c76c2c9615b42e0c2b7efb11b60d7,645d4fd3f4546d7c9592576665711186,delivered,2018-04-03 21:24:29,2018-04-03 21:35:21,2018-04-17 22:38:18,2018-04-24 21:14:41,2018-04-27,661ada8f1f0f348790c6b9ce57d51f55,2018-04-03
7de2a03405b2f8af2b71ed46371bc149,13431a9121307b4780fd792c4d248684,delivered,2018-08-05 13:40:45,2018-08-05 13:50:16,2018-08-07 12:25:00,2018-08-20 23:48:39,2018-09-21,13e39727a16c31cb2f91569351b31d13,2018-08-05
c74d3a9c61db3b1be7b8c176eab1aa09,00a02bdfd1741b999de5e2ccfdb8cfc8,delivered,2018-02-12 17:24:28,2018-02-12 17:35:30,2018-02-16 19:08:49,2018-02-26 15:04:25,2018-03-06,df0c259fcd231dc0a72eceb0bec4102f,2018-02-12
1f71efbfaebd22c0da59bae196d291de,179fbdb937d5132aef21b2eb306b5728,delivered,2018-01-02 19:41:40,2018-01-02 19:51:14,2018-01-03 23:23:29,2018-01-05 19:27:38,2018-01-22,58973349ab1ddeb09dd97ed337f84307,2018-01-02
8b2f2cd82e97ed3395472c59926813f5,721c2a55dc12b16e86db92484b72ea06,delivered,2018-07-25 20:04:10,2018-07-25 20:24:25,2018-07-26 10:01:00,2018-07-30 21:18:46,2018-08-08,df7303b10f07a9143b0dd5fe4f63efdd,2018-07-25
e1552c6d3287763b12753fe05f2c722a,b336ed3115586176396de6b9a5912f61,delivered,2017-02-26 18:54:24,2017-02-27 06:45:12,2017-03-03 11:41:53,2017-03-10 12:18:00,2017-03-24,6348829d3b389d7c6c77a4a067fa8132,2017-02-26
e1ffbd708395d8b207349e2d6eccb54e,32e9f39916dd3afb917ded71c283b62e,delivered,2018-02-26 22:44:53,2018-02-26 23:20:28,2018-03-01 21:49:30,2018-03-17 10:50:42,2018-03-19,6e460856195e00f6820d7fa4f7a0e122,2018-02-26
298f6fa064cd036a4788f7f177170261,92c88b64cd65b23c50a7df5570180112,delivered,2018-08-15 23:20:59,2018-08-15 23:35:12,2018-08-17 15:30:00,2018-08-23 18:44:34,2018-08-28,142c69e8f64ff2f2705e6696f8e18a69,2018-08-15
e1ddde6d32d1576c0f85464c2127c908,a941cd543f016830b41ca8f58f529dda,delivered,2018-07-25 13:12:32,2018-07-25 13:25:10,2018-07-25 14:54:00,2018-07-27 19:35:29,2018-08-02,e0df65960db16561c7b29929dca0798b,2018-07-25
b5c4db08aa2596516e8e23acee055374,c3ab592349e6996a4568be61ce122ed7,delivered,2018-08-18 15:46:23,2018-08-18 16:09:45,2018-08-20 14:28:00,2018-08-30 13:46:33,2018-09-24,5a9749306bde2b86113efa96bbeb201a,2018-08-18
4125f12333bad3b4866e6145396cf2b1,9861537e091dfc7425658421be802bc3,delivered,2017-11-28 15:54:45,2017-11-28 16:17:40,2017-11-29 16:12:59,2017-12-20 00:42:36,2017-12-18,1bc024c51c78ef78a1d327fbc53afd2c,2017-11-28
1ab115802be10ff22d8907afe81ba5b0,ba43fce88d51851ce5448562ea461800,delivered,2017-09-28 12:59:00,2017-09-30 02:28:36,2017-10-04 17:17:51,2017-10-10 23:32:51,2017-10-23,f53946a0b83c7b3fec0589db66c5bdcd,2017-09-28
a9cc8ce28b99a1cc075cb04ab19010c7,cfaa50273d7dd437aaa48b344de64ba5,unavailable,2018-01-19 02:48:54,2018-01-20 09:09:42,,,2018-02-16,c036799f1b7d9832bfa372f83278182a,2018-01-19
40969a63dab14f62173be9affecb17d4,17fca115dc7594822bac3b95f3dd7b48,delivered,2017-11-07 13:54:52,2017-11-07 14:10:27,2017-11-08 22:46:55,2017-12-02 14:47:49,2017-11-30,353ec5031b3cf8a8011bf0e43260ffef,2017-11-07
e7869ef0f308ee59d80cbef29044e126,624d88e25a8f2d2810512b5789a746a6,delivered,2018-07-06 09:47:20,2018-07-07 04:35:12,2018-07-10 11:30:00,2018-07-13 12:50:55,2018-07-23,2b18fa6313971489a081a55d1bcb95fd,2018-07-06
6e3224c4911f8c73424e7c2c7678c01e,c6f44437a40998d36d6eea7e18b7624d,delivered,2018-06-17 13:20:11,2018-06-17 13:39:54,2018-06-19 13:34:00,2018-06-22 19:27:43,2018-07-13,ba4f22f743d64ca550728fa303d1ded3,2018-06-17
140ae5224df379e09df7cdf376070834,a181f2c0ff9c02e25356c0b204fe2fbd,delivered,2017-12-26 19:06:04,2017-12-26 19:13:29,2017-12-27 19:43:20,2017-12-28 21:27:33,2018-01-15,dfbdcd19886863af4e5ace2e62d870c0,2017-12-26
906368486fd64a44a16e7190972e3f3d,8ca3f53ee03ef2d704294900becc8be4,delivered,2017-07-25 11:07:09,2017-07-25 11:23:19,2017-07-26 14:22:22,2017-08-17 17:59:02,2017-08-24,604370d28a287c6f42754c73f66bd1c3,2017-07-25
d0854383bd7f07269443ac3d3251b20e,5daa895208c8b73bc1323576ef54cf2b,delivered,2017-04-24 20:23:35,2017-04-24 20:42:25,2017-04-25 09:28:43,2017-05-04 14:56:32,2017-05-11,ebaa549e2bb94d334c05921f2519d434,2017-04-24
6d9f6e79f1664d6ff8e74dd03f8a5b43,3286dc0c8839240d2819af3135d5b761,delivered,2017-05-24 18:50:31,2017-05-26 22:45:14,2017-05-29 10:01:49,2017-06-07 15:06:58,2017-06-28,e2df93e515e47d7d9d2fa427bd50e272,2017-05-24
f2a7c9304a6eb306550a89725c577fe6,06b1837a8f2cabe23495d0c93519bc26,delivered,2018-02-23 08:34:18,2018-02-23 08:48:18,2018-02-24 01:16:23,2018-03-05 15:10:29,2018-03-15,6aed443e875746822eacf2502f52a778,2018-02-23
6d042d20c3b7deb350697e1448f066a9,f6e6c22f0f45f1e57d6eb674bc6fdb3b,delivered,2018-02-17 21:38:22,2018-02-17 21:50:31,2018-02-20 18:35:17,2018-03-13 16:47:14,2018-03-14,1704f51ec0dd1a546d6d9333d80737b7,2018-02-17
a4393c3b5a8769765b6bffedbb5c72e1,d740683d51d1d54dc4dbb5eed9b54d62,delivered,2017-07-26 21:33:58,2017-07-26 21:45:18,2017-07-27 19:16:33,2017-08-10 17:08:12,2017-08-17,db8f20eb2d6a57e2e187142f6d400be1,2017-07-26
a9d7007718934cce4ff47e8f50234160,05c54d191e1209713117327c72caa8ba,delivered,2017-10-04 17:36:02,2017-10-04 17:50:13,2017-10-13 16:59:36,2017-10-27 22:48:24,2017-11-10,8df4a274d14079e3698651b02c3da51e,2017-10-04
fb2aa32b042bc39e28a5d6ba5a37f51f,77a5426b358fde73567d7061bf886850,delivered,2017-11-13 14:10:53,2017-11-13 14:31:22,2017-11-16 21:39:34,2017-11-21 21:22:29,2017-11-27,84724d5d1b8330a86d1b683db20041ed,2017-11-13
17d0317e0d3f083fa6f59927059e98b3,acbb229e2d5d6029df9171da81524406,delivered,2018-07-20 23:41:46,2018-07-20 23:55:11,2018-07-23 13:54:00,2018-07-25 20:18:35,2018-08-06,fd3633efbd5dfec778e7465684856103,2018-07-20
b77b1acde92cb97127a051d14f608908,e7f8439921b9951bf47bf39a2273dbcb,delivered,2018-08-18 15:58:52,2018-08-21 04:29:30,2018-08-21 13:05:00,2018-08-27 14:17:49,2018-08-30,be7816f461c5141d0fd0c0048e9aae51,2018-08-18
673414c4a1bf9b72b8b6ff0d9decdfc6,18ad953cb2e41768f9d27a594bde4efa,delivered,2017-08-02 09:01:49,2017-08-02 09:10:16,2017-08-03 14:22:58,2017-08-23 11:58:04,2017-08-28,11a3148cf0bc61a3fa3f4b46a79825a1,2017-08-02
61b2314bd576f3d792e46e1d56e51ee6,252320b02b6877b2711685552925e55c,delivered,2018-02-14 13:12:39,2018-02-14 13:20:30,2018-02-16 02:24:50,2018-03-07 01:15:51,2018-03-07,688b3742e1811e97ff40b56440cd15f5,2018-02-14
23324e673e59ef245b4737662ca5f38f,3ce59fef19c0df112d2a59bc25cfed72,delivered,2018-06-08 13:53:31,2018-06-08 15:32:01,2018-06-11 10:53:00,2018-06-26 09:27:38,2018-06-28,e8f9040fd2735978f747176a6a9b4cde,2018-06-08
01ea9d9ce4b86204f82b79184897371c,47f5f43c79b29aaeec92a9c5e817ff6a,delivered,2017-03-23 17:38:28,2017-03-23 17:50:23,2017-03-24 11:09:57,2017-04-03 13:38:18,2017-04-13,ca7304ae5735c22fa2df5803ad417ea9,2017-03-23
e93510a1b0e70c6f717c60f67ad314f2,50abb603ddaaaf168342706ce6861eb3,delivered,2018-07-03 22:26:39,2018-07-05 16:33:10,2018-07-04 12:59:00,2018-07-13 20:41:27,2018-07-24,04a232f2814cedb64eb5f2f89b820d95,2018-07-03
d2367d3ad2d3cf4378982734fa4060e9,0439e73f088869583242f6949729865b,delivered,2018-02-03 10:09:29,2018-02-03 10:33:41,2018-02-06 23:09:07,2018-02-07 22:06:50,2018-02-21,da1d954bedeff29f27fcd75f3c218795,2018-02-03
353f19bd937d256e95b40e479616f7f7,931c6a6d642ffe492b4992e2f7f03e12,delivered,2017-10-24 20:36:34,2017-10-26 02:56:29,2017-10-27 18:42:15,2017-11-01 22:03:09,2017-11-13,a03d515e10d0d239200d63d7954d5d3b,2017-10-24
76cd8bdf29b1ad8f6dad715d6ad8fe90,f3ea766418f91a35a84d530bae7787ff,delivered,2017-05-10 13:17:10,2017-05-10 13:30:16,2017-05-11 12:24:29,2017-05-30 09:42:28,2017-06-01,71a92fd3087501bcfba6e6e1ef7e8fd7,2017-05-10
f1399aedb8f60ef761703ba13808e39e,64042b2284d62375ab149d343150c5d7,delivered,2017-12-06 13:31:03,2017-12-07 03:10:44,2017-12-11 11:09:25,2017-12-21 15:41:52,2018-01-10,315b46c034e62923d7cf1870d173fadc,2017-12-06
c74223049609b069ad87a46eea34ca45,f98fbfd407aa1d89e5b962bb50598362,delivered,2018-03-23 20:43:29,2018-03-23 20:55:49,2018-03-26 23:42:58,2018-04-19 15:52:28,2018-04-13,b915ffc872ac39e8f41d5e78964b7162,2018-03-23
27d7b0ed49fd70b7706ee5e23773fd8f,b4118c50b8cca915cbf3a374e1232016,delivered,2018-03-03 17:11:27,2018-03-03 17:29:13,2018-03-06 21:46:48,2018-03-27 01:22:48,2018-03-21,aa3d117e569361959283b1e267bb785d,2018-03-03
253bf86c38be4d6ffa40eb641a356d69,3ce59025544fc3c3c550117526769136,delivered,2017-07-19 13:43:45,2017-07-19 13:55:17,2017-07-21 19:05:28,2017-08-01 15:17:51,2017-08-09,290df4e7045a530a6d60f73af2aa6a73,2017-07-19
57017d14757e9d74934069673c5aaed0,922f7b509a03d443ecae48f35ec48731,delivered,2018-03-03 14:31:06,2018-03-04 14:28:33,2018-03-06 18:11:45,2018-03-07 20:19:15,2018-03-26,fb439305b7004d4a8eb0e38b2534706d,2018-03-03
98dfb59cc8884799f0bdb54acae8735e,c0a3de8a20cba69ce61ab364f4f399f9,invoiced,2018-01-23 20:43:51,2018-01-25 02:39:21,,,2018-02-15,d38a3c8fab179f1a27cb62f8d34495f3,2018-01-23
01a921eb5bf5df0c2990e62563ceca49,e91aaba52c45b2044c6dc4319af54a5c,delivered,2017-11-26 20:51:06,2017-11-26 21:13:35,2017-12-01 23:41:52,2017-12-11 18:13:19,2017-12-12,595e86ccb5e139b87f2585257597b82a,2017-11-26
cc2c9f065b80ba7b4e8e93ea34ce92ee,53feddead8a794c0519be56bf7f873de,delivered,2017-11-07 17:06:22,2017-11-07 17:26:59,2017-11-08 20:31:57,2017-11-10 20:55:33,2017-11-30,a429bbde0a056a11524a63d5c8824d2f,2017-11-07
29284fa4927edef7e2917032b560d0da,99801ed471ab83e025d2724854df91a1,delivered,2018-06-30 20:39:53,2018-06-30 20:50:11,2018-07-03 13:52:00,2018-07-10 16:11:55,2018-07-31,f6d113e0d47098366091e5e65be0794d,2018-06-30
0191b6a5a70bcbc6cdd39427f216602e,3f62271cc144183c56e7db438c8cba08,delivered,2018-08-22 09:40:25,2018-08-22 09:55:20,2018-08-22 16:04:00,2018-08-27 18:17:38,2018-09-13,56e1345d266f31c440bb8c809fcadd02,2018-08-22
8341e99159d0cde5b28d7915b011ce2e,a66712c31e8c65998902f67af30ec475,delivered,2017-12-14 14:32:32,2017-12-16 02:36:39,2017-12-16 18:03:03,2017-12-21 18:03:38,2018-01-15,c49760f3652f57abae1908ae0a452350,2017-12-14
7a9eecb7f60a12e85ded231ebe12b842,cc36b3fd72b73a5ac271fb56f84404bc,delivered,2018-04-05 08:21:18,2018-04-06 08:28:56,2018-04-07 01:16:43,2018-04-12 17:58:34,2018-04-23,c65c39207d8c051e9dd8aed721115a48,2018-04-05
689d9b46b0376ea4ebaeac46ebd6fc18,682380c5455a7716b8569a535fc4d31c,delivered,2018-06-07 17:53:07,2018-06-07 18:17:22,2018-06-08 09:58:00,2018-06-14 19:14:58,2018-07-03,b429f454ae59c31efffbce6cf260b267,2018-06-07
665bf879d521fe72a93430b55f6d5e54,248224efe0c305ad9ec1a18568e569b4,delivered,2018-04-28 09:58:28,2018-04-28 10:13:39,2018-05-04 15:54:00,2018-05-17 23:38:45,2018-06-04,8c6958dd9f5feca9795c89fde9166c87,2018-04-28
6dca4fd46289b9234c1a6df64d1468fd,0dc788e30451d4766e5563f1686d9fc5,delivered,2018-03-16 15:48:47,2018-03-16 16:09:49,2018-03-20 01:52:31,2018-03-29 22:08:26,2018-04-11,5d2dfd15300a557c1ddfad56a8460226,2018-03-16
f2f137f9fe17507557ca6cae0804094c,36ccc47e1affeae9156a259de7d95025,delivered,2018-06-23 18:28:23,2018-06-23 18:58:14,2018-06-25 17:50:00,2018-06-29 15:38:51,2018-07-17,942f806a996896381e52bea4fffc89fd,2018-06-23
d264421b887f4e405264ade6f808e63f,83803ad661a17dbfd4bb1d1504dbc659,delivered,2018-04-21 18:42:03,2018-04-24 17:22:24,2018-04-27 14:58:00,2018-05-03 17:58:43,2018-05-10,21c471e47c2bcaaa328a8b6b5f2faabd,2018-04-21
1cc72bc4fd5f884840d38a69a4c857c6,f1910223d0338fc32ac29b542ade28a6,delivered,2018-06-17 18:18:42,2018-06-17 18:34:07,2018-06-18 15:02:00,2018-06-25 11:12:51,2018-07-23,67be3c141900e159ddc8906888d4887a,2018-06-17
c49df0876643772fc41aa1bd470fe6e5,2be3fb811dc248c1a492b00121776c9b,delivered,2017-09-10 11:32:32,2017-09-10 11:45:15,2017-09-12 20:12:05,2017-09-22 20:39:50,2017-09-29,e33f5bdfeeb32ab9d12ef89ec1a99179,2017-09-10
8a43a2a954395f1f2911a8280575ab9c,56e8cb7692d76a84812cb3c93e1bcaf3,invoiced,2017-06-06 19:26:58,2017-06-06 19:42:12,,,2017-07-03,81ba91c294c42c45926e79a6527b8c66,2017-06-06
0eb0fc0795a4151d4ab39640998b0af4,e085f7dd45cff397f388c800b5f5c7a2,delivered,2018-01-06 16:48:29,2018-01-06 16:56:25,2018-01-10 18:29:00,2018-01-30 22:16:08,2018-02-16,4e22aa08fdd6afe3b1c9d0adc23694c8,2018-01-06
7db9af6a773040b8776d2c4ab7f7b7ef,0e7752ccbc011470fba6ea7c84499e32,delivered,2017-04-05 17:28:55,2017-04-05 17:43:07,2017-04-06 14:54:40,2017-04-11 13:47:39,2017-04-28,3bc5ba33ab9b05bf23a44d88debecc74,2017-04-05
a1a75968427f169ccdf38158a56b9151,2c8caa2f52a7abfe77e93f198a3af0e4,delivered,2018-02-07 13:45:06,2018-02-07 13:55:41,2018-02-09 00:49:00,2018-02-26 16:49:02,2018-03-07,44394fcf3dc63ce77a8714ffc35f65ef,2018-02-07
bfe8c448781919b17936bdd844baefc4,bd7bfa5c367329c0ab4478160a7b992e,delivered,2018-07-31 20:38:02,2018-08-02 05:30:51,2018-08-09 13:25:00,2018-08-15 15:28:38,2018-08-17,614e87ddad7bba047be9897c8faeafaf,2018-07-31
05cb67bde9e73ef4ed72519d1497e006,18b70c2620ae375bc887c4a472178764,delivered,2017-03-20 09:54:19,2017-03-20 09:54:19,2017-03-20 11:29:05,2017-03-24 10:21:37,2017-04-17,4b99bc966b8a9c4975ad78e20d619f1c,2017-03-20
419d6e22eba13162bab9a27445a72179,84ff7ba0c556e089f4d8e02d4215f20e,delivered,2018-01-20 20:52:02,2018-01-20 21:22:16,2018-01-22 19:04:20,2018-01-26 16:09:08,2018-02-16,cb8e511885b015252e00a931e4163777,2018-01-20
bb7ec3c89a7e6653763308a7c4fb5c78,7406b313ecf88d1e915e51c5044a8d51,delivered,2018-07-31 23:44:57,2018-08-01 00:20:07,2018-08-01 18:01:00,2018-08-02 15:51:46,2018-08-03,92940a7c21067630362e012337723701,2018-07-31
849e3b3e95cd9ad87afbce42eca00dce,1df2f2f697518a767cd4db5023bfb241,delivered,2017-02-24 09:06:40,2017-02-24 09:15:18,2017-02-24 14:30:28,2017-03-02 14:54:10,2017-03-17,2171c5c7c1fd7429ccca74054e7d3cb3,2017-02-24
47c3922747c2990080644decd9ab23c4,e8e957a7fcefa603bbdca0f5a33db8e5,delivered,2018-01-21 14:07:05,2018-01-22 13:50:42,2018-01-23 19:32:13,2018-02-01 11:07:13,2018-02-19,75ba8ec3ede6b7de574025a007c41f13,2018-01-21
339b54eda2ad9b5d63a171c9aaae1ca1,725e7b5a0197563bb2bcde21bb2366ee,delivered,2018-02-19 19:46:22,2018-02-19 20:47:07,2018-02-22 23:28:19,2018-02-26 15:37:15,2018-03-05,820cedffacbf1be91eb763923ac6a1e2,2018-02-19
85a0c0cf54ea8b1b295945416eb5ee3e,252c595d77cc6e66adfa5d0af8dedc47,delivered,2018-01-14 22:14:22,2018-01-14 22:28:51,2018-01-15 16:33:04,2018-01-16 11:59:38,2018-02-02,fbfabdec3ff25ce9f460775a8ae335aa,2018-01-14
3a6e8538e1375fe73ec8da36fd36fe3e,8153bf38caa53372d335a611651d7ae1,delivered,2018-02-27 13:27:25,2018-02-27 13:48:57,2018-02-28 20:12:47,2018-03-21 18:05:31,2018-03-28,f632f21fc73a0808def22a8efa7124fc,2018-02-27
84266e419db22394dc87bd8c110770fd,b33923ca54abf989404d44416b4b825d,delivered,2017-09-13 20:56:53,2017-09-13 21:05:49,2017-09-18 21:47:32,2017-10-02 18:27:51,2017-10-03,5499856e5c59ce4b1178f38c1f0d2f8c,2017-09-13
bc53c8f21c0b72e517882835cd767c69,42ca85e026223ad7fdfcc4bd3c55c9d9,delivered,2017-12-21 11:27:11,2017-12-21 11:33:24,2017-12-22 23:04:35,2017-12-28 22:45:31,2018-01-19,f9a0ec98b00dc2cd3351d4fe22cdea0e,2017-12-21
e4660e7b37f233aa52e958994cacaffc,07947e34de0a95c929a71019f4d48bb5,delivered,2018-01-05 15:49:36,2018-01-05 16:14:23,2018-01-10 15:04:31,2018-01-24 21:07:02,2018-02-06,115e6590354ed9846dc2f7b5dee97208,2018-01-05
8e707812f80da2b0d195e6b1c1950783,6d5e11731a810448054a85036da17a25,delivered,2017-08-21 21:32:06,2017-08-21 21:45:44,2017-08-23 19:16:22,2017-09-01 17:57:54,2017-09-13,1eebb9650cf6d87e7275000c675a6d65,2017-08-21
8d0584fef2164e00c8eb23abbdd87ef7,b0a9bd08e4116c3fdd62aebc51031f19,delivered,2017-08-13 20:03:35,2017-08-13 20:15:19,2017-08-14 20:05:01,2017-08-15 18:03:20,2017-08-25,1f90117a847636892e3c5bf569f2ac68,2017-08-13
c83eba0508195fff1529210cfe30385a,44cd1a0cef7c3280d33ebc8a30f2e86a,unavailable,2017-07-12 11:25:47,2017-07-13 13:10:23,,,2017-08-07,ec60091db1b1606d1dc8969a48cada6c,2017-07-12
086928951ba74a6682919fc942c458d0,2ecd7b05e49716f5a4efb5aa0f4cc899,delivered,2017-09-15 03:48:04,2017-09-19 04:04:22,2017-09-21 15:09:16,2017-10-07 13:11:58,2017-10-11,8e93e02a66a3c47d7f05494bcae389d0,2017-09-15
6cdb86865449a92089579ea715e1c1d1,996ebd04fae62e927c850d835a95b693,delivered,2018-08-12 19:42:43,2018-08-12 19:55:17,2018-08-15 15:01:00,2018-08-16 21:09:27,2018-08-21,5b92df6945d212dcba4b6997d2fcaf24,2018-08-12
f0a7ff2526c362140dc21aaa215d8c4b,58846fb74a52056e3b26b9fca3170478,delivered,2017-04-19 18:26:26,2017-04-21 05:22:14,2017-04-24 07:59:43,2017-05-03 15:33:55,2017-05-18,038bca7a689852f4c986663f533593ed,2017-04-19
829f7b42460d760ab4f2c03faf6534ee,07d18ca5eb0bb3e96f406d74edb2462e,delivered,2018-01-15 12:44:17,2018-01-15 12:51:26,2018-01-16 23:32:40,2018-01-22 18:05:59,2018-01-30,8ca4019dfb727a43ec2d7671290be758,2018-01-15
083fa2fb9d3de18eabbb3427045a1a1f,8b866d31b49a1305c5680658fff7e006,delivered,2018-07-03 10:24:56,2018-07-05 16:25:48,2018-07-05 15:18:00,2018-07-12 22:02:48,2018-08-10,85540b3715724c97bcde884a95f8d5b7,2018-07-03
ed12012358de9d92498c1be2444db261,8dc4d73fedffca48c65737dc38ee03fe,delivered,2017-07-23 11:22:00,2017-07-23 11:35:16,2017-07-26 19:56:40,2017-08-01 14:14:05,2017-08-15,d66606944f868776d8e28547e253078e,2017-07-23
c831dfa9abd0bef0a22f752d550d3444,d6ed4b9b153462e57e9aeb295d89e3ce,delivered,2018-03-19 12:48:09,2018-03-21 17:49:43,2018-03-23 17:44:24,2018-04-06 18:44:45,2018-04-16,aa1a036afef8181797a6e3f8b96d91b8,2018-03-19
f940971157111a7fe49e332623c9fec0,914db96caec65d45202426db4679490e,delivered,2018-06-14 11:13:34,2018-06-14 11:42:47,2018-06-15 13:20:00,2018-06-19 21:08:30,2018-06-26,92c54173e8993e733c038a5de394df7e,2018-06-14
9d2bd341ec5c535b3d4192f609e47185,c9473f6b9f59ba81b0b3945a490528eb,shipped,2018-06-21 20:10:30,2018-06-21 20:38:58,2018-06-22 15:04:00,,2018-07-12,8d561b7200ee609582217b0700364778,2018-06-21
a2d2af47de3679f9a5a3d9e30c46935c,fe5f640fa5130e1668a6a0beb9445bb4,delivered,2018-07-05 23:53:09,2018-07-06 00:11:13,2018-07-06 11:12:00,2018-07-23 16:55:58,2018-08-07,c044ee35e71ce21ccbf8e1495c55c75b,2018-07-05
7c3b36d6d12476de27c371da33153e82,88f605ab8498457b1f34dd6ca7ccffa8,delivered,2017-11-06 19:38:49,2017-11-07 04:31:31,2017-11-09 17:57:48,2017-11-16 22:09:18,2017-11-29,39685be2d4d774ca90b320c50884efd4,2017-11-06
a11939cea79c6fc04707f96491a5e577,782814abe8d16073509294a1de1ffe0d,delivered,2017-08-10 11:21:53,2017-08-11 04:15:15,2017-08-11 20:12:55,2017-08-29 21:47:37,2017-09-08,220c1e6683112e6fdc33ecf766135118,2017-08-10
2e01a346da3f76c4a30e7ed7b3aa0d9a,43e9de5b4d7340cb6c95d372dab65ab1,delivered,2017-08-25 20:14:51,2017-08-29 04:30:53,2017-08-30 12:17:45,2017-08-31 13:29:58,2017-09-12,514f8ca0f04813ed414874f8f422e6c3,2017-08-25
ae79131b7cf922e0a420d0ef0b2be32d,065dedcd0da1b0b3995024ea66117c96,delivered,2017-12-23 13:54:58,2017-12-23 14:29:53,2017-12-27 03:43:59,2018-01-05 20:58:59,2018-01-22,19e0f55b99c34bd4da05e429724e8291,2017-12-23
a8f8f03d4c94b67001e0f1e242ec1679,de9df191bcb2cf694a14fc9fab237b4f,delivered,2017-10-24 22:56:44,2017-10-26 02:56:46,2017-10-27 21:09:02,2017-11-01 19:56:49,2017-11-13,ced10e4c6016086b50d7db995393ee8f,2017-10-24
ba0492710cfaf802294c41a5d498ac3d,a26826f3a4726ce0c82e8864025c150a,delivered,2018-04-19 14:18:02,2018-04-19 14:35:27,2018-04-20 16:04:00,2018-04-25 14:09:28,2018-05-14,0e0a8fbaf8c04aa2acb0c6f4c3d92db3,2018-04-19
9c5dd45ca53ffa7f21772e36f950da8f,53c8190e3bdf183e2277b3387a667137,delivered,2018-05-28 18:57:16,2018-05-29 18:15:20,2018-05-30 12:10:00,2018-06-12 20:27:24,2018-07-18,d9ab7abb45dca4b0d1b5278aa9df7eb4,2018-05-28
cad5d7a0969b060d6df0afe1c761cb69,cd2149be09a8d515d7b129d8dbac2fc2,delivered,2017-08-02 10:41:43,2017-08-02 10:55:12,2017-08-04 10:26:34,2017-08-09 16:58:29,2017-08-22,9fe5defc789a28f9554cdf81a4ccc933,2017-08-02
e59765e2c90f66afaf17da77d1a658f2,d3acee67739e39afb890ea6cd0ab6eaa,delivered,2018-07-19 14:59:23,2018-07-20 05:03:22,2018-07-25 14:08:00,2018-07-31 20:03:43,2018-08-15,083a9204d6e29494f405991085bacfc2,2018-07-19
aee92405acf40c19e4f73fb75727715d,ffbc04cfeb08af681589ca0044df18a3,delivered,2017-02-02 12:31:44,2017-02-02 13:01:19,2017-02-03 11:07:30,2017-02-15 15:43:39,2017-03-21,c4230588e2960302a38b7d7e7f7f2bc2,2017-02-02
318850f283b818e0b9302fdc7d811fde,17d2a5922037262010321025bdbaaa8e,delivered,2018-05-07 12:12:25,2018-05-07 18:15:43,2018-05-08 14:45:00,2018-05-15 14:12:41,2018-05-28,2afd8407e92dbb672561a38211ee563a,2018-05-07
7d37dfe2d455b75635ec0d1ce73cfc4e,540c5a15f1ca23fd64771963cb002f98,delivered,2018-04-03 10:42:11,2018-04-04 10:35:18,2018-04-12 22:52:33,2018-04-18 20:48:32,2018-04-27,71937ab0737dd0cc11a6ee528b22be7a,2018-04-03
6a6fa48abc0fcbac1c94531785b8024a,18825f08228399615d1f2c100c6fa5c7,delivered,2018-07-02 07:33:11,2018-07-02 07:49:52,2018-07-04 08:40:00,2018-07-05 20:24:47,2018-07-17,1b6df9456ffbf80cb3c0f36dca96f4c9,2018-07-02
579f768480c282c494d203cc27acc9ba,7613fffbcc653b261d2689ad77741789,delivered,2017-12-07 23:50:01,2017-12-08 00:09:38,2017-12-08 23:27:03,2017-12-13 19:58:42,2018-01-02,ff4a9da5b2775792e99246237d0c741b,2017-12-07
54b56f2389dee113344da742da7890c9,fa75f83a777070af732410d2c43a9749,unavailable,2018-02-12 17:36:31,2018-02-12 17:47:59,,,2018-02-26,42cf0291d47b6ff1550936fc9641ea04,2018-02-12
b319c42146aa1548b1e415a91dd13789,67d32f7cf571df84777c23b64b972be4,delivered,2018-08-04 16:38:41,2018-08-07 04:25:15,2018-08-10 12:07:00,2018-08-15 00:08:47,2018-08-20,75eacb17f5ef482c37c7b7903f014ece,2018-08-04
92d1957925a4ee51cc53c8155c41ba02,73a2cd1d3f8cbdf473fcda863a049218,delivered,2018-08-09 16:49:00,2018-08-11 04:35:15,2018-08-13 16:15:00,2018-08-18 19:34:50,2018-08-24,b77c65845ceb7b1b280a7c6f137e82d4,2018-08-09
40c42d9f9f9e938bae28e7716b4a748f,f3f525ec747ce8f3adc1b23b797404dd,delivered,2017-11-28 23:16:56,2017-11-28 23:37:55,2017-12-04 21:04:54,2017-12-20 15:15:00,2017-12-29,d5b4d6bddd4a2de14d87e623cd2b4df0,2017-11-28
edf98874f1448a7630f57febbfa39852,d56372b0f0e8e6cf6c5f248a6d976d23,delivered,2018-03-03 00:10:35,2018-03-04 00:08:46,2018-03-06 22:19:57,2018-03-08 00:42:27,2018-03-15,c882c0a7ea97fb852da1578bd6dc3b6a,2018-03-03
bf5a9e57fbe689b1b85de15b792b1d21,77809b7b293638c1194eb4d211e334ca,delivered,2018-02-18 16:34:54,2018-02-18 18:06:47,2018-02-26 16:34:01,2018-02-27 16:44:26,2018-03-07,56118b622e9eab0c79df0e8c7477442a,2018-02-18
2071e513bccda6388b163977db471be8,651a87f08ddd0eedab64dfef58563366,delivered,2017-12-09 18:11:04,2017-12-09 18:31:26,2017-12-12 17:17:12,2017-12-19 16:48:16,2018-01-09,ae718e81b6c13a792883da5aa18bdecc,2017-12-09
9e30ffd7dfa06b873f14f0a8ad8e3e6f,15906a9a2fbad0e8260422ec0b43a7cd,delivered,2017-08-27 20:07:37,2017-08-27 20:24:25,2017-08-30 14:39:11,2017-09-13 20:43:25,2017-09-21,d37ce6202da6b8ad2be84da4529869e6,2017-08-27
f6c8100c191425ac666f9ec50fa55a12,48169ee8d433f496c69a24151825857f,delivered,2017-05-06 11:50:18,2017-05-06 12:48:06,2017-05-10 15:27:55,2017-05-18 09:41:24,2017-06-12,6acbd95f502950f253a1d4d8c6b0f486,2017-05-06
1d41e51a91eda6adf4505b3c15cf6068,8aa1ec0062430de2229f6c9efe8a37d3,delivered,2017-12-07 23:15:44,2017-12-07 23:30:28,2017-12-08 23:29:47,2018-01-06 09:33:18,2018-01-04,39c6704858a74ab6ba299a0341197e0b,2017-12-07
95e8ad87dd94e0a48ffb1fd18f13be66,7dc0baedb6fe189dcb7ed56ef53ee9ca,delivered,2018-02-24 13:47:56,2018-02-24 14:27:54,2018-02-26 22:39:07,2018-03-19 20:04:13,2018-03-19,b698d3311dd55263c9254db3abd43433,2018-02-24
0c5421914af517ebe266de68658e492c,7be38949be81f033f2b4bdbebcffa33e,delivered,2018-04-30 17:32:51,2018-05-01 03:54:01,2018-05-02 14:10:00,2018-05-03 18:48:35,2018-05-18,636acb21a322ddc693b3bdb607c79922,2018-04-30
9147c16fab80dbd17a45d97f65196491,2bb8c7fefc71b1cd9133f15dcf9941ef,delivered,2018-03-06 11:11:30,2018-03-07 02:10:25,2018-03-09 00:45:04,2018-03-20 16:33:25,2018-03-22,d885b619cb2e462ccc493b70faea10c5,2018-03-06
b3e4accbc8524ec4b2f5a5ddab755b34,5a8bb6b5460b7bf21ee732841167a57f,delivered,2018-08-27 11:19:47,2018-08-27 11:35:16,2018-08-28 11:14:00,2018-08-29 22:21:53,2018-09-03,014ce9c0a3df00f77a6932a7b371a3bc,2018-08-27
7e6e7f8c90f49906342dc848330b3961,b35dfa7dd3de3e852a60448604e9800e,delivered,2018-06-21 19:07:41,2018-06-21 19:21:40,2018-06-25 15:39:00,2018-06-29 19:03:42,2018-07-17,4cc7986360f472e0c0d1a5fe6b7abbd4,2018-06-21
2300a8c3ba62aef5b16cb1c8c95710e4,f812e206f23a363308c423dc6f9247c2,delivered,2018-03-15 19:02:00,2018-03-15 19:15:48,2018-03-16 17:37:45,2018-03-29 21:08:32,2018-04-10,9e7b9dbc61cbf8abd1bcba0bb48f06af,2018-03-15
223ef7962a63cdbd408657fad00148ab,921380904189852610a023818c7706ed,delivered,2017-09-16 23:13:14,2017-09-17 01:10:24,2017-09-21 14:46:15,2017-09-27 17:07:02,2017-10-10,f25dc82607de15b924967499aef66bce,2017-09-16
469efe9b7784ec97f17da1643f3e327d,223f7c012cd83b966c33b46e5d456508,delivered,2017-10-20 15:07:22,2017-10-21 03:07:18,2017-10-24 19:17:42,2017-10-25 15:50:03,2017-11-07,ce1ec44632999e8b0a3c638c822ac2e2,2017-10-20
eb14dbf3c8f946973fe58a78a8b67942,92fb3369b344010fed8679f47e99f9df,delivered,2018-05-02 18:57:37,2018-05-02 19:40:25,2018-05-08 07:44:00,2018-05-20 11:30:29,2018-05-30,2dadad4fa1de0a1738fab580efa219f2,2018-05-02
7a13f61d963ef344fad29d7219a1c583,ced1e88369d78a9ed35b69777a7a1008,delivered,2018-05-21 15:37:19,2018-05-22 09:15:20,2018-05-22 13:41:00,2018-06-07 18:48:32,2018-06-11,6b8ae10a3b04e5828f3ca481565e2317,2018-05-21
301f542650857f1460bdf2c3ba014fe0,f07bf0addb00665b70642dbac95605e4,delivered,2018-05-24 01:32:14,2018-05-24 01:54:42,2018-05-24 13:59:00,2018-06-08 00:38:26,2018-07-12,3798f6fc367c34d836f29abd44c1d804,2018-05-24
eb2d3e8cabad07d748b4677b4296a84c,cfcd303b7ba5238f33ca2162b958f4ab,delivered,2018-01-18 22:26:34,2018-01-18 22:38:35,2018-01-22 23:58:25,2018-01-25 16:15:51,2018-02-02,35356c16fae0b391a145686820926bdd,2018-01-18
152f5561c96fd2a7e5d1b71cc158bcdc,4b8787047fbd5f4b75688747a4bec9dc,delivered,2018-02-02 21:47:53,2018-02-02 22:10:22,2018-02-06 19:27:55,2018-02-14 21:16:51,2018-03-12,4d480d22f83c8e2cad2ff13760b1d669,2018-02-02
f283e9196449811a7967b7c5d2794418,df79f186a9089cf9c802660d46a392b6,delivered,2017-08-02 19:10:30,2017-08-03 03:10:43,2017-08-04 18:42:54,2017-08-14 15:14:11,2017-08-28,a63b31e135dc6ca01d8b3404b7c84b4d,2017-08-02
dc1818ff094219ac82bf4d84fb6c6540,ff349ea42c06633992fc3c94c3da0f58,delivered,2018-04-01 23:33:42,2018-04-01 23:47:51,2018-04-04 22:39:32,2018-04-06 22:38:01,2018-04-23,357ae7be4a22fee3a22cca59f6b681fc,2018-04-01
cc94498194148d51cfb085f11338b383,c6d19a56edfc65d81014bb511fca2461,delivered,2017-03-29 23:36:44,2017-03-29 23:50:23,2017-03-30 11:08:37,2017-04-13 13:13:26,2017-05-04,b0927dc3ec5627c0822425248cc99c13,2017-03-29
31f339eba8572030e5bc4d9bb80d8207,5e7c5362800cb30ef68fcf3b62af6fff,delivered,2017-12-28 14:42:19,2017-12-28 14:51:25,2018-01-02 23:27:23,2018-01-05 22:04:57,2018-01-17,657d5fff29a2089674c8cd43dfd71de6,2017-12-28
40f7051042336b961ed4d8170f73bd41,a4b6b02057f16402be5f3e5fbafdfd12,delivered,2018-04-15 22:54:11,2018-04-15 23:09:54,2018-04-16 20:28:35,2018-04-20 22:06:26,2018-05-22,8f78ccfd54150e93ce0f9befcba1375f,2018-04-15
4dd732bbd48564f149f8b7ed056c9f4f,4cb9e449f1f1ca4b439a52f2e5774c2f,delivered,2017-08-09 15:57:46,2017-08-09 16:10:20,2017-08-09 20:46:14,2017-08-16 18:22:23,2017-08-31,bc25ba883947edc26a551f5546913c90,2017-08-09
a3c1d266558d811517afe798d1fad42c,1e51b91a1bb6df445cc3a0295863e235,delivered,2018-02-26 17:54:40,2018-02-27 21:48:28,2018-03-02 02:22:40,2018-04-13 22:56:30,2018-04-12,819c6555091e32518b25fc90fee43660,2018-02-26
a7dff9f82589bed9661867f1d3e5673e,b6d04e119573f6721d1d58a9beb1b483,delivered,2018-07-04 14:49:16,2018-07-05 16:32:49,2018-07-05 11:48:00,2018-07-11 16:07:41,2018-07-23,682d57bd00966e53cec41da56801ee7c,2018-07-04
44c652443459cd095f4298d1d1daa389,ff8fa0e333a5b7b5362e76311b4ae90a,delivered,2018-03-21 23:05:27,2018-03-23 13:28:29,2018-03-27 18:11:22,2018-04-18 14:26:42,2018-04-13,62bc52576b7c3dd70b058fe576093165,2018-03-21
2ab2d565315e05cc62d7462113cc1ff0,8375daf7c9c3eea1fc3b36072672223c,delivered,2018-04-24 22:12:17,2018-04-26 03:51:30,2018-04-27 11:35:00,2018-05-03 19:51:14,2018-05-23,326489271c23dd3128b4480220e5232a,2018-04-24
d02aaca43ec41972a88b471ff9451970,ddcaf43f9ff0a654b00262f451c60a82,delivered,2018-01-14 11:10:03,2018-01-14 11:17:24,2018-01-17 19:53:17,2018-01-22 18:48:20,2018-02-05,cec1a8d048adc6db4b7a2e965d3d5ed0,2018-01-14
e61f15c94900d1cc4cebd96be96f3823,2dc6da2422b959b13272324bc019347f,delivered,2018-02-15 01:48:47,2018-02-15 02:27:21,2018-02-15 19:39:16,2018-02-26 14:46:26,2018-03-07,a1fd66a5170821b74be2a153e6c567cd,2018-02-15
cb02bcb7600b32e5083fec0791b923aa,c5120593ae070f182abd4f50a81de05e,delivered,2017-08-18 11:42:37,2017-08-21 07:06:24,2017-08-22 18:59:42,2017-09-01 13:56:49,2017-09-14,e87c2e2e5985c5996ec20651a3d50fe7,2017-08-18
6c90fc612a10cf8c7c74570e1db07aa0,8c3c65fe9b99f72cf45b51959a335c0e,delivered,2018-04-05 21:00:26,2018-04-06 09:09:20,2018-04-07 01:26:24,2018-04-11 18:02:36,2018-04-23,465f1e1202e361c430bfd33b4f8e9dc4,2018-04-05
c1084cac215df4bae739b489d0b95a3e,89a5f956c0b86c7be397c83a58c67f20,delivered,2017-03-14 12:30:59,2017-03-14 12:30:59,2017-03-16 08:33:07,2017-03-24 12:53:45,2017-04-06,44eadd61f5969a169e595dc9b9dd4d3b,2017-03-14
e4b6c905d44429690681370d35c93c00,47bddabe94478f5044a7f34cb2bc60ed,delivered,2018-04-07 21:15:32,2018-04-09 08:09:31,2018-04-10 20:21:54,2018-04-20 12:52:45,2018-05-10,3c7891fa487b38cadf9c44feb4bfd130,2018-04-07
ba4088023bb3056caca3d40810844bf6,74caf64e68fcb4dcf49a9e3b1766922f,delivered,2018-06-28 18:13:35,2018-06-28 18:32:17,2018-07-03 13:44:00,2018-07-10 13:32:59,2018-07-30,fede1f9528a564c1a22bf64bb7085bd2,2018-06-28
1d24b01e4ad4214409a4cfea16ab3000,7e249b5d68d002dfd0d72f50adf379b2,delivered,2017-07-16 19:22:04,2017-07-16 19:30:19,2017-07-19 11:27:57,2017-07-24 22:03:53,2017-08-08,0be5528c82a2a01ef9b590ec222f7975,2017-07-16
3f94b9825f195a7fced6313b41626237,68993c7d7d8944a5c4862691d936ae64,delivered,2018-04-17 10:15:14,2018-04-17 10:31:12,2018-04-17 21:22:09,2018-04-25 04:06:35,2018-05-11,0c8b467d25547aac1b77e6573519f9df,2018-04-17
de4645a62b989d300a37b6c4f5164160,290cc6191480daa93fb623283cfb2dc3,delivered,2018-02-06 00:11:43,2018-02-07 02:55:55,2018-02-07 18:35:18,2018-02-21 17:22:06,2018-03-07,0cd1c607bd6e3ec9be65e14efeae55d9,2018-02-06
8f001d0a1562d2929ed759bc04b58fd4,6a62a87141a2d2f37d565bab22fda161,delivered,2017-03-30 20:02:05,2017-03-30 20:15:13,2017-04-10 16:35:05,2017-04-12 10:44:37,2017-05-05,342c550cbc7c85e0985fc552c30386eb,2017-03-30
91f377dafe157043ee827b080a27e3f5,47e7bc62efaaf2c52a21b89a634fa7fb,delivered,2018-01-23 16:09:34,2018-01-23 16:31:33,2018-01-24 17:26:39,2018-02-02 20:54:31,2018-02-26,c96da57b0ad906eb74151f3191655c17,2018-01-23
eee2db42b2bc47b348b0b5031bb2b662,87c0f7ef8ba07bdfeb3d7bbcd12d5af2,delivered,2018-02-01 20:50:40,2018-02-01 21:10:05,2018-02-06 22:18:35,2018-02-19 16:14:58,2018-03-07,e6db21b8f45b4951d26beab2637b7f24,2018-02-01
75f0605fdfa742b228b0d080be350b26,2cdf4e6c8a997820be15dd41a8fa57b3,delivered,2018-04-16 14:01:17,2018-04-16 14:33:16,2018-04-17 22:03:35,2018-05-02 20:22:38,2018-05-14,0cbfcb4741cfe66b2ff4d78fd3dda2fa,2018-04-16
808f2ddcd5a1575c6a0210437f589570,2641997643dfdc59555956c47f36daf7,delivered,2018-01-29 19:07:04,2018-01-30 11:55:30,2018-01-30 22:16:48,2018-02-17 09:38:48,2018-02-14,fc936c7fa5b0b3579c52a23b2391d401,2018-01-29
989c8bed4ad2e187516317b3e12f44c0,52efe753f546446eb1a37bb701656442,delivered,2018-03-29 13:57:31,2018-03-29 14:10:05,2018-04-04 17:38:41,2018-04-14 16:33:01,2018-04-19,346d36ab9457852dc5a4ca06a38130ee,2018-03-29
cd1eb285c53babf41b30ec658c0bf122,6ea8b8c44170030252975e4c32c8b214,delivered,2018-04-02 17:17:33,2018-04-02 17:30:27,2018-04-06 00:34:41,2018-04-09 21:58:35,2018-04-24,051eaa4a268260ac7b23e90fa5656670,2018-04-02
b0f5f856c7c8dc046531f164d6de3eb4,9576af8c129e66193e28e99a06fe2dbe,delivered,2018-06-04 06:25:37,2018-06-04 06:35:09,2018-06-20 08:51:00,2018-06-26 00:21:50,2018-07-18,c6fc2915052475470fcee6e3b07b4f46,2018-06-04
fcfb164cd88eaf05a44e1cb84c5153e6,56c4226c4e5c136eefa7fa8e992c1875,delivered,2018-08-09 00:08:06,2018-08-09 08:25:11,2018-08-10 06:53:00,2018-08-18 00:02:55,2018-08-27,699a6be6e54f898ba87579934d25863a,2018-08-09
9064f38324318748109281151c83406d,ef6c0bfc4abf551556dfde0bdd27d00c,delivered,2017-11-24 21:44:52,2017-11-25 00:37:30,2017-11-27 12:23:43,2017-12-04 20:19:14,2017-12-21,9b4397576cfe415047a019144db164b7,2017-11-24
c55364dc936b3bcc92b2243e35dd52d4,bf1e12f33a27ed17f638976df65d89f9,delivered,2018-02-16 00:30:50,2018-02-16 00:47:42,2018-02-20 00:42:58,2018-02-24 14:57:14,2018-03-14,4d447efc41b13cd3888ace85fa1ad69b,2018-02-16
a2d83fe753c66711172a6b99df1bafcd,324709f9fb3d691f2c162f56bfdb6ff9,delivered,2017-05-03 20:15:16,2017-05-03 20:30:14,2017-05-12 07:08:01,2017-05-16 10:20:02,2017-05-30,d2df5e77202e975353a79eb969740dde,2017-05-03
570a2d92be76532681e5a09ac38c8e78,14147d5d5faeb0b1d408f87e32101331,delivered,2017-11-24 03:32:07,2017-11-24 03:49:50,2017-11-24 18:58:57,2017-12-20 19:58:26,2017-12-14,62aaf7254900d8d84b740bfaac5fc13d,2017-11-24
64065ff7503353586b3dacf9aec56ae7,954e58351016ce296c9b714dad1c5d76,delivered,2018-01-06 20:38:07,2018-01-06 20:48:21,2018-01-10 18:37:21,2018-01-18 11:56:56,2018-02-09,8751da86cb76035d42bfdf41f28b92b9,2018-01-06
ab77be4cf9bf132ca4d82049e786e528,860ac166573be76ffb00c3e483892094,delivered,2017-09-16 21:10:54,2017-09-19 03:43:56,2017-09-20 16:09:21,2017-09-29 21:27:36,2017-10-06,919bf2617845a0f73acc0361cba58267,2017-09-16
b83450671810452724ca09dc5f0c6760,40751c6f0779cbe4f55f46594eddfed2,delivered,2017-11-11 19:12:11,2017-11-11 19:30:50,2017-11-14 16:39:05,2017-11-21 20:24:50,2017-12-05,2b886c4905b385599e6d8a117c8dceb4,2017-11-11
fd714cf385fe329f52a369941eb2d7f6,32e9e40545eb494f5bbf1b50cd11a017,delivered,2017-02-24 22:27:14,2017-03-02 03:50:20,2017-03-03 14:18:38,2017-03-17 08:32:16,2017-04-03,ae7064095a12f07f1c3b733a947f948d,2017-02-24
6b06cff56425b758a3a3c4746439859b,06c5f9cdb14fd3898e53f945a3e903e0,delivered,2017-09-25 13:54:55,2017-09-25 14:06:11,2017-09-27 15:55:30,2017-10-18 13:43:17,2017-10-19,29777a4fdc131eece4837620316cdffc,2017-09-25
eab659d04f2bba5abfe11a2e6ef92bd0,c7a3c1e9b965f65f0b0204bd868604f9,delivered,2018-06-05 13:24:11,2018-06-05 14:31:11,2018-06-05 12:34:00,2018-06-08 20:34:21,2018-07-11,19f19354cf9524cc834a5036ff79925c,2018-06-05
596c6d7a66d8869a75807519b27a437d,f372f9c58ffa0981429f594a4c1cbf32,delivered,2018-02-06 14:33:52,2018-02-06 14:50:13,2018-02-08 18:58:35,2018-02-14 16:37:00,2018-02-22,792d3121be52f634df09874726feae99,2018-02-06
50b8644a6f58db94a0d3beb21e0e9a01,26c2211e11c75c75f952f78f65f52195,delivered,2017-04-25 10:48:47,2017-04-25 11:02:53,2017-04-27 09:14:15,2017-05-09 13:52:42,2017-05-23,5a70ab969f59cf7a18480854c5aa68a8,2017-04-25
60c5f920621dfaf30c3829088dccfb26,52f14b1298aeb699cb2ccfd7d5d2c2de,delivered,2017-08-16 02:00:11,2017-08-16 02:45:12,2017-08-16 19:27:29,2017-08-18 12:51:40,2017-09-08,b7d4cab5dd11b238da97b01eaf657293,2017-08-16
fd192fd37b66b1d22bfe7b82ace0a064,069f68677638153043f70401d8c08d2d,delivered,2018-05-13 17:08:19,2018-05-13 17:33:24,2018-05-14 14:04:00,2018-05-21 19:22:04,2018-06-06,0ec45df207185ce87471703175856499,2018-05-13
289ee757abaabe6c0bfd125de7b9fffb,aefba536903322607c79004b7f26a522,delivered,2018-05-05 15:56:36,2018-05-07 16:12:24,2018-05-08 13:51:00,2018-05-14 19:16:31,2018-06-01,2b5c310473ca8a4d2a339d049cbe6dab,2018-05-05
5fbf0b33d959fccab26b945f15707bd3,488e01ff31939ba46b4c8b1781c342a4,delivered,2018-06-15 22:21:11,2018-06-15 22:40:44,2018-06-19 12:29:00,2018-06-25 18:25:38,2018-07-05,55b97b5c5da3e7ae263babf889e10426,2018-06-15
db108acc0931865fabea566b7edaa5c4,5786168154a608395ebb733bf42117b0,delivered,2018-03-27 12:41:45,2018-03-27 12:55:20,2018-03-29 18:39:19,2018-04-09 18:46:56,2018-04-20,f236874d6ba16e5a562687c710b0ae7c,2018-03-27
ec28cd8095b8c6aa0d63cd0ff24c6cd3,7e095e120d9e70f36b221bac13134949,delivered,2018-01-28 22:06:25,2018-01-29 22:53:30,2018-01-30 16:48:43,2018-02-09 17:55:03,2018-03-06,f8e69e86bd548c0126ac624355a9054c,2018-01-28
c48c006cc34f94c1fb2aa8afd2c1cc9f,2374b79f980310c0de32c4d0bbca4150,delivered,2017-11-24 17:09:14,2017-11-25 04:53:48,2017-11-28 14:47:55,2018-01-10 00:43:47,2017-12-26,c21443baab50d67603067254b941bfcc,2017-11-24
4721161c08ff9843f9bada4af997622c,9b7fdcb0d29891189acfa72ba1518d77,delivered,2017-02-16 13:16:12,2017-02-18 03:25:12,2017-02-20 09:32:23,2017-03-03 10:18:03,2017-03-27,c75fd9f11452279c655ba376114d6c9e,2017-02-16
56417f76b00d347bc97497d3f823cea9,8e44b2cb028b4cc7c7baeffbe18dc0b1,delivered,2018-02-09 06:55:30,2018-02-09 07:15:19,2018-02-14 18:34:08,2018-03-16 23:58:47,2018-03-08,95d07399a9d4f8d0322955bf73649741,2018-02-09
a4874f847a49e622356b40b62c61b115,47729014fea93d77963794163d157644,delivered,2017-02-19 19:53:44,2017-02-19 20:05:19,2017-02-23 15:13:02,2017-03-14 09:32:32,2017-03-29,29611352f130c330ea8b03e27c62d405,2017-02-19
89a9dfc9222a6cab3be59fc550aee7c3,c0e3e7ad59830b0599932046e2758f1a,delivered,2018-08-21 21:47:18,2018-08-22 04:05:19,2018-08-22 13:16:00,2018-08-29 10:28:47,2018-09-06,51704a97c1330b83acdd1682e39170cb,2018-08-21
39fc0202a3b70b2619a6f3e579beedeb,32c8f809c0e126b86603a26be33d683c,delivered,2017-11-27 17:56:22,2017-11-27 18:12:04,2017-11-28 17:23:07,2017-12-04 22:52:05,2017-12-11,fc452f7f2a2ca80cd6304917ab32f9bb,2017-11-27
dc49dbbb4fdb62c17557f79ebfed0225,78a57370d161a773e20ae290539b1a5d,delivered,2018-01-26 00:30:37,2018-01-26 00:39:19,2018-01-29 13:19:09,2018-02-01 17:21:52,2018-02-09,652bd3d0d2c691233e67d671af0ceee7,2018-01-26
393e5ad5d9b558b7a0fd2cfc53f7f1d9,11840ed3e99ab94daee0ffe58ba143e5,delivered,2018-01-25 17:24:44,2018-01-26 03:16:52,2018-01-27 00:14:46,2018-02-01 16:56:06,2018-03-06,d480d39838cb62b79d84241cd8f1bc3c,2018-01-25
236992e91012a3c75936dd524d4cb688,12ee0166c590c5966955f8c4de7628b6,delivered,2018-05-11 19:44:32,2018-05-11 19:55:19,2018-05-14 15:19:00,2018-05-15 21:23:58,2018-05-22,f2dbc713948bf46238ef34c068dd6295,2018-05-11
eb785b1fc66ac703e6801aef45d2397b,4f7a3c5de18c3f96fcab9efbc46bfe9e,delivered,2018-02-14 20:37:36,2018-02-14 20:50:32,2018-02-15 18:55:06,2018-03-19 12:32:47,2018-03-16,8e82a3251a9fa629c67eaba473a943f3,2018-02-14
4f902f639aad5f00c8e814b248e3b4b3,8e1a3dfd1b7a7ef4c3f4ecc65c238e20,delivered,2017-03-23 20:13:43,2017-03-23 20:25:06,2017-03-27 11:04:59,2017-03-30 16:46:14,2017-04-13,6b5a339aace802fc83fb5645a7088e82,2017-03-23
dad7ec529acfeae5322bdcb8f933e5c1,269b17d13b094fa56c41b83a2b2ec24e,delivered,2018-07-04 17:56:02,2018-07-05 16:18:56,2018-07-10 07:17:00,2018-07-12 20:32:21,2018-07-26,89ad2fb1e53c15bbc172a1153402abd0,2018-07-04
dc2abb29525694900ea93ffd5d12460d,4470f5bf4d0a7555c361002dd3f7142c,delivered,2018-01-15 19:13:14,2018-01-16 19:10:59,2018-01-19 18:58:46,2018-02-02 02:07:54,2018-02-23,f839ee8aed3f82f5637a19f58a89dc92,2018-01-15
531521cd6e189fcaae16fc2c99d4fa2b,48c76234921fcc88198bec9d7f354f3e,delivered,2018-01-02 19:09:21,2018-01-04 05:10:35,2018-01-05 19:46:00,2018-01-08 23:52:46,2018-01-24,4e86f6830e5b5af7cd841ccc67f3c28c,2018-01-02
a2dae683f3e97cc4cfc4ee2865c66ed5,2936c32e0ce4f5aea0cb860487c99192,delivered,2017-10-03 18:53:31,2017-10-03 19:07:12,2017-10-05 19:57:34,2017-10-10 16:10:13,2017-10-19,b26e87b3356d002c0681a7ffd709ff5c,2017-10-03
294a3f0960f3588f7b1597da079f590e,8ea42c1486fc37fb10dfb10210ea1e5a,delivered,2017-04-25 22:15:42,2017-04-27 13:33:23,2017-04-27 07:18:06,2017-05-08 13:13:20,2017-05-16,c39ad5ddef6304639f10581cb4996600,2017-04-25
cd41a5bf3ffd542864ab33b17144968f,b0f4a833c13466c077bf44efca4d5b56,delivered,2017-11-24 16:33:46,2017-11-24 20:32:12,2017-12-04 16:33:32,2017-12-06 22:18:42,2017-12-15,e68856e8450afe7390b02d1b2bcefb29,2017-11-24
89615629042a92b8d5b1363728ad103a,4b9521e656122982e29ff7de5addef50,delivered,2018-04-09 14:12:16,2018-04-09 14:31:21,2018-04-10 23:04:51,2018-04-23 19:08:34,2018-05-03,176cdd1dde73bbfa274a1ea8b4c9f48d,2018-04-09
81fff738e05d97b97be744936e7535a7,7620a188e9b6ed4a710a6e7a2b08278e,delivered,2017-05-02 21:14:49,2017-05-03 15:22:54,2017-05-12 10:35:55,2017-05-24 11:16:33,2017-06-06,904d27a97e6551227ff4cd1be288226c,2017-05-02
0675ebb5c8a8506766f55599dd95c74c,3641be52976f3de8181f072a7bd7865c,delivered,2018-06-22 11:59:29,2018-06-22 12:20:32,2018-06-23 08:43:00,2018-07-03 16:54:45,2018-07-27,b3fa76a102bfb4ec11ead5b125c8f4f7,2018-06-22
44de6d7b8fcd0cd8db38002f58d6c20d,f0ae2d8c33a1865a8d66b72978091b8f,delivered,2018-08-10 15:19:58,2018-08-11 02:45:20,2018-08-13 10:22:00,2018-08-16 19:11:13,2018-09-05,7db49ae8299963bb5031da6c0c5de8ff,2018-08-10
a1123c93471aa08ec72dfd5c941edcdc,35864582d9b9cab28936cdf255711c5a,delivered,2018-04-27 09:44:14,2018-04-27 10:12:17,2018-05-04 13:06:00,2018-05-07 14:17:28,2018-05-16,74a79b917483257286bedb2355c729f8,2018-04-27
bdf3a71389d2bde7d62c2808d6034403,ac7e0a1b153aa1cb418bf882b101aa31,delivered,2018-01-02 14:55:08,2018-01-02 15:07:34,2018-01-03 17:10:45,2018-01-10 16:04:07,2018-01-24,8445cabde6891268c2c444bf7fda0c8f,2018-01-02
4384784d5523bb60e52390503d3c2789,66e142543f92067ea3bd1f529c570aac,delivered,2017-09-12 08:48:02,2017-09-13 03:30:23,2017-09-15 00:12:09,2017-09-26 20:06:00,2017-10-02,f0d44f58d4630bde4ab50f35cc9ae5fa,2017-09-12
303a73983ac1421570602e1812ea3bbd,cd44b9d8c8dbe3fef291203c1b8977ce,delivered,2018-06-19 21:38:16,2018-06-20 13:57:48,2018-06-21 15:35:00,2018-06-25 22:51:57,2018-07-03,fda2e2ffa2ddf9458f9151448ee6a57c,2018-06-19
484dca40df3d3e143c32574fc87387ca,d7e7a3e1f56066a9c5b475b82e3f870f,delivered,2018-06-21 23:51:47,2018-06-23 01:15:50,2018-06-27 10:56:00,2018-07-03 17:38:32,2018-07-23,b34852875d016e21b38dba1cb1e7feaa,2018-06-21
fcab6437822c11cb1be696ca48db49a3,d69f593c444ff27378b961dc4950edf2,delivered,2017-07-19 21:34:39,2017-07-19 21:45:13,2017-07-24 19:42:37,2017-08-02 18:27:35,2017-08-10,d6e45c5a879e1c4b34c1b56566c26176,2017-07-19
650d7fd7f019e7381b5687b901db2340,ea8c40305a2e6dfa376b4a22ae8f9f6e,delivered,2017-07-30 01:33:29,2017-07-30 01:45:14,2017-07-31 18:01:28,2017-08-23 13:48:59,2017-08-30,ea59601b04db675d7d502dd6a8bf0ae2,2017-07-30
766a7aafdf6f237885465c7487a30eb7,4b86e3f4e081916feadba12c94ea8912,delivered,2017-11-25 10:31:51,2017-11-25 10:54:14,2018-01-04 22:34:19,2018-01-10 18:32:27,2017-12-20,d0f2e94b4d406f87c1a9163ae90e120a,2017-11-25
d51ef15e75e30be319e9efb0a207e71a,0e666154002ca635ff1c3a470e233949,delivered,2018-02-05 10:45:44,2018-02-05 10:55:28,2018-02-06 13:48:42,2018-02-14 14:53:23,2018-03-02,f10e6364d863c9e2134da27dcc2b9f9d,2018-02-05
d8616719eeea1779ffc680fea646f9a3,f4642e44d7495db74935952ba27178c8,delivered,2018-01-14 23:18:37,2018-01-14 23:29:10,2018-01-22 18:52:19,2018-01-29 18:48:52,2018-02-16,11095d7136205cbc2697cbae2aeb615e,2018-01-14
10487ca7dcab9ddc13cd4ee2fe1ef2f7,6375f291ca662cda38bba47ce8d767f1,delivered,2017-04-06 10:31:58,2017-04-06 10:42:23,2017-04-07 10:07:10,2017-04-17 15:44:43,2017-05-02,63a2711d2cd5648bb00af3a74a40e640,2017-04-06
e7f7f03bc8d696fdb62476341f1506f4,d256db1422e2d4737a6e70b39db4e4ef,delivered,2017-08-24 10:54:50,2017-08-24 11:10:09,2017-08-25 18:33:57,2017-08-28 19:29:15,2017-09-20,b5b557e37f01244993514943380e4eed,2017-08-24
0662642f8ec31225fd369ca4026cb610,35a6ecc0dbad9693cce748e2dd83947a,delivered,2017-07-22 19:21:05,2017-07-22 19:35:12,2017-07-25 22:46:43,2017-08-11 14:54:33,2017-08-28,09e359f12a226bb72603eef57008640a,2017-07-22
75c65b37911c3543a4efd45a45ee4a92,037fefe4072b01df6c29d233b2196a23,delivered,2017-09-07 18:27:27,2017-09-07 18:35:11,2017-09-08 21:04:36,2017-09-26 16:18:19,2017-09-28,677378f2b0b40f72c2d7dbc2df8d2bbd,2017-09-07
e227fbda6134e254af397d9f84473158,74b973cb2f43cf69959a47ab7a679ef5,delivered,2018-08-05 21:52:17,2018-08-05 22:05:21,2018-08-07 12:56:00,2018-08-10 18:07:37,2018-08-16,25e209db74cdfc51c2247904c8951408,2018-08-05
566f53fc7d36fa366f7e221468121877,83b52613d1bcd8c6a66b41526405bad6,delivered,2017-01-26 13:15:42,2017-01-27 03:05:28,2017-01-27 14:20:13,2017-02-06 17:52:46,2017-03-08,2e43e031f10de28e557c35ef668f9396,2017-01-26
5ad738a3ebe737918e4983345e1e02d8,bcb9a6eebf72617582dc1b32d9f96401,delivered,2018-08-08 10:31:23,2018-08-09 08:50:10,2018-08-14 18:00:00,2018-08-30 17:24:59,2018-09-18,1f5432901a51397060ee6a5578b3fb02,2018-08-08
001d8f0e34a38c37f7dba2a37d4eba8b,d987da9fb4086ab7c2c0f83963cd6722,delivered,2017-05-14 17:19:44,2017-05-14 17:35:11,2017-05-24 15:45:01,2017-05-26 13:14:50,2017-05-24,870a0bdc769f9a7870309036740e79ea,2017-05-14
a820e4b8830258a148d161ba6d8bf419,ae8103a85db8c3dfc90a0473e90db207,delivered,2017-06-13 14:51:21,2017-06-13 15:10:22,2017-06-14 15:33:11,2017-06-22 16:22:55,2017-07-06,39d84f98d086e195f0879818e81a6767,2017-06-13
d182d98f09b4277c0d58801e991f7757,1ca6f90a61cf75c002a0d690261a0e4c,delivered,2017-06-25 11:56:23,2017-06-26 12:05:21,2017-06-26 18:03:57,2017-07-01 09:07:34,2017-07-18,69e4e534ba5e6a8124d132b271923148,2017-06-25
9079949c454893e04a89e8c331a0156e,80d7691ff5ead76eb2323976bdb0f88a,delivered,2018-05-02 10:55:11,2018-05-02 11:13:46,2018-05-03 10:33:00,2018-05-05 11:25:46,2018-06-08,ed37d82e611bd1bf78c2ac44e1aeaa65,2018-05-02
6bbafe0017bf2f1c7dd4331a9a742023,24917ee9726a59cf2ef319dd7e68ca7c,delivered,2018-07-21 12:52:54,2018-07-21 13:04:04,2018-07-24 16:01:00,2018-07-26 21:20:49,2018-07-31,0db69acd7afa34418d8d890d0829e886,2018-07-21
29d2d0b5d721da94d080b50f1b039e0a,fe19d605ec598aaf242f390f67ffbde3,delivered,2018-03-16 22:08:54,2018-03-16 22:28:13,2018-03-20 19:38:54,2018-03-26 16:38:37,2018-04-04,b7555ea31444bc82b8d0b2b813964502,2018-03-16
e8dbddc8a7fd19aaf321cf4e7b00c787,acc4ae9fbacf44ef153b5a5d9906f0d5,delivered,2017-09-15 16:48:18,2017-09-15 17:55:16,2017-09-21 15:18:55,2017-09-22 14:42:23,2017-09-27,6f2c69634d3f25530fc95c64154505a2,2017-09-15
ecf85b61bc3f89e2f5ff2d7367369675,ce0c6a5330912ce0077cdcadd5b8f1fb,delivered,2018-08-19 17:07:56,2018-08-20 12:30:11,2018-08-21 14:50:00,2018-08-28 11:17:20,2018-09-06,3df8c4ac8466c619ae81fb4931c494c5,2018-08-19
f184018d4bdb5a578d594906fdff974e,3effa8f45f1b79dae23e1867d20fec21,canceled,2017-07-25 01:55:52,2017-07-25 02:05:23,,,2017-08-16,b203f4dc9d1931b0000aab2d69f92920,2017-07-25
d4646c4ab91c910a48e894192d0c5a97,8c9b6ba8f384bdf1a92424bc1b9401e9,delivered,2018-03-05 00:23:16,2018-03-06 15:00:59,2018-03-05 18:39:11,2018-03-07 12:57:26,2018-04-06,89a9e1d252f77131ddb5e205482e1990,2018-03-05
d9770884f02a4e0d5e0f9d8fc5f5b9c4,684df909d5291739f7da3c9d991680d4,delivered,2018-07-16 06:54:37,2018-07-16 07:10:14,2018-07-16 10:27:00,2018-07-24 21:12:24,2018-08-02,9ca2a14f0722294f9fcee61185904820,2018-07-16
23c5d822ecef1bbf136d525d59caddb8,6d98e14c0f422a2e7cdcd8134d1fdd86,delivered,2017-06-11 11:53:40,2017-06-11 12:15:25,2017-06-14 14:22:42,2017-06-26 15:33:34,2017-07-07,194276f931eb182adb62c510f2ccb1fc,2017-06-11
e20aaa6862f849ed8fa3b602147e09ea,e55d31bc91350133136c07a91adbecb2,delivered,2018-06-07 07:03:04,2018-06-08 06:55:25,2018-06-08 11:00:00,2018-06-15 16:09:02,2018-07-19,14dc38f61b67d510ecd9b9e5c031cbc8,2018-06-07
1c2ed37904500c8dfad13c54d3ed8043,4d9fd3fdeb58a1d0d4604d36b71aa96f,delivered,2017-07-10 14:25:38,2017-07-10 14:43:15,2017-07-10 18:42:16,2017-07-21 18:56:56,2017-08-03,ef4959fc277b683cc049941a6cbb6887,2017-07-10
480295bd3b66aeb4f624e16dc17a7412,64986afd0f3863810521731e53f92463,delivered,2018-05-16 23:48:43,2018-05-17 08:36:26,2018-05-17 13:55:00,2018-06-07 13:52:37,2018-06-13,44ab76c25210de009b75d6fef6c02335,2018-05-16
d88e0d5fa41661ce03cf6cf336527646,fe0c5425832ac53c3be5cb4aea25b60f,delivered,2017-11-28 15:53:29,2017-11-28 16:17:30,2017-12-12 23:22:02,2017-12-19 20:49:52,2017-12-18,a51f8568095ce89a4ffce365dcb7d46d,2017-11-28
ff0ce73492169dc291eea70f4ce38382,6f4a0a2f6a6bcfa3a4181142859c4964,delivered,2018-01-26 14:39:20,2018-01-26 14:59:03,2018-01-29 19:29:02,2018-02-06 15:11:37,2018-02-23,491ff9a75657c235ae85cfd9611e7f7e,2018-01-26
c1dd7b1471d47476e64662cbc99318ef,04612c0745e93a575dac8d71974c805d,delivered,2018-05-05 13:55:47,2018-05-05 14:13:49,2018-05-08 19:02:00,2018-05-09 22:55:33,2018-05-15,9484a5c41bc2e68c0a8f9c45d1d8c9bc,2018-05-05
c701c8464f3e67c08ab16e0e972f303e,19f4e983f8f05b7de16670f8a0cf0ac7,delivered,2018-01-20 17:36:26,2018-01-22 13:55:07,2018-01-23 20:28:57,2018-02-01 19:34:55,2018-02-19,a8ed24537ad1fbef1fb6f0b58ad39d01,2018-01-20
90f864fe19d11549fa01eb81c4dd87e3,a1d3be9164de0c24121b9188a1e4e1ca,delivered,2017-11-27 12:12:28,2017-11-27 12:33:32,2017-11-27 20:38:25,2017-12-05 11:58:51,2017-12-22,2f415501f319de1f14dcbb8f67d402db,2017-11-27
3a7fcc00c5d5f8bd9daf0c246bd93a54,abb4bba6c51db8e00607f28f0af2e448,delivered,2018-01-21 14:07:04,2018-01-22 13:50:47,2018-01-23 20:57:43,2018-01-29 23:56:57,2018-02-15,b008a8d6518bc068dbde2d6f4f249c89,2018-01-21
4ef6df7bbf4c593389204a817cd590da,00c9ed767059efd304546d437c9d171d,delivered,2018-01-24 19:09:21,2018-01-24 19:31:46,2018-01-26 17:17:38,2018-01-28 17:11:52,2018-02-08,2a63862c48140ff3de7e30f323eedec6,2018-01-24
6d5f4523e4747ceffd3e84b2d9bab9fc,15cae6030369d69f884089f8f746a272,delivered,2018-04-30 14:44:06,2018-04-30 15:24:08,2018-05-04 12:02:00,2018-05-16 11:53:33,2018-05-30,a35ac27a1a672396d8cf0053bc1e8f69,2018-04-30
5971d3979142ba818940da403e01d08f,3df5a0e4022e6f8bec5a7fdb71705d5f,delivered,2018-05-02 13:13:23,2018-05-02 16:38:03,2018-05-03 11:34:00,2018-05-09 21:58:42,2018-05-17,ef02772c6dbacb749bd154d94ac2f1c5,2018-05-02
4d63886c6803f7b71171fe305b93e3f1,43f6b439df8e443370c109de1a302cd0,delivered,2018-08-17 15:11:12,2018-08-17 15:29:50,2018-08-20 15:01:00,2018-08-22 23:18:49,2018-08-23,ae6b9aab553e90039768186fe5a82648,2018-08-17
26bb01f8da89d1db61bdb339788731b8,91bb51bb101920d40690c2275e630cf1,delivered,2017-03-09 10:49:48,2017-03-09 10:49:48,2017-03-09 14:38:57,2017-03-14 11:01:05,2017-04-03,15e7e4d87c7e7efd6a32b9dc8704d675,2017-03-09
2dfb87489b5804dbc8293320a24aac0f,d99f288e450885b0341d068671fcf5a5,delivered,2018-03-21 13:18:40,2018-03-21 13:30:34,2018-03-23 13:42:54,2018-04-10 15:52:11,2018-04-16,e7cdc794d420a4e11194a8ff9b80caec,2018-03-21
4c1fd23882ba19dd4163989a484ad75c,6c50c2547ade7275ef04878bcfec6058,delivered,2017-11-22 16:44:46,2017-11-22 16:54:35,2017-11-23 16:48:54,2017-12-08 23:32:21,2017-12-15,5ed8f399b1b52e70b79097990eccf1ea,2017-11-22
c3d92b59600b515ee287044dd4a34985,5bc4e669e3fd7aea38fca1ea497bf110,delivered,2018-06-20 18:44:46,2018-06-20 19:18:48,2018-06-21 14:46:00,2018-06-27 12:34:48,2018-07-12,80d0260bd70549cc7813e4c4988852a5,2018-06-20
643e340c6c562d108526c36d5a94c027,d268eb5ab77b7f0837b538ea3856884a,delivered,2017-12-05 20:11:04,2017-12-05 20:18:24,2017-12-11 20:09:34,2018-01-18 22:51:54,2018-01-05,386c03456ececaffc5a1117fa02d6a39,2017-12-05
b4faf169cf759150033d5fd096c9e5b1,75ecf0a14a745e7e70450c3689123cac,delivered,2017-08-31 15:25:36,2017-09-02 02:50:33,2017-09-06 11:54:19,2017-09-18 20:09:58,2017-09-26,acac018f2d4ed4e7f3f680918b8e6c19,2017-08-31
e26f5772e3067b6d8d3cbc95ce3df51b,3f78d960d41b0baa83c3c8cef74c8493,delivered,2017-05-04 08:56:50,2017-05-05 02:15:50,2017-05-05 12:56:42,2017-05-18 08:46:53,2017-06-19,1acae29490b0ccf6d7c33bfd54af7edb,2017-05-04
c89639dcbe79b6451bdfa3143a968d57,24dbe914ad144e6daac4d54f3ac38775,delivered,2017-07-25 21:27:30,2017-07-25 21:43:35,2017-07-26 19:13:52,2017-08-03 20:12:39,2017-08-16,594f29af2bbde40c2bdac35f9fcdcf46,2017-07-25
d1142640ffde00a5ea942d37238ec5f8,7c8d8a6fe7781ea5ca552abc44920897,delivered,2017-03-12 09:25:41,2017-03-12 09:25:41,2017-03-15 08:44:54,2017-03-23 12:23:59,2017-04-11,a628c11115b54f148bd0b0f02bde1415,2017-03-12
82a30f6b1e7a65b2ad078d587ed296af,bfc4ac44365c4048159ebb0e3ea6ce6d,delivered,2017-06-11 15:32:38,2017-06-11 15:42:26,2017-06-13 13:21:45,2017-06-21 15:38:51,2017-07-10,a478006da02bd275dc0167772a2be974,2017-06-11
d5287f2880a6120bfa31fa3b327ee941,0138bea323fc76e6968c0fa28a35d9e8,delivered,2018-06-28 19:25:39,2018-06-29 19:30:12,2018-07-03 19:26:00,2018-07-04 15:09:00,2018-07-12,513d16da25fe4a05a17d556b9a62e2ae,2018-06-28
6d34c087b843ae0fdb296f15d948e45f,8d00bb042dfdfc4c8121bcd01fbc78bc,delivered,2018-06-20 19:11:56,2018-06-20 19:39:40,2018-06-26 13:17:00,2018-06-29 17:21:38,2018-07-17,d4fda150c67fa99a9927ca5fe66dc310,2018-06-20
44b243b9ac18357e1388b0459d54af02,75bd55864b7610a47980ea0d2f8e925b,processing,2017-10-19 19:41:04,2017-10-20 02:46:00,,,2017-11-06,b376524f55af921c4196f629bc463640,2017-10-19
597ed802dbdf253e02ed5dc145617466,afa81f130be8a45995290f2bef7da15b,delivered,2018-08-20 15:12:42,2018-08-20 16:32:07,2018-08-21 06:52:00,2018-08-22 21:06:29,2018-08-31,894f1ac3651d01d6c8862601ac0a4935,2018-08-20
8fc2234b396d9118c8171d1770e9ad18,ffa8532faa3bdc63c11d3124b78022ca,delivered,2018-01-31 16:15:52,2018-01-31 16:34:16,2018-02-03 14:24:40,2018-02-16 21:36:55,2018-03-01,92f632476263c367b4298378f96fcd2f,2018-01-31
950d953d1c32b47c840a17f3661427a4,83ee6d8c8198e3ecd30aa108a28d4b81,delivered,2018-02-21 20:53:04,2018-02-21 21:08:51,2018-02-24 00:21:47,2018-03-09 21:24:42,2018-03-16,6da86195a1457c43de63905fe4c422d7,2018-02-21
548df2c6e5f089574614894bca78acf5,8c99550966de67486c939c2337338326,delivered,2018-01-10 16:41:11,2018-01-10 16:49:36,2018-01-13 00:13:15,2018-01-27 17:42:51,2018-02-06,aaebb8c7afcdabf86258d26301d4ee06,2018-01-10
938cf33aaa64536379e72993eab4cef2,c02804339297de6f018d91e5e928dae3,delivered,2018-08-11 12:22:13,2018-08-14 04:10:21,2018-08-14 10:22:00,2018-08-20 21:34:34,2018-09-13,ae912dcdd2ca9b98cb0fef04feb2f6d3,2018-08-11
19035e30edccde0d266584ca34f49756,baddc9e22749fdfbc89be0e547c1956c,delivered,2018-01-01 18:35:40,2018-01-01 18:47:31,2018-01-03 22:28:46,2018-01-10 20:25:30,2018-01-26,87c3677f925662a9d5f3035c473c5036,2018-01-01
b9ed1cade4a77bad15fa7a3ced4585a4,cb536556469db7a61852d0de4cd9a279,delivered,2017-02-08 22:57:03,2017-02-08 23:10:14,2017-02-10 14:04:12,2017-02-17 09:37:44,2017-03-21,8e79ff07d71a7fd854788f3601f2ab07,2017-02-08
e3770527e77ed1a6d8b5992c286dc4ea,9256fbcdfba18f428fd2325633fb38cf,delivered,2017-12-27 20:58:14,2017-12-27 21:07:05,2018-01-04 20:21:47,2018-01-05 21:09:00,2018-01-16,1159f6ae6d9035b5da1967ebf1b2a6f9,2017-12-27
545f259d01f0a271186e324228070de7,06d3d7382dee08a5564f898eb8156e58,delivered,2017-05-17 13:24:29,2017-05-18 02:30:10,2017-05-19 08:17:29,2017-06-05 17:05:30,2017-06-21,f4020d81e465ff1f682cd987fbe05177,2017-05-17
6adb69c0a8d87a08560f83649413742b,4401e9e6cfd32822cdc8d03d8917fbf5,delivered,2017-08-23 16:26:25,2017-08-25 02:55:15,2017-08-25 19:48:49,2017-08-29 21:17:06,2017-09-14,8fa464349f7a1b2772d62cde22301440,2017-08-23
77f769edc06f5c320e6ee92b14400f30,309b553ce7f369bdd3c8ef6032ac9b45,delivered,2017-03-05 13:29:20,2017-03-05 13:42:56,2017-03-09 12:41:49,2017-03-21 10:52:07,2017-03-27,407666270779394ff161e5723c1144ca,2017-03-05
3c910682dae253cf479fb6cefab5e751,76f33f575424fcd2bfaa1e1d183497a8,delivered,2017-02-14 08:41:15,2017-02-14 08:55:18,2017-02-17 13:17:33,2017-03-02 13:58:45,2017-03-15,eb465f0f26a21b98e20073a31ccafed0,2017-02-14
ed09706e867828c762e46ad418d064d7,0766e8559ca223a62bed916c91eb8e36,delivered,2018-01-08 18:00:24,2018-01-10 10:32:30,2018-01-10 21:38:53,2018-01-11 23:33:46,2018-01-24,ad91efb8f88ea7f1c79dd02fe04cd355,2018-01-08
f6e2898af2dbe4582426003c31aedaf1,c1218284c4b5b1f0ac20a0e96e04406d,delivered,2018-07-18 23:13:14,2018-07-18 23:25:17,2018-07-19 11:31:00,2018-07-24 17:04:44,2018-08-03,d9bd6d1973348661bd1fdfa9ad00f0bb,2018-07-18
0921c97280957af14f02d430cac48a5c,936822bc2c34c35500bbe714445c0299,delivered,2017-09-27 12:57:31,2017-09-28 02:49:35,2017-09-29 20:35:00,2017-10-19 14:36:01,2017-10-23,3fedde6a647a5e0894c004f7b1526369,2017-09-27
ebe3541c37938be5fe324645a702d4d4,e626896a14e00a84683d8cf6f8c30a5c,delivered,2018-01-01 17:39:53,2018-01-01 17:47:20,2018-01-04 22:09:07,2018-01-18 23:32:30,2018-02-06,1fd757ea0752b06b76e96094d3535f58,2018-01-01
42befb375e86b58e9c00206b5f948341,25d088925de5b8a24b06c9505000448b,delivered,2018-01-11 22:12:55,2018-01-12 02:38:41,2018-01-13 01:19:29,2018-01-15 23:45:02,2018-01-30,e9e96ff4f36a319a3621b95b43343532,2018-01-11
4a1858ee1b9863a7a8d72174e32a9d24,8982db0647e13b564849511aae99364e,delivered,2018-02-22 12:46:17,2018-02-22 14:08:27,2018-02-28 02:13:54,2018-03-01 20:29:12,2018-03-08,4d35ae1bd7add1206f23f77d37543002,2018-02-22
bebb091883afc03b247e8e66a1f2dd8e,75c729bf6969221f84e47ef024ca25c8,delivered,2018-05-30 14:51:11,2018-05-30 15:11:29,2018-06-04 09:00:00,2018-06-14 18:02:56,2018-07-12,7b80c792070ee3fa4b223bd1535570e7,2018-05-30
4b95d1a4d386ff9f72f63254f6a30a51,8e8d2a893f9513f17593b10a4236ef90,delivered,2017-08-18 17:16:24,2017-08-18 17:45:15,2017-08-21 15:26:53,2017-08-22 15:04:20,2017-08-31,3ba308517e80cfc5f8e2e100d6259220,2017-08-18
0533030deeaf4b83feea1ea004f2ddb5,130db473eac67b544bd3813c3a92cef1,delivered,2018-05-16 13:23:35,2018-05-16 13:35:23,2018-05-18 16:48:00,2018-06-15 14:37:45,2018-06-07,8841e54bd927133b28c4a134665c58a8,2018-05-16
d851a0d54dfe11f32ecb35bb6c8b8e59,2e320174b3ab5bdd0bf8e2fe27e72b43,delivered,2018-03-15 17:59:54,2018-03-15 18:15:36,2018-03-23 14:52:11,2018-04-05 17:56:29,2018-04-05,16a5eb747c0c944a0854193b5a8a1443,2018-03-15
795c0e28181b5f39aaa6e2ea7c708439,a2079a2e6c7e0323e2704564d02704f4,delivered,2017-07-14 12:22:01,2017-07-15 03:35:27,2017-07-19 16:32:19,2017-07-26 17:51:54,2017-08-10,2704fffafebea37ec133f21e0009e6e2,2017-07-14
e0f31d8e55abaf717dea80886e72cb42,837faaf3ec20b55da87031abf3d60f67,delivered,2018-05-09 10:01:58,2018-05-09 10:15:24,2018-05-11 08:55:00,2018-05-24 14:28:51,2018-06-01,e3bc0ff1259d5701f8a76ba915135d85,2018-05-09
3fd1a0108718230e45ed596af3c04ab7,5d36976ccb4dfefc743eede038a851b5,delivered,2018-06-23 12:16:19,2018-06-25 14:54:17,2018-06-26 12:41:00,2018-06-29 19:22:22,2018-07-20,c318a0566b2a3b77d1f05bac5e8b4bea,2018-06-23
334decd7ef04da2ca241d7d049383f5c,fe3a33424ba62cc9aa644a82fb4b7c1d,delivered,2017-05-19 17:28:36,2017-05-23 04:22:35,2017-05-24 09:08:02,2017-06-08 14:17:24,2017-06-12,671ff3c1497a8bc800a0d65b06afab0f,2017-05-19
9a58bb130c8dbe2b6ee84808bda0da8b,e96c4cb2f779010ef7cbb5588ca65b5a,delivered,2018-07-13 12:45:47,2018-07-13 12:55:28,2018-07-17 13:23:00,2018-07-20 21:46:28,2018-07-31,9b34f262434429b02d8f7b42fe4eca9a,2018-07-13
e2106f0881297aad6e7fc16db0e9a45a,d5932a2c3561d6247dccce872bd41610,delivered,2018-04-23 21:13:19,2018-04-24 18:21:20,2018-04-24 18:58:01,2018-05-10 19:49:37,2018-05-22,e2e669b015f3c680bab677304b89afff,2018-04-23
f48360c3ded0f45d12be854d83cf01bd,f712a2059a8977b33828d774e1849acb,delivered,2018-03-05 12:02:25,2018-03-05 13:55:51,2018-03-06 23:24:53,2018-03-19 18:48:49,2018-03-23,b94401ce46e996c300dbe80fc51298a0,2018-03-05
bf855e7e3d03c67755603ee3ec6f740a,435da3cfae7de29e026be458763a4981,delivered,2017-09-17 11:15:26,2017-09-17 11:30:20,2017-09-20 21:16:04,2017-10-10 22:57:51,2017-10-09,73595bddc6727413b0b83311fe7963dc,2017-09-17
fdeffd68ae417c6344e590b1f672da56,74923e29264de38aca1e2515fd8e5015,delivered,2018-06-23 15:30:35,2018-06-23 16:26:02,2018-06-25 15:08:00,2018-06-27 18:45:45,2018-07-05,92c89d0a4c3250bfc53f1a67af6d1351,2018-06-23
d017dbce90d52a7df03496d94a6cbd46,d89b2df31c5983bfacd69a5a4f401ecc,delivered,2018-05-19 21:59:08,2018-05-22 09:14:27,2018-05-24 12:51:00,2018-06-08 18:52:15,2018-06-08,6f29470da79128b558a80cd8f3a096ed,2018-05-19
ccacf38d836bb451f51a555780ea425c,0a917cf6dd04df0ec24e6178401e8569,delivered,2018-01-16 12:56:37,2018-01-16 13:10:11,2018-01-18 00:52:40,2018-02-03 00:12:47,2018-02-07,6d0adae41a0776971a730b8f95be74b2,2018-01-16
64d7f23b722e9e54a995c7500c4926df,672f818c29f764d046b1c0d8ccf26302,delivered,2018-07-24 10:01:44,2018-07-26 03:05:16,2018-07-27 13:26:00,2018-08-01 19:08:45,2018-08-07,9d2314c36fd6858be8a64387d6adb47f,2018-07-24
3bbf8f927f288e4a1854c7c12d0dc1b7,2028d59868c16385088ca96f56b803c8,delivered,2017-11-04 14:10:49,2017-11-04 14:25:38,2017-11-06 21:45:19,2017-11-09 23:16:22,2017-11-27,3cd86c600cc096464ad1f49a47dcf59c,2017-11-04
615e54068238441742c4daf6a7b4ccff,9a66505bf502bb3d549c86dd61b38b02,invoiced,2017-11-13 16:27:09,2017-11-14 04:26:44,,,2017-12-01,8ccb4bbbcf37ed4f584d184a7ceab65d,2017-11-13
b7ef1124cfa9a18db6bb683801089f56,370441ce28d80dcca661c5eb760db3c6,delivered,2017-02-02 17:56:17,2017-02-02 18:12:57,2017-02-03 09:42:25,2017-02-08 09:57:54,2017-03-06,a52f468d5bef435519fc17f29aee6ef0,2017-02-02
1a2caf1a67ce957cd73c3b9b36ce3664,8b6b06fa880f0c8101a8ba87022a2db2,delivered,2018-01-02 10:03:59,2018-01-04 05:14:34,2018-01-05 22:25:47,2018-01-23 10:12:55,2018-02-05,6043f2608b0b0ea4898dfc629c6f3cc4,2018-01-02
d01d398884a6cf22acddc973b81de5c2,e7d9410aa7c87033dd9f7741cc5b8137,delivered,2018-06-07 13:53:37,2018-06-08 02:56:22,2018-06-08 15:08:00,2018-06-22 16:18:25,2018-07-05,ad51d40937c21bebaeb88c178a4e83b4,2018-06-07
b9f9f408bbdb152b3dc98aaffbc37a93,f21c47b4ccdf7c5544d0b3f8d7ca90e9,delivered,2017-12-29 12:15:32,2017-12-29 12:26:45,2018-01-02 16:19:02,2018-01-08 18:17:44,2018-01-24,49a450fd780d8e2aeb16b83bd2663627,2017-12-29
b3a5244e63837c138b11bad69f104bd2,238b88db8e5251890af4fe539f06fc55,delivered,2017-11-04 22:25:11,2017-11-07 06:31:31,2017-11-08 21:27:50,2017-12-05 02:52:10,2017-12-04,3649e61287fc6b7d763d7555342b1def,2017-11-04
cfe9a2c324eefb180663116644e4f171,a87cd99f802b427e5d8ad0f568f71744,delivered,2017-01-30 14:07:53,2017-01-30 14:31:30,2017-01-31 07:04:37,2017-02-03 10:47:47,2017-03-07,ae271f166e8d5098c767f5753eab678e,2017-01-30
e2fcf0dc80d06ac324b2169b7c1c46dd,9e9d0af18268bef83a5996809d4b164e,delivered,2018-01-09 12:02:51,2018-01-09 12:15:19,2018-01-10 17:35:36,2018-01-24 23:18:38,2018-02-19,56bfa50efb5aaa6e0d0143f55e1997a4,2018-01-09
90c6ad052c663ff5651759a61165b35c,bbc245da02e51a5ff7b595c31628af6b,delivered,2018-04-18 17:00:24,2018-04-18 17:33:43,2018-04-19 18:02:58,2018-04-26 17:06:36,2018-05-16,9022903214ece785db32637ebda2f605,2018-04-18
d14460d3fa8f54b8f0f7befd11820202,7b4ed170927898dcffff911ace8c5d76,delivered,2018-07-07 18:54:31,2018-07-07 19:05:54,2018-07-10 15:29:00,2018-07-13 22:21:56,2018-07-27,188b92d12c9004c4087ea4d115aba44f,2018-07-07
02e0c2efb6d9bb2a95ca90b7e78bec1f,0b8eb01b2a378b535126bdf817eb1761,delivered,2018-04-01 10:50:46,2018-04-01 11:07:40,2018-04-03 18:53:38,2018-04-09 18:48:28,2018-04-18,ad7e2fa70d0db12bce950350ebc0e242,2018-04-01
6fa1bcac9237ac279a8658d2a16ace23,133c4c1d627767c0eff78980c767ea9f,delivered,2018-05-11 16:17:06,2018-05-11 16:31:36,2018-05-14 12:00:00,2018-05-23 16:28:31,2018-06-12,e7875d0404252af01061d187aec4d360,2018-05-11
16e5e020f226b58f660770e190042ad2,025aacb42b2bf1b72a848fa69a0a6a96,delivered,2018-05-02 13:24:13,2018-05-02 16:19:07,2018-05-03 15:18:00,2018-05-04 20:58:56,2018-05-15,ba8bced49158b78f0a5df3edab1d4668,2018-05-02
34c62850ad53be21313a03576fa7fd32,8c1bad84558341cde17c31a0fa68c46a,delivered,2018-05-24 21:26:55,2018-05-24 21:58:46,2018-05-26 09:28:00,2018-06-04 23:12:07,2018-06-20,bc72caf84ea48592eed1e15d2012c42a,2018-05-24
3438e39477d8c19d943ac5353b6e9f64,02994cfcf9430e156fff3d862bdb2721,delivered,2017-09-14 07:17:19,2017-09-14 07:30:14,2017-09-14 19:39:50,2017-09-20 15:36:27,2017-10-04,24b9c4a58f427e05fdfa987e3ed4f6d1,2017-09-14
4bdc72a43c134005e672c71df83dde1e,c4bbd74031472c6caa3e0b67b86bb256,delivered,2017-07-06 20:21:43,2017-07-06 20:30:16,2017-07-10 21:27:44,2017-07-19 18:11:48,2017-07-28,20aca03ba6dec47a80bbe3ea44c470b6,2017-07-06
180956bcbdf2ff42e547ec8dec11ed1f,2d2572843074b4bc41daa7285f538439,delivered,2018-01-09 15:55:38,2018-01-12 10:51:26,2018-01-13 13:18:44,2018-01-24 01:01:16,2018-02-14,0aef107040099c08391f73e81821bbac,2018-01-09
dd44c368afd216d847ae08235e7e0089,5e5271d75ccc65f5c4042703dbcd1c91,delivered,2018-02-19 20:17:17,2018-02-19 20:30:26,2018-02-20 23:03:46,2018-03-02 20:43:24,2018-03-21,066b84091b56186f1e161b427ffef2e5,2018-02-19
70ffdf594d9f10774b05b0e2f55b0eac,2002cab8c52973624f1c84f918c30651,delivered,2018-06-23 16:04:00,2018-06-23 16:19:35,2018-06-25 09:44:00,2018-06-28 16:07:04,2018-07-20,a0f64275c1f79b3f60bf19401efc0e30,2018-06-23
a020395877c6ee1e49b1bc6a71eb774d,c3ec059409c21d576b6268d9506dd404,delivered,2018-05-05 22:14:12,2018-05-05 22:30:47,2018-05-10 13:35:00,2018-05-24 17:33:24,2018-05-28,7b6469eaba1fe9541055187a6798b462,2018-05-05
0013503b13da1eac686219390b7d641b,f7277fce45fad3165379c15cacf5ddbe,delivered,2017-12-05 23:40:59,2017-12-07 03:16:36,2017-12-07 22:59:30,2017-12-20 22:46:28,2017-12-28,1544f85dff3797491b60f2a5241d14c1,2017-12-05
e6905b52f294e4e2acc73bbb588038b3,098893faefa0c7e41222c40a4fb97b94,delivered,2018-04-22 16:08:41,2018-04-24 19:06:33,2018-04-23 20:46:38,2018-05-03 13:13:02,2018-05-18,b1482f131c2d685fb4ff0af4b9f1bfbc,2018-04-22
c3d9140aabd7042153131a1e69fc6bd9,c52983bd267afbbeef81821675b3bf2b,delivered,2017-09-30 18:33:56,2017-09-30 18:58:01,2017-10-02 14:04:24,2017-10-13 23:33:59,2017-11-06,df09be8730fb8ef5ffa050d3ecf22bbf,2017-09-30
beeb8db71523294144ecc1d34cf40814,3e0e5aaf61ff8e42e42ae1f14a71540a,shipped,2017-12-25 18:22:03,2017-12-25 18:49:19,2018-01-03 19:22:55,,2018-01-15,496c01c781af0a8ce28dce043c77efbf,2017-12-25
0a864e1c3705f361a953b0f2cc47a60e,738c8fd3671d50e81a227be5aa0327bc,delivered,2017-04-26 13:17:05,2017-04-28 11:41:32,2017-04-28 12:01:45,2017-05-04 12:55:05,2017-05-17,7d1149b5fd07faf73b151724324cc000,2017-04-26
0a7a3bb3bfcebd9e89241cf037c3bc85,9466322b97e1ac6b447e2e6404ed612a,delivered,2018-01-23 22:32:24,2018-01-23 22:53:19,2018-01-25 21:51:48,2018-02-02 20:03:29,2018-02-20,9b0694744a4058298939b2da10a20d7e,2018-01-23
1dbda1500ea9a7d9fcb18e54bfc725e2,8916cef3208941a11239a6791d459cd4,delivered,2018-06-18 14:18:00,2018-06-18 14:36:06,2018-06-20 06:41:00,2018-06-25 21:56:32,2018-07-26,f1f363a875e17d46b051ed63911b6b4a,2018-06-18
9e1875fa0cf820137eeddfab7245ebb4,e8ae9955aca35688f3e7c8d19c66513d,delivered,2018-01-31 06:36:29,2018-01-31 13:42:57,2018-02-05 19:54:04,2018-02-22 00:58:06,2018-03-02,ef3d552d3cea17123ee50ee92a373629,2018-01-31
61ad7ff8f7855f070f278ff8412622a8,0f5480c5aaee82c59b19b3a9fe5a50a3,delivered,2018-01-07 21:13:42,2018-01-07 21:27:12,2018-01-10 18:36:40,2018-01-15 20:10:13,2018-01-31,0f187f58097c5431d5244e1fe1383884,2018-01-07
30028e2a89c8feb5f30ce00c5f3f2cf3,c039ce7bf9765930a077d3a0c2d0dacd,delivered,2018-03-10 16:15:40,2018-03-10 17:27:56,2018-03-12 20:38:39,2018-03-22 17:22:51,2018-04-02,b7feb92ce1b082979267f0b72b72ad8d,2018-03-10
390e38291abc646f3d82c77980db5e7e,7420160ba52f4dc16e3fd5dcecf31843,delivered,2018-02-08 12:37:45,2018-02-08 12:56:32,2018-02-09 00:16:30,2018-03-01 21:11:03,2018-03-20,332f765f5f84469f4edc035e0a9005d4,2018-02-08
3161bdf9542e5627c052f52413c92822,0bc5c0312057328e72e35cead3ee0db7,delivered,2017-12-19 00:24:31,2017-12-20 11:55:31,2017-12-20 20:25:25,2017-12-23 17:55:51,2018-01-19,b59249f14479831a87cf867d8ed32ea6,2017-12-19
7427527f5f871c1681b4729ca7f38b59,88be53564794fdaa3dfea3d669e835ba,delivered,2018-06-16 21:53:38,2018-06-16 22:18:22,2018-06-18 12:19:00,2018-06-28 21:41:43,2018-07-13,3517a4a1c608e08ec66f424eefe169ed,2018-06-16
3eb78d52f39f1e6f40814845897b7453,c74f56b75fa9a5c97337098dea253ce5,delivered,2017-07-17 21:43:56,2017-07-17 21:55:21,2017-07-18 16:42:37,2017-07-26 21:24:46,2017-08-08,a196ddb6354374879b7d39ca6f7b68a8,2017-07-17
a2f4f3306fea53180f55b6bb37d63647,2839c9f530c783227007d9b35e643e60,delivered,2017-11-26 20:22:09,2017-11-28 03:43:30,2017-11-28 23:28:28,2017-12-21 23:07:18,2017-12-18,3eecfe068bfb9e01d87377737fd67ee7,2017-11-26
6a7dad3734ef2c19df2e8739e4ba0e77,f13780f02c055f61a1d754d88aa1711b,delivered,2017-09-14 14:38:04,2017-09-14 14:50:18,2017-09-19 15:29:52,2017-09-25 22:18:08,2017-09-26,59d8a88a7a0eb9d9eaecd772d07bab67,2017-09-14
8439dd6638771ab48a90444a6c8b108b,9180e4a9e38cfc69e97f086440095d79,delivered,2018-06-09 05:52:18,2018-06-09 06:16:26,2018-06-11 15:57:00,2018-06-22 21:27:37,2018-07-12,fa376a297344a95c79f70762ef812286,2018-06-09
937f398435f7bef62c603d5fdd43a910,95773c57ec696be0f61c1494049d5ac5,delivered,2017-08-13 20:41:42,2017-08-13 20:55:15,2017-08-14 20:45:10,2017-08-24 22:09:48,2017-09-08,ecbb850855ba931906468f97e33f5f5f,2017-08-13
86c533ce44691f0e2aacdbba0442170a,57e3b2591adb9febb837fe3b7c28f67d,delivered,2017-06-27 10:54:25,2017-06-27 11:15:32,2017-06-27 15:20:16,2017-09-05 18:52:04,2017-07-31,809ac5e18d30e2eceb249483c7454d15,2017-06-27
5112f4ba4153fe779d42f1cc8701d3f0,e720155cdbf375e262f69d2e1d85d63f,delivered,2017-08-05 13:51:38,2017-08-05 14:10:12,2017-08-08 17:19:56,2017-08-18 21:22:44,2017-08-29,526760f3b7255a26c8a93a96dfaee4a3,2017-08-05
3a8f4157eb7bafa7d631ed3d9ac9ee0c,b9e99e126aedd5016252b969e6e3fc8a,delivered,2017-05-17 23:23:46,2017-05-19 02:35:17,2017-05-22 09:25:01,2017-06-08 14:46:53,2017-06-21,9d0d24d661aefcbbd5ec94d34f19947c,2017-05-17
6385ebcfa2297036d3b9bc88f2275545,3232dbd5530719db114e87854dda28b0,delivered,2018-02-06 21:16:36,2018-02-06 21:30:22,2018-02-07 18:18:29,2018-02-19 22:16:52,2018-03-07,35ea487e68cd06d7b2f01cd7b3daa0d3,2018-02-06
b978ea305468570d5f639292c011b2bf,09b753241ee4fa912911c1705f148863,delivered,2017-11-20 15:39:32,2017-11-20 15:50:29,2017-11-21 20:26:37,2017-11-24 19:48:47,2017-12-01,b187159bc63f883bf4379572e94f20dd,2017-11-20
6f93bc498e872d1fceb5926df3b9bd54,ed891c42d02a927e5dbca628abcb9ba6,delivered,2017-06-28 14:31:13,2017-06-28 14:44:08,2017-06-29 15:07:32,2017-07-04 18:15:58,2017-07-11,5378b3a8a5384d50358a685d9fffaf68,2017-06-28
69874f1392bc9898f11b59d0a735ce70,56fac5eb4c32d40116bfc54793d9970a,delivered,2017-02-14 16:28:33,2017-02-16 02:25:57,2017-02-20 15:17:28,2017-03-14 10:14:05,2017-03-23,f80a7665b4f7a9a0fe34188cfd755d62,2017-02-14
e3cc61bbc1cfe072879400a8d82f10a2,5c9693cb2eeae30839b78d80d5239676,processing,2017-07-25 10:10:36,2017-07-26 02:23:46,,,2017-08-14,8cafc4a24a917c4a9084b763a82baf66,2017-07-25
42179e8f527c0f76eec0b2a37a284f4d,58d891eda9a7fef354dcfb65285b4587,delivered,2017-03-02 14:10:27,2017-03-04 02:23:33,2017-03-07 15:39:42,2017-03-16 15:42:10,2017-03-21,1034cbfdf32b07dbd3ab977811bca086,2017-03-02
ec8dd53b57b008ba78824972ccab7314,ccc494e3555d2c4ea8eef13fd0227ea6,delivered,2017-11-17 13:17:19,2017-11-18 02:15:35,2017-11-21 21:22:29,2017-11-22 21:12:12,2017-11-30,7794c9d71cf38a0d9a272739a6659547,2017-11-17
4ab27bfc7c06209a6e08813ca2da35af,057889390a3726625f9f6a3a907df9ba,delivered,2017-10-21 11:26:14,2017-10-21 11:49:18,2017-10-25 18:47:00,2017-10-30 19:07:31,2017-11-09,1c2ab4555681455845e74d0d3062fefc,2017-10-21
6597a54aa04a81a38f7e13b5f7fe7aa6,e5f9c9b7c5f9c39879a552985b1ccb9e,delivered,2018-02-14 23:21:11,2018-02-16 08:07:39,2018-02-16 22:23:00,2018-02-19 23:29:12,2018-03-05,0b0548476f92f8e3f71718784ad32aed,2018-02-14
804aa537b5a0d8fe2c9a61a1fe9087a7,dd61194f6d76a6389f15815f1d376da6,delivered,2018-08-07 21:53:39,2018-08-07 22:05:23,2018-08-10 11:29:00,2018-08-13 18:51:52,2018-08-15,d907cb23ab406a57e998f635c8fed195,2018-08-07
f7e0f7c5ef9b8b1ea79d697dd2259897,8cd4d92ecfafea827568bcc959b5816a,delivered,2018-05-19 23:26:06,2018-05-20 00:53:08,2018-05-29 07:13:00,2018-06-02 15:31:02,2018-06-07,581ab26950b3490bb5742d03f6d4f27e,2018-05-19
4b3b5fc7398939e35a47fe5a8c0be5cb,63eb182bd6f5c57d2a1320de259bff7a,unavailable,2017-11-24 03:10:55,2017-11-24 03:30:20,,,2017-12-08,b280cb12c18322209818778be35fdbae,2017-11-24
0b1ebd05e50ebf9d1fc97b8b1ed874b7,d242973fcc51203ce6f07da575139a0f,delivered,2018-03-08 07:17:15,2018-03-08 07:28:09,2018-03-08 21:50:48,2018-03-15 22:37:27,2018-04-10,7ba1d7225056b4b2bca4f688bcb5c88d,2018-03-08
6c6803a80161b45ad151601b21ba647f,ca0c06a18dd6faf5e07fbb8da4f32257,delivered,2017-12-13 21:34:30,2017-12-15 02:17:32,2017-12-15 17:33:06,2017-12-18 20:59:05,2018-01-03,9cc5a07f169a1606fd347a56683e6ea6,2017-12-13
38edd38dc17b36d7fd7554100453f1bd,44e09b2bffa224531befe9482a608f58,delivered,2018-02-16 10:35:05,2018-02-16 11:20:28,2018-02-16 22:55:56,2018-03-27 02:48:34,2018-03-15,5ff735d120cf4ec4adefd9766f703bf5,2018-02-16
aff1be85595c5529e666a04a65b00c4b,a359c4f0182f023d07b15adc33efcf57,delivered,2018-07-15 20:12:26,2018-07-16 08:35:15,2018-07-26 11:51:00,2018-08-15 14:59:06,2018-08-16,aa0fd3e1854cda4e5b0911a24492ba14,2018-07-15
f3f971f57df71e4e3d397faa23779e89,ea683977d25082134f533fa4081ebe60,delivered,2017-08-27 16:29:35,2017-08-27 16:45:13,2017-08-28 18:42:08,2017-09-11 15:38:08,2017-09-20,079b34d037097cd8b65526f2b3894429,2017-08-27
cf3b788513af1a4ad6085b96b4954656,98982d16ca0af3d3427aa60f68da06fc,delivered,2017-07-11 23:44:38,2017-07-12 00:03:39,2017-07-12 19:59:52,2017-07-17 14:12:44,2017-07-31,c5159b9938d551797a74e551868b71ee,2017-07-11
a24ea9c91abcc9f575f813eec32ef41e,3eca1899b518d242fbdecdef1451d807,delivered,2017-11-18 13:37:41,2017-11-22 02:51:25,2017-11-23 22:16:52,2017-11-24 16:31:37,2017-12-04,0d57344e9e4e9d16dc699cb417e50cb0,2017-11-18
ee43c2648eadad1558b2e3130b736c7c,28d908a1782ec9fd7f094debcbbeecf8,delivered,2017-11-24 21:11:34,2017-11-24 23:58:02,2017-11-27 21:43:14,2017-12-07 18:37:52,2017-12-15,24a795d141018d55ce96ad22d8307775,2017-11-24
28cf300f6c8f8163bc3c4c18d8ee8b96,56640cdcfc3857f1292dc9cd68d1878d,delivered,2017-12-07 09:01:04,2017-12-07 09:11:34,2017-12-20 12:18:54,2018-01-03 19:13:06,2018-01-02,d71aec068cc07e78e78fa14d87a238b5,2017-12-07
76600853a200fe87e141adae6b35674c,ef0842e9f5530bf24f7e7f8fb85cf62e,delivered,2018-07-24 13:13:09,2018-07-24 13:25:12,2018-07-27 14:12:00,2018-08-01 19:10:00,2018-08-09,a691b07a1c60a4c00e2a36eee59ba76e,2018-07-24
d2292ff2201e74c5db154d1b7ae68cbb,53a400fdb22676639e4cbf33197e2a6e,delivered,2016-10-04 16:05:29,2016-10-06 15:59:12,2016-10-21 14:23:38,2016-11-03 10:08:51,2016-11-24,37751f6b47c9a1dc55fffde08f0183fc,2016-10-04
347336c97c00ef995027feca140b8dcc,55cfce346990f14b5afce1b2a79cbbf7,delivered,2018-01-09 22:51:33,2018-01-09 23:11:53,2018-01-12 14:28:07,2018-01-19 19:04:05,2018-01-31,837ae415f944ad89faf111b34cb260f5,2018-01-09
1d04b765ffb9fa87d403662637c984f6,9d880550e2b2258e195c8de278cf875e,delivered,2018-04-13 08:46:34,2018-04-13 09:11:51,2018-04-17 15:28:50,2018-05-05 14:41:29,2018-05-21,427fcab6900affbb0fab19af54fcbaf1,2018-04-13
4034b68eda61d53e7c3b417c10e8b252,e4338d62c76f8fe7406c55071f50e440,delivered,2018-08-13 09:27:56,2018-08-13 09:35:18,2018-08-13 16:08:00,2018-08-21 11:39:06,2018-08-24,4cfb89ebdba119ac83d7abfe4f47a63c,2018-08-13
ec229847c1c5cf6fb15ad56753ee00ab,b9dfc1dcc4615513c332d062ec85c280,delivered,2017-11-07 08:46:53,2017-11-07 09:30:58,2017-11-07 20:56:51,2017-11-17 18:17:59,2017-12-04,b63103e7e7a35aba509576b116bad9c3,2017-11-07
5e149681ce0a38cbd1ab43422be73a56,eacb0c4f63256a598da605d10fd5b17b,delivered,2018-08-02 14:47:08,2018-08-04 04:05:27,2018-08-06 14:33:00,2018-08-14 11:46:50,2018-08-29,2e438ed54223fcca39c725b9a3e6376f,2018-08-02
cb78dafa7c2ca5d9eafdc6f02cd4f3b7,a7c105e27ad87e9c6c3f324645800bf5,delivered,2018-07-22 19:49:25,2018-07-23 12:31:51,2018-07-24 11:28:00,2018-07-28 17:20:29,2018-08-24,05cb25c0b98e8d6f839049d97adfecab,2018-07-22
eb6c9fafc446a2e85663c76915b796dc,2e4e428705c99841e005a10186496134,delivered,2018-07-14 18:26:36,2018-07-14 18:35:22,2018-07-17 11:58:00,2018-07-24 20:09:48,2018-08-08,ed470f6523c0e96280f8a357a9c4abd0,2018-07-14
c6ce7b16a4f682bbf13eb4a9efce0d85,cd013fdda3dd0f600f300e67719d776e,delivered,2018-02-19 09:34:59,2018-02-19 10:10:37,2018-02-27 21:54:02,2018-03-05 22:43:36,2018-03-19,9f4f37dc0a05ff14dcdd63df70d46919,2018-02-19
5c3ed80bbf87273549529ebc6a45650d,bbe6f69791f44733cdb39b824789340a,delivered,2018-03-18 14:22:04,2018-03-18 14:35:25,2018-03-19 19:27:20,2018-05-05 00:16:54,2018-04-13,cb06773dbb3415543b78720a3986344e,2018-03-18
2610d02cf7ff695863673e09146bdb67,d559dc84324405217e129c2448f7b1d5,delivered,2017-09-21 14:27:11,2017-09-23 02:15:23,2017-09-27 18:00:46,2017-10-03 19:42:37,2017-10-23,7e4ecd0fe41e1c98597eaedf447e2347,2017-09-21
38de766f3fc1c31882865a217ecf15db,36b5414e4821e8d2f98acdeb8e180059,delivered,2018-02-03 09:04:48,2018-02-03 09:15:34,2018-02-05 19:32:45,2018-02-21 22:08:08,2018-03-07,1f76cf66bda003e9c7d11707e524f0c0,2018-02-03
89e551559b137dc03d8b5cd618b523e8,ea67ed93ddaa0bf58279b76e78b9635a,delivered,2018-04-26 17:00:28,2018-04-26 17:31:57,2018-05-02 13:25:00,2018-05-03 18:24:56,2018-05-09,502efad234d31eb84df82019d85ad6d4,2018-04-26
2759e33a8d084b097aaf4d4b8393e38c,bc65abd5df0fc9cf85f69cf5c87663c2,delivered,2017-10-04 10:27:27,2017-10-05 02:56:21,2017-10-09 21:36:02,2017-10-20 23:26:33,2017-10-26,a0232b17e5055711b7fc036dffd34f39,2017-10-04
8cd5aad1cedb4a08e019072b76d6ec9d,1929fe44659545005a8b8311ef2dfd1d,delivered,2018-08-05 18:48:07,2018-08-07 14:35:13,2018-08-13 09:24:00,2018-08-14 19:57:56,2018-08-17,82c887949254710fd671db2d84d7a220,2018-08-05
3ed807f1c16170de6ddaf2c254ae2ba2,42127ee3afa767a0312e66668ab40eeb,delivered,2018-05-05 21:52:19,2018-05-05 22:13:12,2018-05-07 15:38:00,2018-05-09 17:17:55,2018-05-21,6a9694a5968457686e5c5e5e55b9dcd2,2018-05-05
a6ba5666a43bd5cdaf4a6b0ea268ecf4,e3d4e30df73d90da75406706416c0c33,delivered,2017-11-02 11:36:12,2017-11-03 20:30:53,2017-11-04 12:03:10,2017-11-14 17:27:59,2017-11-28,0f6d099f1459871a9024668427f9c308,2017-11-02
29760b4b3e268c6ac38bf18c85c89d88,c7f4608accff4425b32a4586032cd58b,delivered,2018-01-30 21:20:02,2018-01-30 21:31:48,2018-02-02 03:04:58,2018-02-16 18:17:43,2018-03-02,e7b135b2f9ae921f40a96f2aa0293cd3,2018-01-30
89352af3c4b001fbe430efb20dc66b79,5663c8b88222559e17152e56e91cff71,delivered,2017-12-23 08:51:29,2017-12-23 09:08:09,2017-12-26 16:04:16,2017-12-29 15:32:56,2018-01-22,dd8253fe17486f2e2cbff105e36e4a55,2017-12-23
c047e1042ab337c92ea23d512b54c5bf,dcd807e8478e48fc1ea524e8d2fc1b79,delivered,2018-03-20 19:32:40,2018-03-20 19:48:27,2018-03-21 19:16:40,2018-04-09 17:04:10,2018-04-11,05ad5f7e74d3cfc5f83c8ef5b0481f4c,2018-03-20
9156fc69417fcbcd95042aa80d9eaaab,4e641f7435785c90fe41aee70a858cc2,delivered,2017-10-20 21:51:01,2017-10-20 22:05:50,2017-10-24 18:55:06,2017-10-25 20:19:48,2017-11-06,d251697395cddd7880318a127e8821ff,2017-10-20
e8d3219c027c07fb152bc267d5e437fc,f807cf5d02737d83f12479118e536f80,delivered,2017-08-05 17:32:15,2017-08-05 17:45:09,2017-08-25 13:15:17,2017-09-01 17:53:43,2017-09-06,c49830cd732881587723077dd4b1381b,2017-08-05
a37f5cc83000aea21c4efde29a20449b,3e085d0d49176bc8e7503e236dbd43d8,delivered,2018-06-11 21:04:32,2018-06-11 21:40:32,2018-06-12 10:12:00,2018-06-18 16:38:30,2018-07-04,94079f2d892bc75e6fca7e2cdb792d6e,2018-06-11
e8aa9a21409da6ead91fa2b68f7408b8,1ce71347141b46f48d7e62c4b732c4d9,delivered,2018-05-17 09:29:58,2018-05-17 10:38:30,2018-05-18 11:04:00,2018-05-21 22:18:29,2018-05-29,d4387f8c002d1bb6a8c0c8f05be872a1,2018-05-17
6e13ace2f7bb821f2056594df3c2b7dc,6343bc687a2d4cc1ecd8a4d506f1fe35,delivered,2018-02-17 01:29:13,2018-02-17 02:07:49,2018-02-20 23:09:32,2018-02-23 20:35:38,2018-03-07,0f51488dad158188b716da8282edcb66,2018-02-17
575467d9d96afd78400967f076063dcf,1d585abcb406c002e59a9276c8124520,delivered,2018-04-16 23:18:45,2018-04-16 23:30:18,2018-04-17 19:22:08,2018-05-08 23:22:13,2018-05-14,63bef2d06e3b0f88ff69e6d707f438da,2018-04-16
f7fb915e2a9f9889685dbc187b376427,555c08b2c9aadc1af33749ac4d79eadd,delivered,2018-05-12 11:17:38,2018-05-12 11:32:15,2018-05-14 15:48:00,2018-05-17 10:41:35,2018-06-08,44da2e9248b8ddd38d664afaab8f1655,2018-05-12
2ca6cbdba183a28bab6ed5d2add83f7a,f52b8336ea7f494160b13b53899ff01c,delivered,2018-02-20 22:31:15,2018-02-22 02:15:43,2018-02-27 21:42:43,2018-02-28 21:52:01,2018-03-06,b03d35ad6272610aa766b2e1559f43c4,2018-02-20
aa2cd8b186c94011da9d0f80785a3f20,161e4dd2df72921427adf3562a06d7ed,delivered,2018-05-06 22:19:46,2018-05-08 04:54:17,2018-05-08 12:25:00,2018-05-09 16:23:40,2018-05-15,4e1ac19f79e722a08c3d9bf398cd6d62,2018-05-06
ccb8b4e769ca2b38efbde774aaacc166,eb9151d93566a232f2bf9f4d2f587a3b,delivered,2017-06-29 20:18:51,2017-06-29 20:30:13,2017-06-30 14:10:10,2017-07-07 19:52:25,2017-07-19,4710663cf32a1ff1532c38d3e6aa4222,2017-06-29
6b8716747545c11cd3b8592520389749,b8e111b6572fac79a6b4e9dd9534433a,delivered,2018-02-08 13:25:21,2018-02-08 13:35:27,2018-02-09 22:16:32,2018-02-15 12:06:38,2018-02-26,f7c78a55091299e2556218e647c2bb73,2018-02-08
6ffc78c9003aa616f58b4de610bcce29,7ec37a1c010f3a98dcc388f0f0565776,delivered,2018-07-16 13:57:11,2018-07-16 14:10:24,2018-08-02 07:18:00,2018-08-10 19:32:53,2018-08-03,98f83daa27b55e50bf2a62507694a014,2018-07-16
327ad7800f253f3efd342b0997a16b3f,4632a65b0ff3f7df3e6d9b9bbe11380c,delivered,2018-01-23 10:02:58,2018-01-24 09:58:22,2018-01-25 18:44:16,2018-02-06 20:56:24,2018-02-20,217292034a9e98acdd21d0642afc64e5,2018-01-23
35f21af6cfb234ef454f1703288e2341,c425d4425feded8f303e4fa2c5ee1b94,delivered,2017-08-02 19:12:44,2017-08-02 19:25:18,2017-08-03 18:05:53,2017-08-07 16:57:46,2017-08-22,ab62eb963ce5fe3d2304dc165f45d7cd,2017-08-02
0f3b2951a363f6a201ad23e3ce2c0313,ca5cc0d19a459e9c7b6f2e781c98a190,unavailable,2017-11-23 00:07:09,2017-11-23 00:18:32,,,2017-12-13,962187a437025c984c621276aad55fb8,2017-11-23
bba21993f12d756b813c354103b3d248,e2ff9204af6893286435eb293203972a,delivered,2017-11-28 17:27:33,2017-11-28 17:39:32,2017-11-30 15:41:34,2017-12-01 20:43:03,2017-12-12,707fef9eda71cd9823192df1dd930108,2017-11-28
cd7cebcffafb9a184b1aeec5b2197c3d,ec12aef9939e614d923b504beeb0443b,delivered,2018-02-21 15:24:48,2018-02-21 15:35:30,2018-02-24 01:39:06,2018-03-02 18:16:47,2018-03-21,70c976663a07ebfd35d81c6179258391,2018-02-21
29815bc0973b33856eeba7b668101f16,4d1a0b50db4696068aa1ce1e933c22a2,delivered,2017-10-30 17:31:30,2017-11-01 03:26:26,2017-11-01 19:49:33,2017-11-07 18:18:39,2017-11-14,642833d3c4a346db1b91406777a17908,2017-10-30
c7dd323224f4c34e9014d0a89e987b47,51ed44d911b53453004f168540b0f4a5,delivered,2018-08-17 13:17:46,2018-08-17 14:30:40,2018-08-21 13:04:00,2018-08-22 13:16:39,2018-08-27,15fbda9a56959b58dffde5a4426f0b52,2018-08-17
420011ce3780f71ff75fc9d705144a9b,543ffec7e11ec1866c810953bff61141,delivered,2018-06-23 18:20:02,2018-06-23 18:35:35,2018-06-25 14:22:00,2018-06-28 23:02:34,2018-07-23,3184857361deb56be5aaa646f2737994,2018-06-23
4e7d9b3083e78f30d7534bd2fc1c5f2d,9be4fd397b43b6a7f757a600b4ca5379,delivered,2018-07-17 19:32:00,2018-07-17 19:45:22,2018-07-18 16:44:00,2018-07-24 23:08:35,2018-08-03,030e2ece69927969001c9b85eac2c9b7,2018-07-17
1def5208ea4cb393260ab333be753296,31ba3483559016b09049d2a84f6eef2c,delivered,2018-06-21 11:15:18,2018-06-21 11:41:23,2018-06-21 14:37:00,2018-07-30 20:06:43,2018-07-24,e5c4e27b96f4edcef60ed1469a402db4,2018-06-21
c69be353fa727fbeba5c4b39dfb9dbc8,51f2623fd1886cc6e5c101511c7bac6a,delivered,2018-01-05 03:30:49,2018-01-06 16:06:55,2018-01-08 16:30:05,2018-01-16 17:49:05,2018-02-05,4bdcdfb56a556bcae9566c084d959ce8,2018-01-05
99b5479599753883c7355ca6cb95b2c1,59c56e683b39c2ca0c21348d5e5eac99,delivered,2017-08-07 10:42:56,2017-08-07 11:23:28,2017-08-07 18:10:00,2017-08-16 20:10:02,2017-09-11,378fb2992e03f14500fdbc41100b98fa,2017-08-07
0528d983de4118f6b36d55e407d24f94,2b1b790a9c4607e02c727e98485cd449,delivered,2018-07-22 17:36:00,2018-07-23 12:32:17,2018-07-23 14:52:00,2018-07-26 22:16:50,2018-08-06,d637641a3d7a5e9ad38be830922b91b9,2018-07-22
b7ea644dd20e7c8cd6d08bddfb090a6c,590ee94085c0e61b7300c66a8e2cacfa,delivered,2018-02-23 11:25:36,2018-02-23 18:20:22,2018-02-26 22:46:46,2018-02-28 14:03:22,2018-03-23,fb8b66219808090a349470966f874266,2018-02-23
f6f7f2a89961cefa9f6db1e99fd61e59,810911a6f06c1ba2ea2e2f9410e4f05f,delivered,2017-12-10 09:39:28,2017-12-12 03:35:35,2017-12-12 17:15:50,2017-12-15 19:56:57,2017-12-29,946e876e440cfd1a56c83d0f7c526959,2017-12-10
a3476275102890bfa5129b85c78f3da1,5655a5fd1c44d8ec0fa95eec6f63ad66,delivered,2018-03-02 16:48:41,2018-03-02 17:10:40,2018-03-05 23:44:55,2018-03-11 18:41:51,2018-03-20,ceb767afcf00ef4fedae42343064aa3d,2018-03-02
12eb23de9270a05fa07be92704d1a6ee,11bfdeb017d615bead55b7ff2de22f2d,delivered,2017-11-03 22:55:47,2017-11-03 23:10:23,2017-11-04 14:49:49,2017-11-06 23:12:02,2017-11-23,6dbf40025c492536db00c2ffff44ffff,2017-11-03
ce76ffbfb04b7dc8293ca658f75963cc,f6cc73c737c6c32ef0aba0d6d7aa84a4,delivered,2017-02-15 23:49:35,2017-02-16 00:43:42,2017-02-16 15:16:51,2017-02-23 13:16:32,2017-03-20,8c5ff160a30c0aa25516abd1d185e9c3,2017-02-15
a4635c4b193e740cc720feeb43e075ef,1d42f8005da1b87cce3b873a4126402c,delivered,2017-08-30 11:08:13,2017-08-31 11:24:20,2017-09-01 13:17:48,2017-09-11 20:15:15,2017-09-22,e3764eb6c28f9e828e5b1317b18e38ed,2017-08-30
eadd7dba4c87a895126c2cc2f33b30aa,6e7bce8096e8751fff1bc54cf8f5dd08,delivered,2017-08-16 13:10:42,2017-08-16 13:30:20,2017-08-22 15:43:21,2017-09-05 18:43:15,2017-09-26,c55821f6a2a59a93d4cde13a2ec14661,2017-08-16
b63f8bb50651b512f0c3aa52c78dc340,9af746cd830ce99190aec58cd5fc1c82,delivered,2017-11-08 14:15:34,2017-11-09 14:26:38,2017-11-11 02:18:53,2017-12-05 21:57:35,2017-12-06,0701df7ee7e9c7d3f7205b78b0d74110,2017-11-08
4e0665384670c0b50c2d6857e56c35e0,ab84795406ac575ac820552275d317d9,delivered,2017-10-11 11:24:33,2017-10-11 11:46:33,2017-10-13 21:09:03,2017-10-17 22:44:03,2017-11-10,841fa33b116a32382518e9d0e0e07b4f,2017-10-11
c1ae51115a5ffffd12f15c709654d2c0,8dc46ae5a9fcc44189e417a5357b6bf8,delivered,2018-03-31 13:20:23,2018-03-31 13:35:18,2018-04-18 23:16:30,2018-04-23 14:12:29,2018-04-18,21f62039849c93265424a3dab0b7fb0f,2018-03-31
c771daed5a327383979b39b00a919a1f,54f7a9b7f0c10e4200b1769f1332ce06,delivered,2018-07-20 12:28:34,2018-07-20 12:43:34,2018-07-20 15:00:00,2018-07-25 19:38:35,2018-08-14,35a99f9a80b0882ad631427a67f2d363,2018-07-20
d83d899f5a20b2d05342270eab088987,976b96fa83a29c78baa2ad3226e2dcc7,delivered,2017-07-04 13:56:15,2017-07-05 02:50:16,2017-07-12 20:17:57,2017-07-19 15:52:28,2017-08-01,7a194525c5d606a95cef522ddf60561e,2017-07-04
c45067032fd84f4cf408730ff5205568,0fea3afc6a1510c9db75d349d28af974,delivered,2018-05-16 12:09:45,2018-05-16 12:39:20,2018-05-17 12:41:00,2018-05-22 17:28:28,2018-06-12,13f283df2f4760f22b57830865761d07,2018-05-16
bd1072cc4db9aa8b0a4a0188ce7254aa,eddf93179e9e295dcffdb002a3ad2d77,delivered,2018-06-09 01:16:23,2018-06-09 01:36:25,2018-06-12 14:54:00,2018-06-19 23:18:40,2018-07-18,5e30c96e320c5a6bd45606feec122ee2,2018-06-09
791de4d00367a315bd14eb6ea519adef,0428dac4668d094df02ce20e705455cb,delivered,2017-12-14 18:40:06,2017-12-16 02:34:39,2017-12-18 18:27:08,2017-12-24 13:29:07,2018-01-09,c48146190db73c764378712df6db4014,2017-12-14
1e9808b58869f4edf92ce918b62efb74,18fbd0029be852aaa358a91a36d25752,delivered,2018-01-31 00:59:24,2018-01-31 13:31:30,2018-02-01 22:36:42,2018-02-11 16:09:22,2018-03-05,e301481a04be1d41e0bc19978bd9e941,2018-01-31
3b41cd88f86b0e96701cc19dfb93d60d,281e5d529289df817ae2b735fcf6208b,delivered,2018-02-03 13:35:41,2018-02-03 13:49:42,2018-02-06 21:15:54,2018-02-16 16:52:04,2018-03-01,f7a32a6622af38e4e693a2805551cb35,2018-02-03
5190f963681eb5a3db66961c4fa05a66,2e6d1249c2afaeff7e64fc0a7f4e3e8b,delivered,2017-07-10 18:38:10,2017-07-11 10:50:16,2017-07-12 17:27:47,2017-08-01 19:29:29,2017-08-09,7c7a3e75a07057d6e7e5ef9989d38f13,2017-07-10
582e0dbdbf89bc46dbcc5c34ff60745a,5f72cc875d166f261f0469ab1b52c4ad,delivered,2018-03-25 18:29:15,2018-03-27 04:10:21,2018-03-27 20:03:35,2018-03-29 14:04:29,2018-04-06,cfc25323ffc015b5667c20d910b720e1,2018-03-25
5935d2e5e81201ca0c8233ea39b5b63b,456c655d5a4e26662aba3b30ddbef7fa,delivered,2018-08-06 21:36:12,2018-08-06 21:45:11,2018-08-16 11:25:00,2018-08-21 17:41:18,2018-09-04,da684931f18993d4aa2053e392465fce,2018-08-06
dd7466999a78895066f04b645789deb3,1caf15e0efd34c070c497ef8c87e8fa2,delivered,2017-10-24 17:06:38,2017-10-24 17:30:02,2017-10-25 19:52:37,2017-10-31 18:38:26,2017-11-14,de2fb3350dc70eda4860ed9418217ba8,2017-10-24
0b46d65f233663a9d675570799f42914,e2b23b5346debd052a2750aca8834ea4,delivered,2018-05-20 19:40:06,2018-05-20 19:50:44,2018-06-07 14:02:00,2018-06-11 15:44:38,2018-06-13,8ffc19affc6337074163ce2baf5ad841,2018-05-20
a610609ae68611c8fdb97f1002636127,61db6421e5fab4bba7bd2db218fba49c,delivered,2018-05-22 08:28:33,2018-05-22 19:17:26,2018-05-29 07:16:00,2018-06-06 16:39:03,2018-06-14,1c628081cb579ed6035b9aa8614e69f4,2018-05-22
c568b098d9dd03c22f387c2f0eb4be8e,c0078a50a61a1fcaf1f3d7d3fca61230,delivered,2018-06-30 14:52:27,2018-06-30 15:10:14,2018-07-05 15:34:00,2018-07-12 23:52:49,2018-07-27,c4ddab9482e8e41c107f7985f702ced6,2018-06-30
9e103e5106ce70cf6a318d7039319025,ab48b355cc77d8be6dfc61af3f902937,delivered,2018-01-24 14:24:25,2018-01-24 15:38:24,2018-01-25 21:38:37,2018-02-01 18:42:55,2018-02-16,2816079b594da012bd4c7928d97117ec,2018-01-24
433998f702486cfc7c5431db579a4d8f,79e85e4334a170f7aa57a81ce4988de7,delivered,2018-06-12 23:21:26,2018-06-14 02:17:32,2018-06-15 13:12:00,2018-06-26 09:26:20,2018-07-04,35fa3223d01260e93f370bb237cffae8,2018-06-12
1e90871264623f5f891409abac3dc0a7,ec31fd62f972a172d6321f943ca34bc7,delivered,2017-07-16 16:29:57,2017-07-16 16:43:26,2017-07-18 13:30:06,2017-07-28 14:44:47,2017-08-17,640c4953087d57f871d7695644f5fbe1,2017-07-16
d32fbb7b9c7d393b293c80e66091ee4b,66538c9da66571088de88815faa7ee9a,delivered,2017-09-10 15:33:23,2017-09-10 15:45:19,2017-09-11 12:08:37,2017-09-15 17:11:32,2017-09-28,8c9f376c4c714c1afd0255c7cd38b492,2017-09-10
0b6626697a43f34edff9135fdd0a564c,c2c67639ee959564126f62c5f03328ce,delivered,2018-02-05 11:46:11,2018-02-06 05:31:50,2018-02-07 22:26:51,2018-02-16 00:46:39,2018-03-05,eb47ff8b5057b9083f363e947831e696,2018-02-05
b7d7c101ddd012e7c338fa7d78602a95,56d190af176fad8ba8d4783efa59345b,delivered,2017-05-26 14:24:37,2017-05-26 14:42:27,2017-05-29 11:42:25,2017-06-05 12:09:33,2017-06-20,e218ea5252473c436e855ed736e1f856,2017-05-26
2fffe146b14011ed0c09ef7aa6b77a98,75c71fcf0b99cc3387a21a01669b1614,delivered,2017-08-15 21:32:29,2017-08-17 03:05:52,2017-08-17 13:47:29,2017-08-22 17:34:12,2017-09-04,fa7ff48e6231d137a3a04ef498edaef9,2017-08-15
0014ae671de39511f7575066200733b7,41065d9dcea52218c3943d2eed072b97,delivered,2017-05-22 13:49:03,2017-05-23 03:15:24,2017-05-29 09:04:02,2017-06-07 13:52:52,2017-06-13,8e5a8d9363eb6296154b65750c8702ca,2017-05-22
47930c4ab733d975d31a997cf4727396,2edac4c00a86901ea9c8dfb19eb3b531,delivered,2018-06-19 16:29:26,2018-06-19 17:04:48,2018-06-20 14:43:00,2018-06-28 15:52:39,2018-07-20,21d91fc3e9c980a0978dad2e6126fe5d,2018-06-19
bf3dfe9c6770896602562c35b08e3419,0e96143af9d9961fa2324db67d98bb29,delivered,2017-03-15 17:57:01,2017-03-15 17:57:01,2017-03-17 06:34:16,2017-03-21 15:14:13,2017-04-03,6dc1802b678d30cc0cb0a9da873fc583,2017-03-15
ebccb7f0da7fefdd75130094a01d25ac,b90047981db522a582f427338df7709f,delivered,2018-06-16 15:14:44,2018-06-16 15:37:57,2018-06-18 09:27:00,2018-06-22 22:26:43,2018-07-16,78ae0a75378bbc3f7e2f2877065fb874,2018-06-16
0fbee579bda94d24feb8e609b8cab185,11f97c4dd8b6d059ed605b615bfaef69,delivered,2018-05-08 09:14:48,2018-05-08 09:35:53,2018-05-08 12:27:00,2018-05-28 19:56:35,2018-06-08,38d6c7a1968ce4bcd8fff3175bb60430,2018-05-08
642ce735c8fbbe62455426928980a698,94766b73d520c1f6d97d480c9bd7900c,delivered,2017-11-26 21:29:15,2017-11-26 21:37:35,2017-11-27 19:12:53,2017-12-17 20:13:12,2017-12-26,6a5f5052b4836fd5ccfc8593b47175e2,2017-11-26
b5cf77e4698b896e9e74cf71268a9819,b89a58934cf731c598d3a824962e5bc6,delivered,2018-01-07 10:58:17,2018-01-09 07:19:17,2018-01-09 17:29:29,2018-01-12 21:53:49,2018-01-24,c84c102897b51486e887689a1390cbe6,2018-01-07
252542bdcaff281720c6460e5868ce06,dc34271abde757d3d9bde8b1ff3ae823,delivered,2018-05-15 15:00:23,2018-05-15 15:14:38,2018-05-16 10:38:00,2018-05-22 18:03:12,2018-06-11,cc26dcac25520aa1534eb0e3c6fb6084,2018-05-15
f739e2e689094dfc943626568da074aa,2fd0d615269828403248761ae8497bb1,processing,2017-12-10 13:13:24,2017-12-10 13:30:22,,,2018-01-17,ffdde6e4dcb6ec3a882cfc6cddef7996,2017-12-10
b534c927d5cb15838b514c99f1c8d94d,a58973d74af74554a3396964dc19c1ae,shipped,2017-09-29 20:51:26,2017-09-29 21:04:27,2017-10-02 20:57:27,,2017-11-01,9057341f069a7cd937c12cb1f46b6e81,2017-09-29
25c3fbf15b360f74b84875c3a5627296,b1d2c7d46f26ce68045c03211a289f99,delivered,2018-01-05 11:12:18,2018-01-05 11:27:28,2018-01-10 17:32:14,2018-01-15 18:26:34,2018-02-02,c307276dd48668698dd45e03b412f3aa,2018-01-05
a95c94841ab5bd6b075e7f6f2c9670ee,3e7e7f9d549e56cbeff29f8c9fffb0ba,delivered,2018-04-13 00:19:50,2018-04-13 10:11:21,2018-04-13 19:31:09,2018-04-27 17:58:50,2018-05-16,7a58b75c2eb80131d4bfc850678aba61,2018-04-13
2b69497e8fa468b823a89798ed1a38f0,d7307b15a7f81b2d0a6b89c6cd258feb,delivered,2018-08-10 21:02:26,2018-08-11 02:55:27,2018-08-18 09:11:00,2018-08-20 13:11:58,2018-08-20,c5fa32fb9db45e2fd82cc79d12aee5d4,2018-08-10
916f5a97fd2a0dea046534fac1fbbd88,e3b774df7af6c6c0427f2f6e26a1b705,shipped,2017-02-09 09:31:15,2017-02-10 02:45:16,2017-03-01 10:05:24,,2017-03-10,11592c9c20fd2313ae3fbda31c43f139,2017-02-09
f4d42be7cc22c8f2fff20f0c331d7574,9a2fc37cbb653ab398e40a4def78149e,delivered,2017-12-20 09:28:20,2017-12-20 09:38:19,2017-12-22 20:42:32,2018-01-04 21:23:45,2018-01-18,2f36f7f9840f59438b1c21d963291672,2017-12-20
dd254408dc9d63326b2028c5ffe9e23b,5a84017062b9a09b8e834003c96566e0,delivered,2018-06-06 11:26:30,2018-06-08 03:13:36,2018-06-14 14:44:00,2018-06-19 18:47:18,2018-07-03,f51c5193cf4a17c47d528e0746ded0fc,2018-06-06
28e0151b51b38a4a0d48b6a3a430d9ae,91190cc48801929bec7ff38d04fbce23,delivered,2017-09-25 16:06:10,2017-09-27 02:56:33,2017-10-04 19:34:58,2017-10-09 20:12:22,2017-10-18,bfc9c81d08bccfee71b1c5d37eafa6a5,2017-09-25
242427a18e5ed02d9a3437e08c70ecc3,56c04aee226f0b4d7493f1556e79df22,delivered,2017-08-02 14:18:17,2017-08-02 15:30:16,2017-08-08 17:38:15,2017-08-15 14:13:37,2017-08-22,100d7e5658eaabaa8ee218c572a46fdb,2017-08-02
59d94d0f87dcdb43dcc6bca8a0cb2a0c,b4b3f6026dad88e08fb993834e90cff6,delivered,2018-05-31 16:21:44,2018-05-31 16:30:43,2018-06-01 14:01:00,2018-06-17 08:51:00,2018-07-16,a354d0eff6173f21e2d3cd9143b080f9,2018-05-31
1dc2fa22dbb160db9eb90923718fd0c5,3545524b94d7564dc8e66d9ca95c367e,delivered,2018-02-26 11:41:31,2018-02-26 11:56:00,2018-03-12 21:05:51,2018-04-09 13:32:27,2018-03-21,399699e87adec3391203291418de34d1,2018-02-26
0b05441635d9a251f9865b985bf985de,a3c9f9938f51f409773bbda6b13f7f3b,delivered,2017-12-12 22:05:02,2017-12-12 22:18:33,2017-12-13 23:54:34,2017-12-22 22:52:18,2018-01-09,4162c8f38b17df48915250f4fcd3a080,2017-12-12
814b1f69511cfbaa3b54bf7701c7a475,f8f4b936789e0728c920f4a86f0f23d5,delivered,2017-06-06 21:40:11,2017-06-07 02:45:24,2017-06-12 05:49:19,2017-06-19 14:49:28,2017-07-03,5e492797fbeb54fb3e96629a55cdd480,2017-06-06
80ccfbf4b2d0155bcaacdfac409fce16,71258da264186f80c019c4064b6e03bd,delivered,2017-10-11 00:57:06,2017-10-11 01:07:21,2017-10-17 16:22:49,2017-10-20 18:25:07,2017-11-07,ebeac8c343bd16ab31b99273d5a649ba,2017-10-11
5be6e25a039543ec0588ea864fec282f,d0336e4e5b32a3ac4319b917f5f826b8,delivered,2018-07-16 15:10:56,2018-07-16 15:20:18,2018-07-17 12:46:00,2018-07-26 11:26:51,2018-07-26,516557ef1dc15a5f71608f273fae7b0b,2018-07-16
1ded184dd48db815347b0742c2a4da2b,ba7550bf468f7120b9715406fe84ddea,delivered,2017-10-30 16:51:17,2017-10-30 18:33:07,2017-11-01 21:33:28,2017-11-06 21:58:31,2017-11-17,cf923923fba41cd27ac439b53c7cbdd4,2017-10-30
a958c63d82402d33056428ad710622d0,9afad8b1caa618b7db42fff802a20502,delivered,2017-12-11 16:54:58,2017-12-12 03:38:29,2017-12-13 01:47:37,2017-12-19 16:35:05,2018-01-09,35abb7c13ce5b7575fc6cf70bc6c93e8,2017-12-11
b874cad37f8aaecad0e9de14008e516b,e65dc14fa4982b68b349c8e855abb66d,delivered,2018-01-15 09:47:18,2018-01-16 03:34:33,2018-01-17 18:10:24,2018-02-18 17:14:57,2018-03-06,5182802360c80b56e202491c166b4515,2018-01-15
43a220d7f0c5992e41c8402d1bb96caa,7e742e6922acab64d2fd8c4fb29f134a,delivered,2017-04-09 18:33:19,2017-04-09 18:45:10,2017-04-11 13:27:51,2017-04-17 07:23:10,2017-05-04,d9bd97460610038da2e90afac15c43e7,2017-04-09
71603031182fa8f497b5bae069bb9361,c2d6392933fe92da78c503e94c37c552,delivered,2017-08-24 18:12:37,2017-08-24 18:27:37,2017-09-01 19:30:05,2017-09-02 15:26:05,2017-09-14,d4e365482617be6d91e1271aa793b3c2,2017-08-24
84999b104428fb26a562282e4f17a340,80a642de6806c151665d98e30889a5d1,delivered,2018-04-19 20:41:50,2018-04-24 17:56:33,2018-04-26 13:49:00,2018-05-09 21:33:28,2018-05-15,83fc2df1501615dc77698806d961fa52,2018-04-19
9b3d13c2644e10e20020ccd7f3d40534,4f2bb54d04008d4f346c1e3f556cfcd3,delivered,2017-11-13 18:43:09,2017-11-13 18:55:59,2017-11-17 21:34:57,2017-11-21 21:28:06,2017-11-30,eabaccde0fe3120d2cbbcfc93e2b4177,2017-11-13
bf296db5d351091ec564052c8beed8b3,8b7369c82ac3d8d71b77d5b23b085696,delivered,2018-05-13 17:08:57,2018-05-13 17:33:36,2018-05-14 13:53:00,2018-05-22 15:41:09,2018-06-06,98de6fdee8013609f315bcbcf39fe23f,2018-05-13
92feb19a2b63573984951463f3c2935d,a9c278347917695b626f991446622e6b,delivered,2018-07-17 15:22:52,2018-07-17 15:35:22,2018-07-18 12:39:00,2018-07-26 00:12:25,2018-08-06,19d4c8a3fb163f1139089813f24a400b,2018-07-17
20ea92819d0fe38fe45b7d09dcc1a4bb,faddf55a7c0936f35b52555c9d23c9c4,delivered,2018-02-01 21:34:39,2018-02-03 02:54:06,2018-02-05 13:35:02,2018-02-21 18:41:59,2018-03-09,0d7458090043dc830ad0a986f3ac2391,2018-02-01
cf37be3f995a05898255c46879280a69,66f01ea222b8f3f45e96cfe39a97a127,delivered,2018-03-26 23:34:00,2018-03-26 23:47:09,2018-03-27 20:18:58,2018-04-16 16:29:00,2018-04-18,183e5da1ad5820d7d0b716ae00d96a69,2018-03-26
35b0df750240d1b187d59e193db40612,c74966deb4aca45e1162aef1af345332,delivered,2017-07-31 13:49:38,2017-07-31 14:05:00,2017-08-03 17:52:21,2017-08-11 20:14:51,2017-08-24,514b58469ae3ef7eafb60c39d5338e15,2017-07-31
c7eceb983991b7e80256afc58a39d0aa,09352cde5645f4fa5222caca529dd24c,delivered,2018-04-30 19:25:16,2018-05-02 09:33:06,2018-05-03 13:39:00,2018-05-07 17:02:37,2018-05-18,cb79096fc4f1e5476592e428b12eb7ad,2018-04-30
3b681dd1f8baba1507d1f484f7f289c2,d072c90b439c800b42e872641a87cc66,delivered,2017-07-08 12:26:08,2017-07-11 03:50:12,2017-07-11 19:23:46,2017-07-12 14:07:31,2017-07-21,e35781f396229f0dfe94cf07c52a112e,2017-07-08
0d34e6a3adf3e9167496b8fa889d5ccc,05bb80c9fba6fc0da5275b5876f10ecc,delivered,2017-09-13 13:02:14,2017-09-15 02:10:27,2017-09-15 21:15:41,2017-09-26 13:33:24,2017-10-11,224d529c60002d9551bcbb21151714ef,2017-09-13
814fe5df303b0c72aeddb331dbfe9802,9c8cdfebb580a56911f60a36f956c7e1,delivered,2018-05-15 10:26:11,2018-05-16 03:15:09,2018-05-16 12:15:00,2018-07-20 13:41:39,2018-06-08,8b6e525b26cfb1f55ebf417f9a1eb5e7,2018-05-15
b6eea5b10abca4ecddfd8cf11f0fe7d9,d0ef6b6eb2213cf0eca87f09597ddd25,delivered,2017-11-25 21:45:25,2017-11-25 22:33:28,2017-11-28 19:34:06,2017-12-02 15:56:59,2017-12-19,00c4592dfbfe06775ab582d7a2b8dddf,2017-11-25
fe627312004674a9606716ab2feada47,58fd1ba21f5f5e13781704ed8627fdb0,delivered,2018-07-20 08:28:26,2018-07-21 04:05:13,2018-07-23 12:39:00,2018-07-30 17:42:39,2018-08-13,2b011d1ae8e53ef35a81a43e1e95acc5,2018-07-20
00e5b655df1cc911466758210325c67c,7f2a66ad36459534aeadd9b1985bef2b,delivered,2017-07-07 14:20:36,2017-07-07 14:43:32,2017-07-12 11:37:44,2017-07-18 18:45:46,2017-07-31,a89fe4bf01e67497dd3b1aaa9a43f41d,2017-07-07
c2103ca5d928d19db6fbac6e5d710b0b,f2ee40a9f85c47f8711c4fad3415c063,delivered,2018-06-05 22:08:30,2018-06-05 22:32:23,2018-06-07 14:33:00,2018-06-19 21:22:40,2018-07-25,b878e916967309c607f8e1022063b08f,2018-06-05
35cab29a44850e454b675c0160b34a45,c7ed15337e261a758c2812b1b41261dc,delivered,2018-07-31 14:27:01,2018-07-31 15:31:39,2018-07-31 15:08:00,2018-08-02 19:58:26,2018-08-10,f4f1dcb7c6a5af10ef0aaae0391969d6,2018-07-31
da619e31c9daa2026418be6af321971c,f5ef902e3a8fb6592dd0c30d8b6ff58a,shipped,2017-08-18 20:56:08,2017-08-18 21:10:21,2017-09-08 13:53:46,,2017-09-22,dd4f0e2cfe9781c08bd64dd913660d7b,2017-08-18
7578d16f248e3eb69ec30d3fb27a7a38,58161853ae5fbe35e6504325633bd1f0,delivered,2018-02-09 20:20:01,2018-02-09 20:35:24,2018-02-15 20:32:06,2018-02-27 23:33:52,2018-03-08,2c8aab4e7ed3498504d3080effd91163,2018-02-09
262ba6c85fd3c9c589bac6fa7d113cca,4844981d7b634b9e219b119a435c93b7,delivered,2018-03-03 09:13:32,2018-03-03 09:28:51,2018-03-07 17:37:32,2018-04-11 18:57:39,2018-03-22,d6d5f792d1964e8f8a9dc4b72474306c,2018-03-03
a454983d73207579d61a09fb40ea7ae7,0fc91589220cbbe7c764e26ac0c7143b,delivered,2018-06-23 20:06:28,2018-06-23 20:18:10,2018-06-25 13:43:00,2018-07-02 19:41:21,2018-07-17,d9a3c8c4d10fa2d0bb60abfe746369be,2018-06-23
7298f7a474d54998fe1d4c98f0779eff,8d5c9911b3188c197d27411808705b52,delivered,2017-08-04 22:46:46,2017-08-04 23:05:24,2017-08-08 00:07:24,2017-08-18 16:35:08,2017-08-28,cd3058dc8561e821c462950c8f960d51,2017-08-04
4ed7bfce6beab8e845d01d46439d9ad9,f1f4fae012d2a40ec2bb1a76610cb42e,delivered,2018-01-17 01:57:30,2018-01-17 02:10:24,2018-01-18 21:13:02,2018-02-02 22:04:25,2018-02-22,d0292473f7c8d51027056aa6edc375f7,2018-01-17
d6ace1ec8544e524cd905cdd88519017,27d6d357ecb2ca60d9c2a17072be4980,delivered,2018-03-02 11:02:47,2018-03-02 11:15:44,2018-03-06 20:17:57,2018-03-16 00:04:57,2018-04-02,8fe83c0c0bdfbb6db030b68e968667b2,2018-03-02
ceb13edd7ff6e50ff3a9295764a6b3b7,f1e72e6212d8f92341aefe99209898bc,delivered,2018-08-06 15:08:47,2018-08-06 15:30:23,2018-08-08 11:52:00,2018-08-13 22:31:43,2018-08-22,2ba3b74dc3bbf6a4b1e3692fcce257d7,2018-08-06
856fc8f6f0843d1f0de271cfd64e6cc4,5435eb14eff6770bf45a7fcecc5c8566,delivered,2017-09-20 10:26:07,2017-09-20 10:37:22,2017-09-25 21:33:51,2017-10-05 20:48:11,2017-10-17,acfdb4387f95ae4a6960904e206290ba,2017-09-20
237be87efc86c6329fe3faad9a8c2592,cbf01abca3c8356551f3588db955256e,delivered,2017-10-16 10:46:18,2017-10-16 11:10:09,2017-10-20 11:19:50,2017-10-26 18:49:16,2017-11-08,db8c32865a1c114d946cce8bacac834e,2017-10-16
f6e7b3bbe5b5e480084e5f0bf5771ec9,ea46ef6e4c373d5c41e9e7afdffd159a,delivered,2018-05-07 22:14:31,2018-05-07 22:34:27,2018-05-08 14:41:00,2018-05-16 20:38:42,2018-05-23,3248207143e87d2b53175fddb54eb2c4,2018-05-07
848b0561d4bc26f57b288a5004f38683,4a38bf3ad3990d95c2c132f5bf530b95,delivered,2017-11-27 19:06:12,2017-11-27 19:19:02,2017-11-28 17:29:06,2017-12-05 13:48:54,2017-12-20,7301a2206e9f7e6beb6b92f627f1799d,2017-11-27
d7449e15f5045562074cc57796341cf7,fab2ba3e5e0d2c6d3f95578a423696c4,delivered,2017-01-31 18:59:08,2017-01-31 19:05:17,2017-02-02 11:41:27,2017-02-20 14:33:11,2017-03-21,71a0fae4064662f2c70190ac39622eae,2017-01-31
45568ff3230e563c29c9176677dc9557,0a9a747450fefe5f6c450feb2e530c9a,delivered,2018-06-20 20:25:37,2018-06-20 20:57:59,2018-06-21 15:35:00,2018-06-23 17:22:24,2018-07-12,f5981a33e1307848e99f564d40368570,2018-06-20
4ba61a173049b183dab04f266855be13,b772c38f30ff051c5ffc4c6bc9f07322,delivered,2018-01-12 22:29:32,2018-01-12 22:38:28,2018-01-17 18:19:09,2018-01-22 17:03:55,2018-02-02,80455d82f750744181b44ef9d9a0eb3a,2018-01-12
dfc7b2719aac6a68477031f7c6d5a44f,1bce535b7751324cecb6cedb616dbfe5,delivered,2017-06-14 14:40:36,2017-06-14 15:05:18,2017-06-16 17:37:57,2017-06-19 12:05:38,2017-07-05,1480295206423f95fbc45b79ab1b9ace,2017-06-14
9888a350c98263705a75ee0a82e90e7c,02b5dc176731821cbf299ba7ac64053c,delivered,2018-07-01 08:23:21,2018-07-01 08:35:12,2018-07-03 13:01:00,2018-07-11 20:58:41,2018-07-25,ef44afa41550ba9f5764f8570a28d420,2018-07-01
4118d018e9f9582cb4a36074635913d1,0bb9be671290be8ce833fee7c0955eda,delivered,2018-02-27 20:56:40,2018-02-27 21:28:44,2018-02-28 17:49:04,2018-03-04 12:47:44,2018-03-19,a11df07f55f14cdceae5609bcf4350a4,2018-02-27
7ca0d45bfb1db7f420da4dcbdb3338ce,028b0af58d2752a889011dc9c496a054,delivered,2018-04-11 16:00:34,2018-04-11 16:10:54,2018-04-19 23:17:28,2018-04-24 13:32:35,2018-04-25,429a0e40b8961addf6a4a8c1717d35e6,2018-04-11
e213fe5e5d434ebe5a527624543c0ee0,56223f4b27df21a9ecf74bf039091269,delivered,2018-06-30 08:41:48,2018-06-30 08:55:20,2018-07-02 11:20:00,2018-07-05 17:08:47,2018-07-20,caf01fb26e84f619031d545a6e85f626,2018-06-30
4bbe949608f669144f0db3f8cde75cd7,e23f90c411de6df260df42b05c1d4732,unavailable,2017-09-05 14:22:59,2017-09-13 11:10:20,,,2017-10-09,15cffc93f0140fc9ec902e712b80472f,2017-09-05
6dee7bb4c1d9e2bd0d4870b297de74ef,3a10098612081948d4a63eeec65cb627,delivered,2017-08-09 15:07:13,2017-08-10 03:24:08,2017-08-14 19:46:38,2017-09-01 21:47:51,2017-08-31,565c8d0f62d1e0c9e8da045ba0dd0e07,2017-08-09
9c77f06d1dbb94007e708e9aba680a03,b070b95287678d11201661cbff914baf,unavailable,2018-02-10 16:00:05,2018-02-10 16:10:24,,,2018-02-26,7fd5c42cfb53d4a0fc29e6e121149014,2018-02-10
126571e0640aed9ed9166104b8605bf8,a814d900341ec8788f9787e402d25b17,delivered,2018-03-02 13:46:47,2018-03-02 14:24:02,2018-03-05 18:58:01,2018-03-21 15:27:25,2018-04-02,2dbc368e40b8b5c488cc4871a891b6b5,2018-03-02
3c54678edd9d58abadd6af16d0bce506,3b7db71fcb0e1493dc3f486768a67239,delivered,2017-01-17 11:26:55,2017-01-17 11:41:41,2017-01-18 15:33:10,2017-02-04 08:03:42,2017-03-01,cd4b9f268bcad20a5d9cb8b41a2e6ed1,2017-01-17
49f879aa078787ff9ca5e831515407b9,70ac12541e9e59f1da7a858304c02a50,delivered,2017-08-25 12:10:41,2017-08-26 02:15:50,2017-08-29 16:06:22,2017-09-11 11:53:23,2017-09-21,0418227642b5942a44de7992bf2ed6bb,2017-08-25
4d482023bb4e9eed15c299bf7c88d7a0,bdb119a18ed858b1a9f14c253747e20d,delivered,2018-04-21 17:42:50,2018-04-24 18:27:28,2018-04-24 23:44:39,2018-05-04 00:19:22,2018-05-21,b1045665363aa8593b245daa0e8c53c9,2018-04-21
098a083175759c53525b6288a6e46119,7ebe919bdce35baa4a4063132bece606,delivered,2018-03-20 11:24:34,2018-03-20 11:49:45,2018-03-21 19:08:32,2018-03-23 15:54:55,2018-04-02,9d34aa833ed346023947cea5264ba747,2018-03-20
1454fd9eec5f4140bdbea254680361e5,d4b31b56a3fa1b91fa8d21f6f4466b6b,delivered,2017-11-24 21:05:51,2017-11-24 23:56:34,2017-11-27 12:48:56,2017-12-20 16:23:54,2017-12-27,2a1eaec8c8115ce3c6489de6aae9a893,2017-11-24
94a43ed5c781bb63544ad57fd300064b,64f09a3c0b8dee2a46cf61e662062d1d,delivered,2018-05-15 11:39:48,2018-05-15 11:55:31,2018-05-16 15:29:00,2018-06-01 17:32:49,2018-06-04,0fb2563c2fb037dd6b28632cf7b10a42,2018-05-15
968ba56969b76f24ea8b93d8a5bb768a,a328e8121004e1f8b62703b8bd849b7d,delivered,2018-06-21 19:36:13,2018-06-21 19:58:34,2018-06-26 14:19:00,2018-07-24 14:42:50,2018-07-23,46d61c097819c5e6a9cc2ddb820f91ed,2018-06-21
4b796163426fd59eb29d85f487d695b2,a2f14ee43910b35efbe3d3810744eae0,delivered,2017-12-28 10:21:49,2017-12-28 10:31:25,2018-01-02 15:53:49,2018-01-10 20:54:55,2018-01-26,663c3a99b3443405d22182993f10701b,2017-12-28
8d8f12571d339e77787de3a82cedbde5,f597e83c6b7cd1246669a2dd7ca42f0d,delivered,2018-04-08 20:17:55,2018-04-08 20:30:20,2018-04-10 20:51:27,2018-04-12 21:32:00,2018-05-02,6ffb29dcadea9286f7b4425987408dba,2018-04-08
aaa7c75bbfad7c018b58b3e3ce3921ec,bd462ac156606db4b6321e8049b69ba3,delivered,2018-08-09 20:34:22,2018-08-09 20:50:12,2018-08-10 15:57:00,2018-08-28 21:58:44,2018-09-13,76f5ea09f4861f3b8d672a7870a83c3c,2018-08-09
587379acca182c8e157e4dc7c8923131,54c7caa736af6a506044c72c0559537c,delivered,2017-08-15 10:12:12,2017-08-15 10:35:15,2017-08-31 21:12:17,2017-09-02 13:20:25,2017-09-06,ab0346c6a304480b94e622b3cf1c5482,2017-08-15
51b00c5a9b0224f467f74d55424b4235,4349d17c2c020f08d09713ae2418b119,unavailable,2017-07-09 11:20:12,2017-07-09 11:30:17,,,2017-08-03,282612d97acdd764b6e12ea19a426eaf,2017-07-09
32d2334fd92758d51bd693badb2bc91a,5949e53fa3ca207aab85533fd2175123,delivered,2017-05-11 09:25:36,2017-05-13 03:05:25,2017-05-15 10:09:49,2017-05-25 13:52:09,2017-06-05,f2a20646a87c3fa18a908370905a7f94,2017-05-11
5f4fb6276021ebd35972ce9dcccfed59,9f8a47b08f282a1515f10efd38736d8c,delivered,2017-03-03 22:03:08,2017-03-03 22:15:16,2017-03-08 09:52:30,2017-03-15 15:42:21,2017-03-24,1165862b962fad14ffe5abba1649a38a,2017-03-03
7ee51237c9dd97201a2ebf72c2d7180d,a35517a16b4747a61ef536d7f258e703,delivered,2018-01-15 15:04:41,2018-01-15 15:17:04,2018-01-16 20:57:05,2018-01-29 22:09:23,2018-02-07,1ad02d0636e3d2ad5047b32a5c8eecfb,2018-01-15
07758ed400d130462900b1f68d042ee7,db151f1435a8d837d9803b742c68a93e,delivered,2018-07-15 16:45:24,2018-07-15 16:55:21,2018-07-16 13:37:00,2018-07-24 20:31:58,2018-08-01,229910f25cf76d97a45024338a834be5,2018-07-15
07d395244b58ce72bbecdafbb1b60ace,25d62fdf76ad56f0adb33fcdeb5cf36f,delivered,2018-07-02 19:41:29,2018-07-05 16:26:51,2018-07-03 13:45:00,2018-07-20 15:36:53,2018-07-25,653096d4b711b381839747aa42a76b78,2018-07-02
1b75e38e0739ccdd08fb7e7cd6fe8342,16cad2f3b1b46198c6e224306c24222c,delivered,2018-06-09 12:55:53,2018-06-09 13:11:16,2018-06-11 13:26:00,2018-07-11 13:58:47,2018-07-03,04adde38785dda52241a94fa0d3e1b6f,2018-06-09
816d5d441d23818493578fb1db0a22ad,1ad00acd47366f0fad9b5258e2ef8a36,delivered,2017-06-06 18:20:09,2017-06-07 02:50:19,2017-06-07 11:41:50,2017-06-12 16:52:42,2017-06-28,33b239671c1c878914ed922a0dacd607,2017-06-06
8c344483ffcca752c510429c0923b85b,98656702c7d062513faeeada65ce7bf7,delivered,2017-11-07 21:39:50,2017-11-07 21:51:28,2017-11-09 17:58:57,2017-11-10 21:19:50,2017-11-27,782abc6e6455e4956e840d789d721505,2017-11-07
2305266a492129ca55edb82b218cab72,536ea3884533b0bea59e31a7c240fed8,delivered,2018-03-20 20:58:04,2018-03-20 21:10:34,2018-03-21 18:48:47,2018-04-11 19:03:00,2018-04-13,81c05f239c6616452f843cbd2131c90f,2018-03-20
28d8802fab62c5e0eb5eea2a340d3449,3dc644cdb8f72576dc216cf4f83c8991,delivered,2018-05-14 20:41:10,2018-05-14 20:55:20,2018-05-15 15:36:00,2018-05-18 16:34:48,2018-05-22,e3be94099d23b27bf0e5e9c686cd2a34,2018-05-14
1f3f3b71c956fb0d0bc10544681884e5,740b964429e75570fa44130c78310f81,delivered,2017-02-16 10:25:34,2017-02-16 10:35:14,2017-02-16 15:03:10,2017-02-20 13:03:45,2017-03-15,9443e049e8b34caab5bca4063265ebd5,2017-02-16
e6be4d2a8e251c464dbb1c4e17c93bbc,a9221830e2e582026c45c252842c7504,delivered,2018-03-23 13:31:27,2018-03-23 13:48:51,2018-03-27 02:28:19,2018-04-10 18:28:32,2018-04-11,e0bc92daae508d181c7a43fb885e0f4a,2018-03-23
3054c6a8e45b740723ec8a7145d867b7,78d543ef68ecb2e26895755f8dc9c86a,delivered,2018-03-28 13:54:39,2018-03-29 03:15:32,2018-04-07 01:16:45,2018-05-02 15:38:26,2018-04-19,89a6a9b3727051b241240bc96cf77efa,2018-03-28
62208055aa533094c967cc9536ecd5a7,cb7141b48591460e3eebb5b6db52a94e,delivered,2018-06-01 14:52:45,2018-06-05 04:51:58,2018-06-07 14:36:00,2018-06-08 13:49:01,2018-07-12,36e7ce4e8cfa253aa98130da8a8855bd,2018-06-01
8bd12086c17f907dac130fd1c5f653e6,3d305a1394250078ad10531a49806a59,delivered,2017-09-26 08:58:10,2017-09-27 03:05:45,2017-09-27 13:27:17,2017-10-05 21:52:39,2017-10-24,b057fb3297754c3bf1d0529e1ac419dc,2017-09-26
9e784561e351e3749a4dc15902d0e7ad,ce7d16764477add502f5571e29f6dce3,delivered,2017-04-12 21:35:27,2017-04-14 02:45:37,2017-04-19 11:44:03,2017-04-27 12:12:11,2017-05-23,5109f7fd585cefada4f7c30a10abaace,2017-04-12
1491421ac3483cac70a09399f5ea1556,4bb501a36223029a5d6db635eeb86de5,delivered,2017-07-23 09:13:01,2017-07-24 06:43:17,2017-07-25 09:16:44,2017-08-03 21:19:53,2017-08-17,7c50a2f100b7a8e997e1b689dea95cde,2017-07-23
f184a2ee6e9849621df6792b9221bbab,682817ae077752556ee94c28ce0ce5a7,delivered,2018-06-08 15:20:39,2018-06-08 16:30:39,2018-06-11 11:38:00,2018-06-22 18:29:49,2018-07-05,2081870d92b3e9b44c06ae7aebcd7c0e,2018-06-08
9fed05363dd3f86fd9d02514224c4318,4798084378cadd5f1edcebb6b465c054,delivered,2017-09-04 11:13:25,2017-09-04 11:25:19,2017-09-05 18:51:55,2017-09-06 16:35:58,2017-09-15,52f54b979cd6d9e794469096871b3f3e,2017-09-04
29210b1d48462ce1f12d87ed7ccd6397,c16e6733b2b7304db7bc73b930d75c96,delivered,2018-01-31 23:31:42,2018-02-02 02:55:55,2018-02-02 17:13:01,2018-02-15 00:42:00,2018-02-22,dc858be5b0bb881c067192937bf4ff78,2018-01-31
9e317c05a75e38a2bdf6a454d8770ba0,d2cb31eb2cde533f259cc13afef8960f,delivered,2018-05-07 20:25:29,2018-05-07 20:35:28,2018-05-09 08:04:00,2018-05-15 16:26:01,2018-05-21,902efb2f5153f3380822e77744304d3d,2018-05-07
c5dad23638f05002b5af4579f0437709,38a8eed82f0a23ea6ffa40bb72ba9ee6,delivered,2018-03-10 10:56:25,2018-03-10 11:10:34,2018-03-12 18:28:42,2018-03-20 20:42:43,2018-04-04,32b592fcce028e451c41aa6b5fe60add,2018-03-10
2eecff6c8b6593b3b109fa0524de56d1,04655b7e4d734d1be30329db64951a8d,delivered,2018-03-16 16:40:02,2018-03-20 03:10:49,2018-03-20 17:27:35,2018-04-02 21:51:25,2018-04-09,2befc3a795b07c3b2005fd7050c72863,2018-03-16
647e1ede683aa8684314076d4a3b4eff,45986884767404c2a52cdd7171d6508a,delivered,2018-05-05 14:39:18,2018-05-05 14:53:39,2018-05-07 16:16:00,2018-05-08 14:57:44,2018-05-18,7005c6a1f6693d223926c26e15bda5d2,2018-05-05
516dd8f615e6c71be4e8e1b1ad5de684,e0c90e7623776f237d7593907b4be370,delivered,2017-10-09 01:11:18,2017-10-09 01:28:15,2017-10-09 15:00:09,2017-10-17 17:36:44,2017-10-31,5416f8ad5bc33953624084ebc8738307,2017-10-09
fc50fee6054e9b82a376cae3bdc097f0,928bd76c3398beff2b55605283e41cbb,delivered,2017-07-05 17:47:33,2017-07-05 18:05:00,2017-07-07 12:43:39,2017-07-21 10:33:53,2017-07-27,7cc23ec3506e4e1e67d0702da04a734c,2017-07-05
1e6377b497624e8fa908ee4a87e3687d,e81fc327c9365a91e9ce38e8d904647f,delivered,2017-01-27 14:12:01,2017-01-31 04:36:36,2017-01-31 11:14:14,2017-02-13 07:13:59,2017-03-09,44b95b41e1172e2926917fd5c4e77e62,2017-01-27
86164ba399b05f7311d8ba3c5dd5287c,e67e1b5e6194408cc53a9ef5f9e3d656,delivered,2018-01-17 10:37:45,2018-01-17 10:49:46,2018-01-17 19:34:49,2018-01-25 17:29:04,2018-02-07,a8fe57704a32f35749f6cb9f2b942acc,2018-01-17
3673cae7ef1425da5877d8b90e81a3f8,f2c83fb1cadcf99797f5c2874a91cb98,delivered,2018-04-18 08:54:52,2018-04-18 09:12:06,2018-04-24 16:51:45,2018-04-26 16:48:49,2018-05-10,9e9f4bfe125e62860a21bab03d1b93b2,2018-04-18
a0d31fc7018373aa3c492734af6f5d41,1a3fc7f4770fb17f6ab21c021b081ca6,delivered,2018-03-21 11:08:07,2018-03-22 02:49:56,2018-03-23 19:33:06,2018-03-26 19:04:02,2018-04-10,e8be86c43c8119627d09c5b3eab39275,2018-03-21
0a2de338241b69893fc167f8d0970349,469451c2725ae0ccef5f959bdc62108c,delivered,2018-06-18 11:53:54,2018-06-18 12:37:23,2018-06-18 13:49:00,2018-06-26 21:05:43,2018-07-17,75898dc1ca87f9f9eb28c60bc3132e07,2018-06-18
e083c10e9dd625b9ce09aff04e0d54a7,1722641cb09c04807f4a57992f8bf8d7,delivered,2017-04-24 19:31:14,2017-04-24 19:45:17,2017-04-25 13:41:44,2017-05-17 15:56:57,2017-05-15,292f9551978b9b5a9f73ad0e868ae810,2017-04-24
d708b88543d7c2b7c9eb0b31864c8ca1,f60c95ed2b10ddd5ce8c6a25240edda9,delivered,2017-02-05 23:52:10,2017-02-06 01:05:37,2017-02-20 07:14:11,2017-02-23 15:07:38,2017-03-10,d451891847b64bb4cf9a40e9cfe1c7a2,2017-02-05
a87028589fb31ebf8ebc3c486466a03a,776b9a0b5a69b67bc4ee5c411dc25c04,delivered,2018-04-05 10:48:06,2018-04-06 03:15:16,2018-04-07 01:28:39,2018-04-08 16:03:29,2018-04-23,d32b3a76cced49a247012a8d3da38738,2018-04-05
2464a4f54814d3de636541955feeb947,1716f644731a37cf67bcf0d3734b6327,delivered,2018-08-01 20:30:22,2018-08-01 20:44:01,2018-08-07 13:02:00,2018-08-09 00:54:40,2018-08-07,549a24530925587e2faddb35f667e458,2018-08-01
7448f861b4547fc4407e432c043ee4a0,f2e14ec79f564dfb581a105d31f7fd6c,delivered,2018-07-15 12:04:20,2018-07-15 12:15:14,2018-07-16 13:48:00,2018-07-23 19:51:31,2018-08-06,f2215f564b72f4beda66fd611117519f,2018-07-15
767b2efce04a94d04de4e4e79ce6acbc,cc52ddc85b8470c66658b4dd8463f197,delivered,2017-06-30 14:38:26,2017-06-30 14:50:16,2017-07-03 13:44:34,2017-07-27 14:48:01,2017-08-01,9a2f1c229384e0b394511f9010f78ead,2017-06-30
1cce7dd1eeb53ad0f97744d159ca50a2,a7ac1b6c1a757603893d9cd450380da7,delivered,2017-02-14 08:14:47,2017-02-14 08:25:18,2017-02-14 10:31:59,2017-02-20 11:41:26,2017-03-15,fb737b990b5facd01230b6708a067143,2017-02-14
8215a74877c8a3e1f91c07745859f88f,168e501265b35923a058ccc4ccc2856a,delivered,2018-03-06 08:44:41,2018-03-06 08:56:09,2018-03-08 11:19:51,2018-04-07 02:38:45,2018-03-23,51c8b414e1ef1c0b681b65aaa49627a8,2018-03-06
7471333821987b79a0195812dd53c111,99772aa7c2dd8f667875b0769c05afb9,delivered,2017-11-28 13:41:03,2017-11-28 13:50:54,2017-11-30 18:34:49,2017-12-09 13:07:07,2017-12-21,9a9d661c6b4eea1e912d7c5062b81b59,2017-11-28
4e29914b0cadd0ff96950fc78cd19bf9,b3d759e3985f2c974b86a4ffc41c36b5,delivered,2017-10-25 21:35:38,2017-10-25 21:49:28,2017-10-27 20:36:49,2017-11-01 23:25:00,2017-11-16,d565062d36074ca8df11b7fa636b9c15,2017-10-25
345a398e91fef84fbffb9c07611c9959,7185fdbf483003e78b65e2571d89976f,processing,2017-05-07 22:55:53,2017-05-07 23:05:13,,,2017-06-12,c012dc15bf0773671a901e6b6e032c95,2017-05-07
5795afd080b42134859d9b925c7919ea,d1987854d71c2815f5b816a8815db271,delivered,2018-02-21 12:25:12,2018-02-22 02:28:32,2018-02-28 00:03:08,2018-03-15 14:32:36,2018-03-16,6ec20c2a8312b4a1a7497f70cc7004ac,2018-02-21
5bb8b0cbc3b9c8785096b10b128bac52,267857a70e88ed1fc513cac53030a5fc,delivered,2017-09-13 22:47:51,2017-09-13 23:04:02,2017-09-14 18:09:31,2017-09-28 15:49:19,2017-10-02,b433139f7c7695e859ce4b10fd8c0fe2,2017-09-13
30dbdad7616e8b72efea1c866a43f1da,231f0ffb269612f46dc8a039a9f7d60d,delivered,2018-02-28 13:40:35,2018-03-01 13:35:34,2018-03-03 11:36:50,2018-03-07 15:32:49,2018-03-21,85f1c5f9eee209d9dfb0a3e155209511,2018-02-28
733382d1468823c8be556d7aa233e8da,f0110bd48b4ad1321c9a097547e2ab32,delivered,2017-10-05 17:50:00,2017-10-05 18:06:26,2017-10-06 15:41:31,2017-10-11 13:06:29,2017-10-23,a076eb7347fa3456795460df299aec1d,2017-10-05
321d8eaca23d22fe7ee30eb4125b7efa,d4f9aeb0c1edc4888992347f8c9cbf29,delivered,2018-05-07 09:57:39,2018-05-07 17:17:32,2018-05-08 14:41:00,2018-05-09 23:26:26,2018-05-18,f38ca851fd7b2f5f9f6b176687f18b59,2018-05-07
20a1b5b821806e87157587550af9d52e,187503420a9d76ea39fa37e2429c167d,delivered,2018-07-09 10:16:22,2018-07-09 10:25:14,2018-07-12 15:26:00,2018-08-06 15:48:39,2018-08-03,1a52f930271224cc58f137025140d0d5,2018-07-09
fbcebc9f75750f9fe8253af3add1ac83,de0bfd8d6339439a14344e0688756245,delivered,2018-07-27 10:59:09,2018-07-27 11:15:18,2018-07-30 13:13:00,2018-07-31 14:56:37,2018-08-06,be07a9188b6ff8c7569dcfee545d900a,2018-07-27
179394da67149ef0dec1368b27e3b2e0,747c8921ce4475d2dce57496776885f5,delivered,2017-08-09 11:58:24,2017-08-09 12:10:17,2017-08-14 23:21:48,2017-08-22 17:53:59,2017-09-08,97a0c4f33bf1982206bc39b40e040e50,2017-08-09
cc4262265ee51b6f5d446e6218149391,6001397758b75b1ea4f56dd10783a6ea,delivered,2018-07-22 14:34:34,2018-07-23 11:31:47,2018-07-24 15:15:00,2018-07-26 02:06:22,2018-08-14,78b2443c711ce5237112525cadcb4783,2018-07-22
686d1d45217e96a6db7f27537db7e4b6,072a634f20625548e77ae92eeb126e8d,delivered,2017-05-28 15:37:38,2017-05-30 04:35:17,2017-05-30 10:35:25,2017-06-08 13:05:41,2017-06-23,fabfae7d060f3f2d6ff4e67a4d6c08bf,2017-05-28
21b91053280b58b39247f63e52fc4c6b,690726d495b268cc7b83e2134970f7d5,delivered,2018-04-11 11:01:00,2018-04-11 11:15:13,2018-04-12 23:06:45,2018-04-17 21:04:17,2018-05-03,e629d342945b71c06114c559dfa37b9b,2018-04-11
d9f8510c453819ec4a9eb91851ea5fc4,fe5d7868a941d04653c278f177a1d42f,delivered,2018-02-07 14:54:27,2018-02-09 02:50:41,2018-02-09 18:57:03,2018-03-01 13:42:51,2018-03-09,ae120a3b9a0e9628f5f08781b0cdf895,2018-02-07
d3cdf94c4dff1c314304625dd39a811c,ec397197e24355e30e9399f30f675f23,delivered,2017-10-24 18:05:35,2017-10-24 18:37:45,2017-10-27 18:53:05,2017-10-31 20:59:56,2017-11-23,5741e4e0d6c4d54c2f0e37eb35f847df,2017-10-24
41be6772462ac0053519d7f2e957211e,5c82b918db1d7b8f0f653d714533cc0e,delivered,2017-10-06 18:21:52,2017-10-06 18:28:38,2017-10-09 20:10:20,2017-10-19 18:45:15,2017-11-07,7e446899c378a6d808c54a9665db9218,2017-10-06
7146319717f24eb88c15ca3936b570e4,c0224870897acaf904dd02673ba65263,delivered,2018-03-12 10:21:56,2018-03-12 10:35:35,2018-03-13 23:36:54,2018-03-21 18:21:25,2018-03-26,b7ebfead28685fb0097ae3be22848884,2018-03-12
f0c5fd649bb8b44540b1dd7385ef4fdb,dc16816be6c6f5824f45a9b4604ff8a5,delivered,2017-08-20 10:46:55,2017-08-20 11:04:38,2017-08-22 11:12:48,2017-09-06 19:44:51,2017-09-27,87f30135669e9d77d4307a5487247df3,2017-08-20
4ecdf69ae9b28aba772d5f21e8c9b1ff,d6c4a86461ae5eff6b39e75ef09ff0fc,delivered,2018-02-03 19:41:07,2018-02-03 22:49:36,2018-02-07 20:34:01,2018-02-21 00:48:43,2018-03-02,75931ea54b01ca7642a291767194cc0f,2018-02-03
5bc9327cbcfa76ec35110bc7c73c9fe6,c7a599372751902a946d3ef2a893d906,delivered,2017-03-30 14:21:58,2017-03-30 14:35:19,2017-04-03 15:43:04,2017-04-07 13:18:56,2017-04-24,ea19764ed7be72f98e33b4ae829273d5,2017-03-30
d14c7fb7f32b60045642602da5fa8067,7f36678ad8351e4547c54479409bcb39,delivered,2018-02-23 16:23:44,2018-02-23 16:49:08,2018-02-27 14:39:24,2018-03-24 19:34:48,2018-03-29,dd4d0aa54d99481b8509487235632af8,2018-02-23
aa50fc2b2c3610cef0e3ddcb6e4dd8d3,3d1bc9e30f369cb03885b12b40e07fc8,delivered,2017-05-25 14:50:06,2017-05-25 15:02:30,2017-05-26 10:19:33,2017-06-06 13:59:14,2017-06-29,88dc7b3cfd5123fb455f77418cdd86a4,2017-05-25
7208fb539f856e3b18b9642be7249e83,46cef9dfe70a564162da095c9dd35c37,delivered,2017-11-24 21:23:38,2017-11-28 03:43:10,2017-11-30 14:42:23,2017-12-01 19:33:31,2017-12-08,9ea0ef24330ce0cc94e89c650070e735,2017-11-24
5e170986cfd279084c6f2789545aad28,06341c02de61d57cbc4f4ed2e5c3f8e1,delivered,2018-07-09 19:02:33,2018-07-09 19:15:13,2018-07-18 14:32:00,2018-07-20 16:12:36,2018-08-03,a2d7165ba64b14ed73dba5cead4ca823,2018-07-09
438dce50633e79eeeb14507e05d4a4d9,aa593292dfbb072469d56ee43ef2b160,delivered,2017-03-14 08:47:46,2017-03-14 08:47:46,2017-03-22 09:45:52,2017-03-27 17:50:14,2017-04-06,e22cfd36b240f1ff24b951116bb1ba4f,2017-03-14
c44a36aa1770cc41a8fb130dfa1bba3b,83d91af0a4ef20bdf35482111320f447,delivered,2018-01-15 09:00:52,2018-01-16 03:51:09,2018-01-16 22:51:53,2018-01-22 16:33:16,2018-02-07,5e6ff5789e4d6b6d6f2a801e4da72e7a,2018-01-15
643326948cdbbf87a45eca5db1b7a237,8df95c4fe06c3e8669861def6512b695,delivered,2018-04-06 19:50:43,2018-04-06 20:09:23,2018-04-10 18:55:19,2018-04-11 19:37:49,2018-04-26,2c730b67ec958929ba95130991bfde88,2018-04-06
5e524bb81ff2ff0d50ebd32cb30c04e4,3b89e57966dcd01fc701714d480e4e96,delivered,2017-12-03 00:48:14,2017-12-05 01:16:03,2017-12-11 19:22:00,2017-12-20 22:12:07,2017-12-27,8ba3299af46d0ed78e5e36d4b262232d,2017-12-03
eec4cdb15e74c35073cc163bfd9fa2b2,dc6e272766b14662d54f4b7123e128bd,delivered,2017-08-20 22:04:21,2017-08-20 22:24:43,2017-08-22 20:02:48,2017-08-24 18:49:59,2017-09-01,176918c59610d93ef519e359a0f3316e,2017-08-20
8f2b0c41d21837f8c6d4682867c66ffb,af2ad7b99991563a69a5f25d9a6c3e40,delivered,2017-06-09 06:04:20,2017-06-10 03:03:43,2017-06-13 13:21:49,2017-06-27 11:14:46,2017-07-14,87b6a4306bbfd8437e64850e01823828,2017-06-09
ce447c4109907439fcfc1013c8a242d4,f2e656212075aca396c7b6cfc8a64168,delivered,2018-03-27 15:55:20,2018-03-27 16:08:50,2018-04-02 23:27:36,2018-04-04 18:52:39,2018-04-09,bb315046ce367f23b45ecfc8a89a5abc,2018-03-27
099d60cb800db65a72d355528bb7f41e,b10fe33654a6d22ae6e87f3ed316b1dc,delivered,2018-05-08 22:56:28,2018-05-08 23:11:49,2018-05-09 11:43:00,2018-05-15 16:27:06,2018-06-04,7e1013f7423cda110d3ccf6d6d544b8d,2018-05-08
d1ec4a382397fb4e5862c70ce598eed4,511898aa78adbbc58e60ec449038d586,delivered,2018-04-23 17:28:09,2018-04-24 18:29:16,2018-04-25 08:46:00,2018-04-30 19:04:09,2018-05-21,66f86a5f5a0dd55390b5db310e56e49f,2018-04-23
f6f36e0dd120cbeed7e28697a600c329,c96e27f071411c456df94d67a64c2c66,delivered,2018-02-13 18:36:46,2018-02-13 18:47:46,2018-02-14 19:12:31,2018-02-23 17:06:06,2018-03-01,10b6d571eedd3e1bbf10521ee704dcd4,2018-02-13
6f9163af10d76144f7f5c4e1e500f417,429d92a26a52a4f3b98d0f1eea07b5c6,delivered,2018-08-03 09:49:53,2018-08-03 10:05:20,2018-08-06 14:49:00,2018-08-09 15:42:12,2018-08-16,9f977f6727f07b13fc997f1e61cbed07,2018-08-03
d80f284c3b6c572dbefb068c5c0d296d,70eab72a101b54d817840b4aaac4574e,delivered,2017-12-06 20:56:22,2017-12-06 21:13:02,2017-12-08 10:03:46,2018-01-06 18:18:57,2018-01-08,557d1ffc91635245cdd59cd96dbfe886,2017-12-06
6e8f7f46da15fa56cb1301de370968dc,239ab1c112384e1db4049f84f588c3f4,delivered,2018-05-08 11:47:04,2018-05-08 12:16:42,2018-05-09 15:25:00,2018-05-10 15:46:44,2018-05-17,48d600767669bc5c6db104c1c6d9690b,2018-05-08
b04b1c55d37f9d6fe803eded0d11f936,326988df99f9234c5e2275cc63a7e584,delivered,2018-04-04 09:06:03,2018-04-04 09:15:24,2018-04-05 20:03:59,2018-04-09 18:04:02,2018-04-23,83e5d975018708657e94e2fe58ab3d52,2018-04-04
9f05fdb62980c2ae6d8ad1e15bf7ee3f,5dfe9c93ab809b674f6d8f1e0f07a840,delivered,2018-06-16 15:51:05,2018-06-16 16:18:29,2018-06-19 14:26:00,2018-06-25 23:28:45,2018-07-12,554172b67e9de277aae26d3e894ccd6c,2018-06-16
10e652c1735375eb89f51e95212615e8,78eacd378df2044f613995b4c0662c20,delivered,2017-11-21 14:35:12,2017-11-21 15:21:31,2017-11-23 19:03:17,2017-12-18 23:23:33,2017-12-12,f284b6400d8da91ce8587853a4f2c9c0,2017-11-21
3b3e0d7f5d77e227da21f19fd5e20c47,ff55a5afd93c0f7de549bd83e418f55a,delivered,2018-08-20 23:01:50,2018-08-21 09:10:48,2018-08-21 17:04:00,2018-08-28 19:52:43,2018-08-24,3d8f828c75606575e20a26416deea675,2018-08-20
aa074a04e180e1202a8e0500297a2570,356c120cc0f5c573bc74d453e0879494,delivered,2017-07-13 20:00:24,2017-07-13 20:15:09,2017-07-14 18:42:06,2017-07-28 19:57:46,2017-08-16,1bac5cac312aec1fd7e3d7ea6010ca5f,2017-07-13
d62c14881563a74903e7d10f685406aa,67588b81dcadc1a20b20aac2ca3ed209,delivered,2017-01-19 16:02:47,2017-01-19 16:10:31,2017-01-20 13:02:19,2017-01-30 12:31:58,2017-03-13,aa6a5249d19627faaad6d0291a966104,2017-01-19
f586221f29e99ec237c1779b4ca609f8,2e89f5812d33b3d4b8f1a0b02034106b,delivered,2017-10-14 15:09:35,2017-10-14 15:28:12,2017-10-17 21:52:33,2017-10-20 18:05:19,2017-11-07,25b26761ba75a1472ff2c36d3b17b5b8,2017-10-14
3f752ac8c1676fac14b0fdc9dc26539a,b16a61e395ede9e74b3669fe52db7125,delivered,2017-09-14 18:31:18,2017-09-16 02:50:40,2017-09-18 18:27:30,2017-09-19 20:27:38,2017-09-26,5fbf92aeb9aca931d7ac6c5ce048972f,2017-09-14
844c27433de65d38b642bf2350ea8054,cd1001c4e8046e5652d0554ef9615a25,delivered,2018-04-25 12:52:32,2018-04-26 12:50:57,2018-05-04 14:15:00,2018-05-19 14:07:35,2018-06-20,cc689fe4f1b3a4941f6a5b66e018b1e3,2018-04-25
7d2a5a0dfec1d4e81cdce3b0ab48607c,f3d236884e44aa82b99516b2382e91fd,delivered,2018-08-11 16:36:00,2018-08-11 16:50:20,2018-08-15 13:54:00,2018-08-20 22:55:45,2018-08-28,e9c657217e09113b20beb0ad56582ff2,2018-08-11
34c02afbd25ed28e4e3263b52d9f661c,ef7cc029996e1f2d164764e8b7888f71,delivered,2017-08-06 11:47:04,2017-08-06 12:05:27,2017-08-07 20:18:40,2017-08-21 20:33:08,2017-09-06,d76b737681fea532d0aefcb2d04535ed,2017-08-06
c526aa9189a06bf511e79dbc0e0e70b9,2d5961372f483e6ca5478477d3289a14,delivered,2017-09-02 21:35:32,2017-09-04 08:05:45,2017-09-04 22:33:00,2017-09-12 16:37:57,2017-09-26,37ffc4529f4914b4d8fa628ccf1a422b,2017-09-02
28915ae2a90c218f0c2b7f8e0fb280e0,98a1b4f80dd0ccb7d1ae5a75ba5c904e,delivered,2017-04-09 20:04:37,2017-04-11 03:45:26,2017-04-12 07:03:58,2017-04-18 09:53:40,2017-05-04,bf5ed75fca98e8f79c49e9a5bf7690e1,2017-04-09
8e06d9e5843b8db91a450598c1c8e2b7,0c40a723722c34bc40d254a110efb3cf,delivered,2018-06-07 15:02:00,2018-06-07 15:19:37,2018-06-08 13:13:00,2018-06-11 12:32:13,2018-07-05,b2b40a920c62b059105287c14b43691e,2018-06-07
54544d34fc9df898bc9cf98c1ac24518,24292f67c356eea18ec91a1e9c33cc4b,delivered,2018-04-23 11:20:45,2018-04-24 18:57:12,2018-04-26 14:31:00,2018-04-27 13:12:51,2018-05-07,59a9e3067827cb62270d3cbf43cf5b43,2018-04-23
7c294f26474f8acff99c9fb53540a110,4fdbd174794e301f8c0bca8b48fc2261,delivered,2017-07-12 18:18:00,2017-07-14 09:50:24,2017-07-17 15:27:28,2017-07-28 19:18:59,2017-08-15,70d4d0d897cab52334ed9c8757d4f7f8,2017-07-12
0009c9a17f916a706d71784483a5d643,8a250edc40ebc5c3940ebc940f16a7eb,delivered,2018-04-25 09:10:41,2018-04-25 09:33:19,2018-04-27 15:14:00,2018-04-30 17:54:25,2018-05-09,6062db572f3ef38b7a8ff4307abbfad3,2018-04-25
6dead076d81e3dea65be3ffa79dbdb79,5c23d9c93ccadb7057824ddda82e989e,delivered,2018-08-21 22:06:55,2018-08-21 22:24:23,2018-08-22 13:15:00,2018-08-27 20:08:43,2018-08-31,44bc05971f31dab3096eda170632eb1b,2018-08-21
2582e88a3e8a129cc809ccaf9a6d35d6,7d875beb796e3f0fb726c3854dbd3037,delivered,2017-10-16 21:33:19,2017-10-16 22:05:57,2017-10-19 20:28:49,2017-10-27 18:33:31,2017-11-08,dc05f2bf6fbe4f7afbf7a197a434ed40,2017-10-16
97924f1c7fa9c3a669ecea8534dfc457,11898977321d3640884b161d1c2a1baa,delivered,2018-06-08 08:46:42,2018-06-09 14:31:46,2018-06-12 13:44:00,2018-06-25 12:48:25,2018-07-13,ffcb7bc68d6ec38fece3546240bd01e5,2018-06-08
a6832f84211588f24e426d167333044e,33e568bedf5661ed4fa55e229874c071,delivered,2017-12-21 21:27:00,2017-12-21 21:37:31,2017-12-22 23:14:00,2018-01-09 18:10:53,2018-01-18,395be88d52df2344608c367527f125fc,2017-12-21
0f384ecb55a5c80a4272ffd05d235a7d,f8cafc094aef043bc70f4e6fa36a8180,delivered,2018-04-05 10:15:29,2018-04-05 10:29:00,2018-04-05 22:34:38,2018-04-27 22:41:54,2018-05-03,22cc1662504bdaccefb1b8cb9debcf62,2018-04-05
014ac3cfd0e55bdc2cdd12aa181b00cb,b960facb09e55b91fd14efb587eb5bb3,delivered,2018-08-05 09:19:13,2018-08-05 09:30:07,2018-08-06 13:36:00,2018-08-13 21:58:42,2018-08-23,4a5d1c7991061fc4025e6444e0676265,2018-08-05
c17fcfaca02575c7e0ea991578a5e1a8,7fd27dd37afea4045473c5038e8a7f50,delivered,2018-08-19 00:44:26,2018-08-20 11:09:54,2018-08-21 13:15:00,2018-08-23 18:40:37,2018-08-29,5378395f91f3af57397a66396bc5aa49,2018-08-19
edc6d3b93ee7050db4013694b93176ae,758a9b528f033f9dc7c5bc1c6b3a4028,delivered,2017-05-04 21:36:59,2017-05-09 22:33:26,2017-05-10 15:30:48,2017-05-11 12:27:03,2017-05-26,9d98ffc3321d84cd4801a073b3f1a2bf,2017-05-04
1ac1cd9823b09ef5a14a07fdac1aee94,5906102635e5715ee056520207b101a0,delivered,2017-10-04 10:43:19,2017-10-04 10:56:13,2017-10-09 19:06:04,2017-10-13 17:14:18,2017-10-27,8511875de3e248309e07eec75684b142,2017-10-04
145117b20943d6de15b374d474d2c6b1,79925e347717ba09f5e93401252216ad,delivered,2017-10-04 00:36:56,2017-10-04 01:01:47,2017-10-16 21:18:15,2017-10-30 18:03:09,2017-11-10,cbf32e33c54b6cd9e25be1013f1af207,2017-10-04
0b055b1ac16d0401f76e361ff96926eb,3b34eb193a790f18c1952eca8a964987,delivered,2018-05-03 20:32:43,2018-05-04 11:33:26,2018-05-07 15:01:00,2018-05-17 19:46:48,2018-06-04,afc8f3a11a809a74e5eef0bda1de6b9c,2018-05-03
67816bc8a83ed1ca09b99c2512cbedb3,0748be2c32fadcd0e5618a5c5999ae27,delivered,2018-06-28 09:53:23,2018-06-28 10:10:59,2018-07-03 11:01:00,2018-07-06 13:08:42,2018-07-24,1f9c48f49104615ed8ccf11a0d2b6865,2018-06-28
42e7795ee0acd43f7392b9f31bb39c33,bf8e7bb7d25a116ac52bae3030cdde91,delivered,2017-02-10 11:37:38,2017-02-10 11:50:08,2017-02-10 13:39:37,2017-02-20 17:34:09,2017-03-15,997295f1fa79d024172a1ac20bd47927,2017-02-10
2a30544fe172214cd038679fd1e6c4ef,1e41f525df3cf1c0195fae7dec1e2a7b,delivered,2017-10-16 20:05:09,2017-10-16 20:14:51,2017-10-20 20:32:42,2017-10-26 13:24:55,2017-11-01,a3ee644cb214e4693a98e7dbb1cebff7,2017-10-16
e28f13b07a04dff7a7e52c0aee29c342,480c75e853828f9ac0ac262def2b9780,delivered,2017-07-01 20:13:37,2017-07-01 20:23:53,2017-07-05 15:23:46,2017-07-18 19:29:47,2017-07-25,5f66839451ba40fadaaee8d6bdbc0d4c,2017-07-01
4594c689a1c9d5fb2574a0e03875e67a,cf126f0e4aa7e757ae635b753e94bf4b,delivered,2017-11-24 14:54:53,2017-11-24 17:12:26,2017-12-02 18:16:47,2017-12-13 19:09:10,2017-12-20,9fa19c8811c54f36eaa22520950cc971,2017-11-24
041082480b107a1303236e0c21b8bcd5,23706c2bdb0f3c73d411a126e1cb9a7a,delivered,2018-04-21 15:55:04,2018-04-24 18:04:16,2018-04-25 14:47:00,2018-05-02 21:26:34,2018-05-21,6798900072ff5d27077daf83edc3f94e,2018-04-21
93de8241002c099c87029b0362e5c0c9,c5c1e47da91b8db3b723dd7e8716ba01,delivered,2018-06-12 21:12:02,2018-06-12 21:42:44,2018-06-15 17:16:00,2018-06-20 21:58:45,2018-06-26,b1a57102188c4d125eb0bfdd371eec39,2018-06-12
b0d7b6944026251e2bb069eeef3c647d,2716c45b429d01350503e72e20c1a88a,delivered,2018-01-10 06:07:01,2018-01-10 10:31:47,2018-01-11 00:42:42,2018-01-26 11:38:51,2018-02-05,51703e2a478cb9ae227d55d2b4f823e4,2018-01-10
cbcdbe6b464173a568087f71cc7593f5,6e2ebb56f67a1ddbcdab734d89a0b3e6,delivered,2018-05-07 15:53:52,2018-05-08 15:51:23,2018-05-09 13:46:00,2018-05-16 19:06:30,2018-06-04,b27e09692a03b8a0fc378d3f5e052227,2018-05-07
77e8385bf150ad151fe3fac0f5acfe8d,73b187bd731583881d6a95419580f53f,delivered,2018-03-24 17:17:49,2018-03-25 17:15:31,2018-04-03 00:42:13,2018-04-13 20:12:01,2018-04-12,d7d4e1242eb41db3ab9405de02f2f699,2018-03-24
b958441e8e334c3996a9b0c55e5c797b,b2ed2acbaaf621b391406a133bcb1c96,delivered,2018-04-10 15:24:04,2018-04-10 15:50:24,2018-04-11 19:45:23,2018-04-12 20:02:34,2018-04-20,51231735bdaeb055a5c6cb08b4beaf31,2018-04-10
193714aa21ead814cca06d425c299360,d43a4a97de399626a8a6d2a05c95a185,delivered,2017-05-13 16:43:45,2017-05-13 16:55:16,2017-05-18 14:29:19,2017-05-26 13:03:16,2017-05-26,37f87e0ab65c1507e9479d86e2ff149e,2017-05-13
feea1134dca132388da564d8f026a2ca,b46f9b8d7c38c845daf7cc01e856ccf4,delivered,2017-05-07 21:24:45,2017-05-09 09:35:38,2017-05-11 09:42:27,2017-05-19 18:08:40,2017-05-29,35d0b790a53b0d57ae2c785a6f27ad6b,2017-05-07
6b11ad95451aed510a1ff12346de4a14,fd72bfd55bc619ca61770f47d298a78d,delivered,2018-01-22 21:01:45,2018-01-22 21:14:34,2018-01-23 20:53:11,2018-01-24 19:36:48,2018-02-06,c3a1333ed3a4fe92e1a9d39595a5d1d6,2018-01-22
a1a835a7e59148cc5f62243387eb6c14,eec24ad7a230beb6df8ef063d1df3a1c,delivered,2017-04-06 10:44:40,2017-04-06 10:55:09,2017-04-06 15:00:49,2017-04-13 17:46:57,2017-05-02,19442a34d63030d2739ed3022b4fec60,2017-04-06
b49433c6d0ea8ab0fa4d209e44c5831f,7ba776dc90132ed69a93b16c4c9b96b3,delivered,2017-08-14 19:31:57,2017-08-14 19:55:25,2017-08-17 18:12:41,2017-08-23 16:36:05,2017-09-11,77c5694f38c891ca6ed31ad377fbc9e6,2017-08-14
0d379ed81a9bf10489b4509f3559ca90,a106222f6ec61562ea253a4551b8cbb7,delivered,2018-07-10 13:59:43,2018-07-10 14:10:13,2018-07-11 11:55:00,2018-07-16 18:47:35,2018-07-30,5f884de71662a79ca138498472536098,2018-07-10
ac09156639c3a0b85f197bda6a3f42d2,8a97f6fb59a5e99ae5d9e14c7d8040d5,delivered,2017-03-05 16:04:02,2017-03-05 16:15:21,2017-03-10 10:21:01,2017-03-30 15:47:55,2017-03-27,7f691d94a2f8318d4b02a1bb4e1a73bd,2017-03-05
1fc9d04a738b6f63d5803e444c2228c8,5ef48a50490097673c18755851059261,delivered,2018-08-12 11:29:37,2018-08-12 11:45:15,2018-08-13 14:45:00,2018-08-16 18:18:50,2018-08-22,6270037c300339dac3bce2198d4fd560,2018-08-12
e1143a99ea4cc1bd3a625b3501484dce,4365105acd83090125fa618ff76889f4,delivered,2018-04-29 12:51:18,2018-04-29 13:11:09,2018-05-02 11:51:00,2018-05-04 21:49:03,2018-05-28,4805277a7be85a34763edea6ab8f677b,2018-04-29
98ee8e44acc6e6a2986386f53160ab24,11db51edb95395503d9acf29f9fb3d09,delivered,2018-05-09 14:55:29,2018-05-09 15:36:38,2018-05-11 13:44:00,2018-05-16 19:29:56,2018-06-04,44c442d6502b297d695216b80b2c9928,2018-05-09
7877ed505dd8f07c03e570b146b1fbae,c570938ab62978b5cab459060bbb01f1,delivered,2017-11-17 19:49:41,2017-11-17 20:56:03,2017-11-21 18:22:58,2017-11-27 14:42:24,2017-12-06,4edb835a94d0af8b1788957166732951,2017-11-17
fa3418d42d5f87df0490832ade4cb968,75191377eb49aed024f942c68fa2e186,delivered,2018-08-06 12:14:13,2018-08-06 12:25:13,2018-08-08 14:58:00,2018-08-09 12:47:30,2018-08-13,5ea07eb49d71317baa63658681ab1dbf,2018-08-06
f73057ef32b68991b54f0ec78f235b90,57ce8808556a39e78349684303e69918,delivered,2017-10-25 16:07:23,2017-10-25 16:34:11,2017-10-27 19:09:51,2017-11-01 22:44:47,2017-11-13,3dc1dd5b399eba65fc9bff2071861158,2017-10-25
78a1a87882880114ee891ccdcbd1ccde,6cfc3156dfe1802dfe72368fa29c63ca,delivered,2017-01-26 11:45:18,2017-01-26 11:55:22,2017-01-27 09:04:53,2017-02-03 10:11:46,2017-02-24,9fd8877693ff130016da781131003785,2017-01-26
4b806b93edf76523f25669be3962bd2f,43553a559f05e8a6a4b306a55b2a1de3,delivered,2018-05-14 18:09:39,2018-05-15 18:35:28,2018-05-16 13:35:00,2018-06-13 18:52:00,2018-06-27,c9e24d1044102ec9b590df097e3dcdc0,2018-05-14
5244b9f2f8bc60aa503830f2847082f1,d80e1c90ce4d9aa890d53859559e9cae,delivered,2017-04-09 19:10:22,2017-04-09 19:22:22,2017-04-12 13:25:47,2017-05-07 08:45:55,2017-05-18,d3efd0ae3bee9c35f302e336aef87b99,2017-04-09
b39ecb6c0af8f006d1bf639d962fb92e,69c4e90b55da8af1ad71d4bb219e1268,delivered,2018-08-15 08:59:43,2018-08-15 09:10:12,2018-08-16 12:26:00,2018-08-20 19:13:00,2018-08-24,44240c92e496d412b4ca322348477275,2018-08-15
077a6d2bd20a77531ca2dcf84f5c5d0e,5c3cb5ad39b8fee43aa5c64898cb49b3,delivered,2018-06-12 00:17:26,2018-06-12 00:40:54,2018-06-12 12:56:00,2018-07-11 19:52:37,2018-07-19,a11fab839d5f019d86ad3c2970545a5f,2018-06-12
f3f3bca7aa8753f3fa88d29cc593f101,ca7aecabfc1024eab921ec66fb9549be,delivered,2018-06-14 21:21:36,2018-06-14 21:36:58,2018-06-18 08:48:00,2018-06-25 23:02:15,2018-07-18,8ce926bd160bb91f5a10d99b6e118f14,2018-06-14
38e9ed036b2be6953ae1a0e9df7d01d0,97bed780a4c65afe88f387a9918832d6,delivered,2018-05-22 21:18:54,2018-05-24 02:18:33,2018-05-24 08:37:00,2018-06-07 20:59:50,2018-06-07,e9f209671d4c811b7d2c92b1210cd183,2018-05-22
c5e86e382215a14b35e8a51f1110f39d,f09f24eded6cdd153f9c3d778168b564,delivered,2017-01-18 17:04:36,2017-01-18 17:15:18,2017-01-20 17:28:13,2017-02-03 12:09:19,2017-02-28,e342ebdde0ad92773298b48def63e714,2017-01-18
287c462ead09774c011914051703ece9,ea39b3f7639ee01f3190b0e04333cc09,delivered,2017-09-17 15:12:39,2017-09-17 15:27:57,2017-09-18 18:44:02,2017-09-26 20:55:33,2017-10-05,84b412c274f594af3d17c9434036e317,2017-09-17
dc2c0025f3f86a410c2bc10ba8f350d2,3c76e57147c243724b1ece52f3977775,delivered,2018-06-15 20:07:31,2018-06-19 03:57:06,2018-06-19 14:15:00,2018-06-30 00:18:39,2018-07-17,724ad23e4c2c0c50207af074c3eaceae,2018-06-15
3d98c6327fa1c45b931c31e7ca2c97cb,8c7953eb37c293e85b08127802daf589,delivered,2017-07-05 09:22:15,2017-07-06 10:30:18,2017-07-07 13:03:37,2017-07-13 19:36:28,2017-08-03,ace3470acecc74a70907233266cc44d3,2017-07-05
1f3c0a87c88ece858b2f766ae1952dc2,8b65ea3a6e826a860f2961630e922c41,delivered,2017-05-13 15:27:06,2017-05-14 06:35:18,2017-05-16 14:09:13,2017-05-24 12:22:53,2017-06-09,796ec09645a8532d92921de19a33d6ed,2017-05-13
261a70322fb6e56501d54f81cf525f15,42b792d272dd0df00225d952e7f0f3f9,delivered,2018-04-20 14:12:42,2018-04-24 18:56:07,2018-04-23 15:22:30,2018-04-26 16:54:41,2018-05-10,ae58e13e30a5cfeeae7aff54300621ca,2018-04-20
7c1775b55c23f7d7c2f85ac8e2e3c549,706c5c694c0a736613b82ea666f1765c,delivered,2018-08-21 19:10:55,2018-08-22 10:55:24,2018-08-22 15:13:00,2018-08-27 20:24:39,2018-08-30,e97c5f18640a6f7fbc4d95d3b0306f27,2018-08-21
2567c0e99db4aabbc90fedb36d8de1c2,debc1e05c1064a78d0fc863eff89d3c8,delivered,2017-03-25 14:04:56,2017-03-26 14:10:10,2017-03-27 13:12:29,2017-03-30 14:38:13,2017-05-03,9ebc86f2cebed3a02dad1e9736d7bad2,2017-03-25
ecf079f16ac07328e5153aa201fbbb1e,205fcc6c48de256d3956dfba9fc6c0de,delivered,2018-08-01 12:40:21,2018-08-01 13:20:18,2018-08-03 11:04:00,2018-08-17 00:22:06,2018-08-31,7194aedf92f96de4f609595adc4c6441,2018-08-01
53345dc7af2a7b39baff492cdc8005c1,3aef46ae7c38fba52ac5c024a90d8b4e,delivered,2018-01-29 14:51:56,2018-01-29 15:18:36,2018-02-01 16:18:37,2018-02-14 16:13:13,2018-03-01,78d79858662c99b94b69547d9f80e061,2018-01-29
77702a20dfa8a419afbbd7214a87e7f6,35797e9184f5e25129a0c326e388a45a,delivered,2018-02-02 19:21:48,2018-02-02 20:04:07,2018-02-05 23:33:48,2018-02-24 13:27:14,2018-03-08,ed6944b3d65c3c4f77e7768308aae857,2018-02-02
84f7c41e924ddb24205d30d9c0d18ef3,e6fb99ba3f30e74b62de1af9c1eff0bb,delivered,2017-11-29 10:02:06,2017-11-29 10:18:30,2017-12-01 19:29:07,2017-12-12 19:21:51,2017-12-22,fecd3f14e9003422054930ab386be8a9,2017-11-29
4ae4606647c85995f3123bc2047f9ab2,63f65059544beda92505c6b39161c681,delivered,2017-07-06 15:16:40,2017-07-06 15:25:14,2017-07-07 18:07:45,2017-07-14 18:04:57,2017-07-28,8b836b3d28b3f937368ff7f6303195c0,2017-07-06
c996784e13c7d956e06ad7f8a992b564,546a93251eab522453a48b245ccd5549,delivered,2018-08-07 15:50:22,2018-08-07 16:05:26,2018-08-08 15:18:00,2018-08-14 22:48:52,2018-09-12,a4b06188937c8e27e5a51c37f7c90a3f,2018-08-07
ea3f7480344322038931bca4a6e6f858,4a5c983ae0de5e491993c8038e2f369d,delivered,2017-09-27 11:04:16,2017-09-28 03:05:23,2017-09-28 21:13:01,2017-10-08 17:14:22,2017-10-20,2a33cf3a3b8b9554ce4b8fb18def4b92,2017-09-27
fd83748fe6056c1759777f41c19a742a,50ce26d15d12dd7a2fb9dc8a0d3e29fe,delivered,2018-08-02 18:20:01,2018-08-02 18:30:30,2018-08-09 07:22:00,2018-08-13 19:28:51,2018-08-17,cbbafc7844dcfb43b7c0e219b0835cc7,2018-08-02
93cb615f17a0f924bf0ab3b9b383e7ea,ee5adb8171e8b33a1d5f5ed2cc21456e,delivered,2018-01-30 01:28:15,2018-01-30 01:53:28,2018-01-31 16:09:10,2018-02-07 20:39:02,2018-02-26,be1b8343ed8f7ddc64e7a3aa17e877f5,2018-01-30
adf3d602a987dfaf1a76aed5aee37407,b7e7735a10461352a5c12c730d78292c,delivered,2018-07-29 20:56:13,2018-07-29 21:10:20,2018-07-30 14:53:00,2018-07-31 20:38:40,2018-08-06,48f0d48d1c701b6b100673a5e7666581,2018-07-29
4a0aef3a36c8f8f2d9500b15400ff513,3719c3d09981263d4cfc1b35953524e0,delivered,2017-05-11 20:10:56,2017-05-11 20:22:19,2017-05-17 15:27:01,2017-05-23 14:07:45,2017-06-02,165affa040e4d12c395280f955f76e5e,2017-05-11
0c1cc28155fd9320c6ffca57c92999a0,e1a8132a93174597bc2dde1255a39b21,delivered,2018-04-17 16:37:44,2018-04-18 06:32:00,2018-04-18 20:38:21,2018-05-10 22:44:40,2018-05-17,97af3062e329526c7999d7c463be57ba,2018-04-17
0852e5a61869a064200caa569e5291a5,33492e6f3dcc16afb6a9fb8f8cd62910,delivered,2017-10-17 09:27:04,2017-10-17 12:34:15,2017-10-24 19:58:19,2017-11-09 21:04:59,2017-11-14,b4820d896dc6a538f0158e4a9ff373e7,2017-10-17
3e61448e4e84529ceb5c325efe9f078b,6465bd930c1243ba5479f364f2783e10,delivered,2017-10-23 21:21:19,2017-10-25 02:26:37,2017-10-25 18:33:35,2017-10-27 21:47:28,2017-11-03,c21b2f442f530e0d5da659ca110c3792,2017-10-23
107140930f283788e31acf6904a4c50d,1b7b1d8dbe1dd0fe3b8e3e73e07f570e,delivered,2018-01-17 19:53:32,2018-01-17 20:10:33,2018-01-18 18:48:56,2018-01-30 20:59:35,2018-02-20,8dcc061d404346e005f89d35de83a228,2018-01-17
f4a8cf5dcabdbe8dd7e65e1674db3015,f46fbb1f9d19890a021e112d9e67c4c0,canceled,2018-01-21 23:26:18,,,,2018-02-06,a56768e9c1e5962bf3790ca526532042,2018-01-21
e0a392ae82bc219375ace26ec32a6301,b4faff20637c50dcdc36d25a424c50d7,delivered,2018-06-05 13:55:03,2018-06-06 02:54:00,2018-06-06 12:32:00,2018-06-11 19:11:00,2018-06-29,50e28f08674f193684e807f8f27551e5,2018-06-05
7e7e972164339f32fadecfdb2c4e93c7,24192468c9479052129e9b1d34baeafb,delivered,2018-07-19 10:11:56,2018-07-19 17:25:15,2018-07-21 13:51:00,2018-07-24 15:18:49,2018-07-30,e2239e7dee5d62927638a34ab66ab14a,2018-07-19
82e4b3860c24cc8666af61137efef18c,0b6131ef78d7b110b236c4e98bf65fd9,delivered,2017-08-07 08:24:29,2017-08-07 08:35:18,2017-08-07 19:05:10,2017-08-08 17:10:25,2017-08-22,f89eb0bd70533417ab0ab55a038929d4,2017-08-07
ec1eeceac0fd882558b0f3976149e64d,c8c8685c81910413f6244ab21a3a02de,delivered,2018-03-31 10:27:16,2018-03-31 10:48:01,2018-04-04 00:43:45,2018-04-14 11:06:50,2018-04-27,6b84d644d67c3df2d6fdb5af8519002f,2018-03-31
12871e7ec010930e767517686d955c47,ef65d5034c7341b280811f7bf95f264f,delivered,2018-05-14 11:56:51,2018-05-14 12:17:23,2018-05-14 12:42:00,2018-05-15 21:41:10,2018-05-23,9ceeb774c51e3f81f79d47bdcf468edf,2018-05-14
1b79d2acd9204f5e12d9c6f8b8ac5bbc,6857d55ae17d45539558b8ed881763f9,delivered,2018-08-01 10:57:13,2018-08-01 11:24:32,2018-08-01 14:35:00,2018-08-13 13:26:56,2018-08-28,b0cc9bcf3b98c2c2efe283ae363b3948,2018-08-01
9b7b707521ebda86fe2ddfaaf5ed4cd1,baed4f7a16a34e439c36ce591c70980a,delivered,2018-05-18 13:43:44,2018-05-18 13:55:29,2018-05-21 15:42:00,2018-06-09 03:48:39,2018-06-14,04951d4f64f1fb00783f6667a19a2915,2018-05-18
444ba35537c4a2b24c3bf2e576ee98ac,c4dcf192d129b8388592885dd24fc476,delivered,2017-01-27 10:34:34,2017-01-28 02:32:27,2017-01-30 10:18:24,2017-02-07 09:54:56,2017-03-01,1e0e8ead2f7835dc5b4da4fd2fb9af9e,2017-01-27
3783d39f4bead686266f9f7b4362ba6d,df4e22e0d8e91cda53e49e2849e151ec,delivered,2018-05-03 02:10:29,2018-05-03 02:33:25,2018-05-03 13:08:00,2018-05-04 21:38:39,2018-05-16,4060244805a6821143f3760bc784fbe5,2018-05-03
aa0fdfac2fac6ad23cfa368f687433cc,95e2e5b83511ce7db6fd6d40ac4a3b75,processing,2017-05-04 16:44:16,2017-05-04 16:55:23,,,2017-06-06,07d3ab81663d931c7a5168e5ecf9964e,2017-05-04
afa75f5067298240b2038958cf0010d4,0d51b66355960ac7993febfc3755e876,delivered,2017-09-04 20:44:36,2017-09-05 20:50:16,2017-09-06 19:33:21,2017-09-18 12:20:33,2017-10-02,d7a05555bb294263a5f7b8ba6bae2ff4,2017-09-04
84b178ef93e0b367f901d4263bee2a3a,8bd6f9ecf9c13775a1f0079510aad4fa,delivered,2018-07-31 11:12:17,2018-08-02 05:30:54,2018-08-02 11:35:00,2018-08-09 18:34:33,2018-08-22,4ff45cad7cc2f8aeb3b81edd8a269ca2,2018-07-31
8c7691cec4b794886d5e269c2a1eec4e,f3ad464626c78b317c7069d4c960fee7,delivered,2017-11-26 11:08:25,2017-11-26 11:15:34,2017-11-27 22:04:11,2017-12-14 21:39:33,2017-12-21,2bcd8a114014d937be8b3594707463dc,2017-11-26
c57b77f1ada200812975fd3151e49752,d59fbf3f22cc09de2ba8f571c5aa4a40,delivered,2018-01-06 17:08:15,2018-01-09 07:16:26,2018-01-09 20:44:22,2018-02-15 20:18:52,2018-03-13,1e2329088d196839ceabf076d7fb6a85,2018-01-06
1a7dcdf0c1f8c7b57dab8c7378c79cf9,9ed553d685e793263f73f6f76c90f43f,delivered,2018-05-04 13:42:06,2018-05-04 13:55:22,2018-05-09 11:21:00,2018-05-11 19:32:38,2018-05-22,1086f69979cdfc95d0f48720b6448a54,2018-05-04
a31ecde4565b9e5e70a4ac17fb47174c,7c4b8e956f27bed90b8269e5a04ac6db,canceled,2018-01-29 21:55:59,2018-01-31 13:32:23,,,2018-03-02,52cf485027691709f7b6124df189763e,2018-01-29
eaccdfa7ebc7197350752707a3103de3,2f92f6d54038bae835df9738d5d11102,delivered,2017-04-08 19:37:13,2017-04-10 06:45:09,2017-04-11 09:37:49,2017-04-19 12:17:23,2017-05-04,d5a53c4fdcf8dab6373d996b9dc62f1c,2017-04-08
3a48b55756a18df2a80f25a120eac75e,239e0ecb0797c0dc341124772fc69a8d,delivered,2018-05-16 02:28:26,2018-05-16 15:59:38,2018-05-18 12:11:00,2018-06-01 12:08:43,2018-06-06,11fcc2cfb0172d5dc1c613850d664696,2018-05-16
f643bf772d9eb92c22d0a6520d5791fb,98bcba1289e434215053f0ce7f01e387,delivered,2018-07-17 17:39:22,2018-07-19 03:02:25,2018-07-19 15:34:00,2018-07-24 12:58:27,2018-08-08,66122dde51979f9dfc39cd365fd54314,2018-07-17
2f237ad78fabeb8203631b4a881a83a5,d9cf050e6b7721630f9d330ce3becfc5,delivered,2018-06-01 11:48:37,2018-06-02 14:15:13,2018-06-06 14:03:00,2018-06-08 22:05:29,2018-06-26,71995d1160768c143a0c756daee7b5f3,2018-06-01
cfd3b21a71fca80f28f89855c6570695,093cd8998b382e15fec8f33653718c55,delivered,2017-04-19 15:31:23,2017-04-19 16:22:04,2017-04-20 11:14:01,2017-05-03 16:11:52,2017-05-18,507773c65aebb2ec670b6bec5ed36bff,2017-04-19
1f1c7f4a61de956eb59c80c6d1f73a2a,5ae86ece6d5aadff5afe461f7afe2d59,delivered,2018-05-09 00:09:44,2018-05-09 00:32:50,2018-05-09 09:30:00,2018-05-15 11:16:02,2018-05-28,1ef654897cb6d035dabcf0d8063dffc9,2018-05-09
9c344aaa4c77f62b5c70c3db948752b8,43712015742ee564b01fe75fa2d76cd2,delivered,2018-01-23 14:01:44,2018-01-23 15:51:36,2018-01-24 16:35:44,2018-01-31 20:13:01,2018-02-15,0446f9c80a62091906323a0a7a81e8c8,2018-01-23
14fbf76a52909427d03caa0680a5d763,3f6ce43251da42235d19df7ad5d7a197,delivered,2018-01-20 09:56:03,2018-01-20 10:13:09,2018-01-23 12:17:33,2018-01-27 15:46:35,2018-02-14,969dd25b9d814d90fcfc93a163ef5316,2018-01-20
488d5fc485f4624acb8132918763416c,bf7ccf3f1fb5ff1cc9130f8f2985017e,delivered,2018-05-23 11:14:52,2018-05-23 12:00:05,2018-05-24 13:23:00,2018-05-25 21:21:49,2018-06-08,c3984f4e489785965fc2397f9fed8dd3,2018-05-23
387d6eb2681cc0d53bf68df6845a729a,a32a92d1ce4dbb02613186c1bb03a16f,delivered,2017-02-11 16:52:47,2017-02-11 17:05:13,2017-02-13 10:43:41,2017-02-17 10:05:03,2017-03-14,771342358e6e01ca26ba76471beef529,2017-02-11
04a772c0620384a8776c4fbcf4af5c01,cf2ca98ff50dd7bc444ed0cb47a21d14,delivered,2017-11-29 13:25:18,2017-11-29 13:37:16,2017-12-01 19:28:43,2017-12-28 21:05:16,2017-12-28,1bdfc8e1d23f38cd4f2eb0a6e117c863,2017-11-29
31ec3f0ab81178179221541af6dddbad,efa0549f99676dc8a796ae6a73a4236d,delivered,2018-04-09 13:28:31,2018-04-09 13:51:16,2018-04-10 00:25:51,2018-04-13 18:39:49,2018-05-07,d74292688e33fc35558f7cb462740b4d,2018-04-09
1824f26e1fdcf75b43c6849e90f2c3b8,718ac71e13610e09fb91104bb59b99f5,delivered,2018-07-26 11:16:58,2018-07-27 04:05:17,2018-07-30 14:08:00,2018-08-03 13:42:41,2018-08-06,ba6aa71aaed4cffaacbba4a1b62775d7,2018-07-26
08030370edeb35f2f91b73f09f76a49b,7190e3096142c612e46f988bffd57529,delivered,2018-04-11 11:34:51,2018-04-11 11:50:15,2018-04-13 00:15:31,2018-04-23 22:12:34,2018-05-10,345b62837e70ddbcdc88fbdf7c99f7f4,2018-04-11
08158c9f50214fc5872aba47814160e7,d34e0dba89b89a8aa2e00cb8b289f565,delivered,2017-03-15 14:37:37,2017-03-15 14:37:37,2017-03-22 10:51:59,2017-03-27 11:38:04,2017-04-07,7630fbd37e0acf91129ec3f07deb81ea,2017-03-15
12d3ad77d5488075f6f2a444127356e5,7e7ecd9570ad62705609c57647bcd47c,delivered,2018-02-12 02:50:17,2018-02-12 03:08:50,2018-02-14 17:13:48,2018-03-01 23:51:59,2018-03-12,d631e6bd6027162b7c5307671d9ac668,2018-02-12
7ede340903c485e891cba5b1064ecf5c,75306b74ca7ebe07b42a7e1eec7eca79,delivered,2018-04-18 09:57:17,2018-04-18 10:11:07,2018-04-19 17:06:53,2018-04-26 17:04:45,2018-05-23,6ac62b3b82e135386057da83c9ff44b3,2018-04-18
30302e4257bbc6a219101fa79c37c1f1,7ae53acddb48d2370fb26d3a244a0d6a,delivered,2018-04-11 16:50:30,2018-04-12 22:10:58,2018-04-16 16:48:43,2018-04-21 17:08:48,2018-04-30,b2c5a0a208a7fec3a2c54e579a639878,2018-04-11
dec3b3e24194ce1773deab948916e593,1a5967d84c2fb8d6c22c6eff14643058,invoiced,2018-03-28 21:25:36,2018-03-28 21:35:14,,,2018-04-23,f3c029ccbdd765b8e63b881af42f3d4b,2018-03-28
f20da7723f4f27767d18d8039dc8fe6c,fac2f46b9fdf19602e714973e40bf083,delivered,2018-07-11 18:43:06,2018-07-12 18:43:55,2018-07-13 15:46:00,2018-07-20 22:16:47,2018-08-14,bee9909cf1e691c338c5a79c370f86ed,2018-07-11
7fc849fe7b19291b174ea1ab2a8759a5,fbf1d555f02296c5d568ba0a59b1d0ec,delivered,2018-02-28 15:04:19,2018-02-28 15:15:34,2018-03-01 23:53:05,2018-03-12 17:58:27,2018-03-21,6334db818e4cf4202b7cffe8b38a8a19,2018-02-28
65e9a241667deddeffb1542389e94964,f0bafcc4e19c8efd9aef04d2d4bc1527,delivered,2018-03-28 06:08:51,2018-03-28 06:26:22,2018-04-02 17:48:42,2018-04-04 21:46:48,2018-04-10,0505ce8a161975b0e8e7c16530c56015,2018-03-28
6aaf3fa8e1458b642085c8aa3d7b275a,12f4e87adc177d4c584c1eadf944ac7a,delivered,2018-02-05 13:24:35,2018-02-05 13:50:52,2018-02-19 18:55:11,2018-02-23 16:57:50,2018-03-15,99d5de0da9444405c735ec20ec173d78,2018-02-05
a739570c1cd11112aa1fc229a15155ac,f9101abc91870da87ab5c5c0b687e5cd,delivered,2017-03-16 20:25:10,2017-03-16 20:25:10,2017-03-21 06:15:04,2017-03-28 15:16:09,2017-04-06,00c003ed13c76042b78d53fbc26930d0,2017-03-16
ce42a8b69a1f006400c700bb5616f736,da8de52784781b06c2b231b6f1e3faaf,delivered,2018-04-21 15:52:28,2018-04-24 18:18:34,2018-04-24 23:42:49,2018-05-24 21:34:43,2018-05-18,4bff569f4a6af1600c308e56e00e100b,2018-04-21
1cb531a2fb45f62dee90ef7a93b46f21,f739cd8a6704968ec7ed584ce45bb01e,delivered,2017-11-28 20:39:38,2017-11-28 20:57:02,2017-11-30 13:48:48,2017-12-12 19:12:19,2017-12-18,d6468de8d8e1ecf694ea63ac408613b4,2017-11-28
921095a3d078c4caa4259c1208a71f66,eae5b6c83b7858a75b5b7c83d673a4cc,delivered,2018-03-22 22:47:00,2018-03-23 22:47:39,2018-03-27 01:13:29,2018-04-11 16:57:44,2018-04-13,f51c98cff20a970dbd9efad7540d30f4,2018-03-22
b12fc1e1a55ad5febf364885bdc26eaa,d40ce96518986c1f687450d9d2c59a98,delivered,2017-08-15 15:49:13,2017-08-16 03:25:38,2017-08-17 20:51:50,2017-08-18 15:03:18,2017-08-28,d815779a21d230d2e11e37940d13650d,2017-08-15
fc957026f2482ab3bddf91ebc9d0dfc5,fb39becf0dd61e75a7c3e5bf2642d55b,delivered,2018-01-10 21:19:56,2018-01-10 21:31:35,2018-01-11 17:54:59,2018-01-23 22:58:48,2018-01-31,ef33488f0db8c02f881cb40ec9af5d69,2018-01-10
a292ffb436f475f98ec53a05994dbd94,c08ef557085ca9fb0c59f6d820a0b059,delivered,2017-06-25 12:07:37,2017-06-25 12:23:42,2017-06-26 16:29:26,2017-07-18 17:46:35,2017-07-28,e70cfd5252e2fe28de830bdc062a4597,2017-06-25
fe71d9b4ef984f61e35b85a483b82769,2c43a6fffc3a68aad4428f6bdbfec1e3,delivered,2018-06-20 09:17:58,2018-06-20 18:47:17,2018-06-21 13:13:00,2018-06-26 18:40:42,2018-07-03,f1258229e48d92ddea22454f58eec8eb,2018-06-20
689c31bf388c7456f38a36f18f20f735,3983e95b66d4931b8cc086d74b2377e4,delivered,2018-03-13 16:10:29,2018-03-13 16:48:04,2018-03-16 00:14:53,2018-03-19 22:48:33,2018-03-23,bfec79833f4568d39eba54a01fc5e7ae,2018-03-13
bd9e9bfde9faa1df98f0d708c83a076f,340699d32cd8347c289975f8fcadce0b,delivered,2017-03-10 14:43:51,2017-03-10 14:43:51,2017-03-14 12:39:21,2017-03-20 12:32:25,2017-04-10,2dd0f0f812e746c1bc7c09ac0932756a,2017-03-10
12ba6eb5ae5bb52161567bf261f9339e,cd50e29db5b175effda4b995fb44d298,delivered,2018-01-26 17:20:43,2018-01-26 17:39:26,2018-01-29 22:17:36,2018-02-02 19:27:45,2018-02-19,6f36e0165218ac7ae521d8e44739e703,2018-01-26
6afa05756faa49c6485547d727669dbe,bfbe7e0ce67c4e115a45af9aa03d13f9,delivered,2018-06-27 19:13:13,2018-06-28 02:15:48,2018-06-28 12:09:00,2018-07-03 03:56:29,2018-07-23,9ec0ee40d1259ee1edb8b88b772ef5fb,2018-06-27
0cdc602941468800cf63d3385e750f8e,909d8e1f1bfb6af00321a96711b711e2,delivered,2017-02-15 10:10:58,2017-02-15 10:23:11,2017-02-16 09:22:45,2017-02-22 10:20:49,2017-03-14,c133361ab7b2f82b707a4963a701dd57,2017-02-15
9e610f1799387c81ebe3841937df9098,8714486eac2fe66523013485cac45f17,delivered,2017-11-26 23:33:14,2017-11-26 23:53:18,2017-11-30 00:15:56,2017-12-15 21:04:44,2017-12-22,a05b42abd28b0e788776cc00acca82db,2017-11-26
892afc8152bfeddaa37facab6f4a9275,c77b56f255a88e2d52bf861c376bf8dd,delivered,2018-08-23 12:00:18,2018-08-24 03:10:28,2018-08-24 14:59:00,2018-08-27 16:06:39,2018-08-30,4c29ad3f71e71c31c6e2a860330cc9a8,2018-08-23
02058d1c3b825765a4ec45968b8a1c97,789866f98a4d051812a2ad7e9c2443c0,delivered,2017-05-22 22:10:22,2017-05-24 02:50:28,2017-05-29 14:03:01,2017-06-05 18:05:53,2017-06-19,d61c923fff01b0e448672a2159ed5757,2017-05-22
863ed82a296435f3a4d1a4b878450a5e,038d3dd1371d364b6ae8ece9febc397b,delivered,2017-05-03 13:51:09,2017-05-03 14:10:27,2017-05-04 14:47:45,2017-05-08 09:57:40,2017-05-24,18e3d276253780b44b5b7bf83f6785ec,2017-05-03
a60d97427c94f3cf9e9c338ac3e9aa14,341c4634e0f68d32b278e42dc843b433,delivered,2018-03-14 15:04:11,2018-03-16 03:50:23,2018-03-19 12:32:56,2018-04-04 20:16:32,2018-04-11,2a9c0f0e5f06e91c50c74baf4dc67a0f,2018-03-14
f1a85c57bbe9845da9ee357e3e4088aa,a2bf4f2c3208e230f033a9c11c7d4bf0,delivered,2018-01-29 16:47:57,2018-01-30 03:39:15,2018-01-31 01:04:20,2018-02-23 22:33:34,2018-03-01,cd4c607ce49011feb478661f1d45cbf9,2018-01-29
5e8e2246d1b5e113efb8958d9b9fd9de,446178189afff5d8bc533ad62ccde8e4,delivered,2018-08-06 21:30:56,2018-08-06 21:50:16,2018-08-08 14:32:00,2018-08-09 15:33:45,2018-08-10,9d508f9fe2600ccc19e894431d968e73,2018-08-06
53a75d669529740dbfecbfc99b5c13cd,47aa15d805a354b4586f613823305a78,delivered,2017-11-29 11:58:07,2017-11-29 12:18:39,2017-11-30 23:17:08,2017-12-17 16:23:28,2017-12-26,19ea244e9173ca0c8ae93d2831008fe7,2017-11-29
8256266a3e79c5c11593977b92fe7b1a,74f388d7c1757feb7cfd8bc9efc7a78c,unavailable,2018-01-18 17:02:04,2018-01-18 17:13:20,,,2018-02-15,30057710f699e666b130e5a742657a8c,2018-01-18
a2612baf139a2d944224cb87c81d83b1,a576b34e3dcdd8e1827367cad95ea440,delivered,2017-03-21 10:26:28,2017-03-21 10:26:28,2017-03-24 15:17:46,2017-03-30 17:14:21,2017-04-17,5d724c402d5a8e1cd3d4fc97218aec70,2017-03-21
b5b9596fafc9950c04548f635451d6c6,2f065d0da18c30fb17bf10fa92005886,delivered,2018-06-12 11:38:09,2018-06-12 12:01:27,2018-06-13 14:34:00,2018-06-18 17:37:28,2018-07-20,2591ec3a78fcc5bcc406c71db4cc5530,2018-06-12
fbc5d211d0c021def45daa17a0d271ba,da97d12c6f90c983ae3d35f42d1bf2ce,delivered,2017-09-11 15:17:10,2017-09-11 15:30:18,2017-09-14 22:52:37,2017-09-15 20:02:45,2017-09-26,3125d26ceb79dae09c47a8459bf87474,2017-09-11
5d36971a31667ce7f86f81d277490e9a,9fccf5db7814eb1c4bfdc6cc2bc04621,delivered,2018-08-04 11:19:10,2018-08-04 11:35:16,2018-08-06 13:59:00,2018-08-10 01:52:07,2018-08-14,52049d8a3b5cb34d885a3837a9ac2232,2018-08-04
04993613aee4046caf92ea17b316dcfb,aeb3d464f6b83eecd79d6fd58d6208fb,delivered,2018-01-30 08:46:12,2018-02-01 02:52:44,2018-02-02 16:08:38,2018-02-07 10:54:52,2018-02-15,be09f3273b8ef531c15a9ea93d1b6280,2018-01-30
4551b488487e6cfa31f9e35073d3c5d4,dfa7df4afe1ba4c38428bd36cd4444c1,canceled,2016-10-09 12:43:21,2016-10-11 17:16:27,,,2016-12-06,eec95eabca2b8d033e1d36ad86ad688a,2016-10-09
df65475c6013cd0563e8c2fd9245c378,5a420a6410f82ab5d0679fd276cb32a0,delivered,2018-04-29 12:59:33,2018-04-29 13:11:08,2018-04-30 15:41:00,2018-05-10 11:07:42,2018-05-23,18d3d77c84f62320120d906394bfad3d,2018-04-29
a1506880c64d76bdd37f1fa714865b7d,42a745668db9403a33580aa5c72271e3,delivered,2018-08-14 15:48:10,2018-08-15 03:24:09,2018-08-16 11:50:00,2018-08-23 01:56:24,2018-08-28,0f01a970f747ab6c9d558a858ed7ccb0,2018-08-14
0977997b1c07196d7d76a0d79c50117d,f5a2891493b5b415942b5e2e98ebaf11,delivered,2017-03-22 18:42:09,2017-03-22 18:42:09,2017-03-23 11:06:38,2017-03-29 13:38:22,2017-04-10,d461a6e1e82a30987d051ea0f4b9b789,2017-03-22
17734155e111af61fc2bb776b29dc97f,47aea8cecc6638f35d43b8115a23b632,delivered,2018-01-20 22:34:35,2018-01-20 23:00:24,2018-01-25 00:56:35,2018-02-09 21:11:49,2018-02-19,474850578cdbb716a9629a183d1276bb,2018-01-20
50e46ab38a7ca83546cab50d4bca4835,8f5c0dfe51ad002276980a7bb10b338d,delivered,2018-05-12 10:12:06,2018-05-12 10:34:36,2018-05-21 05:44:00,2018-06-07 19:34:36,2018-06-01,4b14353d85bb41da9adf35e07d4dd1a4,2018-05-12
98b552e1d64415d84660c7155fcb276b,57987b4d11a5d931e9e97fa417e24e12,delivered,2017-08-25 10:58:26,2017-08-25 11:10:15,2017-08-29 20:09:15,2017-09-19 22:43:14,2017-09-29,c3a2ad3cb3efbd9dcb5cb39094862fdd,2017-08-25
b98263fb4d7c2c5ecd1acc6ab0a659ff,3dc31641445d14ab4cdde3638a06c85d,delivered,2017-03-30 20:31:36,2017-03-30 20:42:20,2017-03-31 12:06:26,2017-04-04 10:58:02,2017-04-19,0929c8b8d2dace63dce3021dace487c6,2017-03-30
59e2aa6cada46ead4c4520d965785640,bf1723772c5aeb6d78db6f2a6456e417,delivered,2018-07-05 11:39:19,2018-07-05 16:31:07,2018-07-05 14:13:00,2018-07-09 13:41:00,2018-07-24,45d1f7df122e9fb5d8b3194f17f108f6,2018-07-05
e7fe3e8da4d6c39f4216d00309b965ba,3ef2e4f6c69dc708f8ed35acc505324e,delivered,2017-04-19 19:34:51,2017-04-19 19:45:17,2017-04-20 10:34:45,2017-04-27 14:46:33,2017-05-09,c0dbd98158e7f30aecac98b3b0d78c18,2017-04-19
09ad94cb221ea7d2ba569504ad446082,2733a4e78706230ef8e6da9fc7f80444,delivered,2018-02-05 13:15:21,2018-02-05 13:30:45,2018-02-05 23:33:06,2018-02-21 00:22:12,2018-03-09,0fea8b54df51aac3bceb41c79bc556a0,2018-02-05
372043f4a6d2ad2b8447ec94aeca78ec,3e16ea28d6bd7480ea19cd0d7c248f51,delivered,2017-12-14 08:12:50,2017-12-14 08:32:31,2017-12-14 16:58:42,2017-12-23 13:43:27,2018-01-16,4698faf9686def850ec3800eb6b56a02,2017-12-14
169ea2de3034acb7ff710f2ed686841c,c9443c7ba953a58193efcf1a2a447c00,delivered,2018-07-21 19:56:17,2018-07-21 20:10:16,2018-07-24 11:46:00,2018-07-30 21:16:33,2018-08-16,4400e681a699edfa0228e7a79cd3a945,2018-07-21
186f042cdce95c754951633686eb1dc5,50875d83ed44bbf8b61776a85aadbc65,delivered,2017-03-20 22:56:13,2017-03-20 22:56:13,2017-03-23 10:29:19,2017-03-29 15:23:00,2017-04-18,bbc58b2587cfe41ce198a1e92b07240f,2017-03-20
38bff8bbf4905806b94884c0124dff22,7ab296b8b856811774b40ae28bd3f3a0,delivered,2017-10-09 01:17:54,2017-10-10 03:28:48,2017-10-10 13:18:51,2017-10-16 19:14:14,2017-10-31,949be4f463287eccc7c9518691c27d3d,2017-10-09
89cee0900747ef772957e602a0e4427c,1baa632cca8a732043b64413083d7638,delivered,2017-06-26 08:59:29,2017-06-28 02:30:29,2017-06-28 16:42:47,2017-07-10 21:21:49,2017-07-18,8ad49876ffc5a021f830c103a75544c5,2017-06-26
cdb1faa859205ebd457e594dfab53801,314e23702a993481be492acdce0cebd5,delivered,2017-12-20 09:17:13,2017-12-20 09:30:02,2017-12-20 23:12:46,2017-12-22 17:10:36,2018-01-16,5fc1d21e3746af8bc54c8c256f8eeabb,2017-12-20
c0a70f802fa139670e7987afc9acd16b,6809549888389f4ff97cab54a5d25065,delivered,2018-03-17 17:05:09,2018-03-17 17:28:46,2018-03-19 20:12:51,2018-03-20 21:18:46,2018-03-29,9a9c99d9935776de5535985e829bace5,2018-03-17
2348f7f4bfb8d8892725f278c51c112f,4726d3a6a375b7faa0e5e291f96f25cc,delivered,2017-12-05 16:18:17,2017-12-05 16:42:25,2017-12-19 17:07:57,2017-12-29 19:15:05,2018-01-03,ce3dbcbf760540ff123604c95bf8399a,2017-12-05
4791caecf8eb833376796979ea2c7aba,c136862b902ffb900a1c63ab433ddefb,delivered,2018-04-15 11:31:05,2018-04-17 05:55:46,2018-04-17 20:03:41,2018-05-02 19:30:54,2018-05-15,d8e7cdd4ff8dfd27a433daf5cfb2fe19,2018-04-15
7e7671e9ee6e72a8ccc841c1bec954b1,06fd13fe812ea82418f7e99df3591b81,delivered,2018-03-31 15:00:22,2018-03-31 15:15:13,2018-04-03 23:53:53,2018-04-05 18:19:24,2018-04-18,43df7fabfba2076dd1ad1ea98fb59d33,2018-03-31
be11301a6422e6d3a6b2256ef91d6644,99c873ea775da64afd811522695389fb,delivered,2018-01-16 22:28:06,2018-01-18 02:12:46,2018-01-19 20:44:51,2018-01-30 22:35:14,2018-02-07,6113be01095df527033bfffbfcb74634,2018-01-16
9b555b4c4f3028463eb59bbe1e9e9bda,69d5b5755d8235783105a713e72300b2,delivered,2018-02-13 21:55:57,2018-02-13 22:10:24,2018-02-15 23:29:04,2018-03-03 21:48:25,2018-03-06,1a75fd349131568b7063e35ba91efc66,2018-02-13
47e7c69b3f435b43a16da911cf937369,32fec68d7db000a9570c6a328eb783d7,delivered,2018-07-16 11:34:51,2018-07-17 04:31:12,2018-07-17 14:43:00,2018-07-23 20:58:26,2018-07-31,e12926cd269caf698d1d44fe347880db,2018-07-16
713036f22edb8c69c825dc2d0786056a,141b475376da0a47c374310837d2be95,delivered,2017-04-28 16:34:53,2017-04-29 02:43:14,2017-05-05 15:57:38,2017-05-09 23:26:05,2017-05-22,cfa6efc7ff62d135a09cc61a0f617111,2017-04-28
22a91acd45f9631dece96eb349f13047,4cc013147ed779e5e5cd70f483e28a1d,shipped,2018-03-12 08:20:33,2018-03-12 08:35:37,2018-03-14 00:29:46,,2018-04-12,93db4146aa0999155170b4b7b9ac749d,2018-03-12
8b972989b530858d6513197f41817297,42f3e79db71d9d167f2af22f821a02a2,delivered,2017-05-24 16:57:12,2017-05-24 17:10:12,2017-05-26 16:12:26,2017-06-01 16:38:01,2017-06-14,cd095a61a0bceb900ad276f4c36840ba,2017-05-24
b5dc2692452c43be647a4eae573087be,b4b54ad1c41334ff91007f0ae82e8679,delivered,2018-04-16 23:10:09,2018-04-18 05:31:53,2018-04-20 23:41:44,2018-04-23 20:49:35,2018-05-07,1019f17ffe34ffa1ef0c3a3ffba76ba2,2018-04-16
92690e980fa355ce415cdeb21196e518,bbbd494d03458f6021df355aeab7f78d,delivered,2018-05-09 13:44:40,2018-05-09 14:15:00,2018-05-10 15:34:00,2018-05-23 02:42:00,2018-06-14,ab78f3cbe5207e08acbf868ea3cf7c2f,2018-05-09
171f303505168e746c3ba9dc70a1c1f3,f9913bc021d14fc9e5a96b3508284589,delivered,2017-05-16 17:50:16,2017-05-16 18:02:30,2017-05-17 14:38:28,2017-05-23 16:53:32,2017-06-08,341c1bfcce15f772ef1c1e93dc360141,2017-05-16
a1e378a1da5cdc55c7edf4313af32f8a,bd51b2cec679d73d1170c69ec4a2c3de,delivered,2018-06-21 06:40:03,2018-06-21 06:58:10,2018-06-21 10:37:00,2018-07-05 15:06:36,2018-07-25,fec2aa3d1e489a605830c55280975850,2018-06-21
35b2a91bef239f09490bf6988853e1ce,d20970c047e30ae233d8da0c19b35e44,delivered,2017-11-21 23:31:23,2017-11-23 02:47:43,2017-11-24 17:44:49,2017-11-30 18:28:15,2017-12-07,8d86de16bada2ec2ec24440ee5fa159a,2017-11-21
103188b1afa4614c023b86344f79727b,3d7ded9f88ad6b06bc3f16ef0987fc54,delivered,2017-11-27 13:53:44,2017-11-27 14:18:39,2017-11-28 20:34:38,2018-03-26 13:09:54,2017-12-11,c7d1c1a9792b4c5b53f6e88807ec88f6,2017-11-27
c0a35c459a11bc0953c481dd80ec5fd0,18119136ff272ab6dc871c575f7767b3,delivered,2018-06-06 16:08:17,2018-06-06 16:34:20,2018-06-07 14:09:00,2018-06-18 19:06:39,2018-07-16,fd7e89f7ec246761c5196c2bbfc64d46,2018-06-06
6146a7dc414dd1510ac54aa29c2311ed,39f4205ae1789fd59b6ce79e2cd7c381,delivered,2017-02-12 14:23:31,2017-02-14 03:45:29,2017-02-15 08:10:26,2017-02-20 14:03:17,2017-03-15,152a803f01c1cf2f04a0ffc8b42a6fa1,2017-02-12
c09ebf7e4d207da975475dcd0db417ba,8157642468eca9d6ee5563b2a55d7b86,delivered,2018-07-31 23:54:20,2018-08-01 00:05:07,2018-08-01 14:34:00,2018-08-06 22:18:45,2018-08-17,4088d727b87d3606748cf6e69fbf6dda,2018-07-31
4224f44695338cfa528e9a57d8cbd1e5,d3df02177d82cf2102f7448e9764dee6,processing,2017-05-19 20:21:43,2017-05-19 20:35:11,,,2017-06-16,3beb7118c312b912b7d74b52fcbc17e9,2017-05-19
73465e1b285d2f5f6067c118ff99d204,0b3c2ca66f7847699dba330aeaa70690,delivered,2018-07-28 19:09:28,2018-07-30 18:30:53,2018-07-31 12:35:00,2018-08-03 14:12:17,2018-08-31,45bb5ba248ce0878c360173c73263bc7,2018-07-28
3744be9febaa00625c2791f629fb2ec8,4156a0b6e677d6afcaae3cc161af97d6,delivered,2018-04-30 14:15:09,2018-04-30 14:32:32,2018-05-02 12:20:00,2018-05-11 20:42:30,2018-05-24,448e96e262a7de9c37bcdc3a1e04a739,2018-04-30
2a75078fcff2e372b9fbfbed5d5bf5cf,892b8e159d71ad220188940a2d5e0837,delivered,2018-03-31 15:12:01,2018-03-31 15:27:08,2018-04-04 00:32:48,2018-04-12 20:03:35,2018-05-03,85b74e91491c04a146f3b8ca5ab16e63,2018-03-31
8b594e0da0cf5b0a013998575d95b541,2ad0971624d1694b871bf8e7492f8407,delivered,2017-10-02 20:19:39,2017-10-02 20:35:31,2017-10-20 13:00:07,2017-10-30 23:36:39,2017-11-21,a4fc6f506c43912724a730dbdf6155a4,2017-10-02
35761fa89b5d047af6632b23b0cecf01,018445b488e6156c2fbdf926808d7228,delivered,2017-03-22 10:01:56,2017-03-22 10:01:56,2017-03-22 15:05:26,2017-03-24 16:14:06,2017-04-10,61baa5b648de033dc4fb874199efc3a3,2017-03-22
8866ae65c875985acc6fd5772fa8e4a9,79d8872425bf0cea7e133d08e0e45f1a,delivered,2017-11-26 14:29:44,2017-11-28 03:33:17,2017-12-04 15:49:03,2017-12-12 15:42:23,2017-12-11,580ab375a0b236bb0ceb400abb2e0a63,2017-11-26
f75666bf6c9e09f6b3f4bcd797b57a3c,d1aae36e328d1f069a025fcc997aaf69,delivered,2018-06-06 16:41:39,2018-06-06 16:55:50,2018-06-07 13:11:00,2018-06-15 21:07:09,2018-07-20,11db7316e450c8fb9babbd97ff229cf0,2018-06-06
c224a880841d56f37bdae6fe71fb8540,97a2b94eabebd1d79f9ba6ace3ae5757,delivered,2017-03-05 21:23:38,2017-03-05 21:35:10,2017-03-06 13:42:33,2017-03-18 10:57:44,2017-03-27,ffe2dd1f3b0cbf0b5f35e818ec03c49b,2017-03-05
67228f8fd24ee1eaa3f42b406c2339e7,e5cf79e41c1963a080d04d23a5ee851d,delivered,2017-11-24 14:08:46,2017-11-24 16:15:04,2017-11-27 18:44:38,2017-12-28 17:36:59,2017-12-18,1c64d85daf1ebd54fecf21955d6477df,2017-11-24
dead55bea70de58a7eee62d912bce5f3,4fec47453d7416adccd7f7e8f8649614,delivered,2017-12-02 14:25:57,2017-12-02 14:37:31,2017-12-07 12:38:05,2017-12-19 21:28:27,2017-12-29,115dc50e77d72a546af4a9e3aa7ccbe1,2017-12-02
2fb621412f0b757f03ffbb0c47400917,13b36e4dea15139813987e88cf7ed34d,delivered,2017-04-22 12:10:56,2017-04-22 12:25:22,2017-04-24 08:46:39,2017-05-28 06:29:36,2017-05-15,a3bf5edb6dff641e32059b4a873f4bfa,2017-04-22
11cc652169638a4d794c1d0d040ae120,ff382fb3dded5459b186d410201406a4,delivered,2017-10-24 21:36:39,2017-10-24 21:50:03,2017-10-26 20:52:50,2017-11-07 18:24:55,2017-11-14,e91a615e2c0f801b519b36800b687812,2017-10-24
04ad8c8d81d4c6b6936947bfe41c20fd,2922663a56169a375f080ff7454266cd,delivered,2018-02-25 19:00:40,2018-02-26 09:49:50,2018-02-27 15:49:06,2018-03-19 22:58:27,2018-03-22,dee03aff0c23652196c2b40a1e3b1fa5,2018-02-25
a0181d5b2ec99d4706d0da0f42a9ee36,83f81df574cda5fec2157f4c3d112b3e,delivered,2017-06-12 14:00:06,2017-06-12 14:10:18,2017-06-27 09:00:22,2017-07-11 16:51:44,2017-07-19,80bb15d88f363a573f980d2ba9cc7630,2017-06-12
7d10fbd6419baac0e13a8e73d3c69e38,89a38ddd09f8096134f7d22fd190fa69,delivered,2018-05-08 17:11:22,2018-05-08 17:35:07,2018-05-18 15:11:00,2018-06-01 18:42:50,2018-05-25,3771603dd4c501660a60a33415653aa0,2018-05-08
108901afd62abfc81344668ddc554620,ed6d4349ab056f4369bb1441779b6a50,delivered,2018-08-24 19:23:00,2018-08-24 19:30:17,2018-08-27 15:31:00,2018-08-30 22:42:26,2018-08-30,bf999c0a859c35e11fbcd53d4d281e8b,2018-08-24
eabcc26c288f8e0b366520f24014f8b0,b46f53945d890c2f7ab73763bb6fca0f,delivered,2017-05-29 15:42:48,2017-05-29 15:55:23,2017-05-30 08:34:03,2017-06-01 14:47:58,2017-06-19,0f2e0b4dd28e255a8ae9f056a4b7bb06,2017-05-29
fe4d047054ccd209fd41ae16f2f8313b,59c7cd4620d300ef5161fa43d8a02937,delivered,2018-03-16 13:19:41,2018-03-17 02:55:29,2018-03-21 01:58:24,2018-04-16 21:37:53,2018-04-10,1009c9b2978d308c33401a45b465f7ac,2018-03-16
47241d51bf3749ec7ad04962507ac2df,2fed51d62875e0db40423d1324c155e8,delivered,2018-08-03 08:50:46,2018-08-03 09:04:06,2018-08-03 15:46:00,2018-08-04 12:32:48,2018-08-10,1a15478ddcc303eacae38ca53659ef2f,2018-08-03
1aaa23146b41cdd25da482e0b2dd0534,e6022a26468e5fde67d534ec06417962,delivered,2018-03-04 20:02:27,2018-03-04 20:29:07,2018-03-06 03:03:44,2018-03-15 00:52:17,2018-03-22,7a3c32228a5f4e30c013b5a32a403e8c,2018-03-04
a7013426d43f0cb36c5dbe09b84c9f96,5c1394c134bf11d4139e06134c0515ef,delivered,2017-03-13 21:45:11,2017-03-13 21:45:11,2017-03-16 14:36:40,2017-03-21 17:04:20,2017-04-13,f43467d06bb2bef656f877feb1ea2245,2017-03-13
10c33cc597b4da1ef94687ebb8b1e9a7,f85d25e4b97543e9b27adebf61aa8b52,delivered,2018-02-28 11:20:35,2018-02-28 12:09:55,2018-03-02 00:42:36,2018-03-13 19:50:32,2018-03-23,09aac786ae231052593f7d9d37b560c2,2018-02-28
852feac7b3370fb864da154ab60e785c,7dfaaa3fc438c8f928a2f5827f97aa58,delivered,2018-04-12 16:01:15,2018-04-12 16:10:19,2018-04-16 22:22:33,2018-04-23 20:51:58,2018-05-18,14d5f9d63af16ed395cde1745e9749f4,2018-04-12
1bafdeda7fddba2882f1fd3279fab46e,273283a29dfdc13c797ffa2b9c8ea164,delivered,2018-07-27 16:32:41,2018-07-27 16:45:10,2018-07-31 10:10:00,2018-08-02 19:12:04,2018-08-16,ba1e828b59fa27e05c2371b086f8e973,2018-07-27
50efee8af80ee7bee6e41e0e70d58c6c,8147ce6aef8acda5d59a2af3c5ea1fca,delivered,2017-11-26 19:11:20,2017-11-26 19:19:22,2017-11-30 19:15:05,2017-12-06 20:58:59,2017-12-20,b525fc8cce07342fb00ab3b2667c8eb9,2017-11-26
530d6b82444d29e791d959a7c3ce4559,f11542d6ec6877fdcb89dd32e17f71d9,delivered,2018-01-29 15:03:43,2018-01-29 15:18:48,2018-02-02 01:58:59,2018-02-15 17:54:09,2018-02-26,399dc00631718d5b79f3843fa4c54b58,2018-01-29
549a57fb0fe960c37b957ad69afeeba1,6675a20f961c46c11c1ac4cfa5facc41,delivered,2018-03-15 14:25:44,2018-03-15 14:49:29,2018-03-16 00:51:47,2018-04-13 19:27:38,2018-04-11,5145c62d477b346951d4958a4e897104,2018-03-15
5129ce1dcd24682fdfe1ae2561abba2d,b719887f1d49aaa4687be33d3929129c,delivered,2018-05-06 21:32:02,2018-05-08 19:35:09,2018-05-09 11:43:00,2018-05-14 20:12:35,2018-06-05,d021cfede6606f42e73ddd017213fa0d,2018-05-06
a115b098eac626c6386372cbe094acd9,410eacc7fcce2c659f86ff1ebfbff68c,delivered,2017-10-14 18:50:34,2017-10-14 19:08:22,2017-10-18 19:22:25,2017-10-24 18:02:26,2017-11-01,ad1d5665b72f9343ad7f85e842b37b64,2017-10-14
7a30c15d4766a1dcd8e9cb869cdb328e,628c8188fe28ce092be622bf1361acb7,delivered,2017-02-01 08:45:22,2017-02-01 08:55:18,2017-02-03 15:13:15,2017-02-15 19:37:37,2017-03-20,4fd565778fe054e28d5aba1088700075,2017-02-01
7fc039785030ccbe08aab72a58254c42,8ddd164648c824d7250540119f73b9f9,delivered,2017-04-19 22:33:32,2017-04-20 02:45:16,2017-04-20 15:47:35,2017-05-09 20:10:04,2017-05-10,67eaa1bab02626918a70a42099098214,2017-04-19
4d4633c8be12f377396f2f0a4e22df8b,f53cc300a641fb6dc726846bed631067,processing,2017-06-02 12:26:17,2017-06-03 02:25:26,,,2017-07-11,301b27e33e3332ed3e07cce70d197d5a,2017-06-02
a601a8f0f146d6c5689c436aaabfdbb4,4065220eed89fd8ea2f1ba0f8986e445,delivered,2017-04-18 16:09:35,2017-04-18 16:22:04,2017-04-19 15:18:16,2017-05-07 11:52:32,2017-05-15,288bd41dfd87f8bbf23ef5d5bff8293c,2017-04-18
c5b4603b059b6c316075753ec32b269b,5d25688a3db6f9e598d2618320726a9e,delivered,2018-02-06 10:54:09,2018-02-06 11:15:42,2018-02-06 22:17:41,2018-02-10 14:58:40,2018-03-09,ee0f35f6d93e9ede557cf0ed66f67984,2018-02-06
fe92d7d46cd8f245f327d70c50e9c187,649417bfde31b8ccba22d8faf19f15a3,delivered,2018-01-28 21:18:38,2018-01-28 21:31:56,2018-01-31 00:04:01,2018-02-01 22:51:20,2018-02-14,ab0dc0d400ee0c7ee496b4be90bf3e62,2018-01-28
65e8a3499d76b34e02abd0219ac14c4b,81838c1229ff59900c350dfe32061da0,delivered,2017-04-30 21:04:52,2017-04-30 21:22:26,2017-05-03 12:37:47,2017-05-10 13:55:51,2017-05-25,1edfe222c4ca7a1b3c561f4a2d685b40,2017-04-30
a9672550d5c4ea55c2d7979c314ecb08,27e5cdb720c2a01a7a595dc0e29f6b4d,delivered,2017-11-25 14:58:29,2017-11-25 15:11:00,2017-12-01 19:48:30,2017-12-18 19:07:09,2017-12-20,bfa714b5062447fd00773b20629eea03,2017-11-25
8d60c8a11e4eefd1b431f3c126e0b3c4,3e3ccfeb474d77e0c85a7c2cd541dc1e,delivered,2017-07-31 00:53:44,2017-07-31 01:05:10,2017-08-01 16:50:04,2017-08-03 21:04:20,2017-08-11,36150719926e7a6629d0a4adcbb037fb,2017-07-31
baa7ca9c78b858b0b7ce66a7f5774d66,10fb7ec3adaeebffa164e74fbb79e210,delivered,2018-02-22 08:55:59,2018-02-22 09:10:23,2018-02-22 20:25:30,2018-02-28 20:09:56,2018-03-14,b920629c40d2747b6384d0aacfdeef63,2018-02-22
11200294ab90161f54f7effdea8d9466,389dfb5774ff4738514d05e7165f172e,delivered,2017-09-20 12:26:50,2017-09-20 12:37:58,2017-09-20 19:08:15,2017-09-25 14:13:38,2017-10-17,834fb6fbf803ce3a26e00ddae5324764,2017-09-20
a63677aa9aeae51c42728b18555df877,c99b0d13ba87e0a2a17cd0a907cab66c,delivered,2017-08-08 22:59:59,2017-08-08 23:15:14,2017-08-10 13:27:41,2017-08-18 17:28:31,2017-08-31,c27284bd896b69adb3246df8e2c387b8,2017-08-08
56173a7cc04c8e7350ec2fc647c912cf,d3c58deab42f2cd260f84d6f6a3d7769,delivered,2018-04-02 17:57:34,2018-04-04 03:10:30,2018-04-04 17:58:44,2018-04-06 17:45:34,2018-04-12,7ee13600d2ecddb57d72a4d092189215,2018-04-02
059511087f2394ebd55a674537a7c2cc,c5c273dc7587ce40423e6c791c339e79,delivered,2018-02-14 11:42:55,2018-02-16 07:50:29,2018-02-21 18:29:16,2018-03-28 19:38:43,2018-03-12,01726e5d6a88d1a8dffd9578872ce54e,2018-02-14
12e3ba822961de771f16352fe1c11ef7,102e94eaf801d934fefd9861fd6e1ede,delivered,2018-07-11 17:58:51,2018-07-12 15:25:36,2018-07-13 15:18:00,2018-07-16 15:37:35,2018-07-19,ea6a082217695603779c958839cca81f,2018-07-11
a7a401ab772a43f6b5467c96c0d8466f,0faed0807a45b9b4a58b0a9550f281da,delivered,2017-06-15 11:06:14,2017-06-15 11:15:18,2017-06-17 09:03:54,2017-06-22 15:46:12,2017-07-17,eb01e3def5dcad33378ebac15002e936,2017-06-15
82459b5637153cf097d689a943d750ce,8699622eba7793932f43f365601cda2e,delivered,2018-02-23 10:37:40,2018-02-27 05:30:56,2018-02-27 19:57:01,2018-03-07 00:06:36,2018-03-16,a3dc27d87234f862d7e61a0148c77fa9,2018-02-23
9d1f77072af56fc8c0390f8e6f055a9b,abd590638fceea05312db82e077760f7,delivered,2018-01-10 03:07:47,2018-01-11 02:35:48,2018-01-15 14:52:38,2018-01-19 15:13:17,2018-01-31,4c03eb4fe7593bf85648f9eab66670c4,2018-01-10
416481e8a5f360245c85849645837e6b,91c613027d3cd07c35a73748df503df4,delivered,2018-03-22 21:50:13,2018-03-22 22:07:55,2018-03-23 20:04:19,2018-04-09 21:20:47,2018-04-26,09b12abeaeb6d87e19039e1970f3ff1e,2018-03-22
9c32ac1b13a37b06f03369ce3e4bad5d,77a3f425bfe0e078f75c7ae410d5207b,delivered,2018-06-23 12:01:56,2018-06-26 07:13:01,2018-06-26 11:49:00,2018-06-28 15:51:58,2018-07-05,871257e0e32072dabb889d958de86eb4,2018-06-23
449654c058a6cc5502474ed6694b181a,795a8cf14d716bc5aeae503986bd401d,delivered,2017-09-01 12:18:38,2017-09-01 12:30:16,2017-09-01 18:24:28,2017-10-02 21:09:27,2017-09-29,f03d5e98be00d73092b9c8b9c540c6c2,2017-09-01
be6415dd0ae6bbbbd1a4186e22ead10c,2de2bcf503940c1f1a9ebfc58f40c543,delivered,2018-06-16 17:59:21,2018-06-16 18:21:02,2018-06-18 15:53:00,2018-06-28 18:14:32,2018-07-05,02943af04041ca7713d7ef096d5d7a8a,2018-06-16
7e257955fd806152344c4d9a66ac631d,ae4ae7d2047b22e3943ca6a96e1012bc,delivered,2018-01-16 12:57:18,2018-01-17 03:35:40,2018-01-17 17:07:05,2018-02-19 22:17:38,2018-02-16,2e1a55fa833a257c512e42ed04bda44d,2018-01-16
85d957400258b718b1fcaa00249b3041,fa3b91e723f25db883d9d36aba9a580e,delivered,2018-02-04 17:11:15,2018-02-04 17:29:37,2018-02-07 20:38:25,2018-02-08 18:48:44,2018-02-21,e522b9d3a25004b89e5ead099c0e6d6f,2018-02-04
3b81059fdf845de042cb9d6fc78765e7,c351aaba4a76713be694a6f8696eabdb,delivered,2018-06-06 09:52:23,2018-06-06 10:15:18,2018-06-07 12:26:00,2018-06-18 16:08:46,2018-07-19,453325c9a92c4e25bc01d877f49420f7,2018-06-06
bab35d4bee5e00cef20aed6a2cb89dd4,8fbb909a9ba45685555683ea0138d2ee,delivered,2017-07-05 09:08:28,2017-07-05 17:40:45,2017-07-07 17:11:18,2017-07-07 20:12:29,2017-07-27,46f1052e5dd26aa23ff9004b8edb293e,2017-07-05
cdd88fe2cf9ac965891c9fc6b17c9c9c,e5117c3807c2abb93db1519087c179ea,delivered,2018-02-27 21:36:55,2018-02-27 21:48:36,2018-03-01 19:12:47,2018-03-21 18:26:43,2018-03-22,7d33eca1baf255d2c1da4d8da450e478,2018-02-27
76e6542b3b2d6035b0f3948b43f0b9a2,dd00eabc317d5ac9f5d989df09a03fae,delivered,2018-03-13 21:45:52,2018-03-13 23:00:27,2018-03-14 16:56:31,2018-03-16 01:28:56,2018-03-23,f93183366f3053e0c10a540d4ed6440f,2018-03-13
2a00d2a2be8e1f2b07fcfd5e89a66062,ec450a7573a0df5adbc28a426851b975,delivered,2018-05-16 08:53:36,2018-05-18 04:35:56,2018-05-18 14:20:00,2018-05-30 16:28:46,2018-05-29,db50b46239ee69446816252917e9aded,2018-05-16
b28f617a18326c00271c43c29364b00a,a8a5317d28f26fcb8a7ff631c76258a3,delivered,2017-03-16 19:20:56,2017-03-16 19:20:56,2017-03-24 13:38:41,2017-04-05 13:03:56,2017-05-02,67e9a8bd991283cf4e859bef13f38d26,2017-03-16
da9783c64e76b5e0b7352ac97f31e423,f616e57c95fb82067f537e274789919b,delivered,2018-08-08 13:36:27,2018-08-10 03:24:50,2018-08-10 15:44:00,2018-08-15 19:36:40,2018-08-20,bb5e1476ac3d64e403b03c3e20dde8a5,2018-08-08
bba6242d559915fd85087bbba09bf253,6daea2588276f42c6fe7995bcf5c3f5d,delivered,2017-08-13 11:10:47,2017-08-13 11:25:44,2017-08-14 23:08:06,2017-08-18 18:35:58,2017-09-05,0b00fc09617a4d8a384c4a2a3a0cda10,2017-08-13
7ec273502855ec6b503c931eda7b3875,50c6ee98bd317f60e4680b99ec3e0068,shipped,2017-09-23 14:25:29,2017-09-23 14:35:08,2017-09-28 21:20:06,,2017-10-19,4d4c322f24e2e73249d9b0d21cf4e1fb,2017-09-23
95f3615ae63fefb578bbcb55f66fba96,51c6d78b0966e3ea78adb5f8c7be6c5a,delivered,2018-07-20 11:39:02,2018-07-20 11:50:11,2018-07-20 14:41:00,2018-07-28 01:28:34,2018-08-16,159cbfe771924d126a695656c271e385,2018-07-20
99a4238f13a11d486a5eabe5c8b1a1ab,3887e889fec8574f573081115ab2ddf8,delivered,2017-01-23 20:45:59,2017-01-23 20:55:20,2017-01-24 12:19:01,2017-01-31 15:55:11,2017-03-06,2abd1358778a9cc18d04cf7211b799b9,2017-01-23
ee8fe7742870d2710e734ee5b1280299,799d71e04d62e19195822c0157bfe5a6,delivered,2018-04-24 16:56:36,2018-04-24 19:09:22,2018-04-25 15:42:00,2018-05-05 12:48:30,2018-05-17,6fbf3eb20b2ca09450261356c53fad99,2018-04-24
145b20b69dc0b70579d0754a3d26b6af,f6894d747d521f8fb8ca78f54d8327fa,delivered,2017-06-15 19:13:25,2017-06-17 03:25:02,2017-06-20 14:57:17,2017-07-10 11:46:40,2017-07-10,ba4d1a4a2b540edfb2721a5acc6e4461,2017-06-15
969d261a3f4c639b3acdc0ba090fc039,5dcef2fba7e67510cfd99ea3851b58fb,delivered,2017-12-06 10:34:17,2017-12-08 10:33:32,2017-12-22 18:44:53,2018-01-08 18:14:00,2018-01-23,bf70c45cb45bcb6a8a5da6b776f16251,2017-12-06
a67bbe8654df3531b7c870495843dfb4,c3a3a2272d4a506284d12747fef057c7,delivered,2017-07-12 16:19:28,2017-07-13 15:30:25,2017-07-14 19:24:50,2017-07-28 16:14:29,2017-08-03,81392bc3fcef510028c3d42423f730d4,2017-07-12
d71eba34205e5f3291c2360f8c64f5f8,67fbf3bfb27abed847924106a7458acc,delivered,2017-03-28 19:29:58,2017-03-28 19:45:09,2017-03-29 11:43:54,2017-04-04 16:19:59,2017-04-24,f6398411d07718fe15057acc390c151e,2017-03-28
afb67c04593c89865f383745e2993cef,9b9ea842cb5ba1b1053470deb4bd218d,delivered,2017-12-10 20:04:46,2017-12-10 20:14:30,2017-12-11 21:57:07,2017-12-20 14:38:43,2018-01-04,d0e4eb7f19326cba84b20949f1c90393,2017-12-10
1db209fdc128d35605e562a70180dd32,7252087afadee8ebf31ac2706da68084,delivered,2018-07-31 14:45:26,2018-07-31 15:44:23,2018-08-03 10:15:00,2018-08-08 20:30:45,2018-08-17,9b983fb4579a3ac4c22c46d19bea7377,2018-07-31
51ea7d0bdf670aca325bb99bb45c1500,80b5391bb47785a477daf13c1f0641d6,delivered,2017-08-02 15:41:14,2017-08-03 13:35:37,2017-08-14 21:07:51,2017-08-31 15:52:13,2017-08-21,811ef64ca870c801a4b53a40e597e865,2017-08-02
92f97273c78223051feb42da04c49cbe,9d57dfa1766130e4c5f63c2330539667,delivered,2018-01-05 11:19:42,2018-01-05 11:28:26,2018-01-05 20:14:16,2018-01-10 16:09:14,2018-02-07,c262f55ff809f37a63a2884b6eb22038,2018-01-05
42e9b8d9802096afe88a27ff32fb838a,271141b9ce12ac7e646925b1e1bfd4c8,delivered,2018-05-03 18:46:17,2018-05-03 19:10:39,2018-05-04 11:51:00,2018-05-07 20:47:06,2018-05-18,eda82d0eeecb222caac5fdc46120d1a3,2018-05-03
0544030711e50ec2cb6c15764d22891a,9eb585e566edc8b94a17ac5d6076d136,delivered,2018-04-12 17:36:07,2018-04-14 02:30:43,2018-04-17 00:16:46,2018-04-30 21:42:45,2018-05-02,0e850ed5adc4abe0346435eda5b1a626,2018-04-12
e1e39308201436c191f69c423662c648,9e7edf19ba7bff9520a8f9e61ddaa38e,delivered,2018-06-13 19:37:55,2018-06-13 19:59:38,2018-06-14 13:44:00,2018-06-20 17:13:01,2018-07-12,e430b9e1bfd5cdba16a1874769ffc244,2018-06-13
3041108a3798c0b8ce8a9bb8efaaebd5,875bf6eb697869ad0d2cfb512e331347,delivered,2018-05-28 16:45:51,2018-05-28 16:55:46,2018-05-29 14:12:00,2018-06-02 15:28:41,2018-06-13,040a675b82518d9f4eb2f27f18c1802e,2018-05-28
b4dda7b3d122dce657b84478b58668e9,b1afa4fa737f86782c8fe65ed824c69a,delivered,2018-03-17 16:33:16,2018-03-17 16:49:33,2018-03-20 22:38:47,2018-04-11 22:01:36,2018-04-05,174de68ec16be0d357a83bc5b94b4bf1,2018-03-17
7dc5090ee5054f96dc0a04294a7cd3a0,e837cceef191c43656713549271b64f8,delivered,2018-05-31 19:59:49,2018-05-31 20:10:14,2018-06-01 13:51:00,2018-06-12 13:32:05,2018-07-17,fd6e77c2cf473f2f20e58c6e917ecacb,2018-05-31
f3a90b689fbd9cfa13d56d57dba508f2,4b2d705397245b9b0542eb3f31034dae,delivered,2018-01-07 20:51:09,2018-01-07 21:07:51,2018-01-10 20:36:13,2018-01-17 00:43:32,2018-02-05,923f4df9b9af64d1a99b902786f301fd,2018-01-07
730c3e860f9093d6f58e4e08e3f9175d,a0dffc3bf579e805942c0ea91ec402cc,delivered,2018-05-14 17:26:10,2018-05-14 17:35:22,2018-05-16 08:14:00,2018-05-18 17:51:38,2018-05-29,9eb7c5a50f76d3c9e043b521f2b6b02c,2018-05-14
9761d4d539165b2fedae19fe7d0f8cc8,85ba38b45737f1883ef0d242a0274b17,delivered,2018-01-07 20:48:49,2018-01-07 20:56:20,2018-01-08 19:25:15,2018-01-16 14:38:46,2018-02-05,f49c3ad9a1e9dddece89ba0d8840467f,2018-01-07
18c14405d85b9ee6e478d71514276be4,ec37a7901c9065e7e37c21cc3b983195,delivered,2018-02-01 07:47:35,2018-02-01 08:10:32,2018-02-02 17:12:32,2018-02-08 19:15:00,2018-02-23,df7e5b52ece84986c61c1a6b3bf12861,2018-02-01
f59c32918a7251cf643f2ced55337569,2dcdbc3e17977ce359451db205757e9f,delivered,2017-12-14 12:38:04,2017-12-16 02:35:28,2018-01-09 15:22:50,2018-01-24 15:59:03,2018-01-19,3ea94e1a7a41a5e2d4f6cc8544a67ac1,2017-12-14
459bd994d763c947704bdade13eab6f9,4a7c4ff854f50db8989ce522597bf6aa,delivered,2018-04-06 17:25:36,2018-04-10 03:55:31,2018-04-12 16:51:44,2018-04-13 16:48:43,2018-04-18,d2a5c80fee19389e058d5808f560700a,2018-04-06
e1846d3c84aff4227b6955ee288df284,32e996fb9133ec148b1feb82188415b8,delivered,2017-03-16 10:22:52,2017-03-16 10:22:52,2017-03-23 16:21:00,2017-04-05 17:16:36,2017-04-10,6aab55340c510f7f0a88f84441cbccf2,2017-03-16
f491c8a7d687daaf24c15726af6477b7,f694b9863f4fb1282edf4758847ca86f,delivered,2017-09-05 14:30:22,2017-09-05 14:43:54,2017-09-05 21:22:32,2017-09-06 19:54:58,2017-09-18,57e9d3f00e6e6997b82680518628fe89,2017-09-05
16b812958d1a00bb75c3256b05b5a632,eb33bee09a3f5351b344d6c73cd74c52,canceled,2017-11-21 18:20:28,2017-11-21 18:28:23,,,2017-12-01,39e441e925537ef195f789be824ffc07,2017-11-21
9af102143a095d583da618988ffd3557,02181664d4e1d58da55ec4e8e1185eda,delivered,2018-06-09 20:12:15,2018-06-09 20:31:17,2018-06-11 10:38:00,2018-06-15 14:33:31,2018-07-12,ac36fa41f71433d69a00408d53bdf950,2018-06-09
dd0bea5264dc96c52500ff22a23655e8,387db65606f00fad77963367a9d52c1c,delivered,2018-03-08 22:02:41,2018-03-09 00:43:51,2018-03-09 19:38:47,2018-04-07 00:08:33,2018-04-04,bf0630cdbb318bda61f16449fd235308,2018-03-08
ceb7c08202398e1199531a274b1e9922,72556734b42bbe174271149ac8ce85e6,delivered,2017-10-02 17:32:29,2017-10-02 17:49:13,2017-10-05 21:09:47,2017-10-11 19:46:35,2017-10-30,a5a5874771d6f2d23d5e6134e2dc8015,2017-10-02
6de62f929c2967a3932bbfe43a85b0fb,8fb1b586f6b3bfa71bb81ecd969389d2,delivered,2018-08-24 14:48:28,2018-08-24 15:04:40,2018-08-27 14:39:00,2018-08-28 22:38:36,2018-08-30,c2867e419f7aabfda8dacb61bac0802a,2018-08-24
75f227ab43795be91bd8357ab627bab7,2e340eef5abc1db3fa25f9c177b12112,delivered,2017-11-24 22:04:54,2017-11-25 01:31:38,2017-12-01 00:18:02,2017-12-04 22:38:51,2017-12-08,18b82e6663f45cc797e66ad725da9207,2017-11-24
d6e799956c4b0814dc3e01f0a72108f2,3bab86bebe210d7ed17264e0ef1c6ad6,delivered,2017-11-24 13:06:26,2017-11-24 15:14:41,2017-11-27 22:28:49,2017-12-13 21:48:33,2017-12-21,ef0c67ecb8ab048fba19a93bc2930302,2017-11-24
91d1bf2b7745903cb0d17162d1bbd750,064064dd94c43013786fc1e1a14d6374,delivered,2017-01-21 21:58:35,2017-01-21 22:10:13,2017-01-23 14:48:48,2017-02-01 21:57:36,2017-03-06,00115fc7123b5310cf6d3a3aa932699e,2017-01-21
3457d1d203987e3898c4516a101b5d36,31daf8e66598a2f00cb17b58889f9eff,delivered,2017-07-31 16:38:55,2017-07-31 16:50:16,2017-08-02 06:56:37,2017-08-22 16:32:46,2017-08-16,52835c43abec0d5b16a12996e65f91d4,2017-07-31
d53c5f1bf34ccafbdf3606104e7c1c8b,e747a1f3f5d2a25522b4d67db7cc6a13,delivered,2018-01-21 16:06:23,2018-01-22 13:53:13,2018-01-25 19:59:09,2018-01-30 20:15:13,2018-02-23,5c5ebcddcf017f5536c19c8e3c55da4e,2018-01-21
26468ef199f961b657bd9411810b80ea,0d3bc44d03120f413b33f62f0037d1b5,delivered,2018-07-25 14:02:22,2018-07-25 14:15:18,2018-07-26 07:27:00,2018-07-30 23:03:54,2018-08-17,3ab5f644490e3bd3a743ca4e43710859,2018-07-25
b94d24bf7142d13c25cfeb9804843d6f,323df320706fa4a1169889c343831762,delivered,2018-02-20 16:15:57,2018-02-22 02:08:52,2018-02-28 02:47:34,2018-03-05 20:33:18,2018-03-12,10eb42ac58a65967e9448c1f0e6d6679,2018-02-20
64c1c186ea1673374b460f9bbfbb079f,6ea7b70c8bf8bc5d2d162d5b8eb8b2eb,delivered,2018-06-26 15:03:09,2018-06-26 15:16:22,2018-06-26 15:59:00,2018-06-29 20:51:53,2018-07-23,d3454475d38ea0971c2aa9c067122c1a,2018-06-26
1a5d26539a8b09797d607fea0d449412,f2f77a190f7182c1532c83cd0c32f6b6,delivered,2018-07-02 19:54:04,2018-07-02 20:10:18,2018-07-03 15:14:00,2018-07-04 15:05:49,2018-07-16,6f20c62564607bddca39c54e9ca5af9b,2018-07-02
c1649e916cf1080b2c01bbb3f6078999,2d18f5f3edaf5917470725c0df115eb5,delivered,2018-02-07 13:23:00,2018-02-07 13:30:42,2018-02-08 22:47:38,2018-02-20 21:20:03,2018-03-05,591b0522f0cbb32a5b918de853198a19,2018-02-07
01643942766bdec224d5593041f714e6,35b6010ad8b185e27365ae8366cbb76d,delivered,2017-08-05 00:17:35,2017-08-05 00:30:20,2017-08-08 21:57:41,2017-08-22 19:04:14,2017-08-31,e31b80f478df67bee358c8d799deeef7,2017-08-05
15764eae87fb040c4ce2bf75f6670a77,ee2d4819ce761bd16ca6692f879caf14,delivered,2017-09-28 21:20:56,2017-09-28 21:28:23,2017-10-04 10:48:50,2017-10-10 17:33:21,2017-10-23,2b8de040fdd95ad2c9e6cacaf98c5644,2017-09-28
6113734f28c4dd1490de62945a9adf43,9c8f4989367caf5cc9fc08254f3ef547,delivered,2017-11-29 22:59:41,2017-11-29 23:17:58,2017-12-15 01:33:19,2017-12-28 19:39:05,2018-01-15,a3bea05cbcaa80cf5d0028fdb243bc26,2017-11-29
d631ccd9440f35c118e56f598ebb0261,24e440e12a72cd7915b6353c325e9305,delivered,2018-03-08 18:54:17,2018-03-08 19:10:27,2018-03-09 19:06:24,2018-03-24 16:44:34,2018-03-28,b67f9a69da4ca575ca6e9206afb797f7,2018-03-08
44a95b47b4bdb74a2bb1b947e9070e2a,ee3b4b2a37bfecd113a6095902de1b0e,delivered,2017-08-03 07:27:17,2017-08-03 07:35:14,2017-08-03 20:43:41,2017-08-08 18:53:01,2017-08-28,1b9b716b2ec99bd330c1807d54418b46,2017-08-03
8d8ab471d725805f57571b24aaf78b8f,7fda493f747b5ced48e6f6851c22b21e,delivered,2017-04-27 17:36:40,2017-04-27 17:45:23,2017-04-28 09:14:14,2017-05-12 12:47:50,2017-06-06,fb88ebab2021f2706997dbf98a6790f5,2017-04-27
39957e768826f84b5506dc5b3ca8f655,5537c8febb893720bae2562e355075bf,delivered,2018-01-17 14:17:42,2018-01-17 14:30:00,2018-01-18 23:22:39,2018-01-29 17:34:15,2018-02-15,7123154e5a2eab45f13bcaa49955a67f,2018-01-17
371c8cf0e8b96be301f7c2648b9846e3,89ff417fc7831dcf69332bb5945e5a83,delivered,2017-03-13 17:11:30,2017-03-13 17:11:30,2017-03-14 10:51:07,2017-03-20 08:53:50,2017-04-03,ccaa4459105c07d60df11ebba645f166,2017-03-13
2ec431d5717503cb73217f7f1e748781,02f5bb96a7c684c31294d541b6723828,delivered,2018-01-18 20:37:48,2018-01-18 20:53:44,2018-01-19 16:54:27,2018-01-30 20:08:51,2018-02-15,cf721437ee1130e5bf25d1ab37f01d85,2018-01-18
67976860fdf683e7bdb13c4f907a982e,750bda3d846652e304dfc5f3914dd8b3,delivered,2018-04-04 13:42:30,2018-04-04 13:55:09,2018-04-05 17:46:43,2018-04-09 15:19:32,2018-04-25,31397f2849beb9c2f87b601ac5745c00,2018-04-04
2706b6af8a8845d261e9f79645138452,cce2973176e8b8a2ee3379279bcab6fd,delivered,2017-07-12 12:17:25,2017-07-14 02:15:31,2017-07-14 18:18:35,2017-07-25 10:05:40,2017-08-15,1f73b8d96eb1eb055c97e35911faac36,2017-07-12
6c0447fe1bac68a50c405d809f5f625e,e4d1452e6713caacf00e87872658b882,delivered,2018-08-14 09:52:56,2018-08-14 10:10:19,2018-08-14 17:10:00,2018-08-18 19:56:26,2018-08-27,0cc3328cc811e8905b954c2842d24098,2018-08-14
1cd147d1c0fe18f3b742a353396c44a7,b28dc057a0489d3bacc53eab4fa4d2bb,delivered,2018-08-20 17:04:34,2018-08-20 17:29:29,2018-08-21 15:33:00,2018-08-29 16:41:59,2018-10-04,c32c120fa230c291ecc017406aa2f39d,2018-08-20
4e0b292febe7dba9150bd618a5e49149,4d570d0d24e599a73d2335c82aa2a5c0,delivered,2017-12-12 16:24:21,2017-12-12 16:35:44,2017-12-13 19:03:07,2018-01-05 14:03:43,2018-01-08,3c702760fe3c149207ea8a3dc56f7d44,2017-12-12
75674608f3fd582a5d47385912f8aaf2,98999b0297379e3d3546368b6b8910fc,delivered,2018-03-10 22:53:51,2018-03-10 23:08:07,2018-03-12 13:48:37,2018-03-21 16:38:55,2018-04-27,d58c6ac96aca0170f8b5b7f7a1f6fc0f,2018-03-10
e298159aa5f22e9d556add24a66be952,a20f368d4aa1abfd95ddf1619a7ad1e4,delivered,2018-01-26 14:36:23,2018-01-26 14:59:01,2018-01-29 15:27:33,2018-02-01 03:03:48,2018-02-19,356c2a2edf34ce811f5d75d3a48d1632,2018-01-26
1bb197bb1c2e1350cb9937b1356ad184,abd2006bcbd417ea5d1d6356d76bc39d,delivered,2017-11-16 13:13:59,2017-11-16 13:31:03,2017-11-17 21:52:12,2017-11-25 16:27:13,2017-12-06,e2eda88ae410231e91fea94e997faa4a,2017-11-16
7ab41e111c9259cb0c56f80621a6ebf3,b9e243ad4599340ba74a7a68aa23a300,delivered,2017-07-15 19:10:59,2017-07-15 19:25:16,2017-07-17 19:12:07,2017-07-20 22:29:26,2017-08-08,7fb2a29f855d234cfaf07b7d594be02d,2017-07-15
a09e47caedbb9a7731f26449cc31e7a8,7118d48dbf62a0d8fed566607cd5914e,delivered,2017-02-26 20:07:26,2017-02-26 20:21:48,2017-03-15 07:42:12,2017-03-20 16:12:13,2017-03-28,e10a7142e90cbd8409143d5e5e2e1245,2017-02-26
0d66368d8615f7b306db970f3ba475ee,d5c4b58a55c169788888d911886912ac,delivered,2017-09-10 10:18:06,2017-09-10 10:30:28,2017-09-11 15:18:05,2017-09-12 22:39:39,2017-09-21,bc644a9f7c63f64ed38dd63229571e8c,2017-09-10
94ffe890849e36497cc049800e759c0e,aa07afb08389cfb0feeaeb2f521b9f7d,delivered,2017-06-02 20:43:42,2017-06-05 17:22:31,2017-06-06 14:21:04,2017-06-14 21:46:44,2017-06-23,267fa579eaa7f06e13741936dbb4b957,2017-06-02
b6fdb0554332e6bf06894ae00ce7dd1c,6b8e5cf603043b09c920fe9e34ec57b8,delivered,2017-07-04 13:05:01,2017-07-04 13:15:16,2017-07-05 15:04:07,2017-07-06 13:03:24,2017-07-17,b80be3cee2104ccdbd49fd839eba4b9b,2017-07-04
68a55342d14fa00a20d909260f000545,23f9582cbdd62edff6099975c8266770,delivered,2018-01-28 11:43:26,2018-01-28 12:00:31,2018-01-31 16:21:41,2018-02-14 15:39:35,2018-02-21,d9b07896bc36018258f805d71bcbc810,2018-01-28
05408ed33df5e0bbf70d578dbdca2f29,4c33cd096ac1e26aea9bcce5306684ee,delivered,2018-07-26 20:01:37,2018-07-27 16:45:16,2018-07-30 13:39:00,2018-07-31 16:18:24,2018-08-02,48527a7dddae8927c8b9827dde17b61a,2018-07-26
aa4f33b236ebf41f573308022ef7496b,5c26e0e4ce3f4010770fb5a3137dee77,delivered,2017-07-18 11:03:26,2017-07-18 11:15:19,2017-07-18 19:39:46,2017-08-03 22:49:31,2017-08-09,4d430c2a858d49869677e31351a1d891,2017-07-18
9839e5fe0b943a8fc98862b6e4e88b1e,955e5e01b663821b073ce24543a5c50d,delivered,2017-11-29 14:32:51,2017-11-29 14:58:19,2017-11-30 21:32:03,2017-12-12 19:07:56,2017-12-26,87e06e0feb17254a694cb2892d0758ca,2017-11-29
f217ef35505a16b5b577f5ba98195332,10f9523277057450c5c9fba7adfde3ec,delivered,2017-08-31 12:48:53,2017-08-31 13:04:26,2017-09-01 19:30:08,2017-09-21 18:04:03,2017-10-02,ab12053bfc5357ff58ac49dbf80c9fec,2017-08-31
a522b7580df244e07961a4c4975f9824,9a775cf29c23851d803a901003b591f7,delivered,2018-08-12 16:26:59,2018-08-12 16:35:19,2018-08-13 16:04:00,2018-08-22 04:46:44,2018-09-10,1f3bbb22d9ae7c8c560c0fe6bf56ab04,2018-08-12
8d09be7463c1efeee8b602d1f0d3bf50,e06e23fa2dcc206f900b4935976b6e9d,delivered,2017-07-29 11:35:44,2017-07-31 10:05:46,2017-08-04 16:22:21,2017-08-11 20:03:48,2017-08-28,874c87a681bff2d12d0bb461442e0a93,2017-07-29
43b0f3918e48dcebe9582038c9d4d466,d28b15d0ca6eb62f7a41a4ea928349f1,delivered,2017-10-22 14:36:12,2017-10-22 14:49:41,2017-10-23 18:33:31,2017-11-06 15:33:02,2017-11-14,b409bb002749df6f80aeb379ee9b2c76,2017-10-22
1344126e856cc81fd0a3ac3bf95168ef,963366b61f65e7468506fec284494bf1,delivered,2018-02-26 16:09:56,2018-02-28 09:56:03,2018-03-02 19:36:57,2018-03-24 12:26:52,2018-03-22,4be79b1ff8bd2255021c80c3bf64af62,2018-02-26
88a82da4cb2eb4723c9965285fe826c9,cca5d26d25eee25b59a3f801a6fe855e,delivered,2018-08-10 13:37:19,2018-08-10 13:50:19,2018-08-14 13:16:00,2018-08-20 16:46:59,2018-08-27,71a92fd3087501bcfba6e6e1ef7e8fd7,2018-08-10
b197c69f9dfbfc27ce0254caf81ea16c,16c38e4b6dac7b5e16a19abe1e10a009,delivered,2017-07-12 20:43:16,2017-07-14 02:26:03,2017-07-14 16:55:02,2017-07-26 22:24:56,2017-08-15,0b6fd6a869a0b5cba9a4b8092ebdf78d,2017-07-12
f098ba607d20654e7e6edc6be7c742d5,31038e2eab5d5bf9c42e0f56d7251b81,delivered,2017-04-12 19:29:56,2017-04-14 02:45:29,2017-04-17 07:48:18,2017-05-09 11:43:00,2017-05-11,04b9a14c0f0e107453338b7d85ea15e0,2017-04-12
3273805a17a78c15811a6feb489662fd,5902a1f2ea205de385670535ffd5e0a6,delivered,2017-03-07 16:07:57,2017-03-08 16:15:20,2017-03-10 16:21:44,2017-03-16 17:34:47,2017-04-04,90d0fa4eb67598633d167ebbdecae37d,2017-03-07
65f9be44b39d121b9f03120ae4ceef73,b83aa8732c6dcaf653e111d52ebc91f1,shipped,2018-01-04 16:21:45,2018-01-06 02:08:27,2018-01-10 19:41:33,,2018-01-31,42d2b957a53f0240c81dee35a2463059,2018-01-04
7d1368ef7cac9199c5f7372a8e356651,789eeb5078bd3aab288abc06b986fb11,delivered,2017-04-05 15:34:11,2017-04-05 15:45:18,2017-04-07 14:06:11,2017-05-22 15:37:56,2017-04-28,a8fb983cadca8862b78741d5165bf8cc,2017-04-05
d522bee95569dfe88b8bdcf435db31ab,0f7fa9801629cabf77e67ff1713ffc0f,delivered,2018-02-23 15:28:47,2018-02-23 15:54:21,2018-03-01 18:46:57,2018-03-14 23:51:40,2018-03-21,577ee402d3dbc1d81c8856d6e81ceabf,2018-02-23
6c6d1b045ed162d4a8fcee338027f79d,3fbd3e4c9da144d5d3c5a72a5b18cfcd,delivered,2018-04-11 11:42:27,2018-04-13 12:49:56,2018-04-19 22:46:42,2018-04-20 23:11:54,2018-05-02,2c99ffe9422281270e942cef6aa3d0be,2018-04-11
1079ee0942568d7c4778bad8d4192e0e,88b70dbcdfd14e8ddbff6db130096c3f,delivered,2017-06-05 22:02:18,2017-06-05 22:10:21,2017-06-07 16:16:35,2017-06-14 13:39:01,2017-06-26,e10b68125f54adc15562b1fa412e655a,2017-06-05
50d4841b3862d054baa9c3542debc835,f73ba2f6504b138cbbdbdb94ca2d28b2,delivered,2018-03-20 21:10:37,2018-03-22 02:55:32,2018-03-26 21:08:40,2018-04-05 22:03:24,2018-04-17,98a106eefec95f1b7c226d7944f813e5,2018-03-20
a7e472861dff35474ad24bb91b562095,401dfc928a236545996d042beb1bff83,delivered,2018-04-27 08:44:30,2018-04-28 02:51:32,2018-04-30 14:23:00,2018-05-07 19:12:24,2018-05-28,4b9e570424d13ae4d3cd7d1fa491918e,2018-04-27
de7038d8608ce7f028fe6a2ccd44c8ce,e8c1b946bba51e3d1a360289a89c9913,delivered,2018-02-03 00:55:15,2018-02-03 01:41:27,2018-02-08 20:18:26,2018-02-22 20:08:59,2018-03-08,6e7c3954d5285da48f17776b6dce4127,2018-02-03
f26fa27bb0f1337c570d70e32fc2e413,d8d77a2b743c3bb40884334bb157954d,delivered,2018-07-12 16:22:47,2018-07-12 16:30:18,2018-07-19 16:03:00,2018-07-24 23:40:44,2018-08-07,18b2874652ddd2664ae6072423ead118,2018-07-12
96519c210f6dfe22f8e85cad134443ae,a7970e9bcf747a903cb55978d562af76,delivered,2018-08-23 11:07:23,2018-08-23 11:30:30,2018-08-24 14:10:00,2018-08-27 18:38:50,2018-09-05,f76b64c64d5c95d10ec203542b2f827c,2018-08-23
6b24cf0591948a0a949ee51131cb78ad,ac7c0515474bc3f9cf19474ee4d228eb,delivered,2017-08-29 17:42:10,2017-08-29 17:50:20,2017-08-31 19:36:58,2017-09-01 21:44:19,2017-09-13,2e84e96b60a44cf2226f416f7b56d031,2017-08-29
d5027313478d5f0f54b719e6f96d095f,44b6e4637c442ca2e33a5fc2b9b7a339,delivered,2017-09-27 10:03:01,2017-09-27 10:14:22,2017-09-29 16:58:49,2017-10-03 20:43:40,2017-10-19,12d288898b476b5eda179228c5d54f83,2017-09-27
0945dadba69dad599e42c31e78450de4,be33968269bf8c51037b65cdf4edff1b,delivered,2017-08-29 15:20:56,2017-08-31 02:35:33,2017-09-01 20:07:41,2017-09-25 18:10:20,2017-10-10,905d074d367922a5b2a7b828108a8941,2017-08-29
231f6725cc4f33c7d2473e21240e34fe,75bd6ebc264758fa7ce7c528efb485b1,delivered,2018-06-29 12:51:35,2018-06-29 13:11:04,2018-07-03 13:30:00,2018-07-06 15:48:59,2018-07-16,632047ed3e9ff272398913dbe8183492,2018-06-29
099a55045696dde09f58f62e8e82a542,66358fc9282c24ef2163204d1803774a,delivered,2018-05-27 18:29:11,2018-05-27 18:55:04,2018-05-28 13:06:00,2018-06-13 14:58:49,2018-07-12,d06273369ff5483c3f75f49d621eccbe,2018-05-27
7fa3d4b04565f46b2457bb270e06eea6,bf6ecfa386881dfe591b4ff4b7647db0,delivered,2018-02-14 18:29:54,2018-02-16 07:50:52,2018-02-16 20:56:49,2018-03-19 15:39:01,2018-03-19,096f5b507bef15095ac995aa2b720a33,2018-02-14
764d3a4ee7946fa483cc1b7c66367ee6,bb398e7f86eda7b67ee4116824be20fd,delivered,2017-11-14 20:34:19,2017-11-17 04:15:39,2017-11-17 18:09:20,2017-11-22 01:22:09,2017-12-04,cb6eb4e06104e8902288c07ff4224c28,2017-11-14
cf5e115a19c54f0457aa4c00fb88ae63,8ef1ad0f471589d02f59c9d914b030e1,delivered,2018-06-06 11:59:53,2018-06-06 12:12:56,2018-06-06 17:28:00,2018-06-12 17:08:10,2018-07-13,295c05e81917928d76245e842748184d,2018-06-06
57b4c69cb74d5d045bb362aaf7d581b3,fc123cbe955921c43c155ea23b0214a3,delivered,2017-08-15 17:20:48,2017-08-15 19:31:23,2017-08-16 21:48:41,2017-08-17 20:34:38,2017-08-28,068a41902767c548e7ad3d372c5833c8,2017-08-15
dca3b709f4c0389495cb4fa1a063440c,e672223579b2241f67b57c34d7aad49d,delivered,2017-07-19 18:22:52,2017-07-19 18:35:23,2017-07-28 11:32:45,2017-08-02 19:54:55,2017-08-08,db3f7696bd3e4d37154c016633fe1779,2017-07-19
49bf7e68b5263b604955ac02aa4fbb9a,625c9edc2789a4f2d40a660df7d69b5c,delivered,2017-07-29 23:42:30,2017-07-30 00:43:37,2017-07-31 20:07:06,2017-08-07 21:09:04,2017-08-24,494f1f463bcd36a662f93567af509cbf,2017-07-29
3bb674c130836b55a540f493a9dde774,98261b9ec4a93f00af07fb130ca45f3b,delivered,2017-02-08 15:19:13,2017-02-08 15:30:21,2017-02-10 07:11:21,2017-02-17 18:21:36,2017-03-07,c524a85ef976ea8cb649f6da21c98d85,2017-02-08
4cfd9e02ecb9bfecf560fde716675e87,285c88af7e1c25b0894b354f52f5da1f,delivered,2018-02-20 14:01:47,2018-02-20 14:15:44,2018-02-24 02:05:04,2018-03-09 22:28:29,2018-03-21,174d114447c90f6f84758e75a1caa1ae,2018-02-20
7907fd0ffa8e1d3235f7d764ac286263,d50290d0ac6382f5ed302613d03548f2,delivered,2017-09-19 10:26:27,2017-09-20 02:24:25,2017-09-20 21:43:52,2017-10-04 16:41:45,2017-10-18,9ed7f8da8e35097cc144f605670db5e7,2017-09-19
c86cd0844d36479f7e7adb1edd5e59d3,6e2e17641815b48dd565b5c6506a4891,delivered,2018-03-20 17:23:39,2018-03-22 02:50:06,2018-03-22 20:48:34,2018-03-29 23:19:49,2018-04-06,384d6654ad80e9f1426b7a4ef9e40997,2018-03-20
9c42ac16775e4ac28e09a13003f10eda,0332dcf396bf54bbc8e16e5e7c4c8d84,delivered,2017-03-22 10:40:00,2017-03-22 10:40:00,2017-03-23 12:54:37,2017-03-27 13:14:23,2017-04-26,a3cb4d6aaa32872790f1199b217eaa3c,2017-03-22
bec4a00fded3bb4851983225c621183c,7d808acff2a20a9eb882b2f7a551e987,delivered,2018-04-29 13:20:52,2018-04-29 13:35:14,2018-05-03 14:03:00,2018-05-15 20:44:35,2018-05-25,b0d862937d1229af5e9feb9bbdf77e1c,2018-04-29
9b31411d9c1c41009017a1c0a06ce069,090714c98b63c1520d2e5150bf6c4f5c,delivered,2017-09-09 22:45:28,2017-09-09 22:55:19,2017-09-12 16:13:54,2017-09-21 18:08:33,2017-09-29,9ed172a6d7193653699555d95b34ea91,2017-09-09
ded9b5ad95de67a5c760e7941c8309c1,af53cb36eff709464404f2d00c290c41,delivered,2017-09-12 12:34:13,2017-09-13 03:25:01,2017-09-14 19:59:39,2017-09-27 16:58:08,2017-10-31,539c2ff1d3e3c1e4c167dfc3df332f3c,2017-09-12
9d37b4cfbb7cf24c2397f41803927b9a,1dd772d0efe564f57a787c82c5fcdd87,delivered,2017-12-05 11:36:34,2017-12-05 11:57:47,2017-12-07 21:09:22,2017-12-28 16:17:18,2018-01-03,be910850e16a07b8ef89bce483e5600b,2017-12-05
8a5fc33c79bf3f4d9bbcc3dceb6b67c4,b20ebfbab3478c59ce34f43e4c26feaa,delivered,2018-08-09 20:07:20,2018-08-10 15:45:36,2018-08-13 15:35:00,2018-08-18 12:36:48,2018-08-23,ef75cea9de0fff5f5752c6ba0d2f242f,2018-08-09
4669128c3280c4b2c99e4de410143681,8d9e0f2f8da28d693bda0da41529bbc8,delivered,2018-07-04 08:08:35,2018-07-05 16:27:27,2018-07-05 16:08:00,2018-07-13 18:08:44,2018-07-30,d8dd2cd7e16c2546bb8d0f1ea648da3c,2018-07-04
55ef70439e782ff2c553a03782800960,fe66267e4df233e7c2e72938df4dd8fd,delivered,2017-07-12 12:23:35,2017-07-13 03:03:58,2017-07-14 18:59:41,2017-07-21 18:33:16,2017-08-10,fbcb6055939c32e8772445388c64b37a,2017-07-12
b1a5d5365d330d10485e0203d54ab9e8,f0ac8e5a239118859b1734e1087cbb1f,delivered,2017-05-07 20:11:26,2017-05-08 22:22:56,2017-05-19 20:16:31,2017-05-26 09:54:04,2017-06-12,3c799d181c34d51f6d44bbbc563024db,2017-05-07
ce30373e8d97c7fc959631b6224af95f,809bd95c2a1c148967634227e843316b,delivered,2018-06-02 21:24:44,2018-06-02 21:35:15,2018-06-04 17:19:00,2018-06-14 16:05:25,2018-07-16,5f49c05291e2c5b88dbe730e3c649c68,2018-06-02
c7ede3b9252c5a1829219f21817a846c,230000e13e6a4b51c5ffa72c79cf9dcd,delivered,2017-09-29 14:44:17,2017-09-29 14:56:13,2017-09-29 20:14:41,2017-10-07 00:09:55,2017-10-17,30ac14da36a10738ea4a5db76c08bfd7,2017-09-29
73445fb704124d3a8fd5b74bf0e65e28,719e0210593a727724e7ba5cb2fbf4e4,delivered,2018-05-03 16:24:34,2018-05-03 16:35:23,2018-05-16 09:20:00,2018-05-21 19:24:43,2018-06-04,79e7fd2c533449ca31bb168d59de469b,2018-05-03
2e861c28dbcf6a24d299aee0966d317b,6b823e3f6bbe648e82c15939d5659652,delivered,2017-04-05 17:01:38,2017-04-05 18:02:43,2017-04-06 14:49:38,2017-04-15 09:13:34,2017-05-05,06b37045ba2773b8ce1b3d27c94d3e3a,2017-04-05
32fdf0a2dd2215ae2db0580d82e792dd,638c0e3d52a0694cbb2a923981ebe974,delivered,2018-07-30 08:41:26,2018-07-30 08:50:11,2018-07-30 12:32:00,2018-08-02 16:12:05,2018-08-23,3d1cd211ba069a73ccc4d17dcc8e5786,2018-07-30
150d0b8f9129df81f8190e24c9254477,35f895b0df1f9b6ba0f64e1d7c0874c0,delivered,2017-05-11 10:49:52,2017-05-11 11:05:15,2017-05-15 09:45:52,2017-05-18 17:08:56,2017-06-02,8476f20594a14e575f2a2cf36c29916e,2017-05-11
7dba3fad5219968d9c9d8e03aa43bb35,8c83eead8d1d109caebbbe3347f82326,delivered,2018-06-26 17:08:43,2018-06-26 17:35:43,2018-06-28 12:08:00,2018-07-03 17:56:55,2018-07-20,52ad0ec1c1f4c5e1c1d0698de88b6277,2018-06-26
5570dc7d80f99aa07875d9bf7f1db998,fc41187c9c3dace19e633b4895d6bff0,delivered,2018-04-28 22:28:57,2018-04-28 22:53:11,2018-05-02 12:26:00,2018-05-10 16:48:27,2018-06-04,9b6ab2cceda2f18fc48fdf63c22af4ac,2018-04-28
2c12150c742ae2fa48bc703964c16c5f,ab0cf72dfe0538a63a57d6905ccb7b57,delivered,2018-07-28 17:55:27,2018-07-29 18:30:31,2018-07-30 14:54:00,2018-08-03 17:46:46,2018-08-16,8c3c961a52bb5a0ffbce1d4e6d25cd67,2018-07-28
623125bebed45c5fb349862e0913dcf7,26b2ee1971376db4853f8a660c9a3f30,delivered,2018-03-02 08:27:39,2018-03-02 09:09:52,2018-03-02 18:03:37,2018-03-06 00:06:52,2018-03-16,7b4a13609c466305540b6f4f416856b6,2018-03-02
eedd2c731f831901b30f93fdc7416ec2,3842b8b3c6817109793631ab63ce7adc,delivered,2018-05-16 15:22:57,2018-05-18 02:14:24,2018-05-18 09:50:00,2018-06-01 13:29:04,2018-06-07,819856d53299f1b52b0af47ad2ea6951,2018-05-16
be5d9df3cb44dbb469a80581ede808a2,353aa71e2ad73b4ef96748be41c1b9e0,delivered,2017-09-08 11:27:46,2017-09-12 04:50:36,2017-09-14 20:09:45,2017-09-19 16:20:13,2017-10-03,506269f55456aa4942ff046f924b17fb,2017-09-08
5c471caa875ddfd18797d03a71bb3bd1,d20aa42485318f592100ebbe9ce180ec,delivered,2017-12-13 11:16:06,2017-12-13 11:30:54,2017-12-13 23:41:30,2017-12-21 18:33:44,2018-01-08,fefa5385f7ccc46b5b43cd8b6914d44e,2017-12-13
fa6b2d45eec5e550786c4adf6de7303e,c0dc942054a88df8c95158fe2667bb12,delivered,2017-07-15 13:04:21,2017-07-15 13:15:22,2017-07-18 15:53:28,2017-07-25 22:44:29,2017-08-04,764ac9e929632c4cc0611fff3d9b2c21,2017-07-15
eaa950f3b3db6c1a8f5d884992a997c0,94abeca9046cd53c28184824e6b06c7b,delivered,2018-06-26 15:06:22,2018-06-26 15:16:24,2018-06-27 10:41:00,2018-06-29 14:04:59,2018-07-17,4e98af73b25c9d5f8494e2dcb6317ac3,2018-06-26
1b1f17c2de0133ed4abe3d3b38f84f30,20235a2b591b9d7b3f37c800c56a0062,delivered,2018-01-07 23:59:40,2018-01-08 12:27:54,2018-01-09 21:19:10,2018-01-25 00:33:21,2018-02-05,aa2a80e4a2acf5c91a3a366690766d95,2018-01-07
52907fff3c74ab7c7275c83de3d7ad17,3c23fc48e174b704fb7339ae71443a51,delivered,2018-06-29 15:59:27,2018-06-29 16:11:41,2018-07-03 06:43:00,2018-07-09 23:40:33,2018-08-02,6d3853f4442d8fc19adebcf8a9bb57bf,2018-06-29
e54ee2d8bb4643b912e14da821c5401e,c0bcf0b5d5d451612582770a95e1cfec,delivered,2018-02-22 11:38:12,2018-02-23 02:31:07,2018-02-28 01:58:08,2018-03-01 20:27:38,2018-03-08,253dc61c707fc9f83ac95ecc62a26bf2,2018-02-22
be6343c24d4cd24d3a630c7a8aee1a6b,054bbe007936c85bde1a019ea0d47780,delivered,2018-07-10 22:49:27,2018-07-10 23:06:01,2018-07-11 12:12:00,2018-07-12 18:11:48,2018-07-18,d0d7a334e7a8cdfd54b7cd33d827bf80,2018-07-10
7325155ebf88da418deb3ac20a5d7f85,90b029e906f07221faaa229502f58f17,delivered,2018-08-16 14:25:26,2018-08-17 04:09:49,2018-08-23 13:54:00,2018-08-29 13:37:18,2018-09-12,65c93574b95092f262cd6ad6de8376db,2018-08-16
1fa3a19d9a9a74d3fdff66289fa3ae7c,9658636e8727e0c825a97d09c9beaee5,delivered,2018-02-24 10:26:14,2018-02-27 05:30:59,2018-03-03 14:53:03,2018-03-12 16:58:33,2018-03-22,15566172fd4a1459fc3868bf46d4b589,2018-02-24
63089c5f142cc1148a1d7799a8359e8a,68d91c479bafcd184deee1cce5582243,delivered,2018-06-12 19:20:44,2018-06-13 19:40:33,2018-06-25 13:22:00,2018-06-29 21:03:46,2018-07-19,3baa1dfebd3d28ccc8cdbf5d9faa7602,2018-06-12
eea5cc5fc9932c98e7bc8a58c32da4f8,83825125c4d37368ce1a8043308b2b5b,delivered,2018-05-28 10:45:05,2018-05-29 03:55:17,2018-05-29 14:22:00,2018-06-04 22:28:27,2018-06-20,d3d60be28b4677d5036149ab5ff7ce72,2018-05-28
07a26b88cc90e93f5c9401de11a60793,16cb12efaba0eb4a1401091ebd4d9ec1,delivered,2018-08-22 12:19:45,2018-08-22 12:30:17,2018-08-22 20:13:00,2018-08-25 17:06:25,2018-08-27,5d8c508f148157b5095cab78700ae2a4,2018-08-22
bad242af8ec5c0d7d5dcdec41f207e9e,5cc200d2334981b997f3ce341c6c91be,delivered,2018-08-18 08:55:15,2018-08-18 09:29:16,2018-08-21 13:53:00,2018-08-25 01:11:51,2018-09-05,018e7e423aa73a3d7183d8c7c7a7c50d,2018-08-18
88953f14c276491e60e060e8ef21b769,b48a7fbccbe678a096c4639b103a9af9,delivered,2017-07-14 15:02:42,2017-07-14 15:15:22,2017-07-17 17:27:52,2017-07-21 13:29:46,2017-08-07,e75759502bead797744232e0ced3c0d4,2017-07-14
923452229b8bb09c9011ced5f73a0893,6c1899f9cc87d4f860492f9b8d3723f5,delivered,2017-03-27 13:13:41,2017-03-27 13:25:06,2017-03-27 15:48:22,2017-04-07 14:25:29,2017-04-18,5dd2534fbe0705c26df4c13679ff20de,2017-03-27
9cdf5eee30c936e5a33b193998e40d07,10ebc029e8599d55cc747177255804d0,delivered,2018-01-14 16:42:10,2018-01-14 16:54:46,2018-01-15 16:29:14,2018-01-27 00:18:55,2018-02-16,3beab479bd22ed748df9688b6e37ecc1,2018-01-14
29bcad4b636363b000ad4459d5bd88f5,84a17cfe532e2613e99a3850e80b71f8,delivered,2017-12-09 21:39:28,2017-12-09 21:49:29,2017-12-13 16:52:33,2017-12-19 23:14:34,2018-01-04,764915981e367ff9f9c438bf3f11b539,2017-12-09
b888541e85bd60bfb0c0851ab1146c2a,17bde6e1b8489fa8ee69d2606ef4abb5,delivered,2017-07-14 13:33:14,2017-07-14 13:45:18,2017-07-17 19:16:54,2017-07-24 18:33:49,2017-08-03,ae37f0d2cc61ec9ec8726270abcbfbd9,2017-07-14
0a31fa5371c2046d273b9fb84e3b2988,8713663b0e741841fa3110a6eea7335b,delivered,2017-04-16 12:20:54,2017-04-16 13:05:17,2017-04-18 13:42:27,2017-05-22 16:53:11,2017-05-10,a64c408286a26048709e2fee35e9b2b6,2017-04-16
480aee4fedab58b9f471d24d8656d8a5,2273ee5236daf024475caa061de5e4b6,delivered,2018-06-11 19:31:51,2018-06-12 04:35:38,2018-06-12 13:25:00,2018-06-16 16:28:49,2018-07-03,51c6ebfcd979dd40427d9badb38885dd,2018-06-11
ab04d2f11f52853e4532de99f735a6fe,d07229daef278cf8f7e6be74a2c960b5,delivered,2018-02-01 08:36:43,2018-02-03 02:52:45,2018-02-07 17:45:57,2018-02-15 20:56:48,2018-03-02,8a031436ab32c9921b305422b97c4ea4,2018-02-01
baeb39b2cba12d118ef8c856b32d3163,99ae633cd13e3d4b48e39fd38fd175f7,delivered,2018-03-07 21:05:02,2018-03-07 21:40:22,2018-03-08 23:36:23,2018-03-26 23:04:51,2018-04-09,2cea2574d1e9989b8db94e9c952fc3d2,2018-03-07
6649ebec1c6f3e185a64238dc8729d72,4ab8e8bc6bf0760c297e13dcab1e034e,shipped,2018-02-21 16:52:08,2018-02-22 16:55:54,2018-03-03 00:34:26,,2018-03-19,632d1a92422747296ed01d83281f874c,2018-02-21
b547e3cf7b2399609a4ed02ad7e87f4d,400bc21969aac1afe794618f567dbc57,delivered,2018-02-25 15:26:17,2018-02-26 15:29:56,2018-02-27 15:34:17,2018-03-16 22:58:51,2018-03-26,23fea767bb7bd72a55695f48fb1f6a9c,2018-02-25
3a87f961376193c10c6b28d341d32db5,00cd48b2051a1518d6d33ffd01dbfcb6,delivered,2017-02-03 14:03:12,2017-02-03 14:15:07,2017-02-06 10:27:47,2017-02-08 09:47:41,2017-02-28,2f683d2b8640f8988ad9ca6295c03a50,2017-02-03
36ca6c9bcef057ffdfca22de9dd7bcdd,34bfe52ce4ea3ad4ded0b42df62035a1,shipped,2018-03-27 20:32:27,2018-03-27 20:47:13,2018-03-28 23:39:31,,2018-05-04,3bb529fade25d622ab0ad7b654744f6a,2018-03-27
1abc1d063ae36763a3bce3d08a0a4c9e,a8274fc4df4680bc6b593c95c04c766d,delivered,2017-06-29 07:53:56,2017-06-29 08:05:06,2017-06-30 14:07:49,2017-07-05 16:29:41,2017-07-19,102934b9e265fbe945a5ca9403487612,2017-06-29
7a502e545ea55a7ff2a035abd83c6d84,95de601b667f07f36d2a485b42866900,delivered,2017-03-22 10:34:48,2017-03-22 10:34:48,2017-03-29 16:06:06,2017-04-03 14:15:57,2017-04-25,e7ba27eaa7692a165b91ba35a41da310,2017-03-22
70a77e8b9d2c0a635ad30ea479939cd4,d25e378708a5f85e8cb59ca7754b5d4e,delivered,2018-03-23 14:09:03,2018-03-23 14:28:56,2018-03-27 02:05:44,2018-04-05 18:39:37,2018-04-25,8240b20d1e0a04ed761ece5c6f56bb52,2018-03-23
510a16537cf3917d6257795d58073277,29057f1de7a5f228191cc77743c744ad,delivered,2018-03-28 22:44:00,2018-03-28 22:55:16,2018-04-03 19:08:29,2018-04-30 14:08:29,2018-04-20,c4f8556194235d5ea6ceab33c31468a9,2018-03-28
47c1a8c65d33d1a87433294bea40a81b,650a53e13d36c61649a28f7547cd5cf3,delivered,2017-05-28 17:05:11,2017-05-28 17:15:10,2017-05-30 17:08:05,2017-06-01 14:11:01,2017-06-19,1583bb2f51e73a1536cc11aa4c45cc1a,2017-05-28
1da5abde88d474271f7a8d3dc9206c6a,b7eb6bc470f4bc84a4e55348219b0fc0,delivered,2017-12-11 08:49:57,2017-12-11 08:58:24,2017-12-12 17:14:40,2017-12-13 22:24:42,2017-12-28,831b64c47090521cad75ad9a2b09003d,2017-12-11
ffabb8ed44ae4f83efd9d206904d88f5,96789cb4ceff0012efe52f4faf4a2d2e,delivered,2017-08-08 20:01:10,2017-08-08 20:10:16,2017-08-10 18:42:34,2017-08-18 20:04:00,2017-09-05,931a169d1e15a0d9cb3dc049e5428d58,2017-08-08
599029e205a62a6a520d087b5f25b88f,5b0c97d4fd3e99131049fdbaeaae4369,delivered,2018-05-08 07:37:06,2018-05-08 07:55:20,2018-05-10 18:29:00,2018-05-16 14:44:08,2018-05-25,ac65db53732705db8bd3cbb5806c2dca,2018-05-08
1762aa0ce22469c003348a42e46f5269,68b7ace943722094081442259c9b3f2e,unavailable,2017-08-20 19:52:24,2017-08-22 04:11:09,,,2017-09-14,0d3dffd69d083ddf89984123a08d9c9a,2017-08-20
9b808cd87ad1f00034b9059946ce0e57,cdf485efa0ae923156f8413d5ee8b208,delivered,2017-10-15 12:30:35,2017-10-15 12:49:17,2017-10-19 18:42:18,2017-10-28 13:26:44,2017-11-03,d992447e02093cff2f784f9602d1f72c,2017-10-15
b8ed89bd3f1fe72244f0f616acdc7da1,284328d2432c45733c636d66d183dfd4,delivered,2017-11-26 09:30:30,2017-11-26 09:39:31,2017-12-05 01:29:43,2017-12-26 17:42:14,2017-12-19,0abee71cd257861a0944e2a81cea4a50,2017-11-26
76cc0d927131093087a3d392008d9796,ce235b7711c4350b82cbeab0568b7df2,delivered,2018-08-22 02:16:10,2018-08-22 02:30:17,2018-08-23 13:55:00,2018-08-30 10:58:42,2018-09-18,6550bfddbb6eb18f5cfc4d8e410c485a,2018-08-22
8b1956ed3dc60c9bfa629f6e215fd306,8fe941eef6875de4382210f20bea7718,delivered,2018-08-21 10:21:33,2018-08-21 10:35:25,2018-08-21 16:22:00,2018-08-23 23:36:41,2018-08-27,b68994d00dd7bdcbb044c8a7f05110ce,2018-08-21
923dbd74822b55ab663759d1bb50823f,110f5c3e2c73a6e64c91c92fbc0d21a5,delivered,2018-03-02 10:05:48,2018-03-02 10:15:31,2018-03-02 19:08:14,2018-04-18 21:54:32,2018-03-23,e9c985ab2f43caebdb3bbde01506b0c5,2018-03-02
e70079a333e4ddca8787daf05873a6dc,a901af1f4feafd5dc0c514b87d320d21,delivered,2017-08-10 11:04:56,2017-08-10 11:23:56,2017-08-14 20:17:56,2017-08-15 18:27:51,2017-08-24,fdbfa68417a1a67d0b786b78234808d0,2017-08-10
16e4c23dc1892082c649911189c18f27,755d3504d6232a8d77674278edce1df9,delivered,2017-06-06 17:41:19,2017-06-06 18:02:56,2017-06-08 12:38:36,2017-06-19 20:42:06,2017-06-29,f3b85f2d8df92eee0703bb8adf1a7dcb,2017-06-06
de2acf01121628d8ca0b8c36ef103bd5,81abafc6b0432b81518f8ea7ce955077,delivered,2018-08-14 11:36:14,2018-08-14 11:50:49,2018-08-14 15:55:00,2018-08-28 21:12:35,2018-09-11,13a08d206d7e3f777d1454cee48ded4e,2018-08-14
28ae7dbc99157a977761ee40698dea20,df1ddbd77d8ef26e56e8962a2d515c1a,delivered,2017-08-26 22:52:36,2017-08-26 23:05:40,2017-08-29 21:25:04,2017-09-02 15:39:06,2017-09-14,05669445931c028d97b7c0637b5a2359,2017-08-26
52c13ebf98c19fe6dc69e69ac09663a1,3c38956539b1fbda6560b62ee73d2c42,delivered,2018-02-23 13:12:17,2018-02-23 13:29:42,2018-02-24 01:23:21,2018-04-20 20:03:11,2018-03-26,a68196508ebf4b64293c4b50c2d2dd4a,2018-02-23
db033c99784b0da2569c40df1e7001d7,9e807266db4b8430db7b3826845e3626,delivered,2018-08-20 12:55:19,2018-08-21 04:35:20,2018-08-22 12:53:00,2018-08-27 14:42:51,2018-09-05,1c5dd68f2c1da0fbf935a9c6c810a5ba,2018-08-20
fbee80ef6891c144af8ff9dc788aaa89,41ee1607f629eea5c7aa658053748326,delivered,2017-01-12 12:01:14,2017-01-13 16:25:19,2017-01-16 16:10:12,2017-04-26 09:35:51,2017-03-06,53ab246426bad17ebfa16c1a84e67294,2017-01-12
284c504a1801fa4911d5808290731274,f9273052bbcb14adc1ff57a6488cce75,delivered,2017-12-30 14:35:04,2017-12-31 14:29:19,2018-01-04 23:45:07,2018-01-11 16:03:56,2018-01-24,74bb8c29214c31f9fa7247139e93baeb,2017-12-30
735bc2d45e4bdd62494d80bc7dbcdee5,e29d4a9b3752f678bb51f01ca73cecc0,delivered,2018-02-11 10:41:26,2018-02-11 10:50:24,2018-02-15 22:46:31,2018-02-19 16:22:00,2018-03-08,49a173773c3c9925586db31483145e43,2018-02-11
4048279d4b6d7122d030e5487857a305,d1bbefdd8f2792e76ffd46b849437853,delivered,2018-05-16 22:38:55,2018-05-16 22:56:05,2018-05-22 14:45:00,2018-06-21 17:32:55,2018-06-07,4423ebd2c7b14e34ce996d757895bd3f,2018-05-16
588319a0ed0db7baaa43a314a333434c,e0dfe045873912a1a09b825844b2165c,delivered,2018-01-30 15:27:44,2018-01-30 15:35:40,2018-01-31 16:08:43,2018-02-19 16:45:22,2018-03-06,2c6dbcea5f282f15f82de930d5b987aa,2018-01-30
563576efe9343291a5bd154161c386f0,2e9e92e4a85b857a9a0266d7f75a7fb0,delivered,2018-02-09 13:45:47,2018-02-09 14:15:30,2018-02-15 13:44:16,2018-02-16 22:06:38,2018-02-26,b63bdd1a9a9ec696908f509fd2d49d3c,2018-02-09
0b372cdcdd4134fc5f7695426339ce84,cfeea068ddb39d98dc66cd1804936dbe,delivered,2018-06-26 22:00:12,2018-06-26 22:27:36,2018-06-28 14:15:00,2018-07-13 10:32:57,2018-08-17,0f199a41b250c91989536f3a176e85b6,2018-06-26
380b45903d547b0965833e586642e3cd,a91ee281fe051e32cc4fe913d0688574,delivered,2018-02-02 23:05:35,2018-02-02 23:15:27,2018-02-05 18:41:33,2018-02-09 20:03:42,2018-03-01,2281a4162aa216ae5c59403a52f00818,2018-02-02
2dc6e979b01d56986fe643620d783800,c81ba9d8426b6de695ea61596f64dd75,delivered,2018-02-01 12:14:57,2018-02-01 12:29:37,2018-02-06 22:17:04,2018-02-21 20:34:26,2018-03-09,04bc1ef1f382e159433c56da81bc4e90,2018-02-01
b79c572e995becc5a19efc2e211b5742,2da80b9d24204c38f09c8bfdb0e3b0b6,delivered,2018-04-24 10:27:53,2018-04-24 18:27:56,2018-04-25 14:42:00,2018-04-30 18:02:58,2018-05-21,a97cda02d5dbe045a5ea11d1fe56b2c1,2018-04-24
c9befd31f56327da820200286183ceac,6d865ba8432f331cbaf5d8b4220badeb,delivered,2017-11-26 17:14:02,2017-11-26 17:32:41,2017-11-28 18:33:13,2017-12-12 16:03:58,2017-12-21,8908bba01d8a648099e67a38eea818f9,2017-11-26
ceca47d82e889cd6dc7b1fcb59e79df0,6669e25f61e1243fb6d2bf035ae6704e,delivered,2017-07-01 10:06:45,2017-07-01 10:15:20,2017-07-04 15:24:40,2017-07-11 22:22:11,2017-07-21,0c6ee5a0c01f34c0c3a593d188a0d9a3,2017-07-01
5054fc69c589881f8e505d6362c8c061,e8c1bbabead38e5042fa63e2effbd721,delivered,2018-01-23 11:20:28,2018-01-23 11:38:08,2018-01-24 17:27:10,2018-01-26 20:11:42,2018-02-15,450e8c311600cf9ba2fd50805126ad6e,2018-01-23
c76d764d0f993151eb234c324e2b09ce,6fe4c0620357f305a66b6419431864b6,delivered,2018-06-12 11:00:26,2018-06-13 03:55:14,2018-06-15 16:34:00,2018-06-23 00:03:41,2018-07-13,aeedbf081506edc84cf0a6f92531f66d,2018-06-12
37d13d0bfc39d14f3e61c410340c93ae,61e0a1c860e5435b337e567bd32e21ea,delivered,2017-09-30 14:06:32,2017-09-30 14:24:34,2017-10-03 17:26:28,2017-10-10 18:33:24,2017-11-06,a50b1120bb17428b4033a6b7df88be30,2017-09-30
852caeafa74327cfaf00268125425cef,8013ee378843ed340e90d428258eba9f,delivered,2018-07-24 15:09:33,2018-07-25 15:05:14,2018-07-27 13:56:00,2018-08-08 08:39:48,2018-08-16,1f952929ae8c3ee57644aaa153eb737c,2018-07-24
28bb8d06f88bafeaa80c809e2366daa7,799cbb42585f5692863c03135215d730,delivered,2017-10-09 16:08:56,2017-10-09 16:43:53,2017-10-11 17:15:43,2017-10-27 15:53:58,2017-11-14,a3a1cb9dcd1acc2bf28f56e42bae977e,2017-10-09
5a6a63148f6ab52879bb7c2d7117e366,65c9fdf79fdf0d4b98902fbf9617c171,delivered,2017-04-04 12:48:23,2017-04-05 02:35:36,2017-04-05 11:50:56,2017-04-11 13:23:04,2017-05-02,28da048f094c0c9cbbc5412bcf41b6b0,2017-04-04
e6a7754d776e95d1a2b8e6d6f2d7ac9d,6ed3a6f46ef83d356e7152ac4a4388db,delivered,2017-04-25 19:35:54,2017-04-25 20:10:10,2017-04-26 22:55:58,2017-05-04 12:49:50,2017-05-23,77109035aef26917b4c23dc142a55bde,2017-04-25
f32227b3b1feb07ef88fec29e87d81cf,3f06ef7f5b8c9a1dd71b3d55a7e7b420,delivered,2018-06-28 12:46:16,2018-06-28 13:11:03,2018-06-28 15:06:00,2018-07-11 20:51:17,2018-07-27,0741fe7ca466a771cea561293fc17b5a,2018-06-28
0f916489801ab47804cc7da10fe0dd6d,310469dd77c2f155761bee2e21b06ba8,delivered,2018-05-06 16:41:34,2018-05-07 16:52:25,2018-05-16 15:32:00,2018-05-22 16:48:41,2018-05-30,a437e42f784a39406852ce706b09ffb2,2018-05-06
d3dade419052ceb22cbf5aac01b8976d,a5cf875723369b926e83c640fa1e0917,delivered,2018-02-10 16:44:30,2018-02-10 16:55:55,2018-02-14 19:08:49,2018-03-20 22:46:28,2018-03-27,a114f38900fdd60d3ff38ea097d70a45,2018-02-10
819cee97d3d5daa9991a8ffda20fc62c,b50b3f5a150ebce5280859bebc2f1d36,delivered,2018-02-28 20:12:58,2018-03-03 02:51:05,2018-03-05 17:17:20,2018-03-13 20:37:34,2018-03-26,9715d0f044b4ba619431cc31193ac755,2018-02-28
f4bcc27cc1e629c8ea22ae96ab8751ae,6edcc0508ef06f1f73fd05cacd2a2b3c,delivered,2018-02-08 22:13:24,2018-02-08 22:28:20,2018-02-14 18:07:22,2018-03-29 00:54:28,2018-03-16,493a3627a4e5690adfd3f3fe2619b9e6,2018-02-08
43561fbcbcea878bed16448a3b5baff2,f74ffda5337bc42b55d05adf9dd4a617,delivered,2017-08-20 14:14:16,2017-08-20 14:30:24,2017-08-22 17:10:54,2017-09-02 15:42:29,2017-09-22,86ebed3b9a14ad6c730bda43051fcd74,2017-08-20
3ae5cb75e3aaf3d9e99637e6c07032e0,f343704e8d64e463a7147138a8d21b6b,delivered,2018-03-05 03:45:49,2018-03-05 04:15:34,2018-03-06 12:22:52,2018-03-20 16:39:02,2018-04-09,16a909e83380bb2ae4676ca69ac30886,2018-03-05
c28f3a01d4cfee461234c86a41f52e37,35698a7b9ae42369b9f45a53000f85f3,delivered,2017-03-18 17:56:04,2017-03-18 17:56:04,2017-03-21 13:14:17,2017-03-27 15:24:54,2017-04-10,d8f1c3ed0de527caf0a7eceeb025b583,2017-03-18
fae08ba5b02df1198db80dda5b5c205b,9f5729e1ce6fdda38afe7d3a12e6b8af,delivered,2018-01-23 17:15:16,2018-01-23 18:07:39,2018-01-24 15:52:10,2018-02-07 22:26:37,2018-02-15,a4bb1dac970c04947997ea1abfd3698d,2018-01-23
b0a793772ff8d61844c0b654b342321c,69d18563a5f35efbb3559c926d4326ab,delivered,2018-03-27 23:07:10,2018-03-27 23:15:23,2018-04-02 14:39:50,2018-04-19 16:56:41,2018-04-13,010fea34d64c9fc635cebbe583f5104a,2018-03-27
7423b365e39a6b080541c58ce5978e0c,0d83fc0ae0bf9c3788d38a12afd5c36f,delivered,2018-04-28 01:01:52,2018-05-01 06:13:23,2018-05-02 11:06:00,2018-05-24 11:48:38,2018-05-23,9eafb0c385418d888afa898ae60700d5,2018-04-28
4e088ad271cf6f947e89da00655fe524,2a15eee770cf4afdee4f2e18a84ad08e,delivered,2018-01-15 10:40:56,2018-01-16 03:50:09,2018-01-16 22:28:41,2018-01-24 18:47:20,2018-02-06,43185a1a76407c7655e72fe79464970e,2018-01-15
48abd4dcc16f0885de523602c047d437,0dd6b4d2aa909dece4da90bc178f1db5,delivered,2017-10-05 08:42:05,2017-10-07 02:28:14,2017-10-11 10:10:34,2017-10-17 22:52:05,2017-10-30,6d812133ad29904d5a6b7e10bc64b960,2017-10-05
c30b8d50e79a4d6ce964a2a0b1f3a6d5,eecbb95c28e5a38188c0814cb3300ed6,delivered,2018-08-03 21:17:04,2018-08-03 21:30:12,2018-08-06 16:11:00,2018-08-13 23:32:42,2018-08-22,a5b426944dd8048820716aba080e0fa1,2018-08-03
ef65ec5bddd94d2fbadc2b861827ab04,ef6d8ec542ff0844e7f4355cbd4d5697,delivered,2017-08-15 09:23:10,2017-08-15 09:43:48,2017-08-16 17:36:57,2017-09-08 17:34:51,2017-09-19,46a842d8e1303e2b1544ad696c7bfbeb,2017-08-15
aa61e95f95f3ec74b8a3b7c5c174c0c5,020e0c200a053638412950ba455d5b37,delivered,2018-07-04 15:29:33,2018-07-05 16:32:10,2018-07-05 09:08:00,2018-07-10 20:50:44,2018-08-08,2a291a6dc988237ea0cb11e183bd267d,2018-07-04
f67e17b84d5d476bc5478e79ed177a3d,8de96756639d09772d2f364c7c81c32c,delivered,2018-08-07 10:20:26,2018-08-09 03:50:16,2018-08-09 14:18:00,2018-08-10 17:48:31,2018-08-20,b87e839e8fddafb7b6711123b4450131,2018-08-07
3988bfd19575c170059a28a630beee60,ef1615db601ce81b5507d7388cfd4e09,delivered,2018-05-11 18:52:04,2018-05-15 04:15:26,2018-05-16 13:38:00,2018-05-21 23:51:00,2018-05-25,a4ed966db569e1aff3dfc1f84d60b1da,2018-05-11
a333d6edad2cf5efe368d9a457c27fe7,28ebb90e96b1f4a013dd67ac9e763e6d,delivered,2018-05-07 14:45:31,2018-05-07 16:52:58,2018-05-08 13:27:00,2018-05-11 23:48:50,2018-05-24,d042efa47e8e695602ac675d4ab9d43f,2018-05-07
1a26d081d22cd04e1cbec6f294fa893d,4286665d919e18dd92613a5f46a3f1ba,delivered,2017-05-29 11:19:46,2017-05-29 11:30:21,2017-06-01 13:59:52,2017-06-13 15:58:53,2017-06-21,7e05679b11824f00a2ab44b5fe6934c7,2017-05-29
b856177bc1f9aa86b04e068c301990ed,00d1bd043022c327bc464ded6b731f4a,delivered,2018-03-08 16:13:44,2018-03-08 17:24:34,2018-03-09 19:26:34,2018-03-21 21:38:43,2018-03-29,73ddc612bdfdbc01e6d7e37c05c38ea6,2018-03-08
8bdf6ec627a3a9618dd67dbd9203c546,b23b5baf963a07d533c0d86567fbcf7b,delivered,2018-01-18 17:00:14,2018-01-20 09:08:04,2018-01-26 14:13:46,2018-01-27 18:03:37,2018-02-02,a99939197c6ded5e68f1a552b2a53da0,2018-01-18
e9a1f1bac2a48afae0dbe612a3aa684b,312d2499b6da3d5ec2c8b3dc6cddc6a4,delivered,2017-03-05 15:02:00,2017-03-05 15:10:18,2017-03-13 08:07:50,2017-03-22 15:22:12,2017-04-06,1c5315214406c92210fc7b7586907074,2017-03-05
b8ef769a959add8d51bf27fad025d316,5037d4e6fc10e6a32707edff10d657bd,delivered,2018-01-10 14:39:35,2018-01-12 02:48:12,2018-01-13 01:49:07,2018-01-22 21:29:01,2018-02-08,1439868edc0e4ab4c6445b51d3423046,2018-01-10
dafd881e3f2e32e13a60a0bad4547004,8c1c0c6b377c877fa3f5323aa147029f,delivered,2018-07-13 15:00:23,2018-07-13 15:15:11,2018-07-17 14:16:00,2018-08-07 18:41:43,2018-09-11,657b4f6cea49e65ee1bfa527f336cce2,2018-07-13
1f44b2e973c49f412a9ae9f31166f588,5face49ffe98436f58e5a45ac1eb7c22,delivered,2018-01-31 20:10:16,2018-01-31 20:30:46,2018-02-02 01:59:35,2018-02-24 16:07:22,2018-03-08,0ffe35252ffb6339cb063204650642b0,2018-01-31
53e2d02e35bbcf2deb23911e2d791dbb,1291f934fe7340aecf7cf73d56781a35,delivered,2018-08-07 09:17:48,2018-08-08 03:10:34,2018-08-24 15:05:00,2018-08-30 14:16:51,2018-09-04,cd072dfd9add114eaae663268aaf07eb,2018-08-07
c094319b75c45fb8f3edc4fe857f65c7,b7896ffa94f5b80d1f845336080ddd63,delivered,2018-08-11 23:56:26,2018-08-12 00:05:11,2018-08-15 12:03:00,2018-08-17 01:23:35,2018-09-06,ff791f3cb152bc163f7bf0b966159222,2018-08-11
cbd0a0bae58672055c7961ffbf0ee529,1305325ca39abb350e0bc23029594de4,delivered,2018-07-31 23:49:16,2018-08-01 00:04:16,2018-08-02 15:07:00,2018-08-15 17:58:26,2018-09-03,93d5e580e27ed4d75679467817ab734d,2018-07-31
6b8c07c310d8c6a39e79ed3d38e6578f,c19d85677e04a12cc4b93e9e78f97cc3,delivered,2017-11-03 11:19:21,2017-11-04 11:25:22,2017-11-07 16:34:48,2017-11-16 15:02:22,2017-11-23,c1cf3e4c1de440972c612714a45b3f26,2017-11-03
2d090553a9ceba4ebc21832844dc9ce5,7e316274286ef7d20ccf81dc106594fb,delivered,2017-06-26 13:44:08,2017-06-26 13:55:23,2017-07-04 12:59:55,2017-07-06 13:17:37,2017-07-24,0eee96b8cea2f09a022e9e5acaffede3,2017-06-26
8938715999abb88950de2d1aa4b8f74d,19ae64aeb72ed9ce72ddd15b080bcba9,delivered,2018-04-30 12:15:00,2018-04-30 12:32:32,2018-04-30 14:26:00,2018-05-03 17:12:04,2018-05-14,a6a0c904d529993ad1b94441eb5dfce7,2018-04-30
92b56c79ee136de9db64ceafdf002f72,94c83c89df9c4e9fd402f2b6a4316391,delivered,2017-05-08 15:58:21,2017-05-08 16:10:22,2017-05-09 13:31:04,2017-05-18 17:34:08,2017-06-08,e43ef1f367067fb817d8b34f618f44b0,2017-05-08
e5a848c6a67b48a0f85bb44ef9fe5c5a,0dccee4f33390ac6dfa9e227c3ebbb94,delivered,2018-05-22 12:02:26,2018-05-22 12:34:23,2018-05-28 12:25:00,2018-06-01 18:22:07,2018-06-08,23d6e26d990fa79562b6668fbb496495,2018-05-22
964d4bd2b27e0b6dd3363e2d17485342,fd3ac2a1589b1f1165978b2813e923d7,delivered,2017-08-04 14:07:28,2017-08-04 14:23:37,2017-08-07 17:03:09,2017-08-14 17:53:09,2017-09-01,4f02b75a811ac1a5f25dc88116d0c79d,2017-08-04
5fd3d01f827e22e01dc6f0b8f498379c,666c3c2d46159dc521482bb075f70d0a,delivered,2018-04-12 11:10:04,2018-04-12 11:31:36,2018-04-13 21:46:47,2018-04-26 19:54:52,2018-05-11,d7dcdad3ce956e4520fb2062f1ef8a3a,2018-04-12
a92635cfd1b863f3c3c225dcab38d0be,1c6e0cf070d06c8e0d67cd1aeab03ef6,delivered,2018-03-22 21:12:07,2018-03-22 21:27:53,2018-03-27 01:06:52,2018-04-07 14:56:41,2018-04-11,288ffe8ed0aea8343566e87875c890b5,2018-03-22
fc42f37778b223b55f8ccbd5f274b9aa,f3ef3f7ef66d0cf612f37a1bb71a635c,delivered,2017-11-12 22:35:21,2017-11-12 22:50:37,2017-11-14 18:28:38,2017-11-22 21:17:47,2017-12-01,742e84c411f2181824c7348da0042c11,2017-11-12
dcc0ebfe0fa59c24fd859aacb8e1f2e9,1677478f9e63c2843cfc7acb65976463,delivered,2018-03-22 15:57:22,2018-03-23 09:55:30,2018-03-23 20:03:40,2018-03-26 19:48:47,2018-04-04,0b6d4f036c07e10854affe43fc4e718c,2018-03-22
7fecdb45a98a2b1b32535d5e97788cdd,18b9dfb260a90787742abd090d0d0f30,delivered,2018-06-28 17:01:00,2018-06-28 17:15:12,2018-07-02 14:27:00,2018-07-04 18:38:36,2018-07-20,8ea5de78222841571f917ade2af8e9e6,2018-06-28
104db3ac25a8c92d8b4a1bab46c92c66,9f91386b930e55401c4ca48fa25c9077,delivered,2018-01-28 12:55:27,2018-01-30 03:47:26,2018-01-31 22:48:01,2018-03-16 03:12:21,2018-03-06,1209ade9381e92cf80dfc9c684d6c39e,2018-01-28
4bdcfd987a364d49dd8423ba6c971c09,b810510c820c5d673c249dcb9d064437,delivered,2017-07-29 16:54:17,2017-07-29 17:10:12,2017-08-01 18:42:52,2017-08-09 22:29:42,2017-08-24,35e534cb9cdb9bd739d94b5ca8143c4a,2017-07-29
8aad27637248090b933a0697be57c443,6913fa7fd9a5a2c4566831c4370b72c7,delivered,2018-03-15 15:54:57,2018-03-16 15:49:51,2018-03-19 13:05:35,2018-03-28 17:14:55,2018-04-09,10117b5de5f5a438af572fce7b0639c6,2018-03-15
64a22766d8a3975ba61edc4943501e24,bef759dfed0e4bd8186d68a751be1d56,delivered,2018-07-03 15:45:08,2018-07-05 16:19:00,2018-07-05 14:45:00,2018-07-10 20:18:45,2018-07-31,2b1ad582789cf91607e7fa0d8b468bc4,2018-07-03
c8efed385881ed6ba56357b0d20a1e46,d0e6a905034cd0d9a2796d88e28093e1,shipped,2017-03-06 23:21:57,2017-03-06 23:30:19,2017-03-09 05:58:01,,2017-04-06,03ebf828b320b45eec6cb96a2770603b,2017-03-06
e71783fc8cd92f708d13542f6d17ff7f,1b85ef7130ec3eedf81c37b98cfd9b40,delivered,2018-08-01 21:40:53,2018-08-03 03:30:28,2018-08-10 16:01:00,2018-08-17 14:32:42,2018-08-23,4ffc8b4c0b31be69c7faa74d49b76858,2018-08-01
11112c53dc1c411e991ae06fafeef392,e50e1d62ee7e61dc8bc6fc13a772acb0,delivered,2018-06-25 21:19:06,2018-06-27 08:11:31,2018-06-28 14:54:00,2018-07-04 14:52:38,2018-07-20,2cdefbdec98ffa1324d5e066c8e190d0,2018-06-25
9951d6a662cb9e7b5bb442786dbf34fe,52bc5e1b29d38cb00e8cbea4a919f65c,delivered,2018-01-29 22:57:14,2018-01-30 22:52:53,2018-02-01 23:29:54,2018-03-07 15:32:13,2018-03-06,13142553736e27352e8663a653b07b96,2018-01-29
378cd0e3d827f4072ec92db9f0afeaf9,64c3dc15a2bbf3049aca5b814e938e14,delivered,2018-05-02 18:42:45,2018-05-02 19:15:32,2018-05-03 14:17:00,2018-05-04 22:34:46,2018-05-10,53e73c3fe7a9b55e3408ba784ace0578,2018-05-02
662d5b772be59b4a08a18e2b219555a3,e71af2b74b3f43c99ae08245e3b9a120,delivered,2017-10-12 22:01:19,2017-10-14 03:36:32,2017-10-17 14:24:01,2017-10-20 20:15:52,2017-11-07,969c7eec451c4cda4e698a63cb30d5bd,2017-10-12
e65ddff691f659fab67bed2e90069d9b,5a489824cded00c447dfac4800252bd3,delivered,2018-02-12 15:40:53,2018-02-12 15:55:35,2018-02-14 19:19:12,2018-03-28 00:03:57,2018-03-06,59f445785c535b14825da32b95cb46fb,2018-02-12
9626d198946ba7132f0bcaf33f7ceece,e256b0342ce0ecbd0e23ab2948c7ffbc,delivered,2017-08-18 22:50:41,2017-08-19 22:55:17,2017-08-21 19:50:01,2017-08-31 20:12:55,2017-09-14,7514956267b7c9e796aad89958fcd43f,2017-08-18
9df9587a3db3e8ad4789a07841a0afe1,f31f7ec4f3a7e88d1f8f4931494e83ca,delivered,2018-08-20 14:09:38,2018-08-20 16:13:25,2018-08-22 08:16:00,2018-08-24 00:44:58,2018-08-28,850db6522d1e600ff42059931882b914,2018-08-20
b910a2d8eecd9eded28fdfc3cbb94880,3878b9708e39846aa91e7305e9baa2ee,delivered,2017-09-29 19:16:52,2017-09-29 19:28:15,2017-10-03 15:42:45,2017-10-06 17:29:10,2017-10-17,e4f516fb2100be18a38dbc6328974f29,2017-09-29
d1d1b48ff9ff54b7c338a08044f421df,d6b28db70e60ec9a17184c53220ccc5c,delivered,2018-03-14 15:32:34,2018-03-14 16:08:23,2018-03-16 19:46:26,2018-03-27 03:03:29,2018-04-05,5de559765ccded9d4edfa299f460dbee,2018-03-14
20799e91aa919ec578d94ad5e818a3bf,473137630a48e52486867f4cc9c994ce,delivered,2017-08-21 01:07:46,2017-08-21 01:44:25,2017-08-21 20:37:38,2017-08-23 18:30:24,2017-09-11,e2fd96b457357a3ebb6346be9541448b,2017-08-21
17e1cb74d21a646b636519ba673acaa1,3304c3dfa7d7dbc57493593594a5fce8,delivered,2018-03-10 11:05:50,2018-03-10 11:28:44,2018-03-15 22:46:41,2018-04-02 15:21:46,2018-03-28,6909ee06be491b2a2cddd0d02e581744,2018-03-10
219889e4dae6af086c47d02b538f0589,d78bbbce2fca1d884f9e8ae8fc4cedc4,delivered,2018-01-10 07:26:34,2018-01-10 10:32:13,2018-01-11 23:42:16,2018-01-23 16:09:19,2018-02-07,03f2463d48505388248d4dc0186d37dd,2018-01-10
c9a973cfedbc212cd02b06b4fd11c3cd,daa8bff63ddfecd57acbcf8af50468e0,delivered,2018-02-07 15:46:14,2018-02-07 16:12:11,2018-02-08 21:13:34,2018-02-22 21:29:11,2018-03-05,b57d82487bd3fcb1afa1acb2559a6084,2018-02-07
b81af5e0dbc943da7544bf507acf9e23,ad6422b821f38baebd08dd741a040921,delivered,2018-07-26 07:30:43,2018-07-27 04:05:17,2018-07-27 10:41:00,2018-08-01 16:11:06,2018-08-20,31dbc99d6ed9ae1073af0580582cc461,2018-07-26
94672e5686a487a37916262fab702f76,5d0267f4f13e64f0c7f34022277bc84b,delivered,2018-01-28 09:53:41,2018-01-28 10:10:33,2018-01-31 18:45:12,2018-02-01 18:23:40,2018-02-14,ff6de6cae279ba3f49b5d779351a9a1e,2018-01-28
0989d111cfe79cf0bbdea443f1caf9b7,13dd964c7fed51af56b9f113fe590071,delivered,2018-06-03 21:24:09,2018-06-05 04:12:38,2018-06-05 13:45:00,2018-06-16 17:08:21,2018-07-18,ba62c1547e1c72ee7fa314802c36ef0a,2018-06-03
748197f229fe836211d7e6df5c1a6a8a,635e85a162a22ecc1e0b9ba9484595b4,delivered,2017-10-22 18:57:48,2017-10-22 19:14:12,2017-10-26 19:03:35,2017-11-03 17:46:00,2017-11-16,835a8dd2f7135b503ccbebafa17db61a,2017-10-22
a2c925a9aed482554a03fe2729c7b0e5,6bc3ffbd5f0156bede1e8ae7ae9a32f3,delivered,2018-04-28 23:52:51,2018-04-29 02:00:01,2018-05-02 14:38:00,2018-05-08 19:52:47,2018-05-22,00ee11b831faa111cd62af2f4de8da96,2018-04-28
e200353d6fcf40efe2cb8699aa821017,e660c434379aab7e2cadcfb1b66aec8e,delivered,2018-01-10 12:39:39,2018-01-10 12:51:33,2018-01-11 23:19:59,2018-01-15 20:49:07,2018-01-30,346554e2c119539266cb49f9671dbbe2,2018-01-10
438002557b0a579c8ac15486c9512458,40268483d07701fa1f7742c9f5a23242,delivered,2018-06-23 17:25:06,2018-06-23 17:55:40,2018-06-26 11:32:00,2018-06-27 15:32:49,2018-07-18,6cf618a89d5cbfb765f1a7641f11a2ed,2018-06-23
f87ed664a5aeba70114b65138cb0c9c1,1db9b2d168c16f634cc577caee3c18d9,delivered,2017-10-02 09:44:31,2017-10-02 09:56:17,2017-10-09 23:51:23,2017-10-13 21:03:16,2017-11-03,0e3594743b2402c83a17cdb600cb82cd,2017-10-02
34a6104e0b5f529ec680406b6d8ba4ce,8ac127359066e3c863e6dedc2aef6364,delivered,2017-06-29 06:36:24,2017-06-30 03:05:32,2017-07-03 15:53:27,2017-07-11 16:14:46,2017-07-25,10101a131c76b6e2e28b5856cf1cf736,2017-06-29
fa479c8466485b9cb8b97b916885cd56,496f0fd97174c54fb601fe2e6d1ec494,delivered,2017-02-12 16:41:20,2017-02-14 03:50:21,2017-02-15 04:53:57,2017-02-24 11:05:27,2017-03-15,f13e1c06b45937692b336a84ee707023,2017-02-12
66da8b55fb5d6393b4ec50e8fd8c9781,0639197156cf2165c3adb6a85f9cef54,delivered,2017-11-27 18:44:58,2017-11-27 19:12:36,2017-11-28 16:42:29,2017-12-01 00:32:31,2017-12-15,9f31ac82c329469389cb0949aedc384f,2017-11-27
dab3fc76b1c611fc90d0343f3a1815e7,a7f323fb7663369c9d57bb5886201fb7,delivered,2017-08-05 12:38:54,2017-08-08 04:15:32,2017-08-15 18:12:34,2017-08-24 17:44:00,2017-09-06,d595a7cb51db107956f5d3286e9c39d3,2017-08-05
ff40f38705c95a8eceea1a0db29bff66,3d9b3665a39eb741b1ae50706cbddb8d,delivered,2018-05-08 12:27:09,2018-05-08 12:56:47,2018-05-09 16:22:00,2018-05-15 23:11:25,2018-06-04,04f466d6234a805ba36301c1d054b343,2018-05-08
5f4b64b16eb569c12eab47e5f74b4385,3b75048c826545176490016b6fe044a9,delivered,2018-04-29 16:17:48,2018-04-29 16:30:15,2018-05-02 15:15:00,2018-05-22 17:03:11,2018-05-29,27f1c6153ab3f542435d2e60c548c448,2018-04-29
edaa7615642fab560c9e1d293c787d56,c6f256191c5bcc0e85e9a31ecc092638,delivered,2017-07-14 19:58:03,2017-07-14 20:10:15,2017-07-17 18:57:35,2017-07-21 22:42:41,2017-08-03,41e373f8b7dcf58b71f63fb80cc38cb7,2017-07-14
9f3bb89658a46c809fdd407e86914f94,ff217adc6431eb19f8af637ddd66a2d8,delivered,2017-06-09 09:35:06,2017-06-10 02:55:21,2017-06-12 14:11:02,2017-06-22 13:57:38,2017-07-04,f08c37bc41a677fa88236ece8011c20e,2017-06-09
5127c53ca9cae89a0aafdcc580b27f95,ccdd3e6972b355d26dd72d00ad81560c,delivered,2017-11-25 20:42:15,2017-11-28 03:47:47,2017-11-29 20:28:29,2017-12-27 15:38:59,2017-12-18,544f499e8d7423126aca77fecdb2b254,2017-11-25
16590e9d976a66505a26c3c820d47295,a0cd4bd67fe4b4ce0a75fc0e5defebf8,delivered,2018-05-14 21:13:33,2018-05-14 21:29:53,2018-05-15 22:08:00,2018-05-18 19:16:33,2018-06-01,dc2060f2771ddbcf103a8267d198a88a,2018-05-14
b3420e20ed3efddaec71dd9ba0759467,be45ada983cdf8ab6a124d281e9a875c,delivered,2018-05-15 17:11:39,2018-05-16 12:13:50,2018-05-17 09:28:00,2018-05-22 17:05:26,2018-05-30,5eebedd68593a71aa5b8fad45c0049fb,2018-05-15
87da08d67c30edebd4f29e0944e0808c,6dd377bc943ffee27b64ed6f7d0b4f46,delivered,2018-06-19 11:20:03,2018-06-19 11:35:20,2018-06-19 15:38:00,2018-06-20 20:51:49,2018-06-29,e6b0c834e907755bb377c552f5259f1a,2018-06-19
fa9b02520c054ff035166305cc37ff30,665027db24649d6188bdad1c5a410d4a,delivered,2018-05-05 09:27:44,2018-05-05 09:48:49,2018-05-07 14:46:00,2018-05-18 15:49:01,2018-06-04,5d226b7ca82d3cf4b720e43fa79a0cea,2018-05-05
ad9e5e00d6f4a3d4226893dde85d40f7,de8599fc43904957a2c366c0281702d7,delivered,2018-07-21 11:25:48,2018-07-24 04:05:27,2018-07-24 15:03:00,2018-07-25 21:06:44,2018-07-31,63b0ed2628e0284a549954901ce677e1,2018-07-21
25fcc160aad54c81aad28f9f71cb4cba,bb7eb42e14e681c6107f6a8299025323,delivered,2017-05-17 18:50:23,2017-05-19 02:15:15,2017-05-22 09:25:01,2017-05-23 12:28:11,2017-05-30,d0d8fa36cfde7ec89c8c03a375609fb1,2017-05-17
0ea7b73db942b800ba9b20b50057f9c2,c5f65173598362d342bfe87492ade0da,delivered,2018-01-15 10:05:17,2018-01-15 10:14:24,2018-01-17 15:35:01,2018-01-22 20:44:25,2018-02-09,6a0eb32d9fe20db07a6fe7155ac0df32,2018-01-15
938e650cbf8099b9464bdfb48c457129,2872fca71254241e3d2879ab4f37ba01,delivered,2018-01-31 12:26:17,2018-01-31 14:10:14,2018-02-03 10:27:34,2018-02-06 16:35:12,2018-02-22,391370fe0e815d9ca7ccdfae8bdc6c10,2018-01-31
5eee483d18d84faaef4bea7e8b4579df,a719472fec09c5540edb0bae9cf81e44,delivered,2018-03-15 15:21:30,2018-03-15 15:35:29,2018-03-16 22:11:12,2018-03-26 19:33:01,2018-04-17,4a433c62dfda8104d295307e855c82a7,2018-03-15
dc43b4be2ecaa2252af476b7f87f01a8,88e9130b2f120b245d2bf74f8be17b49,delivered,2018-05-17 22:18:36,2018-05-18 22:58:06,2018-05-21 15:32:00,2018-05-23 19:36:50,2018-05-29,27928ff0f459ae39dc4d30c6658aff24,2018-05-17
4bdb824616b048d04ab361c35af51e77,452fdf1d451d13e17fc35c6f8cba769b,delivered,2018-01-31 17:33:42,2018-02-02 02:54:06,2018-02-03 02:52:47,2018-02-07 21:28:09,2018-02-26,f55c546ae0e58f81ec0f3ef080cda181,2018-01-31
53e503de6a65006651097e013bda72e4,e948cda40366cf2be9b3f34ed8a71650,delivered,2018-03-25 10:03:02,2018-03-25 10:27:31,2018-03-27 01:48:43,2018-04-02 12:58:38,2018-04-20,93cbf5fec7763d5e004251d81df8a94f,2018-03-25
1c3a814fa046dc2f684276b1ca26786e,008e1bbc8f278134d10d8788a3ca0b7c,unavailable,2017-04-11 08:25:26,2017-04-12 02:50:58,,,2017-05-03,7d373e92dd3086b4c37e9868fc8999c1,2017-04-11
5dd074a5f6674685cfe723e7854c0b73,cce44d7973c3c5d679d99616b5f50c91,delivered,2018-07-25 07:59:03,2018-07-25 08:15:15,2018-08-07 08:45:00,2018-08-14 22:41:32,2018-08-21,b48ba4be334f94490e91bedd0d424432,2018-07-25
d44253469972c4d7c1dc643b5daa3d64,94090e8d1c257e4f684c0bb8cd37bf69,delivered,2018-01-07 13:37:15,2018-01-07 13:47:05,2018-01-08 15:55:40,2018-01-10 20:53:59,2018-01-24,c31ebd461283539cd2e73bfafbc0d73b,2018-01-07
ac416b71ffbc5fbfe4b5cea8a05b0d4d,57add4c6f47d0d2bca43964b6a766e4d,delivered,2018-08-01 15:46:59,2018-08-01 16:50:09,2018-08-02 12:19:00,2018-08-03 16:39:01,2018-08-07,6897ea9a949c1009af8cc38e691f260b,2018-08-01
a523e6db446544f568f8ff78830f1058,0731ffea2542a2e0a072078c3c4232fd,delivered,2017-11-25 00:53:10,2017-11-25 03:32:56,2017-11-28 18:26:52,2017-12-08 02:18:31,2017-12-19,b77f478a021da22cd683e0a0d51d7e1f,2017-11-25
2017c51dd36023cb764747debc340314,d86a084c7fa7102fe9e6ce64c04bc5d4,delivered,2018-05-18 12:42:03,2018-05-19 03:12:34,2018-05-22 13:40:00,2018-06-04 18:53:23,2018-06-11,1a05f2988cb6b7e77709b9e00553e313,2018-05-18
2c7b41b2acb40e97acfe3dc543de718e,727a44c126da6596f5e19157fbe74652,delivered,2018-03-08 23:12:12,2018-03-09 00:32:05,2018-03-09 18:08:21,2018-03-21 18:52:50,2018-04-02,4d9f081bc340386e11d4268eb01568a6,2018-03-08
d5cb76792b06c2a00edb03001d5f52ad,df688f6c00d2fefeb5a32f834d62fe6b,delivered,2018-01-22 10:01:16,2018-01-22 14:15:42,2018-02-06 17:28:31,2018-02-28 14:05:55,2018-03-12,471c60b2055e13359c7e4f1e180dad7f,2018-01-22
d33eeaaa657fd3ae5e7f4e8f92892ea5,57967bed045af2bd3831f8997d98f916,delivered,2018-08-08 09:44:21,2018-08-08 11:05:12,2018-08-10 11:23:00,2018-08-13 23:22:01,2018-08-14,d1130693a5417b8a14fd9d9fdce24948,2018-08-08
5beb64ae1902fb292d8148537bc85808,3f41011293e76e1a6012bbde38eb41d7,delivered,2018-01-10 23:19:28,2018-01-12 03:32:28,2018-01-15 09:03:37,2018-01-17 13:33:58,2018-01-29,8751335bacaecf6d5c8f30300adc5890,2018-01-10
64aba6980bbf5ba26727da7f8e5049ff,5bdca9b7358a3437a36317aa40783eb0,delivered,2017-04-04 22:55:36,2017-04-04 23:10:10,2017-04-06 13:43:19,2017-04-11 13:06:29,2017-04-25,e9b0b94dbd472812c6d5cfe014ab7a96,2017-04-04
2b51ea6e0892e56067bd7ab3ad853b63,835d4e2d9633ed0e63f2aef50a790372,delivered,2018-04-13 16:01:55,2018-04-13 16:35:32,2018-04-18 15:46:21,2018-04-25 16:51:55,2018-05-23,5562e35cbeb9b825409ca6c8d152294e,2018-04-13
061cafafafb36839a8ee7cf19ab807c6,a85c4ce1598da0a210287d8af78326f8,delivered,2018-03-14 07:03:01,2018-03-15 03:10:51,2018-03-21 21:32:18,2018-03-23 00:57:01,2018-04-10,7b086205e0980572490b511b015d82b7,2018-03-14
1c6380dc10ebea9bad618eb25fedcdfa,6ddfe4644d853bff46e25a5736bef934,delivered,2018-07-29 01:00:56,2018-07-29 01:10:08,2018-07-30 13:07:00,2018-08-03 16:06:47,2018-08-17,d425c9eb7081fa17e877704d5bdb34b5,2018-07-29
0c02a4cb5207e682d63a1343cbddd13b,c68d0a3fbe7bf557ea9b8c822e154535,delivered,2018-02-12 14:04:49,2018-02-12 14:15:46,2018-02-15 17:19:43,2018-03-19 21:06:03,2018-03-12,54bf1780705493f3224d73bd48e53186,2018-02-12
2169826696e2426423c4078cc76b8500,f776fdd034f1a561f18be7892b8a2874,delivered,2018-04-13 16:12:50,2018-04-13 16:52:21,2018-04-14 17:38:53,2018-04-19 00:42:36,2018-05-03,65a6ec5d6e6e86bc43a2cbf235be4675,2018-04-13
4fcd41f1365d2b6852c34568499584b8,319c5ed662ae2f36a7c5fd3f5baa4008,delivered,2018-08-02 12:04:48,2018-08-03 02:35:17,2018-08-03 14:30:00,2018-08-07 00:24:30,2018-08-09,c5da99fad84505c7a0079c005d0460ce,2018-08-02
500e6986cb13d87f17d80f2c6bfc2849,8a61c0742e77e7853688dca5dc4be720,delivered,2018-03-13 21:12:18,2018-03-14 09:48:34,2018-03-16 22:36:30,2018-04-05 22:19:15,2018-04-03,127ea7932a3ebe9ee2ca5922f66875ab,2018-03-13
6257efd6f6189754247b7a4fe4a1fe0f,929895edb644a1fbb7636ae6555fdf43,shipped,2018-03-23 19:24:16,2018-03-24 02:11:01,2018-03-27 01:57:16,,2018-04-16,57d549a3a27257ebfc933d60c52e4a42,2018-03-23
d79b6cf112bad1936bd72b03f20909ce,d38521b8c94b38e74554395115ca5c2f,delivered,2017-04-23 19:31:30,2017-04-23 19:42:27,2017-05-04 14:22:19,2017-05-11 10:05:01,2017-05-30,9a33dd59711dab6f08d324eee7e03ee9,2017-04-23
8b29c8a606c98ea835750427eeb92ae2,96fbed57e4c6f8cb99a08219815ffc94,delivered,2017-12-08 14:06:51,2017-12-12 03:54:27,2017-12-12 22:34:57,2017-12-18 22:51:37,2018-01-05,aa629fbe85e42dd198356871f8694e62,2017-12-08
13b2cd56f806ffc7938f53c374085817,66674f3dea78d929780de200271d1536,delivered,2017-07-01 23:16:12,2017-07-01 23:25:10,2017-07-03 12:32:15,2017-07-06 15:47:05,2017-07-14,e68b228a167dd53ae8935c8516089068,2017-07-01
b581194c5a3e89062586392d4a0e6def,fa7e747a940377d68377ce84d5d14fb7,delivered,2018-02-15 13:53:18,2018-02-15 14:10:31,2018-02-16 19:52:29,2018-02-20 21:22:37,2018-03-02,beaaf6f125d53e5acc21c2e14fd878f2,2018-02-15
858dc2838532d6ec487b622925f25c56,8a70aa71714e9dacc4dac1a4c4b336b9,delivered,2017-05-15 09:49:01,2017-05-16 03:42:32,2017-05-16 16:40:17,2017-05-22 16:53:06,2017-06-02,8ec7c3f5fc32980576acba1a45289133,2017-05-15
ca1a95284ae96a8e085f7671c44f37a4,c1940861d8b883968a7395396874df95,delivered,2018-07-31 22:44:03,2018-07-31 23:20:08,2018-08-01 12:13:00,2018-08-06 21:47:44,2018-08-15,3921cce6cea68738f49b58a1efa5efe4,2018-07-31
8bdee3a9ff0651eb881c70cd55a75a23,e61954c72673483f567045281f4abd8a,delivered,2017-12-28 14:22:24,2017-12-28 14:32:21,2018-01-02 19:24:27,2018-01-05 17:35:12,2018-01-17,91316fd0820d2c35d8e6685d4d2950fb,2017-12-28
a2a3400730e376777caa534221041eff,e82b93848d97d5852b8488ca2d5d5ac5,delivered,2017-09-07 11:23:18,2017-09-07 11:35:13,2017-09-08 15:36:00,2017-09-18 21:20:03,2017-10-03,3cda1f8a48d2aa40cb74f315149c7625,2017-09-07
b9dd3c9858c240eba0ec042ec9f47c01,09915c12803ae121d230703fdb376015,delivered,2018-07-24 15:46:12,2018-07-25 02:35:13,2018-07-26 14:26:00,2018-07-31 21:42:59,2018-08-17,b4de17398d2dc5bf217db110c3ba67fa,2018-07-24
cd9b4eecd6f542b2bcd61d258ab097f9,e9668d96ce074626f31507fcd00213e7,delivered,2018-01-09 12:36:04,2018-01-09 12:49:10,2018-01-12 00:07:49,2018-01-23 15:06:12,2018-02-06,bb8301515a08756fc7785fc57e713feb,2018-01-09
afdb9767a3f9ec80e34ce37c5f47aa63,f4e785160c7e5b17c2bc94c23d09c777,delivered,2018-07-13 12:59:18,2018-07-13 13:10:19,2018-07-17 11:33:00,2018-07-25 14:23:41,2018-08-14,aff153ace84864d158f1be81c0e7c30a,2018-07-13
a535e0a8e571efd2e1a7aff5a7aeffee,29705dae91566c0df058e2b96e05085f,delivered,2017-05-10 22:44:57,2017-05-10 23:02:41,2017-05-15 14:34:57,2017-05-17 15:41:53,2017-05-31,0a58eee37208a659eba0b9d8fbb373d4,2017-05-10
d5a777d0e1c561e945c9eedce2cad80f,e0590ae33ae1abecc19065b910364d75,delivered,2018-07-23 15:51:52,2018-07-23 16:46:02,2018-07-24 14:22:00,2018-07-27 20:32:52,2018-08-06,44ab6b0db74475ba366d650cec941d10,2018-07-23
0e6d9d386c1cd507df2b07bac0e8b4c8,cc277f38f00523ab10cdacc109bad31f,delivered,2018-02-02 14:29:22,2018-02-02 15:31:20,2018-02-05 16:05:23,2018-02-20 01:19:11,2018-03-01,33030ea3391006100c10dbd8294c3e6f,2018-02-02
cc6ff18551eb92a7b41171d26f847102,969f78e4502fe4fc9d432ce2f34d01a0,delivered,2018-01-15 18:41:21,2018-01-16 03:36:25,2018-01-18 16:45:01,2018-01-26 18:18:33,2018-02-05,5f4039e5919fcd7aad44678707157660,2018-01-15
cf8152b6a51ad306ad09a2d253c8133c,9b0ca7ce354778d017ea016dd199f9ee,delivered,2018-08-18 19:48:43,2018-08-18 20:10:05,2018-08-20 15:04:00,2018-08-24 19:16:48,2018-08-31,4ed82d2c4fb7be1abe53c72f75c4e269,2018-08-18
75cf2fc3704f159000d1c5ae5e005f83,2a099c0df6f9c343ce55e97e6aebf880,delivered,2017-10-09 14:05:46,2017-10-09 14:26:53,2017-10-11 15:52:25,2017-10-13 15:58:05,2017-10-20,d47c78d9dfca8f39fdcdd6f2a97d02a9,2017-10-09
e9a7a88ccf1498310636c542b8d2ed68,40f3d1e2e072b4def6fe9e34162c8064,delivered,2017-12-05 11:42:39,2017-12-05 11:58:26,2017-12-05 21:11:58,2017-12-11 23:17:02,2018-01-05,6d46782e86384e5e04e0e893ff854b77,2017-12-05
24b4c4cdd87c3e1f9b31b96ea5422f22,3654eb0827f9bede2a248b9cbe78a88e,delivered,2017-09-03 09:43:43,2017-09-03 09:55:14,2017-09-04 20:53:07,2017-09-08 22:22:21,2017-10-05,f07979cfa490b3bc64a73e7c524550c8,2017-09-03
1e651744aa0ad243b5410f7f24cfc4e9,71ae843add4548e7389eb6bab3200544,delivered,2017-11-03 07:37:59,2017-11-03 07:45:27,2017-11-06 21:26:45,2017-11-08 20:24:43,2017-11-16,57decc4615bafc47183a474e8ccec7ed,2017-11-03
905abf7e67aedee76e5974a22bcef8cd,944d4db30a78d0a21034f284bd2f4a85,delivered,2018-08-04 10:41:13,2018-08-04 10:50:17,2018-08-06 11:07:00,2018-08-09 12:47:26,2018-08-20,3a54e2381195debdc5852a59f27086ad,2018-08-04
768f22f92ccc8abc5d47eb74d90cb000,c35e714e688d2f434b7955d195b1753e,delivered,2018-02-18 14:01:37,2018-02-18 15:06:46,2018-02-19 16:18:57,2018-02-28 13:09:31,2018-03-16,1d6cbe5bf4e64828dfc7298ba06da881,2018-02-18
bda35b10977d165ff7f6ae6ce187a4e3,51f650a65f069672f200ed66b550662f,delivered,2018-07-28 13:14:46,2018-07-28 13:44:35,2018-07-30 15:35:00,2018-08-02 13:08:30,2018-08-13,013689381e404bf6304f57bab4b8f01d,2018-07-28
a04b5357c7eb10bccebd46d6d051e8b0,6ee8c83b8e23eb974794dd012c4e59be,delivered,2017-10-15 19:17:06,2017-10-15 19:28:13,2017-10-16 14:57:56,2017-10-24 20:03:20,2017-11-07,d2c416a539648f1a516b9e18d0725388,2017-10-15
8a8485723ca5bd95fd69bab2f1057157,44e721751303c6afc04f9b9c61aeed75,delivered,2018-03-14 13:24:52,2018-03-14 13:35:32,2018-03-15 20:03:28,2018-04-05 19:19:03,2018-04-10,0fa813b6007d61f3632f87a693f26111,2018-03-14
bf2df7aa2130e882e1e4f43b2dfe1875,bf17225a188dcade4977ee362920d1b7,delivered,2017-05-15 09:47:25,2017-05-17 03:45:12,2017-05-18 13:09:30,2017-05-19 08:34:45,2017-05-24,4b3bb0581e463066eed601f1991b4f16,2017-05-15
9abb69f7d6f2af7fa80d6f1542bbc91d,95c167eb33c376680b37d4e2cf719e3d,delivered,2018-01-19 01:43:38,2018-01-19 01:55:30,2018-01-25 20:59:38,2018-02-08 14:22:35,2018-02-21,ef251395efa71afeed8b895edfab931d,2018-01-19
82a3a8f173b1bc8e3b7da00ce95509e0,54fb40dfb17ff13839fa8a0ed4189f47,shipped,2017-11-24 02:21:57,2017-11-24 02:32:31,2017-11-29 18:28:56,,2017-12-18,f503ffc08b435b8fccd63f10b5389b3c,2017-11-24
5d438c27071139d7c8b5d47e9faed993,37fc16e6f7454488690917f99c907505,delivered,2018-02-01 09:05:50,2018-02-01 09:31:16,2018-02-03 00:42:48,2018-02-17 14:22:15,2018-03-01,7f4cb392df1dfa3efabf35e2bcd4b265,2018-02-01
011724d1afbd91844302627f79a66800,9899640961f5678c7fb0c46815ee6408,delivered,2018-08-09 18:32:00,2018-08-09 18:44:58,2018-08-10 13:55:00,2018-08-15 12:46:48,2018-08-22,7738c1fd7e3b64b02ebac8389f1f3b54,2018-08-09
0d40f8fd78977af4c4fa84293ae7fa21,623fb939c3c139f6a806f25d76adaea1,delivered,2018-02-07 23:07:35,2018-02-08 01:30:29,2018-02-22 01:07:11,2018-03-21 20:56:32,2018-03-23,97b8f0d62621936ef4c1618014cf5b7f,2018-02-07
24b425b6d0f061fcb84c1832d221e3bb,aeb4c7533882b7b165d846a5cb5a4c3e,canceled,2017-08-22 09:50:59,,,,2017-09-26,c77179ecbc53339bb8c1448f566c6bbb,2017-08-22
10990e23642104aa4b9308fbf816611b,5a512cfde6072587451f1ca086a65b86,delivered,2017-02-05 20:20:12,2017-02-07 03:42:40,2017-02-07 09:03:02,2017-02-10 13:24:09,2017-03-01,6b518e127b97da076dccd5467f8734ea,2017-02-05
260b8c09973c3e4067907121aac17c14,239f5de311e5a80828f27f9f579b85f1,delivered,2017-11-04 20:36:20,2017-11-04 20:50:33,2017-11-09 09:48:36,2017-11-14 16:25:10,2017-12-04,c32eefe4715ca1180e41d4e67c6978ba,2017-11-04
08be29a19a75ae2f62a0f1250c4f67c6,500d6039642b97f92c9a47d849af5410,delivered,2017-05-01 23:34:00,2017-05-01 23:45:10,2017-05-09 07:58:27,2017-05-18 15:09:21,2017-05-23,ff49569c47039afb2424f276d9071368,2017-05-01
ef79852572532629bfd78b06d07055c5,bcea3f0d7933adb96e4d72568d386cf4,delivered,2017-09-24 19:34:44,2017-09-24 19:50:15,2017-09-27 14:47:15,2017-10-09 19:14:38,2017-10-26,ce5e89ef785b6b3fa8b7816d835220f0,2017-09-24
b3c1851a1730d45ed539eec30414e580,adb0a9e419aede0bb7860ea6544ddd5c,delivered,2017-11-09 02:42:06,2017-11-09 04:31:11,2017-11-09 21:41:08,2017-11-30 01:12:00,2017-12-19,de737e1b461fd8095d3f4e1eed55afaa,2017-11-09
f86b96a15afabfbffbfe7fcad56b8ff9,8848756dcd3d3a7d4362b96c55967c0a,delivered,2018-02-11 13:26:35,2018-02-11 13:40:29,2018-02-28 20:59:55,2018-03-01 22:39:19,2018-03-12,6ff44671c326cf81d845a2fe0013db4b,2018-02-11
85e414384871e93a0c457ccf0b0d68b8,59ea29b6bd9ea6c5f51823537e21b2d6,delivered,2017-12-07 15:04:23,2017-12-07 15:43:07,2017-12-13 17:15:10,2017-12-21 12:44:57,2018-01-03,9d7e085be25b92be856cbb6524786cb8,2017-12-07
5aeace5c1d1829eabacd16ce59404a60,9f43e8777082ae8ba57c81b4eb906882,delivered,2018-04-13 14:30:07,2018-04-14 02:30:28,2018-04-17 19:12:26,2018-05-03 19:19:46,2018-05-15,8b25396894d7f811e22e4a0662e18d54,2018-04-13
c99a7c5ad6561092e099cf71868b4e78,4817f07387a8f00e2be43bf9ea007e4b,delivered,2018-05-09 23:51:53,2018-05-10 00:14:03,2018-05-10 12:07:00,2018-05-25 21:18:33,2018-06-12,33416ee3d4fa56400ec814d7b24bde02,2018-05-09
10857948637314508e05a14dfd8328b9,ca44b093785d8fd0ad08ab08a5492227,delivered,2017-03-25 21:48:06,2017-03-25 21:55:15,2017-03-29 06:25:31,2017-04-07 09:15:52,2017-04-18,08637c0dba49e362251a516a83a46320,2017-03-25
698b0a11c6a256230a174051afc56470,ec9919f351c71bf76009ab563d87caa9,delivered,2018-01-26 13:45:17,2018-01-26 13:55:22,2018-01-29 17:51:27,2018-02-03 14:04:34,2018-02-26,31ae77543b4607be85072a5aa23e19ca,2018-01-26
99cf9baabb2f8e480c047c45957fd0aa,7a94c207ca864300cbedc5db37cec069,delivered,2018-01-21 10:13:10,2018-01-23 03:52:53,2018-01-24 14:36:34,2018-01-30 19:39:00,2018-02-06,a64eb6b9c59b89716e59ccc70f0017c0,2018-01-21
dc423fd5dad84d30d887debb5323e413,ed0830b3e26799e8fd0b0c3e32e34ef8,delivered,2017-03-01 17:11:17,2017-03-02 04:10:29,2017-03-06 08:11:48,2017-03-15 18:34:05,2017-04-10,6bf29f2216d49bef85259f3944f69738,2017-03-01
9ca7ad0b7aafb20b74dd5c1bc5f851d4,351e25c72198b7d80b310f8391b8b222,delivered,2017-08-30 14:01:04,2017-08-30 14:10:15,2017-09-01 17:04:04,2017-09-11 20:12:25,2017-09-18,94f785479d97796dacc40320b0e7c900,2017-08-30
c441a9a0fbf9ceb54037aed741d95e8a,649bf985f2c900b205dc43eb371e8228,delivered,2018-03-08 11:21:00,2018-03-08 11:30:31,2018-03-08 21:50:37,2018-03-15 21:17:38,2018-04-06,674308a841e4760b932721040515c0af,2018-03-08
a5f429a0b94f15b78d957ff59c461c44,4dc3f238a63a17c82d8fd6f60273f445,delivered,2018-01-09 23:01:33,2018-01-10 10:31:55,2018-01-10 23:34:27,2018-01-11 18:47:43,2018-01-23,3c5fec19ed02a69c8370f5d7b7c44d7f,2018-01-09
1d525c1f58c75e74697f3993a3fc80a7,e5e64951448d14fcd1ff8d98ab5f9e71,delivered,2018-01-07 22:22:22,2018-01-07 22:32:25,2018-01-08 16:59:20,2018-01-10 15:11:50,2018-01-26,53e800ace3a29aaaa0a5479fd990b100,2018-01-07
4274df747cf9a1ac15adf09a87185dc1,618174cd887c0ff38799803a8a885f04,delivered,2017-12-10 12:11:39,2017-12-10 12:19:26,2017-12-12 23:15:35,2017-12-16 17:24:35,2018-01-09,389ea06cf3143f5644bce1a2492d9de8,2017-12-10
4e1679640c29ba05f498ac20e026213e,f25bd233d365ab0119f6bf5f397a955e,delivered,2018-01-15 01:58:50,2018-01-15 02:12:44,2018-01-18 17:25:59,2018-01-30 18:22:52,2018-02-14,cf65c75b39d9bee977dbcb552f2f3c7f,2018-01-15
f8647aaeab4c6556d59fb6f9a8508e81,347e240bb2f7b5607cad9677cc5f2e3e,delivered,2017-08-02 21:28:30,2017-08-02 21:45:09,2017-08-07 18:36:00,2017-08-17 22:11:53,2017-08-24,55c84c3a6ed3e40b21b2c40a7448d774,2017-08-02
1c70da88ac2f845fcca28df46ba4b4fb,18c5119621cc70720226b725ffe2e03d,delivered,2017-12-23 14:48:05,2017-12-24 14:49:22,2017-12-26 21:18:42,2018-01-08 23:07:37,2018-01-19,0b94178b2ae91e182de7154f7837cc2f,2017-12-23
c277b80337c0ca11cae04fe7280ed4eb,deeda01436f945c1ac2891356603a066,delivered,2017-11-27 11:13:32,2017-11-28 03:31:49,2017-11-28 17:03:45,2017-11-30 18:13:01,2017-12-11,4219d1ebcfedd1e6082605ba42d29040,2017-11-27
726578ea1b027b33080a7a807e97941a,85e2e59e0cca5ae33338be492457eb38,delivered,2018-02-06 11:16:58,2018-02-06 11:35:28,2018-02-07 22:26:55,2018-02-15 18:35:48,2018-03-07,4bf871ccedd5206ac4c85b681a6d12c4,2018-02-06
5bc73b0c41be139e802a0e8f361713db,dda04be43f0a159e1f18f6d2d77f69f3,delivered,2017-09-14 21:54:29,2017-09-14 22:08:21,2017-09-27 19:02:54,2017-10-06 20:52:25,2017-10-11,8ca03587766155bf3937b86430983255,2017-09-14
473db6bd9e60ec3fb425cd204fb8f4c1,202388e0554955ed38ae8ca31aa41613,delivered,2018-01-26 23:07:13,2018-01-26 23:18:28,2018-01-29 17:51:37,2018-02-15 21:13:10,2018-02-20,b681d8fda31a5549084feae773413bcf,2018-01-26
fd26702a3f7ee5d86580de591ff53e3f,d3b1dd5a9cafa5e8191a28f92a8f5d40,delivered,2017-07-04 08:59:04,2017-07-05 03:04:05,2017-07-05 13:41:24,2017-07-12 12:57:30,2017-08-01,19be5923f7d998e76b9f3b1eb87c32af,2017-07-04
5825ce2e88d5346438686b0bba99e5ee,0002414f95344307404f0ace7a26f1d5,delivered,2017-08-16 13:09:20,2017-08-17 03:10:27,2017-08-19 11:34:29,2017-09-13 20:06:02,2017-09-14,4893ad4ea28b2c5b3ddf4e82e79db9e6,2017-08-16
d4196928f507b9d28c258f1ab20dc397,6cac77779271796bf107e2a9c85747af,shipped,2018-04-02 12:49:34,2018-04-03 05:28:02,2018-04-03 17:04:38,,2018-04-19,5b2c641e7c5002f7d6dc715a1a13a6c6,2018-04-02
e5b8c6e3d666c6653f4eb12e402a0ece,6f8ee177ec3fe758ffc2860e644cfd84,delivered,2018-02-27 14:26:04,2018-02-27 14:35:44,2018-03-06 00:04:20,2018-03-19 12:47:34,2018-03-26,91c0ed5fde94a56b99e4ce6d43d0d6be,2018-02-27
86ab312ff20b032420f0320b32a37f12,d3195197238054c36312c802372c387d,delivered,2018-06-13 08:54:59,2018-06-13 09:16:13,2018-06-13 13:29:00,2018-06-21 14:26:40,2018-07-17,3f9f72d774b3bed3ea342333dee1ea64,2018-06-13
a1f444637730cb2eded588f7bd64f1cb,f7d648f9c1cc662bec12f84a49b1ecb5,delivered,2018-04-25 21:14:18,2018-04-26 08:55:38,2018-04-30 14:08:00,2018-06-01 11:18:35,2018-06-11,46eea84161fc3fbb4040fd02b046a70c,2018-04-25
a3a45c1c1ea8a1242a535611257bb20e,38fa174df046c2ecf4405b469f8ff03d,delivered,2017-11-03 17:02:04,2017-11-03 17:11:27,2017-11-06 21:34:44,2017-11-14 21:38:48,2017-11-30,3c721f9508cd151923d3c7b2c5869743,2017-11-03
1def2f4bb1690cbafbef93e9617b0c56,a84419a14dcba3aa77ac5e4d751ec689,delivered,2018-04-02 20:41:50,2018-04-02 20:55:30,2018-04-04 01:14:54,2018-04-06 17:21:15,2018-04-12,e1597191169c809c3f806394f02b3835,2018-04-02
6f211f55f5d2168a3c9d8c60e6a89c3d,726e75bfe782c4674b24619653011d9d,delivered,2018-05-12 09:39:18,2018-05-13 09:35:21,2018-05-15 15:15:00,2018-05-17 23:38:54,2018-06-01,fc9b3da58ecf5bdee93af1498aee86dd,2018-05-12
fdf50a1f4038ef295b3074224fba8076,bbf3c2d882c9c723d05d821e30e4e2a2,delivered,2018-07-16 18:50:38,2018-07-17 08:21:11,2018-07-18 14:04:00,2018-07-23 13:28:43,2018-08-06,98f4f86fe9df570c8274f893eed46ef4,2018-07-16
07883af69dfb22686ef985505006f9af,b5fb9a0f32a8319d4102955e48ab411c,delivered,2018-01-22 13:01:26,2018-01-24 02:38:32,2018-01-25 20:45:36,2018-01-30 12:49:42,2018-02-14,4a9e86881b867accff88f8413a5ee4fe,2018-01-22
6a56ad246a3e00f07e7f0e4f7fb3d519,432ccb202f9b881f60841007ff8bb896,delivered,2018-03-13 12:12:22,2018-03-13 12:30:29,2018-03-19 22:06:43,2018-04-09 20:34:48,2018-04-13,021b5df6105eece2e83def42b2a75a1c,2018-03-13
a1359034d0f05483436966ca3cd71aa5,4ae40d8d19e9465ddeb28ae58cd5eb2d,delivered,2018-02-18 20:23:42,2018-02-18 21:26:52,2018-02-22 02:42:01,2018-03-26 14:42:04,2018-03-20,79547b74e5c9279376e8f70e7ac772b0,2018-02-18
af541cbd9810aaa8b64b870516d507a6,62cedeefcf7566f584f0c424138b5247,delivered,2017-11-26 14:21:33,2017-11-28 03:33:02,2017-11-30 16:38:42,2017-12-11 22:05:08,2017-12-28,5f60060ca9a1a7d85838252f62dacc3c,2017-11-26
55e186387dc4b33d16d86a920ee7f77b,13e70e15fba5664bf7b10019777d1868,delivered,2018-03-26 11:27:15,2018-03-28 09:55:25,2018-04-02 20:38:36,2018-04-10 15:24:47,2018-04-13,fb0d0720c626419256088a8dec9d496e,2018-03-26
eedfdd1e4ef97bae3bc2a49f06e3016b,d12201dcce98c82854236c1bba22d6b0,delivered,2018-02-12 11:08:07,2018-02-12 11:28:04,2018-02-15 00:15:14,2018-03-01 22:36:56,2018-03-15,8fea95cc720de6081d306b0dacc25353,2018-02-12
c08207456235b73fe23b3f65986d6856,2ca853a08e9b198cd7b6580af003ed5a,delivered,2018-06-12 22:06:37,2018-06-14 02:17:15,2018-06-20 15:57:00,2018-06-28 20:05:40,2018-07-13,fd25ac83f8684107dea63fc4b864d777,2018-06-12
5cd9d29876c165b99b25582096c9e0cd,06ca4d6c6e5ed80da33fd58e240fb4a0,delivered,2018-02-06 20:34:19,2018-02-08 07:50:32,2018-02-28 15:29:09,2018-03-27 23:41:21,2018-03-21,ecbacfe40e728dc55351151cb2b7e5c8,2018-02-06
c5aea2f23df89cdf58e3c3721456f0b0,5f9872a197a2225781b1f0b8573dd14b,delivered,2018-04-15 14:44:29,2018-04-15 14:55:24,2018-04-17 14:56:56,2018-04-24 22:18:34,2018-05-18,58b9df3491d94885a911b85e507c75d1,2018-04-15
e93a08b4b8bec070a829d321c8172c49,5f6c68f6eed9f11f14dae6a843a4a756,delivered,2017-05-31 12:15:03,2017-05-31 13:08:01,2017-06-01 15:44:41,2017-06-09 20:19:51,2017-07-05,e97833820623478d4b3dff41f2dd9914,2017-05-31
a0d8479e0bc26a5baa9988711c4320b1,7d156722fa63e2fc2bc1c3ed04d827be,delivered,2017-07-03 18:33:12,2017-07-03 18:45:17,2017-07-04 11:58:14,2017-07-24 16:18:37,2017-07-31,5cd49b710f13c8714bf78f4d56b676b5,2017-07-03
bd5a5d136ec2b172779857caced38ddc,9d4585da8988474c7bac7a36cd9e62ae,delivered,2018-04-14 16:08:44,2018-04-14 16:31:12,2018-04-17 06:20:50,2018-05-10 00:32:25,2018-05-09,adb1362885e08e15f9ebb4e73416bbb3,2018-04-14
970035ae7179b5efe6ad5c087f1da768,64effa5811523af095bee35e8c03729e,delivered,2017-11-07 18:16:43,2017-11-07 19:00:20,2017-11-10 20:46:52,2017-11-25 18:37:04,2017-11-28,42a2c164877a24a321720fe7bb31c1a1,2017-11-07
69dca366b923580fca5a6c04992098c2,0dd7789ac6fdf88372827ea3f88b4395,delivered,2018-01-30 19:55:41,2018-01-30 20:10:23,2018-02-02 01:27:53,2018-02-15 15:23:57,2018-02-21,1dc00066527659a51bb66e41cfbbfef5,2018-01-30
dbf6877228cc3660405cab36ede2947e,47ed1ad73b7883c3fd905000b1d1f57b,delivered,2018-04-11 14:50:06,2018-04-11 15:12:09,2018-04-12 17:16:50,2018-04-14 01:21:59,2018-04-27,c10e7d1b56c9ee965823ea384a0d6f21,2018-04-11
4cf039bb3ac612eaf93de354f5da9cbe,fec94867036494021f5710ea97ddd84e,delivered,2018-07-30 15:35:36,2018-07-30 19:32:04,2018-08-01 15:17:00,2018-08-14 00:54:46,2018-08-16,89921797e6c1c39982ed6f103fdc32d5,2018-07-30
8a40b54e2d8feb61c8e3f0091cde4fc9,6af446fb42dc07b3b2acd42c6a135c9e,delivered,2017-11-15 23:56:55,2017-11-17 03:55:41,2017-11-17 18:28:25,2017-11-29 23:29:35,2017-12-14,69f592f573cf56a53e580a78e02185d8,2017-11-15
2b9f8967c6489ea04357a9fc58740ae5,4a46e095cc22c617bcd64870dc2ef70f,delivered,2018-08-10 11:07:56,2018-08-10 11:15:19,2018-08-14 14:53:00,2018-08-27 11:35:38,2018-09-17,99708808b846a3b010608466cf4edc52,2018-08-10
74b0cc42b04ee1e7ad337a157d1eff9a,dafd8d87717e26770c556fd18879054b,delivered,2017-02-14 09:21:04,2017-02-15 03:03:40,2017-02-15 11:37:50,2017-02-24 08:31:28,2017-03-15,c840a2aeb87b05bca002fbdac3bc20d7,2017-02-14
390ea954e6bcedbc2d2a76a506373769,67b161cde4ae3f48b46458ab5b2ddcdd,delivered,2017-12-05 19:03:31,2017-12-05 19:17:32,2017-12-06 17:16:39,2017-12-11 14:12:56,2017-12-21,834bbf6753657aa88bb712afd799bcb6,2017-12-05
ca2d0999ad1d0d4425ca9403c264cc3e,a70354351603c255327b5159c9c3b5ec,delivered,2018-04-01 09:41:11,2018-04-01 09:50:16,2018-04-04 01:40:54,2018-04-11 20:35:32,2018-04-26,a559ec236e83919624a319c364dbee39,2018-04-01
c7528ad3eeabc9fee6d6839e687f69dc,4d6aab311eb3e1bb0a54b3d0c575fcf0,delivered,2017-09-29 21:38:32,2017-09-29 21:49:26,2017-10-03 14:04:57,2017-11-10 21:46:56,2017-11-08,6fd0bf0ccee98e915bc242a3fac402db,2017-09-29
423ded96e7e73e3a75048e458e70bc2a,a2f20e6dfed8f0935aedff08929ef377,delivered,2017-06-21 19:56:57,2017-06-23 16:45:17,2017-06-26 13:18:33,2017-06-29 15:24:35,2017-07-04,824f99a9ae337081673eac3bd026feef,2017-06-21
2403a75f23292d207a16e2fa97551270,ed75d0bd6065772c560187ccc065a2a8,delivered,2017-11-16 23:07:46,2017-11-18 02:15:39,2017-11-21 23:11:03,2017-12-15 18:58:57,2017-12-08,7a1cc61a37298c3f36d52a699b1e38cf,2017-11-16
055aed279e13c9571499453c260726e9,e07255e0a4e248ceee143c136e2d7caf,delivered,2018-01-08 13:47:00,2018-01-08 13:59:22,2018-01-09 17:07:51,2018-01-30 14:53:23,2018-02-14,ff885973dca75f1361dd79cf033cf6fb,2018-01-08
8654cd8e725e48af0d843f5c60598e72,bad4461ca80fdc3b1cbcdeb8ccb6ad42,delivered,2018-07-22 13:18:56,2018-07-23 11:31:28,2018-07-24 14:37:00,2018-07-30 15:05:40,2018-08-28,5192c897072033288df55bd01b0e5737,2018-07-22
ea9fa4f97dba6807fd178a433ed17032,f815690ce9f030145547e14a9c544af5,delivered,2017-05-28 21:15:32,2017-05-28 23:35:15,2017-05-29 11:09:43,2017-06-06 14:57:40,2017-06-23,9d3be73e208902906c59e9b4c6b793cd,2017-05-28
65a096a4c493679dde9d1c264f065a2d,0b702c79a0f15e9925c12db5779729b3,delivered,2017-10-31 18:31:10,2017-10-31 19:34:37,2017-11-03 22:59:50,2017-11-08 21:51:48,2017-11-29,c5c348704121fa48b8c005478f8c8a5e,2017-10-31
19fffb5eab0cb56530a7569759bcf889,3d083ad587862bdc9fc34e88036cf15e,delivered,2017-06-30 14:53:09,2017-06-30 15:03:59,2017-07-03 15:21:39,2017-07-28 18:53:47,2017-08-01,4b64294924aa6f4f014b6bd57a238e2d,2017-06-30
71a378f8b8ef5f17a1518d5bf92f57c4,7cfb0a73dcdd12e435a0f51414aa3e07,delivered,2017-10-09 11:32:15,2017-10-09 11:49:28,2017-10-09 18:43:58,2017-10-24 20:34:09,2017-11-08,7042db5d6dda6bef228aa51b708f3579,2017-10-09
e554faec14ac84b923b5b62b78b89c4e,1cd552c7aae3f67c65e1100683180f28,delivered,2017-07-10 18:25:59,2017-07-10 18:43:48,2017-07-11 21:05:08,2017-07-14 19:42:40,2017-07-21,66aa0574c0357b290d5e0c5e93bcf7e7,2017-07-10
9fb578d8a9c6d5c73ea157e45b69d479,741775b7ac1b255bb101811981b5a569,delivered,2018-08-02 12:05:20,2018-08-02 12:50:18,2018-08-06 17:36:00,2018-08-10 21:33:34,2018-08-27,9b3b1250fb6c3987a2327cd72e8954d3,2018-08-02
0044c6f6d22dd280534344177c81b989,24436139c80a4ae51c0e3a98469ed7d4,delivered,2018-05-18 16:59:09,2018-05-18 17:15:37,2018-05-21 14:46:00,2018-06-04 20:12:57,2018-06-12,b2c2e2635aded82494c5be5843664b74,2018-05-18
9be8071edcd41670cec46c3c32f8d27a,b404c626366430d37af24dd5512928c2,delivered,2018-05-16 18:45:11,2018-05-16 18:57:42,2018-05-17 12:55:00,2018-05-21 19:18:50,2018-05-30,f77c39e3290fba21f96ee1d92824a987,2018-05-16
1213ff0d2ad8c3332f4cf08f5ab96511,ba6845ad2c65cc4403e9df8f292d5d36,delivered,2018-05-13 18:19:46,2018-05-13 18:32:21,2018-05-15 13:46:00,2018-05-17 20:36:44,2018-05-29,0e58d0234d25ec72a22396e55e223959,2018-05-13
73afa0a1713acd1377a6473373016351,b4ee70d8e9bc104a6b2d3fa33b0f251c,delivered,2017-08-14 15:32:37,2017-08-15 15:45:10,2017-08-17 14:06:49,2017-08-28 19:09:54,2017-09-19,7b1e0619bf7fc990e16aa6a31d3abefb,2017-08-14
539c20beb5b66c57aacd5dcc9b21b08c,b4927811aec596cb53b1d070d0bbd5d7,delivered,2018-01-03 10:59:25,2018-01-03 11:10:32,2018-01-05 11:53:38,2018-01-08 14:47:15,2018-01-19,0a8b91bcda2e8a617d07e50b0fe963c0,2018-01-03
779e0845b9e541376ce3e8120c548cb7,669a095be23ecbe06b337b39888bc61b,delivered,2017-09-30 18:43:29,2017-10-02 09:14:10,2017-10-02 17:52:31,2017-10-16 23:03:32,2017-10-24,bf39e3be6c1bf000bc0cabe1815d92f5,2017-09-30
b70007824303eaad6d7736673b76b17d,6d9317e6c01f2322131a434a0c31065e,delivered,2017-04-18 14:59:13,2017-04-20 02:45:16,2017-04-20 08:28:05,2017-05-18 11:16:48,2017-05-11,f8e04b8dd5f546354db21a27ee448abd,2017-04-18
a041744e93df801b846b46ba92edbe04,60c4b673871ce8e9f7638fdc42757cb4,delivered,2017-12-13 12:13:49,2017-12-15 02:30:40,2017-12-15 19:22:59,2017-12-22 12:58:08,2018-01-11,a00e0a3b162f9b407172ffd674477ce7,2017-12-13
cc91c4dc3388e7cc6b4f5de648cae283,9818bf2fbfca93ac894d14e35d9313d4,delivered,2018-05-12 06:50:43,2018-05-12 07:15:13,2018-05-14 13:43:00,2018-05-15 17:26:48,2018-05-22,70346eba8d0d4fa1ea13ce9b066ad60e,2018-05-12
344d665d49ca943ec95287c256a1eae0,0712358f39f7ee528dd7930c5e43b4db,delivered,2018-05-16 14:39:56,2018-05-16 15:18:01,2018-05-17 08:32:00,2018-05-18 12:11:12,2018-05-24,e45ad34197c23b42f09eecb19329c0f5,2018-05-16
59b598f25ce5991f7526c8ff8fc76601,e6e6d9148c8ecb73bbaf5f498003923e,delivered,2018-07-20 02:59:01,2018-07-24 11:33:18,2018-07-25 06:56:00,2018-07-30 19:38:43,2018-08-03,d733a95f6cb68a232fa3478980d52464,2018-07-20
13fbafaef2c5ecd471faa4a85d382ebc,61f36679d219b1c61d8ccf20ad0cb547,delivered,2017-08-05 22:30:35,2017-08-05 22:45:11,2017-08-08 00:27:35,2017-08-16 20:12:46,2017-08-29,f6bbb6c409185f4c1c9d6be4857f16ac,2017-08-05
0627a80d6b5c65e9b212271f845e34da,d94f717fa5e77c3d7b16ee7cccdfe45e,delivered,2017-10-30 22:57:51,2017-11-01 03:31:16,2017-11-14 16:32:31,2017-12-15 02:55:01,2017-12-08,bb9e3b6a4a25010f208120cf009c9d9b,2017-10-30
6d1df003234b0fe1102e0111ba280d62,eb08bcb94cc54205f3bb7cfe27f3e9a6,delivered,2018-05-10 14:00:03,2018-05-11 13:55:13,2018-05-14 11:54:00,2018-05-15 18:38:47,2018-05-21,064357282d2691e9c8e1e5c57bcc03db,2018-05-10
38c27dfc491d9aabf7733ae9a163f8af,12e631e6faa17d9566a8fa96e5cc3e61,delivered,2018-06-12 01:22:04,2018-06-12 01:35:13,2018-06-12 15:51:00,2018-06-13 20:31:53,2018-06-21,53ce3943329519e305a15a0a2de2d88c,2018-06-12
d37903927d4afa727aff8976a9a49c80,7693881743e1ab076e31659a9b5eebe6,delivered,2017-12-21 19:40:01,2017-12-21 19:50:51,2017-12-22 20:47:52,2017-12-28 14:51:43,2018-01-17,d1274e745e41831ae4014719790cfdc5,2017-12-21
d20a75098caf1adc63a3792b3b3e4e89,03f7dd0df6ce673353bd6e9dd6e8ae2c,delivered,2017-03-28 09:36:16,2017-03-28 09:50:16,2017-03-30 10:22:53,2017-04-04 16:28:02,2017-04-17,12a2e65063ba8c6f37764d419afe9fe4,2017-03-28
af15ff821c39e3eb5fec800be3d79841,e49333c505ebbf2b8533233679054b14,delivered,2018-01-03 09:11:40,2018-01-03 09:26:45,2018-01-04 21:37:34,2018-01-09 15:12:41,2018-02-01,1cb28c4248751be8982fffb352d07caf,2018-01-03
b7ef6596e29a5d29c0636d6548b96810,53cbe14b65401ddcdfe6a9430d52387e,delivered,2018-03-18 12:16:38,2018-03-19 07:50:48,2018-03-20 16:18:50,2018-04-10 14:48:43,2018-04-13,2f2bc963a0bf88ac75287e5124e04c10,2018-03-18
d9dc6fdb544c7b53af95f8dfdd3ed659,91dec73146f15e5a96abc36bea548cf9,delivered,2018-05-14 16:50:57,2018-05-16 03:54:55,2018-05-16 12:10:00,2018-05-21 19:28:43,2018-06-07,2dd40c7f406b04b3e3648f013e6df53c,2018-05-14
bede49402c31f79ae1ea5fea8e67593f,341a66f90b16b33339ff0c9dda9f7fc0,invoiced,2017-02-14 16:04:04,2017-02-14 16:15:13,,,2017-03-21,07ce36019780a3adda8195a6a01a00c5,2017-02-14
cb5e5871967a2d2ff1594d2a652fa290,d51d980e3ed06eec0c963264d8b94a0f,delivered,2017-04-28 13:44:52,2017-04-28 13:55:22,2017-05-02 11:46:13,2017-05-15 16:42:41,2017-05-24,5a18aed8495fec61fd9cf2a0c41fc312,2017-04-28
9a21763c2fabd9e832206b8020910d1e,cd4fa374324cf1ea4103aa4ac082440b,delivered,2017-08-21 22:13:38,2017-08-21 22:26:18,2017-08-25 16:17:01,2017-08-30 18:04:04,2017-09-20,3728af44e90137390d9128147469bfad,2017-08-21
4c0da64bca225f1212fcade3dad55864,1b6a67fd94277eeca30eed5df67013e0,delivered,2018-03-07 13:39:50,2018-03-08 02:29:25,2018-03-08 21:34:28,2018-04-06 20:41:31,2018-03-28,7c6b429ba517d7b0530fd0935477908f,2018-03-07
db5ffcf21d69f57af9556fedec62a95a,35c5ad270bff076f7b5c235849efe96e,delivered,2018-04-05 16:40:03,2018-04-06 16:35:24,2018-04-10 00:28:40,2018-04-13 20:31:42,2018-04-27,c15eb9e87750a9ac060148011446ea74,2018-04-05
d065b09029154302dc8262cb309fe614,aa11646182eb81a2cd1a1ec900603fbc,delivered,2017-08-20 20:52:20,2017-08-20 21:05:19,2017-08-22 20:47:53,2017-08-24 14:25:13,2017-09-11,dd6a4fc9425bbe08b6b0f01f924ae033,2017-08-20
b408f4a2019ebaf05a37c861b4c611bc,32d5d2dd434fd0524cd33dd5db058d1d,delivered,2018-03-21 14:05:22,2018-03-21 14:48:46,2018-03-22 19:37:50,2018-04-25 22:32:29,2018-04-27,cd505ead1861e0fcb29ae974afc83eeb,2018-03-21
b5ac50103235f27b1d286960df625d1d,91de57e4716ed3deaf13a08b47fefaf5,delivered,2018-04-08 17:42:18,2018-04-08 17:55:14,2018-04-09 19:44:24,2018-04-17 19:08:19,2018-05-03,545fa2ebe8244712cde860d8ad84e199,2018-04-08
a8d0c1cbe2efd70a2ec22befd3a5390e,58d35ef620f2e9b5e65f4db499b36053,delivered,2017-11-08 11:03:00,2017-11-08 11:16:09,2017-11-08 20:42:57,2017-11-16 21:44:41,2017-11-30,1daabd01c6325eb962b5576e02202b5b,2017-11-08
cccc154ce300f1dd193065ddbf6383f9,9f4941a3863ffce26f87e9bb96d81c95,delivered,2018-07-26 11:04:47,2018-07-27 04:05:17,2018-07-27 15:10:00,2018-08-02 21:24:52,2018-08-20,5656eb169546146caeab56c3ffc3d268,2018-07-26
777f09795a87e5598924d1f7090deeb1,39c74e07d34944b5be0c87dc592e9882,delivered,2018-08-10 15:03:50,2018-08-10 15:15:12,2018-08-13 14:53:00,2018-08-15 20:58:35,2018-08-27,150efee9847adcb0a932c4d342920f16,2018-08-10
0683849d0c0146afc4977ada6e86bc88,368007c7af210b8120dee45313b707d7,delivered,2018-02-20 14:41:45,2018-02-22 02:08:47,2018-02-23 16:58:48,2018-02-28 15:04:21,2018-03-14,c7ee35b80dffbd37d0015dfc6020d4fa,2018-02-20
83b5fc912b2862c5046555ded1483ae9,ffff42319e9b2d713724ae527742af25,delivered,2018-06-13 16:57:05,2018-06-13 17:20:23,2018-06-15 18:52:00,2018-06-18 18:33:05,2018-06-25,680213db6ebd9e4f24d03280cbe10346,2018-06-13
6b353bba58520d286313c6f64cc078ff,638450a5fcf36c86e90ca1c5b7ebd357,delivered,2017-11-30 19:12:57,2017-12-01 09:31:02,2017-12-01 17:22:14,2017-12-11 19:25:02,2017-12-28,1d5776ff17aff5591c5653c463cdc438,2017-11-30
b9e02f2f3a6648709578cdd17f31976d,a90a58018ba607a42d2f0c56857fe3d8,delivered,2018-01-30 14:38:19,2018-01-30 15:10:55,2018-02-02 15:32:35,2018-02-15 16:33:39,2018-02-21,a9d48a4ebcfccf43476b48f55e09df1b,2018-01-30
10992b09416c413bd468501706f7d475,61e1054b32ea27b4a6ac125c02f51709,delivered,2018-01-21 19:33:46,2018-01-22 13:57:57,2018-01-31 20:54:06,2018-02-09 22:08:56,2018-02-06,87fbeb1d4f53d10c008b8aeb09dd6a68,2018-01-21
c36fe9947bce36c97cd3eb1a5c9303aa,d0ddacba5cb9f6eb8b0c500d6ae93e59,delivered,2018-01-09 12:17:33,2018-01-11 02:48:30,2018-01-11 23:29:52,2018-01-12 23:11:09,2018-01-26,44772564e98a8ed0f1afa3bd32bed4f7,2018-01-09
c87c029dedce9ae21aa8cd97464af0c3,498127813f503833772f017673c2942e,delivered,2017-12-19 18:08:44,2017-12-21 02:11:53,2017-12-22 17:39:50,2017-12-27 16:18:56,2018-01-15,d15d612a2a2f4499c1fdfbc7b3b02476,2017-12-19
d1804dbdc6ea61e2dc9bf965e7ffffa2,866aaa9d6c61762ad4240425b10fc25f,delivered,2018-03-04 07:43:06,2018-03-06 03:51:14,2018-03-07 16:52:47,2018-03-08 18:21:48,2018-03-19,51c4ac3413acf4a49b78fe6be0904360,2018-03-04
171a8dc67900a97eead478783172b440,1003c48609c8afc8a24ddb9305f9d772,delivered,2018-05-03 13:33:33,2018-05-04 11:33:32,2018-05-08 12:25:00,2018-05-16 13:12:32,2018-06-18,53ddd59859aa1bb8be87f8e47e2e239d,2018-05-03
e4bdc363e2eda01d30176e4467b12cb3,d1f34b0c6f453e386234387a1396ffc9,delivered,2017-04-08 14:18:12,2017-04-08 14:30:10,2017-04-11 09:13:38,2017-04-17 16:52:21,2017-05-15,809d6dfb4365b8dd803181325337e741,2017-04-08
ab5f90eadc79573fb310e7c66e05ae19,6637874c14404b65a5c59c8ab576c86d,delivered,2017-09-16 18:44:09,2017-09-19 04:04:12,2017-09-21 17:13:00,2017-09-22 21:26:06,2017-09-28,9a628d6b0699f11c823f218be04bf1cb,2017-09-16
55788c74967dbef64cfde7d1db11e49d,6c769a7f654fe95a45bed7d0e5d9dd10,delivered,2018-05-10 15:49:24,2018-05-11 08:58:17,2018-05-12 08:09:00,2018-05-19 13:42:03,2018-05-29,c3e4f3e90f13d963592fe9d2d1c75cf6,2018-05-10
ed4d57b2d881e813cf0b801ab17987a0,f427d28a18c6f9b3de330badbb801c32,delivered,2017-03-01 17:03:24,2017-03-03 02:15:46,2017-03-06 11:42:03,2017-03-10 10:23:36,2017-03-20,5dcf470ed431d559dcb412853ccea471,2017-03-01
0039500db36d50d7d0bfaf23723550f3,90bd9911aed064dfc625750fbd83ebca,delivered,2018-07-06 10:37:32,2018-07-06 10:51:09,2018-07-07 09:15:00,2018-07-21 00:08:29,2018-08-03,77971c2442b1adbbe0448409df2ea56a,2018-07-06
d15b257b7d9942a18c578ac0b3483139,38c0e22834675c9915d1658a60101390,delivered,2018-08-21 12:35:22,2018-08-21 12:50:30,2018-08-21 16:07:00,2018-08-27 21:46:47,2018-09-19,33a420dd96071ffb3fba60e0e2d31ee6,2018-08-21
68f730bca7855a941b075dfde3e84ab9,e5fe2d9ea5954c5744411fdf67ae5891,delivered,2018-07-25 12:32:23,2018-07-26 03:15:24,2018-07-26 11:45:00,2018-08-20 12:54:51,2018-08-13,cb781c4dc1c95e0f2d499fe03093b904,2018-07-25
1a1712253479ea7fd8c020c572ff78cc,c66a1f98abb2ac51d3cbdb6b331f661f,delivered,2017-07-11 18:40:43,2017-07-11 18:55:19,2017-07-13 18:12:23,2017-07-26 19:07:49,2017-08-04,79793075af50851bb3ad5c48f69a7fc6,2017-07-11
e76aec3ee261c5d2badb4c971b4e44cb,9fab54cff7695e7f8340ff563644566b,delivered,2017-11-25 10:25:28,2017-11-25 10:36:24,2017-12-02 18:19:00,2017-12-18 21:35:32,2017-12-18,157ccd4ab5b8efec664d8f810bf4d254,2017-11-25
bc05a22dab5b2a8b948ca9b0bac61373,e84f94fa6b12f28c6b6c5d241b0c6fff,delivered,2017-06-11 16:30:29,2017-06-11 16:42:26,2017-06-12 15:47:00,2017-06-22 15:18:05,2017-06-26,ee3a4c19170d54f2adf9130df2202045,2017-06-11
23c7702588b2b08f1bf4fbdd15f19343,06b423fab94edc97504290952ef19d97,delivered,2017-03-22 17:52:17,2017-03-30 19:10:20,2017-04-03 14:12:49,2017-04-11 13:06:32,2017-04-12,56375a87398786ce5391d3e1814d5a92,2017-03-22
e1902035c4c195dff5edda08708c4050,e91b63eb6608fd87091fa7c7760089c8,delivered,2017-02-04 16:22:15,2017-02-04 16:35:09,2017-02-10 15:43:03,2017-02-14 15:09:37,2017-03-09,73fb1af9338c7c4982887e260a1be6fe,2017-02-04
e7438254f9ef8bf2a7e744f84c561452,9e2edef7aeef3c2fef91128e16df141d,delivered,2017-12-15 22:02:39,2017-12-15 22:14:27,2017-12-19 22:07:18,2018-01-06 12:28:40,2018-01-12,6388880e94b5614c9ef2fa8b975b80ff,2017-12-15
70a94c2193b6a1b10aba885c5129f5ee,252988522e60b58e19fd939fdea69f1a,delivered,2018-03-06 14:04:13,2018-03-06 14:40:26,2018-03-07 21:22:34,2018-04-03 18:33:31,2018-04-03,080789200483d84e2e71d57d820c3ac0,2018-03-06
0af82e15ff98cb5fd79d28b3c4a70a4b,c1320f6c1ef215c155f32978675c5369,delivered,2017-08-29 21:54:29,2017-08-29 22:06:28,2017-08-31 18:25:30,2017-09-05 22:54:39,2017-09-15,f952aeb0dc87e3ce82eedaea73d3975b,2017-08-29
8c0921d37402722b282083329db79f9b,f9e23c14e5ab7352006f43521f84b3d5,delivered,2017-04-13 16:09:20,2017-04-13 16:22:23,2017-04-19 16:24:57,2017-05-09 07:40:12,2017-05-17,b6ccdcce8f60189ba221b69e1ee12401,2017-04-13
cde4bb15a5b59e10abcebe554d23d654,39e96546821aeddc8e6a2ccacd765d4d,delivered,2018-01-18 16:57:06,2018-01-18 17:13:03,2018-01-22 19:36:39,2018-02-14 22:17:06,2018-03-12,c4fb8dcc02f3cf92437079e702e1a31e,2018-01-18
0b958a89cde3a26acc1aaa43b64b999f,c7fd4137af4a1ebf4a28aa30e59c863a,delivered,2017-06-08 17:16:09,2017-06-08 18:43:09,2017-06-09 14:38:02,2017-06-22 18:03:31,2017-07-03,963c6b493b91cdf21df85e3b4bfb741d,2017-06-08
1a529550bb541c8c6d58b9a83d089824,df2e5a56b9f2320c291ae84d0b2d6df2,delivered,2017-07-31 21:28:37,2017-07-31 21:45:14,2017-08-02 20:47:28,2017-08-04 21:45:53,2017-08-18,6140e284b4e76e928d4cefbf30df1e01,2017-07-31
88d1d2267096b03d7478723323ea363c,8ebf5bb8913b582c4bd7b637c370e03a,delivered,2018-08-14 10:20:28,2018-08-14 10:30:42,2018-08-14 14:23:00,2018-08-16 15:18:52,2018-08-17,833d0fafdfac39dc21d2f10bb3204121,2018-08-14
f26f902bdbbc733c04384af07f954c19,e04fc9722632182bd8740b612e764f2f,delivered,2018-08-20 14:25:47,2018-08-20 16:15:30,2018-08-22 12:48:00,2018-08-24 23:18:57,2018-08-24,17cdf6816dc474284c1b7a7c2a0bfe9f,2018-08-20
d526a4d7c1f50bfd80246d7524f8553e,18e2a2c493be2d04def97dfc2e041b4f,delivered,2017-03-05 12:05:39,2017-03-05 13:05:29,2017-03-06 15:55:18,2017-03-14 17:24:37,2017-03-27,7ea730e296b45e10f8e5de869fd87bb9,2017-03-05
b47397056102b8fc054c6d969532376a,7899c2459089f84b8e6dbe990f660083,delivered,2017-12-12 15:36:29,2017-12-12 15:58:44,2017-12-13 19:47:26,2017-12-18 21:12:02,2018-01-05,e2ad62287d09d865cc01cad90869dd91,2017-12-12
3f4f6a378519479cb0afe338427c6713,12600e42ec40b51517d279c414d3bda8,delivered,2018-04-14 15:08:02,2018-04-14 15:15:22,2018-04-17 18:23:45,2018-04-25 17:51:56,2018-05-09,b1ce842fabed036086b9206999528051,2018-04-14
63d924357f70228a8bb5713b68d3b656,57dbb262002b4a7448accfbb36ed2d0a,delivered,2018-01-26 08:50:44,2018-01-30 05:31:38,2018-01-30 19:12:36,2018-02-16 15:55:27,2018-02-22,7c2fc1dbde79cb3c2634cd3173e6d876,2018-01-26
3406139dfaaeda305bd954cbaaebc2c8,a35798fafe2d365b85bc0b228b9ea6dc,delivered,2017-07-22 21:18:59,2017-07-25 03:43:52,2017-07-25 21:54:24,2017-08-14 17:53:41,2017-08-23,e6f55aa8c9c52345d6efea82198d67d9,2017-07-22
19a8989f83d30de137a451dade333090,31e3d20f5e1a4cc5931186f4fafc01d9,delivered,2017-08-07 11:18:25,2017-08-08 04:24:30,2017-08-11 18:22:24,2017-08-17 12:09:31,2017-08-29,27f0997cada288eb935aa07d2995a4fc,2017-08-07
bb5fea89cce134344b32e4a09267f7aa,88e6097804f37b62bd32ab8705bd6959,delivered,2018-03-11 19:13:39,2018-03-12 19:10:35,2018-03-13 23:12:35,2018-04-10 22:39:51,2018-04-03,118e3b2dff5a302828822e8f8cca5aea,2018-03-11
637143b11a1b8c86d9e349f19ee9a1f5,a964217c2db4ee749319d2a502939db7,delivered,2017-09-18 23:42:04,2017-09-20 02:36:34,2017-09-25 19:43:33,2017-09-29 23:07:55,2017-10-05,911be3f21248d465d1e6d9993bca60a8,2017-09-18
eb9c386367b06468eb9334ad5a9f28bc,f0f6f2b6ed7fefbc460e7e216139a1b0,delivered,2018-04-22 01:27:23,2018-04-24 19:08:47,2018-04-24 16:10:04,2018-04-25 17:06:35,2018-05-10,aa9d4a14074248263044c610015b3d12,2018-04-22
0647c4896cbb3bcfe3a48f652dd058ca,f74fb337ed11fedba7605dbf08af6c8e,delivered,2018-02-26 14:06:11,2018-02-26 14:29:47,2018-02-27 00:06:28,2018-03-07 14:18:47,2018-03-19,f127a7f533042f257b45c2e3df20360b,2018-02-26
df4e2731dcd3169e040bda2dde5f70f6,9a3b9e11aea6ddc4bef827eb1effaf8f,delivered,2017-02-15 17:55:10,2017-02-15 18:05:18,2017-02-22 12:17:42,2017-03-03 13:15:57,2017-04-17,749ab53d8b55d929cc8c2ba16dc21b67,2017-02-15
9acea951ead4e20b5effbe4c409dfc45,b5fae4701017cb8af6a702cdfdba47ce,delivered,2017-05-30 13:46:19,2017-05-30 13:55:31,2017-06-05 16:09:26,2017-06-19 16:22:58,2017-07-04,95f4669597b88e30179bec5da526e576,2017-05-30
46fc20b4c9de927597e9bcdd9732d404,bed0f23eb182bc83f2e3852e989d404c,delivered,2018-02-08 19:57:31,2018-02-08 20:10:34,2018-02-09 22:44:05,2018-02-22 19:23:50,2018-03-02,d9d9b7cd52cfb72f076a09d6e59142ec,2018-02-08
cab08f0417a702d0f4782ec02356a4ac,f4b4417d306cbf8c55ea65c89d0261f7,delivered,2017-09-30 18:54:53,2017-10-03 04:28:12,2017-10-03 18:54:12,2017-10-30 12:37:42,2017-11-01,27558f96bc671d0594c60be61566aeb4,2017-09-30
b2aaaac7465dd94360cfc675328104b4,715f38d3b677f1e88e7516c3018bb241,delivered,2017-06-29 11:58:41,2017-06-29 12:10:19,2017-06-29 13:28:28,2017-07-12 15:28:45,2017-08-08,273a333047511083c6e77ef31fd25f2d,2017-06-29
122bcd950cbb5025373a8484845893e1,957a3623c0faeea984545261e16f6e5b,delivered,2018-01-15 19:46:23,2018-01-15 19:54:33,2018-01-16 17:16:53,2018-01-18 15:51:57,2018-01-30,c9b2c8ff2db79162bb0bc1046c59522c,2018-01-15
be46df5b75c8aa56a4c1ac18cf4429ba,081121580a6ccd011a4668d3648a46fc,delivered,2017-08-05 15:18:41,2017-08-05 15:30:22,2017-08-09 20:41:48,2017-08-21 08:42:32,2017-08-29,4f2029f4e7aea8455f5c1cb9de0b7ccd,2017-08-05
5ade58a49ca9ff81df419eb4ad363c2c,8f72a0f14b2cfe5ad7ce426a09d56d2f,delivered,2018-02-15 23:45:22,2018-02-15 23:55:47,2018-02-16 22:27:13,2018-03-18 11:46:45,2018-03-09,3d4015fed8ac5f65a2db7c929ac7a80a,2018-02-15
53644a8a66249361bd171848c8df4f83,e0a1ffd73a9bfb889d91a9dfca16ee80,delivered,2018-08-02 13:18:47,2018-08-02 14:00:07,2018-08-04 09:18:00,2018-08-09 14:33:38,2018-08-09,c250c6d53f3716217490c5e4d05585a8,2018-08-02
a96dc2c8b069bb0b45b539cc316a9aa4,c4a6070421fb7c3223103d2c145b3099,delivered,2018-07-05 00:23:21,2018-07-06 03:11:20,2018-07-06 09:09:00,2018-07-13 19:16:35,2018-07-25,368f9030cf69831fbaea30a3f42118e6,2018-07-05
12b9b63b911cf0a24b137a184c48e4ee,9696abc6e0fbd7f6fd884de28a428bca,delivered,2017-03-09 14:44:36,2017-03-09 14:44:36,2017-03-15 10:32:07,2017-03-23 18:40:11,2017-03-30,aeb03c7a39f64d39155d2195c291efc5,2017-03-09
492e8ed750e427ec9d97ca8d4d4eb69c,d8e2eb3e9f0c4624e6774d0241e81954,delivered,2017-02-07 23:13:17,2017-02-07 23:25:10,2017-02-09 13:43:20,2017-02-14 13:12:33,2017-03-08,58df86c1980258dbb02e4ef48abfd818,2017-02-07
087b9476284aab4d762f05d8c0181aab,05ae07724e12ebb587685c8acdb8260c,delivered,2018-08-12 20:52:56,2018-08-14 04:35:25,2018-08-23 09:16:00,2018-08-30 22:44:28,2018-09-06,27bbdb1c8c1324bfb03ad56475bbfb83,2018-08-12
ba7ba0ff040d6808492c4456eeb13730,afa7211b120162071eca4c10ebf7d415,delivered,2017-08-14 19:53:10,2017-08-14 20:25:14,2017-08-15 17:08:48,2017-08-21 18:17:36,2017-09-01,4c17e4cca0d1309cf05a6cb7e34a8cab,2017-08-14
611a173cc635e8416613dbe247b9408c,6d8531102041466e74095eb791fa3033,delivered,2018-04-18 18:43:31,2018-04-18 18:55:16,2018-04-20 14:47:34,2018-04-26 22:18:36,2018-05-23,ee7317923fd7e1a982b66d38556431ce,2018-04-18
ea4286567e0283e5437a80dafadc9a4d,4d9f709311a714207891f7b75a803517,delivered,2018-04-17 19:19:04,2018-04-18 19:12:45,2018-04-24 18:03:06,2018-04-25 19:11:16,2018-05-02,946716dcaf2e98bfc86bf248a90bb43b,2018-04-17
e94db86cfc0247d6bb6ae5f1307b4805,adf5f3855da286cef928bf33f6dd47b2,delivered,2018-01-07 15:52:33,2018-01-07 16:31:47,2018-01-08 20:19:39,2018-01-16 20:39:06,2018-02-08,9eac48e222d1760dea0deef88c965384,2018-01-07
793fe057b09c8c2bebdd48451e985432,752ce9de228d0aa05ded6c88c1b176df,delivered,2018-04-17 15:53:53,2018-04-17 16:30:36,2018-04-19 18:03:47,2018-04-25 17:08:55,2018-05-24,160323ca3c6c7ff39742d1a949ff2df6,2018-04-17
f41a94d6c69bc6a77e342c4a43f14cdd,de477a1a9fbee437652412f90833a90c,delivered,2018-07-24 18:46:10,2018-07-26 03:05:17,2018-07-26 14:50:00,2018-07-30 18:08:23,2018-08-09,5d27e9bfc5574277994b6cdc527a12be,2018-07-24
8f2646c107f28bd23a8b8d10764a1660,5cd705f1c11d370de00ac8b8cc995205,delivered,2017-10-26 14:49:40,2017-10-26 15:08:05,2017-10-31 15:57:35,2017-11-14 22:31:51,2017-11-17,3bd249eccb021f91e1dd0b4fbed24c68,2017-10-26
f6a077b6752745563626dd0aba873fab,a0d75e873b418631576ab33a1341924e,delivered,2017-11-28 18:29:39,2017-11-30 02:34:24,2017-12-07 19:28:54,2018-01-05 17:44:16,2017-12-21,132baf0fcff8683f8485ccab403b6d3d,2017-11-28
0a4c05d2e1ae812a342af2f5c9a34b36,3191981f84b69ebcca47bce1954371fc,delivered,2018-07-31 13:55:19,2018-08-02 05:15:25,2018-08-02 14:47:00,2018-08-03 13:48:35,2018-08-10,2ee7ec1f76d53708b7665e5b28a80ff1,2018-07-31
d3d1c3c4a40be344bd7092fa770cddb9,e80a1e1d476a1ebad5b9705581ac1923,delivered,2017-03-13 21:17:16,2017-03-13 21:17:16,2017-03-15 09:47:51,2017-03-20 08:35:47,2017-04-05,d2658839df6cf850f1c6f79cec532775,2017-03-13
63252822ecaf7648b1528bf6b64fd25d,333f3b8ed28ed6e0f9d3b4ecd7f5bfc7,delivered,2017-02-23 10:58:44,2017-02-23 11:33:50,2017-02-24 07:56:37,2017-03-07 11:58:13,2017-03-28,dd7e72cc032385f008dddd36cf356381,2017-02-23
9d6bbdf82f021b0245ce306927bf0487,eccc8b75339a4424b10ccf9a95e81191,delivered,2017-11-26 16:23:14,2017-11-26 16:36:08,2017-11-27 19:13:20,2017-11-29 19:19:53,2017-12-11,a61a054b9333bccc20835f5fc2962080,2017-11-26
10fbf4deeecbf5381ea7de8d87603c0f,34af4d04a7a8bf9f3165365b13b10878,delivered,2018-04-02 17:37:17,2018-04-02 17:50:15,2018-04-14 00:06:46,2018-04-20 23:04:18,2018-05-07,90431636dc3e4c4cc4a01eb4112b68f1,2018-04-02
b2556987198a8d2bf699d306c19a9962,93ae0ce7610324c8f758f054178cddfc,delivered,2017-03-01 11:03:28,2017-03-02 09:50:16,2017-03-03 11:43:53,2017-03-13 11:08:42,2017-03-22,03ae6082ed4070c3088f3e8123f94edc,2017-03-01
11bbe550dfd1d9963bed46d85c6028eb,3980a868afa7d58191daf692ed61deaf,delivered,2017-06-10 03:39:17,2017-06-10 03:50:11,2017-06-13 13:21:51,2017-06-22 13:25:59,2017-07-05,08443602ecb69ac3eefdf50e98098633,2017-06-10
58764a436cc4fc7c435054c8050cc64c,b30f69efdea5c24b0e45d79297b690a1,delivered,2017-04-21 13:35:24,2017-04-21 13:45:09,2017-04-24 12:09:20,2017-05-03 14:22:37,2017-05-19,7fba2abf57430b012926fbdcae4b9aeb,2017-04-21
03eba6d9fef8f5b3e811d4b5a7cca9cd,08e7487578bd3fb98d11c5d95f1e5db5,delivered,2018-02-08 20:09:44,2018-02-08 20:29:03,2018-02-15 20:06:44,2018-02-22 14:43:51,2018-03-07,32cbbf7b9770feb67a514300686f5485,2018-02-08
75473283e7441a8d1a9c8807fafd0f2d,86e84cf56a414caf580bc5b1a97bdc17,delivered,2018-01-27 12:59:48,2018-01-27 13:17:28,2018-01-29 16:54:53,2018-02-06 16:04:45,2018-02-22,b19cef5ff7f04dc4a3c0888a2643bc8f,2018-01-27
367d72ed72e5988018a75524b1a4ab77,455592f20535d77a68a9948e43a43c97,shipped,2017-04-12 12:24:27,2017-04-12 13:07:05,2017-04-13 12:18:07,,2017-05-10,7973bfc0e9bc8409635d98f07a6e5901,2017-04-12
14926491946bbf88760be070f0644227,ff015a148d2b336072bf54576da83d33,delivered,2018-01-26 13:31:18,2018-01-29 12:52:07,2018-01-30 19:56:25,2018-02-08 19:38:58,2018-02-22,a1e1f1d0d69ed4b80531ab93633474be,2018-01-26
b3d481d6ef4fe95f82baa8d0689de1bb,04a0f320323673ed32272d2ee4d5cf39,delivered,2018-05-22 10:59:16,2018-05-22 11:15:28,2018-05-25 10:54:00,2018-06-08 23:25:29,2018-06-08,b3c7cf0678ea702d383052eefe05de04,2018-05-22
a4e8c6ce4b3017aceed77c3e34035dca,911e8698dd74044892f615e51170f476,delivered,2018-08-07 10:47:57,2018-08-07 11:04:54,2018-08-07 15:13:00,2018-08-10 14:34:56,2018-08-28,41edd0f0f3c64bc0c9462b636b1ed425,2018-08-07
b51be3456fb3c1af43bdfbba6f80269b,810f34a5e0f7d99c2409aca44c5f8158,delivered,2017-03-18 14:36:49,2017-03-18 14:36:49,2017-03-24 10:18:12,2017-03-29 16:14:49,2017-04-17,5a33eddc1581991e3cc816357daf8fb6,2017-03-18
588493b85f6219865d7ac7193880c0a0,8dbf7fdcafff8582fe61d95d288f87fd,delivered,2018-06-26 13:12:51,2018-06-26 13:37:03,2018-06-28 14:12:00,2018-07-04 16:27:40,2018-07-27,8124fb5b46decccbf75760ee9d9ddff6,2018-06-26
171b2216b2d1b1f42bc9481f06dfaa40,4effb0c115d3623a11c524295db4150c,delivered,2018-08-08 12:25:33,2018-08-08 12:35:17,2018-08-09 12:15:00,2018-08-17 20:04:36,2018-09-04,1a391ee8180cea7235bcb454aef7f5ed,2018-08-08
064eacf6619a7203b06b7187bf3a3779,1731604d6fcd6fd6dbc0e2e12d552ddb,delivered,2018-01-03 18:07:35,2018-01-03 18:17:30,2018-01-05 18:17:58,2018-01-16 16:35:03,2018-02-02,69877df46c4c120998ddf29af240e2ac,2018-01-03
a50f3e03765e8315c06a23e128aca380,bd0d2079cb36016dae8d436be53fc4cb,delivered,2018-04-23 16:13:31,2018-04-24 17:37:20,2018-04-30 13:23:00,2018-05-07 15:15:06,2018-05-14,5672c6fdd65ff5e7c7dcb85e5c9a5996,2018-04-23
346c0a181df97b0776f3d7d4a2cec70f,fc77c4ac37e4b4fb64df2d68e0ff93dc,delivered,2018-07-08 20:06:55,2018-07-08 20:25:19,2018-07-10 15:15:00,2018-07-12 19:42:01,2018-07-19,6fcc3c7c1227601b827b17ec3960b1c5,2018-07-08
4244bb7994cdcf8c2a63651b4fba924c,c06e2d2854074308f2778ef16afcf777,shipped,2018-01-07 16:15:47,2018-01-07 16:22:21,2018-01-11 17:14:35,,2018-02-05,e6da74c40c4f26b874023ada75183aba,2018-01-07
94cf59885365bee1e40724968aa2f524,4df1359c081f4d8d5e650694a59f8244,delivered,2018-08-09 20:37:04,2018-08-09 20:45:11,2018-08-10 13:21:00,2018-08-15 15:03:26,2018-08-20,aa0676894f362c7807254cb91d9c0b30,2018-08-09
62dd8e5f0825db70280fd7e07e599900,bbc0effac75e68c7c25d64e42c4eaf44,delivered,2018-03-25 21:54:56,2018-03-25 22:10:27,2018-03-26 20:52:13,2018-04-10 20:11:12,2018-04-13,465e40a7403816fdf8111bec1a641b18,2018-03-25
5284adfbbb8324bb8cc6ce42f0ea43e5,288a23c0e47f43396b2d6809b968c70a,delivered,2018-06-08 08:59:52,2018-06-08 09:15:16,2018-06-08 19:00:00,2018-06-11 17:48:56,2018-06-28,9dfb62ee308b7f4a584fc7d04315b75e,2018-06-08
f8a8d05d951ce7e359dfd0c67f1de017,b5a6e22f1c0652b0471c302536e40159,processing,2017-11-30 10:04:05,2017-11-30 10:22:16,,,2017-12-22,f219d6b118f325a71eaa7053fdbc4de7,2017-11-30
18d86dc05e56e4fe15bf2d5570ba8c4c,987ae02fb6af61ae5e84aea507c03933,delivered,2018-01-30 10:39:49,2018-01-30 11:09:12,2018-01-31 21:59:04,2018-02-01 22:04:31,2018-02-21,1717cd357c7bbb3158e701005cf8e50b,2018-01-30
243f2d7445f9dd0abd4542bb61385f51,75f63f0c91f311a86444d9f5c49e3579,delivered,2018-08-23 17:02:44,2018-08-23 17:15:22,2018-08-24 13:18:00,2018-08-28 16:03:39,2018-09-04,b1fa0628c8fd1c7ae145a3266c7c7f30,2018-08-23
e86938345405d046452bd662085b127b,87219fc2699ef5362ed6652ed3eff170,delivered,2017-11-11 15:23:08,2017-11-11 15:30:38,2017-11-16 21:34:40,2017-11-24 21:14:51,2017-12-12,76f702b416a32c4570777482e4f9624d,2017-11-11
55b8e1fb321cbab593e51c5c50031125,e26d111e27a794e1e3404239c115907c,delivered,2018-01-10 08:31:52,2018-01-10 10:32:02,2018-01-15 11:27:04,2018-01-31 22:09:05,2018-02-05,86ca544c41fab3c97eca89ffe7d6aae3,2018-01-10
961f1793d1fa464e0ed6686562936da8,04c79718e69bce669782d1cdbfa6f138,delivered,2017-08-01 18:21:25,2017-08-01 18:35:42,2017-08-04 22:41:41,2017-08-17 20:25:00,2017-09-04,d39668002ff4ce93810dc43d7e765c1d,2017-08-01
93d94474ff31149c751c5123897916d7,0a59f8ef2c08c550b607e7a5b71c754e,delivered,2018-05-26 13:42:06,2018-05-26 13:51:06,2018-05-29 14:22:00,2018-06-15 12:06:50,2018-07-13,c8bd06c47119f3cde6606b5e829bd861,2018-05-26
40f22b552ee940dd1c4c37d90ff60808,3708436707d3e9281c643cfaf9b8d291,delivered,2017-06-29 12:02:32,2017-06-29 12:10:21,2017-07-04 16:21:36,2017-07-05 10:49:46,2017-07-12,fdc5eb5c37fd60b8ed36990d8a23707d,2017-06-29
be66cd0bcc6ba78c707158c1c6eb0c09,b8e1a7d855be19f3b096df63e2d2bfb8,delivered,2017-07-11 13:18:28,2017-07-13 02:50:25,2017-07-18 18:17:28,2017-07-24 17:43:00,2017-08-02,defd7693c381283d13c91fec8cf53c06,2017-07-11
9b97589d5c9eae3d4c7a24687c866a33,10ba1547c5701a2efe4ef818993edc47,delivered,2018-06-19 14:42:23,2018-06-19 14:57:43,2018-06-20 18:55:00,2018-06-21 23:32:43,2018-06-29,1467840ac7d79466bb2b6f52822eccde,2018-06-19
637567b73e725cc4f07341561386e9b6,f2997774d38005a9ed6515d692a57116,delivered,2018-05-09 20:00:37,2018-05-09 20:15:16,2018-05-10 12:03:00,2018-05-24 13:12:46,2018-06-06,8c60d4ae12cbf30e7c0893640676dadb,2018-05-09
99e2c8721dc8a9be03fc0c395a7ccbf3,9bc5dfc92b36104c57059fc2b52ece91,delivered,2018-06-19 10:52:42,2018-06-19 11:18:52,2018-06-20 14:11:00,2018-06-27 17:20:51,2018-07-18,7dcea62ae66423fad1f166b6464b8407,2018-06-19
c7cefd037d7b587c65b07893be7f6753,c19cb9a7806575c180eae3eb267a722f,delivered,2017-07-21 09:07:53,2017-07-21 09:15:18,2017-07-21 17:21:37,2017-08-10 20:51:33,2017-08-24,f379ea89b6e06d9acdb03974d4ea3b0c,2017-07-21
2057a9d9d1c17e9a230010d67164fe31,ff2115ad55e342ae746a65ed647d841f,delivered,2018-03-28 10:59:13,2018-03-28 11:10:24,2018-04-03 22:48:51,2018-04-12 01:32:41,2018-04-26,7a8b629fdcb9a6e024b2ccfacbe4fd3b,2018-03-28
40d390835e3da901802d4c3b4b184863,5b2d2a6c2083422a5be41ad4c86b5781,delivered,2018-07-22 15:16:31,2018-07-23 12:32:19,2018-07-24 15:22:00,2018-07-25 18:33:52,2018-08-01,3d1ebae4e6b553141e99a3fa5c3f21fc,2018-07-22
53e02bdfef30ece7b783369568037bd0,00f5111aa1572c08c765f48e20edf87b,delivered,2017-04-24 07:52:29,2017-04-26 09:38:25,2017-04-27 08:06:29,2017-05-06 09:13:04,2017-05-11,757b9b4481d4508d3d019c2b5f9e3e15,2017-04-24
ecfdcaa1a2dacb4e5297d8251b115002,2dffab2135e36d25087cad94f4e559ab,delivered,2017-01-17 22:26:00,2017-01-17 22:42:15,2017-01-19 08:14:56,2017-01-27 10:07:33,2017-03-07,82629037a1fd4821b8645ceae55845bd,2017-01-17
c6c99f96854560866a50760e74aca378,bab6906c7c63a27077966732873c1664,delivered,2017-09-05 10:39:08,2017-09-08 08:24:25,2017-09-08 18:40:00,2017-09-20 20:38:56,2017-09-28,09f55ef15bde8baeef87b3348b31c150,2017-09-05
42769a5163a34297f4458dbccf206b36,fa8aaa18814fdd364807cf2de3b57fa5,delivered,2017-08-24 16:44:37,2017-08-24 16:55:19,2017-08-29 19:27:46,2017-09-06 12:41:18,2017-09-20,840739182853bbdd69938b37f6d87c1e,2017-08-24
a36c4be04977d1e030ff28b9791d8ebc,828ea70242f52f6cf71c2b01b42300d9,delivered,2018-03-15 21:14:05,2018-03-15 21:30:36,2018-03-19 23:34:27,2018-04-05 00:12:26,2018-04-03,9e92bb3f6b409ced2b3a5923e781b1f2,2018-03-15
3676b8a38151270ac285f2fa3c564772,255bd9cf3c5ada66932666a0dc4dc255,delivered,2018-08-25 17:52:00,2018-08-28 03:44:10,2018-08-28 12:45:00,2018-08-29 17:21:56,2018-08-30,4b98d8942832e2a86692b80540bca2d0,2018-08-25
5d74b3ad92a846bb883841ab6a20d629,e346c520f747b33c5e589080471cb18f,delivered,2017-08-24 23:03:49,2017-08-26 02:24:36,2017-08-28 15:31:22,2017-09-01 18:57:51,2017-09-14,ae4040757eb5b3be43a7c0ea27260d50,2017-08-24
47757e40bf5bef19314ecbdf38a45d41,5bd3a80a576a908a96903d80dfea9f8a,delivered,2018-08-06 17:17:25,2018-08-06 17:30:14,2018-08-07 17:35:00,2018-08-10 20:42:04,2018-08-17,19e9c460e75ea7654140c90e06bc9ae8,2018-08-06
ff54387ebb9660cb3ffc874139e4bd56,0c6d5aa201afc2ff4a43742e850fc3d4,delivered,2018-06-18 17:31:22,2018-06-19 17:45:55,2018-06-20 14:47:00,2018-06-22 15:45:15,2018-07-26,b40193f3a1b51af5e5b65154cbb09d7f,2018-06-18
04ebe10a05b6cb445e27b34f29a01c1a,8914e881bbf2c9017c99a75e418b5aba,delivered,2018-08-17 09:54:22,2018-08-18 02:50:23,2018-08-20 10:50:00,2018-08-27 18:36:44,2018-09-10,02a8100f33055beec4d219c04e7d4318,2018-08-17
8aa72d666c6f202feb55ccbeaa871ec5,eee05280b094b8463a5d1d1962333323,delivered,2018-05-10 11:14:43,2018-05-12 02:53:33,2018-05-15 12:44:00,2018-05-18 23:31:09,2018-05-29,4d191f12310d9d4636bac0640e408d44,2018-05-10
112e22ce5f700d2155befd89a15b4a5b,90eb27e381d8c75dd3acf2f87fd8aa50,delivered,2018-05-07 11:48:13,2018-05-07 18:10:52,2018-05-09 14:27:00,2018-05-11 20:04:49,2018-05-15,5d2dc9ddc1b45859fcf6ab31a54bd668,2018-05-07
2c8368619bc15c47d6fd7de27cdef0c6,ec4e8ad9f16c833a251a358f7e28a217,delivered,2018-04-16 13:37:20,2018-04-16 14:15:26,2018-04-18 00:48:40,2018-04-23 22:56:38,2018-05-14,9dd5a83b5fe0dd7d54db6ae9012d5303,2018-04-16
965a7865810eb2fcea1de935b37b5ff5,a714af914cd870f1e99245b1df9aa161,delivered,2018-05-05 17:38:38,2018-05-05 17:55:12,2018-05-07 15:29:00,2018-05-09 20:51:32,2018-05-18,93a362f27164251c91f8b522fc026a8d,2018-05-05
bfce66de4bbac659ab1d0763b8796a58,b988443bc3c86581b7d6fe9084be35d7,delivered,2017-07-04 01:44:17,2017-07-04 01:55:16,2017-07-06 08:37:45,2017-07-26 17:57:37,2017-07-28,f0996ee6e59d10ac46fd0b9c632e759d,2017-07-04
06fa97ae36cda18a1e8ea370f3f2edf7,059f29f70dd5872036d655d20ee08965,delivered,2017-12-07 18:49:28,2017-12-07 19:09:37,2017-12-12 22:58:28,2017-12-21 15:52:29,2018-01-02,21fa25aa6726ef23aff074c36cb2b0ab,2017-12-07
303edeab6728412b08ad9c17990159a4,4c9004b01af30ce7bfbd35333b5da18d,delivered,2018-03-12 22:13:08,2018-03-12 23:35:25,2018-03-15 16:46:34,2018-04-04 22:32:26,2018-04-02,cb694820e4e7256f6a48267abbb50882,2018-03-12
9df975b38ffcb2931968b4949c8b29a2,1f5fea6db40c8097a35c32c44a945a0f,delivered,2017-07-16 11:14:55,2017-07-16 11:25:15,2017-07-18 18:33:38,2017-07-26 08:47:50,2017-08-04,450ddb58539722f8e78bb3fc2794b99c,2017-07-16
d18a9528e8077026b951849741ab227b,4da2611319c642ea716073cf37ad1427,delivered,2018-01-20 20:57:48,2018-01-22 14:17:54,2018-01-23 21:06:35,2018-01-25 02:56:47,2018-02-14,a9e070f61d35aa13e420c8597b5ccb3d,2018-01-20
c2414e3bcb42ad5f67a0b161ed96f8fa,750411c5a774e03fc33a28d1ac54b121,delivered,2018-03-15 17:42:15,2018-03-17 02:50:49,2018-03-21 21:29:46,2018-04-04 10:31:39,2018-04-03,8bb9052ccae07ec6a7153f577f447486,2018-03-15
266fd5134fd1b895a5b06936d51aaa17,c63304e16787c8a326c2a53765e5adb4,delivered,2018-03-19 14:39:49,2018-03-19 14:55:42,2018-03-21 19:06:51,2018-04-21 00:42:28,2018-04-11,b237622aa3c51e457ec662d4b9f4bdb7,2018-03-19
d3e02de362fc9f3853a322184625c590,3f1471e47869243a10fcf26fbdbb8930,delivered,2017-05-10 14:46:54,2017-05-10 14:55:09,2017-05-11 10:23:53,2017-05-16 15:10:09,2017-05-30,46c89f89a2515ea1416454394bc91046,2017-05-10
2d6fc83ab7a33776aaff9cca998308cb,9373eea767fa2a799ae494e7a66ea704,delivered,2018-03-18 08:43:28,2018-03-18 08:55:50,2018-03-19 19:25:13,2018-03-23 17:04:05,2018-04-10,660612e2f3a856b3878712aeff57a1b5,2018-03-18
225e39ca6a487e0cdd5c97dfc57c92ff,577701d3d24a554e38b47d391b1c418e,delivered,2017-12-16 21:03:22,2017-12-19 17:16:19,2017-12-20 14:15:00,2017-12-22 23:23:30,2018-01-05,14ff354fb345f1801c04a61e7a357675,2017-12-16
703862e7dc38ba4cff60785988822c00,064a57e6a257803d24175910385593ca,delivered,2018-06-18 02:41:56,2018-06-18 03:29:43,2018-06-18 13:39:00,2018-06-21 15:03:13,2018-07-05,99b564e97cccc42f20dac7893bb61c97,2018-06-18
80fbdf1b4754726acfa023f81805a91d,308ef8f1c0e1ae447b7adde9ef5a4498,delivered,2018-06-15 19:24:21,2018-06-15 19:42:32,2018-06-18 14:19:00,2018-06-26 17:48:33,2018-07-17,2d72af5517994e5a389f17af28b73b4b,2018-06-15
53e1b8f33e706e740dc7fb9005d242a0,83363e2b97e2a94fef272c583596704b,delivered,2018-06-10 18:02:30,2018-06-10 19:38:09,2018-06-11 13:45:00,2018-06-28 21:28:45,2018-07-19,31eb14dd2412b05ea652e84cd1210049,2018-06-10
def6322635f4afb3da8756ad712957c0,d7c6202c81ea8e87b8c1afca9081081d,delivered,2018-05-13 16:45:22,2018-05-15 04:12:10,2018-05-16 08:15:00,2018-05-17 19:31:18,2018-06-14,da2026f844d8833800d5ab729cf212b2,2018-05-13
af3aee1b753d8f4570c9179f56824a1c,b1e194083bcc8e8f0f943788221d9c72,delivered,2018-01-18 00:00:33,2018-01-18 00:11:34,2018-01-18 22:48:58,2018-01-31 00:23:19,2018-02-22,94aea9aae532453c72b6afbfe0eaec10,2018-01-18
f509a7040093f6d9092290c14fb8cdb2,9fd502a41b84277f49be75af6fbc2738,delivered,2017-12-10 09:09:56,2017-12-10 09:19:24,2017-12-11 22:57:53,2017-12-17 14:51:37,2018-01-04,b824002ccd372e21ab64ee483b84c5d5,2017-12-10
91a0f7540ddd2e3e4619c685fae0f928,2cce95fd71a03d2f6e58f43ceaad06ad,delivered,2018-03-16 06:43:38,2018-03-20 03:50:35,2018-03-21 18:38:48,2018-03-27 18:52:44,2018-04-11,ccfd9edc5e61d19d27dec2207c5b4b52,2018-03-16
aaca5270899bdea4df5cb9c8d6c23180,53baabe64431c61f808de3d8254eb0de,delivered,2017-08-06 18:45:06,2017-08-06 18:55:21,2017-08-08 20:18:24,2017-08-18 23:32:54,2017-08-29,0afbb5caf3c82ee5932ec7c72a999a85,2017-08-06
20cae0a28869a4321d8fe372731f80e0,c3537eef72f2b883b3cbc75b1b9480b5,delivered,2018-01-15 23:42:12,2018-01-15 23:53:31,2018-01-16 19:34:51,2018-01-26 17:25:11,2018-01-30,f6b24980bbfdc9bd9420a481a20f5f64,2018-01-15
274e474fe18a32ae7bf5cc6bb0e7a46c,96644a3df7c6906774dbfaac8cf07560,delivered,2017-04-19 14:13:07,2017-04-19 16:10:20,2017-04-20 08:28:00,2017-04-30 12:15:53,2017-05-11,d593ef1a12ca651faefeb00c841315f1,2017-04-19
c9818293951fc66342b8f155714a22c9,a0892e58068ec37cc251d80356413666,delivered,2017-11-30 11:16:17,2017-11-30 11:42:25,2017-12-06 12:05:15,2017-12-21 01:07:13,2018-01-02,66abc694692ecbf8948d678eae91e81f,2017-11-30
6903c26b793d77caa16eb23e3d238ceb,2ea63b3fd878c5c4d6cfa15af36f9298,delivered,2017-07-18 23:20:52,2017-07-18 23:30:21,2017-07-19 18:03:08,2017-07-27 21:28:49,2017-08-09,7a4223cd5937866bd5e7e78d55772095,2017-07-18
47501eba9eeaaa3c12fa168efce7aae3,886372b4fafa82404226c837b1265e4e,delivered,2018-08-24 09:17:45,2018-08-24 09:30:13,2018-08-25 07:47:00,2018-08-30 14:47:47,2018-09-17,b5d2271828d674d713ab9a3618a66417,2018-08-24
a2e269d426176695531c8cc824265489,548a7bd3843a197ef34e074a2d53ed06,delivered,2017-10-31 21:34:59,2017-10-31 21:50:36,2017-11-03 23:08:53,2017-11-06 16:11:28,2017-11-13,ffd4cecb7511e2c62b91b165773dc890,2017-10-31
b78ba6ceb060e6cc64b1f92a95c42505,9f0572207530663fed60cf042b2419ee,delivered,2018-02-12 18:08:54,2018-02-12 18:15:21,2018-02-19 23:52:20,2018-02-22 19:39:13,2018-03-21,c25c0de4341701c95fb2675d9d82d414,2018-02-12
4fc7baf99c39f26dc14168981f918554,2798733b7befaf90112c6730fcf737ce,delivered,2017-07-15 12:56:35,2017-07-18 06:15:43,2017-07-20 20:19:39,2017-08-02 21:47:47,2017-08-14,fbb6fa8c3e376f1c0dd9b072fc70f57c,2017-07-15
fd15c3951b25d11abd0fcc3518ef2b42,7d2923a34828c8f767f2c6b110ddf4d3,delivered,2018-04-19 18:43:44,2018-04-20 07:32:03,2018-04-23 22:06:31,2018-05-03 14:19:14,2018-05-17,6e1145876e0dbd91cfb65d1780c7c212,2018-04-19
ac7969ba0d14152429d747a51407abe4,827527fc23866f028badc583e4778cf5,delivered,2018-04-05 21:17:29,2018-04-05 21:30:21,2018-04-11 22:03:06,2018-04-13 14:02:35,2018-04-20,ebb09674869ef06bcb4bdd0bb0339398,2018-04-05
16cc0fe71527d13426bdbe29205b2053,806972b159c0b485d212c2c35012c012,delivered,2017-08-28 20:24:53,2017-08-28 20:44:59,2017-08-29 20:41:52,2017-08-31 16:52:02,2017-09-14,74cb1ad7e6d5674325c1f99b5ea30d82,2017-08-28
d2e280e54ecb98f30a641bb661336baa,f16fab92d9db62cf28fc28ee8dc85c5e,delivered,2018-04-05 11:22:54,2018-04-07 02:48:13,2018-04-11 16:03:05,2018-04-13 00:50:52,2018-04-25,8188075294bb56b7ec8a8b2e6b947d27,2018-04-05
3877e5bf296cc5b88537eab728ede326,dcbce6ecb10a44cba2e0fbe5fbf63175,delivered,2017-08-07 00:28:26,2017-08-07 01:23:51,2017-08-09 17:58:28,2017-08-10 20:38:07,2017-08-29,e2d50591fb11597c07fc6d095312ae84,2017-08-07
0afc9d224a6bcb1862f0d678183a5140,a8154b4451b0f7e908ff206120862ed3,delivered,2018-02-14 11:03:48,2018-02-14 11:15:29,2018-02-15 17:27:27,2018-02-28 22:27:08,2018-03-09,caceb3a6e3c350e04aa5d049f7598a1b,2018-02-14
bf6fa06aa0249987dc5bf7c457f1d556,66e583bbcd3dfd294dadeb861d61f3eb,delivered,2017-08-21 20:56:25,2017-08-21 21:06:13,2017-08-22 21:52:01,2017-08-25 19:13:48,2017-09-11,3744734d6dbaee08b3d2164f5260075b,2017-08-21
70ed892da9da5db41406428e9d9ced49,d9bc09228a6d0e4f885c56ddb7e5a95d,delivered,2017-05-01 23:07:26,2017-05-01 23:22:51,2017-05-02 15:36:17,2017-05-11 16:19:54,2017-05-26,2ae2f7c75a0d113879759e55a02a0d2a,2017-05-01
a77a982ca1692469b8cb436e570f3ea4,c70da07ab281d8db2e4bd3ad3a25e48a,delivered,2017-11-13 14:47:34,2017-11-13 15:07:24,2017-11-14 22:17:12,2017-11-23 18:53:00,2017-12-08,859a1bfee511f1fd5aae05064f63d88b,2017-11-13
1b2a09e1fb4ede4fd59a806112766dc7,139d5ffd92108182976063d0d8aca45c,delivered,2018-07-30 20:48:59,2018-07-31 11:30:32,2018-08-01 14:27:00,2018-08-07 18:08:46,2018-08-20,f5118eeb269b3a52b8b31bcde5b334c3,2018-07-30
40237e91fbaa88e62cdc9397b2e3343a,6b6239435ae315b60fbe14d91fd760ce,delivered,2018-07-18 21:38:35,2018-07-18 21:50:17,2018-07-19 14:48:00,2018-07-24 12:48:38,2018-08-02,b621cb89890e2b002aada225e7c5eaf5,2018-07-18
292d96807fa8b6df10efed3dde855721,6e678649ada509de058c5621d9778259,delivered,2017-10-26 22:32:10,2017-10-26 22:46:15,2017-10-27 20:16:59,2017-10-30 17:03:17,2017-11-17,26b974d78e5cd0dc7e2230c906b0b38e,2017-10-26
db78bc1fc5b5d42b435031c4c389b809,5e379ca48ae12c4e18ffdbdd5a6e770f,delivered,2018-01-31 21:54:29,2018-01-31 22:09:53,2018-02-01 20:50:26,2018-02-02 22:13:14,2018-02-16,599ef15ce148dd73fbe829975b265e0b,2018-01-31
f12da9db3adbe761c69fc8ea15272fff,2eaf0dcbad09cb8f3cda5350c069ea2d,delivered,2017-12-10 20:18:36,2017-12-12 03:50:09,2017-12-15 14:59:26,2017-12-19 18:06:41,2018-01-04,fd9ec1edc24c8e14a0ec6d43a4a784e2,2017-12-10
44b03207799885f7c5973f59dc81fae3,df96bc92ed0993fb9e1c5433b07a8fd7,delivered,2018-05-16 08:39:29,2018-05-16 08:53:32,2018-05-16 14:25:00,2018-05-25 16:12:00,2018-05-29,5268e11e73cc9fa3bfc41173d2344821,2018-05-16
63e68d9e780dc16336adc88e9cbe288e,d5fb03f7777def9b5a057dbf04dbc3cc,delivered,2018-05-23 13:32:36,2018-05-23 14:14:20,2018-05-24 13:35:00,2018-06-05 13:32:51,2018-06-20,a2a66bd2fe21de351204cc6577312417,2018-05-23
f54625bd1c01cb2de21cb256de818cf2,428ce83b5723026d8b5a9e96a91c6127,delivered,2018-05-22 19:53:19,2018-05-22 20:17:11,2018-05-29 07:16:00,2018-06-07 21:22:10,2018-06-14,a69b49a731e9a2b5b55176dc54c2eeb1,2018-05-22
c8da096eda1ac468af162c20d2621512,9efa7053d9ef72088e2750da1f3fc79a,delivered,2017-09-20 12:37:35,2017-09-20 12:50:22,2017-09-20 18:31:53,2017-09-21 17:48:17,2017-10-05,311a83f10f67fe5273b873850f3fcfb7,2017-09-20
c8fe12f276a71635e2f929eac9d2d21e,e7a1ded8a16fdf3a7676b01a71d55b78,delivered,2017-09-22 11:57:46,2017-09-22 12:10:16,2017-09-28 15:27:57,2017-10-05 20:05:24,2017-11-21,a6679f6e560b26e56cbc588ee80d2eef,2017-09-22
6638967e5dd4744b8bb5be1be7901f07,1c52f1181d55c6ea11991df0075cf71c,delivered,2017-10-14 09:41:51,2017-10-14 09:56:18,2017-10-16 16:38:43,2017-10-28 16:26:41,2017-11-07,07bf5fa39c2a1ee2dfeebc1ad18e71f3,2017-10-14
13891a1a55cf023484b8b06a5c08049b,fa02521db66aa21f86affb23282ebf15,delivered,2017-05-16 23:20:47,2017-05-17 16:55:20,2017-05-23 15:14:16,2017-05-30 04:23:56,2017-06-07,0613323bd971009c4763e1981c8e3cfc,2017-05-16
bdacdd00dc1b07da7c9d22575092a286,da88fb151f2bfdf7e7c8da4c41dc67c1,delivered,2017-11-24 18:56:42,2017-11-24 22:14:12,2017-11-29 22:44:49,2017-12-12 22:33:30,2017-12-14,733c1ae88295f97fe2dfb1b27739e813,2017-11-24
d8b7feebc9066935b2a7f7002abb4e43,e15ac927f77cc9a475ffa2d8b59920d8,delivered,2017-03-28 09:03:18,2017-03-29 02:10:46,2017-03-31 12:51:50,2017-04-04 09:57:53,2017-04-17,95ba0c810391b873c01fe2a32b7cc858,2017-03-28
91c7af31bbff981f2530987c8d5d5ae2,01295bcfd2311c7b510c4c697f82b6be,delivered,2017-09-17 19:18:54,2017-09-17 19:30:22,2017-09-19 16:18:59,2017-10-13 11:42:21,2017-10-05,081db5695359e3bcd5b781ff97dd60b4,2017-09-17
bf20a3dc1ce70ff4b1c392d2efb503ad,c456733e88a103b3258c903dd5d79f07,delivered,2017-10-19 21:19:13,2017-10-19 21:29:24,2017-11-23 19:23:25,2017-12-08 17:32:33,2017-11-16,00c4d93157cffc73cb2459f52b89cee4,2017-10-19
f1c81a653dc5314b7aa62e06239f12c8,0dfe60b670deaf534a0d9519349169d0,delivered,2017-04-26 12:37:33,2017-04-27 13:10:40,2017-05-02 16:43:07,2017-05-10 15:22:03,2017-05-17,1b105048a36cf31dbbac4a2eda6ed1fa,2017-04-26
be16722a27c9d9dcf7054c682b72b3f0,3a5695bdd7131d847aa186d3e219a142,delivered,2017-07-15 21:31:33,2017-07-15 21:43:38,2017-07-18 15:22:48,2017-08-01 22:04:44,2017-08-08,d528336ae0fe6ae1086d842aca880d23,2017-07-15
8dedd7e73279ba745515b492ca31eb5a,152e25474f9ab4d853684feef7736ec3,delivered,2017-04-03 18:36:36,2017-04-03 18:50:14,2017-04-06 10:26:38,2017-04-10 12:25:38,2017-05-03,160d4adccc67a1eea13bb5ad108f1273,2017-04-03
852278c3a52996ebc578a49c8249d350,cd88ed0737a4336680a8bca9efe10d9a,delivered,2017-04-02 11:59:46,2017-04-02 13:05:28,2017-04-07 13:09:50,2017-04-11 18:45:08,2017-04-26,86203c9a693c6372142af3aa3752c8eb,2017-04-02
d91ebca111fb89e1ebbf4725da3120ea,308667a56967ca75ca916f6f143dcd27,delivered,2017-11-20 11:44:44,2017-11-20 11:56:33,2017-11-23 17:41:08,2017-11-25 12:14:52,2017-12-01,7832c9a8eb62270795cbb72cc9b0be41,2017-11-20
ec332d1339fbc535b68e413e12bd2cb6,2fb1ac74d64b8d5498f89a0ff9047a06,delivered,2018-01-19 20:26:39,2018-01-19 20:37:27,2018-01-22 20:09:55,2018-01-29 20:51:59,2018-02-09,e6593bb82b459d6643d3761f9e62e8fd,2018-01-19
4196c75071e7c2d5ca1fb521e2dc75a2,c4b2c169ecb610bcbc293e907c08081c,delivered,2018-04-23 07:56:35,2018-04-24 18:57:06,2018-04-25 14:30:00,2018-05-08 02:05:33,2018-05-16,6c6ddfdb467b2295da700f48e3834c37,2018-04-23
5e981569f5835c96e4b288363b3b8f63,53bb5604662705879bbe3f11a25bda0f,delivered,2018-07-30 16:25:37,2018-08-02 13:43:13,2018-07-31 13:42:00,2018-08-01 15:17:54,2018-08-02,032573996a6b19166a327f7d4c7eda5b,2018-07-30
b32d933cbb60baceeffff29dad694641,8588989971302386a38473265806affb,delivered,2018-08-16 09:18:25,2018-08-17 03:35:10,2018-08-20 13:07:00,2018-08-21 13:21:01,2018-08-21,7ce330c8fb25941d71f6484680ca3cfe,2018-08-16
1f8fd5fe13ced0df2d9b93995534e59e,320c45c151d6e0638787c8e35e0e0c9b,delivered,2018-06-24 13:18:56,2018-06-24 13:34:01,2018-06-25 06:41:00,2018-06-28 15:06:32,2018-07-24,de226a12fac20b56580d731ec8ab8623,2018-06-24
00efb72d8e18533f736e86770705d094,bcda63215770504537bdb7ae298568f6,delivered,2018-06-04 17:40:52,2018-06-04 17:53:08,2018-06-05 10:15:00,2018-06-13 18:41:10,2018-07-12,a4268f1c2bea89056a164ebd106e72c9,2018-06-04
98b1e2ab7ac5c2be52f3e1d74ce5b18e,d62aa5699e77744118db71d3f9228dbc,delivered,2017-10-13 17:37:07,2017-10-13 18:49:25,2017-10-18 18:55:48,2017-10-23 20:20:02,2017-11-01,b91dd4d025683fea95cb78783d6557a7,2017-10-13
72fac1240f2dbf9cb8947475f525d588,198f040ccefade08917a640a734f4c14,delivered,2017-11-05 00:42:40,2017-11-05 01:10:57,2017-11-07 18:22:15,2017-11-23 23:41:07,2017-12-04,531707a5ce57f7d05a0697fe81587687,2017-11-05
e734d2946014016191c36d3bacb36508,4630ad34019d50150570fc3252b5d83f,delivered,2018-06-16 14:34:24,2018-06-18 09:13:59,2018-06-18 15:07:00,2018-06-25 21:07:37,2018-07-17,e2afec6f292f6700f485ca479e92e13b,2018-06-16
ea29d09fa496c9e054d57d5f7f153478,bb518d8a934e5860d0cb18c929cab493,delivered,2018-02-09 21:52:39,2018-02-09 22:08:35,2018-02-10 17:12:32,2018-03-09 14:51:32,2018-03-08,c7c469650a8e2a10b6ac076bcb225b96,2018-02-09
ad5e4b37aefeac1f582990bd5f5097e8,fb40b407e90dc1ba2d6fbe757fd3e9b1,delivered,2018-03-05 10:43:53,2018-03-05 10:55:35,2018-03-08 00:19:04,2018-03-28 12:03:56,2018-03-29,388661387449408a9ab88ea55c9f1a0f,2018-03-05
17f97d000b0ebd36b6dbdf154b0a3d7f,d9b20c419765754169295dc0aed6da34,delivered,2018-04-01 07:56:54,2018-04-01 08:10:07,2018-04-03 18:08:28,2018-05-02 12:58:39,2018-04-26,ff9c04f464ea62ad7787a0218336b942,2018-04-01
c594bf7ad43d43c22b3b2646d12d729b,dc2fdac2ca146528f3a1f55dedf31a3d,delivered,2017-09-14 19:06:30,2017-09-14 19:24:47,2017-09-18 17:57:39,2017-09-26 20:37:54,2017-10-03,6cc75e31035a52366babb52c0f188cea,2017-09-14
a9569e5470a944e2c8787ab08b6e26ed,deac5870962fbc4af64040f2cbfd57d9,canceled,2018-07-20 14:04:13,2018-07-24 11:32:54,,,2018-08-07,3d2906056c2f9ba0c2c955474fb6854f,2018-07-20
3ea133ff119739c54b9e8beef186d181,827d71abb735f7c6fb410a57362826b8,shipped,2018-05-10 18:47:38,2018-05-10 19:10:20,2018-05-11 15:00:00,,2018-06-05,ccbd2c2d5d89150012d242b0a17b8019,2018-05-10
0e5a29e23ca4bc3c197b355d9c170a6b,adefb906403815c6d515c55b2a7091ee,delivered,2018-06-12 07:23:57,2018-06-13 02:37:21,2018-06-19 15:06:00,2018-06-30 00:12:52,2018-07-11,5c4c063117068d128a8a8fea6b560df1,2018-06-12
a88edef387e2a7e457695664bf0ddfc0,e444b41fbd6fc04d352ef1a1133b489d,delivered,2017-03-22 08:29:47,2017-03-24 01:35:19,2017-03-24 12:25:30,2017-04-22 09:22:27,2017-04-12,aaf657a79a5224feb4284e4e62441aaa,2017-03-22
c545d2c13c923518251d50c8efeaaef5,8de735c5b8fcb11696c84002643f902a,delivered,2018-05-08 16:48:41,2018-05-09 16:57:43,2018-05-10 15:53:00,2018-05-20 05:18:32,2018-06-01,eaa7ffc3dcd5acf8f4a5fd2412db698a,2018-05-08
9b21580d9a140962daa66b493fa50248,f77149c522ac4a85491db62d14ce04aa,delivered,2018-08-04 13:46:34,2018-08-07 04:44:41,2018-08-16 13:32:00,2018-08-20 19:08:38,2018-08-20,0ef7b906320b21fe4d39f99496aaa2d8,2018-08-04
54d84dc0eff0132dfeae935a6c27eb45,b796e0c31028cfd17967cb1cb6b5dfc9,delivered,2017-07-27 11:45:11,2017-07-28 10:23:43,2017-07-28 17:16:48,2017-07-31 17:41:28,2017-08-09,46ccb0012f64c53a1ed1e87bb8ae60ed,2017-07-27
57638520434d4c12b81d532ad9bf2f1f,2a1a08facf3d9c72a81525e7c0a84d23,delivered,2018-02-18 13:45:36,2018-02-18 14:50:22,2018-02-19 19:52:41,2018-03-02 10:06:20,2018-03-14,dceb4917f47969515db757f78b8851eb,2018-02-18
e6b85212f850856b7617804765770a0b,85af9b999c9349c4910ea6dfdaf43ada,delivered,2017-05-11 09:24:29,2017-05-11 09:35:20,2017-05-11 12:12:07,2017-05-15 14:33:39,2017-05-31,69e3c36bb9719c3c3714725a144d355d,2017-05-11
9e0e163a301e9e91fa697e0973e4a53d,832b138e378d72a36ce0d4b96c12e828,delivered,2018-06-12 11:09:26,2018-06-13 11:16:27,2018-06-13 15:11:00,2018-06-15 22:11:18,2018-06-29,b8c7f1ac21675cae20ad5538aa7e6c09,2018-06-12
e17c1dcc7717b07a0613f26fd235b0a4,213954f035bc62d583b9e11ee09af81e,delivered,2018-08-19 17:25:43,2018-08-21 04:50:20,2018-08-21 14:12:00,2018-08-25 00:09:51,2018-09-24,00a33236962b4ac37fd25275be9c206b,2018-08-19
4e77b6d9a250b3b62dc59551525bc90c,f8cd5ed6f5b1ee9df0100eeb8aded5d9,delivered,2017-11-24 10:59:26,2017-11-24 12:52:27,2017-11-28 19:29:11,2017-11-30 20:28:44,2017-12-22,6c613174d8b013bc5ae283dc7dab6f9b,2017-11-24
56e11716ba370a51d5795ecf34f9510d,98fde7fe3cdc65d9917130594f173df2,delivered,2018-03-19 17:13:31,2018-03-19 17:29:46,2018-03-20 22:38:48,2018-03-21 14:58:27,2018-04-13,05dab2d8130ccd303608aafc145ecf3e,2018-03-19
f2669763f397bcf6bfda2c9cac792b09,a0aabd1c3d8364e0afba65036c53c749,delivered,2017-11-26 15:26:36,2017-11-26 15:37:21,2017-11-28 15:03:53,2017-12-11 23:10:37,2017-12-18,258567b62369005c551233ee08eeb4c1,2017-11-26
0aa31b21d8142ae99420dec2c667e869,398d40045df6bd85c62cc47e4f5715d2,delivered,2018-03-14 12:19:11,2018-03-14 12:30:32,2018-03-15 20:38:24,2018-03-22 22:17:33,2018-04-02,bd663391397e9e28a029433c1b8291fc,2018-03-14
4188cfb6f4039cb4b50ee591cec8086f,1c11ae5217eb240d76916d9e4ad113dc,delivered,2017-11-26 11:45:11,2017-11-26 11:55:06,2017-11-28 00:05:38,2017-12-07 15:42:24,2017-12-19,b7d4f63dc072486cd5913c701498aa6f,2017-11-26
7437b218b9af11255c89b0043905192e,35647463ddcfa9e24f6ae04d3cb97cda,delivered,2018-05-08 16:21:30,2018-05-10 02:57:26,2018-05-11 15:45:00,2018-06-01 15:43:02,2018-05-29,a0726120dbe79e9410d667ddd8fea4e2,2018-05-08
2b436e6951b206c144738c3c430fb701,683adb140377f00f3c243258bf0eaf83,delivered,2018-01-03 20:20:26,2018-01-03 20:29:32,2018-01-04 17:52:16,2018-01-25 19:08:53,2018-02-02,567119649029c2101849bcf6c323184c,2018-01-03
16f0fa8aecf907e4fe3768af883f0def,6d71041730a38bc71d4510a76cb38b7a,delivered,2018-06-18 11:46:07,2018-06-18 12:19:12,2018-06-19 14:03:00,2018-07-03 06:12:50,2018-07-20,a0f7d5046ced9683da2a825bf5dd322d,2018-06-18
bef91d8b2fdc7104c272e688abb17c4f,cfa8d47c9650d5dd13b594b52cfc8491,delivered,2018-08-09 19:53:40,2018-08-09 20:05:17,2018-08-14 14:33:00,2018-08-26 11:18:44,2018-09-03,f752f33eda408dadfd3d2b3041cf2815,2018-08-09
c85effde0ed0992c84e040a55a793259,3afa07715c980bf768a77337d193f7c3,delivered,2018-06-03 11:22:06,2018-06-05 04:52:00,2018-06-05 14:59:00,2018-06-07 22:58:56,2018-06-28,a400be57db9311af2efcad0f57bf0d2b,2018-06-03
4053d75129c21cf5b41d41e6bdf3cd28,3bd124a0d3630c45d920e49a107b6912,delivered,2018-01-09 20:39:23,2018-01-11 02:35:38,2018-01-11 22:29:28,2018-01-19 20:36:33,2018-02-16,53dad0f86e33e3e263658b3484563365,2018-01-09
010b0f6bd323a9effd095a743e660f26,892522b67acfcb855f3feba4cff78050,delivered,2017-07-18 12:56:38,2017-07-19 07:32:04,2017-07-20 19:26:36,2017-07-26 13:57:49,2017-07-31,4093226671a7fef20920692b9093c6c6,2017-07-18
0f8c8ddea2408a5ea9637d98f1c4377d,2664a440338cee1a8dae9a8417ba2433,delivered,2017-08-15 08:49:26,2017-08-15 09:03:50,2017-08-17 13:05:44,2017-08-21 20:36:24,2017-08-28,45acc7af5b8ab207dacc2faba8ea0016,2017-08-15
fcbe5b8ab9e476b1f5fc6862539d7a22,126aa0762ee7cdedfaa704040e7d478f,delivered,2018-03-22 10:31:05,2018-03-22 10:49:28,2018-03-23 21:14:36,2018-03-28 17:52:10,2018-04-10,d52feaaec9b2f7f2759acf9e5e525551,2018-03-22
316af200f0fadf8a73193434b9b050ed,2bbcc0db7a9e260488f29462486fe60f,delivered,2018-06-28 12:41:32,2018-06-28 12:50:24,2018-06-29 17:07:00,2018-07-02 19:57:54,2018-08-09,2bb237e8fa07f2ac4af1491b20318e50,2018-06-28
5c86a3bce0bf5ae461b06446d58b323c,225008b45eaf94a20275ae749fc63983,delivered,2017-06-02 08:48:45,2017-06-02 10:50:19,2017-06-08 11:44:19,2017-06-26 07:42:36,2017-06-27,4aaa6da3253312636e7fe14e63d1d190,2017-06-02
943e40583d137bcc29887eadaa15e999,44d8a794c8e40d5063528003d8974881,delivered,2017-10-10 22:37:07,2017-10-10 23:10:11,2017-10-11 19:58:31,2017-10-14 00:12:21,2017-10-23,2a1ffd99dbed9fffa55c9fd6a31f799b,2017-10-10
e8af48c1f147fd9b865c90156fc39c8b,3b97b8e5873284156a95b6b8d11a9999,delivered,2017-02-15 09:14:49,2017-02-16 02:10:32,2017-02-16 15:25:41,2017-02-22 06:47:41,2017-03-17,a5f8c9dce5b028ebacd64a271d13cb7a,2017-02-15
a6288d192f3399f630e89e96f1079cf2,4c8e99eccf20fa3de5ce6e85e1a3e825,delivered,2017-09-28 12:20:16,2017-09-28 12:28:29,2017-09-29 16:08:11,2017-10-07 16:54:04,2017-10-16,5f14fa22610fbeb251163acdb43c4030,2017-09-28
5460a05579eef48f6c8d54ca6c3f2249,1336c066de955f70e1508ce21670b72e,delivered,2018-07-05 10:06:44,2018-07-06 02:51:20,2018-07-10 15:48:00,2018-07-13 18:38:26,2018-08-06,482100e419953116ee03dca7416277e0,2018-07-05
d16add0ce9751d6b9e83bcbea48aaefd,6ac5b0fa04fc8ecc0884f3a7c8406209,delivered,2018-08-20 11:20:51,2018-08-20 15:11:49,2018-08-21 14:14:00,2018-08-28 17:33:09,2018-09-11,05c4d0ad4778407e3220f29cd5202e11,2018-08-20
51b6e7c8009e9e7ea9b8382a57bc36bf,7487099b3e06387d90c0bf3bf049d5d3,delivered,2018-03-25 19:42:45,2018-03-25 19:55:30,2018-03-27 10:58:48,2018-03-29 22:34:36,2018-04-06,8da2a3746a8895677fc6e666ec04278d,2018-03-25
612671085f32b1043ce94e650bb4968b,a1a9b30f26ebe6e2649967b50c10b0f4,delivered,2018-02-08 11:49:35,2018-02-10 03:08:40,2018-02-15 23:43:42,2018-02-22 20:08:18,2018-03-15,3b64edb1b854398a506f91332c0dee21,2018-02-08
6beea62ed3699dc09cd676bbd693abe9,e0abd9586d32c366405309c41ef4c31e,delivered,2017-03-20 10:39:24,2017-03-20 10:39:24,2017-03-22 08:44:05,2017-03-27 16:16:20,2017-04-11,8f08cce7e75004fb904db0a3fc1fb800,2017-03-20
87ec7a9f029ae04e1e43ffc7bba7bfa5,1fdbc491b5d027c76d77bd7c916dcd14,delivered,2017-05-12 13:01:18,2017-05-13 13:03:02,2017-05-17 13:32:34,2017-06-06 14:19:03,2017-06-02,79795d42dd2c3eec3c375c1664723e44,2017-05-12
c0585e6e7446a97905280a732d27ac4a,01d444480a8e7ed180b6c5cb5993a273,delivered,2017-11-06 14:28:57,2017-11-06 22:36:34,2017-11-07 18:41:22,2017-11-09 18:02:31,2017-11-21,7ee80de1a077e0aeae1783715ec36476,2017-11-06
08bdb086a562d4a730e238d0ba09be26,2645421a41e015b1818b76759bf2c49a,delivered,2018-02-08 07:57:06,2018-02-08 08:10:24,2018-02-09 23:33:46,2018-02-26 17:42:06,2018-03-06,804f67315cabb9737efa7e3a046f4fd1,2018-02-08
6a7f146c996d90e099636967012fdc8d,0e7393ef1ebb20126cf9f31cf7259302,delivered,2018-03-04 16:36:42,2018-03-04 17:28:28,2018-03-07 00:37:46,2018-03-19 19:03:38,2018-04-06,f5d002793fffcc5a526c05efb039e806,2018-03-04
907ccd3dfa00fa686c55005689b891e1,b6db31d15c20b950ea5002e99486a1f1,delivered,2018-05-08 18:42:04,2018-05-08 18:55:27,2018-05-09 11:14:00,2018-05-18 18:08:45,2018-05-25,55836600036b58714e3e52f3921fc36d,2018-05-08
e2557098c56afd06a929b32a63b5f856,5d6df51c09860f2d3181a685d5b6bc6e,canceled,2018-03-01 15:20:13,2018-03-02 10:15:22,,,2018-03-15,cf3609bfe6a3755c07c5a3688c55d18e,2018-03-01
cc02601c19d68cb1a4cde5a11aec694e,751a05b324683e65537d345c3933a9de,delivered,2017-09-10 00:06:13,2017-09-10 00:30:19,2017-09-11 19:38:54,2017-09-14 16:58:06,2017-09-28,d698d987204fa8409f973d39a5b8f075,2017-09-10
1257e20a360aff14dfaa811bc8e50e09,cfa5bd743a20cdbca4d73daa497fcbb7,delivered,2018-07-04 21:00:38,2018-07-05 16:31:30,2018-07-06 11:32:00,2018-07-16 14:38:50,2018-07-30,11ad503b8e74d5271a35202d2fc2a1ab,2018-07-04
2b20baf94a095e002981091891209751,33895d210b7a21812669e1dab098d80f,delivered,2017-05-29 21:35:00,2017-05-29 21:45:13,2017-05-30 12:05:45,2017-06-06 09:24:56,2017-06-21,871f04508eb8336a8e7a7289e8b3fe7d,2017-05-29
9db5ceb6f107ae0944c19188c8869a03,08029b648bf207edf7c24f3673382bf2,delivered,2018-04-29 23:57:11,2018-04-30 10:15:56,2018-05-02 14:47:00,2018-05-04 22:31:59,2018-05-16,e271fa40aa8fea4e0f304b3768b65d6a,2018-04-29
28fc46ceb57ddc6e17500a9482d694b9,fa3d74d33883c20c33a556e09f856499,delivered,2018-06-20 22:52:09,2018-06-22 02:58:39,2018-06-25 12:23:00,2018-06-27 18:41:39,2018-07-13,8941b0fdd661725e6daf5e4d6d1d19b0,2018-06-20
c19e5e606043fc8b33023f0b377e2e55,3cd324590eb2fe506b8dba8f06cb4e26,delivered,2018-08-13 23:58:38,2018-08-14 00:55:22,2018-08-15 06:46:00,2018-08-21 22:27:12,2018-09-05,72421b30e46c895e99e8560a48a33fb6,2018-08-13
dde949eadfa9eaab6f60ca7dc63e7f51,8ee025b414f82db39d70f04a73c910d7,delivered,2017-11-24 23:41:58,2017-11-25 02:33:01,2017-11-28 21:44:44,2017-11-30 01:51:59,2017-12-11,1a59e312bf12e1e46ee7647bcab0b2a1,2017-11-24
7d3ffe9953e28737dd4c634216c9eef4,aa02249f655fd7a69f485cf95b8913fb,delivered,2018-01-26 15:38:19,2018-01-26 15:58:22,2018-01-29 12:18:58,2018-02-06 15:26:40,2018-02-23,3e4c78d0ff792b1ee682564008e7d1b9,2018-01-26
8a3a8f42d50b55a791a051a19d856c6c,778aed33f729f0922a13de9642c9443b,delivered,2017-09-06 13:09:28,2017-09-07 13:23:27,2017-09-08 18:57:21,2017-09-15 21:19:55,2017-10-04,dd9d55e4b22e4677620a448025caade1,2017-09-06
8968fc980ac5028c64249afa13a02920,007dd470bdcf9dc8ffcd44beb79dc18c,delivered,2018-02-18 23:39:30,2018-02-20 00:26:50,2018-02-26 17:17:18,2018-03-04 10:46:51,2018-03-26,f4118facd33f966e80b9fabbf0ca2547,2018-02-18
d0cae991bbc57c3c2205b0076b2d1489,73c101d5854e1ac89458e8865c0ea516,delivered,2018-05-27 21:44:38,2018-05-29 03:31:22,2018-05-29 12:10:00,2018-05-30 22:51:59,2018-06-20,bdeea6ebf7c7fffe2409e626ce2d0de7,2018-05-27
29062384ce4975f78aeba6a496510386,6a12f6bdfda32e5f5b85abdda6536326,delivered,2018-02-16 17:59:43,2018-02-16 18:10:27,2018-02-19 23:29:24,2018-03-14 16:58:50,2018-03-27,e016365b624d1755f3e2d0e8f1631ebb,2018-02-16
201778d50acb9f7137379097bb1b6b0c,cc1728aef35e20436d830cabc961852d,delivered,2018-03-13 18:47:51,2018-03-15 03:15:49,2018-03-16 19:28:27,2018-03-27 01:58:36,2018-03-29,c3cad44fda0a5d52e2c988c48d399cca,2018-03-13
119db78602ec4f8cdb8aa475c1fbf655,88d16e7065e6a0a5edfceac7ceedd770,delivered,2018-02-13 13:10:16,2018-02-14 10:27:07,2018-02-14 20:38:38,2018-03-19 22:41:57,2018-03-12,9ec142fbcde3077350f40e8f6885d5d6,2018-02-13
50361b5016be065cd60c76a7f14b3750,37e867d86d228d8e7113b9bc3ee83e63,delivered,2018-06-20 17:55:29,2018-06-20 18:46:53,2018-06-21 15:38:00,2018-06-22 19:14:30,2018-07-12,519d28a422fb85636a2d790fd34cb159,2018-06-20
9ee9982b6f0296becebf4d03afd07cae,747294310d01f24f467185ae9e9726da,delivered,2017-12-16 14:17:08,2017-12-16 14:31:06,2017-12-19 15:52:19,2017-12-26 17:59:08,2018-01-11,304fcbd92f16bcb2c4dd1410ef5d481f,2017-12-16
852f05d982b898131361f787c7d787fe,9cfe0d7ad6c59207e16ac0bdb718be24,delivered,2018-08-03 17:45:53,2018-08-04 16:44:18,2018-08-06 16:08:00,2018-08-08 17:17:52,2018-08-08,aa2fda0537d2d5029dbd2d5d685f0781,2018-08-03
e67b282bce4a6e7095116b351ddb81e7,a4456507f70711e18cf698a5e61a1592,delivered,2018-06-10 11:33:27,2018-06-10 11:51:09,2018-06-13 10:13:00,2018-06-25 19:56:51,2018-07-18,f13a3dfb50638b6d41a82af20b531702,2018-06-10
ed6cb5a169c4568b5d2b4c7beacc52e0,7b7d5781af350986a44f61fd1f1d6a35,delivered,2017-08-20 18:09:55,2017-08-20 18:25:08,2017-08-21 16:36:00,2017-08-31 20:49:38,2017-09-19,fbd1e2b88791dae0188d83d445a0fabf,2017-08-20
265144aedd0822b898712f78e0c3cfc4,b4f485d5afa99fd25e4b31e4e1dfd52a,delivered,2018-06-13 07:30:09,2018-06-13 15:25:44,2018-06-14 13:04:00,2018-06-21 16:36:42,2018-07-18,5b3571b50b2c2b9c3b50148047b4a8f5,2018-06-13
a2fb9f237dfb7fb67d835e6507514943,2f9c4a762ff5200686bef7489e05e0f2,delivered,2017-11-06 11:06:56,2017-11-08 03:26:25,2017-11-25 09:34:24,2017-11-28 00:27:28,2017-11-24,86cb5b442aff3b8e9b29b18d5947c245,2017-11-06
59609049605148c00fbf0e6fd9a127df,20fca1cbbde1c5961b0aa5abded48c51,delivered,2018-02-09 09:08:34,2018-02-09 10:13:53,2018-02-09 21:51:56,2018-02-14 21:18:54,2018-02-23,8aa5854287678b4ccf747a87b660d27c,2018-02-09
43f0d057f0850582f4045651805ef133,6fbbf2b39fe0a8a7a626b35f1353e155,delivered,2018-07-04 16:37:48,2018-07-05 16:16:58,2018-07-05 14:11:00,2018-07-06 16:55:52,2018-07-23,7d810fb09e82fd94044a84f03c9cd364,2018-07-04
9d415b5c7f8cd03fa65fc34316a8e2f9,25936c2bf3471a32f522df4e5949e725,delivered,2017-10-11 09:42:41,2017-10-12 02:20:54,2017-10-13 22:45:56,2017-10-20 20:12:31,2017-11-08,e49c82ca5e5ebe3153400c1adc06cc9a,2017-10-11
5373c26702420c0f842871e489365e20,3f887e8d3e7ee0732a3e1a1307620712,delivered,2018-01-16 18:34:46,2018-01-16 18:51:09,2018-01-20 00:32:06,2018-02-05 18:37:11,2018-02-06,382c9c19b3be2494ca67bc9bca285534,2018-01-16
3fce76a41d913dedb8f211a38fa0a8b8,c8ecf49c62e0943b4a44bad2af3f0e5f,delivered,2017-05-01 16:51:20,2017-05-06 21:33:35,2017-05-03 16:10:14,2017-05-09 08:50:07,2017-05-25,0f22bcde5a71db02a08f687bf64f43dc,2017-05-01
b0917656db06228a7b671f526b57baee,a4e6312399dca2989f45e102136aa05c,delivered,2017-11-14 08:54:42,2017-11-17 04:15:36,2017-11-17 17:21:31,2017-11-29 00:29:00,2017-12-05,2833fe0b4fd9b6ee8191cd7fb13f6ca9,2017-11-14
850b5d9b28b3d833f9c596f33a22fda4,25456f6cab07f245952fa0f2dd77d738,delivered,2018-04-22 19:41:06,2018-04-24 17:59:38,2018-05-07 11:33:00,2018-05-14 18:19:37,2018-05-28,b7df44cd2d17cf930eec5d07fc181e8c,2018-04-22
4f7801b0527e8669f25d2f5488ea8a58,cc6fa5f972cf9cc0bff89b6811a40ed1,delivered,2018-04-10 21:43:09,2018-04-10 21:55:18,2018-04-11 16:47:31,2018-04-12 17:48:33,2018-04-26,f982853f2882760f3a52e7bdfabb1080,2018-04-10
41a5363dcaa28ccb1ecf0211c3c5d530,a4dde3d271bbee38c87b2abf0b234c10,delivered,2017-08-02 16:09:47,2017-08-03 03:06:30,2017-08-04 13:14:55,2017-08-10 19:17:28,2017-08-28,3eca2b01b1a7154e7c9fd4e6e3c5f2d0,2017-08-02
1b0b1c71db83d610e4cb483d0481a6eb,c81ce28738b57eee041bb18fbea8660f,delivered,2018-01-06 17:40:40,2018-01-07 17:33:25,2018-01-08 16:55:00,2018-02-03 00:12:36,2018-02-06,d366cfc097d250c153a712cebfc7d94a,2018-01-06
e299b9edcedc7009ca224fb5a856afdf,ec0feaa72040bd94ad8e414cc44263fd,delivered,2018-07-25 20:37:49,2018-07-25 20:50:11,2018-07-26 14:54:00,2018-08-06 17:42:36,2018-08-15,37bec3b390413f0006aadd2685a3de74,2018-07-25
cdaededb679c58a0e7de44a196b55750,d5879700cc4d4fe1bb76db1b7a2b2c7d,delivered,2017-03-10 09:39:00,2017-03-10 09:39:00,2017-03-14 13:07:41,2017-03-20 10:57:53,2017-04-10,b65b4e0ccf23f096b3eb8bce350a400a,2017-03-10
68045e87308a14e1d77f14ff287a2b3b,5d35803ff17fa008553875bc5e3cac0a,delivered,2018-03-26 22:39:15,2018-03-28 02:50:17,2018-03-29 11:36:57,2018-04-04 13:36:52,2018-04-06,aecea68517ce3ad7eb2cdbd26db24b92,2018-03-26
c99274b9d6aaffe2c0bd2d3483f64f12,530d079076d1c95963e48cb0e5ef631c,delivered,2018-03-03 09:57:51,2018-03-03 11:00:24,2018-03-05 21:59:46,2018-03-26 17:36:40,2018-04-02,f2b8ca4a11f4e1157411b038448f8cba,2018-03-03
6d631e55b551b20a81767e9685b7afb9,d7df8aa5be9a7c0f5ef11cf74f837ad7,delivered,2018-03-01 14:46:14,2018-03-01 15:31:01,2018-03-05 19:38:36,2018-03-28 03:44:56,2018-03-19,649e24dfbf909f5d7834b6ec7e54eb16,2018-03-01
9932048143843906af1f72ddcdb746f9,12e7a4d8644fba0b64b0123f8ac5b555,delivered,2018-07-27 20:13:06,2018-07-27 20:25:09,2018-07-31 08:33:00,2018-08-10 17:46:45,2018-08-17,4709f700d732ecc6841b3c33ecb46dd4,2018-07-27
ec1f164c3c36925c1bdb453446309891,090194eecf789ed407c3179f81b74502,delivered,2017-12-20 11:47:20,2017-12-21 02:10:05,2017-12-22 17:59:17,2018-01-17 00:19:16,2018-01-22,bfc145aeeae1106b9265e367b37fb84a,2017-12-20
74309f1c6cfb3fe784849fe33b811243,40e2d996e2e7b68e453e264a377ba7f8,delivered,2018-05-02 15:17:39,2018-05-03 15:10:31,2018-05-04 13:30:00,2018-05-15 20:54:58,2018-05-25,5eefe00129189b523a1c1a0324f470c1,2018-05-02
e0b26f14d2bcc710bb02f77a4628763b,fbd40c083aa8cddebb5265b2ba6aaf2e,delivered,2017-05-16 10:00:49,2017-05-17 03:45:27,2017-05-23 10:35:48,2017-05-29 12:04:19,2017-06-07,f40ab89b622248b7ca125af4b486b887,2017-05-16
19980416131f571e346fcfc260fe97fa,9bd4ec3645cb38780110176b72910976,delivered,2017-08-13 20:23:26,2017-08-13 20:43:52,2017-08-14 18:17:41,2017-08-16 20:04:11,2017-09-01,301a6d74a3eb7cd8e3508a045b8fa2e1,2017-08-13
6279fb07bd3980aec19cfa5c3fb66118,523c3fe129657579768655ed4e6e5f96,delivered,2018-05-12 08:28:00,2018-05-12 08:51:45,2018-05-15 11:04:00,2018-05-16 20:39:44,2018-05-29,0805efe58062ce26f6f02ff0e4eae23c,2018-05-12
f2228e3e55ff956909ad7750f08516fd,fb60e1236b474808fc33b9d2bf26d323,delivered,2018-04-01 11:17:22,2018-04-01 11:30:17,2018-04-04 00:47:20,2018-04-11 18:52:20,2018-04-25,27a79a1c25acfaf04056f8be771fe8b3,2018-04-01
3ad8a7439418603f2b86bbb37e645b93,f3c9c6bf685619f838e78019116a92ac,delivered,2017-05-04 21:23:22,2017-05-04 21:35:24,2017-05-05 10:26:15,2017-05-12 12:24:46,2017-05-29,e4c595917909f1a77663c9c339767980,2017-05-04
81947fd909118ca9f929a299e6eecdd2,ae93709aa59cb498535355ab9ff6e8cf,delivered,2017-11-27 11:33:51,2017-11-27 11:54:53,2017-11-30 20:55:49,2017-12-02 16:42:28,2017-12-14,e325e139452a1ca05f5a33acedd7d94f,2017-11-27
df5b1e6edf6451c6cd99e167739d9d56,6d70c33e10fa878c843dbb91ab0bccbe,delivered,2018-06-02 01:20:09,2018-06-02 01:35:41,2018-06-04 13:41:00,2018-06-14 19:48:34,2018-07-11,cc8d50ccd3e48dd753091820612f87c2,2018-06-02
43d1fe9178de269c073056a519bac11f,161f3380ccb34f88074059e8cc916863,delivered,2018-03-19 14:33:11,2018-03-19 14:49:37,2018-04-18 19:22:35,2018-04-26 19:04:18,2018-04-30,5d227535a37382849a9807bfc7c31fc9,2018-03-19
d79458e753af6edec4b2c73e07ddf01b,b5dcdf41ce407279527c68ee494abecc,delivered,2018-02-20 08:21:14,2018-02-20 08:56:17,2018-02-26 17:19:07,2018-03-07 23:09:33,2018-03-12,6f33a8b7e82b5685bab383f1aa5ab8cb,2018-02-20
6d3f1062aecd285e079e5cb1464cf31c,61bc132b3af53618a5fdfa29cd72103c,delivered,2018-05-08 12:47:37,2018-05-08 13:09:35,2018-05-08 13:37:00,2018-05-15 19:42:20,2018-06-12,fbc124426c03f4d4a5b051968f3050e9,2018-05-08
ca3bf4af04cea159087307d0826d5ddf,afb284b37b350270338851f499c2226f,delivered,2017-07-28 00:10:57,2017-07-28 00:25:07,2017-08-04 20:05:49,2017-08-18 19:55:48,2017-08-21,beef8fd7f17b0ec711557bf4ac46df50,2017-07-28
899cdd988dd7bab43d5ed87329a96dd2,695612b8ac0aee492ff152bdf353bdb3,delivered,2017-10-03 06:55:42,2017-10-04 07:07:09,2017-10-04 20:31:50,2017-10-14 13:50:00,2017-10-26,b2ad1e278b4e77f7792f200207c81c8c,2017-10-03
69077141219d094a1413c873be09cc9c,d184b0e1de2da0c29cca0de3bb29781e,delivered,2017-10-18 17:02:05,2017-10-18 17:14:18,2017-10-20 18:22:22,2017-10-31 17:36:56,2017-11-06,1be0b0b172e10ad52bef0d454965c053,2017-10-18
85786ed6b45d6b5897d8040879e0a899,c3871af99ea3349c2a10e07e1185dfbe,delivered,2018-01-18 19:54:47,2018-01-20 09:09:21,2018-01-31 11:05:17,2018-02-20 22:08:53,2018-03-13,23701e74f2cb357f7fafc59bafe23b35,2018-01-18
ae0acbbd5784a07b8db912c8dd532ce6,4339c3ccd52c9501cb691d83c3a2d5ca,delivered,2018-01-27 10:38:55,2018-01-27 10:55:06,2018-01-29 17:51:45,2018-02-20 16:06:58,2018-02-26,156682bfe55ab873dd2390cd94aee186,2018-01-27
7853cfd26dee49109295b3e604567180,45cdfac600e3e044e7d986b3639ac8f3,delivered,2017-01-22 15:41:21,2017-01-24 03:45:43,2017-01-24 08:28:01,2017-02-03 14:22:55,2017-03-02,4a1827d2f38e2c00736326bfb9f68ee8,2017-01-22
e801a92e69dfa7a3134a15e17ef1573a,61c03a6a89625788e5069f2ebcbc2117,delivered,2018-06-29 19:13:26,2018-06-29 19:30:13,2018-07-03 13:10:00,2018-07-09 21:12:04,2018-07-31,89038f2925821d309ce59e8f389b4492,2018-06-29
3a517309f5eb2056a5549db3939bf07d,30b4165f47eef72b1f675203e080994f,delivered,2017-12-28 16:56:44,2017-12-28 17:08:23,2018-01-02 16:42:06,2018-01-09 20:35:31,2018-01-24,0774c773adf508fd25a4311d71cae858,2017-12-28
6bc5fdbc258b650edb7ff262dfbabf98,1cabcf0140fab47b6bedc1a05f82b8b8,delivered,2018-04-24 13:13:10,2018-04-24 17:26:37,2018-04-25 15:00:00,2018-05-04 21:06:38,2018-05-22,2095aad3258b909866815f7a3463ba5d,2018-04-24
9903b2c5405f73a9370435b3848f8d4c,7f724fa2f7a20e5b6810ec5e9585771f,delivered,2017-10-18 00:37:08,2017-10-18 00:49:57,2017-10-20 11:33:00,2017-11-16 19:02:49,2017-11-22,e574b9c38b84aba973a512de4570c217,2017-10-18
05ebeda0c1aefd787e0ddc914af75039,c440fc4fd60fd9083395f183aada6d4c,delivered,2018-08-14 10:07:51,2018-08-14 10:24:42,2018-08-16 13:14:00,2018-08-22 17:09:05,2018-08-31,415ac25ae6868ab36d6a9407ac982fd2,2018-08-14
8707490ec96f386b36d2582753d9fcdb,9846d92ecb9e40d9101d84edaec0508f,delivered,2018-08-16 15:43:01,2018-08-16 15:50:21,2018-08-17 12:05:00,2018-08-27 16:13:46,2018-09-10,3c927aa188eb452fb90f9b5062247a8c,2018-08-16
e8b9c7b25bbbc6f005c27f648e24ffc5,78cd9cf78889fc97df2bf6070f9fafe8,delivered,2018-03-02 20:06:20,2018-03-02 20:49:07,2018-03-08 20:13:39,2018-03-20 11:54:28,2018-04-02,9ca97e91d9d0e7bae9dbe2b2cb731028,2018-03-02
157ce7659b9b7262b5f2676b198356eb,2d3b6264cf906b0e0b8f9db8d3e4cd4d,delivered,2017-10-29 10:05:43,2017-10-29 10:15:43,2017-10-30 18:55:04,2017-10-31 18:22:53,2017-11-10,7c6fef9302bf3201d39d77acb0df3044,2017-10-29
628923e74a955e432c826a2e0da83406,fa5901de46d1acbb3ec49efb898f5d5a,delivered,2018-05-11 14:52:58,2018-05-11 15:12:21,2018-05-30 14:03:00,2018-06-05 19:36:43,2018-06-06,a62033e1eac3f078e0bbd44b09e3153a,2018-05-11
01c886b4b865797097ab2d051ae30cfd,c8eaa92fb78e29a73b98bb005e08a45e,delivered,2017-08-09 12:34:24,2017-08-10 03:32:19,2017-08-15 19:10:02,2017-08-24 20:53:46,2017-09-06,d1516068b604e6a0d832ef68714baea1,2017-08-09
de7a40e39e02017beee1513d57ea0467,a6d5d3636fac08d83cdda01174465f15,delivered,2018-03-28 10:07:07,2018-03-28 10:28:45,2018-03-28 22:21:11,2018-04-10 18:14:34,2018-04-19,291c3f1c62fd6345dc10eba6b50fc6f5,2018-03-28
73ff106f792b836704a9f5ff71a77d5a,16d7008e96c81210b00221d33a00a6db,delivered,2018-05-23 20:18:31,2018-05-25 02:54:51,2018-05-25 13:27:00,2018-05-26 15:14:21,2018-06-08,726f75b0bd5f929b06e1ab5689f6e594,2018-05-23
a4125b229a0ccba8decce0b246368fbb,e1a2cdbd140f6df9f1bc7d88f6bb7611,delivered,2018-01-09 10:26:15,2018-01-09 10:39:28,2018-01-16 01:14:01,2018-02-06 20:41:53,2018-02-05,6776387bf1f560cf1ead793cfb39388e,2018-01-09
d1749cbe74d71c33859e8acbdcbc2aeb,8718a039a914dc16e203ae3afddce0e2,delivered,2017-07-11 09:35:13,2017-07-11 09:45:17,2017-07-13 18:12:22,2017-07-26 10:42:42,2017-08-02,5999fc8a10a02339f6c58946ce0657ef,2017-07-11
269fb3a37e10ad284ed9ca4a34c32d09,4dc2037d51777db6a431a91905bcd7be,delivered,2017-09-25 22:51:01,2017-09-26 22:56:15,2017-09-27 16:19:41,2017-10-09 17:26:06,2017-10-24,9b4d29a8a4b366ab3e445476e90280bb,2017-09-25
0f2feb76d52c8e1be73daf8769a393e8,c849d0ca6e024f4f72ea8eace58ee21d,delivered,2018-01-18 22:28:13,2018-01-18 22:39:20,2018-01-19 21:51:49,2018-01-25 17:35:22,2018-02-19,f46ee9ced7cdcd3dcaa53b9743831f80,2018-01-18
02ebcb8b63b7e61be9514866e432d1d8,f6684db0118cdcdbe308f6de0287035c,delivered,2018-01-25 12:06:19,2018-01-25 12:19:11,2018-01-25 20:33:37,2018-02-05 18:13:11,2018-02-20,a652ad91bdba3ce3abd71247744e3395,2018-01-25
5667af66694cc07bce46f7af2ed32ed6,63313fa30c9be66c8164655204ff68d4,delivered,2017-03-04 15:28:40,2017-03-04 15:43:25,2017-03-24 17:08:09,2017-04-05 12:34:35,2017-03-29,c54c21c317f9d2fe7d606bb22820d021,2017-03-04
8f150b9a5714c94537d31215f638db5d,0b9c2c04285f9bccbbf9a41d6400ec24,delivered,2018-02-27 11:39:56,2018-02-27 11:50:27,2018-02-28 19:08:53,2018-03-24 00:03:55,2018-03-27,1a75d590a6e6744b9732cd9feab4206a,2018-02-27
51673e0d82449e7f4ccd8fcd64fe0c15,2c5432951b606c37c8256c7892f58d82,delivered,2018-04-23 11:13:32,2018-04-24 19:06:42,2018-04-24 22:26:49,2018-05-02 15:08:38,2018-05-22,9cbd468449e1b9d61bc7e5b79fc9d5c9,2018-04-23
5abf18d13baf7acb60e616f758d61928,a9ce726bdb822ae3acbc379afaa1423c,delivered,2018-08-27 13:11:50,2018-08-27 13:28:21,2018-08-28 14:05:00,2018-08-29 11:21:45,2018-08-30,7abc460d8f4c676d83f188aa7f9a21b7,2018-08-27
37fef9185066b091254533c2192edd72,cd281c1a7d26cd29a3ed4b029fce7270,delivered,2017-05-14 19:52:34,2017-05-14 20:05:16,2017-05-15 12:35:45,2017-05-26 17:07:50,2017-06-14,086d6b5b5ba195a91aa0a6ec8e75d1a4,2017-05-14
543a7736e8c75c0b22aac2fa7b157e1c,663dd25d076d55ac939bff94220366d9,delivered,2017-03-06 18:50:07,2017-03-07 04:03:29,2017-03-14 07:54:02,2017-03-27 18:03:52,2017-04-04,21cc3cf81bc92d7a18c74e4358ef879c,2017-03-06
13c4f7497ce2f3ae34e441c7514215f3,423fa86d97e74eacb7789a4e1c1a8325,delivered,2017-08-07 12:44:28,2017-08-08 16:10:16,2017-08-10 19:50:00,2017-08-24 21:50:04,2017-09-06,36b6bda8a3ca33a3df452dd5c13fdfcd,2017-08-07
0a0f50037a1e1b7c239ac621dbd8a03e,c2579cd66fcac7efdbaef0470cc52602,delivered,2017-09-25 14:34:48,2017-09-26 03:28:22,2017-09-28 20:45:34,2017-10-02 18:45:18,2017-10-17,a60cbbc2873fbaf6a94248a58c646a43,2017-09-25
9941c14602ccbe66611b6a4b8fe01d99,82dd7750451a28d1e779bac86391d1f6,delivered,2018-05-03 16:46:51,2018-05-05 03:33:40,2018-05-08 11:12:00,2018-05-11 17:14:55,2018-05-24,7a350426024a624cef97f797c408db97,2018-05-03
cf6d45bae6017043952a20f3457379fd,7590c5e72f02a94f0092598c1211e1e0,delivered,2017-04-13 17:54:50,2017-04-13 18:05:16,2017-04-18 13:04:13,2017-05-06 12:44:49,2017-05-11,dba40b853fb8450879147f77b57efcc2,2017-04-13
f723ddc56e0f5e79b63a3a001233cadb,6aa90596c8e2142200b3f89ea20a60be,delivered,2018-04-04 09:05:28,2018-04-06 03:10:34,2018-04-07 01:19:15,2018-04-11 17:51:39,2018-04-20,25b244d0dc731b8b63121a6232a879ae,2018-04-04
4668e269b27ff744f3bd603a9c444d32,61d31d36aac99d19682300bdbbc174ea,delivered,2017-10-31 04:57:41,2017-11-01 12:35:18,2017-11-03 18:47:49,2017-11-09 13:58:40,2017-11-16,1c72075103f417245b9f15c1287fd6e4,2017-10-31
78f6201cc730d148939d4e7e0f456917,98ae06813e0146192ac3347558abd028,delivered,2018-02-08 16:06:58,2018-02-10 02:49:40,2018-02-21 10:09:23,2018-03-02 14:21:41,2018-03-14,feb92cba9f50befe809ad08fe01ef1a9,2018-02-08
21d010a46099888da9e0d57e48d5a0f2,8dfc83f29d83da2cd183ede5f40aa30c,delivered,2018-03-20 19:58:51,2018-03-20 20:10:26,2018-03-23 00:47:54,2018-03-28 23:58:58,2018-04-02,fbea7ab8f738c5be3768858b5b415087,2018-03-20
ad0db85b651140eb463660b4ddf767e1,da0e3c0c74aa558e9db33c5e59dd4570,delivered,2018-04-23 15:36:42,2018-04-24 18:33:42,2018-04-26 15:10:00,2018-05-05 13:42:46,2018-05-14,f2a9c45fecbca38c65837639d0e1c0f2,2018-04-23
71e2f7733505074179563ccd72d93d15,28cf24314e32e953bfab6bd5c19d2440,delivered,2017-05-15 16:39:17,2017-05-16 16:50:10,2017-05-18 12:15:31,2017-05-23 13:33:06,2017-06-08,f46971f1ac7b376b668114a027c98e78,2017-05-15
28c9cde35b3af2a32c1371a199bf7ce5,442172343025942c196ecc556aed024f,delivered,2018-05-16 14:11:23,2018-05-16 15:19:41,2018-05-18 13:28:00,2018-06-10 16:11:54,2018-05-30,7c61427e77647ea9340c4d2c75ed0e3e,2018-05-16
b5218d83b7c9bd571babdb7edffe6e02,f06f0595b15eebcdd96410628bfd6b20,delivered,2017-03-29 13:23:39,2017-03-30 13:25:12,2017-04-07 16:03:27,2017-04-17 13:40:09,2017-04-25,2ae56faaf15825d3692d145507fdb384,2017-03-29
c0717edb0763a89d97de0330cf4473f9,5c71d0d610fe93462d9040d9657d12f1,delivered,2017-11-27 20:08:09,2017-11-27 20:19:59,2017-11-28 19:14:56,2017-12-01 17:58:25,2017-12-11,c70060001d79adb03983ea75cdeb6c4c,2017-11-27
fbb2bfa257d524df5df1aeedf331535a,4d5460bc8bfd86c0d6fd806789af0f7c,delivered,2017-05-11 20:34:36,2017-05-11 20:45:22,2017-05-12 12:45:26,2017-05-22 16:35:09,2017-06-02,222d5a1ca42fe95b0b316ebe022e4c82,2017-05-11
923739f2c3d4519a00bfcaaed30723d5,0f6c860f19e5aa6c03102b0b7d835e2f,delivered,2018-01-27 10:54:53,2018-01-27 11:16:02,2018-01-29 20:57:04,2018-02-07 21:09:05,2018-02-23,50d9a8ff2572dece4cbccc90c2d106be,2018-01-27
c3f2643fac2837e3768d0ce83771e322,641df69718446b755017d324ef508374,delivered,2018-06-26 19:44:42,2018-06-26 19:55:09,2018-06-27 11:45:00,2018-07-03 15:56:50,2018-07-26,78dc91ac9a6fece2e327f74e96cac0b0,2018-06-26
f47a74b9a5df7793d947d2dce26234f9,f98590a2e2162bea2b5b9e79de67c289,delivered,2017-10-20 14:23:34,2017-10-24 03:25:34,2017-10-25 18:49:35,2017-11-01 20:16:52,2017-11-09,e527289858f4b248b6800ea378028a03,2017-10-20
041aa5c38550649d5b51f38ba03a29a4,144f118d87d88f07c47bd1caf3d2f647,delivered,2018-02-06 09:17:35,2018-02-06 09:35:33,2018-02-20 20:45:54,2018-03-02 17:07:03,2018-03-15,ca3865ab988451f1544dad3910217f29,2018-02-06
8f82cbff74ca9eba2273adac86c08a2d,2a94748098414e6b930b6900a2d27bcf,delivered,2017-11-22 09:09:01,2017-11-22 09:18:31,2017-11-22 19:04:45,2017-11-24 18:36:49,2017-12-08,be08ef2ebaeb41941a53aa75db874099,2017-11-22
465c2e1bee4561cb39e0db8c5993aafc,63b964e79dee32a3587651701a2b8dbf,delivered,2018-02-14 16:34:27,2018-02-21 12:28:15,2018-02-22 20:33:09,2018-02-28 20:09:19,2018-03-09,85963fd37bfd387aa6d915d8a1065486,2018-02-14
3431dbb0c64629bd76dc81b736c46e4d,e899e0c8c1ff8d71c53bcf89ce519cfd,delivered,2018-03-18 23:40:36,2018-03-18 23:50:32,2018-03-20 02:39:28,2018-03-22 23:44:32,2018-04-05,f1440f8518da4d35fbe868fe12d586aa,2018-03-18
3645d00093a926152b82312c5db8984f,448e41e75cc937589f669fdb39577f53,delivered,2017-08-21 23:04:23,2017-08-23 11:06:21,2017-08-25 21:13:16,2017-08-28 17:07:52,2017-09-01,b5d5805f04ae037ef5de0d12fbed7bab,2017-08-21
96b40b4538d0adf167b0e331257f7930,8d3734347fd7ca8cb68063adcc1152a4,delivered,2018-06-14 08:03:32,2018-06-14 08:16:43,2018-06-14 13:47:00,2018-06-15 17:12:26,2018-06-26,61bd166f76754c52d5797413ec94bbf6,2018-06-14
ba58760d97361d60f4af393e41c236cc,71c29cebf4b6b1bc7d2d1e596161687a,delivered,2018-02-17 20:47:44,2018-02-17 20:55:55,2018-02-19 20:25:14,2018-02-27 15:37:32,2018-03-09,30dbfe87657f768ff646ec83ab82c4db,2018-02-17
5f0d1267a27284c0f27b7bfe756b59b4,a37df39416b121779940a16d0b43178b,delivered,2017-11-24 16:12:54,2017-11-24 20:13:31,2017-11-28 20:51:50,2018-01-03 09:39:52,2017-12-28,6f66c072ff5a7307dfce47b246844ff7,2017-11-24
5f4de9e1f0e55dc0fd443e5f4b2b362a,437412031d5669a073d875b0aa5f4152,delivered,2018-03-05 21:09:09,2018-03-08 10:08:59,2018-03-08 21:55:25,2018-03-23 02:58:38,2018-03-26,cfaec087ed620ecebc6e6f82fe276fe2,2018-03-05
77178560d74827781c4c0495c5a5abc2,209b7e0dd7774132fa4dcedca65fcda0,delivered,2018-06-04 20:42:58,2018-06-04 20:50:54,2018-06-05 15:04:00,2018-06-12 16:38:56,2018-07-18,187bf538e1757a4478936784007b2279,2018-06-04
72803a35d778ec37f2abb88ea76620c7,c44422babe212ae76af23f84780bde04,delivered,2017-09-25 13:18:00,2017-09-25 13:30:14,2017-09-27 19:58:57,2017-10-06 21:43:53,2017-10-20,034b3849378ccec7dded6218ea95778d,2017-09-25
6e496cc6275d951e01ba4a1e527d6d69,566073786b37e7216ae4143163dc4499,delivered,2018-05-21 11:29:09,2018-05-22 08:56:59,2018-05-22 13:38:00,2018-05-29 14:33:19,2018-06-20,de244e8b1a13939a7b33c3c6e4216ead,2018-05-21
93aa3d58f7f2a97010801f8ff8dc45a5,0496b71ebc90246e3e2ed28846651580,canceled,2018-04-29 10:04:24,2018-05-01 05:35:29,,,2018-05-14,6a1ff37aa020ee71c9e359413e553826,2018-04-29
f20cd88d92e87cd00dc985c7d8dfb4d7,437dde455d8442c3e2b3dc1a7063ed2b,delivered,2018-03-06 16:58:34,2018-03-06 17:13:10,2018-03-07 22:23:43,2018-03-16 15:46:35,2018-03-27,debfd498dbaea30ddf7060085ec4beed,2018-03-06
d54aa60d2771d02a8d907974ed595fe9,b84b43d245abdbf44b1e28ba8615429c,delivered,2018-03-16 10:16:26,2018-03-17 02:50:36,2018-03-19 20:16:23,2018-03-30 01:04:34,2018-04-09,c7c3eedff26a02e080ed5c0139e54c96,2018-03-16
19e31a421ef559a7772d01fc5074ee14,6ce5536f3e76b410c27535f9278914f0,delivered,2017-04-06 15:58:17,2017-04-08 02:45:27,2017-04-12 11:52:36,2017-04-19 10:29:07,2017-05-05,61d840adb1892fd2ca3ee8b594327ddd,2017-04-06
edf535c3ce17c8988ced30e8b70a7046,f0b6776029f46b0dcfa9aa46565a1013,delivered,2017-06-19 13:25:13,2017-06-19 13:35:27,2017-06-22 15:09:34,2017-06-23 10:41:26,2017-06-30,6330940a3441244490ba1873ebadff51,2017-06-19
48c923725afb1e9fc4d686c4ffb3cf03,36b735afba701eeba82799b7d22161b2,delivered,2018-08-21 17:00:16,2018-08-21 17:15:09,2018-08-22 15:10:00,2018-08-27 14:32:30,2018-09-10,313a1411e58266af71ecec9da279ad12,2018-08-21
1eddc90435daee35f9fc046b33b5c8b8,e28c952b06b7864dec144ee81e022296,delivered,2018-01-30 17:55:23,2018-01-30 18:11:01,2018-01-31 21:12:56,2018-02-19 22:34:26,2018-02-23,e029dff65c92ca9e94d218ad357a4a58,2018-01-30
fa98b1c89208380c565ec7c07a8f3e7a,28992a56a8eb3e5ca6969d7483839bee,delivered,2018-04-11 16:14:20,2018-04-11 16:32:59,2018-04-13 02:11:52,2018-04-20 08:48:46,2018-05-07,56c8638e7c058b98aae6d74d2dd6ea23,2018-04-11
53cb5f5ec120b69e739f77e3fcd21284,1f286dacf7cf0af9d9b77173e20ae21d,delivered,2017-12-06 22:27:20,2017-12-06 22:38:28,2017-12-07 19:44:49,2017-12-18 23:18:58,2018-01-02,18cdff92d2777ba2cebf27e4a6370a6f,2017-12-06
8c510c44b51565dc8e76fca5cb99f860,038c357f0618e32eadd4f356a6c1229a,delivered,2018-02-27 14:01:27,2018-02-27 14:15:26,2018-02-28 21:37:20,2018-03-09 20:44:43,2018-03-23,c81afc75422aeebd4947bdfa4d120c7f,2018-02-27
f91c3182b60b554b1096c7854aa97fa5,6d1077b88cdbcb548fbaff449c4299b5,delivered,2018-07-30 12:27:20,2018-07-31 06:35:17,2018-08-01 16:35:00,2018-08-10 19:31:50,2018-08-20,2dd85e167573338f53ec563747165bbf,2018-07-30
21717aa89515f9499d2c94578f7848f8,0abafbbdbf470bb4d8b867ec525f25f3,delivered,2018-06-18 09:48:11,2018-06-18 10:19:56,2018-06-18 13:23:00,2018-06-22 18:59:25,2018-07-18,f12af9712bc7f56ee59413b1a012077f,2018-06-18
ac78dbdaa55c30dbfb7eea9beaf31b81,41cf71109d64452d0b2a886144df4b19,delivered,2018-06-14 18:22:28,2018-06-14 18:40:35,2018-06-20 14:57:00,2018-06-25 18:36:57,2018-06-29,1f508e60fbbe74dbec28e4013599d0ff,2018-06-14
4e2d3cbe10946bcaa7579f3de2cca091,7724807e7bfda007bee09c6418cce533,delivered,2018-05-14 10:02:22,2018-05-15 05:15:12,2018-05-22 14:47:00,2018-06-06 22:07:46,2018-06-01,adc12cd3362ed0181341a3042a53befc,2018-05-14
b538efecd9ba6d45acff500110ce1e45,11ae37bb6bd5f1ea30139e17be47a5ca,delivered,2018-01-24 21:03:02,2018-01-24 21:18:20,2018-01-26 17:11:58,2018-02-06 22:56:43,2018-02-20,efe16d03fdc353d0db5d548a5e6b20a5,2018-01-24
bfcec6fcc6a68c5505537bb8a0a38039,f40cc9209965e48412fc7fcef541113e,canceled,2018-03-20 19:22:08,2018-03-20 19:35:27,,,2018-04-06,15d2493aa522c1040d639aa74bd1fb31,2018-03-20
a4521fa62b4f3bbe260aecf4dbc78935,a0b74b6766104f9ae731fe5750fb4f96,delivered,2017-10-17 22:57:34,2017-10-17 23:07:56,2017-10-20 20:23:54,2017-11-02 04:02:39,2017-11-13,c498826286bdf04d6eb8a4b29f09cca3,2017-10-17
7cf050fc6dd31909cb224bd88eaacff1,afdd9ed40f5403d7cb0718d376907908,delivered,2018-01-26 19:51:16,2018-01-26 20:31:48,2018-01-29 22:14:28,2018-02-19 11:07:14,2018-02-22,e3e39a09d1b8ba13831288a02a07f01e,2018-01-26
0c4e55eefa45381c3ac66984b7be7822,4efd865536f73395e0cada04bc3bc468,delivered,2017-02-21 22:32:56,2017-02-21 22:42:33,2017-02-24 13:21:41,2017-03-10 07:31:39,2017-03-22,869f7103c7c63c3b9d43b64a805f7efa,2017-02-21
d17947404867cce6855f46c66dd71988,c1ac3bac89dec7b1d57b092c1f07adc3,delivered,2018-01-24 10:45:53,2018-01-24 10:57:24,2018-01-24 20:33:25,2018-01-29 19:26:48,2018-02-16,da8f0f2f07d0c1375b8ada19d670d09f,2018-01-24
0d6095ca2592bbcc590d4954e29c7924,484c23c17814d32b3a6f86d0950336df,delivered,2017-09-30 10:05:18,2017-09-30 10:14:13,2017-10-03 15:10:25,2017-10-09 21:14:13,2017-10-25,e2abbc17a8bcf496ac334de6558a1735,2017-09-30
dad3d731936eb6c4a605b457dec8a0d7,55497d7895383e1d82b5531d97b92d50,delivered,2017-03-18 09:31:17,2017-03-18 09:31:17,2017-03-20 10:14:22,2017-03-24 13:47:18,2017-04-10,a5b379d634b202c8a8cb154ddb1f669a,2017-03-18
966f96af9d189dc428ff04ebbca821b8,90e1931af4fb878dbe45c79e6e458015,canceled,2016-10-04 20:41:45,2016-10-06 15:57:38,,,2016-11-24,36f1caf9bdbb0f6201dfdc27a08c6338,2016-10-04
0d9e44ba18b82a7d8e8a9e61681a3e2a,045a67d23d3e4a1cc8aa412d8f8b79d2,delivered,2018-05-29 21:02:11,2018-05-30 13:50:42,2018-06-06 12:06:00,2018-06-07 17:04:54,2018-06-21,11fe1299aaf7d39a5b8303fd02a91d2d,2018-05-29
bd4fdc437a085a99fc75e5346b518aa2,d9c0750249b2d68059ee257829ad9f71,delivered,2018-04-24 18:35:45,2018-04-24 19:23:34,2018-04-25 14:07:00,2018-05-04 19:28:44,2018-05-17,884408dfb8451cca1af91f4488a5a0e8,2018-04-24
c2be1e0558f4f2932216d9b9f668d987,ae973a3f4cdc947b33939a04d230f4c6,delivered,2017-06-06 13:11:15,2017-06-07 02:50:11,2017-06-12 16:15:19,2017-06-22 14:23:59,2017-07-12,501ebf095a4794723f656000f3674601,2017-06-06
278340587458d6ef7070f79b08bca8b8,7ed9c4e2fe2f30ce855cc6b6149040af,delivered,2018-04-09 18:48:29,2018-04-09 19:11:13,2018-04-10 19:22:40,2018-05-21 13:48:16,2018-04-26,ffbbb45b560b9ff08bdde6786987c796,2018-04-09
7c7bc574f3f647a6bb4da91c5dd094cb,957107d840ebeccf895990113ae28779,delivered,2017-05-10 13:19:56,2017-05-10 13:32:25,2017-05-11 09:24:46,2017-05-22 08:36:46,2017-06-06,5ed887c49c901c6a4d8a873557cdea4c,2017-05-10
7c6146547d5509c612ec26867d1cd47b,7278b5baca0464a3bf8074b8b5cb6e6f,delivered,2018-07-03 20:59:44,2018-07-05 16:13:03,2018-07-04 16:17:00,2018-07-13 19:32:31,2018-08-01,162ef1b14a57c9f532a3211e15e15103,2018-07-03
930fb714ff2992c4ff14bf920af830e6,f2fdb2409d1c2b5018b19767572978d6,delivered,2017-12-03 14:52:12,2017-12-03 14:59:22,2017-12-13 11:23:33,2017-12-28 19:17:34,2018-01-11,b76eb34842f553825440c1f62e7c93e0,2017-12-03
d25f8fadc7abdec7bc6d97629c97d57a,d29e47a53896a15a89594f91b919553f,delivered,2017-04-17 06:41:44,2017-04-17 06:55:08,2017-04-17 09:42:58,2017-04-27 22:13:54,2017-05-16,19c77cf8268b9c825eb61e6b5644dc65,2017-04-17
67ff6057a78f38214118680c4a286f2c,e1f83f004fde6fc507ed5c75b2c98d70,delivered,2017-07-14 12:20:11,2017-07-15 03:34:13,2017-07-17 20:41:32,2017-08-01 22:37:40,2017-08-07,42ded8c28b329a7b6e465aa5abc884b8,2017-07-14
8ecf44036c8ef6743d6bc46fb6d40af4,4bb7ccd33a3f0a14d73ba4f48abbfc2a,delivered,2017-07-21 23:16:50,2017-07-21 23:25:15,2017-07-24 13:14:56,2017-07-28 11:52:03,2017-08-10,87c089e82d608010357f83dca1a9fb8f,2017-07-21
f965447beec09309bb42c89aec32404d,7d3a2ac58365d16362f25948b7ad51cf,delivered,2018-06-18 10:17:41,2018-06-19 03:36:40,2018-06-20 12:15:00,2018-06-28 19:01:55,2018-07-17,1b8def0eaf4bfb07e41f8a82b4961221,2018-06-18
cb59ee47ea87ca723d612fc989466be9,01187871d33eda6ba14aea590bb50d0e,delivered,2018-08-16 10:46:59,2018-08-17 03:10:16,2018-08-17 12:49:00,2018-08-27 20:11:33,2018-09-12,f59d6f7e4802cda1fa84bfc825223167,2018-08-16
6df212c57a455b3e79feb0739f1ebecc,c9f8a9efeb67ae6651f2eb9c038323e5,delivered,2017-10-23 07:52:33,2017-10-23 08:14:25,2017-10-24 20:52:11,2017-11-01 19:04:29,2017-11-17,9dc4691698a7fd81f292f289b5181120,2017-10-23
765388e7b3d416ffe810ade706854872,a7288cab9fc524abf65915630e66c73b,delivered,2017-02-09 13:52:13,2017-02-10 02:45:27,2017-02-10 14:56:58,2017-03-29 09:37:34,2017-03-14,5901ed80ca7329682efcf2de0b636d5f,2017-02-09
5e24ecfdf90a8dfceb3cd8ed37db5c26,dd7a9d920cff1f70c5d4bb121ad11608,delivered,2018-04-30 23:38:41,2018-05-01 03:53:46,2018-05-07 07:11:00,2018-05-11 22:08:54,2018-06-06,4cad7368c391ac8e5661ca1db1752901,2018-04-30
0c56c2d802da452669d191dfd438ac4c,474b0c4f14f206fa257fefdcb4110013,shipped,2017-08-16 18:48:04,2017-08-16 20:15:15,2017-08-18 18:38:48,,2017-09-08,8f472f1f1d8803147881dc45be3263a6,2017-08-16
7c6ef86a00d5dfab4011f84a8ac789b8,05b050b67d4c33acf2ee9cc81e85ecff,delivered,2018-03-30 22:16:30,2018-03-30 22:27:20,2018-04-03 21:36:28,2018-04-13 16:24:42,2018-05-15,5171fb2cd9c087cd23c02234f1988cfa,2018-03-30
fbf721837a9b13e4cb71778b5326a00b,2e7fd5e6703806addad362fea6bb549b,delivered,2018-05-15 16:32:55,2018-05-15 17:31:46,2018-05-16 13:42:00,2018-06-05 10:11:17,2018-06-08,cd3cab119292e31732f1f8d4256b4bb7,2018-05-15
293f88e33dd760720e689b394b3fadcb,44d7732397bb805d006dadf160428c85,delivered,2017-11-21 12:47:32,2017-11-22 16:06:46,2017-11-23 20:44:49,2017-11-27 17:12:20,2017-12-07,ce73225aa1032f1a5e45f533b948bf8e,2017-11-21
6e282f45b4785012970c523ef10737b2,50de9967a255000588bb18f8122e306e,delivered,2017-12-15 07:12:55,2017-12-15 07:36:35,2017-12-15 19:39:34,2017-12-22 19:38:41,2018-01-04,c1c292f8cd8a2087a06eb552fcfe9127,2017-12-15
885d5da568caf7ca9663ddedff5a5aaa,c751d63693a6688b868dcd60fd83705b,delivered,2017-12-30 15:18:30,2017-12-30 15:31:17,2018-01-02 20:03:11,2018-01-16 23:10:24,2018-01-31,d97873b9ffa50e0940212d2c2fe6b693,2017-12-30
ee5b1786726a245ec5cf9f49d16fabb9,21b93299e003a2d8b6723ec07b0cb538,delivered,2018-01-11 21:56:08,2018-01-11 22:07:32,2018-01-12 22:34:33,2018-02-03 16:03:20,2018-02-07,5a853168709c620a1591b3392823bc24,2018-01-11
d071612bc42212e206ac393b52b1f457,0f048b69dd555b33627091aaaf9c87c2,delivered,2017-11-26 22:23:53,2017-11-28 03:32:07,2017-12-05 12:38:42,2018-01-08 15:59:49,2017-12-27,7114b378d588f32891de38a2983dd28c,2017-11-26
6cfe2a252e18997b4a5b5a0a612e7a0d,0e08577fae71d5176b620f7702a49ef7,delivered,2018-08-10 18:10:37,2018-08-10 18:24:44,2018-08-24 13:05:00,2018-08-27 17:14:53,2018-08-20,86ee56bed18cafd3161326fd6108ccee,2018-08-10
75a935207305c1dd6146a8012323cad9,298e006b4f9a1e7215f43688774dab37,delivered,2017-09-13 08:00:50,2017-09-13 08:24:40,2017-09-15 18:37:57,2017-09-16 15:37:51,2017-09-25,41b3ab6b1f95cbd2afb361e852a56917,2017-09-13
d17257adac505bd94de0bce06cff3547,bb31f17e002c3cb7358496d89a4e3293,delivered,2018-05-17 09:49:30,2018-05-18 05:16:25,2018-05-18 10:13:00,2018-06-01 15:32:10,2018-06-05,890c0a521330d9e50a352b918c65c3ed,2018-05-17
20873a0e73e84e84c27c058b60a2e9f2,41cd568bae7b90524fc6f37523942bd8,delivered,2018-01-25 18:29:34,2018-01-26 16:34:13,2018-01-29 17:46:49,2018-02-16 21:00:04,2018-02-21,34e5e92e83154ff4f45ec48f2a6b51e7,2018-01-25
c21644b7357edc759d62861949c807f2,1a8c14bb8ab182adc166183a2f3acccc,delivered,2017-11-15 19:08:22,2017-11-15 19:26:19,2017-11-21 11:58:45,2017-11-28 16:53:16,2017-12-11,914b5fd6781d4dfd59641119b6d0e1de,2017-11-15
54756c47d5273d8188b9e581f19822f1,ec7e316263fb2dca379a1282f03adf58,delivered,2018-01-20 17:50:47,2018-01-20 17:58:14,2018-01-24 15:34:33,2018-01-27 00:58:50,2018-02-07,ec6eccd92214a39545cd04d516a01ffe,2018-01-20
de7aff9a17cd97da3fdfb1fd2c610e3d,1dc971b9d690940ed22432e60fc6e98e,delivered,2018-05-10 21:09:35,2018-05-11 02:57:32,2018-05-11 13:24:00,2018-05-16 14:03:17,2018-05-29,6a917566b25f3080166af8e2d0e0a6fc,2018-05-10
2408c82f4d0bc3152844a50802d332e3,4b2f52737e5938338523b61e36cecac7,delivered,2018-07-02 22:10:09,2018-07-02 22:30:29,2018-07-03 11:57:00,2018-07-05 20:16:57,2018-07-20,79a48971d3e6ade9adbc6abb967e61b4,2018-07-02
1d7a71c41527b2bc409847ba9b75bd86,728d8854728a82f8d07ead7b2d80b00f,delivered,2018-03-02 21:49:35,2018-03-02 22:08:47,2018-03-06 00:10:47,2018-03-27 22:18:55,2018-04-02,dfd10cbffc8524a3127ca810ba435207,2018-03-02
ed7ae50efde849cd72f44bb7499ca57f,47fca00277fc13b423fb43759df4d46f,delivered,2017-12-15 19:12:27,2017-12-15 20:31:02,2017-12-19 22:46:35,2018-01-03 13:40:51,2018-01-10,9deb06644beddb153128c7e13031e71e,2017-12-15
67fda58928557660d52d5f17eb0aa105,c2e1075c630ee8fd3da52cbc1ac79dcf,delivered,2017-12-13 18:53:25,2017-12-13 18:59:28,2017-12-19 15:58:28,2017-12-29 12:14:57,2018-01-12,cb4e2d70ae728a3defbf38c4c6449108,2017-12-13
78f0db6f25f112d1100e8d940a643fd5,6640f3a3b636cc90633936c9ce48b128,delivered,2017-09-03 17:18:48,2017-09-03 17:30:18,2017-09-05 13:38:02,2017-09-18 21:07:51,2017-09-27,bde5dd3b9015c51c297ae03b0bfd0e06,2017-09-03
b614e97e742badfa8faff319efd171eb,1499495d77dafd34186ecba5241ea2f1,delivered,2017-10-02 20:15:59,2017-10-02 20:35:35,2017-10-03 16:12:58,2017-10-09 17:24:14,2017-10-27,86f85aea78279bbf8b06f8123c1fbe44,2017-10-02
5e9b8f318db11da788bebae8b16069f0,e7082e0b1945d3cc085fe1b57f7e389a,delivered,2017-09-12 22:00:32,2017-09-12 22:15:28,2017-09-13 20:54:45,2017-09-15 15:24:39,2017-09-29,398296a2eec40a8061b13aadbe716603,2017-09-12
921708bd83981df87fcf8cca7936ece1,0667f9442ea0fda05f8e5153c837bf7f,delivered,2018-07-27 15:46:55,2018-07-31 04:10:12,2018-07-31 13:24:00,2018-08-06 22:58:48,2018-08-23,89bd5259d9773ab19cceca68696d2729,2018-07-27
c7550d69fe9004d827208e1e40a32bb0,6b721e99c84ff5d73347383eee0dbafe,delivered,2018-04-27 16:14:55,2018-04-27 16:32:42,2018-04-30 12:10:00,2018-05-15 15:42:27,2018-05-22,77d89f56b51509384cf54a608202ac6f,2018-04-27
986033635480f0a529bc90e2dfa1c168,bdf752eeb242f4658f6abceb10e234e6,delivered,2018-01-21 15:10:57,2018-01-22 13:52:06,2018-01-23 20:37:02,2018-01-30 14:18:56,2018-02-19,dd91344e5f6a900e1c58c038d6471007,2018-01-21
4d7d8049db0c317e48f8e971de737dac,5bbb6f9207a1c6511d9435f462c66c75,delivered,2018-03-13 21:35:56,2018-03-13 21:48:11,2018-03-14 18:38:48,2018-03-20 01:38:52,2018-03-29,58beaa6dd82a858fbe63438a6e821564,2018-03-13
791694f9f32bf69188171d1c43b61019,228dae89868912c983dc0979e8536697,delivered,2017-06-23 14:31:09,2017-06-27 03:50:17,2017-06-27 17:04:01,2017-07-01 09:12:14,2017-07-20,13f861a5502c71abc0a6902af8ae1252,2017-06-23
301507cc236bfc4b5eed4fd3dc664c12,98e291daf328c08849cb0369cd861a14,delivered,2018-04-03 22:55:48,2018-04-03 23:10:11,2018-04-04 23:18:28,2018-04-05 15:32:56,2018-04-17,a664ec600630ffc8df7fc7f4ab05f506,2018-04-03
e5a3a83c5cfbe529d5f4e6da9587f5b9,a02bd6ebbfe3fc14c3579861909c6358,delivered,2018-07-20 09:24:27,2018-07-20 09:43:42,2018-07-20 13:57:00,2018-07-25 22:56:50,2018-08-03,4cc42f1aa7e2ff4619c5901b3ebbb3ca,2018-07-20
7c0010171d4d583d7f4d87894d7b6973,f6b8a8fce4bbc55bb21168230e1ae579,delivered,2018-02-14 22:42:44,2018-02-16 07:50:47,2018-02-21 06:16:59,2018-03-21 16:37:45,2018-03-20,5cd682bd2b2999589829812da7af0735,2018-02-14
4753616d1169e6e7186b8b1bdd847209,2d5dc94adca187649de7d298672da820,delivered,2017-02-15 21:34:37,2017-02-15 21:45:11,2017-02-16 14:59:32,2017-02-21 17:42:03,2017-03-14,2734e0cdd8354610f50b29876b01fc97,2017-02-15
2a77610e00a6f4db47364ddb4871de68,b8a0349921c6b15a956ad9d7a9905cf5,delivered,2018-01-09 20:59:52,2018-01-10 10:31:59,2018-01-11 23:22:19,2018-01-18 23:33:50,2018-02-02,6d32e53b73e3ad3b190374680d8f8b38,2018-01-09
64b0c4309be0e8a0dbefb34e060668ef,cf988cfee8d24a30e679abd6d86d71ac,delivered,2017-12-29 00:08:37,2017-12-29 00:31:53,2018-01-02 21:53:28,2018-01-05 19:54:22,2018-01-19,2a1cc8adfd0822f51e376529f51bdedd,2017-12-29
d906fa8596aaf7d085bcf5dd3bdf713a,0bfb62994cc769aeb5f2c9da92c922c5,delivered,2017-08-21 12:14:03,2017-08-21 12:27:04,2017-08-21 19:28:14,2017-08-22 13:54:07,2017-09-01,cdc54dc1a43d23514775a03ca90964e1,2017-08-21
bdf132cfee5c1e0674b5b27eaf076f71,219d016b257f7847b1490eb159c79036,delivered,2017-11-24 19:55:06,2017-11-24 23:12:46,2017-11-29 22:24:45,2017-12-07 19:03:11,2017-12-14,cfb1ca16da5d5fa11e2135a30bf84e99,2017-11-24
1af3db74a164e8f5aebbbf6a526ab445,9b86a9a051872962a0d00c7e1807cb6f,delivered,2018-01-15 19:22:26,2018-01-15 19:31:27,2018-01-18 18:00:26,2018-01-19 16:28:11,2018-01-30,c89323b04ca6093d3370c0896725e114,2018-01-15
03a09960f3b0d2b2565271fec21a8c94,f50df10e94888c89877c349b940b0b3b,delivered,2017-12-28 11:45:47,2017-12-28 12:31:55,2017-12-28 22:15:17,2017-12-29 17:19:10,2018-01-17,fa777df2200b8edc92b4bcb11561724b,2017-12-28
62db7b956ff0a1fd095d1d2bce81b8f8,a3240b89bcef76bb6f71ff54c0a0a92d,delivered,2018-02-13 15:29:49,2018-02-13 16:07:17,2018-02-20 00:00:52,2018-03-05 22:38:40,2018-03-26,d5ca803258ea9c71c293a125440d8d12,2018-02-13
9b790ca446b8e28ce5e4382959f6b7df,ecc00bf7d2998377dad8e970fcf7beaf,delivered,2018-07-15 11:05:51,2018-07-15 11:24:11,2018-07-16 15:01:00,2018-08-17 01:38:26,2018-09-03,4f33194ab5bc0ff58322acc740c36798,2018-07-15
fcd5c11fdcdf8f31e2c6cd12717cc00c,2e77e20272624db559cd9aa75a4e13cc,delivered,2018-04-13 08:12:18,2018-04-14 02:13:41,2018-04-17 14:56:46,2018-06-08 17:46:30,2018-05-24,37bc37513e4b436bbdb6833c80c5ac2e,2018-04-13
569e8d50e3105686d32f81ad1e012b23,0572b0398e8e296548ecc2ab61f79934,delivered,2017-04-25 08:33:24,2017-04-26 09:35:49,2017-04-26 21:08:17,2017-05-09 13:03:57,2017-06-09,359529c96224e12f1b74d573e332398d,2017-04-25
a7b5335df0e4011b78171b889fc52a2f,44b4092aca988a184eb8025c3064bd3b,delivered,2017-06-29 10:45:35,2017-06-29 10:55:17,2017-06-30 13:59:40,2017-08-21 23:38:56,2017-08-04,f1bebc395dec554a220013c0ebc06307,2017-06-29
3ed559dec69ab96d9074fedaf18650eb,c2e3af310bc1697927b089ce04f87c6f,delivered,2018-06-15 13:20:09,2018-06-15 13:44:37,2018-06-15 11:22:00,2018-06-26 15:53:25,2018-07-23,4f0c13263ea6c5d51f92b91f1361fb88,2018-06-15
91501d5292dbe67f25d3c8867cd67f44,06985cfc3780a960b8af6011b6566ec9,delivered,2017-10-11 12:05:32,2017-10-11 12:25:52,2017-10-16 16:12:33,2017-10-20 18:31:54,2017-11-07,83c3efe072e9c77c3972785d1d429909,2017-10-11
36377e52aa9971718dd22913580b7799,be7fd77bf39879f67d00f9f8c433b46d,delivered,2018-08-14 08:38:20,2018-08-14 08:50:16,2018-08-14 13:25:00,2018-08-21 15:38:49,2018-09-06,f6b343f83417e0da74b76fa002629c91,2018-08-14
feea4e6dd813103d3a1e4a39a341d66e,df7429c93b45154990b9a0d40ada45cb,delivered,2018-05-26 20:54:38,2018-05-26 21:09:53,2018-05-28 15:40:00,2018-06-08 17:41:50,2018-07-18,de434c463cc3a59a934db9be65acf3c5,2018-05-26
dfd1a72f02919b59c032a116063ca31e,7a6ce9c0c30bed907e25e280066893cf,delivered,2018-01-17 10:52:11,2018-01-17 15:32:42,2018-01-22 17:09:28,2018-02-02 20:56:16,2018-03-01,501a6b3c61ee02a057aadc6d2ec754f4,2018-01-17
8d9aeca18991202d1a10f82ce4802dc0,fde364048c977271b875791b44442197,delivered,2017-04-07 08:49:11,2017-04-08 02:42:59,2017-04-25 13:53:28,2017-05-05 16:08:07,2017-05-09,4fe7f83190e3618139dfbf5658172bf3,2017-04-07
d65b5ecfd3118aed9c5a08d68ebb1406,e482270e1e3f5096fde4144bae1d5d24,delivered,2017-11-13 22:51:59,2017-11-13 23:10:57,2017-11-14 18:14:55,2017-11-25 14:26:44,2017-12-12,5f7f36eba082e3b9a014e2d7936dddb7,2017-11-13
6ad99bac95eceb8ee72b78585c5baf88,a11b2ffc399bdbac01974520f8ec98b8,delivered,2017-07-18 18:47:12,2017-07-18 18:55:24,2017-07-21 18:38:00,2017-07-28 15:14:02,2017-08-16,274e020b02c4a265e3914958cce9f8d0,2017-07-18
7267d608584711703c4301acb424f243,09946974353beb03aa00adf0004610ee,delivered,2018-01-17 16:56:05,2018-01-17 17:15:12,2018-01-18 19:19:06,2018-01-22 21:32:11,2018-02-05,204df2d520aa8457fe3b609be2e26070,2018-01-17
2f71a7d28c0418b03cd08aed6b0a4400,28ddcf325dffd061e80200e467d361b2,delivered,2018-04-16 07:17:23,2018-04-16 08:00:38,2018-04-17 19:51:20,2018-07-11 15:06:43,2018-04-27,d36a28a79ec3068a81a237eaff375f89,2018-04-16
e0614e688d081a4fde76eae315bf2101,bd5c7a1c15c5bcacfd42c6edc9e8209c,delivered,2018-03-02 07:19:00,2018-03-02 07:30:23,2018-03-05 22:42:20,2018-03-28 21:14:21,2018-04-04,f5cfaa005ccaf9be67c00b7e559ea47b,2018-03-02
333ce3e6b37acde9e8cd3734d29381e4,b3f2017cdf8266ed977554fc72b75988,delivered,2018-05-16 08:33:47,2018-05-16 08:55:27,2018-05-16 13:44:00,2018-05-17 18:12:44,2018-05-29,4d5f2027ca837174818edf86ff3fad68,2018-05-16
c6e16909d1d8fbb83a05df34c19cfe3e,c68958aa2647722de2320a195b3c0303,delivered,2018-01-09 18:50:32,2018-01-10 10:31:34,2018-01-10 18:54:47,2018-01-15 18:35:55,2018-02-08,306831629db79b698b45645528c4a0d9,2018-01-09
31a6cf15863af3a28c926044c0b50311,530d0acebe2f9f1f4f54751ca1d78c86,delivered,2018-01-08 19:42:25,2018-01-09 10:49:12,2018-01-09 22:27:34,2018-01-18 20:56:39,2018-02-05,c3f7911748266b7104437136d6878a2e,2018-01-08
52c50c7534490a8391f8f6fd7115405a,1cf37610a6c6757a56256e4321283db8,delivered,2018-05-14 18:17:02,2018-05-16 03:15:24,2018-05-16 15:13:00,2018-05-21 19:38:46,2018-05-22,831f15b11a69340ee6ab04132ab40742,2018-05-14
e8bf6d7173ae20431feec1819bb00fec,36aada8c807b66723073f6ee9add27a2,delivered,2017-07-17 15:30:54,2017-07-17 15:45:11,2017-07-18 19:03:56,2017-07-19 15:31:38,2017-07-28,df9d2585c3e7b4f8904b1933e5ad2c7c,2017-07-17
03aba68b07658f28f29612641f08d4ba,a7ab31829dc9a10f37e82b1e1afd26b6,delivered,2018-08-08 14:27:15,2018-08-09 08:50:17,2018-08-14 18:00:00,2018-08-21 15:33:32,2018-08-27,c8460e4251689ba205045f3ea17884a1,2018-08-08
3dfab3762e9575a44c3178ceea9823ed,2c4976e1803bd84665c681555bf90dfe,delivered,2017-05-21 10:51:23,2017-05-21 11:05:22,2017-05-24 12:14:23,2017-06-01 14:50:07,2017-06-21,b34ef4d4fb47da83dea5a84f7c01f476,2017-05-21
88c4fe503028fe735969053f5459584f,314437095633767efe53c366467776ca,delivered,2018-06-11 13:21:32,2018-06-11 13:39:01,2018-06-13 14:50:00,2018-06-14 21:08:43,2018-06-20,ebc0fc1783ee88196bedf209d7345771,2018-06-11
9966919513b173e92155677f14ec8a67,05f830d6d4afd135824b04ce45d20f00,delivered,2017-12-05 21:26:28,2017-12-05 21:36:23,2017-12-07 14:32:54,2018-01-04 17:58:50,2018-01-09,d07fdfa2b78ab36b0f339706aa4f5a09,2017-12-05
4f43220e9c5dadd3274d4458b281231e,5f58fd39aec217715f74bc063695d053,delivered,2018-07-09 19:38:41,2018-07-09 19:50:11,2018-07-10 15:06:00,2018-07-11 19:14:34,2018-07-18,8da41466c6673f9e6433645051ad4576,2018-07-09
98b7513b33b639343a4a8955906e61a4,0df62d73f1108bad0d46174874a5803f,delivered,2018-01-17 17:29:54,2018-01-17 17:50:43,2018-01-19 00:57:50,2018-01-28 16:42:08,2018-02-16,445dcdb5609e3b22fd35eb67b1f085b7,2018-01-17
dac9fc94a81081df3d4748c438111b9d,5f70962012a0b62ea16b374c894e6438,delivered,2017-03-05 18:26:04,2017-03-05 18:35:16,2017-03-06 12:09:55,2017-03-08 14:38:10,2017-03-23,37873a7d4b0e611c384a388b729a176b,2017-03-05
3b1c5a036e0412d8c9dda3d6df67782a,0dd70915d5f46c4cf8afce382e0b5b86,delivered,2017-02-23 15:32:21,2017-02-23 21:55:18,2017-03-13 12:09:11,2017-03-18 11:07:36,2017-04-06,526126c9f6a2a58d226b574d4d6c2278,2017-02-23
cf53791f14dde2f6520a9af8dc72c413,d9982309b78cc445ff3e067de15f381d,delivered,2018-05-06 21:13:51,2018-05-08 19:15:27,2018-05-09 10:02:00,2018-05-10 20:22:38,2018-05-15,e787ea4a48e8226b61576428336fd41f,2018-05-06
34fd3e758f03c7fe6169308d0fa11582,c9fbb89557c010578ebdf551bdb5d050,delivered,2018-07-28 08:17:06,2018-07-28 08:30:37,2018-07-30 12:24:00,2018-08-13 23:49:38,2018-08-24,81a42a5e9b85c39c9dcf8087bb3d1341,2018-07-28
e9d200068a4ce740a45a51198b50c355,41e5c54428c31938f270e01e0d5ddf31,delivered,2018-07-29 21:58:29,2018-07-29 22:30:57,2018-07-30 14:32:00,2018-07-31 20:48:47,2018-08-06,dd76c63dcc52a6cbe761a49d87747a27,2018-07-29
fe89c2d7806e114f3c487deb11030b20,a4f17944d4366b55960e5671d66f1f98,delivered,2018-05-20 12:24:04,2018-05-20 12:35:11,2018-05-23 11:01:00,2018-06-15 00:47:37,2018-06-07,ab97a781054db42df3db51822abbb5f0,2018-05-20
a650c714762d0184be820c5e311c8d96,e07b59a7108cd76e53e18fe3748394ee,delivered,2018-08-05 06:31:51,2018-08-05 06:45:07,2018-08-09 14:26:00,2018-08-10 21:48:22,2018-08-23,a3b6510e33b7691f0a4b70389d08bc5d,2018-08-05
df2a380947167bc1d9d863cf7247713d,1c3b35f72d254156a28a610d975e9c90,delivered,2018-07-14 18:12:49,2018-07-14 18:30:20,2018-07-16 15:48:00,2018-07-30 11:15:12,2018-08-15,64652d43a3e2bbf0ce0ac8675b21b0c8,2018-07-14
616f1f539d7add607844e0199fed7ea6,4a3ceccbd2b8304e6aa7c986c1a4f755,delivered,2017-01-23 07:03:04,2017-01-23 07:30:51,2017-01-27 06:06:07,2017-01-31 11:12:50,2017-02-17,746db413bf377af701e6dabdfb3509f5,2017-01-23
fc447b97d47426eaf8ec60d936f96ca9,792a25de8cf6773efd37ddced5f8dbc9,delivered,2018-02-15 20:03:40,2018-02-15 20:15:24,2018-02-16 22:18:49,2018-02-23 21:24:21,2018-03-01,b92f5d1993438887dea8aac081e3a0f5,2018-02-15
c9e21564afa689e7e67a79fdebfcd286,4516c8dd6c911bba5d1f66f5a6130b75,delivered,2018-08-14 19:32:48,2018-08-14 19:45:53,2018-08-15 16:02:00,2018-08-29 18:18:37,2018-09-26,ad54002d9aac830bdfa4669c5f2d84aa,2018-08-14
f0be1993631581ceeabd41065a115dda,b6478ed646420d2549f0abea9deefebc,delivered,2017-04-07 21:03:27,2017-04-07 21:15:13,2017-04-11 10:51:53,2017-04-19 15:28:10,2017-05-15,b7d32c0a46719b625557792204467231,2017-04-07
37d068f195cdc77f6baceae2adc0ddc0,f5ea6eafb5cc345bdc3232c49b661147,delivered,2018-05-06 20:55:37,2018-05-07 10:11:33,2018-05-08 12:09:00,2018-05-10 18:22:52,2018-05-28,1657a8515ade6e6ba62d6a2f1fdf8c47,2018-05-06
d90e182426063c49d95c94e3aed7356a,f418631c4d2cdc8d91131224b94e6748,delivered,2017-08-26 07:30:27,2017-08-26 07:44:20,2017-08-29 19:55:55,2017-09-11 22:55:08,2017-09-18,1b9e6297289f86d4e8ec0c489da5e03a,2017-08-26
7eaee8b80a41b5daabc50e02d1e45120,ad4db30de14a63fc303d577df107bade,delivered,2017-05-27 10:47:47,2017-05-27 10:55:33,2017-05-31 12:04:01,2017-06-02 09:42:59,2017-06-19,319677a4ab8260c1c2f47e2340f326c5,2017-05-27
8895673f81ae9b1b7ecd868bd707b243,3cc9672b7b30a285f3613aad8480cca5,delivered,2018-07-22 13:13:57,2018-07-27 23:31:15,2018-07-24 14:27:00,2018-07-31 20:49:38,2018-08-16,c2d0d46bbdebdc3160671251b42d5d5b,2018-07-22
c96fe38d1e1df0486acb7698fa71b3a6,a425d90ec0693be9fe75037f9756e7df,delivered,2018-01-30 10:43:01,2018-02-01 03:12:34,2018-02-08 21:07:45,2018-02-26 14:26:53,2018-03-02,c1c7d60330652f73138f05d351cf9ca7,2018-01-30
4e2cd0aecbb0fbcc5fc61ed8fc23589c,a0edaa97421af6b1d805a70f13522081,delivered,2017-12-02 16:00:04,2017-12-02 16:17:29,2017-12-05 00:14:29,2017-12-06 13:28:53,2017-12-21,67819f459b103e4f6120735e1359e8c1,2017-12-02
0a5c74ccc786ced7903270de9d6c170a,c021456db05f8e71f0985bef8859b793,unavailable,2018-01-18 23:14:36,2018-02-20 12:05:54,,,2018-02-14,db6232ea09754a4b150da1dafb82fe45,2018-01-18
b68c121f5fc81ef3aedc751e4f53987c,48911e9294217f3585fe97d3fe278e0c,delivered,2017-09-15 14:48:02,2017-09-15 14:55:27,2017-09-18 22:14:37,2017-09-28 20:27:01,2017-10-05,3ac9c01f8a484bed9a2c023ce5b4a2d6,2017-09-15
56edbe59fde7187f278fa6c09a348582,d0c752207e97e5212f3bd1632c2c81ea,delivered,2017-06-26 10:38:34,2017-06-26 10:50:24,2017-06-29 09:11:51,2017-07-10 17:40:02,2017-07-18,256d621fe9d3e38f1cda7f6dba0ee9db,2017-06-26
372072460d5ca7c6a3cd1f155aa97205,034b8eb08858f93308717bfab30b54ba,delivered,2017-12-04 17:23:57,2017-12-04 18:30:29,2017-12-08 15:14:58,2017-12-20 23:26:00,2017-12-29,dc691fc6a36871dce71e9b32490a4362,2017-12-04
4ef685e6dcade551ce14cb3783ca664d,0e8e2f7bf1242ec3421144a8c8c5128e,delivered,2018-01-23 21:03:23,2018-01-23 21:20:22,2018-01-24 18:22:57,2018-02-23 01:17:38,2018-02-16,43c6df1e7e000a1a44ab1e7540868732,2018-01-23
46dab7df33775120f347d8f350190e06,2a146a7e16085d54b7564cf29ecd6663,delivered,2018-05-09 12:21:35,2018-05-09 12:35:27,2018-05-10 19:05:00,2018-05-11 13:32:17,2018-05-17,7fd9dc726f742aee443e9206cc2be4aa,2018-05-09
1b68cfcb862b5d454c4812021edbe3b4,c377db3c410c88f51fa477a5cc0be291,delivered,2018-07-17 20:51:27,2018-07-17 21:05:41,2018-07-19 15:26:00,2018-07-24 23:16:49,2018-08-02,cd15a11ee525fa608ed96e9bd9636baf,2018-07-17
19eab825a1c06f76aa724771ac4db143,2f44de5a6887ace186c43b3d92c0176f,delivered,2017-09-06 10:22:02,2017-09-06 10:37:34,2017-09-06 16:48:03,2017-09-12 16:42:24,2017-09-28,bef66fd862d56f0f9d318ee5a5638c0e,2017-09-06
da2dfdd5a61a829e74408cc8de93aea2,afa3bdae840d8a38fc672bfc3fb3d317,delivered,2018-07-19 21:58:43,2018-07-19 22:40:06,2018-07-20 14:11:00,2018-07-24 19:38:56,2018-08-07,765b26fd3ca647226b284fd82c00d0c7,2018-07-19
dd39a3c7afa0c93e2d1e3580594f09e5,b9fd82369a040ab316a88a1177de4cde,delivered,2017-10-29 18:49:47,2017-10-29 18:55:14,2017-10-31 17:27:33,2017-11-03 21:58:46,2017-11-22,131de77ec158711bb0829ebe7945b973,2017-10-29
dd2f898dab99df4fea7aeb02b77fcd25,f0af88af20ee8c5df79e8407dafec4a3,delivered,2017-12-20 18:23:40,2017-12-20 18:34:29,2017-12-22 22:00:28,2017-12-27 21:13:46,2018-01-16,2318e0ee6ae8184c5d4aebf3ad338203,2017-12-20
0e7be6aaa59ac324e8b9b4e71a84f3be,6ce4c7bd3926439373aeb50dd50569e8,delivered,2018-08-14 14:34:56,2018-08-14 14:46:05,2018-08-15 14:47:00,2018-08-16 17:14:43,2018-08-17,c48b56da021ee338f55ae79297f042b5,2018-08-14
f5c7e6dffe1ba6e19b7e8ed0d2605078,a5fe8fbce6fda361a25e948fab304a16,delivered,2017-07-30 14:55:03,2017-08-02 02:36:36,2017-08-02 12:14:47,2017-08-12 13:24:56,2017-08-22,5093af6735012677c2eafe5de78ddd12,2017-07-30
5610645066118adab4ba8c6304296f84,4c98d44b5b479bd527e7fb4bf85b549d,delivered,2018-07-30 19:14:39,2018-07-30 20:04:31,2018-07-31 16:00:00,2018-08-02 21:34:47,2018-08-13,adba870eb870a85fd09393ca02dd20a2,2018-07-30
c3d439f902dde69ae8f1c314189adcc3,9ece33b07f80053801f77aaf3ea3c87b,delivered,2018-03-04 23:35:47,2018-03-05 23:30:35,2018-03-07 13:41:25,2018-03-19 21:50:50,2018-03-21,0c1f32fd8d0c02898f99e6983689fe44,2018-03-04
22cd5c06a19914a8094c39a506a7ac05,88255d1ee3d1b15b26adb2fd286b08ae,delivered,2018-02-26 13:22:50,2018-02-26 13:35:31,2018-02-27 20:13:39,2018-03-19 18:04:44,2018-03-16,3e289161c6bc38d180daea28b588181f,2018-02-26
9b336781d5b596503cb852a8e043496b,d7ce0601f255aee1822177f53a3631b7,delivered,2018-06-12 16:51:53,2018-06-13 02:36:30,2018-06-14 14:13:00,2018-06-15 17:26:47,2018-06-26,55b2234cbb6b332baaec6b9612ba05d4,2018-06-12
474830369187d08dab0036115c9545bb,0630f4893eec49ac76256eff922b792c,delivered,2017-08-11 09:19:03,2017-08-11 09:30:15,2017-08-11 18:09:55,2017-08-22 22:27:33,2017-09-19,7c175a8c0377686363be8949c4c7993e,2017-08-11
02ead97e330f2220485cb34ceaf2fad9,91777bf7da6d514032a58412641e51dc,delivered,2017-06-25 23:06:58,2017-06-27 03:43:25,2017-06-28 14:39:24,2017-07-05 16:02:58,2017-07-28,27c98127ee77155cd5a805d8af3d60b2,2017-06-25
2c434ccd3ee0da607ae0d16400de7bea,49d4f082f2123654113d5182d599f345,delivered,2018-01-16 12:07:16,2018-01-16 12:19:21,2018-01-19 22:41:55,2018-01-30 19:08:36,2018-02-09,f39c3ad6a39afe38f5e885d72d772f0e,2018-01-16
046afc54df6dd8bc98ee2c0e653b70d8,8ee754be82092030235d71ae5c945ace,shipped,2017-07-03 23:04:24,2017-07-03 23:23:27,2017-07-04 13:32:03,,2017-07-25,55aa4c7dec35c41131f492db9724d04a,2017-07-03
cec7621a57e5706d864adadf0e66efc5,563d402ce97fc7ff9df795230f552cca,delivered,2017-12-06 14:11:43,2017-12-08 02:53:44,2017-12-12 00:35:09,2017-12-21 23:07:24,2018-01-08,ea1e140b10f3489129f1eb519f0b10b8,2017-12-06
f1fbc76b5a7cfbf5170cba46cbc93c24,756443b83aba78cf471a583a9a712f22,delivered,2018-04-03 10:38:15,2018-04-04 03:10:17,2018-04-10 20:03:21,2018-05-03 21:02:44,2018-04-19,12f0b92174115360e842570307baddf4,2018-04-03
82afe7cfa91318f49e01765796e93377,f1b54a68a52f687ca19a54e63eb62b7f,delivered,2017-03-13 22:45:00,2017-03-13 22:45:00,2017-03-15 17:07:58,2017-03-21 11:06:23,2017-03-30,c40a0a2cfc45bb907031a54374a06cbe,2017-03-13
4133da3ec6415d739d27ac34d03bfa35,6d6c20c848bce3e65b6223a2cf8d14d2,delivered,2018-02-07 07:31:21,2018-02-07 19:35:32,2018-02-08 23:47:10,2018-02-15 20:53:22,2018-02-23,1072ae2c72ba8bf3dd07ccd5379d7e30,2018-02-07
3026c814d0f98a4808e74be8c017da23,83f1d8a90b16aa7bbe517f99ff28d090,delivered,2017-12-15 19:56:51,2017-12-15 20:11:15,2017-12-23 18:32:31,2017-12-27 15:09:37,2018-01-04,3d28106fbbe7a712698980d5576a0eef,2017-12-15
8a8d2bb96afe472415715631b0751551,743c0ae28794358d1592d88ec21087b9,delivered,2018-03-03 22:26:42,2018-03-06 03:55:39,2018-03-06 18:52:01,2018-03-14 22:17:51,2018-03-22,04f843a271266e791f33eb73fa352514,2018-03-03
7f4419f7c94db80e542d82717e3c6528,052d1a3293d2fc507f8ab9974eba70b4,delivered,2018-02-28 13:45:42,2018-02-28 13:55:46,2018-03-02 13:39:11,2018-03-27 17:47:20,2018-03-22,02d5397846b20fd2b4a270a7fe1e223d,2018-02-28
13b7ea30bd484930c5868af93213d7ec,7847f7fb1b9778b3a4d74621f9ea123a,delivered,2018-06-09 11:41:45,2018-06-09 11:51:16,2018-06-12 15:07:00,2018-06-21 21:52:04,2018-07-26,b6b9aad8a882015273009feede9774db,2018-06-09
a204d9011aaf7ab9a3d11c56023e8eff,64a5588ae36dcad4727549ad89067d54,delivered,2017-12-17 10:04:58,2017-12-17 11:16:22,2017-12-18 19:57:09,2018-01-11 10:38:31,2018-01-16,8cc26e8e58de3cae7254064def9302b9,2017-12-17
87b8791f9f3b6cbe168d5109a98766e6,93b5abb190d46114e4ef01a59bfd85bb,delivered,2018-05-23 11:11:20,2018-05-23 12:15:14,2018-05-23 14:13:00,2018-06-07 17:08:32,2018-06-25,c02930ca258cdfc2d3b6102b57086085,2018-05-23
515c252d5e8d998ccbabee187e40d8ce,c0d895c16b51baaf7f3993aa6da93d8a,delivered,2018-03-13 21:59:56,2018-03-13 22:10:59,2018-03-15 19:24:36,2018-04-03 22:38:30,2018-04-09,5e0513680f62f011be42df272125c8cb,2018-03-13
5128c20bdff8d882354c66e58d3e1d92,c451ff9c3b895a15ba9ba56e6bc45610,delivered,2017-12-05 11:17:58,2017-12-06 13:12:27,2017-12-08 00:16:58,2018-01-05 15:53:26,2018-01-03,c712aa7e130c57ea69c16004be27b8d4,2017-12-05
30abb2f439ba28a74be74a347eb3a6e0,d0f9758f9967e058470f9b0b7f18e1cb,delivered,2017-11-26 21:36:12,2017-11-26 21:54:02,2017-11-28 16:18:59,2017-11-29 20:39:06,2017-12-26,e2948cb31b99c0b3b68368993fecfb8e,2017-11-26
69f1e4d5709c13914c309652f82319f8,4a4f956bd9b42fe75897a1f63786cf06,delivered,2018-08-25 00:26:53,2018-08-25 00:35:12,2018-08-27 10:46:00,2018-08-28 16:21:07,2018-09-06,30242b01548a825ae54ef3ed3d5f33be,2018-08-25
98b736865640a09748dfa712c907b68d,1c9b6c0b6dd182d22114cebfb353d8a0,shipped,2017-04-10 13:09:48,2017-04-10 13:22:27,2017-04-11 06:59:57,,2017-05-04,48e450ed67c07fac7ec5201d42f81fa1,2017-04-10
048beca6ccda094fb80bbc704d7c493d,0009a69b72033b2d0ec8c69fc70ef768,delivered,2017-04-28 13:36:30,2017-04-28 13:45:15,2017-04-28 15:08:40,2017-05-08 10:04:13,2017-05-22,fa30145b07cad8e972bea351a65216f4,2017-04-28
441596a9fde121f33c360d9c9ecae437,371af652a9491f3a5bc4c8a79c7c6327,delivered,2018-03-19 17:56:17,2018-03-19 18:15:45,2018-03-20 17:32:11,2018-04-19 17:41:56,2018-04-11,155afb44c72c6831771bf7d519789cf9,2018-03-19
226b974b91daac2276aab33c44e1a63d,61e7fea855ebbbcadce7dcd3a551aff3,delivered,2018-05-16 20:57:48,2018-05-17 19:36:48,2018-05-18 16:48:00,2018-05-22 17:42:18,2018-06-01,f31d2c22ddcad145e224e6dc48f349b9,2018-05-16
9d6a38b49a05b68e74e4d8899ebfe249,3e591ab5fc15cd406033b22ac28393c1,delivered,2018-08-06 14:33:18,2018-08-06 15:05:11,2018-08-07 12:25:00,2018-08-13 19:11:57,2018-08-20,2d9851ff5ef3d3131dc8135a3a578642,2018-08-06
d81520699c4e69201429ec07d1d92213,e6d6b3abceda4762ac1296ee90e45ebd,delivered,2018-04-26 20:48:28,2018-04-27 20:50:31,2018-05-02 09:33:00,2018-05-07 16:11:47,2018-05-18,e502c11df3dde21bf56832b1f055934e,2018-04-26
d721be27c2ef214e57d87d289f0b844c,df67eca31878b49e4c27f2bdb974f753,delivered,2018-03-21 08:42:45,2018-03-21 08:50:29,2018-03-21 18:35:33,2018-03-26 14:22:30,2018-04-03,4d709d0ba03c2233b60af019fd889819,2018-03-21
4eb910d27cb13ee96a5e5c6dacfe4e4a,607bf1e28bda8abb586b37e68ba5dc7b,delivered,2017-10-20 14:51:17,2017-10-20 15:06:05,2017-10-23 21:26:08,2017-10-27 14:08:06,2017-11-08,d6612e3f1f61a49833a2a0e600a110cc,2017-10-20
4b7c75647aa227e46207431cad3bf247,9f5492d11e095846e5c39e55f717c452,delivered,2017-12-02 19:26:28,2017-12-02 19:36:41,2017-12-04 22:17:05,2017-12-19 17:52:06,2017-12-28,3b397ff9a306a4024edb029f9718abae,2017-12-02
984174bcd02edf2e6d81d8505a6f69d3,1e82f0d500dd0c3e22a04421762b7590,delivered,2017-11-25 23:44:22,2017-11-25 23:53:19,2017-11-27 18:23:06,2017-12-01 20:06:43,2017-12-11,9160233bb7bf45336c751011b23edc95,2017-11-25
830f12a85d0bd0678bb5cbfe58b68cf2,1e40588bb4f9eae6bd4d49e929ef2b0b,delivered,2017-12-06 12:31:39,2017-12-06 12:39:31,2017-12-20 12:38:28,2017-12-22 00:12:59,2017-12-29,c1ee2cabea2c6689bd3f4fec359e76f9,2017-12-06
ca86cad784127e59fdec418b22c6a800,2a6d23f4d4b26af5a1a5b6bc1f2cceab,delivered,2017-07-29 18:34:37,2017-07-30 06:43:53,2017-07-31 17:07:56,2017-08-07 19:17:58,2017-08-22,87b75bb11dc6276af2eac839912e6e87,2017-07-29
93aeb5597e77e0da848f2118531a7d3a,6231b6e4d05e6ab8e30b6fca4afff42b,delivered,2017-11-01 12:17:58,2017-11-01 13:31:19,2017-11-03 18:57:42,2017-11-10 22:06:00,2017-11-23,bab25785bc0b036a7065bb1c5c5710de,2017-11-01
94cb35fbdd88c96b0718527f8e843feb,ee3dd978021aef55ba8a583afd608049,delivered,2017-12-04 12:46:39,2017-12-04 16:33:40,2017-12-05 22:13:14,2017-12-15 18:58:53,2017-12-27,cc15a06fcaf30c26c11f641c5d753080,2017-12-04
48c37ee80e51a60b382e320467cc9d37,91c102a628fc78be6714076a1afe95fb,delivered,2018-07-23 12:28:19,2018-07-23 15:32:30,2018-07-27 13:53:00,2018-08-01 21:36:29,2018-08-22,0e381ce773b382849206115413009851,2018-07-23
d7f99a9d27a65a88e4aba096e5ba4a47,3ce5345931105e4e5e8710d5ad3739e4,delivered,2017-10-21 16:32:50,2017-10-24 03:25:42,2017-11-08 21:49:27,2017-11-17 22:46:52,2017-11-09,7fb6db76737f019f045f48f7b9c9d3c0,2017-10-21
06613112cdd7761776322081835b1b96,fcb575e0338a61a52183a700115f416d,delivered,2018-02-27 17:19:46,2018-02-27 17:30:35,2018-03-06 00:27:01,2018-03-09 22:26:34,2018-03-19,daf9309936d164431df2c80398afac7f,2018-02-27
afb92fee56931a44318f90b0cb3330f5,ec1fe36ec54f1a3a67f00e71d010d1ae,delivered,2018-07-05 19:17:41,2018-07-07 04:48:26,2018-07-10 12:27:00,2018-07-13 16:28:28,2018-07-25,9f656e4c49869cb4ac3513f83bdf80c6,2018-07-05
89898719573722b59b173f76fb213501,d2b141e8cefd8acb97baee4b25b01ea5,delivered,2017-01-07 00:34:47,2017-01-07 00:50:15,2017-01-10 14:52:35,2017-03-06 13:15:00,2017-02-15,b598d6591ec1faa44e378483e526953b,2017-01-07
2bb4f4b23284b2f435007ab797c29edc,bfecf4e7164c2af64001ea4bed8eea1e,delivered,2018-08-13 13:42:52,2018-08-13 13:55:22,2018-08-15 14:15:00,2018-08-20 21:36:56,2018-08-24,e5bee76940f29eab0876f6d14bec736b,2018-08-13
83f897bfa5b1f95356e8c9a33679cb49,81ef50fbfd524d47bdf3346454a908af,delivered,2018-08-14 15:08:12,2018-08-14 17:30:14,2018-08-16 12:21:00,2018-08-17 15:34:47,2018-08-22,c0fb0ab0459711428c1447ec9f0c47d1,2018-08-14
eeea6d8b7be9d2940ad03da32772f073,8e583a225e2acf571821cc8ad0c52964,delivered,2017-05-18 10:29:31,2017-05-18 10:42:23,2017-05-24 08:23:52,2017-06-05 07:07:59,2017-06-22,708f43cf48dcbafef3f83ed949e28648,2017-05-18
7e0b3de10a1a384e3981f68540b150e6,6e0d6f2388768980d03c69a14da91bb0,delivered,2018-02-23 10:23:47,2018-02-24 02:51:05,2018-02-27 18:52:16,2018-03-07 23:36:36,2018-03-20,ba70fad284506e4331ee6b3ea99d2eca,2018-02-23
16693a75a341d20873b58f312464e250,f94d7db76f2226b4d4375005e451ee41,delivered,2018-08-04 22:15:15,2018-08-04 22:25:12,2018-08-08 14:31:00,2018-08-09 17:21:53,2018-08-10,32977ad79e18d02868a56afa22a3a270,2018-08-04
aced4ae5d9332b2f1020d42e4718f532,369cf8a959e34a7f6da94416d4b755c2,delivered,2018-05-22 21:56:28,2018-05-24 02:34:35,2018-05-24 15:22:00,2018-06-14 19:17:42,2018-06-20,630667534e6776a2dd4a9f0579ebda9f,2018-05-22
6cd61eadfcf9bee43e7cf8068b937f55,e27262035bf937a0f1e1d333dc678b48,delivered,2017-07-23 12:07:30,2017-07-23 12:23:24,2017-07-24 16:27:40,2017-08-10 19:50:04,2017-08-23,b2db987eb3dcd354d93efe2cbb1c10f9,2017-07-23
80742a986710e5cda30966b8d3f1ab96,45bc2236e861a17b1c41d3d635ba0e35,delivered,2017-10-26 20:36:07,2017-10-28 02:50:33,2017-10-31 22:27:42,2017-11-01 18:25:56,2017-11-08,2ddc001b620bd90d0f4378cfde1db887,2017-10-26
bc0e690ee61ed479d110f301bd4e6b5a,2f08bb2fb46afb0cb9375f5e8be8ff85,delivered,2018-01-22 22:52:56,2018-01-22 23:12:44,2018-01-24 21:56:27,2018-03-15 21:24:47,2018-02-19,8de0790929f774d29258c29f9bc0c481,2018-01-22
ddc6156f6a074fb9937e7f079dd758d3,792574dd1d569043cd8e45afbfddb215,delivered,2018-07-25 22:49:28,2018-07-27 02:05:15,2018-07-27 12:27:00,2018-08-02 21:47:43,2018-08-23,17c23f12c872693690933e21c2c0b6b1,2018-07-25
114c9407eb2b873d07c1b3bf91e35a9c,df11cc9c942c7f07da39b38148fd5205,delivered,2017-09-12 14:38:24,2017-09-12 14:50:27,2017-09-13 13:10:22,2017-10-16 18:38:57,2017-10-06,c6da873742e66a5f6b4de8cff5b3d1e5,2017-09-12
98200dd99e0bfe78c2d1378ad05fe51c,affbf9d0ff0808dc14ffebc55c1b1a94,delivered,2018-02-01 19:30:18,2018-02-01 19:40:41,2018-02-05 18:52:24,2018-02-23 16:30:05,2018-02-26,17939095f7758a7efd90c871a47d2d36,2018-02-01
15bc08d16e46d4a0586df8dfdd1ed60d,e8ed13a7d30ea447608bad258f7b82d3,delivered,2017-09-18 22:08:37,2017-09-18 22:15:16,2017-09-19 17:13:01,2017-09-22 17:44:42,2017-10-11,abb98b782c300a08301da80be212fc9f,2017-09-18
8fda82d5d041f776798e037d6628bd89,6f2c39d4b256fe2ad20d3d53d16563d1,delivered,2018-01-22 21:10:36,2018-01-23 21:20:16,2018-01-29 20:18:06,2018-02-06 22:05:21,2018-02-21,90f9795148ffba638b835adf814fd955,2018-01-22
b073e0d7ee46b9e5b927e06130aeba6f,eb2ba5d39a253c0c4d2c573b6af2c018,delivered,2017-10-21 22:31:25,2017-10-21 22:49:19,2017-10-23 23:04:01,2017-11-11 14:48:40,2017-11-13,4f1f172447398e6f53beb39deede3041,2017-10-21
6772fa18f983a48d6bee6608ac9191ac,ea3f5d1ea13accae4dfe669074ebd0d1,delivered,2017-05-15 20:01:19,2017-05-15 20:10:21,2017-05-16 07:40:24,2017-06-01 13:13:19,2017-06-08,88f8ebc1edbe999a12bece5029503466,2017-05-15
fe78b46c19e9737d82d7dc5d7ea6ee77,6863efdb7b49c05aac8bf15b2fe41f70,delivered,2017-07-26 19:40:30,2017-07-26 19:50:17,2017-07-27 18:51:54,2017-08-01 22:04:38,2017-08-15,027ca2556afdb5bb0741b214c6380bb2,2017-07-26
c1ca2478a5335407d83a9fa4ff2363c5,95d228ca18b7cea0c1e0499048a66058,delivered,2017-12-28 02:22:04,2017-12-28 02:29:25,2017-12-29 17:29:03,2018-01-10 20:35:28,2018-01-29,37bca04dd9b9a990a3fff549fc3e587a,2017-12-28
a9102cabf06d6a3bb3db039b6477102f,ccf59ecf751698a240a60b115d0de917,delivered,2017-04-05 01:37:38,2017-04-07 11:10:17,2017-04-10 16:17:49,2017-04-12 09:40:59,2017-04-26,057581e17e81bd35d08e3cdc8f79e60a,2017-04-05
480455ea6aea5bb17a513ac896132d14,5a261e29cf7f80b11dbfbed45d2ca5c4,delivered,2018-08-20 10:24:48,2018-08-21 04:15:11,2018-08-21 13:26:00,2018-08-29 20:47:44,2018-09-25,191cbd8c43c59d09299e59f21fbab0cb,2018-08-20
8f64289fd97cf4fe86ff2cf5ddd6d653,adabbc26a6f26169f9ff8b5dfa8903cb,delivered,2018-01-03 14:39:26,2018-01-04 05:17:21,2018-01-08 23:32:35,2018-01-15 21:19:28,2018-02-05,c7674bfb8ff3dede85907b9b1250371a,2018-01-03
87440684f2020256690b3267299053f6,c0145549d5066a5299cb6d25f4bb3d36,delivered,2017-05-13 11:35:32,2017-05-14 11:42:41,2017-05-16 15:36:40,2017-05-17 11:59:49,2017-05-24,1b95e3fe033836c787689ae4b9516aa3,2017-05-13
c528ee5dbc3b0873c3eb1a25c860fd97,0b0da9c1d9e04738eb91f38cce9a0218,delivered,2018-05-17 16:36:59,2018-05-18 02:14:41,2018-05-21 09:26:00,2018-06-07 12:35:25,2018-06-07,2da24bd85b344f81bf18ebb313ee0da0,2018-05-17
6093172628144fc06ee4548601a91c65,e7c7f5bccd9e0656edb0d14537773b8a,invoiced,2017-09-10 19:50:03,2017-09-11 19:55:20,,,2017-10-09,f45306d122e0f0a2d18ce37616e4ec08,2017-09-10
ad6305c54a1fde395aba401db42bf672,48b4fb5cf81ed49f44c9ee9010bf7832,delivered,2018-02-28 14:08:12,2018-03-02 16:10:30,2018-03-06 22:24:24,2018-03-26 18:18:34,2018-03-26,ccb1972aa9bed597b73798ed43ceb910,2018-02-28
9c31d604522ef4fd8e0bba68aa3214a1,dd3ea9d48ebef85eeeeebc41d577bdac,delivered,2018-03-13 08:53:47,2018-03-14 02:48:58,2018-03-14 20:35:30,2018-04-13 20:53:31,2018-04-02,2980e715a2e720d19190f580767b129f,2018-03-13
789bf50b7eafcaff398ea0b735b4787e,d9e3c7044790af66009e070dee9d23fd,delivered,2018-08-07 10:14:35,2018-08-07 10:30:16,2018-08-07 12:30:00,2018-08-13 19:42:38,2018-09-03,3d524cae0ddfe0e918f39e7e8ab49e8b,2018-08-07
3f6e9699013cd3929f5afc72ee8af297,7827353a0f6bfe72cd81adc0dc2f8a97,delivered,2018-05-03 13:13:04,2018-05-04 03:52:01,2018-05-04 14:39:00,2018-05-16 20:42:31,2018-05-24,305c985de11e20cac5c0780ef4d6d1f6,2018-05-03
4a59e2d39100c040ae4b76d2e18cbc10,357f03df48f9aad64db3a1fe4bc8f421,delivered,2017-11-24 23:38:11,2017-11-25 02:33:27,2017-12-01 00:18:00,2017-12-11 18:13:57,2017-12-14,55020946c167c3f3b9a2d9debc5967a0,2017-11-24
e5ee9ad6e9f3659c27ad0673151f467b,829b19100e1a7941b2c21c6529a97dda,delivered,2018-01-25 15:52:21,2018-01-25 16:18:16,2018-01-26 21:18:39,2018-02-16 22:56:49,2018-02-20,53983110f5d6c897e94a097209870108,2018-01-25
c00da3caac54c1d164a533d8a79c7230,1fb54adee7ce31858b5cb708d6d448e9,delivered,2017-10-08 13:00:43,2017-10-10 04:08:09,2017-10-20 21:18:40,2017-10-24 14:34:01,2017-11-08,f821105e829579008246ed98caeeae92,2017-10-08
d98b754dc197354be163fe4f75ef28fc,9cafc4c4cd0912423065d57c236feadf,delivered,2018-07-22 10:24:12,2018-07-23 11:31:36,2018-07-24 05:55:00,2018-07-30 20:03:57,2018-08-07,4656b3fa1f47c6d0a513e9eedfaaeeec,2018-07-22
9b7b3384d7e404d642e930d87bd81984,7b13e690db04d218fd7bfe14c3137c92,delivered,2018-01-16 00:16:07,2018-01-16 11:15:28,2018-01-31 15:28:02,2018-02-14 17:42:33,2018-02-22,378c06babf08c70f32e748ac24ea33e0,2018-01-16
de65887c84d470bbd06abf600e7c7a62,719d4af655a55d8cfb4653c237f6235b,delivered,2017-02-28 17:37:35,2017-02-28 19:19:26,2017-03-08 14:53:16,2017-03-22 13:12:57,2017-03-20,d656f4f828c953e363fa866f3d68292f,2017-02-28
208e8b34ce83784e7f65185eab460000,e8db72eb5ddb5c47fc55af02a9395d94,delivered,2018-03-16 11:15:24,2018-03-16 11:30:46,2018-03-19 20:17:34,2018-04-05 20:38:25,2018-04-12,3df711695b712b39c8074af49986aaa8,2018-03-16
54c3a52bd97fd2dfa8773a378b1117f1,4b732ba2cf096d518f1ed2bea340d6e3,delivered,2017-11-24 09:54:31,2017-11-24 11:16:28,2017-11-24 22:13:10,2017-12-12 18:53:29,2017-12-20,7af7ebbed73f6c1ca5c0541e33071887,2017-11-24
35c0409785e3654ba803189b2ded11d3,b2a0b41180a2f7c13f135136917779a1,delivered,2018-04-19 19:23:15,2018-04-20 07:31:48,2018-04-20 18:22:00,2018-04-23 15:38:58,2018-04-27,afd5e1870514bbb5f1f1b8e5de3c7722,2018-04-19
4135f93d45b6c1d4f676885da7568a16,3aadc857de358a975814b94ab0865112,delivered,2018-04-27 17:43:23,2018-04-28 17:50:17,2018-04-30 12:34:00,2018-05-04 16:27:14,2018-05-23,a5f23078f7990bca30dfd38e274621bb,2018-04-27
ee45911bb0f3165bc61d3cbf92f37506,c5f09f717d4b3f6cda684e0133c3d52a,delivered,2018-02-26 16:43:06,2018-02-26 16:55:59,2018-02-28 00:49:10,2018-04-13 16:34:49,2018-04-02,94153bb707107e23d9f5f0c0735582ef,2018-02-26
82ff294d1970490323910cdd6c463977,2923538b48ba4910e980aa90a89c3a2e,delivered,2017-03-11 08:18:51,2017-03-11 08:18:51,2017-03-14 10:44:52,2017-03-22 12:53:46,2017-04-06,ff51a896842f2bdced342631e2699d49,2017-03-11
09abedc2c8793fa1ef3a6eb50a9587e6,3f2b5d8dc2d1ea6f3fe026509549773f,delivered,2018-06-01 14:55:40,2018-06-02 14:51:54,2018-06-06 14:31:00,2018-06-08 16:56:55,2018-06-26,6ab4b267447ec31299594fecdf24e050,2018-06-01
a4036614de2d233c7d7b9a4a716d3753,2d99f3ad55165f9d436bdde7168e9f91,delivered,2017-12-07 08:31:45,2017-12-08 02:36:53,2017-12-13 01:47:34,2018-01-09 23:32:38,2017-12-26,07f69e8f6c44439c7ec11491c8da9397,2017-12-07
47733b097428ea5d3b5646c79fa6caaa,3d3dc6fa31f8d841bb69885f5e270cda,delivered,2017-12-20 19:42:52,2017-12-20 19:51:48,2017-12-22 17:17:46,2017-12-27 16:19:19,2018-01-15,5e3cd9cb83211016a1b2e7dc970060ad,2017-12-20
98efb98b2ba4d80a561ae49d4525ccac,e7b93896bfa38f23efa4770778f5e4a0,delivered,2018-06-26 18:08:53,2018-06-26 18:43:31,2018-06-28 12:11:00,2018-06-29 17:03:21,2018-07-12,9ffe2b10bdc5513eb517f3110e5e712e,2018-06-26
58e6ef7e9c38880c8ae060d871c2c7a2,f4ebbed99d7c749c44024de349f73c9a,delivered,2017-09-30 15:15:11,2017-09-30 15:28:16,2017-10-05 16:43:14,2017-10-26 22:03:17,2017-10-27,0a2147c78f47b0aef955bf25cfc27865,2017-09-30
aa3666ac800f7d6ee11840a2d5f74ee6,0b693c62802016ff7a09113efce583ba,delivered,2017-08-04 17:54:22,2017-08-04 18:05:26,2017-08-07 19:03:10,2017-09-18 12:44:41,2017-09-11,bbab3816c5a428aa07841f42888d3c49,2017-08-04
270cbb69c57b4df6be5aede2871bdd55,c23229504986c0f7fc1452ce9863c611,delivered,2017-11-28 20:22:41,2017-11-30 02:25:48,2017-12-01 17:46:35,2017-12-05 23:27:51,2017-12-18,1dba64c5f3620facb72991f144b4d9ec,2017-11-28
d2578728ecc606f42c30e24e6ef79c90,343575636b298153652d05b98589fb56,delivered,2018-05-05 09:12:51,2018-05-05 09:39:02,2018-05-07 09:19:00,2018-06-28 18:51:55,2018-06-06,528213c6fd0e0420d19f2dfed0f9431d,2018-05-05
69477156227df21c82fda29850060511,39158ecf3ff6201bdab0f2bed9f00149,shipped,2018-05-17 20:47:54,2018-05-18 02:36:18,2018-05-21 11:04:00,,2018-06-05,0dbd8b3deefed9b0862939c75149df9c,2018-05-17
2b654564901d04f0e6aa508f39b120f1,a1ded72b82f43baad19c2544ae480b80,delivered,2018-01-27 23:11:05,2018-01-27 23:32:30,2018-01-30 20:45:58,2018-01-31 18:34:51,2018-02-14,3b18298c5d847e868d60653ab6dad72b,2018-01-27
2ab274c9a5e207ca4445d7c6ab29e46a,fe4143a722d469f05fc854784279da06,delivered,2018-05-02 10:54:52,2018-05-02 11:13:46,2018-05-03 16:40:00,2018-05-11 22:22:49,2018-05-30,dd19277025613729e0d8260011ce15fa,2018-05-02
e7ac1f7da9fc50f093b196993cb761e3,2981aa48735242d9254a92f0f855c470,delivered,2017-07-30 03:04:34,2017-07-30 03:22:58,2017-08-02 21:00:23,2017-08-10 17:42:37,2017-08-22,73ac01d581849fc4b2f43ea6b0c5695e,2017-07-30
b72857c2670acb43d3080e4c84aa5a96,048383af1eb5828a942dd65d7d43ff6c,delivered,2017-04-17 19:08:40,2017-04-17 19:22:03,2017-04-19 13:25:08,2017-05-10 14:27:54,2017-05-10,427525f6f5aee13983a2a1ad80d9e920,2017-04-17
c04fd03cc8075ac11e4d723ff4ec20a5,7c2776ccee2154a2870754a5fff10a57,delivered,2018-05-15 11:42:08,2018-05-16 03:55:07,2018-05-17 14:26:00,2018-05-18 15:47:49,2018-05-25,5d7ae972e6a1605c0fe60f974d52f75a,2018-05-15
a37ddd895baf6a663cd42465aa1a1d10,b70f3b9d478cfceb437d77c3c6e1b251,canceled,2018-07-03 23:02:29,2018-07-05 16:30:45,,,2018-07-27,4109d1ec56460d34187c78d7f010ef18,2018-07-03
77e9d2f71c740441b1fce48743b8e358,a2310d62bc1f94364d79dd78841ea25b,delivered,2018-07-11 14:19:04,2018-07-11 14:30:24,2018-07-16 15:12:00,2018-07-30 18:39:42,2018-08-01,94a9b8396d390038496e3e2154213e76,2018-07-11
f32ac9e04d057c043017dc54d5fcd9da,5d0dc01a24e822ec01298260d70bf6cd,delivered,2018-04-23 12:03:31,2018-04-24 19:24:34,2018-04-24 18:41:36,2018-04-30 14:48:28,2018-05-23,35b421a8d5e464579e68a7c42dc62e29,2018-04-23
90b1834032530ed03e7bbb0f6f2d7125,a3c237000eebd71dab1ed23183d334bc,delivered,2018-08-17 22:03:06,2018-08-17 22:15:12,2018-08-20 15:55:00,2018-08-27 17:45:24,2018-08-30,c4d1fdc000ae480af7abc35a3f0dc9b0,2018-08-17
4a5906e48505c6f9113eb64d283949a6,c40245531b595157896dd2e43891b6a3,delivered,2017-10-16 16:06:33,2017-10-16 16:37:19,2017-10-17 17:17:55,2017-10-21 13:07:51,2017-11-08,1bc971bb9063045e77e998c939cc394e,2017-10-16
a2b4be96b53022618030c17ed437604d,ffa87b4246c4848711afb512bd51f161,delivered,2018-07-22 09:54:03,2018-07-23 11:31:46,2018-07-23 14:48:00,2018-09-27 02:24:33,2018-08-17,3ae68a873484afec224de126a94c5974,2018-07-22
c45686ed86426af3f7be41420b6020ea,667b5b2ec3ffc38456c616b28951e49c,delivered,2018-05-06 21:49:48,2018-05-08 19:34:56,2018-05-09 10:13:00,2018-05-18 16:40:54,2018-05-29,7dedc655d3280a4f507ee70a9c34c756,2018-05-06
1ed06e2cc13fded79d12250b2de6ceec,4984b12b5f7adf462ae21f06f87cdf8a,delivered,2017-05-02 19:51:34,2017-05-03 16:02:47,2017-05-09 15:36:58,2017-05-18 15:59:53,2017-05-25,f0d30d87e962257bae0032a2775bd8bd,2017-05-02
a46f7d82e8993040636ec55fdcc99272,1f12b97b42f31c818d0db045e5cbad20,delivered,2018-03-18 20:26:17,2018-03-18 20:47:50,2018-03-19 15:26:36,2018-03-22 20:08:44,2018-04-06,98f65b8fa9379231a7c62bdd011ee434,2018-03-18
af3c537a8ea64ed0f5877a4ecce0c794,19c293f665f3d42ce8bbde0f86535026,delivered,2018-02-20 21:37:02,2018-02-20 21:47:26,2018-02-22 00:22:15,2018-03-17 00:28:34,2018-03-14,0f6351b4a9d67d3b245dd2ba426f345f,2018-02-20
a49146f414b54879adb68c422428a68e,c236e9487a62bda00236a339f9b9bb6d,delivered,2018-07-26 10:50:55,2018-07-26 11:04:35,2018-08-02 20:20:00,2018-08-07 18:41:00,2018-08-16,f5008838e120006dfda56fb66aef772f,2018-07-26
72fab83427516c548cff90e1975ce053,6a62ee2504ed4fbe1201abdc2f2fa21d,delivered,2018-08-03 07:20:52,2018-08-03 07:30:10,2018-08-03 11:28:00,2018-08-08 20:24:52,2018-08-13,ac43e0a3a9403aa4caed320690089bf4,2018-08-03
13d7a56c8538c342f96bc88730ef2919,58c7eca5a1e730d5de52cbf26eb9d3d2,delivered,2018-06-04 18:46:20,2018-06-05 17:15:47,2018-06-08 09:53:00,2018-06-20 17:04:13,2018-07-11,bb91ca6a6e46d8044a17b4787aa76be4,2018-06-04
9d8422be45fb68fd2ea1e11898d8fa3d,3357c500902564ccc79722702ccc4428,invoiced,2018-05-02 23:09:48,2018-05-04 03:12:18,,,2018-06-07,fb91a4b0aaf08a505d488c7c5e42fb4f,2018-05-02
bfb814e5aed4d7c45b871472b80f2d91,c847463d908b6870cf0f3bf2caa382f5,delivered,2017-12-27 23:33:40,2017-12-28 23:29:25,2017-12-29 17:24:34,2018-01-12 22:15:28,2018-02-01,e2a6170e127f9b5fc222547f91f6d055,2017-12-27
0d9664d8da1dc4337269071b39e19423,64c17343b6c53ee761fd232e84384848,delivered,2016-10-06 22:00:27,2016-10-06 22:37:21,2016-10-10 22:37:21,2016-10-27 13:36:27,2016-11-30,522e714643e682c9eff7415cffae54fb,2016-10-06
c064d2ccc74eafa9f92b6e742708b48c,27e703f1e927f1651f5fccdd365cd3e0,delivered,2018-05-11 10:49:25,2018-05-11 11:09:07,2018-05-22 06:19:00,2018-06-04 21:22:47,2018-05-30,0d27736889ec9fe9aee055fd301ae784,2018-05-11
f0dabde4fd77bc24990f7107e4c46474,35d517e1d32bc3c1d8c759bd4d3635dc,delivered,2018-08-03 17:17:33,2018-08-03 18:00:06,2018-08-06 14:21:00,2018-08-09 15:18:39,2018-08-13,33bb2307143a2aad355b397ea98f9298,2018-08-03
d0dcef5f811f8e0b4f67f1f26805a8a6,4acd2f01ec378db9eca84598a4f4ab0c,delivered,2017-08-05 14:13:02,2017-08-05 14:30:15,2017-08-07 20:34:53,2017-08-10 20:42:02,2017-08-28,b3d860b82d81105b87ac6614e00edc7d,2017-08-05
deaa5978bbef127b0a9c68e6a7f4c1e3,904536251ddd892544f095d8107eed21,delivered,2017-11-24 02:18:38,2017-11-24 02:30:17,2017-11-25 03:39:33,2017-12-01 19:32:55,2017-12-28,c51163cdd2b6424a8da364d10874d7e2,2017-11-24
d10e0c39bed8e7a489486b5d621830c7,3ce4bd5e629bc800593c0abfea2d0da6,delivered,2017-11-26 23:16:20,2017-11-26 23:33:14,2017-11-29 20:30:13,2017-12-04 14:44:38,2017-12-18,e03cceb9b5188e6489bf422a11e9405a,2017-11-26
3bcc866b8a286c46394d2aa9dfd06240,d2ad2ec811f6d50fc1489449de3fd716,delivered,2018-01-31 08:55:06,2018-01-31 13:51:39,2018-02-03 13:51:56,2018-02-08 16:42:03,2018-03-07,641364b952a7207bc5d1d41f317fdcd8,2018-01-31
032b0e60cda9e20b30fc4b3bf1079e50,12d1b4f01a98d5300ce2b471a0190721,delivered,2018-04-12 22:26:07,2018-04-13 13:14:39,2018-04-18 22:51:38,2018-04-23 21:04:51,2018-05-04,72d5cd15622e86e499609e4654af2439,2018-04-12
b817fcad07287a3912cbfdcd012a36ad,3dcd58a2264371c594a25b9b38e414db,delivered,2017-10-24 19:50:03,2017-10-26 02:57:05,2017-10-27 18:47:04,2017-11-04 16:05:01,2017-11-14,af3d2f0a9f1444d70aa2f9934019504d,2017-10-24
cb26769d014df1d16ffd4de9098e95d7,d44fac4c94cd149d441c40511abd27bd,delivered,2017-11-26 18:20:48,2017-11-26 18:32:39,2017-11-27 18:38:24,2017-12-04 20:43:16,2017-12-19,9f2ad6468235279b4de6e35feb25be83,2017-11-26
963b6259cdd558e7e45e12f2917b6a8a,756077224deef855584a6bf35be6233f,delivered,2017-11-29 08:22:33,2017-11-29 08:32:26,2017-11-29 18:58:58,2017-12-07 23:57:55,2017-12-28,009000746b4fc73fe77ecc396fdb78d2,2017-11-29
66b3a1b5e10e14e7bef4025cde095caf,079da973ecd0fb654da4ffdb946c9ea1,delivered,2018-01-23 10:54:12,2018-01-23 11:10:36,2018-01-30 00:39:49,2018-01-30 14:39:35,2018-02-16,527c6fbbe85cdf78ff1645e0a71e266f,2018-01-23
c5f8296baf77d395952fac57effcbf47,6f0e095f81fd43533c2baed64a7e9f50,delivered,2018-07-19 12:04:10,2018-07-19 12:23:14,2018-07-23 06:03:00,2018-07-26 19:52:29,2018-08-17,da8618694dda57a7eb9be2611e110f35,2018-07-19
93801ff5a04f6b018564f462ea790c0f,d2dd888bbde7f2030be8d738074c25c4,delivered,2018-02-18 20:45:40,2018-02-18 21:50:28,2018-02-19 22:36:48,2018-02-28 17:48:59,2018-03-16,10b73c443113a98b487f083cd049c5f8,2018-02-18
2ebdfc4f15f23b91474edf87475f108e,29f0540231702fda0cfdee0a310f11aa,delivered,2018-07-01 17:05:11,2018-07-01 17:15:12,2018-07-03 13:57:00,,2018-07-30,1bd06a0c0df8b23dacfd3725d2dc0bb9,2018-07-01
19290f8cbb9b669a38cf4c56f5976bf1,35de295c9053e824f7df2631a2b60b00,delivered,2017-06-05 12:41:50,2017-06-06 13:23:20,2017-06-12 14:15:44,2017-06-19 12:46:06,2017-07-07,3f6d872672557ec732e5e12bc2dc885d,2017-06-05
c870ed0988202f0b857a393392831d06,0a855770d35117e1c808629c1f4702b7,delivered,2017-08-22 11:37:17,2017-08-22 11:50:47,2017-08-23 18:13:49,2017-08-25 17:02:32,2017-09-04,b42865717e1044fa15f3143ce4a9bdef,2017-08-22
baf05a05ab8f2e51b4509635ee9ddf3e,7893bd53c7f981f44489985d50f87809,delivered,2017-12-12 16:52:34,2017-12-12 17:08:53,2017-12-14 21:09:08,2017-12-19 22:51:34,2018-01-08,bb2b4614e0fa663e0b4bf23c65a09219,2017-12-12
ca00c2ba5781124bd9493423de6d8862,dafe240fa4132e5da366caf9f6f9caaf,delivered,2018-08-10 18:09:49,2018-08-10 18:25:13,2018-08-13 09:01:00,2018-08-17 19:50:46,2018-08-27,a5e706a547ea42fde80e3cff5316c84b,2018-08-10
ce3c0e0e8ff8199031c7539eaac530e4,9cbdae47393a16c7bb010ecb7e5b282f,delivered,2018-06-21 13:58:47,2018-06-21 14:22:15,2018-06-23 08:53:00,2018-06-26 19:28:36,2018-07-18,e5848a1a6989cef18d43ae5c86554ee3,2018-06-21
a45007bebe435ae6fb3637ede777476e,c6bcf0f66539cfd69f950b0c52f9bfd0,delivered,2018-06-22 19:23:44,2018-06-22 19:38:40,2018-06-26 14:01:00,2018-07-03 20:05:22,2018-08-13,7ded76b9c22c31f1157a2f917f00baf9,2018-06-22
5414180e118bc59734a59e7759b1c8af,ab0c7372cfc8072894f5c0aa01585e32,delivered,2017-11-24 00:52:54,2017-11-25 05:53:24,2017-11-28 20:57:01,2017-12-04 20:37:15,2017-12-20,4ae7f086fbce12f0ebba73f619304e18,2017-11-24
ad752dccdfda84b21aeceed3c6477654,dcfbac644e59e62debeeb913cc70cb66,delivered,2018-08-16 21:06:48,2018-08-16 21:29:19,2018-08-17 19:55:00,2018-08-24 16:36:34,2018-09-04,0be13c030bb34d7db40c984faa220de6,2018-08-16
69fc6a373350bf068caecb8869e4f31a,b9ad551172b8bcf402d348f18d477059,delivered,2017-02-23 18:24:18,2017-02-23 18:32:51,2017-02-25 08:19:09,2017-03-06 12:47:56,2017-03-22,8fe346bf2e4af73b3752f0bb1e8ea203,2017-02-23
1799e94e91291daf90a277f54a4e1215,5f4e520b45ba37afc9d95eb0849cdb30,delivered,2018-03-10 11:31:29,2018-03-10 11:48:31,2018-03-12 18:49:48,2018-03-19 21:04:56,2018-04-12,68182d45ae2bddb76611304c755e9d95,2018-03-10
116dccb1dafc4a6bb0277e499ad96fbe,3834718ee00bf352e16022c27d923ef4,delivered,2018-06-27 12:22:12,2018-06-28 12:15:21,2018-07-03 12:40:00,2018-07-05 21:48:33,2018-07-23,7c07b52d144ebb1d3eac8d96e427602b,2018-06-27
18a9ccf08fbcc3c0bf4ad9ceb583f2b6,edd71e80f9c64855b4f813b59b3fdef2,delivered,2017-07-05 19:56:05,2017-07-05 20:05:27,2017-07-06 14:35:56,2017-07-14 16:55:51,2017-07-31,58075e17e770fc08571c3e0f452f6a11,2017-07-05
cb07791e2924a69295203fa188d338e2,4990ef4b433749cb7d74b8495ade9f1b,delivered,2018-02-14 17:07:41,2018-02-14 17:28:04,2018-02-22 19:49:11,2018-03-06 22:12:17,2018-03-07,1360b9320203a4d8c1a883b3fd77585f,2018-02-14
11afac295480894b1dcdf9cf95815731,af06a118d5baeabd152479e412267333,delivered,2017-02-09 09:18:46,2017-02-09 09:30:17,2017-02-13 11:44:08,2017-02-14 09:56:59,2017-03-20,6d8e47a5e97b99f938dacf7b0849fae4,2017-02-09
7593a646a84237ec96579dad6d6d91bb,8df658f8c3ad9760b45cf6246f711fe2,delivered,2017-05-26 19:26:32,2017-05-26 19:42:21,2017-05-30 11:35:25,2017-06-02 11:42:17,2017-06-23,44f4295df61784e5427fccea89865ddc,2017-05-26
134184ef29c3230baa863482261f629f,41b3d2c7f0bd3fc5eaa95c6c451949a0,delivered,2018-05-08 20:58:24,2018-05-08 21:15:20,2018-05-11 13:57:00,2018-05-14 22:22:40,2018-05-22,1734eaee5f45a8f811841efba80b1a6e,2018-05-08
d9ecfbca463d0edab5f63732a812a5d1,74f3420d05bc68c7aca52b3b73fc9ae2,delivered,2018-02-20 11:21:19,2018-02-21 06:25:10,2018-02-21 21:23:59,2018-03-16 22:08:52,2018-03-21,2f2fb0ce185e0a8b0f7b54b2a955ecd2,2018-02-20
16be2f6d4d5feffe91a073ca17ab52ba,eba4339b9df25e7f8836e2a715993f7e,delivered,2018-06-30 21:58:13,2018-06-30 22:10:12,2018-07-03 05:43:00,2018-07-04 01:03:27,2018-07-16,63a4ec54df8b005728567a06296cecc2,2018-06-30
cf994e7b2290fe771d8ac15f128eabc4,2c07ebda00b382922372626d8917625c,delivered,2018-08-02 21:07:06,2018-08-02 21:43:51,2018-08-03 12:35:00,2018-08-08 20:32:21,2018-08-13,5f4aaa87db6bfe806d2e08bd3a782f8d,2018-08-02
12fe69d4acc9f59f6bec2a0d728f4a8c,cc3f3f1bc77d9c5797b6ed1515303cfd,delivered,2017-11-12 01:17:53,2017-11-12 01:30:31,2017-11-14 22:19:32,2017-11-17 18:12:03,2017-11-27,384cf16e152046ba87ba0aea788f9c8d,2017-11-12
de09e6c4676182436c36ae4f25bd78bc,0e896e4e843f99d1fa8220549ce4024f,delivered,2017-11-03 17:19:11,2017-11-03 17:30:54,2017-11-07 19:26:57,2017-11-20 18:18:26,2017-11-30,f17619a8db648adb2dd504e94873839a,2017-11-03
a1894265708f519fcdfa6476095d46ae,c7d900a1f1f7f278c06d3ffcd18451ae,delivered,2017-08-02 21:21:08,2017-08-03 03:05:38,2017-08-04 21:52:01,2017-08-10 17:52:13,2017-08-24,1ae6104451cca67d5298a7c65a887188,2017-08-02
3e7433883ed362df81977e1b24e3d6ec,80f838e8b231f2fcb23b5208159d720d,delivered,2017-08-18 12:19:54,2017-08-18 13:30:09,2017-08-21 16:56:48,2017-08-24 19:16:44,2017-09-22,02db40f9986cb6f37717b59c84a58521,2017-08-18
96c898ec831c5199304b2b5b43157ede,928b905d5421373dee94974bd164bfb4,delivered,2017-08-20 11:32:29,2017-08-20 11:45:11,2017-08-24 19:36:46,2017-08-30 20:33:07,2017-09-15,87cb6f9be6c56d669ec568ee36d1d4cc,2017-08-20
278863630df775393788c491633cd3e3,c11790e3f763fd2faff327ca3d0ffd91,delivered,2017-06-10 10:24:21,2017-06-13 03:55:24,2017-06-13 17:35:13,2017-06-22 10:49:03,2017-07-05,cc9d616abe99c44b6da28c77499cf80f,2017-06-10
5958326b12eca1c2a2b4627dc4676a2c,63ab28373bf460b24e583ace45fd4d8a,delivered,2017-03-25 16:06:48,2017-03-25 16:15:21,2017-03-29 13:05:56,2017-04-13 13:08:08,2017-04-20,ebad8517c448bbd20ca1910bf1a33819,2017-03-25
0d5d320f15b559914f5b2cfdb08fc37f,1de9fc35579f1ecefbf20185a7341c95,delivered,2018-03-18 18:55:54,2018-03-18 19:10:36,2018-03-21 21:25:41,2018-04-10 20:38:18,2018-04-11,1d8acbbabb9111c1a5298eedb4f9567a,2018-03-18
33ebbe6b176d53190194b5b05cf69330,daa68954888a9a0b95a5f0500e185878,delivered,2018-07-30 19:08:55,2018-08-01 02:44:20,2018-08-06 06:46:00,2018-08-10 19:21:50,2018-08-23,8049669c9b8c462504431cb2d0444b03,2018-07-30
c0e184ce4df1d9df3ef40938ab7ee173,a1807fe36ad5f9fd06439fb2d35991f5,delivered,2017-11-24 12:16:17,2017-11-24 14:16:32,2017-11-27 21:53:08,2017-12-22 00:27:13,2017-12-20,8fb4dede8d25d7fb4484a36306665ad1,2017-11-24
03b9f7dff4b5e742b0593472f28ee9b0,1ca6b9732b728ee8b3845345b756a83a,delivered,2018-07-25 11:32:31,2018-07-25 11:45:14,2018-07-26 13:52:00,2018-08-03 20:38:34,2018-08-13,e8ee87639752424dce21f6b829a650d8,2018-07-25
a5066c35c39663d4e120a25aa960cf24,6b83a587d5729ff8db4a0c007024d1aa,delivered,2018-03-07 22:11:47,2018-03-07 23:09:24,2018-03-08 19:36:33,2018-04-16 19:19:17,2018-03-28,79f227df52caf2b68d36e990ff3fc652,2018-03-07
04c16a4e370df99cc2e5e4228ee63820,1f0e878fe25b2df28171c16a769928f6,delivered,2018-08-06 19:44:03,2018-08-06 20:04:47,2018-08-07 13:02:00,2018-08-10 19:03:27,2018-09-05,4be7adfef8293d4e7dff59a8ddc70e32,2018-08-06
f1948164e2ecb9e4c5dff63a69e58d9e,8c7949f729c25551cf79205092ca396f,delivered,2017-12-21 09:47:37,2017-12-22 02:39:26,2017-12-26 18:05:27,2017-12-28 22:26:07,2018-01-10,89051306ac0f424a797771b57d3379d4,2017-12-21
fed7b21403712a0adacf01cd49035495,3723e7de3c8b36045cd416e09841e8ef,delivered,2017-12-08 12:51:22,2017-12-08 13:12:32,2017-12-12 16:28:30,2017-12-17 10:11:59,2018-01-04,b39d408a17516566a07a77bfc6cea4d4,2017-12-08
ba23f06cfbbc52bebe1d16e97abe1da4,b5ab548fed7a0ef3428bf663b9cc593d,delivered,2017-12-11 14:29:00,2017-12-12 03:49:48,2017-12-13 15:35:01,2018-01-03 21:09:42,2018-01-10,5fa8ae95c33c7245b87a123fb3bc84f0,2017-12-11
0a750178e6d58c01a64d8d939cdca0c0,1276bfeebf316d2fd56f31e384b9ffc5,delivered,2017-12-18 23:29:45,2017-12-19 01:31:26,2017-12-20 19:10:02,2018-01-05 15:12:43,2018-01-12,b068fd2fab68b996faabf91137ba8bf5,2017-12-18
44ddda99ffdd779ef6dddc13ed804971,766d92701a07c57f2b57f01fe97c4405,delivered,2017-08-16 00:29:38,2017-08-17 03:06:17,2017-08-17 19:07:47,2017-08-22 17:45:15,2017-09-08,278256c4e23f585212de04f1ae53d9d2,2017-08-16
9605975885973e23e8aa9d1a8d3e81bb,2ef05bb610df107c2be58cfc4208ac09,delivered,2017-12-02 20:35:13,2017-12-02 20:56:08,2017-12-05 17:04:00,2017-12-17 18:37:11,2018-01-03,8746f1ba2e19bcf8bc03a946a0923d78,2017-12-02
7123f52d364ee0592e24743d2714f05d,cea76712c50e280ce25ddbb5e1d59751,delivered,2017-10-28 14:00:29,2017-10-29 14:05:55,2017-11-08 22:22:06,2017-11-21 22:36:46,2017-11-17,973347b6d92a2b230ce7086e143bb01b,2017-10-28
06efe66e043ee5d43f8d6edcba44d653,c105b81d3a6a33851246796a88ff749e,delivered,2018-02-04 08:59:46,2018-02-04 09:10:35,2018-02-06 03:18:55,2018-02-18 15:34:09,2018-03-08,de1d8c78e49871e66ae405cce55c243d,2018-02-04
9879f1f661af3ff5f2e4e9e65ee661fa,bc957b02880a599d6ac599b4d2a4bfde,delivered,2018-04-29 21:32:40,2018-05-01 05:32:45,2018-05-08 14:56:00,2018-05-16 18:33:12,2018-06-04,b3dbff0a3bad07d6203e80ead5de3b4e,2018-04-29
20f89728b6ca06def7c53881c9b2e502,7e02b16d28f8d9a188d9052436078e8f,delivered,2018-05-31 13:59:58,2018-05-31 14:15:12,2018-06-01 15:18:00,2018-06-19 12:38:27,2018-07-12,24731f9727a23c45d2e38bc00cb4b2cd,2018-05-31
ad0094254eb3881ba1fc670676ea7c06,f52b4e8cb4e838d66ba5606db014aea1,delivered,2018-06-03 20:05:51,2018-06-03 20:31:21,2018-06-04 14:00:00,2018-06-27 18:14:33,2018-07-13,e65aa9623815a9247b08766c9249b38b,2018-06-03
f341c38efd1dbefac09b419d3452a585,ae2e8c5ee56bfeef8ebe5a01d9e49aa8,delivered,2018-03-12 10:57:57,2018-03-12 11:10:52,2018-03-13 18:11:45,2018-03-28 22:56:51,2018-03-29,a94f2022aa8364748a84714fb76ea9f8,2018-03-12
46d4dc3795fd1a96b46bbc6cfdc5f3c5,2f34fa79d309be56c0dba81100c7aa7f,delivered,2018-03-03 10:41:32,2018-03-03 10:50:25,2018-03-05 19:10:05,2018-04-03 20:10:49,2018-04-05,262eec9658b44e74fd03e3c300d3e900,2018-03-03
94f94ebc2e26aeea2aa9e8945cb9fb0c,e00a5ec8d72cb3c5ed58f50fb1a55cbf,delivered,2017-04-17 14:31:24,2017-04-17 14:45:30,2017-04-19 13:53:09,2017-05-04 15:18:33,2017-05-10,b25c62ba4fc28e41117f8026bf9a31b5,2017-04-17
fe63057ba129462a9e0938e30bc2588d,9768e7491911a0f007cdefc7468ff77c,delivered,2018-02-08 08:51:07,2018-02-08 09:10:39,2018-02-09 23:25:03,2018-02-19 23:52:02,2018-03-21,40d80bc3be4565d58029884bdf1eb224,2018-02-08
387c2cbba26c5cfe21c60a8f2208a78d,04dbc4abee6079d145aecbe59c634606,delivered,2017-05-04 08:01:35,2017-05-09 22:32:39,2017-05-09 08:18:12,2017-05-16 11:53:08,2017-05-31,56ed5b222ebc12f9cbcb567441350cb1,2017-05-04
ab0d9bfe4d447ca3510b74578d5781c0,5c13e9fea3fbe3846582e0eaf40f0cd4,delivered,2018-02-28 16:19:37,2018-02-28 16:35:33,2018-03-02 05:22:56,2018-03-12 23:51:42,2018-03-19,455f4c1b4b0079249b09053a1c9b966f,2018-02-28
4736c8c78b7281783d2988ca5fb81e42,d3771c25af3818130bac73c3951781f1,delivered,2018-01-22 12:57:49,2018-01-22 14:23:26,2018-01-25 19:27:08,2018-02-03 01:38:47,2018-02-21,8a3f1378e91cb83083052e29f1c68d80,2018-01-22
d22e18fae4fa9ff5b0e28b9685e84365,1d205e700fb461d9ea633cc2b9728b4c,delivered,2018-02-24 11:28:39,2018-02-24 12:07:54,2018-02-26 19:59:07,2018-04-09 17:17:37,2018-03-21,86b8048b2961a740e5ed773994af6834,2018-02-24
75eb778608f606e7f4b3cbf2092be146,95b0e44cb4e131ade1701e243dbb340a,delivered,2017-09-10 09:22:43,2017-09-10 09:35:08,2017-09-11 17:31:47,2017-09-15 16:12:04,2017-10-02,f63e56138ee7885ffc3b7e56933446e6,2017-09-10
9b6bc08776a513504b50d1da33d91847,0948314b0dc7e18e7e125269b56bb27b,delivered,2018-06-20 11:36:24,2018-06-20 12:05:40,2018-06-20 12:59:00,2018-06-21 20:52:46,2018-07-03,91f8c99195351610a6edd274abeb91c2,2018-06-20
3d65824e9d761678f1695afde11107ab,cad0066c2d519088b2d1d797f9172a2f,delivered,2018-03-12 11:38:44,2018-03-12 11:50:35,2018-03-16 01:08:39,2018-04-12 17:06:42,2018-04-05,c8ebcbb6e3035c1bd92d6b7de2b9a4cb,2018-03-12
209ff4f8dca4c47d41b66e36647d7eef,3c35d9abe15b076da3a85adaa215ce6d,delivered,2018-04-19 16:08:54,2018-04-19 16:29:07,2018-04-20 17:52:02,2018-05-02 17:36:47,2018-05-16,c82151fb9ec85aed79c8484786e36df1,2018-04-19
b4e6bbe03967e3bd4112e6e696e73b3c,67a4dc9ebe668f07201a861f82dba20d,delivered,2018-01-25 13:31:54,2018-01-25 13:50:15,2018-01-30 19:58:53,2018-02-07 13:19:39,2018-02-21,3ec951aa80a242ab4d8fcb5da83589d0,2018-01-25
32c784f647ed538e14eb734293ace28c,7a80d4e0354a7e5622cbcfdb831a5d57,delivered,2018-08-13 16:48:22,2018-08-13 17:04:36,2018-08-14 13:31:00,2018-08-18 12:57:52,2018-08-24,224f7dc1344ecd979b9c354e2be92b15,2018-08-13
595a12453a3b12e84dbfc0d248331d4c,5040fa07fe05b812b0ff00513388490f,delivered,2017-05-07 17:36:52,2017-05-09 09:42:50,2017-05-10 08:33:12,2017-05-15 11:59:00,2017-05-19,05a993b922d6998fb0106c37dbf5f472,2017-05-07
72ba71ffcbc76a06e416c07d00d047f0,5094c0bd47f5fe28ddd902de34ebdd4d,delivered,2017-08-07 01:29:46,2017-08-07 01:45:06,2017-08-08 18:58:19,2017-08-14 19:04:49,2017-08-29,b0dbb4f6439fc8a9bf1ddea6553272e0,2017-08-07
57dbf0bb6156d7ab17e1af9223e06f6f,9eeb9bad5f4f3f5644ff026e461108a5,delivered,2018-06-08 10:40:28,2018-06-08 20:32:11,2018-06-11 14:13:00,2018-06-22 00:32:13,2018-07-13,8d550197eabbeac960d6c1da51bd5d0c,2018-06-08
2d2df7f4bac281e16cc44e1c74e87aa1,7c245610a174ec2208ee70ca2b765c3a,delivered,2017-12-05 19:03:18,2017-12-05 19:16:28,2017-12-12 22:45:29,2017-12-14 18:59:47,2018-01-09,7fe61e30fc92e412b0598fcec4a3ec53,2017-12-05
7bad138fc5f9e735ea42ab050ef5e8a3,fa40fedf7b0da81df42137652bc3a25a,delivered,2018-02-02 12:26:58,2018-02-02 13:31:30,2018-02-06 16:18:33,2018-02-08 12:34:19,2018-02-20,962cf08788e53f8b6657b8b346ace140,2018-02-02
9a3366571a4caa9709415ea10b9422dc,5e05dbfb2e5b6bada9b84f860d447e70,delivered,2018-01-18 15:18:47,2018-01-18 15:36:24,2018-01-23 13:08:56,2018-01-26 20:17:05,2018-02-19,733ffd4730e8552cb3cbdba7d2cb24b3,2018-01-18
2f681bf259c677a86392c8e96bb1c8bb,f08b05b438c124eee9cca48df132cb4b,delivered,2018-04-12 10:51:51,2018-04-12 11:11:33,2018-04-12 23:48:40,2018-04-18 21:41:27,2018-05-07,0d0f2dae01313b5269b8bec1fcdee393,2018-04-12
232f30270c13607c2184ab9980245bfc,bc7eb769eeb68a51edf0205462dc15de,delivered,2018-08-01 16:44:36,2018-08-03 04:35:18,2018-08-04 10:51:00,2018-08-08 21:51:55,2018-08-15,db5926d4ade42690095dd9e633ca8e5b,2018-08-01
218ed7d83ada6c7163efb96ca0cbd210,92898e4ac8057d4aa065733b68173995,delivered,2018-01-18 09:42:57,2018-01-18 09:54:24,2018-01-19 21:28:54,2018-01-25 16:06:51,2018-02-08,bd736e1877605c12825515535cc3eec7,2018-01-18
f9b975e692bb1fa35d6fede924b1d853,7e25b8ad63a30d56ed4065640a1c47e0,delivered,2018-05-07 20:11:38,2018-05-07 20:34:09,2018-05-14 12:21:00,2018-05-21 15:22:00,2018-06-01,cdc69d19bd629d9087f32d67e15a39a4,2018-05-07
8fa32d2fb129f27c9ba8eb9d8340d5a7,3eeafe2383280a4ff135e5c06965c18b,delivered,2017-03-22 14:44:14,2017-03-22 14:44:14,2017-03-23 15:22:06,2017-03-28 15:12:41,2017-04-12,ecef47a5c983479795ed56b3b6ae1702,2017-03-22
3d43bc2ad4b9542de008ed982b097a9f,75a2ec565c01b01a0d439d383a3b3beb,delivered,2017-11-15 21:16:13,2017-11-17 03:55:37,2017-11-20 21:51:39,2017-11-28 21:38:40,2017-12-05,a7e033ec3d60b719780a80a06a086379,2017-11-15
f90b31f6085bcf74117b0b50bc546656,9b77c66429d60da698935191d5c1447c,delivered,2018-05-15 10:36:41,2018-05-17 03:16:15,2018-05-17 09:23:00,2018-05-18 14:42:22,2018-05-28,22fb407bc6b5b3a8a5cef3c164d46719,2018-05-15
0d404657f01231a876c9a25b6c91e329,a96720fccceba279e1b3175c96f88bdd,delivered,2017-10-01 22:49:41,2017-10-01 23:04:00,2017-10-03 16:59:06,2017-10-10 18:15:41,2017-11-03,d98e8bc69613567a40627c7cf5a8b8af,2017-10-01
6440501490dabcc13bc292e417ca410c,5793f678892bf48b7d7065fd9e0c7d7f,delivered,2018-07-13 11:23:14,2018-07-14 02:45:15,2018-07-16 18:34:00,2018-07-30 12:26:34,2018-08-10,781ed09520279a0e04fffe46fb1dd02f,2018-07-13
fa2fd666118d799e8d1872a146839d77,49370a22da342102b4d388e16a30f5bc,delivered,2018-03-21 13:01:05,2018-03-21 13:10:34,2018-03-22 20:28:56,2018-03-24 14:36:25,2018-04-13,ddd1f21fb793ef5112f77dd6f6844bb4,2018-03-21
b3352e49bf919f038ea9f9953bb2be4a,59923dfd7914ff594e6e16878bc19d74,delivered,2017-07-02 11:16:06,2017-07-02 20:05:47,2017-07-06 13:12:12,2017-07-24 14:18:08,2017-08-09,907b09d579b1175a474967084aed4ac9,2017-07-02
4187736882d8e8b4e374d201151c0fa2,84040c0d5d497cae2e21f4052c68e174,delivered,2017-10-12 15:17:06,2017-10-12 15:35:11,2017-10-13 20:22:13,2017-10-21 11:18:49,2017-11-01,98422aa7fd66a3065ff9f5d801609236,2017-10-12
225f6489f45108e98290969c71097baf,b793fbd5689d463bc149ed882d44c6d2,delivered,2017-09-16 20:44:37,2017-09-19 03:30:27,2017-09-19 17:13:00,2017-09-25 19:13:49,2017-10-06,c12e214793373ab15f1d96e59586f77d,2017-09-16
69129279f78de99e942a05755dca12b1,e2db5eee9dbee45330fe8333e109eccd,delivered,2017-12-19 18:16:05,2017-12-20 18:11:06,2017-12-21 17:57:12,2017-12-26 18:26:38,2018-01-10,c8ef5bc867a23fc8c6acd55fc7a83e3e,2017-12-19
5a8e89eb21d974830f21524aa57d031c,4dc45be0ce805970222414a01e55472b,delivered,2018-03-16 16:24:04,2018-03-16 16:35:40,2018-03-19 14:58:22,2018-03-27 18:18:51,2018-04-10,c883bab802a8131506cadc419468c7ff,2018-03-16
0ba1fcf42e40850f464b8ca9b0b5e9fb,fb78d507b1a69fa3058a333371c7371b,delivered,2017-06-19 14:34:29,2017-06-19 14:50:14,2017-06-19 20:04:25,2017-06-22 17:41:46,2017-06-30,f96ebf3654fe80df84fa1611b00943bd,2017-06-19
ab65887d04b631b6d83004bfb47fba02,557f75df416b80d4b2572587202ed6b5,delivered,2017-07-31 15:05:47,2017-08-02 02:35:43,2017-08-02 19:32:45,2017-08-09 17:27:40,2017-08-28,4666aeeab4a5003dce332f601df259e2,2017-07-31
0cdbe13c72545beca47c7843784129b4,b0bb72efee14e2f42fabdfb419e52486,delivered,2017-11-07 19:34:30,2017-11-08 19:30:50,2017-11-09 22:05:30,2017-11-16 15:51:39,2017-11-30,23e1e01cf6452c0b079b172465044559,2017-11-07
2d53cf390b252a89d9c7fdd57036d7b2,0c56a50d2954cbb894d48187542472fd,delivered,2017-12-13 14:28:15,2017-12-13 14:38:27,2017-12-13 23:43:24,2017-12-17 19:52:46,2018-01-02,c3856a5af4849986cdf5caadd0b4513c,2017-12-13
7ce28e928543c294c8624ce9744e574e,3669479a4da285481951d1365f3f2817,delivered,2017-12-30 11:12:56,2017-12-30 11:19:21,2018-01-02 19:26:31,2018-01-08 15:37:59,2018-01-24,762e90ef2e6c5f24a15d500fb96bd3ce,2017-12-30
9ec74bf72142ae60bcda0241adf1b4d8,5ba0ca1093f2cb8967719bbf75083c5d,delivered,2018-02-19 08:30:42,2018-02-19 08:46:27,2018-02-19 18:43:25,2018-03-05 23:44:56,2018-03-13,0c27793634a6fdc5ca49aa89996464e7,2018-02-19
c9cdc25f8eedefdbf5ddf8323c013010,d13a5023cf828d8ca1277f90ca59e8e7,delivered,2017-07-24 20:28:19,2017-07-24 20:42:57,2017-07-26 19:23:46,2017-07-28 19:29:31,2017-08-15,518fe6f62ae326d330c8f6576e062994,2017-07-24
46200d71c536e9f7dc1491ae1189e206,9c4bf4f85d27726d75c7225dfb2f3037,delivered,2018-04-25 11:52:12,2018-04-27 03:55:17,2018-04-27 10:15:00,2018-05-16 18:25:36,2018-05-28,26a8ec155c12a8d5f20a77149f7d418b,2018-04-25
84af086627ce9dba6fc470fb3d899de9,19a1ee6281954bc639ea12d7947677fd,delivered,2017-09-10 11:26:47,2017-09-10 11:35:20,2017-09-18 16:42:07,2017-09-20 19:39:51,2017-09-27,d88968fdc07cef4ca77be564bc175bbd,2017-09-10
bb45e059db1abcd5cedfdacadc9abd5e,6c3712cbeb56a32291f1938392ab7a36,delivered,2018-03-20 12:08:39,2018-03-20 12:28:39,2018-03-20 22:03:37,2018-03-21 23:07:47,2018-04-02,1e4bf95db211d726892b0dc7227f60c8,2018-03-20
38567ea58a8c84a1d15845d0de8a855d,79512c8103a1200334da323541679999,delivered,2017-11-27 12:29:29,2017-11-27 12:39:30,2017-12-05 16:23:49,2017-12-21 17:38:53,2017-12-29,e2889baccec81ed3bed4d66c1c675cb2,2017-11-27
f98480aef384f1cb8d5b1e0e4816fd89,be773aa7205d1ddcbd209c18b50bb425,delivered,2018-08-06 17:10:08,2018-08-06 17:24:41,2018-08-09 00:35:00,2018-08-09 17:57:07,2018-08-20,55216b33e90f01b5e801f5f3c59acfd5,2018-08-06
348c500a5413a76461e497dcecb5bdee,44bc4a8c91bffc5f908d449a5cc5d9dc,delivered,2017-12-14 01:09:38,2017-12-14 01:41:23,2017-12-15 17:48:50,2017-12-28 00:29:33,2018-01-18,5c8b64a2ef947447d35af1c1198dd45c,2017-12-14
b32380b35702c76f59411aff8963a676,22ccf32feae4b8a4c59c3889328f3a56,delivered,2017-11-20 11:46:31,2017-11-20 12:07:37,2017-11-24 15:53:12,2017-12-04 20:25:33,2017-12-13,1c56ff266aed31106e4fa96ce8e62350,2017-11-20
02346f2f5b8930a992461a607bf6bf62,3cd29923676e2dde9a89f7232a64de8c,delivered,2018-03-20 16:06:52,2018-03-21 02:50:50,2018-03-23 01:58:37,2018-03-26 21:18:53,2018-04-09,82d138ae6fc1dd103c9b3eda595b61da,2018-03-20
3ff4d494b9a42e38f1d11a11cac925c6,ca3444937f7842b287a4c5621abc27ed,delivered,2018-07-01 12:29:27,2018-07-01 12:49:59,2018-07-03 10:53:00,2018-07-04 16:21:18,2018-07-24,ceb41d5b6a748d2900551c099cddf498,2018-07-01
25e8ea4e93396b6fa0d3dd708e76c1bd,25b14b69de0b6e184ae6fe2755e478f9,delivered,2017-12-12 11:19:55,2017-12-14 09:52:34,2017-12-15 20:13:22,2017-12-18 17:24:41,2018-01-04,6f70c0b2f7552832ba46eb57b1c5651e,2017-12-12
b98b36de3a8f201eb3fb9d8d46a27737,817f8876b6620f0d7d57d36409e93230,delivered,2018-04-20 16:59:16,2018-04-24 18:26:20,2018-04-25 14:11:00,2018-05-10 19:18:37,2018-05-10,9fd78a86bd195a1e4b70e33c25d755e9,2018-04-20
bcae7c1732e28817b7957e6689ffe813,ba047c458b551f90b71a844f404d597e,delivered,2017-10-21 14:07:45,2017-10-21 14:25:53,2017-10-24 18:08:07,2017-10-27 22:28:05,2017-11-09,0eec22d2d11732ccec1bd7073010424b,2017-10-21
b257c869b77a7d7f08d07c90a67dd5ff,4d36b94df5132998c92c41c96e23cce2,delivered,2017-11-16 12:16:28,2017-11-17 12:10:21,2017-11-18 00:18:17,2017-11-21 18:32:30,2017-12-06,f7bab1ae6f557a1cbc7ee8c67124fcd1,2017-11-16
87a831a955e30fb081a9e79b0c39573e,5ba7661245837f4f897eb201624f550f,delivered,2018-04-05 11:54:25,2018-04-06 03:10:34,2018-04-07 01:04:14,2018-04-12 18:19:29,2018-04-27,2de68ea77562217545c5dae0d90377a9,2018-04-05
7a1616110b24cfd12bdec238b385ec42,302a3f8652538ced8174696427526775,delivered,2017-09-19 23:49:48,2017-09-21 03:04:36,2017-09-21 13:42:14,2017-10-02 13:48:01,2017-10-10,0136e40591d769adfb219f167a691487,2017-09-19
f71db65486473af693cb9575b5b77acb,01d581c1d75cd6e7a5315b20589b9944,delivered,2018-08-23 16:23:02,2018-08-24 03:15:21,2018-08-27 14:53:00,2018-08-28 19:27:28,2018-08-28,b5bf139e95255dcdc5eba1fa8e4ff98e,2018-08-23
4c792ea6a2a9a0d044176c1c42d49b22,9194c133427b11faae0545cb2c631c1b,delivered,2018-08-02 16:23:18,2018-08-02 17:31:37,2018-08-03 15:15:00,2018-08-04 14:15:37,2018-08-07,7516451d834b1d3806ca8ad6640d40eb,2018-08-02
d7b6d0af984b10e088f7420344115d2c,4ce8450cc7cf2ef40cfaf535fbacb397,delivered,2018-03-06 09:27:40,2018-03-06 10:09:22,2018-03-07 19:48:51,2018-03-21 21:48:55,2018-03-27,714ec4431503ff770bfb58c310648585,2018-03-06
00d5fac7792747fba4b528f23930bebd,83b22908078c379ad87b33bd9034ebc2,delivered,2018-03-06 11:33:17,2018-03-06 11:55:39,2018-03-08 01:13:43,2018-03-14 20:10:54,2018-03-27,d58b4f7e679c57d0c5d0f7b8cf3e5722,2018-03-06
e2862f848920abc6614808a5f4b9e963,7a20a7fb3709bf1c19eddf31aeba42a9,delivered,2017-12-26 09:27:32,2017-12-26 09:37:31,2017-12-26 22:46:35,2018-01-19 18:33:44,2018-01-24,5c007473d25a40eaabe9dd90b61a062f,2017-12-26
e1bef85e8803340d03472e920d4a7ce1,ac5d6be319154128b9a3bbce143401ef,delivered,2018-06-25 14:04:38,2018-06-25 14:15:23,2018-06-26 07:18:00,2018-06-29 20:54:36,2018-07-16,f9e540cafddaa8f7df04644ccd520a33,2018-06-25
247e66ec0e4b810c6acabe6f698cc62a,6240919626e51b150c009ca049ba0fb8,shipped,2018-03-15 15:06:53,2018-03-15 15:29:37,2018-03-19 18:03:02,,2018-04-12,92e77de8b3b4bf1cbb3864cb7c79f9b1,2018-03-15
4fc7e9c8c1ed5a3c716070a42e80c5eb,1b528b3e5de647776df9f0f45cd479e3,delivered,2017-07-22 18:21:50,2017-07-25 03:30:11,2017-07-26 11:07:47,2017-08-01 16:42:02,2017-08-15,eb5ba7d588dc36523e780e31e6f007a8,2017-07-22
fdc45e6c7555e6cb3cc0daca2557dbe1,27f584b0f1dc4e610065c240f68b6be0,delivered,2017-02-07 15:49:16,2017-02-07 16:02:44,2017-02-08 10:04:37,2017-02-22 12:45:04,2017-03-24,ffff371b4d645b6ecea244b27531430a,2017-02-07
f9b45712fe135d49c839b6dc346d2661,0c074e014f4b775ec78e28f3f35ee0fd,delivered,2018-01-05 17:08:19,2018-01-05 17:19:25,2018-01-08 23:08:11,2018-01-11 22:46:16,2018-02-01,bfa0480701dfa99c637252d681929e3e,2018-01-05
0b912c351945bbd827aa7a0d181e5be9,142fe4836c9bfdddbee1f3198dbf4337,delivered,2018-04-03 09:27:13,2018-04-03 10:10:14,2018-04-04 19:58:40,2018-04-09 18:12:08,2018-04-17,05d3991ae07553007b20a9aad3eaa41c,2018-04-03
70be4f36c3ba5f5c95734da20d4c34a7,665afc1d1409b2ef4bf07c1bcd130719,delivered,2017-03-09 21:27:28,2017-03-09 21:27:28,2017-03-10 16:15:01,2017-04-25 09:44:01,2017-04-13,48c1b34a2d23e13b8967caa478d9c428,2017-03-09
efe60d212780b2f8cd25004bc101244f,4e329599a0e03cf4555bcbb0165d340f,delivered,2017-10-17 09:48:05,2017-10-17 09:56:23,2017-10-17 18:48:49,2017-10-23 20:24:46,2017-11-09,e6f4ccdfdd34aa2850acb57493722115,2017-10-17
807af8ed74954311649aa47a52ff3061,33cb0e2958def1ed82a542a45b13c982,delivered,2018-07-18 21:42:24,2018-07-18 21:55:29,2018-07-19 15:29:00,2018-08-15 20:26:44,2018-08-10,c8fa956730a8b291e6bada90a5c6db6c,2018-07-18
94a053909aea9a581821afd1e55e2776,b62ec036bc14bf46b221e254fe28a96d,delivered,2018-08-19 12:52:42,2018-08-20 11:35:18,2018-08-20 14:07:00,2018-08-30 18:41:05,2018-09-11,417f7554395a9d083d2ef9b8c319db10,2018-08-19
e2d87ac3739c08508d0f9a46cf33786f,a799759568068072e172b6ce889554fb,delivered,2018-03-03 21:49:27,2018-03-04 21:48:53,2018-03-09 23:58:36,2018-03-13 13:18:29,2018-03-16,732d307839b02bc2d3a4c26b515ea2b9,2018-03-03
310183cde7b1feee278a91c33946820c,92306da1c470e2c73592cb67bee82aa2,delivered,2017-04-20 10:32:06,2017-04-21 05:15:27,2017-04-25 11:02:02,2017-05-04 11:27:53,2017-05-15,973f16909f0457624946c3493fa7b2ff,2017-04-20
047ac23902ffcc68f3106db4f2e4338f,41d6eef6ce1a80013f40a19d3500269e,delivered,2018-07-14 20:26:24,2018-07-14 20:43:58,2018-07-19 14:59:00,2018-07-23 19:21:04,2018-08-08,dcd6f045ec41863f1c4f923985bc4b30,2018-07-14
6679781bbd182ebad33a3393741e6334,70c5b1b9829515c9575141eca21003b1,delivered,2018-02-26 21:40:14,2018-02-26 22:20:26,2018-03-01 20:34:19,2018-03-02 21:04:46,2018-03-16,5400394e71d0e31eff5a35aa40fb26ac,2018-02-26
90ff532c672099e61c781421d7e8593f,8878212fd9b435fd598ee77ec3c98303,delivered,2017-12-08 15:40:20,2017-12-08 15:52:53,2017-12-11 22:41:43,2018-01-02 19:45:00,2018-01-10,364041409331dfeb6ccf9d99d1eb70b2,2017-12-08
5c3a8f58f95a93d61a60220d61ea851a,718b4bbc83d2cb654c02a9bae5e3a817,delivered,2017-10-03 20:06:39,2017-10-04 02:56:29,2017-10-04 15:42:11,2017-10-11 20:33:40,2017-10-25,27f0aa81b33682a3d99c2c1c8ef77f1a,2017-10-03
04ac505fe152a153d8b6013eccb4086b,98dfe650b52959127ab18d7c8b1da221,delivered,2018-04-04 00:22:07,2018-04-04 00:35:12,2018-04-05 20:53:31,2018-04-06 19:28:43,2018-04-16,9bb2aefabf7d7dee2dcc022bd1277ecf,2018-04-04
cdb18f3386ecc8f706baf2c9b3ba9034,a11a8894c0d89a1d2b467a62fe4a365f,delivered,2018-04-18 13:56:51,2018-04-18 14:10:49,2018-04-19 17:46:31,2018-04-25 17:48:41,2018-05-15,16db8fa758d97f144fd44ac06f49f072,2018-04-18
b582b17e48ccf7f01a91218d7297ca17,893957a63c1144295e7b1e3f3020b8f5,delivered,2017-08-16 14:48:17,2017-08-16 15:45:19,2017-08-17 17:48:29,2017-08-29 20:27:50,2017-09-08,ecbfdcb60b716b6fb06e0260a852f2b7,2017-08-16
88831d307a23183f48f92b32b07ac070,5a651c7fa178025ab3f9e391714c4de8,delivered,2017-11-13 14:01:24,2017-11-13 14:10:39,2017-11-16 09:36:58,2017-12-05 17:07:30,2017-12-06,41348c09a551501117e31f8a4149950c,2017-11-13
f632c00313bdbd50450cb21052cbe825,0ef019361fd1cd11940c8da0e1c55d96,delivered,2018-04-09 21:00:45,2018-04-09 23:15:17,2018-04-10 18:21:20,2018-04-12 19:26:42,2018-04-26,6ced24aed2a6671127ffe65d47ac467a,2018-04-09
ec0112ec66031380d1782e0c3cb08fd3,bfd12e217be642a47ce7c7fe5ced3292,delivered,2018-07-22 10:58:13,2018-07-23 11:31:43,2018-07-26 17:22:00,2018-07-27 22:12:35,2018-08-03,13462111de43dd931861603c54b81f90,2018-07-22
3ecc3a4cbe43e1e70c4f20956250fdde,7e7297e4778e198ea50440f10f9a7b07,delivered,2017-08-16 22:47:29,2017-08-16 23:45:14,2017-08-17 18:20:08,2017-09-13 21:55:48,2017-09-14,25a08bbd036771c46811f11cf540f86d,2017-08-16
8076135356d195170fe9f8d5698182c4,791adb0cb24efdbc7bca8035528f4446,unavailable,2018-01-03 21:56:47,2018-01-03 22:08:30,,,2018-02-15,ed271e3b9d6f49efda026f88ef06dcf6,2018-01-03
31419a94f3447056848ea2a664a7ef72,ef9e714771b71928467a30d3492973db,delivered,2018-05-16 18:54:59,2018-05-16 19:14:24,2018-05-17 13:29:00,2018-05-23 22:38:34,2018-06-07,d48d38cf62245af9640114e393a1a50a,2018-05-16
1c485e0055f428b859596cd4fc454aca,87ed80c76e0cb513456b7429a879e44a,delivered,2018-02-04 15:51:56,2018-02-04 16:09:39,2018-02-06 22:28:58,2018-02-28 21:37:14,2018-03-14,471eeb4cdf50d181efae4a7ffb25749c,2018-02-04
e4140f1a5e60f4ceb4190546f710921f,e5e2e7562eeaaffd57473e3c3a668fe3,delivered,2017-11-23 19:30:08,2017-11-23 20:01:10,2017-11-24 20:11:41,2017-12-04 16:36:51,2017-12-18,fd68ece4dd01f62d357fece252cc53f1,2017-11-23
143a94013dbe03feb57f03420bd2bd15,b6cf52fb9b2493744df19612952a2580,delivered,2018-07-20 20:35:46,2018-07-20 20:50:13,2018-07-24 12:43:00,2018-07-25 16:18:50,2018-07-30,b8b3ca36a32f331773421785348bb956,2018-07-20
761d2a6c3fc081b13c3cbfa01c4a8c37,eeb1a37e2e928ef2bacdb4b6382badc6,delivered,2017-08-17 00:19:21,2017-08-18 00:30:15,2017-09-06 21:35:05,2017-09-14 14:58:50,2017-09-11,e83a1e3037f61730f863bcb97b1d1b1e,2017-08-17
1f8d2442829de7b25f179e4128b7ed8f,6b362121207fe289ac370990e1df46aa,delivered,2018-01-06 14:01:54,2018-01-09 07:20:07,2018-01-10 20:17:13,2018-01-15 19:59:05,2018-02-01,d8dbc26b88adf5cc6516cbc6ca89cca8,2018-01-06
1ad7baba8774d5fb92d731478a68f3bb,0c807ffdeff9540b5a33d0fbcaaf07e0,delivered,2018-05-03 09:28:50,2018-05-03 10:18:47,2018-05-07 05:52:00,2018-05-23 17:46:59,2018-05-29,6d03ba9c69f62589a0c43335c0e02cd3,2018-05-03
f8d0d96aa37dec6d5889d28cf88574b5,269241d3dcdfa33840108eff894f180c,delivered,2018-06-30 14:40:41,2018-07-05 16:14:44,2018-07-04 14:19:00,2018-07-10 14:44:06,2018-07-20,6602e7e0fd01e2fe3e09e73782847478,2018-06-30
7fe8e22ba2618c5ddc0ddd48c6d4760c,77992c23eb50255f67fbebe40710ce50,delivered,2018-08-11 21:04:24,2018-08-11 21:24:17,2018-08-13 13:59:00,2018-08-17 21:11:18,2018-08-29,91275e7b1847f102954b73d856b4eee8,2018-08-11
37f5ca0f750ed3aa9b86b3c4ba26ed02,9cf42547a1ce7ce81a82b6760b4fa475,delivered,2017-12-07 09:08:30,2017-12-12 03:57:27,2017-12-13 22:17:17,2017-12-19 14:43:39,2018-01-03,fa307fa23fc17ba9f53736fe81795ffd,2017-12-07
7b67cd7f92c4838c293a4c498f7fe7cc,1ee5795389ba87c8130972562961ef79,delivered,2017-04-21 04:24:04,2017-04-25 08:02:44,2017-04-25 10:36:01,2017-05-05 17:04:52,2017-05-17,2526f439e4069ffc3961e00a84431cc5,2017-04-21
e5fc7f4bcc4ae399fce686f65db2584d,5541e6fbe6ae0f7e94270e33e66c696a,delivered,2018-01-17 20:42:39,2018-01-17 20:52:22,2018-01-18 19:42:54,2018-02-22 23:49:09,2018-02-23,e8bab922a31c89ae82750f3bfcd83f0c,2018-01-17
b810ef1d201da0f2a60f1f79675f9d3a,da44295f56502a7dea82924018b264a3,delivered,2018-04-23 11:42:08,2018-04-25 03:30:31,2018-04-25 14:41:00,2018-05-10 22:44:59,2018-05-28,055188b8180998e4ff965306cdc47644,2018-04-23
d15198b65840c4ec11f3f0d074f92cc4,544ebc76a83285fd3a20c05b9d0b5b5a,delivered,2017-11-24 17:25:08,2017-11-24 20:55:49,2017-11-27 16:16:44,2017-12-06 21:29:26,2017-12-14,1999ca62a980d1f0c69f31820b758a9c,2017-11-24
83255143f563e45be89933f0eb4759ed,00ba24d5e8869fd25950fd26c098ee20,delivered,2018-05-15 13:34:58,2018-05-15 14:30:29,2018-05-18 15:12:00,2018-05-23 16:03:42,2018-06-01,fb7321c807106363b749c783f41de4fc,2018-05-15
72e5f9d054298a6554b1d7e7e4115c5a,c1a651e2d54cfd4ed849d5035d1a09ff,delivered,2018-05-04 01:14:11,2018-05-04 01:32:01,2018-05-04 14:44:00,2018-05-12 12:28:43,2018-05-24,d1cd2dc00808ebc33607b8dfc0404ffe,2018-05-04
55ef1695189508c09b58080d53d2b32e,9ec7033b5e74a016be27ba7e31905e7b,delivered,2018-07-02 20:59:40,2018-07-02 21:10:52,2018-07-05 14:54:00,2018-07-10 17:32:06,2018-08-01,080da170b6d87c6c6e261c68e1673320,2018-07-02
1535ffdb181e70ff560cfced342c4f40,7460b4fda02ae69978ff6b5d7d5afd6d,delivered,2017-03-13 17:50:37,2017-03-13 17:50:37,2017-03-14 06:27:50,2017-03-20 14:22:08,2017-04-04,6ceec19dbdd6f7f1a2ad55bb4317392f,2017-03-13
5db21a1fb73cfdfd6a1c65c7158f4d82,568a5fba0811fbc1696df16fdc0c7375,delivered,2018-08-08 10:53:55,2018-08-08 11:05:12,2018-08-08 15:47:00,2018-08-15 20:46:31,2018-08-28,b142799aa6bfac7c711c9d516e3112e2,2018-08-08
81c684bc700b0e67cd0461f8f1216b0b,84bb667f31c68e42d29cc300ed7f574b,delivered,2017-03-24 10:34:50,2017-03-25 02:10:42,2017-03-28 13:08:16,2017-04-11 12:39:20,2017-05-02,d66695d41b0b903374e3a0d5af875bad,2017-03-24
d5ebe551f4b4510212d9987245ca489e,f3f4bcc90fab08ba1a574b391d6d69b9,delivered,2017-12-10 21:11:32,2017-12-10 23:32:10,2017-12-13 15:56:54,2017-12-18 17:41:31,2018-01-04,d2b3a6f99b85f8c3ceb2179a1b0353d3,2017-12-10
f6015e259b552af1df4a7d889a5da8c4,a7a800f153cae124c756195b4e4b1739,delivered,2017-03-13 10:27:41,2017-03-13 10:27:41,2017-03-16 11:39:03,2017-03-21 13:44:48,2017-04-03,cbafc7b764ffa0db5a66e76ad760c7c7,2017-03-13
478f8fb5c6eb0790e401598d9391c30b,e852487a1087dd7a5a8f78cda9e2ac86,delivered,2017-10-07 16:43:53,2017-10-09 16:47:10,2017-10-13 20:52:05,2017-10-17 21:19:42,2017-11-03,ee61a2265f95add8c381bae180f628c3,2017-10-07
4ac9d969022c4a7ba509b39bb0f3d36c,5b7b7de303afbe0e48035449a3e86a5e,delivered,2017-01-26 16:59:33,2017-01-26 17:15:10,2017-01-30 12:17:25,2017-01-31 18:56:02,2017-03-06,80f272114de4e7dfa88629b9f3bf0095,2017-01-26
c6283d176592e1e1c4d1302abd4e473e,2e12935bf4f6a0cad758ef5f58863701,delivered,2018-01-27 19:28:48,2018-01-27 19:35:24,2018-01-29 22:19:34,2018-02-05 19:44:56,2018-02-23,fbacf55907cfeeab0f1cb05ac31c429e,2018-01-27
6f49fb747ca8c80ada6f548897fe134f,46a325fd27360b26342c0b0d8a279804,delivered,2018-03-15 11:39:51,2018-03-15 11:55:35,2018-03-20 18:06:29,2018-04-04 16:28:45,2018-04-06,50ab585b05268c9b7aacc57681d18ff1,2018-03-15
111094eb682a21da30ce35ad760ff478,5d02af087f5fe03508621e317624011f,delivered,2017-11-27 00:50:31,2017-11-27 00:59:24,2017-11-27 22:35:19,2017-11-29 22:53:05,2017-12-11,9b065ffa3c4b2ca15611061467b23fdf,2017-11-27
f2076489cb09f9d0f11c6a524022fad8,e6c8c89d3ddde215c157724927e7c5f1,delivered,2018-01-11 20:01:08,2018-01-11 20:30:46,2018-01-13 02:55:56,2018-01-18 20:08:16,2018-02-05,5fb14c674c1fbfdd44d19e43087fb6df,2018-01-11
69b8589a4cda405da61a760fcfae1be0,5b3b036e81719243b67c993b4fc7ef37,delivered,2018-08-17 02:03:34,2018-08-17 02:15:08,2018-08-17 13:29:00,2018-08-18 13:56:25,2018-08-24,6dd8f39d9ea8263c0c842416419693f9,2018-08-17
e8608de908926d0a19ad92ae1af61175,70c9b296d6e03532de09c803fe2aedf8,delivered,2017-10-12 23:15:50,2017-10-12 23:28:19,2017-10-16 18:32:39,2017-10-17 19:07:58,2017-10-26,d2460cf0267442bbfffaa2e40fe216c1,2017-10-12
867f0402e99cf24466e5ca3b48ff92fa,7bbdd0e5e266e1416ce3dfd8ce4785f2,delivered,2017-11-20 10:59:15,2017-11-20 12:12:31,2017-11-22 22:18:33,2017-11-23 22:14:10,2017-12-01,a78b84f5d21ef260517732117e982132,2017-11-20
b35bc2322f1b11d08503450f158b9cfb,1d4ed4dda73e2e995a8265c9e1e88867,delivered,2018-03-12 00:11:37,2018-03-12 00:47:52,2018-03-13 00:24:28,2018-03-17 02:26:51,2018-03-22,9a8761d0f534225f5798f999c07d8620,2018-03-12
e63653cd4d968d901b64c18410a9b548,e3346c5387796b9447e5678f82ce7ee8,delivered,2017-03-31 16:40:16,2017-03-31 16:55:19,2017-04-04 15:04:00,2017-04-07 13:08:22,2017-04-25,aa49fa5ad040ec164d65366640004fa5,2017-03-31
30d2a2368488274228f1d64c2ab3231e,ac57edb936ba767e31cdfd3d727932d6,delivered,2018-06-01 01:47:21,2018-06-05 04:31:01,2018-06-05 14:51:00,2018-06-26 00:12:44,2018-07-19,c613d08c38745b67cc5aff94e3fc04b2,2018-06-01
a7085f9fc8c35a99cbd99a1becc1f7be,da5c997509bfd7aaba05d8f01897c1da,delivered,2017-10-14 20:29:43,2017-10-14 20:49:23,2017-10-20 11:22:31,2017-10-31 22:12:59,2017-11-07,12cac5a84f263f02d0071cd38b6185be,2017-10-14
8c11e7320d48d441627a82aa47d9afc1,248c47650075a87ff142d4227837be6c,processing,2017-02-10 11:11:05,2017-02-10 11:23:08,,,2017-05-11,e86907b23d40687a59a80d05a48d710e,2017-02-10
5e7f9ee66e56d354635709fe765e845c,f43286f8e58ceb554beb28e9f3635a02,delivered,2017-09-24 08:53:40,2017-09-26 04:07:20,2017-09-27 20:08:13,2017-10-02 14:07:38,2017-10-24,c049e648a6a0992066c2e019b8bf5dcd,2017-09-24
e75ef7ac6943083f9e83d1968f127420,1f123329650f76ca910b1710f6b6a4af,delivered,2018-05-06 03:24:19,2018-05-06 04:04:09,2018-05-22 15:39:00,2018-05-28 18:14:47,2018-06-08,fac55d6b57f0565e92813169d34f3278,2018-05-06
08cd76ff1d27c6e6c522bbaead822fd7,27cda559c51079a52420a3366d38517e,delivered,2018-07-25 12:47:28,2018-07-25 13:24:14,2018-07-27 15:45:00,2018-07-28 16:22:15,2018-08-07,0b516f76aa9396c53be2527ceb5479aa,2018-07-25
d9eb574d9db751d3a86c7bf179ec2853,6e4a291496a89ec1ae2da5eec9d81183,delivered,2017-09-12 14:29:16,2017-09-13 14:35:20,2017-09-19 15:52:39,2017-09-26 21:51:48,2017-10-05,0e37a80826485260170d428b06df0ab6,2017-09-12
65e816f5fdba93b07f5aeef1ee55b6a0,71a6e80102a4784e3f2411e85c6d204b,shipped,2018-03-15 13:48:21,2018-03-16 21:35:26,2018-03-21 01:18:29,,2018-04-10,eadf1312ed1a9e639469496bad6ad8f5,2018-03-15
99ef42315d9b16bae5d87c2564e01d67,ccf87313c84aa31965634de45095f410,delivered,2017-05-12 23:12:12,2017-05-12 23:25:11,2017-05-15 08:47:59,2017-05-26 10:34:55,2017-06-12,aa2fd34a8929265bc0bd0efb35332972,2017-05-12
5b01111319bb33fcc77bb2aef3e938ff,c8b11aa20558a5c5b2a042f47c83de09,delivered,2018-08-04 14:57:19,2018-08-04 15:05:22,2018-08-06 10:39:00,2018-08-09 01:02:28,2018-08-09,622e7326e8ef9aa065b58c8879eb9a84,2018-08-04
3c32b5ee0d19331febeea91a6fbf37c8,279a09411f28ae559c302075deafbae5,delivered,2018-08-03 10:13:50,2018-08-03 10:30:15,2018-08-03 11:38:00,2018-08-15 02:04:44,2018-08-23,2faf78e5bfb2808753f951e111b1ba2e,2018-08-03
7d76251f09d8d802e7df0ff067dc7158,27c37fcecd5af3213c4910baf9a7d1d6,delivered,2017-06-19 18:56:05,2017-06-19 19:10:18,2017-06-21 18:15:50,2017-06-23 10:56:54,2017-07-11,060743c63d9c6f3debcf3f390b0b2da9,2017-06-19
9aad6dbdcca5469f24d0ae9abf0977e9,90cef52e863d985ca76d0a502fdb55da,delivered,2017-10-21 17:09:21,2017-10-21 17:21:23,2017-10-24 19:59:20,2017-11-01 18:19:46,2017-11-21,1c9d80ac7cc9d6e5ec78e3029b04cf04,2017-10-21
2ecf1e81869aad99fb1eaf286a7eb119,e38e171f81900e949c42cf7901227c37,delivered,2017-12-10 17:51:35,2017-12-12 04:09:01,2017-12-15 12:49:15,2017-12-27 14:43:45,2018-01-08,7e050832e2248c400621f6b22315d4bb,2017-12-10
c7334d7e05d30a59be01b74a71a53b9a,053bccd4465d25600d95df22e1eaa46d,delivered,2018-01-11 14:18:08,2018-01-11 14:27:46,2018-01-15 15:24:52,2018-01-19 22:42:20,2018-01-29,bdbfc5769626d260e788990d3c36f114,2018-01-11
bd2ab3fcfddf81da1f31148c3aa7bd4c,33c77931d736a2cc7423a0833f0d0650,delivered,2018-07-24 15:07:29,2018-07-25 15:04:30,2018-07-25 15:25:00,2018-07-30 16:18:32,2018-08-14,cd3f18c3a2ffdcc20d0f80781aa0eb64,2018-07-24
62246c16a32a0866943f17d7b42db940,6443519fe0538b895632d5d7817aaff3,delivered,2016-10-06 00:06:17,2016-10-06 15:58:16,2016-10-21 16:30:18,2016-10-31 09:45:54,2016-12-02,d78014098f313770fc276a44a9e84a87,2016-10-06
16f6daf2cfb47f8c8525ddbabc5aa5ef,4ec4d40b56fcf9e2ba1c1570a30b6f98,delivered,2017-07-30 22:41:24,2017-07-30 22:50:18,2017-08-01 18:25:54,2017-08-08 21:52:13,2017-08-24,49f946f26c614b71ebb51ab37e9c7209,2017-07-30
f2ef7d612e69efa8075800e031d9880a,25ba4c61d3bb95a1e35c573fbd9cca68,delivered,2018-07-31 13:18:12,2018-07-31 13:25:23,2018-08-08 19:09:00,2018-08-09 20:43:30,2018-08-08,0cc5eb3fdadb1dcf09b19e4fda88ddf1,2018-07-31
e5db2271e5244dc30abdd52135b98586,fcf9e2332ddc4452bffdf1915601477b,delivered,2017-07-16 23:05:48,2017-07-16 23:23:32,2017-07-26 09:27:46,2017-07-26 18:53:48,2017-07-28,9fbcfac9e9f34ac6288cf3f71d6f9cbf,2017-07-16
0e3ec3c17b64c6cc7bc01bba21e7afdf,493bfba5a986ce7c846f7c2b5a308ed4,delivered,2017-05-10 16:20:36,2017-05-10 16:30:12,2017-05-17 10:03:46,2017-06-08 05:47:38,2017-05-26,fc3ae503d8cbc4c02a2d8e467b7bbfe5,2017-05-10
4e376d36ceeae3f2cbf66cb0ca84c799,791e2999c57aaaf4919b414931385ea1,delivered,2017-07-29 14:07:44,2017-07-29 14:23:33,2017-07-31 15:58:18,2017-08-07 17:22:44,2017-08-30,47aa51c0c41934c130a5022658fdebd9,2017-07-29
062e658558167913d261c1089bf9357c,0861e2295c798be38db3b39ab793abaf,delivered,2017-06-07 09:12:50,2017-06-07 09:22:33,2017-06-07 16:44:11,2017-06-14 18:47:50,2017-07-12,c553ad0bb4d5018a245654d2be0f4905,2017-06-07
3f695ee2567af0b169e482d825ec8e31,03f7c28100418ce57927a01d62a6cdf3,delivered,2017-11-28 16:15:04,2017-11-30 02:21:45,2017-12-08 11:42:37,2018-01-04 22:33:48,2017-12-22,ff80f08b2a6a87e84a28bda4613f99bf,2017-11-28
4b007a72f108b589a20227ab419705c9,99678034fbeacc560b33978f398e559a,delivered,2018-04-29 18:46:47,2018-05-01 06:12:47,2018-05-03 16:54:00,2018-05-04 16:13:53,2018-05-10,347bd5ce8aaf6d3bdc622dd70b094faf,2018-04-29
a51c103cee3ac676ea1c9bd8faf4d0be,a3bf8dad369e2dd3104ae77e1fb68ade,delivered,2018-03-04 14:25:20,2018-03-05 14:15:36,2018-03-06 23:18:44,2018-03-08 01:09:47,2018-04-02,8163ea4d870aa941a0b5163d8d3a953a,2018-03-04
dae948ffccda4df99a5e1561db5f5029,9c7d3c254f40add7cec20a8f59f8699a,delivered,2018-08-25 22:29:38,2018-08-25 22:44:18,2018-08-27 15:03:00,2018-08-29 00:41:46,2018-09-04,c9b4c4cecb2f6c6efe2f0e4849266350,2018-08-25
beee47428ec6a6984d07930d75eb3c17,f27229ad9d11e93cd617cd1bd94d5b7b,delivered,2017-12-11 15:15:11,2017-12-11 15:32:05,2017-12-16 01:24:39,2017-12-27 18:17:21,2018-01-24,e5fe7193f2e3cd2b324768ad402cfa42,2017-12-11
f779d4c1a2d02746570b5124c38302fa,d663f3d2620ac39c3fcbafebccf8f166,delivered,2017-06-10 15:38:16,2017-06-10 15:50:16,2017-06-12 13:15:51,2017-06-26 11:21:19,2017-07-11,14e9ea3061b651f3b1932ac3858ab6ba,2017-06-10
95781e5f0d6c976b1d32e609be9c4acb,4446b59d06b177573bfebf6be6ff37a4,delivered,2018-07-16 17:36:52,2018-07-18 02:55:25,2018-07-18 12:43:00,2018-07-23 20:36:47,2018-08-07,171b7c6ac249631fc3890b13476fba63,2018-07-16
a936e40021223b8e7b47aa43a74bf5d2,899a8e7d581fe90a952cb18b55dafa44,delivered,2018-08-10 00:28:59,2018-08-11 00:25:15,2018-08-13 15:44:00,2018-08-18 01:03:42,2018-08-31,697a39ac117410bd4bd201eecdc2ba00,2018-08-10
2e93a6eb72860427a8dd780b12618992,86e1617f8872fd4657b53cd6cc0525c9,delivered,2017-04-01 18:39:34,2017-04-03 06:35:14,2017-04-04 08:48:32,2017-04-26 21:06:11,2017-05-09,14a43f45c3987928d91bc11f6e468fb0,2017-04-01
edbcacae5cb8f20f789d86dc0cf80ade,a2c32079da05c60d8e39eee66b12530c,delivered,2017-01-31 18:49:35,2017-01-31 19:01:36,2017-02-02 10:18:59,2017-02-08 15:05:59,2017-02-27,5acb44e8f0ffc5e73a4166f51eede9d4,2017-01-31
71d1d659a3fc76b377ac21af193fae99,64dd91632c353e908b5ec176a50089ef,delivered,2017-02-03 00:58:25,2017-02-04 01:05:38,2017-02-06 15:02:04,2017-02-09 14:14:58,2017-03-06,a9691b8797461b51c07c829bdb54d8c4,2017-02-03
04df14e9618f3ad47f7b1e353b0b9c50,1d26c126f9597e1a7ee29449ed714258,delivered,2017-05-22 18:22:19,2017-05-24 02:55:31,2017-05-24 10:07:21,2017-05-29 10:38:00,2017-06-13,e4a3e12a38e84615ed5377597f23c270,2017-05-22
67a229f0ab226f753f52634f1e6548a8,4fe7ef3f51b83a185b617b87add5e48d,delivered,2018-03-16 12:09:23,2018-03-16 12:29:21,2018-03-16 22:16:17,2018-04-03 18:48:56,2018-04-13,4b53ef99e7053c7a88356cd25d336283,2018-03-16
c6e48a9495130736a879f90ea27890c1,503f7a3063cd11d999b3213df2a2ce5c,delivered,2017-04-02 18:11:57,2017-04-02 18:25:13,2017-04-03 13:47:40,2017-04-13 12:52:42,2017-05-05,a88eae130fb19297269c32864daf78af,2017-04-02
5a0aef62fed458de537f3edb8501befd,23dadcb549445fa5e15d7bc5cdf682aa,delivered,2017-09-07 20:02:36,2017-09-07 20:10:31,2017-09-08 18:32:28,2017-09-16 17:47:51,2017-09-29,9da6da8585f6384a9a909bc3facb10a5,2017-09-07
a506759d63f2c17a9d2120c780f7e8f5,d8b9bc711712eebd378aff16d1911e31,delivered,2018-04-24 17:27:51,2018-04-24 19:10:11,2018-04-25 14:25:00,2018-04-30 16:14:45,2018-05-30,370921d96b165f27cf3d3d72b8628ada,2018-04-24
4618b886260f174ba97bd9a7b81b01a5,165928f38e41598f6ffd3af0c864ca27,delivered,2017-11-29 15:54:57,2017-12-01 11:31:53,2017-12-04 22:09:21,2017-12-15 23:51:41,2017-12-29,4118b91e5342b4c4fa0192a131cfba90,2017-11-29
0510fbef17088fdb22eed8b459322c62,13e8265ea7e8a11df7a56799f5806220,delivered,2018-04-24 19:42:23,2018-04-24 19:55:14,2018-04-25 15:09:00,2018-04-26 18:23:36,2018-05-03,d55417a83a73d1702b43988e63f0731a,2018-04-24
5c110a6989b5bf2b90e611d478bafa3e,ea40c0c07dff310bee6d6b0f9518f637,delivered,2018-02-07 21:35:36,2018-02-07 22:48:28,2018-02-08 17:08:06,2018-02-22 18:52:57,2018-03-13,952419f6b962f4cae22f87eca1f0eabf,2018-02-07
3955f590b7e19ddd367c089f1268bc17,276f7f8085140651f29e5b5dff198294,delivered,2018-05-18 15:55:05,2018-05-18 16:17:35,2018-05-22 15:23:00,2018-05-24 15:04:03,2018-05-28,2ae2f3c177c42fc53754aa89990633fe,2018-05-18
e1d1213b6608018866541300bc7e095c,0a1bd304aedee91a65a9692e70d91998,delivered,2017-09-18 12:21:43,2017-09-18 12:30:20,2017-09-19 17:12:59,2017-09-28 16:48:05,2017-10-09,a8beb07b598aff188b86be92c67e0f1a,2017-09-18
8ae36ddb0c9660dabf5341488efb2a30,758e7d0e5f61d4150e1a47079f601a29,unavailable,2018-03-03 12:02:45,2018-03-03 12:15:39,,,2018-03-15,a20b89a4159ced7cda2525202c2eb5c2,2018-03-03
0e81d9aa94c69d14faa155f1a91ed4ff,ee2df44c9c465039e4d893c20edc1151,delivered,2017-09-29 23:16:29,2017-09-30 23:28:29,2017-10-06 20:22:03,2017-10-23 22:57:45,2017-11-01,0c04ee5a93bccd434671ba9df34fcbc3,2017-09-29
a2d2cba2241c7e5f2de7e9e3ed12250b,641572a061cb58aa1e035fed93eb8ac7,delivered,2018-03-10 03:25:22,2018-03-10 04:10:48,2018-03-14 00:51:38,2018-03-16 02:33:26,2018-03-22,3c5f20dc5a1ab7f6aea3fa985f4a53a1,2018-03-10
5e1e97f999b0aa80d601a6619c1c050f,43186abecff556fa7c348f82d51abf06,delivered,2018-01-06 23:02:07,2018-01-06 23:46:41,2018-01-08 12:36:22,2018-01-15 23:26:38,2018-02-09,f2abacc7fc5f774032585b02eb823d9b,2018-01-06
f9f0d1f8ad4a4325a1731807a9b8b65d,711068755ae5b4bb901951d616c849b5,delivered,2017-11-17 22:01:31,2017-11-17 22:10:29,2017-11-22 15:09:58,2017-12-01 19:15:47,2017-12-06,49bc1cc48d816699d076374ecb040757,2017-11-17
d74572390df10c6b78c1acedf893657e,a47f532ec104c9cdb1bd791f3c605f13,delivered,2018-02-16 18:53:19,2018-02-20 07:07:00,2018-02-23 01:32:52,2018-03-02 21:13:34,2018-03-15,57833eaf6bb465fd6d9ab499ffbc2ba7,2018-02-16
3bd9d48e8870dad5ddbae6e5a7c183c3,7f35bd4690a9e1f8ee58ea83c99151d0,delivered,2017-12-30 12:08:16,2017-12-30 12:18:24,2018-01-02 10:36:19,2018-01-09 20:19:59,2018-01-29,397c4d07fabeb060c739abfea3efc309,2017-12-30
2bdfeff498c8742708633364e3eeee08,3a940b0b8f29b36c928c4c91d83dd7d0,delivered,2017-12-10 19:50:59,2017-12-10 19:57:32,2017-12-12 18:18:55,2017-12-17 11:59:03,2017-12-28,8939a54202ba6831a502fa64187d1702,2017-12-10
2a4b7ff75e8b04e29d4111f8dac8abcd,a411ac48ff9bd97503158c76c67b2af6,delivered,2018-03-21 10:48:58,2018-03-21 11:08:58,2018-03-23 01:41:43,2018-05-07 18:32:44,2018-04-12,9f7fbc34b444b91c1ef03f2a7af6a33c,2018-03-21
81c277d38bfc8beca560a53fac3646f5,1748b9f945e5b64b45417d766da4e07f,delivered,2017-09-11 21:36:12,2017-09-11 21:50:14,2017-09-13 15:07:39,2017-09-14 18:32:30,2017-09-21,1c707591f8e9763d709df72835e6ba2d,2017-09-11
f33d100d9bb7ea621d3a62506f3fb0fe,d92f44cabb34e230adec2e3700c79bdc,delivered,2017-11-24 20:20:45,2017-11-24 23:33:18,2017-11-27 18:17:03,2017-11-28 21:06:44,2017-12-08,30ebad7b3c7a6f3cbb3acaf3fbdf6d70,2017-11-24
abed4a9942ddbdf89cb7813557d89c62,ae41e41f5721cab53560a02f6d1ca93d,delivered,2017-11-24 17:46:34,2017-11-24 21:14:22,2017-12-06 17:32:26,2018-01-09 01:54:22,2017-12-15,923db9003db7cf8bc6fedac7e0974b45,2017-11-24
9b54c2bfcff91ba7acf6d8a1119ea379,5b78abe7e081624cace02bfef1076cca,delivered,2017-08-23 10:44:04,2017-08-23 10:55:15,2017-08-24 20:05:32,2017-09-09 15:13:04,2017-09-25,ef2dc97cbb5ede01bcc208c154829179,2017-08-23
002f19a65a2ddd70a090297872e6d64e,7fa80efb1ef15ca4104627910c29791c,shipped,2018-03-21 13:05:30,2018-03-21 13:15:27,2018-03-22 00:13:35,,2018-04-16,205d5aa158338f2b733a07326aae8c87,2018-03-21
82a51ccb2a300179554229ce57f2b05b,c9c56649a35abb4aa29797b17350d423,delivered,2018-04-02 16:30:02,2018-04-03 05:49:09,2018-04-03 20:08:55,2018-04-11 23:13:07,2018-04-18,7a40947998913254b660eb4408898456,2018-04-02
9e6dbf2535201b87c18bdf90bf117204,989c193cfe0018c75470fb0549603d52,delivered,2018-01-02 10:06:33,2018-01-02 10:15:19,2018-01-03 17:28:57,2018-01-09 19:27:58,2018-01-24,eae08582ddcff4b5ca1b6d84c7c5cec7,2018-01-02
e0942435c7d11eaa9417d35a47694b1d,c6eca2cce41e4ef53a853e945b382b52,delivered,2017-05-18 10:55:42,2017-05-19 02:35:08,2017-05-19 15:31:03,2017-05-31 10:56:56,2017-06-13,831718bd6707ec2db4f411b11f26f3dd,2017-05-18
4b460251c3d2ba44dd61b0b6c3410ac6,7ceb6bd264a93011d92f29004d2fa854,unavailable,2017-03-27 17:19:37,2017-03-28 17:25:24,,,2017-04-26,3d7bc770cfdbe423eb80de6893a8e05e,2017-03-27
c459333909694b58b17db6cdf5dd7b57,15ac0878ceb20ee8e0e74247318bac63,delivered,2018-03-27 08:09:26,2018-03-27 08:25:57,2018-03-27 23:48:28,2018-04-09 12:05:34,2018-04-18,82c7d57c41fbb3f397ba0848b24617a3,2018-03-27
852d24d230e0038f83e1337c4ab06147,7ae079405bb999ea70d1c458cbf2e82c,delivered,2018-06-10 16:05:11,2018-06-11 16:31:46,2018-06-12 12:41:00,2018-06-25 19:16:54,2018-06-28,b9b13a6fe250f735a8ed3349657a650e,2018-06-10
23dc1dae65a022e0f216c057e1ad3b72,12c2d1a2a3a977fa5599f2f8cb3dba2e,delivered,2017-08-19 17:36:03,2017-08-22 04:31:52,2017-08-22 13:27:37,2017-09-04 19:09:40,2017-09-13,538400aa9981cc8c5a256e3927dbe585,2017-08-19
9e9cfa056dcd246d1bfd47f58a771abf,8488a16c79a62c2f70d4d93bf15ae67e,delivered,2018-08-25 18:36:46,2018-08-25 18:50:11,2018-08-27 14:57:00,2018-08-29 16:35:44,2018-09-04,55bd4776f1b2e6854ee14ef35adf286d,2018-08-25
ca3b8093576a51bea61c9782c7771f62,4ab07666a1b8ff428bda51600a94f753,delivered,2016-10-05 17:14:27,2016-10-06 16:02:42,2016-10-21 16:33:31,2016-10-24 16:33:31,2016-11-25,d8cef4d551f57b2f2657619815495c56,2016-10-05
bc6a0c20c290fc74ba2c366c50477690,5a7da49e27d1969457fb1d07bb538729,delivered,2018-08-27 09:19:09,2018-08-27 10:55:10,2018-08-27 13:26:00,2018-08-30 14:52:07,2018-09-05,90f59279be46c00e09bd5e490b936a57,2018-08-27
c8379bcf3dfe30ebc7344fb94c012b07,b81f97938953164b250166b7d9dcd481,delivered,2018-05-01 09:49:20,2018-05-03 04:12:51,2018-05-03 15:06:00,2018-05-17 10:24:29,2018-05-25,cf0ba8869f5dd330342c0f570d43e090,2018-05-01
927171112ca5b7f6e6708652872623ae,0dc8040ac9937fc813da59b9542f6651,delivered,2017-12-24 15:59:34,2017-12-24 16:09:22,2017-12-26 14:17:43,2018-01-04 21:15:55,2018-01-29,7175d82a5727500e448150a985b1459f,2017-12-24
ce771c5895b52f1d306746c60afba9b0,1d6d086151df8c65fd7ba9e26c7631ca,delivered,2017-07-12 15:28:26,2017-07-12 15:44:03,2017-07-14 19:26:51,2017-07-17 21:53:46,2017-08-03,5a5de1734ce04f6027deb12fd924a4de,2017-07-12
4a0746838da42155bfc10fe57284b734,8ec3ff8925a8d3bf030c8d2406c913e6,delivered,2018-07-31 15:42:04,2018-08-01 21:31:46,2018-08-03 14:13:00,2018-08-06 23:16:44,2018-08-14,1af52bf9de2237c7818ae8d24324f5f2,2018-07-31
ff49f52e3e1a9422bc1899208d5b8591,2cc8c877ddc07e711634edb883c9a5f7,delivered,2018-01-16 18:06:21,2018-01-16 18:14:27,2018-02-07 15:08:52,2018-02-08 12:48:46,2018-01-31,fb8497fbbc2245f9911574aa498414e7,2018-01-16
e8ecb472cb1a0f18c82e2d358f8e2128,e692f60b9b5fbb4b803fe58759387cdc,delivered,2017-09-09 04:42:28,2017-09-09 05:24:01,2017-09-16 01:12:26,2017-09-28 18:19:02,2017-10-03,47a2ef2c9978c0bfedfbcc2a1f722764,2017-09-09
eb5172e93de57cf8ef81ec265d86bcb9,4d08122317b7bd8a0a3e34e2a23c4585,delivered,2017-08-14 15:01:38,2017-08-14 15:16:06,2017-08-15 16:46:44,2017-08-18 12:57:03,2017-09-01,960e9ac92cbcdab493d8d46bf93ef3fa,2017-08-14
1f9fa4b707b82f25dbf52e6695842e8c,599826b8e94a0dad152807a142fab2c1,delivered,2017-01-31 12:33:44,2017-02-01 02:41:28,2017-02-01 14:38:02,2017-02-13 11:06:02,2017-03-29,0f1bc2cfe415c3d1aba852b5cd6aee42,2017-01-31
4e7215ac8ad76bd95a10b8230492c690,3875fffcd2bd0a6284521422cc2abdbf,delivered,2018-04-26 00:50:14,2018-04-27 03:55:27,2018-04-30 17:13:00,2018-05-04 17:16:56,2018-05-21,9fb1578f8808ef7d8bcb9ac681b59ce2,2018-04-26
fe89b0d8ed4855fadd959956eaf4cbda,2cf9f0e26346fdac8219b33a076b4e3b,delivered,2017-07-30 19:41:52,2017-07-30 19:55:11,2017-08-01 13:06:01,2017-08-08 20:44:47,2017-09-04,1de2c7d4f6c4c4a93ce7eefb314e6ba9,2017-07-30
61a4e749e6975384980e883fc5653d8b,1dbc055ccab23ed894267767e268e8a1,delivered,2017-07-21 15:08:23,2017-07-21 15:55:29,2017-08-01 18:42:13,2017-08-04 16:47:30,2017-08-14,4c21c589db03eb65cbc452fc470850cf,2017-07-21
09224348db675e0c2a00ebe2bd9599db,02ca27924660947952e555921dd4749e,delivered,2017-07-13 22:27:59,2017-07-13 22:35:27,2017-07-19 20:36:48,2017-07-20 18:21:29,2017-07-26,c6bb34817267e10fd97c0b59aba74ac7,2017-07-13
b16a844a8a1b4998e1505f65a65d1e6a,1272872ac75fcbffe68e4cd8fbb48162,delivered,2018-05-02 11:58:28,2018-05-02 12:14:49,2018-05-04 14:21:00,2018-05-08 17:36:37,2018-05-23,12d8b5ed661190a3a08183644dfc504d,2018-05-02
6731ed65e5a0e32dcaff875b46782434,34a9148b2ea1f6542b26665326795232,delivered,2017-08-20 21:34:39,2017-08-20 21:50:13,2017-08-22 21:53:42,2017-08-24 15:53:31,2017-09-01,f31af30f9cf0f672a3bb183eeab1e798,2017-08-20
e4e7f051862316f8ef1e82166c55cdea,dba19fc278a9c05bdf43327f419160fc,delivered,2018-03-02 16:48:29,2018-03-02 17:10:41,2018-03-06 21:32:57,2018-03-10 17:42:49,2018-03-27,a47c32ed803aa4b5489d0f7ac5ac7017,2018-03-02
204b7236f949dcd799519c1e74136821,b169e5830ded0026725b45900f8662bb,delivered,2017-10-30 12:09:05,2017-10-30 12:28:12,2017-11-01 17:22:28,2017-11-16 15:26:51,2017-11-17,e12f7f1e96f1f9f6361572028a1fad5a,2017-10-30
b4767da9668302c3be3309b51f5600db,f10fc34d76e5a41bb34fdb3c1530b68b,delivered,2018-07-02 13:40:57,2018-07-02 13:55:11,2018-07-03 11:59:00,2018-07-11 21:56:33,2018-08-03,6d1a41939454bd00937d4d531b7f53ba,2018-07-02
8b97c0c23ba312bae65d2f014d6700d7,ff73066003e6e0aa6ce3739d60a1ff24,delivered,2018-06-18 20:14:52,2018-06-19 20:16:22,2018-06-20 14:03:00,2018-06-26 21:07:45,2018-07-16,aec192ba767b529eae7c4e8dcd4a1d96,2018-06-18
bdefd25a848afe646dfd9751002facdf,0987f577dc4e1a76929cf8cf9be30990,delivered,2018-08-24 17:06:31,2018-08-24 17:24:12,2018-08-28 16:50:00,2018-08-30 16:25:02,2018-09-11,1f3f63978e635987c3063bd1005037f9,2018-08-24
5c8cd93d3a115eb002c7d3c40ab4fe36,ebab1fdb3a5047f2ea1a0886696fbeeb,delivered,2017-09-19 13:10:36,2017-09-19 13:26:29,2017-09-22 12:42:27,2017-10-13 22:55:32,2017-10-13,5087845f6069d27bee996581f74be8c9,2017-09-19
c1218dcc236c1b2e5d2e9e4313127c0b,ec815a810b4150fe560a510d40c1258d,delivered,2017-02-07 01:47:42,2017-02-07 02:03:14,2017-02-10 13:37:40,2017-02-15 12:12:00,2017-03-07,4f83c83b7ff5b544a8c75dcb8ad66e2e,2017-02-07
fe6fc04c1126046e3f641fee9303d4cf,e148f151e0fff5b53a940a0b8a0b9b45,delivered,2017-03-27 19:57:29,2017-03-27 20:05:39,2017-03-28 12:25:01,2017-04-07 13:13:47,2017-04-18,291addf08b15f77aea0f14646c924501,2017-03-27
dd6644d86c2b8177a9ae5f51bbf7b82a,cd7333a35d439e7d2c03da35747f0d78,delivered,2018-01-11 23:04:21,2018-01-13 04:54:46,2018-01-19 22:32:34,2018-01-23 22:58:45,2018-01-30,b69f18820e5aef5301ee099f4ed3334d,2018-01-11
92c6a0e7135d80a425089fdd95362c22,3d197de98c810d01083ae0df2a8c0b04,delivered,2018-06-14 17:08:16,2018-06-14 17:39:32,2018-06-15 10:11:00,2018-06-20 13:53:06,2018-07-11,d79ad92ab8927ca19d338a58c80e33af,2018-06-14
18530f1c685d2cb6b271cba538274056,76d1166cd86711d8ecd7ddda52920ffd,delivered,2017-10-19 09:12:06,2017-10-19 09:28:19,2017-10-25 18:50:01,2017-11-01 20:33:32,2017-11-13,1206037e08581f54a9c47ef9b6118c68,2017-10-19
b1ce066aa23dcefeebf1950f0da07bc7,7940f043bd9828325d0e88a9fb36551c,delivered,2017-08-31 11:57:41,2017-08-31 12:10:29,2017-08-31 21:27:00,2017-09-11 16:56:52,2017-09-27,1d72aaec15863f7532b2dbf4a5c4247d,2017-08-31
35e41c28433f3cea03fb0cdf48cf0175,ba86228f05ae8027b0291ba22d935fba,delivered,2017-07-11 11:39:32,2017-07-11 12:04:28,2017-07-14 20:03:28,2017-08-03 22:07:50,2017-08-24,d3a9c4d22f2231330774954f4e5cc92a,2017-07-11
687e2110fd453476f1c045ce5c1a6d3f,8092df83f189e6029ffd55d443334a5e,delivered,2017-08-31 23:37:47,2017-08-31 23:50:08,2017-09-01 15:30:14,2017-09-13 21:25:28,2017-09-22,4b476c0a6208199a5adbc2dbfef96e44,2017-08-31
87d24c5a20d8d416def2c6ef81d4045e,49f218b2505aac7db523e8b1432f7915,delivered,2017-07-14 10:37:08,2017-07-18 06:03:37,2017-07-18 18:44:43,2017-07-31 20:42:07,2017-08-15,7cee74898db6f06a7b0471aa2486a1ad,2017-07-14
9a910d6ba29d7c6a50b791a7819ad3bf,c9a6817d5766512b8b059a88d3e64bde,delivered,2017-03-26 17:34:06,2017-03-26 17:45:16,2017-03-27 14:45:02,2017-04-10 18:14:52,2017-05-05,a5011800048558a00163a858afe02674,2017-03-26
91811480f57d846cb6b5b418b549f158,17ade49ae87fba5f3fa8c93e05620d7d,delivered,2018-08-17 09:24:29,2018-08-17 09:35:14,2018-08-23 13:54:00,2018-08-27 20:58:35,2018-09-13,212b0fc38e1732b0473ff67039c308f6,2018-08-17
67ece27598962c6f6fd57bc19a8eba0f,cf24c4117ecf9a1768fb2e6cec09f4ea,delivered,2018-03-17 13:16:18,2018-03-17 13:28:50,2018-03-23 02:32:09,2018-03-28 17:03:19,2018-04-26,b2d60d7124a2235fa10013b1e1f8e7d0,2018-03-17
627d872bac94d3a4276ebd2f708387cb,d7b315396f3a4dc9dc604579cf8307bc,delivered,2018-05-04 17:00:41,2018-05-04 17:10:31,2018-05-07 14:49:00,2018-05-15 17:14:34,2018-06-05,1b237a42e6228733b8cbc9c862a292f8,2018-05-04
08c8efb673039f24977bee37cb4ce21f,794fbbffc8777305f986f63219b4e7e1,delivered,2017-05-10 15:24:48,2017-05-10 15:35:29,2017-05-11 10:53:42,2017-05-18 12:28:04,2017-05-29,221e3152676feb9315491e86f26efe5f,2017-05-10
e52fad87a8264c18cf50fd3cfd6dc3fb,4450514e4f80d0bcf73470ebc5fd5683,delivered,2018-06-10 20:39:21,2018-06-10 20:57:48,2018-06-11 11:42:00,2018-06-13 18:07:40,2018-06-20,04f621df77702e8f5e8fb25c81c5bf5c,2018-06-10
f8d323a2702fed37f0229965f7e9f8b3,6238211c5b1c7812db24bd1aeb5fbc4e,delivered,2017-12-09 23:22:15,2017-12-09 23:30:21,2017-12-13 19:54:57,2018-01-16 20:29:15,2018-01-30,28e4558f55bcf5b9f9ef85e9985f1810,2017-12-09
e7ca0b469d23817d3564174fafcf56c7,fb7d16371b8fad5d60b8ba464b1e135c,delivered,2018-03-11 12:23:57,2018-03-11 12:35:53,2018-03-13 02:44:41,2018-03-16 21:08:36,2018-03-29,d959849329b2a7058c4590ba79adbc07,2018-03-11
871586e5b572f8c5d8b07b091e396e6e,307adfea8ecb1ca5a1961e628afc8358,delivered,2017-06-03 17:59:48,2017-06-03 18:10:18,2017-06-14 14:33:41,2017-06-23 13:16:47,2017-07-07,7afc250f9d980ea3ee0ce3b0245f1b04,2017-06-03
a59b2ae7ce595ee0cb33191bbf75836c,382ae8833c34ef87ae580858968625f3,delivered,2018-04-04 21:25:13,2018-04-05 02:28:22,2018-04-05 22:10:50,2018-04-06 20:36:48,2018-04-20,757cf3a3635b391b781c81bbc8e5b00f,2018-04-04
1c709af6dc28e45be0dda17b368271df,1dd47f0ace79cd4c8b2e0e3e428dc290,delivered,2018-08-21 10:20:46,2018-08-21 10:50:54,2018-08-22 14:16:00,2018-08-31 20:55:38,2018-08-24,f076fbbb7fc6c69d95e705c8e9561618,2018-08-21
cca182e4a32957030e469cf249c9695e,d4ced6131d3efa76c2c20fe6ad1bc3cc,delivered,2017-10-01 12:55:14,2017-10-03 04:05:12,2017-10-03 21:23:01,2017-10-17 22:17:52,2017-11-03,16a44325e8fc6db9767ce6b6e4802142,2017-10-01
9e7076697b77903d67c852e3d2dbcdae,4e453250006d88e3a896e5966d34cc2b,delivered,2018-07-29 08:05:41,2018-07-30 08:31:29,2018-07-31 16:00:00,2018-08-01 21:18:56,2018-08-03,baa0316877c1df32a04f23955f1dc9ec,2018-07-29
3317db84e285d6115f358daa9351a4ba,5f0662b2fbb42916fefe7f829ccfbd99,delivered,2017-04-02 18:52:07,2017-04-02 19:05:11,2017-04-06 05:14:07,2017-04-11 12:58:56,2017-04-26,bff81abd61e34bf741b0f590f2cd72a2,2017-04-02
f76722e1f5bbed6240fe01d579139c3f,75fd774bdd2f8bec27d4bfe8fc305b32,delivered,2017-11-29 08:40:43,2017-11-30 02:25:53,2017-11-30 19:25:12,2017-12-18 23:22:26,2017-12-20,5c9e86e665b5bb0dc1da4295206c8cb7,2017-11-29
466fa6875c92ccd8425b0a91a8d1a771,7ff0e2983908917cbd12217e27b6dfdb,delivered,2018-06-24 23:18:24,2018-06-24 23:34:12,2018-07-05 09:40:00,2018-07-09 12:24:41,2018-07-23,490a34b91aaacdd0e54f2c8640c396b1,2018-06-24
34eeeb0f3dd806169c5b90f466d37cda,a20ab53c2b5e9ee4587b7aa0d866fa30,delivered,2018-06-29 16:29:39,2018-06-30 04:35:18,2018-07-02 15:53:00,2018-07-06 14:22:19,2018-07-27,85bdd481aa4ae9f7c53e6b4fbdc91a45,2018-06-29
3302bf91faabf99f49bb481f349e3c39,ceabccf902b8ad0e15d6429e00d10805,delivered,2018-02-04 23:27:25,2018-02-04 23:49:52,2018-02-05 22:22:57,2018-03-01 20:19:13,2018-03-08,fe03a5113f0192c520dc6ae4fd76a933,2018-02-04
a3439a449645e880a92b39f3dc8b28f4,869af1db2a4d1e27f85ec5d4084b7e1c,delivered,2017-05-17 23:25:38,2017-05-19 02:42:54,2017-05-19 11:09:14,2017-05-29 11:11:25,2017-06-08,4e7bf563178aaa1b3819da5af8701234,2017-05-17
837043431f60a0e5259ffe3cec107e87,c83c6affa2730252876dc6ad322c24c0,delivered,2017-11-14 21:24:49,2017-11-14 21:46:45,2017-11-16 19:32:56,2017-11-29 22:38:31,2017-12-06,24cb02db7e047061d650d4849d26db6f,2017-11-14
f3f484b69296321b6d7d8dfa4b74aff3,d0e502290d1b7a834b7c4616c10cd2ef,delivered,2018-02-14 12:39:25,2018-02-14 12:55:57,2018-02-21 17:47:45,2018-03-01 02:14:48,2018-03-13,3d109b4337346a4d8086f1597208f3be,2018-02-14
d4b9a0a5998cc96610a91b5de647f440,59b5afd367220e7d7e8b23cf010e44c7,delivered,2017-09-24 01:16:02,2017-09-24 01:30:15,2017-09-26 18:24:45,2017-10-09 18:33:56,2017-10-31,7ef6d1de203a99ee62a7d14e5329668d,2017-09-24
07efb6b65a21feb31a7567eb0dbd2476,1f0ca2f4250709ea904aad7c7a706550,delivered,2017-07-13 09:45:31,2017-07-13 09:55:27,2017-07-14 14:58:45,2017-08-04 17:42:39,2017-08-21,b97240a478be2e61d5bd467d51eaff2c,2017-07-13
82fd1196a459f594fb1d66e667fc74c4,ef9b9b1cb4921466d4190e3116fe248e,delivered,2018-04-10 21:09:18,2018-04-11 09:30:27,2018-04-17 16:04:51,2018-04-21 00:51:34,2018-05-02,c0394cfa96258a94e368499f919a3ba6,2018-04-10
a15df161654da3f47c2984ffd7764920,109cf3ecc53afd27745a79a618cb5ec4,delivered,2017-01-28 18:30:17,2017-01-28 19:31:32,2017-01-31 11:09:43,2017-02-10 12:27:47,2017-03-08,3af90f255e824d1d53b3584a4e89ad58,2017-01-28
032d1a95f9e146c92cf349805c5e1293,d1e9fd112fc30cbfc329679820335bb6,delivered,2018-07-26 19:35:13,2018-07-26 20:31:10,2018-07-27 20:01:00,2018-07-31 16:52:41,2018-08-09,e0468285c330baa856e1ce75f8c55a37,2018-07-26
3498a243e9fe88c9c4ce97bf7fa4617c,b92024fd84c1d4e5308b4bc99f092def,delivered,2017-01-24 17:15:56,2017-01-24 17:25:14,2017-01-27 15:26:54,2017-02-01 12:24:02,2017-02-22,1f1ab863d273f133c7c9a9ba38f9b073,2017-01-24
cf5c16c1ce5b2de3b5141ae26b58f65f,a63d4ed214b0406558f633a39c61bac4,delivered,2018-02-18 15:23:37,2018-02-18 16:30:23,2018-02-19 18:22:23,2018-04-02 16:45:59,2018-03-13,5a465fa8d582b46073747a7a0dafb516,2018-02-18
007ec946d4f798caf2b43c9d44c56421,3ace63287bc8b41172016c06a5093808,delivered,2017-11-24 13:05:15,2017-11-25 04:15:38,2017-11-28 19:27:06,2017-12-06 22:38:40,2017-12-26,25e6bea0f352b9c61d1bed324da0f5cb,2017-11-24
89ddf23f8fe73ace16b54d219a527277,87357fa1cd76f1b9e26ef7a92d2f0e84,delivered,2018-01-24 19:08:37,2018-01-24 19:19:27,2018-01-30 15:48:39,2018-03-06 23:41:57,2018-03-05,b1449986ee6516d3797d782b01c36e80,2018-01-24
2ec63bd84c4e873ee8bf8786f4942673,addf804ff9cb78ba46f8347beb614dfa,delivered,2017-07-20 18:57:41,2017-07-20 19:10:13,2017-07-24 17:45:50,2017-07-26 16:41:25,2017-08-02,9b9ceeaad1b990f974d6fc842ad6569d,2017-07-20
b760bf468b4938da338e68c1b8dde052,8553d88145be6a0d43f86224cf5a70d2,delivered,2017-12-08 22:19:26,2017-12-08 22:30:28,2017-12-11 22:49:56,2017-12-14 17:15:57,2017-12-27,29a3864fba872cf894be7ffadc1dc8b8,2017-12-08
7d1e050da99b169a0b03e4b80b608c17,5f080af2e1fc61198972128bdbc9de77,delivered,2018-04-26 12:50:03,2018-04-26 13:11:41,2018-04-30 06:18:00,2018-05-08 22:16:39,2018-05-18,71d7cd1b63e808d874ba4ee63b3e6c15,2018-04-26
dbd67f13fdc695836f0eb7b7c83dbd46,fc59aff9c4bae47db46f6f04bbefe306,delivered,2018-05-02 14:49:23,2018-05-02 15:23:00,2018-05-07 06:36:00,2018-05-08 00:12:46,2018-05-14,b5532111fe6577807cdc6733a59af4c7,2018-05-02
5270a6da2c326132afd3b3c0a186a795,17523021fe9a32dce622cb883869fa4d,delivered,2018-01-17 21:15:38,2018-01-17 21:29:56,2018-01-19 21:08:14,2018-02-19 23:38:43,2018-02-19,c931bb3ad6ae15130b8553d01de249b1,2018-01-17
39f948e000e2da7329061c875b6d35a1,b3290bb01210af453a5ee654d3e7e185,delivered,2018-04-08 06:42:55,2018-04-10 03:49:43,2018-04-12 02:22:53,2018-04-14 17:42:12,2018-05-10,09130bee15c653e839ae2086afcd536d,2018-04-08
b6c1b51d37cc489d4332feb65ddf0915,1135ecbf1ddc0da7eb2f1f529cb46708,delivered,2018-07-31 18:37:57,2018-07-31 19:40:16,2018-08-01 14:54:00,2018-08-07 18:56:49,2018-08-10,43c9959df2b196aa650b48eab5d1a411,2018-07-31
0e40a411ec0cb464b5d17a84ff95cc25,bd3db989ccd5c565f4b708a39c0d14e2,delivered,2017-07-06 19:44:43,2017-07-06 19:55:18,2017-07-07 18:21:24,2017-07-19 16:33:47,2017-07-28,c9cf55d6c0f009b6f5ecc6606e13fd32,2017-07-06
883a45f636d1eb15ebedd842b99fa364,e210a988b0d03d53946227b6a9dcf3d2,delivered,2017-04-26 20:33:45,2017-04-28 11:41:59,2017-04-28 13:31:28,2017-05-09 10:02:59,2017-05-26,7f83faa7e0d4c4d40da81805e4565a74,2017-04-26
7906b62a235fb41f51deb33cda8c4d06,f6b4f8d8ec46e8a2eef187ce2073cbb7,delivered,2018-05-15 22:30:31,2018-05-15 22:55:18,2018-05-16 13:35:00,2018-05-23 13:59:09,2018-06-05,d97fe0933e8ef1857700de4ac047dc89,2018-05-15
35a837720015a5cf47f5ff1f1f3a898a,bad042cfdb7bd5a6bc93dc2fe02f0749,delivered,2017-10-09 18:52:43,2017-10-09 19:14:20,2017-10-10 16:28:06,2017-10-24 13:28:01,2017-10-30,0a445d504d1fdfefbda5d39dac3d8a0d,2017-10-09
86f9158c646801ca3b16b26373ba78da,d1ed3fa617ded724a9f890f079bc29ec,delivered,2017-05-03 14:24:02,2017-05-03 14:35:26,2017-05-09 09:06:08,2017-05-24 18:37:42,2017-06-12,6e4ccf6fd2096dd6142c79422db0e105,2017-05-03
f67f9e00c6535a03d484ba5bcd5227c9,3f368a005ca595365c3c53fd9a794695,delivered,2018-03-19 09:12:34,2018-03-20 03:08:24,2018-03-23 00:14:29,2018-04-06 19:48:35,2018-04-18,149ae83b6db8c126e45b329a58d6aec1,2018-03-19
36dc666b3287023e11e5497252e98707,8ff6d9dfb88a4455c0f8593174b1f40b,shipped,2018-05-18 16:41:12,2018-05-18 16:58:35,2018-05-21 16:59:00,,2018-06-07,db8486f106d2a7d4136a2cdd32ae7870,2018-05-18
d3b0d8353eadc4ba7ff0b60f87949a02,4715f5eabb431d9e101203cd67633490,delivered,2018-08-08 18:25:49,2018-08-08 18:35:15,2018-08-09 13:32:00,2018-08-10 22:09:22,2018-08-13,6c5524784076044070d9fe6cf151912d,2018-08-08
ceb608e88a15bf78c70e9020002f89ee,fe37fbb53f07dcf3e2afdb887abf22df,delivered,2017-08-09 11:52:48,2017-08-09 12:05:47,2017-08-09 20:05:13,2017-08-16 19:34:16,2017-08-31,e8a7878d10a5c71b6f8b3d6c75f6131e,2017-08-09
b80fc187408e5b39dc58457b7db2b4b1,46041410953120973322e8f5f2faad72,delivered,2018-04-30 10:28:19,2018-04-30 10:54:52,2018-04-30 13:29:00,2018-05-04 16:12:39,2018-05-18,f1f30eb24d90309e4ec02c385a17e81f,2018-04-30
6956c7a7b6e1be46fa34926ef6aea60f,e298df72f16d80dc506e0509f104925f,delivered,2017-08-22 23:46:57,2017-08-23 00:48:43,2017-08-23 20:03:39,2017-09-04 16:18:07,2017-09-14,35dd6fdbd3caca7333ef2c6675547bd1,2017-08-22
722472fb65236469ae8a7934269a980f,b362913ed32818b745caa7396e5fc17b,delivered,2017-07-19 21:31:19,2017-07-21 02:55:14,2017-07-21 16:13:10,2017-07-31 17:37:39,2017-08-10,8b524ccdb6a4130e7ebe89eaa3e1cf06,2017-07-19
23005a3899a0dbdd93cb88ccb1575b96,9224227b38e57471ec3ba10a33dd4ce1,delivered,2018-02-12 10:50:25,2018-02-12 11:07:53,2018-02-14 23:48:48,2018-02-21 18:57:52,2018-03-06,39ebd0e00a20d98b12b60c064e00350f,2018-02-12
7cdee3742b0259f2780e96bdd9602f0e,475f823c98a1ca65d8fdcbd15167a443,delivered,2017-06-14 21:58:11,2017-06-14 22:15:19,2017-06-19 20:05:57,2017-06-30 12:09:16,2017-07-21,6ce379e2ecd48352cc8871cd48f3705c,2017-06-14
b200a7390795d73d9b7afed1d6dce327,19b7910ad6c3917705d65d00bb00cc96,delivered,2017-03-23 19:12:49,2017-03-23 19:25:13,2017-03-25 10:06:30,2017-03-31 20:35:32,2017-04-11,5d14236618646fa4b7a3c67e5e967ff8,2017-03-23
0a70fd0f23f627d0cc1ea16cb4169393,beb806638e70abe17fbbe9678baa019b,delivered,2017-08-25 14:51:58,2017-08-25 15:05:38,2017-08-28 23:34:49,2017-09-06 22:39:44,2017-09-29,8cd542322e6204e95494dbc887f3f237,2017-08-25
c15c44713017f9821fa52fdef328d9c3,d3ed7d1072cce1cd26ef30afe80dcea2,delivered,2018-05-23 22:07:24,2018-05-24 22:14:19,2018-05-25 15:25:00,2018-05-28 16:34:43,2018-06-11,930958664b249ce7ea76b0a85db1b1d6,2018-05-23
1ff2f747b6a41ef8d418ef81411604b8,9ec11b4d685baa761c23bfea31bbde6a,delivered,2017-10-24 15:13:30,2017-10-26 03:09:32,2017-10-26 18:15:04,2017-10-31 17:14:55,2017-11-10,ee43cb811614a10e1269540b30794e5b,2017-10-24
68032d83f60d0cff0f79fd0aff398f29,cba68d0b18016ae8f86171ff3e3a6036,delivered,2017-11-06 23:31:37,2017-11-08 03:50:27,2017-11-08 17:11:20,2017-11-17 00:31:57,2017-11-30,940f79613f505ade14e5954470d25660,2017-11-06
b5c5a6fb605260058c01713e1fb97aba,4169bb026675fc7051730e93783794e9,delivered,2017-09-30 23:17:17,2017-09-30 23:29:05,2017-10-04 10:35:56,2017-10-09 17:18:09,2017-10-24,2cb6e1938aa20ae2f3416b4c3f9f7847,2017-09-30
1fa78500e37879853df6bf65220a3994,3af03d6383115f9565c0b3b87d4d0c6f,delivered,2018-02-21 22:53:15,2018-02-21 23:05:36,2018-02-27 22:52:40,2018-03-23 21:49:00,2018-03-13,408b1dc1bf28c3245e5eca9097e14b9f,2018-02-21
ec22a18f14eba260f8f395dfc96fa72c,e252b21abdef0221ff17b5d09b2af0bb,delivered,2018-07-15 20:37:57,2018-07-17 04:31:25,2018-07-24 14:54:00,2018-07-26 19:05:30,2018-08-03,b242d738bab52b444553b1cde16d4848,2018-07-15
a6dd782e2849f77fd6bbd0af0f3ebc46,afb111b7bf74e7009ed80cfb31a0e86e,delivered,2017-06-29 21:37:12,2017-06-29 21:50:15,2017-06-30 15:46:49,2017-07-18 20:57:55,2017-07-21,54498eff75bbcbdfcf2bcd61096f8c04,2017-06-29
513f43ba9ea592cb81880aeeb11f08d4,9d951c0b8d3b39f81a4e35fd4aa21bf3,delivered,2017-04-21 17:12:37,2017-04-25 08:22:55,2017-04-25 12:35:36,2017-05-03 09:08:57,2017-05-11,82e974b142d5542642c9336e02ad52b7,2017-04-21
6ee07bb000ad56123f660b23dabed4ab,42cbc801f8d498f3baf61c890d2dcdd7,delivered,2017-10-11 21:39:37,2017-10-11 21:56:16,2017-10-13 16:20:37,2017-10-20 16:58:07,2017-11-06,d3b68a4d69e206889b4127d583bf5da6,2017-10-11
2fd573eea535b447eea60a9b4aa2603d,f94bd0795b4e39a9250f516c56ee4309,delivered,2018-08-23 17:22:26,2018-08-23 17:35:14,2018-08-24 10:38:00,2018-08-29 15:28:56,2018-09-04,7e706e55aec816de5d9b8b8799f5aefd,2018-08-23
685558bac861fa52b595c1febd211651,7bad53b812883912c72e7d9969efcdb7,delivered,2018-04-17 22:03:52,2018-04-17 22:15:26,2018-04-18 19:22:06,2018-04-24 18:44:43,2018-05-07,6b79b3b1325f8f526302133cdcd3c0a0,2018-04-17
69824ff52b27e9069fe9094a18858548,9303f65ccc8b7cfebfd99aef801ae5cb,delivered,2018-06-29 00:03:39,2018-06-29 00:15:15,2018-06-29 14:03:00,2018-07-04 00:12:39,2018-07-20,d8317a17f4fc39505fb392f6e688f2d7,2018-06-29
fd8ab59feb3c7d481d9bb6be532f8b11,60a27a1b80babef80d8b370259139469,delivered,2018-04-09 18:31:15,2018-04-09 18:49:57,2018-04-11 03:04:55,2018-04-12 20:20:35,2018-04-25,a6bb18678ac9c5c0729bbfdce9c2e566,2018-04-09
db5d6113487de457414aaad0ae7aa2ed,b9b2638983d22185ac84fa7d6526ab78,delivered,2018-04-19 01:41:09,2018-04-19 01:55:08,2018-04-19 18:38:35,2018-04-20 19:16:49,2018-05-08,5c97470e81d70f76f49f8906924fc577,2018-04-19
fa302aa67b18a98eb824a928fb3e53ba,58aea9fc48bd6a46f86bdead5143c405,delivered,2018-01-30 11:56:08,2018-01-30 12:15:19,2018-02-08 19:25:00,2018-03-01 22:49:10,2018-03-02,b969838b099b6cea8ce80ae6b7225c2c,2018-01-30
ede4ebbb6e36cbd377eabcc7f5229575,60d2d93a97ec1ad751f2ddce9249ba2a,delivered,2017-12-15 12:08:40,2017-12-16 02:39:32,2017-12-20 14:27:13,2017-12-26 19:13:17,2018-01-10,1a0314ada5c57911dd69ff17029eb2c0,2017-12-15
8b7d82f0a0cbbac3b08cae0c79127648,bd516d2e7c44800e3f593cce2d0fedf6,delivered,2017-11-17 13:18:50,2017-11-21 03:59:25,2017-11-21 23:33:04,2017-11-25 17:35:03,2017-12-08,9e3f0e5595744aeb0d95463af94df6b9,2017-11-17
0fb2036805020445edceb236ebe847c8,6df65cb2a7043cd4c6b1689efa5d44bc,delivered,2018-04-23 02:22:13,2018-04-24 19:04:29,2018-04-23 19:04:00,2018-04-24 19:54:53,2018-05-10,698160a7c7be2a8cea613a36f41945cb,2018-04-23
ccc6c37f50e3e60568c5a91c9574048e,715e8847bc1e6c8c0389dadbeed2aca0,delivered,2017-08-19 09:16:20,2017-08-19 09:30:13,2017-08-22 16:42:36,2017-08-28 21:03:14,2017-09-13,d9574b13255a0f9185d0312e6c0d26fb,2017-08-19
66cd3a1c2edd13d9da86b50aca9e3d32,1a72bada5214567decd50b77bfaa22b6,delivered,2017-02-07 15:29:07,2017-02-08 03:10:26,2017-02-09 05:51:44,2017-04-04 14:34:55,2017-03-08,bf991384e52450ac9fb8fceb295dbe26,2017-02-07
bec3652605143e5f7e0265d993793eba,d1f3606bb1135de704d89880f90cc675,delivered,2018-08-23 12:49:42,2018-08-23 13:24:57,2018-08-23 13:05:00,2018-08-28 17:36:54,2018-09-04,4d217a85dd8a6e4f9c2102da961bd7ff,2018-08-23
67e9ef421e7b550f69b5a5c2676a7a07,d141f682decd1def777da4222e41666c,delivered,2017-12-28 12:03:22,2017-12-28 12:13:31,2018-01-02 21:41:49,2018-01-24 18:59:26,2018-02-02,3224401e70fe4d65e21b57a95fab7c4c,2017-12-28
6e4a56e7ceec57f1cd7fea6278c4c710,9eff8e3689527dcf3f62c2eacb357dde,delivered,2018-05-16 16:50:14,2018-05-18 05:16:46,2018-05-30 14:03:00,2018-06-01 16:07:28,2018-06-04,98b8cd94ba804e4149768255cdd5238e,2018-05-16
a23c9dbc30a11490a1ba3e7143dde4a1,204584adbb98b2d3c83a3552a9455470,delivered,2018-03-09 17:59:34,2018-03-09 18:10:43,2018-03-15 19:29:50,2018-03-27 19:36:39,2018-04-05,379d080d27fbdbf3143563d90e5b207c,2018-03-09
69563539a33f6dbf50c8e280e4e8a88b,39a3a09af913e6f029e2d845fa0110b7,delivered,2017-06-12 15:45:26,2017-06-12 15:55:14,2017-06-13 15:15:24,2017-06-19 13:47:36,2017-06-26,e266e4669fcc469037c3de148909fa5c,2017-06-12
571178bf1877d0e28f7ec1e2f73c063f,415e9e436e38fc030c0e1adf08a740b6,delivered,2018-08-05 13:27:49,2018-08-07 04:44:36,2018-08-08 12:29:00,2018-08-17 19:26:39,2018-08-17,77c06511f1821d4952a692985b9d88b8,2018-08-05
45056f9c6ae664d816c385b9f2d2c1f8,c0dff8a50695d7f810848537bd81688f,delivered,2017-12-17 19:16:10,2017-12-19 09:58:29,2017-12-20 20:28:46,2017-12-26 18:33:32,2018-01-15,49bce1231132a5497a18f9259f03f4d9,2017-12-17
e5c7ffa799e1c5ba20007aae8e48a824,2771eeec77688777e6dc455f7145358c,delivered,2017-08-22 10:19:26,2017-08-22 10:35:14,2017-08-25 19:10:04,2017-08-31 21:52:03,2017-09-04,e47efe0febf5cbec6ea5456257f96e5a,2017-08-22
ee21a244d02c03d23adaa14fe3049b88,7b3d48b0c713f931c8f285b7ca1a8f79,delivered,2017-09-16 15:23:17,2017-09-16 15:35:15,2017-09-30 15:13:38,2017-10-10 10:20:34,2017-10-26,2e156aa1eecc9c15a722dba0edd977a7,2017-09-16
97eb626e84ddfbb1d30de510d7dbac1f,12a86fa0709b967481e33bece3bb35bf,delivered,2017-07-03 11:20:08,2017-07-04 04:15:21,2017-07-06 13:41:59,2017-07-12 19:32:55,2017-07-25,86446c5a93701459fb17513ffd53dda4,2017-07-03
447b7c9b6b51381a908e562384313068,0a02439f8fd6fa72b2aae3ce079e553c,delivered,2017-10-10 01:08:25,2017-10-11 03:14:38,2017-10-16 21:35:36,2017-10-20 17:57:50,2017-11-09,b58f03f2b8052e2284e206fc895778e1,2017-10-10
8ee9f2a817f600c3135bf6fc6123a16f,7b529b315922db17e9270e88c72d6773,delivered,2018-08-16 22:31:20,2018-08-16 22:49:27,2018-08-17 12:37:00,2018-08-22 19:12:12,2018-09-06,eb425be5b7aefdbbc443291586081cb5,2018-08-16
cf50db945743cbc0ff2826ae7cd0e505,ef0654690762c831ffb99e903322abcd,delivered,2018-03-12 11:34:33,2018-03-12 12:29:13,2018-03-24 00:36:43,2018-04-02 20:46:59,2018-04-16,a6b7bd57cc86ce3dae98dc484c77e033,2018-03-12
2060f68421a955938346e798d8809343,75e1c6b3663a6b192922db91c754d164,delivered,2017-11-30 14:52:47,2017-11-30 15:13:46,2017-12-04 21:48:47,2018-01-05 20:14:33,2018-01-04,44c25e0d681c18ccc5461789f3cac74f,2017-11-30
bc29c5fce9c271807967f2fe4cf289e5,ba68e6a0e5205a086db45be9f475c9d2,delivered,2018-04-07 14:15:19,2018-04-10 04:15:46,2018-04-11 20:38:40,2018-05-09 22:14:32,2018-05-30,f3d7cb12e7dc54a424d935aae4426461,2018-04-07
6a9cfa8ed7b1cbe09dfe3dbba0f4d8f0,3ac6190e2e6af7f7d665fc803bcadb4b,delivered,2017-07-18 17:52:37,2017-07-18 18:05:57,2017-07-21 19:32:25,2017-07-31 20:15:51,2017-08-09,654c7c283d20eb1d15d32e077e6c5551,2017-07-18
10b64ed7e88bc66762c2637eb63e05b5,155c6e63647e6bb46173471c1f0867ba,delivered,2017-12-03 18:07:21,2017-12-03 18:15:18,2017-12-05 21:29:56,2017-12-11 15:51:41,2018-01-05,27cf7112eee3dc907058ce6cb8aeb996,2017-12-03
f356e882e8a1f34693474109d16de902,f109b06865467ef900b700716530d099,delivered,2017-05-29 22:51:53,2017-05-31 06:55:29,2017-05-31 15:56:58,2017-06-13 12:48:17,2017-06-22,40d6c19cfed5411db0e1300a73d8d25c,2017-05-29
b8f1089ec747d0bc2fada1ac19b66260,8562f88633b4e552155fc2476c0247af,delivered,2017-04-02 22:05:09,2017-04-02 22:22:37,2017-04-10 18:04:44,2017-05-03 10:44:47,2017-05-16,89e60600ab541346299a981d5897fe7e,2017-04-02
ca254c5904f6a9a9063eef5239c54197,9806b34f5c5ed77c1f69465eab61c73b,delivered,2017-02-07 19:58:15,2017-02-07 20:10:13,2017-02-13 11:21:40,2017-02-17 10:43:48,2017-03-08,37240afed9f6be88654ff855bf433388,2017-02-07
92448c700c5faeacccaf77cd0f5ebc68,38dc87a85851d46f01b2ee876aa3c0f1,delivered,2018-03-23 17:04:51,2018-03-23 17:28:44,2018-03-26 23:19:29,2018-03-28 18:12:26,2018-04-05,e65e6159c5cfea9bd5aa393b49b02ee6,2018-03-23
55171604d89792c3bb7c4590b9d1612f,e705e099e9e08d5b78c6416381dd0728,delivered,2017-05-18 21:05:48,2017-05-18 21:15:19,2017-05-19 15:18:13,2017-05-24 11:43:22,2017-06-12,a9004f180c4a46d9bbf6790a2fc2a3be,2017-05-18
715645f32042763c55a177d5460e0c38,0ff311b8f13804a95afa54e23c1cfb02,delivered,2017-04-24 20:41:52,2017-04-25 20:50:19,2017-04-27 08:04:34,2017-05-15 14:14:25,2017-05-17,f0daba1cfcc18d5a3229e1a911313e3e,2017-04-24
a9b311c40f94f95a3986f19da32f2fea,4de97c911695ae3baa90323cfb2a47f0,delivered,2018-08-19 15:53:44,2018-08-20 12:15:11,2018-08-22 14:55:00,2018-08-23 21:45:45,2018-08-27,158feb30d8bcf7146f89b4d7ffeed53b,2018-08-19
1b0eaf74d5b9166e7e9dc0b39be862a8,00b9f074bf913ebcb8e7b9d7f8398782,delivered,2017-08-01 10:04:35,2017-08-01 10:15:22,2017-08-09 18:17:59,2017-08-14 11:58:00,2017-08-25,5608c8ba4ec9e036b755a199c5fd51ef,2017-08-01
0c0a67b96b88d50a44c1cf028cda65a5,2b7ad07995895014a1e35e4edd819807,delivered,2018-04-20 14:47:04,2018-04-24 18:14:52,2018-04-25 00:41:24,2018-05-03 18:16:34,2018-05-10,0e8100747fa59162459d25cd3f346950,2018-04-20
366b94daa22781675a0ffffbcbd517a9,e3b2363f99d58cd6fe161ffe0ee40a95,delivered,2018-02-24 16:23:28,2018-02-24 16:30:55,2018-02-26 23:37:25,2018-03-06 18:11:38,2018-03-16,5cfeedd15a7c79f117a1a2cc2451cb4a,2018-02-24
0a703303bdedfaa80afd4eb17280f2d1,dcb8f21123cad1d422278ea28a1a8a20,delivered,2018-01-15 14:03:31,2018-01-15 14:15:23,2018-01-16 17:21:48,2018-01-28 14:27:39,2018-02-08,4e722092cdd72c0e41544b0336ca07d0,2018-01-15
69e9d8330e77c15cc54c8a1b341acaaa,2ae43c16840ea839503913694d662009,delivered,2017-06-23 20:19:48,2017-06-27 03:45:18,2017-06-30 17:22:05,2017-07-04 16:23:44,2017-07-14,718fc1e5b375c220ec4e8a02a0274325,2017-06-23
7ae297a5353312db3c47746c3b1a8527,8b117077bfcf3d5f2b425c8735d78a40,delivered,2017-11-28 19:55:45,2017-11-28 20:15:37,2017-12-01 00:46:49,2017-12-05 15:42:45,2017-12-27,628de0a99848d1183cf4bf262aebce70,2017-11-28
c1387d81aa7018f9ecca06376610696d,16846c0ee6a2640da8e6a0dfe8bd2f19,delivered,2018-04-25 00:04:18,2018-04-25 00:31:38,2018-04-26 11:06:00,2018-05-10 17:18:44,2018-05-21,ad385af4615ac332883f5ebe8c18ebc3,2018-04-25
f94a0d648c163f130c9d36d4ba790dfe,7d8720ec0025097d77c1df010b3415f8,delivered,2017-04-08 18:40:05,2017-04-08 18:55:16,2017-04-17 17:28:15,2017-05-09 20:41:55,2017-05-29,19554efc0e1db11be074dff16548d6ab,2017-04-08
f4e4e886a056bb9c7ed4a19c013a833d,509f2373dc9012e0d1071be02210a492,delivered,2018-05-03 16:05:40,2018-05-03 16:29:23,2018-05-09 15:48:00,2018-05-15 22:42:00,2018-06-11,24df9ead2b870f4facd87f974c05a0fd,2018-05-03
866314550f6d7a55c82917d9b4463e1f,9009e9f0ac28d47bd18433d82aa028d6,delivered,2017-11-16 14:55:04,2017-11-18 02:31:11,2018-01-21 16:12:17,2018-01-25 19:38:35,2017-12-13,fb554546f4b290032e65366c8472a343,2017-11-16
ab2e05e6a9ef56ff80256898d3e015e6,9a6365913d478f7a1449b195d5d5757b,delivered,2018-04-01 22:26:33,2018-04-02 22:35:50,2018-04-06 20:04:44,2018-04-09 18:59:45,2018-04-12,6ff6f2913b97c58e8c0a4c96d8de6158,2018-04-01
a74773544b428f3d89597084120ec144,03472ebe287f85dc536f9de2241243cd,delivered,2018-05-16 17:25:19,2018-05-17 03:35:21,2018-05-17 17:00:00,2018-06-04 14:18:45,2018-06-14,ef9519a8a83c591e8355947250cf60fb,2018-05-16
78d1bb8db7414297b33c18163f8308ec,aaf8f07973765aa793625691d7cfc784,delivered,2017-08-16 11:04:16,2017-08-16 11:35:14,2017-08-16 18:14:55,2017-08-31 21:45:48,2017-09-12,ad54352c830408e693999986262550ef,2017-08-16
b094b88a36a6a907eb40730b9382cbb8,9337a18877ba0cf7c209c6081ff451ef,delivered,2017-03-10 08:49:56,2017-03-10 08:49:56,2017-03-10 10:22:06,2017-03-22 07:51:27,2017-03-31,666460795fb697dfbf23ad82315b2148,2017-03-10
006f7dfffe2d90809598e8f1972b829b,6031cd91d182925af3d38ae9590e5afa,delivered,2018-03-22 22:52:46,2018-03-22 23:07:23,2018-03-31 14:18:55,2018-04-05 19:18:35,2018-04-11,34acad212e30cd0d511be1034e2f9821,2018-03-22
32e4850514b64259da5068c747ace2c2,04c58599a7ad237021e07dcbb41da8c8,delivered,2017-03-06 11:48:20,2017-03-07 11:55:15,2017-03-14 05:28:01,2017-03-20 12:04:28,2017-03-31,5f37d46a8916fbfb4194f9c00e4761d5,2017-03-06
dc9f4cd231c11babfef316d35486eff4,d0201d40635bacac931a23211566d601,delivered,2018-08-15 19:32:10,2018-08-17 04:09:55,2018-08-17 15:32:00,2018-08-28 17:26:42,2018-09-05,91cf1d46a75f42788fedaa026a62de7a,2018-08-15
8f7d470b019f3b33a814cf048df30370,9885e4e630af4b7352e0a32a7a05bb21,delivered,2018-04-02 08:11:30,2018-04-02 08:29:16,2018-04-04 00:22:15,2018-04-23 16:03:37,2018-04-26,18ad83ef564d74c175c9c3449041738f,2018-04-02
4dc9fa4d82f350eec3ffcb4d82a3a3c7,653f04914c016bf9958458f9dd05ddd6,delivered,2018-03-22 11:47:18,2018-03-23 02:15:46,2018-04-09 21:28:35,2018-04-11 13:25:40,2018-04-19,1d836478690eafcf2a72f010445388f6,2018-03-22
b316c449e8b0f35e4766fcb0583fcb20,5f2c12cf37ffc577d7e7a30b93d160d9,delivered,2018-03-31 14:53:08,2018-04-02 15:32:47,2018-04-03 18:33:24,2018-04-16 18:48:24,2018-04-23,4cb80a4272079b0446f264af42cd0bc9,2018-03-31
48a2f7e1d2c08321278f947050d5a1d4,bb68bae4ec9b0b46b26e003f01459c0e,delivered,2017-12-27 16:56:51,2017-12-27 17:48:15,2017-12-28 22:17:48,2018-01-19 18:39:42,2018-01-31,e89fbd052753db1a68764b648fa5e0b8,2017-12-27
4bcd0329b76295d8f76bf2c18e12f6e7,5cd6552dff79afa05c9e886a280e4841,delivered,2017-02-28 21:44:19,2017-03-01 21:35:21,2017-03-02 11:09:49,2017-03-09 08:05:31,2017-03-20,ba9d384e5965483393ac137b3fe64b81,2017-02-28
c7438281bce4bf95f7827823d61969fd,7c2eb5a7c145409f56a018c3971d2a12,delivered,2017-06-09 17:21:30,2017-06-09 17:35:22,2017-06-12 13:52:41,2017-06-19 20:50:33,2017-07-06,9ee9720bfbcd3618785ad0353fb1a289,2017-06-09
0c021596b865eb54c02ad64bf7d55aea,407b735b2eaad546c9f7c2eb72b1538d,delivered,2017-10-04 00:03:23,2017-10-05 03:07:14,2017-10-05 19:03:45,2017-10-14 00:50:00,2017-10-26,b91add0cf526e3af1deb10619aff244f,2017-10-04
9c9a1d9b53c328e1bbb1f0c2c5410257,4ed3708020c892c07d400b298a09bbd6,delivered,2017-11-24 17:25:35,2017-11-24 20:56:03,2017-11-27 23:29:32,2017-12-02 01:24:58,2017-12-21,d9a2eaabcf3dc83784f91e6559cbb15b,2017-11-24
a4714070c2ecaca755290f99b0726878,73395602f51bf2b5aa514a888a54bda7,delivered,2017-09-01 18:21:43,2017-09-05 04:35:22,2017-09-06 13:12:39,2017-09-11 22:36:24,2017-09-21,318894746180231f5bb61ec807845ba7,2017-09-01
cb2d145548d845658f63dfb206e19501,b302a3a811c3bf99bd9277343384da54,delivered,2017-12-17 11:05:04,2017-12-17 11:15:38,2017-12-18 19:59:01,2018-01-03 16:34:21,2018-01-16,a88b6bb3f5ecb398373b2b5399ab0d97,2017-12-17
bcabcd838e530b0fcbe8c2fa2d1073b7,e638f067a831554289fcb4b7b1316cd0,delivered,2018-01-05 16:41:01,2018-01-09 07:24:56,2018-01-11 21:59:10,2018-01-23 17:05:54,2018-02-09,c7687d27efbdf464a90d599ce01739a2,2018-01-05
da0f627d7b76d59598f9b85b3745d2f3,4d313f0a196a0609636b0d0fb5f531d6,delivered,2017-10-06 22:07:45,2017-10-06 22:24:19,2017-10-20 18:17:57,2017-10-26 19:52:36,2017-11-03,6e6460ae5ab316de515d851d21c542d3,2017-10-06
96fbf81fa0815632ed37610e1ab103b6,4c30b8d32ec9e6a0eeb71301e2403031,delivered,2017-07-07 18:15:56,2017-07-07 18:30:07,2017-07-12 20:43:25,2017-07-24 21:03:32,2017-08-07,41af9171801ce57a0776ce98f7f98529,2017-07-07
320663ce04c21d3c2df2e5097f90695a,8ba8dede2ae41568b572c86c79f3a5bd,delivered,2018-04-14 09:40:37,2018-04-14 09:52:13,2018-04-30 14:07:00,2018-05-03 13:08:41,2018-05-11,c7c552ba8ac0a78286b626557a7fd306,2018-04-14
1f7c1b144b5b6d0a4339bd2e7ce499ac,00380c010de38d578d02117f6d0b88e7,delivered,2018-02-28 11:10:46,2018-03-01 02:48:57,2018-03-01 22:39:18,2018-03-12 17:03:57,2018-03-23,32ea836b21bcefba824d2b279bc42e53,2018-02-28
b4903df9dcac3f7fd8d2625c04133301,3c29911ef9e51085789612972afb53a5,delivered,2018-02-16 11:15:10,2018-02-16 11:30:38,2018-02-22 01:41:56,2018-03-08 17:04:55,2018-03-15,d15e779e0cada24b4d0739b9ae902b53,2018-02-16
76fe90b7376fab4bbce87be140c970f1,46071acaf5b9ea238098f75f32c7fb93,delivered,2018-04-16 17:55:25,2018-04-16 19:11:50,2018-04-18 11:54:29,2018-04-30 16:34:43,2018-05-09,29c9de8d2ffc5e76fe6b0e4a43da3f1f,2018-04-16
9893da51f6d1ad5bf15a1756e3b8c9b3,b262a7f72e882fb982f33f58c88dfba1,delivered,2018-05-08 16:04:28,2018-05-08 16:18:17,2018-05-09 17:50:00,2018-05-14 14:41:59,2018-06-06,e5709ee390f95afdf62147bf3941fd32,2018-05-08
3cbf16b8242e78d602909f15aaac29eb,1e0672cd29c269baa883be37f80b14b8,delivered,2018-06-03 20:09:21,2018-06-03 20:31:21,2018-06-04 14:17:00,2018-06-15 22:21:46,2018-07-11,6d9ccbd8cc7ce34491c34c7ce5d03767,2018-06-03
808a117545d27f5c0ea7cad158f70600,6899257ef9335343fd6eaa0daa8c52a8,delivered,2018-07-29 12:54:54,2018-07-30 19:32:09,2018-07-31 14:07:00,2018-08-06 21:38:35,2018-08-16,1a2acc314942f27ddcbcd83d86197293,2018-07-29
6abfbfca6fe988d700c523b016c31838,91b3c3fbfcdbb9ad5a9f72324b8e4a9a,delivered,2017-12-07 12:13:59,2017-12-07 15:21:45,2017-12-12 01:48:49,2018-01-10 23:17:28,2018-01-04,97ccf3e2a22c7979dc99e3cad4e0326c,2017-12-07
43d640d9d8add3920e35acc0d8ca9411,a1cdd0992516e0e8a9c90b38965b47fe,delivered,2017-11-21 18:31:03,2017-11-21 18:39:31,2017-11-22 18:38:55,2017-11-29 01:36:59,2017-12-13,e602f17b276b90a8766bd196b3590c11,2017-11-21
e09e4bef485e6c09fef604841cbe5780,a1200a55004c545746c06d9de46d7901,shipped,2017-11-20 11:47:07,2017-11-22 02:48:26,2017-11-24 20:32:31,,2017-12-12,96873413b3320e573181f8561c61c2b4,2017-11-20
87419a86fe457c6ff665b6d0b41f7c7a,9ddd0b718d81e4b7cdba9b5d47653f91,delivered,2018-07-12 19:28:50,2018-07-14 02:45:09,2018-07-16 13:29:00,2018-07-23 08:22:34,2018-08-08,0a558d0bb58bd4bfb80b9dcaeb56203d,2018-07-12
28a6deb28d6d4f156d94669fcb9ca8ce,af68286365f11f7af92d52031b8a2a57,delivered,2017-10-06 22:55:45,2017-10-10 04:14:28,2017-10-24 19:03:21,2017-11-01 22:28:05,2017-10-30,1d31f16684f46f5b1b652aa2a3c4fa7d,2017-10-06
c289e5c187ac5cff9d78eba42f7058b4,bb8b969441c3fd43246a4c244f5ce233,delivered,2018-05-09 15:57:41,2018-05-10 11:36:42,2018-05-11 14:53:00,2018-06-09 15:24:42,2018-06-08,f71f711f287055ea2c1311e4cee9310c,2018-05-09
6e3a1f3ec46461756c3f620e267aa1b8,84ff1c605abdcecfd44ff1a0a9f0bb77,delivered,2017-11-21 11:50:23,2017-11-21 12:31:31,2017-11-24 19:06:47,2018-03-07 20:09:25,2017-12-12,7fb41a4469f5c4350698682d6aa0f06f,2017-11-21
c729815f323f20bb9e5588021a97bf54,557f70dad14918337f244683541f5f4a,delivered,2018-04-15 10:17:36,2018-04-15 10:30:53,2018-04-16 22:51:18,2018-04-18 14:52:02,2018-04-30,b6f7232a8dc9c942cba1dc44853ad2e2,2018-04-15
0b16fcb0e3133c83e8c82ed7bd6ccb1b,89f7508dce8638dd195717c747ab4f5c,delivered,2017-04-11 15:27:37,2017-04-11 15:42:32,2017-04-12 16:34:22,2017-04-17 09:18:00,2017-05-15,c918631679a3a32965e24ad890388aa5,2017-04-11
57e06a3fd62185918d634d2ea59aba69,dbe4400709145b814e268af602fde11c,delivered,2018-02-17 19:57:21,2018-02-20 07:07:13,2018-02-21 23:03:49,2018-02-26 23:42:50,2018-03-09,8060b739d5352b0c9f28cf8ddeb3317d,2018-02-17
16a10c94dc005b8e19195327eb853b21,9e5dc8df72aa76b7d2cf26f4e549466c,delivered,2018-04-20 19:47:03,2018-04-24 19:06:49,2018-04-23 22:11:37,2018-05-16 14:20:42,2018-05-10,141902ce86bbe8dab919938119c54f1b,2018-04-20
b9bc2a018009031c8df0fc7bc1b0f1d1,5627927d535db82b7807764c725c3e56,delivered,2018-01-07 15:09:06,2018-01-07 15:27:12,2018-01-12 20:59:49,2018-01-17 18:13:54,2018-02-06,d011e9ac849064cf42343fbee66b410b,2018-01-07
7a72862f08ad9a6b9debda8e2a65d762,49269e49bdad7f64f75afaf5939326c2,delivered,2017-03-10 19:47:34,2017-03-10 19:47:34,2017-03-15 07:32:12,2017-03-29 12:57:35,2017-04-18,2a868fee78151c23540d4ecec8560e98,2017-03-10
be6ead609261c3b92ba37751219cdb45,36cfd66391c517ba41486ff865a4d356,delivered,2017-03-19 15:42:48,2017-03-19 15:42:48,2017-03-29 13:59:48,2017-04-03 15:09:23,2017-04-10,858358c67144ec94205da965f1494ac6,2017-03-19
ddfe2c774073d06b98ebad44770595a8,7b295103d46391559a2503168492f842,delivered,2017-12-27 19:06:35,2017-12-27 19:17:24,2017-12-28 17:17:04,2018-01-03 21:37:05,2018-01-16,248763bf9c33b44a51980279dcd20656,2017-12-27
f03ccc35dd341e035efa0ca47c83cf10,744d01ca128476ca3fa04dff32ad2244,delivered,2018-02-14 21:13:52,2018-02-14 21:25:23,2018-03-05 22:13:57,2018-03-23 19:06:26,2018-03-08,7af87661a92c6dd8347715433698be80,2018-02-14
8d5250d8f8c1f5ed47bba1b623161386,415b4b7ba1bcade56337ae58afac0b9c,delivered,2017-06-13 21:51:48,2017-06-13 22:05:23,2017-06-16 11:44:40,2017-06-23 11:02:49,2017-07-05,2e91962621989ec97198ac27456145fa,2017-06-13
c348b5c61b62673ad4d11a8564de5742,8230ccd8e8cb4f70a4f4f1ecf46ad0b8,delivered,2017-06-07 21:58:31,2017-06-07 22:05:14,2017-06-14 09:00:04,2017-07-25 19:39:29,2017-07-14,801c6422b91c506e363cbd4f3fb24099,2017-06-07
1759a74e11bef0a81720d730ffafdfaf,e8f78b7883f7712e1d0fb7a2f59fc38a,delivered,2017-08-14 08:05:48,2017-08-15 06:44:03,2017-08-17 10:39:54,2017-08-30 23:43:32,2017-09-05,73269524708916d11bb873c7275e3b33,2017-08-14
d2ebecd13598667c0e664cf7c3eace01,f59d1a0dc2219d4bdb4fc23f0d1d3c07,delivered,2018-02-02 09:45:56,2018-02-03 09:51:51,2018-02-05 18:28:59,2018-02-24 14:48:54,2018-02-26,dbe1f72423b35ecd39ebd4170bed945c,2018-02-02
8efd19a2f9ba6e65f7061e74df5d337e,1185b68a3d66e11b65614f4112dadfa0,delivered,2018-07-30 10:52:31,2018-07-30 18:31:03,2018-07-31 14:14:00,2018-08-13 18:41:51,2018-09-13,8ac9e177f99800970ef9e27a96c7962b,2018-07-30
559609410c90dc1792181a5f260a6600,7534d8ce1242e3de5f26e17eb929591e,delivered,2017-10-12 23:10:36,2017-10-14 03:27:44,2017-10-16 20:56:36,2017-10-23 21:32:46,2017-10-31,90440caa56344fa5fec1a818a327307e,2017-10-12
3a6a2dc663f0fb80336d420f85643ec2,9d253e13449c5e9a947624ac8904b1e4,delivered,2017-07-17 14:30:08,2017-07-17 14:45:27,2017-07-18 15:36:09,2017-07-19 16:21:49,2017-07-28,88d1bf70ec79c1649769d6ef5c1dbfa0,2017-07-17
b390755d66d3ef7697796139c14782e3,aa79a2362592a54446b3ec3821f88924,delivered,2017-11-25 13:12:09,2017-11-27 20:17:06,2017-11-29 17:21:55,2017-11-30 21:37:47,2017-12-11,861eacb5ba040554b10b52a1456e3b32,2017-11-25
bcaa2ea71bcbe06f4cab5fe30f997f93,1b1e45dac48738c73df1da3be957fb4c,delivered,2018-07-27 21:34:38,2018-07-31 04:05:39,2018-08-01 12:02:00,2018-08-02 21:04:07,2018-08-06,6a0f1df8b6e7073a864df1d15d55ea8e,2018-07-27
95ac7877d664b64345e78a8ff3003730,27056b7474812bc0627c6490b5ab5a0b,delivered,2017-12-29 23:25:53,2017-12-29 23:36:29,2018-01-02 14:59:31,2018-01-10 13:22:50,2018-01-29,214a7ab28ddecfeeca93b2a8550ba1aa,2017-12-29
f92d5bedc0cb67f0b4fb723b39af6a46,3505b6b5d1e198e50fcae66089393ffd,delivered,2017-10-02 08:24:12,2017-10-02 08:35:11,2017-10-02 18:25:43,2017-10-07 00:03:49,2017-10-30,52fc783c029911295155492353866f9a,2017-10-02
85b65cf0a36d51265b279d78117ea65e,72e7b1a8c79c9f535652bd2515b77781,delivered,2017-10-19 22:35:48,2017-10-20 13:14:54,2017-11-10 20:28:33,2017-11-20 16:58:27,2017-11-14,b9d8cc4f4985788a80e757402dfa5514,2017-10-19
ea3f0b4b84bd9df5f7834495b1f11d07,b56fb5bdd820186f5b40b19337280927,delivered,2018-04-30 19:04:12,2018-05-01 02:36:43,2018-05-07 15:03:00,2018-05-11 19:22:33,2018-05-23,f8fe45798e3231a7deea8a816a2c7d8f,2018-04-30
6c9f4896350c87c2f785b1b8be767748,fe9d20bab93bc661ba9037d5bde82cc4,shipped,2017-08-21 18:57:12,2017-08-22 04:27:11,2017-08-23 16:14:10,,2017-09-01,f3366ebc755091e690a6c17dc75de346,2017-08-21
5a39aece773a0e78a17451bff3221669,cfbab1d1ea176ef344000d4a6dddf436,delivered,2018-04-04 09:43:44,2018-04-04 09:55:18,2018-04-05 00:14:41,2018-04-09 22:06:55,2018-04-16,59d8903c3292b89e5ef2b375846477d0,2018-04-04
674d4392ff644f0fba9c04e010843951,eb562fef11da58b078feead2bfc91b47,delivered,2017-03-22 22:26:40,2017-03-24 01:35:58,2017-03-24 11:27:03,2017-03-28 12:38:07,2017-04-10,06220b4bd98044def9ac913508f523d8,2017-03-22
bc2149827312f8bf93254536f644c7fd,9d6ab27dacf959a69f6f1a3506667e12,delivered,2017-06-01 00:39:20,2017-06-01 01:35:20,2017-06-05 12:49:51,2017-06-19 14:51:50,2017-06-28,3f7c8578ddd84c4a8fd882c6e656f7ef,2017-06-01
7692d9058f8ce2c30f96713424aa3b12,a4b6059eac75d2743018ea813e47a8e2,delivered,2017-12-08 19:31:04,2017-12-08 19:52:21,2017-12-13 21:17:20,2017-12-21 23:41:59,2018-01-09,783e1612b23c1fc10f9cf9baf5910b82,2017-12-08
6415d4ce478df9002b52aab8158a1526,09760ab9f33a907e4b2a712ff12dc9a4,delivered,2018-06-12 22:03:01,2018-06-13 13:17:38,2018-06-13 13:41:00,2018-06-20 00:12:33,2018-06-29,a4d4057c1460d5495e92aeb8c8c743d3,2018-06-12
3dc4ddaa0680433039c690192fcf4eff,73f2156473202f6a5ae98e6720efad16,delivered,2017-09-17 23:18:59,2017-09-17 23:30:15,2017-09-20 14:25:30,2017-10-09 23:18:31,2017-10-13,44ceba8bbe7d52f2791ef009261cbe3e,2017-09-17
f409f5ae35c08a9135d9e5d15ec6ab67,278d8ca725342a1f850e1ebbe341b052,delivered,2017-07-10 10:58:31,2017-07-10 11:10:10,2017-07-12 18:02:45,2017-07-14 16:32:17,2017-07-21,e9dde8681b9a6edddc49eb0fabad01f0,2017-07-10
7eed6f14f2c4d4696bae38c70dd523b2,3a2af5f4c23dff0cf1ddb8fc10e2ca8b,delivered,2018-05-06 22:09:49,2018-05-08 04:55:05,2018-05-08 13:08:00,2018-05-11 17:02:37,2018-06-01,78836ce3356205d3484b404fcb4441bf,2018-05-06
ca6a7dfbbaebac08df32693f6e6c95a1,28b0610006bb74a16c4ec12e9e404373,delivered,2018-05-21 14:47:03,2018-05-21 16:14:48,2018-05-24 07:25:00,2018-06-09 17:28:32,2018-06-06,ae67fbd5679dd903cfff0d9e0f8198c4,2018-05-21
fc932ff051a732fe72ff34bea8ae3d8a,b1bb6d770f0e70d1ae909809e3236538,delivered,2018-04-19 20:35:48,2018-04-19 20:51:19,2018-04-20 18:12:19,2018-05-02 15:51:56,2018-05-18,6172e2373fbb6cc2993d6677648ce2ce,2018-04-19
ab3a0535e202529923e53dfdadf8042e,cc92d7ce78bd5ddbaf12fac761c1a6ed,delivered,2018-04-26 09:59:50,2018-04-26 10:50:01,2018-04-26 12:54:00,2018-04-30 23:54:37,2018-05-10,8dc630bd7459952cad4618716320c24e,2018-04-26
91a31ae0b2ceeff70549db4b68d0a11e,a7e7ac71f48352503ff2a018aa31002d,delivered,2017-06-08 17:50:37,2017-06-09 02:42:40,2017-06-12 16:57:10,2017-07-10 11:08:56,2017-07-12,c01a9ddc8ac16b8c24c5a432a627c8e8,2017-06-08
296487514bc938361dae8cac848688ac,a13f6cf0d876947e0559f572d69e59f9,delivered,2017-04-17 10:11:29,2017-04-18 03:50:29,2017-04-24 07:58:38,2017-05-03 16:46:01,2017-05-17,5e2a5e8ba51f24c1e13f99720473fa0d,2017-04-17
01bae920aea13b891b50bc1543634a65,57a5790d63d19ab68c8eb882a24cff8e,delivered,2017-12-21 20:04:26,2017-12-21 20:14:24,2017-12-22 18:03:20,2017-12-26 20:09:59,2018-01-11,2dc7f51f05ba1b1a92608e45e55d1fe1,2017-12-21
40ec3ad4f08944421d76ad879ca56b64,0c41d3676a3676b647ac6a973f61badc,delivered,2018-07-02 11:33:57,2018-07-05 16:02:49,2018-07-04 14:31:00,2018-07-11 20:21:49,2018-07-27,fa59f018cfc7cfcdf9bcf562c8b97d93,2018-07-02
65a88c357350772e3940616ae4480140,7dbefc296bc3eff6103e48871bdd9806,delivered,2018-02-12 19:22:43,2018-02-14 17:47:31,2018-02-15 20:17:40,2018-02-26 23:39:10,2018-03-08,ba418dc2d4ae89f0ccd59a836ae1549a,2018-02-12
2b73cfa36a63e2ba82be54965d188a7e,1fa95848d4c53e7acff1f018e33fbe35,delivered,2018-08-19 12:31:08,2018-08-20 11:35:21,2018-08-24 14:13:00,2018-08-27 23:58:55,2018-08-28,f2bdab365ae574d86fdd9d90c8f5be66,2018-08-19
cb7f025ffb69a62e9cf843894bc7f89e,926b5881aa456b641318d43e6e5d5721,delivered,2017-08-18 13:02:00,2017-08-18 13:15:26,2017-08-24 17:48:30,2017-08-30 12:47:52,2017-09-14,8682047f148ebf261827618e5bf19d22,2017-08-18
07b9e5abd7254b1a85eb14ad3a1117e5,b503f68026d2399428f2e96529c73635,delivered,2017-10-09 08:10:30,2017-10-09 08:23:28,2017-10-10 23:12:51,2017-10-19 21:26:57,2017-10-25,1b7f6f9b99184256cc36994b531453fd,2017-10-09
1809db5bed27550212ca3903b72bc175,7edcd103e0782177badf74dee2b18125,delivered,2018-01-06 00:32:36,2018-01-06 01:07:41,2018-01-10 17:48:48,2018-01-15 17:05:42,2018-01-24,23e38c831464ff59f1b93adb63cfcfc2,2018-01-06
c815d1d87223385853b773269bf3410e,6e6e5580d0964735e8d947787a009ab5,delivered,2018-03-24 22:24:35,2018-03-25 11:47:39,2018-03-26 20:54:25,2018-04-10 21:19:20,2018-04-23,2e13c4615dc5f987f5f11007a187359d,2018-03-24
59690ecbdac87cae29f8959cc4233c47,6bccf45b4f9cbb8829d388a337757a61,delivered,2018-07-16 15:00:42,2018-07-16 15:15:18,2018-07-17 15:11:00,2018-07-24 16:36:50,2018-08-07,6166205d7b95ab0f934bf03b34d8af9a,2018-07-16
6753ca1ed484341d2218aaa7ddc18e20,c0bad02ae7be51513d345ab98387181e,delivered,2018-08-06 16:24:14,2018-08-06 16:35:27,2018-08-07 15:24:00,2018-08-09 16:13:49,2018-08-13,ec4ea66c2d786c77be7966902b3f8290,2018-08-06
c1d50cc9e54ae4ea935717337e55d269,1b6cec570b25e346e862d1e30a8d652d,delivered,2018-04-06 20:36:58,2018-04-06 20:49:07,2018-04-10 18:22:39,2018-04-11 19:41:41,2018-04-24,4285e66f358dc4ec4bdc5455e0e4ac5c,2018-04-06
985a676d446985001ace3f3768cfbf38,2826a6f29895419047cad89d00f60ee3,delivered,2017-08-28 17:00:15,2017-08-28 17:15:16,2017-09-05 15:55:58,2017-09-14 19:37:39,2017-09-18,06d90fc382032e65855a394a7fd39ce1,2017-08-28
0049edf42837aa808e03552a62bd2158,0f3a6d2c22bbdb61d02eb98f4a1e0dfb,delivered,2017-12-30 12:33:26,2017-12-30 12:48:10,2018-01-04 22:38:07,2018-01-30 22:18:47,2018-02-01,c5cc879614b6acdf5b62db3edd062e81,2017-12-30
e840776569b2a5eff2a4ca6bc5be8ad0,7cf817dc137efeda5ed617066b719d73,delivered,2017-11-01 12:14:19,2017-11-02 02:26:46,2017-11-03 20:25:09,2017-11-06 13:09:31,2017-11-14,ca59f10d5962ce3f6f7c524f118f5aa3,2017-11-01
d15e0fd391d14c714d025a4824bf068f,30df451d935bb7c4cfa51cc22ee28e5c,delivered,2017-05-07 11:08:09,2017-05-08 17:30:19,2017-05-12 19:36:09,2017-05-30 09:30:17,2017-06-27,c0955a0a7cd0cbaf66ee32b50d136132,2017-05-07
489db951401825ce7d66665e5b5108bf,39747a75c12f4c803a205a1625fdf7ef,delivered,2017-08-02 19:15:07,2017-08-02 19:25:21,2017-08-03 18:33:33,2017-08-04 20:26:54,2017-08-22,b56105b59a417275e17fde4a8176f3c3,2017-08-02
b095ce1bfaa02fb7b9e58c39b30c4ae3,ad55d9bcb0f228522867e22a73cbb7ec,delivered,2018-08-24 12:02:28,2018-08-24 12:15:15,2018-08-27 11:14:00,2018-08-30 19:59:29,2018-09-13,d1baafbe29a07840ecd0fdd648965d9b,2018-08-24
4ac0414dab9b48f0b168bb305b85df12,4d6427b10700b00dbebc5643bb630631,delivered,2017-02-11 22:03:11,2017-02-11 22:15:08,2017-02-17 12:42:29,2017-02-23 13:49:03,2017-03-16,d2239c715d9cdf6cdab5ff4faf52a016,2017-02-11
65cec19435e12006a71190074e5eec64,4976fde8780b872a33fbf0b771756ea1,delivered,2017-08-16 10:13:57,2017-08-16 10:30:15,2017-08-22 21:25:35,2017-08-31 20:12:10,2017-09-15,daf5439ad0693ccbe6f840fc7699721e,2017-08-16
7730eaa5fa3eb4915f5cee586504ced9,f004aea092c969902918abefb0f119cf,delivered,2018-03-17 14:10:20,2018-03-17 14:28:30,2018-03-20 17:04:51,2018-04-16 23:14:23,2018-04-06,6918a82aeb3180e943eac43a1e2b3e03,2018-03-17
f46d8920524f004a5819d1e715715135,51dbbdaba8a7400b68c2c44be069b5ce,delivered,2017-07-10 09:30:27,2017-07-12 02:10:35,2017-07-14 13:33:40,2017-07-22 13:29:34,2017-08-07,62bad9a1bb0e66d97d1ec173cf406f23,2017-07-10
76ee52772850236ff2a3b3a6b32f1cfe,3d4a22b0d2191f033ffe083fa365e051,delivered,2017-05-10 22:44:23,2017-05-12 02:50:17,2017-05-17 14:58:39,2017-05-24 07:07:42,2017-05-30,84458bbb7df85664ecfd7092b5f0b75f,2017-05-10
b0108048de2b5125e5d31e6f6f2e2229,5f6ba29e61a7490f485a5d6d93710f5e,delivered,2018-01-11 19:22:37,2018-01-11 19:33:27,2018-01-12 21:26:55,2018-01-31 12:52:24,2018-02-01,8ed3eba2d3f60776d559b6d704748b18,2018-01-11
fec086a14f64723dead262e2bfba3284,90c561d8222ed24ce3e23902f137a520,delivered,2018-06-12 10:41:26,2018-06-12 11:00:39,2018-06-13 14:13:00,2018-06-21 17:28:50,2018-07-12,a145a39eeab9e6a1a8df16c199a0f8d9,2018-06-12
bafb684404bd59635ed1f02e09058779,67e9e9957d48219a70259073642bf4f7,delivered,2018-07-04 11:56:27,2018-07-05 16:33:22,2018-07-05 13:56:00,2018-07-06 13:18:40,2018-07-19,bb5a53763c3cd651d6d68e265252aae7,2018-07-04
4ebbbd231e136e72a341eb57a1d74159,f2b2630bceb7c033a4bd84433622b4ec,delivered,2018-01-14 21:42:27,2018-01-14 21:54:21,2018-01-16 13:53:57,2018-01-18 21:11:40,2018-01-30,ed14c914fb7b1a6077b79889275f99b3,2018-01-14
6f11c30244bc873b633797dd9ea4fced,bda345090d1226af66db42a1a81ceb5a,delivered,2018-07-18 00:53:09,2018-07-18 01:05:06,2018-07-20 14:42:00,2018-07-23 19:18:46,2018-08-03,f292bb213af6a3a5046c535db18287d1,2018-07-18
3ad5e6d4c7320ce8a70ed122d2f6d98d,0fb13a21930d1132a9830fce7647222d,delivered,2017-08-21 10:21:18,2017-08-21 10:30:16,2017-08-22 21:34:27,2017-08-23 20:45:53,2017-09-01,caa3d56b7a6777daaa2793053bdf2309,2017-08-21
e80fd26aab8a13c526a26b51e6e337a2,365f59acfd69dc1ca68ba1da9098670b,delivered,2018-05-19 17:41:21,2018-05-19 17:55:13,2018-05-21 15:47:00,2018-06-08 15:49:32,2018-06-18,bd37f5c5515fe03e44eb124320827f09,2018-05-19
7a962b095b0922e93689020736751c96,d96140c44255848ccd51cfa9c25eafea,delivered,2017-05-29 13:42:42,2017-05-29 13:55:09,2017-05-31 11:32:46,2017-06-14 10:02:45,2017-06-27,6500f6444726a67b5e717d3fb6b60f92,2017-05-29
aec77276e0dacfea29f58e0908b46e21,5a9d3c4872061027501d59e521a4a65d,delivered,2018-01-04 10:06:33,2018-01-04 10:17:21,2018-01-17 01:38:51,2018-02-02 19:24:36,2018-02-05,fc5ece674dd332ce15465d90145735f6,2018-01-04
f66e426969e5222705447c43b5550df2,8d3d4426138644f3d53a357d2c197a5b,delivered,2018-02-28 19:53:11,2018-03-01 02:49:17,2018-03-01 21:18:04,2018-03-20 03:07:37,2018-03-29,4e27c652dc3f90129050faa5483569bf,2018-02-28
4569b648054760495d7fd67996def81c,c6cfaa95f28c055677c5a0a114f03b33,delivered,2018-08-01 15:01:52,2018-08-01 15:40:08,2018-08-03 13:23:00,2018-08-07 21:32:09,2018-08-23,d759dbfdebbd3ce9d7d28f6f383105e2,2018-08-01
6ad336dba0613cde0e5717f50dc8c669,f6dd94c82d8cf048ef7b4df3ed7a12f7,canceled,2018-01-25 17:18:26,2018-01-25 18:12:14,2018-01-26 20:12:58,,2018-02-23,10246c1deb72f0dac263516219a06bd4,2018-01-25
6a84c0dc9f5ad55bac8d9847b9556719,49a1d87f4c2d121dd5b5a210ce6624a9,delivered,2018-04-13 17:38:03,2018-04-13 17:52:28,2018-04-17 01:03:03,2018-04-27 01:22:51,2018-05-23,6497524b55cbe8996aa46912e3614290,2018-04-13
b0b822b0f9346fb153a23ab0ac5214ff,68d67a1f9155f67a999de845a292ce20,delivered,2018-05-15 08:31:26,2018-05-15 08:52:59,2018-05-15 14:58:00,2018-05-19 17:32:26,2018-06-01,ea5bca346ed8b948d6ac23fd0bbbdaaf,2018-05-15
0538bda829ac14e64a201dc84fb1ba3b,84cb4824ee3f6d0c24b60d12a8e5bd00,shipped,2018-05-18 23:21:25,2018-05-21 18:35:58,2018-06-06 14:10:00,,2018-06-25,be7dbe5ffc6f17e2b76ad573398bb93c,2018-05-18
a1a050fa8f13181f869673b817ba74dc,b4541b36b7f3c92eb43d7d5513620944,delivered,2018-02-09 08:25:41,2018-02-09 08:49:05,2018-02-09 18:42:04,2018-02-14 16:52:14,2018-02-23,6e5c1595c70cce390043f9882b112834,2018-02-09
35ebb30703c580bffd812a097d59945b,8408e681a402ac6ec22c05ec6ca386f6,delivered,2017-06-04 21:52:01,2017-06-04 22:02:26,2017-06-05 14:13:59,2017-06-26 14:27:57,2017-06-28,d539271585519e0af2c71b285e3525ff,2017-06-04
eaba8cf4dd6f90ba47035084624f5da0,31f1355f8fb5f71f4a9526d0fbdc69a8,delivered,2018-02-04 18:13:05,2018-02-04 18:29:44,2018-02-06 20:59:00,2018-02-14 16:23:39,2018-03-02,5c77cca292d68963bbd2b5f8aeb8ec0d,2018-02-04
f57f7dbab452c458aa02f002370f6501,089db23fc85c2ac8679643bdff1f7654,delivered,2017-10-06 12:54:34,2017-10-08 07:35:38,2017-10-09 21:43:31,2017-10-11 23:51:35,2017-10-30,ba4f8dd9bcf41f6ac93bb8bdbf87a0c3,2017-10-06
fe1a4e86595ca403c258c586e8fd99c4,e05fe625a8717639ef689568e9971a36,delivered,2018-08-17 01:04:15,2018-08-18 18:55:10,2018-08-21 15:30:00,2018-08-27 20:05:31,2018-08-31,180ce6c4e74b5e16c027958bf2241881,2018-08-17
615774e695ab140dcb5e1c0aeb15b9cc,f8260ac0cb6df254a4c7ec7dd62a3aaa,delivered,2018-02-26 09:32:34,2018-02-26 09:50:13,2018-03-09 22:21:16,2018-03-16 14:41:05,2018-03-28,ad1d97ae7b11b3578425bce235b34058,2018-02-26
d800296ed7f572eaa43c580857d3674d,71b06680c1a73b4477a3a43863284cb5,delivered,2017-10-06 17:32:43,2017-10-06 17:49:16,2017-10-23 18:21:31,2017-11-03 12:48:07,2017-11-07,9089f3d032c44d092d8de15a28de55f0,2017-10-06
21c03a286e71d3afc682942e4c8eb2bf,4c188e7804452934753b45b54f5d2bb0,delivered,2018-01-06 12:38:44,2018-01-06 12:47:22,2018-01-09 22:10:41,2018-01-22 23:09:03,2018-02-06,1dd6de4475b080a041f5cf46dc577bcd,2018-01-06
28ec57c2ba11d394a43df3a4846055b6,4d49b718c66c129a5c769fcf693a9509,delivered,2017-07-05 21:30:56,2017-07-06 16:55:23,2017-07-07 18:42:24,2017-07-17 20:44:06,2017-07-27,79d64050de51f4f2c5280e88ba96c864,2017-07-05
cd0a8ee2798421842887f1233ecfe6ca,e4c3544a0f9071ef6f98c367d2e9e155,delivered,2017-12-04 21:44:30,2017-12-05 08:41:20,2017-12-11 20:04:14,2017-12-20 20:18:12,2017-12-27,e4400f94d5681c28d597b31d96b070bf,2017-12-04
7feb0201e5b3afef04792d32b483cc17,1ee4ffefe39f642db2fc25a2095b598a,delivered,2017-09-28 14:14:37,2017-09-28 14:28:20,2017-09-29 17:19:02,2017-10-23 16:32:37,2017-10-25,2b396aaaa02866a6942f7d6e1c3bf654,2017-09-28
8892506050e280253a0a9616a313731a,505d085a8a78a493b0b1fd4a95d43fd1,delivered,2018-06-09 17:56:49,2018-06-09 18:19:03,2018-06-11 15:47:00,2018-06-26 22:21:41,2018-07-20,8b907da6d23557e44288b22bbbd58c36,2018-06-09
cd992cc5337c4438ddb8858f4cb7dc50,79e127d6aaa58c519d5282a80e43a84c,delivered,2017-06-16 17:30:04,2017-06-16 17:45:11,2017-06-19 15:07:51,2017-06-27 18:23:41,2017-07-11,34149b6095721ecf9a7f75c89a02e2c4,2017-06-16
f16ffb0adaf293c11fafb51770e1202f,bc7adb2652f930cc308c2f92f59d6894,delivered,2017-07-08 13:17:04,2017-07-08 13:30:16,2017-07-14 19:36:54,2017-07-28 19:22:11,2017-08-01,5f7e405b4198359d59deab3fb107adba,2017-07-08
714116faf20798923fc240671c0032a9,383f73c1e337479527aee5263f415639,delivered,2017-11-21 11:57:16,2017-11-21 12:31:32,2017-11-22 22:31:48,2017-12-07 01:17:01,2017-12-15,514d0edccea1e112e84554602ba861bb,2017-11-21
95dda89c1cb224cddb6c5e1d81d4666c,b34d56bfad36d98cb3defe73359c7dea,delivered,2018-08-05 18:31:30,2018-08-05 18:45:10,2018-08-06 17:19:00,2018-08-15 19:08:33,2018-08-28,785350657e82cd7e13ba1e6a82bb62ab,2018-08-05
040a4487d2c737f11caa0eafc5ba5cf5,fd44d124e2a3efe1398e5b4919b17413,delivered,2018-04-26 09:03:32,2018-04-26 09:15:11,2018-04-26 13:00:00,2018-05-03 16:58:43,2018-05-30,90e6d96b9838a8f9fdc7f89fb4325ad0,2018-04-26
a275bfdfd07b6503afeea57892d3976f,df2554dfedbe850dff2ae6c179fb21b2,delivered,2018-08-11 19:54:45,2018-08-12 19:50:08,2018-08-14 07:18:00,2018-08-20 19:51:52,2018-08-24,3b152015193072c3f233ae67497e90af,2018-08-11
878d8b6c3b9905f2eb5fe9d390c4c7db,2a9fdcc4458df62d3e9fb21f7d3d9fb8,delivered,2018-01-28 00:12:00,2018-01-30 04:31:07,2018-02-05 19:48:59,2018-03-02 17:41:52,2018-02-22,2ae3c67452283d5a0d30b32e0d33296e,2018-01-28
b5c409747f27801a2ef067fb50f8781a,a57399a75da30c725ae8f356c78f50e6,shipped,2018-03-01 18:19:28,2018-03-03 02:51:14,2018-03-09 15:38:34,,2018-04-17,3c1474106c6444ea34bb7297fa04e245,2018-03-01
bc6e9624c0238056251784cf956cd10d,622ecbc498c1acdcbdfb4411b78c6315,delivered,2018-06-25 11:51:15,2018-06-25 12:13:33,2018-06-25 15:14:00,2018-06-30 10:55:51,2018-07-20,5b7c20814ae74358529fcfed762106d5,2018-06-25
a79789405ef383b5e12d9f6f6979c793,490751997b36502ff05189bdefa093f2,delivered,2018-04-18 00:27:01,2018-04-18 00:35:41,2018-04-19 00:03:32,2018-04-26 22:33:07,2018-05-23,197912068e2a7a13dd81fdfc58369b5c,2018-04-18
711b60257ae1101653980689f190b6fe,ce187102c45754efa0d436f8157f01c7,delivered,2018-05-11 12:58:20,2018-05-15 05:14:48,2018-05-15 10:48:00,2018-06-06 19:56:54,2018-06-11,f67653b0aa459ad0d7d97c2ce305f764,2018-05-11
a515e33fab03f40fa9ceade70d3fd725,d61a3eb5ccd2513f6042d80147dba852,delivered,2018-01-22 18:17:58,2018-01-22 18:33:55,2018-01-23 21:07:00,2018-01-25 23:36:57,2018-02-06,f81a4ae9c373a9735efa5a6f1d4ed7cd,2018-01-22
ea012d24e4317506128e0c9e78719e64,e4e44118dd638a5cae0151e1831b14c4,delivered,2017-05-14 18:15:54,2017-05-14 18:30:12,2017-05-15 08:13:38,2017-05-23 14:22:05,2017-05-31,66ef0f6dcdc95b7e600de7636185ec99,2017-05-14
b646f4623174f3e9187b98335f3ff218,680471420f1895e5ecb013af27fbd82d,delivered,2017-10-12 20:46:42,2017-10-12 20:56:25,2017-10-13 21:33:41,2017-10-18 15:11:59,2017-10-31,b79bded2c5caf51766b398778a0ba871,2017-10-12
bd841dd9066badb2ee3dcf7dd6516523,7e2d670de215687b4602706b25db1ce0,delivered,2018-07-27 14:16:43,2018-07-27 14:30:17,2018-07-30 15:34:00,2018-08-02 21:43:00,2018-08-20,ea72adcc82baa6d9847c2b11a448213c,2018-07-27
eff6ddd66d634e3d04a7e43f0b064562,c025cbb5af87157b95b10ca2d57978d3,delivered,2018-08-22 11:13:09,2018-08-22 12:00:05,2018-08-22 14:12:00,2018-08-28 12:08:46,2018-09-14,7938014a27f5b340a0b4dc85e031ad36,2018-08-22
79d749678534d9a06ffda62f1bf68962,6a54eb959342f4cbfa495f36e66980c5,delivered,2018-01-11 11:40:54,2018-01-12 02:35:43,2018-01-16 14:25:17,2018-01-18 21:33:46,2018-01-29,2b19d12846e8c603e079006160b1cfa7,2018-01-11
13f747cacb95a747110cbb87bc2c75ce,9fd88b5e868210b0e4a9fed9889ea944,delivered,2017-12-13 14:31:01,2017-12-13 14:56:42,2017-12-21 20:37:05,2018-01-04 18:23:25,2018-01-16,a29a709c770157fc9e486f1c6f4a8c7d,2017-12-13
475884ab4a0fd44c36d533ce24ba64c7,556228709c357078e1b42f98e97fdd70,delivered,2018-07-30 18:03:39,2018-07-30 19:32:20,2018-08-01 15:24:00,2018-08-02 22:21:14,2018-08-03,e84e318fa505b77fd51fcc2b2a897f84,2018-07-30
635a1975ea58a2c4bf38ed733d7c9339,ec45a475aab53b94988fa324117b87bf,delivered,2018-05-09 22:55:03,2018-05-09 23:12:41,2018-05-16 13:01:00,2018-05-23 22:32:44,2018-06-25,bd88236f2cd9a0b0183c20d1772d2746,2018-05-09
1e2b94b476c8738fbc5aed69524f2da4,15377ad18854e02069af4900c8e4039f,delivered,2017-08-07 13:02:20,2017-08-07 13:15:20,2017-08-10 17:07:46,2017-08-24 21:33:36,2017-08-31,4338059435dc4de9f8f3ab662f62ab01,2017-08-07
c217421618d61140952073ad3800f7ff,39317384036c62ecfeda841cacc9b2d5,shipped,2018-03-30 12:53:07,2018-03-30 13:10:11,2018-04-03 10:55:20,,2018-04-18,b59f82b06ec676dfa1b9edb5c1fb7b43,2018-03-30
780501d599a0f944ab933f5609e358f7,eeeade8c6866086b08489b9258c9c0cf,delivered,2017-07-29 13:07:03,2017-07-29 13:23:23,2017-08-03 20:04:07,2017-08-04 18:17:29,2017-08-15,0ee19d798610829e56024c0523a3d33e,2017-07-29
d75463c2698dfcc155426c1a926ccd10,2ee3fe050533dc6bbf33b127a9fdf02b,delivered,2018-02-12 18:27:02,2018-02-12 18:35:31,2018-02-14 21:13:15,2018-03-01 17:47:04,2018-03-09,ca588f3e9ed460f5df0f003e7d6d6378,2018-02-12
527ef7d428c7f5edbd92451ba0b7ce70,ef17f9a2e7925f62d5db83763b2aa4c7,delivered,2017-06-07 16:38:50,2017-06-07 16:50:17,2017-06-08 15:29:01,2017-06-19 16:29:40,2017-07-04,0cf73b29318798ac70404dcbfd8609b4,2017-06-07
0f9ea2184ab597f17a8705fc0bb1c9e4,d842ee6da87b7cd3d372271a421d5327,delivered,2017-03-23 08:15:57,2017-03-23 08:15:57,2017-03-27 13:52:54,2017-04-04 16:27:03,2017-04-20,bb2e4ddc1d1a544790e5f96560161a63,2017-03-23
342dfdaa2bf160f340fa0e54781e5b09,b6cd2f3aa040216ee50c6d1347aff1a5,delivered,2017-11-11 16:01:34,2017-11-11 16:15:30,2017-11-17 01:14:55,2017-11-25 00:07:49,2017-12-11,2a0f96535227947999b8171249b5c0c3,2017-11-11
e2329b38dc9971f2fb0f8247bbb641c2,241efe04479ae6de04a7f69b67fa3c2b,delivered,2017-11-19 11:15:14,2017-11-20 11:27:16,2017-11-20 19:18:31,2017-12-21 15:55:03,2017-12-15,62049cfbc68cd893920204de3b5c057d,2017-11-19
56744b8c0cf4b18e09df60005c231054,af74cd9ba561832624ba990223437f73,delivered,2017-09-18 12:24:10,2017-09-18 12:36:32,2017-09-19 20:54:00,2017-09-27 16:59:58,2017-10-05,75a398e43d9757a4f7d6f622aeb22c47,2017-09-18
c7de1681596c4080bdf5c00d84500c1a,648598335759ebbcc21eeef997db189b,delivered,2017-09-07 13:27:38,2017-09-07 13:43:48,2017-09-12 15:18:42,2017-09-19 16:36:55,2017-10-03,3204cb18b0f18464319d17a3076fb5fc,2017-09-07
6aaf58e2b4c083892595ecc48bc2f404,d4773c8601eddd45219933ac3492605d,delivered,2017-08-12 08:58:19,2017-08-16 11:04:34,2017-08-21 21:12:53,2017-08-22 21:02:57,2017-09-01,d82613c23aa917f2f693b5fabee17046,2017-08-12
fb244f5888763d8429a89b3438d70295,fabefdcffb5a0ee7e20d81f3e24785e9,delivered,2018-03-09 21:23:31,2018-03-09 23:00:34,2018-03-12 23:13:40,2018-03-17 17:18:58,2018-04-02,9c9f02b5c53391f4313ffe0dff1ba387,2018-03-09
0eef863b28bcb921049770353295046f,113e7dd1a806e5d38d1ff73a2ba99f21,delivered,2018-02-21 00:45:53,2018-02-22 02:30:42,2018-02-26 12:23:39,2018-03-08 20:06:37,2018-03-16,b2393d8d19290c920ee44eb831986645,2018-02-21
dee4a8731622b04d4fe7fcb6ae45647b,e267e6af42a8008ec45ab9b187e5d364,delivered,2017-10-25 09:51:37,2017-10-26 03:08:42,2017-10-27 14:43:42,2017-11-03 20:23:55,2017-11-17,f00a38e825137b5d5423ba76da634ad4,2017-10-25
3c5c6fad12cccea3829606ddd4c3b7a0,1c583bfe596440a9292e2733a2cfe1c8,delivered,2018-05-20 18:02:48,2018-05-20 18:30:01,2018-05-22 13:43:00,2018-06-05 17:28:39,2018-06-25,503360ad85d137a3aa40025f882517d5,2018-05-20
bd80c61aa79867f184f4b01d69b6c03c,c4ea73d6d19fee5568c98ff9ac70ee14,delivered,2018-08-03 22:20:39,2018-08-03 22:30:14,2018-08-06 15:30:00,2018-08-08 13:22:14,2018-08-14,f37d14ccb1a8fe332c9430d3eedf468d,2018-08-03
2261b9c8d492c061b64df8558ae4543f,a65a0bec248c17046a1e9ebfd669505a,delivered,2017-09-17 16:05:06,2017-09-17 16:23:37,2017-09-18 14:48:11,2017-10-02 11:12:23,2017-10-04,5e3e9e897d07a80fc2af58088a84812a,2017-09-17
934f5cbffbb010f2c0b4a1663d2c14fd,0111774394b7b2cd9651eedc6c791bd2,delivered,2017-07-29 19:21:08,2017-07-29 19:35:12,2017-07-31 15:53:31,2017-08-10 13:53:29,2017-08-24,6ea23f0d3d79f7b1f6d168021b4f0987,2017-07-29
a6717f2cd428dfe26525facd5fada0ad,03915163a75b2905841984b17a5d949a,delivered,2018-02-25 11:00:18,2018-02-25 11:10:34,2018-02-27 14:33:50,2018-03-29 19:06:43,2018-03-23,08cdced37283598622be561526da1cd4,2018-02-25
1e9bd9ae38546f4795c8040128563f0f,2398147ec107d211baef2c063531cc64,delivered,2018-02-03 10:12:05,2018-02-04 18:29:44,2018-02-08 21:23:17,2018-02-21 22:45:13,2018-03-01,e3263aa098088e59a7c8bfd893ef09a5,2018-02-03
2ab55ce9d54cd19626cf1540d2e6cadb,dede148f17af49188c0b9b70e3fa7f69,delivered,2018-05-14 20:24:55,2018-05-14 20:37:58,2018-05-17 14:46:00,2018-05-18 21:03:55,2018-05-23,ae464baddae45d845430d35a6793582f,2018-05-14
df03ec17d2389e8420325c36d385dd90,a1e6bf64dfa9387e0f94692997304b4b,delivered,2017-03-27 10:29:11,2017-03-27 10:42:26,2017-03-28 14:53:23,2017-05-02 17:51:28,2017-05-09,6942faa621f4babfd413b9cbd1d3b5ac,2017-03-27
8edea5ffb8590a3d80178d4c04728115,70ce00d5265b632d92312d46d2e1fa86,delivered,2018-05-22 21:06:32,2018-05-22 21:18:33,2018-05-24 14:07:00,2018-05-28 19:12:57,2018-06-07,290bb40e92856174e1deeeda861469bd,2018-05-22
cb6d51404fcdab7e80ad648d73edf4c9,17d0599bc28d43c850c9d2ac86db9b67,delivered,2018-07-08 22:50:20,2018-07-11 03:55:17,2018-07-11 19:02:00,2018-07-12 23:12:07,2018-07-19,e7a02c9e4364f41921d775ad34b21259,2018-07-08
70ad6ae02662d3ca73fa87d6985a4f65,e46e9c85007da5c4a92446fac56d0588,delivered,2018-08-09 14:42:17,2018-08-10 14:35:18,2018-08-13 09:01:00,2018-08-16 12:28:31,2018-08-16,43dafbf52f09295f38378b8a91816f0a,2018-08-09
878b2a770609b162f9911360c7da7bd7,2c4c488a9712b143d5c1aaa67837fae6,delivered,2017-12-12 10:36:30,2017-12-12 11:20:50,2017-12-18 21:09:08,2017-12-21 21:16:55,2018-01-05,3d54e4ff73894ca933fce16491b6af27,2017-12-12
c58376e6393aab97f2ce125e6628b6de,4a8507b30ffceff66e4942af64465ad8,delivered,2018-04-23 19:54:45,2018-04-24 17:28:38,2018-05-02 14:39:00,2018-05-04 17:27:35,2018-05-09,2bbea1ac96f34624099f09e3f7ea0809,2018-04-23
5736fad1e7ba84e0bab487006ce68cef,903b26512e5e310f0fbf76d8739178a7,delivered,2017-06-21 16:41:10,2017-06-22 02:45:18,2017-06-28 17:17:37,2017-06-29 12:43:45,2017-07-04,f29dc7dbef145344331f4cc7bdcedf38,2017-06-21
a16ba3cb9eadcd233262e7dcabd63592,9ab27e3a4cbde82e8cdd26f70a82cf07,delivered,2018-01-24 15:54:37,2018-01-24 16:14:17,2018-01-25 15:26:29,2018-01-31 11:41:36,2018-02-16,2ca24754bdb45e98b2e06a59f513e68c,2018-01-24
74f5cfdfc86cca4b0ca48d0c310bc6ed,19085e50c6f3874a0ae2586e3dab6404,delivered,2017-10-22 10:52:38,2017-10-22 11:07:29,2017-10-24 15:53:49,2017-10-30 18:39:01,2017-11-09,b0ee45d82fc3334a49362fc7fe00b133,2017-10-22
dcf6157fe1c8921c1cedcc687593d877,92b0ce6b186446ff52ae03a32562ef3b,delivered,2017-09-08 16:33:39,2017-09-08 16:45:34,2017-09-11 22:32:59,2017-09-12 19:31:12,2017-09-20,c62b669d3b0dcf143f9b4eddcac046fc,2017-09-08
165f98649abb9970c125205f5f0d8b60,4b58b5f3a6a915d6a5aa8766edf6700d,delivered,2017-12-09 12:05:53,2017-12-09 13:11:50,2017-12-13 01:47:33,2018-01-03 22:09:33,2018-01-05,2d695c8fd44f735746320316509e7841,2017-12-09
3a7d30daaa31a87149374d946dc745e8,330d2c8a165f61afe913931042f2ac9e,delivered,2017-07-14 19:10:55,2017-07-14 19:24:43,2017-07-18 20:33:28,2017-07-22 11:53:53,2017-08-03,a695332469eaed4d7e8af674d1c0a7fb,2017-07-14
f864cbdd90b9140661a4c7e3807a86fc,c4fba31383a2c819c9f57410376c9718,delivered,2017-09-27 19:14:28,2017-09-27 19:28:21,2017-10-04 09:35:11,2017-10-25 18:28:23,2017-10-30,0aebe2cc596b8045b2b1c72cc64fbae9,2017-09-27
f75e6a734202bffa09de11b88087fc9c,e9aea06ea89f977a316cdc731e0ab7db,delivered,2017-11-24 14:47:29,2017-11-24 16:54:06,2017-11-27 20:56:58,2017-12-14 18:51:54,2017-12-20,c7d6e2896234cfbbc5b3e51734e44169,2017-11-24
433733f5c06699277a75a74d7d112304,00c6436d2afd5923cba3f19f9542b140,delivered,2018-03-23 13:57:08,2018-03-23 14:15:32,2018-03-30 00:16:21,2018-04-13 20:07:44,2018-04-25,3d07310ffa7a51e9f8249ad383e3e425,2018-03-23
e2ea04401857fff26dea0694a4d1bb99,64932044c77e072f5a6d118f05f254eb,delivered,2017-12-21 12:05:52,2017-12-21 12:16:24,2017-12-22 20:08:06,2018-01-03 23:48:33,2018-01-24,e86221240f0e2940bef3bbea8b9217bb,2017-12-21
147941b96e61a2e7c02be8bf27b4cca1,e02fa85f41de6f8e420b317a7e3444a4,delivered,2018-05-30 07:58:30,2018-06-02 03:35:14,2018-06-04 15:12:00,2018-06-20 18:57:24,2018-07-05,0ac4a9460c1baf3051ffec5c9021a499,2018-05-30
67df019d84e04f3b626f8ede2dce4517,ab5c2303fc45a52d03d5bb515e446980,delivered,2018-06-24 12:15:38,2018-06-26 05:15:22,2018-06-26 09:53:00,2018-08-20 18:34:54,2018-07-23,c584783ce1c8cdcad34f3aef3d576165,2018-06-24
367464e5d1a4656c498410bf2523ed78,cfd5ae001c1dac2b16c1026386a799e5,delivered,2017-10-10 14:35:07,2017-10-10 15:50:45,2017-10-11 21:14:37,2017-10-16 20:35:42,2017-11-06,c40943715941fb44bc27ac88ff0e28b6,2017-10-10
b212ae280f3fe00945dce73c3e0bc817,0e4d93a7bc37485502f6d38a20ff2b24,delivered,2018-02-22 06:25:07,2018-02-23 02:40:20,2018-02-23 23:52:37,2018-03-07 18:41:35,2018-03-22,6733cd8ad9610c90a7b225934f4969c6,2018-02-22
8850e4e99e29fa1d0b624e3539bb30ef,8e73500c17baa8ea729e881449f40022,delivered,2018-06-11 19:41:42,2018-06-11 20:06:20,2018-06-12 15:01:00,2018-06-13 18:42:03,2018-06-25,b8d610487b5d22ca9fe321ef6948040f,2018-06-11
82ebb82b2077623b139a35ccf82b3daf,636b1b445ed167af1c7d59382f7f37dd,delivered,2018-01-11 16:52:13,2018-01-11 17:08:22,2018-01-17 18:04:21,2018-01-24 18:42:20,2018-02-02,2c684f62b83fd608967683ed72d07da5,2018-01-11
b324f4270850cbba23533b9a9d3434a9,e9ca879579f4bf6379cc71a0f0d10c2f,delivered,2018-04-01 02:36:48,2018-04-01 03:27:28,2018-04-02 19:05:35,2018-04-03 21:38:39,2018-04-12,adcbd7364a0b76b4be25551270603452,2018-04-01
6055deb46d2d0a116e20655c435797e3,3bd7644308c830aa185f06e30c03a4f1,delivered,2017-07-30 19:38:19,2017-07-30 19:50:08,2017-07-31 20:17:47,2017-08-07 21:33:21,2017-08-22,ca17e3112344548df614525152da71d6,2017-07-30
a3309e7ee5cbc991563c83bc0c41d694,a69d0bacb0c135ea37032600687cd693,delivered,2018-05-16 15:07:42,2018-05-17 03:16:16,2018-05-17 12:55:00,2018-06-07 16:36:35,2018-06-19,1ac43a7bd76f50561133aee17e22b497,2018-05-16
c05223a5f3e8d1dac89df5bfdcb58661,b078a7c9a43c06c915270648b718d931,delivered,2018-03-01 16:27:00,2018-03-03 02:50:46,2018-03-05 23:26:54,2018-03-08 20:52:26,2018-03-22,552fb4b2b8c996ad7615372c99e12ae9,2018-03-01
79a29a6cac0403ad0d0b5390f5bbf1fa,263f08928d545639dfa5d97cf715eee1,delivered,2018-08-01 16:12:26,2018-08-01 17:15:18,2018-08-06 12:24:00,2018-08-10 01:22:47,2018-08-09,7e4c4ace1ba6ccf6876543e949c00e62,2018-08-01
c92ecf9767da32336098465a0c84e432,7f9f5ba7bef25b89818d07e53dfca81b,delivered,2018-03-11 10:38:16,2018-03-11 10:55:49,2018-03-31 13:18:30,2018-04-07 17:28:50,2018-04-13,7a59a36ccc5af501dbb8acbc60d7b4e8,2018-03-11
b53317a5c07b958061cc1dbfd4ced1ca,b7d2ce825ff425624f29b5ebf2608f26,delivered,2017-02-22 22:45:54,2017-02-22 22:55:18,2017-02-23 12:18:31,2017-03-13 12:15:24,2017-03-31,94d89dc1937bd746551407308931c7cd,2017-02-22
ca46dc3fa4fe36c0a82c9e69bcb94fb6,3403d734bd655535fa240066328de632,delivered,2018-05-10 20:00:57,2018-05-12 02:53:33,2018-05-17 14:44:00,2018-06-06 23:27:39,2018-06-05,68497ce04e9b12cb402671a29acdf6a2,2018-05-10
ef91935d3286023b33bb5020a3b26998,715a7d2f8745721962ab6242b4ca154d,delivered,2018-07-18 09:43:37,2018-07-18 09:55:20,2018-07-19 11:29:00,2018-07-24 15:11:44,2018-08-08,d4cd498242a2ba1da6e3314a863f9d0d,2018-07-18
fb33708d8796557a556cf63313d6cca6,512f9af95a8df8484e0afac3724514db,delivered,2018-02-25 17:33:18,2018-02-25 18:27:09,2018-02-27 23:32:36,2018-03-06 18:13:06,2018-03-20,934f272e4946b5c375b1606c7c4f6628,2018-02-25
c20c39bdb12b843034d5b268c984c02a,739c361ba4ff3d82444ffcc3ca4a40a0,shipped,2018-04-18 23:42:06,2018-04-18 23:55:14,2018-04-23 21:03:42,,2018-05-14,460d9300b914bb0b970e76ecf040fd8b,2018-04-18
bda890cf0f7976e4e2af17ed814336fc,16d9cb890555d7e601cde2f42fb31ede,delivered,2017-06-07 01:11:20,2017-06-07 01:42:16,2017-06-08 13:35:16,2017-06-14 10:50:07,2017-06-21,41d34475246f75e408ea3598dfd7a186,2017-06-07
c3cc4bb65cb5500dceaf8b5f9938c90a,bb268f0276388be02ca21b08e338dc3a,delivered,2018-04-15 10:34:44,2018-04-15 10:51:22,2018-04-16 17:21:47,2018-04-20 18:49:34,2018-05-15,3fdec2a408b9c56d7305c1d2a1986fb5,2018-04-15
c577aae17cbefe7f45972f2b2f06a760,b40e9509ac043645de6ac145ce787a3f,delivered,2017-07-09 11:27:14,2017-07-09 11:43:23,2017-07-10 20:37:55,2017-07-13 21:17:52,2017-08-01,135b128e3b9493daf44c0c6b40eaa3a2,2017-07-09
26e0070f204a2cc8cae3504b038a0dfe,62d68fcfc1bfc0ece5098759a098a203,delivered,2018-07-07 18:42:58,2018-07-07 18:55:10,2018-07-12 15:57:00,2018-07-21 13:18:40,2018-08-07,25539f1fe8fabc01797b6dbd21a8df4a,2018-07-07
129c58b77c85a73933e98de57c705559,410863627bc1b59338692229885e3542,delivered,2017-11-08 18:19:54,2017-11-08 18:35:56,2017-11-09 11:21:39,2017-11-14 18:33:25,2017-12-04,3d0a011c5b53a6ce43496c80c269bd0f,2017-11-08
e9b5a2375e8f252aaba047d5d20e4f84,ed60082a254eb599f63bdfaceed3b9ac,delivered,2018-07-22 16:55:39,2018-07-23 12:31:38,2018-07-23 10:15:00,2018-07-24 19:02:38,2018-07-31,0f8531fa7f3d06e4fcd7bffe3c55e51e,2018-07-22
55f4a795aff551817b34f6ec2907f8bc,1c6ac3ff406667fe162e1f060c271b44,delivered,2017-12-26 15:38:02,2017-12-26 15:50:27,2017-12-27 19:54:45,2018-02-04 15:33:22,2018-01-22,31b95c0856339264b9f9bbccce2f5b6a,2017-12-26
76b02601a5660a4df61f8e6fe9b95b57,f3e6f4554f85150b53702d3120fdd274,delivered,2017-05-04 14:35:26,2017-05-04 14:50:18,2017-05-05 13:00:15,2017-05-10 14:30:14,2017-05-26,df654194927e4e1efc30c15bb11b56c5,2017-05-04
95805218cf245076d9ab20d75d1758c7,00f83de98e791c2a4b779f7e61a4cf28,shipped,2017-04-03 03:01:46,2017-04-03 03:10:07,2017-04-06 14:00:15,,2017-05-03,78acd50d033f80538ef65fb5c5bb07ce,2017-04-03
6a8e811c00442dbe2725f7a4edefd6c9,6fa21f92af0ee009b8df6c402addf7e7,delivered,2018-03-29 21:24:42,2018-03-29 21:35:19,2018-04-02 19:24:31,2018-05-11 23:27:32,2018-05-02,117c2c5c0d42af6a560b0b09af20b196,2018-03-29
0fb96d30f2a1a1c89f5795583387d89c,b983824b3480c61718c5664ebdcdf20e,delivered,2018-01-23 16:34:31,2018-01-25 02:38:12,2018-01-30 15:38:05,2018-02-21 01:22:24,2018-02-15,0e57fc3bb62a97c00514705b767c1cf6,2018-01-23
ed015bb6d682598924fe6583022668c0,3f5c18c23d2cbf5c0df4d6f8b4f03516,delivered,2018-01-14 18:36:07,2018-01-14 18:49:23,2018-01-17 13:24:44,2018-01-19 00:46:34,2018-02-01,d697aad4890daa0b7221dba8f854fa8a,2018-01-14
9e76ee631c399b238d8407c2f437613d,1b5b4fbe07dcd9bacf4d004d8a62c555,delivered,2018-07-25 19:02:59,2018-07-25 19:40:08,2018-07-26 10:00:00,2018-07-30 21:20:05,2018-08-08,1151fa77d166e5fee9f01df0100ba12f,2018-07-25
52a9379019132afc103b9249b85ae705,b0ec31ceff599306883ff91086ccc676,delivered,2017-07-10 13:33:18,2017-07-10 13:45:10,2017-07-12 17:07:39,2017-07-14 19:51:59,2017-07-27,39ae2ab725be4a0db66896735a49dac7,2017-07-10
6e8a97f227260b48b2c8e8eacc87d2fb,b4d3dc12a78eb43f35d7722b699f08b4,delivered,2017-11-21 19:39:55,2017-11-21 19:52:20,2017-11-24 20:48:38,2017-11-27 16:42:06,2017-12-01,c18f1eb84239d11f1baf95bcdfcb2d46,2017-11-21
67f2267a555a1794c011883d8fd86430,655cbe6a7b399bcdd1b055c1eaa48e7e,delivered,2018-03-03 23:14:57,2018-03-04 00:00:26,2018-03-07 01:04:36,2018-03-14 20:36:59,2018-03-21,06c5a017e2b74d38903164d42e7687f1,2018-03-03
f7a8ec3f633e448f2e6a8e76622eeb9f,34a79f5a6da69d0473adf86a8a622f56,delivered,2018-08-14 11:22:55,2018-08-14 11:44:12,2018-08-14 15:02:00,2018-08-27 16:14:34,2018-09-06,c5ba9b847b8aba3207c10f83af5f6b3b,2018-08-14
9321040d6f0176fc3327a596dd023d6e,5b7cbb84e59c351123b7d55e64260c61,delivered,2018-08-04 18:32:20,2018-08-04 18:45:14,2018-08-06 11:07:00,2018-08-09 20:34:33,2018-08-17,f7bcb9246dd6d2a67db161436640a2f3,2018-08-04
78cb812cde46e3e06e94affd5ea47012,fde3c24d146f729176c1311e953c9c0d,delivered,2017-05-06 13:08:14,2017-05-06 13:22:12,2017-05-09 07:27:58,2017-05-10 09:05:46,2017-05-29,fb2f1b5cb4a9612511658f7351c25899,2017-05-06
a7e225997eea4fd0df0db35b52bd9d0e,70a1077e0c545d3c5a7321f7e047a935,unavailable,2017-12-02 03:21:27,2017-12-05 04:12:23,,,2018-01-04,acb49f33f41c9172f5005caa679cfa9d,2017-12-02
07f593272eee0c411250e23e84846787,5f1d80961e9cfde25d058cb035671c1d,delivered,2017-11-14 13:58:30,2017-11-14 14:10:36,2017-11-20 22:13:29,2017-12-11 14:42:03,2017-12-08,f4834f89f6c1cba8c1ce4ad1b99c4574,2017-11-14
8a9a62b38ed8da3c86f13cde8cd3743b,fed31fcc728474d8a9949d0bf1f47fe6,delivered,2017-04-27 10:25:40,2017-04-27 10:35:11,2017-04-28 09:12:58,2017-05-09 10:41:28,2017-06-08,9ed5ae1a5570f9c46f73ad7017a13075,2017-04-27
52888b8403ad3056c4f04bd686f5bd61,8b400d3e0c0f19423acac0cf5b58bc1a,delivered,2017-07-23 12:08:53,2017-07-24 10:05:54,2017-08-01 21:05:24,2017-08-07 15:43:27,2017-08-17,368d4ba05def53e45fb321c61349d9a6,2017-07-23
ed81c7d735a856f576d22a5b9717b5c2,9622408881257d7bc971204233cef21a,delivered,2017-02-21 12:08:09,2017-02-21 12:32:20,2017-02-23 18:27:47,2017-03-03 10:24:02,2017-03-22,78852e31a5d7dca0fe054686b246a314,2017-02-21
c02f5eada28376633fcc3dd13a9052b7,4dd5504d13db4c6069da026882cb8392,delivered,2018-04-12 08:55:40,2018-04-13 12:34:05,2018-04-13 22:51:12,2018-04-17 20:14:23,2018-04-30,efd07a8507856aae4932dff20402d8ed,2018-04-12
0e0d0113e6a6e1dee034ffae4c3fd225,62822a707dcdd344bde99a17de154224,delivered,2017-03-26 21:25:47,2017-03-26 21:35:18,2017-03-27 14:14:26,2017-04-03 11:47:56,2017-04-18,070d21d68ef421c6e5ce961fb20e6025,2017-03-26
caf26e032103cc33e3dfe2465af487cd,4f7f62783e96305f1b820feec78c33d9,delivered,2018-07-20 13:16:32,2018-07-20 13:25:14,2018-07-20 14:25:00,2018-07-25 19:32:10,2018-08-14,f36d0ad15d6235323c6542e5bd59d4a9,2018-07-20
62516b70ac5eb69d6be50d3dc3fde262,935eec8cdbe14580cc3f02f7098b7f87,delivered,2018-07-30 14:09:46,2018-07-30 14:44:34,2018-07-31 11:39:00,2018-08-06 20:46:44,2018-08-15,64ad86130d2f9c2af8c89854628a0c8b,2018-07-30
72e2822ce1ab08200b6cedc228c2e4d0,40233428ba317c28cecba43555c048ac,delivered,2018-01-15 20:23:43,2018-01-15 20:35:22,2018-01-18 18:39:50,2018-01-22 13:39:00,2018-02-05,f9d364fc4325aa3a238fa52a8b92b0c4,2018-01-15
19135c945c554eebfd7576c733d5ebdd,1c7a9b908094192a2dfae2819eef249d,delivered,2017-07-11 14:09:37,2017-07-12 02:10:28,2017-07-12 18:24:53,2017-08-16 20:19:32,2017-08-14,4c538b33d3406cba58b48c10dc66ac2d,2017-07-11
6f80246f2e578e9b708e86681688d732,b82803d4b71a0f340486f85bbab4055a,delivered,2017-06-19 12:36:11,2017-06-20 12:55:26,2017-06-20 14:43:41,2017-06-28 10:32:21,2017-07-31,5f20a45a77713e4a6727c24d78b64f46,2017-06-19
4b38f9d30c069b6ec0c1da7d03c0ea21,e1b1c628b4250d2b1d60bbd1dfd69d40,delivered,2018-04-23 15:05:11,2018-04-24 19:03:58,2018-04-24 17:04:21,2018-04-27 18:28:46,2018-05-16,9c560d0dfed12008342c88fc77bd63e2,2018-04-23
41367bf2808c24ee8be2b9709f5a3845,bcaebf0ddb4ea20efd910e6e0d90ca99,delivered,2017-12-21 11:47:07,2017-12-21 11:58:24,2017-12-22 21:08:56,2017-12-26 17:06:21,2018-01-10,5f9d2e3eebc8118fe4aa8945521dae6c,2017-12-21
d482acd4158f2e1d5934bfb325a03c11,33d810db5d74c5fa123dad0e11475ec7,delivered,2018-07-29 21:37:44,2018-07-30 18:31:29,2018-08-03 14:15:00,2018-08-07 17:38:28,2018-08-21,18d901bdf0719f2906b712ef0b2e6eea,2018-07-29
2094b975f1178cef2cf51c4e73ff0e94,b02b96a13a1933796f5aafbe5a477e1b,delivered,2017-10-12 19:21:23,2017-10-12 20:28:13,2017-10-13 16:20:37,2017-10-24 17:12:32,2017-11-09,1a96a430370a119eb2a756d97f4ba6b8,2017-10-12
4dcff73972e49b77fcb010749fb5433e,3206488134a279bf34e2c028b1e2156b,delivered,2018-02-04 14:53:15,2018-02-04 15:10:27,2018-02-19 16:58:49,2018-03-19 19:52:43,2018-03-16,601d40163a6d34466955fe5b67a2c549,2018-02-04
d2d302e80c71e324aa235aa223f6c220,1862d62241f706107f4d52c781e2f79f,delivered,2018-05-13 09:53:03,2018-05-13 10:13:00,2018-05-16 08:54:00,2018-05-18 22:46:45,2018-05-30,73707653c0cdadbd14bf63a649124895,2018-05-13
a3a21bf31419dac8b9a6c1aca8964816,2a24c9f16ef70dc2ccfe21c729df295d,delivered,2017-06-11 16:57:39,2017-06-11 17:10:17,2017-06-13 12:24:28,2017-06-19 20:42:03,2017-07-03,73cef625584414927ff968509a11e8a9,2017-06-11
00ef7ed06a55243f3e6a9d373a89eb14,30c93f8296b9a02c0eec5de60b94f98c,delivered,2018-01-12 16:43:52,2018-01-13 17:31:10,2018-01-15 19:23:20,2018-02-15 19:33:02,2018-03-05,16156a86625a02a82bf1cd39de12a4ea,2018-01-12
1b8229f528e0e8f6366e483d7407932c,273bbe8240b04a70fa15aff0ef22fd50,delivered,2018-04-25 20:25:07,2018-04-25 20:35:27,2018-04-26 13:10:00,2018-05-24 17:51:11,2018-05-21,fc92ffd9299bb42ed81b1f3dc568dab1,2018-04-25
a8cb0d4e1f45d87965b1aaa5710c2461,06756bf2bced196e9d58fbe46a40d3ed,delivered,2017-10-14 22:40:59,2017-10-14 22:56:15,2017-10-17 17:47:32,2017-11-03 23:07:38,2017-11-10,0fb2b5f57c10a652a6629cc70f403402,2017-10-14
75156818c2863d3be5ab7b08e728e43d,e9afccc4354fdd292f52b6d7eb98306f,delivered,2017-07-17 13:54:27,2017-07-17 14:05:42,2017-07-19 12:39:39,2017-07-28 19:52:42,2017-08-10,e89bf89e2621b5aeb4c181e69a8c6952,2017-07-17
1404879b6eab59758d3d92fc8f504f98,fdbed455fe5a8f3029c4b4bfe8ad5500,delivered,2018-05-08 21:07:09,2018-05-09 03:11:43,2018-05-09 14:21:00,2018-05-16 21:42:09,2018-05-25,1cddb7d991b8549ced2e2b5a783ff5ca,2018-05-08
a40874087359fab9b2c8a3aef56a97ad,fe7a382e927d463140a35b00a4ee7c70,delivered,2018-06-14 17:31:48,2018-06-14 18:18:35,2018-06-15 14:52:00,2018-06-21 12:18:41,2018-07-04,2ffe37b9c7082587422929e9dfe17c8a,2018-06-14
ccbf44556216d2ad81b039514a0d8877,46a3a937b2edffe17393b408e1c8c96d,delivered,2018-08-07 09:26:26,2018-08-07 09:44:55,2018-08-10 14:46:00,2018-08-15 00:37:33,2018-08-31,d7ff7ae0439a924696285b571e70f203,2018-08-07
cf6264c37c96bc0cf63ebd0f9fba45da,4577f6d82b9291135c729578c39029bb,delivered,2017-02-12 14:42:48,2017-02-13 14:45:20,2017-02-17 07:43:46,2017-02-22 16:39:55,2017-03-14,8fd6d9632c9fcc25a875bac747e60c48,2017-02-12
94eb86ebbf4bb41bd02ea3035a2a39cb,539367c2ca3545d7e1293d04b3b25296,delivered,2017-08-14 08:06:43,2017-08-16 03:15:43,2017-08-16 17:25:48,2017-08-22 19:34:29,2017-09-05,7cd655b3934a7c9ae3d6cd9e522fe70d,2017-08-14
486bce96008cea9cb14d0593189961da,58304aef21701bf4312b0e0c34a03906,delivered,2018-01-16 22:11:14,2018-01-17 09:31:18,2018-01-18 20:38:04,2018-01-29 16:19:42,2018-02-07,be1d0995c5d2e3db5a79087d9590eda9,2018-01-16
291581a794f0e6ee707314d0a2cbc1c7,b7a967989bdb842c391631e30df67e47,delivered,2018-08-10 08:31:16,2018-08-14 04:30:24,2018-08-14 13:58:00,2018-08-22 23:51:10,2018-08-22,aada7d9a5665bb8ef82d9e26ba4ad5f8,2018-08-10
18764fc087692375474d650fd8eda879,b64b2b539c8cbf519fd5f950941981cc,delivered,2017-10-13 20:05:48,2017-10-14 03:36:33,2017-10-17 13:43:30,2017-10-30 19:03:42,2017-11-10,5e78fcece3a6ff698f1bb31da2c5ccf7,2017-10-13
ece7d8cc8bbc318394b23ef60d9e3c10,707cb1c27f146ec76c4443c00accc311,delivered,2018-08-09 16:49:55,2018-08-09 17:45:18,2018-08-13 09:20:00,2018-08-21 11:18:41,2018-08-30,ca406daddb02e6855b4a3cf7e083f42b,2018-08-09
ba4ca9935a3de9d4a25569f1ff9368e9,4216c98d4881970e5ec5bfe71af61e68,delivered,2018-08-14 14:43:32,2018-08-15 03:25:18,2018-08-16 13:51:00,2018-08-21 13:38:43,2018-08-24,98f7491a151cddb2d312ee194826c2eb,2018-08-14
982c69cfc82e759e726e6e7a9901929a,0e2f340f632d6786b3652a3e4c175c56,delivered,2018-08-21 19:23:38,2018-08-23 02:35:50,2018-08-23 13:13:00,2018-08-27 19:51:58,2018-09-10,d1f09b660a1fc386bf9a543c2a50f196,2018-08-21
2b4c32b76a976360b6260712b8765761,af2ebf45ca15974743afa1cc244c3c56,delivered,2017-05-12 18:22:17,2017-05-12 19:32:31,2017-05-17 08:43:40,2017-05-22 09:26:48,2017-06-01,20d0ab366498582caba0287df65e5990,2017-05-12
ef45e94e3fd0e4276180fe6758662994,7e8eda4c9142e93ccc61870aa9034af9,delivered,2017-04-23 22:08:43,2017-04-23 22:25:14,2017-04-26 14:20:41,2017-05-01 09:57:26,2017-05-18,98ce4933f64655971d4b95c1686df92e,2017-04-23
4d8011977de9e1331ef6353d1ef622ef,062e9faa332ada7db93c85da078f31fc,delivered,2018-06-17 20:56:10,2018-06-17 21:14:00,2018-06-18 14:05:00,2018-07-03 18:21:44,2018-07-19,3e1427e37d817261096f932d24533e57,2018-06-17
02d8088eb13e63f678999f21c72b0047,c0c57d5e694be4512af66525fad54068,delivered,2018-03-05 18:12:50,2018-03-05 18:31:25,2018-03-07 23:18:49,2018-03-15 01:32:15,2018-03-27,d9937d0176b93951c382907aa50a86cd,2018-03-05
106f773cca522fe33c40267418112669,f9d2339edf823b102c15ac8157c30574,delivered,2018-02-02 21:32:55,2018-02-02 21:50:02,2018-02-08 22:53:18,2018-02-15 19:42:51,2018-02-26,bb00460af4cda6bd1252e99ef3168b56,2018-02-02
85d142633f7411ccb6c6af60c196b8c5,532ffb06662d3a63de097386d409ab63,delivered,2018-07-03 13:41:36,2018-07-05 16:27:16,2018-07-04 14:30:00,2018-07-10 22:38:28,2018-07-25,57c3cd22c35d91923a3e861d7155fc73,2018-07-03
86f338c63b1a96a85a977708315c90a0,51041da5ce8f5c2125a63d4217c2bd8e,delivered,2018-05-08 11:38:09,2018-05-08 11:50:56,2018-05-10 14:28:00,2018-06-14 17:48:41,2018-05-25,25c5deca14082ccabc3abfdfcc072b6a,2018-05-08
a9b1a16d2ca6e795f2f0eae75bf622b0,4ce103c5b582615aa11fdfa3dfa8fe65,delivered,2018-04-03 23:06:06,2018-04-05 02:10:40,2018-04-05 20:37:48,2018-04-06 19:05:34,2018-04-13,dedc07b988c09c157a407faa132b6c22,2018-04-03
818877ced1be365d10d9cfcb22ad81d0,80ea58aa49a62dcb9d6c29b6ff65e158,delivered,2018-03-15 23:49:09,2018-03-16 01:55:26,2018-03-16 18:39:04,2018-03-20 01:02:43,2018-03-27,5f7ba621915b9bcffe84da7e1250c968,2018-03-15
33c70a68187133539aee97d653537d3f,d5ac3f54ece7f036e64ff648ffa33208,delivered,2017-07-29 01:12:54,2017-07-29 01:25:12,2017-08-01 14:49:51,2017-08-02 23:11:47,2017-08-18,c07618bfaa04fc9fa7aabffee599757d,2017-07-29
d15531850e9cc64198f8929e3e8b1a12,84b96a9448e208facb9638592523e01d,delivered,2018-01-17 11:48:20,2018-01-17 11:57:27,2018-01-17 19:51:19,2018-01-22 19:24:31,2018-02-07,8a92424448e3a0e513968a6b1a565c11,2018-01-17
363c9dd272c47a3ce068f09c80feb7e2,94b6b259a881420e42b9b026f9244d42,delivered,2018-02-04 14:54:53,2018-02-04 15:10:26,2018-02-05 18:57:49,2018-02-09 20:19:01,2018-03-16,b2e804e7567d4a48212d963210edac48,2018-02-04
2b2e47d32f64348664d0b1c367308a67,13734f74516626e9067903f0befacf2c,delivered,2018-02-25 21:37:21,2018-02-27 04:31:04,2018-03-01 01:08:32,2018-03-12 21:45:21,2018-03-22,05a16ff4eb1c5d210f658103c2f34d21,2018-02-25
33fb9fcb4416d2b74dc9b058f1cca8a4,c7b152edc91a8427411163780d6f27c4,delivered,2018-04-23 11:45:00,2018-04-24 19:03:39,2018-05-03 15:33:00,2018-05-04 18:02:59,2018-05-14,86187e13a3420bf45ceeddbfc7843113,2018-04-23
a550da40a6de10cc6478a08a9d0951d0,27f536eb4878f1cc1087155eed6bc325,delivered,2017-12-18 18:03:24,2017-12-18 19:11:21,2017-12-19 19:16:59,2018-01-03 17:28:45,2018-01-23,97c54804a67b987ca977d346b8e26ae1,2017-12-18
90d67ad43a6021f7a24c16ee5807f015,bbc1a821d00d020c0f1d2034be380b61,delivered,2018-05-14 00:58:58,2018-05-14 01:11:27,2018-05-16 06:34:00,2018-05-18 15:11:39,2018-05-30,b5a22f8cecb60677f1dcf421d88bcacd,2018-05-14
d60af32e2107bccc3efe66e3faad59c6,2c05e0fab14a8b027ea735e5f68c753c,delivered,2018-03-15 09:49:01,2018-03-17 02:50:51,2018-03-20 01:56:34,2018-03-27 02:22:09,2018-04-17,a23f32bea5b7b72d42da47dd84064251,2018-03-15
a83ec352bf720dbe45b1c76eb9867ce9,ee6b56c1eb727b5a30bcfe412e398d28,delivered,2017-05-29 13:41:50,2017-05-29 13:55:11,2017-05-30 08:04:06,2017-06-10 10:18:09,2017-06-21,fe7b542a38eb5fc0d67ea1587f4a878d,2017-05-29
ce6ff4543efa5c36ab4ee967236674db,46b722b9131de67c3cae9b07c011588e,delivered,2017-09-06 12:33:12,2017-09-07 12:43:47,2017-09-11 20:16:38,2017-09-21 17:21:53,2017-10-05,c84c9cdfce20211630af230c743c96f5,2017-09-06
c160f6700bd4211635ad29e7f0ae6626,475b253f80a34edfa6229af20a56914e,delivered,2017-07-28 23:56:31,2017-08-02 08:34:22,2017-08-04 19:42:55,2017-08-18 18:52:33,2017-08-25,8f701e9f930cac0d9df626b8e4d4e91d,2017-07-28
b002cdf5888b0cb1d98500e23f77453b,fb346c3d761e9c5650bdacc89f89cf1a,delivered,2018-01-17 09:15:20,2018-01-17 10:00:36,2018-02-02 02:32:42,2018-02-18 12:28:02,2018-03-07,1a090a562538d61d67fae0f05fcc5134,2018-01-17
39b5bed739d65ebe973b749ac1cbea2a,bff6ec4ae440aab4b8169c34f146da73,delivered,2018-01-18 16:52:02,2018-01-20 09:09:49,2018-01-30 20:18:35,2018-02-27 22:22:17,2018-03-15,bf0e28901205a085451854de00cd378e,2018-01-18
dfa3d848130b6aebe1af48434ed31458,5821bc4f93762314d2a2f92caa8145b1,delivered,2017-11-22 19:02:56,2017-11-22 19:13:19,2017-11-23 21:26:52,2017-11-27 18:09:36,2017-12-08,cc917d45ee39cc9cab10a26d967166e2,2017-11-22
ea32e58b3d3a0cfce1bf8ead329aca44,90a04533004ef354603e2f9c3a7e13d4,delivered,2017-04-23 14:51:36,2017-04-23 15:05:12,2017-04-24 17:37:54,2017-05-02 17:47:47,2017-05-15,8f7d4578cc7c172fa6e669701c978e28,2017-04-23
ffd6f08f294bfa573e0eeb88d6afb17b,8ef6dd55cbf50f4b0aac10b13beb920f,delivered,2017-11-21 13:33:24,2017-11-21 13:46:45,2017-11-24 19:54:43,2017-12-01 17:53:02,2017-12-12,7f1f619e844c6d2a4c0ac8fb0eaf9c10,2017-11-21
ed6a309651e25df1caf213ebeaf1067b,4e48883d975d94cfbbffd16aadffdb46,delivered,2017-12-02 20:56:29,2017-12-04 20:51:40,2017-12-09 00:14:52,2017-12-20 19:27:21,2017-12-29,c679dd5745f17a139075fb5a6fbf9ca6,2017-12-02
1feae53afbeb20695102145770b6037a,dc353d9edb5d35503fae9521399340c8,delivered,2017-12-19 18:48:27,2017-12-20 17:12:27,2017-12-21 11:03:39,2017-12-26 15:04:13,2018-01-08,59268ee5dc0cd98a36ea808010826cc8,2017-12-19
a18250c6b3610d91743d63ac9c8a1477,7bf7647a30b5eb359fa56fa5ac136b9d,delivered,2018-02-24 21:18:34,2018-02-24 22:27:19,2018-02-26 14:18:43,2018-02-27 22:49:02,2018-03-19,66fca204c13862ce30f6b57103d31a76,2018-02-24
90ae229a4addcfead792e2564554f09c,49cf243e0d353cd418ca77868e24a670,shipped,2017-09-01 12:11:23,2017-09-05 04:30:20,2017-09-08 19:42:16,,2017-10-06,004b45ec5c64187465168251cd1c9c2f,2017-09-01
50d4c71673a49f44db481398f72cb705,33eb32111055ee9894f0ac5cedc0a02f,delivered,2018-07-06 13:23:46,2018-07-06 13:35:14,2018-07-09 15:51:00,2018-07-11 22:42:47,2018-07-25,74540909522c9b94f92a87de8f400f61,2018-07-06
a4486566a4fefd15e310cdd38490bd05,e7a4bbfa2ae8913b2252031722480906,delivered,2018-06-23 22:21:16,2018-06-23 22:35:19,2018-06-25 16:55:00,2018-06-28 20:18:51,2018-07-23,6b1f0c8b340dfa101e9eaa2b8ed08bc8,2018-06-23
3e8b39fabf5f8739a37c9b4cac46bcb6,7c4eba870a1fb7a63c11d56bddc76497,delivered,2018-04-27 23:54:06,2018-04-28 00:10:51,2018-04-30 12:19:00,2018-05-02 17:32:25,2018-05-14,5f7970760d11ea84360caedb9a5a6093,2018-04-27
800ebc071b1dcbab630e96af15a7a1ef,7eab558047c9de47137ad379d5daa36b,delivered,2017-05-19 21:14:49,2017-05-23 04:10:26,2017-05-23 17:44:05,2017-05-27 10:06:57,2017-06-12,2cc0f5affc2ccbdacbbc6c5e88f5f059,2017-05-19
66ad5fe73a0c03a1d689ebd75dd74ebd,a97cd8cf85518655548739df41a46d2b,delivered,2017-12-13 22:25:36,2017-12-13 22:35:30,2017-12-14 22:16:13,2018-01-15 16:35:06,2018-01-09,da35061cad4a000780f2e8d4a5c191e5,2017-12-13
493c6e38e4bd3f2c115a1523a455c47b,46e789a3e41ef3d5a377365e5ffc11a4,delivered,2017-11-24 16:24:15,2017-11-24 20:30:54,2017-11-27 19:33:55,2017-12-06 18:43:29,2017-12-19,32ce48bf9f5586f16e15a2864a29f020,2017-11-24
326f84ca831c054450d6e1999b80daaf,1dc39ef0968a2aa4522c242710d45c81,delivered,2018-08-24 11:54:56,2018-08-24 12:05:22,2018-08-27 15:04:00,2018-08-28 16:19:26,2018-09-05,56e298bed3f665a2f3bf0212f88331b2,2018-08-24
6dc5773abc829c019c8912d3993bc2c9,de94f0c27ccec790de091fb1c61a374d,delivered,2017-03-04 17:54:28,2017-03-04 18:05:10,2017-03-06 13:28:27,2017-03-21 02:13:51,2017-03-31,cbb2892690ef7af0ef41ecce0c28cd73,2017-03-04
d38498914fcdcab530c34c8f3dc7b5c1,0a935f8f879384605489d624e6668dac,delivered,2018-01-09 20:30:41,2018-01-10 10:32:35,2018-01-11 19:04:10,2018-01-19 23:47:23,2018-02-01,b6c07b5a55f8ab352b76e9cacfb38b44,2018-01-09
5c3dddb93a4f011fc1fc4e712b18eb04,e9ad9f02bdf9afbb0da8e758d94067a8,delivered,2018-04-19 23:24:33,2018-04-20 04:30:13,2018-04-23 16:52:42,2018-05-17 21:07:03,2018-06-14,d1302ba532433a347bee017a85200f01,2018-04-19
4f7efc5c210804c2178266d4e12d6968,f11c70a007287fc389f8e51abbe510a7,delivered,2017-10-18 23:21:27,2017-10-19 00:07:42,2017-10-23 23:12:55,2017-10-26 19:38:59,2017-10-30,38121bfd7fcbae0b33ef1940ee91dcaf,2017-10-18
2567b61de29297da09bb8da381d2b37e,58e9cc6f523e29753c2a494f136953ab,delivered,2017-08-30 13:59:06,2017-08-30 15:15:29,2017-08-31 19:47:46,2017-09-04 20:51:35,2017-09-18,1c4bd502214353877e577ecfac7bd79a,2017-08-30
2b7e04dafad49a3e4eb2ee14ad07485a,c91bd6612a890b01e5321aff3a336791,delivered,2018-06-09 02:35:31,2018-06-09 03:13:29,2018-06-11 11:49:00,2018-06-14 23:42:17,2018-06-20,08f7f41a13bdc1a2d999ba55b333672f,2018-06-09
7dc55217695a2ec178b513fa24188247,39c5aed6f78b3c1700a36b13734327a4,delivered,2017-06-05 23:07:01,2017-06-05 23:22:20,2017-06-07 16:16:42,2017-06-28 14:13:35,2017-06-30,815189e23296829c6945392078f998c5,2017-06-05
a42852c445a4b9e072a1cf6e90210586,59ef7c50fcc758b78b09072d7ca5eefc,delivered,2018-05-13 17:50:50,2018-05-13 18:13:30,2018-05-15 15:04:00,2018-05-21 18:05:00,2018-06-05,46c51ce6e24e741e88ca37942f0926ae,2018-05-13
2f1e07db1b452ef80b6dcae150afcb61,693e186e779407b67eb35d6ca287b576,delivered,2018-03-05 12:14:57,2018-03-05 12:48:59,2018-03-06 23:37:02,2018-03-09 11:42:19,2018-03-21,d9ff07280a8e2aeda6c913397e7aa099,2018-03-05
d8e8975022bcc29382f3cbeefe7c5731,aa76a581124be9897e29e37dbec854f9,delivered,2017-06-27 20:20:29,2017-06-27 20:35:07,2017-06-28 14:46:36,2017-07-03 13:26:39,2017-07-19,07849663dcf359516f0619736716b7c5,2017-06-27
4208d8402138f772f9c189a1859e1f55,def8021341a1466f13686e05d39bc2c6,delivered,2017-09-22 17:01:34,2017-09-22 17:10:56,2017-09-25 23:22:13,2017-10-01 13:03:03,2017-10-18,e60bb7d6a4e75a17a1131346d6e18de4,2017-09-22
05e2ab8de37670d9d0524473585092ec,3483b8aadc6a150114ee8f761e7d3c8a,delivered,2017-11-25 10:37:51,2017-11-28 03:33:47,2017-11-29 20:04:41,2017-12-05 21:11:53,2017-12-15,7f9e8bc7f56a1129270582130b878ef4,2017-11-25
02b02f566c72d81744ae60c7b6afa22d,6de0a666300c444a5e012a952ed9469e,delivered,2018-03-05 12:03:36,2018-03-06 11:55:47,2018-03-08 19:56:28,2018-03-09 20:48:40,2018-03-15,58a0881ac45d6c7a8bc79fa8fe2305cb,2018-03-05
66d560d1c77317086f3332a6715ac1c1,838db17a7ea397c8bbb5d0b4d48b1ba6,delivered,2018-07-26 07:10:27,2018-07-26 10:50:11,2018-07-26 13:06:00,2018-08-04 00:09:17,2018-08-14,f145d50379275ab9931636f83b0102eb,2018-07-26
b017cf1ddd183e5b8bff0e7c7821c75a,eaaf5c1a77ed8abe964046535ec9f4de,delivered,2018-05-15 19:01:54,2018-05-16 18:57:43,2018-05-18 14:52:00,2018-05-19 17:17:40,2018-05-28,7247db1739364b45ac4fcd830ffeabab,2018-05-15
107dc783817b4509bdbe7e66998f5a24,de8ab444bbafe90954b80fd7187a2821,delivered,2018-07-16 13:37:18,2018-07-17 08:15:12,2018-07-17 14:19:00,2018-07-20 16:42:14,2018-08-06,738cfb86b8ccf4b231f8095a8cd463aa,2018-07-16
c945ff06cb8663806353c094c328ff56,a3fad6016abb99d9b055f32a85455a86,shipped,2017-07-12 18:31:13,2017-07-12 20:10:15,2017-07-14 00:12:02,,2017-08-11,7cc1f5c224e7df97045c52a7e46c0736,2017-07-12
153838ce98aa788f035477b4ee3b102c,253a835620b86f2b742b951a6d8ace3e,delivered,2017-07-27 09:37:26,2017-07-27 10:22:51,2017-07-27 17:37:45,2017-08-27 16:21:41,2017-08-30,8122f0c33df8e209aa609495942e20bf,2017-07-27
e64b75fd960c12db7358da68a8b75217,b04c9008a1e2d07f98f682eddae9afd7,delivered,2018-01-26 22:45:17,2018-01-26 22:53:50,2018-01-29 20:33:40,2018-02-16 00:07:58,2018-02-26,90f5dfa97563fd5d63ca27372dec3b21,2018-01-26
66f4ba6099569fe5564621a8afe502da,f8d131d4024523565f9cd91119e0574e,delivered,2018-06-15 20:04:51,2018-06-19 06:35:44,2018-06-21 14:42:00,2018-06-28 12:36:26,2018-07-18,f3ea7367420c1c5b3f1286d1cfd9eb6b,2018-06-15
9fe1f3d48d5a0ba5eb84e53689b8a766,1dc4c9fec0b8dff52815bc148005e1e2,delivered,2018-03-10 19:39:25,2018-03-10 20:20:22,2018-03-12 19:21:54,2018-04-11 19:57:39,2018-04-04,d6848141074791f20e1143d104a780d4,2018-03-10
070a76f4c338fe3cda93745a22e51270,de4f592a5c6155b2fe6f87b30aaeec9c,delivered,2017-12-31 23:29:31,2018-01-01 23:26:52,2018-01-02 19:28:35,2018-01-10 19:27:29,2018-02-02,19a589165490fdd58381a271750e959f,2017-12-31
546217c016be73136e22021e4d63985f,5b3fcd569a769e5b39b539e0ffdbf84d,delivered,2017-10-26 22:55:40,2017-10-26 23:10:08,2017-10-31 16:55:57,2017-11-07 16:19:57,2017-11-14,6bf96d3a377ea08d4de46468dcf1198c,2017-10-26
96068d351a84dcea0b929884876e4fae,4d0f9fd6b7fbb1739372df2ef5693ce3,delivered,2018-05-25 18:35:11,2018-05-25 18:58:33,2018-05-28 15:53:00,2018-06-07 16:52:18,2018-07-11,db1e986ae1df222ec34a9654c73dd73b,2018-05-25
5d5e9e184c593883202d0e72186eeec5,bdaa1d90c91825b57d34a9e8ef70b2dd,delivered,2017-08-25 13:52:10,2017-08-25 14:05:47,2017-08-30 16:08:36,2017-09-01 14:28:06,2017-09-08,920b96ee1fec5170340bb31c380568f1,2017-08-25
3d2c6a6debb7264f52777cc9912a3b7c,ed8dced159c9842a1ba5667496d12ae3,delivered,2017-08-07 19:39:09,2017-08-07 20:35:15,2017-08-08 19:42:10,2017-08-21 20:13:40,2017-09-11,8d3ec758b05fe820f5cfc8168dde872c,2017-08-07
c52d58426aab3759ad2cf6fcb69e4add,47e4d87e021a20a49ead4ef11a9b466f,delivered,2017-07-30 21:04:22,2017-08-02 08:33:31,2017-08-01 15:54:30,2017-08-21 19:43:48,2017-09-01,4b7a71c96db21017913cfee51622f797,2017-07-30
a7052564d616399c2a94709a153c688b,aad6bca63106902b51ad818c7d5de1b7,delivered,2018-03-28 17:18:06,2018-03-28 17:30:47,2018-03-29 23:36:43,2018-04-02 13:37:07,2018-04-10,f2888c99e7541004b991e6216880ac86,2018-03-28
1549221b1b6e8fec6d2f9890932333f1,e7a009989b7bed004d9f31791ee68bde,delivered,2017-07-24 17:31:02,2017-07-26 02:25:48,2017-07-26 16:13:53,2017-07-29 12:44:38,2017-08-14,7784447c90f683e4775f7c1f02c04fbf,2017-07-24
7da1331ba1360722203a1815d5e80844,faa05467f4b06e08138f1c1773ab2fbf,delivered,2018-05-24 14:28:00,2018-05-26 02:31:48,2018-05-29 14:06:00,2018-06-07 15:18:41,2018-06-26,7f6fc5ee700cebedcb210670280ea0b8,2018-05-24
7a59243f18518dcfe516671c305121c9,b328279d965c11a7e9d8505474b9d845,delivered,2017-12-20 11:47:41,2017-12-21 02:11:53,2017-12-27 20:33:55,2018-01-09 16:29:43,2018-01-24,7670b105aadd27b0e6ed4fcd7a57fabc,2017-12-20
731d3306e501c3e8d2029269e8eed46f,55ee724b3ce2bbf72372c4723094d002,delivered,2017-04-19 11:20:09,2017-04-20 02:45:32,2017-04-20 10:36:24,2017-05-03 12:48:51,2017-05-11,4c372748db64cd5ac9267420ed143825,2017-04-19
52760c1d47cac70d898facb7ac9aa803,0ced40c1deef4fcdc41987673efef092,delivered,2018-08-22 12:47:22,2018-08-23 02:44:33,2018-08-23 13:19:00,2018-08-28 17:48:34,2018-09-10,ddd1978fc6cc93e214d580099768ff20,2018-08-22
9eac94dce77597b831e8c0dfc584bc8b,8c9649f122c39c0e6bab6e62accf7f3e,delivered,2018-01-18 23:16:44,2018-01-29 16:53:28,2018-02-02 02:50:57,2018-02-17 15:57:01,2018-02-15,42f2905be3d1eda4739b33e5e962b7f3,2018-01-18
17977c94608050b43e782e6f72874c0e,bd6af8db74728123d4a31f8b95e226b2,delivered,2017-07-02 17:06:28,2017-07-02 17:15:14,2017-07-04 15:17:51,2017-07-20 18:07:00,2017-08-10,613c6adfae45a73e79862b78cea4fd73,2017-07-02
af70302ae0086b18836d45239ace6676,cc5971e71692e94bef77a9cddcc880db,delivered,2017-10-05 19:21:05,2017-10-05 19:35:11,2017-10-10 15:38:59,2017-10-17 18:03:03,2017-11-01,74a3427283a9000c276ccdf59fdc6187,2017-10-05
ec002084195fcce7185eab399b71ee73,5b7debb4d76067f7a0ad368028a89898,delivered,2017-05-05 15:22:34,2017-05-05 15:30:18,2017-05-12 12:47:55,2017-05-17 15:04:06,2017-06-05,152645ed2f25bd7695fa0df19379c566,2017-05-05
a0618409c3bdc38885d7474b4b1ee10b,e5ee1d8f8a5ae6f047a9d18a34dafeb0,delivered,2018-05-08 21:07:02,2018-05-08 21:34:12,2018-05-10 09:45:00,2018-05-18 20:12:23,2018-05-28,92ff3fe8e3c5ada195a9f19a5f7940f9,2018-05-08
5a45e21be984a22a54a63a7e950c2f0e,0331ff33cd51d777696c73c74f1e1190,delivered,2017-11-16 13:40:29,2017-11-18 02:15:45,2017-11-22 14:14:30,2017-11-30 20:15:13,2017-12-08,50828dd76f21d44a6da80ee92b258312,2017-11-16
c6536cd04306b9263da882ed30296aae,924e77f563e4f8e19827a72b286e8f1e,delivered,2017-10-10 11:33:15,2017-10-10 11:49:33,2017-10-13 20:54:54,2017-10-19 17:42:17,2017-11-08,2f5b85d00d2b06d425a3890bbefa6730,2017-10-10
4929d4d047361715eb1ad08b7affce93,cc38c1b9a700590f58594bbedea9912a,delivered,2017-09-11 19:50:06,2017-09-11 20:05:18,2017-09-15 19:31:58,2017-09-26 15:13:02,2017-10-13,8460af5aae7f05ab7dc46830fd995669,2017-09-11
3bbf8497fe206b3398e30cae9791847e,692dc549243e0145a972979e8d54a16d,delivered,2018-01-24 00:56:44,2018-01-24 01:15:19,2018-01-24 23:56:45,2018-02-05 20:27:51,2018-02-19,5267e2829a30776b57053a6535d05115,2018-01-24
e5daa600c317dd1854619b456f89fc1b,94b6aa1f152173976f523dfc04cd11fa,delivered,2018-06-21 22:45:51,2018-06-23 02:36:11,2018-06-28 14:31:00,2018-07-03 07:07:46,2018-07-17,a557b2d4e2a88cc6ae5e9dc6158d895a,2018-06-21
15f8e1e2abf48b0c5161b2f0110ba6eb,dde23df9318a2e048149054f17aedaf3,delivered,2018-07-11 09:20:53,2018-07-13 03:04:22,2018-07-18 16:23:00,2018-07-23 19:09:13,2018-08-13,106160f93a08c796a79ec8239ea7c76b,2018-07-11
fe030f56dcb66e53dfb1fbfdc21c30cc,43b640b00aa7739cb08e13d978076dcb,delivered,2018-07-15 12:25:40,2018-07-15 12:35:14,2018-07-16 12:37:00,2018-07-20 21:58:49,2018-08-02,0b335ce77ceb009e8ac55975e7e0b0b4,2018-07-15
5f4415c3829ad05566ee455a5344d07d,2f033634e5b7e0eb05138d776c997441,delivered,2017-11-05 15:57:06,2017-11-05 16:10:30,2017-11-07 19:07:34,2017-11-10 21:26:51,2017-12-13,72e79d08a90aa4e10f7e5aa76e65b258,2017-11-05
ab96ffdb4db7fa3807bfb7a512f2f519,9c30cbe98d8f27539ba2320a78963c2e,delivered,2017-08-20 18:12:56,2017-08-20 22:34:58,2017-08-21 20:35:38,2017-08-22 19:47:44,2017-09-01,40aec69721944199a1fb9bde491d6d98,2017-08-20
48a40810ca9950462e73f0796c863b88,c49deff8ee26f5749017d2f8ad810b1b,delivered,2018-02-10 21:17:00,2018-02-10 21:35:24,2018-02-14 20:45:07,2018-02-20 21:46:07,2018-03-12,23539ab2fa3d6e255f96114be5d2dbd3,2018-02-10
e832978fef8a7cffd12180e684d309d5,dffc41c0be79bbb7084134618223fcf0,delivered,2017-11-20 16:59:40,2017-11-20 17:08:32,2017-11-22 15:44:51,2017-12-05 19:28:48,2017-12-12,1529931ae589e40510ce709d0f4e83ba,2017-11-20
1c7c202a0cbbdb86b7613a8f2b0931e7,c142645e0a399bc8c83ae32eda0e90dd,delivered,2018-06-27 09:58:44,2018-06-27 11:06:34,2018-06-27 11:13:00,2018-06-29 17:16:56,2018-07-20,ff13020f563046251921a8879f11c565,2018-06-27
32f4f0673547f9e7bef5c7d24d8f3a87,7c21b22cb0e33c875265ecc2c0b772fb,delivered,2018-06-08 16:26:19,2018-06-12 05:36:46,2018-06-13 08:10:00,2018-06-22 18:32:00,2018-07-20,8f59bfea783b743b0306a1621ba60370,2018-06-08
33d949de3be3df6e3cf017b6ec4aae4c,8c474e13dec3293bb1a548dc4e4128eb,delivered,2018-03-07 07:52:57,2018-03-07 08:09:10,2018-03-09 17:34:43,2018-04-09 16:03:37,2018-04-04,ff229b260eac0e03e535db03ab6ba8c3,2018-03-07
67fa670663f748061f866f748dcef27d,42f90acd2d9fbaa7b29d381883258dac,delivered,2017-10-05 19:48:11,2017-10-05 20:04:35,2017-10-06 13:05:14,2017-10-09 19:17:58,2017-10-23,baff9c477312e87a2dc6d326d9fbcea4,2017-10-05
701b6152f4772bf004cad6741981b060,300223b911b2ee2188f0f18835ce9a43,delivered,2018-05-08 12:39:36,2018-05-09 12:35:19,2018-05-16 05:27:00,2018-06-04 21:22:28,2018-06-12,6f7a4b1f8ef9ff08285a31c0fe744aab,2018-05-08
8e57ac2b38a0c102cede2f11023e5738,ac1a777cd3bf601e371e7162a1ed3173,delivered,2017-12-07 21:45:08,2017-12-07 21:54:18,2017-12-09 15:17:47,2017-12-14 20:34:51,2017-12-29,304bdb7650773fcfe7b1d364cb05b490,2017-12-07
5478185613d8f2fb7192968eb77c141e,834f4cd1936a06f71ce38ba1c790d142,delivered,2018-01-18 07:11:17,2018-01-19 07:14:23,2018-01-19 16:28:56,2018-01-23 17:04:19,2018-02-16,35be49bcb22504c3ef1e2d43afc73fec,2018-01-18
d332666968a0059863107068a656d239,691128d2f6176410e605aa8342fb95aa,delivered,2018-02-17 14:30:13,2018-02-17 14:46:44,2018-02-21 21:12:05,2018-03-08 01:11:58,2018-03-15,bbb0759f58aa433bda295f7756077666,2018-02-17
953501839cfe2990297454e7e7bf158d,a5bb5cca349a6c8ce5a1f2c1341d25e0,delivered,2017-11-25 01:49:52,2017-11-26 20:13:46,2017-11-29 17:42:07,2017-12-15 21:52:37,2017-12-22,9403bc2d1bc24edda854c1c389c14da1,2017-11-25
9edbaf6e61c4fa2251a7bdc8640b8cc1,7a8238a4fd6dc6bdaf627a14c3042dba,delivered,2018-02-20 23:30:26,2018-02-21 00:07:29,2018-02-22 00:15:17,2018-03-13 22:02:40,2018-03-15,bc1d85759162819bbeeb8e7566f6d91b,2018-02-20
553ba7f2b59345ea057f5a8062784dfd,2da1ba0c63163f633ff084cd90fdcc25,delivered,2018-06-30 12:22:31,2018-06-30 12:35:11,2018-07-05 14:44:00,2018-07-06 18:03:25,2018-07-19,50284a22a99935cad4630ed1a81a566c,2018-06-30
363aa2fb205fb8cc8568919310f793aa,5f285ae4dfae33fb233cbfb5a1ebedf5,delivered,2017-10-04 19:43:51,2017-10-05 19:46:00,2017-10-06 21:56:42,2017-10-17 16:42:27,2017-11-10,7773deb3349ca589ad69538461d35077,2017-10-04
3c4ef06a14ef470e73ea05eb315ff841,2d61700a423619c9079c538ed61967dc,delivered,2018-08-07 08:16:01,2018-08-09 03:45:01,2018-08-13 15:35:00,2018-08-22 18:51:59,2018-08-24,6f54e4948259bd0c7563d961f4ac921c,2018-08-07
c05fc3fc944af4da60133785126e8458,47f91be2b090f7e46def1c6d9f9f4ca2,delivered,2017-04-11 19:51:41,2017-04-11 20:02:29,2017-04-17 09:53:18,2017-04-19 11:28:14,2017-05-09,d23493a7ea828144b0c90ae079cc02e6,2017-04-11
6bca1e1153602e07db22966a5b800e9c,2026b1c867563bed4845509e3020574e,delivered,2017-11-06 21:18:16,2017-11-07 04:31:42,2017-11-08 20:26:49,2017-11-13 17:09:33,2017-11-28,214d4e74738e2c03bcb4f6bbe69a20bf,2017-11-06
294fb274681bed90131ca92ded8f6467,f6d09a183b6e8e19a58ded98ac15f523,delivered,2017-07-08 10:01:37,2017-07-11 04:04:00,2017-07-11 18:32:57,2017-07-12 21:52:37,2017-07-21,933104ac821e4393db5fc56e286a82ea,2017-07-08
e65c1034a0e40b31a10fb6ac79277ee6,7b279dc9e0abc09f5307f5790a188935,delivered,2018-06-21 22:32:27,2018-06-22 22:37:31,2018-06-26 14:58:00,2018-07-03 20:22:25,2018-07-24,f6aa9693372ad3926e94cf6a259742a6,2018-06-21
f4f8aa5fb2ceaeb486500d9a7926a272,3cb9c099a7c6bc5ce1d4e1f8e2ea6644,delivered,2018-02-22 16:06:15,2018-02-24 02:55:35,2018-02-26 20:56:50,2018-03-08 09:32:29,2018-03-19,76c97e01b5a2a58b8456c4db49bd988b,2018-02-22
7c644ea34ca017627bdfc5a5465a14a3,568c0837258282de3882cdfd815f674a,delivered,2017-09-23 02:09:15,2017-09-23 02:36:11,2017-09-25 20:52:50,2017-10-13 19:04:35,2017-10-24,4631d65519abaf54c9429423e48f6e8e,2017-09-23
cdee3ff3ab3f8f61f223e40ed025a7ff,5923fa2f0a07d4bdf8cacdee79a37b2c,delivered,2017-11-20 21:39:48,2017-11-22 02:46:57,2017-11-30 18:50:07,2017-12-12 22:43:07,2017-12-22,a2dd6066e7ac94ed25c13c36e10677b1,2017-11-20
7975bad6e2c65b59ab15b7152c94c63d,96abd0fc439167d6afbe20f5e8264e6a,processing,2017-12-25 10:31:34,2017-12-25 10:48:57,,,2018-01-26,e4c94b4dbb992b142e1ba1dd4a81b903,2017-12-25
427e94c44e8cd05d6b4958f49f5199ab,9e3fe122c953e6f616a2d6bb78307741,delivered,2017-05-16 21:43:32,2017-05-16 21:55:10,2017-05-17 14:26:39,2017-05-18 13:17:37,2017-05-29,c94edc4af5621bb5f8c914b3aae0d428,2017-05-16
107f796f9c1e10edb137ba137996d18b,f61588c8cea27b79e788afc67310c89b,delivered,2018-04-26 21:49:13,2018-04-26 22:11:43,2018-04-30 06:25:00,2018-05-09 15:12:03,2018-05-29,0efbf71d3bb7f39db251d45828021a8a,2018-04-26
d65ce654036a4d7decce8957908be32e,925a4a6429fb63b03059dee4cf0f3893,delivered,2017-06-16 02:00:38,2017-06-16 02:10:09,2017-06-16 07:50:26,2017-06-21 15:47:47,2017-06-29,62e20cecb4d01a1f151ae9dd4f7a8281,2017-06-16
1921024da7f9d26bae5f85b4e382fe07,02e8990f0804b2043a2c95f16605344c,delivered,2017-10-28 11:41:10,2017-10-30 10:15:57,2017-10-31 15:06:53,2017-11-01 17:05:37,2017-11-13,fd0d0246bdbdb7deb69c0c4ada408a8f,2017-10-28
692db147c656a46d659c6615b8e429bb,2985a45ede6266a319c63f00edcf10c1,delivered,2017-09-06 09:26:53,2017-09-06 09:44:03,2017-09-08 17:33:58,2017-09-18 22:22:23,2017-09-29,a01276261f0936652b1b315f94104b38,2017-09-06
fc9bc4bac939adaa600ad59dee9a106f,566bf9470ea51d6f6d0d05be06323576,delivered,2017-05-14 20:22:41,2017-05-16 19:15:10,2017-05-17 15:27:52,2017-05-18 14:47:45,2017-05-24,6be2c252a809d3549f9287ae6e2fcfbf,2017-05-14
aeba924ab4196ee9a04164f22278f117,14da31c495d6657eeb56c66889f88282,shipped,2017-04-20 09:13:22,2017-04-21 05:10:16,2017-04-24 14:59:02,,2017-05-15,6269a0e4ab26bb187fe72f7e9d359fad,2017-04-20
12d34cd89b0be0896cfecdbd41f5e952,3bc77dd1abfb7c4ae5c9b9b42b297c60,delivered,2017-08-03 09:38:50,2017-08-03 09:50:19,2017-08-04 14:28:38,2017-08-22 19:11:00,2017-08-31,e7e84072c5730f21d38aea4e37d531f0,2017-08-03
e7b3238f912e9efb45f970a33d3ac10c,5c1547bae5d0f335ad4b7728b54be141,delivered,2017-11-21 11:35:53,2017-11-22 11:29:23,2017-11-29 10:19:08,2017-12-07 15:39:29,2017-12-13,f4728af1d2c2ff636d8e03f60cfec8d0,2017-11-21
3f70b0d81238eb5206e9f84ecd006bbb,617624189e867be995c3e380e4fc037c,delivered,2018-08-19 23:37:29,2018-08-20 14:10:25,2018-08-21 13:48:00,2018-08-23 20:23:38,2018-08-29,12be62b4fa6e02d8e3949e3c118954f8,2018-08-19
723fdebe8280ea74fca298382c4d7ac7,bb7a94644a9bd3b4116876c4a6380e1b,shipped,2018-08-12 21:51:12,2018-08-12 22:04:26,2018-08-13 15:19:00,,2018-08-16,7bd0f588e7a945f2b1c376079556f871,2018-08-12
c8f74736a2adf12a4057a4c97c8dedb1,a4e08ac63ee6dff6b5e9c5aa3b8641f0,delivered,2018-06-28 18:50:08,2018-06-28 19:11:42,2018-06-29 15:08:00,2018-07-04 19:06:49,2018-07-27,3d12cbf2830e8c12bc10ea45dd9eac28,2018-06-28
ef0212749905003aa8fcffc9ba0be16a,aa625e70d5e95d9b5c2c24e78fa0d75c,delivered,2017-11-24 23:22:23,2017-11-25 01:32:55,2017-11-27 23:09:05,2017-11-30 19:27:10,2017-12-14,40885dd316c09b61d617c93798233e1b,2017-11-24
b4abb149fb1b128bbd21db842a86e891,18c600236647ceb2919a8f9adc3ab76f,delivered,2017-09-11 11:48:37,2017-09-11 12:05:25,2017-09-12 21:59:34,2017-09-19 22:47:45,2017-10-06,aaf8ccf74ee72454c5aa4bc971db41ab,2017-09-11
2741e16d029bedd26c95382328762047,3a20ca43c1d668ed330330e1e84af91c,delivered,2017-12-13 20:22:52,2017-12-14 22:29:37,2017-12-18 17:57:10,2018-01-04 16:16:28,2018-01-18,abd0b383c8be738ec0146766eb348336,2017-12-13
db3e8c24c5652c8944bc5a05d9bd3933,337d7ce662818b9b44e9978e79373719,delivered,2018-08-02 12:04:52,2018-08-02 12:50:14,2018-08-03 04:29:00,2018-08-06 14:13:41,2018-08-08,7cea775e5522ca8da1419ef8feea98ee,2018-08-02
980b9aef670d4659912793b2fffdea29,f765ec8cbb703a2467541a10355863ce,delivered,2017-11-04 22:08:08,2017-11-04 22:25:27,2017-11-06 18:12:14,2017-11-10 18:02:45,2017-11-27,fbbc90758764567a8630c142c3b84402,2017-11-04
a2f4de10fceff6c008efd19d2b99725f,b66217448555073a1804c56d701fa4e1,delivered,2018-08-11 11:48:41,2018-08-11 12:04:28,2018-08-13 15:09:00,2018-08-15 17:48:37,2018-08-20,74635e4c481883885fbc9429b880df02,2018-08-11
69c49491c1300f416d32e8bedc9f8907,1223d05f13c9da072919d40915747b8d,unavailable,2017-10-26 10:35:27,2017-10-26 10:49:24,,,2017-11-08,7f30495af3c648abb809b674749e4f1c,2017-10-26
cc72d62c9da97fa8f846e9403f0fe57f,1bf87f7da7bffcc76319558c3f1a2105,delivered,2018-04-15 11:34:35,2018-04-15 11:50:28,2018-04-17 14:43:43,2018-04-25 13:37:49,2018-05-09,7ce7c20ac269f4642f1c7058ab375102,2018-04-15
ae213a9f84c777fb7a31e8c0f09fd30c,cac4524e1e6714ef3fdc324fc0f86cfb,delivered,2018-07-03 22:13:48,2018-07-05 16:15:23,2018-07-04 16:17:00,2018-09-19 15:46:39,2018-07-31,5f85be15539267e9fcbc5d6f5d1ff206,2018-07-03
db999cb4a094b7ee75160a0939124c2c,e2c600ac8887aa902c5625d4e2d55c62,delivered,2017-02-15 20:56:14,2017-02-15 21:10:10,2017-02-20 17:12:25,2017-02-23 17:15:39,2017-03-14,8267e6bed92b1a94925276278c1d2d35,2017-02-15
e71fb243240c2fd8fc69d520aac8bccf,07bac215ce13a0aa6640cc2ea7411c20,delivered,2018-06-26 20:34:22,2018-06-26 20:47:23,2018-06-27 11:31:00,2018-07-03 23:16:47,2018-07-23,18244a4ae12044ba1d2bd6d323f99ed2,2018-06-26
31f49b876b40d899bdb6c403b4d2b20b,8356099ada1aeb005c267bed62a9c750,delivered,2017-05-08 10:16:29,2017-05-09 09:50:18,2017-05-12 13:49:56,2017-05-15 08:12:10,2017-05-31,5a7d9eb6ba2ea2fe7b9a7f1640dc3876,2017-05-08
07b93986d3989da936b0f9dfc9ab8972,e374debe4e35018b4d20de4337ea74ae,delivered,2018-04-05 05:11:57,2018-04-05 05:27:55,2018-04-10 00:11:51,2018-04-20 15:44:23,2018-04-30,ffec10ad4229ba46818560e1c8b40a68,2018-04-05
e5286ca4b6d056e978c305b3134cf612,87a0ef17008514801a0651bd00d64e10,delivered,2018-01-15 15:59:21,2018-01-15 16:12:36,2018-01-19 02:21:26,2018-01-19 16:42:52,2018-01-30,080c8e3b883e668f0c1586f625ae83d6,2018-01-15
73bc7197ab48ef03213b1a5e92c6437d,af9608d0d237700c68fac0a2003654eb,delivered,2018-02-27 09:44:26,2018-02-27 09:55:30,2018-02-27 22:58:45,2018-03-12 14:44:27,2018-03-20,bc12afff5cbebffadc0e7f4aa470ddc0,2018-02-27
736a0ae761142f7a26c946edd552125d,dfb09470a11a58fcc1a8cdd79d5a8dc8,delivered,2018-08-17 08:06:17,2018-08-17 08:15:23,2018-08-17 14:31:00,2018-08-24 19:35:31,2018-09-10,5983e4b51909d0d1ca140ea6a2bca82d,2018-08-17
20834ef6941f038baa2ad303dc1db413,dee92cf6be34856befa4b6d7baca9315,delivered,2018-04-01 22:33:42,2018-04-02 17:49:11,2018-04-03 20:56:40,2018-04-11 14:11:53,2018-04-23,5c6a5d96093ed481f89a1f30e0d09f53,2018-04-01
aff32ddeb1d4fcd7baa9d10d9b5941eb,3b44c4372e0517568699266a2d6a758d,delivered,2017-07-10 13:26:40,2017-07-10 13:43:21,2017-07-12 13:49:26,2017-07-24 19:08:36,2017-08-03,2b174670dbec666bbc68b6e2a4062740,2017-07-10
acfd4e73993d49708599a826d48978dd,defc96df9b7447d38ecab4d7b302219f,delivered,2018-06-26 10:36:34,2018-06-27 11:06:50,2018-06-27 09:51:00,2018-06-30 15:33:24,2018-07-18,18920da4fb2c24dcf6bc00d4ebba1283,2018-06-26
0f93f7603185d299224f49c8aa5025da,21a23da4cdf2d4dcbe72ac48117ef0c2,delivered,2018-07-13 12:02:34,2018-07-13 12:10:50,2018-07-16 13:10:00,2018-07-24 02:12:10,2018-08-08,4299091e38e061d6c710583259cafe21,2018-07-13
8169b187d385c4c6c5bcfede16d5a437,8a9da9c94cf6fe562889cf755b39f946,delivered,2017-11-28 21:33:30,2017-11-28 21:51:25,2017-12-01 19:41:58,2017-12-20 21:38:10,2017-12-29,cec2b8b5f111e412032e6aceaf41c046,2017-11-28
9571cb862acb9ac518c76590d0fd79bf,8b0d13b08d69c3277aca22a774eb8f45,delivered,2018-01-21 21:09:56,2018-01-22 14:00:23,2018-01-24 01:42:14,2018-02-05 19:33:46,2018-02-26,8ea42429ccc7426d66542900f17513ae,2018-01-21
058350ebe1e9c9b426d1331b4b6063d1,91ad3f8e690ac01a441bee801929b0fd,delivered,2017-03-15 05:44:17,2017-03-15 05:44:17,2017-03-15 11:29:50,2017-03-30 12:54:09,2017-04-07,e5c778e6b81792517b5c3c1a56037841,2017-03-15
877d52b768c0c8d81d071d3eea29bf8f,c6d3ee03a9993b5903fc384f8448d62d,delivered,2017-08-15 16:35:15,2017-08-17 03:06:08,2017-08-23 14:28:20,2017-09-12 07:42:23,2017-09-25,d8ee71710734de2ea634e9477b4b9f13,2017-08-15
d2c6f711025d9bb4a867edd51859f845,a691e2a2ac37c387c637c02eeab175a7,delivered,2018-02-18 19:39:36,2018-02-18 21:06:55,2018-02-19 20:35:18,2018-02-27 22:09:41,2018-03-09,9c6fe0231c0253be43d266bf55c0cd84,2018-02-18
79366f316d691e60b576d0a9b45b4ba6,3c5ec3e2918028d4e3d956be876ba89b,delivered,2017-06-15 08:11:47,2017-06-17 03:43:36,2017-06-21 16:03:42,2017-09-19 14:57:53,2017-06-29,b854c0239ddb345898833db3b80feedb,2017-06-15
1b2cc19f566a98b30bf2cc0eb3028b39,cb9f7e754714c4507e19f30f716cf99d,delivered,2017-11-25 11:05:56,2017-11-25 11:16:23,2017-12-01 19:48:31,2017-12-04 20:52:09,2017-12-11,ae9ef5852f0832516cb684ade08b18a0,2017-11-25
2452ee5125bebf2bf5ad486a22d155f8,e0e0a604825249d7ae9ffacf34133135,delivered,2017-12-01 10:32:10,2017-12-01 11:30:55,2017-12-04 22:04:26,2017-12-15 16:37:47,2018-01-08,a836949b8cf583b1868d8d7ea4ca1614,2017-12-01
72c1d87887d0b9a3965557013e74f543,4161d3785c2c4c6517a57143ecb0c466,delivered,2017-01-23 13:55:30,2017-01-23 14:05:22,2017-01-23 14:11:03,2017-02-07 13:12:39,2017-03-03,71683fbf22478b08ea6f36050eb0994d,2017-01-23
ac1b68b95d77ee9e9c3829ed43f2ccbb,afe9d1eb2f0425d550f70c13702bcd85,delivered,2018-07-06 23:39:43,2018-07-07 09:55:12,2018-07-09 12:57:00,2018-07-13 04:48:38,2018-07-25,81602361aef8bca78590b927dbce91ed,2018-07-06
ad6aec326fc31e34aaa0ff7ab3788c43,d8623801d61ed78b96506a12868d09f7,delivered,2017-10-11 08:34:30,2017-10-11 08:49:10,2017-10-11 15:42:56,2017-10-17 22:16:41,2017-10-30,e9157eb28b76aa9231f1097a4b3d2161,2017-10-11
c38aa2f85a080e3c7d20f51359873479,cdd41d4855ed541bf86744974bf4d2a0,delivered,2018-05-25 13:15:56,2018-05-25 13:37:06,2018-05-28 10:02:00,2018-06-01 15:06:41,2018-06-20,2ef256b046ef8661f3297e6d2eb04fed,2018-05-25
3668477773eb5474d397777749d44f08,99bc5d1633f1125d6913e8922a61b95e,delivered,2018-07-10 23:16:46,2018-07-10 23:26:00,2018-07-11 12:16:00,2018-07-14 14:38:34,2018-07-27,f3b8e763d557439c08f5e062a86ecc38,2018-07-10
84734d9913fc9a6eb15b3e982a15fedf,d3fe99bafbfd3b2ce3e6cfc4d7946fa7,delivered,2017-10-16 13:37:33,2017-10-16 13:49:50,2017-10-18 12:27:27,2017-10-26 18:46:02,2017-11-09,7ef9181005036e6819410e1309a1373b,2017-10-16
1d0c373f68c650322d4f065497cd4494,30cf24ab088e505768389f0be27ea37f,delivered,2018-03-28 03:29:58,2018-03-29 03:10:28,2018-03-29 21:48:49,2018-04-21 00:08:45,2018-04-20,ad60ba535e4fa2b72c924290d6337913,2018-03-28
cf597c14464cc1f0e5657952d0ce4818,f084c9358e93908e58e42c0e3f7fed69,delivered,2018-08-11 23:10:46,2018-08-11 23:25:10,2018-08-17 11:52:00,2018-08-23 23:08:30,2018-09-06,633cde82da54389c1018461f59427a42,2018-08-11
7aed06997400a84f154227f83f9a8f86,7da9a89355550dc1056ad9d8a9a7028b,delivered,2018-05-18 13:11:50,2018-05-18 13:36:32,2018-05-18 13:50:00,2018-06-06 19:03:47,2018-06-12,51b4a4617b0fd02694919af0136926ab,2018-05-18
6b7ebe19e66635ace7e1c9c556745a38,277216898f0c5c9655b48f19ae05ce4d,delivered,2018-04-05 15:29:27,2018-04-06 03:15:40,2018-04-09 22:36:48,2018-04-16 13:56:47,2018-04-30,f3b9a1f96ffb380f8731d7e9043c0e4c,2018-04-05
5a4761b64c03fa0c4663d7ebba05bc33,022de985df50a701851d137f5baea251,delivered,2017-07-03 18:04:57,2017-07-03 18:15:10,2017-07-05 15:03:35,2017-07-21 15:33:58,2017-08-10,30f73ad216db6d159099e1022c2981bb,2017-07-03
3cad2aa3b180252c0393e89cd3a7d449,5a7ead215ddd95a942d4128b56b7b42b,delivered,2018-02-04 17:12:46,2018-02-05 17:32:57,2018-02-06 17:27:00,2018-02-14 19:29:01,2018-03-06,8e6ff4de0a0a7529de62ea86159be780,2018-02-04
7ac8109e735f29d8982f4503586fe59f,57a13b49e2c28cc231094993c2613ebb,delivered,2018-07-03 00:21:23,2018-07-03 00:35:12,2018-07-05 15:01:00,2018-08-17 16:25:25,2018-07-23,fd4e2eed3f08afa1438dc27c33ea5b89,2018-07-03
be06d9f698d7e74899f4cf223ae62995,0f574bf27462cb2edf5873c751701344,delivered,2017-08-07 11:29:18,2017-08-07 11:45:24,2017-08-08 17:43:42,2017-08-18 18:57:04,2017-08-18,9fb0610d1653672a993efe94f2eeb896,2017-08-07
b6d67e1b245f18e37675b27ab9aee7cf,e49c19b5e8d487509f25220e02c9b2eb,delivered,2018-04-24 23:36:13,2018-04-26 03:51:36,2018-04-26 19:07:00,2018-04-27 23:28:53,2018-05-10,7e410d1a869ec40ee1b4b9afe6364de8,2018-04-24
153fb90c16a95a3c0ea6cc48a1a4069c,4d02e7d9b02f003359bce7134dc4941f,delivered,2017-11-14 09:16:38,2017-11-15 09:27:27,2017-11-16 23:08:44,2017-11-25 11:06:56,2017-12-07,595deb8c0af0545280e8d9bac8213073,2017-11-14
c9501c00fae501ebb1ac842b94bbf192,32f739c8fd212a33fe7598777b9cd503,delivered,2018-04-25 14:31:11,2018-04-26 03:51:39,2018-04-27 11:30:00,2018-05-12 13:17:26,2018-05-28,a95b58f9bb7c6a32049eb15a977b6756,2018-04-25
da5c9003db4a2e616ee1b5bcc0448401,b9a598c48dafc23e10cf9117d6135970,delivered,2017-04-22 18:07:18,2017-04-22 18:15:19,2017-04-24 11:23:57,2017-05-05 08:36:39,2017-05-24,dc040d42527585addfa67153d4d1ec03,2017-04-22
57c0b0276ce0eaf721a4424bf077ce8b,680043a09260a212d1dec021dd1efadc,delivered,2016-10-08 08:05:21,2016-10-08 09:03:40,2016-10-12 09:03:41,2016-11-09 13:41:20,2016-12-14,f2fa99f89acf8b2c2f63775d218def26,2016-10-08
808c7c69c2778bdf4689eee0286e2bef,d9335c099e6943d88ac5f8a7cb418b66,canceled,2018-02-22 07:57:07,2018-02-22 08:10:27,,,2018-03-13,22af178809fa6887af2cc4f7d7bdc0bc,2018-02-22
61b1d17f200e5b6d7c8570b70d4d880f,8a199e2d2718ecf006bad3422ed45838,delivered,2017-11-28 14:39:40,2017-11-28 15:06:46,2017-11-30 22:19:07,2017-12-06 02:27:02,2017-12-12,cc9d6fb802c1fbb8edc5f82736f790e0,2017-11-28
0e3ee99a343d05fc3fa4256f7c675c63,6b498e20f44d131b2b912ac637726a2b,delivered,2017-09-30 21:33:07,2017-09-30 21:50:34,2017-10-02 21:32:19,2017-10-09 22:42:41,2017-11-06,1bfd23153e03787befef6a26b87431c4,2017-09-30
b2d895292b5119d7d9306512de5bfe79,d0568f0dc6f38391efb8175b0b33c08f,delivered,2018-08-07 13:03:49,2018-08-07 13:15:18,2018-08-07 15:26:00,2018-08-10 22:51:28,2018-08-16,d8d3620aaefe28de2acf94b61aa2d5c0,2018-08-07
f4d3a6f8b3c011cb012b39fdfb4817e8,006a5d6b5f648f3811fd4fa94d93a67c,delivered,2017-05-30 10:59:46,2017-05-30 11:10:17,2017-05-31 07:12:20,2017-06-05 12:18:01,2017-06-23,52b088042a61c6a03ba2027a6dd929cc,2017-05-30
c6e024e14773d2ff5afd6daeaaa9239c,072727b98246cb0cc8d55699bb4aaa8a,delivered,2017-10-02 13:56:53,2017-10-04 03:07:16,2017-10-05 15:58:12,2017-10-13 17:05:44,2017-10-31,513f80bafbfe8644ae3f1b65f1fed18c,2017-10-02
b52ea8d12cbdea8a6b2be328a2e8ae55,a7c15c89af2d5b5a9b4cee2ddcb5c20c,delivered,2017-11-30 10:32:03,2017-12-01 10:31:31,2017-12-07 17:39:48,2018-01-03 22:14:27,2018-01-05,76672974179eb4e13c5c983ef82c861a,2017-11-30
a9d3bdf62f359d999692b94986633e85,c34fde6913948f36435f5aa8b473e951,delivered,2017-03-24 10:29:59,2017-03-25 06:42:46,2017-03-28 11:46:24,2017-04-06 15:52:21,2017-04-19,f964ebc036142e6d4e30f1b7dd3931cd,2017-03-24
021f26893462ec6a677baba7f06ce4c1,08fd236d2b9c7fb54e98c43a83d40cda,delivered,2017-07-07 15:24:27,2017-07-07 15:35:08,2017-07-11 11:56:37,2017-07-22 12:59:28,2017-08-01,bc67be6e72092614068c8e3421832f54,2017-07-07
d4e1ef173ac9e00a6f0c0bd6954183aa,68148e0a96b5c59c757ce5954e88ea70,delivered,2018-02-23 15:00:35,2018-02-24 02:35:49,2018-02-26 19:55:39,2018-02-27 20:04:41,2018-03-09,5b95dc419c1284aef08693d3ea32da8d,2018-02-23
a140c8837fe93faea735fdb258215911,9151b134d8f0f1b7b46d3c9003ad599f,delivered,2018-03-13 13:58:19,2018-03-13 14:15:38,2018-03-20 23:24:45,2018-04-03 02:52:50,2018-04-03,1c5cbe9cbf4551e15b5c3d345239af8a,2018-03-13
e53c0c4f98222c1309a9903077858166,ebb4bbbdfc885e78481d17c9f5ff3f85,delivered,2017-05-09 19:24:35,2017-05-11 04:22:33,2017-05-11 13:33:54,2017-05-20 11:43:53,2017-05-29,fd84876f95aaf85b74d38b8c94e60e7b,2017-05-09
b854e1f985cbc368ffcc401efadc5311,e63c0caef7383c445520d957f019a86c,delivered,2018-04-12 08:15:45,2018-04-13 12:50:18,2018-04-17 20:42:31,2018-04-18 20:53:25,2018-04-30,1449f741c918f0e16d9e67393c15184c,2018-04-12
e7dd506a63f07f307075dd46a6a5f41b,94c77712fe3ec92d0d952eae35dacd98,delivered,2017-08-11 20:51:11,2017-08-11 21:45:05,2017-08-15 15:45:56,2017-08-21 21:12:37,2017-08-28,4736edc381da3d6dc96db9e901e3c4cf,2017-08-11
63f533d511034d27ad176443dc9cfb37,a50ac73cc4bf43b142096a436514c282,delivered,2018-01-20 09:17:04,2018-01-20 09:32:58,2018-01-22 17:03:13,2018-02-05 21:12:39,2018-02-20,763d19266fad3c4720da38d5764b5317,2018-01-20
d8665f349c8a92546c754a7e84627c52,e1384829a4a5610becdca3046dc6c232,delivered,2018-06-21 21:24:28,2018-06-21 21:36:38,2018-06-22 15:15:00,2018-06-28 12:28:46,2018-07-13,31898f094903a5775155cb66b6a249ef,2018-06-21
0e3f0e36f889146f31ef72cfeb1a1d30,7691fababe5a8ed586570e0ae4c7052e,delivered,2018-08-17 17:13:02,2018-08-17 17:30:06,2018-08-20 11:58:00,2018-08-22 21:56:42,2018-09-03,660b9b1a3946216e199ec529e3efc762,2018-08-17
95f552c5bebbb2d3c6ff73da9ff5e2ad,531848f78249503b665b3dfa71732bed,delivered,2017-05-16 11:42:33,2017-05-16 11:55:17,2017-05-23 12:37:41,2017-05-24 12:15:02,2017-05-29,a91fd4761ed507625be2c9c2e1835069,2017-05-16
a70b9ff516da648dcee359a50611fe6d,d3501374dbb088ca22910d940ce4abb9,delivered,2018-03-07 09:39:07,2018-03-07 10:20:22,2018-03-12 19:18:51,2018-03-28 23:18:24,2018-04-02,6e0a33963dd8ec347eea43266e6deb06,2018-03-07
604d4cba9e93715603dd7bef8085766d,6082706302e3f662912ff2ff90d3fe91,delivered,2018-03-06 10:30:13,2018-03-06 10:49:44,2018-03-12 18:42:49,2018-03-28 15:26:44,2018-03-23,57ac2293ee450e5fa986875a93d884c4,2018-03-06
2bf5740adc026c1b84b93c731d86fade,ed1a722ffcccc98161a2a3e8bfb67509,delivered,2018-03-25 09:36:26,2018-03-25 09:50:25,2018-03-26 23:34:00,2018-04-06 22:12:38,2018-04-17,d5ae6283a45e330bfa6c495d39dd67f2,2018-03-25
94a4dc2611178b53fb85f8528a3c4e9b,5ab25527a157d3fa3ca0f9af3160f69b,delivered,2018-01-26 21:35:17,2018-01-26 21:58:39,2018-01-29 16:08:57,2018-02-05 20:51:45,2018-02-22,995da1937e8061aae90fece32d46db5d,2018-01-26
e2f058d7261e0cfb0eea8f8d556269ef,7c85cf6886527672c997e678fa7c70c4,delivered,2017-07-24 16:55:53,2017-07-24 17:10:09,2017-07-25 22:49:44,2017-08-01 20:06:11,2017-08-15,88244930d31066351e22ace31b1371cc,2017-07-24
f52ca6450bdbd97aace8dc2d9d711000,90458193c77963a2f26e73bd02bb266a,delivered,2018-03-15 16:14:32,2018-03-17 02:50:50,2018-03-20 19:28:34,2018-05-01 17:52:11,2018-04-10,29f5a5c92b58790264b81175e7cde82e,2018-03-15
99040bfab9f5595ad65fbe6185957d96,25bd23451d71811a9d1a92613fe2c8fd,delivered,2018-02-20 09:53:06,2018-02-20 10:27:02,2018-02-21 15:09:13,2018-03-01 18:12:24,2018-03-19,a2c91ad99292b578186da5939a6a2f6d,2018-02-20
bc988b60188595f7f3ec8456f7dcfe14,e7b950a8f7872df50ab618d052437d84,delivered,2017-06-20 10:29:56,2017-06-21 02:30:12,2017-06-22 12:22:42,2017-07-03 10:45:02,2017-07-14,b0d507d4f0e77d9e0082adf8e25a71e8,2017-06-20
4d6508666e706d6dbbdea72b4ac1a05b,3b6f234e5081db95a06d521a4a9e6f57,delivered,2017-07-07 09:45:05,2017-07-07 09:55:20,2017-07-13 10:48:46,2017-07-26 01:03:34,2017-08-10,e8f7da1a60ca6bef3eb0ce1485813b88,2017-07-07
e914223bd5011825c70d0c53ff6a53d0,7ff9db4f2c30ad9517c3540905c3203f,delivered,2018-04-01 16:31:55,2018-04-01 17:15:12,2018-04-02 20:36:57,2018-04-04 15:28:38,2018-04-12,81eb2077986bca5eba40d0796490073a,2018-04-01
11bcd62bece0131519fa7aeb30fb8ee4,712c7208a74371945033f50996bcb0e1,delivered,2018-02-06 18:44:42,2018-02-06 19:31:30,2018-02-07 21:28:22,2018-02-09 17:56:56,2018-03-02,31c6ed91df7508096e038f3c60c96cc6,2018-02-06
d1bf35d75370a60c682bef1964a52443,e15cae173b9e5f2349ca93c8c2b10c3a,delivered,2018-03-05 20:33:31,2018-03-05 21:08:49,2018-03-27 21:12:38,2018-04-04 19:03:30,2018-04-02,a26e95ca6239e2ef7f12a51b68ce5f70,2018-03-05
3445e54ffa2a770d1f93ed19c4bda26d,26a6cd12de84df0d6e1da96fa032f97f,delivered,2017-05-06 17:09:16,2017-05-06 17:22:01,2017-05-09 15:23:39,2017-05-15 17:09:21,2017-05-31,f61fea88ce8629d92af21e6a267f4bb3,2017-05-06
d1c3e5942668c790cea34c89fd33f05f,d17490b0aabad2cd852076d5635ffca1,delivered,2018-04-19 17:24:28,2018-04-24 18:26:31,2018-04-24 16:38:58,2018-04-30 13:06:31,2018-05-14,30e2cb2f176422217c631b1c863952db,2018-04-19
35a6518f311840d6bbc5998c7201db80,69f53e58ff6de5ca800428c1e2102704,delivered,2018-01-08 11:42:48,2018-01-08 11:53:28,2018-01-09 17:07:52,2018-01-31 21:38:40,2018-02-08,9996cefbeba123f8cc3672e76b8fa2c1,2018-01-08
a398fa8a473ac89d43aacae1d3e1666e,76fcde2a57279f102b7b7907816b5301,delivered,2018-07-15 21:31:55,2018-07-15 21:45:14,2018-07-16 13:00:00,2018-07-19 23:18:45,2018-08-02,1a9b633f8aba9817c7ad8eddbb4a296d,2018-07-15
7ef8671acf9060d60ac3eb8616a99627,318f51c7ee5c251d5769f325157ef513,canceled,2018-06-18 23:29:27,2018-06-18 23:57:01,,,2018-07-13,4be7401277e805bf714401f604eac2aa,2018-06-18
17cc50afa3f8797f14bf500a65230845,b5ea961a84207096ad869de1b301bc22,delivered,2018-07-24 13:24:06,2018-07-24 13:35:23,2018-07-25 11:02:00,2018-07-27 23:22:38,2018-08-07,42c837a3d7df8cfa87de63fbc1aade2f,2018-07-24
f60d6aa784f2b40b2eff64449d1e79ed,0255d676d127593a7c65526306a29c36,delivered,2017-10-04 21:04:10,2017-10-06 02:07:37,2017-10-06 19:57:58,2017-10-16 21:08:55,2017-11-01,5f707d7609ed9d2779f15602fed42557,2017-10-04
02e7b3980e9984556bb3a764306f3e31,8ffbe0a28823d2a5ff88a9e4b1b7526c,delivered,2018-03-18 11:11:07,2018-03-18 11:27:57,2018-03-19 18:05:06,2018-04-03 14:20:55,2018-04-13,3ba9c1404a9c6974530ffbeb5848aa53,2018-03-18
a3a0cfe6661449e2d725b5b1ff658d84,2e57ca0d2c4b939fd528fe677acca228,delivered,2018-07-10 11:52:24,2018-07-10 12:05:32,2018-07-11 08:40:00,2018-07-20 19:55:33,2018-08-01,40ba2f93181124ee1d17d12baaea40df,2018-07-10
882ff3a2d501e2b7221ba143d20d5a5a,6e8c343d44611f2b1827943f23941103,delivered,2017-10-16 22:51:01,2017-10-16 23:14:11,2017-10-31 20:14:38,2017-11-08 22:36:24,2017-11-14,b7e2a35339c16dc140e465cc95406625,2017-10-16
c9a8490e7b2c76d2f9b22369314a9391,7e1e78509e303571ba3df752830cd299,delivered,2018-06-04 22:24:34,2018-06-04 22:35:20,2018-06-05 14:12:00,2018-06-11 20:38:37,2018-07-11,e336a9719ccdcfb34a02d22e84571527,2018-06-04
b293643d38b49d3f824bc6be2fece99e,5608fa43ebc0f4fe9373d456d5ddb160,delivered,2018-07-26 11:25:33,2018-07-28 03:35:16,2018-07-30 12:47:00,2018-07-31 15:24:33,2018-08-03,55ab86d9b0939b03afebc707ed6c81a9,2018-07-26
593f7c488d8bf1bd3c8efc9547fcae7f,079b8162b000fc6327320f6c4f57ebf3,delivered,2018-01-09 23:34:44,2018-01-10 10:31:44,2018-01-12 22:14:17,2018-01-18 15:44:47,2018-02-02,c84b438fd491dbece2417703195bb56e,2018-01-09
6e2e27bb92034101c8873f0c3555ab5f,5ab62b3d36877984de860550576f4696,delivered,2017-11-16 16:21:21,2017-11-17 16:30:26,2017-11-22 19:12:04,2017-11-24 18:49:02,2017-11-29,fd17142aa5e36a4021ebc94e9d9b63ff,2017-11-16
c0db7d31ace61fc360a3eaa34dd3457c,80c0276f1c674e7b026d5a39799afaa4,delivered,2018-02-13 16:36:56,2018-02-13 16:50:30,2018-02-14 19:12:31,2018-02-16 18:06:52,2018-02-23,271d3cdd872021b1b6669ad93e8b856b,2018-02-13
8618461ee5428f56dcc6d2794ccc59cc,4b9f4135b5b4d9420423df73f77ac949,delivered,2017-07-24 22:06:47,2017-07-24 22:23:12,2017-07-25 22:33:57,2017-08-01 19:27:52,2017-08-21,fad19f81405f74af0ff1d67cadd0cf38,2017-07-24
bbd614711912a52f52ec34fabc130e10,50c1a423e843d82fe1243d6a5cb3af29,delivered,2017-02-13 15:20:14,2017-02-13 15:30:11,2017-02-16 16:12:44,2017-03-02 14:54:27,2017-03-24,262a04d06bfeb0ebe88055498861e427,2017-02-13
632984d58b2a50f588c4a3c559c1f8f3,422fc5a15f629ad7a487384d91beec05,delivered,2017-06-28 18:13:18,2017-06-28 18:25:09,2017-06-30 15:36:04,2017-07-12 18:57:37,2017-07-24,a8b949a1acef1a28d3be866c20361469,2017-06-28
eff7518af43b9c489aefc02f5957f330,aed5986d52a71d75a13516849ed56c2e,delivered,2018-08-10 11:03:19,2018-08-10 11:15:17,2018-08-10 15:16:00,2018-08-18 16:58:24,2018-08-15,8470a01721d0c023de20efdfea0c9b78,2018-08-10
7efa8c532a0dd4aa1027b9b6d21d993c,7ce08ab23ff0e1fef9bd5917f029a4fb,delivered,2018-05-15 10:49:07,2018-05-16 16:56:50,2018-05-17 12:38:00,2018-05-19 10:46:23,2018-06-01,0f1bd80ed58b9d0f45dca1bb396d8ac9,2018-05-15
ef24051d70c42220346c1e8d253502ee,4af2ca7ca1dc1b8bdb8ffd8a8ac0c7b2,delivered,2018-07-12 15:34:05,2018-07-12 15:45:54,2018-07-13 07:28:00,2018-07-21 14:56:35,2018-08-07,e6f9a3c94793ab47e00c3b511bc80871,2018-07-12
1069df9b022c0b01d48a46af47e7af81,bd60114b444f22fc31720b2403f60551,delivered,2017-11-24 08:54:03,2017-11-24 09:11:27,2017-11-24 18:03:28,2017-12-01 14:39:07,2017-12-21,7f7ba50d65b4dbc59c4a63f4c757f305,2017-11-24
22c0902f5c8c0b291225dae683ea12ad,adc5095bd07ec629402aeb343d18f480,delivered,2017-11-02 15:16:33,2017-11-02 15:30:59,2017-11-06 20:39:04,2017-11-13 16:53:56,2017-11-29,4c7664fe61ccc32a474b83773c40ce17,2017-11-02
47aa694d87f6ae4995bd02d6e8d9132d,0e9d153de61896911c7d236b8a6c1886,delivered,2018-03-28 23:04:56,2018-03-28 23:15:12,2018-04-02 23:52:08,2018-04-04 18:52:30,2018-04-10,119606479bd91b852d2237c3505e647f,2018-03-28
8274b22857199e6a1f3d6559c7151146,666f39842d1e5d7d1fd1daafdce14592,delivered,2018-05-04 20:25:45,2018-05-04 20:35:10,2018-05-07 16:42:00,2018-05-14 20:31:45,2018-05-28,ba6db8dfb872f67cc70c1b94de4180e6,2018-05-04
b7790d729c085173e21678723b6e5381,9e3137fd1b04696c4c9e850182b5b5c4,delivered,2017-10-01 13:11:48,2017-10-01 13:24:03,2017-10-02 17:48:08,2017-10-11 16:08:21,2017-10-18,128691a3cead3a91246a1ad75e4d14b2,2017-10-01
4bdde1ba1f6aef6c851f5ba80be3433e,75d3a2981d8edde1ecc2ecac7f82e4bc,delivered,2018-02-16 14:21:36,2018-02-20 07:26:51,2018-02-20 18:05:57,2018-03-08 02:05:32,2018-03-14,6d213380ee8f4f8ed23b9bb8c33ff12f,2018-02-16
036d29511908c7b10872e1e72fd0681b,cbe4c947b4d90a9081fc935dc7a9bec6,delivered,2017-05-29 21:18:24,2017-05-29 21:30:14,2017-06-02 10:29:15,2017-06-11 12:12:41,2017-06-23,7d767510a46f851456cd3a96f50ab609,2017-05-29
ad1b24e31eda83c8bf2123f3961f588a,1b79c6b65f89bf54aa50921be431b176,delivered,2018-03-01 11:22:14,2018-03-02 02:15:59,2018-03-07 00:42:51,2018-04-11 16:56:34,2018-03-29,65afec511846f28c3a848b24df189761,2018-03-01
02e827a9f1e829b50b81eb9e26588ed9,625686f10cec48c80b355bdcd4b94dd8,delivered,2017-08-11 18:32:57,2017-08-11 18:50:14,2017-08-16 21:04:10,2017-08-18 18:47:05,2017-08-24,308821e781e809311898edd3769315d0,2017-08-11
48a2b1dc26bd77deaee98e646fbc31cc,2de345a4358584e6d06a3f11db7f2c84,shipped,2017-02-01 14:58:05,2017-02-01 15:11:02,2017-02-02 09:01:01,,2017-03-14,c1b3373c72c3b475e3f47c3175114ee2,2017-02-01
37a5490daa64aa8fd7c9de7dbc36677e,c6b50a19c24f1ea036b454ccd2a1bde1,delivered,2018-02-18 21:54:33,2018-02-18 22:55:26,2018-02-20 16:30:08,2018-02-23 23:12:49,2018-03-06,1806a6f431bcf7be74301a37811da0d5,2018-02-18
bfa85775aa2f5d60e7b5584dc8ba144c,cf80fd8001f3dde881b3b3f8d2badd49,delivered,2018-03-24 22:30:25,2018-03-24 22:47:31,2018-03-27 17:31:39,2018-04-02 21:16:33,2018-04-16,3d4f5775641f5f67a8874c01e797109f,2018-03-24
f1ce9965a957c39b5753f2b82622f6fb,c281c5f935d39e223bdc5aa6f1955ad6,delivered,2017-11-19 17:37:11,2017-11-19 17:50:33,2017-11-21 22:26:57,2017-11-29 18:09:04,2017-12-07,995dfac5a581cef9f2b3918afa42efdf,2017-11-19
a631c58c22a3491bae3ac549200ec8ae,422f656d09761e734b3161bf35dc33b3,delivered,2018-05-07 20:42:55,2018-05-07 20:55:39,2018-05-09 14:14:00,2018-05-14 21:48:45,2018-05-18,be944e18771b53c2a11aa6937bed54a6,2018-05-07
bf2c047d037b7ff9d4a0032cf32c06c7,2768315d55fffb8dfdc1f2b8acd14854,delivered,2018-04-22 20:17:49,2018-04-24 19:10:33,2018-04-24 22:06:39,2018-04-27 15:22:31,2018-05-17,c358352aa72f36a464d5b085c07232dc,2018-04-22
ccac33950ffc27cb905dbcdfb099494a,001574cd5824c0b1ea90dd4f4ba6d5b8,unavailable,2017-11-26 02:13:57,2017-11-26 02:30:13,,,2017-12-19,8141dd1e051afe7d72079570fe72d5f1,2017-11-26
40bf12930df251761b91291590dbe45b,eb1c357d7150030e58b2ad4cdbc1fb0f,delivered,2018-07-11 17:58:38,2018-07-11 18:10:20,2018-07-18 12:31:00,2018-07-23 20:47:55,2018-08-09,548c2fe3a11575274607709fe158973f,2018-07-11
2eaa9442b80b5a4698a0635ebbb65dbc,445fc8d96097997bfc540a46b6283c13,delivered,2018-08-14 00:22:38,2018-08-14 00:44:01,2018-08-14 08:10:00,2018-08-18 13:24:48,2018-08-28,7a68b1b6ab4a97ee02ed9c44152f5801,2018-08-14
0e766fdb8a5d5379df4c5faab13ce762,95cf8ae225efd25636286e81877d7019,delivered,2018-06-03 20:11:16,2018-06-03 20:31:25,2018-06-04 13:48:00,2018-06-13 20:04:11,2018-07-16,be24d004872da8322161a1d5c9485696,2018-06-03
2d418742b39100d2fbaf280becbfe159,980b35b5df7f8bbd1a0056172a6a2d1e,delivered,2018-06-11 08:48:24,2018-06-11 09:11:56,2018-06-12 15:13:00,2018-06-13 19:41:14,2018-06-21,a0f72345ed1d0c023645a0ba4c6389c8,2018-06-11
a5bf7b210e4e59a0a786e88355cc8657,fde636315666a473d113ddb2ea5e27f0,delivered,2018-08-15 19:13:57,2018-08-15 19:25:15,2018-08-16 14:51:00,2018-08-17 20:22:31,2018-08-24,e8fb438711245035d8b3c27d4d2d1824,2018-08-15
348af6f0ccd66ddb6e724b8fe5547368,204c5273cd3900765b544887ce970002,delivered,2018-06-07 13:45:38,2018-06-07 14:20:03,2018-06-08 15:16:00,2018-06-15 22:22:46,2018-06-25,7b7ea4b50f36a0a0d033492d62d52831,2018-06-07
7a240ceeef4e675b85598c68d9aed65f,8f7734b01f40b58a639198ea95c3c0d7,delivered,2018-04-22 16:06:21,2018-04-24 19:28:11,2018-04-23 23:21:37,2018-04-30 21:04:35,2018-05-16,51578e3d67b394de2d5f399eb75f85f5,2018-04-22
1c009b90a698d21d53fcda6aee401ad4,2a05b113978f1620a688760fa3873b8d,delivered,2018-06-18 22:17:30,2018-06-18 22:37:08,2018-06-20 12:27:00,2018-06-25 14:04:49,2018-07-11,359827d8038a19e853b12277af8a10d2,2018-06-18
8bf33d4b7023414545360548b0e2ee37,de02f63690cd2ce9592e2960730d3b76,delivered,2018-04-17 15:21:32,2018-04-18 17:58:44,2018-04-19 18:03:40,2018-04-20 18:44:33,2018-05-04,42f197da141b85da54eea101ad959f3d,2018-04-17
0b71862ee9cbb65cc3da31466a6c2990,a3bc153e31417450d48c6b079df00bd6,delivered,2018-02-22 18:45:08,2018-02-22 18:55:34,2018-02-28 01:38:44,2018-03-01 19:59:16,2018-03-08,d2af3198afe093e40ce227679e5f9a64,2018-02-22
d6e7d19f0fe4b6df00f3e0389d859e44,017c416d7047f02aea089e0ce017e7bb,delivered,2017-11-13 22:31:33,2017-11-13 22:50:38,2017-11-29 13:41:42,2017-11-30 17:42:00,2017-11-28,9f8644a89f967bee539feb9fc64a43c2,2017-11-13
4a6591a486da3e568782dd196ea19e41,e8e49c9aa07ee125c68e2f6596840bd4,delivered,2018-04-14 20:42:04,2018-04-14 20:55:31,2018-04-17 17:21:28,2018-06-08 18:34:53,2018-05-16,d4d9889240518008e7d64dc3c629615b,2018-04-14
b50a7d7b24d9089159085f878aecfad0,e5174673a9e30f7bf48c44221755012c,delivered,2017-08-17 00:57:24,2017-08-17 01:25:38,2017-08-18 17:08:01,2017-08-24 20:27:47,2017-09-11,d56ded4569dd9821b2f83710a56afbde,2017-08-17
426701450f5300e9ef1d19a023eaf69f,01077b7579fd4c86971c6598bd550ee5,delivered,2018-01-14 09:44:54,2018-01-14 10:09:25,2018-01-16 13:53:24,2018-01-22 21:48:40,2018-02-05,1a0d8ab950a7d9632115973d98b648e2,2018-01-14
1bf96d65e405802ae7b8a8e176b0b3e6,10a0d23b8974fb07465487377785ef2b,delivered,2018-07-22 00:08:01,2018-07-24 11:33:03,2018-07-25 11:57:00,2018-07-30 13:18:48,2018-08-20,9f7b4889edfde8168e6963d71422864e,2018-07-22
a8ab4d61b3fd92a9aa110f5940434d1e,4aad0658e81c7e6766ea82c9b30016b3,delivered,2017-09-12 20:43:48,2017-09-12 20:55:12,2017-09-14 16:47:51,2017-09-20 18:24:48,2017-10-13,20fed4e41111460ca9357026fac51132,2017-09-12
eb4b336bd21e49c74c82949c6cc43ec6,7ca314e66fa021d631d129468a264024,delivered,2018-04-01 19:47:31,2018-04-01 20:08:24,2018-04-02 16:12:13,2018-04-10 20:21:56,2018-04-23,6504a0a1834befa804ebdee1f8f22a18,2018-04-01
bb391ad27dd9d875df8a2be3a7758713,bcd16dc293aaa0a6ecdb0bed8701b8cc,delivered,2018-05-17 00:24:13,2018-05-17 00:35:17,2018-05-17 13:37:00,2018-05-21 17:15:47,2018-06-06,896ff9da450ba8fe62d279e7d77a18da,2018-05-17
2c8f8b620f20e83829e70d2e0f32e49a,35ac5b14022c7d3d8e5388bb52224abe,delivered,2017-12-17 13:36:40,2017-12-17 13:54:20,2017-12-26 19:45:38,2018-01-10 13:41:47,2018-01-12,95038bbd298bdd3abc1b027d2805ccd8,2017-12-17
dd7258d04983f4dfe5cb98b1ca71035e,85e97f3b4413ab6e7241ec707a9e8410,delivered,2018-06-09 19:50:55,2018-06-09 20:18:45,2018-06-11 16:16:00,2018-06-20 20:24:09,2018-07-13,935926295b620a41ee0dc75ad6e52073,2018-06-09
494f869f61ebf5fd01f40a4a2a569481,f9cf598e549c30b2eb1663dc5382ca5b,delivered,2018-04-27 11:26:31,2018-04-27 11:52:14,2018-04-30 13:14:00,2018-05-09 11:12:31,2018-05-22,0b12380f101acc59965ed2ddec9dd9c9,2018-04-27
2e287cee637969033ec9ab49602e61ef,bf6418c67d6b29aada7d4a9a0cfb3e09,unavailable,2017-01-30 15:48:53,2017-01-31 04:31:22,,,2017-03-10,2a80d0e64a7056796f27b4f0cb909182,2017-01-30
58d91d85a637d0643c2cd08aefd19532,1a6cd0a83e267eaa437287934d11f6f9,delivered,2017-11-30 11:17:36,2017-11-30 13:31:19,2017-11-30 21:47:29,2017-12-10 15:32:58,2018-01-02,5de4cf8eaf33d8453e6bd998d714ebce,2017-11-30
518ca81bf7a1b719e32d6847b6afff85,650f3b6c42fb8a34e34421a58e0f4219,delivered,2017-11-27 06:53:53,2017-11-27 07:16:48,2017-11-27 15:18:01,2017-12-19 18:56:58,2017-12-22,1471f06ff773d456b05502416dd0b583,2017-11-27
1d8a6b3b4362492f06a5da27121fd530,34324e7a13247e2859ac8c1d3636e3f0,delivered,2018-04-10 20:56:15,2018-04-10 21:15:20,2018-04-14 01:12:37,2018-04-19 23:51:34,2018-05-03,effa6dc9dc21a08beb7dcf202b8ff535,2018-04-10
96dc07932f59d56e4ad322bd10a226c9,dca14e4b75e3577d07c234a18b657cde,delivered,2017-08-28 22:58:41,2017-08-31 15:15:27,2017-08-31 21:19:59,2017-09-15 20:29:56,2017-09-25,cadd5b730b1c8a1cdd39e4692c3bc084,2017-08-28
f967e8851f01d6b40232cae3384f06c8,d73bc399856931c0621a35d59564f00b,delivered,2018-01-12 08:30:17,2018-01-12 08:50:25,2018-01-19 12:16:43,2018-01-24 18:49:18,2018-02-05,494a49c37f3aa0769efe864f1e987fad,2018-01-12
d7f7e1d5e79250921c5be8d5ad0d4824,2d028440d72664dcf311e9b5143b6e6a,delivered,2018-08-11 18:52:55,2018-08-11 19:05:16,2018-08-22 14:19:00,2018-08-29 23:32:03,2018-09-24,60020d766f34f0d51c9bf869745802a6,2018-08-11
b2f3bd57a44d7e2fb0fa3eeb5072cc90,8903c964ca8937927f6d200363326f97,delivered,2017-12-04 20:10:38,2017-12-04 20:18:23,2017-12-05 17:44:36,2017-12-14 21:07:38,2017-12-27,2a760561961593905af54c7be388919b,2017-12-04
e98c1902289b968eada0709158767a6a,ca96bbd1405379b80e48b64cee01ded0,delivered,2018-05-25 14:36:42,2018-05-29 03:31:19,2018-05-29 13:27:00,2018-06-11 19:12:39,2018-06-28,7bed1345f3dd56d68b4a6a8da7697171,2018-05-25
d9d4008eda3f55c6d4fff91cff923793,b6f67adc8721fca02d68c6882cb29cc9,delivered,2017-12-10 16:22:42,2017-12-12 03:53:04,2017-12-15 00:13:42,2017-12-20 16:23:05,2018-01-04,4cc11072c33f1b37d77d79379a70eb23,2017-12-10
40d9b709b3b6a77fcd309165705f58d7,d707f0c570bead47049c3a517b657b95,delivered,2018-07-29 15:38:03,2018-07-30 18:31:09,2018-08-14 12:56:00,2018-08-20 16:21:00,2018-09-10,abb248e062ac0172f20687bc019bed89,2018-07-29
826eeb58a3803a831408e5f3e5cb3849,bd42702f2336b749f68ad537b1c0cea5,delivered,2018-07-16 22:51:59,2018-07-16 23:05:11,2018-07-20 14:25:00,2018-07-25 17:46:54,2018-08-01,26fa294a9bc68a2d222cdd08a7f3795e,2018-07-16
1566e171c4b2ce6aae4f8d222097ef6e,52a4e084d8b7e51397a7168ee9be5960,delivered,2018-08-21 21:30:35,2018-08-21 21:45:20,2018-08-22 14:18:00,2018-08-27 15:36:39,2018-09-04,5ab6e955205058ae5491af57f51f0302,2018-08-21
f22698a00370679c0784aae7c060f87d,9095ea27e45e0d5a152a23d0b923a0df,delivered,2017-04-16 21:09:09,2017-04-16 21:21:50,2017-04-17 11:57:05,2017-04-20 09:56:04,2017-05-08,e66e12501fc7ae03726522d318803ebd,2017-04-16
ad7af94fde1de7cae7f6aea90e45823b,a8a812ac63050ceaaaa30a9fa3a0db1e,delivered,2017-08-13 16:38:05,2017-08-13 16:50:12,2017-08-14 15:19:47,2017-08-21 18:47:44,2017-09-05,526af4bf24e80b6d5a2972540b61fd85,2017-08-13
de806f0367f37cd3f1861282b7bfcff5,c3c26ad812d4a574aedf516594ebd46a,delivered,2017-11-23 22:42:26,2017-11-23 22:49:22,2017-11-29 00:16:48,2017-12-01 15:42:15,2017-12-18,58fecbe0c09939bc780e66443ac40cd0,2017-11-23
354170da2755821e9c7cdccbe277b0b2,1c7007c94573e6c01c8e30cc70bcf475,delivered,2018-08-20 12:00:24,2018-08-20 15:35:45,2018-08-21 14:36:00,2018-08-27 18:18:25,2018-08-30,f8bc1d81f395f6239a2a5ab1b9edf1ab,2018-08-20
f7efe4b422fd5a4d6415687184ce9059,5146b17aab60abc762af2d692ee0ca47,delivered,2017-06-11 13:38:28,2017-06-11 13:45:16,2017-06-12 13:44:15,2017-06-22 15:06:53,2017-07-07,c8b9d96c38916a738b394d87b319d41e,2017-06-11
a0f1470a138fc60452fcfbce3a2d937b,149a7003c8eda15d72fe457aee6501de,delivered,2017-10-18 21:14:29,2017-10-18 21:56:16,2017-10-20 16:53:07,2017-10-23 22:27:38,2017-10-30,165ac735a2c6601d0e4a491a990d63f0,2017-10-18
506feda6a5f5513b9d383bb59eb06674,a7d3eb51fcb8e8e078482e518b38dbce,delivered,2018-04-19 19:24:20,2018-04-19 19:35:22,2018-04-23 19:34:52,2018-04-25 20:58:42,2018-05-08,6597e2146683dfc4c8366077f7f61988,2018-04-19
4c65a418483996868f2e6a6fde9538b2,f1aab544f6ea956de2b071ff4f6cd3c7,delivered,2017-10-29 14:13:18,2017-10-29 14:25:07,2017-10-31 14:42:50,2017-11-06 17:18:30,2017-11-23,afb1a51ccfb1ee42291145217b60a877,2017-10-29
23beb6d4a25c4ec53f57dab654990dab,ab46cf84b94f59e5b56086ed5a8564d8,delivered,2017-12-21 09:44:24,2017-12-21 09:52:30,2017-12-22 21:25:03,2018-01-23 16:24:52,2018-01-23,cb06773dbb3415543b78720a3986344e,2017-12-21
72b014780c2effe0419b8bb4b534d612,aae2be15a6f6c5b953b34cb4fc7be29b,delivered,2017-11-08 12:00:01,2017-11-08 12:11:30,2017-11-09 17:32:28,2017-11-21 20:58:36,2017-11-29,e114141c0860afeca11625b51c9ebfc8,2017-11-08
37032037a9594be86de78211bab2e548,859fcac40c594fc5e56f068f90fa0cfe,delivered,2018-03-11 23:16:13,2018-03-11 23:30:25,2018-03-13 20:28:19,2018-03-20 22:18:51,2018-04-12,ef2cb5227455b21d64b5bd9d23a97417,2018-03-11
aab057eadca2981f30e045529272020c,f17dc22845da7354c2279806c5c5483e,delivered,2017-07-11 20:54:38,2017-07-11 23:23:38,2017-07-12 18:03:51,2017-07-21 18:03:59,2017-08-04,08d208220b5f88c10e6e4f7d7995c50f,2017-07-11
b231ac7a6c9bf6113ddfd94e6fec8cd8,ec801af195e2b30cb44c179b8fac3376,delivered,2018-04-18 15:24:21,2018-04-18 15:53:23,2018-04-19 00:51:15,2018-04-24 16:04:00,2018-05-09,45e27efb6935ca8836bcc1e35b663b4a,2018-04-18
99b9af6fb5803a5ea9686542a15b3de4,fd7df8230026289f32d475efbff468aa,delivered,2018-01-15 12:03:29,2018-01-15 12:16:02,2018-01-16 20:27:50,2018-01-30 21:22:30,2018-02-21,6d27cc86d536498b20ac94ccddd3f63d,2018-01-15
ad0edbe4d9b9b10574db2a0aed82f950,34faa2266c068fcdd7a3f65093e54c98,delivered,2017-12-15 18:38:43,2017-12-15 18:51:23,2017-12-18 18:34:16,2017-12-19 17:03:03,2018-01-04,c680f9f10f2565ceafe810789dd3cdb6,2017-12-15
ae507059decacd2e46f7cc2966f3d14a,6cc2e40eace90bc96763f568bd106a6f,delivered,2017-05-09 09:28:56,2017-05-09 09:50:46,2017-05-09 14:14:18,2017-05-16 14:04:52,2017-06-01,04b090bfb11c279aeffeec7b476aaa2c,2017-05-09
81b4a6e508417c86e2511a9673ad3eaa,838c6f397156bab88fa071ca0d6919e6,delivered,2018-01-16 14:43:22,2018-01-16 14:54:24,2018-01-20 00:08:51,2018-01-23 17:35:57,2018-02-06,a7ac3926ef271ff5f2e34da99ef372a8,2018-01-16
5d4c75bf5b2662efecbde63a3dc0ddf4,4fbd9ee982bceaad9d77ae03ed9a420c,delivered,2018-04-05 00:13:48,2018-04-05 00:28:27,2018-04-07 01:21:22,2018-04-22 15:38:46,2018-04-24,52b884c8db9a6a1f005e774e1232fdbd,2018-04-05
18ecf61fc81ab5704adb2a4b1ffdd392,81114b373fba246b9c221239c0de1f09,delivered,2018-04-17 01:30:28,2018-04-17 01:52:13,2018-04-18 15:51:27,2018-04-19 15:56:33,2018-05-03,c40ea4e3eb5a04876bb65b8fb576a2f8,2018-04-17
dfbe1f9969a666a759c397598ddb21fa,d8a05ec10db32c4c93c60db812959450,delivered,2018-05-07 09:19:23,2018-05-07 16:55:48,2018-05-08 15:13:00,2018-05-11 23:20:49,2018-05-25,7855a31a981190a7c167e465692e21ea,2018-05-07
a0489f813262544cff043d56396759b3,1c73051de34d131595a4eb6557a7ee89,delivered,2017-03-27 17:44:36,2017-03-27 19:42:50,2017-04-03 13:10:20,2017-04-21 10:45:07,2017-05-03,f7a83458bc47f7cad81dbe103f08e25e,2017-03-27
e88c197e0c1617f8ea8f354d95258d79,2b77197cd07fdc2b3f32e1fdbe1fcdc9,delivered,2017-08-10 00:12:38,2017-08-10 00:30:17,2017-08-10 18:38:47,2017-08-24 16:42:59,2017-09-05,7c2535de03dd22679e08e99276779aae,2017-08-10
9711d75c7f14daa7b898759d42b9af64,77fa72bb31036e933952e5462cdb922c,delivered,2017-08-24 12:25:32,2017-08-26 02:11:07,2017-08-28 20:29:41,2017-09-11 15:03:35,2017-09-18,af1edf385e7991560620a0f97fa3506e,2017-08-24
c4c6e8f064fd8995f96f6abd4c5b0e42,2a5adfc3e22cebb1f7d0576bf404777e,delivered,2017-10-23 21:28:18,2017-10-23 21:49:17,2017-10-24 20:42:33,2017-10-31 17:23:50,2017-11-16,4576a900595902f0e7cb22ca3c1706f8,2017-10-23
6e6baca2f9f4e9604f296850486a01b4,e01009144dc56be3a71d2f7b83f2243f,delivered,2018-05-01 13:14:15,2018-05-01 13:36:15,2018-05-02 14:32:00,2018-05-07 22:22:04,2018-05-18,f76f4d0f20d5bf903a63b32ca6d5385b,2018-05-01
7cb5aaf8b7b7b439174c2e4efdf4c7a3,c54f3adc4e82b43d49101975a9bedb2c,delivered,2016-10-06 10:13:53,2016-10-06 16:07:50,2016-10-30 14:58:48,2016-11-07 13:14:44,2016-11-30,c3e126b480a46d537bca487cc053912e,2016-10-06
69f57d3eb1a981a8fd71d99c39bb6109,9923c6304b55166c7bdb59470d76e262,delivered,2017-10-29 07:43:05,2017-10-29 07:50:08,2017-10-30 17:53:57,2017-11-13 19:07:03,2017-11-27,9177736727dc747f69fceccc193c125a,2017-10-29
8a6e225994411f2e15e2407fd5a05511,6a247605b4d45aed36f7e3e253bfab01,delivered,2017-09-02 12:18:12,2017-09-02 12:30:17,2017-09-05 18:00:11,2017-09-13 18:13:46,2017-09-26,fdf584cb034b3e021e771a06df9be240,2017-09-02
ead0bec6842006b655fed967de837883,fc20bf52378cf158c091ebd048188b5f,delivered,2017-03-06 11:47:24,2017-03-07 04:10:34,2017-03-07 11:16:19,2017-03-10 09:37:51,2017-03-27,a2e76df67a32232dafc4c31b1f91f049,2017-03-06
1600bd49133bb733879bc4e6457945e4,c2cdcadacc22185fbb4a39af8038569e,delivered,2018-06-17 17:39:53,2018-06-17 17:55:08,2018-06-18 13:03:00,2018-06-19 17:51:49,2018-07-18,999f53a5ea070e182a53444b13bae1c0,2018-06-17
37a63972d6fa35618d22858e3cffefc1,9517bc0cc0531f3b191708822d0cd1aa,delivered,2017-12-12 01:34:43,2017-12-12 01:47:12,2017-12-12 16:14:50,2018-01-25 21:38:47,2018-01-12,0ecb483ec3b1129ea16585c65458bc73,2017-12-12
da647e80e38239a2e8f026b3f011c8af,4750fe3df8dc3ad2a6aee8a8c65c675b,delivered,2017-09-25 22:40:11,2017-09-25 22:56:17,2017-09-26 19:14:59,2017-10-02 12:34:29,2017-10-20,d7ddbf12e59b4e997e6d86ee6ffc15ed,2017-09-25
29a9f2a2f7faed6b3457f5325e7d14cd,1932595737c305d582e1b11bea15d29c,delivered,2017-09-25 11:16:58,2017-09-25 11:30:29,2017-09-29 14:43:51,2017-10-19 18:19:54,2017-10-26,7354d45bbe478de3b07255c6c441538e,2017-09-25
decd51240a83290835fb78029efd1f0a,d28371caf7435596262c5c40a6a9c325,delivered,2018-01-04 11:11:33,2018-01-04 11:28:39,2018-01-08 14:56:59,2018-01-10 12:42:09,2018-01-29,74df77faaa4afdb46f48fe827785d220,2018-01-04
3fdee57c3dba3da728d2e951c55504d0,b7e1c2f6ff7a227420c6c2ea91d6ceac,delivered,2018-02-11 12:43:03,2018-02-15 03:47:52,2018-02-20 18:34:26,2018-03-16 19:11:50,2018-03-15,0bc6adf79f2326e10fac941af968ccc9,2018-02-11
a27f40f8d2b565f2d8d430fc05cde4c9,c2a0417ba5a44c1b83e9c761e3550a2c,delivered,2018-06-28 18:31:08,2018-06-28 18:49:53,2018-06-29 11:25:00,2018-07-03 21:12:30,2018-07-20,1d2a101331395a03389fd1adc8f15fa1,2018-06-28
0c53c83ddb6fc0f6d915cda471c0aee5,bde4e157ee06c28735a5ed052ba76769,delivered,2017-08-29 20:50:49,2017-08-30 20:10:14,2017-08-31 19:04:00,2017-09-13 22:22:31,2017-09-19,d5e80e1357cd0c9d5aad86fc0a260dff,2017-08-29
c3c35f2d43a0d5fd996de1f3b77ffa0d,d14b8484a2e75c490a1a1bc3d3426a48,delivered,2017-02-11 18:05:27,2017-02-12 06:45:45,2017-02-13 14:00:19,2017-02-21 16:52:29,2017-03-16,53aad1a5130a37599dc14b0d5defd054,2017-02-11
08f016204423b6b70f37abfa64ecbc64,fd0155e73e71f879a2079171afacc7c8,delivered,2017-05-27 01:55:51,2017-05-27 02:10:15,2017-05-30 07:36:31,2017-06-05 11:52:57,2017-06-19,70d124547c506488cd8cab8da1639752,2017-05-27
af42d1d70bc955e5272039f5d271c392,a6b360081493d93571023c728c118671,processing,2017-09-05 16:37:04,2017-09-06 16:50:17,,,2017-10-04,98507d6b3a6d1a10f132560c091d92d1,2017-09-05
3b20452d7bba8f668a7d4a3d67cd7493,bcfe942e5e0905bd455622a0c95bfae1,delivered,2018-01-07 15:30:53,2018-01-07 15:39:19,2018-01-08 17:38:58,2018-01-13 01:32:06,2018-02-01,270dddd3842a9df75d01b9aa9ad8c5eb,2018-01-07
25a6470fe0861e38f167701818706ce9,3b60219f8dffebcd12b4de51d4168152,delivered,2018-05-23 07:57:16,2018-05-23 15:56:55,2018-05-30 11:32:00,2018-06-05 17:05:16,2018-06-04,18d9a63b00f74956879ee01a9af44310,2018-05-23
64870069a2ef2e45dfbd920310639dcd,b3b4c2d3aa425f6db2248f6360096213,delivered,2017-05-07 17:31:09,2017-05-07 17:42:03,2017-05-09 14:10:28,2017-05-10 17:07:59,2017-05-29,e30b83af13d6ff0b0f427b2a67c43b39,2017-05-07
b10b4554ed368e8a148a07f34f78097b,d5f31990b4f54682ef990f6d69a82453,delivered,2018-01-03 12:37:55,2018-01-03 12:47:16,2018-01-08 20:20:18,2018-02-01 14:29:58,2018-02-06,c55ea97ec1bc3189c626f1c462d187a2,2018-01-03
25674393f73d73aed8ab7758052b7ecd,a9693a08894fae91c09ad75f16cf8a18,delivered,2018-06-22 15:37:06,2018-06-22 16:01:29,2018-07-03 06:09:00,2018-07-04 16:08:49,2018-07-17,f200185118e762d8d5f06f00c9b6e9b7,2018-06-22
f7989b055ad44545882357110ce31a88,74de328cc488f0f3fd3bc396b465215f,delivered,2017-08-28 19:39:50,2017-08-28 19:50:18,2017-08-29 19:17:29,2017-08-30 14:03:22,2017-09-08,0a9c65c583bd31d7cc110fe6cb939821,2017-08-28
15a67f90313578833383de224d57675b,90897df31d5737f12f7f1e8945526287,delivered,2017-10-30 08:21:05,2017-10-31 04:26:37,2017-10-31 22:12:45,2017-11-06 14:37:57,2017-11-17,ec792893632951696c933f0203ab99da,2017-10-30
b51327205e6ff7ad93013ce640671e68,71c26c2af249aee0282d9611b86a2b0d,delivered,2018-06-13 21:26:00,2018-06-15 02:37:13,2018-06-15 17:26:00,2018-06-19 15:33:14,2018-07-03,b168b1d57f989f1667b686bad7ef4e75,2018-06-13
2adae2975261ded781005e7da274f22d,87ef890f6ee57134f134f76f5c5d6b53,delivered,2017-05-03 20:17:47,2017-05-03 20:30:12,2017-05-04 12:05:23,2017-06-02 05:18:38,2017-06-07,69068f0eac0d07b0eb647fe5dd20e1bc,2017-05-03
0b07e7d1e914b970ab1ee7402cddd4ce,fd9cfa9c0b1759c22b2eda5797a857d5,delivered,2018-06-15 07:43:54,2018-06-18 10:33:54,2018-06-25 12:26:00,2018-06-29 18:52:15,2018-07-27,de7c9467555541e01344e5028edd924d,2018-06-15
f72e1fcd8c83f302bbb4a322b118531d,ac9dfe8c6540f2068c789c7140fa6ff5,delivered,2018-02-08 10:02:09,2018-02-08 10:15:30,2018-02-09 21:28:51,2018-02-20 21:29:44,2018-03-06,863e0c39d43e140724cae611f021cae7,2018-02-08
a5f93aa1c000c4e41196ec88fb378954,b4f9144eea6ec387f15d204974d0313c,delivered,2017-12-30 17:39:33,2017-12-30 17:49:22,2018-01-04 10:47:56,2018-01-10 22:20:54,2018-01-24,a27e5a2cba97c753b515b3b9763c4814,2017-12-30
854237a365a9bcdaae803b2fe7a630d1,e4639842a29526c58d2965746e1b9f78,delivered,2017-10-08 23:34:17,2017-10-09 21:49:35,2017-10-11 18:32:46,2017-10-19 21:03:16,2017-11-08,ace243696008d0e273f2c47c8d7672cf,2017-10-08
92d3d3bc9e818292cc5885e18c2d3437,42aa92889b237fab1d93a49a5be449ac,delivered,2018-07-02 17:23:02,2018-07-02 17:35:22,2018-07-03 13:34:00,2018-07-12 22:21:11,2018-08-02,ad6c555d8f783b21d5797f4170bb08a6,2018-07-02
afbcde4d65b89fd05616ad0cab26b715,9d011d41fea9f9b97db23cb5ca169f44,delivered,2017-06-14 19:40:42,2017-06-14 19:50:14,2017-06-19 14:09:00,2017-06-26 16:51:44,2017-07-12,da6de7ba83e36aa42a84362ac4a2f11a,2017-06-14
bdb2bc3c571eb25e242b01f591816c7b,fb28f41718646324c1ff91eb6b8c724e,delivered,2017-10-02 11:17:07,2017-10-02 11:28:29,2017-10-03 17:15:52,2017-10-05 23:09:44,2017-10-30,c89d91308d60d2f2076d20296962f2c3,2017-10-02
f39eb130ae6b240988c071f3feb3a1a1,1a634ee44caf584f4374b84806146bcf,delivered,2017-10-22 22:12:47,2017-10-22 22:26:17,2017-10-23 15:33:08,2017-10-28 12:47:59,2017-11-14,c0e0c0faeae91a736ee4c33bb0a24e16,2017-10-22
e5c0172ee0cef526f88bc189213a5070,e4e3bba332476f71fdea5a78311ec9c1,delivered,2018-08-04 23:12:13,2018-08-04 23:24:21,2018-08-14 11:39:00,2018-08-15 20:24:27,2018-08-15,accd68fd87adda3d6360d77daafd964d,2018-08-04
d0004524a4d6c8fbf404f73e72e72c53,428c9b0270df86e9cf60837fd129aa55,delivered,2017-07-02 20:32:01,2017-07-04 04:10:08,2017-07-04 14:45:26,2017-07-11 19:32:56,2017-07-25,e57eb0d2ebc257996397e5ca8bec6572,2017-07-02
05c5fe623dddb59ad7462d5adf24885f,3b85d7e01afbab4314024cef7903a329,delivered,2017-07-05 14:59:51,2017-07-05 17:38:49,2017-07-06 15:06:51,2017-07-17 20:32:29,2017-07-27,e2638dcec86ba8746b692786b3d2ef14,2017-07-05
903b1832e250deb0b1724a7be13dd5d7,387dd90ff1ad4a209fbf5caea3d8a526,delivered,2018-01-20 18:37:54,2018-01-22 18:34:12,2018-01-23 20:45:03,2018-02-06 18:21:41,2018-02-19,ce8c93e92352b55f7e08766bc19cc96e,2018-01-20
3cb2ba0f933044d545dcce9bb8dbbed8,3d34bc278b589f2d4f7486271fbfc3a2,delivered,2018-04-21 11:42:17,2018-04-24 18:13:35,2018-04-23 18:42:19,2018-04-26 11:19:15,2018-05-07,6c9cf51494f2dff36066e2b2c05b8c7c,2018-04-21
9c3ec2b1090ff630e2ff9ef49f962734,afeb4348cd00d7c53b08422459d5b8f2,delivered,2018-06-29 11:02:18,2018-06-29 11:15:13,2018-06-29 11:05:00,2018-07-03 19:25:44,2018-07-23,d2e49219dcfd89c1aca2b31df6fd7587,2018-06-29
514a25ad1f240dd40ca9f02d1cb60a91,e3a11d0d9a3cc0234185519189075f4f,delivered,2018-08-06 21:56:11,2018-08-06 22:05:14,2018-08-07 12:37:00,2018-08-17 19:21:00,2018-09-05,c107b3083b4727c321a7421aee25a4c6,2018-08-06
314a447e8e7745c6ea8fa459dc6c1ba7,f931854a4d712bee76b807626ef2ff1e,delivered,2018-03-14 16:26:50,2018-03-16 14:30:37,2018-03-20 00:02:33,2018-03-23 14:48:32,2018-04-06,68ced470ae99c8d4cfe4c4847ed81ea8,2018-03-14
7b351cbc1f8721faaab3f7d117f3ef7b,fbec1c552f26a3aba58e435e17c4b2c5,delivered,2018-08-02 17:22:35,2018-08-02 17:35:20,2018-08-15 09:18:00,2018-08-24 00:38:43,2018-09-06,d25b8fd1599b432fb421763b7d1dbb4a,2018-08-02
bf7c6448537b35fcded92b0df9050145,059a6bcd8055546a0aa2330dd63d972d,delivered,2017-09-04 10:22:25,2017-09-06 03:04:02,2017-09-08 18:06:36,2017-09-14 12:36:32,2017-09-21,9f5382d12fafaddc7ea88928226beeb3,2017-09-04
5f3e315da0dbfdaabd6f8cff4fd2946a,ed9ff4f184dba21d515f97c12dbd94ab,delivered,2017-11-03 20:23:47,2017-11-03 20:35:24,2017-11-10 14:36:40,2017-11-13 15:38:50,2017-11-17,743b6b21edcc4f0a9be82e591187e0a8,2017-11-03
d4fdb2be174c84a6409a3968c55b01c5,b32785cb1a97807fc184b314bb7d4a7f,delivered,2017-07-02 21:13:38,2017-07-03 21:24:04,2017-07-06 08:56:34,2017-07-26 20:22:26,2017-07-27,e4df6c94b1aecab0c540de1ed351bcdd,2017-07-02
5fec03fce725fff481779aff4be805d8,e804e7ef5f81657fd973fde6a032d3f4,delivered,2018-08-04 11:26:44,2018-08-04 11:44:16,2018-08-07 14:38:00,2018-08-10 18:38:46,2018-08-20,00fd4a627a3b93cff0729f0b3554640d,2018-08-04
f2b05b43011210214069c513de56b6b0,6aae5a715cdba6e7d4333a0eeeead63b,delivered,2017-10-20 00:31:45,2017-10-20 01:06:09,2017-10-24 15:18:39,2017-10-28 16:47:59,2017-11-08,7564d75e79ac40aac2a1a0e1e9fd9a2a,2017-10-20
19a47ae035d15a52dec979602867b2da,ef6e817095133a36bba30af9a60bdb09,delivered,2017-07-14 20:13:42,2017-07-18 06:05:32,2017-07-24 13:11:40,2017-07-31 20:29:21,2017-08-15,bcd8b8585720cfcd94d0983fda1a72ec,2017-07-14
902415af941f8c73f57aad8f19ee3173,1fd458cd872efb2ccd857f325f6c3f5f,delivered,2017-08-09 15:21:18,2017-08-10 03:24:02,2017-08-10 20:15:51,2017-08-11 17:52:31,2017-08-22,8440572195f3b879da347831c44a8099,2017-08-09
4e78772384a49c0cb9ec6c49530a98de,fcbf0840033abe9ce35f68d9f2861e4a,delivered,2018-06-08 10:48:33,2018-06-08 10:57:25,2018-06-08 14:54:00,2018-06-18 16:57:43,2018-06-26,36204ceaf4bfb7d5083900c01c7135cf,2018-06-08
8907bb9eea50481b73734c7aa8fd2e16,d688d6706350d130db0392840898daba,delivered,2018-03-15 10:36:48,2018-03-15 10:50:28,2018-03-21 15:24:35,2018-04-20 21:58:47,2018-04-17,24ac367e7e3e868ddbab01d5dea42a4d,2018-03-15
b161cb44963e4283789c12f8ef88d24f,ff4f727d5c76b9ed0454f45587a9c340,delivered,2018-08-17 15:49:13,2018-08-17 16:09:57,2018-08-20 14:53:00,2018-08-23 15:16:41,2018-09-04,59beea6727534eabf3af451f092fb8b5,2018-08-17
82a6000ca5f9b57a52b48fa2c92373ff,d06681cd54fae3e8e67dba73ed1b0471,delivered,2018-01-23 19:39:20,2018-01-23 20:04:02,2018-01-24 22:16:53,2018-01-29 19:37:58,2018-02-19,24f54fac366fdcc64428cf6fbb317c44,2018-01-23
e2d43cdbee2a18383c6d8ce8c63d3f1c,e011aa35a639e747cc8a9f9c731998b5,delivered,2017-09-02 15:26:41,2017-09-02 15:45:17,2017-09-11 17:07:02,2017-09-19 14:22:31,2017-10-03,3516d43b65de0ebdeeee50b1ceeea75b,2017-09-02
f8e76bb341db0c60411beac8a83f312a,cdea0c6f9570d87de1f7d901543997ec,delivered,2017-11-04 14:02:54,2017-11-04 14:10:42,2017-11-22 19:38:42,2017-12-12 16:44:39,2017-11-29,2fc5e667ccf2a1c87a798be23f1c920a,2017-11-04
db4d2ecc1c1a157d6250c84dd86eb838,99ebcd13bb5b88f4acd805f7890567ad,delivered,2017-01-22 13:27:07,2017-01-22 13:35:16,2017-01-23 10:20:33,2017-01-27 10:24:53,2017-02-20,0306e708bc20c7e3517227bbffbe5959,2017-01-22
c9c703564ad4d6fb43a1cff5524574ac,d707092bd024342cd484143f8fd20a55,delivered,2017-07-18 21:47:39,2017-07-18 21:55:17,2017-07-20 18:03:14,2017-07-26 17:51:52,2017-08-07,3f6faa55fa7e82f1245fff7e2118663b,2017-07-18
c7ab73e7c26ff800c76b703fae63c467,e5918d9d55314b728a1c5b2511c6ad61,delivered,2017-03-02 12:07:25,2017-03-03 02:22:23,2017-03-03 17:13:12,2017-03-10 08:21:44,2017-03-27,6b9eae0258f2421d3877128750188562,2017-03-02
6dc77aee6ae4add4ed0d28454450557b,dc17fd90aa1a2ba097e0b0f428934fb4,delivered,2017-09-11 12:24:47,2017-09-12 12:30:07,2017-09-13 23:14:49,2017-09-16 20:42:14,2017-10-06,f3fa438dbccd0fd608c2da289ed8d6be,2017-09-11
f1f2c2bd7c46d8b86107f0c2d9e3dcc9,c5745ce1928f3477f04286c793257d3c,delivered,2018-08-01 16:55:34,2018-08-01 17:10:13,2018-08-02 13:17:00,2018-08-03 21:17:02,2018-08-08,ce3548e3605bceada1732880742e9478,2018-08-01
9b86b1c24ecef19a6dec20a8750341f9,e03f16c679044f02b6f9d2bed05888b5,delivered,2018-02-22 22:12:27,2018-02-22 22:25:51,2018-02-27 19:45:00,2018-03-03 13:33:45,2018-03-08,56df4f5d14ce74e964795a36498ef086,2018-02-22
bcafa3b6425a9c7aaa008f3a9678d46e,a436fc79974949f91d114d0770eb839a,delivered,2018-03-25 13:59:03,2018-03-25 14:10:23,2018-03-27 01:54:45,2018-04-12 20:17:42,2018-04-16,9760dfb3060d53b5dcdd35b0beff051e,2018-03-25
2b2d14ba52a8e26e96997f82fa596480,dfe9825762431b40b05e387b94712d60,delivered,2018-05-22 17:47:24,2018-05-22 18:37:15,2018-05-23 11:05:00,2018-06-07 20:42:08,2018-06-08,e30ed0a5c4ad5a533d44e16a00b83c9d,2018-05-22
2aebac0660127ed64f4d59d0498ea5a9,3eaa6696002bcff117ae99cadb54e7c3,delivered,2018-05-16 10:18:49,2018-05-16 10:37:38,2018-05-16 13:50:00,2018-06-05 20:07:47,2018-06-07,01878328db858b71da86bdc8966ea729,2018-05-16
11cb97108ff8cbefc7efd3f5d6db5c6c,ff93ba140565309beed18abc96393146,delivered,2018-02-26 15:07:43,2018-02-27 04:31:11,2018-02-27 17:33:02,2018-03-10 16:58:42,2018-03-19,bea2730f8c8c893142b7c6912193bae1,2018-02-26
c7c5b66918c24322e797d5dc87caebd1,b38059924e5df6a030a519b2f50cc15a,delivered,2017-08-02 19:21:57,2017-08-02 19:35:14,2017-08-08 18:28:13,2017-08-09 16:47:00,2017-08-25,5ee1f6b2f06ef1f31adde6d74932b921,2017-08-02
1a7705c11f9e0ac39a2e86ce7c49d089,0447df4fd1c1f9c602bf25ae24c494f0,delivered,2018-07-20 17:13:47,2018-07-20 17:25:20,2018-07-23 14:51:00,2018-07-26 19:50:50,2018-08-22,37d96e337d68c6e37e9612dcd39f5de6,2018-07-20
160eaa51781cedcf20a9a20bc9138a8d,e8dc3601f129c37dfa1f0919df41a9ac,delivered,2018-03-20 14:27:32,2018-03-21 09:48:05,2018-03-21 22:05:44,2018-03-24 18:44:46,2018-04-12,4beb1ae47572a7e377043229c1e412a0,2018-03-20
8999cbe9107b9b5f08d0901aa10dbb67,46afa5018cb6e3d121c49704ba4bd938,delivered,2018-05-16 17:06:00,2018-05-18 04:36:10,2018-05-18 13:23:00,2018-06-06 20:12:53,2018-06-07,4fcf005606ebb2a031f3f9b5e22fa90b,2018-05-16
f8898796f33b7a0741dc0cf4f54c0001,f04bc3f68cb2a1fff4fb642b10c6ecdb,delivered,2017-10-03 07:57:54,2017-10-03 08:07:19,2017-10-03 16:32:58,2017-10-06 17:50:26,2017-10-26,91f0db1a51449898b8f41e565fcffaca,2017-10-03
3b9119591008704806aad33e4ebd3201,6e441d93f95beaaf3a87e6982439120d,delivered,2017-11-25 12:47:41,2017-11-25 12:57:31,2017-11-29 22:58:34,2017-12-14 00:17:50,2017-12-20,d8eafc07c9e450d0bddbf75e0c6562ae,2017-11-25
75394bdb62cb6061c075d73965d65bc7,48d52656f1b2e51c6316984afd1f50ac,delivered,2018-02-26 20:28:48,2018-02-26 21:21:08,2018-03-01 22:23:44,2018-03-20 19:18:42,2018-03-23,e7e6adc70176b14f21be09c6346bc853,2018-02-26
daa13cb5f8efbd2ee69043963b0f233c,6a5b19b0670d2e6bfe0ac7b4c858f58f,delivered,2017-05-02 20:37:35,2017-05-03 15:15:22,2017-05-05 14:47:53,2017-05-17 14:06:59,2017-05-25,6554c017c778ada342413c99dac69a3f,2017-05-02
99dd7eacf34dfd90a3277bdcdfb454ac,ad7e368f155a2a9da1d1599cb84827d0,delivered,2017-05-12 13:36:45,2017-05-13 03:05:23,2017-05-15 10:47:48,2017-05-22 14:33:47,2017-05-30,767afad3c097cfd4cc95ada85d1dc453,2017-05-12
a3629884bf8956b0f572069b8a20cc55,6b04ea93ce93cef2a5fbdfe302e21331,delivered,2017-10-03 13:26:21,2017-10-03 13:49:25,2017-10-04 11:12:01,2017-10-14 00:27:42,2017-11-17,c73db85789b600b05c503d21441940f9,2017-10-03
6ef662a8188539a6881080ef916fddf0,0f377e7c0d721d5644a35bb1665e6499,delivered,2018-05-15 16:39:20,2018-05-16 16:39:02,2018-05-17 15:28:00,2018-06-04 12:51:51,2018-05-30,fdcca758610ea813796898f0169bf453,2018-05-15
730c83933acab283b21bae7b3fcc91d1,6e37091e698b4eededd017fa87a1ce5b,delivered,2018-07-05 08:54:50,2018-07-05 16:07:03,2018-07-05 14:24:00,2018-07-11 16:16:48,2018-08-03,d1b1a515d00c439c119352339757376c,2018-07-05
1915bc319651dfbfa6563a6d19d558c5,093cc8dd94c7aae7b33742a5ff3be232,delivered,2017-05-18 14:15:54,2017-05-18 14:31:21,2017-05-22 06:11:10,2017-05-24 15:53:06,2017-05-31,b2721cd583ed718f04e636e3cbbaabc0,2017-05-18
cfec5af5f95fd772fb3c0891654a24b7,a991a323620f70a0dcb5e9d3ffae0a2d,delivered,2017-11-11 19:09:09,2017-11-11 19:26:55,2017-11-14 14:48:01,2017-11-26 17:51:50,2017-12-07,38e5d10b2cb0da6ff0642b40ff4b2996,2017-11-11
6d5d41f8365df2db64ec35a07addcf3c,fe1730326f983e9fb206e01c60c0f003,delivered,2018-05-09 19:27:32,2018-05-09 20:35:12,2018-05-11 15:13:00,2018-05-28 10:42:13,2018-06-06,897fe25fac6560fe27a03f4cb3a42237,2018-05-09
0efaa1dd18856769a1bcc489004fbe3b,a74fe4b2c5b909ee24bdcece5d4bf0f9,delivered,2017-11-20 10:59:50,2017-11-20 12:18:31,2017-11-21 11:53:27,2017-11-24 17:39:27,2017-12-01,8286a6747b4cfbe5ea998f77f5350fec,2017-11-20
daf0e5a480cf841aaad91caf8783080e,ac1f99b3b74760ff892b893f3f9157f6,delivered,2018-04-21 18:20:54,2018-04-24 19:09:33,2018-05-02 15:32:00,2018-05-10 11:28:33,2018-05-18,72260708c2950a289d5b32794b574502,2018-04-21
dfbaaa8fbe0139951467b1cc869562fb,656ab3f2a983a8f929dac5a5c00a9edb,delivered,2017-10-19 13:41:00,2017-10-19 13:56:21,2017-10-31 19:13:45,2017-11-03 17:30:06,2017-11-07,9aadd067754a7ee9a33384472d879231,2017-10-19
4783ae8bbe76b7f392dcc84c1e17d052,3e8a1ea90b0eb3ccfeb987b81205bc45,delivered,2018-04-01 15:07:28,2018-04-01 15:27:35,2018-04-03 18:36:55,2018-04-04 20:52:58,2018-04-12,835e7854d4c6aced3451a4cfe1ec5864,2018-04-01
faed4646f30cd940f469d0dfb42c4b29,11606ae54baae4efda562f7c8c14b46d,delivered,2017-06-19 10:09:48,2017-06-19 10:25:08,2017-06-21 18:24:29,2017-07-03 14:44:35,2017-07-17,7d86feb80a0843ed43aef438f8c028b1,2017-06-19
ddf7e19dc4d5ff4be22e808142f35e5d,806f7c1753a3be75c708138b58666ea3,delivered,2018-03-03 09:07:44,2018-03-03 09:28:50,2018-03-07 02:37:39,2018-03-26 20:42:46,2018-04-05,e191f967ed2ad2b93ad1c8117e6daa1a,2018-03-03
b8f1d12f21b83fdb91d157f357617d90,7f1bc009fe19bd5da0750c9161fe70d2,delivered,2018-07-03 21:50:06,2018-07-05 16:40:42,2018-07-04 14:06:00,2018-07-10 19:16:33,2018-07-20,24049181c10b33c43c2ea12202542690,2018-07-03
8b90d2eeff994cb8c7f281e9888c340d,1fa24fc6e59f9057e4122afbd1cde978,delivered,2018-05-16 12:28:01,2018-05-16 13:19:47,2018-05-16 14:08:00,2018-05-21 15:07:36,2018-06-19,a220343cfac0d96c59aa3c46a2687c56,2018-05-16
d58bf4dd85230e05725202c1f0b4b800,a3c7076d6da760182e7c8991d96e7b53,delivered,2017-07-25 21:44:16,2017-07-25 21:55:19,2017-08-03 18:45:41,2017-08-08 21:05:10,2017-08-18,cc51f2b71dd014cea296ea568e5bc1ff,2017-07-25
0f545ca99d61315ccd4d3dac78987db4,7d26ad301eea20d4a82ac1a50e8c2960,delivered,2017-10-14 01:15:01,2017-10-17 04:08:45,2017-10-19 15:44:53,2017-10-24 19:03:34,2017-11-01,95eec9ad16a443d89d49ac120577f492,2017-10-14
e6a667b8b4e8787c667b00724e884177,577dfb2d557d5251a6cf3290575dd51a,delivered,2017-05-10 10:34:13,2017-05-11 04:05:23,2017-05-11 13:59:54,2017-05-16 09:58:39,2017-05-26,e097c4114ede8b9d67f6e02d39f1319b,2017-05-10
d03de684abb42c2f0d2bf3dc9245d2f8,0ffeed6068da2f6708ae69583012917f,delivered,2018-05-04 22:06:47,2018-05-04 22:15:21,2018-05-07 12:08:00,2018-06-09 00:12:14,2018-06-13,0fbec58647e30924746f4688416c505b,2018-05-04
da5c3335442be11fa1a96ef5bb834a47,b591943cc331d449b1ac46c0df74793e,delivered,2017-08-09 00:51:03,2017-08-10 03:25:39,2017-08-15 20:07:27,2017-08-24 20:22:33,2017-09-04,55e06703bd5d11ce8f8c2b7c5448425a,2017-08-09
7bed52ae04d24f8dd5725a005681fbfc,84d87129f3907d8fcbca2b05ceabab6d,delivered,2017-05-03 10:28:56,2017-05-05 02:23:30,2017-05-05 15:28:02,2017-05-23 14:11:48,2017-06-14,bb0b8d03d05ecd90e5e3f9168dd22eac,2017-05-03
8cacf6d8c088e18ca96ee6d5a138461b,5885d2cdadfe2bfd47d3b8221e0685eb,canceled,2017-05-27 22:42:30,,,,2017-06-23,e28d3bf5a02fc92d400c59b18bb4cef3,2017-05-27
f2cb1c7b8d41c99db093c14f35eb5f93,1c04cbcfe22abfb83ba9354fe0ba253e,delivered,2018-05-04 19:17:47,2018-05-08 04:35:36,2018-05-08 12:17:00,2018-05-18 17:32:24,2018-05-21,a5696036698afb7df470dd3c609dea18,2018-05-04
d385135903a04968ff911a2a1c7c9188,2c06a3d41bff139d22acd4a52e7588a4,delivered,2017-03-30 17:36:56,2017-03-30 17:45:15,2017-04-03 16:21:43,2017-04-10 14:12:36,2017-05-05,6692af4b610c084ef8c1afe7ebea8c3e,2017-03-30
43d782238f80b75ff6b62c0e535ce34a,26e5c2e1e7668eefaeb8167189969593,delivered,2017-05-30 15:29:19,2017-05-31 06:45:25,2017-05-31 11:29:35,2017-06-05 12:22:44,2017-06-26,27041b31c8dd754169af16d67d21c442,2017-05-30
9d9866633100cc4ffb5fc63ee78fb52f,a19aaf0a448df405ce973d0eb03a8784,delivered,2018-04-05 16:56:38,2018-04-05 17:09:46,2018-04-06 17:42:39,2018-04-11 10:27:31,2018-04-17,b5476a88e2344c7cf9767cb2de3b74d5,2018-04-05
2c21824a21b2ab2474f6e330771fe766,02a66fc781a395cc79f54a7e2f4237ae,delivered,2017-02-25 21:25:07,2017-02-25 21:35:16,2017-03-01 16:47:51,2017-03-20 10:27:54,2017-03-24,e2f72932e6fd4e03d885ff1931c8bec3,2017-02-25
5c54f727a59912aa9d995d04a4fa2e83,0a165647633fca8a08bab0951c4c7135,delivered,2018-04-20 22:53:57,2018-04-24 19:21:59,2018-04-25 01:03:12,2018-04-25 18:04:42,2018-05-10,a5ef5cc7731fd9adc29b4190154c1730,2018-04-20
0245af1fbe1f70f5ac7c1793c78f12cb,c6bf16f05f0fdc4603d841d215a13edb,delivered,2018-01-16 15:14:13,2018-01-16 15:31:13,2018-01-18 18:55:06,2018-01-30 22:24:44,2018-02-16,b417f7ff34522cd0554a00818d67afa8,2018-01-16
cad0978e6d52213f4c78b26626fc40c0,301885a94c474b91e3701ddda2bbdc09,delivered,2018-01-20 19:51:16,2018-01-20 20:20:13,2018-01-22 16:58:20,2018-01-24 20:13:09,2018-02-06,d5878fd9bbec8b426a4fe882e8db62c1,2018-01-20
28c80a03a80d512daa77b7b944cf069c,57894ab2abebbe1117f2bb0e499f3488,delivered,2017-03-28 20:17:12,2017-03-29 02:31:20,2017-03-29 12:08:23,2017-04-03 16:35:24,2017-04-19,a4f70828df39e7723edbec4ee08891ec,2017-03-28
d4ab53c2b21a94c8b21d3008b2506ba2,be3b6d48ba2efdd20e81ccdf12e2e59e,delivered,2017-07-25 15:59:06,2017-07-26 02:25:36,2017-07-28 19:03:42,2017-08-01 17:07:55,2017-08-25,7274ae148f7c9ce03c8bad60e976ed24,2017-07-25
0fcb1b4cfdb2f127f9ae4d732352dfc7,fee9143c97f344e2663c67de0ab6eefe,delivered,2018-03-13 23:54:44,2018-03-15 03:31:31,2018-03-16 00:27:28,2018-03-22 00:32:44,2018-03-29,1415faf9e1a59c928c22735663650c6c,2018-03-13
5b8983a14e57e83fee3e9c9b6de5dc04,806f3e02b4efdcdc15863987086d5519,delivered,2017-12-21 07:09:04,2017-12-21 07:29:00,2017-12-26 18:32:42,2018-01-08 16:52:08,2018-01-16,c96ddd4f4ec5f80283f27a9eb6e8943b,2017-12-21
d855859634047e01721b79b19351224f,5054fb4472ff2f967a14a94252a8e65e,delivered,2017-05-01 14:04:36,2017-05-01 14:15:09,2017-05-03 15:53:58,2017-05-10 12:17:44,2017-06-01,2c887f68cde4d74f011b0e43e8843373,2017-05-01
a0b3949913dc87721a55ccc60e96e8da,258a5e776f6023a8c9ed2b4c81156c24,delivered,2018-06-25 17:32:23,2018-06-25 17:57:57,2018-06-26 15:30:00,2018-06-29 17:28:38,2018-07-17,89a50a68312d6ce14e181598bf8fd5f2,2018-06-25
d9426f18fc5bcdadd300db98a31fe40b,7a575572300875aaf8a93e3c5772d76c,delivered,2018-02-28 12:19:38,2018-02-28 12:48:40,2018-03-05 21:18:40,2018-03-23 23:23:37,2018-03-13,0bd06a4064fabeb12bcdd1cdb3532a74,2018-02-28
43c0147ac5c2cd461632f6b12eddf8f6,c8145ea9f734a0652c0b7dcbc75a5fa3,delivered,2017-09-24 20:01:35,2017-09-26 03:56:37,2017-09-28 18:02:57,2017-10-10 13:37:12,2017-11-01,e12c464370d2e42bd874634ce9dc8e25,2017-09-24
c0bc4328e8d29f0658f18585be8243d8,e21a3f7b27edab73706ea08a28618e03,delivered,2017-12-17 15:12:29,2017-12-17 15:29:10,2017-12-20 20:48:54,2017-12-27 19:42:22,2018-01-11,1511a4354b2aac74b85c767df0b1d87e,2017-12-17
b0a63209dc14e7fb6933c55c5fdaa044,890ab4eca836a870a3d2e222bd5e4233,delivered,2018-01-07 20:28:51,2018-01-07 20:47:10,2018-01-08 16:39:27,2018-02-05 22:53:15,2018-02-09,972f2cec81a1ed8f5117550de1997853,2018-01-07
17a39edc59d79318c54904f59d6f4b81,4ea7c350da07cef195da59acfc9d06b9,delivered,2018-05-07 10:52:08,2018-05-07 17:56:17,2018-05-08 08:50:00,2018-05-14 18:17:36,2018-05-24,2ce13ed4fa5d9ca2a0989c7c44860aa5,2018-05-07
184d0d273e35638268d90ed9d912ee8c,e0bd132faf773c66a3577305ba55f8a9,delivered,2017-09-16 14:01:00,2017-09-16 14:10:18,2017-09-20 19:48:59,2017-09-22 18:29:00,2017-09-28,0e7324b249ec9c5881d8de4d608e8a16,2017-09-16
627b0adf375e47134b142cc2bff1d0ba,b6c95d663490247548044b86ac95cd35,delivered,2017-09-19 15:22:35,2017-09-19 15:35:22,2017-09-20 19:10:45,2017-09-25 18:58:50,2017-10-06,ae86ea015d6b828cec35acaf2dcfd62d,2017-09-19
af8eabc10c9907fe66df1310db525200,914ef20b010c05ea572b275471f43f29,delivered,2017-03-02 22:24:48,2017-03-02 22:35:17,2017-03-03 14:39:08,2017-03-23 13:35:12,2017-03-29,1d84bfae762509e011e7a5c173275c17,2017-03-02
a13e70df735fff3fc1285803f494777b,b290e388438c0fe0e7022df693252827,delivered,2017-02-09 21:17:20,2017-02-09 21:30:13,2017-02-10 10:11:47,2017-02-17 21:54:51,2017-03-20,16b0d8c99cb3742bbf76c2a5f98b8ce7,2017-02-09
45d415631ccea18d79bed1ea8088b58c,a0f02065ac39fbe6cc97d33e2ab47e17,delivered,2017-11-22 22:42:11,2017-11-22 22:53:28,2017-11-23 20:25:09,2017-12-06 15:42:18,2017-12-18,d4ccf9a36a7c79088ece6465c6d1b1b2,2017-11-22
db78320762e6c2bbac3fb120405b9202,467100d009756d63195a0390c0dfb146,delivered,2017-04-09 10:46:11,2017-04-09 10:55:10,2017-04-11 07:39:02,2017-04-17 10:59:39,2017-05-04,9062bb19aefe92c7f3ac649238a13190,2017-04-09
5f9b2cafa834aef683c653590c8918f2,2e987291c3fad1c8a06a9a93bcc3e03d,delivered,2017-07-14 17:51:55,2017-07-14 18:05:33,2017-07-17 17:19:57,2017-08-14 09:25:43,2017-08-15,2f62b9233a78d7fc3a033b47c494fa8b,2017-07-14
cedfe51bd6a794860c83382885f2328c,b806e26283f2008d98a22e44d0c3aa5a,delivered,2017-01-25 20:03:37,2017-01-26 02:15:57,2017-02-06 11:54:29,2017-02-09 09:38:09,2017-02-20,578ee337ed691b5a052e56db43ced56b,2017-01-25
d6106cbb6358d276ba42e0bdc2f264a3,f80786a7c867125e6341f6eb47daa5f3,delivered,2017-09-12 21:52:18,2017-09-12 22:04:15,2017-09-14 21:47:53,2017-09-15 19:11:14,2017-09-22,cba2ed7504f0253eca60e4fbc5d68598,2017-09-12
beda117d944f8b1067fa38d063eff0e7,c6a07f3885aa611fdf975e4ce8b1c9ae,delivered,2017-11-01 18:02:58,2017-11-01 18:15:31,2017-11-06 18:59:42,2017-11-09 16:04:45,2017-12-04,a0eaf25d81955744d16309d2954b8a4a,2017-11-01
31938103922393f681c7f0c0fc14cd20,a4240a3a8a5d87dd26f351c373357725,delivered,2018-07-20 14:04:53,2018-07-24 11:32:43,2018-07-24 13:30:00,2018-08-10 22:22:22,2018-08-06,d5bff440c419b3f8698376a46aa0fd66,2018-07-20
c2478e79c7727fe8e2b477e3d79ca802,dfee2ea12281e7921e027345be978886,delivered,2018-02-21 22:57:00,2018-02-23 02:29:11,2018-02-27 12:13:54,2018-03-07 19:21:53,2018-03-13,7db2abde931edd2497f7e5c8316a68af,2018-02-21
cda07ad4f2f777317f2d6b2e3621a5cd,75d2b9b168cf65e5c1865ce4d1745ebb,delivered,2017-09-25 10:02:03,2017-09-26 03:24:49,2017-09-28 13:43:44,2017-09-29 18:44:59,2017-10-11,8ff5aa814e184a85fb224908206b03b4,2017-09-25
8dd554aaa8e7d61ddde56ba4189c780f,3a6be57061ebc68cc00b74186fe7ce5c,delivered,2018-01-30 09:51:29,2018-01-30 10:14:48,2018-01-31 13:04:07,2018-02-20 15:25:00,2018-03-07,e219b0bc946fdfc38e565de1bf6e0936,2018-01-30
d0f7da7e2de84e667e955f4def9e6698,e2e7b99a84f1f5750cceb5225962c877,delivered,2017-09-10 15:44:00,2017-09-12 04:30:44,2017-09-12 15:35:08,2017-09-19 21:40:07,2017-09-27,4014011cbde007f272fd29a0f2787c52,2017-09-10
0e9a5de04c76a97588efe7f216942de2,c3e97948c52d294da6ecc0e5f3293583,delivered,2018-07-19 14:00:02,2018-07-20 05:05:14,2018-07-20 13:48:00,2018-07-26 16:28:34,2018-08-06,bce76418e7bd76c8348cdb3cbc7af644,2018-07-19
9b430d2eff640e354b1e8eacb8a30a2c,b763363c36f3327a9c377ba236a069b2,delivered,2018-08-03 23:00:24,2018-08-07 04:44:39,2018-08-08 14:28:00,2018-08-20 15:15:38,2018-09-06,71bb258c3488c3ea32219c64c000ff3d,2018-08-03
4409c188d231bae1d6cf351748ebdd4e,84c85128a1b73db241b00d2e02dd7a0e,delivered,2018-04-19 13:55:35,2018-04-20 07:11:17,2018-04-20 18:51:50,2018-04-24 00:23:43,2018-05-08,66641d84d1be8eb3a653caf82fb40a9d,2018-04-19
e84aab6af2a71fdd57e937740dc5a3dc,1575002669893d427c0469145358c92a,delivered,2017-11-25 20:12:29,2017-11-25 20:34:37,2017-11-28 18:34:51,2018-01-08 18:27:39,2017-12-26,18ce13c736e4fc07bf3536157b4a1dab,2017-11-25
ff269db61cf306545ee8f5ada41a4a3f,77937dd75add321830883532bac71056,delivered,2017-09-19 15:28:59,2017-09-19 15:44:17,2017-09-20 19:09:26,2017-09-25 20:22:05,2017-10-09,8609b450c8db842f57ace24d4391e62a,2017-09-19
8652f7789fe1585b439154b7ae0f4285,0f29ccaad86ee7442d59a69cf4166c6b,canceled,2018-02-20 14:49:42,2018-02-20 15:09:18,2018-02-21 21:23:04,,2018-03-12,c08d50ebad8af78e09c3bbd5d413d445,2018-02-20
e7ad3898894027b09ce153449f7bc10d,69f4df610a30ec36ed97c3a0b3bdc56b,delivered,2018-08-04 23:34:53,2018-08-05 00:04:19,2018-08-06 12:29:00,2018-08-18 10:48:42,2018-08-14,9d6200fb1e5ae954cd7d62fa612bfe9b,2018-08-04
38fc895ea0a2aa253a46a6fdbb65aaf5,f1dbb65831243a89ed188627cb2ec97e,delivered,2018-07-22 17:47:13,2018-07-23 12:32:15,2018-08-06 17:01:00,2018-08-09 22:24:27,2018-08-21,68518148a770767420be5bbc4af11a9f,2018-07-22
b4041542e5f602fe3d4f9f11dfcf709f,5ff1cda2413cbc1cef4ea35f9bec1af0,delivered,2018-01-19 09:07:53,2018-01-20 09:16:45,2018-01-24 23:13:53,2018-02-06 14:58:59,2018-02-15,203067f52ddddec9fc294a19c819eda2,2018-01-19
82ddfc248f8af440bf04024cae6bde72,25fa6948d92c513abe0352d98d668747,delivered,2018-06-29 22:10:48,2018-06-29 22:30:33,2018-07-03 21:52:00,2018-07-04 17:12:25,2018-07-13,03bee27ba16a09388e670f7f837c0733,2018-06-29
c8680b1e9f88c585cdc2d029d5b1e90d,4d5ec5f9a122fdc16f7913ddebab2cdd,delivered,2017-06-19 15:48:08,2017-06-20 11:25:39,2017-06-20 11:36:13,2017-06-23 11:27:52,2017-07-07,bb349a4f2d85cdf97c9dbf802011ec91,2017-06-19
b7085490200f5a1f838eb937d05b4b4a,87ff88be4fd718b5655bd668568b866e,delivered,2017-04-05 09:03:14,2017-04-05 09:15:16,2017-04-10 10:14:32,2017-04-17 05:07:46,2017-05-25,9bc618f4342f7a10359d134f63241aa9,2017-04-05
26792a0dac4a86edaee496f4690de6a5,01f7f5d4ffa43c8b8d2ae6c7628b0aba,delivered,2018-06-22 20:25:31,2018-06-22 20:37:44,2018-06-26 14:24:00,2018-08-03 21:59:34,2018-07-24,f906de91f4e609f51713929edadb8fff,2018-06-22
7bdf347b22c9b62457da0a386b4f875c,12ad7d6db89f14a0cf18d7307d71e0a8,delivered,2017-11-17 00:14:28,2017-11-17 00:31:06,2017-11-17 22:43:03,2017-11-20 18:21:16,2017-11-30,b5c70d41de22c123fe7f427c36dc6221,2017-11-17
2da401a4708b2c6309e7cdf0cfa5419a,c1abff35043c0e725bf14979f11a8e29,delivered,2017-07-12 19:09:27,2017-07-12 19:25:19,2017-07-13 19:03:09,2017-07-21 19:42:56,2017-08-03,599bb6a3553b367bdc1b3cee194b4fb9,2017-07-12
8a47ac4a1254acdb71d857d9d71e4086,1392bf4ea4156b566c869594d1ce5a59,delivered,2017-03-20 11:51:51,2017-03-20 11:51:51,2017-03-21 09:29:51,2017-03-31 14:54:47,2017-04-13,6b8b906b71b6bfd0b17eae63ea0dbeba,2017-03-20
bef67738a473b9e3dafb560907533864,802bcca31830ba447d6ffc3d71d5da80,delivered,2018-01-17 14:14:42,2018-01-18 02:11:25,2018-01-18 22:32:43,2018-01-22 17:17:07,2018-02-01,c2bc57ea0f154bfbe8271a8c5d816d24,2018-01-17
1624e662b5bc50debee1678caa41dbfa,2a64d5a3bf482907c8ac1aa4abfe4b8a,delivered,2018-03-13 14:00:17,2018-03-15 03:29:21,2018-03-16 17:52:47,2018-03-19 15:28:36,2018-03-26,85393211a6d5e0c9fbcd4bf5650d0c0f,2018-03-13
42e8aa987fc0b5e8e6ab1eced3eadd1d,8e04a9a425644607a1636ccbeb193f84,delivered,2017-12-27 14:34:39,2017-12-27 14:48:57,2017-12-28 18:59:04,2018-01-15 22:59:11,2018-02-01,2c880c3085b45ea495b1ddeff6f5bc94,2017-12-27
5568db9dd4584b73544e077f55db4d78,4239915703664cce7690bd8ae0f82839,delivered,2017-11-16 13:16:37,2017-11-18 02:50:28,2017-11-23 00:11:59,2017-12-12 14:38:54,2017-12-08,2cc3e6469a75824947c490779342dd94,2017-11-16
3f931cb6d43201118bcb64a91e57f7cd,5053c1bf96bbe6cc774f386f1a846c09,delivered,2018-04-28 12:43:13,2018-04-28 13:10:06,2018-05-03 12:10:00,2018-05-08 15:21:28,2018-05-21,b2464b9c06200e751c5336e896487609,2018-04-28
439463f7eec083713e8a0d347a8f4e0f,ed9dccde62435446d2ba5eefbee6ef9a,shipped,2018-07-27 13:48:02,2018-07-27 14:04:19,2018-07-30 09:34:00,,2018-08-21,1e47cb6d051c1b0782049444fd0c9834,2018-07-27
5010ab6b12449f4912c2aa83c16bf2bc,3a11b365f9dc63f1bb29092b36b9add1,delivered,2017-05-13 22:01:22,2017-05-13 22:15:10,2017-05-17 11:50:01,2017-05-23 10:34:59,2017-06-05,8625c6c21ace50f1a0489da903c86b83,2017-05-13
cd9fc86d944e6e7e6845deab57fdb8bc,d45fc45398590dded7c3589089e5e04c,delivered,2018-03-29 13:15:54,2018-03-29 13:30:26,2018-04-03 21:56:57,2018-04-09 22:34:37,2018-04-17,657a35b64b54d9b754bbfaba56d255bc,2018-03-29
252ef1beb7783414b687c8191cb6bc02,f3e5a5817e1a67ff1a883606d5321b01,delivered,2018-07-12 21:03:28,2018-07-12 21:15:14,2018-07-18 13:36:00,2018-07-26 16:46:31,2018-08-06,fcb9f9caf1a98f05763ab1897ec3ff47,2018-07-12
660c976728efa9f8a9994a7521abf686,ead12c0ec91108b1a6588aeece0b2300,delivered,2018-01-24 08:36:41,2018-01-25 02:58:23,2018-01-26 12:58:50,2018-02-06 18:48:45,2018-02-20,2fd9341095a0699fca8036ef97e38e6a,2018-01-24
4f51650f764d6b02e94d66bf9bfc7f97,d5b5fc814c40acfdb0d28ac11f66338f,delivered,2018-03-01 19:47:50,2018-03-02 02:16:03,2018-03-03 01:08:34,2018-03-08 20:58:24,2018-03-29,b82fe3aae448e92d2b33b9b956bbdf14,2018-03-01
da247734fd12086e1e8d57ec49718066,0875689047010271a4f10a03196e565a,delivered,2017-04-08 19:22:41,2017-04-08 19:35:09,2017-04-10 16:01:14,2017-04-18 15:46:57,2017-05-11,b5fc21ee05bf5da15eb9466bfcddb22a,2017-04-08
c61f662d769eea17b4b8e49620226232,169f0f6344610b05159734d6d52d453a,delivered,2017-11-06 15:24:21,2017-11-07 07:30:28,2017-11-07 18:38:57,2017-11-13 22:09:22,2017-12-06,8d39f6fecda2476bd70895d99291e3bf,2017-11-06
623313b4bf72bef717b81fcfdbbda2e0,d8914eebd69c4ce23f8c5aeb48cc2993,delivered,2017-02-23 09:42:06,2017-02-23 09:50:14,2017-02-24 05:05:23,2017-03-02 13:22:47,2017-03-30,e7241999f1484f79f91f466ea352ac58,2017-02-23
01f66e58769f84129811d43eefd187fb,e41819d1c95c12c9ce495b630eab8aee,delivered,2018-07-09 21:18:01,2018-07-09 21:30:20,2018-07-10 11:49:00,2018-07-11 23:24:16,2018-07-18,f63805d9c7edb84d92413af34b86a39c,2018-07-09
a2e4c44360b4a57bdff22f3a4630c173,8886130db0ea6e9e70ba0b03d7c0d286,approved,2017-02-06 20:18:17,2017-02-06 20:30:19,,,2017-03-01,7b9d52d22310baecad0f9df64872208d,2017-02-06
b875d3bd65d958d749d6932f6361ab40,eafef898e7bad5f60b2e30e18565d4fb,delivered,2018-07-20 13:13:57,2018-07-21 03:15:16,2018-07-23 15:13:00,2018-08-01 01:44:46,2018-08-10,9e092289dbc85a5311191378937ad0d9,2018-07-20
71a2d0d183bfb1065bfa35ffd449471a,106e2147b6806c85d7691ac786b07a4c,delivered,2018-05-17 09:11:18,2018-05-18 04:36:14,2018-05-18 13:02:00,2018-05-19 14:32:38,2018-05-25,e69d9607b68fc2c352c2ff451d0e1f0b,2018-05-17
e7321975436d5f8b04e468048b861e31,1c587b7eaadf2a38dc35ae4b82db832a,delivered,2017-06-02 12:09:06,2017-06-06 13:10:25,2017-06-16 19:28:28,2017-06-23 11:12:08,2017-07-05,59c42c0487267d67e7fd375d68819f81,2017-06-02
86a2598982da9b1eb9532cbb31996cff,df03ff7fe4a7b535f40d9c359aa31d52,delivered,2018-03-08 20:15:49,2018-03-09 02:30:44,2018-03-13 01:10:59,2018-03-21 19:40:47,2018-03-29,cdec8fa1bbffb216759b74093f0a1211,2018-03-08
b1846dcb6fa367fc58bc4064ff4ef38b,ec65d0a39c964fb884ff5c6aa13d33a6,delivered,2018-05-21 16:22:41,2018-05-21 17:33:49,2018-05-30 11:24:00,2018-06-11 18:28:42,2018-06-22,7a250ec45b3b94192c899e741b3231ad,2018-05-21
a5d865e12e7e0f8952334691874959df,9b99b552aa8d374d12896e55dfa2b0b9,delivered,2018-07-31 17:01:59,2018-07-31 18:31:04,2018-08-01 16:06:00,2018-08-03 12:46:44,2018-08-03,2d0b5c3a0b200f10d09a3927412a9203,2018-07-31
29d0a45c5f4c8f6d17e390ab762df890,202a9225c9f2ef075e5813780113672d,delivered,2017-03-26 18:42:05,2017-03-26 18:50:25,2017-03-27 11:15:15,2017-04-12 22:48:00,2017-05-02,19d202a744a6d45e8aa95fd9358f5661,2017-03-26
48a36f577fc4102b3e63e0f462684da4,da802462ba25989f0978a38edad45603,delivered,2017-05-02 20:24:08,2017-05-04 13:10:28,2017-05-05 14:20:40,2017-05-23 12:56:57,2017-06-02,22d09ea35094420d87fca33b10f932d3,2017-05-02
d9258776ebce96efd9811c6554d12726,1ead19a592ff7cb342e088c257c1f45d,canceled,2017-10-20 19:35:47,,,,2017-11-16,74738abd21e12b3b30e46ba97d978d59,2017-10-20
377049aa69aa696871a99e82b281e3c2,054f7fa8f9a8f4ce7e983c0efc2341ff,delivered,2018-01-16 17:06:42,2018-01-16 17:14:33,2018-01-18 23:22:30,2018-01-22 18:08:25,2018-02-06,270450189626d4f72c9ebd928a129755,2018-01-16
4dcf0dcced3cfcb139316e2c821048e5,1ee0491f514e97b4cb72e860f1cd7f3e,delivered,2018-02-25 00:23:10,2018-02-27 12:35:31,2018-02-28 19:24:25,2018-03-23 17:42:57,2018-04-16,9465934ccb47b5b5e8eab6dacffaf866,2018-02-25
62e0e8ec5feff6a856f1d5c50a5325b0,1fde8f5fae937ff3c6173c837b5c143a,delivered,2017-12-16 21:33:18,2017-12-19 13:32:50,2017-12-19 21:43:32,2018-01-09 20:59:29,2018-01-11,c7a8f9551bb258f6e5b0a9c5a28c22fd,2017-12-16
3decc053f76f6898aefed9c29e26e2b7,4f3ada4edfb7f58e81325c5e59f1eab0,delivered,2018-08-05 14:02:28,2018-08-05 14:15:16,2018-08-28 12:58:00,2018-09-03 17:31:55,2018-08-28,a59dc1bc590098f3c263f2334b8d152f,2018-08-05
623a385bdb7d45cd3a9411fcee8e2c53,c7f93fae8ca16f4abf3a09a6205c9741,delivered,2018-07-11 19:50:04,2018-07-12 19:45:12,2018-07-13 15:05:00,2018-07-24 19:52:06,2018-07-25,6beb50c4bfec8dfbfdd1d12d4d75b529,2018-07-11
1c983e7908135b2d50bd8a346cec69cc,530efe4698b97ab4b76ddb2dc63b267e,delivered,2018-03-24 12:55:21,2018-03-24 13:10:24,2018-03-27 23:29:09,2018-04-05 21:56:42,2018-04-17,80a9ebff0681d43429de9f2763de9c36,2018-03-24
7b6c4c1c9a1d498b62e1ff1eb235a153,fa9f38f5c654880d3bdc299c43aafbdc,delivered,2017-05-22 11:12:38,2017-05-24 03:03:03,2017-05-26 12:09:53,2017-06-08 13:21:50,2017-06-26,04ba08bda026040bab8bd9895eed89ad,2017-05-22
07da984520cb8c0de39f0b96b92c08f6,5ebe6b7897cc0ce155a42e2978e89978,delivered,2018-03-26 17:56:37,2018-03-26 18:10:19,2018-03-27 21:33:25,2018-04-10 19:03:13,2018-04-13,54edd9ff8221522e998fc17110f449b1,2018-03-26
d55668bb11f39447c1b40421a936e403,bda6f9f3c8f357994fdc73eed9144fbc,shipped,2018-05-14 13:30:14,2018-05-14 13:56:45,2018-05-15 15:19:00,,2018-05-22,aefc44b380d1ff6eed2d4237b5ae693f,2018-05-14
ca7a62dce548a9bd31b4fd4f12af30d8,0658798436373ff6997afab7a5e29494,delivered,2017-05-22 15:24:05,2017-05-22 15:35:16,2017-05-23 07:36:50,2017-06-22 13:08:03,2017-06-13,aaeb615657f69f571ffa90d2bd471914,2017-05-22
7987f672e98a3cdf993b17fb60ec8442,f1d729e5257467c5c072ae81040197a4,delivered,2018-03-02 07:12:35,2018-03-02 07:29:06,2018-03-02 21:46:34,2018-03-07 15:18:37,2018-03-14,f0b864fcaa8d4ab4adbdf6449251fed1,2018-03-02
dc46b2c02b0d925fc46ed4c7c5c81a08,14b3b610a372ae3de4303f1cea0ea6f7,delivered,2018-02-23 10:02:16,2018-02-23 10:15:22,2018-03-01 23:08:43,2018-03-05 13:48:44,2018-03-19,9be2ea91865c7b602aee43b639734508,2018-02-23
0e797acd1d40395105ab3c93d598703d,f962735e6a426364b5afb3a67d3ffb16,delivered,2017-12-12 15:43:19,2017-12-12 16:12:12,2017-12-18 20:53:13,2017-12-26 14:14:58,2018-01-05,bb07c2471c1063fcc34c6633ef4f76ca,2017-12-12
f13b53e842d66d6ea61e1c8da79a4550,eecede4a74ca88d0adbec423685e4b15,delivered,2018-03-10 22:25:00,2018-03-12 08:35:32,2018-03-12 18:42:26,2018-04-16 11:52:47,2018-04-13,58c0ebd257150bd320c2eba5a4b5354f,2018-03-10
d3a93984e59258e140f2bb4784be7bff,faf021149b2f194c6fab41368a338641,delivered,2018-05-10 13:30:53,2018-05-10 13:51:56,2018-05-14 08:37:00,2018-05-21 13:45:56,2018-06-05,6c08a1ff8d15b8956488744617afc154,2018-05-10
8bbcf79aa902bcc50716a1d94ea9434a,baa42a72ae81c595ba3e380a837b88b7,delivered,2017-03-27 10:43:16,2017-03-27 10:55:13,2017-03-31 21:53:53,2017-04-07 16:43:49,2017-04-20,44368ef7756ad735fe6dc9690bdaef04,2017-03-27
8f50817faced9fa9f4c8807f6fc4548a,e40a458c82716775a01b1c6e7b6832ce,delivered,2018-01-25 11:08:12,2018-01-25 11:17:31,2018-01-26 17:30:11,2018-01-29 12:18:30,2018-02-15,1ce5bbaad3220652fe0a798895af114c,2018-01-25
b718c913ccd27c35fdeb6c29770e0ea5,188cdfdd194fa16a5da42a7fac3fcd55,delivered,2017-08-30 23:38:43,2017-08-30 23:55:11,2017-09-01 15:15:47,2017-09-12 20:39:55,2017-09-28,fff1afc79f6b5db1e235a4a6c30ceda7,2017-08-30
d49c4942f461cbef8cfc4269ad86195b,f0d0f8cdb5184859eb5854ace11ad15b,delivered,2018-05-18 06:00:52,2018-05-18 06:15:22,2018-05-18 14:43:00,2018-05-23 10:58:35,2018-06-07,f0fe07b4b7d70d0638352822a1fbb490,2018-05-18
54c1bfb14817ae525a9e49f44e83544d,c86cb0075f281ede452f289f207770de,delivered,2018-08-14 19:08:19,2018-08-14 19:24:14,2018-08-15 13:36:00,2018-08-20 18:17:05,2018-08-29,cf666e916164a201d9741c42e8437364,2018-08-14
d78c16f09da03410837a551a09a4bf64,769d7a51a66e6f2d5922615f71b3a558,delivered,2017-06-26 11:44:18,2017-06-26 11:55:24,2017-07-10 19:53:35,2017-07-18 00:32:04,2017-07-18,5b2c2b2a8d9e890debe309928d321f20,2017-06-26
4286300be8a3eb98e98c8b6dbcfe9d11,7afd70f551aed27048b27f155376a4cc,delivered,2018-05-02 15:24:53,2018-05-02 16:19:50,2018-05-03 13:59:00,2018-05-06 16:39:01,2018-05-21,33843e4688de258574676a6ca92060fb,2018-05-02
73eca783c104f3d48b1e5c8d5b63be6b,4aaabb1804dce1f958d0c033bcf77517,delivered,2018-07-30 10:26:41,2018-07-31 04:05:50,2018-08-01 09:33:00,2018-08-03 16:51:51,2018-08-08,d4313acbf413b80f11d895d8416dbc27,2018-07-30
33bc941e33954324394693138a3b95a6,fb247c108a4b81b1599938933546c1a1,delivered,2018-08-06 12:00:05,2018-08-07 04:30:19,2018-08-09 15:06:00,2018-08-14 01:21:09,2018-08-15,1f0398124d2afeaa8ed34e3be1eddffc,2018-08-06
fd074331568837ca57c2d9c764788749,39e783e9b865e06b09aba599d5999411,delivered,2017-11-21 20:51:20,2017-11-21 20:58:30,2017-11-23 20:22:18,2017-12-27 20:58:29,2017-12-14,f97b3c9d16806109d73c877ded9bcdc9,2017-11-21
b26c6acc8c35be3c77bc80d959adaadd,b46ae2fbbdc01094b19cf980e402e59b,delivered,2017-12-26 16:26:07,2017-12-27 04:09:32,2017-12-27 18:35:06,2017-12-29 15:03:10,2018-01-19,74a294bef4448b25dc239cd1256257bc,2017-12-26
23f592266a54ffc371a5c3eee760aaae,def307cdbcb0c1473ae47ba9c1da37ca,delivered,2017-11-29 18:59:32,2017-11-29 19:16:56,2017-12-01 19:52:50,2017-12-14 14:52:16,2018-01-04,ef22c3bb2d1a88107c67d3af5400b6bf,2017-11-29
7433b1786e1af2042c2c4c76d3e4b750,df405fe9da5c36c37d10ca087ef51ecd,delivered,2017-06-15 08:43:25,2017-06-15 09:05:09,2017-06-16 08:13:40,2017-06-19 15:42:12,2017-07-06,186e4b97d2704e8b76235b8d7c5d38ab,2017-06-15
f494e4f6b6de7aeefe3af00acc8b3426,cef7f153f7fb65e2076d6f15e7f58f55,delivered,2017-06-09 19:13:10,2017-06-09 19:22:11,2017-06-16 19:59:43,2017-06-23 09:45:45,2017-06-30,076b7055bea51da430d6a6fa054e5075,2017-06-09
b3e6486207807fc3780f9c802e5bbbc2,30b7b123dd1764ef95cd5ecf08c70ec4,delivered,2018-05-05 16:03:59,2018-05-05 16:15:18,2018-05-08 13:36:00,2018-05-18 18:48:40,2018-06-01,198b9f945afa24d9940cd6c3abf38527,2018-05-05
3bd1df775df3958fa5a42deddb92d151,4297ea13bf20c3a97a51657f66876238,delivered,2017-08-01 16:28:56,2017-08-03 03:10:26,2017-08-03 18:33:20,2017-08-10 12:07:22,2017-08-23,348d165338792ff45589b5bdd768e808,2017-08-01
3dbf83f783c5b8b10a714e9c887347ba,24041cfc56158275932c943208731828,delivered,2018-02-20 11:52:34,2018-02-20 12:07:36,2018-02-21 00:43:00,2018-03-09 19:24:57,2018-03-14,1a8c07c90b1ec79904f79c4c42562bde,2018-02-20
6f9548bf66cabc7bc85e7b9fbcb9a9c6,2490b51fb3f142dabbee3e059eba36ee,delivered,2018-08-08 10:55:59,2018-08-08 11:10:18,2018-08-09 12:58:00,2018-08-10 17:38:43,2018-08-17,1d43feae2a0ae9a54336cfd6d7cfd022,2018-08-08
97f6b2b72a0896062a87402113126baf,a71ca5dd13acea58593869d51c812412,delivered,2018-08-02 12:04:41,2018-08-03 08:15:18,2018-08-03 12:27:00,2018-08-12 00:43:33,2018-08-20,8df90e1f672bf05c11aca9a6c1d632b2,2018-08-02
dad4cbac8f3bc660ef43f4b4d75260c8,0dcd628efce6f206be874c88dd0cc92b,delivered,2017-03-22 14:59:15,2017-03-22 14:59:15,2017-03-27 11:12:57,2017-03-30 12:27:46,2017-04-17,738f654e9781194d1c4e66ddf7dcf132,2017-03-22
7d5ba597429574dce3200b4b20686641,b8c060a4856dc6ff0c09194202aeca51,delivered,2018-06-17 20:40:48,2018-06-18 20:36:55,2018-06-19 15:20:00,2018-06-22 21:06:40,2018-07-16,19686aa007d6af36f81f07c3c508ecff,2018-06-17
8dd7a0e54d3e1de854946bed6b8bb4ce,d12161a358a2d89b50d9bedd2f911207,delivered,2018-02-06 00:26:43,2018-02-06 00:35:28,2018-02-07 22:51:23,2018-02-21 11:29:07,2018-03-13,cd48bf88423affa44f96b254ce5e6dd2,2018-02-06
806723b0991f659b5d0052cabdd9c799,83ddfb93314bf1a3cbf44369dbf470cb,delivered,2017-04-28 18:36:59,2017-04-28 18:45:11,2017-05-02 13:38:45,2017-05-12 13:30:09,2017-05-24,43b7123363e15288e624347e2bcfe1c0,2017-04-28
db30bf3b1cc383459bf7f3a938528cea,a53fee4888ef7b6e6743bf4f9a0b1bd6,delivered,2017-09-12 16:36:36,2017-09-12 17:20:06,2017-09-13 16:41:57,2017-09-18 19:53:31,2017-09-28,242cfcd883c1b54592f9f3b9c31cc53a,2017-09-12
7c9530126f54f0e17dc894c9ff16fa26,0363aafa9c54bf423dc9aace78f18f29,delivered,2018-02-16 14:21:36,2018-02-16 15:00:20,2018-02-19 18:13:32,2018-02-26 20:28:25,2018-03-12,3d8f6eef546513dad3d018c20a994ff7,2018-02-16
adb8748f912cfee84bd47f072681ba5e,2f37ca7ce30fbfaf6cf6eea538fa754b,delivered,2017-05-05 16:54:28,2017-05-05 17:05:14,2017-05-09 17:01:21,2017-05-11 15:55:58,2017-06-01,c4748a8de4fa7ebeb30de3dd338e5ba1,2017-05-05
e68635b5cb368d061f2acf5de4d617e7,953e37bf294c1677cd81c99facde44f0,delivered,2018-01-23 14:48:16,2018-01-23 14:57:36,2018-01-24 20:15:42,2018-01-30 15:38:04,2018-02-19,63387fd3e05eab4e51cf704f233db5a2,2018-01-23
a37d25b4ab180d76025262df3c90cd3d,638ce7c1daf4abf3b2d316fac939d970,delivered,2017-12-23 01:03:28,2017-12-27 04:08:42,2018-01-11 20:05:12,2018-01-23 20:17:35,2018-01-22,d655437c86f1cf5d77cb67dd51975e6d,2017-12-23
743d702ad0112c210a46dd80145e0102,5ccf2b9502949fa14bff3391cd607be4,delivered,2018-06-18 20:35:33,2018-06-18 20:57:04,2018-06-20 16:57:00,2018-06-26 15:45:24,2018-07-30,56486fa3077e8eb22d0449b52887b0e7,2018-06-18
6ff0290182691e0d6fdbc0bd7e0b0290,dccc7079684e573075849fbb65efc278,delivered,2017-04-15 21:33:36,2017-04-15 21:42:09,2017-04-17 12:57:40,2017-04-20 12:36:13,2017-05-15,0b8ba265f59abc94bde31842daf3bda2,2017-04-15
5290e7df554faefd14affce83e43578a,0fa2e6cb1f0ce7aea3b5cda1e78d5e11,delivered,2017-05-25 13:42:05,2017-05-25 13:55:14,2017-05-26 08:41:40,2017-06-02 14:12:29,2017-06-23,7111ee38cde9ce86d80a39dd6df068a0,2017-05-25
15a31c39dee81bc534abff1f9b5ec6c2,cfd124ffe38534e2575f94a6e1b9dd60,delivered,2017-07-06 22:31:19,2017-07-06 22:45:11,2017-07-11 14:53:24,2017-07-25 20:49:39,2017-08-10,10ef6779ad649bb93e9560b52376b24e,2017-07-06
5e9d5a2d9fdab80cd5bbe9706abf0087,c0dc8d5e93ca20f45aec8b7355e2b50b,delivered,2017-11-04 00:01:14,2017-11-07 07:30:33,2017-11-09 23:38:36,2017-11-17 20:28:35,2017-11-30,fe80881541b7cb0a0732cf82eed3c82b,2017-11-04
da88d77b3b27b963c613719ade2b7dd5,8a8dade6b896cd81f4146a544ccdd0d2,delivered,2017-12-03 17:49:54,2017-12-03 18:12:09,2017-12-11 18:04:19,2017-12-17 17:45:04,2017-12-27,bfb550a534d1e4081812bc6e3c4229e6,2017-12-03
92010039f5edb8607db6dbc0e7a75fbd,52758a7e9c19299fdcbdbfd4d7d883cb,delivered,2017-06-03 18:21:13,2017-06-03 18:30:11,2017-06-05 07:22:18,2017-06-07 16:18:44,2017-06-28,a960b5e5f0786be1821fa342e6325ea5,2017-06-03
a39b459bad02888e07ddf9d3321673c7,c658d700b1a119fabf40a73c0e140f7c,delivered,2018-07-09 12:16:32,2018-07-09 12:25:13,2018-07-10 15:54:00,2018-07-14 00:24:48,2018-08-09,90c312d2299d36c16bbaa3d717b3dfba,2018-07-09
24663bb9d145c6d58d207d297edafa3f,027590bb7df3dde4fa756d6e9e65bbed,delivered,2017-08-14 22:51:13,2017-08-14 23:50:13,2017-08-15 20:02:34,2017-08-21 20:37:40,2017-09-05,ce3454a057ec309895256cb2ab5cf7b3,2017-08-14
a8bac9fbf4f824af91ea3ec34f454ae2,bee5adb0f998843fd360cfed6e6236c3,delivered,2018-01-20 00:24:23,2018-01-20 00:36:11,2018-01-23 22:13:57,2018-01-29 18:32:42,2018-02-14,cbe71e4cb0b82b97bbec5cd51e0fa3ea,2018-01-20
6c89c0053620abe3d5d6a403c0dad5e7,657922da4048c06f1d7ca66f1240546f,delivered,2017-12-11 09:14:40,2017-12-12 03:39:25,2017-12-13 15:58:57,2018-01-03 20:42:48,2018-01-11,7e87e67b10551f45dbac1472a621c37e,2017-12-11
ff25dab86f7fc3fab00de25bf1489a30,2af6628d5d0a4b80b3ffbb3c5e250fc5,delivered,2018-01-26 11:55:18,2018-01-26 12:21:32,2018-01-29 16:58:12,2018-01-31 21:46:14,2018-02-09,2280f83887c9b6ec4ab9014892b8d136,2018-01-26
4467611bf43834b28dee6d7eecfe201c,2b5292c3f78b4219cddd978e6d92701a,delivered,2017-10-26 18:35:40,2017-10-26 19:07:14,2017-11-01 21:14:15,2017-11-09 19:24:23,2017-11-21,abe9bf925c155c78397be91ccfcd0633,2017-10-26
bbf6061c4bcfffe5fa5c22006d9a231c,2dcf64eb54f5bb139f372c39873deeba,delivered,2017-10-07 16:02:40,2017-10-10 04:07:56,2017-10-23 20:22:28,2017-10-26 20:57:08,2017-10-25,d9f18b63f9518c38bd63dc0bd2983f9f,2017-10-07
6007efb03b652fb947155d0dd1001098,2af7da42a03f0b164992f335a100ab18,delivered,2018-03-07 16:32:41,2018-03-08 02:29:18,2018-03-22 17:38:27,2018-03-26 23:32:38,2018-04-10,e35b2a3c980b6e0fc66c66b8e1122e93,2018-03-07
867df4f53d01780cfb562ce2a7275bd2,030d0a2ec388dbfbc0ee3f52a0eba34c,delivered,2018-03-04 23:06:37,2018-03-04 23:48:58,2018-03-06 02:18:54,2018-03-19 14:52:33,2018-03-23,a53b6dacbc44ee11f32e78638f2eedda,2018-03-04
8973a53fcad22a79e0ff315e7f9a0fd9,25370debebc4aa0de58614a2478bf59c,delivered,2017-10-22 12:23:20,2017-10-22 12:35:20,2017-11-17 00:21:56,2017-11-22 23:17:39,2017-11-10,119f667b7cf79615e41d41bb601b02b2,2017-10-22
67eb7c81571cbef8a805401a76352600,94ce4d82e3194bd3cbb1ae70440f877e,delivered,2018-05-09 08:53:53,2018-05-09 09:10:54,2018-05-09 11:18:00,2018-05-16 18:54:23,2018-05-29,2b1ea6e2d2bb34d706e882cbbe4f05b2,2018-05-09
7616b4fdea3c711ae88b43651afb6ba7,e514a24b58fccb3ca7218947874f1710,delivered,2018-06-21 21:47:40,2018-06-21 22:17:54,2018-06-22 15:16:00,2018-06-26 00:12:18,2018-07-05,01c7e32e214b3b0c31b7460a08e89ec9,2018-06-21
b14ae2aa6b78c0919c5199b5f6cd3b05,41aaf6c5c39d252a49c3dfe5ecd0c9c4,delivered,2017-07-05 13:24:56,2017-07-07 02:44:07,2017-07-10 10:34:33,2017-07-17 13:24:46,2017-07-25,04c0fef9b7d165360bad6e3385e48125,2017-07-05
935be32550a2544a4fba77fca77c8dd2,58ccace0f4b7abcab017ff6f1d534d7b,delivered,2017-07-21 20:37:36,2017-07-21 20:50:19,2017-07-24 20:43:58,2017-07-31 13:32:52,2017-08-10,3ad84abcfa9a58f9ede403889421500b,2017-07-21
11dddfc7b0990b5a4ee877efce234bb7,c06a0519bc86740ab5087b05066f797c,delivered,2018-01-16 19:19:56,2018-01-16 19:32:27,2018-01-19 19:09:17,2018-01-26 18:53:03,2018-02-06,bd90bcda37223aa5b001b01ef9a3b7b4,2018-01-16
c3911802445a557d4e9a4c2f2328de0c,914863a1fcd2e6a74c2ce3b8ff7f95bb,delivered,2018-02-27 10:48:17,2018-02-27 11:09:36,2018-03-01 00:08:29,2018-04-20 12:42:49,2018-04-02,f378cbbb8a3a980602cd9fbedb495ab7,2018-02-27
8778e115b7262893d019f9b6f52c6f92,934d346c8021dc772abbd027a41a7832,delivered,2017-06-15 16:19:06,2017-06-15 16:31:24,2017-06-16 14:13:57,2017-07-07 19:52:24,2017-07-18,877b70d8c09bd5bf687aff860ffd40e7,2017-06-15
be96af68ea7acf449b7173d065f3759f,c4b925691c05320f5d34af6e8a851275,delivered,2018-01-21 11:46:11,2018-01-22 13:47:47,2018-01-24 19:52:53,2018-02-05 14:54:36,2018-02-19,c56ea15f499ab9cba7f49ff1a1fe5476,2018-01-21
70bdd8e366d92d7256c453272fbe5251,9dbd5002abcad34baaa628827597abf5,delivered,2018-04-03 17:41:59,2018-04-03 17:50:13,2018-04-04 20:37:43,2018-04-09 19:07:34,2018-04-24,d36c7faf7e499616c2cace4a5e4a80ee,2018-04-03
1bc159c29e3f54a9f2d4d2bdaa45b5df,adec67e0ce2bde83bf2ed69ad12bf63c,delivered,2018-07-04 22:19:15,2018-07-05 16:13:52,2018-07-05 14:05:00,2018-07-12 16:26:53,2018-07-27,21f49a64e7dab9706ce0cd0ab08ad714,2018-07-04
2282f08c7a3e5bc3e7b84bb444d6e1e6,9024b6b926dff086c50dfd85762b9a45,delivered,2018-04-11 11:41:21,2018-04-11 11:50:28,2018-04-11 22:18:28,2018-04-26 19:42:49,2018-05-18,a738c21ad87105ec4bcf95afff07f224,2018-04-11
4669808591a364ecd9b237a1e7f18901,7a8e56dd4f844761d678a6c77a78c099,delivered,2017-08-22 08:12:53,2017-08-22 08:26:02,2017-08-22 18:17:59,2017-09-11 19:32:35,2017-09-14,e3b0b1e3ec1e5004b35eec77aefa6cee,2017-08-22
057134090fb19405548e54bbcf377f59,d1805669744b0cd80fed4d80405d75a4,delivered,2017-07-06 00:02:22,2017-07-06 16:23:57,2017-07-11 16:41:46,2017-07-27 16:42:22,2017-08-09,08056efaf8c9775d8e5472281e9001b8,2017-07-06
6cdd625fb7db568f0f52136d0a8374a3,8b0580d9ad3e3937ab50e7b68787e1a4,delivered,2017-09-13 12:49:53,2017-09-15 02:26:31,2017-09-15 18:03:42,2017-09-22 17:58:00,2017-10-05,f94cd57cc718202cb5029260d0502298,2017-09-13
aaf5a4b11b7c61a6cdeabfba673b4d1e,7bf47e48aa2caf8e26de53b596d2ed23,delivered,2018-01-14 12:17:23,2018-01-14 12:29:20,2018-01-18 21:48:50,2018-01-22 22:42:11,2018-01-30,a7b8966776436f727fecf039b8a4afd5,2018-01-14
b5d77498cbd81c314b36f2086c5bdd2f,29311104146295a851adad0aef5acb4c,delivered,2018-07-27 20:22:41,2018-07-27 20:30:43,2018-07-30 14:32:00,2018-07-31 17:18:48,2018-08-06,1f977702abec9b27c57c36d3bd862f6f,2018-07-27
83adfa2f33c7fbd2cc7b211fb01dcadb,6b1e8b762da8cae004248d1e7b95f3c9,delivered,2017-07-03 18:16:08,2017-07-03 18:25:17,2017-07-04 17:21:59,2017-07-10 18:58:48,2017-07-25,80c6ab2466117fe4a6decb295da95f15,2017-07-03
c5de257a3b1e0eccc238b501b939b9dd,ed932200919870aa773c6d26cc4184b8,delivered,2018-02-19 09:20:11,2018-02-19 09:47:00,2018-03-01 00:04:54,2018-03-29 00:42:38,2018-03-22,e5c943fc426c1668b82841df2906df55,2018-02-19
a9a38bf05e94ce11495d6c4402730a56,62fecf2e84255655ac7fe3a7f8feaafd,delivered,2017-09-05 18:44:23,2017-09-05 18:55:18,2017-09-06 16:53:52,2017-09-08 21:37:46,2017-09-18,21a4f6ed42f5a4ad4e3bb512cb0ffc10,2017-09-05
cc378c27f87ead12f2c154eb5fde22d2,fd3d18e3099e04ab5a3b0b6f1802fcfa,delivered,2017-07-25 12:12:35,2017-07-25 12:25:15,2017-07-26 18:19:37,2017-08-09 17:59:51,2017-08-17,38ed5dcf4671ea20f3cc051857efafbe,2017-07-25
7ba6bafa2332bb4f844e2a2a29946773,e39a450cadb501f2123cbf616d8991ac,delivered,2017-07-27 13:32:23,2017-07-27 13:45:14,2017-07-28 18:13:47,2017-08-07 19:33:53,2017-08-22,09e8317da2e0d33055376bbba67b65e3,2017-07-27
ed13c5b7c83748412c1331493e28e36e,09be83752fa672f29dee9dc87c06ea11,delivered,2017-09-19 17:28:44,2017-09-20 02:35:12,2017-09-21 15:12:59,2017-09-26 21:42:00,2017-10-05,02cd1e304ed649e723e88c4ef3483397,2017-09-19
95e7bfc2e335e44766ce4eb5f5771e30,1443a07e7571e81a3d4e622a63664e48,delivered,2017-03-22 15:36:16,2017-03-22 15:36:16,2017-03-23 08:07:20,2017-05-18 10:37:36,2017-04-19,2cf9d72c9efd3bbc78a0a3a1f3b10c5a,2017-03-22
b522474ba0639dd0385e4918d46ddcba,1dec5968d57ad73965f305ba85654eda,delivered,2017-07-01 14:02:36,2017-07-01 14:15:11,2017-07-03 12:35:48,2017-07-21 19:08:10,2017-08-08,a95637272721257c61a75e2ec767eb3f,2017-07-01
077b4b3a3d03fcdfce6a94e53ccdb3a9,787e333c11dbf966e21171853d71ff36,delivered,2017-11-26 21:00:43,2017-11-28 03:46:21,2017-11-28 20:15:02,2017-11-30 21:18:43,2017-12-11,60d7d38f337407b0fdb77599e6e7ed0f,2017-11-26
8d5adba2d82f7af4d944f45a95d5d1c1,02a0087b3657817949973dc48134dece,delivered,2018-07-30 12:02:51,2018-07-30 12:24:54,2018-08-06 11:50:00,2018-08-14 23:41:46,2018-08-30,bb40e4b6e1062e6280c6a272fccf0567,2018-07-30
16c4141aba032aee4127e9c20e5df44f,39c468ec6052be3b96937214c733fb20,delivered,2017-12-10 03:14:25,2017-12-10 03:30:39,2017-12-12 21:35:57,2017-12-29 16:13:21,2018-01-12,da99b7acb98c250200a2310e6e7b029a,2017-12-10
35fad2f607311765a2f38956b26133f8,649d21625de22222857d0daaf7fbd005,delivered,2018-01-13 12:21:11,2018-01-13 12:32:29,2018-01-15 23:08:54,2018-01-24 15:23:33,2018-02-08,d8b31ea2574ac3968fc46700fc2cc393,2018-01-13
b2182fb810efdf89531f055b0ffcd885,f9f25cbe88d2f9070279e247b1964823,delivered,2018-03-09 14:25:50,2018-03-13 03:50:42,2018-03-13 22:38:36,2018-03-20 15:11:42,2018-04-02,56a531b691e5960d7c896f99cae32aa3,2018-03-09
803d9be249d7c523418ceffa07d99724,317e53bc7df537e853731bdc538c8c90,delivered,2018-06-11 11:06:25,2018-06-12 11:19:46,2018-06-13 14:36:00,2018-06-19 13:44:34,2018-07-04,06c2538cfac1de544f46529bc1a1c4b2,2018-06-11
aff6ce4c3564b24d8ecfa5f9d9c62fb1,0a36842868e0ea8fcd234e4df971fad0,delivered,2018-07-18 16:39:06,2018-07-18 16:50:17,2018-07-19 11:57:00,2018-07-25 19:51:59,2018-08-02,1f24bdeee3c43d9e0f0f1ec70ddabf61,2018-07-18
d115642fba3060e4082472bb2801b111,dac62c0ce8fd2718fbd7be9d87d85d4d,delivered,2018-08-02 15:46:16,2018-08-03 08:15:15,2018-08-13 11:54:00,2018-08-18 13:18:46,2018-08-10,9e1dfb17599bf0db24d2d85b06c492df,2018-08-02
234e664f4418bb97ea8f387244a9538f,98e164b3750e0b9e0eddb3612fb8d617,delivered,2017-05-22 12:59:04,2017-05-22 13:15:12,2017-05-24 09:34:25,2017-05-26 14:41:35,2017-06-02,de166e0e5846bcc902deba22ef24bd77,2017-05-22
82cb5727dfc9854c228dd5246c17b877,daabc936af60df21c9a3ce027b2665e5,delivered,2017-11-30 18:33:30,2017-11-30 18:50:44,2017-12-01 19:22:41,2018-01-02 12:24:15,2017-12-27,505a52dc3538dbb611c1ed24e122fe39,2017-11-30
1f18d6138f5af59adb5a379ea575d555,9e28e7712d72035236cfbd785851e4b1,delivered,2018-05-29 00:08:35,2018-05-30 02:15:21,2018-05-30 16:58:00,2018-06-12 16:38:47,2018-07-12,47c05993d6a2369558d2f63dddabcf0e,2018-05-29
8b611528d5c0397b9573a1652874bbee,66dfe8c9ca1605e18c00c98c3758c451,delivered,2017-12-18 11:42:26,2017-12-18 12:45:35,2017-12-19 17:19:23,2018-01-08 23:09:21,2018-01-15,7db65372f81987316860f916cdb0a219,2017-12-18
ce6b3b598089dc75751e6f6d7a343417,6281905dcea7ec6f9ed8baa3a8f61b21,delivered,2018-03-19 10:06:24,2018-03-19 10:27:16,2018-03-20 22:33:33,2018-03-23 20:27:35,2018-03-29,f894f5fb7fd28fb5ccacd748bab03613,2018-03-19
f474a46ca16058fe246cdabe215c66da,808c4699ba2367cceb9fbdb0a38b9fb1,delivered,2018-03-21 15:06:40,2018-03-23 02:15:35,2018-03-23 22:53:35,2018-04-04 15:58:54,2018-05-04,0710e0c85fe7cb494d624e0863782e46,2018-03-21
70a8d39e13049156f1ac16e59a18bf37,ccdaa442f76de1c4f952a31bb78bc9e6,delivered,2018-01-24 18:00:16,2018-01-24 18:13:02,2018-01-29 20:04:32,2018-02-21 20:13:22,2018-02-19,650edca4cd886844a3c8d2ea883ee779,2018-01-24
d5ba09d1ab7cd3c7094545fa86c6c21c,acb63cf14731ec5a603f2ca382330d50,delivered,2018-02-17 20:52:50,2018-02-17 21:07:07,2018-02-19 19:57:11,2018-02-27 23:04:49,2018-03-12,32adc67ae0f3a0d1274bce94adabb759,2018-02-17
4eb2ac97a426c7f771f8bb1ef6ba5771,fd006a53412328405bda07eb5f6be031,delivered,2017-02-11 18:33:28,2017-02-11 18:45:11,2017-02-13 11:25:36,2017-02-23 09:07:32,2017-03-22,01469c41b00bb21cd01d2104b8e81384,2017-02-11
5dc6b1dfab4fc8303ea318faec36a73e,d78589eeacbfd204322ded214caadbe0,delivered,2018-02-15 20:03:19,2018-02-15 20:15:27,2018-02-16 23:43:40,2018-03-14 21:03:40,2018-03-16,14e5ef541a960b5424c0b5ca8efb0ab4,2018-02-15
44d2850802286aba47ac68220a075bb3,c294a79206604acf86f110a45acaee28,delivered,2018-02-27 19:40:46,2018-03-01 02:49:06,2018-03-01 18:08:36,2018-04-03 21:13:31,2018-03-29,2da22555ffa418797341284cdc6b7c09,2018-02-27
81e25306758fe2071a7b0063beda2140,cc36b7e33ac2c31ee7de9e6b77ad5ac4,delivered,2017-11-23 12:35:59,2017-11-23 12:49:46,2017-11-24 21:58:52,2017-11-27 17:58:56,2017-12-07,4681829483318507ed55682649de6571,2017-11-23
43e16679b4c9df0ae3d5fefa59a34ff4,6d9200d982960db3b28ffbff6daf37f8,delivered,2017-12-24 15:43:12,2017-12-24 16:08:02,2017-12-26 16:39:16,2018-01-04 21:14:56,2018-02-06,7d12a2c663520d57f42558364063db4b,2017-12-24
cf5dc40ae925414c07d1a74645ced6c2,3c97b23a8b4e6e6e186ed13e99d295e2,delivered,2018-07-06 14:41:04,2018-07-06 14:51:16,2018-07-09 14:14:00,2018-07-13 21:24:28,2018-08-06,e0a34cf7800334804596803f6ff3bfb4,2018-07-06
b72528954592dd3225bff1b524a08dda,68dd34002f944ab9a6fa25771296a550,delivered,2017-12-31 17:55:07,2017-12-31 18:07:03,2018-01-04 22:38:59,2018-01-11 21:14:30,2018-01-31,00986cafefb6e670cceca01694bda599,2017-12-31
b374364a416f6bd7a376e466e60415a5,3de618a738030339345d8dfbf28560ad,delivered,2017-03-03 11:09:23,2017-03-03 11:22:27,2017-03-03 14:01:56,2017-03-13 14:14:40,2017-03-28,d1e8e8b6b4fe73615245aafece2c391d,2017-03-03
b67c374fb9fdcc4009a0ab62b4525632,3248bd54c8183befb76db468098cb698,delivered,2018-08-05 20:06:27,2018-08-05 20:15:18,2018-08-06 16:49:00,2018-08-10 14:05:58,2018-08-17,f66727b308f6f480e6693b25b8d98b27,2018-08-05
d89b3f3e37df53791ceeef1e4e653310,3ca8385f8695fd2221526ac8e5296900,delivered,2018-06-13 11:30:24,2018-06-13 12:32:39,2018-06-15 07:45:00,2018-06-21 14:28:20,2018-07-05,3e034581882bea17c0d780b9ddc086f9,2018-06-13
ff8fa4002efe1dc72ea0343487e7b6c6,69dd0c30532e05224630ad7cf9f10446,delivered,2018-01-29 20:17:19,2018-02-03 23:32:07,2018-01-31 15:08:46,2018-02-05 23:08:09,2018-02-20,4acd6dfc10ea3451048d554dc825c7db,2018-01-29
4575195c5ca6f5a5e4b623b45e865a6e,bafd5bb3556a332b43ddf07f6a97750b,delivered,2018-01-29 08:47:19,2018-01-29 08:57:19,2018-01-29 21:09:05,2018-02-14 17:50:11,2018-02-22,e760917999c097b45bc34b3de8efdb8f,2018-01-29
d6ba0aa53ad5742259d45436b54d2b46,f426d0b70890d79f427955fc1037a4de,delivered,2018-05-12 19:33:42,2018-05-12 19:56:40,2018-05-14 14:39:00,2018-05-18 19:59:56,2018-06-04,faddcaf6ef7befeb1058ff5ec1792781,2018-05-12
8b01dbab48de4c2a6edcca84a1798df0,06c4359f159d982902fe93e79c1323df,delivered,2018-08-02 12:05:19,2018-08-02 12:44:42,2018-08-03 15:06:00,2018-08-08 14:52:53,2018-08-07,25bddbfb5b46c81561813f2615b6daf7,2018-08-02
dd80556200c2f712cc6d048888451267,2cd0fcca2f6a561b34a5ce1fd920420f,delivered,2018-03-27 10:06:23,2018-03-27 10:15:25,2018-04-10 18:26:48,2018-04-17 18:03:49,2018-04-30,1bc24291089150a659ed2bb81589db34,2018-03-27
a8d2e3eaad4ea714202c0dd853cca757,65e486b530298fa033cc7dc5cf3e6fb1,delivered,2017-04-02 14:30:11,2017-04-02 14:42:26,2017-04-05 08:51:20,2017-04-10 13:39:54,2017-05-02,b162b6f50e3bf0e06cf147e30b2209ce,2017-04-02
842b4431d67fe173503b4239cbffb841,b31700129fac4f7d452b4b5216fde4d6,delivered,2018-02-15 21:02:45,2018-02-15 21:10:32,2018-02-19 11:27:07,2018-02-28 23:13:04,2018-03-16,9e88e74bfee837681103e3a79384a1e3,2018-02-15
98186ac94b684b11197ecc327e9865ad,fc40eaabc96c9f4d6c84ecacb8c95966,delivered,2017-06-29 13:36:05,2017-06-29 13:50:28,2017-06-30 14:49:50,2017-07-08 15:37:49,2017-07-21,bae2bb216d3d9081513d8285b5657b3a,2017-06-29
9cbbee2d6fc84610e720368c09517556,8a067839d9b32272550844562ec03d14,delivered,2018-04-04 16:51:45,2018-04-06 03:28:37,2018-04-07 01:22:12,2018-05-03 14:48:31,2018-04-30,b24339384ad7bed4f7d051b9499f6b83,2018-04-04
55ea3316ceef824308738752d1c12ae3,83451bf0ec7e33f664ffb1f106b59772,delivered,2018-05-15 09:49:19,2018-05-15 11:32:00,2018-05-16 17:47:00,2018-05-21 17:48:38,2018-05-29,31b5a19a2922b68bb32ae40688a6a654,2018-05-15
f7181fc3cf71354c25827adff7dfc284,484ebdbc08f54b64e4e7a39ad6be42b5,delivered,2017-11-21 17:25:33,2017-11-21 17:47:05,2017-11-24 16:23:21,2017-12-01 21:37:57,2017-12-14,9d01c5cb3cc2f538dd47f5b00b993654,2017-11-21
60f444f47da9e98ceae8864e4a67fb0b,a4b9cf3f37a5d01524a8d5108b9226da,delivered,2018-04-12 21:13:58,2018-04-13 02:15:39,2018-04-13 20:14:26,2018-04-16 17:44:33,2018-05-02,43df6dd4767b8fb2471fb6e5e378b29f,2018-04-12
08921fc98ee1dc54454ae8af90493c44,73f6f07cecb177c52aafb9ddd4b4b448,delivered,2018-04-19 01:10:02,2018-04-19 01:30:15,2018-04-19 18:03:42,2018-04-20 18:52:35,2018-05-08,3d137ee6aef24bc7aa2d3cd0e083ce9c,2018-04-19
200553df452156c2fec1e8250369636c,2614d024d8016eb209b5963860aeba42,delivered,2017-12-03 00:07:54,2017-12-03 02:43:34,2017-12-04 23:26:09,2018-01-08 17:14:52,2018-01-02,9b4ac17ac06385267d9e585e5154f003,2017-12-03
7a6cee8d80a2a71e4c1dd74b0dfadb3c,5a68300abb6a13d47c405b415e3c0971,delivered,2018-07-23 11:11:05,2018-07-23 13:40:25,2018-07-24 13:34:00,2018-07-25 17:26:37,2018-07-31,e246b4c3c20fce43b6aad844e8c71bbe,2018-07-23
2f6ce0fc6861201ce7e46d0b67ca0dc6,b741c151088f770a5189db10c519e937,delivered,2018-01-22 18:11:25,2018-01-24 20:55:20,2018-01-25 16:19:10,2018-02-14 21:56:55,2018-02-23,5fa89f42566eb0dc32e28d9e945c5f9a,2018-01-22
9439142ac9f68b5cfaa4bbd1e2052ba0,2a0ffe70fa6ad3911b6b1d9e3c9af7c6,delivered,2018-05-04 08:41:06,2018-05-04 08:55:26,2018-05-10 14:26:00,2018-05-22 19:50:56,2018-06-01,808ea98440623f6eea7393bbec93e74c,2018-05-04
2f2f32084f6b6ffff53044b351790b7f,5121084fdade95f1a14190925415cfe7,delivered,2017-03-07 10:50:10,2017-03-07 11:03:28,2017-03-08 11:39:39,2017-03-16 10:52:02,2017-03-30,6499157a4bb5840e37bf1ff3b978d295,2017-03-07
d242f228c4dd03301794ded8f02dce54,a8efde73814dc81ff114f0980fb6386f,delivered,2018-04-19 16:42:15,2018-04-19 17:07:21,2018-04-23 21:33:25,2018-05-07 20:19:21,2018-05-24,f3b2bf2e7dee8f8b22ab8a221666b8db,2018-04-19
858d458b39082890e96fbb1fed8c2a52,f959b7bc834045511217e6410985963f,delivered,2017-09-06 16:10:51,2017-09-06 17:15:08,2017-09-11 19:48:01,2017-09-16 16:18:03,2017-09-26,1033eef37a760a832f9b2332ce23fdc5,2017-09-06
0777f4238fa29d5c69367c8847a2f6ec,d9cc52f8687d008c962789641cb4ee0d,delivered,2018-07-22 18:49:33,2018-07-23 12:32:04,2018-07-24 13:11:00,2018-07-28 02:48:47,2018-08-14,d2aead2a3d7876bbfd47553047e9d1fa,2018-07-22
bb086eb1ea86b350e11326ec14a45b28,5908f5fd53b52c348da900f0707d3649,delivered,2017-12-15 11:20:27,2017-12-16 02:37:32,2017-12-18 15:19:13,2017-12-20 19:23:40,2018-01-04,b8ed4d1221e3a68c6a1d10d0d55ca78a,2017-12-15
9f15a49b06a232b78c96d3f7becb99b0,44ad230ebeb51b5af647b688304f7bfc,delivered,2017-07-28 07:14:40,2017-07-28 23:45:20,2017-08-01 02:49:36,2017-08-02 18:23:08,2017-08-11,5749c40b17909adc8c37d8f414ad2e52,2017-07-28
39aef66a5df5a9506807af923c52b62b,a7baf79001a47745d1ba7e68812f055d,delivered,2018-05-08 17:26:45,2018-05-08 17:51:25,2018-05-09 08:48:00,2018-05-15 17:55:01,2018-06-07,105e4e021d64daefffa74f4630107f3d,2018-05-08
91adf7071ab8c2861356bb2f4dfae721,0ad7e82a4d0ffbd93647edb8df8e19f9,delivered,2018-04-22 22:57:46,2018-04-25 03:30:50,2018-04-26 06:25:00,2018-04-28 15:16:52,2018-05-10,d88966914014227f6ac840cd31271a73,2018-04-22
18dfe50d6b2dbbbe6508b1b5eea3eae8,9393b50b42eb21e8d4139d57afb13fb4,delivered,2017-07-12 00:55:43,2017-07-12 01:05:07,2017-07-13 10:48:02,2017-09-05 15:37:54,2017-08-07,a4491703383709dba3dd6e7ca6f7a3dd,2017-07-12
28fb1108b547c1720dbd25614e1343c4,6f27c6708dbcf96bcc241a627024d81b,delivered,2017-11-27 13:21:50,2017-11-27 13:38:43,2017-11-27 21:42:27,2017-12-06 14:23:22,2017-12-29,dbe39956669611c8f1e320399c5f3288,2017-11-27
c99da7a5a4c3328c4d6494f061c4c3d2,9cb4c350f711bffc912233f1ee5c8767,delivered,2018-01-09 13:29:47,2018-01-09 13:49:09,2018-01-11 18:45:42,2018-01-29 21:46:01,2018-02-14,993800e18503bae9602c3e67b44742bc,2018-01-09
ceddfb05b9a267360bf733384df51e34,fa6a87087c40bec8f32e65765ebdd36f,delivered,2017-09-04 09:45:28,2017-09-05 04:25:37,2017-09-08 18:59:36,2017-09-14 20:04:15,2017-10-04,4cb1a7c4f37df3c9c0263aea948c581c,2017-09-04
62eb512df70887fef619aef41c193429,12938c2cf80c01e9b80ad27a7e93e14b,delivered,2017-08-07 14:10:09,2017-08-07 14:23:03,2017-08-08 18:00:06,2017-08-21 20:13:45,2017-09-11,8ee092d109092f3584ee910259c59a88,2017-08-07
d6cd9d63e25452e0278cb6eeed08de6b,b98012e4b861b35a2b4cf3876dcbaf78,delivered,2018-08-04 18:07:07,2018-08-04 18:15:19,2018-08-07 13:52:00,2018-08-20 19:08:48,2018-09-12,ea53ac4f43fb2e82ad7d601fc8f5a0f1,2018-08-04
10e0435082ce8df9498c8d5fa6d79fad,006e35001c6c8c65ad4b20a8925d2b9f,delivered,2017-05-23 10:33:48,2017-05-23 10:45:09,2017-05-24 09:28:18,2017-05-29 09:49:07,2017-06-14,77e0a2e2281e2a533eb62268371a4bc6,2017-05-23
3fbba2a364f0072dbf76ad244e734258,3b948253b335dedfe40495c177e2addc,delivered,2018-01-17 20:51:40,2018-01-19 08:15:41,2018-01-24 00:23:35,2018-01-24 22:05:26,2018-02-01,31e924c19d4d1cf7eb6bb1e96dc18c62,2018-01-17
0268f664f7833aa949da2eae5321aa5b,0e5cde0fdd1709898292a48802e28144,delivered,2017-04-27 23:32:37,2017-04-29 02:43:13,2017-05-12 17:19:43,2017-05-18 09:26:44,2017-05-31,9f2c8934978dfccb30125e17c77c2a08,2017-04-27
6e3e15bde53821ada4e7c475f2f98dcc,79293a3bfb63be93571d2184d168d40c,delivered,2017-05-31 18:00:07,2017-05-31 18:10:11,2017-06-01 10:20:09,2017-06-19 18:51:42,2017-06-27,f517732fa95763b9b12df25167de632d,2017-05-31
c0fce857f05e1c89cb59512a02dc3280,e8730c3eecf9daada0e368f2e49885e8,delivered,2017-06-04 23:15:46,2017-06-05 23:25:08,2017-06-07 14:20:20,2017-06-22 14:46:01,2017-06-28,58585e1ec9edf78de9f233b328a3e046,2017-06-04
d295fdedde1742dab056f335be894679,f0dc368b018c4102a459934a02118a1c,delivered,2017-04-26 15:31:06,2017-04-26 15:42:29,2017-04-27 10:42:32,2017-05-04 13:52:03,2017-05-25,b767ddfe8c6a388587c3abb6ec4b464a,2017-04-26
0651c427722f910d3a2238dca1975fcc,ba441b699aeb3bb9afd7ec9c732ec617,delivered,2017-12-04 22:28:27,2017-12-06 22:33:05,2017-12-07 18:39:28,2017-12-14 11:14:58,2017-12-29,798c34ffa9047399853eab8ca7c0b9a0,2017-12-04
54e30fbd73b01605796983a14e438a57,58b3f9d97adc1124fc58d45224de7912,delivered,2018-02-20 19:48:21,2018-02-21 19:49:21,2018-03-01 23:39:00,2018-03-09 21:42:26,2018-03-12,e98bc5f28299b3d7371b1fa002b1383d,2018-02-20
32ce9ea2719c8dc55fe5890c1143c60f,c19b4fae26bbed35de3d6ad142e6b02b,delivered,2018-01-08 22:10:35,2018-01-08 22:19:25,2018-01-09 23:27:55,2018-01-24 19:19:42,2018-02-05,123cf5f7ac3ccecbf418558cc018a7d0,2018-01-08
f8868b8046c99c3b68a17b935efe47a9,d2d16e9dd973b2b3d164d55bdd6f7614,delivered,2018-06-21 02:36:49,2018-06-22 02:58:55,2018-06-22 13:56:00,2018-06-29 19:06:54,2018-07-19,8032878a9fcb1e269a19befcc57ec8c3,2018-06-21
8c46c4b2bbf318ff31368bc87309662e,80326990ee607892a2a6c4c8baca53fd,delivered,2017-02-05 22:32:10,2017-02-05 22:42:00,2017-02-06 14:04:55,2017-02-16 14:22:49,2017-03-15,9f62f7e0d0cbeab75bfbd518bf2d6566,2017-02-05
ddd1cd1f0c2ecee8f709cd6c8d22daab,2cb427e402525a74cbec079d7b9be168,delivered,2018-07-24 11:07:22,2018-07-24 11:44:45,2018-07-24 16:25:00,2018-07-31 18:36:27,2018-08-14,0ef6c429cb296ab0f6aec6baedf64774,2018-07-24
c6c26ee904fd7f85a965423bec883fe6,5a9b69b8d07b5b9b2b5c97df75837da1,invoiced,2017-09-15 14:28:21,2017-09-15 14:44:02,,,2017-09-27,ed20342b0e962655501a9a62f29e9a3c,2017-09-15
383bb8b07361166ea86f3f4b51e96ff7,980dbc98d42220a8cbeb85142b6f6ee1,canceled,2018-03-15 10:12:28,2018-03-15 10:29:39,,,2018-04-10,f9fafec759ae13336c5d3c942aa86a39,2018-03-15
488bbe7460a648792b11ac9b3755e44f,3575b0f076a2c63f4cc4fe7b8346339f,delivered,2017-11-14 15:44:11,2017-11-14 15:55:37,2017-11-17 18:13:07,2017-11-29 21:29:04,2017-12-08,a72a2d4e19868dba726c0e6f49198c7e,2017-11-14
5c756faf3b818e64d75e0696758f7755,33c1d302cb2895792e8ab2d10a2c6562,delivered,2018-04-28 14:12:24,2018-04-28 14:30:25,2018-04-30 14:39:00,2018-05-11 18:18:37,2018-05-25,7af788c4ab609ae19f2eba2ef1ccfcd8,2018-04-28
ed81dbeb0cedad4d3d1f1551b06d6ca3,ebfafa93320c769d9b60740fbc5cad2f,delivered,2018-02-28 14:08:27,2018-02-28 15:00:36,2018-03-01 21:04:22,2018-03-16 20:03:31,2018-03-20,5af895ee7ff98368a5bf6faeddd18cec,2018-02-28
0731519818400f39a85714db501f1781,dfa47dbf18628970fbfba709ee9354ab,delivered,2018-01-21 00:05:02,2018-01-22 00:43:23,2018-01-22 21:25:03,2018-01-26 11:45:05,2018-02-20,1fd9b141b44af187ca80a3639770dc51,2018-01-21
a0ed7e292495e32e3a7e3ae479219c4d,3d2110fea7787994f7ff93361842685e,delivered,2017-09-12 18:23:45,2017-09-12 18:35:15,2017-09-13 21:45:58,2017-09-25 17:27:01,2017-10-02,a573d37f0b329d5fab25d17e3c81482d,2017-09-12
ae352cde9779081a0ca9020c7e276325,7132d6cd03bc196b7d4ee72c6ac9bac7,delivered,2018-02-24 16:50:07,2018-02-27 04:31:08,2018-02-27 19:02:44,2018-04-06 22:22:05,2018-03-21,93cfda1cfc2f8c36f8221ed61a566a62,2018-02-24
1407ed7d738d943469994266e9706b46,e85b1dcef5f92e0647dc214b455b83c8,delivered,2017-08-30 10:51:41,2017-08-30 11:05:15,2017-08-31 19:36:56,2017-09-13 20:10:19,2017-09-28,e302c322902a96b16c819192d228f57c,2017-08-30
1cfb97c2bd23fb8142435ff6c9ac2f84,da521d3e6d9cfffb8323f48f52556fba,delivered,2017-11-10 11:38:04,2017-11-11 02:46:36,2017-11-13 20:32:39,2017-11-16 21:11:26,2017-12-01,102e85d501734c4d2516467c5338c29d,2017-11-10
5ec2dfe53f24929b8d1f19d0f118b03b,07a945f0ed22a074a4af4cd106b504bf,delivered,2018-02-14 12:06:20,2018-02-14 12:15:32,2018-02-14 21:58:53,2018-02-20 23:41:43,2018-03-09,55b7638896fe2a39dc4f00e66e3e0c64,2018-02-14
3d00fba40b3bbf3283c4f21e9129d855,fef23f5010429d851aee180c61c39efe,delivered,2018-05-19 18:07:36,2018-05-19 18:32:26,2018-05-21 14:53:00,2018-06-06 17:59:09,2018-06-11,4cd31b3036748096f530bd7559999565,2018-05-19
ed6d997cc12ec67c2c42f19b370c60be,3378c21ca035f277286de5914d4bf999,delivered,2018-01-22 09:47:40,2018-01-22 14:15:00,2018-01-23 16:58:42,2018-01-31 00:38:13,2018-02-14,7d2115a29eafdce9e8563c476c72b792,2018-01-22
a1fecacc69af0a9d178e614955cc7bf8,4d9b87923677052e70e68362af400303,delivered,2018-02-17 19:09:07,2018-02-17 19:26:49,2018-02-26 22:52:07,2018-03-09 13:28:34,2018-03-16,77bbc1d3e77ae768090844f55f81b8cf,2018-02-17
ba1f99140d4a9799217d7a9d67b8c1f3,d9f2a8fcf629fb093b8e265d27fc8892,delivered,2017-08-24 20:14:59,2017-08-24 20:25:19,2017-08-28 14:49:58,2017-09-20 18:34:15,2017-09-28,7bed3ef7d7fe924202459a0553307626,2017-08-24
108d1dab6908b5fcb9c922549a9c2265,e8fbd74f42c4e548ab08885971cceaff,delivered,2017-12-04 00:00:35,2017-12-05 21:58:51,2017-12-13 22:32:39,2018-01-10 18:10:45,2018-01-04,a7f8b23aaf522616c6c7daa2a3753247,2017-12-04
2a4390df447b55c9fc49b6b97a786292,06ee4dba2450f13783c438648931931c,delivered,2017-10-29 15:26:18,2017-10-31 12:47:42,2017-11-01 23:43:29,2017-11-06 13:33:15,2017-11-14,e0ec2e3c3f6e06839e8fb986be65c7c5,2017-10-29
b2d1b05f793967d7cd1700b103bf0cc7,59bb3226605fb303a122de2bf5b54857,delivered,2018-05-16 19:27:44,2018-05-16 19:37:23,2018-05-29 17:11:00,2018-06-04 20:51:49,2018-06-11,c8da585193f0d42bd9d69df20bb1a8af,2018-05-16
85a5c526407a1b180dd5bccc622be107,0172748409ef8a6fcba0660cda36f38c,delivered,2018-01-06 12:01:41,2018-01-06 12:08:29,2018-01-09 15:04:13,2018-01-19 18:19:04,2018-02-15,f561632522774ab728bb93f8f3ab5e61,2018-01-06
e9376e0fd65f7e856a08d32426f523ef,fc21178c7e1580988c8d748736a40bea,delivered,2017-02-10 07:10:51,2017-02-10 07:30:09,2017-02-13 10:01:34,2017-02-17 10:23:53,2017-03-09,e9ad5caff152c5ae76c97266e53878b6,2017-02-10
5f0729d8bd88589e8501140a9eb86ed3,64a059ad8576d0a738ec6a8e57f21802,delivered,2018-01-15 15:31:31,2018-01-16 03:34:28,2018-01-16 19:52:42,2018-02-02 18:33:20,2018-02-06,2cddb5e8cd6041ea7b9afe8b04bd9594,2018-01-15
a1da6725143e50ad30af2c7856a4122b,dd14cb9632c88fe275b99c61e12c9384,delivered,2018-07-31 10:05:29,2018-08-01 02:45:12,2018-08-01 19:33:00,2018-08-02 20:06:45,2018-08-03,3e3d56f9737c010ccb5b67c601a18b53,2018-07-31
7e85dd5c64bfd481355a0662f9f9f777,51fe7d2da662fa7eceff7b97a6c66591,delivered,2018-06-21 20:57:36,2018-06-22 02:58:15,2018-06-25 12:44:00,2018-06-28 13:29:39,2018-07-13,13f716fa34bd2b3e7a1e67cea70930db,2018-06-21
d916aef37da586876fc49a24ecc609e8,15c62eb8af4d9d9c525c34c7a57529bd,delivered,2018-04-29 23:28:13,2018-04-29 23:49:54,2018-05-03 11:09:00,2018-06-20 19:35:42,2018-05-24,5b8b8afbf37c38e18e196e47078854ed,2018-04-29
f3b71bda51bcde2c100176e4932c4492,143996da049e5f4d2bd6bd273fcd29fe,delivered,2018-06-24 14:20:53,2018-06-25 11:57:54,2018-06-26 15:35:00,2018-07-06 16:44:49,2018-07-05,98f879df3ede26b1365590161d042125,2018-06-24
e6485b91715e7f2423b449f14fa702e8,9322a7c6208a448238aa9f62f79086d1,delivered,2017-04-12 22:17:49,2017-04-14 02:42:25,2017-04-17 10:38:23,2017-04-19 12:28:08,2017-05-11,2b9dc9309e4822e3b034c6af36101b1e,2017-04-12
b56da4f6ba2b34016327152e136fe19f,7c4988a0f398ba189bab91f23b0be62f,delivered,2018-08-09 14:34:44,2018-08-09 15:24:47,2018-08-10 12:40:00,2018-08-14 01:12:25,2018-08-15,25fa1985314f902dc8656f63ca83f5e1,2018-08-09
8a2799788d56c3c7d19006780c3e1bf6,7c3b56c934ceb23b3ef63a681146bed5,delivered,2017-08-02 15:05:04,2017-08-02 15:22:55,2017-08-03 18:25:59,2017-08-04 21:22:17,2017-08-17,49f99efa576f27e97a0a3cfc55aea590,2017-08-02
3bbfc6cfb06ece2a3da05e9106aba42f,ad54cac7393fca3e9a8a26ce55f38154,delivered,2017-07-06 22:26:42,2017-07-06 22:43:12,2017-07-11 12:43:51,2017-07-14 18:29:38,2017-07-26,2d994dc5dfd83c29f82519aa9a0b0ba9,2017-07-06
3bc06a67986e230a7bf2f3f8cf2aaa2b,635445902f1615eafa7b5a65b27afcf7,delivered,2018-07-16 21:27:48,2018-07-17 12:21:17,2018-07-20 14:25:00,2018-07-26 16:36:45,2018-08-01,e3a20b71a1137f5c2e91c7f8f8ec87e0,2018-07-16
9905735f97755e036a679c7d31394d4f,7723aefb1cc03ddd767e37438d62039e,delivered,2018-05-02 10:04:53,2018-05-03 04:52:38,2018-05-04 14:39:00,2018-05-09 17:03:19,2018-05-15,dc619431181a89321092789edd83fe91,2018-05-02
17ffb15bafcef073360c63f37fced606,45daba602d0ee2e972ca887d94f55209,delivered,2018-05-17 16:36:21,2018-05-18 00:14:32,2018-05-18 11:46:00,2018-05-23 17:18:41,2018-06-01,045cb5df6d35c59fd8c0f2dee11a02b1,2018-05-17
465a9ee52befcd11131e1f522fce467f,734d134a571d5b19d6a04edfeee25d93,delivered,2018-08-17 21:01:16,2018-08-17 21:15:14,2018-08-20 16:37:00,2018-08-23 00:38:23,2018-08-23,b80f9541100e1e3389fc76ad9c6d57ee,2018-08-17
22e06cbdd9638e481433e910bdd56d40,040823cb5374775c7c43e8e33fc5016a,delivered,2017-11-24 22:04:33,2017-11-25 01:31:45,2017-11-27 11:52:47,2017-11-28 22:32:36,2017-12-08,432bbaee2b6efe0f52cc5fbe03c6074e,2017-11-24
6f2d988a27fa7727f74225e3ad4b0f15,2427d6249db42ff5f64d8df1ea82c437,delivered,2018-07-25 21:17:54,2018-07-25 21:30:15,2018-07-26 13:55:00,2018-08-02 21:54:59,2018-08-14,691d7c123d38d152eaf29bb03ab75a53,2018-07-25
cdac2dd3643b01d8c79cb8bb30998c6a,4308615296cf4ca17defd8b0d59287d8,delivered,2017-03-20 20:19:09,2017-03-20 20:19:09,2017-03-22 09:08:42,2017-04-03 14:15:52,2017-04-24,a99021699fda65c2b84a3fb596a4c32b,2017-03-20
7dc5018fbc594b1ce9a945e6bcfc83c3,d2c7eb8aba1fb89604f9cbf208b3db30,delivered,2018-04-05 13:31:00,2018-04-05 13:48:42,2018-04-10 22:33:04,2018-04-24 18:56:42,2018-05-14,e618e6b0658d1cb76db783aa07bb0981,2018-04-05
d5fe6827cc4a6ce0562e5e116c627839,b0a556928aa7ebcea400790bfc3565b6,canceled,2017-06-22 17:52:25,2017-06-23 18:03:43,,,2017-07-21,87a50a42cb02eb14e66bbe671af9c279,2017-06-22
1090567d21a127642a40ee3423dc19e8,86b1396ec33aa2dec5be9b789650c70e,delivered,2017-10-08 02:18:40,2017-10-10 03:28:30,2017-10-11 19:39:01,2017-10-19 22:24:41,2017-11-10,24fe2e82ab0df10adf445386639056e8,2017-10-08
00a13ab02fbe82f78cd84f14e41564ed,9ac1fd75f48d0f50af8400cd461495cb,delivered,2017-12-09 19:22:59,2017-12-09 19:32:49,2017-12-11 21:24:27,2017-12-14 23:33:23,2017-12-28,6e766da2653f726764bc9879a3512931,2017-12-09
3d37b8d5d488bfee6a6f456504d2fb82,1e97930ab65bb76fe97e987b5e283cf8,delivered,2018-04-10 13:19:39,2018-04-11 05:50:14,2018-04-11 17:56:48,2018-04-20 18:11:13,2018-05-03,9939ea7ef00bd4561ee4e417fa676711,2018-04-10
55362a7119e83423711de1279ef2f60b,becc4df7209ba4c554f456b3c35b0dd7,delivered,2018-01-19 13:48:54,2018-01-23 03:52:34,2018-01-23 20:51:42,2018-02-05 22:43:08,2018-02-21,474cb0c8b2a121c177772005f6a27cde,2018-01-19
2cef7c298050b8d6865e77d071529770,503840d4f2a1a7609f6489f44ffa9f7c,canceled,2018-06-19 14:56:02,2018-06-19 15:19:41,,,2018-07-05,ffc4233210eac4ec1711a8b847196d4e,2018-06-19
d0285226986b03fe9b3076d6649d51f5,108d8cbbb30750cf961bf635011d9552,delivered,2018-05-16 23:16:53,2018-05-16 23:55:09,2018-05-17 12:49:00,2018-06-04 21:18:44,2018-06-06,110b7af12a79dc9539472296f62feecd,2018-05-16
2878b4e373a9556df9aa1708a4e5c3c8,a050cd2edce49d430222e6019fa50fd2,delivered,2018-08-07 16:07:57,2018-08-07 16:55:38,2018-08-09 07:06:00,2018-08-09 18:54:34,2018-08-10,3da48078f617c821d6887dbae37d9c6d,2018-08-07
d0a376ad0575bef38f57ec1665a353ea,7f5cc65222c2fe21a935bde669213ad4,delivered,2018-05-28 20:34:13,2018-05-28 20:50:38,2018-05-29 14:22:00,2018-06-02 17:03:47,2018-06-20,5a819fa976c2a1e65fa35e5c890d4dcb,2018-05-28
6512d3eb96cbc91e498f7dddbcbc5a1b,b8540cabbd1fea8b8b13db303a512cbb,delivered,2018-05-19 16:49:27,2018-05-19 17:11:35,2018-05-25 14:34:00,2018-06-07 15:42:19,2018-06-11,22a6f6d345f9a7109dbdf467eb805a03,2018-05-19
cf8f3b9530a4074e4282a4dbe3037c0e,377fef154cba8826efe86da89a0a4633,delivered,2018-08-08 10:57:56,2018-08-09 03:35:07,2018-08-20 15:09:00,2018-08-27 22:32:14,2018-08-28,d431fad7c2f75a3ddea76fa5bc88f224,2018-08-08
23467753c6b8adc01bb4e44445ff272e,c494b7ae5216760f5c7af798c3a71361,delivered,2018-07-20 09:20:05,2018-07-20 09:35:09,2018-07-20 13:31:00,2018-07-25 13:42:38,2018-08-03,c54a7c590d22d67b17bb1059c764685b,2018-07-20
81285232bfb6ea93fd49ce339b4de97f,3edcc2ce4b20460caeea3465d1e8c595,delivered,2017-11-18 13:04:02,2017-11-18 13:26:36,2017-11-21 19:18:46,2017-12-05 22:24:52,2017-12-19,5a7d25b8afbe289dcf20384f98e1c8fb,2017-11-18
5c66f20dd109b39605119d5627d6ccff,df17ca4a6f77fb1b756e30d6eb9d3be5,delivered,2018-08-07 07:48:37,2018-08-07 08:04:51,2018-08-07 10:40:00,2018-08-09 16:51:55,2018-08-17,ea99bd8ca369c4788331362ac4a65687,2018-08-07
8d6f2d65fb984460ec10037e22a06fa2,3b4509c643e02e104700ed7e0d1da174,delivered,2018-01-21 23:36:32,2018-01-22 14:17:58,2018-01-24 00:09:04,2018-02-08 19:11:49,2018-02-21,5561fe052540173dc2c13fd44f586b0f,2018-01-21
6f56545c88b148da4e1bef1bab6c7007,24345778235891cfb9562afe65a18137,delivered,2018-07-03 15:38:25,2018-07-05 16:32:44,2018-07-06 08:25:00,2018-07-07 11:04:41,2018-07-17,32e6c7c9ddab534ed826e29f8418d668,2018-07-03
33481c8e76159f5a3318911105d58475,9e44d0c223c1aeaeea98b7dfc94e8f0e,delivered,2017-09-03 16:15:40,2017-09-03 16:25:21,2017-09-05 23:26:36,2017-09-19 21:05:17,2017-10-03,fdd3699d1f97aaa4f1f6a038a8df09c7,2017-09-03
4baa890f39672eca09e8d4cf0ffdd4d5,981e2a35b8cc3442c7b18d008d58e20c,delivered,2017-07-06 14:52:12,2017-07-06 15:03:49,2017-07-07 17:37:45,2017-07-14 17:58:50,2017-07-26,dfb3c6f416e10724a5cb30cce6139163,2017-07-06
e8f9288c671277ab525571871aef27cd,5f4b01693b0d9f9e14c5f0a69496b9d6,delivered,2017-12-12 13:14:10,2017-12-13 07:49:21,2017-12-13 21:37:16,2017-12-29 21:23:04,2018-01-05,8d3b2ce00ba479b2d5d33d16a7d120b7,2017-12-12
55cb95c5d7432b481870e028524b53e2,ff36e3cbdad7fb9d81c1d75f39e5bafe,delivered,2018-01-14 10:31:45,2018-01-14 10:49:39,2018-01-17 15:49:06,2018-01-31 19:22:21,2018-02-20,9cd197c17c374d5ac3020aa902345840,2018-01-14
31732ac03c3866969643e70e4a4a633c,378d97ec1eeb4f2c7d689fa2cb253a89,delivered,2017-06-02 19:16:46,2017-06-03 02:22:28,2017-06-05 15:23:39,2017-06-09 13:35:06,2017-06-29,fa0828506eaa3524a35e279df62646a2,2017-06-02
fb441bffe443e71cb16477c4743591e8,0c5292f5e3690805390efddf53935915,delivered,2017-03-02 12:13:18,2017-03-02 13:05:58,2017-03-15 15:59:24,2017-03-21 18:35:51,2017-03-30,59d66d72939bc9497e19d89c61a96d5f,2017-03-02
4246497ce0c7f8915544d27745f2e6c7,ec8cbe5ff3ae0f352870c07a3a3025d8,delivered,2017-07-22 19:26:25,2017-07-22 19:42:37,2017-07-25 22:16:31,2017-08-01 19:34:49,2017-08-15,51a59e5535d7248b0995d628d4e159d3,2017-07-22
9b8759d21a6df9bc2d6f451c972674c4,f350152f7910a4105a2ed935af32cf10,delivered,2017-12-15 12:46:22,2017-12-15 12:58:23,2017-12-18 17:07:36,2017-12-29 18:53:34,2018-01-10,d35be8df2766ba2f242cd2a72949dbc9,2017-12-15
60f8ffa9343f486438b8a1cb707882d5,5bb23aebb52e34f98d96c69bed23552e,delivered,2017-09-10 19:13:10,2017-09-12 04:50:29,2017-09-13 11:36:52,2017-09-18 19:20:52,2017-10-02,a047f5efc31a2997b8feb34f88ab5358,2017-09-10
52b5d7a8d05435a607e602cc6d22af5c,af8138aa5b27973d5ecd882bcc3fd296,delivered,2017-05-11 10:19:00,2017-05-11 10:25:26,2017-05-12 15:26:47,2017-06-01 18:36:29,2017-06-12,947c249c7f31f3eae2bd05454e1b2040,2017-05-11
5a2de8e8fb6ea695b64d70e0adf68c45,d60f3e2bf072f0eae0190aafa58b1314,delivered,2017-10-08 19:20:19,2017-10-08 19:35:17,2017-10-09 23:18:24,2017-10-13 14:50:37,2017-10-31,b4d20b907a61795e8c8f3a7966c6cfb9,2017-10-08
d9ff0185a300435402f043124f530274,54ef4ab32481f5109378c975bbe5faa9,delivered,2018-05-03 18:35:23,2018-05-04 16:54:16,2018-05-07 09:26:00,2018-05-10 21:32:20,2018-05-25,03cd0aecddfcc5c2d742df0db0103062,2018-05-03
5620e57611d71ee82bf1b40183f57bdf,9b079dd2ab921fbefaa935054ed0e183,delivered,2018-02-14 10:53:15,2018-02-14 12:00:28,2018-02-27 15:33:21,2018-02-28 16:37:27,2018-03-14,d9d7323fcb35521dd088e0e0ad50e8c7,2018-02-14
630c3cacbf294ed8c919a0c6a90bb1fa,37ff7057c2badd64a377d87516b5158e,delivered,2018-06-29 09:48:23,2018-06-29 10:11:05,2018-07-03 13:10:00,2018-07-05 16:32:01,2018-07-23,10672cde9b97aefe328cc97e4cb711ed,2018-06-29
bde94455174baa3590e64c3d37e79e19,f45a0f37e04cd0f912eea8adc352011d,delivered,2018-08-13 18:53:55,2018-08-14 18:50:27,2018-08-15 14:07:00,2018-08-20 15:18:58,2018-08-27,86198788a3820aea74bf6d0520f4eef9,2018-08-13
34245c681fa744fbba46cdafcd007135,8a05edffc52925132cc81222e8280a46,delivered,2018-01-11 09:33:30,2018-01-11 09:47:45,2018-01-11 18:33:57,2018-01-13 01:05:15,2018-01-30,42f80def72776edda09691cbed45ddd3,2018-01-11
977af9e0fe9053598b4066559b247302,3fd069708a23aa89f1c5a75649cd99e7,delivered,2017-11-25 10:16:08,2017-11-25 10:30:44,2017-11-30 16:06:37,2017-12-03 15:21:50,2017-12-11,da1b79f401c4b535be29afa615b6fa58,2017-11-25
21b2387b9fb6ecefaad3713e09e067ea,b21b8aa31afdf6c50926cba641e07f36,delivered,2017-06-29 12:59:45,2017-06-29 13:10:21,2017-06-30 15:24:51,2017-07-06 16:09:40,2017-07-21,485b849ef839f0f401da8bfdc7ac2781,2017-06-29
ef48fc76d22d439065a0c9589c014162,a6322c065720e80eb216e659d704321a,delivered,2017-08-16 09:34:16,2017-08-17 02:50:32,2017-08-17 20:32:57,2017-08-23 18:08:09,2017-09-19,fac86dc4c65f9b3c7d9179c2d9c277c8,2017-08-16
ef2c378cc37b127ef373094451b9b70f,b1b26cc44465736250c7795b7f0b18b8,delivered,2017-10-10 12:29:11,2017-10-10 12:49:24,2017-10-11 21:13:14,2017-10-18 18:12:22,2017-10-31,16eba06701fe8ee432b6c6e4e6d1f5ca,2017-10-10
868b6fde338c3286477dd9513ba79347,b1569d3f7a5e660a197baf45e5c649cb,delivered,2017-12-04 14:38:06,2017-12-04 17:32:13,2017-12-06 22:03:24,2017-12-15 19:39:12,2017-12-27,35ac6d958fd9d525bd2fceb38f85a35d,2017-12-04
80748056eb9831627a31af7148fc735b,a04c8e3157009f2748aeee6e22f2408c,delivered,2017-05-10 14:19:25,2017-05-10 14:30:14,2017-05-16 08:54:17,2017-05-18 09:13:04,2017-05-29,42d0a60607331e84158aff7f42a08b4c,2017-05-10
4e6a80e9e0629461dbf8735ef09cf392,7ad350082deddef39b254d465520be10,delivered,2017-10-01 22:48:24,2017-10-03 16:24:45,2017-10-04 16:30:11,2017-10-26 12:53:19,2017-11-03,99a96012654d7b17b5f0b07d39a98327,2017-10-01
885a0c426d02dfb90c496f1c0a52e687,fd3d2c6a4c99d1e1f60663ec38d9f681,delivered,2018-06-24 20:05:42,2018-06-26 06:57:05,2018-06-26 14:49:00,2018-07-02 15:15:44,2018-07-16,08e9efd97973878416e24dfa610bc8af,2018-06-24
34c5c02777cc9ff009021f208b971041,7854c608823d2e5419ddef9232a9b076,delivered,2018-04-11 21:37:23,2018-04-11 21:51:15,2018-04-12 17:11:31,2018-04-17 14:46:52,2018-05-09,3fdc39171d444e1a1cd4da98ac2e4adb,2018-04-11
3323036048eb47c4c617f997fd201642,a0685cea093b1930e4d9a156d60ac507,delivered,2017-04-24 17:26:44,2017-04-24 17:42:23,2017-05-05 15:41:28,2017-05-09 07:46:30,2017-05-25,18961ca31774ee8aebb68702e6f035be,2017-04-24
668a90230a093eded715f999c5c93610,df034b70a93ea1cd89e82ffc7b0b45ae,delivered,2017-02-11 22:14:37,2017-02-11 22:25:20,2017-02-20 14:53:52,2017-02-21 12:24:09,2017-03-10,955a0e352dc5fca8be2a5545ac0c4d3c,2017-02-11
84630355d3f0a8006b528d597b29e854,5db98651e49e635f78c2d26f4a806efd,delivered,2018-07-17 20:29:34,2018-07-17 20:41:42,2018-07-20 15:38:00,2018-07-26 21:38:37,2018-08-02,171d12730af6f211704357ae15564620,2018-07-17
38d1232695dcc849092e1747534fe225,a5c511c90235732009b456c9b3aa9e30,delivered,2018-03-21 17:17:15,2018-03-21 18:16:06,2018-03-28 22:12:49,2018-04-12 17:48:50,2018-04-18,98e5136466f8ddc6e4a85c1f3ea32cbd,2018-03-21
2982a4a9b9ff0bf9a4f5b88a45a6fa67,e64d794f227cf73be5dc344cd062a168,unavailable,2017-03-06 13:52:04,2017-03-06 14:03:09,,,2017-04-13,aace59eb5e6e0849953e1bdb841e1997,2017-03-06
44bd336071da72ddd62aa5fc210c6e1c,2db52308a812d2cbbd9f0efdf50fab9e,delivered,2018-03-10 04:42:25,2018-03-10 04:55:23,2018-03-12 20:28:26,2018-03-17 14:17:00,2018-03-22,0d2c84317aab68bddaeb5191fef5abc0,2018-03-10
949da213708b3d6a45376f7adf883406,e064430444b773cc0937e64aee670c02,delivered,2017-11-28 17:12:28,2017-11-28 17:35:47,2017-12-05 00:45:04,2017-12-15 18:22:53,2017-12-26,641c355f2bd649203dad2b0a98263fa7,2017-11-28
112111a8d83244d48e6fa1bfe62a8155,81f9089cbace2d3e10eff9d685cf2ca3,delivered,2017-04-22 10:02:39,2017-04-25 08:11:15,2017-04-25 10:37:42,2017-05-02 13:41:00,2017-05-15,5f370ea46852b1ba102d2cb2fb8c8e2a,2017-04-22
ca3a17e05aaef4739aa16cc63be8a117,12168c42925f55a232b6fb7e0bb32007,delivered,2017-08-01 23:30:24,2017-08-01 23:45:07,2017-08-02 20:32:43,2017-08-04 20:33:43,2017-08-21,028610eb2f6daf6bb4c37e1bd2b42210,2017-08-01
dce1a8e770597b5155795c5f5f19476c,c81d3af3afa085935d65060d1c4efd1b,delivered,2018-04-10 15:45:28,2018-04-10 15:55:14,2018-04-11 22:38:36,2018-04-17 05:03:18,2018-05-04,a6a375d1a735d7bf8ee9dc4d6edae3e9,2018-04-10
7280e73216120ebb4358a41b3d947e5e,56b4e0d69de2103592f10d1e63fec834,delivered,2017-03-05 22:02:38,2017-03-05 22:10:19,2017-03-14 09:17:51,2017-03-22 12:35:12,2017-03-31,3d5ee12ffbcb44147038950c94c9e78d,2017-03-05
fee72a68ce935ebf2939fe72f27d3d9b,2346308634084083a80df78332c411dc,delivered,2018-02-16 13:30:10,2018-02-16 13:46:45,2018-02-20 20:05:23,2018-02-21 21:32:31,2018-03-02,297ec5afd18366f5ba27520cc4954151,2018-02-16
81c1b9bcce4f41551875c0e1d598bd2c,82c91e8e62d9d79bfcf9af9a447c5dfa,delivered,2018-03-03 11:39:48,2018-03-06 03:55:50,2018-03-08 01:29:24,2018-03-14 17:52:02,2018-03-29,ea2850237d11cad561dd30653c63a55c,2018-03-03
87e7ff710ee02d1ee56ad8d47834fb89,72785ad5f42dc6ce2500bb83f98a0c40,delivered,2018-07-21 20:47:47,2018-07-26 23:32:51,2018-07-24 14:40:00,2018-07-31 15:41:43,2018-08-13,7e84cccad8b5b4c96e0c07d28a039abd,2018-07-21
7bd817ef4c8ffd77578d493d6a25d69b,236201cdab51aaa8fddb8d232a4024cd,delivered,2017-10-09 09:42:07,2017-10-09 09:56:33,2017-10-09 18:38:05,2017-10-16 19:09:20,2017-10-31,79c44fd9e462d343c22c4066c49b50b0,2017-10-09
834f8d3f39f69c08aca04e68ba439517,82bd29c3414282fbba3878c58b3550b4,delivered,2017-05-13 20:03:45,2017-05-13 20:15:14,2017-05-15 11:36:01,2017-05-17 12:39:02,2017-05-24,86f0e59d74cd6c51cd8b9250d9f524b8,2017-05-13
8e6f3cb506222036edac14e7db634ae2,34b96ddc78a964d1b51a2c91a3aa19b1,delivered,2017-10-14 15:25:10,2017-10-14 16:00:19,2017-10-16 23:15:02,2017-10-25 19:57:02,2017-11-06,304c1acd37faf5d33c0e70dcf0022254,2017-10-14
6854558dc4979ad704ccd9ff6a90e628,f9ebf8ccf3e65834d3efc6aabed7dc1e,delivered,2017-03-25 22:14:31,2017-03-25 22:25:20,2017-03-27 14:06:08,2017-05-05 14:57:56,2017-04-18,153fde7f84a8b19186b58138768899ca,2017-03-25
abc2ac9a5bf7f1a1c88d6f243d7ec3fa,e759493f1f8212d2d08f7697d16310f3,delivered,2017-03-09 09:50:27,2017-03-09 09:50:27,2017-03-10 14:15:09,2017-03-29 11:33:27,2017-04-17,1b8d13d34b0828979e173977f31a16e9,2017-03-09
f5147f84d290b6615104539af53179fd,132a9facc3e81d474c4c24d5ce82e284,delivered,2017-02-01 13:21:52,2017-02-01 13:31:04,2017-02-06 08:37:52,2017-02-13 09:05:15,2017-03-08,11f04a5b73bce050bf76e76d2362de17,2017-02-01
2748d44e65a8c2df3289434a7c117709,f861df6a9d89749b16e001dcc96f3011,delivered,2017-12-29 14:55:59,2017-12-29 15:07:12,2018-01-02 21:41:47,2018-01-08 17:53:14,2018-01-23,0c543525744d6929abf36c89a8fded26,2017-12-29
e39fb9d49443326e7e4db4321c5ca18e,d845fa10aed9b9761c5e4f3234c15656,delivered,2018-07-02 10:01:40,2018-07-02 10:10:51,2018-07-03 13:22:00,2018-07-10 16:16:42,2018-07-26,cb59ee43f2980b6f8385a684f6599365,2018-07-02
d20ff68be39696c887cfee476a5ff0be,87059f8d2fa7f4192b53feeac51fce40,delivered,2017-07-22 13:05:51,2017-07-22 13:23:02,2017-07-24 18:09:49,2017-07-27 19:09:51,2017-08-15,19d676a2bfc6f36a7b7b73b7010cbdb2,2017-07-22
aeff7c740480aeb79472427fdcb098ef,868282f01bc484c22dfac16e75b7d5ec,delivered,2017-04-18 12:08:31,2017-04-18 12:22:42,2017-04-19 11:08:20,2017-05-03 15:07:54,2017-05-18,12e7e3afbc0f71261a92cb51d42928ac,2017-04-18
59a19c83ff825948739dd1601cc107b6,2bf857ee40b763708fe19cf877cac511,delivered,2017-10-01 16:10:37,2017-10-01 16:24:26,2017-10-03 15:32:22,2017-10-13 18:37:42,2017-11-06,2e6922b1b345f1606b329d24f3d09136,2017-10-01
2714cd9d5a0b89ba0c2429e6622e727a,1a4d6e3ad840a904c9e23f8758c02e38,delivered,2018-02-12 19:08:26,2018-02-12 19:28:14,2018-02-22 15:19:07,2018-02-22 23:29:00,2018-03-16,98ea07d5e1e20d64b99e8b65efdaef7b,2018-02-12
7d6fc7e3467ea55ab94ed77b704554fb,f2bd5ae9eb801a97a18ab5a172c2034a,delivered,2018-08-08 15:10:57,2018-08-08 15:25:18,2018-08-09 13:18:00,2018-08-10 22:11:22,2018-08-14,48a3c002c371b3cc51ddb3117c1daf02,2018-08-08
b9fc3fbace8f69b00c2f461cd3422459,69b4b187cdc035cfa618ffb2649c4260,delivered,2017-05-10 12:00:48,2017-05-10 13:02:38,2017-05-10 14:24:58,2017-05-21 11:46:25,2017-05-30,836caa69c529a3a06fbacfeff117e4d9,2017-05-10
d15b470095fbc3ced455be6889f344fc,9a475fe526423c7bcb501e5646988e03,delivered,2017-06-24 20:01:58,2017-06-24 20:10:30,2017-06-27 10:46:02,2017-07-05 15:07:48,2017-07-26,d11a95303a6617e44923aea41223e19c,2017-06-24
ea5b8ab951ac72f344bebd303152f748,09a0d5917164e6feca0c77b00f6c7a1c,delivered,2017-12-06 08:31:25,2017-12-06 08:51:44,2017-12-09 17:43:15,2017-12-18 18:43:36,2018-01-04,640e0d867e85601bd8e64029df6034b5,2017-12-06
24fc7677f0087a35a7640dd917bab8e8,d59d343c11fe1e3a6ef3fe56f1729f52,delivered,2018-05-01 17:15:33,2018-05-01 17:34:45,2018-05-04 09:59:00,2018-05-09 18:34:52,2018-05-22,d7f45be33d4ae663602cf350af7dca0b,2018-05-01
3d237fd98f6bc4d3fd3a0eadda50b2a6,ac991e5e333b60f5ade4f3b2f7222f3a,delivered,2018-02-21 08:39:03,2018-02-21 11:56:51,2018-03-01 20:49:03,2018-03-22 19:13:00,2018-03-16,ba87a137c5191264841e0be40e53f4ed,2018-02-21
60aff0ecd77407f311c868a82b58ac70,f91e81d167c1ee567ad964c15c229178,delivered,2017-09-29 07:43:46,2017-09-29 07:56:08,2017-09-29 18:53:24,2017-10-07 18:28:02,2017-10-25,0b01c8348cafe94c5773566c4a55de79,2017-09-29
0a95a336d341691ae0e6359713af3cd3,2f533dfc8d858dc1947251e5d0d8b157,delivered,2018-01-27 15:05:15,2018-01-27 15:17:23,2018-01-30 02:05:26,2018-02-05 15:33:20,2018-02-23,7f92a9ec0b3acc1609d2074435e411ab,2018-01-27
8deb64b979ba1e9e5325ca8427efec4f,d1c3bfe0821606dd96e0af5cf6fb258e,delivered,2018-06-05 13:40:49,2018-06-06 13:35:17,2018-06-07 09:00:00,2018-06-08 21:41:58,2018-06-29,345eeeb838c3cb47f2938c7014c31e4e,2018-06-05
23bf05f6cbd0c492740a22cb3a2b3ce8,08491aaf9ebc80af81d0686bc9b327fb,delivered,2018-05-04 08:19:29,2018-05-04 08:32:21,2018-05-09 13:31:00,2018-05-16 10:12:32,2018-06-06,157e58d018588622abf82a9d3a531d80,2018-05-04
37921782093cc3bbeec6354572683718,86c796d4eb109a1f7401bd93f78c494b,delivered,2017-11-15 09:52:12,2017-11-15 10:06:39,2017-11-17 18:41:28,2017-11-23 17:59:42,2017-12-06,ea3ede35015877c1431d30b997773944,2017-11-15
54b44811ad13a8dd03f0792d0f620b75,3ab8672a10d19fb9f15acf498badd19f,delivered,2017-04-23 08:25:35,2017-04-25 08:16:00,2017-04-25 12:11:46,2017-05-08 10:39:48,2017-05-11,81fef29687c09ae8682508decf649a00,2017-04-23
b1f9820e61b6a6a7643c961eaf4f217d,6e550daa4d9d07414a598ee4682289a0,delivered,2018-04-09 18:06:36,2018-04-09 18:31:36,2018-04-10 19:24:57,2018-04-16 18:05:42,2018-05-07,9abf4d8d20ca191ce59eb6227cf53d6d,2018-04-09
45b0b9012eea515351639078d2676a65,08d7b1fe49c75e0ebc5758f55d41a580,delivered,2018-05-28 13:10:38,2018-05-29 03:30:57,2018-05-30 12:41:00,2018-06-11 15:19:41,2018-07-18,61566a7cfb47ac2054df1a47072b413b,2018-05-28
24ffe5543b23e12690af44dda7fd5ad2,fac53dc282acb0f2be3044ec7d861360,delivered,2018-02-15 13:03:08,2018-02-15 13:15:41,2018-02-20 17:57:17,2018-03-16 02:26:31,2018-03-12,f80949705bfbab52e90a79aac1a56cf1,2018-02-15
25ef86388b24574c83d13632fb8f9203,73c6559216aa5669426c44ee5139e5e2,delivered,2018-02-24 14:33:47,2018-02-24 15:07:54,2018-02-27 09:09:05,2018-03-21 18:21:18,2018-03-27,9bfe786ad924f44eb823e7c499b941dc,2018-02-24
80ae2209916afe530e522f74fc68339d,105af06b096f795bc4e3256ba2dd3755,delivered,2018-06-11 18:17:14,2018-06-12 18:29:13,2018-06-13 16:08:00,2018-06-18 20:18:50,2018-07-19,24009d47bd49ded6ce42b93ac2fe7b4e,2018-06-11
255d951095fc26f86cc7a08b822b714a,4aa40fd3991ea64e9dead06fe15f021c,processing,2017-01-11 15:18:25,2017-01-11 15:30:11,,,2017-03-01,cb923e4fcdbc3c7a091a33f5603fa9d3,2017-01-11
d621888cede8755cd9ddc50a33e1b398,6b5e98af27663e0f92bfb377e8606882,delivered,2017-09-13 19:01:23,2017-09-13 19:10:23,2017-09-14 19:24:55,2017-09-21 19:39:10,2017-10-11,29672080cbd8b27fb618d67a6cc2a14c,2017-09-13
1ecec0de52507f72af7280ffcd0a8fb8,bdb6584072569eea15b292759bfee2b5,delivered,2018-05-18 13:22:17,2018-05-18 13:36:44,2018-05-21 10:28:00,2018-05-24 22:41:37,2018-06-04,1bea8b79b3107da57df6c779a94391b5,2018-05-18
47d99e35914d6194a685f9903e8ae293,e332edaaf7db8c383454db3af6b373d2,delivered,2018-03-05 15:23:25,2018-03-05 15:35:42,2018-03-09 19:36:53,2018-03-20 18:34:21,2018-04-16,0af6f99ca609ca8bcea3854fa188db1a,2018-03-05
084080266521db39cd371403f8534271,cd83239e30889569deb8484dc2a05b91,delivered,2018-03-23 01:42:47,2018-03-23 02:47:34,2018-03-23 20:56:36,2018-04-10 21:46:33,2018-04-19,3043914bf53bb5e45145e20111fb76fc,2018-03-23
ccd47c1bcae014534a615ca8dd261e26,dc3f2b2e116e5ed21f4c01e939eb48af,delivered,2018-07-25 23:49:32,2018-07-26 23:45:15,2018-07-27 13:55:00,2018-07-31 20:14:32,2018-08-10,a28fdce9208b7abf9c3e1bef3602a6b4,2018-07-25
fc4867a61bde1254dbbf346ce5f30d22,1d47feb38990a3b5bf7f09ddb3348370,delivered,2018-05-05 10:23:10,2018-05-05 10:35:16,2018-05-08 13:32:00,2018-05-10 17:55:27,2018-05-18,311b41f49f5db3077baa6f15b1db1f0e,2018-05-05
960fbbe89375098d7a51e5f0c31c4f8c,4194438fdb135e2e28575d75395bb79d,delivered,2018-07-31 15:18:25,2018-07-31 16:04:30,2018-08-02 08:20:00,2018-08-14 22:05:57,2018-08-14,4b6bcfb30dea0fb9f99c22b2269a2d47,2018-07-31
ec73215e59b4de680b8b0c12d593c863,a5fe46d6afadbb2e4bc37a914badf488,delivered,2017-06-07 19:19:35,2017-06-07 19:35:20,2017-06-08 11:58:13,2017-06-17 08:38:33,2017-07-17,11052ea4207e84cc9a8bf7d28d145791,2017-06-07
15c4eca9bee7274388666b826430cb30,0f0954bf97e454075ed89d562f01d8dd,delivered,2018-05-07 11:34:38,2018-05-07 18:09:51,2018-05-11 05:21:00,2018-05-18 22:22:36,2018-06-12,ef6baab963aed837576218d1bc1db735,2018-05-07
333d138f7c09561c72f767c8c034ed27,64a86356e147cbebd00bda1953a413b8,delivered,2018-02-23 19:43:34,2018-02-24 19:35:33,2018-02-27 17:29:07,2018-02-28 17:36:56,2018-03-09,99bcd7246cddcb0dd90989f4bcde3ddb,2018-02-23
369eee143e91ca7a46cdddc5f679e1f3,5d554dd7036310dc829b9dc51a453873,delivered,2017-08-01 13:07:11,2017-08-02 13:03:34,2017-08-03 19:55:24,2017-08-09 19:43:34,2017-08-23,43021aab9a83c6dbbb1fe59ea3bd690d,2017-08-01
acb7c1bc62f008647045477f214b5dcc,e1c33362bc32ac335051f63629c4e8a4,delivered,2017-06-09 12:00:12,2017-06-09 12:21:06,2017-06-09 14:46:49,2017-06-14 14:09:37,2017-07-05,2aefa220bdd1097430c53b23fbde9e7a,2017-06-09
82bffc58899b3f43ae84cbcb157a2ac1,628b8a395cdcc263b0eb3b4418dbee1d,delivered,2018-03-15 18:38:36,2018-03-16 03:47:59,2018-03-20 18:22:27,2018-04-13 18:12:07,2018-04-09,806a1f4ce8de6389c05454a1e4139c0d,2018-03-15
af7c926b8eced0da2df66d8ec2af192a,571e6ae70dea22c3da40e21760d07c61,delivered,2018-06-01 17:41:09,2018-06-01 17:55:11,2018-06-04 11:12:00,2018-06-12 19:58:32,2018-07-11,c8739439502c8d2219ee81f198ad5a1d,2018-06-01
5cb2fb75350ea85361db1b3b7bd2495c,5b072093a86b32f6deb9afe5daa0a1cb,delivered,2017-08-17 11:43:48,2017-08-19 02:16:02,2017-08-21 19:27:40,2017-08-29 18:49:57,2017-09-13,0a630889c84387baa5f0e881cbf71c6f,2017-08-17
ce149d960ee7bb3b8b2301f66e6f4ec4,3e01f558830af4f3d71c760a6869b0d2,delivered,2018-04-24 20:23:33,2018-04-24 20:35:10,2018-04-26 06:40:00,2018-05-02 23:18:39,2018-05-21,eaafc177ef025ec3e56e5b989df9c081,2018-04-24
8538cceabb941edabecc8ac62f6813c9,3756b6c32606779d7afef1ab970fcae2,delivered,2018-05-17 16:56:01,2018-05-18 04:36:15,2018-05-21 14:01:00,2018-06-06 16:56:38,2018-06-18,e576829be95d0ddf213787a353f14bff,2018-05-17
661ec1598023dc06dccfa4506ed13123,10ce4db203c8cbe350a85ad638f4d282,delivered,2017-06-13 12:51:51,2017-06-13 13:02:46,2017-06-14 13:34:41,2017-06-19 21:06:47,2017-07-06,17f23261be013c223ae00f9e781738ad,2017-06-13
668ca58f384c0f1007054dbf6c280242,e51da7f5c5a550482241a36db85b36c7,delivered,2017-04-18 14:20:35,2017-04-18 14:42:23,2017-04-19 16:48:18,2017-04-29 08:56:29,2017-05-18,91ae31a48a197417fe33ba44ad1b2ad3,2017-04-18
7008991f32a3ce17589bd3c3a9453b36,00ee00c99d468f838abf1d6d7044b2aa,delivered,2018-03-30 22:12:05,2018-04-03 05:28:03,2018-04-03 22:54:46,2018-04-05 00:17:31,2018-04-12,6287730d8268264d1ac736b64304c632,2018-03-30
986983dd21e5167fac109fadaf7aac16,fb7d19feca365f1522c65d99c2f590c4,delivered,2018-08-28 15:58:28,2018-08-28 16:10:23,2018-08-29 12:18:00,2018-08-30 18:58:52,2018-08-31,55cfdb1ec3c5bf60d9ccc0d5f276f8a9,2018-08-28
b5e39939f052dc1cecadca77caba8537,897eb9268dd3eb3a0d0f080b5be27df2,delivered,2017-11-07 17:17:18,2017-11-07 17:28:00,2017-11-09 18:48:57,2017-11-23 23:36:54,2017-11-28,fba83d1eacc91d190e85e16a920f0a0b,2017-11-07
970f76b6787c1344e5cb37a50cfbf9ab,9f23c987df78ec6fc818779e59112676,delivered,2018-01-24 00:10:36,2018-01-24 00:34:49,2018-01-27 10:27:25,2018-01-30 22:36:31,2018-02-08,d00d2de4301bf47bbca3742513906c81,2018-01-24
a5ec4b722860bf18fd1ff9fd35fbfff8,0d0e02f035f84b429d470d83437aad47,delivered,2018-05-21 02:46:48,2018-05-21 03:37:39,2018-05-21 16:03:00,2018-05-23 21:08:18,2018-05-29,6b5dd2033f26d4c109f3ba9128b6f7c7,2018-05-21
72c8f22acc8e3ccdb8fd335aef2c00a2,989c61253740a45232db5d7a836e7bf9,delivered,2017-08-21 15:23:40,2017-08-21 15:35:29,2017-08-22 20:43:39,2017-08-25 18:27:37,2017-09-25,07e7c156cd5b798b8c83dda4d5c51d7e,2017-08-21
6aa0a6611260e7a3288dd6e2864f67eb,c9507d688c7edb17caa9ee99a915a7ee,delivered,2017-10-06 13:34:07,2017-10-06 13:49:18,2017-10-09 19:00:17,2017-10-20 13:35:59,2017-11-01,bbce57492ce9d8c866d0ceb150b1dc84,2017-10-06
7c02295a038b0494bb117c4bb60bdcab,7970d113f06bb804df4febb76048978c,delivered,2017-12-10 10:40:05,2017-12-10 10:52:19,2017-12-12 16:09:55,2017-12-22 22:12:13,2018-01-09,0f05d6d0d0c3615282b4d894b50402c5,2017-12-10
48f7ee67313eda32bfcf5b9c1dd9522d,3d7697c0971cb2606444adae322d8bb3,delivered,2017-11-24 09:31:02,2017-11-24 09:39:31,2017-11-24 18:56:54,2017-12-12 23:21:52,2017-12-21,f4513d9cd4f25a8254176ceda0abdc5e,2017-11-24
7e666050aebcbd6feba9622558222157,87d6c74b9588d73d7295bd23d6eb1a2c,delivered,2017-11-04 09:24:45,2017-11-04 09:35:30,2017-11-08 21:32:24,2017-11-09 18:06:52,2017-11-17,9241793ecddc22fd6563685386c85eb5,2017-11-04
1a75ed2e9cc04b329fbbf472ea0ea100,01551ab70b4a96a82ff74e3fdf027837,delivered,2017-11-24 12:35:09,2017-11-24 14:52:34,2017-11-29 16:36:17,2017-12-09 17:14:28,2017-12-27,24309b7b0b9526c167f5b54c302dde7a,2017-11-24
98472d369cb742358c7e30a0cd5c4256,8f8ebac5d30468c962fe5be76c2f2260,delivered,2017-10-16 17:57:03,2017-10-18 03:06:41,2017-10-20 20:33:19,2017-10-23 22:16:52,2017-10-31,a05382851479d83bb56b006c9e2b82f8,2017-10-16
804af8e63aed82b9d93e1c39c2ec49a3,c29fdeabf5b90b91bc8d577b68b5c242,delivered,2017-09-10 18:34:03,2017-09-12 04:25:52,2017-09-12 18:14:37,2017-09-13 21:09:36,2017-09-21,63af244c286d898727485f8856edceb1,2017-09-10
d7f5321a3029c895a6b79c1ebdd8a222,c862bfb1e868551f1c1c02fba1f2d0b8,delivered,2018-06-17 18:38:50,2018-06-17 18:58:02,2018-06-18 15:45:00,2018-06-22 21:07:48,2018-07-18,1e2f93afcd80b9c58f52e25b1a03abb0,2018-06-17
19c46428bc856e23d310e466a26e88b1,760088b273f0f37945a9fa6ff4955f33,shipped,2018-05-03 14:35:00,2018-05-03 14:54:59,2018-05-07 15:32:00,,2018-06-07,d6ebcda6a24c1e7ae8cbdff4cf00f11a,2018-05-03
40edd29fcc7f120710d42d0400bc8e29,f26f8f245b07a64311c95a966f184bb8,delivered,2018-05-01 22:37:08,2018-05-02 22:35:20,2018-05-08 13:01:00,2018-05-24 16:03:41,2018-05-28,08e78d9e1bd7ea1ad66fc09b4a0fef6c,2018-05-01
2b020fc22c27548cc22ee8447edad356,84c20d0d11544eca9070946f4bb31c98,canceled,2017-08-02 14:08:18,2017-08-02 14:23:13,,,2017-08-24,15d1c313b6721f3ecc985a3832c6b757,2017-08-02
b917f95342573a0732028ba916ea92ab,0356877f77d9b7556e70917d90bd59f1,delivered,2018-03-26 12:35:07,2018-03-27 03:48:21,2018-03-27 18:42:18,2018-03-28 20:03:35,2018-04-06,b1a751cf325be76355d032d8e4cca557,2018-03-26
f0cefee84b19e4a0f9a56b147e89eb2c,7ac14fa8a3597d612e0c45f195d05988,delivered,2017-03-14 15:27:18,2017-03-14 15:27:18,2017-03-15 09:23:26,2017-03-24 17:47:01,2017-04-06,648f7830944945728e327cb73333fdfe,2017-03-14
2c8574e8710a496641d98e80143c7b98,232b9e51fc0fd2681049e687f520df16,delivered,2018-04-26 11:30:05,2018-04-26 11:52:42,2018-04-27 10:41:00,2018-05-05 17:08:29,2018-05-21,f11ec51cc571bc413911b570ccf759a3,2018-04-26
a740e70f022f7a928c360e7d42b0df26,3535441700d41ed668237e1e79d97fdf,delivered,2018-06-10 21:57:10,2018-06-10 22:17:28,2018-06-11 14:42:00,2018-06-18 18:24:06,2018-07-12,ada60a75f2a032ea9b41f135d83798d6,2018-06-10
0e36a0363ee90aef2a9aed38aa46a2a2,3adc5005562ea42a51ce7923cbe094c6,delivered,2018-05-05 10:24:45,2018-05-05 10:35:18,2018-05-07 15:37:00,2018-05-23 19:32:34,2018-06-19,b6fe9a0f2c629778455e7bc902821598,2018-05-05
3398f00480d402f9b8522e6bda2c29d5,251f5f0058f31c30526c210905587660,delivered,2017-10-22 20:23:26,2017-10-22 20:35:23,2017-10-24 23:03:56,2017-10-31 20:33:47,2017-11-21,7e5648efe6a31f6ea6e67e9dec701ed4,2017-10-22
add6fca600991376414a6352a0bf85dc,c9dde713316880ec5a56e0eb8fc0f519,delivered,2018-04-20 19:05:57,2018-04-24 19:04:58,2018-04-23 22:38:37,2018-05-14 16:18:48,2018-05-24,0d0e0e36149f5280e78dd6228ee19f2e,2018-04-20
f1e8643379e102eb64bc8ed6989a2ec7,36996dd434790007af16ee5f9f64f4ea,delivered,2018-07-31 19:16:43,2018-08-01 19:10:18,2018-08-02 19:22:00,2018-08-03 22:14:56,2018-08-09,3a3de82351020a20e58a29338b9ef25f,2018-07-31
511328761e16e3cabcb23b38f6f22625,9bc88edc94cd920e6604a97e5857d189,delivered,2017-05-17 20:12:19,2017-05-17 20:22:35,2017-05-26 09:36:28,2017-06-01 13:58:03,2017-06-09,7eeaff116b1e9ffbc888c8ae2ce879b7,2017-05-17
462d95e4a92c40052f2cbbb3cfc9dba0,2aae1d89507c1461a10b448d50f16801,delivered,2017-11-30 13:31:37,2017-11-30 13:52:16,2017-12-04 21:54:37,2018-01-09 01:39:19,2017-12-29,7df5f97f9dc003369b506e93a2902840,2017-11-30
bc3471af826ef5a2d49ddea3b33634b9,2e57077784d12251789b2742d5291ed4,delivered,2017-08-07 08:05:16,2017-08-08 08:15:10,2017-08-14 18:15:42,2017-08-17 18:35:05,2017-09-01,d8a03b7e93018e735cf5fb4923e95fb3,2017-08-07
73c7ccedd1ee536b4609c4e103ce4593,895ca1f73c3e75eb875e4d0571b5d984,delivered,2018-03-06 11:46:12,2018-03-06 12:10:14,2018-03-08 00:51:38,2018-03-09 18:32:06,2018-03-19,a8f5f264d76ea2feb08de11e2bb39fac,2018-03-06
c643ec88999766ebea4bf3bc53d21e41,a38c8aaa46a1727a487fb1045847cce0,delivered,2018-02-12 23:00:15,2018-02-12 23:15:23,2018-02-20 11:22:14,2018-02-24 16:04:17,2018-03-06,2b19e222fcbfd5584211b6b663d09260,2018-02-12
7fee575a8a04724433c86b76ce4b709d,d22486816d1289aa4ebf836a6d49a933,delivered,2018-01-04 15:40:32,2018-01-04 15:52:29,2018-01-05 17:35:24,2018-01-18 22:14:34,2018-01-22,c19a264b43354824f863e44b8ffe379c,2018-01-04
7a3073d28930e698b650ba8cf83e741b,1b4e8dc00e2ab9c15e6ed1e4b4bc79af,delivered,2017-05-19 00:00:56,2017-05-19 01:25:19,2017-05-26 07:09:02,2017-05-29 09:42:16,2017-06-06,951d2cf108b453a85c87e476f3b42dc8,2017-05-19
166e882a7a129380bfaeb22f00f7fa5d,476bca4f2695455d0132d376b6fa9c5a,delivered,2017-11-24 10:45:13,2017-11-24 12:31:24,2017-11-24 22:03:26,2017-12-04 20:27:33,2017-12-14,8320b7ee3f8c74fe3b817291f375bb4f,2017-11-24
03344155603005842bd94ce8d65f2607,6e20e3411f6125ce6341690687c83fef,delivered,2018-04-13 14:41:18,2018-04-13 14:55:22,2018-04-16 13:02:31,2018-04-17 13:12:01,2018-04-30,899d181c9917a7ccb3248b4e47f6f580,2018-04-13
68b52a722cedcc13598a7fedcbe5a784,84bb5bd833c86c94c1d9b7e1e6f0f6cb,delivered,2018-06-21 22:22:28,2018-06-21 22:38:26,2018-06-22 13:26:00,2018-07-03 17:08:34,2018-07-04,1d2e91246c1c08bbea79608f21649698,2018-06-21
3663f9f8556770522d4bba16590ee243,c7320b8fc56f8f25784540a86a6e3ca1,shipped,2018-04-23 17:15:11,2018-04-24 19:10:24,2018-04-27 13:56:00,,2018-05-24,500870335d75f1d998bc4dd9238e04bc,2018-04-23
078c97da8566e6052ff4f0925dadcbb4,d35a516e27873b344b2b9bc4ff2634a1,delivered,2018-01-27 10:45:45,2018-01-27 10:57:19,2018-01-29 18:58:54,2018-02-22 18:51:39,2018-02-23,3e71464fee3e76cd5cabe7fdea4970fd,2018-01-27
f679d90195e7c1e11563250d98edffb6,57bf63f1aab0e77102a9b23e53bc4446,delivered,2018-02-28 09:17:03,2018-03-01 02:50:41,2018-03-02 01:16:51,2018-03-23 12:04:27,2018-03-21,328528c2f1990123f1c0074b312046ef,2018-02-28
797d5097cc9c1d3dd3292cb53172672a,c774b04e5b24344cd01e916eaab9143d,delivered,2017-06-02 12:09:23,2017-06-02 13:05:38,2017-06-07 16:16:43,2017-06-16 17:32:20,2017-06-27,066ad00bcceca1e223f671be9e9a5df3,2017-06-02
1bda1235720d47a2a737221a9cb666a9,675faa6353e08d4f3509a628596f65de,delivered,2017-06-05 14:05:44,2017-06-05 14:15:10,2017-06-06 15:01:06,2017-06-19 20:53:50,2017-07-07,5eff3a8a4c9425520c5537971a893eba,2017-06-05
f2f99bdf2e5cc73abc5e135a2ab1767e,a0c1d01b17ff8704583831492a492a0e,delivered,2018-03-20 16:35:13,2018-03-20 16:50:20,2018-03-22 19:43:40,2018-04-02 20:46:25,2018-04-19,4d191bb8e1eea602e77b4ab62cf4daac,2018-03-20
088ed3ea83b658f4974b48fbbb26a795,39438ed667ddf6622e024e390bd85c73,delivered,2017-04-19 15:29:11,2017-04-19 16:10:21,2017-04-20 12:10:54,2017-05-02 16:20:38,2017-05-11,c358467e02e84ecb3b27f4f1e730792a,2017-04-19
00e7aeced1d61792368ec7bf8b967a90,a59a22655d75791a336909c4bd133fbe,delivered,2017-04-13 02:11:17,2017-04-14 02:50:12,2017-04-19 16:34:52,2017-05-04 18:12:45,2017-05-17,c76c0ebec1c44b44dca88e42b23149f1,2017-04-13
91c72081ae9c08e96d0bc952f73e6188,aa26d06d6a3115758bf39b5af7b53ac2,delivered,2017-06-20 11:12:10,2017-06-20 11:25:25,2017-06-20 13:40:49,2017-06-26 14:22:29,2017-07-12,694bde413be910bc563ab60079e097b4,2017-06-20
12eaa53ad92b6aee3f8743383164c4e9,bca17e0f976a6c87de2d2d7d1070bf4d,delivered,2017-04-26 12:11:30,2017-04-26 13:06:08,2017-04-26 13:52:24,2017-05-05 15:43:37,2017-05-19,e5b9ad454568dad2bd1e128968af4374,2017-04-26
5f2959503561ff228a9b4c82b01b9f97,93de82c81a0248eb17ff8f0f5f1cb9da,delivered,2017-07-10 17:12:02,2017-07-12 02:15:49,2017-07-13 14:17:35,2017-07-17 17:23:02,2017-08-01,da5b37d060b609736157deff1c1313e5,2017-07-10
f42bfe430d08b71e6057873397dcc741,470a30ad75f233e919b2d8c75fa6d574,delivered,2017-08-17 09:59:49,2017-08-17 10:15:14,2017-08-24 22:41:51,2017-08-29 14:41:05,2017-09-15,2dcdf54bbaa557b610da14e6c2bb488c,2017-08-17
bfdb258080b0a7f6774ea0444dc27309,753cac2d03db5c4023a86e3723adfc4a,delivered,2018-03-07 17:15:10,2018-03-07 18:01:26,2018-03-08 23:18:34,2018-03-14 13:33:57,2018-03-23,ffe4d6bcc48632f0bb1bedf53702cc4b,2018-03-07
427be8c69327b86f12e65fb5fedfde5c,b871e614fb8b5de170c88efe4b3aa3b3,delivered,2017-03-14 21:20:04,2017-03-14 21:20:04,2017-03-27 08:57:37,2017-04-09 16:45:39,2017-04-07,8aca3d81c4ae8e100beceff7c7863683,2017-03-14
e030f5da42afc3b5b81b24d7c4d1bcb0,c90951deb7ca17b49eb1dbee767171b9,delivered,2017-12-03 11:59:04,2017-12-03 12:12:01,2017-12-04 16:32:32,2018-01-04 15:43:40,2018-01-02,c5ea985ee9f8e60eb2c8461c7ec7aac1,2017-12-03
f02d7520026a027c1329f08d01ac16ab,d123b6f1d0463b321f5de2962a74e97d,delivered,2017-12-11 17:34:31,2017-12-11 17:50:25,2017-12-13 20:03:06,2017-12-21 23:29:13,2018-01-09,6e6fabd95676ab9f6fe71473894669ed,2017-12-11
5ac68a35d9480fc7de1f9b16df5d7847,f960da04a35c4071b010961b49a3d1ee,delivered,2018-06-19 21:24:59,2018-06-19 22:00:16,2018-06-20 13:27:00,2018-06-22 23:05:44,2018-06-29,aeb7c70e01b0878edeb5c6a9450d3329,2018-06-19
ba35dc4c6f33f4942ef22d87d4599b97,2c485d2d7c548a23ca06f966aba7bf8d,delivered,2018-04-20 19:51:52,2018-04-24 17:13:41,2018-04-24 18:11:40,2018-05-11 22:24:56,2018-05-23,aff4d6937abb2fa8191e1cac919209fa,2018-04-20
e590915e0817faa870d3eceadaa9399c,e3543bddb221608d95f8d29b44a447bb,delivered,2018-08-20 13:42:28,2018-08-20 16:11:30,2018-08-21 14:59:00,2018-08-23 15:38:49,2018-09-04,380617198d4ae9d6723d5735ce1ea8b7,2018-08-20
9770754f26c646f06bc8d8aba8b6af34,c5a83a36542fb543dffbfe28c546d771,delivered,2018-04-17 21:53:51,2018-04-18 21:51:00,2018-04-19 20:24:52,2018-04-30 15:18:37,2018-05-17,f686ca196bfb5b4a8671ecac2ccb6198,2018-04-17
997428ea645e3cced2ab880385654112,d53dd905727c9245ee862fbdc28b7c8f,delivered,2018-06-10 10:47:00,2018-06-10 11:10:03,2018-06-12 15:11:00,2018-06-13 19:04:50,2018-06-20,1dd3344047b50aea8a1b3ef687ab4a15,2018-06-10
ef6f87b9bee14a58053b754eb1be1fef,9095f6441702d4ec8d34061fbc1139cf,delivered,2018-02-17 15:26:19,2018-02-17 16:00:23,2018-02-21 21:05:22,2018-03-13 11:44:30,2018-03-14,c483e0b0243e73dfc78759a461ae1a84,2018-02-17
4fbaaba9d91872cc7286e3475e6d6699,e7a3025d6fbfa34fb083482220ccf637,delivered,2018-06-24 18:49:49,2018-06-24 19:20:03,2018-06-26 13:59:00,2018-07-02 18:14:50,2018-07-26,e76f91af2981b77842e5d6579c455ab9,2018-06-24
79f921d80b92e48b9ed5c549c94b745f,9c161856e68af8268e6dd8ec82344b3b,delivered,2018-03-01 14:48:20,2018-03-01 15:15:36,2018-03-05 15:35:15,2018-03-26 19:28:40,2018-03-23,1e2e9d505954fda31dcae7abca8f556c,2018-03-01
34a9dd848ef0ebd4ae4b60d31720497d,b1221b66ecee309fdcdb457f5d642260,delivered,2017-10-14 11:51:19,2017-10-14 12:13:47,2017-10-19 18:33:41,2017-11-14 19:19:43,2017-11-03,306d350d6b818448dc385f07143dcaf2,2017-10-14
00c47fefb9a49baec12ab3654d7f548e,411373e81bbd24b0356ca1274e9c03fe,delivered,2017-12-06 00:08:49,2017-12-06 00:18:33,2017-12-06 22:28:59,2018-01-16 21:05:08,2018-01-31,c555d42202667b1e09e50e7667b6a663,2017-12-06
7f00712c268844b83fbb7db60193e5eb,10b157911f208e4c7a66b91bbc9c351d,delivered,2017-03-21 16:14:21,2017-03-26 23:33:00,2017-04-03 08:17:42,2017-04-10 14:47:00,2017-04-11,b845284842e6dfeed9c0cc942eaaa701,2017-03-21
9d0f0078c553c192aa8fc946492dc08a,7ede505a783065ff4f578ce431c6f297,delivered,2018-06-28 12:23:53,2018-06-28 12:50:14,2018-06-29 14:15:00,2018-07-05 13:44:33,2018-07-26,406320e6ebec9d9f83e8245417447221,2018-06-28
928292f8c5111a3b8bbe94e6cfc7900f,569b4778ddf7f548a05ff42993bea50b,delivered,2017-07-27 11:30:22,2017-07-27 12:02:52,2017-07-28 16:02:44,2017-08-07 17:02:44,2017-08-22,cf411f7e37ab60ce29df0a1ac2d5be3d,2017-07-27
2d609a52d61c0a90d5e88a143630bc7f,a5f2379c5172a175f1f2b902a4d06960,delivered,2018-07-22 12:40:38,2018-07-24 11:31:57,2018-07-25 12:32:00,2018-08-07 14:08:38,2018-08-13,87914a88352cdd7b45b8a66b0d315335,2018-07-22
4641eadfa66f67a7b2d37e5bbe386398,15df61aa45e8b81407e1dbcaf8a975fc,delivered,2018-05-16 15:07:45,2018-05-16 15:34:35,2018-05-17 15:11:00,2018-06-05 19:11:58,2018-06-11,db1522683081086b5175654322308a04,2018-05-16
f7f27a0b991c58f8f3287801b9b26802,2a7b15aee777934aec99a1046e8f13aa,delivered,2017-06-28 02:56:16,2017-06-28 03:10:12,2017-06-28 14:19:50,2017-07-04 13:22:33,2017-07-20,4fdd708d91ccc748a0b558a3734d5ceb,2017-06-28
0cd93455c51655ebb590c07a06d584a1,72db172e77409b4cc768552a16548206,delivered,2017-03-13 22:55:26,2017-03-13 22:55:26,2017-03-16 15:13:13,2017-04-03 17:20:12,2017-04-19,5d5adbd08f3898549b7a636ba275e717,2017-03-13
32c6a52142f2b3918d60c0708acfd7ff,7f3d47799abd19643ef2bed21ce226f0,delivered,2018-06-10 14:34:05,2018-06-12 05:16:01,2018-06-14 12:30:00,2018-06-18 15:29:31,2018-07-11,80fe5971f8b641d8de19dff2b1619fe4,2018-06-10
e8fdf80510b65c9abdaf0ae2446bd55a,e2b5aaefe3f4020eb916560800ea9823,delivered,2018-03-24 15:44:59,2018-03-24 15:55:25,2018-03-27 13:04:27,2018-04-05 19:24:48,2018-04-18,598ef1f13aba15f2b88387184f6c25ec,2018-03-24
504358b70394ff9d17adc66f55192d5c,09fac85d71438b3400e2dfb08689b649,delivered,2018-03-01 17:22:18,2018-03-01 17:31:02,2018-03-02 18:12:16,2018-03-23 18:07:56,2018-04-06,5927213eff0fd6ff6b50b7061e5c1134,2018-03-01
8ac2ceafa1fab841f94e5bf768847e0b,d6733c80dfffc912d8b351b82faf8879,delivered,2017-12-08 09:52:48,2017-12-08 10:10:48,2017-12-08 19:09:25,2017-12-19 14:17:37,2018-01-08,970aaac1ef55c68b39ca7369783d58f6,2017-12-08
58c6e33bc7b4ebacdc2171cd9e2c6f96,65dad95ef3f74abd39d82a32b3cd405c,delivered,2017-11-04 14:10:26,2017-11-04 14:25:36,2017-11-06 22:05:17,2017-11-21 11:12:56,2017-11-27,029939dc94df37cac6ac39bb3e55562f,2017-11-04
3d85885db63d8328e4dbaa59804ad1ee,e4c1279932f34611181c734b62006a92,delivered,2018-07-22 11:51:42,2018-07-27 23:31:16,2018-07-24 14:21:00,2018-08-03 18:24:50,2018-08-15,d70ed1c36ce709bd0d299a5a48d2a86b,2018-07-22
1a73487544d0b9f2ae19eaf22e3c7462,2e58019c686b4a4b24edbe972778e0e1,delivered,2018-06-05 17:08:15,2018-06-07 02:54:34,2018-06-07 07:52:00,2018-07-03 17:54:33,2018-07-19,03da36f44c98d62dfa4dfdbbc8fd6ade,2018-06-05
869801fc99307b961a244f5828e568bc,d989bb99a2ac80add9e16a77da2e009c,delivered,2018-06-17 09:41:10,2018-06-17 09:55:15,2018-06-18 14:29:00,2018-06-19 20:02:56,2018-07-03,f48fc30af54621ea5c61ac7f08fd0792,2018-06-17
1ab4ba2aaa118a756ac6f15764adb2ec,fd667d6a6784c49bfd41e1ea9e9e6a3e,delivered,2018-06-17 08:29:35,2018-06-17 08:59:10,2018-06-18 14:15:00,2018-06-25 16:47:45,2018-07-16,5c2b5c09534917d37857557d37ed9205,2018-06-17
6a411c43a42ddb752d87534a423d043a,4d175c61c1054192238fbd35a5e4dcfe,delivered,2018-06-11 15:31:32,2018-06-11 16:00:59,2018-06-12 08:43:00,2018-06-18 20:27:37,2018-07-04,994e2b50ade6ead19626283999638f25,2018-06-11
b7150d703d0836a5c8bd270b64d307e7,a9e5a949365426d4f0de878df102b5e3,delivered,2018-05-15 16:36:03,2018-05-16 03:33:47,2018-05-16 12:56:00,2018-05-24 16:57:31,2018-06-20,24cbac6affa8cf515823960cefdd21ff,2018-05-15
6696737f72902ca26a8bb47e22769841,d8c796eaa7b2ae7d0680e2efc8d62bb9,delivered,2017-12-15 13:07:21,2017-12-15 13:19:31,2017-12-18 21:41:38,2018-01-12 23:53:23,2018-02-07,20001d07954025179c613496803181a6,2017-12-15
37a7c67354a15ed78011b5e51306b221,028d32c15ebdd9b9516b7ef159a84f73,delivered,2017-12-17 16:53:44,2017-12-19 09:56:57,2017-12-19 21:18:40,2017-12-28 14:46:36,2018-01-17,583b12b8cc4cdaa757b8b0dbf8a8b32a,2017-12-17
22d03f81f36cfd05e90af56d5dc63e74,86d3fe4ddf2692de0699c9b1c9e8df57,delivered,2018-07-31 13:22:30,2018-08-01 16:31:37,2018-08-01 11:19:00,2018-08-16 16:07:46,2018-08-27,9d8dc25430137a5ab65ced93af039e14,2018-07-31
cee4376822a28a33c40779ddfceee1eb,f0701f9bcb661ec085785e64c8cfda3d,delivered,2018-04-01 20:08:02,2018-04-01 21:48:14,2018-04-02 16:46:58,2018-04-12 13:20:48,2018-04-20,3059f5eecf6b73268fc7cf0ce24f1767,2018-04-01
254496381e0184650717e8cf8e456d50,76a8cb55ad7101ce85c6985645cb0558,delivered,2018-08-04 14:25:27,2018-08-04 14:35:19,2018-08-08 09:48:00,2018-08-13 15:57:49,2018-08-15,fb70306f11800c44e016ca981ce4c64e,2018-08-04
5ae3075070db2a1aff1e28c35a8e5628,710009a78999597c4533adc7dfa8b4ed,delivered,2018-06-09 10:27:04,2018-06-09 10:58:32,2018-06-15 11:01:00,2018-06-19 18:58:21,2018-07-03,486b7bac17b8680d76dfe9ce3c010c31,2018-06-09
e73a10858b70339917af3b108236c820,a89d0a244eb36392521d02b1d5e173fc,delivered,2018-04-04 18:31:09,2018-04-05 18:27:45,2018-04-07 01:22:08,2018-04-24 13:59:32,2018-04-26,ff0f0dd4e2a4bb1302492fe8d6880dac,2018-04-04
21f244996b7ed14d4a1d49da69ab34e0,0877688c3edbcf20f0c8f112343bb4a4,delivered,2018-01-13 17:00:08,2018-01-16 03:50:01,2018-01-16 19:53:35,2018-01-19 16:57:52,2018-02-14,1891257b1ab8736f1dbc9ab4cdc169cf,2018-01-13
8ff5ec04a3f395979b2371a0a9ef4136,e2be03bf1a62687ebecd09d2fade9c2e,delivered,2017-09-13 18:34:22,2017-09-13 18:50:20,2017-09-14 22:42:45,2017-09-26 16:15:13,2017-10-03,75b45ab225bf88fdd7f432507030a4b8,2017-09-13
0c3e2dc4a3eeb282bd4df0b620dcff6d,3460eb5edd166a7e45eeb273fce75187,delivered,2018-01-15 10:04:39,2018-01-15 10:13:20,2018-01-18 18:35:58,2018-01-24 14:28:45,2018-02-05,36d9cc02c910d8c59caa1674f53c3ffb,2018-01-15
ad495862e703fd1bd9d104eb8a8933a6,be30da9b0ffa485606a40c62df6ee7a2,delivered,2018-01-28 20:10:03,2018-01-28 20:17:31,2018-01-29 22:35:16,2018-02-26 21:39:22,2018-03-08,a0a5a9c074d44cff5e9069e6034da65d,2018-01-28
621d4b50a57e7b6e6d047671cb86cdc1,8013a33161d0b154e440f3ecb285dd41,delivered,2018-06-24 13:03:56,2018-06-24 13:18:41,2018-06-25 14:48:00,2018-06-29 17:07:48,2018-07-18,60285cdf915542c730001842f8856d6e,2018-06-24
9e94c3cecb444012ef6ee92df4ef0b0e,f56091c3fb2ee9ba23d99dd40a11cb7b,delivered,2017-07-07 08:56:20,2017-07-07 09:10:12,2017-07-10 19:56:51,2017-07-12 17:47:28,2017-07-20,1134477e4b853621a822f0d91a6dabb8,2017-07-07
5539bd029cf95d97ba8f51f6f323c839,c78d8f28c22bacb43f9dad03a0f2f26e,delivered,2017-12-17 01:01:09,2017-12-17 01:13:32,2017-12-21 23:09:24,2018-01-03 19:41:32,2018-01-11,3309bbc8449926b11cffd68b1420b976,2017-12-17
7e7d02281bcb8b908e7e347469114ba8,1145efd0cc4b891ba7df8d75f1530ec0,delivered,2017-02-02 03:48:06,2017-02-02 04:01:10,2017-02-02 08:06:31,2017-02-06 13:53:38,2017-03-01,3aa7a6e90c6e9d2dd2b61806b588ab9b,2017-02-02
b81a6b90b7a473ecb855ee9f4a881032,dc94a81be8142f0004efb222f85ba5f6,delivered,2018-08-09 16:06:19,2018-08-09 17:25:13,2018-08-16 07:09:00,2018-08-21 02:56:20,2018-08-16,9b7abdc69d49bc881ca3913c9f8aa842,2018-08-09
e23cd9d0832eeac3bc6e9c55cbb64a53,5daf6455918cb226e592f6ad0cde4a6c,delivered,2017-07-09 23:48:00,2017-07-11 04:04:02,2017-07-11 13:42:17,2017-07-12 20:12:08,2017-07-21,eee59c3622420d28e64745623af48741,2017-07-09
e6b2afa6b02c9f066002cfdab6d53080,2ad11417e4acb043f847ec065ded3e26,delivered,2017-09-21 21:34:48,2017-09-21 22:48:01,2017-09-22 18:52:35,2017-10-23 15:38:54,2017-10-26,a70c8465e58b0fe0702b7874e30e04f8,2017-09-21
54f17a6fb99f59adc37b22166a7f1871,1d590938091b67588c7e578dd4e10ca2,delivered,2018-06-24 06:58:28,2018-06-26 05:12:51,2018-06-27 10:10:00,2018-07-03 23:05:12,2018-07-20,82e63aead54e127900e93729dca4f2e1,2018-06-24
0fd5b0b57e1006706acc1bc1ccc2f66f,38df36157673334ad1b08d91c8a26137,delivered,2018-01-17 16:22:21,2018-01-18 02:11:40,2018-01-19 16:58:49,2018-01-22 20:37:01,2018-02-01,e9fc9d7de9609eb858e221d4c2f36fec,2018-01-17
1443dcd001241a655df59fc728c2c9ce,60060c861ce6e32e7957dbc229685c9d,delivered,2017-08-17 11:42:36,2017-08-17 12:04:58,2017-08-22 20:02:43,2017-08-31 14:57:57,2017-09-11,b0a10570d803b893881e3aab32c3af6a,2017-08-17
acd5c180c2d3c364bd63013b33063120,c6689d9dd7d6f04090f33764ed5e94b0,delivered,2018-02-10 22:33:31,2018-02-10 23:48:21,2018-02-16 00:05:08,2018-02-23 22:47:09,2018-03-20,abca13f1dcc9f523d15a31de14061ac8,2018-02-10
29941903985f944b0ffc49c479c1547d,b56ee98181afc3948a758d73a08423de,delivered,2017-05-29 16:16:50,2017-05-29 16:25:16,2017-06-09 15:07:29,2017-06-02 11:09:16,2017-06-23,bf0a805b588b889511e15496905cf7c5,2017-05-29
bb18523b647231a531a5d3e5fe1687fe,1cdfd76e4dd6e176d18ac6365c083ee1,delivered,2017-07-10 08:27:10,2017-07-12 12:55:08,2017-07-12 19:07:57,2017-07-25 22:13:39,2017-08-10,7c5d78417abdd238b85bb7588731376a,2017-07-10
be97182751bed153d280411feff5dd3d,e8a61ec3f416548b5d98874406ffd216,invoiced,2017-06-26 16:32:23,2017-06-26 16:45:11,,,2017-07-27,dc591097f939fa6a57749d030d937500,2017-06-26
b7063c39fd3396dd0ad64052b0825513,6cd5d0756a78f12906fca5cbfb51d64e,delivered,2017-11-23 19:06:53,2017-11-23 19:14:00,2017-11-24 23:33:55,2017-12-05 20:22:17,2017-12-15,3308bce732b62d0e3b76c8fc53efd107,2017-11-23
6eb56be25b30e83ab182da6a5d616cf8,e9a28f7782d12e6558605da9afaffe34,delivered,2018-02-21 13:50:38,2018-02-21 14:29:22,2018-02-24 00:21:59,2018-02-26 12:09:12,2018-03-21,1bb51d4fdd5d85d037bd71a55e6af797,2018-02-21
d5082415db2dc919202b1d0dc63305af,8846753a3259fa201e793c45939022b3,delivered,2018-05-04 01:06:01,2018-05-05 03:50:31,2018-05-05 07:58:00,2018-05-14 21:11:27,2018-05-22,2ba46fbee257d1e46b521f99c8d6657a,2018-05-04
9fd4316339aa48df346fd744dc682ec9,2ae5164e3ffd4418ba0b70fa40265391,delivered,2017-02-15 16:27:45,2017-02-16 02:15:45,2017-02-17 08:32:51,2017-03-13 09:23:57,2017-03-24,0a386ee973ec0eb148815ad8a0e64b1c,2017-02-15
0ed70666bb64b5c2ba83b2a6dc37f032,3b10a8f8297080ec4f0600315eab4ec8,delivered,2018-03-28 22:34:38,2018-03-28 22:50:14,2018-03-29 18:22:15,2018-04-05 14:58:34,2018-04-24,1fa03c95aad1b3bcadf47ccfda4cf160,2018-03-28
3c4f4a215516b1f6013a569c7013f45d,46e56e344cf9b8255312e845f7d0b1ff,delivered,2018-02-20 21:04:15,2018-02-20 21:40:25,2018-02-21 23:49:15,2018-02-22 23:47:09,2018-03-06,2133e2f9f9e2ae1ee9cc46628e457671,2018-02-20
7eb3e26f4add684a86cb34bf2a0fac59,ea8027eeeadff54d4f337b68f39cb69e,delivered,2017-09-11 10:20:21,2017-09-11 15:10:20,2017-09-12 20:11:59,2017-09-19 16:55:01,2017-10-02,16ceb4d79cdc7336138f71a76a52af71,2017-09-11
2ed4a7943bbe7f0641a9b23dde2241ec,47698a61541861c531bdccec72785476,delivered,2017-08-22 17:49:09,2017-08-22 18:33:39,2017-08-23 13:45:19,2017-08-29 18:43:06,2017-09-18,e3d138dd941cff46ad100ed873692d6d,2017-08-22
90266667267c61999c7efdecc81f99f2,c0e31b085a0dabd7d2506323fa579849,delivered,2018-06-07 18:42:05,2018-06-08 04:15:13,2018-06-11 09:48:00,2018-07-05 18:28:48,2018-07-11,b222983612ccf9940049ebca9c555130,2018-06-07
7644fb667bf3f79e4eb486a9e14bc9ec,8edd7d1672dcefc4681d240c3f151a13,delivered,2018-05-14 15:37:36,2018-05-14 15:56:49,2018-05-15 14:12:00,2018-05-21 18:12:31,2018-05-30,5058e9faf8d1e3851446bece97dadbb0,2018-05-14
d0960a14d090b93a0007c17713f2ed0b,98a095e8ecf120c47aa699893c51eca3,delivered,2017-07-13 10:54:01,2017-07-14 02:15:31,2017-07-14 17:36:37,2017-07-26 10:49:54,2017-08-04,115fa5348efcfb9e8640bcac0bc2c13e,2017-07-13
6b1a5aabdde7ed25268697cef2a9d28a,0addd045c89ed918a0afcca4385c259f,delivered,2017-06-17 08:45:11,2017-06-17 08:55:22,2017-06-19 16:14:00,2017-06-27 13:07:44,2017-07-26,68ca034260ae247f22e05c8fa34c386e,2017-06-17
8c771415273e87e3770092962104fa65,346b5432650859114e6043a06348af7a,delivered,2018-06-06 09:50:45,2018-06-06 10:15:20,2018-06-07 13:15:00,2018-06-18 21:44:39,2018-07-26,bd9bc6240594ef12bfcc966fad372b6a,2018-06-06
25f3b8d528da241b7344e926baf475e1,a22842bd12e534cf34d12567bb96afde,delivered,2018-01-19 21:04:06,2018-01-19 21:12:23,2018-01-22 20:03:35,2018-01-23 16:44:47,2018-02-05,f0f5df081d2ef2d076f5832bfbff79d6,2018-01-19
4bc27c3d551e28ec80a384663cbae90e,a6ee0b99b451b3287a6042ac2b237821,delivered,2017-08-15 13:43:01,2017-08-15 14:50:12,2017-08-21 20:22:11,2017-08-25 18:17:35,2017-09-06,8e421a47ae23c0009e56badc447abf74,2017-08-15
99bccccad5e2c29b5e0c964c7a0e5340,7fd8ad4b9c6adb375590c23d5f16d5a2,delivered,2017-12-20 09:24:21,2017-12-20 09:35:33,2017-12-21 22:12:03,2018-01-04 21:09:55,2018-01-16,e1b0af237a8abf94988cdfed7be30a94,2017-12-20
3fd2af7d4b0fee360bea3d4beb9d0418,1c226c6651185362430dbb00936b8af2,delivered,2018-03-06 15:33:50,2018-03-06 15:50:29,2018-03-07 19:59:01,2018-03-13 19:48:54,2018-03-27,9e5348ce0ed09be19ca2f1505748a7a0,2018-03-06
54f621bc447961fb6ab19031f7f3051b,5d55f6e348a6670ba7e6973f6dd5a345,delivered,2018-04-01 01:37:16,2018-04-01 02:27:41,2018-04-05 18:18:26,2018-04-07 00:56:36,2018-04-12,c546454389e6db383531db164a409959,2018-04-01
e4e3b896819586eea806108a108aad30,cbcbb666f1aef35f6134e291a360a83f,delivered,2017-10-04 17:38:57,2017-10-04 17:50:05,2017-10-06 21:42:54,2017-10-09 17:13:44,2017-10-23,cb3102c030021fca78c2050af337afe3,2017-10-04
4981c013f7c47eaf4c82b5d2f0a30e7f,e315cb38486c79c233830e4e50dc65b3,processing,2017-02-26 16:15:49,2017-02-26 16:25:17,,,2017-03-22,3f129a2fbff3c0524d552bb38d23c11d,2017-02-26
5402b020da6d5ee7b7f1d43f22dbae97,c4538c27f47c9389108880bfe6155eff,delivered,2017-09-02 03:39:38,2017-09-05 04:24:26,2017-09-06 13:17:04,2017-09-13 21:29:47,2017-09-29,afd695ebcb662077addb1747881836c1,2017-09-02
79f8cc02c20efcfa018854bba9f9ebc8,03ec3a55ecf6a4aa939d5c9cb0e8d3d1,delivered,2018-04-12 15:59:56,2018-04-12 16:15:27,2018-04-13 19:12:18,2018-04-17 16:32:50,2018-04-30,ebf1da06f12c8ce6c97cbdb522307c40,2018-04-12
7899f1c17f7910367d21b9821e228538,5cadfa13d0742ccdc9614eedc1bc401c,delivered,2018-06-26 10:50:57,2018-06-26 11:18:50,2018-06-26 14:51:00,2018-06-27 18:54:47,2018-07-11,5acb4c7b0b3ad35919b0fc8e6fbcc802,2018-06-26
4636fbfb5ecb1733a2b2cf4c931f695c,2c11a01c0d9fc9ce7d1cf33e16062853,delivered,2017-08-23 14:12:58,2017-08-23 14:36:31,2017-08-24 19:51:37,2017-08-31 21:34:23,2017-09-18,198ab28ceee7a2311444e5c8c9109558,2017-08-23
a549c8b114c27a1e0f6d723f9d48e5c5,025c7748c7e2160365a967df3933447e,delivered,2018-02-12 09:42:06,2018-02-15 03:47:50,2018-02-16 02:12:29,2018-03-05 14:36:17,2018-03-16,da2c992332b995581ced04ecfa3af199,2018-02-12
c13f7e0f6e68493d056654349be6c15b,1d185a1881211f40e281043cf723d455,delivered,2017-09-09 21:47:01,2017-09-09 22:03:53,2017-09-11 18:26:09,2017-09-13 17:32:19,2017-09-21,b4775480db52304d754446c219170341,2017-09-09
0ca64e59f59b26fb6fb2726f907bb52d,8560b967cdb6597a5f8e81a89d9195cf,delivered,2018-05-03 16:13:44,2018-05-03 16:56:17,2018-05-09 15:48:00,2018-05-19 14:38:33,2018-05-28,14934d0a382fe449993e85eafbe21705,2018-05-03
5ddb18c0837af203e55bb5273ad3fa60,96e3b5ebc1882bf98d365fdd18f49465,delivered,2018-06-26 18:24:45,2018-06-26 18:43:52,2018-06-28 14:35:00,2018-07-12 15:14:37,2018-07-27,92d9e2b89a9b77d6e4e3050a1e1462d4,2018-06-26
e2384e27d52c798743c71c9f2c57763a,7db1710df94d52ef26189240a4cc0d80,delivered,2018-08-16 12:36:06,2018-08-16 12:45:22,2018-08-17 11:39:00,2018-08-21 17:55:40,2018-10-02,6a2e8efa9b01f6e303f8303232405a65,2018-08-16
95eba7f91699dbaf0acd3ab3f70785c1,5422ef602f244d3374a73946b2077c7b,delivered,2017-11-22 21:31:15,2017-11-22 21:46:20,2017-12-12 22:10:57,2018-01-08 15:22:39,2017-12-12,1c86c5db4ce0addbc955d9c10c2cb053,2017-11-22
69eb0d3bb4ae91a60f10308d63fe64f1,b93db111b138592c3eea5e533f49e41e,delivered,2017-02-27 18:34:54,2017-02-27 18:45:11,2017-03-01 12:08:14,2017-03-16 23:35:07,2017-03-30,b5b17a60619a0246c3ffcc70b44a49ff,2017-02-27
4db4d9eaf5fb240987ed4148caf900b9,7f3be1ea4ab67c410ab8e37634716342,delivered,2017-11-29 04:49:26,2017-11-29 04:57:25,2017-11-29 22:24:43,2017-12-06 22:38:39,2017-12-19,4b3ee9aa32764c972f18487821f0e0d6,2017-11-29
3990f96693d321ac142fff312bf3706a,6c44a903274653cddb1df3bcb05ac71f,delivered,2018-07-08 16:13:13,2018-07-08 16:25:33,2018-07-09 12:02:00,2018-07-11 11:28:38,2018-08-15,be160ff1d833563ea876b3662de0a653,2018-07-08
58badbf60491cc1d0c4b0a61174a6ccf,b8e931a93e49519678f09993656fce3d,delivered,2018-04-26 18:12:21,2018-04-27 18:11:01,2018-05-08 19:02:00,2018-05-10 00:12:53,2018-05-09,52a0e63f2de26e55d120a36e1f7edfe0,2018-04-26
49f0e82d2c3c46134f551799b3990bf9,1e7347c98af2c5dd3b24ef197d20e0ce,delivered,2018-08-02 12:05:48,2018-08-02 12:55:32,2018-08-03 10:27:00,2018-08-09 16:51:10,2018-08-16,c26525a6863cd7b333a3bb8de64eff74,2018-08-02
4632b700f33d5fe26dda89127aa5b5b1,af9515035d276b3f7bab3727a8ba808f,delivered,2018-01-18 19:22:23,2018-01-18 19:33:46,2018-01-19 23:28:23,2018-01-24 20:48:55,2018-02-08,93affc403753dca0735740ee2458860a,2018-01-18
bfc9b6d89dbb2d9a7dc7fde5843e0ba2,27c0887009d482e04e758a8ac36cb956,delivered,2018-03-23 10:41:20,2018-03-23 10:55:43,2018-03-26 19:31:00,2018-04-03 19:41:50,2018-04-13,67acaaf66f8c15f4e49d8bf661665ce2,2018-03-23
78eff39e81cd88a03dc278396f3cee15,9a46036c450ed2b0352f21075c3c1e45,delivered,2017-02-04 00:09:20,2017-02-04 00:30:46,2017-02-07 12:08:19,2017-02-15 15:08:53,2017-03-15,0489823571e2b7bc7120cfe97f56cc4e,2017-02-04
b4e819d2c22097406ce41f19df19d9a1,6abbcc9f45795f1845a3b4437ad9e5d8,delivered,2018-08-08 16:46:30,2018-08-08 17:05:18,2018-08-09 13:20:00,2018-08-17 15:02:31,2018-09-05,d975494f268572677bae5b5f44e2f915,2018-08-08
d0a3f2251346c62e270f1680cbac775d,e804719d56f31ce57e5b26431b607c18,delivered,2018-05-16 22:49:49,2018-05-16 23:14:31,2018-06-04 16:03:00,2018-06-08 17:03:09,2018-06-04,3e6c05d0b785f8f34c515624b2ed2b8f,2018-05-16
3dd511776a28555feea15407b8a6989b,b5732337173bb2d69bc69285b6901df8,delivered,2018-01-10 00:04:29,2018-01-10 10:32:13,2018-01-13 02:18:48,2018-01-19 19:37:07,2018-02-02,ae16f873ad592f1cd3b61214c3a1a550,2018-01-10
97104e6fa1fbbf9bf29587310476ccaf,0930e7c9d47ac4f9a8f80b42514ae049,delivered,2018-02-25 21:03:49,2018-02-25 21:20:30,2018-02-27 01:52:17,2018-03-05 19:09:52,2018-03-16,155262bd88357533c2fdb773fc05485d,2018-02-25
6db17d1984cf4ba781756524332520da,734d9a2647b79cfae19586ab63e5eece,delivered,2018-04-04 19:13:39,2018-04-04 19:29:04,2018-04-10 19:21:53,2018-04-11 19:58:34,2018-04-16,d2f71b8567c4e8f4bf3132edf191048f,2018-04-04
f08cc56e54ab93c2caf71e5a46892314,2e2aceda14bf519194b25f568876ab3d,delivered,2018-04-12 15:20:13,2018-04-13 12:55:55,2018-04-17 17:04:57,2018-04-24 23:48:31,2018-05-10,ef2994ab5e93b358146005d4d3db4880,2018-04-12
f3f0bc4d599d1d5251f1b37cec7b407e,13a7b529c08942d1e86e9918dc4ae053,delivered,2017-02-01 13:53:20,2017-02-03 03:41:19,2017-02-03 15:15:54,2017-02-10 14:35:07,2017-02-24,d2e80e3af989dadfdae7bd1fa9b60459,2017-02-01
89b939af6aada7003d4d2930b87d8b68,650dd9e8340ce0d99ea8bcddb610c529,delivered,2017-09-10 23:03:19,2017-09-10 23:15:15,2017-09-11 20:32:11,2017-09-14 22:21:57,2017-09-28,c310f1a8cb38823a7a9d95bd7fd6e765,2017-09-10
485a9b5ac4906bb7eaac99931164c87b,3a3eaa27404d482a1a4f0fc8897d03d8,canceled,2017-08-09 12:56:51,2017-08-09 13:10:13,,,2017-09-18,4346ad9d11bac1699d9e6e10d5736779,2017-08-09
0cd5a59b77b1409abb6f791b2322b910,12d14cfe9f206dc5718f17fdd1c32b6c,delivered,2017-09-20 13:27:45,2017-09-20 16:10:19,2017-09-21 19:44:08,2017-09-25 16:40:16,2017-10-05,c97d078e5699a4c2dfacfbb2675ec924,2017-09-20
7cb35b5b001f4ea24adfb322cc509708,c9123cd3a990ed36a78adb8c5533d238,delivered,2017-10-09 14:58:50,2017-10-09 15:14:14,2017-10-10 15:43:01,2017-10-16 22:37:47,2017-10-26,427ea138e3dde71c2c80ff9fcf27e398,2017-10-09
73314e79b29b8857a78a32853790a9d0,f3f53cfb944cd5bdd21aef1d8e59a43c,delivered,2017-08-17 17:18:28,2017-08-18 02:35:17,2017-08-30 17:35:06,2017-09-08 15:13:54,2017-09-21,b265cccc1d91834ad1a2a2ee58fa09c8,2017-08-17
edb49ebb79238a3a8753649ba3c3c1a6,f801bc634bfb35a854f4133662b218e7,delivered,2018-04-05 23:18:21,2018-04-05 23:30:47,2018-04-07 01:16:28,2018-04-17 00:11:12,2018-05-15,1ec6d0e485a58f8333544aed2356b852,2018-04-05
cb80c358a1e10aa7f1d55a1739720ea7,fdf37dfc1d2362ad24e584efa945c235,delivered,2018-07-21 13:53:42,2018-07-21 14:05:11,2018-08-02 14:16:00,2018-08-07 16:46:27,2018-08-17,204afc6af4c6ee8b7979907edde57ce7,2018-07-21
64bd3e880a66ec01c58e06862dcb82fc,de3e67c69d744169029b17ee09040116,delivered,2017-06-08 23:17:57,2017-06-08 23:25:17,2017-06-12 15:12:40,2017-06-13 18:12:24,2017-06-29,a1bb96820529725c3c79a77c69e7e792,2017-06-08
f9a3dd7361484de6c71fedbc1d6a74ba,80d1cf5daecd7229b4848ce0969da2cd,delivered,2017-02-03 11:42:09,2017-02-03 11:55:19,2017-02-06 08:37:52,2017-02-15 11:17:38,2017-03-10,62183f4068eae3b1616f41120c605510,2017-02-03
1da9f58fe27dab2ebfd76ca17224cc5a,f9b99e5f9818d9b898e34b89c5a75605,delivered,2017-05-14 14:00:38,2017-05-14 14:10:11,2017-05-15 16:13:21,2017-05-20 07:32:49,2017-05-31,16550732a5ce58ace2abd5d89b115a85,2017-05-14
bc07f82ae356cbf2177d716646abe61c,837e1898172239a282b2a93b5fb1e3a1,delivered,2018-04-28 11:34:46,2018-04-28 11:50:48,2018-04-30 13:22:00,2018-05-02 19:26:46,2018-05-21,d7016618d0a287f7baa1b533eb903860,2018-04-28
5fc033e4385d689a01dab767e50c6939,4e62f0306df0973d9a822d05462cfb9f,delivered,2018-08-16 16:08:41,2018-08-16 16:24:03,2018-08-17 14:58:00,2018-08-20 19:36:43,2018-08-27,379ede85ebaa3908364a741eccd70a6e,2018-08-16
a65f614a7b51b56f47bb90f4d9fdf16f,1ffd3a384c97afd38617f8887a8cc035,delivered,2017-07-07 17:43:26,2017-07-07 17:55:22,2017-07-18 22:47:03,2017-07-20 21:00:04,2017-07-20,d700a290654faef414da173a6aba5acf,2017-07-07
269851ddbe5679a1fef1e568b2518cf7,c9cb47939ff0e1027568ba6d7130e700,delivered,2017-12-07 20:44:21,2017-12-08 02:53:56,2017-12-20 19:09:23,2018-01-08 20:42:59,2018-01-05,2d915b9db634ef772a177e5aa1075c3f,2017-12-07
cb0cde0092a5383a8c528f939deb7e34,2957cf668c91f915056ba8dce926687d,delivered,2017-10-21 19:18:46,2017-10-21 19:35:10,2017-10-24 14:23:44,2017-11-14 17:22:44,2017-11-23,73953d537fa827267b087a6d00109d64,2017-10-21
55c0b6b41ce482c3f77407ef43fc6bad,bf372d35de99f49cb07c1a238d7db256,delivered,2017-10-17 10:51:16,2017-10-18 03:15:32,2017-10-23 13:44:15,2017-10-24 17:12:38,2017-10-27,95c47859b6c051088b75e1ddcd15fe38,2017-10-17
5b8bf01eefd098550791440d7ffc90cc,0a360ae8dbee32ae6366ccdce8af4b84,delivered,2017-06-05 20:41:09,2017-06-05 20:55:13,2017-06-06 14:56:49,2017-06-14 15:06:58,2017-06-28,7e17851d6618e9babf9967e6a79879c6,2017-06-05
b37ae92c72d3335c241ea5be05dbc077,6e66d0911bc117a0afc6313ee9a0abe1,delivered,2018-01-11 20:36:02,2018-01-11 20:47:55,2018-01-12 20:59:58,2018-02-07 18:48:59,2018-02-02,f3db5609a22674ff75cae17015571527,2018-01-11
5c73abbb11b2fecca387746f9bee479c,71cef3439e05c0e70e6f50f1e46dc958,delivered,2017-10-22 13:41:35,2017-10-22 13:56:13,2017-10-24 18:13:35,2017-10-31 19:25:55,2017-11-16,43c30ed8f88c003dabf6d0388e8cbe82,2017-10-22
11cf686bd51e6060001abd7c3eb9b05c,e80698680e591dfa8ff35fd27af65f7f,delivered,2018-01-16 06:25:36,2018-01-16 06:36:19,2018-01-18 12:29:02,2018-01-27 02:12:50,2018-02-07,a99c12c9acbf52835750a225858bc4c3,2018-01-16
14efd3877d76587691ac8f854125c31e,5d13de45d9d033d8c9fe887d785f97d2,delivered,2018-02-04 17:13:02,2018-02-04 17:49:12,2018-02-06 02:08:02,2018-02-16 18:56:49,2018-03-05,5a48052867c8fa4c7f047e161c0654f8,2018-02-04
4b7a7eb6b477c63b872d57f9f2782269,138dc7414f14d963e93984a277f9d3e9,delivered,2018-06-20 18:33:57,2018-06-20 19:00:27,2018-06-21 10:37:00,2018-06-26 21:25:37,2018-07-12,33bbccc6d846d288dd80d9486c4a8bd4,2018-06-20
ce46bc8d2065cf01585478045eeafd8a,ffdd13826fa94a17a1455e2367d3ba86,delivered,2018-03-03 18:57:44,2018-03-03 19:10:31,2018-03-05 19:05:00,2018-03-10 15:58:46,2018-03-28,b81adbb393d0fa9cf4e30a62b98f0352,2018-03-03
1eea943a6165c6e0e51951bb76ec90a1,d3f3de2780c9d4dc54d116314cb4aa46,delivered,2017-09-14 01:35:12,2017-09-14 01:50:06,2017-09-14 18:59:29,2017-09-26 21:03:34,2017-10-06,23c536b39a65168e3e34354b80b4ecf2,2017-09-14
5133357f704cf088de56cd5671858cf8,3e6997627c5c910984100b9cb2c304da,delivered,2018-01-15 20:27:50,2018-01-15 20:35:26,2018-01-16 19:53:33,2018-02-01 16:19:07,2018-02-07,035462b7a8b9d16de18102b596a17a1e,2018-01-15
4f5db1138694f3bc0bfdbb113f4f83ec,7d566615cf8ccced1730c39c3bc23eef,delivered,2018-08-04 22:52:06,2018-08-07 04:55:28,2018-08-08 14:53:00,2018-08-10 14:16:36,2018-08-23,c76c62fe7af1772f8a185ed313d805fc,2018-08-04
d2bde0599318c433d8e3420c8f65427b,7eb773e1a901936644a0514e3f20d8e0,delivered,2017-11-25 16:53:18,2017-11-25 17:13:26,2017-11-29 19:32:21,2017-12-05 21:05:58,2017-12-11,240f8b8a71d0eed942b62661cb593ab8,2017-11-25
7715d67827702c066f8a4d2d638449b0,643e8a41cb0b7e7e4524e7ac3853c3d4,delivered,2017-10-29 10:17:49,2017-10-29 10:30:11,2017-11-03 20:15:41,2017-11-10 18:05:49,2017-11-17,130f4a32887cc549621b3c6cf36bf77e,2017-10-29
ea440eac95a801c80784b5105a5e4a9f,ef61483f84cb06e6510dec2103d4e789,delivered,2017-04-18 23:30:42,2017-04-19 16:15:19,2017-04-25 15:47:19,2017-05-02 14:55:50,2017-05-10,e888fbcda6edaa417d655ffb6d6e5200,2017-04-18
6f6c5cbdcafc5ad54df95e75d0ce07fc,873fd3c8bfbe62572aea596a361c0849,delivered,2018-08-13 13:35:58,2018-08-13 13:50:18,2018-08-14 13:47:00,2018-08-21 16:37:43,2018-09-10,06affbe7eda072f42eb81be69475384e,2018-08-13
b98be699b2475e243e9a1bcc87a915b4,6384956ecc59b99a9b2c5e80b7f74f5b,delivered,2018-05-02 20:04:02,2018-05-04 03:52:01,2018-05-04 15:02:00,2018-05-25 20:08:38,2018-05-23,a5688ec2d0ca0bea0aaf617149387d73,2018-05-02
ad289a7aeb017887d348b0e026d8d521,f08a73ccdb2f87d8b4ad103ebf8b542b,delivered,2018-07-04 19:50:18,2018-07-05 16:22:46,2018-07-06 08:11:00,2018-07-12 13:06:55,2018-08-03,ef88889c26945ab7901ad2b87fc26d6a,2018-07-04
14ddbde8a800125503870bcad59d2851,6082d2846415141d6736a61ee9a9e6b1,delivered,2018-05-24 12:34:45,2018-05-26 02:31:42,2018-05-30 14:29:00,2018-06-04 16:28:44,2018-06-19,457fb3cb5ad59c352c8ca67ed9bad51a,2018-05-24
db0cf68d7b84f2563ba24fe7a111e2be,d7dc7ed62eed8f6c96f39cde34912389,delivered,2018-04-14 22:35:36,2018-04-14 22:51:41,2018-04-16 19:39:00,2018-05-10 22:48:37,2018-05-28,51848a3b6669c501bf780100dcd9e7c2,2018-04-14
da095f1f4d7e0e3111772d51a08ad079,4d6c419b936a841d738247d0800f430d,delivered,2018-05-22 09:56:27,2018-05-22 17:14:45,2018-05-23 14:12:00,2018-05-24 16:05:08,2018-05-30,5e652c34270c948f1d1b98b66481811a,2018-05-22
ae61d8526340e93d3df927f6efa8b2a9,3c8cd8da35337cb33de3ce0a2b5f1f85,delivered,2018-01-18 18:05:35,2018-01-18 18:14:52,2018-01-20 00:38:50,2018-01-24 22:27:07,2018-02-08,2ea15643c272fdaef84eb6d8a040cee6,2018-01-18
cc8778d76e567b45082b7f52bce23095,be2e37dca4d90f0bfd4f57e676377191,delivered,2018-04-21 16:45:16,2018-04-24 19:24:18,2018-04-23 18:22:46,2018-04-30 22:16:47,2018-05-29,636b413d6b339d4687d7f18f9d89b2f6,2018-04-21
9ddd723e703903eeb90abbd2af0ddc24,51906f3d3c10f0e444f0aec2dfc634aa,delivered,2017-11-03 13:54:42,2017-11-04 04:30:23,2017-11-06 14:18:46,2017-11-16 21:08:48,2017-12-05,cd76e52dafb3175406b252a1959aa83d,2017-11-03
a57ded674d83445bb796dfca14cf8ddf,9f880b8ae8abe8be1c6c0e49eee0d48b,delivered,2018-05-16 21:21:08,2018-05-16 21:36:09,2018-05-18 14:23:00,2018-05-21 16:32:25,2018-06-14,1640ac81a229cc1409c5606430f79ec9,2018-05-16
00c9474e0334f7a4ffc8c3a8bd21a51e,e84d9c0fb40fccf1b0e326e840f6a8ec,delivered,2018-05-04 19:19:10,2018-05-05 15:50:46,2018-05-09 15:10:00,2018-05-16 22:56:45,2018-05-17,1ff3cb11d59e1782c6fc95912849a62d,2018-05-04
7d0d148810ae67b1aa1f2d450d26e952,f81ad3596e26b5953d779b463edd3906,delivered,2017-07-19 18:10:05,2017-07-19 18:25:15,2017-08-03 20:05:02,2017-08-05 15:16:40,2017-08-10,282dc4abbf2759fb9bb77217f5cd6c4c,2017-07-19
184caad9d2255768d98251b3715e8e8d,40bc1202d31e52d9e121fcf3c6cd6149,delivered,2018-05-03 20:32:58,2018-05-03 20:52:53,2018-05-04 19:01:00,2018-05-07 19:03:48,2018-05-16,6358b15ef7fa9b1210f1a5735cabd3d9,2018-05-03
d98e1bbea27add1b46f2f78aa0a3517b,f1e2b8785604f68bfe418a8cf8fb5465,delivered,2018-02-22 19:54:45,2018-02-22 20:10:46,2018-02-23 22:39:38,2018-03-05 21:34:02,2018-03-14,f2e0c95f9c0e971bb561b11ecf5a95d3,2018-02-22
f38755557b9876c68991673e64852af8,a697310dcc6dec6e09e601a68fad6611,delivered,2017-01-14 08:33:40,2017-01-14 08:45:11,2017-01-18 04:58:04,2017-01-25 15:07:53,2017-02-17,d32117be1f591cc163d8a6a996140e16,2017-01-14
4406148906c660bd76509cfe3c059b4d,c3a6861e7c7fdebbb91ca4cb1dbdf7ed,delivered,2017-12-26 13:26:34,2017-12-26 13:32:29,2017-12-30 13:09:16,2018-01-18 01:20:01,2018-01-29,657a2aa7d0f5fb6512b399bc4bf6977a,2017-12-26
82f4c933483d577ca9f00f49b1203155,98b5d640be72dacc172797c4a77c7f32,shipped,2018-07-16 14:14:08,2018-07-17 04:00:49,2018-07-17 20:49:00,,2018-07-31,0f6eedce40add0d007bac2039e721716,2018-07-16
0204196a1fd266bdc00356eb791b4516,b7cbef9a346d7be216c7e57369eea78a,delivered,2017-11-26 18:43:10,2017-11-26 18:54:28,2017-11-30 00:03:44,2017-12-12 11:03:12,2017-12-18,4153163515e1dc07e02777b45b79121a,2017-11-26
b706ae4c6c85939c824f9ce25ae11884,d866f14443d6d667b9cbed78b30d4799,delivered,2018-07-05 16:13:21,2018-07-05 16:36:01,2018-07-23 15:59:00,2018-07-27 19:41:16,2018-08-08,f8426a7e573a60f20f4331e8b8832f72,2018-07-05
ec9dc57817baa3a581380d5940fda322,7859b226e8b99e2263fae3c8fef443b2,delivered,2018-03-28 08:03:14,2018-03-29 03:15:37,2018-04-05 01:32:09,2018-04-11 16:51:34,2018-04-26,f2bfa88061180ef63be4520ed4566e29,2018-03-28
99a01ac9c1c718ea6eac9fac178552cc,f68e63b07912415b2ad2a25243bdcda8,delivered,2018-05-27 20:28:54,2018-05-29 03:31:15,2018-05-29 12:10:00,2018-06-01 20:16:55,2018-06-20,a2e3c9003effbb796cfab5a0f9715493,2018-05-27
d00d6712bb15e2f5c4c1766b9f60f43a,a349e0abe64d842144b9ef7cd244d3cb,delivered,2018-08-15 05:45:14,2018-08-15 05:55:08,2018-08-15 13:39:00,2018-08-25 16:31:57,2018-09-25,8bff0e3c033614264b3cf65943fcebb4,2018-08-15
e405a05e7cb02776a17ecb51733fa00a,87525a16ffbfa38b6d5339a840769201,delivered,2017-06-29 14:15:14,2017-06-29 14:25:17,2017-06-30 15:07:40,2017-07-06 14:24:46,2017-07-19,a971d4970461ba6d68a0400134c80bf2,2017-06-29
95b5dec92eff326736e1060b339f0013,977c17aaaaa190a607b8488d8a37bd72,delivered,2018-04-18 22:11:59,2018-04-18 22:31:12,2018-04-21 00:34:30,2018-04-23 14:21:13,2018-05-10,47772178b8419a24c15c21157464093e,2018-04-18
6e6872ba4fe6f52ce3b560d569bcaf95,03cb35ed4ea247307302f9f4ea94ac87,delivered,2017-06-06 20:42:47,2017-06-06 20:55:06,2017-06-07 17:36:23,2017-06-09 11:46:53,2017-06-20,cee6ce5015643cd821d4c8cbf8b5d9d9,2017-06-06
1001fec33bc88a484d7431bec2147348,11342c1fb8b203ab328495db18dd8caf,delivered,2017-09-20 18:26:13,2017-09-22 05:35:22,2017-09-22 17:14:50,2017-09-26 09:32:59,2017-10-06,7849336c1b7785f258ffef06aedbd216,2017-09-20
e2e9a4fe163a44a86fe306af8a9e2bcf,9aacda4060fd4835ee6541958cb9a1f7,delivered,2018-02-02 23:00:48,2018-02-02 23:10:48,2018-02-08 11:16:25,2018-02-16 00:09:10,2018-02-26,fcb8b95b64932fc27a1a9189fe6ef713,2018-02-02
e2d9c66bdf5baf2058e9960542e386e2,bea3d0d84e0e1754c24a057d974504d4,delivered,2018-02-03 12:37:23,2018-02-03 12:50:29,2018-02-17 01:15:16,2018-03-16 15:21:44,2018-03-13,b16b6376a4a5b439415ad39b3dc10500,2018-02-03
cb5862fa6e091fd9136288bae0999db3,3a825d2c5267ea3fe4af517fe5e2876b,delivered,2017-06-12 22:18:49,2017-06-12 22:35:25,2017-06-14 09:22:13,2017-06-27 08:46:49,2017-07-05,27e92b85aef233fd7505b89acab00e90,2017-06-12
c2ec5dfbcdd442236f5aa871c8da0593,3e15efae32c4b38d85ae97b8bbd101af,delivered,2018-03-22 18:37:22,2018-03-22 18:47:39,2018-03-23 22:10:46,2018-04-13 02:08:29,2018-04-11,883b752c6555b7fcc2760c45f2aa8b6d,2018-03-22
8b9b26610d247c36c7706cd0538c47d8,55c838464d70252c6d103c2a7a7685fb,delivered,2018-03-12 16:06:16,2018-03-12 16:15:53,2018-03-14 20:03:34,2018-04-17 19:19:04,2018-04-09,1d27974b00d4c0485569ccc8f5b9aab2,2018-03-12
b86cadfb9d8fe2a3eba84001de30fec2,42f2f87401753615179a195adf5ebcb6,delivered,2018-04-04 11:20:21,2018-04-04 11:30:19,2018-04-05 18:35:30,2018-04-17 16:24:48,2018-04-20,45a284417e5d975ac30cbbe08fe85cc2,2018-04-04
43bc3119f6a029c0b7293bf06ac67f38,298564bc3ac497761719cecc3005a35f,delivered,2018-01-02 21:19:25,2018-01-02 21:32:47,2018-01-03 18:03:42,2018-01-15 16:14:04,2018-02-02,af72f7a350e38c4fc90a0c278d5d6e69,2018-01-02
0068e836900867da359bd81db9227a33,26355ea90aab63ebf5e90caa825a943d,delivered,2017-09-29 11:24:09,2017-09-30 02:24:43,2017-09-30 15:07:31,2017-10-05 20:51:12,2017-10-24,f765c27dd5ad5be41dd370e1ee4657b4,2017-09-29
4908721d56a113679fe934dfce599add,c9fae66c6a29c68d59463e2ae4969577,delivered,2018-04-05 16:19:24,2018-04-05 16:35:18,2018-04-06 20:48:56,2018-05-08 23:37:27,2018-05-02,3a6eb610e4b56c5eb29eed04efd0530c,2018-04-05
3843fc679a3c5dbb30b836e40b3ff182,7e9b1573da9507517fc6935505ea79c6,delivered,2018-03-20 10:29:51,2018-03-20 10:50:24,2018-03-20 21:16:50,2018-04-09 19:08:48,2018-04-18,01093ce2e3723bdb8de583346d76098c,2018-03-20
1bed03d048b494e693abd504e67328d1,704ba48e6fc9b2378b5a9a90ab678170,delivered,2017-03-22 16:32:56,2017-03-22 16:32:56,2017-03-23 09:31:13,2017-03-28 15:47:01,2017-04-12,c498aa826dc9615317dd10cf5fab4063,2017-03-22
dd7ac010ac0daaa2d26a974ceaf897a0,161f201db3babdac5fcbcaefb104811d,delivered,2018-08-07 21:38:12,2018-08-07 21:50:16,2018-08-08 15:19:00,2018-08-15 15:29:43,2018-08-21,7038d2e4cfd7555e105bdfdd27e313f0,2018-08-07
ee7943a284764f967e17a0767a876ed8,d6391ee55ace4a0e2306195d51d5a56e,delivered,2017-11-24 23:26:44,2017-11-25 02:18:38,2017-12-13 17:07:49,2017-12-18 10:33:37,2017-12-20,a2b2dfecd62298db936b100c8b4b7b76,2017-11-24
594d743c86778bb2e583167a751f3daa,43ef3b43c4703892196a5f4d4e41772c,delivered,2017-10-02 17:20:49,2017-10-02 17:28:23,2017-10-04 18:33:33,2017-10-11 21:33:21,2017-10-24,fe61808c794dc860ec6e3137d9018b2b,2017-10-02
7a818012b467239b762232ca1644c096,108c9ed00e923d915a2e68840192a37e,delivered,2017-11-18 12:41:48,2017-11-18 12:55:59,2017-11-22 17:02:10,2017-12-13 19:17:04,2017-12-27,4f326beaa98cb476e1df32704fb93b1e,2017-11-18
5155cd41b25ed06d61986aeec0677c59,845b4c2092fe097a53ef3bd7797d4095,delivered,2018-07-16 14:18:16,2018-07-16 14:30:20,2018-07-18 15:29:00,2018-07-23 17:41:25,2018-08-02,05fcdc230a939176b681b45fee88bba1,2018-07-16
37eaffe47310b5a7dc35775863202a0b,eabb847078cc6d55b4f68a08736709cb,delivered,2018-05-08 22:13:19,2018-05-08 22:31:36,2018-05-11 05:21:00,2018-05-14 13:50:50,2018-05-16,5f223c018eab03d15c25f83a0b61c9be,2018-05-08
d6758be9876c16ad5edf45b268d91626,b3c6494de5baef8c18808390603352e4,delivered,2018-07-18 22:16:34,2018-07-18 22:30:16,2018-07-19 14:48:00,2018-07-20 18:07:24,2018-07-27,bcc26232df86a653e87e6b7102483629,2018-07-18
45477fa590eedcc1f123ccf3fb69fd6a,c97b04afa90855a89f2869848ed61c03,delivered,2017-07-29 16:50:49,2017-07-29 17:05:09,2017-07-31 19:12:57,2017-08-02 19:24:01,2017-08-22,9ea22c61ccef5b8ca472a1645b920b1c,2017-07-29
add2c84eb3c5d751cc2710f029394622,71bc1185a2200915af09c03a5fd1f88b,delivered,2017-02-22 16:04:36,2017-02-24 02:45:31,2017-02-24 15:19:57,2017-03-02 15:23:40,2017-03-21,2b69e08c7d73eefaa9a2d158276cf02d,2017-02-22
cb4d128e05fcc01db72fc61636a9e49c,e4465961826955d1bc6a8728dc6ac6ce,delivered,2018-02-06 08:31:14,2018-02-06 08:49:43,2018-02-09 20:07:35,2018-02-17 01:26:38,2018-03-12,6caedf47165dd303190404ba0d47e802,2018-02-06
bc8206fa80d1bcd38257bd4550932b78,337a8db159bfa694f3fdf52acafdd344,delivered,2018-02-28 18:06:46,2018-03-02 02:16:03,2018-03-02 18:04:08,2018-03-09 22:15:52,2018-03-28,c9789f8b134367e211cec3d8c6478b10,2018-02-28
1d368a43ab595c909b1be8fa55d9fe9e,a517a2e827c9bfc8594fbc0d6fe62052,delivered,2018-06-16 11:21:37,2018-06-16 11:38:00,2018-06-20 07:27:00,2018-07-05 15:32:14,2018-07-19,0ba9d9bc5f447c3741e7dac86c8e13cd,2018-06-16
ae93587d71bc1659fcc7614e6f4dddfa,c285f8977c6d1f18543c636b180797ad,delivered,2018-04-20 15:15:29,2018-04-24 19:25:38,2018-04-24 18:11:43,2018-04-25 18:51:23,2018-05-11,616e3717e5a34a9631fe1c915eda0a4b,2018-04-20
5f4a120717a4d152577d7d2ec66c45be,bfa946d6497267cfd3bf8cb0217f6a5b,delivered,2018-07-22 11:50:22,2018-07-23 11:30:58,2018-07-25 15:05:00,2018-08-04 13:41:48,2018-08-28,8dca5794b4cba889e5ee8c05c9ac68a0,2018-07-22
2def1e16069e08497e9e9bc186bbcb9d,ce4e32eba7db619730a32134f6ef1325,delivered,2018-01-25 18:48:26,2018-01-25 18:59:02,2018-01-29 16:37:03,2018-02-02 22:04:13,2018-03-01,d0b2e42a9ac137fb459639908cfa0052,2018-01-25
f407f10544f08b5406732fd467aa4bac,fb8c48b32cd7b39004cb4e90ee8e900a,delivered,2018-02-11 17:21:50,2018-02-11 17:30:26,2018-02-15 20:58:50,2018-02-19 22:09:01,2018-03-02,98883b9e1d9d9c46c298c69146db811a,2018-02-11
f7040a177f3827f17f94bd8e437869ad,7378f65d7c067ad62ae3fd158a4cb9c8,delivered,2018-07-30 23:22:22,2018-07-31 00:00:17,2018-07-31 08:40:00,2018-08-06 15:11:50,2018-08-08,c59d89fc343062d6138b8f9adb04c678,2018-07-30
e56d6fad37333104e525678504e3b8c3,d372ffc23da2cea9222083a79c94ede9,delivered,2018-02-20 12:25:53,2018-02-20 12:36:02,2018-02-26 17:08:36,2018-03-20 15:33:30,2018-03-14,d277892816aee9101b17cecd451657b0,2018-02-20
2438db344bc7b4762af1a87e1fd54cd0,86f3208942a293247f56118add8e4aaa,delivered,2017-05-19 23:16:51,2017-05-19 23:30:16,2017-05-22 09:57:56,2017-06-02 15:35:58,2017-06-12,f5c261c3a905116efbb15c5818671e2b,2017-05-19
b191545cfb775e72c067683831bf4b0f,491e7668ebd0e174f6a28bd563818d4f,delivered,2017-03-09 18:30:20,2017-03-09 18:30:20,2017-03-10 10:47:14,2017-03-17 13:17:57,2017-03-30,947e93a9bb28256adebe49f78cff07ad,2017-03-09
00c8bfbb0a1224dcdb0180a544247159,97cba178632e2fed3edec61ce374fb60,delivered,2018-05-06 21:33:24,2018-05-07 21:32:21,2018-05-08 14:24:00,2018-05-11 12:16:58,2018-05-24,8396c03f207f8a7b155a99fc1e56a98e,2018-05-06
ef2ecde1a76f9bcc15c632e7970aca8d,df7ec75663c7db6cc97a8408c0e16e34,delivered,2018-07-09 18:25:18,2018-07-09 18:45:13,2018-07-10 12:40:00,2018-07-12 23:11:59,2018-07-24,b2a1af72f644e6985644c8035e626991,2018-07-09
753e537c63c618f5c27c4a3a51182909,4f51768260bdd5b061fb0df7e83b020a,delivered,2018-06-04 15:28:38,2018-06-04 15:51:49,2018-06-05 14:25:00,2018-06-11 16:12:49,2018-07-12,0424f43302f219c1caa5952be1804f54,2018-06-04
e50fcda6d7d9a1e22b4d9d1d65ae8224,6624d864bf96345f43613d1872805351,delivered,2018-06-13 09:15:48,2018-06-15 02:37:03,2018-06-21 15:06:00,2018-06-22 21:08:47,2018-06-28,a5f267050a4c3388618910798d404fad,2018-06-13
2deab87eacecced409eb4e2f9b2a4372,4633bda7d6d511e0846d74188f9f2af4,delivered,2018-03-05 14:03:00,2018-03-05 14:15:27,2018-03-06 18:46:47,2018-03-07 21:33:01,2018-03-19,4c93bb366037da40abc2a89301442560,2018-03-05
c531cb50fa0506125473379b2d74356b,95e27d868269c41e9785c6028f1cc504,delivered,2018-06-03 14:21:44,2018-06-03 14:35:23,2018-06-04 12:29:00,2018-06-09 16:59:33,2018-07-16,98669fd815c7869b4010a695f91ecf68,2018-06-03
82e321af7534ba70a73929d2e4c2cf36,4592ee35fe658d1f90e10496599d9700,delivered,2018-08-07 07:22:19,2018-08-08 03:15:16,2018-08-09 13:57:00,2018-08-10 16:18:41,2018-08-13,07435003bc81c33bafdfeace4faf1dc1,2018-08-07
0cf9e3fb10440c4f24991613c58587ca,302de57ef1a178ee6e3c15cd99eb3edc,delivered,2017-08-14 23:01:29,2017-08-14 23:55:25,2017-08-16 17:38:01,2017-08-22 20:54:36,2017-09-01,383ee4e0af292559059e0ba0415af7be,2017-08-14
1124e4ebba42a10ac32ef40dd8dd6475,6dd0d2722ed39d0d25fa5c164b46dc67,delivered,2018-08-08 00:01:34,2018-08-08 00:15:17,2018-08-08 08:52:00,2018-08-14 19:51:53,2018-08-16,4193c3b925c28a8bed29a97e6f30421e,2018-08-08
4ab7de78c72f664992f3171d28974c87,7cd6bff8976273c486cb20ce0bf2a209,delivered,2017-10-25 16:29:45,2017-10-26 02:56:43,2017-11-08 17:02:34,2017-11-10 17:47:47,2017-11-13,a7a5b0761289a75e824aca3244538274,2017-10-25
a8f412e6559ed350a64d8b9f2ecbcc84,6747dabc507b18f4a1300777643744d7,delivered,2018-02-19 21:09:50,2018-02-20 21:08:30,2018-02-21 21:23:03,2018-03-05 23:29:59,2018-03-15,21a2d9dc71459dbd3dad219cb9681964,2018-02-19
70d311beea4bad34a599296c2095e449,24c0198087e69da480e00cfc47b1a8e0,delivered,2017-10-12 11:57:10,2017-10-12 12:14:27,2017-10-13 18:27:38,2017-10-23 21:12:16,2017-11-09,fc6adefa1e1a3217a0ffd97a9d350fc1,2017-10-12
b6f41799a58be93e516fb6992e0d4b47,58284e22c11c1cd2a52d4f25630a1ed9,delivered,2017-09-17 06:44:58,2017-09-17 06:55:06,2017-09-18 21:33:16,2017-10-16 18:13:23,2017-10-17,98758d88bf4b8eef1372ddee45d63178,2017-09-17
07d5adada619115cf4c03f49fc8c5e74,8f7b448c7e06e94cbc038d48d92e332d,delivered,2018-04-30 12:23:27,2018-05-01 12:34:06,2018-05-04 13:45:00,2018-05-11 21:38:39,2018-05-24,5cee43d9514db230389bcc71987da865,2018-04-30
31e45c5f9ee488243f3fb1b2507219d1,159ed1745532faf7a168edba44046e5b,delivered,2018-01-28 22:09:09,2018-01-28 22:37:21,2018-01-29 21:12:35,2018-02-27 13:55:00,2018-03-06,80df9ba2947139c1a4086f2438579f70,2018-01-28
08fa07327488ff39829511ce36ed3e32,06323e75b664e167bba52921c091ab2c,delivered,2018-01-04 14:46:20,2018-01-04 14:57:23,2018-01-08 14:58:01,2018-01-16 22:26:44,2018-02-02,6d8496f43890ea29f119d050e6556796,2018-01-04
9289b2c9f04a99b28f563d5093612afe,cb5ef95029aa695df3bb2d8e454fb78d,delivered,2017-06-14 23:03:48,2017-06-17 03:44:57,2017-06-19 18:37:45,2017-06-28 14:12:09,2017-07-19,5f54c151c96644521e07c342c19d0d80,2017-06-14
95fc4c1eda4eb09aff114067af28e084,474c28d22197efef5c36759ee917c242,processing,2017-03-05 21:02:51,2017-03-05 21:10:20,,,2017-03-23,9f2a604b10a5e18020e1013a83739a4c,2017-03-05
56a103cc534114a9c3f830b32cdd3578,1b02883560cea3c3081656891def4666,delivered,2018-04-11 10:56:21,2018-04-11 11:11:05,2018-04-13 19:42:48,2018-04-17 16:18:49,2018-05-09,a575a60f600c3df074736ceca2375a46,2018-04-11
d66c390445566a6735c7a703c75e4e68,2a4d4ee2aa215919b261827389e59ddf,delivered,2018-07-29 14:21:48,2018-07-31 03:55:12,2018-07-31 15:20:00,2018-08-01 19:36:53,2018-08-06,153d5632321e12f7744e1c258d553167,2018-07-29
1b4f6e77a7bfc8aaecb66219bac6b9eb,fb5c13a43eab0c123ae49f226709b74a,delivered,2018-07-16 22:59:19,2018-07-17 21:35:15,2018-07-20 14:43:00,2018-08-07 16:26:38,2018-08-22,c037aa753c0787f6e28b2d5c5e40d997,2018-07-16
1b69321f3b6236fe424fdbcdc21ca148,4a4e293b1568b8b1b0b81abd7a10515b,delivered,2017-08-03 22:54:04,2017-08-05 03:03:38,2017-08-07 18:35:58,2017-08-15 17:03:25,2017-08-23,59f5db6a907a5c4ecfd9934ea6e10127,2017-08-03
ef9acc58a8568fd70de79c65656eaa13,91f6c16b262e52de40dfd085259fd921,delivered,2018-02-18 09:27:41,2018-02-18 10:30:27,2018-02-19 23:12:08,2018-03-06 20:22:03,2018-03-20,5a646720850c2b41e90176e558ee2ca9,2018-02-18
77543b2e8e994aa61c15ac854bc7a7d8,178c86cf288290286cab5a70b0ca98eb,delivered,2018-04-01 19:11:01,2018-04-01 19:50:10,2018-04-04 02:28:40,2018-04-09 19:28:26,2018-04-18,0b65eda4e79ea89a005c082b5ffa392a,2018-04-01
ca99d0db69566c10a85c187406e20b76,1e7989c434504343a913116ac6f213d2,delivered,2017-09-12 17:47:51,2017-09-15 16:35:23,2017-09-19 22:48:50,2017-09-28 19:13:54,2017-10-05,ce1d0876b7b07d81384324cb64261d5f,2017-09-12
40c0445d738d244eae8975a8bbd2aefc,ee7efab90703aa7d4932a44c1dfd6baf,delivered,2018-04-10 11:35:06,2018-04-11 08:50:44,2018-04-12 17:38:29,2018-04-18 16:14:47,2018-05-08,5f00de40d47d4d43bf38f0b34f7e694b,2018-04-10
285d05509f58145ec6c82cc3407ee55b,4c47d9f33156a83d4daefc9efb32b2c4,delivered,2017-07-30 17:54:39,2017-07-30 18:10:15,2017-08-01 13:05:59,2017-08-02 15:37:55,2017-08-16,e15301f428e7f3779db3030d2b9dcd19,2017-07-30
f89c0e084b599b404715e19ea6c7d239,4bf45d157a7514d3284698a3d9df76f0,delivered,2017-12-29 20:45:21,2017-12-29 20:53:21,2018-01-03 23:21:45,2018-01-11 17:48:54,2018-01-24,7e28ad57ee5582553ec32fda809372e4,2017-12-29
b355f6e4f3e1a61e94e4448e62f928d8,2bcd0e979cd0725c0109bd870712d341,delivered,2018-01-06 17:00:57,2018-01-09 07:21:13,2018-01-10 14:44:19,2018-01-17 15:10:15,2018-02-07,f17169fc46e5d11b668fbee3a458a0de,2018-01-06
db4e3bec0b52410d044c3f9d6bd6f804,836507d096fb2a93e1ecd7fcc252998e,delivered,2018-06-18 22:43:08,2018-06-18 23:16:30,2018-06-19 10:01:00,2018-06-25 19:03:55,2018-07-23,99b6693d3aca6d5a54d8b72529e2e58f,2018-06-18
b9301fa4912e6d5f755e12b4986c5f84,75c435ed38ebed76da849c31086b8ebc,delivered,2017-03-19 22:22:20,2017-03-19 22:22:20,2017-03-20 10:14:17,2017-03-28 12:48:41,2017-04-10,2a440c0fe541cbd4de1598483d527dc3,2017-03-19
42d0002972df88f19a3f50373ac74582,a36b45006c39fb0b8eb78a3eb4d84a85,delivered,2018-01-15 14:18:00,2018-01-15 14:30:06,2018-01-15 22:18:10,2018-01-26 18:07:36,2018-02-08,ebac00602a39bb5c898d369e323c854b,2018-01-15
7f6bab6f94c44a7f4ffb9377bc3b82fa,4e373f238aef45be21c28bc5a50b017f,delivered,2018-02-19 01:49:59,2018-02-20 07:27:25,2018-02-26 19:10:11,2018-03-13 15:16:53,2018-03-15,5c5a99e5ef172fbf5fc8a68e6bb2e0ab,2018-02-19
2f53a7c846aa70472520bd18b081ebbb,6b80d613d3378576251d9ec0e13eedc1,delivered,2017-09-11 10:11:09,2017-09-12 10:15:24,2017-09-12 20:18:35,2017-09-20 18:12:41,2017-10-02,a0795e3e219e3081be7f7a19662daaf0,2017-09-11
6b19ed3e3704877d971c65cc687f27e9,400b469da96af517eb65220561f3c325,delivered,2017-12-07 10:14:08,2017-12-07 10:30:22,2017-12-08 21:52:22,2017-12-17 14:44:39,2018-01-05,6d72ee867d611dfcfa47c536d6295e22,2017-12-07
6061ccaeb9b3f4fd4b9a3eb220d1a3aa,47906d6921c01d43565d5756204d2d4b,delivered,2017-08-15 07:22:10,2017-08-15 07:35:13,2017-08-17 20:07:45,2017-08-24 16:46:17,2017-09-06,2d683175f87cac4abc5edf10a10b2e8a,2017-08-15
7524b4a4e4f4bc62cbc028b40f1e7445,a4b74254711f52eb7a9ee2c34b1ae99e,delivered,2017-03-01 19:49:15,2017-03-01 20:01:57,2017-03-06 08:56:53,2017-03-14 10:32:46,2017-04-05,7bdcd4b07455186eb8719a23703e9d72,2017-03-01
9251da16758bc1fad7142e2c6b9bf4eb,60f8b5f37d4c039bba63e8e25b1fa1a2,delivered,2017-11-29 11:13:29,2017-11-29 11:37:09,2017-11-30 09:36:53,2017-12-06 18:58:48,2017-12-22,7a05e5b6613bc3bf1952a7aa8542a05b,2017-11-29
b42e0c99c693f666761672bdf283eefa,9ae1518455367fde01acd123148f75a9,delivered,2018-04-24 17:12:09,2018-04-26 04:10:56,2018-04-26 13:54:00,2018-05-08 16:44:40,2018-05-21,f22da779a017ed42f2c4e03862584885,2018-04-24
91c7c6fab7c4a2d5f68547dfda573166,9ca34f9d35777f9b0202e7128f694c95,delivered,2017-06-14 16:01:14,2017-06-17 03:42:56,2017-06-19 13:44:33,2017-06-30 16:07:52,2017-07-11,5d29bfddb5b180b9e7e4e28628829d19,2017-06-14
aca33246293a698b982644421ce2170c,7f1a08e2635252e5e256726471ef63ad,delivered,2018-04-18 16:07:34,2018-04-19 16:31:41,2018-04-20 18:48:45,2018-05-03 16:28:59,2018-05-15,93eeb8745a219d35b7e32d796528b681,2018-04-18
300542e713279c59c9741f77d049f567,8e66c07dec133ee37abc193e8c8fd088,delivered,2018-08-04 09:39:55,2018-08-04 09:50:22,2018-08-10 14:42:00,2018-08-13 23:32:54,2018-08-10,c50c256e1dabdbce41215632e2e98cc7,2018-08-04
e53f0cfe74143e4d79c05a2df7e80411,a8675865694fa23d42e8e3889f5763c0,delivered,2017-10-05 22:31:44,2017-10-05 22:49:18,2017-10-09 21:07:47,2017-10-18 18:51:32,2017-11-01,dcfbc32ae520bb179c3dd7a85d305452,2017-10-05
32a854aa037f2b66f8172754fccfddbc,f85e176b3821b59f163c55da8a16fcfb,delivered,2017-12-07 20:57:07,2017-12-07 21:10:43,2017-12-14 14:52:22,2018-01-04 21:47:46,2018-01-04,95834cf255d8c39ea415b7e35272ca13,2017-12-07
a6e12986cb485690d7bd8c97809e76f9,67c3fd42f958750063b6815fe700c309,delivered,2017-12-19 11:42:16,2017-12-19 11:54:46,2017-12-20 20:09:47,2017-12-21 17:18:38,2018-01-10,a58244ef7d22d3ee4ead98be7381299d,2017-12-19
6f7e43972ed0a7fdbf29edf7cde6d2ad,2644be6912720bf7314f452232e81705,delivered,2018-08-09 00:29:23,2018-08-10 03:10:18,2018-08-10 15:19:00,2018-08-15 16:08:49,2018-08-23,dd3db93b3fe6d31e299a999bd77d9866,2018-08-09
369096250e5b27d687c9435d577ab29c,542c3d356022131cf2dec11c24abba30,delivered,2017-12-26 22:14:20,2017-12-26 22:32:33,2017-12-27 20:27:05,2018-01-04 22:06:37,2018-01-19,cfb025f193db116549c9c23e4d58e3e3,2017-12-26
638913622370c1dfea90659077bd5375,91159f9cd99ac36508b2dcf3a92abf71,delivered,2018-07-31 11:33:56,2018-08-01 16:31:34,2018-07-31 14:56:00,2018-08-01 20:24:36,2018-08-03,ae85882125a65f2ec171d10c893d9b05,2018-07-31
80cc641291fcdf79b31212ddd7b175c9,752fc8ad216fa89878b909a7e00a1dfa,processing,2017-12-12 12:33:27,2017-12-12 12:49:00,,,2018-01-05,ef9e69bcadf13b8ad8bbf84799979b72,2017-12-12
74dd410abd613e48dcee781aeb269181,9a13b7fa2df5ec634cb5976199715799,delivered,2017-10-05 14:23:31,2017-10-05 14:49:26,2017-10-16 21:35:34,2017-10-21 12:15:22,2017-11-06,1d52984a4abce39e4c2e04426de82f4f,2017-10-05
b70adb5e7bfcd96be02825033008d23a,423e21d6cc95fea4f2e540a2e0c8b6e4,delivered,2017-09-15 15:06:28,2017-09-16 03:04:16,2017-09-20 22:18:36,2017-09-27 13:33:24,2017-10-04,591936589c89da64f84b37da07fd21e9,2017-09-15
f32430cf068c4689e9ca4c0d46ea04a3,618815ca1867ab9a2ca1625e2a2ce97b,delivered,2018-03-22 20:34:35,2018-03-22 20:47:09,2018-03-26 18:47:36,2018-03-29 16:41:27,2018-04-10,4f862d03860982b29d39cf68ed8a9d08,2018-03-22
c614e300e4fa56844ccf198d05fc3da8,5529306c8d488c130a5262f4ec3eaa22,delivered,2017-10-24 13:27:33,2017-10-24 13:35:21,2017-10-24 19:53:54,2017-10-27 19:53:34,2017-11-10,7b0b8bef25b474b2789e54e75698e158,2017-10-24
342505ef4323f0572eda009be6080f6c,8ec1bda3f9fef32836852019c97f58e4,unavailable,2017-09-11 18:49:07,2017-09-11 19:05:09,,,2017-09-21,c37849bc1927eb72fd439c7f28c38be6,2017-09-11
a1154a5da8429ac3461d448de5bc11c9,35807456295f80cbc6491f27cee2ccb8,delivered,2017-05-18 12:32:57,2017-05-18 13:10:22,2017-05-22 09:43:38,2017-05-25 12:26:49,2017-06-09,12882d8fdcf1d98bf3b3ca375438a339,2017-05-18
d5bf932dc17620661df0eda27c8fa1f1,ccbf0a0971182805a8c2ea16cc185544,delivered,2017-02-14 19:20:48,2017-02-14 19:30:20,2017-02-17 12:57:32,2017-03-01 14:13:10,2017-03-13,bf0dc73305b8c34b3a3961444b7ab411,2017-02-14
edc852e0d271566f7923b10c089c30ec,d9997dbfa04861886b1cc4187d51e370,delivered,2018-08-06 09:22:25,2018-08-07 16:05:22,2018-08-08 13:55:00,2018-08-13 17:41:49,2018-09-03,a22aca4889f1d5b235c42b40b059f78e,2018-08-06
21ca56b276a6b8d082a1261f33786085,46898c46b3a1f1a811de916fb77e5659,delivered,2017-12-13 15:11:03,2017-12-13 15:19:27,2017-12-20 17:43:13,2017-12-29 15:49:02,2018-01-10,b06f1e8e724f73b85d691ea983119c41,2017-12-13
827ae2d7b97c04f655e43e23aee5211e,77bcab6dd4a3f32f074693436c534da6,delivered,2018-07-28 20:00:14,2018-07-29 19:55:20,2018-07-30 15:11:00,2018-07-31 19:03:30,2018-08-08,76e65678e8bbb313461fb19a6d2c97ee,2018-07-28
13c8da80a4b1a89a063dee494d324423,764b644da47fd5bb41b7d78590cffaa6,delivered,2017-02-05 19:34:51,2017-02-07 04:05:22,2017-02-07 11:40:07,2017-02-17 11:18:30,2017-03-03,edb02b1c1d841706083765e2c524fd01,2017-02-05
f5bbdd05dbb39401798ee5b4aabe5532,43405cf6cb7dbd41afb6a0388d778002,delivered,2017-07-08 17:54:33,2017-07-08 18:10:17,2017-07-10 18:06:39,2017-07-17 21:03:16,2017-07-28,e3ca850c821757ca04d4928a4cbe964c,2017-07-08
34f8407f7b8a9e33a001e63eb8d08545,4e94ebb4f79f5522b85cddafc8bf9b65,delivered,2018-04-19 13:53:59,2018-04-19 14:12:54,2018-04-20 19:28:40,2018-05-04 19:04:01,2018-05-16,5ccd1f0926deff5a964087d56a754c35,2018-04-19
d9952ada4955694cae66806b7d5ac6ca,ee2de94f683ada4fc7ff42ddc0482a08,delivered,2018-07-20 18:47:18,2018-07-20 18:55:21,2018-08-01 14:34:00,2018-08-02 16:52:11,2018-08-06,4b349b23d13779e2b43625e1b661615b,2018-07-20
ab3ef8ca43844d05e39ad47fc0bba7af,4594311947cb2c4c6d8cc8ec74659065,delivered,2017-12-14 22:10:49,2017-12-16 02:51:34,2017-12-19 15:34:05,2017-12-27 01:37:56,2018-01-09,711066a7bba9951b1da0ce0f4302af23,2017-12-14
17fcc69aad66a8975f5e3e7c4e5928ec,21487d24e265cdb51994d8879484f7d6,delivered,2018-01-13 18:53:47,2018-01-13 19:10:05,2018-01-16 01:19:03,2018-01-18 21:14:24,2018-02-09,c4b92fa23f5aeca36f95b092973eb355,2018-01-13
f3f19665e7205700de2a40ff56bf2d28,5cabe5b79e91df0b1cc680c581de5b8a,delivered,2018-08-22 13:59:28,2018-08-22 14:15:13,2018-08-23 14:35:00,2018-08-25 14:18:06,2018-08-27,ad7fda75731aed4991eb80d939db8115,2018-08-22
ed01b0d507054bcaacdbc689704d3eb5,ba18bcec3e58edfc6e8d62161a020688,delivered,2017-07-31 14:37:26,2017-07-31 14:50:24,2017-08-01 20:24:37,2017-08-10 19:02:55,2017-08-24,e39fea25ccd036e705a9097b77744381,2017-07-31
c0ee5f2d4262c6c761676c64b025d074,5a5c7d5ad6d7d8393634a4221c900b69,delivered,2018-03-17 14:37:01,2018-03-17 14:50:25,2018-03-19 19:50:57,2018-04-02 23:12:42,2018-04-05,1f4d4a815f48fce596126d67654f8e49,2018-03-17
805eeb3298b184f196431dd54519edf4,916e8f4ac4615c215a6ab0423014e242,delivered,2018-06-01 22:38:26,2018-06-05 04:12:48,2018-06-05 14:06:00,2018-06-13 19:34:37,2018-07-04,0bd8a65222c471ae70ee84c84517233b,2018-06-01
2e39f907d4dd92ec91f6a98ea094e68f,3a521e8379dca62886b0a19623de3d8b,delivered,2017-03-20 22:34:04,2017-03-20 22:34:04,2017-03-21 15:15:18,2017-03-27 12:33:09,2017-04-12,9620e26af0dfec5a16a52cd2afa81717,2017-03-20
30c3c6388d83af1e5d2919082f177a66,b46989bc8ae3f4c80f08e9117a3f3d5b,delivered,2018-08-06 17:38:40,2018-08-06 17:50:28,2018-08-08 11:04:00,2018-08-13 18:35:00,2018-08-16,b8d9b1b15ca56677760055d06f10a796,2018-08-06
e35f0336aa72b7e4c72417d79c385960,a500f3b8a00058b3e300716c59d7ad99,delivered,2018-04-02 11:59:40,2018-04-02 12:10:18,2018-04-04 22:22:15,2018-04-06 21:42:00,2018-04-18,77411b182ddd816c6def74b56e537a48,2018-04-02
210be0ac0c8d9589654333e9370c6480,f84ec948b39eb0b4c9968d5e4ffe36a0,delivered,2018-04-23 13:24:14,2018-04-24 18:34:11,2018-04-27 09:47:00,2018-05-03 20:22:54,2018-05-14,35abcd93c3048cc4827af183b1cc3b03,2018-04-23
adcd620aef763e5d4a548a49f6ec5b8d,4870ee16064b5adfdb90c79ad9a2c216,delivered,2018-08-03 13:35:22,2018-08-03 13:45:23,2018-08-03 15:58:00,2018-08-10 04:55:43,2018-08-17,9155b49cef29f734a84e3590cf53744a,2018-08-03
c87482c77931bd39e99e46dd2a7013d2,8e143bd17293b4a7d8ad77b56995d8f3,delivered,2018-05-05 11:05:51,2018-05-05 11:15:14,2018-05-08 12:46:00,2018-05-10 01:33:15,2018-05-28,c4128ac54f10eb8d7cd099250d5d62d3,2018-05-05
3b7800a3b0523ee2ecef278097a83f1b,d8625cba80cf33402e6f516637f5717e,delivered,2017-11-25 17:36:18,2017-11-25 17:53:19,2017-12-04 18:42:04,2017-12-18 17:12:52,2017-12-18,d7bd53ba01362007c81eecf88132db1e,2017-11-25
64ae8cf0e642cc174881a66391200acc,2dd4ec81ccf99ecfa406cfb755e5ef35,delivered,2017-11-24 15:02:17,2017-11-24 17:13:52,2017-11-28 18:38:21,2017-12-17 18:08:04,2017-12-14,7faedfe7b19e29fa030059021df2a1a1,2017-11-24
ae6b64ec83bef670aea816ed1fd2857b,10629d24a28802b8beb2f7f1c6626c5e,delivered,2018-01-23 14:17:56,2018-01-24 02:34:57,2018-01-24 22:05:30,2018-02-06 16:35:16,2018-02-23,46fc5e2010cad46398d65cee28bd6207,2018-01-23
31030688bc36fe767e310ec81b02c80d,d1a456126557b5109218a9e91035eb01,delivered,2018-08-12 15:17:26,2018-08-12 15:30:22,2018-08-14 13:58:00,2018-08-15 18:46:47,2018-08-23,22f40e2ad166e2b438ed6b61c9bd6cc3,2018-08-12
ba21f24f06b977e43ce37b317a6974f6,83c0fabff1a73b2196b69250cfbc1f20,delivered,2017-09-16 10:07:01,2017-09-16 10:15:22,2017-09-18 18:02:51,2017-09-20 20:48:47,2017-10-04,4aea11b9f843ccf1562ad335ca256525,2017-09-16
d3cdfc22695162794fdd8eb40c15fcab,801c36afa9f92d28f87c2ef78df18219,delivered,2017-11-20 15:37:10,2017-11-20 15:49:32,2017-11-21 19:29:24,2017-12-02 16:05:12,2017-12-13,9fce80af3da5a57c44f32ccc0abc5ba0,2017-11-20
429ac14af69a71d769fea6b8aa217fbe,5b0ae9e7f015176aab8cf98d22cac483,delivered,2018-01-07 23:14:55,2018-01-07 23:27:34,2018-01-09 23:33:41,2018-01-10 12:34:06,2018-01-24,989dc924134fc2704f3853afc960b51f,2018-01-07
47fa6cef6180f216b6beddc92ce718c3,b6bc5ea5701a6d5186736c6f1f0d92c6,delivered,2017-07-28 15:18:37,2017-07-28 15:35:10,2017-08-07 19:12:29,2017-08-14 19:18:06,2017-08-25,0773c75b1e8a2d0338672615e3283064,2017-07-28
f50dd7453d8819adca486dc81e735009,42e65d440b817c99435b037092a6dc1c,delivered,2018-02-04 21:31:50,2018-02-04 21:50:08,2018-02-07 19:12:41,2018-02-20 16:28:54,2018-03-06,c4217f1ec537f02f59735c9aa168c833,2018-02-04
fc0b3be9d66d6db8d306c15407ece0d7,18216abe719d24c5faf04c82abdf5e31,delivered,2018-06-16 20:45:44,2018-06-18 09:13:51,2018-06-18 13:17:00,2018-06-28 21:12:50,2018-07-17,1159db37e256a4e27f777ebd08b4da05,2018-06-16
0474da9403011efc4abd2bf594e9b68b,dcce3df038a0a13e25b904159c902a96,delivered,2018-08-08 13:18:36,2018-08-08 13:30:15,2018-08-08 12:19:00,2018-08-13 22:10:52,2018-08-29,613b9f6c5dc2b333c2d6574713398729,2018-08-08
66fa22325222866162cfcbdc2841bab9,60aa677f9f9260cf5b5cc30bc921358f,delivered,2018-08-05 11:45:38,2018-08-05 11:55:12,2018-08-06 14:51:00,2018-08-07 23:24:32,2018-08-09,a069914e4670f00ee7d2e9d70584d1f7,2018-08-05
97e39cfbbb930126e3f1c1a2048d649a,4a0df9c15b8f3bfb01a85c7f15a5ce7d,delivered,2018-03-16 09:53:50,2018-03-16 10:24:43,2018-03-16 19:08:50,2018-03-27 20:03:21,2018-04-06,2b2d91ebbd89a09f9ba793a0e835eaa9,2018-03-16
53a6bae29048a94e0be1a98ee5a2414a,0ac70273f5c48c825a5af97661eee95b,delivered,2017-12-08 20:09:00,2017-12-11 13:54:20,2017-12-13 14:15:33,2017-12-26 23:03:32,2018-01-08,11cb441c8f7c79bf037f3d5a438faf6a,2017-12-08
371144639291ca32d97aa87af7ef134e,2f74942064f74e8ca891d7db50ff815b,delivered,2018-05-01 21:18:44,2018-05-01 21:35:54,2018-05-03 11:53:00,2018-05-07 19:38:38,2018-05-30,61b1cf555fffb6c8845d81e8aa44f7e5,2018-05-01
2e262f84377397dbc00ac6781ccc1c8b,b74dfd116a5b4a0eaf8b92641a5a139d,delivered,2018-07-25 21:21:12,2018-07-26 03:10:26,2018-07-30 14:08:00,2018-08-01 18:12:16,2018-08-03,ae00eb90b34f0bee0b8084c6a22b6fe6,2018-07-25
a2637131fb3a0082e4d7e750a4fe484a,2d0f7432570aed0b9ea49f389569482a,delivered,2018-05-02 19:24:33,2018-05-02 20:24:39,2018-05-08 14:02:00,2018-05-10 21:04:22,2018-05-22,0fdb7af80b0cfbb2008de275294f8e00,2018-05-02
4c64f4f7a59f7092060cce91b033d7a9,5174e3dad6d593069f1fa575d9310e6d,delivered,2018-07-24 19:52:02,2018-07-26 05:35:14,2018-07-26 15:31:00,2018-07-30 14:58:34,2018-08-13,7995500ad11496d8d7686bf3381d3f86,2018-07-24
f6415e11dbe7872c1a44b5a4d3cae947,76f65d286fdf5dd58ebf47c7f65c9b81,delivered,2018-02-28 16:31:10,2018-02-28 16:51:30,2018-03-07 00:18:27,2018-03-07 18:10:19,2018-03-13,ba69281c43768e80b5a5c69e6e6d0882,2018-02-28
ffb73c3b138a51d4c3a2b7f60c5f5de7,bff39a48b2e4ac7d5b658500fbc79aeb,delivered,2018-02-05 22:16:45,2018-02-05 22:30:31,2018-02-06 18:08:30,2018-02-07 16:21:43,2018-02-23,33fdeabddd92ee421da7c898239c3080,2018-02-05
a2195cafb7379fd5abe516cac08e7fdd,d96afed479ace565925e0b432901f8e0,delivered,2018-02-23 10:29:24,2018-02-23 10:49:35,2018-02-27 16:33:16,2018-03-09 17:29:30,2018-03-20,fd49976b214f42a1009262689c3f5d5f,2018-02-23
860455aa7b45766b3d33b051cebc6e27,efbc3a1137c497705f0615f57e253f32,canceled,2017-05-14 21:16:54,2017-05-16 03:30:32,,,2017-06-02,8cfc5350efe3bce6a0d6f96fbaf2c3b4,2017-05-14
7a80e1aeb92fb6ae503ebc33c85e23dc,a089b2bc903a8628095c330985e9ed58,delivered,2018-01-12 19:39:50,2018-01-12 19:49:27,2018-01-16 17:35:03,2018-01-19 22:32:54,2018-02-02,74e1969374960636e16535249ad6ef44,2018-01-12
224ec929ecdaa7563512572447c65d02,d75e4f8cce76867c2c1c1e9b6961894e,delivered,2018-04-02 05:02:57,2018-04-03 05:35:08,2018-04-05 00:21:49,2018-04-06 01:20:48,2018-04-12,1b46cbd3b96de421b80ebf96c56093b4,2018-04-02
6029993caca02acb59d23ffc0f88604c,a96f1353d402e430810a0e6242a36083,delivered,2018-03-04 13:25:55,2018-03-05 10:09:42,2018-03-06 22:19:09,2018-04-04 01:15:50,2018-03-27,379634bbb8d01b2b2c91db9cfc4655e0,2018-03-04
9934c4532c0567cd2210f7fd9041bcb7,efbf2ed09046e731a78937eff84b3c04,delivered,2018-05-22 09:31:06,2018-05-22 16:58:26,2018-05-23 12:30:00,2018-06-04 13:05:50,2018-06-07,470a8f2e1dc7b277e4625f23039c6f84,2018-05-22
0726665518da3a4e1b9efff4de0089fc,0a663660b4e386d4cdc7f69376912e1e,delivered,2017-06-01 10:41:56,2017-06-01 10:55:14,2017-06-02 11:54:49,2017-06-06 14:17:30,2017-06-14,092d9a82f879163bc21cc66a73145b96,2017-06-01
bd18cc55469db99cfb36886d68bb3791,0bc6abbafdd2f89eb203507e7f1fc11d,delivered,2018-06-03 14:28:31,2018-06-03 14:50:01,2018-06-04 11:01:00,2018-06-06 00:32:51,2018-06-28,15721972ad68d86dbceffb155220c7ad,2018-06-03
2d7aa84a54a8c03cbfbb2cfd8ae0307d,4f8516b15cc479017fc06b893d7ecc70,delivered,2018-06-08 09:39:44,2018-06-08 09:55:59,2018-06-08 13:22:00,2018-06-23 01:58:23,2018-07-24,e4285cf00321e1c545e09f60be305930,2018-06-08
5d813e90f3a2dcc17b05e3f7fb2d4ce6,3a7ee02ff6c9374344b9a60592bb1648,delivered,2018-05-07 13:08:51,2018-05-07 16:52:25,2018-05-09 15:48:00,2018-05-16 15:13:07,2018-06-12,29530dc2fd5289e262b16f56ee3c9869,2018-05-07
de4887366c9ddf1dd93719769e1bc533,b5b0ed31ff924e46f8566027d9d2d62f,delivered,2017-08-22 20:12:44,2017-08-22 20:30:13,2017-08-25 19:56:28,2017-09-04 20:21:56,2017-09-14,b2664990a1ac9e250d98ff5c615c3276,2017-08-22
9cbbfeb4725fc1144efeb735c4444b91,0fec892bc0786b8aa341a872832a1714,delivered,2017-12-13 14:22:01,2017-12-13 14:28:20,2017-12-14 23:22:53,2017-12-28 17:53:29,2018-01-12,20669a124d0efa91eedbe8262aac658e,2017-12-13
1cb3c680ddf904752646028ee22073a4,791b43e8ebbd6abf0ad946fe9f2e1cac,delivered,2018-07-27 14:08:38,2018-07-27 14:24:04,2018-07-27 14:08:00,2018-08-02 18:56:47,2018-08-07,68fefc63c7f4712e422886b114d20241,2018-07-27
4c2e1a95586c815795a324d1599e7b5a,8b0eac582a0bda6bbafd79b1df45cbd7,delivered,2017-07-23 17:46:49,2017-07-24 17:55:06,2017-07-25 22:56:26,2017-08-07 18:12:51,2017-08-15,9cd31aa2388af9525780c2e1c3ad4ff7,2017-07-23
b6e796ad8c9c44fcd24f94d0068f4868,45379ae4fd8150c2bfa681a96cd30aea,delivered,2017-03-30 19:41:40,2017-04-04 05:50:29,2017-04-06 14:22:05,2017-04-17 10:32:58,2017-05-04,6e279371383dfb449436fd7edd27e803,2017-03-30
4e8ddb71f9d7cc7452a7005c2a459212,b49e004cb84fe0bff90c000396b266b4,delivered,2018-04-14 20:53:06,2018-04-14 21:12:41,2018-04-17 14:59:43,2018-04-18 23:31:55,2018-04-26,8a6669c670e8a115def21587036dba30,2018-04-14
4d34da0824213ee7962a5c5ed32b3f51,a428b29ed08b54ee2ba2c4f06f1a0172,delivered,2018-02-10 17:01:48,2018-02-10 18:00:23,2018-02-14 18:46:38,2018-02-19 10:33:05,2018-02-26,bdfd71dfee6faa67122cc7cdbc14d9f7,2018-02-10
97442cfe43e743b8e7dc64c6e143a84c,da0e2c91d3c568fff9fd6ca1ba34d640,delivered,2018-06-13 08:01:04,2018-06-13 08:20:09,2018-06-13 09:51:00,2018-06-21 19:38:22,2018-07-12,494c139d5f8415bb8e1acf9909f4b68c,2018-06-13
6bfefd597dae9bcdc38e087a154ab6e5,c0fd6186a94fc6fe13f085e45a2b5045,delivered,2018-04-25 21:55:09,2018-04-25 22:10:23,2018-04-27 12:56:00,2018-05-08 15:45:39,2018-05-18,5b4270eb80fe2d60cde8289dc6a20fe4,2018-04-25
6be4d7e8b8ba138c6ebae6bba4d14fc5,9b3a1839ff915bd1c62f01725598acca,delivered,2017-05-11 10:01:43,2017-05-11 10:15:18,2017-05-12 09:58:01,2017-05-18 16:44:54,2017-05-31,3d6cba2464a5a92a342347462aa89b6e,2017-05-11
4aa0af6a36b380f42a173210f1d15a1e,165cb6d8c168e1f6146f823bb91b2b54,delivered,2017-10-19 16:21:34,2017-10-19 16:35:33,2017-10-20 19:08:12,2017-10-27 12:36:13,2017-11-10,7677f9cc63a115549811ab121f34801e,2017-10-19
bbc45552d5a935c8786792578b3828b2,b76637cd3591c558ba3f6be59f0dd883,delivered,2018-08-09 19:54:54,2018-08-10 03:24:52,2018-08-10 11:21:00,2018-08-23 19:28:31,2018-08-29,5d1fde9eb27149c695624f8bb84cf6f7,2018-08-09
c66cf9c88601c897e706cabe3459bd0a,b4234ce59b6fedee1f4ca1e8aac13c15,delivered,2017-08-21 20:19:54,2017-08-21 20:32:25,2017-08-22 17:37:38,2017-08-23 16:27:57,2017-09-11,851d1bac980a93f46299fe299693266f,2017-08-21
115abcb04c714f37dea22d04e52f35cd,4fd717f8365e738dcca2baa0ff70a52d,delivered,2017-12-05 02:47:05,2017-12-07 03:13:08,2017-12-07 17:19:21,2017-12-15 23:57:34,2018-01-05,990d8ee178bf5e1724e920166ded0c64,2017-12-05
7b93e2f7db1b7cf907cffcfc02ce5455,2118fc52c8116d7f5a78b433f7bce745,delivered,2018-03-27 16:35:03,2018-03-27 16:51:02,2018-03-29 16:22:08,2018-04-18 17:38:50,2018-04-20,d2e9268cfe35e9c09c944ba440197107,2018-03-27
0c7207c23f4eb8c3b374c9b6f11d75b7,4d3280f2dbfc1d6b631448e986a0123d,delivered,2018-04-24 13:24:39,2018-04-24 17:32:03,2018-04-27 13:12:00,2018-05-16 21:56:26,2018-05-28,57ec113f18471789b4c412b02c34368c,2018-04-24
ab9524b08e09e4acde1a3f40b8228870,4eb5b79155c67869cb04c77b1541d6eb,delivered,2017-07-02 11:57:40,2017-07-02 12:10:15,2017-07-04 11:37:53,2017-07-11 17:51:39,2017-07-27,1b5b7eced3f241ded2a1eee965d649cf,2017-07-02
db88b6343641816263ce1df8c1ad1b2a,bfc3b18138f9f8875f3cb6d9f8202ed0,delivered,2017-10-10 23:13:16,2017-10-12 02:19:35,2017-10-16 22:23:58,2017-10-20 18:18:01,2017-10-30,eb34fb8ca71153273b4beadf0f04111a,2017-10-10
c2cd5bc346758b7a8259cc0d1f974824,f543e04fc0dd9c985863befe82722430,delivered,2018-05-11 15:21:35,2018-05-12 15:41:53,2018-05-14 14:08:00,2018-05-17 18:22:34,2018-05-30,2fe6abfe94e2959973382789b28a48f7,2018-05-11
d429103c6be912be69781fae58d4a76c,7dabb04a1e7a98eb986090f03515408d,delivered,2018-04-23 09:22:26,2018-04-24 17:24:07,2018-04-23 21:32:25,2018-04-25 22:13:52,2018-05-07,179894ad51e5c809506d75aff5e3706a,2018-04-23
0d5e27935dad336ff3d5962a73b30f2d,70612c268ba10cb7aa25bad5766dbafe,delivered,2018-03-24 15:01:08,2018-03-24 15:15:23,2018-03-27 18:27:38,2018-04-23 20:07:50,2018-04-19,60f0e8e07eb44ce41befa83b8379ac1d,2018-03-24
f2a46475bee862205dc161014bfce25d,d1d5dcf45fa56a44cb0fbf2d99ba6418,delivered,2018-01-13 11:30:43,2018-01-16 03:35:35,2018-01-16 20:14:52,2018-01-23 18:13:11,2018-02-07,9d84f87261e1d07ded1efa766050ac4a,2018-01-13
e032067cbea43b5e3d9a4c1ebec40f3d,3c10e28136c7245b59aacf777a4e1e47,delivered,2017-12-08 21:58:05,2017-12-12 03:58:21,2017-12-14 11:48:38,2018-01-19 00:59:40,2018-01-09,08a8d626786505baa9ec97ea10c7d71a,2017-12-08
d45a607d52fb19d5403aea4da8c702a0,213ade63ccbbf3f5db55a254ea8a96d6,delivered,2017-05-02 21:24:03,2017-05-04 02:50:39,2017-05-11 10:48:00,2017-05-17 13:13:52,2017-05-25,29a8abb3c40ac7c4b9f0c0d164caca94,2017-05-02
1196240b71cd166c2b75a3a0c9ded394,310e750a3574d84c0221e3e9e1a3b304,delivered,2017-09-02 18:52:25,2017-09-02 19:10:12,2017-09-05 13:47:00,2017-09-12 18:21:35,2017-09-21,ab26754d1aaf8c2a5c807d3481894865,2017-09-02
99d3df1714b20b9eb9734e731927379a,89c9e4085217b358939bdfb269edc709,delivered,2016-10-08 23:46:06,2016-10-09 15:57:13,2016-10-13 15:57:14,2016-10-16 16:57:14,2016-12-02,36620f9fa97dadf4867e4e15e3488f48,2016-10-08
46c7c115d719ca780eebedf719fbd4e1,83cf611a2af4e118b43cf278a15fd5a6,delivered,2017-07-18 09:20:37,2017-07-18 09:30:23,2017-07-19 19:39:49,2017-07-21 17:43:35,2017-07-31,9d3bcdce836771257958e6c08ccfab06,2017-07-18
e5bcc19af03dc9c714d381752e9f724f,f96d464a252356cef8521a343c9ef266,delivered,2017-07-16 11:48:22,2017-07-17 11:55:20,2017-07-18 12:34:50,2017-08-28 14:18:03,2017-08-16,306c929fdf6528e70f50643d82b850ac,2017-07-16
6223137644b9e1da72b9876c3de86b39,11c94db3776634849fd8aad9e15f1ce7,delivered,2018-05-31 22:10:07,2018-05-31 22:32:25,2018-06-01 15:13:00,2018-06-09 09:56:28,2018-07-13,76965a0e548731a2827e1feb731f6821,2018-05-31
5a082b558a3798d3e36d93bfa8ca1eae,75dbcfb7a44bcf1199a9232679b45b10,delivered,2018-05-21 01:24:25,2018-05-21 01:37:54,2018-05-21 14:31:00,2018-06-07 17:16:41,2018-06-14,001a3a8e11d76c9a366c31a4aa2cc529,2018-05-21
37478cd0f9c2bb79fe9027f43f6e28c3,af34fed7ecd8d47bc98023d6f9330188,delivered,2017-05-31 14:07:36,2017-05-31 14:22:44,2017-06-01 14:10:21,2017-06-07 13:13:52,2017-06-22,6bff5803c1611ebd780deaca03241950,2017-05-31
b110523a5f9c69ad95bf8247062f0ba9,674b0ce80de37d32613f9337bc3a8f80,processing,2017-08-27 15:33:09,2017-08-29 20:44:20,,,2017-09-19,7e8c7a2149c68d53e1be3b05e3155296,2017-08-27
7936a41bf78b669273c75ddc50ab7e07,bc622ba5c1a6dd7bbda84d044b747b18,delivered,2018-02-12 19:18:16,2018-02-14 15:15:33,2018-02-15 18:17:55,2018-02-21 23:42:20,2018-03-09,ce1eebb0cce8513ab7cd0aad18c681b6,2018-02-12
1dd62cec8f15d977f5662ee87d9aae02,22797d6f64e1be43a8c1d0ba31221c7e,delivered,2017-05-04 23:00:33,2017-05-06 09:22:13,2017-05-10 09:33:15,2017-05-16 06:07:05,2017-06-07,a72af3fbddd7082b4d3754ff95915575,2017-05-04
125512e7d74d27bce62323fed7c24ed5,754d1a7c4d6d2fb5c184601c13080b0b,delivered,2018-02-06 10:48:40,2018-02-06 11:11:48,2018-02-08 00:52:22,2018-02-28 16:55:00,2018-03-06,00d890d6e36244f39e22a9fb95e68756,2018-02-06
e417011226af2bd3a4a21d51b2818e36,1df6b5cc0f5be2d7be5bb608075b1fb8,delivered,2017-08-03 17:53:37,2017-08-03 18:05:49,2017-08-04 18:57:59,2017-08-11 21:49:47,2017-08-25,31db02528216401f292fff0d18b8d71e,2017-08-03
0533573d16b0c12cc9a3f9f97f67111b,f9173fb8dc039cb6acfcc3a7a2fc49eb,delivered,2018-03-01 11:48:03,2018-03-01 12:10:19,2018-03-02 18:55:07,2018-03-05 17:18:36,2018-03-13,3e0dfaee8a7d40bae26d53d4995fc209,2018-03-01
6289102facc42d587c415f1ac8df5b2d,7a4b3b2a8d65d37fdfbc03846521c041,delivered,2018-03-19 19:50:09,2018-03-21 02:50:43,2018-03-21 21:37:41,2018-03-23 18:29:27,2018-04-05,8a3aeeb20af1af4f71c73fdb720b206c,2018-03-19
23cb4df42223720155bea8a496cfd0a1,8b49b977b6b9c7c5f5c231f11b0d019c,delivered,2017-10-11 13:41:45,2017-10-11 13:56:13,2017-10-13 18:12:11,2017-10-16 18:12:12,2017-10-27,a0426e3c236eaabb9174e78e8f3ec6f9,2017-10-11
e5fd5e805f5dc431020bf61dcf6f56ae,1ca5cd891f0d0367163d531a1c0c8664,delivered,2017-11-25 18:23:49,2017-11-25 18:35:30,2017-12-05 03:11:56,2018-01-05 12:27:35,2017-12-27,3d433abeedeb4e376bd2fa4b840df0a0,2017-11-25
c94380d457c5b733057185e23d14b4ed,3bb6fe6b4eb747875fd4976d6b37e8cc,delivered,2018-01-19 15:34:35,2018-01-23 03:37:47,2018-01-24 20:33:28,2018-01-29 18:13:08,2018-02-05,9d730871939ca4de00608749fdb43051,2018-01-19
62c57504fe094246c5feb3cbc8692aab,12217655416d9edb5594c7dc6597b85f,delivered,2017-12-12 22:58:00,2017-12-12 23:12:42,2017-12-13 21:28:46,2017-12-28 20:32:43,2018-01-12,215d7119ee04ba8fdd85407e222b90da,2017-12-12
032445a7ba9d6dc90dfc011a48e5c954,58c5a7e613f2142414070e137c7c7a6a,delivered,2017-07-21 22:37:42,2017-07-25 03:25:48,2017-07-25 19:43:56,2017-07-28 15:43:23,2017-08-10,5e314cabfdd901de8fd47c135e86ceb6,2017-07-21
e72fc60ec647819bf469466c94d296a9,fd8622c9fc0a00dc505ba474a4fe36cd,delivered,2017-11-24 07:34:32,2017-11-24 07:50:12,2017-11-24 19:28:28,2017-12-03 12:52:46,2017-12-21,67cd107b4d06e054de05e35cf4651fa9,2017-11-24
a43ab3ca4b7adf45f88bfd99b56816c5,952f08bb404a353d1dadda259fd0b8c4,delivered,2017-08-20 17:58:10,2017-08-20 18:10:14,2017-08-21 22:46:43,2017-09-05 20:13:24,2017-09-13,7600ca2c95259c9006ac7e75b0fe3bac,2017-08-20
6228b5ff5e2a9f1cc96101d4c6c08d10,5cec8085bb0230910a0a091f25e27df5,delivered,2018-05-11 20:25:19,2018-05-11 20:35:13,2018-05-14 14:42:00,2018-05-18 11:42:51,2018-06-07,6df09d94fdc9778210ca001e53325cff,2018-05-11
0b405b8ecc88bad4a3f2eee0fba1419f,cfe65a3ee75686d0ac417375b2d33d64,delivered,2017-05-29 10:20:53,2017-05-31 06:45:22,2017-06-02 05:44:51,2017-06-19 19:53:41,2017-07-03,b6ae19f87d8ffe88757aa202a1265973,2017-05-29
efd1e4f4a8dac1a7a89d72d8a683f6d9,6193fa614660cd7f70cb2f152e4c73a2,delivered,2018-03-07 10:45:40,2018-03-07 10:55:44,2018-03-09 00:16:30,2018-03-14 17:18:28,2018-03-23,0735a99476288eff0dc7582df42af8b7,2018-03-07
0877e8db9d779712c1c299b5bd8daa11,d5c98e2099bddd4681eef690abc896c2,delivered,2017-11-25 13:39:56,2017-11-25 13:50:26,2017-11-27 20:44:37,2017-12-18 20:41:38,2017-12-20,70fb0ed2f1a54b96f98763fc86199ef2,2017-11-25
2f83040c67a949dd65bb0c6489fab3b2,1de30f750d52014cba4852ebfff5902b,delivered,2018-05-30 14:49:26,2018-05-30 15:11:35,2018-06-04 13:26:00,2018-06-12 17:05:54,2018-07-03,7e57429e268e1cfd95578b77c797599e,2018-05-30
906f47e5cb0a80530bf2e789e6e6a0cd,c0c2bf66c5b4f939ddc5b00d504b6ebb,delivered,2018-06-11 14:57:36,2018-06-11 15:19:47,2018-06-12 13:08:00,2018-06-19 23:48:40,2018-06-28,2665614dba3f17c76aafc27613cd6361,2018-06-11
853e771895ed7d34e8b9ace34f0c13db,4d3c42ac14edea98a8a94543b7fcf595,delivered,2018-04-20 16:37:25,2018-04-24 18:16:40,2018-04-24 23:49:37,2018-05-04 22:22:52,2018-05-16,12536c8ccaf014ade4b2eba9ca47ad60,2018-04-20
94fdc3eaf8fde842c5e9caf6e0b82d11,fa3cfaab1954c94fa7e728c5f3aba9ce,delivered,2018-03-02 09:25:37,2018-03-02 09:35:27,2018-03-02 21:56:44,2018-04-03 13:51:07,2018-04-06,6cc49dacefbda29910f00542b05a0031,2018-03-02
b03b8a7f0fb5b76851c4ffaea6f82388,f7d9e7403edeeffd4b15cb6bdde704d8,delivered,2017-11-25 23:22:27,2017-11-25 23:33:41,2017-11-28 02:48:38,2017-12-15 00:22:07,2017-12-18,1e86f85c847ba1d29cf9c30fac52a78b,2017-11-25
32eaffe19143e699ac206f98725866cc,e03bc17a8f8e5c30862df338264f7a33,delivered,2017-06-03 20:50:25,2017-06-03 21:02:32,2017-06-06 14:34:40,2017-06-08 13:17:33,2017-06-26,0876a5ca1dc1c5800e5c017cb2d94ce7,2017-06-03
50bbd6f58e1641ea899a67a31871cc73,14dc046e2318c7abad8943aef8bb765f,delivered,2018-05-14 08:55:22,2018-05-16 03:33:54,2018-06-13 13:56:00,2018-06-18 18:18:28,2018-06-01,5400f306b4ccbfb62154912056de293e,2018-05-14
ca3462ab47c1f63763b386ff9376cc1a,a4bea9d0081e8ca8680b0a399e9dcb97,delivered,2017-06-19 10:48:59,2017-06-19 11:03:40,2017-06-19 20:52:32,2017-06-26 16:15:51,2017-07-07,f8558a80dd5bf6d527e7fd84c4819051,2017-06-19
aaa8a5ae0929b8960979af7f39d3e90b,ab517e9ddc05fcf09d5d8a19192a1b49,delivered,2018-03-06 13:47:16,2018-03-06 14:40:23,2018-03-07 20:36:49,2018-04-04 20:48:34,2018-03-23,3c2301c2d11b16f77bb953bccfb04825,2018-03-06
88d707d3bef4ca2fc83d34f2d899dea4,ba72c004d59d5ff2938572234ded865c,delivered,2018-08-04 16:22:05,2018-08-04 16:35:16,2018-08-09 14:24:00,2018-08-10 20:27:38,2018-08-13,c23625b050d7d34272be416aa7b89aea,2018-08-04
82f67231caceb165dadf21bcc8f0ee72,231aac24c44f6705d59a8538a8d3c2ea,delivered,2017-11-19 13:55:26,2017-11-19 14:10:28,2017-11-21 17:12:08,2017-11-23 22:38:29,2017-12-07,d5934b0667e768dbab7721e96a682fac,2017-11-19
4be80534fe74f207dfb35e7b895a91c5,4b2dd9562f03d5668e88afe0b1452697,delivered,2018-01-24 00:33:52,2018-01-24 00:39:25,2018-01-24 18:37:26,2018-01-31 21:06:54,2018-03-02,f2c0a7a8eb8678a86bee77aac4243714,2018-01-24
0473cdb86b1d6469287e484366a1a608,560cd84a537eca710953d516675b4274,delivered,2017-08-23 15:52:42,2017-08-23 16:07:33,2017-08-24 18:49:53,2017-09-01 21:47:51,2017-09-15,4a50538f55d9f8e0b2b54d1a49ad8d81,2017-08-23
dddb05d44cc0328777c8d87c479b3680,2dd40a5b6b9d31ba875454cee402c2e7,delivered,2018-05-02 18:59:47,2018-05-02 19:40:16,2018-05-03 15:37:00,2018-05-08 20:41:10,2018-05-25,f7920a4a0e17a3dc362e9b073591fd54,2018-05-02
fd28a6dfe413804d0b89b7c9abf5b1f3,e9598233464134a7e482b5d7b3b6377d,delivered,2018-06-19 13:09:39,2018-06-19 13:37:44,2018-06-19 19:02:00,2018-06-20 13:52:47,2018-07-04,1eae064dc3a9b6bf4a9c55e13e1b8939,2018-06-19
915a913fc05ab382dafb7776ea8c9580,42a99ab9bfd1b17172c9d6a31e4958c8,delivered,2017-11-26 18:28:51,2017-11-26 18:53:43,2017-11-27 21:45:06,2017-12-05 15:18:03,2017-12-29,0bd56a5b9bc807a333db5dc0602861ba,2017-11-26
fd33085945f15975375cd8ec85440511,8071c6018a4f75f2afd849a34708e3a0,delivered,2018-08-20 19:34:29,2018-08-20 19:50:41,2018-08-21 11:10:00,2018-08-25 15:08:29,2018-09-04,d0b614ed8a43dca2f98a7c093723809d,2018-08-20
f640183c8895bffdd9fbe37601bcdfdc,94c515bef144d64e9f9ffee71a396d15,delivered,2017-12-11 18:08:36,2017-12-12 03:39:32,2017-12-13 21:54:41,2017-12-18 23:41:54,2018-01-04,e544e542326f2acc4b811cad1de36d12,2017-12-11
f5be733557bb83f09c694272a7d21d74,5f9642eb58e82c00f37d9a8dc5d8a364,delivered,2018-05-17 14:13:49,2018-05-18 00:15:28,2018-05-18 14:44:00,2018-05-22 01:24:37,2018-05-28,393569406c1219e748884004ec64183f,2018-05-17
6dae4c54052a2dbf519b0ea3d1afefb2,919c6ef69a2748d733191979bd4709bb,delivered,2017-07-22 19:53:31,2017-07-22 20:05:42,2017-07-24 17:27:55,2017-07-31 18:34:35,2017-08-15,10effbd35211616a40d0dda1bcd8cfcd,2017-07-22
a0c3da7d3585f46a33508178a1c205c8,b269c8577df73e1a6385198208cb5ad7,delivered,2017-03-09 21:05:58,2017-03-09 21:05:58,2017-03-10 10:22:07,2017-03-17 14:07:50,2017-04-03,5fe4b4192db709c4b2be053fdc204a6b,2017-03-09
0aba00d509b25a0a90084c7137a8cec0,51c988b6ca0ffe2a720f93198d2ab51b,delivered,2018-06-02 21:53:08,2018-06-05 04:12:32,2018-06-06 15:43:00,2018-06-14 21:10:57,2018-07-11,0e657c4c9897bbd7b633be337ecfc4bd,2018-06-02
411ad6506babb93d082f022828272b13,cd7e2fdf038677df06db1ac2611375d9,delivered,2018-01-04 16:41:34,2018-01-04 17:32:02,2018-01-08 16:11:05,2018-01-12 23:28:47,2018-01-29,a7faf5fb2738f41ec7c03c2d814ce921,2018-01-04
4ca7011605c977cd69c1e1706625e98b,120e344115fc96baed2f4250646e8072,delivered,2018-03-26 15:27:43,2018-03-27 03:48:19,2018-03-29 21:23:39,2018-04-03 21:26:28,2018-04-09,ef561658ff44ece7300119b56879c6ae,2018-03-26
42831051f86bdc3bea417f93d5fd981e,b4e2f9032306f3f68ef7afee47fc278c,delivered,2018-03-21 21:05:39,2018-03-21 21:15:27,2018-04-05 18:56:28,2018-04-12 18:14:27,2018-04-24,8322ac348d132588470c5e8cc56b2bb8,2018-03-21
5f07fda0de6271f38a81a1dd718c7a82,cc3c3b45159903c0b8f0777dc0275e60,delivered,2018-07-15 17:42:23,2018-07-15 17:55:15,2018-07-24 16:07:00,2018-07-30 19:02:46,2018-08-16,7def89b198975f1022ab61610be8914a,2018-07-15
707d2b5688f10de45e680e1bec5d83ad,03bc9df96986cacc93d21bdb8914f83a,delivered,2018-03-07 23:05:01,2018-03-07 23:28:29,2018-03-08 23:08:20,2018-04-04 23:28:58,2018-04-03,e33d08501f7bf6cf56c80e3cd99d955d,2018-03-07
2232bf34060433dc7ae5f0c76a2e6cab,f598b2d315ec85e3449198f9aeba111d,delivered,2018-06-06 20:27:55,2018-06-07 20:35:27,2018-06-08 13:05:00,2018-06-21 20:16:39,2018-07-13,3a0266b0b438b5da8b8531f64792d0d5,2018-06-06
5756666ccce49fda0eaf8b9cf57a9b74,63fb08cf132b7f4853ea46d9da527bf8,delivered,2018-06-22 16:08:01,2018-06-22 18:15:27,2018-06-26 10:13:00,2018-07-03 16:27:26,2018-08-02,76fc8db57976ff47f0644cad53588d9f,2018-06-22
507f674d79323515c23139e1b0efdb4a,fcc0a96eeaeb4c0f9d4a712056cd4f4b,delivered,2017-05-04 14:57:04,2017-05-06 02:15:50,2017-05-09 07:51:55,2017-05-15 08:23:51,2017-06-06,ccaa7395397935be4e5119e597b3e5d2,2017-05-04
8524c844437828e1a8355451ac40a2ac,3c09f6dc6c6a0cb0cf2a5b92feb406e0,delivered,2017-05-01 15:30:00,2017-05-01 15:45:12,2017-05-02 18:17:49,2017-05-10 12:23:55,2017-05-23,d90306f3958ab820d33601d6d0514441,2017-05-01
acbf78375e415ab56c0f6160901b6167,1ac89e859c3f29c79cbf991d0a8a04d9,delivered,2018-01-23 18:37:27,2018-01-23 18:55:38,2018-02-07 16:08:33,2018-04-13 13:33:34,2018-03-06,702843d007357400ece1b13cc1126fd8,2018-01-23
c268faae84283868985823042e4ffb40,3ec62c9f4cf5665da34350b99c4f2e21,delivered,2018-08-08 15:35:21,2018-08-09 03:44:45,2018-08-09 13:21:00,2018-08-23 22:25:41,2018-09-06,82a8c37d57e84d839d4f387111a5bd91,2018-08-08
99db47a6842959e2064fb56a7b4c91e0,b342ca79f686b55a788bc622595ad4a1,delivered,2018-08-10 23:20:31,2018-08-10 23:30:19,2018-08-16 14:53:00,2018-08-25 12:32:27,2018-08-31,d3ab6a0f035b6b09b9862540148ba972,2018-08-10
17fc4628dc62ac11a17e27e75ae9afdc,a9934e1ebc947bc31e0fef7714b93c66,delivered,2017-10-29 21:31:29,2017-10-29 21:44:48,2017-10-30 19:12:39,2017-11-13 22:32:47,2017-11-10,6740b5fffe13d343c994a41ab9cf7811,2017-10-29
3b5b8c9ad729a2b4109ed18e043e21d0,2d74b09be680f3aeb92b83e357268c99,delivered,2018-06-17 20:00:50,2018-06-17 20:17:50,2018-06-20 12:44:00,2018-06-28 22:28:31,2018-07-13,e3efb14193131390dfe61b2946865b9f,2018-06-17
69f02b066e4d88eb8a784a81a8c7ad97,cf1d964f85ae393f0fa1a50d88428f61,delivered,2018-03-28 19:52:35,2018-03-28 20:07:41,2018-03-29 21:58:54,2018-04-05 09:06:20,2018-04-16,f236672cde392cc6ae3c0700fef8ada5,2018-03-28
c1b4f595f1ad8978da4537431bfe143f,3c008d3dc45ecee73703f2846ef4cf33,delivered,2018-02-28 13:35:46,2018-02-28 13:55:38,2018-03-01 23:42:47,2018-03-19 17:58:39,2018-03-22,5b34e292d74ef57ad8c93f54fd640388,2018-02-28
9dbb812320130d9746757988444ca993,0247131a2905884928321f763083ac11,delivered,2018-01-27 16:34:18,2018-01-27 16:53:09,2018-01-29 20:29:05,2018-01-30 18:42:47,2018-02-14,9897ab2a9829ddb06832ba1edafd028b,2018-01-27
8077df6c3b618208b9f4e0a8b3aaa2ac,35236f5e05cf71a79272e7d0cf521db5,delivered,2017-12-13 10:34:18,2017-12-14 02:11:01,2017-12-14 17:07:40,2017-12-22 16:47:19,2018-01-08,c7fc1589a4a1a86aa412c7e097304d56,2017-12-13
3ee2cb486f75ff2899da20d9bec72017,92b4a5ec884cb9c319b6daed5d1436c3,delivered,2018-02-24 19:01:20,2018-02-26 14:10:38,2018-02-28 23:39:48,2018-03-20 14:06:51,2018-03-23,ad217432b3b82f899d06dca77f489c2a,2018-02-24
5cb250586dfd9b6c6eedb8fa2dec723e,3bba051b7b4b792830a27d3d990620d9,delivered,2017-11-16 13:28:25,2017-11-16 13:49:49,2017-11-17 18:33:07,2017-12-01 17:57:59,2017-12-05,12fcc9ef2beae55059e3e992b1c71ebc,2017-11-16
540f4eaaafc047a407e4b4522bd0fd66,70b9ad9eaa6800e9849917e4c819b340,delivered,2018-03-12 15:10:34,2018-03-12 15:38:06,2018-03-13 22:48:35,2018-04-03 21:46:46,2018-04-02,46cdc197649be5063e3e5ac996770eab,2018-03-12
516e3648149f506769d0bd782e42e90f,7caa5362ac872713eacfd3623751ce90,delivered,2018-06-08 12:57:00,2018-06-08 13:16:18,2018-06-08 15:46:00,2018-06-12 18:06:49,2018-07-04,ca1b58df665053aa1292d4fe61018ad2,2018-06-08
6df963d6ce20c72cb119e8090f27c011,d890ef8af396d3cd28543e83bf7677a5,delivered,2018-07-27 23:07:33,2018-07-31 04:05:53,2018-07-31 10:57:00,2018-08-08 01:03:35,2018-08-23,16669e4bd8c11be0627f946c2ec1f9ed,2018-07-27
0a33a983476b5e9f23c0fc9f95c9682f,150905efd2cdad1d4581853bdace0f0f,delivered,2017-05-20 13:52:42,2017-05-20 14:05:21,2017-05-22 15:45:20,2017-05-29 11:59:50,2017-06-05,768253d2513bc433767081cedd241a3a,2017-05-20
db75986a05f58fd2d1c6c867cd37ca09,966acee21522b3160d49fa4c6648fa92,delivered,2018-03-15 00:25:17,2018-03-15 00:35:33,2018-03-16 02:18:40,2018-03-20 01:11:18,2018-03-27,b07c4653a5c1c1bc18f5d7886eb35c32,2018-03-15
79e2d134258914ae2184cb0a3116a802,bb4fa4aae850a6b2b01d52468a947b5f,delivered,2017-12-23 11:48:09,2017-12-23 11:54:32,2018-01-05 22:50:28,2018-01-19 17:26:37,2018-01-31,19e1099ceeecb2702c2fae0100f0010e,2017-12-23
06ec25371486403c9aa7249f067fc5aa,69f024489cee2b5586ecdea5148f1038,delivered,2018-03-16 00:00:33,2018-03-16 00:11:02,2018-03-17 22:38:48,2018-03-21 23:19:36,2018-04-09,72f4809be8cdf93685ceaa2804c6addc,2018-03-16
8381601f3a2e22bb8e1f4ef102ce88cc,8f035924e913eacc68abf78c1b4dfe09,delivered,2018-03-21 19:13:35,2018-03-21 19:27:37,2018-03-24 00:12:25,2018-03-28 21:32:19,2018-04-09,2784eddb9ce410e1843c8cb2619758eb,2018-03-21
9ae90d0ae423d9ac6caad40cd7a6af6b,fe1c22f2ea19012a362512b309a98145,delivered,2018-07-21 18:11:33,2018-07-24 11:32:10,2018-07-24 13:50:00,2018-07-31 20:16:52,2018-08-10,43ba236cb787fef4a1c13e1e7ee9a351,2018-07-21
5aa39cf65e06c33f4f504d708a90887a,60bc46281adf6d71c2ff094ce21ee185,delivered,2018-02-08 13:56:42,2018-02-08 14:15:34,2018-02-14 20:19:41,2018-03-06 18:12:40,2018-03-06,70e2a6662d58349e2b8252a29b295fed,2018-02-08
8d5169ccfdb4902626694da89865ebd0,4f5a13c3e2ce9cc5ae2e77fc2f2716f4,delivered,2018-04-26 22:45:33,2018-04-28 02:51:50,2018-04-30 15:24:00,2018-05-05 11:39:39,2018-05-22,155304c4e15546f6fa2cd1d665e7012e,2018-04-26
87064d517041a71950b9f0cf6d34b211,092e7549898890c03675da13f2561938,delivered,2017-05-05 16:45:46,2017-05-05 16:55:17,2017-05-10 11:13:07,2017-05-13 10:20:11,2017-05-30,132887169bcb5123730977ca9a99125f,2017-05-05
fd8406e55cd74ad84a30ccca898589b3,ff00a7bfd5542ba2d44181eaf5485722,delivered,2018-06-07 11:51:02,2018-06-07 12:18:52,2018-06-08 13:26:00,2018-06-11 21:24:32,2018-06-25,94b39aa1097125d918d16bbe14331074,2018-06-07
4bf2a4f1537760d4606b2f5bb5a0f220,cb69944b980f02bb33209197c9fdf7c4,delivered,2018-04-08 14:11:28,2018-04-08 14:30:20,2018-04-09 17:26:46,2018-04-12 20:28:43,2018-05-08,af4b09c8f945b6b4eabe34296887a606,2018-04-08
8c6e16dc21c114e69bdf0d21386241eb,cd7891263813d9cc6b26f232f73c1485,unavailable,2017-11-14 15:10:43,2017-11-17 03:46:16,,,2017-12-12,d8e317f6fe8e1c0100dc2e407b1507a2,2017-11-14
79151db05c0fc610003d38e917bbb5fe,e94d9670c90a1cd07f5d2e6a7d7200a8,delivered,2017-07-04 13:24:03,2017-07-04 13:35:18,2017-07-06 10:21:27,2017-07-07 12:27:28,2017-07-18,52b3053e2ed62fbb02c79807a6f88612,2017-07-04
d65848ec24d6595e5a459c4196c01b7c,a990eac8348e6c31d8d96d4c9076dd93,delivered,2017-12-25 19:16:29,2017-12-25 19:30:05,2017-12-29 19:32:30,2018-01-15 13:07:06,2018-02-01,f9240e72db5c2ba8ca8c3967a9ad7d1a,2017-12-25
25fd9ab410ed941187c41224aaecd049,00f8a4bbb515bfe8f84f9cfa45621250,canceled,2017-07-11 12:51:03,2017-07-12 02:24:54,,,2017-08-14,b2bb87ebda9c0aad99e72716de580b63,2017-07-11
df4b824bd4343d1cb124a2a17a87be00,78f47f58b2b6a086cf8c8fa4656bb3d9,delivered,2017-04-04 14:13:05,2017-04-04 14:25:18,2017-04-05 08:43:08,2017-04-11 13:45:46,2017-05-05,63ee31884a3ab3a49becde3f72b937e4,2017-04-04
eb7518e8e04d2c41d1884e9163dc6b34,633794fd8790d4b4bc06a1cc53bcf1d8,delivered,2017-10-22 23:24:01,2017-10-22 23:35:15,2017-10-23 20:29:53,2017-10-27 17:28:52,2017-11-09,b51fb067f1ebcfb89d35a83b1acc821b,2017-10-22
94c1a9db6817a4e6b149abc53a7af714,ae202bc992b8c3b955797a6deecf479b,delivered,2018-01-07 18:14:32,2018-01-07 18:26:49,2018-01-11 01:10:49,2018-01-13 02:33:51,2018-01-24,b31e0acc3f8a173968dea39430db5c57,2018-01-07
034c16aeedd39a916ea470f22a048b22,2b77921222673f5f8c7d73279c7bb251,delivered,2018-08-14 09:18:25,2018-08-14 09:30:21,2018-08-14 15:54:00,2018-08-23 11:52:00,2018-08-31,62e32e0b239b36c93427f7910eb6a173,2018-08-14
13e75c454430b7d67b590a2b5f6308ef,ca12cdb54044bc405b323d7c11a53e79,delivered,2018-08-17 01:24:46,2018-08-18 19:10:12,2018-08-23 14:30:00,2018-08-30 02:02:42,2018-10-01,852de9c8adefefe4482f0aa99676ef95,2018-08-17
033cec9a46b0dd28fc10c800f9f3d878,67f60f620492b627d9ce232d5c6ec467,delivered,2017-07-28 11:56:03,2017-07-29 12:05:29,2017-08-01 17:13:28,2017-08-18 19:39:53,2017-08-25,3a52bcffd7c61ceddbe72f54df9cec5b,2017-07-28
58a4317c14bcba43d0cf161f17e9db2b,e7f5b701d99a5eb91e57a970a75640f0,delivered,2017-01-30 11:55:23,2017-01-30 12:33:52,2017-02-01 11:07:58,2017-02-08 16:23:44,2017-03-03,05530f12381a5556c040029ac0036a18,2017-01-30
f71f7cfa091dab4d5aaef7195c37c986,32b22fd151e7677bbc6a1ccd0bd05366,delivered,2017-11-14 19:43:41,2017-11-15 19:50:27,2017-11-23 00:47:23,2017-11-27 23:33:03,2017-11-28,50bdc8000409d9bc4100c3268c9ac579,2017-11-14
1c3b99f2a6624348fb0b733c18c15440,2e1077ec368d341f47b9d998353d79c3,delivered,2018-07-26 00:39:18,2018-07-26 00:50:08,2018-07-26 15:55:00,2018-07-30 14:45:03,2018-08-09,4411d41c99cd32e47a60eb301e67725e,2018-07-26
5d67cca99e80d5f9cc0cda0ce73ca3a3,0b92c3b2085fc6ca1af7d396612a2a93,delivered,2018-01-12 14:52:21,2018-01-16 03:50:04,2018-01-17 19:51:19,2018-01-23 14:42:49,2018-02-06,f9e8fc5cd9cda3d485692b6dd3fa662c,2018-01-12
5104ff479c1b5720649c1b85b599d2ef,5e39ec102ab3c44d624ef7cebca5b53c,delivered,2018-02-02 11:26:01,2018-02-02 12:31:49,2018-02-16 00:29:04,2018-03-02 15:12:44,2018-03-15,0d24c60a1d3c8cc193d2a254c15cf6d9,2018-02-02
d3793d54f38c9790d5db6329288bfc76,2e9b700bfc894ec6834f9dfcc551670d,delivered,2017-11-29 14:59:39,2017-11-29 15:14:01,2017-12-05 15:43:18,2017-12-28 15:29:02,2017-12-13,f5b897dc4f5070fd85e2bb3ac2050e57,2017-11-29
35e01ab254440427a82909f981fa9ff7,af95cc6eaa339e55f750352ac6b94e12,delivered,2018-02-01 23:04:45,2018-02-01 23:15:26,2018-02-02 17:47:54,2018-02-22 20:12:21,2018-03-06,eb9fb4eb14de00b5e7f35dec7af07217,2018-02-01
1b0c7ed83d9a4480ab15d766b446efd9,648e9b8478021e84252b8930c9d93a64,delivered,2017-12-24 17:42:20,2017-12-24 17:54:36,2017-12-26 14:08:51,2018-01-13 14:43:06,2018-02-01,6a913dc70e433a0d8ef218e93f6e3395,2017-12-24
6f8a93209c5ff8f0ce0ccb7b166c4624,26b371dd885c8ca6b6113b116bb372cc,delivered,2018-02-20 23:27:58,2018-02-20 23:47:26,2018-02-21 21:42:32,2018-02-22 22:08:59,2018-03-06,cf614745230b4fd1a2742102102245e0,2018-02-20
7a5f959983f50c6302159a5a44ead72d,d5ecd7c4a6c1583c8b8796d27272ddc2,delivered,2018-03-28 09:24:01,2018-03-28 09:35:16,2018-03-28 19:21:34,2018-03-29 20:28:35,2018-04-10,dea94e379cc27b09a8b66b007ec34fbf,2018-03-28
dbf850ec9efcd2382a33671c011d79ac,82ca82180421da21b4e53373f8f81bf8,delivered,2017-10-09 16:52:39,2017-10-10 16:49:51,2017-10-23 16:09:58,2017-10-31 13:58:44,2017-11-14,be82db3f285e44d8c3153f0788f6cbe7,2017-10-09
6b57eaabaf784f10ac01cb4426c604bc,99c196be28f73fcec4acd82a8d2ba444,delivered,2017-03-28 21:19:36,2017-03-28 21:30:09,2017-04-03 16:11:40,2017-04-05 11:22:04,2017-04-28,05976e2151f7efa4d1bd1bda5d378ee7,2017-03-28
f7fffc55ac6fc572d16b18ee0ac09f11,e3a261fa6198c919151fb9478e58736e,delivered,2017-11-02 17:54:20,2017-11-02 18:05:22,2017-11-10 19:08:55,2017-11-17 20:37:48,2017-11-23,13633f2d37d2ed79773f39acba2e5374,2017-11-02
90b00232483dfa5795a3275e522555b7,41098815d7b37701fd86f172aa473842,delivered,2017-03-23 08:05:35,2017-03-23 08:05:35,2017-03-24 13:52:31,2017-03-28 12:14:21,2017-04-11,ce6fe00734c727c4543c7191f68d1ca0,2017-03-23
f4f42b3e966b1ca5c443c6ce12dd6032,9a5d924627d29be874b5c2acaacb397e,delivered,2017-06-15 17:38:05,2017-06-15 17:50:09,2017-06-19 20:47:30,2017-06-21 17:22:58,2017-06-29,d270eb25f6d487d94778d358b01c651f,2017-06-15
0c921abc41428f29f1b5d4c52714fe44,e15f963b1e611bdab0a0b7a8beb0a6f3,delivered,2018-03-06 21:47:26,2018-03-06 22:09:27,2018-03-07 21:14:09,2018-04-09 20:47:34,2018-04-02,70d7972d758a874d5e16ab77828d36f3,2018-03-06
9a9e42d30fd1e23865968c5aafc1898e,efa4f524eb658db8211c15b35a225b9a,delivered,2017-11-25 07:22:45,2017-11-25 07:34:47,2017-11-27 17:27:11,2017-12-07 00:44:56,2017-12-20,0cb5bfc9d8e5591f2f2216cdf425f733,2017-11-25
d30d0c9c3a766ca0d558a205d4579320,c10560337ba2abcd6973626d18f2a0ce,delivered,2018-07-09 00:23:40,2018-07-09 00:35:15,2018-07-11 12:58:00,2018-07-13 21:16:50,2018-07-30,c2f42cd528a0b021943021b58675000b,2018-07-09
8cee8f805208584195daeb66539c0cb8,1f8162f40448030afe31553cf0b8e1e5,delivered,2017-03-06 23:35:03,2017-03-06 23:50:19,2017-03-08 12:41:31,2017-03-13 17:54:40,2017-03-23,1abe45c34cdc629326c8093dd4f77e96,2017-03-06
863d4b42822d16c06f0e216b19b8233f,5b4cadfd6df7218b858811fc5c83bc9f,delivered,2017-10-02 17:03:02,2017-10-02 17:14:15,2017-10-04 11:13:39,2017-10-07 17:17:33,2017-10-24,1496c48d8753b54d06683c408d52c621,2017-10-02
397512738329930b9bf6d624b7db4969,bc7f966522485d8cf484ba1fcea934df,delivered,2017-09-18 16:45:11,2017-09-18 17:55:44,2017-09-20 13:43:00,2017-09-25 15:32:47,2017-10-04,98d1f63d66cbd3b121c90c7c899dea85,2017-09-18
3f4b0ddd513d7769508eb4277f029bbf,0982ebe8a8eaa4ad02c7ee5351aa224c,delivered,2018-04-23 16:12:06,2018-04-25 03:15:18,2018-04-26 11:36:00,2018-05-03 18:51:30,2018-05-28,75435e3ae5631d737fff0c3fc8083f04,2018-04-23
7b88e96eabae61915bbbd53786f34275,1b240b4652db64faf8dae9227566ca6b,delivered,2018-08-06 16:30:57,2018-08-07 08:35:18,2018-08-07 14:34:00,2018-08-13 22:36:50,2018-08-22,ff954b7ff58241497c8afa9ac3d853a2,2018-08-06
c453fb0ec44f618a32abcad5c873d06f,1f11568f8aa695fec4b6ae5d9cf2710f,delivered,2018-02-16 11:26:01,2018-02-16 11:35:22,2018-02-16 21:17:59,2018-02-24 11:35:12,2018-03-09,d29332b055a2877491dc0fcbe571f7f9,2018-02-16
ba0a3547cd2efb300852cd0ce3241296,67a860399b30091c0fc2c0287d5a0dec,delivered,2017-03-16 14:11:59,2017-03-16 14:11:59,2017-03-20 13:05:03,2017-03-28 12:58:09,2017-04-13,c4894cc48beed50e8a504d7e38e29678,2017-03-16
33712c34fc0af28b0b57a36f2b26cba8,b59e0225e129db63977b9c728349210c,delivered,2018-02-13 19:09:30,2018-02-13 19:27:13,2018-02-14 19:24:58,2018-03-05 16:21:48,2018-03-09,bb64161e20ad00ffad5e2df2d5a3a9dc,2018-02-13
36178f6b136947a325e303fc3637f6d0,6b9e7f78cdd93066ccea04e7b1b4d2de,delivered,2017-05-08 07:03:31,2017-05-09 09:45:09,2017-05-09 13:22:12,2017-05-17 12:17:13,2017-05-31,c13ff20a20bf22f1896268870a589faf,2017-05-08
8874222e11e5b391570e35d91ce32a14,3461380430ed4eb137d3478cfab7597d,delivered,2018-03-06 16:15:28,2018-03-07 02:49:03,2018-03-07 21:06:03,2018-03-20 15:58:38,2018-04-02,67e8452b0b2c4a64b4129e0d3c568e41,2018-03-06
c9a88d4905eaf518dd4a6fb776134990,93519b83250d51338f8f21f11a4ecb7b,delivered,2017-12-01 09:49:08,2017-12-05 04:17:28,2017-12-07 00:48:57,2017-12-11 22:32:26,2017-12-19,f148041f970c084006b2a719e9459a8e,2017-12-01
db0739bf37fcce80c6016745316101dd,aee15a02ae475d58cc5a2e5bae1be333,delivered,2018-01-15 00:56:23,2018-01-15 12:51:20,2018-01-31 19:12:01,2018-02-01 19:27:58,2018-01-30,1c847c45de8adde10675057ff9592918,2018-01-15
e43a8e7bb3db31ab15c10dfc9ef4e419,4daf9bdbb2f515d19c4a054881982674,delivered,2017-09-14 00:12:53,2017-09-14 00:30:18,2017-09-15 20:10:05,2017-09-21 18:22:08,2017-10-02,8639ba758371b0ef0e3d8264ac944b2c,2017-09-14
ca57e2aced9de24736c5a8d1c0abefd6,78cba1592dc3401cde07467a756c5e8c,delivered,2018-01-26 14:27:45,2018-01-26 15:40:13,2018-02-01 20:37:55,2018-02-20 23:14:07,2018-02-22,904d1efbb2960327e494d11de66422f6,2018-01-26
26d9a2f9a41aeeb0b0dd16ac2ca59225,77ecb0c9e88332432bb2b846dea32b2b,delivered,2018-08-01 13:32:42,2018-08-02 03:05:21,2018-08-03 16:29:00,2018-08-10 17:38:56,2018-08-17,4e259b39ec0e420fd5b67cbfc6291554,2018-08-01
ab879558e02a4aec8e7aa594146fd38c,bf1040a92c9057abbd5b9b714a7fa018,delivered,2018-04-21 18:03:17,2018-04-24 18:57:06,2018-04-28 08:07:00,2018-05-07 18:02:29,2018-06-06,7bc033a7f4aa627db2baf812a4f73122,2018-04-21
7c8a032bb75e0e4d524b14ba147d4ba5,bc353829b04483f9c7163579f4c52ce1,delivered,2017-08-21 15:37:43,2017-08-21 15:50:13,2017-08-22 15:15:27,2017-08-30 18:08:26,2017-09-13,d6c62e6b2eb593ee8c87c6f76db5cc8b,2017-08-21
f77fe87685972d2d1a7ff6600f590d59,8435e0e187d4a9a24ca9df8649e2bc9e,delivered,2017-03-23 11:59:45,2017-03-24 13:05:49,2017-03-29 09:17:58,2017-05-05 13:44:05,2017-05-11,8873a2fb1f73b73fbd6c222b74286798,2017-03-23
e20e297c2b95d890b7a5eaa278c82ce2,80be1a093a6a1ce7ea4419d467f82c4a,delivered,2017-05-14 11:07:53,2017-05-14 11:22:25,2017-05-16 18:25:46,2017-05-26 10:07:54,2017-06-06,fb575d33f6ea4acec2a97cafc6f3764f,2017-05-14
059f8a8f4a2c52a1969278f9f484fca6,df7b474d99cd3c9cd819c5a10da7e2e3,delivered,2018-02-13 22:32:11,2018-02-13 22:47:36,2018-02-14 20:42:28,2018-02-19 20:47:00,2018-03-06,c8a570e2d2d8959c5c23f3da2cf23080,2018-02-13
18ed4e5757d8a37fcb75325f41d7165b,6a5a781047744e73847356aa65db1b74,delivered,2017-06-04 15:07:18,2017-06-06 13:42:44,2017-06-08 06:51:12,2017-06-28 14:15:02,2017-07-04,929b8bad532f969fc414b7831ff3360d,2017-06-04
e0ba11a8f559fa965f2e848bf086d197,796180b64dc72ccf2cf97022e18436a1,delivered,2017-09-22 14:06:22,2017-09-26 04:04:46,2017-09-26 19:53:10,2017-10-05 18:47:49,2017-11-01,b6b22878b5c49dad8167be8ff764a35a,2017-09-22
e381abcae5bf5ba29ff7855e91e40837,349c4a594c6aa6384e7b42ebc6d10856,delivered,2018-07-21 20:44:36,2018-07-21 20:55:21,2018-07-23 11:10:00,2018-07-26 21:48:39,2018-08-22,d5380b9d27712e28cc9006954ce55fa2,2018-07-21
76d4ae1832cf14e630c878e83e011442,8b79484d3570292eb34cd39f88bb01b5,delivered,2017-07-18 13:07:27,2017-07-19 07:03:14,2017-07-20 11:40:05,2017-07-28 18:46:04,2017-08-07,58b2ead522d6627484f6d641e320393a,2017-07-18
6d0e0305d6f6df15685493270ac1d986,94dad91b40a7449b2f3a4df8f1d4554e,delivered,2018-06-06 11:27:30,2018-06-06 11:35:25,2018-06-11 13:03:00,2018-06-22 12:08:41,2018-07-24,bf3d3785a929773468075c3038dade8b,2018-06-06
58da121f4b355734661e99087e7e4ffb,f91d534e9b4a400563c11d66fcccd526,delivered,2017-05-07 10:26:54,2017-05-07 10:42:19,2017-05-09 09:17:55,2017-05-13 09:51:52,2017-06-02,57d016c3472920b00075c01a62dbbeff,2017-05-07
26aaee2edab376ed50356a504172fe42,b856cb85055fc8f310de189eafa4ec23,delivered,2017-10-06 19:38:34,2017-10-06 20:49:36,2017-10-20 20:15:56,2017-10-27 16:13:54,2017-10-30,1699440c9d88d5a00a38c526e2eb4397,2017-10-06
3bd40e0c282b7b2b26cf8211b8697490,0148eb6c4d23d56432bc3431ee6a5bee,delivered,2018-06-16 14:17:34,2018-06-16 14:38:52,2018-06-18 10:34:00,2018-06-21 20:36:24,2018-07-12,4b87a5d6550afe5245114fa21bfa4d74,2018-06-16
7228268a5d9355b2f1a608f22c5bdd8a,c518f00c02912a99edfdc40f95dffe96,delivered,2017-02-23 15:47:13,2017-02-24 02:50:23,2017-02-24 08:13:59,2017-03-14 04:21:56,2017-03-23,3a945c51b0c651f1f25219ba6cf9312e,2017-02-23
aebf3847ea191c3440ae0e2c159fc402,9ccf6b48af95bd14f7997dee8102b698,delivered,2017-11-28 15:55:01,2017-11-28 16:17:38,2017-12-02 00:06:49,2017-12-06 13:28:28,2017-12-18,fc7f8eff1ad8ed82b2b7638303882662,2017-11-28
61f989e43fcc207e2e77b9378c3f0f2a,f3a470fb89b28664b4fa41e2cc3bade2,delivered,2018-03-06 10:50:23,2018-03-07 02:35:38,2018-03-12 18:22:50,2018-04-04 17:57:24,2018-04-04,e396f66f0b2bf19462384b6b1ed1ee76,2018-03-06
04dc24624a669b293bee03e97b344440,9a237694d5e6ec690282d214bab91bf2,delivered,2018-04-12 16:32:53,2018-04-13 20:30:44,2018-04-17 00:24:21,2018-06-04 15:54:32,2018-05-18,0bdb1b5e412a2098545a552a2c091686,2018-04-12
4aa2c369fa1e9993bdf69bc12ee57abb,a553ff298f118eedefd758905f916bd4,delivered,2017-12-08 19:09:47,2017-12-08 19:17:31,2017-12-18 22:46:59,2017-12-27 20:32:24,2018-01-03,ed7ecb1bd52fef9f35d06b0f09c79539,2017-12-08
8afd013a511575aef39cc33c610d4136,7ecc321c63fd550c376cf32e222e0dd1,delivered,2017-11-24 20:45:06,2017-11-24 23:34:31,2017-11-27 20:06:57,2017-12-13 17:51:44,2017-12-19,b3af28deef7b9791c949a22be94a96ae,2017-11-24
22f5a4d80d9f247d6970456d5211d30d,7cae09298034fc9fe7723f6336e5e113,delivered,2017-07-22 13:39:19,2017-07-22 13:50:16,2017-07-25 10:52:21,2017-08-01 17:54:24,2017-08-24,153b15eb9fc2752d9617d2411b96f982,2017-07-22
37e9481cdd40609c76b3f6da7f9af51e,3eebd8bcf30b51eba628d2da84a7fc2a,delivered,2018-03-02 08:35:24,2018-03-02 08:50:25,2018-03-05 22:54:58,2018-03-13 02:28:48,2018-03-20,fbd491f386bab414e1a5c9990b3a4ea7,2018-03-02
7e3fe9574a9ef4caef1b086d2abfd412,657bd8d56d4c6c86c5f78ac46995a5fb,delivered,2018-01-24 11:42:41,2018-01-24 15:08:01,2018-01-26 23:44:52,2018-01-30 18:41:09,2018-02-16,329163544a0c4bcbb1d391e41662b53e,2018-01-24
35525be13c4af8acae0bb6d13c27110d,e2bea5774e2c8aa227075fc4d2c3ba39,delivered,2017-09-11 22:51:42,2017-09-11 23:05:37,2017-09-12 20:37:48,2017-09-22 21:33:00,2017-09-29,f8fe53da72425fdda7f64542b1e85725,2017-09-11
bd5a4522a820fc4932b422d462bd8195,6f950dc3461247a3594e255ce2d68e4a,delivered,2018-08-22 15:43:52,2018-08-22 15:55:10,2018-08-23 15:02:00,2018-08-28 20:46:44,2018-09-04,59aff619adb6008c7b562fc260c1b29b,2018-08-22
44c0292da2b6567285d4d06b0ac1a676,35fe8918157ce955294e67afe90f3782,delivered,2017-11-14 09:11:30,2017-11-15 02:35:56,2017-11-17 00:09:18,2017-11-23 21:48:38,2017-12-07,c6cc55b24198a561e81de6b2f9387010,2017-11-14
668691a590a0b7cd73f3b6587fb783da,7f6b61053ca82a4046d6674e78caad62,delivered,2018-02-28 14:24:36,2018-03-01 02:49:00,2018-03-03 00:19:06,2018-03-17 14:13:16,2018-03-22,2c8faf7d8d2ec4db55df65ad1074676f,2018-02-28
4a8540117ab8b9696ac6ffe3b37e4acc,3e1e2de2704ae9c3fce1beccd6e728b4,delivered,2017-08-17 11:17:02,2017-08-18 11:10:54,2017-08-30 17:35:05,2017-09-12 21:03:05,2017-09-19,ed92b8c9fba6c3efd0f68f9a666ddcb6,2017-08-17
3c9c79dc3332e66966706737e6b0f721,c6b786a5eab26f60a492c6f31fd3d8d0,delivered,2017-10-25 23:53:13,2017-10-26 00:07:44,2017-10-27 19:39:55,2017-11-09 15:58:43,2017-11-17,61c25dcb3fc28fda20977048295f8d4a,2017-10-25
5f2f2e0cfc4ea452b16a78eee2ccbc89,427de05ce0608c08a25593eb6e083123,delivered,2018-04-02 15:29:04,2018-04-03 05:50:30,2018-04-03 23:19:35,2018-04-07 16:08:42,2018-04-23,9b3e6da0d8a24302a976b8ab62a83062,2018-04-02
bf49f84a0580ef6751e13357776b7ed9,e7f41abe62db82cffe5c8f6138f18fb2,delivered,2017-07-02 21:25:56,2017-07-02 21:35:18,2017-07-04 15:35:12,2017-07-11 16:47:17,2017-07-28,5a06bd3849da761b21e0bd78eeda8688,2017-07-02
7ad9577a964cfb13c1f4875c1fd025ff,bb762fbbec35912ed4d6235aed00159f,delivered,2017-10-31 09:59:58,2017-11-02 02:16:00,2017-11-03 19:33:50,2017-11-10 17:28:43,2017-11-16,4cbc96275e70bf9dc067d17d66a246a4,2017-10-31
0281523bfda80130f35b98f38dfb279b,1048e3bbdf891bd8571eb3739c0c9d2a,delivered,2017-09-22 15:28:37,2017-09-23 02:33:08,2017-09-25 20:37:31,2017-10-03 22:47:04,2017-10-16,211b8c6507e44d69f8abb9775dcbc0de,2017-09-22
e0138d152658a49efe819e763f0a0cc7,a51ebdfce7cdd6930370083085f240c6,delivered,2018-05-14 17:59:04,2018-05-15 17:55:28,2018-05-17 15:06:00,2018-05-21 23:41:36,2018-06-01,24b7e460db28210f33d13d8ce5918fc4,2018-05-14
f6059478a309e15a15a6addd6587a0df,64accad792befdb96bf1ebb2002f4ece,delivered,2018-08-08 15:54:36,2018-08-09 08:50:10,2018-08-09 16:36:00,2018-08-20 14:32:53,2018-08-27,39d08553577355fffa4c5e741c43bc8d,2018-08-08
817856093e04996ba35912467fcb6706,07ad22ca00c8a7fb2137598a670f7de5,delivered,2017-12-06 19:13:41,2017-12-06 19:29:46,2017-12-07 17:21:27,2017-12-18 20:52:13,2018-01-08,a52452364572cefb3a4eb9ac5b46a33a,2017-12-06
d64ce66e16fb6779823181c074822d99,74d869510afc0001afbfc46498296ed9,delivered,2018-08-10 17:47:01,2018-08-10 18:04:39,2018-08-14 18:12:00,2018-08-22 15:16:36,2018-09-13,9b0d19e28982e84c4fe28593fa70329c,2018-08-10
ff76dbda803ba2b4743b8d9e4f02ff7c,e2b820876cb28b73005f79836846a366,delivered,2017-10-25 09:48:23,2017-10-26 02:56:59,2017-10-27 21:26:31,2017-11-03 21:49:43,2017-12-28,72979f621035f39d9302faaf8b3ba25a,2017-10-25
126db85298f060d1b6fb6d032fd2dc06,5e5ad7cff3ed055c3bc4a0887aabc091,delivered,2018-01-22 23:36:26,2018-01-22 23:53:04,2018-01-23 20:08:12,2018-02-03 13:41:41,2018-02-16,8b3d50b4d35fca116d8904ad4fc1d96b,2018-01-22
7d964b461e0b6fd45adfe909dcd65ddf,a43fb0ea4c44e0767ef51bfbb689fc51,delivered,2017-06-14 11:35:52,2017-06-15 02:55:26,2017-06-16 14:51:31,2017-06-21 15:47:47,2017-06-28,470613575ea5c168b39832a766ec52a6,2017-06-14
feea5d59f129549eaf0fcf3d32e07498,f5ff3bb706527191de38b3fac1ad8219,delivered,2017-09-02 20:54:24,2017-09-02 21:05:21,2017-09-04 15:16:52,2017-09-13 18:59:50,2017-09-29,72bef2ea29e0d59f1764bc95abac9eec,2017-09-02
ce8cdf8291104b56565b8e6c6fb62901,b02d4e88865ef9f3b86290f3b73128b3,delivered,2018-04-03 20:32:47,2018-04-03 20:49:16,2018-04-05 01:31:46,2018-04-16 15:33:20,2018-05-07,f08d5e0d77469bca395ed24633b8f8d5,2018-04-03
891f571079436f35901706c6abe82ab0,1972709fbba1d099eeba0f51c9cf3ad1,delivered,2018-04-07 16:55:32,2018-04-09 23:10:30,2018-04-17 00:24:30,2018-05-05 19:38:54,2018-04-30,a4f7b546acc92f8e5e965504663631e4,2018-04-07
dbe73e59815a2106ffcba61fa14592e9,039bbed64cc5e2160b7ca4ac6b09449c,delivered,2017-10-11 14:49:50,2017-10-11 15:08:43,2017-10-20 15:43:26,2017-10-30 17:50:29,2017-11-08,a40096fc0a3862e9e12bc55b5f8e6ab2,2017-10-11
15e6974ce19cb7d0b8483c30c071dbb5,bd6aa8a8ba9ecfb04556f483d00ca520,delivered,2017-11-28 14:49:26,2017-11-28 15:18:39,2017-11-29 19:27:13,2017-12-08 00:25:42,2017-12-19,65a7f11f6dce46ef1804aa10d1ee872a,2017-11-28
c304064c5422b0ecb8c6b5810d234902,451ed05885bb18ac6af35202ae30148e,delivered,2018-03-08 00:30:23,2018-03-08 00:49:31,2018-03-09 05:32:22,2018-03-19 20:20:57,2018-03-26,7f123e562e6524b9f3bae3ffb7180d4e,2018-03-08
d3f99233d90971004bf98c118aa4387e,b2ccf1076d543d3af4d19d19ed4eeb46,delivered,2018-04-22 10:13:50,2018-04-24 17:46:43,2018-04-24 20:56:27,2018-04-26 21:33:22,2018-05-07,68f944b512da9690a49ff59699465316,2018-04-22
3f9cb2aa22528f88dafc9323f6925f09,e3dd153b3a9039bbbc8e5721ebc2bb88,delivered,2018-06-18 14:05:16,2018-06-18 14:19:43,2018-06-19 13:18:00,2018-06-26 18:05:57,2018-07-17,29e7e6a0322be929cd732e747f4117b2,2018-06-18
b6b375071cc968750ab3deded827b864,9336ac21cfd40d4eb050bca43ab06890,delivered,2017-07-19 14:37:24,2017-07-20 07:10:05,2017-07-21 20:37:38,2017-07-24 20:05:44,2017-08-01,669b4d8523b12340bd6b2d18ad745431,2017-07-19
23d69db9fe30226c8347963edcdf819c,f5a52030b68cacf77cb5545c51931ef8,delivered,2017-09-21 14:06:32,2017-09-21 14:25:02,2017-09-21 19:27:48,2017-09-26 20:22:49,2017-10-16,29dd3982f14fb2e5f9fa61c5886448d8,2017-09-21
0812b411edea2fcc36b4bc1f8e4e36aa,de8d5f6d930d3af55696a28ec701cb9d,delivered,2018-01-13 13:18:10,2018-01-13 13:29:28,2018-01-15 22:04:10,2018-01-29 20:32:27,2018-02-08,87b62c42f5f560474e94a6319b28599e,2018-01-13
25be8e0ff01817a8a96f61605da2e447,1b5277287e2a36035dbb796a16e35bc7,delivered,2018-08-17 16:52:19,2018-08-17 17:09:46,2018-08-27 11:43:00,2018-08-30 18:16:23,2018-09-26,86a27279a5d8e37c1fe8cd438a1a6f99,2018-08-17
970b0850a5b6ccaa34a0e887e8d10a5b,4619dca3ccf1e57f50ba85089e2370f6,delivered,2018-03-17 11:06:27,2018-03-19 20:28:03,2018-03-22 21:32:46,2018-04-02 13:26:28,2018-04-05,c7143a9592032729e880d38d25c39125,2018-03-17
90d5620d5953ab91dee8d433291dd274,c89efa354fe04de70beef217caee4cf8,delivered,2018-03-12 21:27:49,2018-03-12 21:48:13,2018-03-15 22:08:25,2018-04-11 21:18:28,2018-04-05,36ac7fcaeaed9489a3aa25f4c709b968,2018-03-12
771c67ea357fe4e07933ca5c28e03bed,988f87dc1c5d8d6ae20f62d7420a0aa6,delivered,2017-06-29 12:24:25,2017-06-30 06:50:09,2017-06-30 14:10:10,2017-07-06 17:29:30,2017-07-19,f9d5473762a497a8040d05bf56809699,2017-06-29
512e1bc04cba5e60dd9771fd860c6dd0,8df603ac3530342b1e7e0a21b93f2334,delivered,2017-12-04 17:10:05,2017-12-04 18:30:42,2017-12-06 15:54:56,2017-12-26 17:48:59,2017-12-27,89bf4c1e2972962cda19cad7069eee5c,2017-12-04
12b69999b64f73f3cdfa23512584c8d5,d203390b72cc70cb976b41a67a236920,delivered,2017-07-22 13:49:39,2017-07-22 14:05:42,2017-07-26 18:32:47,2017-08-08 22:42:26,2017-08-25,c5369de0ae7709bc615200aad3711589,2017-07-22
e1f72316055b5f5da7834780f994d6c7,85e495405c453c08537f1eaf6aa7fa5d,delivered,2017-11-22 21:20:30,2017-11-24 03:11:53,2017-11-24 16:04:49,2017-11-30 01:18:56,2017-12-04,0674169a201c443d7de5c3641279dab9,2017-11-22
54b74eb9e20b816d9cc07605650b592c,fdb6ee42f69dd8ef339d4eb246cd8b58,delivered,2017-02-12 14:11:06,2017-02-12 14:22:50,2017-02-13 11:38:17,2017-03-01 11:26:02,2017-03-14,96346a46813536075221b2b977b336e6,2017-02-12
9f1d14a57c14b6fff699b45a39d60bc5,39302f15abb7e40328b03be978884590,delivered,2017-03-21 19:03:48,2017-03-26 23:32:42,2017-03-30 16:25:25,2017-04-10 14:49:44,2017-04-20,b73c0cbedf84295bdbfc03069e8caf18,2017-03-21
6603369c4a4273652e83110462b4afd1,09bbf3e00780ccfc92e7146905ea4378,delivered,2017-09-24 16:51:14,2017-09-24 17:03:38,2017-09-27 14:58:40,2017-10-16 19:37:51,2017-10-24,3f5e1e19d480a0e4683b1e52dcd0f257,2017-09-24
89b97127e91562d3568842d10a400161,00e3fdbce18ef97f5b13e1cc27e9dc98,delivered,2017-05-01 10:03:19,2017-05-04 10:35:10,2017-05-05 15:48:14,2017-05-12 07:56:30,2017-05-26,aabcd181e8b68df20212829acc386a2f,2017-05-01
b5e27ed7d2286de656b8b949caf52958,6333de0023805ceebcbc7303d94ecc33,delivered,2018-05-09 13:19:37,2018-05-11 02:57:49,2018-05-15 12:34:00,2018-05-21 19:28:29,2018-05-25,2fa44db5844b13327e8352a5bc056d55,2018-05-09
3f234a80dabc182e34e4c50189cbf28f,a441b388ef3fc7724f045a30d4bee99a,delivered,2017-04-12 02:26:52,2017-04-12 02:35:14,2017-04-19 07:55:41,2017-05-04 15:42:18,2017-05-18,89a84b94c1be25037c872789b4a49f29,2017-04-12
b174fa32929e4af3622213e835cfa84a,0b8cca6cd998b579f4a0556a31f388f4,delivered,2017-01-09 21:31:15,2017-01-12 02:55:44,2017-01-16 09:12:32,2017-01-18 17:05:11,2017-02-17,4d5db20ccc7f8a5f045b475d9fc6d8ec,2017-01-09
4ecd4654955a39a165e7cde49b3ec0fb,057adf4557a4a3544a67ea4221b891c0,delivered,2017-07-04 07:20:18,2017-07-04 07:30:08,2017-07-13 23:12:20,2017-07-19 15:22:13,2017-07-21,ff423b634e7bbec16b9f1466f126eb18,2017-07-04
978e16a447af958864561d170165f266,005b65c9a6485aa1b7ac382dd87b018f,delivered,2017-05-12 10:43:42,2017-05-16 03:25:37,2017-05-17 13:54:31,2017-05-22 08:42:14,2017-06-05,c836c92436fdcd6e5475ef442481385c,2017-05-12
f8fa646064b580d92a30a5db627a817a,6396a21463860af048e158dd5aefef7a,delivered,2017-03-10 11:30:03,2017-03-10 11:30:03,2017-03-17 14:27:20,2017-03-23 15:42:11,2017-04-18,5f9f9946905e18fc9ab9b9105a9d460b,2017-03-10
c73b0385112900ca02c36977ef4796a8,a53aa3517331b508cb1acc1c5fa8a9c8,delivered,2018-01-30 18:33:05,2018-01-30 18:51:17,2018-01-31 21:26:46,2018-02-01 21:18:33,2018-02-15,b3bfc537df7ee6edfd3c5beb77d8de23,2018-01-30
d8c70ddb5b67b5e92df691abb6bafd01,28646998f8d7d0237109673944bd8157,delivered,2018-01-09 11:36:49,2018-01-11 02:38:31,2018-01-24 11:15:39,2018-01-26 13:58:54,2018-03-07,3b12714e0102fa46a87dbe4c44a52154,2018-01-09
7158a97d6f769b92be9b76bbcf8a48eb,e1b2d840883b2b226dfba263ebdbfed5,delivered,2018-02-03 20:31:40,2018-02-03 20:50:06,2018-02-08 20:39:13,2018-02-22 21:58:59,2018-03-02,f2ed0b553f9663247741bc9f2e36efb1,2018-02-03
083dcf8ec0ff8aedc0d7ad8063baad80,80f48bf1d049cdecddea8ea5086b1264,delivered,2018-04-19 12:06:09,2018-04-19 12:33:16,2018-04-19 22:15:47,2018-05-03 12:52:04,2018-05-14,a55d6a572f9ed8a230f10665db325eac,2018-04-19
66a488ea7c0b8cea6ee72116130ec501,25b663d58983a5a6ba7ae7e8b1fe28cb,delivered,2018-04-12 00:21:56,2018-04-13 02:11:09,2018-04-17 19:28:32,2018-05-03 19:28:39,2018-05-10,7876030cfab7c241d370c0ff2cdc364b,2018-04-12
f91234b89ca8c758b3d2be234acb0355,d6b34ea6f3d03379c79d63ca7bde2f74,delivered,2018-01-15 15:09:13,2018-01-15 15:16:42,2018-01-17 02:16:58,2018-01-25 21:13:19,2018-02-16,2846c0c6219403dd2c92c53ffa41453b,2018-01-15
fa25c1041e1b896695240436adc0271e,b9dd7a8c7c61781ec848fafdcf7e3412,delivered,2018-03-30 19:27:37,2018-03-30 20:10:13,2018-04-03 14:48:39,2018-04-10 15:58:55,2018-04-26,e69077fb937a0eb51a6d94e07c4d4de9,2018-03-30
a1a98cc3be0d262bccf1ffd3495f4e81,2cb34326c980c574f12aa7ea197afdbe,delivered,2017-07-12 14:33:24,2017-07-12 14:45:20,2017-07-13 13:29:50,2017-07-20 18:45:32,2017-08-11,62aa2ce0e682ea58be2f6a47cc4db61a,2017-07-12
00cb18db3d9c03f8386e7fc70cad2504,e288b145525a2a1b7f73fa9101f3904f,delivered,2017-07-12 00:06:51,2017-07-12 00:31:56,2017-07-12 17:46:12,2017-07-19 17:39:44,2017-08-03,cee4e6509d99d45518c65d26971c1cbb,2017-07-12
a8cdce3722a15379cf3a4eaadb906c1b,5de7cb38f8f0b00659315a271cb3e051,delivered,2018-01-10 03:02:10,2018-01-10 10:31:46,2018-01-10 18:33:40,2018-01-23 19:58:50,2018-02-15,b3f2ee1073f3fa2354c70910c0cbd983,2018-01-10
a2bb1bcee7e5d4f4cd507e33d3e2cef9,99c28efdcbaf15c20b31be33fe964653,delivered,2018-08-04 01:54:43,2018-08-04 02:05:09,2018-08-06 13:09:00,2018-08-07 17:32:06,2018-08-14,c852d30267e8921063f7e76e16f32a95,2018-08-04
5decda9958a3cf3836fb5c0d263cebfb,84ab8f5f83c13a983ca61f97c47b6693,delivered,2018-04-01 19:59:26,2018-04-01 20:47:32,2018-04-02 20:11:33,2018-04-12 15:30:45,2018-04-25,5d4426f75a3df246c4e069e713ba214b,2018-04-01
cc0a0d27ed6897ad08f28a1f2472a49d,9849dbeaa220f8e584cb0a572d708160,delivered,2017-04-10 19:31:22,2017-04-10 19:45:15,2017-04-11 10:48:33,2017-04-15 11:24:37,2017-05-09,1d53bb3c7571500cd781b6d37ac93b0d,2017-04-10
59566b390f9e3f2182830b3a0b1022d0,05b9a99bdd307548ae19300848825919,delivered,2018-08-15 16:55:27,2018-08-15 17:10:23,2018-08-16 16:01:00,2018-08-24 00:49:45,2018-09-11,75109d97f264aa44d4b06f733058da59,2018-08-15
c52af89e91822e0fe67fab5eca3f2c5f,80d2dfca15a87fe59c2fafc53f1a7ffb,delivered,2018-08-15 13:10:04,2018-08-15 14:05:23,2018-08-16 12:33:00,2018-08-20 19:29:41,2018-08-28,1ad3add9a8c3adfbaadf8d4d63925a94,2018-08-15
fcea4bf64c9d15bef64a683ae2243e35,aba076c2e9967ef85e1f469444497298,delivered,2018-02-22 08:12:12,2018-02-22 08:28:32,2018-02-23 21:53:03,2018-02-26 18:03:24,2018-03-08,830ec4bec4a5b574b3830e2242096439,2018-02-22
c70e94e95cae9b1a4ad2510d55a521e3,e1b550c477b0dd423cf7eef2490b32e3,delivered,2018-03-12 14:44:02,2018-03-13 04:30:32,2018-03-13 23:34:41,2018-05-11 23:43:29,2018-04-13,bf2347194a14640752c7892ee837a8f9,2018-03-12
9151980bf2e61bf804e48072ea9652b3,387305b111f9f03eaaa0e738069db45a,delivered,2018-06-26 21:31:29,2018-06-26 21:47:11,2018-06-27 07:02:00,2018-07-02 23:45:39,2018-07-17,53eaa5cf961a5e4d36aa77c7502678a9,2018-06-26
49feda914c01f29c2cfdf7708278752e,c09ec34dc25bd644243e3e72f4065ec2,delivered,2018-06-25 01:28:11,2018-06-26 01:36:59,2018-06-29 09:46:00,2018-07-03 16:12:52,2018-07-17,e37fea4e2c366f2dfcde193122962960,2018-06-25
a41466cb3e72f333ad56e60b2d2c1ec8,dd2b7f0078263ec60c5bb1eee112e330,delivered,2018-08-12 15:11:34,2018-08-12 15:25:22,2018-08-13 14:32:00,2018-08-17 22:57:52,2018-08-22,42e8e8fa2f1aea2811ec60c21e918648,2018-08-12
77c885e668bc660993cbf7789930675a,9a65373be082bc7570233d8c60ff5dbe,delivered,2017-10-24 16:31:03,2017-10-24 16:49:25,2017-10-25 13:36:36,2017-11-01 19:45:48,2017-11-17,e2c8637256677ff5968ce784199f26b3,2017-10-24
d3d265b9a66248481dc2fa5ed773fdc8,a79ca97478b67be3dda612530e071f90,delivered,2017-04-22 12:03:23,2017-04-25 08:02:19,2017-04-26 12:17:01,2017-05-04 17:11:53,2017-05-15,8f2298c5dc32db859e0e4a141d6f44b0,2017-04-22
449843546854c1c20a560bcc47414c0b,17fcb71ac217425a94398fc2b5d5935c,delivered,2017-12-09 16:19:12,2017-12-09 16:31:23,2017-12-20 17:45:12,2017-12-27 17:28:55,2018-01-11,ba52524c47f8eabac0e99b38af88f864,2017-12-09
a97ceac85877d8753d3e47be01636ce2,ecabb42f176d5f366864bd4ed2fff95e,delivered,2018-01-11 18:24:16,2018-01-13 02:05:40,2018-01-26 18:29:17,2018-02-08 22:16:10,2018-03-09,0c5a3eec276d5585347c06c742bdc8ac,2018-01-11
cc38f8f9071f47f557c40005c7884168,607076db4abb025fe26f77819db19a6b,delivered,2018-06-24 12:40:55,2018-06-24 12:55:13,2018-06-28 06:06:00,2018-07-02 15:58:56,2018-07-24,2d27dca5b552a6117268124ecc3c55aa,2018-06-24
01b2dd042de98a15b6a9a141bf71c344,6b635dc10f8b7e1032cc13ff619f52c9,delivered,2018-03-11 17:17:41,2018-03-12 17:10:45,2018-03-13 23:26:46,2018-03-16 17:21:35,2018-03-28,76b656dd5912b7792c709003c19c6d32,2018-03-11
3544a45e2fd783c3dd0305cb5d2bac0b,6dda88ac325b7971cac6e83a5940d0ad,delivered,2017-09-19 18:07:50,2017-09-19 18:26:15,2017-09-22 15:28:51,2017-09-27 22:16:54,2017-10-06,e03b23644f340151b1fd16d1ece08cc8,2017-09-19
037d59208a513ace896d132dc8c8a93d,fe9e048ae4267835d2658aca15096833,delivered,2018-02-26 13:01:54,2018-02-26 13:41:00,2018-03-08 15:48:43,2018-04-03 20:49:38,2018-03-27,fddb7f687eb70d51fafe165dd83c093e,2018-02-26
144cd79cf6ab4cc11a282c3e37146b31,bf346629dac96601cd7683807c690f8f,delivered,2018-02-07 07:19:42,2018-02-08 07:35:51,2018-02-09 23:36:01,2018-03-01 22:08:38,2018-03-14,a6884c143d9926e282a284661ef88c1e,2018-02-07
fa1ce52b7f5e83c4473226c0a7ad131a,0750bb350b6dc48f9a8739754b75bf63,delivered,2017-04-26 11:08:57,2017-04-26 11:22:33,2017-04-26 12:26:21,2017-05-10 19:57:56,2017-05-19,50f9bd1bfab2329598ad440c806abf29,2017-04-26
8d99d2f6f573a9d674fd19d2c0f9a70c,61ffaa693fd37373d7d5e2799cc9c90a,delivered,2018-07-16 11:44:28,2018-07-16 12:31:01,2018-07-17 07:02:00,2018-07-24 02:03:58,2018-07-30,e21614b8b57fb38f71d8548468271a7c,2018-07-16
0de1434ccb9861eaddb1c05cf3c7c0ec,861a5544c25b9e13f4826a28164d5056,delivered,2018-03-21 15:50:56,2018-03-21 16:08:33,2018-03-23 21:09:31,2018-03-29 02:08:44,2018-04-10,7638aa016a1e8b69a81effe8d14f05f0,2018-03-21
666eb76141bb728bad22631162332455,5672d3e8d9ce687141f1b0aedfec2251,delivered,2017-08-11 16:19:23,2017-08-12 02:50:57,2017-08-15 15:29:59,2017-08-17 21:33:53,2017-08-29,0c16c2bf769ec50d429e92ccf4a411e8,2017-08-11
b062c88d0db22ff6a4e37c2df0f85333,5def259225633d139dc0132b6454620b,delivered,2018-02-24 23:18:14,2018-02-25 00:00:19,2018-02-27 02:33:00,2018-05-07 10:47:33,2018-03-27,09ab36a420b5c87c5c9772bdb494f2e3,2018-02-24
92b7ad3b562646f9112aa21df37f790b,c9da69edb9b3c5e7b8074ac4ea9b2244,delivered,2018-08-20 19:02:22,2018-08-21 19:06:08,2018-08-22 15:16:00,2018-08-27 19:48:32,2018-09-03,a64125c9db42482d780b911e199011f7,2018-08-20
b60e330e00299aeeafa976b885447190,0bb79aff5bf618a6f3bf91fd9049b9d8,delivered,2017-02-04 10:11:24,2017-02-04 10:21:41,2017-02-06 09:06:37,2017-02-08 16:38:45,2017-04-03,7c22edd8f6e95d1c4df595dfb60644a4,2017-02-04
7b862ac7558f536ca1c6f388f21d22d5,a708e353cc61e89923883c30fbb8150b,unavailable,2017-10-06 21:30:34,2017-10-06 21:49:19,,,2017-10-30,fc8e0f02248422f2069660bd2f08a3ef,2017-10-06
ece61a9988cb34a255aa01de896dc611,625c35ed3eebf2507520d9cf3c8158ac,delivered,2017-10-01 12:53:03,2017-10-03 04:14:27,2017-10-03 20:36:09,2017-10-11 20:38:26,2017-11-06,e5c6afde4719f8f7a4be27d9718a0d1c,2017-10-01
cc02a7fcf32e60f96656ec24080b6d7b,ac911950c597938b6e657d5569510aeb,delivered,2018-01-29 14:13:06,2018-01-29 14:38:27,2018-01-30 22:04:13,2018-02-20 16:09:13,2018-03-02,1dcb5d5ef53c05ddf491665906f2f032,2018-01-29
31a36522fd3998f250795c1e732acdac,e7350e49faa391c46df0afe7f941ce55,delivered,2017-09-18 18:59:31,2017-09-18 19:10:21,2017-09-19 16:27:48,2017-10-03 20:26:17,2017-10-11,421085f8ed051a5454ccdc703ccc9fe9,2017-09-18
21182daf8c2ad5cffd3eaa21afd79d20,db8940226b1578796307372dc00fef20,delivered,2018-05-08 20:12:51,2018-05-08 20:54:51,2018-05-09 11:19:00,2018-05-17 16:03:37,2018-06-05,dcf5a61895c0542bb8c7e8e74f4d61ec,2018-05-08
4677f9438ab0c129fd625699019e160f,a2d6238c1021169e67182c2c79c073f8,delivered,2017-12-28 13:08:49,2017-12-29 13:46:46,2018-01-03 23:33:28,2018-01-05 20:05:58,2018-01-17,ff269897083847aeed2570d03fabdafa,2017-12-28
110217d362db03668a0c1388db3fa1bd,53d66b5ce010fe1b3a39afffe43bafdf,delivered,2018-08-18 16:04:56,2018-08-18 16:15:13,2018-08-20 16:15:00,2018-08-27 22:02:47,2018-09-04,4b3fdfc4f52dcab6630cd18c49a6f831,2018-08-18
0f537c28b416c542bd58984e8d51b4ef,49e31013afa5a0bfd5cb51d26ce10a57,delivered,2017-10-21 12:31:52,2017-10-21 12:49:20,2017-10-23 19:12:19,2017-10-28 16:28:35,2017-11-13,ab071ec5dbdbd6f95c6ae54cfbb39424,2017-10-21
fef549363384f9b965c942a7eaf0e6a9,7fdb539d21e1296b6afbc8c4e06f9bfb,delivered,2017-07-06 17:49:33,2017-07-06 18:03:26,2017-07-07 12:04:44,2017-07-19 18:47:38,2017-07-28,096fb31aae9cec17398a7f7328cf64f5,2017-07-06
dc5cb627d7efea62719ee5d36aa9254b,a5842d685688289ba97b113d4fcdca10,delivered,2017-02-13 11:10:57,2017-02-13 11:25:14,2017-03-17 15:09:54,2017-03-23 17:08:12,2017-03-14,a3fbf03a1b7e2afabf8a5e563d5129fe,2017-02-13
dba1b6fd34a7fd5961e829fa902ca702,3d97524e491c9aba1f09141ecfde08d4,delivered,2017-01-28 23:29:12,2017-01-29 00:36:10,2017-01-30 13:53:57,2017-02-02 09:42:11,2017-03-15,5b4f4020c6264b792133c4a42e41a0b3,2017-01-28
b1980aff89e38cf1fd536ab4c04c7c68,9eee33666a68d14a3cfc3d3da1a876dd,shipped,2017-12-04 17:22:15,2017-12-04 18:30:28,2017-12-05 18:23:02,,2018-01-03,accd68fd87adda3d6360d77daafd964d,2017-12-04
f656da44d1ac2f2be9875b2cc4ce7a94,bc6da87c7d173cae10ef1402e584c9a5,delivered,2018-07-16 19:34:16,2018-07-18 03:05:19,2018-07-19 14:35:00,2018-07-20 19:28:27,2018-07-25,6e15afface3b405ed9f77cee4b5d2e9a,2018-07-16
acae143a186daba1a799e24d98f187d4,7a7155625ed41db5a24a123ca185d7e5,delivered,2018-03-18 21:25:49,2018-03-18 21:35:37,2018-03-21 19:17:38,2018-03-23 15:08:42,2018-04-04,a9373644905413a2416136d4ef4b88a4,2018-03-18
480a3cf22a0de15e7eea10a10ff49f8a,8ef0c4ed92f36f086327ceed339112fe,delivered,2018-04-09 10:22:08,2018-04-11 08:50:36,2018-04-11 18:36:34,2018-04-17 17:32:59,2018-05-03,415ea804893f5617329ab4c9ff036e17,2018-04-09
c893d855b41d9ebc443d3addef1755b0,1d3103ef95db3088d0372907e2e96a67,delivered,2018-03-02 12:32:51,2018-03-02 13:09:20,2018-03-27 15:21:29,2018-04-03 20:34:39,2018-03-28,1d76c606c276f4fa89b49bb6fccd6cbc,2018-03-02
e2a75ceae52579f722b2dedbdef56e20,f0cef16c98974afa0b45755fb96e5e0f,delivered,2018-05-16 11:39:02,2018-05-18 05:16:19,2018-05-18 14:43:00,2018-06-06 18:28:41,2018-06-07,1d26be1534ef28629b5f5ab89b6f1b58,2018-05-16
7622da48f027d5659a0d7b0a43597354,b73059b796c2abebd783eb6af533b1a2,unavailable,2017-07-09 14:27:44,2017-07-09 14:43:05,,,2017-07-21,d56f9a7da9e4ce820e0478115ce287b8,2017-07-09
357e26bc92e720c2b487e879d07506d7,db56963929040d06bd7bdb35d3f66883,delivered,2018-02-25 15:10:10,2018-02-25 15:27:47,2018-02-27 04:17:00,2018-03-21 21:11:43,2018-03-19,f0b455e0ba8ae5c44f91438d043cb302,2018-02-25
734ed62862ce8c5abdbb1311173e7a95,677ba8a94b1dea49a4d324e88d1fbff7,delivered,2017-10-31 17:44:20,2017-10-31 17:55:24,2017-11-06 18:22:54,2017-11-16 23:32:42,2017-11-21,ee1c35205b0d1e413d85ca3dab0e66c2,2017-10-31
4c53b0b3742e7cc9788fc8df71b216a6,c9ec4f9b7f4d08b7ec172ae3599c2a1a,delivered,2018-01-20 19:04:28,2018-01-22 13:56:53,2018-01-25 03:33:19,2018-01-26 22:23:13,2018-02-06,632fb09645bc961dfb3126abcc78310b,2018-01-20
6844232657c577a7825fa1fdabbb6b5c,7d92552ca1c36174505158f5d593f835,delivered,2018-03-28 21:16:15,2018-03-28 21:30:22,2018-03-29 21:51:53,2018-04-03 22:58:38,2018-04-10,659772479699169589989ac0897fd1fa,2018-03-28
72c1981e7d8a8581c570d2e31a560935,755148ef59208372a60ac6c213c1389f,delivered,2018-05-24 11:30:28,2018-05-25 02:55:26,2018-05-25 13:58:00,2018-05-29 15:04:38,2018-06-11,0ca2dd6263ac4642f232281adbdb0a86,2018-05-24
91fcdc0357e6c76803fb5d654a0226a0,d95eb0e957edfbca43feb2f292484de4,delivered,2017-08-21 15:53:42,2017-08-22 16:08:45,2017-08-25 15:59:51,2017-08-31 16:55:14,2017-09-04,f4af0b3f627879bf6801db96949b1e71,2017-08-21
9afefeea80a45adfd67f304e735aed05,152e182124295891034ebacefe99e1f7,delivered,2018-04-08 21:01:27,2018-04-08 21:15:19,2018-04-09 15:27:59,2018-04-17 23:38:27,2018-04-25,f80780ceace8e496ba51bae3385c50d4,2018-04-08
8c596b2320d54060f34f8558c8da0bd8,fb1b98818522e9988313fb3e53ace07d,delivered,2017-11-17 19:51:15,2017-11-17 20:56:08,2017-11-22 21:22:49,2017-11-23 20:59:06,2017-11-30,bae0eab146a42775c9eff20518e7dca2,2017-11-17
78388558707957af9310d88b1a22893a,8f075c85fc78757c97e0da4d0686ef59,delivered,2018-02-26 23:27:34,2018-02-26 23:48:12,2018-02-28 17:43:10,2018-03-21 18:28:33,2018-03-23,248104cf09f2fea2729b76ddf4cde7f2,2018-02-26
5dc70acab84ac4fd4ffb73d38c63cc94,c863c060ca50d90eea7f980c2e04b868,delivered,2018-03-04 11:20:37,2018-03-06 03:49:22,2018-03-20 18:03:09,2018-04-30 20:51:37,2018-04-17,937ab0db6740980b6126beab34ff802f,2018-03-04
7161526d3bb1d4a156f47e01877217fd,d34082ae3c70367c05565ffc12f3ca33,delivered,2018-05-02 22:06:11,2018-05-02 22:35:01,2018-05-08 08:27:00,2018-05-15 20:32:51,2018-06-14,8a68a28bf013da800d0ad91787a1e029,2018-05-02
f7b85ba5a5ed5ae34ded6d88606976f2,d934b723f17c45f76011cf67420bc373,delivered,2018-03-24 17:53:11,2018-03-27 04:08:34,2018-03-28 00:32:47,2018-04-11 23:37:48,2018-04-25,887537abe3ac1bb29ce8dfdf40a0a83a,2018-03-24
2550dc57beb900517cb6bb7afb5703ab,724a8db62950dcbfcbec9be37795ba1c,delivered,2017-10-08 15:59:29,2017-10-09 16:07:23,2017-10-10 16:23:21,2017-10-19 19:13:29,2017-11-09,9bc1d14c71ab8184a43e64cfeb070d33,2017-10-08
0ec09142bbb9fcd661d1d168e66371c4,adaaa45dbbe7db528b046b5d85a75724,delivered,2018-04-01 14:54:46,2018-04-01 15:35:13,2018-04-02 19:48:37,2018-04-11 16:08:44,2018-04-18,9a29de0495b3024340cc34a5c24539fd,2018-04-01
7bc88bda58c55b3bd3ba47672c6f0cee,846e572471a920777b3e85370457ea23,delivered,2017-11-28 23:30:48,2017-12-01 10:31:49,2017-12-08 20:27:34,2017-12-18 18:23:29,2017-12-18,662d023e2e57a6008b23e82334f18942,2017-11-28
cd9a9c293aa0ea00d1419883307e9544,b851e6a25bb4a7c1303d972a40cfdb61,delivered,2017-08-03 12:25:25,2017-08-03 14:45:13,2017-08-07 20:18:42,2017-08-11 21:17:18,2017-08-30,3b77909bfca56bb59872359d7586f8ef,2017-08-03
6cff9244ac14a30d55f39722cf7febe9,b5071ab8f378eafcbbbc5f19e298ced1,delivered,2018-08-18 22:35:42,2018-08-20 10:50:27,2018-08-20 14:11:00,2018-08-22 00:18:51,2018-08-24,968f4bd1f9c551649e4a3a352615d43a,2018-08-18
3dafc0bec8f7cc53ecc6671ca9c646d7,3c64e8e39ccf2466e0296863a8a39764,delivered,2018-07-06 23:38:02,2018-07-07 10:10:09,2018-07-10 14:53:00,2018-07-12 00:59:31,2018-07-19,f1059c533da24a49b6996e0e7ac7b48e,2018-07-06
d8be7210368c4e44be491b1e395b293e,9a60d8600530488c1d7baada5a3658d8,delivered,2018-08-19 18:03:24,2018-08-20 12:50:44,2018-08-20 15:55:00,2018-08-24 20:08:45,2018-09-03,7ac3ad93a1f5beab2a96084f6f0dad4d,2018-08-19
190ae960b78afbbf3f0cd1dd3d2240fe,74b11dc07b7ada632fec73288a416ad0,delivered,2017-08-11 12:53:34,2017-08-11 13:05:14,2017-08-16 12:37:08,2017-08-21 19:52:13,2017-08-31,f25419f3953d5414f74d913e4c1897f7,2017-08-11
ab6d00347b9055691972ac20f00df77b,cb1f700f682e3a51b2d8cd55d577f3fb,delivered,2018-07-04 11:11:58,2018-07-05 16:32:56,2018-07-04 14:08:00,2018-07-06 15:34:33,2018-07-23,e3c81a3766d9c853ee8ee17aa9ddf25a,2018-07-04
0961e67affdacb23a647b67618e2bc70,1e98ef30dc6e4aebf3cedcf0bc5abeff,delivered,2017-09-09 20:33:21,2017-09-09 20:43:29,2017-09-13 20:49:42,2017-09-18 17:00:02,2017-10-05,35c343f49cd9c4ef07b58a8e551d646e,2017-09-09
064330ca980cc4023706283a3c4b89a4,a0be8bd8b97ca99891f726d57b57bfae,delivered,2018-07-29 21:19:49,2018-07-30 12:35:18,2018-07-31 11:32:00,2018-08-01 11:21:00,2018-08-06,99829659b11fdc940b09a440412559bc,2018-07-29
15c083daa3863e259ff8a340f1422546,f8a029feae20eecbfce4a6375916270f,delivered,2018-08-18 11:19:17,2018-08-18 11:30:38,2018-08-21 14:49:00,2018-08-27 17:12:40,2018-09-06,8959429661bc7683b7f9d9cb8c5a8c27,2018-08-18
27c747b711a812bafe3c276823a6bf73,799ce5c7f8435dfa3b4a7cb61670a5d3,delivered,2018-02-01 20:28:14,2018-02-01 20:53:25,2018-02-05 22:09:26,2018-03-21 17:38:33,2018-03-09,55358388564c39b1d171621395ea2544,2018-02-01
09410001d65f75b36821f9556694a895,4879641d062865cc7157ea201af2972a,delivered,2018-05-21 11:36:32,2018-05-22 08:34:04,2018-05-22 13:40:00,2018-06-08 16:47:54,2018-06-06,2da006a79e9f6a9811c630ea4c9fd031,2018-05-21
3683d42ef26919be1aea9cbbed4dc1fa,84d9b83baeed8f137f8036a5ffcde343,delivered,2018-08-16 16:38:44,2018-08-17 16:35:19,2018-08-21 13:31:00,2018-08-29 14:55:46,2018-09-06,af64f8f7745ebda82e9f949f35d1a893,2018-08-16
d2cb7c100806e87a227d413e9157cb76,bb0a780318dd7a760b8ccb5c35fa16fb,delivered,2018-01-03 22:43:18,2018-01-05 02:35:44,2018-01-09 15:35:08,2018-01-17 17:48:59,2018-02-02,20225a49ea833f6127532ed78c516c0f,2018-01-03
ac0371e472353a206eebab840f5e2ad4,be34cf7dfb4e0d28b500b020e0fc65bd,delivered,2018-04-03 19:51:54,2018-04-03 20:09:14,2018-04-04 22:34:28,2018-04-11 23:24:42,2018-04-27,788d87eeb999019a75d8ba69017398b7,2018-04-03
e95634044d70b26eef37fbe32fc3ea9c,acd2c9cdf9e713033bf01c4ca5917b4b,delivered,2017-09-14 13:57:21,2017-09-14 14:05:59,2017-09-14 20:32:11,2017-09-25 18:05:45,2017-10-04,db6c555a3966c0da423ff7a0ae9cb6b8,2017-09-14
ff16d15a9ee89f3b65af595178308532,7b47b0a45536529175e846fe1301117a,delivered,2017-10-16 14:18:43,2017-10-16 14:50:40,2017-10-16 21:38:37,2017-10-17 22:15:52,2017-10-26,f7e8590591bc95bf247598c854a2b599,2017-10-16
77e3266e92eda8a0570ce5b1045fa3b5,9f3c672ec2744869d0ef91027968513d,delivered,2018-08-04 17:13:33,2018-08-07 04:35:17,2018-08-07 15:33:00,2018-08-10 20:47:34,2018-08-20,f7048db4964061bbe1e5f1cd51d1edae,2018-08-04
faff16fc16c4344af7f60cedbbf6cb2c,f95221dd93c3523964d0e7421192a137,delivered,2017-07-21 18:26:34,2017-07-22 06:42:46,2017-07-24 14:03:10,2017-08-01 19:18:59,2017-08-15,5511558799e00a6828ae95c9bd9aec98,2017-07-21
a2253f696c9e2cba89d15e599caf280e,c1ba1e137fc4fbf24655b5fcd8aae28e,delivered,2017-11-17 19:45:11,2017-11-17 21:06:22,2017-11-21 19:22:06,2017-11-23 18:21:34,2017-11-30,f5ffd5d407a26d37fc0e0b2251a402ab,2017-11-17
473028ba6e7cb38dbc82e11d85a3f743,3ed014f15c7896626a3d7b71986b017f,delivered,2018-04-19 10:32:18,2018-04-19 11:12:41,2018-04-20 18:48:41,2018-04-25 16:54:31,2018-05-14,23bfa13fa1a1822d3040bc60ccd1f2fb,2018-04-19
71df939ed0ea6fc3549a76728ae598d6,75d7d29f5e0fa14362a17bbeac73c073,delivered,2017-05-04 15:50:13,2017-05-04 16:03:24,2017-05-05 14:32:51,2017-05-13 11:31:44,2017-05-25,64315553bb94ab3d096d833a3942b990,2017-05-04
50cf9a3b5a1afbf90ea3ed1b52469788,30a24f9ae9b1c9d81ba626ab81dc7e4e,delivered,2018-03-14 10:36:39,2018-03-14 10:48:48,2018-03-15 00:41:08,2018-04-20 12:37:38,2018-04-19,7ea75f24b48b0d129fb3bc47e9510ec5,2018-03-14
f359fa9d20251af793b9b9704c9b3f47,9e50e5c4f7f4df3eab45f6256d824511,delivered,2018-03-02 01:10:46,2018-03-02 01:29:51,2018-03-05 23:51:34,2018-05-10 13:57:44,2018-03-26,f14f8b86f1ac16f12dee669ebcc7a561,2018-03-02
9794a238ab3d4acf86002d2f0ddb2890,058d7abec446a0205f278373001457a8,delivered,2017-05-05 11:28:44,2017-05-05 11:35:36,2017-05-10 09:16:59,2017-05-17 11:05:41,2017-06-08,57727682e71abd2dab8932cbaebda857,2017-05-05
fa80427bf128feea66cc6b564e939512,4e059129b59090525afb7c6deb971f14,delivered,2018-03-21 17:33:20,2018-03-21 18:28:35,2018-03-27 17:06:36,2018-04-02 18:59:55,2018-04-10,15297125a2f68451071858388ace7d06,2018-03-21
c6a79749006273a0aa6567ddfd275527,0fd1c951a39c742d65f743041bb9604f,delivered,2017-11-25 19:55:32,2017-11-28 03:39:38,2017-11-29 18:08:57,2017-12-11 21:57:06,2017-12-22,413876221b93ecd8af2858ae28665a9b,2017-11-25
057e8245e6408a7f5db33b517c481617,a4712004cd61cd9a1645946cadccfbb1,delivered,2018-03-04 18:57:57,2018-03-04 19:15:33,2018-03-06 00:06:29,2018-03-12 17:58:48,2018-03-21,bf836cb985b4804d4d2b30a5fdc01611,2018-03-04
bd4408025e544757842c962993ff7104,4198bfea408caeea241577a5fd80a348,delivered,2018-08-08 00:12:58,2018-08-08 00:25:04,2018-08-08 14:52:00,2018-08-15 20:28:37,2018-08-23,cdf5e0f0be96859e704094abff7ed5b2,2018-08-08
8c27da2e91c92bdf51f131d0d24d9af7,496acdbb02ea6a0ee1dfdb9031f7c761,delivered,2018-05-06 18:38:05,2018-05-07 09:31:49,2018-05-07 15:33:00,2018-05-11 18:42:32,2018-06-04,a485ec1e4c7e21e22184f44ebddd64a4,2018-05-06
7c9ccc685465db762929dc50cff89257,a382d42829c2c119982c1eb049e6a8bf,delivered,2017-05-14 00:30:14,2017-05-16 03:45:40,2017-05-17 10:59:45,2017-05-30 12:03:22,2017-06-14,029b457bd01199c39136f89e0eddcd3a,2017-05-14
048f62c5f28797fb7a060c3f3c3e3e2c,40c1c898520b6b2339eb9aa48a3f5485,delivered,2018-05-03 14:52:26,2018-05-03 15:10:25,2018-05-04 16:24:00,2018-05-09 17:42:12,2018-05-28,0309795490ad2e118e89f57606bd24d7,2018-05-03
e4a03f1067b6f71cfad04c77a586d208,9b16b471e3270abd75d0f6b873298f2e,delivered,2018-05-15 17:07:39,2018-05-16 17:21:52,2018-05-18 11:51:00,2018-05-23 15:35:43,2018-06-04,d0b458bb3ef3bab46a244c6420976304,2018-05-15
c1e0ca05590ed1c16d7aaa4c96fdced6,93bb6b87c2f3b43b991f2b37da6f2095,delivered,2018-03-03 10:03:41,2018-03-06 04:20:29,2018-03-06 22:39:01,2018-04-16 15:18:32,2018-03-29,968fe295f3c0ecbab2f617917cc4c46f,2018-03-03
368b6ae3d06e7116cfbfaf1b888becb6,4b89b978ee6465a083e3e6e52792994f,delivered,2018-02-24 11:59:46,2018-02-24 12:15:28,2018-02-26 18:58:58,2018-03-02 22:47:00,2018-03-16,2e814a751f137ac371d303481b3711af,2018-02-24
4f1743c0fc4465b3df1209280e727fa6,23349d7815ebab38482edcc7067d7f33,canceled,2017-08-11 13:17:36,2017-08-12 02:45:20,,,2017-09-13,fa230c2d335d24b666868f28388e3845,2017-08-11
181835eef0cb512ef4d11e3240815b95,0ceb4e966053cae65b559f959b705f27,delivered,2017-11-19 13:23:08,2017-11-19 13:35:28,2017-11-20 14:07:58,2017-12-13 13:19:25,2017-12-08,943aa7acc4333d37d79989c6d9d74a0a,2017-11-19
e2d728d25671b9cc26c08107fad09654,d02c08e99d8a8f8c8b2671a71149d683,delivered,2018-05-01 16:43:37,2018-05-01 17:12:41,2018-05-14 08:35:00,2018-05-19 17:41:18,2018-05-29,44949cb416495fd4ea1f2fb9d7d39a53,2018-05-01
0ae9d5632892fb8b10c6705633f72d2c,f08897f66a5de8441153d71bde67e285,delivered,2018-04-08 21:21:43,2018-04-08 21:30:20,2018-04-09 19:47:49,2018-04-24 18:19:20,2018-05-09,448ceb48d9a040500505fc29078a8768,2018-04-08
e5e60230ff5dc8932810d73a4ef6417e,e63ff59204c3f0c9b48e8cf43776abec,delivered,2018-02-25 22:14:16,2018-02-25 22:28:10,2018-02-27 04:11:44,2018-03-12 17:09:24,2018-03-19,021ba14f8e7b9e5c46cc91cfdbcfbbd1,2018-02-25
a0b1093f5f180383cf2ed2a9a6586070,0af80bbcdcbbfc41fc50994913479faa,delivered,2017-10-07 14:55:38,2017-10-07 15:07:28,2017-10-09 21:37:52,2017-10-18 19:19:41,2017-11-06,598d2ad476b3ee4e37b59240df09fae8,2017-10-07
860a32f547d59f2dfaf1bc22cd68d972,c14fe40da04e2cad7f80c1725235f190,delivered,2017-04-26 09:36:00,2017-04-26 09:45:15,2017-04-28 16:52:50,2017-05-16 09:06:53,2017-06-02,f59c257b4e1c07eaba8ac8b150f6a62b,2017-04-26
d7b2d3b902441cf3dd12cd125533217d,217344c7c334e16c8e76551b4b240c1d,delivered,2017-10-31 11:27:06,2017-10-31 11:47:06,2017-11-03 15:27:12,2017-11-13 20:36:58,2017-11-23,584455f2e1e703ad4ea6618f833ff1ac,2017-10-31
c425022a55c05232ef90584ea3a169c7,dc6a402859b4fb7904e71890a530c63e,delivered,2017-09-26 16:22:02,2017-09-26 16:49:30,2017-09-27 19:03:26,2017-10-04 18:34:00,2017-10-11,f5859580b427853d3230f857fd8c1439,2017-09-26
c203a56a635b990cad279bae08bb2988,4a28af4dc07ca764e043a6e74dc4e997,delivered,2017-04-13 14:08:37,2017-04-13 14:22:40,2017-04-13 15:26:35,2017-04-28 14:56:09,2017-05-23,2cad5286a182e606250cabecbd864674,2017-04-13
4e658409c66959a88af17ef4048b9997,6bae34986755042de9949766923fcfd9,delivered,2017-08-24 11:34:24,2017-08-24 11:45:24,2017-08-25 13:43:40,2017-09-05 23:07:53,2017-09-20,ff8bfaa14a84f8eb697173bd70261a29,2017-08-24
aa3aed786cbca7fa2c6eaf17148c63e4,7cb49dacdbac02e8c66298569cce53a7,delivered,2017-07-30 18:31:33,2017-07-30 18:45:21,2017-07-31 20:12:27,2017-08-09 18:08:37,2017-08-22,a7ffd0dd76d5ade08dfeb96ee2f1748e,2017-07-30
6a1281fec373ae8c10471045ecf91fe6,0ced2413547b35b60c68c5fae76e5b8f,delivered,2017-12-24 15:16:31,2017-12-24 15:27:55,2017-12-26 19:39:28,2018-01-09 19:04:31,2018-01-19,946d9136133650c8e0348c71b47a3dc4,2017-12-24
979731bdd0a369264c048f89a2e9e3fd,a175086c9949d832430ba3ab355e95bd,delivered,2018-02-13 13:23:52,2018-02-13 13:35:24,2018-02-16 20:17:52,2018-02-22 16:09:04,2018-03-01,59902380a334ae090df01faa8b7ee3a9,2018-02-13
94624ae38f797a3185b786a042e5fc84,9e0b738a4cf778c630708dc17360bcc7,delivered,2017-08-21 22:39:17,2017-08-21 22:50:27,2017-08-22 20:33:35,2017-08-29 20:58:52,2017-09-15,a4dd8302919cd67ce0180f2b1f630384,2017-08-21
49c256b6db84e08634e7b665e0b6f63a,54ce9b98bfd40139469c779c16250758,delivered,2018-05-12 17:35:56,2018-05-13 17:33:33,2018-05-14 13:45:00,2018-05-17 22:17:44,2018-06-05,1d5c1ab306e08cd424ca9397fe7e29a8,2018-05-12
e647bf617de735448a4ba54f8910393c,11440840f5653ebba13e919285c71389,delivered,2017-08-29 13:39:40,2017-08-29 13:50:21,2017-08-30 19:04:47,2017-09-04 21:38:04,2017-09-18,4872db1f116f7639293f1e960ac655d6,2017-08-29
98b4d7416936a07ca82851907fb3c63b,22ea4c164526c98f483be9f6ff6a64e5,delivered,2018-07-04 21:19:15,2018-07-05 16:19:56,2018-07-05 14:41:00,2018-07-06 20:38:43,2018-07-17,f8a3cc06f9b755842510f5dbcd76fda4,2018-07-04
99ea7908cd1e043462057874b180e3fe,05fa87701fb77d327e49cb5fb457a5da,delivered,2017-08-04 17:28:51,2017-08-04 17:45:15,2017-08-07 21:18:01,2017-08-10 23:36:58,2017-08-24,c5a4367eb2925eab85a8bd7ba34a7e42,2017-08-04
edcd987f773b6e55104729648e8cf34d,9f3f0f4cbc15ba48c9906e581d053578,delivered,2018-05-25 15:44:21,2018-05-25 15:55:10,2018-06-01 10:30:00,2018-06-07 16:58:40,2018-06-20,4eead7ec11cdf8b8fe4e39583d8f05ed,2018-05-25
526adb0ce5a810e18af0b00b46011957,61febd8ff905215bbdd5d259d519fbd0,delivered,2017-02-14 14:34:43,2017-02-15 02:45:19,2017-02-15 12:14:37,2017-02-22 10:12:14,2017-03-27,da6ad0a13f78e44acd723bcbcea5de01,2017-02-14
3b7132abf3ba167e73c6390f51de0256,3c159c7824d259dd3cc9ae0933bf1b3c,delivered,2018-01-22 11:41:56,2018-01-22 14:19:53,2018-01-24 23:56:47,2018-02-01 18:06:27,2018-02-16,f2260446f8f9743d4b00e2d0e6ad9b35,2018-01-22
f81e7bc51080d4db48858aec6c69283e,c3ffeb9c3087a76ea3ba49071efcb175,shipped,2017-11-30 18:12:14,2017-11-30 18:37:26,2017-12-02 01:22:30,,2017-12-28,01f2c78d8578f27b62ca1186752e1532,2017-11-30
8f91b7a70604c68b017c9f0f74149c1c,2026006bf7461b9cf591e44a9bf9cd9a,delivered,2018-03-15 11:27:04,2018-03-16 15:15:32,2018-03-20 20:16:28,2018-04-25 02:37:19,2018-04-18,cab7d960c70627143573a8d907a5e946,2018-03-15
3dd56a86707d14e6cac73040b282b6f7,df530c707fba94774a50985f6c29ba49,delivered,2017-11-24 15:20:14,2017-11-24 17:55:22,2017-11-28 20:47:55,2017-12-08 19:34:54,2017-12-21,51918bf7fe5503914943adb1960b9bf2,2017-11-24
06ff6cb289c9f1d1ccacc6764874e3c2,cfedf8fc9bf6108c3fd34514c00be6aa,delivered,2017-08-15 22:42:16,2017-08-16 00:25:31,2017-08-17 18:22:12,2017-08-22 17:17:02,2017-09-06,76c9a12722537319e44c31e70b7815c3,2017-08-15
fcd0b91ad7d520a891affcc33e293566,4a090649d6d3bb324fe7a86ff5e9687f,delivered,2018-02-14 21:18:25,2018-02-14 21:30:29,2018-02-16 18:46:31,2018-02-27 16:08:05,2018-03-20,c47ce7cce21dab22b792e0c81c5bfb1f,2018-02-14
e68c0dfa1c37f2d828072ae7093531c5,f2651b1bffa803600045f295547c983e,delivered,2018-07-19 10:37:28,2018-07-20 04:43:13,2018-07-23 16:09:00,2018-07-25 15:08:32,2018-08-06,c745f67c28b2b42bef4e9be802ad3cdb,2018-07-19
9423ec5aa2843d66ab1e34407ecb9b74,463b052407aeb5642133392278b2ba38,delivered,2017-08-30 10:34:27,2017-08-30 10:45:17,2017-08-31 14:26:17,2017-09-05 19:37:42,2017-09-12,357cf424dccfd31af51988747175bf8d,2017-08-30
0c1eabff9739bc1f4ac404d1a8a13db5,09fef67c127958d557d5fae582d5091f,delivered,2018-08-07 21:57:02,2018-08-07 22:10:17,2018-08-08 09:02:00,2018-08-15 11:21:56,2018-08-20,525cda9909aa001ebed396f6e55eae01,2018-08-07
5d963a08322bbf0e9d783716d6e9c1a0,52efb714ec49e013cc9dd247bbd7ffb3,delivered,2017-09-30 22:45:32,2017-09-30 22:56:16,2017-10-03 16:40:12,2017-10-04 17:42:12,2017-10-18,331a90f871396eca3dbbbaafc0f7fb39,2017-09-30
bba5d3c45d232d36995ca63ee0232d7c,ddaecf48ffb07085e24bdd73389197e2,delivered,2017-12-16 12:35:56,2017-12-18 13:29:32,2017-12-19 16:39:40,2018-01-04 17:43:37,2018-01-16,5048e402eee7fe83e8335264b693954a,2017-12-16
733a9dcebb673d6b1730af81ab1fa6a2,2e0e272b3d7f51e55ee393175b81b26a,delivered,2017-11-24 12:17:30,2017-11-24 14:31:50,2017-12-05 00:37:33,2017-12-26 18:05:21,2017-12-20,ca8df232f8eca065dc8c88de8795a4c3,2017-11-24
7263686303ac0eabc2a7fc96d65405cf,07473aa73a7244877192373a2dbf4b43,delivered,2017-07-19 13:56:13,2017-07-19 14:10:16,2017-07-24 12:14:53,2017-08-08 16:32:33,2017-08-24,99b3e27b12833cdc81ec126bf49721e4,2017-07-19
959e7a4f6f98f189da64a254d9937313,2060471b33f791617630505a22d8defa,delivered,2018-08-07 20:35:24,2018-08-07 20:45:15,2018-08-08 14:40:00,2018-08-11 02:03:31,2018-08-20,196e7fb65889f06c5198f6fcf207e22b,2018-08-07
b32b873f99e4025c2e69eed86c1bcc97,5b97e727263e5eda186851ba3abf010e,delivered,2017-11-24 00:18:48,2017-11-24 00:50:52,2017-12-12 19:31:43,2018-01-04 23:48:59,2017-12-21,379dc556ac82dbfc98ddb8cce8f6a404,2017-11-24
175e7244409a1c34674cdd3407e25808,eccf5f0bc39613de60c5ca015a5541c6,delivered,2017-08-22 12:49:29,2017-08-22 13:07:30,2017-08-31 13:18:31,2017-09-05 18:57:36,2017-09-18,f34cd7fd85a1f8baff886edf09567be3,2017-08-22
5b5921eac7d583f6e674f87c9ff21664,02cbf3cd827bf941d7f07691f0d69199,delivered,2018-04-14 13:22:46,2018-04-17 05:50:10,2018-04-18 22:28:32,2018-04-26 14:32:39,2018-05-10,c792033f9edd77a15119a8ad84bac11b,2018-04-14
249ce1b12f07122e85a8a56336368477,544adf4b007f958dd9ca0e81f665c50a,delivered,2018-08-04 08:50:46,2018-08-04 09:05:11,2018-08-08 12:58:00,2018-08-16 21:08:46,2018-09-04,31f1c1348185be629ce9ea2d4d71617e,2018-08-04
edc0fe108d350a1a98a62888287bc6f2,cce8a7da61bf170e0e1780b28b1e3ac6,delivered,2018-02-12 17:33:54,2018-02-12 17:47:57,2018-02-20 17:58:51,2018-03-01 21:44:21,2018-03-09,bf257f507db19138f5bc4065313c1f87,2018-02-12
efb6a1fdf7fd7d82904506ce21909c7e,1f8c8c7b7b7f10c3b35533578c3793c8,delivered,2017-11-30 13:42:15,2017-11-30 13:58:32,2017-12-01 20:52:07,2017-12-08 14:07:09,2017-12-18,0be374e8b20536fd83fa3da81c358d08,2017-11-30
503835e65064755671a55973619b9eb7,4845235707703796b625f9c7b967d6dd,delivered,2017-11-01 14:14:38,2017-11-01 14:31:33,2017-11-03 14:24:59,2017-11-08 22:51:23,2017-11-22,e603eedffffb8727efe1100bb564594b,2017-11-01
a0d1ccb35ed3e8d90bb7eecccb02ea1f,27a063840a00d5f2e10164bdf37f7a40,delivered,2018-01-26 03:09:42,2018-01-26 03:19:23,2018-01-26 18:17:48,2018-01-29 13:24:44,2018-02-09,28537729e386e797c94fcd8447482cfd,2018-01-26
8dbdb49adde1547872efd760ec602f8d,f126ddf48e4b977fd5cf9737dde982da,delivered,2018-04-19 19:51:12,2018-04-20 11:54:45,2018-04-23 19:04:01,2018-05-03 19:21:43,2018-05-08,0b5c81b5e19de4e7c5d6f2ff68944ad4,2018-04-19
5d6e04a5abfffe286806a9e6b296eb1b,f259bb43b57b88a848f21b728530e5dc,delivered,2018-07-23 16:32:54,2018-07-23 17:25:16,2018-07-25 11:07:00,2018-07-26 16:58:37,2018-07-31,13b0abde07086c41995ef939869c2bd4,2018-07-23
127b492558d1b28fa8859e45539a981f,aa147152bc4793a11d68ff46f5048f3c,delivered,2017-11-12 17:38:22,2017-11-12 17:50:33,2017-11-14 21:46:39,2017-11-23 00:33:10,2017-12-08,0997d36df2226f690af0ad9b83be5557,2017-11-12
b54c6666f7fa81c90e0122c872e26ea9,0b1eba4495cff96b5050ccfcd08acbe7,delivered,2018-05-22 08:46:22,2018-05-23 01:18:05,2018-05-25 13:04:00,2018-06-01 17:55:55,2018-06-12,0473a0ee10938a04a7ace300d0fa2f5a,2018-05-22
1a823e61156542b99c1dfc17c8d43eb5,d34f8cfb470101977d2353534820fba7,delivered,2017-04-29 21:36:17,2017-04-29 21:45:09,2017-05-03 15:37:19,2017-05-19 09:39:42,2017-06-02,c1d43ef6f70aff50201a1b882176a346,2017-04-29
ea63989166a2d459220b1b769609582a,990cef1e0d0dc93b4e1893dd5a1f881b,delivered,2018-03-17 15:10:01,2018-03-20 03:28:16,2018-03-27 04:52:49,2018-03-28 14:58:52,2018-03-29,d61d945d2030bb9dc210972100f8df96,2018-03-17
b2e0314790dc44ec6a7d96a62c221a5c,8e623a3831e728f2d0422d32ef104950,delivered,2018-04-24 15:27:01,2018-04-24 18:55:54,2018-04-26 12:30:00,2018-05-02 15:25:03,2018-05-10,3c787d85e5439aa81473793b57f415f6,2018-04-24
b16edeb533db83f08d8f0cad09834700,39fe84e2145530fc79019017a9eb1db9,delivered,2017-06-19 19:50:34,2017-06-19 20:03:19,2017-06-20 12:35:06,2017-06-22 10:23:11,2017-06-30,44f3a3b9008f3ac934ee62f011c22524,2017-06-19
033e7f3c73132dd6a6792359b94155a2,9253a5b4505d318a6cee55fd80b3bcba,delivered,2018-08-01 19:25:14,2018-08-02 19:23:52,2018-08-08 17:06:00,2018-08-16 21:03:20,2018-08-16,b640ce9e719a58e56efeb4ac754cc11d,2018-08-01
d9df7ac84c310a46b85f5c2f50216bc1,43f741cb1b58cacd3378be24d6f9c3d9,delivered,2018-08-06 22:26:17,2018-08-06 22:44:32,2018-08-07 15:59:00,2018-08-16 23:08:36,2018-08-17,98ea40824c7fd232e76771e9786aaa76,2018-08-06
c79c512fd61a1008f15dbf7ca2a8c7cd,1bd7c96e803c5114e0c1b2da62198fd5,delivered,2018-08-19 22:58:44,2018-08-21 04:10:42,2018-08-21 11:27:00,2018-08-25 17:04:32,2018-09-10,3d7201a23fdbd167157b7abd027f92a7,2018-08-19
978c24a4fc04842cd8b599294c1d4e2b,150737a479a6aa90c2ff14a585542a70,delivered,2018-04-24 23:09:12,2018-04-24 23:29:45,2018-04-25 08:40:00,2018-04-30 13:57:24,2018-05-16,a57752b160a74dc5f43e9d966554461b,2018-04-24
e5008df106f13cd85c17c69d0f6bd176,ae24e9df81fa7464e1090fdef14d72a3,delivered,2017-05-17 12:06:00,2017-05-17 13:06:20,2017-05-18 08:23:48,2017-06-01 18:50:03,2017-06-19,b2b114ecefe93aa93d0f2bdd14ac8f84,2017-05-17
15c7a48b6ce2d3967a7e83d40f566b70,577c0e677251c5891fe5ea9764503e63,delivered,2017-09-18 15:53:51,2017-09-18 16:10:21,2017-09-19 18:32:59,2017-09-25 20:17:52,2017-10-10,946cf33fc1bb3e94647ac24fae81e0e7,2017-09-18
83630f2412ec5ad7dc40991d1225e93c,ad6d2a29482345c8f02cc58311e11312,canceled,2018-08-14 15:26:11,2018-08-14 15:44:11,,,2018-08-24,78b76655676933803baa26f6e09a8ed6,2018-08-14
40fea2b67e4cad47bcdfea4cef5035ad,6976f707d0ebf68339b4c9c5cdf2a91b,delivered,2017-03-17 23:43:26,2017-03-17 23:43:26,2017-03-21 11:11:58,2017-04-03 16:08:02,2017-04-07,b8e8b6f243c848065e303792e458c2c0,2017-03-17
f6a3c840a4982c53155907a2fb3b8318,1da5037a9fefcada51017009430761bc,delivered,2017-05-21 20:01:24,2017-05-21 20:10:18,2017-05-22 13:46:30,2017-06-05 13:29:02,2017-06-30,d1085381045ea6f88be5cc3e14c61e55,2017-05-21
d74eba56c909102c8b0a05f7d7148ccc,f21df02eb4aa54d96f2228ed68850b37,delivered,2017-06-06 20:34:53,2017-06-08 02:45:31,2017-06-09 18:56:42,2017-06-19 15:42:04,2017-07-06,da406774618e151eff23d5e43d3b0894,2017-06-06
c6c31b3822788ef03a9e4a3433024b34,285eb664efba4f42f1c6f141d7d5c941,delivered,2018-02-24 17:54:04,2018-02-27 03:10:28,2018-02-27 17:48:46,2018-03-17 17:47:28,2018-03-21,33cf1b4b19a21b28c7b626991208a57c,2018-02-24
2429083883078c31cf2337ce0dd425ee,5aa462ca54e8b4d65747f7987eb80e25,unavailable,2017-07-06 19:25:55,2017-07-07 19:35:08,,,2017-08-08,982efbf8c3668f63533fa77688dfc5c5,2017-07-06
2c1ebc9152c8f7fc85ac1bb07017becd,4843a74362dd438d2035ac91d8ab5bbe,delivered,2018-03-28 11:22:10,2018-03-28 11:35:18,2018-03-29 19:14:45,2018-05-04 17:34:48,2018-04-24,023a67e0df63273fa1f49cd71fd3eb61,2018-03-28
382f41b6bf5fb267fa9edeb99c171918,599ca149954743a9c925dfa8d343e51b,delivered,2018-02-01 08:06:41,2018-02-01 08:50:42,2018-02-01 22:25:09,2018-02-06 12:45:42,2018-03-01,91380fd5cd1e83932e9362c284ed2735,2018-02-01
16da87fa74546020a5f0a6827959e160,9804d59e057382c76388c658a7b1007e,delivered,2018-05-16 14:41:48,2018-05-17 21:31:54,2018-05-18 11:43:00,2018-06-04 15:12:27,2018-05-30,5a0243af0c5fb4181605df72296bc464,2018-05-16
9130f021ebec02fff9a8bf9e04e8101a,63c9751cfa889ceb6f4478eb55959415,delivered,2017-07-05 09:53:02,2017-07-05 17:41:50,2017-07-06 11:16:51,2017-07-07 21:25:34,2017-07-18,e0c771120076aeef2cc5f6ad7e19477c,2017-07-05
5808d10c07526976aa6125ada6f73fc0,fe7c7875de096a5aa735e7ae90ec580c,processing,2017-10-16 12:57:03,2017-10-18 03:09:20,,,2017-11-13,d98f80d3ded70198c008ebe5d282d905,2017-10-16
4a7e501d52646aa17370e1fab300be67,db674f95856e534ab206869e85cdf53c,delivered,2018-02-26 19:39:40,2018-02-26 19:55:28,2018-02-27 18:29:52,2018-04-02 12:50:38,2018-03-29,1c958dfb13c6f1e9950df43a8e972126,2018-02-26
9d10088c30388865cc0ea9b722e5d775,b0003b9796c2618b5b73045812b9ae1b,delivered,2018-02-05 00:07:37,2018-02-05 00:15:33,2018-02-08 14:43:00,2018-02-14 21:36:33,2018-03-08,ecf310d40fb1d0a314c2141a7664e3c7,2018-02-05
f01824599adb64474a6ce441c7b4b0a7,36cc90593c753e4d7075a80379e6cefc,delivered,2018-03-23 13:09:11,2018-03-24 13:08:01,2018-03-27 01:47:52,2018-04-03 22:35:46,2018-04-17,55f6d0f06f4fbc9c9ea17e9e4e6fb7b1,2018-03-23
516e41e6db63f2092954e07f51890e9e,e7abbc1b120137424fb49a237f4a22bd,delivered,2017-12-08 22:05:10,2017-12-08 22:17:32,2017-12-20 22:21:28,2018-01-15 15:58:45,2018-01-09,feb71814f4fc973744c1a371b9b7a731,2017-12-08
4e0e014841788909971877b03ce929b1,c6effe6fa35c9e0cbd5e9cf161fa2389,delivered,2018-02-21 13:39:33,2018-02-23 02:10:46,2018-02-26 23:43:37,2018-03-13 21:41:19,2018-03-13,ffb2ae2aa0951d0885d7cd9a218b0c46,2018-02-21
7829e4ed1e8cf1b45eca5790a96bd2b0,82ee6cc00eb5d6c88305f81e38123a22,delivered,2017-10-10 11:39:16,2017-10-12 02:47:06,2017-10-13 19:52:42,2017-10-19 16:39:56,2017-11-01,0b9af26a5052b75fecb899c87503924a,2017-10-10
9960ee97c2f8d801a200a01893b3942f,54af40597a8931fea3fbb2b37656fc8d,delivered,2017-11-23 20:13:23,2017-11-23 20:27:57,2017-11-27 15:09:44,2017-12-14 19:06:16,2017-12-28,f919c3c8699638cd277b8023bf04647f,2017-11-23
e415a718c8f2f0372ec699fec852fb68,560d78502baf0adaee2b427de025757c,delivered,2018-01-07 14:23:54,2018-01-07 14:33:22,2018-01-10 00:15:03,2018-01-16 16:14:30,2018-02-02,b2f91567cea910545e72f203ff7f326c,2018-01-07
943c38cc062533f6216185cb2c1c4755,76f58be173f67a89ce5e4836eb9c8fe0,delivered,2018-04-11 12:28:51,2018-04-12 12:32:02,2018-04-13 17:42:24,2018-04-24 21:21:55,2018-04-30,07f8532d3c520279fcc796ca94ead8dc,2018-04-11
b2e76fc95ba46f2ef1720e13cd28b072,fc93a33a8d33483b8d7745c94094d37a,delivered,2018-07-26 13:42:18,2018-07-26 13:55:11,2018-07-27 14:15:00,2018-08-02 21:56:35,2018-09-04,ee8be7898424c0f509d311123cf19a8c,2018-07-26
9a3fe20d67742c5c5ebbd4ba8403ad13,313c0034763a60cd45ca9202e782f28b,delivered,2018-02-05 00:05:58,2018-02-05 00:30:32,2018-02-20 20:45:54,2018-03-05 15:17:41,2018-03-12,827321b201a9ca15305aaf395ab5ea2d,2018-02-05
8dc23e32f69367ed60a8fb3979e3cc48,72740dc2b626c46da39cd84cad2102bf,delivered,2018-07-30 12:48:50,2018-07-30 13:10:15,2018-07-31 10:01:00,2018-08-16 22:18:41,2018-08-29,00a1d0d7d91c17c634d6896ce10ce1c6,2018-07-30
a498326cbf752acac00b7d65561dcd98,efa2729fe65e29fa63ac050b9f9fe3df,delivered,2017-12-16 20:23:23,2017-12-16 20:32:26,2017-12-19 23:19:03,2017-12-27 20:24:44,2018-01-16,bc45674ff2e33eeabf20e6eb7accc4a5,2017-12-16
3b9dcb2d70c63a5eb59ebc066b9900ad,b34f8bf1893070905ec951cad8dc1865,delivered,2017-08-30 15:00:02,2017-09-01 02:24:31,2017-09-01 20:12:25,2017-09-19 23:21:16,2017-09-19,775cd7b4ebb9974edbbbb60d7b63f5a4,2017-08-30
a90e6886408cb63c812ea10dbc810ed6,fe4b77a5964aa7c2e9980def32a67e95,delivered,2018-04-04 20:21:12,2018-04-04 20:35:21,2018-04-06 17:48:54,2018-04-10 18:36:50,2018-04-20,a1f4786315fee99e8a3c8cc9c71d54a1,2018-04-04
3989f05b20a0a54e3378e44248c02bde,363424d16e12713a1afe0f46f3ab51e0,delivered,2017-08-22 09:44:07,2017-08-22 09:55:35,2017-08-22 18:44:00,2017-08-31 20:22:10,2017-09-22,2408917d65de5653f636d4ba42d45b4b,2017-08-22
ba70bbb6a514786b8ad805f1c2fb1f34,7a6df604a8e7425753aa476b3b0a15c9,delivered,2018-06-17 23:51:02,2018-06-18 00:18:47,2018-06-18 14:55:00,2018-06-21 20:06:27,2018-07-17,37266d5c6bf5cb0700372d16599a9b21,2018-06-17
59d56572217f98b40bde09f04f73db88,1d92899d21c2ae62c0994ad1a89f61cc,delivered,2017-06-08 17:57:39,2017-06-08 19:20:23,2017-06-09 16:02:59,2017-06-19 18:03:33,2017-07-03,d9052d131200e3be8a046238e11a1d84,2017-06-08
21f517fb48270e668d181b0844ccbf37,4666c0403e588762d3537b26c5504e53,delivered,2018-01-31 10:41:27,2018-01-31 13:43:49,2018-02-06 01:14:04,2018-02-21 20:18:07,2018-03-01,bbd5c31d63e1b664fb68b21175fec0e9,2018-01-31
a8aa5290a4b5eecc608328c7438ffc2b,e361f94af155261cd60dfee78000f8ef,delivered,2017-09-26 11:32:57,2017-09-27 02:49:36,2017-09-29 17:31:59,2017-10-02 20:34:25,2017-10-11,448777b5c4b0f6993e29f02633eda21b,2017-09-26
23ac58266e694557a7c7da266ed6c316,ba1dd8870e56a890d5a6e8a6becbe311,delivered,2017-12-01 09:10:30,2017-12-01 11:31:42,2017-12-01 22:47:56,2017-12-11 22:59:05,2017-12-29,06ac67aef7797f7d7bca9a777136b752,2017-12-01
6213bd5294a3f8af566aac1eb0b5bce7,07fa80994ffbe439ec5465113d69251d,delivered,2018-05-01 20:35:51,2018-05-01 20:55:47,2018-05-02 15:01:00,2018-05-03 20:42:46,2018-05-18,c805db0c7c65635de8d6dae7181d8fe4,2018-05-01
b95d5ef6f9819b245a7354862ed0ec51,31a2cdec1d3af132deca35cc90103855,delivered,2018-05-13 19:08:08,2018-05-13 19:15:20,2018-05-24 13:47:00,2018-06-06 20:28:54,2018-07-02,229a63d95e8de666db8d89e8a767ee66,2018-05-13
a418dd8bb942566e566d2eae0ca55f10,6739fa00512945f19185b382d1c42fbf,delivered,2018-06-21 07:50:39,2018-06-21 08:37:13,2018-06-22 14:17:00,2018-06-23 14:42:07,2018-07-12,1525f3b74057389d992859149e2c3826,2018-06-21
c4cf1a86b458b000b27d777cb8232932,1d20b4948a13960234e356158fb43032,delivered,2017-11-30 19:16:47,2017-12-01 09:31:04,2017-12-06 00:41:16,2017-12-23 16:17:00,2017-12-28,a4f4a1d0758fd671e5883fb263b085f8,2017-11-30
01336d091c57d8be1feca330c5f047bd,bb194a93468bc295f8e1ff7186a131f4,delivered,2017-06-19 20:08:40,2017-06-19 20:23:22,2017-06-20 11:59:09,2017-06-27 16:42:09,2017-07-18,036758198b848af7b0e0211d9323a081,2017-06-19
e51e22905bd012eb967f86fa08194f43,669118062f07282b1b42746b0eabbced,delivered,2018-05-16 20:34:01,2018-05-16 20:56:31,2018-05-18 13:08:00,2018-06-08 11:53:34,2018-06-22,9cf9f6441bd36e345b320b497e14abdc,2018-05-16
f18772452666c0d7da7702af2c20e765,5fa5e3a33498a0b94a81f930f32997b4,delivered,2018-07-13 17:48:05,2018-07-13 18:03:56,2018-07-17 06:17:00,2018-07-23 18:07:38,2018-08-06,3c89a307d126ce8d0b1556f569a2f873,2018-07-13
80e57a9aecdddc40ad34d34dda39838e,5708c0f571740069a74aa7902b11932a,delivered,2018-04-02 21:00:48,2018-04-02 21:10:23,2018-04-04 21:05:14,2018-04-13 13:18:33,2018-04-23,3123f4758f8ee64a0e19eccd9fd46f9b,2018-04-02
b8b9625b11ffbc12df779c20935997c2,4147e13258334b732b00e23d934b69d4,delivered,2017-11-24 09:46:06,2017-11-25 05:49:39,2017-11-29 23:18:56,2017-12-19 21:48:58,2017-12-19,ec2e6faa9d38ac1b34c720b907220bd2,2017-11-24
ad2650f8f266036c200a50ceb506a8c6,7e8b1ef440bd2254c61b01250570b978,delivered,2018-01-11 23:10:31,2018-01-11 23:31:12,2018-01-16 14:33:57,2018-01-23 19:13:01,2018-02-26,f2eeb419fb7bf5b1a9bd49a37a8c651c,2018-01-11
621ab17b2d376f433b2f688ac6255198,9b4b91f2fc1e6acfae626d9874a71118,delivered,2018-02-01 13:43:59,2018-02-02 14:33:40,2018-02-05 20:26:54,2018-02-19 22:07:21,2018-03-02,22c6b5d20f47599d2ea16056e975ad4a,2018-02-01
bd1fa6cec6b4313ecd85584380d1804e,e1eb1564d978810991cf5efaa2d3dac8,delivered,2018-06-06 10:19:05,2018-06-06 10:31:13,2018-06-06 11:25:00,2018-07-02 19:07:50,2018-07-25,5817e2989695be085125ba759fb69035,2018-06-06
4550b64fee9966c0a5d7b0b9f7606f10,52560782d3a9780e44c7b0ab1dbfe4b4,delivered,2017-09-13 11:07:15,2017-09-15 10:30:13,2017-09-15 16:13:41,2017-09-19 20:22:55,2017-09-29,345f100b246c2c52ebaee2bbfca1e4dc,2017-09-13
fe04ba63128dbb904de7246b76508d7f,b1513d5eae9561289d292ca3b2e2a064,delivered,2018-07-18 21:09:09,2018-07-18 21:22:30,2018-07-19 13:32:00,2018-07-27 19:02:44,2018-08-08,a7c08ec9d3cbf71e47c30a5a9cd8d450,2018-07-18
baaaa6a46bf8f53d113193a6a23efbd4,ff56a290f17f6ce95604d2e7c1bd3ab3,delivered,2017-12-09 11:50:39,2017-12-09 12:32:25,2017-12-11 18:24:21,2017-12-26 16:09:19,2018-01-10,ea66333f17fa50810ec4c4c27e4b2762,2017-12-09
69a4726dcd85987f5c301bda6d0ec78f,b188623ab77ae9de645b334565353c69,delivered,2018-03-06 17:12:49,2018-03-08 02:15:31,2018-03-20 16:28:40,2018-04-05 16:21:58,2018-04-23,97051cab458f7445291f07b1850271c9,2018-03-06
6f12e75904fc81f10212ce38a363946e,f3e94c2c36b95ce707c7d4e05517baf4,delivered,2017-11-14 22:34:20,2017-11-15 02:35:32,2017-11-16 20:12:15,2017-11-21 20:54:50,2017-12-07,1a9592d97b72604ed93112ed864a7130,2017-11-14
77d599900cf351da04c8d0f7b5ade74d,49162725edf59a77fb0d29f4f2e1af83,delivered,2018-01-19 14:10:03,2018-01-19 14:17:19,2018-01-19 23:24:17,2018-01-28 15:59:01,2018-02-09,ba251814e60bbb77ba39fd4e8f084a1a,2018-01-19
d3fa993cd95accac6c3d0b7e51dffcda,5d7e8485166fd2b3ed47c4e4806c7f00,delivered,2018-07-03 14:51:19,2018-07-05 16:32:09,2018-07-05 12:05:00,2018-07-10 19:41:31,2018-08-15,54305d7de4f3dfe140762bbc301e0570,2018-07-03
ee38b45af2d4e705a88a37af7f0cda97,bbaecf87a9363029f2406448dd098b16,canceled,2017-12-31 12:12:02,2017-12-31 12:26:43,,,2018-01-18,25c00b3bb56030f1ac1f254da33f3b0c,2017-12-31
3d5933b6831db103a3276bfa83774678,cb5653ebc289d5a4ae4528f1ba514d7a,delivered,2018-02-01 09:49:16,2018-02-01 10:11:09,2018-02-03 03:42:53,2018-02-16 17:27:48,2018-03-07,284277a02c45c91e10d78ad8bba756a4,2018-02-01
875022b850d729e6090f2e0719518e6b,f893012567159718c349252b0ecc34d2,delivered,2017-08-28 16:49:50,2017-08-28 17:05:13,2017-08-30 22:32:57,2017-09-05 23:53:33,2017-09-21,4cf34ffa8baeeb67f5aed8092cca8195,2017-08-28
db039e7843c76cf2857fb12ee96e2e9f,d2fe2102c4560f79710d7bb7f61d555c,delivered,2018-08-12 20:35:33,2018-08-12 20:50:18,2018-08-14 15:01:00,2018-08-15 16:23:39,2018-08-17,0da4c5d9c90af79ecfdfae7a989378a6,2018-08-12
56a5173d04a558bb3ad9f8b2c5901c60,51241d67d8ed9e157c6caaffa73cb6da,delivered,2017-07-25 19:43:37,2017-07-26 02:30:11,2017-07-28 19:25:46,2017-08-03 11:27:41,2017-08-24,cac35b55118efc3db44fe424861ad189,2017-07-25
602974d0aef1955c2ccfc90dd8c647a2,bc7bbbadd46cdca626eb6521fdf59b3a,delivered,2018-06-12 22:25:20,2018-06-13 22:39:09,2018-06-14 16:24:00,2018-06-29 15:24:30,2018-07-18,86dc144a0c132b7e061c1a5317b55dce,2018-06-12
cc3db854dd878770935397762ee0e1ce,ffe0c2303d9a83448060ef69560c8bc8,delivered,2018-03-21 22:53:18,2018-03-21 23:08:10,2018-03-23 01:13:05,2018-04-04 19:38:39,2018-04-09,f74edbb76376ad07c363f914f6a37d43,2018-03-21
27b673f5eff49d9211439ef799bc49b0,c255a9ef2264c3996c402a9c11ec4418,delivered,2018-05-08 22:07:07,2018-05-08 22:31:34,2018-05-09 15:29:00,2018-05-14 18:08:01,2018-05-22,46462920b4896ede7c6810eebbc29f08,2018-05-08
5a13b2c8622862250d7b78581dfbb759,ecdf8a367907e779938b1b6410c45824,delivered,2017-11-24 14:04:00,2017-11-24 16:13:20,2017-11-27 19:17:15,2017-12-01 20:39:05,2017-12-15,6308a418f1e77aef98f6b0050cb139fa,2017-11-24
3c2ce68a8ae197f1c0761e0e49486673,ed01365fc6f6e098879c03ae23b0d743,delivered,2018-05-28 12:01:10,2018-05-29 03:31:14,2018-05-30 11:15:00,2018-06-01 20:41:58,2018-07-03,b496a7b69bb36b2db22e69121824b7d1,2018-05-28
511a2c82e1860031d509e3d925c4b873,014e22ebe12fcc0f03d5f3ed1d15f86f,delivered,2017-04-06 19:52:25,2017-04-17 08:50:17,2017-04-20 12:20:43,2017-05-10 14:46:53,2017-05-12,cd315f6bf86d704bf9f8d60147c8c8aa,2017-04-06
7667f0eac9b433b02f42a902df87ebe7,e50c85a1c5f78111be85d6d38c919a30,delivered,2017-09-16 20:43:05,2017-09-19 03:30:28,2017-09-25 18:33:26,2017-09-30 13:05:15,2017-09-28,b8dc1446784e02a8753fba5ec915ce3c,2017-09-16
c919ace1499c5ef88133bf33307ba863,0b813ddf68690d0aca83a20391ec4a19,delivered,2018-05-02 12:21:37,2018-05-03 12:54:44,2018-05-16 10:00:00,2018-06-20 22:04:03,2018-06-08,c35c5c670ea2e345e3136b292df0e10e,2018-05-02
6d1c806cf81ca71cdd31c2079e39190b,83228cdd70a30e7432678e7ad9312946,delivered,2018-05-04 13:08:13,2018-05-05 12:13:15,2018-05-07 13:55:00,2018-05-09 16:42:03,2018-05-23,1bcfd58ac63430727939e53e2e66cc13,2018-05-04
b38ee0ac5659615e52925c28caea5aec,645a10bb1d36c353ba4e1ad5999facc8,delivered,2017-06-06 22:07:02,2017-06-08 02:45:37,2017-06-12 16:15:54,2017-06-23 12:18:50,2017-07-05,4b3b19be62f982bdf46aee2d44aa4553,2017-06-06
1ee75dd3dc1076b563a223486e86e7b9,077d43174992dd5e7fb9d336890ab289,delivered,2018-01-04 13:25:14,2018-01-05 14:50:23,2018-01-08 18:52:37,2018-01-19 19:28:12,2018-02-05,c54d3ed7dec7a2d3ada3c05f23be5dc4,2018-01-04
6a78b3062a561085f98b76a5a0eea516,2c5d4df0decd36ab2ebd65bccd80be05,delivered,2018-07-25 14:28:10,2018-07-25 14:44:25,2018-07-27 13:34:00,2018-08-02 18:16:29,2018-08-08,3025f2b0d2fb8fc5db3586d307ae890c,2018-07-25
6b1b8ac3b7a9f8088825fa1152811b1f,290ee0188edbd0ea99a9bcde6c7d8e1b,delivered,2017-11-04 21:54:55,2017-11-04 22:05:55,2017-11-07 20:26:34,2017-11-13 17:46:47,2017-11-30,ecf034665697bb068f20143aa3fd4e8e,2017-11-04
200776f536a4425ab4212e0b0fe05562,6e12f38afc4e79112838fc9d478e88e4,delivered,2018-02-28 21:47:21,2018-03-01 15:15:29,2018-03-06 15:07:10,2018-03-07 17:45:23,2018-03-13,0934b6c9d2d476125d5cc345c168e156,2018-02-28
2f864e4c1471571ec2ea1476fa2ba42c,32df6eb7b851ed2fad81c78b6a4883af,delivered,2018-05-08 12:31:06,2018-05-09 15:36:55,2018-05-14 12:28:00,2018-05-17 17:31:39,2018-06-08,349b1e7b1aa848734cb94886667aead3,2018-05-08
16199536457f2466f82bcf8caa590657,c22bfdfb53e8b78e4e8f250920aaeabc,delivered,2017-05-01 09:40:06,2017-05-01 09:50:18,2017-05-04 11:52:53,2017-05-08 13:37:55,2017-05-23,db8f6f7ec850e5dff109a6ba20988b22,2017-05-01
41533c74e757d62db485b5053f8a2314,596fd4048d82c29ab65e84fb7877f431,delivered,2017-11-27 22:26:08,2017-11-27 22:33:24,2017-11-28 22:54:41,2017-12-06 20:13:48,2017-12-18,f216de65ece42736f341247dcba60ccb,2017-11-27
949f11fbfbf9d79c34c7c1f21b3c1c6e,f210e66e70a66e49a52fc2bdaebb96cb,delivered,2017-06-08 21:32:35,2017-06-10 03:03:37,2017-06-13 07:45:51,2017-06-22 14:08:44,2017-07-13,56e12d11717c2ee5ee0097a665266456,2017-06-08
0d1141bc7e92a45b00c06ed12c5c4eb2,440881663ca6ea85485f1f0e13bebeb2,delivered,2018-04-22 14:49:00,2018-04-24 17:53:29,2018-04-23 19:18:50,2018-05-03 20:03:38,2018-05-18,4334d951bc627101134c27105c5dbb37,2018-04-22
574fb93317faefb9a2dc2e9facef54bd,000fd45d6fedae68fc6676036610f879,delivered,2018-04-15 15:55:01,2018-04-17 05:55:38,2018-04-23 23:44:37,2018-04-30 20:31:39,2018-05-08,cee6fa72fb403ef9554b41581108084b,2018-04-15
caec6ec3266608cf43f2abc14334a25f,da7cc31742c8cf535f3e5491b845d4c1,delivered,2018-04-20 11:57:52,2018-04-24 18:05:40,2018-04-23 19:17:26,2018-04-24 19:21:50,2018-05-09,2a3fb66a1bbefd483aae093585f49742,2018-04-20
6c9c946ae6eb5b5c312bf3b325f4e25c,d5735cd5acefcf6f5993540165c4b007,delivered,2017-11-07 22:13:33,2017-11-07 22:32:28,2017-11-08 19:58:19,2017-11-20 15:41:51,2017-11-28,48f99b5bd841cdb9abead13c4afe606b,2017-11-07
f84f1918db50161ef8a8d683d1de15c1,342011d33361d0d012995a675f0f4b3b,delivered,2018-07-27 21:13:34,2018-07-27 21:25:14,2018-07-30 12:24:00,2018-08-07 17:48:26,2018-08-13,b47b6acb9299af966a6dfb39323e9e14,2018-07-27
eba48e9c6c31015f8245d729d81b9f34,9c3503e5500758b5d8d2e1d678d4ff3e,delivered,2018-08-07 11:35:42,2018-08-07 11:45:24,2018-08-10 12:26:00,2018-08-27 19:23:45,2018-08-29,f63f5ee3a5d23f2fb50ef3120b3a3c1a,2018-08-07
d67009600392acea26eda59caab5425e,b25c961cb9da931b083a952527eb8956,delivered,2018-08-06 11:42:28,2018-08-06 11:50:19,2018-08-08 18:06:00,2018-08-09 16:04:41,2018-08-17,ce900bc17b3e45ec05956db418d86207,2018-08-06
e1d7029dd87b15c8d1a60ad6aabc39ce,9676d1463343021fe194d0588c06ccda,delivered,2017-08-05 15:22:30,2017-08-05 15:35:37,2017-08-07 21:10:03,2017-08-12 16:04:44,2017-08-29,29dba1a6f462d3cb07f7e5ab9da3ba03,2017-08-05
bc2231bb0e615e5a4ebf963c448e127f,313480f1bd1a0f065a2f5772713b6091,delivered,2018-05-10 22:48:03,2018-05-10 23:10:55,2018-05-11 14:23:00,2018-05-21 17:58:46,2018-06-07,e100fdb6bc0036c11bd18c9ef0ffcb80,2018-05-10
b7bdc23d8ff245351c92e17acace9a61,898869ec8420a3b0e1ef43212f57ef2a,delivered,2017-06-12 17:53:24,2017-06-12 18:02:32,2017-06-13 09:32:06,2017-06-19 17:52:03,2017-07-05,a5c1bc60f6c90827fa62199f3fd04031,2017-06-12
8d8f38e4ae1cf25848c0570ff236958b,10aa8b368f3ed547197e8bf71b29aacb,delivered,2018-07-20 11:26:01,2018-07-20 11:46:15,2018-07-23 11:23:00,2018-07-31 16:44:28,2018-08-13,cbc532e386016d35f07649a505964e7e,2018-07-20
d75e311ca4f168e93c59d95f49212320,ed8b86adb87947ef159d03a7b9268b66,delivered,2017-05-18 14:03:44,2017-05-18 14:15:12,2017-05-19 10:44:52,2017-05-30 12:03:25,2017-06-07,6a587723c1226cb1e760b1ae32b11dbb,2017-05-18
1263bf7619d0024e7a8b211924e1bbe6,0c30d6931a3ecd7724601a0fbf5151e2,delivered,2018-06-08 15:17:41,2018-06-08 16:30:41,2018-06-12 14:50:00,2018-06-13 22:03:03,2018-06-20,5156800ff5ccf6659645449f961c4de0,2018-06-08
d994f5af091bcabf15d48948085ca684,47bfe4774d59d178d9c4b899fdbfcba3,delivered,2018-04-16 19:06:29,2018-04-16 19:55:14,2018-04-17 17:47:33,2018-05-03 17:46:32,2018-05-09,29b8adb5f559049a96ff59685807b782,2018-04-16
384f8660f6bc7396d5a875b60285c2dd,bf30e5d1e28c6a7da41c22fdaa39e4c1,delivered,2018-08-17 16:06:54,2018-08-17 19:10:50,2018-08-22 21:11:00,2018-08-23 19:04:04,2018-08-23,9c10757abff082d82b5a522d88766395,2018-08-17
463a5ead09af7e15b525773f2d081b37,4bd6c398949ff38fa1265810f43f51e7,delivered,2017-10-02 23:21:12,2017-10-02 23:35:11,2017-10-04 13:28:00,2017-10-13 20:52:37,2017-10-30,93df761a60fa118ff36d7e2e02760cbc,2017-10-02
d5497a8b063146d31f3c833a515da510,b1bd4c27aa8ee103718bc25d8a1ec241,delivered,2018-03-22 15:28:24,2018-03-22 16:10:24,2018-03-23 21:16:50,2018-03-26 12:24:37,2018-04-04,9ed522288c71dc0d35c3a88bcc9622c9,2018-03-22
f7e4c800bc4e2657a17f2928328fb74d,7b542c51a5bf42504983dce985bc9b20,delivered,2017-05-30 16:35:43,2017-05-31 06:55:30,2017-05-31 23:32:43,2017-06-07 16:54:40,2017-06-22,9849e97c4377f07d97827f8dba6d842f,2017-05-30
a3e6136894621db402a772c6bc72a12a,f102cb15ec41ca30fa2902da06495f6b,delivered,2017-01-30 17:00:09,2017-01-30 17:31:25,2017-02-01 10:18:13,2017-02-06 15:43:04,2017-03-07,6e896394a8caa8730dfc4db1d8de3e10,2017-01-30
c8aae809e0a82502cf4254f5b9fd463e,4f6f0eca50e39790e9e7be70902d233f,delivered,2017-06-03 00:20:47,2017-06-03 01:22:38,2017-06-06 12:22:10,2017-06-19 16:32:34,2017-06-30,c31bc96e6ca445a9f22ceabd3eca95dc,2017-06-03
21d2e2d8b3a14a3cfc55a3274fe26344,66e0d58612939ab37a7155e1bb8f8e82,delivered,2018-02-18 12:25:56,2018-02-20 07:07:29,2018-02-22 20:38:09,2018-03-12 19:42:37,2018-03-16,2c571cb00b266a84946f0a042900f00d,2018-02-18
fbe14dbea1cdcc16f5709ee80b0fab7a,758599b2798e7015e13f582498131b91,delivered,2017-03-11 00:50:38,2017-03-11 00:50:38,2017-03-15 16:11:46,2017-03-23 11:06:09,2017-04-03,735d40216b665dcc9cbe088420b1b80e,2017-03-11
6fbc5b66b494906692191a0673edc28c,d53f4ec69c4531ee2230c7a754c7191f,delivered,2018-04-02 20:08:24,2018-04-02 20:29:47,2018-04-03 20:07:38,2018-04-13 14:32:34,2018-04-30,a82c228da97b07f1b02ffb5ba2a3385c,2018-04-02
3b54c56c2a6be822cfdd5a7eff24add0,2be7ed20366b69aeb7a6a366adfd1005,delivered,2018-03-20 14:54:05,2018-03-20 16:55:57,2018-03-22 19:34:53,2018-05-03 00:06:36,2018-04-26,3a4924330759a187dda85d9e9780ab22,2018-03-20
b85b06d0ae4436e17303286ce75dd4b4,1352219837587aada7056f4710a10b85,delivered,2017-03-06 22:21:02,2017-03-06 22:30:17,2017-03-14 04:32:51,2017-03-21 13:37:56,2017-03-27,78f91204f4238cc83e6c8c676ac0fe27,2017-03-06
3eaa38ceecb7aa8a13c72b571236041d,6e66ed606f69f10dd38a658e1bdde435,delivered,2018-06-06 17:32:40,2018-06-07 10:15:04,2018-06-08 12:56:00,2018-06-18 16:31:30,2018-07-05,4add2ea4eb9ed1368f9476829a37afe4,2018-06-06
f4876f420f5259535a7521bbc6358278,1f861ae5826135b3fdedebc29fed1fb0,delivered,2017-08-09 15:26:34,2017-08-09 15:45:06,2017-08-10 23:46:53,2017-08-12 11:08:47,2017-08-22,d116b444a47cc095f08045baacd21552,2017-08-09
e78ce48c9cd4e84041cfe6bed8be2000,e0e9dc4b7b935bde461d2154e56a6d8e,delivered,2018-04-02 17:45:46,2018-04-03 08:09:03,2018-04-04 02:19:15,2018-04-12 20:24:48,2018-04-25,e8b7b7d47f4b171e42f290bc6ec1f381,2018-04-02
8252e59e05b6732810b98460f67571a0,ca308ab8422277857a637369e1797daa,delivered,2018-05-01 18:26:33,2018-05-01 18:53:54,2018-05-02 11:13:00,2018-05-10 21:06:00,2018-06-01,fbc767f7d120296a000f4aec92ce717a,2018-05-01
71f9826cc06707008c91a2192b11728e,ac5872796a8e17fa078a88cabc2e4578,delivered,2018-05-01 14:14:10,2018-05-01 14:34:14,2018-05-03 19:04:00,2018-05-04 16:09:05,2018-05-21,45eb8e64877438447d15cc46f75c788c,2018-05-01
3d5c1837eaa26ca8ccb6eb3eb6a6ee6b,e3248fdb7c904b55c92cb55d87ba264a,delivered,2017-11-23 01:32:43,2017-11-23 01:47:57,2017-11-27 20:09:03,2017-12-18 17:15:53,2017-12-13,d8a89aaa59ca5fbb3831547f7eee1a63,2017-11-23
8b745c54dfd32df8f3d575a2ab02fc9c,cf29c48c32e4967740b131261011b091,delivered,2017-11-24 13:04:45,2017-11-24 15:14:13,2017-11-28 21:05:20,2017-12-08 21:15:35,2017-12-15,d1fc7c21dd26886b28e4973eb89d91b8,2017-11-24
fa7b6165adc28533bf8a87017c00f045,bfa0542e3861940576dff9b4c651555e,delivered,2018-04-08 15:54:56,2018-04-08 16:09:59,2018-04-12 18:21:38,2018-04-13 18:09:47,2018-04-19,28432af34e1b2a04d7f5318a3f64a71a,2018-04-08
37b5f8fa6640877a2177f9958e451479,eb02a36eb018df6508dd28c2f2a96f7e,delivered,2018-05-22 21:36:22,2018-05-23 02:38:20,2018-05-23 13:49:00,2018-05-28 18:52:19,2018-06-11,c8f6d10628c2e2adcd672d48a76a4614,2018-05-22
78ccc8b2b91842cf16b56d474d8c8480,c15b48f4ecdff9e9e4096a33d656341f,delivered,2018-02-27 09:11:07,2018-02-27 09:29:35,2018-02-27 22:58:52,2018-03-12 20:51:14,2018-03-22,d39cd67625ea9cd9b2ef7f9fc8861a83,2018-02-27
cc798828f930d073a9b9592d56bd167c,c4f1520e30ecacaf4625b73784fa4c92,delivered,2018-01-18 16:03:36,2018-01-18 16:16:54,2018-01-19 23:42:04,2018-01-30 09:41:12,2018-02-08,e427478abbe2388cf98f4bfec123e817,2018-01-18
40a24d4585c66a3d7ba902a7dcd233a9,3a2af15ae9018db6233faf0b8080bffc,delivered,2018-08-02 19:24:32,2018-08-02 19:35:20,2018-08-09 13:35:00,2018-08-17 19:13:43,2018-08-30,174e260482fef58dc5e9539791653abd,2018-08-02
1be0198364927817972a58d394308a40,96a3ccc2b8a86795e0dd98dd58e80d82,delivered,2018-07-30 19:38:03,2018-07-30 20:20:06,2018-07-31 12:22:00,2018-08-08 12:54:36,2018-08-21,df4cf8bccad968debed18cfb0fd63b76,2018-07-30
d3c45d7784ed004c4ed67e4dd0f1cf38,3d70e248069f8145ca013f3dc8a948a3,delivered,2018-03-28 06:03:07,2018-03-28 06:15:10,2018-03-29 23:41:04,2018-04-10 00:20:55,2018-04-16,d86e3adc64f2b3144b2b069869a000d6,2018-03-28
02218eb2a33847087a46d34397835b2a,e3aaae760c7433a9e8cde67c265f494a,delivered,2017-06-17 15:27:18,2017-06-20 11:15:30,2017-06-22 15:47:48,2017-06-30 16:44:55,2017-07-17,5f559ae955c7022e7774d5850bea5351,2017-06-17
35b19a06842a6d82121828643e1bd16e,5e06c29dcd3fc5e706c53ce0b6be1941,delivered,2018-07-11 20:01:00,2018-07-11 20:10:15,2018-07-12 13:48:00,2018-07-23 22:36:56,2018-08-02,03c4286232d282681d979387068e1d34,2018-07-11
2778e8d98880c4672be9caaeeb12d0ab,c963075d81741ccc32103f8f3d518e7f,delivered,2018-07-11 08:17:08,2018-07-11 08:30:08,2018-07-11 13:21:00,2018-07-31 15:27:56,2018-08-08,89b3bb5cc65ea69dbaf0ed634bc52797,2018-07-11
69be748e051308f0d341a9e6d30c7b40,ebf8762f13cc2d8f7b7e5f4dfd1fcf5f,delivered,2018-04-18 15:14:28,2018-04-18 15:46:03,2018-04-24 17:26:48,2018-04-25 17:54:57,2018-05-04,54132669b1c1f6eb5d47b359f370d54a,2018-04-18
19427c3cc9b9461a9151cbff2d5d2c8a,b553e3309dadc1e92e40cd278215f02b,delivered,2017-08-15 13:10:50,2017-08-16 13:30:23,2017-08-16 20:22:46,2017-08-22 14:06:17,2017-09-06,96e066cab560e3bfba15de4bb84d75d6,2017-08-15
bfa84c85baf67d4ed4923a3d8d6a18bf,939c7cf7f4c8f6a9f2a6c4d2096fe206,delivered,2017-12-20 23:06:03,2017-12-20 23:14:25,2017-12-22 20:32:49,2018-01-18 21:49:57,2018-01-16,19c062c52577bef5489691235fca398b,2017-12-20
8912c7c4689de366217c6296bae65efd,46b1d20a17f31063b2b4e545b041f920,delivered,2017-11-14 19:58:08,2017-11-14 20:16:12,2017-11-16 19:48:30,2017-11-22 00:35:37,2017-12-05,ceed4f47b640b4d7119112aff5c3750e,2017-11-14
90195b2be816e11d2c854069f663f7f0,879dbf04bb9f856512c1c0e43290157f,delivered,2017-11-28 23:10:29,2017-11-28 23:37:46,2017-12-01 21:29:04,2017-12-26 20:33:22,2017-12-18,8037f9afee889e6091a3bd0d0a0af778,2017-11-28
e482f259469e05f33b22cda9a76b47cb,653a195d17f491f410f0464f4a573209,delivered,2017-12-07 19:39:01,2017-12-07 19:51:03,2017-12-14 11:37:24,2018-01-05 10:09:38,2018-01-05,f9c7db9ec3b7ca408177f298e2e7258d,2017-12-07
d639926cce88a791b1e17e02611688d2,b9dc2bda049646ead1258808f053288d,delivered,2017-08-24 23:15:08,2017-08-24 23:25:15,2017-08-29 16:04:50,2017-09-04 18:47:54,2017-09-14,84e9df8e35a1fd235c646df2c4f7cfcf,2017-08-24
b083ead74176fd635def001db256bf32,c477eaa7e2b44d5214b193c94670290a,delivered,2017-11-12 16:20:10,2017-11-14 03:50:36,2017-11-16 19:42:10,2017-11-23 19:31:21,2017-11-27,2121a656bfec7defd2e3e1ff3f91355f,2017-11-12
7174ecbb9386dc1387ffb830640d7411,b6b4c738e48fb058587a65d8217053dd,delivered,2018-06-24 19:44:19,2018-06-24 20:00:23,2018-06-25 15:57:00,2018-06-27 17:12:15,2018-07-18,dc2d0d2fd35b3ede755a092b80cac3f3,2018-06-24
576c48f481f95199130fe941c49c944e,707b5d5f3ee1d9cabc657310b0b56d0f,invoiced,2017-09-30 09:15:08,2017-10-03 04:24:02,,,2017-10-24,7c415361aa23c04b04bed1bb75eb3f4c,2017-09-30
757c03a0d7aec28457ee8d2e73c84836,bf4539869e1b193726a27a66da9ba8f4,delivered,2018-05-22 10:18:52,2018-05-23 02:38:22,2018-05-23 13:04:00,2018-06-06 00:07:00,2018-06-08,225072375ed1407936f0c909b5e7157b,2018-05-22
67adc926d34e13b8e6144b020f0e1153,39eb26e58bcb1c8c7775e8eb056bdcf7,delivered,2018-05-28 17:01:03,2018-05-28 17:16:09,2018-06-05 12:34:00,2018-06-11 16:47:34,2018-07-03,a1ea1fc5e949123cdb66dee30ebdbce4,2018-05-28
c90025afa3c59ad0768b713161777935,a19293d28c4d1e19c47d0ff5dc906a43,delivered,2018-02-28 12:59:08,2018-03-01 02:50:46,2018-03-02 00:25:02,2018-03-07 20:11:51,2018-03-16,23ce1427ade95620c2adb431e7282e88,2018-02-28
c1c6a8e793edfe92994affd611b92aa9,4bd3ab853718d7896905f403c6571c75,delivered,2018-06-06 00:37:46,2018-06-08 02:35:17,2018-06-08 13:37:00,2018-06-26 13:46:35,2018-07-20,0ed4d38388e9002ea31d12c0da0e9924,2018-06-06
d3c74bb3a5ee89d1802cc0ab53474509,f8b34acc07a33c16476553e9ad48d772,delivered,2017-08-15 15:41:03,2017-08-17 02:45:36,2017-08-22 21:03:53,2017-08-28 18:58:41,2017-09-11,9483e870f9ced5c9619fce93ab9c3293,2017-08-15
5bf19c7e8991698d4f0f3430da7e57a6,f980a49c5ca07a32a7958a75b6d190d0,delivered,2018-07-17 02:07:26,2018-07-18 02:05:09,2018-07-20 13:21:00,2018-07-24 16:17:37,2018-08-02,eaf56e2f992d63f62143a8a55eeaf685,2018-07-17
544d54b3dc0d2262b5dfe130d16800b3,832aea657aa9c61e5c33fcb547e3464e,delivered,2017-11-26 15:22:11,2017-11-26 15:34:36,2017-12-01 17:09:59,2017-12-11 18:39:32,2017-12-28,63fdf3833cb90f8eb5f03f3a00c60e03,2017-11-26
26b334af408dd2df4cebc013f87b9b24,220371973d4ec69cbd7abf93ed8e99de,delivered,2017-05-02 14:16:15,2017-05-03 11:35:58,2017-05-04 14:03:47,2017-05-19 15:53:48,2017-05-29,d289cde36e0ce8dee491db1bd101f95f,2017-05-02
2f09ad56037ff5a057894d9969774c1f,568ae62594aff679d94393aaebfbc3b4,delivered,2017-11-28 19:57:50,2017-12-01 09:31:17,2017-12-04 21:34:47,2017-12-30 00:17:06,2017-12-27,c49f45e706536d94d9de0c68da35fa37,2017-11-28
709b96657091eec897b90173afb0b84d,13d6b87a3b1d1d4c6f0eceabeec65369,delivered,2018-06-20 22:06:06,2018-06-20 22:20:30,2018-06-28 14:40:00,2018-07-05 11:58:54,2018-07-31,ca269aba276ba2de29be441171c40097,2018-06-20
420f91c697d0c439258fed7df363cdb4,0b26921a795182403d1c1ef0d8809e02,delivered,2018-01-04 21:05:47,2018-01-04 21:17:26,2018-01-08 16:29:11,2018-01-09 18:26:43,2018-02-02,60644632d8dd09641b19ce98407815f2,2018-01-04
aa8c7fad85e2310540569bdf67fb25b1,42a590bfe92d2f0cb99de166f801cf23,delivered,2018-05-12 19:00:03,2018-05-12 19:16:36,2018-05-14 15:18:00,2018-05-19 16:35:42,2018-06-11,c881326ad04368c68b98522e700fd543,2018-05-12
7da29e735c26d64e18e421e8eadf2f1b,2631e2a4ff33ee8258502ceeee2390ab,delivered,2018-07-05 08:53:06,2018-07-05 16:09:02,2018-07-10 08:30:00,2018-07-11 21:07:49,2018-07-18,7f08b4688079c09958515e0f8d242ae8,2018-07-05
a45087c16cf11897252052baabb332c0,44c788d8ffa07a4963c9b8bd8017d151,delivered,2017-09-02 21:36:53,2017-09-02 21:50:24,2017-09-06 16:47:35,2017-09-11 19:45:46,2017-09-22,f672d4ae866d742fc72d3b4c4d2cf23d,2017-09-02
60fc0b846c9484e0eb377f55ae0b3d7d,1157498c98b4b3b15123153b0783900f,delivered,2018-07-21 08:38:30,2018-07-21 08:50:09,2018-07-24 06:51:00,2018-08-08 23:41:31,2018-08-09,027c480ac01f936d8add76e496bbfebc,2018-07-21
efa1a52a1724dde7ef9954873517bf2d,d1862ef0ab18eb880e34966266bd781e,delivered,2017-04-06 20:28:42,2017-04-06 20:42:49,2017-04-07 09:04:36,2017-04-15 08:30:07,2017-05-04,75cdd3d2066f7e0517bdd66c0e8f9dbd,2017-04-06
6ab790c532a5a61fce7ca20ce27df42e,5b5a1c69749fde75db616506a1ee850d,delivered,2017-07-30 20:50:53,2017-07-30 21:05:15,2017-08-01 18:56:53,2017-08-02 17:05:23,2017-08-11,da005f4b35fe508d347b3e3266cfc74b,2017-07-30
b9ce6b3fb6996bc5690ee196a0c80888,04d410b4dfe0f11fb840a095b5f23cca,delivered,2017-11-06 08:07:10,2017-11-06 08:26:03,2017-11-06 19:02:52,2017-11-10 23:52:56,2017-12-08,147fae04ca79eb0e3a3617428b43eed6,2017-11-06
5522a12955cedd37b099162e09a818c0,67e57c9d937116b88c0f2f35d31eb918,delivered,2017-11-24 23:58:15,2017-11-25 02:53:03,2017-11-27 15:21:42,2017-12-05 23:09:17,2017-12-18,1b6d8925c36c98e78db40d9789c45414,2017-11-24
7727763e2c9d261c190beb42d50848b9,ac6a3c195bfbe149d253a3ee672bc9fc,delivered,2018-03-13 13:28:42,2018-03-13 14:00:33,2018-03-16 02:57:46,2018-03-22 22:32:26,2018-03-29,31b47d8fb48b6d17a3cf8699127f8df4,2018-03-13
53bf54ff6a143b00070ba1dd2c571465,fcd3b5fa136fc340d8720e251c3ec8b2,delivered,2017-10-02 07:28:30,2017-10-02 07:43:31,2017-10-05 16:34:21,2017-10-18 00:24:10,2017-11-08,2c4f265242fa7e992383317b30151f94,2017-10-02
2e0f7705cce568d0fe13d933d7165c79,c410a7c853f6e6e45099def1d61a4644,delivered,2018-06-01 21:35:14,2018-06-05 04:35:21,2018-06-08 14:23:00,2018-06-19 21:52:22,2018-07-27,724a46e7b135cba191d01c7701b20dd3,2018-06-01
5de040d350e26c7749947b1e0ed125b5,5bb09e4a1744cbe2dd76088d90185c87,delivered,2017-06-19 18:27:33,2017-06-19 18:35:18,2017-06-20 14:07:37,2017-06-26 13:05:27,2017-07-07,72d00a8f1948970fda6f797912a19f66,2017-06-19
c1f534b2a0002528a5e5e5001f6be004,19e718e3c41cf34315c409d31a0a1bf8,delivered,2018-01-29 18:44:20,2018-01-29 18:55:21,2018-02-05 23:41:36,2018-02-07 20:09:18,2018-03-01,d6fe421fb93c14b6f949f59c86986d22,2018-01-29
6dfff7cc7906e05c66834b6562dd8e9e,f2f6c7f5b732713477f77464033f476b,delivered,2017-05-19 22:29:50,2017-05-19 22:42:44,2017-05-24 10:45:07,2017-06-01 13:45:32,2017-06-12,a9855cac52706fd9c5cc736e88c6f436,2017-05-19
fabf6de4b124e6dda46615c09ecd7476,62f5b4575bfb283f4d0cdadae46589dc,delivered,2017-11-06 00:05:50,2017-11-06 00:26:22,2017-11-07 21:46:37,2017-11-14 23:33:32,2017-11-24,6b3fb73cdfc7d680d94676a78c105f19,2017-11-06
62eb11cfc9c20c567f4581e0e66725c1,96d1698c15c103bd2aa8b2d3cf511341,delivered,2018-08-17 18:21:02,2018-08-21 04:31:42,2018-08-23 14:44:00,2018-08-30 17:42:25,2018-09-20,b94f03b648d62012030465a5f166aba4,2018-08-17
87f532dad65980681431fe6307b47fb3,a3df28f0215cc96363ccc1273d27f880,delivered,2018-08-13 13:35:49,2018-08-13 13:50:27,2018-08-13 14:46:00,2018-08-18 02:36:28,2018-08-28,b9aea9544e876846880a6669429b85f0,2018-08-13
a126eb32402a71a28a7c314405a24f12,38a97cd6fa87a4dae5c345461d6a2601,delivered,2018-03-29 00:48:37,2018-03-29 01:07:24,2018-04-13 17:18:40,2018-04-26 23:05:11,2018-05-07,7708be0184a28acaf3d4b9bb7bb8dc51,2018-03-29
6b38f902ae37fc3a600593994f6e00b2,ba7a7f2622947469f8c163eb470e2727,delivered,2018-04-24 22:45:38,2018-04-24 22:55:19,2018-04-25 13:38:00,2018-05-04 01:42:56,2018-05-17,d3b14195861379d00cc20ba04a9488a0,2018-04-24
a9a71d9344772c405bfeb378bc587215,75b4566b8f4d45ada46ff30440e814d2,delivered,2018-01-29 15:25:31,2018-01-29 15:35:38,2018-02-05 12:28:48,2018-02-14 13:59:36,2018-03-13,1e117846a71b946b21f941ac57e42ae2,2018-01-29
5fec12a84d3f675f75b06a54e54d6b04,b2d778e324f021656721b4dc70a2535e,delivered,2018-02-02 12:06:06,2018-02-02 13:12:58,2018-02-05 13:39:06,2018-02-21 18:42:02,2018-03-09,29c6b20b1adbe3f613a903c6a0a7d52d,2018-02-02
d463e4364316dbd023b1db62f1117693,c17847ced40b61f4491186616828d187,delivered,2017-08-26 11:01:38,2017-08-26 11:10:19,2017-08-29 19:39:57,2017-09-01 18:27:42,2017-09-18,a4230fa91579ce60e6d6702faadb73f9,2017-08-26
32595cea41e44edaa517f491849b3b4e,c47c8a107d487c968105f45d3f313257,delivered,2017-04-22 22:59:43,2017-04-22 23:10:18,2017-04-25 09:56:35,2017-05-01 12:48:02,2017-05-16,180926a6087e6205679935a6f2ff8e41,2017-04-22
b081a69c4b6f19636549667b897d9761,a5ed1dd7cb3326373783e26adcd1af10,shipped,2017-07-13 11:28:30,2017-07-13 11:43:27,2017-07-18 19:12:35,,2017-08-15,111bc30b8d8d97c416529da8e86e47aa,2017-07-13
2dd878438308a6896f7a9f44d4343435,a9bd6d17cb367daff2ba7de9646e00ed,delivered,2017-07-10 22:29:10,2017-07-10 22:43:35,2017-07-11 17:07:32,2017-07-24 19:27:59,2017-08-07,1d84d49592b8d6db9e1325f4b831431b,2017-07-10
ba8835e511232811df8fb4934a7fa6c5,69871e54957d0e082dde328fdd340617,delivered,2018-03-10 21:16:46,2018-03-10 21:30:34,2018-03-13 19:12:45,2018-03-28 23:54:39,2018-03-28,36dc72c0cc9af49108a408d7275631b6,2018-03-10
86ca18fcf43d6167ec5e02d77fb0958b,420621f1b13e83668fc4b8db1e614131,delivered,2018-04-19 17:33:04,2018-04-19 18:30:46,2018-04-24 16:48:33,2018-04-25 17:15:26,2018-05-08,d8f434868a10549c8270e44df5bfaaad,2018-04-19
38900cae2f3cfbbe4ceec4840cc1ab89,0345751ae47b77dda48d7a9f6e5f5946,delivered,2018-08-17 00:52:29,2018-08-17 01:09:20,2018-08-17 14:10:00,2018-08-25 18:28:25,2018-09-10,a00fa52ddea707d5e192b7f87852add8,2018-08-17
3f62abd470c4d6aecea1ef66a8b2d3f3,b4ad286c394069077cd7a6119c5b3007,delivered,2017-07-11 14:28:06,2017-07-11 14:43:44,2017-07-12 18:41:40,2017-07-19 18:21:52,2017-08-02,458e98f7db105650a2b7e43fe458fabd,2017-07-11
f71fb52e84b28b11d9f2f4f184e21ce5,09609026e4d1557e6506bafea1da080b,delivered,2017-11-23 17:35:33,2017-11-23 18:25:02,2017-11-24 18:34:58,2017-12-05 22:12:55,2017-12-15,3941073b88285caaa9e1762715c7db08,2017-11-23
47671bc4075810e810298f7e525e0091,1a2638dc84274f5c298bafa71acb502c,delivered,2018-03-15 09:57:19,2018-03-16 03:50:28,2018-03-16 20:12:51,2018-03-19 18:56:40,2018-03-27,767fc6f908399f3714502396da30899e,2018-03-15
5a7ae4ca802c14fdff19558a4fee8727,3140c5d46f2d38e4f14a9675359d6a27,invoiced,2016-10-10 17:16:03,2016-10-12 03:01:52,,,2016-12-06,7f3ae1ea298c60b1a19751a1ded40199,2016-10-10
b592b39d5b89b9a97358183e80694274,707e682806e50fd20054a9e82e6f51aa,delivered,2018-02-15 18:31:09,2018-02-15 18:46:19,2018-02-20 23:47:10,2018-02-28 17:13:21,2018-03-19,1586b8b45ab67e0abbd734e348672853,2018-02-15
4a0436180e98ee8a37cef37e46e84646,5b0f1f2e7f6ef6ad3bc7f679e7029b4c,delivered,2017-10-23 17:52:05,2017-10-23 18:14:18,2017-10-24 16:58:11,2017-10-31 14:05:09,2017-11-22,83def2773a935952f07c2b6b4f0738f3,2017-10-23
c153c3e2641c89800b30e8f469869495,57e96b01256ca49dcb17a4f75ddcc897,delivered,2017-07-03 18:14:53,2017-07-04 04:15:19,2017-07-06 13:06:52,2017-07-07 19:28:43,2017-07-14,80a3373f8079a7a03908b2ad366b16ba,2017-07-03
0b7256a28d26d7203c9d269fa12709b8,b20c15be5cec7221e6036105453dc80e,delivered,2017-11-29 13:26:49,2017-12-01 11:31:24,2017-12-01 18:05:37,2017-12-12 17:14:44,2017-12-27,1995db38694cd879b3c5a79880a807ac,2017-11-29
c06fb7e4960fb159000d2650602933af,472ad05cd41139d69fc14f2093afceea,delivered,2018-06-18 10:44:00,2018-06-18 12:18:41,2018-06-18 14:24:00,2018-07-06 19:41:31,2018-07-18,c0d6e6f74b853e71bd663ffe31dbd5fe,2018-06-18
6a8074244958b34abe3e949b948bb9f9,c90b8aa7dade59f804b336ff8706c7ad,delivered,2018-07-22 20:00:05,2018-07-23 12:31:54,2018-08-22 15:07:00,2018-08-27 22:14:37,2018-08-21,81d38e30a3b26a97f159631ecbf52362,2018-07-22
6eba952263622445be84d3536a3aa0f5,f1ab8679988e35ed1cec1d7b55791443,delivered,2017-12-28 12:34:46,2017-12-28 12:47:23,2017-12-28 20:06:24,2018-01-17 01:21:45,2018-01-30,eeed0d94b5b0f6718504b9e0dff06796,2017-12-28
e697685891b55205f61d598d64db1c1f,2e8cd79c726416c273f1a84f190eb3c8,canceled,2017-11-06 09:05:48,2017-11-06 09:26:38,,,2017-11-17,42f791f74ef1f0e1befd3eb3f117c8c2,2017-11-06
29380cfab5f9f5f233e2c71e16cadc68,a1774d98db8380cc69ef842c759be95f,unavailable,2018-05-09 16:55:09,2018-05-09 17:15:15,,,2018-05-28,df19c809342ecae8391e68dccf16fc8f,2018-05-09
a6f6c02b8388fc133223c9d12095c3c3,82667734cb3f83fa00ab4436e3a7a8e3,delivered,2017-06-11 16:02:29,2017-06-11 16:40:06,2017-06-12 15:44:59,2017-06-21 15:47:46,2017-07-07,bcd59f96a133c26d1b4d778be7ccc033,2017-06-11
2e62dadd571541842fefc7c3b4bf4527,410b0c2b4402cccdd78659f6307bea18,delivered,2017-06-04 13:03:43,2017-06-06 13:10:53,2017-06-06 13:03:59,2017-08-18 15:52:19,2017-07-07,42bd33006febd2e5a3a5eb0feed6b7d5,2017-06-04
1f66ed3f3867047052dae03ffba22c35,d226a7a956fefa2a873e388df0ffce97,delivered,2018-04-26 11:45:02,2018-04-27 03:35:22,2018-04-27 13:51:00,2018-04-30 13:26:32,2018-05-10,ae7acb6b8ad5ca49b54003518efb2311,2018-04-26
6de969bc5e6479d498ca1f31da9b347a,5ffcd627277b345a8ea9ec164c94c82b,delivered,2018-04-06 22:41:16,2018-04-06 22:55:21,2018-04-09 19:26:46,2018-04-17 19:43:45,2018-05-03,390fe700700a68c98d9efecaf2cc6d91,2018-04-06
bb814d61ca007ff7d14736b5f8a8d89d,95deb7ac011ade1412af2a5007043682,delivered,2017-02-11 13:41:13,2017-02-11 13:50:16,2017-02-14 11:11:25,2017-03-09 20:26:16,2017-03-16,d5f676c9aad6018b59f39e694d4506c5,2017-02-11
00f5fbdc777e8198c1ee008122e28ae3,2010587cb06df66a241fa29a40cdf9ab,delivered,2017-07-29 17:43:24,2017-07-29 17:55:23,2017-07-31 21:23:37,2017-08-10 09:44:00,2017-08-24,78f1426483887323ca6f074d0e76f3b6,2017-07-29
a2bc73324deae324f55c19f447c75d4f,569dbd046ceadfed515b57f9130ea3c4,delivered,2018-02-22 19:15:25,2018-02-22 19:30:24,2018-02-23 20:39:17,2018-03-07 22:35:43,2018-03-19,18d27d12b22f3dad20796b6ea13728b4,2018-02-22
7f13a20e25350f4a55fb2a7c9a2e8d88,5b8fd2d89503a79c1090906a4e559c5d,delivered,2017-03-13 18:14:37,2017-03-13 18:14:37,2017-03-14 09:58:29,2017-03-28 13:56:55,2017-04-04,51838d41add414a0b1b989b7d251d9ee,2017-03-13
145e7e121b7c0b2f078a133b98872f25,7cf46c141daa7d80613fedfacf08183c,delivered,2017-11-10 00:50:51,2017-11-11 02:55:48,2017-11-14 20:14:55,2017-11-22 11:41:26,2017-12-04,89323dd8b5336fab8a7e7b1770cb7b30,2017-11-10
cd4828e8be3a0d85aa38a986e0f4db6c,fc87af337f289b3b613626426c66d14d,delivered,2017-11-23 13:43:15,2017-11-23 13:50:30,2017-11-24 19:26:37,2017-12-13 21:18:46,2017-12-20,7f01127b1d7b255b673e483fa16e93d8,2017-11-23
fd571ab12e8d263eaf309774eedfcfeb,49eb2dde34c23bd4b6c4c6a137826ac2,delivered,2017-08-02 17:13:38,2017-08-03 03:05:52,2017-08-08 14:53:32,2017-08-11 18:35:44,2017-08-28,a2913c14f49022ef2ddfd436dcd5be89,2017-08-02
733e4fd44a3ef48272fa3650f48b8734,7accf3d920f47c07f5bfbc88f53f9926,delivered,2018-03-28 21:57:38,2018-03-28 22:10:25,2018-03-29 20:48:47,2018-04-16 21:36:36,2018-04-24,a7f1a6dc9ba06844bd84b810efa56d33,2018-03-28
207258d556f9b9784b54de837ae49286,e4bee874d6368c127e7ca2a6fd7545ff,delivered,2018-06-18 13:08:38,2018-06-18 13:39:32,2018-06-18 20:07:00,2018-06-21 21:23:48,2018-07-13,012a218df8995d3ec3bb221828360c86,2018-06-18
edf3091b65403afebeb2a7cbb1682b6f,8156312633461c3ae6e53e1df5c03083,delivered,2018-05-09 21:00:33,2018-05-09 21:15:26,2018-05-10 19:07:00,2018-05-12 09:56:28,2018-05-23,50609e29fa34165bb9fdaa5f79b2cfb7,2018-05-09
3b56cbdbdb60dd5d1da927732b03b24e,3646e497c87fa084a28907ba063a9c50,delivered,2018-04-02 17:59:25,2018-04-02 18:10:19,2018-04-04 03:41:14,2018-04-10 22:04:06,2018-04-20,9cb08f2e998c59c78fbd1ecce61a090f,2018-04-02
c081663d30ea7be7a682297870e2ad02,b3e9562798f3d60acc4439b3187e9659,delivered,2018-05-22 15:54:14,2018-05-22 16:36:56,2018-05-23 11:54:00,2018-06-08 01:26:43,2018-06-13,bc6d25a0927e2c7f13676b644af4ca64,2018-05-22
1566cecea18d487c7958eb073713e8a7,299a4bad02ffd18f1bdf59f32617d8a9,delivered,2018-03-04 13:40:57,2018-03-04 14:20:22,2018-03-08 22:31:28,2018-03-15 23:03:05,2018-03-21,5d29867262a9a3e7a02cac5ad5f77f0d,2018-03-04
9d2fdf1d3bb6f80d1022bf504a38d24a,5a58fde1e6e61c6b4e9846ba5862bc9d,delivered,2017-06-13 14:35:51,2017-06-13 15:02:58,2017-06-16 16:55:50,2017-07-11 18:12:17,2017-07-14,c59727588c2632b14a0e72970350a3ef,2017-06-13
11104e15dc0997a6ba0aaaf449f51160,b2a682e0a1f89cff5840ed5838888bba,delivered,2018-04-04 13:54:36,2018-04-06 03:15:32,2018-04-07 16:51:02,2018-04-10 17:40:47,2018-04-19,e0a1aa604ed61564997b8d69144e415b,2018-04-04
7bc45317580df2c811c370ec4b6196da,95228884d0d122f9a8ebc5750a97040f,delivered,2018-05-07 23:15:19,2018-05-07 23:32:46,2018-05-08 11:27:00,2018-05-16 22:23:24,2018-05-29,705a9cfeebdbeb15d9464592d9e97fec,2018-05-07
8ef664ca9ba580dbcca88364ae0f2dca,06a5618b8b0cf1846231580b7456fe09,delivered,2017-03-18 17:45:15,2017-03-18 17:45:15,2017-03-28 08:04:00,2017-04-07 11:30:23,2017-04-13,d86352edd100c4767e9d896e5727c2ee,2017-03-18
3948c2f40e71b2178b6cec0916332ccd,afec17ef788d58615fd5896d03ec5437,delivered,2017-05-07 16:23:25,2017-05-07 16:35:11,2017-05-11 07:27:44,2017-05-19 14:33:22,2017-06-07,e78cdc9100df07258fe69fab38a8cef4,2017-05-07
2f5e6eaf3119b2864514aa0a2a0cfaff,a35b99238b5271b0abde7433ae9e8adf,delivered,2017-10-17 20:22:14,2017-10-17 20:35:19,2017-10-18 16:54:24,2017-10-23 17:42:09,2017-11-08,ee98a4ead83cfe958cb61bdd7cb918b8,2017-10-17
8aea472a57fff07c40f9c6a4caaa3234,8ad6b526ada87a36d38fdff6568a5038,delivered,2018-06-23 09:47:01,2018-06-23 09:55:17,2018-06-26 08:52:00,2018-07-03 20:52:35,2018-07-24,d9ee7773de8a488713f1ab202201570f,2018-06-23
b9a332beea1ccdc10289232c319ec338,53b7ba8ca42bc273e3ea9ac533443d74,delivered,2018-08-17 12:31:54,2018-08-17 12:49:25,2018-08-17 13:54:00,2018-08-24 14:36:49,2018-09-10,dd7012669fde4db57e67f8d243fe3545,2018-08-17
d66296945273987f899b24ce13f32f81,9dad7fca5ae0a6a7e9834fd633049424,canceled,2017-11-02 18:11:24,2017-11-04 05:05:32,,,2017-12-01,1efbebfd060752700e4f64aa096396b8,2017-11-02
ec07c952b2e699cd885db38a3c9362f9,85c768a183c66d7db2ed659b450eb0a8,canceled,2018-03-29 23:27:12,2018-03-29 23:47:45,,,2018-04-23,c5877771ec620bea58cd167a3ddc1adc,2018-03-29
df667ba05e6ea21155bd2b24ea3a9da9,8ca10fbdcebc21d0dc222f737f7feb18,delivered,2017-06-05 21:27:01,2017-06-05 21:35:21,2017-06-12 14:19:42,2017-06-13 18:08:00,2017-06-26,bfaaccadbbe56f6a4cadaa8128026f9b,2017-06-05
0693609f9dc1b3f7d53a9772e54975f2,0bd07aa3b518a209f19344537fb1c5d3,delivered,2017-04-19 20:34:38,2017-04-19 20:45:19,2017-04-20 11:02:38,2017-05-06 10:50:07,2017-05-22,5315ec6f9f93844fd3c64cadffd9aa24,2017-04-19
23f912e63532618fa04e0f945350c85f,dc8b649209fbd7a09679b48463cbddec,delivered,2018-01-10 17:36:50,2018-01-12 02:35:46,2018-01-15 23:32:29,2018-02-05 19:58:36,2018-02-07,172bc01d38f50082fc631541c4c19d5d,2018-01-10
d828aed67bd4b1f7ba6e6ca5b5fb241f,35e9e8b0b64b79c90b6047dbe5ea2728,delivered,2018-04-08 23:21:27,2018-04-08 23:30:24,2018-04-09 19:47:50,2018-04-18 20:22:28,2018-05-11,233aea00278924d5e47ec03b2bcd5ca6,2018-04-08
fa5f88521abe0927f354980a9648e15b,71b2bd715574fc1ec384f8ded6573e12,delivered,2017-06-17 18:18:36,2017-06-19 08:30:18,2017-06-26 14:33:30,2017-06-29 15:04:18,2017-07-13,165d93a9d1da194b47da42c9cf810ebd,2017-06-17
4068a5daf06244e4aa1a85a67983cc62,a955b91ca219905e5cbca783a0801f21,delivered,2017-03-08 21:05:01,2017-03-08 21:05:01,2017-03-09 09:18:54,2017-03-16 06:47:58,2017-03-27,76a2ffcbe2ec9c33c50ce6024ea56afa,2017-03-08
5ac2db22c3a1a5c7d59208f225e41fef,ddb4b59eafb402e9e5dcce9204b5aa21,delivered,2018-05-11 16:33:12,2018-05-11 16:59:55,2018-05-14 12:02:00,2018-06-23 19:58:32,2018-06-14,6d010016ac86b19d9b3a6829cd9e7f03,2018-05-11
5590b02a48dbcd875b82f7e97c4c5ddd,d076efdb7799c038d147359520222208,delivered,2017-02-04 18:51:41,2017-02-04 19:31:42,2017-02-06 09:37:55,2017-02-14 08:58:43,2017-03-15,084b52bfe7638733e0c99f8139ea3924,2017-02-04
a72a09d3c6862bd7535300edd0e6a932,14f9483490b8850a399998a0d4bbcff9,delivered,2017-02-21 13:30:34,2017-02-21 14:02:23,2017-02-22 13:26:06,2017-03-04 11:57:38,2017-04-05,34469baae4e281f21c2e6934adeb88ce,2017-02-21
41bc5a3d34a8e4ef91b2e7d9500694cf,86b9cf04766302b8138ccbd75ce345ef,delivered,2017-06-28 17:21:02,2017-06-28 17:43:32,2017-06-30 14:28:44,2017-07-11 18:35:54,2017-07-28,9f164e3f53fd18e7a8c25fc6856c60ca,2017-06-28
d76d5288b928495e3f607a9901f4daf7,7fe86e88a0583036d8c739b0a3988834,delivered,2017-02-20 14:08:36,2017-02-22 14:05:19,2017-02-23 21:32:36,2017-03-01 14:09:10,2017-03-23,7463761aef43c2bf9b44ba212f8d7c9d,2017-02-20
79186d3a09b1799222f2860be082e832,b93e95e6174fff9b5edcc6b8ffea5402,delivered,2018-01-13 11:15:31,2018-01-13 11:29:27,2018-01-18 22:39:13,2018-01-24 11:36:47,2018-02-07,4d679de4b206350c05fcd2591f162bcb,2018-01-13
fc8121263d345c1d739f85edda7be0cb,1f5656157ed9a977036dd1cdec2f74a4,unavailable,2017-02-18 23:41:47,2017-02-19 01:02:48,,,2017-03-21,2b5d4d8209646f5801fc85e3e7a83ae1,2017-02-18
77080c3a1b97bb0908c2dc6c3941c1a6,10c8f06ca229e96a955682147530cb03,delivered,2018-04-24 11:03:08,2018-04-24 18:51:02,2018-04-25 15:42:00,2018-05-02 14:21:50,2018-05-21,741fbfbd28935099fea8a0088f2470e1,2018-04-24
70dc122cb381c36bb405197904788449,58d5ef4db3cdde11b1c71f8910cb824d,delivered,2017-04-16 13:19:19,2017-04-16 13:30:12,2017-04-17 11:28:21,2017-05-26 14:03:02,2017-05-10,1d455fefc460c26a5526dd5a7bb5551a,2017-04-16
1ba8d0116eff4ce64f79e9094f241f6b,20442b054a06b68bb23acd5fc74014bd,delivered,2017-11-25 11:34:38,2017-11-25 11:51:44,2017-11-29 23:47:12,2017-12-23 17:52:13,2017-12-15,951a921b73a77945a8ed03d15eda228e,2017-11-25
bcb98fdac3f5de1aadf359566ffe8825,a77331de9f041227365a9dbc92585722,delivered,2017-02-23 17:14:23,2017-02-23 17:25:19,2017-02-24 10:40:56,2017-03-10 04:05:49,2017-03-20,c204ea72a5a72e1b4a09af3b34b807d0,2017-02-23
3bd5b8bba961482f0f6c2e3502ac63bf,3747b586188c3c69c6a430658c2ae9f4,delivered,2017-09-07 13:41:37,2017-09-09 05:15:29,2017-09-14 12:58:15,2017-09-19 18:48:41,2017-09-29,52ee6d0a8f1b786485a5bd366aa2137c,2017-09-07
7d512c7210020b9a4d7a90bfece69a65,e33468eb1b5573fce44adf067714e3bb,delivered,2017-11-03 19:11:40,2017-11-03 19:30:38,2017-11-06 20:58:52,2017-11-14 19:03:01,2017-11-16,68598b654c53799834f0abc847bd4a06,2017-11-03
06b6cf307813747b1a6aa2c381dbe32f,111c5a4d2e3b12a1e4b8dd7fe3e4974c,delivered,2018-02-27 13:48:57,2018-02-27 16:36:05,2018-02-28 19:44:04,2018-03-01 21:36:40,2018-03-13,646088d7a19f34888a17b2e6f5045a7b,2018-02-27
464a25f924f1b09db65da7840fa2eb2e,66f7009f43953f072a7b8e678632f11d,delivered,2018-05-13 23:14:36,2018-05-13 23:34:10,2018-05-14 15:18:00,2018-05-15 14:37:02,2018-05-23,4c284c511e545271e7455142e9daf228,2018-05-13
1a77469cc9045a2ec0ddcb6c608e80c7,a32bc3f28044954fa7641a2706dfab31,delivered,2018-06-06 11:21:31,2018-06-07 02:55:19,2018-06-08 13:36:00,2018-06-18 14:52:46,2018-07-12,6890f1ea9511e4b1bb6dbe85533ddfc1,2018-06-06
e02da1929daa15fa492dc605bdad4896,dfc2879bfd2e14b8241447c9c9d3c002,delivered,2018-06-22 14:39:56,2018-06-22 15:00:01,2018-06-25 11:27:00,2018-06-29 17:12:31,2018-07-18,1230928f07d18d2a28ace7ff6dca9740,2018-06-22
d738a4231586b1053ffdc9e064e9b1ab,4d1d529b68c5de70688b7368b4086f58,delivered,2017-12-14 20:51:16,2017-12-16 02:35:25,2017-12-18 20:18:49,2017-12-20 15:57:03,2018-01-12,58fc218bb46085918c69d192f5cebed7,2017-12-14
72b13b37a3e90ebef702948d847e881f,e385c784b529325482fde7171078146d,delivered,2017-04-29 16:26:37,2017-04-29 16:42:58,2017-05-02 16:38:09,2017-05-08 10:32:43,2017-05-23,a10fe3c477989c968aa284bd448b1d5b,2017-04-29
aa5fb4d316102d9a70eaf75e6f19d181,b95632fc7d84d7ea3ffb794fc0221a2f,delivered,2018-07-19 10:49:57,2018-07-20 05:05:16,2018-07-20 13:57:00,2018-07-26 13:52:49,2018-08-17,9b0caefb4a91018c1a69e61a32061fa1,2018-07-19
c08029c18d0544f5f412033887287ad9,f827db552458fc2b80161396a6e0e53c,delivered,2017-09-05 17:01:23,2017-09-05 17:35:27,2017-09-06 21:11:23,2017-09-18 19:33:49,2017-09-27,3b2c9cd7542f85c257900d861659ff61,2017-09-05
8875c81503e02bc22eae5a31637d6db1,5829bb0fc54e1af9937b154763b18966,delivered,2017-10-11 12:45:13,2017-10-13 10:09:01,2017-10-16 22:47:58,2017-10-25 20:52:23,2017-11-03,902538a5d66f6e653cfc4a563284f5ac,2017-10-11
0c17d2ca8fea3e6d807410a0c0c44746,19ea9736303135c25774f03b93f1050c,delivered,2017-11-29 15:48:38,2017-11-29 17:30:52,2017-11-30 15:27:11,2018-01-07 18:29:22,2017-12-28,54ed3f082c9e7725a0e26e9e682fc825,2017-11-29
2fbeca2f2c8ffa097d80f9edca1c444f,198169dfd3c62f578c7d8768f59cead6,delivered,2017-12-10 02:56:24,2017-12-10 03:10:22,2017-12-16 00:56:45,2017-12-26 15:41:55,2018-01-18,88c9bea612dcd993fd30e913b1c5bd73,2017-12-10
a673d797cc8f5076e53e3b08a5512bb2,83770e4ae6657c20d943abd491b12a46,delivered,2018-04-25 15:46:56,2018-04-25 16:53:14,2018-04-30 06:21:00,2018-05-08 15:32:49,2018-05-28,edea3d94e309f4f5ef91d01a70416373,2018-04-25
dc1b86dca769213b0db63c4922bd6a73,36a092d8dd0744a1785253a886b8383a,delivered,2017-07-17 21:13:47,2017-07-17 21:30:24,2017-07-18 15:52:58,2017-07-24 18:15:53,2017-08-11,8346b40f1e2e67c7d3512301d49e350b,2017-07-17
9ed40c1d290b912f4cd6594bd495b5fb,1d90bd47cc4020de6b135b4f1fef7995,delivered,2018-04-15 14:39:05,2018-04-17 04:54:21,2018-04-17 18:42:13,2018-04-23 17:12:07,2018-05-09,4638fb22258d40350d7125a3172bd232,2018-04-15
b18a68dda772cde59ef17d4fbbfe8c7e,07e84f8ccde6b3049d08bd274a35978d,delivered,2018-05-28 14:05:37,2018-05-28 14:15:13,2018-05-29 09:51:00,2018-06-05 15:13:03,2018-07-23,02fd751e46b4df15f8fea581215241f8,2018-05-28
1a1ca27f20c0784d452027dae3f0b5c8,21670ce0ba4721029fd7c5aa148eeb3e,delivered,2018-04-28 19:39:03,2018-04-28 19:51:07,2018-05-04 08:16:00,2018-05-15 21:26:37,2018-05-25,90a069e1609979ee1dfa965f5a13cc26,2018-04-28
07f6c3baf9ac86865b60f640c4f923c6,000419c5494106c306a97b5635748086,delivered,2018-03-02 17:47:40,2018-03-03 14:10:38,2018-03-07 21:07:51,2018-04-17 17:17:34,2018-03-22,14843983d4a159080f6afe4b7f346e7c,2018-03-02
9f73f9300dc3e9f8efc83f19da546881,a1a1a00b4c0d224f299efd03f01af3f7,delivered,2017-04-19 17:23:15,2017-04-19 17:35:15,2017-04-20 09:51:35,2017-04-26 23:23:58,2017-05-09,9634506e629708834ecc42acc3c90019,2017-04-19
d580486f85855dfbfc226d0a87c46957,3990c719162bfe51e676622d4ec98569,delivered,2017-04-24 00:37:05,2017-04-25 08:15:36,2017-04-25 13:19:11,2017-05-09 11:26:45,2017-05-25,becbd8b84211141c236eb290d639b705,2017-04-24
9052586928b38e6da1b27a7a467307e2,997b756a4a3c8cb582152647c7dd57c9,delivered,2017-11-14 15:00:26,2017-11-14 15:10:45,2017-11-16 19:32:08,2017-11-21 17:42:05,2017-11-28,afc400a201303b0b8b2d3150f316556b,2017-11-14
b989c3785c2432d0617d9e494703c478,7a60d482d82b2ff409a49d3c0529048d,delivered,2018-07-28 13:11:06,2018-07-28 14:30:30,2018-08-06 13:35:00,2018-08-09 20:18:20,2018-08-17,195abc208e67b0b558e46b5614f385b9,2018-07-28
ade32d1b22ac2ce84c90f170c4ab1845,7d6bdd733cfee54734599f71b6ce12d6,delivered,2017-10-30 21:00:47,2017-10-30 22:31:45,2017-11-10 19:41:52,2017-11-23 19:54:41,2017-11-17,1fef19c9334f72f2f43ca0f3b5322e3d,2017-10-30
61f6d3c81710a644622f59cd9dd666bf,af61dab31295876e1570f9613548ff19,delivered,2017-05-22 23:09:06,2017-05-22 23:23:05,2017-05-24 09:51:07,2017-05-29 11:01:36,2017-06-22,7acf19ddc75a0935581845e1c89edb3c,2017-05-22
0184d4ddb259e1a4cfc2871888cf97b8,09425ea1839abf2f0d289a0ff453fa21,delivered,2017-09-01 20:04:28,2017-09-13 22:17:15,2017-09-04 14:05:50,2017-09-09 15:12:44,2017-09-20,10c573ba276f9857dc6820e0dde57fb8,2017-09-01
2ae3e844eeb857e448fe36e4f0dca9ef,72dc9948f6e570763c3ce7cf97342a1d,delivered,2017-12-29 16:34:24,2017-12-29 18:27:19,2018-01-03 12:42:29,2018-01-20 14:48:00,2018-02-01,fd365df3a117f34442836874e6cc22b4,2017-12-29
4d0bd88af1748e0658ddfad3100b2958,49679f4c043355c2d9d574699fbeeead,delivered,2018-07-07 14:58:14,2018-07-07 15:10:09,2018-07-09 13:21:00,2018-07-13 18:48:48,2018-07-31,c6b2ccbe75ac5addb40fcff5db96a5c1,2018-07-07
4224d3207aa1acffc28e6b36c7c2c8af,26e6e761dffdfc0ba3d0ec3b4cc646f7,delivered,2017-03-15 11:20:40,2017-03-15 11:20:40,2017-03-16 13:09:07,2017-03-21 06:44:46,2017-04-03,34b32ded69852cae0a53ceeb42a0f19f,2017-03-15
db869ac5d1058a4b8528b9006d73ad06,140af66cbd576a364271a81f3d67ddc3,delivered,2017-08-27 15:53:51,2017-08-29 07:45:35,2017-09-01 17:44:45,2017-09-20 20:11:39,2017-09-22,213a3dfbeeaa4c75f8b3887c1e3b72e2,2017-08-27
9b4b42fc4f3a0ff13e896d031a9723c8,e2db07183615dd1fd30115b590cda2b7,delivered,2018-01-08 23:22:31,2018-01-10 14:51:28,2018-01-10 22:08:41,2018-01-11 17:38:46,2018-01-24,c631a16cbd5fabdc9c15f28e1ece5900,2018-01-08
5c78f2a82781176defcf7f019892d324,5e085412648734bfe73b0c0196075f49,delivered,2017-02-12 12:39:09,2017-02-14 03:35:19,2017-02-14 08:48:15,2017-02-20 09:38:52,2017-03-22,2f5bd6ac7c9fe91b6667f78c775c880e,2017-02-12
794c69999774820e22c161f6dc4fef91,8e2c57611e09e143ec4ab76e38033bef,delivered,2017-05-09 14:46:34,2017-05-10 06:35:23,2017-05-29 14:55:15,2017-06-09 16:42:19,2017-06-21,030a810edeec1ceea314282513023587,2017-05-09
b7f45bcd6165e360a95cb43ced5d5ea3,8b9d8f3dbc665c26372a5bbfe22ac953,delivered,2017-07-20 12:24:07,2017-07-21 12:23:09,2017-07-25 19:39:28,2017-07-28 16:35:54,2017-08-15,428a8ca5e5ad2bff54515b8e868d3381,2017-07-20
9c8a5a65a01f4a42ddd7fe53ee525568,f6776493ae32276dfb0c49984b8cba5b,delivered,2018-05-26 23:30:04,2018-05-26 23:49:50,2018-05-29 13:14:00,2018-06-01 14:05:01,2018-07-18,70d4c8dc887b11ce64d668a2b37c2678,2018-05-26
60e710a56647c46017e6ae93b6389822,37ade1977ac8f2bcc9d8b42cce744db6,delivered,2017-04-16 23:09:13,2017-04-16 23:22:01,2017-04-17 12:36:49,2017-04-19 16:04:08,2017-05-08,4194c803b268f3e9fb673a45ac8a67b4,2017-04-16
afef174bb9c07aa8185c78d1dbecd29c,158b190d9d408492b1a819f746a2fe4b,delivered,2018-03-29 13:09:05,2018-03-30 03:26:59,2018-04-02 18:03:26,2018-05-01 00:08:30,2018-04-23,d510f10b6be725172fc339fbea613709,2018-03-29
cd1a20782013109d1ec8320dff14d666,7196e7b72271a04057e5ec119b45947e,delivered,2017-11-24 15:48:12,2017-11-25 05:35:18,2017-11-29 22:57:49,2017-12-04 16:49:52,2017-12-18,8dcc5a24fa845f8ed89841cc8b3f9357,2017-11-24
0009792311464db532ff765bf7b182ae,2a30c97668e81df7c17a8b14447aeeba,delivered,2018-08-14 20:43:09,2018-08-15 12:15:10,2018-08-15 15:28:00,2018-08-22 12:02:27,2018-08-28,4987996ddcd0ddb20740fdce7c2bfbb1,2018-08-14
43e1cbf9959b24b39acb40a44ff3655b,cbf080b962ac028e6a6ee3ad5419ff05,delivered,2018-05-06 13:04:09,2018-05-06 13:33:04,2018-05-07 15:11:00,2018-05-08 20:14:49,2018-06-07,dbd6d0992a1ba5d60b3ca1c9f4577f10,2018-05-06
d6c8d8e00d2e01bca21b1638924f910a,884e5366e0a547ad944f0711a8e0839d,delivered,2018-08-03 10:07:14,2018-08-03 10:43:58,2018-08-03 14:00:00,2018-08-09 17:47:43,2018-08-15,36c2e404800b055e0ebeb26c96e23fd0,2018-08-03
bd538b23115ef07a07199e3e2bdc2d4d,5ea6e9b6942f579e279a530dcb100be5,delivered,2018-07-15 12:57:22,2018-07-17 07:31:34,2018-07-17 10:24:00,2018-07-24 16:41:46,2018-08-07,c6bf96b6f53aaff41721884ab3067f15,2018-07-15
8d97d9eb429ce8f65870fff4d319699e,e50eee0362b772dcc8995721bb637d5b,delivered,2017-09-19 13:30:02,2017-09-19 13:44:09,2017-09-20 21:21:59,2017-09-28 21:42:59,2017-10-09,10f491b45dd28d61468b8293b65c9bd8,2017-09-19
803aa4666b8c108ee27e65f64ad038fc,32b1936b81907e39a7f664cd0af3aecd,delivered,2018-08-21 22:44:15,2018-08-21 22:55:20,2018-08-22 13:24:00,2018-08-28 00:06:27,2018-09-11,0e4d012fac3d20c033e0284fb6d2ea6a,2018-08-21
6accfe462d11561b2b80a59a91a8702e,e8c7bc94dde4d7dc6a1a5cddd714020d,delivered,2017-07-07 15:13:16,2017-07-07 15:25:20,2017-07-10 19:46:08,2017-07-18 19:10:15,2017-07-31,01376b24e146a15f52ca8382af02fe62,2017-07-07
2a15d40da6accb25c550b694fdf84478,2b141f94788b2cced0125f3159a92aed,delivered,2018-04-19 21:29:39,2018-04-19 21:50:14,2018-04-20 19:04:59,2018-04-23 16:23:38,2018-05-07,8e57110dee70069434704218c163a3a9,2018-04-19
5d69d7fc898ffd0d71682e3c41cbcf4b,834881fcc1058894ba5170875c942055,delivered,2018-05-10 16:19:07,2018-05-10 16:32:41,2018-05-11 11:45:00,2018-05-17 17:32:18,2018-05-29,1017d22cbb7599ffa7831e6dbd53865d,2018-05-10
5f21d6ba0223730d3d05730e3b8fa4b2,59a51f95879b3d41da0629db0cbbfe69,delivered,2017-06-16 10:34:08,2017-06-16 10:43:17,2017-06-19 20:51:23,2017-06-22 20:19:25,2017-06-29,a10bb061247d3d04e668a17cfe6fcf2c,2017-06-16
f86be73e2deb7e4d522ee8922cc02bd7,034ec80100c45d578f08af297f2b84c9,delivered,2017-12-10 11:02:56,2017-12-10 11:15:22,2017-12-14 21:52:30,2017-12-19 22:58:37,2018-01-04,dec8632530ce2c58e688e63cbc5105e6,2017-12-10
ccf27ea35dc842ef81bc07ec33164b56,c2e60ecd950869eb6c1996e890d16e26,delivered,2018-06-20 10:59:40,2018-06-20 11:26:04,2018-06-21 14:46:00,2018-06-22 20:26:37,2018-07-05,ab6ec178286e6a6d70e9bfe90378bd95,2018-06-20
d66dd47e562a626ad07e1a314e1e90d7,a222a300bd50d750a9a05dca4031cf0a,delivered,2017-10-07 17:13:35,2017-10-09 12:28:16,2017-10-13 21:45:10,2017-11-01 17:15:47,2017-11-03,eb0b55f3a815a65c484dcce67efec73c,2017-10-07
d3ebfd1dc904744872e585da7e4b170d,2284564a4718c89d79019e76e9df4b54,delivered,2017-11-16 14:13:03,2017-11-18 02:50:59,2017-11-21 18:19:09,2017-11-27 21:47:19,2017-12-15,07304e464701f53015ce6d6b1378b6af,2017-11-16
a187e99908d89f2f863baf8785025570,2a3624bf4c3135d19877f48d340c8613,delivered,2017-05-29 11:32:28,2017-05-29 11:42:20,2017-06-02 10:32:52,2017-06-05 16:52:26,2017-06-09,d3195631b2c66e9ad4cf137285ff57f6,2017-05-29
62b70e70c218b9d5a4d9b7ee14c286f3,df05cc416941cb23623ea7c27a1f87c9,delivered,2017-12-08 14:36:45,2017-12-08 14:49:21,2017-12-12 01:59:28,2018-01-13 02:33:53,2018-01-03,52039dcd7e4683b6f2b579bc86838224,2017-12-08
7097cd0492a280b3e24b36fd672f5a59,0bdc7d7710cc0598046e4134d8a6af75,delivered,2018-03-27 00:14:42,2018-03-27 00:30:16,2018-03-27 23:34:46,2018-04-02 17:41:19,2018-04-10,144b5c6dd260fe9984a0963614b81f0b,2018-03-27
cbd5da59166957ccd5a0c52607f2e98d,10567872c1e2e0ba7172faf0a144c21d,delivered,2017-08-07 01:12:28,2017-08-07 01:25:07,2017-08-08 18:04:34,2017-08-09 15:55:46,2017-08-18,461b0e7c11ff521493eaa69ad24e7b3d,2017-08-07
ed0b6f8c8617370e53735a5d963bb5b6,06ec7aed3161859018db02f695b6600d,delivered,2017-09-18 18:53:15,2017-09-18 19:05:23,2017-09-20 17:22:30,2017-09-22 20:56:45,2017-09-28,3e43e6105506432c953e165fb2acf44c,2017-09-18
c536b6b70c5e68d35e68e55e95d873f5,b25242aebf03ddfcf46480887d9bc8b6,delivered,2017-09-22 10:58:10,2017-09-23 00:42:11,2017-09-25 20:07:46,2017-10-05 17:23:18,2017-10-19,9cc5367471d83a17c41eeb85c0075372,2017-09-22
89a05ddfc0652c91d7fb671794757d3d,f83b48b7214d442aec1d4dbe429a31b9,delivered,2018-07-20 11:33:51,2018-07-20 11:46:15,2018-07-20 13:14:00,2018-07-24 16:13:45,2018-08-22,90d8fce10381449eb722d1e96e686e2b,2018-07-20
e979a3bd2f7e22a805e38dd992d5defe,d87a2ee27f9cfac923da7c70a909ec9e,delivered,2018-08-06 19:57:39,2018-08-06 20:10:15,2018-08-09 11:42:00,2018-08-15 20:31:55,2018-08-14,6c46fac4427c66dba3d39905e3d81497,2018-08-06
50b043a46bc9296628ad3ea3e0ca01b8,fa012d6c76bdb34712c35e38d4bfd8cc,delivered,2017-10-18 14:38:21,2017-10-19 03:14:39,2017-10-19 19:56:48,2017-10-25 13:51:54,2017-11-16,a37b69d81327855f0fc94f7268f086eb,2017-10-18
03484f6953887cd37a7974b52f3107f4,9ade6d9e0052f02a42f0f4b68b9ae537,delivered,2018-03-05 12:23:49,2018-03-06 04:08:33,2018-03-07 20:37:26,2018-03-09 14:01:33,2018-03-15,06e8cfa2a8fa7e52a62f8970657cd12b,2018-03-05
778d6f8f92b218606a82dc5d2f5221e2,2cfe76e75e9de1fbc8182515c5453fd2,delivered,2017-11-25 12:02:42,2017-11-25 12:13:42,2017-12-07 00:21:46,2018-01-09 14:09:40,2017-12-20,89468b8994a62cb344e62ab6981a6451,2017-11-25
bac1a29d140daf4cf00aceeedf2dddc7,8bff651483a16d50c80378a565e0061d,delivered,2018-08-04 19:38:53,2018-08-04 19:50:44,2018-08-07 14:18:00,2018-08-15 20:34:29,2018-09-11,9b50e23aaf9aa3767ffd0ebf4a6038a8,2018-08-04
47f127d696dedbcc985921e3304db01e,292240272988cf78f82cd691b228601c,delivered,2018-06-30 16:01:43,2018-07-05 16:25:26,2018-07-04 14:24:00,2018-07-05 17:09:41,2018-07-16,753453acc2ab70980c1572be16c4cfb9,2018-06-30
012d8cbea490e6102cee6a2088aaa785,9143de688296ba2531bed7883a7f31c2,delivered,2017-10-19 21:07:15,2017-10-19 21:27:58,2017-10-20 20:45:35,2017-11-03 19:12:54,2017-11-23,dcae8fca76db245777ee6f6f3f6d3253,2017-10-19
e4e717f3f0c93f0a6d94ada34afdd009,84762f02a72a9136840250490c642f8c,delivered,2018-08-16 22:28:49,2018-08-16 22:49:14,2018-08-21 14:29:00,2018-08-27 21:21:39,2018-09-14,21a4118d0a32f8c94bf3bb113644abc6,2018-08-16
1c34405a26acbdbce1a7702fdcca5c31,22169f48f1b81a3dc8395262df7eda53,delivered,2017-12-07 11:37:30,2017-12-07 15:01:38,2017-12-09 17:43:17,2017-12-14 22:18:33,2018-01-03,24f6f66e5609f83619524ab1aaf4a5b5,2017-12-07
bf9798b58294574db2ddd49186ffbeac,7002fe95ed18aaec48a31ac846ccefdd,delivered,2018-05-19 11:30:35,2018-05-22 09:14:13,2018-05-24 13:12:00,2018-06-06 23:07:34,2018-06-06,7b0eaf68a16e4808e5388c67345033c9,2018-05-19
045d2b8e16b8512db26e4d3d1a3e5198,5014401cb0faa8ae93727383cd39c424,delivered,2018-05-15 16:20:48,2018-05-15 16:36:25,2018-05-16 12:43:00,2018-05-18 18:12:44,2018-05-29,40531f4f22cbbc7e1b43af10f140697b,2018-05-15
fa1504a98e3482c59bb07d3024a15b14,1142984916495fad0d7693eee6007457,delivered,2018-08-14 16:25:29,2018-08-14 16:44:18,2018-08-15 11:45:00,2018-08-16 18:48:48,2018-08-17,dec589d17a7f806ea3e1512a4b5fe0fd,2018-08-14
41d0050b0a103c674289659fdd6f602e,9a4e0069a7fcd20298ee1634f0b41a4e,delivered,2017-08-23 10:07:22,2017-08-23 10:15:55,2017-08-23 17:41:20,2017-08-24 21:23:09,2017-09-15,f216de65ece42736f341247dcba60ccb,2017-08-23
8d5bc3d5465a11259249ed8aee3a6c6f,461f9c2c10c3c00e79b5cae634b5acc8,delivered,2018-02-09 17:04:24,2018-02-10 16:55:54,2018-02-16 02:42:49,2018-02-27 22:32:37,2018-03-09,31062e53039941e4a9ea7a0163fc47e9,2018-02-09
47999a7490ff2905f7ca3da2edcc9c52,920f397f9443bbf5775f7e99a2245890,delivered,2018-04-12 22:26:12,2018-04-13 13:30:32,2018-04-14 00:09:27,2018-04-18 13:48:41,2018-04-30,cde8c164df9ebe2834ef7581c8e2bcfe,2018-04-12
f5695fb0596df12b626efc77bd076d57,1422cff2e1205bf62421bb34b6549593,delivered,2017-10-20 21:59:42,2017-10-20 22:14:11,2017-10-23 19:17:59,2017-11-17 21:18:46,2017-11-23,363720be5ae0c67503dd158ef8b98e25,2017-10-20
c1a7323307f4a60b4146d4d40012350d,ed1bc108cdf80c1f0930510f8a38142a,delivered,2018-02-18 16:49:10,2018-02-18 17:50:33,2018-02-20 19:33:17,2018-03-07 19:59:02,2018-03-19,e8fd76fcbfd3bad490d71c92aea1e4fd,2018-02-18
c13f61a17915a48e0741b02a6b7a3fe8,867ac9a8fc8fc9611ab69114e719457a,delivered,2017-01-21 15:01:29,2017-01-26 20:05:09,2017-01-27 15:23:18,2017-02-02 12:22:00,2017-02-21,5d2c057bbb50353737f8eb80d08e82f2,2017-01-21
e8e55eaa809f3091cc5060cc53735660,2ca5f0111cef8030082e8adf6a068f6d,delivered,2018-02-02 18:46:41,2018-02-02 19:41:59,2018-02-06 00:57:40,2018-02-20 18:52:32,2018-03-06,f86871c7161e1c8cec811766e1594628,2018-02-02
ba9334a30d40bde13d58772361c9054a,c1944a79055115409ac76ef1e49a1f44,delivered,2017-11-08 14:48:45,2017-11-08 16:11:00,2017-11-09 20:51:32,2017-11-28 17:44:45,2017-12-05,5521c1e3673a3db4e8eb0be0d32538d0,2017-11-08
2781125ad13588f38220a6686692d314,cb02cdda09b3d6ab39aadeac191f6094,delivered,2018-05-11 09:36:15,2018-05-12 03:15:12,2018-05-14 11:01:00,2018-05-17 22:41:06,2018-05-28,005d8faa4cf789cf52fb880a8569880a,2018-05-11
c595bbefb93ccf827f9dd4b7c3f25785,374328bf8679040ee5e84ee3b8b6f33a,delivered,2018-01-17 12:43:08,2018-01-17 12:54:50,2018-01-19 23:48:43,2018-03-28 21:08:57,2018-02-08,314945ddf0337d5bd23bf42a6873cc15,2018-01-17
a310dd02fa5c5747f8a6fdc884dc41fa,7c21fd428a1579295cd2ba027ac639f4,delivered,2018-01-15 11:04:05,2018-01-16 03:40:08,2018-01-17 02:45:02,2018-02-08 22:53:15,2018-02-14,3572efa7933c2e02d4c7024db6052b56,2018-01-15
676997dac4c289c241276214efc7839e,25b649c6c09ea11139ef9c010e95082b,delivered,2018-03-05 18:20:44,2018-03-05 18:31:27,2018-03-07 17:26:47,2018-03-14 00:28:45,2018-04-19,43bbe1b52258f430e2b8f4a31f4cbf25,2018-03-05
6f0e01ac8a1a17a76326cb043d90412a,95df670e57f84a2814b2bc4f6b8cb5f5,delivered,2017-09-27 10:47:49,2017-09-27 10:56:24,2017-09-29 19:38:29,2017-10-10 20:47:55,2017-10-24,100c16773ccce2e9ccf882553e806345,2017-09-27
17547f11b8930d4e945f484ec24b1154,207f4a72a8df4f0b8398a832479ba32e,delivered,2017-10-17 11:48:46,2017-10-17 11:56:29,2017-10-17 20:47:50,2017-10-25 16:45:52,2017-11-16,8a1f9d99f0ebf5b3d099aaf0cb25a908,2017-10-17
5d508403951477c6ca3f8fb41f351658,29588af43a7f8d1ac968a59f8a504036,delivered,2018-03-13 23:37:18,2018-03-14 00:20:29,2018-03-16 16:34:39,2018-03-28 17:48:26,2018-04-11,a109f435b9d28761c7a3024094369103,2018-03-13
55826c853b7245fee48da8b2539b6944,7428ebf9b65a9179a769e6954befa195,delivered,2017-09-21 19:05:52,2017-09-22 12:44:19,2017-09-26 22:08:37,2017-10-03 19:48:05,2017-10-06,00776f3807b128beca64cd0b27138d92,2017-09-21
09d91c794f1841e2af74d07d08518980,2798cda6f228cfd59d3676f7d9cdb1af,delivered,2017-08-02 22:29:10,2017-08-02 22:45:10,2017-08-03 18:57:27,2017-08-07 22:49:45,2017-08-15,d30558fa40a69e6c76998b56a2e5b3a8,2017-08-02
67796eabcf10419c4abd84d49a3ecd59,165fd0e9f08674d04684807264f3d58f,delivered,2017-02-24 13:11:57,2017-02-24 13:25:11,2017-03-01 14:53:29,2017-03-08 12:05:18,2017-03-24,9c0e3316782850f36b7d0209c5020ff8,2017-02-24
981ce71403e17f9540c416f431a7c6d2,77cc50c78dcf4dc34e444fceb2e397aa,processing,2017-12-29 11:24:15,2017-12-29 11:37:18,,,2018-02-05,775ff4510c7aba4f6bdd138182373df7,2017-12-29
5b113b47da093bc2cbbc7797aeee7994,1689035e6f367ae9398fa8ba436b9885,delivered,2018-07-20 20:25:01,2018-07-20 20:43:43,2018-07-26 18:58:00,2018-07-28 19:10:45,2018-08-13,35265d972a3f3e1c348e8c280ae3afd4,2018-07-20
03dec253b6e471bd5b0653cc53b79e95,013f6eb268d33338ee175ffe2ed24204,delivered,2017-06-27 10:49:14,2017-06-27 11:05:43,2017-06-27 15:33:40,2017-07-06 14:05:36,2017-07-19,10a1ad3ff5f9d18ae0ee0f0a2d6d74b1,2017-06-27
676d57931a49b30825cd3d0f17f7be61,630e8325f479925204cabba69b0a07d5,delivered,2018-03-14 11:41:55,2018-03-14 12:20:30,2018-03-15 16:21:52,2018-04-05 15:56:37,2018-04-10,f2e3498588a57167bead72d5b224b15f,2018-03-14
fdae59a84d3050deb2efafd6b04ff6ef,d349b21fece9d17922c233c37af0074e,delivered,2018-06-10 18:04:12,2018-06-10 19:51:17,2018-06-11 14:41:00,2018-06-18 17:13:39,2018-07-13,c8665c8d8b72f30098ccfe9841c8fe30,2018-06-10
699a054a231f241e711b0ff3bdd1e250,b3011b12b04e3e8423157ca40dba4e1f,delivered,2018-05-09 11:20:12,2018-05-09 12:14:57,2018-05-16 05:28:00,2018-05-21 21:28:39,2018-05-28,d18125b8c0fcffd0da676d56fb581bee,2018-05-09
aa76cf095a94a9b1b5e8bf751b279bb3,8485ad7b186ad4ddf28eb66db67b2aac,delivered,2018-05-14 11:29:01,2018-05-14 11:58:21,2018-05-18 12:24:00,2018-05-23 10:04:04,2018-06-04,de396d6391d462b718e264a43891b4a2,2018-05-14
1bbd44a5496d9d2e6a0278e5bcf3c441,896957ad318e798d867ee58570d96f12,delivered,2018-01-02 10:39:56,2018-01-02 10:50:17,2018-01-03 16:44:32,2018-01-11 17:19:38,2018-01-24,ddeb6f3566dcf17cb455271ac103a73f,2018-01-02
bf5142abe115b2f2d88f9d7bb0da6703,07c598aa82ba5670f78bbfc4b3305e6f,delivered,2017-03-23 21:15:44,2017-03-24 21:10:12,2017-03-27 14:53:37,2017-04-20 11:46:38,2017-05-05,306a8ff8c9267f05be3d1ea67ef88cd6,2017-03-23
4660e507473035f4db5f153b9cfd0c96,b150a3431c17a59c2f12a6dbed63f0d0,delivered,2017-11-27 21:47:28,2017-11-27 21:58:29,2017-11-29 14:13:11,2017-12-13 20:28:58,2017-12-21,fa9e3c9b8708fc9fbfa29b7fe34b6693,2017-11-27
567cc2038bd5fc2994630f15ba392df9,148befba8d61a3c03523b7384f853ed7,delivered,2018-04-05 22:14:01,2018-04-06 22:10:18,2018-04-10 01:18:38,2018-04-13 11:58:32,2018-04-23,e33ec0696943d2c82575e5aaebe3cf05,2018-04-05
651a0587f276ef45b1c74a72643c33ae,8a10e1981f61bb769762ebaa5a10ab0a,delivered,2017-06-07 15:05:31,2017-06-07 15:15:12,2017-06-09 11:22:38,2017-06-19 18:03:04,2017-06-30,5995828a9de81dbbf610cc6f27580bcc,2017-06-07
806115145431c4557c46d037c0b3fd74,71da510bfd2d6e4bddba24a6480d384f,delivered,2017-11-08 10:26:31,2017-11-08 10:46:43,2017-11-08 19:52:08,2017-11-13 15:44:03,2017-11-28,be9aea68f34178c4e4f77c36b5d23cb8,2017-11-08
624d5e149bcc11515ce32c6d710f566e,8edb93cca5a8d190789ab8aa6f415c9d,delivered,2018-03-19 10:45:47,2018-03-19 11:31:09,2018-03-22 21:34:45,2018-03-27 19:11:33,2018-03-29,300fac2f46ab8700db12cab5c255fcaf,2018-03-19
c23296e1255abac91cb3a637f4f084e3,ba3d3c02e06168e577af7ef349c9313d,delivered,2017-04-28 14:29:32,2017-05-03 11:43:04,2017-05-12 09:58:03,2017-05-16 14:45:50,2017-05-24,719a735ece4d49f8f918d1fdd319cb2f,2017-04-28
a2cfec2310701eb38801890faf296d4d,4d50896718a55276372bd97bc8a00fe2,delivered,2017-07-24 11:03:13,2017-07-25 03:43:46,2017-07-27 14:33:55,2017-08-01 22:13:49,2017-08-15,fb32a4e23e5341b959f90ca2b12364ab,2017-07-24
7976a5c0f4cf314a66586cf02f7aa596,3ba71e4f3f55b141801dc27ed1daa7f5,delivered,2017-02-11 15:10:03,2017-02-11 15:22:48,2017-02-14 10:11:47,2017-02-23 18:38:30,2017-03-16,e2c552265b5e0cc00248bdfbe0053c56,2017-02-11
111fce057987458292c1deff2a05d6ff,d17086cdbda06733d6f3726863403b4e,delivered,2017-11-28 20:28:31,2017-11-29 02:15:30,2017-11-29 22:41:43,2017-12-05 17:05:42,2017-12-18,4656d64bf4efd588f7ded844b597bc86,2017-11-28
bbc3a95177ff0c8a012e117f4dcb06c8,91d98668d81671694d440add6ff4db2e,delivered,2018-01-22 15:14:12,2018-01-24 02:35:02,2018-01-26 18:46:36,2018-01-31 20:17:03,2018-02-07,7bd43abfde2d6a9a5c35da8749603fb3,2018-01-22
434c9890eff8856d64b1d01c1024686d,9dae8a64d7519a6a011095a8f5a278bd,delivered,2018-05-14 21:32:04,2018-05-14 21:57:44,2018-05-15 12:01:00,2018-05-17 20:10:48,2018-05-28,efb6ba67335dcc8422b9baaad7342b15,2018-05-14
20682401f377f9713842c128b03fc43f,dd9e543aa63df2f0c0b15dfd977f650b,delivered,2018-02-22 00:02:08,2018-02-22 00:30:06,2018-02-22 16:52:25,2018-02-28 00:56:37,2018-03-14,1b77b55b731433f029cc2bf190bd4f35,2018-02-22
4a721ffd84fcdf73673c0abbf2035fb3,08ee0fea033270eb52f02441559cff94,delivered,2017-11-21 23:34:07,2017-11-21 23:46:46,2017-11-27 15:52:04,2017-12-01 16:48:29,2017-12-12,e5ddbb86adf64741833628d157d73f0b,2017-11-21
8e263246773b88f4f03e159b726320a6,9911b9f4f5dc2751dde00645c9d129d6,delivered,2017-11-19 12:22:15,2017-11-19 12:35:21,2017-11-23 17:09:14,2017-11-29 20:06:44,2017-12-11,5439ee54fba050a95372356457bcde17,2017-11-19
e1f58cebd92cdac4b6f7f9a3814a0fb0,abb37d6f51a26c40c7efadaf71763547,delivered,2018-08-23 14:59:37,2018-08-23 15:35:20,2018-08-24 15:42:00,2018-08-29 17:56:31,2018-09-03,518b5058581d593d28957b8e168d4461,2018-08-23
9e3da6194f6653e6809404d0804dd069,c8d3ca6c61c4ba867847be9cda6d80fb,delivered,2017-06-11 19:34:11,2017-06-11 19:50:11,2017-06-12 15:22:12,2017-06-19 17:23:59,2017-07-05,8ac0c45f8e89a3d25738b3700ee9e132,2017-06-11
ffb9a9cd00c74c11c24aa30b3d78e03b,81a0150b8f472d0e5e82a7da198b93bc,delivered,2017-03-11 17:20:21,2017-03-11 17:20:21,2017-03-22 08:48:30,2017-03-28 15:26:02,2017-04-13,d10fb5de0a3fed8a598aa7fd3aa1be14,2017-03-11
2464182f4be303c6741cab9bad3a9f55,f3f75a99e48d4da981cae17479d41504,delivered,2018-03-23 22:54:39,2018-03-23 23:08:27,2018-03-27 01:06:47,2018-04-26 21:51:50,2018-04-18,f13b1455570e2ee131c0c69f578e1dd9,2018-03-23
6cd5b34948dea7baaf9c2dd4f429c611,bb5c1372dbef9e6fc19079c6a5206ed9,delivered,2018-06-28 15:13:42,2018-06-28 15:31:22,2018-06-28 18:51:00,2018-06-29 23:05:31,2018-07-12,c0670a3a4161ee1987e005995236cd80,2018-06-28
ab07cace6203ea7cea4ce239af99242d,2075197b8dd1fd7d264efd5d68fa2c97,delivered,2018-02-22 00:27:41,2018-02-22 00:48:35,2018-02-22 19:48:02,2018-02-28 20:17:48,2018-03-14,74e206e8436fdc0a12fabcf64e3883e6,2018-02-22
5d3e4ac414939dae23da8aa3aa80bcb7,e61e3c71e8e35dbf0a4df24769a0cf7a,delivered,2017-08-13 15:06:41,2017-08-13 15:25:09,2017-08-15 18:39:31,2017-08-15 19:24:54,2017-09-01,c3c002bfe1364c4dd611fbcc53ad55bc,2017-08-13
c739886c6212c018d2874181147e3308,840e0a7e1966908027c420cd50a62001,delivered,2017-06-07 19:19:36,2017-06-07 19:42:04,2017-06-09 12:42:23,2017-06-19 13:27:58,2017-06-30,15c0e78a23f269781e4a3d68d9a0b545,2017-06-07
97988325770d5df4030d82fb4580a684,2aa0fbe2d18c6b5d509d4ac540fd9e83,delivered,2018-02-10 18:24:05,2018-02-10 18:35:23,2018-02-14 12:38:53,2018-02-16 20:18:46,2018-03-07,eae3e77f2d1dd3d31970f324ecfefade,2018-02-10
5d4823ead7848e3fcf42c8fe91cd697e,abe891a02257382ca0f14e237c098c5e,delivered,2017-03-22 06:54:29,2017-03-22 06:54:29,2017-03-22 10:52:14,2017-04-07 17:24:37,2017-04-26,dbdf4394db8704e0fc5d4ebcb7efead6,2017-03-22
c3e06da7b224bfb3d077ca32fa23bff1,e3a9f1e28bf3da2c9248909dbafd0827,delivered,2018-05-15 13:18:27,2018-05-15 13:34:33,2018-05-24 18:53:00,2018-06-02 17:37:30,2018-05-25,309ddce5bdba217553bf362683ada557,2018-05-15
f4a225b924b4cf6e2021d3a7eb5c109c,74e60ab3ea7f793b69d43edca2ddb3db,delivered,2018-07-04 08:09:10,2018-07-05 16:35:13,2018-07-05 19:16:00,2018-07-06 13:21:54,2018-07-17,6c522f6db24f0c9e81c56565080b491b,2018-07-04
9a6327d5a077984fa3e3c659a24e7915,46777be868cf25df4587888868aaba43,delivered,2018-04-20 15:30:13,2018-04-24 18:59:19,2018-04-23 17:56:55,2018-04-24 18:17:07,2018-05-08,7e492b1caa3a7f4b2cde0d3f2316ae2b,2018-04-20
0ac907873c6fb32bfa8a58be269f0c3f,3e3fe9705a14656dceaf25cd86a7f930,delivered,2017-07-09 20:34:20,2017-07-11 04:15:43,2017-07-11 15:39:29,2017-07-20 20:07:52,2017-08-01,2f5d3bf7f71cb155e29150536d33b30c,2017-07-09
21fc87cfedd833f6e6749fd823dc9754,488dbc161f80c337a895a4096d7f288a,delivered,2017-05-05 03:45:32,2017-05-05 03:55:10,2017-05-05 14:32:51,2017-05-15 15:26:39,2017-05-30,ed309929fe05641d43b8081d5cd98852,2017-05-05
92be217451e443e50d816ab21286d00d,55fc561cdd959beb7c1b679f4f42c732,delivered,2017-09-06 12:30:18,2017-09-06 12:45:18,2017-09-08 17:10:15,2017-09-13 20:17:37,2017-09-25,d5ef13f67eb8a4287538c0b0e8eae171,2017-09-06
0410df130bab1cdcd13e23044ef9d76a,3d611418d3317f83cc72fa55120c25a8,delivered,2018-03-17 13:04:49,2018-03-17 13:28:44,2018-03-28 18:50:43,2018-03-29 20:22:44,2018-04-16,02105a58e384edb89a9827dfd3b8173b,2018-03-17
4a14b4a65e7946cfa68ad61507ad3023,549b407ae341553fcc5f99e2f4077b2e,delivered,2017-05-22 10:33:21,2017-05-22 10:45:08,2017-05-25 10:38:01,2017-05-29 11:43:01,2017-06-13,9a57feadf40027e677c373d70108d57f,2017-05-22
c9ab674bebfbe567487d3d728886e836,812d2ce75e6313ab48b13ecd9d4b7fb4,delivered,2018-02-01 20:47:05,2018-02-01 20:55:50,2018-02-03 00:46:29,2018-02-16 22:15:04,2018-03-09,fda3a6917a6ad5f8fe29d2177f79f210,2018-02-01
ed9c888e1be39c7492c5810bcf8a0227,0b00caf6f0d239c5bf7d9f992cae22d4,delivered,2018-03-15 21:34:56,2018-03-15 21:48:49,2018-03-16 22:48:47,2018-03-23 19:47:24,2018-04-03,443ff1d55c98c47d9b5532cd4c693434,2018-03-15
5f5e8b484bf04fd34dc39753519239ff,cd967398e8385d02aed76916a7a6ab9a,delivered,2017-09-17 18:18:56,2017-09-17 18:30:14,2017-09-18 20:16:28,2017-10-14 12:43:46,2017-10-16,45b599f5af8e1b6d158503b73bf092f8,2017-09-17
aef73437a579952b833ab7d9cbf58bb0,3a054aa178999e64e016747463e87796,delivered,2018-08-05 00:06:01,2018-08-05 00:15:18,2018-08-06 14:19:00,2018-08-10 22:41:04,2018-08-23,1760576731f518edcc21e95674f94273,2018-08-05
4222f02d846191bb656be7a86b9e4d67,8f4a0213a3f5cdac5078c9f7f6feae08,shipped,2017-05-22 09:42:55,2017-05-22 09:55:20,2017-05-24 12:14:26,,2017-06-05,5bcec02a0c1f9f916eb0e2e4c3c3be5d,2017-05-22
4c3b6c754171bf551e80d903a426b8c6,99c41b47a60d71e2e8949ac2a805674e,delivered,2017-08-19 22:31:07,2017-08-19 22:50:10,2017-08-22 15:02:55,2017-08-24 18:25:24,2017-09-01,67e19295a2a5765933fce1be6af7280d,2017-08-19
79366f58da7efaf2b4717cb46d852fcd,32e429477849a42e050fa5acd4cb5b07,delivered,2018-05-20 22:02:25,2018-05-20 22:18:39,2018-05-22 13:21:00,2018-06-04 20:33:24,2018-06-08,d23b2f992c2db688a5f8f0a380b6b2e7,2018-05-20
bd02833fc86efad05af6d9d8cc4a8b3e,48cd18f35946c908ed2a4ee678a054bf,delivered,2018-07-20 16:30:34,2018-07-20 16:45:22,2018-07-23 06:48:00,2018-07-27 13:41:28,2018-08-08,ae8c571034ecab31dd024d5ad236e049,2018-07-20
bcb7b14faa9eac1a0f8ef399056da1b5,c1e5fbf78f2a8324e5947314e0679e03,delivered,2018-05-01 11:53:11,2018-05-01 12:14:49,2018-05-02 11:57:00,2018-05-07 18:58:24,2018-06-04,b3b6b1955236e7360e34c829c3e3ae4e,2018-05-01
914cabf51526006bf195df40d4dba379,af259972a4112841d986971923586bf1,delivered,2018-02-12 16:06:58,2018-02-12 16:27:29,2018-02-15 20:45:39,2018-02-20 14:18:59,2018-03-12,0a74d329fbcb0192ada7aca229a4163f,2018-02-12
28fb48574c983c05540825d1abf49e26,c8df1b1008a30197280a8970150e1acd,delivered,2017-07-15 02:41:53,2017-07-15 02:50:10,2017-07-17 15:42:02,2017-07-18 20:37:50,2017-07-28,2fae57f3ca05d36a322442e34f625302,2017-07-15
2e454cf4f81bec04aa0e7192f8252790,56773a777067538c970700067f44a2a4,delivered,2017-03-13 08:27:01,2017-03-13 08:27:01,2017-03-15 07:32:09,2017-03-24 16:25:49,2017-04-10,50f886efef31ad83098dc623ea59fc21,2017-03-13
cfa24f77a1afcf0827e88b162f7cf0b2,9286639c1e08a7be041e38c68d2439e4,delivered,2018-06-05 16:51:38,2018-06-05 17:15:13,2018-06-07 08:56:00,2018-06-14 23:48:45,2018-07-12,878d1683076172a5b7ffc7126ba99acd,2018-06-05
1be551169c2eb8275a521eafcff31546,64883dcf4b2d70d149b791d919c55ffc,delivered,2018-01-15 10:29:50,2018-01-15 10:38:34,2018-01-17 13:09:31,2018-01-24 12:18:46,2018-02-05,22cd36d49a980277b8a143d1beb48fc0,2018-01-15
873c64b7d2c1e3856c72b20334b38dd2,d273f62095c748f3985731618c7467da,delivered,2017-07-07 20:29:15,2017-07-11 04:05:39,2017-07-12 17:22:26,2017-07-15 12:25:40,2017-08-16,c2bfc05aabae8a773d4ffc26b07831fd,2017-07-07
f07a5f44c44bf6c04b708a3852258d3b,b52d933e57ee9a584020a1c2ac789049,delivered,2017-06-23 19:37:50,2017-06-23 19:50:17,2017-06-26 16:07:21,2017-06-27 11:13:25,2017-07-07,7ced6742dc95b5fc7c0914eb2bd6a76a,2017-06-23
a4be9e3217c93eafb1f1940efb4a9cf6,d9ca2fa81c552b948ce9fc0bf552d307,delivered,2017-12-10 22:14:38,2017-12-10 23:09:40,2017-12-11 20:23:03,2017-12-20 20:53:55,2018-01-10,c312a92c61e1adbb8ed940c671d9256f,2017-12-10
be015610d499d9af10466780adca3472,d42864495e0ee10245010b654ec4dc14,delivered,2017-03-22 10:06:05,2017-03-22 10:06:05,2017-03-22 17:23:20,2017-03-29 13:40:08,2017-04-12,fd8638dee04af0d8cfd90752c46ed993,2017-03-22
2e2becbd3307b63efe5ea59d9e61f08d,9681479e5fb3c4895a11d61d9261f41e,delivered,2017-12-22 20:59:08,2017-12-22 21:11:23,2017-12-26 17:48:14,2017-12-28 21:57:42,2018-01-12,20fe2c0c8076da1a21ae3f3108844fa3,2017-12-22
23879ed885740016a16a4cfc5420c80d,0b35cf387e2b991b1a6928a3cb351f0a,delivered,2018-06-07 20:10:26,2018-06-07 20:35:31,2018-06-12 13:25:00,2018-06-13 17:42:21,2018-06-25,0b21a574354d2ed360d0b1b4762e41c9,2018-06-07
eeb52cabd36aa10f5feb6a64e51f8dae,fa2b6bd3224edd5a751aa1436a43b6df,delivered,2018-08-07 10:07:19,2018-08-08 03:15:12,2018-08-08 12:22:00,2018-08-10 13:05:24,2018-08-20,9ff48a3599978eb4f92300c6c8daea24,2018-08-07
d3bf07368c28fc881c427ec119b01153,b204bef503807c5ebc6ba01bbe17cab2,delivered,2018-01-24 15:35:58,2018-01-24 19:17:28,2018-01-30 01:38:32,2018-02-06 19:06:35,2018-02-20,a63c88e3bd0344de106461ab8a3c3f03,2018-01-24
c623390ada8c2e0bc96506ee6d9d0667,ca898bf803d2d06b704b13501524801a,delivered,2018-07-10 18:46:09,2018-07-10 20:31:06,2018-07-11 09:53:00,2018-07-12 22:03:10,2018-07-18,7bad274af9449a0fe0449966327e2e8f,2018-07-10
46ca3c06a077e293704ad910d2a1b16d,6e23f752c781b8caaa3bdebdf179da86,delivered,2018-02-16 10:19:00,2018-02-16 10:30:30,2018-02-20 16:51:55,2018-03-29 23:34:42,2018-03-20,0df829a42053ce2fe8f54971db6ce80a,2018-02-16
fd8c19c45239a0a139f809050de68c88,0e8a0778316431f599840793feaf829c,delivered,2018-01-28 12:51:17,2018-01-28 13:18:26,2018-01-30 20:55:05,2018-02-07 16:26:54,2018-02-20,cc2762041efdd86b816d7f9d560dc83a,2018-01-28
c330b70c5e60bf56e90ebe09e045f79e,814c58070796da842b732142c1070eeb,delivered,2017-10-20 11:53:07,2017-10-21 02:49:33,2017-10-23 15:02:57,2017-10-31 21:05:57,2017-11-17,bf7bf1993fad2e612a3e36641c4dcc9a,2017-10-20
02e405aa2667a116637cdb4affaf93c0,e9265d4ec55c848f9330c9449ba3b2f7,delivered,2018-04-17 23:29:11,2018-04-17 23:51:37,2018-04-19 11:53:51,2018-04-30 23:18:49,2018-05-18,24391449252cf6db04ce271b2a208d83,2018-04-17
85e192c4059abd147aed4fbb0f43b7a4,247afa8ba3089c7b589a4acb3488aba6,delivered,2017-11-10 22:01:24,2017-11-10 22:10:50,2017-11-14 14:16:46,2017-11-25 15:37:17,2017-12-07,9172abd6dfa9d554c9ec96048c040301,2017-11-10
e3eaa14ceb4c1a05b53e7fb74fdc488b,490505ada88798841420c07dca1e4c39,delivered,2018-05-13 10:50:37,2018-05-13 11:12:32,2018-05-14 13:21:00,2018-05-22 12:34:29,2018-05-28,553ad73e3267ba622039c309c8c477df,2018-05-13
8fa060cb54d9cfaa1b5cd7db41b0195e,d7a47aea87566367c4ba92514666bad0,delivered,2017-12-16 17:23:00,2017-12-16 17:33:44,2017-12-18 22:42:22,2017-12-26 16:19:05,2018-01-17,9ef3b73da2bc1bf9e79e0646f236ea2d,2017-12-16
0df4c9dcdccadad84c201890d0a96e84,b0669f166cacfeef78736fe97ecfb657,delivered,2018-03-21 14:42:57,2018-03-22 11:35:37,2018-03-26 13:29:37,2018-04-06 22:51:45,2018-04-16,134b6710b2c9d9f006d75e0bcd4794b0,2018-03-21
33a031da3772bfeda93d918e5048a0a5,b7b76a819a2d80afb942bf27080841bf,delivered,2017-04-13 15:22:33,2017-04-13 15:35:12,2017-04-17 12:16:51,2017-04-20 18:44:43,2017-05-05,355ae139c8a163fb77c065a2d1403ed9,2017-04-13
46539409edc91bbec9b3a7b06b414463,62286d8b713dea952e1d37b8acd17016,delivered,2017-05-23 11:05:06,2017-05-23 11:15:24,2017-05-23 15:48:53,2017-05-31 07:50:00,2017-06-20,e2889baccec81ed3bed4d66c1c675cb2,2017-05-23
ce34eeaea4785aa1d4b7004019247aeb,a3b728c3afa0306ff8cb0453232096ab,delivered,2017-09-05 14:16:08,2017-09-06 02:45:31,2017-09-06 20:54:04,2017-09-19 19:58:37,2017-10-03,9a6618803bb1d1f6835400a7d6c2be17,2017-09-05
b31c7b160649d8f3ffac2298a94a38ec,73423642ea2bedaa36b9d00a9f13e538,delivered,2018-04-05 09:47:20,2018-04-05 10:08:52,2018-04-05 21:56:39,2018-04-12 22:28:24,2018-04-27,a28124a132a8f93e80205fdc53a7c701,2018-04-05
a0ad7865ea22bbaa2f026e3aee583484,6a88bd2686e68eb067b2cd308762b1e5,delivered,2017-09-08 23:39:19,2017-09-08 23:55:16,2017-09-11 18:10:49,2017-09-18 19:21:53,2017-10-02,53b30ca78efb2b7efcd3f9e461587eb2,2017-09-08
0f34e281521119381162d15a73510e3b,5db15d9a05ec6cd9a4279b8b5f23ede3,delivered,2018-06-14 23:31:47,2018-06-14 23:58:20,2018-06-15 13:43:00,2018-06-21 19:21:34,2018-07-12,05ce3c177b2fe947353efc1fed8c325d,2018-06-14
056703c10dcbf4f451315bb1c0c0d7f8,40ea24d06a54905dfa43438cf8732efa,delivered,2018-03-24 18:33:52,2018-03-26 21:47:32,2018-03-27 21:12:21,2018-03-28 22:26:42,2018-04-06,e6acf8d170b8a04c3243057e4afbf3ad,2018-03-24
638a5347b71204f129b75b558d79bf07,26e8e802cb73999e3590693b1f97a00a,delivered,2018-05-13 03:02:54,2018-05-13 03:15:08,2018-05-14 14:06:00,2018-06-01 14:18:01,2018-06-06,e529e4cbddbbb69c9a8a938f097085f6,2018-05-13
0f2b1624ef122caced1b114a3cfd68a6,1729d90bd3e74e7303a14edcdf2ebfc8,delivered,2017-05-24 00:18:02,2017-05-25 03:10:25,2017-05-26 11:13:23,2017-05-31 12:17:10,2017-06-16,36f7cbc956469da1d4bdde49171d192b,2017-05-24
5261e92a08c8aeec62ad328bb2acda2a,35397e5e5c05c75d3793c10a0d29361d,delivered,2018-06-12 16:07:15,2018-06-12 16:51:03,2018-06-14 15:29:00,2018-06-18 15:27:20,2018-06-29,c12273d09436628a16eb63a8d6de8185,2018-06-12
92de9d50e681619c103a7634c2f8bdaf,0e9ed7dc549f24ff1b3aefd168591469,delivered,2018-08-13 17:28:36,2018-08-13 17:44:12,2018-08-15 13:42:00,2018-09-01 02:18:43,2018-08-22,43c91b8a1bc8ee8ad0005a2690d4c39c,2018-08-13
be75f7ef5da81750d1b2364aea5e7372,4c0341861a46551270437871eac71e73,delivered,2017-06-08 14:12:02,2017-06-10 02:50:41,2017-06-14 09:02:44,2017-07-04 14:24:23,2017-07-07,3db6e5afa8e8178a29afc729855315e2,2017-06-08
f57983ca82e3c9bb09abcdda9139de70,d77129c07a09045897df7b1ecf5b85dc,delivered,2018-08-11 20:50:44,2018-08-11 21:04:20,2018-08-13 14:49:00,2018-08-17 21:18:07,2018-08-22,0c7f5da7d9d33d16ddc25dfafcc513ce,2018-08-11
2e5b6a33990392a9c796ee57da31a651,ad7a5f84563d43b977d503f288c8ad2f,delivered,2017-03-16 22:49:47,2017-03-16 22:49:47,2017-03-21 09:12:26,2017-03-27 09:35:21,2017-04-04,1ac633d2c60d3e87905d9d416053effb,2017-03-16
e5ef5de6da3c56ad874373fb7c10c53c,0988135a29d2361384fd5bba17bf952f,delivered,2017-08-24 18:18:44,2017-08-24 18:35:07,2017-08-25 18:33:45,2017-08-28 14:35:40,2017-09-06,a7f271ab63a8259a9051c6841af53891,2017-08-24
33adf242c9c30fa2e16fc97d70845487,fa3e66a76d31a28e713552fbda8af62b,delivered,2018-06-24 11:49:34,2018-06-24 12:14:39,2018-06-25 15:04:00,2018-06-26 18:54:39,2018-07-13,b0635c2bfd67a248940a19b7c05b8e0f,2018-06-24
d16b5c3eb594cc8bb7198cbdc75c9e7c,c43082e548b80707f31fac7ba3740ddf,delivered,2018-05-12 14:58:30,2018-05-12 15:22:42,2018-05-14 12:02:00,2018-05-18 16:46:09,2018-05-28,ae9a69fcd552a722024ee0ca1a0c66d1,2018-05-12
8071d5ff8afc89569fae66a5d4df5e9f,03867c61ac5eae960b168b74ee252100,delivered,2018-01-31 00:05:05,2018-01-31 00:51:00,2018-01-31 21:07:44,2018-02-24 12:24:40,2018-03-01,c9eb65d2fb911d6c024d919b2a11f932,2018-01-31
12437f8c2f1cd4825ce82cc6e42ec5a6,00eb46a6c173fdad0c058d8650deefd9,delivered,2017-07-05 17:24:19,2017-07-06 06:45:19,2017-07-13 20:39:30,2017-07-15 12:28:39,2017-07-25,70c23e6d130c68a56e991f959da2b3b9,2017-07-05
c775dea8bfab02a285d4d3b9f247808d,1ea7da2d672b0873e5b09cac7e25c109,delivered,2018-03-03 21:03:18,2018-03-03 21:40:21,2018-03-06 04:47:41,2018-03-22 21:24:56,2018-03-26,8b648bdd88380c34e18d3ca8ba9055a2,2018-03-03
9c957591bcb898e6250cde437b938d95,c645112b5c938ad3082211e7bd71423d,delivered,2018-07-24 09:46:25,2018-07-24 11:24:24,2018-07-24 14:55:00,2018-07-27 18:28:58,2018-08-07,63dfbd8f45b63fcf5c5aa1f023209592,2018-07-24
61e6dc4087b12fa0d151b2c4d537e355,89ec59641dd78444fc741a91f57dfe51,delivered,2018-03-25 18:54:18,2018-03-25 20:07:52,2018-03-26 19:52:46,2018-04-05 20:59:39,2018-04-17,6013a40be98b88463dc07f06fa1e7d5f,2018-03-25
2f0b8584b80af898d09aed535fdd2307,9da01a19c4b8035ff31f3eb2a4de7c86,delivered,2018-08-14 14:23:59,2018-08-15 03:30:19,2018-08-15 13:08:00,2018-08-24 14:10:34,2018-09-05,003a7a8eb096ed3cbf713d2def1ca701,2018-08-14
97c8513f2504aa8ec05534307a703dea,4219fc0a46a049c6090d77dc8fd20927,delivered,2017-11-02 14:05:58,2017-11-02 14:15:29,2017-11-06 10:58:30,2017-11-08 15:41:10,2017-11-16,0795aec8f109d675adec20dc0023cfe4,2017-11-02
9e85367165bb242141b1f2638d6fc239,9552f0301e14c521091a8701f48615c3,delivered,2018-07-05 13:40:19,2018-07-05 16:31:55,2018-07-05 12:45:00,2018-07-12 23:12:12,2018-08-03,5aa25b851f1b282b25ff739b878a2a16,2018-07-05
a772a302e571f8b800b19fdb5dced3b1,a6b8cd6ac3560d95ea7e30614c7a41f9,delivered,2018-03-06 10:46:48,2018-03-06 11:09:54,2018-03-06 23:43:26,2018-03-23 16:26:59,2018-04-04,81226c10d601820ff0680a8e3a17cfa2,2018-03-06
7c3e71109e904d8e0c8d034456f87eca,b0c22a057e308ffdd32ce03e1734aa62,delivered,2017-11-22 14:59:43,2017-11-23 02:35:23,2017-11-25 01:51:58,2017-12-14 11:19:06,2017-12-21,5107283254fb145d4259cf5b0c606542,2017-11-22
ce96e1f727877ff03577e45707a78265,0a89839c1ac53ef740c64b6ac372e550,delivered,2018-04-13 10:15:50,2018-04-13 10:32:33,2018-04-16 17:54:55,2018-04-23 16:31:59,2018-05-15,06c1d5b76a376c34b1e1602f9a000395,2018-04-13
a1e393fb70c2916de4f93974682521a0,7c70a35d01718282e98dbe56e2765377,delivered,2017-04-01 21:35:01,2017-04-01 21:45:15,2017-04-03 14:43:31,2017-04-06 11:13:42,2017-04-26,e3ae16d19be5cf256fb51663e6bdb073,2017-04-01
82684397b8f36fa2cb233b1c0bbf2298,1524370ed333f67a5def7e451aee0a60,delivered,2017-11-27 13:36:53,2017-11-28 03:31:23,2017-12-05 23:51:33,2017-12-19 15:26:00,2017-12-26,6a0c5a04e9bc7723d811cb58dfe7b29c,2017-11-27
eb8ee5f8501215e35cbd211f85413fa3,c46b3d824160b42c84227cf65f9caf25,delivered,2017-11-17 19:41:02,2017-11-18 19:50:23,2017-11-21 18:48:31,2017-11-29 00:27:10,2017-12-12,b13e0007c284a77da34b45652f2c8d16,2017-11-17
2405d4b16cb4edad76ffbf3723f58423,4e8893e0890ad4ccddd1a313a58496c9,delivered,2017-11-16 21:48:51,2017-11-18 02:49:06,2017-11-21 18:21:52,2017-11-23 00:21:02,2017-12-04,601c0d4a2d90d3186b95eaf25296518e,2017-11-16
702019955fa998a0414ab1d64a9984e6,584bf232568cdc865dbce9805fae40bb,delivered,2018-04-01 21:17:30,2018-04-01 21:30:26,2018-04-03 20:48:46,2018-04-10 22:23:32,2018-04-20,2e47587263901bab0b00e50b3ea55349,2018-04-01
6d4f15503da9e2e6278f57468ca35e35,b423713fff8a7210316acd191e942ab8,delivered,2018-04-16 15:28:32,2018-04-18 03:30:09,2018-04-20 22:32:02,2018-04-30 16:51:42,2018-05-15,90c2522a1341e59eaaa66198880fb311,2018-04-16
6d6552e71bec5188cfa548c7f7094dad,e4140a9ccef4da9c88295faffabaa7ee,delivered,2018-05-04 19:02:15,2018-05-04 19:15:24,2018-05-08 12:57:00,2018-05-10 01:08:51,2018-05-18,1600e56406cd89032fefb96f79ffeef9,2018-05-04
8be7a307c750d151af4661da51b2bfa5,671947694b39943052686bffca0fd9b4,delivered,2017-04-19 21:20:47,2017-04-24 23:32:12,2017-04-28 09:49:06,2017-05-05 19:06:44,2017-05-09,d6ac8e0257ab26dd2a04abd505137d73,2017-04-19
ddd2d769f053c55c39e69fcace5f5eb5,7c2bc48ba5bee6418d508edf9d76953e,delivered,2018-01-04 10:04:05,2018-01-04 10:14:26,2018-01-04 17:28:49,2018-01-08 22:49:13,2018-01-22,f1312d8f693bd671ddd63cfc4909acc6,2018-01-04
fcbc14002233ab8843916cedfd45ab33,16639dd2584f28b9b473017c8c713b7d,delivered,2018-08-19 18:52:39,2018-08-20 12:50:29,2018-08-21 15:44:00,2018-08-27 19:03:57,2018-08-31,68f3964c2fcd67a5c983b1d788a363ef,2018-08-19
c28ec0be612e5396c0ef13b958a713f4,b8452808c822b4a6f488cecb53cf87dc,delivered,2018-06-04 16:59:14,2018-06-04 17:10:58,2018-06-08 10:19:00,2018-06-11 21:50:57,2018-06-28,f1615ef2e9616f5cd51d96d61e5b4ec2,2018-06-04
dcc18c1162f298e794595e33e3822f91,109bcee36cb1e7470c1c23f6e0199996,delivered,2018-06-25 11:42:22,2018-06-25 11:58:11,2018-06-26 14:52:00,2018-06-29 23:26:46,2018-07-16,c666d3fc4664b458718b2db15570ba2a,2018-06-25
9ea0fa63c2d7cfeb3bee5a9e4940c5ee,3842192183959ad0f881f22fc10bb5f8,delivered,2017-08-16 14:31:21,2017-08-16 15:35:08,2017-08-22 16:18:27,2017-08-29 20:33:05,2017-08-29,9e578b31623feb018634d8b3afee6fb9,2017-08-16
bf2efa777e1a41506b6a7a702e98f0f5,5a77d6f283301d494d6461552c728aa3,delivered,2018-04-23 18:46:24,2018-04-24 19:26:22,2018-04-25 16:38:00,2018-04-30 18:51:53,2018-05-21,8c7ca3712456a7e4e4265ad003d1c994,2018-04-23
fb4ea753f638936f56b4df5d03dc07bb,0ccfdd2d2cd158609cae8977fb5327fc,unavailable,2018-01-13 20:11:23,2018-01-16 03:36:36,,,2018-01-30,fd05b6e021b7593e665f0496aece3123,2018-01-13
b155e845bb514ad16d9cb7712ef9be90,a1ec7a32bc3bab200e6d9860303b4ff3,delivered,2018-06-14 11:00:41,2018-06-14 11:23:29,2018-06-14 15:54:00,2018-06-16 11:47:25,2018-06-26,b8561e0b275417eda5ca48696e21a781,2018-06-14
20f4a0b8b5726a8e9a32a246e345b9d1,f549b52dbcd69f43d68a455c597c3ab2,delivered,2018-01-14 16:32:07,2018-01-14 16:48:29,2018-01-15 21:12:30,2018-02-03 00:52:55,2018-02-15,43ba219fe4048d64b0edb145ce11146d,2018-01-14
2e1b96bb2d8b0ca7e4a6c3d0c15d68a3,7aa6b791c1e47633122b949ed9d51b83,delivered,2018-07-01 16:31:48,2018-07-01 16:49:50,2018-07-04 14:24:00,2018-07-13 13:28:28,2018-08-06,92da62f41874917c011d600988b731de,2018-07-01
5f8772295e1adb4e4832c988d6b631b6,d6ea3ab260c02dc5a2d6270e7d49286d,delivered,2018-03-17 10:11:49,2018-03-17 10:28:37,2018-03-21 19:24:40,2018-04-10 01:19:14,2018-04-20,ad7c13746d7ff7208d89765f407d40f4,2018-03-17
531e665dc22a8076daa802634cebfea1,ca72bae56a62ab7ef618c2d480419281,delivered,2017-03-17 19:59:42,2017-03-17 19:59:42,2017-03-20 12:09:11,2017-03-24 10:59:49,2017-04-24,9710c85b0dd6660a0aee27e8f377cbe3,2017-03-17
43143868203ea734e8de41d2dfd4097a,84df5ad0a2f0929761a5d55a1662cc1d,delivered,2018-01-04 16:51:48,2018-01-06 13:27:24,2018-01-10 12:21:51,2018-01-16 22:09:43,2018-02-02,3f6c68c5c930064e028dcb73ed9e555d,2018-01-04
f2d6c25c24dec1cb1f8eeba2203634b5,57244724368844b9ccf59f216d2bb822,delivered,2018-08-12 20:58:54,2018-08-12 21:15:11,2018-08-13 15:25:00,2018-08-24 17:38:34,2018-09-12,74da9bfeaa1c29dc1e5b3a07a4ec17a2,2018-08-12
b92b69bbda4e9c56848904c3f0cc14d9,be5c0855b03da1ef3585c3c0b29cd389,delivered,2018-03-14 22:10:40,2018-03-14 22:29:53,2018-03-15 20:49:47,2018-03-26 16:49:53,2018-03-26,395df20fd657de8caf673619df2cb0ad,2018-03-14
9105f342ad7620f549169ab82c176b1e,43bd9ac0662a0b2289bad669b1addd50,delivered,2018-01-17 12:29:34,2018-01-17 12:49:58,2018-01-19 01:14:34,2018-01-26 17:06:42,2018-02-22,dc42c13bcdf97e19a5c1f9d029d5f49f,2018-01-17
25af0443015b8d200489039a00361f2e,1674ec99b39d56ec2aa2329be6a79864,delivered,2017-08-22 16:53:59,2017-08-22 17:32:43,2017-08-25 21:11:35,2017-08-29 13:04:49,2017-09-12,0829b9a7bb7f0ac382c994b6e43aacd3,2017-08-22
5ce67f8655ea16aca378fdb87e3a8665,a7f2c8702670c3daa643060f32eba202,delivered,2018-03-02 00:29:29,2018-03-02 01:20:32,2018-03-02 22:14:52,2018-03-07 17:46:09,2018-03-14,c812a2ea1caf53d43442b425b8e6047b,2018-03-02
55acfaef63e1cd8c8f71ab8e79b84ee0,d49c6823ea64985a6cb50d57d846cb5d,delivered,2017-12-20 11:16:15,2017-12-20 11:31:43,2017-12-21 19:13:45,2018-01-05 18:15:16,2018-01-18,83e811b31fe3effd03a4ef8fe588469d,2017-12-20
7893bf5e938b5606e3d38d4d778a4d1c,fcbcae9398452be8e957aecc63625444,delivered,2017-10-10 10:15:10,2017-10-10 10:36:45,2017-10-23 19:08:18,2017-11-02 14:42:58,2017-11-03,764959419c18f5f17bf00d2cf6d4da05,2017-10-10
167f04d11667c6073896de381fe051f5,15c30c47d392d1bf10cfe11e5b086597,delivered,2018-06-06 23:49:36,2018-06-07 00:14:17,2018-06-08 14:40:00,2018-06-18 23:17:43,2018-07-17,007ba48697b079e78f168b051462dd1b,2018-06-06
a10ec5461868aff48d5eaf7c81df51a2,742f832686235b6036aac78ee74a0d20,delivered,2018-02-22 16:47:12,2018-02-22 17:10:44,2018-02-28 02:03:54,2018-03-13 00:03:35,2018-03-16,9f7db72d0abc6f6471fc102f1b1d5850,2018-02-22
b33c9bb2caa1d2b9f219b70f6dba7dce,891adb1fb4da5da2b8b8c367bf9801d1,delivered,2018-08-26 23:45:45,2018-08-28 03:45:15,2018-08-28 14:30:00,2018-08-30 22:04:58,2018-09-17,af668a0f61ebe9de87d3f6d6a79ec920,2018-08-26
eb7333448f495b554d301e38d3da9608,31e0bfd71b5a2bc421dda2555e9668a2,delivered,2017-09-21 22:33:10,2017-09-21 22:45:30,2017-09-22 22:28:33,2017-10-06 22:37:47,2017-10-13,58b09aa5ebbdd150ccfe30d808aed1d8,2017-09-21
d04d60a83e3c187136cd8c3a344b5df6,0e42a1079034c30b6be072e56c4bfaf8,delivered,2017-08-03 17:36:44,2017-08-03 17:50:16,2017-08-04 18:50:07,2017-08-23 17:10:25,2017-09-06,813420d14581bd869f6a532e8bb40f5a,2017-08-03
da5a0865ec4bbc8e19541e9e51b1c523,cdc937e42ae5b5bc61c4e17d691b280f,delivered,2017-06-29 11:52:53,2017-06-30 13:30:23,2017-07-03 14:35:27,2017-07-07 22:23:39,2017-07-19,b470cd2352e69c4996608a61fe29f52c,2017-06-29
46241543fb0948c859ab3d20fa55f06c,51852f3324fb6da85fbecc2420ef251f,delivered,2018-01-25 10:59:44,2018-01-26 03:16:10,2018-02-07 20:04:41,2018-02-15 14:44:41,2018-03-01,f874c8b9f72ba7c01305313c3f8edd9c,2018-01-25
874c69026a5bf0c3a422c298e7ebea9b,988381e3ac7174b278642cac45f5d227,delivered,2017-11-16 20:14:49,2017-11-16 20:37:32,2017-11-23 21:03:18,2017-11-24 14:59:12,2017-11-29,77528332d8d9e9a13c03da164e28040f,2017-11-16
c4da6253784e49138f9ead8b46280c0c,6ad4ec95ea482c3e3cbddb2295b3d604,delivered,2017-06-09 23:37:22,2017-06-09 23:50:14,2017-06-12 16:46:43,2017-06-19 11:25:34,2017-07-04,622bef24c41a44a35ce648ecce017682,2017-06-09
4c225b047eda6a8fcff282ce94b8fcc8,647fb0ff21a40bbe790d0eb7d2d3b9d3,delivered,2017-07-27 16:56:21,2017-07-27 17:10:11,2017-08-03 20:42:04,2017-08-09 18:00:07,2017-09-05,c2113e16ffc5699837e09f2022a97130,2017-07-27
4d900e76023789e5f55022dc71ff16a1,6449320114e2ba8f64ab1c0481b0a60b,delivered,2018-04-23 20:12:02,2018-04-25 03:30:48,2018-04-25 13:38:00,2018-04-30 13:41:02,2018-05-08,06171ada9d20ee81d698c39fddf04264,2018-04-23
1b65f28cc74db6add768ff882fdd3ad5,4d32ed3c083987a7da018ace4ded6931,delivered,2018-05-09 23:06:53,2018-05-09 23:33:32,2018-05-10 15:48:00,2018-05-18 17:36:55,2018-05-28,1de56507d04e591d3ad40ee5558f2214,2018-05-09
f980b4aacdad5bd8d7ff107f2dfa4a25,d33fac33f976dffdf6fcc426442579dd,delivered,2018-03-12 15:45:00,2018-03-12 16:13:05,2018-03-15 18:36:57,2018-03-29 14:54:35,2018-04-04,c4050128efb0adcb0350f5c25c88e760,2018-03-12
1145f143f8b9670193f18b5793134a75,740c76c2ef0f25f8d80613f4658f77cc,delivered,2018-05-06 13:10:31,2018-05-08 04:15:31,2018-05-15 19:03:00,2018-05-16 14:12:52,2018-05-17,e95170d67a91c7f59df91fb8aaddd56f,2018-05-06
ad4c4ee12613fc3dc5d506e4e6455498,4ddf9f1b042f4c9f993d7714b0369e23,delivered,2017-02-14 23:50:39,2017-02-16 02:15:52,2017-02-17 13:14:14,2017-03-03 14:23:26,2017-03-28,24b10cc0f34688bdba36542ffd482f2d,2017-02-14
28d1a3ffec32edd0241a144474f1532d,92626a3fe5f92731f1d93b5d9cd44ad8,delivered,2017-08-06 20:34:10,2017-08-08 03:55:16,2017-08-08 17:40:20,2017-08-10 23:14:29,2017-08-29,004ed862ea4e55f18868d3d782d10879,2017-08-06
8b287c802866ec3b7b594e5cbc2d5acf,8e1e24d6c2c75c2f938cdc3b5fdca5b9,delivered,2018-06-28 12:56:12,2018-06-30 02:52:15,2018-07-03 10:05:00,2018-07-11 23:51:37,2018-07-26,2b842623fba75f7ccdf6ec1cf473c989,2018-06-28
04e2943331164044ec43de08763717eb,3148707878001f06021a41d300d4515d,delivered,2017-12-10 17:47:21,2017-12-10 17:56:28,2017-12-12 21:21:56,2017-12-15 16:48:22,2018-01-03,fbd9ff8bb30d8d02120784083b181d22,2017-12-10
9fa3141e41678109d614cc3ee569cb98,6c7f22d419350aa50d3ed422fe852df1,delivered,2017-11-26 14:16:15,2017-11-26 14:35:01,2017-12-08 20:56:59,2017-12-28 13:46:09,2017-12-18,09f59cc845b71c91ee612e3103d58c6b,2017-11-26
fda88f9d411c7657f60cce02440ec0f8,f84f2bfff318701e67be6ec061d0f59d,delivered,2018-02-22 01:35:44,2018-02-22 01:55:27,2018-02-22 22:57:07,2018-03-20 22:41:56,2018-03-23,3f9a12be03c6cf19fb1d9f7e4dc8da0b,2018-02-22
d6abdb38c0ac915fac541669992e01fe,6e3cb440d03d4a7cbe98177f410330d8,delivered,2017-11-27 17:47:44,2017-11-27 18:00:18,2017-11-29 19:08:57,2017-11-30 16:03:01,2018-01-18,8611e5168d6f89edca510a62881fbb39,2017-11-27
8efcf7a83f834c59c8d6d7d570d41485,666cb467ea14b1f98b33bdcf2e71d124,delivered,2018-05-16 16:18:16,2018-05-16 17:08:58,2018-05-17 14:11:00,2018-05-22 11:41:51,2018-05-30,9e015efc544eff0109aea1077d8609fe,2018-05-16
24d96d6845bf5f0eb587c745f06b871b,12cda441a80c2b74b985dc0c412c26d4,delivered,2017-09-19 13:36:00,2017-09-19 13:45:37,2017-09-20 19:08:12,2017-10-11 19:32:42,2017-10-18,d35020e46db97a1ceae46ae6219fd6b6,2017-09-19
df7beb79297f04677c62ceae377ba8b2,13239c06137b25abc7ddeb164b5f4b2a,delivered,2018-07-18 13:00:37,2018-07-18 13:10:21,2018-07-24 12:54:00,2018-07-30 17:54:54,2018-08-14,728076fe9c49fcb0c1233795e6e83c57,2018-07-18
b245d08e3e6331339c679db26e9c8616,129b2029f5b71ab40725b4d202e2632b,delivered,2018-02-10 12:07:53,2018-02-10 12:47:53,2018-02-16 19:19:28,2018-02-23 18:39:02,2018-03-15,27c352b0f2a42411d6d70df528058c28,2018-02-10
60374093aa8d84de08b2c04a3eec89c4,91489087a2f86dd3476f0d949946aea2,delivered,2017-11-22 11:00:02,2017-11-23 03:08:23,2017-11-29 23:12:16,2017-12-27 18:53:20,2017-12-08,7b1af6c1d00a207d73873832fc6d18a4,2017-11-22
69d55f1bcb3e801a0218ca7233889ed8,3460ff38c36d7e81924ef4a49ff85190,delivered,2018-01-13 00:19:44,2018-01-16 03:36:36,2018-01-31 16:38:30,2018-02-03 02:04:44,2018-02-16,679be789cdf37b34bcaf6ce6f4def259,2018-01-13
11e77f7b110e8b496d03132d9f94129f,34fb6a1c5ebda662a0086d7e72126e7c,delivered,2017-09-04 19:22:02,2017-09-05 19:25:15,2017-09-06 18:07:51,2017-09-15 19:25:45,2017-09-28,21258435c50de43b81244bb428b061d0,2017-09-04
237ad2054a0b3375cc64b6a7e6e08683,36c6b4c96148d32c037b90aa0673bfcd,delivered,2018-06-02 19:43:08,2018-06-02 19:55:19,2018-06-04 08:48:00,2018-06-11 19:26:38,2018-07-11,c30681b57912b2575b9b589371ac545c,2018-06-02
46c123d65d1a90feca91b6c4cf104633,936abf93c937d29a4a350eb38faf8f13,delivered,2018-08-27 14:39:21,2018-08-27 14:50:20,2018-08-29 07:11:00,2018-08-31 00:56:34,2018-09-03,f94af80b1ecdb711e74e951efdc06a76,2018-08-27
278550fe90b7bf4e300467f0afc9b781,a9949cfa028eff444ec7299c2f042b0e,delivered,2017-07-26 11:02:38,2017-07-26 11:15:21,2017-07-28 19:32:20,2017-08-02 18:13:58,2017-08-21,75e7cd2ad58d34bf705caa4295a84ed4,2017-07-26
ee6398e4b964637992cf88b70044438a,a5f320745991c8686d6eeb21dd444839,delivered,2017-03-08 21:13:31,2017-03-08 21:13:31,2017-03-09 06:51:06,2017-03-13 20:16:12,2017-03-28,cb982f38644b1ec5ae885183c358233b,2017-03-08
34dc2f9bce0427122de8cd6afdb03c2c,81d57cbc974b1173a56a8eac72e8c9ee,delivered,2018-02-26 16:04:40,2018-02-26 16:32:26,2018-03-12 22:48:34,2018-04-03 13:38:47,2018-03-23,7cafce5e7504c37c1e9fff36d4eae6a8,2018-02-26
14f478070db62f51c33367debce4f1d1,fed7a1c4146b45f0ddb2b285da5379cf,delivered,2017-07-04 20:32:22,2017-07-05 17:38:28,2017-07-06 15:17:54,2017-07-12 20:42:56,2017-07-26,7c5ccf4e7f7a4ab06c45c27d038e8c10,2017-07-04
f77eb63e272ad822e11bbf97da9c0edd,5621efcb03b89c9a3a23e0d9c9f56360,delivered,2018-06-02 14:45:21,2018-06-02 14:55:10,2018-06-05 08:05:00,2018-06-25 15:12:37,2018-08-03,9159694dbab5bdd0d09c1706d992751d,2018-06-02
d139bb03af910e29eab280ed63bec613,ac0e954e97b91701a093a47c675c5700,delivered,2018-08-23 11:50:26,2018-08-24 03:10:23,2018-08-24 15:07:00,2018-08-30 23:03:04,2018-09-13,05c567475380140907b9ca53ba1dcfeb,2018-08-23
e3306fba117e962347dff8dfd6887ca3,33f9e026fbcceb14cefbcf0f22f1014e,delivered,2018-03-13 15:06:19,2018-03-13 15:48:16,2018-03-16 20:20:40,2018-03-22 23:18:42,2018-04-10,1268c64c045ab81043c18b80720ba85b,2018-03-13
71c7a91ef2c9f2d5717181b75d85a761,4b00102351551a90a0770f75a6780ae5,delivered,2017-02-15 22:46:50,2017-02-15 22:55:21,2017-02-17 13:36:04,2017-02-22 15:05:01,2017-03-14,0614bd685e5390e5fa1ea2af806f9fca,2017-02-15
aa138e54af900b83a2a45176517d1071,ead77ebbf95133def3337afe3b881acd,delivered,2018-04-04 14:47:05,2018-04-04 15:10:36,2018-04-05 18:34:47,2018-05-02 15:36:29,2018-04-23,5fce0bef77d1d1f128ca59331ff58ff0,2018-04-04
92c5a4ffbd45ee732be3e4ba2e1d476c,d5a1fa0c22e55f3c4749faa0ca313844,delivered,2017-11-29 18:07:15,2017-11-30 02:21:38,2017-11-30 22:32:27,2017-12-26 19:28:49,2018-01-02,b00fb3881028d294a4b2651af05a8049,2017-11-29
8ad90551f6c31bd81ee660c78c7250ca,caffbdf4d70c0457c26b7f2c62c1fa8a,delivered,2018-08-13 12:05:52,2018-08-13 12:24:18,2018-08-14 14:31:00,2018-08-18 05:34:27,2018-08-22,7a372481bc2f6b080c0c860d6836b39b,2018-08-13
7046baacfed62d117699e43e9cc8ee7c,176f7fae9b66b96ab07b7b3385f834aa,delivered,2018-07-02 21:48:39,2018-07-05 16:06:14,2018-07-04 15:17:00,2018-07-10 15:22:07,2018-07-27,21c27e20e8a29f0644b7889802a8037e,2018-07-02
bc5fcaf4a4f6d91e1b1037bb261e1ee5,5df9e029af93b207ec9c068fbc413d38,delivered,2017-11-24 14:36:36,2017-11-24 16:36:25,2017-12-07 19:32:59,2017-12-15 19:12:34,2017-12-14,09c9f131dc0afe874833c9f222f883c3,2017-11-24
7db05b1e41f396b5134f680433a76b70,62a69e5aaedfa52d2a85813b459cd0d3,delivered,2018-02-24 13:02:15,2018-02-24 13:10:33,2018-02-26 14:45:22,2018-03-19 23:04:00,2018-03-28,ff04df9e6bf4b2894c16de0706ebaae6,2018-02-24
c4fe6f6fb6b226089906913cd4ab8a20,0c376c9c15aca35371617c653ede046d,delivered,2018-07-04 12:34:13,2018-07-05 16:04:37,2018-07-05 14:24:00,2018-07-12 22:48:23,2018-08-03,d47e6c5305cc5d8d676aea5d91711095,2018-07-04
6bf0953ea2856ef95e31030263eacc2e,a602a55269bd7ad0a6d3d7ef86ea249d,delivered,2017-02-11 08:28:52,2017-02-11 08:42:41,2017-02-15 14:33:44,2017-02-17 11:22:30,2017-03-10,bf90a7aa2fc913b4f227d1d2a9edf73d,2017-02-11
338084a6f213912faa2ab6b87c6d388f,11e55f8da60d95653cfe027e0e90c51a,delivered,2018-04-09 16:30:11,2018-04-10 04:10:12,2018-04-10 21:43:42,2018-04-16 11:38:41,2018-04-25,9084ddf25334d2b3afaf25994ce72e98,2018-04-09
621de62735eae3ffa4affa5e73d860db,422290a11dc46ec8ca6fb7e6bd45dd1b,delivered,2018-03-02 17:47:38,2018-03-02 18:09:31,2018-03-06 19:53:14,2018-04-03 21:12:26,2018-03-23,a53b34c2c302d82e6378f4b310fa41c6,2018-03-02
36272970346cb4aadae6ef0defd79773,9df54e366988cfc2cebe295b76ca03e1,delivered,2018-03-16 14:10:00,2018-03-16 14:28:54,2018-03-19 19:51:08,2018-04-10 18:18:37,2018-04-05,8a2116bb6477d75ea533208c915be658,2018-03-16
7ab2b693aebb8e032fc16f9c75051fdc,10dd2ea9384e83d9cde6177042b4b55d,delivered,2018-02-20 22:13:49,2018-02-20 22:27:36,2018-03-01 15:14:57,2018-04-11 21:15:50,2018-03-23,c966cd5248ab87272ee8d8e9479880bc,2018-02-20
8563f78b69f236731470e13b90fde454,43a1a6c14b2bafafcce0a36fc24e99f7,delivered,2017-09-05 02:19:25,2017-09-06 02:25:16,2017-09-06 19:48:41,2017-09-12 18:12:26,2017-09-27,b6d03ac2dde2c0eef9eefb0f46162b3d,2017-09-05
cfcb1cc2e9f4ebf0caea1584195f9046,c23d89873e1409800be59042623d71bb,delivered,2017-05-31 13:34:25,2017-05-31 13:45:18,2017-06-01 14:45:21,2017-06-09 14:05:55,2017-06-30,4e530668288d2f27a921f337c492dcbd,2017-05-31
985984497affc6051f16a8e96e3e5610,35ecb9f2f7aa6d35a5a12e17d73c55df,delivered,2017-12-25 18:16:54,2017-12-25 18:29:40,2018-01-16 18:16:47,2018-01-27 18:58:39,2018-02-22,2b3c471b22d0a7bdf5506e54c52d883c,2017-12-25
bb5dc4553cd94f942c0b3eb3ca1147eb,4d250c75cc0d2a9babd43a689f66f86d,delivered,2017-07-26 12:56:36,2017-07-26 13:10:08,2017-07-27 14:35:36,2017-08-01 18:17:39,2017-08-31,5ffe324c5b40f2909ff8f55303a23f2c,2017-07-26
cd8658f10db66a4b712a7a0dce0d1bb5,c3ad6ed760937161a511dce97b58feb6,delivered,2018-01-13 16:37:53,2018-01-13 16:49:30,2018-01-15 15:49:05,2018-01-25 19:33:34,2018-02-09,663e8183eb7e051241a05f44dceaa436,2018-01-13
8d3e2758268f6374b2402769a37c6905,6185579dbc623698538d6fe899efd639,delivered,2018-08-09 02:58:52,2018-08-09 03:10:09,2018-08-09 15:32:00,2018-08-13 23:48:52,2018-08-22,3c3cb7aa7b1db23bdc1a83276f38d118,2018-08-09
292b5c75de3cb3dc17a422c7985b3e5a,a0984b33073988cd7715c8546237843a,delivered,2017-04-06 12:38:22,2017-04-06 13:10:15,2017-04-07 10:09:05,2017-04-12 10:44:37,2017-05-02,c25dfca84a0b6409b49e17a517e34bb9,2017-04-06
7ecd374aaadf068b768dd0552a8b5b0d,d2679c6827c9f5794e9c0cbfb82df5e9,delivered,2018-03-18 05:06:23,2018-03-19 07:50:48,2018-03-20 21:48:48,2018-04-26 16:48:52,2018-04-19,57ea1093083f5108f87441bc93e0a2f2,2018-03-18
7173f9c626f3e26e9c4c0033ebffe7d4,68665e6fca28f3c39147812dce2e8ce9,delivered,2018-07-14 20:48:14,2018-07-14 21:03:59,2018-07-18 14:29:00,2018-07-23 19:38:34,2018-08-09,f784737f760686b4020bb4e8a2e7f178,2018-07-14
48f2d0b950703bfb145b7c3c0641b4bb,ce68dcdb0fbc1b4172d23c2427cc635e,unavailable,2017-08-30 01:21:05,2017-09-01 15:55:17,,,2017-09-18,6dde57240c2e18d525327e76aa288b65,2017-08-30
7d9ce17cffaae5fd7a74b0b5621f7ee4,4d3ddf1b42da32b1d58cd34460c32659,delivered,2017-07-12 11:01:16,2017-07-12 12:30:11,2017-07-13 21:57:25,2017-07-14 17:58:49,2017-07-25,fef2e43e6a97961cec9dfcbc0df2c96e,2017-07-12
6e529c2d797e42723921291678213b8e,bde92b9857b42315d2e6dd12227ed9a8,delivered,2018-08-09 09:45:45,2018-08-09 15:44:53,2018-08-16 13:32:00,2018-08-17 18:03:46,2018-09-11,5fdcf38147b7d4395d1e76320974494f,2018-08-09
594013e81f2c775b3fb2591f7e4bd4a9,653f5d3367160dc1985d939aa321a3bd,delivered,2018-02-28 11:16:21,2018-03-01 12:10:14,2018-03-02 16:56:59,2018-03-05 15:22:00,2018-03-13,cdc8b0d152b868db7e28de59f642c94a,2018-02-28
ebf86cef1e130ba03a39e9e1c73a9115,57b05fd31f60fbcfd8e675acbdc0a54b,delivered,2018-06-13 19:05:07,2018-06-14 18:58:20,2018-06-15 14:17:00,2018-06-25 21:25:25,2018-07-05,cafcb4dbb8efe2ff700444890c2b769b,2018-06-13
a0df4863fc2e5209b03e9c603b6009ae,e860bb31a41c537599ccaa74b1e368a3,delivered,2018-03-21 09:56:34,2018-03-21 10:10:33,2018-03-21 21:08:44,2018-04-04 00:44:40,2018-04-17,21f964de1ed069cc84a543b1a16b98d0,2018-03-21
67713bd0ca39cfc934fcec04d0fa476a,5d9e83a0b5fa076ad8bd09feeed0eca6,delivered,2017-10-09 20:20:55,2017-10-09 20:36:02,2017-10-19 15:52:17,2017-10-20 16:33:40,2017-10-26,8b7d598b431132e2ce8639f03bc5f478,2017-10-09
c5ef8c0266eff0d27d9d8f279a2e85cc,a1639709d81006ce206d27501840889d,delivered,2017-11-05 23:00:43,2017-11-05 23:15:35,2017-11-07 18:29:13,2017-11-08 15:36:42,2017-11-24,8505734f21396405b5477c75a45734fe,2017-11-05
5d86042018c63cd078fd946e3540d565,5232d20c5ec7076cc2827b96e129672e,delivered,2018-03-30 07:50:05,2018-03-30 08:47:23,2018-04-03 20:14:59,2018-04-16 21:33:43,2018-04-27,cac9d6eca72aae38119b9120c6f22a76,2018-03-30
4643426e1efe20aaf5f5a7b5c159ee96,8bec3fdae3d207e6e2e7c06dfef1fbae,delivered,2018-06-21 20:29:21,2018-06-23 01:40:30,2018-06-26 19:00:00,2018-06-27 16:36:40,2018-07-05,c84e683aa544d5ddd9a8a99db75c3ca1,2018-06-21
9583e5c37c1a090275e8af994d6b3231,5f059fa8dad478b357244744aff6e863,delivered,2018-06-10 22:03:48,2018-06-10 22:17:34,2018-06-11 15:48:00,2018-06-14 00:44:29,2018-06-20,a35316e686550945cacf5d95bb2e16e2,2018-06-10
2cfc5ee5cb1e43d70d3dd6f28b2b50d9,b362e334c001399cbda74951968b9c9d,delivered,2017-09-25 15:20:44,2017-09-25 15:35:37,2017-09-26 22:42:46,2017-10-10 17:44:45,2017-10-26,c450e06c02b1e9a248456be29e587118,2017-09-25
91d38275ca75e585338637cc73deeec1,475498fb1a9473fd095e2c52e91ddc46,delivered,2017-11-04 15:04:25,2017-11-04 15:15:34,2017-11-06 22:19:03,2017-11-16 18:18:43,2017-12-06,464522fecc7b52a42faf755f562c1048,2017-11-04
2b37d2f506ce5ca2dfa10f9ba271e609,fc3e9c3f1e4fce4c1c6e5aa729982c30,delivered,2017-09-01 13:32:57,2017-09-01 13:45:10,2017-09-06 21:34:08,2017-09-12 19:42:31,2017-09-27,084d29b95577d79bd5ce9019727daa66,2017-09-01
cc9f137560ea711d7750050acf6c9ab3,6d8fbd68670028c28a469ed765144113,delivered,2018-04-12 16:01:28,2018-04-13 10:55:20,2018-04-13 22:08:53,2018-05-09 20:43:55,2018-05-11,c921b0ecfe1bdbdfc0342aa673ae2a1e,2018-04-12
f14285a51b784d0a199a4e8193fead6c,6d35b6b4d991a944bcb896d13a298ab2,delivered,2018-02-18 15:02:12,2018-02-18 16:08:06,2018-02-19 20:19:22,2018-03-03 17:11:47,2018-03-14,c3be4ee233f5ac45d6b6b5288127b67a,2018-02-18
8774d6fb5a8c64bbb720a8271eb207c0,3064a79760daecc32557164058582b7a,delivered,2017-03-05 16:21:27,2017-03-05 16:30:20,2017-03-06 14:01:10,2017-03-13 11:36:43,2017-03-29,cf3a12e8b394f94f9244d320080df100,2017-03-05
080c5db822472f28f4193dc902b9be32,4ef944d200707a726d08ee93ccd5dc3b,delivered,2018-07-30 18:55:02,2018-08-01 02:44:13,2018-08-02 15:21:00,2018-08-06 18:06:52,2018-08-07,d76f9ee005dec7aaebaa8b458858595d,2018-07-30
da18e3791e41c3b4cc25dc4cab6b1ce8,2bb7eec7d3d3a6114fea4fd5b721a05c,delivered,2018-02-01 09:48:31,2018-02-01 10:11:08,2018-02-05 11:48:40,2018-02-18 14:18:48,2018-02-26,4c69175b81fa47d0c45b98aa8dc3aee6,2018-02-01
b55e6c8ae6ed71f6db940868b4f1d44c,98b83460f3e1520c356ddf887d1c87f3,delivered,2018-01-09 18:17:31,2018-01-10 10:32:22,2018-01-15 16:23:25,2018-02-22 22:43:00,2018-02-16,e69b2912a0663fc0dc9f30e085ad6bb3,2018-01-09
77f786b616f184da30df78a7eb228d92,e3e9f4e9f627f0be4418ae5334bcc0c2,delivered,2018-08-18 00:16:00,2018-08-18 01:00:06,2018-08-21 13:28:00,2018-08-22 18:58:39,2018-08-27,1839f92c34d9c200eccfb1e4202828fa,2018-08-18
e87af6f598445282ba3662fc3cc5c3dc,0a22d8d52773816e0f996063699667e2,delivered,2017-11-22 20:32:00,2017-11-22 20:46:20,2017-11-23 16:34:39,2017-11-28 21:28:56,2017-12-21,2797cc1c85376137b29341b675e76bc8,2017-11-22
e847b3ca683a6e6049b5e7e7373ce9b7,4bdb5509c4bad8d311e2fcc23381f516,delivered,2018-03-20 08:14:16,2018-03-20 08:30:28,2018-03-21 18:38:53,2018-03-23 14:39:22,2018-04-03,06374ae87d5b7dd95b9528c9c6eda663,2018-03-20
b75eb9360ab80bfd5c7ccf7270d447fb,ff2c29eb45040b08d93d6954637852a8,delivered,2017-02-22 15:32:48,2017-02-22 15:45:18,2017-02-23 11:32:46,2017-03-03 12:49:13,2017-03-28,477f7f182e8da105ba6713c0d5a24f15,2017-02-22
45fb3f449f9ca45f89ba2d2b062e495b,4427125d8551590623a0e4dbbb2e25ff,delivered,2018-02-07 21:15:58,2018-02-07 22:00:27,2018-02-08 23:49:11,2018-02-09 13:58:39,2018-03-20,3c7c7e752e4f4f2d4ab5c5c195ff2461,2018-02-07
86278332ca8c82016ab4aa45191c71f4,186471b7d8aa716be1efeb6753759d30,delivered,2017-11-13 23:25:36,2017-11-13 23:36:09,2017-11-16 18:04:38,2017-11-27 19:02:51,2017-12-04,e6b6a6ad96190dd5375b869b9bbe63d6,2017-11-13
526147ccc6d06def7a933904c19058c8,efb6878f902fb01ff2d904abec9de974,delivered,2018-04-17 22:25:47,2018-04-17 22:35:20,2018-04-18 19:46:24,2018-04-19 20:22:33,2018-05-04,457a68ce0ec419928f0184206b6343ef,2018-04-17
cacb12ecbd3fcaf21b5556085730369a,4c6fadd4f9adab49e2ed14d1960e67c8,delivered,2018-08-05 12:53:45,2018-08-05 13:05:16,2018-08-10 14:19:00,2018-08-23 01:09:34,2018-08-22,6349eb680aa752abc9f30f21a9e3cd13,2018-08-05
eaee2825724ee0ccf396e0d0e61321df,1e09c9e267d988eac6d9bf685aab5870,shipped,2017-03-10 23:45:07,2017-03-10 23:45:07,2017-03-14 13:21:33,,2017-03-31,3b6778eb42c68c53bc4081f48a52ed36,2017-03-10
739ee3ad0ec77a3a878e07dd15508f4c,5767d4465dcba8fad68828553be9f5f4,delivered,2018-06-30 17:05:04,2018-06-30 17:55:11,2018-07-03 08:43:00,2018-07-04 01:18:36,2018-07-16,6aafc69e80792b9414523f5c1ea0beeb,2018-06-30
54e52a2c76449b9a634705a5ae9684a9,6dc07a25c59429bb3dded5bf3545f23f,delivered,2018-06-13 00:24:53,2018-06-13 00:42:36,2018-06-13 13:30:00,2018-06-25 20:29:38,2018-07-16,49f3aad53cee9548fc3c20c1a3df98e4,2018-06-13
f3534c412bf7774091285cb7c57ca373,bf91cf44af4339383b10549c105681e4,delivered,2018-02-04 17:40:46,2018-02-06 04:32:25,2018-02-06 21:03:36,2018-02-20 16:29:07,2018-03-12,3ddf7acc4abacd5b21e9615ae3eb0147,2018-02-04
acd33d438aaea068c69712df3033e09b,47d57a33b121cc0148e40255e14aa146,delivered,2017-11-11 10:40:02,2017-11-11 10:50:31,2017-11-17 19:11:51,2017-11-21 19:43:09,2017-11-27,7ec0077665fe9020e7dfdb05b2be0162,2017-11-11
0b365bbd59e2f75bea276c81bb916dcb,9daff53df6b6fdb6bf1ef391d9138f5f,delivered,2018-04-16 15:11:36,2018-04-16 15:31:35,2018-04-17 19:11:24,2018-04-18 19:41:22,2018-05-02,a3e2cda6aa36a8b56c59c414f3a5f378,2018-04-16
c486d236b0e92a666f332229a5f23557,1b5a49a439b86dee0e0bf4ddcdf26c76,delivered,2018-06-12 02:28:15,2018-06-14 01:58:12,2018-06-14 14:20:00,2018-06-20 15:02:37,2018-07-25,525e7e49c5ae6b706730ebabf2b29968,2018-06-12
60b8a11deea4c6884ae1c301e145f695,ffa9c472f0c81705a4d83f9f6463a9bc,delivered,2017-11-11 12:53:42,2017-11-11 13:06:51,2017-11-17 21:12:14,2017-11-28 21:31:43,2017-12-06,224f5e4a7b773c07c2a8667e04ab6795,2017-11-11
4007c8123697940f0574798a18c6ad29,aafe511008ceeac11be1fdab57f9bd8e,delivered,2018-05-26 18:50:39,2018-05-26 19:10:19,2018-05-29 12:47:00,2018-06-05 20:33:01,2018-07-04,bd226a8af24a46754eb59c04506cf2cb,2018-05-26
102f840f0c7fb82a5e0568624b41b3e5,d61912c15c5759cca29bdf28802d4f13,delivered,2018-06-11 10:46:09,2018-06-11 10:58:58,2018-06-11 14:50:00,2018-07-16 16:42:34,2018-07-03,beec014630c508390a961edb75c0df46,2018-06-11
10266b83757aba75b5fb490bfc84fd64,dca89b5b50128f24b676e979ba84b882,delivered,2017-08-18 10:44:04,2017-08-18 11:05:03,2017-08-21 21:17:24,2017-08-23 14:57:14,2017-08-31,09ce636381b66340d1ff57c1d88b62d9,2017-08-18
c13d560f9544b046be2c188d33eccb2a,7fdcd2a125c52cf62bd814ec0e3bcf6d,delivered,2017-06-11 16:26:59,2017-06-11 16:42:24,2017-06-19 16:23:06,2017-07-03 15:22:49,2017-07-18,6e968652933d10e7a77047574d87e54a,2017-06-11
aa600269bffea363cca75ad2d1908903,f89539977cb5c6e5d6ba2e662ed6496e,delivered,2018-01-14 17:46:11,2018-01-16 03:38:42,2018-01-17 02:45:01,2018-01-25 20:58:39,2018-02-19,26824b7428732490621d0a8e92d6a95c,2018-01-14
8b39b1a490a2cc8906ec4b08ef88a40c,b6edb7a52679daccac6fd260922362c6,delivered,2018-01-20 14:28:39,2018-01-20 14:41:33,2018-01-24 15:46:46,2018-01-31 19:13:00,2018-02-26,5c338ad93413c3a1b964e7ca78f22e22,2018-01-20
db8a99e0ff1f9fc4a61e0e5567b5467c,5107d2b396b0320acafcfb6135459021,delivered,2018-07-26 16:12:57,2018-07-26 16:25:26,2018-07-27 13:37:00,2018-08-02 15:24:50,2018-08-10,726664f54062f159c63f0f400c163ae2,2018-07-26
66565684fb831da6924e8cb4b0e1c2ae,a26c9bd12cc56cc86b48dbce2c886194,delivered,2018-07-18 16:43:02,2018-07-18 16:55:22,2018-07-19 09:22:00,2018-07-23 22:25:47,2018-08-03,892e12c641631898f13f2e50ab553c36,2018-07-18
08bf457a7ecf8ba28efb48f0add11cca,ab1739c700f4c0dff1afca491040c5e3,delivered,2018-08-06 12:03:34,2018-08-06 12:15:50,2018-08-06 18:18:00,2018-08-09 22:24:38,2018-08-15,b11752db44935c02e110c5ff2babcd54,2018-08-06
e4c6165044d2aacdc886826704d0ba2f,629bbe764de5c93b4e09588c9cd13904,delivered,2017-12-05 12:59:08,2017-12-05 13:13:54,2017-12-13 13:03:03,2018-01-03 19:03:50,2018-01-15,10ff87cba5d2038586223d82aa0f0027,2017-12-05
de5c0320a3acd9bb7b5acc242d51d54d,81f0cbc57cee6b95ecb895fa1da8ba6e,delivered,2017-11-12 22:19:09,2017-11-14 04:31:05,2017-11-14 22:19:00,2017-11-28 20:33:33,2017-12-05,22210b134d1830f72987ba194d064928,2017-11-12
b96b0b54d61e5b82857b8d29f7411012,e61aa74044e35b21d8f2219a4d6a7dad,delivered,2018-03-20 16:53:38,2018-03-21 17:49:31,2018-03-23 13:54:39,2018-04-02 20:11:49,2018-04-06,5808c065f13aac4568abd8f0e9243cb8,2018-03-20
1323fc7bc118e902322367ce662344ba,22bb0ff482309d8f7f93e765a9b90bec,delivered,2018-03-31 19:38:10,2018-03-31 20:27:49,2018-04-03 19:58:41,2018-04-18 21:21:30,2018-05-03,7efd1351c3e8012e2182ce82cb8eba3e,2018-03-31
7d0a2a03cb9ccd4712c5215e4fdb0c19,72961bdd9898578b2a35f48bcb3c4b75,delivered,2017-08-20 18:20:25,2017-08-20 18:35:12,2017-08-22 20:13:31,2017-08-30 20:49:59,2017-09-25,5c04beb2b69f6aafab563d6e672b1b59,2017-08-20
6f01b35ce046bc721e6d87e5a073c620,59ba882fbfa53c2068bb4a0787b16bb1,delivered,2017-07-29 11:00:33,2017-08-02 08:32:59,2017-08-01 13:44:56,2017-08-15 17:58:56,2017-08-28,8f523d25cc6abbe7d7e437f69ab091d8,2017-07-29
bd80a1b56163c6fcce585462d490ab36,7ef2f20ace2fc981f95637413c5782f4,delivered,2018-07-20 14:35:51,2018-07-20 14:45:19,2018-07-27 07:45:00,2018-08-03 20:27:41,2018-08-14,f70b29c275d50a814047d1db1fe0417c,2018-07-20
28b877013b30a7b9edf8ce22fe59087f,676dc133e16631c5a4329fa53d7bfe3d,delivered,2018-05-03 10:18:11,2018-05-03 10:57:07,2018-05-03 13:25:00,2018-05-16 14:03:29,2018-06-05,5a864ed43d66c0df7fb841732847b343,2018-05-03
5890259dc546292bd43919d8a284222b,98e1da5ee50d168187c0a16835e7018e,delivered,2018-08-20 11:25:57,2018-08-20 15:13:28,2018-08-21 14:26:00,2018-08-22 15:52:13,2018-08-27,ce5fb61e49ed31d6f92a1b96556280a0,2018-08-20
7eede674247503d84fc645c855298b1f,c0693ea2d67ed729c24899e38cc5ff5b,delivered,2017-09-29 17:58:21,2017-09-29 18:14:20,2017-10-03 19:13:34,2017-10-12 13:03:59,2017-10-30,027ce05786a9c91b427cf168e82819e0,2017-09-29
32f0e397d36f01e44c8c257ceaecf508,652ffeced47320f5f599688f903621cc,delivered,2018-08-02 12:07:24,2018-08-02 13:10:23,2018-08-07 08:09:00,2018-08-10 22:44:37,2018-08-08,a7b492ef62514922d96164555734bf38,2018-08-02
57c6f2325e3b62bc7b43fd0b38d8c200,c00db00391f3a7cfbaba3de2a56f844c,delivered,2018-05-18 19:32:44,2018-05-18 19:55:15,2018-05-21 19:08:00,2018-05-22 15:04:19,2018-06-01,7b54d16ea0c39381d2ec07375f415587,2018-05-18
11a651b87a97dc13026b8c8e7ea5c47a,c867194534d1372cfe5c9234d62058f5,delivered,2018-08-08 21:43:33,2018-08-08 21:55:17,2018-08-13 15:30:00,2018-08-15 22:51:21,2018-08-17,c2c0bd375204f73bdb35dfc455b3d597,2018-08-08
461a022953c6f3a8573e4e6a38a4d88d,feef2d3e0adf31da426b071891551813,delivered,2017-02-18 11:49:06,2017-02-18 12:31:34,2017-02-21 09:33:47,2017-02-24 12:07:45,2017-03-17,35cac0573a06f610cc8e356e0710d9b1,2017-02-18
0c2c52fb29b2957f1e4a1e055bcfb5f5,5672aedd63b647c1efe483389f89ac2c,delivered,2018-01-10 23:36:12,2018-01-10 23:48:34,2018-01-22 17:59:08,2018-01-25 16:56:31,2018-02-09,de063bea4f3c9809b4780af305873f02,2018-01-10
5f4c8250b9e6ee47971e0b19da4aa0f2,14a2912b7f370c345cebcda474774f55,delivered,2016-10-08 10:31:00,2016-10-08 11:12:53,2016-11-09 11:34:00,2016-11-18 16:05:46,2016-12-06,48eb05fb37e33f3079495d0145ef2711,2016-10-08
939df834baf3f1ffeb695ce791a7e696,7da93a55a589157b1d2448a50df3efab,delivered,2018-03-09 10:43:32,2018-03-09 10:55:34,2018-03-14 16:03:14,2018-03-17 01:04:35,2018-03-21,0151bcc17b8ae63a495b6c9fe6f708a1,2018-03-09
58fda12832cc512415ef25b96f1638b4,615bc6f652ae9e04dd51da38da04b240,delivered,2018-07-23 08:58:19,2018-07-23 14:30:53,2018-07-23 14:41:00,2018-07-25 22:03:17,2018-08-06,cbaee27af18aa78ab01b6941a8f80113,2018-07-23
d388f1e3637cc1288e2ffa7368a9ab22,3fcab34e4df258a8081c47ee3db58832,delivered,2017-06-07 09:39:42,2017-06-07 09:55:17,2017-06-16 13:39:36,2017-06-26 16:13:03,2017-07-18,b798cb2554106132d4d0182b9f4dd915,2017-06-07
5012f0f1b371c6d1dffb743758d3c522,104ea0cee356c642a75bb6feb295fe77,delivered,2017-11-26 19:08:30,2017-11-26 19:17:26,2017-11-27 19:09:46,2018-01-08 15:57:10,2017-12-20,c852f8aa2f31615fbb6cacaac1852a14,2017-11-26
fc1d26c4d0639d4e8f684b618b355146,a6314abf76ef0a93e6821a5e9c925de1,delivered,2017-06-04 16:07:59,2017-06-04 16:22:09,2017-06-05 14:05:56,2017-06-06 09:10:56,2017-06-19,0b2b77a2b299cdd32e3ff49631232369,2017-06-04
53e9eddc6f35cac865b535ed8868d5e3,cb5631027abb1112379204acc679ad00,delivered,2017-11-22 22:28:20,2017-11-22 22:36:21,2017-11-23 21:10:41,2017-12-06 16:43:53,2017-12-20,9eace4aaefb287121cb1279571a3cbbf,2017-11-22
1f4fe628fee06334b3c7f4a99233700c,641eedb16cd803ea21bb51f4f76b9b55,delivered,2018-06-12 19:50:44,2018-06-12 20:25:02,2018-06-14 14:23:00,2018-06-15 21:24:41,2018-06-21,7793ca3388e38d4bdbc9a40df84328ec,2018-06-12
587cc93c9570b0620ed4d9b9d8d13c23,cfb0d6adbf48b40909d44e1aad378c32,delivered,2018-08-18 20:06:14,2018-08-18 20:15:11,2018-08-20 11:42:00,2018-08-28 17:03:11,2018-08-30,c758abfcb958a9df72d36e28d4e7cb6d,2018-08-18
c8a118d2edafad1835b83c6a42145427,d53e45c9cafa9a93e59f7f5c30ea1a11,delivered,2018-05-06 17:40:21,2018-05-08 04:15:26,2018-05-08 10:17:00,2018-05-14 19:12:23,2018-05-25,da44823c9902dcfdfc8e99d6369797b6,2018-05-06
9502eac77a6fdde265da489d96557785,b2d5e7dbc57493d082219e12d7c990fb,delivered,2018-05-05 21:09:56,2018-05-07 08:52:04,2018-05-08 12:32:00,2018-05-14 17:21:26,2018-05-28,f202370686e500da7fd98c9d8bed9a81,2018-05-05
f79d2206d0301d47bc2a623636ea53d1,1309815f779a904c76a5e2398c57792f,shipped,2018-08-13 22:19:59,2018-08-13 22:30:15,2018-08-14 14:21:00,,2018-08-30,083ca1aa470c280236380973a48f77c6,2018-08-13
5ed3ec02627cdee4cc803950b95aaf02,62ccb3e4d92ff9d183f032bbcc727821,delivered,2018-04-01 16:45:02,2018-04-01 17:30:16,2018-04-03 18:36:58,2018-05-02 19:52:07,2018-04-19,3e13d95b101d8111c3a45a6bcb9d5761,2018-04-01
2ec8ddbfe88a339d911208a26f6a8ad5,39c01c306f74fd8357250244fcbe02bf,delivered,2018-03-02 00:07:09,2018-03-02 01:10:35,2018-03-02 22:19:11,2018-03-26 16:36:56,2018-04-16,577c584d4e793648664d7b39a561d6fd,2018-03-02
1006246e3feed80b0a2f83d8364240f7,27ef94da5dd900952d450780482a9df5,delivered,2017-04-08 11:46:53,2017-04-08 12:32:54,2017-04-11 16:33:20,2017-04-18 08:22:52,2017-05-17,77ca60b87d7acef4fdf123858668dfed,2017-04-08
66460ca7e4dff034a9ac0ec80c7fdea8,b53116772c5f1961424999a7ff5d0002,delivered,2018-05-16 16:16:03,2018-05-17 10:43:13,2018-05-17 08:40:00,2018-06-01 21:34:31,2018-06-06,8b26c030d47c1306bdc45b3500eaead7,2018-05-16
331179a115e1b772b2f4ff3f99f0c713,21c34a49ec9e90fa3f33360687f675e1,delivered,2018-07-29 13:30:38,2018-07-30 18:31:19,2018-07-31 14:13:00,2018-08-07 21:28:41,2018-08-24,7b43527b7822f62357d4461632aa26c7,2018-07-29
6f61cfff949f6d2569a44327aaaca639,e59983737bb48a0d4ecc5a37fd27d78a,delivered,2018-06-06 11:54:16,2018-06-08 02:56:03,2018-06-15 14:58:00,2018-06-20 02:20:36,2018-07-20,d517f5ac7bbb9aa15cf098a92c41c001,2018-06-06
66a7368cc39c6a3e93415aaf9e9b863a,3276ac875786ae837f3207b218a6bdee,delivered,2017-05-17 14:27:56,2017-05-17 14:42:23,2017-05-18 13:07:47,2017-05-29 16:57:38,2017-06-12,aff7f8b5669fbc5d6f6097ce45e63b19,2017-05-17
48df5efee08cb975d7a49bac5df66d22,1772349bb1163316ceb2744678ed612e,delivered,2017-08-05 09:27:03,2017-08-05 09:43:31,2017-08-07 19:34:54,2017-08-14 17:39:51,2017-08-29,436fea1a83d713ad2e48e35cd8631c26,2017-08-05
aceb6154fb83d13825344189f5682606,4dc795d126b1117906a9c93c41e6e0ed,delivered,2017-02-20 15:17:59,2017-02-20 15:30:09,2017-02-23 08:26:13,2017-03-08 12:11:55,2017-03-27,d521e4047c89de0abef546c24a4c2eed,2017-02-20
604e8476eddf429624f25bb3615ee6c8,547246bc4e83bd1e8a467664133af423,delivered,2017-12-21 12:25:16,2017-12-21 12:36:33,2017-12-22 19:07:08,2018-01-06 14:58:07,2018-01-24,1e93f9122819a2fc4958a8d2a3c00fdf,2017-12-21
d39b614462020b03dbd6b14f515137f5,7f6e550bf9f774c6d81fa90cad2bf1da,delivered,2018-05-20 16:34:00,2018-05-20 16:59:24,2018-05-21 15:51:00,2018-06-08 15:56:51,2018-06-21,8d44b17615992b110bf34cc64328307c,2018-05-20
bc7bc14f585b1879f63e89cb0e4cfa17,942be1042b4ac4e4ef3780b25188fe99,delivered,2017-01-25 10:41:24,2017-01-26 02:15:45,2017-01-26 09:32:58,2017-02-03 12:42:06,2017-03-10,4b5f998cce2788f75444c20bd6a3d065,2017-01-25
3be8a1f84b766b7847d066e09de464c7,ae341c5b6723efe9e02c3b351028b644,delivered,2018-01-25 14:50:14,2018-01-26 14:39:27,2018-02-01 01:13:12,2018-02-16 17:44:03,2018-02-20,98071374616d2c6ced215c7c43f4e18d,2018-01-25
9aa3197e4887919fde0307fc23601d7a,31a4ecf0bd3ea9436b7132bac1a1bdb3,delivered,2016-10-06 13:16:56,2016-10-06 16:06:59,2016-10-14 18:08:17,2016-10-17 19:08:17,2016-11-28,24c0806a2407ad1f14b1323849bd246c,2016-10-06
e39bbac2f576136835e2f21b52aeb8eb,43981e5a9d93f53478bc206f92df4b71,delivered,2018-03-05 09:21:49,2018-03-05 09:35:32,2018-03-07 21:10:43,2018-04-11 22:18:22,2018-03-22,058d6b83ce3623b02a4eb4e30e7dff81,2018-03-05
914e07017d246eee143555a432b6746e,a41f7c579dd43b7e3de0b0a5a5f796f9,delivered,2018-02-06 14:15:39,2018-02-06 15:55:59,2018-02-09 21:04:15,2018-02-20 13:32:20,2018-02-22,4ca788859535d4a3dc70dc0938e062ba,2018-02-06
d520b96e396bd11c8861b4310c25388b,980341a4c8369afc8672ef5dadaecd1d,delivered,2018-08-02 19:55:08,2018-08-02 20:10:11,2018-08-03 14:38:00,2018-08-07 15:17:48,2018-08-20,42524391e44e8534aaebab8a9e1fbb00,2018-08-02
4a1c1edef82d76596ea0209327be3ff5,ba9205e1ca24a9ad48a44f552bbb497f,delivered,2017-09-18 06:21:28,2017-09-20 02:10:15,2017-09-21 17:48:21,2017-09-27 19:38:00,2017-10-03,feb831cd3d26eea79e54b930a3a39431,2017-09-18
e213b5e8d4900ec6176f5489d057e5a7,7bbf16684383c0313593bb7e620bd4bc,delivered,2017-09-18 19:00:06,2017-09-18 19:10:23,2017-09-19 12:35:09,2017-09-25 19:04:45,2017-10-10,5701e00b13eeb0e725db2e2c1eec239b,2017-09-18
20080c49efc6113a519f37b79c88c375,d923411b6904f453bb966718a08e3a2e,delivered,2018-05-04 21:29:11,2018-05-05 03:15:09,2018-05-07 15:15:00,2018-05-08 20:48:49,2018-05-21,a2224a52738de81964024a70c93d34d2,2018-05-04
ee332cda25c408ccf3ac1fd87e351b54,e7505f210f5c07c0a9343aa6e191793c,delivered,2018-03-08 12:50:12,2018-03-08 13:40:29,2018-03-08 22:27:31,2018-03-26 19:47:22,2018-03-29,164ced08a3f1f6a3b4398cabee54f819,2018-03-08
44cfc5b2ba4522fbfff8c05a8649e538,b1cb57d839a262ae028152874fcd4255,delivered,2018-04-18 15:45:10,2018-04-18 16:18:19,2018-05-09 08:01:00,2018-05-10 17:46:53,2018-05-04,078fa6f4e39a6288ef858fa22c8d4503,2018-04-18
5d70cf2f4894c706c8b0cee59f19b67e,9d3b949fa77c3f6bbf95203e237ece68,delivered,2017-12-19 11:08:36,2017-12-19 11:16:27,2017-12-20 19:06:40,2017-12-23 09:38:35,2018-01-08,ea1d2196c3cbc2e96c50cf7ff5432069,2017-12-19
eb2a4cb05eada646f0b3fecc33a89f7e,8510621d67f7ec879641131a2d9b3e28,delivered,2018-07-17 17:32:09,2018-07-17 17:45:26,2018-07-20 10:01:00,2018-07-24 17:12:48,2018-08-02,746022797b63585f20a286b45510a4b8,2018-07-17
2622673a1a0575cbc8ad8900214a7c4c,1d2f4e03c1c7aefc2435451a4dbed450,delivered,2017-03-14 09:35:56,2017-03-14 09:35:56,2017-03-14 10:42:46,2017-03-23 05:41:17,2017-04-04,e2248a877fcc536b706ddae3a5057112,2017-03-14
c2d9de2193f28a8b964cf36417cbaf92,9bc2456a5cf9a1e1ef2f4fc535da934e,delivered,2018-05-22 18:28:57,2018-05-22 21:18:34,2018-05-29 13:47:00,2018-06-06 14:18:39,2018-06-25,a2992a92752d8ee1a8e2117636bdd699,2018-05-22
5e51a64decd482cc34e99e406942efc5,748ccb204126f50c1afa1315a1cc0f07,delivered,2018-03-10 23:03:54,2018-03-10 23:40:21,2018-03-12 20:33:41,2018-04-03 19:36:26,2018-04-04,95ae7a8953402f288dd9be0cdcb5e722,2018-03-10
a66719a9e64cf864937c6c2a598d048d,d614da50a33861589e1baa3ff6ffe610,delivered,2018-04-01 21:48:34,2018-04-03 05:35:15,2018-04-04 18:12:17,2018-04-18 17:14:35,2018-04-18,ebca0aefb372ebf5a4d889307ef55552,2018-04-01
1aabb89e94999e16f85a4a0078935996,e664e4068445047f27a0acaebf62f08d,delivered,2017-06-21 12:47:04,2017-06-21 12:55:28,2017-06-22 13:53:51,2017-06-23 11:39:28,2017-07-04,498bb699b0cc38a1bf437df5c4559ec8,2017-06-21
21ac7b9aaf4cb4e41aa7ed2722a0c2ab,d961544083cc8837794f0fe258f812e0,delivered,2018-05-23 18:30:11,2018-05-24 18:38:42,2018-05-28 13:08:00,2018-06-06 19:04:50,2018-06-29,60ca7b9a3d66cbc1568e81f3f8332c11,2018-05-23
d6b11927bdeea5f5786a486aa301d183,dc1797695511e21ed538efc9570e9751,delivered,2018-03-04 16:30:29,2018-03-04 16:48:37,2018-03-10 04:24:48,2018-04-02 23:28:57,2018-03-29,f5d7c4a3ec9eeef28fcca25ca72d8b38,2018-03-04
f36d049775f796795ad32ae00310ee97,e156bebab621b24c406b0e48bdae60ee,delivered,2018-06-04 15:09:30,2018-06-05 04:12:29,2018-06-06 14:17:00,2018-06-08 18:03:21,2018-07-03,163a556a8d2dab2f97ab15b5a2dd08f6,2018-06-04
366e36538aace156a4d280994494b604,96330b0f406163eb357a8c6085b841f6,delivered,2017-10-11 20:45:40,2017-10-14 03:37:06,2017-10-20 14:24:00,2017-11-01 20:35:51,2017-11-08,adf9fa2a08c4ca801223615953c4e116,2017-10-11
29f95ab000e30a2a4dbeedb73c7357f2,a13f758577dd5c5b1b1897f294c2da52,delivered,2017-09-18 20:42:08,2017-09-18 20:55:17,2017-09-19 15:09:31,2017-09-20 20:13:23,2017-09-28,c93814295d455ae71ce3ac1ad4b5b282,2017-09-18
be40003fbcabb63c85ff36dc4a85b5be,fc5d211c2af467dde5101c7f2b6d3341,shipped,2018-04-01 12:49:56,2018-04-01 13:35:16,2018-04-02 23:24:53,,2018-04-20,43235d2318c16be05a5ba5e82e52ce86,2018-04-01
f4d8046ef75f7f0f6cb957b00531b6f6,9fa0823c5a0aa74a619092da448119c4,delivered,2017-08-10 20:14:49,2017-08-10 20:30:16,2017-08-14 14:14:10,2017-08-21 18:15:50,2017-09-04,dc7834a96c0a7d00791c270c6429286a,2017-08-10
364902ee32c640aa17aa3c6dd3f3f7ac,5df005f2bb20b314a7eafb23d8366886,delivered,2018-01-22 00:15:05,2018-01-23 03:39:29,2018-01-23 20:45:03,2018-02-14 20:28:33,2018-03-09,3849a29f4e70901c54c132cc1f57f703,2018-01-22
dd8c2ff157394afacbcc50a161e1af4e,7aa9979edeecc4c0748cfb942a7850db,delivered,2017-07-14 09:18:17,2017-07-14 09:35:11,2017-07-14 19:52:33,2017-07-24 17:52:07,2017-08-07,29a3dfd056ce4de7aebfe9f2e78f8268,2017-07-14
4677e6e3e54b79b7ae98dede52d8f2b0,61e64c5257a4101a66a2e65228e1191a,delivered,2017-10-05 16:31:34,2017-10-05 16:49:24,2017-10-09 22:12:36,2017-10-30 18:38:36,2017-11-16,9fafb9bc4f2296fe5d2d0bc2f8e19a0b,2017-10-05
51e36ac90c090cef9d73b8acb1da94a2,2caaca1985bb7a8d6ee344b17faff467,delivered,2017-05-16 12:35:35,2017-05-16 13:10:48,2017-05-17 16:25:57,2017-05-24 16:13:42,2017-06-14,06951473be1f404150e8c669ee16635a,2017-05-16
dae83470e95e9cf80cf6bcb0fa345777,745234400e5dfd47504becedf6927d24,delivered,2017-05-14 20:20:55,2017-05-16 06:35:24,2017-05-16 14:09:13,2017-05-24 15:32:51,2017-06-22,fdcf823822a86833a95cbe82fb08dc13,2017-05-14
d0861c31e8cc76e343df9aa7c2a26dec,758cba92731c9677b85afbe87fc7e52c,delivered,2018-01-06 20:08:51,2018-01-09 07:19:07,2018-01-10 19:59:33,2018-01-12 21:51:30,2018-01-31,bd0bfd0dc8c14808a259c86884e09dec,2018-01-06
d79c53e4a7aa2167e15ead7cbbda2907,d3f58086beeedf69f3244e74a5c7a10a,delivered,2017-06-01 11:15:09,2017-06-01 13:05:36,2017-06-05 12:23:45,2017-06-12 09:34:44,2017-06-22,7a609acb778ba90d3443e45f010f2974,2017-06-01
b8b12c952ae497fb7389315cd2a101e1,6ad88901476634d2b8a05573b3132f22,delivered,2018-07-08 20:25:31,2018-07-08 20:45:16,2018-07-10 15:03:00,2018-07-26 03:51:03,2018-08-10,6daddc1726a6a3019ced0654a2a6f7e4,2018-07-08
0770d6621e5900694909ea4a6236da14,1b98ceeebae34df2dd185d643c329671,delivered,2018-03-11 17:43:41,2018-03-11 18:08:24,2018-03-13 18:36:40,2018-03-23 16:36:38,2018-03-28,3f570fdeec0a1c6ca5c3a63b47c1f821,2018-03-11
05d7aaa733ad65477075a3b5bf0f1017,615186aa8a5e60ec87fa86010f582551,delivered,2017-10-22 08:18:52,2017-10-24 03:49:38,2017-10-25 19:17:34,2017-10-30 19:42:36,2017-11-09,3dd8bad00a85a50913d473d27f26ecc8,2017-10-22
f5512d0d1c39a1bacc843bf5a89b7f04,6ef5c320fc470396de760790087ce396,delivered,2018-02-13 15:18:52,2018-02-13 15:30:24,2018-02-15 20:53:12,2018-02-27 15:29:36,2018-03-19,526aa7a606d145f630099682351cf7e5,2018-02-13
999ecbda5d7b314b856c71e7bb73d8ee,aaf8739dd1632d44d51e010a52695f05,delivered,2018-08-13 10:40:08,2018-08-13 10:55:21,2018-08-13 15:50:00,2018-08-16 18:26:40,2018-09-11,b2b9f2691a107ce19b6976944c6c5649,2018-08-13
b4d23e6126fce26562cf8bb6b5ae876f,f25d1202670064ec91e10d3575474dca,delivered,2017-10-19 23:21:56,2017-10-20 01:26:30,2017-10-20 18:39:00,2017-10-25 19:33:08,2017-11-13,3b22ac4986805ea762c65096cec57588,2017-10-19
cc5161712eb3121670b819908ada7032,24e5769f6d2997653d33cc6a5b9efea2,delivered,2018-02-25 16:28:44,2018-02-25 16:47:56,2018-02-26 19:47:25,2018-03-02 22:48:25,2018-03-19,d44f4cf66ba1456ae1f43e74e599037c,2018-02-25
3443749ed04d4b33597a21fc22e24a4b,e4df5880b01ba6d4f9cb7b9188bc80e5,delivered,2017-09-14 18:54:12,2017-09-14 19:10:21,2017-09-15 21:32:38,2017-09-29 20:47:49,2017-10-09,fec7e965217d1e410ce557c3717ebafd,2017-09-14
9cd835ca1f7889a20d3ab1781d3de6b6,20157ee8db3d730ffe2ecf3db2cb7532,delivered,2018-05-16 15:28:07,2018-05-16 15:59:28,2018-05-17 11:05:00,2018-06-12 16:44:52,2018-05-30,dea170647f2f74b0a96126e3393a2076,2018-05-16
256aa0d2a3a5be766036105a251aac9b,b98eec5515037585fa2083f6e6b787db,delivered,2017-05-01 20:08:30,2017-05-01 20:22:21,2017-05-10 15:24:34,2017-05-23 10:48:01,2017-06-02,daa600f82edb736f64854f33de65233e,2017-05-01
47edf91f32703b4aa658d3a46efe489a,57881fc15493fac5cc61d7891e5ca3d7,delivered,2018-02-27 21:57:32,2018-02-27 22:08:26,2018-03-02 00:14:53,2018-03-21 23:33:09,2018-03-27,d416239f44a87975fe33c5630c39a362,2018-02-27
b951fda86def0277a8416cbe5e7389e0,ae7c76a0d9636a9f63bd4e8b54f8ecc6,shipped,2017-09-02 13:58:41,2017-09-05 04:24:42,2017-09-05 19:42:16,,2017-09-15,a012fe8bb6719911e91306badb45e4de,2017-09-02
9064fc8504c44f267ab2b72c9175b853,916fb10981067df1cd35e89eb615ccce,delivered,2018-02-19 08:41:34,2018-02-19 08:55:48,2018-02-20 23:11:40,2018-03-02 20:58:34,2018-03-14,714108383ccc5666c68e454ff0a9c975,2018-02-19
110da2b3965b649ac4bb999200ab9133,979f7f0b911e84cf3ea55247fa147bd5,delivered,2018-06-27 17:21:22,2018-06-27 17:35:11,2018-07-04 12:02:00,2018-07-10 23:29:31,2018-07-25,71951ff403735c207cab6992936806cf,2018-06-27
54e78383150f4a775184e7e32ea6ce09,e36d38c4df7455eacb149e548fa69b6a,delivered,2018-03-02 22:46:35,2018-03-02 22:55:40,2018-03-08 19:58:28,2018-03-15 20:05:42,2018-03-22,b15403eb954ff51957dd4ac6f1baabdd,2018-03-02
bbc448e5b131e7b862e4a165fccacfaa,02bfd28debf51f86e1d6ef72c84075bd,delivered,2018-04-23 19:35:39,2018-04-24 17:22:46,2018-04-25 15:02:00,2018-05-10 13:48:38,2018-05-11,f953c5940b3599cc0485b891bb796f21,2018-04-23
dcecdd858263bdafd81590e1ad00997d,52e7afdd9cd91f91e3667ab51a53fe3d,delivered,2018-05-11 10:45:30,2018-05-11 11:08:56,2018-05-14 15:47:00,2018-06-05 23:04:00,2018-06-11,62e996d277bb246a57d09c28da1d2b09,2018-05-11
f4b7dd32932ce541611390cebb64b110,9fab04dc9d3e7a724b546cf3ca3ba3bb,delivered,2018-08-07 19:13:54,2018-08-07 19:30:29,2018-08-08 11:04:00,2018-08-10 17:38:05,2018-08-21,73de59bf3a2643b862a6045683ab50a8,2018-08-07
31ce9eca5cbb13db5867cc427003c308,52f2fc0a134744dda95b31ef8aabc167,delivered,2017-07-26 21:58:26,2017-07-26 23:33:23,2017-07-28 16:11:30,2017-07-31 17:04:10,2017-08-11,8bc3068714502a076cdc66f2a207bb20,2017-07-26
d9d3adfb459cf80f45139992eb4283e5,6b250e93a9fe0049b1ed533c40c09dc5,delivered,2018-04-06 19:26:19,2018-04-06 19:49:13,2018-04-11 20:52:33,2018-04-18 03:03:56,2018-05-07,99290dd63894e6cec99063010136d484,2018-04-06
7deb5565bced95f67ceac6f5dc57d4f4,5a91625bc8965ebc869d9e5247df4673,delivered,2018-01-22 13:46:07,2018-01-22 17:37:02,2018-01-26 13:52:50,2018-01-29 17:28:00,2018-02-06,1ca4f00dcc2c13e13a12565449fa87db,2018-01-22
6540b761399c20157fb3fdbf2bb13380,c9a19c32c0cc8ad6f7386bbf46beec0c,delivered,2018-08-16 21:44:01,2018-08-16 21:55:21,2018-08-17 16:51:00,2018-08-27 14:48:35,2018-08-30,fe833298f3e617a9690e8f6dcd01ae70,2018-08-16
afccf88c36161bee5115afcc8fe3cdad,05fdaa94a8d41275bce5b1b1ab5a6733,delivered,2017-04-01 10:03:35,2017-04-04 06:02:33,2017-04-04 15:55:44,2017-04-13 12:26:19,2017-04-26,b23fca872b3e0e088f5db7374b0c11c5,2017-04-01
9f16c9e6abad918e90460e42f7b9d645,60509bada328e6c2341f67c3d58d5cad,delivered,2018-07-23 10:04:28,2018-07-23 14:30:50,2018-07-24 10:23:00,2018-07-27 17:08:46,2018-08-09,1b6b0794e27afc2a2f56caf7783ac5bb,2018-07-23
3409538db935345d2d9bf4e77cd2a5d3,43d5d4295c035d739e21dae22f2925de,delivered,2018-07-27 22:07:59,2018-07-27 22:24:21,2018-07-30 11:14:00,2018-08-27 18:12:42,2018-08-23,843807484a792fd1c8623490e3d9f36f,2018-07-27
3cf422cc081dcaf5ba0068fa5ef709bf,24f5f4ebd84cae15572166b02dfd84d0,delivered,2017-03-19 12:39:45,2017-03-19 12:39:45,2017-03-20 10:14:15,2017-03-24 10:25:04,2017-04-10,0a0d046bd78c9dc76c8dcfe5535b2ef1,2017-03-19
3c87d7e874618030c19e7e58d04556a5,ca9797a749eec5f81c55de42f8d6f176,delivered,2018-06-06 19:03:21,2018-06-07 18:55:52,2018-06-08 16:55:00,2018-06-14 16:34:46,2018-07-12,251a560be0810a220e914f59dce397f5,2018-06-06
5f4488ffadc1defe6b015c8c6e128c46,f3ecee3a2b41fac72ec039125b81de2c,delivered,2018-06-29 13:11:40,2018-06-29 13:30:30,2018-07-03 12:16:00,2018-07-06 11:18:52,2018-07-19,1b04423a5626a88666c7766c7a9cb96f,2018-06-29
2cce0ab2d6614c249034fa8db2148498,2d7c25190287a7d0af522e72af1ff871,delivered,2018-02-16 17:30:29,2018-02-17 03:35:45,2018-02-21 22:39:20,2018-02-28 23:11:42,2018-03-15,f3f223a3a7f8e32bd4843566e45de8d7,2018-02-16
77af320be1815e066c2ac8510e9402b6,01d37fd98e7840efad07c60bea966fca,delivered,2018-05-09 10:55:30,2018-05-09 11:11:45,2018-05-09 13:41:00,2018-05-11 12:34:20,2018-06-01,9ec871029fc7ab7e5085f70ab3209a0e,2018-05-09
79c2ffc2f003219f466be98942ec35ae,34e961b4e51f96d51c1f907ad95c2525,delivered,2017-02-05 20:24:12,2017-02-05 20:35:10,2017-02-06 11:51:47,2017-02-22 13:19:52,2017-03-10,3dfc036a6c20bf007f7365b74961a9ae,2017-02-05
e1dce34866435728863bd0fb8930d737,972a4b24c4fda5f5c961f00ceb0501be,delivered,2017-12-29 12:49:47,2018-01-04 23:17:29,2018-01-09 22:55:53,2018-01-16 23:09:22,2018-02-01,21428dfc6bd6e1c6d28a7f311109e1b4,2017-12-29
e38573f7a3dc73addbbd97817bd0369e,110c3f74110dc10d18670b7971d1ff31,shipped,2018-07-18 09:01:50,2018-07-18 09:10:13,2018-07-20 15:07:00,,2018-08-06,2571f41727577645737ff6b834e9043b,2018-07-18
f91346a89554e0c864ce1007a89eaad9,8bb04acf8749d480b0952313c6226bd8,delivered,2017-11-24 13:31:04,2017-11-24 15:52:49,2017-11-27 21:32:46,2017-12-12 22:49:02,2017-12-18,7a8d01c31a2be6552ee739b6f9001094,2017-11-24
b51edc2e9375a9cc6fd96daf82dcfab8,aab80f9b1d664586c530e24c6d49b3bd,delivered,2017-02-04 19:06:49,2017-02-07 04:03:19,2017-02-08 11:48:03,2017-02-15 15:38:51,2017-03-15,8024c342feedd9019699fe97a45f987b,2017-02-04
f399b61f3b5a3c117d985eb619fa164a,819f78e040c8f6f49bb5a5d2b9894018,delivered,2017-11-21 23:33:51,2017-11-21 23:46:46,2017-11-22 20:58:37,2017-12-01 19:13:32,2017-12-18,cc3e86b0063b3d846909c1f7a007bd37,2017-11-21
ac671821bd5734df83eff3f6fcc94e9c,316610fda13708cef18f81185f69d7eb,delivered,2017-06-09 15:29:53,2017-06-09 15:42:07,2017-06-12 09:45:34,2017-06-27 12:59:54,2017-07-04,171f1087fecaa6baeba196a88ca34a03,2017-06-09
f1d6313ed30c82ba1523aad41c60685e,94cebf039d51a5f2a69abc82dd162a00,delivered,2017-06-19 19:20:51,2017-06-19 19:30:18,2017-06-20 15:30:39,2017-06-26 16:36:28,2017-07-14,ea2b26bf8738e87234007aeb61ffaf8d,2017-06-19
7053a93a4b7b5a66f27138c4bf8e1307,91cc176c80a752e26946e32b24b00194,delivered,2018-03-29 17:21:58,2018-03-29 17:30:56,2018-04-03 23:25:22,2018-04-06 01:56:40,2018-04-11,0fa1bfd1b1968bde55b4a82dfa5e600c,2018-03-29
e51a65b081fdd3d9ae9c8935d326990f,b0dbb607f2633bea12712b54bdb61ea2,delivered,2018-07-15 20:07:51,2018-07-15 20:25:29,2018-07-17 07:02:00,2018-07-23 14:46:44,2018-07-30,55a34f9f352e3c1ef564fc7855a1b7e9,2018-07-15
7c65969e2451dfffe9537d696472390e,d1d81a8e87c0ba381cd13f2d8c4413f1,delivered,2018-02-21 12:23:15,2018-02-21 12:35:17,2018-02-22 23:33:06,2018-02-27 22:48:32,2018-03-14,eb41977c3a9cea7501c93028821432e1,2018-02-21
550d67c58e5a9c64c7a4f15c8bda75e3,4a95dc2aca43bd7fbbc7642571dae7b8,delivered,2018-04-29 19:45:16,2018-04-29 20:15:03,2018-04-30 14:51:00,2018-05-22 19:32:53,2018-06-04,4281cad3192208b2d0100eb08c8f6fce,2018-04-29
933b8ec7305b79bf5057f495364a7f20,0b27725e97cb4b6100a8a01b288cead5,delivered,2018-06-23 20:54:33,2018-06-23 21:15:57,2018-06-28 12:34:00,2018-07-24 19:27:29,2018-08-06,5b788595ca5779d3a7c1e86834fe2e07,2018-06-23
fe11e7a52ece42d51b5e36aeeec40922,ab663954a5a177bf7cc5b40f7050aa87,delivered,2017-11-23 09:27:47,2017-11-23 09:48:41,2017-11-23 16:11:47,2017-11-27 18:37:11,2017-12-11,729089b44985b34915decf7117d8fc2c,2017-11-23
fe07292e1a88c0c8b22fc45b58da8110,62ca923cee9de768fc20844b87b649b2,delivered,2017-11-13 14:13:02,2017-11-13 14:30:45,2017-11-17 17:52:11,2017-11-29 01:00:11,2017-12-05,c9e3d0ba306a0b9741b499df70fdb976,2017-11-13
42bda77d1a64e7ca7759d3bb9dc54843,ffa9397f0649027d0d3dbffd8e542553,delivered,2018-04-25 13:08:09,2018-04-25 13:31:47,2018-04-25 14:30:00,2018-05-07 19:35:45,2018-05-18,45b07f3ef2cb64180c8b1ccd3d7bff6b,2018-04-25
2b0b75a2e7ebb3fa4a95e3b6ab121e86,b11a2f97e75e3cd6a422b4112f4fd318,delivered,2017-10-05 20:07:05,2017-10-05 20:24:42,2017-10-09 13:37:04,2017-10-10 19:02:44,2017-10-24,9a826a56844c1a5c011ad576e43f359a,2017-10-05
80b3144642f81210b2759d2ae93566e5,5b1c50ae703e657c8f0b3e0a60325e39,delivered,2017-04-13 16:53:02,2017-04-13 17:05:09,2017-04-17 11:42:18,2017-04-20 12:31:01,2017-05-12,5a1c55663b390b6333e26568460420b8,2017-04-13
66f8f6c709c3da6671518cc9b9798c5e,e4c533eef245b6abc3733edb3135f74e,delivered,2017-09-01 15:48:11,2017-09-02 15:55:14,2017-09-04 15:27:59,2017-09-08 16:33:48,2017-09-21,798e46968b571ef019f0ec91f035e3ea,2017-09-01
e69e0e370bc1f3ab3df04b1394c6b06b,fe77d12e9cdcdaaa8a63e32892c69ffc,delivered,2017-04-22 19:42:02,2017-04-22 19:55:07,2017-04-24 14:55:35,2017-05-02 12:59:37,2017-05-11,d241c71cf2299543e1b645b897006666,2017-04-22
d4f7b7fdd579913c3de8124f653eb667,0f665761c771caf3c48c6fb4f5d35f95,delivered,2017-09-05 14:34:50,2017-09-06 14:43:56,2017-09-08 15:28:59,2017-09-18 20:27:29,2017-09-28,54e9678f09ea5b6b6c1b10ce58e1f85a,2017-09-05
23cb58815b6e6ba073afff7d37258dfb,5a7d61368fc23bac656d669aa49702ab,delivered,2018-08-02 12:05:14,2018-08-03 02:50:39,2018-08-06 12:51:00,2018-08-08 20:20:55,2018-08-15,eaf2bd1b75c6a6b95c5cad214ba58be1,2018-08-02
7b0b61ecb9fcc703df7c0e82844ca4a3,1487098a1d83d17bd6b04c1fbe1aafb7,delivered,2018-05-04 22:23:55,2018-05-04 22:35:17,2018-05-07 12:21:00,2018-05-11 17:11:44,2018-05-30,4eb363e11ae95699d3140a3ff117f8d2,2018-05-04
cd4a39bf33083486dd4d1eaa70907ce8,775fd1046cb2538d5c7bcd70e3c0f152,shipped,2017-09-05 12:16:38,2017-09-05 12:25:22,2017-09-12 21:11:50,,2017-09-26,df1a686ded07f09705438ae75b5f6170,2017-09-05
b4a08789594a9cdd990a4540d4e7efe8,62184d518d7c467ac5c2e22757830a73,delivered,2018-05-09 10:38:44,2018-05-09 10:55:18,2018-05-11 08:17:00,2018-05-18 18:22:50,2018-06-01,2ecaac127a1c8c8840e686d41acd43b1,2018-05-09
4d5454c529c7a8cb61818f0f24c0d115,076933dfa56c84230b2965c7cab486e1,delivered,2017-08-09 22:32:28,2017-08-09 22:45:17,2017-08-10 18:47:42,2017-08-12 10:13:58,2017-08-24,ee0fe6783108a6ea35f38c70b6cf08b2,2017-08-09
0e490dd9ff8d1bf7259c4265f49bd577,75aa1071d01b766bb4b3e8b8d613555d,delivered,2018-04-19 21:25:22,2018-04-24 18:06:04,2018-04-24 00:18:41,2018-04-30 21:33:34,2018-05-16,5f36b55048cb51c5b249d619ac843d30,2018-04-19
3249acacf413f55e488c452cf8b84651,6fffa27cfddc888045cce01bcc62e2dc,delivered,2018-05-07 17:08:23,2018-05-07 18:09:59,2018-05-08 14:06:00,2018-05-18 13:31:51,2018-06-06,5733ed5885d0b0f2f3bcb9b6e830c7a7,2018-05-07
a5de8a72ffd64d3a73ae50d6fdac540a,74502fbbbd38239f24de0a6f23fb80bf,delivered,2017-11-26 21:54:41,2017-11-26 22:12:04,2017-11-28 01:03:08,2017-12-04 19:52:11,2017-12-21,7b77acd456c2fb1a1d2d58ffedd5703f,2017-11-26
a5a5b331d29606783958e39e046d4024,b2087c518b90ec42acbaa68e517a5452,delivered,2017-09-28 21:03:18,2017-09-28 21:15:13,2017-09-29 20:03:10,2017-10-09 18:44:56,2017-10-20,057312c2a559d92cdc191e1a225e885d,2017-09-28
874315445af6a82710d4b4bc4ed0dd4e,6e278147fa4b248ed3961c92b4192ccb,delivered,2018-04-21 20:27:54,2018-04-24 17:25:11,2018-04-23 19:03:47,2018-04-24 19:52:06,2018-05-10,6d2e09bf42acb389dc90a926030f6989,2018-04-21
5a39ba43f671c9ad40782147ec3a1997,4dd6a13c6c65cd631948933e090067ba,delivered,2018-07-17 08:33:55,2018-07-17 08:45:17,2018-07-17 13:11:00,2018-07-27 16:51:14,2018-08-06,2902d3f5d84730a12c4773d6923132d2,2018-07-17
83b6bfe22905fb3ba851da5f182c1e63,f23ee5ae660d7939c947e772ab522000,delivered,2017-06-07 21:56:53,2017-06-07 22:05:11,2017-06-08 13:39:37,2017-06-14 13:48:19,2017-06-30,b03ac518f2045adc4138e2e19695b37e,2017-06-07
9eff67e8c9f0810c3ee0038f915a84de,a89e35944706114deed6eae2e2996e88,delivered,2017-10-25 09:18:21,2017-10-25 09:35:12,2017-10-25 19:08:01,2017-11-16 22:33:15,2017-11-23,f565c1cbc438d2561d40d780f1da28c5,2017-10-25
08a893d69f0279b78939b77cffeaebaa,b4b7b6904f73bb50942b2af1abec52a8,delivered,2018-01-06 16:41:41,2018-01-09 07:27:43,2018-01-09 17:04:46,2018-01-19 21:39:06,2018-02-07,30e15d76053e5304e98b97888ff0bcbd,2018-01-06
6d3a35145c6143c2315b64321be56041,3cffe66f70295fc7d99164d6558d275a,delivered,2017-07-27 21:49:56,2017-07-27 22:05:42,2017-07-28 18:02:41,2017-08-02 12:49:42,2017-08-10,44ae3cfb7ffbafb5c6150473ba485ab9,2017-07-27
d4668cd8ef48b78df597195703c95da2,54f755c3fd2709231f9964a1430c5218,delivered,2017-08-10 13:01:54,2017-08-10 13:23:32,2017-08-14 19:44:58,2017-08-21 13:42:55,2017-09-01,40febde16f4718a5def537786473b0be,2017-08-10
7b78cc6982a3e84c736e54249ed7612c,396f0d7e58d965bbf8dc3d6c451b6ac9,delivered,2018-07-27 16:50:27,2018-07-27 17:04:35,2018-08-01 14:12:00,2018-08-04 16:33:36,2018-08-29,cd8b5aa70e36da03df140f7a62637588,2018-07-27
1f3c5d4d3ca0267099a4c67b2cb29bd1,b7fb21c852e26ad6058ee7e4f8cb2f0a,delivered,2018-08-10 10:53:30,2018-08-10 11:05:14,2018-08-10 12:11:00,2018-08-24 12:38:44,2018-08-29,f9e34572e006da812b64d5f351094576,2018-08-10
1a36784e5c696071dad8a242f26b230f,600a3fb4f5eab2e7de4eee159be73c81,delivered,2018-01-16 15:53:41,2018-01-17 03:36:48,2018-01-17 17:09:06,2018-01-24 17:42:56,2018-02-06,241bf13e33ff7fd6d4c304d98852cdd4,2018-01-16
a9c6c0298a1b91a7e66a387df066e225,bd989dd640bbac52bbb0fd92fb8539ac,canceled,2018-03-19 19:10:23,2018-03-19 19:28:31,,,2018-04-06,93eac6e21b2113a6da9ab2aaec1eefba,2018-03-19
96b8b6e55e0d6d20bc63d7a6b6633510,b5f141dfc0471a3b1d97090a1e9b00a1,delivered,2018-07-01 20:10:36,2018-07-01 20:29:57,2018-07-03 07:18:00,2018-07-13 00:18:46,2018-07-26,b1acc6902c73ad9842b229648f1a8e47,2018-07-01
b715c631fdd01580d9de3ed3759523c7,14d0a56007d15cde2d14e47edd0ef3c1,canceled,2018-02-17 20:24:59,,,,2018-03-12,a7793f6986d36509f3b85fcab9dfb591,2018-02-17
8ed712c31224f9fd94ce2e6887b46f89,e37ee50aa10bb9a706c36e25989dfcd0,delivered,2018-03-20 19:57:30,2018-03-20 20:48:14,2018-03-22 21:39:54,2018-03-29 22:48:42,2018-04-23,4b1397a3a70f8971b201978dbcb0619c,2018-03-20
66de0095e3cd190938887b524433e56e,4568b6ca77fd9f28ed5ba06a4a8f2e6a,delivered,2018-04-13 19:45:22,2018-04-13 19:55:16,2018-04-17 18:16:33,2018-04-25 17:51:13,2018-05-23,735dd53549c3722fc6e2b61fbcf7afcc,2018-04-13
1e7a7f6b2d73e0695ca934a7a66cc771,d12c377e555fc8f70dd41fd3150f02c3,delivered,2017-12-09 21:58:48,2017-12-09 22:11:28,2017-12-11 18:27:16,2017-12-15 12:12:47,2017-12-28,0f65426a0d2383e1a0ad089808940cdb,2017-12-09
18ddc3c409bd61beb6c3c455954278c0,19f1753fcb718f9b763a0763e79ee15e,delivered,2018-08-15 11:12:49,2018-08-15 11:25:19,2018-08-15 13:45:00,2018-08-20 17:34:41,2018-09-13,9434e757129676718dc007913135938e,2018-08-15
bc34d5b185152cb88b9f5db391dcd1cb,9a3aaf9447f2fbd34372e69398b2ede3,delivered,2017-04-03 17:54:02,2017-04-03 18:05:17,2017-04-05 09:53:19,2017-04-10 16:37:06,2017-05-03,9107bdcabca6373f0a08e83943f19df3,2017-04-03
b3a88e8c72e5e7747aae1dfac838de6d,3496ae519f723f833df3bf7790d0ba20,delivered,2018-02-07 12:31:15,2018-02-07 12:49:48,2018-02-09 20:54:52,2018-02-22 00:04:24,2018-03-12,1822afc4cf8c02e9a118d86d4fdf5c12,2018-02-07
f50c508e5c3935a9cb46f735e630d88a,2dff57eef8db58c68868884a7ee65188,delivered,2017-12-29 12:49:28,2017-12-29 12:58:45,2017-12-29 19:48:19,2018-01-19 16:54:03,2018-01-30,4cb73f4f07d69f81e93a4345923ee3b7,2017-12-29
578d7094e744d84a1f539b5bf4aa4928,195a368bf46da84aea2a4af79be3d705,delivered,2017-11-09 08:50:03,2017-11-09 09:06:43,2017-11-10 17:58:30,2017-11-23 19:28:48,2017-12-07,df492b4304f78ee528c63813d1ad2e06,2017-11-09
fe0c59004b59a99b0240ce5facde84eb,210b531c6ac741591472a7d84c7c8504,delivered,2018-07-18 21:37:15,2018-07-18 21:50:48,2018-07-19 14:27:00,2018-07-26 18:17:45,2018-08-13,b539cc87be5d56db59b1cf25182917fe,2018-07-18
bb2ac53ccaab4c3c0fcd31fa2d1ddeb1,70ad61b9127ce58da649e90f57400914,delivered,2017-04-18 06:47:57,2017-04-18 07:50:15,2017-04-20 10:44:39,2017-05-10 15:21:48,2017-05-11,a52d253d5b29e35279429f4d1d6eb5a3,2017-04-18
0ac247d71d19fc1748abb7e53af648af,299ee5cfb15f32e8b06e6e1acb6ad111,delivered,2017-11-19 18:09:45,2017-11-19 18:26:18,2017-11-20 14:07:20,2017-11-29 13:48:47,2017-12-08,08abc94144c8cfcd16597e7dbeefea0f,2017-11-19
a5375fe8e7f2960019edf0fff68c58fb,793cedb8195559c0baac76414a3fd0de,delivered,2018-07-05 10:05:41,2018-07-06 02:51:09,2018-07-06 11:15:00,2018-07-10 18:59:45,2018-07-31,bdd99e376bbebd708f632e73cd260311,2018-07-05
3a13ffce1e0ef24cc710957be4cb9054,e183c0716e28ed5302eb1a3bf6d316b0,delivered,2018-06-24 17:38:52,2018-06-24 17:59:33,2018-06-26 16:10:00,2018-06-29 17:35:40,2018-07-13,8845265a32c8aaf62971e1cb6f260b26,2018-06-24
ff10c3dea2b30e7d7c33c946999a4766,87d42d329efd998620e3892bb14ff360,delivered,2017-12-05 11:42:44,2017-12-06 02:50:25,2017-12-06 21:19:10,2017-12-11 17:37:18,2017-12-29,f3961226d63f24b203a301baaaac70b3,2017-12-05
56d41d6576e901ff789906da40878acb,3260cb112577bab3c5bd001354753395,delivered,2017-09-22 18:07:12,2017-09-22 18:55:17,2017-09-26 17:36:58,2017-10-09 19:03:02,2017-10-09,7de8adeb8566fb28cd40004817c392bb,2017-09-22
66f2c4c74ef2402a34e32b0156a627bf,5d7dc2dff569dcf724eb12ec50740e2e,delivered,2018-07-23 18:32:26,2018-07-24 10:31:39,2018-07-24 13:07:00,2018-07-30 13:27:46,2018-08-14,60799935920e33ddbc14527820597e2e,2018-07-23
e04d2191af862183e0ebda80377a6a32,fd21c14f33f4bcdf2ac9b4073583ca64,delivered,2017-12-14 17:09:40,2017-12-14 17:31:51,2017-12-18 17:04:53,2017-12-21 18:04:19,2018-01-10,b92410f262b44f249c3c03649c2c060d,2017-12-14
28553df1da816f76ae87bb32739cd4b5,70e4bf1c9bed1dc7fa8832de9db14206,delivered,2018-01-31 23:38:14,2018-02-02 02:55:51,2018-02-05 16:46:49,2018-02-16 00:13:48,2018-02-23,158ff08f9b1aeebfa96820580f3877a6,2018-01-31
c60956035ba2a58820be572c70648e28,cf8d32a331cf6e8701c67ada9636e563,delivered,2017-12-27 23:40:30,2017-12-27 23:48:29,2018-01-04 12:13:16,2018-01-08 17:50:20,2018-01-22,a4f4a8b5aa5bce63d52682d078514a71,2017-12-27
b7ae858ca9cd4860f4e6516a5e9c4550,652d0136fba9bf02e5fcb9de9743bd46,delivered,2018-08-18 12:32:13,2018-08-18 12:50:39,2018-08-20 12:20:00,2018-08-28 02:32:00,2018-09-12,f4c46a3263ff452c532b38fce5823591,2018-08-18
3570e34137f62140285ee90fed63ec69,6d14606e3ddd608c8f13e97950fc146f,delivered,2018-03-09 08:01:15,2018-03-09 08:48:23,2018-03-13 00:38:49,2018-04-20 00:28:46,2018-04-10,d0affbc009ea73d78940ce4593d9adbb,2018-03-09
bb0165d4e039c23561d22f29114b65a6,d3d596b51f9960c22b4b23d37b116c46,delivered,2018-06-10 10:57:25,2018-06-11 10:58:56,2018-06-11 13:52:00,2018-06-25 13:48:30,2018-07-11,ccca36b4a3d20ef0d37f87423aac9794,2018-06-10
bc7401d98fe2814849de2404e3ebd9ad,28a451491753dc3f4c52bb8dfea902aa,delivered,2017-03-31 13:14:16,2017-03-31 13:25:11,2017-03-31 19:33:03,2017-05-17 17:14:59,2017-04-27,40cbf2d82a88f3a67c2c60fa1def7157,2017-03-31
1e990969647161e2907245c2f1460b42,b4d86b43e329b3b6208ad60b28f37789,delivered,2017-06-19 17:32:59,2017-06-19 17:43:10,2017-06-29 13:44:53,2017-07-07 20:46:35,2017-07-18,27dc5a9752fbe3fab28ee4a2a6985163,2017-06-19
e0fc6abd74320ea468f697164f069f8d,45de0b4bc6b0aaa0d55bde3d3c7a020c,delivered,2018-04-05 15:01:49,2018-04-05 15:10:17,2018-04-07 00:56:35,2018-04-12 02:21:40,2018-05-04,39a2f936ce8890dc3112d7869c18200f,2018-04-05
70a1ce56d693a1a8142d48883989f08f,786a8055ff0d4ba3059cbd34e1fe64fc,delivered,2018-07-18 17:02:27,2018-07-18 17:10:21,2018-07-20 15:43:00,2018-07-28 17:51:07,2018-08-15,ef00d0d5198550a1cad1536139556706,2018-07-18
03f0804333673c7f86f8d68acd97e57b,6f252cf918b69b50e64e942ab59c91bb,delivered,2017-10-13 20:45:20,2017-10-13 20:56:27,2017-10-19 21:05:03,2017-10-25 20:25:56,2017-11-08,ff36fa1d315d885d3c5171ea09996142,2017-10-13
08a79aa47b2dc809df77206f0660fe5b,dc1368b3293e8248d7af56d7ba24273d,delivered,2018-05-01 13:17:07,2018-05-03 04:12:45,2018-05-09 14:11:00,2018-05-22 20:14:49,2018-05-30,9b8f3d8609c46a052f42209892c701d3,2018-05-01
c763b2c3f5df44712f4c646f9c28c0ef,9fa02e8c25bc8840ce5d37fc672ca660,delivered,2017-02-19 23:40:19,2017-02-19 23:50:10,2017-02-20 07:20:29,2017-02-23 08:34:06,2017-03-17,a33fa0a36260229f02a93616fd3a81f3,2017-02-19
452d8278c6367e37c5e6d41fab2747d5,a6543eeffe9910be4170f5ef3766fdc8,delivered,2018-02-12 20:50:40,2018-02-16 07:47:09,2018-02-17 01:14:44,2018-02-22 22:19:46,2018-03-08,ff9eeda1058500b95e5a072365ce2026,2018-02-12
f6b0d97a919d6bfe7394a370b8f5f678,10068578ee713a44662a603d6f9e3e65,delivered,2018-07-19 23:29:05,2018-07-19 23:45:13,2018-07-30 15:14:00,2018-08-01 20:03:47,2018-08-06,bf1059e1fc8837e508d1af3fd636729e,2018-07-19
eed5f84919d668737e50dac75a4ebbd4,4d25fb9f5e7979383338f6c96ef28de0,delivered,2018-04-26 08:28:56,2018-04-26 08:50:07,2018-04-26 13:24:00,2018-05-04 17:28:40,2018-05-25,036d88bb3a8976ea8273f92ddc633bbe,2018-04-26
b66836a7408ecc382cdd4be702060220,d3e82ccec3cb5f956a38d96c057ceaae,delivered,2017-03-18 14:28:34,2017-03-18 14:28:34,2017-03-21 04:58:19,2017-03-29 16:20:10,2017-04-12,fd7069cf6891edbf32ba84c9c3f083d4,2017-03-18
0a87a60c5403e51a0e85e4ed7c3c2bdf,794078f0249dad457401b52a38fa2b58,delivered,2017-11-24 15:13:48,2017-11-24 17:54:15,2017-11-27 18:22:19,2018-01-04 21:48:44,2017-12-15,04d0240a83425b5f55229f931deb2f71,2017-11-24
362aa88dd1265e7b4ea491b5836fb5f6,1be0dd2f660a5a04ee20d608075f1b83,delivered,2017-05-16 17:42:20,2017-05-17 02:10:12,2017-05-17 16:14:24,2017-05-29 09:47:51,2017-06-22,c21e93b1d7b7a416d0f36fa6ebc1d60a,2017-05-16
18359b5c4af7752b7d351c7a53b85641,eb45ccf47b0ad6454b040f1282d15139,delivered,2018-03-22 22:19:04,2018-03-22 22:30:34,2018-03-23 22:12:10,2018-04-02 20:04:31,2018-04-11,f8ba899f2296224d275642d28d434738,2018-03-22
ab3bd9f18dd9f2de792a4bc122f64d1d,a66784ff4cb97a61c0919258fb16dba4,delivered,2017-06-01 12:44:29,2017-06-01 13:10:44,2017-06-02 13:55:54,2017-06-12 16:18:52,2017-06-27,48aa01798463ed7c7820c6727fc2f88c,2017-06-01
684efbf26d410566cf8506a4ab01bdab,62c11d5a0b49aaf81297d26b0bd9fb8f,delivered,2017-09-26 19:30:58,2017-09-26 19:49:13,2017-09-28 17:40:12,2017-10-06 15:12:41,2017-10-20,a86e7932474e3d1beab035cc165f9302,2017-09-26
236087c146bdb55ebd6d5316b00308d9,ef9469a7b82e328d2ce3b4a4c86c96d8,delivered,2017-10-12 21:11:14,2017-10-12 21:28:10,2017-10-18 22:36:19,2017-11-17 18:22:43,2017-11-21,521bbb0840753b61c1d469271d0e8417,2017-10-12
b116018d4629bdd3363848a36c42861e,7c9258c180a39fcdf8ed6ed4f91592c0,delivered,2017-05-11 22:32:35,2017-05-11 22:45:35,2017-05-12 12:45:25,2017-05-20 19:54:35,2017-05-31,20d5f85bc761fdb72656f9a89ddc4cbf,2017-05-11
e5b49ba394e6b590bb09d99929f32d7a,876c67ee4b8f2dee64bff18884e3dd5f,delivered,2017-12-28 11:33:22,2017-12-28 11:46:32,2017-12-29 19:32:58,2017-12-30 14:29:03,2018-01-17,2735c1b353b1b17553afdcefd98da14c,2017-12-28
f4ce2fdf151310c50d2cae424eff30b3,77219b957c07413209c707ba9795b3f1,delivered,2018-07-13 13:29:36,2018-07-13 13:44:05,2018-07-13 14:02:00,2018-07-17 01:32:43,2018-08-28,3bc432ef4e30a7b54968dc0de9e230ce,2018-07-13
bd65649afc908d9afe43db0bcd7c1de5,4126a6bdaf000170ce607897ce87895a,delivered,2018-04-06 22:51:37,2018-04-07 11:10:20,2018-04-09 21:51:11,2018-04-17 21:08:56,2018-04-30,0a5eae48941f92c6951d1f074e485490,2018-04-06
261e71d2349c713eafa9f3df5972b95d,d6708bbbd2d419475869a84e41f620a1,delivered,2018-01-20 12:15:57,2018-01-20 12:37:13,2018-01-25 21:42:52,2018-01-30 11:32:35,2018-02-15,12bf514b8d413d8cbe66a2665f4b724c,2018-01-20
0e74f4c5e40226e7f0aa460ce139ee37,734f7b3685cc131dd8f6843e53321d91,delivered,2017-11-25 09:20:17,2017-11-25 09:33:47,2017-11-28 02:41:51,2017-12-04 22:18:52,2017-12-19,1d08ccbcc1879346028fcb1d639a9e37,2017-11-25
feef9f21cf88daf192de972212d1c5d5,31a965e3f0fe26e844fe5dbcfac619e3,delivered,2017-04-13 18:47:07,2017-04-18 04:03:07,2017-04-20 15:47:25,2017-05-11 11:39:00,2017-05-22,f0c28b2f7f6d5edd4ee5537aacbac351,2017-04-13
bd4e1aca3bf7bf2885e95ac5072be970,dcdeaf0a071eea7ff02e0c03f30ada78,delivered,2017-07-08 18:08:06,2017-07-08 18:15:20,2017-07-10 18:04:24,2017-07-18 17:25:01,2017-08-02,e0fc2059c95e07861959af4d6805bb87,2017-07-08
084ba79e5ae4e7d7ff0221c538c38832,d604e7b903305920b8592302dc9a2fd2,delivered,2018-04-26 16:56:49,2018-04-26 17:31:42,2018-04-27 14:59:00,2018-05-03 20:47:37,2018-06-05,d31790258fc53dda5866ca2e755b06a0,2018-04-26
f03c75c7842d1d7b641dcfa746784c85,a61ec25897f924b9f7b038b8bd2bf8d8,delivered,2018-02-18 12:03:25,2018-02-18 12:10:25,2018-02-22 03:44:33,2018-02-28 20:06:27,2018-03-13,451c75780b8982c9750fd4d606645428,2018-02-18
84a5898c018be5c7ee3e45969708ebbe,a280ef36b320f176238aca454824fd91,delivered,2018-06-14 13:39:00,2018-06-15 02:17:29,2018-06-15 17:25:00,2018-06-21 17:18:58,2018-07-16,b51e75ee3ae75c726398af3dfcbb5008,2018-06-14
21a131826faf57cef66a3b3dbd51da36,6f9c75078cc484eb517fbd6b4b257567,delivered,2017-06-08 09:34:18,2017-06-08 09:45:16,2017-06-08 11:04:26,2017-06-12 13:04:39,2017-07-03,428f23ed853b49c314e54eedc7c0d251,2017-06-08
474cefe70ac457aaa468b62e07818c5e,b9040f36e9b085f0df01982c939e429c,delivered,2017-12-19 09:22:47,2017-12-19 10:10:59,2018-01-27 01:42:53,2018-01-31 19:13:13,2018-02-13,96b9683f73afa7d3ba95e77d802c3ea7,2017-12-19
6beca98b92f3be5d6cd909faa28b0d98,49b7fd265ca45534e3dd6d165a1fbd33,delivered,2018-01-15 09:04:27,2018-01-15 09:17:52,2018-01-17 23:51:37,2018-01-25 15:06:57,2018-02-14,ba9d2b737f5a419f3645ab098409ebe3,2018-01-15
2b941f8e6ff81158a52de44909dc2a52,76ff5182e587b958e3b372f958ffbe16,canceled,2017-04-14 19:05:05,,,,2017-05-10,d2ca66cf81d78df6cd00d3a76b00fb75,2017-04-14
f4a45e5f3b31bf07fb736ec372d939d7,a715a15a8072c725b5babb9eed913a02,delivered,2018-02-22 12:16:36,2018-02-22 12:35:30,2018-02-24 14:48:53,2018-02-28 20:56:53,2018-03-14,cd6418b73587facd29e1ef094182b246,2018-02-22
c3d40727f60424d81739c4647fab72aa,81322889d3baf9fef4282fe5e8a58c00,delivered,2018-04-19 22:19:19,2018-04-19 22:30:12,2018-04-23 10:26:48,2018-04-30 23:52:36,2018-05-21,e20dd3fb9f886e83841830dff5cc305a,2018-04-19
e75fa6144e2d8bfb834bba12ac534788,b76ebec5710cf10fdcf3a90c9d0315b3,delivered,2018-03-07 09:24:13,2018-03-07 09:35:30,2018-03-08 23:58:19,2018-04-07 00:04:49,2018-04-04,701b3fca6c8de04d31f53701b17114f2,2018-03-07
e3598a5fc9a765a5269c084646faf00f,ce1db42311420ac7561b3eb7f2591ba9,delivered,2017-11-05 19:18:07,2017-11-05 19:31:04,2017-11-06 22:41:44,2017-11-13 18:07:47,2017-11-27,8c9ca7a5718a991b4f765b8c3d569b85,2017-11-05
272af191d9b4e925f8c0281ac0573753,42e4299cc312630b9fcbe03662bb360c,delivered,2018-01-18 22:26:55,2018-01-18 22:37:21,2018-01-19 22:28:56,2018-02-08 18:09:03,2018-02-15,64a1d358ee28729aebf7753f9551115d,2018-01-18
a531f18d52ebc430be165b4ea5a7bf5b,f2fc5c6aa68766fc4dad7fcec0da798f,delivered,2018-08-21 23:58:53,2018-08-22 00:10:19,2018-08-22 14:16:00,2018-08-28 20:44:33,2018-10-01,79187a54df6ac88e07ae63368b67c771,2018-08-21
00cf2b04c59f0ecaf822bf3f334d5c3b,ff63f83bb3b2dc9a2df626cefbddda8b,delivered,2018-03-28 09:20:37,2018-03-28 09:30:27,2018-03-29 23:54:40,2018-04-09 19:08:49,2018-04-16,07296cfef11b5e2ee8ea429920c26e0a,2018-03-28
4d5edcd8dc3dd4c5a02b9a0d0773b621,8682e993cedaa7ea1535361f2dfc0d6e,delivered,2018-03-26 20:39:11,2018-03-26 20:50:15,2018-03-27 21:52:16,2018-04-09 19:04:08,2018-04-23,3248c9e1d493588c44971693045340e7,2018-03-26
28ff83e347df50fdf591a862456aad03,3f53ef6dfd153c217fd13e670a215495,delivered,2018-01-14 14:21:26,2018-01-15 14:16:28,2018-01-20 02:07:04,2018-01-25 15:13:44,2018-02-05,8035f35da5c61b85b0554ae1b0817603,2018-01-14
7d8c56933c6ce485f917af297ea41acc,cfd822f4016fbbc916acc0b4842ad951,delivered,2018-05-04 19:38:37,2018-05-04 19:50:18,2018-05-07 14:23:00,2018-05-09 18:14:38,2018-05-18,41b655853debeb4ffdaa237325f1fe8e,2018-05-04
c1fbcfc3ec3d235395988c3cdd61a2a1,1da59b9758d8279b5c078c11b09c775f,delivered,2017-11-21 11:52:02,2017-11-21 12:31:30,2017-11-22 21:09:00,2017-12-07 15:42:31,2017-12-14,2bf3ae5a639fa5a19f5bac70247e39a5,2017-11-21
49ecc452cab118ed8cea1ef76a3b3f95,481a25b5582aa352b9e8bbd282c7957f,delivered,2017-03-22 21:42:50,2017-03-22 21:42:50,2017-03-23 08:45:58,2017-04-03 15:27:53,2017-04-12,f60306773615b18b4ae2a832de00e29b,2017-03-22
8c482c28bfcadc891bc37e13dc7ace34,1d4559618ae0a6bcc7dc8baaf5ad58cc,delivered,2017-01-17 18:42:36,2017-01-17 18:50:19,2017-01-26 11:53:38,2017-02-10 05:28:26,2017-02-15,cc93f0fd2d5903386827b0dd3de6fc42,2017-01-17
57e4fc8f20507381b3f7abbe4e2ccda3,ec61f0440cb312cd2c721ed69615f73e,delivered,2017-04-07 21:41:38,2017-04-07 21:50:20,2017-04-10 19:36:01,2017-04-18 17:20:19,2017-05-10,baa7ef22b7e752ead13c75802568a44d,2017-04-07
b55967b6cc26b76eeee38f4542e43b47,65b0103c55d4d7f822560f2635080a18,delivered,2018-04-23 06:04:35,2018-04-24 17:14:07,2018-04-25 14:01:00,2018-05-07 18:52:32,2018-05-17,be0260fad2bba2bca312d43d22a84515,2018-04-23
08d9736edf0d305e722fce35c395b8f6,d83f6c677e1ab91b5c1b97fd4b63f43b,delivered,2017-08-15 12:10:27,2017-08-15 12:44:16,2017-08-15 18:23:22,2017-08-29 22:22:46,2017-09-19,8f537f042c462a28337f39b4474f1507,2017-08-15
44653f1f97b2b55f4f96313c3ac8c5c0,56ae3795fc766069ee9a714e8434b9c8,delivered,2017-05-31 12:26:02,2017-05-31 13:10:25,2017-06-01 10:50:09,2017-06-06 15:16:10,2017-06-27,cc613d652143b2cbe0e8e5faf6c15c98,2017-05-31
13e7a676a3096c762e0f6f7d63a48e6b,aa7e921d28e8f5e44bd4791422bdeac6,delivered,2017-04-27 14:28:17,2017-04-27 14:42:37,2017-05-22 12:59:23,2017-05-26 13:20:57,2017-07-07,95283d91b14508972d8fe23f57a2df71,2017-04-27
7dba590de9ce34880a777fafe9b87c68,d25b3926928d99ea5c87620e6d5b34dc,delivered,2018-02-01 12:56:53,2018-02-01 13:11:39,2018-02-03 16:21:34,2018-02-20 21:48:48,2018-03-01,9e990fe8ce4ff472d2bb21ca805546ee,2018-02-01
51c6e11bdc431158ce46b1c5f2ddc4a6,8aaadff064175bf6980a886fec198546,delivered,2017-09-06 14:18:42,2017-09-07 10:35:17,2017-09-08 12:50:07,2017-09-12 18:02:40,2017-09-25,10fa17d3bc4b4692b85cbf224a3392b0,2017-09-06
d15f3a37c2d19f75e8910870bd5e3d71,21897a8288df87a6764af830c3098bb5,delivered,2017-10-07 14:59:27,2017-10-07 15:07:22,2017-10-11 18:33:50,2017-10-18 18:25:07,2017-11-14,07f765655f560c8624267665ce23675a,2017-10-07
a5b635e01301f7cc3ab309cafadf812b,a76ebbcc72a8eab9fe880c2e7f5aac08,delivered,2017-03-25 10:31:25,2017-03-28 03:45:21,2017-03-28 15:51:41,2017-04-10 17:38:13,2017-04-18,0486806b29b14fd5170ddf39af16dded,2017-03-25
e6878ac5a9f0035c1d0a4e3310abe17c,face248ece2a747c58f14eb3d1ada150,delivered,2017-12-13 14:21:19,2017-12-14 02:16:24,2017-12-15 16:35:26,2017-12-27 16:38:57,2018-01-15,3ee0df2e3af3a4ae8d010855f20659e6,2017-12-13
8d7ec00a7df1f84149ee7f5ea8a73c41,d65bbb03192f8c34ba26b0208ab6cd32,delivered,2018-08-11 13:27:25,2018-08-12 13:25:09,2018-08-15 14:58:00,2018-08-21 03:24:31,2018-09-05,ccf51cd9daa74fe6ce7b743801a25d2f,2018-08-11
1f8d7d0c0affce811c7d6f2abf71a7b5,79464312f42f788e5138a105761846e4,delivered,2017-08-11 09:11:27,2017-08-11 09:25:08,2017-08-11 19:11:16,2017-08-22 20:57:51,2017-09-04,9c2a307ef736d198761e14a0372292ce,2017-08-11
7c7ab71f5380ea20b113060dcd92e801,ed40897c76952ec312c2d26736d33b11,delivered,2018-02-21 10:59:41,2018-02-21 12:27:40,2018-02-22 00:04:31,2018-03-01 18:49:06,2018-03-16,6eb439048c9a53260a2ce9502b1b102d,2018-02-21
aefdeb364dad62902b4e3a0b07b8a8fa,7ed939466606928dc16d603ec54edf09,delivered,2017-11-27 19:48:08,2017-11-27 19:58:36,2017-11-30 02:32:08,2017-12-06 18:09:43,2017-12-19,0093dbe7f479386a92095026decf825d,2017-11-27
149e467b7d8c16156fa0810e8b4e1e8a,3d276542cf8bf4318da2597f419334a2,delivered,2017-03-31 23:23:43,2017-03-31 23:35:14,2017-04-03 14:15:23,2017-04-17 12:37:05,2017-04-20,f389ca60b51c77eba0045a6789014b42,2017-03-31
887b5b39f6f5c08315aa901f0fadba6d,50ef4067638c55d3a31c306fda104538,delivered,2017-12-28 11:57:01,2017-12-28 12:08:16,2018-01-02 14:58:52,2018-01-15 21:55:10,2018-02-09,be1144bfbbaa4e1957603da3d9555eb7,2017-12-28
de4661d6593c1c713abab1b11549f6c7,270cf9c8728e2837e6be6a0f30e3c1ba,delivered,2017-11-06 02:08:11,2017-11-06 02:25:59,2017-11-06 22:51:23,2017-11-14 19:32:00,2017-11-27,2d62c1ea4c3b6b96960799107a1bf5e3,2017-11-06
993700cc0c9685feb14c9aa73eafe294,dc21bd4b938e8ab08f5e6fa92de187e0,delivered,2017-12-04 18:52:48,2017-12-04 19:45:05,2017-12-07 15:49:07,2017-12-26 19:49:01,2017-12-27,d2ecc28fac1b377eefe7b209a895626a,2017-12-04
abcb42831f6165cda2570c76e90cda5d,ee23d61fedfc4227bb0e188654c28d08,delivered,2018-08-01 14:42:37,2018-08-02 05:25:18,2018-08-06 13:11:00,2018-08-09 17:32:16,2018-08-09,494c6658198b47787205a06421bb9403,2018-08-01
62a084114b1d8e549fbf1e0d9ebf4da6,99d937de3eec6f7cb8486b48f2379fc0,delivered,2017-12-02 15:03:10,2017-12-02 15:11:48,2017-12-04 20:45:22,2017-12-18 19:11:47,2018-01-02,122b4a4fb6bf6a990833464b56f2f65b,2017-12-02
86af1e4b328bff98d4fc63ca4ce8e94f,45719828037a9bce929843bde52b2500,delivered,2017-12-12 23:18:29,2017-12-12 23:28:46,2017-12-13 22:38:37,2018-01-15 19:48:53,2018-01-09,e94ce6b948c470cbf7c123f05d9d8811,2017-12-12
9e389bac73e66c3aee51848446646402,cf2b227b269b8b237f7f0495ff1a1d0e,delivered,2018-04-18 15:23:31,2018-04-18 16:18:37,2018-05-09 08:01:00,2018-05-10 18:04:34,2018-05-04,0e12743d5d1ee6fcd0f59db6ed07a1e1,2018-04-18
7ee0e2f367d7e05c73dc79fcffd09365,9cfea8f7953ee81514d01958ba8e4abd,delivered,2018-02-21 17:56:58,2018-02-21 18:09:57,2018-02-26 20:32:36,2018-03-03 00:25:07,2018-03-13,0743e4dec399121fb07fe09d38909d44,2018-02-21
e9aabb11af0ed0b77743b1d0ddd7591c,c4e38cf472c77b3b0053dc7201fd39a9,delivered,2018-07-03 19:19:20,2018-07-05 16:11:07,2018-07-05 14:44:00,2018-07-06 13:03:48,2018-07-19,493918a1ac1730a0ba238ebc762ec770,2018-07-03
2acdbbb81136709fc5e1f32e11ebd14a,4eb48c3efa335517661eb701a5a33e27,delivered,2018-03-06 19:23:15,2018-03-08 19:28:30,2018-03-14 00:33:34,2018-04-02 20:48:41,2018-04-09,54ff772cbecbee133abce5bfbbf2bdd9,2018-03-06
cbd73a65c5edc13fbcde523d1ed2090f,be64c6271cfd483f027afda5aae04cd8,delivered,2017-03-06 10:48:20,2017-03-06 11:03:08,2017-03-10 13:09:23,2017-03-15 14:16:16,2017-03-27,fe0487828b7b11e29b3e05c1b85eb8b8,2017-03-06
5f77756df7ee84e204c730c024312542,149854f060da7beac9253cd3f0fa8c8c,delivered,2017-08-21 17:09:33,2017-08-21 17:25:35,2017-08-23 20:26:12,2017-08-28 16:52:46,2017-09-20,6186dc604a01e69b4ee999759676162d,2017-08-21
7999895f514b30a8de833a4b7c3dd042,c92ab9f6558a4e8916df8332a6ae38a8,delivered,2018-08-01 19:00:46,2018-08-01 19:15:22,2018-08-02 14:05:00,2018-08-06 17:56:44,2018-09-03,7f4c1190dffe5dc69870ec021c95b42f,2018-08-01
5b9a1d812c91401093d659b221e17971,62b6a3539d0a995555f9b4a446dbbd4e,delivered,2018-04-17 09:13:53,2018-04-17 09:32:00,2018-04-17 18:48:41,2018-04-20 19:51:18,2018-05-10,5e00c95343f267a339450c3df6b713ae,2018-04-17
345c94f585ef07e8ec4fa00f0daa06d7,1185c50329fd678086226b9dff9850e7,delivered,2018-02-02 11:26:32,2018-02-02 12:31:45,2018-02-06 01:12:20,2018-02-15 18:14:36,2018-03-08,73add6e1735cf84eea33764975f265f5,2018-02-02
1f93b86e99f08972d9d0fe0757d8c6b3,31a7aefc17185fc66a3bd6b76a7fd467,delivered,2018-03-13 20:07:04,2018-03-14 03:48:17,2018-03-14 19:27:21,2018-04-04 19:58:51,2018-04-02,66f60989cbcd9c54b480a7bbecc29542,2018-03-13
a91e25d9e242b0545cddf83a2bb46954,6ad24adeead1a2dcf21adc31df86824b,unavailable,2017-02-01 13:27:48,2017-02-01 13:41:10,,,2017-03-14,89b201f39bd34454f3ecb4f0a3940c91,2017-02-01
8be3f8cf0b9c0840f7fc2d6dcd6b9570,968bb6f1808b5eba71a2a15041255f09,delivered,2018-06-07 12:42:02,2018-06-07 12:58:30,2018-06-08 11:47:00,2018-06-11 18:42:38,2018-06-25,cec9f54c6af7bd9e26e187e22a2b6230,2018-06-07
2acb8c7bef9b70c1fdcf3925c04bedd1,a0b184c9535877db1263c4bba263d6f5,delivered,2018-07-26 22:15:01,2018-07-26 22:25:10,2018-07-27 19:43:00,2018-07-28 11:28:36,2018-08-03,26e5858ed2c3babd7db45448c297d0ca,2018-07-26
c89b844039f5a7969c579c0a23b02652,c2f541cecbc250753c514062f9bcc7ac,delivered,2017-12-03 14:28:04,2017-12-03 14:55:27,2017-12-05 16:37:53,2017-12-11 19:13:07,2017-12-28,9698b239844893ef4075f842c8bcee0b,2017-12-03
5ddeb5159e6cdaa562843c1e6b32ba84,8245c54a0dee956adc20bec650d55c82,delivered,2018-01-31 18:32:55,2018-02-02 02:54:37,2018-02-02 23:17:06,2018-02-05 21:56:46,2018-02-23,cf8f3447e26c1741158b07e5763d8fbf,2018-01-31
a3e9c86c68a63188c0f9e47c68d6ceac,641408196c4d2b94fb690b7ca0dddba1,delivered,2018-04-08 21:48:15,2018-04-08 22:09:34,2018-04-09 20:04:58,2018-04-17 20:10:51,2018-05-09,3eb346477783a3af604a5f8306456355,2018-04-08
2a5fd2bee90721df67729d2e85221278,aca1c958b4ce2b798919091d10296965,delivered,2018-05-22 21:38:57,2018-05-22 21:58:28,2018-05-23 10:55:00,2018-05-24 15:10:55,2018-06-11,05e16ef6f265a01d6b16192d21809cd2,2018-05-22
dc74c9cdcf62efe4b49193373730111c,4373e14c9a936c5033553ff232ab132f,delivered,2017-11-25 23:53:16,2017-11-28 03:38:30,2017-11-28 22:17:17,2017-12-05 19:13:03,2017-12-28,61a35167059f7f151c45fcc9d6e68da2,2017-11-25
1cd11ceddf403341992843e08f53c75f,c7d2d46aa7646d51626088fb291f0aba,shipped,2017-12-08 20:31:05,2017-12-08 20:52:24,2017-12-12 22:19:36,,2018-01-03,ab311860e6c8fd8163dad9acec76cb0b,2017-12-08
c583699ad331158897d9bf20f1a60004,8d801637510e14056ec85cbba38cb83d,delivered,2017-03-28 11:03:13,2017-03-28 11:10:53,2017-03-30 16:47:52,2017-04-03 15:14:22,2017-04-17,f512b7cab3f469b1a002b4e0d8d0db86,2017-03-28
e9e0b6e4707812a18fce7da5edd5cb41,fdfbcfe8a1292a3eda3a38d8859cfdbd,delivered,2017-10-09 11:56:10,2017-10-10 03:28:35,2017-10-16 20:37:42,2017-10-26 19:08:36,2017-11-06,bc4de385d166457f0a9f39e61514e258,2017-10-09
f495bbbd2a26c02d0518dec2f10251fe,7611d4f5e3714bfa6a91cbe006c4cb0d,delivered,2017-08-19 11:43:11,2017-08-19 11:55:19,2017-08-21 18:22:32,2017-08-23 16:37:46,2017-09-05,6ae6421840d3deca0a99c0d2c6d95b32,2017-08-19
4ff0384bb5e2b09d746a503c071f2d8c,6653912ddf1e9cb4aa012041d238038a,delivered,2017-08-07 11:14:48,2017-08-07 11:30:18,2017-08-07 21:16:57,2017-08-22 22:03:15,2017-09-01,18a56a7cb0f4b340f0ac02b64480bd89,2017-08-07
d1e6d38e939e395dcc3e0558678612f9,68558f6d0ef5eab2937df0f37b0ecaf8,delivered,2018-03-10 14:31:09,2018-03-10 15:48:20,2018-03-13 00:20:40,2018-03-20 17:36:57,2018-03-23,456f6d64ecda1b968375d3a68eabfb5c,2018-03-10
8388d391539ea5ba452606fbae76e68e,afb1bbdfe3d6e13af652867cdd80f45d,delivered,2017-06-15 23:08:11,2017-06-15 23:25:10,2017-06-16 17:37:57,2017-06-22 18:56:36,2017-07-10,24b527c8ed302795d172d4804f433f61,2017-06-15
10a4af81f471c29f5f5d3864e3c8dfab,4bd306eb40db1bbd39f4ee8531a983fc,delivered,2018-01-12 16:34:27,2018-01-12 16:50:24,2018-01-15 17:49:14,2018-01-25 21:59:02,2018-02-14,3b89072eb40baa6595e30a2d4ed1f4da,2018-01-12
bbb1e23de4c2eba23ab1ad0da89f47b7,1e608ac275c269c418a864ec0db7a237,delivered,2018-04-02 09:21:46,2018-04-02 09:35:19,2018-04-03 19:19:29,2018-04-13 22:28:49,2018-04-18,a9915859d9e29df98d52b65c6b90b028,2018-04-02
22bb6f36d1e57b67466b3fc2d3e0fbba,704afb4598a6560b1d37980f7179c368,delivered,2018-04-23 12:48:28,2018-04-24 17:37:12,2018-04-25 14:41:00,2018-04-26 14:36:53,2018-05-10,21fdf2acee19608ee0560a3607dcc4cb,2018-04-23
450c895cd5341a52818d10c9593085bd,c2acec2708dbf859e39cfe5ab75b76fd,delivered,2018-08-14 10:08:26,2018-08-15 10:05:11,2018-08-15 11:55:00,2018-08-21 23:12:39,2018-08-28,2823c9f4b36374d54c42641d2caead07,2018-08-14
3d17d211984312889a4d60f359859535,758aedfa7a88fafd333878e149379e0b,delivered,2017-09-27 11:59:35,2017-09-27 12:07:26,2017-09-27 17:37:27,2017-10-05 18:18:07,2017-10-27,ccacb2d2c7e00b77c81f59ab13b8415c,2017-09-27
47fff6498d7050f55018f7c001885f3a,d42fb8a9dc7e9d3f864e31f2c02cee15,delivered,2017-11-24 13:43:34,2017-11-26 13:35:23,2017-11-28 17:27:34,2017-12-08 15:41:56,2017-12-08,ac47517f3eedea1ba72cd20b843de801,2017-11-24
e0e79f987715dab211e5e31e5e9c95e8,1130a7b0de3b712d1025595e41893015,delivered,2017-10-07 11:52:52,2017-10-07 12:07:42,2017-10-20 17:58:07,2017-10-26 19:59:00,2017-11-08,be8b51073ad2413727c89e38b38e5818,2017-10-07
03e6de4517499ee6aaae7d9004799504,650b8d581bd67d61888f8ea779e34e7c,delivered,2018-05-16 18:39:40,2018-05-16 18:57:28,2018-05-17 13:45:00,2018-05-29 14:36:55,2018-06-26,76d27298b0c6f62c2127b1ef01b6611a,2018-05-16
93cc657ef01997bdee3bc4d3e574a470,e4dcfeb9cf0bb6e49c608355ec590e96,delivered,2018-07-10 10:30:04,2018-07-10 10:45:32,2018-07-10 14:39:00,2018-07-13 00:28:27,2018-07-24,e0b3c4a8ae8abac6675d63fd34a79bbb,2018-07-10
5edbfc23c079ce692dcd845d4c5a0580,29c5b9b7cdb1dc4e4a574c5685c83102,delivered,2018-05-04 14:22:16,2018-05-04 14:35:29,2018-05-08 16:47:00,2018-05-16 21:26:47,2018-06-14,8f7832ceda9edb617ec4db7ac64aac47,2018-05-04
0759ac0ac1a0c11ab13fc66564f4e112,2efa0620f7979c153d5d492696d4172f,delivered,2018-04-05 11:16:09,2018-04-05 11:30:20,2018-04-07 01:18:36,2018-04-17 14:37:22,2018-05-02,804e3d3aa98f1bdf7cc2ae47b23f4d5f,2018-04-05
c8e61ba622e20d56e712335406093067,7efb748547e57959499947ea36460a24,delivered,2017-12-01 13:31:55,2017-12-01 13:58:23,2017-12-06 16:19:16,2017-12-08 19:34:57,2017-12-26,88a1d0f48fe4fccb30f960c925644fd8,2017-12-01
2a3f9da1b73d48af85d04f8550b3d156,d3084f1a3218cb4163951970222ec084,delivered,2018-01-29 13:56:29,2018-01-29 14:11:46,2018-01-30 17:19:00,2018-02-09 02:27:50,2018-02-23,d8f7b56e5e0a894d8389fa264e5b6129,2018-01-29
fa390c33c5c4b2d0f270fb0050e8fb40,4b3457f5d2a5236dcb35f99e0131068e,delivered,2017-07-16 22:27:15,2017-07-16 22:35:12,2017-07-18 17:43:29,2017-07-26 03:46:40,2017-08-14,6f2ceceff320473cf1d2bfe9fc417a6c,2017-07-16
626a8ff56da018438dd2249de58f0014,91643592e78c6ee466f09aac4663ccc2,delivered,2018-08-06 22:05:30,2018-08-06 22:15:22,2018-08-14 11:43:00,2018-08-23 17:12:28,2018-08-28,7611dc15468ce938cb03585bf51faad8,2018-08-06
8ff6f8e6657ead9abb409740495cd6db,d79fdd4de5f1ae8c6c19a515c89431a9,delivered,2017-09-26 19:41:54,2017-09-26 22:04:16,2017-09-28 12:37:56,2017-10-02 21:18:49,2017-10-23,b19f4489bf73bd44d8f9a112dcbf5702,2017-09-26
aaaf39a2d037083a190432524162a3fd,d539b8ac4f0c793900912c46f6442734,delivered,2018-05-21 08:52:51,2018-05-21 09:10:30,2018-05-22 15:29:00,2018-06-05 12:31:43,2018-06-12,37c2685a14b1d245feb8d7bf3e0ce606,2018-05-21
be0aa376bf962730ff1c95bd96db95c7,c4aa9e0a1891b53189825b395b3d3897,delivered,2018-03-16 08:09:42,2018-03-16 09:07:00,2018-03-16 20:12:16,2018-03-19 19:04:20,2018-03-28,5228e97381631f8b06e4cf7923603499,2018-03-16
2a77dac3cf72264c6013ed1ee5fa8cad,90158a0e8d4a01321d361081d0ff2f64,delivered,2018-08-03 22:27:45,2018-08-03 22:35:18,2018-08-07 13:02:00,2018-08-15 17:56:34,2018-08-17,98bf5cbff159d8f79277af933854697b,2018-08-03
103d9703fa0f4778189330f41abcbb55,8fdc97e55c060142e1ad8fbf97755403,shipped,2017-06-19 21:20:18,2017-06-21 02:23:40,2017-06-26 08:25:46,,2017-07-11,160adc55ae0fa7fd58951c99b0a78817,2017-06-19
6b46451f451b73fc2ac0f15484d814ab,5e96000fa278db7126735be2d3618ed9,delivered,2018-01-01 23:20:33,2018-01-03 04:29:13,2018-01-04 20:22:04,2018-01-15 21:25:00,2018-01-31,cc6658129b907dd144c8f15765d626f9,2018-01-01
6d87523e95d5670f7bbd10a46d5d70ab,0ceec0034a7684259a13e9be74338683,delivered,2018-06-19 16:57:51,2018-06-21 03:17:26,2018-06-28 12:04:00,2018-07-06 12:20:57,2018-08-01,c54486ed1943a48b07997d84b575ad80,2018-06-19
8e3952339df2bc934933d5dec232eea3,423797739c8435a3fc5994e2f90bb277,delivered,2018-01-25 09:28:23,2018-01-25 09:36:24,2018-01-25 17:18:46,2018-02-01 23:28:49,2018-03-01,503df4ea403b3c6f2a7a3dda09a1420e,2018-01-25
d30daca327cb882c3ccccced457f69f8,01f4581bf20e14d770c5de782d7ee783,delivered,2018-08-05 17:03:33,2018-08-05 17:15:19,2018-08-13 15:54:00,2018-08-17 18:38:44,2018-08-17,2a07bb527e9136109981057d48af3924,2018-08-05
8d68d7bd9cf7a752bf49e61522d69542,90db040f420ea2c7fffed065f53dd1f6,delivered,2018-05-09 13:22:51,2018-05-09 13:35:03,2018-05-10 13:05:00,2018-05-29 19:33:03,2018-06-19,2c2a98a86dc958c61af54a409c473b31,2018-05-09
261f486a198b17b0fefad4813130cd99,c5f4ce605da5d44c9875033dec0fa326,delivered,2018-03-03 19:54:34,2018-03-06 03:49:21,2018-03-06 20:27:48,2018-03-07 22:43:25,2018-03-15,06e4cab6db0ca51dd80a1c47aeda614b,2018-03-03
3a5cc35f681bd421b9ce2600aa48b4a6,d6c73b68a5772ba2a1362a10c697f629,delivered,2018-06-25 14:25:51,2018-06-25 14:40:56,2018-06-26 08:02:00,2018-07-03 21:46:51,2018-07-20,b9be1de02c753edd316e0e22794a2f6d,2018-06-25
cf116ba795f8a5b8f3f0cba2d9f2d692,9f1988eef91821e9884aa98ab80d74f8,delivered,2018-01-24 10:52:52,2018-01-24 11:12:32,2018-01-25 20:15:12,2018-02-14 18:31:42,2018-02-20,470343eb61f65fecf6c7bdac5facb874,2018-01-24
b471104714c9175e7bcec59e18af5302,f4072e3b940eeeae8c575504d3086175,delivered,2018-06-27 12:25:18,2018-06-28 04:35:13,2018-06-29 12:27:00,2018-07-03 16:32:54,2018-07-13,2ba1a541f5c7c95a14094ce518016685,2018-06-27
4299a0c82607e27f3ed35f448206573f,10330394534ed1bef2077e1aafd13213,delivered,2017-08-13 01:35:34,2017-08-13 01:50:09,2017-08-15 17:06:09,2017-08-16 16:06:02,2017-08-25,6d5b1ab84d1fd5a56d55f0b3f259ae14,2017-08-13
431dd865c6ed0d491389a51b12842df5,2f0110b33a975d9e2d4e2ce26ef0bf60,delivered,2018-01-17 09:52:38,2018-01-19 02:37:21,2018-01-19 22:28:43,2018-01-23 01:09:06,2018-02-01,7cfa95e90ea9dd79d65cb2138b7ecf8f,2018-01-17
e88bd342db73022d67847798929c4519,58770967b9303c89fdb218d6882aac37,delivered,2017-02-02 11:11:02,2017-02-04 02:15:21,2017-02-06 09:19:25,2017-02-13 01:53:42,2017-03-13,d6ddbcc1eb62b8d9741f2b9b1df37be3,2017-02-02
e9a4388d99d4837e68ceefb1aa99b488,c13a85355f07a130c447f7f1085a81bf,delivered,2017-11-24 20:33:01,2017-11-24 23:33:23,2017-11-27 18:47:12,2017-11-28 15:34:39,2017-12-08,8ae601304ff0d1de9280c32bd2e26e3b,2017-11-24
1fba59812d94723a89e83c562c775750,13dd0be11da8090257208e3e0e7af578,delivered,2018-06-21 14:06:14,2018-06-21 14:22:26,2018-06-22 16:05:00,2018-06-27 14:28:48,2018-07-18,54a0165f9428fc2e49fbbd58ab8b1548,2018-06-21
95c3381db0f673aa125e10b942d1ddac,fdc2a229cdce3cb662e9223504934027,delivered,2017-11-27 22:53:55,2017-11-27 23:10:46,2017-11-30 20:56:33,2017-12-13 17:44:41,2017-12-18,25ae9abe0b78d72df39294a640db19ad,2017-11-27
5e2488af524e8aeb633062a365974141,db8b6b86dbf852fdb2f2f99690e4a3b1,delivered,2017-05-08 13:24:24,2017-05-08 13:35:17,2017-05-09 12:44:36,2017-05-17 14:35:10,2017-05-31,73d247eb3628ec05490256321c0a9647,2017-05-08
c8bd36bd6778fcfa84172bf2b466c0d4,fc81aabd2d2964f3628687e82557a107,delivered,2018-04-18 10:38:53,2018-04-18 10:51:42,2018-04-20 17:06:43,2018-04-24 22:51:31,2018-05-07,91730c99951735fb4b54c4a85eee0dbe,2018-04-18
721c90253d3c1f625f71e2faf53a6b57,742cedd54dad5e81da2cdaf719678e3d,delivered,2017-01-26 21:58:53,2017-01-26 22:15:13,2017-01-30 09:09:54,2017-02-03 15:09:34,2017-02-20,ddbead72efcebad74eb7e952b034e995,2017-01-26
b1725d5a1b261c7db6941a61c14208f2,3100bc01492036c08cfe1d88d6c3ffe0,delivered,2018-06-14 16:35:18,2018-06-14 17:30:09,2018-06-15 12:13:00,2018-06-20 21:27:20,2018-07-31,ffa323b33234124b58b25511035c2855,2018-06-14
fea563d194760a0737be8bff36ca8c40,495a5765ce04283cae03e31b63355cd4,delivered,2017-06-10 18:27:07,2017-06-11 18:35:09,2017-06-12 16:48:49,2017-06-19 18:14:40,2017-07-05,10f7d8da052ee379d66b087ab4463e63,2017-06-10
667a9c1939506fa573c58ac2f5900492,8b957e5233d9a21115cd1edb4c3eff0a,delivered,2018-04-30 23:22:19,2018-05-03 04:13:09,2018-05-09 13:32:00,2018-05-10 16:08:51,2018-05-16,6ff2b31b4f80df6b9788d08a13de9ba0,2018-04-30
d137a2977daed67ef57f82efbbe508bb,29aec8d00435f9c9bd43485663f7b97a,delivered,2017-08-19 10:08:37,2017-08-19 10:25:04,2017-08-31 09:34:08,2017-09-05 19:35:31,2017-09-21,f96176e892232662d1c1c5896a94e035,2017-08-19
1b41fbc113f284d979a4b5c94e2a918f,76221599b5047cd29f7df811370e22d6,delivered,2017-12-20 23:22:55,2017-12-20 23:32:24,2017-12-22 00:07:55,2017-12-26 17:33:53,2018-01-15,a1044dd75b74fbc485b040575a14acf0,2017-12-20
f886ca9715359489ac5ca62177ce61c9,d0f3f691b729cd317bc9284b0c0c2fbc,delivered,2018-08-07 14:03:46,2018-08-07 14:15:17,2018-08-10 14:39:00,2018-08-13 10:56:32,2018-08-10,d41e13cab53cadff05f4d4138a196cb9,2018-08-07
c3aa0764f72af0672f23966336a8fd0c,a27b8aed7190db2b4cd9ed9dfff36ff6,delivered,2018-08-05 00:54:40,2018-08-05 01:10:08,2018-08-14 16:04:00,2018-08-20 16:03:45,2018-08-20,e7674094a73ba0e054374f8d3e5581d8,2018-08-05
4772047b8ba0f04a6de5b3dd1dbafcf3,32de07b731790c18805612484b6484d7,delivered,2018-02-25 19:31:22,2018-02-25 19:47:45,2018-03-02 20:02:52,2018-03-10 15:48:25,2018-03-12,e7fa761d4fde5efc653d4545160faa7b,2018-02-25
87f02de231ca3b969e0f14e62c11f04c,258167dc1951e74259a1b26f7313a04d,delivered,2017-06-08 21:14:31,2017-06-08 21:25:16,2017-06-09 14:42:03,2017-06-19 21:12:58,2017-07-03,097c28892c718f31ed9aded0fd0a8991,2017-06-08
475ff6348f62b515f96894937c01358d,7bf8183e6301c1bc4f8b012752f50749,delivered,2017-12-27 22:06:41,2017-12-27 22:17:33,2017-12-28 18:13:42,2018-01-05 13:39:45,2018-01-26,5f50beacf921f29b16de69faccb2680a,2017-12-27
e6e0c960ead3b8f3f7b5e9a25e037638,16a92f8c1f8c812fe5eea33986d0742f,delivered,2018-04-13 21:20:20,2018-04-13 21:32:38,2018-04-17 19:12:32,2018-04-25 19:51:46,2018-05-08,3fe0f4c04c1d1e668e5b733b7e344520,2018-04-13
a91ddb87adec7ff29a8f3e814df0107b,cd1088dcfe327473a2870a66917927a6,delivered,2018-05-10 18:06:53,2018-05-10 18:30:28,2018-05-11 12:21:00,2018-05-17 16:28:44,2018-05-29,65351d273e6fd27c4bd2bfc6cf40cd7e,2018-05-10
1f91f6048baab1f573d3657d38e16137,5119c6d7557563be3a40507a5a90d1f0,delivered,2017-05-17 16:18:57,2017-05-17 16:25:15,2017-05-18 07:16:04,2017-05-25 09:11:46,2017-06-06,01b7463b1d6850a0ddfb4a93e05d0671,2017-05-17
62f4f5e7e824ac2fd8df825f4492ab5b,ae6fc90df76bb079ff2b78eb41e737ec,delivered,2017-03-26 18:32:53,2017-03-28 03:51:16,2017-03-29 15:36:20,2017-04-09 07:05:53,2017-04-13,12cee21a740d9b276eb716032716d5e2,2017-03-26
82c6decae6063a55c184345746b1a269,a7795c853b5a40237ab7e5088e984d9c,delivered,2018-06-22 16:25:58,2018-06-23 01:40:29,2018-06-25 14:17:00,2018-06-28 15:22:01,2018-07-16,35e7a86fe3da7cd07c987cceb2d8aa92,2018-06-22
5067e58e7d7a2e2f96c222a0335df18a,d49c1a082ca405f38d66150367989c1a,delivered,2017-10-12 15:30:49,2017-10-12 15:49:25,2017-10-16 21:37:51,2017-10-24 17:04:15,2017-11-06,6451b2bb432ab9345e77287e6863fd25,2017-10-12
5a30c9fcc9470e8316518e56e1741d50,014a61237c010a8f59e966e34101520f,delivered,2017-12-12 16:32:08,2017-12-12 16:52:36,2017-12-15 20:18:03,2017-12-28 16:37:15,2018-01-09,39851e747ed812dd9ce65dc9b3d6a00f,2017-12-12
8a268898598fdef7f8a38b795bc111d9,7401ed45e582a7fd27be540df8287ece,delivered,2018-08-03 14:18:55,2018-08-07 06:05:47,2018-08-16 13:32:00,2018-08-21 11:18:35,2018-08-24,1a3d7d7bd4aea92843d759141de1dfe1,2018-08-03
c0aad5efb9be7c339afb7dedd1acae49,eac8415de57259873885a7db3fe7ef18,delivered,2018-02-26 13:05:36,2018-02-26 13:15:31,2018-02-27 18:36:09,2018-03-09 17:58:19,2018-03-21,44dc680d8deb17f8d31ecc3ece879c0c,2018-02-26
7aa5f2151edb70ee275202acec271ea3,6d84b2ad64db0964502c2a53c65320a1,delivered,2018-08-05 20:28:44,2018-08-05 20:44:33,2018-08-06 11:57:00,2018-08-10 17:18:55,2018-08-21,3ec928687af2c793017f7e782fe88632,2018-08-05
0fcf164859b203af4b0811ccf70d1454,2735ed8860f2110b955a337867377375,delivered,2018-03-09 13:24:57,2018-03-10 03:55:31,2018-03-12 16:21:23,2018-04-11 21:27:53,2018-04-02,2825b7f4f8f806dd29bf4601557fb0c0,2018-03-09
8f2c3eb88f3127cf27574d29f0c58ef9,da173ab54b24c00d03c7f1ce36824f9e,delivered,2017-11-19 11:12:02,2017-11-19 11:26:32,2017-11-24 16:04:06,2017-11-29 19:25:08,2017-12-07,13223479fd64091ecaf094de7bbc03ba,2017-11-19
ae90262d3192e46f6d8e68bc5843025d,9237654c3fe0c68824bb8c16c94956f9,delivered,2017-11-22 09:40:02,2017-11-22 10:39:48,2017-11-23 22:02:46,2017-12-05 19:32:03,2017-12-19,c6e9cf49773f10d9490307a180bed3a7,2017-11-22
a611edf5be0b4e8838e79005178f7ee8,e205375052eb5cc6f37abf55bac53c74,delivered,2017-04-22 20:03:30,2017-04-22 20:15:10,2017-04-24 10:35:31,2017-05-03 13:08:12,2017-05-15,5b4f623498134a84bdf5c3fce73df212,2017-04-22
b4757419a0d328d1c3c848d9957cb20c,8efdd327f600083b9ceda7eac01ed701,invoiced,2017-03-08 09:46:27,2017-03-08 09:55:20,,,2017-04-17,d45e966c8a831119b5063d008484b9f1,2017-03-08
463cefaa4147d39621500e986396b5cf,2d9765abf313219e40efb7770ea42025,delivered,2017-12-08 17:31:28,2017-12-08 17:53:37,2017-12-11 20:47:02,2017-12-28 16:32:49,2018-01-15,ac164cfa528bd7b6619aa0c952969393,2017-12-08
c44b3f142eb33ac2b018b105dff8692d,420e4e7e2d24ec6727f8768c3bfa142d,delivered,2018-04-11 13:03:56,2018-04-12 06:50:17,2018-04-13 01:13:29,2018-05-12 14:22:14,2018-05-11,ad9cd20039e6efab9165770aae225b94,2018-04-11
928b36b446783bb571df5c8c3eb239d0,eb6a209f020e7726b2cf6d4e22c468de,delivered,2018-05-27 20:37:58,2018-05-27 20:54:55,2018-05-28 13:18:00,2018-06-07 18:34:11,2018-06-28,e01cf6cd9d58a54d656d290d6a0e2763,2018-05-27
9cd6015fc7c3321b8cfc4459af284790,cd217889d9b238ed522888d8a52c8731,delivered,2018-06-26 11:54:30,2018-06-26 18:18:21,2018-06-28 15:42:00,2018-07-02 16:46:39,2018-07-16,2333aaab5194813686b0f3971a4615db,2018-06-26
1edc3863beec62b1bd5e3fca2eb64c53,46989418686cf0356589d6b37cd32b3a,delivered,2018-08-20 17:18:50,2018-08-20 17:30:17,2018-08-21 12:48:00,2018-08-25 16:54:43,2018-09-04,78911f9f3ff8b99a272b39a458a9120b,2018-08-20
81c520fc29d03d90934316f0a3b4b82a,dafdcf2f805b9134d69762d615f178a0,delivered,2017-08-22 13:01:24,2017-08-22 13:15:59,2017-08-24 20:24:53,2017-08-28 21:34:16,2017-09-13,faee0f6f040f31e9e064d25557c25fa3,2017-08-22
6f192285411fe2465d2c701cddafb6d9,b6116b8c9793a5355aab080cb5a5910a,delivered,2017-11-27 10:27:16,2017-11-29 10:30:27,2017-12-18 21:48:40,2017-12-21 22:28:25,2017-12-15,90ec0facddad1491f0d57c7ae73bf427,2017-11-27
cf824bfb7be97ddda09945f306ce0efb,758f6f66809f7a95cbb073e8200f033f,delivered,2017-08-08 11:10:27,2017-08-09 11:45:10,2017-08-10 18:38:10,2017-08-15 20:09:34,2017-08-31,bcabde850fc0faabd7cd5ee05624350c,2017-08-08
fd16cef57164811712478da2f5bf81a3,bfb9558ab5dbb375ff3248a7adebbda6,delivered,2018-01-28 19:53:16,2018-01-28 20:10:55,2018-01-29 19:16:57,2018-01-31 23:40:44,2018-02-14,58c8d525524743b40c8a2da68298dcfa,2018-01-28
a4ab908db8226d51e477fc3f81c3e27b,c8d433700b1c338a728db9a6a4da19ec,delivered,2017-09-17 17:55:34,2017-09-17 18:06:48,2017-09-18 21:10:35,2017-09-26 19:31:55,2017-10-04,8c659761d9bde76166380a327d1763b7,2017-09-17
26ac2176dfb7275b81ddf0873db31236,a67d859e19f536517a73416adb2739e4,delivered,2017-06-14 13:52:50,2017-06-14 14:05:18,2017-06-19 16:10:58,2017-06-23 13:06:42,2017-07-05,e19223aa463d1a3049667aa9c086ad5c,2017-06-14
465e0536b29a94542aa63d8546a3981a,07a09de7be7dc41038159430e5e9cce6,delivered,2018-06-03 21:36:24,2018-06-04 21:30:47,2018-06-05 14:24:00,2018-06-06 13:53:31,2018-07-05,688deb9cca8945d44d111aed9a13e604,2018-06-03
0a20f1ed151eaf6d4f8947f6081e1d02,57142caed013bdafd75245803296c7f4,delivered,2018-05-23 19:42:43,2018-05-23 19:55:50,2018-05-28 13:14:00,2018-06-05 19:56:38,2018-06-22,5163557a4c64d842988496bffe20f016,2018-05-23
fba5f0680d7e30d3148e17be8bce108d,93f7211c2d0f7213bdc94f51f0d25cd7,delivered,2018-02-08 20:53:55,2018-02-09 10:11:37,2018-02-09 18:52:57,2018-02-28 13:49:10,2018-03-07,8b4dbc06f4caccae42ee7da8edd22f77,2018-02-08
6df06dce06727e9d068f266a9b2cdaa7,ecb5d4d5b75256e28606e9d4487420bf,delivered,2018-08-07 22:18:37,2018-08-07 22:30:14,2018-08-08 14:42:00,2018-08-13 20:55:27,2018-08-23,cb844046ab848696a40b6f6935314030,2018-08-07
f8f4eed82047735135a9978523d4d202,3fb82efec3774a589cc62a4912eca2f4,delivered,2018-01-15 13:08:10,2018-01-15 13:16:28,2018-02-06 17:58:37,2018-02-23 18:58:43,2018-03-26,33cb9fa1317cf6ec1b42006bd98eb038,2018-01-15
1b27045ffd0c3cc49c737c6ec7c4756a,01e2dee0a2e7464a701d0c480225501c,delivered,2018-03-26 22:18:49,2018-03-26 22:30:12,2018-03-27 18:14:31,2018-04-02 20:58:26,2018-04-18,36def45e1f60582815cbf52cf3c33b1f,2018-03-26
fd966686fa519b004275d0f422800a60,c227131c0e81dd2b7daa8be05cd99258,delivered,2018-03-15 08:38:34,2018-03-17 02:50:47,2018-03-19 22:48:45,2018-04-09 19:41:55,2018-04-05,645d7e0681651d0dbd0d183afb5c68b4,2018-03-15
d00e79f339bb76a1b6dbcc8cb41934e7,fd4d2add7fddcbb3074920019da1290a,delivered,2018-06-07 19:51:33,2018-06-07 20:15:08,2018-06-11 12:17:00,2018-06-18 21:58:01,2018-07-04,a57dd66fd536be4cb7fc34159260aa28,2018-06-07
f45cca2ab70bbb7fee0728559468cceb,8ab7041d7b0eea06a4bab91b59bab4ab,delivered,2018-07-25 06:53:50,2018-07-25 07:05:18,2018-07-27 11:41:00,2018-08-02 00:44:42,2018-08-06,0980cf6208da589a87bc4f88baeb6047,2018-07-25
3eaaa0491f840f400dcfe9469dd5e205,3f58c477b8cfc3c37266e353151cbbd3,delivered,2017-09-20 22:05:29,2017-09-20 22:15:21,2017-09-21 20:14:29,2017-09-28 17:55:01,2017-10-23,c60f8d96eee11521297484a6e8f988f6,2017-09-20
f84c351f8ea512e04301c11470be273b,0bf752a3e1a9a91859d9760834a75acb,delivered,2017-07-17 14:53:22,2017-07-17 15:05:07,2017-07-18 19:43:39,2017-07-24 18:03:23,2017-08-10,8040b6b69f77f454c1969f6f687edce6,2017-07-17
b08f7ce910570d89714767d4610943b0,a513a3299be4497003e220b158d68735,delivered,2018-03-08 17:17:45,2018-03-08 18:20:32,2018-03-09 20:11:54,2018-04-06 18:23:15,2018-03-28,89c78e4dc2f9b9015997cc0d9999302c,2018-03-08
d28fbd94b527be0512683c3e03aa37eb,a34c9e9b8b2b69de4c2df91f5f1a273c,delivered,2018-05-20 12:11:09,2018-05-20 12:30:32,2018-05-21 15:40:00,2018-06-06 13:14:34,2018-06-05,e88df55ef24b85d6e0f57f61ff8b660e,2018-05-20
fd8d9bc6af4ccc073a7fe152040e81f2,14938608ccfde5530723a2a70b07d25a,delivered,2018-05-17 21:27:49,2018-05-18 02:54:21,2018-05-18 15:33:00,2018-05-22 16:38:32,2018-06-01,a11a931496001b8371a8b6597ebf26f3,2018-05-17
70537c8a3dfbbe79f0d078a43a815d97,61236884b077ada960417b31ffdf6e67,delivered,2017-11-18 08:50:48,2017-11-21 04:08:31,2017-11-23 15:33:11,2017-12-12 19:25:43,2017-12-11,4e1bc1fa9472084ca250e09489cae710,2017-11-18
367bbb94b4958aaa8dcfc0c9f920a948,a25a9f6b1abff8459a524c6ba88a92c0,delivered,2017-11-23 12:23:33,2017-11-23 12:31:27,2017-11-23 19:48:29,2017-11-27 23:22:02,2017-12-15,7a8d114b1347c060cb313a20524883b1,2017-11-23
fdb8b7471e58dbe1a73f0218723b58e9,ebed6a8227f5fc8183b559af016c2497,delivered,2018-08-02 12:05:15,2018-08-04 12:24:11,2018-08-06 14:52:00,2018-08-07 18:41:15,2018-08-07,241eec1d7a6ede773f38253ed84d6e88,2018-08-02
f6cd41298d06413e39c491540baf2745,8fcfaabe1e23602dcbe70019244cfd0e,delivered,2017-09-14 07:49:05,2017-09-14 08:05:23,2017-09-14 22:42:43,2017-10-09 18:27:56,2017-10-04,97981245c3257ea9b14befffd560177b,2017-09-14
6ab63ddaa43a0adec6b62f06e9128af2,dbc9cbb74d25c5c2c1457fbd64f0ba57,delivered,2017-02-07 19:15:56,2017-02-07 19:25:12,2017-02-08 09:38:54,2017-02-16 12:54:56,2017-03-08,4434aab9872e6d0e500523f6a85829e9,2017-02-07
1c05452697a356ff98c4c3391e207ab6,43467feeda727a70fbb9a44eaa75bbae,delivered,2018-01-22 13:20:56,2018-01-22 14:55:00,2018-01-24 21:34:53,2018-02-07 19:51:50,2018-03-06,ee6e503dca5ecf649eabee92d446ecf8,2018-01-22
7ff5516d271630c6a60fa2fa469d7b89,ce0160296bc8dda40eaa1a3d6f321f2b,delivered,2017-08-18 11:21:40,2017-08-18 16:50:10,2017-08-22 19:29:47,2017-08-24 23:03:10,2017-09-08,b8239433551ada00610698f12e397337,2017-08-18
81d4e3ab663ca6c51e659ad5b31457e7,48ca574e8c60c5f14ac63cb32a266880,delivered,2017-07-08 21:06:37,2017-07-11 04:05:35,2017-07-11 18:51:32,2017-07-21 16:19:40,2017-08-11,e1a2ac153f284f24195dde42b85f982b,2017-07-08
1f89989c5a2afd61cf38495462b55b16,a21b05fbdea952c180d45e5f725856d7,delivered,2017-10-16 22:22:58,2017-10-16 22:36:00,2017-10-18 20:42:06,2017-10-20 15:57:54,2017-11-01,8bf8355778380e45e5d9f5e7fa602d1b,2017-10-16
e03725cff8fd740ded5d95a3193c3696,84d0099e93ffdfbcf9c3e565bee3162f,delivered,2018-08-08 21:58:55,2018-08-08 22:10:14,2018-08-09 15:29:00,2018-08-10 17:34:34,2018-08-14,24608d721db0752f56074485d847f79d,2018-08-08
8c9e191de5ee58e2cbd018c2943ff9b2,d2c9a1791fe5ba4464c24cdb4399654c,delivered,2018-07-31 23:12:01,2018-08-02 06:35:11,2018-08-02 15:21:00,2018-08-06 17:09:05,2018-08-10,ec86637887817c3f409600ccd5e5813d,2018-07-31
ee71a04a26c5bcf135d8af9ff7051c5b,3979d252e012e7b031ec6644b59eb9c1,delivered,2018-05-03 19:31:56,2018-05-03 19:51:05,2018-05-04 13:08:00,2018-05-08 17:03:00,2018-05-24,7f5ca6db206dc7ac57bc1407b077a55b,2018-05-03
344fa1eebc59a2edab43baf1e0a171fc,85cddd29cf48a333f6ae27c38b0142da,delivered,2017-10-11 10:15:04,2017-10-11 10:28:13,2017-10-11 21:35:44,2017-10-19 21:32:57,2017-11-09,7474430f3bd955abf98c22845b279a3d,2017-10-11
5ca18035ac56a17dd903b0e8410aae06,4e5ca9b956b369f83366360cf7dbd9b6,delivered,2018-01-11 22:10:06,2018-01-13 04:55:08,2018-01-17 21:42:39,2018-01-25 19:23:04,2018-02-19,f55b07d4db1bf6894473295c7fd5989e,2018-01-11
e0e878e7eefd915b86e8b5714374642f,2641ed152a01cc9e2039a4f804b1d00e,delivered,2018-01-13 19:00:59,2018-01-13 19:10:09,2018-01-17 13:15:09,2018-02-06 14:41:31,2018-02-08,bc5648f2c5f11d59052573a2c8bff9b3,2018-01-13
0ed6abcc6109716be10ab6409f1ac2ad,90bfa78fad7bdaccfaa0e53c36618d76,delivered,2017-08-08 17:08:38,2017-08-08 17:24:23,2017-08-09 19:57:34,2017-08-10 18:07:01,2017-08-21,c1aa08ee7ec027f1a2523bce7c841723,2017-08-08
941638a41a3674d12166261747988666,5a6464c1949c1fc4e9c61286e1ab8bfb,delivered,2018-07-05 10:28:04,2018-07-05 16:30:45,2018-07-05 11:13:00,2018-07-10 17:26:08,2018-07-24,45efa936101ebd3d68d9afe76395aa90,2018-07-05
ed630eb34ac30f8b3ddcc2c1fa0817b6,e2ce3791b4dacb29ca34be78e5d175e8,delivered,2017-10-11 01:46:04,2017-10-12 02:47:06,2017-10-13 17:08:08,2017-10-19 13:32:32,2017-10-30,c814c30dc35bc89fc9cd849f09867f30,2017-10-11
5dea6e9d1fedb7b7e4500d453a72b24f,5aa19f9a70a5e435b72c8911dbf8837c,delivered,2018-01-22 10:22:14,2018-01-23 03:52:36,2018-01-23 21:58:40,2018-02-08 16:09:59,2018-02-20,d84c06380e59ea282b9bfd35fb645536,2018-01-22
d664d67f682d2aa4f5fda6490cbaac7e,0ac72807529b3b3c9592c2eacb8d3684,delivered,2018-01-15 20:44:57,2018-01-15 20:55:14,2018-01-16 18:53:39,2018-01-25 20:09:18,2018-02-05,ede8064a572a373a390821000abe917d,2018-01-15
c4aac60369f19fc04e495e8a1b488aae,5f0c1d9189499123a1a9d2b875e7c3ca,delivered,2017-11-16 12:10:36,2017-11-16 12:56:24,2017-11-17 16:18:46,2017-11-27 19:59:01,2017-12-05,ccd2f7d983d761b9c7520a266bfcfc81,2017-11-16
f10cf325dd9d6daac881e5ce69289900,46ab7253267eebc50f6fb530162ccfc4,delivered,2017-07-17 14:55:52,2017-07-17 15:10:08,2017-07-18 19:44:52,2017-07-24 18:17:46,2017-08-08,28a73415f02dbe627569c51d50a35f24,2017-07-17
b1334405900ad1c02d3521d59b962c6a,6a1c413924ef359fa6e250b31387ff81,delivered,2017-08-09 11:36:31,2017-08-09 11:50:20,2017-08-10 18:15:46,2017-08-21 19:12:43,2017-09-13,c0c96998a33dac2ddfbcb79673ec8b85,2017-08-09
4b60fd433160958739b4e6194d1c9e76,15e031cf72d00a4301c5aee54ce84bd4,delivered,2018-03-08 22:19:42,2018-03-09 00:54:48,2018-03-09 18:28:52,2018-03-26 15:06:35,2018-03-29,26f06401a5374fd3d26b6eed06af675f,2018-03-08
8c2366c0870df5662275e9ffe715251f,b00a1172e089f67980f132489a69f7b3,delivered,2017-10-17 18:29:09,2017-10-17 18:42:11,2017-10-23 23:05:29,2017-10-26 14:24:52,2017-11-03,b3b438a81296dae5561f54e17fbb2fea,2017-10-17
3d0ac16c18908323710b11d877c0cac8,65009cc605d502f1ec84d3f1bbe96d32,delivered,2017-09-24 23:17:08,2017-09-24 23:28:31,2017-09-26 11:44:31,2017-09-30 16:22:57,2017-10-17,727975f4fee6562fd36417c4f2b948fa,2017-09-24
80446aee36e09ebf4cb79585f6c9ce61,42cb2ed4340c69d79f2663a367bc4247,delivered,2017-09-11 19:16:38,2017-09-13 08:45:14,2017-09-15 17:57:48,2017-09-25 18:58:41,2017-09-29,556cf877ff4c70e71e97a35057f6ed23,2017-09-11
34def17e25da93e8cfe1d1305424da3c,5d782a5c228663745794b7a3ee4a0174,delivered,2017-04-21 17:17:28,2017-04-21 17:25:10,2017-04-25 09:56:34,2017-05-24 09:17:33,2017-05-24,04b79f3df1e09f5a156db966f2edc852,2017-04-21
894378426814574808980ee678a0ca73,3d4cc88762643224a458e411e90c7aa7,delivered,2017-11-11 18:04:29,2017-11-14 15:07:27,2017-11-27 17:53:21,2017-12-11 20:57:11,2017-12-19,02d2056f0b969ca57a94ae2c1793e3cd,2017-11-11
ff2d25d8b1b734099dee10e90e23a2ab,5650f596bc1b629003a76592b7a6b62f,delivered,2017-10-09 11:44:19,2017-10-10 11:56:16,2017-10-16 21:41:38,2017-10-31 00:22:33,2017-11-01,bf8061ce22b2cc847cbc83a1ebb256cf,2017-10-09
b01daae956b23211a3dd59e8c287ca32,6e9928253a51ce8d2956f25f2e5374ec,delivered,2017-02-06 17:06:39,2017-02-06 17:22:08,2017-02-09 10:45:39,2017-02-15 15:54:43,2017-03-03,bb1dae75cd8532f1ecf962d0d6af7a2e,2017-02-06
eb07db9884e44e51d9f3f7e6ef2715d9,d742132fa21774454b21f5a511f05769,delivered,2018-08-23 11:48:36,2018-08-23 12:05:51,2018-08-24 12:17:00,2018-08-29 18:59:52,2018-09-10,a16f65d65c3ef42c39ca5f2c36e0d0f3,2018-08-23
b35130dc3381b58b5f96d10a31839601,f98d61da171a77960b2fdac4e68f3e98,delivered,2017-08-19 23:29:33,2017-08-19 23:45:24,2017-08-24 14:23:52,2017-09-05 22:32:13,2017-09-15,4f43c0c423501c277165c4a8b756a354,2017-08-19
d90f70746b61ed0bb476ddaae181afd8,8e859deccb1b9270f7875a03b5fdb541,delivered,2018-08-25 01:54:44,2018-08-28 03:50:23,2018-08-28 13:51:00,2018-08-29 12:22:43,2018-08-31,62f9bc39826e3ec534897be6eb99b9d8,2018-08-25
959ee23c386c94d0f7b0c514b4901e97,e32e9fcffdbc48d88fa2788d44caf137,delivered,2018-06-05 17:21:33,2018-06-05 17:31:56,2018-06-06 14:59:00,2018-06-11 20:08:42,2018-07-05,435f550d75ec3afa97141010e44eacf6,2018-06-05
d4f52552a58cc399ffbf49fe9e76764d,f57c075c9b45c34396df2be3914bcaa9,delivered,2017-10-17 12:31:27,2017-10-17 12:49:15,2017-10-17 17:47:34,2017-10-23 20:18:08,2017-11-08,9d37cef7f1f54238d37f0b679d8d3695,2017-10-17
0bda83aa61608436c3403ca200bf12d5,0ae0de8878f54a5f877f99d19ce170da,delivered,2018-02-26 18:27:46,2018-02-28 09:56:30,2018-03-01 13:59:02,2018-03-29 23:42:46,2018-03-16,06b041f2db357e073b00599455935f27,2018-02-26
f803d953d504e923f69704f85b325828,fda351bb234bfb1c3f23845d382a6459,delivered,2018-02-25 20:06:05,2018-02-25 20:27:40,2018-02-27 17:53:29,2018-03-19 23:26:26,2018-03-16,93a349ab746fa201fd2b7e030f4ed2aa,2018-02-25
03a479456d2571485ebce285eef65f61,8f37df550dae5039e7ec425e50d733c7,delivered,2017-03-03 20:07:07,2017-03-07 04:23:24,2017-03-08 11:24:32,2017-03-14 09:42:07,2017-03-31,a1204ca2879c58faccd465921870dfc2,2017-03-03
71774e242c494c1fdc4b7a8cac4bdbde,707e79c2722a29a199a8f6b2c589b43a,delivered,2018-05-08 21:07:58,2018-05-08 21:34:12,2018-05-10 15:36:00,2018-05-18 15:59:43,2018-05-25,4a49b885a757d5fe4c27bc2ab4dceed9,2018-05-08
231f4f9f13fd282b6e1b00f4c7a3cb2c,ba0fefcb2638aa7ac95763634110c854,delivered,2017-08-15 13:30:12,2017-08-16 15:24:42,2017-08-17 19:50:07,2017-09-01 22:13:56,2017-09-06,297e280f30dfc1ac59db63ab7d98b87f,2017-08-15
5b162b218962d6f3b7c0d0f3bec7920d,e55f78dcdbfeba4a7578affac35e4889,delivered,2017-11-12 14:00:56,2017-11-12 14:15:54,2017-11-17 18:42:03,2017-11-20 13:37:37,2017-11-27,bf68d47e1470575b2508161e635a2dfb,2017-11-12
b052e6909e7bb217c24f5ac9225176bd,6ab2d8e87029b03f4a8c47022b491d0c,delivered,2018-04-10 07:13:04,2018-04-10 07:35:21,2018-04-11 20:26:25,2018-04-12 21:04:47,2018-04-26,fad2bf8fa1bdfc125781eb6c62b5ad81,2018-04-10
426787854631af08093236fbcd0cd554,17c1e97e812a1af21d9378c5d28e0c4d,delivered,2017-12-09 00:14:13,2017-12-09 01:02:05,2017-12-12 21:10:10,2018-01-24 18:22:49,2018-01-10,ae6286642850378ad9886ee4fd70b437,2017-12-09
d95d7dc42c0d8218358ebeabc7bb5dfc,275b7e2a536846171dae7ac0326847b6,delivered,2018-05-30 11:44:37,2018-05-30 11:55:22,2018-06-01 19:09:00,2018-06-02 20:42:34,2018-06-25,7c74c23ee9618bbd3b14d37fb39e1a91,2018-05-30
1bbe8ccf8a821a0117ad33a62aba2de9,3f0d84bf2d3f467cef7e0c382c08d4ba,delivered,2017-11-29 13:40:48,2017-11-29 13:51:38,2017-11-30 20:54:37,2017-12-08 18:32:12,2017-12-21,0c32aa09e8eced3ea26c2a013b7b75e9,2017-11-29
e709c7cfc846b9fc5df47d1ed1bdfd17,8085ae0518357c1937622a6375bd5987,delivered,2017-08-08 20:39:34,2017-08-09 20:45:10,2017-08-15 19:16:39,2017-08-25 18:54:57,2017-09-01,1a68c22c23a52a35f499dbd3c5a020a6,2017-08-08
c5f1d29b8bc4a975508962be343e62a7,98c2fd3ae186615edec73fb0e8927c74,delivered,2018-01-24 11:18:27,2018-01-24 15:15:37,2018-01-25 20:15:11,2018-02-14 17:42:03,2018-03-06,c3c7224b48e457b76828e0b8202732bc,2018-01-24
7a40bb8803549af172ca4403ff436229,0c94220b129baa8396dd8d3d11aaa012,delivered,2018-07-16 18:18:53,2018-07-16 18:30:24,2018-07-18 14:24:00,2018-07-24 01:36:33,2018-07-31,efe3565a80fc9f9cb39c28c88ee17c23,2018-07-16
9c29c9f7f44bf05a332d8f22212941b7,ff20ff0d4c2d7dde8622bf9875f32455,delivered,2018-02-26 11:45:47,2018-02-26 12:11:07,2018-02-27 20:18:37,2018-03-05 23:24:37,2018-03-16,fe69db51b44ea93a2eb9cd875ed35eba,2018-02-26
6f09086a54ed13a7f152d6339e2ee5a3,77ef5c4759ca73c972dd784c5110def1,delivered,2018-06-26 09:51:04,2018-06-26 10:18:00,2018-06-26 09:08:00,2018-06-28 16:32:10,2018-07-20,866bc07eca9f1100060e2cfd1e556da2,2018-06-26
08c7d364923b6238c246df0fab24d907,32077254957a1045786d8999f60b0ed1,delivered,2018-07-26 19:02:24,2018-07-26 19:15:22,2018-07-27 13:05:00,2018-08-02 21:49:09,2018-08-10,8a5f7681b61832cfe091bb4ac6656028,2018-07-26
eb9e77ffb4019d5cd410157dfb294a12,251157d543994b7844f57ebb1faacc9e,delivered,2018-08-06 18:47:58,2018-08-06 19:05:07,2018-08-07 15:56:00,2018-08-13 22:28:53,2018-08-16,73bf20bb22133ed5ae8457527dcd5e4c,2018-08-06
69a94e2d31f0198e63979f367def14a4,9ed469c8d1d0bf9d5a658638d18792ab,delivered,2017-08-28 14:03:13,2017-08-28 14:15:20,2017-08-29 22:13:48,2017-09-22 12:38:33,2017-09-19,62037ba2a9202de60df343187da90a76,2017-08-28
f2fef86d37e16a1ecdf91073beba7f7b,ef486f9c35f2768e544a03fee7eea271,delivered,2018-02-09 19:00:57,2018-02-15 03:47:53,2018-02-20 00:12:54,2018-03-10 17:31:50,2018-03-12,9eaa113edea5eaf8b815689d4dc05be9,2018-02-09
5a670c4229b1cbe58d67f3afde248f75,d5f904394797111628341b09859b9033,delivered,2017-04-05 21:01:30,2017-04-05 21:10:19,2017-04-11 14:53:11,2017-04-18 15:37:28,2017-05-09,b1791d73a5c0e297a0e8f21699078c5c,2017-04-05
3c3ca087887f2b8c2f3ef5abfb394b34,6dddb82049ca3cf8422968938e38fd8e,delivered,2017-10-09 13:54:06,2017-10-09 14:07:27,2017-10-19 18:58:47,2017-10-25 18:23:25,2017-11-07,fb152030f239ef8e6e774e91a8750dd6,2017-10-09
f2b5da311599254a9d04390c96244c22,86cb529a5c2e233bd4933e6cb0fbcbe9,delivered,2018-01-15 08:11:20,2018-01-15 08:19:29,2018-01-17 12:22:51,2018-01-25 15:27:41,2018-02-19,acdca7ca29a965ccdb9d934ba7f6cb83,2018-01-15
1864e41539736858aa1100d27cf3f34c,8fa5f134e902516a13767d7841a201a4,delivered,2018-02-22 19:57:36,2018-02-22 20:15:26,2018-02-26 17:47:55,2018-03-13 00:33:07,2018-03-14,0753264f31df82553453f8f93f65306b,2018-02-22
cf1e42750dfb79bff91aebe7606024b8,57519c5cbf6b7c0d2d9cd3ccbd173776,delivered,2018-02-28 11:02:25,2018-03-01 10:55:38,2018-03-02 00:06:24,2018-03-05 23:24:32,2018-03-23,3c3dbbf3d36a7a4587efada79a3166cd,2018-02-28
91e1117f4e261dce48c8dbc09d8f2d2e,8835b132f4072ae00a43842d4259f4bf,delivered,2017-10-03 13:02:29,2017-10-03 13:14:15,2017-10-11 16:57:42,2017-10-30 21:12:53,2017-11-01,f61b71d927d04bf83d82f8bd16aea0e3,2017-10-03
af280fa42594012b761cf6fae7981e53,6d607d5d7f46610dccedc75f2da46aa4,delivered,2017-06-16 10:32:52,2017-06-16 11:03:14,2017-06-16 15:38:00,2017-06-26 14:27:58,2017-07-10,6900d122a58641c46c1610802aca744b,2017-06-16
b07244447d6e71d93891e79c556a7fc0,28504732e766e313c5e693c4859dfdd4,delivered,2018-08-16 21:58:25,2018-08-16 22:10:12,2018-08-17 14:31:00,2018-08-20 20:45:46,2018-08-27,c5616e00dba62f1ef398855938c1cc98,2018-08-16
973e2efa6a19ac5083691b9deb4c0a51,864a2a7ce82f1570f7c43d4f63b19e13,delivered,2017-05-23 23:43:45,2017-05-25 03:05:19,2017-05-25 08:41:22,2017-05-26 12:20:06,2017-06-05,bf40121319b0e8cb4523bd47915046cd,2017-05-23
871a8acf3aa24b340ca528120ddea498,2b7fb0fbf3c88895ab581f348ebd8534,delivered,2018-07-09 21:18:54,2018-07-09 21:30:20,2018-07-10 14:21:00,2018-08-02 10:48:42,2018-08-07,eeb659922c842d2dac682c1971b30a20,2018-07-09
fca7deffeedcea19b2401f1e5ab3ec88,87f250ea5725f77f52e356c715e11f71,delivered,2017-08-26 11:30:33,2017-08-26 11:44:36,2017-08-29 19:29:07,2017-08-31 20:36:04,2017-09-14,f5ff3659df64e64ea35f673c0185ff6d,2017-08-26
11d7140d6b8215c6277987fe827e932b,a5a43c1ea3080ebec9a85b2367a8ceb1,delivered,2017-06-10 23:12:16,2017-06-10 23:35:12,2017-06-12 09:33:58,2017-07-03 13:03:28,2017-07-17,5fc944c00e429f1ca740441b2eefdf9b,2017-06-10
4529e58edfd8d45fdef9eaa1d6efdc64,17d3a01bdf43e1e6b3b756b452285ff8,delivered,2018-05-07 23:25:00,2018-05-07 23:35:19,2018-05-08 15:06:00,2018-05-09 21:04:49,2018-05-15,5e28f74cf6d807578e9f7ccf1467a108,2018-05-07
72057e22b4e99820f18ad51861441403,ffc5e5000221495c2cbb2b099aaec969,delivered,2018-05-04 10:20:52,2018-05-04 10:35:22,2018-05-09 15:48:00,2018-05-14 17:11:20,2018-05-30,5dc3d85ce50c06e5a1f6e0df57d610fe,2018-05-04
7411e80d3c6186c9bf63c006a63c2217,019689350fe9ec51d6d9fcd76119e2fa,delivered,2018-06-24 10:15:55,2018-06-24 10:37:26,2018-06-25 14:06:00,2018-06-26 17:06:24,2018-07-05,ea17179ea9cc9d0c8e4294504b6339ea,2018-06-24
130aa16eb157e7606fcafbd807c8048e,1bf2e63bdc996f880d01aa10e1c0ccbf,delivered,2017-12-03 17:28:57,2017-12-03 17:38:27,2017-12-04 23:53:45,2017-12-13 20:51:50,2017-12-28,742405ae9634962bb67f54214a8247c9,2017-12-03
a3a15a66006f9f79c98af9fce34528c8,d071e3123f9aa9cf5d7e3ae442be714e,delivered,2017-08-04 14:43:14,2017-08-06 06:43:36,2017-08-10 20:02:48,2017-08-15 15:18:01,2017-08-22,82d33d3f1cd1fe8c3cea4263b71bcb80,2017-08-04
d9423f55c7be4e211b72f44048af2e85,ab881147da1ddd537990ea95a8020658,delivered,2018-01-15 22:09:40,2018-01-15 22:16:23,2018-01-16 16:25:16,2018-01-17 18:45:01,2018-01-30,60cffffe678ce614613c2c9ea890c8c7,2018-01-15
89aa5a1ef8d3384037aafd0237d6bfed,3fb5f8030f93b5204eaf2c47c0a585c1,delivered,2017-11-17 20:01:36,2017-11-18 19:55:31,2017-11-20 17:48:59,2017-11-24 23:34:40,2017-12-13,b1704f34f28fd042b0638ace6daa7bb4,2017-11-17
deb3f34662531c400f2cf97687de399a,0f684a3f14d10efbcb72b61453fc70d8,delivered,2018-04-26 19:16:03,2018-04-27 03:31:27,2018-04-28 07:58:00,2018-05-04 17:26:47,2018-05-21,69181bf058306615ae82fe1d85e83bb3,2018-04-26
4b9d1bbbeed0481ecc124c66e355896f,81d2735c182aa1e22506ec0a4d4995a4,delivered,2018-02-26 20:03:24,2018-02-26 20:15:33,2018-02-28 23:38:59,2018-03-06 02:05:01,2018-03-16,9bdca4d91654a1a3949df36810d2645c,2018-02-26
f48002abf6b605f05930183c385a0394,1a676431a620077bb8729856a39ac786,delivered,2017-12-14 16:53:48,2017-12-14 17:12:58,2017-12-18 18:35:20,2017-12-19 16:56:42,2018-01-04,3a59ed7823b38fbcaabf7e11c25aa95c,2017-12-14
f3935b4a43b6bc12591c72b6ad294545,20b27915712e4c0d8fb8384741cf6d86,delivered,2018-04-30 14:12:49,2018-05-01 14:17:11,2018-05-03 13:43:00,2018-05-07 11:03:26,2018-05-18,346c215e8c79a80eac1913f55cb80165,2018-04-30
16486a722e7ef2992f499bb582a9f6a6,059147b644b5fc4e482504191b6be413,delivered,2017-05-30 08:42:12,2017-05-31 15:10:11,2017-06-01 16:53:54,2017-06-05 13:06:06,2017-06-12,4c1819692f241797e8aed402c1d925f0,2017-05-30
c6d1de0a9015ea666f5291f62ffb15db,5c6a67fc3400c83c6a6e92fdba6600f6,delivered,2017-03-02 11:30:42,2017-03-02 11:42:32,2017-03-08 16:20:45,2017-03-23 17:08:14,2017-03-23,adbeeb0257c8460ca7f66b04857121fd,2017-03-02
b7b4aa00d4e97c4edffa122ab906663e,42f7e5e06913e03368d002ce39aef221,delivered,2017-08-20 00:33:18,2017-08-20 00:45:12,2017-08-21 13:33:31,2017-08-23 21:56:45,2017-09-13,f1939ce96b04762f66d2379397610d33,2017-08-20
261f7ff907490323f35d83f257331429,90aac89ef19b7b6d5817ab9608086b55,delivered,2017-07-14 12:54:14,2017-07-14 13:05:21,2017-07-14 20:21:23,2017-07-26 18:47:40,2017-08-07,94e8d2337eea1a4f38af2366f14458ab,2017-07-14
6ce285ecc898105204fa22cd55838f01,166edd23a0a1e9e5d30b2f5419cdcb05,delivered,2018-07-23 16:49:33,2018-07-23 17:25:21,2018-07-24 13:48:00,2018-07-30 18:58:44,2018-08-06,757519460c88ffb15a5285978195557e,2018-07-23
eaf12ffc755350557bcfe369802f6afb,64fec10d12ca322689ad22677ce78228,delivered,2018-01-23 14:31:25,2018-01-25 02:38:13,2018-01-26 19:07:05,2018-02-09 22:48:53,2018-02-20,6e834219535a0b6f27ed1e06d86c5221,2018-01-23
3b397f64a95c43a2f51b2b75b1f0ad53,12535a12a38599a1966032a195704ce0,delivered,2017-03-20 22:57:53,2017-03-20 22:57:53,2017-03-21 15:15:19,2017-03-29 13:22:46,2017-04-12,fd44c522241326d803458027362ebca9,2017-03-20
526ad2823ac462d2de62d9747db765e6,36a8a446b9a461c4ad8763d0e314efd1,delivered,2018-01-11 12:06:58,2018-01-12 12:08:40,2018-01-13 01:08:55,2018-01-19 18:19:09,2018-02-08,0bd3d5b6cf491c4bb0712be5161ebc32,2018-01-11
57478ee9ef95eb7cdf2d930b8ff9ff80,3a7417de540e3e66a399a5b0555909ce,delivered,2018-05-10 16:10:47,2018-05-10 16:32:29,2018-05-11 12:49:00,2018-05-14 19:41:40,2018-05-18,46f5d269affee0ce83e818ee3cb02e57,2018-05-10
9354409c9ecd338d805ab1908f24614f,7db8b504556b394dbe3e602a9b842112,delivered,2018-01-23 14:06:03,2018-01-23 14:16:52,2018-01-25 15:13:21,2018-02-06 17:54:51,2018-02-20,7f74d6211cba620c4f84376781d3055f,2018-01-23
b71bafc912a84d7b1e013e39a1eb30d0,4d9440d6bad7a880e55ab9dfe1bcb64e,delivered,2018-01-05 17:35:23,2018-01-05 17:48:15,2018-01-08 16:08:31,2018-01-17 18:49:11,2018-02-05,1b3fa3451e3b338f4764f21a625aafaa,2018-01-05
59f57538f2bcce08e3c18db962cfee83,cbc8bda19960ddbaa52c958ed055b4ad,delivered,2018-05-22 23:20:45,2018-05-22 23:36:13,2018-05-23 09:40:00,2018-06-04 21:14:41,2018-06-13,52abba659c0a219f8de7076dc33e0e83,2018-05-22
4d7abbf4bd3bb90f0dc241c1a6b2f1a1,87a05ffc09fec3ecc019b43bb15ce666,delivered,2017-10-31 19:22:42,2017-10-31 19:35:20,2017-11-03 13:39:55,2017-11-21 19:59:06,2017-11-23,6cdb425452801b5a314471a707c7d180,2017-10-31
693a9ad555486a066084766cdf4936b4,305bb505e791c143fcdc1d16a1718424,delivered,2017-10-30 21:22:07,2017-10-30 22:31:40,2017-10-31 16:53:09,2017-11-01 23:45:47,2017-11-07,4990e89bcfa737a2600630147afdd26a,2017-10-30
790a2b1cebf279ed28bf91f4fe91478c,4ea820653bf7274276f572b286e50726,delivered,2018-05-25 09:27:20,2018-05-26 02:32:00,2018-05-29 14:20:00,2018-06-07 20:50:31,2018-07-13,7917d21aa2aea63b89c7d6f23f29f382,2018-05-25
88d32cb1d354ec367320704311294d01,bf69ac4b00984821a9dc9fa0376adf13,delivered,2018-05-10 00:20:33,2018-05-11 03:10:36,2018-05-11 15:27:00,2018-05-14 22:12:56,2018-05-21,2e995b8740af5a8387a04867ca0e8599,2018-05-10
c505b8336db9c66f9459056a2ec767b5,1c23fa37a6dcae855a1ee2960ca1c957,delivered,2018-05-22 13:59:54,2018-05-23 02:15:36,2018-06-06 12:19:00,2018-06-12 09:26:38,2018-06-21,b66da64051c395958d49bcf6f98589b4,2018-05-22
382a503d9d9928675c03cb26ea99b262,a71c238a73216055be790a966f67ab94,delivered,2017-08-06 19:40:37,2017-08-06 19:55:06,2017-08-07 19:53:57,2017-08-11 13:49:50,2017-08-25,cf889b2eda044478e51f49a8818c8023,2017-08-06
ead580bdf680588f049074cfa8f03a42,679ae9b8395821e7a50e517e4cae8369,delivered,2018-06-21 19:53:51,2018-06-21 20:17:22,2018-06-22 14:38:00,2018-06-26 23:41:27,2018-07-17,9f0de8980ae4301403f875d882904d27,2018-06-21
f179e0782e0180bc2ec9ce167d4cf245,fd7bd7bf90e739374de93e267e197779,delivered,2017-12-05 09:03:19,2017-12-06 02:35:39,2017-12-11 12:49:54,2017-12-20 15:39:10,2017-12-29,d6699b457652e531b12f4c6a9fd44e00,2017-12-05
b365b927da19a3d58a252e1c5695c86c,4ea8dcc1472a40a7ed05115927623357,delivered,2018-01-20 09:07:59,2018-01-20 09:19:29,2018-01-24 19:17:03,2018-01-26 21:23:19,2018-02-09,0ed2d69974cbfc46cbc72d3a5fea043e,2018-01-20
58ee901dc817aa7f36518d079340b80f,2433b1918b00716d9d91da3cdc60f337,delivered,2018-07-28 13:12:37,2018-07-28 14:30:34,2018-07-30 10:58:00,2018-08-09 22:32:19,2018-08-27,5e9c90f330da0758e806f4d69b012db1,2018-07-28
4d90b804bc04b2dea71b520adfd36eb8,0375082957a62e6c63866be3c7b72d62,delivered,2018-01-10 13:11:27,2018-01-10 13:29:21,2018-01-13 15:04:01,2018-02-07 14:37:04,2018-02-16,12ae206cfdaec975d2fd73b24779f0c5,2018-01-10
9c27c0e9a3ff1c62ceecc6b160ae7c63,dbd6a2400132cc0889c206bb2cbfbc20,delivered,2018-08-15 17:29:23,2018-08-16 03:15:14,2018-08-17 12:49:00,2018-08-23 17:14:42,2018-09-04,5d9f1482b3b5390cf257ab6299165e7d,2018-08-15
e41e5861711a10524b80a63d022ae776,356925b87c2dcdeb8a091850d14691b7,delivered,2018-06-07 00:14:28,2018-06-07 00:33:54,2018-06-07 11:58:00,2018-06-20 16:38:43,2018-07-19,37d2bd687b1dbd293de12633b9160f3a,2018-06-07
9a0b40ce54455397568178b50178b29e,6c4b51a890b7b2262c9cf629ffd49662,delivered,2018-07-20 06:49:07,2018-07-20 07:05:07,2018-07-20 14:18:00,2018-07-26 14:42:12,2018-08-10,c8abffe7e68de3d6c4b6dd6d4c320dd4,2018-07-20
e18cae15f26662973fbe293e695ffcef,53ee287b218a0da1c0b0d15a6017ba25,delivered,2018-05-01 07:11:23,2018-05-01 07:33:17,2018-05-03 11:51:00,2018-05-09 00:32:50,2018-05-28,bbea9ab1715788f320f07df795a7a05e,2018-05-01
507a4eb733d930ed7dfc37c2dbe4e264,a20addfde19c0adbe45c295c7a2c996d,delivered,2017-03-31 09:25:38,2017-03-31 09:35:10,2017-04-04 13:52:46,2017-04-10 15:32:56,2017-04-20,4bd71dda98d3a4573ef699a586976d65,2017-03-31
8af8d03ef1d18e7e6c062eb26d9cb36e,ad4b675c609e42cdd90bba269e85ab2f,delivered,2017-11-25 10:48:32,2017-12-01 10:18:22,2017-12-07 21:04:27,2018-01-10 19:49:14,2017-12-20,e79494618557606821f95d6410213231,2017-11-25
cecff548587c9609f2223971989c94c0,571ba6aeea77442576c856df457f6fae,delivered,2018-03-16 17:24:05,2018-03-20 03:35:50,2018-03-20 18:58:37,2018-04-11 19:48:39,2018-04-10,3cde4b009a25beebc485cf2059ddc991,2018-03-16
fa3b973e0d6218a2905cf9808c158794,ded41dd5d45a3f9b3d2d5bd45d0e9854,delivered,2017-04-29 22:56:36,2017-04-29 23:05:15,2017-05-02 14:11:44,2017-05-18 16:33:19,2017-05-25,ad4e97d7dfdbd0888a62736e46965c01,2017-04-29
6232b520aa859c47ba46e5213737f418,806be13e55f43711b59f751f9ee83022,delivered,2018-06-15 12:52:05,2018-06-15 13:27:02,2018-06-19 13:53:00,2018-06-22 15:49:46,2018-07-16,7eeb6421712844795dd8ff9ec6a58b18,2018-06-15
d889189b765c3c0257ebfbb1ddc34770,90e7af04b062293612daafa7b0ecce5c,delivered,2018-04-07 18:26:07,2018-04-07 18:35:20,2018-04-10 22:24:42,2018-04-14 15:04:10,2018-05-02,e0950daad39d6c7d36d55ee4bc662f79,2018-04-07
5bf626cfef41ba2207e9c4ac9b380a64,e8c877f8b1b721e6fa10da9c3344c203,delivered,2018-08-08 22:22:49,2018-08-10 04:35:12,2018-08-10 12:07:00,2018-08-15 21:21:55,2018-08-16,44724750c1d81a95ef81e1ddb0fe80b5,2018-08-08
4f164373da991b6595b609372262a23f,7d5dd0076e9b3b10de042c179d8c3d30,delivered,2018-08-25 13:12:08,2018-08-25 13:25:14,2018-08-27 12:26:00,2018-08-30 20:22:49,2018-09-14,47341c0065bef56d7433bfabf25a942e,2018-08-25
5f82563eed1525084af012688a78398a,2c4801b37ab30b93c7fa391bb6ce2262,delivered,2017-09-26 06:53:22,2017-09-26 07:07:14,2017-09-26 13:20:05,2017-10-04 18:04:40,2017-10-31,8165d1d25f74386543d08fe9fa82e3e3,2017-09-26
3223c7798d7a714bf9d03c6e231869e6,811c8afc0c386eaaa5e62ef0735a02d2,delivered,2018-01-24 22:40:31,2018-01-24 22:52:48,2018-01-30 20:08:50,2018-02-19 19:41:41,2018-02-20,d3d8624c6501cdcaff50a1b8dbca1d5e,2018-01-24
29e24ac120419e4326f0eb7913263af0,7bf997d6e16e6117b8312922c7408e10,delivered,2018-03-01 08:28:39,2018-03-03 02:50:56,2018-03-05 18:54:56,2018-03-28 18:17:22,2018-04-03,ff3e14860e32acc535aea6a5402d531c,2018-03-01
3d3977c331c2a5e7da23ea7057a4c317,7440dd9d4b5993f2cd33d845b5edab9a,delivered,2017-02-21 15:10:23,2017-02-22 15:15:14,2017-02-23 14:07:06,2017-03-01 07:06:10,2017-03-28,7bb0ef48fca18efd7c9f88bf2141f096,2017-02-21
59432b04b996ae5d0d88267d392b8d6b,66fcc26a7306112192f93dce340df792,delivered,2017-12-17 16:22:31,2017-12-17 17:30:29,2017-12-18 22:10:37,2018-01-09 15:06:33,2018-01-15,dce12a6ba3b9baf1c59b36bb33c71ce2,2017-12-17
9cc8a145d8be894ab07cdbd8503c4887,a3fc5aa6679a45c8d0dd3036c9ee246b,delivered,2017-11-28 10:44:35,2017-12-03 23:36:19,2017-11-28 22:15:58,2017-12-18 19:44:08,2017-12-21,e30b83af13d6ff0b0f427b2a67c43b39,2017-11-28
49f0bd432488ec2cc7a18c0c786b743f,26328ed3f717aded9acf47ee065fddff,delivered,2017-12-11 21:53:31,2017-12-11 23:31:42,2017-12-12 16:19:42,2017-12-13 21:52:04,2017-12-28,34680d1b02df0b2510433c65f3ec7036,2017-12-11
9fb02202e7778ace9ab4c5bd3d1fc95d,740e4bdbbba1f7da2c2819d324fdc3cf,delivered,2018-05-14 16:49:19,2018-05-14 17:18:37,2018-05-15 11:00:00,2018-05-18 17:15:36,2018-06-05,2c683405d8605cba6348bbca4d22bf6e,2018-05-14
26f12055119a6272956b9ceaef2a6233,0f75bccc040aa9f03477f4fe05c62433,delivered,2017-11-30 16:09:58,2017-12-02 02:38:26,2017-12-05 17:32:57,2017-12-08 19:51:20,2017-12-18,0ecc403ec5d6ce000fd84f00cd5efb0a,2017-11-30
603691890e2bc99b1ae66b9e7ecbe3d4,b9fc6416c13c5387ce1652b003b18057,delivered,2018-06-18 11:50:25,2018-06-18 12:37:16,2018-06-20 06:41:00,2018-06-26 22:48:39,2018-07-20,ee2763c6ae2245b43519337b76573258,2018-06-18
725bc6e0462790b11f170e3729723857,765c00b61706e22bee156446e592a050,delivered,2018-08-22 12:32:55,2018-08-22 12:44:30,2018-08-22 14:01:00,2018-08-24 17:03:55,2018-08-29,00f7a39823c05d6a0675aa6dd276bfb0,2018-08-22
b36d2e6b1781d380e140608a4e831277,56ffad14ea1b4d2661e975f95f50f89b,delivered,2018-08-09 19:17:50,2018-08-09 19:30:11,2018-08-10 12:34:00,2018-08-22 18:04:27,2018-10-04,a93ef4ff71d0f83d54ab658ad156cd23,2018-08-09
4d04e8e9cb2a2dacee258022e86cc1ec,17f213c0ec73d313a15ffd954cab9a5c,delivered,2018-01-16 14:17:15,2018-01-18 02:12:50,2018-01-18 18:02:37,2018-01-30 18:57:01,2018-02-07,0d7241c7fb49c1be6e75c9fe99e0822c,2018-01-16
49e46b4388f4b9ea96901467bd26eb6d,788cffe37a94186e4ad9a9940f0f858f,delivered,2018-08-03 20:20:47,2018-08-03 20:30:31,2018-08-07 14:21:00,2018-08-13 09:47:40,2018-08-14,e823e677e884eb2ef2fcb871ddd3c182,2018-08-03
639a1c4782f8e67202d43d0e4b72e721,bf4f764d039ad2c41e7f94962cfc022e,delivered,2018-06-26 11:01:47,2018-06-26 11:18:21,2018-06-26 15:13:00,2018-06-28 18:24:59,2018-07-16,fff22793223fe80c97a8fd02ac5c6295,2018-06-26
1e7d79d08a87fbdc49009885f8990ccc,19c17c9f5ab0bbaeed20dafcb417af40,delivered,2018-08-21 14:51:23,2018-08-21 15:10:20,2018-08-23 14:09:00,2018-08-29 22:40:38,2018-09-05,a0b95bd8f303ed100b2eeabf2aee018e,2018-08-21
d7f0f03f8aff02c307964f1ecb044a5f,1d2830eca44109fe01eb92696f99baf9,delivered,2018-08-05 13:31:47,2018-08-07 04:24:43,2018-08-10 08:21:00,2018-08-13 16:48:47,2018-08-09,ffb572185af25751289ac38f38c7e2f9,2018-08-05
734fd23f82c457088580cf5a8c9da909,586917ded6789bf18fbd8db6e5683e6c,delivered,2018-08-27 19:32:27,2018-08-27 19:45:11,2018-08-29 14:43:00,2018-08-30 16:41:14,2018-08-30,65d58cdae26c09320ea4e17fe66d19de,2018-08-27
9a0b6a2c842e5a42bef91fa4c7dea9c4,e02cd9861f07833a0aa0e073527e81a8,delivered,2017-09-20 08:54:48,2017-09-21 09:04:42,2017-09-21 18:23:46,2017-10-03 12:05:29,2017-10-17,845828df44fa9c7c4be8908c59eada70,2017-09-20
bd54f9327a96271651655fe63b50ec1c,2588251e64ec416355e9fad44250ab48,delivered,2017-11-25 12:44:30,2017-11-27 12:36:33,2017-11-28 18:44:44,2017-12-20 18:11:34,2017-12-19,bb1453ebb07572c952b46ff1026e4af2,2017-11-25
d73c0976dbad3c54466df6b139b1ef3d,e48daab64bc1fe72f52a30f594d4c338,delivered,2018-07-24 16:42:40,2018-07-24 16:55:29,2018-07-27 19:02:00,2018-07-30 17:58:47,2018-08-02,44c5750e9d14ed43fe5a67492bcd6a75,2018-07-24
6bac466acd309707eec8a7db441a4e57,cec95d0ac6407b8ee8f5a56c45dfcfec,delivered,2017-11-27 20:21:56,2017-11-27 20:39:12,2017-12-01 19:32:56,2017-12-14 23:04:45,2018-01-02,a3d62db22729399a1f818ab32a03287e,2017-11-27
27117619ffada8253dc8cf4d4719ba6c,2dbb8beaee5122cd247ae28b0caa47c1,delivered,2018-02-12 15:43:33,2018-02-15 04:07:14,2018-02-19 23:13:15,2018-03-06 21:23:59,2018-03-19,7b7083ce4386a6c716311a0e156bc56e,2018-02-12
1ed30df5fa6886743c4509f8bd1a3241,50096615bb761a7405c8554e3df4c345,delivered,2018-08-25 11:48:35,2018-08-25 12:04:50,2018-08-27 15:03:00,2018-08-30 19:32:43,2018-09-26,a25caeda7fa47edd27714e4ebcae0d60,2018-08-25
4ae524821b5a89c26637f2dbba54c40e,5e84c9adddbf5d43f14223c9da669158,delivered,2018-01-15 19:16:01,2018-01-15 19:30:15,2018-01-16 23:15:06,2018-01-31 15:52:54,2018-02-07,ae93a1472fa014bfd2c9a46fac4b7294,2018-01-15
ed6b3b6afee46b97b6fbd13ce3856908,9432ed5b2d7363a1b99291be9ba4bfcd,delivered,2017-09-08 15:41:01,2017-09-08 16:04:44,2017-09-14 19:29:46,2017-09-22 20:04:03,2017-10-04,142575266950512b56af193f3962270a,2017-09-08
b52b4c23e1d9e705c8d31ab607ae9b50,900a671e292964b344e101ca2e529adb,delivered,2017-07-25 21:15:28,2017-07-28 15:35:48,2017-08-02 21:00:24,2017-08-17 21:32:56,2017-08-24,383da4541bbbd36ab41d752ffe5e0309,2017-07-25
e18cd51191ffbe2bca934d1d13805164,5c134dca7df257cb7068eefacd04e00b,shipped,2017-12-15 11:46:19,2017-12-15 11:53:31,2017-12-19 22:58:38,,2018-01-11,ff460daf2964c4cccf8602d6f8dc2fe6,2017-12-15
0667371275636232a05d55f2a8eada60,79e4ac5ef12e80fa1a850417b9c2156a,delivered,2018-07-08 12:06:00,2018-07-08 12:25:22,2018-07-10 15:27:00,2018-07-24 00:32:19,2018-07-31,948fa07f624daa357bdb33c808586c50,2018-07-08
7fc1ceacc9c0bddef529dcb6bf398d30,1de558d80912c90b13b12b010e5ffd85,delivered,2018-04-10 18:23:04,2018-04-11 05:50:38,2018-04-11 19:22:29,2018-05-07 20:20:50,2018-05-09,9114e0dc6b56a93f67fc787a16d0ade8,2018-04-10
5ca8f6d85ddd134a1a7fb558f60bf4d6,72f69fec8952b98662e01f015c972571,delivered,2017-07-14 19:52:15,2017-07-14 20:05:13,2017-07-17 17:13:59,2017-08-04 16:57:44,2017-08-07,f78f134a54a9d5e719eac8cdb8878fc5,2017-07-14
1dc01549b7e7404a9663b7d77306c897,1d09c130d3adbdc6384d4dd13880111b,delivered,2017-09-26 16:53:25,2017-09-26 17:07:18,2017-09-29 22:42:11,2017-10-15 14:02:44,2017-10-30,0ccb948a381d9527ed8500bf8ac516f9,2017-09-26
40956e6dd1d3604c48f437352e4dc3d3,3054b6322c7112b56c441d044a5b7033,delivered,2017-09-07 21:32:35,2017-09-07 21:43:59,2017-09-08 21:14:43,2017-09-22 17:04:10,2017-10-03,97c0d90b4d37062c75b5f836ce3ab957,2017-09-07
8f3440c3e7e7b3e7162c1c7edbab894d,7be16f4343bb4890564d03bdb43fbbe8,delivered,2018-03-22 15:50:27,2018-03-22 16:30:24,2018-03-26 14:46:33,2018-04-03 21:54:50,2018-05-09,38c157302fcabfca064c415c5716c618,2018-03-22
0aeb3ec8a78414261730773ddc9d2f7a,766794bf292c3927755733bb52bd8814,delivered,2018-04-13 10:32:03,2018-04-13 10:50:15,2018-04-17 21:58:47,2018-04-24 21:47:55,2018-05-07,91c52f2a0dc4b8665cdf1a5a7cc3570f,2018-04-13
2f252e33ea680956431ba9c2f5c87fe4,13d4bfc7473f56b5218e656f80d2ac67,delivered,2017-09-26 16:37:30,2017-09-26 16:49:40,2017-09-28 17:52:37,2017-10-03 21:57:59,2017-10-19,34ea5dfaac1f0059dc4eebe650ad636e,2017-09-26
5d2726f66ddaedbbef6d80ef66af0611,ec3c600305eb7f12a8e1033a61d335c8,delivered,2018-04-19 10:03:25,2018-04-20 10:10:11,2018-04-20 21:11:44,2018-04-25 19:32:53,2018-05-18,5124118c33c58bf9815e57469aeca824,2018-04-19
e40ab8f901bb919f04246d31ab76970c,d059c0ff27cf08f6d6c79bb6926c69b0,delivered,2018-01-02 17:42:24,2018-01-02 17:50:26,2018-01-03 17:23:03,2018-01-09 19:51:35,2018-02-01,81ea1f2d25c94b2d16c143331381635d,2018-01-02
80f1cd10d65b7d075be1ebc1a7fac86e,26eb046265602aeb0c810dfd1e4e329e,delivered,2017-05-16 22:39:06,2017-05-16 22:50:11,2017-05-17 15:17:03,2017-05-22 09:46:02,2017-06-08,a46e57fc46248272fbddcc3ea6e649f1,2017-05-16
c7a148eaa21451580d307090417eae25,6927bd0a23db4343c12b52a5687a4294,delivered,2018-01-25 19:44:53,2018-01-25 19:52:38,2018-01-26 15:52:28,2018-02-01 15:09:36,2018-02-09,2f9eee5a95f6d3bf5c48ada163c1723b,2018-01-25
46c25d5c696b53935b00b3e3fa555d20,b8733d8c52eb81f4ae5ce655728ff6dd,unavailable,2017-06-29 19:41:31,2017-06-30 03:03:47,,,2017-07-19,77ced396b1d502959b7ddb36c8377fc9,2017-06-29
0785459f4688c430590e9ef6eff2fecb,54081452326c25cde023a4c5a7850275,delivered,2018-08-27 20:03:07,2018-08-27 20:15:23,2018-08-28 12:07:00,2018-08-30 18:48:47,2018-08-31,58d4cf224e6986a2e6603e959b56c18a,2018-08-27
8fac65a1f16b2cad7dc493842c75a310,eb051f57608807c376e494d2ea16beac,delivered,2017-08-11 09:11:52,2017-08-11 09:24:09,2017-08-11 18:20:03,2017-08-23 20:25:56,2017-09-04,3eaf833afb9f6ad2eebd5c15202642fc,2017-08-11
02852b112ad108b3d2b3d4ee198d84a8,c45b7286a9a5cdce0152978d9f615be6,delivered,2017-11-25 11:58:17,2017-11-26 13:35:23,2018-01-04 20:18:57,2018-01-13 20:43:38,2017-12-22,9a855ffadc7ac38bd30515d077c31fbb,2017-11-25
920a1599f73c0a2ddadfb7caedcbda60,6d1637fdd19ffcde57f5e3f3eb6f79f4,delivered,2018-08-22 11:06:32,2018-08-24 03:24:21,2018-08-24 09:59:00,2018-08-30 15:52:43,2018-09-10,67d825e1df23a4149d08fa45a102cd45,2018-08-22
0b7b12a402b064d880d3cb31051f6d29,f4896997a6a8f1e3d089a04a44c39d71,delivered,2017-12-02 14:49:30,2017-12-02 15:01:09,2017-12-04 20:13:03,2018-04-19 21:18:52,2018-01-05,ff53f01e01b4920e90f47e742878cd19,2017-12-02
470a0f13c7dcaed98920bf6dd918e09f,17f71d3ec98d6d36f97a7378abc54c5f,delivered,2018-06-13 09:20:21,2018-06-15 02:36:58,2018-06-20 16:57:00,2018-06-29 19:05:12,2018-07-18,db9fa487bb00b75ee712cddc3009a13c,2018-06-13
4740fa59dd02d134ab8df371622cf38f,e1bd5bd86021b5bd95f9be2b1741aff2,delivered,2018-01-16 12:58:28,2018-01-16 13:10:12,2018-01-17 15:29:16,2018-01-25 00:24:44,2018-02-06,8eb8dca6a7764c24bc12b5ec4eb3f524,2018-01-16
502668fa85b6cff5243cf74ce4100182,d9ed2aaa4a3d2f49678445758a0ec6e9,delivered,2017-06-09 03:00:26,2017-06-09 03:10:13,2017-06-14 13:37:09,2017-06-23 13:09:09,2017-07-06,d2560fea402745a0f20f542f829c6109,2017-06-09
d1c90196444f5facb3a682e1a531abd7,299f38e2449cce61d9f3a2530c1d91c8,delivered,2017-02-27 15:16:24,2017-02-27 15:25:14,2017-03-02 06:57:32,2017-03-08 11:22:27,2017-03-23,79b9e9b310f3094c2cad708eb17508c2,2017-02-27
cb3b734d623b7ce468162b6ccea8fae2,1adcfb4ea0149f959526939db0931e6a,delivered,2017-11-28 17:05:19,2017-11-28 17:56:28,2017-12-02 00:07:10,2017-12-05 00:58:49,2017-12-12,71476525d76ae4dfe2eb1a908b05d2fa,2017-11-28
705eccb4d371ea1443a991787d36b59c,c22bd57c8f9d1cccc8084b844f125ec6,delivered,2017-12-22 17:16:42,2017-12-22 18:03:04,2017-12-27 20:48:43,2018-01-17 16:36:45,2018-01-26,bf5ba9d51656951d04271bc91ee61a7c,2017-12-22
62c71810c2add37afce40e5e272e0544,d7d1ccd6923eea9afd77651827d074d5,delivered,2017-10-19 13:47:21,2017-10-19 14:06:23,2017-10-20 14:29:35,2017-10-26 21:12:23,2017-11-14,763df21a007e965809530f6c7281517d,2017-10-19
93677192c2b70d8aa87b208b46fe9a09,75a1c32fcf51a0bf90ca27da1d941733,delivered,2017-11-01 14:41:55,2017-11-01 14:55:16,2017-11-03 19:37:05,2017-11-08 16:58:48,2017-11-22,4f813bcb1fc6c14a209ca59014318750,2017-11-01
21446a89bd1b60e7daab9013a9b1f6de,1e25d71519f5fca49a912fe5846ef99b,delivered,2018-02-28 19:40:09,2018-03-02 02:10:37,2018-03-07 23:35:16,2018-04-19 21:16:58,2018-03-29,280f4052479455e2975918c0f9bb6dcc,2018-02-28
402e0a2ad64d2f2b8f0d06d436789aca,84c6bfb65cffd4c4fbaabe31622495f5,unavailable,2017-10-21 10:58:06,2017-10-23 16:49:18,,,2017-11-09,34c7a4691f12a546b18e4a684f13bc55,2017-10-21
54b3dff57c665f797e9738df1014f9a0,e6a8ddc665d485959f163c554026e76e,delivered,2017-02-07 21:06:40,2017-02-07 21:15:11,2017-02-08 11:29:50,2017-02-15 15:38:51,2017-03-22,85920cc809327ef7deca52b5ae81a1c2,2017-02-07
192082962267d28289dfce5229891db6,00a5ee1a809dde5ccdb5b8c58531c343,delivered,2018-01-28 19:17:00,2018-01-28 19:30:25,2018-01-30 20:27:53,2018-01-31 18:33:22,2018-02-14,456351381464fe44c74f85a122d86839,2018-01-28
47a60b8da8b1f9287e940ef3d33473c0,c8564f088dc3ca12afd07f1515fc5386,delivered,2018-03-17 00:48:51,2018-03-17 01:08:37,2018-03-20 01:48:46,2018-04-11 01:16:46,2018-04-09,e8f066f3824b0b4cfeffa916ab47ef34,2018-03-17
de3be1cacca82247456d8ed36f4f9c63,af6c81f9ed3f319046388c170dacb02e,delivered,2017-04-23 22:25:12,2017-04-23 22:35:13,2017-04-26 09:22:18,2017-05-09 08:53:05,2017-05-15,2ba868bf06e61f43e3cd85bd6a9ff19c,2017-04-23
77c25f4b196368d4d43fb319b5d6ae80,ccc028642cff4a3356f1ddb0a62700b3,delivered,2018-02-28 10:21:56,2018-02-28 10:35:35,2018-03-12 23:48:54,2018-03-24 14:32:10,2018-04-02,aa1dd497c3d73cfa581744a3c56e2049,2018-02-28
5f584984f781a737f7a40522e1e8db52,28b4954efb44438d6b8eddc52ed8c341,delivered,2018-08-07 19:58:03,2018-08-08 03:30:26,2018-08-08 15:05:00,2018-08-13 17:47:49,2018-08-22,75d441e15d55741e935e018e42adca06,2018-08-07
8e0fcebda1a183b81c2349510bd90cb0,924d6470ea6beda5369225f276e6cd5b,delivered,2018-04-12 20:31:19,2018-04-13 14:51:18,2018-04-14 00:09:29,2018-05-09 14:59:33,2018-05-16,3e97b557704c1cef1c550018b0349a16,2018-04-12
6898d4e2dad0e7d07e74cbbff0a796e3,7e5ee4028e6aa22d999d62d221478949,delivered,2018-07-03 18:41:20,2018-07-05 16:10:30,2018-07-04 08:41:00,2018-07-11 18:18:38,2018-07-30,8b4bdc8644c23f6c8725753b80fcd29b,2018-07-03
797c6ff206949b463f4b498b5888e2ef,b3153b99b2c54af18a5ae22ae0e68f7a,delivered,2018-08-15 14:11:19,2018-08-15 14:45:15,2018-08-16 14:23:00,2018-08-24 13:52:30,2018-09-04,cd915c60db8686f9a3dc35745aa1691c,2018-08-15
2d846c03073b1a424c1be1a77f532dad,5a3473648da10d2800f4783f6426355e,delivered,2017-05-10 15:18:16,2017-05-12 02:45:22,2017-05-15 09:14:35,2017-05-25 10:49:48,2017-05-18,c2167133926371fa294b6b7e9da001e6,2017-05-10
398c8e07a36c8e10448623bb36a16bec,dd9fb9905e0a0a4f0569fd9478774b18,delivered,2017-07-30 19:07:55,2017-07-30 19:23:30,2017-08-11 19:02:40,2017-08-22 18:39:52,2017-08-31,77d964bb8c705665411c4107f41beeef,2017-07-30
33e2db141538ccdafc2be5b0e9691157,37ff611a66e811a6732203b3d2b38ad5,delivered,2017-09-05 08:48:29,2017-09-06 02:50:44,2017-09-19 20:37:56,2017-09-23 14:33:26,2017-09-29,ad00064c4378e2e092279373e8c17f57,2017-09-05
3621b14695412ecce5ccd37d32c6485f,fb0d7f836d199425d6c6487df27498a2,delivered,2018-01-29 18:51:19,2018-01-29 19:13:57,2018-02-01 20:22:10,2018-02-06 18:22:35,2018-02-20,bff0087571cd56beb088fbc9f7ae22e4,2018-01-29
1a949e19da7e100bd8220d2b47db7eec,89cad968aa5731c56bb79061d08385a6,delivered,2017-11-21 16:34:39,2017-11-21 16:51:18,2017-11-23 16:18:59,2017-12-04 21:26:52,2017-12-08,fd058656c5305071fa1a225f4afaa832,2017-11-21
50a178ade9e159084ae7b05d937a9922,af69ec041cd4827661ece5b8768256a5,delivered,2018-05-09 17:41:29,2018-05-09 17:55:24,2018-05-10 15:40:00,2018-05-19 15:08:36,2018-05-17,33459171d0db0ea607df389e4642a5f7,2018-05-09
80039f1a61066974579290461478b384,d65d6873916a1dd38d8527ea4d90abb1,delivered,2017-12-15 17:06:06,2017-12-19 09:51:48,2017-12-20 21:52:38,2018-01-04 23:27:55,2018-01-16,c42b4527a3fe90a5a5c3a4f8df564348,2017-12-15
9e54486964c7c43054ebe7b4385feb27,b29a83b9bc9f7817f312ba87ff47402f,delivered,2017-11-13 09:46:54,2017-11-13 10:06:23,2017-11-22 02:02:59,2017-11-28 19:38:43,2017-11-30,5a357b4b69f6d21c03cfc5727829b0e1,2017-11-13
6f9f510503836c2006694d0d0f8b142a,c722eec1496fcaffe36d6c77cdcb2a37,delivered,2018-08-14 16:13:51,2018-08-14 16:44:09,2018-08-15 17:42:00,2018-08-20 19:08:04,2018-08-27,dc3c90bc6adb97d7cd4e14d3399b463d,2018-08-14
1378ae963e03b117d380f928164e9599,0a06694f03b9707bbd095db49e7a70fb,delivered,2017-11-09 20:55:15,2017-11-09 21:10:46,2017-11-10 18:28:08,2017-11-13 19:19:03,2017-11-23,0f1a32b54d249bb2b49025dfac83199c,2017-11-09
4e2ac439a2abbb795c7276e9eaffc180,51f0f268cfd97b4d629122668c5be9c2,delivered,2018-03-22 18:42:09,2018-03-22 18:55:28,2018-03-27 02:32:45,2018-03-27 11:03:35,2018-04-04,a3b654f459c79a941ed019528bb9f349,2018-03-22
39b208d309c95588bf7a4ae2f20b9232,28c71ff0325445b8ed595d7d2bb4b7ad,delivered,2017-07-13 18:38:13,2017-07-14 06:45:21,2017-07-14 19:17:55,2017-07-18 18:56:10,2017-07-26,2db37a6c0fec55e442c67454f0de22d5,2017-07-13
21c4830753ec0aef4a21072587e6711b,b1485077f1679d1b2651d9e669a27bbb,delivered,2018-01-22 11:43:57,2018-01-22 14:22:55,2018-01-23 19:33:38,2018-01-30 21:19:29,2018-02-15,0e4c82c63f53994a157720fbedc629fe,2018-01-22
cc70bdcbdc96a3800ea3cecdc98b1a72,0563e58ea5bb08719e7c7016e1d6b800,delivered,2018-06-15 21:12:07,2018-06-18 11:42:08,2018-06-19 06:16:00,2018-06-22 21:36:38,2018-07-12,b6a65479eda98ce46d2c46ee41dddeb3,2018-06-15
afb45414100054ba4a61c3fd695ec72b,28b262124355fd4a2cb7c60d28d27d28,delivered,2018-06-30 15:21:43,2018-07-02 09:50:15,2018-07-03 09:40:00,2018-07-12 23:02:58,2018-07-27,67f3216febf1db6d766483d7ea9ca752,2018-06-30
c07d8a25b8a93351b539806c6deb8236,4493792a6a62a679d5d4dc142264df99,delivered,2017-12-29 13:49:33,2017-12-29 13:59:24,2018-01-03 21:38:31,2018-01-19 15:52:18,2018-02-07,acfb34f2cb629f327753402be932498e,2017-12-29
1c11b1c44ff1f6059f4fdf48bacf3e82,233ce0fc0c9cee5a2d1f4008f36e8fd1,delivered,2018-04-15 16:59:54,2018-04-15 17:15:11,2018-04-16 23:34:33,2018-04-17 23:28:29,2018-05-03,7255d198dc74d947412221c2385aca83,2018-04-15
5f61c5e12b763af10b4535483dde8beb,4c9fd11c171d7108153b61672219ff98,delivered,2018-06-28 21:07:03,2018-06-30 02:55:11,2018-07-05 07:05:00,2018-07-11 02:49:31,2018-08-06,37fe216f89fca735c68883f43eadbdb4,2018-06-28
d62af11a434a8ee473d29426f6b5ff8d,78d33365650d124d2b20423fd6527ed8,delivered,2017-09-13 09:21:17,2017-09-13 10:15:16,2017-09-14 17:54:59,2017-09-18 16:43:42,2017-09-29,a9c99a3a7e66d3a596bd9907a3079e9f,2017-09-13
ff04bc23fe11c6cb9ed71568895a5328,c2d5b948d7ddb2e2e156098bf964b5ac,delivered,2017-05-19 09:26:21,2017-05-20 03:55:09,2017-05-23 10:17:05,2017-05-26 15:19:50,2017-06-08,117f44d4aa91f002c9536beb80eaaaaa,2017-05-19
5fa07dc6decfe46fc927c21aa315c87c,ea2f8441c9dcd335ba85cc4d8818712c,delivered,2017-08-18 16:46:14,2017-08-18 17:15:19,2017-08-21 19:57:58,2017-08-25 21:47:46,2017-09-25,b8e1e09b3de04d9d6f961e57c18fa16b,2017-08-18
d8eaec04332d52c4a8376881e5af91c8,14dd8f53301c41af3243ed5ad0c9260a,delivered,2018-06-21 17:26:42,2018-06-22 02:58:29,2018-06-22 13:07:00,2018-06-29 12:28:37,2018-07-18,6e47f24587a91a67cb8f7e01527eed3a,2018-06-21
3d81523ba23d554cebc2ce14e9db898f,235cf074ffdf284e2debdd829fbe561d,delivered,2018-07-08 22:35:56,2018-07-08 22:50:17,2018-07-10 07:00:00,2018-07-13 19:09:37,2018-07-30,1f30bc2f32c020750201a5681a51c625,2018-07-08
aa416218af39ef77e7ed168633b9ef53,65606708771e3c8e13de274735faf690,delivered,2018-07-27 10:41:55,2018-07-27 10:55:16,2018-07-30 15:16:00,2018-08-03 21:08:46,2018-08-21,da426c858710d96b143677a1859a71f3,2018-07-27
6521b1807385a964cc81a47662bd6ca2,cd5dd3338f6485acca4c019c5bc902f4,delivered,2018-05-01 07:24:30,2018-05-01 07:35:09,2018-05-03 09:26:00,2018-05-11 18:23:46,2018-06-06,8efd473d351ff73c800786de39af5e4b,2018-05-01
6e6ba99ba306b937fc7730f3e06cc1a6,815a680608ecf58bb28d25fbb5c82ec5,delivered,2018-07-30 10:35:49,2018-07-30 11:31:21,2018-07-31 15:04:00,2018-08-01 16:18:59,2018-08-06,0b8c318bf782ac0deb05582f0a6ae812,2018-07-30
3e973e154fa0787c8f507fc0929c96a1,dd246f1ceb6e1c4742ced540497fd034,delivered,2017-12-15 21:26:00,2017-12-15 21:36:29,2017-12-19 02:21:42,2017-12-22 16:26:01,2018-01-04,ca803e020942e8a6c8db6489a16ebc59,2017-12-15
0cabda713646db439e030172e3feea6d,d42b187f05a3ad462f61b718ba871f05,delivered,2017-03-05 13:17:31,2017-03-05 13:30:20,2017-03-07 09:17:36,2017-03-21 11:47:32,2017-04-04,cbebce165db72a2bfba9e81a3411bdf7,2017-03-05
1a64643317da0457d3f145fab8734b22,0d2aa9f205cc47cd8ffcfe0f43499f2e,delivered,2017-09-09 03:24:19,2017-09-12 04:45:01,2017-09-13 12:38:05,2017-09-21 17:33:11,2017-10-05,7b32049d8495d56c8b27eae575921a60,2017-09-09
88c3545726570a614531a593a21eca1f,929a8272f32eb54ed5df77ad7ffa9aaf,delivered,2018-01-22 20:56:09,2018-01-22 21:14:25,2018-01-25 13:44:10,2018-02-05 19:53:20,2018-02-22,802db3e74bb4dba7b8db1cd6957a59b6,2018-01-22
a267e89993dbe4178c877361a582f06e,2528303d2867f41a6a4784c5492e56ff,delivered,2018-01-30 11:00:36,2018-01-30 11:15:47,2018-02-01 17:08:46,2018-02-02 18:08:48,2018-02-15,21915e1eb765a21b294e4e1215483811,2018-01-30
d7e6b2a827de13f3b539c79bb5b89577,9b9e429977f70274ea05c6691650991a,delivered,2018-08-14 17:39:49,2018-08-14 18:15:21,2018-08-17 10:05:00,2018-08-30 14:23:36,2018-09-06,3510fde90b47c4962dfe1ba700580534,2018-08-14
1475b48ac68609bab99db5b786eb00e6,0f3837271c85e1d77df6c9cbd86605dc,delivered,2018-03-27 14:00:12,2018-03-27 14:10:19,2018-03-28 21:04:41,2018-04-13 10:55:49,2018-04-20,2a98d7018ba221c3748b4c9f23a1d31c,2018-03-27
725caf02795e0b544f8632bc82a3390b,14659bf9511afbf43d66fcc2d7c109a4,delivered,2018-04-24 20:42:11,2018-04-24 20:55:34,2018-04-25 08:47:00,2018-05-03 19:41:07,2018-05-16,d76b4e4b519bf38c5b062a295edc946b,2018-04-24
5a50ee4e7bf3b3bf306a1c3f19a1a885,72680b3da61c269ad2e5d342356fec77,delivered,2017-08-30 17:50:38,2017-08-30 18:07:58,2017-08-31 19:36:56,2017-09-15 19:07:53,2017-10-10,6f038d97763c80191934b0c1497bbcf9,2017-08-30
0514e4dbba025db4265c73bfb7371261,0fb28a40a032e249f0b00058b4f82e68,delivered,2018-04-11 19:29:01,2018-04-11 19:50:48,2018-04-12 18:51:05,2018-04-30 22:12:25,2018-05-25,b2a3befd6bbdb910fdebc1622aedf626,2018-04-11
3d7d9c3454ecc0d556808546b6052355,dc0ebf4ca1f76e51ef0236126af5dcef,delivered,2018-05-10 20:49:54,2018-05-10 21:10:53,2018-05-14 14:49:00,2018-05-30 10:56:31,2018-06-07,329123e2077790e16cdd89587d0e75b6,2018-05-10
826c215c77d0299238e4a2d52a8f5a99,7af79c8f9ecbb3aa777e5688430cc480,delivered,2018-05-30 11:04:00,2018-05-30 11:15:14,2018-06-01 12:04:00,2018-06-14 20:34:51,2018-07-11,77fa3678811c2abc56902a24273a4dbd,2018-05-30
e3c2bd85842c8c1e31ed960eea5fa85c,a79ef0f63f2e7c27397ac0ff07609be0,delivered,2018-07-29 14:54:53,2018-07-30 18:31:05,2018-07-31 08:31:00,2018-08-07 00:36:44,2018-08-27,93e0446b907d0a5fc78835cc52c0f3ee,2018-07-29
6b16a0ae1faf3e872c21113790db6c96,d23bd4ead6ea60ccd83d6c36548517af,delivered,2018-01-17 11:18:03,2018-01-17 11:30:43,2018-01-18 14:49:10,2018-01-24 19:18:57,2018-02-08,865e25a02bde3f46a70089c76c74f2f9,2018-01-17
fa80f0d51be5bc219ebc8193038c17b2,8bb898daa7332ba25d9d94d45c90a790,delivered,2018-05-06 13:15:08,2018-05-08 19:55:38,2018-05-09 14:25:00,2018-05-14 19:16:41,2018-05-29,041cb18ac55ec7176dbaaed48ca669fb,2018-05-06
ca5194dbc94536f842d03241b5a223bb,feb772c349f07b647d5ce9d2ce740081,delivered,2018-07-14 08:04:25,2018-07-14 08:23:51,2018-07-16 15:14:00,2018-07-26 14:32:55,2018-08-13,55a5d857599f61f045f9956f9180262d,2018-07-14
cca4026695c4b2f280bc099e58601c71,1cf11582fcfc4e9b387dbcf13697a623,delivered,2018-02-26 14:56:52,2018-02-28 09:56:21,2018-03-05 17:41:54,2018-03-12 12:46:43,2018-03-19,4e7d084161eec682220d0adeec4eec8f,2018-02-26
04c8fbbbe02b38bd685ad085fcaf29bd,934007549103fe58f85261e64dd7c68c,delivered,2017-05-03 20:02:34,2017-05-05 02:25:27,2017-05-22 10:52:04,2017-05-27 23:27:59,2017-06-01,2959e8ddbfa63620bfb04af4121909c5,2017-05-03
f2f994648283ef31bf69ae8b9109921c,80925a4c21e233f8dfdffd25b727187b,delivered,2017-11-24 17:11:43,2017-11-24 20:52:33,2017-12-09 00:07:06,2017-12-19 12:03:09,2017-12-15,7e82fd8a6c26147a8797d761fa68c497,2017-11-24
3c1c45c6ad5ec5fdfbb0aa0e29a4ea23,b22aaa0f32899076819cabcf2bae02f1,delivered,2018-07-14 19:45:26,2018-07-14 19:55:11,2018-07-16 14:11:00,2018-07-23 20:51:45,2018-08-20,a9ef0bed0a60c4c3376d32f65748efe8,2018-07-14
ba69bf31fc071fd084f9967e05a7c479,6878b420a6ca5508cfeababb62222241,delivered,2017-09-19 13:30:18,2017-09-19 13:44:10,2017-09-19 20:47:35,2017-10-11 22:41:33,2017-10-11,6f9a2828aa640376cb773d3efcc4fb52,2017-09-19
3158707358b447fc894a497446d1acbe,b75c55b5ed02d1023d89f72242c24fb9,delivered,2017-10-17 08:51:42,2017-10-17 09:07:24,2017-10-18 19:34:44,2017-10-25 19:04:50,2017-11-03,22dbde006daf8ad7c9335c2c286d2ab9,2017-10-17
146479aaf9d2856e1d613691b0d0b049,ec3475a898bf9dbb028af20960470d74,delivered,2018-01-20 20:00:12,2018-01-20 20:20:18,2018-01-22 15:24:10,2018-02-02 04:56:36,2018-02-16,66ffab11964dda54f46a826323635120,2018-01-20
6b340dba6060720c85c4727917da3603,e2b9a13dadfd42267c8f99757dd95e63,delivered,2017-05-19 13:27:20,2017-05-19 13:35:15,2017-05-20 07:06:52,2017-05-25 08:52:46,2017-06-16,c2e6cd02e75e83ebd8c81a89f2209b56,2017-05-19
8c55c1f57a0d612e7dbfe23c7376b612,38623e7d6365bafc3b3bacd7d64ffda1,delivered,2017-09-30 07:55:03,2017-09-30 08:07:19,2017-10-17 19:09:26,2017-10-23 19:25:12,2017-11-01,8f91ed4e9b53da730f301ccff96a97e5,2017-09-30
7eceac74a363199f9c55074132fb8641,bc8910a25e3275b36bef3f8ee1578b14,delivered,2017-10-27 19:42:17,2017-10-28 02:55:51,2017-10-30 19:06:53,2017-10-31 18:52:09,2017-11-09,957409de18d2d2dc5212f624e7d10ba0,2017-10-27
e1976adafc8511c7b5736536b09605c1,6827d3b99adbf682f10a79d50e8e878f,delivered,2018-02-27 20:15:14,2018-02-27 21:15:35,2018-03-07 00:07:48,2018-03-09 19:52:02,2018-03-19,e20d9dc6159a9157c8fabbdac2a05319,2018-02-27
cdb67b9f52b1b7cd79169a5aae48d7c2,86d44d270b72592dbef78de27ec82d08,delivered,2018-03-07 12:04:58,2018-03-07 12:15:42,2018-03-10 00:07:27,2018-04-02 11:46:28,2018-04-05,e90232e0cd21ee07204d10fd88bb0c97,2018-03-07
3636e49ba7039156231c33afc15f1dc7,2eca35f786a190856c77ba9858505945,delivered,2017-12-06 11:27:31,2017-12-06 12:03:56,2017-12-06 22:52:56,2017-12-19 15:12:28,2017-12-29,14b425ced7f5645de1b73a2f03e92b12,2017-12-06
cb59b92296f398684c3959ad783f6402,e3714a321bd62a15f10dada6db668fb1,delivered,2018-03-22 13:58:17,2018-03-23 02:15:54,2018-03-23 18:32:34,2018-03-26 18:51:58,2018-04-05,374750ed3d0d0e2503872b9014cee11a,2018-03-22
0b843f953899d9a1d084c1f5163027c0,a646acbc1456be6eafd75e04d1368587,delivered,2017-08-17 23:03:28,2017-08-17 23:55:08,2017-08-18 19:03:58,2017-09-04 19:24:02,2017-09-21,92a9601c31da170034ec411625bed475,2017-08-17
6bdf0266efb0d65c6c32bc9e3d762e92,75c04bc5c1984c4333b9eb45bd217fce,delivered,2017-11-01 16:00:33,2017-11-01 16:31:06,2017-11-07 16:44:54,2017-11-13 19:54:46,2017-11-22,b6cf39bd4b5366458bd15a532baeefa1,2017-11-01
ab0ace3eac748a915e3dec4d62898f76,1145b7e7701544cc110cf11f0f5462bb,delivered,2017-10-06 00:22:20,2017-10-06 05:34:31,2017-10-06 17:52:29,2017-10-16 18:33:39,2017-11-09,35c636d4e43216044ff512852a93fc48,2017-10-06
2973501c740d29c4ad13c14b660e2472,7e055e855f6b9d914050567f4d287248,delivered,2017-03-02 12:02:08,2017-03-02 12:15:21,2017-03-07 09:44:44,2017-03-13 16:43:55,2017-03-23,e29b7a72de7ad63e0ef0efa838abc5f0,2017-03-02
7ea643d8802c6875dc51108bd2386c8d,561d23a482adeb8967352285dbd852a0,delivered,2017-07-06 20:19:20,2017-07-06 20:30:21,2017-07-26 15:32:25,2017-08-11 20:11:27,2017-09-01,ca6d9bc2e717c2a0aa19d77a3bfa5398,2017-07-06
fa7abaa54221daac45610e9e5ed24cf4,7eb4473e48c663f0db4ab0b6666492c3,delivered,2018-02-01 22:14:15,2018-02-03 02:52:37,2018-02-06 00:35:17,2018-02-09 02:42:37,2018-02-23,39483d5b72e19a377671e29c4768ba5d,2018-02-01
c6bd73c66f32639f81a7e47304535c96,0fb114a0daa717bfb16a4155b898461b,delivered,2018-05-09 16:18:12,2018-05-11 03:10:48,2018-05-11 13:55:00,2018-05-18 15:44:29,2018-05-25,343fc5ba6c25583233f749bca311cca4,2018-05-09
0799d89dedaf5ef08f3a90b967cb2ccd,8f4f79e8101ae921457541beba9611bf,delivered,2018-02-22 17:58:21,2018-02-22 18:55:31,2018-03-05 10:22:50,2018-05-09 12:26:39,2018-03-16,f7423590e53e055c672fb165a6a5c2de,2018-02-22
bfdd803339c3236164d4fda73c95f5c2,0879e009db1e47cc3e144dd67b38b4f2,delivered,2018-07-30 16:06:51,2018-07-30 18:31:40,2018-07-31 13:45:00,2018-08-09 17:28:46,2018-08-15,34728d8e24570a2c5be957176d56f1af,2018-07-30
d2cb213104a7dd8061659b063f1477bf,1126badc0ce9eeea60dd0fb8c2924313,delivered,2017-05-23 08:40:47,2017-05-24 02:50:29,2017-05-24 11:49:35,2017-05-25 14:26:57,2017-06-12,52516ca65414d0928486f06fda9096d1,2017-05-23
633bd8dd4d19125b69aeee2526f79779,026ca919d538ee454a6d43fc8bd01de0,delivered,2017-08-20 18:10:06,2017-08-21 15:55:20,2017-08-22 18:03:16,2017-08-31 18:27:46,2017-09-19,018b5a7502c30eb5f230f1b4eb23a156,2017-08-20
73b6681d5b9ead3f8fbc883a3592a34a,ccdf81f235e707635ebd3e805edbf9a4,delivered,2017-10-15 22:42:20,2017-10-16 22:49:17,2017-10-19 18:13:05,2017-10-24 18:19:33,2017-11-06,0ab61006a7ef15fabfccad3273dac139,2017-10-15
23f0043c61ae2348a350f3cc20762914,8045315cc9f982f5294eadd49d0afd80,delivered,2017-12-03 19:24:26,2017-12-03 19:34:23,2017-12-04 18:07:13,2017-12-14 19:27:42,2017-12-28,b14be60758a3025e0664aeb157925205,2017-12-03
69844f176919a975b85b1098214d4c2d,6dc5e0332cc8abdd6ca44c47fff35dd2,delivered,2017-07-09 19:28:42,2017-07-09 19:43:13,2017-07-11 20:09:33,2017-07-20 20:21:53,2017-08-01,f7ec1f1dd2af5c92002dd7f04a796928,2017-07-09
9ec8b1c04bc01a42cb3896e90c2b701e,8af87a47ba60bce3719d7e19b6d1ff13,delivered,2017-10-23 15:58:21,2017-10-25 02:08:29,2017-11-01 23:38:49,2017-11-15 13:38:33,2017-11-28,87a584a81d1cce5c78c4064e5c022cef,2017-10-23
388d683431db37774946413cbb22210b,86a37dbd4b61a93b6fb20527263bca1d,delivered,2018-04-01 20:29:54,2018-04-01 20:47:31,2018-04-03 20:03:31,2018-04-05 13:32:22,2018-04-12,17029a65a832ac0a58da6ef9df2fa900,2018-04-01
e65ed79c46c63118f16efacfca85f06f,5987f18d2c3ead18c053284bbc7d7ce7,delivered,2017-05-17 17:42:53,2017-05-17 17:55:11,2017-05-18 15:16:02,2017-05-23 12:08:07,2017-06-12,45a717e33d8ef0786a2ae18b26e63b8a,2017-05-17
d9fc4886cbdda945f7974e3857807bff,48dc172fdec2d72357655991793aa15e,delivered,2017-05-19 19:43:43,2017-05-19 19:55:08,2017-05-23 15:16:09,2017-06-02 13:53:40,2017-06-23,3ad62aada70e8ef15f8930d15454a4fb,2017-05-19
3d61e9970cfb1669c490645d74bf7405,b58cf9e5b75bea368154886bcfef2d82,delivered,2018-07-23 22:47:43,2018-07-24 10:31:08,2018-07-25 12:32:00,2018-07-27 14:28:55,2018-08-13,d39d81d41f16158fbae19444979c93aa,2018-07-23
ccac1a9dee556f517bdb745dd29bcb68,1a46899c81a1f73c1338cffd1164751d,delivered,2017-09-05 18:45:31,2017-09-05 18:55:17,2017-09-08 19:27:55,2017-09-29 16:55:36,2017-10-02,5f7f0d66e0f4c4ced578a53f2e0b2264,2017-09-05
ed53757133903f601864b13c9090b144,8d7caf4897a548539aa9d632d96936aa,delivered,2017-06-30 14:29:09,2017-06-30 14:43:31,2017-07-03 14:19:25,2017-07-17 20:47:32,2017-07-26,31386ac80f5818ae859cd37e0a0f17af,2017-06-30
88543da9ad238e70098166896bf9ea06,8c36552c8308b0ba88cd19ba9fa14597,delivered,2018-08-14 10:47:21,2018-08-14 11:04:24,2018-08-15 14:54:00,2018-08-16 19:56:40,2018-08-17,68b47ae4390052f8d60dd4f4a0c45102,2018-08-14
ca51acb0ea778cd548d56dadc66f014f,4bbdd92fc1be04b9a0bb33f02d20a85e,delivered,2017-07-12 20:54:25,2017-07-12 21:05:24,2017-07-19 20:51:58,2017-08-08 11:12:03,2017-08-15,d6bb892fd2920399b89ddd97e887611e,2017-07-12
2f1a5157e323f52d58fca608db06ac82,0cba5ae69e1d511fdf214aa4ab92740b,delivered,2017-12-10 13:52:40,2017-12-10 14:10:30,2017-12-15 14:56:42,2017-12-27 22:42:44,2018-01-05,90dc9cb47f1e585ff87ba74dbbc82e8f,2017-12-10
a40660e306af15d3771b1b2e0a3a75db,ff2e5564a16076f9e0d973371c33a393,delivered,2017-12-18 19:26:02,2017-12-18 20:30:38,2017-12-19 18:37:26,2017-12-22 17:52:01,2018-01-17,8434fe4bd02178f461363f95ddb9d826,2017-12-18
f88efafe68a38b479def426923166490,fe6104f311827c6da370d03f8d54df05,shipped,2017-07-03 13:16:21,2017-07-03 13:25:18,2017-07-03 15:09:44,,2017-07-28,c21b6dcc17f61c4939d71093980517eb,2017-07-03
270e9c5bf02290f6b29494d0f3e075be,6e1f501183f927c0d78d16708bfd64a3,delivered,2018-03-12 14:35:10,2018-03-12 15:38:56,2018-03-13 17:19:04,2018-03-22 23:12:36,2018-03-29,e796b5a792c6016bb2b63c59ea8ca8d8,2018-03-12
69b0be01136104a7de9c37d9f0a69c32,7d118d305d09971996fb37b014ec9041,delivered,2018-06-30 10:29:02,2018-06-30 10:50:15,2018-07-03 01:31:00,2018-07-03 22:48:03,2018-07-17,57af3c2b507952ed25035aec31afc93f,2018-06-30
0a7888b4a8bdf63a03f4e7db63a6fc59,b3bf953a576c12bd6c05c6fb3ca27e4d,delivered,2017-07-06 16:19:17,2017-07-06 16:30:31,2017-07-07 18:27:29,2017-07-24 16:04:40,2017-08-03,07f6a8a8ed248be9ae90368c379b1afe,2017-07-06
3c6ba7a3320c8c63c76d343c388ba219,42cb6791d77b43e03043928246e7e635,delivered,2018-02-22 09:36:58,2018-02-22 09:50:30,2018-03-07 23:05:25,2018-03-26 23:38:41,2018-04-05,2136b2c3a9cdc3339a8245dda369171c,2018-02-22
56a180bcb89d62e8620d006de4c4bc4d,453acab2b65f43296665547b822b9b79,delivered,2018-04-10 23:27:56,2018-04-10 23:50:32,2018-04-12 12:18:31,2018-04-24 17:34:38,2018-05-03,556a795f0c4fc9414ad99778902016ea,2018-04-10
35a86fbb7ece0e99565ee0213d06c860,17fa9373244b0273133b546b4e718cd8,delivered,2018-01-09 15:15:49,2018-01-11 03:31:15,2018-01-11 19:33:21,2018-01-24 22:37:14,2018-02-05,4480aa916790ae41d2beccc4c42fc76b,2018-01-09
788981eeae5e313081bd50e623f540f8,8d530bb376a32c1a88884c941bfa3789,delivered,2017-07-13 14:51:59,2017-07-15 03:25:18,2017-07-19 20:39:01,2017-07-25 19:07:02,2017-08-02,d033eae5473c7377e1b9a76db0138f25,2017-07-13
6d124ae5d617f5ddf8eee412524850c0,efdec3ea6e5812a498878e88c96d160c,delivered,2018-03-29 23:56:38,2018-03-30 00:09:22,2018-04-12 18:52:49,2018-04-18 15:37:30,2018-05-07,d682fe4612915c050609d077c3dd2463,2018-03-29
224b8a1097696621e5ab952014690223,fa52fccf0dfd67b8d1ed46b288088853,delivered,2018-04-05 12:54:43,2018-04-05 13:08:55,2018-04-07 01:17:47,2018-04-12 18:28:30,2018-05-04,074acf213b06cda604400cbbcc02a4eb,2018-04-05
24dcf58639c7253fdb1a060a4f875558,b5d8ae6617dbbfe9e8376cfa1ac365ed,delivered,2018-03-07 12:30:47,2018-03-08 02:30:52,2018-03-12 20:48:31,2018-04-02 17:29:28,2018-03-28,a607358920a2fff5bdcbaeae5e17971a,2018-03-07
da7025e8d32030ef1d9e4a200eb7dcec,02edb3a95305c7b4e3d0e666744b1fb9,delivered,2018-06-16 19:46:56,2018-06-16 20:18:50,2018-06-18 13:20:00,2018-06-26 01:28:35,2018-07-31,26ee6866e32b3a70b86545f99bcafe8f,2018-06-16
a52686340f8f97da9e95d8acf0b515c0,c3d0e33c9d758991233ba3cd56fde6b8,delivered,2017-09-14 09:09:57,2017-09-14 09:24:33,2017-09-14 22:56:27,2017-09-19 18:57:38,2017-10-06,498047627ad1aff4384cd47f3086ddd4,2017-09-14
ab344aaf7040ad7bcee8c7ae7db9e87e,d268cbcb47089f26a104f976d5ffec62,delivered,2018-07-01 15:36:23,2018-07-01 15:50:03,2018-07-02 17:18:00,2018-07-10 19:18:35,2018-07-25,8a51710f291499f45b89aa58c7bbd9a8,2018-07-01
e5553d5b13eca7d505eef090ff6e7bfc,105788b61e5c818bb354138f728cc37c,delivered,2017-10-22 17:34:54,2017-10-25 11:28:22,2017-10-26 20:40:17,2017-10-27 17:27:53,2017-11-03,14cf4da5ab973f14aca6952fa444d7c8,2017-10-22
9c9de9ca209ab5a4f0b1e55730231247,f4e25d1d164658c6f837220b0c377eb4,delivered,2017-12-07 16:02:23,2017-12-07 16:11:55,2017-12-12 20:23:22,2018-01-03 15:33:05,2018-01-10,8e0275b5c7fb6f05e312a1079a674410,2017-12-07
cba1ccee763d2eaeba1c00d3a22809a1,0a93027420152391fb4ca584eb4670ba,delivered,2018-02-07 16:48:51,2018-02-07 17:09:57,2018-02-14 17:55:19,2018-02-27 19:35:47,2018-03-07,ca44a3391c5f7f5f94239e88dcfaf7a7,2018-02-07
8e029d51bb988ddd1e92385dce8de59a,b6ee22d5dbe6ff4f160e31c63e97215a,delivered,2018-07-24 20:45:16,2018-07-24 21:05:09,2018-07-26 11:55:00,2018-08-01 16:16:49,2018-08-07,7849336c1b7785f258ffef06aedbd216,2018-07-24
9c5387e0f57fcaaf624c791bc5a7d003,521a87ca8dc6b61ccc88f0ac1ce2ab00,delivered,2017-04-18 15:41:19,2017-04-18 15:55:21,2017-04-24 07:12:22,2017-05-03 14:24:05,2017-05-12,754b8fac9ad4dc992a954798894ddc38,2017-04-18
46747ad85b9cf9727f269697bb56b77d,ea9e30e3822837c43013a92d137ec31e,delivered,2017-06-17 20:34:00,2017-06-17 20:45:15,2017-06-19 21:14:54,2017-06-23 13:13:01,2017-07-10,1fb6e3e1793aeeb10034916c61b4dd37,2017-06-17
f1e52bae5718b3a66d02799d6de63027,f84c099bf96cf334e76c07a3b319b1b4,delivered,2018-03-22 08:11:00,2018-03-22 08:28:53,2018-03-23 01:26:35,2018-04-04 04:22:40,2018-04-19,1530603320b07903f579d9178055df29,2018-03-22
2130488399245a8d0444111813b29d86,e4d02bc33ec40414206c31128b3333d8,delivered,2018-06-22 00:30:59,2018-06-23 01:15:46,2018-07-06 11:39:00,2018-07-13 22:36:38,2018-07-25,1e467b005ba7dbd76b39a9d2402f149d,2018-06-22
7485a2fd25ea2d65d745b44dce5872c7,27f41158cac3ac237d2936fcb92f5a50,delivered,2018-08-15 16:38:44,2018-08-15 17:20:04,2018-08-17 12:41:00,2018-08-29 21:03:29,2018-09-05,251b32bc8e6d7b165e8eaa30349680b1,2018-08-15
4c93b283893b057fe314b13138f01119,7d56470ce997ee63cdee96767fd86380,delivered,2018-06-11 18:16:15,2018-06-11 18:42:06,2018-06-12 13:26:00,2018-06-23 17:38:21,2018-07-11,cc2aab5230109b447c1591ea419fa92a,2018-06-11
8528dca53d56bc80b2762f5506b12296,7d59e541e73484ff409f45b78f21209d,delivered,2018-08-13 17:11:50,2018-08-13 17:25:16,2018-08-14 19:23:00,2018-08-15 18:06:55,2018-08-16,6384ac2d58e223539e9a158ca39d1db9,2018-08-13
618a183c0cfabdc0b2f2b4a5171cd605,171ee7bfa457d82a11c3e9a791f5c255,delivered,2018-03-13 13:31:24,2018-03-14 13:28:10,2018-03-15 15:10:46,2018-03-19 22:08:46,2018-03-28,be14a8ec965c5f217988604a72f6ee31,2018-03-13
25c22896dca583d857448141d99ef3ff,554ce400f275abc5439b06a3ba67a0ab,delivered,2018-04-26 13:32:49,2018-04-27 03:30:39,2018-04-30 07:02:00,2018-05-02 18:46:45,2018-05-11,b9841454cede44ec4b279a7d29d82355,2018-04-26
19bbda1f882b3aeddba973e935519905,e874220095cbbc1cca6c70cc3c6ab8b8,unavailable,2017-11-03 22:26:44,2017-11-03 22:45:46,,,2017-11-24,1a674d0bad43d5b5c387fce838e4c428,2017-11-03
03ceacbc3d61dcaeade2b6b1ccc5fcfa,31648e97b367da55007879fe2ae215e9,delivered,2017-08-21 21:02:32,2017-08-21 21:15:15,2017-08-22 18:08:04,2017-08-25 20:42:49,2017-09-11,2a6c5d9aae37788e1843544a2232d08c,2017-08-21
2db4621a93302d25385a676c6d426954,c43d5d2a7d4df58b70792e618cdf7628,delivered,2018-03-23 20:59:26,2018-03-23 21:15:32,2018-03-28 10:46:48,2018-04-03 04:08:35,2018-04-11,350fdb306568e0cecf20919428b96c17,2018-03-23
6852a9d0c08f5a070ce88d62b4a59321,fb30a7e74e10e5c8f5e3bb22cc03430d,delivered,2018-07-06 19:04:34,2018-07-06 19:15:14,2018-07-10 11:21:00,2018-07-12 00:23:06,2018-07-19,152dc3cb53d3e3bb539500342e37f3b2,2018-07-06
115eb911c253a806eb6e49cc6fceabe9,94ca8eba20f8ec11a1e9e27080abfd57,delivered,2017-02-16 12:48:13,2017-02-16 13:11:33,2017-02-16 14:49:28,2017-02-20 05:17:32,2017-03-17,c59ed2b0fc8e3b50e0928797c12b895e,2017-02-16
6259deeab2f6daedf07d0574adda7fff,f7f96b7ce24711b03788947f4ee1e42e,delivered,2017-07-15 12:54:09,2017-07-15 13:05:14,2017-07-18 18:18:42,2017-08-03 17:53:39,2017-08-08,6c722fdc0ca8a586dcfa980f2f1278eb,2017-07-15
6b325b9f635e80a6be4eaa131ae6141a,fdc2fcf28f9250a76e69dacfaf652eb8,delivered,2017-05-22 23:49:44,2017-05-23 01:05:25,2017-05-23 15:35:08,2017-05-30 14:47:22,2017-06-13,0d60ae009e0cfd8b0c96aa47625f20a4,2017-05-22
43e8cdbf9dd6228a4f277835f9176770,94a1a4676a3e0dd5b10d801e940a066f,delivered,2017-10-18 10:56:19,2017-10-19 02:56:34,2017-10-19 19:04:35,2017-10-28 12:43:29,2017-11-14,83dfca2919ddba85316605281759bb90,2017-10-18
0f9c4649f5424745dd8ecf5147c6e00c,5b96ee26f8456fd365b89600b4f44d4a,delivered,2018-04-07 23:48:54,2018-04-09 08:09:27,2018-04-10 16:28:41,2018-04-13 18:32:12,2018-05-04,1399cfeada4921c5dac7f53d6de3592f,2018-04-07
747c10818501d15381c0718ba37eb2da,82d8d50f9aa1a509e6578984e298c96d,delivered,2017-02-13 20:37:21,2017-02-15 02:43:20,2017-02-15 12:31:52,2017-02-24 17:35:44,2017-03-16,07f75f9ede41a5df2ad2964e8aeece6d,2017-02-13
b41be8fdec5c4d3a935dc4319b3dc5af,df2589f419382084e51fe8b2215c10c3,delivered,2017-08-13 19:28:01,2017-08-13 19:45:15,2017-08-14 18:08:52,2017-08-18 12:03:25,2017-08-25,a708350d3d8e3358c5f6891ed737a936,2017-08-13
b0fac27c81315d7201a0ca455f58304d,bffd4a3cd66cac8d1769af0897e8e3b0,delivered,2018-08-02 22:57:01,2018-08-02 23:10:11,2018-08-06 14:18:00,2018-08-14 19:25:37,2018-08-21,98ee363e6072583fdc54881c8bb7f67e,2018-08-02
14b40df4724d034b004efe11507bc5ae,579162aafb4604be36db3dc25807a25d,delivered,2017-12-16 16:17:27,2017-12-16 16:30:38,2017-12-20 18:07:15,2018-01-02 18:58:26,2018-01-16,39fc173abb8fe0ce30d2fa7922dfa334,2017-12-16
f4cb34ec54f101a3e81f542b1a81eb00,ff50bfb526a535449073de25d8703718,delivered,2018-04-14 15:32:03,2018-04-17 05:35:18,2018-04-20 02:37:38,2018-05-04 16:38:31,2018-05-16,824b3729b3c1287a46f841e218862069,2018-04-14
4d47d3a70d758db37a0cfd7fcc946ffd,7146a5caad8b48f14f5a41350f02cf84,delivered,2017-08-20 17:12:07,2017-08-20 17:25:11,2017-08-28 18:09:44,2017-09-08 20:34:57,2017-10-04,7445efab2db5696ffbce964319353ed8,2017-08-20
7982cd132de6a47ae472689085239b83,03b188ca8a8eb2ac83073a9063a1f1af,delivered,2017-11-13 11:56:56,2017-11-13 12:10:42,2017-11-16 17:09:54,2017-11-17 22:12:36,2017-11-27,4d4da2fe14a93b8d8e6bc59c81939a4b,2017-11-13
1f057fd42c4cc8c1711e2b9ae3719afe,5ef9c7da22e99911711b7231e411eee6,delivered,2018-03-14 12:52:51,2018-03-15 03:29:31,2018-03-19 20:27:03,2018-04-03 16:57:24,2018-04-02,457f4bcf13d375648bffd8d4d0a6559d,2018-03-14
80d9047477928cfb4cf319c2d04004e6,5f20fe3f0aa7e564a1859c3549bf637b,delivered,2018-04-23 20:49:47,2018-04-24 18:05:07,2018-04-24 23:37:42,2018-04-30 19:58:23,2018-05-18,1eb2a53247c743ebd61472ca107eab6e,2018-04-23
fb025feb5409d5d084e05d995c0e0e7c,680bd330794b5c1b79aa8e6a2cc7d573,delivered,2018-06-18 14:45:36,2018-06-18 15:02:04,2018-06-19 13:10:00,2018-06-20 12:24:40,2018-06-28,7a031e098378b76f944d11f0ee5a8633,2018-06-18
c1d5e085a762461d171190ab5fe8cdc9,7bb1d7093eb23c8348df2e26f8e4369a,delivered,2018-01-25 10:20:21,2018-01-25 10:32:00,2018-01-26 18:32:30,2018-02-14 19:38:58,2018-02-23,8428010200dd5edd9505c9085ea73bd5,2018-01-25
2bdb4d9144e83d80bd260aedc3932c2b,7d6183cbd401ec9c46de24fa02a1a48b,delivered,2017-12-16 19:11:24,2017-12-16 19:32:58,2017-12-19 18:12:48,2017-12-23 01:04:29,2018-01-05,48a245118cb42f0341662845e6d06375,2017-12-16
b1303b12e93f925254918495e630d0a2,78c6ca3d7665d9763e3b7b13de57ddc5,delivered,2018-06-29 13:37:07,2018-06-29 13:51:29,2018-07-03 10:59:00,2018-07-12 16:16:53,2018-08-01,3a977d401378248731926b9951f530de,2018-06-29
0d3346ede30fffc33c30740f06709025,b9502e844e5328a48bfb1f3f03bfd6f3,delivered,2017-04-11 22:01:40,2017-04-11 22:15:16,2017-04-12 09:53:09,2017-04-20 18:28:40,2017-05-09,06f32fb3e14b969d0e991af7d08818db,2017-04-11
23fbbf4e70a72006ecb1a4bdd72a5d0f,373373ec4d694242d601fe8a69be1c92,delivered,2017-10-05 17:32:01,2017-10-07 02:24:49,2017-10-09 16:25:04,2017-10-18 17:59:41,2017-11-08,96931924281ff0643d513e7dfc128aca,2017-10-05
cda873529ca7ab71f677d5ec11a40304,76c74aaff2f3f7355f46d9818ad092b8,shipped,2016-10-05 16:57:30,2016-10-06 15:52:49,2016-11-14 11:14:39,,2016-12-01,f08dd31e4b7d59c4a80c1eba48355547,2016-10-05
0a1adbda846638d279cb086cd1d0cad0,7afc8d277545f890b30c2f750106ca8c,delivered,2018-03-27 22:52:36,2018-03-27 23:07:12,2018-03-29 19:25:30,2018-04-10 21:59:32,2018-04-13,2b49dc8a86aeda422b28771b77432d1e,2018-03-27
e8899387e52fb6a10ae971c69eb09bf5,49ee772ae3757a7a5a306a582d2907a5,delivered,2017-09-09 15:40:34,2017-09-09 15:50:23,2017-09-13 17:47:52,2017-09-20 02:03:45,2017-10-04,37b037bf83ac298b4fd1d8c2e96b7f26,2017-09-09
4ece3211dc7b96c8b646fa8a727039e2,083d0767ee04f4a01cc28835dc32d6b4,delivered,2018-04-07 19:57:43,2018-04-10 03:49:49,2018-04-10 19:46:36,2018-04-13 21:22:26,2018-04-25,e6b176f00ad708dab08998ac633b71bb,2018-04-07
bc64222f8431b055190650c8778f6efa,0e75ea874d514eed9be0dcbc2d02debe,delivered,2017-12-27 13:22:54,2017-12-27 13:31:26,2017-12-28 10:35:19,2018-01-04 15:29:10,2018-01-22,af072509e9646a5e607a5a4df12a9c24,2017-12-27
733f13d4010ca0422b13297afec0871e,9499bb274ee28faed7cb67027a326406,delivered,2017-10-25 13:05:39,2017-10-26 02:57:01,2017-10-31 19:12:58,2017-11-01 20:55:46,2017-11-08,387aa98865327ca522ea38566a6dee06,2017-10-25
2153e9009ecf443d84e5f48861fb7094,e198d9344eb2d92c850249a49d874dbb,delivered,2017-12-06 16:02:30,2017-12-08 19:35:22,2017-12-12 20:15:37,2017-12-26 19:46:50,2018-01-02,b21420e415588331cf9797592a3d9456,2017-12-06
e8e21586b31c90547aeb4686100f768e,02112377ff79f99b7c925ff46dbc2040,delivered,2018-02-13 14:35:08,2018-02-13 15:07:36,2018-02-15 21:44:00,2018-02-23 20:43:15,2018-03-08,9663857b4cdfd97ede841aa5622ec017,2018-02-13
ce9e623dd0def1f905a5c5ba0c99f65a,cae200229793aeda0a81dd5f40759b88,delivered,2018-07-12 10:13:37,2018-07-12 10:26:00,2018-07-12 15:20:00,2018-07-13 17:08:49,2018-07-20,269f54ac8e3ae6bd6a6b04cd481e6071,2018-07-12
fefec2fe5879ab8f730148f2de0c0c6e,e3efaa5464e83a195738e268aff73a4d,delivered,2017-10-10 15:32:24,2017-10-13 12:06:33,2017-10-16 14:40:14,2017-10-23 12:09:06,2017-10-31,66e27c95d1c7cac703426d5944100c8c,2017-10-10
a856b544fe56eea444788271f63512d8,4d7b890318c893931b87e2572022a7fc,delivered,2017-10-16 19:19:20,2017-10-16 19:35:11,2017-10-17 23:33:12,2017-10-30 21:13:44,2017-11-07,9bf7ed095a6b3876c3f371a2a83f4b8c,2017-10-16
385a4528e6f5bbd617566cfd514d6720,431bc21b8bfca2c89d71be1c9d2cbf78,delivered,2017-09-16 11:46:48,2017-09-16 12:05:08,2017-09-18 18:22:29,2017-09-21 20:06:47,2017-10-05,6de132d5122aa07dd4cf023bf501e3b0,2017-09-16
2a8d909d2c102155c7ce2c9a24769447,f83edc56f1e9954573e8e33d640d9707,delivered,2018-01-08 09:32:47,2018-01-08 09:48:15,2018-01-10 18:09:37,2018-01-15 18:12:10,2018-01-31,ee9acb80d01d42bd5d2a4d850c1c606e,2018-01-08
0c505e1ce394e4cd4ccaedf5fcdbc9b0,3f794e657c0afd3ffae672bc8ecb5ed5,delivered,2018-07-29 22:35:36,2018-07-29 22:50:09,2018-07-30 11:33:00,2018-08-01 19:33:00,2018-08-16,dd9fc62ce72624c6a0d9229d9b87cd35,2018-07-29
ef246b56510668886f05b8f818e7bfc9,79f1c4e66471c5f6e5c5fe4e45d1273c,delivered,2018-06-15 11:43:23,2018-06-15 11:59:34,2018-06-20 12:52:00,2018-06-26 19:28:48,2018-07-17,c632f50941cea29d2d1501813c183dcf,2018-06-15
9dc19c953a97c92383ff95f54cabe58a,ded50eb532c0c1903c0835e0d7749b97,delivered,2017-04-16 09:19:55,2017-04-16 09:30:15,2017-04-17 13:07:20,2017-05-02 16:18:24,2017-05-17,9dd61cb921a00bb69326c00204f7c37e,2017-04-16
3751a8bfb64bf6096a8a42a76e4d9aaf,7f5b6e40d5841fd94b631f19329286cf,delivered,2017-12-03 21:28:34,2017-12-03 22:07:51,2017-12-06 21:27:41,2017-12-20 19:43:42,2017-12-28,18c01352bd105d5d0e6346ef5f52a56f,2017-12-03
bafef85881303806cc2d726bda04dfd7,55dbeedb7b2bf8d3059f319abe27202f,delivered,2018-08-22 21:34:37,2018-08-23 02:55:11,2018-08-24 14:55:00,2018-08-27 21:28:40,2018-08-31,e44a59cd3178714eaf095face6112af5,2018-08-22
3f470bc5e780dbb1a62275692b9ba0f8,b112501fe8c654cdbc64213c8686f1f8,delivered,2017-07-19 22:14:41,2017-07-21 20:22:57,2017-07-25 12:13:36,2017-08-03 19:55:23,2017-08-14,b633cf6b3cfe58444c7b3f579456964c,2017-07-19
069514f19868af8a75ebe98f43d33900,7740afacd97ed42230c2d780d50f9936,delivered,2018-03-26 17:30:10,2018-03-26 17:47:43,2018-04-09 23:18:36,2018-04-27 23:43:48,2018-04-25,75a2e0bd740611a5a4cf01fdef2e710e,2018-03-26
ea838dd2eadc7dfdb6fff969d14ed4f2,16204c2d6dfa2b5ab37b70091272a174,delivered,2017-04-26 17:57:09,2017-04-26 18:10:09,2017-04-27 08:31:13,2017-05-02 17:42:11,2017-05-24,71ed1965114a16482546b76995735cf2,2017-04-26
d19868a76a0e39afe462fa942122200c,0c0202f6f6b9ce5a9aa8f9fa0a7580c4,delivered,2017-12-29 19:03:07,2017-12-29 19:09:24,2018-01-02 21:41:55,2018-01-24 01:16:45,2018-01-31,6f028dec6f26ff16182703be1453bfd4,2017-12-29
7df9173a1f3284d95a5ca6ac5aad32e2,efe79b09689802fc2d97dfb9588591a8,delivered,2017-11-27 09:44:46,2017-11-27 09:57:21,2017-11-30 17:20:08,2017-12-07 18:04:10,2017-12-15,58d28f6749df928db4d0b9c12aa0d331,2017-11-27
c5db390bf36fe80e070c684c92f7b44a,d2a61eb2b7221814d9f6a1ff402454b2,delivered,2017-11-24 15:52:32,2017-11-24 19:38:06,2017-11-29 22:44:49,2017-12-18 23:52:16,2017-12-14,bde413915335c65d8027dd301234f045,2017-11-24
f90185ee34b0b34c876b408aa6a5686b,fbd6146cc7936a7f362fb09d4526f445,delivered,2018-06-10 12:11:41,2018-06-10 12:31:46,2018-06-11 15:23:00,2018-06-12 18:42:25,2018-06-20,30f21e5e86c79c2c6e01ca00f1eb2e28,2018-06-10
f5017de8931860a4492e26d3f22405b6,7b22f433873cb52f8be5468a64acbdcc,delivered,2018-01-16 18:16:35,2018-01-18 02:12:53,2018-01-19 16:58:49,2018-01-26 18:44:08,2018-02-06,6ba98796d63bbe2c16b0789abd2316cb,2018-01-16
d95c203ba62b39ad3c3a2df8d5e7c052,b31b5ecd79d2528b3340abb86f5c2a4d,delivered,2018-02-21 23:54:14,2018-02-23 02:31:01,2018-02-27 00:08:16,2018-02-27 15:34:06,2018-03-07,a1f056aa9823bc1fb8206b00a9be412c,2018-02-21
f3cde82f7a131aa2747f919aebb3cc95,11a3345a9a754cc9e83964ea134a4cc8,delivered,2018-01-15 17:51:24,2018-01-15 18:09:48,2018-01-17 19:03:17,2018-01-23 14:51:25,2018-01-30,79475ef805155b6d784d4ceee5d0c32d,2018-01-15
287ca65e8ec4a4f782833a94bf514341,c7dde20728b6dbfe6543eb79921ba5fc,delivered,2018-06-26 17:16:19,2018-06-27 17:10:42,2018-06-28 13:51:00,2018-07-12 23:03:59,2018-07-23,05a4e266c35394b2cd6348b0c9145113,2018-06-26
f1c646195f427172a9936a8d0e18da06,f92612f68ce1fb8a3b2fad4cb553822b,delivered,2017-06-16 00:14:46,2017-06-16 00:25:45,2017-06-19 16:10:54,2017-06-27 14:18:55,2017-07-12,411ea0a1c478941ca489be2b0c7749e9,2017-06-16
14cd301a36b07ef8fef16986bc807aac,7f212557389817f6351b85700f903507,delivered,2017-03-10 15:48:11,2017-03-10 15:48:11,2017-03-13 10:41:20,2017-03-17 07:19:30,2017-03-29,3ac66f699d7543fead838e24535f9896,2017-03-10
602a7458f2248260d368f81cd86377a8,8329e1859e7c732b8894bc0c1713341a,delivered,2017-10-02 22:51:20,2017-10-02 23:24:20,2017-10-04 19:22:27,2017-10-13 21:13:07,2017-11-01,05f5f30ce305b14a560aabfdcdffa9b0,2017-10-02
2d5c2551306ebb8492eb8c36d062f314,fecb57edcf7693f7bcb312957f3a5ea0,delivered,2018-08-11 22:12:54,2018-08-12 22:10:09,2018-08-13 14:27:00,2018-08-16 21:12:07,2018-08-28,fd301b685263a41db35c40a9cb884c0b,2018-08-11
edfdcf6318cb5f0d1adb6da5c0998e6e,8831fea70c573fc056de9a71bd15a88c,delivered,2018-08-23 21:45:16,2018-08-23 21:55:18,2018-08-24 14:00:00,2018-08-29 22:23:41,2018-09-10,6a3d98f9569414eb638023d2eb1470d5,2018-08-23
4ea7463c339b2551706077cbc666c60a,090c6762c69c517e7a4ee09f30c52269,delivered,2018-03-05 13:11:16,2018-03-07 02:10:41,2018-03-07 21:53:17,2018-04-02 19:17:37,2018-03-28,94922f2db9c42dcb20a1b57302ffa0d2,2018-03-05
494dfa139a38449b378d01cca4c0a6a0,1603d8a8d0f688986db6314be1264b8e,delivered,2018-08-06 21:50:12,2018-08-07 04:24:39,2018-08-07 15:30:00,2018-08-14 19:21:49,2018-08-23,50668121fe2b136853f3db238639d4fa,2018-08-06
a648c61eff7741ba3ba3205ce0cc7630,7c60f7001195e887da64333e50289a4a,delivered,2018-05-01 14:15:21,2018-05-03 04:52:43,2018-05-03 16:40:00,2018-05-08 15:51:20,2018-05-25,dd9b235dbe7d48c82caca4da097a2240,2018-05-01
428379472fdd9b3d36d545677e852e77,f54ff0ff6dbdfcac2b593b3154f207f1,delivered,2018-04-04 17:30:42,2018-04-04 17:50:29,2018-04-24 22:47:42,2018-05-03 23:52:07,2018-05-11,04dd576f551d493e80d2d3a5fad5834b,2018-04-04
9f1dcbf0e12d0df2ee7611bb738a9106,9b9681cfb00f0a6f1723cd1d4f0be965,delivered,2017-08-20 11:40:02,2017-08-20 11:55:19,2017-08-30 22:00:16,2017-09-15 17:52:05,2017-09-28,3d16152c514410c047904cd433439892,2017-08-20
999eabcd67df73216056d2d1c4fc4d71,1249d82653b138f450d0a9cfce2905c7,delivered,2017-10-10 10:13:14,2017-10-10 10:27:03,2017-10-11 19:50:27,2017-10-17 19:53:12,2017-10-30,efd3fb6a648b6f2c5473757b21a77351,2017-10-10
b2c320c0cf7961caecc4a7612d3f8ece,1efa2c518f4d9d5e7e98f4d20aff1f7c,delivered,2018-06-24 18:55:53,2018-06-26 05:13:00,2018-06-27 09:41:00,2018-07-03 18:11:16,2018-07-20,2a4016a0d2e209cc1567cdf36dcbe05c,2018-06-24
a0147b55f1d225bb21f981e58f735589,9cedc0766adf91a041f5723a74bdbf87,delivered,2017-08-16 08:48:56,2017-08-16 09:10:21,2017-08-17 13:53:33,2017-08-28 17:19:54,2017-09-08,409367b1a051437ef0d5ddb568ed5bd1,2017-08-16
22a9cd3f27980f3e0316de378a8b0d73,da0764e6cf25d2b4a34be1e89b11aeab,delivered,2018-01-06 21:32:17,2018-01-09 07:31:35,2018-01-09 16:19:27,2018-01-20 02:21:38,2018-02-06,daf6ffd73a6c8c9b452683f4f5082cbb,2018-01-06
fe8416ab3217441a2a940294f7b23195,6363611fe69f5c58f4fc4641c4dc673f,delivered,2018-01-12 11:48:09,2018-01-12 11:57:40,2018-01-12 23:52:56,2018-01-19 15:41:12,2018-02-07,9320ce1e02b127e0fd81b8ff396e6c67,2018-01-12
b4545b4fc2de8025a8a42fb23125cc54,6b79c900752442fedbc62cffbd5874be,delivered,2017-04-26 17:00:43,2017-04-28 11:41:42,2017-04-28 10:31:05,2017-05-22 09:55:50,2017-05-17,0158b70c1d28da409abddfcaa5f0801a,2017-04-26
10428e01b7a60dc58baff4e4cf11a64c,d85bc5ec7cfb12b5327da0d2c14a4d5b,delivered,2017-05-09 16:14:47,2017-05-11 04:05:16,2017-05-22 12:34:44,2017-05-29 10:12:32,2017-06-08,45f3d2ee6b3d8b369e210ddbdb0c3af7,2017-05-09
5090039870883f054d9f2b55b23dc32e,bf8db42e471ed17abf3fbd92342b2a1f,delivered,2017-12-13 21:09:11,2017-12-13 21:28:58,2017-12-15 00:18:48,2018-01-03 21:32:51,2018-01-09,c76d05ea3f5e4d9acf41f20e39d3cb6a,2017-12-13
b9e186a6d042725eb24122a767ea7063,e40a86e78d60c103d448be6806343e52,delivered,2018-03-20 08:50:15,2018-03-20 09:08:35,2018-03-21 18:42:15,2018-04-30 20:12:51,2018-04-17,972d6a06c5e058c99c4186a5d4de4476,2018-03-20
10a59a093f3cdb6180f929e3e5637728,0e441d1c0e13a5d13c44cba925564538,delivered,2018-06-29 16:38:33,2018-06-29 16:51:30,2018-07-02 13:03:00,2018-07-03 19:03:31,2018-07-13,1f8e9d1e0aa35dd2eeac2417526445e2,2018-06-29
341448499e2f0a320da3acdac898c218,52c07106716729bffe2f72c475688380,delivered,2017-05-17 14:04:18,2017-05-19 02:23:18,2017-05-29 12:41:40,2017-06-02 09:38:14,2017-06-20,15bd73fd31976616a6857ebe833c006d,2017-05-17
c46141b3d5535e4ecaca9ddaf90ba7a7,dac2ba4d4844ffb03b2c8e4880a8405f,delivered,2018-05-08 22:23:29,2018-05-08 22:35:18,2018-05-10 19:05:00,2018-05-11 22:37:04,2018-05-16,bb80ab8ffb7d3b9f9a11b3f06eef10c3,2018-05-08
e257ae8610fb4fb68a1f459c3a4b1f51,b46f11e377a570f09af36515191b1c1e,delivered,2017-05-13 07:49:29,2017-05-13 08:02:19,2017-05-16 08:39:35,2017-05-19 07:29:09,2017-05-24,6d417685c0ddaca4f3926f98d0601768,2017-05-13
0441f678672cdd5323a2cdf79004ed48,52c48fab452fef70555eaa1042e9d757,delivered,2018-06-15 00:52:01,2018-06-15 01:24:58,2018-06-18 18:57:00,2018-06-23 12:12:18,2018-07-12,2e5b5e44efa832c60072aeb33027cd65,2018-06-15
614a942e991f27cc67f45c0b0ca5470d,5094fd036dab1fcd208f6798e9e0dce1,delivered,2018-03-13 19:25:18,2018-03-13 19:49:45,2018-03-14 20:35:30,2018-03-28 22:35:24,2018-04-13,4f09d1412a801dd81c476f3f87535ae4,2018-03-13
43ba017334e710b763eefbbd09f9ebe8,dc13762ef048e10a23d4bf8554b421a3,delivered,2018-07-05 17:11:32,2018-07-05 17:30:53,2018-07-06 10:31:00,2018-07-11 18:34:49,2018-07-20,3e5f5bb5af4d9b3dd7282e52c4e68d00,2018-07-05
ca4ced509eae117b7d3823b4ce2467dd,9e0628923d9fe029c079eb11ae72d241,delivered,2018-08-04 14:57:00,2018-08-07 04:15:26,2018-08-10 13:29:00,2018-08-15 22:18:37,2018-08-23,dc643b60537f44f35b2f91610ea64153,2018-08-04
b8b51666e064d80ff8e11f6f3f82bd25,becaefc357257f46be4d4fc171fa2771,delivered,2017-11-29 20:06:44,2017-11-30 02:22:38,2017-12-04 21:37:28,2017-12-05 20:23:16,2017-12-18,e381cb43883a47966ddd2bec427bb995,2017-11-29
328d5a04b6412a52e3fb8f5da4997e38,5af372a0bafbe93dd17eb85134e308bd,delivered,2018-05-14 19:29:02,2018-05-14 19:57:40,2018-05-15 14:39:00,2018-05-16 17:58:31,2018-05-22,b18eec6c58aa40e32ca8dd522ec8ef3e,2018-05-14
036e37b0e268e6087e88d3d7a676c13d,a30918e46fc2950e2c7494db4e71d30b,delivered,2018-07-01 14:46:23,2018-07-01 15:09:51,2018-07-02 14:42:00,2018-07-11 14:13:55,2018-07-24,37649a7eac21f2419cb01fe7b18f6e42,2018-07-01
4c844ad892548aa3024f6fbd7cb7211f,c7602dcbb2706c047848d20ed9dd2879,shipped,2017-11-12 17:27:39,2017-11-12 17:46:37,2017-11-17 01:07:44,,2017-12-01,c8cc89bd88f873ac0a01fbcae76ac5f5,2017-11-12
fb929cad8d235bafff56bf64ff7566b9,a68c1881178afa2a50e3e5031a8c9787,delivered,2017-07-29 21:30:56,2017-07-29 21:45:18,2017-07-31 20:54:47,2017-08-03 18:31:35,2017-08-22,6b75a4b9cff608edeaaafc57e14f7b78,2017-07-29
4f7e18a54264d8e4a97a776cfbad2bd5,34cc905dace2e2377b839c6243f36723,delivered,2017-04-28 09:10:33,2017-04-29 09:15:19,2017-05-12 09:20:12,2017-05-20 09:04:11,2017-06-06,b4f1ff0a8427c0b4124fa53415c204fb,2017-04-28
45813887fd6188f1ddaafc584e417a74,bf3ff45ef1629812b02d5dc4586fe3b9,delivered,2018-02-09 21:39:39,2018-02-09 21:50:24,2018-02-14 20:33:26,2018-02-16 19:19:18,2018-02-23,f00177dfaaeaca9de3df9e6f2600346f,2018-02-09
736eb87a85959d07f8b5cdc5f8e7187f,62c819c053d16bbdc6cf5794411443a9,delivered,2018-01-20 18:16:17,2018-01-20 18:31:07,2018-01-23 00:19:00,2018-02-14 23:08:27,2018-02-23,3db4e2c1b4e880c0abd63248621873e4,2018-01-20
a7a9b0f583c7121452bf658dafcbbc8f,8d1906125bb1f738d1f8a1d146ac3334,delivered,2018-07-10 18:39:14,2018-07-11 19:46:04,2018-07-13 14:25:00,2018-08-09 14:33:14,2018-08-01,481a3e4c07971c950ac25f7317ac421b,2018-07-10
ba96b94a64df9510bfa7ac064cfd1bae,64a270dd87155ea24017e79844552f09,delivered,2017-05-31 16:45:58,2017-06-01 03:55:33,2017-06-02 10:03:24,2017-06-13 11:03:36,2017-07-03,c517fc255818d42e5a44ab2574539a38,2017-05-31
be0cc702e034bfbeba1a8a006eb9dce5,3c88487f2410489139ebe9a219e728fe,delivered,2017-12-12 12:58:25,2017-12-12 13:10:59,2017-12-13 16:14:00,2017-12-14 22:07:11,2017-12-29,79d7fed102aeeebb4d0ffe17dd2ef88c,2017-12-12
6f6785dde266434130a2aa8af06a52b7,e19274edf7a9c51689822810be84c9e9,delivered,2018-06-05 12:14:43,2018-06-05 14:31:37,2018-06-07 08:29:00,2018-06-16 22:42:12,2018-07-11,854c37b10f4e835f6bc91355c9a7346c,2018-06-05
072500f428180f8c177181dd1e027d5b,0fd0d782dea419932dead552f87672df,delivered,2018-02-22 14:14:10,2018-02-22 14:30:48,2018-02-27 18:33:59,2018-04-12 18:56:33,2018-03-20,49fa4cfc9a4eeac981257524ffa29816,2018-02-22
0446aaa642b81cd046c44edda61ed010,3682e97c0860ed97a8845b7554cf5070,delivered,2017-10-15 13:37:25,2017-10-15 13:49:20,2017-10-16 20:32:25,2017-11-08 22:44:53,2017-11-13,f64a5fff9f33800bb58f4d8aa5513ff3,2017-10-15
6ed25bb3aed24b6735642b12d0dd2e24,5c56eac4abd53ff05e2e44b3e0a62ad3,delivered,2018-04-24 19:53:13,2018-04-24 20:10:14,2018-04-25 15:06:00,2018-05-07 15:22:30,2018-05-23,153dfaa335dc8979460c3a295aa2192f,2018-04-24
4c43459211e81f383114dbcc328b7ac4,87b0f958aaaec28178234d90c137cd53,delivered,2018-06-21 19:23:29,2018-06-23 01:40:18,2018-06-27 08:01:00,2018-07-03 16:19:02,2018-07-27,8469403ecbfa46d864fbd42b7f5df17c,2018-06-21
8be1dd0fb923fea4a685f47cbad9e81a,5560bd5a26a7c4750baa6474a4d0e92b,delivered,2018-04-09 20:18:23,2018-04-09 20:30:16,2018-04-11 18:24:43,2018-04-24 22:28:35,2018-05-10,e07aca5542963705198c21bec3c19740,2018-04-09
1f2557bd1cb30da1362cee8def58e576,102fdbbda24ddb2fe7dd72c662f8cac8,delivered,2018-05-02 09:12:31,2018-05-02 09:33:06,2018-05-03 13:56:00,2018-05-25 17:03:02,2018-06-04,b1b38c2b3702ff6c420b6077b7a860ce,2018-05-02
b5d3fcdf8ca84d9d3cc1fa3dd244320b,f044b72faef8f3d120f2c58024a8fb08,delivered,2017-10-03 22:56:01,2017-10-03 23:14:13,2017-10-04 17:23:32,2017-10-14 14:21:07,2017-11-01,4e29a226c7ad83c1738c1a0188328ee1,2017-10-03
546925c91dae6410ea5a21172f637370,22d8fcb665a280722d43864ce09ed3f2,delivered,2017-10-13 15:11:40,2017-10-13 15:49:25,2017-10-17 16:36:37,2017-10-26 18:34:10,2017-11-06,26da5236b37928e6d790a44b74675c96,2017-10-13
6f1fed9fe91aedbb8c695457d6da28ae,4552a287c9922b207cbda67f777b8999,delivered,2018-05-08 22:13:27,2018-05-08 22:31:42,2018-05-11 13:03:00,2018-05-17 21:44:45,2018-05-29,58a0799f8d3e2f2161ca694111a567fd,2018-05-08
93e56c4866b1bca15316f565c387e573,4bc94f4b273e625f584d0f49e93386a9,delivered,2018-03-10 08:09:43,2018-03-10 08:28:29,2018-03-12 18:24:41,2018-03-26 19:42:01,2018-04-11,8c0604c7046e8c4b13c85d8537ece2fd,2018-03-10
f60289290979b646fe61caa50ee1b3f1,9baf7895fb5451b36fa17a09b38ab6ea,delivered,2018-06-26 20:11:26,2018-06-26 20:30:11,2018-06-28 14:46:00,2018-07-02 14:08:36,2018-07-23,6cd2b45337ebb082cb2fef517c909595,2018-06-26
c3c27f7cd6104efcb1a0d7793dd66fd2,faac546cb986bf69ac3fe11b519c3c43,delivered,2018-02-21 20:48:49,2018-02-21 21:49:05,2018-02-27 17:05:47,2018-03-05 19:37:22,2018-03-23,b44291e9867e98e2337520b5be255c14,2018-02-21
0eb0a41e6b1a9ededcb4102af28625fe,a9df1781e1daea69992d6ad7363e8eae,delivered,2018-04-14 14:43:48,2018-04-14 14:55:17,2018-04-16 19:08:42,2018-05-05 16:54:36,2018-05-08,668406b9dc1e998ff3861ddc19d804c9,2018-04-14
bb789ec51c304aae58b4ba3c11cb2fb3,758573835dc9cd119b2395c5cf9d4b76,delivered,2018-01-07 19:33:00,2018-01-07 19:47:09,2018-01-08 19:39:21,2018-01-11 19:39:32,2018-02-05,4a686645041b9b707c2670d4ba1d1128,2018-01-07
d54c217781126defeb4a78dc16f5ad39,700dcf47b977b4bd8158e7e8b9bd5e1f,delivered,2017-11-25 00:55:18,2017-11-28 12:14:39,2017-12-04 21:14:37,2017-12-06 18:54:59,2017-12-11,3e7688aca4163064b392dba8b3184807,2017-11-25
f7b794965cc5b6d20c083cc40cf56108,cacd1ada4da83503de8c4fe16484b5c2,delivered,2018-02-25 22:53:04,2018-02-25 23:27:52,2018-02-27 23:19:21,2018-03-20 23:48:44,2018-03-21,849ba25e98e6c72d608ee2d8be92d5a9,2018-02-25
115ddcd2b83359bb06dd6dde700fb33d,2637273adde13fa6a555c43b4fbdba6e,delivered,2018-05-27 22:49:58,2018-05-27 23:09:47,2018-05-28 14:10:00,2018-06-14 19:51:51,2018-07-11,bd03c7ee0920d53b7b5fa7e30669ed3a,2018-05-27
a7f514dbfdce429795a816a86b0cfcfd,a5d3480355c9b7aaeed3ed6dabe749e9,delivered,2018-03-19 20:38:11,2018-03-19 20:50:39,2018-03-29 19:56:46,2018-04-28 19:06:50,2018-04-16,ff66c6a7cb023ea40bc628e06044c57b,2018-03-19
bbfaea06953d72e48fcf89341d352638,b0713d4f88135846159cadd9c821aa7c,delivered,2018-01-20 20:57:47,2018-01-22 14:26:06,2018-01-25 23:42:16,2018-03-07 20:57:01,2018-02-15,a9e070f61d35aa13e420c8597b5ccb3d,2018-01-20
afc164a698c08de061cc7173650121fa,fdec684fa0be036ee7039f3edf5a0323,delivered,2018-02-19 14:27:36,2018-02-19 14:47:26,2018-02-20 20:35:24,2018-03-05 22:17:29,2018-03-21,fae0d2da216f5c93d4a04188cac2c52a,2018-02-19
0ea8f90c4ad8782358cbc97abcb2d013,4ae463e456b14204512257ce14634bf5,delivered,2017-09-16 22:33:56,2017-09-17 01:10:37,2017-09-29 17:53:02,2017-10-05 23:01:24,2017-10-05,7c9721a25af8cb3f85c794aecd395f52,2017-09-16
eca1299602d0a75fa60546b5fbd28d07,ae65930349d5e1d30e5de196a2c901ee,delivered,2018-06-20 13:25:19,2018-06-20 13:38:35,2018-06-21 13:55:00,2018-06-27 20:33:20,2018-07-18,55b4ef08d5304643495b87c1ec1cec04,2018-06-20
47b37d2ccfa8fdc0395971036941bac9,f8de7bb2c5f0e28c514870c0b3fbbe65,delivered,2018-07-06 14:07:55,2018-07-06 14:31:54,2018-07-10 10:14:00,2018-07-13 20:27:32,2018-07-25,8eee03dafeb262f0105029c556cf5399,2018-07-06
6fd40293a9be9f1682cb718c67f0a568,89fd2ebddff82eb92d98a6afdf1c94e7,delivered,2017-12-05 08:20:06,2017-12-06 02:50:09,2017-12-07 18:28:07,2017-12-12 00:04:50,2017-12-22,33bfe62dbb012d0593ab2d29db456b5f,2017-12-05
94b0362cd741746f5ef0d43ef4d16b1b,d7eea84fcaf846ca5455ae31db614379,delivered,2018-04-03 12:39:14,2018-04-03 12:50:26,2018-04-04 18:12:24,2018-04-14 18:57:53,2018-04-26,00b2ee6366438f46105832fd9acaf56f,2018-04-03
b016e83fc2a89900d779cb964fe867fd,c796c3a313dd75ad22941134a3f004ee,delivered,2018-07-16 21:58:19,2018-07-16 22:10:12,2018-08-01 15:52:00,2018-08-08 15:08:49,2018-08-28,48c09b6bb7ad97975b1c7d088e77c940,2018-07-16
159565048b194c462243ee3e7d65c621,d67002c38681e137dbcb277d145d3b04,delivered,2017-12-12 13:27:02,2017-12-14 13:33:26,2017-12-18 17:48:57,2017-12-27 21:14:27,2018-01-09,8995f5dcf5b20dc26d3bc8fc4d111cb1,2017-12-12
c23fa8593c1bb932ba79051a7e201255,4b770dd96eb1044d71a01036152f40ff,delivered,2018-03-26 21:43:37,2018-03-26 21:55:22,2018-04-19 22:12:48,2018-05-02 21:08:56,2018-04-20,2f50a4f1534f6261bbb20ffb1c76a6b1,2018-03-26
d2caf57c35ba2c5bea24ab9b08aba4f7,bc69b9f9b96bfaa21e02b229c1479ea3,delivered,2017-11-05 14:24:46,2017-11-07 07:30:50,2017-11-07 20:31:42,2017-11-10 17:48:47,2017-12-06,44f4e30c7aa3df7983d97f2b96c3a0ea,2017-11-05
e28f56dc0353b7bf8f78f05ac639ba21,7553cab5980febcade6b9e5138827ae4,delivered,2017-12-08 18:14:24,2017-12-08 18:32:43,2017-12-09 16:58:52,2017-12-13 01:09:11,2017-12-28,70fe79f3943224e129dfe2e9176635ba,2017-12-08
ceed0f54453282dec0cc7c591237d5b6,fa4de7819dda8ca15bf86e413ba6473f,delivered,2017-09-17 19:18:06,2017-09-17 19:30:21,2017-09-19 19:36:10,2017-10-03 19:22:22,2017-10-10,be350e7235bb5363ff3f3cbb1eb4ab74,2017-09-17
081c75b9982020f01f5672792408d728,904032bced6ac35598f7dd1927cbc6b8,delivered,2018-05-06 22:35:41,2018-05-08 19:52:53,2018-05-09 14:44:00,2018-05-17 00:10:36,2018-06-05,bf4223a5c5507f106829b422513301a8,2018-05-06
9a16aaad5c554ce0cd12761204c2b916,2f4447716aeaf8ce10c30c05f30a3198,delivered,2017-12-08 20:47:28,2017-12-08 21:12:04,2017-12-11 23:35:16,2017-12-22 18:03:21,2018-01-16,ac92f27483bec7a370f4f30b9a9e5abd,2017-12-08
20379a997b864417f763a970359229a6,f528c4fb0c9ccd50ce849b2753a9c004,delivered,2017-12-09 10:41:50,2017-12-09 12:19:28,2017-12-11 15:47:26,2017-12-12 21:18:55,2017-12-28,8b9b838367887f4b64d7ec3ddce8d257,2017-12-09
3cc47bf7332ded667ed3f478a0f78b1b,c926e7ffe70e1bf3f87a5f37cecfc686,delivered,2017-11-22 13:55:42,2017-11-22 14:07:39,2017-11-23 12:49:07,2017-12-04 23:29:10,2017-12-19,b721daf5fe188f016736168c57405c7a,2017-11-22
6d0e8d2043b7575a0cbdbed259ce8210,1f7d089d663f7a5be55536aa0a49bbbc,delivered,2018-01-21 14:35:46,2018-01-22 13:51:08,2018-01-24 20:51:33,2018-02-21 16:23:01,2018-02-22,a6d1eaa6d3f0a8f5440b3ba9d6331890,2018-01-21
9ae510d02fa72c4de7358dac28ee5eea,e1a40f4760020a947e78d81935ffb882,delivered,2018-03-25 22:31:44,2018-03-25 22:47:57,2018-03-28 01:27:32,2018-04-11 13:38:39,2018-04-19,4c0716ffac399a5480ad1b6cc496e804,2018-03-25
536e26cd7924f6c5785423b49b0fa7f5,0270aff4097536e634627aba39320083,delivered,2017-03-17 20:47:39,2017-03-17 20:47:39,2017-03-21 13:32:21,2017-03-30 17:35:48,2017-04-05,0eb8bd13314de6064ddf446b816612c2,2017-03-17
d48c5016ab8af7b122d630cd75a63627,31af030fb466a4b0921a9a1ea1d30dfe,delivered,2017-09-15 13:15:51,2017-09-16 02:50:12,2017-09-18 19:27:50,2017-09-25 20:07:49,2017-10-13,656c81120da9b2649b485b8e96e7a9ea,2017-09-15
5ca9ca0cbc0ad4efc5f2d26283139d03,846315713f7cf92c71ff7b96b77a4196,delivered,2017-08-05 18:32:11,2017-08-05 18:43:28,2017-08-08 20:18:26,2017-08-14 18:15:44,2017-09-08,aa5645f6c982db724fb7581d89f0ed5a,2017-08-05
9cb889253dc2c8b7e04d285ac7728853,ef638b78c28157da0ede055160d8fd64,delivered,2017-07-18 14:34:37,2017-07-18 14:45:19,2017-07-21 15:11:51,2017-07-31 17:33:37,2017-08-14,7ec2f2335e5cc1173efe1338acca8da4,2017-07-18
aa03de19670a15a6b34b00bf2ee4b2b1,4a1add67cdb4e087d6fed466bbdb032c,delivered,2017-04-10 15:15:17,2017-04-12 02:50:42,2017-04-18 12:32:56,2017-05-10 17:58:09,2017-05-17,cd2e9ce0427b3f259d7735b6f2a016e6,2017-04-10
4e87464c041dbe651c4a28dfb19f987f,bb149453a4f23c32788b5bd4d8ed7151,delivered,2017-07-10 15:21:09,2017-07-11 04:05:44,2017-07-11 16:46:51,2017-07-19 18:59:36,2017-07-28,c64bf23368dfc81a437e94fe04806159,2017-07-10
18b18d43870f6e620f6852fd33b12117,666bc6ad016f3a24ccc0d0bcd878f8ee,delivered,2018-01-29 19:38:47,2018-01-30 05:31:30,2018-02-02 19:28:29,2018-02-14 19:03:59,2018-03-06,a4813c3f53f0652da225d8410cc615a0,2018-01-29
11c97c1505db128db3b46471c5bdc0df,56f1c0364602e45ee9f92b050d0e86dc,delivered,2018-02-12 10:17:11,2018-02-15 03:51:05,2018-02-19 23:42:34,2018-03-13 01:31:24,2018-03-27,bea62c1f14378a7c8a9d5c746cd4e188,2018-02-12
51c3d73e0e905225319f9ae8b56837fb,d68bce55175ab0466c8eff922d67c543,delivered,2018-02-17 20:01:55,2018-02-17 20:15:27,2018-02-19 21:41:32,2018-03-21 17:08:42,2018-03-09,e2916d57d80b7be2148a7cf62006d910,2018-02-17
72467f16c5938bd5447af741ba86fdd2,9688408b34c468b57cd16b38bb6a5e99,delivered,2017-11-03 14:04:24,2017-11-03 14:15:38,2017-11-07 11:43:02,2017-11-10 19:59:51,2017-11-28,9c5bb4e3494d918764d1c7abe807c9d0,2017-11-03
8050a1155dceeeb15b86996a6dcec748,b0eb0ead91f823a906a2a3b18849ee6a,delivered,2017-11-14 09:25:53,2017-11-14 09:35:26,2017-11-21 14:24:49,2017-11-27 23:26:53,2017-12-04,c420ec10595dfc16830afdc6233f8916,2017-11-14
a588143cc6230f38d05e6f12db6e4f17,a60c64964d929cb16c43c55b62d42e82,delivered,2018-06-10 14:18:22,2018-06-11 12:38:08,2018-06-12 14:05:00,2018-06-14 19:54:45,2018-06-21,151771bfcb4d96e1f1b2279b35240373,2018-06-10
acfd491b37f7671bf93d9abc2c1ba7af,6dc751bd314035e5cd07b5783799f84c,delivered,2018-05-15 20:39:11,2018-05-15 20:56:14,2018-05-16 13:31:00,2018-05-18 15:38:23,2018-06-05,7481797e13001bd487ac70f296b11be2,2018-05-15
92fe548282ee3cbd8eb925bdf97cac9a,d2ee19af0e1f9c75e2a4f19a475980d6,delivered,2017-06-10 23:57:06,2017-06-11 01:05:21,2017-06-12 14:17:35,2017-06-16 17:52:39,2017-06-26,3461b2163494df8af4389bae55a6372d,2017-06-10
647cd1d569c405ed9c09cbd6cf0813f9,2a1ee262586b0c336663bee289d388b5,delivered,2017-02-11 18:00:25,2017-02-11 18:10:08,2017-02-15 10:40:36,2017-02-20 07:14:05,2017-03-10,61ea98cd31d5d98f2eff56e69d8c6467,2017-02-11
d0a40dd7cfaabfc2d7f0c6de2ab71b34,e92d980e4cbfdb9a27de31742fc2e3c0,delivered,2017-12-03 10:04:33,2017-12-03 10:55:24,2017-12-07 13:58:45,2017-12-09 02:41:27,2017-12-20,a21b2e6d0494da284e9ca6ab7ad882a1,2017-12-03
ccfda78a88fec8b3debede2f6d6b284d,3306ce07307e9573fbe74c22cae74a82,delivered,2018-02-18 19:31:45,2018-02-20 07:07:16,2018-02-20 19:18:58,2018-02-27 20:46:50,2018-03-12,e9a3fd2c1550702cbdcff127fbbb77a6,2018-02-18
7f6a7361266d9b404f05250ef42cdc6d,2f5d35989878187f33b6e601743b55f5,delivered,2018-08-17 23:14:16,2018-08-20 10:50:18,2018-08-20 15:22:00,2018-08-21 20:26:35,2018-08-23,931a4a1a3e2cf8b4b4d33922f1469dbe,2018-08-17
8c759a2fd3a1de7793ba07dcd96abe4e,d3a8cc265821db8dcbc9fc1c6cc30ca2,delivered,2017-07-28 12:10:15,2017-07-28 12:23:23,2017-07-31 18:03:06,2017-08-10 18:03:20,2017-08-23,375285e23c212a027d6208103a3bd6f0,2017-07-28
3114c613f929e41052d2b64661080c44,b5209378a48f2aad0d72d96b18f0a186,delivered,2018-07-24 18:24:38,2018-07-24 18:35:15,2018-07-25 15:52:00,2018-07-30 18:27:50,2018-08-07,6036d9ccfdc05114b85a37affd3b894c,2018-07-24
a6aac0b036a3464aaa1abc83cbc97604,542fd82e67e7f416b738cab1ebe48af9,delivered,2018-02-09 23:14:31,2018-02-09 23:30:22,2018-02-16 00:16:56,2018-03-01 21:57:34,2018-03-12,fd9e7ab4207583db5d7232a5c68ae7da,2018-02-09
180935cf02d9456075076eeaa57cdb70,d2f8dcc4ff705b76455d7833458e682d,delivered,2018-01-25 15:32:49,2018-01-25 15:55:52,2018-01-26 23:08:57,2018-02-27 00:49:06,2018-02-23,747b1a43c13823a06550a03a89f879b4,2018-01-25
ea77eb4f349110679bde0e77541dcb2e,d02fa4b924573610e9a421cf8658cdcb,delivered,2018-03-09 11:08:38,2018-03-10 03:50:49,2018-03-13 22:13:05,2018-04-10 14:21:58,2018-04-05,6e65cae85aef8105ffd672e471346d21,2018-03-09
ce0661ac44c65ee78aa7c28ba03c429a,dd0500fbeca7b6a44d76e0af4d45099d,delivered,2017-07-11 22:59:40,2017-07-11 23:15:16,2017-07-12 19:04:01,2017-07-17 09:59:35,2017-08-07,30024e4bea278a6d6d58570df9c6849e,2017-07-11
0e8a50eedd19fc32a3537ab8ea559f33,3ef7cff4efadc6c1d152008c75e7c93a,delivered,2017-04-07 00:52:06,2017-04-08 02:43:41,2017-04-10 14:29:11,2017-04-17 18:39:49,2017-05-03,42ff92d7d6605bf30aefbd6a17ff7c9d,2017-04-07
650f7a5344b674232f3a73b84dad659e,6811ad91f50dc86a45aab46ffb7ea2cd,delivered,2017-06-13 23:21:44,2017-06-15 03:05:55,2017-06-16 17:12:03,2017-06-23 12:33:16,2017-07-06,c06c7ade0f0655a2c9effc8721770895,2017-06-13
5895d82d31799f8d7ad6748c25e76dad,155d57ca657115bfcabe8309f4fc5910,delivered,2018-06-04 00:43:15,2018-06-04 00:55:28,2018-06-05 07:52:00,2018-06-12 15:42:36,2018-07-13,12597896d46d4dbe5b9b9676726a3286,2018-06-04
55c27ec4136ec6d13577c7fb34c62b68,5040cce1f64706863160f0a3b757a894,delivered,2017-11-20 11:46:40,2017-11-20 12:07:40,2017-11-21 22:11:12,2017-12-04 21:42:06,2017-12-21,829d6e7a43080e1e26d649f475b9288b,2017-11-20
afa7ff555249234a1316e4b88f5f5aa3,7daa8a3a2fa25e50b04909c1235f4e2f,delivered,2017-12-05 11:22:23,2017-12-05 11:33:24,2017-12-05 23:48:28,2017-12-06 22:09:33,2017-12-21,7571e21572ea726ef7e6fee3602450c8,2017-12-05
d6717d9840d700bd7be08d9ca8bb791b,3258445d69ee63eac4af6749b70a0305,delivered,2017-10-31 10:40:37,2017-11-02 02:15:53,2017-11-03 14:27:45,2017-11-08 17:48:59,2017-11-21,dc0654eb4b744b2c238dced422fe1d54,2017-10-31
17279938859725061b927842cc521d9d,43688fad66340b74b9c7426fe3a4aba9,delivered,2017-11-26 02:06:21,2017-11-26 02:16:46,2017-11-29 20:52:23,2017-12-16 00:59:04,2017-12-18,500916dd05e1a0eef077815b20b9b644,2017-11-26
36a5f7874214018b33203105921b523a,4519fcfb50c87daf68626071f42f00cc,delivered,2018-04-06 00:52:54,2018-04-06 01:08:10,2018-04-07 01:21:19,2018-04-07 16:44:45,2018-04-18,caec9df349ab03bae3456415ae725cf2,2018-04-06
6ab7e108268118baaf663ad2b3af166a,e21b14b7f304dbaa47523498853a47c9,delivered,2018-01-28 15:22:05,2018-01-28 15:30:23,2018-02-01 00:38:54,2018-02-02 17:43:11,2018-02-23,24c75405d509b190b7d01fd6616f2b80,2018-01-28
996d1a75c8dee7aee3b0cb1d82b266be,3403049a0b038e1ea97ca2e93fd7fd7a,delivered,2017-05-03 21:07:12,2017-05-03 21:15:12,2017-05-04 17:44:40,2017-05-15 08:54:51,2017-05-24,03557ec3821accd6a8dcd5f94933752a,2017-05-03
2a845fcc04905f947eaf328adb74e528,033d941a9b54660b52da29edf21075e4,delivered,2017-05-04 17:04:39,2017-05-04 17:24:24,2017-05-05 13:22:38,2017-05-15 12:17:15,2017-05-25,f9ca24ac60dd57b28630410f8a1ac485,2017-05-04
4b20ac5099cdb7bcec3f8dfa89bdbdbe,666cc18bf39036f9df73b917861a5eb8,delivered,2018-01-27 10:33:44,2018-01-30 05:31:37,2018-02-15 14:07:36,2018-02-21 18:25:30,2018-03-15,b9b4f87b1dda942a40985da54ddf40cc,2018-01-27
7e047f26cecb3f6373facac7ded4924c,655d63fe4528e3d4022dc41d83271fe6,delivered,2018-06-04 20:36:36,2018-06-06 02:53:57,2018-06-07 14:02:00,2018-06-20 18:32:22,2018-07-13,81b36b46871a44ad74e70fd5c5cf275e,2018-06-04
c7c2965767573b9685e46d49a456945b,ae7adb4ab2d004278fd745bb881ad837,delivered,2017-03-17 08:49:51,2017-03-17 08:49:51,2017-03-20 11:38:05,2017-03-24 15:49:57,2017-04-10,2e18d8181381796d850be346aac98e9b,2017-03-17
d26c076e33054a0063c6fc94c51fc43b,30488ef22c9f0f381eaca4ec8e54c1cd,delivered,2018-05-03 17:38:16,2018-05-03 18:14:49,2018-05-07 06:55:00,2018-05-18 15:24:59,2018-05-30,97cb5429cc1f7f15a427152a50f404c3,2018-05-03
99fc98471ba98d97152de5147e0e1a53,fa2b8f62244e9026296121140882dada,delivered,2018-06-12 11:26:30,2018-06-12 12:00:47,2018-06-14 08:36:00,2018-06-18 20:47:32,2018-06-29,b72e2e6987f3c4c20ceafd7d2e3152f6,2018-06-12
17ca1148eb4467f56f9670a6e5096239,fdc072ed206bbd175bbd2d21366b542a,delivered,2018-02-09 01:06:31,2018-02-09 01:29:15,2018-02-10 00:51:37,2018-02-20 00:33:04,2018-02-23,3b97ff93ba0bc4b2110a158bc0436b95,2018-02-09
cbd6f379c5785a99687a2e00ae57b270,bf023a02122790d649963e72170ee2e1,delivered,2017-10-05 19:31:42,2017-10-05 19:46:10,2017-10-09 22:06:11,2017-10-23 18:32:28,2017-11-01,995732c307e27842a3b73bfa6eef8a63,2017-10-05
89f2413853ec50a94699c477188e2901,3e75d56cfa408510e997f70cf2ba50e6,delivered,2018-08-14 10:21:28,2018-08-15 03:35:09,2018-08-20 11:39:00,2018-08-23 16:48:53,2018-08-29,617b34d5da0d6b8816bdf284b8c1d144,2018-08-14
68d0a2d8ff8ad6e42d160a62d3d34fce,ed1c6c1cc4e0fff91a4f76e79670b188,delivered,2018-02-07 10:22:28,2018-02-07 10:35:32,2018-02-07 20:52:37,2018-02-11 11:42:29,2018-03-06,bbb24b0ebbe51990016de5086071f757,2018-02-07
3663b949b55f8b8025f32210ab79cfc9,29d45845fb05016aca8ee5964f8bba00,delivered,2018-05-11 09:52:07,2018-05-11 10:17:33,2018-05-14 14:47:00,2018-05-22 05:04:07,2018-06-04,97a2eec602dfa014b956a2544749b594,2018-05-11
00482f2670787292280e0a8153d82467,baa4ed05f22ffb6c4a41b71b699a492c,delivered,2017-02-13 16:18:07,2017-02-14 03:42:56,2017-02-14 08:32:53,2017-02-15 11:35:56,2017-03-10,d4c784ecad19dfe09e63ffaf9ada82a3,2017-02-13
9cf42361b48443c7fcb636454703bf4a,e616986f8823df65855f3461faab8d25,delivered,2017-12-19 15:31:50,2017-12-20 15:31:28,2017-12-21 18:19:18,2017-12-26 17:57:01,2018-01-12,6bf5a8a19e059bb59b610d8a71d0c2e9,2017-12-19
14d9794bbb53614d12cc2df6a045f82b,666a4eb7699fdccd19518171e0b5a069,delivered,2018-01-14 21:10:48,2018-01-16 03:38:48,2018-01-16 17:36:57,2018-01-29 18:08:40,2018-02-16,e301216623168d227eb0b0a3aabb1e62,2018-01-14
3430c87a970630a0cfdae2dfe4936d82,d5166fc503a25dcaa639f279f975bc58,delivered,2018-07-08 19:13:18,2018-07-08 19:25:14,2018-07-16 12:02:00,2018-07-27 17:14:34,2018-08-08,553794cff4e348036f304dad71814df5,2018-07-08
cf4b7cb0eb6f15f334b92be767c34bdb,64981236d312a0d1a1c81b61550bdfdb,delivered,2018-05-04 15:59:37,2018-05-05 02:55:10,2018-05-07 14:23:00,2018-05-14 23:18:34,2018-06-04,63fc7601e368a1a1703ad6558f8d86c6,2018-05-04
7c60f6fd772cf7cc94b55c621b78c8e5,a1e279d799116bd3fa998d8cbccda302,delivered,2018-06-29 20:15:45,2018-07-02 14:15:19,2018-07-03 14:19:00,2018-07-09 19:51:41,2018-07-25,1d6daab42f967a3439b41dfac0aca4c1,2018-06-29
44b20f5d6219004069d1abcb71428560,cec01cc1c92e32b6e6665be9ac91bc13,delivered,2018-06-18 17:05:41,2018-06-18 17:21:27,2018-06-19 13:13:00,2018-06-22 23:38:38,2018-07-25,b9c22a31693270293c6ecf09bda6e73c,2018-06-18
4b95757b3269bf34978e04cd3b1cda58,3bf43af0c99f7dd6ed5a5c57980a8bd6,delivered,2018-01-24 09:09:16,2018-01-24 09:18:27,2018-01-25 21:41:43,2018-02-02 02:31:50,2018-02-21,8aa01aca756c6533618555d7195513fe,2018-01-24
84484948cf71be13d3b7d3ce0898f403,6c21ff098ffce3eae8a87154b57de236,delivered,2018-03-08 16:02:02,2018-03-08 16:55:50,2018-03-09 17:28:36,2018-03-15 00:41:38,2018-04-02,65de74a177ce142743628fc814d0ea64,2018-03-08
e55fa3385fa77f6be6a0041c5daf2fb6,dd03475bfbf54191e01fd42f57d342ef,unavailable,2018-08-01 03:54:30,2018-08-06 23:31:35,,,2018-08-08,57ab30ac5f9bf8b1e23bb1732aabc91d,2018-08-01
fdfe08dafc921baeeb1bd5258728837b,7431cfa17b7b3832e824179c0d41858f,delivered,2017-02-13 11:50:50,2017-02-15 02:43:14,2017-02-17 17:58:49,2017-03-03 10:17:55,2017-03-20,aea40de76143f4303f9df454e32e3ec1,2017-02-13
c8395c703a6133dc947b6b371b2551aa,a14b9eb03932b3a268d0c568d5abf5c8,delivered,2018-02-01 12:07:06,2018-02-01 12:29:25,2018-02-02 11:48:25,2018-02-15 11:32:19,2018-03-08,bc78a3057450d70b8181de806e8dd999,2018-02-01
8bbaf58bf6dba86510e280b874e88425,4e87cf360a8ab537d9af03568d747a1d,delivered,2017-12-21 13:48:26,2017-12-21 13:58:25,2017-12-22 22:19:31,2017-12-29 18:38:27,2018-01-16,952211b62af107fc525a0df104dafaeb,2017-12-21
3dcb62ed8e9e2d9909ba544c7d10195a,f71306b04e49155a6c1511e4b01b6b23,delivered,2017-08-21 15:49:41,2017-08-21 17:33:03,2017-08-22 19:14:25,2017-08-24 12:30:22,2017-09-14,1a189f701629ed12afdd77259dcbde0a,2017-08-21
4a924ea5f531ea1fb54abf03073a20d9,d6f2698d7106b56be6e998de64fbe86b,delivered,2018-03-23 12:20:41,2018-03-27 03:50:57,2018-03-29 23:05:04,2018-04-13 12:57:32,2018-04-23,e2273048c2110b4f5d72f38a169848e6,2018-03-23
85d5dc0b4e21b624ebf29a1353972cca,51d72e4cc455add1330f24c87eb6553d,delivered,2018-02-02 17:51:10,2018-02-03 17:50:33,2018-02-08 22:32:22,2018-02-19 20:55:19,2018-03-02,5a1942a93333fd8938ba68d7aec74a1f,2018-02-02
3a46125908fdacca936ce28a0b4835ea,96d3ac7e240192d6083be5a89a56da21,delivered,2018-01-24 21:31:11,2018-01-24 21:37:52,2018-01-26 21:56:41,2018-02-05 21:54:33,2018-02-16,ac6a562cd32434d29b8dc97eb3e0dbcd,2018-01-24
6a6f17e757e213c9287c353998a5b054,829bbe1394c6df95d98dee8feefb977a,delivered,2018-03-21 15:10:53,2018-03-21 15:27:53,2018-03-22 17:48:40,2018-03-24 21:07:06,2018-04-10,cd41283e35c08dd8d8f26d30e06bfa0e,2018-03-21
df832acdcfc236969ab361d4597e6e0a,773955295ef286f5d3b8fca9caa6bd9e,delivered,2018-07-19 01:00:07,2018-07-20 05:03:25,2018-07-24 06:53:00,2018-07-31 17:13:38,2018-08-10,ecbe56980cf3f7bf82ab25bd23afeac5,2018-07-19
f551ed5f4c40a33b4922f6d2bd276941,657ba09c6edfbbc09f6054f541ec1f90,delivered,2017-08-23 16:05:59,2017-08-23 16:28:57,2017-08-24 14:46:50,2017-09-11 20:13:33,2017-09-19,3dbb390afed2043063d358900ae05d0d,2017-08-23
4d1f73fde643f7a1d08d400816850265,f796cc9e19019673220efa160fe7e610,delivered,2017-01-22 11:08:52,2017-01-22 11:15:20,2017-01-26 11:37:37,2017-02-07 15:32:26,2017-03-06,a357e6da35420f660db00199a9062bb6,2017-01-22
7488164ec74fb9eeac75aea6e2a35004,781bccdb02a5f9354d90ec2abef29b11,delivered,2018-02-06 17:05:50,2018-02-08 08:00:22,2018-02-08 20:13:58,2018-02-20 19:15:46,2018-03-07,2aa6a78c6257429251cb022a4e2bd512,2018-02-06
cc0fd6c51b7543009e47b01e9d14b686,e5894d67ab3b433aa6219918e970baa0,delivered,2018-03-05 15:06:28,2018-03-07 02:35:36,2018-03-08 19:54:29,2018-03-14 20:18:52,2018-03-21,d47dc11826004cf90f12cd7e7bc1d6ba,2018-03-05
f0acad80eb7ba5bc5df9257759e12330,b311fa45693006635231a6a842a2b7cc,delivered,2018-05-16 15:57:12,2018-05-16 16:14:57,2018-05-17 12:36:00,2018-05-18 17:05:30,2018-05-24,246b7609c32f6cd1b3fb272e498f804d,2018-05-16
572c8f79a589e5ab2a0d8eec910deec1,e9a36d6f6bd1882063e07d44c5eafcc5,delivered,2018-06-06 09:43:39,2018-06-06 09:55:22,2018-06-06 16:22:00,2018-06-12 19:58:47,2018-07-19,9b12d667e00db8df3f31a2d9b0d1a5af,2018-06-06
81ee72663ec8c48b97ba61fa03f3f7a0,4088ae1433b8ecc31a778ee95b85298e,delivered,2017-03-05 17:00:22,2017-03-07 03:50:28,2017-03-08 16:04:00,2017-03-13 11:12:41,2017-03-27,637f0ad21129367d3b8636753ed1058b,2017-03-05
f43e5eafabf8b91d5bf98e478fe28cff,272fdc8db0aa254166fd532d2bc99fa5,delivered,2018-04-23 23:02:02,2018-04-24 19:07:34,2018-04-24 18:12:20,2018-05-08 20:46:39,2018-05-15,46028f2d6b2f3c010fa407a0d19dadc9,2018-04-23
dadc329b35c6c0dcbe7c3ddb1923f51a,6fb98dfbb5b667b36d0f0c1e84d544d3,delivered,2018-06-29 16:01:12,2018-06-29 16:11:43,2018-06-29 15:47:00,2018-07-05 20:54:44,2018-07-31,3bbb3c8a5fcf742b26dd86a1ea8638c1,2018-06-29
8137dd2eb10f8393185e4fb57b038373,e8ae7f3b5ccc3a0d2d04c605f4ca481e,delivered,2018-08-03 22:24:38,2018-08-03 22:35:17,2018-08-07 16:23:00,2018-08-13 20:28:39,2018-08-15,8e6c3249486634f7ba5d99b009c608f7,2018-08-03
a1941edfbb473a7e0a9f1e7abbb773fd,700660b5eabe7b1914f0bde53b1f7d2d,delivered,2018-02-27 10:56:54,2018-02-27 11:09:54,2018-02-27 21:21:47,2018-03-26 20:59:16,2018-03-20,d11c72d8810235e6c7059e32df540dcc,2018-02-27
0a4105b08aba021f690e79d8b9810885,e3626e5e4456891fae423283d82e040e,delivered,2018-06-19 16:09:58,2018-06-19 16:45:28,2018-06-20 14:17:00,2018-06-21 16:15:42,2018-06-29,a5325bc7a79f0f2633f961528afb93de,2018-06-19
715e53f481c6c6658f3c573d30df4b12,e993bc156b872265ab409edb2600ca67,delivered,2017-12-03 09:13:58,2017-12-05 09:17:00,2017-12-05 18:39:06,2017-12-15 22:09:53,2018-01-11,2644b5329dfabfe49dd9df61bfa66817,2017-12-03
b16644ef8d90f85510ad8fc9741edd46,3949c25056847b9a7575038115169dbe,delivered,2018-01-21 13:16:00,2018-01-22 13:50:04,2018-01-24 23:22:11,2018-01-26 18:06:38,2018-02-06,7e8b71dc492566d4e6a8d81002bf31cb,2018-01-21
52d39ff4d1bec82c2e57105ce078804d,bf404bca8019b05975e935847f83af10,delivered,2017-03-08 11:54:55,2017-03-08 12:32:49,2017-03-09 15:37:58,2017-03-14 11:31:52,2017-03-28,ab1bdba8df24adf29999304a1aa0b200,2017-03-08
e932edaa6417ab9aba25187f8e6433dd,dc93c2d3500469cda3d96ca2e50f5142,delivered,2018-08-03 13:23:00,2018-08-04 04:24:02,2018-08-06 12:43:00,2018-08-10 22:55:28,2018-08-20,5923b4f6520b20526b5a59f063e6b0ee,2018-08-03
37455a7ce5cca45395e5b3c399e12310,ca8a2e8caac901e0d72dae6be36bd360,delivered,2018-05-06 10:50:45,2018-05-06 11:10:30,2018-05-07 14:49:00,2018-05-11 18:24:38,2018-06-07,884c48ed950cf4ebc860ada3673b92d8,2018-05-06
cd2e2ff68721cedbf8b5887479475a81,4e7d6826f3f99a67fdb754b14c9ede4a,delivered,2017-07-10 14:56:31,2017-07-11 15:05:12,2017-07-12 16:44:28,2017-08-01 12:57:42,2017-08-03,7fff888508deccbad37392f9a11da3e1,2017-07-10
491bc4b36d8fa1a8c03c68bb9ea692d5,f53f38876478c471da6c224e7990542f,delivered,2017-11-30 15:08:34,2017-11-30 15:19:19,2017-12-06 19:39:02,2017-12-19 19:27:43,2018-01-03,550bfaea5eb35c4f3184f7eaf35a9087,2017-11-30
f5bdbbff47c740c2cca90305841220a8,25e478c307b5543559a8a7bc74b2a068,delivered,2018-02-14 14:55:51,2018-02-14 15:08:23,2018-02-15 16:27:38,2018-02-20 19:15:38,2018-03-13,8577a03bd8df4b9411eebf95efddbe8b,2018-02-14
284d9d5dfbec3d66bf57c38628892577,7d831cbb1fb8d8d06cc4391b76869b64,delivered,2018-03-29 08:36:50,2018-03-30 03:15:25,2018-04-04 21:44:33,2018-04-16 10:28:31,2018-04-24,3b8d4e3457655a6b567da8a55ae91572,2018-03-29
55c424970c57390065af9e2bf5461f11,857ea73b4bc11994dfa6fe04b6dd55de,delivered,2018-07-09 17:49:49,2018-07-09 18:05:19,2018-07-16 13:48:00,2018-07-30 21:56:42,2018-08-01,9aa8ce2d45fa292e21483562ffd2d9f9,2018-07-09
e07b8a570c76f85723c8ef8613036464,2e9f591b26c9bc2b6a3c786f689a70db,delivered,2018-01-23 14:30:17,2018-01-23 14:39:29,2018-01-23 22:56:57,2018-01-24 20:26:43,2018-02-07,fd1f8397984d1347b833c49202122cb7,2018-01-23
f6cffce5b4b2b4c67d3e3261a5b63e89,7e5c1a1d9377e5b0ab01723ff5d707a1,delivered,2018-07-19 18:46:53,2018-07-19 18:55:15,2018-07-20 14:25:00,2018-07-27 17:58:35,2018-08-02,bbc4ff65af12c67c94d0b0eb1a05aba0,2018-07-19
17ba08ab21ccbb0c886139aa8557ca7a,91bdbd577a0e49ecb7d176105b131a27,delivered,2018-03-26 10:42:45,2018-03-26 10:50:29,2018-03-27 11:42:25,2018-04-04 16:59:03,2018-04-19,d3da27895f493c450604f7380547c7f4,2018-03-26
83f4ef880ab532703def37dd9c0e7348,ac5d0349ba5fbcd6936ada5ac444dd90,delivered,2017-12-01 01:39:58,2017-12-02 02:51:13,2017-12-04 22:03:42,2017-12-14 17:07:25,2018-01-05,64318e7cf2812fe20d69128528d52f5b,2017-12-01
d4f1f8bb167c14ceae69adb36c2634b2,5e873cf6dbe0863d55e9f73b5f93946e,delivered,2017-06-26 15:31:56,2017-06-27 04:23:07,2017-06-27 11:25:43,2017-06-29 17:13:41,2017-07-07,bde2fd5de54228d761899db7bed5dcfe,2017-06-26
a6476259927be2539b760baec362ce92,fa7dffdd159e0b0d624a60f7b72497a5,delivered,2017-12-14 00:03:51,2017-12-14 00:12:44,2017-12-14 21:06:00,2017-12-19 15:17:57,2018-01-03,77c6e9a44e36ffa7ed7327ced5e11673,2017-12-14
cb2ba82044a8194f5a978abd2e3c5fbf,69d0df381d9cf6f2169d64b4d3eea794,delivered,2018-03-12 09:33:26,2018-03-14 02:50:32,2018-03-16 01:08:36,2018-03-17 01:25:23,2018-03-27,2d178f990a941521701a798ea92d9a11,2018-03-12
00a57dfbb049fbaae10763e2cf15f797,33653a722db1d2f6bfe739b3a07f11d6,delivered,2018-07-20 11:09:30,2018-07-21 03:25:11,2018-07-23 13:19:00,2018-07-30 19:25:47,2018-08-13,01689985c22786e41347d5167048b25e,2018-07-20
6d5c5ba52487a739a0406bcb654d91af,7f8cb95cc7e2bac16da7219fa5016160,delivered,2017-03-20 18:00:56,2017-03-20 18:00:56,2017-03-22 08:24:20,2017-03-23 16:12:57,2017-04-06,f66c9f2fe720a7449ae729f275bdb5da,2017-03-20
c4ddf9f60eaf139adc4814d91915f5e9,7fcf344378d1a24b4c66a77962d99c17,delivered,2018-05-23 12:25:41,2018-05-25 02:55:40,2018-05-28 15:03:00,2018-05-29 18:02:26,2018-06-14,e763430ada63f69ec44c23447bc00200,2018-05-23
6c2df3329834884b60365f14e084c043,b079e41d8e7a4fcb68b16b1334e1f878,delivered,2018-01-18 09:30:17,2018-01-18 09:50:10,2018-01-19 22:28:42,2018-01-25 17:07:09,2018-02-08,071fa47fec45a93dd9f185e89e330484,2018-01-18
0045f5225a96ef46630701167528fdcb,e3b91047e6ca3f5e8b656750fa3d61b2,delivered,2018-06-10 11:23:39,2018-06-12 04:17:48,2018-06-13 14:32:00,2018-06-18 17:36:49,2018-07-04,02b3bd80b9721b83c5b155ace3feede9,2018-06-10
000576fe39319847cbb9d288c5617fa6,9ed5e522dd9dd85b4af4a077526d8117,delivered,2018-07-04 12:08:27,2018-07-05 16:35:48,2018-07-05 12:15:00,2018-07-09 14:04:07,2018-07-25,fda4476abb6307ab3c415b7e6d026526,2018-07-04
8ecb444bd33d4670ddbec85cc7b141f0,e2266964ba442379634f15b1e35b9bd2,delivered,2018-01-17 16:12:17,2018-01-17 16:32:44,2018-01-25 21:03:54,2018-02-06 16:13:08,2018-02-09,70504b368c13497407203bef59b7bbd6,2018-01-17
a31e3f43f9ed2f1d94b0748bc723b899,7f227d89607bdb422be881917ea6161f,delivered,2018-07-03 16:04:38,2018-07-05 16:34:56,2018-07-04 10:43:00,2018-07-06 01:31:26,2018-07-16,dd279c2d60ba1ad3cc221bbc7506c772,2018-07-03
b7c4c48cbc6af3c8db4a65fe2347faae,a4355553d1a2462b71ba37cfaed64c99,delivered,2018-03-06 14:16:00,2018-03-07 14:10:28,2018-03-09 02:23:32,2018-03-29 22:38:42,2018-03-29,6e9bf221b0e8b8580e3c0acdfcdf832b,2018-03-06
84f22866255c63a5269b53fe16d592bc,c8d94b19054cb1ee16dc5da01c6fe46c,delivered,2018-05-08 12:30:21,2018-05-08 12:56:47,2018-05-09 10:13:00,2018-05-25 12:03:42,2018-05-28,d11188231f75ab0e253fc4cd6dbfd5ee,2018-05-08
33461765475580d8fa316d298bfdf86d,e69ab9cf8dd76405e89146add494fa1a,delivered,2018-04-22 13:10:52,2018-04-24 18:29:08,2018-04-26 13:19:00,2018-04-30 21:58:24,2018-05-15,426a331f0b556105818440e3a1daac73,2018-04-22
4bb817d2ac53f370a77bf32e4f79b6e3,f68d5744cb72e72c346fa32a1c0916d4,delivered,2017-08-25 16:52:05,2017-08-25 17:05:16,2017-08-29 15:49:12,2017-08-30 21:08:08,2017-09-11,39bed5bb702b35f9d4adbcbf28dc072f,2017-08-25
8728d50cf8a703b24a9f7d755d9e40d9,d42e6d6ecf34bc3f0d2dfe281274e4ad,delivered,2017-05-12 21:57:37,2017-05-12 22:05:19,2017-05-16 11:08:45,2017-05-25 07:51:47,2017-06-01,ed2ff3e9f802fd7efb2635cb48694ea0,2017-05-12
196c08d79ccead358a5de691d9e86ffc,48e01f582babc900edbc0a7d81cf02b0,delivered,2017-12-07 09:43:07,2017-12-07 09:52:29,2017-12-11 17:16:21,2017-12-14 10:48:41,2018-01-09,753425bfd7cbc85577b8fafa451d2b26,2017-12-07
f4e89e886af11935090e0dc7c401ee3a,c0bfd7a4af42e5c34ad72c0e641bdce4,delivered,2017-02-15 19:29:14,2017-02-15 19:43:07,2017-02-17 13:05:15,2017-02-23 12:25:52,2017-03-20,2f8e7ef4f1c0b638b68e65fb17d56b79,2017-02-15
32fb9842a1e575a59a048b0f5b471d94,5e4b766aea881827c2ae6ca9a7dfcb30,delivered,2017-06-09 08:56:24,2017-06-09 09:10:20,2017-06-13 09:09:02,2017-06-23 10:15:44,2017-07-06,aab0cf2b7b1d9c3fd242397d73ed044b,2017-06-09
d10131646d46d892590a283682271dae,b2c11da0213e1ea90f48697f1fe753bc,delivered,2017-10-07 16:36:06,2017-10-07 16:49:28,2017-10-16 16:25:37,2017-11-03 16:57:43,2017-11-14,b443157e613bf917d2ddcba1593287c5,2017-10-07
6fb578cd2a36797ae65521816a678c1c,14acf219b872d59372c19045b364fe13,delivered,2017-02-08 15:35:42,2017-02-08 15:45:22,2017-02-11 09:31:01,2017-02-21 14:08:33,2017-03-09,034c9168c534c478555edfae7434c25d,2017-02-08
ed90acb4ba03816b2c274cefc7460e69,b1bef5a3f6ee5d089f813bc55dc3d73c,delivered,2017-08-11 19:25:29,2017-08-11 19:43:38,2017-08-14 22:39:50,2017-08-28 20:07:43,2017-09-18,07a7c1ccc54142a4a69ce49ab95a7cc5,2017-08-11
8fc7fe03972d77fcddb7e955ccb24dfe,b182111e7c1d0df1d8d41d1bd8780459,delivered,2017-12-21 09:12:15,2017-12-21 17:46:27,2017-12-22 20:47:53,2018-01-11 19:08:04,2018-01-18,923507269a23dcf12d241baa304b61db,2017-12-21
39d4caa5cd784e6ef7f07b8f325263c5,1aaa745c60b376fd11b24227bd16c93c,delivered,2017-11-22 14:16:50,2017-11-22 14:26:52,2017-11-23 21:49:44,2017-11-25 16:13:10,2017-12-04,aff69511dbf4e69a3d4f0cf0f46cd575,2017-11-22
e531208eb155aa7ad31da8a797a6efe2,5990c968f67702de9d23d27d91d4f902,delivered,2017-11-17 13:18:07,2017-11-17 13:55:31,2017-11-21 12:48:48,2017-11-28 11:06:08,2017-12-06,5cc97f5eb1aaa36fc039a20913e82ad6,2017-11-17
d2be0399eb882f833d37fa1c7877c75b,fd2bec2bd1aef2211791e285c3a72ad9,delivered,2017-12-22 21:10:42,2017-12-22 21:30:35,2017-12-27 17:40:13,2018-01-13 06:27:13,2018-01-31,73cbcc97b7786a8c35aee425a7cee20b,2017-12-22
eaae3cf15cb2de079d33c44d3a8b2dc9,e53540c496e61859f22f3487005332c6,delivered,2018-02-19 22:00:34,2018-02-21 03:31:25,2018-02-21 16:49:13,2018-02-27 16:59:00,2018-03-05,531d4cd60251ed510cb95bbf6feac1fe,2018-02-19
48f680279ad00e30a9d82f4faa85b992,d5953c17ff6eb3e890cc06072c6894e2,delivered,2018-02-28 14:50:01,2018-02-28 15:11:34,2018-03-07 02:14:29,2018-03-13 20:14:33,2018-03-20,b7939839a65fa5d44768ed0140e6c4eb,2018-02-28
dfcff7794f6db4501f11326cde0e1f8e,c16fce5b85e28d53b5ad26ea44b62e1a,delivered,2017-07-17 08:28:02,2017-07-17 08:35:17,2017-07-18 13:37:39,2017-07-21 21:17:40,2017-08-11,b92a6f95096e923d4eaf9192e17d5095,2017-07-17
098f664519835e5af0a1f20f4d778fdf,0601c37516aacb054d8ed951625d5fcc,delivered,2017-12-15 18:57:33,2017-12-18 13:29:39,2017-12-19 18:23:34,2018-01-04 15:58:54,2018-01-16,07ca2340f294d146e84ae06b1abf1c3c,2017-12-15
b50700cbee924cf4a5f5f9f38c1d0a04,ea881d44e7e735dd3b154baba6917f3b,delivered,2018-02-04 19:58:39,2018-02-04 20:24:16,2018-02-05 21:48:39,2018-03-06 19:56:42,2018-03-06,5a86385578ed60106d47b031a96b5f62,2018-02-04
50c331850829a3e71ba43b46a7785a16,708c68b6742f97b62d44b4f33b262190,delivered,2017-08-30 05:33:43,2017-08-30 05:45:05,2017-09-01 12:26:40,2017-09-06 16:57:40,2017-09-18,89bfe07c825cb356d8adb48036689efc,2017-08-30
7b407def87721a29fc233b7ae9ad6013,0d2ff29c36a65d389738620aa2f4e145,delivered,2018-08-02 19:28:14,2018-08-02 20:30:45,2018-08-03 13:14:00,2018-08-08 21:16:28,2018-08-17,8020cb61d67a964fdf5f246d5f6cb201,2018-08-02
9c77804d4075e1f321c74f7a62d1d016,5ae027472694042d139e2f94c763bf2a,delivered,2018-07-30 18:45:52,2018-07-30 20:00:26,2018-07-31 15:29:00,2018-08-07 18:58:50,2018-08-13,e1a2950a5435afda89336c32edc17b9e,2018-07-30
084644a489ac88b4ca68d2aa3dc91292,e96d02789ac557767bf618ee7bc02854,delivered,2018-08-20 22:36:17,2018-08-21 16:30:51,2018-08-22 15:01:00,2018-08-30 20:11:37,2018-09-26,a3964d35b345bd424ed862c468d3d8fc,2018-08-20
7229557b67bb7b631f68aa308462a533,3535d2552102ae23095147d0409f0d20,delivered,2018-01-22 18:56:35,2018-01-23 06:55:27,2018-01-24 18:39:57,2018-02-06 17:42:16,2018-02-23,2bcb6520264828b22eb21a9f32ce0297,2018-01-22
b03614607ed7a36258b150150b1e898b,02af4338e00cfed3af1a15854865879c,delivered,2018-04-19 08:29:59,2018-04-19 08:53:55,2018-04-19 19:11:39,2018-05-07 18:07:30,2018-05-24,7ace56ef3973c58860b3ebba3df52710,2018-04-19
a60b6d835751f3580629da8d3b00b761,4c01cd397da9c3d496e8ac9db71bf078,delivered,2018-04-02 18:49:35,2018-04-02 19:08:02,2018-04-05 21:21:50,2018-04-17 18:28:37,2018-04-30,2f23c8a1e98ba86fc5e2462c1d12df9e,2018-04-02
326498d34ca452ef02d49a1cc8069b1e,a080c55131168354dfcb6273a231b166,delivered,2018-03-02 09:59:12,2018-03-03 02:55:25,2018-03-05 20:14:44,2018-03-13 23:44:25,2018-03-22,0cc2935ca2d88bba8e8ad4d9ca224ba3,2018-03-02
42668f834ab1750edde339550084f090,75abc7c1601fdd71de4172156e87081e,delivered,2017-10-15 20:20:56,2017-10-15 20:35:13,2017-10-16 21:07:52,2017-10-17 21:29:53,2017-10-26,4fd547931d9be10d53bca186d83af2e5,2017-10-15
f4894d53b6be36cd0c12a1e648e35758,9e1a673f2651c20ede7dce5751950602,delivered,2018-07-13 20:36:21,2018-07-18 03:31:18,2018-07-19 10:47:00,2018-07-20 21:43:30,2018-07-25,8092414d9e685a6d762729fccdd4af93,2018-07-13
4f37cbf1e88e6a573c864f42e1072dd0,90fe5f027efb895658f71b213bc5f8d6,delivered,2017-05-28 20:38:16,2017-05-28 20:50:06,2017-05-29 15:20:50,2017-06-12 12:33:05,2017-06-21,97598d713c18d52b9616883e5df8aafb,2017-05-28
b8a644dc49239c37a1db391a709f39c7,3d2d2be2f9ebb31c0a41010f1ad57753,delivered,2017-03-30 12:28:45,2017-03-30 13:06:25,2017-03-31 08:42:02,2017-04-10 16:12:46,2017-04-24,d5f0260c28b1ccc839bd5288ac31b626,2017-03-30
df88a8395fa16611947484e283503cb3,5754c53ce78338afd3ea539fee8052ef,delivered,2017-11-24 16:24:26,2017-11-24 20:31:06,2017-11-27 20:46:02,2017-12-06 19:23:00,2017-12-14,7281394faa11739f059e07d11dce1dec,2017-11-24
5c19e256f5972c1dc427a1a1f9940a3d,4a6f381eb19bad5d9975d63edf753920,delivered,2018-04-20 16:09:42,2018-04-24 17:47:43,2018-04-23 21:52:07,2018-05-12 13:28:52,2018-05-21,e49827ca094e064961a832e570dd1f04,2018-04-20
83175e145b57ecd7bc564a4662a5e72f,c2e77a3d32b706cd18bd8e3b464999b3,delivered,2018-02-02 00:00:29,2018-02-02 00:15:54,2018-02-06 22:38:40,2018-02-16 00:55:07,2018-03-08,592d5d086e0de4ea2530499b9e40bb38,2018-02-02
edcaded448abfc7302a12be6f10cbdec,ea6e4b9a3c6507d36ac172f95c32b2a4,delivered,2018-02-13 19:59:41,2018-02-13 20:15:25,2018-02-14 20:53:09,2018-02-26 15:43:46,2018-03-07,1548bc80a31dda4f50d410473d88475d,2018-02-13
adc5d4b4ff1723e6a68bb73bb1eda4a8,630e9a67c8d1528b356f51ba17702570,delivered,2017-07-14 18:06:13,2017-07-14 18:15:18,2017-07-20 17:42:15,2017-07-26 22:11:41,2017-08-03,29dad0eb8559052a518ad4062c17eaee,2017-07-14
4fc50cd371b22d084ba692f7bfc7ca6d,1434c23ad06a9986f1b2d77ac7a96b7f,delivered,2018-02-17 21:17:51,2018-02-20 07:07:07,2018-02-20 17:06:59,2018-03-28 23:15:38,2018-04-09,c908c86cc48522f185aec323517b65fb,2018-02-17
b3f179611003f752f8beaacff7c017cd,2de73f1de26fc95d24c3f33ba8ed023e,delivered,2018-05-02 09:58:15,2018-05-02 10:13:57,2018-05-03 16:51:00,2018-05-11 00:42:19,2018-05-28,806dc5677f50c4f394407b0f6d820d6b,2018-05-02
cbba3011242ca136008316701ed79229,6c5cb6d6b3bf36e1fcc36c2ac4d94542,delivered,2017-10-06 13:30:12,2017-10-06 13:49:17,2017-10-10 16:07:15,2017-10-17 22:08:13,2017-10-31,41877f847d16ce3c76e69ad77057c32b,2017-10-06
b0ed482699eda01ec9bc672c131741f0,b3e16dcf5e6a9a7a917838b9c8d6551e,delivered,2018-03-04 10:05:42,2018-03-06 03:35:37,2018-03-08 02:33:00,2018-03-28 20:44:33,2018-03-29,42f214e3717b343664b63b944fff6935,2018-03-04
f0a5b7c94819c69d12a1c0458ec74756,54d5d7da0837d85d624ff379fffd671d,delivered,2018-08-26 04:52:35,2018-08-26 05:10:09,2018-08-27 15:27:00,2018-08-29 18:17:44,2018-08-31,aa26d42b1e161d0deefbd5c9ae974d7c,2018-08-26
0b1e7d45ede8adf7964c242ce45846f6,edd7f87e7e45b3117f7ba85acd16297e,delivered,2017-11-08 20:53:51,2017-11-10 02:55:56,2017-11-10 20:08:56,2017-11-24 14:51:52,2017-12-04,c8d14082e78aa5dc1d332386f18b9547,2017-11-08
6be4d639e28647dfcf1002b1e2f3e84c,3e12926c0023f6666615f8c9bd3f76b5,delivered,2018-02-12 13:59:10,2018-02-12 14:10:36,2018-02-14 20:15:39,2018-02-26 23:04:41,2018-03-13,8535a0e38d55794077908672dd2c6e50,2018-02-12
79c886043a847d8d2e58c43a1ec1ebd2,09adf5d66c6cb9336353b2b2f4186e1c,delivered,2018-07-01 22:52:05,2018-07-02 22:50:18,2018-07-03 14:55:00,2018-07-07 16:56:29,2018-07-24,0ade8f2feefbe30e6fd9b07b85d7030f,2018-07-01
b886293e979c828299f8fbae51cd8a51,25c03785d6379d4dcbe6ac14af0c4f87,delivered,2017-11-09 16:02:26,2017-11-09 16:15:47,2017-11-10 21:21:28,2017-11-16 17:14:39,2017-12-01,4d99f702a7e13503bcba23438b7e7888,2017-11-09
37bd4ebc1e9465415453c41f71eaa6a6,1052e334b46dd1e9876946d6372a363e,delivered,2017-12-17 20:40:48,2017-12-17 21:19:27,2017-12-18 17:39:17,2018-01-09 23:07:44,2018-01-19,c933181d09535cb6bdfb1c0160323bd9,2017-12-17
471a6da1b73e8e40114d97f64ad384b7,b2300f06092fdfd34385f05cb958e112,delivered,2018-04-27 15:11:29,2018-04-27 15:32:54,2018-05-02 16:26:00,2018-05-08 17:34:46,2018-05-15,83d06b1922a4cd9e1db310f499bc376c,2018-04-27
c7c6ca7db4f3b52d2fd70aeeb13d8e69,f814518d7099e9edf3060a9aa22c43c9,delivered,2018-04-05 14:55:22,2018-04-05 15:09:59,2018-04-10 00:32:23,2018-06-07 17:37:24,2018-05-11,b4d0e21689a0644377677a22c8904e19,2018-04-05
7ad4319f5bcb490a240f47596df4e683,3f1b8132e0f236befb07915a0fe31649,delivered,2018-03-30 20:41:08,2018-03-30 20:50:08,2018-04-03 20:32:02,2018-04-05 20:46:37,2018-04-18,efb8ed6fa72c7c97805c9b6b9592d3b0,2018-03-30
f01221bdbf37c9c792b4cc3e78dc5dc8,589dfc0372826753089617cbd63265e2,delivered,2018-08-21 16:12:34,2018-08-21 16:30:46,2018-08-22 12:07:00,2018-08-27 18:54:49,2018-08-31,4d0e78f8c401beeb7be2c0e8cd6acb92,2018-08-21
0551ab30e952cbf19e26f0f6baab13a6,7999bbff150ed9132667f5c350d45c3e,delivered,2018-03-24 13:30:08,2018-03-24 13:47:25,2018-03-27 22:16:59,2018-04-04 18:56:31,2018-04-19,719268f22cb2d1632471b52cfddcb420,2018-03-24
22deaa695e6bee4bb06af5da6cdcdabe,76f2f2c46b45b955bf74735a1bb30e92,delivered,2017-10-21 22:23:16,2017-10-21 22:49:14,2017-10-23 14:07:04,2017-10-24 17:10:43,2017-11-03,cd619d78d1001ca060c6870cb2114872,2017-10-21
3cd41dc7c9fceb7de4fb0e9983a4b1ed,f8d5adc32955a3f8c92b0343deebad7f,unavailable,2017-10-10 23:49:13,2017-10-11 13:56:22,,,2017-10-23,9f7422ba57a5cebbbe7d16dce355b191,2017-10-10
bd78f91afbb1ecbc6124974c5e813043,b503b349a145e75d7b6fb083b221a5cb,delivered,2018-06-28 21:26:30,2018-06-28 21:51:05,2018-06-29 12:07:00,2018-07-03 20:52:04,2018-07-20,6d87972291cbdd4532d88cc819172cde,2018-06-28
a38439dea75520fa7c02a9ac0c4328ec,33b24c5904973c31f666f6267383586c,delivered,2018-02-22 21:44:18,2018-02-23 14:15:33,2018-03-01 17:58:41,2018-03-12 20:41:42,2018-03-20,1483e7859a6441b3dd8c15d4b52eec03,2018-02-22
debaf5bf201585e6d963688922a500f3,e5230e9a583ae21824f212d9a8f121a0,delivered,2017-11-24 17:55:43,2017-11-24 21:15:55,2017-12-08 00:08:07,2017-12-12 21:25:58,2017-12-21,952e45049f3d41551338e7f55a07b4d1,2017-11-24
592673ab37fe8fa9e3a4844d067682dd,d7bee1bfe536ec63fc3fcfa88569c096,delivered,2018-03-15 21:30:27,2018-03-15 21:48:45,2018-03-17 02:51:21,2018-03-29 11:58:30,2018-04-03,6d95b58561843bf4eae9911b681b9a07,2018-03-15
4de19bb1b286e84a06c1d2eb2954b222,e63b4c0a8ee073d6adb70f8a1b7b789f,delivered,2018-03-07 23:30:39,2018-03-09 02:15:42,2018-03-21 23:19:02,2018-03-26 21:42:29,2018-04-17,ed7f32a5c85ecad1356f0b260926198f,2018-03-07
00c405bd71187154a7846862f585a9d4,1ab52508d3c58d96241850142347b75f,delivered,2017-10-23 14:59:46,2017-10-23 15:14:13,2017-10-25 13:30:02,2017-10-31 18:47:06,2017-11-17,58b051c30d684ac12a2049a49c856203,2017-10-23
6541aed6de52f3a9f2cb99afe498dde4,4e642118496410b93f7ed817c30a421a,delivered,2018-05-09 21:55:23,2018-05-09 22:14:38,2018-05-11 12:26:00,2018-06-08 16:54:45,2018-06-14,66003712fd22ba49d0e695d80d054de1,2018-05-09
5d7c9ec4aa4d83e0b66b73e3ad2d7c06,c36e7cd497c538831ff5d1a3e5af5e47,delivered,2018-08-23 13:19:20,2018-08-23 13:30:31,2018-08-24 11:14:00,2018-08-28 18:19:38,2018-09-25,daec9f67248b12c4a7766c16541ce32f,2018-08-23
66c21fa04706b27438fe03e00ba596f0,58c674bdd84b66c7b579268819c793ae,delivered,2018-06-06 23:48:02,2018-06-07 00:36:41,2018-06-07 14:41:00,2018-06-11 16:27:45,2018-07-03,e6b67bd11ffbf2b9ce4557ab446b3d88,2018-06-06
ae35264f1f3d48dcabac5f8a4044c8fd,809fece180865f33e734926b15164398,delivered,2018-07-09 17:28:54,2018-07-09 17:45:00,2018-07-10 12:58:00,2018-07-13 21:41:45,2018-07-30,e4ccfa373ea458df2fb6914ff4e5e73f,2018-07-09
c31664de12de8ed1dc41cc8478e51ae0,566d1ab114a060817ff8d40a6c0729c3,delivered,2017-11-24 14:21:44,2017-11-24 16:32:43,2017-11-27 19:13:19,2017-11-28 22:41:52,2017-12-11,bec2e0b1775840b6fc92ac586f6a228b,2017-11-24
31942ba78d7901dac911b431307cdba6,a756b65b73075e9d789ee5fc07ef0955,delivered,2017-12-09 14:40:14,2017-12-09 14:50:55,2017-12-11 15:33:29,2018-01-02 21:52:06,2018-01-16,011d6505c026d200e75cb0b6c47da758,2017-12-09
cdd9e6f4efad93eb820d770a29c190a7,59a915cb536fc30ddf3e46f9b0f4d55b,delivered,2018-02-09 00:58:47,2018-02-09 01:15:33,2018-02-15 17:29:09,2018-02-20 19:37:06,2018-03-05,0c5df8b7d31cf58ac1bca81046fa8efb,2018-02-09
b1ea55e35faa2d64fc8dc9764f1a7e35,f1648e7bf1ba2d3af6dc6bf4e009b3fa,delivered,2018-03-06 21:43:59,2018-03-06 21:55:30,2018-03-07 23:06:08,2018-03-15 14:56:44,2018-03-22,495382ef96fcae4b77937a37fcadf76b,2018-03-06
a60d308a1328a95a1e34b0c19e1ead05,4c7f6cfb31eed96f6e69a01171b5f0f4,delivered,2018-04-10 15:49:49,2018-04-10 16:11:24,2018-04-11 19:28:53,2018-04-20 18:19:17,2018-05-03,8be4adb7950a25c1fe28d133ca640cf3,2018-04-10
38236191299d9d7335f0dfdd2186af7e,069c4ec640bf96e7ac25dabecfd6c0ab,delivered,2017-06-07 20:51:35,2017-06-07 21:02:33,2017-06-12 16:07:37,2017-06-21 16:48:33,2017-07-12,ee11a54c1e72a5e2c5ee115df3a7068a,2017-06-07
0261459497a63d27d6f197c00f2402d3,6dac42a8db39e203ab662d2bac64fa33,delivered,2017-12-12 19:45:12,2017-12-12 19:57:25,2017-12-15 20:00:29,2018-01-05 15:47:34,2018-01-10,c102bd464b89d5f2966296a82041a7e8,2017-12-12
11a684a126660a21fecde8c48a1cfebd,32da30d0502c3ffa90f8f3f267d098a7,delivered,2017-06-09 19:27:48,2017-06-10 06:43:12,2017-06-13 14:28:03,2017-06-27 17:37:50,2017-07-12,6da50c02f7d45dfe391ef880b44c6b08,2017-06-09
fd489d6ff419b1fa8e4912b67adcf438,e555c6282a5a4d5bab37409e5b731c83,delivered,2018-06-17 13:03:29,2018-06-19 03:57:18,2018-06-25 13:53:00,2018-06-26 21:32:12,2018-07-12,4dd1d96f4d8bce0b7e0f5ed818180067,2018-06-17
0ee0c320d2ceda401e28f8bc01e2fde2,d6022076bb098bed34be3e8b58987faf,delivered,2017-03-26 11:36:32,2017-03-26 11:45:13,2017-03-28 14:14:24,2017-04-18 12:38:13,2017-04-28,e49d8761ddd1aac4214a2beae275e6d1,2017-03-26
60f4971cd353e8200e728e33302cef59,05c0080971ea51d47c0bd869abebb1e5,delivered,2018-01-18 23:14:10,2018-01-18 23:30:37,2018-01-19 22:07:35,2018-01-29 18:36:58,2018-02-05,289c9eae9868f35dec79494355e74418,2018-01-18
a952ed7dbddb794dba8c2e11e39898a0,c9626397f8b494b21dc223c2678fc301,delivered,2018-04-23 13:57:36,2018-04-24 18:38:46,2018-04-25 11:09:00,2018-05-03 02:40:47,2018-06-04,f77bffa6c9bdf21fa89a24f4149d6e16,2018-04-23
f5e9edb4041a4f6ddaac3851ae7992ee,04da2645a56f541526058058e48a71e1,delivered,2018-03-09 10:26:10,2018-03-09 11:35:25,2018-03-09 21:32:19,2018-03-29 16:32:40,2018-04-04,b7a9db47b9ee48844c5731e35f3c95e1,2018-03-09
c76f38f0e25b96b00a706d619332b544,6997da0b64aa6a0eb501e839a6e6900d,delivered,2017-11-20 20:52:42,2017-11-20 21:07:18,2017-11-21 17:21:36,2017-11-25 05:58:30,2017-12-27,f7bcba7f0ebf384ed7e8ad94d7ca8b6e,2017-11-20
d1cc6390ec948b6e8d38ebddd2996d18,4ac77c067bc945692624809372bd4ff7,shipped,2017-05-08 00:45:17,2017-05-08 01:02:05,2017-05-09 12:10:26,,2017-05-31,ae74c314b9c383e5d7bcd99d54ffbc71,2017-05-08
b72ead808b9621ca4037dcfba0a226ef,f048e596eff8d43f340e3ec1b25086df,delivered,2017-11-08 15:35:16,2017-11-08 15:50:35,2017-11-09 19:57:44,2017-11-13 18:13:07,2017-11-22,7b550af0077fe5ed9a016c4a757d9284,2017-11-08
c3d42c4d02c4f04fd1787dda7d49ea99,7e0e5c4037a75a6a72a3c9033ccb005d,delivered,2017-11-24 08:51:46,2017-11-29 02:31:41,2017-12-02 00:09:09,2017-12-07 19:05:10,2017-12-18,cbd0db70716ec3b95d0ae057775ecfed,2017-11-24
a5519d2a4e5aaee48134163456803e4c,339978d66c8f8cdd14699e0e0fd67451,delivered,2017-09-25 16:38:15,2017-09-25 17:05:50,2017-09-27 19:58:02,2017-10-05 20:29:56,2017-10-20,491d12855e9e662e70c1a848b0a0107d,2017-09-25
b2affd9140976ddaf7fb0788b27cac0f,b60d9e8c839b29710877205b1f4cb6b1,delivered,2018-02-09 19:03:06,2018-02-09 19:10:38,2018-02-14 22:43:18,2018-02-19 23:22:11,2018-02-23,de897234b6270d56ccc52a5d8dfdc943,2018-02-09
0d1a58d99d3cd5017b6d59433de878c5,d8b784ae75a963e447ad00002350a004,delivered,2018-01-18 02:15:28,2018-01-18 02:30:36,2018-01-18 17:13:07,2018-01-24 21:09:08,2018-02-08,0f443541d1f2127075eba13064a7935a,2018-01-18
d33001bff4242b0f9abf0eae4692fe54,3547ef8e58a470a7e294cc1f8f90e3db,delivered,2018-08-13 13:24:42,2018-08-13 14:04:14,2018-08-15 14:17:00,2018-08-20 18:42:36,2018-08-28,9ace74538dd1a190c2a4122a2e91c1a6,2018-08-13
644d53f0bf14fc2b7b89008c00ef5f45,b61cd933d2e2773e0a843e3ec1deeda0,delivered,2017-03-15 12:21:55,2017-03-15 12:21:55,2017-03-20 10:44:55,2017-03-24 13:38:01,2017-04-18,e5508ff3b3aff36d837ea8f4ade0daff,2017-03-15
2a7e107ff56b9383af21afdab55ad2d7,fe456136d4ffb57748df6e72be44b82d,delivered,2017-07-17 08:00:41,2017-07-17 08:15:10,2017-07-17 20:27:04,2017-07-26 18:26:37,2017-08-10,19c9272da09aba62f9249f034cd61942,2017-07-17
ebabc8ac474d11be84da632d48790ac2,5bec55a9b48c095a3453366e8c68ef9f,delivered,2018-05-23 16:51:21,2018-05-23 17:16:23,2018-05-24 08:44:00,2018-05-25 14:05:19,2018-06-08,b3dbfe5e816d601197376c507a4fff14,2018-05-23
2613fb342bec59126f9c5180a5bc95ec,458c071cf2f55e076014cb868bff55fe,delivered,2017-08-18 14:30:22,2017-08-18 16:10:14,2017-08-22 14:37:12,2017-08-31 21:50:18,2017-09-18,abfe742e782fb10f5c824fcb849e5cd1,2017-08-18
862fc92ae542a7129c9943703ddac0af,e496a9d420122cf49f1ab0f297e381a7,delivered,2018-07-19 16:28:46,2018-07-21 03:10:13,2018-07-23 16:25:00,2018-07-27 17:52:45,2018-08-21,c9527b93009c654e877ef5bc4e4165b1,2018-07-19
1a68a3c33d6299d9d0f36a74e4c97e2f,4faf7bb3041b910f0a590121c4480f8c,delivered,2017-09-29 09:07:44,2017-09-29 09:23:56,2017-10-02 18:43:59,2017-10-04 19:56:59,2017-10-23,38fee9579a15b3d4a515fea84e229db1,2017-09-29
560ad6968b170544b8533cfba50e8bfa,db84d383dba6497c8d6ec24f992cd787,delivered,2017-02-14 12:53:15,2017-02-14 13:05:53,2017-02-17 10:30:44,2017-03-09 06:16:02,2017-03-15,53cdf267d0df87fc662b6918c42ce4f2,2017-02-14
9e067f88fe5c70d11f75ddfdf358acef,38b0aa764a4c901d432e2d830b2c588c,delivered,2017-08-11 15:32:11,2017-08-12 15:46:15,2017-08-14 22:54:28,2017-08-21 18:16:14,2017-09-05,1e6eb60a6afbfdc9aabb0150ca76fb2c,2017-08-11
02ed3b96772956405d25c2d35c766c68,526e982e0217539da2d43a01848404a6,delivered,2018-04-11 08:00:56,2018-04-11 10:35:37,2018-04-11 22:03:24,2018-04-12 22:22:09,2018-04-25,40c0d19d1774ea7f023dd0c2c17f6e33,2018-04-11
7962c29496311e6f33a972d590b1f966,f51384546dffb3d2caa47db623a0c856,delivered,2017-05-27 11:08:23,2017-05-27 11:42:13,2017-05-30 10:13:22,2017-06-05 13:47:51,2017-06-27,2072159521783f1f92e514ce805898df,2017-05-27
e9a6252140ac4d9e51867934fad095eb,07ea3ec35713ea67602562cad793eeba,delivered,2018-02-05 09:46:19,2018-02-05 09:55:30,2018-02-06 14:58:52,2018-02-17 15:25:47,2018-03-05,83efa41fbb4c2b733a1dc5474c9073e5,2018-02-05
a3595c53ef721a1b9525a8ea6e4400a8,e501da5430e735bdf48fb95e70d3455f,delivered,2017-05-05 17:53:08,2017-05-06 06:35:18,2017-05-09 07:38:00,2017-05-24 12:32:40,2017-06-09,ab0b18d7f01ebcd4b64e775cd4c52f28,2017-05-05
434c4ed860ba78b06eb3333f8184dbee,c5cec2f88aa92fc22fae96e287c61ff9,delivered,2017-10-22 16:11:23,2017-10-22 16:21:23,2017-10-23 21:26:05,2017-11-24 12:36:05,2017-11-09,3136c4d6231ed845c91d5e1959f76437,2017-10-22
701784c754c8ac2e2a73dbbe7dc3a363,5dae50072dfca2e711be4b4604d9e8e0,delivered,2018-06-02 20:13:46,2018-06-05 03:55:18,2018-06-06 12:46:00,2018-06-14 12:38:16,2018-07-13,7bb7c8d323749112483ffb3d86b43a1e,2018-06-02
262b5cf0ac08cc1c0d26d129b41f870e,270cde94c33764c95930e0fc06c52c6b,delivered,2018-02-10 17:59:31,2018-02-15 03:47:19,2018-02-16 22:58:49,2018-02-28 19:37:27,2018-03-06,d07b4aa06f046e1bb2e3c12ac3d61f3e,2018-02-10
7af8a0c8e4cb2beca3bd2f5e3f4cf340,7c374adb83a223fa86b7e59111bec826,delivered,2018-04-06 11:08:36,2018-04-07 02:50:12,2018-04-09 19:48:36,2018-04-18 19:42:00,2018-04-30,33f61674f0fc080eed130f22ab8ceb47,2018-04-06
bfadb548852a3f28f3beba2245ccd552,77c2c6ca2faadc2662dda8c0b92db8cf,delivered,2018-05-20 12:55:41,2018-05-20 13:10:31,2018-05-21 15:57:00,2018-05-22 16:12:49,2018-06-01,32fd74a6ebd7c8c2eea24cee455d4cd3,2018-05-20
b4e517beb22f957e76469c4b7eed9f8b,75356ef942799219979533e3b50950de,delivered,2017-12-13 14:45:31,2017-12-13 14:57:02,2017-12-15 17:52:03,2018-01-16 20:33:35,2018-02-01,f50b0ade21665c5b41d8d1db10ef9932,2017-12-13
5fbad22605b487c2794be60878143398,7f389c79d1867851a9fa1627a47f997c,delivered,2017-10-17 15:35:11,2017-10-17 15:49:31,2017-10-24 19:13:51,2017-11-07 14:12:25,2017-11-08,f9c5008b5774467d226007428a6bf7e3,2017-10-17
e3a1e64849a8ab83879ffe8a154f1299,43b481bf88663a9fd41bcd234e70a5a4,delivered,2018-03-17 17:41:43,2018-03-17 17:57:10,2018-03-20 04:36:43,2018-03-21 13:51:08,2018-04-13,ffbee0155a4d618ff024958696a42bfd,2018-03-17
610d01be21a4553d8ae1b2c4000c2703,990d166955c3435e121e7c2285de8438,shipped,2018-08-04 22:38:40,2018-08-05 22:30:12,2018-08-06 14:39:00,,2018-08-13,588f5c02d61b8236e90d314d3cee94bd,2018-08-04
7bf2864048f28a9341940c5f3b04c857,c1161260d475f28e6945d1a1f542f87a,delivered,2018-08-10 15:03:30,2018-08-10 15:24:37,2018-08-13 14:37:00,2018-08-21 14:28:43,2018-08-23,7731ae42cc6ac3f3813e6e4aced32258,2018-08-10
9bbcf2413e13209e34df2de7b7ce161c,71fafde265d5c5969612ff8fee661014,delivered,2017-11-05 15:45:54,2017-11-05 15:55:21,2017-11-07 15:31:54,2017-11-09 14:52:38,2017-11-17,328027d573d3b5c58a2f13f21bf8bc92,2017-11-05
081bfb811c30ac2ba75d0013a7fc1d65,d6f8dd44b89b4808e4a0d8f7f338af37,delivered,2017-07-14 14:35:26,2017-07-15 14:43:23,2017-07-19 16:36:29,2017-07-26 00:39:45,2017-08-09,8f730d34613744f02c599cc33314c2f2,2017-07-14
0e09e160c7532013444616096bc75f89,c90789e9dd14b036d46efe4a4b830f75,invoiced,2018-04-18 17:12:24,2018-04-18 17:58:16,,,2018-05-04,96303be86b30701848ea7bb68066ecf5,2018-04-18
510c6acb378271d88724c354faf156e1,e593c28fd3bd8594f6b393bc9cda68ea,delivered,2017-10-09 07:59:22,2017-10-09 08:17:51,2017-10-10 17:10:28,2017-10-16 23:50:18,2017-11-08,64e787822e7929bd4c4ac6ecb2fcac40,2017-10-09
29f5dd847b7db645b7ce75cc49ddb612,1d91cf6cc20b01f12621a12c0980c84c,delivered,2018-05-02 20:29:20,2018-05-02 20:53:52,2018-05-03 15:21:00,2018-05-07 19:36:52,2018-05-10,a8b45a02d1e49cf020f9d420b788a3cd,2018-05-02
5a4c4faee643fc4fdbe78f3aa2bf4ae3,b049b4481eca74b1f9914208f59be120,delivered,2018-02-28 20:43:51,2018-02-28 20:55:58,2018-03-01 19:45:44,2018-03-05 19:38:44,2018-03-21,454841cd65bbf47fa0546e10dcfc6898,2018-02-28
fd26a8e314b26ecd3011f9d6ec17e7c2,d3eac6f3d395fdf17814107b34247c62,delivered,2018-08-06 13:27:23,2018-08-06 13:35:21,2018-08-08 14:44:00,2018-08-16 14:21:13,2018-08-20,3e720608d10c93f40324a355df2f15d8,2018-08-06
b983dac743809281dd9389356ae3c59e,576748b78fc3b8b5eaf396c0d434c8c5,delivered,2018-02-23 13:37:50,2018-02-23 13:50:38,2018-02-27 00:48:59,2018-02-28 16:54:57,2018-03-12,099828af4ddebb23312fea28facb14c2,2018-02-23
cd3f1c4c9d4aaf1ea8940fbb22adced5,3921e420e5646a7e636ac3c2b6334136,shipped,2017-05-19 11:30:48,2017-05-19 11:42:56,2017-05-19 12:59:26,,2017-06-14,7bf2518f08ae6c1511c4e4395fcd7b0e,2017-05-19
95c9b6a458336c5de68ca8d1ba553078,db8957fc5d587cdfd7eb1a3292d4e2e9,delivered,2018-02-18 01:52:21,2018-02-18 15:30:27,2018-02-20 18:18:09,2018-03-19 18:44:57,2018-03-14,376638f877256111577406a6cecb76a9,2018-02-18
2c1a279890c82005e7d51b4717cc0080,8cd7393d7826172d4f6f6e4f433defc6,delivered,2018-05-15 18:52:41,2018-05-15 19:12:39,2018-05-18 14:01:00,2018-05-21 16:37:00,2018-05-25,959f91ac4059b1cbc8831bd99a36035b,2018-05-15
0e4ec64e6128e64544f0c316b5f5657a,6780701e58b7cd6af5c511c408dc2fb1,delivered,2017-11-09 12:26:19,2017-11-09 12:35:34,2017-11-10 20:07:41,2017-11-16 20:07:48,2017-11-24,f90cd51c0b2cfedd44651ea6768474e0,2017-11-09
4aaae2aa1aaf68062749b93fbe24d6cc,73c42df75ba6c72886b7dc426d3db891,delivered,2018-04-05 22:23:29,2018-04-05 22:35:14,2018-04-10 01:32:48,2018-04-30 20:05:27,2018-05-08,8e496dbaa1ba4558868484ed52777fce,2018-04-05
5c1cabc415efcc828343f3b4b284b026,9675a538e974ae5f04d201698b7193e7,delivered,2017-11-24 21:53:00,2017-11-25 01:31:43,2017-12-01 00:18:01,2017-12-05 21:08:55,2017-12-14,8e3b34c35575d953f77737fa6a09c166,2017-11-24
32545b7ed8f4e241d557e51430a7c4be,1235910f8fb0ed7574e044384fc001dc,delivered,2018-02-06 14:02:16,2018-02-06 15:55:45,2018-02-08 12:19:27,2018-02-09 19:16:51,2018-02-22,bd59c90dda4bf00d5581de26a934948b,2018-02-06
83924c36ceb82b354fa3408e645cb699,bd66021ab62baba3336997d620aa4a7d,delivered,2017-12-03 10:59:09,2017-12-03 12:11:56,2017-12-05 22:52:32,2017-12-18 15:43:44,2017-12-27,c53f870eef7b5957eda8fb54d4a6e5d2,2017-12-03
fbca6c23232528f7e627999990bbc39f,7bb24975d38523436e659b5c2c17a383,delivered,2018-07-21 20:35:15,2018-07-21 20:45:09,2018-07-23 14:02:00,2018-08-11 20:21:45,2018-08-13,b56bbb9352a15fd86933e9f88069ccbd,2018-07-21
a2c0b600ee987c3536f835e83313d63b,0bfd87b3237294958395d3cc81097e20,delivered,2018-05-08 19:50:19,2018-05-10 04:16:25,2018-05-14 15:03:00,2018-05-19 12:16:37,2018-05-18,921a745c4d7724ca0fef71f67d9d02e9,2018-05-08
13d8d37bf20ffee3f1e6e32d7c4d4849,8ec0299fcdaf1254be462e1d305c5771,delivered,2018-01-08 22:01:10,2018-01-10 10:32:22,2018-01-13 02:35:03,2018-01-30 12:53:12,2018-02-05,65baa489292d5d1fe38d1b814fb40013,2018-01-08
eb662529b45921de69ee27ba4baefcac,20155319887d22c9e944700714134eff,delivered,2018-05-20 21:56:56,2018-05-22 09:14:32,2018-05-22 14:55:00,2018-05-23 12:26:37,2018-05-30,c9160315fe9bac4251a5d655b4348ad8,2018-05-20
adf094db594ac7282fe50859f69cdb31,02841fd8efadbaf1b2e99e29822ed8e2,delivered,2018-06-04 17:46:53,2018-06-04 17:55:18,2018-06-11 14:23:00,2018-06-18 15:29:33,2018-07-31,2eff60ffbc74b60b6b0c73f9c2f21a0f,2018-06-04
23169ab372b70385fcc9668d29aad84a,c46769e0da8615cdd59fe67f853ebd85,delivered,2017-03-28 15:57:03,2017-03-28 17:50:10,2017-03-29 15:17:23,2017-04-12 07:29:43,2017-04-19,b9652692b36ba71e5cda65e4f8f83c4d,2017-03-28
79552be7b4863907fb19aa3c8bba9692,ff04d958186bab54872637cc6f097898,delivered,2018-01-11 19:49:39,2018-01-11 19:58:21,2018-01-15 16:48:05,2018-01-16 12:06:41,2018-01-30,e7e8995e1bd3d16660d38a6629ed34cb,2018-01-11
4aee412a7e32769844bd23a9d6e885b7,a2dca23e0ce3d8337b67ef6db10322ff,delivered,2018-05-01 15:11:07,2018-05-01 15:35:05,2018-05-02 07:58:00,2018-05-03 22:14:37,2018-05-16,d33c262f0f9354624f97772b24ab891c,2018-05-01
65035f2d005e9af22156150a3bde53b2,9a6b4a17865a6eb29c6787a1d5484568,delivered,2018-05-30 17:42:24,2018-05-30 17:58:07,2018-06-01 13:19:00,2018-06-11 21:49:22,2018-07-04,11859b0a8757681264c7078302e0da1b,2018-05-30
d11a0846ff37738d645b1f4f2537e527,1d2c128be5032238def9ffba1fc3076a,delivered,2018-05-09 12:01:16,2018-05-10 12:15:46,2018-05-14 13:53:00,2018-05-24 13:08:31,2018-06-04,ac84dd1f34eabf33db9e5637fe81bcc0,2018-05-09
780d337b404662d73b89a4d011746257,abf2d2328aec78d993a06cecf5c7b961,delivered,2018-03-03 08:36:01,2018-03-03 08:50:24,2018-03-08 22:31:27,2018-03-20 23:23:46,2018-03-28,416f8cebc9e3455b81aed90642f926ad,2018-03-03
d48f3d7292382595a5acf900d2ab137b,a82d76092b48175dc5e178519c4fcf37,delivered,2017-10-10 20:01:16,2017-10-10 20:14:25,2017-11-06 22:15:29,2017-11-17 10:38:59,2017-11-23,a04b250a4067f450ea24edd7b039cc5f,2017-10-10
46513a6be6229688ac9b3144f995f95a,6442854d50234aa44495bcab02c5ce8b,delivered,2018-06-08 09:55:19,2018-06-08 10:16:10,2018-06-11 15:22:00,2018-06-13 19:28:46,2018-06-26,61bc015848fdab0d072046b3f05bffc2,2018-06-08
a9fa8567c21a5f8e4450af02a87f26cb,a1af950930516005763b142d147b079b,delivered,2017-07-29 20:27:08,2017-07-29 20:43:35,2017-07-31 17:43:36,2017-08-17 15:48:16,2017-08-23,251eb333cbe00b01b6257bfb31cdf5a2,2017-07-29
638ef1788b79081e63829d44a8f15e0c,b375ea4c89a7a7c39ae09144086ac2f3,delivered,2018-01-03 00:37:12,2018-01-03 00:49:52,2018-01-08 20:20:35,2018-01-26 19:33:57,2018-02-09,3f0972199a807fd45fb947d7b3130123,2018-01-03
c6eb7d8978a0d7a7e592ef611e4daf04,1b359570aa2cf78d48bd2d1a1a2e049c,delivered,2017-09-21 08:35:15,2017-09-21 08:45:38,2017-09-21 17:34:54,2017-09-29 17:33:01,2017-10-18,cd9de8bfa5bc068070d8f44f101ce162,2017-09-21
43638556d411b559cd36c7f1872b81c6,f525d0ae2d111d201b1169e0c1bddc1e,delivered,2018-03-02 10:56:08,2018-03-02 11:15:47,2018-03-05 22:14:45,2018-03-26 17:58:53,2018-04-03,3b871341466dd076796af63ed0893fcf,2018-03-02
a6ecc5068e6e585b2dca3e496ba4b277,8373e304bb40cc92bef250618085d7b5,delivered,2018-07-13 16:14:24,2018-07-14 14:50:16,2018-07-16 14:58:00,2018-07-24 21:48:39,2018-07-30,b46f11188baa6cf5efbce28f16846b88,2018-07-13
a3a43dd512f51c100ca62a18f50076b6,82d5a2482ca8f3f29454d05e129a21bd,delivered,2018-02-14 22:32:54,2018-02-16 14:30:38,2018-02-15 16:52:01,2018-02-20 19:04:37,2018-03-15,48dbc2b0bdf7180cc3b7cd4a9ef87fb7,2018-02-14
d3782eb2976abf986175941c51364aab,f601160e3ed582278f9956eea7fb67f7,delivered,2017-12-06 21:38:12,2017-12-06 21:52:51,2017-12-20 21:13:05,2018-01-02 12:18:43,2017-12-29,94431ab24129f0060b53a89cfd62462f,2017-12-06
cecbd93dd8b42fc3d99e66b7d39d4348,3d1c0162f665de0717f134c4900b8f6c,delivered,2018-04-28 20:31:24,2018-04-29 20:30:20,2018-05-04 15:04:00,2018-05-25 17:18:27,2018-05-30,b006daf9e364b459b9069d408dfda18c,2018-04-28
32d710de2d82d2bd946b276c2314b5d2,70539f29125fcc6c74d55e2586e5e733,delivered,2018-06-14 10:39:51,2018-06-15 02:37:25,2018-06-15 14:03:00,2018-06-21 12:18:49,2018-07-16,b4899d8fc6cafefdf6e0241f8ebb9241,2018-06-14
0f2eddab2cf0edb934c4086172712081,c36aba8015e71293fc377fca2be747b4,delivered,2018-08-04 22:58:06,2018-08-04 23:10:17,2018-08-09 14:45:00,2018-08-13 21:56:26,2018-08-15,e65e882df8b8a0324e3ce1845a79a797,2018-08-04
8536dc31867441665e91bd1884575788,8db9c462ce300fb145b845e406e967c8,delivered,2018-02-02 10:48:49,2018-02-02 11:55:32,2018-03-02 00:04:40,2018-03-07 20:28:58,2018-02-26,442e3aa7e6a1f93c17d34a619e71dcde,2018-02-02
b7a81940965effd79fef25a444debdbd,743baa570dcc018631449fdbe5befee2,delivered,2018-02-19 13:29:36,2018-02-19 13:46:46,2018-02-21 19:47:36,2018-03-13 16:06:40,2018-03-12,b9544dcc09004b3b28e388ed130e50f1,2018-02-19
155220928b39545388340a30c2055907,a2bf0bbe934be7673aba2480b244933f,delivered,2018-03-26 19:45:21,2018-03-26 20:06:50,2018-03-27 19:06:58,2018-03-28 11:44:26,2018-04-06,80ad7fcda0fb0e9972f664b5234b2085,2018-03-26
5eb14fb4efa7c2bdb08331b6809a350d,f41a07db49b6d37e48345fbfdc3e8d7f,delivered,2018-03-13 09:22:29,2018-03-13 09:30:34,2018-03-15 03:32:16,2018-03-24 18:05:10,2018-04-06,ddc1ef8777e10b4b773e4e58c04c9c25,2018-03-13
a496afd4157983f3262ad36c6afde886,640f09e17a30fc5ef879ffb54d1bfcd3,delivered,2017-07-17 20:18:06,2017-07-17 20:30:21,2017-07-18 20:12:22,2017-07-19 21:18:04,2017-07-28,86c245ffe05ee211d1a254995de11a6a,2017-07-17
b576609c7e4498a76216cb240c177328,09de89d73728d8ba98281f3b1a73e9aa,delivered,2018-08-26 04:51:22,2018-08-26 05:44:05,2018-08-28 15:17:00,2018-08-30 21:34:47,2018-08-30,6759159ea4c86bd73134b77aa90f13ce,2018-08-26
c0e6a4b9d9b4fb7364f6010863708cbd,a12b256adc8a574b2ef0bec1edaea319,delivered,2017-09-28 18:30:29,2017-09-28 18:49:20,2017-10-04 14:04:26,2017-10-21 12:45:25,2017-11-01,9de8d8f634de6e6aef706a91280cd76a,2017-09-28
553d40c3dee8e6294b1b393c1499c25c,f6f3e85b8ac3846b8b3ca5735ad0e19a,delivered,2018-04-29 08:32:16,2018-04-29 08:50:07,2018-04-30 12:34:00,2018-05-05 17:48:58,2018-05-24,65a6ec5d6e6e86bc43a2cbf235be4675,2018-04-29
2b2cd8cb814ca7d224ce37837a8ed5c8,42739d30c218a2bf7f80ad16895e685c,delivered,2018-02-15 14:38:20,2018-02-15 14:50:30,2018-02-16 21:23:20,2018-02-27 16:51:10,2018-03-07,b684b60ef68efe5ed11b5f3306234da3,2018-02-15
27587cc5a5f975239e49460102252868,2b37acd5f8df4d3e14df1c3d75b8884d,delivered,2017-12-01 09:38:42,2017-12-01 11:31:37,2017-12-01 23:48:38,2017-12-28 15:28:28,2017-12-28,6594a65023bcb47539aa91b0f8e98e00,2017-12-01
ad761416833aee13e3c6c8b579d72f96,3c27d865fbf7aa0b410a5da7b2b210b0,delivered,2018-03-24 14:54:33,2018-03-24 15:10:25,2018-03-26 22:48:54,2018-03-28 17:32:03,2018-04-06,a6480b6281bba982eabc794c0e8a1b7f,2018-03-24
ab2f2b70a35105e169d9fba7a65d3ac0,f7cbc5b5009187e1d0983e1ff7a5c6c2,delivered,2017-02-18 14:47:47,2017-02-18 15:02:50,2017-02-23 03:09:14,2017-03-03 11:09:08,2017-03-27,0b20a59951e8914258511b01d9bfaad4,2017-02-18
e277f0c1ac75d1659d13888efd4ff042,0c04473414f0ceb96390c9e26b968d9b,delivered,2017-12-11 08:32:27,2017-12-12 03:49:40,2017-12-12 22:38:29,2017-12-22 19:36:49,2018-01-05,dc23a13738c34c6077a11d9746e68053,2017-12-11
9743ae99d7c809d4fe6e83fe7c72cd54,31ca17d7b5ef4b82ced6a84d8d00abb2,delivered,2017-07-06 15:47:48,2017-07-08 03:35:08,2017-07-10 19:52:19,2017-07-18 21:14:02,2017-07-28,e77535f614df4b48210f6288f8cea161,2017-07-06
9fe26c640da2c51c4f699a364a195ccd,128899de758f142b0ee99a055e863476,delivered,2018-07-28 13:34:11,2018-07-28 14:04:22,2018-07-31 14:18:00,2018-08-03 18:41:25,2018-08-27,c72a58fec4018ab2334ae949fd146303,2018-07-28
5b26d9049a86fab0a83280e17de710ee,e7f296f08aa3d473884610e0b275c9a0,delivered,2017-10-16 10:38:08,2017-10-16 10:49:27,2017-10-19 20:38:31,2017-10-27 19:03:48,2017-11-06,0532d96f4f22a1fd1fb643c84f834fc0,2017-10-16
2c38215dc04c7026685736a63c152bae,f167e6da031e35fb2d552771ef64bf39,delivered,2018-03-20 12:01:28,2018-03-20 12:15:51,2018-03-21 19:08:35,2018-04-05 17:45:31,2018-04-27,1fa1e08b53682b1c445619639d250601,2018-03-20
224a1c3b43aeb4ca968d4164331fc8cf,58c2de441bfc36468e7afafae4931c38,delivered,2017-11-16 13:49:55,2017-11-16 14:08:24,2017-11-23 18:29:10,2017-12-11 23:18:37,2017-12-19,e3511816304e36e02070733ff8200013,2017-11-16
852d2f4d37773bcbc21c8e09a05a4ea5,eabebad39a88bb6f5b52376faec28612,delivered,2018-03-07 15:57:14,2018-03-07 16:15:30,2018-03-12 23:02:49,2018-03-15 00:46:30,2018-03-19,295c05e81917928d76245e842748184d,2018-03-07
beec430d7884623aea86fd246c0886b9,8252224e46486b8d941500cc50fb998c,delivered,2018-02-20 13:59:45,2018-02-20 14:10:57,2018-02-21 21:35:49,2018-03-21 21:58:50,2018-03-19,7917c4e7db65be0ff7fbf65a8703a4c6,2018-02-20
f4867e0c57823e8698f48f86f5356203,8b9961ee7fbfe184efcc6e2b0c81e2f5,delivered,2018-07-08 22:50:59,2018-07-10 08:45:16,2018-07-10 16:13:00,2018-07-24 20:48:44,2018-08-02,771bebcc5836516aa6d1b67d0f7c719c,2018-07-08
01f74145603bef2ef33949099b48ad28,16164e94f3a6460de7a0700e99b330ae,delivered,2017-12-27 17:27:05,2017-12-27 17:35:20,2017-12-28 22:24:29,2018-01-05 00:33:04,2018-01-29,44c6a4a11589e4fe071e1b3af881b16e,2017-12-27
7ebd7a655bddf4875b34b13845a779af,063f284f8c19993b5e51c6a6109c620e,delivered,2017-03-22 20:32:29,2017-03-22 20:32:29,2017-03-23 15:06:24,2017-03-28 11:14:45,2017-04-11,02ab167135d5d29cdc77b3147d75c1ef,2017-03-22
098f60afb74eab906fedaf802a833a97,853c0f7e3deec49d37c0b37c50382f52,delivered,2018-01-13 23:41:26,2018-01-16 03:34:37,2018-01-17 20:30:55,2018-01-18 16:56:27,2018-02-01,44cccc8b1042e54f3df2db29e3db2b69,2018-01-13
4d6d5d4ddbda3bae532db626873c671b,4fd357de57be7921008c8d42b488dad4,delivered,2018-08-07 23:08:38,2018-08-07 23:25:17,2018-08-09 15:03:00,2018-08-14 19:38:52,2018-08-16,4cc93c73069ea5ba716248771a30fffb,2018-08-07
f8470371533c258e0a16d3406dd43859,3bc3ad02b60f18345617e8ce113f7d1d,delivered,2017-02-22 02:49:22,2017-02-22 03:02:51,2017-02-24 14:03:37,2017-03-03 14:54:04,2017-03-27,d616b371aae4ce572da742372c9d911d,2017-02-22
f29eac5528822e761d5aa42bb8f9c4c0,89acbe4ff05860ba51132a9a725dab8d,delivered,2017-06-04 11:36:52,2017-06-04 11:50:07,2017-06-05 10:46:46,2017-06-12 17:48:45,2017-06-30,d6b4fa231067867f5e869c4ff1a45548,2017-06-04
89dfba99bc6a9836761392161809f4c7,ed6d9caf318cbafd8d5fc5332d98ebd7,delivered,2018-05-15 12:44:31,2018-05-15 12:55:23,2018-05-15 13:33:00,2018-05-29 05:24:56,2018-06-12,a40a35483edb3ef0e55dacdee7c9fae3,2018-05-15
b826bfdea5744dfde2f59560ca882533,277e8bb3836a89ad1faeea043e048e79,delivered,2018-04-25 18:49:06,2018-04-25 19:12:24,2018-04-26 09:32:00,2018-05-04 16:32:59,2018-05-22,aefa61baf1c23d32b178bb59785b7526,2018-04-25
91acb43b0fa6d82446d98eab297c7cd4,84a2a287aaff6e5c91b3eca608dede0d,delivered,2018-03-26 23:38:06,2018-03-26 23:50:11,2018-03-28 20:46:59,2018-04-06 23:50:47,2018-04-12,65f9921f70c022110d5cc227be50e7b7,2018-03-26
1d4a32f1866625f4cb90fe725e7c504c,6def748a6dc9d98b0ed153595b1a6d10,delivered,2017-12-04 20:56:01,2017-12-05 08:30:47,2017-12-06 00:14:51,2017-12-07 20:39:48,2017-12-20,e7d31c3c461a556a40eab0165485179b,2017-12-04
56beb5fd73b90e8bc46a9d551c30340f,9751d18d4431a7dc2bbd012371072e00,delivered,2017-10-19 10:22:59,2017-10-19 10:46:03,2017-10-20 19:48:03,2017-10-21 14:41:55,2017-10-31,b2568b761f76f5b62bbc34a9eb3de6b8,2017-10-19
fd3d5d5f83a8dc51d0acbca416b5e7b6,c458c4ffe58158d0ea839472b03caa02,delivered,2018-04-23 18:11:37,2018-04-24 18:56:43,2018-04-25 14:41:00,2018-05-11 22:33:10,2018-05-21,eb43f4d7946924b5c15a69421ed93730,2018-04-23
7b30aa29f313756594c6bfad78eea84a,50fc555de6aad7ded46154a31fa91d89,delivered,2018-04-07 20:22:01,2018-04-10 13:29:58,2018-04-12 18:49:46,2018-04-26 16:04:06,2018-05-03,6d272b0161e3cf04dced1f3e34c77348,2018-04-07
bb8a565ee080cd9009f0209bf124beaf,0f7e05d305b397dd18acb5dbc69a39f1,delivered,2018-01-01 18:23:56,2018-01-01 18:32:52,2018-01-04 00:09:55,2018-01-04 12:23:09,2018-01-18,968c2ebf038fd9f685ca4b227416b55c,2018-01-01
2cbc5b81184dcc5a9a134f8eecdaa825,f074190ffb3794d0aeef9a074077c0b4,delivered,2017-04-17 14:32:21,2017-04-17 14:45:30,2017-04-18 15:44:27,2017-05-07 08:17:30,2017-05-09,f6ea4931aba94f642f68369458a99527,2017-04-17
4b16b807a377f833778fc8b96f6d9ac4,219fd715b4810a1a506f8b36692f52cf,delivered,2018-01-02 17:15:49,2018-01-02 17:28:53,2018-01-03 19:54:56,2018-01-29 17:37:09,2018-02-15,02a0646c59df9bfe155e5afd3317a87b,2018-01-02
3d34e2eec4245acada65a41a949f2568,f760b1ac2bd99fbc9141d64509cacc13,delivered,2018-06-08 20:45:36,2018-06-08 21:15:17,2018-06-12 14:58:00,2018-06-19 22:03:22,2018-07-03,27bcc6a34c8d1680d0b37534ca64c09d,2018-06-08
73a12daa7a024fd6a3895ffcb1fc99cb,e1757fdb0a5da58aaa609d9c28a203d5,delivered,2018-04-30 15:48:06,2018-05-01 02:10:43,2018-05-02 13:28:00,2018-05-09 20:42:35,2018-05-30,ef31375aaea63593e90d4fcb4075fff5,2018-04-30
6ac314f1970b39cf3b7760803caf3c23,7613a58283d100e4da203bbcfa57fbac,delivered,2018-07-16 16:37:13,2018-07-18 02:55:23,2018-07-19 09:39:00,2018-07-23 23:48:38,2018-08-01,377cbe356d0e8c3b8a378114ce2e1271,2018-07-16
e495feae6785e3de6da18e3b567982bc,2c752d463a3b8a2a33bf0344fc1d08d1,delivered,2018-01-29 19:22:52,2018-01-30 04:31:19,2018-01-31 13:08:30,2018-02-15 23:23:03,2018-02-21,2932e965d2034342c6b9d04bc3c82e3a,2018-01-29
0179a3003c894f1dd3b1ddda5d1f8a12,982d36c785912f44bd0f87ac7d8a7073,delivered,2017-05-23 16:23:30,2017-05-25 02:50:20,2017-05-26 16:12:38,2017-06-07 13:38:43,2017-06-19,449f3747769bdc5e6bdf1a49c26fc8c1,2017-05-23
5419867f4aa50888cbd30061ced88b44,144f8ac4df50b7448ed453447b7d18d6,delivered,2018-04-04 17:57:17,2018-04-04 18:10:22,2018-04-05 18:50:35,2018-04-06 17:29:37,2018-04-19,f6a6eece6abcece25d0daa49169dfea6,2018-04-04
7b51c3c01744a42de53e6e1b65d2b7cb,99c243a33e10912d2f47510a2e54e76c,delivered,2018-02-18 19:36:00,2018-02-18 19:50:26,2018-02-19 14:08:44,2018-02-23 21:11:44,2018-03-12,7285cf0b7102744b161772a97e561c97,2018-02-18
f0c2236da1e0542c3deb61e413ea3f24,af2e6bb21664b6626ea60bcaa3ff7f1b,delivered,2018-05-04 21:19:25,2018-05-08 04:15:27,2018-05-11 07:29:00,2018-05-16 18:16:35,2018-05-24,57fad9376f923f22c30ce3aea5677857,2018-05-04
c9076d0a5b9df9fd2e5e808fff91f425,812570c83feb2a2bcec548ddc36b0d0b,delivered,2018-05-15 17:51:09,2018-05-16 17:57:50,2018-05-17 12:23:00,2018-05-21 17:55:47,2018-06-07,55b13a50a9e1c88e3e94574ec2151e69,2018-05-15
ab6d84885a2b1513ec4035973c08460f,97daaee8d701a5059c4256c17ef8bc5d,canceled,2018-08-04 10:54:42,2018-08-04 11:05:10,,,2018-08-13,137e913dbccff4c84e57736bad9bff23,2018-08-04
7f2765cc6719de94716ce2c081b27f02,cba467dc4bb88078e1af5f847b89174f,delivered,2017-12-01 00:17:43,2017-12-01 10:31:08,2017-12-05 01:33:59,2017-12-07 20:33:43,2017-12-26,0b71e6282e1f0bb4b4b46d4fd012c100,2017-12-01
aeed0a4dc090295564a3915202178173,9664823e431e300a215146df1c6282dc,delivered,2018-05-25 11:06:11,2018-05-26 02:18:27,2018-05-28 14:08:00,2018-06-08 00:12:11,2018-06-26,d45c32762a8f6d148171d6fb38cef471,2018-05-25
18ef2a64141eab548a2c46df2545b1ee,b2df53a0d86cbc9c48616392a6e57c57,delivered,2017-02-08 14:41:53,2017-02-10 02:43:14,2017-02-10 09:37:56,2017-02-20 13:42:38,2017-03-27,9066d003674f53303ec2ac527e940a5d,2017-02-08
d5c93f9528b5b9869e4c761fcde5a834,28bde7ec6e40314d9450791729339137,delivered,2018-07-19 09:18:44,2018-07-20 04:35:12,2018-07-20 13:37:00,2018-07-23 17:17:58,2018-07-30,edec41efae01ffc076d7da660d6edceb,2018-07-19
0359f367ef22ad541b0bdc484158be09,d117e2d169c937e91f16b0f48673d575,delivered,2018-08-03 11:44:49,2018-08-03 12:20:06,2018-08-07 15:49:00,2018-08-17 20:31:51,2018-08-22,9689908caf4de73724feed92175d867a,2018-08-03
f7b6b85f6fd2cf9aac15731dca998844,2138affd6c52e411fa91777f2e2694f6,delivered,2017-03-27 09:59:40,2017-03-27 10:10:27,2017-03-28 12:34:26,2017-04-04 14:46:53,2017-04-18,55a08a9545274dc36a0c5804389217d4,2017-03-27
2204abea93cd31bee1de8958fd63f978,e701a081ed4ddb48440871611dae80c2,delivered,2017-06-27 15:49:45,2017-06-27 16:05:35,2017-06-28 11:50:08,2017-07-03 13:32:05,2017-07-21,b66334c4c37963ae449fb6a9c1ad0924,2017-06-27
5c79b8c0c788c246d099ed0ac689359e,de522fcdab63e8358310dd48a711be69,delivered,2017-07-17 22:09:26,2017-07-17 22:23:40,2017-07-18 13:04:24,2017-08-04 20:09:17,2017-08-16,677a5c9263d62e1e26d139a47a288d3e,2017-07-17
942f5d4acc0e606d70eecd14fb69bb2a,4724ab68cedd37b02cd6ef4489dab3a4,delivered,2017-07-18 09:18:49,2017-07-19 03:55:48,2017-07-21 12:37:49,2017-07-31 18:27:49,2017-08-09,0a843a6dd55792323714128564c1541e,2017-07-18
413220cbe57b95480531b7cf6afa9185,479260725e028708c1fa8011d306064c,delivered,2017-04-28 16:29:03,2017-04-28 16:42:45,2017-05-03 15:26:20,2017-05-10 13:05:11,2017-05-26,a53f1209542810811dff649aad4a65ed,2017-04-28
dc91ff176f641d1c8ddbe744cd146e7f,cc4c8a90ea21b5a928d7fbf4415f1c22,delivered,2018-03-26 12:43:27,2018-03-27 04:10:20,2018-03-27 18:21:51,2018-04-03 22:51:57,2018-04-30,2eca890e2e70f760074a2e00e9eb789a,2018-03-26
a96994cc8ff50d8980c6f69f62f4bba7,c35d4f3d6cc754d4744cfad8b51c7fbe,delivered,2018-04-15 19:27:49,2018-04-15 19:50:34,2018-04-17 12:41:41,2018-04-20 22:11:54,2018-05-09,3a1d9094ec0e55800abf82984483479b,2018-04-15
f11d5bb456a331aa3df2a83c1bd4af85,d81cbd61dc93c873068a3f9c456716d9,delivered,2018-05-09 08:29:03,2018-05-11 03:10:45,2018-05-11 14:41:00,2018-05-21 17:28:40,2018-06-04,c05aa1c7e833b489c783402d94e393f6,2018-05-09
632b475328739ec1fe116b5043c908f3,89bb584418002fd81d34e12c3526f74b,delivered,2018-07-18 10:54:19,2018-07-18 11:05:21,2018-07-20 11:47:00,2018-07-25 21:46:38,2018-08-03,6f127263da4c854f147f9c6c2971746a,2018-07-18
f1212e6a9a3c4bb982fa155936732fc4,593f33f8efcadf51ba720c187956f462,delivered,2018-04-19 14:40:02,2018-04-19 14:57:00,2018-04-20 21:38:34,2018-04-25 20:28:37,2018-05-14,5d14ee7b654bb597bc350c7b47a4639d,2018-04-19
421cb85104521fab3df800fa355c6402,6587ff580350faef8335feef410fee51,delivered,2018-08-13 15:20:09,2018-08-15 03:15:23,2018-08-15 14:35:00,2018-08-22 01:32:51,2018-08-31,f1c6f6ac60dd561a7bd13002eb40d2f1,2018-08-13
6d3c3a50a1334e596c7d23901c33a8c7,9ad520fb1900e2aecdd0225e48561116,delivered,2018-04-01 19:59:52,2018-04-01 20:10:19,2018-04-02 15:42:53,2018-04-03 17:37:35,2018-04-26,12f390e6b055cc6bc0ead9cc118641d9,2018-04-01
0a03b50bb658dc86547261ba8cd5676e,0a791f1725cf14521669d11593be474a,delivered,2017-10-18 20:28:58,2017-10-18 20:44:57,2017-10-19 18:12:21,2017-11-01 20:17:40,2017-11-16,965f06741901098ff2f2b542a257f308,2017-10-18
12cfdcaedc49d1cfce950e3c9846dacf,a4ff8cca7228d35956b4d1d3c4d2a98a,delivered,2018-04-12 08:10:55,2018-04-13 13:15:13,2018-04-18 20:08:23,2018-04-27 03:05:37,2018-05-11,40d7ffcb9e5a489674dc961eba1a5535,2018-04-12
cb6dff9394d43eeebcff3c8caea9375a,b5d66b35344730fb340378ad6f4886fe,delivered,2017-06-07 19:44:16,2017-06-07 20:02:05,2017-06-08 15:11:21,2017-06-23 10:25:41,2017-06-30,904209c5857077ca8cff342b1d5e1a43,2017-06-07
3edd96ebb65c183ccdf9109dd48930ee,e3bd119a858d7097bc999228b3796753,delivered,2018-02-14 11:01:21,2018-02-14 11:15:29,2018-02-14 23:38:30,2018-02-26 19:03:34,2018-03-08,2e8128872bd3a3c04ae874a997f78561,2018-02-14
397c0e626cd53023d629b5053d222ce4,8462196d38f8599936be39dd008f9e7b,delivered,2018-06-29 10:47:15,2018-06-29 10:55:14,2018-06-29 14:35:00,2018-07-05 17:37:28,2018-07-31,c02a093f9bd733ad82049a6ad1eaaf15,2018-06-29
ca615b622988ea312e47ce9773bfc5af,08caf5d1db0231d5afc079d3b223b16c,delivered,2018-06-08 11:39:55,2018-06-08 11:54:52,2018-06-08 14:20:00,2018-06-13 17:42:32,2018-06-29,8320b28a9d789ce874c5401a7eae55fa,2018-06-08
831b5d6b49354f211585641a51a48ec2,ef1ee73b331068f9213db9fc2ab2611a,delivered,2017-08-25 14:04:19,2017-08-25 14:15:22,2017-08-28 20:36:55,2017-08-31 17:48:48,2017-09-19,bc90f90d4399cf8c10d0889e17d2cb97,2017-08-25
a4b45ae5dd9fc64c6ad2093aa51dbc30,c3d7533f9eefe8dad64f876c6fc6af09,delivered,2017-07-04 01:44:17,2017-07-04 01:55:15,2017-07-05 13:37:54,2017-07-17 17:05:25,2017-07-26,f0996ee6e59d10ac46fd0b9c632e759d,2017-07-04
7c544ec2abdd2f2470ffdaf4215d8706,cd4770c383b9ca3fe4a43d4dc3cdbc41,shipped,2017-04-17 00:56:11,2017-04-17 01:05:17,2017-04-17 11:28:19,,2017-05-12,99d9b97b49018409d570352f6f42ee33,2017-04-17
d8a31a8693c0ed38aa974021d1ba3e65,e63ff70885e7f2f2902b2775a43c9d9e,delivered,2017-09-16 21:20:47,2017-09-16 21:35:38,2017-09-19 19:39:17,2017-09-23 00:09:56,2017-10-06,1096832553de16636aad419a4b376258,2017-09-16
41b6c4ea42d874899cb2547558f9e577,d596df272d1e83e4d3c20de772fc36e3,delivered,2018-01-31 09:40:39,2018-01-31 13:48:23,2018-02-02 01:37:44,2018-02-21 01:25:01,2018-03-05,0525d7f8ac42182d183a79b98be25e8b,2018-01-31
a5d205e529f228488e3bfc34e1b4e7e9,fea39298d84edd1828fd51d63c2edfe4,delivered,2018-01-19 23:57:19,2018-01-20 01:07:35,2018-01-23 00:16:50,2018-01-30 23:19:31,2018-02-16,ac95cdab584cac0e86ce97a5399ecf79,2018-01-19
2fbafc474dc8983392c734514f793616,59e502a9d03667636205b47e8cd58bfc,delivered,2018-07-14 16:44:17,2018-07-14 17:05:18,2018-07-17 17:32:00,2018-07-23 15:18:05,2018-08-03,beaef6445d87243f8ddfbbaaf197de13,2018-07-14
87ccc531f16677e594f700b09caddc61,43da0c62bc3c477f9971d4c687fe781c,delivered,2018-06-11 09:47:16,2018-06-11 10:17:18,2018-06-11 14:10:00,2018-06-18 17:47:44,2018-07-04,e90dea10f5ce8ea6969688b172c7ba7d,2018-06-11
897702f9f3fe72f18863ffc09e7ddef3,d521a479946c5ddfa97cb9872da48e2d,delivered,2017-01-20 12:04:03,2017-01-20 12:15:23,2017-01-23 12:17:30,2017-01-30 14:23:39,2017-02-16,d2cb4fa134053a20c0a53ce0542ca0b4,2017-01-20
58b2ca9b8b218fc08e5f37b778393005,bdfe2149db79b5a84c482c3a98ad355e,delivered,2018-07-22 12:17:33,2018-07-23 11:31:34,2018-07-23 14:42:00,2018-07-26 12:48:21,2018-08-07,c4081e1320a0b7320da135fca270a185,2018-07-22
72356c7f42069d35de8cdab7e6ec6b6f,faf42134242dcdc7f0e550debe536547,delivered,2018-02-21 15:43:09,2018-02-22 11:15:27,2018-02-26 23:54:36,2018-03-20 14:17:44,2018-03-15,4d196db639acef2a0890315ce519ba2a,2018-02-21
a95624561ff5062159952d1631e5b622,c54441883076342cdd91c5f17ea64ee5,delivered,2017-06-20 13:13:30,2017-06-20 13:25:24,2017-06-20 14:19:40,2017-06-22 15:56:03,2017-07-03,5e67dbfc0b3d1867f536c2961b4692bf,2017-06-20
9be4a7082d59a1dd26f0eb214e39f767,e870e8d56dc34efef1a862fdfb3c1b01,shipped,2017-06-13 15:37:50,2017-06-13 16:05:27,2017-06-27 08:53:18,,2017-07-26,9fb4b40acb1ebf819ac370c91c4ef62c,2017-06-13
f2d45d510df2224a3cac856602af7486,016199ad9f839e5d3e578fbdeb6f227b,shipped,2018-08-13 20:48:30,2018-08-13 21:04:21,2018-08-17 13:30:00,,2018-08-27,f52326b181b36e2a37b8a0419b4d7f54,2018-08-13
ef0353c6dc954fded9b6e979e89fe9ac,a45c9308012c637ed1296aff890b4473,delivered,2018-05-07 14:47:47,2018-05-07 16:53:05,2018-05-09 11:47:00,2018-05-14 23:51:06,2018-05-23,bb9552027602ccc6b1c8569d08ed9e5e,2018-05-07
b17cb553a97861363c34ba9e88fe3d5d,49a93b986c3e59664da488f75b3dd038,delivered,2017-11-26 10:15:36,2017-11-28 03:38:37,2017-12-05 21:55:53,2017-12-11 16:06:43,2017-12-15,f8ec2178c6a49d0c21ebd64fac7222d9,2017-11-26
b513a14f9b8b4de3fe87cadf03715229,a99a6be59d995fe8f602287ef8cccf7e,delivered,2017-11-29 13:14:21,2017-11-29 13:37:02,2017-12-01 18:34:17,2017-12-03 12:37:36,2017-12-15,fe41530a708dd8d8b52f0dd8f10c7360,2017-11-29
1612081119e8f23745698ad3367cc14b,20d32833d8983a835cafcd54099631a0,unavailable,2016-10-05 18:06:48,2017-04-11 15:17:38,,,2016-11-17,1150664499f22ea0d558af89a2c053fc,2016-10-05
90b6cdda02bbf9ef9a404d36e11a8268,b0dcdd6af159e2c0b239f92dcc095d38,delivered,2018-05-16 17:23:26,2018-05-18 07:56:08,2018-05-18 15:07:00,2018-05-22 00:13:38,2018-06-05,dba63d24ca222a17945a6aeb6e6c0ef1,2018-05-16
4d86f5a505c2db6222cc130b835bae1e,033b3d672236740c34b5444b2c95658c,delivered,2017-08-12 19:05:04,2017-08-12 19:23:29,2017-08-14 15:23:37,2017-08-21 14:13:58,2017-09-08,b130c2c14ac7f7bbd9ef611697711d5b,2017-08-12
2a61996db3b1837c8e035e373eeced0e,208130fbcba33f7fe0978a1459f4d88d,delivered,2018-02-05 19:29:21,2018-02-06 05:31:46,2018-02-07 23:22:27,2018-02-26 15:17:27,2018-03-06,784f95b8f8772b106f768e1befadc5e7,2018-02-05
5989369fa081195d8762312fad7d588d,e3580637ce917d8832480587b29e1468,delivered,2018-05-14 16:31:17,2018-05-14 16:52:57,2018-05-17 15:11:00,2018-06-05 00:05:10,2018-06-05,f6fabad7c6a8cd11bd0619634456e2c7,2018-05-14
fbee5a46914dbe7cb94572cb5557dd4e,d64ab4a58288b4cd401aa9e1e9cd78e6,delivered,2018-08-21 11:36:23,2018-08-21 11:50:55,2018-08-28 17:10:00,2018-08-29 13:34:33,2018-08-30,fa4e306b45610d74345f126a61045581,2018-08-21
53065082f5bfbc7a503dfb55ed57310a,4bc646ae05592e767e3f80ea2b1b2d97,delivered,2018-08-19 12:58:22,2018-08-20 11:49:46,2018-08-27 11:35:00,2018-08-29 17:40:52,2018-09-10,182053495bc94c2f41090ce8c41be266,2018-08-19
6fae9a0c40ff98d96a5ce24aed7ad0c7,354ad2de2a27de77462da38af0659abb,delivered,2017-11-29 21:54:38,2017-12-01 20:09:35,2017-12-06 19:28:27,2017-12-22 18:32:57,2017-12-21,0b30ccafbd520906e5be3e08f12d3b17,2017-11-29
837a1123bdacb7ea470ca4843c33aee9,5ac6b6fb2a239fac96ec7dc787600709,delivered,2018-03-14 13:39:01,2018-03-14 13:55:36,2018-03-20 00:02:52,2018-03-22 17:48:45,2018-04-19,ead79bd27a251fe8a2070b1304f10044,2018-03-14
fbc58b983315a34a3c81dd19b003dffa,b74bbd3e8808190560fad0a7077e92ae,delivered,2018-08-15 10:14:20,2018-08-17 03:31:06,2018-08-17 13:26:00,2018-08-30 18:56:27,2018-09-12,788ced55a1e6f66effe1f65b87810d45,2018-08-15
6f7aa3f0f22df0023e8827efb731157a,e383112630ea23d13ff8fc8a860c7e1c,delivered,2018-04-03 07:10:23,2018-04-03 07:28:16,2018-04-04 17:51:05,2018-04-12 19:35:34,2018-04-19,a53b862d2544c07c776f7f6f6be167a4,2018-04-03
a17fd6df400fd04864fc2697bc98cc2d,c7f70f5cf91be88049723af74735f91c,delivered,2017-12-29 12:18:36,2017-12-29 12:31:30,2018-01-02 21:09:22,2018-01-09 11:33:21,2018-01-30,bdcfde2bf11454f74ac8ae1bd709c6cc,2017-12-29
31ffe8189e41e4bbad1c872b804c6bfd,722014e4b4beb1e103b28f711a906d36,delivered,2017-04-14 19:52:22,2017-04-14 20:05:09,2017-04-17 08:38:59,2017-04-20 20:49:13,2017-05-08,34170ebf706ad24701b17511f61db9c3,2017-04-14
055bdb24d39579d9c7b5d26176d05573,4f3c41c86d3911a51879acf4fdacee74,delivered,2018-03-12 12:41:06,2018-03-12 12:50:34,2018-03-14 18:34:54,2018-03-23 15:38:49,2018-04-05,381921f3ea2ec775d9d53052e88b6365,2018-03-12
a6b0569fe3c4f86e7604914120e06df1,a96bad6c2f0b23749afc5b3ff6e6365a,delivered,2017-09-04 10:40:18,2017-09-04 10:50:11,2017-09-05 18:53:06,2017-09-15 13:14:52,2017-09-28,8b6928e1ba961952b69d53fcdb811c11,2017-09-04
109f014817afa47ae23b8b77939cad98,bc35e0f4c15cb14e16ff761212a5429d,delivered,2017-03-26 23:40:56,2017-03-26 23:50:17,2017-03-27 13:45:12,2017-03-30 15:12:43,2017-04-25,efe3120f5c2c8751c750c16ba3bd74cb,2017-03-26
fac55a13559083574f22e40e7918420d,c38e35783caf95e6d79d7394b5b68603,delivered,2018-06-24 20:01:42,2018-06-26 05:37:28,2018-06-26 16:44:00,2018-06-28 19:21:58,2018-07-18,49ba4dd16b884534b6b33f89fe3369e3,2018-06-24
547de36b535e31868ac015ace42f14e3,a63d4f5f54b2c1b2bb6c123a13a0cb03,delivered,2018-03-05 11:16:49,2018-03-05 12:00:26,2018-03-07 21:54:34,2018-03-22 01:13:00,2018-03-26,fa2e18397bdf107e0de094c23b96c3b6,2018-03-05
54df86a3941e416fa16c0cb39efcf805,7a37f0cfae45769f677a5cac65ce4bca,delivered,2017-08-01 18:21:16,2017-08-01 19:00:33,2017-08-03 21:10:57,2017-08-11 21:47:47,2017-09-05,8ed434938d11011f7e13b53355e3b856,2017-08-01
4deced9fc8e2ffea24dc10f87f6fafd9,f0bfa7312e95028272337a8b6a4cfdbd,delivered,2018-05-18 16:35:54,2018-05-18 16:58:20,2018-05-21 05:07:00,2018-06-06 17:36:45,2018-06-13,876c5f7ffcad19a82c0da218ecf56ba3,2018-05-18
fa85a1c9a92b2fc2b5c6f61e4688f8b3,94b3e0523e094b7948b3e2faeccd6668,delivered,2017-10-24 10:00:40,2017-10-25 02:07:24,2017-11-01 23:38:50,2017-11-11 11:28:57,2017-11-27,dc3daf634e488f515c5a403e107aef03,2017-10-24
4804f818223357ed70205d686235e9f6,c4c2a087e4f8e488f03f6af334cf52e3,delivered,2018-03-21 14:57:14,2018-03-22 14:55:29,2018-03-23 19:19:44,2018-03-26 20:03:38,2018-04-03,dac4c0ef5692bf93c259a5b264ee9807,2018-03-21
c524e7bd2510f74fed9e94b894472306,002554bdf9eb99618d8189c3a89fdd52,delivered,2018-08-13 17:59:25,2018-08-13 18:15:09,2018-08-14 12:57:00,2018-08-16 18:28:51,2018-08-23,8b57ae2e81c35f05e114c1461ae84b6c,2018-08-13
3a545de1e0e068eedf5535c5d3a39838,b42b585944a004bd4d474f531012bba6,delivered,2018-01-30 09:40:05,2018-02-01 03:11:51,2018-02-07 22:28:56,2018-02-19 18:55:51,2018-02-22,22ac8971f405f9520b3e7cf37e042ee7,2018-01-30
10870ce1b8fbb2c59df2c544b74d1b54,da2ccdc414de2205d98e7772a2fc37c1,delivered,2017-07-07 22:25:06,2017-07-07 22:43:20,2017-07-11 16:29:58,2017-07-22 12:29:27,2017-08-01,7b3a9396e5e5750ee23a07ee6e78c107,2017-07-07
fed6eb3bc0bf436d4f59e87714170a38,227d084a3c26346a30c2d1007073b49a,delivered,2017-04-11 19:48:11,2017-04-11 20:02:28,2017-04-12 10:21:09,2017-04-28 10:35:32,2017-05-05,61c89c63cafc790e23b1924e816df9b9,2017-04-11
325012120130bcfcd0623ac922d59c38,1691b81dee4cf5dc345369081b42954e,delivered,2017-09-04 16:23:13,2017-09-04 16:30:29,2017-09-05 20:34:59,2017-09-11 20:52:15,2017-09-22,c89980e921c4b58f1b2358b55348d174,2017-09-04
2143f0dfdbb1c47ab7c75c9c097e0173,587140b63abb380a13f3e008fb38ec09,delivered,2018-05-30 14:11:28,2018-05-30 14:31:48,2018-05-30 14:15:00,2018-06-03 17:40:51,2018-06-25,56b4fe70529cc49e243c4f746439cce7,2018-05-30
0dfedf3d432d2cdca59a3ef16b313db6,d6051fb16ae9b4c283f2c9342ed1ae87,delivered,2017-10-09 19:27:57,2017-10-11 03:28:18,2017-10-17 16:26:42,2017-10-24 16:20:06,2017-11-10,6faa792efdf7c9c6eb7cfdf68aa5e581,2017-10-09
a1a1ded06da0d3334312e71f27d11466,80705d9a217e8bc8985e073c0796ed1c,delivered,2017-05-14 23:21:20,2017-05-14 23:35:10,2017-05-15 21:19:40,2017-05-18 15:08:49,2017-06-02,0a6c923fbc247d6e47675ef16648a4ac,2017-05-14
491e0cbf42a355f2797b69226d4db636,9d797f40e11f670475bc2cf268716080,delivered,2017-12-13 14:15:51,2017-12-13 14:27:30,2017-12-18 21:24:51,2017-12-19 19:33:03,2018-01-02,6e0bc311366f91424b4654ce10d894c3,2017-12-13
889cd80138da82895c4ecb01ddedcc1e,b79aa70c571b757366c8526b0552aa30,delivered,2018-02-01 21:17:42,2018-02-02 02:54:19,2018-02-14 23:48:43,2018-02-23 13:00:08,2018-03-02,f258ecd3ed0efe5ae60d5e6e58ee03fb,2018-02-01
dc4cfa94b80bd43118f48eea2ddc0151,f5a5535a9bed38fefd7e764318d86a6d,delivered,2018-07-17 14:06:38,2018-07-17 14:15:20,2018-07-18 15:19:00,2018-07-20 18:58:30,2018-08-02,03392938a6a21912ddfce67179fed14c,2018-07-17
93cb959c1778b406571430bae0621e34,0bb2f904940f8c35cde9dedb64488291,delivered,2017-09-01 20:23:08,2017-09-04 06:50:17,2017-09-04 22:08:17,2017-09-08 16:13:13,2017-09-28,d6ac33439a2d21e66a32ff87c8be6506,2017-09-01
5f894487d02d8bb83733db91af8ce4f0,f35e9360d27a2c777e86f4e5cba4dff1,delivered,2018-07-16 14:13:44,2018-07-16 14:25:18,2018-07-17 12:06:00,2018-07-25 21:57:05,2018-08-09,d74572d564d4ddc3cf3d286fdb4145eb,2018-07-16
fab4815807a6e4f6e958e70eda5608bd,aaa1d7dcc0c7239e0f161090d2aa2423,delivered,2018-08-15 17:17:41,2018-08-16 03:30:17,2018-08-17 13:57:00,2018-08-20 18:34:50,2018-08-24,8571902aed25da9414ad2d7d07b15beb,2018-08-15
ee0e2ee05e102057fcf3258fddb3f06b,f4c18e32ebac777e74e52095dc71cc26,delivered,2018-01-27 14:37:51,2018-01-30 03:50:24,2018-01-30 21:53:01,2018-03-01 20:12:37,2018-03-01,36dc1ff7b79a1a982db1902954c2eb23,2018-01-27
348c4b243b30c51281523eb60ebe407b,a3fa79be46fc7b8b303aa2ff07e92c80,delivered,2017-08-10 11:26:28,2017-08-10 11:43:58,2017-08-11 18:58:47,2017-08-18 20:41:31,2017-08-30,34f80311e279ad6d7dc6542a693698ae,2017-08-10
d44e4f353925550e6ac4d8442f956d0b,0696dbdaab139e1618f92f34becf98ee,delivered,2018-05-09 17:21:19,2018-05-11 03:50:25,2018-05-15 16:17:00,2018-05-22 18:42:05,2018-06-05,338d485b5ab168d22ec22a8efd086044,2018-05-09
e26876a331df3a4dd9cccbc11faa25f9,6ee38bb7976710ec7be0743fbcad1449,delivered,2018-04-17 20:21:28,2018-04-18 20:15:16,2018-04-20 18:21:58,2018-04-26 00:40:52,2018-05-09,88a87d7b2646308f93a30631cfcf531e,2018-04-17
35aa2c55c4f28de4a5fba10c0952561d,43d2ab83f607206db90ecbea63ffa4f9,delivered,2017-07-17 00:48:22,2017-07-17 01:03:49,2017-07-18 13:32:30,2017-07-20 19:42:52,2017-08-09,09aa0207934a7fc0f26477c530638eac,2017-07-17
f31821b89453086fb83d13d1ce46a51e,01ff2b68ecb885ebd063584cbde546e8,delivered,2017-08-22 14:21:28,2017-08-24 02:55:25,2017-09-05 17:34:48,2017-09-13 17:16:10,2017-09-12,d4536235847d763178239515620ca074,2017-08-22
f404d82b87249486a0b5ed80b84f1b82,f6abfe23cd8425cc79033317e567b969,delivered,2018-03-26 20:16:02,2018-03-26 20:30:19,2018-03-27 18:52:45,2018-04-02 12:27:03,2018-04-06,0cebc51f6dd978db9fa4f66e0b01b2db,2018-03-26
0db6ccc5c835057ef7f585066ec9f7ca,e257f6f4039b206dff4c358312a669d7,delivered,2018-04-24 17:03:57,2018-04-25 03:51:34,2018-04-26 15:50:00,2018-05-07 15:58:52,2018-05-23,4b0e9ee11b586ca8eb60c7694a444ef7,2018-04-24
a80574415edf9f5612a5a6d5f8cc0bbe,43cff2fe863c08172f28b364103551d8,delivered,2018-06-30 09:38:38,2018-06-30 09:50:13,2018-07-03 09:28:00,2018-07-06 21:35:04,2018-07-20,1fdf8dfdee3368e54f6a521f8268dfba,2018-06-30
dfe27a883f9272758eb75f9ac80c1812,9e4823c2634c593f2f11da22eae7de50,delivered,2017-10-17 11:14:55,2017-10-18 02:50:19,2017-10-19 21:38:48,2017-11-14 23:12:35,2017-11-09,789d750b3c60702b386db22a2d583be0,2017-10-17
c046beae50286dc9ce99a36e02cb894a,a2c917a801f03b4c7b602b5979acc235,delivered,2017-12-17 15:30:58,2017-12-17 16:33:11,2017-12-18 17:28:38,2018-01-04 16:09:45,2018-01-16,383778b1039e1839f9338c59e0c88de9,2017-12-17
8a1e1fb0ef7e9f8fd6a0378ece8a4472,b88c8888d812fdbebaeec0a8de1950ef,delivered,2017-08-02 13:26:55,2017-08-02 13:42:55,2017-08-03 18:03:37,2017-08-10 20:52:56,2017-08-24,f9055b485e8ffaacea73b7306bc9d5bf,2017-08-02
57304eef5f1140a0c92e7e3857266f0c,a9d37a04d1d0b06e16d5c9455db7919b,delivered,2018-03-31 23:51:06,2018-04-01 00:11:16,2018-04-03 17:38:41,2018-04-04 19:38:50,2018-04-12,d92d360562e974e2cfeee5589472bcf3,2018-03-31
372f7d827bed42ed537ec39866756e71,7257bce98eb576d93ad4df65a68fa124,delivered,2017-09-12 11:17:10,2017-09-14 03:04:56,2017-09-19 19:13:12,2017-10-03 15:52:05,2017-10-18,f923b1574da0d99a5e27e7ad1de64cf9,2017-09-12
28f0c702fd6f14b65a0ad5bd708a5b4c,edf26f6daa7f0952da5ab7b75c77f186,delivered,2017-11-24 10:22:19,2017-11-25 03:54:24,2017-11-29 01:26:52,2017-12-14 19:58:50,2017-12-21,86a39920f2d16aa9e361b27f6723cf63,2017-11-24
ab194c51be87821af6822d75c47a7efd,1b291b52b63c7dd9b7f3c66d81ce813a,delivered,2018-01-09 11:47:48,2018-01-09 11:57:26,2018-01-15 17:29:03,2018-01-19 19:12:46,2018-02-01,ee43cd2ec5fae90a9394c5e264144a46,2018-01-09
cf5c8d9f52807cb2d2f0a0ff54c478da,e898b5ef24833b9cb9e2d4f00b937595,delivered,2018-08-24 13:04:05,2018-08-24 13:24:27,2018-08-24 12:00:00,2018-08-30 19:11:50,2018-10-05,8dc697d03f771cecc2534534a73eaaf9,2018-08-24
47c93dc8a83b7fcf68ce05de387fa24a,27f99ea5e69c636176747c2142b393be,delivered,2018-01-05 13:47:58,2018-01-05 13:58:22,2018-01-10 19:09:57,2018-01-11 20:56:47,2018-01-23,53e2cfb1f6ac8946439fc1916d08ce5d,2018-01-05
059bbeb3477ed66fd7e670c3f879009a,b5b7e770b62f0e7aa4cc2d9be9212b8d,delivered,2017-07-27 10:31:49,2017-07-27 10:45:17,2017-07-28 19:23:53,2017-08-02 23:42:16,2017-08-21,6814507660c72078cbada9b3660683dd,2017-07-27
afd3ecb0ccf63283c24d25097146a9f4,076f5b0491bd722987bfe358f5994871,delivered,2018-01-22 15:54:07,2018-01-23 03:52:31,2018-01-23 20:22:22,2018-01-26 20:48:38,2018-02-07,c4dc77f931ac855b96d35a783ba4b8ae,2018-01-22
cb064e8f8f0371573859e393d973c337,27f177e980768599b6824ed895ad0a24,delivered,2017-11-24 19:45:23,2017-11-28 03:32:42,2017-11-28 16:03:53,2017-12-07 03:14:46,2017-12-19,8690d9f8dc239155126a7c6fe5e7f82b,2017-11-24
53c0c863b0a9d78fbb5c355a137366dd,080d8d151b8d056e06594d20a73037ea,delivered,2018-04-10 06:46:25,2018-04-11 08:50:40,2018-04-11 22:48:41,2018-04-26 21:06:39,2018-05-14,dfa9d6d073d1594f980de4da779768e1,2018-04-10
650df820145c92501d76b8a8501b1f9b,72683d2e19b1162853c8e8c853624a8e,delivered,2017-05-06 12:24:40,2017-05-06 13:01:59,2017-05-09 07:59:52,2017-05-12 18:55:56,2017-05-31,8df6025e7e187171192472543413b77e,2017-05-06
7b99db4b35bb7d1b97ef1573aa3c2171,8e781f06f8024c2f7098c991d4cc1a99,delivered,2017-02-08 16:40:12,2017-02-08 16:50:17,2017-02-09 10:11:17,2017-02-14 11:08:58,2017-03-21,adc0189d772013c8cad6d57ed0e546ae,2017-02-08
4ce107a3b477e3d4db1f121d74e63133,413d0b44ea468d18c575b995af71355c,delivered,2018-05-20 15:15:50,2018-05-20 15:39:11,2018-05-22 08:47:00,2018-06-07 22:02:44,2018-06-21,56a0fd173511370007d218162d19bdd2,2018-05-20
323cba2726573e077f021f421d143899,9d24da812d664a5335e840b0ddabbf34,delivered,2018-04-12 10:38:13,2018-04-12 11:51:37,2018-04-12 21:58:31,2018-04-28 17:41:46,2018-05-08,2c87693b95677a97ac5a6e396e717b69,2018-04-12
da09a133ef2ab8e4d7b4e0f48ae2c627,19385c4e432916feee9ac4bc934a768d,delivered,2017-04-26 16:07:27,2017-04-26 16:15:10,2017-04-28 15:24:12,2017-05-13 11:11:49,2017-05-24,ffbb866d7c0d272f9fe12de1b9ee9173,2017-04-26
b9cb4e1c0f63ec744001f15b698ebc73,a7a2a5d8f7b07593ff11e73bc4e3f5eb,delivered,2018-03-15 22:02:24,2018-03-15 22:15:47,2018-03-20 18:48:40,2018-03-28 21:40:33,2018-04-10,bc98051cee7c0111167e6f40a4ed76f6,2018-03-15
076dc4ca874b482e0fed6263b1ff1b5f,eb7fff6ffc8d18a259c9612f642c70a9,delivered,2018-08-05 18:03:44,2018-08-05 18:15:18,2018-08-08 11:57:00,2018-08-14 15:41:05,2018-08-17,8fc3c839b1d3142015c5fdd8ab625cd6,2018-08-05
c37b3f544d3cfdc84bc506669555f19e,613386a8d17fbcb4e293f69172cc9a36,delivered,2018-01-12 20:14:15,2018-01-12 20:25:28,2018-01-26 18:42:13,2018-01-30 21:04:07,2018-02-07,79123436facaa9208911e94a1565bc86,2018-01-12
13ea512ec6905271a81b450e551b62a8,66a2736494ae92777ef4e388c165cf44,delivered,2018-07-30 18:20:11,2018-07-30 19:31:40,2018-08-03 12:57:00,2018-08-13 11:54:34,2018-08-10,d734c07bfd6f238d72435feb2c569d7f,2018-07-30
8b23e4dbf00e11a4567e547b27a06715,1fda20eaf383807164578b4a45ade230,delivered,2017-03-25 13:06:49,2017-03-28 03:45:21,2017-03-30 18:46:10,2017-04-04 16:04:27,2017-04-18,1fa46490ffc2bdf1c5eb066cec1fcd2a,2017-03-25
33708182c0744618307722dbbfd31a3d,95b3479f95334dc03b0375c726d95c81,delivered,2017-12-14 07:29:08,2017-12-15 02:16:11,2017-12-18 16:43:09,2018-01-04 14:44:51,2018-01-16,865537b4b6876778dca649e220a347c2,2017-12-14
4a91ab50eb21ac9d39b0a581487fb252,48ced9d7052f153f7071ce06d7c0efed,delivered,2018-06-26 10:50:09,2018-06-28 02:15:50,2018-06-28 14:21:00,2018-07-04 17:14:39,2018-07-18,d8873ca8e3847bac684fe59564b35bdc,2018-06-26
42e0382665455995552cb0117eda96ff,b0a50f8b887b813f1534c1c69b4e3f62,delivered,2018-01-24 22:46:43,2018-01-24 22:56:24,2018-01-29 21:35:47,2018-02-14 18:41:52,2018-02-21,28ca5e64cbd206ab3c1b3ba13121f1f8,2018-01-24
6cdb4b90b1b93c1565439c75f05acfa0,a5a35afed426d86362ea299f14eacb73,delivered,2017-08-12 11:37:44,2017-08-12 11:45:19,2017-08-15 14:22:25,2017-08-18 18:46:45,2017-09-08,f19969d932ba8726e175b1fda5bf0f57,2017-08-12
7f2e7db0db716e57b5f65080fb85f397,9359277ae2c0ab1772190a4b769f148e,delivered,2018-02-17 19:47:03,2018-02-17 20:06:38,2018-02-22 20:53:06,2018-03-08 19:58:26,2018-03-15,80721bef26b8e127ac080a297b683707,2018-02-17
85f92c80c1d7ad7158d27c8dfd111c6c,104bcfff63c47ff5cc1e86d1f022bb56,delivered,2017-11-27 22:55:07,2017-11-27 23:58:19,2017-12-01 15:52:21,2017-12-07 19:47:03,2017-12-21,8196065b637800456cce287e207e76e1,2017-11-27
05e6d57ea1f64b4e9a0b37c669515cfc,9ab821f6684feba5c42a42a05c0a12a2,delivered,2018-07-03 23:29:36,2018-07-05 16:03:39,2018-07-04 12:35:00,2018-07-07 11:38:46,2018-07-24,69da8dafee13c5b2265db848f4f8bb94,2018-07-03
6f4f0d429c1e1ad2cf84924fe07ffd71,ed1ee9233bafd2e5a9c166e6dc4a1b11,delivered,2018-06-20 15:56:12,2018-06-20 16:25:32,2018-06-21 13:55:00,2018-06-28 21:12:02,2018-07-20,a19384097e2cfb185b98612645c5f48e,2018-06-20
0435404d45d367d6da14e7628c40a041,06272f95035856cac16ee21693dd7302,delivered,2017-05-24 21:43:53,2017-05-24 21:55:16,2017-05-25 13:19:53,2017-06-01 10:21:55,2017-06-16,dc1dac999319e4de0009df7ad0d02104,2017-05-24
e7deb83d07b89b75079627c99028d57a,f2a5ed507918ca3ac831b7d38590141f,delivered,2018-01-31 00:35:11,2018-01-31 13:31:55,2018-02-02 02:37:17,2018-02-15 01:12:09,2018-03-19,54d0581e27042d4f305886d5469fc635,2018-01-31
19f395a57cae29f6cc7413119e0b45dd,32a2a587398d8e67d52ffe4d7445bbcb,delivered,2017-06-04 10:49:43,2017-06-04 11:02:28,2017-06-06 08:16:01,2017-06-13 13:28:07,2017-06-28,8d56fea76b9680121bf22de752787277,2017-06-04
38e0e9763bb6c91f55550e6d8555c78b,b83825b514ecfa4f2ac12b219410377a,delivered,2017-11-12 16:34:50,2017-11-12 16:46:33,2017-11-16 21:33:05,2017-11-21 22:17:57,2017-12-13,6415a6a03e09f61409fe4509dbe0b526,2017-11-12
3a7a99040c2a6fd18a04eb7bfb715822,6ab350dd23c967db53a819857522171a,delivered,2017-11-27 00:09:44,2017-11-27 00:32:23,2017-11-27 21:39:34,2017-11-28 17:57:06,2017-12-13,1dea0b23b1b283b35255c5db6afd4e7d,2017-11-27
9eb4c52cf0399fb41b3e537d6acf99e0,ef1daa31903ff74a9c78b083b006b249,delivered,2017-12-11 15:35:31,2017-12-11 15:49:02,2017-12-14 17:48:55,2017-12-17 15:22:31,2017-12-28,75b22b823e3373d5599d16b8f7c5e742,2017-12-11
5ba1e204119e95eb1b943b861e788a7a,5ad6bc8f1dc030d6adbb044fc6a7e394,delivered,2017-10-23 12:57:00,2017-10-23 13:14:24,2017-10-24 22:47:57,2017-10-27 21:07:37,2017-11-14,ef3e32f1b8658891add797672f995cc5,2017-10-23
4fe8bf212087b2b27d2d5ca8bc866a74,97dd30dbb3d934ae53b651bf2268fdcc,delivered,2018-07-20 11:29:16,2018-07-20 11:46:17,2018-07-23 08:37:00,2018-07-24 19:52:01,2018-07-31,d2232dd6afa391c9e68342b23e78684c,2018-07-20
3c6567af72eb974d49691311ce6b0a83,6ec5cca8c66fddaa31e3c756753c3001,delivered,2017-11-07 12:23:18,2017-11-07 12:35:23,2017-11-08 20:19:07,2017-11-14 18:29:36,2017-11-27,e765ef66654cfd874784b36c7d0040a2,2017-11-07
1ddc3d70dd69c4803ec86c7d987591e1,405aac74d987374ee18d472ab9758dae,delivered,2017-06-15 16:46:30,2017-06-16 17:05:22,2017-06-20 15:30:46,2017-06-26 15:49:43,2017-07-13,d7c6bdf20c4ec9c9cda815dde58e778a,2017-06-15
f1b77f21eeb32f40813b2df8368450ad,eed611fa7e299d5bd996f6c69cb21349,delivered,2017-11-24 23:52:59,2017-11-25 02:34:28,2017-11-28 22:51:34,2017-12-03 15:38:48,2017-12-19,59598f312d6a8fcbdd46b0dfd2e333ca,2017-11-24
daaee3046c061f111811d2fa55699a0a,cd0fefe4d2b9a05282f54873803290cf,delivered,2017-09-28 23:56:16,2017-09-29 00:08:24,2017-10-02 19:57:40,2017-10-09 17:51:49,2017-10-24,8612ff1b6f628fe9aaade60bce8c521f,2017-09-28
b208c52c9ab77c2efee93366dee571bf,12b87b1952a8cba761d2c59013865995,delivered,2017-12-08 20:40:46,2017-12-09 02:34:27,2017-12-12 22:21:39,2018-01-06 16:54:13,2018-01-08,9d338ea2bd24cb22533c1f2bd36dd62d,2017-12-08
1fda9a8d1632a5964c43fb8e64dbe3e3,f94da73419386f20952c30afd48c85fb,unavailable,2017-11-07 19:54:22,2017-11-09 04:31:17,,,2017-11-24,40317a394c047692f51599811ba5234c,2017-11-07
75681e645ebf121d79cde28849994e7c,7fffd172c514d32ce968348442561821,delivered,2017-11-24 08:40:36,2017-11-24 09:50:41,2017-11-24 21:43:46,2017-12-04 20:48:44,2017-12-15,16dada8a97e29b4f737250ebefbf6342,2017-11-24
d8f560d2563965001d1f853e74c82b0c,43bc321fea1ef708749dd8349c5c081e,delivered,2017-03-06 14:14:46,2017-03-08 03:35:12,2017-03-10 08:07:58,2017-03-14 10:35:33,2017-03-23,bd3d107d1b795e0d6e354420e8fc1cec,2017-03-06
a827a4bb4b7d1623fb232641e491bf02,0c6d158c02fecb2c22f93b1edb42846b,delivered,2017-03-19 23:46:28,2017-03-19 23:46:28,2017-03-21 18:15:28,2017-03-28 08:09:36,2017-04-12,d1b681f344d65ec9ed3772b90de2d386,2017-03-19
eae6a3184617bf13d153139ea39ba3a7,3a3faba3a2e550830228b7ddef538358,delivered,2018-01-29 18:55:41,2018-01-30 20:15:30,2018-02-02 02:10:47,2018-02-15 17:44:01,2018-02-21,4722e0c6504373d4231a55364ba31bbf,2018-01-29
8ebfefcc637fd6935aadd7b73c0c37d2,0e04fba3d8e410ec596562380be2212d,delivered,2018-02-20 08:08:43,2018-02-20 08:32:35,2018-02-21 19:29:11,2018-03-01 20:59:16,2018-03-13,7d10918618b2c96e25555e9ce8ff7b18,2018-02-20
789af0bf213f13c06dcaf72a56d3931e,6a45ce8c1eb50967d6dd86f18a2fe2cf,delivered,2018-01-31 22:02:55,2018-01-31 22:10:58,2018-02-02 01:33:36,2018-02-19 16:42:53,2018-03-12,7054e79879f847a0db584ccd27f1cf9d,2018-01-31
4cc0192e89c70ee61b2c1cd8ae665a5f,8233e1fc1c4bce2a2cab07bdafb95e2a,delivered,2017-07-19 22:22:34,2017-07-19 22:35:23,2017-07-21 15:33:02,2017-07-28 16:39:56,2017-08-10,e0c99ffdcd8891130985ac90cd2d8eec,2017-07-19
05e1843fb576fb0a18a1e9bdfa3c18b0,839311a89422ea7a88a3acde94b9f0dc,delivered,2018-03-13 11:21:56,2018-03-13 11:30:47,2018-03-13 22:48:59,2018-03-26 23:29:45,2018-04-18,24cd2ac13d29405aff87f625c98a0b24,2018-03-13
42c9088ebc76c30d056dbccecd5d7c5f,cbd6c6a8d9ce378977a8a4c142b9a67d,delivered,2017-12-10 11:06:25,2017-12-12 10:52:36,2017-12-13 17:43:39,2017-12-20 22:52:12,2017-12-28,0b7e09f8e3c722704416a3a8d9724061,2017-12-10
6305aec3fc288054e3c30457795f98a8,a8c83ac2daecf7bd93935aba418f8cd2,delivered,2017-10-02 08:32:05,2017-10-02 08:49:20,2017-10-06 16:52:34,2017-10-17 19:41:07,2017-11-23,986d0721d7862ed532a09b74d6fa1dc2,2017-10-02
1fb40f920a832437e543e136c7a8b050,f8e03be655bd8fc8af13b821ecd9707b,delivered,2018-07-20 11:56:12,2018-07-20 12:05:15,2018-07-20 12:58:00,2018-07-26 22:28:55,2018-08-14,d6136a4931a2bfbdeb920e6adda167bd,2018-07-20
b832b44bf5dbb96feec7409c23977046,cc2e71564f598d61c6eb0596715a83ff,delivered,2017-11-17 15:33:05,2017-11-17 15:47:47,2017-11-22 00:52:55,2017-11-29 06:17:14,2017-12-11,6815555e5f3189411e31674606ef55e4,2017-11-17
081dff6255d4b75937a72577339b2728,8c4dbeee7cb11dc1f6ab09d05aec9e58,delivered,2018-03-13 14:21:08,2018-03-13 14:35:38,2018-03-14 17:48:57,2018-03-17 02:26:53,2018-03-23,ea65d284a7c5624a4e29365e2e4bb901,2018-03-13
52334e03e9dc25babfc8207b509b2acc,a60281bf523e5b4ac309a6456aa47cd8,delivered,2018-06-13 18:23:39,2018-06-13 18:41:21,2018-06-14 13:23:00,2018-06-22 18:06:24,2018-07-16,d501a37cb74c8ee13216c98010a35c2e,2018-06-13
4faf8ab696c7c0a09160d089d1e5a497,76659076605975ba8f9b7b2d1123378f,delivered,2018-07-04 19:18:04,2018-07-06 03:11:22,2018-07-06 11:06:00,2018-07-20 20:34:30,2018-08-08,8baee868164140967e797c40f8da2b84,2018-07-04
7bd70701de0d9e7939bdc5eed76c0a84,b871400041cca0b6a0240e50ed375ee4,delivered,2017-12-24 13:52:04,2017-12-24 13:58:25,2017-12-28 22:19:03,2018-01-03 14:24:49,2018-01-19,d821b0981be9795c42ff1b2dece149cb,2017-12-24
23bd3ea8478099ea89638b5514a1198b,4293c2b68d5b7247d658d304c8670eaa,delivered,2018-03-03 00:42:02,2018-03-03 01:20:30,2018-03-07 00:33:02,2018-03-23 00:58:45,2018-03-21,58d12a5602286158f8db195f34edb260,2018-03-03
e713fb4142ff3dd5799a73faf546c9cb,f65b7e28dbf88958e959a5908d042721,delivered,2018-01-05 14:05:43,2018-01-05 14:16:28,2018-01-11 21:59:16,2018-01-19 14:43:17,2018-02-09,040dafe8dbcf3251811babf50ae6a0f4,2018-01-05
5941b42f2dc4d2cc309e407935b37c6f,0a89df41655531430f9e363fe3a6af11,delivered,2017-11-17 19:44:33,2017-11-17 21:10:38,2017-11-18 14:22:12,2017-11-25 16:59:14,2017-12-11,e557270098922e6da39f7fcdd904a191,2017-11-17
0c2c69625643d98afb22fc2e8dea27ba,580944a4284f207e54d13f65e578fc3f,delivered,2018-05-16 08:36:16,2018-05-16 08:53:32,2018-05-16 12:29:00,2018-05-17 15:05:05,2018-05-24,2d187d54d031a542ffa9d09e83a9b1d0,2018-05-16
a3a0548064c8724d07f841bbb1e256f1,8c5edb6c6cdadd64a3d021e4c00b963e,delivered,2018-08-15 17:10:53,2018-08-15 17:24:07,2018-08-16 08:21:00,2018-08-28 19:50:42,2018-08-31,c0cb011af2803a994e4f6e12c19caf9a,2018-08-15
c63e118d1a3111cb82af1fdb95b68646,d5c9fb2945460771c8f0d7c9473c0828,delivered,2017-03-29 19:47:02,2017-03-29 20:50:09,2017-03-31 14:47:10,2017-04-04 15:12:46,2017-04-18,a783a0f8a5f59ae9e1632ef9ac3f4ee3,2017-03-29
abb2eb746a8ca83b66b090c521dff1d0,b4f7636ec823d1985ba9faca64bfd7bb,delivered,2018-02-08 09:15:25,2018-02-08 09:29:45,2018-02-09 17:48:33,2018-02-19 16:59:18,2018-03-07,a4f1d29f2c7213d165edb74ff4a309f0,2018-02-08
696d4e01a87ead29fa5f8066ed27d4f1,50111fb86c6159052296bbf2598ef7ee,delivered,2018-05-22 18:04:24,2018-05-22 19:17:21,2018-05-23 11:51:00,2018-05-24 14:24:52,2018-05-30,10b7ec8d59e18192862f78be58cd3458,2018-05-22
f719f5e18ea61d821edd4a1c8d191b05,b4e47d28c7ad1902d486162b8fe5303d,delivered,2018-08-12 16:51:37,2018-08-12 17:04:23,2018-08-14 11:14:00,2018-08-20 20:48:39,2018-09-04,8dae54b4398643e70bb47dd33239b55d,2018-08-12
4f88a7f264d48920c4f0762d160212ca,d2a592f7064d3ef0f34bd7a8d95e4458,delivered,2018-08-02 12:07:00,2018-08-02 13:05:18,2018-08-14 11:39:00,2018-08-16 12:44:29,2018-08-15,54038fdafde7c49533a306f961281d9c,2018-08-02
b7d49ac93afe42c4d1c6db6c1301b6d5,d3588db32cf2e767d97e157a9b9a753b,delivered,2018-04-19 21:17:19,2018-04-19 22:11:43,2018-04-23 23:28:50,2018-04-24 16:19:22,2018-05-08,a965a10f2becee90e286f026cbce4dac,2018-04-19
b9d1db9d3e9608b2d37f962aaef45e03,5c0a13726f1fdc75fb023894e1b64590,delivered,2018-04-17 10:16:57,2018-04-17 10:31:15,2018-04-30 15:35:00,2018-05-07 10:55:31,2018-05-08,62aed189592f119e0232b2491de646e1,2018-04-17
a3a579880b2150c79c81e0c5b75beb79,7d64677fe731b6b3e38776d91cfc744d,delivered,2018-05-04 13:13:49,2018-05-04 13:33:08,2018-05-04 14:33:00,2018-05-15 15:21:48,2018-05-28,8e0555f8dc7199e4170bf06d17b32dfe,2018-05-04
0db095732135cba036daafa8ae0d5559,f4846cddb22290761da9718db5bd9e44,delivered,2018-01-03 11:34:22,2018-01-03 11:46:57,2018-01-05 18:59:30,2018-01-10 12:34:17,2018-01-19,8bc3068714502a076cdc66f2a207bb20,2018-01-03
3e4c4bd83f745236e4f9380b225088d5,e596359a966e6577ed5561f518001209,delivered,2018-04-29 12:29:15,2018-04-29 12:55:42,2018-05-03 16:38:00,2018-05-11 20:02:21,2018-05-30,fd2aefc53a072c7da8e94cf9d9c9b5a2,2018-04-29
a7052bcfd0db0734e92716ce1a188143,2199863b9b48d7b10f4be989b7ef030f,delivered,2017-09-05 16:27:05,2017-09-05 16:50:16,2017-09-08 20:29:49,2017-10-05 18:25:57,2017-10-06,930adab3f84f2e6274636f6c93171d31,2017-09-05
85daf7307b6fe2f3ed3cb569633b9f9a,912bac8695409e05b85c0c067114b070,delivered,2018-04-13 10:44:59,2018-04-13 11:17:10,2018-04-13 23:56:41,2018-04-19 21:32:30,2018-05-16,210732c7b0d71d8b65ff0f38235201b7,2018-04-13
2b6bf03cc135cbab42df6a1c435d9319,5ce1196b90dff5896ea357e261224cbe,delivered,2018-07-28 00:12:51,2018-07-28 00:25:15,2018-07-30 12:24:00,2018-08-08 00:52:08,2018-08-17,d86b3617aa8acbdb8d7fef8e7d6b5938,2018-07-28
05c3b5a011d47cd6cd88d4c5d6c15b90,01f1b8e88d206e16909ed8c49f480e9c,delivered,2017-07-03 16:21:43,2017-07-03 16:30:26,2017-07-04 15:14:37,2017-07-07 14:51:21,2017-07-26,97b656952c141330986da2cdc4d55b7d,2017-07-03
91c8553552838cffe0bdcf5675b7a3e3,e24f621755e64b057a5cc01818cb39ac,delivered,2017-12-13 12:44:00,2017-12-13 12:54:51,2017-12-15 23:46:45,2017-12-20 17:47:27,2018-01-02,86303064ea89f02067b31c979a343bb4,2017-12-13
24cc22cb128428c65c92a125bae0b517,a18e48b17c599c90b555cdcdf2c1d51a,delivered,2017-08-11 22:03:25,2017-08-11 22:25:18,2017-08-14 19:45:04,2017-08-18 18:48:34,2017-09-05,1118a7bb7ba893f10740e22a23aa5bd9,2017-08-11
f16daf0b2c8f62c13982bba10f575145,6a64d3236b45b82c56432501b7358de2,delivered,2018-04-09 13:09:50,2018-04-10 07:10:12,2018-04-10 20:05:34,2018-04-16 19:11:53,2018-04-27,6a5759730186ebb0c1e1882891acbd73,2018-04-09
894688f5124158773f73df86a3b83c6f,22b6b404010c1f6864e347b5202085a6,delivered,2017-10-24 23:18:35,2017-10-24 23:28:15,2017-10-27 19:04:00,2017-11-01 22:10:47,2017-11-17,a49177e522690ffea3c4c9abc7881cc5,2017-10-24
77fbc4cdd3be2594cbb02bac5e3ce914,3db6d62286946e62a243790edb0ffc7f,delivered,2018-07-03 08:21:19,2018-07-05 16:32:23,2018-07-03 12:28:00,2018-07-11 00:16:41,2018-08-03,c054a91d51e30816ffa37af660fef903,2018-07-03
fb9a9bc9654c16364f348fb2309b1214,23e96758fd640560e9b1fbcda90abfc4,delivered,2018-04-02 08:54:48,2018-04-02 09:09:07,2018-04-11 22:08:39,2018-04-20 21:42:29,2018-04-19,9e1f719fe5b17b9c51905fee6d6385c1,2018-04-02
bb448c2c512a6883aa2a26cb57b6cf4a,ed0b5e13c101afa092296d346b2dbed4,delivered,2017-01-20 11:38:56,2017-01-20 11:50:17,2017-01-25 11:32:42,2017-01-27 13:16:00,2017-03-01,328eb9bf2f55abdcd28a7632138c5278,2017-01-20
dc523b270be716d338c2fbc9a4bcdfc3,5223c607aceef2f16e11f8b47ff72b8e,delivered,2017-08-24 01:41:15,2017-08-24 02:05:14,2017-08-29 20:25:37,2017-09-01 18:25:59,2017-09-18,19ab5243af595822e3503076a8f85f27,2017-08-24
1a43ac74c38ccf5ab21ec955f1765708,39fb39b2e59f364342c89aedf36ade9e,delivered,2018-02-12 16:53:27,2018-02-16 07:50:51,2018-02-22 22:13:46,2018-02-26 22:09:47,2018-02-26,34dd068b0cc573acfa3176f1fdc1c181,2018-02-12
b03b82e985b149d61218a7e0111ed6a1,75ee0650971825f22d0a2fabf3e73b50,delivered,2017-09-29 20:18:23,2017-09-29 20:28:22,2017-10-03 17:26:23,2017-10-06 18:38:10,2017-11-01,d8950b0f72f91086edd365438bcca968,2017-09-29
2e7a373242af9032c112f07cf0235ee8,04889e0130acf2e7b2de087d02994ce3,delivered,2018-04-09 22:37:43,2018-04-10 00:31:45,2018-04-17 19:03:43,2018-04-20 19:56:26,2018-05-04,e197b5ef3ad3220f87041f2475b37c81,2018-04-09
fb1b43869922a4c4faadf387772149ed,c44b6bba86baedddb69239d21d30e9b1,delivered,2018-07-06 11:50:08,2018-07-06 12:11:05,2018-07-10 15:54:00,2018-07-14 15:32:40,2018-08-08,6c4f592c07af0871a867590961915e1c,2018-07-06
bfc66aaefcaf92d4f853576104191c8d,0a466d490a3c2fcc1e7177f4809ec7dd,delivered,2017-06-23 14:21:44,2017-06-23 14:32:26,2017-06-26 15:21:30,2017-07-06 11:33:12,2017-08-02,d5a5ceb83234eeb855268d7fce7f54ea,2017-06-23
8563ba5846a265d99db932d71e8f5b8c,e5fe29371fab568cd043942ae42365ed,delivered,2017-12-05 16:48:43,2017-12-06 02:50:02,2017-12-14 01:33:21,2017-12-23 19:15:36,2018-01-02,794dcff1cc7dee09bea35d1d20994c99,2017-12-05
a6ef08d145dd686f85530958e1100ea1,a8e60c05d343d9ca89f9500501cbbe91,delivered,2017-06-24 13:54:25,2017-06-24 14:10:15,2017-06-29 09:11:59,2017-07-04 15:39:35,2017-07-14,541dd3816dd5a866eb3e92f00137736a,2017-06-24
49c4651b7977ce5c9f2d30aa763a8ae2,7c00799804af74e21088032aa0d6eefe,delivered,2018-02-27 15:15:17,2018-03-01 02:50:46,2018-03-08 00:09:31,2018-04-11 22:51:27,2018-03-27,3dbb5c4e262f34940346a6422df335fb,2018-02-27
d0b0379d6c107d02aa717e29afa60cb2,19dba1813de49accbb9b1ccf74cba591,delivered,2017-06-17 11:54:02,2017-06-17 12:10:21,2017-06-19 17:37:41,2017-06-21 15:28:56,2017-07-04,a08c31126f854a190f90b423b6423e25,2017-06-17
3112aed98b4143a8b6eff67cb5c4dcaa,c090b65ed4db6e927670dc8d1590cd64,delivered,2017-12-04 15:36:51,2017-12-06 02:50:32,2017-12-06 18:58:40,2017-12-10 10:09:42,2017-12-20,76e59299f66dbec2185cfe55845cc54a,2017-12-04
3dcd400ff4301f079012e668f0c7a320,8865fc2bbfa3cfd570bdf7832c479607,delivered,2018-01-20 19:31:45,2018-01-20 19:59:32,2018-01-23 15:52:46,2018-01-29 20:42:24,2018-02-19,74d7356a3ca20d9b288e8af175a4612a,2018-01-20
c58ffed0450c483623e8de5090e2e8b4,3a34ee3f747fd27b981481c34f6f0ba8,delivered,2017-09-15 18:07:21,2017-09-15 18:25:22,2017-09-18 18:20:07,2017-09-19 19:43:55,2017-09-27,7611b4fc32bb8f3592aec68172ddceb7,2017-09-15
e0657085c2b6297a32f39efa200cdf72,a109663eb89cc2658b051385cac35f02,delivered,2018-08-04 21:12:12,2018-08-04 21:24:28,2018-08-07 09:00:00,2018-08-08 17:49:25,2018-08-10,107df8fcfe13d1a58006f0a11dc7522c,2018-08-04
8b80d759e77b43df13958cecc2109380,4391e823bb120841a0b33b978cb40774,delivered,2017-08-14 16:29:41,2017-08-14 16:45:21,2017-08-15 19:45:44,2017-08-16 23:23:50,2017-08-25,064e72f6dd03299e76320bd106b803c0,2017-08-14
1c0b41996d287cfa89739affd2df8033,801d3adce37e5f15cd3f68c79e0209a2,delivered,2018-08-06 14:27:33,2018-08-07 14:25:08,2018-08-10 12:31:00,2018-08-13 23:45:55,2018-08-09,5128cfed3714b48fe3e07fb068152293,2018-08-06
b7c32368213b1b75d2c42299f97dd088,b157c66d52ff134b00bdc84727922d69,delivered,2018-04-03 14:50:32,2018-04-03 15:09:19,2018-04-04 18:36:37,2018-04-05 19:52:35,2018-04-19,b7855cf80639e10495a65b5ecae8a14d,2018-04-03
685ff0ec30068be51ce8745dbccdeb0b,bf937c454bbf09413b7407b1d83e64cc,delivered,2018-01-05 08:46:47,2018-01-06 02:07:26,2018-01-11 20:17:30,2018-01-30 00:49:08,2018-02-07,7b47fa8fbfcadba5b59d06434b8330e6,2018-01-05
713646be0226c051688714f343a1cda5,144f48b143d176dee413c191dfb62ae3,delivered,2017-11-12 14:52:36,2017-11-12 15:06:09,2017-11-14 10:11:45,2017-11-21 19:23:24,2017-11-27,54272298dddf27a51675246a17b243b4,2017-11-12
5629b04c3d6b271767e2b1a38d878171,5bfe4a9dd31c88a5063646c1bc8ca878,delivered,2017-08-04 18:48:48,2017-08-04 19:03:41,2017-08-08 19:28:17,2017-08-11 18:14:14,2017-08-29,39be3ec644e8deaff61a398b8da28c6b,2017-08-04
cd333fe099b4ed7f1012bc1a76a1b2f6,114bd31fdb8c1a8ddad0f1edbf307e43,delivered,2017-12-02 04:57:31,2017-12-05 04:15:40,2017-12-06 10:09:57,2017-12-10 16:22:36,2018-01-05,54bbce49c58e75d0b451082faf2937af,2017-12-02
de3bee1ce2ff36750efc09a389ea029e,88913416ba9c9be4c8217d461ab5b7af,delivered,2018-04-17 08:34:08,2018-04-18 15:11:07,2018-04-19 19:21:47,2018-04-30 22:36:52,2018-05-24,3a490364604f6817e258f127c19eec63,2018-04-17
d05843f19339db42477d8855fa69026d,262a2c7552af9c0cbf2de8caf2daba7f,delivered,2018-07-20 21:54:35,2018-07-20 22:05:14,2018-07-23 14:52:00,2018-07-30 22:36:29,2018-08-03,a2ada4fbd5341b782fc32e38b79db83b,2018-07-20
f7a398b95f66e7c87f14092ce7310927,e4d655bfbe9078728a7ff8f7f02dd667,delivered,2018-08-10 21:12:29,2018-08-10 21:25:16,2018-08-13 14:52:00,2018-08-22 13:38:29,2018-09-06,8d7e10e12a94d62b79fd3c4c48ba9a84,2018-08-10
e497e633dd1b677fbebaaf15c973e903,729eb6fd11d85cf7a027a4698e6d1373,delivered,2017-09-20 10:57:12,2017-09-21 07:05:42,2017-09-28 16:30:16,2017-10-10 19:18:37,2017-10-16,59a436c4afbac19ff22602b9f57ade6f,2017-09-20
24f07a52ca6b749c618b46ddb2e94b8a,2fead6d196da5adf133e4ddb08f51c8c,canceled,2018-01-30 09:39:05,2018-01-30 09:56:17,2018-01-31 23:39:52,,2018-02-21,9ddb8d6d1c39e9a65b77e3c1b89752dc,2018-01-30
cdd732749e9346c0ad3217aaf6ebd2e3,cc839fd0ab1cd8c9baa64dadf30ca603,delivered,2018-05-09 09:59:50,2018-05-09 10:15:13,2018-05-11 08:17:00,2018-05-20 19:04:50,2018-06-08,7f0b0de9aa3c47f2a883a702aec7be0b,2018-05-09
47aa0308326d0c781ffa998ee36dc409,c28e1de61c264a531a891b66e04ea092,delivered,2018-05-30 13:53:30,2018-05-31 03:15:22,2018-06-04 14:09:00,2018-06-06 20:41:10,2018-06-25,c84e3ddae5ad5d5abe61c229aa430bef,2018-05-30
b4ede4780b5949c4abac521f465b05d8,611acd4fe050117eadae632e142fa9e0,delivered,2017-10-26 10:05:27,2017-10-27 10:15:16,2017-10-27 22:42:58,2017-11-27 10:09:32,2017-11-22,2c30287ff199571ac2d89a5e658facce,2017-10-26
a48ee55f767e23ac20a70709cc399915,e28eb9092b15da1e8ad79eed5ccb6912,delivered,2018-08-16 15:36:11,2018-08-16 15:45:23,2018-08-17 12:13:00,2018-08-24 15:52:51,2018-09-03,0ada46296e2454b568f32413b14defe1,2018-08-16
addc0cc4cec3eb1c8a99e7dcaf7b7528,ee36e794ec0c9542a84dce88f1a05b9c,delivered,2017-05-22 00:10:27,2017-05-22 00:25:23,2017-05-24 16:45:49,2017-06-02 15:19:09,2017-06-19,4dbdde6e1e0a6931a1872f33d61b541d,2017-05-22
9a9f1de01133b96fbf25026c036473ef,bcefe912479b03d74d270a7f707a4fca,delivered,2017-03-19 15:26:19,2017-03-19 15:26:19,2017-03-28 16:19:47,2017-04-05 16:08:32,2017-04-10,c9e4722c8841be58cfa3cafad374f29b,2017-03-19
5541bd42a3108b24d82380b08016016c,baae2887560c54dd7d03dd369c20653e,delivered,2018-02-19 13:37:56,2018-02-19 13:51:02,2018-02-21 00:03:51,2018-02-21 16:55:43,2018-03-05,2491c769c206ac9a83243f4150aebbd0,2018-02-19
cb1aefa2e40fed6fb68c34d30e3c0e7c,09e28006e0a25bff69fc0f9cf24e147e,delivered,2018-01-08 13:14:49,2018-01-09 07:26:44,2018-01-09 21:48:20,2018-02-01 22:51:48,2018-02-07,209e5691e2cda59cd71e45417d7f95a2,2018-01-08
f38a6dc0f541c9dff3f0c72009f2976d,b88ecfa0e624d3175e5ddd104af149d0,shipped,2018-08-17 00:07:40,2018-08-17 00:29:09,2018-08-17 13:40:00,,2018-08-23,b8a871c20119098879d1138ab15f9de2,2018-08-17
337d06bdab986563a27e4f5c1885e887,92cec1d7f2e6c75ec8f274aa1f8757cc,delivered,2018-06-21 17:30:49,2018-06-21 18:21:22,2018-06-22 14:24:00,2018-06-26 01:36:36,2018-07-13,8cc9a3c4003f895f23a0d60b729b1dda,2018-06-21
75de3533485debf7b6eb8014b9c9ab76,9a19351c59306d13b568fece0edff1d4,delivered,2018-02-26 17:42:37,2018-02-26 18:20:33,2018-03-22 16:08:59,2018-03-26 21:39:42,2018-03-26,682fabd9b6e611941bab89018e79182e,2018-02-26
3c5223fd196a782f9d4c03c820caf004,c7bb0d8c05d993ead5438a66625cff87,delivered,2017-09-12 17:47:39,2017-09-15 12:55:20,2017-09-15 22:15:30,2017-10-03 21:38:39,2017-10-10,d1882ac4ceef9cb82da8015c09cac3f9,2017-09-12
fcb6bb55e888419b146e0bd3c612a373,108bf4710b177d9ac1f45d814aab627d,delivered,2017-06-28 09:44:09,2017-06-28 10:03:30,2017-07-10 13:42:39,2017-07-13 19:43:27,2017-08-01,e30896b870b5bd0ee167faf60d419e02,2017-06-28
0635ec73c8d9729fec281d4b87339be3,ba2c2929b14d1e28b0b55c950e349b4b,delivered,2017-12-18 20:02:45,2017-12-19 09:51:33,2017-12-19 20:43:51,2018-01-08 19:29:29,2018-01-12,8e23e1bea2faf1fd8b720933833ec474,2017-12-18
cd2c2d1c98e51894f2266c5140d14c29,23d6da614b40182e3c858847147f2268,delivered,2017-03-23 19:58:27,2017-03-23 20:10:19,2017-03-27 13:35:55,2017-04-10 18:11:22,2017-04-25,4e84f3c81efdd148acbd299ff10916ae,2017-03-23
1de55e56e0ba3d045955e0336a3fab7d,86da2d358ebbebfd141037f3e96d37c5,delivered,2017-08-01 14:57:33,2017-08-01 15:10:14,2017-08-01 20:50:14,2017-08-05 16:58:41,2017-08-21,3c6cdb158daff25d19a9a4e1419c46ba,2017-08-01
8c56de8756bf97586d0b745ebcd5af4f,d9b8724e4334e26fa4d3eca0d72c70d8,delivered,2017-06-27 11:28:35,2017-06-29 03:04:08,2017-06-30 13:12:47,2017-07-11 19:32:17,2017-07-21,13c4907f440019602bd74d2532fa02bf,2017-06-27
055cf2a6f9343f99acdb5e8f70e49bd8,fe1ec043760b798cc34fc8cc717753cd,delivered,2018-05-18 15:33:46,2018-05-19 16:19:11,2018-05-22 08:00:00,2018-06-04 19:18:35,2018-06-13,c12ac817e00e9afad51c327ab2fc2ec3,2018-05-18
c0008017b5bde654e166fa5888bc4771,8de711a16151e2f8f16fcffd58f4d16e,delivered,2017-12-07 17:24:44,2017-12-07 17:35:29,2017-12-08 21:31:58,2017-12-21 21:23:00,2018-01-04,6fbc1f21e27fdad09a713aed337b05e0,2017-12-07
caaeb078c34b52b95c43a6b1390354e9,022f2413b018b7e5837a20b045c3d119,delivered,2017-08-22 03:24:39,2017-08-22 03:44:56,2017-08-24 19:01:41,2017-09-08 13:16:09,2017-09-26,1dcd131b74251e2fa0aa088ecc7a1d49,2017-08-22
5e8be2c680e92f7eb40b087641cc6315,3c0d9785e6b7738c2e733baefb232ed5,delivered,2017-11-25 16:38:56,2017-11-25 17:31:31,2017-11-30 18:32:36,2017-12-19 21:38:42,2017-12-20,2e973f38b1835e15c2894c806ea1b947,2017-11-25
2690c84e60cbc597c732d126472db7cc,cebf23c9423264f677a27ea0737c0d99,delivered,2018-01-29 15:09:40,2018-01-29 15:32:58,2018-03-02 23:49:03,2018-03-16 21:38:35,2018-03-06,c17e8d36b887816df43b1ff74d8fcc03,2018-01-29
a59c3add113d01bce5f53f04fc17d73f,eaa4b33379b77dabc2dd8f1e8910b6b6,delivered,2017-05-11 16:29:18,2017-05-11 16:43:33,2017-05-15 09:23:50,2017-05-26 13:56:39,2017-06-08,60fdab697b7f3519c2f915eda735da2c,2017-05-11
8e713b13661ae56a9bac3fdbd4cd2df8,fe721ca30c96143ec8d1764ca2c57800,delivered,2017-05-27 19:15:29,2017-05-27 19:30:15,2017-05-29 11:05:17,2017-06-01 16:52:11,2017-06-21,bd73d48495f58c4b8d58f20efc09ee30,2017-05-27
e130e08b65b9f7e69f6d1d02faf39488,2dead6204cb633101e25f66d6b30e6de,delivered,2017-11-08 23:26:55,2017-11-09 00:31:18,2017-11-10 11:35:32,2017-11-17 22:56:46,2017-11-30,7456e305ab57ae3df0391f4275d1ba3c,2017-11-08
7845e49f64d173299fe152ac8d956456,7780881f54fda05f735a17bf8c121bfa,delivered,2017-11-29 15:49:00,2017-12-01 11:31:32,2017-12-01 22:25:52,2017-12-11 23:05:29,2017-12-28,0634b53657c5b19176c731dab0fb45dd,2017-11-29
ceac7232b482d926498ad8945b2624fd,c1db10bb02654e19f7904e2699b69fb1,delivered,2017-10-18 23:22:47,2017-10-19 00:40:20,2017-10-24 21:33:53,2017-10-31 22:24:51,2017-11-28,7430494e14aaf902d7d28c926b3420a2,2017-10-18
3475576ebe7b1d8daf3201dd20dbc98d,419bd9cefe8c680a13a3480507704f79,delivered,2018-07-01 13:43:40,2018-07-01 14:09:55,2018-07-05 10:20:00,2018-07-11 20:28:55,2018-07-31,e676ae7405b89b0a56e3e5ed45eb61ab,2018-07-01
8f9b2d4a6cd80dc716a380365561a133,5f0fdca1383e271d2ba9daae64f119e2,delivered,2017-10-11 15:12:05,2017-10-12 15:28:01,2017-10-13 15:35:54,2017-10-19 17:56:37,2017-11-07,b971e07b7b4fe82479905d2e6a137814,2017-10-11
141e9339279b23d1c38a8512d0e9ba7f,8dc4c1ba3c81aa79d96e459b5e8a8b66,delivered,2017-08-01 14:50:48,2017-08-01 15:05:12,2017-08-03 17:21:32,2017-08-08 23:15:32,2017-08-23,adfc21860c222bc8b607b5ef86341153,2017-08-01
1255820c3de35d95c502602125ac42b4,9d4666eebcbfaba1f04632a470ed2645,delivered,2018-06-21 14:41:59,2018-06-21 15:00:11,2018-06-25 12:49:00,2018-06-29 13:40:48,2018-07-16,ba5c66b18baf3ee85251b1890b6cc2e5,2018-06-21
da9db8fdc694f5fb8a42e407bbf0a71b,49a5d570a49209ce35342d68ac4e519f,delivered,2018-04-24 15:20:54,2018-04-26 03:51:50,2018-04-26 09:22:00,2018-05-05 14:48:51,2018-05-23,c27fecd7ce75c1b2a0262d46a39ea32b,2018-04-24
75a4ec6f4a98993df22205b1ad4da5c5,0f642db7c00e30f1b9182cf2611391d3,delivered,2018-02-27 21:26:44,2018-02-27 22:07:48,2018-02-28 20:15:05,2018-03-20 17:52:08,2018-03-21,02f4eedf70e929d1a6ca974f05b8d8be,2018-02-27
151458af49738a9727dd61b22cde2acf,308a3e1ec459822f6c48c033fc29dbad,delivered,2017-05-08 10:27:59,2017-05-08 10:42:43,2017-05-10 11:23:37,2017-06-06 13:55:34,2017-06-08,f1b608274fa733159ef21962bdf03149,2017-05-08
73eadd2f34b77806e8edd031b0bc427a,c042a28b840baff48f255b7252e3f4ca,delivered,2018-06-23 13:15:35,2018-06-23 13:40:01,2018-06-25 14:33:00,2018-07-06 23:44:36,2018-07-26,3640e6f25acbfb28e18af1c37fe4ffe3,2018-06-23
ad18be9bebe6d2b6b02b38f8da9e08d3,a0b3e86a78c7bee0145b32c4ba44d500,delivered,2018-08-13 11:02:42,2018-08-14 04:50:30,2018-08-14 14:17:00,2018-08-16 15:09:33,2018-08-30,f091cb60c97d35a42101a95cb825f821,2018-08-13
42ba06ad0483c398c580ede8b5bf35a1,97b1cb51e2cb2db7fee990c573939326,delivered,2017-12-01 19:16:43,2017-12-02 02:52:02,2017-12-06 16:05:49,2017-12-15 20:46:37,2018-01-10,e5cce8f93cfe5123f6a605dbf64c7d9f,2017-12-01
52245a1eec5d9e4278acd0e934e3aa3e,a6c1f27f0d06c709845a304d84fd26aa,delivered,2018-01-10 17:40:09,2018-01-10 17:49:04,2018-01-11 22:09:59,2018-01-29 19:16:21,2018-02-05,6c0b04cd094db076e234775dcf0e55aa,2018-01-10
549969d8626a73173cba92ae91352b09,410ea60cce9d682cbca502ed6c779973,delivered,2017-08-15 14:15:49,2017-08-16 03:25:46,2017-08-23 19:08:13,2017-08-26 16:45:34,2017-09-12,7f844f0f7112fe6689dc205af080c457,2017-08-15
3010bb1af2af6f8743b4eb307633d044,1e7c29e7721fa63c78c7db1a634ff5b6,delivered,2018-05-06 17:45:40,2018-05-07 16:52:32,2018-05-08 14:12:00,2018-05-10 23:12:50,2018-05-30,62e2dcc86cb4678c5bb0be66d0ba1d8b,2018-05-06
272cd23bc43dd9d5716b56378b446c8b,3995b998f83c97b26bb5f364be184a34,delivered,2018-07-31 19:13:11,2018-07-31 20:04:13,2018-08-03 13:47:00,2018-08-09 16:58:42,2018-08-22,0c5dcd0b9ccd37912572383dedc31c0a,2018-07-31
3d7e1993e42f9030f3ef7129e930bb56,609c02856cbf8ed9584ff5745310612e,delivered,2018-08-13 13:46:24,2018-08-13 14:04:32,2018-08-13 15:21:00,2018-08-21 18:58:38,2018-09-11,cb3d733c060365fcb29d8795c87c6d9d,2018-08-13
08db644c231a8d55a618af8c9f1280f0,f97d225a3b4ab3cfebf9457ec69cf76a,delivered,2018-08-15 16:55:14,2018-08-15 17:10:23,2018-08-16 14:44:00,2018-08-22 18:52:03,2018-08-28,938638b4e8e194db5e20e3deb15a975f,2018-08-15
65ac2f0250184b281dd44fd463341caf,c7716228f03391ae31bbf48d46c56fa3,delivered,2017-09-16 12:03:54,2017-09-16 12:15:16,2017-09-21 15:59:24,2017-09-26 22:42:38,2017-10-05,fa0ac1911ed9163e5e72c1830474e9fc,2017-09-16
0d898acc80d3c7a150bd832ac4050c81,892ebc9490105dedf7e4b7e8283c67cc,delivered,2018-08-15 09:08:34,2018-08-16 03:26:01,2018-08-23 11:44:00,2018-08-27 15:22:18,2018-09-06,1adee71d97c04b5a132eb30411732f64,2018-08-15
ffae83c600bcc82f84437a9248825b80,5376f2cf9c9ca09610de0c59583b0be6,delivered,2018-02-10 18:02:16,2018-02-10 18:30:28,2018-02-15 13:19:34,2018-03-13 14:29:54,2018-03-12,c79ec2d00e4e370d6b8ee16a8d22e266,2018-02-10
a3ed0979ab701d548275a0f5c844c635,c867b109192c6397f8f3e408daaa0bf5,canceled,2018-03-05 14:37:03,2018-03-05 15:20:29,,,2018-03-15,48c26048ebd3e3ba5164d28018687996,2018-03-05
8f35c9d6cb15b3bc14a4a88374c6d3d6,d3824ffc020a43364ee0cdb7c6c31df3,delivered,2018-07-22 18:14:46,2018-07-24 08:31:46,2018-07-26 11:07:00,2018-08-01 20:18:53,2018-08-16,39618678c9395910a7d675df2b0af941,2018-07-22
5b663e8f6d7d1dd5c03c9fb203cb50ff,6ba6fd4d14d09e8ee136c92ace6f508b,delivered,2018-07-08 18:50:45,2018-07-10 04:45:06,2018-07-17 13:46:00,2018-07-25 00:27:40,2018-08-06,fc57c67b40be8cafee83b482391654cb,2018-07-08
7a6ba64f8fb1ea124180fa33f5ddbe4c,6fb8459ad76b9b2ca0ed241127287366,delivered,2017-11-20 11:44:07,2017-11-21 11:36:25,2017-11-23 22:36:49,2017-11-30 22:53:05,2017-12-26,8758b6fbd79378c79a2e18fb42985f89,2017-11-20
13506ea47f50a6c01fa3dce68138ee1f,fd19e5c74c0e65801ba32d4ea5b9c598,delivered,2017-08-26 11:14:39,2017-08-26 11:25:09,2017-08-30 19:58:00,2017-09-13 21:39:33,2017-10-02,718e75787e76d665818ef5b40f217c75,2017-08-26
350508df3bad3da1cf8a3ac50f8c0406,4e772a2d0ce96d497b60339ebad2c25c,delivered,2017-10-04 14:06:42,2017-10-05 14:35:15,2017-10-11 20:59:55,2017-10-27 21:58:20,2017-11-06,cfc2d6055a8f5c00f08f9575e9327776,2017-10-04
ee305cf301da8441d91ae8a06d8a9ecc,3b24f36cc3f0efa0c6972265dfeea5c6,delivered,2018-04-30 11:48:02,2018-05-03 04:13:02,2018-05-07 09:32:00,2018-05-17 21:08:24,2018-05-30,62483cd9ba7ae9fa5f1f7043b390faf7,2018-04-30
74cb79919088f7872ff765118bf25de4,91fc66aee9f9bca24147a2fc4d15d62a,delivered,2018-04-08 10:01:11,2018-04-08 10:15:09,2018-04-11 18:05:22,2018-04-19 00:41:50,2018-05-02,61fcaa75cd698a4a712e890e9797c38a,2018-04-08
0a84606bdb8331708400882d2e921524,e3675484b0ca35cb2ffddb7ab5258a9c,delivered,2018-06-29 16:28:41,2018-06-29 16:51:20,2018-06-29 14:47:00,2018-07-03 14:44:33,2018-07-17,28a13c399d434c2c6d3ff1414d22b36b,2018-06-29
ee0a787b51e8c8d6b512e6b11f0bd926,91a019dbc86c0561969f0534338f3f07,delivered,2017-11-27 16:01:30,2017-11-27 16:11:15,2017-11-28 20:33:31,2017-12-02 16:57:04,2017-12-15,51572413611f6fc59c9de3b3b5e59df1,2017-11-27
b74509f6609c9c346bffc8f3be013197,5d1774e3a413b0d6756dbf03cc536eb0,delivered,2018-06-13 06:07:30,2018-06-14 02:39:10,2018-06-14 12:52:00,2018-06-25 20:11:40,2018-07-11,662fcecde51ba8d62883cafb7fbd217b,2018-06-13
933a5028e093e2ea1bf739b2844d3b2c,4791855f611bfc7e8c06bd690a64ca10,delivered,2018-03-20 17:43:57,2018-03-21 11:08:59,2018-03-22 17:32:42,2018-03-23 21:42:01,2018-04-02,1ca845c3b11ba93c4ac5182ab9c1197e,2018-03-20
d3b1c54aad50f3222af70ad725e9c481,cb0c81b581cd0cfdff0e7ebfdb068738,delivered,2017-08-01 14:11:57,2017-08-01 14:30:12,2017-08-02 15:37:09,2017-08-08 19:04:52,2017-08-23,f1e29cf011b066e344648062845002d8,2017-08-01
052b00d65560313221c5692cdb22fcb3,86951205f97e9b611cec1ac4a778b1be,delivered,2018-07-11 08:54:29,2018-07-11 09:10:11,2018-07-27 12:02:00,2018-07-31 23:44:41,2018-08-06,81c6afcf67ab04e348a5f5a9643ff496,2018-07-11
77e6a10b9f7d2c7a06295e3098afac8c,f1c1b72a3eafb0be1e32cfe59c256ba6,delivered,2018-08-08 08:06:32,2018-08-08 08:15:12,2018-08-08 08:23:00,2018-08-15 20:08:27,2018-08-17,7cdd7f3ca688aee98375ced1d1a86ae2,2018-08-08
e418ef83856cd1b69aa83b6992142361,f97a43abfdb4752d86a6b0a4e9cf013f,delivered,2017-05-21 20:26:51,2017-05-21 20:35:15,2017-05-22 13:15:57,2017-06-02 12:50:09,2017-06-26,6668e1ae499e2e9be475b7f708580232,2017-05-21
ab46182a322cb6dc83f4138d4e5cd73f,77a176bb787329aa60cd56aba502da46,unavailable,2017-11-24 19:49:07,2017-11-24 23:01:03,,,2017-12-08,3e0ecce6c61cd2e30f4e97c830c12713,2017-11-24
4813d21f5c35dfe0956b75160f9d0e79,0402d1ea1d67936c440f9ab05e45cd24,delivered,2017-11-03 12:53:40,2017-11-03 13:07:01,2017-11-07 18:11:52,2017-11-13 15:46:46,2017-11-23,6f61e3b11233a0589a1b7cc29b656ec2,2017-11-03
7384cdc62fcd832cd6c6026440c42821,e593a233adbfed5cc5ec383f95680901,delivered,2018-07-09 22:16:25,2018-07-10 09:05:27,2018-07-17 07:48:00,2018-07-25 15:57:46,2018-08-09,8d84ac9c08002dfbd576670c8e2cf0fa,2018-07-09
fa7350560340db860366a72e01c37687,28e7a5a8bd86ddcced4e8c761df469ce,delivered,2017-06-30 19:25:11,2017-06-30 19:43:32,2017-07-04 15:07:46,2017-07-15 15:22:54,2017-07-24,c7c0a9a00922ff28608bb0cde4e42f76,2017-06-30
45ce8dda01ccf2cc620de1c68ea95bdb,0769ee4c9b031d7f0eff70f0c30a8845,delivered,2017-12-13 23:48:19,2017-12-15 02:17:12,2017-12-18 21:29:48,2017-12-27 17:47:50,2018-01-11,909e3e8fddd658aee6cd045a9ed19cdf,2017-12-13
bc24d527d42f42c735765229820d488c,ff5edbdb9bcef7fac10e564ba43b7e1d,delivered,2018-02-25 11:21:52,2018-02-27 04:31:23,2018-02-27 21:25:24,2018-03-14 20:59:57,2018-03-26,c4ffef60e08d51e57e1e025e56240d4e,2018-02-25
d43b5b8cc6cffeba0059ea1ee6528652,158041d0636ec65fc00ab39f1d70a097,delivered,2018-07-09 15:17:23,2018-07-09 15:30:12,2018-07-10 13:26:00,2018-07-13 15:38:44,2018-07-25,85b76ed9c52c406f8ffdd82902b5c6f0,2018-07-09
19c38899e2a8c75b9bb5fa28a819869f,a90238c4f06c9c671687587046d085cd,delivered,2017-06-06 15:49:30,2017-06-06 16:02:48,2017-06-08 12:50:03,2017-06-13 13:14:53,2017-06-29,7e73a6f2fa0243bedb51f58a544f30d5,2017-06-06
c2b88e285b675e490d60c733f34c3d7f,b7f5ae711454e069867c611d0079b090,delivered,2017-12-04 08:32:07,2017-12-04 09:16:47,2017-12-05 22:22:46,2017-12-21 16:17:16,2017-12-28,a10ffe9b02bf8f42943187b0172a3d4b,2017-12-04
3f2b4c236891942b9cb9f73c490a47b8,ed27c886ecb4713fb8f8508a2e9560df,delivered,2018-06-17 14:13:51,2018-06-17 14:32:10,2018-06-19 14:26:00,2018-06-25 19:21:43,2018-07-12,19c536531db4a7685fae8423edfc72c2,2018-06-17
80c74a42dcbd6a54b9a563012dc17eca,9520f40d0e4b30669951a7cbc35b5b16,delivered,2018-08-06 10:28:39,2018-08-06 10:44:36,2018-08-09 16:22:00,2018-08-15 19:58:40,2018-08-30,a9f3a13c8e8317bc06a9899438471701,2018-08-06
6b34bb840d9211dc1a1f94e049a79de4,c43ef016bf2cafe5db5e670dee714ccd,shipped,2018-03-04 11:52:08,2018-03-05 11:56:09,2018-03-06 20:22:27,,2018-03-27,818048bd4969b726179cf5ab040f9245,2018-03-04
0d2c1a413f6aa3a36b8bb940b028f930,2c5f389b555d4b71b509d8696f18b86f,unavailable,2017-11-23 11:14:30,2017-11-28 12:14:33,,,2017-12-14,3ca48325f730fe5c46d32ac8dbe7c7c5,2017-11-23
c934cfe574e2fa46180d1c2166a43beb,e85024e93f9187f32e5e15d902a52021,delivered,2017-11-25 19:27:48,2017-11-25 19:36:27,2017-11-27 20:23:53,2017-12-06 11:37:38,2017-12-18,e63b559d02110ec5aed3e7296c8fdcb8,2017-11-25
863a4a0cdd7648886a2e6a5c69df2c64,e4f89f57953265051032e08c8ac9395d,delivered,2018-06-18 21:01:28,2018-06-18 21:17:58,2018-06-19 14:30:00,2018-06-20 18:32:07,2018-06-28,8697eaa3521eb8cf750b40cdd12e6ce1,2018-06-18
ee3322ff7174b7401b95b18fb8ea1e6c,1856438e1615630ccc65ed9a11394213,delivered,2017-05-12 19:17:43,2017-05-12 19:30:09,2017-05-18 14:23:28,2017-06-13 15:54:40,2017-06-16,3ab195a29a2b0e131d57df59024d6d50,2017-05-12
3e9638823ecdbfaab776fd985c88ec3d,4d4542d32f3637ffee13ca9ccb63d9de,delivered,2018-03-16 01:47:19,2018-03-16 04:10:18,2018-03-17 16:28:34,2018-04-17 15:09:48,2018-04-12,92f39d90e5d38bfbdd8dd4f7bd3bf49b,2018-03-16
e13d1b8079da63aa71fa8ad68b3c3586,5ee4cc1b4dedc9348f723426dc534c3f,delivered,2017-06-01 10:40:20,2017-06-01 10:55:12,2017-06-02 11:43:42,2017-06-08 12:37:49,2017-06-29,0d9532b1b41cbde24cff07c7b76a89e5,2017-06-01
f64d7b26f80457f4d5de8ab2c5e6ecf5,6ee467083c67bd735ff07cb1a5b4ca02,delivered,2017-05-21 18:55:49,2017-05-21 19:05:09,2017-05-22 14:43:27,2017-05-26 14:22:27,2017-06-13,e332a76173be0bba3419d75a561260b2,2017-05-21
2e6410e400b80d9d36756c4c9b0c141d,5bc16862dccd76cf19843a5da0222695,delivered,2017-08-19 16:06:01,2017-08-19 16:25:29,2017-08-21 17:58:11,2017-08-23 21:20:03,2017-09-14,1e8a66e459a8c05f70b6f1ae92d15658,2017-08-19
fea86937707c29983d56d5ae7511a417,21e75066ac5c6d2f1e4c16e6a01da500,delivered,2017-06-23 23:33:03,2017-06-23 23:45:17,2017-06-27 15:44:38,2017-07-03 15:47:56,2017-07-17,08aaa460d54b5eabcb6e8189140b97ad,2017-06-23
011667ae100a333a3051c9a23e3f0283,84e32c18718319d7e8f2d11f897d1afa,delivered,2017-11-29 10:42:47,2017-12-01 12:31:39,2017-12-04 20:46:18,2017-12-07 23:22:39,2017-12-20,1c721d062a04d51d8d3887dca3571cf4,2017-11-29
944f618b790d6d01c2c78750fc0f700a,5f6478ee9ad1339b32bfa4f5fe674ea8,delivered,2017-01-17 15:01:33,2017-01-17 15:15:14,2017-01-24 15:10:48,2017-02-02 15:47:34,2017-02-27,39e4c9fa276aaa9b6af1fcd80901351c,2017-01-17
e7edc87c7e9b1ae5ef04110fba7debf1,8610df3f298a416963e7a02438d11e61,delivered,2018-04-20 12:34:10,2018-04-24 19:05:57,2018-04-25 11:43:00,2018-05-03 18:42:24,2018-05-24,c4063084f01f085897c04bcbd81fcb69,2018-04-20
46598fe507ad05a579c6109096a93e33,ecb068ed465cedf47f532f93ec9687ca,delivered,2018-05-17 22:19:57,2018-05-18 22:58:08,2018-05-22 06:39:00,2018-06-08 20:34:31,2018-06-18,1bbadaadd0914e2ef6bcb4098f56e7eb,2018-05-17
53a0b865b63b4a2b64f8f46b31cdf3ed,8b19bece4c92821ce2ee66e4258d8d92,delivered,2017-04-24 21:04:17,2017-04-24 21:15:13,2017-04-25 11:34:55,2017-05-02 13:19:05,2017-05-15,615104bd35f023176bca72b1741902cb,2017-04-24
1cc13cb7d2099f1e6d86b81bb6d15446,ff30b76fc9c812f006ee87f55fba0e93,delivered,2018-01-12 10:50:09,2018-01-12 10:59:20,2018-01-12 23:51:55,2018-01-17 19:51:17,2018-02-02,41298a23ace4d95a8a1ec4681b592386,2018-01-12
3d7d0dcc28a6dfb5464b9b43e751e45f,6cf9369731b3d671fa5e5cb0d6d58f72,delivered,2017-08-09 21:42:31,2017-08-10 21:44:11,2017-08-11 20:48:08,2017-08-15 21:44:49,2017-08-22,ef0a9d38c164e49b37dd40fdecd851f3,2017-08-09
3b73af98e156e78b9589279586399d8e,e097be8f16e8fc40185349962ed5e48c,delivered,2017-08-01 11:20:14,2017-08-01 11:35:08,2017-08-02 15:13:21,2017-08-05 13:26:00,2017-08-22,6c1d2c4d39f36f6c1bbed3d98fa343de,2017-08-01
228ea43b4cb2de5ddf965b65f05379ea,4a88b54393c2c3945ebe53fec0e3d927,delivered,2017-09-28 21:49:53,2017-09-28 22:05:38,2017-09-29 14:04:23,2017-10-04 23:25:21,2017-10-20,2b57bfbe1b4ee2b95c12023bd0a26012,2017-09-28
ea7895cb0e61c16f3121758d67031529,4f2543864db97ed20729a2bade1a87bf,delivered,2018-06-30 20:07:53,2018-06-30 20:30:02,2018-07-02 12:23:00,2018-07-12 20:12:09,2018-07-20,12e71522edbdcfa7f56cb479a03b586a,2018-06-30
183cbdf2ffcf5c0bab28e429185cb05c,2bf271ce271719f9d0ecb495d8748c04,delivered,2018-01-19 16:06:33,2018-01-19 16:18:49,2018-01-24 23:43:09,2018-02-02 19:39:55,2018-02-22,7eafc3aaa0874ca247b3a0994ad408c4,2018-01-19
8adf9a2797120df1f8a03e9407313a9d,5bbf1bdde9a3471cb400f69fb9c76a29,delivered,2018-08-10 17:57:26,2018-08-10 18:05:25,2018-08-17 13:29:00,2018-08-23 18:58:37,2018-08-28,030d75f71f5db22bf54db16fc57bae5e,2018-08-10
0f9751081b734220a998be212c391523,28a204eb0f0f081ece6295f4ce42a1cf,delivered,2017-09-27 13:54:38,2017-09-27 14:07:13,2017-10-04 12:52:54,2017-10-11 20:45:52,2017-11-07,d2787622df9fd933c164f7cf696a4e2a,2017-09-27
f4aeb1d543f3ef66d96e67c8589e03c4,4f14078a26034faf21f8085cec94d91e,delivered,2018-03-20 10:22:22,2018-03-20 10:30:43,2018-03-23 01:55:32,2018-04-12 14:28:38,2018-04-10,da2eaa42e2550b4f9596e361c4cb636a,2018-03-20
23c8185c60bb06f217a2437ffc73e45f,e3a4077cf3ad106c942f8a682505eb97,delivered,2018-07-01 15:33:02,2018-07-05 16:09:05,2018-07-05 14:50:00,2018-07-06 17:38:41,2018-07-18,9b4c6cb924b45c34dde758395763d66b,2018-07-01
43050a51a257b17d51295e07650cb654,46eedac9adabcbc4e00c33f104651b31,delivered,2018-08-16 00:10:18,2018-08-17 04:09:47,2018-08-17 15:02:00,2018-08-22 15:52:34,2018-08-27,43fe8326b27663855afa3b0c49acee63,2018-08-16
4edf2392a7d2397850d5c53a1df11921,fa2696d264a2306aad3312640b68f088,delivered,2018-07-18 15:19:01,2018-07-18 15:30:20,2018-07-23 13:18:00,2018-07-30 21:12:20,2018-08-06,4df34699c33c9c99fc0ec9196fffaf29,2018-07-18
f325b35e41a32e923f723a5689176149,7ec42757f1c506527b55a219ce8069c7,delivered,2017-11-09 13:41:02,2017-11-10 02:55:52,2017-11-14 22:17:09,2017-11-30 18:44:25,2017-12-05,0b07e29600ede6dbcd69d91fc2017678,2017-11-09
f0da489592c62097d0034f139386cb32,9d4ba8752b5b737f45da0544b669552a,delivered,2017-04-05 16:12:50,2017-04-06 16:30:21,2017-04-13 14:36:20,2017-05-02 18:49:43,2017-05-11,ae04948ad7210ea76801b331080e0b3a,2017-04-05
ad3c2d0868f09cf3bfcf3c5277cb8c95,cb26ed4a22f051e22f744d6381951357,delivered,2017-05-28 11:40:24,2017-05-28 11:55:07,2017-05-29 11:08:40,2017-06-08 13:35:30,2017-06-23,945448926041de7239b918ca3b24f0e7,2017-05-28
00061f2a7bc09da83e415a52dc8a4af1,c6fc061d86fab1e2b2eac259bac71a49,delivered,2018-03-24 22:16:10,2018-03-24 22:28:09,2018-03-27 05:26:55,2018-03-29 00:04:19,2018-04-09,107e6259485efac66428a56f10801f4f,2018-03-24
a486dfd6ae353f3b1b11f8670c57f60d,3957e7df30a6c6bf14d43a6682f1dcbd,delivered,2017-10-08 16:24:20,2017-10-08 16:35:21,2017-10-09 20:56:09,2017-10-13 18:45:58,2017-10-25,ade9577379792c788836cf25d44f257c,2017-10-08
b00bb5cc3213f8b0ea13efd866f4e020,43bfce0b562774544578f877196a67c3,delivered,2018-04-27 19:25:16,2018-05-01 05:32:27,2018-05-02 15:58:00,2018-05-07 09:58:55,2018-05-18,e06eade4310d13d03696a15dffec0361,2018-04-27
efb6786e7cae312c673bb5ac3a677ca0,629e2d63ea37ebc6f703b86043d21e6f,delivered,2017-11-24 21:56:36,2017-11-28 03:38:36,2017-11-30 15:02:40,2017-12-12 19:22:56,2017-12-14,a3a346a0256b191d6dd6e33e467d4fae,2017-11-24
034733b9cacb3d55bce1e49c422ae3e7,715a6dcab7854c0e90e76c99e19402ae,delivered,2017-03-19 12:41:44,2017-03-19 12:41:44,2017-03-28 08:22:43,2017-03-31 09:27:39,2017-04-13,2ab7fad20e1c4c7747dfc91137b862cf,2017-03-19
a4e16b2bbdbf7c2243d008dc4b9e46bf,18f7594049cb0b4de38635d069607966,delivered,2018-04-11 20:31:59,2018-04-11 20:50:51,2018-04-12 19:42:47,2018-04-13 19:48:41,2018-04-24,9b8180cd4fe75a8acd576d0408ff8bf4,2018-04-11
f19b9413f2deb98fbb76c8f57ca52a95,89f8ae16624249b47abccb7729c5d287,delivered,2017-07-30 16:32:41,2017-07-30 16:45:12,2017-07-31 22:17:53,2017-08-03 20:27:28,2017-09-01,76eca5ae5af7fc520e164899105e9eb0,2017-07-30
166848a10d57ced4d9e4b34c593b5627,ff1b3169e72d6d5f7ec72eb1d232e2ce,delivered,2017-10-06 10:22:39,2017-10-07 10:35:12,2017-10-20 14:43:48,2017-10-25 18:37:37,2017-10-31,26ad70987fa3435c6279b8c3a5f4980c,2017-10-06
d7b1b205f635a07e904e5c4069b6859d,e1e157f3dbfc5df809751ed8f7fbfd5a,delivered,2018-04-24 15:51:09,2018-04-24 18:59:35,2018-04-25 15:02:00,2018-04-30 23:38:30,2018-05-09,9b8180cd4fe75a8acd576d0408ff8bf4,2018-04-24
62721ddb070ffb1e00edd35d85a2f616,0495c862254261efd27f91c74ce7361b,delivered,2018-01-07 18:31:16,2018-01-07 18:39:21,2018-01-09 00:57:29,2018-01-09 19:53:23,2018-02-05,36960608076d6103c6f3a513b5123884,2018-01-07
f4366d9980e6fb925d2ed9a63d8a6e2c,396a7bd5d07dd9a55593b1eef5eb4fea,canceled,2017-03-10 13:52:02,2017-03-10 13:52:02,,,2017-03-31,82067c84e497a8991cb54b0be0a392e4,2017-03-10
6cd9dc64e9570c2a9555406d8148ec0a,03e309adaa7741b79f72be256ae1c3c8,delivered,2017-08-31 12:52:45,2017-08-31 13:05:41,2017-09-05 17:39:01,2017-09-08 16:17:50,2017-09-13,19fc84ee7b31c32b5a32d81b5f1808be,2017-08-31
6f275c944d1814eca6bfbb2bcfa3b0ea,219f6aa1ddc83ec7dbf2498e664129c1,delivered,2017-01-17 09:15:35,2017-01-19 02:17:31,2017-01-19 09:46:30,2017-01-24 14:31:56,2017-03-01,92dd9c8abb3cfdd902e9528cab9cc3cf,2017-01-17
8cac878a789b20ccf75238a5429195dc,d5fb71112470ab15d46a457c3351454e,delivered,2018-03-23 10:56:08,2018-03-23 11:05:33,2018-03-26 18:12:08,2018-04-07 01:06:47,2018-04-26,f484bc3a7e26658d421563bd1c4b6a14,2018-03-23
ed273cdf7e2668c17d6cb199ad52d7c4,36701610f09fb06017249cd487f2ee5b,delivered,2018-07-10 11:36:10,2018-07-12 04:06:10,2018-07-12 12:15:00,2018-07-20 15:46:36,2018-08-03,aebdb8f05f5ebf99f858c1a75fb7035a,2018-07-10
90e5ad6118ea4ea07eb9de3aa9c698d2,8a9a1deb4c40a5a158bbb0db08c821d0,delivered,2017-09-27 06:56:34,2017-09-27 07:07:13,2017-09-28 15:39:01,2017-10-11 17:38:52,2017-10-19,cbeccbbd36ddd0bcdc38ed78bdf4df13,2017-09-27
de555a095d66fc6e7b5a1131b4e0c31b,feb68cc4cc9d76494bb535cbc4fa0d08,delivered,2017-10-19 17:15:45,2017-10-19 17:28:35,2017-10-23 22:41:43,2017-11-03 19:07:29,2017-11-22,f37bd405972a0229ec900f3743f5bca6,2017-10-19
288ed410bf6e7ce609f9d3147fc21ef2,cd0e8801fd897edcf7c6c0841edbc2e2,delivered,2017-11-14 21:52:07,2017-11-14 22:06:42,2017-11-17 23:55:27,2017-11-27 22:53:34,2017-12-11,183fc2e91b8d23c3b695906d654d3abc,2017-11-14
808b7fff91e537a5df90717957ee5bb1,38806f42b8696dc0e24a8fd5bf9885ba,delivered,2018-06-05 19:00:39,2018-06-05 19:54:42,2018-06-06 14:11:00,2018-06-08 17:36:49,2018-07-19,7e14aadc62265635e984db6740558a9e,2018-06-05
ee343d7247239b219a20b4cb63cee65d,8d6aa832414bbe235edb680ed82d72dd,delivered,2018-07-21 09:46:36,2018-07-21 10:05:15,2018-07-23 12:26:00,2018-08-01 21:53:04,2018-08-08,bec4565233c872dc005b32e9616669d1,2018-07-21
fd4daf37347bcf328ee7c5f160e9c7d0,b930ac822ab2d45dd1007cdc8e3388f8,delivered,2018-01-09 19:10:55,2018-01-10 10:32:03,2018-01-10 20:48:45,2018-01-11 16:04:28,2018-01-30,1a4568686673b981ddc5d6b74c616aaa,2018-01-09
fdf262b020267b9e928c136d05e4dca8,da9c83d94321bbd07861ab46ba121cfc,delivered,2017-10-25 16:54:12,2017-10-25 17:35:39,2017-10-26 14:17:32,2017-10-31 18:08:06,2017-11-17,7744dd5bd5f8e398878b4cf2aacd5f75,2017-10-25
87e0d0f94adbd22ba23b476c9b071bd0,bac566e412831d4ae66fd4fdf6843014,delivered,2018-05-08 08:50:38,2018-05-10 03:36:43,2018-05-17 17:00:00,2018-06-11 14:51:16,2018-06-11,87e43907cc6fc5aef92da72c71225813,2018-05-08
b523ce1995c46d7ad970da56cbf867e1,8100eea287c70641a7af75e848cae7a6,delivered,2018-07-20 09:26:27,2018-07-20 09:43:42,2018-07-27 10:33:00,2018-08-06 18:48:52,2018-08-20,9864e405ffd4792b33e48e3976a6a2f9,2018-07-20
8ca4b77b042042e7388a0df85b37ebeb,0eed1698388ba8c1fe0efa37ba6f269d,delivered,2018-05-13 20:53:23,2018-05-13 21:12:49,2018-05-14 14:58:00,2018-05-15 20:03:36,2018-05-23,e145a017a309c275c23443e1240c7547,2018-05-13
890c646ac2f95965fe8b02b81cfcdc5b,f8f826b1eb7cf181af923e9329849aa5,delivered,2018-08-04 12:49:52,2018-08-04 13:04:10,2018-08-06 16:55:00,2018-08-07 19:56:38,2018-08-09,f4ce8d9deb6f54490b66f1013e9be01e,2018-08-04
d2421ba8e68d2ecb6f32d08202ba292e,11c1d39751742fcd7e92255db994dfb5,delivered,2018-05-28 16:34:55,2018-05-30 02:32:07,2018-06-12 12:46:00,2018-06-18 19:38:41,2018-07-16,8007d5734703f05653954f93215c5fc7,2018-05-28
1a48f3d99685123b98d34bcb7337810f,fdc9dd7a957b7ea7022556b849b4a057,delivered,2018-08-10 16:52:37,2018-08-10 17:05:23,2018-08-13 17:57:00,2018-08-16 15:58:50,2018-08-20,d8870510ff9a80e33b040a7f7052c289,2018-08-10
abb4cbba2c83f7cabc85e45374a23ad4,75891b0625d2cb397891c4497d7dfffa,delivered,2017-11-25 00:23:46,2017-11-27 00:19:43,2017-12-28 20:26:42,2018-01-10 17:18:43,2017-12-21,16b64b40a1fed81b2e9cd0e9b58bb2ee,2017-11-25
e9e50d9850f15582d9f237afa91748c7,93d7e3ca0c3574c1be5ae0e3a73af87d,delivered,2018-04-03 20:53:13,2018-04-03 21:11:20,2018-04-04 19:48:21,2018-04-06 19:27:23,2018-04-13,6ca7793a5275a4452c27d918e2f04e63,2018-04-03
3b977a4dfdf8060df6040bd0502825aa,609341769d0c31f670f92c1479fdf149,delivered,2018-03-11 19:49:47,2018-03-11 20:27:55,2018-03-12 22:18:57,2018-03-17 17:08:38,2018-03-22,d42e8b441f1303eead9538a47cfac340,2018-03-11
b2aadb128e84058f8ff560dbe7466c1c,430cd3039a62d75b60289fae0c1ba8ad,delivered,2018-03-09 09:00:11,2018-03-10 03:51:13,2018-03-13 13:03:13,2018-03-15 15:23:41,2018-03-21,614423b293d86daa567ee11742ee21b9,2018-03-09
a37057df33d7a542cf514f9cbe7a311d,ed64dbf702aba15d83a4a85d370780a5,delivered,2018-04-25 08:32:52,2018-04-25 08:52:11,2018-04-26 14:48:00,2018-05-03 22:26:56,2018-05-22,4ffaf81cd07b185497342886d9f0ec2e,2018-04-25
b2377b1954ac905f64a3797f58fc36d9,f73fe7f38373c066da9781eb5edd029b,delivered,2018-06-05 13:29:55,2018-06-06 02:54:10,2018-06-06 14:07:00,2018-06-12 23:44:43,2018-07-16,4e879fd59d57eacbbf05e06cc7e96eba,2018-06-05
6c5ded71cfa7471ced232b2cee03ff8c,06952d070fb51b681082a5aa0270ec67,delivered,2017-12-12 20:11:48,2017-12-12 20:31:38,2017-12-13 22:38:34,2017-12-14 13:19:22,2017-12-29,c15f6a859b131c2dcda4c920bbbbe572,2017-12-12
7b20199069d3b0d759ee39520cf5aed2,2dfa899c2cef91ca57781435d68471dc,delivered,2017-12-26 17:50:20,2017-12-27 15:59:33,2018-01-03 20:28:27,2018-01-09 23:28:55,2018-01-22,6a96bbc40a465ba56317b6ce65c3beb2,2017-12-26
70669aed7ddba4c10b2243a0634069f5,56a07304681f6f1dd79921f75cfd56c4,delivered,2018-08-18 21:18:15,2018-08-18 21:30:11,2018-08-24 14:04:00,2018-08-28 15:44:35,2018-09-03,903f67be9cd4337595d56086b022c117,2018-08-18
4b06d0583c7ba03f377c15729a3c69dc,f778ce20d1508a9905cb8ee5ffd45466,delivered,2017-12-14 16:51:45,2017-12-14 17:13:00,2017-12-15 20:56:09,2017-12-18 17:03:22,2018-01-03,35c0b67a844961863a56479f183c1863,2017-12-14
3e1f23a0732ed12cf355a855e7b84a58,d4de1ad5479c82fbc8565952d6af9c91,delivered,2017-11-09 10:46:39,2017-11-10 03:27:26,2017-11-10 20:12:54,2017-11-17 20:42:44,2017-11-30,27f88ecdda08ca7521374e9644642bba,2017-11-09
41b713bac0dc58e643d2ced072421980,84c3554e20fe4d8847678c462fc71329,delivered,2018-02-25 14:18:17,2018-02-25 14:30:29,2018-02-27 16:22:26,2018-03-20 00:03:44,2018-03-26,71b873eededd786d027896414aee453e,2018-02-25
5411157481132a0783dbf080096a4c96,965d1f24bce3dd938f7e63fbf7e0a0b6,delivered,2017-11-26 23:20:43,2017-11-28 03:20:16,2017-12-15 18:26:46,2017-12-27 19:16:56,2017-12-19,5275b2f97b9c995d3d05a58610c0bb67,2017-11-26
101a1fdfd16c29a1608a58883902ec1d,17ae35ec1439920979daeef055eeba28,delivered,2018-01-06 11:17:02,2018-01-06 11:27:29,2018-01-10 17:55:21,2018-02-05 20:57:09,2018-02-16,b03943b3c9e75938447f8b6f22a2e7cc,2018-01-06
d0b7e763d0e6a967ce3eab75dd63f912,d9e375a1ae0da84174d1e73dd7ecb4de,delivered,2018-06-25 12:26:18,2018-06-25 12:54:04,2018-06-26 13:23:00,2018-06-29 22:14:29,2018-07-05,b434a4f306b4eb09c0d57b76f0c4684d,2018-06-25
3a18acaa3bee904f8de00e2dad0f6878,e83cb1c13ad8bcd8c98e95eff75333c5,delivered,2017-07-11 14:53:15,2017-07-11 15:05:14,2017-07-12 18:29:33,2017-07-31 18:42:07,2017-08-02,ee70353204e52bfab0f65b8377d5e600,2017-07-11
1b4255d9c878894e1d30af0d984c9c7f,7caae07d3441f77333b6e47ce323d251,delivered,2018-02-23 09:47:10,2018-02-23 09:55:41,2018-02-27 04:32:13,2018-03-12 18:58:35,2018-04-03,b2c72d9d87482e5f6ba18d5a8c68a93d,2018-02-23
180111fe748ab1e9a6bd88e0cf809f32,8c030444765efa2c264101a42c956abd,delivered,2018-06-16 08:10:13,2018-06-19 04:17:07,2018-06-20 14:24:00,2018-06-27 14:08:35,2018-07-12,14aa34d068169973f8b44924de32652b,2018-06-16
52b72b336dbd155b3d75bb3fcc799ac3,d1eae5d8fb3c1a1472eda31a5f9ff3f0,delivered,2017-07-24 23:29:44,2017-07-25 00:43:01,2017-07-26 03:14:33,2017-07-26 18:23:33,2017-08-04,9b79aec89c7df00d67d7a0ec8a9bbb7e,2017-07-24
8c852623da2a9eea1c1aab41baa78a43,4dc57c527dcf4f7c8686e86529423d6c,delivered,2018-05-21 12:28:26,2018-05-21 15:34:26,2018-05-22 12:44:00,2018-06-06 14:27:48,2018-06-11,357ed3365a5e866b7753ebf97501c5ed,2018-05-21
745820b54841cf6d8bede07c1be6622d,7094418d3ab9adbb383e8b760756ba1d,delivered,2017-12-14 18:23:32,2017-12-14 18:32:22,2017-12-18 17:37:15,2017-12-27 21:03:09,2018-01-09,d76fa27c8cd3c4cd349519a65b6d5c3f,2017-12-14
7cb9333ee31df6158fd43d9649a4041a,a459f902141f98c12fa1a34d1d632cdd,delivered,2018-01-18 21:06:43,2018-01-20 09:09:31,2018-01-23 12:17:32,2018-01-25 14:38:36,2018-02-02,82772f20e2c065c6443ed5e09a8e7ace,2018-01-18
0ca9a58f008bf2603e4b02b0813996e3,ca1306e256541ca5b97110546d36f93d,delivered,2018-04-04 11:45:40,2018-04-04 12:11:42,2018-04-09 23:28:54,2018-04-13 19:05:13,2018-04-19,4d3c398c8210527acc688b0ed3aa4c53,2018-04-04
378a499627b8ffb6fe276c42c57a44a2,84f15ee8e1e136f0285a56df9f873718,delivered,2017-08-09 22:45:59,2017-08-09 22:55:11,2017-08-15 13:07:55,2017-08-28 18:31:40,2017-09-08,5b17600861ad996f3f508c7b707b10d1,2017-08-09
ac4c31fcb560d160001849fc155285c3,dd11273e6cc22bcc6eb8258d902cb5bd,delivered,2018-01-16 18:22:12,2018-01-16 18:31:35,2018-01-18 22:51:54,2018-01-26 21:07:33,2018-02-14,eb381bc770bf60e048765e457d4b792b,2018-01-16
b3f8f9990d57ac78665ba9cdd480a633,c7613960b30279da6c6287bb336cce9b,delivered,2018-04-04 09:32:29,2018-04-04 09:50:11,2018-04-05 16:21:24,2018-04-18 22:05:30,2018-04-20,f37adfbe44f777acfc64472664dfcbc7,2018-04-04
289a45b09606de7a3d7003baa2b650d0,e012356cb110daaecd8c1a2bb66d27f6,delivered,2017-10-10 20:54:55,2017-10-11 21:06:17,2017-10-13 20:38:04,2017-10-18 16:59:10,2017-10-31,f64f5e0a84f83461a94633f89a0dc10e,2017-10-10
6a978028a892efba783a6f3be848c512,d8c4f44803e6a10deb628cc91e68b327,delivered,2018-02-07 18:23:09,2018-02-07 18:30:25,2018-02-08 22:51:33,2018-02-14 20:16:39,2018-03-09,efb164704e9f4fc3867f6f59f5f6dbd6,2018-02-07
6364b5200369c2149b7eed0654d2fb2d,f52c2f2418c113df3461029833291f0f,delivered,2018-02-13 14:39:28,2018-02-13 15:07:46,2018-02-15 13:38:47,2018-02-25 18:29:11,2018-03-14,dea9e8dc1febf4ef2a226af4a533b499,2018-02-13
0292fb46a5e22715459cb9a7b96e7aae,af922db8b1f8ca65d972706774fe6f1a,delivered,2018-04-18 21:43:22,2018-04-19 02:51:24,2018-04-20 13:57:55,2018-04-23 20:02:47,2018-05-04,f36011def8af6cc9a2ee59eeebb2eb00,2018-04-18
77b8e495f75bbdf52e3a29bc46188eef,470eae0a78a5e9efdbc04378b1c64fea,unavailable,2017-10-12 17:32:55,2017-10-14 03:46:44,,,2017-11-03,188816aec2d3b009c52e332f96a421d9,2017-10-12
0cbc979bd11d1ef1cc7c050a0442c715,926706c05a2213d48d83de6615700d8a,delivered,2017-08-06 22:03:45,2017-08-06 23:03:12,2017-08-07 18:31:53,2017-09-19 14:27:37,2017-09-04,50bea7168a8493efd89819c4847799d0,2017-08-06
94d865ff58ce43bdb66ba4bb0fcebf12,d9706fd1a7a6464dfec945b5bd3d40fb,delivered,2018-02-14 21:00:14,2018-02-15 19:26:09,2018-02-16 17:34:18,2018-02-24 15:18:38,2018-03-12,cbe11b57d6e8ce153f5297cb5c9ddb08,2018-02-14
ff8badd36cb2b5635a007309d3963a88,01ab41094bdf6a489a201d86c7578f3f,delivered,2018-03-18 21:22:04,2018-03-18 21:35:34,2018-03-20 18:13:35,2018-03-31 13:03:35,2018-04-13,790ed9aeafa0852151e9bf544cceb8f3,2018-03-18
3f6f765394f0d4babeaadf8e125418fd,f90980c2b1c84d921b6388815445aa3a,delivered,2017-06-02 18:37:17,2017-06-02 18:45:18,2017-06-06 14:52:33,2017-06-12 12:25:36,2017-06-27,56f03632a134236e519a52e8c88ce75d,2017-06-02
589aa9dfe350a2ca1ac9e8d38d4f7937,42f7e5300e022aa6ccea1815732b1134,delivered,2018-01-14 11:38:15,2018-01-16 03:38:40,2018-01-17 19:49:21,2018-01-19 21:56:57,2018-01-30,c113697c013a07aaa9e1e2ad17104f1a,2018-01-14
3a3aed58b078ba2d2105cd76ce7a76d7,4df922283e840682df69a70aed95807d,canceled,2017-05-25 16:12:51,,,,2017-06-16,043aee247e71edff7045664609f4d806,2017-05-25
07bec24c128f1f4047bfc582732c1d9d,449809b16f1bbf5498551b734555950a,delivered,2017-12-11 08:40:19,2017-12-11 08:50:29,2017-12-11 18:05:33,2017-12-13 20:48:52,2017-12-28,592c7258a277ceae66e32188e8ef0d79,2017-12-11
a0e2544c7da875c21ffe5c1f59a0fc0e,97fc391dfdf0d9fa1128013b95049cc0,shipped,2018-01-12 20:39:18,2018-01-12 20:51:23,2018-01-16 00:15:13,,2018-02-05,152682883da7483c8abfba23f6f51c1c,2018-01-12
5b0e38e46ebfad6aea8bd8a7aa5b43ff,a5e011a884e83dca11723f1a59856614,delivered,2017-09-18 17:25:45,2017-09-18 17:35:17,2017-09-21 18:51:39,2017-09-26 19:10:18,2017-10-09,a3307d8728b2e2f233258eeb81b0a306,2017-09-18
18868acb1d9411827ee09a01ced20833,65544087c25093e9258bcbb9fe58310c,delivered,2018-01-22 20:31:34,2018-01-22 20:58:00,2018-01-24 19:35:12,2018-02-01 00:12:55,2018-02-15,10e17c3ae093179bfd1c131eb20d80b9,2018-01-22
f4d3885e12fd29bbafcfd279895c05c0,016c933a6a74ad49e6e1858462a7ae4d,delivered,2018-04-14 19:36:30,2018-04-15 19:31:20,2018-04-16 22:21:07,2018-04-19 22:48:40,2018-05-15,c0e225d0df8cb735da2039aa8a6f4cd5,2018-04-14
9c48af0db9cf0d3d5fde3bbf1b9381c7,ea0517e9e355467e3685a3551de2b8cd,delivered,2018-01-08 12:27:38,2018-01-11 12:31:45,2018-01-12 20:19:29,2018-01-18 21:19:48,2018-02-08,d599bc16f32f975f769c917453375bda,2018-01-08
dc30c49cdd7a0bbf562cd24386ea1a5f,c64ad317815a22929a63ffeaf92dfc1e,delivered,2017-09-15 10:34:54,2017-09-15 10:50:18,2017-09-15 19:03:38,2017-09-18 21:33:42,2017-10-03,a4f5d1cac58182ce1e57621d84b9e000,2017-09-15
e6672c091e9d18df1e70a72b3edcf422,56e1af6ec8f1582c79dc055d5e079d90,delivered,2017-08-12 00:33:41,2017-08-12 00:45:14,2017-08-15 16:12:30,2017-08-23 21:28:55,2017-09-08,a00f8eb24c4e6c8282c20fcf9b260bc2,2017-08-12
cb38a96792763020d1c6a3f5e3073026,e09b9512729d319c7e9ec653dfcbd076,delivered,2018-08-03 20:23:30,2018-08-04 04:15:41,2018-08-06 10:58:00,2018-08-07 18:56:50,2018-08-13,45d76157b9fac347a91c6e0545110587,2018-08-03
b99a2af18c8b691f20039d4696badee2,8c2bf1aa8932091d574f745e730bccb2,delivered,2017-07-24 06:25:07,2017-07-24 06:35:09,2017-08-01 19:32:44,2017-08-08 18:23:07,2017-08-17,d34a4558b69784031d3b3bcc44f840af,2017-07-24
525c285a91c110c79dd3f16029fef7f6,d4e1510cc8be38ff880260adbbc2c002,delivered,2018-01-17 17:12:15,2018-01-18 10:56:12,2018-01-20 01:38:47,2018-02-02 17:47:11,2018-02-07,a1becd13fb2a239be0a3dec3afb08b33,2018-01-17
d48ecf850e3d3c67a047a82b3243847e,7b98bc96af5ead5d853ffbec70f51b52,delivered,2017-06-14 15:32:03,2017-06-14 15:45:14,2017-06-19 19:41:48,2017-07-03 15:52:06,2017-07-07,6156758e0c1739568ad1b2161ecede1c,2017-06-14
5ca436931d761c22f7015e6ef5fc33a4,0f79a968c60ccce9ff6d4344cea8de38,delivered,2017-05-02 08:29:02,2017-05-02 08:42:17,2017-05-02 15:55:29,2017-05-10 09:32:27,2017-05-23,8e0777c452544f6eef3f28a66ce0ab72,2017-05-02
403d9938537f6a0538d6860e3e7bc7fa,75fdea7e28a52a5290eed66acfd60e07,shipped,2018-02-11 20:49:10,2018-02-16 07:55:32,2018-02-21 21:13:31,,2018-03-05,158b13232925f51fed4036c51f4dfcab,2018-02-11
a4569e83b396f45f5bad001bce729da0,c9c09e59a1ee564817c859175707a123,delivered,2017-10-23 16:29:44,2017-10-24 16:42:49,2017-10-26 18:14:14,2017-11-08 15:02:34,2017-11-09,5b59bcd0e2d08bdf0da7566cc0636d57,2017-10-23
7e7a64032ec6e6d07ad648bcd4a2c22c,c2be581f7df5d377ec3f21a40cb4f85f,delivered,2018-05-01 19:19:04,2018-05-01 19:33:48,2018-05-02 11:06:00,2018-05-18 19:03:58,2018-05-30,dd8181737620a49788d680950334ac03,2018-05-01
38dea96735b5f6e74378a68f84099233,8b23430bf8df60f04bbed8294460d612,delivered,2017-12-07 21:58:10,2017-12-08 02:54:06,2017-12-08 19:27:09,2017-12-10 14:39:44,2017-12-26,1249878efeb4064cf3f72d3bfaf18e97,2017-12-07
181ba9a81073ea2d653d9a7338f4cf98,c6dcb798b5f3502dbd1efbfd35bd7197,delivered,2018-05-07 11:32:21,2018-05-07 18:09:43,2018-05-08 15:35:00,2018-05-14 14:31:21,2018-06-07,4f37f28526c2b7574b3d267adbfc8555,2018-05-07
1d25367a9fef6c8938bc5e747e3a73b9,7530e096e6bc33f54efe4be8d020db85,delivered,2017-12-19 13:18:04,2017-12-20 06:53:40,2017-12-22 00:09:36,2017-12-23 16:39:18,2018-01-08,46ed7e02073e431706195e358a1d1d93,2017-12-19
0a492dfba0efff86d173382ee6c65a1a,73c9d97f890b683d4d6b69781918dd9c,delivered,2018-02-17 19:09:21,2018-02-20 07:27:38,2018-02-21 15:47:01,2018-03-05 18:46:41,2018-03-19,0d7ec9878ebe4e77c961f11487598826,2018-02-17
35138e39f9a22af41b39da5df0cc6790,ed434f6c999779df08cfcba6f30956fd,delivered,2017-11-26 20:33:48,2017-11-26 20:53:20,2017-11-28 16:04:47,2017-12-06 19:51:40,2017-12-20,67baa2e51d395feb0475dcf381dd438c,2017-11-26
5a55092d69cc833177808899f5cc51e6,882d877a5d51c4ba2590d82e86a7af0d,delivered,2018-05-15 19:15:47,2018-05-15 19:36:11,2018-05-16 12:26:00,2018-05-17 16:48:50,2018-05-23,ad17534f112a3517bf0258c37ab922bd,2018-05-15
0b32bf55276b5feb681f6ed6fd670692,d6dd924c65c66ad52e7cf5983c18f800,delivered,2017-06-03 17:53:31,2017-06-03 18:05:12,2017-06-05 13:00:41,2017-10-26 20:47:58,2017-06-27,1f59f1a9f0d35968adf353c1f7a00b86,2017-06-03
f434b139bcee21dfbf05fdb2db58ab44,657c0e8a6043e88070f81c66bc9cb892,delivered,2017-12-05 19:59:25,2017-12-05 20:11:34,2017-12-07 15:29:02,2017-12-13 16:55:47,2018-01-04,aba333f8e0bf34d16b4f758af5a306dc,2017-12-05
50464b5c4c37ca488dd7857dbaff4840,1eb163392449193337cc2c26ef4271cd,delivered,2018-08-05 23:04:52,2018-08-05 23:15:23,2018-08-07 12:25:00,2018-08-15 17:02:11,2018-08-24,99d2a67470a906a6a8e3dd375750bc85,2018-08-05
9c3d7e9c15eacd69760b2e438fd5e3bb,d3f904f26d6037d166bb82b16cf17d99,delivered,2017-08-21 15:52:17,2017-08-21 16:06:01,2017-08-22 18:08:04,2017-08-23 17:11:44,2017-09-15,4f66060e5e139d6bbae10e98dc5d0377,2017-08-21
8e3b131fc06aa9f5c4b32b46d3334688,a6c12de3ec04b0a28808791497852392,delivered,2018-02-03 14:23:54,2018-02-03 14:35:33,2018-02-06 01:04:13,2018-02-06 14:59:05,2018-02-21,57cd06ab5e1452f461555dda1deb3d5c,2018-02-03
6e98de3a85c84ead6689189b825d35b5,f34a6e874087ec1f0e3dab9fdf659c5d,canceled,2018-03-15 10:07:02,2018-03-15 10:29:33,,,2018-04-09,233896de79986082f1f479f1f85281cb,2018-03-15
ab0440479873dd65da01b76ae53ec3c0,266ef8e8154fa4da8479fcfc85ccad8f,delivered,2017-11-25 11:59:13,2017-11-28 03:44:26,2017-11-29 13:18:57,2017-12-07 17:33:47,2017-12-20,a79db9e03312a30d890143cd75563a91,2017-11-25
53ee943d0767c9dc3922938b2550ab26,140ffd2c310ca890581c175512144a8e,canceled,2017-09-10 16:41:44,2017-09-12 07:50:19,,,2017-09-27,7894bf2707c4162024fd6866dda5043b,2017-09-10
260c8e4c9a29e56ae6ee21c449f6834c,f9d9c879d3e01ea40ae591668342f90e,delivered,2017-09-02 18:11:58,2017-09-05 14:04:20,2017-09-11 19:49:59,2017-09-12 21:57:41,2017-09-26,6a369713828335b84e57fa2295a049c3,2017-09-02
9bd8962db91a783af70ff3eb36fbeea8,76e06a72ee5a42936ba3a0fc7a52d962,delivered,2017-06-22 16:06:22,2017-06-24 02:23:05,2017-06-26 09:07:44,2017-07-11 19:27:40,2017-07-14,9e937b6013615a7e0b9e8c0fa594ff79,2017-06-22
80fd1b0b81771253d43532f41d575d39,d981162ce1ef6f63978f2240a8d2b545,canceled,2017-10-29 18:02:37,,,,2017-11-28,9a43035d4b6746ba0ddc13b09b636d31,2017-10-29
680aa2f14fb3e872e9d09bc057a1ac78,c942c48b7bf94f498a87c761ed85d610,delivered,2017-08-08 18:00:17,2017-08-08 19:10:28,2017-08-11 19:45:54,2017-08-24 13:52:31,2017-08-29,80f8e112681378c930acf9fe4a074cd9,2017-08-08
f975710202a96794f2b466c4dbea49e0,c2c4769b2b0b100fd323054e505d1836,delivered,2018-08-15 23:01:42,2018-08-15 23:15:16,2018-08-17 13:52:00,2018-08-27 20:22:03,2018-09-11,008ca52811784a181c8c88e8d66b49db,2018-08-15
e9cd104dfc8837e084c067292c013b0a,c75e4def2f3ec80fc03a535c4f9b37a2,delivered,2017-01-26 21:33:43,2017-01-26 21:45:16,2017-01-28 07:28:57,2017-02-02 13:22:23,2017-03-02,07d3ac0b8a40ad4382c576f69f81fc75,2017-01-26
9d1f7d7ab032ff42d6c6b9491e83c18c,1d71abc211d9e085a279414c8c50883d,delivered,2017-08-30 12:09:29,2017-08-31 04:31:29,2017-08-31 18:27:47,2017-09-15 11:47:59,2017-09-28,a2752efebc2d62ed509c9b4b86f2f9f4,2017-08-30
4753fcd70058320b38a45cc68f6de6c7,2d3a07b7b69973a8118724ddd6495600,delivered,2017-11-29 10:08:46,2017-11-29 10:30:24,2017-12-04 23:09:41,2017-12-08 15:54:45,2017-12-19,3c84bedc36c5c2894b111072c93f0953,2017-11-29
da522dc3ff9f13b252917d4615776979,0ba384556b7e2746b54801301d662352,delivered,2017-02-25 21:15:46,2017-02-25 21:25:13,2017-03-01 15:35:41,2017-03-06 09:55:58,2017-03-24,04bed05e978ff1060d21db616afb7c18,2017-02-25
1161d4dd2b98a1d29aee9a19b48d7cd8,feee0385d0f1a44cf7052d4d328df398,delivered,2018-02-17 15:45:05,2018-02-17 15:55:34,2018-02-19 18:24:38,2018-04-13 22:07:39,2018-03-21,b4897634cc6c7365149af2214b6d40de,2018-02-17
4f69ffc6c1340dd48ea12040fdb00af4,5f5714ee2522aeb19525f81582b66bfe,delivered,2018-01-23 18:24:06,2018-01-23 18:38:45,2018-01-27 19:16:05,2018-03-09 02:12:36,2018-03-02,728e67ed776521a4e1e6814c1f95517c,2018-01-23
f8ff2ca85b5c244343205cf7d85904bc,bee022d12e945e369ab2e171181b6c2f,delivered,2017-04-01 18:24:37,2017-04-01 18:35:24,2017-04-06 15:14:03,2017-04-19 11:23:41,2017-05-08,059253065c26a364810154b4792fd748,2017-04-01
773dbd4b995047ec62ab094f9aa257dd,d4a3674bf4aab598bbbb403358c656b8,delivered,2018-02-14 21:37:54,2018-02-15 04:10:46,2018-02-22 21:10:32,2018-03-14 20:17:23,2018-03-19,7d778097078f44426aa26e9a8d0cab68,2018-02-14
82833fb7278ad2602271d0c880c028d6,f869a316cf822314413688ae6acad6ae,shipped,2018-01-15 22:22:17,2018-01-17 03:36:47,2018-01-20 00:06:50,,2018-02-15,2499160422ec3254cfc548fd916cc7b6,2018-01-15
6c0537a01fc638909ee26a49faa4c8a6,4116eb214c694f5b5954183ea63a064f,delivered,2017-12-04 16:29:43,2017-12-04 17:32:04,2017-12-07 02:11:58,2017-12-18 20:16:50,2017-12-27,a1376042f98448a726eca6cb9415a026,2017-12-04
c14d2e12b876b00738f6c4ae6329e1dc,be52d3846e7c0522f6cf8e4374905d10,delivered,2018-08-27 16:24:47,2018-08-27 16:35:19,2018-08-28 14:38:00,2018-08-29 16:38:47,2018-09-05,7c61df63da03abb1153e68b3bf758f0e,2018-08-27
7e13a2daaa4fcf44ff99139c10944291,924c8739761cf922ca7d80c2d75cb051,delivered,2017-08-04 10:06:25,2017-08-08 04:15:18,2017-08-08 19:33:07,2017-08-11 13:45:21,2017-09-04,da94447ddb1c37b0b6070be2fa8d10f8,2017-08-04
214cc0f5b3a0461874dbbc915258bb54,bb0a7e8931e8e578f7bee85722bf921f,delivered,2018-06-16 17:02:59,2018-06-17 17:12:31,2018-06-19 12:28:00,2018-06-22 14:11:41,2018-07-12,324668abc6c8b8b720663badf85c30ea,2018-06-16
a5b77614683d41f8c213c366e5c3b3cd,75dde0ac9c549d835c347f7b636695d3,delivered,2017-04-06 23:06:30,2017-04-06 23:15:09,2017-04-07 08:50:18,2017-04-15 11:54:42,2017-04-27,484589e917b1ce94f703a34a9a855202,2017-04-06
fd0abe8d74360c4ebadc97d5f4cb36c4,965c035f7062014612646b3bc2196223,delivered,2017-10-10 23:29:10,2017-10-14 18:35:46,2017-10-17 14:12:50,2017-10-18 19:34:31,2017-10-26,c3ccc0bcbb1c74e620c755a9748ef582,2017-10-10
bafbef1334adc6aa02affd8fd62ec0ac,605db12d623fa4278e6e0107bdd10e31,delivered,2018-03-20 04:01:37,2018-03-20 04:15:20,2018-03-20 19:09:06,2018-04-05 18:42:28,2018-04-16,32f5aca84e7c2db135acf71dd9321e1a,2018-03-20
b6bc67fe4d4fbc4307eafa56be5e4fdd,c47d9490576d1f3daad76499776dc7d8,delivered,2017-12-11 18:59:40,2017-12-13 18:57:18,2017-12-15 00:28:34,2018-01-05 14:35:22,2018-01-05,eaf3c13c87fd2b2e358b042c026efb47,2017-12-11
4a757189692c5edda3f4491ed110f223,73bcc45a89640ee54f87e2a4b9fb5821,delivered,2018-01-20 21:38:05,2018-01-20 22:01:21,2018-01-23 18:10:26,2018-02-08 21:13:37,2018-02-20,e9fc372958d33e7d1fa92104c8dda33f,2018-01-20
0fb9645c128ac84788798f0129496ca7,80a4c819314e5ff01e66ba8780857b4e,canceled,2018-08-21 10:15:51,,,,2018-09-04,176c21456fab655afee57b3ea9799f47,2018-08-21
233868ed9e2f9399d292289f27bc2993,70a6da4bfbfe2520b1db2523499c330b,delivered,2017-09-27 04:24:28,2017-09-27 04:49:07,2017-09-27 12:33:45,2017-10-09 16:35:53,2017-10-23,c09b86243811785f524f5b2d711f61bb,2017-09-27
f9f159ecaaa3dff842ad66c4ce03e64c,608377cd4528c2e4cc8ea615b77f30dd,delivered,2018-01-09 11:10:35,2018-01-11 02:48:49,2018-01-12 23:58:02,2018-01-18 17:13:13,2018-02-06,36c5acafa11b7bf6df3b37f1e783aa59,2018-01-09
55cae94920fc56b51f65ea17a94348e5,e7ff0f90a95997a2fd13b1daff21991b,delivered,2018-07-31 18:38:57,2018-08-02 05:05:08,2018-08-14 15:42:00,2018-08-21 20:28:39,2018-08-31,1bc973dd0c2d4b8eb3b9c44b42eff102,2018-07-31
13a8db555fde78dd0b116b01b6515617,2ae0be66802fc94032bae06b27a1ac08,delivered,2018-06-13 00:41:26,2018-06-13 01:01:51,2018-06-13 14:10:00,2018-06-28 11:46:26,2018-07-19,f8f4d8d91c73aace2c3de8982ef4e128,2018-06-13
37ee401157a3a0b28c9c6d0ed8c3b24b,7d321bd4e8ba1caf74c4c1aabd9ae524,delivered,2018-04-12 11:02:51,2018-04-14 02:31:43,2018-04-20 20:51:23,2018-04-23 17:47:44,2018-04-26,7582a5a77fc2976628f46a13ec91b375,2018-04-12
b0f3b60e4ef21a14515d0e51782a7580,9257eaf90b2795d12c22565ab4b54011,delivered,2017-08-13 22:11:21,2017-08-15 03:50:29,2017-08-16 12:57:16,2017-08-19 14:02:47,2017-09-01,ff3ae96c88f8dfaeffdbd0af958d8dff,2017-08-13
0aee3a9d7c585888c61c307c40df0c0b,922397e11abc5f3d52e248f57df8804e,delivered,2018-06-11 08:58:16,2018-06-11 09:12:18,2018-06-11 09:55:00,2018-06-22 19:42:02,2018-07-11,411f06f5e9c096e097844ca478df1ffd,2018-06-11
ec23899768b60b6b3cfc6335359fb9e2,6d24b8dee87403f9d865de405bb49d0b,delivered,2017-04-08 17:32:38,2017-04-08 17:42:14,2017-04-12 16:08:12,2017-04-20 09:48:01,2017-05-04,0a3a3c41821ef382c6c7ed91efc91562,2017-04-08
8e7a8c0e6808a8c5a9b1410751ddbe3c,16ba0b318e46ac53ff95a09c55e3d8a8,delivered,2018-05-16 00:34:59,2018-05-16 00:55:15,2018-05-16 13:31:00,2018-05-22 16:27:11,2018-06-06,cdc00d577be8717ddc8350eb2470a9a8,2018-05-16
b0a53313f05c1fb7b57eba8c55f35035,0614d7d74e030d9359a2857dc995e710,delivered,2018-05-14 17:17:44,2018-05-15 05:32:36,2018-05-17 14:40:00,2018-05-23 23:40:58,2018-06-11,a5aba56840224d31f54661155229b79e,2018-05-14
ae8e6884dc60226ca8e43dfe17895255,b791bcedd741ca64e7c9dfd66ad0a261,delivered,2018-04-24 14:26:40,2018-04-24 18:06:06,2018-05-02 13:40:00,2018-05-03 14:45:44,2018-05-17,83202b5abb6390096cac51a29835399d,2018-04-24
61e3bd0de079bba22ce8062d0ef4d393,7d8a2f9b1625dad7429434e7e9faccd7,delivered,2018-01-11 17:00:21,2018-01-11 17:32:02,2018-01-12 22:26:48,2018-01-29 18:07:12,2018-02-09,b9a053d80d9706939e900b3d3661fb3f,2018-01-11
143f5ce5a045cb6c2708b1b3dcce985e,bc6671fcbe7c7468ed66a34dd3af1b31,delivered,2017-11-25 13:21:31,2017-11-25 13:33:22,2017-11-27 21:48:51,2017-12-06 21:14:57,2017-12-19,a3edd25ad970b09c9bbbad6eb77c3c80,2017-11-25
f2dca318c079a2926e6162e12d08ca31,f958c0b8328c460f2e99dbdc9158a8b7,delivered,2018-07-08 20:51:25,2018-07-08 21:05:12,2018-07-10 14:39:00,2018-07-11 19:03:24,2018-07-20,e1364425c3a46ce9c717711a76583486,2018-07-08
6c82197bc099415d9919ccb609a9c072,cf21fc5ce008e8d35e01caeb0ef028da,delivered,2017-01-13 00:14:27,2017-01-13 00:31:26,2017-01-13 12:50:08,2017-01-18 14:05:48,2017-02-21,0fd77103b2734193d2bbb936e774418b,2017-01-13
8e2f6e8aa36fa3770c9f33a7129e81a7,70d21c84f9843a2413b5921d5fb12add,delivered,2018-01-02 16:08:11,2018-01-04 05:14:03,2018-01-08 15:30:20,2018-01-23 13:32:47,2018-02-02,f0cfb3e080006e59e07d13403679f596,2018-01-02
5d971e980c1ac22c7eea39b173d48679,37b0ec4b8c4e43f1005fe48561fada05,delivered,2018-08-07 23:40:56,2018-08-07 23:50:17,2018-08-15 06:31:00,2018-08-20 21:05:13,2018-09-03,a4fe9f117e2dbd6bb0cf4e4ce35d34df,2018-08-07
fa9f5a4655d840e1de98632fa80c98f4,0010068a73b7c56da5758c3f9e5c7375,delivered,2017-04-11 18:19:55,2017-04-12 02:42:19,2017-04-13 09:06:54,2017-05-05 14:28:06,2017-05-17,03dabd77cb0ed7a26fafe19e36b67742,2017-04-11
476e559ce686af69d6051a5d973c3971,f97b46627a4e56ccc5f4026cdab2b60f,delivered,2018-06-17 00:14:30,2018-06-19 03:36:56,2018-06-19 14:26:00,2018-06-26 19:44:26,2018-07-16,948376be8951123655e05035bf16d11e,2018-06-17
8c992e982ae4be70f1aaa3ee623bc042,25f0e9d9ad9e4429c9c1d50cbde345da,delivered,2018-03-08 23:05:51,2018-03-10 03:48:50,2018-03-14 21:48:33,2018-03-26 22:22:13,2018-04-02,d6f628b81c7469f308e3cdbe1c5830c6,2018-03-08
3a090d54e49811f1f174f6b13d8bb359,a7c508e22412d308615545b56178e03e,delivered,2017-09-03 12:20:34,2017-09-03 12:30:19,2017-09-04 15:17:48,2017-09-14 21:29:36,2017-10-03,2dd8c83749f732901a8c2dfecfd00711,2017-09-03
d1dc1009ec8edc0f30c6a3477a57a143,f91beedeac19df94e1992c3aae4a2c7e,delivered,2018-02-08 04:56:27,2018-02-09 10:11:58,2018-02-09 18:53:00,2018-03-05 23:16:31,2018-03-09,6287d15cdf992224e7bb7010c69c4095,2018-02-08
9ba2e8784e3e43f617fd0faa356d309d,475cd64aa7fcd579a93e4db98984450c,delivered,2018-05-24 11:07:21,2018-05-26 02:31:54,2018-05-26 08:16:00,2018-05-28 17:27:48,2018-06-11,1db6862cce82fb8c96d4ce9e0fac97b3,2018-05-24
f636244e2204ad1803e13b363792d655,0ec534261654167c3ea8787b56005fb8,delivered,2018-02-23 09:57:43,2018-02-23 10:10:20,2018-02-26 21:49:10,2018-04-08 19:17:34,2018-03-16,5f057d3f8a127e93869e61bb77f9244e,2018-02-23
fd4787fa8be4afcbd8ba795e775cab51,fea16654c631c5cd6997fc0414c3a201,delivered,2017-01-28 17:57:35,2017-01-31 04:40:05,2017-01-31 08:39:09,2017-02-06 14:23:53,2017-03-08,28b532ed2ae560bc90687b4d466d458b,2017-01-28
c72add79a1bef8c55628b377b01eb02d,c8997b958b604cfa4a875c16ecd9987f,delivered,2017-03-24 15:25:20,2017-03-25 02:10:22,2017-03-27 10:41:00,2017-04-05 15:06:58,2017-04-27,9e675ded8e0b5bf9572e7b92ce6a4df8,2017-03-24
a3d61f1e9214700ee2b1a7fb8662198e,c7a3d38f91df1c3b930e3c8ac667868c,delivered,2018-01-03 18:04:33,2018-01-03 18:11:32,2018-01-05 18:59:24,2018-01-11 21:48:49,2018-01-26,223ab530d4126650969ce8bc7370a21b,2018-01-03
d7f0913acbeab2d90a27f737d85a2d7a,723e75dd203b84273f993394259c7c3a,delivered,2018-04-01 19:31:42,2018-04-03 05:28:16,2018-04-04 17:42:55,2018-04-05 18:38:23,2018-04-12,d180a307dd483eba0582021cc1c591f8,2018-04-01
128b0ea85d39d2b96310b64dd5c8f096,df1c6f384ca58e9b6db35eb5e4ffc70b,delivered,2017-11-27 15:22:59,2017-11-27 15:33:27,2017-11-29 19:58:58,2017-11-30 16:45:33,2017-12-11,55f14dcc24dcfc1800dc07f4c2c228ab,2017-11-27
e1d78d7d328dc5311016ff1ef499dcc5,6c6f666712e739bb6761a8baa3676dfe,delivered,2017-10-23 14:18:27,2017-10-23 15:06:20,2017-10-24 19:48:44,2017-11-01 18:17:26,2017-11-13,5bcf87511a3d7b63b8b56fdb9ebe5fd5,2017-10-23
9dbceabb8ca1d10023c837a1b30f852d,53b1db38606d300f80ef169367c696ff,delivered,2018-06-13 17:18:49,2018-06-13 17:39:21,2018-06-14 15:41:00,2018-06-18 14:12:42,2018-07-13,b31c9083df03daba33cf3cd7c32e8f53,2018-06-13
76add7a1ce9c53fb6ec0b9fc696e3105,a7c6c0a5bee0e4ba3376b84385cbff16,delivered,2017-11-16 12:27:13,2017-11-18 02:35:51,2017-11-22 04:12:41,2017-12-04 18:45:53,2017-12-06,78f2539bcf3fba72c252ff224d78fa7c,2017-11-16
97c1f9afdaef4cf63539bf4529a21f68,68826add3a4d18abf0232aa3b00cb2e0,delivered,2018-02-03 13:33:28,2018-02-06 04:32:49,2018-02-06 23:21:42,2018-02-09 19:54:55,2018-03-08,bd547196655b3e60326eea13cf1e37d2,2018-02-03
7aee2b4a36b8b9f260376a8319900aa7,1dd6365590f7404135bd554c7ae0d5e9,delivered,2018-03-19 10:12:27,2018-03-19 10:27:22,2018-03-19 21:08:53,2018-03-26 19:59:36,2018-04-05,77549fed82091864308ef3a2348357b5,2018-03-19
26ce29b4d5e6092d390ba9937321346e,cc2073aec7e0f16d7ec50c7cce9a2196,delivered,2017-04-23 15:49:00,2017-04-25 08:23:28,2017-04-25 11:39:41,2017-05-03 14:16:49,2017-05-15,05c28100d58083915a789abbe5994929,2017-04-23
7fad77aba2a48a7099ce9f77f2ad7566,b5aba2a45ddad46456430db8fa088cae,delivered,2017-10-22 01:54:10,2017-10-22 02:05:33,2017-10-24 22:47:41,2017-10-25 18:58:13,2017-11-03,1b5720c7b0ee7183c2eafe3dba65111b,2017-10-22
a0b49a0330e926df75d422934cc90cf8,2dbd11cc486db94c38e7e831243c7596,delivered,2017-08-03 21:31:40,2017-08-03 21:45:11,2017-08-04 16:07:52,2017-08-18 12:43:42,2017-09-11,12c54f6dfd4b723a6c76c4c989494422,2017-08-03
4381a33db9b7771fc9ace541e507972e,19b8609422fb5136ea6a734a121c3eeb,delivered,2017-11-08 14:22:40,2017-11-08 14:36:01,2017-11-14 22:09:38,2017-11-20 19:19:11,2017-12-05,b40e465c7844a2ae74363a41c763de49,2017-11-08
2a35865127abce2cb704864522b9710c,9beff3d24f580da0b790034bf800c976,delivered,2018-05-15 17:00:02,2018-05-15 17:15:44,2018-05-16 10:45:00,2018-05-17 14:56:29,2018-06-13,3d8d31cd396c1ef6b06284fdc1bfd00c,2018-05-15
f71ce4353d49d780b5d363ebab16ac65,756b2e31ef20678aba1fc60beb13c2b7,delivered,2017-12-08 10:17:38,2017-12-09 02:39:19,2017-12-14 20:53:23,2017-12-27 13:28:59,2018-01-12,5f64471ba8b7cb7766c439e59b427d13,2017-12-08
6bba56a94dd91fb13b3e8f412d518bbd,9542e64a3c9493a9cdc043af86a7f52e,delivered,2018-03-16 14:42:12,2018-03-20 03:35:43,2018-03-21 21:33:36,2018-03-29 16:31:46,2018-04-11,49c68b82cb6e29f9eaa0802f7957de83,2018-03-16
9d83685f52030d78be6112d861500ccf,4492aedc05bb37e4e724c2aeaf21e079,delivered,2018-08-06 12:59:58,2018-08-06 13:10:14,2018-08-07 15:08:00,2018-08-08 21:46:24,2018-08-09,956daa5a642d90beefe825a262c55b7e,2018-08-06
9eb20359fd4673317b09e18e7c96476e,0e7c1297b25050b5f624ff53aa5e8c7e,delivered,2018-02-20 20:54:49,2018-02-20 21:08:29,2018-02-21 23:39:28,2018-03-15 23:12:07,2018-03-21,e9c2097ee3757834faa06c6411d911cb,2018-02-20
58e005414df700025a261e572c2a9fc1,9a8448971700f88cd9be5838b9ead071,delivered,2017-05-12 17:46:25,2017-05-12 18:02:34,2017-05-15 08:31:24,2017-05-19 09:12:53,2017-06-05,bb656eab01a34ac497457c5a92f5bd07,2017-05-12
1ac07c9b7a1884eef11bf47d3630dd74,007a6cde976f335c04a22d7043dd23f0,delivered,2017-10-17 08:55:03,2017-10-17 09:14:10,2017-10-18 19:28:48,2017-10-26 21:11:33,2017-11-07,0a3f32fce9d5056b96a9fe604715982b,2017-10-17
82e4be23c247d0fe56f0fb757a26ccd4,48a5aad743589b82d3c338f578e649a8,delivered,2018-07-06 12:10:05,2018-07-06 12:32:29,2018-07-10 13:06:00,2018-07-13 14:36:54,2018-07-25,1e0926e360000226b237bf277aec3380,2018-07-06
aacae4c4d40057cea2f361c684f21c59,bbc9f2a768855a2c3184259d2d8d7047,delivered,2017-12-12 22:03:01,2017-12-12 22:11:49,2017-12-14 16:38:57,2018-01-08 16:59:13,2018-01-18,01cad597bb1c8c79b2115a6204ab7f8c,2017-12-12
624c268e0f962ef1cbf0033ad522f675,bafa2b1bf446e21ad617511be6078573,delivered,2017-05-03 11:34:18,2017-05-03 11:50:29,2017-05-05 16:56:34,2017-05-23 09:29:34,2017-05-30,e67d2d24911d799845deaef02de14064,2017-05-03
2e540bf01ae79edaf953cb61642d5d22,0a4f9b636589b313dfb812d24c71ec1b,delivered,2017-12-29 00:28:44,2017-12-29 01:00:30,2018-01-02 16:39:14,2018-01-16 18:38:08,2018-01-24,4e4665adecf8eab6a5dd3d8b750586bd,2017-12-29
ddf152f3a1ae9f5a3b04e84c0ce0f139,e2ffe107e1af0d0e1d3e19e0dee88cc3,delivered,2017-12-04 16:34:11,2017-12-04 17:46:52,2017-12-12 01:55:32,2017-12-22 19:38:58,2017-12-29,cfe262da3bb5a3c77b6580f2b788a3dd,2017-12-04
5ca64dbf0d6d6aec2ad73e74b918de04,69b29f0663441d192e106a8dd6d04f0d,delivered,2018-06-23 15:39:09,2018-06-23 15:55:58,2018-06-25 12:33:00,2018-07-02 21:05:35,2018-07-24,f82208fa5336445b0998d24b5c022a00,2018-06-23
809d874fcf0f3327664fd7eefe923676,0c1ef04b363af81d555ce9ba603b02f3,delivered,2018-08-24 00:07:22,2018-08-24 01:10:18,2018-08-24 14:10:00,2018-08-28 12:38:37,2018-09-03,cd3dc56b23dcbca8cbd532115b6c1915,2018-08-24
5c31e5b017666e9ab6531ed55b5f87dc,6dfe8cd7e637b09f92abb7fb10d00854,delivered,2018-02-25 08:36:38,2018-02-27 04:30:57,2018-02-28 23:52:22,2018-03-02 09:24:47,2018-03-12,36db4b58abc5caca12a0dc27f1186100,2018-02-25
7704b08260c0c712a094d67e7320688c,6e973aad46c724df5f2cd72c7e1c5885,delivered,2018-06-17 09:47:12,2018-06-17 10:19:30,2018-06-19 12:28:00,2018-06-26 00:23:42,2018-07-16,d8eeb382d4ea812db199a7f938ab481d,2018-06-17
a559cc2d2bc89f9eac193ae83969579e,404beeaac7834e583f80a31179f6d3f1,delivered,2018-07-05 16:18:39,2018-07-05 16:35:44,2018-07-06 08:18:00,2018-07-09 22:11:49,2018-08-01,f6b302dfdccd73ddaa8be6c08baea909,2018-07-05
e003d94282e5f1e45760dde794a8a173,1764be73caaed8c59deaeef7793e539a,delivered,2017-05-10 21:11:07,2017-05-10 21:22:27,2017-05-11 12:26:15,2017-05-17 07:12:26,2017-05-26,6871b052a835417d6d2e11153e0d3c2c,2017-05-10
ab6087eb8ea6d8f8a36d6e787567bc64,955719867f907f671d614150a5436c10,delivered,2017-08-17 20:12:07,2017-08-17 20:55:15,2017-08-21 20:17:44,2017-08-29 18:16:09,2017-09-13,4cdfc1a496852b9eceec6101b4461754,2017-08-17
e4dfdab4dc28a8727655a0f0a19224b2,a01d949bbd7511dae0779da819c1d8ef,delivered,2018-05-24 23:34:05,2018-05-25 23:37:35,2018-05-30 15:14:00,2018-06-08 19:33:44,2018-06-20,ba07856943cc25d23d7950d5beb64553,2018-05-24
b63fff1ef8b6201df68bb611ee41129e,8276de07ef25225d412b8462d73f8664,delivered,2017-04-02 22:15:27,2017-04-04 05:55:19,2017-04-13 16:28:06,2017-05-02 13:53:25,2017-05-08,332cf4e83e16004ba7dca932ce82475b,2017-04-02
807baffb5f8bb605f1218ead428cd8e4,76dd2e33346ff360e5cf6da8211027fd,delivered,2017-10-17 23:47:22,2017-10-18 00:49:19,2017-10-19 17:15:17,2017-10-20 22:07:32,2017-10-27,012216caf4f1082ba3fc02e584de9a29,2017-10-17
cecc2adb5fc43cab2bebdc7c23906c0d,7d8666e0148b50e626e90245b6583f54,delivered,2017-11-28 12:15:01,2017-11-28 12:37:17,2017-11-30 01:47:38,2017-12-14 15:00:09,2017-12-18,0c40d149be12481f865f44c449b5c7ab,2017-11-28
266a1f6959fbb6cd5b50201b10a0d46f,ad2645579addc9b0fbfbbbcd8eb422be,delivered,2018-04-15 11:30:25,2018-04-15 11:50:27,2018-04-16 17:21:46,2018-04-25 14:56:57,2018-05-07,8e3404ed802732fe8a0f67259347fa34,2018-04-15
9cac107eb297225b3dde9b28a2bff0ff,771177e66a083545a681bd14f8ec0200,delivered,2018-01-26 09:34:28,2018-01-26 09:53:01,2018-01-29 18:33:09,2018-02-06 20:09:06,2018-03-05,16e6850026f5265bb8dce053e7cb58e2,2018-01-26
14ee9fe5d7494810335154bf7a536214,e9f061ae742ea1b4a8d80696914a806d,delivered,2018-02-02 12:47:49,2018-02-02 13:53:12,2018-02-05 16:22:47,2018-02-22 01:06:25,2018-03-12,d3589a912b65ffc20cb98844d00a974e,2018-02-02
86281718010866f6d3c332ca6ab63945,13751307ebce764ac230d4e0aba435da,delivered,2017-09-24 02:10:26,2017-09-24 02:24:10,2017-09-26 15:13:53,2017-10-06 19:06:11,2017-10-20,a77e0b55e1b2093ceefa1b64e57ac392,2017-09-24
fcd173d025d9960fde973eb391a98e0b,7a6ab733eec189ed393786b92d3e563a,delivered,2018-02-07 11:36:05,2018-02-07 11:55:31,2018-02-07 22:12:49,2018-02-21 20:28:46,2018-03-07,e2b1e4fa29a5ba2fae58bf5f42bb793c,2018-02-07
3e7331c6f79569464882b059435d316e,da324dd532afe70ec2415aa1150e6e9f,delivered,2018-03-15 14:18:45,2018-03-16 14:49:52,2018-03-19 19:52:07,2018-03-23 00:48:42,2018-04-09,cfa40788672ff3c42c35e723bc83c19b,2018-03-15
507a6db9c4fdc782cddab2d468782a97,4d7ad941ed874cea85682ddb323bd5f6,delivered,2018-06-05 18:48:27,2018-06-05 19:13:46,2018-06-06 12:49:00,2018-08-01 00:44:33,2018-07-13,7de82cbd5d67c9234798cedfa8e7ce6d,2018-06-05
7792343581cd5fc0e1956c59b543afc8,e5e1ef3244e1c4a4e288e0b16d9c030a,delivered,2018-04-13 18:40:31,2018-04-13 18:55:14,2018-04-16 18:38:49,2018-04-24 00:21:35,2018-05-02,987f4716cef1294c01c4c0cb7b275ff1,2018-04-13
16c10f91a6ab2448ed68859ce84a3051,085c6d6d684fb30e910b5bfe7ad61e59,delivered,2017-09-14 10:20:01,2017-09-15 02:26:35,2017-09-15 22:31:51,2017-09-23 15:15:04,2017-10-02,5adbf3a8bdd94ffd3b216162913e7870,2017-09-14
e6df4c16c39fc27fe106ce027883a408,17c36e02290b22045ae275705a45cbcd,delivered,2018-04-30 15:25:37,2018-05-01 15:35:24,2018-05-02 14:44:00,2018-05-03 17:52:39,2018-05-15,f5aee11abd63a5e3796823f53a802a42,2018-04-30
52c78ab2fcf49fd1ce67211ee597483d,f631b840468adb93e192259ece8b5c40,delivered,2017-10-04 12:05:11,2017-10-04 12:24:23,2017-10-09 18:38:49,2017-10-14 01:24:32,2017-10-27,6eb5ecf14a3c47999e32609ef6f6f737,2017-10-04
4061c396aaea1c9eea40886a6f7de0ae,356a36d4020c95bf8fb700b485d15a9d,delivered,2017-06-24 18:22:55,2017-06-27 03:43:20,2017-06-27 13:10:09,2017-07-04 11:15:44,2017-07-27,c1de0c5e90d8ca07b70560fda1f4cd29,2017-06-24
f8501e8b6e75ee30e629780e032654d0,e9f0aa74e1e60481e4bbb016f90880dd,delivered,2017-11-18 11:32:47,2017-11-22 02:53:29,2017-11-22 13:46:47,2017-11-27 15:41:56,2017-12-11,8c396d85fbca2590a7ff69ac93eed43b,2017-11-18
21cf778cbc216b501945041921a3aed5,b4901835738908705ce4aa9c22ef91c4,delivered,2017-02-06 22:59:02,2017-02-07 22:15:13,2017-02-08 15:15:23,2017-02-09 14:48:45,2017-03-01,bec0e28542cd093b5becbb207d04eb43,2017-02-06
f6de04d6952711ce456cf1a8d553d313,12339325d85b18d50a3e1cdb7e422ebc,delivered,2017-02-23 11:37:20,2017-02-23 12:23:00,2017-03-01 11:32:49,2017-03-14 14:03:07,2017-03-24,efb164704e9f4fc3867f6f59f5f6dbd6,2017-02-23
84eb86f5f4ba017cd1644c27f6140424,a4cf14fbb8f3f98e90b586ff7fc19c01,delivered,2018-05-05 07:01:33,2018-05-05 07:10:12,2018-05-08 06:32:00,2018-05-28 22:37:46,2018-06-06,aca204b316fa3a4a43c97e3f6f6681ff,2018-05-05
df147d110784e81110ece3cae5fafee2,15fbd33f76e4ccb6d4a8cf129f863e76,delivered,2018-01-13 06:24:46,2018-01-13 06:32:38,2018-01-16 20:32:21,2018-01-17 16:09:34,2018-02-02,d11a1a2267a704b739a4273bd6260df3,2018-01-13
2391d80f2ab2e4c4cc2ddd489c5ce8ea,c31d94d9defc6f3e1e0af713796acdab,delivered,2017-10-22 11:49:52,2017-10-22 12:07:16,2017-10-31 19:13:45,2017-11-03 22:43:43,2017-11-08,e5a0923bbfd5434ecea727d8e6d3f757,2017-10-22
cca5b95a50a377212a9e834f2616c9ce,187ff0596594edb29010def3c1c85eb2,delivered,2018-06-10 17:08:07,2018-06-10 19:38:10,2018-06-11 14:32:00,2018-06-15 18:14:29,2018-06-28,b91b272ae2cd6d53bae0973b6009019f,2018-06-10
545e4aeec01e2675dd302bbd4c5cd606,49accd6e9750c00a209489187feab7fd,delivered,2018-08-06 12:19:51,2018-08-06 12:35:20,2018-08-08 15:01:00,2018-08-16 22:34:48,2018-08-30,d67559bcf4ac495f4c6ca6e1fe211d12,2018-08-06
37f564e804d0f8ddabe57ae3d4f9dd9e,13c181daffbd6a69ae7707f87ceef9a2,delivered,2017-06-04 15:44:44,2017-06-04 15:55:19,2017-06-07 15:06:06,2017-06-13 13:18:18,2017-06-30,553e08d19f15562d267d0e551cbab2d0,2017-06-04
cc15fdac16a8e9226eae7423cda1ba45,63ef1bb30a3a15f90297210ac4cc6b6e,delivered,2017-06-07 23:36:26,2017-06-08 01:02:30,2017-06-08 17:22:48,2017-06-19 19:32:09,2017-06-30,10f1bb3100da007e5f2915dd39b90ef4,2017-06-07
6e005ed6792ec5ba81274fcf6ca4ec74,3a505956060a57454bb85ec3b62faa9b,delivered,2018-03-12 22:59:07,2018-03-14 22:29:53,2018-03-20 21:25:53,2018-04-16 20:11:34,2018-04-05,8dffa3165d189110cdbe104f7f948f1f,2018-03-12
a44088d916b1cb5763921534c14f9a0d,8e7e85280f437070c500377689720d85,delivered,2018-02-15 15:17:24,2018-02-15 15:27:21,2018-02-17 01:12:40,2018-02-21 20:33:46,2018-03-12,0840420dc92def32b1fc1c577153c30a,2018-02-15
417e44a3df3ce085aeafc1976354af8e,39b0a374b8bbb7f162a55a042a3c2f50,delivered,2018-08-04 10:45:34,2018-08-04 11:55:17,2018-08-10 14:13:00,2018-08-21 16:16:42,2018-09-03,e3a780e68fefbc2ff9d44a54d4d25779,2018-08-04
d74c7ba612504db83fd0437803bc9b49,e22df40704bd9e5477ebd8f2194ff037,delivered,2017-07-25 10:52:22,2017-07-25 11:05:08,2017-07-26 11:28:02,2017-07-28 19:12:20,2017-08-14,d34f810d52cea27dbe45dbbea51a56e6,2017-07-25
9a1f747645cd5e7ebe3b0f98ac83661d,da68065e7b75e40c810a2668f302adad,delivered,2017-12-16 09:58:50,2017-12-16 10:13:48,2017-12-19 18:06:58,2017-12-27 15:53:12,2018-01-16,c91f8a76db0387e6f8f94207cbdc9d90,2017-12-16
00fbcd8b120e5706c58b9d1a0026a7da,ff60d321ad354e757bb24fa7ae799676,delivered,2017-11-14 12:48:34,2017-11-17 04:06:37,2017-11-22 17:57:00,2017-12-06 00:51:28,2017-12-07,e97d62ecbf23184875db94c696c9c00a,2017-11-14
0bafeaa6d78ca1e9b198fe9a6d645306,4c35c98b5a1affc77279a0d51c4e4975,delivered,2018-04-16 20:07:14,2018-04-16 20:51:35,2018-04-25 14:30:00,2018-05-17 19:16:27,2018-05-10,5c23dda033289cf4bf68d4afd0686f15,2018-04-16
a3de4437424406c7f28308d65d200f17,4e9217c5dfd97ced4ac2f769f8dd087e,delivered,2017-10-22 19:15:45,2017-10-24 03:56:19,2017-10-25 18:51:22,2017-10-31 12:22:17,2017-11-13,8ff1f69b35c98589645f87be6ccb8b20,2017-10-22
02dbd29bc7a490d582762fae9f0fd997,8aa4d935310fc9211fa1e78dcf74babe,delivered,2017-11-24 12:12:41,2017-11-26 12:11:19,2017-11-28 01:18:20,2017-12-14 01:52:01,2017-12-20,1750995a1e8cc279199b445c35319589,2017-11-24
3e65d8271b054ca287c93d4b56c55386,6e4eb34e7f4d526a82726712aa17c02b,delivered,2018-04-07 14:16:30,2018-04-07 14:30:14,2018-04-10 19:12:10,2018-04-11 11:11:37,2018-04-25,ded4351942c7fc292b88e5b090af2b46,2018-04-07
010ef5b0279d7512e7343cb775e423c0,4b9e8cd034b45245928f0d55a4ed4310,delivered,2018-04-17 11:28:08,2018-04-17 12:15:25,2018-04-18 15:32:28,2018-04-23 22:41:07,2018-05-07,293aacb301c260f3bdeadf8e108f9c8f,2018-04-17
7ea599036acba8c4d180c9e2bedc6e9f,8b75ca702b00ca128f06c127c54992fb,delivered,2018-05-15 00:39:58,2018-05-15 00:55:24,2018-05-15 12:52:00,2018-05-19 11:12:22,2018-06-01,7dfb85462ce6d54fa8005a5258ebc86e,2018-05-15
50aaee0222d8f029430e6be4270f235f,373786ad39deb133bdf553d5ac1ef89d,delivered,2017-10-21 13:09:09,2017-10-24 06:49:09,2017-10-30 14:12:48,2017-11-16 16:59:29,2017-11-29,112b1238a10ea678553ee0d88bcfd265,2017-10-21
5d70582531ed37f284797ba1354e0c50,2f6748db5d35abc0695076611514da0e,delivered,2017-03-25 12:57:33,2017-03-25 13:10:09,2017-03-28 13:52:36,2017-04-04 16:59:58,2017-04-18,d17cf621fd6150d478c7a017158db8c7,2017-03-25
d45f0fa94e18d02dd78bde9483dda1a3,6b1bbbe60de76836af0b66f5cc3d4a76,delivered,2018-05-20 21:52:30,2018-05-22 08:34:06,2018-05-23 15:34:00,2018-05-24 12:28:22,2018-06-04,2103246b11bc46ce35756f3a3f32290b,2018-05-20
c8209c0d2a92297dcfe3d8d71dfb551c,d9d2b41309d4a7d5c6e1819e1c724ca2,delivered,2017-12-12 13:30:32,2017-12-12 14:21:49,2017-12-14 22:09:30,2017-12-19 01:21:54,2018-01-02,bc7e7da8f10a64c6179907b74fc920bf,2017-12-12
4189d7b1c5bfba9152bf1ea5efab2be8,d5569ddc432b218bb223824c53f6ac9e,delivered,2017-09-13 22:52:25,2017-09-13 23:05:38,2017-09-14 22:24:06,2017-09-20 14:38:58,2017-09-25,a8d62be3d102ab708c4b0e7947199169,2017-09-13
607c1c3f926d9435d428d7aa7d52a1ed,905bd3fd513ac50ea6c8fa9dbedb9ca1,unavailable,2018-02-13 21:40:28,2018-02-13 21:50:51,,,2018-03-01,f4514fb16ee31d8873c1d97c91cb8653,2018-02-13
0b87d8d6c28694778a03498aefa389c9,c785736d6fb1a0a904195d7f5b709f12,delivered,2017-04-28 09:29:36,2017-04-28 11:47:00,2017-05-02 16:27:19,2017-06-02 10:13:54,2017-06-01,1162122f08021a557cea96e02100380a,2017-04-28
eb95d20e65f92b47748faa2b93841536,c1b8a840b30cd05d10069b83940a4585,delivered,2018-06-06 16:43:37,2018-06-06 16:55:49,2018-06-07 17:01:00,2018-06-14 00:34:49,2018-07-12,90278a30e6e062baad509799e30ce3e7,2018-06-06
53e1d3495e1dfc693b4ed16c06b15877,c4aef2591cc55955459c2c4376ee5a43,delivered,2018-06-27 00:55:41,2018-06-27 12:33:28,2018-06-28 14:05:00,2018-07-10 10:04:35,2018-08-06,e51bed9f47ee5bd3e0d1c0e4c5b4ba40,2018-06-27
f5ef2dc393fb470c2dbd4293efcc160e,e44422753d631237a61e48be89adbbe6,delivered,2017-07-23 20:49:37,2017-07-25 03:45:22,2017-07-26 21:41:39,2017-07-31 15:19:42,2017-08-11,05af77be50ec611bb5b5d9e4f0579c61,2017-07-23
6bedc4d01425a571a86de3fb2b7452f0,b8e88388e911fd44511030aadba00add,delivered,2018-02-10 19:44:45,2018-02-10 19:55:47,2018-02-15 20:43:05,2018-02-23 20:52:22,2018-03-09,18622f12981bb55e9a6f145fc0b4293d,2018-02-10
e82d894886abcae9bc58caf489ef9cdc,2780a5c4a40f30e3fb695bc67c9c782d,delivered,2018-03-05 04:54:52,2018-03-05 05:08:27,2018-03-06 18:38:27,2018-03-07 20:51:55,2018-03-15,f5bf52d9842a1d668a9efcedad3dd099,2018-03-05
8428e578bb1cf839ae26a6b7615502b9,9fb35e4ed6f0a14a4977cd9aea4042bb,delivered,2017-11-27 17:23:20,2017-11-27 18:01:20,2017-11-28 23:04:41,2017-12-08 22:16:17,2017-12-20,2a7745e1ed516b289ed9b29c7d0539a5,2017-11-27
2d6ce36962726757ee9b668df71866e6,69948e830790a07c073b95fc3a7197a2,delivered,2017-11-06 12:02:40,2017-11-06 13:31:57,2017-11-08 17:55:39,2017-11-24 19:13:11,2017-12-01,3fabb2d53935aee311d331d0f0480da2,2017-11-06
fb4c1eeef06c08acb4e63c9091ab5c6b,90434cadb303b58ea7d9ce9b0cf62e2e,delivered,2018-08-07 16:23:50,2018-08-07 16:35:21,2018-08-10 08:57:00,2018-08-15 14:07:54,2018-08-22,745c291c0ff724e7ec6ea73d662319ce,2018-08-07
733de62aedbce1c54c823764c3057e10,df9531c206eb4db24d7eeb5329666f36,delivered,2018-01-22 21:32:08,2018-01-22 21:53:10,2018-01-24 17:15:48,2018-02-06 16:46:52,2018-02-14,8caaf1714c79f39201cd7dc687ba5d19,2018-01-22
22cee08cd372f903b380852fdf75a1eb,3d41dceed696230a9fb71adee37c5aeb,shipped,2018-03-19 16:35:43,2018-03-19 16:50:38,2018-03-21 18:41:36,,2018-04-25,309117ad0e6059b73cc2f9565c90f2be,2018-03-19
7b69c36bb030670f6cdf3f18ef627824,8a383b32730613dc413d8b0ee467d5d6,delivered,2018-04-12 19:21:52,2018-04-12 19:35:18,2018-04-17 00:27:52,2018-04-19 16:46:32,2018-05-10,e9a340c07aefc78ddfb8fdc578b42fc3,2018-04-12
1427ef2af9580d8d943b1f0ed1f8e050,06d7aa8448b8efdde1c5759cd97d211e,delivered,2017-07-20 16:01:14,2017-07-20 16:10:21,2017-07-21 17:43:29,2017-07-26 16:29:30,2017-08-09,cb454fcde466aad131d2e33e13029c47,2017-07-20
d315aaded4fc920d8a98afbc7e9fb8e3,68e79cc3fee7ad5c306be406d94afec7,delivered,2018-04-13 20:36:16,2018-04-13 20:52:48,2018-04-16 21:16:52,2018-04-21 00:04:47,2018-05-15,ac6152d2a8d11ea64813c56676d73202,2018-04-13
801c9ccd75e8e357c127931aea53345f,5eec275acae50c310f4d901be1aa09cd,delivered,2018-06-22 20:32:36,2018-06-22 20:58:13,2018-06-25 12:31:00,2018-06-29 16:04:08,2018-07-24,47d076f63f8a706658ba29fc2e72aeb5,2018-06-22
59c85bd55f3914b2f9b2d5a4d1309b51,6ccd7d79b1a813f92dd1a202b11e2faa,delivered,2018-06-13 13:41:49,2018-06-15 02:37:39,2018-06-15 15:17:00,2018-06-19 17:59:32,2018-07-04,9022006230939835a7a76885d89dc050,2018-06-13
160420ae694e387c891a4443edb1466d,c95aedf32c57ea539d007fb0bbfbdff2,delivered,2018-06-19 08:44:39,2018-06-19 09:18:20,2018-06-19 15:56:00,2018-06-20 19:59:56,2018-07-11,e2f5d2ddd131dfe7f5dbc3f0eec01be4,2018-06-19
dabe75dc242585e529fea2c265e70da3,77a0b2c7a3ad71cf37e7e006c8cf2d24,delivered,2017-07-05 21:06:33,2017-07-06 16:55:14,2017-07-07 18:04:00,2017-07-14 17:07:32,2017-07-31,638fec0eca83b93aa7c686b2933e69f7,2017-07-05
2749f77db36d9cc4c4134d3f2a8fb413,139f722c66d050707de08f702b65cbd9,delivered,2017-12-08 12:07:54,2017-12-08 12:32:31,2017-12-11 18:45:13,2017-12-26 22:12:57,2018-01-09,b30de8142ef90a57ee7e5850bc60b458,2017-12-08
e434f79ea884de16e5a8bf32afee5333,267f68f411fa32169472fa9b169a7238,delivered,2018-08-02 12:06:40,2018-08-02 13:05:17,2018-08-09 14:21:00,2018-08-16 16:37:47,2018-08-23,0bf790010e2f4f4353e3ae8e45ad3b2b,2018-08-02
06dec2690e0cd75d327646a81fdba74d,0b8c055126a79bb506c592eea2ddb8eb,delivered,2017-01-29 14:30:57,2017-01-29 15:32:03,2017-02-06 10:15:38,2017-02-15 15:25:33,2017-03-13,9f86523d50f6768bc624252e42e938ff,2017-01-29
564bf3fea35e87a7bae2d73a14f679cf,8b0bffcded3c6fc1514ab88b85d78d37,delivered,2017-11-15 11:28:40,2017-11-15 11:46:34,2017-11-17 14:15:55,2017-11-22 21:21:59,2017-12-05,f0e05d7d6a629ce2768fc7d923ee70b2,2017-11-15
cf788ee4258fde5130bb5651bda63918,2f1a3baba1b833c18c5da7b721b360b2,delivered,2018-03-02 16:18:31,2018-03-02 16:32:00,2018-03-06 01:33:12,2018-03-26 22:25:02,2018-03-23,030b3bb8818a752ca223944036bad5d7,2018-03-02
5d84402a7baf6ad1743c1b3ad713a615,d2f345c9594e3687c8cec67d457d1536,delivered,2018-03-05 05:44:19,2018-03-05 22:28:56,2018-03-07 00:00:08,2018-03-07 18:10:24,2018-03-20,8d3a1f6570aeb7e9fd05ffccbb7b678c,2018-03-05
b35ba23bb1c421765752e07fc9a4e891,6aa32647012138b0c6cc0b2ea71cfd02,delivered,2018-06-26 00:41:04,2018-06-26 00:57:51,2018-06-26 14:35:00,2018-06-29 15:37:10,2018-07-18,e367863108cd3cf5d20642e8a4f675ed,2018-06-26
440dd5b80f076b3133c25e668e4df168,715dd4e1d91653e1bb321fddac59b55d,delivered,2017-03-05 07:26:20,2017-03-05 07:35:15,2017-03-06 10:10:53,2017-03-24 15:52:43,2017-04-13,bd5af67af7b8eccd6c6227070b9123ac,2017-03-05
255384e909a649f030d466c74684ed80,2e1cea1baac7c5009630c0deb606f44b,delivered,2018-06-18 20:52:05,2018-06-18 21:17:50,2018-06-19 14:15:00,2018-06-22 18:02:12,2018-07-12,7cad00a24469d2a575c234ede0e1ac87,2018-06-18
df4e9da89d40a57390fdc2eebce4e0e2,56962c37ea34a49e1e454eb4939b5587,delivered,2017-07-15 10:26:28,2017-07-18 06:15:39,2017-07-19 19:22:35,2017-08-02 23:49:40,2017-08-08,19ac3243237669fe72ced41961b8066f,2017-07-15
0e42d2ebc62a8ba6900096d9af8565a9,454c1eeaac06aef9e44e33d80b12bdbc,delivered,2017-06-25 23:20:52,2017-06-25 23:30:16,2017-06-29 17:37:56,2017-07-05 11:04:11,2017-07-26,fa516425f2667bd8a5a409f9112e663d,2017-06-25
5115750c51f268f7427daf3657d1a699,403bd0ad9f819c0c4c68d01e298da759,delivered,2018-04-20 20:53:39,2018-04-24 19:21:39,2018-04-24 18:18:42,2018-05-02 19:42:46,2018-05-15,580084272b1d258c20d8cd593e5bfaf6,2018-04-20
545876d1d457c5b38d5f02aacfe12b32,171c87afa43ef26b2e59a3b0883f5a03,delivered,2017-04-25 10:07:40,2017-04-25 10:22:37,2017-04-28 13:11:52,2017-05-04 13:18:53,2017-05-16,048b318eec13e314211f2b3d99b29e7e,2017-04-25
fd9486ae13f513ac59c3f6c23bb003c7,b3533b37eba6b3bf4c05167aeac93673,delivered,2017-05-01 08:59:52,2017-05-03 11:35:45,2017-05-05 13:58:17,2017-05-10 09:13:50,2017-05-23,368c35b244c7bafbebd6481be7a74a57,2017-05-01
1047b7ef8d56907e4256da73c4734bc3,355e5cb41305ac7e8d9291fa1d3648c5,delivered,2017-12-12 10:05:59,2017-12-12 10:50:27,2017-12-15 23:39:11,2017-12-29 14:42:33,2018-01-05,d81abf0f50366f84413b0cec2b417e31,2017-12-12
dd26c70e6896e3faa053b43b35ba8330,2b8c2a8176b08fd269aa0f075938aad9,delivered,2018-07-26 12:12:08,2018-07-27 02:05:20,2018-07-30 12:32:00,2018-08-01 18:34:50,2018-08-15,dc13e860c9b346d7c0ce6157bef3ca1d,2018-07-26
15a5c3e66605b949f4fc77d747f8003d,53ed1b71c8f23d10c4a53e23d922bf75,delivered,2018-08-01 19:50:09,2018-08-02 19:45:21,2018-08-03 10:03:00,2018-08-08 01:08:32,2018-08-22,bdf5270da610426d53cd6011072c87cd,2018-08-01
2c6eb22442df208a5449349806c54a92,98cb426b9331dc7b208e30be8f6166ed,delivered,2018-01-15 09:13:50,2018-01-16 03:40:08,2018-01-17 15:29:14,2018-01-31 16:36:59,2018-02-05,8a3c66f735f2c413d3b7c10f288d5465,2018-01-15
75f19ffdc366b3e66a822a7fafa0db05,69a08b6125c4dbe1e658f5410fa5be95,delivered,2018-04-04 16:44:39,2018-04-04 16:55:27,2018-04-05 15:42:48,2018-04-15 15:03:28,2018-05-21,b5b05f548b0ef6c8f6a6ef4c9eafeaf0,2018-04-04
a0187e7c7bf053267a1187e27e16e58a,096651928eb1bccf690c61c5bf74e7b4,delivered,2018-01-15 16:10:44,2018-01-15 16:31:13,2018-01-16 22:48:37,2018-01-18 14:46:54,2018-01-30,e5bcb7daa146eef209d64b3a9742f31f,2018-01-15
3dcd6dc6516ed823141649f1fee54303,343e60c28c010a14f60d1121ba11a054,shipped,2017-05-31 13:19:06,2017-05-31 13:35:09,2017-05-31 16:20:37,,2017-06-29,155a4fb3a54510a3ddc33184f73851b1,2017-05-31
8ac915a1f508baa87e8fc8d596aa6fc1,018bda31a2c6bf06aaa67fc91f63942d,delivered,2017-03-13 16:32:40,2017-03-13 16:32:40,2017-03-15 14:37:51,2017-03-20 13:23:54,2017-04-04,2b5ffb4c42d26e466ad575ecce365aa2,2017-03-13
46a679ffe9f1dfbb33d7e6795a2ed65e,376b09019901a4e8c4006c34cdb0d154,delivered,2018-05-03 09:59:53,2018-05-03 10:34:45,2018-05-04 15:01:00,2018-05-10 17:07:03,2018-05-25,1ab7bfeac112d74aa33f56e193ef667e,2018-05-03
3eee7c93497d482e7a3c335e325ea0ec,785d58277167fdb610325bd2cc317287,delivered,2018-06-13 07:47:48,2018-06-13 08:19:59,2018-06-14 15:47:00,2018-06-20 20:42:50,2018-07-23,1610d8d6bc3013aaf6e558ec18cc8350,2018-06-13
416c0517339b4d34deb72cb7adfd908e,50234a251c35e59ffaba3b0a8342b37a,delivered,2018-07-26 00:15:54,2018-07-26 20:04:17,2018-07-30 12:28:00,2018-07-31 16:41:03,2018-08-08,8f3111ce59c5dc5de1f424c61c2bd9a8,2018-07-26
ae51ca5d283359defc7f5ff6f471f1dc,d14a493255ac86931c7c838940cdaf6a,delivered,2018-04-09 10:00:45,2018-04-09 10:15:13,2018-04-09 19:19:09,2018-04-10 20:51:50,2018-04-23,e1ea0db4ddd3f5e5e550879004258027,2018-04-09
e0fabe7fe363430bd4783fcc13c39c11,2a200e13a7681982e2babe7390030f1b,delivered,2018-04-07 18:30:52,2018-04-07 18:47:58,2018-04-09 19:44:29,2018-04-10 12:04:58,2018-04-19,1219d654c245523b2dd7c59dd89ba28c,2018-04-07
08061d4bd888415d50ba941cbd4324da,a5730924c1643579117189f58ffa5e40,delivered,2017-02-28 17:10:24,2017-02-28 19:18:59,2017-03-01 13:41:19,2017-03-08 10:54:00,2017-03-20,da66bafae76dd072927d01456c730bb2,2017-02-28
d06d2fe1972261b71b6523b3e17be1bf,04a5bae61b84725c89e46444879d1f68,delivered,2018-02-08 20:35:39,2018-02-08 20:49:01,2018-02-09 20:57:53,2018-02-19 20:22:16,2018-03-06,ddd903c0810a3d568651f55be055c530,2018-02-08
84c6aab1664b33eb5607e118dc4bced8,cd308a85bd46a37859726a36c43ba71f,delivered,2018-04-02 14:54:34,2018-04-03 07:08:27,2018-04-05 21:42:07,2018-04-25 18:46:56,2018-04-23,635c8fb5a76d4ca6467ac179f8f8e3a9,2018-04-02
9ae55c8f50cf083fff3ce944e72f93ac,b366147e3d75526b28797ddc2b03b6ef,delivered,2018-06-28 10:41:18,2018-06-28 10:50:36,2018-06-28 15:10:00,2018-06-29 20:46:52,2018-07-12,b9e4a1512725552582ee58e4e981a177,2018-06-28
0f6b653ecd118489b9010c30444efe8b,64d813c1402f9ca0715be66c3830d250,delivered,2017-08-18 07:56:36,2017-08-18 08:10:14,2017-08-18 16:32:45,2017-08-30 14:55:00,2017-09-20,862ec4475c2a7272275d578ea2ce4cea,2017-08-18
3f3f8127c7e0537f9f74550f3504f93d,bee149e10d51ea292fb297cbd35414a7,delivered,2018-06-30 09:51:07,2018-07-05 16:17:17,2018-07-03 14:51:00,2018-07-09 11:36:54,2018-07-20,270c0ad2a232e4a10be51000bc69eb03,2018-06-30
ef8f0e3dd1d5294a7bbffc78a02a21b9,1febac15f771b57bdc7420f8b19176a6,delivered,2018-04-20 16:38:02,2018-04-24 19:02:39,2018-04-24 20:58:57,2018-04-28 13:11:17,2018-05-15,abd84878fc14079ab3b561fa01189254,2018-04-20
96a5fb2398277bfb8d2854443ac8bd26,5b9227180f4dc629fe89b99a3b211dac,delivered,2018-07-29 22:31:26,2018-07-29 22:44:25,2018-07-30 06:16:00,2018-08-02 18:04:41,2018-08-29,386dc0c56992750e382bed7a3b18e64e,2018-07-29
e5ac19b38666500c28341ce6d9bb889e,b041cec79db612cc381c5d8ab339fd99,delivered,2018-08-16 14:05:39,2018-08-16 14:15:26,2018-08-17 10:15:00,2018-08-20 18:34:42,2018-08-22,08e477277c482ff7b46d7c67dd8bae83,2018-08-16
e23156a0a06f554615d0ea438a5914d0,d0c879710eef9c59675858a82f196f39,delivered,2018-07-01 22:01:45,2018-07-01 22:15:15,2018-07-03 06:33:00,2018-07-05 21:38:34,2018-08-03,99c2432f032d3025a9bce64f35cdd72c,2018-07-01
40fceec24d509aa4b63f4b0ba9f2621b,d498b6125c1dfef15bd1ef7758b3d442,delivered,2018-01-29 11:02:53,2018-01-29 11:21:15,2018-01-30 19:55:23,2018-02-21 12:54:47,2018-02-21,021823ac7f57395504b4fcf2df8667f9,2018-01-29
73bc6db90951e4437a878190cc02c0fd,3708693adb269c482bfa8f7764e35b48,delivered,2018-02-09 09:02:36,2018-02-10 09:08:18,2018-02-15 19:33:34,2018-02-20 11:47:52,2018-02-23,cbfd57ca77942412f139a414e3013416,2018-02-09
2e97685820b5ee3efa8b213f18899387,f0c6d30998bca486c30fdd2796a1c2ac,delivered,2018-02-02 13:59:55,2018-02-02 14:51:55,2018-02-06 21:45:12,2018-03-23 23:26:54,2018-03-09,c5c1490c815ba09f537071854cf7892b,2018-02-02
975d1705d55439b69ab5bdbe5195624c,92064efc73246b7a4f5051321f158897,delivered,2017-12-26 21:54:01,2017-12-26 22:03:26,2017-12-27 15:29:08,2018-01-08 16:52:34,2018-01-26,5ca005699efe663ab589ac804b36c9f0,2017-12-26
27f77f464517bf38aeed1e2f4ddaba87,3908f5f8c889e6903a48e309535ec85e,delivered,2018-07-23 22:38:13,2018-07-24 10:31:29,2018-07-25 09:07:00,2018-08-01 18:21:05,2018-08-13,6bcfc16246486f925fbaf30ad9cf3caf,2018-07-23
e21eee73ab66fa66d563ed4ceff5f0a7,1701de86da9c0357f7fdbbae51e66c29,delivered,2018-08-07 14:58:25,2018-08-07 15:10:23,2018-08-13 15:26:00,2018-08-17 22:59:34,2018-08-22,ceb66cc17afe15e697db5f8ba47c7182,2018-08-07
a57f69a30b656e82f1c0a04f0f644e34,1d4a4c17dbdec7af9f63bc4261f2537c,delivered,2018-08-04 15:58:43,2018-08-04 16:10:16,2018-08-06 13:24:00,2018-08-09 00:18:33,2018-08-15,b5342d59b7905647e98f66e3985f0e3f,2018-08-04
a38c072854d468d2cb7dd3aefde599c5,00c82b169fb6a103c5274dc731295a98,delivered,2018-04-20 13:04:09,2018-04-24 19:10:33,2018-04-25 12:43:00,2018-04-26 18:57:15,2018-05-04,cb8fde758b25902db18315240ebd9b07,2018-04-20
39772b0c00ea1058ec90761ab94aee16,f406d9b337d8572b6816a3b6b163f552,delivered,2018-04-10 14:33:12,2018-04-10 14:51:05,2018-04-11 19:50:56,2018-04-12 20:07:39,2018-04-26,98e8c6ad50bdb7b604a47b51f14d22ff,2018-04-10
b2675dfd21a0a28ce21911879651b4d8,e1e2548b6530546bddddc6dc623c6281,delivered,2018-06-10 11:41:07,2018-06-12 04:35:48,2018-06-13 10:29:00,2018-06-18 17:05:39,2018-07-11,a2eb3545fdbc2c6687e8d66c78c206d6,2018-06-10
68442190a6c60659698fde46bcaf0e9e,929e321fd1897048b1bc0825d394f9ae,delivered,2017-07-07 21:13:47,2017-07-07 21:25:15,2017-07-14 21:51:50,2017-07-26 00:57:59,2017-08-07,2b542e9d53c87acac31bfb965c7c3ae0,2017-07-07
eb9023b9c9f2c92ef54ee1b641b5c431,a7e2477559074ae9de9939c720f318df,delivered,2018-02-24 20:23:36,2018-02-24 20:35:34,2018-02-26 20:35:07,2018-03-10 11:22:47,2018-03-26,a7d5dce7bea3a84d7eecb6b7e5a09b56,2018-02-24
37def1f304d4a5cfd597d66b3a778e9e,52cbc1b147fea486193ee68db886f4ef,shipped,2017-11-11 17:22:09,2017-11-14 04:26:55,2017-11-14 20:35:14,,2017-12-05,c27a30338b5d9d59399825f77e7dcc61,2017-11-11
75b64503e5bdf90fddcbdb6adc256516,b88b7689eba14a29896c654986bec727,delivered,2017-06-18 15:22:24,2017-06-18 15:35:07,2017-06-19 21:14:49,2017-07-06 09:33:02,2017-07-14,ba2c1895f7a564980172df46b35fe611,2017-06-18
f8631b34c3dfdad3833c611007f62455,2c6d8106aedb66ddebb0220e5a260fc2,delivered,2018-04-23 11:38:14,2018-04-24 19:04:32,2018-04-24 20:04:10,2018-05-02 12:35:41,2018-05-14,0a310f2b5dba96e9efede8f5640f0acb,2018-04-23
469404dde93e111d4a7349b2608381d2,c7ee731467a6da2fa41787bcb6ce05f6,delivered,2018-03-05 09:45:16,2018-03-05 10:28:58,2018-03-05 20:20:14,2018-03-15 18:45:29,2018-03-21,fe222e7dcf318adbf741789c7dca025a,2018-03-05
5000d08e089db4f432f3982d25f483de,2acd802c888c02c8d2b550a0c7b357d4,delivered,2018-07-01 19:51:47,2018-07-01 20:10:04,2018-07-03 08:55:00,2018-07-10 19:07:36,2018-07-27,17b4caf45618845bac7a29610ee921ce,2018-07-01
a341a07822f9eae416a6ed32e4509752,1a267b5671a26c831b4039b240e291cf,delivered,2018-03-03 17:49:10,2018-03-04 18:08:29,2018-03-05 21:33:04,2018-04-04 14:58:37,2018-04-03,87134502dc72462e2d38767979c2090c,2018-03-03
892bc6b7b20e6f3955f2c64cfacac80f,15612247137c536251539392ed4e16c4,delivered,2018-07-14 14:41:44,2018-07-14 14:55:23,2018-07-17 14:49:00,2018-07-21 13:32:01,2018-07-30,fd053a3ce2f62dd465958599b730e39f,2018-07-14
a5bc76cff5020a123d1fdbbf26e06774,60968a8a342573e9f88a5507a0e322d1,delivered,2018-07-04 13:05:20,2018-07-05 16:24:48,2018-07-05 12:42:00,2018-07-10 23:24:44,2018-07-31,5a640609435fa8e64bb1d70d3df23b01,2018-07-04
dcd37d4b107e3f9e086e4b0ff4d087e3,20c1c62e6d76d1efd0a6b78b5477191f,delivered,2017-04-04 19:01:02,2017-04-04 19:15:13,2017-04-07 13:14:20,2017-04-20 12:25:50,2017-04-25,86de506b9b12ab7fe977b53def0736ef,2017-04-04
67c03c278fad216ed9ab5573e8cc551e,4105eb02085967932bed76c39d8153a0,delivered,2018-02-08 18:30:47,2018-02-08 19:20:25,2018-02-16 16:52:27,2018-04-30 15:46:47,2018-04-02,ee8602ef403d6835792a531091c924aa,2018-02-08
cef25673fc64efd9564270760806eacc,310b2ccafef3236ae0d753c09ce26afd,delivered,2018-05-08 14:17:22,2018-05-08 14:30:34,2018-05-10 18:29:00,2018-05-16 22:14:41,2018-05-25,9ab71138a8522cc94a49857735854ed3,2018-05-08
6c1b56e12310e446624917427d430c95,78dd48a05a217df468b6c598369075c9,delivered,2018-03-20 22:02:46,2018-03-20 22:15:42,2018-03-26 20:41:48,2018-03-27 23:28:45,2018-04-02,6c714b014e84bfb2f117ed8429e63c9f,2018-03-20
b1754d9afe2ab71961cf95f27257ab55,ed39eb2a370095119f9e4bfa282c7f57,delivered,2017-03-04 21:16:41,2017-03-04 21:30:11,2017-03-08 16:15:24,2017-03-13 11:34:28,2017-03-29,5a9966d51e8f4ee8e409ed208a3dfe0b,2017-03-04
84295d74f40adb034c954659df22fded,7c2df1f7ce2d2e1cac99169abaca6b31,delivered,2018-06-06 11:10:35,2018-06-06 11:33:29,2018-06-06 12:34:00,2018-06-25 17:05:39,2018-07-24,504851f5d7c2a932a7b22a7632cd6e01,2018-06-06
d117f734dc931d9211a88825e4d8554e,99894d64cc603d4288c12feeea4cd198,delivered,2018-04-16 08:19:30,2018-04-16 08:35:30,2018-04-17 15:12:21,2018-04-20 16:02:43,2018-05-14,4f6b048ca4c0cfae805e333ec00d6e67,2018-04-16
1cebcb9fc81f76f727c7be020cb6cb49,df60b6f129c54677f5862b3b7083f2e5,delivered,2017-12-25 09:17:47,2017-12-25 09:27:23,2018-01-03 17:47:03,2018-01-26 23:52:59,2018-02-01,cf0a46b5b2fdf2e749e27e2c381817d2,2017-12-25
690aced0c45baa76c7cb7b88f7113b0a,c3b9931b761f4233b0be7a70702284ac,delivered,2018-02-27 15:08:49,2018-02-27 15:29:46,2018-02-27 23:55:01,2018-03-01 00:46:00,2018-03-13,bd2264a1c37b3a4de131a572b724bfdb,2018-02-27
927b9b53e41f5c821e1ec7d7f8b01a16,9c408915b4181d278ff01d8746c8c943,delivered,2018-06-21 18:18:01,2018-06-23 01:15:53,2018-06-25 11:07:00,2018-06-28 18:46:34,2018-07-13,28c4cb2b407652ca3bace8041ea748e8,2018-06-21
6d324f7246184ff9ac91728e4ade6ec1,89902f85c9a42d8c33cf4a1ee98e73d3,delivered,2018-03-27 12:28:45,2018-03-27 12:47:36,2018-04-02 14:28:45,2018-04-19 16:46:30,2018-04-17,f54b57002258883f5319856133f0cdb2,2018-03-27
4ab89d9dbd3924ff720ba734b538956e,1156f4f97cb65122bcc46ac87bc72740,delivered,2017-11-22 11:18:24,2017-11-22 11:29:22,2017-12-01 20:18:35,2017-12-15 00:52:02,2017-12-13,a1df5add9fe4a0983924401ebab1c8a7,2017-11-22
fcef6b2702ddfbf4e13823c52d95627b,a904dc26e7794ac3fb871bc49195d70d,delivered,2018-06-05 20:04:09,2018-06-05 20:15:19,2018-06-13 15:08:00,2018-06-20 00:33:05,2018-07-16,11fef20326286fa000589d4c083fd224,2018-06-05
ea25b59c25bc728231bbd0e8b6134ef1,7f399d641e2e2064470145178c9e8778,delivered,2017-05-18 16:27:03,2017-05-21 10:35:16,2017-05-22 11:05:04,2017-05-26 12:05:39,2017-06-09,90436a67885a57f147fb79e6d0e4bc1c,2017-05-18
b86cfc8954834fab221b340aae0d49a8,902bcd9fc27e575f2c7535ed2e57d620,delivered,2018-02-04 02:24:39,2018-02-04 02:35:30,2018-02-05 19:41:53,2018-02-23 18:46:07,2018-03-15,8b92cb52a176c67c5df52df2947db383,2018-02-04
55a479bf08c3471a0ba7dc91746f2557,a610735ee9b5d6a27318e3fc58ea14ca,delivered,2017-06-26 13:55:45,2017-06-26 14:10:16,2017-06-26 15:17:37,2017-07-10 19:11:56,2017-07-20,6c83f3a834852a8d4d60e2b386b56e6e,2017-06-26
30593e75030fe6f0927c50b59d997305,a99bad98823fb5fd025c8cec24159b52,delivered,2018-02-06 22:19:06,2018-02-06 22:31:34,2018-02-07 17:29:29,2018-02-09 13:48:59,2018-02-22,f9704121a4976d0e50152ac4a3cd39e3,2018-02-06
02ca7369ae10c2f90a73b79be24387cd,487681f69a60358b365e3e615b072f4a,delivered,2018-04-25 09:13:43,2018-04-25 09:33:16,2018-04-26 14:33:00,2018-05-11 22:07:27,2018-05-25,7dd4439944853519fefef3a0c7196d30,2018-04-25
5d052bba15113c0ee4700d9916844605,f37806b39c94c4f2955426d5de77b4fe,invoiced,2018-07-16 10:15:36,2018-07-18 05:30:38,,,2018-07-31,164034d842a1685fbfcd16525cb31bb3,2018-07-16
ad2366f215c672f85bfba7336350ee8b,04766c84e9c55280866c5adb180dd21c,delivered,2018-01-04 14:15:24,2018-01-05 02:33:36,2018-01-05 23:14:36,2018-01-22 16:37:05,2018-02-05,f12c12749c4b7c7d8716f9bd166a14f4,2018-01-04
2297a47ed15e99116ac68cdb390cd700,65f66bced8bf7a1879abfeef1efd54e7,delivered,2018-04-04 19:21:32,2018-04-04 19:35:19,2018-04-05 21:56:47,2018-04-20 22:22:14,2018-05-02,8f601c7d9263ca954656792b02517b3b,2018-04-04
d8af0191c574aef677e1530618925317,2f372ae7d95e2779ee17f613fab6d60b,delivered,2018-03-25 12:13:41,2018-03-25 12:27:54,2018-03-26 19:41:01,2018-03-29 16:04:17,2018-04-12,e2d30c348b9f2b1ecc941dbfc545e84f,2018-03-25
7ebf85bfac2ce83f0e584e02a6f225b4,db0e1df144d773611064d46bb16e33b1,delivered,2017-05-06 11:33:11,2017-05-09 09:50:14,2017-05-10 11:58:09,2017-05-16 12:44:55,2017-06-02,fa2666e84063ec0bfc0e66b89ed60a08,2017-05-06
0eb4df6bfdca047c300acf9d25b04391,2aa931dd6ed277f3b1a2462e80d59fc5,delivered,2017-11-19 14:10:05,2017-11-19 14:26:15,2017-11-28 17:13:33,2018-01-17 21:05:00,2017-12-19,15790495a9af676a9d74eb46f5a8e9a3,2017-11-19
ba7cd78ca5cc6ad6a8aa23fd95de7f6b,a8c79760eca9c3b963886d9511cfbef8,delivered,2018-08-07 12:12:03,2018-08-08 08:50:20,2018-08-08 11:51:00,2018-08-21 01:17:29,2018-08-30,f92274a1d723b69e12ebe707fe0cef02,2018-08-07
2b3291e4a5989aa74da08124229301dd,acaa5bdb7459498e16b8f342bfd3b673,delivered,2017-11-28 19:20:13,2017-11-28 19:35:36,2017-12-01 17:06:58,2017-12-06 22:43:35,2017-12-13,586d40194eaf4932c4c5d248926beae9,2017-11-28
0199edc5b01351df8e73a674aa473ee7,669fa2dbff38c196161e330c91842143,delivered,2018-03-26 19:33:09,2018-03-27 04:10:16,2018-03-27 23:43:08,2018-04-03 19:38:37,2018-04-12,20225309debb0a9e1031b180d6133758,2018-03-26
ba56a5684dac89a26445f7aca74c556f,a59c9f9ebbbaf186f4a1049572b84793,delivered,2017-05-14 19:12:49,2017-05-14 19:22:23,2017-05-16 12:03:22,2017-05-20 07:14:50,2017-06-07,d8ad2c0c09bb419ee20bbbda66ed6d9c,2017-05-14
6f6fb5a1685d21efac70b753fd9f70a3,86f4256cd3618d9110edfb952a008c65,delivered,2017-10-10 00:07:07,2017-10-10 00:14:25,2017-10-13 19:19:01,2017-10-17 00:14:50,2017-10-23,442744b6da00323e5f67a7414cfdf670,2017-10-10
bca6973318908880784628d67b5ac023,de5636a5bc58bd6f768056b29a4b1fb4,delivered,2017-12-13 14:32:53,2017-12-14 19:47:18,2017-12-15 23:41:49,2018-01-04 20:43:38,2018-01-08,6992efce7277b17ef680a6693c589603,2017-12-13
dfc7641abef4e3145eb2f9817c95dd46,0042d04ee8231b36dcb29aac213f5db4,delivered,2017-04-10 21:59:56,2017-04-10 22:10:19,2017-04-17 12:04:56,2017-04-20 12:30:20,2017-05-04,9e5f9798a71d8f5ec3020a5500d70430,2017-04-10
15751f20a5f6aaa3d32357f9b19cee4a,171e18740969366355f33770c9281b39,delivered,2017-12-20 13:12:41,2017-12-20 14:31:37,2017-12-28 17:23:39,2018-01-04 17:17:25,2018-02-01,cada89dd93b7a82b2ebaf15713702534,2017-12-20
8f6f263a5e96515d5534199b74cb7748,2a1f6d64684615ad73ce7d05586115ed,delivered,2018-03-05 12:56:33,2018-03-06 14:50:59,2018-03-16 12:12:44,2018-03-22 22:56:29,2018-03-21,f0d3389b217aa61b5a66744ddd694cc3,2018-03-05
97c03a7db982e3af99d766bac1aadc7f,cb6623755c5572877aa65de62c147da8,delivered,2017-11-21 15:22:12,2017-11-21 15:28:25,2017-11-22 23:51:26,2017-12-20 09:36:50,2017-12-20,b8aa868bbd634205e273b8260542d652,2017-11-21
1911d0f0f31e05d14c9e1f82c069f550,610fec793d32685ac025e21dc3aaae71,delivered,2018-07-07 15:41:41,2018-07-07 15:55:13,2018-07-12 13:50:00,2018-07-23 11:20:42,2018-07-31,f2993a5e8702bb0803b0dd4a0ea6613a,2018-07-07
abe83805a67ed7f77964c988b79f5598,2b134b9db1de9df1353432128c8d29ac,delivered,2018-05-10 10:39:08,2018-05-10 10:56:41,2018-05-11 09:41:00,2018-05-18 12:38:46,2018-05-24,f35d1e92ac21650ca4c034199c8306f7,2018-05-10
f20149c97a729f673c9dfdcb181f8b97,4785457a74ce730e32aeb085b9dc08d9,delivered,2017-09-14 11:12:33,2017-09-16 02:50:26,2017-09-18 20:55:59,2017-09-21 18:18:53,2017-10-04,c4d7513f13d600e335a6a34f071fbd37,2017-09-14
c22f4ba5610aa110fb73444de7600a2e,ed7c9514731cc85c9cd18dbf8115e8b0,delivered,2017-09-28 15:52:46,2017-09-28 16:07:11,2017-10-02 21:32:24,2017-10-10 20:57:43,2017-10-25,fa03405c1fce3650144d97158b4b1849,2017-09-28
c118740a09411f06ab15de06c2623c7d,403a14a4926a6ca3866cfb494cfefc20,delivered,2018-04-11 20:55:49,2018-04-11 21:10:15,2018-04-12 22:34:35,2018-04-20 20:37:35,2018-05-04,4f617439bea51df96df53800f5b19aca,2018-04-11
535c025843acd3d8c280a3b32f77a1f9,1c3515cb387a43da4c50cc8e76b90af0,delivered,2018-05-15 16:53:49,2018-05-16 03:33:58,2018-05-16 15:06:00,2018-05-17 15:58:39,2018-05-23,02e090052258dc8c675daf152e22afed,2018-05-15
3b45662833aa40143c9b91554adf7a0e,7efe476e8b83bd3a931a19c3f600a775,delivered,2018-05-12 15:07:33,2018-05-12 15:22:55,2018-05-14 14:00:00,2018-05-28 20:38:51,2018-05-29,d7b03b6f4d9b5598273d16de25b13303,2018-05-12
0f4b2457d1334bf89f2227405e775293,ce1cc0a75364fd2ec2c90648453e787c,delivered,2018-06-29 17:41:36,2018-06-29 17:50:44,2018-07-03 15:28:00,2018-07-09 23:41:37,2018-08-03,7db0af1dd699f4a8dc069b7b8a7220d0,2018-06-29
53a9376a425911091015328b99a61207,fb86836eceb4ad5ed851ad516492992d,delivered,2017-05-22 19:27:23,2017-05-24 03:03:08,2017-05-29 09:04:02,2017-06-01 16:47:29,2017-06-02,ae2b4e3fee581c9f7a8858c7037a0891,2017-05-22
56d1f75d4f625ce5ac6ab30d22cc35fa,ca9e9193c9f55069cab89ec9536f24db,delivered,2017-05-19 21:06:12,2017-05-23 03:42:28,2017-05-24 12:07:13,2017-06-06 12:22:53,2017-06-12,c216b6155d2d91801d73096e3cad6f67,2017-05-19
9ad64fee55d24429134f71a2955bc677,59f1d52390a00b2dd217bc83dea3aac0,delivered,2017-11-25 19:08:13,2017-11-25 19:18:37,2017-11-28 20:02:42,2017-12-01 18:33:54,2017-12-11,3b66db0062b53e0d86ba958b88cf5432,2017-11-25
4eb1c1f420809094b480338758a8169f,45caf610c28d6422b622f8c0c47b1193,delivered,2018-02-08 20:51:00,2018-02-08 21:08:41,2018-02-09 22:12:56,2018-02-19 21:18:39,2018-03-02,cf5948fa9a726717b2264b9acad4f7fd,2018-02-08
3069c59ca4d7b71a93c01aa815b34ec3,f73053e66b18d5fa21d725a636bc68ef,delivered,2017-12-13 12:37:46,2017-12-13 12:50:32,2017-12-14 17:38:55,2017-12-22 18:48:04,2018-01-08,4ef6c02126b21225e011b242f9f79c6f,2017-12-13
9de3ed40082af7692bf48b0a9126b5f9,8405dbe4e44fefd4597703d00855cbc7,delivered,2017-11-26 20:09:34,2017-11-28 20:15:46,2017-12-09 00:12:31,2018-01-03 19:34:18,2017-12-29,e7560e7a172db1599dfcc1ab7e80cfeb,2017-11-26
f78bc33515cdbf29e0e8c8d86ae6f219,fc0133869f49949a627e38412c914f0b,delivered,2017-12-09 23:35:06,2017-12-09 23:50:29,2017-12-13 20:29:14,2018-01-09 16:18:11,2018-01-09,d3bbb0cbff98cecee048f980b006497a,2017-12-09
dce6e6e08da879e6d93f45db4f137eae,74e2a58bc952380a0f28b1d9686cc8ae,delivered,2018-01-10 10:59:30,2018-01-10 11:11:22,2018-01-11 19:43:45,2018-01-17 16:09:33,2018-02-07,4554efdf0417c7c9c773675499fce36b,2018-01-10
e3f36e2bde7883f92b8fe4b30e166321,80242c91ddfa33f978e5ea91a1a053bc,delivered,2017-10-13 08:29:52,2017-10-14 18:34:47,2017-10-16 20:25:42,2017-10-24 14:46:11,2017-10-31,75479d4c7ed6116ef584650104f74a36,2017-10-13
c81ac01b43070a78c7039041dd0578af,c28f25ff63f6e64318f04142b8220093,delivered,2017-08-01 22:40:02,2017-08-01 22:55:13,2017-08-07 17:57:49,2017-08-17 20:22:23,2017-08-25,417a3c7a0fe1f346f798300b85a4e390,2017-08-01
2a236d408cbbdc06f6019be47dbab042,9a95d672b3ebf11420d104a1838e2788,delivered,2017-11-02 11:10:32,2017-11-04 06:50:24,2017-11-07 11:47:28,2017-11-16 21:18:42,2017-11-29,c9c8c74d8dcfc0780d40a15dea13551b,2017-11-02
eda6dfcb0628b8c84aa77ad2d79ed78b,4a5f75786d4070ba4c6ba66c37b6b007,delivered,2018-04-05 13:27:20,2018-04-05 13:48:42,2018-04-05 22:58:28,2018-04-13 23:05:53,2018-04-24,bf486091c0dae20552f2d22648e43559,2018-04-05
204618d5b8734931d5988bf6c4827e48,d7244bf822c9028b0c0635c1e3948047,delivered,2018-02-28 15:28:01,2018-03-01 15:35:47,2018-03-03 00:22:47,2018-03-14 12:21:21,2018-03-29,b4732f7f936d7ef982279a97cd38251a,2018-02-28
40516474d4dead1446fa9e9ae60d233a,59e7eac5aa0ac369fae8fd25b9248058,delivered,2018-02-08 08:39:50,2018-02-09 10:11:51,2018-02-14 19:22:46,2018-02-27 23:02:01,2018-02-26,856ff58d07ff1f761b66ebbf57c5f202,2018-02-08
8ac6e77e1c72888c65cbe9e246fac46b,3c23b9abaaff0ca38f4116be91be60dd,delivered,2018-04-09 22:05:32,2018-04-10 00:15:59,2018-04-11 16:39:00,2018-04-24 22:06:36,2018-05-07,aaa7c1e124b4e0c8b9244ede5725e604,2018-04-09
b94ed56e7cf14b4a7e4b2deb37eb7344,06681f8d9c32da6c220bfee448bc13f0,delivered,2018-08-09 21:19:01,2018-08-09 21:30:21,2018-08-10 12:34:00,2018-08-17 14:45:06,2018-09-05,5aa7ef34373fcdc118b1b3b29f663754,2018-08-09
0e69198c87f4da026d7daf96d91b194d,c66385e8fa584c0c9af80ffa0408b3c0,delivered,2017-05-13 22:22:03,2017-05-13 22:35:13,2017-05-15 14:21:49,2017-05-21 09:47:56,2017-05-24,822d25972056ef51050804f1e0446f40,2017-05-13
be3b5139d2f6babd057f6f5d98bb1b3f,97dbcf3e4d5eb4fe2bbbf92d9e64083f,delivered,2018-02-27 22:18:18,2018-02-27 22:30:28,2018-02-28 17:49:06,2018-03-21 16:49:39,2018-03-21,a48616b0798c3f1d5cae097c18180be8,2018-02-27
47d7bd38284cac71afd4fb618c810b6b,c0d62b7f7cbf132ac5b63980cae215e1,delivered,2018-06-06 18:37:14,2018-06-07 18:36:15,2018-06-28 11:54:00,2018-07-02 21:22:23,2018-07-12,487e7e69517aa5d6fe673aa3d46acf06,2018-06-06
a433f43c39b2899cded8d987e2995c3c,6a20bfff0b7d52cbf95122d265fd6d3e,delivered,2018-03-03 17:03:59,2018-03-04 16:55:58,2018-03-05 19:33:31,2018-03-19 23:32:01,2018-03-27,97fa0ca14ad0d5effa5d28769acc4123,2018-03-03
912ee91a09a8aa31ebaea1dd72a03338,750619a6b23aba34dd4aca4bf16ef038,delivered,2018-06-18 11:54:08,2018-06-18 12:37:15,2018-06-20 12:27:00,2018-06-26 20:48:48,2018-07-16,213646dc5e7c5cd56f8a4237109c5d3b,2018-06-18
3704d17afc13e380638fecad7d62950b,9abeef2af5c5ee50b19526deb79ab09d,delivered,2017-12-12 22:24:54,2017-12-12 22:35:46,2017-12-19 17:35:35,2017-12-22 17:08:05,2017-12-29,1ac114b9858e5e52dceac97ef523c08e,2017-12-12
c1b556dfb56a3302a7d965e0da3d5e11,5f8ccc8699533641733dbea1fb6240ed,delivered,2018-05-05 21:14:48,2018-05-05 21:33:09,2018-05-09 15:48:00,2018-05-15 01:06:27,2018-05-28,db0e222b5e0283044c629107435f8bf1,2018-05-05
d71ab635f3b4f2f570959c702bafd4b4,8edd4b2eccfe220bfddb9cd005aef734,delivered,2017-05-13 17:06:32,2017-05-13 17:22:37,2017-05-15 10:27:42,2017-05-18 09:17:00,2017-05-31,a817de74218405ce5976d862b0b2fb04,2017-05-13
e68fc011bb042df40be9a8a5c437fc16,84ee6b8989bc8d3a47741cb014fb701e,delivered,2018-02-21 09:50:24,2018-02-21 12:05:32,2018-02-28 12:54:55,2018-03-13 01:48:59,2018-03-13,d1552e7440bc770b89371f4c8c55cea0,2018-02-21
1d2518947fc063827004a375094fb10e,3c5671aa7639d2fb63452327a4664704,delivered,2018-01-10 16:42:22,2018-01-10 16:49:36,2018-01-12 21:03:43,2018-01-18 13:47:04,2018-02-02,d702df73f485cb61f520d4a3e7116e13,2018-01-10
88765c7c25c8dd40cefcd887f3c8cd8e,69ad7c75c00e77e4a1385cf071fcc95d,delivered,2018-07-10 12:29:11,2018-07-10 12:45:39,2018-07-12 14:24:00,2018-07-23 18:32:20,2018-08-14,72417afc1c92056a541b10675107199a,2018-07-10
b90cc9e10252911c2092a1e49794aa13,6e1a602109cbb0df79760cab3a663991,unavailable,2018-02-07 11:42:41,2018-02-07 12:10:31,,,2018-02-23,aaf00c4cf40ae5b125c7f169dcce2fa3,2018-02-07
34a114524c5f794047b202c0c85f3a17,6b046aaff7c534e92afaf2b90a8bb490,delivered,2018-07-19 10:26:52,2018-07-19 10:35:21,2018-07-30 12:58:00,2018-08-02 13:52:39,2018-08-06,820e78bf5449cb1bafbc56095ceb77a7,2018-07-19
b0cefae8126a97c2348f53ba5aebd506,e1028380a416953a189b17d94ff1896e,delivered,2017-11-24 06:13:31,2017-11-27 11:35:35,2017-11-27 20:40:05,2017-12-02 12:03:25,2017-12-19,66a487536bc8f5801030fe28db930d81,2017-11-24
3c0a214a5ba7ab90427502f4d578b659,eee1fb0fa6908e9fe26266ba3b149653,delivered,2018-04-01 20:34:04,2018-04-03 05:50:23,2018-04-05 03:07:44,2018-04-11 20:08:39,2018-05-15,a296002504547e167a6167985e3fb7a5,2018-04-01
b62c9d7c54bcbba4952040001348e00c,f7d8593f21cd130734e1c9da45f32924,delivered,2018-04-13 15:07:30,2018-04-13 15:32:52,2018-04-20 19:46:35,2018-04-24 16:48:48,2018-05-10,5914429b9cb0e9fa4066c7080f4537c1,2018-04-13
43d728eec3870f49879d83353cf245d8,e8c392c20c1239beefee7e67fa598f44,delivered,2018-02-15 14:17:46,2018-02-15 14:30:23,2018-02-17 00:24:56,2018-02-18 19:22:42,2018-03-02,e9a97fcfcf4b88187aa053d39b749688,2018-02-15
5f082c0821ef7e1812362878c7268aef,31dbc13addc753e210692eacaea065e4,delivered,2017-11-18 00:58:41,2017-11-18 01:15:33,2017-11-27 15:42:37,2017-12-29 01:48:17,2017-12-28,5dbba6c01268a8ad43f79157bf4454a0,2017-11-18
a22bb4b44152c9a83688e2a3652d2154,9d08902b64a84c29f9f22de946be37c8,delivered,2017-09-30 21:12:03,2017-10-03 03:56:24,2017-10-03 21:06:30,2017-10-17 20:33:45,2017-10-31,95895713b28f807f0b208c118a13edd0,2017-09-30
26258cbf6d2a9914460dcb10876cfd01,2a71f0f553e5ed3a56fdbaf9e41f4f5c,delivered,2017-02-12 19:15:33,2017-02-12 19:30:16,2017-02-14 09:44:50,2017-02-21 14:42:52,2017-03-14,5bbd10cfbfcd873ec9bfc10172bbf52c,2017-02-12
73b378f4b10f5210636e40c6f96fe51d,2d23c506ea096fbef6af8adfdee0121c,delivered,2018-02-24 21:09:56,2018-02-24 21:28:19,2018-02-28 23:04:31,2018-03-09 14:12:29,2018-03-19,72ecfbf8c6283b2d1442feed255814a6,2018-02-24
bedcad246f8051ae66375615a3824588,dd3de1d94c4a7be4f1be8984e936f004,delivered,2018-07-26 14:15:06,2018-07-27 02:15:25,2018-07-27 13:37:00,2018-08-02 22:42:33,2018-08-15,f54f82238917d57a362322d78f272dbe,2018-07-26
0ed61f5ab3280ff43b157a6e91942538,676f55d05b1059070b493c5e9e741917,canceled,2017-03-29 19:56:47,2017-03-29 20:10:17,,,2017-05-12,5cc22576ed6032e9dab0501f28f0c33f,2017-03-29
d97670cc7c039da62e3bf444647fb307,007ff1d42a6a44f0e16e18d2d7d5f72e,delivered,2017-03-30 18:55:59,2017-03-30 19:10:13,2017-03-31 12:31:14,2017-04-07 15:10:18,2017-04-24,d7dca5075c207d22e930c7ab977c80e5,2017-03-30
d2f87ac39d8b31e615528ca52e5c8434,4d32030a76802b9be08e025783f041d9,delivered,2018-04-04 09:12:02,2018-04-04 09:31:31,2018-04-05 17:05:11,2018-04-10 15:38:49,2018-04-20,60d5b1e843f802c530933a8edded92ac,2018-04-04
6f28feea2823c775f5b8110ccf4fe754,338fad4bbe7bbf239e0077d785f8ca18,delivered,2018-03-24 10:58:59,2018-03-24 11:40:27,2018-03-27 23:16:59,2018-04-18 21:03:45,2018-04-23,6421809fd24d27fe4d2f9b0de0e3dd0c,2018-03-24
9bd837f7b2734bea1bb928fefebb8c91,be5a493a772f5d77e1a9ef3b791176d2,delivered,2018-05-08 21:06:47,2018-05-09 21:15:37,2018-05-10 22:26:00,2018-05-12 16:08:49,2018-05-16,b88274bc5ea463278efaa456c2b8ee73,2018-05-08
82bc67125dc0c2f0f348a1ec55ade2d8,3bd4f41537ca88b0dafb14f5760a5f29,delivered,2017-08-08 14:44:04,2017-08-10 03:25:49,2017-08-11 16:01:21,2017-08-18 17:23:13,2017-09-01,c92c36470d52540291f4c29068fb7418,2017-08-08
895dce73de79888b14581541cf3a811b,ae546948bceb228b6f6a1980f9c28aca,delivered,2017-10-27 13:26:59,2017-10-27 13:48:09,2017-10-30 21:07:01,2017-11-06 17:51:29,2017-11-17,c6e149b96ed4793d54a9df68edba5371,2017-10-27
d225169bf3bcbe1def3db868a96d69b4,7d85ef5a8f64781a9b17a811b88e3175,delivered,2018-07-30 22:37:18,2018-08-01 03:31:45,2018-08-02 13:33:00,2018-08-08 00:16:38,2018-08-16,264abd7963898374ec074c0863bfb290,2018-07-30
a5543e119a631f1be4191fbc2c5e1e07,d9d0060f76a6e87bf45958860a1a4d4e,delivered,2018-08-15 20:21:01,2018-08-16 03:30:22,2018-08-16 11:47:00,2018-08-23 18:43:31,2018-09-10,35bf77c96c4199cc426de8c6906bf726,2018-08-15
023ae47e11483bdb8aa35fa4662aee1c,a4856ab766d5bbc379fd5c770def82e5,delivered,2017-04-10 12:41:33,2017-04-12 02:43:05,2017-04-12 16:32:29,2017-04-18 16:50:30,2017-05-05,53b6b5d65fbd2f3375bd4ae0b72f4023,2017-04-10
199333052066b5ab18aeb76df7c69429,4794e0e0c79bce9810e1f1203c2ca5bd,delivered,2017-12-07 23:10:56,2017-12-09 02:35:28,2017-12-12 23:28:42,2017-12-29 16:39:06,2018-01-08,35ce6fd04c838f77d9c7ad7031b18168,2017-12-07
dfca157c259bcbad0d55ee3af5df9fa6,de0868e2866ed609cf852c4eb0678613,delivered,2017-08-19 12:11:04,2017-08-19 12:25:11,2017-08-24 21:04:18,2017-09-02 14:35:12,2017-09-22,8e22f5266528ca059d8cbeebee73fc52,2017-08-19
8006a29212bfc6b554bdb445427822bf,47789d830accc4d8e76363591e2e5a1d,delivered,2018-02-11 12:04:28,2018-02-11 12:15:31,2018-02-16 23:08:01,2018-03-05 19:45:42,2018-03-27,0fb659266bac6a67b53255316058270d,2018-02-11
176e0d39e50430555a62ad6d1bb9c25b,60f9275680a519d57e8a22917c30734a,delivered,2018-07-29 14:18:35,2018-07-29 14:30:14,2018-07-30 10:13:00,2018-08-02 20:08:50,2018-08-27,e5912280c9d8c14b4e7778df669dea07,2018-07-29
6081e66cc1fc92a9f303a8f878f5be36,35c9380e2703e3ccb9115042c7cb40c2,processing,2017-03-02 01:33:22,2017-03-02 01:42:03,,,2017-03-22,adf36e3db0e3e5d10445060e5d4324b8,2017-03-02
568360f5a6800365ddcbe2fcf69fdbbe,505e0370f6fa6332751d13b2f8b34030,delivered,2017-11-23 18:42:22,2017-11-23 18:48:25,2017-11-27 20:33:45,2017-12-12 21:14:39,2017-12-14,4d923b47a6cbccc98ffdacb9ee2cdbf0,2017-11-23
cd69c22f5105b415669c70af74584c86,799ab180cdad13095179c83089b9c94d,delivered,2018-03-16 16:38:36,2018-03-17 02:40:41,2018-03-20 01:53:33,2018-03-21 20:05:09,2018-03-28,280277c93c199bcbf317c58cf273fbf8,2018-03-16
041e2854aac3d7cc5af940995ac6be0b,520352d4097142d3c9aae9b7eead7fd7,delivered,2018-04-26 21:23:34,2018-04-26 21:50:19,2018-04-30 16:40:00,2018-05-14 14:13:43,2018-06-11,a52dcbf79fef6560bc5733c599029b3f,2018-04-26
25748bf4790c5ff77d7f5f283fde9129,e4bc111ff6a3672e3fb0a57fe96fa29d,delivered,2017-07-04 18:39:24,2017-07-05 17:43:11,2017-07-06 13:54:25,2017-07-14 18:25:46,2017-07-28,bd8cf21c2e1165e97315e49f4c60ff10,2017-07-04
deaa1c47a15030a3ccb5af381fa16da3,3cc142fd980d48f4c5ab6708c39e11b0,delivered,2018-05-05 14:16:58,2018-05-05 14:30:12,2018-05-08 14:25:00,2018-05-12 18:52:00,2018-05-18,59d21ec211ce8865f9ebabf2bf2669e2,2018-05-05
74a6b2ad7f46bee735d4ea83a022cf3e,b206d6bd13d979abe18b116225e551d2,delivered,2018-03-02 21:07:35,2018-03-03 02:51:24,2018-03-06 18:36:23,2018-03-20 22:03:23,2018-03-22,0880913b39e936f30515d7f65f0a8f34,2018-03-02
32227aa032d4d26f76e2d1b47fa3014f,425997e2880eb20c074277b1018c8c06,delivered,2017-05-19 15:25:35,2017-05-19 15:35:16,2017-05-24 15:39:52,2017-06-26 11:46:45,2017-06-12,ac26525bb6db7ffd62267c99d0d30401,2017-05-19
975762e8331635cb22c551ef99427867,c3d2dc3bd2201a26de36bc82a4b0e3f4,delivered,2017-05-18 19:41:57,2017-05-18 20:20:04,2017-05-19 13:07:25,2017-05-29 10:43:47,2017-06-09,6e178a805c533bffbb6825f5840dcdb7,2017-05-18
133cc4a787cd3b46ae3b9b19b3a6c135,d8b4cfef6d141610bc76d1682fb2df7c,delivered,2018-01-05 22:42:06,2018-01-05 22:53:28,2018-01-08 19:32:49,2018-01-11 19:29:32,2018-02-15,d03dd9901f09dadd412489d15052d648,2018-01-05
9da95e5b2fd14284851567baca5a43f5,d2841a2495705792a3a658ae4e3e1b79,delivered,2018-03-29 20:25:37,2018-03-29 20:35:26,2018-04-04 03:28:35,2018-04-13 22:12:05,2018-04-19,41da0a8cbe03937f174e5ad148ac3f35,2018-03-29
eb5f1eb411fccd8696f979bcf81bb92e,3936a4ba8bf001770c912e8cac8fe8e7,delivered,2017-02-15 17:11:08,2017-02-15 17:23:29,2017-02-21 14:23:24,2017-02-24 09:54:02,2017-03-22,3ff840376bfe78bf6a9e6e01ae0b9ead,2017-02-15
e09b9e96eeb0f9e3351ee58b00dabfd5,7ce9891b75e0689350d20da70cd08eb7,delivered,2018-04-27 14:04:53,2018-04-28 03:15:33,2018-04-30 11:32:00,2018-05-24 02:58:41,2018-05-24,66a21d007f510900f772d6a6d74c51cf,2018-04-27
8a01d373ee6ec9c5f0a674fd7d0a2d38,554fd6766127eeaccbca99b45656212b,delivered,2017-05-29 22:35:39,2017-05-29 22:50:09,2017-05-30 13:02:16,2017-06-02 12:56:08,2017-06-19,035ffa7250a2c84c621d2374a268b345,2017-05-29
404b2949c065b6dbade2af97cfa93527,8ae31420d64c380a94cd26face788abb,delivered,2018-05-08 16:45:13,2018-05-08 17:11:34,2018-05-09 14:43:00,2018-05-15 18:54:38,2018-05-29,66919cff46a877e487fa08d2f1de9a93,2018-05-08
6589f771e13f9a378a625ea0cea60816,d7d34c489950e92bcf11fa758dbf6d1a,delivered,2018-05-14 00:01:30,2018-05-14 00:15:19,2018-05-14 15:25:00,2018-05-16 20:16:40,2018-06-18,56e99250274944f6339597af9e1588ac,2018-05-14
0c65b54ed2c147ffd0092eb2308ee63d,0aae2862f8eac77f10a34f44860720ac,delivered,2017-03-23 11:07:12,2017-03-23 11:07:12,2017-03-24 10:36:22,2017-04-04 14:58:07,2017-04-13,cd076285a12f40041b32f5ad8c98699f,2017-03-23
34a9a98676d240a885b690f92ef1b430,ee5d17d6f2cc680e2a43b6751e6ac93e,delivered,2018-02-04 15:29:34,2018-02-05 11:35:48,2018-02-06 19:26:47,2018-02-19 22:57:07,2018-03-01,74d1a8720681a24813147f548b68a81f,2018-02-04
a34f7357d374e2ef18edb18881327a0e,17b0a5b70ea69cbaa9623c8946d85bc2,delivered,2017-12-13 16:11:14,2017-12-13 16:31:42,2017-12-16 11:41:53,2017-12-23 18:03:03,2018-01-09,c375bfda01d6951d71d1dcbb50b13ad3,2017-12-13
1f6ef8d84ea50c073459dc2a75f446d0,98b5548b027bd06219831627376d7bb6,delivered,2018-01-09 11:09:53,2018-01-10 10:32:17,2018-01-11 00:46:31,2018-01-12 20:11:49,2018-01-26,50b6d04631e4ad910c95843dd069492b,2018-01-09
547f2652ebd95d8e369d22057e1035a2,aa31cb4c8f89a13e357f2fb946a14d9d,delivered,2018-03-31 18:04:13,2018-03-31 18:15:13,2018-04-02 20:12:16,2018-04-17 22:36:36,2018-04-20,ce752ea42508dd1974815c4407da5463,2018-03-31
893a4c6dd6508b5e0db4f76986f77a3c,1170a75d754e142998178bf65a646fdf,delivered,2018-01-29 12:49:14,2018-01-30 04:31:19,2018-02-02 15:52:02,2018-02-20 15:19:32,2018-02-23,da2d80189655ffc2e30be14e972fac58,2018-01-29
5914b571e2efd1eca2e2d5dc0a50f155,89b4427a50c31a3a75b286ec4494ae6b,delivered,2018-04-23 21:17:41,2018-04-24 18:22:56,2018-04-24 16:36:40,2018-05-15 16:17:33,2018-05-22,78c0943cf24eb4745a2ccd23baa7e7c3,2018-04-23
4ec007fa66327a51919a32d840b49395,37495158e596d9ed20f3a53e8beab81b,delivered,2017-10-15 13:09:03,2017-10-15 13:26:18,2017-10-17 16:35:53,2017-10-25 18:29:42,2017-11-03,ac7de73e07c456ba7c3280010fd90678,2017-10-15
2cdcc5a4a3365e4e73abd4d0774f8636,457aa2d8f32998f155e8d037e5833c89,delivered,2018-06-15 14:48:35,2018-06-15 15:03:59,2018-06-18 06:48:00,2018-06-22 17:58:35,2018-07-05,28a14fa019f261a7bddfc820dae8d616,2018-06-15
b28a856ec450375c2c61dfb94250fbb0,a5b2145cb0a276784c2e3fb28cd1d565,delivered,2018-08-02 18:01:24,2018-08-02 19:05:18,2018-08-03 16:56:00,2018-08-08 13:51:52,2018-08-09,49f8f0fe12795257f4c54b14c06e2f38,2018-08-02
405fcf4896f700072195eae96311134c,7f0c5c75576d4445ce6793cc0083c358,delivered,2017-02-24 19:09:06,2017-02-24 19:15:15,2017-03-06 17:48:37,2017-03-13 15:03:17,2017-03-17,d7dbbc7712693c0578ead69f29911162,2017-02-24
2d3ea45912e1469b558f6235da4d1689,ea8e40b3329968c9a48b9e1928e98017,shipped,2017-08-28 16:05:03,2017-08-28 16:15:27,2017-08-29 16:58:12,,2017-09-08,483b26e1bf0f4797e5512d8849d90835,2017-08-28
6a89044b7b034fd457b29972e9c1de95,4400679c606139e9ad92327a57b51dc8,delivered,2018-05-09 18:29:29,2018-05-09 18:54:13,2018-05-10 13:16:00,2018-05-16 17:03:32,2018-06-13,7d1706157b6f3c9c99f2f6b096deda26,2018-05-09
cd4669d3b4eb487d41fc3919a3b1b8b6,5a0f0ecb575f5086d899068f5e9519ba,delivered,2018-08-02 15:20:28,2018-08-03 02:45:24,2018-08-03 17:23:00,2018-08-08 19:26:40,2018-08-14,255eddaa20c9ceaa373bc884a216c969,2018-08-02
a129a0b8785b916a293d2203d87b4da8,e318aae84d74bbb35b9ced753d254847,delivered,2017-12-15 22:09:50,2017-12-15 22:18:32,2017-12-18 16:22:40,2017-12-26 16:22:19,2018-01-16,af891fdabc40f3e11c5813f876b5257f,2017-12-15
39d1ca6f8d9875325e5f1491ee9af7e5,1aab1a510808c79a43bac12447ce6ad3,delivered,2017-05-18 12:26:29,2017-05-18 13:05:48,2017-06-05 16:10:39,2017-06-19 12:03:37,2017-06-26,883a511956ad63fc4386fc0445b39fa0,2017-05-18
911c85d3422a9c87cf321ab2ebae2430,92842eb7ac83160a5ab2ecfaba0ceece,delivered,2017-12-26 09:14:31,2017-12-26 09:27:27,2017-12-28 17:36:02,2018-01-03 15:48:21,2018-01-15,ef68ddfdfdda57ba861c05c82be873ac,2017-12-26
a07c319b821b5707ba0b018c7ad63aef,424f7679f29b230ce525eb325dce49a4,delivered,2017-07-31 23:07:03,2017-07-31 23:25:16,2017-08-03 10:17:02,2017-08-07 18:16:00,2017-08-23,de7cad0a39eabfa2285ef0b891ef404a,2017-07-31
07a97e5f41dfa29925b661eee8e73c26,a185286fd87396f263ceaf0a463aae0f,delivered,2017-08-16 10:11:06,2017-08-16 10:35:21,2017-08-16 17:55:00,2017-08-29 18:40:08,2017-09-15,1fe0c3bcd0086ad7fe437508c22d93c2,2017-08-16
c68531b87a0e5baf9b8f526ec20d04e5,917e5d5ee73f29968165ba1553fbe669,delivered,2017-08-12 19:52:34,2017-08-12 20:10:09,2017-08-31 19:06:03,2017-09-16 12:33:48,2017-09-14,3bb416f4bcfed8212d7e5fef2766f0bf,2017-08-12
389815397a4bcdf3dcf64b90c25b3140,3a47005be3c2748d25859444f49b0048,delivered,2016-10-05 20:36:39,2016-10-06 16:02:59,2016-10-10 16:03:01,2016-10-16 17:51:52,2016-11-29,0e1990d494dc3c1a2f5fca4b56c35a4c,2016-10-05
fc6f5e6779d59926b0d09334f9a19030,96cb886e82481d28cb4d2dcd807906aa,delivered,2018-06-12 12:32:00,2018-06-12 13:04:21,2018-06-14 10:56:00,2018-06-30 08:34:06,2018-07-24,09617a6b42ff3438e15e0623d4b99d31,2018-06-12
2545865a7855db1c3ffd110faf83261a,ff8f6d3e8686235229636f5b388e3b44,delivered,2018-01-03 20:40:15,2018-01-03 20:50:30,2018-01-05 22:34:15,2018-01-22 23:19:17,2018-02-01,ea77749bef0ca28ab93f391cda660f71,2018-01-03
86c8fd057d184ed3d5059a43d58ff5db,43fa65283ae3c282181353611356b240,processing,2017-10-11 19:51:04,2017-10-11 22:28:28,,,2017-11-07,bda1747d3e3fe7c62b5ed018dbd81679,2017-10-11
c8dd1cfd0c38b71aff04b1a4298b5b83,a95d7818d3600d96f3c26a24b83a6584,delivered,2017-09-25 23:30:46,2017-09-25 23:49:19,2017-09-28 19:08:25,2017-10-13 18:52:13,2017-10-17,c0b1ceeb9fa9ebfff861450b16713d38,2017-09-25
040729c8c0dc6288b3fb10ca9da26f72,b465a7a0020595db2725747369efedc5,delivered,2018-05-09 13:38:37,2018-05-09 13:55:23,2018-05-10 10:58:00,2018-05-14 14:26:29,2018-05-28,39c7d04d7aafef5be4c534747e64fdd2,2018-05-09
72de821f9fedd9cc09a60fcbc06e698b,a9773f35a574883b3b39609c9390962a,delivered,2017-08-23 23:14:12,2017-08-24 01:45:35,2017-08-24 18:39:07,2017-08-26 16:57:33,2017-09-19,de18795710878308ae1ee6c113107e38,2017-08-23
0a020ef040e4b3065551bb31e0aca1cd,d06d4e2d7fba05929a9efc2721bb1d82,delivered,2017-08-30 13:24:53,2017-08-31 13:30:13,2017-09-01 19:04:20,2017-09-06 20:42:30,2017-09-22,08c071b2da5aff918314430dd54b0c60,2017-08-30
5cc6d864fa9e1a90eaf5207737549ffc,8b574f4c72ba3539b5a1cfe2429352a4,delivered,2017-11-07 19:49:52,2017-11-07 20:06:58,2017-11-08 19:28:45,2017-11-15 16:22:59,2017-12-01,9300ffeb6ecbaeb37ebdb2120a28e1aa,2017-11-07
fbe0baec4dd1bdab2071fa89f4921473,aa649379e102c4a9ac069e4b0a71fd0e,delivered,2018-02-22 13:11:54,2018-02-22 13:28:19,2018-02-27 19:44:58,2018-03-03 20:35:35,2018-03-08,e2c6c791a8b4af5eff1c7d34afc9ba86,2018-02-22
3000d826eb3c8a539ba6d23df8440eba,fcf9457fab222f5249e3784ceadcbc32,delivered,2018-03-19 07:18:35,2018-03-19 07:50:24,2018-03-20 20:14:28,2018-04-06 18:58:54,2018-04-06,18cbad7210fa7d514bfef1c017b220cf,2018-03-19
08e4ccc1239f87c9220cd6a87996d455,aee21b4b5c2353821f920fe3a0799320,delivered,2017-08-21 16:14:39,2017-08-21 16:26:18,2017-08-23 21:40:09,2017-08-25 15:38:39,2017-09-15,8af17078122640cfb1a03b9514b1b971,2017-08-21
9f94b9ef3efc5584ca7b5e1c43bc7e6b,7f7bb20a33bcab60367a32c733c57863,delivered,2018-04-08 20:32:36,2018-04-09 20:30:14,2018-04-11 20:22:00,2018-04-12 21:21:36,2018-04-25,e10b553d8425d9998238a7038f54f31c,2018-04-08
50b885373bbe35c76bf53c301a8a845e,17cfefd6c2f2b503cab8eb0317923572,delivered,2018-01-30 11:41:46,2018-01-30 11:50:59,2018-01-30 23:17:58,2018-02-09 16:58:32,2018-03-06,7d8327f62b7432527f644e60f4eb092f,2018-01-30
c0afa67d21507622f9edddcf9b56ee4b,854f8d359fdc27c049eee8af2e9607c6,delivered,2018-02-07 15:19:19,2018-02-07 15:30:46,2018-02-22 20:13:38,2018-03-23 16:26:25,2018-03-19,de5bda8bc630b48baa85be7503edcf12,2018-02-07
86f54473ab658e573e101bb266ced50e,a345369fd7f6c6ff83b6a899a55af3ed,processing,2018-01-05 13:58:41,2018-01-05 14:08:24,,,2018-02-06,da86b3d698ed82275d92e48b56d7abd3,2018-01-05
0f504e88d6d1e382941f38d3724ec4ed,34a4d38dfc89ce24d9e96604ac22d7f4,delivered,2018-05-07 21:24:58,2018-05-07 21:35:21,2018-05-08 12:43:00,2018-05-11 20:03:52,2018-05-25,844ea4cbc94d7fed3701e87462893ebf,2018-05-07
1030e192e5193c364dc4ee6beff830aa,3742581255b9b4ee5ef68ebc46db2bef,delivered,2018-06-22 13:54:37,2018-06-22 14:20:09,2018-06-25 14:59:00,2018-06-26 18:51:22,2018-07-05,e00cee2193699c15762de7149b64ff00,2018-06-22
3cba3b35a00b76f3a83d1cd84bd9becd,b7b255502cbde4a1c941961626e4431b,delivered,2018-05-27 23:24:55,2018-05-27 23:49:18,2018-05-29 13:49:00,2018-06-07 20:58:33,2018-07-18,60dfa3ea01873e440cf35bccd839161f,2018-05-27
984e49046d60b48b8253d5147b886e1b,e87df3e53aa83dad8d8dcce442c1e4ed,delivered,2018-08-06 14:59:18,2018-08-08 04:45:03,2018-08-10 09:54:00,2018-08-22 16:11:31,2018-08-28,681e49ea1e6ceb13cd7d53312ae92044,2018-08-06
f07589f27657a39d2d7cba90c38cd654,a5fb551249482fed391d7bab51ea2be2,delivered,2018-07-03 13:37:03,2018-07-05 16:17:03,2018-07-04 15:28:00,2018-07-12 20:46:53,2018-08-13,8e0390a6ef234dc0bfc8abfceb9d3f54,2018-07-03
ea9c6e10bc27bfe0cf86e4cda482979a,45a1e42954c59f20f1107ddb8c3f1de1,delivered,2017-10-17 14:10:06,2017-10-17 14:32:12,2017-10-19 15:13:37,2017-11-01 01:10:31,2017-11-08,4de4655b706e7d846268e0e620e3551d,2017-10-17
4f5dafaf09552e7aa5747ae0cb84ffc6,d6273cca22709c2745827b3a0d712bf2,delivered,2017-11-16 23:21:51,2017-11-18 02:50:35,2017-11-20 18:48:41,2017-11-27 14:03:42,2017-12-07,07e0e472a351d2ea0a1130ecc7c2d2e4,2017-11-16
9a4d4974d2926454cfa3eda000c6c273,6f0609828423e495e8fb4f448e70ea40,delivered,2018-01-28 19:47:37,2018-01-28 19:59:12,2018-01-30 14:42:34,2018-02-15 21:52:53,2018-02-26,15759dc80467b766cec285ec698fbfda,2018-01-28
8d91588bf6ce83db4198f80c56776af6,f9008af45b5b5be6dcdc3076b7c938cc,processing,2017-03-04 11:07:35,2017-03-04 11:15:18,,,2017-03-27,a05e9daf9f1832f45a0d57975b34a028,2017-03-04
2d2e008f58649a2e2e37304de7fa1ebc,159b87ea31606350ad0ec0ce82bcc854,delivered,2018-07-30 17:41:09,2018-07-30 18:30:51,2018-07-31 13:32:00,2018-08-03 18:49:47,2018-08-10,c1d7645f81f948e0515b563056bc4828,2018-07-30
b3224f0819fcb5e1c0f91961c4100aa7,b2822eda717522788ab9dde55140fd8b,delivered,2017-04-07 20:21:25,2017-04-08 02:10:20,2017-04-10 12:24:03,2017-04-13 15:08:03,2017-05-08,5341fda1b36716b4461eda71b6c32483,2017-04-07
7bba6be8b33b014bb9523db5f992d070,fd5e7ef8ebb833e81b09dc6c1afc92fe,delivered,2017-07-03 20:08:35,2017-07-03 20:23:48,2017-07-04 15:12:45,2017-07-12 17:46:11,2017-08-08,5b143240c381316b9b1dc332176b4a71,2017-07-03
285a3c7a6402c8e223408f249e3a8017,4d88fce257880d0deb38ede1996bd718,delivered,2017-12-12 22:04:33,2017-12-12 22:11:49,2017-12-20 19:22:18,2018-01-04 22:35:22,2018-01-08,2080764033e0618efce57f4f4a171b60,2017-12-12
e07d09400c3676a4f529453627ed9460,f4a7127276e4e10bd0482a0957c60755,delivered,2017-10-14 09:54:01,2017-10-17 03:45:51,2017-10-17 18:45:06,2017-10-24 18:40:07,2017-11-03,0cbc5963f9399c06d2c0c0b3372eb241,2017-10-14
df7301747236cf5a68212214f64959ca,b26b21a6be03433cf3052ee4b22a69c3,delivered,2017-06-07 14:10:04,2017-06-09 02:45:16,2017-06-09 10:48:43,2017-06-21 18:45:38,2017-06-30,d80693564ccf72224ff463584ed2d3d0,2017-06-07
f9d0aa73e0bd149c0925ad648f7f661b,e0bd804d0705c39c21fa5258cbcd7b87,delivered,2017-11-29 18:04:31,2017-12-01 16:40:24,2017-12-07 18:27:22,2017-12-12 21:28:49,2017-12-21,fa6ea9c48be00f2aa18e2647ba7a676b,2017-11-29
d75c95be9d5a66d6b84a09c37c0e7f13,b01e00c070e25269419c4028bb648b88,delivered,2017-04-05 21:05:12,2017-04-05 21:15:09,2017-04-07 08:14:07,2017-04-17 13:54:00,2017-04-28,4de04a0be44e82dcac6608d53770665a,2017-04-05
1e55e0ca5a1ec21cc2073bf3df3e2f30,bb96337119e1d2b4ae497d8a71311d26,delivered,2018-08-14 10:13:55,2018-08-15 03:24:16,2018-08-15 13:20:00,2018-08-20 21:41:54,2018-09-27,1fca9e6bc55b17b765c10d62eff1bee7,2018-08-14
657b1c44f7dec3444fa26c61a3b539c6,09757ccd2018e779a626385c1e03562a,delivered,2017-10-26 23:29:03,2017-10-26 23:46:47,2017-10-31 21:53:57,2017-11-10 16:38:44,2017-11-14,98aade720fde092ebf69cb336b0fc8ac,2017-10-26
fbf16cb7728cac175e1222c7d73734c6,c0723ced6e0b4ec1af136c0cf6b86e3e,delivered,2018-08-01 20:34:38,2018-08-03 02:44:06,2018-08-03 16:09:00,2018-08-09 00:51:04,2018-08-14,c2a3897a7b0f66194905d20cb06311cb,2018-08-01
a3ffb9a7866735bd0de42993b62e89e3,743b67cc7a7606ddba1a6fd675355fed,delivered,2018-01-16 15:47:41,2018-01-16 15:56:17,2018-01-18 23:46:31,2018-02-07 22:43:07,2018-02-14,3e6dec79ecbff2cecc69cb24e1741668,2018-01-16
e6219e023ffb572358be0c275a2cdba0,4518279d5cb3eb7df7a53fb7584f6380,shipped,2017-06-25 18:05:48,2017-06-27 04:03:21,2017-06-27 15:27:47,,2017-07-24,ed03fa113139540155dc1d09eac9051c,2017-06-25
752829804c0080d1b395f5c9e8801e39,2ba7560f7566c4aa14bb43135f0e02d1,delivered,2018-05-09 04:46:01,2018-05-09 04:55:20,2018-05-09 16:32:00,2018-05-17 18:29:57,2018-06-26,078f7e669cebf2fb640d0ad0dabb3068,2018-05-09
41ceb5b3a356a7bc6f668f28ba4d38c1,e7435f769bcd1ded1c00cc944ed10efa,delivered,2018-08-22 17:52:05,2018-08-22 18:04:32,2018-08-24 12:59:00,2018-08-29 22:58:43,2018-09-06,347bfbf36e1d0f1d044b3cb416a8b7c4,2018-08-22
33cf56f1cedf4fac342de6f1befaab1e,d8f2011982cf051cdc4fe1a21c013760,delivered,2018-07-21 12:53:46,2018-07-21 13:05:14,2018-07-23 15:31:00,2018-07-24 19:11:54,2018-07-31,ca89d8b0fe4dafab541b4e76a1ff4896,2018-07-21
2c32c27817772197b08f759c6802a9b7,6c1e68645d33e90ce07446be46cd94bf,delivered,2017-06-05 00:19:25,2017-06-06 13:06:04,2017-06-07 10:44:40,2017-06-19 18:28:01,2017-06-30,ec5881d163554183ae80582cd8286320,2017-06-05
43bd50a07cc1758b29b32804f1a6d552,bbdb447f1fad899e9a8d48ce362cc4d5,processing,2017-09-21 10:50:01,2017-09-21 11:06:14,,,2017-10-17,3151fd501abb61713cb8da0831ec76d2,2017-09-21
89ba725dafc2f8bce0db73d323a687c2,91922c858bb7e396c7116aed07fc63db,delivered,2018-01-15 15:39:05,2018-01-15 15:50:52,2018-01-19 12:24:07,2018-02-06 20:29:47,2018-02-16,1ab7e5facf5738d97496473c68c21f35,2018-01-15
b329c0dc7e78a0caaa2b8d67c8a8c8ce,67b8de516cdaf1aec60ccbc32539fec7,delivered,2018-02-21 14:46:47,2018-02-21 15:09:35,2018-02-24 01:28:55,2018-02-27 22:23:18,2018-03-07,365638163009b2be76d4723f953eeddd,2018-02-21
bbcf00c96709a5a97e49bb661522fdd0,d14c83d94088d39c39edfcd45bab137b,delivered,2017-07-31 23:06:38,2017-08-01 00:43:15,2017-08-03 16:33:38,2017-08-10 19:29:49,2017-08-18,265e5337c41b4ea994cd62f8a1ac26df,2017-07-31
d2fdd09f4f50c75c2895a3252f0c7418,49de7c04be86db34077eeccb3bd368ea,delivered,2018-01-12 10:47:56,2018-01-12 10:57:21,2018-01-26 12:25:05,2018-01-29 23:38:35,2018-03-09,9cdd327393787bd421ae89a448cfd4b5,2018-01-12
f589bd1ff18deb4e471366b1aa443c84,9b8e07760752cf403a944c5ef278be8f,delivered,2017-10-26 22:29:48,2017-10-26 22:46:03,2017-10-27 19:43:38,2017-11-01 17:31:53,2017-11-17,cb5c545d96f39390b7f372aaa88c4a7e,2017-10-26
06a07c0ad4e1811f48e86d2c56c7b705,2ed745254e8e95dc73022271637fc724,delivered,2017-09-10 14:06:28,2017-09-12 06:35:33,2017-09-12 17:57:34,2017-09-18 23:57:39,2017-09-28,967df579cdc68f1dbe77842283ef4a54,2017-09-10
655ad03e23e4483c96fdd1139788fee9,e63a28032d2357f7e15f9b854106ad3c,delivered,2018-08-01 17:35:13,2018-08-01 17:50:19,2018-08-02 14:29:00,2018-08-03 13:04:24,2018-08-06,a346465f29d779b65c0d21ed42437e91,2018-08-01
f12bf4f34d233f05db28768e5b10d9f9,f94d884e29f89343c8f2b9c74a345432,delivered,2017-12-19 19:10:53,2017-12-21 02:11:04,2018-01-05 22:06:04,2018-01-16 20:38:31,2018-01-15,a29cfd4d663e5140a3c936fafc45f35c,2017-12-19
98672e143f0ddcd385c344ae98132a8c,f780f03bf6d456e6da8e0eed971b60fa,delivered,2018-04-05 12:39:26,2018-04-06 03:28:34,2018-04-10 01:08:44,2018-04-16 16:42:40,2018-04-27,1085f6b722fc9b27136d022ba46e1d72,2018-04-05
923c72c5c8bc167cdab01dbd3de020a8,a85ed358dedddd9bafcf2e5139ca5126,delivered,2018-05-17 22:21:18,2018-05-18 03:16:15,2018-05-18 11:13:00,2018-05-23 17:05:15,2018-06-04,699372e78f842fcf36351b489c5b71a8,2018-05-17
eaedef13bb9ae559e6db67c604793fed,4b91304e9812a64851cbdc97d4bc60c2,delivered,2017-12-10 16:30:50,2017-12-10 16:38:26,2017-12-11 23:15:24,2017-12-14 17:53:23,2017-12-28,c86441c33cad9b9c13781a3624c4ae4c,2017-12-10
c60c72999352a677e983f9456d5cb869,9739927a62414365004efe36a4c45ebd,delivered,2017-08-16 17:20:26,2017-08-16 18:50:16,2017-08-17 19:39:43,2017-08-24 17:25:53,2017-09-08,606c42ca09ee5949a34f1dd4069e74e1,2017-08-16
b6776d519223f71fa9fdb62a7b79e5b8,441ca4ec31af7e72aaf2dc1b76c1ff8c,delivered,2018-05-16 22:05:58,2018-05-17 10:38:39,2018-05-17 14:08:00,2018-05-18 18:38:25,2018-05-24,2b35abc51384da53b4828abdfaa56812,2018-05-16
7b467ec5ca6411c7d67435211cc0136a,ba1c9eb2fd70e0c79ad45ae248dbe050,delivered,2018-05-05 20:20:35,2018-05-05 20:35:19,2018-05-07 14:46:00,2018-05-09 17:04:20,2018-05-24,61b94ef12a9e19fc58ffcdf1aeb6ac8d,2018-05-05
a2e1586a9d74f3d08df52b4eea515b6c,0a44d5a0e291790b28962484733083ad,delivered,2018-07-28 21:03:38,2018-07-28 21:40:06,2018-07-30 15:05:00,2018-08-02 19:11:42,2018-09-05,92f10e85597cf7e09781a56e311b8c1c,2018-07-28
3a63202e1f2029f6ee42f498e87fa599,149876e27f49d24b3c0a9d34dfc13163,delivered,2018-05-28 15:23:33,2018-05-29 03:15:17,2018-05-30 13:43:00,2018-06-12 19:51:32,2018-07-11,79443a5ee4444ed7311f8f918d8a01e9,2018-05-28
e05e3102d6fa4071b4a80e822231596e,3f909aee0033681e1321b2b5eee9cac0,delivered,2017-06-27 22:15:26,2017-06-27 22:32:14,2017-06-29 17:32:33,2017-07-06 14:03:37,2017-07-21,6af7163030f35fa1b22196381359c58f,2017-06-27
d6723bcb7c51617cd9bc5d96a3dc052c,267f364612ad6a6e95b449cf3124ead2,delivered,2017-11-14 22:56:24,2017-11-17 04:10:31,2017-11-21 14:14:51,2017-11-28 19:46:43,2017-12-14,903610f2b30fd33df103cd2b8476f086,2017-11-14
c8ade02b622c1316fc0d05a427492f9c,59d07f9813c38cfee8291278d93831ff,delivered,2018-03-22 22:41:52,2018-03-22 22:55:22,2018-03-27 17:06:45,2018-04-20 22:41:49,2018-04-17,22d25d2c2d5870dca824f5cc6294bb1f,2018-03-22
8d3bd6e846b52be957466e9e1f8f642d,208abc4af5021a95af50cb8a7e611323,delivered,2017-09-06 22:02:17,2017-09-06 22:15:25,2017-09-08 19:33:25,2017-09-27 17:12:21,2017-09-28,ba93cc125c10799832f334fd335c92e6,2017-09-06
543cca75b036b547b2b025a1d896895f,9d221cb5b002dc5134af790b0014afb7,delivered,2018-07-23 16:19:03,2018-07-23 17:20:37,2018-07-24 13:48:00,2018-07-31 18:09:31,2018-08-13,88c0873dc8073ec49376fa08e49bac90,2018-07-23
1cc625f985bb32e5e4d51ebd1914c21e,c244e55065c91849b570ea7248848396,delivered,2018-08-07 10:00:25,2018-08-07 10:10:25,2018-08-07 15:10:00,2018-08-09 20:53:38,2018-08-21,60ad8e5d883bf4980a1bf8f28d730411,2018-08-07
63014d31686df70fb6eae36739a89d52,07cc013860ca92f60025946a39f80679,delivered,2017-12-25 18:16:34,2017-12-25 18:29:42,2017-12-26 23:14:42,2018-01-03 12:29:31,2018-01-19,179702e353fdb03f55bb4ae7389f9ee2,2017-12-25
0736d2c28616a3c87bb2f53f71c94575,678c63a5ea06902b73f7bfcea4c5bb93,delivered,2018-05-18 18:32:07,2018-05-18 18:57:46,2018-05-25 14:59:00,2018-05-28 17:27:31,2018-05-30,a65a35902ab470c0ad93c391e5249794,2018-05-18
c9fc76586dbd1939395d3ddd999833bf,c73ecc81a2b9656931ab898b16b017ea,delivered,2018-04-09 22:44:48,2018-04-10 00:31:46,2018-04-10 21:36:46,2018-04-17 20:28:40,2018-05-02,8135e96bb0e82094802dde158bd00988,2018-04-09
92acf87839903a94aeca0e5040d99acb,3873a650e0e0e77d40b293ad9ad03929,delivered,2018-01-30 14:57:33,2018-01-30 15:11:26,2018-01-31 20:44:57,2018-02-15 20:26:46,2018-03-01,662d88cbd178177a50141111d3a6932c,2018-01-30
3ed2950dfab630fa5008f66a0ebbae10,5da9c14b4b5e0fd22635896f36df8b79,delivered,2018-07-15 19:31:01,2018-07-17 04:31:30,2018-07-19 15:46:00,2018-07-23 18:22:34,2018-07-30,e393ff3e5c2165c1b3aab0df91c2764a,2018-07-15
5bf079ceca716eef6cac727c16bc0a15,d3a143287afba8705d27fc94dd55c816,delivered,2018-07-28 23:38:18,2018-07-28 23:50:08,2018-07-31 10:31:00,2018-08-01 15:25:10,2018-08-07,419d63538e5483a353166732afc9978f,2018-07-28
f099a4bf3c8c87b391cbb899f02d8e47,0c47a5834e30cc2dc4302426ddffb136,delivered,2018-08-18 23:19:14,2018-08-20 10:55:16,2018-08-21 15:39:00,2018-08-29 15:49:00,2018-09-06,417578c35961031ec2fa3232a6902e2d,2018-08-18
0e1c841770446e9becaf95190493901f,a15a26030fa0d12ade628812f725194c,delivered,2017-11-27 18:23:01,2017-11-27 19:31:09,2017-12-01 19:32:11,2017-12-04 11:19:11,2017-12-15,a1b76ddc33d99511f13d10b837357303,2017-11-27
b27fc39476e8a5236562bda89600de6a,16b154a38404b2edc5287e58901eb7d9,delivered,2017-04-30 08:33:28,2017-04-30 08:45:11,2017-05-03 10:22:04,2017-05-08 09:24:52,2017-05-23,62427fdc1c57c4bb301536cb54773b52,2017-04-30
7bab5bb38c4ba852d6ec1fd273fc9446,438c7f59588a3d370200db20fb5c5a85,delivered,2018-03-06 10:48:27,2018-03-06 10:55:30,2018-03-07 23:42:41,2018-03-17 19:03:53,2018-04-02,d4254847c058df4dbe92d4e6206da691,2018-03-06
37f6e52783daf8d5b0a61c8876c23b38,05d4a0e7365cf69b45d3af76236ca83a,delivered,2018-02-19 12:08:24,2018-02-19 12:27:17,2018-02-21 10:52:03,2018-03-09 12:48:28,2018-03-16,876c5f7ffcad19a82c0da218ecf56ba3,2018-02-19
b42c56d4b6b545d2b9c293472cf728bd,64d1999fccf860c8164fc0374209625c,delivered,2018-04-16 15:32:41,2018-04-16 15:53:23,2018-04-18 00:17:48,2018-04-18 16:32:58,2018-04-30,fa50e9e49f5d91746a823b1c0577318c,2018-04-16
7010bfa704139424f4fff8baff27b7cc,ac9d802c8be6d74099e9b3e90acefe12,delivered,2018-05-28 20:49:30,2018-05-28 21:16:35,2018-05-30 12:05:00,2018-06-02 19:29:30,2018-06-20,33de0f93211d4481db59a854ece68e2b,2018-05-28
af1eb996572603fd366f5a1a862e0540,b9c32ffb4932ea3b8ee7c7ccf6a1c55c,delivered,2018-03-07 10:07:43,2018-03-08 02:15:38,2018-03-13 18:18:34,2018-03-20 20:32:29,2018-03-23,9f2b967dbbce076c074d8fe3264b49f4,2018-03-07
01d2fc3e47376926a97ae795036db093,c29335a8f8c366e3b1b384dbef4e909e,delivered,2018-06-27 21:20:18,2018-06-29 02:53:22,2018-07-04 15:12:00,2018-07-11 16:51:41,2018-07-17,8733869bc6086925c4f855b9caa09ac6,2018-06-27
1e50bb2b1fd2e009684c3b7bd8eb73ce,1c250ff1a16e800ae4304c81ff76167f,delivered,2017-12-06 12:39:04,2017-12-06 12:52:22,2017-12-22 00:05:54,2018-01-05 14:53:14,2018-01-09,bfd15ecf5b4d36cfb565b00798e845e3,2017-12-06
b7bb679ead188147ea4d028b583720f9,087877f19f6e3dd2fe0724376a2e7f8c,delivered,2017-11-24 11:04:28,2017-11-25 04:30:42,2017-11-29 17:25:54,2018-01-09 15:38:59,2017-12-21,eeb74135e3038d55e0a4b5c2eb45e285,2017-11-24
b4d847b337890c09d43b616bf0ba2ee3,178d1d635e061e8ad879f9ed0bdeba01,delivered,2018-02-07 15:44:01,2018-02-08 10:31:12,2018-02-09 18:16:53,2018-03-02 23:12:38,2018-03-15,b871db8364c678df55c1e1ece0e27bab,2018-02-07
650db225e0b89075a07e6ca5e4c2d941,feb7f40c64907e499efe3f92867ca5b1,delivered,2017-10-19 10:48:03,2017-10-19 11:06:23,2017-10-20 15:29:52,2017-10-25 00:43:04,2017-11-17,64e6cadd1a980cab3883d3a5062d19c5,2017-10-19
a02c544d48cac6a9a9a21d5a33b8911c,0125ed303758dc1d7e4d99b000f88768,delivered,2017-11-17 19:55:15,2017-11-18 02:49:00,2017-11-22 22:06:37,2017-11-28 21:48:56,2017-12-12,725e7189b1c60964a244d43ef0b83d29,2017-11-17
b9ba0d763542807cc21f8fcd54d80f6b,b9f84aeb92b65cf601d134a39da5c57d,delivered,2018-04-15 21:55:13,2018-04-15 22:11:58,2018-04-19 17:21:28,2018-04-23 14:31:51,2018-05-14,7a162180cfcfa1462d1546e556d48fc4,2018-04-15
cb82043e13f8881ba28bd6586112e3f5,7f2263f69c970858704b0c3fc91139b3,delivered,2018-07-04 22:19:41,2018-07-05 16:14:53,2018-07-09 14:39:00,2018-07-10 23:38:48,2018-07-23,d92242da0cc1f3f3b687d92f4c6fa057,2018-07-04
4e8df4f2ecd486fc4854a0c424593079,da90ce734e0cef39439b68c7605c605c,delivered,2018-07-22 20:57:22,2018-07-23 12:31:43,2018-08-14 13:58:00,2018-08-17 22:37:44,2018-08-14,137b634f8eed9de5ead314199f3ee848,2018-07-22
ea3da9210148306e5b1bbb843c19e65f,aae85afe0d3dfab5268e0092b41959d2,delivered,2018-02-23 01:55:20,2018-02-23 02:29:00,2018-02-23 20:48:57,2018-03-06 13:42:33,2018-03-16,57427ef172244b321ae818f54c6e1d23,2018-02-23
44e38bed584d8533aecfd6018f420f82,40932d7d15803d195250596068d8d173,delivered,2017-12-08 11:41:56,2017-12-09 02:49:37,2017-12-15 19:56:58,2018-01-05 04:22:30,2018-01-24,fd05973072fea1cc92b52a1abb7cff18,2017-12-08
00e1426d4c79f2e022570012c1ff57ed,a9c38ba869a0a0db70cde7e473a848bf,delivered,2018-03-22 18:48:36,2018-03-22 19:08:14,2018-03-23 22:10:44,2018-04-05 14:06:32,2018-04-17,e82abf2ce2e1afa26bf47670df5a04b5,2018-03-22
1b9b1209ee112e9b2276c880746615e4,5bf6712d826fa9d669c1021b8c1f6ded,delivered,2018-08-02 12:05:26,2018-08-02 12:55:26,2018-08-02 15:40:00,2018-08-03 23:03:26,2018-08-09,d2b8093124d691f87d880c7c476a8fcb,2018-08-02
df6b46ee660374bbd580fb435c655fa9,01e77dc6abe6f9991bbf5232b5c22d2c,delivered,2018-01-15 00:13:42,2018-01-15 10:11:29,2018-02-01 22:21:40,2018-02-05 14:12:31,2018-02-26,9db3d2eedefa53d6ad2e79cf069ae021,2018-01-15
96123b9ae5a9cdfd4efe5fe402a94675,7615536f9443d90e9971a9002fd9abf5,delivered,2016-10-07 16:50:52,2016-10-08 04:27:44,2016-10-12 04:27:44,2016-10-27 10:07:30,2016-12-05,4642cd486e01df18aa3d8468d43b2d9b,2016-10-07
4ea741e30080ceba74e43520b2a0a55a,0548b4ebfce3d7ef4124f59d904578cc,delivered,2018-07-15 10:23:52,2018-07-16 10:24:28,2018-07-17 12:51:00,2018-08-07 19:40:50,2018-08-03,b1b73a05806cb8ed5faf627cb50dac83,2018-07-15
3393e0117eefaf7abdee7c0ec9582632,a4ae42d510710bdfd23de09c1fce5410,delivered,2017-07-07 11:13:50,2017-07-07 11:25:16,2017-07-07 19:38:59,2017-07-10 16:50:05,2017-07-20,0c4cd30defdfe37fc9d50089c553f2e5,2017-07-07
327511e31bd17e390fa2ce6ed4a64535,45d34e3117437b0eea2c3f283622b12a,delivered,2018-07-24 19:34:57,2018-07-24 19:50:13,2018-07-25 09:58:00,2018-07-27 21:48:41,2018-08-10,94819dfaf894533d1106264e5b378a00,2018-07-24
350bbe08ad1344030593d837cc982113,ccc8c0890069937d85d36bc228d71e09,delivered,2018-02-16 19:09:58,2018-02-16 19:27:12,2018-02-21 17:49:16,2018-03-02 13:42:32,2018-03-06,1bec060ef732408e238c5e7790726338,2018-02-16
502fcc6b96f393f4aba791d5ba89b409,6ace2360ea84b10f876d79d001766346,delivered,2017-10-04 16:40:00,2017-10-05 16:49:17,2017-10-06 19:34:00,2017-10-13 20:33:23,2017-11-03,128a90cf48fe0a34afa7b0296bae977a,2017-10-04
545c81f766ce4811ebecb78efc1a665a,c0283e476e89b2f1eb034beb4a2b4b6d,delivered,2017-09-20 15:56:25,2017-09-22 20:05:34,2017-10-02 18:53:49,2017-10-07 16:17:17,2017-10-05,1ad6206aa9d7467668c8432b19047be3,2017-09-20
3bb87caef060d2062d1f63e62dc09bd4,a884c88552142b7713b7c90acf653d4a,delivered,2017-08-01 16:50:28,2017-08-03 03:06:09,2017-08-04 16:03:26,2017-08-15 19:29:56,2017-08-31,f6bc8e8bd4f81e2f10db745bcc3658ce,2017-08-01
157de1652c032429a625d034be79eeeb,ff09fd7b29e7488a8d8a20badcd8befe,delivered,2017-05-10 09:00:07,2017-05-10 09:10:18,2017-05-15 10:06:54,2017-05-22 16:47:57,2017-06-01,8c21dd8c37144807c601f99f2a209dfb,2017-05-10
67e9f4fd5900a3bedf11fd772b376528,75f8bfd4c8226d4a6aa6540765acfe36,delivered,2018-08-01 17:20:32,2018-08-03 02:35:21,2018-08-08 09:36:00,2018-08-15 20:28:40,2018-08-23,883519b597f8b066ec374a583020430c,2018-08-01
6fbb3d20bfc2d3afdc6478057599ea2c,c724f10c7dca7eb6d7ed63582413adc8,delivered,2018-08-24 09:09:41,2018-08-25 02:35:20,2018-08-27 13:37:00,2018-08-30 12:26:21,2018-09-06,45664ab7b79dd590e00060879cc861aa,2018-08-24
45381c01fd8a0e60c741a9cf4736ebbb,42de47849d20da22e217b9a5e1de1584,delivered,2018-07-24 20:48:52,2018-07-24 21:04:15,2018-07-30 14:45:00,2018-08-10 19:38:27,2018-08-14,455ee28f5e4eb0d93424c0383113fa8e,2018-07-24
7ae71abc97f94b456e51ef1227164c79,caa32820e6d8190b99a67d6b7160e969,delivered,2017-12-05 23:24:18,2017-12-05 23:35:23,2017-12-15 18:13:44,2017-12-19 20:17:19,2018-01-04,5a34e8aa2bc2f5ed47504807061fce82,2017-12-05
9e29a160f24d2edbcc64b218108bdc82,b3f9c0e01b6f0cd35967de0e0b7f0427,delivered,2018-01-31 18:40:24,2018-01-31 18:51:11,2018-02-02 02:10:06,2018-02-17 13:27:02,2018-03-08,6a05d13b646fd82aa2a109d0e1ec7d84,2018-01-31
6440d5acbce24626e6224f58a6759905,03bc4c1c174bdbd205c9e537437d3c02,delivered,2017-03-30 08:37:18,2017-04-04 05:55:41,2017-04-06 14:08:13,2017-04-07 09:57:48,2017-04-28,5c8ec2802164eb257a506d111a1d4d6f,2017-03-30
62f71f81ef15beda4132f1d92528a59f,4a55706ea2dce8ee69c55f384a14761b,delivered,2017-11-15 16:16:09,2017-11-15 16:26:26,2017-11-18 15:38:50,2017-11-27 20:41:34,2017-12-08,9b764b9f6829eea2701477c0092cbcbb,2017-11-15
4a69d6c8790e0f6d2ffdf98e6522fef7,8b48944ea962a5e993b4d1a75f439ff1,delivered,2017-07-26 10:16:50,2017-07-26 10:25:14,2017-07-27 16:22:27,2017-08-03 15:57:50,2017-08-21,6d93324938acb6214893b8765e2680bb,2017-07-26
be2ccfa019a7d426556d4bf4691f7c3a,ce0e4aa2edb8897873ad62d4e345aed8,delivered,2017-12-21 23:07:56,2017-12-21 23:17:27,2017-12-22 19:19:09,2017-12-28 19:22:02,2018-01-24,39b8513b07dc4cf2299ebeb41fc2c10f,2017-12-21
57a4b7121a801f70f8f022cadef110c9,446f3eee1a4323e74dce651ee2bbed6b,delivered,2018-01-22 14:44:17,2018-01-23 03:38:27,2018-01-24 15:52:14,2018-01-26 18:52:55,2018-02-06,12bd1373aa600241e69b615b6f98b7b3,2018-01-22
ba3e8a6783a3aafe0d02eeb6a415dd94,cec6e0c0d05e156326a5b7f9af269fd8,delivered,2017-07-30 13:42:35,2017-07-30 13:55:18,2017-07-31 18:54:27,2017-08-17 15:12:43,2017-08-30,3cca48546f28433a39a3f3793fc5e0b8,2017-07-30
0a187dd7f4efe70e8c3b6e3779b3b133,23fafaadc0b11501176401ba0003c22d,delivered,2017-09-02 19:48:30,2017-09-02 20:03:31,2017-09-07 00:07:41,2017-09-13 22:02:51,2017-09-26,b3441a427e8889379672bfd441f5218e,2017-09-02
5a871bae2099baa240120ca7f19cc530,f9ca6744a8128659fb5bac2385f03571,delivered,2017-12-29 13:26:10,2018-01-03 04:28:20,2018-01-03 20:15:28,2018-01-10 19:48:52,2018-01-29,616ba0a640b9ca4807cf2f2ebc024c87,2017-12-29
60671dbc6a3437884fe12844687b2049,8e79a7fcab919d35511f0c0fa5de5097,delivered,2017-08-14 12:22:14,2017-08-14 13:05:16,2017-08-15 19:26:45,2017-08-30 17:07:13,2017-09-14,ba197c8e73ea6ad47bc05321325331de,2017-08-14
93c9e800268063cefb7efac3c9025276,45008d0eee380262dda13cd438627733,delivered,2017-11-13 11:34:06,2017-11-13 11:50:20,2017-11-16 16:18:05,2017-11-29 19:54:35,2017-12-01,b6646a7a94666845f6243ecaee1854f5,2017-11-13
a64c966ded5ec513f096d9c253e03bea,7e6d20f2d20b0cead59ad7024415798c,delivered,2018-02-22 13:25:37,2018-02-22 13:50:31,2018-02-22 22:49:07,2018-02-23 17:42:05,2018-03-08,8385f5565f4ef0ed8ebdb6615d40541f,2018-02-22
4a7fec8a4c23ee32ac7511b05ad44230,a744a9c1ee779bf2bd7e1dc4cf925b63,delivered,2018-06-12 13:12:16,2018-06-12 14:46:02,2018-06-14 07:53:00,2018-06-18 20:41:38,2018-07-05,4df547e9d237aae3fe69a0a21ac1f809,2018-06-12
f2faadb0705f7961b0a1909c62d4fe21,cb2abc64d6a7063dcddae2add2edca4a,delivered,2017-11-28 11:23:09,2017-11-28 12:07:38,2017-12-01 18:04:53,2017-12-13 01:09:46,2017-12-21,27fc31c010b3884c602805c30d4b704c,2017-11-28
9855d762d535fda66aa7f273116aa77d,4c74fbc614fe8ccf3b706129837a9471,delivered,2017-11-29 01:30:54,2017-11-29 02:42:10,2017-12-02 14:23:13,2017-12-28 16:33:46,2017-12-22,e123fe2abd55f12e7a6995c4c9a1eae0,2017-11-29
fb8cd2cc79fae6c14f712f782471896f,7c71ea23484a949d7d940a65ad27781f,delivered,2017-12-02 22:05:15,2017-12-05 04:17:25,2017-12-08 00:15:38,2017-12-16 01:04:45,2017-12-27,41078e29c3cb19165ce3e26150bc4446,2017-12-02
1a182abfca408087bb3d24dd41101c96,b76fff9cefb1ae3c0bd44fbffd31957e,delivered,2017-12-12 14:29:33,2017-12-12 14:49:19,2017-12-12 22:35:06,2017-12-21 22:51:25,2018-01-08,febec0d5d190519a8ec0e4beaa9172bd,2017-12-12
169ab175fb915582d84c0c5c95bb0fe3,fe02528abe9cf5b73ededc4a240acc9d,delivered,2018-06-09 08:51:19,2018-06-09 09:11:28,2018-06-15 11:32:00,2018-06-18 19:58:36,2018-07-04,e0f902e5e7b9818dc9b7f34eaffb6932,2018-06-09
d7f71d136da2fa678c39380a22d117df,e5a8aaccb766e00177b0a587979cc814,delivered,2018-08-26 11:44:34,2018-08-26 11:55:16,2018-08-27 14:15:00,2018-08-30 17:44:36,2018-09-11,b89917b120a313e3cbc951e4122f1e5c,2018-08-26
27a8554e167c321378d1c899a0b8b8f6,c129e739a0d59a850211e19070d9419e,delivered,2018-01-22 17:31:43,2018-01-22 17:54:16,2018-01-23 20:32:42,2018-02-17 18:31:37,2018-02-15,8a6fcdcd69b688d63ab6f124a8a94925,2018-01-22
28bfa0968ea8dceb17513700ddfc0745,9e19d3afe473add7d527fab6da00dcf8,delivered,2018-08-01 21:21:47,2018-08-01 21:35:15,2018-08-02 13:49:00,2018-08-06 18:17:36,2018-08-09,f257deaa49d5e0a8c5fde46dfc350e52,2018-08-01
8ce6c3ac0903448859d77c5279ac7876,7a8539323989a2d3a5347ec139ca9ac3,delivered,2017-11-12 12:45:40,2017-11-12 12:55:52,2017-11-16 19:34:27,2017-11-22 20:21:52,2017-11-27,3cd5784d754d85366c325e26b966e091,2017-11-12
1212c7b1c4195950e99e75fa6ec2a309,dbf31702420415660be9a8a9f33f3c3a,delivered,2018-01-22 23:51:49,2018-01-23 00:15:11,2018-01-23 23:29:04,2018-02-02 14:55:06,2018-02-26,351a0e8f58d932eac460f4b7a8321d64,2018-01-22
7bab9330fbefd3749e98cbd2b84800d7,7a13ce1c5bc552c83db7b4123a42ad46,delivered,2017-08-28 14:13:37,2017-08-28 14:25:27,2017-08-31 18:11:20,2017-09-09 15:04:04,2017-09-18,aefa1c68eb00cb4c9fbd4b1ea1b7c18f,2017-08-28
960de6b16b5ce4196d243baeb9d1a699,64d8e8b44d4ff5c2974d8d05d73bdd10,delivered,2017-07-14 09:35:05,2017-07-14 09:45:13,2017-07-17 22:45:46,2017-07-27 22:55:34,2017-08-17,f5fa87dc5b492d3e1324f3cda0d5fc7a,2017-07-14
bf76c394336932655674fd09ffc2cf5b,caa2f513daa63aa118ad0003ca77080c,delivered,2018-04-23 22:26:54,2018-04-24 18:59:43,2018-04-25 12:52:00,2018-04-30 13:41:11,2018-05-15,439ba24e2116f65e4a529abecd6983f2,2018-04-23
d0843f8d9dcf8320e48984dd4a52d652,61d502df98a7bd95bc3a0049bd504bef,delivered,2017-07-30 19:15:21,2017-07-30 19:30:11,2017-07-31 12:03:15,2017-08-01 13:41:42,2017-08-18,7f582010ed8a1bf032ee4f5bab9f2498,2017-07-30
3d668965eb89ea475911ce3364f73b07,1e3005980e35ffabad12c31116e746f2,delivered,2017-01-25 05:31:30,2017-01-27 13:31:55,2017-02-06 10:53:27,2017-02-14 10:07:31,2017-04-05,17225933796c17da3f4e3d73ef87550e,2017-01-25
255027f86805cf2b3bb4e4982f0f236f,9f0cdfeb00eddf3cdad9956746c1cac3,delivered,2017-09-18 15:15:54,2017-09-18 15:44:13,2017-09-20 20:37:04,2017-09-22 19:24:39,2017-10-06,3aa98b52b7a321b2c694212cd4872d35,2017-09-18
4bca7dd89e0714cc90c42803a348f085,2f7db0531d196c0cbe234cf0c97a313a,delivered,2017-11-20 12:48:09,2017-11-20 13:07:35,2017-11-23 13:49:38,2017-12-04 19:23:16,2017-12-12,0a480f19c753fcb597acd050397a03ee,2017-11-20
2a7c1794496ea317e6f88363616ad9e2,216564348ba1ceaffb29b28e9a105ebd,delivered,2018-01-02 17:41:39,2018-01-02 17:50:29,2018-01-05 18:47:38,2018-02-06 16:35:08,2018-02-01,60c0433b6904c6dfe413dafeb2c95de0,2018-01-02
7fb2f6ef625bf7ef303f984bd8cd2267,a1834c0ebc51d0c1f1165d4647daffa1,delivered,2018-07-21 18:51:27,2018-07-21 19:05:11,2018-07-23 15:07:00,2018-07-25 18:17:47,2018-08-20,410ff93a8f2fb60433114a20ed7fcb89,2018-07-21
da629b3afcafb7c28c25b747594e4a43,9ab57aeefaebe10f470365dac013a837,delivered,2018-03-16 13:37:08,2018-03-20 03:10:42,2018-03-21 18:44:40,2018-03-22 21:06:41,2018-03-28,76dfcbf3fda48a5c22077ea3e779a0b5,2018-03-16
c0408eaa7dc133ee7e7ec2bce1023679,e0c044fa5d47e809a273b81a01cf33d5,delivered,2018-04-26 17:57:17,2018-04-26 18:10:24,2018-04-27 12:50:00,2018-05-07 20:44:31,2018-05-21,e1d8ea96d64cb683a2a4abc283dd82de,2018-04-26
f3a4760ece900e584e36fc700b8fb58c,91f44dca88f275b7ba5b9d0521a03aac,delivered,2017-11-13 23:09:59,2017-11-13 23:30:43,2017-11-14 22:12:06,2017-11-24 18:13:54,2017-12-08,7af1681ff44f1660f8104f31b5f7d70e,2017-11-13
82f89ea2ad8fbfd01bd05c2cddaa1d0f,6d10264832d23023c6505690eae88bd0,delivered,2018-01-26 15:45:48,2018-01-26 15:58:27,2018-01-31 00:47:03,2018-02-06 00:15:45,2018-02-21,1c038a845775df53753fa9f8e0bffa91,2018-01-26
19559da3ec491caeab77c1512d28399b,ced00a908ceed2bab37e22ec77bb4eaa,delivered,2017-11-29 00:38:47,2017-11-29 01:31:26,2017-11-29 22:21:18,2017-12-01 17:06:34,2017-12-13,78e5d422564c755de1e870b2651275ee,2017-11-29
412ccedb685110d6be9fc7ac4a07dc2a,cca66807261312ab608cd6b064a335f3,delivered,2018-07-09 20:39:34,2018-07-09 20:50:14,2018-07-13 15:01:00,2018-07-21 00:28:43,2018-07-31,e4d1aeffd2b2260a35ca25736144bfe6,2018-07-09
581e402f36b377643fce426a28dc17e4,f23c0ad2b07943504e24a69c73952116,delivered,2018-06-06 10:58:44,2018-06-06 11:13:56,2018-06-07 13:17:00,2018-06-23 12:51:34,2018-07-25,725ce5c48c5231bd7f08e88c8b4fc8b0,2018-06-06
782aa8c8856a043fdd997f8b869fe76c,60e522349ec0aad1a45a13c48749d0f2,delivered,2018-03-08 20:48:51,2018-03-08 21:09:09,2018-03-09 22:42:22,2018-04-18 22:06:31,2018-03-29,a33dd2674db89fc0fd043b7f0b5fc645,2018-03-08
8a51c10a8154eec6b0f5bcdf52de2556,35082f1c97a2d1c0d85ff7ca8c5cfe3f,delivered,2017-11-21 11:26:09,2017-11-21 12:01:35,2017-11-23 16:31:40,2017-12-05 19:08:46,2017-12-12,69ed7192627bd0650dccb15cdf3e5ddb,2017-11-21
63bc56e1d9a5857d87b6de9435e8d304,c528a3c68341dc80baec0b465fbc1c7e,delivered,2018-02-08 12:38:06,2018-02-08 12:56:37,2018-02-09 23:21:40,2018-02-14 23:14:12,2018-03-06,218e16249787ccdb7da7a9ace65f34a3,2018-02-08
c0c3609df099c79f1f6d894143767ca0,57b75c59d4f813507155eef469253b5e,delivered,2018-08-14 18:05:19,2018-08-14 18:30:21,2018-08-16 09:19:00,2018-08-21 17:05:10,2018-09-04,63cfbb7440fcd019f1f8f43af946d8d7,2018-08-14
434efe1043f4e3879eb40b7887c7e785,8330064bc1791c004a673df6258d002b,delivered,2018-01-22 14:57:10,2018-01-22 15:12:55,2018-01-23 16:46:55,2018-01-29 19:36:48,2018-02-14,f9ff3695a985a1374ea1581bcb57ca93,2018-01-22
0464277e582666bde336336fd5fb9ff8,f9c989b75558c119a7ce8e9f3c2b8f45,delivered,2018-04-09 10:11:29,2018-04-09 10:30:41,2018-04-09 20:48:38,2018-04-16 21:07:45,2018-05-07,ce13190d9ef1e855dc50ecea9a1ef809,2018-04-09
dbf8b161073da5d187b1b739a7dc9b86,6a6d5c560d1072a67be9ee533125d9ed,delivered,2018-04-02 22:16:22,2018-04-02 22:55:27,2018-04-04 17:11:58,2018-04-05 18:14:40,2018-04-12,02a6a137ef7fe2414c9e14fc4d060790,2018-04-02
822066c3837de6884cb8e17d97282692,1f95dbeb011c0827bbf2e50fa4624ce3,delivered,2018-01-16 13:55:23,2018-01-16 14:11:14,2018-01-19 01:22:50,2018-01-26 23:15:58,2018-02-08,c8101c976368f023802d303cf3286a50,2018-01-16
33f11b444d480cee508b54f3cf17b079,99ca4697c2a9ce3fad29f8d3baa229c2,unavailable,2018-03-02 16:48:27,2018-03-02 17:10:42,,,2018-03-22,be644febf72ce4766556be7295f940e9,2018-03-02
7e64c6b0a855acecee3ad0225a0e1da0,30bae38963fe905daf0372b2e7ef69a7,delivered,2018-06-30 23:57:59,2018-07-05 16:27:48,2018-07-03 14:35:00,2018-07-06 18:18:34,2018-07-25,549cd16e81ef53f1d64ef7f60a691eea,2018-06-30
a030d3d4fe79a482fd66cb2205cdd0df,2eff76851dab3f65075beafd2f4defad,delivered,2018-06-02 13:48:50,2018-06-05 04:15:10,2018-06-05 15:51:00,2018-06-06 22:18:51,2018-06-28,8e44f6463c7ec58338d72e206854f8bd,2018-06-02
286dbc475e52044b50f115b01621cd64,14f75c00cf2b8fa72317a44b34a94e87,delivered,2018-08-14 22:19:42,2018-08-14 22:30:28,2018-08-15 13:33:00,2018-08-22 22:36:37,2018-09-06,6f05cf68a5f0baccd946a9b3df2ad09c,2018-08-14
3cbed01263e6284a8f07d667fc841316,038a7da8dbcc0fe71896af3e1865f5d5,delivered,2017-06-06 21:30:29,2017-06-06 21:42:22,2017-06-14 14:51:50,2017-07-03 08:57:32,2017-07-07,24725c19b1dd55ca3d24642b77d0ad8d,2017-06-06
ceaa40707ccad8de8d4dab476a970483,6767bbfe747b0ea4c29acafe65ced23f,delivered,2017-12-07 22:25:35,2017-12-07 22:36:23,2017-12-08 20:27:38,2017-12-19 02:07:14,2018-01-02,a50e4381387b52fc0e4f6ca4e0b8c7f6,2017-12-07
974f9f87a3bad01b2ac72fe987505e9b,b8bd03cdd075b29c82a9c55e5cd8e224,unavailable,2017-06-09 20:25:03,2017-06-09 20:35:17,,,2017-08-01,e075305a11bf4cc09e8395bd97266a1e,2017-06-09
1391644298485796a935f0422f8989e8,4999ed198018f2b49b17e3d27aad9253,delivered,2017-12-07 06:28:35,2017-12-07 06:50:59,2017-12-07 16:33:09,2017-12-12 20:34:18,2018-01-10,ac8a87be144e4dd4a0f044471b037fbd,2017-12-07
13cde3630a835cffb389eee14cbc0e1a,458a7594568f442693c952daece0fd1f,delivered,2018-03-06 06:16:20,2018-03-06 07:08:28,2018-03-16 23:18:41,2018-03-18 14:44:29,2018-04-06,fb3c2b037eb60ad2234266e7ba955715,2018-03-06
4f40b7b437c07599a6f77c6ba8977dcf,b7836c761c4794953149d49ff2c9cdf2,delivered,2018-06-22 16:19:27,2018-06-22 18:15:53,2018-06-23 08:29:00,2018-06-30 13:46:37,2018-07-25,296d79da0717f229490c65cdca120d70,2018-06-22
7002a78c79c519ac54022d4f8a65e6e8,d5de688c321096d15508faae67a27051,delivered,2017-01-19 22:26:59,,2017-01-27 11:08:05,2017-02-06 14:22:19,2017-03-16,d49f3dae6bad25d05160fc17aca5942d,2017-01-19
eb0055f08e77f2000bff9a54e9d1b6fe,6a53e48626a46a4e383aa94f7587a597,delivered,2018-06-01 19:09:06,2018-06-01 19:31:25,2018-06-07 13:50:00,2018-06-08 16:35:48,2018-06-26,61ac7e9c4e03f8bfcc5ce5cd7c0fd2ce,2018-06-01
67fc16d6dc881afa68e40df4c30d510a,170613a781d065db789a866ce2281435,delivered,2018-04-15 13:37:09,2018-04-17 05:50:17,2018-04-19 17:58:49,2018-04-24 00:26:48,2018-05-14,d8da053d4cb055920f2667f2ba038f0c,2018-04-15
8ab4ca9525e1f61c67972a13885d3b96,52789ab6f6e6f472133760c866d6fe58,unavailable,2017-05-09 15:29:35,2017-05-09 15:42:05,,,2017-06-06,d48a64f4c9f7c622f722dc86cbc33f9c,2017-05-09
6adb948b069c269ba13ff1c38ad90228,f58b85731b9703b5ae98a01f2ead6192,delivered,2017-05-22 21:09:32,2017-05-22 21:23:02,2017-05-24 09:28:18,2017-05-30 12:04:10,2017-06-09,2d7593bcd45458dbaad771436dc2d91e,2017-05-22
2c04042e578878f9e172a2916e039ab1,b3ac241d84451f064bae2d98c28bc6c4,delivered,2018-05-17 16:36:10,2018-05-18 00:14:41,2018-05-21 14:16:00,2018-06-05 00:36:19,2018-07-11,552e5e9ae196001a9749ec363892a7b3,2018-05-17
1cd67597bca5df09bd7a814e8638b023,af88f4b4935d45b8c2173518c445c249,delivered,2018-04-08 01:10:49,2018-04-08 01:28:32,2018-04-10 20:48:46,2018-04-16 19:51:27,2018-05-07,195f8c389cfce7bc20c623b0719e9b6d,2018-04-08
2000818e65ff6ebca35463a38c0fb42a,a15b8caadaca76424a9b04798c3a007c,delivered,2018-07-01 20:17:19,2018-07-02 20:10:18,2018-07-04 10:57:00,2018-07-07 13:38:44,2018-07-30,ef2f4fa89b68bc1dcf6cf10b174e5cb4,2018-07-01
3dd5626c63f493f8b8f8788c2be24baa,a8f345f82667eb421151dc7626147636,delivered,2018-04-27 19:50:43,2018-04-28 19:50:59,2018-04-30 09:21:00,2018-05-03 20:28:35,2018-05-18,4683ad127301c1bcbd601a30bb22d2ba,2018-04-27
d249d420eb15829afbff9cc458eddcbd,072c530f7b482d9b904977a9b7955a45,delivered,2018-06-02 07:54:58,2018-06-02 08:10:49,2018-06-05 13:27:00,2018-06-13 12:12:43,2018-07-05,0926d4dd8cc61fdc1254373bc7cf030c,2018-06-02
0a1ad2c293c3baacc6b2c2d442c71acd,3257a8d4cbb3343dcf40eac13ba329cb,delivered,2017-01-18 12:51:23,2017-01-18 13:05:15,2017-01-23 13:03:31,2017-02-06 16:56:48,2017-02-16,04ed62dc4fa17047b2d70df383dc1f4d,2017-01-18
b3031d607ad736c8f2d37fe9d9892aed,83228eb58f7e6d22a60b331f3d90b03e,delivered,2018-04-09 11:42:09,2018-04-09 11:55:12,2018-04-12 22:40:50,2018-04-16 19:48:22,2018-05-09,acb3d7949a3ea9e1e5b4bfcf837115e6,2018-04-09
a3f5ecc297c3584c08399aeb5f263789,bb2141d33544f365709c91a9eaa9af31,delivered,2018-02-24 09:02:06,2018-02-25 09:28:12,2018-02-28 15:22:12,2018-03-02 18:04:06,2018-03-12,470ecd21d10f838200dcf9ebb2a0a9d9,2018-02-24
7388d450a08d20dd185de187942b7858,addf5a1241ebdc753159a4599bf6a712,delivered,2018-05-06 19:58:05,2018-05-07 09:32:11,2018-05-08 15:32:00,2018-05-23 22:49:42,2018-05-25,4a308cdb29007edf69fdacc9b6596d5a,2018-05-06
2f6251551aaa1868831b65a26562a692,eaebd0ddc44060878f03cbfd635fab75,delivered,2017-10-13 02:17:22,2017-10-13 02:35:15,2017-10-17 15:22:10,2017-10-26 17:30:10,2017-11-06,da958308298321fb8d5fb1432e2d3bf6,2017-10-13
a680b5aeb5904a094623ea785dd8de53,ea2825e90057c76355711df29b7b1cf7,delivered,2017-12-29 13:21:52,2017-12-29 13:31:26,2018-01-02 21:21:49,2018-01-10 21:09:32,2018-01-26,4e32a7b0642d79b341c8fb9738846b4e,2017-12-29
70263b76209f24d8b55c928b82f19afa,22ae01e09f134b81b464f94e52dddc30,delivered,2017-12-26 17:27:17,2017-12-26 17:37:24,2017-12-27 16:58:41,2018-01-04 21:56:06,2018-01-30,206e8f722f11f3cd226731386eab73ca,2017-12-26
3da325c94229aafd1a3a8e17e8487fd0,43add858d3ace93c297c7b5843b8ec70,delivered,2018-02-20 09:18:56,2018-02-20 09:30:33,2018-03-02 00:42:31,2018-03-06 18:46:50,2018-03-06,fb25e8d76dcf97d168111563a8b7e4a3,2018-02-20
ef709a4dccff4d7df51305cc4f1dddde,17afd45c52122a6b1bc88f5b407804d8,delivered,2018-07-06 08:52:11,2018-07-06 09:11:21,2018-07-13 13:54:00,2018-07-31 21:35:10,2018-07-24,3560c4ae85aa9f43cc70af5a612816c6,2018-07-06
d67a186ae0a6f83219c1da52f2720049,23a3e1a5cf093002c08cc95f288e9601,delivered,2017-12-07 06:31:38,2017-12-07 06:50:59,2017-12-08 20:53:00,2017-12-11 22:51:31,2018-01-03,876ce950970e67cb731e5f668ee4b523,2017-12-07
e9822c89d083afa24f5613792a5851c2,40931ef38287ec225f166b6372fa1d11,delivered,2017-07-02 22:42:39,2017-07-02 22:55:10,2017-07-03 15:21:42,2017-07-14 18:49:41,2017-07-25,70cb984d5edf4482c76b36392da9956c,2017-07-02
55b7d8a3d0db6bec3060f8434a82a307,dc7bb0c31f0aa11b41f465aa1c627266,delivered,2017-05-24 23:08:43,2017-05-25 23:10:17,2017-05-29 13:09:11,2017-06-19 21:55:58,2017-07-19,f54609e740271db30eb2a2ce9a87e004,2017-05-24
7cc4e0f509d15c10a0ce48aa71830f55,397255ad5ddf03049261ac70cf139647,delivered,2018-03-22 18:27:48,2018-03-22 18:47:31,2018-03-23 19:46:52,2018-04-02 15:06:59,2018-04-10,e3c3310262c7de6a98ecce7f0d8701e1,2018-03-22
65e7cb43b74e1b86d2625b6e5b284019,467c74fbf987fc14a3a66a3bebf52914,delivered,2017-06-09 13:54:15,2017-06-09 14:05:15,2017-06-14 12:28:53,2017-06-29 17:04:23,2017-07-11,f68cbab6cbaab1d6226e2dafed486578,2017-06-09
903d94edf4270a663309d9371fffa08e,6698eb813ad313e4fedc71733cdd206e,delivered,2017-11-29 16:21:27,2017-11-30 13:31:18,2017-12-01 19:13:13,2017-12-14 21:27:13,2017-12-26,2ad87dcb19a08b7cef6a1e27eefbe5ff,2017-11-29
553682ad4457471eb0db66f89c9bedd5,dbafb27f4934a7d05ad5c80b5dcb8d0f,delivered,2018-07-31 13:39:33,2018-07-31 14:40:16,2018-08-01 14:33:00,2018-08-07 19:12:53,2018-08-22,8b5cd6bf4803a4c6a1ee54b841dcdcbc,2018-07-31
907029a0ebab7f19cb8ae765d479df14,3c45f5b7e406047d482a6d79c17c8b1c,delivered,2017-08-13 16:21:46,2017-08-13 16:44:06,2017-08-14 18:33:05,2017-08-17 19:12:16,2017-09-18,23a9caab08fbac6bc50b09eec1e935c9,2017-08-13
e444d35248c6b1c8b408719cf0cdae3d,46ae2660e72fed9fdc61da708bf031ae,delivered,2017-06-28 16:18:53,2017-06-28 16:30:13,2017-07-03 14:44:40,2017-07-04 13:03:36,2017-07-20,45cfc55a4d5073c50be858369454fc0e,2017-06-28
b039e8a14e63e05271b0277dff087d82,7522d0cad9b645e773d640d12cb4a38c,delivered,2017-12-07 20:37:39,2017-12-07 20:51:22,2017-12-13 13:37:07,2017-12-27 11:18:59,2018-01-09,91fab8a424b89d4456bee1ed63d8109c,2017-12-07
1d1b9a0b61dc765c259e60051ea75421,2544e6809c928997dae7cb8affd9a524,delivered,2018-02-02 14:23:48,2018-02-02 15:31:19,2018-02-06 21:26:51,2018-02-14 16:43:22,2018-02-20,926387e6018cb60df81b66305d6d9829,2018-02-02
fb044859ae3cc0721c694443c343aed4,68a9d3c0bf69c9cba801481e649385fc,delivered,2017-11-03 20:25:39,2017-11-03 21:31:22,2017-11-06 21:29:04,2017-11-07 18:04:58,2017-11-16,83b82ec5bf93a47ccfbe05452ea32009,2017-11-03
f64acc0cecd62080222884dac91d7e81,5509c22c5bbfd431c377cb58b9bc8da2,delivered,2018-03-18 21:44:18,2018-03-18 22:07:41,2018-03-19 19:28:32,2018-03-28 23:04:19,2018-04-05,9859a25a9c113149af2104b9606945c9,2018-03-18
871134d4fa39345ca2bcb99597ba1e32,2936278e8926cf8358e5fb5e8c4502c0,delivered,2017-07-19 11:21:57,2017-07-19 11:35:08,2017-07-21 21:37:27,2017-08-08 17:40:11,2017-08-21,cc821d6cb5873fbcaf145b39e890d867,2017-07-19
a01cc79e3afbac4a52ce1d528080e438,f71daf549aff62ad50e839ea1086d9a1,delivered,2017-01-11 10:24:36,2017-01-12 02:45:44,2017-01-16 09:53:31,2017-01-18 11:56:05,2017-02-07,522d1f87cd0763c5fe91a7277b41197f,2017-01-11
81d7555ffbde7261c34dca2bc0c03a06,14ad561f083cd19492c62dbc08a85c35,delivered,2017-11-20 11:46:27,2017-11-20 12:07:32,2017-11-21 20:12:27,2017-11-27 17:43:24,2017-12-12,c756c5a0183a0e0c511a8b00fa1e2ee2,2017-11-20
33bfe472174712c99483919c79e837cd,91144b33cc295f0d746be2292acdae34,delivered,2018-01-23 18:48:49,2018-01-23 18:58:20,2018-01-25 00:12:24,2018-02-02 20:07:06,2018-02-20,31e2e13cc64f2a3bd9dbde22bbad06b2,2018-01-23
0762fe35b71987563f8771eb6d14938f,7eecabb09b5cb3af852caa2a9ab2d9db,delivered,2018-01-24 18:07:59,2018-01-24 18:19:29,2018-01-29 23:27:54,2018-02-14 13:39:12,2018-02-16,a1d0117ac83976f19030f953c2ee8d0b,2018-01-24
ced9d48cd170ccf0a762bf379b4723fc,e17005589b4ea116d5d37e99073c8f91,delivered,2018-04-20 15:52:59,2018-04-24 18:40:04,2018-04-23 23:12:34,2018-04-24 15:24:38,2018-05-10,f6b25feec9492b2e3f4ddfec018c4c07,2018-04-20
248b0e94f86d91bf3538c663bb08846c,2d4b23d6d122d97cb32831c8cf0b3f15,delivered,2018-03-02 09:18:55,2018-03-02 10:00:28,2018-03-02 22:46:38,2018-03-23 17:08:37,2018-03-26,02eb78892c907c1fd2723b6c93c642ca,2018-03-02
a653118477695685c772ca3b7487d11b,b6e12b51dee3f72d5843abc004bc833b,delivered,2018-05-03 18:38:37,2018-05-04 11:33:19,2018-05-07 15:31:00,2018-05-11 17:21:41,2018-05-23,28e240d20a2a4904e9d5f64fc0ecef17,2018-05-03
0afd81117f1c67a42890fb705304cb8d,bf190d6af2a721491dd403d53ce2527c,delivered,2018-07-10 17:47:51,2018-07-10 17:55:53,2018-07-11 14:45:00,2018-07-13 19:40:48,2018-07-26,40e10d002d672880f72af9715030777d,2018-07-10
5502aebd362ed11913b17bca3aab7d69,5536ad8d7b98b0ed6ad239682275b66d,delivered,2017-08-24 07:25:57,2017-08-24 07:43:51,2017-09-04 19:42:21,2017-09-08 20:35:43,2017-09-18,7b47e578d76978ec639b2213417ce76c,2017-08-24
a4d8b3c1132983dfcb92224110473f5d,bd52d6038b05ad568e194c06b89fc4e3,delivered,2017-08-14 16:56:14,2017-08-14 17:10:16,2017-08-23 20:16:32,2017-08-31 19:11:11,2017-09-14,62bee75275706a52175531d8c63fb93a,2017-08-14
0b34b5b5c46c8870d8a0a667d2f6bb4e,f819ee076bb9edaef215114f813e9738,delivered,2017-11-25 13:18:01,2017-11-25 13:34:00,2017-12-01 18:36:41,2017-12-11 20:09:27,2017-12-22,2f73e93d1e11788e219227e5d10c181b,2017-11-25
1d99187d9f0f50da550071fbba6d50c2,222045e44210159d75ac338d6fd1bd05,delivered,2018-01-27 10:31:21,2018-01-27 10:38:21,2018-01-29 18:32:39,2018-02-03 00:22:45,2018-02-14,32dfc89d6563e6868106a8c7711ad8d8,2018-01-27
b72a8ad380aaa28c3f4b75f754d26def,41fb9838de2f4b8adf9559010af158f3,delivered,2017-09-24 14:59:52,2017-09-24 15:15:09,2017-09-26 17:52:34,2017-09-28 17:11:48,2017-10-17,809ea1c56f165109936fe5c51003fbfb,2017-09-24
979c4326cc15330dd0b1e4547e25e81c,e4dc2f565cd58a95a1f952a6a8e4e74e,delivered,2018-04-23 21:16:12,2018-04-24 18:21:35,2018-04-24 18:19:23,2018-05-03 19:46:56,2018-05-15,aaf5d15bc05eea054704bcb37abed9a2,2018-04-23
a88f591ce78a76e91c1a9f91eca4fe24,be98f3be949f955c594fb2854597f133,delivered,2018-04-13 16:15:46,2018-04-13 16:32:49,2018-04-19 11:38:37,2018-04-26 10:27:22,2018-05-07,7bcec0a536d8bc7b820ce1174ca64683,2018-04-13
0221d784b11a24077b3531e860b73434,2e8a717f1328396791b375f2d401def0,delivered,2017-12-14 09:40:40,2017-12-14 09:52:40,2017-12-14 21:42:14,2017-12-26 23:19:06,2018-01-12,4d5e71a85161c235a376406c237f96aa,2017-12-14
18f39cbc016f34a22c870ef03cba5641,92566e623b70efba98063150b200cba4,delivered,2017-12-31 22:14:53,2017-12-31 22:26:35,2018-01-02 18:35:39,2018-01-22 22:57:47,2018-01-31,b890928f02ba9a0dfbc6ec8009bee0fd,2017-12-31
640806202f1eda384c725b1c24118968,1fce054f8184df5c7a4b5d5aec6fb2bf,delivered,2018-01-07 21:30:12,2018-01-07 21:39:26,2018-01-10 00:03:51,2018-01-24 00:15:20,2018-01-29,d5a4c22e55ff8f92df60fab87b487060,2018-01-07
7e5db9e4a8de1e5908fa74963fd30e41,d3488e0fe542621a715eb2b6a4f203ba,delivered,2017-10-06 08:22:58,2017-10-07 02:44:43,2017-10-10 20:38:57,2017-10-14 16:43:52,2017-11-07,571b2d4e1763ee5b0c5a6995f2672798,2017-10-06
30e1842e97acf7abf6d5f3d36ecedd7c,3d457252f3e67466b6e8b1951b29ddac,delivered,2018-08-13 11:17:13,2018-08-13 11:44:17,2018-08-14 11:29:00,2018-08-17 20:11:51,2018-08-28,7dc34cb3fd6dbae23add67e72c735025,2018-08-13
6f3257f5d312b32a49d12e934af13545,b2489ddb52242fade15d2b47cbeee030,delivered,2018-04-25 23:43:05,2018-04-26 23:49:37,2018-04-27 16:14:00,2018-05-08 13:38:25,2018-05-22,6fb1f07f50322ace5e510c059089c409,2018-04-25
8a4473ef93bedc3e12f0d05d9925f4b3,42b62ee4c1223c3e3518be5a69946746,delivered,2017-09-05 16:41:37,2017-09-07 10:33:40,2017-09-11 12:23:56,2017-09-20 11:23:08,2017-10-04,94ce448a2910cd6918dd4389fa88ddf9,2017-09-05
621e872311397c42f0b553c82785d56e,fc99c647ea0438ef017c02573a18ac07,delivered,2018-07-27 12:46:51,2018-07-27 13:04:21,2018-07-31 12:58:00,2018-08-06 19:28:22,2018-08-16,e9275e3687ca3cba55a85dd2d2780c4a,2018-07-27
595f0b273d4e8ffd1efbad2beb3b3a9c,4b246f130ea11f8d194bec65b87a46e5,delivered,2017-06-29 22:40:23,2017-07-01 04:43:28,2017-07-03 15:21:39,2017-07-10 19:38:28,2017-07-21,a08b0a126ac4d8df5e4ee925e7d5f55e,2017-06-29
8906f8628f9d017732e7c6f40fbc57a0,8e8f17531981e12cd96f9795a5c1176f,delivered,2017-08-15 15:41:51,2017-08-17 02:50:44,2017-08-24 16:53:49,2017-08-29 17:58:19,2017-09-13,43b08d281d4af0b878d09f942ed5978e,2017-08-15
8d02084669f5b4bd784dba858f55bcd6,820f5eb4c2ed16c96bccf47e7b21f44d,delivered,2018-04-09 17:09:08,2018-04-10 22:29:39,2018-04-17 21:23:15,2018-05-02 21:11:06,2018-05-09,aefbb459b35ac7289f8ed198bb4e5a18,2018-04-09
27a6325c93e53bfae0a9b94bc263293f,7c2e9dc6dc40a13459ac05fcfddf0639,delivered,2017-09-09 16:08:25,2017-09-09 16:23:56,2017-09-11 18:26:00,2017-09-20 17:32:35,2017-10-03,dd0ee11726c7c81c39e8f00e0aef3e16,2017-09-09
bc0198f5ae1390929c3106becf240aae,9118fd0dcc9459a4ceaff8b478718a36,delivered,2018-08-17 00:25:31,2018-08-17 00:49:14,2018-08-17 13:20:00,2018-08-23 14:28:45,2018-09-06,e97f5c3887ce5fba03be582cecf47fa8,2018-08-17
a2eca95fe0a3ac12cb72449511a11fd6,662ddf0130a11a237c514379f34c3e25,delivered,2017-10-06 08:40:50,2017-10-06 08:49:20,2017-10-11 22:06:45,2017-10-16 21:52:18,2017-10-30,299282b2c7f9543c2c21991fc5c29a4d,2017-10-06
675b0980a1c53e959dc721b6e608997f,b3e2d25661bc36bf407b8ca0b6087708,unavailable,2017-08-16 21:54:45,2017-08-17 00:04:48,,,2017-09-12,c4696db7fbedd4ebff6dc11a6d4fe3eb,2017-08-16
a87ac74e82a6dc5d976c350530f2655b,fc0882280024acdc05099f791169a939,delivered,2017-07-04 13:37:14,2017-07-04 13:45:11,2017-07-05 14:59:41,2017-07-14 19:06:47,2017-07-26,e291272db5bd3070bfd6497432223aed,2017-07-04
767595f6cbb3f45f3d3fced0aecc7fed,971928f2e125b0d9b0d51e24b0c682eb,delivered,2018-01-18 15:57:06,2018-01-18 16:16:27,2018-01-19 22:13:44,2018-02-09 15:35:08,2018-02-19,7dded2afe09a43ede9f5521e1e564f89,2018-01-18
141d3bf5aa7128f40bf2a60cef620b93,c04a2307a632d018118403bd57ce1395,delivered,2018-05-02 16:05:21,2018-05-02 17:32:00,2018-05-03 13:49:00,2018-05-11 23:42:22,2018-05-24,f65090e385ff1887e03047d352e63858,2018-05-02
9e48259dcc212e0343e11086490f15f8,2b730cd68350263273094dec76ef3073,delivered,2017-08-03 18:30:57,2017-08-04 06:45:21,2017-08-04 18:07:48,2017-08-10 18:27:08,2017-08-25,85201f0856a9fd760f472ffe215e68fa,2017-08-03
1ff2b191106588727c913321d52db56f,02989a5bf256c6a23900bb011fa0f919,delivered,2018-01-10 12:28:49,2018-01-10 12:35:23,2018-01-10 20:08:30,2018-01-22 18:05:32,2018-02-09,04f30274974f9c19df99c06dd9ab1815,2018-01-10
5b9e437b9b8c217c1e35158aeafc2102,dfa8547fa65cf8971c91c4102eba6180,delivered,2018-04-20 00:23:34,2018-04-24 19:06:45,2018-04-23 15:06:33,2018-04-24 15:32:18,2018-05-07,5a821a6e169359c29d05cdf715f4c3d4,2018-04-20
1ba709b2606b232b367cb08a49738fa1,7f72c366833450b2a3d61fd7166b3add,delivered,2017-11-26 09:33:26,2017-11-26 09:54:26,2017-11-28 00:24:33,2017-12-27 22:21:52,2017-12-11,c00ef8b66504c811ecd2efe7643840b8,2017-11-26
04f89a77d1fcc3178c1a374b5cc61a52,a33c79acaa70b8dca9c354383ffa9781,delivered,2017-11-26 22:25:25,2017-11-26 22:37:31,2017-11-27 17:39:06,2017-11-30 00:38:34,2017-12-11,be95e1f88b1bea9640dc17fd5c7c9754,2017-11-26
b415a35a700ab8411988f58b4db6daf4,02752ad42b3d725c49a1194731564a0a,delivered,2018-01-08 18:19:20,2018-01-10 10:32:50,2018-01-10 22:26:45,2018-02-02 23:58:59,2018-02-09,a9d11922783fc20e62740e6126b47c26,2018-01-08
4ee9f49f270f78d4fc48d16080c0bf2b,162eb826a0678ae969912c2f4edf358c,delivered,2018-04-16 17:49:40,2018-04-17 17:10:47,2018-04-18 20:31:14,2018-04-30 14:38:54,2018-05-10,f6e1684046fa27418a80467152d55192,2018-04-16
aaf7224fd4c85294460d9c42a803a7a5,24239aa9e44e1461b902453c03425010,delivered,2017-12-16 11:28:55,2017-12-19 09:30:37,2017-12-19 21:57:53,2018-01-08 18:54:13,2018-01-17,cb6c8ae257a14ef1d9472afefc5b896a,2017-12-16
273120c482a64369a7a64743e245c979,e261f0cf92ea24cfef2b63f9f3a0e6f7,delivered,2017-04-27 23:39:16,2017-04-29 02:43:10,2017-05-04 07:56:27,2017-05-16 10:47:53,2017-06-13,9d10bac79cbfafe359de7dfa9f5a1e47,2017-04-27
ab5f199b8bdeb7e529bd36b79766cdc6,c4d9cce6be1cdccf5d4b0378b7420405,delivered,2017-09-24 20:58:08,2017-09-26 06:34:36,2017-09-28 14:36:01,2017-09-29 19:44:45,2017-10-11,c648348775c0079e21f73bc7967d343f,2017-09-24
c0f2ea4b21ba7cf42168794fcc92560a,daa17889b60a7fd60a1258928e19c94a,delivered,2017-12-10 18:15:03,2017-12-10 18:29:53,2017-12-13 22:18:43,2017-12-24 12:59:50,2018-01-08,68ac7f34d4b4d62e58822ed1d86dfe82,2017-12-10
3cb7837e1a9c1bffae26ac626bc51b54,852ebab4e4fd1db787cbfd010b8ba758,delivered,2017-07-13 13:53:47,2017-07-13 14:05:29,2017-07-14 16:42:16,2017-07-20 18:57:52,2017-08-07,6ed32e9479eb9bc8c9ff66dc231a6a1d,2017-07-13
9b332bc19bbe82226b87fb330786ac04,5bfb474e36c30edca9b87dc8d64ede13,delivered,2018-06-01 19:16:12,2018-06-04 09:30:14,2018-06-06 13:57:00,2018-06-19 20:19:43,2018-07-18,c608a2145b2ab11878e923fc84f29d21,2018-06-01
bae6774d132c3ca4920c1998172a1ff7,fc2c86cf520547aef5ac0c410a6ef7a1,delivered,2018-04-24 14:56:25,2018-04-25 04:11:13,2018-04-25 14:12:00,2018-04-30 14:57:43,2018-05-15,dcb20e695256765e8a81915ddd01af2f,2018-04-24
e7502198c4c3631116855ae6a8df1725,5e3f8b9a2f9e4ea10ecf656c60412548,delivered,2017-05-08 11:59:25,2017-05-08 13:02:59,2017-05-09 11:24:39,2017-05-12 11:24:49,2017-06-05,281e1e72207e518c29b249a1361a775d,2017-05-08
d35551f33906e01d035a5f40e1bd1732,bef299a2a64318827d1d0fc04512b405,delivered,2017-03-14 12:30:17,2017-03-14 12:30:17,2017-03-15 10:33:02,2017-03-23 14:38:50,2017-04-04,45e5ee02a44f5afede108564a3ebbf5f,2017-03-14
a7e6fba3426b2524d4ae03c6bcd147ee,10774c3bd46abb71735156fc85b987c4,delivered,2017-11-20 22:30:23,2017-11-20 22:38:50,2017-11-27 14:58:25,2017-11-29 00:53:33,2017-12-01,b412d9b6c1eb770f60485429dcc18059,2017-11-20
bc41a96f4cf87290c5447020f6ac56ba,ec0984f9b037098d69b0c09fd64d0b02,delivered,2017-03-03 18:53:17,2017-03-03 19:05:14,2017-03-10 15:21:50,2017-03-14 17:07:00,2017-03-28,23eeaf77f8c29ea22ced2a3fa0bc360b,2017-03-03
a600cbfa2fc560a5f610401df5ad1c3c,c234ad158462f9be1addcd58a1db44d2,delivered,2017-10-25 10:08:14,2017-10-26 10:08:12,2017-10-26 15:43:48,2017-11-13 23:27:24,2017-11-22,dac388d1802f7c9dab198518fb44753a,2017-10-25
b3c04e10f26d07b42c0a956f11eb18ff,35501ba94ff1f47d8ed65ad2670c9282,delivered,2017-07-06 15:03:51,2017-07-06 15:15:22,2017-07-07 19:51:55,2017-07-13 18:39:28,2017-07-28,26d1b63e9b8478f84f87188c4877049e,2017-07-06
199d865a833111b42fa9115901dbf975,e3742242db3768f9350899416830cafb,delivered,2018-04-10 17:04:52,2018-04-10 17:32:05,2018-04-11 20:38:41,2018-04-16 18:36:38,2018-05-09,208b4154b3341116b04ea16e2160f1f4,2018-04-10
fdbbb1715d0c62c714e2a8178b95dd54,4eee43e4ae51748483930117ac32369d,canceled,2018-05-20 21:30:58,2018-05-20 21:50:38,,,2018-05-29,eea78edb87f2b1d88a973f29c5f49426,2018-05-20
86603549dc4dc577ba20b693ecb5daca,94acbdff64edaeb307c7bcd31bedcde5,delivered,2018-06-06 15:55:22,2018-06-06 16:14:34,2018-06-14 14:36:00,2018-06-25 23:26:25,2018-07-19,4f5008ed565ae721f73a5affaa2ff339,2018-06-06
33c5dbe43ca27f9986dd3c0f02b94286,170787bace0c599e49da09f21100cb1e,invoiced,2018-03-06 00:58:52,2018-03-09 20:35:25,,,2018-03-26,4011b7579e894fa929d2de97b4928f41,2018-03-06
6361934420f488713f6afe6ecb2500b2,7a483a6e302a4c1c8879a20ea201864c,delivered,2017-12-05 22:39:37,2017-12-06 02:50:09,2017-12-06 23:33:00,2017-12-10 14:19:21,2017-12-21,1b312f562eea0660dd4fd8f0bd453cae,2017-12-05
b26ee85b15728fcd633f442f61e8c828,e9f803e0e1cfdfe5ad1458c8551bc7f1,delivered,2017-07-06 23:55:06,2017-07-07 00:50:15,2017-07-07 20:59:21,2017-07-17 20:41:11,2017-08-09,4fec36fae74fed9693516946dd472e67,2017-07-06
3c842261892c32fb5ce15222b72fa6e0,714f3ff34cd22b97f37d42bdef4bbc88,delivered,2017-04-18 13:05:04,2017-04-18 13:15:11,2017-04-19 08:22:40,2017-05-05 16:57:48,2017-05-23,22c739518f5240ffd2f80e0087aebe26,2017-04-18
5cd162546fa462ea71132e5419ab9f09,e256d3da02ebeb6de514cf0abfcd534d,delivered,2017-09-12 17:27:02,2017-09-12 17:44:52,2017-09-12 23:26:31,2017-09-28 20:03:38,2017-10-10,5e6b35594549902a59ee75de03f16b45,2017-09-12
9ecc7884797c901042fe3114f1e59f5f,cc89835f7bbd6f0ab15a0b5594605998,delivered,2017-12-09 17:41:47,2017-12-12 03:39:34,2017-12-14 00:38:42,2018-01-03 16:16:36,2018-01-09,8828868edd8b70cfd28432b5598f1842,2017-12-09
a0b5b18e1a88382e88da5352bb3dcc3d,c17bd91b1e06ffc95d4b255931dfae97,delivered,2017-03-04 16:27:08,2017-03-04 16:43:13,2017-03-06 14:22:16,2017-03-15 08:03:50,2017-03-31,19dca9c19a60bebe4c0063134ee086f7,2017-03-04
e73484c0c2a3c82b81f0e333e68d471d,e6334a908bc96a6498c9270676a2ca41,delivered,2018-06-20 00:02:09,2018-06-20 00:16:49,2018-06-20 14:55:00,2018-06-25 18:47:49,2018-07-13,f8da29c004aa3dfa209f598153567bdd,2018-06-20
a8f2de0bd364d148696276ada61777f7,5f7a57e2b8a60c5504cf3d41c267b0f1,delivered,2018-05-22 11:59:15,2018-05-23 08:39:21,2018-05-23 19:01:00,2018-05-24 18:58:47,2018-06-05,0891e5d4e534eb8585807582fc12cc3c,2018-05-22
0acc21fa1eb63678e12042b84f8f9d49,082d62ce77055d3e52dcd10c1e2ddd2d,delivered,2018-08-23 12:32:01,2018-08-23 12:45:14,2018-08-23 13:38:00,2018-08-29 19:57:28,2018-09-18,2df3668c4487ba2cc80bd990a2f4d9e5,2018-08-23
0121cfa7c946e6589f50d7012d3eb5eb,4797fb67b3991c9513486658f6d694fd,delivered,2017-08-30 11:47:28,2017-08-30 12:50:18,2017-08-31 21:36:02,2017-09-06 20:06:08,2017-09-26,8215ca540d5abcc9e3564f69e898769f,2017-08-30
094067c0f56b5d0a4dbad0aa60bd26a6,8b732006d93eda03060a52ce6bc22acf,delivered,2018-03-16 07:01:56,2018-03-16 09:06:36,2018-03-17 00:32:13,2018-03-17 15:48:47,2018-03-28,ee86c319ba988c50816cb59a863b1882,2018-03-16
d9745e8f7f6aba12a179d1e0641051c7,dbadf55e573c2aa40903dd0daa617d4f,delivered,2018-03-08 23:56:20,2018-03-09 02:02:48,2018-03-09 16:48:35,2018-03-13 14:10:41,2018-03-27,c5a8e1afaf7ff00eee61c2ff1e933771,2018-03-08
916fdcba975b61d1b124bc2e79b2bf87,e0e81d6dafebf0a0cbb332a231fc95f0,delivered,2018-06-08 20:36:28,2018-06-08 20:59:24,2018-06-12 12:38:00,2018-06-20 11:56:19,2018-07-13,3f616c7f2e9ae88f8e6ee02239edac4e,2018-06-08
906c0311a3334730009a5ef558c391a9,f43c413aeb26cb21ea78c2ba8d7d3a74,delivered,2017-09-26 03:29:28,2017-09-28 02:49:49,2017-09-28 17:25:20,2017-10-02 21:15:14,2017-10-18,c5d9cce8eea90ec5991d0f93f4912ebd,2017-09-26
517505d25c8775dd836ecb4e308917a1,d6aeebaa342ead97cc1b16e47d59b867,delivered,2018-04-16 15:56:30,2018-04-16 16:10:56,2018-04-18 00:59:52,2018-04-25 00:12:15,2018-05-15,2b1bccb3468960cd5c9e613bb3b79d7b,2018-04-16
f76887473f528c398659936663331251,696a9ef6ad57273c88e865b52f3f121a,delivered,2017-11-03 20:03:34,2017-11-03 20:30:52,2017-11-07 14:38:42,2017-11-13 17:39:21,2017-11-23,a7657330b1c135f3acd420326e335b2c,2017-11-03
c2ea797d51d65bf537180b09a90a8e6b,136e2c8c718aedc13d5304f0196c8178,delivered,2018-03-20 09:49:45,2018-03-20 10:08:09,2018-03-21 19:08:34,2018-03-28 22:26:24,2018-04-12,df6a5b41d79d117478cfc8b8176605bc,2018-03-20
66355bca3dfaa134e807687ade5d3330,60668013b65cb5ce1ac510221b9af243,delivered,2017-08-16 10:59:06,2017-08-16 11:31:55,2017-08-18 20:33:05,2017-08-23 19:40:12,2017-09-20,459759c02362af7a218dd2fe035b3c07,2017-08-16
905cf34043925642f36abb99eea3f3d6,9cc971992ce857d4f7ca2cbe0e6527ad,delivered,2018-01-24 14:23:40,2018-01-25 19:13:19,2018-02-15 20:04:46,2018-02-28 23:43:40,2018-02-20,7639c1813baaf28ea109538971357918,2018-01-24
aa5e534574a9f7b3b8d2197ee978af4b,cd364daef2e9c1cd294de16a8aa22844,delivered,2018-03-23 17:39:12,2018-03-23 17:50:49,2018-03-27 17:41:21,2018-03-28 19:11:52,2018-04-06,3f9ff8f1962a7992624ebb251252b537,2018-03-23
0e5d0ad4560f5151e3a5f605f5799138,6586420cfcd5cde6e764b531b51063f2,delivered,2017-04-02 13:35:00,2017-04-02 13:45:15,2017-04-05 14:20:09,2017-04-10 13:04:49,2017-04-26,a3bf83b50f90eb382d63942a93addf69,2017-04-02
50f565fbb2600be9ece2189e2e88af7d,04bd48b39172643799a1dc84ebb98deb,delivered,2018-03-19 13:11:24,2018-03-19 13:56:10,2018-03-21 17:48:54,2018-03-23 22:44:31,2018-04-10,82d36d5b6aa8c9c4678e7c848d5970c8,2018-03-19
b99b5f149263f07c55586983071c466e,16e6da5752d944112a52cf53291ed0b6,delivered,2017-12-21 01:13:33,2017-12-21 01:30:32,2017-12-21 22:13:33,2018-01-09 00:24:33,2018-01-22,0581ef72dbfe4bfd10751730ead20e1b,2017-12-21
71d69f67014a0966287a08bd24bb0324,cb783202236a8f0f033742f0381fc541,delivered,2017-12-28 20:35:29,2017-12-28 20:46:37,2018-01-02 21:29:20,2018-01-05 13:29:21,2018-01-23,c8c2c89a2e1c59735805f588d5b2d2b1,2017-12-28
b9babcd3be5ab7aae890f68c9fb4ccc8,41382c6cd1d97c0f778023549dcd51ac,delivered,2018-04-25 09:11:40,2018-04-25 09:33:19,2018-04-25 12:44:00,2018-05-02 15:09:04,2018-05-25,78a8cb14649a61bb2d1b4c1435fc0250,2018-04-25
4424e229c586b51536fe200e207c8f84,85e1f0efd5bd913c062b8f25b12ceec7,delivered,2018-03-14 00:19:49,2018-03-15 03:29:32,2018-03-15 19:36:30,2018-03-16 20:02:52,2018-03-26,1a1b27faecdec3036ba51a911e03cbdd,2018-03-14
7216ce968c7d0e2648617fbdbf7933d1,6b20ea89a9436cef4f37c0c401f46b6a,delivered,2017-10-06 08:49:54,2017-10-06 09:07:13,2017-10-09 15:46:40,2017-10-17 00:08:46,2017-10-30,1b7733821d1e0ec8907bbb441271f80b,2017-10-06
7ab608f5a744c8f9c9c449fe54de96de,8aeb0bfe3d5463fd1f845f933a468e70,delivered,2018-04-04 19:53:51,2018-04-04 20:08:44,2018-04-06 21:21:50,2018-04-13 22:51:09,2018-05-04,8426c1ba4c8bb532a3d527772a9b46e1,2018-04-04
fb6f9beaf3a466694906162da16202d9,f8cdab003c25a5efc111797e8ee9a8ba,delivered,2017-03-31 16:27:33,2017-03-31 16:42:10,2017-04-03 13:13:07,2017-04-05 11:00:16,2017-04-25,a1a9f0879ca33ce5414b5a2b1598f321,2017-03-31
1508d47584249ae1045eb47cf1653ded,b0aaac25cac80dcf398faeb698c0dd27,delivered,2017-10-19 13:52:01,2017-10-19 14:07:38,2017-10-19 20:25:31,2017-10-25 21:47:27,2017-11-07,2bf309706aa713f4cc4ba45978bab01e,2017-10-19
bef2faf755e64de2b34c1439e05626e0,bc23bfcaab875a4cad5badf9e7f3123c,delivered,2017-02-15 14:09:34,2017-02-15 14:23:11,2017-02-23 14:57:33,2017-03-06 08:45:47,2017-03-20,b58f4f278a37976550360ac12328c852,2017-02-15
8b531c937807bb67b6cfb0afa1be6ee3,966f8c197219f574e737b722cf1dbac4,delivered,2018-06-10 19:37:05,2018-06-10 19:51:42,2018-06-11 15:07:00,2018-06-13 16:38:46,2018-06-20,4046cc9e4828038b58ee191e1f713466,2018-06-10
de87be44e83ebc323acd6d4caec3ca57,338804134cde889d5f389c3fb09daefe,delivered,2017-10-26 14:08:44,2017-10-26 14:29:15,2017-10-27 16:28:31,2017-11-27 18:49:11,2017-11-14,c1a83a518dec21a938b5ca2a66e47ef0,2017-10-26
cd974875c10f96dfe6a717e02c625feb,07a034ecd1c160818de9be09a9d24bea,delivered,2018-08-05 09:58:57,2018-08-05 10:25:16,2018-08-16 11:47:00,2018-08-20 19:09:40,2018-09-03,61d36066163dfcf83989f7d6edabaff6,2018-08-05
e51b03b501b229c0921929d10f0a36bb,e5a91a4de75365c5a020bf937b52dc77,delivered,2018-04-14 08:14:17,2018-04-14 08:31:05,2018-04-30 14:07:00,2018-05-03 13:58:39,2018-05-11,6b6edf2cfcd95c52f1255eb7ae82249e,2018-04-14
6611ba034599c08d41ef42aced5adecd,cf33500c8660f369fe867416807d8a6c,delivered,2018-05-17 16:37:19,2018-05-18 00:14:35,2018-05-19 07:50:00,2018-06-05 23:52:04,2018-06-06,88055311adcee315a7c05930e3849363,2018-05-17
ba84f6aec57aa48ee3eb1b97964354e5,fd4a20f415cf462c50350f55c9391a77,delivered,2018-08-21 23:02:33,2018-08-21 23:10:13,2018-08-23 12:53:00,2018-08-24 17:48:55,2018-08-27,b9b631c792478688bb967a88b9f2053d,2018-08-21
1c961234d514101345679cb6028102fa,c02e3f49196e557d35818cea44fd76b6,delivered,2017-08-25 12:23:08,2017-08-25 12:35:27,2017-08-29 20:22:43,2017-09-11 21:12:31,2017-09-25,94b27f5cb0276a9d149375e24de840d2,2017-08-25
f713f69364d66b2020e04ec8892d1285,72a03d436c15b5093f8d9022b8fea8e6,delivered,2017-06-02 16:34:22,2017-06-02 16:45:25,2017-06-14 09:58:07,2017-06-16 14:53:04,2017-07-05,62cbe0bdb79e0915ce4144526dc3ff31,2017-06-02
e317f41180b8a6fa3ce86b6fba6ac3fa,6285f604fa70a13975a094497da3bf6b,delivered,2018-06-25 20:52:04,2018-06-27 08:54:31,2018-06-27 07:37:00,2018-07-05 18:32:09,2018-08-03,b38732950105417b181136c00f9fff9d,2018-06-25
999a1e26ec873f85a13a3a4e3dffb5a2,b9a06c236a0668f4320a9c72534e7812,delivered,2018-02-14 10:07:30,2018-02-15 04:10:59,2018-02-22 17:25:12,2018-03-01 10:37:43,2018-03-20,628bf7b073cfff27a6d6ad849c29a1f2,2018-02-14
ef51a7ade9fbb3f9fb91ce79e86591dd,5caa99c6242666cd98a7b02e8a8caa50,delivered,2018-02-03 10:23:54,2018-02-03 10:35:29,2018-02-08 00:21:56,2018-02-19 21:49:00,2018-03-01,76d8f38e48abb626f6616d239827d99a,2018-02-03
dbfc85111e9812da1a864f78aaf6d282,6f831ab314ae38169aef4169d06d2429,delivered,2017-11-22 11:56:01,2017-11-22 12:06:30,2017-11-23 19:09:14,2017-11-24 13:18:14,2017-12-04,b0d2130cc62a4845632db363ee163e97,2017-11-22
8188245de83e27d91f5454e5ce159b89,cf442293068fe81b9f4f4dddb9ce3f6d,delivered,2017-11-04 12:02:04,2017-11-05 12:10:34,2017-11-07 18:29:13,2017-11-14 19:45:54,2017-12-06,cb7eecf6b3b822c5e3d650d79aff5156,2017-11-04
4c074254980764fecff977c97ce88c4d,25b97380259fb4fa328c4ab94b33c81f,delivered,2017-12-12 11:14:59,2017-12-12 11:28:54,2017-12-15 15:20:27,2017-12-21 00:22:47,2018-01-05,1a42398a1e0806c36cc9aafac8a34df5,2017-12-12
b293c4fde0d98fba95ab1e4b93334005,daa3f06ac09105d630aa53e639b385ca,delivered,2017-08-27 14:55:41,2017-08-27 15:05:33,2017-08-28 14:24:51,2017-09-06 17:54:54,2017-09-25,f087d32d4dc73deed9eab506a49c0a5a,2017-08-27
8a0ff8191c4dd240e18114ec66889ec5,70360e02ab805b07f9f7f0a617b72bc6,delivered,2017-09-26 18:32:32,2017-09-27 20:14:19,2017-09-29 22:47:33,2017-10-12 17:39:47,2017-10-19,8553f5340d68f43c020a372eac05fc85,2017-09-26
f454701e5160f7518990fcac29a81932,dc47946c59cec7bb8590aadf5f667ac6,delivered,2017-02-09 22:25:41,2017-02-10 06:50:09,2017-02-10 12:07:39,2017-02-17 15:44:46,2017-03-10,a2b25629f92bcc296b154fcd7c1401cc,2017-02-09
00998f38df3012359ef195ca75ebb329,592fe733eef8c8ab12d27a84a98c94a6,delivered,2018-05-11 11:52:34,2018-05-11 12:17:02,2018-05-14 12:42:00,2018-05-18 14:52:38,2018-06-08,40ab3e4a058e03da00c83586c4001193,2018-05-11
509098735f5ef060b30337a4261fe363,4899bff53cc2d4206fb88c42ba7d27b0,delivered,2018-01-09 18:53:36,2018-01-09 19:09:31,2018-01-11 00:38:53,2018-01-16 20:28:51,2018-02-02,69159558e4c924590931c78ad49e5866,2018-01-09
b9d5fdd84b13a6539a7a5e8851aef828,479fd4d4bc4307595d06249bfc2f70b7,delivered,2017-11-20 14:49:01,2017-11-21 04:06:56,2017-11-21 21:47:58,2017-12-05 20:47:07,2017-12-18,281ff584a1e9eda2feb606531eedf20d,2017-11-20
4519e07ee266cdb76e23c0fb163b6b32,e4a99835448411bc518166299f50f2d8,delivered,2017-11-24 15:09:28,2017-11-24 17:20:33,2017-11-29 23:51:56,2017-12-06 22:33:08,2017-12-14,0ec241847edeaf2547cdd1ec0580078e,2017-11-24
5d85cc48fc6c9edcf1933e6e66de1a47,4930451de9b3bf498e8ed2aa06c9421c,delivered,2018-05-03 19:31:30,2018-05-04 11:35:19,2018-05-04 13:12:00,2018-05-11 17:17:38,2018-05-30,231d36f5c4b238c26f449ffd98c79180,2018-05-03
89844d8832c881326923a2cf804b72cd,b8b71bb850d115b6147cb431453059cd,delivered,2018-05-23 13:53:31,2018-05-23 14:14:33,2018-05-25 13:58:00,2018-06-05 19:47:00,2018-07-02,e4b36f6d0c9d03bb8eef2c94fb9c64ec,2018-05-23
5355341d3b3fe35edbd80e7c7898551f,8dc9064ed50605925c539815b560c78e,delivered,2018-06-17 19:21:01,2018-06-17 19:38:31,2018-06-18 15:40:00,2018-06-21 20:03:36,2018-07-23,397b44d5bb99eabf54ea9c2b41ebb905,2018-06-17
5e301cd08b777c3ccd87ec64498e785d,095ff0d98c32ab487eda814891094a49,delivered,2017-05-03 17:24:18,2017-05-03 17:35:12,2017-05-04 13:36:53,2017-05-16 14:40:10,2017-06-13,0c15bb1a8e72a36709d239eec8a96bfe,2017-05-03
8a1173c84bbf754f61daf556a62fe1ed,94592fdb883217ce1d1c1436fb77890e,delivered,2017-04-04 13:01:04,2017-04-04 13:15:17,2017-04-05 11:03:39,2017-04-10 09:44:00,2017-04-27,ea413c4de30a628ab6c8f0f2cb35197a,2017-04-04
6ff0c72cd26c7ea730935abff483f2e8,088748a6b4f6a4042e04da23b9b0940c,delivered,2018-08-04 21:05:04,2018-08-06 22:25:10,2018-08-08 15:43:00,2018-08-16 00:24:41,2018-08-31,2dc76f1f9332f576c53931a0502784b9,2018-08-04
3cc744d9a46682c354778726d30e384f,52fbd9fb0561eb0384eb3e5649d2a640,delivered,2017-10-25 00:25:07,2017-10-25 00:56:57,2017-10-31 20:42:35,2017-11-07 19:31:57,2017-11-17,f4371991881a328886a134bbc99cec9e,2017-10-25
782b00205051ed11c71726e9554e788e,8ac4417f93e1cd022e92837a030182a7,delivered,2018-03-18 22:52:15,2018-03-18 23:07:44,2018-03-21 22:56:24,2018-04-03 01:16:51,2018-04-09,e440787673386c80d6a962882c5eddac,2018-03-18
0b691ae66d643c4c266fd72bd6ce77ce,06bf27b49c6c26aa688482c2f76ada5e,delivered,2017-08-12 23:18:04,2017-08-12 23:30:17,2017-08-18 19:09:43,2017-08-29 20:44:29,2017-09-05,0c4c416f1f9844e6805b074f8f96f52c,2017-08-12
8d82989b46a15271fe364e6492758722,43ea8f218eab9dfb67ad0142ddb4ae7b,delivered,2017-10-18 01:12:36,2017-10-18 01:46:05,2017-10-18 19:48:29,2017-11-01 17:07:38,2017-11-06,a3efc07134342a5d8926a8ed1b508275,2017-10-18
857a663ea88d0f7a0bbd031f0903cbc2,4d96c7fe8fdf1b142ff0404a71f642de,delivered,2018-06-13 12:40:46,2018-06-13 13:02:43,2018-06-13 14:48:00,2018-06-15 19:57:00,2018-07-11,30d3fd552bd0b4cb22920338b0d8d353,2018-06-13
c37e2c9cccce36f396d3b958b8bc1574,f8815e1c537548d19be6436b7db48334,delivered,2018-02-10 22:39:20,2018-02-10 23:48:24,2018-02-14 22:45:12,2018-02-18 16:32:32,2018-02-26,5696f0ece61830a897474558aebf4de9,2018-02-10
af61f699b2799a4ec2d24e0034c0a3ae,aa08b1d5c82aaeea270440453827c5d9,delivered,2017-04-30 23:48:13,2017-05-01 00:42:41,2017-05-04 14:14:49,2017-05-09 08:12:02,2017-05-23,bfd36d32d9c3f50d6ebfc3ee4e02d9d6,2017-04-30
566fe59dc8f089f27c0e739a3891581a,38d54a9478904bfa6d7fca2b36be9fdf,delivered,2017-08-03 11:03:47,2017-08-03 13:55:07,2017-08-07 19:15:38,2017-08-08 17:18:00,2017-08-16,b9cb2be1e16f6afbcccc94af231bbb7e,2017-08-03
ccc4274862635573537b10ab2e055926,e7ba4647b3f1a9a08dcf8205ce6ad1f1,delivered,2017-10-09 15:35:13,2017-10-09 15:49:26,2017-10-13 18:23:55,2017-10-24 19:36:56,2017-10-31,7bada66424f46ce9a766b94974849e09,2017-10-09
c237167dd6b573071accd0996f0152b6,0807369bb83601c51ef29aa70fc9cd66,delivered,2018-05-11 20:36:36,2018-05-11 20:57:05,2018-05-16 15:29:00,2018-05-25 09:03:40,2018-06-07,a1edee13974273a7dac3535faf658a9f,2018-05-11
83f307792a5e44febc1eb0309679051e,12c72c83c8598e9978e923c0b39d8077,delivered,2018-03-11 18:38:22,2018-03-13 04:11:01,2018-03-15 12:12:45,2018-03-30 00:10:54,2018-04-10,6ef8c06e2d3781d146627296130f7cbd,2018-03-11
fb58bfd81a8521707b1bc039498f79fa,a367008336a850d24efc16b193f8e8b0,delivered,2017-11-13 13:05:04,2017-11-13 13:15:31,2017-11-21 19:28:54,2017-11-27 22:37:41,2017-12-04,22a0114b95190a8b56fd898f65b3666f,2017-11-13
ea08d6964c36fe88296fb1f063a854c4,0dcc5ef57fa1ced9eefd67ddff8d4cb3,delivered,2017-11-29 08:28:23,2017-11-29 09:30:20,2017-11-30 17:54:34,2017-12-01 23:05:30,2017-12-13,95ad706244ab4c3fdacafe02ffc06de1,2017-11-29
813580ab673df29946d1c252fe231f9a,830bd6bef6859ef08f69d1a6ba06d655,delivered,2018-02-27 19:33:49,2018-02-27 20:09:25,2018-03-02 02:18:51,2018-03-20 17:56:45,2018-03-29,8af84fe890694adeb2e738818e7954f3,2018-02-27
5fae8446818acd6c452f8dead61ba683,6c02179fe2a3f832fec9c652dfdaa50b,delivered,2017-10-15 14:56:08,2017-10-15 15:07:13,2017-10-18 19:22:26,2017-10-23 20:48:38,2017-11-01,7e13c5b52f3f0e1979723ff4b9051904,2017-10-15
393a6c33172f80f95ddcb31d61f6368f,1969cdc47033bdbeaf28db2ee4767fb4,delivered,2018-03-06 14:07:38,2018-03-06 14:15:37,2018-03-08 22:16:29,2018-03-09 14:21:30,2018-03-16,b31b3423c031eef8f93cb2d9b0a66aad,2018-03-06
4d7dc7fe5a388ead18c9355d74c49998,dec4cf257efa4166891e0b40f0c9c7b1,delivered,2018-08-21 07:48:58,2018-08-21 08:09:46,2018-08-21 13:59:00,2018-08-24 23:21:14,2018-08-24,b7ab287ff23be401c7b29b78c0a1ff86,2018-08-21
93882e0a79db6b5f436e91f64595b3a3,a1f193332fe485fa5f9698574293a57c,delivered,2017-09-13 15:20:19,2017-09-13 15:38:11,2017-09-15 13:52:12,2017-09-20 13:08:19,2017-09-29,0382e24b3c92e0c49f6a532e3703b031,2017-09-13
7744b010dedfdb100e51ac9096022331,708f92fedcdcc81215419faa0026b753,delivered,2017-05-24 13:47:09,2017-05-24 14:02:38,2017-05-25 10:14:41,2017-05-29 10:33:02,2017-06-19,f36560435f28ce483a177d4b638427ad,2017-05-24
9c907683320520537fb677e28c4b5629,0472d52fc0d9de11035845057654052f,delivered,2018-01-16 17:18:59,2018-01-16 17:33:05,2018-01-19 19:09:00,2018-01-23 20:35:29,2018-01-31,6f9530ae3dc59cca841d54f8dbc287ce,2018-01-16
d80b6cf3c5089af37bc9dae7cbafc3b7,bd578b82a00259e0967261b85a0d3f7c,delivered,2018-04-01 20:56:06,2018-04-01 21:10:25,2018-04-03 23:46:30,2018-04-10 00:03:38,2018-04-26,560a4662eb4a058fa759def32ff39feb,2018-04-01
8a8d5579f5323798786ef799344781b0,dbb34416e5ca65c3e7af17da603a723e,delivered,2017-10-19 17:28:56,2017-10-20 02:49:35,2017-10-20 20:22:37,2017-10-24 19:13:54,2017-11-14,93cc2577e09c0b0ba51e1831f45148dc,2017-10-19
12fb2d2b590f7359e3b473456bd1ca87,b9e7d8b529d10203729359b4660021ec,delivered,2018-07-04 08:11:03,2018-07-05 16:21:01,2018-07-10 14:33:00,2018-07-12 18:31:14,2018-07-19,c34e349e96f7ad6ceb0723adb5400f0c,2018-07-04
62d3343ff5b8b9b2465b68369d7dce80,15ae2b9627becd5f2a8ae9c48471ef7c,delivered,2018-07-03 12:10:13,2018-07-05 16:34:56,2018-07-06 10:44:00,2018-07-10 13:14:48,2018-07-18,a37cf9f29e9f1de58195a7926718cca7,2018-07-03
eedc6468311e8bd6f486d10ceef187f9,5fabc533f674be519dbec34d861afe1f,delivered,2018-04-22 16:03:02,2018-04-24 19:22:41,2018-04-24 19:11:44,2018-05-17 15:12:51,2018-05-24,e8ab3b929c8e51314946d8c9d056b939,2018-04-22
607e1a17f3e649f24abe13bb0dd25abe,d2b9844cccc9747ba112cae367d1a551,delivered,2018-05-17 02:28:51,2018-05-17 03:35:21,2018-05-17 13:59:00,2018-05-22 17:24:33,2018-06-21,ca12da7d856692d5cf4960c5edd99756,2018-05-17
e94de2da68be96cc9b05b8dfc378f03c,e5ce5ae0c7389bf518ca10a19088e27e,delivered,2018-07-27 08:30:45,2018-07-27 08:45:09,2018-07-27 14:50:00,2018-08-02 22:57:54,2018-08-13,df827080aa23ce0074dfe366f0224273,2018-07-27
90f94ceb94e0651a95abaccfaf7d8fc5,be229efb8c41bb502af08614897bad70,delivered,2018-05-13 00:15:40,2018-05-15 04:35:17,2018-05-16 15:08:00,2018-05-18 19:32:35,2018-05-28,3a57faa672c7755b29694a9feffcc5fa,2018-05-13
c308d0d781ddbf00ef974e5dfd79d746,2c2c6d6306525aa4e3b0508924c7e553,delivered,2017-04-23 11:12:58,2017-04-25 07:55:48,2017-04-25 14:05:41,2017-05-01 12:36:47,2017-05-11,ff6275fe63f74d9a63ce29460d90dfac,2017-04-23
f338343b96ced9d8ba7f84a53fd69a40,265b87c2715d7f3be7b5585693dab64f,delivered,2018-06-29 11:04:42,2018-06-29 11:15:09,2018-06-29 15:26:00,2018-07-06 11:18:40,2018-07-19,900f8cfb56258eb3172571170c4adf3b,2018-06-29
185a17e610fa1a503abd98770d3eda4d,3d1e417219b6176d6695c6cf838d599f,delivered,2018-04-19 12:46:41,2018-04-19 13:10:39,2018-04-20 20:21:57,2018-04-25 18:38:49,2018-05-14,5795e538c1a8e59459690ec5b94e02a8,2018-04-19
48af7589aa4fbcb01531df8c9b510e91,e2f2b94effb9d9eab0905a9b38b35f8e,delivered,2018-08-04 17:09:00,2018-08-04 17:24:21,2018-08-06 15:45:00,2018-08-17 14:14:31,2018-08-24,91570bb635619aacfcc8a0d4e4c6ab8e,2018-08-04
28e3d439853e5fc8fefaa840d6f32cba,0ef45835a657c44b852360596e689cba,delivered,2018-06-01 23:00:45,2018-06-01 23:15:13,2018-06-04 12:08:00,2018-06-11 22:27:30,2018-07-04,95b9f68bd6f363a5d9a22971b9b623cd,2018-06-01
09aea357bd7fde763e2358cc9e413513,f1821c00b393147f35773641d2b53cd3,delivered,2017-04-04 23:45:19,2017-04-05 01:01:20,2017-04-05 13:47:54,2017-04-07 11:32:48,2017-04-25,66832c8a08118ce07d6091866582b30f,2017-04-04
d836fc392b89243c807bf3366c68fbee,c57d5c9079bd335950f3317ab7c831fe,delivered,2018-07-03 11:40:56,2018-07-05 16:32:14,2018-07-06 11:12:00,2018-07-13 13:29:15,2018-07-25,bbc01b3e8bc60ce72e59fa96039172a7,2018-07-03
6a35a6760900965a91b5dfb7460ea132,a9e6eb3c8110898977bb6781be052f66,delivered,2018-06-17 15:32:09,2018-06-19 04:16:56,2018-06-26 14:13:00,2018-07-06 19:21:52,2018-07-13,efd6b3039a768d43177137e009aa52c0,2018-06-17
bb1d9b21badcb17b30365430916459c4,68981df11ddfcf3fe0aa515ec1fd6436,delivered,2017-06-02 17:48:30,2017-06-02 18:02:52,2017-06-05 17:45:54,2017-06-16 17:29:33,2017-07-03,d11623bdc89fce3d25fa2971b60992fe,2017-06-02
33df8843af208f8c4418211eaa6af067,73b4e854ef8cd9b58571a4cc547c72b3,delivered,2018-07-22 22:50:04,2018-07-23 12:31:53,2018-07-25 13:50:00,2018-07-31 21:54:51,2018-08-07,6c8a79f1eba093cbfd4fbc28c06fccf7,2018-07-22
bee571b51c70e572478812165da701dc,928f402c4314a16a7d88c87b86eeb0ed,delivered,2017-11-24 20:39:01,2017-11-25 03:33:17,2017-11-27 22:54:47,2017-12-04 18:07:03,2017-12-15,0e4cb268bd62da7db135af6349b4fc2a,2017-11-24
21ff4faf5460988340a9675233bd0d1b,06e81d76102b0d027324e7375400a11c,delivered,2017-06-07 20:38:13,2017-06-07 20:50:15,2017-06-08 13:49:50,2017-06-19 16:15:49,2017-07-03,f99f4e4db672e22718b5ad0e910ede8a,2017-06-07
5ea6e04d681966d4ae2e0e6dcada5f20,715afa7e9686768e6db93aeca9998020,delivered,2018-01-30 09:46:33,2018-01-31 13:31:50,2018-02-01 15:32:56,2018-02-14 15:36:49,2018-03-05,1f9e0baeb7855a52bc3106527c4f9276,2018-01-30
df90c41800b8805c3a9a8c5139d0c83b,94cf3e8a7892ee0fdd046c0c08c2c38c,delivered,2017-02-23 10:37:17,2017-02-24 06:50:14,2017-02-24 13:28:11,2017-03-21 09:08:03,2017-04-05,d275b278b0894a9ffb5af58318a86b44,2017-02-23
dda7cf31684a98205550865020745d09,78f4e8387f5e3b93ddc0c1a77968b8d9,delivered,2018-04-27 00:09:05,2018-04-27 00:29:18,2018-04-27 14:36:00,2018-05-21 19:59:54,2018-06-06,700ea7327b089e8a76f03928dbbd4ce6,2018-04-27
21264ae81b0f6ee6e1d2664ee10c51fc,c98e48163a11cce4e5fd20b4de73dfd0,delivered,2018-02-14 10:32:00,2018-02-14 10:47:49,2018-02-14 20:53:31,2018-03-01 17:52:59,2018-03-13,fa760c8edd09b321a0ad039ac58c7743,2018-02-14
5a63932fb14d73f88cac39e052c92be4,6b937952e19d3f33afb6b8a7f3019a5a,delivered,2018-03-27 10:40:00,2018-03-28 02:47:32,2018-03-28 20:10:58,2018-04-10 17:26:48,2018-04-18,4273dbec5f99bbe7fe4003282a48c0be,2018-03-27
94f98ffd128d56e74dac7bb1b700666b,9c3a2de4bd076318646ffd3b7677e135,delivered,2017-10-23 22:03:54,2017-10-23 22:25:46,2017-10-24 18:05:09,2017-11-06 15:54:57,2017-11-17,466ab669487b54621877dabdee68271e,2017-10-23
1ef6697da8b7f56f302e5fa61e9966ba,1987c6984961aad6157864b028cfe881,delivered,2018-02-07 16:22:44,2018-02-07 16:35:44,2018-02-08 21:08:37,2018-02-15 18:47:20,2018-03-06,56feb7485ace57f1566e0eadd2ab282f,2018-02-07
457bb809dc185c4a253943522fa1577c,ee7b0a64a42fd92a3144a38c4f347a9e,delivered,2017-07-07 00:44:08,2017-07-07 00:55:14,2017-07-07 18:42:23,2017-07-24 22:33:26,2017-08-02,bd64e82a5bf0ad0166ad7c72b302bbe4,2017-07-07
ed2f80d07bcb176e6097b0a730d3d53d,672e306aed8cffc8a34f999f6b3cac52,shipped,2017-04-25 13:17:36,2017-04-27 13:10:31,2017-05-03 11:52:10,,2017-05-25,80d031e530823c89fb5538142b66d36a,2017-04-25
84771b2689ba42b7b77859f32934caa5,5b01dda0bcf9b3375bc9f423b276a301,delivered,2017-11-16 19:52:55,2017-11-17 03:55:43,2017-11-22 15:58:06,2017-11-28 14:34:47,2017-12-05,a2015437c464e440cb20a4733383ca95,2017-11-16
705172254d979af1ed7ec13222ed5532,1604b4e7e39484634a197748796f7fcf,delivered,2017-10-04 00:05:29,2017-10-04 16:25:47,2017-10-05 21:37:45,2017-10-27 17:49:51,2017-10-30,61d5812ce409015a34adc36209b69605,2017-10-04
2259c28617dcf9c2ed34e78bb3dfb562,daf42b4ca0bdcc543c7059047a122897,delivered,2017-12-16 23:59:58,2017-12-17 00:12:12,2017-12-18 21:47:04,2017-12-22 18:41:47,2018-01-16,687c8082beea27b62d88da5d0885f5fa,2017-12-16
dd42374a06906225a225f1e6edfed9b0,3dad10fa91656a1d27cf3bd2514c881b,delivered,2018-02-15 10:09:02,2018-02-15 10:47:31,2018-02-16 12:37:14,2018-03-06 21:36:58,2018-03-13,c094356d22bb5d9162e117869565492e,2018-02-15
2b0cfc334d86942657ef40ce2d07ee9c,7e225df5fc63ae525999ccb9082056c5,delivered,2017-09-08 18:31:36,2017-09-12 04:44:26,2017-09-13 16:47:35,2017-09-14 13:56:45,2017-09-20,e848a081998cb14f4302f2e980e1f83f,2017-09-08
b85940effca75fa13e0c2af6b056c0c2,73990deb5ebdd6a47cef90ffb5945d2d,delivered,2018-05-20 19:46:42,2018-05-20 20:18:48,2018-05-21 14:52:00,2018-05-23 18:59:00,2018-06-07,0e41533d246dc7f85a5a1de2cf23456b,2018-05-20
2e496accb804bb4a59fcd3df574b450c,db859dc699009191be7005581c73865d,delivered,2018-03-05 08:15:47,2018-03-05 08:30:29,2018-03-08 19:14:32,2018-03-12 16:58:32,2018-03-15,403da270f61ac988b1ab9c5daaa4612c,2018-03-05
4319e802aaabad931ad3a44bd949720d,be36c3eb3390bd59d4848e5b7054d5da,delivered,2017-11-19 09:15:44,2017-11-19 09:30:24,2017-11-21 18:58:38,2017-12-08 17:19:45,2017-12-13,d3b7dad5b2d683e7d2aa4cc0269f997f,2017-11-19
1cbd71feda5da8baea7160be1168fbc5,71549f745b1fd8c7d538c09e284094ab,delivered,2017-03-04 15:23:16,2017-03-04 15:35:12,2017-03-07 10:09:10,2017-03-23 14:48:13,2017-03-29,90ec0a8d2609ed45405891f011004a8f,2017-03-04
f26c31dc999a7994a4369c805f0bd029,a544f53bd4ce0d11de2d68e3675ecfab,delivered,2018-03-16 11:19:46,2018-03-16 11:30:46,2018-03-19 21:04:40,2018-03-27 22:38:43,2018-04-09,4644f1b187e390a08b4c66fb16c91364,2018-03-16
c6d3ed55ee0b6a2bde85adc9a569ae3e,fd2947021eefe3d69a634044112ef5f6,delivered,2018-03-22 17:36:46,2018-03-22 17:50:31,2018-03-23 20:41:57,2018-03-26 21:24:47,2018-04-04,62fce903aa7c917a14aa35829ae8931c,2018-03-22
e0d0c37730a3ab2629b6f24a3466ddf5,e11623a23d3f7a0adaf43e37e17e77e7,delivered,2017-12-14 16:02:58,2017-12-14 17:13:42,2017-12-15 22:58:44,2017-12-17 14:39:03,2018-01-03,237284bdcdda04118a1a06ef457b3355,2017-12-14
7ef1da1730f64df72be4189c5ea58c66,ed672ba37544385256cd475cb61a468f,delivered,2017-01-20 16:32:37,2017-01-21 16:41:49,2017-01-24 11:43:54,2017-02-02 10:33:59,2017-03-02,06f118042228904ad8c1f2271e80a3e9,2017-01-20
1c958182f10d6fcbac7728c8d3a151f1,08e16d18de470d7041b38c2b4031dbc1,delivered,2018-07-23 15:09:44,2018-07-23 16:05:15,2018-07-23 14:52:00,2018-08-01 21:05:05,2018-08-14,73279480c0c6e3b47b71419dccf5f610,2018-07-23
18a346f32bfaf63cbc64aa283488d8d7,b710399fff76d7d382dc542fa66da001,delivered,2018-05-16 18:32:36,2018-05-16 18:57:20,2018-05-17 13:01:00,2018-05-21 20:46:28,2018-05-30,c2509f00b43eb6c13fec5c8b16cf6a8a,2018-05-16
190c71c36bb25e9a85f3a53291e475a3,5d2b9a7a9bdbe47b86f680434ea11930,delivered,2017-05-22 19:33:26,2017-05-22 19:45:12,2017-05-23 10:19:31,2017-05-25 10:29:35,2017-06-02,fee9d48a7d5e9122af7ebb105513a8fd,2017-05-22
ab640e57ace8f9edd426ca8a503d3169,90c0fa7baa041fcbfd44bec2156263ea,delivered,2017-11-01 11:39:19,2017-11-01 13:15:22,2017-11-08 19:55:18,2017-11-25 15:45:51,2017-11-28,f09b7e700d193bbd8e00f3ec54ad0195,2017-11-01
b4667cd2edff64c10f3994c1395c3e3a,a203982ac5eea35c3c5d90f6df90c401,delivered,2018-07-30 21:21:22,2018-07-30 21:35:22,2018-08-02 15:47:00,2018-08-06 19:56:31,2018-08-08,063d3c82b96f47c05cf0b779a4444f46,2018-07-30
dcd164b97935d9b049b44ce46d77d06f,d9c6e0ae5cd7e0b0d5464394077dec8f,delivered,2018-02-28 14:08:26,2018-02-28 14:31:03,2018-03-05 19:58:44,2018-03-22 20:33:55,2018-03-22,5af895ee7ff98368a5bf6faeddd18cec,2018-02-28
b4c293aa1a0b122897263dac68a82a91,3c04c0de489eb51603854b55d0e60264,delivered,2018-04-17 19:57:28,2018-04-17 20:11:37,2018-04-18 22:54:30,2018-04-23 21:03:53,2018-05-07,137ac5644e60c4d1d2b6ba211c793050,2018-04-17
7a7d2c889e27d93b2005462a8788e168,88927ff4f54b497957d9947e926ec6fe,delivered,2016-10-05 00:32:31,2016-10-06 15:57:05,2016-10-30 14:03:48,2016-10-31 14:03:48,2016-11-25,6320163c8653234370204578f308e39f,2016-10-05
c5548bf423e21fbc422e07fd67df2e08,908defaacb69b56b991c77972490d6ae,delivered,2018-05-07 17:27:14,2018-05-08 08:15:41,2018-05-08 11:48:00,2018-05-14 19:18:44,2018-05-22,effeef4e9a3764d15b3e88e7d7ebbe95,2018-05-07
0cc7bb57999d251da473822051388086,97cef017d1cee0f245e0659fe8694f90,delivered,2018-08-08 17:14:03,2018-08-08 17:30:12,2018-08-15 15:01:00,2018-08-16 20:56:37,2018-08-14,69f209c87656328a84be38ce7813d2a1,2018-08-08
29eb489b23b22ac3a867b2408dac5575,53f2297d5ee760eb3894415f07057fbf,delivered,2017-10-17 22:29:39,2017-10-17 22:49:10,2017-10-23 15:43:50,2017-10-30 14:42:58,2017-10-27,0818fd5881c1dbf55c91d4cbd10c6973,2017-10-17
17660939d5287b04a8f9ecb64c178966,8b733ff0734d0dca3d50690e9c9bc6be,delivered,2018-04-18 20:52:21,2018-04-18 21:11:25,2018-04-20 18:58:59,2018-04-25 18:15:00,2018-05-23,e51c52eb0b141e3ffdfede6630aaf7c0,2018-04-18
c863a49cb9cb9a145f7d39a575866b44,3611b8aa7d047bae70250b069092db25,delivered,2018-08-04 21:04:17,2018-08-04 21:15:14,2018-08-06 14:55:00,2018-08-13 21:06:26,2018-08-14,8f02022dccfa73911d7d45b28e9d9785,2018-08-04
322605f2be4d493376dd7fdf8efc47f6,37b4ce8b6e3c86c0eb818168eb7d8f27,delivered,2017-10-06 05:44:55,2017-10-10 04:08:08,2017-10-20 15:58:49,2017-10-23 16:42:56,2017-10-24,b84ade70575cf10a56b6278e829e7e54,2017-10-06
198b900399661ad01ee9e47c4c0cc7d3,0995a25fbc15194295442e91c730ea6d,delivered,2017-04-20 14:41:52,2017-04-21 05:10:26,2017-04-24 12:52:59,2017-05-03 12:24:36,2017-05-19,2a88becc8483051d9bd6d077111a3c0c,2017-04-20
ff5b0acaf838e06bba2881e7ea4a474c,f8367ebba926834dd754de8692e93a1c,delivered,2018-05-01 10:56:19,2018-05-03 03:52:55,2018-05-03 12:53:00,2018-05-10 21:12:35,2018-05-28,f1136bf5c6ada89ff1ca10b9125d6b52,2018-05-01
cd02e1b6a025f2d7003c4c8b2ef28baf,ca077dd95290191565abb393a580bbfc,delivered,2018-02-19 13:38:51,2018-02-19 13:50:43,2018-02-20 19:19:17,2018-03-08 19:45:24,2018-03-29,70f326d437e44cf69da00c9169b74fb3,2018-02-19
855ae4582654ba4a199f982c721df826,c996c4d9566ecdb973f7a3f326a5869a,delivered,2018-01-25 11:30:52,2018-01-25 11:53:01,2018-01-30 17:33:18,2018-04-26 23:26:34,2018-03-05,1e23a493bbbc54ef9e592db53e29d223,2018-01-25
cd05165a846200165f408aac54408021,a6bd6725b70ed51d4c079b42b1880c26,delivered,2018-04-27 11:18:46,2018-04-28 03:11:00,2018-04-30 12:47:00,2018-05-07 19:05:56,2018-05-24,d2f6d72a546b8f3437495bf799c6fa43,2018-04-27
a093b99db34ddd74e5c5dd360a44710e,2aedefeedae1e7cf174d41766aa5c257,delivered,2017-12-14 18:12:45,2017-12-14 18:30:12,2017-12-16 00:54:53,2017-12-29 21:58:57,2018-01-11,c02f2b5263375ea7e905d4c20a2860d2,2017-12-14
bd8d8c966c76e7dc0c5da96656641c7f,3ce39465dade7562b6e14ebd91255720,delivered,2018-07-04 12:04:21,2018-07-05 16:30:49,2018-07-07 07:03:00,2018-07-13 18:34:27,2018-07-31,62b8761192c86f4ead06f4a433096a2b,2018-07-04
df3a7600e4fd0a2c595fa7ad6e2e622e,8b82938b643c15649685382d619f2db6,delivered,2017-10-06 16:44:05,2017-10-07 02:28:11,2017-10-09 20:05:15,2017-10-16 21:27:39,2017-10-30,3cce9681c3698ccc970bef57aa7b2af4,2017-10-06
69c6be5f48a1dd84aa79f4ed149dbb30,aa5e0a0c36015d39de864189a2b00b09,delivered,2018-08-14 19:44:14,2018-08-14 19:55:24,2018-08-15 13:23:00,2018-08-20 18:33:40,2018-09-14,451b44fd38ecf487d6c8d4ad58d0b758,2018-08-14
46982dfdb7eb17de20078571fe8cbd34,bed8b981565062c439dd043eeac824cd,delivered,2018-04-26 10:03:06,2018-04-27 03:30:47,2018-05-04 14:50:00,2018-05-14 10:18:50,2018-05-14,a56efdc7b7471b3480ee9a5bb9a1aa80,2018-04-26
a9495ad773a18a329a4f9e514f5c1c9f,a5b871d84fbfb35508252ecd5cf62046,delivered,2018-06-06 12:47:39,2018-06-07 02:55:14,2018-06-07 14:29:00,2018-06-14 21:12:30,2018-07-20,9ef0c12fa87fd32e3dce56c5892f0964,2018-06-06
64bfc8cd9379c2da1d2abd37c2adf65a,3ba36f79e706c3402e5959eb12a8d661,delivered,2018-06-28 20:49:28,2018-06-28 21:11:13,2018-06-29 15:13:00,2018-07-03 18:47:42,2018-07-18,69fd65ad12b18d1642b4260210b0b61a,2018-06-28
d8ea9aaa8098d24938490811c469b4f3,2eb92a48dbdb96a38f9eee6f87bc23ed,delivered,2017-12-18 00:25:56,2017-12-20 01:31:28,2018-01-12 20:37:56,2018-01-22 23:32:11,2018-01-26,0cfda056b639cfe41ad2e81420ee303b,2017-12-18
5e429d7b3e086bc3af78f2f42b9c5937,e9d1d75a5c27ec57002c5f6af56192ed,delivered,2018-03-10 18:53:21,2018-03-10 19:28:32,2018-03-12 17:26:41,2018-04-05 20:22:10,2018-03-29,3a90b62fee678b5223dde0bab4af9168,2018-03-10
30df6364a7029642408b5fbf8556ef21,b134ccc99df2d517b2d8bc9455ea7a2c,delivered,2018-08-02 20:58:17,2018-08-02 21:15:07,2018-08-03 15:10:00,2018-08-08 20:47:45,2018-08-17,edcc520042f879209c46ed4a773dbf4a,2018-08-02
68c5cb2a721e1c90873c96888b8317da,acdbb4999d5d103ee914b62dd18922a2,delivered,2017-04-05 16:25:35,2017-04-05 16:35:28,2017-04-06 14:42:58,2017-04-11 12:43:47,2017-04-26,06b6656e6aba924b64a5d671d1b1ec2e,2017-04-05
ba35aab992c4504d63730c89ccc35613,f266e6fbcffb5de9dc10afd7cecafa83,delivered,2018-02-18 19:28:54,2018-02-20 07:27:28,2018-02-22 00:12:10,2018-03-06 19:03:54,2018-03-14,77a6c94cb83a7b908cc7c18f3e812635,2018-02-18
8ebc0fccb4f136c5c90587a3257824b7,dc091cc4d3bf81c69da499b3cbf775f7,delivered,2017-05-17 20:59:43,2017-05-17 21:10:18,2017-05-18 14:04:38,2017-05-22 09:27:55,2017-06-06,5a6a43b78f4354c6bf999401fba32452,2017-05-17
e758dcd9bd08272ffb2f985926579539,ba3743e23ed5d26cf1a06a43f0ee44ac,delivered,2018-07-28 13:11:22,2018-07-30 16:05:25,2018-07-30 15:39:00,2018-08-01 14:52:54,2018-08-07,92e0f98d5c6b1bbe7616666e0f1b23d6,2018-07-28
2355c3ba8f870f103fa43351ffc1a905,0d15ed47c04aa30a0a5911c8ac2290da,delivered,2017-08-05 14:35:35,2017-08-08 03:50:40,2017-08-11 10:05:20,2017-08-22 16:45:42,2017-08-30,929b8bad532f969fc414b7831ff3360d,2017-08-05
02dec5fbe189e3c2ccd9ba071c6bb78d,ebbd6c8d7511352fbe3511d1e547181a,delivered,2017-12-08 18:58:34,2017-12-08 19:12:15,2017-12-14 23:47:56,2017-12-29 14:15:22,2018-01-03,a36ee442cfdb8a3ffad0927508c4205e,2017-12-08
4e34f7f360a23cef569caf80c6ff4c7f,01f19842d7bf8b1a9af62d553807e88f,delivered,2018-04-26 15:20:36,2018-04-26 15:33:02,2018-04-27 13:03:00,2018-05-04 15:12:30,2018-05-15,0a400ccd12c23c9589eec8082be5261b,2018-04-26
dc8302e63ff9b2dc67dd51edbd8b537d,5e97b06dbf5f662871b9ccbcbad51b62,delivered,2018-06-15 18:34:57,2018-06-16 18:37:24,2018-06-20 15:04:00,2018-07-10 17:07:26,2018-07-20,62564bb035479125e2961f465565adfd,2018-06-15
7090459e09c0818517061e939e3aca96,1bc63c59e2446648b9483b1fd695c922,delivered,2018-02-18 07:29:14,2018-02-18 07:46:20,2018-02-20 11:25:08,2018-02-25 15:24:43,2018-03-12,40a950e96fbd7a92a06d347bdf69482e,2018-02-18
ab6a6b7a25c62e6f6c332f359ac4764f,98c3ecb51a496e47dc7cf7fcf7c19b96,delivered,2017-07-07 13:40:04,2017-07-08 03:25:11,2017-07-14 19:28:01,2017-07-18 19:27:59,2017-07-20,dbfdebeb8620b019958e9ba80aa730c0,2017-07-07
d995b179b6d42341a2642cbfc2e02367,4adb8dd7b93358374417474ea8a37492,delivered,2017-04-25 14:58:48,2017-04-26 09:37:31,2017-04-27 11:26:02,2017-05-09 09:58:13,2017-05-16,ea990a6d66d233e174ce328f27e592d4,2017-04-25
40100562b4c65bc39a1feee1c171bb12,2bff03479b7e1c2464a58317ece163c9,delivered,2018-07-05 10:34:57,2018-07-06 02:51:16,2018-07-06 09:12:00,2018-07-11 01:16:58,2018-07-18,d9663aa6356103000396908abe1ff008,2018-07-05
3e153abd068ad6638364a06df17cdc5d,70375b292bed960b4a36f9e164b830fc,delivered,2018-05-18 09:22:05,2018-05-18 09:36:22,2018-05-18 14:08:00,2018-05-22 00:17:30,2018-05-29,dbe76d05d62c31d6230f68258dd1cdc3,2018-05-18
29148c99dc1bb0cf8aa0a5440a583d84,a80e0913b605daeea15416afdcff05a7,delivered,2018-06-07 18:38:09,2018-06-07 18:55:47,2018-06-08 13:22:00,2018-06-14 00:48:34,2018-07-03,e32a8a2d1839448fee9efa05b28dc999,2018-06-07
c23cbe2fda508079dda241b040935e11,517ad4abec0310211174507e6a73d4bc,delivered,2017-07-29 12:08:21,2017-07-29 12:23:40,2017-07-31 15:53:04,2017-08-08 20:45:54,2017-08-22,141034fc07a076f73407718673150905,2017-07-29
cf5d7dcf1c4473152f3cf16bb9e6584f,a20811645f9c1838f984ff3de897e00c,delivered,2018-06-08 09:52:41,2018-06-09 09:52:07,2018-06-12 07:33:00,2018-06-30 20:36:50,2018-07-23,49d717e896631c2b2624dd30d8e36a2a,2018-06-08
6b3b0b39d2a619fa308f4606d780af2c,d58286dd6d9edaf70bf227b843d6c963,delivered,2018-03-04 10:51:13,2018-03-04 11:10:58,2018-03-06 01:54:36,2018-03-09 16:16:25,2018-03-15,5cc1eb5a94ab59494d63f06a5c7eec15,2018-03-04
b67babff39aeeae3f39e5575b7886f32,dc8e6ccac31532ee49da91a604124a76,delivered,2017-07-30 11:24:01,2017-07-30 11:43:20,2017-08-01 20:36:06,2017-08-08 19:43:47,2017-08-28,d3b29394945eb5410d1b8d132d17b1f2,2017-07-30
c022b7da8ab7a4a04bd561c8f765a14a,c797ffdbae65b56c177d3c1368d03628,delivered,2017-01-17 23:40:42,2017-01-17 23:50:15,2017-01-18 13:59:38,2017-01-25 12:51:51,2017-03-01,b77373c1be1866a704f28814c378b253,2017-01-17
e98ca3f29aa70a0cb19f76d286905f03,d0522dd7246e11b31213cce1c3215a24,delivered,2018-04-08 19:49:04,2018-04-08 20:09:37,2018-04-11 23:32:02,2018-04-18 21:42:27,2018-04-25,f00312c4becd1d9f41b7fabf8afaf07f,2018-04-08
ea37cd94a6d10959260b311f58cc5e0f,6a830a6e6de059a41ba310fc217a6bd8,delivered,2017-05-30 23:02:35,2017-05-30 23:15:17,2017-05-31 09:11:58,2017-06-21 16:02:38,2017-06-12,fd3a69ec7f07e6cdd8f87021f0191cf9,2017-05-30
436b06a1d206f46ff8bcf05997df34e0,987f4c5bc8239191c87c8d135beb5076,shipped,2017-02-15 11:11:16,2017-02-15 11:23:18,2017-02-20 13:37:31,,2017-03-16,70c98ee945d52f9457f70b10d5a6baab,2017-02-15
9b80fe8a497834eb67892e43db08b915,243cf67e4a210302a58a9122199b0ce8,delivered,2017-08-22 17:18:16,2017-08-22 17:32:20,2017-08-23 18:56:08,2017-08-29 18:30:34,2017-09-14,f855b20e49d049f95a509a7181800316,2017-08-22
389ac865e327bd982cf1101e0a77ff34,5ab6da4f0948f2079320f3ab48f44c5d,delivered,2018-07-06 21:06:43,2018-07-06 21:30:54,2018-07-10 11:21:00,2018-07-13 23:58:32,2018-07-30,f6e9bab0c1672b2133e95f1d91c4ccba,2018-07-06
5f660ee09541ecf33aebf89fb061c4d9,5f95fc209875dbc344dcafd0122b739e,delivered,2018-07-25 17:37:28,2018-07-27 02:24:17,2018-08-01 15:17:00,2018-08-14 23:41:17,2018-08-21,f09464621ec4ce80c0803dba2ea779a8,2018-07-25
ce1f8664cb48d6603b021058b0463368,bcfcec3fb0e0b631be6276fe010ede54,delivered,2018-03-26 18:15:51,2018-03-26 18:30:19,2018-03-28 00:47:54,2018-03-31 17:38:21,2018-04-12,c1d365220b408879df6a5fb635808e57,2018-03-26
b81af501c9ae710ed9968a6018400a09,a64ff68d66178913de53e73d3682d626,delivered,2018-01-13 10:51:25,2018-01-13 11:09:08,2018-01-15 16:13:34,2018-01-30 20:05:31,2018-02-09,dac8aaf39c0e34519a5faffb566be6a2,2018-01-13
7a3db786a9251bc1603dea2c4970e448,d022bd4e48a3db0ddca17f5204dff2a1,delivered,2017-11-24 10:26:54,2017-11-26 10:35:23,2017-12-01 18:41:55,2017-12-26 22:22:26,2017-12-22,afed5a21e94b4e3e5fbe6c7e4bc92f4c,2017-11-24
7af7c299782a98edb991de6390fe6f88,b0bc7aaae8b9b9e3ae2ef450d3ea41e3,delivered,2017-11-11 09:32:27,2017-11-14 03:55:42,2017-11-16 21:46:50,2017-11-25 20:18:41,2017-12-15,741788c84811de36f385314d019fdf0a,2017-11-11
583c73394048a3ce0e1c455904dbaa4c,37e91a62224d2e070cc2cfe7f2f46841,delivered,2018-06-10 09:06:56,2018-06-12 04:17:34,2018-06-14 12:25:00,2018-06-19 11:58:26,2018-07-11,0821960377e12273e10b79c090e2e1c5,2018-06-10
066783a7a5bfa25f21a22e17c7ec9137,381e00b3603ba05314ee7c9548ef7b6a,delivered,2017-04-22 14:01:05,2017-04-22 14:10:19,2017-04-24 18:56:04,2017-05-08 13:53:14,2017-05-17,d0813c57df04369487ff42ab24dd0ac7,2017-04-22
1abe41acd810d11da1a7ba7776728453,e5e2a89475690a062eefdb426046ae18,delivered,2017-03-23 22:10:46,2017-03-23 22:25:18,2017-03-24 14:09:35,2017-03-30 12:07:34,2017-04-24,47a9b9f33e0ab41e84e32f6fd11e624b,2017-03-23
3fde112fae2a4b90630f8832455a5dc7,e6e54024af4e4f215a7db511f03f4701,delivered,2018-07-18 14:22:42,2018-07-19 04:35:19,2018-07-20 16:43:00,2018-07-26 21:14:04,2018-08-01,ead2f61d3b540ad82a0e96cfb73c4d0f,2018-07-18
844826697082ff384c2cbc98384dd70e,87dc0aeb4bfcf387f948ffc0530e007a,delivered,2018-03-27 21:43:26,2018-03-28 02:47:58,2018-03-29 00:42:14,2018-05-02 20:03:06,2018-04-18,a1a22bbdad9bb7fc533b19f579311026,2018-03-27
6d3130927406da969ab807821a93a65d,dc06b273fa5b109f3d49ec7e45665a7f,unavailable,2017-02-11 21:39:55,2017-02-11 21:50:13,,,2017-03-10,e882aac0b0623df0efb0a85a7ce9be83,2017-02-11
cd4e72be4075838e5c15204603edb7ce,752c4baa3bc37c6bf38fc2faae997a79,delivered,2017-12-27 17:00:57,2017-12-27 17:11:22,2017-12-28 14:44:45,2018-01-13 12:21:56,2018-01-30,a81d0aaa142b2263486ce5463f9836c0,2017-12-27
119da8fe76c893e189ee759f82bbc8d6,647f7b98a4084aa9683a4c475e893689,delivered,2018-07-16 18:19:42,2018-07-16 18:30:22,2018-07-18 15:15:00,2018-07-20 17:38:43,2018-07-25,7a577d2d68150121d950fe55510af83f,2018-07-16
c387e0e080c2a6ef551d117cb92fe2e5,9de618e5eba499fc630e19cc2eb4cf75,delivered,2017-05-23 14:08:22,2017-05-23 14:23:03,2017-05-29 11:30:50,2017-06-01 13:10:05,2017-06-14,816df78c424f50bb60d388b900f890c2,2017-05-23
3a53c89c1526bec25191f47b5ab57df6,cd396d4d2d4083e24b7c345df3b54e84,delivered,2017-11-24 14:25:07,2017-11-24 16:33:31,2017-11-27 22:41:33,2017-12-06 22:22:32,2017-12-15,39e8d4c774173ccefd11a79927fec342,2017-11-24
bf205457ee84ab84c423d67b88239982,695476b5848d64ba0875324c88390206,delivered,2017-12-21 15:18:29,2017-12-21 15:32:34,2018-01-08 21:17:23,2018-01-26 20:25:53,2018-01-17,13d9920a16127351540bcd95ad4643c8,2017-12-21
b20f7bd5866f03037cbf0e8dceb92f8f,047a3fba37e3a757da4c9e67f0d110d3,delivered,2017-02-16 14:13:43,2017-02-16 14:25:09,2017-02-20 18:27:47,2017-02-24 11:33:30,2017-03-15,d0af32188351a712457b3c6956da3c08,2017-02-16
9cab75dfcfa8618dd57b0eb92675ebfe,46e11b1fcb5bcc20e41969f77df302fd,delivered,2018-01-25 01:48:46,2018-01-25 01:57:17,2018-02-01 21:53:41,2018-02-16 21:08:03,2018-02-23,f68fcf829cc4c6c8a53b46c864c1639e,2018-01-25
c82aafbe44928b0afb27adf31ff6e78a,3bc36b88b6987a920fc6aa2e63f6c76a,delivered,2018-04-24 16:37:31,2018-04-26 03:35:09,2018-04-27 16:25:00,2018-05-10 15:52:41,2018-05-25,113bce53d36635ea8d76711d5fe3a05a,2018-04-24
1569f45f1967955e8e1a6bfd41e6f47e,681fbe863f4040a693d5fd2891a360a9,delivered,2018-06-18 14:17:57,2018-06-18 14:36:06,2018-06-18 15:58:00,2018-06-26 20:56:26,2018-07-24,83843227d65566044d6b1a1cb6236acb,2018-06-18
e151550ba97ec3c6c86f7de205371930,41f93e22a459e461cdf419379b90a249,delivered,2018-08-19 20:45:16,2018-08-20 13:15:43,2018-08-20 15:27:00,2018-08-23 18:15:53,2018-08-28,25e028fa8de01a4043fe40595f9edcff,2018-08-19
b4b1ec9a9f24d8db544120456a3a2f12,b18d47c9116d2a106291aea1abfd3f04,delivered,2018-07-27 14:28:20,2018-07-27 14:44:11,2018-08-01 13:23:00,2018-08-10 18:24:33,2018-08-24,00c07da5ba0e07b4f248a3a373b07476,2018-07-27
6e5fe7366a2e1bfbf3257dba0af1267f,5263febf1413e9a60ceb7b842008b7ef,delivered,2016-10-09 22:36:25,2016-10-10 12:02:19,2016-10-14 12:02:21,2016-10-17 13:02:21,2016-12-06,6f90ec5150be36c4475835b5941ab56f,2016-10-09
02680f764ca402aabbb86572ed2731ef,30aeb7b5117f7b889862eaa74b545e2d,delivered,2017-05-28 17:18:03,2017-05-28 17:30:17,2017-05-30 10:11:30,2017-05-31 05:49:41,2017-06-19,3a5c7f0a36d613a96a3cef05fc890ae1,2017-05-28
36c7f50567d882b974a2294acf6f15c3,3f8aed31c455b3ca8e1fcf3b541eaaf6,delivered,2018-02-14 16:25:15,2018-02-16 07:50:32,2018-02-16 17:56:55,2018-02-23 16:23:42,2018-03-13,fcceb56470bf0b4d59caa87e111ca69e,2018-02-14
9d9e1b9930eafd4cf6f0cda424888864,a72de5c8394aa1b9e9f58a17b9de3ec0,delivered,2017-03-29 09:15:40,2017-03-30 09:22:27,2017-04-07 15:32:15,2017-04-18 13:08:07,2017-04-24,c1ee797afa023bc28e76191df28129aa,2017-03-29
1448f96a9dd749b9b2e69f4b8602912c,23301bca57eda7af3e47546760d9e869,delivered,2017-09-06 19:49:30,2017-09-06 20:04:12,2017-09-08 20:42:18,2017-09-09 12:08:50,2017-09-20,3e6bc4180ba32d44f8278f211e2231f7,2017-09-06
8aaa6469d7ef4134e807e6b4da146012,cfca6800e760905907c4f40b45424745,delivered,2017-05-30 15:07:48,2017-05-30 15:23:07,2017-05-31 09:23:01,2017-06-01 12:52:44,2017-06-12,6ad8b4d9cdddf93bca459b4821e1a81b,2017-05-30
c55c2cba4bd6069c80c2531fe9a9188a,ffbf13c83712766447907c175ecf4b61,delivered,2017-11-03 09:55:46,2017-11-07 07:30:45,2017-11-08 19:24:57,2017-11-27 23:24:37,2017-11-29,1d973c98166abefe7b2601c3d959c0c5,2017-11-03
3218f86426ff23f35e98c882849d47a9,1bfca1f99d40c95582780d71b54b877a,delivered,2018-01-29 13:22:40,2018-01-29 14:38:26,2018-01-30 13:41:46,2018-02-05 20:36:44,2018-02-22,daa568f5999003d872a237be0434b499,2018-01-29
e4200b9952be20987657b4536b4b0292,dfa3561dfbf38871099bf09cade3feef,delivered,2017-09-01 16:38:25,2017-09-01 16:50:19,2017-09-04 15:46:02,2017-09-11 20:09:07,2017-09-25,0dd0c4db6972528752b2d77e01acf0e8,2017-09-01
dcfd880d34266648380b0b525d0c41e3,8b282f53d7816cf19ef521b8781b95db,delivered,2018-05-11 13:57:08,2018-05-11 14:16:32,2018-05-11 19:00:00,2018-05-14 23:31:48,2018-05-22,e403e9b885c0a3d0af96d7ebddb091da,2018-05-11
aa830d74d3e7d4a392cb7eac51a9c719,a0b7bf085451ca667f8c8015e9812e3b,delivered,2017-01-14 17:59:38,2017-01-14 18:10:17,2017-01-18 04:38:56,2017-01-25 09:47:57,2017-02-15,1c6c7f4687318090a16753eeefd5b1b1,2017-01-14
79c243f8bca755a9f830a8ad0dc780ad,bddd41005dd16b3607ae7fae6c654ac3,delivered,2017-04-16 10:13:10,2017-04-16 10:25:09,2017-04-19 11:45:32,2017-05-19 17:19:28,2017-05-19,5c554a4d746d2411043e677088886517,2017-04-16
c8f48cead5aa6153ed4e86436420bf34,3ad4eace63928183330a42148cb22cea,delivered,2018-07-21 12:08:27,2018-07-21 12:30:12,2018-07-23 12:29:00,2018-07-30 18:37:53,2018-08-09,605b061fa0abcd3c972303a1f6ecd08d,2018-07-21
d153828b4671c4e7f706bf676b05eb67,53f52ce9e1e5565cfcf8d97b0bb7caa7,delivered,2018-05-17 11:12:59,2018-05-17 16:34:31,2018-05-18 12:59:00,2018-06-08 15:18:32,2018-06-06,f156361586024fcb014ac488a52c4a4a,2018-05-17
0b8ecdf43368739829456740ed76b909,0ae263db1fac3d2b8495a2b4b5b9517b,delivered,2017-08-25 14:47:22,2017-08-25 15:04:57,2017-08-28 16:27:37,2017-09-11 17:43:26,2017-09-19,0a4cd4a1c4e99db007c6bae55ae07e0a,2017-08-25
e4dd475ba157a8f4d4dd4f0b8e7c92b3,a3b09b4fc25b4b48df431cd3d6a4aee9,delivered,2017-09-11 15:28:32,2017-09-11 16:55:30,2017-09-13 13:57:59,2017-09-18 20:49:59,2017-09-27,d6e7a6b07d3527476527cfff9de20827,2017-09-11
372daad5a03ca30d47a650aa8b0194e3,18318296c91a6f9911c3aedaee70d707,delivered,2018-03-09 09:49:25,2018-03-09 10:55:23,2018-03-09 22:06:43,2018-03-10 13:21:23,2018-03-21,560fc03b072c345ebe220ee6d9e2c7f9,2018-03-09
304a4fbceef32e618552f501e27d5412,4e88ed6941cca32d4a64d7ebaab3d2ed,delivered,2018-08-10 14:10:21,2018-08-11 08:50:17,2018-08-13 12:23:00,2018-08-22 15:24:40,2018-09-18,cda5477430c1c4b19bc0fd8f55b866c0,2018-08-10
8891e0949adc833bce664e7af1e0ea6c,f16e090a1e889dea54faa7251d9702dd,delivered,2017-11-13 10:03:38,2017-11-13 10:15:26,2017-11-14 22:12:05,2017-11-26 13:15:04,2017-12-06,fc47abe064d43913c9e7d41964b15aac,2017-11-13
5ab6f6a805ee9808c3f55b95e83c3184,a517b9766ad7575781b94dad96aa08af,delivered,2018-03-16 10:22:33,2018-03-20 03:28:31,2018-03-24 16:16:43,2018-03-27 19:32:27,2018-04-12,317078adf141dee3755559c093b13929,2018-03-16
a43036834338e7cf3242e7c2a47dec7b,065e7c1d44ef05198ae2fd617bdfa533,delivered,2017-12-03 22:58:18,2017-12-03 23:15:17,2017-12-04 18:13:32,2017-12-11 19:19:05,2018-01-02,69f77a5c95274b457961a385dad5edd0,2017-12-03
00772b2af35643653f108fdac1155ee3,3fa57a1801314f5064ffebcc14d2063b,delivered,2017-04-24 10:53:12,2017-04-24 11:05:19,2017-04-24 11:15:16,2017-05-06 11:48:40,2017-05-12,88fcb680dc8cd2e540010c0750b78242,2017-04-24
910b8f728465018e9dfd00228151f9ea,5a72357d5075ccdccbf605341505757f,delivered,2017-12-19 01:19:02,2017-12-19 03:30:14,2017-12-19 19:33:59,2017-12-22 11:18:52,2018-01-08,eb850184a02cbdeadaaeb17f38c70bf7,2017-12-19
86839e5d9c4709953ed4c3fa5aa71c54,517309570c755ca7336c759ad78c6919,delivered,2018-03-21 15:05:19,2018-03-21 15:16:13,2018-03-28 02:04:50,2018-04-04 14:42:50,2018-04-09,01cd1ef6c24558b19ce2dab8801fabcb,2018-03-21
14269dc23af0716ff6fb47c4ee069d76,3341be95ea1ab09188c5f09f685ca08c,delivered,2018-03-17 09:21:42,2018-03-17 09:30:34,2018-03-23 19:06:28,2018-03-27 22:37:43,2018-03-29,62e88325e64180a4f29aeda939bd23ae,2018-03-17
34ec59fb0739f087452873319fc6e94d,2ee52ea8b33b321f4402e2a0edc31eb4,delivered,2017-12-04 15:38:16,2017-12-04 17:48:48,2017-12-07 19:09:55,2017-12-21 02:17:58,2017-12-29,d9a47dbf7021644cdac4ce1a3159307e,2017-12-04
76af98b1c0fcf09ceba3d068409ba06f,413ee91a81860e8f4f179b828a3da966,delivered,2017-06-27 13:55:13,2017-06-27 14:05:23,2017-06-28 10:51:39,2017-07-04 14:54:34,2017-07-17,a356a8567cf4cd5ce32a18e6e7fcabc8,2017-06-27
feef55e09c84e8cb17cc8ccd1b05f5ec,8f321eaa95feb3ae265f40137cd0c1eb,delivered,2018-07-17 06:24:53,2018-07-17 06:45:13,2018-07-17 16:53:00,2018-07-24 00:34:41,2018-08-01,14912e16dd87851c6936cbcc48da638a,2018-07-17
87fcaa805e96b64e38168bbb1852225b,61904f4433f98a2b17c4c483c179c8a2,delivered,2017-05-11 14:57:00,2017-05-11 15:10:21,2017-05-13 07:41:46,2017-05-25 18:39:20,2017-05-31,def563a5ca1027fc17b6c86a6162fb96,2017-05-11
3b242b46f74b79a1db39d117260d115a,a67e506cd165ac11715865f5cc5cd5bf,delivered,2018-05-01 10:54:06,2018-05-01 11:17:25,2018-05-02 15:34:00,2018-05-03 17:04:33,2018-05-14,49abdbe89c6f1b17c352750333156621,2018-05-01
61dffbf220e7df65d65f1ea067fa0b1b,b24995c172c3ba6760ae339c7aa8b94b,delivered,2018-01-19 19:53:50,2018-01-19 20:16:41,2018-01-23 17:34:45,2018-01-31 17:22:41,2018-02-21,bf7bbf985f9e27b2348987ee07ab9260,2018-01-19
e3194d56283622975638628a739c9e84,a72e3f9ee84689eb9473a5be145d8c94,delivered,2018-05-02 14:35:12,2018-05-03 14:32:48,2018-05-09 16:17:00,2018-05-15 14:32:47,2018-05-23,2f3456e43b33068795c95cab77201cb0,2018-05-02
b6c4a66a0d34a8b94f2b9ab96147ba0d,4e9cb36e55d582533d88068ce4593ead,delivered,2018-06-29 23:21:58,2018-06-29 23:35:09,2018-07-04 10:51:00,2018-07-10 16:18:34,2018-07-24,f0cd497bff8428c9467848afa71695fa,2018-06-29
a57f58fe155a76bf2ff1401b04a7ab33,59b1313a489b839a38f57096ca66ae82,delivered,2018-08-14 15:25:36,2018-08-17 03:09:44,2018-08-22 16:33:00,2018-08-24 20:28:26,2018-09-19,9bcc66697a3c229fe7e4a27b5b219b75,2018-08-14
8884d621c46890c4fef64a8ad59fe7a0,6f11e8e5ebb943178bcd7bfd32685dd8,delivered,2018-03-29 12:34:35,2018-03-29 12:50:20,2018-03-31 17:31:06,2018-04-13 13:41:39,2018-04-17,815750028b4db6906ad603ef108a9e31,2018-03-29
18995b654ef8f346243a4a9e0b278164,5a2b23be20dfea17c372aa13e6d27272,delivered,2018-07-31 09:32:11,2018-07-31 10:31:16,2018-08-01 15:54:00,2018-08-04 17:08:26,2018-08-14,5e721437cc4cc7c291bfb73ed3782790,2018-07-31
4e06300cf399851959890d562ba27573,28b35f0ede96d79ecdf3d2bb790a22cc,delivered,2018-02-25 01:44:20,2018-02-26 07:07:39,2018-02-27 17:18:57,2018-03-07 13:22:33,2018-03-27,e2a4a22121088fb0e6d7ba3aadb3303f,2018-02-25
39d18a242f33a2e77c51d59dabea2e44,f201f8d2882fad39ea91f37ba357dc8e,delivered,2017-02-16 10:48:14,2017-02-16 11:03:17,2017-02-16 14:41:22,2017-03-01 14:58:01,2017-03-21,a291f0619f47f63318acc68165faa087,2017-02-16
a7d0ba9060629de852f3b9f520d8bd7e,7c5476d2a29e6ebe176657d093dd8b18,delivered,2018-03-02 14:52:09,2018-03-05 13:29:18,2018-03-07 17:09:10,2018-04-06 18:56:26,2018-03-20,962b00bd9512a48b7e8e0df4cff12d65,2018-03-02
c40c5d575c4ace5fdeaa53f94c039aa3,e54c3f5e0c3b3f5c0b716eeeffb049ac,delivered,2018-04-05 15:05:59,2018-04-05 15:29:27,2018-04-10 14:32:10,2018-04-19 13:02:39,2018-04-25,d220b119b82da8c3f9e5718295078ae3,2018-04-05
6ee6857d32f80cabca7367048d5a2808,8d0454ea83ff7fa50a1e99bdb77cc485,delivered,2017-10-25 09:53:12,2017-10-25 10:14:30,2017-10-25 21:07:04,2017-11-22 05:36:50,2017-11-28,d2a17c41f73a9d6bac823ef3845eec20,2017-10-25
eabb26aeb1ce1147b26952c40f719f0f,65d7321f062eb5569225c13c721fc8cc,delivered,2017-11-30 18:37:18,2017-11-30 18:50:51,2017-12-04 20:19:33,2017-12-06 17:41:35,2017-12-18,8e4bcade575d59d12d61d1714f46d79d,2017-11-30
101cabeec1a36f2968ceaa2690b80807,10e9f26949e4821488e156eaf33f5fa6,delivered,2017-12-16 15:50:09,2017-12-16 16:14:19,2017-12-18 20:44:57,2017-12-29 19:42:33,2018-01-15,4950a63d32dfa1388820bfe455c7eb1a,2017-12-16
3a50c763032329859ffb4b2812960c7d,d987c011721e64a3a6ee8101b30ac2d4,delivered,2017-11-23 17:00:18,2017-11-25 03:59:50,2017-11-27 18:20:08,2017-12-13 18:06:54,2017-12-18,3c88e61710a8debc2194db1bc403bc92,2017-11-23
ba8d9391d92251ce54160a4480e95236,5f4eb019454dc6328afd8f20593c3037,delivered,2017-12-04 10:36:25,2017-12-04 16:31:11,2017-12-05 21:43:42,2018-01-08 15:15:32,2018-01-04,21dcaf3d5739edcfb44a684b8488121d,2017-12-04
ca4ab73a0c2d4de618eb92c404e1f092,5f00dc1a9cc2562dacacea4e8cea2811,delivered,2017-10-03 14:27:59,2017-10-03 14:49:14,2017-10-09 17:56:46,2017-10-13 19:19:47,2017-10-20,025d137104467c3e5c07018d9d0bb6fa,2017-10-03
5f8e6b43489b35766d4f7bb92eece010,fd410c0c795b3040f0c5d9cdbc409c10,delivered,2018-05-21 10:57:22,2018-05-21 15:32:08,2018-05-23 14:23:00,2018-05-25 12:07:29,2018-06-11,45391b7227315d0e4a045f2074eb27c4,2018-05-21
c314dee9e9d49560087a6ccb64ea5850,4441b0bbfe2bd5aa5683e3857f90ed09,delivered,2018-07-31 20:41:36,2018-07-31 20:55:21,2018-08-01 15:38:00,2018-08-04 00:44:54,2018-08-14,ef47bcabca692404454239aced380535,2018-07-31
0203892ed7a2b76401830f4b82a5a34c,b32b53ffb964ca001a0e4daca0b4a343,delivered,2017-07-08 20:26:08,2017-07-08 20:35:16,2017-07-10 12:47:55,2017-07-11 19:21:58,2017-07-21,2c078ecf4c8eaa632660d66f124be60d,2017-07-08
9c8e60a3e496cdf773216fa56215dd47,4939442d3720ff9e90717a8cb6d7c1be,delivered,2018-08-08 13:17:15,2018-08-08 13:30:12,2018-08-08 16:49:00,2018-08-14 23:26:35,2018-08-27,8636c0528cd8e314532e15d6889b563f,2018-08-08
523edc667ecf141c2018ec8c1e6c0211,fed4f253cf34addfd6bbc74950f85f9b,delivered,2017-03-01 16:43:12,2017-03-01 16:55:12,2017-03-03 09:47:53,2017-03-08 13:32:43,2017-03-22,b53b27d7c61cc80d2b2eaf6f1ff8a861,2017-03-01
e1171120e3b1615034d5372b0d3254a7,0678f749ee34f9175a0f054d2dd19131,delivered,2017-10-03 17:10:52,2017-10-03 17:24:46,2017-10-05 15:02:53,2017-10-11 17:32:38,2017-11-03,2fb6dae4fb3a2f917940978144362cd2,2017-10-03
42845ec86a155bf18a11b8be59fa8442,161b36bf551dd0e48ceaaa02688d1300,delivered,2018-08-23 11:20:57,2018-08-23 11:30:31,2018-08-24 13:53:00,2018-08-27 19:47:52,2018-08-29,a6d657af9fb3441e21a6d4cf7054e165,2018-08-23
5d8ba2d50439f73f0f7a301864eba3f6,14b7f96ecbd43c2a3cc5a38c291acaf7,delivered,2018-08-06 18:05:52,2018-08-06 18:15:21,2018-08-09 10:08:00,2018-08-15 19:18:55,2018-08-22,8f9c643a9d215e25448b3748fe014d6b,2018-08-06
c4a40587b7d37bec13caab195e89b240,a58272d18f96f43db0bdc49b07dab532,delivered,2018-08-20 22:44:45,2018-08-20 22:55:16,2018-08-23 14:25:00,2018-08-24 19:32:00,2018-08-24,4197912ab45219b426014f2bbd935e1f,2018-08-20
ea4bb4fa30c5a1548498436f448383af,ffdb7e488ea7c83b9c1258ee2d3776fa,delivered,2017-12-01 08:10:47,2017-12-02 02:51:33,2017-12-04 20:25:17,2017-12-11 14:18:44,2017-12-29,271df0a7b98c752f9717a693bb33cafd,2017-12-01
c5fd2c7e23ffd8d1ca4c839b7c5596a3,4b0a27a60bf0f5c8e8c61e6bbea8aa84,delivered,2017-11-24 11:17:38,2017-11-28 03:33:35,2017-11-28 21:32:29,2017-12-07 01:45:51,2017-12-18,45692f6db48dbb92b614ad5e8f75b1e7,2017-11-24
14b8a3dec1630400442e5cb91e6a3e38,5ac6f62147fe4ea4d5b0ea4dcc077a09,delivered,2018-04-01 08:04:13,2018-04-01 08:15:20,2018-04-02 22:21:15,2018-04-10 00:11:46,2018-04-23,b911633d83bef3f58e285eb8e71da54a,2018-04-01
1241351b2bc99d9303e4e780a26e0214,5b7019bae09a43543c829845d781be5e,delivered,2017-06-10 20:14:04,2017-06-10 21:02:32,2017-06-12 15:23:13,2017-06-26 16:52:08,2017-07-18,a969483b9d351aec998c07ed26526fc9,2017-06-10
149e55a5e2cbc1bcdaa30bae10dd2c5a,d712ad728a3beefc416b69243c3a1ed8,delivered,2018-05-07 13:19:03,2018-05-08 04:55:33,2018-05-09 11:40:00,2018-05-14 20:28:48,2018-05-23,4d18b2778d91363c0c260896b586df70,2018-05-07
ea16006e3d802f9d659b76f07b9681f4,54ec3f087cf6e79e4f85d41424c0447a,delivered,2017-12-04 14:55:31,2017-12-04 17:32:11,2017-12-05 19:46:48,2017-12-20 01:12:52,2017-12-28,4fd47ca7f8c01911e8cab50588112caf,2017-12-04
c294004ec80f803b7835e397c4857e0e,67706437accd008e4ed2bf17dc076243,delivered,2017-11-10 13:18:13,2017-11-10 13:31:12,2017-11-10 21:08:44,2017-11-18 13:54:34,2017-12-01,1fee5a3479439538a71b5e259e6c6229,2017-11-10
86b61d707f8321f38e7287a638bb2ea2,49b59734c9b8a0188e69ef708430b381,delivered,2018-04-12 08:55:14,2018-04-13 12:50:41,2018-04-13 22:08:53,2018-04-20 12:48:48,2018-05-07,2ba6407f668904709c6424998196ec64,2018-04-12
7eae91392531d2ea7d65b484173ea85b,76ada7e74088798d5ca6a6d90bb2aa74,delivered,2018-08-23 11:29:01,2018-08-24 03:24:22,2018-08-24 13:49:00,2018-08-30 21:29:46,2018-09-14,73f114d20e161efe2a16cea9855bd2be,2018-08-23
20a0f3d89273ba4b9525ba497e2821e8,6bc2db722431353a176d8d00146e55d0,delivered,2018-08-08 22:55:31,2018-08-08 23:05:09,2018-08-09 09:19:00,2018-08-14 17:41:16,2018-08-20,46df7382c666159526532d5ffe8138b3,2018-08-08
a446e19eaf1b7ae1ac483f47c29c2d36,49112800d9f84bee4cb56c717eb30dff,delivered,2018-02-15 16:16:32,2018-02-15 16:26:41,2018-02-22 20:53:05,2018-03-02 15:09:06,2018-03-09,f997fecd6a03ab8b64f9016449ebfe35,2018-02-15
f4b7ccd15f831ff995d4f307b0dc0f0b,223a807962e222b758aeee5610103f47,delivered,2017-08-29 22:38:40,2017-08-29 22:50:12,2017-08-31 19:41:59,2017-09-05 18:52:41,2017-09-15,d77aa95864ae5b42160937615628723a,2017-08-29
e0e86e74456d51674570c5ae13d36b41,99fe6ea867f3a0788f0561500736552e,delivered,2017-10-12 21:25:26,2017-10-14 03:27:46,2017-10-17 20:07:57,2017-10-25 21:27:01,2017-11-28,148e124978066e5dcb14aff45ec333ea,2017-10-12
e8e92186741794a0da48d868267ce635,391ae4950689e958f7aa9de8b97f5908,delivered,2018-06-24 21:23:07,2018-06-24 21:35:14,2018-07-23 15:37:00,2018-08-09 12:29:39,2018-08-28,5c350dd129b03161dfb674d4485f1bfb,2018-06-24
04dbc8d27bc4a29787bbaf068607aa76,409d8651100f3d1bbb9a4c2b563e37f7,delivered,2018-06-25 09:53:29,2018-06-25 10:14:06,2018-07-03 06:43:00,2018-07-05 14:04:56,2018-07-20,d935573a3741e4309600d03abab471b9,2018-06-25
9053095d6a8816107d406e70df00efd0,73fae0f59caf72aeb4c69ad3ad534c44,delivered,2017-05-22 17:00:19,2017-05-22 17:15:09,2017-05-26 09:41:27,2017-06-07 13:31:41,2017-06-22,d4c0286f064fdfe0879da14087179a69,2017-05-22
9a5e2e79294284216bd97c19ba039cfe,8130a950fdc7369a2ffa922a542a7ad5,delivered,2018-07-29 14:12:01,2018-07-29 14:44:28,2018-07-30 13:55:00,2018-08-01 20:36:38,2018-08-09,8092be8b66d8a7baca53323ce95dad7c,2018-07-29
4324f32177ce15c52c8e1c570c259dc0,a8e15f3b8994154da337b60eeda28eba,delivered,2017-03-11 15:37:58,2017-03-11 15:37:58,2017-03-15 07:05:57,2017-03-20 16:05:31,2017-04-03,3ad2fd7836153d47210f9a09c5a606ad,2017-03-11
a44bccae654f637781e1918da79f4fd2,a7c44f543a326d7f5dfc53649662195f,delivered,2018-06-06 00:49:14,2018-06-06 01:11:12,2018-06-11 14:44:00,2018-06-20 20:38:39,2018-07-20,ba017b79807c319fb8bae29325d3ff2a,2018-06-06
738a743a02fd55d22839341f0d696e4b,31bd04a70aa18c5d0a7c018476942bf7,delivered,2017-12-10 19:30:45,2017-12-10 19:39:21,2018-01-05 16:29:13,2018-01-26 13:04:16,2018-01-04,e1bb89e184a3ee00f67e1391ac497fab,2017-12-10
fc3a5c0d14700eed8dbbab76943574d6,6e527042a30ca349ecbf642626ae237f,delivered,2018-04-03 15:01:09,2018-04-03 17:10:21,2018-04-05 20:07:43,2018-04-28 00:14:44,2018-05-04,d8dc124f7d89b8034669dd96bc49e5ac,2018-04-03
420937423f0cb3d3fe689330b5d385a9,c17ef88b39d731163898d59a3a9b6e47,delivered,2017-10-19 09:26:47,2017-10-21 02:49:13,2017-10-23 15:28:20,2017-10-26 16:05:41,2017-11-10,1fd97aeef909db302af3962152746e9e,2017-10-19
c63d4cef8337f938b3bfb0b96b7b1242,98dcae52e819b16ea15decfd3efb3f80,delivered,2017-05-13 22:03:33,2017-05-16 03:45:26,2017-05-17 09:45:11,2017-05-22 09:59:57,2017-06-02,0e1f19da3311d6d51f2043e778b5046d,2017-05-13
41b5ca83bef6301acf0208d83596fade,a1d79dad5150f0021ad8bc433364aa4f,delivered,2018-04-08 09:41:45,2018-04-08 09:55:13,2018-04-10 20:07:26,2018-05-03 20:15:43,2018-05-09,f1a7919983d547880b4111fd4f77c74d,2018-04-08
216b6395628241d62abe56159c7a3841,8e7ee409a1676ae9a4556373309242b6,delivered,2017-11-26 15:06:42,2017-11-26 15:16:23,2017-12-01 19:18:22,2017-12-16 11:48:11,2017-12-15,239be1731e7db8468232e091af920ad1,2017-11-26
a230831f141fb1ecd55fad0ccf993ee6,b5ee7c7591fdcbe0ae67b9b4cd18ba8f,delivered,2018-01-14 17:09:25,2018-01-14 17:17:38,2018-01-16 23:05:59,2018-01-23 22:16:57,2018-02-19,ac3535b87084628fab1d655998d12eca,2018-01-14
f349cdb62f69c3fae5c4d7d3f3a4a185,c5e200d485ae35a7036cc2e7c1d8ea81,delivered,2018-06-28 14:34:48,2018-06-28 14:50:48,2018-06-28 18:08:00,2018-06-29 14:12:18,2018-07-12,938e4b10f5b5ca81ab31b7c89367c559,2018-06-28
db43c1a570e28fe9da60a444e3616a2b,a086fa78ca272b05a6404f91bb04928c,delivered,2017-10-01 15:19:14,2017-10-01 15:28:17,2017-10-02 15:18:57,2017-10-03 20:45:03,2017-10-24,2801e91a3596e4d07f4b73435c12c739,2017-10-01
3bcaf78d207317de1cba7507d0ca7eb5,ba0ce47dc8125341d58a1253d65308e2,delivered,2018-02-07 02:16:08,2018-02-07 02:29:52,2018-02-07 23:16:55,2018-02-09 20:18:20,2018-02-23,56d07eb465277886334a0dc77d376b76,2018-02-07
84c8e85801737b1626fa898ede7682b0,2100ae0e9921b8198d8b773d9e13494f,delivered,2018-07-15 10:13:23,2018-07-15 10:25:19,2018-07-16 14:29:00,2018-07-25 18:17:00,2018-08-07,7d0697d850eb7dc0457b08c66e323892,2018-07-15
4f438e923ccae9cd39d299ecb138a4c0,2163cb3a76a24127b8958bbb14b31d38,delivered,2018-01-22 16:56:12,2018-01-23 03:52:46,2018-01-24 21:51:34,2018-01-29 19:26:51,2018-02-14,f6897c12c3a041068f00c81e13bab9e3,2018-01-22
ab0a259100a72a01f979cc26705316a4,3dcdb1dae15ceab787ba3a49aacb8e32,delivered,2018-04-09 18:14:47,2018-04-12 04:10:10,2018-04-13 19:21:48,2018-04-17 16:34:44,2018-04-25,89451a1b261f0b56e49647b3f7782157,2018-04-09
dc170ecd2fefc21a44d0040b830dfa60,9b15d596cd0c8a3a5fb3b9584d8504ed,delivered,2017-02-27 16:29:57,2017-02-27 16:41:42,2017-03-01 14:51:51,2017-03-07 17:44:13,2017-03-22,a7285f1f3a78d14aec4c0616e287f013,2017-02-27
51c5d44ed3cbadb44f409c04123a9402,ae307496b775277afed7c2b0f15a6921,delivered,2018-04-26 09:04:49,2018-04-27 03:10:27,2018-05-04 15:18:00,2018-05-17 17:31:23,2018-05-21,f8c2d664ce6596b043f54fd1b88f36b1,2018-04-26
92dae1db0e45a5e5b08be2406e81eea3,4af6352f741b51d01b375b32579004cd,delivered,2018-05-16 22:15:53,2018-05-16 22:34:40,2018-05-17 11:26:00,2018-05-22 17:21:40,2018-06-12,2ab36ff262a58b2671737325a4800883,2018-05-16
4dc251eada0b46c0274a07e01d28b074,52983aeacdd58b235204afddaae8b169,delivered,2018-07-20 16:10:04,2018-07-20 16:24:25,2018-07-23 09:53:00,2018-07-26 13:38:46,2018-08-03,c306c02f7a8deb4fdc97fa17bc431449,2018-07-20
a7560b6365d2a681cdd6746d1355a73f,a28c9173740c90bc207fb2b968b1f0c0,delivered,2017-04-19 12:29:29,2017-04-19 13:21:46,2017-04-20 13:12:42,2017-04-26 13:50:10,2017-05-09,212e3ac331db16d08301c0658424bc94,2017-04-19
45d708b533e84fc3718ffde7cbbc6537,a6af61f5e5d2459218809661df1222a0,delivered,2017-07-11 23:35:13,2017-07-13 02:55:22,2017-07-19 18:53:50,2017-07-24 13:12:41,2017-08-02,084f1b1cde10655b37e3f913ce7f83ab,2017-07-11
0c8675dc2e52ab52977a76d810e45303,0595cb1106adc0f2c0f617c560fb8e57,delivered,2017-01-28 15:55:11,2017-01-28 16:31:16,2017-01-30 09:40:59,2017-02-01 14:14:43,2017-03-17,9d31457a03125fc870787a251760315a,2017-01-28
60c87cb052b29472f04df29bf16b2d47,df834820fffe483c7df9ac495163ca36,delivered,2018-05-07 15:54:24,2018-05-07 17:31:04,2018-05-10 15:16:00,2018-05-15 21:16:24,2018-05-17,0efff5593b0b88b5010c3955f970a7bc,2018-05-07
8de1aae5083a3fd8914d84cfcf07dbbd,6f09e38cfdea8ab7077adff5783ff384,delivered,2018-02-25 10:19:47,2018-02-26 16:32:47,2018-02-27 21:37:38,2018-02-28 13:26:45,2018-03-12,314259ece6a9207c6fc02d925fc996b9,2018-02-25
9c84e4191a2bca32e9dfd55839156db1,4478451cfd0f1879300c03bcc3c5d023,delivered,2018-02-11 18:35:43,2018-02-11 18:48:08,2018-02-14 22:19:09,2018-02-19 23:03:26,2018-03-15,81d40912b580322404315c09bfe10533,2018-02-11
8ec5d698b2bb14e2cb3e4d4f90423a87,f0cda565d6b10de99429432cf0a5d4fe,delivered,2018-01-25 23:16:23,2018-01-26 14:59:06,2018-01-29 15:43:19,2018-02-08 23:11:35,2018-02-23,394d653a91731237f192990cc1ead2d3,2018-01-25
286416c179ad55d3866ac9b330dec836,44b7920db1d5edaa1107102e0c0aee83,delivered,2017-11-11 10:42:05,2017-11-13 17:11:54,2017-11-22 10:36:42,2017-12-05 21:13:39,2017-12-12,aaa1984b0934e3e6ab93de660339fb6a,2017-11-11
b8e0c25a0315d0ac5368e9ca610ea2c6,3d5fc683327b55bfa7042602e439f732,delivered,2018-03-29 16:16:57,2018-03-29 16:35:41,2018-04-02 20:26:42,2018-04-11 17:52:44,2018-04-17,a4aa5dca38d0f71587e2047d68d72cbf,2018-03-29
1446ae966d68c3abad1ca3a3ce58033e,222e4c4d91c814cafc5badfe6a02c574,delivered,2018-04-27 15:52:45,2018-04-28 15:51:30,2018-05-15 07:40:00,2018-05-21 18:42:02,2018-05-30,fb98136edc2c0f996bfad36a0c7e1306,2018-04-27
940c5c8cc3ea86ca75804a5c8c350533,d9da4a83636f43e5e1c3da67b4d30bf2,delivered,2017-03-20 21:21:37,2017-03-20 21:21:37,2017-03-22 17:23:21,2017-03-29 15:54:00,2017-04-10,2b9fdead57601fb37ae75d33ac2b03ea,2017-03-20
520bc702936ffe80d33a4632792835cd,dd70d88787656d37f1c7e30d70ff94fd,delivered,2017-09-14 13:20:33,2017-09-15 02:24:59,2017-09-15 21:05:51,2017-10-04 22:03:04,2017-10-09,e996f93f48da9ec187eb8f76055295ef,2017-09-14
2a41e607e8c88abf9f0b0f8f982dce13,666757864a60a4cb22fc360c7078612e,delivered,2017-08-10 20:08:15,2017-08-12 02:51:17,2017-08-14 18:13:37,2017-08-15 12:06:08,2017-08-23,5461338ea772177374bcf3f23665178f,2017-08-10
fd85717bc49c767347b7b46317392d7d,d8daedee5a8e83272a2806c5a4e212a6,delivered,2017-08-15 12:37:15,2017-08-15 14:10:11,2017-08-16 17:04:37,2017-08-29 13:04:56,2017-08-31,123e832e5bc4433b37c02b5e495b9cc2,2017-08-15
40262293c197d4d72d008b6c544f688c,3ba631e115721e1495950f1516feb5ce,delivered,2017-09-27 18:53:45,2017-09-27 19:07:17,2017-10-03 16:45:30,2017-10-13 20:37:28,2017-10-20,8fea148d941b4d1d452ad57554507df9,2017-09-27
7b07cef881924b566432e1343e5dba8a,49c2ab6071500a48ac48b8c4f910ef09,delivered,2018-01-02 16:24:18,2018-01-02 16:32:21,2018-01-05 19:16:35,2018-01-08 23:37:58,2018-01-18,9618466fdc7675b4b868c44811a8159a,2018-01-02
cf744c93388b9e85a6e23911a40891e6,10b2925629d66b8cfed47d5ed3a45ec8,delivered,2018-03-21 19:23:13,2018-03-21 19:35:25,2018-03-22 23:25:53,2018-03-29 15:49:08,2018-04-09,3ffe2cd1b6dd115eea664606df762ac8,2018-03-21
48611dc4b01295b86465757d9c19d995,dba31fe3735e263a9032085c7fe3dd3d,delivered,2017-12-27 19:16:46,2017-12-28 07:07:50,2017-12-28 15:13:48,2018-01-10 19:17:36,2018-01-24,6202f73cd1b4610ea5c025a1674f3300,2017-12-27
a2f1cdaeaa28c90780a12e8dc0e2bd31,7582766723ecbdbf5c1205ccaeb80239,delivered,2017-11-15 23:22:21,2017-11-17 15:08:08,2017-11-22 18:41:24,2017-11-29 00:44:38,2017-12-14,63d8f90776766e6cda9e24f918b81610,2017-11-15
c7037ea6603ae90fc227e950bfc047ef,b7b9d825193190cb535f44b403f4c9da,delivered,2017-04-16 16:34:53,2017-04-16 16:50:17,2017-04-18 14:48:15,2017-04-27 07:44:24,2017-05-10,651ed17eda0600815cf614b33c535d6b,2017-04-16
f094a0ac1cb1fc3b9ac8a4d385b602e1,8c5d410f1e35dfdfa6cf08fd8e3a6a65,delivered,2018-05-02 17:00:30,2018-05-02 17:54:30,2018-05-03 19:09:00,2018-05-04 13:32:24,2018-05-17,1ff583a3ff3ffdd218f06c49b00e0024,2018-05-02
f9e254c56ad8dc27d6fd34b26f94711f,7a60c49de204bb732d997d4382b7a0ec,delivered,2018-08-28 14:11:30,2018-08-28 14:24:20,2018-08-28 17:10:00,2018-08-30 02:05:03,2018-09-05,4706721f3a6d9c24567ee139423d530a,2018-08-28
f11cc2cb015566e4f853920015ae8cf0,4aefa299f825a44b8ab914fd2f13d244,delivered,2018-03-05 14:05:08,2018-03-05 14:28:52,2018-03-07 20:39:10,2018-03-16 13:52:36,2018-03-21,0847a0328c498e8a666a28bd6e328425,2018-03-05
d1846813d43b3ddbf1b6394b223a4d6c,ebdd7cfdd27befeb9dc8fdb6e639b145,delivered,2017-07-28 09:32:41,2017-07-28 09:45:09,2017-07-31 20:29:17,2017-08-10 18:22:35,2017-08-21,ae7953229203866c77c572165c3e5a4a,2017-07-28
aa663832fcd96bcd11acac2483a47a34,b393e36fcd4016718bc78bf02f871186,delivered,2018-03-26 08:47:06,2018-03-27 04:08:24,2018-03-27 22:24:50,2018-04-17 17:16:49,2018-04-12,57563c6aae64313e3825bb7f4202b6d3,2018-03-26
3ec53ff8dd23b7e8a90cfb4082cf3f85,00620f738107803e6c0f6818a7a3b7e3,delivered,2018-06-01 21:36:14,2018-06-02 21:35:09,2018-07-04 06:38:00,2018-07-09 18:28:49,2018-07-25,d40aaaf342e2e82da754042ef4f0dcca,2018-06-01
46339e8135c96e55f41abd3cb736a584,0e85381c0b835d2abec6cb10cc8a8a9c,delivered,2017-11-17 13:11:09,2017-11-17 13:46:42,2017-11-23 16:41:19,2017-11-30 16:18:54,2017-12-06,2f55ddd124b77240babbf415fd067bb6,2017-11-17
df3d38bb02fc5e5bc7eb264985ca97b1,555775a9601baea5bd2e64b3a403d483,delivered,2018-03-07 07:56:12,2018-03-07 08:09:09,2018-03-08 03:08:53,2018-03-16 22:08:59,2018-03-27,34b2f3c3cb07567280fa300dc3bbb4c3,2018-03-07
66fd8efdb13221da1b5d53392e52e921,8d20d2912617c963476533288442aa2d,delivered,2017-11-22 15:46:39,2017-11-22 15:54:49,2017-11-23 19:23:05,2017-12-06 14:44:46,2017-12-13,de03caaf3b9d75aec934b7998b89b454,2017-11-22
5e292fb98b7d86213aea4a9bd5681a42,e60547efaf733493502a83561634b84d,delivered,2017-08-16 14:11:20,2017-08-17 02:50:27,2017-08-18 16:33:51,2017-08-25 19:04:59,2017-09-12,b51508447e7f077a15bfa099a99d1e6f,2017-08-16
49549ed2d115e970bfb52d517fe0e91f,7616b63d408b37afcdff25c1c94b1168,delivered,2018-06-25 14:34:49,2018-06-25 14:54:18,2018-06-27 10:44:00,2018-07-02 12:41:12,2018-07-19,13669c795a653a7face5e6e86e6884db,2018-06-25
09195dded6636223b79ba89aa778d5fb,857df1e83336925aff428375b48c55e7,delivered,2018-08-14 15:42:47,2018-08-14 15:55:29,2018-08-15 15:07:00,2018-08-16 19:02:53,2018-08-24,33a419b0647279e06d968238c820a7b0,2018-08-14
18ed848509774f56cc8c1c0a1903ad7f,8f89d962f49f0d7a6d354a4ef3d099c2,delivered,2018-02-05 13:13:28,2018-02-05 13:30:39,2018-02-06 21:43:26,2018-02-20 01:15:50,2018-03-07,d89a7bdab6223178b3a684e006474485,2018-02-05
b0593d721031fb2a0a18f31d0a82abe5,e463521fa7e004e4fbe2ef5c999d8d87,delivered,2017-04-19 12:07:24,2017-04-20 13:35:11,2017-04-24 08:07:43,2017-05-02 15:46:51,2017-05-11,622a1ec2bc1f69eb88c6125eb82749af,2017-04-19
aa253701e17f4db9147a15539bcacfd2,7fad2707b753289648fe530a16a6f8d2,delivered,2018-05-12 23:10:28,2018-05-12 23:31:00,2018-05-14 08:27:00,2018-05-18 17:51:40,2018-05-30,a32fd99e791dbe323486039bce9ac35e,2018-05-12
eb8513707837541914345e946218aab6,6a07c124573ecbd9015574b95c55d881,delivered,2018-01-13 12:49:45,2018-01-13 12:58:23,2018-01-15 21:47:52,2018-01-19 00:36:49,2018-01-30,c1eb704bf2fa98bab5324a98ea966124,2018-01-13
4479bcf612bcf1a5aa13bd096bbca094,c3c3683b042e9629d28689aa2fb64d3f,delivered,2018-05-08 13:37:59,2018-05-09 13:35:18,2018-05-10 12:18:00,2018-05-14 19:48:44,2018-05-25,bbe7f810c9d21b7e59061ce463685b20,2018-05-08
0d4381c5179436609adcf581b55639e5,99d058afb52d7ad1474103d28382bc83,delivered,2017-10-07 15:52:19,2017-10-07 16:04:58,2017-10-19 19:06:21,2017-10-20 19:03:23,2017-11-06,f682cd12a348889bd197fa49095e1341,2017-10-07
a2b932dba58739e74b19e8216b7de165,5c1b11db401fab28fdc97fa8b34f739e,delivered,2018-08-05 10:55:11,2018-08-05 11:10:06,2018-08-06 14:49:00,2018-08-09 19:24:27,2018-08-21,93d4195a3ac24aa91929297338b56d6c,2018-08-05
8babefcbfff85cc907e0ec86e9f0ffd8,e80ac59e04eba2d24b276bce970bddf2,delivered,2017-07-10 14:06:13,2017-07-12 02:10:56,2017-07-13 10:53:58,2017-07-26 19:39:55,2017-08-10,76c96818d8744e8ee3c449ac77b8e227,2017-07-10
defe6c6f7875ec5d8409143a3d850eaa,4a18d5b47e8cd57cec04f4ff4cf453de,invoiced,2017-09-25 11:11:34,2017-09-25 11:30:15,,,2017-10-24,20f42618c40034d852e9983368bec846,2017-09-25
fab488165423ae4a65b46569091cf205,6925e102518876a52a0a0a619c118133,delivered,2018-04-06 09:53:08,2018-04-06 19:28:44,2018-04-09 19:41:59,2018-04-16 19:44:48,2018-04-30,66e56177b9bf464a930e57edc3694403,2018-04-06
0167c361757c75999575cfdd8f8695f5,fa16d4938e075cecd40c099fa81c6003,delivered,2018-03-15 11:46:10,2018-03-16 03:45:09,2018-03-16 19:38:28,2018-04-10 10:39:34,2018-04-18,644ab70cbd55721a2c6e7b1d9253edb6,2018-03-15
7bfde9729732d1f662f51978148b3bb6,9fd19a75a14bc0ae5c56ab8f2da298bd,delivered,2018-02-22 12:27:31,2018-02-22 12:48:36,2018-02-27 19:45:02,2018-02-28 20:25:26,2018-03-08,f205855407363730ff7062500d430a8a,2018-02-22
4fc24c6e6c09b89f876806e55dc8fcda,2b2fbb0f127d012d0b0069948db27c1e,delivered,2018-01-10 15:23:48,2018-01-10 15:30:32,2018-01-19 21:33:35,2018-01-23 21:35:00,2018-02-09,a6814b089b40cb11e2b350497c9da253,2018-01-10
f78e5e459e3829bbc1bf472f4eb8eb35,3c7c40c039e3547fdb7a3797272ab922,delivered,2018-05-11 10:46:53,2018-05-12 10:52:12,2018-05-14 16:33:00,2018-05-26 14:18:48,2018-06-14,a35a5dd77ca1643b8f45340f5cd94606,2018-05-11
b5c037cf61074d84c0a994fa0d024064,58a549319c3ffcfc868efa613016466a,delivered,2017-01-12 15:58:39,2017-01-12 16:10:19,2017-01-18 04:42:03,2017-01-24 13:09:56,2017-02-13,b4be434bcbf5fac41b8be0e055135c9a,2017-01-12
26f966daec24841bcf1e1d17783c5ea8,c72236a00e7a830a37a2b5a669b0c6cd,delivered,2017-11-28 14:01:10,2017-11-28 14:32:21,2017-11-29 19:53:14,2017-12-18 18:52:15,2017-12-19,7fa1fce80afe6f2b669ef6a9e2f3d6d8,2017-11-28
c03c0621cf2e7845908985db3355f9e0,6582b23efa7ebcb533c64649530bbe60,delivered,2018-02-13 13:04:57,2018-02-13 14:35:28,2018-02-14 22:48:50,2018-02-28 19:48:46,2018-03-16,28325f61704781521f8718a90f1dbf6f,2018-02-13
d44d01e695a204a2d7dc91ef82378e2b,4e1df5678ffe8d046237c2b2dcf5764b,delivered,2018-05-30 18:12:51,2018-05-30 18:31:06,2018-06-05 05:05:00,2018-06-12 17:28:58,2018-07-13,9177736727dc747f69fceccc193c125a,2018-05-30
2629f879b3928da2cbad95a46fa904ac,2407f7da08e4ac6c1e2fbd698bba4d9c,delivered,2017-12-28 08:54:00,2017-12-28 09:16:19,2017-12-28 20:27:24,2018-01-09 20:27:42,2018-01-30,c9f15f93bd14420ed8b91babf73da211,2017-12-28
9f10d04a296cb19c784bb4e4ff20d83e,8e9f6c81ed885042f78bf4db9b926f85,delivered,2018-06-14 12:06:57,2018-06-14 12:39:15,2018-06-15 14:08:00,2018-06-26 12:42:16,2018-07-12,bc7dccab4c359ba2da2d75ec1a250c32,2018-06-14
1b06aad4a90f552b892b8389166627bc,ee0ab5a9747a11f916fff4b4fc306ac0,delivered,2017-12-25 18:23:53,2017-12-25 18:35:21,2017-12-26 17:48:18,2018-01-08 20:40:31,2018-02-16,ae5b7e3fac682643ba98c7614bb2f6ac,2017-12-25
846b7ad2c4d3f41185c508376fd86c3f,8a6d9c909753f171131d459c4d86776d,delivered,2018-03-22 20:40:12,2018-03-22 20:56:19,2018-03-29 00:42:12,2018-04-09 20:36:40,2018-04-13,4b745e3500d14a175ba05f0dd9138609,2018-03-22
396af24f9fbfbbb946c61236fa1cf895,a8dddbb164f3848ad6a58dace214ed7b,delivered,2018-07-22 17:27:47,2018-07-23 12:31:38,2018-07-23 11:17:00,2018-07-26 17:37:50,2018-08-09,2d29cee94876349c0b1c8c565e8075bd,2018-07-22
312c7fd8a2420002c53fee13e15c8111,1e59e315349bf9f24c7837da34c658e8,delivered,2018-06-03 22:59:59,2018-06-03 23:11:30,2018-06-06 08:20:00,2018-06-13 15:28:40,2018-07-12,a2b7091a2b3985afa974d3d81051a22d,2018-06-03
5becdc7023ac808468fe99d7806eb2f7,a6a9225f3727d32eef717af57c55b680,delivered,2017-12-03 09:30:17,2017-12-05 04:13:28,2017-12-05 17:19:04,2017-12-17 20:04:22,2018-01-04,ae5f4504c4c03537c33d45c3abf7b1ca,2017-12-03
786fc675ce44d2428b2dd7acff0d890a,6b519a4a2137c52eb08972b18e05d090,delivered,2017-08-16 09:24:43,2017-08-16 09:44:21,2017-08-21 21:52:34,2017-08-23 20:52:26,2017-09-11,f2038c9c1cf7d6da03f5f25ed27fd4d7,2017-08-16
f5790c25979b0fd6a9125cfd745689a7,2218eb19c121b3d073793364f63dd895,delivered,2017-03-19 21:05:50,2017-03-19 21:05:50,2017-03-21 09:17:46,2017-04-03 13:18:39,2017-04-19,ca2099162a686adc1c3fa855494a418c,2017-03-19
44628cfcb3b5de94aed835b088caf99a,ea4f873be6925958ebed930e5f18f72d,delivered,2018-01-20 05:50:00,2018-01-20 09:15:08,2018-01-22 17:41:56,2018-02-05 21:46:22,2018-02-19,1880b6db60181f2db9ab6428c0ef9e9f,2018-01-20
0bc16cf0c58995bbc893af2e151534d0,7c6835555806136bacab36fd7fd8bb70,delivered,2018-06-03 19:34:25,2018-06-03 19:52:19,2018-06-04 11:16:00,2018-06-13 19:11:59,2018-07-16,52b4d6e94fb6a5a216c9df0ac0b90758,2018-06-03
cee2ddf4087d91aaf4874fc1436f9901,23adca7b92ea9f7c40e60be117e47c6b,delivered,2017-01-22 21:42:56,2017-01-22 22:20:11,2017-01-24 15:44:02,2017-02-03 13:25:09,2017-02-22,dfc02cf6b5c4222c8d5408ad15acb02f,2017-01-22
7e838ceff164e744461d1b4633150d7e,b4a4635e6d583f91ff510ed3d8856735,delivered,2018-03-24 22:14:41,2018-03-24 22:27:36,2018-03-27 04:31:04,2018-04-10 18:12:16,2018-04-19,7e7fcf236cdc1c79610748fbdfdfb189,2018-03-24
076f1fe978468db6b826f40f714da65f,4f35ebb1592ee75a4a0d34f4c9615090,delivered,2018-06-05 11:41:02,2018-06-05 14:31:31,2018-06-05 13:59:00,2018-06-11 15:26:48,2018-07-19,506851dc3dcb46d6d3780857def2576f,2018-06-05
6d7a867946b6ea936e0f9bff037d10a2,fe5e93461bf25c68ba32e98e196d77a3,delivered,2017-03-15 14:38:38,2017-03-15 14:38:38,2017-03-17 09:35:17,2017-03-21 10:27:38,2017-04-03,fac422b6713e8f7b01df7ab1b489bdff,2017-03-15
08f95199562a41bb3a899717810c7af2,4a8bddca16f988039c3eb190e69f054e,delivered,2018-04-13 20:55:30,2018-04-13 21:09:46,2018-04-16 20:12:51,2018-04-30 23:15:36,2018-05-17,6cd07bbd1c3760d6dcc3320bead6c68a,2018-04-13
ebb74d4849355d5e199da48333a12ac2,551367f2f74b6c8799754964774f4ee7,delivered,2018-06-25 11:55:41,2018-06-27 08:11:54,2018-06-27 10:42:00,2018-07-03 01:12:03,2018-07-20,3158911f682586c20840c8a484145196,2018-06-25
353c2d85938ff4228ec749b7b461561b,af28aa3ed992ad99e29d4793b41a8e66,delivered,2017-07-07 21:09:25,2017-07-07 21:23:05,2017-07-10 15:53:34,2017-07-14 19:43:33,2017-07-31,bc5d0f50fa3392f07c52f74bb04173c8,2017-07-07
f647bd085f1616eb4a272bda4d3f8045,4672ca9dfaf87835eea705f786d3dea7,delivered,2017-02-04 02:29:03,2017-02-07 03:50:19,2017-02-09 10:54:50,2017-02-15 15:41:51,2017-03-01,128aba43632401d81504e1e1f6c04e24,2017-02-04
f381b146cd69cbb80f44820235eb06a8,63c3f9b7518ce37a22cc22651ff532ce,delivered,2017-08-14 12:56:13,2017-08-14 13:30:17,2017-08-18 19:10:11,2017-08-22 19:37:53,2017-09-01,9a60784678a900f0bf537e3b9bd9f736,2017-08-14
152a293b457051eb0d7673c27bba44c7,e8479a6bb05afc8b19f0c49788d9003f,delivered,2018-01-30 11:22:42,2018-01-30 12:13:52,2018-01-31 22:43:19,2018-02-02 15:20:55,2018-03-02,87ce5e73c2b5b54afa807fcc53fef189,2018-01-30
d31e1e13960863c7dcb2f6faadee5486,212f4bd964e2b455d2adaa4370aa4964,delivered,2018-03-29 01:12:21,2018-03-29 01:28:01,2018-03-29 20:05:25,2018-03-31 11:23:43,2018-04-18,7e3ddeb77eebb835c1d0721b5e203791,2018-03-29
70b29d983d411a9fa6a5f8c2380baa90,acc7d08ad680a839e9d78508de9fd0d2,delivered,2018-06-21 16:57:59,2018-06-21 18:21:19,2018-06-22 13:01:00,2018-06-27 16:45:50,2018-07-13,863ce8f4e44b6a0ab7af7fa3a8669699,2018-06-21
0c5c5872985d8382ec1df7d0ec721875,24acebc6460c3e8f61021a905ce952b2,delivered,2017-10-23 23:13:51,2017-10-26 14:29:25,2017-10-30 17:12:39,2017-11-24 14:03:12,2017-11-22,4ec9c80a660ebcf3750e07d3f6503161,2017-10-23
476a432306780038e2403c30235817e7,9047ddd8b67873d55ff287e1d90db634,delivered,2018-04-22 17:04:00,2018-04-24 17:48:13,2018-04-24 14:14:32,2018-05-03 23:51:38,2018-05-11,784f9fe31eea57bd7bbf04f62cc0f760,2018-04-22
2b0fac8016e16d2f605fcaf2c3a8db95,59e929d8c300e6de371bd439a3316266,delivered,2018-03-14 16:19:00,2018-03-14 17:00:30,2018-03-17 00:16:28,2018-03-21 15:05:55,2018-04-02,5266556b235c3b32e552a885b898fde0,2018-03-14
94d18ea7d84e7d085b919c186129795c,0d797ec008d7a5243ffb46d6cce30b4a,delivered,2018-05-10 20:00:34,2018-05-10 20:17:39,2018-05-11 16:28:00,2018-05-16 18:38:18,2018-06-04,96afe4f64901eb42983d3ac24a2360ca,2018-05-10
b74a684e587b26938063adffbe35f41d,863aaf463c23aafb865f575f0e58432a,delivered,2018-07-01 22:31:33,2018-07-01 22:49:58,2018-07-03 12:07:00,2018-07-11 16:29:45,2018-08-01,f155e73fecfd1791f6ca79047cfcdd56,2018-07-01
d2857f1d626d6c49882e77dea44a3e80,98ba4b7dc27586a623a04479a55cacdd,delivered,2018-01-22 10:21:40,2018-01-22 14:16:14,2018-01-23 23:37:39,2018-01-25 18:57:04,2018-02-06,4468d53980dd965da43d49ab3561ca29,2018-01-22
794d80f9e8620ca36ebf6adef63cb6ee,2515de42b96830caf07fafe30f5aab03,delivered,2018-04-03 20:15:00,2018-04-04 20:10:17,2018-04-05 20:04:23,2018-04-11 19:38:37,2018-04-27,1ebdcbb5bd99c4d9e817642814564bd3,2018-04-03
ff1037c14208a18e7482c6c7a988799f,5b29cab1b79b6ffde4d50351e4f85ccb,delivered,2018-08-25 15:08:14,2018-08-25 15:24:22,2018-08-27 14:19:00,2018-08-28 19:40:53,2018-08-30,796cfb26da26a83ab0809f40903e1ae2,2018-08-25
73befa10ba4ce911961d44fc641180e6,7bffb6d111f174bd77cb1a8e8d737812,delivered,2018-01-14 12:32:18,2018-01-14 12:48:29,2018-01-16 19:39:30,2018-02-02 16:34:23,2018-02-19,39f9680fb5fdcb1c5a806b9a2acb8171,2018-01-14
4f531643f9a824b14d56621d4b679512,5c2d2f13c3e67d89c5faa17f344d65de,delivered,2017-12-22 23:01:20,2017-12-22 23:30:26,2017-12-26 17:52:54,2018-01-11 15:38:50,2018-01-18,9e36bbbf93c3c8bb9b0a7efca22ec80b,2017-12-22
60f4d3b713c3f6a472d13f238818775a,47f5a28a292c29735320ab9ffeff5d82,delivered,2018-06-26 20:18:34,2018-06-26 20:30:14,2018-06-28 15:04:00,2018-07-03 19:51:21,2018-08-02,468974657995069cc3c1dde2cee43f0a,2018-06-26
c057007d38fa1eb53e9eaf0602830467,c9cfc1234b16803061a24d2ed1bbcade,delivered,2017-09-15 13:10:59,2017-09-16 02:55:44,2017-09-18 18:05:43,2017-09-19 20:40:18,2017-09-27,5ab0302ed9544817776a78a8fffb46bb,2017-09-15
3461c4b04fb9c6ecc30aee1e099bd1e1,7700eadddc5206fa9e00bd2868f08d14,delivered,2017-02-01 23:18:46,2017-02-03 03:45:15,2017-02-04 07:22:16,2017-02-09 10:57:43,2017-03-02,d1267366abd475611549505ec75f8eed,2017-02-01
576fed147504338aa428f01cb08ab5a4,965e13165860fea377c1b5758f12e7e0,delivered,2018-06-04 12:53:03,2018-06-06 03:11:07,2018-06-06 08:38:00,2018-06-07 14:49:35,2018-06-28,cde37fe3a24ad875f5ff1482fd80a43e,2018-06-04
65dcb85abbb41e3ece2afabaacad1d2d,769ee4a53b9d19c994cf0940081a43fa,delivered,2018-03-16 20:00:07,2018-03-16 20:10:30,2018-03-20 20:14:22,2018-03-26 18:42:19,2018-04-10,2391987b2a5dfc94a449670bb65ca6fd,2018-03-16
6f019df1013d847952dafbd0abc55c94,be1823d46eaf0218ea7391bfd0cf95e6,delivered,2018-08-08 11:25:06,2018-08-09 03:50:23,2018-08-10 15:29:00,2018-08-14 16:32:43,2018-08-17,bb6d785b806cb1eef824812b06b9f15b,2018-08-08
b12dbb55013ad2916d26c65c8abbcd17,444882642bc5550e2fcadebce502f01a,delivered,2018-01-20 15:01:14,2018-01-20 15:22:07,2018-01-31 10:22:06,2018-02-06 23:16:28,2018-02-23,f8a9e5b75aa36649154c76d794593a59,2018-01-20
66efaa03a4b4236e90751074b59f4b78,e405b45d1a92f47e9aea63e461a41a99,delivered,2018-03-11 14:14:32,2018-03-12 17:49:15,2018-03-13 20:37:21,2018-03-19 21:22:18,2018-04-02,79e4338f3e099d098714d5ea9f1a0401,2018-03-11
0fa0372b06bb8a9e774500bd29dab06e,bb2aaa9a23e3952790253fd4e5dedf5e,delivered,2018-07-30 16:57:34,2018-07-31 17:31:43,2018-08-01 13:17:00,2018-08-06 17:12:35,2018-08-09,4fd54ed3a77745bcdb748a22ba6a5496,2018-07-30
2c62dbd00c329b2e3310383124183d37,624089fe851f3deb7223ffca03a829c8,delivered,2017-12-17 10:49:23,2017-12-17 10:57:29,2017-12-20 18:38:34,2017-12-28 14:23:56,2018-01-11,56bf02d284b41876f8ceedda0ea1e1e9,2017-12-17
79736d8897b41dc2f3b2096def7a5f7e,cd8f48109c28d43afef65248182f9c77,delivered,2018-01-08 17:09:49,2018-01-08 17:18:30,2018-01-10 10:54:35,2018-01-23 19:49:01,2018-02-06,657817ab4bf53e51683fcf4054561e66,2018-01-08
0eedbfca467b1eca111793663c125e30,87442b1b8fd9700b14b81ce9c3bcadbb,delivered,2018-07-23 15:36:27,2018-07-23 16:05:02,2018-07-24 14:59:00,2018-07-30 18:15:05,2018-08-14,118776be06ae57d7251f08340fe7eaaf,2018-07-23
0371bb519b3c4b04bed0460608ce6c59,672ed40727c0f5acb2a1439d107a5a82,delivered,2017-08-06 16:50:28,2017-08-06 17:03:02,2017-08-07 21:06:01,2017-08-11 22:30:01,2017-08-29,96e136c1e84c06e4f46fbabcbc3f918d,2017-08-06
084e6aea84bfcc0627bf4da8d657938e,059ac53b914e0bfa1877ad8c86e4405c,delivered,2018-01-12 10:09:49,2018-01-12 10:29:33,2018-01-29 23:25:32,2018-01-31 21:05:27,2018-02-21,2a7dd663caca8ff00efe737d51a5aeaf,2018-01-12
9c5bfba7de6a4abbb6ba0baab78d1622,383a25447c28d7bd477c15cf76b412f6,delivered,2017-07-08 14:55:52,2017-07-08 15:10:14,2017-07-11 17:12:41,2017-07-19 20:46:57,2017-08-03,6fc92189a4d83f8f8eb046b050ce8687,2017-07-08
e8c9b0d66cadc26a3f329d777f0eff7f,3184fb416b3d00500c5c4c034d3102ea,delivered,2017-11-22 16:15:43,2017-11-22 16:27:32,2017-11-28 22:41:29,2017-12-11 23:10:08,2017-12-18,24f908f921dfdbe51fce3a5b912034e0,2017-11-22
c1dcb1e220fb7a81105d999aac3e0b2f,aecfc323849a062b7c83f471971f0f20,delivered,2018-07-13 15:47:12,2018-07-17 04:31:43,2018-07-18 15:17:00,2018-07-26 13:16:54,2018-08-17,146a2253a3918c412431c4cb9d13b863,2018-07-13
cd033f73c64fb6c49b8c92a952102631,68e676257e42a01c04de3abd6816c3ee,delivered,2017-08-18 18:29:57,2017-08-19 02:25:14,2017-08-21 21:03:17,2017-08-28 18:00:15,2017-09-12,9d25bbeaab39288f4dda0f63eaa2a8ca,2017-08-18
d5fbeedc85190ba88580d6f82d1d5ed3,344423c2e26d47d2b6d3dd363a89e812,delivered,2017-05-15 11:50:53,2017-05-15 12:12:07,2017-05-15 12:52:34,2017-05-16 10:21:52,2017-05-24,6ebecf9718a9fdd2d34ea36f36501420,2017-05-15
5f49f31e537f8f1a496454b48edbe34d,a7260a6ccba78544ccfaf43f920b7240,delivered,2017-08-24 11:31:28,2017-08-24 11:45:25,2017-08-25 14:17:55,2017-08-28 20:12:20,2017-09-14,7a1de9bde89aedca8c5fbad489c5571c,2017-08-24
ae0ba7f86594601c3dc2744295f47778,23cf6500385bf7b2764f87d0d70ee48f,delivered,2017-05-08 13:25:47,2017-05-08 13:35:19,2017-05-19 13:33:36,2017-06-01 12:38:36,2017-06-21,d5a1387f792f90bc36a6cd61883912b1,2017-05-08
26d54fe728c00ded5d4508383c6293c9,57b9b815e21434834d5377458f1cf483,delivered,2018-03-01 08:25:33,2018-03-03 02:51:28,2018-03-06 16:49:04,2018-03-07 19:53:16,2018-03-13,eba09274717d18bcadb6fbf9dd6558ed,2018-03-01
fa324c91752b47b6cc59296bcb53ebdd,1db65de5533222a6453724a15ef53cc7,delivered,2017-04-19 22:38:55,2017-04-19 22:55:09,2017-04-20 08:24:22,2017-05-11 15:38:08,2017-05-17,44783d396199a5503d33618adf6e7088,2017-04-19
be597ae2dfc955f581832e7430e7e293,b84061fb9715b273145994becbe9b643,delivered,2018-07-14 18:44:35,2018-07-14 18:55:12,2018-07-18 11:23:00,2018-07-26 16:03:08,2018-08-06,4324df20523951bac9cfeea0c0b99507,2018-07-14
0c46fe7e5915cf8413d797e298c50dba,e16a28ecd0cf7f1010c6719d14666d69,delivered,2017-11-03 16:55:46,2017-11-04 04:35:32,2017-11-06 20:46:41,2017-11-15 00:21:28,2017-11-28,c0f65d36aefea8816ca9498185fe6167,2017-11-03
e9e4f6c97c6b2d1844e0ab40e5c3a9d6,26e1d3ea21548a63b4679f4e93f807cf,delivered,2017-10-25 22:06:10,2017-10-25 22:25:40,2017-11-07 00:08:51,2017-11-08 13:21:24,2017-11-13,0101da21926315ddd81d190e0ec40440,2017-10-25
57fd77e042eae6cf98abda1a628ad614,dc1e66d59f0c7e2e1ba00900623876e9,delivered,2017-11-13 23:52:01,2017-11-14 00:10:31,2017-11-16 13:24:06,2017-12-01 22:58:57,2017-12-06,1afe8fac015d11cfaef0c0896c14b687,2017-11-13
df3eb7517b2713793487be20fe1b352e,93056b7f1d5b18183023fecceb1c65d1,delivered,2017-12-13 23:59:38,2017-12-14 00:11:08,2017-12-19 17:35:37,2018-01-11 10:57:07,2018-01-16,795976ecb42c9753ef84a9aef854095f,2017-12-13
c8fb73e3313c12aa7978cd59adbd0a6a,d494cfac6c56cc4806241dff2b5e6704,delivered,2018-06-29 12:16:28,2018-06-29 12:31:27,2018-06-29 14:58:00,2018-07-06 16:38:53,2018-08-07,5ca4f0e4b391b8c8dddfd7585e34cfec,2018-06-29
d7fba1b443490052282949e0f188dff7,d4ad196d33104e1e10a2c3da4323b03b,delivered,2017-09-15 18:48:53,2017-09-16 18:55:10,2017-09-19 18:09:45,2017-10-04 18:42:25,2017-10-16,723e0bb34f42f7d8ae301c13cdb9429b,2017-09-15
59136c1fab3d9e26e60db2df573ae8e1,9684024aad1f7f862ec6291eb751c50e,delivered,2018-01-10 20:58:53,2018-01-12 02:34:25,2018-01-12 22:37:13,2018-01-23 15:21:35,2018-02-01,0fc39c6d54669f7a3420183cfa27902a,2018-01-10
b5a7e84baf7b4f3080e25ff1294a80f0,65d6c19036ee72ecd69d4e12ac643fff,delivered,2017-11-26 11:09:22,2017-11-26 11:18:23,2017-11-29 15:47:03,2017-12-02 14:56:54,2017-12-11,e68f08af2fbfe672699b764adce7da1a,2017-11-26
33e2ef7baf78f45517589742203e095b,7228b05e6f9b3f21056e8416c4fe0fa2,delivered,2018-04-07 12:56:35,2018-04-07 13:10:15,2018-04-10 15:58:26,2018-04-17 00:03:35,2018-05-08,f2e071cf1cbf4e8d22de727c7d8835bf,2018-04-07
7796f39e1b16dacb03e333547d3c2252,b2b389bd4487e2acf145679f7a957876,delivered,2018-08-09 09:57:21,2018-08-10 03:15:28,2018-08-10 17:15:00,2018-08-17 12:06:46,2018-09-27,a6ac32321c28c66770ea4629366ff27f,2018-08-09
d7343b3b63fe9f2256b9508ea75c5cc5,15d24ce77080f76f2fd8a982dc9a2a70,delivered,2017-11-24 00:10:13,2017-11-25 05:49:44,2017-11-27 12:19:43,2017-12-06 18:51:54,2017-12-14,6c457a118c0811c0b2caafd013a6db23,2017-11-24
7aa979e2fd1c3284a815de85753464cb,a2663cf48e786b502fdf0faf6a07454d,delivered,2017-06-24 11:20:04,2017-06-24 11:30:21,2017-06-26 12:37:57,2017-07-11 20:13:03,2017-07-18,ba54ee5be417c0558c060a3186451248,2017-06-24
c8590303527208d2ea0f2eb752ae074a,fdacde7b057f261f8f39ef2cf078df68,delivered,2018-04-23 10:06:08,2018-04-24 17:59:31,2018-04-24 23:41:45,2018-05-18 19:47:45,2018-05-22,dd1c379f2ec5f2fcadad957937de8d1c,2018-04-23
c82b915d2c31dd0a246d87f85e8de5c3,d8ed94ebf199911163993a13b3a34ab0,delivered,2018-06-17 13:23:46,2018-06-17 13:40:00,2018-06-18 07:57:00,2018-06-19 16:38:31,2018-06-28,7129742e89ae39eab648b62eca5b873d,2018-06-17
4a46b5e1fafd4a6ab3f773494ba1b331,c26a54d3ceaafdeb3b5e6c366399e74c,delivered,2018-01-29 11:08:33,2018-01-29 13:17:32,2018-02-01 20:49:59,2018-02-02 22:21:09,2018-02-14,7fe804f9fbcd689a32012c4e4e58d710,2018-01-29
355704bb15561f1fe0bdc9dc064e4e1a,46436350740768631c62ace7aa320f98,delivered,2017-06-05 11:57:43,2017-06-07 02:42:39,2017-06-08 08:57:09,2017-06-19 20:32:27,2017-06-28,b47eca05c669e575e9451ef1831f6d75,2017-06-05
a73d909b08c8058d8c1f42cdb2ada6ae,f6cedb4b0b06be93d4ab83c19536bcc9,delivered,2018-05-26 12:12:15,2018-05-26 12:30:16,2018-05-28 15:00:00,2018-06-01 15:42:10,2018-06-20,b6d12e0ff80786bd237fc39ff4ed3306,2018-05-26
b1e14a73d87c4c632e2bc8a622696f6d,23012255e10b4c5601ddf2b3de9bb3e0,delivered,2017-10-17 12:59:28,2017-10-17 13:14:31,2017-10-18 19:22:28,2017-10-19 20:12:38,2017-10-27,491048d83a4c76f7461a81902b74ef09,2017-10-17
9f076b87261e6c9894139da7d41eb02d,3a16dccb1c97f2ce9f9272fab067d967,delivered,2017-05-06 19:32:23,2017-05-06 19:45:09,2017-05-10 14:30:17,2017-05-22 12:18:11,2017-05-31,bfc84496b1100cbbd83a6f8087526168,2017-05-06
69fd8982cce0c7b6b7c23513fc4c4754,d1a1c337a9cfd2344e6d47822157c10d,delivered,2018-06-04 21:54:25,2018-06-05 04:12:31,2018-06-06 13:19:00,2018-06-16 19:34:42,2018-07-20,269ddf6de060ed5257344804fbc34e50,2018-06-04
e48714c58c7f24c9680410f70af4a962,5feb7f86e689cbef134d509cf9845867,delivered,2018-05-18 16:44:26,2018-05-22 07:55:17,2018-05-22 10:51:00,2018-06-01 21:09:41,2018-06-04,1b7bb39384884cb6e6e6ee9ba9f1ca11,2018-05-18
de6ecf700b95b7b8f6d4dbea03fd56dc,98b5b8ac8f4775c874fae11ad151713d,delivered,2018-07-19 11:50:46,2018-07-19 12:03:05,2018-07-20 06:10:00,2018-07-26 18:59:27,2018-08-06,4a665a3b72a99832d62015e9721b1cac,2018-07-19
3611ece86e8e8c233f0700db66adf592,86efd204a817f3ed802849995f2f7b26,delivered,2017-06-23 19:21:44,2017-06-23 19:30:25,2017-06-29 14:21:59,2017-07-10 17:25:48,2017-07-13,5385a3027dbd52112b5dd319329684b7,2017-06-23
a7e1d929900de316ec364240ad348947,3fcb416a254ed8df2d9adbdc982ca3e7,delivered,2017-08-22 16:56:24,2017-08-22 17:32:51,2017-08-23 16:15:30,2017-08-24 15:53:52,2017-09-04,7e3fe5b3aed4a5b83dcd393580af5d0b,2017-08-22
44a022bf82d92fce7892801d46040e47,8a5589ee26fc5daf0c4ed3ea3887c67b,delivered,2018-04-08 12:04:19,2018-04-08 12:15:17,2018-04-09 23:41:43,2018-04-19 14:48:52,2018-04-25,951e4e1c7679a05359fb2b755516595d,2018-04-08
0c8058646f24f81b942fe644c199e978,f8b4ea8afddd292f4ba858b7215f534d,delivered,2018-06-14 21:51:29,2018-06-14 22:16:25,2018-06-15 14:18:00,2018-06-20 20:42:44,2018-07-11,7cbe2b0a53cdab0679229688462df9da,2018-06-14
098dd2a0dabd8878380b344370974efa,971c2e479ef8a3a4a70418a4e6100228,delivered,2017-03-14 22:06:27,2017-03-14 22:06:27,2017-03-16 11:39:33,2017-03-22 06:34:07,2017-04-17,c135309fbd128284cca4af3a41518195,2017-03-14
a5500fc87a64d9d7f3ee98bdc7b25838,34a00627e6ef9fa9a9938f788a765926,delivered,2017-11-26 20:26:41,2017-11-26 20:36:31,2017-11-29 11:28:44,2017-12-06 17:39:12,2017-12-15,7cab95bb9aab1b6609269f5dab67a078,2017-11-26
c5d3fae065a8090bae39f4f34b14cd06,8866a052aebe7f7cee97bace65b379b2,delivered,2018-06-25 09:53:57,2018-06-25 10:14:04,2018-07-03 14:40:00,2018-07-09 23:04:31,2018-07-24,000e309254ab1fc5ba99dd469d36bdb4,2018-06-25
61ab43a7e8f1eb80fb124273d186eb10,fd1b3c71bd3a2c488623ddc9943f379d,delivered,2018-01-08 22:25:26,2018-01-08 22:36:20,2018-01-09 12:05:49,2018-01-17 21:09:55,2018-02-07,7ab8841bae70453e6b6fd543de86b90e,2018-01-08
63125d8bfcdf8566e5599d120f71eb09,a390197b5db471efb8dd6b2f6b2649f9,delivered,2018-06-17 16:38:45,2018-06-19 04:17:02,2018-06-21 14:30:00,2018-06-25 16:32:06,2018-07-11,ed5c1ba63258ae10563aacd2ca022ab2,2018-06-17
5ddb2ce1958a158606319b7a9204fd8e,bbd3e2244f635630f312ec5015bd4635,delivered,2017-07-12 10:01:11,2017-07-12 10:10:22,2017-07-12 19:14:37,2017-07-25 18:47:55,2017-08-11,18d9b84d6612d8c2e6c4f50ac9954e20,2017-07-12
c111660003fe3dd242a376599653b22a,66c7d377394b98ffbf45ede7f96d5c07,delivered,2017-10-14 10:17:06,2017-10-14 10:28:22,2017-10-16 20:13:01,2017-11-01 21:27:52,2017-11-13,41cdb26d1a0145f92b2fa8ea92b9cd0b,2017-10-14
86cbd38abc4bc6ec27bbb24af6ca5575,9d1c9f15d1ec506b14077d5e6a4b7cc4,delivered,2018-04-05 21:53:41,2018-04-05 22:09:24,2018-04-07 16:48:40,2018-04-12 18:37:33,2018-05-03,918d5b9108287c548ab267ab40d66d13,2018-04-05
acb5f43399cf8627eb0f862ec5c3ceae,a5a24fce1edec515e0458b4a288c6813,delivered,2018-04-08 22:34:16,2018-04-08 22:49:26,2018-04-11 00:14:26,2018-04-12 00:38:38,2018-04-19,f9361aa02f54c902d45a525292b2eee2,2018-04-08
1046c724dec8bc31545703d07c378073,8f9a7227b5626fdf0b401e8832446f84,canceled,2018-07-14 10:27:55,2018-07-14 10:44:03,,,2018-07-30,f9e55e46bcdc6525fc9d01eb438f3371,2018-07-14
e60856926b11f52676a5408033e204de,5f2944c022285e2b6c109cc0696069d6,delivered,2017-07-09 16:17:20,2017-07-09 16:30:14,2017-07-11 17:12:21,2017-07-17 19:22:33,2017-07-28,481666869b5bac1090000f8600e42b69,2017-07-09
4d7ca3591e5dc730ad4e00085ebe11c6,4e053dd10862747d48cbd22bf1415ec2,invoiced,2018-04-24 20:40:44,2018-04-24 20:55:46,,,2018-05-08,a926cfc9bc7b082335de50450f48eec9,2018-04-24
9045fa841de3514ce900f5fc869d9b1f,2f8d6af8cb3875d6964eb4b5eff3a718,delivered,2017-11-21 22:34:18,2017-11-21 22:48:20,2017-11-22 20:28:57,2017-11-24 20:26:51,2017-12-13,98a46f046c9ffe7964933b1f80311904,2017-11-21
d45824690fce3cbb2a729f519ad2728a,1bdd205d009b2007a11f32e6e23dafd1,delivered,2017-07-23 17:46:54,2017-07-23 18:02:44,2017-07-24 20:46:06,2017-07-29 16:11:19,2017-08-11,b5553bcd30cc28e403933b0295b9f245,2017-07-23
9712ce7b38d5c1089b5e699e65f86d3d,8ae6573d7b3fe18d66f9bed224e2b38f,delivered,2017-06-30 09:48:09,2017-07-01 09:55:07,2017-07-03 15:18:02,2017-07-06 10:12:05,2017-07-20,2b071fc994fcf99713a1413246647ee3,2017-06-30
5e1452bdf1c8fcf2b69f810cf9374a8e,c13461c34442cfffeda43e3f435d6d1f,delivered,2018-03-21 22:08:35,2018-03-23 02:10:52,2018-03-26 16:41:17,2018-04-05 19:11:00,2018-04-13,44b76ab07760c985447a53e4732aaeab,2018-03-21
f327645eb13511d92d672ec03773b2ae,8a0c8a9b5f063ebffac115532c94cf1c,delivered,2017-06-29 12:26:11,2017-07-01 05:03:55,2017-07-06 15:04:28,2017-07-12 17:22:06,2017-07-27,86aab532f2ba80ff8f2a9d3bf7a02221,2017-06-29
d63eeedfef9b1272e7e202eb17623912,1e425acf0b88c6efc1c7c9885015122c,delivered,2017-04-12 16:15:27,2017-04-12 16:25:23,2017-04-13 08:37:54,2017-04-20 11:18:44,2017-05-08,35de44379ecaf98f3108cdd5fd07b949,2017-04-12
b8ed3984a255598afb99a0ee70c3d45d,f09059dcc33155a08832382b5668cbe7,delivered,2017-03-14 13:51:39,2017-03-14 13:51:39,2017-03-15 10:35:55,2017-03-22 13:34:34,2017-03-31,9c257d8c901fd614636e447d0f331950,2017-03-14
665d50e18511ae7a38d58eded8c03b60,b636ce46b14f0aac0e905d9410c0c3a9,delivered,2018-05-02 21:37:33,2018-05-02 22:34:52,2018-05-04 12:09:00,2018-05-20 18:21:27,2018-06-08,d0773c6b2cd9c28c8885acf214f04f5f,2018-05-02
d76b164e4e70f560ba7c2d4f155b09d7,009c825b4f96c0c03731ac38b6e1c6ea,delivered,2018-05-28 08:31:13,2018-05-29 03:30:50,2018-05-29 14:03:00,2018-06-14 18:44:53,2018-07-16,16adfb3d3d55b81af6248041ba561882,2018-05-28
12fadfa917595c54415e404234e32d2a,053a441e831f4858b13182fe2671e967,delivered,2018-03-28 08:53:37,2018-03-28 09:07:51,2018-03-28 22:51:47,2018-04-07 19:06:36,2018-04-19,67abac71486100eb7aa1139abf5f7be9,2018-03-28
4cde326019a222305874fd6339a13fa9,0ae049347725b398cd98a9efdb2bcc29,delivered,2018-01-09 00:53:15,2018-01-11 19:46:25,2018-01-15 12:18:55,2018-01-23 20:03:16,2018-02-01,015906d05142c9dc02e816c29c044bba,2018-01-09
6be8a1100f67ca1774bd0eea9e5a44b9,7a2c5a5dc9717c2a7ab791763e03cf15,delivered,2018-01-29 22:21:44,2018-01-29 22:35:30,2018-01-30 18:45:14,2018-02-01 00:34:58,2018-02-14,f489900f4b7dad1c523ece9e451dfc17,2018-01-29
07d3db06b53989748df4ae194f6b0fde,4a1f4837b9cceab1e8831e832f487061,delivered,2017-06-17 21:01:39,2017-06-18 21:03:41,2017-06-19 17:14:07,2017-06-22 18:29:47,2017-07-11,2d01d4bb80863862ceab42682ab9fef6,2017-06-17
450b307a6465207415ab38df48d94073,b6aea728b26da1f85105eaa626499751,delivered,2017-10-29 22:53:50,2017-10-29 23:05:55,2017-11-03 19:46:02,2017-11-06 23:18:28,2017-11-24,7806d49aaa1c6c02f80dae19b78ae812,2017-10-29
ea7bc44cb5c025230582d186e6366125,e1e9c6c6d5367dc3df911247300e644f,delivered,2018-06-01 18:59:06,2018-06-05 04:31:14,2018-06-05 12:25:00,2018-06-14 03:12:02,2018-07-04,5ee31ac4804c7861ecd727f7514520fc,2018-06-01
b1498d9178bbadef1684ec3c4413cd31,ffc261b1c1e12a951ee0fc9d27463d3d,delivered,2017-02-21 16:17:51,2017-02-21 16:30:12,2017-02-23 22:34:20,2017-03-07 09:14:12,2017-05-04,161a05ac5d836586e915d1c3840f7ec3,2017-02-21
cede91ea9b2186e794ef279d9aadd8f5,7bda7c209abee2dc689491a15dcce710,delivered,2017-09-16 13:30:59,2017-09-16 13:44:09,2017-10-06 20:33:38,2017-10-14 12:08:08,2017-10-26,b197f4af65829575f2f333bd0e9fd204,2017-09-16
f099d41ba0914d00926083362cea3299,a347c596e222350d5262e7e3c9ca8deb,delivered,2018-06-06 10:36:53,2018-06-06 10:54:58,2018-06-06 13:06:00,2018-06-12 21:07:12,2018-07-17,130cc1e094580c438b6e79f8178fdc3f,2018-06-06
8ef062e9948e67edc62732a2709ec7b3,9786dc5471def34dbc65f537dc88566b,delivered,2018-07-07 10:50:52,2018-07-07 11:05:44,2018-07-10 15:03:00,2018-07-12 17:03:20,2018-08-01,62abe555d1bdea52c985f01e30cb2bd5,2018-07-07
1e3b30b2e066ae1200400ef9d72963c3,288c694f069518164973bb75f57c3e1c,delivered,2017-07-25 19:16:47,2017-07-26 19:23:06,2017-08-03 19:37:33,2017-08-11 17:38:31,2017-08-22,9077449283dc1319d5e51fb3159b28e2,2017-07-25
61e3ae79a5478b97ca32ec6d148b4953,2cf1f882e75cada6060e4e5405439910,delivered,2018-04-13 12:38:14,2018-04-13 13:31:36,2018-04-13 23:12:38,2018-04-17 20:38:33,2018-04-30,9a98052659896bac957d8fdc685e0bee,2018-04-13
b4c4d00d5455e74ead9715bc1f9e8774,68cb7fbc85416655ad0499fcc7fdb9f7,delivered,2018-06-01 16:51:01,2018-06-02 03:31:50,2018-06-04 14:36:00,2018-06-06 18:31:58,2018-06-26,18f606b7f084a2dc9cc7578b1c1a0d25,2018-06-01
8c7743df5e89b7178ace0e9b7afe5208,1bd0d28ea82c44fcd1acdb41b4f464ea,delivered,2018-08-09 20:10:29,2018-08-09 20:25:12,2018-08-16 14:21:00,2018-08-22 22:22:33,2018-08-28,a61a0484f0c42f81f6299b8d89123823,2018-08-09
7720e8564b9fee98c22438680fa85cfb,1bde1bd5092f004db94a17c3d63b9d95,delivered,2017-05-01 14:11:12,2017-05-03 15:31:18,2017-05-04 15:28:59,2017-05-23 07:27:53,2017-06-02,53f34954c078f5034197993c0e109b95,2017-05-01
3bf38a1291bd775229ca3420296fca97,283780488ad64b059d626bfe2f5539b5,delivered,2017-09-30 11:59:55,2017-09-30 12:14:09,2017-10-03 17:02:59,2017-10-18 19:07:31,2017-10-24,eda7c817b739896f37f525031faeb1ac,2017-09-30
a103e6ad2ad56584ee8e0400083938cb,610c0a7ee3f1db8e079a647e473156b4,delivered,2018-01-20 16:30:37,2018-01-20 16:40:27,2018-01-22 17:09:23,2018-01-26 20:16:43,2018-02-06,d6d8339509a0cc78756ef99d44a0a805,2018-01-20
e3667abef962f425cb19e50231a2456f,b89b378dc7f617c4024bd5479571e099,delivered,2018-02-17 15:04:06,2018-02-20 07:06:53,2018-02-20 18:57:44,2018-03-22 23:51:19,2018-03-15,b3867a2dab6d1c8d1e0392c16e1dab09,2018-02-17
31328a81d4ea41d47dc777dcbd88f222,e350009a3f9ed178e32bbc36e989b431,delivered,2017-06-12 13:53:19,2017-06-12 14:05:21,2017-06-13 15:12:38,2017-07-04 16:14:37,2017-07-13,b487cbba285da81fdf182c562bf8c1b4,2017-06-12
6744d76b253e71e06a89867248227b9c,42528556eaad6bbc96bb8eff982ae387,delivered,2017-01-12 12:46:35,2017-01-13 13:05:34,2017-01-25 06:21:13,2017-02-08 08:43:43,2017-03-08,bf56e7a0d1d125f0ebf7218b759752ac,2017-01-12
cc386d88850ca6f0931002051ac835d8,ffde64401f7cb62d2e8696d9467c781d,delivered,2018-05-07 20:55:30,2018-05-07 21:14:21,2018-05-24 09:37:00,2018-06-03 20:26:35,2018-06-06,83a16b78a57c8394d33c2f5d1cb87ee5,2018-05-07
957109fd6a6321b74f0d9cf8969aff76,1066173000b6d215df54fb72fb1f99d1,delivered,2018-07-14 21:58:16,2018-07-14 22:05:13,2018-07-19 13:45:00,2018-07-21 01:11:41,2018-07-26,2aa6299511b1833e92e3ecae00a3d79e,2018-07-14
b5cded175dda03c8360eb5d652b931e1,3caac0647292a8ce09b6ab64320754d1,delivered,2018-04-21 10:31:08,2018-04-24 19:17:52,2018-04-24 16:54:51,2018-04-30 13:18:51,2018-05-17,23b9a655ff10edb2d784aea93e460ae2,2018-04-21
41c291a561e0257e25d6a75037e5a6a1,24776ca74573c5225d00a09c387c7944,delivered,2017-11-24 20:35:30,2017-11-24 23:34:54,2017-11-28 01:42:48,2017-12-16 15:27:01,2017-12-15,debdec7faa72f775de4e640d5c77f4f5,2017-11-24
8917eb3cbb0f98de06a1e478b13c7bab,d53d9e32e97eb97ba026ba591d0409fe,delivered,2018-05-04 15:04:01,2018-05-04 15:15:26,2018-05-10 14:25:00,2018-05-21 20:48:35,2018-05-29,ca16f5d8e953482d92b1989c98c5e9cf,2018-05-04
e5507d205012f77887831308321ac9e3,53b5ac878e3b5f8a94af4dfe5cf6e8b8,delivered,2017-11-24 23:49:30,2017-11-25 02:38:20,2017-11-30 16:09:12,2017-12-08 00:13:54,2017-12-22,df4f88c4ab3f6fe820a10e07a84d7302,2017-11-24
21e5664155a526068b3547eb011e02dd,d5aa135a185cfd8e953da43adc76ebf6,delivered,2017-05-15 16:07:00,2017-05-16 03:25:09,2017-05-17 09:23:52,2017-05-22 22:34:43,2017-06-08,271e1c62cc399fc70ca9847769c12458,2017-05-15
1b7ba6dcf0d91fbae34880a3645e4587,3382b8d75ce7038437f50fcd2b91eef0,delivered,2017-11-07 17:31:29,2017-11-07 17:51:19,2017-11-08 15:49:28,2017-11-14 20:17:00,2017-11-27,4a43ababa4b9ea24697b695514415527,2017-11-07
8f85569884c951516be7212f656f8e9a,10ca73ac5ed8435f7b43afcddf1c79ee,delivered,2018-05-21 11:23:40,2018-05-22 12:17:19,2018-05-22 13:26:00,2018-05-23 18:20:30,2018-05-29,461dd6972988dc3124c125320ffc5238,2018-05-21
436a9aef30267664e39faf27982b0921,4cc13a45f4e9258fae06b75f27440b11,delivered,2018-06-25 21:22:44,2018-06-25 21:37:36,2018-06-26 15:11:00,2018-07-10 18:55:46,2018-07-05,17aedfada2eb6febb261321ed75e6ee0,2018-06-25
15513623d17d4fbfb1fc871c176e9f75,7abba8fbc4eb6715f25a9e6b281eff0e,delivered,2018-06-23 20:59:56,2018-06-23 21:15:58,2018-07-04 13:07:00,2018-07-05 19:57:44,2018-07-05,082404643acd430a6fcd6ac0c6027e02,2018-06-23
14a915a594225cec76a7c3628517a64a,532a03a72cef381fc677f18d3b9989ea,delivered,2018-07-05 09:50:56,2018-07-05 16:26:27,2018-07-05 15:34:00,2018-07-12 23:38:24,2018-07-27,6a3b483e9b2d95ff255471067c0f7203,2018-07-05
13ec45fa1c7f7faeb411e7b318ea9b44,6b560c6138cc591b47be39938ca99286,delivered,2017-09-23 23:48:25,2017-09-24 00:04:31,2017-09-26 05:41:18,2017-09-26 14:45:34,2017-10-10,e2502b098a43aff87aad19165a3a5887,2017-09-23
816fe8936e5c28c98b057320b5725fbb,52dd8a28ee8b6900288c481efddd3008,delivered,2017-07-25 16:24:03,2017-07-25 16:35:23,2017-07-28 14:49:58,2017-08-09 21:15:07,2017-08-18,b815fa1fc6646b2ecde92dad0a7e762f,2017-07-25
9f6833a99cc6d2bc31cce30fd2f58aa6,08b7ead7979bc70d24c137cfc578f932,delivered,2018-04-18 09:40:34,2018-04-18 09:51:47,2018-04-23 19:48:09,2018-04-26 20:08:34,2018-05-11,2494641a599ec7a7ca3b1e981fd194b6,2018-04-18
27dbd42aa8b64d7a5b2439f14b649189,7431cbed33df1a0c6ced34eff1b18568,delivered,2017-08-29 19:33:28,2017-08-31 04:31:54,2017-09-01 16:10:15,2017-09-04 21:05:40,2017-10-02,4da2fe792c5be69aaca606917f088756,2017-08-29
68520da728cf03bfb3ac593e7a6eedb0,b34544e3ef5dfc535cb0ce5eb57f3ffd,delivered,2018-02-10 21:58:33,2018-02-10 22:10:28,2018-02-14 19:38:56,2018-02-19 19:33:53,2018-03-06,99542e680097c27cc624634dc759ed73,2018-02-10
a71e537206ccf830e74464cac298bf9e,882187fa3fd68be645f8fda177f28434,delivered,2017-06-25 14:29:32,2017-06-25 14:45:09,2017-06-27 18:23:37,2017-07-04 15:52:27,2017-07-25,77b89047c13eff19778cc9ad60943c91,2017-06-25
4f3de3deeaf6d610c29678e04a0015ce,dab83626805f6066d8a70a34b8ab6bad,delivered,2017-12-30 04:19:33,2017-12-30 04:29:43,2018-01-02 21:14:37,2018-01-08 16:25:37,2018-01-24,af7af50211e244a97475fe4e0ace4cca,2017-12-30
87e145665c1cdfcec92e9e74e2469cfc,1c32cebc829f4e5af3b6ae7e7d25ba37,delivered,2017-08-28 12:55:29,2017-08-28 13:10:11,2017-09-05 15:56:00,2017-09-13 21:25:28,2017-10-02,f3721d5f2726f98eecd6f6545705ed68,2017-08-28
5eea381f40f56777b0c400d71b850ee1,18976320a78fdd6d267719e22e7d0d1f,delivered,2017-12-30 11:37:12,2017-12-30 11:48:23,2018-01-05 22:18:09,2018-01-18 12:18:08,2018-02-02,d945f8b538d3b40944c770d07feb9236,2017-12-30
c7521177a460038dfb9802a58ea41c3d,47fe35f97d144812fc968a86c84debd0,delivered,2018-05-10 14:55:04,2018-05-10 15:11:36,2018-05-22 05:51:00,2018-06-04 18:56:32,2018-06-01,cb65aa42084cf10378211967049d731f,2018-05-10
d3725a5d528c84d571a62bd91f388bda,306f9176f904116ccaf9d08ae8c35627,delivered,2018-06-28 09:09:32,2018-06-28 09:31:25,2018-07-09 09:06:00,2018-07-11 18:32:00,2018-07-24,2d70122b10e149b79bd68eb134e692cd,2018-06-28
4ce5e2d15628c2277ca6ed81ee60f9de,fa8edf721f4091b4851977b761d62c1e,unavailable,2017-07-10 00:18:31,2017-07-10 00:30:12,,,2017-08-03,68d891ce207863d0b5391a364d42cb6a,2017-07-10
ea66ecfe912404253d8c95f9172706e1,9f0510b27c9d60b4e7d5a281d3ae3973,delivered,2018-04-07 02:10:12,2018-04-07 02:27:25,2018-04-12 01:51:23,2018-04-24 16:52:07,2018-05-04,c4455591894cc26d9211e51bea4332b0,2018-04-07
1a445e2bf6e78d243bfe5d232187635c,7848f5405001b3503e14d0ba653e8dad,delivered,2017-04-05 08:16:07,2017-04-05 19:10:18,2017-04-06 08:44:07,2017-04-08 04:13:05,2017-04-28,2c47d01ad82ea44e06f7560798db5fb0,2017-04-05
effc9e6631c38d99b27aa80a46212314,c6b9745b533290430c82363056f15bf2,delivered,2017-10-09 12:48:09,2017-10-09 13:05:33,2017-10-10 19:44:54,2017-10-18 21:07:39,2017-10-27,defcc83cbc0e0ef7adfbc164cc0a9849,2017-10-09
7298d065d597a754a13120239a26f458,0641b3bc0019d74041048b05c3ca68af,delivered,2018-04-03 17:39:05,2018-04-03 17:50:13,2018-04-04 18:48:51,2018-04-05 19:32:13,2018-04-19,06b6fb89a0699b61fdfaedcc3005a204,2018-04-03
61f09a5c165d4739d93255570e4ca385,e2666dea91aa368ca907c511cff7815c,invoiced,2017-08-21 21:25:31,2017-08-21 21:45:30,,,2017-09-18,e4b5ecfbb164480d8a47fb772281392e,2017-08-21
39730c5c34015c1ef1cc42708264b56d,9b04f358b1024f10a9489dff2cb26314,delivered,2018-02-22 08:36:38,2018-02-22 08:48:44,2018-03-02 21:46:32,2018-03-19 09:24:47,2018-03-14,8314fd3b9d65ff21314a9b6bf7d12750,2018-02-22
5ea2f9d9583d554b47ef191aa66934c2,ba55482a6140a6289a1eb3b1910a009d,delivered,2017-04-21 18:27:18,2017-04-21 18:41:38,2017-04-27 11:44:50,2017-05-02 16:22:16,2017-05-24,9867b8eac0ce3c112d122e9acb0f485f,2017-04-21
1ea60cf2b1ad4c7cadd53912fb35a0f7,7fc7e53a1ee6519e9e2b638289ad7b18,delivered,2017-09-18 20:02:18,2017-09-18 20:10:15,2017-09-19 21:22:17,2017-09-22 20:57:50,2017-10-04,e04de08ea30f7b3f65430662d38b711b,2017-09-18
753901c05b6f62cc4505e75b67628629,db0e8a0fae0cbc202a1593ef422fbd45,delivered,2018-04-12 20:17:16,2018-04-13 13:15:44,2018-04-17 15:22:40,2018-05-09 18:34:51,2018-05-15,f1749f9d66c8984c53fa9ed697ae21bb,2018-04-12
328f5ed22995509b59ff08c98fa22c72,62714f21d60b7e900caf24d23ac1a308,delivered,2017-11-06 14:45:59,2017-11-06 20:41:40,2017-11-10 22:16:39,2017-11-22 20:26:39,2017-12-12,d8498f6b01c50238faa7fbc56682c34f,2017-11-06
1ce94e846b53c3ed9a075323a8dbe580,4061f8d0fc60b4961515e1ac8897ca1c,delivered,2018-04-14 13:41:38,2018-04-14 13:55:11,2018-04-19 14:51:53,2018-04-28 15:41:54,2018-04-26,4127b8040957da396ef0e9ad10a16983,2018-04-14
2483fa0e74034abf26bb7843b1848564,c52cc5795202c0c882ca26124712a3de,delivered,2018-05-10 17:42:57,2018-05-10 17:55:28,2018-05-11 13:44:00,2018-05-18 16:03:36,2018-05-30,0a13963a29607bff58dff1e7c90f3147,2018-05-10
47e7aec6b627052a790799a108676129,e692fb9ebedf9385c3b4b7d2e140fa21,delivered,2018-05-05 13:05:24,2018-05-05 13:33:24,2018-05-08 11:40:00,2018-05-10 16:48:54,2018-05-30,4cd6d37ddf763a398d0c4e13ced53dbf,2018-05-05
860f032930532c7cc2c40f33b531952e,65f433b3c95832c599cb08e62cbdb5dc,delivered,2017-11-29 08:15:57,2017-11-29 08:30:49,2017-12-04 23:27:45,2017-12-12 01:28:56,2017-12-22,15459cd10a963461ad4b5eeb0a09ba84,2017-11-29
6c11e140918a3b9a02281ef9ca0fa248,cd97862fed4c0d77b4e231f842935a99,delivered,2017-05-26 07:04:33,2017-05-30 04:22:49,2017-06-01 06:57:25,2017-06-02 14:16:59,2017-06-08,6841703af59c5c1289294089c45edd15,2017-05-26
77acf92b72b1e4c4f6c704fe19635896,cd1db70be6305028117a44bf0d472ec8,delivered,2017-09-13 00:31:35,2017-09-13 00:50:12,2017-09-18 13:32:25,2017-09-19 16:24:01,2017-10-02,90940f7c58078f64dafddb69366ceda3,2017-09-13
2176f1406c11f07dcdea94931730770d,b1d18515040386d031ad7d7d73a32fb9,delivered,2017-08-04 19:00:59,2017-08-05 03:03:19,2017-08-07 20:34:52,2017-08-09 21:04:43,2017-08-18,7d0e399eab77b5142609cf7821711c4e,2017-08-04
18cd6a9b0923b2bbedcd5f6751ce3737,c060ef72f4695fbee08750b97dfa5f1f,delivered,2017-10-14 10:54:03,2017-10-14 11:14:19,2017-10-18 20:14:36,2017-10-25 14:10:18,2017-11-09,b009e495701d399eeacd523808ac3fb5,2017-10-14
e8065f2f83d1c35a12ece8d1c0699267,fd9825470961bad627c5071791c7ca12,delivered,2017-09-13 16:54:36,2017-09-14 16:50:19,2017-09-15 20:57:36,2017-09-25 17:42:28,2017-10-04,8d96e2e0a5ee740ecf1ddfdcb826cb6e,2017-09-13
f2276aedc1503afbb1927eeaeae27a7b,b6e218c0af67cbf5297ab3e4cacb3839,shipped,2018-07-25 21:34:44,2018-07-25 21:45:15,2018-07-27 05:49:00,,2018-08-10,d4ee7b24630e3e11b2b8b219a77c0501,2018-07-25
68f4e47ec61d740cefae31e2f624932b,31a22c96ba8050ae34ea9bd0833e1e99,delivered,2018-08-17 17:20:21,2018-08-17 17:35:45,2018-08-23 14:45:00,2018-08-24 17:38:44,2018-08-31,5cb955b555b3ea961bfce8cf00439d47,2018-08-17
284f2582259a697cb8a2ab4456ef485a,b4feb20872904be591bd839e5e071437,delivered,2018-05-14 19:41:42,2018-05-15 18:16:13,2018-05-16 10:37:00,2018-06-05 14:13:03,2018-06-01,ce50e5df45ae2b03bef59d46feea8803,2018-05-14
16cef404b7d23cd7230ead9eed6b8594,a2afcf0ba9863cf87074673aa017ba46,delivered,2018-03-20 19:02:23,2018-03-20 19:15:34,2018-03-21 18:58:40,2018-03-28 21:12:23,2018-04-12,9907b05bea16fa69340d1baee4a9fa13,2018-03-20
7da4df77f0a4adfa2546db02ff7f23e0,47c5ae6e22cc53ffa6fbf89e156de3c7,delivered,2018-02-14 21:16:40,2018-02-14 21:30:36,2018-02-17 00:17:53,2018-02-26 21:19:16,2018-03-12,be67532fc39882705fb872774520f301,2018-02-14
3a3ccc870f8a3d5e624f3349f23cd2ba,717190eb3228ac01acf2e76a35fcc9b0,delivered,2017-12-03 20:13:13,2017-12-03 20:25:27,2017-12-07 20:58:28,2017-12-17 11:48:46,2017-12-27,4f7cb249dc169b729d2fdaa264d1ed43,2017-12-03
c19c797a23bbdd7e6ec08156bb0dcf77,99dc935b447df77a17d721fbede39ef4,delivered,2018-04-09 17:38:49,2018-04-09 17:51:31,2018-04-11 19:56:31,2018-04-14 19:12:04,2018-04-26,f9a42eb689cb91809bfbcaa7485d886a,2018-04-09
887c5d8c7e26394fd67b1ba6f1c72c7a,4a89970adc03947e8e1b53ac5107eb68,delivered,2018-05-20 11:31:59,2018-05-20 11:51:09,2018-05-21 18:58:00,2018-06-04 14:33:01,2018-05-29,5a8d5232fdb7e1904533fe410228daf6,2018-05-20
37420f333a6877b6e54ea0a728af2542,4e5fd9f9e9b1d0f13e385284cfd57882,delivered,2017-02-03 22:32:04,2017-02-07 04:10:24,2017-02-08 07:04:40,2017-02-13 08:12:15,2017-03-03,cb7f3ea593a9da0369cc5f48232a4e21,2017-02-03
a1265981979b87cfa507c10b94d1931c,b9d92f276dbef37247d86b5b7ac85bf0,delivered,2018-08-21 22:39:47,2018-08-21 22:55:12,2018-08-22 10:19:00,2018-08-28 14:28:50,2018-09-04,58fc198f4a508164b8e0c1ebb0b85b1a,2018-08-21
a1c5bd54b96608a794debe3190cdb0ac,7be44e9560ee6e723ef8e823fbcc9edc,delivered,2017-07-18 19:49:49,2017-07-18 20:05:26,2017-07-19 20:11:36,2017-07-26 19:47:25,2017-08-11,ffbeaf37b7b79aaf8247735905f0863d,2017-07-18
5e9b9294ffca7bfd51b94fd80d4d99af,c482865155b898a42b199ac276a60d8a,delivered,2018-08-16 07:38:25,2018-08-17 03:10:25,2018-08-20 10:10:00,2018-08-22 18:58:36,2018-08-24,bfb0ed763a4929dc5b7ef1e172c49308,2018-08-16
c7575bc6637b30826bd659a47a475a03,08efabeffd06ee1f8e522463f98370ed,delivered,2017-12-14 17:13:04,2017-12-15 10:59:26,2017-12-16 15:43:20,2018-01-02 23:18:33,2018-01-15,62a36e9a94e5828fec5f6964f740718d,2017-12-14
64d6282bba1a1c015acbdcacca391253,9f4d56b7ac45461cb350b204ab9347e1,delivered,2017-05-15 17:24:42,2017-05-17 04:10:24,2017-05-17 16:34:25,2017-06-05 13:06:39,2017-06-02,a538bceea7061433353f79e99057f7c5,2017-05-15
0724f5287d69b7a3fbcf9ab02054ca4a,49af8d1256e91058af5b255f4fbc0e6d,delivered,2017-12-02 13:51:42,2017-12-02 13:59:26,2017-12-06 21:41:52,2018-01-05 23:42:32,2018-01-22,7cc3f51930537216ff70ecdc8f506a37,2017-12-02
df30286452a2054192bfb48c75e6287b,e6403361fe0deb95faaf78dbe2b37d09,delivered,2018-02-25 13:32:19,2018-02-27 03:31:00,2018-03-05 22:59:59,2018-03-29 16:32:04,2018-03-23,febb0dae8c171fb93548859b9ecae68f,2018-02-25
e608a62334dc69f423bb65e0a232e064,cbe010a5e1e7e8b5d1241c32f65a865f,delivered,2018-07-18 19:32:41,2018-07-18 19:42:30,2018-07-19 14:48:00,2018-07-23 13:42:06,2018-08-17,fe3b584c005a5939657032dd355bdc21,2018-07-18
1c8e6591884dc005a896f84dfb6008ff,e2f3525eb4bea9de848fd11d7605bed3,delivered,2018-01-30 21:21:36,2018-01-30 21:35:33,2018-02-06 14:24:51,2018-03-06 22:45:36,2018-02-21,65e5edd61ac7c02048ae3553b67a9475,2018-01-30
7977e307a9ea263c2cef8cdc9ccbbe26,043ae95888195ec551d5306f20e0420a,delivered,2017-03-24 16:33:38,2017-03-24 16:45:11,2017-03-27 15:24:53,2017-04-10 13:59:59,2017-04-12,26665ee2e504396135d197b3e4721beb,2017-03-24
1e0472c015f18d557d20db713af0f356,e878acf1e2ac4373cca11582ccb97184,delivered,2017-09-02 22:27:32,2017-09-05 04:15:42,2017-09-05 21:07:21,2017-09-18 18:21:42,2017-09-26,2c1a6c1186bc841ec6cee5f9c6bdd7a9,2017-09-02
2ce6fc632ab62fcef5f2e3095db788a8,7dc7958c5f69aae36e4aefe773a5d46f,delivered,2018-01-29 14:42:57,2018-01-29 14:55:33,2018-01-30 18:21:22,2018-02-26 20:04:34,2018-02-26,016547a638c42ea1061a1400eab339d2,2018-01-29
00d2559e61b9a0744a0552c35c5ecccb,d4af02c83608285f0bd9ff891130c980,delivered,2018-06-11 12:24:48,2018-06-11 13:32:18,2018-06-11 12:05:00,2018-06-18 16:51:52,2018-06-28,54e2cf457ebccf1c8b95760afa7c44ad,2018-06-11
e4e462ff0798860b3e1e34b1a433dd72,0332ce61f5e3f6faa4e92fe7a9d55f8d,delivered,2017-04-21 00:40:07,2017-04-25 08:15:12,2017-04-26 11:38:45,2017-05-08 09:42:19,2017-05-19,11639fd884f1d8a0faab901dc4375b90,2017-04-21
88b27cca63e8b8a0a52eabd8e17cd52c,2d6601e2bc30cae548760f2e68eabfb8,delivered,2018-08-13 00:24:15,2018-08-13 00:35:19,2018-08-13 15:20:00,2018-08-23 01:32:06,2018-08-27,95a7abf9b431f060b678258de8b211a4,2018-08-13
f4a57c9bbd289035265ad3354ccaa345,24f50fba06b8004f1bf24305037023c3,delivered,2018-07-21 22:41:28,2018-07-21 22:55:07,2018-07-23 12:39:00,2018-07-27 17:18:20,2018-08-07,c03079f776dd7601196f3cfefc4f2da3,2018-07-21
9b2ebe500ef39b85f806d10abada8bc3,dfebcf7db4ef8d9311b198edd05a0514,delivered,2017-05-28 20:10:39,2017-05-30 04:50:25,2017-05-31 08:22:17,2017-06-07 11:40:01,2017-06-19,eaf6b569ac88573a2fae00654f624c61,2017-05-28
8cd68144cdb62dc0d60848cf8616d2a4,c03b40c7971bc52b3d018247891270c5,delivered,2017-08-04 10:08:27,2017-08-05 02:55:16,2017-08-08 15:43:09,2017-08-14 17:10:10,2017-08-28,d0c437f172b9c527c0d196815b92c5ce,2017-08-04
cd5b7d5b405a2cee7a15972eaa47f1d3,817b60b1eb3a1cffa66753a501a4987f,delivered,2018-05-22 12:22:20,2018-05-22 12:35:17,2018-05-23 14:58:00,2018-05-24 10:49:55,2018-06-06,4438b887145e0848e91f390ad9bc299d,2018-05-22
92f53cdbef0f16b315c62faa337c4672,fadc97febab65183a4d0f43324de83dd,delivered,2018-07-24 15:50:40,2018-07-24 16:05:12,2018-07-25 14:21:00,2018-07-31 12:43:59,2018-08-13,b9c8333aa3dcaff68839b583f880397e,2018-07-24
5f992dcdb0beb547af4960c5a19e5d71,9ceb6443c43aa4b9bab22abe40e4fdac,delivered,2018-01-15 12:40:06,2018-01-15 12:51:27,2018-01-18 19:13:35,2018-01-22 20:56:40,2018-01-30,4fc96b2b5127ac6fad947729eece8849,2018-01-15
060b8f810cc106b90824b59a26ceb0db,4f4c1fc9acea17a745dbd2a0eed70403,delivered,2018-07-04 10:43:37,2018-07-05 16:11:32,2018-07-06 07:13:00,2018-07-13 18:08:36,2018-07-31,a8d6e32507de96713d398ba0fe214d7e,2018-07-04
459c8e5f96858970a0dc1fc5158363d5,0c3a2d52180381fae19478346cfeff76,delivered,2018-01-04 14:44:23,2018-01-04 14:56:19,2018-01-16 20:28:47,2018-01-30 21:21:55,2018-01-29,4e5709d7ccc38b314871a3a92171bff0,2018-01-04
5651d145b842e1a67239f35b7c6ceb18,065e2905f7a83f066d3e66ceb70cdf20,processing,2017-12-23 15:20:23,2017-12-23 15:30:25,,,2018-02-01,b7f6cea0a497e31650f4596c5e5c0eac,2017-12-23
aad0caf83fc9dd12e8f3f87eb37b5b6b,0d8c61ac7bb256d13971bfe77837c0af,delivered,2017-07-02 16:32:27,2017-07-02 16:43:53,2017-07-07 13:23:25,2017-07-17 16:15:44,2017-07-21,c5c01882ea07c96a3647823205ae7187,2017-07-02
de339d3dab036509a47753ddb94f1d55,004d41e9bf012c669db1a257888d85a2,delivered,2017-07-14 11:00:15,2017-07-14 16:15:29,2017-07-19 19:36:56,2017-08-11 17:22:09,2017-08-21,5e35d686648f9f99fd1f90161d3db93c,2017-07-14
8583257b3c36c8ea0b9b0644b21567a8,941ff5dab2335191a4fc22b2f19154eb,delivered,2017-08-09 22:40:43,2017-08-09 22:55:09,2017-08-15 15:42:47,2017-08-19 14:05:20,2017-08-29,7e49128b0fb3dbc6958fdf9509705274,2017-08-09
34a0185eb0d4d88d2ad9af1bd62d6a45,5db8f1da4c5edff77c8cf23a0a810946,delivered,2017-05-24 18:59:48,2017-05-24 19:10:18,2017-05-25 09:31:03,2017-06-08 14:22:29,2017-06-22,d10787b32d16b38ae1d0ad078845037d,2017-05-24
47e61b8ad8a1bb1dff9371cebc4c0637,a0e31b843334656af95bcadd351dce5a,delivered,2018-02-14 19:44:24,2018-02-14 19:55:32,2018-02-15 20:35:11,2018-03-19 17:26:41,2018-03-09,cfe570106ab92df0412e0877a895190b,2018-02-14
c58cfe890d48c47bf22b6bfe55b6cddb,47c2b21c22de46f42a427db0ea223499,delivered,2018-05-29 13:20:58,2018-05-30 19:51:08,2018-06-04 11:52:00,2018-06-21 16:26:38,2018-07-18,f054e8c1cbcf5e89ddd9b615c349936b,2018-05-29
8e350d5e83f49b662f870b48cf3f5b29,cc1269b1ae384f3a4534a4433ebdc619,delivered,2017-05-21 15:18:54,2017-05-23 03:45:12,2017-05-24 08:40:00,2017-06-02 08:23:51,2017-06-16,bf239907e57d7557cefdade4fe7eeff3,2017-05-21
dcfe9b5776f30f14bdb7c5505d269c08,35f96e58f8d8dbc038a306283c9b4b4b,delivered,2018-08-08 09:56:14,2018-08-08 10:10:20,2018-08-08 16:38:00,2018-08-13 18:18:40,2018-08-20,51e44a2ff755a990daa6186a1bfb502b,2018-08-08
a013f7d98969dda6dda1f502d153ff9a,fc2b863b5e8fc756c7d82292a85a6b21,delivered,2018-03-20 21:27:53,2018-03-20 21:48:43,2018-03-21 20:20:45,2018-03-31 13:38:52,2018-04-11,c77bba232b3522b8bd167f89c1275712,2018-03-20
becf90dbbea6e1a229814dab50912be4,1b9b8bd7c25bb78a4a5fb5c9101dc6e4,delivered,2017-05-08 18:53:05,2017-05-08 19:05:23,2017-05-09 14:14:27,2017-05-13 11:22:40,2017-05-31,7228928ea2429a6e7ccd7efd24789266,2017-05-08
940d83f3286808e4f8b1a7ac975b2aa9,ee0b011c3b84ee53366508378a68934d,delivered,2017-04-05 01:33:05,2017-04-07 06:42:30,2017-04-11 08:23:56,2017-04-17 16:57:05,2017-05-03,69a24ae7e59c01dc31712ec38efe396d,2017-04-05
63adcb46ebc32b89a37861d78ca41f93,fd53396e81cfe5bb3ec963ed87b6b2fd,delivered,2017-11-24 16:10:44,2017-11-24 20:13:47,2017-11-27 18:48:05,2017-12-08 20:18:22,2017-12-14,72be3a78045f3253d500f3f90418e6d2,2017-11-24
17295d6651c53865e020aa846be5ce3f,46211faf2450ca3d0c0c9e1fd6523761,delivered,2018-08-03 01:50:48,2018-08-03 14:50:16,2018-08-22 19:09:00,2018-08-24 12:03:59,2018-08-21,d4e2984ce3505d7a7c1baec50d43c154,2018-08-03
098f15b40cb74aae030d56b720c5698c,9662a6e2918ac93d63f687e51219d027,delivered,2018-01-26 17:26:30,2018-01-26 17:39:47,2018-01-30 23:32:50,2018-02-09 15:39:59,2018-02-19,2444e57c718501efe5dcdcc6576f57c4,2018-01-26
bdd02ebba4a073b670384d9ddb2a8b50,10fb4580eb08d23fa9180989f24f751d,delivered,2017-03-21 22:58:46,2017-03-21 22:58:46,2017-03-23 08:42:41,2017-04-06 13:04:07,2017-04-13,2c4bbbe47bd5d84a41d4df21c9a65b8b,2017-03-21
6942ea6db4b222852aa2e7efcf95bc06,8a0e11cafc8b658d8568e4f1ec3ebf6c,delivered,2018-03-10 17:26:24,2018-03-10 17:40:36,2018-03-12 20:51:49,2018-04-18 21:58:46,2018-04-10,1f3249b05c550941f79aa9b37cecd97e,2018-03-10
83e6f572594bab0ee7bc76298f38ceb4,84a720ebd953568e0c7bd02cf01337cb,delivered,2018-03-16 13:15:12,2018-03-16 13:30:37,2018-03-19 20:32:08,2018-03-23 19:44:38,2018-04-06,488e30306f8086e753c4b1fb9e39d838,2018-03-16
e40e39fb1358884be5aba158fc7beac5,68d7530b749aa96df05833de2d337e6b,delivered,2018-03-27 14:07:56,2018-03-28 02:35:29,2018-04-02 21:12:07,2018-04-07 16:39:20,2018-04-13,788419ac177d7587d2b2d78ed2092cbc,2018-03-27
80857379baf9c428499c9de7712d6503,193f4a251d74904c94df4e330756fc6c,delivered,2018-08-21 15:39:10,2018-08-21 15:50:38,2018-08-22 14:27:00,2018-08-27 20:06:52,2018-08-30,16e0f0577c09e6c32d6ae9a42ebf874b,2018-08-21
ed88f938dff33a241670e8fb3b8b95e6,21b40e18f9caad4582a1728f19ee96cd,delivered,2018-04-25 13:18:10,2018-04-25 22:10:30,2018-04-27 15:17:00,2018-05-06 19:06:55,2018-06-11,58f725579ca3062232097e19f65034ad,2018-04-25
f23cbffef931c76fb5231f8b292d457d,b884055664707073d218e5faa9c10f8f,delivered,2017-05-09 23:19:29,2017-05-09 23:30:20,2017-05-10 12:39:35,2017-05-26 19:38:38,2017-06-06,15d9bdf301a6b7bad7c9feda901d0de3,2017-05-09
e4223b96432f4984fc69390438d80861,892f0b2349a54be7359c83c18fb5c241,delivered,2017-10-03 10:08:21,2017-10-03 10:24:18,2017-10-04 23:12:31,2017-10-09 19:48:45,2017-11-07,ea377f7ce3cef6d25691cc1f2e66ef85,2017-10-03
e4c35e0087c99d3416b1d90566f28e3f,c059dcef92920c07d144df67f548e128,shipped,2018-05-02 13:25:06,2018-05-02 17:31:53,2018-05-03 13:36:00,,2018-05-22,1aa85ded226490852007048b31ec9134,2018-05-02
5ea0a482c758f0cbbcc6b10b0962a6a9,6d9a8851bb29dbceb3e46875e0848ae8,delivered,2017-08-06 11:25:48,2017-08-06 11:35:16,2017-08-07 19:05:10,2017-08-28 18:21:25,2017-09-11,3f4b43837ce985f543e9519780d8fcfc,2017-08-06
b732d1e2888885d8405abf7d3bcdac45,db39013d5b355dd188589d7daeb25424,delivered,2017-11-24 14:06:34,2017-11-24 16:14:48,2017-11-25 12:37:52,2017-12-05 23:04:37,2017-12-26,ed9c8402e1cc8468004fcb7b04a0a4ad,2017-11-24
966035ca31422485dcb5d5a70af4080f,89c65a760685b658d53261b8839e8b29,delivered,2018-01-03 12:25:22,2018-01-03 12:33:36,2018-01-04 22:29:00,2018-01-05 17:25:40,2018-01-30,7dbe030810fb8e3204378ca984cc0572,2018-01-03
a2f7984f0b3604184f39c1d5a93813fb,aa76f7581a203a8406159b444749d6a9,delivered,2017-11-12 01:57:47,2017-11-12 02:10:26,2017-11-14 23:28:26,2017-11-22 20:42:16,2017-12-01,43d4072317c6d385b49969a308e7d562,2017-11-12
ed7bc09115ba070afdf3d3b77265337f,a03fe684c21459c20367070056c26161,delivered,2017-06-17 16:48:32,2017-06-20 11:10:20,2017-06-21 11:26:15,2017-07-10 21:00:54,2017-07-11,391e3f4aa9e5ba0bef1228510e0c0a49,2017-06-17
978fe8370991ccebc9532f0add3d7cbf,612f74d1eba3246d977ed2fa4b166e31,delivered,2018-06-09 09:26:17,2018-06-09 09:37:20,2018-06-11 13:28:00,2018-07-03 16:21:15,2018-07-04,cbd95d798bb1a7046fca67fcc8473f53,2018-06-09
fa6d52aa0f15a0a03c1f945a1d0f996f,6e6c13044b516b5e91d5a57c951e5662,delivered,2018-08-09 14:05:20,2018-08-09 14:26:10,2018-08-10 12:59:00,2018-08-21 00:15:34,2018-08-21,69f01dcd25cf034057a9c17b0a969f3e,2018-08-09
60550020e1d493392c427942b5ddb37d,8cbf66cca73b0d09dc57991cabbf63b6,delivered,2018-04-24 20:17:34,2018-04-25 08:51:59,2018-04-26 07:09:00,2018-05-14 19:24:43,2018-05-25,f21b205103d577b9f70d53cb1ae85f86,2018-04-24
ec0fa4ef7da067eb3a57abd8fc504352,83dae5cbc60eaacca05d4a26063bbf2a,delivered,2017-02-02 08:38:44,2017-02-02 08:50:16,2017-02-06 10:16:15,2017-02-16 13:09:23,2017-03-01,158f0ece292839c5e817428c32917440,2017-02-02
02b7cbd604df10c09427902dc682b0d3,656c63b20f75ccd37b33455ec589dc4f,delivered,2018-03-03 17:46:08,2018-03-06 03:51:07,2018-03-07 00:32:28,2018-03-11 18:48:31,2018-03-15,1c2577794465706dfd32bb06dc7bf704,2018-03-03
dfa57a47eb4b524966a891189c893d04,353cfaa362cd0b203605de27ae42cca8,delivered,2017-08-13 19:28:49,2017-08-13 19:45:10,2017-08-14 20:19:55,2017-08-31 20:28:39,2017-09-18,6811df2808205f25e24a7f84328e99f7,2017-08-13
e730263138d4e66152a694fd4ec32280,007732425b3cfb147a3ca928ce907cc1,delivered,2017-09-12 16:15:06,2017-09-14 02:50:40,2017-09-14 21:12:40,2017-09-21 16:46:56,2017-09-29,fcad3faa5c09b2baf9164b8fd20098b5,2017-09-12
74c1ccaaf1d9e3db6f82ed04fc985989,18890193d4fc21b43256ed99d712145d,delivered,2017-06-07 02:53:27,2017-06-08 02:50:13,2017-06-14 16:48:50,2017-06-19 19:07:39,2017-07-11,d3d7dd472d49050c5f6c1e81f71545f0,2017-06-07
0829f68cdf3850bb5977ac321e0fb8d5,6a4efeae0ef82884b1edc1b6713beff0,delivered,2017-10-18 08:41:11,2017-10-20 02:49:18,2017-10-20 15:53:48,2017-11-09 08:23:30,2017-11-06,bc743cd53a5407b5c428a19062a82d17,2017-10-18
55ed1e9c3febd5e186d5124a92690ae0,00fb49c2869c0797c3bf65f269f1510b,delivered,2017-03-13 15:21:21,2017-03-13 15:21:21,2017-03-14 13:21:52,2017-03-27 15:22:34,2017-04-13,96963c600a1dca3a9df3a9cfa26301d0,2017-03-13
4e36d0170c671378f49f701a810360ae,1a690c199a6496cabdbf071e3983ce68,delivered,2017-01-07 13:29:22,2017-01-07 14:00:13,2017-01-09 11:06:24,2017-01-18 12:28:02,2017-03-01,e40d59fa312bc135e52952f33e30252e,2017-01-07
275d92b213bfe10256116957faea6d60,0f96da4e84f2c6fa860116a023c1744d,delivered,2018-01-16 13:06:14,2018-01-16 13:13:22,2018-01-18 13:44:55,2018-01-30 13:42:48,2018-02-06,4c76dccd6a3ac05bf6aff04308ecaa68,2018-01-16
afd8111e2263ddf8cf41bea299457693,d8d4f9290cd063fc4aaa1446378584d0,delivered,2018-05-08 20:26:33,2018-05-09 20:32:48,2018-05-10 11:29:00,2018-05-21 15:18:36,2018-05-28,cfc782fd443ac9ad698d64a51f0ebad6,2018-05-08
b2ca53045aaa7b6e0557028b4c4e70d9,69210c211fa9580bf9fedd109e979f7d,delivered,2017-08-30 13:43:03,2017-08-30 14:31:06,2017-08-31 21:15:56,2017-09-11 19:51:57,2017-09-18,140a739017666e061d00177428afcd55,2017-08-30
0e8594074c3143aa6b56a3ec70a46e12,136df629e6a56d2350b74fb34deecad3,delivered,2017-10-31 13:12:48,2017-10-31 13:35:09,2017-11-03 15:27:13,2017-11-21 21:09:11,2017-11-24,9cd8cab8da2c15b7ef379643caad4a01,2017-10-31
19130489d4798a17e7bbcb9a32b5dfb8,bc2ac49dd63b9b0fb573489a92da0d48,delivered,2018-03-15 14:54:00,2018-03-15 15:09:40,2018-03-19 16:09:36,2018-04-16 12:38:48,2018-04-12,e5e74bc14462fd778b767e974043b5d8,2018-03-15
8c4bef3bdf235d82a1b218de1b3d8d28,3e8dcb52525fc9c2903322e4858e076f,delivered,2018-05-10 08:53:11,2018-05-10 09:11:43,2018-05-10 13:37:00,2018-05-15 20:37:48,2018-05-25,feac4a7086ce2faabda77119f5b9a81e,2018-05-10
acf01c9262ddb5d9adae8daa34e31568,30ab7e538292e6130a456c371778d595,delivered,2017-11-25 04:02:51,2017-11-25 05:10:50,2017-11-28 19:47:56,2017-12-07 21:53:19,2017-12-27,98133dfcdb0c24fa03c9eb4f0d69a6c4,2017-11-25
0f5feae20ee62fe5f7320dea993a841c,16a01ae0a5b5a610f535c03cd71c91a6,delivered,2017-03-14 16:01:10,2017-03-14 16:01:10,2017-03-16 11:00:17,2017-03-24 14:47:48,2017-04-11,945c403839ee7aa8492255fb1e2fb6be,2017-03-14
39847297a2eb4f18d407cb1fa8a06867,c04340323b416a0f4ef69ad64a3a94c5,delivered,2018-08-09 15:02:10,2018-08-09 17:10:20,2018-08-10 13:58:00,2018-08-20 23:22:32,2018-08-21,d2404eb23be43aaaa53e6674e93593c3,2018-08-09
49c5132b03e35ffa18fdca050d1f8e33,822331095c3e3d597632c846113e27d3,unavailable,2017-10-30 23:52:49,2017-10-31 00:32:04,,,2017-11-16,b5225134133258cffdf3c41229cbfec8,2017-10-30
d3595dfd1c2d8bdbfd8d2f3bb98a5cc5,fa01fd7f92c80ab0d14406bda3204b23,shipped,2017-03-13 21:07:39,2017-03-13 21:07:39,2017-03-15 08:58:14,,2017-03-30,d3f15df5924e63131bcdac6364b6a6fd,2017-03-13
499f4d2d2bf250a1bb18ca1feab13262,f3752fccfb8cc4e9383c875b00bff397,delivered,2017-11-23 17:58:39,2017-11-25 05:56:49,2017-11-29 18:48:10,2017-12-11 16:07:50,2017-12-13,8a9a406f05659971d083f93017a109f6,2017-11-23
a9b95188aba6b5eae1ff1239714f3847,c65bb93c8eae9dc1b2031abd3855ca7a,delivered,2018-08-07 14:23:49,2018-08-07 14:35:49,2018-08-14 14:42:00,2018-08-15 19:14:48,2018-09-06,6cfde434af484ecd9ba516600818805d,2018-08-07
065102a3bb506a1010c90b7a4f2700b2,b2a02ae01aec9cbcc071c887b1ca41ab,delivered,2018-03-02 11:34:37,2018-03-02 11:55:38,2018-03-02 22:54:27,2018-03-03 14:23:17,2018-03-19,ab0f33695ad11caefa534dc00326bce2,2018-03-02
544b4461f9238642f3577670a6866ed2,f8a3ef8f53a537e47452dcd1c02711e1,delivered,2018-06-07 09:30:05,2018-06-08 02:56:21,2018-06-08 14:38:00,2018-06-10 17:08:47,2018-07-04,c69be125c81bb2e435dd90f5dfcbc3c8,2018-06-07
48d892b7a89ca7f4d0b1dd13d3d053fc,348e44e7f2f2ca4cccd7c1c0ecec9d1a,delivered,2017-09-14 06:28:24,2017-09-14 06:45:16,2017-09-15 20:10:03,2017-10-05 09:43:56,2017-10-17,ef0081d459563ad97e32a33977246f9c,2017-09-14
1a122ca21948df08789d7d88094ff11f,0ee42e5f18aa18fdf9ff7735e67dfead,delivered,2018-01-08 13:21:32,2018-01-08 13:29:30,2018-01-09 22:57:58,2018-01-21 18:43:05,2018-02-01,09f3234bcb9df3668469a42d4f37c31f,2018-01-08
ed1ebc0780061795a30c800423075f78,4ffa57c0ded9a23779c0fa34f6982c64,delivered,2017-09-26 22:50:20,2017-09-26 23:04:30,2017-09-27 18:13:22,2017-10-04 18:15:07,2017-10-23,7e77955246dbdcc33cb611f6a519a336,2017-09-26
01f11912a2c502cc940f607b1f6b2ab0,3b01c1a86716aef93f40e4136bc1866e,delivered,2018-02-05 18:40:32,2018-02-05 18:50:33,2018-02-07 15:18:24,2018-02-23 00:06:05,2018-03-09,9b8ce55666bd674d92cf355e39c88d35,2018-02-05
dba7b6050fd3d402855707a3ca296a21,42a24ac9faf5439824b1a381621ef89f,delivered,2018-03-21 23:25:35,2018-03-21 23:35:34,2018-03-27 00:44:43,2018-04-17 23:41:21,2018-04-17,7560dc94e3ed4e652f8d046a697d6606,2018-03-21
39f9dafc7ffdcf2b3c9b9ae5f1541a41,eb64a744cdfb85bda26e1b9926c14f49,delivered,2017-11-24 10:02:27,2017-11-24 10:14:38,2017-11-30 16:53:16,2017-12-27 18:12:52,2017-12-18,69ab6539ee1b08c8a231240cda338ca4,2017-11-24
d68a8730ef63639e10d17444626814f2,0d01a413706d06cba5ff8feb7f503037,delivered,2017-11-28 21:14:53,2017-11-29 02:22:31,2017-11-29 14:38:45,2017-12-05 00:19:43,2017-12-22,4b43346ed7ff395b2b0aa81c79ee72f3,2017-11-28
a681c0def1c5f464196b9deaca8d28db,4f73c60a064996024fbac3681215b6d0,delivered,2017-12-18 19:21:34,2017-12-18 20:30:25,2017-12-21 21:55:09,2018-01-08 16:54:20,2018-01-17,de87cb2cab6084a1a92f540114bd14ed,2017-12-18
bf5a19905dfd112e6964d76f4b21cf35,0323c00b72fc475ff52ece9884f47b42,delivered,2018-01-12 09:54:54,2018-01-12 10:08:27,2018-01-12 22:56:07,2018-01-24 13:55:45,2018-02-02,b9cbbf60909f0c9cf6c6da8ba451b6bf,2018-01-12
7a36f62bdb082d4acdfb07a8e0c7f0ee,5fceab89c281b25423f0d31ed83d8a3d,delivered,2018-03-05 10:42:18,2018-03-06 03:55:50,2018-03-13 20:46:27,2018-03-19 21:07:12,2018-03-21,a0d437205924fa1c0211acddd717b5ce,2018-03-05
352708b535fc378323000b71fcd4807c,71134a83dfc01c84dede7dd448e1a01a,delivered,2017-02-23 13:17:03,2017-02-23 13:25:18,2017-03-01 12:06:16,2017-03-14 08:17:51,2017-03-24,1028ef16198c82d91d6dbc514ae00953,2017-02-23
43e72a87fc0004d7ada32e7c5d72e063,73ead6b241da31474e4d66421034ae6c,delivered,2018-07-07 16:24:11,2018-07-07 16:35:21,2018-07-10 08:39:00,2018-07-11 15:14:39,2018-07-23,feec8343e6fa7b201d9d297611f09b9f,2018-07-07
762f77c76e347a456797effdee512496,f4e030ebe8c888648220fc053b482cfe,delivered,2017-07-28 19:51:31,2017-07-28 20:05:07,2017-07-31 18:07:45,2017-08-14 21:25:28,2017-08-21,e8342c41a4f898c625f00dae5a8c41ad,2017-07-28
35153d02b70cad4eb36cc178280458ed,355ab104e51f1c3c84e6b1220f5200e7,delivered,2017-12-31 02:36:16,2018-01-01 02:30:25,2018-01-02 20:15:07,2018-01-11 22:39:00,2018-02-06,711d7d76b792356dc939b6b8a522cac0,2017-12-31
f57fffc1ce29e83b38baed346acf0020,2caeba0bfb84725435db827220e9f4ae,delivered,2017-06-06 11:52:48,2017-06-08 02:50:28,2017-06-08 09:32:06,2017-06-16 16:27:53,2017-06-30,f1c6fd8fb3ed299e3c95731ef2557068,2017-06-06
330c4c1c971ff97dc8128ca0f61f21c6,5da732e8664d395791fe3de618724d13,delivered,2017-03-28 19:36:58,2017-03-28 19:50:13,2017-03-29 17:33:13,2017-04-03 17:18:00,2017-04-20,70f8d7fe5f91b78ad33ca742681b7120,2017-03-28
bf2b54be17b7da2c70dc289ff2ee16a9,7343253df0d1cd6e627605ee32728ba1,delivered,2018-08-23 13:05:40,2018-08-23 13:25:09,2018-08-24 14:01:00,2018-08-28 01:05:23,2018-08-31,7d974ece7b8826fa4336ead304193584,2018-08-23
154b66f3b29e92e4c9fc7f1ad60cb668,6ab80065dfee8f902e6d0fdabb9bf565,delivered,2017-05-16 13:19:09,2017-05-16 13:30:23,2017-05-18 12:15:20,2017-05-25 09:54:04,2017-06-08,c89868f911690c54cfbd51fd78ce4fd5,2017-05-16
5dd63219d314ee0914d93920e6f091c3,f8e1db79cfede6d3c2b48f217bd89a92,delivered,2018-02-05 16:12:45,2018-02-05 16:31:18,2018-02-06 20:45:59,2018-02-18 18:07:04,2018-03-01,6ff62b85b8dd35a3402d54618bdafec6,2018-02-05
7319603b942779e409adfcfb0759e351,f68eca02badcd55a6836628f8794f2d3,delivered,2018-07-10 10:38:05,2018-07-11 03:30:22,2018-07-11 14:28:00,2018-07-15 10:38:41,2018-07-18,b3f4a40ce9a8dbca61f3d9a51b40302f,2018-07-10
4605d0821fe434dafe3776fd89aab59b,709dfcf24ff2e0d89178a5fd58c78cfd,delivered,2018-01-31 09:46:25,2018-01-31 14:10:56,2018-02-02 00:35:37,2018-03-20 20:16:26,2018-03-05,3b862faca4b6110a9c92f2bd6e54ac59,2018-01-31
b459a0e9653d4d181678247d5f92fc2a,8fc82ee3dad2800d1fd822f91fe6f19c,delivered,2018-01-29 15:52:26,2018-01-29 16:36:47,2018-02-02 00:58:40,2018-02-14 18:23:05,2018-02-20,fdafab31ab321b04752a6e154b0a0a9b,2018-01-29
b4b2761acac7e037ebf2c49040d18ce2,4f94e6314d2529242a7d2feb0cf3acdc,delivered,2017-10-09 08:43:09,2017-10-11 07:36:50,2017-10-11 21:07:02,2017-10-17 19:53:20,2017-11-07,da37aac612c2e3b3a883ccafd6f4e001,2017-10-09
14db6eba3c303f9a28d0e9330754a842,2ebeba3984c0ab6102d24c003c80f6e8,delivered,2017-12-14 18:27:19,2017-12-14 18:38:26,2017-12-18 21:29:12,2017-12-27 17:58:57,2018-01-03,ea23d08a74aa02299918841bcc7aaf43,2017-12-14
ff85477840bd0948f7a91e3af61963ec,4c57350878dc525a21ffc4a75a94af37,delivered,2018-04-05 12:28:52,2018-04-05 12:48:29,2018-04-05 23:04:43,2018-04-09 21:13:44,2018-04-17,5304d1c841be2e01b6918a0eaf0c6b01,2018-04-05
9c8af7daf8716cde23b513de7b15ac08,ff707e35417fa22a89eab6549e33ea5b,delivered,2018-03-01 19:21:56,2018-03-01 19:35:44,2018-03-02 22:14:55,2018-03-15 17:52:45,2018-03-26,e3aef7333b0cfca8c903101fbeb6fdc6,2018-03-01
bb2fd6ac6dfaccc3a730d4ad235b855a,aa936cbb9d0a6909b7cd7a1a6e64c70d,delivered,2018-03-04 18:28:23,2018-03-04 18:50:29,2018-03-05 19:09:59,2018-03-16 16:52:41,2018-03-21,c8000c41acab54963e51e3ff44fef021,2018-03-04
ac853685fc6a8eb4fbee28b457588078,39c4a14e8828e782b82be2823738ecb3,delivered,2017-06-07 18:15:04,2017-06-07 18:25:20,2017-06-12 11:13:22,2017-06-14 11:38:32,2017-06-21,299d3cdc601bb36ff810e557bea00b90,2017-06-07
7de45d1340279aa6e3847ffa7bb235a6,9d69e5f040338b1a1ecbaa9ed6091454,delivered,2017-09-08 13:16:15,2017-09-09 06:34:35,2017-09-12 15:22:19,2017-09-25 14:04:18,2017-10-16,4ca9bf9b6313377f9cc4b490aca6a48f,2017-09-08
ef05517739d9d696e069b1a16ca947fd,02cc8a1662feefebbb66dfc0775c3e1a,delivered,2018-05-15 20:00:28,2018-05-15 20:17:20,2018-05-17 14:36:00,2018-06-04 18:06:42,2018-06-08,f142edb181a3f781b4d91c5aa399f1db,2018-05-15
164ed456436d367ddcb008d361c1955f,9886f1a91d50da9e35d66b737616e15e,delivered,2017-06-26 10:15:11,2017-06-28 02:23:23,2017-06-28 14:25:01,2017-07-05 11:24:50,2017-07-14,d4bfdb188411b1d1fdd0a66e8017e8b4,2017-06-26
839c39b7b79ea017a465dd95ba970a42,911d90f1add50839cfbdb9eedc2177e4,delivered,2017-03-20 14:37:32,2017-03-20 14:37:32,2017-03-21 09:36:57,2017-03-27 14:04:17,2017-04-12,736371dae62412708f8e1ba3931becea,2017-03-20
b40a02b5c20286506b2fecd71ace2f5a,edb933ed8dbc1ac6e080a55fc8357cad,delivered,2017-10-25 21:04:31,2017-10-25 21:25:06,2017-10-26 19:41:51,2017-11-01 13:33:09,2017-12-08,f91b2fd114d82b0774a436387aca2b5e,2017-10-25
1eb51a538c51ad5612a8be5cf27d6b5d,eddeddf27e3ccc96b1e3f7fcfd4e4f3d,delivered,2017-06-09 23:20:27,2017-06-09 23:35:09,2017-06-14 09:51:39,2017-06-26 10:43:46,2017-07-06,e47338229ceacfff1fbd40d01104b39d,2017-06-09
0ab5a761982917ce851399f277662d06,7ecce0bacad3880044f145069b089f3d,delivered,2017-12-02 17:47:12,2017-12-05 04:12:00,2017-12-05 17:12:58,2017-12-18 17:44:44,2018-01-03,05869a56cb7edf789454b3ee270a0888,2017-12-02
2e9eb4c2f3b354abe0e2c0f0e1d528d6,551ea6ba7a69031489911338c8999014,delivered,2018-08-18 18:46:34,2018-08-18 19:09:29,2018-08-20 11:02:00,2018-08-24 23:10:49,2018-08-29,33c147c0a18acae143ff99d7b7b3c88d,2018-08-18
fcb8aa0e937269c1e87318bfc217d018,2f2608d59dd55a280542174b34c129b1,delivered,2018-06-04 21:47:07,2018-06-06 02:55:17,2018-06-07 09:06:00,2018-06-08 14:38:49,2018-06-28,0669ee32bf519c46d27030db08c5e0e3,2018-06-04
914116bcfc96a1814b4d3ca0e3f4ac81,6448c12f349af04cc3598f3d5672bca4,delivered,2017-06-10 18:24:51,2017-06-10 19:02:39,2017-06-12 14:33:09,2017-06-19 14:52:25,2017-07-03,c745b63e62dd4ade45d673b2ebb54160,2017-06-10
0c922ae7c3b6cb7d848150c80121bc1b,6842b18ad3f173ee6b709748377bbd2f,delivered,2017-04-03 20:45:51,2017-04-05 02:42:39,2017-04-05 19:15:06,2017-04-07 17:05:40,2017-05-02,f9ce0171b9df8812316e610bc563b0ad,2017-04-03
92515c13ea7bcf398a6d73f2558f08fb,4ffb336c1ec482582982fbbeaa7d94fc,delivered,2017-12-30 12:47:40,2017-12-30 12:55:24,2018-01-02 20:44:40,2018-01-09 18:10:18,2018-01-26,1a5cce05d8d3f2a72731b747359ac9dc,2017-12-30
e8222fa9083bdd04c8bc9b234ff11490,6ed0ad2cda6f86bc5a3782c4853baddd,delivered,2018-03-28 11:52:01,2018-03-28 12:08:23,2018-03-28 22:52:31,2018-03-29 15:16:48,2018-04-10,54269bb99feb017d638e68d9317bff7e,2018-03-28
d83a0ada4f4e91a7aa41547a8b5f8295,efbde681c58eb3d78f54fd03be60187f,delivered,2018-05-04 13:35:22,2018-05-04 13:50:46,2018-05-08 14:47:00,2018-05-15 13:49:38,2018-05-24,c7e522d5870e50b2f131d3d5d43b7775,2018-05-04
996959ad36063a7b8df71ab9d8b0ebd7,d73482a593c8b897e2dbfea658ce9ec8,delivered,2018-02-15 15:37:34,2018-02-16 07:55:33,2018-02-17 00:59:13,2018-02-20 19:12:09,2018-03-09,f40e8c1ddb863f7a124ad57cbf27b838,2018-02-15
64582c699f99b4dd3c326b13c3bdc644,a095450e0630a3f9776ba4196dac1da1,delivered,2017-10-09 10:22:29,2017-10-09 10:36:58,2017-10-10 21:26:58,2017-10-30 14:54:10,2017-11-17,2ee479e29ac6b1736028a090f8ef923c,2017-10-09
faf4b0fe89a6f599276eccc2f5944ca6,be6c723c0dc6a8c587a7cc5ca2644927,delivered,2018-05-28 17:35:19,2018-05-28 17:55:52,2018-06-04 16:03:00,2018-06-19 16:11:57,2018-07-31,d923748bfefb0c190718f7e94c228e64,2018-05-28
a323ac4955fc32f68997f8d0122ff2c1,efbc19223e3971b216caf4bbbba18df1,delivered,2017-09-10 21:38:51,2017-09-10 21:50:22,2017-09-28 21:39:05,2017-10-11 23:13:44,2017-10-05,5bf81c42c6fb28894c4ac7be1d3fee6e,2017-09-10
4cca039d4d51fb8f0e1e302327c30de5,45d819fb81a17ea857d85c8a1fae74b4,delivered,2017-09-15 10:20:32,2017-09-19 03:37:14,2017-09-21 18:00:15,2017-09-27 17:22:44,2017-10-09,3a94b6c9bed0d1e47bdc8f015b4a0468,2017-09-15
fa4e26319fe4d40dc11cb63c53be6355,9ff9e401db5736e05d7403bd0dc308cd,delivered,2018-02-11 22:48:20,2018-02-11 23:07:56,2018-02-16 19:57:02,2018-02-21 14:17:55,2018-03-06,69e4074cb5368c1539397e4ea570757a,2018-02-11
90bf73869f0ae6e4ea3731dcf7e2e620,dfea71c7e09469934ffa20c38024d275,delivered,2018-05-14 18:13:58,2018-05-15 04:12:22,2018-05-17 12:45:00,2018-05-22 15:05:07,2018-07-02,2d0d003e67fb56299e829ad77cb69c65,2018-05-14
7c2ca8ab80697c8ea1e11adf050d82fa,b2f8a6ef03233fdada4510b9782a42bc,delivered,2017-06-08 19:14:02,2017-06-10 02:45:50,2017-06-12 14:13:57,2017-06-19 12:22:07,2017-07-03,dc3d6346af325d32d18c72749b1098e6,2017-06-08
cb162de51da6fe9c49b238971804a224,309239af9998f640f8572abd96482709,delivered,2017-12-18 13:35:02,2017-12-18 14:51:36,2017-12-20 20:43:15,2017-12-29 11:22:58,2018-01-18,b9fc2d4c90bdadc7052fabe8353084ed,2017-12-18
e5f19a5270a65dd6e5deb65c0b16d719,16c2cb120f6b87ce8ef7dc4b877a004e,delivered,2018-03-03 15:11:27,2018-03-03 15:29:13,2018-03-08 17:05:27,2018-04-05 17:52:22,2018-04-04,8b2b7333feeb6246c6bd5834dd94303d,2018-03-03
4f08e1d966e9e49ca0677134ce4c2c57,5f7587c3961ed679a9e4ac53be2fabcf,delivered,2017-08-08 20:10:15,2017-08-08 20:23:38,2017-08-09 20:08:47,2017-08-21 20:32:52,2017-09-08,224fdd805e76c9c4896fb3fbb73d6dca,2017-08-08
5573cef7e8f61373a3860c9048fd5d3f,df99dc7abe4d35b7797f39c00c595147,delivered,2018-05-06 09:20:09,2018-05-06 09:33:11,2018-05-07 09:25:00,2018-05-16 23:12:49,2018-05-30,dd90d63977d1bffbbca03180dd7ad966,2018-05-06
9f5452841a5075ac35f12e8854c793cb,13e1607de71f41be2379f77597a1eaa3,delivered,2017-11-22 18:44:40,2017-11-22 18:54:23,2017-11-23 21:10:42,2017-12-04 19:05:59,2017-12-08,945022bedba8f71215e98877dbc2d8dc,2017-11-22
b40f817b50535e75d1708b22ef4f6484,2c620d5ff4293071bd05cf6c29818854,delivered,2017-07-20 14:25:16,2017-07-20 14:35:09,2017-07-26 18:32:47,2017-08-07 13:34:42,2017-08-11,3623d7f9088cbd2b63887e5c3b40c46a,2017-07-20
7746677d78294f821b793499ed5aa572,1450ddb1608a577774a00883141be98e,delivered,2017-12-19 16:12:59,2017-12-21 02:12:43,2017-12-27 23:13:34,2018-01-16 18:23:37,2018-01-23,7203256b80d5edfb998d79fbba69aea1,2017-12-19
ed8ae7b87eac2abe38acc8471343053f,76005500a2dfa3f5d910c22cbe99f8f1,delivered,2018-04-17 21:40:37,2018-04-17 21:55:18,2018-04-18 17:28:38,2018-04-20 18:32:30,2018-05-02,70c11fae5d0320e6f680c3c5a500fa94,2018-04-17
7b80ec23d794b93b2dccdb524a54285a,702468fa964fd29fbc78fcfbe5f9c2e3,delivered,2018-02-07 10:13:39,2018-02-07 10:30:16,2018-02-08 19:19:20,2018-02-15 00:49:35,2018-02-23,4c83b9db2cb8150383a72a38c79e64b3,2018-02-07
56d77478af78c445066db1c9876e9e84,7761db7d7db3e4698410581198304c86,delivered,2017-11-03 16:49:40,2017-11-03 17:09:20,2017-11-10 16:12:15,2017-11-21 17:09:16,2017-11-29,118a4d2ca6098b5df303beca4c208642,2017-11-03
85755a53293260a175624f3ee95afad7,a7aa5f7101f0548de877f43fc226f026,delivered,2018-08-21 08:45:43,2018-08-21 08:55:31,2018-08-21 14:50:00,2018-08-24 16:56:47,2018-09-03,30a8b4677ce9d06ade9960a91b3d5e9d,2018-08-21
9ed58fe0fbd409abc65188eb96c650ac,9052a30c5a1bde768913c851230d085a,delivered,2018-05-29 19:16:01,2018-05-29 19:32:24,2018-05-30 10:23:00,2018-06-06 14:19:15,2018-06-29,f7d0681ef0b999b9b0ed130cf6d75146,2018-05-29
032de54ca8e40cca1098da6c68ba92b3,ae98e7ef8bbb639184da4566b1e7f19e,delivered,2017-09-26 07:58:27,2017-09-27 08:04:18,2017-09-27 19:18:46,2017-09-30 14:07:29,2017-10-18,8886966f79ad4b54b06c2fbbd66b6b5e,2017-09-26
6de9eb6ce81fb0d838d9d38e5f0b3b13,c461d2d435013deaa0d401a088ff0e8f,delivered,2017-12-19 18:59:05,2017-12-21 02:10:47,2017-12-21 18:28:38,2017-12-27 21:17:06,2018-01-08,3718a7c8a2de77a7913e0e52193ad6eb,2017-12-19
6041df98b73499d7ab29fac08814665b,87f2c343f1205c2e07e58c9b3a755444,delivered,2017-12-31 10:30:34,2017-12-31 10:39:26,2018-01-03 17:16:22,2018-01-19 23:08:52,2018-01-26,952c46a2d5f4753a7515d32ef06716dc,2017-12-31
a4ff93cafe11fd211ea627c3cd253480,7b19c17065aacdf8c4f42645bb32c8c5,delivered,2017-12-29 16:26:05,2017-12-29 16:35:24,2018-01-03 15:17:11,2018-01-09 16:46:36,2018-02-01,7b1802ed4334cd7be4c9334770461311,2017-12-29
34f3d7a06bd0a5c40afb874d68bb5cd5,cad6946220c14b9dfdafa4813ef94c87,delivered,2017-07-23 20:30:29,2017-07-25 03:45:38,2017-07-27 18:03:25,2017-07-28 20:06:50,2017-08-10,5fffb304c8f15660d365d43db814dfd8,2017-07-23
b084a8f61aa45461c76604d752a993f8,3f9b89f44fa0f0a8a673166eb3854789,delivered,2017-05-10 20:32:02,2017-05-12 02:50:16,2017-05-12 11:21:45,2017-05-25 09:00:08,2017-05-30,7baccc3016470ab0392c24b39461f428,2017-05-10
4e10b30aa3a183071fafee98c886bc7d,206ac773b6fa602143a7d817bbc3ab31,delivered,2017-09-13 09:51:16,2017-09-13 10:15:21,2017-09-14 20:19:00,2017-09-16 14:58:46,2017-09-25,ffb2d91ed21974026a30f6ec0b3c934f,2017-09-13
3d881e61ee993d5bba4becb0d98b1579,8bcbfc42b483c83e9e4c419936a8377a,delivered,2017-02-17 18:48:01,2017-02-17 19:03:04,2017-02-21 11:02:42,2017-03-06 07:48:56,2017-03-31,cb3193c2fdcc1f95050f81277e2a886c,2017-02-17
c63112181863ee049837cf2a0ecbfab7,72d756fe79bda10733b1069c53474321,delivered,2017-07-19 13:46:12,2017-07-19 13:55:17,2017-07-20 16:22:06,2017-07-27 15:38:36,2017-08-02,f93068aad08d59c624572efa455b976a,2017-07-19
1c3a0db39be54440c72e0111f46856e6,bc5656ea87458c3268d24ba023eb420e,delivered,2018-03-10 10:11:58,2018-03-10 11:20:29,2018-03-12 18:37:40,2018-04-14 18:58:33,2018-04-02,e3dbb640e974b2bf603d16d3a7c72306,2018-03-10
034a3d1faac58f35a7364de005209f13,c8be084101b0ce1d1ec6a88381add2e2,delivered,2018-04-03 18:42:25,2018-04-03 22:35:12,2018-04-05 17:51:43,2018-04-17 23:55:57,2018-04-27,fcae924521568bcad8fd17456478487b,2018-04-03
f38bba7355a2382087be5ad984cd1f40,e38b747f2d270d470bff9e3b25041b0b,delivered,2018-07-29 20:08:41,2018-07-30 20:04:46,2018-08-01 11:47:00,2018-08-06 23:51:44,2018-08-17,f34b22f6c901c80bdaa7c85caa540ae4,2018-07-29
9adf7bcff8c641aa286f3dbb963148ab,513b21479e038ae5a8180f1aae532f8f,delivered,2018-02-01 17:15:31,2018-02-01 17:33:05,2018-02-07 22:42:35,2018-02-19 18:58:02,2018-03-02,9da935f0be40e2ceb003fe01731fac57,2018-02-01
d8f219ff505c49a703a25ffac1126614,3a60ad8fb806284f718b6539013dda2a,delivered,2018-03-22 14:07:52,2018-03-22 14:29:03,2018-03-24 13:04:11,2018-04-02 17:39:16,2018-04-11,803ef4dfb95c9440f4e7809eefb90f5a,2018-03-22
de96144dc55ce453b7dd9b5995a87c6a,1e442ae42cba4e82336cb1c367c7b75d,delivered,2018-03-09 15:25:35,2018-03-09 15:35:28,2018-03-12 17:38:27,2018-03-22 23:19:24,2018-03-29,371c0b90cfaac9b77d1b4198c6c66f3f,2018-03-09
3cd1fc00785c7052ace31b764290e42c,1e0a2f52a05b3b800b29838afcced0e9,delivered,2018-07-31 09:46:41,2018-07-31 10:30:56,2018-07-31 15:02:00,2018-08-06 13:11:36,2018-08-09,bec155d3569b43b5e6cd4ea53a153800,2018-07-31
2c313debfbfb2b44f91ae0431823ccb4,82189789fcc0955a1f54c4b48c171652,delivered,2018-07-18 14:08:03,2018-07-18 14:22:13,2018-07-18 14:16:00,2018-07-23 12:18:55,2018-08-01,4d788c3a5d95c4146cd2ff51c069ddd5,2018-07-18
20fcbc7e1a1c0fefaa568769e6f3347f,f56495cb904e506f3869864bde1cfea8,delivered,2018-04-30 16:51:31,2018-05-03 04:13:04,2018-05-03 16:28:00,2018-05-17 18:05:11,2018-05-28,f41e7c7b9e64c7194352c090780cdf9f,2018-04-30
ef4d010c07e5ac58d6b9b8f0210df881,e85df93b88aa497ab874a3afadc56bb0,delivered,2017-07-05 21:16:50,2017-07-07 02:50:36,2017-07-07 19:09:03,2017-07-19 18:52:11,2017-07-27,eda50d1b4b64e6dc8058e29f5fe65c79,2017-07-05
c9af5ac1e116ade464741593ef70e986,7b25145539f38697d2da83bce9cb8725,delivered,2018-06-11 11:10:56,2018-06-11 11:40:12,2018-06-13 13:37:00,2018-06-18 19:48:32,2018-07-04,35694662ee96ef8cd104c2e9e9f2156c,2018-06-11
d946899ce911ebb570750e694994f812,1ad28b7f105b6cbf4d6741d2e1d5c04e,delivered,2018-07-03 12:03:55,2018-07-05 16:32:57,2018-07-13 13:53:00,2018-07-21 19:52:18,2018-07-30,d5e882efc393314871afcc1a50a5465c,2018-07-03
27193efa36420f91e43ee1e1d4416d2f,9039a6869b1432fabcc921c86c8ed4cb,delivered,2017-08-29 20:08:34,2017-08-29 20:30:15,2017-08-30 15:06:53,2017-09-04 23:32:59,2017-09-15,2a9c9f508e13aa83b70b744554866bae,2017-08-29
e0c5a4a058c2160c2ac602072397c807,ca2a96ff2aed6f4b5aeb7c112f9e4c18,delivered,2018-06-10 14:36:45,2018-06-10 14:56:58,2018-06-11 14:31:00,2018-06-15 20:10:57,2018-07-03,a6c9b16277188156ccf0157cb2c8406c,2018-06-10
f26be57b128ad749636740a15bf6752c,2bf7dbe3a7ea4e83fb24209f67b9d89b,delivered,2017-09-08 10:06:40,2017-09-08 10:24:26,2017-09-12 16:29:48,2017-09-18 14:38:00,2017-09-28,b1ff13ebf017d85788fb63189c1dba6b,2017-09-08
666642b8ede81bde2dfe4365b47b1ba8,2ee6a7340934c1c8c08bd9ec1187e919,delivered,2017-12-07 11:37:39,2017-12-07 15:01:36,2017-12-08 21:28:25,2017-12-12 19:21:56,2017-12-26,51d027d6e0c06e327566e7be917890f8,2017-12-07
8bbe236f21b3f7ff0a158c3161cac5ef,b1136b401997d5080066c794ff616c2f,delivered,2018-01-27 16:37:02,2018-01-29 20:12:16,2018-01-30 21:33:08,2018-02-09 20:47:34,2018-03-12,65410105df6dd73aa25cc4b7957ea42e,2018-01-27
8a9491fb5e1db54016d2b8f1af5ac490,ad3b17c2187baf22bdf8e073a7b296e2,delivered,2018-01-24 21:13:08,2018-01-24 21:33:17,2018-01-26 14:33:09,2018-01-30 01:28:29,2018-02-08,8a6ecf07765c56057bbb8b9d942c867c,2018-01-24
34d3825176b5e4ae141843ed4e313c7d,4308db2f3f1ce5f817e16184cd306817,processing,2017-09-28 12:02:45,2017-09-29 12:07:21,,,2017-10-31,d3f642cc48a40ef10805ad6f1faaaed9,2017-09-28
bb2c15f3d9da7de7eef8b4c479efacd2,cd136d3ce441081cd15dff22714a5c59,delivered,2017-04-22 23:14:00,2017-04-22 23:25:08,2017-04-24 12:09:56,2017-05-03 11:40:02,2017-05-15,6d8a1ff2b74ef9d939013151ef4d95cf,2017-04-22
65b776d1206b0677bbeb15704021af48,a770b29a01bcb44c7f9028d96ca21863,delivered,2018-03-03 19:40:01,2018-03-03 19:50:53,2018-03-08 15:46:47,2018-03-17 01:42:32,2018-03-27,8ffa5e9fcc3da23113128e94d1c75706,2018-03-03
4c1e4a008ff79b53d84a6fd7f817c5aa,1774fe5310b8a384e345be76ff71591a,delivered,2018-03-23 13:31:25,2018-03-24 13:27:39,2018-03-26 21:18:26,2018-03-29 16:52:00,2018-04-05,d36a8be7c46a52c448722be4f41fca7b,2018-03-23
f774c1e75cb8cc6d1d8a30c56d16bcda,ad431c9c10552fa9a09d9c42bbb4c49d,delivered,2018-08-24 09:09:11,2018-08-24 09:24:22,2018-08-25 07:47:00,2018-08-29 22:33:29,2018-09-19,c537e307d0558bef8cbfff39ea7c2b24,2018-08-24
cf937bac66a020cc0077490569f3465b,5d0957541b90307fbd9c8f8216c8cf5e,delivered,2018-01-04 17:09:54,2018-01-04 17:28:12,2018-01-05 21:15:29,2018-01-18 21:28:52,2018-02-05,2204194cbff584f5d24e74c50752028a,2018-01-04
e1cfb9f3b52a559974c2148551dea108,1cb2dfb80b5dbf6750472c2183b361c9,delivered,2018-05-14 16:37:43,2018-05-14 16:53:00,2018-05-15 11:04:00,2018-05-25 20:52:38,2018-06-07,93541741ba99116c5cf5773312eff953,2018-05-14
7525e8f8b1a51d44f9912ce81146ac7d,7e902211ea98633032e5cc41b645f65c,delivered,2017-07-10 13:41:35,2017-07-10 13:55:15,2017-07-11 22:53:45,2017-07-21 14:36:26,2017-08-01,c3c0a8514a602a363d7249d5f1a4b3b6,2017-07-10
39519d02af9b0ab69cd51e3b81fe2dc5,591705dfee9322311501831348d98079,delivered,2017-10-21 14:46:13,2017-10-21 14:56:20,2017-10-23 14:53:56,2017-11-04 14:59:56,2017-11-10,6ed30b0852ffb1ba918d17c5a9833a21,2017-10-21
c464b6868164be2381b58e1fc6caa2f7,df658f2a78db737ea87e376b8e4c00af,delivered,2017-11-08 23:19:24,2017-11-08 23:31:13,2017-11-09 13:21:55,2017-11-16 18:07:36,2018-01-10,de7aaf28dc616344f3b9549f1716d70c,2017-11-08
15d8198b8e9c97e5e6a5007b0bb1550f,7d8c69b15f2b331d4aceffd9672c8029,delivered,2017-04-25 21:06:19,2017-04-25 21:15:12,2017-04-27 11:59:50,2017-05-08 17:16:52,2017-05-24,c5ceb73ab5a3e6f8f7c1181ffacde6ed,2017-04-25
f992a59bd269c4eb0ae5ca2d403474b6,a0f1252b8378182f65bc311788d25d0c,delivered,2017-03-11 16:22:20,2017-03-11 16:22:20,2017-03-13 14:12:51,2017-03-20 07:32:58,2017-04-04,65cdf5ca38fd0667a658101672cb46d1,2017-03-11
bf3b217e5505e5e9d746120dbb93b562,0669f5398348b7260f7f14411736e78f,shipped,2017-08-24 07:15:30,2017-08-24 07:25:13,2017-08-28 18:32:49,,2017-09-18,cef403f888f6bb14ec10e4e02e410893,2017-08-24
e7c5619d9941aa825f4727fca11dd208,81dc9718edad35c224a7256232ae104c,delivered,2017-06-03 20:23:59,2017-06-03 20:35:24,2017-06-05 14:36:51,2017-06-16 16:14:00,2017-07-06,d4ff577cb0f4e832d1d0ac25f599a623,2017-06-03
9989d0ec04100fce996f6e906ada0278,2794c46b0d52ec2f9a14871b669cfd51,delivered,2018-02-21 21:11:02,2018-02-21 21:29:12,2018-02-27 12:13:53,2018-03-24 17:37:32,2018-03-13,44339aa4c4b08945b97eef04d26efca9,2018-02-21
53016e8472a79f05b793c071c03ae18e,7facbda9c585cd9ba754839db71cebf1,delivered,2018-05-23 11:29:51,2018-05-23 12:14:56,2018-05-23 14:28:00,2018-05-24 18:12:30,2018-06-08,9d4a74be41297b2d408d5660085215fc,2018-05-23
b6fe88f4f585c944818db94f580332f9,03211613a76a509bd371fd677974d68e,delivered,2018-07-13 11:33:39,2018-07-13 11:45:15,2018-07-16 06:58:00,2018-07-20 22:28:34,2018-08-06,1afc7562135a94acde58e6a7665ef4ac,2018-07-13
73d8cba28b2c49e0bcde53f23fc6218a,ed3cdd51c53c26ba8f1ce8234595c5c5,delivered,2018-03-02 15:57:53,2018-03-02 16:10:42,2018-03-07 18:25:42,2018-04-06 17:43:33,2018-03-21,0ec73777b439e9015001fabba94702b2,2018-03-02
03d8ac7f462c593ad4ca1fe32c20cd83,d86328d99f1c51c918adbeaba9edd1cb,delivered,2017-04-27 10:48:39,2017-04-29 02:43:07,2017-05-02 15:39:39,2017-05-16 16:37:49,2017-05-31,f6b78427cc4aa2ed63f9640e6a9a384b,2017-04-27
60856ac7677a70cd87ad25d9b34d051b,bf3143805b420affe47047794eae0872,invoiced,2016-10-06 14:36:59,2016-10-06 15:41:47,,,2016-11-28,b139fbdcd53f8036eb05d3023fc97580,2016-10-06
9e958a07e455c09fd69aa32c2a4b2d4c,6d1476335098224a9d1807ba96a1eb2c,delivered,2017-10-10 20:39:38,2017-10-10 20:49:50,2017-10-20 22:12:59,2017-10-28 15:45:54,2017-11-07,c17734072167492ff3964e6ff642362c,2017-10-10
77f7a5c2fb11dddd571bf33daf9dc0f4,b11a64456c2fe322b98e96b458b512bb,delivered,2017-06-14 17:37:36,2017-06-14 17:45:20,2017-06-19 12:21:55,2017-07-02 12:02:36,2017-07-07,8ba8158e1d9dacde15b58ee317406e7d,2017-06-14
b77b82b683e9956ecdf55514de3d1f1d,f9d6595c725eee2aba47fc7257680db4,delivered,2017-11-06 19:58:31,2017-11-07 04:31:13,2017-12-21 17:22:43,2018-01-08 15:19:43,2017-11-24,4b72a0663701b53014f308b56a8d7b44,2017-11-06
8cf06ce068a7f778b59ed42dc00d964c,82bfba21f1ccdbffe8c25920039f6d50,delivered,2017-12-26 16:38:25,2017-12-26 16:49:27,2017-12-27 21:59:58,2018-01-23 23:29:39,2018-01-24,72f4457edfd9a30747e06bdcf34882cb,2017-12-26
5f72c8b02beaa8a1bc3fd79ea75384e9,649ae246f93c7482390cf748a9be70f3,delivered,2018-08-20 09:58:02,2018-08-20 14:51:17,2018-08-21 11:56:00,2018-08-27 20:35:17,2018-09-11,a2b3dadeee49f301f5307689f05d49c2,2018-08-20
e21a100114f52ef8f28601cf741b3ca4,7cdb10c80796456cb0750c312ef21844,delivered,2017-06-20 11:18:37,2017-06-21 06:43:17,2017-06-21 19:03:06,2017-07-04 14:23:19,2017-07-20,0ec7b76cae390a31a86ce54413f284db,2017-06-20
61242a99b411bba259b697ec7de3e4ad,e79f2c086eebdac111a505200261f455,delivered,2018-04-06 16:26:12,2018-04-06 16:35:25,2018-04-10 16:55:36,2018-04-14 17:44:53,2018-04-25,8e952f0bc9b3ad5bbeb3648591f8addb,2018-04-06
21901d247ec987a042a6b89bc3a98bd5,d095ea0fa060e28994724688e30b824b,delivered,2018-05-11 11:32:40,2018-05-11 11:50:47,2018-05-12 08:14:00,2018-05-17 21:52:12,2018-05-30,08a9098f7871cd4e9377535ea1a817c4,2018-05-11
f06f7b506ca56d1a660918f04f7814ec,53eee7f6d5fe3cc7222e75c874581af8,delivered,2018-01-12 14:12:41,2018-01-12 14:28:24,2018-01-15 17:13:05,2018-01-25 14:14:41,2018-02-06,692611fe8999f717c6d104b4ca7087c2,2018-01-12
27c4d9f3a2a28d3e687e6700e34e959d,0d67c23834708b16f384c7b2d25aeb13,delivered,2017-06-15 13:51:09,2017-06-15 14:05:12,2017-06-19 17:06:46,2017-06-26 17:37:31,2017-07-06,5b69d5eeec3faa6533684cab0698d686,2017-06-15
76cde6c8b0bcf5f39e166b9f645366b6,1243b85af9f260a323231c4813007315,delivered,2017-06-11 18:22:10,2017-06-11 18:35:11,2017-06-13 10:09:26,2017-06-28 17:07:58,2017-07-20,6668e1ae499e2e9be475b7f708580232,2017-06-11
188c0980749c33160b4a6a711a58349e,e5a1d6b035730d7b3dfef454844597f9,delivered,2018-01-08 20:56:46,2018-01-10 10:32:22,2018-01-11 18:18:27,2018-01-15 15:48:25,2018-02-07,425a6965ca6d0e9ac0dfddb6e9bca83d,2018-01-08
b72f2809724c9676ae9bc68a12d9626d,fa7d373af2df6d171c0467802e38bbaf,delivered,2018-08-19 21:21:03,2018-08-20 13:30:25,2018-08-21 14:46:00,2018-08-29 19:44:28,2018-09-11,890ca8d8c33663936ceb6315c8781e67,2018-08-19
fb8f03cec06678a33b2782cb3f5a9942,4854399f48d58dfce4a5b4994331b4a5,delivered,2017-09-11 14:41:43,2017-09-11 14:50:32,2017-09-12 18:26:51,2017-10-11 18:44:05,2017-10-11,32fa2586c5b74820ac729f8187f22998,2017-09-11
0e78a0fe8a4dba7965080ad7c3bce866,186799b6bb8ea8989abffd8d1d8dc487,delivered,2018-06-08 08:14:36,2018-06-08 08:33:40,2018-06-08 14:02:00,2018-06-15 23:54:45,2018-07-11,dc6870f2da15c0651516051df0e768bc,2018-06-08
8f90bd287474f07e918f11e649848539,001226b2341ef620415ce7bbafcfac28,delivered,2017-09-29 01:15:08,2017-09-30 02:28:45,2017-10-02 14:46:52,2017-10-09 21:22:38,2017-10-30,e7897290aea0805ab175017e3f60c3e7,2017-09-29
f99892da657d4b8ed6b3dddff8b166e1,be7358032aa672e8452b29cb1ac7371f,delivered,2018-04-11 19:23:50,2018-04-11 19:35:19,2018-04-12 18:19:19,2018-04-17 00:06:41,2018-04-26,1e9bc681338a280c628aa086fb9d573c,2018-04-11
85ff97380814f8f14c1dea2f514b5fc8,a4719949ef03752ccecf6e958e4f5070,delivered,2017-11-24 21:58:10,2017-11-25 00:36:26,2017-12-13 00:24:52,2017-12-23 12:43:31,2017-12-13,5596f39d3816bf53e8c25417bb603b92,2017-11-24
8e1c48bbab58c6a5c96e535f7c294eb5,ab1402a7d01aadf42407ba95d0ca0e62,delivered,2018-03-11 16:23:36,2018-03-11 16:35:23,2018-03-14 18:28:54,2018-04-03 13:47:03,2018-03-28,36c2380dab8d55dcd256c2d5be0f1861,2018-03-11
cd167f0d7982e0f93c3554a4c4f03e99,31b63fdb116c62400b1db8aa4d6fee4e,delivered,2017-08-08 00:48:12,2017-08-08 01:03:30,2017-08-09 16:27:43,2017-08-15 17:32:45,2017-08-28,920d5c417ac2c46e933d1d5d2d71f7ec,2017-08-08
8f95a252fcb4d9163d1f674ac0c746bb,a05f4c66baf8e2a458de2a45255bc3c1,delivered,2018-04-12 13:45:57,2018-04-12 14:10:56,2018-04-18 20:18:25,2018-04-19 20:47:38,2018-04-30,81a96b47f96e1cc76061352ad42b0fc4,2018-04-12
914ccbb5110ed49b96c301b5fbf8d629,6726c2dc9955a5617dd2144d32eb986f,delivered,2018-05-15 10:38:22,2018-05-15 10:55:15,2018-05-16 12:19:00,2018-05-18 12:16:46,2018-05-23,36d8163d058b1fef06dbe40506eb8aa4,2018-05-15
e4dba31c8df21a1169949334f2639889,71efc8a488f41193c13fccbe44411151,delivered,2018-05-04 13:32:56,2018-05-04 13:50:44,2018-05-04 15:14:00,2018-05-30 20:27:37,2018-06-07,9b142309ec106705f993251bb9103d5c,2018-05-04
cf19b9eddcef18fed0071f773887b1e6,bfe0eab1598b84c4ff9a85e807534ad3,delivered,2018-08-03 20:58:38,2018-08-03 21:10:11,2018-08-06 15:29:00,2018-08-11 14:22:32,2018-08-20,771b1df4a321aba7a8b8c5e519bb88af,2018-08-03
52191b9f4d5c244d1bfe01a95f346331,5f5291cb7cffb794706cb8d245fb591d,delivered,2018-04-13 18:58:34,2018-04-17 05:50:27,2018-04-17 21:40:53,2018-04-25 22:07:23,2018-05-15,38c9d129dd764b8a38c722b18beb3400,2018-04-13
ddb4aab3495ab19d0fa7dbb5aeb703b9,e81d9cca059dc9b09925555999027489,delivered,2018-01-08 10:05:30,2018-01-09 07:20:10,2018-01-10 19:10:54,2018-01-11 20:49:14,2018-01-26,5d87457434b943e3a73799ebe33b4120,2018-01-08
fb7e7ba8f47d0f1f90ef27989696d503,bbefd632c5ef63a5c0e4ed79e72ad553,delivered,2018-05-11 12:59:18,2018-05-11 13:11:34,2018-05-11 13:43:00,2018-05-17 18:30:52,2018-06-01,815cb77092f2f3194f6f40f9f05e1aa1,2018-05-11
d14a4f8c84ab5018248d47b2170dfbc8,473c4280bfa2ad9e66ab0d9398ed4e1f,delivered,2018-05-01 10:36:59,2018-05-01 10:57:23,2018-05-02 12:08:00,2018-05-07 20:10:48,2018-05-22,bd051b33855f43132d6756151f0f7b36,2018-05-01
5af2ccecee36c806f9dd2b49c3a8d09a,0fbe0a693526f98c8d703e94def41c78,delivered,2018-08-04 16:55:24,2018-08-07 04:35:11,2018-08-08 13:25:00,2018-08-13 20:41:15,2018-08-29,29526de902848e13cc7d8b27b24406b2,2018-08-04
5d52a189aad255c960953d7d5d1aa7dc,c82ccb0a23ba718bcd188c4527597531,delivered,2018-02-11 15:26:46,2018-02-16 07:55:35,2018-02-19 16:41:52,2018-03-05 22:09:00,2018-03-15,2516f43838c4892e066fec28143efa64,2018-02-11
37d69379ae52462d505e0711aed2c296,a86e0ea205c29c956c48693f8072414d,delivered,2017-03-26 17:54:57,2017-03-26 18:05:15,2017-03-27 15:14:12,2017-04-03 14:56:52,2017-04-13,ea7a6079b771fa5ee75312be8d7d831d,2017-03-26
3a3abd8e28e6facbad63e5ee376b5cb2,7b03a0e21a0f9b1767525a1c62c1c8a2,delivered,2017-12-16 00:01:35,2017-12-16 00:12:40,2017-12-16 18:02:57,2018-01-05 23:20:13,2018-01-15,a85745f48519cd7c1aab666146f1daaa,2017-12-16
f223b1d420663a0ee1fe062836f32289,9b5c94127a26a8523359c15f487306e8,delivered,2018-03-26 16:18:42,2018-03-28 02:47:47,2018-03-29 20:22:27,2018-04-05 15:19:35,2018-04-12,1a3d2532a1c191c09d3c37dd27a0c162,2018-03-26
f6f20338750875ffa91d23d6d6ff4fb2,738071368b2af5dbdf5c7b487426cf02,delivered,2017-11-26 20:58:46,2017-11-26 21:14:13,2017-12-05 00:12:31,2017-12-14 19:41:42,2017-12-15,918d4b7f27fa3b36b2eb95e7faafa737,2017-11-26
f29b1fdd44f820a916d3f1946a88c333,ea9e72efe082008da9a82676a5d0c345,delivered,2018-04-25 10:52:10,2018-04-25 11:09:10,2018-04-27 11:30:00,2018-05-02 16:34:43,2018-06-05,64df076fb557552498049bb07ed1cd5f,2018-04-25
9e6db72ba70b2e5ded35a5919f6329b3,3ba63e448d9f2f5d5c160780572ed6bd,delivered,2017-06-06 16:24:51,2017-06-07 02:45:22,2017-06-09 15:41:51,2017-06-19 16:12:44,2017-06-29,61a87d1f60bc64b533ae054d8291406a,2017-06-06
8ebae9815269538d42b9f5d1c1950ff1,bf9b3cb8ea02aeb16be6ff36ec6c42ae,delivered,2017-04-27 09:25:53,2017-04-27 09:42:40,2017-05-02 15:42:15,2017-05-16 16:47:43,2017-06-06,4df3176200a9d6060995ba3e3c52fe76,2017-04-27
fe9f3a971bb08a9eea14c93de1a42034,219857d3d1aacbc175d70a283f702ba9,delivered,2017-03-27 08:24:53,2017-03-28 03:43:42,2017-03-28 10:03:49,2017-03-31 12:05:20,2017-04-18,339c527109c4c03e8e09bd4b593dab5f,2017-03-27
9cffe850c8bb0bd7c7e679d7779385c7,a72650132f02ba644f1c210ca37b9000,delivered,2018-02-15 17:26:38,2018-02-15 17:46:26,2018-02-16 21:03:54,2018-02-23 19:46:35,2018-03-14,9740a89827a6ba72b44c816cf50dc982,2018-02-15
03b93d42401e436cb00a2dd82a3975f7,bc1d03ced3946138d23540f85060ec03,delivered,2017-06-22 17:01:40,2017-06-22 17:10:14,2017-06-27 16:38:30,2017-07-03 14:34:50,2017-07-20,7a97fbc49ea9b07595d7d808b4bcd2eb,2017-06-22
429879e52accbd209d4e3c7994cbce25,a9d17c6bc7a59fa3b00076bc16ddac88,delivered,2017-07-19 18:16:35,2017-07-20 02:15:54,2017-07-24 12:26:30,2017-07-31 19:51:48,2017-08-14,d8ca742b28ce7633de01295aab9f4c90,2017-07-19
b593e6a542b313bc34e3cf63905d7722,9ef45e2d63a18168cd4b03a1f0da22d2,delivered,2017-06-20 21:33:16,2017-06-20 21:45:18,2017-06-21 18:42:17,2017-06-26 15:33:01,2017-07-03,ff670905acf82a00cb1d2a4a3019543f,2017-06-20
2f03dc11560f16242cd6cfbd13c05036,6e3d860db76bd64da1a5a6bfa81c0450,delivered,2018-01-11 22:44:27,2018-01-11 23:20:24,2018-01-12 22:25:29,2018-01-26 22:54:55,2018-02-05,b653779285ec3a8bddff84770b1d896d,2018-01-11
98c8ce34fb87be20f449264f5ff6fb35,bd0894dfa25e1220154c2424f2fa8745,delivered,2018-04-22 22:00:48,2018-04-24 17:44:15,2018-04-23 20:41:59,2018-04-26 21:05:31,2018-05-21,964b1a11b1add221d2f08f9b7b14073f,2018-04-22
4050a0495b8fab90bb5285f6c37d61e9,24207156e277e6dfc2e231c63365d271,delivered,2018-05-28 02:36:05,2018-05-29 02:34:20,2018-05-29 11:41:00,2018-06-13 18:06:29,2018-07-17,b2366855280f808b630f1b10178ff5b4,2018-05-28
afd02669bcda281a6a9a153dbcf60e39,79647ff1cbf238aedace758bd4271aab,delivered,2017-11-26 20:16:07,2017-11-26 20:32:07,2017-11-28 18:51:42,2017-12-07 19:09:10,2017-12-28,b6fda72bacd286a8ac316325ddb5be90,2017-11-26
c075bbb88b67014143bb3d046f0b8610,fec76147a9617544fb83398b2dac62b2,delivered,2017-10-22 18:29:00,2017-10-23 18:21:18,2017-10-24 20:57:50,2017-10-27 16:12:06,2017-11-17,0e51131a973621d24ee0ab825cb02790,2017-10-22
255ad076f0ef8eeeaf912d66df4c2a1c,9c1b5cf455be52ece5a16beead2e21ea,delivered,2017-09-19 13:40:42,2017-09-19 13:51:35,2017-09-20 19:19:51,2017-10-03 18:34:10,2017-10-10,4e01b8a5fd6c205f64a02d86a894a17d,2017-09-19
a3069ca25adcd219ca2358ca58f46bdc,939ff7082bf758ef8a6d7bd125c5e068,delivered,2017-05-15 13:20:05,2017-05-15 13:30:14,2017-05-16 13:39:17,2017-05-29 08:52:03,2017-06-08,6d4a883ed6a8323b065a179b92a738bd,2017-05-15
7d2ec074fc0f5fcf4509dab3f5fcd933,be7e019d96fa86ec001e237c583c8fdd,delivered,2017-12-12 17:07:51,2017-12-12 17:18:23,2017-12-15 14:58:42,2017-12-20 23:22:42,2018-01-08,2b49a7afa2fbdd41d3b30a0506f29e95,2017-12-12
818b0cfed13b2b6712926e620e37ec60,80fa3b8e966af7a5b447c7ab96f2864d,delivered,2017-03-31 21:48:39,2017-03-31 21:55:20,2017-04-05 09:47:35,2017-04-11 16:08:51,2017-04-28,1358b0a0aa7f375d5e97876ef8aebfe1,2017-03-31
fbed5025efea6c9b776e3826c055ad9e,2ff9559e01499d89efb1d99b938faf7c,delivered,2018-03-01 19:18:28,2018-03-01 19:35:30,2018-03-02 20:09:27,2018-03-31 13:08:46,2018-03-28,ec750259d6f61faad9361c3f0bcc074f,2018-03-01
2e040250d733dceea41baa2f5ad43f3a,f6f76301950a9f0c4099483fa35b0292,delivered,2017-11-29 21:46:27,2017-11-29 21:56:58,2017-12-01 22:14:05,2017-12-20 17:09:25,2017-12-22,a3fe643726e631f8e2bb46dff857ad01,2017-11-29
a3e5028ece0876f0a632152e9a66ff0c,48c208518654e81be736c1950e522b9a,delivered,2018-05-09 17:44:06,2018-05-09 17:55:17,2018-05-11 07:12:00,2018-05-24 19:36:34,2018-06-05,05ddcb65dcf77c362a1b60bdc5ef86e8,2018-05-09
27c2eed354160283302f9d32d3448eb6,f777873517b1bf70c51a2950e513acf6,delivered,2018-06-02 21:02:33,2018-06-02 21:15:19,2018-06-07 14:23:00,2018-06-12 17:28:54,2018-07-19,61a38a6a1607826fe1e81350a1121fca,2018-06-02
b819fc7b1c7c3f36b7736dcd4bc66156,0b79d160f327fc4788e780473c007513,delivered,2018-02-23 08:42:54,2018-02-23 08:55:51,2018-02-26 18:09:11,2018-03-20 16:51:48,2018-03-26,55dabb8632ca885ec24652d9b2bb1137,2018-02-23
8925656065cb0307d4fe7f5fa0fa9a01,bff05ba0b23f43e01bba65da2404ff94,delivered,2017-06-18 18:04:34,2017-06-18 18:15:10,2017-06-23 08:44:49,2017-07-06 15:23:01,2017-07-24,a25a71d9d007954cbf43d3d79cd9f949,2017-06-18
9251efeac5f820d8625ab763cb2867a1,c099109c1fca0ef9eb58f6f0a3e33c6c,delivered,2018-03-10 11:56:59,2018-03-10 12:40:31,2018-03-15 17:25:31,2018-04-03 20:22:16,2018-04-05,ee21dbc2be4018693af07d709d20b5e1,2018-03-10
b611801a592be5846ca256e2bb7e74f3,c38d1d62d73547e079af948277dcbc69,delivered,2018-03-15 22:03:50,2018-03-15 22:15:51,2018-03-19 21:22:31,2018-03-20 21:58:43,2018-03-28,5edc8e1db82a31ef7b7dedef14ca8814,2018-03-15
2f52c0a535c5748713a7639b1c798786,0bab2439d75a6b9559f2d49f3e499faa,delivered,2018-05-18 12:52:56,2018-05-18 13:15:29,2018-05-18 14:15:00,2018-06-01 21:42:44,2018-06-04,8150b1391aedaa88da5dfffa55df6eea,2018-05-18
5af1697f659a5873ed7f793544b2b98d,f07196c2a344adfa4db6148f20908392,delivered,2018-01-04 11:15:10,2018-01-04 11:28:49,2018-01-08 22:21:53,2018-01-30 14:06:14,2018-01-31,5e8f38a9a1c023f3db718edcf926a2db,2018-01-04
d6b025f0a10de81ae37fabab8d83c32f,409d4315cb2f63e3efc737edfe5ebd11,delivered,2018-05-07 13:15:13,2018-05-07 16:52:40,2018-05-08 15:40:00,2018-05-15 17:57:42,2018-05-24,80a5566362b311353b8c4573f2de3670,2018-05-07
d55b88c264e0cacf41c8f8ce846bc1ee,3e35e35a82de3fc574900adca713dff2,delivered,2018-06-11 23:05:13,2018-06-11 23:35:49,2018-06-12 13:08:00,2018-07-04 20:03:11,2018-07-04,d986e49adb130cd15e3a6cf7505439d6,2018-06-11
2f128eca153029f4e0e1790642de2480,edc3af71b8cc7f247a283f13a9427551,delivered,2018-06-18 17:01:25,2018-06-18 17:20:55,2018-06-19 15:25:00,2018-06-21 21:41:44,2018-07-13,3f23d30ad9bc8c012aaac8eca1a1a45d,2018-06-18
d39683eb0cfa97adfec4cd9af343815e,45d76742aa38de04bc46e13624c4db61,delivered,2017-06-11 12:37:59,2017-06-13 04:42:53,2017-06-16 14:47:44,2017-06-28 14:35:05,2017-07-05,1031b4c595b1b2c204ec6d95d4008af0,2017-06-11
c2eddb0c2651699e1839ee701627449f,f6711380491a31e279445b3b8442af80,delivered,2018-07-19 07:50:06,2018-07-19 08:02:41,2018-07-20 12:34:00,2018-07-27 20:03:09,2018-08-16,b73e8f5667c0dd06b9cac079b231ee23,2018-07-19
9187356c51bedafdfeb1226b29fd676c,f631fc2032b15f0881cece32d44d08d0,delivered,2018-01-08 21:03:21,2018-01-08 21:14:22,2018-01-09 21:57:26,2018-02-06 21:32:20,2018-02-14,6bdac0a8ce5b3d00b68ed32705b42761,2018-01-08
0f1a1c17b6ff23cc7274179c76e2af82,66af0dad10050ee5122fc1b0de8b0e3c,delivered,2018-02-08 20:37:19,2018-02-08 20:50:30,2018-02-09 20:57:53,2018-02-15 02:58:26,2018-02-22,6a8566d4ccf0cf0fa3a7c14252d21e4f,2018-02-08
81490cadb782481738db4092957faf74,fba91f2ee61cd400e7515010da70f452,delivered,2018-04-23 16:24:00,2018-04-24 17:44:03,2018-04-24 21:06:38,2018-05-14 14:36:31,2018-05-24,245f2c1eadb68f8ab0af623833c8d78e,2018-04-23
3de9534894fc4afb4a93086499626223,b00c9975137725517d30c1f11bdab7bd,delivered,2017-12-18 15:27:25,2017-12-18 16:32:14,2017-12-19 19:54:58,2017-12-26 12:32:50,2018-01-11,3428eb49f7675480b33cccdef937c28c,2017-12-18
2a005820c4272e5679d8174656fe4e96,2d521f8dffdd11217484edb2ed246098,delivered,2018-06-25 22:01:05,2018-06-25 22:17:17,2018-06-27 15:32:00,2018-07-03 09:58:34,2018-07-30,07716110b84aa77735b7ee2cfde61e5e,2018-06-25
a4101dff2487b4a3d89330b9fe480475,681a0a16e33799607c5f5be2c0b7195a,delivered,2018-06-14 12:16:23,2018-06-14 12:39:02,2018-06-15 11:19:00,2018-06-25 12:22:49,2018-07-19,715f6660caf0cda0177b0c768b62ac2a,2018-06-14
0886f12bc4f3770e8660c836cd58abbd,e7503fd14d5b4122c366e457104f8ead,delivered,2017-08-14 14:05:00,2017-08-14 14:30:16,2017-08-15 13:46:30,2017-09-01 15:32:39,2017-09-08,12261e84e0ef3349f9e1bfb8da48cbaf,2017-08-14
b0c4e1ead56e62a30575f0d2af9a2f95,787eeca41f37a89f86028b987f028aa9,delivered,2017-10-08 21:42:35,2017-10-08 21:56:20,2017-10-09 16:52:35,2017-10-26 20:26:49,2017-11-13,ff54194b7b7f32a428aff086b73bdf94,2017-10-08
3cb615977522175b4a3af08f44b44dce,a27e1c59cdf59a79863529c28cab2e28,delivered,2017-10-13 15:02:54,2017-10-14 14:14:11,2017-10-16 21:54:01,2017-10-27 00:23:23,2017-11-22,3cbbf71ad036830bcf5a19075b9d2ce4,2017-10-13
99d834a0bb72d31e3d0af9bcfe70f175,e28bfc9e45a64c306ae48abfb02e573e,delivered,2018-08-12 11:33:45,2018-08-12 11:45:08,2018-08-15 13:54:00,2018-08-17 13:05:39,2018-09-06,ce70947f651d0183a3fb1a6c37a5affd,2018-08-12
ef4d2d9564c616f5525660a63febb1b2,8b10cae9e6ef0ef4721ea803fba0438e,delivered,2017-05-26 15:53:43,2017-05-26 16:02:50,2017-05-30 10:51:05,2017-06-01 15:32:42,2017-06-16,493a00826ac50806f138eaf0486d0ffa,2017-05-26
ec2382bdadbb1cac6a7e7ec1aec2a667,26408ea75ae8557eb66fe7ff74ca2416,delivered,2017-10-22 10:40:18,2017-10-22 10:56:11,2017-10-23 17:22:53,2017-11-02 14:32:35,2017-11-10,b43917cd62ac1e423e928d1fa3391f29,2017-10-22
4948f06b894477c108c871a15fd4f1d6,3c2ebeb8ca2c2f64bfb622b914cbfe1a,delivered,2018-07-21 21:07:11,2018-07-21 21:15:14,2018-07-24 07:09:00,2018-07-30 21:24:52,2018-08-13,09d9c1ca3aa11afaef88d082942c2f0c,2018-07-21
320f8045f186a371da49b2360c152bff,4ff98e1450d990d4d45f572336d3004a,delivered,2017-11-12 16:36:51,2017-11-12 16:50:33,2017-11-14 19:02:25,2017-11-17 21:14:46,2017-11-27,301b591f524dec30b48b8ea3593d3119,2017-11-12
6cd1a4eb4b9a14b5a991a897f096d443,a68d9bfdc7bad336fab0e1643f01a6d1,delivered,2017-06-04 18:21:10,2017-06-04 18:30:49,2017-06-05 15:10:11,2017-06-06 10:57:32,2017-06-26,8676c0cd5b7c5ffaa5ba1bba22eb6946,2017-06-04
1eee90122489f645e511e11ab3ffeedf,ae7f48b93c1439403593193e4e061bf1,delivered,2017-11-11 12:48:31,2017-11-14 04:16:08,2017-11-16 21:22:52,2017-11-23 14:06:48,2017-11-27,a2a5074337d5e153862ea855ffe861b8,2017-11-11
633f58f88ccc534bb2b5bde5459217bf,ff28bc415971e058ac40d7dd4e4181e3,delivered,2018-07-24 23:31:05,2018-07-24 23:44:22,2018-07-25 13:17:00,2018-07-27 23:03:13,2018-08-01,439853dd0f0e61149cf809fb83d3c137,2018-07-24
a87561bddec57c56c96d99cf74797013,335b264076eaf5b69ca4f1aa31548ef8,delivered,2017-03-11 23:36:28,2017-03-11 23:36:28,2017-03-13 08:55:55,2017-03-16 12:24:17,2017-04-03,e6e71562f6068cffa61a1c1b16be8e27,2017-03-11
dd73d93a25e576d8dae52c7c66b3becf,0fc72d43b9bd9f42fb0ef3d18c3532c5,delivered,2017-09-25 19:12:08,2017-09-25 19:25:09,2017-09-26 13:20:06,2017-10-03 16:07:12,2017-10-19,751defcea60a3e6f63e66b03dbdbb54e,2017-09-25
fdf8f05467e28901dbd88f446effd6d9,6e1351afdb358d69098522bdcde031ad,delivered,2018-08-09 17:07:14,2018-08-10 07:05:13,2018-08-10 12:50:00,2018-08-17 16:28:39,2018-08-20,0d1fe68a782a79b009092e1e043e426c,2018-08-09
d9024d0948b3358a22cdce1e33c9e39f,1f2f203def91d63a0e023c6539312900,delivered,2018-01-20 17:37:33,2018-01-20 17:50:13,2018-01-25 17:12:28,2018-01-30 15:26:45,2018-02-19,a1f237d95266d1e99d17586335debc13,2018-01-20
35bd22ef2018faa0a00df917d68fbb69,9697327d17645c7e415bdaf96c56b1f1,delivered,2017-11-21 11:08:45,2017-11-21 11:31:28,2017-11-22 20:26:48,2017-11-23 20:12:12,2017-12-18,1157c5cec60a67b06bd573320b1db9c8,2017-11-21
0d3361c2f225ac28b02f7a5492ed73fb,740e06c12b353bf626bb94ed662eb0ae,delivered,2017-12-02 09:45:39,2017-12-02 09:52:33,2017-12-05 15:03:49,2017-12-08 17:38:41,2017-12-20,d281a3f4cc40d2ee797e5d59d5c85197,2017-12-02
c61c1f9b82891118ed6fa642e362331a,b687a3b5ea8f2388fb88ff386bf9bec4,delivered,2018-06-25 12:13:17,2018-06-25 12:37:46,2018-06-25 14:50:00,2018-07-02 14:12:22,2018-08-03,dad09cfdd05b6a0aee80deb340cd2be7,2018-06-25
9c9504bb506aa1635fb6ad19be9bcfa9,5638c42751e237d265ad0c0536256311,delivered,2017-09-06 00:33:14,2017-09-08 07:03:44,2017-09-13 19:52:19,2017-09-14 16:58:54,2017-09-19,f7e0fe56fc317ded1c63a772a48d0159,2017-09-06
5dd67a05c776cc40da30f5cde4a7f161,a897b0758071c7414f117731bf38d82d,delivered,2017-09-01 17:39:10,2017-09-01 22:32:22,2017-09-06 21:26:36,2017-09-14 10:26:50,2017-10-02,6dba6f8d6b28cb57dc4c873f578d5086,2017-09-01
b2b7d1ff3ff7568a1cfe9035e488c643,8864ad0e1c798807fd8c459ea6f98e71,delivered,2018-06-13 15:14:46,2018-06-14 02:39:10,2018-06-14 16:42:00,2018-06-20 18:16:43,2018-07-12,cfec1d9ffeec3cfe776a7cd8d216817c,2018-06-13
03eea4a8ecfbf94e0aa787c2d1b098e9,915934f0ade43f0068135a83beead0da,delivered,2018-01-26 00:19:26,2018-01-26 00:32:12,2018-01-26 21:26:35,2018-02-03 14:24:41,2018-02-19,dd5910e043d07e3fb1ea1587a1e52bcc,2018-01-26
be315a78a8989c669993c22b50f3920c,058d8b79c27b59949ec91fc3cb584658,delivered,2018-06-27 18:23:16,2018-06-27 18:35:12,2018-06-28 11:57:00,2018-07-09 19:16:43,2018-08-02,d8c307f8746de04aba2c026bf7e40b8e,2018-06-27
34fae6658f6eb42ce7f68452fa39d22b,30d6003f0b75734756db08d6c362f7a7,delivered,2017-07-21 16:31:53,2017-07-21 16:45:25,2017-07-26 10:18:54,2017-08-03 20:33:47,2017-08-14,d785ff41dc10ee852af81c180765473f,2017-07-21
9f28bebb21ed4b8984afe68c7ef6e127,e243e7b7e604780c67d191a96f23e634,delivered,2018-01-19 11:05:36,2018-01-19 11:16:28,2018-01-23 18:14:33,2018-01-25 20:38:40,2018-02-16,8be0d7f2b796064b601cf9933bf6a3ff,2018-01-19
dd8685cc92ade5d98e60812dfaffb087,b8458ef1e6b3b16e7cf526b9669b98c4,delivered,2018-06-09 08:34:37,2018-06-09 15:50:13,2018-06-13 13:53:00,2018-06-20 12:42:16,2018-07-11,ccae9f7536507bb1dce9837c143ae20b,2018-06-09
a3fcdd0dc6c0b942d30aa09a4103f7b5,5c7d20318e95d49c7477c3dc15cd8b23,delivered,2018-08-22 14:19:39,2018-08-24 03:15:10,2018-08-27 15:56:00,2018-08-30 20:13:25,2018-08-31,b6801e3055dd443371c4c28c66724fa6,2018-08-22
5c80991e5e2ad44946bea8bc2526c81a,d78108092c543e31e04e039e710fbb87,delivered,2017-11-26 23:04:08,2017-11-26 23:13:21,2017-11-27 22:29:04,2017-12-07 20:03:50,2017-12-26,734670997af9b8cad383e8236b91edfd,2017-11-26
cce7e119d3482fd320eedc96e93f834c,9ba5919968cfb78690538026ce50d670,delivered,2017-06-28 14:45:00,2017-06-28 14:55:19,2017-06-28 15:02:22,2017-07-03 13:32:42,2017-07-18,84ba80de8b4be3e50dd4fc6f27818f5a,2017-06-28
f89be12959c54bfc8be493fa13fb2f10,c26825697ea58cdbdfc193608e320a26,delivered,2017-08-15 16:39:21,2017-08-15 18:15:22,2017-08-17 21:03:38,2017-08-22 21:28:56,2017-09-04,7a03822757140378d053b031276e3031,2017-08-15
169ec5c8e238376cc87f2984cb173f1e,51ea522afbbad2a724b932b9d58d3295,delivered,2018-08-03 10:56:56,2018-08-03 11:05:20,2018-08-09 09:30:00,2018-08-15 22:12:00,2018-08-20,75b6bb1b9c8a759302a3585e10c9f3d9,2018-08-03
72add4bd00723dddd208bfd31cdfe97b,ea8f1c279cfa700c4424757270b04284,delivered,2017-12-22 17:40:51,2017-12-22 18:31:57,2017-12-28 23:57:22,2018-01-09 17:39:11,2018-01-18,d75eb3033cf298951d2e5618f6a63d9f,2017-12-22
8984993f8a0c9dcd1ad6c053144b0160,8aa04588e245473ec521f2551d2b4b85,delivered,2018-03-10 23:38:21,2018-03-10 23:50:40,2018-03-12 17:32:58,2018-04-04 16:22:53,2018-04-19,d8ca2ec626c814760414a66218dfb8f4,2018-03-10
c5b8cd8bc7a66f7e451018f7eb332b76,3601b1ee444b7e4f6d26c1223d613418,delivered,2017-02-17 10:07:07,2017-02-17 10:23:20,2017-02-23 15:45:28,2017-03-03 15:59:03,2017-03-22,31f4c452e2cef53d78e609e40f911885,2017-02-17
a2e9aa14d517e240f6e7c7243dc1f639,546c4d8cb9e45e600960e1b04f49db65,delivered,2018-08-14 12:28:49,2018-08-14 12:44:01,2018-08-17 13:29:00,2018-08-30 21:54:50,2018-09-26,0dab841685c250499b36d81dbb570ab8,2018-08-14
b30e55fe9fd40e07925199c964a7ef3f,1f3ba3284cbf9d2d47bfa7fde6b54c93,delivered,2017-12-29 14:00:03,2017-12-29 14:07:26,2018-01-03 18:23:34,2018-01-04 20:22:35,2018-01-18,bb88098cfda49cd99d345221c3e348db,2017-12-29
78892544c5d65b81d65bad8703c93de0,921a27e780d5bd0de12073a94955f7b9,delivered,2018-02-12 15:30:09,2018-02-15 03:56:07,2018-02-15 23:21:36,2018-02-16 23:35:20,2018-03-01,da8198ea45b815ac5588df1dc7f66661,2018-02-12
5ff78652a040431e007c9349249d3503,c0a599a259226219c1ea0d3b8821ca54,delivered,2018-04-22 20:52:20,2018-04-24 19:00:48,2018-04-24 22:28:44,2018-04-30 18:56:37,2018-05-16,2e1b1231ac9b6f371971b8ec7b9d0fcd,2018-04-22
4d2338eddcfe008a2d27270cfa679887,51580cb1b91d771618b9afb76194a45d,delivered,2018-08-09 11:48:12,2018-08-09 14:26:11,2018-08-13 12:24:00,2018-08-17 18:54:53,2018-08-22,aef680348e7b2c166d782fe545be58ea,2018-08-09
3a482da81f07c48902ac09603f648d1f,880e201fd13a0976e132909b948b1798,delivered,2017-08-06 21:27:45,2017-08-06 21:42:58,2017-08-08 13:18:10,2017-08-15 19:59:57,2017-08-30,5b6f22dc65fcf1aee722893a006cfaa8,2017-08-06
2e1b074e37ffb5219c44ca05f75ab8a5,fa3f6cee2a3049c504e8995b38da69db,delivered,2017-05-11 15:19:44,2017-05-11 15:35:13,2017-05-12 17:54:46,2017-05-18 09:48:55,2017-06-07,bb842078b0f4da2a85030aecd428b59b,2017-05-11
9564dd2ea4d0f6f0f66b46258208ff73,b776843fdda066d35efda05cc6811dc9,delivered,2017-12-27 11:37:34,2017-12-27 11:49:08,2018-01-03 22:34:20,2018-01-16 16:42:55,2018-01-30,5f6a4f13acb9f0596ba33aca50484fd4,2017-12-27
1424f6a8ba5d6293e445d3da40535840,88fa170f588384f0661664db7dd7aff2,delivered,2017-12-06 17:18:08,2017-12-06 17:31:35,2017-12-11 22:52:46,2017-12-12 20:18:55,2017-12-29,f867adb6a4f8eabb28321c6f1163c587,2017-12-06
b2399fdd417c653cc8011229c81b11be,83a9dfc5c36fe01ed1ca38f17e5d9d4a,delivered,2017-08-24 13:45:38,2017-08-25 03:05:46,2017-08-25 18:04:14,2017-09-04 19:46:33,2017-09-18,10d854c7717f3a3221fc2874b4084910,2017-08-24
76adb6e26eefb772dd741b47286bddc1,e69c75ce4177217f4e9d1efe41c014c8,delivered,2018-07-31 20:48:59,2018-07-31 21:05:20,2018-08-01 15:42:00,2018-08-06 11:59:01,2018-08-08,1592fdbf81820ba230a3747f1c8530e9,2018-07-31
136f44c4aee8436faeb4d831e83344ef,ce3fd019ee6c37bef63731c9aa9ae70e,delivered,2017-12-31 21:03:13,2017-12-31 21:15:19,2018-01-02 16:44:46,2018-01-16 20:53:26,2018-02-05,746cb64489db5b37e7d7502a2b029bb6,2017-12-31
7a47100118f6775bec039a3b87ddedf5,d5860794e75af105e5a325b4502e00b9,delivered,2017-03-31 23:32:18,2017-04-04 05:55:29,2017-04-04 14:53:57,2017-04-17 11:08:16,2017-05-15,88096271a97e2192b1dbd67c4b06d394,2017-03-31
564cf6104644e5122d47adf8bf6276c5,d0de9107620b75a740ddfd310ab01c5c,delivered,2017-12-16 21:21:54,2017-12-16 21:31:34,2017-12-18 21:59:00,2017-12-29 21:48:35,2018-01-19,0479ada60af68ccf63ea10d284769788,2017-12-16
aca96b69ba4057df4db12d4ca151c400,234811afd212dd6c872ab11ca0eaf804,delivered,2018-01-14 18:30:51,2018-01-14 18:37:42,2018-01-16 18:13:21,2018-02-01 17:37:34,2018-02-08,66c87d25828d3391f31eb04e585eaedd,2018-01-14
309794e0d2f9371217ffd850943a9dbc,743c5c4655af2ca311a25d00ceebf826,delivered,2018-01-30 09:47:30,2018-01-31 13:32:07,2018-02-02 03:04:55,2018-02-15 19:23:00,2018-03-05,b557167d1f6b2debb7420fb1b4e00ef7,2018-01-30
719e22da3e43da1de99950cf31a4e013,b971dec621e1f3d9fa43a12280934b12,delivered,2017-09-13 18:30:14,2017-09-13 18:44:22,2017-09-14 16:35:36,2017-09-23 16:08:01,2017-10-06,78831a17b7dc7db248faa90f120b9c7d,2017-09-13
2f26a96c2724ad15bc65ec1660e6dc20,095e4cb7d09e2b8c8d1d3e7cdf8923fd,delivered,2017-07-14 15:48:31,2017-07-14 16:04:07,2017-07-17 21:46:45,2017-07-20 19:25:46,2017-08-07,5a1bd425ef99fef599f4159dd8838702,2017-07-14
1c069d0c943c51535943d8675bd57fdf,722c71c44e674b356f6bddfb8cb9f774,delivered,2018-02-12 22:54:10,2018-02-12 23:27:41,2018-02-15 21:13:29,2018-03-06 21:21:43,2018-03-13,d7863f25b1952653a482091b55e37757,2018-02-12
c96a303a722b89bc14a23b7a2f0e68e4,1d8474c2d38785d7b11cb262d17eeee1,delivered,2018-06-15 18:15:24,2018-06-15 18:41:48,2018-06-20 15:03:00,2018-06-22 00:36:38,2018-07-03,f470f4fa4a5dcff794146641d2dfd503,2018-06-15
934d3985d22709473850e6e644a19fea,04c5ce6a399abdcceb5f253e4b090516,delivered,2018-01-08 21:34:41,2018-01-08 21:48:23,2018-01-10 19:19:47,2018-01-26 21:41:40,2018-02-09,be46aa65dd1cb829cf970d64558c5f56,2018-01-08
69f0148dd6fd1fd804e48c202c93ad0b,522a472d19b6882fec72de369d9e9927,delivered,2018-08-05 18:29:54,2018-08-05 18:44:19,2018-08-06 12:05:00,2018-08-08 19:04:03,2018-08-10,f9154d20b4b6e7d197df86fe57d72fa6,2018-08-05
82292f3523e3919026a788549ea1868b,753d9b2beefa23a8a3546b9173b7e4c7,delivered,2017-11-23 11:53:50,2017-11-23 12:00:56,2017-11-24 17:45:54,2017-12-18 21:09:45,2017-12-26,8bd125c9d12f779541510a4c408ab3fa,2017-11-23
335789ca8d37469a31de8adae28e3943,a4fdabd3329523ce20c34c680ec39839,delivered,2018-01-09 17:57:22,2018-01-09 19:32:00,2018-01-10 20:53:30,2018-01-12 23:23:41,2018-01-26,178330f0a0bcf3f47c935efa2a1973c7,2018-01-09
0c16e6184d4cf8be09b57e667eb67bcc,30777bec36591293bd4a24e6fec0f797,delivered,2018-02-09 18:33:23,2018-02-09 18:55:26,2018-02-20 00:42:30,2018-02-20 17:32:47,2018-02-23,623d4297bbe7fa7658e79c543c191ee2,2018-02-09
c024c03c4a963e554041ee4a7a2add43,c0c2c34ae470c7da16a4e15b8de196ed,delivered,2017-07-31 18:55:11,2017-07-31 19:10:11,2017-08-04 19:02:35,2017-08-13 13:23:37,2017-09-01,2223bda42349b3700ef7635eb5de0504,2017-07-31
2899952345d332e41b79ece6d0463e9f,5a81532d5c4a7cc911be376fffeea3b8,delivered,2018-07-01 18:55:16,2018-07-01 19:09:52,2018-07-04 13:07:00,2018-07-09 19:02:31,2018-08-01,12e11d39cb3abac795c94b92c3a746f5,2018-07-01
6f0dec5453c159116c3f8b14133c150d,d846e991a0424d917f3d887786e846d3,delivered,2017-05-10 22:56:04,2017-05-10 23:10:11,2017-05-17 09:23:08,2017-05-24 15:04:29,2017-06-06,eda8856240b6805feab212055b353ef1,2017-05-10
23ddff4d3f6d62081bc0c82a630f294a,24173430606acc6ef07c90bced8f0537,delivered,2017-08-17 00:26:37,2017-08-18 02:26:01,2017-08-18 21:35:56,2017-08-29 21:23:57,2017-09-15,b3af9f9457557775c096981d34d02534,2017-08-17
a12196b6febf252a10f39f6d76ac0a8d,a2a2b3024be00dfdd15cae8f8c526076,delivered,2018-03-10 12:45:26,2018-03-10 12:55:51,2018-03-13 16:12:41,2018-03-23 16:08:48,2018-03-29,050d3f286778f86639cf514104c1bb8c,2018-03-10
768e55f3434ea3cf830ceceaf074257c,d12ee8faa1154dc99109e7f6922a2e12,delivered,2017-11-14 17:53:23,2017-11-14 18:10:39,2017-11-28 16:49:15,2018-01-03 21:52:41,2017-12-08,edac80abf96da8331ef155162e07afbc,2017-11-14
82788932fd3b02d1fa882ab5230e895c,b9dd2f49e2557d59ce4309e89efd6a37,delivered,2017-08-22 21:17:06,2017-08-22 21:26:48,2017-08-23 19:23:18,2017-08-29 19:03:08,2017-09-20,bbe72ba495dfc7e7f163b310d1e733e1,2017-08-22
cf0dded3953c720dae956498ff3b0376,0a37c6a2240aa3a2dbe0bd0216e10243,delivered,2017-03-21 12:15:51,2017-03-21 12:15:51,2017-03-22 10:12:35,2017-03-29 12:43:51,2017-04-11,6291bc6f2240df3497537385fffdc86a,2017-03-21
2fe8db5111a36b97b092a2daa4771e74,1923aadf7e0c0b25d5d48c12641c7e92,delivered,2017-09-24 21:12:47,2017-09-24 21:25:15,2017-09-25 15:27:00,2017-09-29 19:02:49,2017-10-20,30165d476c5030784aa10d6260af2d77,2017-09-24
de0118eda0bf4900eee8cb706027f55a,296a45f462a9595ea86c29dcc3e23e1c,delivered,2018-04-25 15:35:15,2018-04-25 16:33:49,2018-04-30 07:18:00,2018-05-02 17:26:44,2018-05-10,1a3d142a6946d7ce67e766cf3683c06f,2018-04-25
7fa5b1b5da2ccccc6d0543b07d0c70b9,feb9a08155848e887a60e17aeb432791,delivered,2017-11-16 16:20:41,2017-11-16 16:35:35,2017-11-17 15:24:47,2017-11-21 16:17:53,2017-12-01,f163f5e7679d74abaa0038ec6544a20c,2017-11-16
9b522ac6f32b5ea55dbe7fcca97662d9,fed13cd357eb1d93a8a42486619ae798,delivered,2018-01-29 10:29:18,2018-01-29 10:39:41,2018-02-01 23:35:46,2018-02-05 16:37:32,2018-02-20,d17ad4cbbb12f94e26c3077052a7df43,2018-01-29
88105b400acfb446584ad0e0c3a088eb,b3531ca911b938dce29950941d5d292e,delivered,2018-07-22 20:25:13,2018-07-23 11:31:22,2018-07-25 14:14:00,2018-07-28 00:36:28,2018-08-17,4a705c728ee9a493d5bce6a1639aad23,2018-07-22
e9e1c2a9c614341310b6e0b494941036,79e58052cb3d1b4b88bad283a132936c,delivered,2018-08-05 14:32:16,2018-08-05 14:45:10,2018-08-06 13:45:00,2018-08-13 17:36:39,2018-08-17,b9d026a7323a6a6e96961d4cb2ffc902,2018-08-05
2e0e65507f6731df25a16a460e5988f5,db031dce5dd9d18c375261e258e250f8,delivered,2018-01-28 19:42:22,2018-01-28 19:59:14,2018-01-30 23:28:37,2018-03-02 21:09:29,2018-03-01,a26ba65aaba9980a8d2d660416762660,2018-01-28
0a58de38cd66544f6bbe4f5ab326e5f6,d4d03dabe3ab500b604478efe09c6629,delivered,2017-08-07 22:32:42,2017-08-07 23:15:12,2017-08-10 14:00:00,2017-08-11 21:19:53,2017-08-18,f10b23839856dd4f6b7a0c5925c94d45,2017-08-07
dffc2ca357a1292fde6d4e71ece7178a,9001eac01a911e14fe647bd57e72a56b,delivered,2018-08-08 08:45:28,2018-08-08 11:45:12,2018-08-13 11:57:00,2018-08-14 19:23:43,2018-08-14,730b6f406d2a1bc25225f6132cf0e96d,2018-08-08
0bb5b2fd739934d00d6c8ad3a4e0f5a4,713be237a62bf47f7bc3acb21f0f41eb,delivered,2017-08-07 22:25:05,2017-08-07 23:05:21,2017-08-09 14:40:45,2017-08-15 17:05:20,2017-08-18,b4c9b126711b621c4f4cc755596936f9,2017-08-07
300ddfe520bd71c223ba642400982151,996bdff61c4d3a26b18ff21ecab9e37c,delivered,2017-06-04 20:54:56,2017-06-04 21:10:14,2017-06-07 15:06:12,2017-06-14 13:25:07,2017-06-30,b0b7f2d174679d57c6ce92c2adaa1811,2017-06-04
35bfea17ea4bd00955284e537d942995,fbf0b1fac5581465ef392b8d58cd8f7f,delivered,2018-06-21 22:36:36,2018-06-21 22:57:24,2018-06-25 14:41:00,2018-06-28 19:11:26,2018-07-17,d7a40891d7c8cab018533d6a09ecedf9,2018-06-21
966aa877aacb92e9ba70a4c8243945ea,7244b55258afdc41c5edef0ca8d64193,delivered,2018-06-21 22:53:55,2018-06-21 23:18:27,2018-06-26 14:08:00,2018-07-06 16:05:11,2018-07-31,6c4c26d02d77e0266f16a2ad61074492,2018-06-21
2383264270baee6b2965205ced9a1386,91f23f53db49aad96963eb74c5b88afe,delivered,2017-12-10 13:50:55,2017-12-10 14:10:36,2017-12-11 23:44:54,2017-12-26 15:14:35,2018-01-12,7abad3ee8601e6d76a8e7d6c760f76c6,2017-12-10
2130eb96d3ca108910e9afd32f4c7656,d41e9bc1221d11912b11187ecb12b86a,delivered,2018-08-09 16:51:22,2018-08-09 17:45:04,2018-08-10 14:30:00,2018-08-15 13:52:11,2018-08-29,52deacc5ca33fcca81bd873003e66969,2018-08-09
84f90621af2bddd49ddcccdf6b0b698b,d2f554b84dc5b24c280639d59ecb9922,delivered,2017-12-19 14:55:26,2017-12-19 15:54:36,2017-12-20 16:58:38,2018-01-04 21:23:43,2018-01-12,83c8d6dbc3cf9e1ba675e1cb857402fa,2017-12-19
0359008adff4c1def5a09bb92f7a5aa8,dcc777d07a081464e7a71921cc13cde0,delivered,2018-03-15 13:17:11,2018-03-17 02:40:38,2018-04-13 12:45:32,2018-05-16 22:38:23,2018-05-02,671446536e718375a0d10d2af3562788,2018-03-15
d9a5a59c426cd6aea06022b9965d5e49,a4dcff1b3de2226e4017a90345b90c12,delivered,2017-03-23 18:52:43,2017-03-23 19:05:09,2017-03-28 11:46:24,2017-04-04 16:22:35,2017-04-13,a7e2113fc5c67b77f45897090d652f90,2017-03-23
be2d17e0af05916e706b4d0ea44154ec,16d4ccbf270f873a8fef9a92e135adc5,delivered,2018-02-04 21:16:20,2018-02-04 21:29:27,2018-02-05 17:18:50,2018-02-20 17:13:38,2018-03-02,ef87248b3cb5cdadf2a1fe3d59df61bf,2018-02-04
d65137e8832d68f38fd35e84cbacd4f5,4d653ad70929faa00ad785f1dcd26b74,delivered,2017-07-04 16:31:00,2017-07-05 17:39:27,2017-07-06 16:07:50,2017-07-10 19:52:30,2017-07-24,ba56976ee45388acd394496416840036,2017-07-04
484483a07b85d580e8b09289de0bc02c,897e0b837246d8078a4812f68e52e6d6,delivered,2018-03-02 13:34:44,2018-03-02 13:55:18,2018-03-07 19:18:58,2018-04-21 19:12:07,2018-04-04,72b833479dcc234017a945cd51405b36,2018-03-02
757cda7c87b31e672c1f98dc9cfe86ea,2252a8e7351a7c00efa61874788b7cfa,delivered,2017-05-17 14:16:24,2017-05-17 14:25:09,2017-05-17 16:06:34,2017-05-19 10:11:26,2017-06-08,1eaa04276bc9e7b270ca6115c2fb2d50,2017-05-17
1f8b9c3db5374e97739a23bed586bba2,9c6a30a0e8177db14899aeaca2e86b15,delivered,2017-08-04 12:23:32,2017-08-04 12:43:20,2017-08-05 11:57:41,2017-08-15 19:28:55,2017-08-30,64a5301ff6bdaf1baa00058672402d7a,2017-08-04
ade2fdd8487010e45346bf5d70743ada,68277578505d178aeb261893497ce452,delivered,2018-06-17 09:01:36,2018-06-17 09:13:30,2018-06-18 15:22:00,2018-06-21 21:03:46,2018-07-12,e0c7edb6a87763e761531a4b43a04be5,2018-06-17
54066aeaaf3ac32e7bb6e45aa3bf65e4,6a0fdc8625275b516a4cf721d28261f8,delivered,2017-06-01 11:22:39,2017-06-01 16:05:14,2017-06-02 09:19:06,2017-07-11 16:43:40,2017-06-28,1b20beda060687190d970f8dda262432,2017-06-01
ca407fb4d0b3cada058f453a973155cc,4b5417e69f8175a0c37bbbbe9d0e1bb8,delivered,2018-06-12 20:20:06,2018-06-12 20:45:14,2018-06-13 13:58:00,2018-06-19 23:33:06,2018-07-03,abc481fdeb66223f47a7d59b78e065fa,2018-06-12
893f7dbf0468472c94499e6143a45541,bd67767321f1daabd54569875f9a74cb,delivered,2018-01-15 16:02:22,2018-01-15 16:12:34,2018-01-17 18:42:46,2018-01-23 21:59:06,2018-02-06,6f4b72266680f58d39e7bc49430aee60,2018-01-15
91aaaf219275f612b65aa7eeee4e6cff,09b4b12a81924bb1f7149e65a6f675f3,delivered,2018-03-20 16:35:13,2018-03-20 16:50:23,2018-04-02 13:51:19,2018-04-10 18:38:39,2018-04-06,4d191bb8e1eea602e77b4ab62cf4daac,2018-03-20
0084e195fbd72ae51599af47f04afede,bd8d067426b640b65c68dd3ee6c71d46,delivered,2018-03-14 23:57:00,2018-03-15 00:10:59,2018-03-15 19:52:29,2018-05-04 22:22:18,2018-04-10,42bb190d26c930a9e7488bf0abbe87ff,2018-03-14
e85ffcc0e310087de07b84dbd43fe3c1,2428b8b4f40f13ec09eb1a5f99a54c80,delivered,2017-05-02 15:09:23,2017-05-02 15:22:44,2017-05-03 15:51:09,2017-05-12 14:05:57,2017-05-29,1d685952112eb58b14786415dcdefe9a,2017-05-02
054418a6880b7e815bf64730ef040574,5ccd6241cc65f50dbbc212f2ca39d71f,delivered,2018-05-18 01:06:11,2018-05-18 04:14:37,2018-05-21 19:15:00,2018-06-06 19:03:31,2018-06-22,f27a3cee3bcebc5b64fb804f15f4c501,2018-05-18
f8f209528a1b97cc0fc2479c52af907b,72ed86652fd2f0e671437576d61d88a4,delivered,2017-02-24 13:26:16,2017-02-24 13:35:10,2017-03-20 15:25:11,2017-03-24 12:15:35,2017-03-17,c6d948d6f45911943f9800a1a9937005,2017-02-24
dc448b07dcf70d4f397500af86b4601f,9ab65a974565ac3ec20b854c56f50fe7,delivered,2018-07-08 11:53:13,2018-07-08 12:05:49,2018-07-10 13:58:00,2018-07-11 19:08:26,2018-07-19,a4af924720721ed14df70ccda58b11a5,2018-07-08
daaa1175302ea22f08aede6bd5bee8bf,a558c27e289c8e4e99cb82e7665ff009,delivered,2018-05-28 13:49:19,2018-05-30 02:32:16,2018-06-05 10:44:00,2018-06-13 16:58:27,2018-07-16,7a6b512c983462b8c29e4ec4501c48f7,2018-05-28
1314f9c897799df1cc402c6a2519d4be,ee6cdadbb68d01674830fc62447f64fa,delivered,2017-09-17 14:02:09,2017-09-19 03:44:22,2017-09-19 19:09:35,2017-09-28 20:12:22,2017-10-05,695bd970044729314ff54dc76ad4766e,2017-09-17
f48e36e6cb040456fccdc6b055be3ddc,78ac9be1727e63c5059b77925c92c7be,delivered,2018-06-07 16:45:11,2018-06-08 19:31:03,2018-06-11 14:59:00,2018-06-14 17:18:26,2018-06-25,806ffdb131023365acca7c6fa04baf03,2018-06-07
3b714b1a7fdd3fa6787c2e5ecce9977a,8742cc27dcd49bff97e2b8d9f4e01663,delivered,2018-06-20 15:23:04,2018-06-20 15:40:37,2018-06-21 09:13:00,2018-06-27 00:03:48,2018-07-23,af7818456efda41e75497ab9b240bff4,2018-06-20
12546aaf14dc46dbdf45d8bf5dea4c60,94c00589c7550e31350908f68e97d488,delivered,2017-06-07 19:54:10,2017-06-08 20:02:33,2017-06-13 12:03:30,2017-06-23 10:53:27,2017-07-07,fe59d5878cd80080edbd29b5a0a4e1cf,2017-06-07
3c46c2117318cbd8541dda462f4df9f7,940474e02a07d83fb5d8ff6083783296,delivered,2017-12-14 11:46:03,2017-12-14 11:59:38,2017-12-15 22:10:08,2017-12-21 20:05:44,2018-01-11,4c3a186e612effb1e9bc13a60fe5f384,2017-12-14
5b4efc11db420f7c28f14d5bbbb56d35,7aa72f03b6c83301128a07cc30203855,delivered,2018-03-17 11:51:07,2018-03-17 12:09:03,2018-03-19 18:28:42,2018-04-05 20:46:28,2018-04-09,8bc55fd68304a0d7894c933ed9138c4e,2018-03-17
ed0a6265b5b0a292cd537214f401f1fc,71c7265705afd84d030d6adc3122d8dd,delivered,2018-04-18 21:58:08,2018-04-18 22:11:01,2018-04-19 18:36:23,2018-04-26 17:11:42,2018-05-11,011575986092c30523ecb71ff10cb473,2018-04-18
c3b39606c48fa29506dbe170a4f54562,7ca97a8f748763692686642e9b617ff7,delivered,2018-08-14 18:08:59,2018-08-14 18:45:45,2018-08-16 11:32:00,2018-08-28 23:34:41,2018-09-03,5790ed6dd6bf7e5089d7b5425a9859f6,2018-08-14
2b607744e76f81e144b4fa66deefa142,f895f3b9b385180a2dc72f25181d45f8,delivered,2018-02-14 11:15:39,2018-02-14 11:30:24,2018-02-14 20:15:16,2018-02-16 19:32:58,2018-03-01,dd5c74c348f6b6e865aed8464cbc8292,2018-02-14
dc2c8a5df17efe1186987eb0433abfdc,15729f5e079831849be8cfaa304eb899,delivered,2017-03-14 09:15:31,2017-03-14 09:15:31,2017-03-14 12:45:54,2017-03-16 13:05:19,2017-03-31,b272a9d24a746262810c46f4b6b5fb5d,2017-03-14
ae95bfeceb712ea0089afa1897119ac5,ade6b3460647fa4d16f817c7fdb7ce12,delivered,2017-11-14 10:13:21,2017-11-14 10:27:13,2017-11-24 22:21:16,2017-12-21 18:52:43,2017-12-08,51e68c1b5ec4dfae1180b2a88157acf7,2017-11-14
ba3d14eca4818e2e0c5968ab26883114,1222ae970047ba8ad59b8af5a7cbe8e5,delivered,2017-07-10 15:20:04,2017-07-10 15:35:11,2017-07-11 18:15:32,2017-07-18 21:15:57,2017-08-01,38607c951da86c197d3d4f6d69c4ea3c,2017-07-10
753c38d9df042e956e8309e532241087,6046521b096d1fc70805c2e7d7326dcd,delivered,2017-05-14 15:34:53,2017-05-16 03:42:41,2017-05-17 11:03:30,2017-06-05 12:10:26,2017-06-20,49db234e440ae01d54efb1f97e8c92a3,2017-05-14
0a178d660889f4e9ef1087483fd6ce9d,2211b52267470b72aa8016238fe16972,delivered,2017-03-23 16:34:16,2017-03-23 16:43:35,2017-03-24 13:00:17,2017-03-28 19:08:04,2017-04-11,71f5d6c0cf885d0b2b52836a4c469bc3,2017-03-23
d6e320ab3eb91f810c2a3296998bdcc8,b7ccabb53ebd18101222865844cd4cdf,delivered,2017-11-01 22:07:33,2017-11-01 22:25:59,2017-11-04 09:12:11,2017-11-07 19:17:26,2017-11-14,1e4cc816f19bd6063bbde77d555bcb53,2017-11-01
09eedce5add123a462c46a3e0ade2dd9,9f6be05e886fa1fd2ef494672b435c6c,delivered,2017-05-01 19:07:03,2017-05-01 19:22:18,2017-05-04 04:44:51,2017-05-23 15:04:35,2017-05-31,c84263c13b3d203c38ea1d7002d32238,2017-05-01
adebb4dfc650b98f7c7e38bb11cb0aa9,36648b18906353abea5d060f554acb0e,delivered,2017-01-29 19:10:43,2017-01-29 19:31:46,2017-01-30 14:39:22,2017-02-03 14:23:59,2017-03-17,05f0509adff9a7c6e37cc5d6e5c57e8a,2017-01-29
10c5f977f4a6040c985ff432dbc1e08e,30df2fd4f752dfca68a85991feac13af,delivered,2018-05-01 21:27:45,2018-05-02 14:42:48,2018-05-04 15:46:00,2018-05-11 23:14:46,2018-05-30,c78fddb6f257881a62b4de591bb5a1f1,2018-05-01
a3f586050d25a10efc72e242c88e0c03,c65ae477ba604b2520e3f8ecfa007a06,delivered,2018-08-01 10:06:24,2018-08-03 02:35:18,2018-08-03 12:28:00,2018-08-07 13:47:45,2018-08-09,d8dcd2549f7c34e9f5f87f498ad7bbf2,2018-08-01
d34c74f081e266474543cef1597b1e60,506ecd117e295d1d3059a6f5148d2f9c,delivered,2017-12-28 21:03:25,2017-12-28 21:27:56,2017-12-29 21:37:50,2018-01-05 20:37:47,2018-02-01,72fbfb92d48999a6116b333e4905db4a,2017-12-28
f0427cccb303a6d9c1d33af23a9f0c65,478017e895fad878b3b74d8d6dce1d22,delivered,2018-04-11 20:26:23,2018-04-11 20:50:44,2018-04-13 21:58:56,2018-04-27 20:22:47,2018-05-10,d087eb5013713214484f21e736ea793f,2018-04-11
ce234859d0a65f93cc464a9c1424b5d7,c370c6989e3b1b80251e5ac83ca3cb58,delivered,2018-06-25 19:51:34,2018-06-27 08:30:13,2018-06-29 09:42:00,2018-07-03 21:46:44,2018-07-17,aeaf97f4b0d4f5086c1909c64240f31f,2018-06-25
c07977513dd852f243fed5bdd4f04567,441e8f9ce668a66fc69c9026a92fa862,delivered,2017-12-10 18:26:04,2017-12-10 18:33:32,2017-12-13 16:44:33,2017-12-27 20:13:44,2018-01-09,46fae5e7a53feb44b1d3922d4cd51694,2017-12-10
3644a0f31cdec4bf8c4b7b9285a21c9b,3610c1f3ac5cfb96a72b822965fc8e19,delivered,2018-05-04 17:58:27,2018-05-04 18:16:12,2018-05-08 10:30:00,2018-05-14 13:43:43,2018-05-22,416a472c8f407f12b47e045ad7c3e3d5,2018-05-04
3a328e1340a59982235a158a25133cba,d86bc7648165e5ea4dc2350d3bb291f6,delivered,2018-07-21 01:22:16,2018-07-21 01:35:11,2018-07-23 14:32:00,2018-08-06 19:47:45,2018-08-02,b86f5690937f1eaf13acb19488d34b8a,2018-07-21
9c0a26a4017f99d2c64f214fc104cc8b,4141d54aab56c4412b12a716b7cecb01,delivered,2018-02-02 13:42:23,2018-02-03 02:53:43,2018-02-07 20:18:57,2018-02-16 23:07:52,2018-03-08,e6d08c276c45a22381ec076deeb63b13,2018-02-02
6048965213d0e9e87381d8b78dc9f9fc,e39b38536d12c6e0f1edcf28dee134f2,delivered,2017-11-01 13:47:48,2017-11-01 14:31:32,2017-11-06 23:14:47,2017-11-16 17:56:54,2017-11-22,a45554d9171c5622be450212f6ff0f1a,2017-11-01
6ec0aac41766e0977d5e0216ecce4694,b8cee83a4e14667112aedc111654577d,delivered,2018-05-12 13:15:48,2018-05-13 13:11:56,2018-05-14 13:44:00,2018-05-23 19:32:20,2018-06-01,9b1ded78079f453d78075fcd4cec55fa,2018-05-12
1a07bcd88f815b8098a7e112b3995323,303cd77319ef7c8b023153ca3d32ebd7,delivered,2018-04-17 09:55:21,2018-04-19 02:51:26,2018-04-20 19:22:28,2018-04-23 16:33:44,2018-05-04,19636fe862eba7bafb95eaaae991d99c,2018-04-17
c4a18d95e54468f1e418801052c7684a,323843df35acf725f17be8e3c427782d,delivered,2018-04-18 10:00:58,2018-04-18 10:15:18,2018-04-20 23:22:42,2018-05-02 14:56:34,2018-05-23,2eed64615438b22b4e34320f84869d15,2018-04-18
cbaf66d6d9fb1524c6971baf9a6ae267,48044bf0c49a151d97d109b8e3fc83e2,delivered,2018-05-09 19:30:22,2018-05-09 19:52:31,2018-05-10 12:56:00,2018-05-19 14:30:50,2018-06-07,2547169f37edc72299b523aa7a5fbcba,2018-05-09
3d6831b9ec6285ad1cd3b7a8f1cdf23e,6a3b51e0438c010467b78845a6ba7612,delivered,2017-03-14 00:57:37,2017-03-14 00:57:37,2017-03-15 08:58:18,2017-03-27 16:06:06,2017-04-17,fd3d041ed441fbaf97473da156d50b42,2017-03-14
cbf03abca6266fb36b6ddd1521839dba,9d6465c49e16234cd64bd0a7a27d0952,delivered,2017-08-31 14:16:15,2017-09-01 04:33:11,2017-09-01 16:18:07,2017-09-08 21:02:57,2017-09-22,cbc543c4e6988f889a73690ba6ca95d7,2017-08-31
6c9f98f87d36998da5fa865e86874816,3d315adacb2430ec7101214187b78f18,delivered,2018-02-07 22:59:03,2018-02-08 00:08:52,2018-02-08 23:38:41,2018-02-17 18:29:07,2018-02-23,d9e9e81bc50c4162ab652bebc95fedca,2018-02-07
4682ccc1cc6188dda05e841ad72bc5e8,afbc6182d564eba59eef474055f2bcdf,delivered,2017-11-28 17:12:53,2017-11-29 02:22:12,2017-12-04 20:37:08,2017-12-21 19:34:00,2018-01-03,b17fc45501128edb0442e3b966451e1c,2017-11-28
d62bab5c91a792f0334cb97ec1e8e6fe,6e1b5a35fe781fdcb134c79e76bf857b,delivered,2017-05-20 12:47:35,2017-05-22 06:43:14,2017-05-22 11:04:54,2017-05-23 13:33:28,2017-06-02,10ea3655874bc97bfa407485be4cd648,2017-05-20
7da5789072aa14cff7a42564283c6254,453b036c1075f7deb830bb6205468b94,delivered,2018-03-08 04:02:59,2018-03-08 04:15:26,2018-03-08 19:05:11,2018-03-20 20:42:16,2018-03-26,c1c17398c133e0b88ab63b2e29dbb2bf,2018-03-08
04f2e46bdb0ab9fb67a417100fb3ca71,ce8e936f636f55678640360ddaa0adea,delivered,2017-10-06 00:03:50,2017-10-10 04:14:47,2017-10-11 19:12:44,2017-10-18 21:15:48,2017-10-31,8070c6ae2ed8b9f41c812cc31be08ad5,2017-10-06
f5086e98ae53a54d0c55845e227d7db6,12124d576ae42436cb8c39b2623d6e5d,delivered,2017-04-10 10:56:03,2017-04-10 11:10:12,2017-04-20 09:07:39,2017-05-02 14:19:34,2017-05-10,6c4fea95f5baaadf8233adb0fdbc6079,2017-04-10
edc13c926d0553c5c63666905a3adb6b,68de3e57ae340fc9a1c7cdcd6bc69d2d,delivered,2018-01-13 19:23:28,2018-01-13 19:30:51,2018-01-18 16:24:37,2018-01-29 18:58:34,2018-02-05,e9324efb79b7c53e338b64ec60de3924,2018-01-13
641260b6b13348c1853886a738a7f9b0,e343ad14711724b0fd9b239b534cf4f5,delivered,2017-10-29 22:02:15,2017-10-31 04:07:21,2017-10-31 16:51:35,2017-11-10 22:58:43,2017-11-23,24d27f115e367d9129a0e7a7a5d36866,2017-10-29
17158b7ebb079668a6f21a5660ec6e83,f6181cf38d7a4b108b7d4ccfc72543ca,delivered,2018-02-04 19:54:07,2018-02-04 20:24:12,2018-02-06 01:04:06,2018-02-08 19:08:16,2018-03-06,b9fc1ffdd7894b8ab1c910d26c415a4c,2018-02-04
59d51b78853d8f69413cee505d705ba1,e0fe9d1e023f3f10c25f47222273ccdb,delivered,2017-04-13 17:03:06,2017-04-13 17:15:18,2017-04-18 13:33:30,2017-04-19 13:47:05,2017-05-05,4824a03c22b7a98b8be744ef7640c7b9,2017-04-13
6ba06eb3610c318076f9f5c01afb34ef,2955d4a793cada2b9982e378e9e72f84,delivered,2017-10-27 13:27:52,2017-10-27 13:48:15,2017-10-30 23:03:38,2017-11-07 00:36:41,2017-11-10,20badbb5868646fff1b2006fd7b086b4,2017-10-27
b917c5ce4ed365664fa173c7fd457909,4b3cccf1f324abe3aecf89ef1ce2ce2e,delivered,2017-12-28 21:17:28,2017-12-28 21:29:23,2017-12-29 15:40:05,2018-01-13 14:42:25,2018-01-31,f2d9562362aaaceb134e071eacb37915,2017-12-28
5446e615a50f372158d92b957361fecb,59d1d7190a730a2b36941b375fd676c3,delivered,2017-05-30 21:11:42,2017-05-30 21:25:15,2017-05-31 15:15:04,2017-06-04 12:15:34,2017-06-20,7dc8324c65afb4144c93e81a06ca1686,2017-05-30
0410fab6a2d13d2339283e1e2522518f,e7ac1a214498dd63097ab1c73d67c5d3,delivered,2018-04-10 14:38:47,2018-04-10 14:51:12,2018-04-11 22:28:23,2018-04-17 20:22:16,2018-05-03,245c40546225efda96a156347eefa306,2018-04-10
e2244e42c2d85b8e677c622dea93cd78,4376bf84d8dc27a1b811ee03a0ef7cca,delivered,2017-12-12 22:34:39,2017-12-12 22:50:53,2017-12-13 21:32:30,2018-01-13 16:21:49,2018-01-11,356a78789468bf12914cdd959c93d494,2017-12-12
3f6509ff22303ff04b9bf1b2c8bf69c6,496a97eab481772b61371ad4f2d392c0,canceled,2018-08-13 19:21:19,,,,2018-08-17,ce3476f1d88f3e8985329f6115981c1d,2018-08-13
dd92d702f2b2b89c7c6081d06fb2f47d,86cb1b7a59fdb704d86d23465362ccfe,delivered,2017-11-28 15:39:03,2017-11-28 16:02:34,2017-11-29 23:09:10,2017-11-30 19:58:24,2017-12-12,30b10057ab8dadc2fc7adfe9b9885687,2017-11-28
5e764e58bf508a75846821d328714583,7a64c18ffb58f65aecd1d238aac34344,delivered,2018-03-31 12:45:36,2018-04-02 14:30:56,2018-04-04 02:19:06,2018-04-09 18:20:43,2018-04-24,ddcf879b970abe56ab899ac045120667,2018-03-31
ae1b74852cc27655e3ed078bbe0a6bba,fe4cd49a6a118fc3d433903c6b3187b1,delivered,2017-08-29 08:42:43,2017-08-30 02:24:21,2017-08-30 21:26:58,2017-09-11 21:57:32,2017-09-19,8c49f79003f8aac92603a90876cc5c71,2017-08-29
68f238efe64d771f8529c4689219e854,b2946e552dff75e17fed826a39dfbd90,delivered,2018-08-15 12:24:08,2018-08-16 19:29:36,2018-08-22 14:04:00,2018-08-23 19:45:50,2018-08-28,6ba987d564bad1f9da8e14b9d3b71c8f,2018-08-15
52f8ac328cbc9bdeac9bc1b3dc3932ed,8f5960ce9ff2bc0e6f234d3cb35edd30,delivered,2017-04-04 16:36:42,2017-04-04 16:50:12,2017-04-13 17:29:57,2017-04-19 13:24:56,2017-05-03,93ca12e4de81b372d261af20ef832fa4,2017-04-04
71e04ce93a0da9e3e05c2f488c26bd91,3a8d5ed2ce3dea98d9fe2744cca85212,delivered,2018-01-25 22:21:42,2018-01-25 22:32:28,2018-01-26 20:12:57,2018-02-06 18:26:35,2018-02-23,b7741f7ec50ab6bcd52ab08ea8f214d9,2018-01-25
4cc418bdcd7526b0503749a8026509f9,6b812afcc3453ae8a74ad4fe434ef393,delivered,2018-01-27 19:13:48,2018-01-27 19:30:47,2018-01-31 18:58:05,2018-02-09 22:58:38,2018-03-02,e9cb6a28ec0cf5b2a69786be51f3e872,2018-01-27
cb3ee452f223a59cfedcfdc6c6edd21c,f5cc726b2d4234429d75f8296a78dbff,delivered,2017-06-07 04:53:18,2017-06-07 05:05:06,2017-06-07 12:36:52,2017-06-19 17:15:58,2017-07-04,9d3bf8779575fe1c011707d69ede3a95,2017-06-07
ce95c6a5dcd0106c6e367ff72f7e6e8b,53f2a9b50c804fe6d4b4cffdc066ee7a,delivered,2017-05-24 23:20:57,2017-05-24 23:30:17,2017-05-25 10:39:22,2017-05-30 14:24:36,2017-06-13,6e5dd140cba7cbcb0c66aaff5e796786,2017-05-24
069448c08929653f9280f77f9d746ee1,7e2408312a141732fa53a2b6e7dd81d1,delivered,2018-06-29 16:34:07,2018-06-29 16:51:31,2018-07-04 14:50:00,2018-07-06 16:58:35,2018-07-24,bb75eb5911ea412b2df5b1fdf6655230,2018-06-29
293195bcdbd978c21b548c48185374a7,0e376962430a991d42ab484e13be6e8a,delivered,2017-09-19 16:02:05,2017-09-19 16:10:18,2017-09-20 18:53:28,2017-09-22 14:04:42,2017-10-05,631f49f31cd50e8cf62f210c9512afc8,2017-09-19
d572a6599cdf43e5635e73d8b71efc65,c1a6465e411652c0b17eec94d6b3699a,delivered,2017-12-17 11:57:56,2017-12-17 12:10:13,2017-12-19 14:12:55,2018-01-17 22:42:24,2018-01-29,3dc3378d4b81486c707bfde0e6bd7d40,2017-12-17
c9850ddef84ecbf5cbe2c3f4aef7ab6b,fdc56d367c0c7399e18dfd4d0baf7e6f,delivered,2018-01-08 17:01:29,2018-01-08 17:11:50,2018-01-10 00:15:11,2018-01-19 22:15:35,2018-02-05,1ae011e097a6953c8c2aa2cc719886f4,2018-01-08
762a7b629bb1c6b72ee7f71f72ce3fbd,a8dc0fdd2cb87f86c0373cfd62c621bb,delivered,2017-08-03 15:35:04,2017-08-03 16:35:15,2017-08-08 18:32:20,2017-08-09 16:41:42,2017-08-16,58aad3391d255735a51b95f9b76f31b7,2017-08-03
054c0efb53bb68011a58b28d34cf04a3,154907344d231ce6f9e716b698c8c772,delivered,2017-08-12 19:07:37,2017-08-12 19:23:33,2017-08-15 13:26:31,2017-08-24 22:22:04,2017-09-11,97981245c3257ea9b14befffd560177b,2017-08-12
a6afa7362f8ec053b0b61cdc8f1c8b25,b2b363be24ab9e279950e7f031ed1d7f,delivered,2017-07-23 22:30:24,2017-07-25 03:45:24,2017-07-26 19:57:55,2017-07-31 18:17:44,2017-08-15,63db0d31681aa672d60c31bcc46e52b5,2017-07-23
2d5b9f995250ca7846c437a641ed99aa,b46ef19c4324504590ea4047e274e398,delivered,2018-06-29 11:26:32,2018-06-29 11:51:20,2018-06-29 14:58:00,2018-07-03 19:36:56,2018-08-06,045b2197c52c574f3443d3c74dbdd6ab,2018-06-29
e2e6ee1ed2d7f2f36b05d234983bd7a0,20a92c393edb6c08801eef97295257f7,delivered,2018-07-28 13:14:57,2018-07-30 09:50:20,2018-08-01 15:24:00,2018-08-09 00:21:10,2018-08-17,17b0188c89ac68aa7fcc43c9d48fd3ff,2018-07-28
9fe00e9962846aa199d29a3c3d086afd,9f3071915ea998eeacd0137dad790cdc,delivered,2018-05-17 22:00:54,2018-05-18 03:16:06,2018-05-18 15:14:00,2018-06-09 00:38:34,2018-06-06,69181a3827333952d2656a3981b31780,2018-05-17
6aeda8ba5566fca8c69d83795b172e2d,b6bd4e365324b11b1b4f02fd5d045e9a,delivered,2017-11-28 15:30:11,2017-11-28 15:36:26,2017-11-29 18:32:35,2017-12-28 18:54:03,2018-01-04,3eb186258181aa25ac42a06fa7051993,2017-11-28
4b42f2dc682eee98b86ceee2fd9876d9,48ed72c06c7dc2e62bb78ce1442f2f1d,delivered,2017-03-07 22:16:57,2017-03-09 02:51:12,2017-03-09 13:22:02,2017-03-21 11:48:36,2017-04-10,7bfbf2e340385f141cf804b9eb2df142,2017-03-07
deeed712c83b155989e7ccf569ecc9c3,c8dccace60dc560b29bbe1385a7d1c91,delivered,2018-06-06 09:16:45,2018-06-06 09:34:17,2018-06-08 13:23:00,2018-06-14 00:56:34,2018-07-16,bd083bd8ef807af8ad4d6673d4d4e4a0,2018-06-06
64e7e99b049c3cdd89c7fa89dc162154,6f1df6f57a5f3aee951069881adf2cb7,delivered,2017-11-28 21:12:36,2017-11-30 02:26:51,2017-12-04 20:09:15,2018-01-05 17:10:02,2017-12-21,00e67cd18afc92ef0196eb8cdf31fde0,2017-11-28
6ec56173121c5972d0fd631f0f084d93,225b0cb5e7de0a208bf0c296fcff7bbc,delivered,2018-07-15 10:24:22,2018-07-15 10:35:15,2018-07-19 15:01:00,2018-07-28 01:22:26,2018-08-08,a2625273711f0664b2787dc6730d26ca,2018-07-15
cbb4b95668ae591cf274d3370d94bec7,44ea5d2114b209b971e82bf7386587ba,delivered,2017-04-06 12:14:15,2017-04-06 13:05:37,2017-04-06 15:16:19,2017-04-10 12:20:11,2017-05-05,8e7899490f505dd05c326d2d85f8a7e7,2017-04-06
472da07b7704c63a67ef872b922ab5c3,b8f57f509253c23aef16ac93558a04e7,delivered,2017-10-05 14:20:29,2017-10-05 16:49:16,2017-10-06 11:57:10,2017-10-10 17:54:14,2017-10-30,56bfa5bc39925fa896ac2bcf98172dda,2017-10-05
ac3de6d7b9ec81af1efc301be217be81,d4e2a66624eecf6b093607d3263f9d07,delivered,2018-06-15 14:24:50,2018-06-18 11:15:50,2018-06-19 10:16:00,2018-06-25 18:38:44,2018-07-13,433f23bead5449a33c7e07429a9cccb5,2018-06-15
290d9d5867e1032867562e8553bbed4b,5820f27d2f97a96c7c57219ef1adc5e6,delivered,2018-04-06 22:08:56,2018-04-06 22:29:07,2018-04-11 18:28:31,2018-04-27 18:34:47,2018-05-14,bb469484bb981fc6915cd4bf3f72a660,2018-04-06
aeaf2bf4d5560c9cb99fa0d61adc0ae0,aec8714e858d57cbd3ce1be905ec2477,delivered,2017-06-12 11:51:18,2017-06-12 13:06:44,2017-06-19 19:59:21,2017-06-24 10:37:37,2017-07-05,8d9399ba84c5c3b8d7952f8700845209,2017-06-12
33ab0cb68dc067249bec9f7360d03d88,53f9633c96f82ba164facdf5aba622ec,delivered,2017-07-18 16:55:05,2017-07-19 17:10:16,2017-07-20 19:26:41,2017-07-25 19:21:33,2017-08-09,ff983093f2d26e43569f7d58782faffb,2017-07-18
186f1bcd133540f30b81866e159ea4c1,846741fb0413457474edce5effc2d9d7,delivered,2018-03-23 20:55:24,2018-03-24 20:50:39,2018-03-26 20:33:04,2018-04-12 21:22:42,2018-04-17,42503505af8b15a1861dfe20608188a8,2018-03-23
e5733d3b62d5801dc002212d48f5cd89,ecdc08c51f6d63e91243f052db3a5bae,delivered,2017-03-05 16:07:37,2017-03-05 16:15:22,2017-03-06 09:09:42,2017-03-16 09:21:37,2017-04-06,5dad5f94b67d63bfbb4c0286aacccab3,2017-03-05
b448af855d1372c2e0375fbea27782dd,2915dfa6fb1156ca22ee847e6954759b,delivered,2018-06-11 11:48:08,2018-06-12 04:57:16,2018-06-15 14:07:00,2018-06-18 19:31:56,2018-07-03,dcef1ca220ebeef4cfe6c6fc5ce603e6,2018-06-11
f436f6d14054239efee21f9df0605039,5e2887d4b14ef6fda88a614e8eb36e7a,delivered,2017-11-05 17:33:45,2017-11-05 17:46:34,2017-11-09 14:27:43,2017-11-21 18:28:24,2017-11-29,91dda3852e8a4757ed73fc91360cfa5f,2017-11-05
2bc68e526b27d2a28478a963d0ea2d56,ab90b458e3b80fa071ad72e10a69ebd8,delivered,2017-08-09 18:38:28,2017-08-09 18:50:10,2017-08-10 17:37:57,2017-08-11 20:26:02,2017-08-22,765d83943ab795b5c1e4c934c4a05350,2017-08-09
478e6ea13625ffcbd107d95b614d79b1,22497c3161ff79226e38aa602f7e18df,delivered,2017-11-27 23:28:41,2017-11-29 02:17:20,2017-12-01 19:32:49,2017-12-05 10:07:05,2017-12-14,bf908f1c56f37444e43370938184cd69,2017-11-27
bfa6db3b1ea85796d80dabdfd83b9d40,c11fa7875b229cc8087f67a0c3bfa230,delivered,2018-07-03 14:01:13,2018-07-05 16:20:09,2018-07-05 14:59:00,2018-07-09 21:11:58,2018-07-25,6b50a1ad7d48096bd0e9d25879a17817,2018-07-03
2f469266d0a5336ac76d2068ef1c9f2f,0db9b4f8754fec9bfd4c139fb2d1e320,delivered,2018-07-30 09:52:40,2018-07-30 10:05:10,2018-08-01 07:07:00,2018-08-13 18:08:49,2018-08-17,9f315b3900ef6c93c419ec67bb8afaa6,2018-07-30
a083f47f545711fc05940d0be7f5ca38,51b633e4aba90ffc11aae5c2d8e3ec6e,delivered,2018-07-11 20:58:57,2018-07-11 21:10:15,2018-07-13 15:00:00,2018-07-23 18:15:36,2018-08-03,8c03ef120e5bc1a1a6ed2996c2229b11,2018-07-11
e93662c430b438b8bd5d1bd6e35480a7,97855fbda573a7741b13449d49a209ce,delivered,2018-01-30 16:35:30,2018-01-30 16:55:59,2018-02-02 11:48:51,2018-02-22 12:46:50,2018-03-07,d3e6520dde5fda9917fb56ffc3066d66,2018-01-30
d9e882686a56edc2560a4983f10daddb,455798f3557656a3133b2e6734f45ddf,delivered,2018-06-11 13:47:19,2018-06-11 14:49:29,2018-06-12 14:48:00,2018-06-21 15:42:56,2018-07-11,e8001d7ab27230c1f2fb39aa63aea136,2018-06-11
e1cce1b92d11a7a2edd0cbcb4de05aa5,a1afc1a6763024c94654daff0d4f4040,delivered,2017-07-04 23:59:54,2017-07-06 03:23:40,2017-07-06 11:57:41,2017-07-18 10:57:42,2017-08-02,e949582c753d31ad0c42ed4b351e0bc1,2017-07-04
a811439b19bb6909ef492b5840fada1b,746ae9c9d515e99019d25a6ddfaf1ccc,delivered,2018-04-16 00:26:35,2018-04-18 02:31:54,2018-04-19 16:03:59,2018-04-26 15:46:53,2018-05-14,5e9c992c76731f8e4c011d21de309510,2018-04-16
4304427fe7ea1d3eac77a9ee46541374,32f87d05c09b7655e332323aebd9134e,delivered,2017-06-12 19:32:04,2017-06-12 19:45:21,2017-06-13 12:31:33,2017-06-14 14:26:57,2017-06-26,228f9d25e4d6ff575a0fdf750eecbbe9,2017-06-12
439afa2b3126bff920c9e34798c5d148,afcccdc6ee50bf89131f9efb8ab99ece,delivered,2017-11-21 17:15:10,2017-11-22 17:19:28,2017-11-23 21:16:50,2017-11-28 20:26:42,2017-12-08,3f06fda2dc41472d9b29a76ab8321006,2017-11-21
cfd0882d46442939d8457d3508170953,bfb81194b28f60009f9fd8778747ff04,delivered,2018-02-06 21:36:16,2018-02-06 21:50:38,2018-02-07 23:34:05,2018-02-23 18:29:50,2018-03-12,3ca7d69a2018e87e4c6a172356af2a72,2018-02-06
f751ec155a1b03010e9ab382099e3d66,dd67415902397e79f31a781053707370,delivered,2017-10-08 09:48:47,2017-10-08 09:56:17,2017-10-09 19:33:43,2017-10-26 19:43:36,2017-11-13,cb169db485f0cbfc75587a54b5b5676d,2017-10-08
a4d7caf7570d02134caf5b8425c515d8,7fc192d50259bfdeea71c5314d5b3f0d,delivered,2018-08-25 11:58:19,2018-08-25 12:15:14,2018-08-27 15:27:00,2018-08-29 18:17:44,2018-08-31,d2bd12a331e7ab60f74ea8bc4dea020b,2018-08-25
3e654c7f3c4a852f6b18cede3015ea0d,15968abc40e20338dd5bd434c8b0ce5a,delivered,2018-03-13 09:03:58,2018-03-13 09:15:32,2018-03-14 00:57:36,2018-03-16 19:41:49,2018-04-09,911879b8de33088daa56b8ffe9fefbd4,2018-03-13
11549ca0becdf3c4f97ccdcf5407fc10,6b67557543ed930f8339ecb7edb34233,delivered,2017-11-25 19:25:35,2017-11-25 19:35:20,2017-11-28 22:28:29,2017-12-19 17:52:26,2017-12-21,138c14201b66740725010562e083cceb,2017-11-25
93b5040a72c98334f61ea91b39165e95,06c02121d99b9b0f03afa31d5d2d305f,delivered,2017-11-27 23:23:49,2017-11-27 23:37:44,2017-11-28 18:43:46,2017-12-04 18:21:34,2017-12-13,c750ff098b5c9f148c6d9ee88124ff5c,2017-11-27
dc8a41c3b06bd915d57fcd0e89973744,90c5c0ff339811cdbf13a8a618821c68,delivered,2017-10-04 11:26:24,2017-10-04 11:40:17,2017-10-05 19:48:03,2017-10-10 19:43:55,2017-10-30,04c99e7b04eaffcaadd21d464c081ff1,2017-10-04
e0b3f7f3d068cffc29d9dfc97fecd016,af31ca29fb4190a0b56304428dbe90a9,delivered,2017-09-12 16:47:41,2017-09-13 03:25:20,2017-09-13 21:41:47,2017-09-25 21:21:40,2017-10-06,75c60ae070be933925521fe45e739919,2017-09-12
7d3636cf3c3e12cd619c2ba47773c24f,d1f032b04e9f3644c7c20df464ad1a3a,delivered,2017-12-17 14:06:27,2017-12-19 09:50:55,2017-12-20 17:57:07,2018-01-16 18:56:59,2018-01-15,ee0441e49d6a79a3b60f0d56ad879175,2017-12-17
4a4bf6614444d2e3a7c20a87106ddc97,b7979573fc659753dd89544e555643bd,delivered,2017-11-30 15:42:04,2017-12-02 02:37:17,2017-12-13 20:14:22,2017-12-27 17:19:27,2017-12-22,dc7cd5b293404b33e038b7b9a246da8f,2017-11-30
ba4de00b613fe6fce59f7c7d81e49056,76964a619f0023a78ae3d35c5a5f5a6a,delivered,2018-07-25 18:48:28,2018-07-25 19:04:20,2018-07-26 09:33:00,2018-07-31 19:54:40,2018-08-09,927c6529111b5d41b8a8426c649e6d18,2018-07-25
86aac59946aefa2672ebf7d495980b27,057e4c89062122b06e32f9e0177fdb4c,delivered,2017-04-22 20:56:22,2017-04-22 21:05:17,2017-04-27 15:47:08,2017-05-08 13:48:54,2017-05-24,dfb1cbcb4cf90f6ac411e0d59921116e,2017-04-22
63b307ab04c077f83a3daf81ec78cf95,1fc1c90ea86cf0ab56bfb6e442245e7a,delivered,2018-08-02 12:05:38,2018-08-02 13:04:18,2018-08-08 08:13:00,2018-08-13 18:43:49,2018-08-31,65af2ae0625e2d7f0adcff19dda46b88,2018-08-02
358f2c82a4ceca74fc047a5f9f16257d,3ad9579dc1a48a1f7cbf8c4ff7205202,delivered,2017-04-24 15:16:43,2017-04-24 15:25:20,2017-04-25 12:42:41,2017-05-06 08:33:56,2017-05-12,9dccf426ec7a1bb812e8e4c0412a5689,2017-04-24
bf11eca40b14cb59b17fe061d025c8a3,a24ed4d8160dc994bbe67b3fc741bbb6,delivered,2018-01-26 14:21:17,2018-01-26 14:34:13,2018-01-29 18:27:00,2018-02-05 23:52:46,2018-02-22,56d2dc55964f7ebb552697d8995a1f71,2018-01-26
b6238a76012ed88aec12a5a12f9f5795,4c1a17f87a4dca933ba6ea42d1cd5aba,delivered,2018-07-09 16:08:36,2018-07-09 16:25:13,2018-07-10 14:09:00,2018-07-11 19:37:43,2018-07-23,886ebfe4a0a1cb420ae635e2266f32b9,2018-07-09
c5222412ad9d123721c453c7c21a6cfa,fc6771f85d06ca10aa6ca631fac4699b,delivered,2017-06-16 15:17:31,2017-06-16 15:31:16,2017-06-19 14:27:42,2017-09-06 18:36:25,2017-07-18,aaf4524283dd8ca4c10416322ffcc499,2017-06-16
2c476f0148a99ce31bffe7659e5aaf4d,aff0c0e7798a7fef6652d453c0121eb0,delivered,2017-04-11 15:22:25,2017-04-13 02:42:35,2017-04-13 10:36:15,2017-05-11 09:24:00,2017-05-15,509de51c702ef70edc8d69cad60ecf11,2017-04-11
05dc8285104a0f76f6e8d6b2ff9417b2,608504ddaf7e677eec291b124ab24093,delivered,2018-08-24 13:38:56,2018-08-24 13:50:21,2018-08-27 14:11:00,2018-08-28 19:46:36,2018-09-05,3545e72419b85e854dd74997461beb73,2018-08-24
c77d0e8e29a6fd73d473b31e269a7295,de8187762d3cad2226ccc0d7092a463c,delivered,2017-06-06 10:19:06,2017-06-06 10:30:19,2017-06-09 14:11:25,2017-06-14 14:02:37,2017-06-27,9775d5ca946dc48238ffe21a46a6b776,2017-06-06
a707874e5cdbc85cc3c63f60f28a413a,11e7a370c4d19f21d7ae57faf77099fc,delivered,2018-04-02 20:52:06,2018-04-02 21:09:31,2018-04-04 22:22:14,2018-04-09 21:06:41,2018-04-18,17d0490fbbca9329842a0b7c83ec4542,2018-04-02
2c217414cb3f31ad5de0aedf01aa91c3,34f55b48de27c30f57a23aaa7b585ef4,delivered,2018-04-03 16:46:18,2018-04-04 16:49:51,2018-04-05 18:05:27,2018-04-26 18:08:47,2018-05-02,f92f041ec55a0d65daeb810a2331dae9,2018-04-03
3e525509a51c670ba1386ba88ac9ab6a,04c7bc4cc351fcdcf95e0beea777088f,delivered,2018-05-26 14:19:39,2018-05-26 14:31:07,2018-05-29 13:25:00,2018-06-08 20:37:52,2018-06-28,7fd50e8c54ec658b03e72af98af1ab33,2018-05-26
810f22c9d640f959cfaddb6c05be5504,5c5900f95b97a43ce03452532b9ac643,delivered,2017-07-08 12:31:36,2017-07-08 12:43:06,2017-07-13 13:51:46,2017-07-24 20:33:00,2017-08-03,63fb8a728fc3b74d54323163cca21f62,2017-07-08
e8d766b30a09fa62922aec00c6fecc85,8bd4a71f026b8b9c1d1cbd23c9b0827c,processing,2017-01-24 21:24:34,2017-01-24 21:31:44,,,2017-03-07,cbc4f49aae539ccc7305e0c700a8eda4,2017-01-24
9b9d058e7c87ecf74ee618c7361b387c,fcdfb1e9e79363aaecd65e096d0a6b74,delivered,2018-01-30 10:48:21,2018-01-30 11:15:42,2018-01-31 22:43:32,2018-02-17 11:56:29,2018-03-01,6eb83b3bb65449b2a55c341e0c7874e4,2018-01-30
6798f9878ff9d53eb20c517a8a13ed44,f95a88c152cc3320d2e6ab9efb9cc90c,delivered,2017-04-05 23:29:55,2017-04-05 23:42:47,2017-04-06 11:38:37,2017-04-11 14:42:17,2017-04-28,a2ac5295548a4893bc35b60152102cdc,2017-04-05
7f2f85c505ae0a210577c5c65ad4e65b,e6919f6d85ec1ae033f09cf1013afec6,delivered,2017-06-05 13:15:29,2017-06-06 06:35:17,2017-06-06 15:24:35,2017-06-27 11:03:24,2017-06-28,9602d2d1dc95f90ce1bcab740769389c,2017-06-05
94003a7c90fbc4639d3e809967223fb7,bc11b964ed7f78a3271c903c50266986,delivered,2017-11-23 21:46:09,2017-11-23 22:07:51,2017-11-27 18:07:12,2017-12-11 15:21:50,2017-12-20,4f74ef463cd417ed40abf89df4580cff,2017-11-23
47689e1278494cce8946914ea3a7ccab,2e2bead49a3de15b31c5213fbcef6cd8,delivered,2018-02-03 23:57:51,2018-02-04 00:10:40,2018-02-07 15:13:18,2018-02-14 20:41:26,2018-02-23,85c09cea40b9f4c4ea8e5c5bd3659fe9,2018-02-03
fe7d49cdcf690228d8d476caf24ef2d5,ac095f2531fd7e51e9adeba9eaf11f3b,delivered,2018-01-17 17:03:23,2018-01-18 02:12:36,2018-01-19 19:59:09,2018-01-22 16:22:07,2018-02-02,6dd3c0e6d8d335ea381f39fd740c9138,2018-01-17
524802fb3df670ef6612573f2d434b10,a98cfcccf172712d8b2ea5eb36f45965,delivered,2018-07-26 18:59:43,2018-07-27 18:55:17,2018-07-30 08:04:00,2018-08-07 22:48:50,2018-08-17,ef245f48309be595dd8b4d04f60c2cff,2018-07-26
71f3711def0641f613b693af7bf61083,18eb70a38a00f5203e6449011e998840,delivered,2017-10-02 13:45:58,2017-10-04 03:04:13,2017-10-05 15:53:59,2017-10-27 19:22:03,2017-11-01,8f29ee8f73c19eec34ae94cc73ea90f6,2017-10-02
59093e9d4ab91f46ff314e966e4268c1,80242677269637e364586259ccc5558f,shipped,2017-02-10 11:46:44,2017-02-10 11:55:15,2017-02-10 14:30:17,,2017-03-14,7df622c0386808fe50377fc0d27ee3a8,2017-02-10
d2770dbce4d20823d78de14f7f2a6277,a7e5291d821f4afc5754d432c358fe84,delivered,2018-01-22 22:35:09,2018-01-22 22:55:36,2018-01-24 01:57:25,2018-01-31 19:27:54,2018-02-16,ed30fbb19e4c85e97f94c84e04603689,2018-01-22
b34767f5b03b895eba13d49665984cb3,3f0f5ce81e678837acb15eb66f8f90d4,delivered,2018-02-28 22:24:40,2018-03-01 02:48:56,2018-03-02 01:17:57,2018-03-03 01:15:40,2018-03-13,bf3ad29aa742cd61f5ef813cee458c84,2018-02-28
53f1a0f9f533c37005dfe8547756a1af,c25d5f7876f3e6b0f9069c11b0708b93,delivered,2018-02-13 08:40:33,2018-02-13 08:50:29,2018-02-17 00:33:14,2018-02-23 23:22:23,2018-03-15,adafe90ae46e85c504c9a4bb03288d7b,2018-02-13
bb4d8ed5280b97e5b48ce0051e664178,b2288e8bd8bf77628963aa8a0a7790c9,delivered,2018-06-03 13:31:36,2018-06-03 13:51:14,2018-06-04 11:27:00,2018-06-08 19:20:41,2018-07-11,eb1164a87a6bbebf4d927bfd01a78a6b,2018-06-03
f5510156179c05fec1dd3898b39c565a,c4166fa5a9cd64927a4e585208673fee,delivered,2018-04-29 18:49:55,2018-04-29 19:10:20,2018-05-02 12:20:00,2018-05-08 22:52:28,2018-05-18,a1c1665f040ebd05f327c8e9dc1cdf4f,2018-04-29
1823483895a111ad1b46e1c7e3cb7c81,a4f62308cb3b14b2d96d0df26b8f00a9,delivered,2018-05-16 08:41:37,2018-05-16 08:55:32,2018-05-21 13:08:00,2018-06-07 21:26:40,2018-06-11,89062d67f169609518e256850f416bd0,2018-05-16
1dfc284468e80b96e18103668871f465,36ca42c46926ac2cf4153c58fa9610f5,delivered,2017-04-24 23:02:22,2017-04-26 09:36:47,2017-04-26 13:41:56,2017-05-12 10:03:40,2017-05-15,4905363e80389ad8df558452e9206216,2017-04-24
b07680c80c64e1f1ca41d4337b5e773a,9b4f57a8bb053fe5b95db4a7d30958cf,delivered,2018-03-13 13:01:46,2018-03-13 13:15:29,2018-03-16 20:22:08,2018-04-23 18:34:27,2018-04-10,86a92bfa14c9db4eb56a38ab3c807e5d,2018-03-13
e01da7de6a8e16f140e7ffae14973d16,c63e665aabad5f5dbd0baab40c326fda,delivered,2018-03-09 15:38:43,2018-03-09 16:49:54,2018-03-12 23:14:47,2018-03-17 17:28:45,2018-04-05,eef3f55434294d0351d8b878d22192d3,2018-03-09
ec8a9ec23f177510b53f3a63ed4f30db,2884053414d91862544a6cbc02b26b63,delivered,2018-02-23 17:28:06,2018-02-23 17:49:27,2018-02-26 21:59:53,2018-03-21 21:16:40,2018-03-27,faf38ddc706c1f13e8d0dd8db1feb4d8,2018-02-23
88c2f1df68b3360d2a6c71cf40941035,40c7d331b8bc09ef3ec363e115ed2691,delivered,2017-07-24 17:27:26,2017-07-24 17:43:36,2017-07-25 14:49:40,2017-08-01 14:30:07,2017-08-23,57b5598b1181e344c027ecf8ef6c6dc6,2017-07-24
a3ed04e61d69f848fe6fbc4c904d497c,b9e638a669b54b921ff08dc261cc173c,delivered,2017-07-06 17:30:40,2017-07-06 17:45:16,2017-07-07 18:39:36,2017-07-10 19:52:17,2017-07-26,5031508103ff7d3a841cec09922e33a6,2017-07-06
ed456446aba091a9bc94823a702b262f,0eb9ab145cd874dd2cd5053dc6f6909e,delivered,2017-06-19 08:35:25,2017-06-19 08:45:10,2017-06-19 13:49:44,2017-06-27 10:32:04,2017-07-13,c01f2f4542bee015df518586e39da8e1,2017-06-19
40dabf04200fba9e723d40d5778c2607,b115289c6d87919f75818000a658c14a,delivered,2018-03-07 18:32:33,2018-03-09 06:30:27,2018-03-09 21:06:25,2018-04-18 01:51:22,2018-04-12,f89c73473ca8da505bc3475788907da3,2018-03-07
c86cfa96924b46157a36d72bfb543e55,92b9f93c9c41ef4138da909f336fea48,delivered,2018-05-14 15:19:02,2018-05-14 15:33:35,2018-05-14 16:44:00,2018-05-21 12:44:58,2018-06-04,b2a18170bbdfe0ff95a54227d79c6a0b,2018-05-14
916be5eed428af45e462f039ef65ca24,5d51e1af408cef36611d1ea5d81802a9,delivered,2018-05-13 19:36:59,2018-05-13 19:52:48,2018-05-15 10:27:00,2018-05-19 13:14:28,2018-05-29,da406778a6247bee94838343fcafabab,2018-05-13
bd9eab44494104736e6edeb1bbce8e35,5e0f1d6c882d0ee56ba83e931480b0a2,delivered,2017-05-24 01:10:22,2017-05-25 13:05:21,2017-05-25 13:28:46,2017-05-30 08:42:17,2017-06-06,5c3be54a95e564186d2a79cd3d3f6f5b,2017-05-24
18956b40b774d6384c8539cd61784bd7,6f788a9e0402a953730e5ac491046371,delivered,2018-06-11 16:18:58,2018-06-13 02:59:29,2018-06-14 06:06:00,2018-06-21 19:46:21,2018-07-05,9c783b1c0d1721ab1bd09499aad53c32,2018-06-11
a6e7a9c6f4effc360a418d5bba41ba03,e3e3ba1f68d80797b4936578d0154539,delivered,2018-07-09 18:54:52,2018-07-09 19:15:10,2018-07-10 13:49:00,2018-07-11 16:45:49,2018-07-19,39e0b7cb3fd75bd5e2b302b781b87aed,2018-07-09
709aa9888718ec2b9b285f55fbf0c528,eeee40dec524e63487b700b539b637d4,delivered,2018-02-23 14:49:38,2018-02-23 15:16:08,2018-02-27 17:44:26,2018-03-12 13:58:25,2018-03-15,10a4b9f45f67e6bc9ca4032b9203272c,2018-02-23
d52567da8869433ef71cdc3aa0c6e0eb,614230393f56c98998e8a46c8532e456,delivered,2017-05-19 23:08:38,2017-05-19 23:15:15,2017-05-22 10:03:01,2017-05-31 11:25:10,2017-06-12,55df93f592e064d6c3f456160d848d00,2017-05-19
2d31315ad8289e1e63c8451715e80306,d561b165e65a10cc1e1b0540793d9765,unavailable,2017-09-07 13:52:34,2017-09-09 04:45:54,,,2017-09-26,68f512f9bf47f2a0457f9521c4cfc45b,2017-09-07
65aaaecdf5e260dac331f607d272278c,d99a3c9547e0b00f07d2bfd684bbbf11,delivered,2018-02-19 18:49:41,2018-02-20 18:47:47,2018-02-21 20:29:52,2018-02-27 20:38:08,2018-03-09,30ac64930dd73b700e61325b39712e95,2018-02-19
657d6ab783018d32016fd49494d5cf4e,2c89426c1059e6f2e74d4fc51575b7b8,delivered,2018-04-17 11:19:02,2018-04-17 12:30:05,2018-04-18 16:56:47,2018-04-25 16:40:56,2018-05-11,0f56962baac165db3fddbb294f74d700,2018-04-17
248deaf17cc9c8619b300bc14a6044c9,37fabcd441dba986055c4d49066f3757,delivered,2018-03-31 12:12:49,2018-04-03 05:50:26,2018-04-04 17:26:32,2018-04-05 18:42:37,2018-04-16,2a0b515b238d40717a2579f1cfcd49d0,2018-03-31
4b69ca00ac2b228704047b621a7f4746,ac833a9d8fbce76f717b24f39076b4ec,delivered,2018-03-15 15:04:06,2018-03-15 15:15:45,2018-03-20 01:38:24,2018-04-10 17:02:49,2018-04-09,ebb158d028f847a9457854a0e6af96bf,2018-03-15
6d46c95c090a478e52c89008e729bea2,f9e72da9f16faf18d67d4912fae366e0,delivered,2018-08-05 13:47:14,2018-08-05 13:55:22,2018-08-06 16:05:00,2018-08-13 19:14:53,2018-08-21,c8ccd9254be21b2049c5270b65e8b135,2018-08-05
04bc36cd51141e11c2cbbd188b6e47ca,ab421b93f847af0ef7301421bb36da5e,delivered,2016-10-08 20:28:48,2016-10-09 14:35:21,2016-10-13 14:35:21,2016-10-16 15:35:21,2016-12-02,604f317cbd59b4de7b91326f61626d90,2016-10-08
d5cae76a3a1157f7947579bf8ae13f18,4fa46009da47af602ccafa5acbc6d49b,delivered,2017-05-27 20:56:03,2017-05-27 21:05:16,2017-05-31 08:22:17,2017-06-02 13:49:08,2017-06-21,4d27bd8d0da996a6aeeea0d9f31afb99,2017-05-27
a66397efa897519d15d2a83199d4cc45,0874e3387db50f10269e150a652869dd,delivered,2018-02-25 12:39:45,2018-02-27 04:31:07,2018-02-27 23:12:12,2018-03-09 22:11:49,2018-03-21,59209c79d63242f1d414d9a722366e8e,2018-02-25
96a8d065c3f2dbde8c6ff7fae00a2f35,42808481d800a84a8cf647ef8838c6cb,delivered,2018-05-28 11:02:23,2018-05-28 11:15:21,2018-05-28 13:57:00,2018-05-29 18:08:52,2018-06-13,d03b324a9f1d52f6ef3e1386477061a8,2018-05-28
9cb69ff0cd93cb4624576397135d5b52,a0d0f143ec544decb5a92d18f6bf79f9,delivered,2018-07-21 07:47:04,2018-07-21 07:55:09,2018-07-23 14:30:00,2018-07-30 14:23:40,2018-08-14,5c77da09750b42091c93c331d544ab53,2018-07-21
82f29ec26f706651b906acc60ba4ab72,53e7d67eeb84c9b9c79929c6de3d1612,delivered,2018-02-09 16:49:44,2018-02-10 16:47:49,2018-02-16 02:51:39,2018-03-03 01:32:37,2018-03-06,198ba72088fecd3caeaf2dca0addcfb9,2018-02-09
7d29edfaada15e651ba22a5cab65b61c,42c73f6fb9c46216dcf705cce9cc7dd7,delivered,2018-01-29 22:45:12,2018-01-29 22:55:26,2018-01-31 21:32:20,2018-02-10 12:14:59,2018-02-23,d329379cee2cf84319a59b33258e9ff1,2018-01-29
e13177c5e11c2a87dcfd3e87529664cc,75e321797c931fcef503460701871c3d,delivered,2017-03-24 22:44:15,2017-03-24 22:55:16,2017-03-30 16:19:53,2017-04-04 13:55:55,2017-04-28,cb9d0141dcad77cdf79e1e0a3f226b6a,2017-03-24
062bddc5be851fec2b59598cc33498cd,9a2dd61cc19001c3ace30736bb37b2cb,delivered,2018-05-07 20:22:07,2018-05-07 20:35:27,2018-05-08 12:53:00,2018-05-15 21:09:05,2018-05-28,4dba78a69f5fb2d5ba4bdf9696e1eb8f,2018-05-07
2cc3c6f1d89338c78360e079513f99d2,a2e06de8ad22fedc67e7c25a21f70355,delivered,2018-08-04 11:23:11,2018-08-04 11:35:17,2018-08-06 14:07:00,2018-08-09 19:43:32,2018-08-20,c2ac7fcff6c7b166d077961ce43def61,2018-08-04
3aba1edcd69ec930c8c006a5e9f0854c,07f4f332124614adcc64d2d0429f5fcb,delivered,2018-04-24 13:21:26,2018-04-24 17:28:38,2018-04-25 15:33:00,2018-05-12 14:03:32,2018-05-28,e4ebbe9492aca3a7741ce0758f7e4ed6,2018-04-24
42187cae0bc6e0829886d8131b4c4864,b284e1052e6386e2fae8af6ab3f0215a,delivered,2018-08-06 20:27:28,2018-08-07 20:25:07,2018-08-08 07:44:00,2018-08-14 18:36:35,2018-08-21,bbcff052f7fab7a7409bb37e54f6160e,2018-08-06
840112365be338b61d43f776e94b7068,ae3fcb88644f6583f941c264bea31b1b,delivered,2017-11-06 12:41:01,2017-11-08 03:50:25,2017-11-09 18:23:49,2017-11-21 23:18:55,2017-11-27,58835ea10a8191c85f9c0da34a51b0e9,2017-11-06
9fab0f942fae1cf572b2ae5d159be064,d98354cf5261fc66d1d848a24d6650a0,delivered,2017-10-09 11:13:00,2017-10-10 04:05:28,2017-10-11 19:57:48,2017-10-16 19:43:42,2017-11-08,a4172aef21cc145ea85226ecb9d12bb8,2017-10-09
4bcbf495ab204cfc6d9f6541f4fcceec,1931c0d89db7b0a6a696b44bc84b15ad,delivered,2018-03-07 18:38:51,2018-03-07 19:20:23,2018-03-13 19:42:06,2018-03-20 20:36:26,2018-03-23,3a032ac4dfa4bcadd2ebce388d2d3979,2018-03-07
2a3e60ce1465b6fd5a3702e28871fd70,ec8f5bca72f4ef30971298e5c1a7a8c4,delivered,2018-02-09 10:53:13,2018-02-10 02:35:45,2018-02-15 23:13:14,2018-02-21 00:39:00,2018-03-12,af47fc6db570ad9e368ebe669f38951f,2018-02-09
fe9a7e2176f05d248141c7d1493f19bb,b71118b9a56b7671a08f7d317fe361c5,delivered,2018-02-08 20:12:55,2018-02-08 20:29:07,2018-02-19 10:29:13,2018-02-24 00:47:23,2018-03-02,b8f77228f32fce5c13df55da21fad23b,2018-02-08
ad9bcd26dc9183d66b36db87ffc26904,23451e6d4d21c9cdcfa7677e95ac53d8,delivered,2017-04-01 17:31:42,2017-04-01 17:42:43,2017-04-11 07:43:52,2017-04-20 08:43:19,2017-04-27,95b4b60a728bff942c8bd59a43effa33,2017-04-01
18cdeae7a1be6702546e3d83e5186748,96cf3e61d7cef93a23c282b589acc1f3,delivered,2017-03-11 11:33:13,2017-03-11 11:33:13,2017-03-14 12:34:17,2017-03-28 13:52:36,2017-04-05,b0356d9d7c8536b68565c9390bfa5457,2017-03-11
80c86e92eef37052119cf0e9a402000a,4f0e61854cebd81bf24298cea5d99a7d,delivered,2017-10-01 00:03:33,2017-10-03 04:04:38,2017-10-04 12:14:37,2017-10-06 18:26:36,2017-10-18,b7cff635b3789bb1c7f1c4c0f4cda419,2017-10-01
12a354dc524e4fbe8b97dc45cf53a504,c4bf458dae937bd525aaf805801662a2,delivered,2017-10-10 16:06:30,2017-10-10 16:30:51,2017-10-11 20:25:36,2017-10-17 20:11:52,2017-10-23,905f6cefb58d82085c4ed32a18efeb08,2017-10-10
b52185e6e0ed90dfd581faba787dca8e,94a78f781827c6503da8b734ebb511d7,delivered,2017-10-31 20:58:58,2017-10-31 21:15:17,2017-11-03 20:30:00,2017-11-07 20:46:55,2017-11-17,c13b8234b35a52dde377047d65e17fd5,2017-10-31
a6c173f716aac4c915299b74fb4e0b10,002f90a6eb386bc43bc9ba200db31a89,delivered,2017-06-15 23:59:20,2017-06-16 00:55:21,2017-06-16 13:49:35,2017-06-23 12:57:41,2017-07-12,bd3001c423ef9a9092b0a5158f1ccdf6,2017-06-15
195aef69980a745473d3fa7be3523f58,418d6e2ac79a4d0c97a9bf1eade596ef,delivered,2017-09-28 11:29:19,2017-09-28 11:44:47,2017-09-29 18:22:48,2017-10-06 14:09:57,2017-10-20,fe7a8399575bb4edb4787bf61b728736,2017-09-28
29e4fd9b783b28e5e3d6bfa390f4ac97,330a38d1e37020a112bfd9ef8e5fefcc,delivered,2018-01-15 11:01:06,2018-01-15 16:51:12,2018-01-16 23:42:54,2018-01-22 18:49:02,2018-02-07,f72d3daaee955843ec8da1ecafacd7a2,2018-01-15
225d8e0b99ff5a086559a0ec1b21f7c5,f695a13f1a3cf82bf4868a4b2144d88b,delivered,2018-01-06 20:27:22,2018-01-06 20:37:23,2018-01-08 21:14:21,2018-01-12 20:26:59,2018-01-24,473df5553bb37f3a97b00af2d2bd1e0f,2018-01-06
c9d9195d49623398b66ac6322f971d5c,8ade25267551f998946800b440e74c00,delivered,2018-07-13 11:19:37,2018-07-13 11:30:17,2018-07-13 14:25:00,2018-07-23 20:18:38,2018-08-01,4d37e2be085cfbf28651efe39cdf1469,2018-07-13
22aceb58bfd80959564e4b2ecd9ea0ef,52f4c321b23906ab009a2ecb6ad7dced,delivered,2017-09-12 21:22:46,2017-09-14 10:30:25,2017-09-18 21:42:39,2017-10-04 15:25:05,2017-10-04,e754668f3f7a5d516e15a2ce78c42097,2017-09-12
5b7584c36737b6035bd68d79b4fbac54,3019ca49c92ce04c96c93ce7dc9da413,delivered,2018-03-05 21:59:46,2018-03-05 22:15:29,2018-03-09 02:47:24,2018-03-13 02:14:40,2018-03-21,81f5e468ac10012ae97be721e56206fc,2018-03-05
3e2c094c3afb8ee522f4e4a0c93983b1,e21631cf89068c1a6701da5937caceef,delivered,2018-08-20 13:09:17,2018-08-21 04:50:24,2018-08-21 15:23:00,2018-08-22 21:30:01,2018-08-30,5c7fdc5b910c753f1f86570b8b52817e,2018-08-20
e460caed26d4a1eaeb22a07ab55ad640,ac4b4a298cc548e582d5dd09eb3a9605,delivered,2017-12-26 20:19:16,2017-12-27 04:10:35,2017-12-27 21:59:27,2017-12-28 17:23:30,2018-01-15,a3805e7cc6bf9c7dc7589fc59ce0a1b6,2017-12-26
cb6098eb0d12d5a08efe1a8d977c78a5,c41864640b04c08f3c49bd4b17cb2208,delivered,2017-11-29 18:14:35,2017-11-30 10:32:28,2017-12-04 19:35:08,2017-12-08 13:13:30,2017-12-21,b7dea66177d950f0f418ce464253c1de,2017-11-29
80ce2b07c4a46dfc98710e39bfe3bd26,afd2cfeecb6e905d2014a7483d9adc79,delivered,2018-01-26 11:50:10,2018-01-26 12:21:28,2018-02-01 00:46:50,2018-02-14 19:38:43,2018-02-19,aa25fcd6be752ea195b72ae4ed61718b,2018-01-26
c7bd88346e0420ae1062da6b374e99e8,4f3991e2379e85e51beca3b546eb6219,delivered,2018-05-08 23:50:43,2018-05-10 03:50:20,2018-05-10 14:12:00,2018-05-14 17:51:51,2018-05-23,d1fd4f34a389fd32159d1b383bd2bde7,2018-05-08
a2c31cac6514866fed16c4aa57c6f773,825b81ccc260bfa204edd537acf022ec,delivered,2018-06-15 18:21:56,2018-06-19 04:16:48,2018-06-20 12:54:00,2018-06-21 17:03:28,2018-07-11,4dd80367dd14fa6269aff9b5d319fd15,2018-06-15
1b489d892646547f7e27765f3438d8b6,9f565d7a62a52911c71ce69685941b56,delivered,2017-05-04 20:25:28,2017-05-04 20:35:12,2017-05-05 13:33:34,2017-05-09 10:36:53,2017-05-29,d24b39ced50b074635522151100a22e8,2017-05-04
710f37eedfb2fb87e94a613ba119a086,0c2c4e24715435524ad8df79a4ff9c39,delivered,2018-03-15 07:22:00,2018-03-15 07:30:21,2018-03-15 18:32:41,2018-03-16 18:56:35,2018-04-11,3a72453c8e598485547faee4d5a8ce22,2018-03-15
0782e07a7692b86e29c3fcec805b3bfc,b941917841af028a5d97758e40ac21ac,delivered,2018-07-03 21:25:43,2018-07-05 16:32:28,2018-07-05 09:50:00,2018-07-06 20:32:34,2018-07-23,dfb8fac694b01a115c8fc4e969d967a1,2018-07-03
dd5067269f1aaad1d4d0aa55e84eb22b,759f00eb3511fb1da3b79fbee3a3f1cb,delivered,2017-08-19 09:44:46,2017-08-21 08:24:29,2017-08-22 17:45:14,2017-08-25 20:22:44,2017-09-11,17b1730e0fe9c924d078ee3d10bbc4ba,2017-08-19
528d7f1b0be23f9c70baba6be75d8a26,6a662dd18fc19343c615f9bb28a1cbd4,delivered,2017-12-14 16:08:51,2017-12-15 02:17:15,2017-12-15 19:33:11,2017-12-27 19:32:28,2018-01-12,d740ba74315bb6f1e6a76d021e740e46,2017-12-14
153a29136d63c03e64ebd73c54ccd3c7,f2908df0d1f2e08ec4d13431abfd9a70,delivered,2018-06-22 14:43:30,2018-06-22 15:20:28,2018-06-25 15:49:00,2018-06-28 16:38:32,2018-07-16,04e71831b906c43176ebaa4ef69301f4,2018-06-22
abf97042d4b7d1dccaf9fadd59efb5d6,fd509d5bb115c503dcf629064a66381e,delivered,2018-03-15 16:39:43,2018-03-15 16:50:43,2018-03-17 01:11:42,2018-03-24 13:08:23,2018-04-19,ef60e101c9732ad5a25e1d27248a7ca1,2018-03-15
08f616b964002ad1bc12de1069f82edd,122935516a68e6f08864fa373221e373,delivered,2017-11-09 21:37:39,2017-11-09 21:51:23,2017-11-14 16:51:54,2017-11-21 20:29:21,2017-12-04,96cbd91a949b5dec3a1e9493b5fc2d07,2017-11-09
e70dca4e435f94f18fe4debbf80323c9,1dbac78378bfa5af7e05cf15fcf96605,delivered,2017-07-11 18:06:41,2017-07-11 18:23:55,2017-07-13 15:04:18,2017-07-24 12:30:05,2017-08-04,187f73514dc0e3bd5d3adf817568a170,2017-07-11
482d48c0b0eb255bd818a6e6895fb686,9fcbe141e89de4f82d41cd5f300f5409,delivered,2017-07-23 13:45:21,2017-07-23 14:03:24,2017-07-24 18:25:55,2017-08-03 18:23:27,2017-08-17,5bb93a88594feb6ffbebc0c2431e82ac,2017-07-23
a5d3d2b978722a86e82f2b7bd0567840,a7d606844ea698b9a6a762a279e8feb8,delivered,2017-09-28 00:10:02,2017-09-29 02:30:47,2017-09-29 18:18:57,2017-10-12 09:39:45,2017-10-25,a0f0afc7a4efcbaf3013321cf39269e9,2017-09-28
f2270ae03c6578b9cb6e4bba286bc962,e1b7e606f7b8f4064b028acf1e961c19,delivered,2018-04-05 09:04:45,2018-04-05 09:15:19,2018-04-06 23:06:42,2018-04-23 19:55:23,2018-04-30,f0e310a6839dce9de1638e0fe5ab282a,2018-04-05
d742edc736f4fa6a173ee4a049322e45,9037fc09ec1a62e712969d933c4c2cb0,delivered,2017-12-28 16:44:32,2017-12-28 16:56:25,2018-01-02 17:33:32,2018-01-09 14:56:23,2018-01-24,f9aee39521a07a140b3d3149767ddf9b,2017-12-28
92ec15265ef47985627f664e5ec77d98,14d2df77c026b6a61f1b4ae9667cb70f,delivered,2018-07-29 18:38:44,2018-07-31 04:10:17,2018-07-31 12:47:00,2018-08-02 23:27:33,2018-08-07,40de08731ffac957598c05683fdc18c1,2018-07-29
ae544ab4fdaa9ad26ce17423e88b8702,af0368e6aa64fdcf6b4f7565a083d8d2,delivered,2018-05-16 09:56:26,2018-05-17 02:55:36,2018-05-17 12:58:00,2018-05-21 20:28:45,2018-06-18,d6fd4848820f95837e8c37e1fc02787f,2018-05-16
3f3f818c758f0f9ed76a1d49d8d7e6f3,4ce1caf08109718c2e558abd8801aa8c,delivered,2017-03-14 18:29:23,2017-03-14 18:29:23,2017-03-15 10:35:49,2017-04-30 09:16:01,2017-04-12,3cd1ebd71e3753cd8f8ec421ae02502e,2017-03-14
825df75b7a4b5c436b9d2443f653cab2,86774a39f72b954bd12596f8cdcafa7c,delivered,2017-02-10 16:05:24,2017-02-10 16:15:17,2017-02-13 09:28:26,2017-02-16 10:18:50,2017-03-13,df7302c3c439d22daf6847ef8ea79a70,2017-02-10
f9de1c701fad751fa78834d2eeefe251,d9598c0dd096edbcd137ba1e3b4c64ae,delivered,2018-01-15 12:22:25,2018-01-15 12:34:24,2018-01-16 17:09:33,2018-01-18 16:09:03,2018-01-30,d0318224083b1d56bb74a711a34db7aa,2018-01-15
270aac0233d1cfb498c427425a8ad143,d675082b795ea346d5bf4364363135f3,delivered,2018-03-19 09:35:02,2018-03-19 10:07:51,2018-03-19 19:50:54,2018-04-03 00:52:00,2018-04-09,f4390fdae3dd6d448096bfcd20803d60,2018-03-19
496b684eee1a0958406cc2e50a80dca8,1c4a75cdd4cbe6b5600058272b56fffc,delivered,2017-08-17 14:29:07,2017-08-17 16:04:59,2017-08-18 19:46:29,2017-08-25 12:45:28,2017-09-06,fd09c64a101e3eff4adbca1b28552514,2017-08-17
3a812c83660a31b9ff0abc06416a678e,4d3d0e1f823dd1af8add9be0057115e7,delivered,2017-06-06 17:59:56,2017-06-06 18:10:15,2017-06-08 10:33:14,2017-06-23 09:26:23,2017-07-18,2f71eb04dfd1947c57255b86d923716a,2017-06-06
e8fba6b3bd2fa3e2e1d4b101fbd93b17,5f842e406a187dc2716fd04798f0aba8,delivered,2017-06-15 20:24:55,2017-06-17 06:35:21,2017-06-22 10:56:51,2017-07-12 19:52:25,2017-07-12,efd2f4f6a5ebfff07943a4a1c80dcf9b,2017-06-15
06f539e73d3a46feae1fa4667cc82f98,b902824d87ab9a5958c6a4462518dcf6,delivered,2018-01-27 16:04:30,2018-01-27 16:15:21,2018-01-30 01:56:51,2018-01-31 22:56:52,2018-02-14,037fa6e5912d98df30bb5e88df3f40b7,2018-01-27
394982dd5fcd18831c2428167b924f2d,5a8bcefa560e13f342a71b62bf94ac17,delivered,2018-08-17 00:13:24,2018-08-17 00:30:07,2018-08-17 14:58:00,2018-08-20 23:52:27,2018-08-28,dd09030ada5eb2681e6281cdbdd4d4db,2018-08-17
cd2a1fe10642bed9753a95e8f6a54118,89c8551457df83226788430ef4e44e2c,delivered,2018-01-15 18:33:08,2018-01-17 03:36:47,2018-01-19 01:54:29,2018-01-24 22:12:58,2018-02-05,eab9afcb740ebb3771a0a86a91ed2708,2018-01-15
2a9e0eee7fd2324567845d0e4fb70efe,57a28102ea9d979187ea6179f2014a14,delivered,2018-05-08 23:19:40,2018-05-10 03:36:42,2018-05-11 12:46:00,2018-05-14 20:38:43,2018-05-18,3a7f403cdc24c85b29a4604b178290b3,2018-05-08
542d82c2299fd92243549f4e402ab62b,5ec78f0e61e3daaac2ac4909e08e3394,delivered,2017-10-30 16:01:24,2017-11-01 03:15:17,2017-11-06 21:36:21,2017-11-17 19:59:02,2017-11-24,a737cce35790ccba85194a9f53d0c3c8,2017-10-30
6a6d60aba373f10c15519e023de52de1,0ccc3b723e0fe398486c25a2de577c42,delivered,2017-09-02 14:15:11,2017-09-05 04:35:56,2017-09-05 15:50:11,2017-09-08 18:41:32,2017-09-22,2ecd17bc697f188ad5408f7c675dfd08,2017-09-02
6006d946799bcba9a9fd13e50c442213,a6294bead59771e77b2d1839e7b5da0f,delivered,2017-11-30 21:49:25,2017-12-01 10:31:23,2017-12-05 21:27:07,2017-12-20 22:38:44,2017-12-27,ade4eefdf0232fa26f1988cb56edc58c,2017-11-30
8989ff6e6604e09ac1c199428637422b,63fd4451626a55e8cf2354c7fcf7d70e,delivered,2018-08-02 19:52:36,2018-08-02 20:05:18,2018-08-06 14:43:00,2018-08-17 14:42:05,2018-09-10,1341ca108c9d2fb138f7d15fca516c70,2018-08-02
604eadfa781354090d53180d97b11dca,1f2999ca603aa0bec2f93254cf5cdf21,delivered,2018-05-08 21:46:01,2018-05-08 22:14:48,2018-05-09 14:26:00,2018-06-08 18:11:57,2018-06-06,f3714758445783a70987e55442bc35ff,2018-05-08
fd3114978747f92401511144ba65a631,6f380a063844e524a27141a72f58c361,delivered,2018-04-29 18:47:18,2018-04-29 19:10:12,2018-05-03 16:19:00,2018-05-10 00:14:32,2018-05-22,b7186bbdd5132b6156a956e934e3592a,2018-04-29
4942bdcf4479ff8d6885299338758784,2941159daf7b19262ea372b0c1faca2c,delivered,2017-10-12 15:13:13,2017-10-12 15:28:14,2017-10-13 20:36:55,2017-10-18 16:13:35,2017-10-31,afdd435c0fadb4503a40395b3af9c5bb,2017-10-12
eec64646ac1076b7500eb7e34b00c8f7,35acf0e42c5446de6cfaa0d8637b2177,delivered,2018-04-17 18:31:00,2018-04-18 02:11:18,2018-04-19 19:50:53,2018-04-28 16:42:33,2018-05-14,20260cdac770469abf18ff0812a011ef,2018-04-17
753aaaa715f963740a358c291bc79727,92afe47b8038840f6761684db0da3e40,delivered,2017-01-11 23:32:55,2017-01-11 23:45:19,2017-01-12 14:21:04,2017-01-17 10:28:00,2017-02-09,24072811917876a84c81166f96aed0c1,2017-01-11
63ee2a06028932e4a287950b31596425,874ad9d97ff06efb1d8641daf88237f5,delivered,2018-04-14 10:26:01,2018-04-15 10:30:45,2018-04-16 21:12:10,2018-05-03 21:41:52,2018-05-10,740e13bb25ea2a26b16c4bf4ab514264,2018-04-14
a8e749cb4760cabeff096908c2c6779c,7c3fb02434f997155d8d65fbd22a4ed3,delivered,2017-09-27 10:34:36,2017-09-28 10:50:08,2017-09-28 21:25:41,2017-10-18 21:13:55,2017-10-31,f8b357f59a04376fabf0f46ece053545,2017-09-27
0d902dd22c7c40a55b0edbd70ab87fc3,a9558995b6d102f6216229476ff11b3b,delivered,2018-05-04 10:32:08,2018-05-04 10:51:59,2018-05-04 12:36:00,2018-05-24 18:32:00,2018-06-07,081affba07da7870a82f39adbaa0b5d0,2018-05-04
8259a05b7ec596413201d74e896333d1,9afaa5e5c2efd5958a5fa0b04652085e,delivered,2017-07-25 13:20:47,2017-07-26 02:23:57,2017-07-26 17:36:53,2017-07-31 17:48:05,2017-08-16,13b0f9d0a3ffa0befccaeb97a3689135,2017-07-25
9e202f5cc3f2b54ac43a077fa5caf18c,c93335dfd1f16630c560befd972df7d4,delivered,2017-10-31 09:48:17,2017-11-02 02:16:02,2017-11-06 20:58:40,2017-11-14 23:33:00,2017-11-16,2edb28e610cf4a157bf45896e49d8463,2017-10-31
e424fb3a9a9c116a762d83cdcc872c58,2872aab8519bd813ff38a8196977369c,delivered,2017-07-04 14:35:03,2017-07-04 14:45:19,2017-07-11 11:04:38,2017-07-18 18:46:53,2017-08-07,0a330eeeee86fe56f383e11837e7df05,2017-07-04
739b9020863344c26e8215b55208591e,a49b340eb7eaf792b528e4188f797815,delivered,2017-10-21 01:34:56,2017-10-21 01:49:07,2017-10-23 16:10:11,2017-10-27 19:11:55,2017-11-13,ce76c2a604f6224ef92ce03dd0f1a1c5,2017-10-21
a8a42c7e161e16d72525008bda4edce0,1bf762864813c7d1e7496fb78b4de67e,delivered,2018-05-16 08:54:45,2018-05-16 09:16:33,2018-05-17 14:49:00,2018-05-18 22:32:38,2018-05-28,960bb3d864528e89348738b847bc0377,2018-05-16
df47b525725f21bfdf51aea66fdb4e83,7d736b20d1b330e1b32fe9104433494a,delivered,2018-01-02 00:04:05,2018-01-03 04:31:26,2018-01-03 22:03:31,2018-01-29 23:18:39,2018-02-02,26a396fa263866c77d9753de6ab2e98c,2018-01-02
d1292690e5d721165cfcbc331e8c46ca,20fad7bda07c51e347aa6f947f5a6771,delivered,2017-11-09 11:03:55,2017-11-09 11:15:51,2017-11-09 20:07:01,2017-11-10 17:18:29,2017-11-23,c6b6b60c58ee97f4536c1eba5c2d110c,2017-11-09
60725ae38288a737c3c59e0c7f4dd430,4feb636a8b4649291002a7e832289b03,delivered,2017-11-23 20:24:54,2017-11-23 20:37:59,2017-11-28 16:17:11,2017-12-28 20:06:56,2017-12-26,13df6d58662d1821691cdd8d36d984e9,2017-11-23
f5f9c706d2f561a75f2f428d96e58b02,515a37f6dff3997cd7188f78f3bd659a,delivered,2017-11-23 13:49:59,2017-11-23 14:03:06,2017-11-24 23:42:56,2017-12-04 14:15:52,2017-12-19,e4aff56d15c6116e90e82d858c45974f,2017-11-23
6c949e670b5d33dc8fb8ad25b6da4860,1f1c7bf1c9b041b292af6c1c4470b753,delivered,2018-04-01 18:59:31,2018-04-02 17:55:19,2018-04-03 19:33:13,2018-04-13 15:11:21,2018-04-24,3151a81801c8386361b62277d7fa5ecf,2018-04-01
5a688ff634ac5a154a1e6f65d29d51e2,0fb35728da2eda9314adeb21dcb2aaa8,delivered,2018-04-19 20:01:14,2018-04-19 20:11:05,2018-04-20 18:12:48,2018-04-26 23:56:32,2018-05-21,2e032d5109c25b1969dc3252a563745b,2018-04-19
830d2f9316703d28776bd868412fb961,9329503234e20753ec513cb430d4abe0,delivered,2017-05-16 14:35:43,2017-05-16 14:50:14,2017-05-17 10:49:39,2017-05-22 15:03:47,2017-06-05,d9ebadd268836022eea38a7d66c1ead1,2017-05-16
1c68c68cddc15f7e365dc53a0e91e8f5,e2bd185ce504dd28d763c24a633392ac,delivered,2017-10-29 00:30:11,2017-10-29 00:45:47,2017-10-30 19:59:49,2017-10-31 14:28:59,2017-11-10,6210a297af4dde95626ad6cb3c53c6ef,2017-10-29
c7e751031488310638a5952834dadf4d,dcb6353daa3fc0e81395644394405ec6,delivered,2018-05-31 13:58:32,2018-05-31 14:14:57,2018-06-01 09:04:00,2018-06-12 10:27:01,2018-07-04,c1d5c8a228c599b2e9cf038f8e8a944b,2018-05-31
56c898abec8a6fd5e84ffc42904c4f65,16be0d120d1de7a01d72adc686caf229,delivered,2017-03-07 08:55:43,2017-03-07 09:10:17,2017-03-09 04:41:45,2017-03-20 07:41:31,2017-04-04,d8d9d8a3736c8bf5ff777f32b13042b9,2017-03-07
f0b0ddd1464bee62169490a83b11cc7d,16d99b4e494caf8444c39013de40ba0f,delivered,2018-02-12 19:56:00,2018-02-12 20:07:35,2018-02-20 00:00:51,2018-03-06 22:11:48,2018-03-26,2c014dfde9807d981940bde93bf7e4ce,2018-02-12
a3e938ff8401d2ab65793e034f9f2a95,7619612ca0b995c7925a0272c4e33a91,delivered,2018-07-23 21:37:29,2018-07-24 10:31:14,2018-07-24 14:22:00,2018-07-31 19:48:53,2018-08-09,f9a396c0499495e644421a944aa6c3e1,2018-07-23
623913f52c2dc1270020863558ca9ed1,197ffb8ce85a690a24881fa5353411e6,delivered,2018-06-23 11:46:03,2018-06-23 12:19:10,2018-06-25 12:32:00,2018-07-02 21:03:38,2018-07-23,36e73694453363dd651a0cc1855dd11f,2018-06-23
f19ed9e82448c0ea39e80dd4e3ac40cc,0b2784a179b2e1327c5afd6df6a1b19a,delivered,2017-08-14 08:24:18,2017-08-14 08:35:19,2017-08-14 19:19:57,2017-08-15 17:23:18,2017-08-29,98ec897f9bb84376ab275de90a8237e6,2017-08-14
e10eb38645ac0ee01145792cab82f88e,085dfaa4e6b6df1552f6830e79e71f3b,delivered,2017-11-11 18:05:34,2017-11-11 18:26:36,2017-11-20 19:49:54,2017-11-22 12:54:43,2017-12-13,9bde95ea1c0fc21776b2fe114807c556,2017-11-11
91f9892e7f917fe83c7192e0de883126,d82db4d2f4f39dc1c2342a6b817cad17,delivered,2018-01-27 13:12:50,2018-01-27 13:19:22,2018-01-29 21:41:28,2018-02-06 23:16:44,2018-03-01,7dcf2a1983741a4376217b22051cd221,2018-01-27
76c5d675f926836b4ff285bff2d38766,a5783631d27600ffd190cc484dbb9680,delivered,2018-07-11 07:33:11,2018-07-13 03:04:21,2018-07-16 06:54:00,2018-07-25 19:42:40,2018-08-08,c1333733ff1c100b5f3a570ce9eba222,2018-07-11
7d62060b2af9760b95067c966fc5e6c6,7353032e77979ae7197285198b59d196,delivered,2018-06-13 11:34:22,2018-06-14 04:15:09,2018-06-14 11:52:00,2018-06-19 13:14:39,2018-07-05,626667200b39f2c950f02746832000fa,2018-06-13
29195b2e04b68eb25fc8a0fa5d2d81c4,18e2456b9baae6e47d1c71228a9e30d7,delivered,2018-01-24 18:16:19,2018-01-27 02:41:23,2018-01-29 18:04:20,2018-02-15 21:59:00,2018-02-22,54340cc5bc6d1039e7426a5e1d3a2e4e,2018-01-24
eedcf6db339a0b2ce303e615dceaee65,85df45704acdf1ff318576830a282d19,delivered,2018-03-04 22:23:33,2018-03-04 22:35:23,2018-03-07 21:24:59,2018-03-15 23:29:50,2018-03-23,e378ece7324086aedbcb98b5f5eed332,2018-03-04
f984f98a78a2beb0518a3d965cf1520d,d5c840fbe5ae01e9e21ae4ba2a0070df,delivered,2018-07-27 21:59:40,2018-07-27 22:15:12,2018-08-01 15:17:00,2018-08-10 23:52:26,2018-08-31,6ec442f3fae06e01393b5af7e393506b,2018-07-27
e776b74b3a3d027e47ecd39ea6a1d737,8a9e5e2eddfde9d630fed631e77effe7,delivered,2018-05-09 13:10:20,2018-05-09 13:34:48,2018-05-10 11:36:00,2018-06-19 20:21:16,2018-06-12,135c007b31e1c334708f4c37c689cbb3,2018-05-09
5f0204c837c9b96a76c8da513f40ab17,ff23f2703f021b1c9e49f69941915974,delivered,2018-07-29 17:12:50,2018-07-31 03:50:09,2018-08-01 12:55:00,2018-08-08 21:38:40,2018-09-13,4adb08de8932929dcf4fb86147020329,2018-07-29
553d21981eb5d6f2f19c3102cde1832d,976b89f39f6ba6ac98d956bd0a2a4d81,delivered,2017-08-27 19:30:49,2017-08-27 19:45:11,2017-08-29 19:55:55,2017-09-05 21:42:39,2017-09-26,44ed2c2de63bfe22f6596547584d7372,2017-08-27
8ba09709db195d492ff95d38228f799f,3c2f0a29038aff07034db22026b787ca,delivered,2017-08-04 15:41:43,2017-08-04 15:55:16,2017-08-07 22:00:00,2017-08-14 21:43:47,2017-08-29,0f2fe4697c57b3fa1b7a12d753c4c767,2017-08-04
108f58a6439933a88e7950ee7b46ec11,13bbb5ef6f8db9469c6bbc69d9542872,delivered,2018-05-10 09:39:51,2018-05-10 09:52:11,2018-05-10 15:13:00,2018-05-16 20:27:02,2018-06-04,3a41ac64aa715256d81e129f02b451bf,2018-05-10
f8ed90ec4272c80d2855a01e827d1a31,6f7c595cc36f2955c51afd8facd1fdee,delivered,2017-05-05 12:21:39,2017-05-05 13:05:35,2017-05-05 14:11:34,2017-05-26 10:08:08,2017-06-01,5d5acb0d0817c4ebbcae7b66cd74c409,2017-05-05
2f610bccd0c217425cbb71bc0cdafa32,9c64abffb2de9888aa146da8c65a547f,delivered,2018-05-16 19:47:11,2018-05-16 20:16:17,2018-05-21 08:52:00,2018-05-22 17:21:59,2018-06-04,18e362d58b54666925aacfd86ff84213,2018-05-16
b9385ac2c4b80d5339b96a2593dd84cb,1a5e81b2a849e76ca754d36ba90a5264,delivered,2018-06-18 21:49:23,2018-06-18 22:16:05,2018-06-20 15:06:00,2018-06-22 14:51:49,2018-06-28,22ff8c0cd3d7471e6be7c4b5fea955c8,2018-06-18
47ee6fec7ba2a39c23a7c84127e1fac9,e51c1096bac2b1c14e3f8a0e24ad0520,delivered,2018-03-04 10:40:02,2018-03-04 11:29:21,2018-03-06 03:48:24,2018-03-20 00:42:32,2018-03-26,6aa2294d9975e319365a586ba919de73,2018-03-04
cae8bf54a0ecd79376aac899679de154,c2cefab2637982f1c387a98842fde391,delivered,2017-11-07 12:31:56,2017-11-07 12:50:18,2017-11-10 16:42:55,2017-11-23 00:18:53,2017-12-05,f8654118fdfe85e9e286165ac2f7f66a,2017-11-07
cc9b441239dbd3786773a5c8724547ba,a6285be7dd7e1b07774569d472e942f6,shipped,2018-03-31 16:31:09,2018-04-01 16:30:19,2018-04-03 20:19:21,,2018-04-26,53825e90feae3666425c571543d9f928,2018-03-31
e45f581751e44a52f09b4c1746612e54,589ef6ecb824c3dec0f860daf553169a,delivered,2018-03-20 09:01:37,2018-03-20 09:15:25,2018-03-23 18:12:30,2018-04-15 17:27:51,2018-04-12,3523a07f905f871622a32c3036d1478b,2018-03-20
b2e34c92ddedf5ecaa982b0736bffd56,8f302a637b143fc801494806aaf35370,delivered,2018-05-19 11:37:28,2018-05-20 11:51:03,2018-05-21 13:26:00,2018-06-04 15:18:32,2018-06-05,ff4a3e514b8a17b4556d92dcd6e7a402,2018-05-19
2dc8d02ac9a7d375b768d6a6355f7eac,832053b4fe6b18b0681026ecd9234d2a,delivered,2018-01-29 22:32:39,2018-01-29 22:53:29,2018-02-06 13:42:55,2018-02-14 15:12:53,2018-02-20,782ecefd6ae28419ac39a3bc87a82d37,2018-01-29
3840fe9112c9177e852ff72b8c6af01e,5aacad69b368af9f80b1dca61b0f0420,delivered,2017-12-14 21:29:26,2017-12-14 21:50:23,2017-12-15 20:13:26,2018-01-03 20:22:00,2018-01-15,b83ae76d92974fd3fa47d1733211b4bf,2017-12-14
efe0a893fd1a63d77d3b5c4065dec733,a3a93a68bc9e3f8707370b7a8e1ae2d1,delivered,2018-01-23 15:47:14,2018-01-25 02:38:26,2018-01-26 14:22:06,2018-01-29 18:51:58,2018-02-07,1ab40d454df732fd90196c9a7f1d62d5,2018-01-23
926b3a8fc7e78353dc3cb0ba1a06113a,c014d2194de6f3cfb1f5c9d692f7e957,delivered,2018-06-23 10:24:29,2018-06-23 10:35:16,2018-06-26 15:26:00,2018-07-11 16:32:54,2018-07-23,62586dbdc6ef208173c1e352ee1b0e8a,2018-06-23
d3b8750f21e85ef7a244c8a0cb8ae7b6,e59d3ca4a478f91c74ca603b09faf1a6,delivered,2017-12-14 21:37:01,2017-12-14 21:50:31,2017-12-15 17:31:43,2017-12-28 20:45:24,2018-01-12,b9b1eed78d397ed5e859d6a8ce9ca3ca,2017-12-14
2ccc4454c10457bb1cd9fb7465167f2f,75913254f909c2b5c2a0bd9713c483e4,delivered,2018-08-16 14:43:12,2018-08-16 15:04:07,2018-08-17 14:14:00,2018-08-18 17:25:26,2018-08-22,c7dedcce1d764b080f1ca6061b669351,2018-08-16
411ef3cc7db00f7dfb66d19310ff3a48,90c26720bdb08da134b88bed2c3ac52a,delivered,2018-01-03 19:49:24,2018-01-05 02:37:56,2018-01-05 18:52:15,2018-01-17 13:36:42,2018-02-02,9566861ca378b7f4b6b17447acde3ef0,2018-01-03
9870255ce4fd27e8b651ee15e606d903,c69b97811a2d5a883fbd35751cef395d,delivered,2018-02-26 23:34:47,2018-02-26 23:48:19,2018-02-27 17:52:31,2018-03-10 17:12:29,2018-03-20,fd93f2eea668441ab945859b206925ff,2018-02-26
6b8a860cec63279fe49b5649ca6bab42,81d7e215787f9556b381145e2ac7d9f2,delivered,2017-09-10 12:11:43,2017-09-12 04:23:54,2017-09-15 21:39:56,2017-09-26 16:29:13,2017-10-02,d784cf4b89e1342765948de9bbf5b525,2017-09-10
dd372e737332ef27597292546559253a,cc89f26fb02b7bf7c8b27bd42fef919e,delivered,2017-04-29 10:47:33,2017-04-29 11:03:30,2017-05-02 18:06:40,2017-05-08 08:54:42,2017-05-29,699d9d432983dba851ea7082457e0eb0,2017-04-29
ac033ca6c43caa50310de844a7868c8e,83372d4453070723f0f31b01c8260993,delivered,2017-06-27 14:12:18,2017-06-29 02:35:18,2017-06-29 17:07:53,2017-07-03 11:27:33,2017-07-10,b312448665a053784d8affae3782595e,2017-06-27
1a2ea9e216498b997c8e13a9aa8313c4,1712f84ece15c52160dd9713b925fef5,processing,2017-02-27 11:18:01,2017-02-27 11:25:12,,,2017-03-22,eebc6a29527b44ce5451211ba6a3edf7,2017-02-27
bcce0481b3f582ede8d29c5b4bcdffdd,de406673d1ebab073424c7375cb0841f,delivered,2018-04-14 00:58:00,2018-04-17 05:51:20,2018-04-17 21:51:02,2018-04-20 22:51:26,2018-05-02,6d83f30c80095bf7c08b1cf438f9fb74,2018-04-14
65f881933f86384f769adf62da94be22,b9146f775984b701ca403bf80aea60e9,delivered,2018-02-07 12:34:33,2018-02-07 12:49:49,2018-02-14 15:46:51,2018-02-28 20:11:56,2018-03-09,a9c5159098d69e620ea6336f162af66b,2018-02-07
59bef859ee544206d66d43cd4a50fac9,ffe7ffb7c7ae0d42808f387578426b3b,shipped,2018-03-16 17:26:27,2018-03-16 17:49:58,2018-03-22 11:38:27,,2018-04-11,1942b890cee1b55dbf8176e925e79e07,2018-03-16
d56ec35ab3257ad373bdbca2a1516715,c19d9a703628a4464d27d3af8f127fee,shipped,2018-01-19 18:32:44,2018-01-20 18:31:10,2018-02-03 08:38:38,,2018-02-22,e6dce33393ced24dd4806b8246c37b0b,2018-01-19
adeecc8758fde854ecaaa035e0ae212e,17afddb3dd87d2c751993e6a2d2498a9,delivered,2017-10-29 20:43:58,2017-10-31 04:06:31,2017-11-03 20:08:30,2017-11-08 18:38:00,2017-11-17,05fc85193354fc6cf23df19aa08bde71,2017-10-29
fc91960dc3f08f50d842e64dd48ad42c,7c63bdeed03b3e5138bc0564932b7c00,delivered,2018-04-24 19:07:01,2018-04-24 19:29:22,2018-04-26 11:29:00,2018-05-02 18:02:46,2018-05-17,192558051845c170249edb8235fe3998,2018-04-24
950863e2e170cafe0f1363b6debbf73c,a667b0ccd3f9add3a9b796c66beda37f,delivered,2017-09-07 20:33:34,2017-09-07 20:45:13,2017-09-11 21:37:46,2017-09-20 10:41:36,2017-09-20,8318024f29cee9ab3a09981a35fb8b63,2017-09-07
772e4afd32903870cfaa882d5c260ba9,b5ffa13f42674c88aebb3a0d9bc77c02,delivered,2017-11-09 18:36:16,2017-11-09 18:50:42,2017-11-16 17:52:11,2017-11-23 18:42:28,2017-12-04,409468484199e5925bb4a71075e3163a,2017-11-09
7e284574be8d83b004427c79e11a1a99,8bcb81dc6c177a34281944037637621d,delivered,2017-08-17 21:32:18,2017-08-17 22:24:51,2017-08-23 18:40:14,2017-08-31 19:44:52,2017-09-28,a46ed84670207b0eff913ae59a95c9a0,2017-08-17
08d8b17740615b3cbe884f58173de3c1,5ae752fb345dfa0d14a52db28359612e,delivered,2017-06-28 16:51:19,2017-06-28 17:30:57,2017-06-29 17:07:55,2017-07-18 18:02:54,2017-07-28,02a09961a48dc54166f61f00c8fcd7e5,2017-06-28
f4776a61a23801c349ab69bd0fd774e2,db06dace4f0966b844c9d8ef3caed3f1,delivered,2017-05-16 14:29:36,2017-05-17 04:02:17,2017-05-17 10:40:42,2017-05-26 00:03:43,2017-06-07,36bf4779c5d09a3ce8162eb5acdeb711,2017-05-16
f87b019430922741706698256b753421,01bc42b3e58ab446f0227867f665b127,delivered,2018-05-11 22:31:39,2018-05-11 22:55:58,2018-05-17 08:51:00,2018-05-21 11:58:28,2018-05-30,5ec88e298986ab10dce912388675740a,2018-05-11
872b07190c0c9c0f13475d2141c4036a,814605f2161337c56520639099b0199f,delivered,2018-07-03 10:10:12,2018-07-05 16:22:38,2018-07-03 12:00:00,2018-07-10 17:18:49,2018-08-02,c5df80808db02b2e08abd92b9d964b9b,2018-07-03
38bb14b6a1e128205c524b7efa8aa007,52b7dfcd6da0652fc9f042f3696488c5,delivered,2018-06-12 14:52:59,2018-06-12 15:26:49,2018-06-13 06:52:00,2018-06-19 19:36:41,2018-07-19,af4a0d30b171bd7ee72f54f31c819a22,2018-06-12
050db8a61ea366db684e7d127082b5da,9bccf54464487719b6a4bd080a41090c,delivered,2017-07-09 18:49:58,2017-07-09 19:03:27,2017-07-11 20:09:33,2017-07-18 17:27:52,2017-07-28,9d93da71ce0edfbf46f7626d967fadcd,2017-07-09
0cb34be1b04ffaf4d4ad9cd5f4195855,3af757f67947c5e839d0b66612884678,delivered,2017-12-12 15:45:13,2017-12-13 02:49:57,2017-12-14 23:53:48,2017-12-21 00:35:08,2017-12-29,d58976e9d65af31ed4c1b1bfbf45ef03,2017-12-12
89b4bfa9a1ad1b38674571113d47d4b2,3da0182bf2c012534b9d85923f0c38b1,delivered,2018-08-13 11:02:58,2018-08-13 11:15:29,2018-08-17 14:47:00,2018-08-22 15:46:57,2018-08-24,c54a231efd2dbb74f2addcb5a750b706,2018-08-13
5f2dbe00a1732133a6809ae1af554123,f7b1d4b064c31b564fd39ad8bcb7cbdc,unavailable,2017-02-06 08:18:30,2017-02-08 03:15:34,,,2017-03-02,359328b5ede8c2758bc8f1740565dda3,2017-02-06
9b1a8e953b41b6ac01cf5068dfb53138,5597e2823e3f5d316e5cb6b85f780ef7,delivered,2018-01-19 13:23:54,2018-01-19 13:36:02,2018-01-22 20:05:43,2018-01-27 00:05:18,2018-02-09,b17d98a0cfaafd74b70cde36602d7deb,2018-01-19
017499de14d22ef9e9a83ca54727480e,a947822e31f502d0f6297cdee1448a73,delivered,2017-07-11 15:58:41,2017-07-11 16:15:24,2017-07-17 14:48:10,2017-07-19 19:26:51,2017-08-09,da42590d5fb158dedc2996e0cdf95a58,2017-07-11
c86abff82c66f9db0bbd012aba219921,28aa85d26d033ed4ae3e8c1f18c0acf3,delivered,2017-03-13 10:14:48,2017-03-13 10:14:48,2017-03-16 08:33:01,2017-03-24 12:36:19,2017-04-11,1d6c3bbcd0acc59e8965459b0b351a53,2017-03-13
95c46d8a9e4c24ee3a09cff518a7cd99,9f1fb56dd0c151e25ddad3f0de615e47,delivered,2017-09-21 10:07:30,2017-09-21 10:15:15,2017-09-22 18:14:29,2017-10-14 13:39:45,2017-10-20,14fb2fac2275eeaa6b646e14a0bd79cc,2017-09-21
9254ea56fb8aecea0b411b6a605e0ebb,7077a8a9c749c1e2518227eb2b0f89a3,delivered,2018-07-19 16:56:49,2018-07-20 04:35:12,2018-08-13 16:46:00,2018-08-16 22:04:27,2018-08-03,0647eed2ece999e2d634520c62ab78be,2018-07-19
5766a94fc9251eeea6bfe0ac7618d5b1,e0fd6912345f73936eb2dbca57e223e9,delivered,2017-12-23 21:39:19,2017-12-23 21:49:44,2017-12-26 18:19:00,2017-12-29 17:11:25,2018-01-19,f6890d4fa90bf6dd5eb20e7b7c7d72ba,2017-12-23
b83a4e483d9be76224e4d87f553361e7,556a2ac38e080c2b15988de64cdea708,delivered,2017-10-10 13:09:01,2017-10-10 13:29:29,2017-10-13 15:49:53,2017-10-19 17:10:41,2017-10-27,6aad12a9237593ef5c1c9ca955019f7d,2017-10-10
f92937847b9a6c663b94b2fb3a8f42e8,5160b4bc4116d4ecfb0679a4598c2501,delivered,2017-12-03 19:40:10,2017-12-03 19:51:12,2017-12-05 14:22:57,2017-12-26 16:53:20,2017-12-27,800cc1918917986a7b33b4d142f051d5,2017-12-03
d3b59b9a0767514f777439a668f564b8,e4b73f0c9ebdea67a8300aaad25ff939,delivered,2017-02-05 12:31:58,2017-02-07 03:50:31,2017-02-08 18:23:40,2017-02-24 10:04:51,2017-03-07,06e745bbbf3c1a18558ced1547ea819a,2017-02-05
ccbb95ac0f7ba15b0f097df2736d9a46,9140f6b8dabc82d5bc6f94b76b50e7b8,delivered,2017-12-11 16:22:48,2017-12-11 16:34:21,2017-12-15 19:18:59,2017-12-20 19:18:36,2018-01-04,e1715ccfbf7938afd9885c65d097b912,2017-12-11
5aa53cb68b145aa3a28a529fd09f77ad,fd871014d27b3b0a4deb772c5d5902a8,delivered,2017-11-14 00:55:29,2017-11-14 01:06:43,2017-11-14 22:51:15,2017-11-17 19:04:02,2017-11-28,2a4aae008a0c529680dd2d983c22a05a,2017-11-14
7b00aadca44baf992ab48295d5abfd61,a3df58a7780eb8c8a26f869e7c65ccee,delivered,2018-05-14 16:12:04,2018-05-14 16:36:45,2018-05-17 08:34:00,2018-06-06 14:29:08,2018-06-18,7ddd6c0f33720d313944857738fc1b14,2018-05-14
4a99025f5af0af1eb1b6602980ae4a82,494135b0bd5233d349196e0df60d2211,delivered,2018-07-29 17:14:51,2018-07-29 17:30:12,2018-07-30 11:13:00,2018-08-02 18:32:35,2018-08-10,4386504bf5420ab6c643c134a5dc6357,2018-07-29
de4d7dbc75ae286c83ca660d77ac9f77,386b21caa1c9879e1f2aea59128cb479,delivered,2018-02-19 18:50:41,2018-02-19 19:50:44,2018-02-20 22:54:02,2018-03-15 16:38:48,2018-03-13,6dc86e0006805cef06e23866562f1ff1,2018-02-19
c13ac59826a76ae21dbe5b33ae83b857,4437df47d5e6a5a2715ada6b258c0fcb,delivered,2017-11-20 22:12:36,2017-11-20 22:27:58,2017-11-21 18:38:33,2017-11-27 14:42:49,2017-12-12,135d1cea07c17212cbd134d5a1e61b28,2017-11-20
e9ee2180608e81469ecf03b7c9a74fa7,994dda0546cb91c1d66152c1ab2b6a0f,delivered,2018-07-06 23:40:05,2018-07-07 10:10:14,2018-07-10 15:27:00,2018-07-21 02:34:25,2018-07-31,aaac19684eadafed255408781e0e1ae6,2018-07-06
3e9482fafca86df873bf05a9563578c2,995bd5eeee0a79a7620d7a1bfd49fb9d,delivered,2018-02-23 16:19:13,2018-02-23 17:01:50,2018-02-26 20:12:05,2018-04-05 20:12:45,2018-03-20,2d9806c09a238fae27f1cf2c246963cb,2018-02-23
e7b90dc72945b8cb0896e981495522d1,f60a773af29509beb39ce69cacbae01d,delivered,2018-04-05 11:04:01,2018-04-05 11:28:14,2018-04-09 15:08:44,2018-04-23 14:06:48,2018-04-25,a711e9ee4b20fd85ce5bae6a96543d86,2018-04-05
963fe4633c744132c09e0ca4eacf73b5,af278c4260a26ecc65c4cb2dff218a93,delivered,2017-04-20 20:18:22,2017-04-20 20:30:17,2017-04-24 08:08:50,2017-05-03 12:48:49,2017-05-12,0391c660eef1a812b4d470b77238cb3d,2017-04-20
19adceb97f5be3e428c2b0df7a6efa39,6d67f15685d8eeb245a003bd9c8310ee,delivered,2018-02-09 22:55:51,2018-02-09 23:08:02,2018-02-14 19:33:37,2018-02-15 18:09:03,2018-02-23,642ac36382354363985c6bfdba639c42,2018-02-09
83d9d9a85946d3089b6b360120a54dcf,f6417110d62f24e1b4cf5a09b62ae4be,delivered,2018-04-27 23:35:44,2018-04-27 23:53:03,2018-04-30 15:27:00,2018-05-23 17:08:40,2018-06-04,a1a1c5083998a1ed55698a1b0d005def,2018-04-27
7f0d655ffe806d4ab4ade36bbaa8e71e,9716c4a296c261a120d27d058e32ab38,delivered,2018-02-16 09:25:44,2018-02-16 09:46:52,2018-02-20 16:51:51,2018-03-02 15:09:38,2018-03-12,0647d94e80c8033ef27686bdb447e105,2018-02-16
b4b82a96ad1cd1dd5071980861bb2575,95e503072b755cc678800adf674febb4,delivered,2017-07-28 13:55:46,2017-07-28 14:05:24,2017-07-31 19:47:00,2017-08-03 17:52:46,2017-08-18,256187f83f10d50f61e0e565943d2687,2017-07-28
53a1965cb8e1d6cf426ffd13a16ee225,ed464200108d2cc6c1ad30de09064a2e,delivered,2017-06-25 15:25:51,2017-06-27 03:45:16,2017-06-27 13:47:07,2017-07-04 14:34:23,2017-07-18,f580b1a7a85512bfb631dbae5331f3b5,2017-06-25
de3353dc4eb5012999074ce70b124fee,9615c624ecd7387b5ab8d1b86b918056,delivered,2017-10-10 20:04:58,2017-10-10 20:14:28,2017-10-11 16:51:46,2017-10-26 00:07:40,2017-11-08,988528dfe3cfc94ed050d8559c06a366,2017-10-10
a4fd084ec20dad1d716b8eb4c9b08601,ee036f3274491ed40be67fe834fa34fc,delivered,2018-03-19 23:53:38,2018-03-20 00:15:22,2018-03-21 19:26:51,2018-04-02 20:32:33,2018-04-05,74ac772dbae9d5a98285d600d1cde191,2018-03-19
e49d81cefb427df79734efdb90023352,9133fb73714e995e2a4426ea1753c3fd,delivered,2017-04-01 00:55:07,2017-04-01 01:05:24,2017-04-05 12:50:19,2017-04-10 06:30:04,2017-05-09,df2c418b45e7990646635bb042cb1dba,2017-04-01
5b54eac5a3892162592352ba2d0ee41e,ad8e474d08b0baf66d55593e5840475f,delivered,2018-03-17 08:43:19,2018-03-17 08:55:58,2018-03-21 17:37:44,2018-04-14 15:58:31,2018-04-10,2be5bdcacf06f81cf569ff0761dac79b,2018-03-17
df125b2cdede89b0ff68ccfb07682470,d53c58d46fe507c0621e1e88769903e8,delivered,2018-01-13 07:29:36,2018-01-13 07:38:21,2018-01-16 18:18:46,2018-03-08 09:23:58,2018-02-09,2fbc646e38b6378316da988e40822900,2018-01-13
76149a98fb53f831f6aa676c3193ee0f,97fbfd543f973bd88988e248eca01348,delivered,2017-06-10 14:32:25,2017-06-11 14:42:15,2017-06-12 10:24:18,2017-06-22 13:26:45,2017-07-05,92de41be8d846c05369434988e663488,2017-06-10
9041901a8959b3c7027d294c4f88ea5c,efd22fcffe47d73526c48448b1c47292,delivered,2017-02-12 21:41:09,2017-02-14 03:45:35,2017-02-17 15:31:12,2017-02-21 12:21:42,2017-03-14,b86158a603fbe60d173aa2864f0daa6e,2017-02-12
18ed2638b8a18b428d5f0cc575878eb1,79ae214df262ee6803fc0cc23c96b200,delivered,2018-01-12 14:27:12,2018-01-12 14:39:30,2018-01-15 22:22:38,2018-01-22 20:09:26,2018-02-06,a26111a961b62d286a2ad9ff967b49e9,2018-01-12
4ee69609938fb96f9c99db9382d6069b,3da953a2832e621afbf58fe1b4cfa312,delivered,2018-07-25 20:12:29,2018-07-26 13:04:19,2018-07-27 13:49:00,2018-08-01 00:58:36,2018-08-10,3e8516f7f5aaa6d4276831965b722ab1,2018-07-25
62062ec33d328897b66c9b74d7401aae,5116b8aff98e02a78066950e862bef8d,delivered,2018-02-23 11:24:36,2018-02-23 11:49:34,2018-02-24 00:28:54,2018-03-30 00:52:05,2018-03-20,b8383de449af386c17b76134b8623f5a,2018-02-23
841155000418a8a525b16b90fac1dcd3,04eb85b269fac8936404c595c4699e3f,delivered,2018-02-21 16:43:03,2018-02-21 17:23:57,2018-02-22 18:13:41,2018-03-22 21:48:50,2018-03-14,e5371f37cd73bca8d365b766109e8d62,2018-02-21
b0e61103ba1dee7e3c3c31f68e62a3fb,ba3865460d9232b12cea42b9b2fc1380,delivered,2018-08-21 12:35:46,2018-08-21 12:50:22,2018-08-21 15:12:00,2018-08-28 15:18:42,2018-09-11,81ed63903142641cd6b9318258281764,2018-08-21
b7349b2c8b3b8105cb58b4c65602206e,48c2928ba35098ca096267d9dbe467b4,processing,2017-08-11 10:10:03,2017-08-11 10:25:15,,,2017-09-29,e2d8ec127c1e5b6382445919f862da5c,2017-08-11
a3af1cceb020d287564458a7cd29f969,c13d3dcb624a2d65b95172935843680c,delivered,2018-01-04 14:53:20,2018-01-04 15:08:20,2018-01-05 16:33:28,2018-01-11 13:10:24,2018-01-31,f4ea7e02368a41f87da30e5e64db8c7c,2018-01-04
c15337f7b22d68e4ea7e1c0a483041f7,1cf7b72c52c53a47f871764a9b092860,delivered,2017-04-23 00:32:25,2017-04-24 20:45:15,2017-04-26 10:08:54,2017-05-15 16:46:57,2017-05-26,87315ceb47e77d03a1c90474e228db6c,2017-04-23
a5739097eb2ca76c5777ee5c16b5d3c0,3c8eb6e4a5a9d6182673cca04d2d27dd,delivered,2018-03-01 22:29:46,2018-03-01 22:49:20,2018-03-06 17:58:26,2018-03-19 22:51:47,2018-03-26,2afdd8696b6603472031594893aa7027,2018-03-01
0ea5fe49c67efb820d76f32ac29817c8,91a7ce47b2a4efba5d9fdd77f8e38fdf,delivered,2018-04-22 15:37:00,2018-04-24 18:42:29,2018-04-23 19:03:14,2018-05-01 00:08:49,2018-05-18,6222adfd47e6a1a898f8ce2bc73c883e,2018-04-22
0a03f10c3075f5566e5cdbef7c487e14,9c0f4ac6b6891be32bf81369e8bc1ed4,delivered,2018-01-20 13:59:56,2018-01-20 14:31:05,2018-01-22 16:23:00,2018-01-26 20:13:35,2018-02-14,900d1496ce4999f49f045b4b378ee0f3,2018-01-20
56f251ca89f74d06076966d5d49b9dc6,8d632afbccd84514a99517b239113320,canceled,2018-03-01 18:03:33,2018-03-01 18:15:44,,,2018-03-23,681405a99faf3ac8afc2dc018a3f67bb,2018-03-01
a417622e6361486aba3c125e67f12837,f443e0967a2925875bb575516857ca09,delivered,2018-03-08 20:54:49,2018-03-09 20:48:29,2018-03-12 18:57:23,2018-03-27 23:22:24,2018-03-28,54f3ab19965ce967c502a42688db578c,2018-03-08
2dcb16f827ccfc7bff5be2a6deb28bce,1117174c546ffd2ad76d566a3ea131f2,delivered,2018-03-21 20:09:23,2018-03-22 20:10:27,2018-03-23 20:11:13,2018-04-03 19:38:37,2018-04-16,b29b4e8d5cb5574a2c5b54b1401ac5f7,2018-03-21
ccaf9bc3712aea66d07acdbea64e069a,6cd50851a4a912e882b9812f3249542f,delivered,2018-08-03 11:34:23,2018-08-03 12:04:38,2018-08-06 15:56:00,2018-08-08 21:27:40,2018-08-08,6c2662935a686e86c8bf44527eba4bd5,2018-08-03
a34abd259f5fc0b557998baef5e87646,b1a474d32b80c083d328a463e8d235bd,delivered,2017-05-30 10:56:54,2017-05-30 11:10:15,2017-05-31 10:43:09,2017-06-14 17:54:14,2017-06-28,5dafb1238b82de265e37a03086461d38,2017-05-30
858b69e79115bbd0e62db0a2bd016b42,45ee981464eeb88b184117b24c6e2ed0,delivered,2017-08-16 15:05:35,2017-08-17 15:15:26,2017-08-18 20:07:37,2017-09-04 20:17:47,2017-09-18,b0c668b6368435ee73c514432936ccdf,2017-08-16
651657a1f3fafa6fb54ff76ef0f1e49b,cdb99e0fb1e567a06798568cf55d179d,delivered,2017-06-05 19:32:21,2017-06-06 19:42:13,2017-06-07 16:59:29,2017-06-13 13:53:21,2017-07-03,3196781fa8e84895b34326dfbb4826eb,2017-06-05
f10c009ca3eae0609b1ad632f68dcf67,65b56ee59c6692b5325659ab6acbe62a,delivered,2017-08-03 17:22:24,2017-08-04 15:30:10,2017-08-04 20:46:32,2017-08-05 13:39:38,2017-08-16,5ec4c90f549177a8cbbbc7419353e66a,2017-08-03
9bd40bacdd3b7f48be6736f831b3bf7d,26008dff64dd147df42935d4da70da2c,delivered,2018-01-09 22:42:04,2018-01-10 10:31:55,2018-01-11 21:49:03,2018-01-16 17:05:42,2018-01-23,9dd4ac66fe332a8f7f2164cdddbb84a3,2018-01-09
61cbfd453bec6d149c4607df0632496f,6eb47ff47e714ed6395a35e258741d99,delivered,2017-10-15 09:40:07,2017-10-16 19:49:27,2017-10-19 15:28:11,2017-10-25 20:28:31,2017-11-09,ad17e771cd63353d186d69e65b499c24,2017-10-15
b2562a552b6e8147da937960384f125e,61f4238594a04fd968bb327c9d8a77f8,delivered,2017-09-03 10:56:09,2017-09-03 11:10:11,2017-09-05 19:44:00,2017-09-06 18:05:24,2017-09-15,f25e1c8fd84f68bd027100754df41932,2017-09-03
a4431cbd79dbddaae7988ce6091cbc3c,adfe737c33fa2f72bef49dc2d2e7b48a,delivered,2018-06-19 12:48:23,2018-06-19 13:16:55,2018-06-19 15:37:00,2018-06-26 21:19:35,2018-07-16,746947cbedc5e4170cd349af0204149c,2018-06-19
544f1209f5b62ca44fb6d358041bca5b,e667dbd980c020783d2b3d6a2bc0e945,delivered,2018-04-10 09:15:08,2018-04-10 09:30:36,2018-04-11 18:49:25,2018-04-13 19:24:39,2018-04-25,e3aea0c015dcb93e4b34593a0ea4324b,2018-04-10
3d23ac3ba9442ed723a59fa3f89b516c,d3bda5762e7a02e5d0c6b5fb6ef70d1f,delivered,2018-02-08 16:10:22,2018-02-08 17:05:52,2018-02-09 22:12:38,2018-02-16 20:52:12,2018-03-02,8891463bcb1e110ed0cc3eafc7d4c1ee,2018-02-08
2686d8e26c3f6e55f0b0914311ebc718,78affbe4e580defed5ce9cb8edb373de,shipped,2018-03-02 22:44:58,2018-03-02 22:55:40,2018-03-06 04:47:40,,2018-03-23,d0edd7af8335ac12dcd77e17d7939fda,2018-03-02
44c29a73f92d2ec846b75feec8e70e81,c15fc378c7f70bbd1c40570e6b4a69d2,delivered,2018-06-01 08:18:56,2018-06-01 08:32:28,2018-06-01 12:47:00,2018-06-06 21:35:47,2018-07-11,23f9e36d85a8b2fcca3dfb9a75c69c3c,2018-06-01
dd623579d6b295a30527eb68420a5eeb,a45cd323d05696938412c8d9d9dc209e,delivered,2018-08-05 23:07:32,2018-08-05 23:24:18,2018-08-10 19:12:00,2018-08-13 14:08:41,2018-08-13,4e8b237cda68814e622271239caf8d01,2018-08-05
39c7d4ae602c664a264c6da2d674f418,813196414bd13deb67a676510c2cee36,delivered,2018-04-09 20:56:21,2018-04-09 21:09:47,2018-04-10 20:24:22,2018-04-12 21:47:30,2018-04-23,2c9f611db729dddec5042603cf603074,2018-04-09
a233eaf2bd44e053226cc032f87a69ed,faa16af8d17f256f854d0b7ef0e49b0a,delivered,2018-08-14 13:05:06,2018-08-15 03:25:17,2018-08-15 09:43:00,2018-08-21 15:02:15,2018-08-28,30ea774d4791fa28f78abe9a89eaf46d,2018-08-14
22b9b43e76d76d237c9e5646e47fc6e3,1a00ab086e473de2fb5ec217d4c6ca0e,delivered,2017-04-04 15:57:37,2017-04-06 02:45:26,2017-04-10 11:56:43,2017-04-19 15:34:26,2017-05-10,d7ef684a4356c48be1e9b1561092bef6,2017-04-04
981169eaa134f634b547095d9321e3dc,6d0ea4c9f465488073d3d51dba7b60db,delivered,2017-12-01 11:13:50,2017-12-01 12:31:30,2017-12-04 17:52:04,2017-12-06 14:44:56,2017-12-19,5e7137f3d110ffa67ffd3bd806e8f39c,2017-12-01
6cd91ba388e06035714e1776db85ec11,34f92bb2c12674af276a774cfa6dec4d,delivered,2017-11-24 11:29:54,2017-11-25 05:10:49,2017-11-29 19:17:33,2017-12-12 19:33:04,2017-12-14,bd11fb83108cb22308b2720269812514,2017-11-24
0d82bda1c67bfa6b3926bcbeb8177932,f30273ed8f6f5349cbdb43e66253ee6c,delivered,2018-01-24 15:32:31,2018-01-24 15:58:11,2018-01-26 19:08:33,2018-02-05 19:16:54,2018-02-20,4394d6aff2ce3fd36d3802ea5f4624b4,2018-01-24
09e3a74fe474342885a70d1b2452c1e2,4ca9a0827276e08dc7f6501766861b04,delivered,2017-09-06 08:58:14,2017-09-07 02:56:08,2017-09-25 18:34:44,2017-10-11 20:58:51,2017-10-03,81e1e6fb1bbc3a061c8c5f6c9ffa9650,2017-09-06
94e97965ecfd64dee3b0484fb3fc76d7,60f9e585dc9b496f05d64d43ec8d863f,delivered,2018-04-28 10:32:38,2018-04-28 10:53:40,2018-05-02 12:26:00,2018-05-07 12:54:54,2018-06-01,438550f7e363d2b192e324b2d43661ae,2018-04-28
059cc0a6e41682f072113815225a5ff7,218bdff2df7ac32907c87cda2061e9df,delivered,2018-02-18 19:11:00,2018-02-18 20:26:56,2018-02-19 17:07:44,2018-02-27 19:18:29,2018-03-13,804703c62c1990158913e1a51535f0e2,2018-02-18
0d6fee6350875c4d645f6490e7f3ee5b,8c033b565b53f0b593b0c0a9d3b9dcd8,delivered,2018-02-20 12:55:55,2018-02-20 13:10:49,2018-03-01 20:34:18,2018-03-14 16:42:01,2018-03-20,8162d9416ce46917802d7d5beca1ca48,2018-02-20
58f06cdcc39850d51ec8677cdff108be,ff2f94c1b20c97ebd9171db22c8e6295,delivered,2017-03-10 08:10:58,2017-03-10 08:10:58,2017-03-10 10:25:00,2017-03-20 10:33:02,2017-04-12,d8a89dc47bde7dc0b83a3434cc017ee1,2017-03-10
ae381714e252e42f49f6de768f243969,ab7476e954ab9cce9236b8392606624b,delivered,2018-04-28 14:28:42,2018-04-28 14:53:10,2018-05-02 08:25:00,2018-06-05 13:58:52,2018-05-22,4a5bf79fada030d8c57672da0288e42b,2018-04-28
9a5463c5be32caedf26ee1c5af6b5459,f5383e357cfe5999fbb5d86f07765cc0,delivered,2017-03-05 23:22:58,2017-03-05 23:35:18,2017-03-07 15:36:07,2017-03-13 11:05:41,2017-03-23,aad964146b7448ec82b49fdbef60160b,2017-03-05
52cba627ccdd9b94ac5a9be42d31b58a,7f8a1c90d9ee5773dbbe0d70ac48b7c9,delivered,2018-01-02 20:16:58,2018-01-02 20:28:57,2018-01-04 16:03:51,2018-01-08 22:09:18,2018-02-05,40e86cb7a8a261846c16f9c97222ee06,2018-01-02
062e5ab5d16890def5883cd9fe35615e,e9fb43f6ae5bfa218dde1430df4a8641,delivered,2017-10-22 00:31:39,2017-10-24 06:34:56,2017-10-30 13:42:25,2017-11-07 18:33:14,2017-11-16,f80580663d6a8552edcf62b8e417c88e,2017-10-22
c882b9080c3622f37c41a25458378b69,3e6b478fcfd7aa346af38ec71ec159ae,delivered,2018-04-16 11:10:13,2018-04-17 05:49:57,2018-04-17 21:51:53,2018-04-23 20:48:42,2018-05-03,6d56236c41a5e54b1352bc552024d627,2018-04-16
7fefe32e6b0c87d855993ac5dc8dd951,5ccef752edd45fef7a1585a62a3c0a20,delivered,2018-08-01 22:06:49,2018-08-01 22:15:24,2018-08-03 16:11:00,2018-08-11 05:16:39,2018-08-14,46c3e28fe8d7700d01084877a6371471,2018-08-01
984b736f36379b94a92c737061fef6b4,354958fbd43fe35519e2b51cf974b99b,delivered,2017-04-30 14:13:56,2017-04-30 14:25:14,2017-05-02 15:23:05,2017-05-10 09:51:55,2017-05-25,96ab72ac042d90ee484cad2129b19b2f,2017-04-30
3a4a16a0abedcdaf512f9c1a791049c0,b98dce52f7623552b8acdb382bfb202b,delivered,2017-11-29 12:38:38,2017-11-29 12:58:18,2017-11-29 22:02:58,2017-12-01 16:42:30,2017-12-13,f1fa0c59f0c5accd9f1da53a846c5a36,2017-11-29
38e0cb80c67af61efd491a83aed8c8be,f45084d9526b019b846ff5baf75014bb,delivered,2018-07-20 09:55:09,2018-07-25 23:32:02,2018-07-25 14:06:00,2018-07-30 18:03:12,2018-08-08,235779957c2021aca8a67006d358b807,2018-07-20
52472bb5641bc4069affdcb1210d2feb,d968e5c03602c9ba9201038339872902,delivered,2017-11-12 15:14:39,2017-11-12 15:26:14,2017-11-13 19:32:01,2017-11-14 17:03:00,2017-11-27,ea0c8b3d338bf8e3488d10daf4d6f34e,2017-11-12
afce0ce9c7f274fe0f46591b25e9d438,ec126b0b2593214b75ec14893b15d9e5,delivered,2018-02-08 17:41:15,2018-02-10 10:18:48,2018-02-10 01:17:51,2018-03-02 20:46:46,2018-03-09,78f3a4a5fd7af366fb49942756be9a1d,2018-02-08
3027797ce35841bf74917c0b0ea1a38d,64e2e80c6c053f95af9f072968fc8196,delivered,2017-01-15 12:37:26,2017-01-15 13:05:44,2017-01-16 08:50:39,2017-01-23 16:14:21,2017-02-24,609846ecfa57e90e8ce0fe6c0e06b0ad,2017-01-15
ac494f2492ac7cf8a41a392e48a51235,a469bf7183aaa8062ea38d7eb578d265,delivered,2017-08-27 17:01:15,2017-08-27 17:10:25,2017-08-28 17:32:20,2017-09-01 15:22:06,2017-09-29,5863a84c48e166291a930a8fd88f92aa,2017-08-27
121cee5f26a6ad83236f8348386a035e,5f78591f2dcaf59c014ea6d8934a1f91,delivered,2017-07-22 20:27:27,2017-07-22 20:43:02,2017-07-24 19:22:25,2017-07-27 20:57:59,2017-08-11,f1c1b6f0e552042f6b5efb1cb877f6b6,2017-07-22
b0226a31a2297b13e23df75400c28d81,de059415c6f437f5d8b6d4f212e5402c,delivered,2017-12-02 06:32:02,2017-12-05 04:15:51,2017-12-07 13:32:29,2017-12-27 21:24:54,2018-01-02,eaa604ab9f816252edb7a8d297f932e5,2017-12-02
f5691c2b1ca263490374d13d020bd950,ed369d5d0e1850f096e478def9027961,delivered,2018-02-24 17:38:14,2018-02-24 17:50:26,2018-02-27 17:52:31,2018-04-23 17:53:25,2018-03-22,fff1bdd5c5e37ca79dd74deeb91aa5b6,2018-02-24
7ef2c6899131acab158119767e5880d5,d22a47bf2e5f0cc18e92898afb5322d3,delivered,2018-07-19 22:33:27,2018-07-19 22:45:10,2018-07-24 14:59:00,2018-07-30 19:46:54,2018-08-08,c14866a920a7905ee8acbcbb9624e61f,2018-07-19
dfb95a7031f9abf6495bc955837c3125,759402811612c3837b9e688e4ddc26bf,delivered,2017-03-01 23:12:39,2017-03-01 23:25:14,2017-03-02 07:36:45,2017-03-09 14:27:45,2017-03-31,b8f20ea4c97c0b9d62a5c41ff89eb36b,2017-03-01
a020433e87434b10e6dfc7a7ceb690c0,2bf9dbfa616a211aef13c9c3589642cd,delivered,2018-05-02 20:18:26,2018-05-02 20:53:40,2018-05-03 09:09:00,2018-05-10 21:16:44,2018-05-23,5413ac632f2eb867ef5b32c1fbf8c6e5,2018-05-02
2638e64a928557c96574eb38ef0b04e8,374c44b41aa7d2530e4c0f858ed605b9,delivered,2018-05-03 08:15:45,2018-05-03 08:31:56,2018-05-03 11:08:00,2018-05-08 21:48:45,2018-05-25,0e87c0ad8f056daa8a7869df5a14f55e,2018-05-03
34bf4feda1e203af64692d97c6950c39,64b56cb1662271f54a81d96a28741487,delivered,2017-01-05 12:14:58,2017-01-07 03:35:24,2017-01-11 16:09:04,2017-01-16 16:13:55,2017-02-01,da9c90677b1963eca1cf8a14c338cf6e,2017-01-05
6d9da1dcc8d05c588e4ea617d0fe9465,ce9167d363251ec55e167d15816ea22e,delivered,2018-08-09 14:12:11,2018-08-09 14:26:21,2018-08-10 14:51:00,2018-08-14 16:04:42,2018-08-15,f7a06579f9f36b29b273a9193d18d041,2018-08-09
35bf7f86bc7add201e5b6573052157f0,7fedd1fd0e93898a67a4ffa570b50497,delivered,2018-08-13 22:22:03,2018-08-13 22:30:14,2018-08-28 09:43:00,2018-08-30 18:28:31,2018-08-27,7b0b4da90f4fb19fe03e9c846c77c7e6,2018-08-13
2b0ea1bc126b4422086b85c125810819,aff11919be30c1cdc7c7e6340382d72e,delivered,2018-04-05 11:36:07,2018-04-06 03:08:29,2018-04-07 01:22:39,2018-04-09 16:15:02,2018-04-23,7215868b5e3128b8dbb155421c0555b7,2018-04-05
c8bc8f1025acaa48d5be4ea4c11c88a3,8221c54551cd04fde5c190327187315d,delivered,2017-09-26 12:20:27,2017-09-26 12:35:20,2017-09-27 15:48:17,2017-09-30 01:15:38,2017-10-18,c798fdd045fed982005c3ff857b81f6f,2017-09-26
debba1cc1685803f891dc845be9f9119,792d60f8990ca759e432d4d95612282f,delivered,2018-03-27 09:21:59,2018-03-27 09:35:20,2018-03-29 00:32:43,2018-04-20 21:27:49,2018-04-17,3e52ccb0647aeef840516366342ffed8,2018-03-27
0e1f02c51187a6a08aa473a3a0f3bc71,edb5b016b8ad8eb09f8c33cb3013a52a,delivered,2017-11-20 18:53:36,2017-11-21 03:46:25,2017-11-21 14:57:50,2017-11-26 16:18:48,2017-12-12,4a433c62dfda8104d295307e855c82a7,2017-11-20
e8f4435c1db6d7bf9e191fd9bd6a6682,e024d0495b6a3a0ad665becb6452206f,delivered,2018-06-20 19:31:47,2018-06-20 19:58:06,2018-06-22 12:20:00,2018-06-25 21:33:14,2018-07-12,942507885a441e329ab26f393af451ba,2018-06-20
e26f55a50645c4ffe8f2278b9c7e05b6,bf048168b14f8356e05d04dc16e9c9c1,delivered,2018-04-18 09:51:57,2018-04-18 10:10:56,2018-04-19 20:26:36,2018-04-20 21:22:40,2018-05-04,f06ce369f61d9876bcdde066d3a38f0f,2018-04-18
02556030d826438ef986ab5fd723a9a5,7e99f5592fa32c986abe9622f3058a49,delivered,2018-02-11 10:47:59,2018-02-12 10:48:11,2018-02-16 20:09:12,2018-03-05 19:14:28,2018-03-14,74084969d4b912b9bd10439ebb79ce6b,2018-02-11
421458b47a5a081467392d21eb42aeb4,b08fac8c0f68c7bfed763fe5d78eb557,delivered,2017-10-03 13:26:11,2017-10-03 13:49:21,2017-10-04 22:27:57,2017-10-27 16:02:57,2017-10-25,77201436a37981c76b0650dad7b63b62,2017-10-03
f3ac1ae368056ff22ec4aa00b35cf351,37eb563f19e35c3d7c0e6218854571b1,delivered,2018-06-26 00:54:06,2018-06-27 03:35:31,2018-06-28 09:14:00,2018-07-05 12:29:00,2018-07-27,4841fb7019fb80d18d2991156eca6e47,2018-06-26
4b7e81be5da17ae60c44ba5992fac95d,b07e3d2770a8635837a1a1542b0d54f5,delivered,2017-03-21 16:54:22,2017-03-21 16:54:22,2017-03-23 15:24:26,2017-03-27 18:37:31,2017-04-07,a8782b0257ca3ed5cd665f5e7a0bb0c2,2017-03-21
91e725244b1ed72249f35430530e8bcb,c4dc91bdedce7359df739e25b9b3a21d,delivered,2018-06-26 15:14:47,2018-06-26 15:36:28,2018-06-27 13:03:00,2018-07-03 22:50:09,2018-07-20,57fb9a5dcee103d51bf7c744e7f3cac6,2018-06-26
ffdb12bf66b3d0145d09d962745a05f6,621bdee022e2acb3aadf90994fd4e39a,delivered,2017-10-14 19:46:54,2017-10-17 04:15:00,2017-10-20 18:17:56,2017-10-27 16:24:37,2017-11-14,3a00b1dfb1dbb5f7eb5cbede869b5846,2017-10-14
38148c3810e7b739572bd17e7345de0e,ee80a9de8e46cfa4b1d57728a29bc6ad,delivered,2018-07-18 16:38:14,2018-07-19 03:02:28,2018-07-19 14:43:00,2018-07-23 19:37:59,2018-08-09,ae40b7bdcb097734115ea1e0ca8f9fb2,2018-07-18
7e2161123332d22deb9d0fe9a4bcaa1a,124ad1a02952811749ff9285b5e0a5c3,delivered,2018-08-02 16:16:41,2018-08-02 16:30:58,2018-08-03 15:46:00,2018-08-07 18:18:26,2018-08-13,2279cf489dcf3b1d919069199fd70387,2018-08-02
eb548af48abf2239b1967a6798cd1d89,09d5928beb6589630dc2dfa45b7a8706,delivered,2018-04-13 19:25:25,2018-04-14 19:31:14,2018-04-17 17:18:46,2018-04-25 00:38:50,2018-05-25,9e9d195416024b1dfa8f2905821bda8d,2018-04-13
a323136c70288cf38733120f38fd5130,4ac39553e07e3ac95cd4f6e5e1a22327,delivered,2018-04-29 09:48:46,2018-04-30 09:50:26,2018-05-02 14:17:00,2018-05-08 16:34:37,2018-05-21,17fda1ef72d812ff002ff37324a0000b,2018-04-29
5e503e04fb4ac991c961ba04464043ef,63c58c6aa9fe2497884438c6756fe940,delivered,2018-04-11 15:33:25,2018-04-13 12:50:24,2018-04-16 18:31:52,2018-04-20 19:58:33,2018-05-07,a12dcd7d4f4c8d2b758deb8241690fcd,2018-04-11
fecae1bd1ff32a92a32f344535a9cf15,773c8b300f0ac77b525ad68009347910,delivered,2018-02-11 23:59:02,2018-02-12 00:10:31,2018-02-16 20:07:13,2018-02-22 00:06:05,2018-03-06,5dcdf5b683c8e5a4ac898858e0a823cc,2018-02-11
9198b4e581a0d75d41d959e9a161d1fb,326d6411a0ea9bf9fa58b6f386a7ac98,delivered,2018-06-06 13:01:42,2018-06-06 13:15:17,2018-06-08 14:57:00,2018-06-19 12:26:24,2018-07-12,9b8b8f0d3bd14cf732659dc979c3632a,2018-06-06
87088bdc1540ebbba402377ce8cfbbb6,58bc1c991340ff5dad626db50a02b869,delivered,2018-07-30 19:49:47,2018-07-30 20:04:45,2018-08-06 12:14:00,2018-08-08 22:38:45,2018-08-09,69b8f6a975716dd41ef98c78d1618f11,2018-07-30
85a81c0e39303d994f18f70782aea630,d235b32c477cc6bcc8d968e1443b826a,delivered,2018-08-01 19:32:45,2018-08-01 20:30:22,2018-08-14 11:41:00,2018-08-16 17:58:51,2018-08-20,9d605e775d4d5e73e7b4177ec85effc5,2018-08-01
d0dbda050bd2eab75385fd7d22fc3a80,3a5a1d3cc48339dcf5da97cb1e09a031,delivered,2017-11-04 14:32:12,2017-11-04 14:46:33,2017-11-06 19:27:38,2017-11-14 00:51:48,2017-11-29,1e24bcbf79c2fe9dfbfc065e1a6c4780,2017-11-04
e5fe38521d772f4cd7ee3487ac6831c2,25d0a19994db670da25c2a23de8466f0,delivered,2018-05-31 08:13:28,2018-05-31 08:30:26,2018-06-11 13:34:00,2018-06-21 16:27:44,2018-07-23,f820eddce0a5ff03e1e40168b5ddb0ec,2018-05-31
7fc033af2ece8187b358f40d43a6b6e3,854e4647a09c84c5eb8db03e6328c2ef,delivered,2018-08-07 20:12:26,2018-08-07 20:24:55,2018-08-08 11:54:00,2018-08-15 19:41:43,2018-08-29,48cb4ab6df376580842b26d06e20001d,2018-08-07
bcbc8a3ecee336fb4246953d88479a9a,27945705176edfc88626182607cb3ec6,delivered,2018-04-30 15:44:22,2018-05-01 02:38:23,2018-05-03 06:33:00,2018-05-08 17:02:48,2018-05-18,7c6b574623a7ad16d97a7e62543f25e6,2018-04-30
4e9ff1cf3de62fe0f78482fb03f190f1,a169caa335df070f315a2434fc6f5587,delivered,2017-12-04 18:43:34,2017-12-05 04:11:58,2017-12-05 19:13:02,2017-12-14 00:16:15,2017-12-28,ee29767d4a6d680a395744537ba96b85,2017-12-04
dd68ef67523952a95a744e87a90375b9,ab7cdde52066bfd89ad0d6219b6a5a0c,delivered,2018-07-20 10:33:13,2018-07-24 11:32:36,2018-08-07 14:04:00,2018-08-13 15:35:10,2018-08-16,9c49fa7a57ef2dc5b85da10af332a1bc,2018-07-20
8db6d994614bcc929d44d89152cee0a2,5a3ca183a31a2561f9a3d743a301c162,delivered,2018-05-12 12:02:28,2018-05-12 12:12:33,2018-05-14 14:04:00,2018-05-22 00:22:02,2018-06-01,7ac75eb1e4064d687eb1826aa8b9d2ec,2018-05-12
61f50b9484c359645b77ea7a6ffdd946,222a77a6c34da7d894f816fc6fadd129,delivered,2018-03-18 10:50:44,2018-03-20 03:28:20,2018-03-21 19:04:11,2018-03-22 20:28:58,2018-03-29,c3fde3fb9411eaf330e0f591526510b0,2018-03-18
8ef736291230daaf8c549e5120c51cae,8d0cf47c73dcbe1d145091add47ba6c9,delivered,2018-06-02 10:11:22,2018-06-02 10:30:54,2018-06-04 13:47:00,2018-06-08 21:18:35,2018-07-13,d51425d700bba699108c1d2e05918b4c,2018-06-02
8299066c13f491b4cf9bdb486d2058c2,9463b5b75f8762cb7253d4c117bd2194,delivered,2018-05-14 12:53:23,2018-05-14 13:17:03,2018-05-14 12:43:00,2018-05-23 21:21:54,2018-06-06,9b382a02f201c7be3c6840e95e1dff12,2018-05-14
50b8dbee8859800c77f56a85f7db69cc,6bb72ac9549dd49ee755b90d18bc8ee1,delivered,2017-12-11 15:30:12,2017-12-12 03:55:35,2017-12-12 21:37:01,2017-12-14 17:33:46,2017-12-28,329d55bd8bbf622fed22b14b6fe4245e,2017-12-11
3bc7bafe08bb58c43522debcebcad17d,7174ad809f497cf0fa40b32ff467b503,delivered,2018-03-22 14:00:42,2018-03-22 14:15:31,2018-03-28 02:26:39,2018-04-03 22:28:25,2018-04-13,c2850912977916129ab521d1cea9ad7f,2018-03-22
f2817b9b62f285df8c6fc08f6ee87077,35113242ebcc421446ced363e5afe211,delivered,2018-06-16 17:24:43,2018-06-16 17:38:49,2018-06-20 14:08:00,2018-06-26 15:09:39,2018-07-17,43a78125f07ec111cd756226265faeb8,2018-06-16
a59a8fa1ef4546339d5f68967925864e,5e4c923f6bf499ccf01382f680b35c55,delivered,2017-11-07 23:18:59,2017-11-07 23:35:32,2017-11-08 19:41:00,2017-11-16 21:45:32,2017-11-27,4c3c7010e7eaa9565e6ea8fdd9dd0b43,2017-11-07
67f3b828f1f998df84200e854c3119e1,80c4dc46956f0f6a5ed3e574353e0f71,delivered,2018-05-13 19:47:19,2018-05-14 19:57:50,2018-05-30 14:03:00,2018-06-08 17:41:48,2018-06-13,e4e44c4115815a76259cf73c08a874c4,2018-05-13
9e02c4c728d01f48f6a07f6179cef325,912432b1441d770e3a875423ef50f6af,delivered,2018-06-06 04:47:21,2018-06-07 03:12:31,2018-06-07 15:04:00,2018-06-11 22:32:31,2018-07-03,b08ca66442368a1e4f8ab6a8c756f5cc,2018-06-06
53544829cdc8e89c9fb03d74ba13a4f7,c0c74e5770ac223cc65fcb3e531703d5,delivered,2017-10-01 18:58:44,2017-10-01 19:14:12,2017-10-04 17:06:56,2017-11-01 22:02:58,2017-10-24,ed9090996873e17edecc82040051468a,2017-10-01
84044525fdc38c357145cbe9681e387e,9844f1bf373bfd63ccb3ce5f1793debc,delivered,2017-02-05 15:41:37,2017-02-05 15:50:21,2017-02-07 11:31:48,2017-02-20 11:37:44,2017-03-23,b05d073f2741e28f818d1006b29e5416,2017-02-05
f331aa0f00901e6fac9d24f48343d282,f289ae46fe4c8492d0b09e523c1c0a12,delivered,2017-10-24 00:35:32,2017-10-24 00:49:18,2017-10-25 20:14:16,2017-10-26 21:52:18,2017-11-06,4bfaeedb62dbbe744e6895e44cca512d,2017-10-24
a28f923e467a199f1c999037c871c9b1,a280ca247884f51fa75900e6cd4b17a3,delivered,2017-11-28 01:18:59,2017-11-30 01:21:47,2017-12-07 02:14:58,2017-12-16 14:31:00,2018-01-05,fa213c5bcb76416cbb1c1c11d2426566,2017-11-28
a6891e28ce17d3ec9391ae48c5a321d1,c8d818c5d5c614a9042ce8e23ad8f125,delivered,2017-08-30 15:01:26,2017-08-31 02:50:28,2017-09-04 20:12:41,2017-09-06 16:35:03,2017-09-18,d284ecb456463236872501e99961bd52,2017-08-30
20cc317e80d8a478c61b30c26edd3f0b,f74f7d4e2664b99e1cd78ef0f906f4cb,delivered,2018-04-26 08:47:53,2018-04-26 16:32:48,2018-04-27 14:16:00,2018-05-03 19:54:25,2018-05-15,c2420179b6e09b39bd84ab44ec412a51,2018-04-26
82ee69216f11b23e2d21d2796e079366,7f8aa5f321fc28ae90ee6a38cd6e3150,delivered,2018-08-08 11:34:56,2018-08-08 11:45:19,2018-08-14 13:59:00,2018-08-17 12:28:46,2018-08-23,a307cb0934b15ffb99d5247fb5616107,2018-08-08
f3d070c8b094a00980b59d97ff3d95ca,1abe6320a51b5dd13451f67d2ff446af,delivered,2017-07-29 12:00:55,2017-07-29 12:15:16,2017-07-31 17:27:35,2017-08-03 19:29:50,2017-08-29,cab9fff97b01cb7dfe21340292eabfb4,2017-07-29
29a2fc94d071b51922d95462458c6c7f,8df7e106f99ae17a05a4594b8d77a3cd,delivered,2017-03-17 08:08:05,2017-03-17 08:08:05,2017-03-21 09:36:44,2017-03-24 16:48:17,2017-04-07,0cf0c4ba8023930f204fe118cb0140b9,2017-03-17
78e71adaa2a4cd500b0c3421c6c588b8,d256c1df237b8ea64ecd66b77cf142df,delivered,2018-01-14 12:36:11,2018-01-14 12:48:28,2018-01-15 18:48:44,2018-01-25 22:54:56,2018-02-07,6864d1ea40530414cf6b04c740450443,2018-01-14
9074c0d9543d2c8d13c3c99b15ddfd55,ce581900fcd586972330fa45459265f5,delivered,2017-03-08 19:13:39,2017-03-08 19:13:39,2017-03-10 15:26:52,2017-03-16 17:31:46,2017-03-27,8fe6d948b398d2a48d4a915300e9e811,2017-03-08
69949f70025210748c64e8271bc63520,671d695d18f4e956cb2cf8676da962d1,delivered,2018-01-04 10:37:57,2018-01-06 08:59:53,2018-01-08 20:06:35,2018-01-24 16:37:19,2018-02-02,a50c1032c3f5635519c65a8cc84c6171,2018-01-04
91394832e2cfea6fd2da6fe1b72df4c9,2158a2e31d4465b16cec3d61354dee03,delivered,2018-08-14 13:36:29,2018-08-14 13:50:18,2018-08-15 14:19:00,2018-08-24 17:03:53,2018-09-17,6d44ca47f1c510df4438031a57fe30ea,2018-08-14
8976430d1df174a9bce201c4e859d921,710c1f2c83705274fbd85f1cc9cd1a0f,delivered,2018-04-14 18:48:26,2018-04-14 19:10:59,2018-04-17 14:19:31,2018-04-21 15:14:49,2018-05-23,d1484b34e362c48002d3ee703d5eb89d,2018-04-14
9646824929f3639e4b1733a40e3ae25a,47aed935aadfd0216c914feef077b799,delivered,2018-03-07 15:15:15,2018-03-07 15:31:57,2018-03-08 23:18:30,2018-03-13 13:23:50,2018-03-23,a0395992019b401544b972905cff02fb,2018-03-07
c20b8787cc61fb390fe578ddf1995933,b33f12eb84ce2fd376a58202dcbb8a67,delivered,2017-09-22 23:13:00,2017-09-26 04:04:31,2017-09-28 14:56:41,2017-10-06 19:23:22,2017-10-16,b7549e5ac3f748f89a217d25c16282a3,2017-09-22
907057c26859398070400de963028855,f04c3f6e20a2a4318d97d7cec1d27bbf,shipped,2017-08-21 15:01:40,2017-08-21 15:15:10,2017-08-24 18:40:09,,2017-09-21,8f846b30f8f56368cd1bf4c89efeed74,2017-08-21
52d4b2f313a33c4f6ae0f774f4d9221e,bb648df2c17869f35b0bc5d0d4f40a1d,delivered,2018-02-16 16:59:52,2018-02-16 17:15:25,2018-02-22 17:22:00,2018-03-08 00:49:49,2018-03-12,7f1ea01609a993bb6f8b7b52090d1661,2018-02-16
1be51feefcd481bee3118900e6777057,0fce8fa7269758a9711ebafed7c8bf65,delivered,2017-05-17 21:06:56,2017-05-17 21:21:58,2017-05-19 09:51:44,2017-05-29 12:16:50,2017-06-08,a378caa847f8b44d00411d34449359d1,2017-05-17
4c9904554ffe76f9b6ec64bd4e266778,961550c2d5a8c8f344f070cd57768e1c,delivered,2017-08-03 22:55:21,2017-08-03 23:10:14,2017-08-04 18:17:26,2017-08-10 18:04:52,2017-08-29,ae3c77c1a9b24fd04b357b3794f5cc5c,2017-08-03
7bdb2d28573c6576a3204c21c98aa93c,7bdfd539472c3f643e7818768c461be8,delivered,2017-04-25 21:09:59,2017-04-26 09:34:42,2017-04-27 06:47:42,2017-05-02 12:58:07,2017-05-12,453cd758afff18e40754e677fda9fa59,2017-04-25
c5c82d0544e75ee9ca884b6f458dfaba,9914ae7a72a8729b8e0c04894e50c586,delivered,2017-12-05 19:01:29,2017-12-05 19:15:31,2017-12-06 16:55:20,2017-12-13 17:18:00,2018-01-04,9e64f4be8f489777a028e0e37825f3a4,2017-12-05
5a9f638cae9fc9cd16c2f1e748da4c77,bab00597e0b0a37f66188dba9063b493,delivered,2018-02-24 22:09:07,2018-02-24 23:00:37,2018-02-26 18:57:05,2018-03-09 20:03:39,2018-03-16,8ffebbbec19983caaaf5197d7735ac11,2018-02-24
95261f608a64bbbe760a212b4d48a4ee,5dca924cc99eea2dc5ba40d11ec5dd0f,delivered,2018-06-15 20:07:13,2018-06-15 20:41:11,2018-06-18 15:52:00,2018-06-21 12:18:32,2018-07-05,2761fee7f378f0a8d7682d8a3fa07ab1,2018-06-15
48392c118a56906cb754da6de7a6bf38,9e8ba2e59aa2e9d2582584dfc5196145,delivered,2018-02-28 15:55:22,2018-02-28 16:15:56,2018-03-02 15:33:23,2018-04-03 17:32:16,2018-03-27,dc1221bff5d560f492a67e8353078d6d,2018-02-28
4a0631db2a41a97552aeba43bb156b08,607d02e2b62d5615a13a02914144d29e,delivered,2017-12-29 20:33:35,2017-12-30 20:27:04,2018-01-03 21:28:24,2018-01-15 19:52:50,2018-02-01,3a0c798bc20f5e9c976aab2600a3e8de,2017-12-29
c2df33f3704734147110b6685185915a,463c8cea8adb293163eb6704e2542b00,delivered,2017-12-03 09:56:01,2017-12-03 10:13:19,2017-12-04 22:15:09,2017-12-20 23:10:03,2017-12-27,99b9a3a36b7ab82a4f8cba014c25f523,2017-12-03
a6e307f50d1a494a1ad373af7a748e1d,9834899aa900947d8832062231831871,delivered,2017-01-25 09:42:36,2017-01-26 02:10:20,2017-01-26 10:37:16,2017-02-02 16:35:31,2017-03-10,6f01b9ac4c9a8eefc69b60aa64325a12,2017-01-25
41f96c03eb68bd14c41a74e504ddcdbf,211ccf4cdfb61d29517dcdef08deed32,delivered,2018-04-09 21:41:00,2018-04-09 23:10:29,2018-04-13 18:03:13,2018-04-16 16:28:56,2018-04-25,aa541fa381d763426a5a445ad2dd0d70,2018-04-09
78677d29b6ced35c181f0d59b0106355,7e13ad3d6410664e2311bbe3433607bd,delivered,2018-04-12 13:40:32,2018-04-13 13:14:33,2018-04-17 23:38:29,2018-05-03 22:07:34,2018-05-09,d997282f90170d7e7c921b0de10715e4,2018-04-12
dd4d3cf66aa23e931c9af921516324e4,00c634fb2feeb4e2767a916c2375c9b8,delivered,2018-08-20 19:09:20,2018-08-20 19:30:10,2018-08-21 14:02:00,2018-08-23 22:17:44,2018-08-28,63ebabf91afda8d43e0f6412fcfe6bf1,2018-08-20
84e34554c40b81ca0f4228e7c59179f9,740ada6fbe8fc3d20d6bd34fe205b5fb,delivered,2018-06-05 19:11:38,2018-06-05 19:54:46,2018-06-06 15:02:00,2018-06-23 16:51:34,2018-07-27,c136679b4a1d1f1338e021adfa0ca947,2018-06-05
03a312126d4985217afef2625df60af4,393df32d466d4952412196461ac05d52,delivered,2018-04-10 19:02:15,2018-04-11 17:50:18,2018-04-14 01:15:23,2018-04-19 14:22:53,2018-05-02,f444ba0d223518973d2ab5ee663bfd9a,2018-04-10
1f6ddbae00fc6acbc0457caa5fd89ad1,a86f4da27da046cfe243ffb26f3ccfa4,delivered,2017-09-05 09:41:49,2017-09-06 09:45:42,2017-09-08 20:42:12,2017-09-15 20:07:41,2017-09-22,10c6d7016b3248e3d1be1aa917f8909e,2017-09-05
dd36773263ff4067f6b50d5a7ad9d8b8,80ab6bbd8027f608ce6fdd8eeba13c3b,delivered,2017-05-11 14:56:16,2017-05-11 15:10:21,2017-05-12 09:57:59,2017-05-15 08:59:48,2017-05-19,adc01bff75c8f595b059d6939bc30c6f,2017-05-11
de2ab566764e5148ccab8476d2cf1806,773aae05bac914c36004d54d159a2e35,delivered,2018-03-12 22:16:53,2018-03-12 23:28:27,2018-03-13 18:21:20,2018-04-03 19:26:46,2018-04-05,2a336312a5dc5ed218e00b47b4d984b9,2018-03-12
0b42c660077b29a5c0b8476149a037ce,ccdc2ddfa95f2b9436f3c21dfcd6ae2d,delivered,2017-12-10 23:27:20,2017-12-10 23:35:23,2017-12-12 18:45:46,2017-12-28 21:27:19,2018-01-09,56f386e5912e70f17ce1308ccc7f483a,2017-12-10
61c2fee6b0e84bb5aab5cb16b1cd3020,c3b21b534564d01c868efa9e63f298d8,delivered,2018-08-21 17:48:37,2018-08-21 18:07:02,2018-08-22 14:55:00,2018-08-23 18:34:49,2018-08-28,15780038e7ab0b92f3a1672ff74dc684,2018-08-21
4989085cad96697e77c016d0e856b166,0615ccf2d9e2a40903c1ee5d96db352f,delivered,2018-04-16 21:49:34,2018-04-16 22:32:23,2018-04-19 17:36:50,2018-05-12 15:49:51,2018-05-28,bb60440219f18fe70bab91f0e5862327,2018-04-16
b4059555399120834bc8cf54a84bc6c8,ebd4427eb14de37b29b78d4464004cab,delivered,2018-05-31 20:23:17,2018-05-31 20:35:14,2018-06-01 13:13:00,2018-06-03 13:51:59,2018-06-26,d09390d7975fdc3d40773fed3ed2135b,2018-05-31
edf97e2ce9f13188f1f70288901d707a,be246cd60ac804fef4aac069a77b3df6,delivered,2018-08-05 22:27:32,2018-08-05 22:44:20,2018-08-06 13:36:00,2018-08-08 20:34:48,2018-08-13,7732ee57ffb624c39ed389678618f5c1,2018-08-05
d81e6712eb9cf9f1fcc36ef44e2a19a2,329014c3035be8b78c9cee2f4e6c6746,delivered,2017-11-26 10:28:22,2017-11-26 10:49:34,2017-11-29 12:47:49,2017-12-11 22:47:05,2017-12-22,a7ef6dbaed1ae9fc5145e19a8ea05e70,2017-11-26
74d17f79f897a6ed435142094b225a89,85245501c69284379cc78c76a42b722f,delivered,2017-03-09 08:42:31,2017-03-09 08:42:31,2017-03-17 08:27:45,2017-03-21 09:50:00,2017-03-28,7fe5992a795aa710faec1970a2949af8,2017-03-09
773f515d33d86f596ef646f6864670c0,0c5fac92d05500d45585d4a0ea36eea2,delivered,2018-03-12 23:54:32,2018-03-13 00:05:24,2018-03-14 00:24:25,2018-04-11 17:47:19,2018-04-06,dfbb280b05ea506dc2d14628e635d797,2018-03-12
c66a6afc1a7328bd219214cbf7cf80d5,36ba0a3872f465051b070a89f8f40c38,delivered,2017-11-27 21:29:49,2017-11-30 17:31:14,2017-12-01 17:32:59,2017-12-09 15:27:09,2017-12-22,69ee2436fee0bcd2df0a18487058176b,2017-11-27
54ead55258a0f7c690c5396bbe410795,4982fd02695e0255010f2c65025cd965,delivered,2017-11-11 17:45:07,2017-11-11 17:55:31,2017-11-17 13:18:46,2017-12-01 18:09:15,2017-12-08,fd7e202ebec5908102cd445bd383f16a,2017-11-11
0b468af2e7c3af5bce986f443aa69083,c70dbe9bfd930472b5a3bc0d052fafa3,delivered,2018-07-31 16:41:43,2018-07-31 18:00:07,2018-08-02 10:37:00,2018-08-03 13:31:13,2018-08-08,69e6cc87a9eb80c6815799251e83150c,2018-07-31
74f9ee0e66467cc93728042775469e4e,1cbe9451567408725b5ab9c1b6f848eb,delivered,2017-12-17 18:45:57,2017-12-17 19:54:01,2017-12-19 22:39:26,2017-12-30 00:04:29,2018-01-19,c2b85086965c0fed46df434ddd474a9a,2017-12-17
52c22e292217edc013570013d1580fcf,722b019d300f4e859a92e10b3b76f6dd,delivered,2017-07-17 11:58:09,2017-07-17 12:10:13,2017-07-19 20:24:49,2017-07-26 16:41:26,2017-08-10,e1aa958aab8416ba3e6c1dfd72d43b06,2017-07-17
badf900cebb1447c807cd761411ca369,0358a7592f838123fd781a9830917175,delivered,2017-11-15 12:39:34,2017-11-16 09:35:25,2017-11-20 18:42:57,2017-11-23 00:08:30,2017-11-29,4b6f5e4f2317eb2c21fd2f9c0ecffeb9,2017-11-15
ad6375df4d400deedc67049cfe1ae46f,9cee027c663f66d73a78ab124f88961a,delivered,2018-06-07 10:23:01,2018-06-07 10:59:48,2018-06-08 13:50:00,2018-06-14 18:34:57,2018-07-13,9339c5dcdb8ec30292a29b9a93b370ed,2018-06-07
333e7a046c4e6cc445f3178043b57039,4688c6355c8b84b24a780915fa1cf4eb,delivered,2017-05-08 23:25:31,2017-05-08 23:35:20,2017-05-11 14:16:12,2017-05-23 14:43:09,2017-06-06,d99f83104bb71e584298ceb4278597ef,2017-05-08
67e5683ee43c8f5d4c0b46f7f8932ac8,6d51f1fb500ebe392c0f01f81c33ac4a,delivered,2018-07-24 13:19:06,2018-07-25 10:05:11,2018-07-25 13:46:00,2018-07-31 23:41:04,2018-08-14,3ee546e47c7da8b1914696a0d382b108,2018-07-24
53b052a1e5fe93eafbcb8243e9a71b4a,ada31f1e64f6080fac87e17b83bc9d87,delivered,2018-06-20 22:28:09,2018-06-21 08:18:48,2018-06-25 15:06:00,2018-06-28 19:11:48,2018-08-01,3d364b0af6346c8e1d387b86d9d4a30f,2018-06-20
0de88914980b96be31b33a407f19ccfb,2397dd19bf74da4cd1fe4b5839199d91,delivered,2017-12-11 08:45:05,2017-12-11 08:52:27,2017-12-11 19:32:17,2017-12-20 20:39:14,2018-01-09,0178df128a2cb4f9914c8c3beb8a57f6,2017-12-11
abb8bdeeece22706515f5f4b05d73d96,fdb45427f85fe29055e2acca69d3158a,delivered,2017-09-26 12:00:15,2017-09-26 12:24:16,2017-09-26 17:19:01,2017-09-29 22:37:44,2017-10-19,89e9f838c2c41a8d39862fe8dee3ffef,2017-09-26
9f7ba492c273ffac8f90a623b8eadd3b,c61336d6c835632048f973d2f2db598d,delivered,2018-08-23 12:31:37,2018-08-24 03:24:24,2018-08-24 15:14:00,2018-08-28 02:06:35,2018-09-03,428f4721a509be8c52de6ec2900ba918,2018-08-23
0276bd1aea24c642af813980281af144,ad8def83f5b550a3b6e13f1ca084a6df,delivered,2017-03-28 19:34:19,2017-03-30 02:15:54,2017-03-31 13:48:49,2017-04-19 07:15:22,2017-05-03,27259fad9054fce994a70f1d117bc402,2017-03-28
fc24613395700f29adf22b2383c12bb0,81f561520e52174150b1900259863a99,delivered,2017-07-29 01:28:34,2017-07-29 01:35:18,2017-07-31 16:41:59,2017-08-08 22:03:40,2017-08-23,668ddbdd3ee99d4339eadfef21531d45,2017-07-29
a3c7d28de01c698e2ce11cd0d2b63714,9413305b5a13836d2da295fc5bf9d704,delivered,2017-03-23 09:05:01,2017-03-23 09:05:01,2017-03-24 10:08:16,2017-03-30 14:56:26,2017-04-11,c5523adf6d3ddba8e8b033d73ed90920,2017-03-23
50aee6309ac7a0d4fd5c78ac0d4e5404,b48f0c850994495b24f1440c76873576,delivered,2018-04-25 09:06:16,2018-04-26 04:15:20,2018-04-26 12:09:00,2018-06-19 14:29:06,2018-05-21,a73031fcd093e2e6f46dc11bb2760832,2018-04-25
90a1422a1f083e2c405dac4289980c69,0226546cc4bbdda9dea563ff7138700e,delivered,2018-08-14 14:04:50,2018-08-14 14:15:20,2018-08-21 09:06:00,2018-08-25 00:56:23,2018-08-30,b5d391e8447d5ae0f8b852be83249e07,2018-08-14
d5af6d41c141d7f5e36c08e509167d01,ca57bb5656e1cdd3988f4029be71fdcb,delivered,2018-01-10 09:31:29,2018-01-12 10:17:34,2018-01-15 18:43:34,2018-01-16 21:42:40,2018-01-30,b2cbe4e95365283e0e782b00501d1124,2018-01-10
2525cd7ce3320dde22109e4066be3f7c,41ddb6b40ea0a93e0db456b9da68eed7,delivered,2018-02-26 15:59:27,2018-02-26 16:32:26,2018-02-28 16:25:42,2018-03-15 14:08:41,2018-03-26,346fce1712054d4339be023a27c38f13,2018-02-26
83eeb5927501d7cd48797636a1ec02c6,393e5c8146554179c1b5fdc1b68c8d85,delivered,2018-01-08 20:39:42,2018-01-10 10:32:50,2018-01-10 21:13:39,2018-01-11 16:28:42,2018-01-24,c95f167e389fa56020cbf36737b3596d,2018-01-08
527676fa1c791f44e2eef1579abf401e,a542cb794ba26cecc08fdd5db20b5b45,delivered,2017-11-17 19:41:49,2017-11-18 02:35:32,2017-11-21 12:27:47,2017-11-24 18:11:44,2017-12-06,6d983c87bdeb0ca15734c8bdaa79a2ea,2017-11-17
afca71553980e9b43f27c3bb7d1c54ea,566a5937fce940cf40bf500a444b8f0c,delivered,2018-03-08 20:59:46,2018-03-08 22:00:37,2018-03-09 20:26:26,2018-03-11 10:38:33,2018-03-20,e7ee519ccf757ed03c39349a328b80e5,2018-03-08
947b612f269cbbdaa438d55bb70f1baf,c78c34e7592e3ebcf506ddf2e0d68e5e,delivered,2018-08-07 13:53:07,2018-08-07 14:05:14,2018-08-08 13:19:00,2018-08-15 15:26:46,2018-08-21,6f80dd8505a9fcaf272aeaa787e8daa8,2018-08-07
3ed46d0aeda8a091370db112656e55cc,2281c16b24e5ab1b782509f52aa8f4b7,delivered,2018-08-16 19:24:38,2018-08-17 03:29:48,2018-08-17 15:40:00,2018-08-20 19:46:43,2018-08-22,ab5a887e09eadc6c0a79c1ac34615c77,2018-08-16
16848e3116ca4e2beaf0e680d166e8b1,b297a6c631b324386e58204c77aa7dbe,delivered,2018-05-07 02:24:36,2018-05-08 04:54:01,2018-05-08 15:40:00,2018-05-10 19:16:45,2018-05-21,41d3c5409252b916ba349d26923eddb5,2018-05-07
2b6347490306d1c429b6b911ea03f6b8,09d3fee85c0b42b394d08b20e7010f66,delivered,2018-06-15 22:48:37,2018-06-15 23:21:09,2018-06-18 16:00:00,2018-06-27 16:41:30,2018-07-18,ec33754027e330ffcd8330bc62925dbe,2018-06-15
f45110f74eef472858fd944cb3c6630a,084dc3ed024e35663cc3e1acc7d6f715,delivered,2018-05-18 18:22:51,2018-05-18 18:35:45,2018-05-21 09:45:00,2018-05-23 11:12:18,2018-05-28,70398455d8ca67111ec4f07b78764fd7,2018-05-18
867edfba28b8528f1424668fbdf0d182,09b05cf05544d8a96f2b7f55a89f10e9,delivered,2017-09-28 17:07:12,2017-09-28 17:25:03,2017-09-29 13:16:12,2017-10-06 19:21:41,2017-10-24,80543d51bd76d8443bff38efce036be3,2017-09-28
59bccab4e9193a9229f7d1b73fcb47c3,fac3296ec4f116faccfa6a6d7e18b42f,delivered,2018-03-04 18:51:32,2018-03-04 19:09:07,2018-03-14 17:22:06,2018-04-04 16:04:23,2018-04-06,4ed128a71a16c4cebc15ed8537d37ed4,2018-03-04
38bbcca5b854ce25280e61e2ade6d7ad,6b133c9c523952f6b66bed7cc86b3db6,delivered,2017-11-29 20:45:41,2017-12-01 18:10:09,2017-12-04 21:42:16,2017-12-11 22:28:42,2017-12-26,b8e747dc04b312915b987395c843dc82,2017-11-29
e1247131e29e9f01c5ba3db262a4cd25,26bc070c7700855f66d4539446779a16,delivered,2017-06-06 08:37:15,2017-06-07 08:45:18,2017-06-07 16:18:43,2017-06-19 21:49:32,2017-07-03,d9dde224b82fcf32f980e1cc2c6bacb3,2017-06-06
484d8bdbb5839ffad3b48130d17db006,5d6b137b4a18086f6aa7fa255fbe0f1c,delivered,2018-03-19 20:19:50,2018-03-19 20:30:26,2018-03-23 21:52:42,2018-03-26 22:52:43,2018-03-29,9724a3cc0a7d59c6be186509c773f70c,2018-03-19
d776bd888cec910433d34b5501ebf2d6,a716b64fe8dde0cfc6a3204fcb473237,delivered,2017-03-11 10:19:05,2017-03-11 10:19:05,2017-03-17 16:23:33,2017-03-31 12:43:18,2017-04-27,2329b7c91ba3245168286403db9876d3,2017-03-11
c0c1dd37a8e883f0250adaa36b474263,a85fcfe5a8e1ae143d339a18516ad663,delivered,2018-06-05 16:13:10,2018-06-05 17:15:21,2018-06-06 08:23:00,2018-06-18 23:44:59,2018-07-19,95a42937fa866fba28ac1090ec50e29b,2018-06-05
e5e9d05da853226a6446801043dddd01,0e224aa0bd25c213012f4fa5a942fd29,delivered,2017-09-15 12:14:03,2017-09-19 03:37:52,2017-09-19 18:42:31,2017-09-26 20:40:13,2017-10-06,0ede223af603b3fc09b367bfd12199a7,2017-09-15
55f58caa1cad1cd636b5775aba8a19f5,258454d942d84154907474e925d03c54,delivered,2018-03-18 09:41:35,2018-03-19 09:35:30,2018-03-21 21:41:35,2018-04-10 18:32:18,2018-04-05,bc43de7efe885be84a3ceebf65f08646,2018-03-18
ef553ba476c9bf8051035dfc9fdeda79,8fc171b51b07eca528a8a2000be5a16c,delivered,2018-06-13 11:47:15,2018-06-13 12:20:00,2018-06-18 11:55:00,2018-06-29 21:34:53,2018-07-24,76c034ebd17b086fd2527c8ec93a17bb,2018-06-13
b545ad53e8d904631211fb300ae92de8,0bbb36dcf7fa22399f3ca7ec6f22e077,delivered,2018-04-03 16:10:02,2018-04-04 03:10:26,2018-04-09 18:23:28,2018-04-17 17:46:51,2018-04-23,5979f0a30cb5874cac620fe3375d0297,2018-04-03
34b26ad88bd9eea1ef3628bbbc624e8b,c33e69c9267c2879acf22d77054298ee,delivered,2017-03-25 19:46:24,2017-03-27 10:35:19,2017-03-27 11:39:03,2017-04-04 07:13:47,2017-05-02,be7b4743f3a408de0793052d159a2a96,2017-03-25
d79cac258c5e81fec5c9738f9b1d2204,0419615aa283aa971b6865c136a31868,delivered,2018-05-09 22:52:58,2018-05-09 23:12:41,2018-05-10 19:05:00,2018-05-11 23:06:45,2018-05-17,4104f7e8028204149d92a527d010f207,2018-05-09
fc23d0b3d8b6e49fc4e6d021d7f9073b,a31e5a52da6f1e13e7d1bf74f4749612,delivered,2018-05-25 15:31:13,2018-05-25 15:52:09,2018-05-29 09:26:00,2018-06-03 16:59:29,2018-06-12,af42f48445865d17a93e63ad74b0972d,2018-05-25
1dd21fef8dbb760a4bee7f33810aebde,f0287f4535d7b18e63bff00de4ebb889,delivered,2018-02-21 19:03:05,2018-02-21 19:15:54,2018-02-22 19:28:42,2018-02-28 19:49:17,2018-03-07,3200d159fb4238d9dff1c0b95d1b9b80,2018-02-21
7ba1fd18a995ff2c401b69344ed3ac21,bc1de87b881c8cb6d4a1e8119b0e27b5,delivered,2017-04-14 20:05:51,2017-04-14 20:15:19,2017-04-17 14:12:14,2017-04-22 08:57:35,2017-05-08,4311c3444d110af4d6e59fa7e02c6876,2017-04-14
6195e90e7ea722bbe3310d3908613bd2,9f8d47a6522a7c8d2353ca41fd62535c,delivered,2017-11-24 20:15:53,2017-11-24 23:32:39,2017-11-28 21:24:29,2017-12-11 19:57:02,2017-12-21,01ae92e9e94bec47e10ef885402cfe54,2017-11-24
3a0fbe8fbdae776394cd93385366a4fd,240316d3cc8d0622aa5a02aa0de18115,unavailable,2017-12-12 14:23:58,2017-12-12 15:31:22,,,2018-01-08,04a46c134f7f3d15f7f4a20afbbd915f,2017-12-12
f73b193902ce4f3e76aaca23014c9244,b429f06acc228da3b748c7022f6cf56b,delivered,2018-01-08 22:59:36,2018-01-08 23:08:31,2018-01-09 17:19:48,2018-01-16 15:59:20,2018-02-07,17d473d5758fbfc7e56ab2ced22dc436,2018-01-08
6cb7111806a9b07928d2623e7708e8c6,fd2f4480478f3e3c06ff96ea8d1e44a1,delivered,2018-01-12 15:30:44,2018-01-12 15:50:24,2018-01-15 21:42:27,2018-01-25 18:48:52,2018-02-19,99599911eb61c1780a756f7d050fade1,2018-01-12
62dfd92a1007e2ed2fa4403fef1363ba,d3f98150c93fb36d161e37af7aecd80c,delivered,2018-02-25 19:29:26,2018-02-25 20:07:39,2018-02-28 22:52:36,2018-03-26 20:57:08,2018-03-16,f4bbc3415c4518edfef1a36b88caad3e,2018-02-25
6b62da1e7a949271375c79105eb3c6df,b4306cbe32841bf5ec0988ab1ac2f5fb,delivered,2018-06-03 20:15:28,2018-06-03 20:31:28,2018-06-04 12:51:00,2018-06-11 22:28:55,2018-07-05,57fdfe5981bcb03588ce9dfbecd8f1b9,2018-06-03
fe4a38f31cc342320f3aff62e8219a62,91c76805866deab5a543dbc2ebd380aa,delivered,2018-06-19 12:40:04,2018-06-19 12:58:17,2018-06-19 13:26:00,2018-06-22 20:36:36,2018-07-12,c9ef8b7bd9dd304e50342cc162141127,2018-06-19
9667c332775e4590e952d1ed2b4b5983,162f0611c82d228cddbe4c1c92ba29ef,delivered,2018-07-16 16:07:42,2018-07-17 04:20:57,2018-07-17 14:07:00,2018-07-20 18:51:43,2018-08-14,4ffc034934a30b2ac240ca8ea7f0c826,2018-07-16
acb5e6e3b0509b7c723191b53fb9c949,05fad8ded5955e224532ba145c688931,delivered,2017-05-19 15:18:52,2017-05-19 15:35:16,2017-05-22 09:02:07,2017-05-27 05:07:00,2017-06-12,96d2c1567d5902376dd3a119b383fb61,2017-05-19
367d03bf43c911607f20c60d4be1032a,41d5f1c3c902745156c89e9cdc8c4cd2,delivered,2017-04-17 18:39:08,2017-04-17 18:50:19,2017-04-18 11:24:43,2017-04-20 15:52:49,2017-05-08,5f28a5372333e1e6ad500f11219c7e29,2017-04-17
cbce204b327a87445b6e6c28e0c5bfb3,f4c160bdd6f4515d604bfe77dfdefb04,unavailable,2017-09-24 09:24:52,2017-09-26 03:56:28,,,2017-10-10,fbac3948da21dc052716e0659d9f228c,2017-09-24
e881dae0437e8efde70b242d9a1b5a33,ab38c15ae437c9027753155840482b9a,delivered,2017-12-11 19:25:32,2017-12-11 19:35:21,2017-12-13 20:48:48,2017-12-22 19:53:26,2018-01-04,998137918d30f89547129f9f991f98e8,2017-12-11
b677863ada4ac26c87c61f4e1ee78b85,774b025b5826352130d8c56b14b1c274,delivered,2018-06-17 15:59:39,2018-06-19 06:35:40,2018-06-19 10:39:00,2018-06-30 14:42:37,2018-07-17,6f4642a1b4232d126c5bff5cd2722b41,2018-06-17
4bb9c2002502ca416276dc1ff5efb1b3,e0e553d46d86daa33b733b1fd2687731,delivered,2018-06-23 14:53:03,2018-06-27 14:20:08,2018-06-29 15:30:00,2018-07-17 17:08:47,2018-07-27,3b5b1f1aa84d554e376c6c8c63bafb9b,2018-06-23
724d428017f2d1e905e1e695296e90f5,3d7ef278f0cc7f7dccf8cc0ca24c8155,delivered,2017-10-13 04:02:39,2017-10-13 04:14:17,2017-10-13 18:00:05,2017-10-17 17:29:59,2017-10-25,2628a05bb1ca6a99a78c2c40c2b992ee,2017-10-13
e2c88417e46c8c861873841204bc5816,5960071fea483782d848faf9ccd0edf9,delivered,2017-07-11 14:08:34,2017-07-12 02:10:22,2017-07-18 19:58:41,2017-07-26 17:17:49,2017-08-02,dbc15c7715d2a44a2a001c539ed328dd,2017-07-11
211ca17a71bd09c0686507992a585d32,1ef9fed7def12580f599ff403c396d20,delivered,2017-09-28 14:50:00,2017-09-28 15:04:53,2017-09-29 15:17:11,2017-10-09 19:48:47,2017-10-27,1f12531b233a9af6610c573370e096d7,2017-09-28
3eb5983ab1e64ba4a4dd7425a6d6d48b,d41fb6a790ec990b784d24823da41d30,delivered,2018-01-18 20:49:36,2018-01-18 20:56:22,2018-01-24 21:12:30,2018-01-26 22:38:37,2018-02-02,0014a5a58da615f7b01a4f5e194bf5ea,2018-01-18
97b7decf3d24b8e8db00cab51c75c372,1435bc9dbfa94236680b508f50c9722a,delivered,2018-07-20 09:06:18,2018-07-21 03:23:56,2018-07-23 11:42:00,2018-07-28 19:31:33,2018-07-30,9b69530e0634e85ed714be31be339682,2018-07-20
2535db807a19b29005b159580bb7f9e5,81ec57effaab52bbf13007f33da4cc2b,delivered,2017-07-25 16:34:00,2017-07-25 16:43:24,2017-07-27 17:46:01,2017-08-01 18:07:26,2017-08-23,4c116f8ddec984371284ab7bc860001a,2017-07-25
e8e9936f9c47a5cafc9a8c7441d31ca4,69d276992a5f4f57011c8f24b59d0b9f,delivered,2018-08-24 21:06:11,2018-08-24 21:24:26,2018-08-27 15:04:00,2018-08-28 13:18:36,2018-08-30,dcbb6c8bcf178074ec803d0dc4bf41e6,2018-08-24
5065ad433fb01b8ee48433c8ce6c6be9,679b6663d92f901171c7d9544094fbc3,delivered,2018-03-02 21:15:46,2018-03-02 21:30:29,2018-03-06 01:56:24,2018-03-14 22:59:31,2018-03-20,853b15909ca8a525785005a333a41d9c,2018-03-02
9c9ad157b30e942c4359772b6d446e52,9206446f02c90ae87b437e8273e6acb1,delivered,2018-03-15 19:27:48,2018-03-15 19:48:32,2018-03-16 22:21:50,2018-03-20 21:41:48,2018-03-27,03325912b7c52b58176a168e21017be2,2018-03-15
20a3853f94a36870c5eff11d407f01cf,00650b839d32a071b1025af8ca26dd13,delivered,2018-07-21 12:32:12,2018-07-23 11:31:50,2018-07-23 12:39:00,2018-08-02 19:52:28,2018-08-22,c573caf2e2c12c731885273e03dc5471,2018-07-21
6957a23032580b6c443b068f0b86cab1,7833c90cda8cc7581e142d1549d76f04,delivered,2017-09-01 15:09:31,2017-09-02 15:05:14,2017-09-04 19:47:33,2017-09-19 01:26:29,2017-09-28,dfd3e2ad5144571de394c58857c3bfff,2017-09-01
47864ed19d3fc241f11b3d0bc59257e3,52841815a265f7f996b07cf7b4afd0e2,shipped,2017-03-15 12:42:58,2017-03-15 12:42:58,2017-03-16 08:57:18,,2017-04-10,e6da0e9bb3545f5468975a2cf67ce246,2017-03-15
7d8fb4d046d76c289bd66eb341bee09e,5a354ceb0ee403f36eead5e33253730e,delivered,2018-06-20 16:13:39,2018-06-20 16:43:08,2018-06-21 14:12:00,2018-06-29 15:32:11,2018-07-12,253d899ff7a011b26c16ac66cdca07de,2018-06-20
30524d6f42cc124d17d641b49e792b87,bb02dc516c4e37f003e8e802369a3a66,delivered,2018-08-05 21:03:19,2018-08-05 21:10:20,2018-08-09 12:58:00,2018-08-16 16:32:20,2018-08-16,b30692588e0b7db33f62aa7325755458,2018-08-05
fffa82886406ccf10c7b4e35c4ff2788,a5201e1a6d71a8d21e869151bd5b4085,delivered,2017-12-18 16:33:07,2017-12-18 17:33:04,2017-12-20 18:55:00,2018-01-08 18:23:10,2018-01-24,2a3ab9bf9639491997586882c502540a,2017-12-18
b2fc127731e4fc8f7bd2d2c1898e59ca,75d14995c7fd07f2b9b0410b42f7a155,unavailable,2017-06-14 10:31:55,2017-06-15 03:10:28,,,2017-07-07,4f49e4d666dcede7d03edb6040ebcd2a,2017-06-14
67f6f18e0c687b98fa78c479f2a351f6,5d8924c5dcb3cdac00f00f579f24db35,delivered,2018-02-16 21:59:11,2018-02-17 01:46:46,2018-02-28 23:38:47,2018-03-20 15:12:13,2018-03-21,02b8634fdb8d9d15ef1e0f74287b13b7,2018-02-16
bf95c697c3c00b2cc649e5677c639b79,8ecdd3e8d4b793349e6ef9b9b9cfcba2,delivered,2018-01-22 22:39:42,2018-01-22 22:56:00,2018-01-23 21:49:32,2018-01-26 21:27:35,2018-02-15,1098a76a6dfe7d525b51ddd8903d3248,2018-01-22
286799f6e867edeb5b42441294e8ce90,70ea60b3eebc4ffc330e070df05f0e00,delivered,2018-04-30 11:24:54,2018-05-01 05:13:53,2018-05-02 10:12:00,2018-05-10 16:14:42,2018-05-21,2c77113623e849d30d75a10480b57108,2018-04-30
82474078bf3b19dd0e8a32f116334255,d1bb6afef38d6dd7ca73e9afaf192105,delivered,2018-06-04 00:37:18,2018-06-05 00:30:27,2018-06-07 14:11:00,2018-06-11 15:12:31,2018-07-18,b07c36e3c141596234ef4d73969f4dc8,2018-06-04
06b39bf7a5569f632e2ba8b3bb03498f,ed2cb6882fb72357912fb1ebb592eb3f,delivered,2017-10-20 09:50:46,2017-10-20 10:05:55,2017-10-20 20:27:41,2017-10-27 17:37:59,2017-11-14,8a86ed4bed47bcac26f94311443b954c,2017-10-20
e11871c4a3ca0a9435621f216fcecaeb,e013e14a148fb8b6f18a1838c893b51e,delivered,2017-06-06 04:05:46,2017-06-07 02:42:30,2017-06-09 09:04:14,2017-06-12 14:09:47,2017-06-20,f6aeb927ffbbff3838001509bbeb8256,2017-06-06
50ba38c4dc467baab1ea2c8c7747934d,9e01f714a2b3b8962c222cf2b74c20dc,delivered,2018-03-02 21:32:44,2018-03-03 15:30:28,2018-03-06 23:16:55,2018-03-24 00:04:16,2018-04-09,e1feae9083c4c2895ddf6dc80526a85d,2018-03-02
e6fc62ef4617437d265bd9bef92cd9d3,956ed550c3c715b550191e2a177d254b,delivered,2018-06-22 21:20:23,2018-06-22 21:58:31,2018-06-25 14:39:00,2018-06-26 15:03:25,2018-07-05,93b761b97af33119855c41d017730ff9,2018-06-22
fa0eabdc8b8a7fb4e0e95a2b70dabf8b,42669d66e9ebba92f46400f726886844,delivered,2017-11-09 17:54:37,2017-11-09 18:10:34,2017-11-13 19:28:35,2017-11-22 00:48:47,2017-11-30,86455ab5db9281db55b12e1fa4fe7942,2017-11-09
1b6ab77fb1ae705dfd81220651e0d7c1,d43e0818cf679ebb105810cd34e37ad1,delivered,2017-05-02 11:31:55,2017-05-02 12:35:08,2017-05-16 13:53:50,2017-05-23 08:26:46,2017-05-25,e1d3e1bb5c7dd029e5df77582a9b9e96,2017-05-02
c8b5856601fdab3073669bd36f9b16f2,bfc3a142bb7fefe8ead8836eddae2530,delivered,2018-02-03 13:09:39,2018-02-03 13:30:31,2018-02-05 23:18:27,2018-02-16 22:34:54,2018-03-01,9a856bb66a42961f1377742eef122571,2018-02-03
1bb0b420434c7323a0df0cdf9571783b,2fd8e9102db7b1f8fb07e7ab3b742900,delivered,2018-08-11 11:25:40,2018-08-11 11:35:10,2018-08-14 08:29:00,2018-08-16 16:51:51,2018-08-24,2ffe6c4e1c337cd6c2dfc0c5c5c3f592,2018-08-11
7b9c120adc232288aecdf32aa428ee8a,027f4d228b15f41c385c367b137f425e,delivered,2018-08-14 13:52:50,2018-08-14 14:04:18,2018-08-15 14:07:00,2018-08-20 20:44:31,2018-09-11,495f005aabbf7f43683c66610fdb8c1e,2018-08-14
47470e8dc703c29c445f11c3ed73d8c1,17d64b0a9652cc1ddb7b1d17ac56b2de,delivered,2018-05-16 13:02:24,2018-05-16 13:19:35,2018-05-17 11:09:00,2018-06-06 17:44:18,2018-06-08,8fc358871ce23a3aef664db8dac068cf,2018-05-16
8440ebc9a2a4aaa712d4064c35e52995,31927091c573028dee0b8dff8ee57309,delivered,2017-12-05 21:30:15,2017-12-05 21:58:14,2017-12-06 21:41:57,2017-12-11 18:44:52,2018-01-03,01c228e91a729c993c054756eaeb680c,2017-12-05
767e77d7d76d75ea5309d5345699cc44,9de7fef5728db3b3dbd095e0533f58e4,delivered,2017-07-04 23:05:45,2017-07-05 17:42:17,2017-07-06 15:29:25,2017-07-11 17:57:20,2017-07-26,bcf0a5f0f3ec8639f940749aab360d8f,2017-07-04
9fe314dcda41359566a99413f2b0d577,f8e4b4531b76c0efabd7bbcd6b8579d7,delivered,2017-05-15 11:40:08,2017-05-15 11:55:09,2017-05-19 16:22:37,2017-05-29 16:57:48,2017-06-21,3952a3732315e557ba09aa19e975edba,2017-05-15
09a21347537a52507220515fa4516fbd,23b1652202bea45933d115b4aa2f04ca,delivered,2018-02-03 19:12:42,2018-02-04 00:09:47,2018-02-07 16:42:53,2018-02-20 21:29:05,2018-03-05,4f40329a8c4e7ef4d82dfab034dab009,2018-02-03
9747f2b4defc1357fd6645a4acf8e0e2,58c1e87744d4fb452bea6a8e3b578f69,delivered,2017-04-26 13:26:49,2017-04-26 13:42:30,2017-05-02 16:32:12,2017-05-24 02:27:52,2017-05-29,ec1a95e501ad513a4081f463e5f1a10b,2017-04-26
1f7f6fc17884f319553d2983347edecf,44eed3818fde51e760d3f44036eb757d,delivered,2018-05-09 20:38:13,2018-05-09 20:54:02,2018-05-11 13:39:00,2018-05-19 10:36:50,2018-05-25,49666298f9301ecc7d9706acfb707672,2018-05-09
ea4e089556ade3cbdc7c70010163b723,cebab3ad5dd4fcd9704c1a489a0da2b1,delivered,2018-04-05 22:39:27,2018-04-05 22:50:18,2018-04-07 01:25:46,2018-04-15 16:16:46,2018-04-27,0cfc652a8628cd8003a0ad08aabe1254,2018-04-05
a1ad06d866647a0b9ef51b831079fda4,771a5c9a4f5e1e5eebcedd46d8440af3,delivered,2018-07-24 20:03:38,2018-07-24 20:24:19,2018-07-25 09:55:00,2018-07-31 20:51:43,2018-08-16,06dc004eb62206da48bf108ccc86e620,2018-07-24
ec082d3ffd103096f9274b6247217ff9,73588b1cddca4f8bd453b8588f400d90,delivered,2018-08-15 18:26:53,2018-08-16 03:24:09,2018-08-16 11:04:00,2018-08-18 02:44:37,2018-08-30,61e55a4c5ac0890968648505e89a0dd5,2018-08-15
ec1b5ec39466f6bb902936532ae76e6a,41db792fdd05f7ea992e84273303721d,delivered,2017-08-01 06:55:52,2017-08-02 11:23:42,2017-08-08 17:07:04,2017-08-24 17:43:29,2017-08-31,4eb214caad765281839b85fc30e23113,2017-08-01
6586d233be57098d348eb571d87fc6f2,8f6abc9f0ebb17ff05eceed089187832,delivered,2018-03-09 03:43:30,2018-03-09 03:55:23,2018-03-16 00:57:52,2018-03-31 19:16:45,2018-04-02,33d32ea81f404c8700d31dccbd04ed18,2018-03-09
76458889992169d3135b264dc13aec67,999196dca58a3db3d966d8f148532010,delivered,2016-10-07 10:05:16,2016-10-07 11:24:43,2016-10-26 11:43:06,2016-10-20 18:03:17,2016-11-29,a6a1951929248912bcccea06be552ea2,2016-10-07
366d799ad8ce30435d27ed0f7e3eca9d,f03ee1479f8cf2a655f477c17ac01ff9,delivered,2017-09-24 14:48:20,2017-09-24 15:04:12,2017-09-25 19:57:45,2017-09-26 19:54:57,2017-10-10,ded5296d8ca7da9e88d37cb60b69bdf0,2017-09-24
02661696e065aa02977870f3a87940ab,e3495901f796d61ae2604a9784306f61,delivered,2017-12-14 20:52:16,2017-12-14 20:59:28,2017-12-19 16:58:55,2017-12-21 19:16:26,2018-01-09,88e0eef78a2c8acebf5e23425588e21d,2017-12-14
20b36768bef1e17c7b54f6982a5801d6,5aa6bb437aa70d5f3d95fdf0d2a93d31,delivered,2018-02-03 18:10:06,2018-02-03 23:09:52,2018-02-08 01:54:41,2018-02-14 22:08:20,2018-03-01,83d69e7906d1e6b9e05eb4841bf1fc9b,2018-02-03
6fc21c5e0febcfc2d3e3c13d8fcd1b7a,4810b08cb93434cfd88ad07fa3502a67,delivered,2018-06-21 16:49:09,2018-06-21 18:21:01,2018-06-22 14:47:00,2018-06-25 20:22:32,2018-07-04,7044e93448c99b85a5216a9d3fd05f37,2018-06-21
cb9900a635406b269d600f509cff8009,83e3f7358d95de5a715f87a7a59477b9,delivered,2017-04-04 10:38:26,2017-04-05 02:43:02,2017-04-07 14:58:21,2017-04-17 15:04:52,2017-04-28,ebffb851df64bae3b62d0cbf81498696,2017-04-04
7f4998699b2e07dfd8d38d5964637658,450e8c9397db82c79e2651f51576a30d,delivered,2017-08-20 16:33:29,2017-08-20 16:45:13,2017-08-22 21:32:32,2017-08-25 19:53:54,2017-09-11,2cf808298641fb4c4c57e40521ea9ad1,2017-08-20
a127d16c84ff7404dbd0c988e06e2c10,8b35e4a7431b76d4db63a90005964125,delivered,2017-08-12 20:06:58,2017-08-12 20:23:35,2017-08-15 10:04:12,2017-08-31 13:53:11,2017-09-20,69a08c1d8a5a57a15fa3592decdc3819,2017-08-12
ea60e9579f440bbca132b795ff54807f,bc824b83cfe66824cc300c0008514a7f,delivered,2018-03-09 13:23:17,2018-03-09 13:35:37,2018-03-13 21:36:40,2018-04-24 19:51:40,2018-04-02,57885ad17d2b04517064d6f4a3dac03f,2018-03-09
2f43f05d6e829ed487f16b1f1cf304cb,260251d5f0d660e9d90c21779039152c,delivered,2017-08-11 17:35:49,2017-08-11 17:45:17,2017-08-14 15:37:41,2017-08-21 22:11:51,2017-09-04,0a61b571f594b6919601bcf3380da7f7,2017-08-11
9c23c5e00db2827a08ee53074a3eb60e,49fd33617b640dee95069826a8bd67af,delivered,2018-02-10 18:41:20,2018-02-10 18:50:28,2018-02-14 20:03:29,2018-02-24 01:36:32,2018-03-08,cb025a103c5797268f4d366d1bd6217b,2018-02-10
2197e55dca60ccd268157d328616d64e,84046645ab90d775e6cb9be687a30018,delivered,2017-08-13 16:19:23,2017-08-13 16:30:21,2017-08-15 17:35:19,2017-08-25 21:13:54,2017-09-05,6c07344b9824e1e92eb5063bce0c95ab,2017-08-13
810d545dabba289acceb26d903569e4c,b90fcfb897661ef402b2c3e359d9c395,delivered,2018-03-14 09:42:39,2018-03-14 10:07:58,2018-03-14 19:48:19,2018-03-28 23:06:29,2018-04-09,ec3db055001aa274c0ebf1477f3270b7,2018-03-14
7b2a9a13d7bcc1141fbde63aed943e6d,d9601b8bc5f2cee3bbbb8bb106c0a659,delivered,2017-08-28 23:47:03,2017-08-28 23:55:21,2017-08-30 21:26:03,2017-09-09 11:49:52,2017-09-15,8c1dd7d0f4e02bc50d6c8d6b4cf79935,2017-08-28
b99f2ac35db6241badc2e0a4d74e79a7,d57500bee542441e296bd152fc8773cf,delivered,2017-07-13 13:17:17,2017-07-13 13:30:28,2017-07-17 19:55:24,2017-07-31 15:33:49,2017-08-10,88a8f123107a063acbdd1c90f3d8adea,2017-07-13
64f48f241745bab48e95cbfddef88351,f1f7074a16f4fa3d09ea6770f62077fd,delivered,2018-02-16 14:12:51,2018-02-17 03:35:37,2018-02-19 21:33:44,2018-03-09 23:16:39,2018-03-21,b870c0bb0984602032b904f9c541697c,2018-02-16
0ba2df57baacde1f6f36148963a494d7,5f160ef1c18da3546c4b6454f2162972,delivered,2018-04-08 23:27:27,2018-04-08 23:48:45,2018-04-10 11:56:19,2018-04-13 15:04:43,2018-04-25,2fda6cd05ae3dd14c28559a400ef23c7,2018-04-08
be51420a71e667d8e3f3268ad81e3033,8db5197a6490d9e9ac9bcf4e4d4d0006,delivered,2017-03-20 10:42:45,2017-03-20 10:42:45,2017-03-23 14:58:46,2017-04-07 13:27:21,2017-04-12,0d513fb4a7b5337eceb48f046c7a5414,2017-03-20
f8bb4d404d187c79b86ccf852dfa345e,52a9800a9341855f5ebf8b0b8b1fd906,delivered,2018-06-18 21:46:34,2018-06-18 21:58:24,2018-06-19 15:10:00,2018-06-20 19:22:15,2018-06-28,ac13a41fc49bcb3bdcd86142b8ffc0f0,2018-06-18
a3c2dfa534b942bcc28371fdec7702d9,fc27567df87c171a1811d56017c96caf,delivered,2018-06-26 19:00:20,2018-06-27 13:32:50,2018-06-28 18:07:00,2018-06-29 20:46:52,2018-07-16,f0d2bac5e3fac88c8acfe5f32f69305c,2018-06-26
de4c308ea3f72fa2d3be68d18a2fedb1,239fabc879c4175afe53110236a7de39,delivered,2017-06-18 20:45:31,2017-06-18 21:03:45,2017-06-22 16:05:47,2017-06-28 13:43:02,2017-07-07,5bfd8d2b5093d802f0904c9f5cd10d65,2017-06-18
49b28a42d5f67ef10024f70bd79e229e,f0e88593745900d1712f11d546bf2d2a,delivered,2017-10-21 19:16:51,2017-10-24 03:49:37,2017-10-24 16:42:30,2017-10-27 20:49:51,2017-11-13,a0e80c84daeaa68dad3e9c3261c7faeb,2017-10-21
2e34b63e02ca9057558368f63f08b3c6,a8f1702557985daedcce507ea3061a8d,delivered,2018-01-02 12:31:51,2018-01-02 12:48:54,2018-01-03 17:44:48,2018-01-16 19:52:44,2018-01-29,4b9d939efeb17c57739ab873b2dd8b44,2018-01-02
349af77e71491a1aed28d6bf0528e09b,b37a5547791aeb5ac5d9ca955d0bc6fb,delivered,2017-09-30 22:59:50,2017-10-03 04:05:14,2017-10-03 21:19:05,2017-10-23 18:07:12,2017-11-09,f1e036dfac59643f7bdd306447f92402,2017-09-30
fbb6f530a29a36186658901e6514455c,6f8553aa76c8c49117ba3d430475d732,delivered,2018-03-16 13:16:45,2018-03-16 13:30:41,2018-03-16 22:08:57,2018-04-23 19:31:40,2018-04-10,cd2cd01a52c2e69287318ad08ea835ce,2018-03-16
fa30ef180f70971c1a3e9d88ceb38a33,73afa8a3052605db510dc1fb22692320,delivered,2018-01-30 16:34:50,2018-01-30 17:21:51,2018-02-03 00:42:38,2018-02-22 18:43:42,2018-02-22,e0c2bf4d4652191c46ce39eab087e67a,2018-01-30
63bde94a8549279fd4c13235516932f9,9acca9cd4c384e3ba624a80c5b669573,delivered,2017-07-04 08:16:49,2017-07-05 03:05:20,2017-07-05 08:58:39,2017-07-06 11:16:53,2017-07-24,1181c989033c11ee0fad0a6c817d4520,2017-07-04
1bde74ad752bde97abfa57a9a7461ff3,4f9c5022b3b55c54c92d269c307670b7,delivered,2018-02-16 17:42:43,2018-02-16 17:55:23,2018-02-22 14:42:52,2018-03-07 02:53:54,2018-03-09,ba26ef4e55eea33ef8ec74513f8a0610,2018-02-16
7a36fa82d4bcff7d936c10be470b9c8e,bfebb91e718433a55143ee450423c983,delivered,2016-10-05 23:14:34,2016-10-07 03:12:09,2016-10-14 23:21:27,2016-10-19 20:57:33,2016-12-05,760337c825700b7db6d44a71c06753c8,2016-10-05
ec328869ec9d309e95ca9e78b1e81b4b,399f770d21c854e81fde65dd3406b987,delivered,2018-04-07 20:14:01,2018-04-07 20:28:25,2018-04-10 03:52:49,2018-04-19 12:03:56,2018-04-27,9350b6236d8648f6eef79b0bb562b5f7,2018-04-07
990808a8b1de28a17bec1b873a99bb89,258119ce387d36075e18e5914cc3b358,delivered,2018-02-15 19:26:27,2018-02-15 19:46:14,2018-02-19 20:33:43,2018-02-22 23:11:54,2018-03-02,eb910a52513b0f5aad4a4d1155d0947e,2018-02-15
eb96e626e9e03230dd582597da1a68ff,94d68507f622fb53c4e6743dfa3a9503,delivered,2018-05-08 10:44:15,2018-05-09 03:51:49,2018-05-09 13:05:00,2018-05-18 22:33:08,2018-06-01,7a72982960479fc3ec001e4925e1e0dc,2018-05-08
e6e52c6218b2df16cbe22de214b16fb0,e34ff2de6f8658fbf57a0f98899e2eac,delivered,2017-08-21 16:53:20,2017-08-21 17:06:34,2017-08-22 23:24:59,2017-08-23 18:18:02,2017-09-01,5513ea33a42a77b2dcbc2691ad56557a,2017-08-21
55554085cc4d9f1d0cd3029387efb5af,558ea29f4c4dfd014345b6d3309549a2,delivered,2018-01-11 01:13:31,2018-01-12 02:35:46,2018-01-15 14:56:31,2018-01-18 16:03:55,2018-02-01,8ca0758a088771517b25de6d7f820cd9,2018-01-11
79ba9ff956399f8ca9eaa802139851fd,c655482e341138b41ea3240ccc43132c,delivered,2017-06-02 13:45:50,2017-06-03 02:35:37,2017-06-05 14:08:05,2017-06-12 11:27:45,2017-06-29,27036d1c86d799c8d8ad95e02eb26c4d,2017-06-02
ad81d0d06a681bb6285a1aa66634f762,14ac5ecd56561bdbfc2eab37e58da580,delivered,2017-11-28 23:59:16,2017-11-29 00:16:41,2017-11-30 13:40:00,2017-12-27 18:58:53,2017-12-22,c35c9bab596b5f5a4edcadfe33f6030b,2017-11-28
2667baebf0c629be4574fddd89bd915f,8c621aabf41f259e0324513337058477,delivered,2018-03-15 14:26:48,2018-03-15 14:49:33,2018-03-19 17:32:25,2018-04-13 18:51:59,2018-04-04,3c3a8c15941092b93ebc3fd4d01507c7,2018-03-15
b03b2909d81f43ae819ad1bce8c47e45,48cf8890c6baa95976ac76bf4be30cfe,delivered,2017-06-05 21:01:22,2017-06-05 21:10:19,2017-06-06 17:32:02,2017-06-19 20:07:41,2017-06-28,43b781a2c59f2e503be7b075e32b2b1f,2017-06-05
09efb7cd51fbc54c89edb7aff4a3f637,1c01334ffe1191d82c8d8e91932c5070,delivered,2017-05-09 23:38:35,2017-05-14 21:31:38,2017-05-16 10:30:35,2017-05-22 15:09:54,2017-05-29,8b071492904201b500fd79962f197043,2017-05-09
246a9d7800230417379948cfa3fa1f64,f914171bc223aa74aa96cc45f9eb064b,delivered,2017-09-27 13:22:38,2017-09-27 13:35:33,2017-09-27 20:13:07,2017-10-03 19:05:29,2017-10-20,3eefe43b79f261a0eb913cf28ef3d1f5,2017-09-27
c01203d34db08658230babe21d2234c8,7bfe013b14ef4e7a63ecbb40a4cb61b0,delivered,2018-04-11 06:46:04,2018-04-11 09:12:02,2018-04-11 22:38:40,2018-04-12 15:03:09,2018-04-27,577fe3b8070f7ca00cf08e6e4a7a58c1,2018-04-11
aee20a4d671a2a3435bdee5bf40393c8,bdc1f21172a3a9fa9d754d0412b5be55,delivered,2018-08-05 12:34:46,2018-08-05 12:45:15,2018-08-06 14:25:00,2018-08-08 20:05:38,2018-08-13,34f82fd6f1daf2fe8cf04e71cee4606a,2018-08-05
b0708857586f16e3ada17925950a87e5,57a7b1cbfec726fba56e8adaf98caa0d,delivered,2018-08-01 17:26:59,2018-08-03 02:45:27,2018-08-03 08:57:00,2018-08-06 18:34:43,2018-08-09,216488bb7fe19d4c1044ac25d62eee53,2018-08-01
a6471477bb9173349168eecdc8871ed5,2c699e733aa003efaa30199d2dfc4c41,delivered,2017-09-26 10:24:26,2017-09-26 12:24:19,2017-09-27 15:06:37,2017-09-28 20:37:36,2017-10-16,2b19910e856b2ba3e7257e63a093a3df,2017-09-26
b2e21801242d20d3f1f17a2e99dbd5f7,ec972c7a4579ae890c96bd8d9f299354,delivered,2018-02-15 13:50:07,2018-02-15 14:07:34,2018-02-16 00:07:53,2018-02-26 20:25:40,2018-03-07,bbfa16828a49c356b46dcbea56ded834,2018-02-15
31cc7d918ce7e1580a814fb633e854c1,c27849db0f50615c2db4ced603ad2a99,delivered,2018-06-08 12:14:24,2018-06-09 12:20:13,2018-06-11 14:21:00,2018-06-18 21:06:01,2018-07-12,c4670fedba521cf444184d7e00dca392,2018-06-08
a8eab0b579c3288c60cd6f4933c48626,fbaaeb1f5b3f3cc5c226cb5b95d18584,delivered,2017-12-03 16:52:02,2017-12-03 16:59:29,2017-12-06 22:22:18,2017-12-11 17:49:22,2017-12-28,dcc6ccc2be5ce00756582db88d58a4a6,2017-12-03
bc68edad1573b158a94188df0cd960c0,9689bf5023de6534d903480f289ce4a9,delivered,2018-08-16 08:30:09,2018-08-16 08:43:52,2018-08-16 14:43:00,2018-08-17 22:44:30,2018-08-21,aae296875a5380b09f3785a729183ff2,2018-08-16
f9ea302261bc5927d8f4a13cb60bdb9d,71f4e2eea08ac9a0e2ad53b2930a6d47,delivered,2018-02-26 20:32:26,2018-02-28 10:11:00,2018-02-28 20:09:45,2018-03-01 22:15:40,2018-03-13,e76bcd285f8ef4f3ad98938cb7d266b4,2018-02-26
afd1ca4a245a9a04d0f8d5dc1ccb7ed3,cf78fe7532c375731b3d6ce693a8600c,delivered,2018-04-17 13:32:54,2018-04-17 13:51:07,2018-04-17 22:20:55,2018-04-23 21:13:59,2018-05-09,05888a33939ad06881d380349c0d0b1c,2018-04-17
d9a40d6454b584402c918212558f2af1,df7f9fe8ff0d2b843c5633d156a05682,delivered,2017-04-23 20:42:30,2017-04-25 07:55:31,2017-04-27 06:24:12,2017-05-09 08:47:03,2017-05-31,8465ad8e9322b5dfa59d1827d86a93c6,2017-04-23
031e7d4e559a1bf08e71a419aa998d0a,aedfc62ab52a3e4ea642220ccdec91ff,delivered,2017-04-06 12:59:46,2017-04-06 13:10:41,2017-04-07 12:43:24,2017-09-19 16:23:52,2017-05-19,1c7d1da02dbcd65a57d3056deb615751,2017-04-06
f546ce650b5e54410e54dcd1cc4ed2c2,4f246fcb3387b4ef2d7b9093bdd67c63,delivered,2018-02-07 10:48:57,2018-02-08 10:50:19,2018-02-19 23:29:16,2018-02-21 00:13:00,2018-02-23,34867a37f1521a8d71afef07ab4aa878,2018-02-07
315b9425e90b7a5012b6da9d68641e1b,5fe15bcc0e9ddd5f095da5f8eacf6da8,delivered,2017-03-22 11:58:38,2017-03-22 11:58:38,2017-03-27 14:27:03,2017-03-31 16:45:55,2017-04-12,b771c5e6bf8740359c5b12a423cc5342,2017-03-22
066fbbe8fc3345df85f0f1dc2ad03bce,10c8d3fa3829e5079d8b67dc6d007098,delivered,2018-01-04 09:44:46,2018-01-04 09:54:31,2018-01-05 01:38:52,2018-01-30 13:52:21,2018-02-02,d25711e6f3996d2b04ddaa8fb0f57b08,2018-01-04
d71bc96c14d72c5f5b76bd286d6304f9,f41316561f7e7cb63af5bb95ad9b4b26,delivered,2018-01-19 00:32:29,2018-01-23 09:59:22,2018-01-23 19:13:49,2018-02-01 19:06:38,2018-02-05,9d1773d6d4fb3faaf3173924d181952a,2018-01-19
d6d19a688e4325d068ef11d205a4c92f,8780acd7d494363c35734db1843cd576,delivered,2017-09-11 13:38:42,2017-09-11 13:50:34,2017-09-12 14:05:08,2017-09-13 17:13:39,2017-09-21,598fccab737669c272dac1fab3ff2569,2017-09-11
525ec9a4d6f8d45b2d22977017fe7849,d5121cb42f70ed9ce2700cb9dfc5ad47,delivered,2017-08-08 23:04:57,2017-08-08 23:24:05,2017-08-09 18:49:50,2017-08-15 20:39:53,2017-08-30,1b57430a63894115bb988c1ecb2c676f,2017-08-08
c6945bf7e920d9832c4e4402e57baabf,712b52e705d92710be1e8fd8f1400c86,delivered,2018-05-01 16:32:48,2018-05-01 16:55:32,2018-05-02 13:19:00,2018-05-08 19:48:48,2018-05-25,49d78969133ceb9c2af7fef74bcfabce,2018-05-01
b88aaf0a038b725ea2225ef4ebbe343a,9d823bbc66d309224a2fc79014782e0d,delivered,2018-03-19 18:53:59,2018-03-21 02:55:47,2018-03-21 19:23:36,2018-03-26 16:20:53,2018-04-05,6d54f758264b43d6ce8d84c33fbd73c1,2018-03-19
dced1a592703185c71beaca0730a3fd5,7fc2cb6aad928fdb6297a0c77ed77b3a,delivered,2017-03-14 00:31:44,2017-03-14 00:31:44,2017-03-22 05:29:35,2017-03-22 13:28:43,2017-04-17,2faa3a90a7bbf11779efde2df5b5503a,2017-03-14
d5c2fcd9dc7a3c6630e4acfe3f3ed898,af1df4e9c98a572fd68ad795377d8834,delivered,2017-08-16 20:41:27,2017-08-16 23:30:14,2017-08-17 22:22:33,2017-09-04 18:40:12,2017-09-14,271c480fdbc84c7775bfeb2787ec8a31,2017-08-16
231c5fbb9dd6166904af9bad6728b5aa,d5e402ca01e47b8e4834992e6548515c,delivered,2018-06-11 15:41:26,2018-06-11 16:31:44,2018-06-13 12:28:00,2018-06-18 20:48:46,2018-06-28,4ea1bbf0b25c4fe6b6da52bf3205411f,2018-06-11
a1c075cf51b237be65b4342ce766e007,c6f59fb9f287fa5441ef584b503fed4e,delivered,2017-09-18 14:04:37,2017-09-18 14:25:48,2017-09-18 20:56:01,2017-09-26 20:15:59,2017-10-09,baf9a40e2cd2b031182c24a89cb075d8,2017-09-18
5f1e5adc00ea77562afe1e5fc5dbc7e1,4e4b7062646c9c310b75f7786bc8643e,delivered,2018-01-18 11:39:28,2018-01-18 11:55:13,2018-01-19 18:22:22,2018-01-30 12:42:50,2018-02-19,71c3cd6c6787873b6f09bbf405c8cb4d,2018-01-18
42d8e64b2e4f4669b7bf87f1ba3da8a8,557e871361d795f870269d04708d885f,delivered,2017-05-24 09:35:00,2017-05-25 06:42:45,2017-05-25 10:04:35,2017-05-30 16:14:02,2017-06-20,9ded6466f943397a6f5fedd0d0c789f6,2017-05-24
d0e368ca78daa02e421325f3d1b8541a,7714501cf5996832cd4c4b165876f8c5,delivered,2018-04-06 19:26:06,2018-04-07 02:48:17,2018-04-11 20:32:28,2018-04-16 18:08:48,2018-04-26,2dc40a711263d0661f2e1e4fe8983091,2018-04-06
7634f2019b1d08e44a15dd3214c57182,02e9b79160de108ec112581e2e4eeed4,shipped,2017-05-21 12:46:50,2017-05-21 13:06:32,2017-05-22 11:05:05,,2017-06-13,55e0e853d6dfa404a0d8b1f4d817e94b,2017-05-21
9cfa13a566f8072bb6af2c225db04e5f,eaa860ad37779a36680e93d7d2b8b040,delivered,2018-06-25 09:53:46,2018-06-26 19:04:13,2018-06-28 11:44:00,2018-07-05 20:13:32,2018-07-24,3d528b069707b3464a19fd937fc9f06c,2018-06-25
0493b5f35d3ee7b1f7e2d98ad782820b,1a39d706d531bfbb53490b3b30396aa6,delivered,2018-04-12 12:25:11,2018-04-14 01:32:54,2018-04-17 18:03:29,2018-04-24 16:28:01,2018-05-07,365330a9997b5f6100ce7f21261d2190,2018-04-12
aa6f9a7c586c01fe6c9021341dfe1de7,deb46841ea2d28c7b0d1893ae6af547d,shipped,2017-02-14 10:49:41,2017-02-14 11:03:25,2017-02-15 17:07:55,,2017-03-17,23a48131bb6e8568d449882ca0911745,2017-02-14
d3f7c6edd379a2ad76dbbe331f422ef8,72ae4c297e3769738179784911609daa,delivered,2017-10-19 22:02:26,2017-10-20 02:45:45,2017-10-20 20:59:07,2017-10-26 17:46:57,2017-11-08,fe811126db89b4d20579cf2bd04ed284,2017-10-19
27933786ce1d3fe5a2ce6243ff08754f,1d35081c83698d93ec64ebe2d6cfec9c,delivered,2018-04-09 16:49:32,2018-04-10 07:35:15,2018-04-10 19:50:56,2018-04-12 21:11:55,2018-04-26,df718da6faedf01091e3a94dd8793ac6,2018-04-09
108db8c088de8e42c648bc520cec8c44,fb9c7ae634a98d4905c50cb15fa8382e,delivered,2017-10-02 17:00:43,2017-10-03 12:07:28,2017-10-04 21:14:30,2017-10-16 18:42:00,2017-10-25,281253b7a0ae8530fa7ab5c1c738d4bf,2017-10-02
aa20064eef8808d62ed9ac5286ec0796,20c0da17ef6a3f47bdd0fe12cca32300,delivered,2017-04-06 22:09:46,2017-04-06 22:22:34,2017-04-07 13:22:42,2017-04-13 04:46:32,2017-05-12,1421b80840e3f8f5082046e8bdc1e9ff,2017-04-06
c7508fb021d25206870a0e84d302306d,baf94989390857ffce0ce7c5ce25387f,delivered,2018-05-01 18:14:34,2018-05-01 18:33:31,2018-05-03 13:19:00,2018-05-08 15:34:54,2018-05-24,a4e547f165c336732afcd7f9c5850cb9,2018-05-01
231cf6fe1ce0b8fd2c9c4dacd95323a4,669f3887a37279e0b389e2e1375a3bd3,delivered,2018-02-14 19:12:11,2018-02-14 19:28:12,2018-02-15 18:45:18,2018-02-21 23:09:49,2018-03-01,06744151a329d9a205026036a41ef861,2018-02-14
74434928b7e52a9b56862d25b9581e4c,6e33bf17f1255ee64e160d79e8d0202b,delivered,2017-06-23 16:06:11,2017-06-23 17:15:22,2017-06-29 14:32:43,2017-07-11 19:33:54,2017-08-02,6bed48f958a30982dbd2ad4f9abda173,2017-06-23
3d02ec65652eef72551f7d3656206f7f,fa174bc75f3bbdcb7e839e9af8898010,delivered,2017-07-09 18:33:30,2017-07-09 18:43:08,2017-07-12 11:37:45,2017-07-18 22:14:56,2017-07-28,f5decd6d75c1103e26697384dc5e06b8,2017-07-09
ce8a175fec5e5e484e84b2c15cc91787,a78a37e6cd96615e96ea6fd384f6ec88,delivered,2018-06-18 11:31:14,2018-06-18 12:19:07,2018-06-20 19:21:00,2018-06-21 22:04:51,2018-07-03,6a7f3ea2678e5d4d2f9502ca6f47da4e,2018-06-18
fd04a7a5b85ea239bee3e9c1bc16365d,5d1b693667b4eb57bbb4a7ccb5e4bc51,delivered,2018-03-29 07:42:48,2018-03-29 07:55:11,2018-03-29 22:32:25,2018-04-11 18:24:39,2018-04-17,188d67366ef38cb34c89cf94347a8574,2018-03-29
680e610535fa4d02ce2d6a820946afb8,e895647c3d61dae1606151534adb3acc,delivered,2017-06-19 21:46:43,2017-06-20 21:43:59,2017-06-21 11:26:18,2017-06-28 14:57:15,2017-07-21,1d4b7f1c226ef793c9b1c3db7fc9713e,2017-06-19
37ece4cacf7a0d0290a4fdd05923a7d7,c33e208f16e8651169ea8d6212d4d46f,delivered,2017-04-24 18:01:16,2017-04-24 18:15:05,2017-04-26 20:24:31,2017-05-02 14:05:07,2017-05-11,2f1df0258f03c0b59eee70e85ad4d925,2017-04-24
5c36bfa841c242e151f81825303d9591,764f6f90ace5cfccffeb1bc245f1612e,delivered,2018-01-17 15:38:10,2018-01-17 15:49:01,2018-01-19 03:09:55,2018-01-30 18:11:52,2018-02-16,85399b1b43b512d8bbe927a152203d6a,2018-01-17
bc6085fe6b798cce36f61486af007800,4eac36ec251e3bb189f03db46b86ae61,delivered,2018-03-25 08:14:18,2018-03-26 08:10:56,2018-03-28 17:03:46,2018-04-06 22:08:36,2018-04-25,d90d13a53b1bdfda045b720957173372,2018-03-25
b51ffac76798f4b49bed44e8f01a3030,c83b31cb99c25dc79950814bd4a90184,delivered,2018-07-31 09:52:59,2018-07-31 10:30:57,2018-08-01 09:19:00,2018-08-04 18:02:07,2018-08-09,2892872833c8f4b1dac4dc1391c53154,2018-07-31
74500bfc015eccf3d38f95558177b21b,483efcf2fb031d5a75cca49aab77de4a,delivered,2017-06-08 13:41:02,2017-06-08 14:03:25,2017-06-12 16:32:33,2017-07-05 16:21:38,2017-07-07,c082576c9ffa606f3ac234b44e7ccbf7,2017-06-08
5b265b1557d0d44a32df50b4fbf98c7b,dcdc259ec5bacca962c1ea9ba705b4b1,delivered,2018-05-29 10:04:54,2018-05-30 02:15:11,2018-06-05 15:26:00,2018-06-26 11:03:35,2018-07-27,84b6060d044cc7456db328c95b75ffcf,2018-05-29
50fc570b5b9de1500a9e66edcc9d8525,bf000e1497eca1ec2c097e01a061cf6c,delivered,2018-02-27 21:22:29,2018-02-28 21:29:00,2018-03-02 22:38:46,2018-03-07 15:48:43,2018-03-20,de083d6adb27920ff993b75eac74be01,2018-02-27
d530e9ca74c227659f36ed6a61fa9e07,2cd3d9b78eb3e560809763ef5258dca2,delivered,2017-11-15 10:43:50,2017-11-15 10:55:36,2017-11-17 15:48:43,2017-11-23 15:38:51,2017-12-08,8d7af2343ff1e5dfd1bd31c6aeaf3510,2017-11-15
74d0cc035ccffc33de7a0ef8c429a931,bce05094d02df76af821db9c5df81a35,delivered,2017-06-05 15:16:56,2017-06-05 15:42:22,2017-06-06 11:41:11,2017-06-19 18:08:35,2017-06-28,5440e754f571e30fe2fe6a7bc9ad3776,2017-06-05
2eed78c97ace230e8dfc0f851bed1612,08d221df6d6f296dc22b4332f03f3b05,delivered,2018-01-02 21:39:36,2018-01-02 21:50:22,2018-01-04 16:44:52,2018-01-23 14:39:05,2018-02-05,917293e363eb91154646336ff3ee020a,2018-01-02
2a26d2bff48eca96ae022096754602f0,fa816e935aed909bdb3a28e78f04e225,delivered,2018-08-07 21:39:59,2018-08-07 21:50:22,2018-08-08 15:40:00,2018-08-17 13:10:51,2018-08-23,653104bffaaac1eb89c8c593a76fa200,2018-08-07
3fa397654fcf223b8d6f73a428c75041,891deeb7a50f52a5a2a5970152b3864e,delivered,2017-03-16 09:28:12,2017-03-16 09:28:12,2017-03-16 10:36:15,2017-03-21 11:55:07,2017-04-10,b171945c68776b1434cf56b06c6e41a5,2017-03-16
c14c27dae959a79ff573cbdbc7af1b09,057002cb334d6b23e9826abaee81f691,delivered,2017-04-07 11:56:57,2017-04-07 13:05:40,2017-04-07 15:09:56,2017-04-11 16:12:24,2017-04-28,74072b8c3b18efb7d7ad672f4691a24b,2017-04-07
249e512a5776328abbff6e280d2f3199,4375ae03874261b77ea1954250188e77,delivered,2017-03-11 20:44:31,2017-03-11 20:44:31,2017-03-15 11:58:36,2017-03-23 15:05:56,2017-04-03,1cd9b05338fb523563ff376c601f5f4e,2017-03-11
8f0ece4530d9684c0412c31486a5aee4,b42d2029896109ef336097650cf0e7af,delivered,2018-08-14 22:48:49,2018-08-14 23:04:02,2018-08-15 14:43:00,2018-08-21 01:32:24,2018-09-19,c28bb51e3069fc0c18b767835cbd0c1b,2018-08-14
d0f11e497c1a8f9d16eadc0c029348c1,5bf3a327d1a42a8f173349567b0ffb6d,delivered,2017-10-19 19:17:14,2017-10-19 19:28:29,2017-10-20 21:24:08,2017-10-27 13:42:58,2017-11-13,c6da486acf34f6d0f77a7de72210f5e5,2017-10-19
8cfb44f764013ff4092328e0d2d2db4c,aabcb5f2939ca0a740c18b8a2cb918e9,delivered,2017-12-22 09:52:12,2017-12-22 10:10:50,2017-12-22 19:13:44,2017-12-27 19:05:32,2018-01-18,ce4f81243f70a7247635d20682a5f697,2017-12-22
bb7d5814e355ecb8a9a70a80a13a0fb7,8196398a11daefb93e6a1ea0af8cbc18,delivered,2017-07-14 23:31:20,2017-07-14 23:43:20,2017-07-18 15:33:04,2017-07-26 00:45:50,2017-08-07,a7cb9da1fe114c942eb64741d9bd8284,2017-07-14
52980848cc7019752a073e8e889f97e0,62da57dc398b4bdd5e47605f5d36fd5a,delivered,2017-06-16 13:58:31,2017-06-16 14:25:20,2017-06-16 15:43:52,2017-07-20 22:29:27,2017-07-18,0ffe40d453ce7778e1e64de91f280d97,2017-06-16
b68ddeb97ddf4e9a2aae5ca84590a596,7d1a0d60968b2caba5aded67e29e73d8,shipped,2018-04-17 09:11:11,2018-04-17 09:31:33,2018-04-25 00:29:42,,2018-05-24,8f7dec10f3c29bab1cf14fce2bcc730b,2018-04-17
e65fac6043c523489698c681bde0985d,7d0ae21a8fcd0dd677f32ae5230efd53,delivered,2018-06-05 17:33:48,2018-06-05 17:53:54,2018-06-06 14:37:00,2018-06-14 21:27:48,2018-07-16,d1195cf4deaddb2d328211a32d0c727b,2018-06-05
5c21b2e93c438ce5e3f2c7ee2776922e,1af8f69352ad57d5c25c74fcea4f36c7,delivered,2018-07-25 16:03:46,2018-07-25 16:15:10,2018-07-26 13:45:00,2018-07-27 16:31:07,2018-08-02,ba099a4b4151d3d2746aca3ca79250ab,2018-07-25
7c4c0055ea628addbaf69f0e09eba744,685986b14ecb5c1cab5adeb6d7ad89b8,delivered,2017-07-31 15:16:40,2017-08-02 02:35:24,2017-08-08 15:33:30,2017-08-11 19:58:30,2017-08-18,c1d0cbc16303f3d4a3442589a692495a,2017-07-31
4983a642ae6d4ab0094e98bb201bd10b,588082ffda9076b85db042299827aaac,delivered,2017-12-05 16:04:37,2017-12-07 03:11:17,2017-12-11 23:17:11,2017-12-21 20:53:49,2018-01-12,1e3f29ca797d6c0585751cb4e10e1be5,2017-12-05
4ccbbab8f710965493ad65dc986dd9c2,b79b4fbb9f813fe3a979fc29e7e0b573,processing,2017-12-23 16:34:25,2017-12-23 16:49:19,,,2018-01-26,9126bf1f93a507f8f9725cd96b2d61b9,2017-12-23
d12d1afbf3c1f3356e80a5186ccfca67,2847be2e0b1b22c41b801a18dc050a49,shipped,2018-06-16 21:09:07,2018-06-16 21:36:51,2018-06-18 15:10:00,,2018-07-16,66b3abdcd16946dbdc4a946bb49b9dce,2018-06-16
4ed2338dc000b3d9acaf348a1fc6a395,da8254447ce1ed8a5c494ee4a8929380,delivered,2017-07-31 12:03:32,2017-07-31 12:23:11,2017-08-01 16:15:43,2017-08-02 18:32:27,2017-08-18,73bba09416f450b3dd0f5d83eb69d3a6,2017-07-31
6f4c29759e17be1153ee866b44393853,91ea92a2f5eca959c7b4260f5537be3f,delivered,2018-06-11 13:23:42,2018-06-11 13:39:08,2018-06-12 10:39:00,2018-06-13 18:55:55,2018-06-20,d37c518966baf0f218a0cd6cecc389f2,2018-06-11
db16d8eeb2104cc17c8d6ca293e7bbc2,c2266a67e05d07690176c1635ca2799c,delivered,2017-07-04 12:29:51,2017-07-04 12:44:06,2017-07-04 13:57:22,2017-07-20 20:12:19,2017-07-26,76531fa9e9666a24725759d1cff317de,2017-07-04
b646230340125ccb34ad274da72e2d55,c78d2473fe57958bfcefa8a3e20aeb8c,delivered,2017-07-29 10:20:55,2017-07-29 11:00:13,2017-08-04 17:51:59,2017-08-10 18:50:08,2017-08-22,b9927b07633ba3f3e40e4fb8ac1c5136,2017-07-29
96950c37f6e45106dab4a4fd012e1ab9,e9a66026ced6c5bad4c9a78e61371c18,delivered,2018-06-02 01:56:40,2018-06-05 04:51:52,2018-06-08 09:07:00,2018-06-09 13:42:31,2018-07-26,6be90bc12a5834bb6bbe23c4901d0dc1,2018-06-02
43150008aa4569cfef4be756bd7dbdd3,df6ac95338050880eb8d4c94baea71f9,delivered,2018-01-05 20:47:24,2018-01-05 20:55:55,2018-01-10 16:34:50,2018-01-17 21:37:31,2018-02-05,2d62e67e4f6fb00ceb8114c26bf1dc5f,2018-01-05
106021b63b35ce83c864c1a39f0c8937,7685918f2b5285f1d3b3d8dd381b5de9,delivered,2017-06-22 11:43:02,2017-06-22 11:55:21,2017-06-27 09:08:21,2017-07-03 12:10:29,2017-07-14,a845495d35185aa74a848451024e8643,2017-06-22
898ce379b2fe563284b7bf4c47ab5cf9,71965cfc8145edd3013b1890b72469e5,delivered,2017-02-20 12:55:35,2017-02-20 13:10:14,2017-02-21 09:48:58,2017-03-01 14:03:27,2017-03-17,d58fdea0ab52e04ac8180f9b6537724a,2017-02-20
cdb99aee5b9d12289e40e8ae2002c93a,f4ebae34770a20b6373e3f2a6cad3452,delivered,2017-12-27 15:06:17,2017-12-27 15:17:27,2017-12-28 20:18:48,2018-01-09 19:22:54,2018-01-29,4dd4790a630aa2313e27816e10efd34b,2017-12-27
972744bcdd80014057492bbab6b4e06f,acb64e2599b38fcae12dbfd6bc07859b,delivered,2018-01-03 09:40:47,2018-01-03 09:48:28,2018-01-03 17:02:58,2018-01-04 17:55:08,2018-01-22,1020912bed1cd8b8e0670800229722a7,2018-01-03
e77b736410809924bdd6ceea09559cfb,7ecea05fb45e5208fd13ae378cedc623,delivered,2018-01-26 21:07:20,2018-01-30 04:31:25,2018-01-31 13:17:00,2018-02-15 22:09:24,2018-02-22,f7c9766df2ab3e4ea4eb3e85a92cad95,2018-01-26
24dee6ff7fd74dab4ac9bcf1f77ee3e9,e215081c5233958b3ac345346676f7ab,delivered,2018-01-11 20:50:15,2018-01-12 20:48:28,2018-01-18 21:51:30,2018-01-23 11:58:43,2018-02-07,3d60952351a48ae05804341ab1e3f7fa,2018-01-11
a194ccda066a54bfc86507e77c64c736,2988ca565aa083419bccc7de500e6365,delivered,2017-12-20 20:42:10,2017-12-20 20:50:28,2017-12-22 16:47:11,2017-12-26 19:47:03,2018-01-16,269c311c118f391dcfa4803a030a90ee,2017-12-20
b87fe5d7b7ff3d5f135a9b883610606a,a906b65e68b837bc446e58a40c482fe7,delivered,2017-06-15 10:28:59,2017-06-15 10:42:47,2017-06-16 10:54:56,2017-06-28 15:09:47,2017-07-12,e6ce96f8582c1c5bbfd1be55f9032d73,2017-06-15
e4d9e2f02a048ae46330e966d1a8caa3,4dbecd3de51e8626f26c0210b5258327,delivered,2017-12-17 16:04:26,2017-12-17 17:13:36,2017-12-19 03:07:24,2017-12-21 20:13:25,2018-01-05,961173ac0d5857ae5bf61f00543b8847,2017-12-17
fd425f7c15eb3698f5b96153549b0f04,76b9b46371efaa507314eebe28d5eae7,delivered,2018-02-19 22:08:58,2018-02-19 23:15:20,2018-02-20 19:13:26,2018-02-27 21:46:31,2018-03-12,d3c070a92c8513e0a66462540e40b999,2018-02-19
d0187cf305e08f85775b03f6de2cff7b,595ac4d9648f78c1f8e00308962ad569,delivered,2018-01-17 16:46:29,2018-01-19 02:37:22,2018-01-19 15:48:59,2018-01-23 16:24:53,2018-02-09,dd4473e95ebb4d23ba1058edb301df95,2018-01-17
ce6a17f5fe1a2963955fbea066af332a,4c7f055006ab8fb080459718346ee92e,delivered,2018-05-14 20:46:00,2018-05-16 03:15:07,2018-05-17 14:54:00,2018-05-18 18:46:45,2018-05-22,5b1ff3e6acf9ea1441123e0be2aef453,2018-05-14
29b81e2d5bebb9616041efb0ebbc931d,5d129305a62a8b8565abbf89b92de3f3,canceled,2018-07-20 15:37:38,2018-07-20 15:50:18,,,2018-08-02,414c39f83f4f28baac31864772bbf0eb,2018-07-20
24267e9ef015f70b3384d69836dbc301,6bd23e882e4beee412426e5b7d68655c,delivered,2018-02-26 16:59:22,2018-02-26 17:15:39,2018-02-27 20:14:54,2018-03-01 22:56:37,2018-03-12,a938d0d11b1bfd8b4a9ee99ec8e92cf6,2018-02-26
ba32150c10a6a25c26b1695af824c419,ead5022ac34632caa3c9bf31259983e1,delivered,2017-05-24 11:43:40,2017-05-24 12:03:53,2017-05-24 13:43:16,2017-06-01 15:53:55,2017-06-13,fafe1db5970f94ea1020dc262a0588cd,2017-05-24
0870d202dc3234340a499505dc36c7a4,793021f4b6ca3e6f3212595d6a317761,delivered,2017-11-19 18:05:24,2017-11-19 18:15:32,2017-11-23 14:53:03,2017-11-27 16:41:50,2017-12-01,f570b19aff008c6e1676c20e2598238b,2017-11-19
5555672cd678ea9569749a943b3d085d,b196de7f963455879b99d597d432f433,delivered,2018-01-06 17:30:18,2018-01-09 07:24:54,2018-01-12 21:08:10,2018-01-19 19:44:57,2018-01-31,b1331b06263e887901fec3390653a469,2018-01-06
fad008c0d1b347241252af6ecfa81b98,b1dfde94713b57ad88e1e01882a11403,delivered,2018-07-13 17:43:10,2018-07-13 17:55:10,2018-07-16 12:53:00,2018-07-23 23:32:48,2018-07-30,eff28206bc9e1adf57f5fd83251e79a1,2018-07-13
d16ee8324145ff91c54bb7edeb651801,f611897d4144c0528cbd912c0ad0e5df,delivered,2018-08-21 09:33:04,2018-08-21 09:50:20,2018-08-21 13:59:00,2018-08-28 21:04:03,2018-09-11,05e4df315bc1ae753764f4568976ab12,2018-08-21
f7cce37e05ee87b67446959c537421ac,704ba5716f38ab188cc867722addfccc,delivered,2018-07-06 20:02:40,2018-07-06 20:15:13,2018-07-10 12:50:00,2018-07-14 13:28:33,2018-07-31,b38109b1ff604f537421fc2b08a1b02f,2018-07-06
b511d10b7b2e1c6c5da323628c32aeba,dba4e492a363762e1276b647d181fb55,delivered,2018-07-14 22:21:06,2018-07-14 22:30:22,2018-07-16 12:18:00,2018-07-20 21:39:22,2018-08-06,4f278e05978835517feeb32fa4bef56d,2018-07-14
c1dbcb501480db95626caa68680696d4,4bffd2c1f4e638b8d1082b03d87cb2ba,delivered,2018-08-21 08:54:00,2018-08-21 09:15:21,2018-08-23 07:05:00,2018-08-24 22:04:15,2018-08-24,29368e4aa7a6adbb540f40b3074cdd66,2018-08-21
b8a6dd90822f6005923cb6f8bf271716,1e2cc2c58def2bc4a41af2aa363cdfa9,delivered,2017-12-27 12:17:44,2017-12-27 12:29:20,2018-01-04 21:49:12,2018-01-19 19:38:34,2018-01-26,ea6aa059a0549435fbe24eb46d4449cd,2017-12-27
693264d23ad645c479b42deea5eceec0,aa72002446dfbac0691304465c1b982d,delivered,2017-02-12 12:32:38,2017-02-14 04:15:22,2017-02-14 13:34:16,2017-02-17 15:12:28,2017-03-10,7302f7368abf7ec6cb2e16fb005c4785,2017-02-12
642bbe453ce83b61eda0dcb53d3339d8,3469ecbf8d28db8a8023596f1176ad3c,delivered,2017-08-30 18:01:21,2017-08-30 18:11:00,2017-08-31 20:58:02,2017-09-04 10:36:03,2017-09-18,52c586a7cf9d4de22c74e5aefc140478,2017-08-30
19c85c4f70bebdba25d77c3881cffb2b,7ad775089d5d0a91cd5d2cb473a42401,delivered,2017-10-06 15:02:17,2017-10-06 15:14:38,2017-10-09 16:28:19,2017-10-17 19:38:27,2017-11-06,7509f659f38b481f36b425754f157624,2017-10-06
34b02644fdec1c2023ccffd67de2b385,09e63aff4c3961cfadccce6865e4a647,delivered,2018-02-26 17:34:41,2018-02-28 09:50:57,2018-03-01 19:23:08,2018-03-19 13:28:36,2018-03-12,708cfd1187c4b79f3f08ad2fc6d5fa76,2018-02-26
1d092689be844c404abe12e678e2eef8,b900f2bd9386de222c68a931a68c2ade,delivered,2018-08-06 19:38:56,2018-08-09 15:50:15,2018-08-10 14:24:00,2018-08-20 20:39:00,2018-08-28,baf538b50226c3145a41aec103c62901,2018-08-06
15666ae129eff99b7d7405a5023b0d3a,3bf259317094ca147771d9add8fc6902,delivered,2018-08-18 13:13:57,2018-08-21 04:55:41,2018-08-21 14:36:00,2018-08-28 22:41:23,2018-09-06,473823fb6dec58ab655e98d0da8daaa4,2018-08-18
de3d710187e3883ad9eb7da0d8e4fd92,64b45f4e2004164987b97bb493b1ba37,delivered,2017-04-08 13:06:54,2017-04-08 13:22:22,2017-04-10 08:39:45,2017-04-13 16:53:51,2017-05-02,499133a2350e0dd751dd5e527bc77530,2017-04-08
95e0a5152da13c4a3e8a6cbe3a0bada3,6490dd4caf44e930d8192751c2625634,delivered,2017-04-04 08:33:00,2017-04-04 08:45:14,2017-04-06 11:43:31,2017-04-12 17:37:50,2017-04-25,66a0e4ae01e565ad721e85f287a2315e,2017-04-04
f16d63adfff7b3be52e70c9ff8a02968,ded22bf833ef4e2bf4a5de7f74356b0b,delivered,2018-02-14 21:52:02,2018-02-15 21:46:28,2018-02-16 22:23:02,2018-02-20 00:08:42,2018-03-01,fb58528ee926d8efe2a87a2c97feae8f,2018-02-14
a2b01f72ab3f4fc8831837432d5a0117,847e5e92dfff3787cc80378197b06a52,delivered,2017-12-26 15:58:43,2017-12-26 16:08:57,2017-12-27 20:25:55,2018-01-11 20:19:37,2018-01-26,7dd40a0e88edb7575e686a711ff07a0c,2017-12-26
c8cd8e0f700ac1654cd0b3fe26ff99e9,380c29d5c7bc93676a017b1edbf4ea20,delivered,2017-10-23 22:08:01,2017-10-23 22:25:37,2017-10-24 20:43:51,2017-11-01 18:51:27,2017-11-23,22c74adc2265375db611c05482fa9b7b,2017-10-23
bc515ab3cf8c40c5a444d797fff621c6,7a508cafafbb3f521bcc6b736756b8b1,delivered,2017-08-05 10:22:58,2017-08-05 10:35:19,2017-08-09 20:07:44,2017-08-22 19:39:35,2017-09-01,ff9c5dff16d7d6bfefc2acf5088d7b90,2017-08-05
334bd66a5ab038d4fed4e86780724fb7,1a3e564ca745183defa5a9bc2467f4f8,delivered,2017-11-15 09:07:23,2017-11-17 04:06:48,2017-11-17 18:28:24,2017-11-20 20:42:41,2017-11-29,f5dcc1db0e0fcea81a2038579b427da3,2017-11-15
2f1288c66804d578934425e798226c10,8f52e4ee79e276d1f2cd9f39186b6636,delivered,2017-11-16 21:01:25,2017-11-16 21:15:48,2017-11-17 13:51:50,2017-12-05 00:39:29,2017-12-08,217490c5837fb8772fe4cf9ccb6bb449,2017-11-16
703c8b76142240a2a16990e449124e2b,f12f967fcc3f9cef9f563d311e36201a,delivered,2018-05-11 15:20:39,2018-05-11 15:38:10,2018-05-23 14:53:00,2018-05-29 17:51:15,2018-05-25,3d310b892437fdb1d91d71bc86fb8320,2018-05-11
2c1f8fd9aa5f50ec17f4c95e52223a3a,0b0e8ff0c3d490e69901bd6f0efa190a,delivered,2018-08-28 15:53:09,2018-08-28 16:05:19,2018-08-29 19:11:00,2018-08-30 15:11:38,2018-09-06,bb5d40ed8c3448238563262b4700bae5,2018-08-28
1c723386781fca8d1e45ac747914962a,2d629ccf7fa0c22635758b85b96c0d34,delivered,2018-08-06 15:47:47,2018-08-06 15:55:15,2018-08-06 15:06:00,2018-08-14 18:53:24,2018-08-23,8305beba9229336efc837417f8d659ab,2018-08-06
9750313e19b56a20442e1be8e9e9cf78,c507bf314df5e877ca5330775aa83399,delivered,2017-11-13 12:27:30,2017-11-13 12:46:30,2017-11-22 17:17:30,2017-11-30 16:22:30,2017-12-06,407f6b0b42fa5505bb7eadd1b6c79a95,2017-11-13
b637686449f9267004d5b14557392188,a9218b908b70a833f1453063e63babe6,delivered,2018-03-30 22:20:53,2018-03-30 23:07:54,2018-04-03 23:18:30,2018-04-04 16:17:59,2018-04-12,05f333bbee58f087059bfc39c263d9e4,2018-03-30
7a7e5969f44acc496be638c300cc3591,7e2f8af51987a9f7042bff6a743b062d,delivered,2017-05-16 12:17:10,2017-05-17 04:10:26,2017-05-18 10:43:31,2017-05-22 12:36:48,2017-05-31,dc424e299df71823a40622e8fdcf32b2,2017-05-16
18eac13034394cc5bc8713ddad1fb2c3,5508ec6bbd4b69597f6948ad2ff813c4,delivered,2018-05-02 13:55:37,2018-05-03 03:53:06,2018-05-03 13:07:00,2018-05-07 17:31:38,2018-05-23,f6d52d9ca42e414cac6f5f44341e5fde,2018-05-02
7211c756d86050df0a304e211994b12d,afbee56e08489a6dbe2148eb343c18a8,delivered,2017-07-20 18:56:25,2017-07-21 06:43:23,2017-07-21 20:17:40,2017-07-31 18:58:54,2017-08-22,7e48854280794743c5f296aba7b5ef2f,2017-07-20
e627df2790ff5b0e7b40e85f8b0d9d32,ae0c9cadcc7eee0d9d62764202d12347,delivered,2017-05-17 20:21:03,2017-05-17 20:35:16,2017-05-18 15:33:55,2017-05-26 09:24:03,2017-06-08,505b644022943954a89dd0838897aaea,2017-05-17
30d19b812b28dacc532f74cd39bba67c,bd1cb832a06d8e6a2dd57dcc50a6215b,delivered,2018-03-06 08:09:11,2018-03-06 08:28:36,2018-03-07 21:14:20,2018-04-02 16:08:37,2018-04-06,7cf9a5ba40e88213d4234b99a2f1e689,2018-03-06
0c94cc21548a77ceded09a70fdecc700,abc24ca911fc4fa27425c23c1f60603c,delivered,2017-03-31 11:51:38,2017-04-04 06:05:31,2017-04-05 13:53:10,2017-04-12 07:27:30,2017-05-02,1b51dc88a783a437b7ab446fb12b4d23,2017-03-31
8bdda17186f4f2430cb06827e916577e,74341e96d468715c14f287079b3deb81,delivered,2017-11-21 21:11:07,2017-11-21 21:47:03,2017-11-22 15:25:05,2017-11-27 17:48:41,2017-12-08,47ce88733a38533d3cdb125bd620bb74,2017-11-21
a2648b8081fc5413a6e533ead30d6fb3,77e171fe757957d60d43bfb5fd0f027c,delivered,2018-06-22 11:25:14,2018-06-22 11:39:49,2018-06-25 14:24:00,2018-07-04 22:41:31,2018-07-31,e1a14b59b2ec16c1658a8326a113b1f5,2018-06-22
674b5854c864054e51eb71ed516fa04d,efdf541ad73f267d253cd8bee7624f87,delivered,2017-07-11 23:24:28,2017-07-11 23:50:21,2017-07-12 20:18:53,2017-07-20 20:52:50,2017-08-10,911028998e6075d84270355a31785b3d,2017-07-11
5756c4e74ecff88dc1447cb5da9411ec,1b971c95893767cdf1cd202fcb892bcd,delivered,2017-06-25 16:57:24,2017-06-25 17:05:17,2017-06-26 14:46:44,2017-06-28 17:13:51,2017-07-07,3d286c8d1103ceb489815f4b99e47a10,2017-06-25
d12398066a36e2022fcdbf83c458bcf2,7d0ebafe650ddaaa9bc8ef84d2ea71e8,shipped,2017-04-20 10:48:55,2017-04-21 06:35:14,2017-04-24 09:23:03,,2017-05-12,5605e4f057d916d9a55206734b96f270,2017-04-20
80b8546dc40a96e03d6be3b166ceb025,b8786a985af1e13f3b6f68abef5f5c2c,delivered,2018-01-21 12:25:42,2018-01-22 13:48:54,2018-01-23 20:32:30,2018-02-04 16:22:07,2018-02-19,1c94292fd864639bde9f9373156d6c07,2018-01-21
9a5ceb5fb7ad11f5fd1be2c87e632562,669e56d17b7df023ff7559d3c8484222,delivered,2018-03-19 10:06:55,2018-03-19 10:27:06,2018-03-20 13:42:39,2018-04-12 20:40:51,2018-04-12,7a4411f897334f8415bc8bd3f2e64d78,2018-03-19
cbcffd62e7d1e6d26d3a6657731cb96a,343d05fdc8c888fa5ac9fdcea627efc6,delivered,2018-02-26 09:38:37,2018-02-26 09:55:50,2018-02-26 18:54:13,2018-04-16 23:55:37,2018-03-21,c6363b71e580fdd9124c98b2c6fc8b8d,2018-02-26
5c12fa0af04c822b40b15db1dda45745,d2e3145f490b6241da7fb6a5f8d1dac8,delivered,2018-07-17 22:00:48,2018-07-17 22:10:19,2018-07-23 14:23:00,2018-07-26 19:02:57,2018-08-09,cb656a907017153aab56c500e300e8ab,2018-07-17
c00f3f641666e8a8aa2014b9fb8f1b68,ecbf563445b730fd566970998ff9595f,delivered,2018-02-16 17:30:20,2018-02-16 17:47:32,2018-02-20 16:26:55,2018-03-14 00:26:46,2018-03-14,26b62aa58a703c082ea1bef6cf826c0d,2018-02-16
ff586ffb976ab35817bd83f3ed5b4bb9,4e406f63632399362458c9523813ed02,delivered,2018-06-15 09:18:33,2018-06-19 04:16:53,2018-06-19 15:16:00,2018-06-25 16:08:43,2018-07-20,a5ce2531ce10a733537bd98c9656b9e6,2018-06-15
122e87ea620589cbdfb91829a251ab1c,8d3011e28795e321c50f5ccff1e49272,delivered,2017-04-13 10:10:58,2017-04-13 10:22:41,2017-04-17 15:43:00,2017-04-20 14:25:27,2017-05-10,ede68ac8d1d0611a7565d26a678124fd,2017-04-13
a56e99fc7e41a208cc35ebc48ea72cb5,b44d67d74c2dab6a4597359b1edd75d8,delivered,2018-01-04 10:56:02,2018-01-04 11:09:14,2018-01-04 19:48:49,2018-01-05 21:03:28,2018-01-24,f532b515dbddb3fcc2c63367244dac4b,2018-01-04
e6645cd574bfc71b276a102797036491,286082dea69d984a431e02b1fe26eac9,delivered,2017-08-21 22:06:01,2017-08-23 18:30:20,2017-09-01 16:03:29,2017-09-19 18:52:12,2017-09-20,71db46490040b9fc9237e717465bc726,2017-08-21
04bf71feb2b6d5e4c9916677d56f6b80,d86572e0790d1fb81bb9112430dd660f,delivered,2017-12-11 00:14:48,2017-12-12 03:52:58,2017-12-13 20:55:55,2017-12-17 17:08:45,2018-01-05,85d6dd7cb39a78e4d9a2d5c5abc144cb,2017-12-11
8db8ac0784a54cf5f37a83fdc88fa2fa,8879c7d78891f3ea3634bf6369c02587,delivered,2018-06-28 16:22:24,2018-06-28 16:35:13,2018-07-02 06:19:00,2018-07-11 18:55:55,2018-07-26,1fb5645611bf27d5e69925e1d4f5b6cf,2018-06-28
f9e5527003cf8cbd665bfc75e264da16,88a424b8aa5a9c123fe5fac76e7fa1ef,delivered,2018-08-05 20:25:38,2018-08-05 20:44:33,2018-08-06 14:34:00,2018-08-09 17:47:51,2018-08-20,6e46cf8edbb20e52f1eae047019255c4,2018-08-05
ae7f8eca3f2f84891e130184c3c3b45b,d545226aa6bc59239e7fefe480d803cb,delivered,2017-09-20 07:06:26,2017-09-20 07:24:14,2017-09-20 13:38:08,2017-10-10 13:29:03,2017-10-11,2d9059284ea1d05535aecee39c083441,2017-09-20
264079098544c963529838aa8bc915d6,f67984ebe0a12dbe3346953a5d51883f,delivered,2017-08-29 00:01:27,2017-08-30 02:10:21,2017-09-07 00:18:47,2017-09-19 19:04:27,2017-09-20,4bc1e2793d19b3a627ed677976caf8a6,2017-08-29
cb5ece4890234f69f2371e3179e42f73,977fce68136a9397a3ea45244cef6c00,shipped,2017-09-04 18:00:08,2017-09-04 18:15:16,2017-09-06 19:04:10,,2017-09-26,e38413a14a7b79e330ea4d62546f6e23,2017-09-04
35eae4d1a23ed34ef1c03eb2da32c316,84f8b9390929250d60da8e06ecc33e66,delivered,2017-06-07 09:00:44,2017-06-07 09:10:15,2017-06-08 12:02:17,2017-06-16 17:04:18,2017-06-30,e539f349354711c5ba3ae28aa7b87f88,2017-06-07
cf23ecd1a5db35528b344d0f553fb3d0,92689a9be451be6bb89318275746e675,delivered,2018-03-02 11:11:45,2018-03-02 11:29:54,2018-03-02 21:08:26,2018-03-12 14:12:39,2018-03-14,bd18f3bbff82c791bffcd3097abaa161,2018-03-02
e4ce7e9f0b81f2de2415e30494021d2c,5ab3c37d3cf12220b77de5f0d6ea1a66,delivered,2018-05-26 00:34:31,2018-05-27 00:30:37,2018-05-29 13:41:00,2018-06-04 19:51:21,2018-06-20,053abb2829821b2fafd26639ba5a5b2c,2018-05-26
e5f5eb78b3535d3013d4f1f7050cdc9e,eb422a43b5854cb74f30bde15f9541e0,delivered,2017-12-18 21:23:18,2017-12-18 22:31:47,2017-12-20 18:20:04,2018-01-13 14:36:30,2018-01-17,c56092d3282662a53de1634e3041ba67,2017-12-18
0f38d084fc118c0c7b912809d879b45b,9665d2006799a0bbcbeff9dc6e4b3d55,delivered,2017-04-28 13:47:32,2017-04-28 13:55:18,2017-05-03 13:18:57,2017-05-08 15:20:12,2017-05-24,fc1d84135c8726ba41d27ed697b677ce,2017-04-28
8ff63166365b5335a836e2e7be70eeea,f2fe306bef4c0b5da31a2d7b0f78f710,delivered,2017-06-27 21:00:18,2017-06-27 21:10:15,2017-07-03 14:51:49,2017-07-12 19:29:24,2017-07-26,20282afdbe6cf22d5f5a956d8b5a3f78,2017-06-27
4ef36d7c9950e291544d3a68d123992c,34c59bf3d0944d2887ee2987c2eda500,delivered,2017-06-23 18:17:05,2017-06-23 18:30:13,2017-06-26 13:43:42,2017-07-03 16:49:54,2017-07-21,d39ae25acb5abb3eeb7ef96ff1f41710,2017-06-23
6d74d0a7b04ada2d0b870a20685ac3b1,b47e27cf0ebef16271db2df68cde4c31,delivered,2017-08-10 20:25:17,2017-08-12 03:04:25,2017-08-15 20:48:44,2017-08-21 22:47:57,2017-09-11,a1072a1f058950170d215565fbc6278c,2017-08-10
df2a882d20dad7dd697a1b9ebca66907,f7097f60759b0cd6ce26029186708982,delivered,2018-05-19 20:31:21,2018-05-20 00:49:38,2018-05-23 12:24:00,2018-06-04 20:41:48,2018-06-06,82f5d25d5f7c9f2c11c018223817e6e5,2018-05-19
e31a2b3f109d2dd1b7d4d9695880e68e,7bb5fcdd5b5fc703c8f9420e3a0fc21d,delivered,2018-02-04 12:16:30,2018-02-04 12:31:38,2018-02-05 16:33:31,2018-02-16 22:41:44,2018-03-07,f7e8368486fefb453fc6b54bfdf8b47b,2018-02-04
d3a2b8f995e212546123698dc1624548,d2bd1b15eb506fd960b7e6589e1a1a4c,delivered,2018-04-25 23:28:54,2018-04-25 23:51:53,2018-04-26 14:31:00,2018-04-30 17:22:38,2018-05-09,263fc1347a8ec1656446eaddff45437e,2018-04-25
f86f6472fa9f395d8d9a6751ca118afb,ce6d32fa00bbae809e07c14126e5fa6e,delivered,2018-04-19 09:55:30,2018-04-19 10:11:59,2018-04-20 22:49:03,2018-05-09 23:38:42,2018-05-18,1504b719eb728716ff7583dc7b86a0b0,2018-04-19
bb95881900c6eeb4252919993f7a6660,5ae24f31b56e4671fd61703aa7e9e9d0,delivered,2017-09-28 22:52:48,2017-09-28 23:07:14,2017-09-29 16:07:41,2017-10-09 16:44:20,2017-10-25,613c38fc69a2db7f91ab1ab9f1f68e1d,2017-09-28
8fe3b44d3161e377a52ba346b2b0ec08,6066d537b297112e9ad8737b8c8a2eb6,delivered,2018-07-20 14:45:04,2018-07-20 14:55:13,2018-07-23 15:29:00,2018-07-24 19:52:33,2018-07-30,721b54017d86a9ceb21b520a2cc14860,2018-07-20
2b919216a8b67751994934b49ac9b750,eec4493fdd2bc290c6403a8b8b1af13c,delivered,2017-05-07 13:20:43,2017-05-09 09:43:09,2017-05-12 15:22:21,2017-05-18 08:14:37,2017-05-29,a9077a556659b6baddf1c2966b03d17f,2017-05-07
61e5e014747f2bf650ff99a3d8578caa,8cffb89ef0a6557a99d731f67d652359,delivered,2018-06-26 18:23:34,2018-06-27 18:15:15,2018-06-28 14:31:00,2018-07-03 22:05:05,2018-07-20,4db680286d0e7630aef788793004a817,2018-06-26
b3a0eb2ed8d1c40cb723235fc937b654,fe9837d3b6aa2502781cb57e41e23d5f,delivered,2018-03-28 09:57:20,2018-03-28 10:10:17,2018-03-29 14:29:50,2018-04-23 14:42:55,2018-04-24,670b703e750670fc9f310d6087dbd538,2018-03-28
d03428478ca1e760e9c5898acc54665f,96d6b58803716cf4a2d006f34c6eb590,delivered,2018-08-14 22:23:39,2018-08-14 22:44:10,2018-08-16 15:18:00,2018-08-24 18:03:51,2018-09-04,63e00255a2ecd18585be8142b920727a,2018-08-14
af04ffb35720e2b0ba3e0ff0265d18ac,2a255948698d29ac5f21a4bae5dcdf1a,delivered,2018-05-17 17:09:33,2018-05-17 20:32:27,2018-05-18 19:00:00,2018-05-21 20:31:47,2018-05-25,3e98a0e5e52c051cb044e0f7d1250e15,2018-05-17
fcfb5461769cc63d4c83cc3dd5c2ec55,23ab8595a676de7f50c83385883977e5,delivered,2018-08-04 09:49:36,2018-08-04 10:55:10,2018-08-06 15:30:00,2018-08-10 13:09:35,2018-08-27,36d5ed64f0e47b76656cb3843887a8cb,2018-08-04
6c145f7b5ab27b741ba7b277df44237e,054b4c37e38c1f8c0ad6e2038093d372,delivered,2018-04-06 17:09:04,2018-04-06 17:29:03,2018-04-11 15:39:27,2018-04-12 16:47:51,2018-04-18,a84b91f1f91aed1b256f58bf4007e2f9,2018-04-06
0858bbf6d922af574797281c8df8de5c,b41ab09d03cd73ae63d8c474d89efed8,delivered,2018-08-10 14:02:07,2018-08-11 02:44:37,2018-08-13 15:35:00,2018-08-14 12:54:54,2018-08-15,3b7860ba1d1bca8b56c192479bcbfe07,2018-08-10
fdfce023fb0abea352d3231865c62fde,46ab44938c2037edde737e7c0a90818a,delivered,2018-08-11 22:28:50,2018-08-14 04:05:17,2018-08-14 15:08:00,2018-08-17 20:22:31,2018-08-27,e4cf8c263af80448527b5497d9be8034,2018-08-11
d17eedcc5d276d0eb9ea566289f89352,76df9435c707647aca12bee2b6f8050d,delivered,2018-07-09 04:09:51,2018-07-10 04:45:07,2018-07-16 15:29:00,2018-07-23 21:44:41,2018-08-24,23bb341bdc817c53a6af9a5724382cb2,2018-07-09
99db775503c98bc234c5bd9e06d8593d,3a43094a902edb6ab100101182c5c2f0,delivered,2017-06-27 15:20:11,2017-06-27 15:35:15,2017-06-28 11:24:18,2017-06-29 18:29:26,2017-07-10,1971de7b2eeea48051111fe229d3f7e2,2017-06-27
d170580dfcd364efdb0c94f51bac0fc3,7d0a76e4b14a9ca33d51eb09db9f92cd,delivered,2017-02-05 13:18:01,2017-02-05 13:30:16,2017-02-07 13:28:10,2017-02-14 11:41:42,2017-03-15,f4ecf73dc97b08307cd85c109e491fa1,2017-02-05
b1daed3ca434922570bdde4d05004753,db073abf8c93f928f9cefd125bac461f,delivered,2017-08-21 15:35:44,2017-08-22 04:16:16,2017-08-22 18:55:03,2017-09-04 20:09:37,2017-09-13,017fa9ba22880652e440025a91d5a66b,2017-08-21
b05c8cc769417646081f2cca46eb35a3,1f8f0bf08a936ad2165d63ff7e9ddff9,delivered,2018-02-15 22:43:42,2018-02-16 14:31:26,2018-02-21 02:00:05,2018-02-21 19:22:05,2018-03-01,6a3a03f3c7afeb25ce61700d914a841a,2018-02-15
ef1c20996f869e915c278c7c6e996d25,87d9815311b8ea68720364a6b3a43eb4,delivered,2017-07-03 19:01:37,2017-07-03 19:15:26,2017-07-05 16:27:50,2017-07-11 19:42:33,2017-07-27,d3b23e5263198356479f66010c747a6f,2017-07-03
4127cc6fa24501eb73f62be87d226372,a08d203f34f5d5f55ad0dd27c6481588,delivered,2018-07-19 15:52:41,2018-07-19 16:05:26,2018-07-27 18:56:00,2018-07-30 15:45:52,2018-08-06,a6147ebb01878855214d7a0a67a1bbde,2018-07-19
90a98aa71f20333f9e9f1f20474fdb5c,8c16df4246ae4e0a77a5060e8a48d019,delivered,2017-03-15 15:05:09,2017-03-15 15:05:09,2017-03-16 11:25:36,2017-03-22 13:25:37,2017-04-05,7fd3d22b5ae0f62d7af0657204afed2d,2017-03-15
907eabc0a9a6d9ce32c146695b677a6c,dc32d351014bcc008d6cb2072044bfec,delivered,2018-04-16 20:06:48,2018-04-16 20:51:34,2018-04-18 20:56:42,2018-04-25 20:53:35,2018-05-04,df2400a9266c8653ae9874525eafa172,2018-04-16
e7a55313688a902f5ae012231d686f37,4eb541cb7268c35912f494bb7d88b7df,delivered,2017-03-09 18:56:53,2017-03-09 18:56:53,2017-03-13 12:36:20,2017-03-15 15:37:33,2017-03-28,569a1dbb765b9aa10d25d81970b3388a,2017-03-09
c0fc9ab7bf56d900f1456a75b2cb5ab9,f31d63c4d056b33dfff95a433ea2c464,delivered,2018-06-09 08:28:10,2018-06-09 08:58:37,2018-06-11 15:23:00,2018-06-17 16:21:45,2018-07-13,4e58d8d67098fe492cf8f239a123c88f,2018-06-09
6fdb9a84ef8876ba281624f310baf6b2,fc5d1dd3f6285cfce7fa3b0ec2e3723c,delivered,2018-07-09 22:01:08,2018-07-09 22:15:11,2018-07-11 13:55:00,2018-07-16 12:28:35,2018-07-31,2b765214c5a1bb812a15e4f765e63c4e,2018-07-09
b5695e31c82f1d474be0cdb54d0c3728,2bb743a107c2b0aa91c5f37380696cb4,delivered,2018-05-15 22:29:47,2018-05-15 22:55:12,2018-05-16 12:50:00,2018-05-25 16:12:02,2018-06-08,28433590e9bb79f58dd9ce601796d004,2018-05-15
8426778a02661989b8520457d7045886,00f4202fec304d8f984a33eddc630e0f,delivered,2018-04-09 18:53:07,2018-04-09 19:11:34,2018-04-11 16:38:58,2018-04-25 00:28:30,2018-05-11,5f5c63b8be5d8accfec392c0c9e071eb,2018-04-09
8c950d9b4adf24655fe399e36f89cad8,72393b3af85fd0a02c785d385657a7e4,delivered,2018-06-24 14:42:41,2018-06-24 14:55:05,2018-06-25 14:50:00,2018-07-06 16:41:20,2018-07-24,91a94e14af94f4ec7c8a29fba54d8243,2018-06-24
9f34a57aebc01d6ad4268ec70c75bd2d,65ffcd11ef8a73635aaf113cd7b502a7,delivered,2017-07-04 16:29:20,2017-07-05 17:38:16,2017-07-20 14:54:59,2017-07-20 14:54:59,2017-08-23,c9a3dc6f7a9bf349053e1322eba489e1,2017-07-04
e96a7d9b6d30b44304ff2cce1c8d83ff,973939a3eb280816353408ffc4b5d062,delivered,2018-08-15 10:55:48,2018-08-16 03:15:16,2018-08-17 12:57:00,2018-08-24 22:24:30,2018-08-30,b0e3d5226747d43d40b4f07aeb6de300,2018-08-15
b8600638fe961cfb2b69a03b27245c6a,3981247b0b432d04428f64339707c563,delivered,2018-03-29 14:04:05,2018-03-29 14:15:09,2018-03-30 00:26:30,2018-04-10 19:25:26,2018-04-24,dd3807a7f57a783c4b62f8acf47fd97c,2018-03-29
febbb5a06ba3e1a76d7074adb56ff587,70a41f17bb11f0489b47681e7df35d77,delivered,2018-06-07 17:47:13,2018-06-12 23:31:02,2018-06-11 09:52:00,2018-06-28 15:49:38,2018-07-11,7e53f6fd6787f3d9257b665f62d1e99f,2018-06-07
b9f64aec40db08ee03b99891f3bab687,5ed2bc5e67cc792785c5e70a48516a69,delivered,2018-03-31 23:33:31,2018-04-01 23:30:17,2018-04-03 20:57:39,2018-04-25 19:51:49,2018-04-20,a3e9d9b99ef084bfc5dc9392d54cb434,2018-03-31
908fe1b8b7e5ef073fc701112c902111,49b51777c902c07945d0bbf6f1ccd2cc,delivered,2018-07-24 18:13:35,2018-07-24 18:25:08,2018-07-25 13:27:00,2018-08-11 16:49:37,2018-08-13,156283b6ca35ef976a0265903145fd5e,2018-07-24
e90da786f0f0041ca35e71de95ef4eb6,c53c0706d9dfc081b79e3f57c6ce7165,delivered,2017-06-06 20:26:32,2017-06-06 20:42:32,2017-06-14 15:02:59,2017-06-19 21:33:18,2017-06-28,766b2fbc375283ac0ed5324c091eacc8,2017-06-06
1662d64304e6e02a627e29b14898060c,7c23d845f6723abf012d8d6007718fa4,delivered,2017-10-24 23:10:04,2017-10-26 02:56:31,2017-10-27 16:05:54,2017-10-30 13:43:28,2017-11-06,b6b2489c76ed9f925b892ba26d335029,2017-10-24
9c424dd07b069caaaae3ee7fb41ba1d8,ea5bbbd8f7f1b535e224b94c7a842d31,delivered,2018-07-22 14:41:48,2018-07-23 09:40:38,2018-07-23 14:57:00,2018-07-26 23:38:45,2018-08-08,5ab9507e934f43e77e18f3b19673649f,2018-07-22
d6620af765cb60ea04b7cc1a22c37a0c,098141076c8df5b43832f45772e2f189,delivered,2018-01-08 21:01:23,2018-01-08 21:12:26,2018-01-10 18:07:58,2018-02-07 00:12:00,2018-02-01,b6caaffd020293524814edee89065d38,2018-01-08
e1509672293750128968e3d0089e1b5d,0d9ffbcdfc8f12c97fa5f1e669eb03a5,delivered,2017-12-05 09:55:51,2017-12-05 11:28:15,2017-12-07 00:35:26,2017-12-15 22:27:31,2018-01-08,b326ede7395fa05e39c71365970f85da,2017-12-05
dd3a0b9a7c4426e4eeb129a68d66b22c,ed7c83c58c9e8608aa1307133b01af59,delivered,2017-03-24 20:56:37,2017-03-24 20:56:37,2017-03-27 15:39:52,2017-04-04 14:04:27,2017-04-17,d4a97fd87af2b139333f77f7e796feef,2017-03-24
6147e0d51f6ecc3e0ae6defe7156bc82,a4d344d6eb50f346c8944aee3f04d27d,delivered,2017-11-17 19:42:27,2017-11-17 20:26:49,2017-11-18 14:34:30,2017-12-13 16:08:19,2017-12-13,00bee19e1199bc5cede1c674177b9e22,2017-11-17
d7d1d0e6c3f409480d2ea528b338e5ca,2f588632961f7b6289f4695ff36cd924,delivered,2018-04-17 17:28:05,2018-04-17 17:50:37,2018-04-19 18:02:58,2018-04-23 19:28:48,2018-05-14,47489788e48f45b876c1969741483c8f,2018-04-17
735cb5ace9873d50534f4ed4a4cfb608,59bd33ecb9afd8f2c6184c9e63b914fc,delivered,2018-03-13 22:13:54,2018-03-13 22:47:55,2018-03-15 20:14:31,2018-04-04 11:45:45,2018-04-05,f2974b395b29a444ff8eccc7f6c8ad0e,2018-03-13
a070e8f0f3a26a42c6c333b6d3a04dd2,8fdbdce454b7b69541b4e2a70fa1056f,delivered,2017-06-07 18:07:46,2017-06-07 18:15:19,2017-06-13 13:42:32,2017-06-15 12:22:01,2017-06-21,b73c98a9690a08369a873045c88d5a96,2017-06-07
250dcc4b34da378ac9a5f3fac0a67726,927b54eb6de52a0d74226dbb8ee421a2,delivered,2017-12-29 02:14:21,2017-12-30 02:07:26,2018-01-03 21:42:50,2018-01-10 21:38:12,2018-01-31,326b30f315b6f78a89ba0134a575f622,2017-12-29
bf905b0bfd5f17ff77b5eb80fb90dafa,377d5824d96efc701b5466d2ab7a989c,delivered,2017-10-19 22:49:04,2017-10-20 22:56:13,2017-10-25 21:08:19,2017-11-07 00:29:36,2017-11-10,65664394571517836734246f81665f93,2017-10-19
1341100f857d5c84b5f9e101bd5de0b3,ad57a315d68f39973624ba78fd0557cf,delivered,2018-02-06 09:53:36,2018-02-06 10:11:42,2018-02-07 23:26:47,2018-02-19 19:58:49,2018-03-05,b7b4d3feb264b507cd9a5742120c73e7,2018-02-06
09268d8b25dd31ae78b464efd453d069,02bf19efae533d95c21b5e1ccc633a88,delivered,2018-06-08 21:53:39,2018-06-12 04:57:05,2018-06-12 15:00:00,2018-06-14 21:41:54,2018-06-28,85c9cc82766d61484d4014b8f1d62dd9,2018-06-08
bfead39f96afa0a674110835b6677095,fb139e2c4f9ed3b05ca0dbe66ea46880,delivered,2017-10-18 12:16:29,2017-10-18 12:28:25,2017-10-20 18:20:10,2017-11-06 20:36:45,2017-11-16,dcae10a371a35e87b7e88b8724a7bbea,2017-10-18
98bd84aec6d35c66e7b5baa6d2cb8dbf,9085fd659cb92d32561ba27756ae17dd,delivered,2017-11-24 22:52:14,2017-11-25 01:53:47,2017-11-28 21:09:03,2017-12-15 13:29:12,2017-12-14,2a264b2ad81a858f25f281d1e3371ccb,2017-11-24
6a45bd0eaa9f36460b442d6c149fb97e,f7200667802fa98c58b8110f7191bcee,delivered,2017-07-27 13:19:29,2017-07-27 13:30:25,2017-07-28 19:27:30,2017-08-02 18:43:07,2017-08-16,f96be73d5c1d3bfe8fcba7924798ba91,2017-07-27
bfa8088a92f7ab4ae75c7841ad9cac8d,81e617c9dfd26bc29c2e733dda649a8b,delivered,2018-04-18 19:20:52,2018-04-18 19:35:11,2018-04-19 20:24:53,2018-04-24 18:58:46,2018-05-17,3f67836b4c2553b67e13adc86b679f77,2018-04-18
0cd2469ab06e40b78aa617c57b946994,8d924cfc57373c980b55fe575baf2c39,delivered,2018-06-03 15:02:14,2018-06-03 15:15:18,2018-06-04 13:42:00,2018-06-20 23:54:34,2018-07-20,d585ef35b036b3ee32c10429047cae85,2018-06-03
56181fe566dd895c41cb4c0665207b81,cf53cf9a8f50ce588d01f95b1c01dabd,delivered,2017-07-20 10:58:58,2017-07-21 02:45:16,2017-07-25 14:33:09,2017-07-28 14:57:44,2017-08-09,f4bd2c38f456f8e426b55ececa129bdb,2017-07-20
0dafd5ada8ca38b3cdd30cb12a6eb18b,5ee2515a9744b5c06a48ab5bba237549,delivered,2017-03-20 23:30:06,2017-03-20 23:30:06,2017-03-21 11:11:34,2017-03-27 15:45:44,2017-04-06,d5f970970b77ca11253f655a77a16031,2017-03-20
f7abaa156e535f9204ac0cedab166bd0,daa4d167c907827200536489e0dc645b,delivered,2017-06-25 17:17:12,2017-06-27 04:23:18,2017-06-27 15:04:06,2017-07-03 10:12:27,2017-07-18,3cc4abcf6c4d8a077b3c110ac04eb272,2017-06-25
67ff89e045f61cd73790e9866d3dc6ea,68747ad98d585dd1ae34309d02338c2d,delivered,2018-04-26 13:51:23,2018-04-26 14:11:59,2018-04-27 11:19:00,2018-04-30 16:12:47,2018-05-11,7b036c2b8d58e9b305c3932c40497bea,2018-04-26
74e9098e04f430c82e0a8da397f7922a,f6cd35fe99de508fc7a11e0028666025,delivered,2018-05-03 10:45:35,2018-05-03 11:54:35,2018-05-03 15:09:00,2018-05-10 22:47:31,2018-05-22,97e9e14357d2f088a9788f0dd00fc94a,2018-05-03
9463979a72f79c0324a07095d572007e,a2990e7d5162b8c79d2a89d4fe8fec83,delivered,2018-03-22 10:15:19,2018-03-23 02:27:39,2018-03-23 23:28:43,2018-03-29 13:52:27,2018-04-16,0783b656b537a909058d433c12179328,2018-03-22
d59dab0bce1cd6bf2c2252459973397a,3494e9d5086e44139641e3aefe16b768,delivered,2018-06-25 17:19:48,2018-06-25 17:34:25,2018-07-03 15:04:00,2018-07-10 16:51:41,2018-07-27,977d8fa938090d14a398c9dc83bad338,2018-06-25
5038751dab3b14db2b1423edc9e0397e,4594c3f15bb8ccd057ad5e13b79df8e5,delivered,2017-06-13 14:52:30,2017-06-15 03:03:33,2017-06-20 15:23:31,2017-06-23 12:07:41,2017-07-11,aff556fd219750a650c1743d0eab1b6a,2017-06-13
c5b859a429fc1d63c1444ad6a7a52d27,83b44ab8fd0cd5efb1b122b2a3bcd0ce,delivered,2018-03-02 20:04:19,2018-03-02 20:40:21,2018-03-06 16:04:30,2018-03-28 14:49:36,2018-03-28,5448fb61e525231e03356fb5769b9820,2018-03-02
c12dd32bdb7a0c2ea2d590a7c1f32b01,7f5d04dbde5dd90b767e910416425059,delivered,2017-12-28 14:27:46,2017-12-28 14:37:24,2017-12-29 20:55:12,2018-01-17 21:18:24,2018-01-26,d6670f019911e6c07a7833ab533e5a44,2017-12-28
7e71297b2e17220168974a6ea7d50042,56ba07126743e448497da8e3d14ad665,delivered,2017-06-02 16:47:29,2017-06-02 17:02:43,2017-06-06 09:47:54,2017-06-09 12:33:56,2017-06-23,7bd6815275fc2c7e9e408623b028d00b,2017-06-02
ea733405d742855b5e66606f15b493c7,c1df9884ef25ecda8c955f83b37db13b,delivered,2018-03-07 18:08:19,2018-03-07 18:15:40,2018-03-08 19:02:38,2018-03-28 22:08:41,2018-03-27,996d28d21e0c0d417528a8ec21e7d738,2018-03-07
a90966534748634cbb133383bf0eee68,509585871d9505d583be980046b14b8a,canceled,2018-02-01 16:49:17,2018-02-01 17:15:39,2018-02-02 19:26:53,,2018-02-19,c8d59d5edb075226a3266b61fdab3925,2018-02-01
38b584be7174802377777bcd60e7a459,bf7aeb48aaf84c74e205482939a1ecc0,canceled,2017-11-02 23:12:48,2017-11-02 23:30:48,,,2017-11-16,4eb6fcfd481ef3c2ab3afba135ef4bcc,2017-11-02
20f00da0cbd9a5f5d8caaa7f5a5e438c,e533aad62ae7a6f8dc0254352f3b6562,delivered,2018-04-19 11:46:10,2018-04-19 12:34:44,2018-04-20 23:20:43,2018-05-09 23:41:31,2018-05-24,5ac38ef6460160424c73cac26a8bc274,2018-04-19
76c3c8013bea9128879c13688ea5ff32,734d978ad5e614c839d98c85e8e7e7ae,delivered,2018-02-19 17:44:31,2018-02-19 18:46:53,2018-02-22 20:49:53,2018-03-08 17:59:45,2018-03-05,fc283632af2b8838b692cbcaaab40a65,2018-02-19
4bd891688089fefa2a88b0c0da2ce5d2,dd4cd9e1add310e5a0d8aa4f7fa15da4,delivered,2018-06-16 15:24:03,2018-06-16 15:38:01,2018-06-21 14:58:00,2018-07-03 23:05:02,2018-07-23,6fabaabbc69f2b77797c5f9c82a32aa6,2018-06-16
b96a6dd4f298f5e0e797e6251f2de6f0,d3050163e3a88ff86c411135bae1cf95,delivered,2017-10-31 22:39:06,2017-10-31 22:50:12,2017-11-03 20:22:04,2017-11-13 18:47:47,2017-11-22,74903da5ba3f1799f3ffa5149c4ae279,2017-10-31
3e842a1e166c97b49a05adaf6c7581f2,5a7c3d82e3d752eca0b6d7a52df07c9b,delivered,2017-05-25 15:54:40,2017-05-26 16:02:49,2017-05-29 11:55:50,2017-06-08 14:22:28,2017-06-19,c803385049057260f738c18c12749747,2017-05-25
43716fe010471178ec7f9c3be2a0c505,125323b1dc57df4d0ec8b6f695b02e00,delivered,2017-11-25 07:39:11,2017-11-25 07:52:26,2017-11-27 22:04:38,2018-01-11 18:36:05,2017-12-21,fd966da9095fd0bb5530180a1b088ade,2017-11-25
34bfe8d474f4b345e99b22b2ed46472f,b942fbed18322bae22eb6d47ab614dcb,delivered,2017-10-27 15:34:03,2017-10-27 16:31:30,2017-10-30 10:27:47,2017-11-07 18:53:11,2017-11-28,17fb23e6155cc3068de16fd4054d5a40,2017-10-27
90a0f36026ffd698c58239148a28b412,77f30174b3db9880a8a868926892545d,delivered,2018-04-30 15:43:39,2018-05-01 02:37:58,2018-05-02 13:04:00,2018-05-08 19:03:53,2018-05-21,c21b919e97346078646722f34ec6daf7,2018-04-30
60702368f14268a42d95a4da7cea0632,c609bbdc6a816decf71546cea0a79836,delivered,2017-10-29 20:16:29,2017-10-29 20:25:34,2017-11-03 16:17:06,2017-11-08 19:28:49,2017-11-17,41874d8151e8c195e9d2b919871ea3f3,2017-10-29
6ab97ef7bd67ccdac3b4d3743bcb9503,b6f9e2a66841b8d8f49af9cf799e87d1,delivered,2018-06-09 11:45:29,2018-06-09 11:55:21,2018-06-11 14:11:00,2018-06-19 12:52:26,2018-06-28,cfdfed62ac01ab5b1a65ce080d42f9ad,2018-06-09
26ea0efdb7b2abdbe5c5febd801ff18e,d5eafcbbd616a345974ca2ad22611c11,delivered,2018-02-08 21:04:33,2018-02-08 21:15:24,2018-02-09 22:29:40,2018-02-26 17:23:39,2018-03-07,95b695b6044fb56289bcae8964467910,2018-02-08
669b32c048dfdec5e4573854abe5e565,dcdfe35bfb51be9e9a791431222fb73f,delivered,2018-01-05 12:39:07,2018-01-05 12:48:51,2018-01-08 20:51:30,2018-01-10 18:58:49,2018-01-23,d6e6b43e1c9b85a8a07ccd20e8463877,2018-01-05
22420f3718ef75dcddb4f03201096895,f9ba7683252743527fe127f7627b82de,delivered,2018-03-10 18:42:35,2018-03-10 19:40:52,2018-03-26 17:24:48,2018-04-02 22:38:42,2018-04-24,008b82b072c6b564fcce49a325f84097,2018-03-10
5322755defeb2e8863500740172a082b,9922420b9b6f5767d8c46ddfe4d3b22b,delivered,2018-07-03 11:14:42,2018-07-05 16:25:46,2018-07-03 14:38:00,2018-07-11 22:26:43,2018-08-03,685abc1eaf4a2aeb07064bb55f071088,2018-07-03
19c8e37f78c41e2637545e34bda62bc1,9e919321eae00c3e6a133f4d847a360e,delivered,2018-02-06 23:23:59,2018-02-06 23:49:09,2018-02-07 16:36:43,2018-02-19 21:32:01,2018-03-07,be67ec5b02f74b75f81c22d6263ee3ba,2018-02-06
8aad4d43d259e1f1a9ca1786df7fddfe,5af688e5163184c0d53d53ad44bbf285,delivered,2018-02-05 12:04:33,2018-02-05 12:29:45,2018-02-06 20:03:55,2018-02-15 22:53:03,2018-03-01,073ce043974e19c4c37d281b7b7d72c1,2018-02-05
1cb9cb32b2b54f1580e375ba45d744c4,081ea0387c6abab704e37f4c9bc965bc,delivered,2017-12-26 18:24:08,2017-12-26 18:32:22,2017-12-28 18:39:15,2017-12-29 13:37:08,2018-01-15,d7bf7cfe09c3d0f40e1cabde2dc17fd4,2017-12-26
40b78093269252ad30000071c00f5c9a,528dc37bf184808b81749737c7691680,delivered,2017-08-09 20:49:25,2017-08-11 04:26:22,2017-08-14 19:27:05,2017-08-17 15:07:01,2017-09-04,f739a0a9e3c17e8da3d9620d61c02799,2017-08-09
9cfc94a00cf39aa53d8f701fade170b9,9f8d30b8c684bbe0947a28248a3887e7,delivered,2017-05-19 16:57:25,2017-05-23 03:55:23,2017-05-23 13:10:27,2017-05-24 12:52:09,2017-06-02,bac3c6884e558760dc56569bbb0b4e92,2017-05-19
68656d23f76667ee6ebe117db63ea015,06838eb84d243726bcd772cec9b68813,delivered,2017-04-03 12:43:06,2017-04-03 13:05:39,2017-04-06 06:58:00,2017-04-17 08:08:03,2017-04-26,28ad66c8baf13c85d2a936d0b06e73f6,2017-04-03
065d4f458013cd9c9e716f8be1ca00d1,12b11f992889101946980981fb471ab2,delivered,2017-11-05 23:44:57,2017-11-07 06:31:21,2017-11-07 19:14:21,2017-11-10 16:03:34,2017-11-17,5e15e6aa831179d018ee6caafe4ac330,2017-11-05
fca69dd3e60777ea363bd9d95a9bc86b,f6200ed049e67d0003e8ec5cea1eb13d,delivered,2017-07-06 19:53:02,2017-07-06 20:03:32,2017-07-07 15:42:16,2017-07-13 17:08:50,2017-07-28,b03da8a82f4cfd9967b23375b91b6a87,2017-07-06
7944a40f993592120589ebe482ba7b1d,60c394acebd6100502ef3258182dc805,delivered,2017-04-12 17:43:27,2017-04-12 17:55:13,2017-04-13 09:00:55,2017-04-19 13:38:53,2017-05-09,af3de24774685d8efb4d30f2879074b2,2017-04-12
aa60b99fd9b56eaff400d62b362e3bd3,35af52466ac48fec697b0038146c8469,delivered,2018-01-03 12:54:52,2018-01-03 13:06:58,2018-01-08 19:44:00,2018-01-13 02:09:43,2018-01-29,beb36c4b429dd95ca5ece6467a2cb94b,2018-01-03
f5612a72c48893e663d7f53ed8474dac,c034386c62e4c60320463e89cf90bd08,delivered,2018-03-25 18:28:25,2018-03-27 03:51:21,2018-03-27 21:33:25,2018-04-06 18:03:43,2018-04-13,2ee9f94b85391abd4b3411e322e30604,2018-03-25
a0d503b20274a7c654eab441adac695c,09684cc1c5d0fdf71ff51b9f99843ea3,delivered,2018-02-28 15:29:12,2018-02-28 16:10:59,2018-03-02 16:29:02,2018-03-20 21:55:48,2018-03-27,47378ac106776bb71ad23c50f9d83fca,2018-02-28
e32475f70e357bf610f864d2674aaf46,b980ddd21127c0b356431590d4d3063a,delivered,2017-05-04 02:30:50,2017-05-04 02:42:42,2017-05-05 13:09:19,2017-05-16 10:21:50,2017-06-05,62f5246b11226092fb444df094662ebe,2017-05-04
4c3056fe40ffbc21a0f047320bf17cd1,926a13f228b0c485521bb3b1ec09b164,delivered,2018-03-25 23:27:23,2018-03-25 23:47:45,2018-03-27 21:07:34,2018-03-30 00:14:22,2018-04-06,8c986a9c4aa85f1610120d6da1fd1d6b,2018-03-25
449ace02554618b2b893aa7a8868e7ac,5a5665a088424b8a6393ef403bbef479,delivered,2018-06-22 21:40:54,2018-06-22 21:58:37,2018-06-25 13:24:00,2018-07-02 17:50:48,2018-08-01,97f8d308cb65faff7411dc8e1acc9248,2018-06-22
0ee78b4d78116d8d91f47dc4b290f526,e8db2406f6cc8880487fe3d1162b7cce,delivered,2018-08-13 13:19:54,2018-08-13 13:30:15,2018-08-16 13:52:00,2018-08-21 02:21:25,2018-08-20,e4fa7cfb2fdfee15f637c82be76439db,2018-08-13
b58a6cafa236091ed83bec2b0ff64ec7,055d109c6027a0552d11c3b1dc8d7986,delivered,2017-05-07 20:32:07,2017-05-09 09:35:49,2017-05-11 09:27:48,2017-05-15 08:04:12,2017-05-19,6abc999251612920bec93b3be616fa1d,2017-05-07
bb319a363d19dd79207dd26bacf0f4e8,ac7b1af4f6e4c9703331534ab45840cd,delivered,2018-05-09 07:54:15,2018-05-09 08:30:55,2018-05-09 13:18:00,2018-05-16 16:12:49,2018-06-01,e72db37a1bc35d8c18f8418932602f32,2018-05-09
eea49c7e89b1350899c908afadbc6ee0,1237b05644a9d15e9cd1a33c445b87fe,delivered,2018-07-07 23:49:13,2018-07-11 03:15:21,2018-07-12 14:57:00,2018-07-13 18:32:17,2018-07-19,3f38d68e0d5c805fd9bedffd097baa4e,2018-07-07
e53249d8b27242c64053f94e2af2b2ba,94530252be2e605952ea3e82461cfbad,delivered,2018-08-26 21:18:34,2018-08-26 21:35:11,2018-08-27 14:29:00,2018-08-28 22:13:29,2018-09-04,11ccf36669e0483ac53abfeb566679b6,2018-08-26
6b8e33e6751e356214e7b35ad7df83cb,b083efa0cd26465439a0c966b960a701,delivered,2018-06-21 19:24:06,2018-06-21 19:38:39,2018-06-22 15:16:00,2018-06-29 20:16:46,2018-07-19,ce3d1470066bd963c5df097303265d5c,2018-06-21
5fa0fac3ee78bb5d81f63f4e1b2f581e,9df3a70d5bddb3b05b7896e5d68088f1,delivered,2017-12-05 15:45:05,2017-12-05 15:54:20,2017-12-07 00:56:46,2018-01-04 22:49:00,2017-12-28,9c8a048c503e08a6bdef9254c5a348d9,2017-12-05
95ece076088bebb7ec28703a1f378214,054966d42bd2283fd25c9aa4fd8bba5f,delivered,2018-06-26 08:38:27,2018-06-26 08:58:03,2018-06-27 10:23:00,2018-06-29 21:59:53,2018-07-13,4de3ce7b7424960d925e9bb8a675a5bd,2018-06-26
969845b1c24ed7c5f3d07b64667967f8,b70ddf16c6958c2932ba47fe90187a1a,delivered,2017-07-17 12:01:14,2017-07-17 12:15:11,2017-07-19 12:27:53,2017-07-24 18:44:31,2017-08-08,e651165ec988a062dffec6d19e1443a3,2017-07-17
d3123a8def350af103d31c2026666c25,08b56a0a9c6eff4619a9a141b4dd37e2,delivered,2018-08-18 18:04:29,2018-08-18 18:15:16,2018-08-23 13:43:00,2018-08-27 20:03:51,2018-09-19,915e75e4cb2d49ca4f2f11df06c57b06,2018-08-18
87c30aa444c21f77f5dcedb637f9ba85,499cec095230909d69db703a919b2d22,delivered,2018-06-11 14:07:58,2018-06-11 16:31:31,2018-06-15 14:21:00,2018-06-20 18:26:28,2018-07-05,cca476559e6413b7b27dae610ce4179f,2018-06-11
7e7ed851224124724e3058ab01051711,621bd139a00b6dc7d6d68635e3b558f4,delivered,2018-05-29 08:20:32,2018-05-29 08:35:17,2018-05-29 14:38:00,2018-06-14 17:52:23,2018-07-13,bd8e0c159f2986ea4c1d4c204d6020d0,2018-05-29
0acb52bb1603d9a69f0965fb43c08a99,c49b7e4b867b6ef7012497b70b828e0c,delivered,2017-12-06 21:38:37,2017-12-06 21:52:52,2017-12-07 19:43:07,2017-12-08 09:57:43,2017-12-22,fec3ef9962f5525487b628a58caf638b,2017-12-06
9260673a73f65b3c54fdca21a92183fd,5a25e5160e5a5ed104c66d7829fcb5fe,delivered,2017-07-18 20:28:06,2017-07-18 20:43:14,2017-07-19 12:12:10,2017-07-21 19:06:51,2017-08-07,8cacfcc3b4cde2d0acdd6ddec8d503de,2017-07-18
6b3badf7183e5f197eaba0dc24fb28f2,545c5ae6a6f4963a3f0de989e0fb8bc5,delivered,2017-10-17 12:31:09,2017-10-17 13:26:30,2017-10-20 20:11:50,2017-10-27 18:07:40,2017-11-07,edbc2f56894c90c51988c7e54779f6aa,2017-10-17
6c0819b0edde57ca00841c3d2092bb34,e7b231ace740792333d5825f57bdfd9c,delivered,2018-07-24 16:40:18,2018-07-25 02:55:08,2018-07-25 14:08:00,2018-07-28 12:51:30,2018-08-07,1ec10ef3846663625725d95e43231203,2018-07-24
e49756b486c722bb970c4cadf35a2cc3,395109240d37ac26c624df336fb780c9,delivered,2017-09-13 16:41:53,2017-09-13 16:55:11,2017-09-14 19:13:40,2017-09-18 19:10:23,2017-10-02,bee6d7eab49c4bce97c3baf1cd09be60,2017-09-13
3447403152f317306ba14a3837235504,4fa0a4fef71cbed8c67fcbdf974e0fb5,delivered,2017-11-24 17:03:52,2017-11-24 20:39:41,2017-11-28 00:25:45,2017-12-05 17:09:45,2017-12-18,59c7d1615e0fec0aaf2fcdf9b1dd2960,2017-11-24
f52ed0bde654bdeeaca2b4d0ad7e6c33,0ffc0c85f45a4f828918ccc403f4ba87,delivered,2018-08-01 18:14:28,2018-08-01 18:25:11,2018-08-02 11:08:00,2018-08-09 17:12:40,2018-08-29,966f5f842a004b7bc13d636f1b0fdf9c,2018-08-01
efd6e545a0e34fcc1b5a8fe60d9026ec,c6b4edcfa5b404de41a84649ae810ab3,delivered,2017-11-26 14:11:15,2017-11-26 14:19:23,2017-11-27 21:47:27,2017-12-05 21:55:53,2017-12-15,3d5d9a19c67d0db460c1163324f3e37f,2017-11-26
29f5eee55471690bb64be28bdbb7f11e,a1dacdcfc9e9d6a31ee895c15c96cdd3,delivered,2018-01-17 16:29:52,2018-01-17 16:49:48,2018-01-23 23:22:35,2018-01-30 19:11:53,2018-02-19,196d08c72c20b988906504ff7e8182cd,2018-01-17
1f6ed5c41056590e82cd3764a809e2f2,2d2fddcb051ba1be58126988e10b34fe,delivered,2018-02-19 11:58:43,2018-02-19 12:15:50,2018-02-26 22:48:44,2018-03-06 17:44:22,2018-03-09,1d032f25fd407a29c5c756f9550b4809,2018-02-19
8358045db0b940a1fcaa47dadb2b79c9,7ac9e0604c9ae3f476588f5f0fee10bc,delivered,2018-04-22 23:01:47,2018-04-24 18:38:39,2018-04-23 18:54:34,2018-05-08 20:44:50,2018-05-09,398498efb0967a1b2083bce976e3ff2c,2018-04-22
033be53bbe3f76953bada81a6a40d3b6,8455da4c0f77acdfe3dc387545a13a5e,delivered,2017-11-14 11:10:14,2017-11-15 02:55:46,2017-11-21 19:34:09,2017-11-29 23:32:05,2017-12-14,abd040213a6fa647e62a971f7a59de6c,2017-11-14
eb829be78140383da9cba1b8fc2c6c6f,c1589a207c65a8b3f79b7aaf2103f715,delivered,2017-03-14 11:24:10,2017-03-14 11:24:10,2017-03-14 17:11:46,2017-03-22 11:53:00,2017-03-31,a61bdd3195ef6c83350ef0e8e16f67de,2017-03-14
8097f05ad65d38ba708d437f60ad6581,16ad5865a7312961bef41888610a109e,delivered,2018-04-03 22:59:48,2018-04-03 23:10:13,2018-04-04 18:22:37,2018-04-10 19:17:48,2018-04-24,84c4f3f1080ecaf3da6d320384c60146,2018-04-03
a4e4558822ee82b83d241adadffa42db,b52b19c1578a99fe32770796105f0ab7,delivered,2018-03-12 16:45:07,2018-03-12 17:09:59,2018-03-14 00:14:49,2018-04-20 22:58:26,2018-05-07,65223018eb7238dbae3ee0a681f5901c,2018-03-12
f1b2f741c002e0bf5f0f63e3b83c1a21,64c6902a27f9ed0d53fb7afc77259a8c,delivered,2018-02-27 18:16:26,2018-02-27 18:29:06,2018-03-08 21:06:25,2018-03-13 19:31:10,2018-03-19,9099c659f8cd764e87a1482d258fcec9,2018-02-27
6e8e402e44bcfbea3974580d3f442a33,6822d5f9abb30da580ef30196fb78436,delivered,2018-05-15 11:28:25,2018-05-15 11:55:24,2018-05-23 13:03:00,2018-06-01 17:49:48,2018-06-01,9f019b77ed0e6437ea3258ef8ee3a167,2018-05-15
8b72765c9ae45dda52e1aeb36d56d0e6,21d21175570bdf77dcfe0902436a886f,delivered,2017-05-15 14:45:55,2017-05-17 03:45:15,2017-05-17 11:20:00,2017-05-20 09:07:40,2017-06-02,bf9a7a28ecc277bded311cf7706d7162,2017-05-15
3786374eb6f56d00e96bf7511002cd00,636fa509660dfc8277a18ef0e7c4a68a,delivered,2018-03-13 23:17:04,2018-03-13 23:30:26,2018-03-14 18:06:41,2018-05-17 18:21:50,2018-04-13,489937c943d790a39af5092fe2326d70,2018-03-13
ccdbdaee1f24ce882d752fe79410cfef,e873ee667c51b3236ae273a6877461a5,delivered,2018-01-28 08:46:35,2018-01-28 08:53:19,2018-01-29 22:56:36,2018-02-07 17:43:13,2018-03-02,2d8a81721a9fffc913004d564182f537,2018-01-28
968daeb20a9a0e6c8433cad2c886756a,4b118c6a2f825845bae401ae5b1b993c,delivered,2017-07-28 17:31:17,2017-07-29 02:25:27,2017-07-31 16:42:54,2017-08-05 15:23:52,2017-08-24,5a96f34f3afcd6af757054cdc60cb877,2017-07-28
5ed9ceb0ba3f0b51619c859aae89f1ae,cca56064dc1109d7ddbcc60f28e54ae5,delivered,2017-10-07 17:26:31,2017-10-07 17:49:29,2017-10-10 16:50:13,2017-10-17 19:42:58,2017-11-03,81ab2d44a88b86d8cf38879c3da5e951,2017-10-07
218285f1805643f2d68bbec7c40c88a0,af020dd994eed0fee9e46aeab3cdeae1,delivered,2017-09-13 08:38:58,2017-09-14 03:05:55,2017-09-15 21:23:31,2017-09-20 14:34:44,2017-10-10,df55505d51ba40f732f9a3312cff2fee,2017-09-13
37caa1552193248f7147f1298b4cd3c1,bb1be7eeb5e6950adea984cecfcc963e,delivered,2018-03-01 14:49:23,2018-03-01 15:15:30,2018-03-05 19:24:33,2018-03-14 16:41:54,2018-03-23,ad7c38d4d28f66c75b205cfde2a5d231,2018-03-01
98bd62478f45e100b026c030c5b0b121,c26860c28284ae4ae0c44c2ddb8fbbac,delivered,2018-08-05 08:15:58,2018-08-05 08:25:09,2018-08-06 12:18:00,2018-08-13 14:38:40,2018-08-21,c5a2ace14309acb5b5cc19236eae121b,2018-08-05
b7862d8553509d146df534b47d0fe1c3,902c17aa72c2d804680e8253f15c00a9,delivered,2017-07-31 15:49:58,2017-08-01 15:55:34,2017-08-03 12:14:36,2017-08-24 16:39:59,2017-08-30,08eace12efa354dbd27ca9d36b9b6f04,2017-07-31
f69425cdf960af0610de624359fd6a04,310d31ae6e46c6bc708865caf0649709,delivered,2018-02-02 10:18:03,2018-02-02 11:30:46,2018-02-02 23:12:35,2018-02-15 20:47:01,2018-03-05,f4efddc66872ffac0cb2f16fa307ae7e,2018-02-02
855302e009dbafa86035003b00a49cd2,deb1182dcf5719b1a643649a2029846f,delivered,2018-06-05 19:59:42,2018-06-05 20:15:15,2018-06-07 13:27:00,2018-06-11 20:03:45,2018-07-11,b94a3a62951ea50358ba1f0a6ed8f280,2018-06-05
694191692801e9418ffd60b651623962,8e74c6f59833b01dec6cd56211141d6c,delivered,2018-06-10 18:40:46,2018-06-10 19:12:25,2018-06-11 13:34:00,2018-06-13 21:55:01,2018-06-20,a3828c34de1c8c4f3b1aada67bcb84ec,2018-06-10
9bad30acdfaeb94d3ad6ac40d5cdff7b,4c6e5d4c155d638646dee1e2f2fb3c38,delivered,2017-05-31 07:40:50,2017-06-01 04:05:33,2017-06-01 14:39:36,2017-06-10 11:03:25,2017-06-27,aeb71676ed8e15bdf62e647e3f54e3d1,2017-05-31
c195f1fa107c4161ca71b557b72b01db,672124aab25c34f836a4e49b5f7b6af9,delivered,2018-01-17 17:19:35,2018-01-17 17:29:22,2018-01-18 23:23:20,2018-01-22 18:28:50,2018-02-09,caae5a3299e5140d4d88afad8de464d2,2018-01-17
7f3189b85f3e348f9d772df47fe06bf7,18901d6dc991f0a3f8876d75185dbb45,delivered,2018-08-15 21:17:21,2018-08-15 21:25:16,2018-08-16 15:24:00,2018-08-23 18:41:16,2018-09-18,de7513e20c9330594acf86470a2330c3,2018-08-15
4438006ddb5015b3c15d1d5e6c83c80b,caba2eba9fa3f3a3a838cc2a8307edc3,delivered,2018-02-16 11:46:02,2018-02-18 12:26:49,2018-02-21 18:09:08,2018-03-17 18:03:39,2018-03-12,1c033aec1cee02a6cacc7b228f69667d,2018-02-16
61417f74f6caf083ff60fa4dc315f050,ab9909098ee1c7b2dc687e351d6373a9,delivered,2018-01-19 02:33:59,2018-01-19 02:52:06,2018-01-20 00:54:43,2018-01-24 15:49:10,2018-02-07,b1a82c8d03f1811eb03d6cb6555ea68e,2018-01-19
6ae5b953bef57d8a29a1c49e03807e82,431398d6d3848951226cf1307fc6f411,delivered,2018-07-05 20:25:54,2018-07-05 20:50:43,2018-07-06 11:26:00,2018-07-14 11:32:46,2018-08-08,f5405af41574fe112ab427bf3120c2ab,2018-07-05
cefcc988df88b91e3c9825518535be06,1338b5bd76a840ce8e03af00f46bb86f,delivered,2017-09-20 16:42:41,2017-09-20 16:50:21,2017-09-21 19:48:59,2017-10-02 10:46:37,2017-10-11,784b219ce3404f4e1df96ca340c06c07,2017-09-20
b5e461698d26f74f0316a419ee853f39,22bba22f92a670e60291b231f4f5eacf,delivered,2017-11-14 19:52:40,2017-11-14 20:06:56,2017-11-16 15:18:25,2017-11-21 18:58:38,2017-12-05,eead38e88d76a721ce9f118298d1e66c,2017-11-14
df91fb38017b42722551a94382cb829a,79a569c7d0617c27504aee953f5ea4ca,delivered,2018-04-25 16:04:20,2018-04-25 16:53:36,2018-04-27 15:03:00,2018-05-03 18:31:19,2018-05-18,15784120f1ae38b286ae5659b7eacace,2018-04-25
5e3ec924bc1a1f3793e12632c2b2f85d,9ccfe754c1d52a5024451022d4fcfd4f,delivered,2017-06-12 19:22:59,2017-06-12 19:30:24,2017-06-16 11:42:07,2017-06-23 11:27:39,2017-07-03,be4c4bc52f670dbfbbef50708c607648,2017-06-12
1e61c2d93012f7a32fe86de9bafc3a1f,bbacd4a4139f37ae3aedcc0f1e4d86eb,delivered,2018-08-09 22:37:32,2018-08-09 22:50:09,2018-08-10 14:46:00,2018-08-15 11:33:55,2018-08-21,b0468c2f2573d7b6bc5bc33479785e2a,2018-08-09
d631ff71a4160145d9473055d6cf74fb,40e1601f4dd60faaea6b38c69223e617,delivered,2017-12-30 10:31:39,2017-12-30 10:47:05,2018-01-02 17:26:33,2018-01-11 19:34:26,2018-01-29,843064615116e95a3b23fb1759009abd,2017-12-30
10492d21e254a11aa46c125a01702bfa,8f3fc20a1f8167dde23e0da111626aa0,delivered,2018-03-27 19:03:56,2018-03-28 21:30:24,2018-03-29 18:39:19,2018-04-02 16:49:39,2018-05-08,33a0ae33f79edef9f4fb25812aff0b2d,2018-03-27
3b47eaed57c2b8dbeef5f764194e5750,5260f456ae402e7bd7b16055e9a4214d,delivered,2018-03-01 18:52:36,2018-03-03 02:51:19,2018-03-07 00:22:28,2018-03-12 18:21:30,2018-03-21,b033be1d214084c1b30485ad3d8871a5,2018-03-01
f022f31048c98ee478576cd828def68b,c508d059bc9188e6d2992268c059241f,delivered,2017-11-03 08:37:03,2017-11-04 04:25:50,2017-11-06 19:28:18,2017-11-17 19:31:55,2017-11-28,708284053fdf21f67758dcc2dcce5cb9,2017-11-03
5667f52833bc78e17073dbcd870b6586,8d01c2ffa6f784c1768f162aee948b95,delivered,2018-02-19 11:12:19,2018-02-19 11:25:29,2018-02-21 20:42:36,2018-03-28 15:18:52,2018-03-12,674d38ef60dd27187607d720c47df145,2018-02-19
8262ebe1e3df8d5a04eb3c663940c9b0,cdee0e62d7e28cb988bca16cf3a85dbd,delivered,2018-08-17 09:47:55,2018-08-17 10:09:23,2018-08-21 12:36:00,2018-08-27 19:06:49,2018-08-31,75db9a792bb0c4ef4858e3db3f1f42c5,2018-08-17
75bd4b8877dbbc7d78b0cae0dddcff55,b5ac954570be41582fcc06eb196cbc1d,delivered,2017-10-02 12:22:51,2017-10-05 11:04:32,2017-10-06 17:15:37,2017-10-19 15:13:45,2017-10-30,fdf2aa05ddc445ebc83d7e2063fbcb4f,2017-10-02
e2ee2dc610b2fdbed7d47963883bf17e,057cea2321147e9bb2b7b5af93e66172,delivered,2018-08-13 10:04:40,2018-08-13 10:24:16,2018-08-15 13:12:00,2018-08-23 17:46:39,2018-09-11,6d6bb30745d6e09085783d23a5c2e7d6,2018-08-13
9c0e8894e1007783cb1b4922e9e46aef,ce0a55747a77d957ea22fb5adddbbeca,shipped,2018-02-19 13:47:51,2018-02-19 14:07:33,2018-02-21 00:08:55,,2018-03-19,12bb2d797c5212f30aba8162b1e6034b,2018-02-19
44ee123dd806e5be0cd47203126e26c8,f004baaa764281a258a7bdbed2eb177d,delivered,2017-10-05 10:44:47,2017-10-05 10:56:20,2017-10-06 15:48:16,2017-10-09 15:59:23,2017-10-24,249e7e4b31abf4bd8c1d71a7889493b3,2017-10-05
2149fe82b3e2d55f500ffe8406412733,b1f561df601049692eeba1996a9d4eea,delivered,2018-04-28 00:21:17,2018-04-28 00:32:32,2018-04-30 07:37:00,2018-05-04 18:42:31,2018-05-21,b168e38b8070518dc32151b68c996fd6,2018-04-28
f5ee50375a852fcea177ed5406a3f4c4,6ed7fb8f89bb4995b9f7e63e23ebd9c3,delivered,2018-01-11 11:45:22,2018-01-12 02:48:26,2018-01-12 22:29:27,2018-02-16 23:42:08,2018-02-15,71c8f794c99eb8e053e7654603207190,2018-01-11
7eb947ee7c01b2d8872bc456302687ac,669f2964029913b6ec6a29354302fbea,delivered,2018-02-03 20:37:59,2018-02-06 05:31:48,2018-02-07 21:09:02,2018-02-20 18:46:01,2018-03-05,c0c949c545d9fb4478017e6185b1adb3,2018-02-03
cdbf4152d2857c30e94f8e15e0dc9914,b07ff4137e54a8bf9b962ce385a93355,delivered,2018-08-05 18:45:25,2018-08-05 19:04:17,2018-08-08 14:11:00,2018-08-15 12:32:49,2018-08-20,3a50260990258c04dfa14e6f9d74533b,2018-08-05
df89b9f16503a80016dd955b0929ee3a,aff507517b2eebfb48dcec81417dcb3e,delivered,2018-07-17 15:18:16,2018-07-17 15:30:14,2018-07-18 15:00:00,2018-07-26 18:44:33,2018-08-07,dfd222d6fba07b053fe986fffcf48893,2018-07-17
0b8d9a9a4de4be0a6a5f0778f97ee6b5,aa54fd4369d4c8cac7f225c1e523399e,delivered,2018-05-16 09:31:53,2018-05-17 10:38:26,2018-05-17 12:56:00,2018-05-21 20:18:52,2018-06-05,3cc0991ba7c8be09d9f63a8526e52bb2,2018-05-16
a285ac76dd23bfb0ca14b34b894e9af9,c5017529359ab8ce299cb3ca7b1171f5,delivered,2018-01-19 13:48:59,2018-01-19 13:58:23,2018-01-19 22:41:36,2018-02-03 01:34:32,2018-02-22,1bae6a14747122a08774c74c23fe3618,2018-01-19
bb009fab515024781676004c4924f54d,d2d1c74bca444a6750b9ac7de001953c,delivered,2018-03-13 08:07:13,2018-03-14 02:35:39,2018-03-16 19:09:15,2018-03-27 18:51:26,2018-04-06,0b18593e033697810a62a987e77f4b8c,2018-03-13
ff8d0c8b5c1e8bdd6f8e3170f6fd62fd,1aee0c71b6dc4f257027beeadecb892e,delivered,2017-11-03 20:02:58,2017-11-03 20:30:54,2017-11-06 20:12:53,2017-11-10 15:22:57,2017-11-29,6025e80315175e0241fc6e35c42916a9,2017-11-03
1c5ea09d670777647e55f734e3d784b2,76c645adfb10bdaf744e6ec0649fe610,delivered,2017-10-31 12:20:33,2017-10-31 12:35:47,2017-11-03 18:32:38,2017-11-07 19:24:36,2017-11-27,57e22b0694a02a656f0af314b1bff705,2017-10-31
3e1f6fe2fb84232f49ee85bd4c61758e,dd8127782124fd0c7e5d054250651a6c,delivered,2018-05-15 07:53:32,2018-05-16 02:54:10,2018-05-16 14:25:00,2018-05-23 20:18:55,2018-05-29,51cf8056495e39e293596b418e512784,2018-05-15
d12e769a4e50f157d2c6cdf423dd73c4,48e60815b9a51a18b2721ea814b574b4,delivered,2017-09-25 22:57:30,2017-09-27 03:07:13,2017-10-03 16:29:08,2017-10-13 20:28:23,2017-10-26,bd0512ab6c631a62fdc974a682600f56,2017-09-25
c57e8fc5fbac1858f9a0f49e72eaa29e,033697e598cacbf5c293f06b632b1a1a,delivered,2018-03-22 21:07:11,2018-03-22 21:27:42,2018-03-23 22:14:49,2018-03-27 00:39:35,2018-04-04,ff7bfe25f6e582f062fe91a506aef916,2018-03-22
8104cba0cfe32e03aa870b61f6cdbf24,39f9e21e8234a66d314563df3c08e29e,delivered,2018-06-17 13:06:47,2018-06-17 13:39:50,2018-06-25 15:22:00,2018-06-29 17:28:45,2018-07-17,1a9725a6faddf68070a71a25bf695a39,2018-06-17
dd5be9b9c0e3a99371fb16d0723543aa,901756599df1e3f315ffa38fe192892b,delivered,2018-03-27 08:26:27,2018-03-27 08:46:50,2018-03-27 19:18:49,2018-04-02 12:12:15,2018-04-13,862a1a278f6b74d312e41ce7d7363d73,2018-03-27
10980615138835de121262cf38488689,8b40ebca90678b49830f04a84116370e,delivered,2018-02-02 10:52:24,2018-02-02 11:55:32,2018-02-05 21:34:25,2018-02-16 20:12:34,2018-03-01,1c75dafa1c78cdbd07316103e1c75677,2018-02-02
05c44e3898cc7d836584bfaaa36d0017,b5877addfeaa2e955ae8dbed97ecd12b,delivered,2017-03-31 01:33:15,2017-03-31 01:45:13,2017-04-04 14:57:07,2017-04-12 13:24:15,2017-04-28,5ad96d7a95788923e8ff455366a90015,2017-03-31
9d6b1d10fd62d8f52d1ee875b4842c2e,03b436ea506015a721669b80835907c6,delivered,2017-11-19 19:59:00,2017-11-21 04:08:30,2017-11-22 22:52:53,2017-12-01 21:06:32,2017-12-11,4ff03022ad97615c6387aa546a541eb4,2017-11-19
2e06e0410e2829e55051f03c2e60822d,4e0716459cc23e3c7e7cca611bc8b8d7,delivered,2018-08-15 20:48:09,2018-08-16 20:49:42,2018-08-21 14:58:00,2018-08-30 17:41:41,2018-09-03,58e37d5a5108c1debf38dfeb9933cad7,2018-08-15
720eebfd126b48c9ba768e0b74ed00d6,312ab567f56d954b660dcca797151e01,delivered,2018-06-26 15:07:53,2018-06-26 15:36:09,2018-06-28 13:55:00,2018-07-04 21:43:28,2018-07-30,86e49ecfd2467610147d7ee262057b3b,2018-06-26
98c012340047030b894d118bb56be94f,0390e8a506d1b5c6b545913a8900231f,delivered,2017-03-15 17:08:18,2017-03-15 17:08:18,2017-03-16 16:45:50,2017-03-20 06:12:51,2017-04-05,092f9a44ba4f3f80e3a0179845997bed,2017-03-15
9b09d38304dcaca0cd68c1e70247ca62,36bc2194dd0d911e897fc2db8ac76827,delivered,2017-10-01 08:20:11,2017-10-01 08:35:14,2017-10-03 13:17:51,2017-10-14 12:03:51,2017-10-30,ac987d464574ee0f743f9b630f937a27,2017-10-01
57972ffb8a2538ed27c15464d6e7fce6,76b409766dcff895c8dcf3f3297baddf,delivered,2018-03-02 13:35:20,2018-03-02 14:23:55,2018-03-06 23:48:37,2018-03-17 19:29:30,2018-03-21,d1e50ac66604fa33ddcf85fd68a34f8a,2018-03-02
fe94f63f2f4d326a6da25bfe07ffaf93,1dbe0bf136ea8849ed9648546ebc2e63,delivered,2018-08-02 12:07:12,2018-08-04 04:10:53,2018-08-06 11:53:00,2018-08-10 14:12:03,2018-08-17,bd0d97c6af77a1ef4850255bd6d17fec,2018-08-02
37dd9647f695d5ea3291f3ff98d8b190,26f71935b39470865072892a7a035b7e,delivered,2018-01-11 22:49:10,2018-01-11 22:58:31,2018-01-13 01:22:13,2018-01-23 18:18:45,2018-02-16,b885f966435a0ec1b81d25981ac9cb59,2018-01-11
f269e83a82f64baa3de97c2ebf3358f6,da052c97b9dc9fe34af8e78c7b014301,delivered,2017-12-17 17:30:45,2017-12-17 17:54:12,2017-12-20 20:10:26,2018-01-11 21:59:07,2018-01-30,6894b2a8a74e1c7fb9452d0cb861e634,2017-12-17
fe51eca8b5e241e101a5bc2e9720f877,e066b0d4111159d21f74325789a1e841,delivered,2017-07-30 03:01:54,2017-07-30 03:22:52,2017-08-03 18:37:27,2017-08-05 13:53:48,2017-08-11,fed72e8c40c3e1f6d8596175507ba08f,2017-07-30
087a5caa838085de4baa54e02f8f2878,01621ab81b760e6e48e8eb3a300c77bf,delivered,2018-06-09 01:13:30,2018-06-09 01:36:26,2018-06-11 14:30:00,2018-06-14 19:32:13,2018-06-25,7cc783df9242724b3978ad4c65051413,2018-06-09
484dd80590c70c987e3f3a2690673090,861f85fede6656786fc1d793f85db16e,delivered,2018-03-20 15:19:46,2018-03-22 02:51:00,2018-04-12 00:12:48,2018-04-24 22:46:45,2018-05-02,2b80802d3e1ca452e18559c9c999b11e,2018-03-20
6d803f43262441beabcb27db6c78a68d,d4fd5197cc0635f7cb41aeeb4ad7b234,delivered,2018-06-22 17:11:15,2018-06-23 02:20:38,2018-07-02 12:22:00,2018-07-03 19:44:34,2018-07-16,25e3d6b24d60a235667a1af0b95a073d,2018-06-22
93d1fcee477966a088fa92cae7c8a488,cc32b396474c70a230c5cf7b6b4d384f,delivered,2018-04-30 09:27:38,2018-04-30 09:50:12,2018-05-02 15:23:00,2018-05-10 19:58:36,2018-06-05,22f99be95869f65b00be5ee594b8b53c,2018-04-30
0f93c58739ea2f69d93afa96a7a07855,0171707ab8e7ded84018d1172aa33c51,delivered,2017-11-21 11:44:48,2017-11-22 14:34:28,2017-11-23 21:19:09,2017-12-07 21:10:00,2017-12-12,1648c72f7e1465cb7e79420fc9e91fc0,2017-11-21
06aa0aa8c22027ebb953d501c4238512,dd22f1d0142d9698c0848674e843525c,delivered,2018-04-25 19:43:19,2018-04-25 20:31:06,2018-04-26 14:39:00,2018-04-27 17:37:28,2018-05-11,edcc7ce9b67e904a02c89576d13e1ada,2018-04-25
7313f0f1840908195fcec79cd76b81d0,b56b195b117a62d8ef46813504dd810f,delivered,2017-04-08 19:02:42,2017-04-08 19:10:20,2017-04-10 14:16:56,2017-04-20 12:06:20,2017-05-04,a2f0e00d17b19c90db20a2012835a3f7,2017-04-08
83eeee55d222c6e3b10f716700517529,2528d846a0e0970307407331f0852615,delivered,2018-02-01 13:03:17,2018-02-01 13:15:25,2018-02-14 23:06:49,2018-02-24 13:22:04,2018-02-21,0d2517590a7b583dfbe023f5dcde2769,2018-02-01
dbf27f75863393abd4a81231e007ac43,97d2ba8d0d87bfb2e82f3bc2cdd11c32,delivered,2018-06-09 15:21:59,2018-06-12 05:16:09,2018-06-13 12:43:00,2018-06-19 13:14:27,2018-07-03,d49063fd5bd9497388758e5f1b0439ea,2018-06-09
4b26fbc3d9dab4bb7bed35fbe2746f26,7017fa825bd6001972c6e406b05e6cb6,delivered,2018-04-25 10:25:41,2018-04-25 10:35:24,2018-04-30 16:40:00,2018-05-04 17:37:53,2018-05-17,29290cdbc0b7174a6f480487e2041430,2018-04-25
84f9f9d8251eed3b45a627d105aabe44,f42b63704ace7febd0fc6d6b2d60d1c2,delivered,2018-07-25 22:38:09,2018-07-25 22:50:11,2018-07-26 14:04:00,2018-07-28 03:32:42,2018-08-02,bf19a494ed7a53819593f9e95fafcb53,2018-07-25
3ddd23cf50cc3d0d89bb2cecfa137d93,8c0993c9db15910b863ce755731f3b6f,delivered,2018-08-13 12:54:15,2018-08-15 03:05:48,2018-08-16 13:27:00,2018-08-28 18:48:32,2018-09-10,1483a22260e8aead5b0119eab451680f,2018-08-13
d5e518a80ee8f7f4805db87cc532af02,9d79324671ea20f5452fd06368100c5e,delivered,2017-06-19 10:56:12,2017-06-20 11:15:18,2017-06-20 16:09:25,2017-06-26 15:39:42,2017-07-07,ffbb8dfaa0e54649d8690b85a3ef890d,2017-06-19
db7974217c78bbcb9b81412ef8268596,e1006a67b576043035eaade88824a0a2,delivered,2017-09-28 20:27:55,2017-09-29 20:35:10,2017-10-02 18:05:29,2017-10-11 00:04:08,2017-10-31,afead84b83099d167637a4fbe9a20df9,2017-09-28
4bff66c10610e424c94b8cc3ee0f2bea,34e96035e861054d0816e2168ee210c5,delivered,2017-11-24 20:14:59,2017-11-24 23:32:30,2017-11-27 16:09:22,2017-12-11 19:54:10,2017-12-21,3dfad6d85caf27ac5606ef87fe4afc22,2017-11-24
65a20f560863aa2aab71ad123abcbf60,eb9a02ebb55bcfc0516d56555290bfa4,delivered,2017-02-27 06:46:22,2017-02-27 06:55:12,2017-03-01 10:22:19,2017-03-08 15:07:52,2017-03-22,f6c7e1a95cb61fd044a33c6a38f2dad8,2017-02-27
a80cea12b62289c67982c7776d263cb5,7a2200e2874f707b17ee37bbe7c0c969,delivered,2018-05-11 11:45:52,2018-05-11 12:16:55,2018-05-14 19:03:00,2018-05-15 14:38:37,2018-05-24,d353b9348f79ea300541acc3263f8a09,2018-05-11
153a3985482d189af613f19120de205f,b35b1cf12fb166b4764e0962bc87ab18,delivered,2018-08-12 11:50:31,2018-08-12 12:04:28,2018-08-14 17:16:00,2018-08-17 18:02:18,2018-08-21,7dd2e8827e0bb9c6e63127eafc85d9e3,2018-08-12
5dee8eedf4516e7562d1ec0f62833392,d266372ab3c63af5c6503c9315b213e2,delivered,2017-09-24 19:37:48,2017-09-24 19:50:17,2017-09-25 18:41:37,2017-10-01 16:54:49,2017-10-17,8b3dcf8b3599606d6423a4731ca9ae53,2017-09-24
cbb837e370beea845d4aabda89dede0b,275bfab3f3dffef3a72f91afab89f3df,delivered,2017-09-13 19:56:05,2017-09-15 02:25:08,2017-09-18 15:42:52,2017-09-21 23:50:24,2017-10-04,168a1688624f89072b8efe92e4e5dae3,2017-09-13
9ec8fd6e5988089dadaa2c8ebdc15a0f,6f3ff361ef37dc93f7b53536854f1590,delivered,2018-04-23 18:29:35,2018-04-24 18:59:08,2018-04-24 18:09:08,2018-05-03 18:54:46,2018-05-16,7104de36c06041bc38d3ef0ab09afbbc,2018-04-23
89eb4ed6e96d62cb0cbc6efc61f05efb,04495037fc6899faffa41ba3bc4272b4,delivered,2018-04-22 15:51:44,2018-04-24 18:58:44,2018-04-24 22:18:29,2018-05-04 22:05:32,2018-05-21,c611b2ddcec5427603ec76ba4c117373,2018-04-22
ca8371fd938708a12fe7ddb1d5d7d14f,dc31258635460c1b340ee7c16485a60b,delivered,2018-02-16 22:05:21,2018-02-17 00:15:43,2018-02-19 23:53:11,2018-03-06 23:21:52,2018-03-16,bb0d622c231d592d46e032d3c5dca6bd,2018-02-16
c7196d150694ba9a37d215e75ba5c9f0,3b993a1a8a634ff519d637ffa8c544f7,delivered,2018-04-16 18:26:51,2018-04-18 03:30:07,2018-04-18 22:56:35,2018-04-26 13:57:38,2018-05-14,249db977ba4fd91ae600a6b2157a20a4,2018-04-16
b36055b266e36286316fa70c35de581a,7cf4e2e0507462c568d10dd059a1c498,delivered,2017-10-27 08:47:05,2017-10-28 03:06:51,2017-11-01 15:18:52,2017-11-10 22:02:56,2017-11-17,4b949bdf1cc643e84a355b3121bb3341,2017-10-27
b2d779a12592e693ae93fcba3b3969be,c707ba7bcdb0d504e6f30943e310e74e,delivered,2018-03-02 18:25:17,2018-03-03 02:51:35,2018-03-05 23:54:22,2018-03-14 20:51:38,2018-03-20,dda31a99e5f1f8fade9c1da4d38b410d,2018-03-02
d258d2c8bdc01ec0aa8a048d723bf427,50a5d464f230e492ff0a2f91340e3312,delivered,2017-12-09 10:57:33,2017-12-09 12:30:26,2017-12-11 17:20:13,2017-12-21 15:52:44,2018-01-09,5d1647e11cd6258045c598fae437387d,2017-12-09
d99b8ff94ddb329c1d7e03ab9d9019e3,7c5c0527d882250ef1a6621240a2a2e9,delivered,2018-02-09 15:41:23,2018-02-09 16:31:24,2018-02-15 00:16:13,2018-03-19 17:33:07,2018-03-07,5dc7d2b0ca8e2ac6a47295fa4d19528c,2018-02-09
5af1684cbc75f2c0c5bb83e220449cdb,ffe0a690236043c15cf261a5d9fa5b5f,delivered,2018-01-03 08:15:46,2018-01-03 08:27:26,2018-01-09 22:18:04,2018-01-25 22:51:58,2018-02-05,c0784174ca6a9ed7d56008fca100f07c,2018-01-03
b79559dba6909e4d8ac0ddf501a99f14,8875aea6f056699f247e669173862026,delivered,2017-01-19 08:57:04,2017-01-19 21:01:51,2017-01-20 10:18:48,2017-01-27 09:15:53,2017-02-27,6e53cd87d8ff264139a1afbd7f235c3b,2017-01-19
6bd54def5e0dfa63509fcdc325d3dc24,ffbf5971354dbf4516e4cba3f379bb87,delivered,2017-05-16 23:08:14,2017-05-16 23:22:41,2017-05-17 13:39:33,2017-05-25 12:09:40,2017-06-09,0b50686075367ac77b5688558d3a0ec4,2017-05-16
059a35c89cb9ee5ba740d4ac2eb8a805,c11a237ba6088cf7db513e5e9bc0ccf5,delivered,2017-09-08 13:30:44,2017-09-08 13:45:17,2017-09-13 23:22:16,2017-10-02 21:04:28,2017-09-26,6d2b579b7b3c4848bfbf213c6e0050a4,2017-09-08
0d360c12bebf4e2fd772baa3c9336472,aced6d359dd4b94375971b67f59c4f9a,delivered,2017-10-19 16:47:40,2017-10-20 03:05:49,2017-10-23 16:24:04,2017-10-28 14:25:55,2017-11-14,679035e8cc2a531fbf539676b782d825,2017-10-19
0ec7299d65db721d9a6b5c95c2ff494a,51ff0c33aa4696c23727652d9868dfc5,delivered,2018-05-11 16:51:46,2018-05-11 17:08:39,2018-05-14 09:48:00,2018-06-08 22:03:02,2018-06-07,d10687a929e58de647bfda07ce41713e,2018-05-11
73521498e1cc9800557256e1c744786f,2f7ebfcf984a5f7da0b6d8397ff2f422,delivered,2018-06-18 11:48:20,2018-06-18 12:37:16,2018-06-19 14:47:00,2018-06-27 15:14:26,2018-07-23,c76ca4caf04f016d447e4d9e6d29926f,2018-06-18
8653f85aa59de4b89435d4b44c8da67c,3c5aa9e8bb943cbafdd0ed71feb55d7a,delivered,2018-03-26 13:30:42,2018-03-27 03:48:06,2018-03-28 00:26:39,2018-05-09 23:08:48,2018-04-24,d292ad7eff428f42ea0eec9af09a007c,2018-03-26
27dddf4ebdd39e9cf4ec26a3499bd2af,4ebff481e06cb3d02d2fb5027038b6be,delivered,2018-06-07 17:44:23,2018-06-07 18:17:19,2018-06-08 10:53:00,2018-06-19 18:58:24,2018-07-12,52fcf1ecb7aa62c8abd6735856555c8c,2018-06-07
250eede6202cff2981de57cba5c1b08c,5fa79cd49a071595d0f050b3f17f7368,invoiced,2017-04-05 12:07:47,2017-04-05 13:15:10,,,2017-05-02,2595282f2e08ccd2b80be10dad0fa46f,2017-04-05
183832097fa8f0a9172d4514fdfca42c,03811cba01cb0741c318e1545b04173b,delivered,2017-08-24 01:43:32,2017-08-24 02:05:16,2017-08-24 18:41:53,2017-08-26 12:33:44,2017-09-11,3d6ed7232dcb0837e78ad6ff6123332f,2017-08-24
64e3a06a754ad68d968eabbdf900399c,d83f28882452bfc1b5666e4eb277f828,delivered,2018-06-02 21:17:37,2018-06-02 21:31:52,2018-06-04 11:57:00,2018-06-06 19:52:08,2018-06-28,2d632b5eb3b659d691bd8ab6458655ca,2018-06-02
ea48f52bfae7e6ed254f9e8d052875b9,3128a0507c7ff8e2278c112b605ef937,delivered,2017-03-28 10:31:06,2017-03-28 10:42:56,2017-03-29 15:35:17,2017-04-03 16:46:55,2017-04-19,74a963734d43fba60e433dd293f90d8a,2017-03-28
6f0623ab7d14898da15e456013f185e9,b1515deb528ef23f16e1be76ac7ac53c,delivered,2017-11-19 20:06:28,2017-11-19 20:26:29,2017-11-21 16:36:49,2017-12-04 22:52:12,2017-12-07,5738a676a70bd00e4b8074fa057270c4,2017-11-19
9f9f7954335300799dadf3248f229115,49d961bb46f05e09b8b67629558afa84,delivered,2018-08-18 07:58:16,2018-08-18 08:10:13,2018-08-24 12:26:00,2018-08-30 18:03:08,2018-09-05,31d2262badf1dea086cfbb7463f62c0d,2018-08-18
5a1c2be64df8ac1e3316c96fb1280479,f0cfda3fbad4e99cef21f774b055df66,delivered,2017-07-22 23:03:02,2017-07-22 23:15:14,2017-08-08 20:12:00,2017-08-21 20:07:34,2017-08-16,7af1a8867d3e0e536f3ba594859503b3,2017-07-22
3c0892663d9f2c3fd8d3d7bafc543e19,e793c8553a6ab762573c4236c49d3eed,delivered,2017-12-27 18:54:07,2017-12-27 19:06:55,2017-12-28 18:54:03,2017-12-29 20:45:23,2018-01-16,214ac744aa4cf8ad16062cc58aac3d03,2017-12-27
3147cb8f96cb619b380fd37e3da08c93,43537c82236df07bc096a68639cc3c25,delivered,2018-01-06 20:02:44,2018-01-06 20:13:19,2018-01-09 20:18:21,2018-01-15 17:27:55,2018-02-05,3e50df928d6795a585bf698055913366,2018-01-06
38de0574ec7f3e1992532ff7b6344a7d,35dde8b71e296fda7105a45884c5dd38,delivered,2017-05-26 23:29:07,2017-05-26 23:42:32,2017-05-29 13:40:50,2017-06-14 13:17:56,2017-06-28,0103751df12aea8b962cfbcd2b61104c,2017-05-26
a9a4989d18319f417053642957c9da22,a751b57dd2b8363edf70ff739a358bd9,delivered,2017-05-20 16:24:16,2017-05-22 12:48:07,2017-05-30 12:17:18,2017-06-09 16:25:52,2017-07-20,ef6cab3bac82818121ec4b57d6c9e88d,2017-05-20
6d9ccb29372292701006df0d44b858c3,b03af535806e398922311291ae3e1f0f,delivered,2017-11-16 18:07:08,2017-11-18 02:28:42,2017-11-22 21:24:30,2017-11-29 17:53:18,2017-12-11,0377f8402d448137ba33672d6318d8a9,2017-11-16
b68a52eb0d8bcd5f784a5f95b98a6cf6,56d9e13e6894b123c090a253757182a3,delivered,2018-02-03 10:27:19,2018-02-03 10:40:37,2018-02-05 22:58:49,2018-02-28 09:21:54,2018-03-15,71b6cdf99467e93ff456a368eb86900b,2018-02-03
f458559864ac9afab802d3a109c430b7,0736dbed7c1272024a471ffb68594b80,delivered,2017-12-16 16:35:44,2017-12-16 16:53:41,2017-12-18 19:42:36,2017-12-30 13:57:01,2018-01-16,77f34ca3e12f5832d6c2119ee5dd4e20,2017-12-16
7b1250fe66e9056df3b6eeb2659dfb22,93d131a16e34c4a78d1627e56ac2ee83,delivered,2018-02-06 17:39:21,2018-02-06 17:52:13,2018-02-08 19:37:54,2018-02-19 17:16:38,2018-03-06,fa0e82704af6e6beaa7304fffb1db0ec,2018-02-06
32dc42d11ea02ef6fe9e8ee807aa6ca5,b767635cfec53fe6c73b0759d272366f,delivered,2018-02-21 02:17:40,2018-02-21 07:10:30,2018-02-22 21:17:47,2018-03-05 15:38:26,2018-03-19,aa53470c30cfd5c372dd45a57203e529,2018-02-21
f423569a17449da1163fa5de4414338c,db93eae3053808be50d383411b5998cf,delivered,2018-08-16 14:27:39,2018-08-17 03:31:11,2018-08-22 13:47:00,2018-08-28 16:18:32,2018-09-10,274d4e175e327cce95f86619d7ebe6dd,2018-08-16
555761ab2426364f42e9e018047df4e0,f5389cd0ee02b3476058b95446ebc174,delivered,2016-10-07 14:42:24,2016-10-07 14:52:04,2016-10-11 14:52:05,2016-10-31 10:44:43,2016-12-05,a5afc2fc6cbdb37998250ef5c42eab15,2016-10-07
9321ce4aafa9151ff2b57775c8d1ff70,bb6ceb135fc6c113112b7f7c8f2d946d,delivered,2018-08-02 19:51:25,2018-08-02 20:05:15,2018-08-03 12:53:00,2018-08-06 20:28:40,2018-08-08,b8d69eda379e3c2f8a07869e0e5f547f,2018-08-02
6d45b70444c5898d019ee65973019ef7,4c8ee552a26c7dbd43ed4361c4c8df0d,delivered,2018-05-17 09:23:01,2018-05-17 10:38:19,2018-05-18 10:48:00,2018-05-22 22:04:34,2018-06-01,1218ebc04f3fc7d16ee3ecc27d3f7656,2018-05-17
47584d57bd31c62bbd30d70f04e844a9,e73a8585d784247bcfc850a743d176a4,delivered,2018-03-25 00:26:38,2018-03-27 03:49:29,2018-03-28 20:23:26,2018-03-29 21:23:35,2018-04-12,1844dd7e34491426a0948d8505dd1cd5,2018-03-25
46f4e160dd884038a8b6c1e6277dd448,982a58e89080cae9a8b94cde3346d7e5,delivered,2018-03-08 16:04:41,2018-03-08 17:00:54,2018-03-09 18:41:03,2018-04-12 16:22:58,2018-03-28,9422ac9ecdcaac4589f558e8fd6e0b59,2018-03-08
bb048e358cc6dd3c087ba3b3ce36a190,4c5fca77428fad7b13c10da02622db4c,delivered,2018-08-02 17:07:12,2018-08-02 17:30:16,2018-08-15 14:10:00,2018-08-27 19:08:56,2018-08-31,92dbb8a519a6e824aaa5a53e3f62bb3b,2018-08-02
899bf89aecc925140e25d370c8ac274e,ede6d8c81fb0ffed6fd1feff9b368657,delivered,2017-10-18 11:14:39,2017-10-18 11:28:19,2017-10-19 10:09:01,2017-10-27 17:22:23,2017-11-09,520e252b4d1efa2cb12ae0cc12a1d164,2017-10-18
c5334d330e36d2a810a7a13c72e135ee,394c66f853de6f122620585a7b14bb91,delivered,2018-02-23 08:38:47,2018-02-23 09:20:21,2018-02-27 16:55:50,2018-03-02 19:48:41,2018-03-09,b1a8a0800eac99ec4d83d6ca350a690e,2018-02-23
fd0bec7902ba3d0b3a658291cdfd1a40,19c0550a93d9a11516288b78e06f8fb3,delivered,2017-09-15 21:42:01,2017-09-15 21:50:17,2017-09-18 18:02:50,2017-09-21 19:43:11,2017-10-03,30d77053d42d9d72c6875552cba2cc64,2017-09-15
0922ee1619de7b995648e5a8407afb91,8dab637615e9eae6d33ef5e48644d6d3,delivered,2017-07-11 10:45:44,2017-07-11 10:55:15,2017-07-14 12:41:34,2017-07-12 20:49:42,2017-08-14,4f390e1c2c37c847e3c6aaa76121aa0d,2017-07-11
ff354f13d748eb3a9af6e99698f60fc2,8bdcd11b55403afdb8529f39cb0d4e04,delivered,2017-05-08 17:59:21,2017-05-08 18:10:24,2017-05-10 13:27:18,2017-05-17 09:52:39,2017-05-31,4ab13449e40a2a72abb14b730c91627c,2017-05-08
b0fd0236ce757738793836930b830f1e,9b04a56f34a9db495868ffb6033fe2f5,delivered,2018-06-01 20:58:03,2018-06-01 21:11:32,2018-06-06 06:08:00,2018-06-07 23:14:33,2018-06-28,3a05a8f6acc2a6eaa785b4a6511caa90,2018-06-01
0c3190b4838c596fd1d6cd74e0436120,4ab6b9b183a09e503665c331ab76aa17,delivered,2018-03-01 08:02:21,2018-03-01 08:15:27,2018-03-01 19:41:53,2018-03-06 20:55:45,2018-03-13,ccfd020eaf030301df959b4f09ff45b6,2018-03-01
86bc43925c44a258d6bb649598734103,dde9ed4148f719476da388d68182d425,delivered,2018-01-06 13:56:51,2018-01-06 14:06:55,2018-01-12 23:25:45,2018-02-01 00:17:56,2018-02-09,4421ca3276358f477f8cc0df1a7f8063,2018-01-06
61f26d1fbc29fc8e6d6bc8ba373e81f6,af0f2e3b32ac271dcd35a658be51c3c4,delivered,2018-07-27 21:19:42,2018-07-27 21:32:03,2018-07-30 13:11:00,2018-08-15 18:59:50,2018-08-21,33d03a27f57497a1f9f27b2b31d5b6f0,2018-07-27
b8f8c719c986f46a4324ebb983d70e98,fd04bf849b36444f719850585a9b0e8a,delivered,2017-08-07 10:26:28,2017-08-08 10:30:22,2017-08-09 19:34:43,2017-08-11 16:52:24,2017-08-29,97bc08e526795b17e1d4f642f77ae304,2017-08-07
61722dfb39136f50e4e0d9d150176532,f9498c1d633509de995d09aeee4f67c9,delivered,2018-01-26 16:59:16,2018-01-26 17:52:19,2018-02-02 19:24:05,2018-03-06 17:56:47,2018-03-05,374026021639ada6e97c12b31a997a64,2018-01-26
2fb37b5e58616af008e9835632fdce7c,2441cecb43e28589bf4c3703ae8d6980,delivered,2017-04-19 23:06:21,2017-04-19 23:40:07,2017-04-27 08:43:22,2017-05-04 14:56:33,2017-05-11,b778dfee1fc0527d3dc14c5a0631bd2a,2017-04-19
7d39baef923bbfc2ef9d03aa757b10ae,be64015bbcf67491565da07954e17482,delivered,2017-12-13 15:09:41,2017-12-13 15:30:31,2017-12-14 22:33:13,2017-12-21 19:06:55,2018-01-24,9dd770c44760f1decde89a1bd95db0fe,2017-12-13
fe225fc0702b1d46a931e88d60c7be25,c90e1fc62717b61b9e82c4ae6f32bb2d,delivered,2018-08-22 15:45:32,2018-08-23 02:44:25,2018-08-28 20:35:00,2018-08-29 16:32:11,2018-08-27,c562fe6c90802bff033da0a536e4d972,2018-08-22
25e7a9bc97827149a1de2b94ecdc21ef,3e3c5aadb40efe1d4eecdb8cf37c340f,delivered,2017-11-24 11:40:17,2017-11-24 13:33:51,2017-11-28 18:02:32,2017-12-18 16:59:07,2017-12-27,0baff0ebd92e998ee0f4a8f812070ec8,2017-11-24
d7c3ccdd543d055308e28910eb0a1ebb,8dce9af262760e0762db9a1d63c28d19,delivered,2018-03-09 19:28:09,2018-03-09 20:08:53,2018-03-12 22:31:34,2018-04-02 20:22:25,2018-04-11,5c9f12fc93ee1bfc10ecbf9e8f2177fa,2018-03-09
0ddd5a236d9e9023c6b2dc4e0ae35efe,141f5670b7004a1251c9d0b45688fbfb,delivered,2018-03-25 11:51:33,2018-03-27 03:48:50,2018-03-29 21:38:31,2018-04-05 16:06:54,2018-04-17,917d32872d3c7bbe96ed074c67c30f28,2018-03-25
392ed9afd714e3c74767d0c4d3e3f477,2823ffda607a2316375088e0d00005ec,canceled,2018-09-29 09:13:03,,,,2018-10-15,9bb92bebd4cb7511e1a02d5e50bc4655,2018-09-29
f280a59cad4cf94ec053b78a58dd0648,c3f03ad00c3a59d7e1be8376fcd6e9f2,delivered,2017-08-04 16:40:28,2017-08-05 17:31:23,2017-08-09 17:58:29,2017-08-10 20:53:37,2017-08-28,dcfc9c44bf4471c67137fac8b54bce59,2017-08-04
6fabd639eca67c59f7c8e191316f3b16,6ebe634952fda3dddb9c87839a3b024e,delivered,2018-07-30 23:50:53,2018-08-01 03:31:58,2018-08-03 15:10:00,2018-08-06 17:36:19,2018-08-08,990228d4f60cef7388323d8fc67d7169,2018-07-30
39c16eab44c2a583e8015a4505fc1dd1,59a3a5cfe29dc97bd7f9026ee0b5134b,delivered,2017-03-29 23:16:59,2017-03-29 23:25:11,2017-04-03 17:51:46,2017-04-07 16:32:58,2017-04-18,9d4dad0a5382a8d234d0ad979dc594f2,2017-03-29
30e2d4bcdeeaeb83af68d93238ca0b25,3815d8ec9fb5f5ced1a178698eab8acf,delivered,2018-01-17 12:25:03,2018-01-17 13:30:30,2018-01-18 23:48:36,2018-01-26 15:09:10,2018-02-15,370d4686f7e2b8d60c67be4633048176,2018-01-17
a5f860aaf6a3c35399495aefe92d363f,3fc1728dbe8a2b9375d4b530b8932550,delivered,2018-06-26 14:39:22,2018-06-26 14:57:27,2018-06-27 09:29:00,2018-06-28 16:18:49,2018-07-11,8910eb29996c4c8905499106240ad3f9,2018-06-26
e3984ab8dae080a716a36175f51df67f,840ffd2f09e0da8ca40743b9d6aefcd3,delivered,2018-04-14 10:11:09,2018-04-14 10:31:59,2018-04-19 18:08:21,2018-05-03 19:13:04,2018-05-17,0274b33316518523077f46c699109015,2018-04-14
48d5f41593d593945092952e824ce2f8,7a19da91886bbecaa488400764cfef6b,delivered,2018-05-07 09:28:59,2018-05-08 09:35:47,2018-05-09 14:35:00,2018-05-16 21:26:37,2018-05-25,f72e8cad5b4edaa5553fca06933851a8,2018-05-07
eab2fe73db93310ed2c346e28e47646e,7379ff27a51ec49ecc6f2737c6b9c3e8,delivered,2018-03-26 09:36:58,2018-03-27 04:08:08,2018-03-27 22:15:35,2018-04-15 18:22:15,2018-04-16,fb22c4ba720232f256e76086f458db90,2018-03-26
cc07a8fdd3a8e94d683c8142a117dbc1,f6529ffebe6b3440d45d89604a4239ac,shipped,2018-01-11 17:11:11,2018-01-12 17:49:45,2018-01-17 16:56:32,,2018-02-09,e5dbefdfdf3eff75c8e6cd655f128279,2018-01-11
4b7c1bc59d4ec725d8530c19ec09b06f,7a3638e2731f92703d9cfc5ef2c220d5,delivered,2017-01-26 10:21:45,2017-01-27 11:55:43,2017-01-27 15:49:27,2017-02-07 10:30:34,2017-03-06,14b24293371e96bdb40f996ad4067cce,2017-01-26
825983820e200102c888befb401e0803,c0638f3054140d116214743dcc71d54d,delivered,2018-04-10 14:00:39,2018-04-10 14:15:24,2018-04-12 19:51:45,2018-04-24 17:34:23,2018-05-09,48ae203ab8e6b011cd6d66c7105ef12a,2018-04-10
002834535f7a609a5c68266f173fa59e,89a6b1bfbe1b366503995b8df4c49450,delivered,2018-07-23 17:26:00,2018-07-28 23:30:59,2018-07-24 15:53:00,2018-08-11 01:48:33,2018-08-14,457626c51309d814c33966c88a161545,2018-07-23
a83b862886d1802f6d0393ba830dae9a,e5e521493e4444c3c68ff7231ae6f2e7,delivered,2018-01-22 14:06:38,2018-01-22 14:33:13,2018-01-23 16:46:55,2018-01-24 21:28:09,2018-02-06,505c54a1b8e4748ef444d68e9eec57cc,2018-01-22
3aaa9a0f68e9743aef38c75a7cb6d998,1150ff8f8df8c315396b11358d33666f,delivered,2018-02-24 18:43:43,2018-02-27 04:31:17,2018-03-02 03:09:26,2018-03-23 21:28:31,2018-03-22,9041d30bcbca9f9dbe5bd24cbb2c7420,2018-02-24
5186d475bd6d5839473d5a6b8669638b,ffb2c4cb583610b7d2e39ef0cce0048a,delivered,2018-01-17 00:04:50,2018-01-17 00:15:28,2018-01-23 21:23:25,2018-01-24 18:58:59,2018-02-01,8257caefd0d3ed59fd4e00770b7da2ba,2018-01-17
ed40c8b2d8208b70359ce6695d8670ed,4407ef2464ce9eb7f18ba2b955c961e8,delivered,2018-02-07 17:45:43,2018-02-08 14:15:25,2018-02-09 19:48:57,2018-02-21 22:52:17,2018-03-05,f53c22ce746c36319cd0a14bd74244dd,2018-02-07
e494d3df2a8bbfc8541d90f1b7623217,600a31717db69f20de0e48880a1030f1,delivered,2018-03-02 15:34:17,2018-03-02 15:49:48,2018-03-03 00:34:03,2018-03-07 01:20:03,2018-03-19,08864f72019b5bc76a1377d4b1f89a52,2018-03-02
2c64bb2895f857898d7f2d5bef545e96,f92554a31d570d970a1f0ac48628ca91,delivered,2018-05-14 19:30:14,2018-05-14 19:57:41,2018-05-15 16:18:00,2018-05-23 22:24:51,2018-06-18,1e50d9468aea0f3a31cc28eb13c3dd85,2018-05-14
0504447548229e075dea8441b37b1e2a,4e2c1f15de98416a90c2ee06b55ccc9b,delivered,2017-09-28 19:31:57,2017-09-30 02:14:42,2017-10-02 19:33:19,2017-10-06 17:03:59,2017-11-03,9a70db677c8e4e9e25e36729362fe756,2017-09-28
d5f9bf0440d8bbb75dab1348b8ac97d6,151260cb5d9b3c220d0af50c81c329a9,delivered,2018-01-23 20:36:48,2018-01-23 20:53:55,2018-01-25 17:51:38,2018-02-09 15:03:58,2018-02-22,3420ecc1371e17140c73a1dd148b7390,2018-01-23
9139babf733ce09659b1ed642a48d227,9c15188fd1f1b19edaf675a673ce4559,delivered,2018-06-17 18:16:25,2018-06-17 18:34:03,2018-06-18 11:05:00,2018-06-21 15:08:39,2018-07-17,efaf351bf880e132c24657e78408f5e2,2018-06-17
ffb47bf24e3f64dc0a2059a9181b976a,069dca5337f1cf3f778d0cfa43ce8dd9,delivered,2017-06-01 10:48:48,2017-06-01 11:03:17,2017-06-02 14:39:52,2017-06-05 14:46:35,2017-06-14,c130bf40aa6d3bdb444b04a8d78adf5a,2017-06-01
e11ced871fd97da835073a98ebacbf23,7f21001fb8e182928c5d52bb6e9fd3c7,delivered,2018-03-27 21:39:27,2018-04-01 23:31:37,2018-04-02 23:44:48,2018-04-13 11:06:26,2018-04-13,047996ac70efdabbaf2047807577fff5,2018-03-27
0975d77f1213304145f61b455a53792c,5f93762316ec932d3473afb00a274cbd,delivered,2017-06-05 11:46:52,2017-06-06 13:15:26,2017-06-07 15:28:01,2017-06-19 16:31:14,2017-06-30,2bcbce880708ca3bb8106040d0b18f9c,2017-06-05
08a0229449937f03d05a335929cc455f,87471b4464fd50b00d663fc0ff5e0be1,delivered,2017-09-19 20:17:54,2017-09-22 14:29:18,2017-09-22 19:43:47,2017-10-18 17:04:03,2017-10-19,0e061c4f1b008a3d0f14989131d87898,2017-09-19
7b97540464c83727a59899b3d604c2d3,2bfcbe42c04545e153e2f6c0a0df322a,delivered,2018-03-22 13:13:26,2018-03-22 13:29:22,2018-03-23 21:33:02,2018-04-05 13:18:38,2018-04-24,965ee81499bb090eed9fc893366d415c,2018-03-22
0f7f6f1552f5341e25477e7f8b12d24f,80fa776fe16acffbe2108e3dcf9d4dfb,delivered,2018-01-12 13:03:11,2018-01-12 13:15:21,2018-01-18 22:46:53,2018-01-31 22:06:12,2018-02-02,c9a8445d06c365da656357b7df9779e0,2018-01-12
1deb5e48c7ba534c27d83f4a6afea25f,b9ef1863b949550a997d6e6af47a270c,delivered,2017-12-11 11:46:29,2017-12-11 11:58:22,2017-12-13 21:45:53,2017-12-21 16:14:50,2018-01-18,d92b08bde554b678f78dff8ff2c21816,2017-12-11
60323d5d6b118bf317d7bd5ac0dc9fae,e52f83840892c262d5108d011eb6216b,delivered,2018-05-11 00:18:02,2018-05-11 00:30:19,2018-05-11 08:35:00,2018-05-21 14:47:47,2018-06-05,9d0bb2ad348ef886d42549292ffb6978,2018-05-11
ba00efda2a3a9607e8167e4802c02a16,0ece24df71f85f723dfd3497d309a2e1,shipped,2018-03-18 17:09:46,2018-03-20 17:50:51,2018-03-27 00:54:25,,2018-04-11,75b2ce02865e791d7bd88d1d23521edd,2018-03-18
b77f53899c1c8e0a22ad60800bc4f214,ef4ed9fe6ce3675eabba1c07e47df10c,delivered,2018-08-15 03:24:22,2018-08-15 03:44:01,2018-08-15 14:54:00,2018-09-05 22:03:51,2018-08-24,d0e3996aca347d5ec36e042f5b609731,2018-08-15
3f5021a01daf8329b31882a467b8da0e,1e7cd41ad33991231a3bf8a82c39fb00,delivered,2018-07-31 18:22:05,2018-07-31 19:40:18,2018-08-03 15:49:00,2018-08-15 19:26:48,2018-08-24,c7baae5b46c524b9722a60b5a1903a3d,2018-07-31
3ae11d2ab3c0a83cfab0b47148e5878a,e7795d0a33fb65d80382839be92b9027,delivered,2017-12-31 16:23:16,2017-12-31 16:33:26,2018-01-02 16:19:31,2018-01-04 18:13:19,2018-01-18,c3da934a20ea5e25e85e3a03cb0f0945,2017-12-31
f7a7ff7ed71be9695fcaa57975abe814,16d9b76f2e917b32da9489cf45521d34,delivered,2017-07-22 20:31:20,2017-07-22 20:45:13,2017-07-31 15:36:41,2017-08-10 11:26:58,2017-08-23,acee6e1eb95bc031643d9d0df586e7c3,2017-07-22
8a903d20555a91edeffd6eab45743f26,7e7d6178f4ea751fdc954512a46c9531,delivered,2017-01-30 11:44:24,2017-01-30 12:31:04,2017-01-30 14:39:23,2017-02-02 18:07:52,2017-03-20,4cadda4ceeff8e011cb33d9ef96aaee6,2017-01-30
b1ec9e8e3e3186b99318a464c0a38cb9,6a91bb9bfd0cb964466190ae02d377eb,delivered,2017-11-18 00:01:20,2017-11-18 00:15:28,2017-11-22 21:28:35,2017-11-23 15:31:26,2017-12-01,a2bed9fe37a971545eafa5d0d48ab762,2017-11-18
661852f3da0209d0a351f28950878c9d,1b850259f3b5b658721fb01061e51eba,delivered,2018-06-12 09:53:59,2018-06-12 10:21:14,2018-06-15 08:31:00,2018-06-25 21:32:09,2018-07-11,cb115707616e2dd6fee2ed76a1decfbd,2018-06-12
bb8fe9bf968acfff626cedabf06d766d,6679db113c1c462e61cb5c016df040b9,delivered,2018-02-21 14:12:37,2018-02-21 14:31:05,2018-02-28 01:03:58,2018-03-02 11:18:55,2018-03-07,907420bafc2044a0e93877e4a4186f07,2018-02-21
a7d77bb60d2aa33086558ed980891f8c,f22f33d0003631afdbc7f83c4dd914d9,delivered,2018-07-31 23:24:23,2018-07-31 23:35:13,2018-08-01 09:52:00,2018-08-06 19:18:54,2018-08-10,01f9585695ca0cb669ddbae22f6ede43,2018-07-31
cfaa2bfc057640340bf9838dac82a9cc,50a97995d6fb35b5f9bd764a9f96f313,delivered,2018-03-11 23:02:22,2018-03-11 23:10:30,2018-03-13 18:48:51,2018-03-16 12:34:52,2018-04-02,7a76dc3725f120b45e1013b566faf70e,2018-03-11
28a591d0271b8c507e0380cd95521572,171ae8e795dd2c91e66baee8f796c92b,delivered,2018-04-10 07:50:46,2018-04-10 08:10:59,2018-04-10 22:27:31,2018-04-14 15:22:51,2018-04-23,afc1dfb40708596d7245490341c87efd,2018-04-10
ba018a9729b7d844420ab92e6e38d508,69307f2e8ecde3f2d32fc9ae6b03d426,delivered,2018-08-13 10:39:55,2018-08-13 10:50:16,2018-08-14 15:01:00,2018-08-20 18:52:49,2018-09-13,be6269aaf72b26ba4023062474797c41,2018-08-13
4628d3d8311acc92810202b9a41b3dad,236fd366b700741878a2da34070d3556,delivered,2018-08-06 07:41:37,2018-08-06 07:50:11,2018-08-06 16:39:00,2018-08-08 16:21:48,2018-08-09,41187441b189057bde5777fa8575037d,2018-08-06
3f6f3613c3e21313584d2ee7bd5532c3,ec072ff4dca90dd780fee30b5c0e8d94,delivered,2017-06-29 10:45:42,2017-06-30 03:23:31,2017-06-30 14:21:58,2017-07-04 13:35:25,2017-07-12,400daa679781b12bbf6afc67a9d9b96c,2017-06-29
9cb00de5b638536df59a274ce43e811d,cb2c4b5c307d9317df0ef548f4ced7cb,delivered,2018-03-25 23:49:29,2018-03-26 23:47:07,2018-03-27 18:57:38,2018-04-20 19:18:35,2018-04-16,3546c406bcfa417586d7bf240ec32161,2018-03-25
6513ea5bc339ea05486f92db1405a522,5e152b0feca6b29b0d0016c106678bff,delivered,2018-06-09 21:26:38,2018-06-09 21:38:30,2018-06-11 13:36:00,2018-06-18 18:11:57,2018-07-05,c91a7e9c7335c7af4b5253f72e7e42d3,2018-06-09
72ba8d782e3b0c4021ceb2f2a03bea21,2f5728468605ec87b90f06c50f3b62cf,delivered,2017-11-27 02:12:57,2017-11-27 02:33:23,2017-11-28 17:21:31,2017-12-08 15:37:34,2017-12-15,462dc9ca45ccf457a3d5b152748d41f7,2017-11-27
120b6e2dc449086d642526777c378ad6,0775ca209281f1bc02e1dc9e7f1e2251,delivered,2017-12-13 18:04:44,2017-12-13 18:15:20,2017-12-15 19:57:54,2017-12-20 19:29:03,2018-01-08,e4fe820181d5afb19500cf1a05e1751b,2017-12-13
23628e1dadb5e31443d876fdd2e2893c,6886b8efab55c00b82862fbe3104cbc2,delivered,2017-08-09 16:43:18,2017-08-09 17:03:52,2017-08-10 11:43:51,2017-08-16 18:06:55,2017-08-29,1f26d46c30c7f3d52ca405738e5323b8,2017-08-09
b3459a0ddec3dda60a8ab19fb172dfef,705813c814878d75d94346db9873e076,delivered,2017-11-03 13:58:47,2017-11-03 14:10:41,2017-11-07 16:17:05,2017-11-17 19:33:12,2017-12-07,76655d8b3010c7235a58a9e0678a3857,2017-11-03
7928aaa2a94ef219ecd0f7d9224cfc7b,7606fb21cf20a7b04dcafb032d1e9ecd,delivered,2017-02-12 12:38:40,2017-02-14 03:43:06,2017-02-17 20:12:22,2017-02-20 12:12:26,2017-03-14,4550984876a4424451525c6854a996d4,2017-02-12
ac5505acc449a5a79dce26cfa549dc5b,1ee04ba2c1f37311a2885ae6b4ec8168,delivered,2017-03-21 09:29:30,2017-03-21 09:29:30,2017-03-21 11:05:41,2017-03-29 12:29:30,2017-04-13,25d6d341fa8c2645d4dc72ddefbb51f6,2017-03-21
7cf30c7e9430432cba6c3f562818e29b,49b48d914aea2f9925878eeff60be388,delivered,2017-10-04 23:11:22,2017-10-05 23:30:47,2017-10-06 21:56:42,2017-10-16 16:24:00,2017-11-06,b0604be9494b9d88091e49bcc70095cd,2017-10-04
41467837b8621b5014b5a91e78ab3747,b6b28672da31ee1b94707981158919c0,delivered,2018-04-30 10:59:11,2018-04-30 11:11:13,2018-05-04 11:08:00,2018-05-14 20:24:53,2018-05-28,33b141e373b4f251b033f9ed33d6974d,2018-04-30
67f52d466554ffe40e2b3f2611c2a5a7,a3b199ba74dec6e95ad94d210e90ac17,delivered,2018-05-18 12:02:17,2018-05-19 03:13:02,2018-05-22 13:22:00,2018-06-07 16:29:47,2018-06-08,e30a9781bb1fa0a9b796295530db4780,2018-05-18
a5fb2c24c73613e69c4d3b11d5b67869,54413d97781e54ac5c639fb127f1176e,delivered,2017-05-19 14:15:56,2017-05-19 14:25:23,2017-05-23 10:53:58,2017-05-26 17:12:14,2017-06-08,9c883c141a78473b2735f2dbfe96570d,2017-05-19
1dbdc102b987762075cb2b4684ee141a,298c05691a9e47be24da23dd17c2a019,delivered,2017-08-27 15:36:37,2017-08-27 15:50:19,2017-08-28 19:07:51,2017-09-01 17:42:20,2017-09-15,02efca104f44478ca3578605b0106a40,2017-08-27
2df2a222e520a870a74709dd945fb1dc,4205323b7e61206381c17d9ed218bc60,delivered,2018-07-22 14:51:27,2018-07-23 12:32:25,2018-07-23 13:20:00,2018-07-24 19:02:33,2018-07-31,f6ef34680c156cf224f8b99835c2b49a,2018-07-22
945977d780700b75a6eb2ccd81566d4a,cbf35b1a3f1f44c6f67251b136c327d7,delivered,2018-08-01 12:21:55,2018-08-01 13:20:10,2018-08-02 14:15:00,2018-08-06 16:51:47,2018-08-08,224c7f76cc5ca78ea71fd3c8574e16e5,2018-08-01
15c09fa69403c377e9f77f3472949cd6,fe42ad7f8642fe9ef02ba2463e58f69e,delivered,2018-05-01 10:10:41,2018-05-03 03:53:19,2018-05-03 15:44:00,2018-05-09 19:58:59,2018-05-25,204793d34b6b7253137d15c7d22bcd66,2018-05-01
a9c5d437c9cc6fe13dfe671f0dcc7ebc,fabf96df570f9397309836fd077c8ad0,delivered,2018-05-21 22:15:43,2018-05-22 01:13:32,2018-05-22 10:15:00,2018-06-07 17:48:03,2018-06-20,76220fbb988b29050fd3982b9c35d09f,2018-05-21
3e912a57fb719316f2b090c4eaa1d78b,6cfc98c9a135e3149c652f6aa008ed10,delivered,2018-02-13 19:11:28,2018-02-13 19:47:04,2018-02-15 23:23:01,2018-02-22 19:31:26,2018-03-07,d69b8051ba3a02970a87f2fe249d9433,2018-02-13
7a14d9bbf5aed76152f4739c23cd7970,b47973c8ea3acd5c549120a28d31f62c,delivered,2018-06-07 11:31:23,2018-06-07 11:58:30,2018-06-13 07:05:00,2018-06-15 21:41:20,2018-06-18,a05262e3e3de722e0a42cfa3b48e622c,2018-06-07
012a238ab54294a3b365812ccc82b135,14f41b6464ff102ab009a269052e7a11,delivered,2017-09-07 18:21:44,2017-09-07 18:35:10,2017-09-13 10:11:40,2017-09-19 18:44:20,2017-10-04,b1079e3544bf2cf3786e52f5f0220738,2017-09-07
42e5c3d52d0b11e3e6f9020b44dc0f04,e00794ffe75cb4d0f058b095add1ae5a,delivered,2017-09-18 17:16:07,2017-09-18 17:30:30,2017-09-20 20:25:03,2017-09-26 20:09:54,2017-10-04,36b2036434fac1ab64762456ff3e635a,2017-09-18
f3e6ac6fd3a4db946a2820323b58ab3d,14f3b4b8a869b608eaf1e27b92210e6e,delivered,2017-07-05 19:39:15,2017-07-05 19:50:13,2017-07-10 10:42:21,2017-07-14 18:37:35,2017-07-27,8cce325d75f2cc11240b0dcf1d8e69ff,2017-07-05
64212621110bae7f5310d5737a9c8e53,9f65a1d51f5341781029bdb70e6724fb,delivered,2017-12-11 16:37:18,2017-12-12 03:58:24,2017-12-14 21:57:36,2017-12-20 20:52:34,2018-01-09,515ad1425968b763973d8cf75590d580,2017-12-11
a333f2fe51944b92ce68ef890185dc1b,4fb2f8d99a3b899e816ea27508196089,delivered,2018-05-07 21:12:44,2018-05-07 21:31:16,2018-05-08 12:17:00,2018-05-12 16:28:52,2018-05-22,e4e59f3fbae24f03deb40023d76a0c62,2018-05-07
087cd9d85fb88c6b0a229b508311377e,bad1653658d184e1c4dabad107ab9cad,delivered,2018-03-05 21:10:00,2018-03-06 21:15:31,2018-03-09 17:51:58,2018-04-18 15:02:59,2018-04-03,10cd81466a4f2cbe0f59514b1a8d9221,2018-03-05
855e755c4e5146e0db241ffade6b94b2,5c43b7292990735c8aac0db4fb289bca,delivered,2018-05-06 16:03:22,2018-05-06 16:15:19,2018-05-07 15:25:00,2018-05-09 18:12:01,2018-05-18,62dc0e1f66a434f20e9163e02e7fe224,2018-05-06
480fff17578e0142778efc96128ffab3,870adbb0525043aafd98bf1fa4660515,delivered,2018-04-28 21:18:24,2018-04-28 21:32:31,2018-05-03 13:19:00,2018-05-10 23:08:47,2018-05-25,0e72e30fbb86f2e5be20fdb26f476155,2018-04-28
9c8b7e134959999ac945ed2b29537c8b,e05b51168926e074739802b2f835b851,delivered,2018-04-07 22:02:10,2018-04-10 19:35:18,2018-04-12 15:52:37,2018-06-07 19:48:29,2018-05-03,6ced10863313340e26f71088084852bc,2018-04-07
5d333a08c9bce16bf18ed14c4469c1ce,e8c9e9de9411a9a78629b376f75b18b3,delivered,2017-10-03 22:51:20,2017-10-03 23:07:12,2017-10-04 21:32:53,2017-10-06 16:47:10,2017-10-26,acc71fc18279e5859ab1e867a2e6aec4,2017-10-03
fdcd1438710f47b926796d3778452212,f7a9176c3749939280666964b4df0e35,delivered,2018-02-23 15:19:03,2018-02-23 15:35:25,2018-02-26 22:25:02,2018-03-22 22:18:37,2018-03-23,996106e7fedbb633a950087922b13996,2018-02-23
1eb97a2872622c806ced6cd018ac6b39,91419fe363756e3e909a63529629b5a9,delivered,2018-05-22 19:11:55,2018-05-22 19:36:44,2018-05-23 15:29:00,2018-06-02 14:22:17,2018-06-06,6c167f1de1d190e99e780acf517180dc,2018-05-22
e57a80c38db54b7ff20c18cfe7bc2840,df845b3bc9b0bfd952ec5ea2ddedc0ce,delivered,2018-04-01 18:56:51,2018-04-01 19:47:29,2018-04-03 20:54:52,2018-04-16 20:50:57,2018-04-19,82b54c1af06eec9d0c5254370b249919,2018-04-01
e96391d1525cec70f0a1e65c2ae0e4ec,cd5794e669adc9f05750077df5b61241,delivered,2018-06-26 12:21:28,2018-06-26 12:36:30,2018-06-27 09:09:00,2018-07-06 16:08:34,2018-07-23,37861d29084d9ed81c4e997553dd6d09,2018-06-26
43f15e122ae8ae3eda33bf64b011c085,a377b75fcc16c20ffde4af02215e7b07,unavailable,2017-08-06 22:09:17,2017-08-08 04:05:12,,,2017-08-29,eaf1552608356865f1b0ced09c44366b,2017-08-06
a9cdfd538e3a7e3fa7f39bb4197c6a44,625077947cfeea7baa881c2270ef72b2,delivered,2018-03-07 00:30:17,2018-03-08 02:35:31,2018-03-08 18:35:40,2018-04-11 16:58:44,2018-04-02,f1b57a40e83dcc684df5aad90c979e76,2018-03-07
01f5bb59c4e3a373ee5cade4e69ae92f,24c7cad158eb1baa048288b63c1d6085,delivered,2018-03-19 11:53:52,2018-03-19 12:10:54,2018-03-20 00:50:59,2018-03-23 23:21:27,2018-04-10,8b0769e4ee3f7a3e5c98b3de1b087a5a,2018-03-19
a77e1550db865202c56b19ddc6dc4d53,4eed76c1aafeceac4250e202ca9b1a5a,delivered,2018-04-16 14:57:21,2018-04-19 06:55:13,2018-04-19 18:32:29,2018-04-27 19:45:00,2018-05-17,97734fdca127fddcb5f92f841690c3f2,2018-04-16
b4876d0dae2cb7cd0b814c6ec0ddb757,2eb158a030035c0353acf0280acc1e80,delivered,2018-07-21 16:24:41,2018-07-21 16:43:58,2018-07-27 15:38:00,2018-08-06 19:46:27,2018-08-21,45325be297e2cbb04d9745d2b37bcf80,2018-07-21
2798536d668b2d5071ab9b2ab4f7a7b0,835856fd2134a5d6f63090a9d9845a98,delivered,2018-07-19 16:23:55,2018-07-20 16:24:23,2018-08-07 17:17:00,2018-08-16 01:11:21,2018-08-29,103872c9789ad09742c6f03c1498b433,2018-07-19
451bc3a8e6666fa7fa88c989b996a500,f647c2942b961ad2c0a7c00c59da9083,delivered,2018-07-13 08:29:39,2018-07-17 04:32:36,2018-07-18 14:45:00,2018-07-27 18:18:31,2018-08-09,7c08b70c272710b9e1bc9fa8f319b8e0,2018-07-13
62a4fdf762d5c41efd4bb2418f236e9f,81afed8247ed97666d7b8e7408463781,delivered,2018-06-23 16:58:48,2018-06-23 17:16:03,2018-06-28 13:18:00,2018-07-04 13:26:42,2018-07-23,16c91aa7711af8833f7f78777f9677a3,2018-06-23
0a2c9c3fedb974fcf5a8a569e9ba9da9,f38dab26883c4fe20a3e9b92e07692c8,delivered,2018-07-31 18:27:29,2018-07-31 19:31:22,2018-08-01 16:04:00,2018-08-06 13:16:38,2018-08-10,4fda11b271e3bf58d66d34729397114a,2018-07-31
fd4ebf52ca607b4487b38826f0c78adf,bb2ca86d2b1f22b960feacd1b1de87f8,delivered,2017-10-16 12:21:07,2017-10-18 02:56:53,2017-10-23 18:57:10,2017-10-27 20:25:54,2017-11-16,2ddd50b61ee4a82b40033feecac1f863,2017-10-16
978f2a08eaa3afb7a5989fb6c7a79431,45f05b31f9e015303ba6ddb478cacad9,delivered,2018-06-25 16:33:25,2018-06-25 16:55:28,2018-06-26 15:14:00,2018-07-03 17:37:40,2018-07-23,9f9151d7e64498cce56f57fff8c6476b,2018-06-25
d8f3e55a570d41a0f061a425811311f1,2c306fea99d985fba2b49c6ba6fb03c8,delivered,2017-11-19 20:27:48,2017-11-19 20:46:33,2017-11-21 15:39:09,2017-11-22 22:17:38,2017-12-01,b3946ebef5500ba5e25a7524882c8184,2017-11-19
9804e30eb21a5fe72b152d69138887e9,be536975aca27e27b28b1a77c0c61f86,delivered,2017-07-12 23:24:00,2017-07-12 23:35:12,2017-07-13 19:57:39,2017-07-24 19:11:51,2017-08-07,86315f137d40251b352b122fc206f754,2017-07-12
7f29d1dcde28ba1c61a2f92068efdb9d,a37646debdb792ee5aaf18cf5da53717,delivered,2018-08-01 15:26:34,2018-08-01 16:00:09,2018-08-03 13:48:00,2018-08-09 21:05:09,2018-08-22,f51f170e51593c5e550ef7ae616f1517,2018-08-01
2b8964f15c12ac5df6946804df101d82,a1ebc1341c41be7604527a96353f2700,delivered,2018-07-07 21:30:58,2018-07-07 21:45:41,2018-07-10 16:54:00,2018-07-11 21:52:25,2018-07-26,3434f88039a4e537867621960b17d7c0,2018-07-07
918b23cbb191b942f9b138e7aafb295c,6b9f8eca47be692d9b7fb3e1e18b09e6,delivered,2017-12-06 16:57:11,2017-12-06 17:13:16,2017-12-08 23:07:20,2018-01-08 19:34:35,2018-01-12,1c843de20cb1cf1a721bc11792adaeae,2017-12-06
e113999f205a77283a5a2d99171d77c5,6b3dbb998a3d51850455a9c3e2623d25,delivered,2017-07-29 13:30:29,2017-07-30 13:43:21,2017-08-03 17:27:40,2017-08-04 19:23:45,2017-08-11,06268d8f74c7184ef40d1a3861688cfc,2017-07-29
a4b9b64c874a692b4b2cebf1fc417789,4cf7876fbfdf18add1ba9b9bb9de58d8,delivered,2017-11-25 16:04:49,2017-11-25 16:16:33,2017-11-28 20:33:32,2017-12-15 21:16:34,2017-12-26,5acd65b5aca9647231421838e17adf78,2017-11-25
b001a9f70c34cbf4eca4e48875de711c,787d7b6a8571b25652a185aae5ebc9b7,delivered,2018-06-19 17:05:20,2018-06-19 17:45:06,2018-06-20 13:25:00,2018-06-25 20:51:50,2018-07-20,771c1a711afde25be37e7a59f24e5919,2018-06-19
fae03cbde1d0ebd4786c55260bb5c640,0dc28e7f857b02547a1dc847466ace4b,delivered,2017-09-17 18:47:24,2017-09-19 03:44:20,2017-09-19 19:36:14,2017-09-28 16:41:49,2017-10-09,a17132a50cfb0804699d970a6c378944,2017-09-17
84f9e55a4538777400d2fa996b626570,d7ba6ff2281a1664abeea1a0566108ba,delivered,2018-04-17 22:46:15,2018-04-17 23:11:31,2018-04-20 18:52:32,2018-05-03 20:32:12,2018-05-18,4bf0e879997fb1f62418266f4b8d03b7,2018-04-17
e3fa8bf19ae531c5ef5ae2264ca360dc,777bb66716129da5ee0856a1478ee855,delivered,2018-05-13 23:03:15,2018-05-13 23:34:06,2018-05-14 11:47:00,2018-05-29 15:59:01,2018-06-07,406be519eb0e8e09692ddbe0a551eee1,2018-05-13
fa5068e804fdde545390fadb461df438,91c2fed5f0ceb55402114cf7a8dea479,delivered,2018-02-01 22:01:32,2018-02-01 22:12:20,2018-02-03 16:58:25,2018-02-22 12:43:31,2018-03-26,b3eb76b315600c9f8c3a711b6a3d1668,2018-02-01
ba9e135697c2fbf721ea10bb6d7c0d17,524b931bb2666da2d665da0984cafcb3,delivered,2018-03-07 17:26:45,2018-03-07 17:50:13,2018-03-12 23:43:29,2018-03-21 18:56:52,2018-03-27,a04d29ea1834c0c9ba7030d68a98f6e4,2018-03-07
26da686e870dc017cfbf9c3ce9f39d55,1cc8871af24a272de32a0d2e23d49068,delivered,2017-11-24 14:38:50,2017-11-24 16:38:42,2017-11-27 17:33:30,2017-12-07 23:14:32,2017-12-21,f95bae6b7edcc5166fbc41108fca1e79,2017-11-24
274c71150e4e71fde63d554a8a327324,94e25d694cced95a67dcf81c4077a9df,delivered,2017-06-18 10:53:26,2017-06-20 11:05:24,2017-06-21 10:29:49,2017-06-29 15:04:17,2017-07-19,5c8a8e12e49d7060eba96af718514e9c,2017-06-18
e17c3ecc7c4f2d721d917d20102ddd67,f78e23aad8e572277a28b306314e1d3c,delivered,2018-01-13 13:29:53,2018-01-13 13:39:20,2018-01-23 01:09:06,2018-01-30 15:51:30,2018-02-07,8a8c4ce38d2bbeb157cb04e9ceb19b80,2018-01-13
93240f6a90ae9889c692787235e66a0c,0566ea068bbe90dca2a0204179e22f37,delivered,2018-01-11 11:16:49,2018-01-13 04:55:10,2018-01-15 20:16:38,2018-01-23 14:17:22,2018-02-15,1da09dd64e235e7c2f29a4faff33535c,2018-01-11
17318780f22a9e85b5173c75768b4db1,ea16f2826e9b084e06e3eed3b1bf6a31,delivered,2018-03-26 22:13:38,2018-03-26 22:30:10,2018-03-28 19:50:33,2018-04-08 13:59:46,2018-04-10,693c7d670fcf4c4955c0545cf740458a,2018-03-26
3509224a7a910767e8a92664b540fb48,7c9bb8bff624ecf6de67f46280b194b2,delivered,2017-04-26 10:42:17,2017-04-26 10:50:20,2017-04-27 11:53:09,2017-05-04 16:51:22,2017-05-17,cd9ac49cd7c03967663685ff826cf431,2017-04-26
cdad1ccf28a28106660e28f89516a62f,7e10cd47d736c45757b435f20ff7e1ec,delivered,2017-06-28 14:09:34,2017-06-28 14:25:20,2017-06-28 15:29:20,2017-07-01 08:53:42,2017-07-20,537a843ebe0c389a8617e66d8dae08f8,2017-06-28
6a5cd183661b603f017a2ba083377ea6,e52b524213096796ba7db61e4c3c2c00,delivered,2017-11-24 02:00:02,2017-11-26 01:52:31,2017-11-28 22:24:50,2017-12-15 21:56:44,2017-12-19,098e52a7a84aa08aae51c6c438d7d8f0,2017-11-24
02036bc298ab3c1efc98b116f420d646,1b0555269127c13e727a1f3cb545faf2,delivered,2018-08-23 06:32:15,2018-08-23 06:45:07,2018-08-23 12:28:00,2018-08-27 23:26:29,2018-09-10,29939d49096b68defc67b5d5a24cfb6a,2018-08-23
1c2f3eb4c18b1e3ca9439f2824205429,d11d8aa3c8a3d6dafd592452eeb3a246,delivered,2018-03-04 10:45:42,2018-03-04 11:10:28,2018-03-08 17:21:39,2018-03-09 18:28:43,2018-03-15,9b716d49aa30d57793971923eb4cc079,2018-03-04
b8bf711248376c421faaea8f02d149f9,f8bebada4eeeeeb4b926ca743e5c22b5,delivered,2017-04-29 18:33:00,2017-05-02 09:55:08,2017-05-05 14:56:06,2017-05-30 10:14:07,2017-06-08,7094853097f979ef6393edbbe67ba4fb,2017-04-29
6defd297b739370bc5f2fd2f035eeb1c,e39d2fd67a0ec9911767537c9dc2458e,delivered,2018-02-19 23:39:11,2018-02-20 00:46:41,2018-02-21 22:22:36,2018-02-22 22:27:00,2018-03-05,2c60d9ad49857bffca1b2eb42faf77a3,2018-02-19
66dbde751178d7674bd09f18b6d25006,6903c9e22ca171ab56f877af3ebaa9dd,canceled,2018-02-05 16:30:33,2018-02-05 16:52:11,2018-02-07 22:52:43,,2018-03-12,6e591d9acd20df3d180db1b57c621e96,2018-02-05
5f5a9ba3e0190ff4773314db075b930d,77e495840d1437dc483ce6e82182dbd4,delivered,2017-08-22 19:39:56,2017-08-22 19:55:47,2017-08-25 20:14:32,2017-08-30 20:33:53,2017-09-06,14e5f24414b4fbadbe2f3dc85e1baf96,2017-08-22
47906fd263e2a0253d9db8a730f02abe,6ec2b4682814cfdac8d92bad42b3ddab,delivered,2018-06-21 14:34:17,2018-06-22 02:58:22,2018-06-22 13:02:00,2018-06-27 14:08:52,2018-07-17,57f0ea1c7f6b9ef8615c0a0b8f06fe57,2018-06-21
243312dbb316253ab77bb0140d94803c,680e38a70d371582570f41cc47dc2791,delivered,2018-03-17 08:21:08,2018-03-17 08:49:39,2018-03-19 19:12:11,2018-03-21 12:24:26,2018-04-05,713110abe5de675d1513356694fe095a,2018-03-17
722e56aaea810aa3e171228dd28f37f4,759cdb645105a48ae7500311724659a6,delivered,2018-04-09 18:45:29,2018-04-09 18:55:22,2018-04-10 22:46:36,2018-04-23 20:44:39,2018-05-03,17285dfa20c4c670e305ace3ca8a7d8d,2018-04-09
5bb903913b74e92c0fc1cde7dc26bb66,fd4e7e43747ed4434bb4c1c0974145da,delivered,2017-07-23 22:01:14,2017-07-23 22:10:14,2017-07-26 19:53:34,2017-07-31 19:33:52,2017-08-17,9c88dc49c4d317f38ba1e435939736f0,2017-07-23
9ffcc2769ec031186dfb75d39b5f4125,4a20d9b63f05166b3d41c05b6510e758,delivered,2018-01-09 18:51:14,2018-01-10 10:33:03,2018-01-13 01:41:49,2018-01-25 19:58:58,2018-02-14,9bb02438076264045b4fca4a0b998b98,2018-01-09
340a0613ed37b5748a4b7b676676ca26,ac333d5a0b86f078e3e9e1bc82c7a292,delivered,2017-11-26 22:33:57,2017-11-26 22:52:58,2017-11-28 23:11:30,2017-12-11 22:17:10,2017-12-21,47b77d2188b358d00ea2049b0d32a8cc,2017-11-26
443461fcb984bb8a76e4a9eae02a9898,6c1ba0f61eb6189711421e115d7b57c4,delivered,2018-08-09 01:13:45,2018-08-09 01:25:08,2018-08-10 13:51:00,2018-08-13 21:51:39,2018-08-16,7769dfedcf8ad724f8c13775f64f2e0f,2018-08-09
a3ee95a310b51d1715ed8c16b7cd3ffe,67b0294ba64d7074b39bab09cb5a289f,delivered,2018-01-14 09:39:51,2018-01-16 14:11:45,2018-01-17 15:38:43,2018-01-30 22:04:49,2018-02-16,3d057e2134a816aa1fda7ed50aa73843,2018-01-14
077abb7d4f87719b0a5cce22295eb775,8c00f372a13786c5028887ab82250956,delivered,2017-11-05 13:10:25,2017-11-05 13:26:28,2017-11-07 15:47:53,2017-11-11 15:21:25,2017-11-24,8faf7d578c01ac864da5b942a4a0a3c7,2017-11-05
c5c12589bf677aed3a0747d7c35b7c06,03514f9ba6258fadc8aa2391eadee65b,delivered,2018-03-15 20:17:07,2018-03-15 20:28:14,2018-03-16 19:33:13,2018-03-29 20:48:50,2018-04-06,3a4f5d794447ef719ca0e2f79613756d,2018-03-15
c5f424c38dfa71a2340c9a98e4d6f48d,439ffed37d33decb0333fa07d362bad5,delivered,2017-08-21 21:34:39,2017-08-21 21:45:42,2017-08-22 16:04:07,2017-09-06 18:17:43,2017-09-21,642d4a4ec3fe8cdf5f98ad76472fda22,2017-08-21
76098ff18bad7555c2d85340e82b8941,edc3794d476fd4688e606229f4be94dd,delivered,2018-03-10 23:44:37,2018-03-11 00:27:54,2018-03-14 00:32:54,2018-04-08 16:08:24,2018-04-03,25142f71ba0ebcc027b1817df87426b7,2018-03-10
40e240e00303ab3cee64520a5ccf3388,e259b368ebf6062dc1356964312b69c4,delivered,2017-08-02 21:24:37,2017-08-02 21:43:00,2017-08-03 15:59:38,2017-08-08 22:22:30,2017-09-04,2b29203a18529b47950630e4ffe98abf,2017-08-02
fd63edd3e877295ad1dbe1d2b76b640c,def11883e7dc8555ac3343c76a35f70e,delivered,2017-03-23 01:45:10,2017-03-23 01:45:10,2017-03-29 12:49:55,2017-04-03 13:54:46,2017-04-27,5d37b4ca721855647d743f1655c05ea7,2017-03-23
c3a4760791fe90fe58b360dbfc812805,d5cf24f8a54993e112a17ef2632bad06,delivered,2018-03-21 18:50:20,2018-03-21 19:08:23,2018-03-22 20:02:45,2018-04-09 12:46:34,2018-04-16,38413959911074d837d53ec64a110d43,2018-03-21
328f5537e4f2b1aa64670a89b0169076,da9a7d8638644b34c6082c716a565cd8,delivered,2017-08-10 15:14:52,2017-08-10 15:30:20,2017-08-11 16:20:04,2017-09-04 20:12:47,2017-09-14,3f2fa5728dc7ec636fec3038c1b83f9f,2017-08-10
468196883cd3a3d826387fe94c67c92b,a4fa643f7d9de9a32083b61cc0c362e3,delivered,2018-02-20 10:41:50,2018-02-20 11:30:52,2018-02-22 18:27:08,2018-03-14 17:18:36,2018-03-14,58ee10603291fb595e840bea6f400d41,2018-02-20
119feffed22faf8f347699a4a4fcc23c,d9a8e0bb4edbcd0ad3e059682ccb768e,delivered,2017-09-03 15:31:58,2017-09-03 15:45:20,2017-09-04 19:51:36,2017-09-12 19:26:25,2017-09-22,a1b27fb279cf1f20c233f6f8c7d468ff,2017-09-03
4ac8967b6c44825655969aa13a7e6213,5b37ee1bdf9b75e312054b7b4c3c5264,delivered,2018-01-10 15:36:24,2018-01-10 15:49:18,2018-01-11 18:45:27,2018-01-15 22:42:13,2018-01-24,5c28d6e0f5a24a9d9c93282a09c8290e,2018-01-10
f92d5a62c7841e7f1a73ce4a68912c4b,04f6954a5161ce3f16f1ad61a4344bab,delivered,2018-08-06 18:25:54,2018-08-09 15:50:14,2018-08-10 14:30:00,2018-09-03 15:28:36,2018-08-24,73ab88904d8a605460b77ac0b8c14fc1,2018-08-06
55ea12225a84c0269c9ae6604e6f9141,b095f4c789b7f1660f9bd139148a823c,delivered,2017-03-16 19:38:01,2017-03-16 19:38:01,2017-03-17 10:05:21,2017-03-25 11:06:23,2017-04-04,8995f8dc0f764d0e743902184660607f,2017-03-16
e33cd806dc139902dbd4f1e2bb2d1775,747c9185f79880e45fd101dc65149f21,delivered,2018-04-11 18:58:08,2018-04-11 19:10:47,2018-04-12 18:19:33,2018-04-23 14:32:07,2018-05-21,676a7f78ff21f6e3794887c4ee27ca6c,2018-04-11
8828017d95b6a4e956af1b0602fc0b26,71fcd949093b2edcbc6486ff22de8dc2,delivered,2017-12-07 21:02:11,2017-12-07 21:11:26,2017-12-14 22:17:56,2017-12-28 23:33:18,2018-01-03,52e34a01f863e6800fba5e346630fb1c,2017-12-07
ca62907242973957a5936319121c6f5f,94a772ab3fa8a2dc3a13504c8ab8d868,shipped,2018-02-25 12:06:00,2018-02-25 12:29:22,2018-02-26 20:35:05,,2018-04-23,1cc138a7bd7995f6d84360b1a305f58a,2018-02-25
774415b72c8f9986307793e527a0670f,d4c4c50c49e859cd5b59e7dd41c66520,delivered,2017-09-28 19:29:26,2017-09-28 19:49:17,2017-10-03 21:37:48,2017-10-06 17:35:16,2017-10-31,62d7776b75e87d3dba846e3a4331766e,2017-09-28
5e62e50d9a6f7899a6d806fc809d99c8,fed85ea62f27f9c001d9c9372a35488d,delivered,2017-05-26 17:46:01,2017-05-26 17:55:13,2017-05-29 13:30:18,2017-06-02 16:09:47,2017-06-16,0e095d492a0438adb41ab4d817f16d30,2017-05-26
771b1c1071afb60efdf55afffd0ad25b,b294b26e9808dad6725676239e3898e0,delivered,2017-11-27 12:49:50,2017-11-27 12:57:55,2017-11-29 18:13:24,2017-12-14 01:25:03,2017-12-27,8e63cfe3d18707975936bd17a96699b1,2017-11-27
ea147e73648571e7ae04cfc2ba96aa35,10446123eb88ee10a2ae901135bf2b9f,delivered,2018-02-23 20:32:42,2018-02-27 04:31:14,2018-02-27 18:29:51,2018-03-12 23:05:41,2018-03-19,e5ec513f807eb586f0cb8ab492f59e13,2018-02-23
888312c0cd443652e3152019d58272ef,892d2f1d8cc6ed0db4c7f7b6613581a6,delivered,2017-10-23 18:35:53,2017-10-23 18:49:28,2017-10-25 17:43:58,2017-10-26 14:22:00,2017-11-03,7321108d6d59bbdc0bf7fdaa05b407a1,2017-10-23
065b60cb1eb8ac3e010b81d60ab6a5a7,5e6b6642bfc0441ebab444fbdce404da,delivered,2018-04-15 17:15:31,2018-04-15 17:30:15,2018-04-16 20:14:43,2018-04-17 20:25:22,2018-04-30,61c580679c31243a6cab6513a96b1b23,2018-04-15
004ca5ae248069d68e8594df8abf6ce0,576908744ae56c9cf061c40a434e2a24,delivered,2018-06-06 18:30:20,2018-06-06 18:52:39,2018-06-07 14:17:00,2018-06-15 22:12:30,2018-07-26,7af7a47d87d53e6db00e70790bba0370,2018-06-06
3ee9cf1702011ef8cb10312b07124ec7,65b61ecf5364db9f364ce0140d45fd94,delivered,2018-07-07 18:46:47,2018-07-07 18:55:10,2018-07-11 11:42:00,2018-07-24 11:54:40,2018-07-31,709f1bde1f5617a9f602d7eb85c60ba8,2018-07-07
152575943eb3ac19455e0e1a13e3d1cb,5d551bac6ef227b8caf96cb2a0c03c01,delivered,2018-08-08 18:15:20,2018-08-08 18:30:16,2018-08-22 14:19:00,2018-08-29 20:48:42,2018-08-31,fbb1652fcee86c31a7a95cc56b53d846,2018-08-08
7e4a816fdf57a295168f5eb20cda8a1d,b5bf04c0617d88858f44162c08c80a3c,delivered,2017-08-11 10:40:12,2017-08-11 10:55:23,2017-08-14 14:28:03,2017-08-18 17:45:40,2017-09-04,3b403165d7ce9d8111a42f9631ad3524,2017-08-11
a4de5b1662f4c05fc162558437fa96ae,511e3f71328a16d7462ef399c655103f,delivered,2018-02-18 21:39:15,2018-02-18 22:46:43,2018-02-19 20:06:59,2018-02-20 20:42:27,2018-03-05,86a6f545207b9116f5a7e0e84e706b7b,2018-02-18
0733aab1e972ab531705cf45a1e77281,5ca683b344929c41668368dcf9d5b168,delivered,2018-04-27 13:55:56,2018-04-27 14:10:22,2018-04-27 16:30:00,2018-05-03 14:11:18,2018-05-17,f0a16779a7adc4efb88a1a329b15474b,2018-04-27
9a815b63a6443f94d67d6c8bf970aaaf,afd30cfb38a43959c5e6eb496446bc6d,delivered,2017-03-27 15:48:03,2017-03-27 16:02:38,2017-03-28 08:05:16,2017-04-03 17:28:06,2017-05-02,681b21ae86592e7aedfce424ddbe86a0,2017-03-27
d07177bc097beb1a6d82f01bdc6d6eec,79b4c20b6bd8e73a360328f99c5242a4,delivered,2018-07-14 01:09:22,2018-07-14 01:23:59,2018-07-24 11:22:00,2018-07-27 20:13:30,2018-08-13,138a20d8905ed6c53727970f56f1303e,2018-07-14
0d6bfb2c384abf1053a600d79eb2dcfd,7dabb9471241c851ab2daff114751bb3,delivered,2017-03-23 21:52:14,2017-03-24 21:55:12,2017-03-30 16:22:46,2017-04-12 06:37:44,2017-04-19,79eeb39dd415aa3c7a58fc42cf29278b,2017-03-23
afd6fcb99a54aac6b88ff635b2e687ea,668575cd98bd30ace7a891f6085e3b0a,delivered,2017-07-17 19:40:32,2017-07-17 19:50:21,2017-07-18 18:45:52,2017-07-24 21:10:25,2017-08-17,6d7d7f3da50d1a3b21c77ad7a9ec97b6,2017-07-17
0198c71148c2e08c7c52b860f640fa4e,2938121a40a20953c43caa8c98787fcb,delivered,2018-05-08 06:34:07,2018-05-09 04:31:29,2018-05-10 18:12:00,2018-05-18 18:49:30,2018-05-29,482441ea6a06b1f72fe9784756c0ea75,2018-05-08
a294b359ceeb6b570206ae9a4e266230,339a385d7c41c652faf8a49b4e645bbf,delivered,2017-05-03 21:22:59,2017-05-03 21:35:24,2017-05-10 12:46:00,2017-06-01 15:47:55,2017-06-07,47d2b80b343a27cd4cc0f657b3235f99,2017-05-03
ff24fec69b7f3d30f9dc1ab3aee7c179,442c6e15fe1e8e63a96598607c92bc35,delivered,2018-01-26 14:41:14,2018-01-27 02:40:12,2018-01-29 22:29:45,2018-02-07 14:57:00,2018-02-22,ae76d876d1067aa49fa661723d824ed5,2018-01-26
7c9c832fe99dad4a802af290889522e5,df82bea0664349eb5b8a7ef73871fc49,delivered,2018-07-27 10:20:01,2018-07-28 02:44:34,2018-07-31 12:06:00,2018-08-08 15:12:17,2018-08-21,8a03bb160020b3fddcfeef12e8cd2283,2018-07-27
3a7f40eab12e1d0bbd77a6cbb0e9f4e0,624772b98ab9077613d43ecdf26c5001,delivered,2018-01-26 22:06:53,2018-01-26 22:14:20,2018-01-27 16:37:53,2018-02-19 23:25:21,2018-02-22,96f0eff64a3b1926856508cd95c54469,2018-01-26
e3464b0baf69887817fa1324a98d0a91,373fac096ed8d5b05c07a122938463d6,delivered,2018-06-03 20:38:28,2018-06-03 20:49:53,2018-06-11 09:28:00,2018-06-19 13:55:35,2018-07-12,a62c4ed866913af9f11521d8fb6d6898,2018-06-03
2c2ce5e6f838b293b3297370a80598f7,cd79b901fd7641f3afe50351e94bc30e,delivered,2017-03-29 12:27:32,2017-03-29 21:22:35,2017-03-30 13:27:58,2017-04-05 14:00:14,2017-04-18,cd02ec549f10e397eb40dde1ffe8292f,2017-03-29
940eb052b51b2ff6ce6d2a2e4302bddc,c4db5141dbf2a35aff35074305f5e06e,delivered,2018-06-02 14:49:20,2018-06-05 04:31:15,2018-06-05 10:50:00,2018-06-06 18:13:00,2018-06-29,dda38d4b3e3efd152b4bad4b9d57963f,2018-06-02
c25e9bf813225380ada966afae6d6b95,d45306ce2885eaacd9fbe56ce177c908,delivered,2017-09-10 18:31:12,2017-09-10 18:45:15,2017-09-18 20:52:06,2017-09-19 18:13:42,2017-09-22,9b9dddec21ff3a98cbccabbdbc08d998,2017-09-10
98123bd93fe42371be77020252553c67,ab1d01ad77d8bab4c7f064a7c7947d79,delivered,2018-01-17 13:25:28,2018-01-18 02:11:40,2018-01-19 19:46:53,2018-01-29 16:39:20,2018-02-09,655a53b9da00a641e7636d1b08bbdc53,2018-01-17
bcd5dcb4a6d89edda53dcf1e9328823d,8b22563285b84bee2e3cac94e1fd7dc3,delivered,2018-05-02 21:05:47,2018-05-02 21:35:12,2018-05-03 15:51:00,2018-05-07 17:36:22,2018-05-29,38140b9ab005ebbe22318ca3ea99c808,2018-05-02
9a610ebeeb1a328f4c7a2ab7ea88ebb7,3fc7e9e580d05beb308c448408bbb2a5,delivered,2018-07-23 19:45:46,2018-07-25 02:50:18,2018-07-25 13:15:00,2018-07-31 17:08:35,2018-08-13,f448091e9f88e875eedd3f5542f0524b,2018-07-23
1801c6babedcb89ced12ae5f6352f787,9afb7d75b5d928401c32b979254afc13,delivered,2017-03-03 15:48:57,2017-03-04 06:45:13,2017-03-06 14:03:45,2017-03-16 15:12:32,2017-04-07,0055b522bc89cbfbf376d8b59a628470,2017-03-03
a8e1abe16c229e9634213a4c3fbe8cd7,ce11232370d1f9997a7683d55f09fa41,delivered,2017-10-25 18:04:40,2017-10-26 18:31:27,2017-10-27 19:23:02,2017-11-06 23:12:10,2017-11-16,5fc9aa56fb24a568fb56ad0eb9e9b1d3,2017-10-25
14983a8e9fbbb6ec172cbfcdc13aa291,0c03226afa90f20094fccdafcc422e62,delivered,2017-12-29 13:11:06,2017-12-29 14:30:19,2018-01-02 17:17:25,2018-01-16 14:42:38,2018-01-31,d870a06834e68bdc8864f3a9a97e73ec,2017-12-29
5afaa7b618c8776fad63ca23a14a8035,bca5625f843661186a352a2c160843ee,delivered,2018-05-10 17:07:17,2018-05-10 17:15:20,2018-05-11 17:25:00,2018-05-14 16:31:13,2018-05-21,9bd3091ad5fac62f6389eacf9af4c571,2018-05-10
99ad3ef53ed8bbe225a2bdc5b92f4ea9,7f3ec00f79a98875d304ceef5d2cbd4f,delivered,2017-08-05 14:52:24,2017-08-05 15:05:12,2017-08-07 13:33:34,2017-08-10 17:49:56,2017-08-22,07f61caa1c9e850c14e94854cec87545,2017-08-05
7779c2699c1fc1ff433f326418671ce5,71dafe7cc5b908c3d783d6d0e78e5c4e,delivered,2018-02-10 11:03:47,2018-02-10 11:27:53,2018-02-15 19:51:21,2018-02-26 17:19:07,2018-03-07,fdea01c62388d79e44418555560ca46c,2018-02-10
f12da93bfc1ee01030cea1345a142abb,c1217f58e18cb92f1b8437990b5d8841,delivered,2017-11-19 17:30:55,2017-11-19 17:50:55,2017-11-22 18:44:38,2017-12-12 22:24:27,2017-12-08,27fa12c46b8f535342292f4292ccfbf9,2017-11-19
fa4646aff1ebffa86487953e4143125b,9834e79f181280824b88ef3f8076cfb0,delivered,2018-07-12 23:15:44,2018-07-12 23:25:11,2018-07-13 15:23:00,2018-07-20 19:38:46,2018-08-01,d4fd3ee4bbc710dbefab8f90f3d43bb4,2018-07-12
1de3194cbc4750380afd0b30efc6b18b,ea49f270f9f3cb5ba95dceca10b82e0c,delivered,2018-01-30 20:00:25,2018-01-30 20:10:28,2018-02-01 15:44:09,2018-02-05 16:08:58,2018-02-21,a573a05d9fc8b8eb9c66f60e72904b14,2018-01-30
e235ae899d4840a0711cbdf615ec3425,536128be97bc69f3c3a34a4aed46f864,delivered,2017-07-25 21:05:59,2017-07-25 21:23:01,2017-07-26 17:36:32,2017-08-01 18:29:53,2017-08-18,d77ba9214770b2d002fa0b2b4df6c3f0,2017-07-25
aba40f06818d2d5bd3590b335352fd3f,45260e1821fb0007e1fda24a96e0bc02,delivered,2018-04-06 17:05:49,2018-04-06 17:30:26,2018-04-09 18:20:39,2018-04-10 20:05:08,2018-04-18,3a6eb165465f32fcad81b015568216b5,2018-04-06
125380a45478fae5bd5466553f2ed928,61585152249283fb27ccd5b6da74c62b,delivered,2018-08-18 22:41:34,2018-08-20 10:50:35,2018-08-20 14:58:00,2018-08-28 00:37:26,2018-09-04,e6a62223a75ff54ef03810f253527b61,2018-08-18
3e3378aad68b2f3e53dba3a4da142bf3,69726d016eac68d3d68da23184e50c81,delivered,2018-03-04 20:11:11,2018-03-06 03:49:25,2018-03-06 17:23:39,2018-03-29 16:12:29,2018-03-29,00c26c3dd77bb25a0423a2280886b86a,2018-03-04
311590adda47f81d35e863654feba9f2,55e45405e0404a68b2be628c98aa7b0d,delivered,2017-06-20 15:57:52,2017-06-20 16:10:16,2017-06-21 11:26:18,2017-06-27 15:57:30,2017-07-14,8fcc5fcac55aa590f93a448c5def5385,2017-06-20
aa833d3e16eb7eacce577e39884f44d5,5b51d411ab12d17e7c636246058e4fe8,delivered,2018-03-27 15:17:23,2018-03-27 15:31:12,2018-04-09 23:23:22,2018-04-18 23:33:54,2018-04-18,cd25f58935dc8fe6bb693821ea1cb426,2018-03-27
e8fa22c3673b1dd17ea315021b1f0f61,1ff773612ab8934db89fd5afa8afe506,delivered,2018-04-19 13:54:06,2018-04-20 07:15:19,2018-04-24 16:08:50,2018-05-03 16:39:41,2018-05-22,ef8d54b3797ea4db1d63f0ced6a906e9,2018-04-19
b86d6598f95562f36a323a61a9fff073,9b5c82d3cf692b7bbe0831badc9fd4d1,delivered,2018-03-16 07:34:43,2018-03-16 09:06:38,2018-03-19 19:28:34,2018-04-23 17:46:43,2018-04-09,0fe1b6dfbd49aaf2c618ecbb6eaacf7b,2018-03-16
18fee750a18a26c003132114d28aacac,e4b827f74dddb51fbccdcc061f0e100b,delivered,2018-03-21 09:06:30,2018-03-21 09:15:34,2018-03-23 22:38:41,2018-03-28 19:11:48,2018-04-13,b8c9eccefd807623908243c39ab71c0b,2018-03-21
08a4c77d9546c8928c3dd4b20da1b773,ced1f9efb99bce461db12904e8c7867b,delivered,2018-04-01 10:00:08,2018-04-01 10:10:08,2018-04-07 01:19:18,2018-04-18 17:14:45,2018-04-24,cfa94943c5b2949c02d59ea6495cf549,2018-04-01
e4849b3975c58be6cdc305f07ab355fd,ac6a876322dc77349587bb3330857025,delivered,2018-07-28 23:20:32,2018-07-30 15:55:18,2018-07-31 13:31:00,2018-08-01 17:02:41,2018-08-02,145bab853270f02423ef74363010a01f,2018-07-28
420ab5f8b0999c674c7438c38ecdda17,523f6abcfdf9f7853e75c9b6104dd349,delivered,2017-06-25 22:22:31,2017-06-25 22:30:16,2017-06-28 09:26:53,2017-07-06 13:08:03,2017-07-18,c4d9ec8c227594222eedd980cb28a6f4,2017-06-25
2ed3eaf0bd65da1480c9017f211fa315,7c6c12489e36aafa4ab5dfcfef887475,delivered,2018-06-19 14:28:13,2018-06-19 14:57:11,2018-06-20 15:29:00,2018-06-26 19:27:25,2018-07-18,55133cf96f44c834ac51d0e3b678c7a8,2018-06-19
20944cd8392f8ef8aa2badeda97adf33,1f4e8bd03181879e40424354c00dea4d,delivered,2017-10-18 11:56:48,2017-10-19 12:07:20,2017-10-20 20:12:52,2017-10-23 16:55:22,2017-10-30,353027c49c4fb3c827f2745b44ebb3f2,2017-10-18
06c2f55902daa48386515225a766e7d1,0c51809f15295468c70058026d64a711,delivered,2017-12-08 19:02:53,2017-12-08 19:13:26,2017-12-13 00:22:41,2017-12-27 20:54:03,2018-01-10,72117da49c65cc26df0bb7246a4c16af,2017-12-08
561f746a88df51356713157ec83fd020,93b90b69d224015e3a558d46df162e11,delivered,2018-05-15 13:34:26,2018-05-15 13:55:08,2018-05-16 10:38:00,2018-05-22 15:26:34,2018-05-29,23a9fef8f9da13382f68147bb260a6e4,2018-05-15
951e8cd4880218797b4ac75738913b7b,364c498abca5a4cff3fe15573743034c,delivered,2017-10-03 14:32:26,2017-10-03 14:49:23,2017-10-04 20:24:57,2017-10-13 18:05:19,2017-10-25,d5bcdee139c8e3a1d1fc14b865ccd847,2017-10-03
d28b5d86a3eed220a736db5a42815270,6360554117752d0c465cece6bd0b985e,delivered,2018-01-17 11:56:39,2018-01-17 12:10:11,2018-01-17 20:57:39,2018-01-18 17:22:36,2018-02-01,e2379233130b3a858f6d6c89d84a4646,2018-01-17
7034679df131fe7f52587694f54483f7,cf50ec4dab12bc5a10e41e6e4b085545,delivered,2017-05-20 17:52:37,2017-05-20 18:05:17,2017-05-23 10:29:57,2017-05-31 08:42:46,2017-06-13,5b1ae94194ff6e974356063557746e47,2017-05-20
9111147b969505cb43b47663779162d0,32a2e01de91e849b9869ea5f59fdbd29,shipped,2017-10-02 21:54:34,2017-10-03 04:14:28,2017-10-04 17:39:53,,2017-10-25,a826b332df2ab3572ca80fece0672ca4,2017-10-02
0b9e555377748cc93362b079f2653a42,4071865ea4b48ca395beacf0ba2590e6,delivered,2017-12-10 22:51:16,2017-12-10 23:08:50,2017-12-11 19:37:53,2017-12-21 18:08:08,2018-01-08,1df5464036001af408e4820be05c2723,2017-12-10
aac3c51b49db3aec97b0a15c9fa64ac4,436d91c82b20b186194ee218a52782bc,delivered,2017-12-20 14:52:29,2017-12-21 14:52:06,2017-12-22 18:45:13,2018-01-15 20:35:19,2018-01-22,b3b88dd09a2e459156e993cdd8c69832,2017-12-20
04778abaab7b4bdfb0abb1110f1eba52,df6afdec3d39282bbf6d560f15911d80,delivered,2018-05-06 02:07:13,2018-05-08 04:55:33,2018-05-09 15:05:00,2018-05-14 11:52:11,2018-06-01,979cb782c09baec1c783c4ce0e36b859,2018-05-06
d3a5c3bfc63077ee10998df438f97019,77b0d15d00d45a25263845e1b5d52833,delivered,2018-05-18 20:18:43,2018-05-18 20:34:41,2018-05-21 13:59:00,2018-06-04 23:12:25,2018-06-06,6ab1d0feda86c0d09edd5dce03db789a,2018-05-18
6a3118c2317bda57bdcc01ae7e014ec8,67ee4af0f64d7fce3053668eb20993d2,delivered,2018-05-11 19:39:34,2018-05-11 19:55:17,2018-05-15 15:39:00,2018-05-18 17:48:53,2018-06-06,69a8c6f34e9da18b29786ac7389b068b,2018-05-11
c45408df26d1ce2b64518a9a9d65fd04,c352445d447e16c25ee542299b98642d,delivered,2018-08-16 17:11:46,2018-08-16 17:29:05,2018-08-16 16:13:00,2018-08-22 14:33:43,2018-09-05,06dd5bbbb6a2fd7e3baab7f88dd3c1ea,2018-08-16
26bd0671edd018403939ee3037e81af4,7073c349e3ebe9751ad154ad30b92e25,delivered,2017-10-11 09:57:02,2017-10-11 10:14:14,2017-10-17 16:22:49,2017-10-19 17:51:31,2017-11-01,517a375187be1c96bc5a19cc7ce5719c,2017-10-11
5e98ca2727e44977e9f5be0d45a0d369,5dbb903e6a46f5861577aadf855536e4,delivered,2018-06-03 19:46:12,2018-06-03 19:55:21,2018-06-08 19:23:00,2018-06-11 19:51:53,2018-06-29,763d290d55eb02df98aaf7c7bf6162bb,2018-06-03
b57f8a0a6355eed6fb23aa237836403d,02b6b76e1eddd6811b0285258fa7e31f,delivered,2018-02-07 23:29:04,2018-02-08 08:50:28,2018-02-09 16:29:08,2018-02-26 20:47:03,2018-03-07,2e45c53852649a3a72125d3ec819ace2,2018-02-07
622313cbbf2c6fb616025bc038e3bba6,0351f415e46d182dbb19fe7c7717d52f,delivered,2018-06-25 09:52:10,2018-06-26 09:53:04,2018-06-26 13:17:00,2018-06-30 15:51:48,2018-07-20,a2958412c124f154e9107c6a0efa13fe,2018-06-25
e7bb8b6a68e9a70258374f9993b47de7,c902c60532cb6ca611138f5348580a3d,delivered,2017-08-04 15:58:07,2017-08-04 16:15:06,2017-08-05 14:07:39,2017-08-09 18:23:37,2017-08-24,9963ec44886d2cd7cfc327c78d714aa1,2017-08-04
f842cb7e4c6dee42ebdaf6c2a81904b6,ae9c9710188bd3e9362a0954442f36b8,delivered,2018-03-07 08:31:28,2018-03-09 02:31:07,2018-03-09 20:08:38,2018-03-23 17:38:35,2018-03-27,9b81743dd25bcd3a16151bbb63b74100,2018-03-07
7dc0c9624af2f70f84c310c126aa2d40,64e6098479c48805d8945483ac8a4fdd,delivered,2018-07-25 09:15:17,2018-07-25 09:25:25,2018-07-26 15:18:00,2018-07-30 22:09:00,2018-08-13,6f2e9b9193b3a5c590c0a2b296f81337,2018-07-25
27a2251d56cb9212d616d68ff6c1c132,47eeb1b381b205ee05cdfbe606ca6753,delivered,2017-11-24 02:31:20,2017-11-24 02:49:20,2017-11-24 19:52:47,2017-11-27 16:51:58,2017-12-08,6096c8a2d6a86ebdc3e61955cc460dd4,2017-11-24
fc6bb905fab635b31a166e561395bb01,2da8c5bb05b59fcf2023c3be4d2f5c65,delivered,2018-01-07 19:48:40,2018-01-07 19:57:19,2018-01-08 16:30:07,2018-01-17 18:32:20,2018-01-24,e69f35058039ed1d8824876e47a49b42,2018-01-07
e42b66326781591510efdca88022604d,03a2a04722a38803d8c29c7339998d54,delivered,2018-07-26 22:20:02,2018-07-26 22:30:18,2018-07-27 13:50:00,2018-07-28 11:20:22,2018-08-07,c2bffaf8747e77b4c0b4e38421e3bf29,2018-07-26
92ebaccb732e2b347a19dbc3245fcb27,2418f7d693ae1b95b926c922cf246b11,delivered,2017-12-13 08:44:11,2017-12-13 08:54:37,2017-12-15 23:08:58,2017-12-27 21:47:18,2018-01-10,f496bd3a1bae2e70a700111ba8ee8109,2017-12-13
d4a1728b95d69bdf0bb9dae4bce1d666,639d54dd7a7d4f6ac033dbefca8bcea1,delivered,2018-04-05 08:55:00,2018-04-07 02:47:52,2018-04-16 21:48:54,2018-04-18 21:48:29,2018-04-23,333ff0d1a78650ef1a24c33b74faaa33,2018-04-05
b6bd1aa9bea85404bd9fb4c7a1cbf4a2,45fd1a416474c2c7118921039473a2cc,delivered,2017-09-21 17:13:40,2017-09-21 17:25:10,2017-09-22 19:45:15,2017-10-03 19:39:02,2017-10-16,2a14328926bd5892a4b352f7b8e1f907,2017-09-21
253c6937d7acacfc1ea08401efe0a138,5502bdd2fd74e1860760cca9f732fd00,delivered,2018-01-13 15:02:38,2018-01-13 15:31:38,2018-01-15 21:56:08,2018-01-26 23:29:00,2018-02-19,34e9762e7f97d8db14f6756e0a2c805a,2018-01-13
2d2ee060abf43cd4efb55c10092298dd,8fda236ddf9b0bff33481c8eb86dc32f,delivered,2017-12-31 14:43:24,2017-12-31 14:49:18,2018-01-02 19:42:43,2018-01-09 16:38:13,2018-01-24,4c269cffefd864c77ade269fd181c798,2017-12-31
d595973d4fba0efe337a336386f42893,1669b0ab07d06da79fad8040b806df43,delivered,2018-01-06 17:19:20,2018-01-06 17:31:26,2018-01-08 18:57:45,2018-01-11 18:55:29,2018-01-31,53b99a9a859a827c3249a009911a4eb0,2018-01-06
605690e3394de4516b0c3646e06a9599,00f58ffb9b2f2764032aca4e22330725,delivered,2017-11-07 21:02:17,2017-11-07 21:50:57,2017-11-09 00:26:44,2017-11-10 19:21:42,2017-11-21,b1cf8d49a04154f58aa89edd28a8bca2,2017-11-07
3552fddd13638d37dc6749a36ac7e589,2e58b6a18a0469e1ec937027d9441aa0,delivered,2018-08-11 19:20:35,2018-08-13 10:15:21,2018-08-15 10:17:00,2018-08-21 16:19:42,2018-08-31,90219f44fa075abf64296935281ac317,2018-08-11
293b49dd2d7212a25cd82a02e0c984ef,fd6d24826df20a47edc27155e5c613ae,delivered,2017-11-09 19:16:07,2017-11-09 19:30:53,2017-11-10 21:44:42,2017-11-21 10:07:11,2017-11-29,4077a40612134036793b718373ff7700,2017-11-09
41d047e77cc83775301117a02c15b4ca,4dfd632dbcdc0b2585c9ed5b44e245d8,delivered,2017-07-18 09:59:10,2017-07-18 10:10:14,2017-07-20 15:32:40,2017-07-28 20:17:51,2017-08-22,596e0b157917a5b967a6e847ce1cb4ce,2017-07-18
2d90cc4980f319e8c0606c44654c9491,a558f1ac3c5cb511c779da6c78178ae8,delivered,2018-04-10 13:16:34,2018-04-10 13:29:59,2018-04-11 14:48:43,2018-04-21 13:36:36,2018-05-07,70ae231a7b7cb4497868409c7c049130,2018-04-10
6421ecac4630128fc5faebd789937f50,b9db77bb63a6928a2e841906b64bb2c6,delivered,2017-06-19 09:18:43,2017-06-20 11:23:26,2017-06-22 09:04:37,2017-06-27 17:22:50,2017-07-13,8d6a90f4790a154bacc7f0a43a90a0e4,2017-06-19
6af1f36497a4b9ce8335d9a6da709960,629f877340ef90d6baa875e57961fa19,delivered,2017-08-24 21:35:58,2017-08-24 21:45:21,2017-08-25 18:53:34,2017-08-31 21:50:16,2017-09-18,4d708044559de1542aa2d852e9a08788,2017-08-24
4bf16e837c4354cd06225050a018094b,7aef00cf795aa8c47871a0d42735ec6d,delivered,2017-08-20 14:53:31,2017-08-20 15:05:15,2017-08-24 19:57:40,2017-09-04 23:33:58,2017-09-13,26ffa3cfe15b987b017872a163c38118,2017-08-20
d4304f4104fca54e2a93b03e5b04962b,221b4e0290833c2eabd51cf883770524,delivered,2017-10-04 19:55:43,2017-10-04 20:07:13,2017-10-05 18:55:42,2017-10-11 21:50:02,2017-11-01,8fa1be88b8d4b3afb521ce3170ac9af1,2017-10-04
85722784b64340c85ac0293f6f1cebcc,a5d1dcff78d0fed7c29d371ae3e60da3,delivered,2017-09-04 14:44:43,2017-09-04 15:55:42,2017-09-06 13:17:02,2017-09-18 22:57:42,2017-10-03,b2869304b7b5d007e152903d14237c4d,2017-09-04
f28fdc3611b69cc93b0bbd8b1b3afc30,d91e4fe979aeb231f2696fd3712a86d7,delivered,2018-01-26 22:21:10,2018-01-26 22:38:11,2018-01-29 16:56:50,2018-01-30 22:58:38,2018-02-09,465e2a2637ee0b09e3f40974315a5b93,2018-01-26
b0af6cb248a6887f0695f4565bda91bb,e2dc5811df11785799b8d6f1cf883f78,delivered,2018-07-30 11:20:49,2018-07-30 12:00:13,2018-07-30 13:49:00,2018-08-06 18:18:39,2018-08-15,9a200825c9446733d069a82b7f5047d4,2018-07-30
1a1d6b3bdea56c37877f692df138bb35,d4d5be911a0546eae59d69278608c380,delivered,2018-07-26 18:05:06,2018-07-26 18:30:31,2018-07-27 10:58:00,2018-08-01 20:12:38,2018-08-09,34262db1627aa18036fc53e7f7401a83,2018-07-26
1968bd026e715a070f442cc2bf5f2ccb,7fe06ae17a9df0fb725a1a4e212dd6de,delivered,2018-07-29 19:40:38,2018-07-30 18:31:28,2018-07-31 14:48:00,2018-08-08 10:28:47,2018-08-20,78c390345260ecfb2b8e07b6bb64fe29,2018-07-29
bac1117353bfc077a092eb57e24419cc,5a2e0d2d29f0a826923a5c765382dde4,delivered,2017-09-03 18:06:11,2017-09-05 04:10:58,2017-09-05 18:53:05,2017-09-06 16:52:28,2017-09-15,8082e09a521725ceb983305a0f6245d4,2017-09-03
fdcd5bf547fed776194fe9a3b691a324,02c1e8e3240934520c94905a9b6c004c,delivered,2018-06-21 14:42:23,2018-06-21 15:00:10,2018-06-22 14:39:00,2018-06-26 16:04:48,2018-07-04,aae6800b03d5ef964b3130ff54c487ca,2018-06-21
b74ef7f1cae2f2aa39ef694089220237,8dd56c438a84c0341302cd3d122dfd3a,delivered,2018-05-23 11:35:11,2018-05-25 02:54:50,2018-05-28 12:33:00,2018-06-07 19:23:37,2018-06-14,d6a819a30a874608c05e68dc1ce6d23d,2018-05-23
e73fe43cdcd166f7f0c6e3c2bf11a917,3a412111e4f293539eae05b502fc63de,delivered,2018-08-09 18:06:43,2018-08-20 15:57:28,2018-08-14 14:48:00,2018-08-15 15:46:38,2018-08-16,f7c20fc3dc5222bc4389740958175652,2018-08-09
ba9626798f8c12e1f020a6d8e40b9a45,a3330b2d3f699a9c58b15e33e602c544,delivered,2018-07-27 21:43:27,2018-07-28 21:44:11,2018-07-30 14:55:00,2018-08-03 19:59:39,2018-08-30,d7f3b71a1eafef2f0426b506977d6327,2018-07-27
5075b9e252eb0b3f1350f282c94a82b0,1bed328bed3e5501868523f4d8a3b646,delivered,2017-11-24 08:15:54,2017-11-25 04:30:52,2017-11-28 17:16:59,2017-12-12 14:17:09,2017-12-14,1efb4a0f5e6617e5441eb67e2a176067,2017-11-24
0914478fdcadbaa5c8c8b3442b4f28d2,03058eb4c0764d7c06ca841cd71ba6f1,delivered,2017-08-09 21:32:08,2017-08-09 21:45:25,2017-08-10 17:18:18,2017-08-14 14:13:56,2017-08-24,d2931dde96daf36474fb9258d8db337a,2017-08-09
9c7f8270cfe5b9be15ce3d3bb0309587,4169522a0242bda84c7d1cf08346b964,delivered,2018-04-01 19:12:15,2018-04-01 19:27:32,2018-04-02 15:43:35,2018-04-10 21:27:42,2018-04-20,4c4e2c1f0c8845929a6ef883c376d81c,2018-04-01
12d9b7528c95b9b6d2f087195ba47d60,a91773a9a78bebced761d973bfa12050,delivered,2018-02-02 02:28:34,2018-02-03 02:29:52,2018-02-05 23:12:47,2018-02-15 15:42:47,2018-03-01,2c6ba844d7e25aca22e49049725c601e,2018-02-02
f30876b35731a6086a0b5b13cfc503d8,e0d55c4681df4474c4e410f06fefb339,delivered,2017-11-12 20:09:26,2017-11-12 20:26:26,2017-11-15 00:11:45,2017-11-24 20:46:38,2017-12-13,52e1960a812e49701b50b40ae4ee8f2e,2017-11-12
a129b99db0bdcd92c62d71279de0670c,ddaf99fadc527b65ba3440a404754758,delivered,2017-07-20 15:25:14,2017-07-22 02:25:32,2017-07-27 19:06:49,2017-08-05 13:49:53,2017-08-22,1da09dd64e235e7c2f29a4faff33535c,2017-07-20
61e7a0e72661ce2a29fef077d8007f27,cd84779cce6243c1a17f802b7bab05c6,delivered,2018-01-09 06:28:45,2018-01-09 06:38:28,2018-01-10 10:39:28,2018-01-22 23:46:40,2018-02-02,5563588c332b4a1dbfcfe93cb36aa581,2018-01-09
a5be0f3a1b2874d7a949d0234acd688f,b70bb1d21f3f4ee22748b82dde72b63f,delivered,2017-07-29 14:37:23,2017-07-29 14:50:19,2017-08-01 17:34:21,2017-08-15 12:28:40,2017-08-22,169815e2d8cebf3bb29c380415e03403,2017-07-29
91691e7a660914bb835e82d2f6b12a2f,8535e7d171732dcdb3de48ff99040f6c,delivered,2018-02-01 17:39:01,2018-02-01 17:53:22,2018-02-02 23:42:11,2018-02-09 15:11:53,2018-02-23,05c0c68fbdf283e56b37df9f2d20245c,2018-02-01
51e660b8c2d9b7f799b19b8535504fe1,34fb7e4114e241b57c26915f89ce219c,delivered,2017-09-26 16:19:36,2017-09-28 02:56:39,2017-09-29 17:11:38,2017-10-05 21:57:39,2017-10-23,00e5ea6932dffb682bd3d5760e84d176,2017-09-26
0666806082c797ed8410aadc2e08f286,4b9ee9bd667eb4c8cf6cb60524c6282c,delivered,2017-06-29 13:40:49,2017-06-29 13:55:10,2017-06-30 15:46:16,2017-07-07 19:55:49,2017-07-19,2767f1bba0529fe3f48378c05ea40f0f,2017-06-29
c1a2ee16a0ebb378f57bdf69fcf45b79,01a61e75bd333a349351fba370520597,delivered,2018-08-19 18:44:47,2018-08-20 13:20:24,2018-08-28 17:10:00,2018-08-29 14:49:06,2018-08-28,51498d611c600d2fbc05374a3928cfb2,2018-08-19
3ec05d74c91669694d41dcf4d7cdc764,be66ef8e04a0f8fd5e10434aa0b53fb6,delivered,2017-05-31 20:57:04,2017-05-31 21:10:15,2017-06-01 13:44:32,2017-06-09 13:25:52,2017-06-23,275fd80a923b1bf97db8979ad8e254d8,2017-05-31
24040b0114230e6113ea96d0161ff4a9,3a560621e7e9947e505bc42ad8321241,delivered,2018-05-22 08:33:11,2018-05-22 19:17:26,2018-05-23 12:14:00,2018-05-24 12:41:41,2018-05-30,fe42da19c1965172230a7bdaeb56d522,2018-05-22
3e4a8d7b151d4f81900cea441f80d544,7ab7a537b678b6dd73d825ff6ee7be9d,delivered,2017-09-08 15:41:51,2017-09-08 16:04:38,2017-09-12 16:31:47,2017-09-21 19:23:31,2017-09-28,dad5018ffc0de85eb72f72575b552784,2017-09-08
dea7183b5687dd97ce0703f53b0a97a7,f13d38f83b34037f745ec79cc915a8f1,delivered,2017-12-27 15:57:31,2017-12-27 16:10:15,2018-01-04 14:56:53,2018-01-05 16:49:17,2018-01-16,d16f2966cda34d01f661bfc50635edb2,2017-12-27
7c28cd51bc7b7b5b8e81ae0bb7f17340,dd96e8ca7d7dfac2b3b5632801e5f106,delivered,2017-01-25 18:55:31,2017-01-25 19:05:17,2017-01-26 14:48:15,2017-01-27 10:14:04,2017-02-20,90cdf84ae810487178762867e5b09fd3,2017-01-25
73745cfd1447d2cb71537b662d59b3b8,d853613c3c14bb1aec45a54f0b3b7e42,unavailable,2017-07-20 20:02:04,2017-07-20 20:15:10,,,2017-08-11,d0c00b017de45d1db2d7259f5ae2e340,2017-07-20
ecc34002d063638235d7519f53b1d4f9,8e9097f9abe54a1c6d2005107034fe0d,delivered,2018-04-07 11:50:43,2018-04-07 12:08:18,2018-04-10 16:44:57,2018-04-11 17:47:19,2018-04-25,d23b294c59644fb037d3069e02f7e65a,2018-04-07
1813010cec08387bb7feedb1198e6591,1a3cdf589900e001df8c88ccb3b23a45,delivered,2018-05-13 21:10:57,2018-05-15 05:14:44,2018-05-18 12:24:00,2018-05-21 22:27:19,2018-06-04,366d11568ec5217bfaecac3d32936122,2018-05-13
a1ce0b73236e48ba5f0391017bcef89e,22391c39c0261e36fb546e765a849624,delivered,2018-06-08 20:05:40,2018-06-08 21:04:07,2018-06-15 16:40:00,2018-06-20 15:39:05,2018-07-03,7cc5c190ee98d000eda540e331afa10c,2018-06-08
929ddf60e51592cf31ad60152b4c8fe3,b0cf88548f0e752a2ac621aa4941ee4c,delivered,2018-07-26 21:19:00,2018-07-26 21:30:17,2018-07-30 09:33:00,2018-08-08 15:44:30,2018-08-17,cefb480308505cfcf40d354a5a77e7e0,2018-07-26
e583169435fd3724212034fc16805ee0,db09d0bb5f4653a481b7b26f723d23ec,delivered,2017-08-09 20:53:41,2017-08-09 21:05:18,2017-08-10 22:44:02,2017-08-18 17:17:34,2017-08-31,c848099c1db74b624605ff8c3a424f2b,2017-08-09
8d8643b7344d206920590efda8cc5cb7,cf3a0b3665ef13b81c8528d13fc15ac5,delivered,2018-02-18 12:40:55,2018-02-18 13:46:38,2018-02-20 01:27:23,2018-03-11 18:16:31,2018-03-13,2ae6a57dcdd2f1424598fc480cbf698a,2018-02-18
65a97703da34703e54cac329ad6a41b0,6f33ceeabaecf0654caa006b511a62dc,delivered,2017-03-28 21:56:39,2017-03-28 22:05:23,2017-03-29 12:15:11,2017-04-03 17:58:31,2017-04-17,baacaa93b9c06e0172b5fba5199c9539,2017-03-28
8092a6dba7ee1ea9d61883db8a08fb14,5242064c3dba5715dffe970d03bc7f70,delivered,2018-01-06 18:54:39,2018-01-06 19:07:33,2018-01-15 18:38:36,2018-01-22 16:10:50,2018-02-06,c91d1ea64ca62057a632d10146e1901d,2018-01-06
0392a7fd15fc16848335cb8ff143a940,5726257f03bff97716fe9f0da0cba41c,delivered,2018-05-03 14:36:50,2018-05-04 03:12:18,2018-05-08 14:22:00,2018-05-09 19:13:31,2018-05-17,c63b4033b04cb70b044383046f268014,2018-05-03
a79ea0bbaa6e8a7b2a2a793862c418a8,99559edac92c862d5e0611cd409da5ef,invoiced,2018-03-16 22:12:33,2018-03-16 22:28:17,,,2018-04-05,7b2a4c7388d44281214ceae7d49b0785,2018-03-16
20e87d0bc3b241dd3b4d34a6446d013e,f6c05e803aa36fe851a6f81cf3128188,canceled,2018-07-05 17:01:31,2018-07-05 17:12:19,,,2018-08-22,0f2679dc549e2e577f730f60afb614eb,2018-07-05
6cdc131d3c28253cd03cd0fbc3d5f938,cb721d7b4f271fd87011c4c83462c076,delivered,2018-05-16 13:04:22,2018-05-16 13:19:29,2018-05-17 15:06:00,2018-05-24 15:16:41,2018-06-05,a5844ba4bfc8d0cc61d13027c7e63bcc,2018-05-16
452b706af12e25e6c8c740b4dc493ab0,bfc9371f9268216725254f8567803291,delivered,2017-01-08 09:35:14,2017-01-08 09:45:12,2017-01-09 15:12:35,2017-01-17 13:22:19,2017-02-17,d398a57e85887decbe54f94aca2eb457,2017-01-08
d468c8e289ec694cf907f29e5291e94f,343ba8ba4c413d458aa3b2897f94c4f1,delivered,2017-12-14 16:02:42,2017-12-14 17:13:38,2017-12-18 21:51:57,2017-12-20 18:04:17,2018-01-03,4bf3d072dcf303280e82dc697b516c6f,2017-12-14
6887171d65ab796e9a2d44e6d5c1c097,f47638741c86cb8ca12502060ab71ad7,delivered,2018-08-08 23:12:35,2018-08-08 23:25:07,2018-08-09 13:31:00,2018-08-13 21:27:44,2018-08-22,5595ba3152a598ad5cb09fa2e4304e0f,2018-08-08
423a74bc335eb62b36ac17941c6eb309,a4d6b3356897a55042079b2be9f115d0,delivered,2017-10-25 14:59:58,2017-10-25 15:07:35,2017-10-27 16:10:27,2017-11-03 21:03:35,2017-11-13,894e1477b18aca023952cd634083ca37,2017-10-25
51245e7e9f801001cd072ede8dcacb4a,7f102b6cc60ec4a98b4b2a9a1005422e,delivered,2018-03-02 21:05:47,2018-03-02 21:15:44,2018-03-05 20:13:59,2018-03-18 17:39:26,2018-03-20,f92baf007dbae2988de66d10f165f7f1,2018-03-02
aefb6e25e51048718af6f447c7fdfc47,7dc72a75eac457ae01e085846b836cd6,delivered,2018-06-28 11:50:39,2018-06-30 02:52:23,2018-07-02 20:11:00,2018-07-04 21:43:33,2018-07-18,5d99506789964c5f5514f4c5827c49d9,2018-06-28
5334316e328fbb4a7286479768342ad5,4fed323f3c05ce7d3fb23dbb9f67b397,delivered,2017-08-12 21:16:33,2017-08-12 21:30:17,2017-08-14 20:53:46,2017-08-29 17:33:25,2017-09-05,5fcd614607739af38fa67f34541d9582,2017-08-12
14f70953c10e4a130a66e0fb1f039c67,fb694f1a733efde390f6d93e122b702f,delivered,2018-06-07 15:59:08,2018-06-07 16:21:13,2018-06-08 13:06:00,2018-06-15 16:46:49,2018-07-04,56cc3b271716ef0cbfe021bee7a6ddca,2018-06-07
0f9807b737e645eaa107418a88f30fd6,7730643d49afd7440aba90e12dcd64b7,delivered,2018-08-07 15:17:28,2018-08-08 04:45:03,2018-08-08 13:47:00,2018-08-13 22:20:50,2018-08-27,c7b4b999ba20cfe88341578346c04442,2018-08-07
1f59870d6111d909e3c3f511d4d6dfe2,de0fe2d8e55644484ecf77b35622bf8b,delivered,2018-08-19 06:05:56,2018-08-20 11:09:54,2018-08-21 11:38:00,2018-08-22 17:18:46,2018-08-31,6bf245ddc29953483253de1f6fd2b538,2018-08-19
84a8ab2b1def6828368f56b359215428,cd8b90a9db8517657462470dab90fde6,delivered,2017-07-27 13:16:59,2017-07-27 13:30:45,2017-07-27 22:46:33,2017-08-04 19:47:50,2017-08-22,42c3440d6152a082d122b21ae37fcbee,2017-07-27
4b936f52e9d0886cbe8ab2c15fa0a71f,ab8c266dae1e5c8476510ef4dbe61890,delivered,2017-09-24 10:58:33,2017-09-24 11:10:12,2017-09-26 12:23:08,2017-10-03 11:28:58,2017-10-19,05b3574712df1ac8343c7f3a6ebc6e2a,2017-09-24
c9739bdab1e1bc3c6b4260640d1d3e51,2c12a13d18db0cc2fb77e1d88d0f0abe,delivered,2017-11-09 20:51:32,2017-11-09 21:10:21,2017-11-10 19:02:20,2017-12-04 18:12:38,2017-12-12,b0fbeb7fe179795238a262fd9f60e78e,2017-11-09
76a08caeac523a0cc04a06f35b8e9c5c,b13e1cfb791357c9519b5bdf6077e922,delivered,2017-11-24 18:16:53,2017-11-25 06:15:58,2017-11-28 18:04:35,2017-12-12 22:28:53,2017-12-20,fc6c2db1e5fc8d4e826df52031c08dc6,2017-11-24
98c960af25c3341860e320f6780f28ce,36e22ecc218919a886c6dcf9aa14c7f5,delivered,2018-03-16 12:07:30,2018-03-20 03:15:46,2018-03-21 19:12:02,2018-03-29 23:32:45,2018-04-13,ffbc87f67c513f71b9ffa68e72a2376e,2018-03-16
ee987bbabed0cc87dc5354eb2b661740,9d708fd1bd16da6d21996210605031a2,canceled,2018-07-30 11:19:52,2018-07-30 11:44:37,,,2018-08-15,b91c400abb5a94fabc5161b214964eca,2018-07-30
87d3fcab78e748d404ae59a9e90e7834,7c0f72144805b7fb9c1e32d1f560a761,delivered,2018-02-09 15:04:23,2018-02-10 02:36:12,2018-02-14 18:35:47,2018-02-27 14:38:10,2018-03-06,aa24ca14216f7cf7d2b319932297a0e1,2018-02-09
98f86e6d578f84d5ffba7a2f6c1307e7,66348d70bd9013b152a4ad700f40cf95,delivered,2017-11-29 16:08:07,2017-11-29 17:30:54,2017-12-01 16:28:38,2017-12-28 15:42:42,2017-12-22,950d9919f110951849c5840e19ba7379,2017-11-29
f6fe947e6bd054c9c699118125583613,3ce4ec1b13c4dd6145cce3a9ee090637,delivered,2017-04-21 13:34:28,2017-04-21 14:02:01,2017-04-27 05:10:09,2017-05-05 12:06:53,2017-05-25,5abefd60411a987e1fc6ce77d4949f7a,2017-04-21
473579cef3b75f7764b1b4e7cf650218,053a19d1f63c7f7ec53871bb28435d2f,delivered,2018-07-18 16:35:40,2018-07-18 16:50:10,2018-07-19 12:24:00,2018-07-23 22:36:44,2018-08-02,e11d15a422c18691e89c830fe9cfbca8,2018-07-18
2574da49ef376d653823449846a42733,2d0119f39e113e04b09401c98db810e7,delivered,2017-02-07 07:51:14,2017-02-07 08:22:55,2017-02-08 10:46:38,2017-02-14 11:17:36,2017-03-06,e8e8356f1f17713b3ca1379cb007767b,2017-02-07
38c61d1bbf5143a8c347ebaa490e234b,752e6b5b69b420a430beecc48889a67d,delivered,2018-01-09 20:46:48,2018-01-10 10:32:10,2018-01-10 18:13:32,2018-01-15 18:57:56,2018-02-01,c63be5026fe913c4ab8f75cb3ba887ed,2018-01-09
0eeae75286b79b40f203057933fbb70b,6141c2f0b2588d5a833cb947ca6c1a9b,delivered,2018-05-05 14:42:25,2018-05-06 14:35:09,2018-05-10 13:37:00,2018-05-24 15:23:49,2018-06-01,c11f76d3806da64a4c64ea47627444e2,2018-05-05
911a1415223d88db2cb3009539457465,3fa3c3db2ed313c710d56a86f4d71f85,delivered,2017-11-19 17:41:21,2017-11-19 17:55:23,2017-11-21 23:52:51,2017-11-22 23:44:42,2017-12-05,966e108168ffea9f05c036fdd0578702,2017-11-19
b1f9095a10dfd9fcf032d74f71348e44,d77d7abd6f6e486d1a63c1465e1fe1d3,delivered,2018-05-16 15:46:36,2018-05-17 03:16:15,2018-05-21 11:52:00,2018-06-07 23:18:44,2018-06-05,b72bf2dd6bcf4912b47b50ee65bdaa0c,2018-05-16
7a37faa848114c1dfbe6b90f15af98fa,e8271feaec86ae7151bb633442e366fc,delivered,2017-05-24 08:58:16,2017-05-24 09:10:10,2017-05-24 11:45:56,2017-05-26 12:35:49,2017-06-16,6eac3eae073adc25355cc57f815cd53c,2017-05-24
7cc93b2925f1d8b88fbcd410b02bc5b5,b10420d1fe67d729669d0f2562333884,delivered,2018-05-17 15:47:41,2018-05-18 02:36:22,2018-05-18 10:48:00,2018-05-21 17:48:42,2018-06-01,82a13035f3bed08d1d07c175af1a2c3e,2018-05-17
5df16667b4591b93ff7b1930d8b7da36,95fd46b89a4174004b2407d01069a6d7,delivered,2017-06-17 14:44:38,2017-06-18 07:42:33,2017-06-23 11:15:49,2017-07-08 12:21:54,2017-07-19,dff712b02bbaed94147ee35e29296897,2017-06-17
21b1c98d8e52fa31d859540e69e84c29,a4e8a2dd3c6c4a7724cdfb31be321f63,delivered,2017-04-11 19:27:44,2017-04-11 19:35:12,2017-04-15 07:23:55,2017-05-02 13:41:23,2017-05-18,5ba08aba75969990241141244db54efc,2017-04-11
dfa6911d9e73fc699350f724c6af35bf,53e7c6b8641b7df1340abde0322d1fca,delivered,2017-07-06 12:29:18,2017-07-06 12:43:48,2017-07-07 15:11:24,2017-07-12 19:49:21,2017-07-28,bc9d16f7f8377481a12db375ab85c676,2017-07-06
ae3ecd7aadd6785fc80415c76a3ee139,2e3053ee55d4b333b97718d232cef54b,delivered,2018-06-11 11:45:07,2018-06-12 07:57:47,2018-06-12 08:16:00,2018-06-27 17:10:33,2018-07-05,a243dc5186ee281a4994995fcc7f06c5,2018-06-11
e007ef2d77cc1e7082050959c1cdce54,8b47e5ba29a9cd9947ee6be2f025ed66,delivered,2018-02-08 22:33:03,2018-02-09 22:08:28,2018-02-15 02:12:53,2018-02-28 00:18:06,2018-03-08,9bbfdf9f7f65b58481e1ed110a2eed46,2018-02-08
2f7c0d4ae58c91fc32165eed84560e35,5e9f8d5f6b5e2791fc6752afd2af321b,delivered,2018-03-19 21:31:48,2018-03-19 21:48:35,2018-03-20 18:58:26,2018-04-05 17:33:44,2018-04-05,9cd697863bd00d8718be44a8a83fe17d,2018-03-19
31ff2ab0bf20340ff13605c65e38387f,fabb60c6365514576783dd1a8a6b8ad2,delivered,2017-10-26 16:03:07,2017-10-27 16:31:25,2017-10-30 22:19:56,2017-11-14 16:59:08,2017-11-24,5e80a55b5e4556cc4f802aaa5a2e8789,2017-10-26
20b4e5f6a0d8d1244c3c387e0f645ca3,deede660a4890aee5b1f480c6c39f120,delivered,2017-09-10 15:49:26,2017-09-10 16:03:21,2017-09-11 21:12:33,2017-09-12 18:03:20,2017-09-21,307f47fa56b788fa7c4e30ea36c1ae46,2017-09-10
f61d0a25c102875f482d4ead106e18b1,56cabab28ceaf3ebe6980ce08fe843ba,delivered,2018-04-29 22:23:32,2018-04-29 22:35:10,2018-04-30 16:00:00,2018-05-07 19:35:42,2018-05-17,8a6f1d06599f1b41b7a45098151155b7,2018-04-29
f2314bb87d6f10a76f4a5d73c19487e3,f4cb708921a954a130649e97f6c8b4fe,delivered,2018-07-25 16:53:06,2018-07-25 17:05:13,2018-07-30 10:02:00,2018-08-14 14:06:45,2018-08-20,bb804ab3b59099c10245f17159faf55e,2018-07-25
08933455a78346ec6d1d170ddd9bdb3c,1881349fe48083643661d9ab47a2515e,delivered,2017-07-13 14:43:09,2017-07-14 02:24:30,2017-07-14 19:14:15,2017-07-17 18:09:01,2017-07-26,3725fd91186d2373de68908692e09f11,2017-07-13
14be0a96bf13d58196fd144c4b086fe4,02221ce26353d5226d768b03c5425cab,delivered,2018-02-28 13:42:08,2018-03-02 02:09:58,2018-03-02 21:34:13,2018-03-14 16:02:08,2018-03-26,219e4c4635caabe8eed51f35cd8998b9,2018-02-28
426ad73f31e7c52e6eb4b173459340c2,a978f04f78a5f1835cf5e5df77e213f7,delivered,2017-03-08 18:56:22,2017-03-08 18:56:22,2017-03-14 08:01:54,2017-03-16 08:34:13,2017-03-27,ed4018911d6ae83a992a90a0f1ce22c6,2017-03-08
f85b51024ff548e07b08c7cedcd1a0e1,8887127d25decf98f283201720dacdca,delivered,2017-03-24 14:42:24,2017-03-25 14:42:43,2017-03-28 14:27:18,2017-03-30 12:03:20,2017-04-12,75c28e41523479f2659a41dbe403f2cf,2017-03-24
7a4196135faaed1efda2e10abec94f89,1907fa7c904f93b6c442584bc4dcb367,delivered,2017-11-24 10:14:07,2017-11-24 11:32:29,2017-11-28 21:43:56,2017-12-13 16:26:57,2017-12-14,b67370f43516575b9e85588aeac8d6e9,2017-11-24
5d2c4c38fbd5a94f21fc1f9c2bad2696,3c8f17b0e8d76f1b20bfe61915bd53ed,delivered,2018-03-26 12:14:03,2018-03-26 12:30:40,2018-03-27 12:10:47,2018-03-29 23:32:27,2018-04-06,99766e1d4a9ad6aef62eec087be1a2f8,2018-03-26
6e70c44e566a92cd1ef6b7bc8631fece,e22f6f7375ce901862749066baa3b410,delivered,2018-07-31 11:14:33,2018-07-31 11:44:30,2018-08-01 15:09:00,2018-08-09 19:18:24,2018-08-17,6f657798db8faf0781e345923ff13175,2018-07-31
9e47bdda0d32604c18e587c151278314,d3354d1f295e9ecf63bbfce94dec214f,delivered,2018-07-21 21:41:25,2018-07-21 22:25:11,2018-07-23 14:22:00,2018-07-26 17:51:05,2018-08-08,25314849bf706df0e00da89ccff9bdc3,2018-07-21
09bfe605baffbe939fb10d3e8936346e,2f04d3db6495e1a45b6d8473469522a7,delivered,2018-02-22 18:34:11,2018-02-24 02:55:44,2018-02-27 23:53:21,2018-03-15 00:16:23,2018-03-19,d4720687c47a65b47afddb6086b1d100,2018-02-22
83b8d224a811027e71f40747004831bd,93ffe3ed1345ac913a6e4a313ed51e30,delivered,2018-06-26 10:35:57,2018-06-26 10:58:13,2018-06-27 08:35:00,2018-06-29 20:41:49,2018-07-13,f59892bab88c7814a96de7f4f7222232,2018-06-26
2caa92df77593ebdf24a65d26e9001e2,f2824bf9bc3ff1facfe05820f06fa436,delivered,2018-02-14 09:43:06,2018-02-15 04:11:16,2018-02-21 20:54:36,2018-03-05 15:08:44,2018-03-12,0055bbb9c95f6acb8db89d1f6c316407,2018-02-14
03672cdb5f2c133e401946a14a7dff3b,1d03153fa9957f06d124c663a388e49b,delivered,2018-04-04 10:25:57,2018-04-04 10:35:20,2018-04-09 23:32:41,2018-04-11 17:18:39,2018-04-19,234622c5e62e91a42a8ed2868e12e84b,2018-04-04
903059e61d9226af06bdc3822f06d9d6,ba16ea904570bdcedd69e31ee535f417,delivered,2017-09-03 19:16:38,2017-09-03 19:30:13,2017-09-04 23:43:14,2017-09-12 19:22:54,2017-09-25,f0e8858c2d5518f433ca154494321200,2017-09-03
efba1a196f39b8f3451fa4a5804928e0,e808c788e5fa15411cddba5d33f753eb,delivered,2018-06-06 15:35:22,2018-06-07 13:38:40,2018-06-14 14:58:00,2018-06-21 13:53:47,2018-07-18,3809fff4c1eb1bf45e452359832d62f3,2018-06-06
77ff15a95ac5dbc2c62ece6326365ad4,41643f16cc59d43e301c29258c3ea7eb,delivered,2017-10-04 01:16:49,2017-10-04 01:33:47,2017-10-04 18:51:19,2017-10-11 15:35:35,2017-10-31,f78fce8ebeb162d7a0586d60958983ec,2017-10-04
a9d38693624248a1c9857cdbbb58d709,5e1c0ff5fa54de8e128dc1e4c28313c7,delivered,2017-05-20 13:53:46,2017-05-20 14:05:33,2017-05-23 08:37:42,2017-05-26 12:53:32,2017-06-12,3d9f4f569e127314216de45504ee4712,2017-05-20
c88cb7c54b20df1c37d529408b255d41,932c1329264551a401b62819ec8c6d02,delivered,2018-01-20 22:16:13,2018-01-20 22:41:14,2018-01-22 20:21:29,2018-01-24 14:37:56,2018-02-06,015d45ef9d6462cf0d5f062c54f26941,2018-01-20
1e7dc341cacce4df52beba1a9b951a91,c5d402123398a97a7157e382b69a29c1,delivered,2017-12-26 18:08:38,2017-12-27 04:12:09,2017-12-27 20:56:36,2018-01-08 21:33:23,2018-01-19,46f3f8441baaaa9923a253b6dd0df2e4,2017-12-26
5834f9328e03de05af52d90c525b9606,46c54cc1063c79f28e48752e8675aaf5,delivered,2017-10-15 20:22:19,2017-10-15 20:35:13,2017-10-17 17:14:06,2017-10-25 19:21:57,2017-11-08,f7a385f9201b1e451831aa28cfca0f2c,2017-10-15
f0a35c83ab3251347b674f0f3e0d01f1,514a9247d9012eb7ca73e4ecd5872bac,delivered,2017-08-15 11:32:47,2017-08-15 11:55:21,2017-08-16 17:37:00,2017-08-28 19:52:40,2017-09-06,140f015ecccb4820c7bddd18772bdfd1,2017-08-15
86f92f9e6f7eecaf30f643b1c6c3be84,1a8ac03511051d7e9c5491b970972897,delivered,2017-10-30 13:17:30,2017-10-31 12:47:50,2017-11-01 15:47:44,2017-11-03 23:43:44,2017-11-10,09bef2bc8648a1dedf9172fa46b0ed81,2017-10-30
dbed639a12dc60f5e3c08f284bb686cf,dc089ac4d52417edf019ca014370fe7e,delivered,2018-02-14 00:14:20,2018-02-14 21:35:33,2018-02-15 16:27:40,2018-02-23 15:06:33,2018-03-09,fa0e201da1a259268cdecf92224103ae,2018-02-14
7aac44d0de12f13cf2a5f9235a5a9e37,f946014b2c77923f0a5a49360495e1aa,delivered,2017-11-24 06:55:18,2017-11-24 07:12:46,2017-11-24 21:17:02,2017-11-28 00:55:34,2017-12-13,dc3d69f62f221224e7b1546ee0c91591,2017-11-24
ccc8a619ee734c0cb3d63bb11c76e242,b7f33df2257f0341d8bdf7274e20ac95,delivered,2018-05-05 23:17:00,2018-05-05 23:33:21,2018-05-07 11:45:00,2018-05-12 15:16:41,2018-05-30,7f021f43975ac58ae5882bcac236609a,2018-05-05
c0bae1d039f9f7459a21f5276b1127f4,618b2055e08e0d895e30f4483d48288b,delivered,2017-10-30 13:02:25,2017-10-31 04:27:19,2017-11-01 18:21:56,2017-11-08 19:05:05,2017-11-21,40bec32bbc30b2444d870f9fcb260f16,2017-10-30
d20776b7190e9d5d49a3703226c4fd24,ad86ee88e13f543b00f6766c14b09496,delivered,2017-08-11 17:01:45,2017-08-11 17:15:18,2017-08-15 10:05:45,2017-08-24 18:13:03,2017-09-06,4afb87582a140485f980b0bc0efee780,2017-08-11
aaa2176c2eedbba6fb84a3d63e01f433,a3c04788d340d72fb7aa4a9f4f30453a,delivered,2018-08-04 19:20:37,2018-08-04 19:35:18,2018-08-06 14:10:00,2018-08-09 19:14:33,2018-08-15,a07fcff691e2ea8553a134a00737c18c,2018-08-04
1e7666fef7090957578fd3a4b58cf9ba,6b699449bde9b5ed80852b326ee283e1,delivered,2017-11-24 10:32:08,2017-11-24 11:52:59,2017-11-27 18:22:18,2017-11-29 18:02:31,2017-12-08,98d781c11b470c365121524c5a29c3f8,2017-11-24
cb803ef9c0e2f97215fed6bd31bdbd48,7938436cf9920e888ee599ba8d187e3d,delivered,2017-10-25 11:18:06,2017-10-27 09:55:09,2017-10-27 19:44:50,2017-11-01 17:44:35,2017-11-07,bec165a32e76adbb2f17989bede23b17,2017-10-25
7e677096bfabeb8053d8383cfd3e2b14,ce24596c0ebb4ed78b513eabf4b92075,delivered,2017-11-24 09:23:56,2017-11-26 09:18:20,2017-11-30 21:26:55,2017-12-08 20:21:16,2017-12-18,59237f35f735956826a829ea40afe14c,2017-11-24
b365901bc2db4d091bb644506af64afe,e486763e526dc24abee95cc496d9856b,delivered,2017-05-02 18:55:50,2017-05-03 11:43:06,2017-05-05 09:17:15,2017-05-15 08:47:35,2017-05-25,31d47c84875a0ac84835c7162a0146e4,2017-05-02
56d77c57f5ca7c1b0142b3c86d5e1270,b9349237d6d4254acb5717de7cd2f88e,delivered,2018-04-30 11:07:13,2018-05-03 04:15:16,2018-05-03 13:25:00,2018-05-07 18:22:24,2018-05-23,badf72a6d8588db276661e86c51e1ba3,2018-04-30
292d3c40e87d260ea28e83b76b5e352c,c8ace93dcc058d6488bc06dcc239421e,delivered,2018-05-17 10:06:16,2018-05-19 11:31:31,2018-05-17 13:47:00,2018-06-01 13:38:53,2018-06-04,bea41d6a3d56041efef1a3427ac3e94f,2018-05-17
ad1a49519124023cdc78cbbc0461de96,b0d3e675ce152152cecdfff5d160ff01,delivered,2017-03-22 11:59:58,2017-03-23 13:03:40,2017-03-24 16:16:56,2017-04-06 10:08:57,2017-04-20,282bb98f56905453d8489b2d233869b1,2017-03-22
1f9dc0f030a8df0f8a9d47545d7515a3,0faf52fb32003ad8ca5853afe236ac71,delivered,2017-12-16 21:29:20,2017-12-16 21:38:20,2017-12-19 20:57:57,2017-12-28 20:39:22,2018-01-11,e77723abebdc6d6b95814047f75c2aab,2017-12-16
7a02e7df1d0d04bdc231db72612d3b7d,907fcbad2850a96e6977ba9919b1e9bf,delivered,2018-06-02 14:07:35,2018-06-02 14:29:35,2018-06-04 14:18:00,2018-06-22 17:32:41,2018-07-18,9d52717b5fe37e465b6ed8b12795e903,2018-06-02
d43470a53ea038b249664f2b6b7e48d1,1da26cb23f428136c4e46eba7ed28dff,delivered,2017-03-07 21:16:46,2017-03-07 21:25:16,2017-03-08 15:03:20,2017-03-18 09:13:46,2017-03-30,c29eb9b178f585c8ee87c59f1614411c,2017-03-07
995daf9c525344acfdbc27f4da55f205,9d802974e9903d8f288f6a7c10b4cc59,delivered,2017-12-15 00:59:42,2017-12-15 01:10:31,2017-12-15 19:32:24,2018-01-06 00:26:42,2018-01-17,0d54cf0e84332401cb2d14f9822eaec9,2017-12-15
f1be668faf7b301d7b9269d0dcacda99,2d0a0a0cf5486b4ba0c20331304305e6,delivered,2018-03-06 18:38:23,2018-03-06 18:50:24,2018-03-08 12:58:23,2018-04-18 18:48:29,2018-03-27,271b658b36e1a35a76700798c7b88c9f,2018-03-06
4dd47e84e6b8ff4a63d0b8425e6d788e,96bbcbc8372c86da857d842dfda6bd72,unavailable,2016-10-06 23:49:18,2016-10-07 01:09:08,,,2016-11-24,e347a8d0bfec0255258cc913ed28d3a9,2016-10-06
f0304273901f4456f399fb058ae59c91,e117d517142ea33086258bd9a64584b1,delivered,2018-03-22 15:15:26,2018-03-23 15:15:19,2018-03-26 22:14:45,2018-03-28 17:20:39,2018-04-04,30ed3716cda7690550119ca4554d2664,2018-03-22
eb5ec5c3f7af64b7651a774a219a899c,47bc1dafb34cc8e3fad7b6c760d9a35b,delivered,2017-03-29 10:26:12,2017-03-30 10:45:12,2017-04-03 14:21:52,2017-04-10 06:57:52,2017-05-03,d581465159d4454994f5767dab45ac01,2017-03-29
48d94e7406a8d5cbf7505590d86ff0ea,fef694d6112e17a6f7516f6c9852a15c,delivered,2018-03-22 11:30:05,2018-03-24 02:10:52,2018-03-27 04:18:51,2018-03-29 15:53:09,2018-04-04,5c96017028584678dd28c139566b87c0,2018-03-22
6f634fcca0b64bdf097263da788326b5,50c402f660264706e3fd269d7607d730,delivered,2017-10-18 23:55:51,2017-10-19 00:14:21,2017-10-25 13:49:04,2017-10-31 18:42:38,2017-11-30,f9b95837b9ccba38c72f15323b24f3c5,2017-10-18
ce702ac732df2f01cb1dd548866ae56e,776c9eaa90ce902fedd2ff4aed3a4d40,delivered,2018-03-11 15:24:27,2018-03-11 15:35:40,2018-03-12 15:10:50,2018-03-19 16:44:52,2018-04-03,dfdb5c973dfd5f686341555580a01032,2018-03-11
14819d9c6768f38817898f5c7ad3a8c1,06f355d031f6deeb98b30dfd39179442,delivered,2017-11-16 19:07:33,2017-11-17 03:50:42,2017-11-20 20:58:30,2017-11-29 18:17:21,2017-12-15,5015caa21691d148f370c1574b17d32d,2017-11-16
0ac7165ffdfae2004f48cf07156a3644,323660fcecc58704a6fac8faabbdd56b,delivered,2018-03-31 09:54:42,2018-03-31 10:10:18,2018-04-03 00:38:34,2018-04-27 19:30:49,2018-04-27,40b721613372855639b96444338026bb,2018-03-31
834545a0dc30bbf519e4d9c697eca0a1,b12a07131fc3b2e84833273255ed7f98,delivered,2018-07-04 18:50:37,2018-07-05 16:23:33,2018-07-05 09:36:00,2018-07-10 20:42:26,2018-07-26,7ac70e85ee5c115fca1147ee0f59616e,2018-07-04
8a8d6849ca8e15a0ef3c1daad1e76056,4cf7ca82e6a8dce7f133a986b20e82e0,delivered,2017-08-20 18:59:30,2017-08-22 04:05:22,2017-08-25 18:25:50,2017-08-28 20:32:43,2017-09-20,986b90e1142e5a6ddd0c5864e9b3d79a,2017-08-20
e9afde34823f289edc4598cfc1280a46,90b53c4322089e4d917669f55cd544f2,delivered,2017-10-18 23:23:35,2017-10-19 00:35:26,2017-10-19 23:05:06,2017-10-24 18:03:46,2017-11-07,d7794198aca3d64fd59f976c8830c942,2017-10-18
44a4b28fae9dd152c7102f54dcd723b9,041e732946d597aa439b595a2def33f3,delivered,2018-05-29 14:36:50,2018-05-29 14:52:27,2018-05-30 13:46:00,2018-06-15 18:12:58,2018-08-06,5648b6872b227b3665ac1172f7eeb205,2018-05-29
2728c4c5805dc2b5f0d4aee36cfde5d1,fdc4b22c400f63c1ba8700d1b5a28422,delivered,2017-05-31 11:08:38,2017-06-02 04:32:40,2017-06-09 10:04:13,2017-06-19 18:16:09,2017-06-21,f522f9e88da7ece239e6ef4703f7a09e,2017-05-31
f0dd977ce2e419e687ed90ee8439b163,d2d34922fed7b3a54130c786b7cb0ecd,delivered,2017-11-25 00:18:58,2017-11-28 03:21:09,2017-11-29 11:46:48,2017-11-30 15:53:13,2017-12-11,c773f46401bda329a4395706a2d2087e,2017-11-25
66a112120b10c8ab5fa2e0b42f1c19d6,010714eb89c36dd92fee08385cc1dd6b,delivered,2018-07-19 11:52:13,2018-07-19 12:03:00,2018-07-20 09:25:00,2018-07-26 18:17:46,2018-08-09,f96903a2c83e6f2cf099643977f61ed2,2018-07-19
a60d615fe2a3b8581bc633e0cb72bdc6,44bba1946549ecb0db3c04da76335842,delivered,2018-05-29 06:20:58,2018-05-29 06:35:14,2018-05-29 14:38:00,2018-06-19 21:04:39,2018-07-05,524173b5f14973a97a856c2f8bf755ad,2018-05-29
f5370142612f3aa9c1a437ba6eb45b97,6ef60f4d41c7d80a8bb7b0a986033508,delivered,2018-02-06 21:10:07,2018-02-06 21:29:43,2018-02-07 18:59:00,2018-02-19 14:23:07,2018-03-13,b9ab7ada653baddc579d8c8bbd8b8e1c,2018-02-06
c8f14c24a3948d96d4022f50b14a0034,f449680b54a3012d3a608866fcab9fc4,delivered,2018-04-06 11:47:35,2018-04-06 12:08:59,2018-04-07 17:03:22,2018-04-19 17:03:57,2018-05-08,89f3536023b05cd922e063b99eddef50,2018-04-06
2c6cd2338f9bbc7b19f8177e89e633fa,8ad90dfef2848906ab9e9f32cc6a7f3e,delivered,2018-02-22 17:23:36,2018-02-22 17:30:46,2018-02-23 22:42:47,2018-02-26 19:47:20,2018-03-08,d5987794c00a42cb575f6479508295c0,2018-02-22
010efe60bdadc9261d1902f3c1dda5f3,ac950cebc3bfe72c92a3768b6e8d3856,delivered,2018-06-07 16:46:09,2018-06-07 17:00:52,2018-06-08 17:32:00,2018-06-15 20:38:39,2018-07-17,ef6f8fd740ae1fe88a80a321306bac50,2018-06-07
c8310ae899dc9ca256b06db4c50d814c,6349bac6983ada14372447933f33f8d4,delivered,2018-04-18 18:48:21,2018-04-18 19:12:26,2018-04-23 18:48:53,2018-05-02 19:33:41,2018-05-21,ffc7d48d48327cf57757436b3f4706b0,2018-04-18
2418eec7948d10d05ec9a51308920227,06731a4123e5f778f31f5f4f027bdf38,delivered,2018-07-29 06:13:03,2018-07-31 03:44:42,2018-07-31 13:06:00,2018-08-10 23:08:40,2018-08-20,f67d554917153d83d441ec2cadcc66ab,2018-07-29
38049f7cb174ee5bf87607cb18f68f7c,0f8cf6e537f66903d4e25155cd966fc4,delivered,2018-05-31 11:04:10,2018-05-31 11:35:00,2018-06-01 13:19:00,2018-06-12 21:51:26,2018-07-05,84016b8a95d082712479b5009f0a6bd0,2018-05-31
4da788e62b434b077a87840fe701ddc1,e54e3844cf0843ef99fc1d126b3cfbaa,delivered,2017-09-09 11:36:29,2017-09-09 11:50:13,2017-09-12 12:22:47,2017-09-18 22:16:56,2017-10-03,9acaddc78d49c0fa674d3b761b86d8ed,2017-09-09
60aec6169cd58ab43ca809bcb169082a,690f9f1b864ed6712a50a3d444c224a0,delivered,2018-07-06 16:57:08,2018-07-06 17:41:01,2018-07-09 12:26:00,2018-07-13 20:48:31,2018-08-01,0839b9b0df573d1b402fe8906659303a,2018-07-06
2b5781efb507c8378a255ae14c8661fd,c72587dc6e065173c3996a7dd71a1bb7,delivered,2018-03-26 22:56:14,2018-03-27 22:55:12,2018-03-28 21:12:48,2018-04-02 22:33:00,2018-04-13,75bcb59247dabf8b37a64b22dee219ca,2018-03-26
8a20162c1b120bf3cb5ebc263197504b,f8159d7bc74badfc1eb4b44b54b99685,delivered,2018-05-01 10:44:52,2018-05-01 11:17:12,2018-05-03 14:19:00,2018-05-10 14:16:40,2018-05-23,2c170253200e3840e9b6720368b0e856,2018-05-01
66d494f1ba392f6f1538dd344dc22a3e,375b5ab5edbb2f6dd15ebf6a19a32f55,delivered,2018-07-22 21:51:24,2018-07-23 12:31:57,2018-07-23 14:16:00,2018-07-24 21:28:43,2018-08-01,be295af7dc9d951b6d3f091379aec2f0,2018-07-22
b1d88d1e4179448cac98b8d433e23316,65d08e2bfce2c91a832885c4995025de,delivered,2016-10-06 15:14:09,2016-10-07 03:14:14,2016-10-26 11:51:17,2016-10-27 12:27:36,2016-12-02,644f6a10e96a8d7888d94d2062d485b5,2016-10-06
49bcc1ace70cb046d87e21636d05f090,6c2c33cdb59d110257017b087f67a883,delivered,2017-11-17 10:21:48,2017-11-18 10:27:25,2017-11-21 20:05:14,2017-11-28 00:12:52,2017-12-07,167a476da72506840e14c50546aebe62,2017-11-17
12bde787c7633ad4340885ee9f97e373,106bb5c55fd1ac8a056aad6c583ff3c0,delivered,2017-06-18 23:19:13,2017-06-18 23:30:13,2017-06-19 21:35:30,2017-06-27 13:39:53,2017-07-07,931edcd9ef8f3f345c234265a41451e0,2017-06-18
fb0a2d22a8eaaf038ae2f81e2174c16b,84f5d3a24b209b85ef5b5b91d0830892,delivered,2017-04-27 19:11:28,2017-05-02 23:32:15,2017-05-04 06:55:16,2017-05-16 10:26:01,2017-06-02,e374f0ed9ec35b9af339460a75c4d096,2017-04-27
cf3089965e7fe7e02e86563c98a01ff4,4a505688cbfaf6d868261d49b7dde27d,delivered,2017-02-07 00:31:15,2017-02-07 01:05:44,2017-02-08 08:37:38,2017-02-13 11:41:49,2017-03-02,2ee0585a1b346d39d7fc5e6ae565a858,2017-02-07
11d963f9aaaf7e748ae831e7ad75775b,fd925126e9d64daa5c4fe1b71eef2301,delivered,2018-04-13 10:39:29,2018-04-17 05:55:36,2018-04-24 23:32:17,2018-04-25 15:42:03,2018-04-26,98a5ca685bd541f8a055cc942be6e3ed,2018-04-13
a82a9910091bbd74264907d2371969e4,1d94030c35618145495d21fff4a63093,delivered,2017-08-13 10:13:56,2017-08-13 10:25:12,2017-08-16 13:22:23,2017-08-28 19:24:30,2017-09-15,d46f3055abe40c65c5d48e2944a68bac,2017-08-13
f9c269acc160c9147022a141b439c35d,fab59400cf030d7128249541b171bede,delivered,2017-11-13 08:53:34,2017-11-13 09:06:35,2017-11-16 22:34:43,2017-12-01 17:27:40,2017-12-01,4df9aee56fa602c72756abb22ee60b17,2017-11-13
fa42976ec498a7a192277e10b1706a5f,2ac74984a4df56e59f8b0a0703c856bd,delivered,2017-03-18 10:53:14,2017-03-18 10:53:14,2017-03-23 05:12:17,2017-04-06 13:53:11,2017-04-12,ea0291d9b2223d0dc3f8d5b48ae2574f,2017-03-18
3153bab115709bfda1319a48a1690344,f6f0fc549a0af9b20798a1b8869f81de,delivered,2017-11-23 23:54:53,2017-11-24 00:50:51,2017-11-24 20:38:50,2017-12-04 17:53:13,2017-12-14,14d92d41f46921d78056de07debe2551,2017-11-23
ed130013de4053d7678825d4d8e7deb1,fcae9bab891c06e469b167898af43631,delivered,2017-11-01 00:43:33,2017-11-01 00:55:21,2017-11-01 18:13:00,2017-11-03 15:53:07,2017-11-13,0d5bb565f5c4f342681cc1bbaf817f5d,2017-11-01
bf27902e7735a428c81f52189dec50e4,c1303e80c0dfcacc9bba320dbb7421d5,unavailable,2017-11-29 17:42:13,2017-11-29 19:16:56,,,2017-12-21,d0b4bdeef13a17452775286df858068a,2017-11-29
3d44f7b0d44056fcb488f7d2fd22e820,9d46b89032f34a48706407829dbb55b5,delivered,2018-01-06 10:44:19,2018-01-06 10:57:22,2018-01-08 16:08:23,2018-01-19 22:23:08,2018-02-07,8dc17b53543ee0ff19970896cfc6c750,2018-01-06
fe1c1fccd493681d4ab9f8f2a70faac1,732d12b3439d0268aa47b42fddb41110,delivered,2018-04-11 21:45:42,2018-04-12 08:32:30,2018-04-12 18:19:17,2018-04-14 17:20:57,2018-04-26,349e37afa4153c7cb53e02e0abaed1cd,2018-04-11
1aefa599718889d91d33240e5b8eb62e,6a42e10379280f1290c9d5cfbe39b3f4,delivered,2018-03-23 11:43:24,2018-03-23 11:55:30,2018-03-24 00:07:49,2018-04-02 22:07:30,2018-04-18,1b2b709251803614a13cab09eaf6ee47,2018-03-23
4b2574ecd0e648e5360a7030c0ace020,6b277a80ea339bf94a36c9fbd7effd80,delivered,2017-03-22 09:11:11,2017-03-24 02:44:21,2017-03-27 12:47:30,2017-03-29 12:27:51,2017-05-15,de8ab4bf184ef7f992a12e9766f67009,2017-03-22
125976e5bb61accc5b6c27bc74f08d49,4af27ef16391994086f52893df7af6ce,delivered,2018-04-17 23:17:15,2018-04-18 23:11:21,2018-04-25 08:14:00,2018-04-28 21:14:27,2018-05-08,b12c350998c29ae72cc90801c4ecbbf7,2018-04-17
d9554774d0c090aecdde8498be40f246,50693b901fe3758bc5bc099d9c25cb08,delivered,2018-05-04 01:12:21,2018-05-04 01:32:03,2018-05-04 13:51:00,2018-05-11 21:20:03,2018-05-29,7a814d358e0e731310bd223e372a37be,2018-05-04
84a1e5108acf2786feaa63a12cdf0c09,6b5f177df1eeee9358cffadc5b8c39c7,delivered,2017-10-25 12:23:46,2017-10-27 03:10:28,2017-10-27 18:51:29,2017-11-07 19:52:03,2017-11-23,fadbf326fadb1ba2ca17a5f91d697dd9,2017-10-25
8b3897d09733e44ebef690b9a5874687,efebca775f599b79db1a0bdbd4a1b052,delivered,2018-01-05 15:16:29,2018-01-05 16:12:26,2018-01-10 21:35:35,2018-02-01 15:52:33,2018-02-16,63e3d5d3f6fb3f781291e3a3e1055658,2018-01-05
777d025bd646af7e0278d6fb3c51a0f3,ed14f907e34a7cbb38e34cbcfbbbd162,delivered,2018-06-17 08:27:35,2018-06-17 08:35:12,2018-06-18 13:42:00,2018-06-19 16:38:35,2018-06-28,4c784e9b5694686ca87374656421b3a0,2018-06-17
f001655c8c646cd1b5185bbc2e7534f3,ce210e14256d0dea4b6b487c2ed032d0,delivered,2016-10-04 23:45:54,2016-10-07 16:37:42,2016-10-21 16:25:22,2016-10-24 16:25:22,2016-11-28,594fdb8a3914a91415413b3a467fa862,2016-10-04
ee567d609ba6619c4d47735b2d4a5c1e,acac59dabcd67c2ee8e805864fe3e352,delivered,2018-03-11 23:15:51,2018-03-11 23:28:41,2018-03-12 17:58:36,2018-03-23 01:15:48,2018-04-09,3e3615916f35d5b04293c38cb9b54954,2018-03-11
37c4b7482cfdefce314280ba93d718db,a66bf567f44cbe933a27026b623c7fff,delivered,2017-10-14 09:11:45,2017-10-14 09:27:19,2017-10-19 18:47:01,2017-10-20 18:47:46,2017-10-30,3f1e53017105a8cdbf04cbbc874687f4,2017-10-14
fb6fd490ceb962cb59053987c9401e81,7435cb35064fcb752f79c20725c1dec9,delivered,2018-05-10 21:33:51,2018-05-10 21:51:15,2018-05-12 08:02:00,2018-05-25 19:51:10,2018-05-29,f344d57e4ce15f4bf68811f95e84c5f3,2018-05-10
f7096fe5a9e5f6419f1db02fbb378513,abc8fcb5f9ea7fe84e37cdeb8a7d7960,delivered,2017-02-17 10:48:38,2017-02-17 11:03:30,2017-02-21 13:07:17,2017-02-22 09:54:41,2017-03-16,0802a1a217680f13264a70ddb7220823,2017-02-17
c52e36e2085e582629bbed918fd61c36,3ddb606fa3401cc833074f9b772a8bae,delivered,2018-03-01 09:56:31,2018-03-02 02:10:13,2018-03-03 00:21:26,2018-03-11 18:48:38,2018-03-20,4f37a787ca87fb6a19f73decf509464d,2018-03-01
ed5ca6f65d3f6aef9523179820d7e294,2e4c173d35537383c79b271ff5144a8d,delivered,2017-10-30 18:36:54,2017-10-30 21:31:36,2017-11-14 15:53:45,2017-12-09 19:04:59,2017-11-21,d27b2a83fb4260b0dd1446ea231cc075,2017-10-30
502d64f8c5d21236249b9696338751f9,508725a208e122d97b52dfeabf0a0d06,delivered,2017-03-21 16:07:36,2017-03-21 16:07:36,2017-03-22 13:04:27,2017-03-28 13:56:09,2017-04-17,9fd545500748e0f16bc28eae895d246e,2017-03-21
1ce43b051dce1e2139a29c0b64b5df53,ccdcad079f5bfbf08e7b419abac8aca0,delivered,2018-06-30 22:15:53,2018-06-30 22:30:06,2018-07-03 13:49:00,2018-07-11 17:56:25,2018-07-31,608d40509b92177375eec1c0d3e89cb9,2018-06-30
4b0a33a52d3bdc952ebd0a2c5df9775b,b80eb4b2239dd384e43dbc22ab6b3446,delivered,2017-03-28 09:09:37,2017-03-29 02:10:56,2017-03-29 09:47:52,2017-03-31 12:31:44,2017-04-28,2ba5c871cccf8e10df91f77d1dc58006,2017-03-28
9db3045b1374d5f2d301c412081ab1ee,5fab7785cdfea700ae1362b2c9c3d697,delivered,2018-03-16 23:42:40,2018-03-17 00:49:26,2018-03-19 19:12:05,2018-03-20 19:57:44,2018-03-28,04581f947792463bf688e535c42e9d64,2018-03-16
fcc13f1fc01aacaf59da3b5bbc2e1b9e,1286872c3c0be0909184f3a1056a7471,delivered,2018-05-10 12:11:39,2018-05-10 12:31:45,2018-05-11 15:03:00,2018-05-16 16:12:09,2018-06-06,16bc2322bea13ae832031605ee72b8cd,2018-05-10
115cf7c242febcbed832ad6d631db40e,aa7aba441952b013edbf055028d6e7dd,delivered,2017-05-11 00:08:39,2017-05-12 02:45:08,2017-05-15 12:08:27,2017-05-16 09:47:48,2017-05-26,021ab4ee1c733fef68ef3ddbb6c4ea7e,2017-05-11
11567da1255df80bd6deecd416bdf9bc,d725d18078e7d5c5270427fb8a12da06,delivered,2017-12-06 17:56:10,2017-12-06 18:08:25,2017-12-07 20:42:15,2017-12-23 11:50:18,2018-01-08,13b963afdafa7d486a2781238caa7b21,2017-12-06
c5f520f0bbd21e5f3efd20f7b57a0eb9,c4f6e2a634a982d2b461c66925923b86,delivered,2018-01-07 00:11:20,2018-01-07 00:19:29,2018-01-08 21:29:32,2018-01-12 20:44:06,2018-01-31,4542276cfe4f43f580a2cfe631520984,2018-01-07
6bf618a21a2462c8f05285526a277d36,edd6171703fc6fc604b060121467683b,delivered,2017-11-28 14:37:23,2017-11-28 15:06:42,2017-11-29 20:24:57,2017-12-12 13:57:01,2017-12-21,2f4d024a5b8d65e1a270c48c9ddf8f2e,2017-11-28
e29f9529525910e5629fdf7a2e569dbf,64b84651f1893e87834bad15469dcbb4,delivered,2018-04-18 11:26:25,2018-04-18 11:36:21,2018-04-24 22:03:45,2018-05-02 22:33:34,2018-05-14,bd748b6890efcaa0e79187653b2d6a91,2018-04-18
14056bdb3b58bc2fc12639eff5279f87,c9221b133567f217e40a7d5710ddb009,delivered,2017-05-27 14:36:07,2017-05-27 14:45:11,2017-05-29 12:57:42,2017-05-30 15:55:02,2017-06-09,7a508bbe19e0ea98abf3df3c6b704740,2017-05-27
131c6bd0b11c3fc93c3c8dbe45f317e6,6ea2b66604e1b20a26837742dff50729,delivered,2018-04-20 16:08:48,2018-04-24 17:37:23,2018-04-23 19:51:22,2018-05-14 20:08:52,2018-05-22,b463a8269222e847080bf23fc3b06218,2018-04-20
439ab8085bdfb0a6b28f93db1b95435f,3a5f172e34a641517b8d79ea8186bed2,delivered,2017-05-03 15:14:42,2017-05-03 15:30:09,2017-05-04 09:08:18,2017-05-07 14:11:56,2017-05-24,3e30d9a5ec7b5488a6db9aa572aa9345,2017-05-03
f046579c38fc520955aa572d052cbd3c,57b8c98c3285757f4ab2cb9dfef9ba6f,delivered,2018-01-09 00:15:58,2018-01-11 03:09:08,2018-01-11 18:13:22,2018-01-15 23:19:25,2018-01-30,ce274f7cea878875325f6fbe3e2385c0,2018-01-09
554cbf18e8119324dbc359cfdc4c434f,dcf7e8c2e4b16543475bb55a8c6bee05,delivered,2018-02-10 14:40:28,2018-02-10 14:55:29,2018-02-14 20:04:48,2018-02-24 02:11:35,2018-02-26,9afad9679968337cae00755ebd554fe0,2018-02-10
ecc1c9496493aa972c7bc40d94b2a460,665e2a5d260aa9d1c63dfbbd823f318a,delivered,2018-07-26 14:16:06,2018-07-26 14:30:59,2018-07-26 15:30:00,2018-07-31 14:21:06,2018-08-20,4a5b66044bb7ee6d4e33d2c19ccbd5b1,2018-07-26
7dbd3edac8e390bcdc58a0760d1ad229,434dee65d973593dbb8461ba38202798,delivered,2018-03-13 21:13:52,2018-03-15 03:29:34,2018-03-16 16:04:23,2018-03-19 22:03:31,2018-03-23,44e166475e8d915458885054efaf32a8,2018-03-13
8d8fe1ce7c12058c8405c96cc799d490,f9bb24650e7c9a98b432ac070e5e54b3,delivered,2018-08-13 21:33:07,2018-08-13 21:45:14,2018-08-17 13:29:00,2018-08-23 18:13:35,2018-08-30,75cb7567a565c49238a598788d9560c6,2018-08-13
1171e6b0edcd799330be154f3dc4d93b,5e2e02c436037fe3e24aae199cfef092,delivered,2017-11-28 12:58:19,2017-11-28 13:06:36,2017-12-04 20:19:31,2017-12-15 00:42:53,2017-12-21,bcc9a08b533971412be737fd5bd918b3,2017-11-28
42f42f42e7e1be68ce691280f140b2b6,63bb651df1ecc3911737bf73a6cf1abe,delivered,2018-03-28 14:43:02,2018-03-29 03:15:20,2018-04-03 23:05:15,2018-04-05 00:52:51,2018-04-10,d7c397b68280cdbf4e43162072bdc667,2018-03-28
1a2056a1d6e8db71b7d777ec36f9b1b5,edbf34fcaa884cdf4d538f44c818400e,delivered,2018-06-26 10:00:14,2018-06-26 10:17:55,2018-06-27 09:28:00,2018-07-12 19:51:29,2018-07-30,bf0833b9d4074d67dc6518a8b48f2dbe,2018-06-26
562baadf62ec31ef06e54f4a324aeb26,9abee80b8c706a980bf5714cea5ae673,delivered,2018-03-25 15:12:04,2018-03-28 12:35:23,2018-03-28 21:39:35,2018-04-09 17:54:36,2018-04-20,ff410d7d636289435fbfb359ab5659cf,2018-03-25
a0155cdb8a6185bec753ace7d2a7453a,77d7671f7d3cf078a7425fc3e3890b86,delivered,2018-01-06 11:34:28,2018-01-06 11:47:53,2018-01-08 20:09:44,2018-01-10 18:05:51,2018-01-24,9c84075902d2c7cc0a2392856bc5f884,2018-01-06
5bca61e411c4fcce08327a8efc371911,ffaded93e5a1fce06363cfb6905676a1,canceled,2018-06-13 20:52:10,2018-06-13 21:20:38,,,2018-07-11,587b326ba3bf8aa4d3e50fb1f38ea79f,2018-06-13
ac17f36b9ec35c47dc44e96558d33dc7,4c99e4d80794cc4520af0b07913b4d6e,delivered,2018-07-03 10:00:13,2018-07-05 16:27:11,2018-07-04 08:00:00,2018-07-11 01:29:34,2018-08-06,ec4eae53da65a677322d51eee281661c,2018-07-03
6997560e71f5b7034a1d4fdb2c3ce436,6a52aaed4fa454e435066d8dd2a8ff07,delivered,2017-10-23 10:41:24,2017-10-23 10:56:31,2017-10-24 19:37:56,2017-10-31 15:53:38,2017-11-28,db81588b28a569d23a94088cc04ea761,2017-10-23
c1e4bdeeda1ce8c91f4c71b977fca35f,5eed151c17bc7c0694de6537f9335cce,delivered,2018-04-11 14:21:41,2018-04-12 08:32:29,2018-04-21 02:42:40,2018-04-25 02:05:26,2018-04-26,dd23e5a105688a7d8bd99e99cbb87384,2018-04-11
09bc338a4e0ae30bcaebd7f1a2c6d3ea,fd6cb3847c2b08afa9142a20fa40d141,delivered,2017-12-18 08:42:33,2017-12-18 09:52:14,2017-12-18 23:28:07,2018-01-09 00:14:33,2018-01-15,d5e14045fa2b83d2fd706d2ca647a04b,2017-12-18
f503aacd1a63ecd176fff5aa5e0eadfb,229a694659aaccf853a865489c161422,delivered,2018-08-19 09:17:36,2018-08-20 11:10:12,2018-08-20 17:15:00,2018-08-21 13:45:35,2018-08-29,66825e86b4e55808007214c22ebb9167,2018-08-19
404427f6508b6a779e273ad67a7ba350,a585bc2d80028318b3edc2347f3c4277,delivered,2017-10-11 20:17:39,2017-10-11 20:28:22,2017-10-31 09:17:05,2017-10-31 16:42:49,2017-10-30,7756cb6ccd8ec23eaaf953f9bd9bc958,2017-10-11
e813b971361575cd2511e900b7003c34,7caf8d2cc7be433b0cb29b6e2db1853e,delivered,2017-09-01 00:03:50,2017-09-02 02:50:26,2017-09-04 15:44:49,2017-09-14 17:42:22,2017-09-28,5b583873036f60198984295907f3b560,2017-09-01
b6f243cc1d05e11375858c88a032ac32,b833a0f7fdd8acded6c8759924e62100,delivered,2018-02-26 23:06:10,2018-02-26 23:15:40,2018-02-28 16:47:43,2018-03-05 18:19:05,2018-03-16,f4ec1b47a4e08fd853abe5c45f53bb37,2018-02-26
f75517cfb973c21eab8559a870263794,cabb8af06c1bc856f52368fd7772e41f,delivered,2017-07-04 19:48:21,2017-07-05 17:42:57,2017-07-07 13:11:21,2017-07-11 20:27:58,2017-07-27,38d1d975968b0fc361aac11b1b18ab34,2017-07-04
f5cd3f99caf11d1cd93c5b92e3e49d08,ea965278d1e4355a08cda8f497ba6638,delivered,2017-06-05 19:43:36,2017-06-05 19:55:18,2017-06-06 16:18:32,2017-06-23 11:22:50,2017-07-14,631b814ac466d0d78959750679d40cc8,2017-06-05
387ec4e22c1949a34d31106d809641e3,10393ebe49b1afbc4ae8a0d428d051dc,delivered,2018-04-13 10:09:33,2018-04-13 10:32:31,2018-04-17 14:48:47,2018-04-19 00:12:40,2018-05-08,1c2543a75250b1786435958a06af4545,2018-04-13
44a69f8dbbaad732136d9575edb10295,43af39a59de7efb1a6eaea5cfa1b099e,delivered,2017-03-01 14:10:25,2017-03-01 14:25:09,2017-03-03 14:24:04,2017-03-10 06:09:04,2017-03-20,83ffe73bfd89dfa206b40ff22b620ef6,2017-03-01
b9b51e569a2e79970555eb81107eb369,00f3b3a7cd0b6566435090c7fbda03a2,delivered,2017-01-22 17:27:57,2017-01-22 18:31:03,2017-01-23 11:57:55,2017-01-30 13:24:40,2017-03-02,c2b845a86c16b519c0c1d9598576f276,2017-01-22
cf6aa522d7b94b77f266075aa45f99af,83852335a70d85c548df6ba004ba9cda,delivered,2018-04-11 11:48:05,2018-04-12 08:15:12,2018-04-13 18:05:04,2018-04-20 00:11:14,2018-04-27,655e1b08829a7da665cf0c331a24a75b,2018-04-11
97c0b85c5bae37b717f76b868014a84c,2ada891c6d3c77be7c6cee36bd6605c9,delivered,2018-04-25 09:10:19,2018-04-25 09:33:12,2018-04-26 13:37:00,2018-05-16 21:53:27,2018-05-23,92b8de09442a699114aab3a6544636a0,2018-04-25
5c1dc3166a68eae4b915e66bd625fd10,1cf2f472e1fa4f84dc3f3cf379c155b8,delivered,2018-05-05 20:33:46,2018-05-07 17:56:43,2018-05-08 12:44:00,2018-05-11 22:07:26,2018-05-28,139c8431d9866b2cd81853037348b255,2018-05-05
9719424249e7b0776d415cf169792da7,476c004348f7706c7b3fe723356e0713,delivered,2017-02-23 14:44:23,2017-02-23 14:55:24,2017-02-24 19:37:49,2017-03-08 16:47:54,2017-03-16,76d752a5dfa418628f25df08faecbfd1,2017-02-23
a9e0a6c6c03e55d8c372293aeacfefbf,b82414c7fa7d450ef1dacdcc8ce7da04,delivered,2018-05-13 19:09:21,2018-05-13 19:34:06,2018-05-14 14:22:00,2018-05-16 00:11:31,2018-05-22,14916179d6932739c6ce3cf8c130e435,2018-05-13
ac120c30a7e66371f0ff851dfb709eef,93c2b53461f9504845db7db24d5e942d,delivered,2017-11-17 07:20:13,2017-11-17 07:30:26,2017-11-17 13:38:38,2017-11-25 13:37:37,2017-12-18,e730a3d2988d5b459898cffac6097b9b,2017-11-17
1e8485e2c6ab027bc875dc4715c72c10,4d67a7b61ede514ae635c63420e169dd,delivered,2018-03-25 22:13:15,2018-03-25 22:28:15,2018-04-03 21:35:50,2018-04-10 15:44:55,2018-04-13,e9deb407d7c3c84d92f82acbeaef5421,2018-03-25
40ea731f6fa10cf721b503b64f3b178e,56db056a50c2c0e00ecb1a9f15d92ce0,delivered,2017-07-18 08:52:43,2017-07-19 07:10:14,2017-07-20 18:46:36,2017-07-28 16:04:35,2017-08-08,434825743a3426c100c479f571816a81,2017-07-18
41be20762988289839be27508848b8ef,9b62e9f3bd76021066cd9bbfb2859c62,delivered,2018-04-27 10:34:29,2018-04-27 10:52:02,2018-04-30 10:59:00,2018-05-04 21:08:26,2018-05-25,fe96db270812081c3cae9a23e1d11c25,2018-04-27
6f20f9a24b084da22b90cb7a0950e43b,01874b138de5f4447517558ca0d1a3b9,delivered,2018-06-04 21:46:21,2018-06-06 02:54:04,2018-06-06 13:02:00,2018-06-09 17:18:29,2018-07-05,7eb97a6a454479b6ca97f6928368d236,2018-06-04
c2ebe69807422446d5e8edb2060da5e9,63f9f01b26b742afbd95beb988883c52,delivered,2018-03-05 03:46:04,2018-03-06 03:50:56,2018-03-08 22:18:31,2018-04-04 19:47:59,2018-04-17,980fb8fce0743aca3ddaaa6a1015638b,2018-03-05
53d5e4affad7b33468d44e8eba9b55a4,09d1176d20540efe9ec72d34902ca493,delivered,2017-11-11 18:49:17,2017-11-11 19:10:18,2017-11-17 20:27:00,2017-11-28 21:09:15,2017-12-08,03510c466e751a76af44c1a848290c8b,2017-11-11
67f693e898f3412e68ecfa0035a3b0e2,67293e4e7a70200b4c6cea94ca955442,delivered,2018-08-24 09:41:37,2018-08-25 02:45:16,2018-08-27 15:18:00,2018-08-28 21:21:57,2018-08-29,76d6c7ba0dd378d0481c5d066fc86d23,2018-08-24
6e4008bddce63615856554f94e5233db,866b8000cd92edc48a379e9672976d05,delivered,2018-06-24 13:59:43,2018-06-24 17:18:27,2018-06-26 08:42:00,2018-06-29 14:35:31,2018-07-12,abc2bb4cb9ad8b81a92b155af27d1e69,2018-06-24
41498083868bfdab3ed24190348d1929,e5679d11d9af9e08cce677c25c832ce1,delivered,2017-08-29 11:12:27,2017-08-29 11:28:15,2017-08-30 16:20:14,2017-09-11 19:37:38,2017-09-20,b7a2132e279043f2c25eb4e588cc0e25,2017-08-29
20bb11438e00e6aeee1f68f34995c000,886e8ae88a209bcadbfbd22a87ea6884,shipped,2018-03-04 15:39:33,2018-03-04 15:50:36,2018-03-05 19:41:41,,2018-03-21,363adebd963517a77ad0d8b0c17c0966,2018-03-04
8564eda5247ce8353cdf36e0ccd2f2c7,34767d7c5bd566155efa60611cd0d56b,delivered,2018-03-19 20:38:33,2018-03-19 20:50:36,2018-04-16 16:17:17,2018-04-24 23:32:36,2018-04-19,87b162d0110779fd1d97a4e03f7407d7,2018-03-19
0480beb27028f701542a144a9882a0f4,d027af2c30c18381b9e2519b5b95c701,delivered,2017-08-29 12:27:04,2017-08-29 12:45:49,2017-08-29 23:02:55,2017-09-08 19:32:19,2017-09-20,05821b648f491ae7a04b5038de685585,2017-08-29
85d1148753005c76a785628b87effc27,dc506bc54446dd02ee6539268d7a6a23,delivered,2017-09-14 20:46:41,2017-09-16 02:50:36,2017-09-18 21:10:36,2017-09-22 18:04:43,2017-10-03,68b0f97bbc6150bd49802ab5938572aa,2017-09-14
ca8862808b07015785a10db067bb138b,47484fc268dc9ae2936efec8aad5721d,delivered,2018-02-24 12:37:05,2018-02-24 13:20:18,2018-02-27 01:57:37,2018-03-10 17:03:20,2018-03-23,1c3f07e688df565cf0b6cc7e43dfd15a,2018-02-24
7748ff99ce730984ae58e28b2573feb3,e73222883f05cc599adf2c327970e3b1,delivered,2017-03-21 11:59:10,2017-03-21 11:59:10,2017-03-23 08:42:41,2017-04-10 15:33:04,2017-04-12,cc2b5576d57ad3a7b679770d8bb575a5,2017-03-21
76c943bbe1ddef57ebe9e810f1c108e6,20f702c2259af2ba44a9bde3ecaaeb27,delivered,2018-08-17 22:06:17,2018-08-17 22:15:13,2018-08-18 11:34:00,2018-08-21 18:26:41,2018-08-31,795c1622cf7a53d63d324e862349d01c,2018-08-17
2eb25d32344f7fc22c7d52e33110bd51,72d6ea9753dc6ff3c78520f034de713f,delivered,2017-12-19 11:42:02,2017-12-19 11:54:51,2017-12-21 20:48:36,2017-12-26 20:35:40,2018-01-08,f5065f93ebdc3b7b680c3313b0c35999,2017-12-19
36c2f882bdb22101a7491e871578f15e,b37cd67ab24fa3689988c3ee1e1c4cf0,delivered,2018-07-20 16:13:31,2018-07-20 16:25:21,2018-07-23 14:08:00,2018-07-27 14:28:54,2018-08-17,b4b65ef6799b929b91b67393ccad0ade,2018-07-20
15e0c6109167c1c2789e0bc78ddaa70a,45d1da7decf573a4b607172ed4b1435e,delivered,2018-05-14 19:56:23,2018-05-14 20:10:02,2018-05-15 12:41:00,2018-05-21 18:21:30,2018-06-01,1c02edc39fca262085eeee6c1e8dc88f,2018-05-14
54e52b3d64eaadee5422554c2f2a7056,faff7a9ebd3cf671ce836dc47a1daec2,delivered,2017-07-06 14:05:13,2017-07-06 14:23:40,2017-07-13 20:52:10,2017-07-20 17:33:07,2017-08-01,83e19af9cb7591106ea19f1330771a33,2017-07-06
b9a422aebaeb3396ee0b761b10c0cc08,b24e1d90e8595b3864e7e462ed85e0ab,delivered,2017-11-26 14:43:00,2017-12-06 11:14:49,2017-12-08 12:18:49,2017-12-18 09:46:40,2017-12-27,cf829b34d1bd3ec535a5e4e04f2c4692,2017-11-26
4ecf494be87ee7b768460fcbcd0389c8,c9bdc48300c66ba95c1e5839d8b4a26d,delivered,2018-01-20 20:49:46,2018-01-22 13:58:43,2018-01-23 11:29:11,2018-03-09 22:02:57,2018-02-21,34f783ac3f2faa9038877834eadc3eaa,2018-01-20
ed5a9c5e96b1ba30cb34c6c31113cd9a,51b72fc59e69abf2c4588e70520800b4,delivered,2018-04-10 14:37:05,2018-04-10 14:51:09,2018-04-11 17:04:50,2018-04-27 18:16:41,2018-05-16,5e9733b9d06a318a91e8199cb56d4e38,2018-04-10
a2e14f1ab697212b9fce0b21d178a549,25cbfaec7f0205546df52d98b9d7008d,delivered,2017-02-23 14:07:48,2017-02-23 14:21:54,2017-03-01 16:14:03,2017-03-17 10:48:41,2017-03-27,49e09f9632871dca82da0db89bca0c8c,2017-02-23
36261909efa8e717bcc65fa801b86949,bbda665f56b076dcbf90bb5885f88e64,delivered,2018-04-09 15:22:31,2018-04-10 15:30:49,2018-04-13 15:19:15,2018-04-13 23:27:31,2018-05-07,77001b080dd723bc9a22e538e5e06e41,2018-04-09
fda166699a8b8396eaf3b8569a431817,a41d47b5edfeb4f27db1137d89f83857,delivered,2017-06-30 18:57:54,2017-06-30 19:10:11,2017-07-03 11:48:50,2017-07-12 18:42:25,2017-07-24,0518f492a1f99b371aec1cbcf8da576e,2017-06-30
f3e4f61152aed686fbbb83e794cc246d,5e6e0e06c988f485293a7341c8e21871,delivered,2017-10-22 11:29:22,2017-10-22 11:45:21,2017-10-23 17:43:18,2017-10-24 20:34:01,2017-11-03,fe81bb32c243a86b2f86fbf053fe6140,2017-10-22
98e59e5a0098396c95ba134fd92c2a30,d581cc16c2132da59f81791d5672bb5e,delivered,2018-05-07 18:53:27,2018-05-09 03:11:36,2018-05-11 14:38:00,2018-05-14 17:37:57,2018-05-18,2aa8f2dd8f41828e0583f7aad7d166e1,2018-05-07
40db427de195f02042ceecb84dfaa2f1,65f71802835e673eb8aacfcbc2d03cea,delivered,2018-06-11 10:16:35,2018-06-12 08:41:58,2018-06-14 12:39:00,2018-06-18 18:37:45,2018-07-05,5601972b36a3f1948960acb92b8845c9,2018-06-11
3df55fc07ff463109ce0422439693aee,795053583923996fa8e06ebf88981274,delivered,2017-09-03 22:36:56,2017-09-04 02:31:39,2017-09-04 21:50:02,2017-09-06 17:19:05,2017-09-27,c8198557f56764b4436d30b9059b3586,2017-09-03
c3be15258fc4adeb2c7569983b4afb99,06c2c1e92714f3fe285f962909a59c15,delivered,2017-09-19 15:31:55,2017-09-20 02:30:21,2017-09-21 20:36:03,2017-09-22 15:13:20,2017-09-29,590b61a3122106e7fc89dcd7c66b1593,2017-09-19
40a59440b8edfb3c3b493a7df101a0ac,c320b2d7c4d59481ab82858524fd7758,delivered,2018-02-20 22:23:33,2018-02-22 02:10:43,2018-02-22 19:07:52,2018-02-23 22:28:59,2018-03-06,22f819c5ea4afb046ae8925e517a541d,2018-02-20
d8c8bece281c5226428ab03f72ae8416,9e17dac452c8ff31056ceb4e669a9aac,delivered,2018-08-12 18:19:12,2018-08-14 04:44:19,2018-08-14 17:01:00,2018-08-16 18:03:46,2018-08-28,3d6a13a1aa18fe9eb1ca966388a67ce8,2018-08-12
070f721954fa2416856b2b30e3c3c341,5c15488d1970472a9bbcd68ac1468e33,delivered,2018-04-02 14:44:51,2018-04-04 03:15:31,2018-04-05 19:08:27,2018-04-16 16:47:40,2018-05-02,3af5f7534be6d2d2d81562ee1dc98af2,2018-04-02
5fdcee361d689906697597a4415711b2,fcfcb8bcd054a54262f2698d0e9c4a3c,delivered,2017-12-14 15:16:50,2017-12-16 02:35:31,2017-12-18 19:07:02,2017-12-20 14:48:36,2018-01-05,58342363392a944b31562a971498bc9d,2017-12-14
096ed3a5b211031b766db9362e5b5acf,6b09f371cf9b4dcdd97fe2e35600b5bc,delivered,2018-01-29 22:07:58,2018-01-29 22:30:15,2018-02-14 23:04:53,2018-02-22 18:07:52,2018-04-04,46331de5743a5df02a06f1148c87f7fe,2018-01-29
14c83cf4b7ec24cf5e5adc2b8917eeb7,a99c04ca7784d8b85d7b602f69105f1c,delivered,2018-06-15 22:34:14,2018-06-15 23:01:11,2018-06-18 14:23:00,2018-06-27 14:51:30,2018-07-30,ba024083a600977ca295facae24a3896,2018-06-15
8c37353173db5c03df9e813cfe9a9326,4f23a05be9055e4c60f0f4a6b9e688b4,delivered,2018-07-31 21:52:10,2018-07-31 22:24:19,2018-08-02 18:45:00,2018-08-23 13:37:42,2018-08-09,cb18b1181774668a333e5e6917336c63,2018-07-31
049fa9a29ba386943ccbd0954fe8b8a0,bb00108144109ccb3358a5de12232077,delivered,2018-07-03 08:35:57,2018-07-05 16:33:02,2018-07-03 17:14:00,2018-07-09 19:28:54,2018-08-06,99d32fcd2e8433b316c93a851dd33761,2018-07-03
651f3bc417a577611931ea497854b0d6,a031ec9f2684882b824fc8f227198da8,delivered,2017-12-03 17:31:07,2017-12-03 17:52:14,2017-12-05 23:59:49,2017-12-09 16:23:43,2017-12-29,ee81133709716b9c4a5141bd6c2af68f,2017-12-03
299b68ba840c1126001409fd0c4011f2,a82ccd7c6196559e6f92fdd3978c034c,delivered,2018-07-14 10:23:33,2018-07-14 10:35:20,2018-07-16 13:55:00,2018-07-20 16:03:13,2018-08-02,14b617735152dcf4d0ddc0a57423071f,2018-07-14
d73caf75e86f5410db52767cb6784b5a,06ab0f3fbb09a950709ba3e1562aaa39,delivered,2018-02-16 12:58:26,2018-02-16 13:10:46,2018-02-21 21:03:46,2018-02-26 20:38:50,2018-03-09,6cf8793a63d3b4b2f8af32ac5d87ed98,2018-02-16
4b41b73ec809497c577cc1f085ad38a3,0e884a28dccf5fb788d41bf954eb7b11,delivered,2017-08-02 12:23:46,2017-08-02 12:36:50,2017-08-04 22:12:20,2017-08-09 11:51:43,2017-08-16,11f49de0f014df932f420ece56c3c2b5,2017-08-02
5c6c792766bc857e0b5b1d22c5a963e7,0aee1a6ecae235be1aa484212d0cf261,delivered,2017-09-10 19:25:55,2017-09-10 19:43:30,2017-09-11 21:15:18,2017-09-15 15:41:52,2017-09-27,30a3bfa50c188354420a76b9051cd4fe,2017-09-10
8bd3b0d275f7d6d8686ddb86f88a71f6,c1c43a59da4d71581ded4e06a39bb37c,delivered,2017-11-04 11:58:49,2017-11-04 12:10:49,2017-11-06 22:39:36,2017-11-27 21:02:25,2017-12-20,d55b1d8c88528efb311e84d850c4914e,2017-11-04
a3431bc7bf0a892e229628e8b300912f,5c4c50236df8d38af2d80b47660b6c3b,delivered,2017-04-30 11:08:55,2017-04-30 11:15:08,2017-05-02 16:19:35,2017-05-10 11:29:59,2017-05-25,bae5f512bd497b5eb67a1d55a9b31622,2017-04-30
e248283e6b8ba09b05efea1000d9478b,7283505b00797306818c085c6baf0752,canceled,2018-03-03 19:20:13,2018-03-03 20:00:25,2018-03-05 18:18:40,,2018-03-15,6f6e521d574ed02393ce4bab51b9a0b8,2018-03-03
9b228d02d9abe567855fe2f934772858,e311c5cf7650f781ee140f998ebd8ae7,delivered,2017-08-15 16:22:54,2017-08-17 03:06:22,2017-08-22 15:05:19,2017-09-01 21:58:02,2017-09-06,db73a3f1ef7a87b89e1aeec92f2a7e38,2017-08-15
de2c49d97356fa0fdc461064e86fe8f4,ac4164b96ade53e05878a89dd03026fe,delivered,2017-11-19 17:43:23,2017-11-19 17:55:27,2017-11-22 19:08:47,2017-11-30 19:34:49,2017-12-12,555f450fff386b6e115543607de6bfc5,2017-11-19
1fa463e9b5b2b6353d650ffa262c0a85,4d62a25334b6a4ea711e744217f4e274,delivered,2018-08-01 00:48:09,2018-08-02 05:30:47,2018-08-03 14:06:00,2018-08-06 21:32:19,2018-09-11,44d67cc85baf7a55e2d0a4939bed5855,2018-08-01
4247a3af0d215e63b216c45c7bafa881,0c4aa71dee29939b7e8c95cf38265ab8,delivered,2017-11-01 13:54:39,2017-11-01 14:31:33,2017-11-07 14:48:53,2017-11-09 19:36:39,2017-11-23,447c2071517506f2d8617a89224afa08,2017-11-01
d5f9f12e76db82f85d145c5c5e5b9af6,815cfb5bd9e0d9b868ebbcce131b6b91,delivered,2017-10-18 23:22:46,2017-10-20 03:05:44,2017-10-26 16:10:08,2017-11-04 03:33:39,2017-11-09,ccbc6c976f6dcb5a0b2709ce76979c2e,2017-10-18
5419ec6ed07e2abf375fd4dc0121db0f,ce1ed97f1894d3dea32038a11c51c29c,delivered,2018-01-09 16:36:05,2018-01-09 16:52:58,2018-01-15 18:36:56,2018-01-24 19:23:16,2018-02-07,ff3c7cdd41bc2a0f7b667df7951e9e93,2018-01-09
ce89a61d7fb824d1eb7e05915b912a65,1728ec067e65bce5ecb559680e0d522f,delivered,2017-05-14 21:49:56,2017-05-14 22:05:15,2017-05-16 10:19:00,2017-06-01 12:33:02,2017-06-08,81e79c9d3507058b3545edbf91322dd1,2017-05-14
9980064d9817bacc9e261e7f5fcf3fe5,e30e0257e1c7189e6f6ba4ef151e717c,delivered,2017-07-12 06:48:11,2017-07-12 07:03:41,2017-07-12 19:08:19,2017-07-17 20:06:26,2017-08-03,56c8638e7c058b98aae6d74d2dd6ea23,2017-07-12
7319bf0ded2ef22e7388002ce157a95a,2503901fe01cbd9dd73dd74547249c0c,delivered,2017-12-01 08:38:26,2017-12-01 11:31:11,2017-12-04 23:26:36,2017-12-08 15:34:07,2017-12-29,366099d1fc91479a59fa878693b55efc,2017-12-01
fcf77320278b491829c6e5d767a3f20d,7537ac8265339393d7a9fc8f4cfaf361,delivered,2017-11-24 23:15:52,2017-11-25 02:16:04,2018-01-04 23:29:18,2018-01-23 23:13:01,2017-12-19,d559ac62a702c9e6567362d2614a7ea3,2017-11-24
892aed123dc5e539f403a022677fabc9,b6bbd7351823eef45c03a68842ad258b,delivered,2017-04-12 17:51:31,2017-04-12 18:05:09,2017-04-18 07:27:44,2017-04-20 10:33:29,2017-05-08,cf45e052298178e59e2990d664aa95c9,2017-04-12
2286b145b395497c04386640eb5cb5cb,885dc8729f40ef52d15c2bad5121f7f3,delivered,2018-01-28 14:58:16,2018-01-30 03:47:30,2018-02-07 18:19:56,2018-02-20 01:25:06,2018-02-21,0cc3c709dc8c752272aa5749d1013d26,2018-01-28
f1551636056618e77921de4bd2bb5e7c,5db50b538a063b7d3ebd5fbd6e6a756b,invoiced,2017-02-23 10:30:45,2017-02-23 11:32:24,,,2017-04-18,5045665ac643e3b7da283dbce3155942,2017-02-23
e93910bafae4cbaa0f18ae0d66959cc5,01678728396c1d107b1da8e70cd63423,delivered,2018-04-18 22:51:06,2018-04-20 07:15:15,2018-04-20 22:18:27,2018-05-04 20:58:45,2018-05-15,8db2896e35e735bdc1b49059eb94f606,2018-04-18
357f2ad2d9ea3e63b225cfee8ad3b2a1,7113efb0ff417de3c22fc3dec35f5b3c,delivered,2018-01-09 22:02:44,2018-01-10 10:32:05,2018-01-15 15:22:48,2018-04-19 13:52:37,2018-01-26,f2bd7baf91b52d05cb2a572f19bc9b1b,2018-01-09
22a0171d3b34d1bec10991aed5e9c967,592ab18355a30e625333f04ded55ada1,delivered,2018-06-11 21:06:38,2018-06-11 21:40:32,2018-06-12 14:25:00,2018-06-15 14:25:36,2018-07-03,7a6ae9159cff07f13a9564e450eb8f67,2018-06-11
1e2ba87f41a055bed38add2031253060,c66ffb5f9613ff18092337063c5ea0f9,delivered,2018-04-26 13:46:45,2018-04-26 14:11:46,2018-04-27 15:00:00,2018-05-05 10:48:59,2018-05-09,670b26ea844c592561000630adb3085b,2018-04-26
bdd7791c89953f5d1128e2568c740d1c,ca5fd3ba988087514c3b50b8a8eaa893,delivered,2018-03-30 19:55:15,2018-03-30 20:47:27,2018-04-03 01:03:59,2018-04-04 19:55:46,2018-04-12,91232f070fa30eb0acf8ec5c852d7e12,2018-03-30
b0093da736b851f4cd1cea686d4b1018,c38a602a0cdae3a7a0241f9c8cb8efa1,delivered,2018-05-15 08:42:18,2018-05-15 08:55:26,2018-05-15 14:35:00,2018-05-22 18:03:16,2018-06-11,564733ba82fa176780516f9ff76396a3,2018-05-15
3b3ab957f687956e4ee543009c1434a4,ed03eee3635117f214c99693a5fd13aa,delivered,2018-03-25 20:05:55,2018-03-26 19:55:24,2018-03-27 19:27:00,2018-04-05 01:28:43,2018-04-18,076cc5590b538813b25e5cc61bd35530,2018-03-25
59afc6ab0cf763fe395e0d2b44990904,c0175539ea180b6c5aee9342531b83af,delivered,2018-06-30 13:29:31,2018-06-30 13:50:24,2018-07-03 15:59:00,2018-07-10 18:18:25,2018-08-02,8a782eaaef7168fff6fe3a0bc87501b8,2018-06-30
8206925809548e33715f60acff73aff8,0332d4009fc4c2bf2cd0e1baf01d9765,delivered,2018-02-25 16:28:01,2018-02-26 16:32:40,2018-03-02 20:58:38,2018-04-10 21:12:42,2018-03-20,ae981c3f2169be56a72188c98eacbf35,2018-02-25
7bb05074b041c44496d524b3ee0af913,c91fef07272ec4a56e1250dd6f5f6fdf,delivered,2017-11-28 12:00:43,2017-11-28 12:15:10,2017-12-16 15:38:59,2018-01-03 23:35:07,2017-12-28,4a2cb078cabc165954e87bc0d80f38d1,2017-11-28
4fd47db0e1bb9f59384ff16f8d533f80,bba44caabdf148a7ef93ab803e011c58,delivered,2018-03-14 11:47:59,2018-03-14 12:28:18,2018-03-15 16:46:36,2018-04-11 19:12:53,2018-04-17,b9544dcc09004b3b28e388ed130e50f1,2018-03-14
f3dcf0d2824efde907e341ff4997f693,53e10cb176c40df632c8250f2f3e5880,delivered,2018-08-02 12:07:27,2018-08-02 13:15:15,2018-08-03 13:17:00,2018-08-14 20:52:04,2018-08-16,0ff9df9167492f499a879b8afc78a1b6,2018-08-02
48ddd457f76f31a99e60ac8007bc8b28,97fc5244045c01b3cf813cb86e6376e3,delivered,2018-01-30 10:24:25,2018-02-04 23:31:38,2018-01-31 17:59:31,2018-02-08 14:18:48,2018-03-02,74a22d02f73866e4fe62dccb2c760a2d,2018-01-30
edeae57fd6bee25e030ac14863a6ae0f,019f5bb93ed18dd059051c3f81abe394,canceled,2018-03-27 18:28:20,2018-03-27 20:27:25,,,2018-04-12,e374cc2cc1cb40c3dd3bc070a13665f0,2018-03-27
92719473371fb9439b386d53d12470a8,5944fcd0423637dc7497ef10187e073b,delivered,2017-10-13 19:25:59,2017-10-13 19:46:38,2017-10-16 20:12:41,2017-11-23 21:13:07,2017-11-06,c601f5196438b2836f6de978734b2829,2017-10-13
249e497dd267cc393437ed057a09386d,9186cee9edd4490ccff69671105cd36e,delivered,2017-05-02 13:41:42,2017-05-02 13:50:21,2017-05-09 07:47:57,2017-05-15 15:08:45,2017-06-09,de6cf632d7ca0346c34085c4c9ff5f3d,2017-05-02
5a122a24e535e617fb813c0123ab0783,649f8fbc25f8c08532804ebc4f962738,delivered,2017-05-25 18:54:03,2017-05-25 19:05:15,2017-05-26 12:26:44,2017-05-31 14:33:54,2017-06-19,e11b882483e035333b9983db6fcfb4a8,2017-05-25
23a2d8b0357730d4f9c50aa48773e9e9,96a603e45ac0094d6328d8856d9ff833,delivered,2018-03-18 14:49:40,2018-03-18 15:08:04,2018-03-23 00:56:49,2018-04-05 20:22:14,2018-04-06,49257d143ec6384f53a6648062252966,2018-03-18
98ef53f8c85f44d32822ff0b857e8a16,9250517f30bcca8bbc5c037376dc0be2,delivered,2018-05-22 13:57:00,2018-05-22 14:16:45,2018-05-23 14:46:00,2018-06-05 22:42:29,2018-06-06,eca465839e7ead9865d6d9b5ef16d75a,2018-05-22
b34ca5020c5aff14fad4fd0899fb1cfa,efa9ef2a1858d519d03521edb2d33577,delivered,2018-03-15 20:55:33,2018-03-15 21:10:30,2018-03-21 14:08:50,2018-03-29 16:54:15,2018-04-04,2c11aebdf37a1a0aafb0715c3ec81954,2018-03-15
01d95eed9163a292a6788ddac08bcf31,8a0d726f209fe6181dfe3d5a64d75450,delivered,2017-11-08 09:54:42,2017-11-09 04:31:05,2017-11-14 11:29:03,2017-12-05 00:26:03,2017-12-04,8731fd24284bf78bc042cb8ef0189df0,2017-11-08
e4eefb7df8e2eb496136dd767d0bf1f0,d6677eb4e4b2fcd67cdd5bd3d69934ba,delivered,2018-03-22 16:28:05,2018-03-23 16:30:46,2018-03-27 23:28:48,2018-04-03 20:18:28,2018-04-12,a5f7e1d613e4dbf7ee1c99d4a0982c41,2018-03-22
b0f913cb83681e8a8563b96b641b3e1b,5967895f1299e02b1b0cb7a8ef4a437b,delivered,2017-01-28 17:59:37,2017-01-30 11:33:35,2017-01-31 05:21:37,2017-02-07 08:58:13,2017-03-15,2f8b722d3e62bb8a9860c7a29ad2b60f,2017-01-28
cffc3fce7450b2db5f6294229289299b,cb8186cfd73cbc13a805fb47169868b6,delivered,2018-01-13 12:04:27,2018-01-13 12:12:28,2018-01-26 20:04:15,2018-02-24 00:57:51,2018-02-09,34589ab6f2b37940e7f5864ed7f540c2,2018-01-13
3f35e6f6080a0f108570a0f177f8c2bd,288d54d6a596b42c55779d33d5d29ad3,delivered,2018-03-11 15:11:26,2018-03-11 15:28:03,2018-03-13 18:36:39,2018-03-28 06:32:57,2018-03-29,05af5b898ede8240d10b425a29cd96b6,2018-03-11
db19c4c4fc744a146595fee399782716,659cb33e6edd0d9fb97ade91ee88307f,delivered,2018-06-22 11:04:05,2018-06-23 02:20:08,2018-06-26 13:19:00,2018-06-29 15:42:06,2018-07-17,a943af26d2777abc2a219cca3ea3ee54,2018-06-22
6078670865b8c6c400f6f7cdafd0d04d,11e05e395828a7317f3a8eac9ed1a7ea,delivered,2018-04-18 11:53:39,2018-04-19 02:35:25,2018-04-25 08:14:00,2018-04-26 21:41:43,2018-05-09,afeb1e648faaa6fa9423ed1618ff9480,2018-04-18
6c8f9d0a7003b8066a4a9569849c7cde,4250b80706838d41393b3f84c26c90e6,delivered,2018-04-04 23:56:55,2018-04-06 03:10:18,2018-04-07 11:53:19,2018-04-18 21:32:05,2018-05-07,6a087326a0d7a82e96e37fe12072ba5f,2018-04-04
5c5498d2fc63858d7ce6ba37c49bbbb4,9e112f2180e48b28884e9c87f1bd87a7,delivered,2017-08-29 20:39:23,2017-08-29 20:50:18,2017-08-30 13:16:25,2017-08-31 20:10:08,2017-09-18,8ad16a8bbd9ea06a5f0015d9b207c52a,2017-08-29
bd1065a82272300e37b49a80d084a72b,862cb262660b6cf888db9260fc9ecfe0,delivered,2017-10-08 12:01:38,2017-10-10 03:56:21,2017-10-10 20:08:39,2017-10-25 13:42:34,2017-11-03,19ca02174beb69a8e391a25bcacc554f,2017-10-08
44dafc587781c6925a5f4f27e083d75b,d732ff67123cfb2dc0617ef875a5962a,delivered,2018-06-25 17:06:45,2018-06-25 17:33:59,2018-06-27 10:14:00,2018-07-05 20:05:45,2018-07-30,760bbbf19776dcbe59e0c52af5bbb091,2018-06-25
1b3e96e0d9948e7a2582e092b3ca9ac2,13afc7efd941dd829a73485c9ca3bdac,delivered,2018-06-28 09:17:04,2018-06-29 02:53:09,2018-07-02 11:15:00,2018-07-09 17:26:41,2018-07-30,c16d3484320b196e952c48a35bdb1ec7,2018-06-28
333c2d7fa97da12f6523d992565cc8a7,19dd46b50be1aa6ad77ddb9191457a8b,delivered,2018-01-02 14:00:49,2018-01-02 14:08:04,2018-01-08 11:37:16,2018-01-10 17:34:28,2018-01-30,20f451c9d9c00cad3002df097a3a19a2,2018-01-02
13ac325ed34b96835f8fed6e4db77a69,563efd05692357b476c05cf21186b991,delivered,2018-05-30 19:43:04,2018-06-01 08:51:53,2018-06-04 12:44:00,2018-06-11 18:38:19,2018-07-05,ba93b0b57fd3255f6d1bb068ef8916ec,2018-05-30
9752eb052b38b8f258d4547b4eed7e0f,32db84c9ddaa7c9f10a0d30151fb95a5,delivered,2017-09-26 08:05:15,2017-09-26 08:24:14,2017-10-03 14:54:03,2017-10-10 23:33:22,2017-10-18,bc3b76ce4f082410d49c0074e9ffe5e4,2017-09-26
9f738fc8b806bc3d86ccf78855e82eeb,38c97666e962d4fea7fd6a83e69f20cd,delivered,2017-05-05 19:08:38,2017-05-05 19:22:19,2017-05-08 15:39:35,2017-05-24 10:37:32,2017-06-09,b6108acc674ae5c99e29adc1047d1049,2017-05-05
58af2a09b442a8b28f672e56ad7154b5,3978b77bddb2776390f38dfa186891d3,delivered,2018-08-09 19:29:02,2018-08-09 19:44:49,2018-08-10 13:06:00,2018-08-11 21:38:48,2018-08-16,7a774055fedca2666e77244c5e50368f,2018-08-09
4d23a772e8fc588881020cd749f76c8f,3142d98ec0bda2129bacbddf0c8fdd17,delivered,2017-06-12 09:08:19,2017-06-14 02:25:36,2017-06-14 13:42:07,2017-06-21 18:35:23,2017-07-12,7e42381962b8490f0d3a5003b769af73,2017-06-12
e4cbb88fcf9a02837b22b1f6f812a9ed,d875cdbfacf9d0e5aecaf6d2a9d77f9d,delivered,2018-07-27 10:49:59,2018-07-27 11:04:25,2018-07-27 13:29:00,2018-08-03 22:12:43,2018-08-20,ac4d73e97aa6d67f64ef83e45f20f668,2018-07-27
b6514c762752f05a469fdd8ccac51455,b3e74e38611ca611c6568f94bf31d1d1,delivered,2018-03-06 17:31:36,2018-03-06 17:50:08,2018-03-09 01:37:21,2018-03-26 13:02:28,2018-03-28,038e67cedd9154200d911e7cc6b6f133,2018-03-06
3e9334d33c1e64167920675211fb1aee,86445cd94757169dd251d4052f7d0544,delivered,2016-10-10 14:20:38,2016-10-10 15:02:14,2016-10-14 15:02:15,2016-10-27 12:38:46,2016-12-06,6b8adddd6900dade3fc39d42df662316,2016-10-10
9d3978b7f31f3af1566b7acab0b91a88,4a8ac693cb85efcc040094268f49d42e,delivered,2018-04-19 09:58:52,2018-04-19 10:12:02,2018-04-20 22:52:01,2018-04-24 20:47:01,2018-05-08,d85966eac1f41d6f529fd66e0d3a9175,2018-04-19
2889a938b438bbaf4701f63a2545bb3b,a4949b565894a3d5c85b947cc27148ae,delivered,2017-02-14 06:59:36,2017-02-14 07:10:09,2017-02-14 10:23:39,2017-02-21 16:17:52,2017-03-15,8c43c9ab1ca9f3d2d748a055186a0627,2017-02-14
f1cd0985b47da7ca656177c7899c101d,ee40a771be7faec4ee507578a63b31c4,delivered,2017-03-25 15:33:43,2017-03-28 03:50:55,2017-03-28 11:42:54,2017-03-30 17:47:57,2017-04-17,c0e0c6e5b85080dbdf3f021b55edbb3e,2017-03-25
7f92333dc738eb56ca3d3c8b53fa2eda,5adc6c741e2d12be2f0e28f39f406e3f,delivered,2018-04-19 08:21:37,2018-04-19 08:35:12,2018-04-23 18:08:32,2018-05-11 21:16:38,2018-05-15,a39d31aebdae35fa38301e63ec1a711f,2018-04-19
71fb5cbef1b7743f40cfc5ba116ee448,2268d727e31908e4c2a280e18ffbec4f,delivered,2018-05-22 18:09:14,2018-05-23 02:15:39,2018-05-23 14:13:00,2018-06-05 19:09:36,2018-06-08,fcda5524e71e62ed0500edf8e9042fe2,2018-05-22
161735160c0ae1bd0f0b2407137b24b1,1dc4ec0fdc0b66efcf8874ccf7955197,delivered,2017-12-02 13:41:29,2017-12-02 13:53:21,2017-12-07 15:13:55,2017-12-12 18:52:43,2017-12-20,252e3abb3ca9b61cab53c6c4a65f756c,2017-12-02
7a2caaaf6f039835babfdf9aea003412,67791ff8866a89d326226f73fa8eec51,delivered,2017-08-23 21:58:28,2017-08-24 22:07:37,2017-08-25 18:20:01,2017-09-19 14:35:29,2017-09-25,c42bcc96458e658b55b24e3a705772f6,2017-08-23
6e830b60dd5fb7763aad8df950ee3998,43765637ee2f45b91c03a18d71b06b1e,delivered,2018-04-22 07:23:36,2018-04-24 19:01:31,2018-04-24 19:57:35,2018-05-10 00:07:45,2018-05-21,c60635e3c36e27ff9222fdac1ef3e17f,2018-04-22
b636703317e3a173ebe3770beda32aea,11c9730340dc403bf23bf523be47ed1d,delivered,2018-05-28 20:02:32,2018-05-28 20:15:17,2018-05-29 14:38:00,2018-06-18 13:47:52,2018-07-05,9bba50d9ff4c7dec1018e77537375ce6,2018-05-28
53815e4265210269cfb244e83a715fe8,8bf91721f97176a3e2a6f8a524355768,delivered,2017-12-06 16:47:11,2017-12-06 16:59:24,2017-12-08 20:56:59,2017-12-18 18:58:48,2018-01-05,c362dd8b6f397be318136e4d2573753e,2017-12-06
e7af9428d8b5d65f0fd7d3eb98595308,f198681d09edbdab2cc9532cfbd58cf2,delivered,2017-09-30 13:19:25,2017-10-03 04:14:16,2017-10-03 14:52:46,2017-10-16 20:58:35,2017-11-06,75c150705c14f235a16b320852a7dbad,2017-09-30
203dfaee9b8175009f58d07065d8ee8f,6b05152bdc92e7134f747c0d0db61d37,delivered,2017-12-31 17:38:44,2017-12-31 17:48:20,2018-01-03 17:58:50,2018-01-13 02:07:07,2018-01-29,b63b79c857133fd728199de0ef703cee,2017-12-31
cf3c1e2bc533171445481ee9622691be,9a8b64d850b1680dc488d691a04e1448,delivered,2018-05-17 18:32:58,2018-05-18 00:37:26,2018-05-18 14:05:00,2018-05-21 11:14:46,2018-05-25,f410c57b5acc16bf3e111eae707d1fa9,2018-05-17
732016d12d4c4281c465b63da4e2ca8b,eb7974f6e6fc0aa156371c21e1c39873,delivered,2018-08-20 21:12:57,2018-08-20 21:30:14,2018-08-23 14:26:00,2018-08-24 20:14:49,2018-08-23,784cb4bb6f10b1951129e20b3e0ae20b,2018-08-20
502324e1f5fe134521e73937bfc90320,f1602bb9e01d34a9beb5693c32f23016,delivered,2018-03-22 20:59:50,2018-03-22 21:10:34,2018-03-28 21:04:05,2018-04-04 18:04:04,2018-04-17,585a783f9cb8a789c4d6b38f13929fe5,2018-03-22
3863d44c3edaefd7c3da616211c0d936,a6e13122a50040141e00d70edca2e668,delivered,2017-11-11 16:28:18,2017-11-11 17:15:31,2017-11-21 16:22:15,2017-11-22 22:02:58,2017-12-12,fa47246d4e7ab6183d88baf976c590b9,2017-11-11
7747943a54b29512ff1101e3881e5df9,d6fb0ffef6f30ad2e473857bc0f802bf,delivered,2017-08-10 19:58:16,2017-08-11 04:24:38,2017-08-11 18:20:03,2017-08-24 14:16:43,2017-09-01,906a676dd8c39b51dd1ee1e8547330eb,2017-08-10
920fed12ecbdfcba83b9a931f65b7f51,8f6ef193a19a395906a765c9ac8a1ce4,delivered,2017-09-10 20:48:29,2017-09-10 21:03:43,2017-09-11 13:23:43,2017-09-19 22:38:40,2017-10-03,98ee8f994c66bf19a69e597823562ad2,2017-09-10
d9a40c62c40151c4710705c2b92b4a50,deb19dc4202f498d4189969a9cc38a27,delivered,2017-07-07 10:00:20,2017-07-08 07:05:10,2017-07-18 15:23:45,2017-08-05 01:12:02,2017-08-10,8f16d984f24a6a8d1328c5e4d0107856,2017-07-07
6c5139dc6f51884e3aef7c8359d820c5,906d4c33b92be4db50b50c3c43964795,delivered,2018-02-27 13:00:35,2018-02-27 13:15:21,2018-03-01 21:40:31,2018-04-06 00:16:44,2018-03-22,a9c74d2b6946f64aaf6fe3cf203de960,2018-02-27
d88be96a5455ddcd7827994d95774b0d,e2c59ed9f5da1b19a963b6d7b9f3b1ff,delivered,2018-05-10 15:24:48,2018-05-10 15:41:37,2018-05-16 08:55:00,2018-05-21 19:07:47,2018-05-29,9cb961bafd45562e274fc0962c539b60,2018-05-10
aa53cdd4b9b5ab0136113cecc7c18f93,eb7a46e27bf49e53686389814b62b895,delivered,2018-04-13 10:44:08,2018-04-13 10:55:22,2018-04-13 23:29:37,2018-04-16 21:09:01,2018-05-02,b807171e0f33b320c1f1f188986ca3f8,2018-04-13
3bd3b4d482f916c2c9662b8da6f2758b,e1053f60223f6446d021fc034d81f5a3,canceled,2018-08-20 15:07:42,,,,2018-09-04,a4b4827ae7bcc15149ae31e25fbe1f95,2018-08-20
bac5252be9b1269976695ebd118ef43d,533f0f527edd31355c911bec8caef8e2,delivered,2017-11-16 17:29:56,2017-11-16 17:50:13,2017-11-17 19:18:56,2018-01-16 21:36:56,2017-11-29,700bca91ce2b57d63ac40d9a28097da8,2017-11-16
4f53691b758958dca780dbbe19dad2ab,b6cdf22de5558fa17709875a7780a4cf,delivered,2018-06-06 08:34:53,2018-06-06 08:53:50,2018-06-06 09:00:00,2018-06-13 18:32:08,2018-07-18,0bfe461ce9bb2a820de70ec1b8113b00,2018-06-06
6e0b92bf7f849a26ecbd65716cf5d610,ec129cc1eae905b8a97bd912589a9783,delivered,2017-08-17 22:45:26,2017-08-18 00:44:23,2017-08-18 18:12:02,2017-08-28 17:06:14,2017-09-26,50aecce33f258f21b0bbb27c7b60788c,2017-08-17
35481ae9f1ef5d7e8e8b79a2a84d7e42,9f3fb20fb87cb2bfafe9b6b6bbcfd560,shipped,2017-04-29 00:45:13,2017-04-29 01:10:29,2017-05-02 14:05:47,,2017-05-29,1317b91afed8087dca12797957f915d5,2017-04-29
462d31fa1e455018e0402328d54afb18,3b46246819bddf805c01f55e92f4ce57,delivered,2017-09-21 14:29:30,2017-09-21 14:44:45,2017-09-21 19:58:48,2017-09-25 16:17:57,2017-10-13,dfc3602cdf030fe8d48f053a11e9d195,2017-09-21
7355fd322343b5e2adebd1f0c88e0e33,0f835d3a44bfc8601fe5825f921ede8d,delivered,2018-05-07 10:43:14,2018-05-07 19:15:07,2018-05-08 14:35:00,2018-05-29 14:38:54,2018-06-21,f73ed0685b8f4388b07d4838f60b3571,2018-05-07
55557ec21b58ecf22cea0ca3e8ade908,4d8c11a7b6e568d87aa1824c2180ca7f,delivered,2017-12-10 10:59:41,2017-12-13 09:19:26,2017-12-13 18:26:57,2018-01-06 20:54:01,2018-01-10,30344e4168de593673fc8a3d5f2c8877,2017-12-10
1a68d6079c4fd25b3348fa2a03ac9579,5ea4f81504b4c78489a928f978001445,delivered,2018-04-13 17:00:16,2018-04-14 02:13:44,2018-04-19 00:21:07,2018-04-20 17:32:42,2018-05-03,db6c2b8985bd08622c73917c51768866,2018-04-13
d0c83ce2e7f68e33188bfa7101d9ec06,0bed3cc69787fd4be8e3dcd07c3bb611,delivered,2018-07-24 16:43:45,2018-07-25 16:45:29,2018-07-26 11:30:00,2018-07-31 00:38:32,2018-08-20,0d83b1f69cce44c6b8401433a2490be6,2018-07-24
e17ed9c20d79f29256a4a514e8d07230,f02281ff50731e8a5e07bbc0a45d4912,delivered,2018-04-21 19:02:39,2018-04-24 18:59:40,2018-04-23 19:03:19,2018-04-24 19:34:31,2018-05-08,664f84621d39978eea0931e1ccd848e2,2018-04-21
f7687ac7f841e3dfa274c20c2b7b7822,1fee8a461ed430f2a0a4ee0b68c9f1dd,delivered,2018-02-06 09:47:41,2018-02-06 10:11:36,2018-02-08 00:57:59,2018-02-15 20:23:48,2018-03-02,5f2fab3e4ebe70800d18f18c0e545ef8,2018-02-06
0c80c82bdef7f227e7483cdd3c94f697,19f9e4a8e8924688daf67bf32662c671,delivered,2018-07-24 12:57:52,2018-07-24 13:40:09,2018-07-31 15:50:00,2018-08-02 18:26:44,2018-08-15,2be7e51058c4afda672bf4d14a4dcda9,2018-07-24
a3b9ef87dc9bf6125988a6146005ccd6,e732d2301beacd7362fe3091cee0b9a3,delivered,2018-04-04 08:09:40,2018-04-04 08:29:33,2018-04-17 12:32:32,2018-04-18 21:11:46,2018-04-27,e73f8b6ff66dfa270cabe1db280ee751,2018-04-04
7cc23d880ead6eb7ebecb6292435b6d6,59a0b162e6ab2224f7ab84f8692b3917,delivered,2018-01-26 10:06:35,2018-01-26 10:19:19,2018-01-30 23:08:09,2018-02-09 00:04:49,2018-02-26,f7bb8c379e57ee370b09e721ddb87396,2018-01-26
2d9d63715c81835d6114d3f608fd9f1c,e424f099ba16554747def169a15b2b4f,delivered,2017-08-24 10:00:23,2017-08-24 10:15:17,2017-08-28 19:41:20,2017-08-31 20:47:32,2017-09-21,4623e25513fd0f0b829ab393b98e08fd,2017-08-24
b8c5179170a88075f209d78b42e85b5a,06d32dcb66d94bd19a131df8b5d7a017,delivered,2017-11-16 12:35:02,2017-11-16 13:10:54,2017-11-17 19:28:38,2017-11-22 01:58:35,2017-12-07,05f38cf30b71a72c61c06ad56c05db96,2017-11-16
483dc7aea9738d69a6e311c8d3ceda7b,e1dd32f68184a750cb46625e96cb5c36,delivered,2018-04-16 13:19:05,2018-04-17 05:51:03,2018-04-19 19:44:35,2018-05-02 21:22:43,2018-05-15,55c755ae7178d29fafe8ad0fc90235f9,2018-04-16
0feb8ce954124d3e3d8338c573a9c523,cd152920bf236523f7f23b0c29468580,delivered,2018-08-23 08:24:45,2018-08-23 08:45:16,2018-08-23 12:50:00,2018-08-27 22:06:33,2018-08-28,f52cdb6ee80cbc9c54ec6c633597a371,2018-08-23
566d1e57b2fc70ca4a32dadbd0bbd0a1,4b2ee5585c081b18bcaa8a2682564d19,delivered,2017-10-07 15:33:38,2017-10-08 15:42:17,2017-10-09 16:02:21,2017-10-17 22:32:36,2017-11-06,6620337ac07f171920b001d6714d82ac,2017-10-07
f0eaef1006347966bb8d9df149b7fb69,3b099363e91e8a8de4ffba2428a1461a,delivered,2017-02-07 11:08:23,2017-02-09 02:55:32,2017-02-20 16:34:11,2017-03-03 08:48:59,2017-03-23,5dc6d4b5876d93c0a7f6918a27ddf6be,2017-02-07
1974ffc6d3d8f6e9d8f82fcffa4be2a5,55d5c5b97b647fff11ad419df03dc35e,delivered,2018-07-18 14:09:47,2018-07-18 14:25:20,2018-07-19 14:35:00,2018-07-21 18:47:42,2018-07-30,8d0eac4be45354dab72a1a423e9f966a,2018-07-18
ed04a2b3c21cbcd90c2071a22a8cbda2,e899bf2f5f7da06cc412595d8ce11351,delivered,2018-04-09 20:07:59,2018-04-09 20:29:56,2018-04-11 02:39:43,2018-04-21 18:42:37,2018-05-17,6b74235847b7a508ddd9c7dd81735501,2018-04-09
8417a2ebc88dc3838a05b78f868aeec4,c200dbd8f8b00abf9018dce0eed07c30,delivered,2017-05-23 16:48:27,2017-05-23 16:55:27,2017-05-24 09:28:19,2017-05-31 07:55:44,2017-06-12,4e4de35a1e624240bb9af88f7ac8b175,2017-05-23
5076a734a6657a96ccc71e2bc8874e08,f16d43d5d628050388352f38cfa97c4d,delivered,2018-08-14 09:38:33,2018-08-16 03:25:14,2018-08-17 12:17:00,2018-08-24 17:36:46,2018-08-29,8660311748ba18cadc814eb18fe8472a,2018-08-14
516014d903cc71b894568690dfde0d64,ca32af952e8e86e0f7095ce31896b85e,delivered,2018-01-22 16:11:37,2018-01-22 16:18:35,2018-01-23 17:52:39,2018-01-29 20:26:42,2018-02-20,fb84f290715f97ceeabf5148b7b171c5,2018-01-22
010a35dc7fc3808a03d243d2fd8c6e35,be2c2532426301bff89f1493242c4afa,delivered,2017-12-16 18:02:38,2017-12-16 19:10:15,2017-12-19 03:07:24,2017-12-22 16:59:22,2018-01-05,c90f4838718f64510792abce92a1a7b5,2017-12-16
cef4e03348c70c1c8eee3647083675ab,8ff313e25b25345f237b434e0e497869,delivered,2018-04-23 09:14:33,2018-04-24 17:22:49,2018-04-24 22:12:00,2018-04-25 13:51:40,2018-05-10,d24e1d0902dac57dd313bcf4f9c80160,2018-04-23
f72cbb6ccc49c044b3adc2edee10f617,07294607d9ae24c25e268aec7ec6d681,delivered,2017-10-01 13:49:51,2017-10-01 14:04:24,2017-10-05 17:17:29,2017-10-18 19:22:40,2017-10-31,837b4a3466a4bfac39cc4c4965dd6c79,2017-10-01
c07a435151c139d66b920c7c4652aa47,465dcee0750c67f0366d32e259e9cd56,delivered,2017-10-17 22:51:55,2017-10-17 23:06:21,2017-10-18 15:10:28,2017-10-20 20:00:08,2017-11-03,7643539428febf6ceb340c122b3514bd,2017-10-17
0f7477abc25a26f58ebc0d00d2a7cde5,f22f55c1afef276c1c7ae29219972692,delivered,2017-09-19 05:51:12,2017-09-19 06:03:29,2017-09-19 13:32:40,2017-09-20 13:52:26,2017-09-29,75c7cb4037146f5c8e95ade4214396c5,2017-09-19
5f3855c579e82a703b52d837e9b0688b,35148f0d009a1f17f54bdadaf07a4bf0,delivered,2017-11-24 17:57:58,2017-11-25 06:17:42,2017-11-30 17:18:28,2017-12-05 21:16:59,2017-12-15,2dc14a6827e04328bea6dfd07ebf5ae4,2017-11-24
7af09f41da0338028361e811ca9d4421,8541f1fa485302c0c4fd0b668b2217a5,delivered,2017-08-02 16:25:12,2017-08-02 16:43:33,2017-08-03 15:25:57,2017-08-04 17:17:51,2017-08-15,0fbd8fdb573225776c7200885f71ecd1,2017-08-02
0357e50e9686e55b75e6873a97993075,5e9491dcfa20187b357f729effb3f238,delivered,2018-01-14 18:06:26,2018-01-16 03:50:15,2018-01-17 21:07:08,2018-01-23 16:52:10,2018-02-08,847d051a044ae2861445b34294f8f5b2,2018-01-14
962b2008b2f1e396e0d30b76caa96832,706cb4fa45140c2466f192e6d449f656,delivered,2018-02-26 16:49:57,2018-02-27 05:30:55,2018-02-28 16:42:45,2018-03-02 19:54:52,2018-03-12,00651d97d964127ccfc0e2e55464876d,2018-02-26
2dd2ee0d9fb9543e703f5132e745c2c3,22d4712579e7fcc391b2301c9c4ca06b,delivered,2018-08-20 22:53:49,2018-08-20 23:09:32,2018-08-21 12:58:00,2018-08-23 20:46:46,2018-08-30,961917d3393ed7ae96d4f140181f0e16,2018-08-20
7e95c60b8d79f6442ff63f84f8abf85b,359dfe341740d8b8b0608244ebd9fc67,delivered,2018-05-03 17:29:45,2018-05-03 17:54:25,2018-05-07 14:41:00,2018-05-08 21:56:40,2018-05-15,5f82c9a4be2791eb40fde8bfc52293e4,2018-05-03
851283a512a5a6634bc8957249592b26,68456dc4d3100de151cd6cb77865acd6,delivered,2017-11-15 15:47:35,2017-11-15 15:55:32,2017-11-17 19:48:51,2017-12-06 21:48:36,2017-12-06,fb374d327bb02e056ee964f122594ee7,2017-11-15
605eab4c9d7b2b8aa7e4b8f8362146b5,c24770f0dd49a1205bf78ffa2c32adb0,delivered,2017-11-24 13:43:19,2017-11-25 03:33:28,2017-11-27 18:17:14,2017-12-11 20:41:30,2017-12-21,16e12178159d3c0c1f4bcc7dec6a9d09,2017-11-24
51ee9ef5d831b5f76f97d2819e7f94a9,503c7a5a21169f21170540da26c2829a,delivered,2018-07-04 20:00:12,2018-07-05 16:27:36,2018-07-05 14:07:00,2018-07-09 17:12:01,2018-07-25,9fb25299942a2a1ff8618890958bee83,2018-07-04
42d18cc0399f54454215946af6ef3252,9b3cb84abc5c1cec3d856dd6c807b13c,delivered,2018-01-06 21:31:55,2018-01-06 22:31:29,2018-01-10 18:41:54,2018-01-16 21:33:25,2018-01-31,4a090bb276370f269f53253c10aeab1a,2018-01-06
35580ca9f2a84299b3b6c41875ba71a7,c3528306ef5eb50eae10c6f551cd70bd,delivered,2018-03-20 16:00:08,2018-03-20 16:10:30,2018-03-23 22:32:01,2018-04-06 21:24:33,2018-04-06,8a952080ec4f3f0bdde1dd93620ffee7,2018-03-20
918a23b289e2ce640ef9dc1f1b4043c5,3e3813c10989ff02473af86f08b4d801,delivered,2018-03-19 12:54:38,2018-03-19 13:35:40,2018-03-20 21:04:44,2018-04-10 18:26:58,2018-04-05,95311486692f0a5d5c6b2bc101369d02,2018-03-19
4f601391cdfe2a3984a4b1680c2c3d9a,56f10439f7b396c7c7b5445357c22e9b,delivered,2018-06-16 14:18:32,2018-06-16 14:38:53,2018-06-18 16:00:00,2018-06-25 18:28:38,2018-07-23,72013809df0c34d1a2d95cbad259bfe7,2018-06-16
126dbef0d053f55ed2e3b23e88efab4b,52dd02a7f957b228e887536623fc94b6,delivered,2018-03-13 08:51:11,2018-03-13 09:08:39,2018-03-13 17:56:30,2018-03-21 20:52:31,2018-03-29,c2ec1e578c66e8b62b5b898829a42b5b,2018-03-13
153f7f62711ddf3b559ce826060ffeb3,f4fa9e94d9ccec4f3fb15dfd8b29eccd,delivered,2018-03-02 16:24:13,2018-03-02 17:10:36,2018-03-06 17:53:16,2018-03-07 20:37:47,2018-03-14,7e1457edb1d6887825ead9268d1067c9,2018-03-02
643b76bc5e6a2667aeff11bef3ce52a7,40e24733ea67cc1706a44e0818135cf0,delivered,2018-03-04 19:32:02,2018-03-04 19:48:46,2018-03-07 23:19:00,2018-03-09 00:49:27,2018-03-15,4061733648992ce400e802aee518bdfe,2018-03-04
801524a8fbd37484e8d8c23448f113b5,262ce56ba019f4140816c8c602f345e7,delivered,2018-07-04 22:27:56,2018-07-05 16:21:03,2018-07-09 11:09:00,2018-07-13 15:41:37,2018-07-31,1bbd9a63db6ed2bb12623de2b1ceb7c3,2018-07-04
9341b903f73c4e68b67416d70236ca6e,357791671a41c4a3689a29f94ef60919,delivered,2018-07-25 23:41:45,2018-07-25 23:55:17,2018-07-26 08:45:00,2018-07-31 15:18:55,2018-08-13,6def0be9b84bca2275ecb28a673f811a,2018-07-25
56b3437c01d796a7b06aa2b4fefa1008,6733534023e802dfc498a9978c65f359,delivered,2017-10-07 11:19:19,2017-10-07 11:35:25,2017-10-09 15:14:18,2017-10-19 19:04:36,2017-11-22,b2874303b91c4bc2f2d73deefab5b4b8,2017-10-07
766bcee6e8be3f493822ddaeaa9165b0,eeca9c49930c852bd876095e673d06aa,delivered,2018-02-17 11:56:21,2018-02-17 12:07:14,2018-02-19 23:13:31,2018-03-01 01:45:36,2018-03-19,39b02ec9ec96b5a88ce9a99b8144182e,2018-02-17
a76390702d2f24f9e0d5ad3c5e9ec562,207735d42a0b6ca67f5049af8c1640cd,delivered,2017-08-10 22:09:50,2017-08-10 22:25:18,2017-08-22 20:30:06,2017-08-24 13:57:31,2017-08-23,59d66d72939bc9497e19d89c61a96d5f,2017-08-10
46ed4fb4b1057a1f6cf505bfaba6f7dc,cf732e7eec1fe4ff863436729530ba0d,delivered,2017-08-04 11:35:21,2017-08-05 03:03:18,2017-08-07 14:22:50,2017-08-14 19:00:00,2017-08-30,2ce5d2f1052c47331ae94aa3551f15ed,2017-08-04
4a51f8e9dff86ab803142a930f7866cc,9a51e2ee1ba066e4d20ffd20a5eb7bd8,delivered,2018-04-05 19:11:09,2018-04-05 19:29:44,2018-04-07 01:17:54,2018-04-18 00:32:01,2018-05-10,0333c10ff91a9c1aabc1d76f6ef19bcd,2018-04-05
70499645c2c89161c566bd7a2eeb8fdb,dca93b2c63e43e2d5893ff9cf43c7145,delivered,2018-06-11 10:45:20,2018-06-11 10:58:59,2018-06-12 11:10:00,2018-06-18 20:04:21,2018-07-13,0527ba077d9197f91cf9b1e0f14ce984,2018-06-11
d56ddc412e7725060f044aa15d7073d3,4e2af509f129461427e30d1283e8e81b,delivered,2017-11-27 14:09:30,2017-11-27 14:20:20,2017-12-01 19:32:56,2017-12-07 15:17:02,2017-12-14,964c3e09819399f8ed3e589a1c9a95e8,2017-11-27
4efa87f7d96100584de0e4138c30637c,0ed78515f267db4682a1f96fdfb87d1b,delivered,2018-02-01 13:09:07,2018-02-01 13:35:16,2018-02-01 23:43:35,2018-02-14 15:58:05,2018-03-06,114c786386113545dfaa147d19a5e772,2018-02-01
f9c3b3bf31139769a9952d2228555efd,511d7f5921a8a64e099b90c651decc2e,delivered,2018-02-20 15:50:52,2018-02-21 17:30:26,2018-02-22 20:04:08,2018-03-17 19:28:41,2018-04-05,d97bbe85b319d12df3a8aef459a0b046,2018-02-20
b5f0d49a8f5804130b25b7a6ccade2b3,d5d4eb0fced5d94d33a7b5ad795f16c4,delivered,2017-06-23 16:04:52,2017-06-23 17:15:14,2017-06-28 13:07:31,2017-07-10 12:43:41,2017-07-13,8a255ff4397e373f1412cd67316363c9,2017-06-23
ac305427188e9565c90c55a300d21206,13e36720b99a82c65a4701e93acdd6a4,delivered,2017-12-31 18:15:52,2017-12-31 18:26:37,2018-01-03 17:48:53,2018-01-11 12:23:16,2018-01-24,ffa8a7cd286a3431406fcb483d63df92,2017-12-31
3375db82ac870955bb1bd2d561eddfd5,6a6d612ef8cd1790b313f65207c2a383,delivered,2018-06-21 20:04:54,2018-06-21 20:17:37,2018-06-26 15:16:00,2018-06-29 23:32:40,2018-07-18,adc80b3a644793661cb9f57707434076,2018-06-21
a6eaa4e9d0e172457c2f76bdd1face86,4ddd4625fadce7b0ea6bc02c5bb84108,shipped,2017-11-15 18:00:59,2017-11-15 18:16:04,2017-11-17 12:18:51,,2017-12-06,d22db063a1076adf56109f22c0c14b0b,2017-11-15
d5213c494008952344b10bd19e27d9f3,64563bfd8ebafd2beb5ea14f14f14618,delivered,2017-06-19 08:19:29,2017-06-19 08:30:19,2017-06-22 14:44:38,2017-07-04 18:32:10,2017-07-19,e78ccc556d0b10e17e4e8337505dbce4,2017-06-19
40d2b678e613d0819d981630832e422f,046498c220fe6d3aa19f8c3d3ed485d7,delivered,2017-09-08 14:10:36,2017-09-08 14:24:03,2017-09-11 13:50:11,2017-09-18 21:09:28,2017-09-28,6c6ea26d47e257d940180ec430246a03,2017-09-08
70f0b4dfaf32a6a528f14215e154792b,35778d54b4d1b7f04ad2de2aa694f93c,delivered,2018-05-20 04:41:23,2018-05-20 08:17:26,2018-05-29 07:13:00,2018-06-04 13:32:25,2018-06-07,b3e330237fc39387b4845e7aee0ff377,2018-05-20
bc902a69924e1523c0d7dd83bc7bde91,19e73dcc18902f71beeca531f73c1e91,delivered,2018-02-21 18:32:20,2018-02-21 18:48:42,2018-02-23 18:52:55,2018-02-27 00:25:07,2018-03-07,3af4691c5124c444bb8c87953af3e69f,2018-02-21
9e0599de26eddaf0167b73e50f91ad68,c0677c004d421919dd1bdc646a37f930,delivered,2017-12-31 11:19:35,2018-01-03 04:29:26,2018-01-03 17:32:47,2018-01-20 13:22:02,2018-01-29,3509f35790035e4d9c9ce55ad28fbba7,2017-12-31
049ac54eda25ad838a76c65dcfd27c9a,3707669efeae29044e39ea9b2bfa9f32,delivered,2018-07-26 16:16:14,2018-07-27 16:15:15,2018-07-31 15:40:00,2018-08-17 22:14:24,2018-09-11,87d5e42b1563c49610513cc6511c05bc,2018-07-26
e533ab0dcf6735763fd458fda9868cea,2931a407327c7b43db00547c7bbbe3dd,delivered,2018-02-02 20:46:16,2018-02-03 02:53:51,2018-02-05 18:06:56,2018-02-14 17:26:00,2018-03-06,e98d9aa7b5fc651f6c8d64942ade0f60,2018-02-02
5d952c5bc80b046c423373cd126ceb00,4634034cc175c08895674b66ee1e5a36,delivered,2017-09-28 08:54:38,2017-09-28 09:07:18,2017-09-28 19:05:55,2017-10-05 15:06:13,2017-10-23,0a4767440baf7c819f8ca5e4c6bd2535,2017-09-28
44d753e5f4e21111096e0d54ba3a5b0d,59db0072154e4e149772fd56fb82cb16,delivered,2017-03-25 23:22:33,2017-03-25 23:35:08,2017-03-28 11:43:03,2017-04-07 13:27:15,2017-04-17,07726c622bf81dfb2abbcd44b56f4174,2017-03-25
e9b62e170c02345bb0f5e96bdc417a4a,ed6342171b201b20252bddd4d1fb7749,delivered,2018-02-06 20:36:15,2018-02-06 20:51:05,2018-02-07 20:33:17,2018-02-16 23:09:23,2018-03-02,7715698573ce7547d19b5f0b5f69994f,2018-02-06
3981b8f81ef6375179953f3345ec4f47,4dee9f4481876294efc334d9b05045ce,delivered,2018-03-23 14:42:24,2018-03-23 14:55:33,2018-03-26 19:58:56,2018-03-27 23:23:09,2018-04-12,d9a3f1b87c490cd812f22b9ccf1844ef,2018-03-23
f5a3eb7fb74526595623599e391ef6fd,8ef98506a1de4da22a3fa9dada1de99d,delivered,2017-10-03 16:44:09,2017-10-03 16:56:35,2017-10-05 23:02:17,2017-10-25 23:14:28,2017-10-27,71ff9a82c2c40d89c02d8867e73838ef,2017-10-03
811572abbc7e74051f65e2d072f1b86a,b28c4fb7f0ba7b77a68288b9190bd197,delivered,2017-11-26 15:42:11,2017-11-26 15:54:58,2017-11-28 20:11:07,2017-12-07 00:23:12,2017-12-15,90f52ce6db612d72aa3129325a1be9d5,2017-11-26
fc124eec9edbb799119308d21bfaea54,553116a8650fecf9e64790c28a2aa2ae,delivered,2018-01-16 16:16:17,2018-01-16 17:33:12,2018-01-19 21:52:20,2018-01-26 14:07:05,2018-02-16,a8e6d4ba769ab68e10b78899cd62777c,2018-01-16
4144eb32a48743c5f18f443d704fbdb4,fa603f159ab9a96a4d9ce9f3e45762e3,delivered,2018-07-09 20:10:46,2018-07-11 03:26:12,2018-07-11 13:42:00,2018-07-12 17:46:55,2018-07-18,9d2165e3c2e565068ba7239f2db3bff4,2018-07-09
b0b5259c58e77b7f9d586707946ce3cc,c4edb896f6e3c8753b8f8af2e6f6c7e2,delivered,2017-04-23 21:51:15,2017-04-23 22:02:20,2017-04-26 11:57:03,2017-05-09 08:06:53,2017-05-11,33e508cd7d2f90104d074ebe5dfbee81,2017-04-23
1b37c11d1b330f2f5a3ad3676bb9c07d,e9c876f6cb2bd5ab9a8ff7b30eaf6a83,delivered,2017-10-08 10:44:32,2017-10-08 10:56:15,2017-10-09 15:08:23,2017-10-17 17:13:11,2017-11-06,23e3f0103c70d5713a091b27c4bb8c39,2017-10-08
8e89832cd01aae257e9608ce09e0caad,cc9122c06d57f4321e9125b1d81828bc,delivered,2018-04-09 10:47:49,2018-04-09 11:11:31,2018-04-10 00:49:28,2018-04-21 16:28:41,2018-06-01,55acabc08dae3702cb38a0670ae32193,2018-04-09
53c33e360f83136bc4328eda17c360fd,3491de3df74d53eb01943cbf73a4199b,delivered,2017-06-16 19:05:07,2017-06-18 11:55:15,2017-06-19 18:43:37,2017-06-28 10:22:39,2017-07-10,6dc56cd4c3658649232a8fe993349e48,2017-06-16
72f13434d0258f5c25927d2b4d5b2c1e,d7b7917cfa60997e23f7bb56c0055729,delivered,2017-06-12 15:37:15,2017-06-12 15:50:11,2017-06-13 15:10:04,2017-07-13 13:47:29,2017-07-17,a73a341aa868b255594a9857c8e59772,2017-06-12
48139821eca38783cb43c48d98c0246d,fa4806deb2b4135ae3708a87c6279302,delivered,2017-05-02 18:52:57,2017-05-03 15:55:28,2017-05-04 15:21:16,2017-05-15 15:53:47,2017-05-31,760060a31cf4c2335c40eef87cf8f812,2017-05-02
791d454dd290baaf30d599c6183d7489,556b350ff8b8954e863415703f9b58cd,unavailable,2017-08-15 11:17:02,2017-08-17 06:30:52,,,2017-09-15,0b46b9ec6389756112397972156582ad,2017-08-15
73b72b64fe9ceac200edede7e53ab012,49adca84db251f78fa14d0aafa04be1c,delivered,2018-06-13 13:03:04,2018-06-13 13:48:13,2018-06-14 18:50:00,2018-06-15 22:24:34,2018-06-25,8367b52b2f70e145740d307e3383e6dd,2018-06-13
d7d414c8d4fa226d73dfedec8607deda,9fd5bd7fc08517053f9dac230a7ed8e3,delivered,2018-06-01 17:02:30,2018-06-01 17:15:28,2018-06-05 15:17:00,2018-06-11 13:41:01,2018-07-04,ca50114b5c62d7b1c5c8eb202f1e4ac5,2018-06-01
56c3277583e16009c925fdf116df420f,c3d06eb8905fc0c39966b0a57ee7244c,delivered,2017-11-29 19:13:45,2017-12-01 11:31:46,2017-12-04 22:54:53,2017-12-06 20:09:43,2017-12-21,07314acd6253564af6a73a1cc8aca080,2017-11-29
ad299d950f0e7f4950182f81129885f4,eec2811dcd6156a2bf056eadf1e6dc5f,delivered,2017-07-11 02:02:05,2017-07-12 08:15:15,2017-07-14 19:51:36,2017-07-26 18:45:55,2017-08-04,1d26faedb5e470f9fc8d3d0ef852b199,2017-07-11
ae4db4c8bea553ad40e0d84be24d635b,7f1843fb6c6498ae7aac917592a03abb,delivered,2017-11-03 00:28:20,2017-11-03 00:45:51,2017-11-07 21:57:36,2017-11-29 17:18:51,2017-11-28,189849d663c69ae10f7e25250b973186,2017-11-03
e06fdebc12c0419b48541e02526f2292,6d71a473407ed039ee5d203ac45ef151,delivered,2018-05-06 20:12:57,2018-05-08 19:15:24,2018-05-09 14:18:00,2018-05-14 18:58:42,2018-05-30,55b910cdb9ce8c7db734245dd4f0ecfc,2018-05-06
ff1f5f13541ce8f1a0755596df027a90,4c613260434865d48fa7bacc5be9cbeb,delivered,2018-04-21 09:00:35,2018-04-24 17:51:45,2018-04-25 00:56:29,2018-05-03 16:32:34,2018-05-25,6e08abf5cfb67eeea9e48463da288788,2018-04-21
419a5db6d2b2929fde6db58ea884dcb0,66130415d1832946fba8474e26e82348,delivered,2017-10-30 20:29:12,2017-10-30 22:31:37,2017-10-31 17:06:00,2017-11-11 17:11:36,2017-11-14,9b6a7355c961eb31d9434bc5c018825d,2017-10-30
4289c523d9d7daf854afd779579d63dc,8511391dc75fca4d08cd7ae54a049606,delivered,2018-07-24 15:43:18,2018-07-24 15:55:18,2018-07-25 10:23:00,2018-07-30 17:12:09,2018-08-09,0cca74f303b77a6d54a3ba9160862d1c,2018-07-24
c2a6e9e49e5282ea4882c738f6137303,ddfd8d13c24e4c70c557721e3911ae83,delivered,2018-06-07 14:06:40,2018-06-08 02:56:02,2018-06-08 16:02:00,2018-06-18 19:46:27,2018-07-11,c4a615a0882a12ece3f6ac5ffac33799,2018-06-07
2ffc70ec1398e16897e15c034ea5812c,6611519218a110e332c4c6cb89da150a,delivered,2018-05-11 08:55:59,2018-05-11 09:15:22,2018-05-22 05:51:00,2018-06-04 18:34:25,2018-06-04,c1f0e5a679fdfc043c25e87b1d846a05,2018-05-11
65bcf3fcdf15c0c2c31d60fa3c2b12e1,733f19dd22ffe3ab5ed470a44f178b48,delivered,2017-11-24 23:58:32,2017-11-25 02:53:05,2017-11-27 18:47:14,2017-12-19 18:44:54,2017-12-19,27a272046535111a3ed3286df1552476,2017-11-24
6abc9d4c7489e1be689ad1f068af8c31,0c908dcc7f29807856cfd37265b8c938,delivered,2017-03-21 19:24:14,2017-03-21 19:24:14,2017-03-23 16:57:32,2017-03-24 16:35:56,2017-04-10,9cfb0de54a4a9daa8aca4ffea86a82bc,2017-03-21
fe6e968e3b98fa04e72cc16d58b9c498,b60e676e8b6d16e7e63ba66c383072d2,delivered,2018-08-08 18:23:18,2018-08-08 18:35:21,2018-08-09 13:44:00,2018-08-16 23:12:01,2018-08-27,e43e7031cd89dd0ac61dd44b840c311f,2018-08-08
d6735b4006968f903a39b74f740dac04,d0ca176c890a0570ece08eb8f2a4a8e4,delivered,2017-12-10 19:10:33,2017-12-10 19:30:36,2017-12-14 17:44:51,2017-12-28 12:34:06,2018-01-05,d4c9f9c8a6e64e4f0cb3f3725bf44aca,2017-12-10
d59bf28088b4ceff7d0e220da6941714,df84cf421c0f3fbbc9b74bc0f97a82ba,delivered,2017-11-07 23:46:32,2017-11-08 07:50:21,2017-11-08 19:16:39,2017-11-13 15:33:17,2017-11-29,47d4d8ee1308ca5b3bbe0b031592b5ed,2017-11-07
6e81c429254c3355bd09d77c6437bb48,8126a0eb31c9c5129c70320c79e37fef,delivered,2018-01-15 00:21:50,2018-01-15 00:31:20,2018-01-24 19:44:06,2018-02-06 18:19:06,2018-02-20,e68e9e7ba54057868c5fcc2332507e8d,2018-01-15
83e24dbe6e1a79765dd6f8b91066ed00,55e2d4fb7eefded2b6d3f39666620acf,delivered,2018-04-13 11:57:52,2018-04-13 13:30:26,2018-04-16 20:14:38,2018-04-17 20:08:33,2018-05-02,8e1573decff799e8fb61e8c3708ad473,2018-04-13
a60314cb61d530098340958b535a8d84,96a5595010fd847f2b9671feb53a8cc8,delivered,2017-08-20 19:03:35,2017-08-20 19:24:44,2017-08-21 19:27:38,2017-08-29 18:48:00,2017-09-15,811e12d15bf293588174ff2e67d91d1d,2017-08-20
14c482cac944c8cec7bd0f58bc09514a,f0a308d95f7fd39dceffab5b8976eb27,delivered,2017-11-30 10:59:46,2017-11-30 11:11:33,2017-12-06 23:12:55,2017-12-15 19:36:37,2017-12-27,33bfe44dcdc35082e2b0a7293cb7ca8f,2017-11-30
677752f24bbbb61e39110af7c4562285,f2c47cf15662ec1d5402232c722f6ec5,delivered,2017-12-02 07:22:58,2017-12-02 08:55:11,2017-12-04 20:24:37,2017-12-15 23:38:36,2018-01-05,09c3e82280b2b2cd091a55707b62d04b,2017-12-02
e313e28672ccec17e6e1612899299623,8dff08273b834a0219865fc1a56a2c0a,delivered,2018-05-25 21:01:25,2018-05-25 21:13:09,2018-05-29 10:29:00,2018-06-07 22:18:55,2018-06-29,95177e11b5e2ae07b52a99b2524b516b,2018-05-25
64bea65441db4c3e2817c4986436a56e,8e1dcb9fdd757d18e53f82a75249abea,delivered,2017-08-24 11:19:53,2017-08-24 11:30:11,2017-08-25 14:15:01,2017-08-28 20:20:07,2017-09-11,e6d0123acf6f32436162b84e9239f6ce,2017-08-24
609054aa2204f8dccb3f474165d1d411,7bfd6f2f9f7602552eec22e3517699ac,delivered,2017-10-20 12:01:05,2017-10-21 03:05:38,2017-10-23 19:12:27,2017-10-26 15:31:59,2017-11-14,936034f35cc3c68cc9d2b8e0830649f4,2017-10-20
e64aa875cf76866ccbf740143d575f24,9e2ff1963ce2c5b8ed73d88cb47c8a05,delivered,2017-07-20 15:04:01,2017-07-20 15:25:12,2017-07-26 20:03:26,2017-08-01 12:42:52,2017-08-16,41d7a050f54d46cc6afff79ff1ac4997,2017-07-20
ddb9e8975cd9123fd5336811c747faa2,8deab30c73bc6ffae0e800d727c11c2d,delivered,2018-03-07 14:20:50,2018-03-07 14:35:32,2018-03-08 21:39:26,2018-03-15 13:37:20,2018-03-19,0ee2d68d876ee7e1d67e971e05d43238,2018-03-07
ef66cc60de5221417b5fb81b1c42de85,226d59f9f4b98e228b689eea45d03a6d,delivered,2018-03-31 15:08:21,2018-03-31 16:20:05,2018-04-03 16:31:15,2018-04-06 19:06:35,2018-05-04,66980c3775537536f77b434d74e520f5,2018-03-31
733e030acd7fb0584a2e64f9a981e9fc,c07f2bf6906f534e25308dd71d4bb97c,delivered,2018-08-12 11:55:11,2018-08-12 12:05:12,2018-08-13 15:42:00,2018-08-18 12:32:45,2018-08-31,22aa818d91760f0e8ef6515d8b6af549,2018-08-12
cba35ca631777989dbe090e253219b62,ac56d74968d72c07802b027afd28716c,delivered,2017-12-07 13:31:20,2017-12-07 15:29:41,2017-12-08 21:41:42,2017-12-10 17:19:09,2017-12-26,579a0466e294c815fb6b54688be36fa0,2017-12-07
ff14a3e36b78f407a4e8402572e4edfe,4efe40b9fdc01c9a7056e25969589d5d,delivered,2018-01-18 13:21:36,2018-01-19 13:14:45,2018-01-25 16:43:04,2018-03-01 18:02:56,2018-02-09,92603fb137176e599427a906f8006c3c,2018-01-18
e65f1eeee1f52024ad1dcd03447f7482,198f511b5a75bf936a96f1d4769e3974,delivered,2018-05-18 15:03:19,2018-05-18 15:15:37,2018-05-18 15:00:00,2018-05-19 12:28:30,2018-05-29,d5f0cd2eb93b7fc7c2350e758af16dc9,2018-05-18
4cc479c410cb824d577fb1a31af7b002,a8ed065dc70e5226d2fb9ec1ada6edf6,delivered,2018-02-20 13:34:41,2018-02-21 06:05:35,2018-02-22 00:22:05,2018-02-26 16:49:07,2018-03-12,dec5217f924eab1dae338b9b54f53558,2018-02-20
eecc2228a558c977d240693c7adf6dc2,3bc958811e961837de533256453f1f61,delivered,2018-03-21 20:25:40,2018-03-21 20:35:37,2018-03-22 21:33:29,2018-03-23 15:57:35,2018-04-03,527d59def65c2a1300ae5c4138c279ea,2018-03-21
8f1b87d8fb573caa3a4f426564eb3e8d,365453ca95d711819fdeb0355eb470e3,delivered,2018-05-18 14:36:21,2018-05-18 14:57:31,2018-05-22 07:14:00,2018-06-01 17:57:28,2018-06-04,309564eb1616e1560aff4e88ddca45bf,2018-05-18
44b7e745838a4567bea39348717073cb,c735eb0078030fe24d1ab1390468c19d,delivered,2018-03-15 19:25:20,2018-03-15 19:48:32,2018-03-21 00:39:02,2018-03-22 01:26:31,2018-03-27,127f0ff2f4e52925f03388b3937c09b6,2018-03-15
88d95fe1b916ad9ae117e52dd078e0fb,099777051fbedb21f76286089db72fba,delivered,2018-06-29 14:57:42,2018-06-29 15:11:20,2018-07-02 09:49:00,2018-07-11 18:08:43,2018-08-07,dd5d0ea9be726f1f67631f4b61d1d498,2018-06-29
f15016a558849089056c7b9fb908ebba,bed5a20076049bad6c703bb683e0d1fc,delivered,2018-05-02 10:22:32,2018-05-02 10:35:14,2018-05-02 13:36:00,2018-05-21 13:36:32,2018-06-01,a74c55db1520986fe4c117a54a0fc287,2018-05-02
84e18dccfd5aad7f91ef778c2aa0b959,5a4ac121c307de49a8e97ff580be6fba,delivered,2018-08-09 12:37:17,2018-08-09 15:05:34,2018-08-10 13:31:00,2018-08-15 15:35:47,2018-08-21,340f62385fbaaf2d7947c6cb82fb0318,2018-08-09
acf31320a17ec091f71b623a3b776760,ed1d3344630551529af3894e65b1ca57,delivered,2018-05-29 16:32:51,2018-05-29 16:51:33,2018-05-30 11:06:00,2018-06-06 00:38:56,2018-06-21,5cda4f6c416dc05d4ed3cb81592d8b76,2018-05-29
95fd03e2237bc14cf9c1b6d6abd6ae93,adb07b9e00ba6e36eaa6972dcce7f0d0,delivered,2018-01-24 16:43:08,2018-01-24 16:51:30,2018-01-25 22:19:13,2018-02-05 21:25:18,2018-02-23,ecb2bbf5c566fab74d5ab5f3cfd2ba19,2018-01-24
07cbd6088d2dc5108e16680fa00b7045,69afc81a37be74df6fca505b1f5920ed,delivered,2017-10-11 15:40:06,2017-10-11 15:56:22,2017-10-13 20:13:06,2017-10-17 16:04:41,2017-10-24,6145d3a55d1f273e21b9772f1c4b4542,2017-10-11
96dd4c9c90277943c551ab185303685e,f6d75d8498810818be46ed80d304c77a,delivered,2017-08-14 17:08:14,2017-08-15 18:05:27,2017-08-17 13:30:07,2017-08-25 14:28:47,2017-09-08,f7a8d2048d960614025bce070ffc91bd,2017-08-14
978564f73dadc05775f6347d1a508e12,95b563d073d917f1e750f9a4f490bad6,delivered,2017-10-06 21:24:49,2017-10-10 03:49:29,2017-10-23 21:45:09,2017-11-14 23:21:43,2017-11-01,df0a6be815cb4c0f61413f8f13632739,2017-10-06
39d12e8a24d51d8b1202939fadf3df78,81cee629e18a05e1b07469e13bdffc5d,delivered,2018-02-04 20:24:46,2018-02-04 20:35:32,2018-02-07 22:48:04,2018-02-10 16:39:55,2018-03-01,2fcbd62e518c7cb5bd7a06de9aef3368,2018-02-04
5f8b64bfce7d975e732813b83ea0b71f,b2cd06e4e6927f2bfa2c93887cdb895c,delivered,2018-01-01 11:59:59,2018-01-01 12:11:44,2018-01-02 19:07:17,2018-01-08 22:44:35,2018-01-26,b6cf8bbafafaaa2a2a24078b4f77f940,2018-01-01
908f072f2390700728e47735f17c16ee,5cdaa50ad19e5560423eb9be41542e5f,delivered,2017-06-03 22:47:49,2017-06-03 23:02:25,2017-06-05 10:46:47,2017-06-13 16:14:54,2017-07-06,c574ecf69ca7ba500c1b9d4e27fffe1b,2017-06-03
e5abf89c50ab4087ce3b700ae5dac49a,fe1873139d1f28e781baec43b34caf7a,delivered,2017-08-11 21:51:07,2017-08-14 14:35:17,2017-08-16 23:13:06,2017-08-26 14:03:03,2017-09-06,8e656de4d5a5b464b5c677e6529bff21,2017-08-11
455b543c53eb86970fe22cdb9890a686,dc8c481511c857be2723f3a4c62de54f,delivered,2018-03-24 19:48:21,2018-03-26 10:08:35,2018-03-28 16:58:20,2018-03-30 02:32:13,2018-04-06,890740d506e0acef77a81232edd17c16,2018-03-24
1d52ecb64812aade8eda623f0a2f0c79,80fd8c4c7004d98ff9cdf61587724a35,delivered,2017-07-07 13:29:30,2017-07-07 13:43:37,2017-07-10 16:24:59,2017-07-11 19:21:51,2017-07-20,3d6042d877fddc23b9d57ed6669a5b8c,2017-07-07
f707ff2a9514dce20b267136b60af042,d1774572040fe4b9081e1abcc26f0783,delivered,2018-07-04 01:20:01,2018-07-05 16:33:26,2018-07-05 14:51:00,2018-07-06 19:19:44,2018-07-19,031e19fc630c4121f1238716f41675c3,2018-07-04
0b497dc78b09ae400416eabda31cf6ea,150f3b531a30c607299f88011664e2fe,delivered,2018-08-03 07:43:45,2018-08-03 07:55:13,2018-08-03 12:37:00,2018-08-06 13:41:57,2018-08-09,de262525369d8e5d5fe802dcc7935b0d,2018-08-03
e71957268efa9cb98b393a6851836014,8264a0ee73746048f00a1e83dd5fc934,delivered,2018-08-07 10:57:10,2018-08-07 11:10:16,2018-08-10 12:55:00,2018-08-14 01:13:40,2018-08-10,f832788250010b941df1501e6082bc87,2018-08-07
ac1b50b62dec654637917462ef922bb2,d8894da0a36288badecf91db3f72079a,delivered,2018-06-07 22:53:34,2018-06-07 23:14:01,2018-06-11 12:52:00,2018-07-04 14:27:00,2018-07-17,895be367711aa7a35465b991c7d2854e,2018-06-07
1c8993cccdbb60c365c24a8d16a27d6e,d40d86343d1aa6a8a3ce63ab5a19d6b4,delivered,2018-02-10 16:40:00,2018-02-10 16:55:51,2018-02-20 00:37:53,2018-02-27 18:39:10,2018-04-04,113b5c1fb03a238d9131fc1af666f70f,2018-02-10
47c06c1588f9c9cb71462e6d39893f63,6dbfa12b33da73473d07c931f4d50996,delivered,2018-07-26 12:00:43,2018-07-26 12:10:19,2018-07-30 14:21:00,2018-07-31 23:36:27,2018-08-03,4ca9d5bd0850282d87754ca17be42525,2018-07-26
0ebfe9a26193534976676159811310dd,2d3b4b8a0c8fb27bbc3eb482773f417d,delivered,2017-08-11 17:27:16,2017-08-11 17:45:10,2017-08-14 20:42:32,2017-08-21 19:06:15,2017-09-06,4ae8d2ef3095c631ab0c370580661947,2017-08-11
f9b8f31744dba7c23d41cb9ae8e025e9,8af2418e11b6af432782ee2f0f6f6a4f,delivered,2017-09-03 04:38:18,2017-09-03 04:50:38,2017-09-04 15:54:06,2017-09-05 19:22:33,2017-09-15,ceb1e52d9d82a091b9fd0a43c21d657d,2017-09-03
c09ea37d3dd207e756102d311bcdff13,f479a2aed6a2d819e03d50dcbba5d474,delivered,2017-11-02 00:18:01,2017-11-02 00:35:47,2017-11-03 20:34:40,2017-11-08 17:44:35,2017-11-23,15690fe754d0f93ccba74a474bf31b4b,2017-11-02
8dc1f8d01bc05e44097bac9d9b2f0361,e185b722c2a548c39ab8d945ce1742ab,delivered,2017-03-29 12:02:32,2017-03-29 13:06:21,2017-03-31 13:08:40,2017-04-04 15:36:14,2017-04-18,59a777bb10716d0c8a29011410c1ee45,2017-03-29
b20c46715ec04f46dc345b698d989f9a,36d9ca3c8936346de613aff02ddd3bcc,delivered,2018-07-02 16:31:06,2018-07-02 16:50:20,2018-07-03 13:32:00,2018-07-06 18:36:26,2018-07-27,89f0a240357a5d82a81bcfe959ca34cb,2018-07-02
47f6f4fe0e134442ba777c87169469c3,9d69b5197e3e9f67c753cb6389f1c3c8,delivered,2018-05-18 00:34:54,2018-05-18 04:14:33,2018-05-21 13:59:00,2018-05-22 16:28:50,2018-05-28,4b1d6757fbad7cc721dc384757e2433a,2018-05-18
66fcdbc46a553ec1e80fc940b8f1bc15,064f9ae5ca1199c397a8155b2338783a,delivered,2017-11-14 20:08:14,2017-11-14 20:26:43,2017-11-24 17:02:27,2017-11-29 19:11:52,2017-12-13,73de7b7b976fc6b75283b05f67fd6b5b,2017-11-14
0b5b77a10f85ebcb19877591a0550895,9e105fda1ace04054f1a9dcb17aea8f9,delivered,2017-11-24 18:31:35,2017-11-25 03:52:20,2017-11-28 21:51:41,2017-12-15 22:54:38,2017-12-26,731ebcc2311f9728a34ae04aa626f4f1,2017-11-24
a89197bd4c78a468357435c73ea03bdd,ffcd14ed59af25129b69e7225a599db9,delivered,2018-01-06 16:20:01,2018-01-06 16:29:06,2018-01-09 15:51:45,2018-01-17 17:32:54,2018-02-01,7ffa0ad89fffb0d6df54bc563f570cb7,2018-01-06
b477500d4ae1723dcb01f4eac28a36ad,71260026dca3e9d25f5b9bbace4bef6c,delivered,2017-10-18 11:16:32,2017-10-18 11:35:18,2017-10-19 13:16:05,2017-10-24 16:38:01,2017-11-06,bc85d6e28aaec2615484eab2db457bde,2017-10-18
e9e7ebde60b33ca371a24f94a52fb499,9fdebfae1dab5716f638f0a569588542,delivered,2018-04-17 14:54:03,2018-04-19 19:31:11,2018-04-25 10:34:00,2018-04-26 19:18:32,2018-05-04,6a7f806445a8b9d71fe65484bd6cd590,2018-04-17
9916e82812289e085948ecfceaecfd28,de7b10bece4625b8676da31e0c93ee51,delivered,2018-05-31 13:06:02,2018-06-02 03:11:23,2018-06-04 14:28:00,2018-06-08 21:38:48,2018-07-04,486c820a9d077208b4856585fa5e0219,2018-05-31
9eb14d81ec261aeae5d99c5460425b59,d0b17a3f2cfc2f8f729870235be4f59a,delivered,2017-11-06 07:46:46,2017-11-07 07:30:34,2017-11-14 22:22:08,2017-11-23 13:21:59,2017-12-01,d54b9a83d89e3d7dbfb98101f3790bd9,2017-11-06
8cfddf5c3bd7fbfd1788b72b5bb9341e,9b9e283a902cd243f92a021fa9dad55d,delivered,2017-09-15 13:51:21,2017-09-15 14:10:28,2017-09-15 20:04:55,2017-09-20 19:06:07,2017-10-05,d05d383e38406accbeebf3ed815e9bcb,2017-09-15
1338ce707502bad7afcc95dfff8bcaf8,90f51bec5d0d69face28f9243b919d34,delivered,2017-05-13 00:35:58,2017-05-13 00:50:07,2017-05-16 16:02:18,2017-05-22 09:14:34,2017-06-05,4cde5935a14d2026e0ddc96766048e21,2017-05-13
1617de4324c46b195f0be6e6b6fcb3fb,95e9feda7fe9e2321918c785a1557279,delivered,2018-06-22 12:56:53,2018-06-22 13:58:19,2018-06-26 07:06:00,2018-06-27 18:22:07,2018-07-05,f8574b26f55cc99f7a660ce53fe1976b,2018-06-22
c65c62970b6f828387d4db9a25361d96,a515248d7329f35b368348d0068033d6,delivered,2018-07-13 18:38:56,2018-07-13 19:03:58,2018-07-17 14:00:00,2018-07-25 13:31:44,2018-08-07,5faabfe6772088c4d906b63fa81ac63d,2018-07-13
d3feb75cb4e8d372a35e074fc1175bcd,3c041d8a707afe3117f3e7e995660a4d,delivered,2017-09-01 12:43:39,2017-09-01 12:55:16,2017-09-01 21:55:33,2017-09-25 20:54:58,2017-09-27,ce60a50b73f7934a7d4caa92f2f05bbf,2017-09-01
115e66d4761de38590d764ac61b9e36c,42d01857fb367d54c80aff45ab268155,delivered,2018-05-08 17:02:32,2018-05-09 17:10:26,2018-05-11 12:48:00,2018-05-24 22:04:04,2018-06-07,045647db3d89047f1163e8135bc2336c,2018-05-08
dcdd1d6c661bf3e70d6e9d12cbe0e35a,127f6831a8583820bfee59da2334b6b4,delivered,2018-05-11 06:14:12,2018-05-11 06:30:07,2018-05-11 15:09:00,2018-05-14 19:24:50,2018-05-25,f2d6766e60c4da6664a2426139b83403,2018-05-11
9a2701b301b281b74ddeea78e0a24625,589a6c40ceea171e948f150c1d4c498e,delivered,2018-07-12 20:02:45,2018-07-12 20:23:45,2018-07-16 09:31:00,2018-07-20 18:48:32,2018-08-08,90b91ff6c02bfa1b06450addfc9e4bff,2018-07-12
ebf83e24414af9b0250d34007320eed3,953eb7c942f08edca37c92f746af7740,delivered,2018-08-20 08:13:17,2018-08-20 14:15:26,2018-08-21 13:22:00,2018-08-23 19:59:45,2018-08-30,679c725af99af665b8df48e387d41708,2018-08-20
e7854a5534bfca3560750cc39a728042,34f301c8700bbcf7e0b01c20ae8874bc,delivered,2018-04-09 22:09:57,2018-04-10 00:15:31,2018-04-11 00:36:44,2018-04-16 14:58:27,2018-05-02,a1e50a3dccba202163dc3be9dceb3a2d,2018-04-09
49d3db2a02106c24d6ef800bd8ad5546,b7a09c321b57fbcccf7b5fe38c5bd8f0,delivered,2018-02-20 16:05:55,2018-02-22 02:40:24,2018-02-23 00:04:28,2018-03-06 21:33:56,2018-03-16,f46ebdbd5c48c0683980a759b8937912,2018-02-20
dae97a1f0f8cafc4d646231f0d04fd88,7fb813eebaef144f1a4c38e3c730bd02,delivered,2017-06-06 20:47:46,2017-06-06 21:02:44,2017-06-13 12:08:59,2017-06-19 18:54:27,2017-06-27,c488f6d456fa4dffb75bcf7cc4f6a1a3,2017-06-06
75c84c78ed440df887c1dd6d38311dca,2f6cdb93c2573a1a5f1a2d927c574ec4,delivered,2018-07-07 21:15:11,2018-07-07 21:25:34,2018-07-10 12:43:00,2018-07-13 21:12:42,2018-07-25,76e6f809c9669a0ee948d285c2328883,2018-07-07
8d866309dfbf9649da64bd53a80c7b7e,f3476f906a037c2c993fe44405c22a6c,delivered,2017-05-16 18:49:55,2017-05-18 02:15:25,2017-05-24 08:23:51,2017-06-12 16:14:51,2017-06-20,6950a34bc57639c8a5c66e4022979776,2017-05-16
9219a5c9f7499851f5050de06f739f80,26998936d88eec76dd047cf0ff634fe5,delivered,2017-06-08 14:31:51,2017-06-08 14:45:33,2017-06-14 06:19:41,2017-06-16 22:07:50,2017-06-27,e0e5bfb31898ac15694f7585890bda3d,2017-06-08
f0f93d33b63c2c83cdd9eb9414a35536,c5912afa747c4f74458aecee49c8f8f2,delivered,2018-01-18 20:46:41,2018-01-18 20:56:23,2018-01-19 17:48:35,2018-01-23 11:18:51,2018-02-08,40fbb22e1fb5784f6f780f19b7ff2d92,2018-01-18
4fcecf52518a5e74c2431d5eb2dbc8bc,d9b1dfecfa8abc4ebe7572ecd5a8da14,delivered,2017-02-08 22:39:42,2017-02-08 22:50:21,2017-02-09 12:17:52,2017-02-15 16:13:54,2017-03-09,d8cec7a988d4c5a90850e263daa98a85,2017-02-08
ed94f5031833364ef7942a2b0328756f,e47a5eaa9f946c91bec2fceecf088ae3,delivered,2018-02-14 21:32:54,2018-02-14 21:48:10,2018-02-15 17:23:27,2018-02-20 19:20:04,2018-03-12,8382a41c1ad0d5467ab70e368c381bcc,2018-02-14
8c06de33065ff82ad2d811b7e81a5f7a,b54ba0f5011c40abe78ab10056ea0712,delivered,2018-04-28 22:29:19,2018-04-28 22:53:14,2018-04-30 13:27:00,2018-05-05 15:03:25,2018-05-23,265326c5f25cfb407e2b02ea5df5c562,2018-04-28
d34cb15391da3995afd6d1f62251f34a,e81d44092ef22351b83a2e3c61f6d8a2,delivered,2017-12-03 22:54:27,2017-12-05 04:19:41,2017-12-05 21:47:10,2017-12-09 13:54:44,2017-12-20,9537b4bff0d3993633260266d558266f,2017-12-03
8013932c4c00036478bea6424e783117,61b81e339e3b1296970ebb2e791b2cf7,delivered,2018-02-21 19:43:27,2018-02-23 02:10:52,2018-02-28 20:52:24,2018-03-07 18:32:44,2018-03-23,ab5d880714aa9cedc0c4d7e1b9fcb18b,2018-02-21
3e6f2b32accad480bf1508660cc2e609,e0351bcc6002fa51ad0dcdf775866672,delivered,2018-05-05 06:14:29,2018-05-05 06:29:42,2018-05-07 11:50:00,2018-05-14 23:16:41,2018-05-21,e039e48b34bc0a8730a11b455d9b43c6,2018-05-05
b4ee8b4e6cdba36455ad826db9938e35,ed3fe46fbc557470fab546231b8b44dd,delivered,2018-01-18 22:44:34,2018-01-18 22:56:21,2018-01-23 17:39:13,2018-02-02 02:41:52,2018-03-12,399c968e41d02763022929d9c8088052,2018-01-18
0494f6deee34c3bcc09e66f364b0e5a4,90331f6d4993e9930f17d54c34190477,delivered,2018-05-17 16:38:18,2018-05-18 00:15:20,2018-05-18 10:52:00,2018-05-21 12:57:22,2018-06-07,206b04b38a5dc8404458ec16edeca606,2018-05-17
578e406b34a3ef878b509b9fe1813dda,0d16e4a7336116a77c9fe81af1c589b9,delivered,2018-05-23 10:12:38,2018-05-25 02:55:24,2018-05-25 14:44:00,2018-06-05 22:24:46,2018-06-26,1c80895145d13e3aa6536434c752e60d,2018-05-23
d978b987ad3fec35e680ec4e4954c3bb,3f16a23ea2f57ab05ca7faf84886628a,delivered,2018-01-15 18:11:11,2018-01-15 18:30:30,2018-01-19 23:18:53,2018-01-26 16:09:34,2018-02-15,a9c34d981273dca06c1bb6ef0beb45a4,2018-01-15
a8ae22d68419abf4bbe92b7623b08657,de40e840af17b6227c01ca19031ab896,delivered,2018-05-02 15:22:27,2018-05-02 15:59:46,2018-05-04 15:46:00,2018-05-17 16:47:38,2018-06-12,6a583f4c6790a4c8330beb7612e17f42,2018-05-02
8f081929c8382616a4b5fe9df406a802,ee6efaac6f06a51ec3fb8f07a5970fa0,delivered,2017-12-08 15:21:03,2017-12-08 15:32:31,2017-12-11 20:29:10,2017-12-13 15:42:17,2018-01-09,39d6725d99d64de3b46d0e9ba56d3cde,2017-12-08
22eed40bee218240dc8862ed7fcf4bb5,b4dd6d870f3acee54737b7089970e9d4,delivered,2017-06-07 21:56:03,2017-06-07 22:05:12,2017-06-08 14:43:39,2017-06-19 21:35:29,2017-06-30,9fbed2822de8e388b0b6d30fdf28099a,2017-06-07
a74946e8d16a96e1bf7781b460c859d7,17b48716b9039a24c70737b99ae6c596,delivered,2018-05-03 20:45:14,2018-05-03 21:11:05,2018-05-11 19:00:00,2018-05-14 21:56:26,2018-05-17,15b1bfc0bcdc26d9f785c0605bdf9e87,2018-05-03
761635b00759928f8a05278ed264f8bb,88459b7849a26333bf51e15f77deb1b7,delivered,2018-07-01 21:33:29,2018-07-01 21:50:02,2018-07-03 10:59:00,2018-07-05 14:52:44,2018-07-26,9f3de8333b22deedcfbc3f9e6328e216,2018-07-01
08504a0dce0a3cd13b3f7971d29fb991,07ea600bb145c172bb93190abb2081b9,delivered,2017-11-05 15:24:14,2017-11-05 15:35:35,2017-11-06 19:41:31,2017-11-08 23:27:32,2017-11-17,de34b16117594161a6a89c50b289d35a,2017-11-05
aa97bf10b62cd4192eec14a6fa4d5121,6e54c0ab4e3f5aa3783833c03a284526,delivered,2017-06-17 11:42:52,2017-06-17 11:55:13,2017-06-19 10:42:55,2017-06-22 17:05:02,2017-07-14,8d6f2e86326ed5fec81d8277a82750dc,2017-06-17
c34f00bf4a9abf925efebbc3b2484c24,fcbabeab77405bd9462db83adbee7f65,delivered,2018-02-26 14:01:42,2018-02-26 14:15:32,2018-03-02 17:43:40,2018-03-16 16:09:53,2018-03-20,2acb0088343d9735b64b4fab38ae4540,2018-02-26
8b24b76cb8cadb97c498a77b53fa3bb6,0a3fc5d5da7f44df671fd0c914381077,processing,2017-11-24 22:07:03,2017-11-25 00:34:49,,,2017-12-15,9429db44939723fc952317ec592c11e8,2017-11-24
1d8b5843082c2b3535929596a312f966,08c9b617946bbb79b3a285fa9e048229,delivered,2017-11-13 15:30:09,2017-11-14 03:50:50,2017-11-17 15:28:52,2017-11-21 22:26:48,2017-12-05,3081016910668ae550837d0803054523,2017-11-13
b36821b178b0c8f04ae7efea66fe11aa,4e9197af241b5714a60a998bde13aecd,delivered,2018-06-01 20:54:32,2018-06-01 21:11:29,2018-06-05 10:53:00,2018-06-06 14:37:28,2018-06-26,1f002646e8e36047b4be779104d4c1cf,2018-06-01
2480f727e869fdeb397244a21b721b67,94967f1e8a9ea8ec6c7129f098f32155,delivered,2017-12-13 18:51:45,2017-12-13 18:59:27,2017-12-14 17:45:03,2017-12-19 18:33:08,2018-01-11,2faf4a1d502b10555a9f39353ea20148,2017-12-13
c38b7df1e86d6696584a1fd0134d90a3,b40d079359c3227ce06419dd806135ca,delivered,2017-04-04 13:57:32,2017-04-05 09:42:40,2017-04-05 19:15:06,2017-05-05 11:57:52,2017-05-11,4a9941e208fb44d44ca3a9aaf4020914,2017-04-04
ab71e5dff0ed652f1559e1860391bd22,bc26872a97ecb20a76f5583ba731e553,delivered,2018-02-22 15:17:40,2018-02-22 15:35:37,2018-02-27 22:16:40,2018-03-22 16:27:35,2018-03-15,c385f43894ac5ac31c50339ccf16e8f0,2018-02-22
84fe96b51754d901f25f63d9613266b7,c1ae4b702d6d7d3e6c00c05712b70774,delivered,2018-03-08 10:43:22,2018-03-08 11:08:41,2018-03-08 23:38:22,2018-03-16 23:28:48,2018-03-26,59705dc078518c19dea198d17359ce79,2018-03-08
6172acc45ea968ebfc452a0644b1d6e1,4b3b525e0cf9bfbd2bde0ee447c301d6,delivered,2018-03-30 20:48:54,2018-03-30 21:07:35,2018-04-03 01:52:51,2018-04-13 23:26:36,2018-04-19,b4e4f24de1e8725b74e4a1f4975116ed,2018-03-30
318034c29181efd4952394fd0892c3dc,98ef4510beb1762e2d8ecf42663fc2aa,delivered,2017-05-04 09:07:57,2017-05-04 09:15:17,2017-05-04 16:13:27,2017-05-08 13:53:17,2017-05-25,28964effdb944d06f049b07fe217f3e3,2017-05-04
1f3e98938afd17558e267ed6afda4c95,f79697f293f0508c1ccafd3a4b64b55b,delivered,2018-07-19 17:20:57,2018-07-19 17:30:22,2018-07-20 12:37:00,2018-07-26 19:39:28,2018-08-02,c133165662ad3ab64f7a8b6e3647a50d,2018-07-19
fe522211f91ead8530eaf08d45cdbe7e,7b438557d2ea3b0746790626ffa80854,delivered,2018-05-09 14:33:42,2018-05-10 14:32:44,2018-05-11 15:03:00,2018-05-21 22:09:37,2018-06-04,0688e24604af1abe322f35e07e3bd28f,2018-05-09
709b861e47ea50e8ac08c7717c84b02b,b7ec44e1fbe3f1c953d9ad8671536a4d,delivered,2017-05-24 11:11:57,2017-05-24 11:23:05,2017-05-24 14:48:01,2017-05-30 10:54:17,2017-06-13,c3aae651c39de425d7bda12a2cc00f75,2017-05-24
6b53b59d28af45f02a606d5ace41b854,319e3c9ffdbeda213ed5d491e3166502,delivered,2017-08-01 10:29:34,2017-08-01 10:45:13,2017-08-08 16:22:18,2017-08-17 18:57:56,2017-08-23,9c339f12bc8355cffd6dc8ee37e90c5c,2017-08-01
ae5006e8bc74e1aba0f5f41bd117cdaa,c60ae2f802c93d5d8df1f6b12afe6937,delivered,2017-11-09 04:25:35,2017-11-09 06:30:43,2017-11-09 20:22:59,2017-11-17 18:31:48,2017-12-06,49f5ddfc3fee09b6f009d45c5c947b7d,2017-11-09
7471e882dcc3115c0d0a721d2da859af,3c73c0bb13894303e385984c31372d2c,delivered,2018-05-05 15:09:23,2018-05-05 15:33:09,2018-05-10 12:27:00,2018-05-16 22:31:18,2018-05-30,629ce44426d91a3f2f55196b7af31c4d,2018-05-05
d0eafd08fd0d772310b8f660e5684aec,ca720fa7d26443de66ea5e54e3f0068c,delivered,2017-12-05 23:13:33,2017-12-05 23:30:14,2017-12-06 16:35:19,2017-12-13 23:35:54,2018-01-05,2c03431d52e6ae4479a2a2310fb2e481,2017-12-05
d35703faec55cda0ceeb4f50a4d584ae,d21101a81657215bf9d86ccc3da340a1,canceled,2018-07-16 22:08:56,2018-07-16 22:20:45,,,2018-07-30,9ba58a98da1d0abf0bd1e422e06c9051,2018-07-16
0562a20526fecdaa1eb5019bc3920cd9,658061770ce63adfd6a8e86ce54837b4,delivered,2017-03-21 21:06:11,2017-03-26 23:32:32,2017-03-30 13:45:00,2017-04-03 14:48:12,2017-04-07,23416304e6de78b339869b87b91f2d5c,2017-03-21
73c765c78996979d2a49043276b607a8,61acdc6986a8643e1554c395a2602779,delivered,2018-03-01 12:40:04,2018-03-01 13:30:40,2018-03-02 19:26:50,2018-03-17 15:49:38,2018-03-20,8d07fe9ba5530c446135db1513c7e8b4,2018-03-01
3f4962fa52ddc4ab0d5a20355623cae2,af77c15e387b2998d9996fe47766c562,delivered,2018-05-03 09:44:29,2018-05-03 10:57:07,2018-05-03 14:06:00,2018-05-12 00:32:48,2018-05-28,3a228c0c0ec37c3c8f7a061d711eb1c3,2018-05-03
7f21d3ca84edda19b1982865712ca42e,543bd86dd06751b88b98c285e6f74189,delivered,2017-08-09 16:18:54,2017-08-10 03:25:23,2017-08-11 19:39:39,2017-08-21 12:57:43,2017-08-29,86aa146a92e4e5bb0a9e13aff0b8a6f4,2017-08-09
5d0603425fc99ce2d2f5b3eec417a09c,cb68d5f9e36d9b5789508f8aeade936a,delivered,2017-07-28 22:34:19,2017-07-28 22:45:18,2017-08-01 17:22:08,2017-08-17 17:29:50,2017-08-24,d815021b4d2400e191b912e96d494b2a,2017-07-28
b3550a81cd63b5a2e84279ba8f236b88,5c51bb8cca78612d40a130b05279cd5d,delivered,2017-05-25 17:46:31,2017-05-25 17:55:18,2017-05-26 10:00:30,2017-06-01 09:42:08,2017-06-21,ea13a9158374ce67973f439aa9fa5a6f,2017-05-25
d8bd004470081a1d36e3fc745cd96951,c632ad18acd96fb52bfd4a4de51d11e4,canceled,2017-05-30 10:54:45,2017-05-30 11:10:14,,,2017-06-20,7025306e641522debb280ea50c977db8,2017-05-30
c7ef8d3455831ad845d815c8cd993e5c,fb7dd7ca7d57137b5a9f81172c6032f2,delivered,2018-04-16 13:47:15,2018-04-18 06:51:22,2018-04-19 21:24:31,2018-04-20 22:20:39,2018-05-02,22666bd9b44ab0942cdfde8bc08ba6e8,2018-04-16
90467018c3455604e089b61ff1819d6c,55f88ede2dd1204cb62dc7956f3babe5,delivered,2018-04-28 18:47:07,2018-04-28 18:55:19,2018-05-02 12:50:00,2018-05-10 11:58:45,2018-05-28,06fb035f49e63b8251e615e450cb61d9,2018-04-28
337788b92e1812c7665aca6fd8b611e8,3a0f38c8ea7937e02d01faccb3785878,delivered,2017-02-05 17:24:21,2017-02-05 17:41:55,2017-02-06 13:30:32,2017-02-10 10:34:01,2017-03-13,60accafbc8d06b082b4bfaa06efbdfc6,2017-02-05
d46935acb58d918a88813e0c8bb1a220,e6e34332de50d27b69260b393f05eb43,delivered,2017-11-24 09:18:54,2017-11-24 09:31:30,2017-11-24 17:53:31,2017-12-06 21:18:45,2017-12-22,aec6a5f20084a1d401580ea6a6f5df3e,2017-11-24
99f6c1d7b0c56f9baeef70fd96baeb2c,a11d6dfaf3c860e2fb8e9476ac3feea8,delivered,2018-02-27 14:10:43,2018-03-01 02:48:50,2018-03-01 21:10:13,2018-03-09 01:59:21,2018-03-19,366ad3aae6df9f6f7490bc7f0bbcbec0,2018-02-27
730817800ec1c4805e8a41e67459d4e2,5e0116ac8f05deda37c92a3ab3788720,delivered,2017-10-23 14:41:19,2017-10-23 14:56:28,2017-10-25 13:43:21,2017-10-26 15:43:46,2017-11-03,aa514cd67b53c21de47c7dc5972555e7,2017-10-23
a65d018a7a1122b4312c742d7107e021,724eba516ed0739bd049fb295ce929c0,delivered,2018-05-28 08:28:44,2018-05-29 03:14:44,2018-06-12 14:04:00,2018-06-13 19:42:01,2018-07-03,a39a93bd006283afee84dfea1b693f60,2018-05-28
497b870cbbeda496567b5d75b81c5722,eae775e65db9c286651ab68cfb76ecec,delivered,2018-02-22 12:10:45,2018-02-23 02:10:58,2018-02-26 23:26:55,2018-02-28 23:27:49,2018-03-14,1cb06b7940f5a52343bd4d3032d0c97d,2018-02-22
457ad46174cf848b645e2ebe12038917,53aeda88537c0ec7534ebf145d399cc0,delivered,2017-04-11 22:04:05,2017-04-11 22:15:18,2017-04-12 12:44:10,2017-04-19 11:46:21,2017-05-03,de33bec53d9ef966e610993d9981e01e,2017-04-11
3481d4db89ea2b5d86728e8562da1317,6bc288325c7902dcbd0a803fc6f26a79,delivered,2018-04-04 22:22:50,2018-04-06 03:10:31,2018-04-09 23:44:27,2018-04-17 15:29:32,2018-05-02,fcfdc97aedff78de5cd4101c0228cc7a,2018-04-04
d54bea5ba90238aa83323565749538a1,10e925f935d8bfe0a9edf39378996fd7,delivered,2018-04-22 17:45:57,2018-04-24 18:33:58,2018-04-24 17:16:31,2018-05-12 18:20:56,2018-05-23,a58b1fe8146940d706e5f07d73bc7d51,2018-04-22
491a13233c0ef7bc510a3e3703e5c226,646da1da4fa6d6af2087acd85743094d,delivered,2017-06-26 09:56:46,2017-06-27 03:55:10,2017-06-27 14:51:35,2017-07-10 21:13:57,2017-07-18,a3ae590335a7f09b2bc3deb8e15f5d97,2017-06-26
16fd9bbafac5533abf2bd1b5bec61ec4,5d1299e7ec3d027f7e9bec34600a1b37,delivered,2017-04-10 16:11:37,2017-04-12 02:43:01,2017-04-18 16:09:53,2017-05-05 13:22:33,2017-05-04,6ece5e46e6207fac4000c8ec1925e53b,2017-04-10
f963203238ed23a3000eabb38d9c1f48,449150a1b645337bcbe7ba5cdb8b709e,delivered,2017-12-11 18:25:03,2017-12-11 18:34:29,2017-12-14 20:27:14,2017-12-20 20:38:15,2018-01-09,ddc8637a62b6449192c5140f2a81bd93,2017-12-11
6a13786d6992a094c95cc09bcd4527fc,17347cd672444b9489c0798ca77ff3f7,delivered,2018-03-23 12:43:39,2018-03-24 12:35:35,2018-03-26 18:19:02,2018-04-04 18:16:32,2018-04-05,551707eb3a424c50d32faad35f2b8937,2018-03-23
2309862661958363d4ce0211d3116498,99c2f528e9be47ab3d3ea403c4bddf42,delivered,2017-12-06 16:26:00,2017-12-06 16:33:31,2017-12-11 22:49:09,2017-12-18 20:22:02,2018-01-09,f52ae932d0408e92a870685af8c7fca0,2017-12-06
a2eb5d639e60dc92388b4177edfc52a4,91ab1bd74f89f434cbec29de5cb04181,delivered,2018-05-23 09:06:49,2018-05-23 09:36:29,2018-05-23 13:01:00,2018-06-01 17:25:44,2018-06-27,e8a5bf81555db20be69859ce27ebf286,2018-05-23
7977a7516e5cf6cf6bf670061c886126,b6523da9a2d65fc4b8bdc65c5a8475c2,delivered,2017-10-27 10:39:14,2017-10-28 02:50:14,2017-10-30 11:58:10,2017-10-31 22:08:45,2017-11-09,65593b2d8c0b28fbc4256f9bae64c57a,2017-10-27
e4716dbd1591288ba2bb3def7ff36503,7c6c03e06257a7db4411272575ccdf1a,delivered,2018-02-27 12:45:13,2018-02-27 13:09:31,2018-03-02 16:46:56,2018-04-02 16:34:51,2018-03-28,4acc0fb9699727463a16e94be5670204,2018-02-27
cd4fc04c5d3f4263ea1007a1a3f61284,694a1c56c1af648220ff18ead9a21e52,delivered,2017-06-27 11:05:48,2017-06-28 02:45:08,2017-06-28 14:07:57,2017-07-03 09:35:33,2017-07-10,fb47af94dca74bfde6b272ce67373015,2017-06-27
5d008946b4867d5a4cbfb2b94d9e1496,ac4d8a51c24011ff9d9647013254d513,delivered,2017-03-03 09:10:02,2017-03-03 09:22:00,2017-03-09 06:04:39,2017-03-10 09:45:32,2017-03-22,9b8c8faaf334cf326177267323455cab,2017-03-03
61081143400f0360d4983bb9daafcaa0,f621964af9a78f72764c33882820e953,delivered,2017-04-30 09:19:40,2017-04-30 09:30:10,2017-05-02 13:12:56,2017-05-08 10:29:58,2017-05-26,f23a5a0c2146c7b67fcd53fa3f34a292,2017-04-30
11b1da117d12c1e9ebd9f86f6e5cb4ae,1efb76fcce7c8218330740e7a96d6cb3,delivered,2017-11-29 18:42:57,2017-11-29 18:54:25,2017-11-30 17:13:20,2017-12-05 20:38:50,2018-01-04,73e6661afb56b1fae28a81b7cee770c0,2017-11-29
50bce5188c17c3b120c5c3117c156a64,3cc90f58e7f853c7b50c1ae7af1e70cf,delivered,2018-02-07 21:28:25,2018-02-07 22:30:26,2018-02-14 17:55:17,2018-02-19 19:40:16,2018-03-05,5c5cf3dc9c487f7c743ca5384b5dce6c,2018-02-07
4c3302743a4cdbc7c65bb027ea156c35,8fdc898073dadecf0e586b71695696ca,delivered,2018-03-01 18:23:40,2018-03-01 18:49:08,2018-03-02 19:13:57,2018-04-14 00:47:47,2018-03-22,2727b4b233d091c1a5e1ab6c8a261eab,2018-03-01
6cbad422849c13ec8f4517ee01a6c02b,23a74d590627edc3207d90d96ec739a6,delivered,2017-03-20 10:49:36,2017-03-20 10:49:36,2017-03-21 11:04:15,2017-05-10 13:40:06,2017-04-06,d4286d7f9fecbebb34213d9769e8a57c,2017-03-20
d02366be68b26b954269321e475a79fe,0ffda100257bd2c6ddb2d5d12a972b65,delivered,2017-08-27 15:29:59,2017-08-27 15:45:22,2017-08-28 18:07:47,2017-08-30 18:10:20,2017-09-13,1d120d57ea20da84f6a14a291b834975,2017-08-27
0064d74f7de7917d54768d7722ad56ac,29dbee0c474f373b72267a9e886522ee,delivered,2017-09-10 21:45:29,2017-09-10 21:55:22,2017-09-12 17:15:00,2017-09-14 17:26:40,2017-09-28,f793d2815c27a46dafc9c92a1c960103,2017-09-10
98515e643e7cc228244834ea1b21a345,41ccf0d29107e844c5fcbddcf1dd3799,delivered,2017-12-26 12:57:03,2017-12-27 04:07:49,2017-12-27 16:42:19,2017-12-28 18:36:22,2018-01-22,ee37c2751faf0d5964a8e2a67aa549fe,2017-12-26
e911951b98ae5dba91085dd2bfc69ccb,0981cb5376215f2570ccacd95d6ef3f6,delivered,2017-05-22 16:11:48,2017-05-24 03:10:11,2017-05-24 10:34:19,2017-05-25 19:04:50,2017-06-05,8377420a8b3549f6f40dca93815ee602,2017-05-22
9eefad52e5b37dc3e94fc823d63057b5,8946712e249771f86d5cd37ac704b443,delivered,2018-04-13 09:32:23,2018-04-13 09:52:08,2018-04-16 12:46:48,2018-04-19 21:33:09,2018-05-17,2b5ffb4c42d26e466ad575ecce365aa2,2018-04-13
ea3d171a91e27a6f523ad45abb5dcf20,8d602b40ad2841e5402806ca03a7a0c0,shipped,2018-04-11 19:12:03,2018-04-11 19:31:25,2018-04-12 19:21:56,,2018-05-03,0ac28c9c6dcaf364e10e383c6894dea2,2018-04-11
633f4fc75774571fccaef584dfce5a7b,341d1d77e807609cda6bb8c3f7cc1352,delivered,2017-09-12 16:01:18,2017-09-12 16:15:15,2017-09-15 23:42:36,2017-12-23 20:07:03,2017-10-19,5b268337ffaa12b4d52e6e61bb579e4b,2017-09-12
5981f36992c8a99eff941a3d3375b318,58c52c26686328bb3ee2a91b61187f84,delivered,2018-03-30 22:06:07,2018-04-03 05:48:47,2018-04-12 22:12:06,2018-05-15 19:11:32,2018-04-25,5e834460cc23f72e6fb58f17a2a35d7d,2018-03-30
6011382a54da3024a3e9650faa1b5e2a,8ca0f6c99642f9b515617efe336fc33d,delivered,2018-03-31 18:47:58,2018-03-31 18:55:18,2018-04-03 18:57:36,2018-04-09 18:51:03,2018-04-23,3c5276d533ca5696a685494f7f686432,2018-03-31
d66702922aef0a934935edfba929e95a,1664bcafea1725d052fef88e918bf61a,delivered,2017-05-18 12:30:37,2017-05-18 13:10:17,2017-05-24 09:59:54,2017-06-06 09:05:09,2017-06-22,9abbeef7cb0624acfb8e8516fb5f1cb0,2017-05-18
54e1a3c2b97fb0809da548a59f64c813,a0bc11375dd3d8bdd0e0bfcbcdae64e1,delivered,2017-04-11 19:49:45,2017-04-11 20:02:27,2017-04-12 14:47:39,2017-05-22 16:18:42,2017-05-18,ae9fd757bd2bc35c083a68cea4de561c,2017-04-11
88fb107c0a2468a43a4c093490ac14cb,52491a414240dbe07bdf18b97e3bb5a0,delivered,2018-05-18 23:29:57,2018-05-18 23:53:38,2018-05-21 06:09:00,2018-06-06 14:03:57,2018-06-14,8c07686ca172213c54d3b88631e1fb5e,2018-05-18
208a40ea56ee53cb00f474b6f8f81b63,2bfcc81dd93be776014d3c668a5817a8,delivered,2017-12-28 10:40:45,2017-12-28 10:49:28,2018-01-02 23:19:00,2018-01-09 20:42:54,2018-02-01,8ec4f10897d26b3d05c984a5d02a9a2c,2017-12-28
7add33917d7c650ee21969733394b5dd,5ffd2bc89ca698961b5ea85d21c80396,delivered,2018-08-13 15:05:14,2018-08-13 15:24:38,2018-08-14 14:48:00,2018-08-15 21:47:26,2018-08-16,88ec9231d6ff9e21ab72423255e538cd,2018-08-13
2b7ff61de3856030163a52dabe720d2d,da297e6f31e3913b72304bccba8f9436,delivered,2017-09-15 18:49:12,2017-09-15 19:04:11,2017-09-18 19:35:44,2017-09-30 12:53:52,2017-10-11,58d3afee516ee4d370f7839aa96692ac,2017-09-15
b540844595095b4bcfe659fba93d3827,64f0b080a4adfff11a2ccca4b0e25fb7,delivered,2018-05-11 09:57:16,2018-05-11 10:17:43,2018-05-11 15:17:00,2018-05-17 16:51:59,2018-06-14,e784adf58bfebc64345aa6b16186de95,2018-05-11
303a4a6b21eb42281f7da1e27d1abac4,a5072138cfe8d6f9751e2d8b6ffb70bd,delivered,2018-01-13 20:26:14,2018-01-16 08:55:03,2018-01-19 23:04:40,2018-02-01 00:29:04,2018-02-16,d07448b2437bfe83d9b7e226a9809ff7,2018-01-13
826e1b7aa6166bdd99e1a6873b3e0c6e,415bbb474198e1203266c0117f438d9a,delivered,2018-05-17 22:02:21,2018-05-19 03:15:28,2018-05-21 14:18:00,2018-06-12 16:09:08,2018-06-05,e3f22c98e47edb09706b464cf22a693a,2018-05-17
c0937aec7cd0f2ff17c2586520713fd7,ecf9b752a135d8a5ed108b217efe2dfa,delivered,2017-10-17 18:18:51,2017-10-17 18:35:12,2017-10-19 13:16:03,2017-11-16 20:47:28,2017-11-08,f929a1640952b779ae2a05be715eff74,2017-10-17
a651dd7999c6a879cc25638f0cc36c54,0ee68d196fe4a4d6d240ebf34824e7eb,delivered,2017-03-21 21:34:15,2017-03-21 21:34:15,2017-03-22 11:54:40,2017-03-30 16:44:51,2017-04-27,116633d15e478ce499877a528e5be034,2017-03-21
c89fd00e1f223872ff105cd5abf2f659,ecc4c57f91567adc1932e27d5913d3d7,delivered,2017-05-11 13:55:12,2017-05-12 02:50:45,2017-05-12 15:05:55,2017-05-17 10:53:55,2017-05-29,5b40a8eb3d0fe9467298ce9d35f22dec,2017-05-11
18eadded4d37d643ad53765a205ad45b,cd66b3292759297a98c21405c06da1ae,delivered,2018-08-18 20:28:28,2018-08-18 20:49:53,2018-08-21 13:53:00,2018-08-23 19:56:44,2018-08-28,6a8a24e593bae849d77f65cae0afd180,2018-08-18
1162cd6cea2c1d4d79492aef88f50618,707460e412768135516dc216222de9da,delivered,2018-02-09 06:57:50,2018-02-09 07:15:18,2018-02-14 17:52:20,2018-03-07 18:17:37,2018-03-07,a63dd805e228fc1eead58609c7e7e830,2018-02-09
02d3254501ce969c22c38d060166bf68,0aef4c77e341d8944b0e48f4decaaa47,delivered,2018-07-14 20:33:01,2018-07-14 20:44:01,2018-07-16 12:18:00,2018-07-23 19:32:32,2018-07-31,94eae8afb0fdc74a7f77450aa491a074,2018-07-14
e49e93b813e0ac281b65ed9e24b2a012,bdbe104fe420757c4bcddb0210c9cd58,delivered,2017-12-04 09:22:20,2017-12-04 09:34:24,2017-12-05 19:09:08,2017-12-07 15:22:32,2017-12-29,87fc466a8c130590d38914c14b6d5991,2017-12-04
33a8bfc8305e6f0805566fbe433ad880,d7e23a70c73c442be1e0ac710cff8ac4,delivered,2018-05-12 11:42:55,2018-05-12 11:55:22,2018-05-14 13:01:00,2018-05-18 20:08:44,2018-05-30,7e0b46b577245077035f9d8f76195494,2018-05-12
7d6b40109573304141d61d0eb6819e48,1b622df06565612870f1f1ae7f77bee8,delivered,2018-05-29 13:55:18,2018-05-29 14:41:53,2018-05-30 13:19:00,2018-06-02 13:22:53,2018-06-21,e296eabaf8862e1302ec676895c138d3,2018-05-29
ba3fbd2edbc0524c198765b79c67875d,c009189a0fce48a8844dd35feca6025e,delivered,2018-03-11 13:05:57,2018-03-11 13:15:38,2018-03-12 23:16:28,2018-03-22 19:42:52,2018-05-09,81f5afe83c873351c6089ce0ded7dc2e,2018-03-11
364f4189ee16cf9d0af49a63955862d2,c4d9ef5fc824c8a47e0c0aeb6a5566f3,delivered,2017-08-14 08:40:46,2017-08-14 08:55:17,2017-08-14 19:31:18,2017-08-17 19:52:33,2017-09-01,dc256bf8f2c143f82269c237902a5d02,2017-08-14
4cbf4f8f95033da28ecc48d007d1b49f,e8c09dff0635a09514761a21369d9c88,delivered,2017-02-25 18:38:46,2017-02-25 18:50:17,2017-03-01 11:48:16,2017-03-09 09:06:20,2017-03-22,ece908ca0502def5dd56deca8a5c67d5,2017-02-25
cd161a9d0a73af5eaff5b75c6f10d148,581c3fbc5d580eda16d065cfca471865,delivered,2017-10-08 12:59:23,2017-10-08 13:14:20,2017-10-11 20:06:51,2017-10-16 19:07:46,2017-10-25,5afa58a8f5f4690413cfa9e809d551c1,2017-10-08
8860c46d734c9f3a3172bc4a71ec5490,432e733246f0e2b2691830b104eeb5c3,delivered,2018-01-29 10:14:11,2018-01-29 10:39:07,2018-01-30 00:16:46,2018-02-09 14:33:36,2018-03-05,3578707d5fbfaaad05a3862a179bf76d,2018-01-29
e03a9cca37bb64ee98f8b3fbcb0a76c4,059cf315c631a69e5ae287be4fdab962,delivered,2018-03-21 00:21:31,2018-03-21 00:35:42,2018-03-23 00:51:36,2018-03-26 18:48:57,2018-04-03,958e62d5582f82674436df111bbcb8bc,2018-03-21
d30cce68111e4c4fc146bab365116a17,2dc102d4f63f2218b2afec0c90411985,delivered,2018-02-20 11:06:43,2018-02-20 13:15:23,2018-02-21 19:33:39,2018-03-08 18:06:42,2018-03-29,b87857996db194bd1d88d9021c586901,2018-02-20
6ff942529bd6226f816210fb1fa6c0c8,96bc310e7177d02dcd299984e68c8b7e,delivered,2017-08-24 21:54:14,2017-08-24 22:24:14,2017-08-25 20:32:48,2017-09-04 20:21:56,2017-10-02,4ccb4c0bb0b1fab659791da60c4f3efd,2017-08-24
109b3ecaafb30490a70c27edf80ffa55,8bc6906f82a4f742d3ed867c25d03633,delivered,2018-03-08 16:11:57,2018-03-08 16:54:58,2018-03-09 16:06:36,2018-03-16 16:15:40,2018-03-26,d343246aa954e4568fde57551d6fc3dc,2018-03-08
99732cdec64edc7e27f1a79ca75c8b75,79183c117e87633c8857a8e01127a18e,delivered,2018-05-09 14:14:35,2018-05-09 15:11:19,2018-05-10 13:21:00,2018-05-14 20:02:44,2018-05-28,f353f13d3d9a5295b9e2771d68bf71ab,2018-05-09
cfa5751e0d7592de9b8993318edb433e,be4ff2f8c48c87270bf96c870b2f7a23,delivered,2018-01-12 12:10:15,2018-01-12 12:18:29,2018-01-19 02:05:32,2018-01-31 17:28:56,2018-02-14,5b424d5287408acfeb03ad7fed722545,2018-01-12
d986aa907c05fe216b9b6edac260abe1,e7cc757ad47309752e53857a37129647,delivered,2018-06-09 13:10:56,2018-06-09 14:08:44,2018-06-12 12:41:00,2018-06-20 15:21:58,2018-07-12,301326c434ea9a25acc73068353f2606,2018-06-09
2599eb52c538919cec765e835585bfe9,d1cf3dcfd051e1c16ec0c3efce7a41ae,delivered,2017-11-24 20:50:40,2017-11-24 23:55:55,2017-12-01 18:45:01,2017-12-04 19:04:24,2017-12-08,741183200e7b7aa48f6eb46ef620542e,2017-11-24
07732c37b9e8ad65b02e545a3343f361,333ade5abfe19374450d3357e49d0810,delivered,2018-04-18 09:22:28,2018-04-19 02:32:24,2018-04-20 14:56:41,2018-04-27 14:52:48,2018-05-18,a636adc6e67649932de089df73f83d59,2018-04-18
d1175caace64414de4ca9404ab747e2e,f0bf95715c175ad8e39251a421a76255,delivered,2018-03-16 23:37:45,2018-03-16 23:50:20,2018-03-19 22:14:26,2018-03-27 17:04:59,2018-04-05,99eb56d3a7b9189c232c5e8f7d85b982,2018-03-16
bed92d04d48ce1e3411d7db5c984d57f,db4f1408d600f8309bcc822caefba43e,delivered,2018-08-16 15:46:26,2018-08-16 15:55:23,2018-08-17 12:05:00,2018-08-28 10:48:24,2018-09-17,c03dd574c7ba647edd64e7ee79d1dc7d,2018-08-16
a0e4b2e02fc8b8fb212ac357f28ec9c3,832916e9b7e8b6e2cbed9dab37b12efc,delivered,2018-02-22 22:42:40,2018-02-22 22:55:24,2018-02-28 21:17:33,2018-03-05 14:05:18,2018-03-16,ac63e5fe0d67d094e8cca9571c1e63ab,2018-02-22
dd46ed6749361613430203cd85006362,48f03c8ade4452268287d23f6aa1516d,delivered,2018-01-12 23:26:38,2018-01-13 23:28:59,2018-01-15 18:32:47,2018-01-26 19:04:08,2018-02-08,c863f613022e5ce024c630ffa65ab51d,2018-01-12
a3ef589d94a7dd3b117dc0e46c29d479,2633beb70257bd835d7574fb203b6ec6,delivered,2018-03-07 10:27:14,2018-03-07 11:10:15,2018-03-08 18:33:31,2018-03-09 19:40:38,2018-03-19,b14ef688a7c1a52e7437298085d9d62b,2018-03-07
e8ff06be457c1e3e69a8cb51ef9e2806,e01e54289a0e7f4106b62a90860f4487,delivered,2018-04-12 10:57:34,2018-04-12 11:11:34,2018-04-13 18:12:16,2018-04-24 22:16:35,2018-05-07,57177dc06adf1de662462de7819c09bc,2018-04-12
90531360ecb1eec2a1fbb265a0db0508,f6fff47846276bed044b63474bd38884,delivered,2017-06-29 10:43:25,2017-06-30 02:45:15,2017-06-30 13:53:54,2017-07-02 09:44:54,2017-07-12,432d4f5ec4f462779a48a51c33950351,2017-06-29
bd726a1bcd046edd7019cee8a66245f7,85a0cc8a137bc4c700f160c817467671,delivered,2016-10-08 18:39:08,2016-10-11 11:02:21,2016-10-14 18:00:00,2016-10-15 11:02:24,2016-12-02,1d4e969b43ef0e67167ec4d418830125,2016-10-08
2ded8cdec0bcb071385b4d6a6ba4823f,35ef44a2a24e5bf97f5f4c0f950f61fb,delivered,2018-01-13 11:23:50,2018-01-13 11:32:24,2018-01-15 15:32:35,2018-01-16 18:13:38,2018-02-01,fc26fd74a5d2f4716a5e7e820897fcaa,2018-01-13
c4be264e023710df94440abb4db0a621,828282c08ca2d1d4ec32d670659c1ab8,delivered,2018-05-24 07:15:57,2018-05-24 07:39:20,2018-05-24 13:29:00,2018-05-29 17:38:19,2018-06-11,677ea30f4fff3eb9c1d81be03a411cd0,2018-05-24
61564b144139cf4cef395d1b85f72f63,7df2f801c87148ea9fb007344fce46fa,delivered,2017-11-09 19:12:27,2017-11-09 19:27:25,2017-11-14 11:08:55,2017-11-27 20:26:36,2017-12-19,9eac6998ddb34984dc6d2b135897c6b2,2017-11-09
80cd254ae5eface5556a1e1e826936b9,03ff24a1feebe22692496f9d3996438d,delivered,2017-09-08 06:58:42,2017-09-12 04:24:17,2017-09-12 19:12:09,2017-09-21 14:22:00,2017-10-02,1a16ea972fbd55a30253c38d98c2e39e,2017-09-08
9392c5e72885ad5aba87e6223ca9838d,d95f60d70d9ea9a7fe37c53c931940bb,delivered,2018-05-26 19:42:48,2018-05-29 03:31:20,2018-06-04 11:02:00,2018-06-19 17:05:23,2018-07-11,004b45ec5c64187465168251cd1c9c2f,2018-05-26
df2c3731dcfbe2f0861182b341c71c82,87bc0b31db47421f9c67a12145740887,delivered,2018-05-02 18:38:11,2018-05-02 19:15:46,2018-05-03 13:35:00,2018-05-09 23:48:44,2018-06-04,fd2bf5ffaebabeefee3586c9c3d912e0,2018-05-02
2790c1db6fab421570c3a789c96ffd46,606526aa253b452a350ce935064f6418,delivered,2017-10-31 18:03:11,2017-11-02 02:35:33,2017-11-07 19:22:25,2017-11-21 22:18:55,2017-11-27,9ebc06ad695ee9ea7a4aa816fbd3f1e6,2017-10-31
ce76b310dfe772acd994570f7fca9a2d,5e52ddc89386590ee44e041c06f9b341,delivered,2017-04-19 11:58:54,2017-04-21 05:10:20,2017-04-27 13:16:35,2017-05-02 15:49:24,2017-05-09,17d229a4dc390ccfe1ce2ab67e76c4cd,2017-04-19
f6bc6adf1c408945d9032cad7c5b07ce,25510bd947591a46fc2b5aa2a8caf0ea,delivered,2017-04-22 18:40:23,2017-04-22 18:50:17,2017-04-26 11:20:13,2017-05-03 11:11:51,2017-05-23,972689ad1bb2dc64c51d8bb8460d3721,2017-04-22
bdd374a843bda6af81c48e0680622729,0a74d155c76b730bcb9815de31c8d668,delivered,2017-09-20 18:12:02,2017-09-20 18:24:13,2017-09-21 18:40:50,2017-10-02 18:38:50,2017-09-29,fd49190c30be7d19c2d88ed607985406,2017-09-20
1b9c491d2bd15c21c2e2cfdda8769335,5c62fdf1110532d6dfc480eb049daf59,processing,2017-10-17 16:35:33,2017-10-19 02:49:21,,,2017-11-14,1399ae4bd869e6bc8ca73f12eb71e877,2017-10-17
36783db8698edf3ba7585d93b5a1c4bf,87cb7c251cf447f098601c8469b7c843,delivered,2018-03-12 08:31:33,2018-03-13 04:30:31,2018-03-13 20:08:49,2018-04-03 00:22:50,2018-04-12,503279f30dccc77b5d832f20bd485393,2018-03-12
b74e2b985df55c2df5b2be2d9c1f68b4,3f3102815b8a6a1ad94e102399d6bb03,delivered,2018-02-14 10:34:52,2018-02-15 04:07:27,2018-02-16 02:44:45,2018-04-03 20:12:54,2018-03-07,9b3b3eaa63df7cc2909934af6d2034ba,2018-02-14
cc484d1c7265e544f0ec4d9c7a8b04dd,14209a67898310a0e7cd799667d1275c,delivered,2018-02-28 10:15:22,2018-02-28 10:29:49,2018-03-02 00:52:11,2018-03-21 15:56:34,2018-03-29,ac255e26eaec888219d4a0d8c57ea5d8,2018-02-28
a4b9a8bb35b5efd617c8c37bf71e364a,4d0a7b1e096fe2e30e6bd910f348d433,delivered,2018-05-14 10:58:30,2018-05-14 11:15:33,2018-05-14 15:16:00,2018-05-18 19:42:04,2018-06-11,019441bdb2c9b0b1990cac725c427960,2018-05-14
36cde427894b4797db8316e92b8e58f2,8ad31d01d748351b17d65242d9222b31,unavailable,2017-03-23 21:53:52,2017-03-23 22:05:36,,,2017-04-11,0c3dbe243398d9af58ac1a6d27cbe004,2017-03-23
02145cbff48d443165378d41c0e49e48,c1596c970f5f8765d684e7e6e3421011,delivered,2017-12-22 15:43:22,2017-12-22 16:31:23,2017-12-26 18:09:33,2018-01-10 18:38:56,2018-01-22,7ee4672fed0ac16825e6d4b2a2149833,2017-12-22
73ce66a5f57c87bb706302f36d5db278,456f21a30d45efe1ef661a9ccec0b6d0,delivered,2017-08-10 01:42:45,2017-08-10 01:55:16,2017-08-11 17:52:32,2017-08-24 18:14:03,2017-09-11,fdcf3a83bad711939a1f723b96861f12,2017-08-10
8a5fcb4314afcbf3906bd354138b674b,e6b14404e764a575edf95ff97c1ffa90,delivered,2017-10-05 20:31:34,2017-10-06 02:28:31,2017-10-06 20:43:38,2017-10-08 15:33:56,2017-10-23,a541305a096290489d65caa8012e75dd,2017-10-05
73cb4ac4aba9d15a0db382e16fc9c784,250c24844db2ce8961d3f0e4303c14c8,delivered,2018-03-20 00:45:23,2018-03-20 00:55:52,2018-03-21 20:52:30,2018-03-26 18:02:36,2018-04-06,571f07d1b5e420f64f26a615c7a3e565,2018-03-20
befb5a47055c761fb52d876ae90724b6,16eea50d8e5db016deda7008a9c6d5d6,delivered,2018-02-06 21:27:56,2018-02-07 07:10:21,2018-02-09 14:21:07,2018-02-28 18:13:48,2018-03-13,c92d536509ccfc10cf547e2b63d2788c,2018-02-06
c44b12ec22f1d6794e86f30078e7f65e,94a71e1dd79b5b2c70005b349bdc4761,delivered,2017-11-17 10:24:13,2017-11-17 10:50:49,2017-11-22 00:09:39,2017-11-30 18:23:34,2017-12-11,771a8fdddcb6ddb1a9384bd7c51f8681,2017-11-17
1faeebbb8849914b3239b29fdc45492a,fbfc35006c2052d44859b474c4366605,delivered,2017-11-09 18:53:00,2017-11-09 19:07:24,2017-11-10 19:12:49,2017-11-13 16:05:18,2017-11-23,e8748c4d39ea98fd1a632fab932bfade,2017-11-09
0a92bad75c24fdf33ed2a18801262e89,6f4fa91813c10c8199496ff532e05ade,delivered,2018-08-13 20:11:13,2018-08-13 20:25:16,2018-08-15 13:27:00,2018-09-04 20:06:58,2018-08-24,372f4d64dacadbf63821f503090ff4de,2018-08-13
0be5e6659fb39043971e20321fd45edb,527eaf78e1c63a381662225c831bb919,delivered,2017-08-06 10:45:21,2017-08-06 11:03:15,2017-08-07 19:25:28,2017-08-08 22:07:28,2017-08-18,f16ed8e2ddd5b798116612f2dcf3d523,2017-08-06
ff9150d22b184f4491b6732e1ca8d81e,6f54dde5119c6224620ffb20a6ceaa82,delivered,2017-03-03 10:11:03,2017-03-03 10:21:54,2017-03-13 08:08:34,2017-04-07 10:47:18,2017-04-03,c6d9f3a4efb8527f38533dd75805d9b0,2017-03-03
c6f64ddfd9a519815891070106aa9543,55ff36e7153537cb8aaf5bc849131475,delivered,2018-08-05 07:57:13,2018-08-05 08:10:07,2018-08-06 15:29:00,2018-08-10 18:21:05,2018-08-15,0c1201c04330536234aaa49b396745d4,2018-08-05
41262f14e0abde70b2d3683fe4b257d6,9d8cd38359ef7bd7197fe4fb0ceaf038,canceled,2018-06-26 18:51:52,2018-06-26 19:18:36,,,2018-07-20,5eeee5eeca922883fac818e432cb3f9d,2018-06-26
68ad8f293045e31f9097444f2814e436,fcb51e77ad11244f17b29d7d3274fb45,delivered,2018-03-26 19:10:55,2018-03-26 19:26:59,2018-03-28 17:13:42,2018-04-04 21:20:55,2018-04-17,a8cefc19c0a23d9ded718fe280e86498,2018-03-26
6f238ec63bf03937a0f89a630c3dc1f5,379a9e6829ec6c022436c3cc4088fe1a,delivered,2018-05-17 16:54:17,2018-05-19 03:38:41,2018-05-21 15:51:00,2018-06-05 15:52:49,2018-06-25,58d0e2c853c7d6c8e8ac7cbf705a4616,2018-05-17
11a4c9d2fc6b4d2019d5844288bd23c6,797e79e27bb840bb51f00f7c7913f752,delivered,2017-04-05 00:20:50,2017-04-05 00:30:27,2017-04-06 10:53:58,2017-04-17 11:14:12,2017-04-28,1e7fc41a3c8e759331fbd680f1447531,2017-04-05
2e5a718ad46c5b831c15ef289d4dbfcb,bf6d7673faf758b906e572a9d0db4393,delivered,2017-10-13 15:55:12,2017-10-13 16:15:16,2017-10-17 19:13:10,2017-10-20 21:07:00,2017-11-03,6196c3f1932d30092b7cee039de3c46b,2017-10-13
6e29fafdff2b42dbeca7ed271dea0fc9,61a81040aee00781a11ef32ebf346f1a,delivered,2018-01-13 06:50:03,2018-01-13 08:09:25,2018-01-19 17:48:32,2018-01-22 20:19:34,2018-01-30,ae8f90eee944188a461e71e76c2933ac,2018-01-13
f7cc237b35aef540d178cf5c41095769,8b8f446baa0a9364a2feda2c3bd81c45,delivered,2018-04-16 13:04:33,2018-04-17 05:50:54,2018-04-18 13:17:03,2018-04-19 21:56:49,2018-04-26,cec1e2dc17f574987529f4db1a24fc9a,2018-04-16
3122051cc85fb10cbfcd789c0f8afa3b,1bf52ad367e94e6f4e2db513a349336f,delivered,2017-10-07 10:14:19,2017-10-07 10:28:16,2017-10-10 20:22:21,2017-10-17 17:48:47,2017-11-09,6c06cf546fa6618d971bdbb8199afc7a,2017-10-07
9460b0cf19053015adc675b188e5750b,7cc0b4bdda5ded8e2710e12b866a2cf3,delivered,2017-09-04 16:14:27,2017-09-04 16:25:40,2017-09-20 21:42:55,2017-09-26 22:32:31,2017-10-03,a2b3cc2690fc556c833f1a6564959b45,2017-09-04
ca860fbc7c3132b89e9e134a00652215,043b3cac6240fc110a721919bd6dea93,delivered,2017-08-25 22:08:13,2017-08-29 04:25:55,2017-08-29 16:23:53,2017-09-12 20:39:56,2017-09-18,d87cf110269f58faa16ef95b748b702c,2017-08-25
2e05e404dbee7a30852c84523f222b1e,27188a5b1a74d5a05fa9aa20bd65bdb6,delivered,2017-07-10 10:43:33,2017-07-11 04:20:09,2017-07-11 22:04:13,2017-07-18 18:36:55,2017-08-01,51d2d07d1ee1e2987dbbcc9a38a12980,2017-07-10
2eac75a073b158b0cc84863c566300b2,80e07b32a70062d3691900d6c26367cf,delivered,2017-06-21 21:22:07,2017-06-22 02:15:25,2017-06-22 16:59:57,2017-06-26 14:23:44,2017-07-04,1fb4e98c0aae3e305ae81c7606682c81,2017-06-21
27716fa717ba13da31a469018472088d,3fd31a8cdac8f844a2c4607ea8b100ec,delivered,2018-02-23 13:47:17,2018-02-23 13:55:34,2018-02-27 16:55:49,2018-03-10 15:58:27,2018-03-16,065938485846aa5adc196cb536de42e0,2018-02-23
ba637aace31b817e0f186405ae78ccca,f8e504ca6e18fe0afcf86d5b30817489,delivered,2018-03-27 14:32:43,2018-03-27 14:48:00,2018-03-28 18:24:56,2018-04-09 12:38:20,2018-04-13,97b40f69d75ec6abb2d3406014bb397c,2018-03-27
3b81b7af81e2eeda1442ed880cd1d860,7347a3e55864090d9ba9034624273f03,delivered,2018-02-16 14:11:09,2018-02-20 07:15:47,2018-02-27 00:44:14,2018-03-07 12:54:04,2018-03-15,cd86f2b40a6183a8212f9053bb0aaf8a,2018-02-16
f891a5652a32da88979c1328c7cb73db,52bac838b259b33abe6275393223a628,delivered,2017-03-13 22:32:23,2017-03-13 22:32:23,2017-03-17 09:42:09,2017-04-22 20:40:08,2017-04-13,7538ab19c6d24c3b66a0986332fadfe4,2017-03-13
2011ac5bff446ddc9bb1a099d497e634,9dc98f0c9072e797de4761ef57854c8a,delivered,2018-07-28 20:02:32,2018-07-31 03:55:23,2018-08-01 08:35:00,2018-08-08 19:08:45,2018-08-17,d9063a8c033178c13e436dab34c251fd,2018-07-28
6f29a78b96278f733480dcd7b05bf37b,e14e79606972618eb8b5a8423f70b0ad,delivered,2018-02-08 22:30:08,2018-02-08 22:50:35,2018-02-09 19:32:15,2018-02-17 15:23:56,2018-03-06,29a6e0e495560daf9e821aa1dcc69869,2018-02-08
98c809bf2e8392fc389fdf8e2bfbb856,0d15109f485330cb77c3721039e60cdd,delivered,2018-05-29 10:26:20,2018-05-29 11:18:49,2018-05-30 12:28:00,2018-06-01 17:58:45,2018-06-21,d4a3b115ff6ab5394c886b0edb046e3f,2018-05-29
72fcaaf6f276ca11244c4a82bb009eaf,8dc2fd6452f3e7e9a88fcc99525d4294,delivered,2017-10-07 14:35:35,2017-10-07 14:49:26,2017-10-10 19:53:58,2017-10-19 18:03:41,2017-11-01,fd838ab0cac53252ee4a86701c6cb86d,2017-10-07
57a8a1ca9bc2b0e04db9384fa04d23e9,63334b89dcbdc243ea796e9549431458,delivered,2017-09-28 12:03:57,2017-09-28 12:24:29,2017-10-02 21:26:54,2017-10-18 20:59:42,2017-10-31,ddeeee01e9a1a9ce517867c48def43b3,2017-09-28
8661a555bc977c9f38488801be332bb4,939f659b74bb69ce5a0a7c3b3e351a28,delivered,2018-08-13 21:17:50,2018-08-15 03:15:26,2018-08-15 13:54:00,2018-08-22 16:32:24,2018-09-03,edf55e0391148600e839275491f147e5,2018-08-13
be16ab3862dd2927ab1e3cb7434007f6,8ffbd4c4cfea0a904e13014399a74714,delivered,2018-08-17 07:01:01,2018-08-17 07:10:36,2018-08-22 13:17:00,2018-08-30 18:04:09,2018-09-14,960c22d4f63e80baa5cddcc1f77e5415,2018-08-17
6705f845a3ac46ab9725d0bd82338450,1599a010ac8a6078580e56db727fb523,delivered,2018-02-26 13:12:49,2018-02-28 09:29:34,2018-02-28 19:22:53,2018-03-10 01:51:57,2018-03-16,82b794afcd3aeb95b5cbdeae9d965d32,2018-02-26
32980a0c990d84e3f2c3e9838a4abc1d,26b4fba1498f6b818ce6074cd08b586a,delivered,2018-08-08 11:22:50,2018-08-09 15:55:17,2018-08-10 11:50:00,2018-08-16 20:26:32,2018-08-21,45afd57c6d54e4ed051848bca25ea414,2018-08-08
529aada4497d124d483d26ebb8ae9606,48d8c257cbd8447a8503e559a8b8cca9,shipped,2017-11-15 18:16:13,2017-11-15 18:30:32,2017-11-17 19:19:34,,2017-12-12,f8af7fabb3e9e70beee01db243cd3eaa,2017-11-15
c91777dfda137af11e863a97854b07f4,2b2e382a46cc4a7fa1a7b5b16c70ff3c,delivered,2017-12-12 10:49:13,2017-12-12 10:59:29,2017-12-14 00:23:39,2017-12-20 20:58:53,2018-01-11,5baa4a62a3a09db690d3f7ec80b78dbd,2017-12-12
668bd37bba51d3c2a919f037ce6194f1,2c2bcf944b97315ce5d725bab871fbf1,delivered,2018-02-05 11:43:32,2018-02-06 03:48:32,2018-02-08 12:56:05,2018-02-20 21:49:05,2018-03-02,a0253ca05ef6c8ec37d19afdf5a29b6d,2018-02-05
08fe747a18955f4657172a09f1660620,5ac428ce4c03f5de316e89f6bf056560,delivered,2017-09-30 10:25:07,2017-09-30 10:35:19,2017-10-02 19:19:03,2017-10-11 23:04:00,2017-10-27,8e1f181cc5bcac5577cb660fd13a0503,2017-09-30
0d5a676d302e3fd20182bd158cde4371,c2640db8a9066c36b353784500821c57,canceled,2017-11-29 00:05:15,2017-12-01 11:32:19,,,2017-12-13,9c4abd5c7156c810c12f052f013ca0be,2017-11-29
b4b739c397c50fc7144469c4f7a8d29f,6967ab56f3134498a1e33e8c5b044687,delivered,2018-01-29 17:14:12,2018-01-30 04:31:28,2018-01-31 01:14:48,2018-02-16 22:25:53,2018-02-23,8ddbf129561e726360fd0deba9298d0e,2018-01-29
bb49659cbfeb7902da012d808cd4ce4f,2d4e1d3824063f98e900499acd58e464,delivered,2018-05-04 15:56:31,2018-05-04 16:13:35,2018-05-07 15:04:00,2018-05-08 17:25:38,2018-05-18,718686a343952955c7bdc345bd5d5c74,2018-05-04
ee4f8c845714cc804ba574f357113590,727b6f36c84dbd98528755de77c36ae4,delivered,2018-08-01 23:12:08,2018-08-01 23:24:01,2018-08-02 14:27:00,2018-08-06 16:58:45,2018-08-10,788d483ddbc76600203293f71d1d0672,2018-08-01
2e36e67d9f5da20bc4617f15a48b91d3,222e5a3d31e13ba6df622fc2a65e88a6,delivered,2018-03-13 20:05:18,2018-03-13 20:15:38,2018-03-14 18:31:23,2018-03-17 11:06:22,2018-03-23,17b50804e4a612c2b445b72dea106b1c,2018-03-13
6deb31531870ed931a10e04108e13c52,467ee3ac57bff4d98e3aa47e98f187fc,delivered,2017-08-25 11:29:01,2017-08-25 11:45:02,2017-08-29 20:47:36,2017-08-30 15:33:48,2017-09-08,dc7ce0b97f59c30ae92cb43522bb3682,2017-08-25
c31876a0ff2a03a0c09d0b62119b6e1c,26120b568aef1c471bbeb6aefad27cb1,delivered,2018-03-21 23:57:29,2018-03-22 00:15:37,2018-03-22 21:16:40,2018-03-27 18:35:51,2018-04-12,eafdbb94b69d97623fc6979358679f37,2018-03-21
e96cffc8c55d8d7c434915f9e18de013,f7599e46ea809dd9624aea2718fe692b,delivered,2018-04-21 00:58:39,2018-04-24 17:43:39,2018-04-25 13:14:00,2018-05-08 17:58:53,2018-05-18,1e09611d8a208c336c54c0fed39bf47b,2018-04-21
af6962e783e8c05ad856fde27aefc00b,fa0465f5c38e1f92e59289280d44cc21,delivered,2018-06-08 01:41:36,2018-06-09 02:57:14,2018-06-12 15:40:00,2018-06-20 18:05:29,2018-06-28,a508365a6ae7f2126859352677ab743f,2018-06-08
cf1ff716be04ebeff7831c79c17f9151,3e0483e69ad990a67229dcaee3b37cf4,delivered,2017-11-28 18:44:57,2017-11-28 18:57:02,2017-11-30 20:48:21,2017-12-03 13:24:11,2017-12-15,9a267bc97bca41367c6451fc3134c392,2017-11-28
23bb9807759656cf1a127051f168d6bd,1023dede418d95202d1fe335005e1844,delivered,2017-12-02 15:18:03,2017-12-02 15:38:11,2017-12-07 20:22:34,2017-12-18 23:42:22,2017-12-27,1d2a5916ce2014d6eab95f805d1e092c,2017-12-02
c5e7393e8d0c01dc92c41bc4684f1c45,02470f4de93d257745873d383dbca7b0,delivered,2018-03-10 01:59:38,2018-03-10 04:00:59,2018-03-12 15:48:34,2018-03-31 11:38:36,2018-04-26,bc96df765d670233381b6a7714dd843e,2018-03-10
51491c23fabcfdfc4950c9073911b993,01b4d8edfd68874d23092c8fcb6a4edb,delivered,2018-06-15 20:41:53,2018-06-15 21:01:23,2018-06-18 12:32:00,2018-06-25 20:41:44,2018-07-24,2cacd7fae2b96034c23ea93b5996cb17,2018-06-15
7ed1f028ae9291bb2f0e80683526867f,92baec73466089a352a95f1ec4716688,delivered,2017-10-01 11:10:48,2017-10-01 11:23:39,2017-10-03 17:27:06,2017-10-18 20:44:59,2017-10-31,278e0d24c045d8e5e430e53c45d7e143,2017-10-01
2cb28ae28f6e5c600cb9fb13d1a2b244,974a20a7137aa2bc93f1f67efcc6fea7,delivered,2018-03-23 22:45:52,2018-03-23 22:55:33,2018-03-27 00:12:23,2018-03-28 19:12:04,2018-04-05,50a22f82132c7ce8f58a7bf2f798851e,2018-03-23
0ff35367e334d813e6430388f6769dc3,2283082a4205df69547d4916bc5d2f39,delivered,2018-06-04 08:43:48,2018-06-05 04:52:01,2018-06-05 14:59:00,2018-06-07 03:03:47,2018-06-28,0ec3d3e92bac5c0df1e6fc8657fd95df,2018-06-04
3e851df052741b8294183d372f0bf1a2,79c9f17f45207ca205c42da2b03a7359,delivered,2018-01-04 22:52:45,2018-01-04 23:07:54,2018-01-05 22:29:24,2018-01-23 17:29:10,2018-01-31,6bd028da9cd084e0f486788a386c61ba,2018-01-04
18131b2990b1052f6a818f25ee7c332b,018150959151a39894d01128bc358aed,delivered,2018-08-21 14:19:34,2018-08-22 22:25:12,2018-08-23 13:54:00,2018-08-29 18:32:36,2018-09-21,97e42e3e7b1f76dd3c04a0aac41e3173,2018-08-21
a3be6697885b394b9fa9a177c3f46239,af17b6675899e3cbae027434a80dd3a0,delivered,2017-10-30 12:59:35,2017-10-30 13:11:08,2017-10-31 18:48:49,2017-11-08 23:33:30,2017-11-24,302973a9a16ad38163d0f7975b24c432,2017-10-30
f99260ff704e2093540102a797c0a7cb,1c902b37a0bca21307de0544a1293a97,delivered,2018-01-26 00:07:55,2018-01-27 11:57:23,2018-01-29 19:33:54,2018-02-06 20:19:10,2018-02-26,5ac4bf5c7946aaa4c37893300a46e9e6,2018-01-26
5f1b8bb7f55f4d47d219bdb855d5a142,5b16024e8e920ebc5f146d934d0ee190,delivered,2018-04-17 00:41:54,2018-04-17 00:55:25,2018-04-20 19:38:41,2018-05-03 17:16:49,2018-06-12,e68e1b61896163cdd7f8e07b2ae814c9,2018-04-17
6efb320b35e0ec4002d7425572316b3f,cdca23dcfb75887106ea8bd3295be0c0,delivered,2018-01-22 16:20:14,2018-01-24 02:38:27,2018-02-08 13:08:06,2018-02-14 18:58:38,2018-02-23,5bc6f1b73ea9ec457b828bb72239de30,2018-01-22
853847abbd6dd9c640113b42c3f10cf5,6ec65af2b814c010aa7203889f8562cc,delivered,2018-05-14 13:42:01,2018-05-14 13:57:03,2018-05-15 14:42:00,2018-05-18 14:22:12,2018-05-29,cee86ef4954e9d77f02cbc2276dd75e7,2018-05-14
64041309de8b56af89aa23c98870eb93,1fca8845165230ef8a52bc9908932971,delivered,2018-06-01 22:24:11,2018-06-01 22:51:24,2018-06-04 13:33:00,2018-06-12 20:03:55,2018-07-20,c7ca5af6899e20e3fb3d7c49bd9a4ceb,2018-06-01
32c1eb77cf7ceaa6358640e4cad0d14c,84e34881b136d4bd4a43c7ecac79b090,delivered,2018-07-05 22:39:59,2018-07-05 22:50:57,2018-07-06 10:10:00,2018-07-10 22:46:39,2018-07-18,ec1b327fb9c6a8d25823126b312c7783,2018-07-05
3b2ed015a009d565797abd448a431da5,ff1aa5b5c7890d273cc15e9ab91393d2,delivered,2018-01-26 20:15:00,2018-01-27 02:40:14,2018-01-29 23:23:19,2018-02-06 02:58:45,2018-03-01,9b977697d4240ec6d31641194c35b17e,2018-01-26
44c86e534686d17733facffd8201375d,eb50e8f29cd48dd8cd13d7f9a24d531e,delivered,2017-11-24 17:23:34,2017-11-24 20:54:00,2017-11-27 13:03:56,2017-12-02 10:59:15,2017-12-14,8c34ccb096a609feeb7e362837549dcf,2017-11-24
3ef63bbc5cfb1ac8a9454f5c5e29b1cf,9044dc01c6e9883f46c56c147c6c61f5,delivered,2017-08-07 10:55:34,2017-08-07 11:10:16,2017-08-09 17:32:56,2017-08-22 14:55:38,2017-09-11,ab1bcfce60156a25bbb243e29adf0a8f,2017-08-07
51e3f832063f79a142e48f488f4e880b,75855a1905ba47d028bd9b3cae0c69c7,delivered,2017-11-23 21:46:16,2017-11-23 22:13:27,2017-11-24 16:57:12,2018-01-08 22:48:23,2017-12-20,c3b32fea932eb5cb6305821be073834b,2017-11-23
d56a6e6511ca428852199722032e8fe6,9666b03410dc81655aabf99feea813ba,delivered,2017-07-28 14:15:36,2017-07-28 14:25:13,2017-08-02 19:41:00,2017-08-15 18:46:53,2017-08-28,73a04ac8f87c858cc6116e8da8a957b0,2017-07-28
5ca57aaa41a5c6f09fb5e21506809d3b,9c4abe64ac104b3b844cc047a4b9124a,delivered,2017-10-16 23:56:11,2017-10-17 00:07:27,2017-10-21 12:27:46,2017-11-02 00:15:49,2017-11-13,d609dd18f8b33473adefe21f4d4cde39,2017-10-16
fa28dc999d03478eafedaac9ea359d4e,2e0dea6d8a10373b616e45283733c486,delivered,2018-03-21 21:36:02,2018-03-21 21:49:00,2018-03-23 19:32:23,2018-03-26 19:42:31,2018-04-09,1d738084a97355376819b2ae4fa07e85,2018-03-21
8b109a282174ec781c7c0793eda8be06,bd4f8a3189df658a5278e99ce0d6e94d,delivered,2018-03-16 10:33:10,2018-03-16 10:49:00,2018-03-22 22:36:04,2018-04-07 10:11:33,2018-04-12,5b0a933d48aec9721e65e09ff51d6bf8,2018-03-16
0b8558ffb8ef05e5abef8d7bf4a95884,362a2ed4cfc696ffb1b54029c4886493,shipped,2018-02-19 18:36:01,2018-02-19 19:35:35,2018-02-20 23:12:37,,2018-03-09,5e682f7edbdec87b0dc91be7e910d186,2018-02-19
1995226c73acf6318abfc4b4c9c74066,86bf8cd37ddc4f324fa6d2c1607f443a,delivered,2018-04-12 18:20:05,2018-04-14 11:35:15,2018-04-17 22:12:36,2018-04-18 13:57:51,2018-04-26,f85107d1dbc6b78bb1c784d5928c14c3,2018-04-12
4f6d9a586fd193f129a604d6fd011177,e1590b7d981e0275dbbc1f44e0649716,delivered,2018-06-24 15:32:03,2018-06-24 15:59:00,2018-06-25 15:03:00,2018-06-29 19:34:35,2018-07-17,d4d231d65ee84a50e0142df13dd920fb,2018-06-24
89c79b8e224ee3fb7c73bb47b6074891,9a3cefd7682653a40d7301eed503fa8c,delivered,2017-12-18 20:42:39,2017-12-20 06:57:45,2017-12-21 16:07:58,2018-01-15 18:21:47,2018-01-19,ae125deb6091835d2ccbe346cd573798,2017-12-18
fc44d27a4439d26e8ead6e656c28cbd2,992527e4a6e623c4756e60b7b17b1cfc,delivered,2018-04-04 18:21:55,2018-04-04 18:35:20,2018-04-06 19:06:41,2018-05-09 20:18:52,2018-05-03,3fcf8b3ed9dcbce128bcbdb66c122225,2018-04-04
3fadda9b9439e6264745e868c55332ba,f55634234244a7695ebbda7abd098b47,delivered,2018-02-27 16:54:49,2018-02-27 17:40:27,2018-03-06 11:18:21,2018-03-24 21:04:06,2018-03-22,ed367c7ef1087a07b2b429f67015f877,2018-02-27
f417219cc64e796bb6bcd1a41d3fe308,629202920f3647c33d7e92c7d1934961,delivered,2017-09-05 20:57:30,2017-09-05 21:10:15,2017-09-12 16:33:30,2017-09-14 17:22:08,2017-10-03,10f81d995f501b771c106a902d6ca4dd,2017-09-05
f08527d5eca32c6e47ff0739e7d3a9ee,19a711e98604319cc859cd5ddf70c1b4,delivered,2018-01-11 10:38:51,2018-01-11 10:50:26,2018-01-12 21:09:52,2018-01-25 23:56:52,2018-02-14,9d4e150abb9cd46dc0758c4aebfbd57e,2018-01-11
b80b95480b127e335cc78649633b665f,683037a185ea1cfa11ca3ceddaa2d9bc,delivered,2017-09-05 19:58:18,2017-09-07 02:43:38,2017-09-13 02:41:45,2017-09-22 21:56:35,2017-10-13,cac60db120b4265461a2723ec65c4d29,2017-09-05
293d80b0abbf0b387d7e77eee30599cc,16173c05122081a7573818c1a5f6c4ff,delivered,2018-04-15 11:42:21,2018-04-15 11:55:20,2018-04-17 14:50:45,2018-04-25 13:26:54,2018-05-09,7ce7c20ac269f4642f1c7058ab375102,2018-04-15
0e784a85d6f7aa0ffe9a41d81f5a4ecf,1d636a8416fe1f6f377e6a5aef5ea6da,delivered,2018-07-31 10:00:48,2018-08-02 05:15:25,2018-08-02 14:31:00,2018-08-03 22:24:49,2018-08-03,b93f84b2e90bad6588cc4c819ed2e368,2018-07-31
fa03e623ac862f8a010b31c379fff90e,9d419193755e034d735058db0cb195bf,delivered,2018-06-27 22:32:10,2018-06-28 00:35:11,2018-06-28 12:09:00,2018-07-03 02:06:35,2018-07-18,07f82ecdb207d09e2ef08acd22b1c80a,2018-06-27
f162c6cbd93bb5eebd520d6f654cf7cb,9ef0a3bfdd0307c3f1e11e12316732d3,delivered,2017-09-12 17:56:15,2017-09-13 03:36:12,2017-09-18 17:07:29,2017-09-21 19:08:04,2017-10-02,5d9991c52424c1edbb3a43df5fc4329e,2017-09-12
9c4bf952a421aa0ddf8714352db3f799,bd82e4fa6d9ab6c7c40ce2b13c3496f1,delivered,2018-01-28 19:37:26,2018-01-28 19:59:06,2018-01-29 23:32:22,2018-01-31 20:41:34,2018-02-14,7e3040c20b1393e5d1fc3689c6b5b02b,2018-01-28
f045a5288c6c147b39b28a8a57357722,9addbda17e1bb5d5cfdbdd7cb0a7eeec,delivered,2018-06-11 22:59:27,2018-06-11 23:18:32,2018-06-13 14:33:00,2018-06-14 21:22:37,2018-06-20,c5fed4fa06a62647410b4860bcebd832,2018-06-11
b465b096e042571f13c2e9e8e15122a5,41c2040a93d27479733b7d7b943e1ad1,delivered,2018-01-06 16:12:41,2018-01-09 11:55:35,2018-01-15 18:55:58,2018-01-16 15:02:44,2018-02-08,afff4013dafaea09cba2af38039115d1,2018-01-06
1475652ad485c6469bd02393c70fdaa9,204d0477c079846f2a02ee4d0b15e267,delivered,2018-01-14 22:38:15,2018-01-14 22:49:38,2018-01-17 18:53:13,2018-01-18 23:07:12,2018-01-30,8550e6d95d00cbf99526dae086244929,2018-01-14
3744e7b8effd50b00d69f3d094842760,d53e918649c306473b41cedff2f7f043,delivered,2018-06-28 13:20:09,2018-06-28 13:31:33,2018-06-29 11:12:00,2018-07-04 12:27:54,2018-07-27,9fb605ad4f0d32457f99def33e7fd10d,2018-06-28
b4172815f53972366f125cc2b0e28ca7,89ec836debcdac8b168d55b0cd28b2ab,delivered,2017-07-17 20:35:27,2017-07-17 20:45:17,2017-07-19 22:17:53,2017-07-26 18:33:45,2017-08-18,1edebfa1ab57cdb2dc4ad98d329a0577,2017-07-17
2f8efac9068ded7f96cea13ecf271dd7,a0dbda9ba9675d8f5837d7d143314701,delivered,2017-05-28 20:16:50,2017-05-28 20:30:17,2017-05-29 07:07:55,2017-05-30 11:13:03,2017-06-12,816e808e3042b39419ced774da4bbdaf,2017-05-28
6fa816a50da044a1d17ec9bc408c8d7d,6ad48bc2c6b7b02239848758acf6c6a5,delivered,2018-07-22 21:10:35,2018-07-23 12:32:08,2018-07-24 14:42:00,2018-07-28 13:09:17,2018-08-10,827cb558b8e933df76f80bc47f7e07be,2018-07-22
3a05c5202070d944a10db60144ddf04b,78ee827873e4946a08fd80efaf75140d,delivered,2018-07-01 00:25:23,2018-07-01 00:48:31,2018-07-02 11:57:00,2018-07-06 17:51:58,2018-07-25,518614d35d240f297c3e88ae861f08e5,2018-07-01
de4090fd9b7900d46323b0c7c36b7128,6f750933c4466edfcd08b82f4ddfd920,delivered,2018-05-05 10:27:28,2018-05-05 10:35:22,2018-05-07 14:11:00,2018-05-11 23:58:49,2018-05-30,89d4ec26627e7fe35be69c0512748842,2018-05-05
ea67dac121b11211fed4d9b9f5f3590b,ab90591256af2a7243bfffaa9ac7a870,delivered,2018-05-10 21:50:13,2018-05-10 22:16:49,2018-05-14 14:02:00,2018-05-19 19:58:40,2018-05-25,c78b6a5c911f6ee40906272207fe1775,2018-05-10
54190ac792fe31ba85861d9b8c5109c4,772bc39f945af45cdf5168ed7ffb5204,delivered,2017-06-15 09:49:50,2017-06-15 10:02:57,2017-06-19 20:05:58,2017-06-27 17:41:56,2017-07-12,6a168ae0237dcb31cd5b3e078da46eb4,2017-06-15
a38f658be81cb0101121c8a7fdc5efae,84122f2d938db6827af18bf927d56051,delivered,2017-12-26 10:24:19,2017-12-26 10:31:29,2017-12-26 18:48:04,2018-01-05 16:48:53,2018-01-16,0f1b8ff0352fb8a4cc5251bea600734c,2017-12-26
a1dfba002c399f4899de69e3bc83e2f2,5172f1196773bb1f6f912da9c64facb3,delivered,2017-10-09 13:51:33,2017-10-09 14:07:08,2017-10-10 16:09:30,2017-10-17 18:48:51,2017-10-31,1581f60f62bd23892227a8abb32cc4f1,2017-10-09
faae3d4acaaab21062794c932248e58b,bcf9cd830b56f139f4af1258ce8978be,delivered,2017-10-23 00:13:46,2017-10-23 00:28:20,2017-10-24 17:14:44,2017-11-06 20:36:20,2017-11-14,07a374b1259eace4d5462531702f3ef1,2017-10-23
a435fd4d1e31fb6948a243c50533c1a6,262f9e6567891bd8c5bcdfe9aaa67e4b,delivered,2017-11-24 15:41:04,2017-11-24 18:51:40,2017-11-27 13:58:52,2017-11-28 16:42:57,2017-12-08,78305351b8dcd66f7001d6cae2edb653,2017-11-24
2af1664ed08d6f1bc9b2c0e743cafded,64c9a979badcca497531f08b91c67c21,delivered,2018-07-24 13:10:36,2018-07-24 13:30:10,2018-07-24 14:37:00,2018-07-27 12:34:48,2018-08-07,02d11346c78159884066cdd2a5e0e102,2018-07-24
76de219e02a69e67c85ab229f27eee44,39a5f9a6741051a2b753e8e279ad0bae,delivered,2018-04-12 14:18:45,2018-04-12 14:33:09,2018-04-13 20:18:32,2018-05-17 17:32:43,2018-04-30,80ce8f0c88f119bdbbc1499b1ac67b72,2018-04-12
d4acee3ee57cea5cac8b23fadcabbeda,87a75fc08a55a06e838d10c7a7037bf8,delivered,2018-03-27 12:28:30,2018-03-27 12:47:29,2018-03-27 22:36:47,2018-04-02 16:33:11,2018-04-13,6ca0c41479d1320aee4ff32c0dec3eeb,2018-03-27
25f5fa53bb18e8f31ee6911fcc833414,b5422841969e355653f1d85b8bf8e104,delivered,2018-03-13 18:01:58,2018-03-13 19:00:27,2018-03-15 17:37:19,2018-03-20 00:48:39,2018-04-04,3cae34a5904516a06e100af9024617e7,2018-03-13
a88ebb416476bb5c50111622847afcf8,5fee696482bd8b0db6cb196b33e5addc,delivered,2018-03-02 15:03:37,2018-03-02 15:15:39,2018-03-05 19:28:53,2018-03-22 19:58:31,2018-03-29,088653e3fa566d968be97a72afee0b74,2018-03-02
f44d571d6da6dd1daf4ee2de7e006b6b,ae8bf740f3e8168f8d0ea2a646b1534f,delivered,2017-06-01 23:06:00,2017-06-03 02:30:25,2017-06-05 17:08:23,2017-06-06 12:44:07,2017-06-14,8ea3c6ac64eb4e75182aac92410bd687,2017-06-01
85924005925accc8a231a9d98c6d0fea,ae34215e10534bfc372025bc69c7034f,delivered,2017-11-27 19:31:36,2017-11-29 02:22:18,2017-12-05 23:54:32,2018-01-12 22:36:44,2018-01-04,67bb1e310d24106e7b48484e50cfcec1,2017-11-27
4862027da7986ac571a0bd91458ec358,bcd36b6e86d6863f5b9abd45471c81bf,delivered,2017-10-09 15:55:06,2017-10-11 07:36:48,2017-10-17 21:51:58,2017-10-19 22:27:32,2017-10-27,215725c67b6af026e7cbb4cdcde79907,2017-10-09
a1d133bc443028eeb5c7c59e70414ebd,130a5fc65a67e5314a71252a4a8b1e35,delivered,2018-01-15 08:03:54,2018-01-15 08:14:19,2018-01-18 21:51:48,2018-01-26 20:11:45,2018-02-07,fba3a0077e88a03262c36b7f8735cd42,2018-01-15
48c5decbdf6fcf15cdf335a81ef879c0,83f9b0b0944c671084d7458c71d2ca03,delivered,2018-04-08 21:09:38,2018-04-08 21:29:27,2018-04-11 02:12:39,2018-04-24 14:42:56,2018-05-04,6dab1460872fa8349b8e5f7bddc8d261,2018-04-08
38cd9a16e2ee3ee519de420fc15d77ff,22f9f88866a23edb1a9a66be3970fcf7,delivered,2018-05-17 16:53:52,2018-05-18 00:38:47,2018-05-18 09:16:00,2018-06-09 11:04:14,2018-06-05,350ce28b38006301c169398019915760,2018-05-17
5f320558febd0e414d9a52714cfbae31,4c3c1fb477dbc45b3084f8c54902866b,delivered,2018-08-02 12:06:17,2018-08-02 13:04:24,2018-08-02 13:38:00,2018-08-08 18:18:51,2018-08-14,5d78c6a8ce4a87d56bec6d801ca0f91f,2018-08-02
6e273ddda8f080e930bfd87f011395c7,c45211185ff26d002509859f90460211,delivered,2018-04-12 23:40:00,2018-04-13 13:14:28,2018-04-17 22:18:30,2018-05-12 00:22:37,2018-05-16,729af45f0df3dd93e0f855e07da55b66,2018-04-12
03f2f876bfee9ea9a502ec0d8a664e4c,b31e3de2a253154bdd28a4f1f252b1ed,delivered,2017-11-29 19:35:55,2017-11-29 19:57:15,2017-11-30 18:04:14,2017-12-01 15:34:41,2017-12-15,028296541bfb0fe84ab460804e4c0dce,2017-11-29
30b971d10c8ea1517964eb4b7f720f2c,98a99b42d086d32ac68864925c5ab7c4,delivered,2017-09-01 08:14:59,2017-09-01 09:25:10,2017-09-01 14:53:02,2017-09-08 22:06:44,2017-09-21,f514fa8c60b510de4c90242e86801717,2017-09-01
955340008b55220de4e15932d6e1da20,8697380aa3aea71a75cc47cf792a1c13,delivered,2017-08-17 09:07:02,2017-08-17 09:24:38,2017-08-18 17:41:21,2017-08-21 17:13:27,2017-09-05,68e31a96512696ef50b87ef5bff682d0,2017-08-17
dbaa485d0f1b926d88f11b5c685d6bf2,496c72dd8fb5f70127268e2ec401345e,delivered,2018-06-09 15:38:46,2018-06-11 10:32:28,2018-06-11 14:10:00,2018-06-21 15:34:55,2018-07-27,a2bc393394fa9c2327f51c4c1b7f3c88,2018-06-09
7ce4e38f4eadd993bb5b2e60bb7f7bec,945ff008560255cc327d509beeefb54f,delivered,2018-08-08 14:46:45,2018-08-08 15:05:01,2018-08-08 13:29:00,2018-08-15 18:55:45,2018-08-28,6803a8540886d35893fd54f75609fd98,2018-08-08
af2359d82e9c9faf082ef72d57250a80,1b3ada300061b03f4944c669e5030ca0,delivered,2018-02-07 18:32:45,2018-02-07 18:50:15,2018-02-09 02:07:45,2018-02-20 16:39:19,2018-03-08,7c6783f6e99178c2e2e05dd3409002fe,2018-02-07
15648e2019911c02505299339dfbde71,18f7e8c7de57a6bc987cad0e9f587d98,delivered,2018-02-20 20:57:52,2018-02-21 07:50:19,2018-02-21 20:07:55,2018-03-08 18:18:26,2018-03-15,9307a6c1f131dff2f8eef75dee652787,2018-02-20
4cb24865009af24b4fba1f3dbe0d1445,c7db870d125da0f8f7e2042374762427,delivered,2018-05-09 17:42:22,2018-05-09 17:55:24,2018-05-10 15:34:00,2018-05-18 04:50:30,2018-06-05,306435420dc26d63789a6a0ccfe6a1a4,2018-05-09
2d070e3a721ccc7ea881f090802680ea,47a4cd5018d5927be7de854f4eb0f12c,delivered,2018-05-13 23:59:36,2018-05-14 00:14:32,2018-05-14 14:50:00,2018-05-15 20:32:21,2018-06-01,62059f8c18d0d9915439ff6d0c0038c4,2018-05-13
912343626f370ead5ef2e85a9d757e22,f7622098214b4634b7fe7eee269b5426,delivered,2018-06-01 19:08:41,2018-06-01 19:31:26,2018-06-04 11:38:00,2018-06-15 00:05:57,2018-07-19,adfa1cab2b2c8706db21bb13c0a1beb1,2018-06-01
9099f7b4fbc5f14bdeb753e5114872e4,4b5df49aff7578c1ea821bab40608b04,delivered,2017-05-23 19:20:02,2017-05-23 19:35:10,2017-05-24 12:35:42,2017-05-29 13:24:43,2017-06-12,aabae93b0eddbe0a9b39e278721f3f26,2017-05-23
f162b64870a8b725213ab6ad3007bc6f,06a36e2121cd25bcaeaa79ff09974ce7,delivered,2017-06-08 23:58:19,2017-06-09 01:22:36,2017-06-12 13:05:17,2017-06-30 15:24:47,2017-07-03,af327122b18bb529c0952a8e8d97c7f6,2017-06-08
2d3a9613540af5e9c2ceb366d9db5720,66cc388227b8fa09fad9254eafd1f9c1,delivered,2018-04-16 18:44:35,2018-04-17 17:50:45,2018-04-25 12:55:00,2018-05-23 15:56:47,2018-05-18,5d57888771d3e856d2f6a1502135899b,2018-04-16
7e8a02cddca8f2dccebedb8b6b75ba5b,8825ddd25aa90c9895c662c03975ba06,delivered,2017-12-05 13:50:32,2017-12-05 13:58:27,2017-12-07 23:09:03,2017-12-11 21:42:23,2017-12-22,ff5c94688b17db95aa0969389e6d156d,2017-12-05
439e088d80f64c9fb6491a96e37d7ed7,4b6663161ebbc88f81e39c014aed00ac,delivered,2018-07-06 15:21:12,2018-07-06 15:35:08,2018-07-13 13:42:00,2018-07-14 18:54:34,2018-07-27,28f68e4284d2287c10f0bc2704023f72,2018-07-06
e1a9073ab42d6cbd16dcf2aa7d695f6d,5f6afb0591f38a26989947e3617c9f91,delivered,2018-04-06 10:33:36,2018-04-06 10:49:46,2018-04-09 20:04:04,2018-04-25 13:06:56,2018-05-15,d58a6b58d3932e79b2638b2963198817,2018-04-06
9acc06ae2e1207f5e808f38266a19328,1c885028d31048a165666372df88a573,delivered,2017-12-06 20:39:46,2017-12-06 20:51:31,2017-12-07 22:29:33,2017-12-19 17:12:13,2018-01-08,54bc398ff6019ea36ce054247211f952,2017-12-06
a662d10f23e89a7efa93b6d02329d18c,75d126a99e57ae6ed59ff56708f2accf,delivered,2018-05-08 07:28:14,2018-05-08 07:50:22,2018-05-08 15:18:00,2018-05-11 20:18:28,2018-05-22,542003f439714809b42b48544b296f6f,2018-05-08
4725eb9672221e03c250c9a5ff5736e7,c46151503cf77d0f69c750452f534870,delivered,2017-11-23 11:47:25,2017-11-23 11:55:54,2017-11-27 13:14:40,2017-12-18 19:58:00,2017-12-12,083e14981d81da62df32871d3c1eaab4,2017-11-23
b293c0e73bfa20e036be738d8c66f8c6,5f2b65ce4bfb96de1567bddfa47abcac,delivered,2017-09-11 14:49:24,2017-09-11 15:24:01,2017-09-12 19:33:38,2017-10-02 21:26:52,2017-10-04,8f4daadbfba1cdf126d0aff2e9e6a42d,2017-09-11
7b390db779af286692f8ed14cde29ddf,58cb54447b21f4aca2465eee852e23b0,delivered,2018-05-09 00:20:27,2018-05-09 00:32:43,2018-05-09 13:22:00,2018-05-21 20:48:30,2018-06-04,5306b466e56810a5471f15d7ad944ee1,2018-05-09
aaa4c8bb37dd88031c3b22a269ed74ea,c0a31fd7423fce388df3c2ce2f981540,delivered,2018-08-16 23:18:21,2018-08-16 23:30:14,2018-08-21 14:53:00,2018-08-23 17:56:36,2018-08-27,6a56338046eea107d761e02d0998c4e2,2018-08-16
140d9953eb16589e277967bbfcdf7ac5,2a1dbcc0c26487ca29fe53b16de930a5,delivered,2018-08-21 12:35:25,2018-08-21 12:51:02,2018-08-23 14:24:00,2018-08-27 18:02:19,2018-08-24,6fefebbfc298caf747487c94c4806f3c,2018-08-21
f26e384b92781c0afd3009e3da835c21,ae06e61f0d88e749130ffd7dde18c0fe,delivered,2018-03-25 20:52:23,2018-03-25 21:08:25,2018-03-27 19:37:29,2018-03-29 21:51:46,2018-04-06,97e5be9a2f1841bc42b966aa2d014d13,2018-03-25
a95233889b00b4d7f6e1469e15bbeb1d,83ea5d4cd198792de3596cf94415c907,delivered,2018-07-20 17:04:49,2018-07-20 17:15:16,2018-07-23 11:23:00,2018-07-30 18:03:48,2018-08-15,f9a707150880ff8da844d1d097f7e44b,2018-07-20
0decbe12758413b8bdfe6128f949c13f,9317734b9df707723cc73d49964501d6,delivered,2018-03-16 17:56:52,2018-03-16 18:08:25,2018-03-19 19:58:33,2018-03-23 18:03:21,2018-04-13,003ac9408252444b489b1bfc013f5f8c,2018-03-16
32a2a69103ff2fe1402e4d61c624c5b4,3565613fe710f2c1b649ba423c0dbfb0,delivered,2018-06-26 13:53:10,2018-06-26 14:17:16,2018-07-02 10:33:00,2018-07-05 16:50:42,2018-07-23,7a5ec5b84689712437501dce53081c27,2018-06-26
9c9519dbd0554cfc5c787fdc7fa8ff42,e77c725677d8c9c7a37159276095b116,delivered,2018-07-30 19:58:23,2018-07-30 20:30:51,2018-07-31 14:18:00,2018-08-07 20:22:47,2018-08-28,bcb63903e6e5a3a94181de0c728fbf4a,2018-07-30
32974bc1499a6c903d54eec9eeae8fff,16f656f511e27cc3fbf91cbc28c415d3,delivered,2018-02-18 16:05:32,2018-02-18 17:10:21,2018-02-21 20:18:13,2018-03-05 12:55:08,2018-03-19,e5aa04843f2158edb8106833cb835f6f,2018-02-18
49e9a33958600b70cd7167fa011317ef,5b52bf026f62860b9ca706652f1426c9,delivered,2018-02-04 22:23:22,2018-02-06 05:31:44,2018-02-06 18:16:25,2018-02-16 19:29:45,2018-02-21,009231b0ef6a6b4f5a5fe46938827b83,2018-02-04
80083ca1275ffdba0b75eabe6fdf39d5,d7b1a2fde9b70a251c68b6a366594869,delivered,2017-08-26 13:15:24,2017-08-26 13:30:07,2017-08-30 14:59:59,2017-09-06 19:13:26,2017-09-18,83ccc52bc09e1688f948ebd4998abeaa,2017-08-26
9e2430e1381d80fc3665bf37356d87a9,8f0330f6cfa5e1fa144a24ae92027eee,delivered,2017-11-24 23:15:50,2017-11-25 02:14:59,2017-11-25 15:49:59,2017-12-04 20:03:36,2017-12-18,8a077a1e1dc687aa2b1da4a73ee88ef2,2017-11-24
9a5d120ae552d50b367cad2bbd87caa0,01ee3674cbbee7421ea03a3549f0c74d,delivered,2017-05-07 16:18:17,2017-05-07 16:30:17,2017-05-09 06:48:37,2017-05-29 09:25:51,2017-06-12,6b7d9529319d329dfa074692573fb187,2017-05-07
aa7c3f20fab2d3cb0f76ab5165e47618,a907c1cc7d54627276af64647fbd61ad,canceled,2018-02-15 11:40:45,2018-02-15 11:50:38,,,2018-03-09,5df281f84513d9fb70a2145e036f24d8,2018-02-15
3c116d50bb76160ee1d7a2e8f5791427,d056f27116f163ae6d99dff3d169c032,delivered,2017-01-12 18:30:07,2017-01-12 18:44:39,2017-02-16 04:24:07,2017-02-24 16:45:39,2017-02-22,c39b2706a13ca378504fe314e7f2f645,2017-01-12
7ecb65884485f612cd43998556999634,152145022a0e395ebe376ff5fc7ca128,delivered,2018-03-30 13:29:51,2018-03-30 14:15:19,2018-04-05 17:56:38,2018-04-07 00:33:43,2018-04-12,d8f5d0ec371c4c801da02488edc6aeb8,2018-03-30
7e746592e95b3026beaecc92855b04b1,53b2109f24917c2cfae72518daf4fd8a,delivered,2017-08-28 20:15:12,2017-08-30 02:11:00,2017-08-30 19:14:44,2017-09-05 19:12:38,2017-09-19,330fdaa06f93c0c6ffb4af7d79c1ef12,2017-08-28
39f59663a51684e7a63cb122f615af62,aa4eb9272c6c81c77a35150f92e830af,delivered,2018-07-18 10:09:42,2018-07-19 03:05:17,2018-07-19 14:09:00,2018-07-26 23:38:43,2018-08-15,b31affa933b8725eab500f7b983d0bd1,2018-07-18
1863ea0df317ace17a6b6021020c2fd8,29554c8dabea94740eeb53e3d5e09478,delivered,2017-03-07 09:32:21,2017-03-07 09:45:16,2017-03-09 08:58:52,2017-03-13 11:24:06,2017-03-29,c1d5c14ee6fd3b88eb58fe30031b653c,2017-03-07
e1017b936851c9cfe214af471fa314ac,54021a19ab55f5700fad6fb14ca8ec17,delivered,2017-12-06 16:58:56,2017-12-08 16:53:56,2017-12-12 22:07:04,2018-01-04 22:22:50,2018-01-02,966546acf681de6141c516ee30f8496a,2017-12-06
520fe4623f683411666af8d286b981b9,03caaa2424ad1eac4fa728131f432da7,delivered,2018-05-01 12:25:50,2018-05-01 12:59:28,2018-05-03 13:58:00,2018-05-05 01:08:46,2018-05-10,eb778ee3e0a3192f49c887918fd5ead1,2018-05-01
c5e7498e13b3cedcde9bbefcd98596e4,801bb18cc4e4328bfe7c8094fba43fd4,delivered,2017-12-09 01:11:26,2017-12-09 01:43:53,2017-12-19 00:25:51,2017-12-28 21:24:55,2018-01-04,4620f724ea1b3f418e1c692306edd170,2017-12-09
13bc2aa1a887b018329663498f5e00ab,830f73ec04ebe308bbeeefd3b066bd77,delivered,2018-04-23 20:05:16,2018-04-24 18:41:32,2018-04-25 14:30:00,2018-06-02 13:41:02,2018-05-22,5e41dd374b16457815721cce195d252f,2018-04-23
457750fb17f45c74af0c5ffa002c294b,de281e7aa3ddf4dfa36b4253ce263ed7,delivered,2017-11-25 10:43:28,2017-11-25 10:54:52,2017-12-01 16:51:28,2017-12-09 00:33:48,2017-12-15,9bd37e786ab07a6d839e98b20df52c7b,2017-11-25
e650080e8d5ef14f87c849fa64fdbc85,c7dea15609f6f9f847e5ab841d72d8d4,delivered,2018-02-05 18:08:41,2018-02-05 18:30:06,2018-02-06 21:07:52,2018-02-08 17:08:56,2018-02-21,00bcc55fd3eb23fc001365c5f0c3c3ba,2018-02-05
b150b9b90a70a0313138f20db412321f,d56b30201c33d06cdf8a42709f7c0a4f,delivered,2018-04-04 14:29:46,2018-04-04 14:49:45,2018-04-07 00:13:34,2018-04-26 22:48:39,2018-05-09,14d7cd502679046bb1c45fda1cc871bb,2018-04-04
b6b7c5714dc60f5699ec29abcb31cf50,578d56cc71b217d392601076da7b9045,delivered,2018-03-27 23:14:15,2018-03-27 23:27:21,2018-04-05 23:32:09,2018-04-06 22:14:23,2018-04-12,b171a88beee0e62d4392d5a1dc8689b5,2018-03-27
9cb3bcbfa845d21d90a540b8a8e9eff8,38298b9250dd60ab3c361f0f806635b2,delivered,2017-08-30 16:36:15,2017-08-30 16:45:25,2017-08-31 15:04:42,2017-09-08 21:14:27,2017-09-19,9d6cb419413210952479e9283d9a86b2,2017-08-30
aedc9e734fd2df1c2e7b92ed30d851e5,1b0f46261cefb21ad28e03c4e388113e,delivered,2018-06-09 18:32:37,2018-06-09 18:58:28,2018-06-11 18:56:00,2018-06-18 18:38:42,2018-07-05,0d605d6f144659c8c880106a664963de,2018-06-09
5e17c0dc87169aef2e276079b07dc873,8662689997b421310794fe25c28ecdb9,delivered,2017-12-16 18:51:09,2017-12-16 19:10:22,2017-12-18 16:36:55,2017-12-29 18:42:20,2018-01-12,ccc3e3aa5b39011a6b206229fb9b4383,2017-12-16
6430ecb0185bdb039eaa6b867f26a893,9aba659eafa32cba35f67ffc653584e1,delivered,2018-04-05 19:10:26,2018-04-05 19:29:42,2018-04-07 01:34:35,2018-04-19 00:28:28,2018-05-04,674e552503d21cd547fdd0de0bfb9be2,2018-04-05
8624ba83187b6280c6d8b7664a5f5607,ed28bfc3a8769a51f2b064265f86f364,delivered,2018-04-05 18:46:12,2018-04-05 19:09:27,2018-04-06 23:43:24,2018-04-20 16:12:28,2018-05-03,27967f0a8fbd06eeee18e922deaf0a21,2018-04-05
71affa9afa826434e902e5b89e32271d,dd46295089c77ce6e11f35d38c0ad464,delivered,2017-03-28 17:41:28,2017-03-29 02:15:48,2017-03-30 10:09:33,2017-04-03 08:40:09,2017-04-17,c0082140a6a2214f91d11cc7c77b95d3,2017-03-28
427ab04bb9a88ee00929a510651d77c2,c85dee4c2d489b0a3108b2b4484c5644,delivered,2018-04-12 08:10:13,2018-04-14 02:30:20,2018-04-19 01:16:41,2018-04-25 00:05:18,2018-05-08,ec441c1966bfa602976763f330fc5168,2018-04-12
518fcf931a950e2fdd0c4de17b5ed862,f1176be13e903804b551776636647c0a,delivered,2018-02-12 16:41:07,2018-02-12 16:55:32,2018-02-14 18:48:59,2018-03-05 14:39:01,2018-03-13,0d490b8ef864883f37b980339a880b76,2018-02-12
909848fc22bea821de7a92b2dc614338,5c2de499c8b3e854beda15e1a3962e8d,delivered,2018-05-04 19:23:32,2018-05-04 19:35:19,2018-05-09 15:48:00,2018-05-15 16:53:39,2018-05-29,f05fa2c1130ab3c89ea4323d3bf98495,2018-05-04
a1d83bc33177d956b86ece86d32b83b2,3900b7a92c1e4b0c5e251478cd747e16,delivered,2018-08-06 14:44:41,2018-08-07 04:24:43,2018-08-10 15:29:00,2018-08-14 17:28:29,2018-08-10,056fc0ee91e3ee0ca248736a6b84da62,2018-08-06
d1d6de6c479c3d44a5371f79d677fe52,503ffd7cfd94e2c0c94bb44713dd44b8,delivered,2018-03-08 22:27:45,2018-03-08 23:40:30,2018-03-12 17:32:22,2018-03-26 18:12:59,2018-04-09,3893d8d9e87ffb7f11739846b63d5887,2018-03-08
b399c199121f7dd129d7a6f908b95fc9,721927de417259704aa94388813f523e,delivered,2018-05-17 17:23:38,2018-05-18 02:14:27,2018-05-18 12:16:00,2018-06-07 12:05:27,2018-06-01,40ea0f23c5d1b5d63b04ec5d0f930250,2018-05-17
a6ade711f329afba041f4c8cfa9ec963,ddb1eba2d5a60486026e74e899e57b53,shipped,2018-07-23 23:58:12,2018-07-24 10:31:12,2018-07-24 11:01:00,,2018-08-10,f69d58eed2c84ede7937a8caf953d786,2018-07-23
e5aef80dae38dca5571279abb1001629,43e3ff550fb4e3f2d459e8ce2f6de0f4,delivered,2017-12-20 16:05:47,2017-12-20 16:16:28,2017-12-21 17:35:13,2017-12-26 17:57:17,2018-01-16,46c66ed53217d42a41a10e6261fcf459,2017-12-20
fca018a47e2170d1f13529d7542d6438,113cd3ff0105d8e9404297e07054bf04,delivered,2017-12-03 18:53:02,2017-12-03 19:11:30,2017-12-04 19:04:57,2017-12-08 20:05:35,2017-12-27,4b8c35f7dff82de048f8bcb3faceeeea,2017-12-03
1f1966428c44328b7f97baa1569ea5b8,5e2af35ff122382658db06089939db88,delivered,2018-06-10 07:46:58,2018-06-10 10:30:42,2018-06-12 11:12:00,2018-06-18 19:28:41,2018-06-29,c21dd917ed2f78f139871286e0935a5e,2018-06-10
e646fcb007accf97545bc0df54258f70,4bcabc3e1655cbeacb9c68772a40d454,delivered,2017-07-31 14:34:07,2017-07-31 14:50:17,2017-07-31 19:51:33,2017-08-02 19:34:52,2017-08-18,bd9f85ce587a743df54919a19a6229c1,2017-07-31
d18d6902fe66909a2e78ded3ad68d633,effd730d7d3d3cc25197722580540521,delivered,2017-05-29 10:34:18,2017-05-29 10:42:22,2017-05-30 09:56:42,2017-06-07 14:56:25,2017-06-21,1f6a5f79972b5203849c98f33e309253,2017-05-29
d37222a038dff3570139ecf1b452dd3d,fd00ac0c4373ccce4a50d1b8e0c09ed1,delivered,2017-09-12 22:20:52,2017-09-14 02:45:16,2017-09-15 17:57:45,2017-10-18 14:03:05,2017-10-05,b77a6b147f673212176152679e23a652,2017-09-12
00ff0cf5583758e6964723e42f111bf4,e3626ed5d1f2e3a02d692ec948b25eeb,canceled,2017-04-10 00:45:56,2017-04-10 01:03:29,,,2017-05-04,b9badb100ff8ecc16a403111209e3a06,2017-04-10
489d87d975c0d954b27ca5482aef1e91,bf5063c4f45464200ef0510c7a659780,delivered,2018-03-13 06:28:18,2018-03-14 02:50:53,2018-03-15 00:46:34,2018-03-27 00:48:39,2018-04-13,7490f69f14fa7dd4b577f3aee262a675,2018-03-13
b33710c706a29d2ee76bc234d77edd84,cc639a99681c70b66a0fd990f76c8dc1,delivered,2018-06-16 19:31:46,2018-06-16 19:58:20,2018-06-19 10:14:00,2018-06-25 21:42:26,2018-07-19,1c9335489ef62337129fd9f5023e7c32,2018-06-16
1883a089d3c8c6c4068e31b8802672bc,c232fab86a307b3cff8871d93190e477,delivered,2017-09-07 15:21:22,2017-09-08 19:43:54,2017-09-11 09:27:35,2017-09-12 16:37:42,2017-10-03,cb055a8cd2a9686494555fdcf4658407,2017-09-07
e20feda4e7ceb4729018d7105314d5b3,05a6e86df697f23bad61bdac4900e61c,delivered,2018-02-20 17:08:18,2018-02-20 17:28:09,2018-02-21 18:37:13,2018-02-27 18:38:37,2018-03-15,1db4fcda5d3dd475f0211ce950ed1b7c,2018-02-20
e0656680044e57cdeb0d3ec00c152a39,5107f877a1a7e7c4c40a33b6b68fbd93,delivered,2018-04-20 13:04:18,2018-04-24 18:28:09,2018-04-23 23:52:43,2018-05-08 18:41:36,2018-05-14,5a866c21abc835d2a0abcf9ed63b78e9,2018-04-20
753785118f46f1281ace9f302faffeb4,9c9e1c5073624a410f79bdb0c69ccb9f,delivered,2017-07-17 22:51:12,2017-07-18 00:30:39,2017-07-18 17:10:11,2017-07-20 18:32:35,2017-08-04,7818e1885cbf99e32c83f40e446c9640,2017-07-17
caea6e101e14d01d432ac29659dc6db1,63172dc62e54662668b2fb3a57c8fabd,delivered,2017-08-30 13:50:57,2017-08-30 14:05:27,2017-09-05 21:42:42,2017-09-14 19:14:54,2017-10-05,20526dd7b9c9b568da73fb138d8df913,2017-08-30
4ad22ff8b63bdf00c78aad95be5be3b6,8834843828f1e7691f2b5ea94e7298cd,delivered,2018-02-09 18:09:37,2018-02-09 18:20:36,2018-02-15 02:09:45,2018-02-16 18:08:45,2018-02-23,a3a13167bdd112d8882befbfc80215e3,2018-02-09
f33d14c1e039db7f3385e552f0299731,d0e4f160644f57b688d874bcf1fde14c,delivered,2017-11-11 14:15:46,2017-11-11 14:30:52,2017-11-14 22:52:50,2017-11-25 13:46:52,2017-12-05,bfe888248ff4f760ad25728a3c1a14cb,2017-11-11
ee9c09afa667c1baabeefdf51f66148e,24bab961499812074229c80da4daa2bb,delivered,2017-06-24 11:05:24,2017-06-24 11:15:14,2017-06-27 16:52:14,2017-07-10 18:14:53,2017-07-26,ff5b57c3e15d16c77e4dde1ff66dab33,2017-06-24
8827d3e138a6edf9b81dbde93443d285,a9cff8ece3be5070b649a9c1e791ebf5,delivered,2017-03-29 13:38:53,2017-03-29 13:50:13,2017-03-30 13:13:27,2017-04-07 08:53:39,2017-04-20,cd157ff77b4ef3c1e8263d18af1e4546,2017-03-29
2bacd0ec76fd0e9fe78bc4395ba0d63b,9b2b6b3aaab4aad31418c0c345114a18,delivered,2017-06-07 09:00:12,2017-06-08 02:55:18,2017-06-08 12:00:48,2017-06-17 14:47:32,2017-06-30,4d637e10e434564aa2f6aeafad4eef47,2017-06-07
2e74eaf7ee1417b678a04cd77f4691a9,78548c56d5d9f8060276d460af6cf6d0,delivered,2018-01-12 13:41:16,2018-01-12 13:48:58,2018-01-15 21:18:49,2018-01-25 17:33:22,2018-02-09,a455e01501b68a8423b818802aff1f1f,2018-01-12
b02f16483f20ca4c7d1d5b147eca4c79,8fbb6b597798c39667b1c353bac76098,delivered,2017-03-24 11:32:35,2017-03-24 11:45:16,2017-03-24 13:54:28,2017-07-03 14:32:56,2017-04-17,7b40921cca0ac7cab63f62261c25efee,2017-03-24
bc2c6eda20ba0146eb5d4420734b21ff,91f2fe378f8c723cbdcc798e3164c9d4,delivered,2018-07-14 09:36:23,2018-07-16 14:30:56,2018-07-26 14:11:00,2018-08-03 11:28:35,2018-08-28,0977cd50786b1f5d899cc3b93989acea,2018-07-14
9a4ae4d5c3a3dabdf42e5d7ec4203ed2,b1b4f0c5c3d900ca65f0d79b18ee1587,processing,2017-01-23 02:54:13,2017-01-23 03:31:07,,,2017-03-06,7cbf4e7c9f78c6855c9c0caec1a50e38,2017-01-23
64494f7ab58005aa3e0a940357fed9dc,d7d5a377ab2bd538d73b6384197c985e,delivered,2017-03-27 22:06:14,2017-03-27 22:15:17,2017-03-28 18:42:28,2017-04-03 09:57:46,2017-04-13,f9ba2499f18faf8df642cb0cf7d4ce55,2017-03-27
d889d65567a63874e9db38241ec2399f,8b94ba786c5a6e3e2ffa2fb353903c53,delivered,2017-02-18 22:29:50,2017-02-18 22:42:23,2017-02-20 08:15:17,2017-03-03 16:45:54,2017-03-21,1c4aa8de4fc95722dfd26f9b5050fee8,2017-02-18
106b93e7196f2acfb1f73a326770c843,84b51da6e8b377bfd4ddc1b46000f3eb,delivered,2018-05-20 12:53:01,2018-05-20 13:10:26,2018-05-21 18:27:00,2018-06-07 21:32:37,2018-06-07,e3956bb0708fe5351faeb6eba056836d,2018-05-20
9d31db542e64d903e238ecd774d8b301,6022d3082a09e52b65e19b1ef3ace112,delivered,2017-08-31 18:00:12,2017-08-31 18:10:18,2017-09-01 19:12:12,2017-09-06 18:39:53,2017-09-19,0f99989fdbdf3806d9e27e1fa6b6158e,2017-08-31
326c5dc4aaf9daba2e0b813c4086156f,4162174e341be4246be9469de35dcce0,delivered,2018-01-14 21:58:40,2018-01-14 22:09:18,2018-01-17 13:24:08,2018-02-03 13:56:41,2018-02-14,fb50cc72395bbea99b8d7ddd0d6f2035,2018-01-14
b869d5e47a11e0ef5dda1edf492e8c69,7ca3ee268cfef2795dfc2ac89eadb215,delivered,2018-07-19 13:20:43,2018-07-19 13:30:19,2018-07-20 14:59:00,2018-07-23 17:14:43,2018-07-27,8cbfe093e5ee322cd35037bfdf468f97,2018-07-19
57a959471d822333138826c2694ea6b6,771e9ae78c4416f6de0bf7821e34140e,delivered,2017-03-07 19:04:12,2017-03-07 19:15:17,2017-03-08 09:43:43,2017-03-14 17:23:41,2017-03-28,8b2a763a17a3a6288f740b7280763603,2017-03-07
27e7d98172136e7499081a19101218ca,ce1798e7ceaec0a413a5ba767d658f24,delivered,2017-10-04 18:47:46,2017-10-04 19:05:32,2017-10-05 21:14:11,2017-10-17 17:49:58,2017-10-27,a3d68b2aedf395d78e176fc633fdeca8,2017-10-04
afb217f83ceec9590ca2726247af3b50,f869fd9a4d35098605f1064d07ef3dc1,delivered,2018-01-28 11:57:53,2018-01-28 12:10:29,2018-01-29 23:57:03,2018-02-05 12:22:43,2018-03-01,a526115a9ce6b4dc41f83499681338d7,2018-01-28
66c14b06bc8003888862ecf57985bbaf,39e5a4b3673465ec8051c92c00ae0b2e,delivered,2017-12-13 21:20:41,2017-12-13 21:30:27,2017-12-19 18:04:00,2018-01-03 22:53:17,2018-01-12,38775863e907bb656c90a73fbc8083e4,2017-12-13
bec5e390bd832706d84b46aba9c4a83b,6647005ddd01b3f7964cfa2ead34abaa,delivered,2018-03-22 11:49:41,2018-03-22 12:08:58,2018-03-23 14:12:12,2018-03-27 00:18:53,2018-04-04,2943cb28b4bbc9bf82c5cb361e563653,2018-03-22
8f28a6c11335444d424803bc0a64f4b9,3573c35f6765718ae5de8d24fda77533,delivered,2018-05-14 08:42:15,2018-05-14 08:55:29,2018-05-15 13:59:00,2018-05-21 20:46:27,2018-05-29,33730ab0c9a5aaa572c85eb7f07dd357,2018-05-14
78532cc9bdcc3c18c8ad8fe190844253,ed3dc6669d03eeb49442d34a82c4d415,delivered,2018-07-05 17:31:19,2018-07-05 17:52:05,2018-07-06 11:05:00,2018-07-12 19:49:13,2018-07-27,4b0bfdc7d4ca991497dd73b9cb340085,2018-07-05
640993b27e5e97a3fd872bf9239b1616,9d218e008f818a8c6743c1d06808d2f1,delivered,2018-03-28 15:21:56,2018-03-28 15:35:15,2018-03-29 19:12:50,2018-04-05 14:58:43,2018-04-19,b07daaf90f2d142d4d0c86f632a2feac,2018-03-28
8a5f03e334444e1899c6eede50adfcd8,547d4b9a978e29af787701d11e358b23,delivered,2018-01-04 17:23:20,2018-01-04 18:08:07,2018-01-05 22:58:10,2018-01-27 16:06:46,2018-02-05,2d9ae6ebe362571a896458850d5d6ec4,2018-01-04
a467400c8e1765c5245eb8c9839a27f8,b4187d222b18f51afc5826fe2f09dd33,delivered,2018-06-17 08:23:12,2018-06-17 08:35:11,2018-06-18 15:04:00,2018-06-20 19:46:50,2018-07-13,f5b790d2d1bad7a568b8174c44553e4e,2018-06-17
8197c9f9b80d1f97dc41fc6b793e15c0,207f1f6d3f964b39a1f0eae4a03ad746,delivered,2018-03-03 18:51:48,2018-03-03 19:29:05,2018-03-05 20:23:16,2018-03-20 01:12:21,2018-03-21,0ff275ad35209e54385b80256f5bce1b,2018-03-03
7d4681be1e02a6976f4ce2c0c1891d0c,b818d38f99185a3587952b3e343bad10,delivered,2018-04-14 13:12:42,2018-04-17 05:55:17,2018-04-18 19:24:36,2018-05-16 16:19:01,2018-05-21,35615effc952ae179902f2388e3872a0,2018-04-14
c7251baaf7027ca152af5e7ce2b7e5d9,1054549d2d002304cd50953c0df1077a,delivered,2017-12-06 14:39:48,2017-12-06 14:52:12,2017-12-07 22:34:50,2017-12-29 18:23:48,2018-01-09,18b84f179b71c2efb1a7d0791565fc13,2017-12-06
e450bc6e7ca8d8338ef53b5cf23b72ce,fc857cb7bb6549b43eae10f2cef77e39,delivered,2018-04-29 00:47:20,2018-04-29 02:00:06,2018-05-07 12:53:00,2018-05-14 20:14:25,2018-05-23,28a9304bf290dcd1f7f904d623be91cd,2018-04-29
987f3d9ad096993454ef3c2c4d9f7a68,f9e3d57a81a5390d5c19d3d6796ab7f1,delivered,2017-06-18 23:14:38,2017-06-18 23:30:12,2017-06-30 09:51:26,2017-07-07 20:07:40,2017-07-11,a5854c79718864cb7023094de2c0f8f8,2017-06-18
8e70868fab5989cc0ab1e5acb893f430,8246b1284c1cbd0f3b70cf0aacb934fd,delivered,2018-02-10 13:03:51,2018-02-11 12:56:05,2018-02-20 20:45:04,2018-03-03 02:09:05,2018-03-12,bc5645740e37b2dd20848ffc6ef68541,2018-02-10
e55058614d5c1caaab8951f3c0f181c5,9279543439a198715b4cc7076ffbc27d,delivered,2018-08-18 22:36:03,2018-08-20 10:50:24,2018-08-21 14:24:00,2018-08-22 22:51:45,2018-08-24,167745ef1f549f90866a8f6fc8fe6e5f,2018-08-18
428864d148621bd89ac5ca142b0e15af,de77cd3aeac67dfa9997f4a5cac54996,delivered,2017-11-12 19:21:11,2017-11-12 19:35:26,2017-11-14 22:14:31,2017-11-17 12:38:50,2017-11-28,e8e4b74753e577683c109ea6a50283c9,2017-11-12
f247c7a7f6677c91066b72c033b635f3,b68de45d3c5eb1900313fc2a39259cbf,delivered,2018-06-19 03:01:18,2018-06-19 03:17:14,2018-06-19 14:55:00,2018-06-26 21:48:35,2018-07-11,3527fe1276a408f2cac54f65373c57d4,2018-06-19
c1b370b659841b645967ebbac6a5adae,cca3a432a978d0171edb9e9ccf167bc2,delivered,2018-04-25 23:37:39,2018-04-26 23:31:48,2018-04-27 08:29:00,2018-05-15 19:06:52,2018-05-23,fcd67b63461ba5df4cd7934c5b11c6f8,2018-04-25
a9e3336634f202f7806561c5f41b2e1a,33a90278a0a7d6de6dbd7283f413a4f9,delivered,2018-04-07 15:17:21,2018-04-07 15:30:15,2018-04-09 19:36:36,2018-05-10 14:06:51,2018-05-08,4cd73988b2614bb59c790ca67ab5c924,2018-04-07
cd0898805c856f3bd20017a200c6f581,a05532617ca345a59cb6fdc127472a63,delivered,2017-07-20 08:16:38,2017-07-21 02:55:33,2017-07-21 18:55:26,2017-08-04 20:02:56,2017-08-17,4144938761003553030292ef70346ab0,2017-07-20
aee8cb55ea10efc990216987d7222994,1d74be377581c2d09cd7b2eb587fa62b,delivered,2017-04-05 20:02:45,2017-04-05 20:15:18,2017-04-06 13:03:16,2017-04-10 14:16:21,2017-04-26,bef7ca2afe6faeb67d5995d8ac534ca7,2017-04-05
a52d56bbdc4ceeb97f9d28b6a90a70b7,fb4e76a4206ae6bc621b7ca61fffa185,delivered,2017-08-11 14:54:40,2017-08-12 15:06:30,2017-08-15 19:03:57,2017-08-17 16:27:55,2017-08-31,62fbf9a3e33b0b69c43117185b257eb2,2017-08-11
f1beb4a73d643e796b824e6f680528f9,f4dc86377b4afaceaed1e4c19ecee415,delivered,2017-09-18 13:17:16,2017-09-18 13:35:13,2017-09-19 20:05:54,2017-10-02 10:22:42,2017-10-04,98f089baf25ca5c195c8d56223432627,2017-09-18
a50c918755157a02054eb1e51cdc9aff,18ccbe022721b0157f324467bf2c2e19,delivered,2017-12-17 18:21:41,2017-12-19 19:32:08,2017-12-20 20:53:17,2017-12-21 18:13:13,2018-01-05,1d0e188751f16afaba2fff59dda152e2,2017-12-17
5f00edb71f6d82f109f0af2b317994e5,ee3a92568460bec769851bb443197a7a,delivered,2018-05-02 09:49:20,2018-05-03 04:12:46,2018-05-03 14:22:00,2018-06-15 18:40:41,2018-06-05,564c03a40766b9b404572658fb74524d,2018-05-02
1e5de131e124a28163dd61ca832e722b,bf70dbc85ccfd25200e3be31d14d56b0,delivered,2018-06-14 02:19:01,2018-06-14 02:57:39,2018-06-14 14:10:00,2018-06-25 21:28:53,2018-07-11,b7b68a8bb6ca48aefdd5790e04cda817,2018-06-14
a58298b548a97e743824ca6c1dcb6b95,609b34a18fd0d61719d0b3190ec05231,delivered,2018-07-16 18:05:34,2018-07-16 18:20:34,2018-07-17 15:16:00,2018-07-26 16:21:17,2018-08-21,067898f38e2eadf2ba5506aadb6ac7cd,2018-07-16
aecf26c3e3a77c1f94125a148ed25a3e,023a4933b90ba7307557b24adbe6f49a,delivered,2017-09-27 15:13:00,2017-09-27 15:28:16,2017-10-03 16:38:40,2017-10-06 22:55:29,2017-10-19,29d480bdfb659a36a30c6443ae80a443,2017-09-27
0c23e216707906b2996b9e2a5bf5ca93,9abf606fc27c284b79f293ca455f99f5,delivered,2018-06-23 11:52:36,2018-06-23 12:19:15,2018-06-25 10:51:00,2018-06-28 16:39:55,2018-07-30,8aaf36b618a4473f308a71f685a12c97,2018-06-23
10c84b04dccc6d66380a1e734f6a654e,6dc9f11ae0d73ae1d360fa325168efc4,delivered,2018-02-26 19:26:19,2018-02-26 19:48:40,2018-02-28 00:12:42,2018-03-07 22:38:38,2018-03-21,add4fbd8aed63e542904e4b93581c4a2,2018-02-26
93b63d0bd99c903fae0f7a00b72b507c,ebe7c129a1d285eb337acf6f3791bbfa,delivered,2018-02-19 12:09:04,2018-02-19 12:27:06,2018-02-20 23:15:19,2018-03-07 23:04:23,2018-03-19,638a579e184b046f9b4951bc1d6c9362,2018-02-19
c7e64bed5496438226ce2932abd058e9,c2a4ba1f57f47ca977e26c78a486e671,delivered,2017-04-12 23:58:28,2017-04-13 23:50:14,2017-04-24 15:53:16,2017-05-12 05:52:41,2017-05-19,035b4831da64a20908a7ddbc95ede0cd,2017-04-12
18b284ddc56750a4971cbf512bab59f3,9a7bd0c9b1b573eb0137f2dbc6788544,delivered,2018-06-06 12:18:34,2018-06-06 12:35:11,2018-06-12 14:15:00,2018-06-24 04:09:38,2018-07-17,0900959c43b78d56c7996f7d05861033,2018-06-06
ba45b8302387142f547f4acd1c75b61d,a40f0cc059051cc7b1ba5465cad570ae,delivered,2018-08-03 12:28:36,2018-08-03 12:44:12,2018-08-08 15:06:00,2018-08-09 19:18:42,2018-08-08,18073c73168b57515a82664fc75581ed,2018-08-03
56d8f7fb6d7398024039c2b7dff3fd0d,96840ba7308ecb87396fb4e60017cc95,delivered,2017-09-06 19:09:53,2017-09-06 19:43:25,2017-09-08 20:37:30,2017-09-12 21:02:54,2017-09-26,5d137471c0b9f120ed028da9b75c1c69,2017-09-06
1762d149a68887991734edbe6df5f15d,ef39a324543d636b72fc7bec637077ce,delivered,2018-04-06 14:14:18,2018-04-07 17:07:56,2018-04-09 20:41:39,2018-04-23 19:48:46,2018-05-04,37b68ac37824431b217fd8d6bd0f270d,2018-04-06
34b16c8bd1f6af05432cd98e66341f4b,9a6f6b9c441539f00a707301d09802d4,delivered,2018-03-20 19:33:02,2018-03-21 19:30:37,2018-03-23 15:21:18,2018-04-03 14:32:42,2018-04-11,c2bbb0dfb80929da421b783eee17a622,2018-03-20
5cba8bf344b3cd25e28cc401cd3a89e7,e4071d8169a4556bd975b0e54771fe4c,delivered,2017-06-02 14:29:27,2017-06-02 14:42:59,2017-06-07 14:41:09,2017-06-13 16:10:29,2017-06-23,aed8cb80b5512777cb3f6361f4d00b77,2017-06-02
d6d8d3958008d2514a3a9ef0a43edc56,ba229cac800645c5c7960de7bb42b777,delivered,2017-09-05 21:31:49,2017-09-05 21:45:19,2017-09-06 20:13:23,2017-09-13 22:47:36,2017-09-26,4786a892f7618a4855172f0fc43fd3f1,2017-09-05
d3a3e3dd365abc6013aa6321b0c12c79,185f6a4579e6c10122c789bc38ba3337,delivered,2017-01-26 11:18:28,2017-01-28 11:31:20,2017-01-31 10:41:19,2017-02-08 13:53:56,2017-03-06,397d9b4fe1a6f27a7180b14a42dab978,2017-01-26
d27c9535dfd56cfe107bc9eac1ac3e31,66e7c2bd54aca2f9dfed7187ef360506,delivered,2017-09-17 18:47:24,2017-09-17 19:03:27,2017-09-18 18:22:29,2017-09-25 18:04:13,2017-10-04,42398dee8f2098eec5579129cc1a6f5e,2017-09-17
938ceb503f66e3598a6e79a24745ac16,a78942ba5a90814c22285fa5d6774613,delivered,2018-08-03 12:52:29,2018-08-04 04:24:12,2018-08-06 12:24:00,2018-08-15 00:27:50,2018-08-22,7794b57f872f890cdfdc0787ae708591,2018-08-03
3b7a87febfa65d4cf29ad7ab9cab8c0d,353a6978b7471f4655e274156b120b96,delivered,2017-11-03 14:40:51,2017-11-04 06:10:23,2017-11-07 18:32:44,2017-11-14 19:48:58,2017-11-24,4c63891f8504cd2c882836b549ca9ed1,2017-11-03
f152b3976a55ebf22b3057cb0b79bcec,3f6d65b5025dbcbed1618db64ff8f2a3,delivered,2018-05-15 16:37:39,2018-05-15 17:37:34,2018-05-16 12:37:00,2018-06-06 23:18:27,2018-06-06,619e402e1fc80b0187553b6c2fa63013,2018-05-15
3db64ce753210d81c49f12e2c3b7bc75,9ce714a1c31e4d7db09e7a678d34ab1d,delivered,2017-09-28 12:12:28,2017-09-29 02:28:00,2017-10-02 17:43:39,2017-10-11 22:06:33,2017-10-24,6898f407355b3249347cd2f6320cda3b,2017-09-28
7c5a7744669451871d2bd31dbcd8f80b,26e08caec9a05138e233c5597019b812,delivered,2018-06-15 10:11:35,2018-06-19 03:36:46,2018-06-19 10:48:00,2018-06-21 13:32:45,2018-06-28,6ea8b9c8b459ea401d6e3b50e3dd32a9,2018-06-15
675bf74092a382fe6821f84ecc8b41b1,ee2c31a4c90527567a8583ca52a12631,delivered,2017-11-14 14:00:31,2017-11-14 14:10:34,2017-11-16 17:12:04,2017-11-28 18:03:27,2017-12-05,81bd8eafd9a96d3e52b7254f4d383b81,2017-11-14
033a79557b0d234035b38da3be948574,c4d145f0b58cc33b0c5a5a21e2ee6c4e,delivered,2017-02-06 14:56:20,2017-02-06 15:05:24,2017-02-07 10:49:58,2017-02-17 18:17:51,2017-03-27,a239b8e2fbce33780f1f1912e2ee5275,2017-02-06
71a0049f34d4d5b556c2194855da9771,d643887849516332544a149efd961b03,delivered,2017-09-15 11:51:32,2017-09-15 12:05:34,2017-09-15 18:36:32,2017-09-18 19:38:02,2017-09-27,8f7005f5510a6bea428e58e80689a7f5,2017-09-15
5f1c6f4cf77108f298378c829da557c2,c1475271797b42194ddeaf4b84354cab,delivered,2018-04-18 17:48:57,2018-04-20 07:32:14,2018-04-21 00:34:31,2018-04-25 15:40:33,2018-05-10,a398ba8a9d4a9f77b1655e5e8d11a09d,2018-04-18
44fe2f7e994f6df61f74b01b2f440169,92e61800a81b3ae33fae913c58410074,delivered,2017-03-22 15:14:25,2017-03-22 15:14:25,2017-03-24 12:30:07,2017-03-30 10:09:33,2017-04-18,e99e8c656fe611228fa203f081adef3a,2017-03-22
9febfb705fb0d55b97cfdf258a707227,63229a46e1f331678d4a3cc91c7a637e,delivered,2018-05-10 15:41:58,2018-05-10 15:55:20,2018-05-11 13:36:00,2018-06-04 20:21:37,2018-06-08,efb01e4e4d1bf62e979e9f2aed8ce7b7,2018-05-10
dcf31aff36e56ed5f9af2daf7b412092,08d8a9c4f2e95dcbf53038507169e6fe,delivered,2017-08-31 12:06:57,2017-09-01 02:30:12,2017-09-06 23:29:56,2017-09-20 14:26:56,2017-09-29,1883d220d8af1fa8f40da75a2a99fc0f,2017-08-31
20fcd5f81a0ec6102a9e4f1bd4c7c403,18c65fe1c2079dacf02a25262bd0db07,delivered,2018-02-06 04:36:20,2018-02-08 07:49:58,2018-02-08 21:07:44,2018-02-23 17:58:45,2018-03-02,f8ac74768d802899bafa42aa835edc54,2018-02-06
87a19a09b512b6691a4a97ea5748c501,1f30fd28820ba68532da8229badd7688,delivered,2018-08-16 15:20:09,2018-08-16 15:35:14,2018-08-17 14:06:00,2018-08-25 16:50:48,2018-09-12,cdd96e637805b09f0e2137675298a35b,2018-08-16
3f5dec4a044b171bbe8c2313102c045b,f35aff4ab7e91c2c5b2ae732007777fe,delivered,2017-08-31 09:50:09,2017-09-02 02:50:19,2017-09-08 18:32:36,2017-09-15 21:27:37,2017-09-13,620cb4f374cfbb348e54fdb28a84d115,2017-08-31
b3199c2b795211713ca16c887287db5b,f2a86f57e1150e98c38046b699b7a5b7,delivered,2017-11-10 22:58:03,2017-11-10 23:10:27,2017-11-14 16:29:07,2017-11-24 18:43:54,2017-12-07,c6486396f81f9bd9ac88eec710284543,2017-11-10
14727b31671d412db797863b9bba8392,c190690e301a71da231b0310e61c7744,delivered,2017-06-05 18:08:08,2017-06-06 18:15:20,2017-06-07 15:01:55,2017-06-19 21:27:31,2017-07-06,a97077f041611e060f63b0c1e641b5de,2017-06-05
b1d22c557be74f08bc72282e60ee1e4a,8bd06359860a237692a2002f9bed23e6,delivered,2017-12-01 11:10:34,2017-12-02 02:51:22,2017-12-04 19:23:23,2017-12-11 12:42:59,2017-12-29,6f5de0a511d5e82fbd0cc9289ac9aa23,2017-12-01
c9677a4babf96837ee697317b7963a92,eb4322f80db384bab3386bbcb619ecc1,delivered,2017-02-06 08:13:13,2017-02-08 03:05:21,2017-02-08 13:49:31,2017-02-14 13:27:33,2017-03-21,bb604d28677e8ad3f3bb80495fc6d9a5,2017-02-06
46ba2cde3624acc8577b0e45af4c67b9,9ee07155110b11036bb4ef6350157ed3,delivered,2018-06-21 23:32:49,2018-06-21 23:59:04,2018-06-27 09:52:00,2018-07-03 08:32:20,2018-07-31,a90cee8ed0f5b3e060f3127580f0ed49,2018-06-21
3cfc6a25d466f70cef46ff46f9524769,6844960ebb21f9cec6a75994bb89033e,delivered,2017-12-21 15:09:09,2017-12-21 15:17:32,2017-12-27 22:16:24,2018-01-10 00:25:03,2018-01-26,ceb5a067bb730a5583cbdb0595c29043,2017-12-21
c76865837addf73b1ee4d364693c69ea,ce25753d8c6cfe77fc390d21e0f25404,delivered,2018-01-15 11:55:33,2018-01-15 12:30:32,2018-01-15 19:26:58,2018-01-24 19:58:52,2018-02-09,3e16ca279cd8a5a1058ba3e691baf605,2018-01-15
a87171ad4e0cf849208c21afd0e1edcf,2d2289df5d3026cc4f44917c6e712360,delivered,2017-07-12 16:12:31,2017-07-12 16:25:19,2017-07-13 16:27:56,2017-08-02 16:14:54,2017-08-15,299df2190c40e7477db2944aa584e96f,2017-07-12
3363e330c754a732795f39079bb76d55,235702411e5214f0e4a0761bf5ce9e99,delivered,2018-01-10 12:06:09,2018-01-10 12:17:33,2018-01-11 17:10:33,2018-01-26 16:38:42,2018-02-08,9fc089b0b6a8db40d4357e784f1e91d4,2018-01-10
542e088b96769f96492ae0f46597d3d3,cf71831f2854c16d25280fff5ecebdf6,delivered,2017-03-10 15:17:33,2017-03-10 15:17:33,2017-03-13 15:20:42,2017-03-20 07:25:57,2017-03-29,0a66e3216edd982b9575ad8f201f6542,2017-03-10
68563d59274431d3b5c6e618ed8504fa,9e1ad6b5883b382d3485b08f7ded263d,delivered,2017-07-12 08:17:03,2017-07-12 10:10:24,2017-07-12 16:32:47,2017-07-17 19:03:33,2017-08-01,2d4652f6bb221635895a05f82cb3f0ae,2017-07-12
6e0773d1bf763019a9e1bfc1703f1aa8,3b940651229cc6be297d34f994b583fa,delivered,2018-01-17 09:23:53,2018-01-17 09:34:23,2018-01-18 14:33:02,2018-01-27 12:18:35,2018-02-08,ba57a5df2be5bf88d5e4a6fa8ab7c5dc,2018-01-17
a63144d37a00c28ef382668a5d5ece8b,af4cda2d3ad3e63a2e7eb0d75379f1d8,delivered,2018-02-08 13:55:48,2018-02-08 14:40:26,2018-02-08 23:08:10,2018-02-21 14:35:19,2018-03-16,8ad15fb1cf056731335e36eb723c0eac,2018-02-08
9e51155c4d15c5f62e0b309826c25a02,6c84262d46fe370972acbf13ad5f97c8,delivered,2017-11-23 22:58:51,2017-11-23 23:08:29,2017-11-24 22:03:50,2017-12-12 21:33:21,2017-12-14,442128e0c7f34325b757846c8678cfa9,2017-11-23
deff260a5916c04657b930c37209499d,8ad7eb18994a144bdc93494bf6bcbe36,delivered,2018-01-23 19:36:21,2018-01-23 20:04:04,2018-01-27 19:32:17,2018-02-15 16:45:30,2018-02-22,2331fc58970dd3da84b76949f81960cc,2018-01-23
1c7337cab00bdcc8c9aaa8b1c2671a85,1fb6b836b3bbbd5de824d8d2b0e24974,delivered,2018-05-15 16:42:36,2018-05-16 03:54:58,2018-05-16 13:38:00,2018-05-21 12:38:48,2018-06-07,2a357a879d61172c33daeae85b0539f7,2018-05-15
3aa0358c1a9b8019bd14ab006b6e8284,079d3acdd9329ed0f2bf762e281a5855,delivered,2018-07-30 15:27:39,2018-07-30 16:07:01,2018-08-14 12:56:00,2018-09-03 20:31:06,2018-08-27,8ce6a383fec2ae316e9b088d79d694e8,2018-07-30
706d45cf14a58b8b81d07564adc5a12e,025e01e99753ddcfbac7a2921ac8d3fc,delivered,2017-12-12 14:15:54,2017-12-12 14:31:44,2017-12-13 15:47:13,2017-12-21 18:38:51,2018-01-15,f3e2da737b0d196bb8de56b4b0ace06b,2017-12-12
d3d9a3b1f8ed4b6c67d57a9c413582c9,2034c4457dc67217f6b9db8b09efd0a8,delivered,2017-11-15 23:41:18,2017-11-15 23:50:38,2017-11-20 18:44:34,2017-12-14 19:41:29,2018-01-09,e58b224fafe2d06cddfccf21d5051d02,2017-11-15
3923f314508399815f3a29541ae99a2f,0adb885db398cb59b0bf5f19f8766205,delivered,2018-06-29 08:54:47,2018-06-29 09:10:26,2018-07-04 08:00:00,2018-07-13 16:38:35,2018-08-06,accbd99783ae97d43479a3f60da26787,2018-06-29
dfb5ec8907656069c0575e5fb0fc9c3c,9ce6825a023449b914519be4cfc795bc,delivered,2018-03-22 16:35:51,2018-03-22 17:48:18,2018-03-23 19:54:58,2018-04-08 18:21:23,2018-04-20,671982022670f1de01a4159f7008672a,2018-03-22
60c821245c90f135828d088e25c3ffb6,60b7c6b75aef6b90ad544ee8b85c7901,delivered,2018-06-10 10:40:25,2018-06-10 10:58:08,2018-06-11 13:33:00,2018-06-18 12:11:06,2018-07-11,74d3fded86656f1830b234321d42d915,2018-06-10
64cd2762d8e5acf654990a8bc49a11c1,95b22f9b8c84114511f3825cf271baa1,delivered,2018-02-20 17:23:04,2018-02-20 17:35:35,2018-03-01 19:49:05,2018-03-02 20:19:24,2018-03-12,b15c90b58688ace81aa3bba43ee4d601,2018-02-20
3d029914a310e6e0cc16d9ad9fc94f73,3102995d68d374155c06000b3e540ca4,delivered,2017-04-30 17:29:50,2017-04-30 17:42:39,2017-05-02 21:27:29,2017-05-08 14:07:51,2017-05-23,e1e58c32efa137276143af6b02cb18a7,2017-04-30
d225c3985609ca7a3a65157d5311f0cd,ebd73c7563306160b7d0ffd3101743f3,delivered,2017-04-22 16:02:43,2017-04-22 16:15:16,2017-04-27 15:40:02,2017-05-09 15:07:43,2017-05-22,5835ff2987dbde26e0482c9401acef06,2017-04-22
3744d1ae189206fd84cc7e806393dd56,cf0fff8083236862f061e93d1440f986,delivered,2018-08-21 19:20:37,2018-08-21 19:30:35,2018-08-28 19:02:00,2018-08-29 16:54:41,2018-08-30,4ac8a006e9b5c9fe3d26b345ef6484ba,2018-08-21
d9ddf675a1e7539367d20a66ba38b168,f7896b7b7659fd071aa432e5b2c30c90,delivered,2017-08-22 19:48:46,2017-08-22 20:06:19,2017-08-24 20:22:44,2017-08-31 22:27:58,2017-09-08,efe3bed6d74ed97f8ead5105a3596451,2017-08-22
71cbc9238e1177bbe3e484d098875aee,0140bb3a2e24b8dd7a341eaf707b440e,delivered,2018-02-16 07:59:09,2018-02-17 03:47:44,2018-02-20 17:17:11,2018-02-28 11:33:28,2018-03-08,ac61539bd1e37ef9fc8b951720d90bdb,2018-02-16
1d93ea147657027165c888212671758c,ed111f1470402580cc3b74ce1a728fa1,delivered,2017-04-19 17:12:21,2017-04-19 17:25:13,2017-04-20 12:10:46,2017-04-27 13:09:07,2017-05-15,0c2c8771d48ecdd6821d27484392cb93,2017-04-19
9f4fe55585044ba737e3ce7f5676ef9f,aafda83396e2534f34687864298b0b3e,delivered,2018-01-27 19:05:19,2018-01-30 05:31:38,2018-02-06 14:04:07,2018-02-21 00:37:50,2018-03-19,80f7d6378be5205c2b36a26241b3424f,2018-01-27
172ce73720737cdb83fcfeca26ed4d70,f3799a6efc9956211770b7f5554a886e,delivered,2018-05-20 11:48:50,2018-05-22 08:34:06,2018-05-22 13:31:00,2018-05-24 19:27:33,2018-06-05,73f6c63a7d887f8f77dbb92fb0bee026,2018-05-20
f51e24deeba8f9a5f94706e82a2f8ea1,ee0cf28d0c8ce7f88fdc1ebf52fabfab,delivered,2017-08-21 11:29:55,2017-08-21 11:47:13,2017-08-21 20:27:55,2017-08-22 19:23:04,2017-09-01,d6f8dbf1993000f865982297a4407529,2017-08-21
242efbf997dcc144609030002b91446e,64ad3c86c789e4ec8abda9f287bdacb4,delivered,2017-11-25 17:09:27,2017-11-27 17:19:38,2017-11-29 12:57:30,2017-12-08 00:12:09,2017-12-15,dcf8ab9bc34d2f516f07ed071efdbe99,2017-11-25
0b9ac892eece5e74725c3699a0eec646,e5a66e97402372af6d227dd7b60f97a0,delivered,2018-01-25 20:35:25,2018-01-27 02:41:22,2018-01-30 19:33:54,2018-02-08 19:46:32,2018-02-19,950f69e2fae63ccd5306152526889e6b,2018-01-25
16211bb7c07fe77216ea0a0074954ead,a87b79c34cd3baffacc7d3ba288ebe7d,delivered,2018-03-20 10:54:13,2018-03-20 11:10:34,2018-03-22 18:57:53,2018-04-06 22:48:27,2018-04-16,6941fdc5646f577beb9c6258cfa95702,2018-03-20
c962dcc5dbea32a63325a3f4a0c271ed,3320ed85841fc485a835d35402ebc469,delivered,2018-06-08 09:15:10,2018-06-08 09:35:38,2018-06-08 16:32:00,2018-06-15 16:38:52,2018-07-13,1905ebc2518ad770e86db556068decdc,2018-06-08
feac0c0f921f282542a5dec332d6506e,85a3a0dd549c4822b70a7616fb75bb3b,delivered,2018-04-10 12:17:09,2018-04-10 12:30:14,2018-04-11 19:19:08,2018-04-12 20:01:57,2018-04-23,9ac8c7840f3c9de9a869e674cd6e4b9b,2018-04-10
10fdf269eed6d4c024dc5eeb5c7f6c37,f0807dce8ef3a4ecec555664526a28b9,delivered,2018-07-31 17:24:32,2018-07-31 18:04:35,2018-08-03 13:07:00,2018-08-08 23:32:25,2018-08-14,67e37049d40048331a75921199104d1d,2018-07-31
2c9ef60013a5ee6a831360e3d98c9c0d,b650ca1298e7cc383a35fced87af148a,delivered,2017-09-13 19:38:46,2017-09-15 02:15:14,2017-09-15 17:06:45,2017-11-24 11:45:32,2017-09-25,670315a8178ee2a1050e5ddb23b21606,2017-09-13
2d33f101d4220c7eff9e64679870dd44,912f4069d1a78ba3c01206de552e51af,delivered,2018-03-21 12:31:02,2018-03-21 12:47:38,2018-03-22 20:49:40,2018-03-29 21:18:28,2018-04-09,65451da312d5e253c6608a2577891807,2018-03-21
88cad47df9afd71af2c4a4098aca44ae,d6d663ce0537715bec2020af3d3c9045,delivered,2018-02-21 08:39:03,2018-02-21 12:42:21,2018-03-01 20:49:04,2018-03-16 19:52:02,2018-03-16,ba87a137c5191264841e0be40e53f4ed,2018-02-21
c533856d03996a6114c8fa9a876181d4,9786febe4334aa427c23284149ee0912,delivered,2018-07-21 21:59:41,2018-07-21 22:10:11,2018-07-25 13:38:00,2018-07-31 18:11:01,2018-08-24,00c5610e0f4b339cd3b0cc499937db8d,2018-07-21
74b2b12137fc1a7e4d1dc30de6fd7986,57379838598319fed45f5b0cab0c502a,delivered,2018-01-24 19:58:20,2018-01-24 20:11:45,2018-01-25 21:56:24,2018-02-04 20:54:32,2018-02-23,bd520cf6fbdd27a37f577bc2ed239c13,2018-01-24
5d918918294b33a1d1b10f26bd71d3d5,65ec18be3c4b395fd65d144516ce5fd2,delivered,2018-05-02 14:24:02,2018-05-04 02:51:38,2018-05-07 19:11:00,2018-05-11 15:17:31,2018-05-22,e4b3b82b62901561f1e34270e77a9e34,2018-05-02
7cab0843cb15d0cab47c402e5ec63d22,63e9842ee16e70354e5f1c789eeeeb1a,delivered,2018-07-24 14:38:19,2018-07-24 14:50:22,2018-07-25 14:22:00,2018-07-30 22:48:52,2018-08-22,b29212f96d1f8da43aeb91cf742b28d5,2018-07-24
8765e80c5981076aac63e83d338df0e7,fcb92e4be42c39876eb005a1f8a51e46,delivered,2017-12-25 16:41:41,2017-12-25 16:54:36,2018-01-03 17:42:12,2018-01-20 13:22:01,2018-01-26,2ffeba6fbf7e4db0dfa57f96600f2fd6,2017-12-25
cac7b35f7108f26a0b806132cfee4439,8dd05b74a02481421b1aa942b4e1c81b,delivered,2018-05-09 11:26:54,2018-05-09 11:51:34,2018-05-16 13:44:00,2018-06-18 23:38:31,2018-06-06,101d2a28e8392e031e603a758777f4f2,2018-05-09
42cebac003b40e6aa0b3e37b99d83c2f,4a0e66fd30684aa1409cd1b66fec77cc,delivered,2018-07-06 14:29:57,2018-07-10 04:05:12,2018-07-10 15:06:00,2018-07-11 17:35:50,2018-07-19,86085586aaa8c5f47ed0b400da64c59d,2018-07-06
38fc09accaec15642b3f2ce5fc46ebb0,6c990de7a53efea103cdc236119b5c1d,delivered,2018-08-19 18:21:23,2018-08-21 04:50:32,2018-08-22 10:55:00,2018-08-30 03:24:29,2018-09-04,e8778333232db29aca33e0c882156665,2018-08-19
b9e06b464a393125fae96912f6b4016a,e2f023e08f4270e6c662d8d519637003,delivered,2018-02-20 21:43:50,2018-02-22 02:15:42,2018-02-27 02:12:08,2018-04-05 20:35:34,2018-03-19,aff69ad5207a78d764d70e6b7e672b8b,2018-02-20
670f31d9ca85d0b5430d0dc8f1d843c0,7e43cf5a5dd354682e8ea42fa88ef9ea,delivered,2017-08-17 18:03:53,2017-08-18 18:24:24,2017-08-21 21:31:53,2017-08-28 20:29:57,2017-09-15,9e8dfd3023c5d27523c782d7c4245043,2017-08-17
bab0a62e41a5f0abc7f04989cdd7a6fd,91fd5aa21b364a805141f532a7bfab2d,delivered,2017-01-20 20:33:49,2017-01-20 21:02:21,2017-01-26 10:32:23,2017-02-07 16:31:32,2017-03-14,dcb44a6d9e33bca1bd008f7faaf3cd68,2017-01-20
69bf2d63fa24ceda9a9045233d315833,759025aeb0052bc3432eec9f1ca56259,delivered,2017-07-10 15:17:46,2017-07-11 06:30:09,2017-07-11 18:37:25,2017-08-01 19:36:46,2017-08-03,1b21065c3bab9088f045a28fda55a336,2017-07-10
b95df3cef5297e79ef709ba256518f6f,297dcf281305aabfee256d313076af2b,delivered,2017-01-31 17:19:01,2017-02-01 02:41:21,2017-02-01 14:38:01,2017-02-06 11:04:24,2017-03-15,13b588da91760a6e28ec9e0e1a2b414e,2017-01-31
b22289835d337ed7310c55b622a3bea1,578ddcff7a50bab1b23f58ff48ae1043,delivered,2018-07-22 20:10:20,2018-07-23 10:44:34,2018-07-23 15:13:00,2018-07-27 16:56:41,2018-08-09,2ce2fe3cd651be702b08c29865c8feb4,2018-07-22
ed18204b2bef82c1eeb3f13852c9dbdf,39aa3bc114b6574df1c7fee96f24199e,delivered,2017-10-27 13:57:23,2017-10-30 09:35:16,2017-11-03 15:27:14,2017-11-25 13:12:27,2017-11-28,e6870dbb2ee0d2e688259549533bd1aa,2017-10-27
d3e53c591789724dcc2d50d69b06d55a,7bef7029294fbc8e10a9bc2bfed3c0c9,delivered,2018-05-20 20:52:23,2018-05-20 21:10:33,2018-05-22 13:28:00,2018-05-23 12:04:04,2018-05-29,edc4c18315eebc0b2d9b049add18fbb6,2018-05-20
d379476af4ac3bc71f0f857e9f2827ef,863da2e6b88f588843a9e53a19b548d5,delivered,2018-08-02 14:26:38,2018-08-02 14:44:09,2018-08-03 14:06:00,2018-08-06 22:26:26,2018-08-08,6897ea9a949c1009af8cc38e691f260b,2018-08-02
713d7af76abcabc59c683aeccee0d493,24656feea6fec198ea27a9e505271a17,delivered,2018-02-23 14:28:51,2018-02-23 14:50:57,2018-02-27 00:32:58,2018-03-02 19:48:45,2018-03-12,1c39a48708a75f7cebb03b348be1777d,2018-02-23
5b767b3bdf9b75abf789c32a244105d7,3338387675fd5e91f6a823d0c40f066a,delivered,2017-09-28 15:08:01,2017-09-28 15:25:08,2017-09-28 20:55:06,2017-09-29 21:25:00,2017-10-18,a9cbad2a8ce5f30402ec389332d7de6f,2017-09-28
855996678baddb2597d33300f0148406,a9faf5f60f4a04506c1b7a6d72f318b1,delivered,2017-09-13 01:32:11,2017-09-15 02:10:14,2017-09-18 22:43:47,2017-09-26 20:07:29,2017-10-05,013523c76f4749da72a9ccc4a67cb234,2017-09-13
1836232055a6243d56ca67b74cb77aea,6043641c536c36d9c769ce087945baf3,delivered,2017-08-16 19:21:43,2017-08-16 20:35:17,2017-08-22 21:25:30,2017-08-28 20:23:06,2017-09-15,f5b73a2dfb6011b07b2f4aad915ce171,2017-08-16
741be01316057f2056a6cb0f84c8ceb6,886cdc330039c297f54f5c7c75eb0d61,delivered,2017-11-13 12:19:18,2017-11-14 03:35:38,2017-11-14 18:32:57,2017-11-21 19:54:42,2017-12-14,1d455d4c507d54821028c610e54f7b9e,2017-11-13
a4015a55015b0058b93b119716cb188b,8f625d0098d0ef8da8da0cb9af210b77,delivered,2018-06-05 09:58:45,2018-06-05 10:13:17,2018-07-06 10:03:00,2018-07-10 20:12:01,2018-06-29,e1c4798d7f0426ae0df590d06a86b111,2018-06-05
cee3292f46ede6ea1dfabfcb200fcf47,0f8feee05f830b2be5955cf674a7d8f1,delivered,2018-06-21 15:00:17,2018-06-21 17:18:41,2018-07-04 15:30:00,2018-07-06 16:04:13,2018-07-20,04d1643d1bf6c54f0b099c708e623466,2018-06-21
05424cc0493d8fa049aa508505e6c773,5788fd9a1d707f6ed5ecd2ada911fcb3,delivered,2018-06-27 18:11:10,2018-06-27 18:31:46,2018-06-28 13:24:00,2018-07-04 15:44:59,2018-07-26,455373826f719c87881c3d3bdb3d2599,2018-06-27
d43f72571877365b197ee657196d8d30,dbbdd5da6d15f24d7d00b601170a15c0,delivered,2017-08-08 22:58:27,2017-08-08 23:10:37,2017-08-11 18:08:08,2017-08-22 20:09:48,2017-08-30,e6fe4e68f737378b0b1cd2a30e5451b8,2017-08-08
ed9ceca077a878e3e694eb3d642862bf,5a005adfaf9aea0f82402b36e5b98849,delivered,2018-03-25 17:16:29,2018-03-25 17:27:49,2018-03-27 19:59:42,2018-04-04 00:19:02,2018-04-18,c6a81404edfdab429961ba613a6b3134,2018-03-25
781ae9634d053a3d44f2d1bd5b54f6e3,89d012aa51bd338a11a0d209f954a746,delivered,2017-04-11 21:38:04,2017-04-13 02:42:32,2017-04-18 16:48:24,2017-05-04 14:25:46,2017-05-15,fcac370f8a89c8e5a3e38066d624f9d1,2017-04-11
09ce65f75711be9f04a63700ae3c5adc,a866f67b44dbcc8612120c2bc59fa171,delivered,2017-11-18 16:10:29,2017-11-18 20:06:50,2017-11-21 22:38:54,2018-01-04 18:04:30,2017-12-07,5bed15735f2d1bdfb2ba8286973d1bca,2017-11-18
a80a4dceedf382d563f372491a02ec23,9182ea36ab1a161d290631a23c642d56,delivered,2017-08-01 23:07:21,2017-08-01 23:15:17,2017-08-02 21:07:00,2017-08-07 17:48:00,2017-08-31,03123d7e0e62ae71737f4ceafe399495,2017-08-01
69aca49c98f05af05bec6fa1f87a3059,a125a54036b56ceb4c73638eda0f18aa,delivered,2018-07-20 13:19:19,2018-07-20 13:30:13,2018-07-20 12:01:00,2018-07-25 17:03:35,2018-08-14,19067e6acbb88e562f0f58eca762ac76,2018-07-20
8307cd7e144f9c61c639d115ee673bd3,63cdc93dd1c4ddb74a4e99978bb65488,delivered,2017-05-24 16:10:03,2017-05-24 16:22:44,2017-05-29 10:33:03,2017-06-05 13:49:59,2017-06-16,ee1de1dba037c50bad366d22fd5f3f7d,2017-05-24
9a9a016a99c004915ea810b5fe0dd5f1,0759284165b6a48d477306b72b1ed8df,delivered,2017-02-10 11:18:22,2017-02-10 11:30:16,2017-02-14 09:16:25,2017-02-22 11:14:56,2017-03-13,bf9d92cded4a9c925f990d2c33f55a82,2017-02-10
ac68ca3267acd54af9b04f0b8f63b7e1,1979a929d283342dbba6654a2e2fc4a6,delivered,2018-06-15 13:21:43,2018-06-15 13:44:27,2018-06-18 16:42:00,2018-06-25 15:02:31,2018-07-05,58f887ad477318fadcf6a93a1e24c076,2018-06-15
c59056a977d611eea46b02572be8c2fe,28227e8679c1c660c0d6da04867e63d5,delivered,2018-07-09 16:13:00,2018-07-10 08:45:13,2018-07-16 09:29:00,2018-07-25 20:42:04,2018-08-02,96ece00b49a7f817903397dea56500df,2018-07-09
6acd3616b7579eb36261469ad2177fda,fe0c61ec97b7adfd4a0809302dcbd384,delivered,2017-02-12 20:17:15,2017-02-12 20:30:13,2017-02-13 11:52:34,2017-02-24 09:47:36,2017-03-28,11cbc8127871a0849a690d15f7708097,2017-02-12
b9e59da979fffff5191bcc3345de9127,6088e30c1c0d0283351b49a68d7646ae,delivered,2018-01-04 23:07:46,2018-01-04 23:28:21,2018-01-09 22:52:48,2018-01-11 14:49:29,2018-01-22,c0f5525767aa3a4902f27f6a266e72c5,2018-01-04
e370475faec7f43dcb3a4ced5afed0a3,c4cba54bd066481cf87d57ac65b146d8,delivered,2017-12-03 19:30:42,2017-12-03 19:39:21,2017-12-04 19:09:02,2017-12-15 21:06:52,2017-12-28,8ba038ebe1eb77c81505267773e4a53a,2017-12-03
997cd4e2027406aafa35d5c0e270fe1b,fa5cde2f984262f2398e3180c7638648,delivered,2018-08-01 13:47:38,2018-08-01 14:31:41,2018-08-07 15:02:00,2018-08-17 01:42:33,2018-08-27,230061b6b7d06e99964e3d22c92ae0ad,2018-08-01
287ea13612e32e59331f254bb4f15f91,f9ec9152a60625fb6c0a3ae2ff266940,delivered,2017-10-01 14:18:30,2017-10-03 04:04:34,2017-10-04 12:52:57,2017-10-10 18:53:05,2017-10-26,831169e5f0a54e2b8ee8e051ba28406b,2017-10-01
9662b2b232add4b9dca5f9f755680cbd,4be13ea33be1d4bbaf1c977f8405d1cd,processing,2018-01-04 00:30:21,2018-01-04 01:32:48,,,2018-01-29,3af7b30bbd25d774eace86c0861cd80e,2018-01-04
3adc794e637a2ef67f006b35b36904a4,f958257e75b1b3b9a4bff40960c980e6,delivered,2018-02-08 23:51:51,2018-02-09 00:07:49,2018-02-14 20:15:47,2018-02-27 13:26:28,2018-03-06,c303b63cb83680355d0c6277ab63933a,2018-02-08
7c09108767582a44ca405d37360379c0,971b400b6f1ce949ae63a649820da756,delivered,2018-07-29 19:47:05,2018-07-31 07:30:51,2018-08-01 11:52:00,2018-08-07 14:07:52,2018-08-17,830bfef2c7154008273c7e293965718f,2018-07-29
d03ab1dd8132764e5447aba442a621ee,41e620212a99e935e46496421d083747,delivered,2017-10-12 15:46:02,2017-10-12 15:56:18,2017-10-17 23:22:33,2017-10-27 19:49:44,2017-11-13,221ec1c1e4c54dabbcc8a36b22455eac,2017-10-12
e1666defbb1e17b545b7ce2b98d99f27,febef567b957e2ada3a29173f182115b,delivered,2017-09-01 20:06:29,2017-09-01 22:32:11,2017-09-07 00:22:30,2017-09-12 16:32:40,2017-09-20,bb7ff07987c9bb0345b6b948478525b4,2017-09-01
090342fe317c0444e8220e4d902579cf,884a2d382634ed1f5d1c120ff820f9df,delivered,2018-05-03 20:48:47,2018-05-03 21:11:04,2018-05-08 19:02:00,2018-05-09 23:11:55,2018-05-16,b04b3653ac441004b247e96ac0829d0c,2018-05-03
379479b61c5dd31389733154ce9a6237,45827eca677573230a90c99866439c97,delivered,2017-10-07 23:47:08,2017-10-07 23:56:19,2017-10-10 19:43:48,2017-10-21 05:32:12,2017-11-16,ac1c397645c8a6f543a41688b736a283,2017-10-07
a8026b902d1c542d5a42d1010f8f752d,785517b799a2fdddbe9ddd5805f0aafd,delivered,2017-04-01 12:29:50,2017-04-01 13:06:25,2017-04-03 09:36:49,2017-04-10 15:46:36,2017-04-26,5ab184ff353d5cdb3f1e58c8b0486468,2017-04-01
396a9a6beb6d2d923c6310968d7da64d,3bb7d1a8212bdb15b96d73f1e91a7ca4,delivered,2018-01-17 11:25:07,2018-01-18 02:12:01,2018-01-19 21:16:06,2018-01-29 16:52:40,2018-02-14,f13d1361428a469d804919e21a84eea7,2018-01-17
98889198028c9110a7e574e3969b96cd,ab2ca35483e4e5cdba8d5ec252beab98,delivered,2018-06-25 15:07:16,2018-06-26 15:16:02,2018-06-27 11:33:00,2018-07-04 16:46:54,2018-07-25,48e9301956fcfe86dd5dd7acac05863d,2018-06-25
655a211f1ef56bbadaf6f8622bedbfff,b439bb683cdd9fc9d186580be712d83e,delivered,2018-04-05 20:17:13,2018-04-05 20:30:20,2018-04-07 01:33:02,2018-04-12 19:26:42,2018-04-27,f288d458425986ef2a58327fc0c6ae4c,2018-04-05
4b1040aa6e3c7ff89edf86fa35c340f3,c5a81e2f10a9c66383423ecf9319185d,delivered,2017-09-21 22:00:38,2017-09-21 22:47:41,2017-09-22 20:30:06,2017-10-09 10:48:18,2017-10-19,751b0ba6d5501182d136423919615e2c,2017-09-21
fb775efc60477f1cd523b2542d3a8b6a,51431f5f256321e9d1303b1bf1092144,delivered,2018-03-19 20:06:49,2018-03-19 20:27:59,2018-03-22 23:58:50,2018-04-11 19:41:24,2018-04-09,8997e5a394e761032ab2678d778a2b76,2018-03-19
efc3c0ad27f3640e148d3ae5e1fdee4b,eae8aa6cae466fbee934b61dbcba4d47,delivered,2017-11-18 19:49:39,2017-11-18 20:06:52,2017-11-21 19:04:52,2017-11-28 17:29:03,2017-12-13,555e8b547f554b478edac0efebf2d536,2017-11-18
9a48bdb3b3f610a7bc9f2d2a1c722e19,ba8832dcb9bd10625d712651ec217efb,delivered,2017-10-18 10:12:55,2017-10-18 10:36:01,2017-10-25 18:43:45,2017-10-26 20:09:35,2017-10-30,8621acc0a5139a8eddae89ef04239ace,2017-10-18
f93bcee6c5595d8b07ad4f799fe5b590,657eda4e409c3207fb49f2291e11e582,delivered,2018-02-24 01:14:06,2018-02-24 01:28:42,2018-02-26 19:04:42,2018-03-13 15:51:47,2018-03-26,f9ff64ebbdcbd3d606097327fd6b0a26,2018-02-24
a1a43def14457b1136b6fb625b7553aa,5086c2f81ce45b22fe989c0e741ed600,delivered,2017-12-27 22:25:15,2017-12-27 22:37:34,2017-12-28 22:59:21,2017-12-29 11:53:42,2018-01-18,f5b34e3a92b01f98639900fb430f647f,2017-12-27
77d66e0dd1fb22e462b621cdc2da1192,717a9f2a02e205b60f343b69a375cd04,delivered,2018-07-16 21:02:10,2018-07-16 21:15:16,2018-07-18 13:05:00,2018-07-20 17:46:48,2018-08-08,55df7f828351ee6f691b21b8fc2224a8,2018-07-16
a63fc06fbf35a9ae12687dd20d865828,84c4b08968051f2c67eb078782195b5a,delivered,2018-05-15 16:32:09,2018-05-15 17:14:57,2018-05-16 09:19:00,2018-05-21 19:37:29,2018-06-01,5816ac9c6691c20bbbf2d4a552d1cd38,2018-05-15
b4dd0ccee7deaeb2dc42f799b683c9e4,055217ec4b1f2a56c62ce2cadbe29c3b,delivered,2017-03-21 14:32:32,2017-03-26 23:32:54,2017-03-30 16:52:19,2017-04-03 16:28:17,2017-04-13,8f52a5d652af2dd57e60cb1788b28d95,2017-03-21
8f66a47ac4f65f26320f96aaf8d944b7,5261d7e8fd4db38c6a9d070582bc7d06,delivered,2017-06-07 14:03:57,2017-06-08 02:45:32,2017-06-08 08:22:37,2017-06-22 15:55:54,2017-06-30,772a9120f5cb0d99fad7115d71368ecf,2017-06-07
4b7168ae01a376742edb415217f11712,a5ac80c6876f4496f98d4e9279258073,delivered,2017-07-12 20:05:20,2017-07-14 02:24:47,2017-07-17 16:32:59,2017-07-24 13:47:51,2017-08-07,e32f773655f43225aa29b6b92109c4a5,2017-07-12
1b972feb2ea1e13fc92a33e665b399c8,19e82b646b98e2385f2651c33efd6e5a,delivered,2018-01-22 22:23:18,2018-01-22 22:33:24,2018-01-23 22:48:46,2018-03-16 20:52:19,2018-02-19,a8e911d5eaf0892701f189303c0e0559,2018-01-22
97df4160390cf20ee63b032b5a93d0e2,8a67f4176555ddc74a6e897968988a74,delivered,2017-01-26 14:12:54,2017-01-26 14:25:19,2017-01-26 14:44:01,2017-02-01 15:26:04,2017-02-24,14b79aa03b656dbd7c3abdbecbcab862,2017-01-26
dd38bcc1ad97c23b6cfd63850667aa03,536d34b506dd35403e9abf9bf68e82a4,delivered,2018-03-02 22:48:59,2018-03-02 23:08:38,2018-03-05 20:52:02,2018-03-06 22:17:33,2018-03-14,f0b12169047a08071cb175297e8dca51,2018-03-02
2e34c4ee86e4ace97b31109afa1f2bb0,badff72965e07210f908561dea662eb0,delivered,2018-05-23 14:58:24,2018-05-24 15:55:22,2018-05-25 13:58:00,2018-05-28 23:37:31,2018-06-08,a340c6650b9822d952bc00f0e43754fe,2018-05-23
9a568c8731ba1d76b2b0dafbbd29e475,111f9bc1f185137dfd3f27649ddb08c9,delivered,2017-11-26 20:12:17,2017-11-26 20:19:55,2017-11-28 20:38:59,2017-12-05 16:48:59,2017-12-15,505c7ea62e5836d43470f829396a9bcb,2017-11-26
33c7b5f7a1f9f6648a267658e4f31e91,796a700eb8db15364689946c1618f931,delivered,2018-02-15 21:18:32,2018-02-16 19:27:10,2018-02-20 23:06:23,2018-02-23 20:22:51,2018-03-01,5f73fba3f578e5b0e81d6474f0087b32,2018-02-15
a9ee0dccf5147c8128f6af3083a0ca17,f7757d711fef2aac221217bc911ccbd0,delivered,2017-08-19 00:39:15,2017-08-19 00:55:18,2017-08-21 13:48:04,2017-09-06 21:52:14,2017-09-13,c41d5f7b75bf9484d6f43bedda4374d2,2017-08-19
7523aef197faf2b745e49e46ae4464ca,280b6e60c0323ca7dea55d10501f5291,delivered,2017-12-30 15:04:57,2018-01-02 06:39:24,2018-01-02 19:37:19,2018-01-08 21:10:54,2018-01-30,b18de842af9ea725ec0c6952b6e8fd83,2017-12-30
1dedb63df54bd6377bc3e2b61ec4c791,25a2fb1acc86dfbc6cd42510d83e651d,delivered,2017-11-25 06:43:15,2017-11-27 06:36:13,2017-11-28 23:18:52,2017-12-09 11:25:58,2017-12-15,7318e930c076a8a743b9aaa5de67ac78,2017-11-25
7c068f2de07830e12410a13f85bb6b0a,345b11fa83d051b4443a8bd44f3241d8,delivered,2018-04-26 20:03:21,2018-04-26 20:15:14,2018-04-27 16:37:00,2018-05-07 19:24:50,2018-05-23,1d0973cf1666489c4d41a9b1b578bf80,2018-04-26
a56a7f475df6154f6e6ad0311578f697,6c9ab8f5fd1144078df8b43589d02139,delivered,2018-07-05 18:48:38,2018-07-06 02:51:20,2018-07-06 11:11:00,2018-07-11 21:05:30,2018-08-01,bc3b9f15d77b359878dbd6a412729e8f,2018-07-05
0fbefb255e8b51bd1a45f97a0700532b,1bcc46352683959810be50c962a27ee2,delivered,2018-02-05 08:23:09,2018-02-05 08:35:22,2018-02-06 22:17:40,2018-02-26 23:22:22,2018-03-05,7f19969cfcb4eac68301530c9693332b,2018-02-05
0f475d7e08b52d8abf7e8c6141286c27,93794f99eb7b7e4cb838e17e2032377b,delivered,2017-01-20 19:23:11,2017-01-20 19:31:08,2017-01-23 09:33:17,2017-01-27 17:05:58,2017-03-02,054ffdea48c902c9ec66095e46b74c46,2017-01-20
49b409b37fa9e707bd2bfc59a49ab7cd,857b7961ba24679a586fe875ea74ab44,delivered,2018-05-30 19:50:33,2018-05-30 20:14:33,2018-06-01 13:23:00,2018-06-11 19:18:44,2018-07-11,96210b041c07fae4d3ed07549185bebb,2018-05-30
8411b2a445133d0ab0a16801f7b22f8f,7834b1149a19800e5d3a249c43c020ac,delivered,2017-07-13 11:06:34,2017-07-13 11:23:51,2017-07-14 19:47:49,2017-07-24 23:42:15,2017-08-02,e53d5643a3bf89f9d0f3fa82b8b45fd5,2017-07-13
75434d9f9fce6b4c6cd9f4736db6fa16,0dcd9c0288e566a80542ac0834dd7c42,delivered,2017-08-04 19:31:30,2017-08-04 19:45:12,2017-08-09 18:04:44,2017-08-23 14:34:11,2017-09-12,33e9a5803c2332cce82b9cf23a58d905,2017-08-04
4ceb680ca41b58487fec3e0f33c624ef,416b9ec8dfb172a88631c946b7f4ab85,delivered,2017-04-18 03:01:38,2017-04-18 03:15:06,2017-04-24 15:59:16,2017-05-03 11:37:45,2017-05-10,8dcf2096a68ce8212a3f534ab31ee23e,2017-04-18
9aab369315c9066a109561047bb258f5,cc1d47ff94567d1845c7cd5775074dc5,delivered,2017-06-09 08:13:39,2017-06-10 02:43:31,2017-06-14 13:52:15,2017-06-16 11:14:32,2017-06-23,d56c3c253606adde8102dd5cb4060b01,2017-06-09
c9b3d3854f0ed6d4b5a65bcf534de4c8,6355194d5dd91d52c9e79c84b5ee9774,delivered,2017-05-10 10:21:42,2017-05-10 10:30:20,2017-05-11 08:43:41,2017-05-23 15:35:55,2017-06-07,04c83639f720ad66ffb6b8ba9afca9d6,2017-05-10
883be96e55d6e19b2ceef5cdd735d8fd,1a4b8beb3962475a804e907c79cf8f51,delivered,2018-06-07 09:19:48,2018-06-07 09:34:26,2018-06-11 07:54:00,2018-06-13 20:42:47,2018-07-04,ca5e682c1fe596beee686e2c5a319765,2018-06-07
72bdb7d2d182c82df2be2b69493df05a,e4bd7f9d1e9452a72d1d0d40053905b1,delivered,2018-01-13 15:52:01,2018-01-13 16:31:12,2018-01-15 21:21:43,2018-01-24 21:03:50,2018-02-08,c74b56adbe9e191733954bb614513c88,2018-01-13
65a39f90b35161fae82145e9a9725bb9,96de148534b6332d653ee594b65f0585,delivered,2018-06-04 00:04:14,2018-06-04 00:15:17,2018-07-04 06:38:00,2018-07-09 18:34:45,2018-08-09,448735b7bd238f6bf4059bde86f0a630,2018-06-04
d8337c037ad19b2a0b903ccfc3e06464,ca5d72f1c65589324e254fde9bf9b59e,delivered,2018-01-30 16:55:20,2018-02-01 02:53:00,2018-02-01 22:37:41,2018-02-09 13:46:32,2018-02-22,b8731e690e93059f3b4963e28014c654,2018-01-30
f64ebaffa29a24b3630d8d9ab6cf43b5,2083b59aa027f1712e497b4197e3ebbf,delivered,2018-07-19 09:52:36,2018-07-20 09:50:12,2018-07-20 19:20:00,2018-07-23 16:03:23,2018-07-27,47c675a103180f8dee049e924404d6f0,2018-07-19
69ae6d6493cb6b0420c6e86da2cc3c3f,1693bc6668a6e89a390b6f20f86b6825,delivered,2018-05-14 17:26:12,2018-05-16 02:53:47,2018-05-16 13:21:00,2018-05-22 19:38:51,2018-05-29,3de30eeef90dd631e644c6de27acc927,2018-05-14
4822b9a2b5589396deb0956b2b844afa,78875a0fca40b8c6efc4935ae3b02149,delivered,2018-08-12 18:06:46,2018-08-12 18:24:17,2018-08-17 11:22:00,2018-08-24 22:36:43,2018-08-29,97589b6fa0b2d64caa1904274de130ef,2018-08-12
eb54462c208a5481d2af421ca4f66780,1f25c018077f5a366bee0321500296b0,delivered,2018-04-15 11:55:52,2018-04-15 12:10:51,2018-04-18 22:42:36,2018-04-28 14:12:02,2018-05-14,494cc27e7471c75cbceacfcd6739696d,2018-04-15
30bdf3d824d824610a49887486debcaf,d6646ea91d8cd9fc7e6882a7068779d4,delivered,2018-03-27 14:29:03,2018-03-27 14:47:43,2018-03-29 01:14:42,2018-04-03 16:48:50,2018-04-24,efce1ab3e96ccab8b1b464326bd22417,2018-03-27
08920300c97e9c4ef7728df49f6317b3,782b6c1a1f51674763812f3c1aca9000,delivered,2017-11-24 15:51:42,2017-11-24 19:36:26,2017-12-05 18:40:40,2017-12-09 18:33:51,2017-12-15,a40805af4228f795553dfc24a25a1aa6,2017-11-24
3fe545962fed10de669e9585ca8bebdf,0062859a8f89e25c6b0e8dc905ccc59d,delivered,2018-03-24 07:55:20,2018-03-24 11:28:16,2018-03-26 21:47:27,2018-04-06 20:56:55,2018-04-20,5cc1fbd02e6b7cd1113dd836fbbbcc13,2018-03-24
79b0101fa56acf957666dd3d2fe39a61,63754ad635e4f739b73382c4a2b67d5e,delivered,2018-01-31 00:09:23,2018-01-31 12:31:06,2018-02-14 18:29:07,2018-02-28 20:57:02,2018-02-22,ad942be1afa65987c90f484b629b46a2,2018-01-31
b7fa03eeccba341d5ab0dc86bfb1b08c,38a501b835a42c582bb16868630cba84,unavailable,2018-07-28 18:42:13,2018-08-02 23:30:29,,,2018-08-03,d7fb53d13ae254079b07326898c76667,2018-07-28
5f76e267fa835332eb9d18afad1a1511,09144539159d4b4997ce0df873b02569,delivered,2017-02-24 20:40:44,2017-02-25 02:10:28,2017-03-01 07:28:06,2017-03-13 08:07:57,2017-03-24,766a43eaf99e9735649e36eef5f6f0b5,2017-02-24
f562fcbc87b8916bfaad4dc4a8db933c,c623c44fee67e4877b7589d8016d1678,delivered,2017-08-06 19:47:17,2017-08-08 04:15:35,2017-08-10 20:27:53,2017-09-13 00:42:48,2017-09-11,80365151d69c6b8b954011e8393ba767,2017-08-06
6036d4eca40644c890443b856040cb18,87e0bfecdb562b3802e43060c7e5b532,delivered,2018-05-03 15:30:29,2018-05-04 03:31:43,2018-05-04 14:34:00,2018-05-16 23:23:42,2018-06-04,77e76fbd0f38350efca6121965fc5d55,2018-05-03
e8745aa1fc53254235ceef55710dc6ab,2d15970d1c1a3b3671a4ad1718bc8c73,delivered,2018-08-01 11:54:32,2018-08-02 05:30:46,2018-08-03 15:26:00,2018-08-08 19:21:28,2018-08-23,e308ebcaa4a772d62021970d05532860,2018-08-01
1c8d6e7486d7ca7e2bf1405330f32e89,104fd8a3a47d8316094cfef655298f78,delivered,2017-12-25 11:33:07,2017-12-25 11:48:48,2017-12-27 14:06:39,2018-01-10 19:53:22,2018-02-01,462b7e5c835a073e9167eba83228f185,2017-12-25
9b95b783cb4d875bbdaec597fcfc0f74,e375964c94ac8e726e9449cb270b7f92,delivered,2018-03-22 22:11:07,2018-03-23 22:08:04,2018-03-29 21:52:52,2018-04-16 14:56:36,2018-04-19,fb66ed13cc69f20249fe580efeb5402d,2018-03-22
116c5326c53701c0cef3abac7b086466,df2d7c66f46ee8fa7c0517f0742ebaec,delivered,2017-06-15 22:40:45,2017-06-15 22:55:20,2017-06-16 14:09:44,2017-06-26 15:19:45,2017-07-10,e38c692f706ff8c47c2e9dd595e2f74d,2017-06-15
32ee8636a1273b8d63c0bcedaba76ff0,83630d4bc2cf2f95fc1e41b054deb8ec,delivered,2017-12-19 23:35:40,2017-12-21 02:12:40,2017-12-23 00:54:55,2018-01-02 16:47:08,2018-01-24,51f643617ed8c8731ddc5ac12ab06b01,2017-12-19
8bdd1fa9653a917ee7f19f52a335aec8,b59bf9e1a0ea24243b3da2eee354cc06,delivered,2018-02-19 21:10:06,2018-02-20 07:27:16,2018-02-21 19:22:55,2018-02-25 20:04:51,2018-03-05,13992e4472f1d7c2be5894625c4f5ad5,2018-02-19
36c1e781ba921a540893e160e063c581,54fe8a1a404fe193dd782edd74bc0317,delivered,2017-07-29 10:52:41,2017-07-29 11:05:14,2017-08-08 22:33:22,2017-08-22 21:45:08,2017-08-22,bf9dc3081b755fbbeee6ee32d5962f9a,2017-07-29
983d1042c129f87546062d2d27f73020,9935e5d76abbd2e896173776107c06da,delivered,2017-09-18 09:46:37,2017-09-18 09:55:35,2017-09-19 19:33:20,2017-11-07 18:09:41,2017-10-10,b827ce96bcd0d775f6ff9bc69472b425,2017-09-18
50dbfd3a91c2fde907830cb668a721f2,60c8baa971d3781e122f7ff8eb3a6be6,delivered,2018-04-27 12:28:35,2018-04-28 12:30:29,2018-04-30 14:14:00,2018-05-11 23:08:33,2018-05-22,cd0e1237fc1c9e98561d3b5e7123874f,2018-04-27
78b2a06f2611f8e465bdb69eed02218f,8704d7f9a0909c9653edf868eb057f29,delivered,2018-07-29 18:53:46,2018-07-29 19:05:10,2018-07-30 14:32:00,2018-08-07 15:42:30,2018-08-17,c96809461a8d0aa55f0d5eecda0b6a0f,2018-07-29
713631547f1e4dbf7d1a05eb38012815,fd862bc8d2484c14b9f59de2cd3155f0,delivered,2017-09-26 21:04:18,2017-09-26 21:14:19,2017-09-28 15:26:31,2017-10-03 20:17:12,2017-10-23,be555d608242ab003109ea70e569fd95,2017-09-26
7aa8c781677d995a032c4a4a9e60eb2e,9b2a64453a3edd4663f9e0569f0ef788,delivered,2018-05-14 22:27:35,2018-05-14 22:50:43,2018-05-15 16:11:00,2018-05-22 20:48:01,2018-06-04,c0fa3b150e05fffbca3fe22ba53a1220,2018-05-14
19174c55645d3a9ae7167a4446606b5b,a706c0eede2ff801b399d1e556cae21d,delivered,2018-06-19 13:42:10,2018-06-19 13:57:37,2018-06-20 16:49:00,2018-06-21 20:14:25,2018-06-29,10752aee51d3c85451fd2968070a3bf6,2018-06-19
a82e51ce2f7042d9be38b0cee1764b46,770e1923ad55d1a35e2c184986e917d2,delivered,2017-10-07 11:00:13,2017-10-07 11:14:13,2017-10-09 15:33:52,2017-10-10 20:59:43,2017-10-27,104559c8ce3bb2a65396cced3256e9c5,2017-10-07
9c10b1f6d98c7b2e59ebce1157e7bec6,13eb37c3a1a13999446cc0d847296711,delivered,2018-07-19 19:07:09,2018-07-19 19:23:10,2018-07-20 06:56:00,2018-07-27 18:36:46,2018-08-10,9ef4b14a267d944e7406b84d9a382874,2018-07-19
50bab6ddd523b8b8b4bda6a45f4f6b53,cbf77bf17677d1ded025f71e08c2193a,delivered,2018-03-21 15:16:55,2018-03-21 15:30:30,2018-03-23 20:48:19,2018-03-29 09:59:33,2018-04-03,a83f20d50b465aa027f8a60d98b044ee,2018-03-21
f00bd384f3e305068c7031a1713a037f,eed17b4b86c7ae236806408d6ed7d0d4,delivered,2017-12-13 17:35:34,2017-12-13 18:22:02,2017-12-14 21:22:54,2017-12-21 17:22:16,2018-01-11,3f56ce61d22fb96b6a215ce2b052a35d,2017-12-13
02ce7f70a5c7a6b04c29a98b061d68b7,c1aee4ecf1d8ededf571249287d56854,delivered,2017-06-05 21:47:24,2017-06-05 22:02:20,2017-06-06 15:27:27,2017-06-16 17:32:37,2017-06-28,1eec8e1bdba268aa58a4da8d95d94739,2017-06-05
1d73e7c6c8033ca8b5d21df45c5b7863,205367f4c11ae2dc7de31e0142eaeeda,delivered,2018-07-28 02:39:42,2018-07-28 02:50:21,2018-07-30 11:15:00,2018-08-14 23:21:49,2018-08-16,cac80698a14acdf390db2a1d84d750fc,2018-07-28
3b9b43f842d56d4e464cf761d7c526e2,e4fda0484cd2b48bcc2a2c19efb56de1,delivered,2017-08-27 14:45:16,2017-08-27 14:55:16,2017-08-30 21:25:28,2017-09-13 18:14:08,2017-09-22,10f102fa80d703fe380d0ab8a53ba482,2017-08-27
b4eabf9a64099f1413105754e3d1343f,101761ee49f83d5aedd8e7b2cb007363,delivered,2017-02-18 11:09:50,2017-02-18 11:22:41,2017-02-20 14:32:36,2017-03-02 14:32:40,2017-03-21,ce6615af482d0efa24602ebc67fbfc9e,2017-02-18
ba35cc167c59bc97e08e9f6b570ce3a1,3cf7b555c5ef3b32cbeff76b50cbdeff,delivered,2017-11-20 17:38:07,2017-11-22 02:47:58,2017-11-23 20:28:42,2017-12-11 19:22:01,2017-12-19,eb34f70d5218c736c8eb38156014cb81,2017-11-20
08f33b9700f597f74ec8fc4f1d56eda7,f0bc77743882d666e091a12181b32386,delivered,2018-06-22 10:43:09,2018-06-22 10:58:38,2018-06-27 06:50:00,2018-07-03 16:22:38,2018-07-26,62113ac26ffc26f24232f838fe2befbb,2018-06-22
b7bef020492af2903362c33783ad4e38,3272b3a88f6571ec59d75e7201a34255,delivered,2018-02-07 07:18:42,2018-02-07 07:30:21,2018-02-14 21:38:52,2018-02-21 14:27:19,2018-03-09,d1848254e946754058ec90800fcf6471,2018-02-07
6369478ccc25c089500c88305545244b,eb4201ee621ab44ff61deab8ce0e2ee9,delivered,2018-04-18 20:58:55,2018-04-19 02:51:26,2018-04-20 20:32:01,2018-04-27 19:54:33,2018-05-14,79fd243f3f81176107a29b2036579ce6,2018-04-18
f92e273af7fd8aa4c0b40388cf80be75,04fe08050dc149cf00e43d448c468128,delivered,2018-08-15 19:46:26,2018-08-15 19:55:15,2018-08-16 14:09:00,2018-08-27 23:23:44,2018-09-11,a1189e15dc652a1a751af63b65371a93,2018-08-15
61f7737ba3909f4de54672a122bb94ab,52961e216b71088d42e7efce1f9c9f89,delivered,2018-01-12 16:26:16,2018-01-16 03:50:17,2018-01-16 15:33:41,2018-01-22 10:19:30,2018-02-08,18ce88606d92b5ae26be0e1af8e095c2,2018-01-12
253fce0796924cfa83e730b7c7da4e66,3c8892a24d5f35c4a39b1a374c662b60,delivered,2017-06-03 12:22:15,2017-06-03 18:30:07,2017-06-06 12:49:23,2017-06-22 14:57:57,2017-07-06,619aee9770111ae3b6eb6b8f99762136,2017-06-03
09836dd0df8891bd6cc20b9e651a6f23,ecff1b1c83d0c9237a8e5fa29684a78d,delivered,2018-06-04 22:49:09,2018-06-04 23:10:42,2018-06-05 13:44:00,2018-06-21 19:32:20,2018-07-05,edd8b65865389a453e6d20c69b046ec5,2018-06-04
18a3de7f374fa61dc8962d9f000a57d7,efb499a8d034abb338720bf31027b0ba,delivered,2018-08-18 19:50:20,2018-08-18 20:10:12,2018-08-20 16:39:00,2018-08-24 18:22:44,2018-09-11,ef2fa69376ed37b630703fbff1a3f688,2018-08-18
161f105f25baba98c7604aad9b99d9a6,b9dd6c551bfe1ea46e2ca722708df61d,delivered,2018-03-14 12:26:50,2018-03-14 13:08:17,2018-03-14 23:58:47,2018-03-15 15:56:23,2018-03-26,0cd9db48a316e0dec783953edc621f44,2018-03-14
a60c9bf6dcdd39e9f1c10ae5ad77c24d,ac7f438e15d996fd55c89ff26d19b648,delivered,2017-12-17 17:30:46,2017-12-17 17:39:23,2017-12-18 22:34:32,2017-12-28 21:47:05,2018-01-30,6894b2a8a74e1c7fb9452d0cb861e634,2017-12-17
18559e87fe804301f0a0571a740d3611,04c4d353462fcfaab210de05d1870910,delivered,2017-11-17 19:42:48,2017-11-18 08:47:29,2017-11-21 12:42:02,2017-11-24 18:37:40,2017-12-08,0c979f9cba9795f5073f6e1b03baaee3,2017-11-17
52839320a287fc82e97026f99434d425,4948914a6d422d2bcb6d13062973d3bc,delivered,2018-04-21 13:06:22,2018-04-24 18:04:56,2018-04-24 02:18:28,2018-05-02 19:22:22,2018-06-04,0e118f769d320e71128975be6fb1fcc0,2018-04-21
70942902c403d0f8922b07cd936bfae0,70aebedc20cbbdb864f0f674f8fa2af6,delivered,2018-01-01 16:13:32,2018-01-01 16:26:43,2018-01-08 16:33:42,2018-01-17 19:08:42,2018-01-30,7d7bf51f69d6b2849e974bb03ceb335e,2018-01-01
766604e12d26178b47d6f8cb51784f54,022436c15d537fc7a1dd70e6000cbf66,delivered,2017-08-21 23:58:43,2017-08-22 03:25:11,2017-08-23 16:34:27,2017-08-30 22:32:55,2017-09-13,cdaee53ab8f7c1d14ded5eb32714a4a6,2017-08-21
bc60b588a732fb42a8145a501c6a61d2,d71c6edfaf2850bafce5d8a655d34413,delivered,2018-08-24 14:09:35,2018-08-24 14:24:32,2018-08-27 11:14:00,2018-08-29 02:54:50,2018-09-10,29196be5455e33f24dc8fcaa916f5a2b,2018-08-24
d41944802ef44ca7d0cea1284fd0a605,e9f0e4ef15a5dac6d7a66274fb0024e5,delivered,2017-12-16 23:46:35,2017-12-16 23:55:21,2017-12-18 19:44:17,2017-12-27 23:35:28,2018-01-17,c19b938e51078d60423c438c5221f1d1,2017-12-16
177e389651ef6cd6620a3355c1000999,bea4ecc43785fb915bcbb46171f23b23,delivered,2018-02-28 17:33:26,2018-02-28 17:49:49,2018-03-02 18:23:27,2018-03-12 12:05:00,2018-03-21,ccf9cfdce573bd339349628105059967,2018-02-28
0e052bf9ab53618ac0c5fb8ce3dd61b8,06ba6a60751f29132f330decc3450c3b,delivered,2017-05-12 09:24:23,2017-05-13 03:02:55,2017-05-15 15:30:02,2017-05-25 07:39:44,2017-05-30,6893c970be2d4631bbe03d8883db9981,2017-05-12
d2c021c9649e328e98f4b09574854cab,fb44731890feab95ab8f71e54fcf3dc1,delivered,2017-05-12 20:55:01,2017-05-16 03:22:26,2017-05-16 10:33:54,2017-05-24 12:58:24,2017-06-08,3876502c5a57f6a711f7a179801b16bd,2017-05-12
9c8b1a249b8f2acf28a69ae5526256c5,0afdec8c17187b3049a69904ef1cab59,delivered,2017-09-19 09:24:34,2017-09-19 09:35:10,2017-09-19 18:22:21,2017-09-20 18:55:01,2017-09-29,6e2f539e9e0e323859a81079581db712,2017-09-19
9df818a3b1089e9e3af14f2ac8ad6f1d,5e56ace5aadb8b0f475e5ffe48d228ee,delivered,2018-03-05 11:19:23,2018-03-05 11:35:32,2018-03-07 21:53:09,2018-03-08 14:05:53,2018-03-15,64929594bd76164a7565e3db2d9a53e5,2018-03-05
4d458ae78b6be4d04c94a3e7372ca386,d67ede1800a61cccdfb4f4669f338c80,delivered,2018-05-03 17:32:27,2018-05-05 02:55:06,2018-05-08 13:52:00,2018-05-15 18:56:31,2018-05-22,5b155ff4720ff07d449c2122d904e4e4,2018-05-03
2d3dbe1773426d039d73770335867829,1aeec9b1de1f7ff20d46b615a0f05f0a,delivered,2017-09-11 10:15:27,2017-09-11 10:25:41,2017-09-15 14:39:06,2017-09-25 15:03:04,2017-10-06,a99131aa4ede565c3792806fb9334498,2017-09-11
63175a0077fd25dc166bf27cfa3927df,747af79916b2377c22485f4e83c6e521,delivered,2018-07-14 00:15:33,2018-07-14 00:25:11,2018-07-16 16:10:00,2018-07-23 20:33:05,2018-08-16,26fc746146b768c8cbab3cffc9a1374d,2018-07-14
7ff9920174c1d74237a6fcb73299c0a0,c799766de6042338158b08fc7418df09,delivered,2018-06-27 09:37:58,2018-06-29 02:53:18,2018-06-29 11:12:00,2018-07-03 16:21:39,2018-07-18,2b26db3c45d52a1b983f12f2201cea88,2018-06-27
9fd83cacce47c1aec0484e704c87ccf1,c37808db51066db223f9e386bd9169d9,delivered,2017-12-13 10:30:25,2017-12-13 10:51:48,2017-12-20 17:57:13,2017-12-26 21:33:46,2018-01-11,f7db397606c45cbe21a8c9b2e1633526,2017-12-13
214b96dbb7d479932d8b5a1957ce0e9d,00cef6d9683eaa39aaf401e3b02bdbca,delivered,2017-08-16 22:23:32,2017-08-16 23:44:56,2017-08-21 18:16:11,2017-08-28 16:51:37,2017-09-18,90a8e532133d8d1bb8a49c3ea08aaff6,2017-08-16
51f24b9ca5365e89f2dd96de60ee083f,19d5f0ff68bc32ac0acd36bb47fb8061,delivered,2017-03-18 20:49:04,2017-03-18 20:49:04,2017-03-20 11:21:12,2017-04-24 15:04:35,2017-04-19,e0922a5c17034b29266f658e9b327bc4,2017-03-18
5bd9862e9eb167d733096279f6b353ed,027a90872a3f917170f2e2b912363e88,delivered,2017-10-03 08:05:20,2017-10-03 08:14:15,2017-10-03 16:53:40,2017-10-09 21:38:31,2017-10-30,c499f46cfaa21b18442da5fd70b6115f,2017-10-03
4f4713c9b445b523bc53cb7a472b7a99,f478718909f3923543aef3539103dd58,delivered,2018-06-22 14:16:58,2018-06-26 05:13:17,2018-06-28 14:06:00,2018-07-03 19:52:01,2018-07-19,70e892a5cad6f85f02964619c2ed74b7,2018-06-22
9e34a5f4e532b2af9484b29d5f249eec,705468541e41b90b271f714cd374fade,delivered,2018-02-28 20:37:09,2018-02-28 20:50:42,2018-03-01 21:16:52,2018-04-05 01:58:44,2018-03-29,80c7e517a93815d31d9c3e679d99e823,2018-02-28
2490acacc509d48df78fe4d3a44f45df,e5a94a4be7e4cee1fef1e15778bfa2ab,delivered,2017-03-09 12:57:30,2017-03-09 12:57:30,2017-03-09 15:20:07,2017-03-22 05:29:41,2017-03-28,69636569d82a52eca51eed643c054edd,2017-03-09
e3198f3829645095f91d9dfc8c70135f,af9aecfbfe94b0369dd5e0d22e525b81,delivered,2018-03-28 07:50:32,2018-03-28 08:10:18,2018-04-11 17:05:40,2018-04-28 15:07:51,2018-05-04,15c5d757f031e9277a65de3ba6fd82f4,2018-03-28
4150ef14f79d08c4772445de6db77c0d,569bdc5b541b747c421b3618ddac0884,delivered,2017-09-08 19:33:47,2017-09-12 04:44:23,2017-09-18 20:18:08,2017-09-25 18:42:02,2017-09-27,641bc928aacfb29e6eea8b415090965b,2017-09-08
3b7373170271acc24a203e59f70e5a54,22399760ef434eb8f4251f5485304a6f,delivered,2017-11-25 19:37:32,2017-11-25 19:54:47,2017-12-20 23:18:07,2017-12-23 13:19:21,2017-12-29,25675b9a1052e82cc3d0ee65efb883e6,2017-11-25
eaaba54fc16f2f0c54cade87efc51932,0fc00a05beef2f2faeb5e978555c7778,delivered,2017-11-28 23:39:03,2017-11-28 23:54:33,2017-12-01 00:32:20,2017-12-11 16:25:12,2017-12-20,203e001040e6911c76252771b131fc63,2017-11-28
1118f05e23d1a8082fa47f8a377de658,8292e9df852ab7fce9e1bafc08870878,canceled,2018-08-07 15:05:23,2018-08-07 15:15:29,,,2018-08-13,2348acb8486ed639e2a7e9e2aa198d45,2018-08-07
97e24377140a4eccdc29f62c6a965df7,a25b57cb6a2581ee8be1e52e0b903620,delivered,2017-03-05 19:01:30,2017-03-05 19:10:13,2017-03-06 12:08:37,2017-03-10 11:36:07,2017-03-29,e56b88632cfe45c9c25b345e055683db,2017-03-05
9d2d64762e74b71c53ba0822341832a0,175ccc4e2a9670bc163c9970f864a76e,delivered,2018-05-10 20:17:17,2018-05-11 20:16:58,2018-05-14 06:16:00,2018-05-17 20:28:41,2018-06-14,790209aa346fa5c3a9e3611962275a93,2018-05-10
78a0b04da4d744a06c4843f76ac5ce8d,93cb5bcce27aa2cec0b93caca88f582d,delivered,2017-03-28 19:31:36,2017-03-28 19:45:08,2017-03-30 12:48:45,2017-04-11 15:23:33,2017-04-19,9373c4131995bfc178fd3107e618c0e3,2017-03-28
557301323d2ab3151c0e56b06aafd2bc,ef2a710adfd6f4cef2cbc1053b847801,delivered,2017-12-11 09:04:24,2017-12-12 03:53:26,2017-12-12 16:52:02,2017-12-15 18:43:40,2017-12-28,9f4191dea4d3277900c84aeba9c9d373,2017-12-11
3806e97292af7b9430f6981372925843,5ad1e88a2aa6f14c0aee6d2f1fdd5550,delivered,2017-08-09 22:31:26,2017-08-09 22:45:19,2017-08-10 19:07:50,2017-08-21 18:23:39,2017-08-31,ea7021a50283af41fb9026933d06344d,2017-08-09
9a8d3b2e4543ffa98240222fd991ca73,609a3f92da35fa9daaeb4f5380d38b37,delivered,2018-02-08 10:43:34,2018-02-08 10:55:23,2018-02-09 23:07:59,2018-02-21 16:37:27,2018-03-20,55082cbd55c790c1c6bb6160861df082,2018-02-08
7a5aed0d72e6d10c96bb2cfc571fe4b2,09b186546a1f76b4b3cb9111dad590ca,delivered,2017-08-31 13:55:59,2017-08-31 14:05:33,2017-09-01 17:43:27,2017-09-04 21:20:10,2017-09-20,5ec1fb912e02ca6a05594f9e55fe06f1,2017-08-31
b13a218f04f34967574a5a8ff1d07859,55bcbc4ca1aa6b2d816de5066b5d103f,delivered,2017-11-24 21:49:06,2017-11-28 03:40:32,2017-12-01 22:09:16,2017-12-16 17:42:31,2017-12-27,7e063d87578c3438c8c086b4d5c93df2,2017-11-24
5cb724be50443da495598c1db35ccfbd,40a6e923b893f7a7d8dfa9a118d341c4,delivered,2017-09-27 00:11:29,2017-09-27 01:34:27,2017-10-02 14:26:48,2017-10-13 22:07:46,2017-10-26,3826502d225fb6f4086eef48b5ba61aa,2017-09-27
40a0d43c361fd8433d1e982929fd635f,6a0dc512be3f2c57360e08f715ec357a,delivered,2018-04-15 16:22:04,2018-04-15 16:31:30,2018-04-17 23:46:33,2018-04-26 23:41:44,2018-05-22,9152263cbd33d3351e67c01bafc3afc6,2018-04-15
88b89dae0dc52bf881d9a8a9072f880c,243b40772b00e4ba69a769305b7deb72,delivered,2018-02-11 15:02:04,2018-02-11 15:15:23,2018-02-16 01:43:13,2018-02-28 22:29:06,2018-03-09,2daccb8cb6524f5b1a344559a2729465,2018-02-11
cf2bdd96e31b79ed41dba723fb42429a,17d47ffa534a47c9af375bd1bb9cd94b,delivered,2018-08-06 16:03:21,2018-08-08 07:30:09,2018-08-08 13:27:00,2018-08-16 21:27:40,2018-08-27,4ce4fa1b0d9f5639e79b823389f8b095,2018-08-06
7b47b84c95e15a32e8026ea1fb9fcc73,14c797619e18e0f0e8bdf933bac27690,delivered,2017-09-13 22:21:37,2017-09-13 22:35:19,2017-09-15 17:45:47,2017-09-22 15:48:31,2017-10-05,9fb580a282dcdb6e97fa7c1ce3816b22,2017-09-13
9889e26ac5a56d800689699664af0f82,e5bbede7ac897293d9132cedc17af3a8,delivered,2017-02-03 09:51:56,2017-02-04 02:25:37,2017-02-06 09:06:44,2017-02-13 11:08:12,2017-03-03,e2ab4c4e535a10b714cebe43b9b48421,2017-02-03
cfe5da8247941458984d84fbdfa91a10,902533054ee08fdee588a61239aa769c,delivered,2018-08-02 22:03:40,2018-08-02 22:15:29,2018-08-06 12:24:00,2018-08-09 17:04:07,2018-08-10,789f16b677c23651a377bfb4c2ac3e88,2018-08-02
d15b3189d76bdc8564bf65a99df1a379,4b5d6a7f0f2a3aa09b88aed9bbca201a,delivered,2017-11-23 10:58:26,2017-11-23 11:08:29,2017-11-24 18:48:26,2017-11-28 17:42:04,2017-12-05,4a652beea77efe21f9c1709bb5d13de6,2017-11-23
91d3db538cfff9a4f1cd5d5ad9481b05,93398976408677d44139e085d01c41a3,delivered,2018-02-01 16:32:15,2018-02-01 16:57:04,2018-02-05 11:06:03,2018-02-06 23:52:10,2018-02-19,a1501121525014a1ff9d8247bcdf1e7e,2018-02-01
124989cec6f415c879769c699f3134e2,1298b31750ae11bc372f731e76d3a6f0,delivered,2018-02-09 21:38:59,2018-02-09 21:50:26,2018-02-15 15:14:23,2018-02-20 00:41:53,2018-02-23,b2f20c3ce9b8f32ecddaf35bb9338546,2018-02-09
ff65c06d9d1fcec5dfefe1dbeb606e5f,f54d3bbcdf79428f56c45ac5e3b496c1,delivered,2017-11-02 18:53:27,2017-11-03 20:30:52,2017-11-07 20:08:44,2017-12-01 20:17:49,2017-12-01,2563f4f4247f47f05a987635b3189f86,2017-11-02
21986117cfddd42a35f894deadbe2f95,3ce0f3492243e7dc026346678fd4f703,delivered,2017-05-04 19:36:56,2017-05-04 19:50:10,2017-05-10 11:17:31,2017-06-19 11:03:21,2017-06-07,1a3e064d6461fb5fba261ab141ca2ad9,2017-05-04
c2ef03831388d411d6c9610e440fae40,02990abeb531c8e237ac2b13141f188d,delivered,2017-04-21 19:26:42,2017-04-25 08:15:26,2017-04-25 12:53:19,2017-05-05 14:47:49,2017-05-22,0cc0d48ecdf8b52951235da145fd4cfd,2017-04-21
fbfb14bfcbaabcc1473524656c76a4cb,d870167097156772b8af23d558b4faa7,delivered,2018-08-09 15:38:02,2018-08-09 17:25:16,2018-08-10 13:58:00,2018-08-15 18:22:02,2018-08-23,656ecc157fc75a9963d2d35d8c17dfaf,2018-08-09
f54a5247270f147891511428c087773e,991810d1743b667dfccaf2b046d88a5a,delivered,2018-02-28 18:55:49,2018-03-01 18:50:30,2018-03-02 17:47:01,2018-04-16 19:08:29,2018-03-22,e38e8912a6bd0d04b1e60b917d18b57d,2018-02-28
2a1826a678534f6229f4d60aedbdbb94,8a80d31944835c9b6cac3e2737bd245c,delivered,2018-05-14 13:03:21,2018-05-14 13:17:30,2018-05-15 12:10:00,2018-05-22 16:22:14,2018-06-14,5af0aa2dd6a694451f09cb6165d81c2e,2018-05-14
082e1d9362de402518ac4c47b4d82dd0,bc79e7caa09731190172e80af2e3d126,delivered,2017-07-28 22:34:21,2017-08-02 08:33:52,2017-08-01 13:59:59,2017-08-02 16:13:08,2017-08-10,c39cc6b8f0a5d40e41b1de582816199d,2017-07-28
85179ceed927a62fa1fe00697a17dd5e,299a48f7420ccd62c0efd03c927381ab,delivered,2017-10-03 17:59:56,2017-10-03 18:07:43,2017-10-04 20:58:02,2017-10-11 18:42:00,2017-10-27,b5ffb58e88f234bbcc13d852e25cf280,2017-10-03
61224c4690fa8613b56e0469cea9415c,d660cc394eb24b0a1fbf68174a1531e3,delivered,2017-09-12 18:17:51,2017-09-12 18:30:34,2017-09-13 15:36:45,2017-09-25 17:37:09,2017-10-05,621eb93c6f92739b0b64dadac3d3c9aa,2017-09-12
644ae2fc953e74a21a0bd28b2049242e,a704a342c9c7a6686554e5f5932c77cc,delivered,2017-12-12 12:45:17,2017-12-12 12:52:30,2017-12-15 20:55:04,2017-12-21 12:19:19,2018-01-09,dfd34b0a05b90e3f80b07db3697376fd,2017-12-12
29a143cd68f669f10fd6d4a020eb7f38,2a0d54a46700eac893ae93c57391536a,delivered,2018-01-10 10:27:03,2018-01-10 10:35:34,2018-01-11 13:07:49,2018-01-12 14:56:49,2018-01-29,a9f4fbc878a70927bf1f47612987c8ab,2018-01-10
6e1c9b0136456e44d5b1d74c5abfae85,55a8e20a0cd1dff15232a9a6cb339e58,delivered,2018-08-07 09:30:10,2018-08-08 03:10:25,2018-08-08 14:49:00,2018-08-14 19:32:53,2018-08-28,0f7401a91fd492f6ba9c998ecbdde763,2018-08-07
f63f9a7699e3674c80a4ba92e56dfbb8,40e7aab419643f84ecd6670ff5c8db95,delivered,2017-09-22 19:20:07,2017-09-23 02:26:32,2017-09-25 17:36:53,2017-10-10 12:48:18,2017-10-19,2f9942aadc90941b47564e5a71b34ad3,2017-09-22
214c5f0c9cd86a432fd1c37cf8b20328,78f88ec4242f01948963c37379b9698b,delivered,2017-09-16 17:06:18,2017-09-16 17:15:11,2017-09-18 20:55:58,2017-10-04 19:02:52,2017-10-25,c04420b6e657fd82dea3feaa464b3c6e,2017-09-16
91a422eb23b5d4904d4c1be11592c317,0f67e09bb9ff7f58f3a0b68108be4396,delivered,2018-07-07 09:24:13,2018-07-07 14:35:16,2018-07-09 12:29:00,2018-07-23 17:41:49,2018-08-01,d7091c007d19db4c2967234cfddcd34a,2018-07-07
04d11ad47e18aa9180d9d9cc7678f496,8f3fcfbb2fa3d2f7e3de0d54ff424439,delivered,2018-03-06 01:40:54,2018-03-06 01:50:27,2018-03-08 23:54:35,2018-03-19 16:07:51,2018-03-22,673a485e43a91ada79a8c29e91eef548,2018-03-06
35a54a3bcc71cd258454f11c9229e9a5,f4c00bcece4a99d2314880aabf6c54ed,delivered,2017-06-19 21:47:37,2017-06-19 22:03:09,2017-06-21 18:12:22,2017-07-03 15:39:40,2017-07-13,4f4859b05144e62da7882ba8d9dd92fd,2017-06-19
8c7ce1cb243949650a70251b5a6d5f4c,15512d8df95be063e49bf8b29c659f7b,delivered,2018-03-11 00:12:14,2018-03-11 00:28:02,2018-03-14 01:28:30,2018-03-26 16:42:04,2018-04-02,432f0de39d1889469a635e290206a42b,2018-03-11
1132b7a7e21c61ede6a001a17e5abf85,ac056218ca998b0dfd12bbb30abd0f89,delivered,2018-01-13 19:29:03,2018-01-13 19:37:21,2018-01-31 15:45:02,2018-02-09 23:48:46,2018-02-21,a7362d12145ecea7e86fb652401e07fa,2018-01-13
3c684901fa9faba86ade5863ee9e7a40,09a9e4bb743add1caf57d39d8e6223b5,delivered,2017-07-09 12:54:12,2017-07-09 13:05:15,2017-07-10 19:52:21,2017-07-11 14:19:40,2017-07-21,5cc1cb729d795ee1697ec65e089d76af,2017-07-09
782c1d4000bc7ae3d9aef9046000c4f6,bb0fb987d35e39b8ad2cdaaebf190962,delivered,2018-07-28 08:35:29,2018-07-28 15:55:12,2018-07-30 15:23:00,2018-08-07 18:21:58,2018-08-22,11301f075b107598442c6b33133b557a,2018-07-28
7ee4b13db874fc0c53e4febcb4275fb5,5586f979cd49ae9f5a78c57f6eccd8cd,delivered,2017-06-03 19:11:14,2017-06-03 19:25:17,2017-06-06 10:52:11,2017-06-19 19:43:31,2017-07-10,01c289bb06354cdc7e6549570f20ada4,2017-06-03
136286e8ffa587be2d282d0975515ad3,897b69e78807be3c8576c31f6018225f,delivered,2017-12-10 12:38:32,2017-12-10 12:50:22,2017-12-12 15:53:04,2017-12-23 16:18:51,2018-01-04,3120ca5b9fa1f96c18c1e329d4aae1cc,2017-12-10
1e677b19d299a71e33c95a270f656703,c564c5a2ebe6926981e26f3e6931f623,delivered,2018-07-30 19:24:57,2018-07-30 19:44:28,2018-07-31 12:17:00,2018-08-01 19:38:22,2018-08-06,4234d91b8e44e6f45d2d03c183d8f5cf,2018-07-30
fd220bb11ef8a046fef08e7c51f11651,e323284f8ca0cc5bffa175c126763fbb,delivered,2018-02-04 19:12:28,2018-02-04 19:28:55,2018-02-05 17:22:38,2018-02-14 19:08:52,2018-03-02,4d688a84b5684e1735513d10954f00b6,2018-02-04
e2aa3c8ad14a870e32ae9718c84e0567,ab46e96282251f5c3044ab20b668d88b,delivered,2018-01-20 10:24:49,2018-01-20 10:37:11,2018-01-22 18:14:59,2018-02-26 16:08:33,2018-02-23,49525ee3bc455aba204acc2d2b477571,2018-01-20
33a26356ae145bf4a27c25447e5d1f01,78f12bb3fe31d58161ee7bc04220a989,delivered,2018-06-01 08:29:05,2018-06-01 08:51:52,2018-06-04 14:39:00,2018-06-06 18:46:44,2018-06-26,4394d455191db1f4b772872c358bd37e,2018-06-01
bd67f781813f153083d633f8c81d0820,d7e165ba90f233742894011d725448c1,delivered,2018-01-19 14:58:55,2018-01-19 15:13:01,2018-01-22 21:21:52,2018-01-29 14:47:42,2018-02-16,71e1f051740a6d2fcdc204e989035526,2018-01-19
2a81ea52abe140811e40a9f72d4fab01,e2e81765abbe9937086b7036a6766141,delivered,2018-04-30 13:17:00,2018-04-30 13:34:27,2018-05-02 14:06:00,2018-05-10 00:12:00,2018-06-05,c181335570f7cdd24ed4753a49ba47b7,2018-04-30
c008cb0b0b7d411443c78fcd22282930,eac0451aadf8de2d28430f4184f01ec3,delivered,2018-03-04 13:48:11,2018-03-04 14:08:45,2018-03-07 14:33:24,2018-03-08 16:07:41,2018-03-15,3f04877b0a3842c23e36f422abe4393b,2018-03-04
981f2b840c349f73901c0978c0aceb59,d37b6a0bffe87adfc12dc5b0a79f9911,delivered,2017-06-27 20:04:48,2017-06-27 20:15:17,2017-06-29 13:39:49,2017-07-10 21:43:29,2017-07-20,fa6599824ade26253a6a81f85e1aa826,2017-06-27
d44edbc930d60ec8a8d787bdda46334f,bd62fc1db68f47113dd1f9d700eac3bd,delivered,2017-09-20 23:26:02,2017-09-20 23:35:17,2017-09-21 19:11:15,2017-09-29 18:37:31,2017-10-16,846601fa8d96ad187eba1cda69816c85,2017-09-20
a4bc6ee8a0b10b9362660438b786cdaf,99d5db609ae101a85b32ed78904c3d99,delivered,2018-03-07 19:50:37,2018-03-07 20:09:44,2018-03-08 21:57:30,2018-04-17 18:24:39,2018-04-12,82d836823edc2dde73a44eddd95f31cc,2018-03-07
12c281ebecb5a750bfb59174f5660243,e8c9c8339045038a4802cfef7d828f41,delivered,2017-10-19 11:31:05,2017-10-19 11:49:22,2017-10-19 18:03:30,2017-10-31 15:12:09,2017-11-16,9f487d2a91b3d0bc162b18e0d579fee1,2017-10-19
2a0a79550fc18171ae34cf327fc5f0e3,4f9675da7ff641600aeedd867377ae1f,delivered,2018-02-03 19:16:56,2018-02-04 00:09:50,2018-02-08 00:32:08,2018-02-27 17:33:45,2018-03-05,65b737ab069d398fcda1497f820693bc,2018-02-03
774906e7da9df9ff1e2a2aa1dda5034b,a40e5cc003cc20e1a2c61234844cde00,delivered,2018-04-05 16:56:18,2018-04-05 17:09:44,2018-04-07 00:32:50,2018-04-16 14:13:38,2018-04-24,08f1d113c77370a06fccb3fbb87cd89a,2018-04-05
5217f40e1f6e5d799ed9234449ce7c4e,b90f1af77dd345d61cf6a9c542e21811,delivered,2017-07-11 13:18:09,2017-07-11 13:30:13,2017-07-12 17:53:48,2017-07-14 13:22:07,2017-08-07,b671ab29d777b926df2888d2f56bc1dd,2017-07-11
7b1fa4766801ccecaa2fc8dba3afc30d,7436dc9d8cb5f994136cadaa95a42f14,delivered,2017-05-19 12:27:34,2017-05-19 12:35:27,2017-05-22 10:35:40,2017-05-25 22:26:36,2017-06-14,e5e2fc979b6bfeffee571eba28b80c34,2017-05-19
8e49d9a115677d2cc6074f46333029ec,748dc3cf89539712218c89009f5db25e,delivered,2017-12-26 16:33:43,2017-12-26 16:47:34,2017-12-27 17:14:12,2018-01-08 17:21:12,2018-01-22,2ecbae05cce0ccdb6bd7576f223e6f2c,2017-12-26
d773b2a09676fb3a1a35c45a9edda446,c66b9864347ac9c4c881412b2e1d97a2,delivered,2018-06-13 23:41:31,2018-06-14 00:32:03,2018-07-05 09:40:00,2018-07-09 21:18:33,2018-08-02,17cbedc24919c57eab7701e9d4136f16,2018-06-13
a8f7a1d76c02dc4a7c5177aee8c2b02c,59d0d218d4427b9960ee18cc5556770d,shipped,2017-01-29 10:02:37,2017-01-29 11:31:19,2017-01-31 07:57:48,,2017-03-17,e8b6125bf3d0401db0c1d2cb7ce00c21,2017-01-29
3c3578cbe37cf7af07897091fa676eb4,48cb41a28af5b64c305fe8c1f1adec3a,delivered,2017-10-15 21:06:30,2017-10-15 21:28:19,2017-10-16 21:57:55,2017-10-24 16:51:25,2017-11-07,15be5104d4c41b5e0dada09bfa5215d9,2017-10-15
b573a7a3724543c6604ac157a2194699,b4e82458897304b3a13fa1fdf022477e,delivered,2018-06-27 09:01:34,2018-06-28 02:15:45,2018-06-28 13:36:00,2018-06-29 17:18:53,2018-07-16,65713aa7c3e28a544a24277236997b3a,2018-06-27
304ef13cd0c4ae3f7b5f11380f8176b4,cf30c6199e7242dbdd316851a3ac1321,delivered,2017-08-20 00:24:52,2017-08-21 00:30:10,2017-08-22 16:33:49,2017-08-31 17:49:50,2017-09-21,9c97067f4b877df688924306ba5aabf3,2017-08-20
1b8b690d422116abd9e63afdd49dc279,47ef4aa19856c707b7ecf4e1d6983ba9,delivered,2018-05-05 14:48:34,2018-05-05 15:10:35,2018-05-09 12:32:00,2018-05-17 11:11:20,2018-05-25,6c71622e059a789d6a490d79ae1316d9,2018-05-05
aafa435d6e4fc6b6bbd3f62a49ccafc1,336d4826d133729e354f4e9379dcd220,delivered,2017-07-31 08:43:17,2017-07-31 09:02:55,2017-07-31 18:19:54,2017-08-07 20:40:04,2017-08-18,0f051b1f462b68afacd7b01e4d7235ac,2017-07-31
1d47900c5d7d5277e6961367603f8925,55da05e5440856411761c20733229b13,delivered,2017-02-03 15:20:03,2017-02-04 02:10:48,2017-02-07 11:53:18,2017-02-11 02:41:57,2017-03-20,6d9288eefd6d0af58e8296658d8575af,2017-02-03
477bf888e0dfc2afc08a57768a52dbed,473e975972852cf59f2f6eb66bf796a7,delivered,2018-05-10 10:15:53,2018-05-10 10:32:15,2018-05-16 13:35:00,2018-06-09 17:42:12,2018-06-18,cec657914523a789f22a43b3f5644610,2018-05-10
ac5cd0e68752307d437d98c640050483,7bfa4c09a4da3a1d5d16296f0d1af9b1,delivered,2018-08-03 17:01:29,2018-08-03 17:15:20,2018-08-08 18:21:00,2018-08-15 02:40:52,2018-08-16,49d3a1f906a4e5b999c691112446aa9b,2018-08-03
8c224eb700e9dd039606fbfd1ca725f5,f2c878a2ee1b3239bea5ad24d4705c57,delivered,2018-05-08 16:43:15,2018-05-08 17:11:33,2018-05-09 13:58:00,2018-05-18 14:00:54,2018-05-24,35a63c8e6fe045b526252475c1b0d128,2018-05-08
8b72430bb2678c2def7327ce1217b2b4,a2d44a06da0675bb88972fe303c554e4,delivered,2018-03-30 20:50:23,2018-03-30 21:30:13,2018-04-02 17:57:41,2018-04-17 19:56:43,2018-04-23,bf429f20c75a39eab83442cda8e59832,2018-03-30
bfdc8cc8e1e3a146d1adb471208f0a72,a01fcde31529708c8755a0226631c0d7,delivered,2018-08-05 22:57:54,2018-08-05 23:10:13,2018-08-06 15:16:00,2018-08-07 13:59:05,2018-08-09,f34fd449c1a6da5fbf276eada6a5fba2,2018-08-05
8f627f546b2cb0ddbb0d8627461b846f,1e11025f8a103ddbf95ddaca105f7f4a,delivered,2018-03-15 15:20:17,2018-03-15 15:35:35,2018-03-19 16:22:44,2018-03-24 15:34:51,2018-03-27,4b4e1b485b402bcbe0a5894775f95127,2018-03-15
d1ac63aca67ffb34f4c1b57391e596ce,7960ab4d78100a19c78214c608f79f78,delivered,2018-02-25 21:35:32,2018-02-25 21:50:27,2018-02-26 18:23:09,2018-02-27 18:42:34,2018-03-12,1f1f2e0250e6747b645a62874bbfd358,2018-02-25
82a71647905d5965a2d4c6e237ad3e61,74bb4cda903974a323646539525e077a,delivered,2017-07-20 21:28:26,2017-07-20 21:43:14,2017-07-21 18:56:59,2017-08-02 19:15:48,2017-08-15,712a37215ac220745ee48767d253c1c4,2017-07-20
e71fd63fd2738764b93f408f39c67ce1,4491cb47da7e1ecf5e3158f5b7c49eca,delivered,2017-05-12 12:19:21,2017-05-13 02:50:26,2017-05-15 11:36:15,2017-05-16 09:11:47,2017-05-22,58555cbe3c032ac18d08e3c3480ba582,2017-05-12
dbea19894046e3141b3de68811a7c958,63b26070f0bbae150fbdf658b6a8a089,delivered,2018-04-15 12:14:23,2018-04-17 07:55:12,2018-04-18 22:37:39,2018-05-17 18:22:57,2018-05-29,9379f6403d2e2da30aef74905171b1f4,2018-04-15
439edb60e53e317f8ca366718a648400,4879ae50504f6547848e1eba1a89f830,delivered,2017-07-09 18:21:56,2017-07-10 14:35:13,2017-07-14 19:12:33,2017-07-26 10:19:43,2017-08-01,b83dada0a866937609e2cee815ead9f5,2017-07-09
065c76c0f11720ac66d53d0903f762b6,3dfcd3a85f0c320f16fec5214957d9bc,delivered,2018-03-27 11:09:52,2018-03-27 11:27:44,2018-03-28 16:03:38,2018-04-03 01:54:28,2018-04-23,1a5ef844f7fdb7d5031cc2de5b588598,2018-03-27
cb6e8d89049744886ad04520d5e0b2f6,62a2c35611e8757e40fbbcecb3c9b2bd,delivered,2017-05-24 16:09:14,2017-05-24 16:22:42,2017-05-25 13:15:25,2017-06-09 04:55:26,2017-06-26,ff8892f7c26aa0446da53d01b18df463,2017-05-24
6bfc71c2f11f45fc225b1e1476d0b6cd,b42cd76ddf2e92d35d9814fa55cc8dee,delivered,2017-03-14 23:07:45,2017-03-14 23:07:45,2017-03-20 08:48:52,2017-03-27 15:26:47,2017-04-04,1c9a0c8553006dec9af55f89b9ebd936,2017-03-14
6b11abc0295e397afb43aecade82621a,1d432d596d225cc4fb606b6502c123ac,delivered,2018-05-07 17:34:11,2018-05-09 04:15:14,2018-05-11 15:37:00,2018-05-17 18:25:38,2018-05-23,88da21ad308ca9bff370909f980da689,2018-05-07
fd188acaf0be6dba0ce1ec1ca5005ceb,756e1eb5969f08ae7f463ea02e8b5587,delivered,2018-06-22 21:34:43,2018-06-22 21:58:40,2018-06-25 14:17:00,2018-07-03 06:36:53,2018-07-20,408f8fa1bcd2f7f9c759d891c622f58d,2018-06-22
4de6d713d9ceeaea4bc2e26389fd8c66,4f529a08d31f2554f2f641ef69190deb,delivered,2017-12-30 13:41:06,2017-12-30 13:50:21,2018-01-02 20:44:37,2018-01-09 17:51:50,2018-01-26,0be969322676914201d2ad38bf42f0ce,2017-12-30
50016ee0bec18cb823bd67b9c438267f,fc0570252f406543994dea3f61ffefc7,delivered,2018-08-08 13:47:02,2018-08-08 14:04:58,2018-08-09 15:08:00,2018-08-10 19:06:44,2018-08-13,75ecead8782ef6730e1f7e51f7052f75,2018-08-08
57e33a9ea02141930bcf5e4e0fdb7b4c,7203f09913f70084f17236774370f071,delivered,2017-04-08 21:50:00,2017-04-08 22:02:27,2017-04-10 12:42:02,2017-04-12 16:47:43,2017-05-02,2cb24ebe00a4b989ceadfbccaf00632e,2017-04-08
e571dfc21abcbe1ae8795d4a8a6b057a,c64aa85df0994669e681545091d74b64,delivered,2017-05-18 09:53:17,2017-05-18 10:05:16,2017-05-23 12:36:44,2017-05-29 16:04:05,2017-06-22,9965b95d68fa869be279b8b2b6f8cf20,2017-05-18
82a914d5f7af95901a18ef83b388bd4f,769b843dc53cb1516dac72eb76678482,delivered,2017-06-12 13:20:22,2017-06-12 13:30:26,2017-06-19 16:23:06,2017-07-03 13:56:24,2017-07-14,be6f64d2ff91d0dbd600437c6469735b,2017-06-12
415b2e06cc983409682f271b0e908117,369ccab6e4d6df1c10a32d98cce08d61,delivered,2017-12-11 22:35:29,2017-12-11 23:36:00,2017-12-12 17:19:07,2017-12-27 00:09:05,2018-01-10,d9e1b1a2be1099683792849d51b2edc6,2017-12-11
d1f789756b59a9fb40b3becadeac90e4,fe9aa4a491ad6ee6219838c567fa3221,delivered,2017-11-17 13:02:11,2017-11-18 07:15:24,2017-11-22 14:22:05,2018-02-23 00:16:50,2017-12-12,56af6d7020c250daa4c48c21be65574c,2017-11-17
3f3af836b5f857d4276ee94f3ca90694,f19e46a9c8122da7106415dcf7cac505,delivered,2018-01-22 09:34:51,2018-01-23 03:52:49,2018-01-26 16:49:14,2018-02-17 17:23:09,2018-02-06,bad3c36359c0f5e4bdc6fe6a6486e7c9,2018-01-22
6611608e934a8edf2e2b60c424a3768a,5218875179c3ec602d5a78906fa23fd4,delivered,2017-11-26 18:07:53,2017-11-26 18:16:26,2017-11-29 22:24:43,2017-11-30 19:14:48,2017-12-11,4e434e037438754a6471439b97a1a228,2017-11-26
fd74ee83ca49ea03ce7b1e8d8aceba3f,140840d08a638fb3c2427dd91d929fe2,delivered,2017-06-08 20:31:14,2017-06-08 20:45:19,2017-06-09 14:16:00,2017-06-13 11:39:49,2017-06-22,1de85d557ce67dac394c9cfa0d203509,2017-06-08
a00f95f6a4d527c82baeb2593ec4b5b8,36f03f3db6a48c6deab6c46066c7ba1f,delivered,2017-10-12 18:24:44,2017-10-14 18:33:55,2017-10-17 18:47:42,2017-10-27 12:45:01,2017-11-06,70e1b857bde3ceda8fb541b88ecdeab8,2017-10-12
2996e4479715a9de3500ce7837eefde4,f0e1d545436cc1cdebe8ddda010d8f01,delivered,2018-02-03 20:50:09,2018-02-03 21:10:38,2018-02-07 20:54:20,2018-02-27 13:05:40,2018-03-28,4461f7a5347f5a50b31b78c638adf9fb,2018-02-03
9501815b70e6b43cffb8d668ad5010ee,4ab88f3f6708cda9d5062cca8836b3b3,delivered,2017-07-17 19:56:26,2017-07-19 03:45:38,2017-07-19 22:06:31,2017-07-26 18:19:28,2017-08-04,adcfd266f989fb8a421817bfc71910a2,2017-07-17
759a74a7a49e86fff1f0f615c2bea8a1,85dc702fd88ac534aa11356c9705d1e5,delivered,2018-02-02 15:03:04,2018-02-02 15:27:27,2018-02-03 00:42:11,2018-02-20 00:42:01,2018-03-01,fe220ee07525dc1f9c8ea2b62d8cbb69,2018-02-02
cf4f9b14dc732f5f824b66bc35c3cf69,6996bc5c3cc14dc5f5d3551c72e90b97,delivered,2017-07-18 15:41:20,2017-07-18 15:50:09,2017-07-19 17:39:50,2017-07-24 19:37:30,2017-08-09,bad10d3bc6cc31c18c7609b0ebe6e8e0,2017-07-18
e9ad1ed9661164dc90b941c5389f67bd,a4b265207c9977d4511f65064b300962,delivered,2018-01-09 09:40:10,2018-01-09 09:50:30,2018-01-11 14:07:41,2018-01-25 20:58:46,2018-02-06,b7d5e2a2086b55a6f106202b164484a9,2018-01-09
194ebcd816ac70981d451d2fe1eb9347,23631a1a0e3f6c1b41be9047d1385db1,delivered,2018-06-11 11:57:29,2018-06-11 12:23:05,2018-06-11 15:11:00,2018-06-14 22:16:36,2018-07-05,d3e5718b80592d9b90d8ef31be9b1757,2018-06-11
4101c71eceaf57b205d3c95ccec564d0,6032717b443f24743fe573c1f7162594,delivered,2017-11-14 11:21:43,2017-11-14 11:35:42,2017-11-17 17:22:02,2017-11-23 18:28:35,2017-12-04,7fd0bbb9eafe4a8f5e71098def05630f,2017-11-14
41b3c9e5e85309a0ddf6fdf03c906b26,a165bbcd18583f186f22de35b73dc934,delivered,2018-06-19 21:23:48,2018-06-20 08:38:30,2018-06-21 14:18:00,2018-06-22 21:11:35,2018-06-29,41bd58e15aabe5a924b7fd41b864eb64,2018-06-19
2b4d04cfb81d2dbb1ab48f9e2a7ac6b9,08a0a61f98f22952682f7e463ef2d43e,delivered,2018-03-16 09:18:35,2018-03-17 02:40:31,2018-03-19 23:58:53,2018-03-23 21:54:48,2018-04-04,478098554da8910383d47ec3788a9905,2018-03-16
a33709a7ca5c9d407f00018a7ea3a533,74995386e99bd410ea7472ee048f7432,delivered,2018-01-16 12:38:47,2018-01-18 02:12:08,2018-01-18 16:37:39,2018-01-26 23:22:59,2018-02-09,248ff30aa493195570d2095f6138871a,2018-01-16
8c87396ac0bed9eb7bd138eeef8945c5,43a4843581b02e18a6ffa2745b900249,delivered,2017-05-28 11:16:32,2017-05-28 11:30:15,2017-05-29 09:45:37,2017-06-02 13:52:10,2017-06-21,ec9e900701d77c016edd8c864f03fce0,2017-05-28
2ae11694cd0d5c71e6f09d266d7407cf,47a66daa8a760e22ef564084cbfbfd1b,delivered,2018-02-28 17:12:07,2018-02-28 17:30:38,2018-03-01 19:35:43,2018-03-14 15:51:44,2018-03-29,85b2ce1609ca4324a54d9ac38d29c414,2018-02-28
118d73676619f09bd5da8c9cf463f384,3cc7b823d18f8bdca5d453014573202d,delivered,2018-05-03 10:10:55,2018-05-03 10:56:56,2018-05-03 11:01:00,2018-05-21 16:36:40,2018-05-25,06b0421991a8b33ebcd370945f3494c0,2018-05-03
08c9aa0c0fc860ffc3ae1fbd1da5bea5,707505827f1845cab9776c719afd1362,delivered,2018-05-08 17:45:49,2018-05-08 18:14:19,2018-05-09 14:30:00,2018-05-14 16:54:55,2018-06-12,0205ecc1296100f97f4ae03e22643b8e,2018-05-08
f8f28698e5ebccf86845a38726e56ada,ea643b850ffb1c9e12b2159c354d12d1,delivered,2018-05-18 11:05:44,2018-05-18 13:06:35,2018-05-21 15:30:00,2018-05-24 14:58:50,2018-06-05,7f75b412920219c31d752d4f00aa4a1d,2018-05-18
afbe0c76e58378669c3924e11182b02c,645afc7ee52104e787757012bc532832,delivered,2017-12-05 22:17:41,2017-12-07 22:16:34,2017-12-13 16:43:10,2017-12-19 23:48:48,2017-12-28,320e13a9e22b4e4cda8c17ed1c140ce0,2017-12-05
93efaadf3bc94491cc008b6b4dd13b37,75f8500dddabe2f8ece6b93cfd75c4b0,delivered,2017-09-04 18:58:14,2017-09-04 19:10:13,2017-09-06 21:59:58,2017-09-15 12:19:57,2017-09-28,40b6c3ee38eb6409178eacffd8b99021,2017-09-04
850345daa354cff7702dd1d0a4168b46,63884515e00affcdf00095eab24870c0,delivered,2017-09-27 22:41:44,2017-09-27 22:56:09,2017-10-03 19:22:13,2017-10-09 23:03:47,2017-10-26,d6b16a36630d522cbcfab1f190b5467f,2017-09-27
f2aeebf60d62dddb72ca85ef35e2d6b4,6c191073653ec290df17ea5a93878808,delivered,2018-02-19 11:58:17,2018-02-19 12:07:20,2018-02-20 18:48:08,2018-02-21 20:39:17,2018-03-05,659474027a88affa8b844e81aca7342e,2018-02-19
9fa3a005f89a187501fa1bd63d6125fb,85485f38b20ed1e287120d30cf39ee7d,delivered,2017-10-08 23:51:49,2017-10-09 00:17:50,2017-10-10 20:52:05,2017-10-16 21:59:33,2017-11-08,f979a07fc18b2af3780a796ba14b96f4,2017-10-08
56ff9e115d7f55d4deeef28455d2d119,50c6ca8571f5c06f4e68f6ec3288f1a2,delivered,2017-06-02 00:10:20,2017-06-02 01:02:35,2017-06-02 15:13:15,2017-06-10 10:42:15,2017-06-29,82fb46292a999e7db9e2391c407f76e4,2017-06-02
13df04a948b9837c1b115c5363a97a3e,0a83963fe3f4833080dc7847b30cee76,delivered,2018-08-06 18:36:56,2018-08-08 03:05:29,2018-08-08 15:01:00,2018-08-16 20:35:30,2018-08-23,f2c2365cab7dc57ab8c90f9c3bee015a,2018-08-06
62b66f90376b7b00fb2586ad81320f82,689412c892b973d0ff49f5f9b14c3aa8,delivered,2018-08-13 15:01:03,2018-08-15 03:24:02,2018-08-15 12:53:00,2018-08-21 23:19:33,2018-08-23,db2a5aec9095e07353f0a480a620a083,2018-08-13
4af2fb154881f350d8696f7f7a7f80d3,7c71fa0871e272a25eeccac52af90595,delivered,2018-07-23 10:22:26,2018-07-23 13:20:19,2018-07-25 11:51:00,2018-09-20 16:08:33,2018-08-13,b5477baf478d1ba4aeb6f0fe116e836d,2018-07-23
24c5d6cc9734ba1c383389ced0ea2ca7,28e1c04a30cfe195befd08e9e399180c,delivered,2017-09-22 14:02:45,2017-09-22 14:45:06,2017-09-26 18:57:47,2017-10-01 14:57:20,2017-10-20,8726a8ada21d809015a5ca7d0eebf44b,2017-09-22
2f7b0d36ffcaf0277583329ded34c97d,891c884c518780ccdbf2d18cb8adb362,delivered,2017-03-09 11:44:39,2017-03-09 11:44:39,2017-03-10 10:05:56,2017-03-13 08:43:40,2017-04-27,4222f488432f87a3cf7a836582378acc,2017-03-09
830e4884081b78d304b38eebe75f4732,d1a137a7cf84be581ba025c1a42f0fe5,delivered,2017-10-13 08:33:46,2017-10-13 08:49:42,2017-10-13 20:36:56,2017-10-24 15:20:07,2017-10-31,80f1dc61e6737016a7b9214c6cc412f7,2017-10-13
7fb538147fab748faf726e6706589b74,3a214c7413071d2247bbdcc535d5bd10,delivered,2018-08-16 14:26:06,2018-08-16 15:24:46,2018-08-16 14:19:00,2018-08-21 19:14:28,2018-09-03,027dff2201a97b9920d2dd5240f51a02,2018-08-16
e1a86e22da680449cba8e136ffa97f8a,fddbbeff104817044cfe82a0c122f473,delivered,2017-11-30 20:07:02,2017-12-01 09:30:58,2017-12-05 15:58:42,2017-12-11 18:36:59,2017-12-28,24a97b56158eb5f55b2840923c8c90d9,2017-11-30
5f9c456bbb57754ed7f95c12c8f759f5,d2f2ab0eca82f59cdbbdbcbc3c194b01,delivered,2018-01-19 09:08:27,2018-01-19 09:19:23,2018-01-22 14:42:21,2018-02-01 02:27:48,2018-02-16,1f8df0992e6a3201b946e9305478887c,2018-01-19
b19cbdc71dc9913fc6eda58071709aae,8f203ddc3edd825c2615de33ff9c11a3,delivered,2017-08-21 23:07:14,2017-08-21 23:25:30,2017-08-22 18:04:39,2017-08-24 21:30:11,2017-09-04,f9cf2a1cb2ea5a6ad89011733b2725aa,2017-08-21
aafc22fae6cdfbcaba01670f0e4cb3d6,351240651e01921b3ee7b4ec30dc2f77,delivered,2018-04-04 19:24:41,2018-04-04 19:35:21,2018-04-05 18:09:00,2018-04-16 15:58:38,2018-04-24,afa76a17c35426eaee8987261d79a13e,2018-04-04
c003c1face3c31cba0af4ab5314f3332,3338d6f3767b6853a4ec283edc2a7b21,delivered,2017-08-07 10:50:46,2017-08-07 11:05:09,2017-08-18 16:20:09,2017-08-21 21:16:43,2017-08-25,22af775ffe3d627a6cac9fadfd6ec9a0,2017-08-07
a5f8be1ccc8cce1123e2201f43d98fbf,a40f8b46938a854129c47067fdd43c19,delivered,2017-07-06 20:54:56,2017-07-06 21:10:16,2017-07-10 14:25:25,2017-07-17 23:36:58,2017-07-28,e2dd4a4347a9ae213823c109ecd075b6,2017-07-06
c3453c071c1493aba13725136681500c,b09c81ab868cd4697d3a8b3440ca8f58,delivered,2017-11-23 19:25:20,2017-11-23 19:32:39,2017-11-24 23:32:13,2017-11-30 16:41:18,2017-12-15,f134af57f6907fc43fc08417e0f056ff,2017-11-23
06d1315b8f0db57ee04b47b21db6626c,b6a69993d6889b36b68f7855f73d34cc,delivered,2018-07-15 18:16:31,2018-07-15 18:25:17,2018-07-24 14:13:00,2018-07-27 18:58:38,2018-08-07,e9eb349dc21fe3d8de0e58e902ca3ec2,2018-07-15
5af3995b6e2291d7ce8086db20960dd8,91571092575ba11141c0df1e1bcb4c3b,delivered,2018-01-29 21:55:21,2018-01-29 22:13:24,2018-01-30 21:57:04,2018-02-06 18:04:13,2018-02-20,5ac4e37b3dbd8175a5f76dac1c2e2292,2018-01-29
16fe5fdb7f5aa0c9e841387dfec29821,4fc51fa588914fea8f3fa681f148db44,processing,2017-01-25 10:11:38,2017-01-25 10:25:14,,,2017-03-06,9fd7e4635ba52782e24a3faad8753eef,2017-01-25
ba5d446046c4678d335a1e3933460193,1b67338cfe3266cc110de1e402aa6220,delivered,2017-11-15 22:16:39,2017-11-15 22:30:42,2017-11-20 18:44:35,2017-11-27 20:54:45,2017-12-19,a54a90d820f666210d1d94885f815994,2017-11-15
bf806b8caac4194e3f3b600656456384,82c9ee00043a08853ffa97cf3cc9b289,delivered,2018-07-22 13:03:37,2018-07-23 11:31:25,2018-07-23 13:49:00,2018-08-08 03:14:46,2018-08-14,a886c71d8148ca0e5991123be2079145,2018-07-22
c24779f7bd7454db6631b1320d0bac1f,4287c1f1d8f1e9d829096f515a9c15fd,delivered,2018-07-28 18:30:07,2018-07-28 18:45:17,2018-07-30 08:50:00,2018-08-09 22:40:40,2018-08-22,6c4c54e2a78d1cc194ef87015c7a64fe,2018-07-28
87bad43228f375c518a80fd2cdec8e17,a19e0b7634223041fd1652ce4e1548da,delivered,2018-08-05 08:53:21,2018-08-07 04:10:21,2018-08-07 23:37:00,2018-08-08 18:36:47,2018-08-13,271868bfc8c00119ae123bf13704679c,2018-08-05
4dae17135a98e9bd142551fd799f7b0f,c379dcad6de362207632704dae7fac9f,delivered,2018-03-11 15:56:29,2018-03-11 16:08:09,2018-03-12 17:28:26,2018-03-14 19:27:36,2018-03-28,4c304f241700b3a7acf153c4091a11dc,2018-03-11
1800e46c3912d9882187335b9768b6a9,90767a989903375662902ae9b122cd6a,delivered,2018-08-01 07:35:20,2018-08-02 05:15:17,2018-08-10 18:57:00,2018-08-13 23:58:35,2018-08-13,db24497b91101bbd692b9a0f3a6d22fd,2018-08-01
18709eaac22345a27e1027cd4900b554,50b34e62e29fac12bf47dda803eb8f31,delivered,2018-08-09 16:49:26,2018-08-10 07:25:11,2018-08-20 12:28:00,2018-08-29 21:25:24,2018-08-20,c9faadd1915c56ef48d8203bae45eb83,2018-08-09
c8780b46119fa8bb9fec37804082187a,4103d409a0607d9b3dd484e75b22c640,delivered,2017-03-20 18:15:20,2017-03-20 18:15:20,2017-03-22 09:23:41,2017-03-27 12:40:00,2017-04-06,166c446cf182625bc0b977717d437979,2017-03-20
61e65f86ab3c3c64379719d4353f13fb,d28e270664958a8f4b2bf7fe8129eb1d,delivered,2017-10-06 15:58:57,2017-10-09 07:14:12,2017-10-10 15:12:30,2017-10-27 18:14:54,2017-11-10,07c33c121e3d2aa03ba8c11d4efe6704,2017-10-06
bef9cff3ec08d6794e5ce64e6ca81c96,f3a720a06d4ff226fbd1edab7b802483,delivered,2018-04-24 18:07:32,2018-04-24 19:30:15,2018-04-25 13:16:00,2018-05-04 17:53:52,2018-05-11,9bc28af44ddf867c1546bab2569f3323,2018-04-24
a1082c701ce0f4976085760dfe7fa605,a676968396ccfe1318e256c946c7b38f,delivered,2018-02-28 16:31:46,2018-02-28 16:51:22,2018-03-01 18:42:46,2018-03-02 19:37:37,2018-03-13,6747f33f8d299d4c360c6ead53bc3e71,2018-02-28
123b5d3bf7618638f3e078a76ae46049,af44210cb48d7a1f9fefdb6e59abe017,delivered,2018-06-07 15:38:17,2018-06-07 16:00:12,2018-06-08 13:20:00,2018-06-15 13:17:35,2018-07-03,4b099e5dea3824468b3c30a4954844d5,2018-06-07
51ac545e2425e1bf7496c4494bfadcfa,5f49586b0da4681d6ea0297082b395ea,delivered,2018-07-18 20:20:19,2018-07-18 20:30:19,2018-07-23 09:59:00,2018-07-27 13:38:58,2018-08-06,f2dbc18ad33337379186d0605ba0a0b2,2018-07-18
e269b2472c0546324acf4d09dd7acfab,27780d964b286faa7931ef6bccb5f123,delivered,2017-11-24 19:52:48,2017-11-24 22:59:39,2017-11-27 21:02:31,2017-12-21 15:55:27,2017-12-19,486839abb2c53eff73798c7146f86a87,2017-11-24
ae841d749776fd77ff75a5a725cf4dda,3c705f49ad338b545fc9c9f5e0d57f33,delivered,2017-08-31 15:13:44,2017-08-31 15:25:09,2017-09-01 21:17:45,2017-09-08 15:33:52,2017-09-19,6528793a2047ba411c10fe4d9b66b504,2017-08-31
8be7e186574461ab90c1674973c58b12,0e5743518f681d5c6341221552bfd07f,delivered,2017-03-02 17:35:21,2017-03-02 17:45:17,2017-03-03 08:50:27,2017-03-08 14:14:29,2017-03-21,d3e9dd73153b4e3f9ff3b65502f1f962,2017-03-02
6ad06dae8c55ae30d1fcfa46008fba6e,b09afa5147b68db7b31ca6feb6d96b96,delivered,2017-08-31 14:01:38,2017-09-01 04:35:35,2017-09-05 21:42:42,2017-09-14 18:57:00,2017-10-16,c2df6be32d4ed717027c4aef203f6a2c,2017-08-31
ab7342290dcd818479042d1def7583fa,c82538d5fbcae9bd56b9ff35b1f4750c,delivered,2017-10-06 20:10:59,2017-10-06 20:28:12,2017-10-11 17:35:27,2017-10-18 18:12:46,2017-11-01,9a50ede99feade17044b90d6cf96627a,2017-10-06
55c2859a526d3cbf1df65ee601139c3a,0381ec58ea2fa26fb596e5d1af0e270d,delivered,2018-06-24 17:00:04,2018-06-26 04:58:54,2018-06-26 15:10:00,2018-06-27 20:38:27,2018-07-05,168572ecfee20cf6f055775f96a119a5,2018-06-24
a44945cc37c23d95b5415ad68e8beaf1,f8145d9ea34724ad4d7cdc77231e689e,delivered,2018-03-03 13:00:13,2018-03-04 07:09:03,2018-03-06 22:42:20,2018-04-04 17:04:19,2018-03-23,7b25cfb0962b1fa7f66af937d45ec133,2018-03-03
691123bd7667e28df807da5274073e1f,a02c2320d8817ed7627ed4135a5cb33c,delivered,2017-12-15 13:55:36,2017-12-19 09:50:57,2017-12-20 21:57:08,2018-01-10 21:08:53,2018-01-22,93365b38e56abac3d02bae772a2c6f58,2017-12-15
08b4c8a8808af1f771bd9602e193f9b6,d0e8197510c87f449b4fd4291ac5f87b,delivered,2018-01-10 14:04:29,2018-01-10 14:12:23,2018-01-17 00:03:03,2018-01-24 12:43:10,2018-02-05,b86e8693471a3733aef5cc2ef46bae39,2018-01-10
ef5c29cd9f6ba37c0363b4d739709b70,6c27b9ff4f12e3bc317fda098ac66a27,processing,2017-07-29 18:56:11,2017-07-29 19:10:22,,,2017-08-25,2ae854174035fd40597bb1117d8f6a79,2017-07-29
a7bb712415c546b9e2576faddd6ac5b1,6dbdbfdd71adf32f87ec9667c1bd4753,delivered,2017-10-26 22:22:54,2017-10-26 22:35:15,2017-10-31 16:23:49,2017-11-08 22:53:51,2017-11-22,10df10fefd52ed7458c5fec71398162b,2017-10-26
e0bd62e007e5e88656338ab10a5c0f42,201f5c1542b2caa65a5ce8f950d2508f,delivered,2017-09-18 22:31:08,2017-09-18 22:44:12,2017-09-19 20:48:37,2017-09-21 16:19:25,2017-10-02,dbe76becf1535ad95021575aa01b77b5,2017-09-18
5ad5a009431bd3f53d623de6ca712cb4,77bce260449122691b84b3e00e6a3b2e,delivered,2017-04-22 15:19:21,2017-04-22 15:31:47,2017-04-25 19:54:49,2017-05-08 09:59:57,2017-05-11,f0f12ce1f15522666777aa182ae848cd,2017-04-22
8fc1991bfbb78b4d939d11ffef79c398,d63ebc611617ecd6acb37f274224062d,delivered,2017-10-26 22:41:09,2017-10-26 22:55:10,2017-10-31 16:37:36,2017-11-07 22:04:51,2017-11-22,51a030b5a150ea7b324b67773cbab8b8,2017-10-26
eeb88a7ba20489b8f9ccb934f50d13d2,52cca23ee11631112799571f10c134d0,delivered,2018-05-06 18:21:45,2018-05-07 09:32:36,2018-05-08 13:31:00,2018-05-16 19:16:47,2018-06-05,d5b0b41b463cc37fee0a750a76243750,2018-05-06
8f4855298c9242f63d934ee48d41253f,2a62f1b9ad1f18bf82474709ddb7dee6,delivered,2018-03-19 14:51:25,2018-03-21 02:51:11,2018-03-21 19:29:28,2018-04-13 20:19:06,2018-04-20,6515964f6d891ee5358be2d386880f9e,2018-03-19
127ddd8ed5c8c31ad7d8f4c54d58997c,719cd530d73df5670fb06d8413aa05d1,delivered,2017-10-15 11:29:31,2017-10-15 11:49:19,2017-10-16 19:33:36,2017-10-19 16:07:52,2017-10-26,2cc425c8788cde33ecd808d63e681030,2017-10-15
cfa958d86da20feefa27e64a6b6407df,24bf43e2cae828813f9abb15f060174e,delivered,2017-10-24 15:38:18,2017-10-24 15:49:28,2017-10-27 13:30:08,2017-11-17 16:08:42,2017-11-17,fc3af5e725e2c1652704040d24c93b92,2017-10-24
8092da256aefda13b330290d2ca86521,090c54303fddc5393a9386f0ce454d62,delivered,2018-08-26 17:23:02,2018-08-26 17:35:12,2018-08-27 14:19:00,2018-08-29 13:22:51,2018-09-05,87e23f836bf7853cf7056d6b33ce09f4,2018-08-26
f61eeda8256c36df8e063f003a07c464,4061956f6ce1be2643a7cb2d33c69099,delivered,2017-07-28 15:07:29,2017-07-29 02:25:25,2017-07-29 14:05:33,2017-08-04 17:52:24,2017-08-17,02fcf5647b58c499084265949431fb7c,2017-07-28
caeae132e3ebfb4af85f98f054c37ef6,9333ef63edca89e95e7c016f1c70633c,delivered,2018-08-07 01:54:50,2018-08-08 03:10:31,2018-08-10 12:30:00,2018-08-11 15:50:51,2018-08-10,69ce43a0395347971e5e602adf779604,2018-08-07
b4860a5b1e68976794cbe548c4ecf0a7,dab10f9270450da7df9d3bc18f8ed570,delivered,2017-07-13 18:42:22,2017-07-15 03:33:28,2017-07-18 19:03:23,2017-07-21 22:32:24,2017-08-09,7d5ce4cdfde029c9c7f0e88429c9e4fb,2017-07-13
f2c78ae8a51c7fdd3c3f786f6dc49a6c,1fc9900fcdc29bc77cbb2125c60e2209,delivered,2018-04-12 15:14:06,2018-04-13 02:11:08,2018-04-13 19:22:50,2018-04-19 16:52:54,2018-05-14,3b49bc7a7e31591ca95280e964feeba4,2018-04-12
d49ec3a899ae434874c54169dccd34a1,cecc0974d8c7a821cfe61bb6b54e6089,delivered,2018-01-24 11:22:57,2018-01-24 15:16:11,2018-01-26 20:15:56,2018-02-17 13:37:42,2018-02-19,be6834b40c882254b37e4d5b281f3c5a,2018-01-24
cdd6677f7c680eaddf4183ec4780e65d,6485601afefb5eef82349ac6e6faea66,delivered,2018-04-03 15:07:20,2018-04-03 17:10:22,2018-04-04 22:16:35,2018-04-19 12:52:41,2018-04-30,130c4e26dfc50b7ebf3153c56698f5ef,2018-04-03
2ed33375a2cee6fc56528d1753af71de,7894c81ead8ddaa0d78631085bb3ec69,delivered,2018-06-19 05:18:25,2018-06-19 06:06:20,2018-06-20 12:52:00,2018-07-05 17:44:36,2018-08-01,f18e0cfc0fe9c9fb33ca1d4f1f9c17ba,2018-06-19
9e104f0ff212612755b68a316b86ffd8,fe02f24a98d55a2d3ff3a1f65aa3127e,delivered,2018-08-16 07:18:15,2018-08-16 07:35:08,2018-08-17 14:49:00,2018-08-22 22:11:24,2018-09-06,98a2c52988a695f74da3bd761ab640ec,2018-08-16
5136d629a7e0039e85661a0d44199e64,06e04e684950fab866cb84b970f228f7,delivered,2017-08-18 10:35:59,2017-08-18 10:50:19,2017-08-18 20:48:52,2017-08-21 21:56:05,2017-09-01,f188caf78ade184eae7750021a20b263,2017-08-18
afe00f151e2a9c5924b2edb95736c11c,0d554604c3b40dee69eca5c62176f905,delivered,2018-05-09 20:49:26,2018-05-10 03:49:47,2018-05-14 06:35:00,2018-05-18 20:32:32,2018-06-07,9271b12d584732342f9ab94f9f08dddb,2018-05-09
68f990d7575ee4ce6070c8816664910c,5e4fd80186282f6f16f454b24fed62e6,delivered,2017-05-24 14:37:44,2017-05-24 14:45:15,2017-05-26 10:03:31,2017-06-08 06:54:57,2017-06-16,4fac9e564883f176aebcfd954eead6d4,2017-05-24
fb22db4615517f44f8312846412a25bf,42d6ac9cd797fddcb767bbd9fa286d5b,delivered,2018-03-06 00:15:07,2018-03-06 00:29:02,2018-03-12 23:56:19,2018-04-03 13:16:37,2018-03-27,7f1c95d3218de30f64810a9cee62b2a5,2018-03-06
02c84deb7aa1f2e74090d56a0ec84120,34c059ffa44982e5208d2ced3c986b51,delivered,2018-03-01 22:46:34,2018-03-01 23:09:46,2018-03-02 19:56:54,2018-04-03 00:58:52,2018-03-23,404843ede841e1ba79254d10fc2c6755,2018-03-01
4e3fed54789d074f84843177f4c6604e,02b48dad02306b5e9cb7b6b73fb71a76,delivered,2017-08-30 13:08:51,2017-08-30 13:25:10,2017-08-31 18:35:28,2017-09-01 20:23:56,2017-09-12,7bd3327b4fe3369809162bb9cffed9e6,2017-08-30
56f1dce758e68c71032960e398462d6f,475fca6e147c656cf97e55f7fc807681,delivered,2018-01-28 21:14:26,2018-01-28 21:32:15,2018-02-01 18:16:30,2018-02-14 20:13:51,2018-03-01,c59b1d2c510f480565966822a6a45004,2018-01-28
41d0cc817d720d7f3860716b335a3cb7,0c045d9e471667c05202939897cde7bc,delivered,2018-08-05 00:46:46,2018-08-05 01:04:35,2018-08-06 14:49:00,2018-08-07 18:47:05,2018-08-14,3c068da825c04776514f05089b83ef6b,2018-08-05
7f85fa1f7de6eeb7a5cce13ea6863126,0055e9b290953716739bd94a256a4144,delivered,2017-07-09 15:53:59,2017-07-09 16:05:15,2017-07-12 23:45:55,2017-08-02 14:43:01,2017-08-09,8f6564e0a606d34b05edf1206e3b8bd7,2017-07-09
c5419fa3198a4e2caeb715ce9fe9a6e2,d730db8b32b8f68be3ee938849d332dc,delivered,2017-03-13 12:58:57,2017-03-13 12:58:57,2017-03-14 10:59:09,2017-03-21 13:14:16,2017-04-03,a75a727ecfe8c0296c2c816633e64fc2,2017-03-13
298ac355d24f2f302767f584d6364be9,c5483f1b885da26c62ce8d93412fe607,delivered,2018-02-18 09:34:47,2018-02-18 11:00:19,2018-02-19 22:44:40,2018-03-09 23:54:41,2018-03-16,65199d9c974b376a83f34a088d5a1724,2018-02-18
05d657dbf5a4b2e7a685903cc8bb03f0,809c3dc9eabbbe4e6b03198d239b6e2d,delivered,2018-01-30 09:37:46,2018-02-04 23:31:34,2018-02-02 09:15:37,2018-02-08 19:56:46,2018-02-21,20e05dc7a752ad395ebf5266c1a924a1,2018-01-30
8d05d8ba382e90daf779cd2d2f47de6d,57aef4c0be34e642a233cb7c65230359,delivered,2018-04-16 08:28:14,2018-04-16 08:51:19,2018-04-19 11:03:29,2018-04-20 19:58:49,2018-05-02,6321ed56fae3726206601722a503467a,2018-04-16
c95faff6a7398b926ba8b0f23c9b2ea9,f211ba5f70f8e5d0fe910011079b1361,delivered,2017-02-02 01:00:37,2017-02-02 01:10:16,2017-02-02 11:59:25,2017-02-13 13:21:40,2017-03-17,ec37bf92ac4e0e1cb48c815bba96cef5,2017-02-02
7ae0a608cf19552369e575b5ead0c08e,64d001ccae85a692f946717f8b7a725a,delivered,2018-06-27 10:15:28,2018-06-28 10:11:08,2018-07-03 12:55:00,2018-07-10 19:09:25,2018-07-20,2e96ab329a526257833195170995608e,2018-06-27
357773e5b110f8f600e99720f07ac480,e9962ffd9f9c6c9f801ecb83234d070d,delivered,2017-05-25 10:58:17,2017-05-25 11:10:21,2017-05-30 14:50:08,2017-05-31 10:05:51,2017-06-16,f2aebf52e9bb0654f3c31b371a77802a,2017-05-25
ff768f0d1c8049b457b59a74104cd1c5,c46b6e585c8b058f60241fc917855210,delivered,2017-08-17 18:39:41,2017-08-17 19:45:10,2017-08-18 16:27:26,2017-08-23 19:52:14,2017-09-06,abeed2ed3c2a7389b4c74e37d8a8454b,2017-08-17
ff2a353ee8dfd97ba95c73cca4ed2636,1de2c9cd88fa2491be39710a830eedc4,delivered,2018-01-23 23:20:35,2018-01-23 23:34:03,2018-01-24 17:15:40,2018-02-01 02:07:13,2018-02-15,252a5a7461ae95e4af38d293cbc4080e,2018-01-23
6687e41328c2c088bbef1bf4967d14db,d3208c1be815d769d22cb30ce5c334c0,delivered,2018-05-03 20:52:38,2018-05-03 21:11:24,2018-05-07 15:05:00,2018-05-15 21:32:45,2018-05-30,43e428f69b7e387495a579c745e845b1,2018-05-03
8c5e882bb85543c0975f68712ea66b5f,e9fade7e1c719ddde440027916f6e5e0,delivered,2018-07-13 08:48:58,2018-07-13 09:05:11,2018-07-17 13:46:00,2018-07-23 10:12:46,2018-08-06,5f3b21fe11f5c3c819c4969a5758177f,2018-07-13
00789ce015e7e5791c7914f32bb4fad4,342c4258969c528c3469db9acaf6b0ad,delivered,2017-06-28 23:31:33,2017-06-28 23:43:34,2017-06-29 11:47:41,2017-07-17 18:35:36,2017-07-20,2605c5e0b518e57802205cfb05246774,2017-06-28
5a8256cfe8a9620b957209bf3b74b253,b2031e2f6a70e343bbe4cb6a8aed9680,delivered,2017-12-07 08:32:16,2017-12-07 08:51:04,2017-12-11 14:53:38,2017-12-15 22:33:18,2018-01-12,7a34314f2049a03920798f83027f3f71,2017-12-07
315ee1669de8cbcaca403bb9c0f2e228,6d84c78837539026e77a20b3105ec4d2,delivered,2018-06-08 20:20:36,2018-06-08 20:34:33,2018-06-11 14:16:00,2018-06-20 14:56:09,2018-07-11,fe7d9f762e10ad2a548a6484f8b5c3ac,2018-06-08
9df4de8d3f1b15175f64dcfce276ee9b,ca9478e9327dff66bcc1d47da7d287ed,delivered,2017-03-14 15:16:42,2017-03-14 15:16:42,2017-03-16 05:17:52,2017-03-21 14:54:03,2017-04-12,d11e322b186d0d495232edf451e8ba19,2017-03-14
dda6159b6aed44fa0e12c2e7ebc710d3,6d78ed30c05532b1c9dc1c2a45cf55e4,delivered,2017-09-29 20:03:15,2017-09-29 20:14:18,2017-10-02 20:35:01,2017-10-06 22:33:09,2017-10-18,418cb9d16f19e8ee470aff741e759356,2017-09-29
e1b92115b451b872f99427e411bce52f,038db9153b201fb438201488dfdd1bd3,delivered,2018-06-24 20:43:59,2018-06-24 21:17:40,2018-06-25 12:09:00,2018-06-29 20:32:12,2018-07-19,bce514ac2b2759eaf3c4486510ddd4b1,2018-06-24
e1db59871010ccacfb63f6cc3f0db76f,d2fcef305c1f219490b8e37129d4ee72,delivered,2018-05-13 22:30:46,2018-05-13 22:53:50,2018-05-14 12:12:00,2018-05-22 18:15:52,2018-06-05,8950b8fdce3e6f6c68c682b7e6dba602,2018-05-13
af19ae9d08a78f865e4084b65d274dd5,51e14774b78322308fed115d195cc4d2,delivered,2017-06-11 12:52:37,2017-06-11 13:08:11,2017-06-12 13:48:27,2017-06-23 10:47:37,2017-07-05,c73515a015883160776b8181a133567d,2017-06-11
361bebe46ed48297e9b41097ef50c8d6,d32a414ce056bd6f0c5674e1fb54e860,delivered,2017-09-18 21:47:28,2017-09-18 22:03:53,2017-09-21 14:35:09,2017-09-29 11:07:06,2017-10-09,72068eec15a38e9b008528ba45e18480,2017-09-18
af92edb8c53146e6ca0c2a62ecc288b5,88aa13789f7f5179b91443f4247afb8d,delivered,2018-04-28 14:34:51,2018-04-28 14:53:23,2018-04-30 18:55:00,2018-05-18 20:34:51,2018-05-28,79a045b02046903dfe1d93dabe5be4dc,2018-04-28
92fdf7b27f6a92bffb0984eba9ad6b78,738ab8c2a294ceb2544af384b8dec6c0,delivered,2018-05-08 22:47:43,2018-05-10 02:57:15,2018-05-10 15:55:00,2018-05-14 19:25:26,2018-05-29,4d28234ccc945685ca892f6184032215,2018-05-08
89ebd79ad71b2c262053c712c9b32312,1e817806d244b36a9d64f1633d349f1e,delivered,2017-11-27 18:34:39,2017-11-29 02:15:23,2017-11-29 19:14:55,2017-12-20 17:18:17,2017-12-18,d8819afaad0c37b1b0b2040fb3fb9095,2017-11-27
7977e42154b045239288569dc9336adc,6713a9e3f88ec51feb6aec1ce3e8dfa5,delivered,2017-11-25 14:40:05,2017-11-25 14:55:57,2017-11-30 15:25:08,2017-12-05 18:46:46,2017-12-20,35d682be065079511a598dcd6d2c2604,2017-11-25
d19772e154f0929b89a1dab65648767b,b95975b682b09a1890557a1ab4021873,delivered,2017-10-05 19:12:29,2017-10-06 19:07:08,2017-10-11 23:13:11,2017-10-23 20:17:29,2017-11-10,67031f3c7bc5f28dd7b6344294b4ffec,2017-10-05
5f126df05a309c7dfe7ab136cb03ae08,5c74e38cb38fa7319244280d172667eb,delivered,2018-07-20 16:24:27,2018-07-20 16:35:21,2018-07-27 14:47:00,2018-08-03 13:31:48,2018-08-17,32e3357880db81aeae23bae1337c6e63,2018-07-20
41bd4c6355574f1c6c7f8f7e20dfda9b,c0e828e3a7e9898af73a83fe61d40c8a,delivered,2018-03-20 23:07:30,2018-03-21 23:08:10,2018-03-23 21:52:45,2018-03-28 01:30:55,2018-04-10,0ad9f4c60548cefc0a22e9f4c37c40ff,2018-03-20
a467b6e02187433dde3d9827e8561a9b,dc68515c1613ad4cb01edf406dd5c179,delivered,2017-10-15 14:45:17,2017-10-15 15:04:45,2017-10-17 22:24:58,2017-10-19 18:35:24,2017-10-27,027ef1dce56b52802c3d35cd5beda928,2017-10-15
e834b1811f1b453f8c3c5823249b852d,5843084e12fefe6859e53ba131c5abd7,delivered,2018-01-31 10:52:23,2018-02-01 10:52:09,2018-02-06 20:04:48,2018-02-14 22:09:18,2018-03-01,09a08d4d219b77c4ef423941bc0d686d,2018-01-31
dbcdd36c9c9608e8f8b678b63979aea6,cd48537c6accf4ee60720d11ebea24d8,delivered,2018-07-31 14:53:00,2018-08-02 05:05:12,2018-08-02 13:19:00,2018-08-08 17:38:27,2018-08-16,e55254150e99e2adbadca3229db845e1,2018-07-31
f4189fb0552533573aafaecb8f254dcd,f9848671987e8c9bdb4d30bfbb0dbf7e,delivered,2017-05-28 15:39:28,2017-05-29 20:15:11,2017-05-31 16:05:23,2017-06-09 11:49:37,2017-06-27,8c00773e9fcfdb04aeea00910481c865,2017-05-28
46aac4b6ae578b1097249c607ade4751,761758764dc7c261c60b7ab6455173fc,delivered,2018-08-03 15:20:33,2018-08-03 15:30:20,2018-08-06 14:50:00,2018-08-07 18:28:32,2018-08-08,4b4700fc2d686ef4d2238d27161bafc7,2018-08-03
3de8c740a547c348fa59a160d9bd7a6e,e76d5e76b71511df30e1af11d37d8a46,delivered,2018-03-21 17:05:34,2018-03-21 17:16:00,2018-03-26 15:54:48,2018-04-05 17:58:36,2018-04-24,a68d77d1f5122b1df0d1511d2e8667a6,2018-03-21
22f22c1682c8770846365e4f0422e5e8,94af6f17b7b4af5d2d68209887fb6063,delivered,2018-02-26 14:59:33,2018-02-26 15:15:37,2018-02-28 22:48:45,2018-03-01 15:28:49,2018-03-16,29222cd91d62b7cee3dec2cbad1ebfe2,2018-02-26
f2c12c46401363b2f37ce6200b520ebf,9d69cb8a80980be80313e53d52f0d78f,delivered,2017-11-07 17:09:12,2017-11-09 04:31:15,2017-11-09 18:32:14,2017-11-22 17:44:42,2017-11-30,0ffff36c012096ead36aa8fe815337d4,2017-11-07
29f46debbf97f1edb3dc66b929004e21,a0240f2b6a4d6fb59ed56d1c06a875a2,delivered,2018-03-15 17:03:32,2018-03-15 17:15:49,2018-03-19 14:48:38,2018-03-21 17:05:06,2018-03-28,fd11712d0e0af74d992e61b64946c41b,2018-03-15
a2e5a4c4c016a3d66806bfffeaaa9930,1786e58621cc129f08180b184b105fcf,delivered,2018-07-15 19:23:25,2018-07-15 19:43:53,2018-07-17 09:06:00,2018-07-26 16:42:54,2018-08-10,b85e820fce5efe8ba55df5a2bdfe5d9c,2018-07-15
49c2a0e5dbc011d92ab9d19035684fb5,33bc53d99c2c290f3c416e474a5e9e08,delivered,2018-03-06 13:51:22,2018-03-06 14:40:22,2018-03-09 02:52:16,2018-03-19 18:33:16,2018-03-28,a728cee4511b36ca4b66d8684ca812b0,2018-03-06
bbc0dd90484124e1dcc1d2428ad924ff,b98042f01402075e60d5cb493b0fddc7,delivered,2017-09-16 15:26:00,2017-09-18 13:30:22,2017-09-19 17:13:00,2017-09-27 13:20:29,2017-10-19,513a4ee43b161e9e565bf1831cc705f0,2017-09-16
175be3f02b744f3c7e1eb5e32cb0acbe,f82d1748ce83a9e80059f6d52151984d,delivered,2018-08-03 09:32:47,2018-08-03 09:45:16,2018-08-03 15:46:00,2018-08-08 17:06:40,2018-08-16,0985e1b12e309eb5dba4aff64675774a,2018-08-03
aa30ff809084eca858cb3f57857c1ba9,144957a2e04105304fc865b8c59e13a4,delivered,2017-04-28 15:54:22,2017-04-29 02:45:33,2017-05-03 05:51:39,2017-05-13 09:52:44,2017-05-26,9bd3a0d5aee992c5692a2a912a50d2fb,2017-04-28
7e81c4cc31fd46f225b4441e179f78a1,0165da25e09d5c73a6d3ba6443d202f3,delivered,2018-01-22 18:33:35,2018-01-22 18:57:13,2018-01-23 16:24:54,2018-01-31 15:46:40,2018-02-16,f01ac5999f4a605533a8648ddf717b7f,2018-01-22
63acd83008c876f81771b79ecaf7e27e,9bf9b7910168a6981da76b34bb832835,delivered,2017-11-16 22:33:54,2017-11-16 22:55:24,2017-11-21 17:39:06,2017-11-24 17:51:55,2017-12-05,cf35b90d78da6c06141d5a841c122beb,2017-11-16
9054fc68ad061d062b078986216388df,c0dc795a734bacb591f6e8112f7c98dc,delivered,2017-07-16 10:37:47,2017-07-16 10:50:12,2017-07-17 18:58:05,2017-08-08 19:13:05,2017-08-18,c48322635a138a5714e55d9113d0e266,2017-07-16
26b47634ae036af085a067dddf95bd77,ebf4a394f95a53cf104a110b3ec5ac28,delivered,2018-04-23 15:41:37,2018-04-24 17:17:00,2018-04-26 12:25:00,2018-05-12 17:24:43,2018-05-28,c400e8b4b9b09c840845352f51bd9add,2018-04-23
8e8fa3f7495c77b64b5be78ad49c4a8f,8725aee90972f2988fbe0e559dc126f2,delivered,2018-03-07 18:33:11,2018-03-07 18:50:33,2018-03-08 19:03:46,2018-04-23 12:36:38,2018-04-05,f3558d0fa994d03503404e6d43a814b2,2018-03-07
c9ebb7aedaf396f225f85df6735dd67e,83ea0aa50e10d3e133160e2a05b758e9,delivered,2018-03-21 22:54:24,2018-03-23 02:15:58,2018-03-23 19:17:38,2018-04-15 19:08:40,2018-04-30,e5adecad20d898d832d45cd9bc0e9e98,2018-03-21
bb82809ea3ca9f3edbe589b60e14e0cb,d3ecf0664acdf35f6e78389ed3e223f0,delivered,2018-04-28 21:06:05,2018-05-01 02:10:25,2018-05-02 11:55:00,2018-05-11 12:42:46,2018-05-18,b33650d9735418f61571dfe3f4963135,2018-04-28
4bfe0bd0ac2d566a6ab7c45961288b60,e72f7f924828b0d45cdffc1690423abe,delivered,2017-12-03 14:48:41,2017-12-03 15:09:59,2017-12-11 23:24:43,2017-12-20 10:25:10,2018-01-09,84d33124063607bc2b475659bb473781,2017-12-03
6bbc91e028da6d54999b583c9be6e413,0b20fc582fea416e9e4d5b39dc2add1b,delivered,2018-01-11 17:07:50,2018-01-13 04:54:59,2018-01-15 19:42:12,2018-01-26 20:21:25,2018-02-02,8201f0d0cd279f26987cf0df3b72f266,2018-01-11
e1c8b1502b402a1284350d261a89cb9a,bd28eeea121c6d18863a60d05107fcbd,delivered,2018-03-04 14:46:38,2018-03-04 15:08:52,2018-03-09 23:14:39,2018-04-03 01:40:52,2018-03-23,f772434a342a01aa28231574ca6da383,2018-03-04
c43c91fe57ac92074a304238da74a136,ad4ea3fb7cd27c1709a9454319446575,delivered,2017-08-06 22:06:01,2017-08-06 22:23:30,2017-08-08 18:18:04,2017-08-24 20:11:34,2017-09-06,1bccd7184611073533086e6a60a2bfec,2017-08-06
134141b15902a79a3932a6f486de499a,2a417f0f0717eecc940b00012978be4e,delivered,2018-06-26 14:37:07,2018-06-28 02:15:52,2018-06-28 14:25:00,2018-06-29 20:32:12,2018-07-18,56088651df42926f11ca58a83d36f906,2018-06-26
46b911408d5f2c99a745db2cbe109563,b8179b105164a7662c6592a195eba0ce,delivered,2018-06-14 10:53:36,2018-06-14 17:57:50,2018-06-15 12:50:00,2018-07-01 19:06:23,2018-07-13,3d6c40bcf2b4cd41e841bf86515e85a7,2018-06-14
c4a8606aecc96f014ba9ebac203d0e19,2aaa2dfcd1c4475ac4c077cbb0b72691,delivered,2018-02-23 14:23:08,2018-02-24 12:08:09,2018-02-27 12:21:52,2018-03-15 22:08:36,2018-03-19,151b483e44efee574bd7201e51183f55,2018-02-23
bb780bb5301c5109cb6eb07d06f3bd14,0770fab1a98ce26d042a7aad41fdbc8f,delivered,2017-12-22 15:53:30,2017-12-22 16:42:02,2017-12-26 16:24:16,2018-01-08 19:19:49,2018-01-30,ef89c781d27561d99c4b90783fde3c57,2017-12-22
a5354e17680d3730453ceddfc9a58f1b,6f78101c901f9a21bf9b23b1a80b05a4,delivered,2017-10-17 22:41:15,2017-10-18 13:26:56,2017-10-27 20:33:26,2017-10-31 17:38:43,2017-11-09,98abb85493d9d27b83cefe289306f280,2017-10-17
40264a7f65d4daae1b8d018951250573,388ccac2c6892d0d2e576673da514910,delivered,2017-10-31 11:13:35,2017-10-31 11:30:24,2017-11-01 23:25:53,2017-11-13 19:21:34,2017-11-23,275aba69747633a7e4ca86662cb23d10,2017-10-31
e7f4523b6b3d8e132da47b94e7b09235,caf41181500ad3417b42e255355ffd7d,delivered,2018-08-06 10:25:44,2018-08-06 10:44:36,2018-08-08 14:19:00,2018-08-14 13:22:35,2018-08-29,865596c51fb15badeea1d33d62614c80,2018-08-06
be19c89e952b0753ede2df15da96351d,ec4458f73c6c5ab5b7e2e35e9e533ac1,delivered,2017-10-09 22:47:37,2017-10-09 22:56:24,2017-10-13 14:13:43,2017-10-26 15:47:48,2017-11-08,8360a5c47afc3de8a5f3c52e8d693845,2017-10-09
6282b84d6c369e1b6058285f860f4da4,e0fb20baf67827e3900f8b8e3f7b4a51,delivered,2018-07-28 09:22:31,2018-07-30 07:24:39,2018-07-30 14:11:00,2018-09-08 14:36:27,2018-08-20,d7db00ddc199284ce09a43021e74fdf9,2018-07-28
c9c861f958460742bade4f8d297e4d6f,edfbb085020a29b6fc4d25f1627b2256,delivered,2018-03-19 00:29:59,2018-03-19 01:10:33,2018-03-19 22:46:39,2018-03-29 19:22:17,2018-03-29,202f843062a4797946e077cd797f9d41,2018-03-19
767f23439c8a87792b7b5b43fc057411,50ab684580c7135a279c5039cab44356,delivered,2018-01-10 15:18:58,2018-01-10 15:29:28,2018-01-12 12:48:44,2018-01-22 19:18:47,2018-02-14,c658495c41a24ef33a852db6840738a1,2018-01-10
50ab05e97b974138bdb98e5248bb4ec2,65087f2ecd86296752c17be69496a9d1,delivered,2018-04-18 11:07:26,2018-04-18 11:31:51,2018-04-18 21:32:42,2018-05-14 15:36:43,2018-05-28,2a32808072365c90275fccd0fff8b051,2018-04-18
c624cc88e5e978973852915f3d798c8e,0ff086ae8a19ddee5fb5ef85542bf42a,delivered,2017-04-24 18:11:20,2017-04-24 18:25:17,2017-04-26 08:22:54,2017-05-02 15:14:27,2017-05-15,e282949d24da072774f942f63c21c961,2017-04-24
19421091ea8830b487a1aa4c43e074b6,5b444fe93863147c86213fe089495d05,delivered,2017-03-23 22:36:21,2017-03-23 22:50:19,2017-03-27 14:48:50,2017-04-06 15:45:57,2017-04-18,8777621c1d67b4d697c9695125f7c67e,2017-03-23
bd6a4be98625711812fdabccdcdff8ca,31e34659933a639fd1d656924e76cd35,delivered,2018-04-27 15:27:15,2018-04-27 15:52:18,2018-04-30 13:42:00,2018-05-03 18:14:49,2018-05-17,cf311a979b769e3656f1d9e2eafda820,2018-04-27
2ef87cb1b6109775d8ebcca2ad5f1022,795667a2bcc1c119d240ceb510f0a48d,delivered,2017-07-22 15:07:31,2017-07-22 15:23:18,2017-08-02 17:27:41,2017-09-12 20:57:27,2017-09-01,60c0a4774462ff73ae635255250fa599,2017-07-22
43e5d97c6f9174919eb5141c513b8a9d,405ef2d7bc62d7812cf4a77d00458d26,delivered,2017-11-28 21:19:04,2017-11-28 21:36:40,2017-12-05 15:58:50,2017-12-14 20:53:19,2017-12-21,8176b17aa18a063ed9eb06e10803d2b1,2017-11-28
0903715a744e53db0a04d441d50d22cb,c147dfd02d5503b44c65a2660bc63cfa,delivered,2017-05-08 20:30:33,2017-05-08 20:42:26,2017-05-09 13:40:18,2017-05-11 08:13:29,2017-05-31,191390f8192144a1bd3954db5ec5e22f,2017-05-08
71e292ef2c5e66b45d77573cca1366ff,f69c1923142fe0dc592e54ef674b25ff,delivered,2017-06-27 22:53:43,2017-06-29 02:50:27,2017-07-04 14:57:46,2017-07-10 22:09:14,2017-07-21,2f1468af962c93e46d31df0c10df749a,2017-06-27
6c425fa161548ce6dcea1ea86b1a65d8,077177a6fe3f9adcdd96ea9c4aa0d524,delivered,2018-07-02 08:50:40,2018-07-02 09:10:02,2018-07-05 07:57:00,2018-07-15 02:47:32,2018-07-20,bc93d09aba15c1fb5c8ac2e9c39bbb7c,2018-07-02
8b74f8eb433512f288e513c2e2f391a8,1782f1f5319a952a9024d5a94908f03d,delivered,2017-04-05 19:53:56,2017-04-05 20:05:14,2017-04-06 08:44:31,2017-04-10 11:14:53,2017-04-28,d240271b66ca92bd471b18803885d248,2017-04-05
a2c452b1dde13888aa1d67fcba0d2d3e,41f3adf60028703f8c72099280dc9927,delivered,2017-05-23 08:52:52,2017-05-23 09:02:44,2017-05-25 10:12:31,2017-05-26 15:12:22,2017-06-05,710dd36361ba9797a22b4822925061fe,2017-05-23
bb965992d20f51fbc192608be1cd052f,7fc98528575262be7b869a96d2a9fe69,delivered,2018-07-29 18:16:54,2018-07-29 18:25:15,2018-08-01 12:14:00,2018-08-06 18:56:49,2018-08-09,1206ee465feda962d43593b17d2f6fb0,2018-07-29
1d6d9a8de318b9f17f16afee53adc469,4205cb801bf556c26f56d50b28b9329a,delivered,2017-10-30 18:28:06,2017-11-01 03:26:17,2017-11-01 16:33:03,2017-11-10 16:51:13,2017-11-17,7a946693bf37c73ecdb63b0292308e3c,2017-10-30
c2b98b5cd6c038d9115970d03ecb1f6c,2eb0b6e54092847b7512ce715684c15d,delivered,2017-10-31 22:13:39,2017-10-31 22:25:57,2017-11-01 19:54:57,2017-11-08 20:32:20,2017-11-22,2ab37b5e0ba3bbe1919121ba60cfd900,2017-10-31
4c10ce99bdf0d8e1e5d126a6c40b273c,3b89fc56988369e6a4520e14735cdabb,delivered,2018-02-18 22:20:28,2018-02-18 23:27:01,2018-02-19 16:52:27,2018-02-20 18:09:06,2018-03-05,33bacdfb794f1faf1b8580b9993414b1,2018-02-18
16b1572a545542ed037c94cdffeaa86f,a516d10692a7d47e724d6eed02eef99f,delivered,2018-03-20 10:26:50,2018-03-20 10:48:18,2018-03-21 21:54:30,2018-04-04 20:04:09,2018-04-13,af92391646450f998e3682e0d6a837ca,2018-03-20
c51ce9c941eee0281c93cb39b804b071,f071442ce42c7f2c7da4310db2166566,delivered,2018-03-31 15:57:10,2018-03-31 16:10:18,2018-04-13 15:53:36,2018-04-26 12:27:52,2018-05-02,7a00bb1ecc671d43570d50f8cd737a67,2018-03-31
3fed420f0e0d468c546de1be02bf7642,4099418e7cdb9ce6b7fb765b203bbd4b,delivered,2018-05-02 23:05:54,2018-05-03 00:12:54,2018-05-03 15:29:00,2018-05-10 22:03:21,2018-05-28,b8626f76c6ff152c0bc519f0aae9ff13,2018-05-02
066e2edfc5e388bb574fda4a61911b9c,5b1385b497ecd70d5816aa1208ae6e08,delivered,2017-11-16 00:59:02,2017-11-16 01:10:37,2017-11-20 14:23:43,2017-11-24 19:46:36,2017-12-08,207df55f65d67def4878e939a1e669ab,2017-11-16
61f82b319ee0352b3b8525dfa467e0f2,04aef4b2c2bd9d55991e8f36df779b01,delivered,2017-10-16 15:05:49,2017-10-17 03:49:23,2017-10-20 15:51:53,2017-11-10 13:37:44,2017-11-14,dcfea0c82522567d4b5d66cdb21b85ac,2017-10-16
0ea322b0cc5c5a359a4b83e2cae08390,fda9a2bf4f0b8d64bf713e261189a2bc,delivered,2017-04-21 09:11:44,2017-04-21 09:22:07,2017-04-25 11:06:48,2017-04-27 15:43:31,2017-05-11,78eedca806b2985523d1629c15738a16,2017-04-21
4b19c2fe3690d7e4aa8cbcf946ea6ce4,47308035f95de5bc2318495736c01482,delivered,2018-05-18 16:22:57,2018-05-19 10:19:23,2018-05-21 14:11:00,2018-06-02 14:11:54,2018-06-13,9deb1526d0da566452e9a6aa71564dfd,2018-05-18
885a9993f5b3064e1a4d8c68362be3bb,9559a7e4d7235405efa574dda8e11b58,delivered,2017-11-11 22:35:23,2017-11-11 22:50:22,2017-11-14 18:48:59,2017-11-24 20:48:39,2017-12-06,1a4344789c4f09afba8aaac3d411ba79,2017-11-11
defeecb4d53ab675f8e434c92d4b7900,bb72a8f377fa879cc246fd91bad05d25,delivered,2018-06-19 12:29:03,2018-06-19 12:57:57,2018-06-19 15:43:00,2018-07-11 09:51:50,2018-07-13,c37d234e334dc6dc55f23b179fac6851,2018-06-19
ba5ce5fa576ad02931cf1977c7f82323,9dccb2d8f1ce578f5fdaf00f8c0b065f,delivered,2017-09-19 07:05:42,2017-09-19 07:24:08,2017-09-19 22:27:48,2017-09-27 22:16:54,2017-10-09,8c52e09a9c5ad6b6f88f0d4f3aae367f,2017-09-19
9e81d4269968920518a1fe5a8a96505c,5e86df719b4c7d4d72ffe697dd458e4c,delivered,2018-03-16 13:24:27,2018-03-16 13:35:38,2018-03-21 18:58:57,2018-03-27 19:46:44,2018-04-13,d87a6a3e1a29f516104cd6ef10d1beda,2018-03-16
c68ebb39f1acedc7b1b543ecb53194c8,e530729e68308aef71086aff5c18a3d2,delivered,2018-06-11 21:49:01,2018-06-11 22:18:58,2018-06-12 18:14:00,2018-07-11 17:56:38,2018-07-24,30b94abdcaa5b08d5d78bb3bac7a594d,2018-06-11
0a631e92a5097a6cd94c5b7002778938,e1e83e041c51b00e571dc0e877d94848,delivered,2017-11-30 18:53:51,2017-12-01 14:25:02,2017-12-28 18:13:08,2018-01-03 22:41:26,2018-01-03,df5e44ce11714dec60482a8bdbb77fa8,2017-11-30
109294a0d68947b6b49c0a59a8f951cd,8ae959794f60d02d60abaaeae9628760,delivered,2018-06-13 09:53:57,2018-06-13 10:19:24,2018-06-15 11:29:00,2018-06-16 15:07:45,2018-06-25,22230b50e048336ce722960a64e1c873,2018-06-13
8e81e473c93d414e73105233e248347b,174cf4e5e95b5a49bac9cee9ef6cef70,delivered,2018-03-04 18:38:05,2018-03-04 18:50:27,2018-03-07 21:27:57,2018-05-10 13:40:48,2018-03-27,69c8631b02984c5ba040a0e2be0fc92a,2018-03-04
d8193633632c69edb143c6f25250fbc9,32b346000cfac774c373c34801efc258,delivered,2018-07-17 17:00:04,2018-07-18 16:55:32,2018-07-19 09:06:00,2018-07-23 14:20:36,2018-07-31,1a1ca023b7c17b35a4d59d8cd5061b0e,2018-07-17
863f8a1edc6ce924bde60328b112c402,81c41a9e63c59e933b90b72e8a65f1b3,delivered,2018-04-17 20:35:57,2018-04-17 21:52:10,2018-04-18 23:19:08,2018-04-23 14:09:04,2018-05-11,f30ba18c5ecb2b814dcbf77fedcbe195,2018-04-17
d51543bdc3d7f733b7637ebf031f6565,d5a188588f28fb4843c19c521c3e197c,delivered,2017-02-01 17:01:32,2017-02-03 03:55:32,2017-02-03 08:39:08,2017-02-16 03:58:06,2017-02-28,d5714a4277f62a9bf9f361e9ebfcddc9,2017-02-01
14bceeaef362188c60dedfe65e428001,2c65d7682d1e3cb4e816cd0dd57cc42c,delivered,2017-04-02 00:14:56,2017-04-02 01:04:59,2017-04-06 16:33:52,2017-04-11 09:04:05,2017-04-26,20a0b800fe6f4e9dcc23807aa8949134,2017-04-02
282798d3d9e90c0c2c02697bdb07b839,03ae9ed4f94758b2d7b66356b797add4,delivered,2017-05-25 18:50:08,2017-05-25 19:02:24,2017-05-26 10:30:12,2017-06-05 17:32:11,2017-06-23,4e51fe41912be91deba264ef9b453a34,2017-05-25
c2dae969e4d48f3afc69a5503b48bed1,47bf336b7e7bc23158324a69da765cdc,delivered,2017-12-29 10:41:12,2017-12-29 10:49:54,2018-01-04 22:52:15,2018-01-17 17:53:01,2018-01-29,d049011de14a77bf99fd493f4d56f001,2017-12-29
1ce85b529629489a217458d96a9ac0af,d93b2f43c04f810666546ee56c4443f0,delivered,2017-09-04 16:34:58,2017-09-05 04:15:40,2017-09-05 21:12:08,2017-09-18 12:52:21,2017-09-22,27baa332b26e4ed2bad957ae99ec7520,2017-09-04
39b88d0d1831375dbc1c63696d345210,0e35e77f6f56b24cdf97fb6ff9005ac4,delivered,2018-03-04 14:09:13,2018-03-04 14:28:36,2018-03-05 19:39:09,2018-03-06 21:09:50,2018-03-15,22bf3d5c09574b91c57f4bba714b406f,2018-03-04
c639deb1d7acde15275d18404daa749a,44b3f562054b91c7cb2ce3e856461b67,delivered,2017-11-24 17:19:21,2017-11-24 20:55:46,2017-11-27 16:47:03,2017-11-30 13:58:50,2017-12-08,5700497d11ca4bedc31429992234f29e,2017-11-24
69dc26f8dbfc5022922470b70d452dc3,c2a69d98101551c450b1837b80612105,delivered,2017-11-12 17:54:59,2017-11-12 18:10:26,2017-11-14 23:17:44,2017-11-24 20:37:41,2017-12-01,902e20436456ed50d0699701b4522665,2017-11-12
4ee6ddd150b08bee8f6cc827e8f211de,1bec19baa3b9b15b6dfea90d4f534d7d,delivered,2018-06-18 12:40:12,2018-06-18 12:57:58,2018-06-19 15:25:00,2018-06-28 15:06:27,2018-07-17,7ba3c99c622cccc68f846b190e4ad98d,2018-06-18
c85f30d2bcd5e2a640f2c99024171998,ae084cb1e2a35830d07bbeb2abc2210c,delivered,2018-01-30 12:00:43,2018-01-30 12:15:58,2018-01-31 19:05:43,2018-02-25 14:37:49,2018-02-22,f36aac9c0bc8fb5e9e1f7ab0522d6d27,2018-01-30
335ae7f3583e6d3fd006643ffe9d41de,56e1d4d5a04884acd78f783c866d5720,delivered,2018-02-04 13:21:23,2018-02-04 13:35:30,2018-02-05 20:25:11,2018-02-14 20:12:46,2018-02-21,1628d339bb007338af1e7d2eccd55ecb,2018-02-04
c44ed29052c8a491969a295bd20583a8,84016d3dcdcb41e1a831dc093b1a81c4,delivered,2018-08-12 22:59:04,2018-08-14 05:35:26,2018-08-14 15:14:00,2018-08-21 22:19:44,2018-08-31,dd617479f0dc971a1ba56c220e645c4d,2018-08-12
ab9261f874afc9c9ec44d1b5b7c0dae8,6ba967f66666e0a520a2d1414fccd30e,delivered,2017-02-13 11:31:58,2017-02-13 11:43:13,2017-02-13 15:40:46,2017-02-15 16:14:44,2017-03-10,0abde252539bc2518655872435b9fa54,2017-02-13
8d9a9808c4a5546adb15d524d6ab2e91,3bb0f1d5881cfaf2de8eacdbe88b2d58,delivered,2017-01-26 16:44:35,2017-01-26 17:02:23,2017-02-20 13:52:07,2017-02-21 10:48:42,2017-02-24,4079d39cb3fdea47201540107c1673dc,2017-01-26
eb9434391cf74c90a1fe25884e1a73c8,b8017253e04ad564578e712a0e03bb69,delivered,2017-10-18 23:39:17,2017-10-18 23:56:30,2017-10-20 17:53:59,2017-10-27 00:17:51,2017-11-06,7538ded9a7b6e928545b67d26bb6bcb6,2017-10-18
17b3a4d85ba0793bf46aa81893c3f95b,c27808faa6aa8b89eba6c04408025c68,delivered,2018-01-14 23:59:15,2018-01-15 17:31:37,2018-01-16 20:43:01,2018-01-17 15:56:41,2018-01-30,0bbe329ec19b6c832ee0fff375439ff3,2018-01-14
e56cf4189e005351c2158740a5861875,7dd917a5403363d83494e19c46852249,delivered,2018-01-22 15:14:37,2018-01-23 03:52:52,2018-01-25 00:09:43,2018-02-17 12:22:53,2018-02-22,791f2dba51d0c96479b732150bb50e52,2018-01-22
2fc78ee4879da5d18bf637e3053e4fc4,760769b49fb61cc0c8c4daaef9f3e46b,delivered,2018-03-18 08:54:38,2018-03-18 09:10:33,2018-03-21 01:50:43,2018-03-27 18:22:45,2018-04-19,7f4adf7903f4d02c527585c4d0f65c2e,2018-03-18
e96f9d9071e793ba276bff940db0c11b,cb18367e32c4f264ce4e1a23db543dbf,delivered,2017-12-28 16:27:11,2017-12-29 02:09:05,2017-12-29 21:48:50,2018-01-03 19:54:36,2018-01-17,20369973d358044fad9e0d82001af01f,2017-12-28
2b7dbe9be72b8f9733844c31055c0825,2b428fc249f5af4989da81ac9af0e735,delivered,2017-11-28 23:56:24,2017-11-29 01:31:28,2017-12-06 22:03:34,2017-12-12 22:48:54,2017-12-26,ea9de381796deab8505436f0f4f0b64d,2017-11-28
c7716af159290b14d5c7e68534ec4b50,16f32f6054e6bb6f8cb8643aa46927e8,delivered,2017-07-06 18:52:03,2017-07-07 18:55:22,2017-07-11 13:03:05,2017-07-18 17:35:57,2017-07-28,9b3585f29d0718a63fa08474320cf272,2017-07-06
ea54412cecde6581601103024747302d,b9a8de41629ac11ddfb40c3b80593758,delivered,2018-03-10 00:09:57,2018-03-10 00:28:19,2018-03-12 18:17:44,2018-03-27 21:16:58,2018-03-29,f7317ae065b8056145476911affd7077,2018-03-10
a123cd9821687920113cb485d989016c,9431beb378db24408c2ff5419e2382ac,delivered,2018-03-11 10:53:47,2018-03-11 11:10:15,2018-03-15 19:26:36,2018-03-21 11:08:41,2018-04-02,4dfeb6b99bc972ab0dcd1db4e187a827,2018-03-11
aa567b6bd03ccf3532f2f07cf956260e,cfadd3d58880578db780b915fffaa051,delivered,2017-04-27 11:00:31,2017-04-27 11:10:18,2017-05-03 12:10:05,2017-05-13 09:47:49,2017-05-30,cb2a8662d9c61e59a3bc5e9dbfdf46b6,2017-04-27
1e240ed479e3d1ab7b48365e4d2d0ad6,8fde6e46aa7c31d5651f7fcf932c5ca7,delivered,2017-04-27 18:32:02,2017-04-29 02:43:15,2017-05-02 10:56:17,2017-05-09 22:11:29,2017-06-02,d9756d0bae52ab0e965b7167a9e48594,2017-04-27
ed3d1547a4d7808c9cd1b0048f414d29,60d614379d9b22161e736d53c4642a32,delivered,2017-10-24 16:53:41,2017-10-26 02:56:56,2017-10-26 15:37:51,2017-11-06 16:27:22,2017-11-10,bce5aead42285d6c445ebc60b9edba7e,2017-10-24
4c8962d1aff37c5cafe5190f4f9b6839,7f194dac460c33b8e5b69366f13b0d42,delivered,2018-01-09 22:43:11,2018-01-10 10:31:53,2018-01-10 17:53:37,2018-01-18 20:33:04,2018-02-08,b861d07f86759de5ba4c16d57958ec8e,2018-01-09
adfee4f7392b7c41fb280b51a787ab3e,ff549375a1bd44cb7928c15cc6aa7fd3,delivered,2017-11-04 12:25:22,2017-11-04 12:35:22,2017-11-06 17:46:50,2017-11-07 14:12:15,2017-11-17,3f51fe7189074be3c8355f1ac51679c7,2017-11-04
8917028bf3c86c1be363da721004f557,c5970e2db96b55db5e00f6df2f4dfe73,delivered,2018-03-30 01:05:05,2018-03-30 01:50:12,2018-04-03 19:19:13,2018-04-09 19:36:46,2018-04-18,f825a8ebdd0b29d03e40c19075c8502a,2018-03-30
c6444f5adda5b95c297cbb3badd3a1fd,acf68e15407fbc6e55f3727fe70762bc,delivered,2017-02-01 12:16:34,2017-02-01 12:31:59,2017-02-01 13:30:24,2017-02-08 08:32:55,2017-02-28,d32f59758ea673e2622867d28cf71549,2017-02-01
fa2e4f22d5a4e8d2e7ddbd342245259a,d239c1db98415bd787b80d6e7ccbb6d3,delivered,2018-02-13 11:56:38,2018-02-13 13:07:14,2018-03-10 02:41:45,2018-03-19 17:07:35,2018-03-08,8247dcd815f6e93dad708aacdbb1f980,2018-02-13
de28e8b3c44bdad3ecda851978e1599c,afada548225953f4a9f2a502cf33c780,delivered,2017-10-18 11:39:06,2017-10-18 11:56:36,2017-10-19 16:43:11,2017-10-31 14:46:38,2017-11-10,c4d53aa0ee56a49a8ced0621cd62a853,2017-10-18
387dbd8ab95a2cea602adfc5434f7258,0df19a6654aeb18d2951d9e08ce18145,delivered,2018-02-27 16:23:22,2018-02-28 09:56:08,2018-03-01 22:27:34,2018-04-07 00:21:14,2018-04-04,6307616c25e28a633c336e41e4053661,2018-02-27
ae5d768eedbb1d0d2d3cf01e6b844739,32217e3d1646bc53e60f94b1bb5db968,delivered,2018-03-01 11:16:40,2018-03-01 11:31:08,2018-03-02 20:52:20,2018-03-27 20:08:46,2018-03-21,96c6a3ced23557fbd3cbd3d17e7bdfea,2018-03-01
89739437b72ddcc97ca62d9ce338d0fd,34e65600409fc09eaf7e45fcd61041a9,delivered,2018-02-14 17:33:22,2018-02-14 17:47:38,2018-02-16 23:38:45,2018-04-06 18:04:36,2018-03-14,2de0e410b87cc5b128f5183c506bf977,2018-02-14
8d40f6aeb11aa6d03d17b3fa59b14fbe,a2d1e0478a84c06555dcd2e1adb8ba7c,delivered,2018-06-08 11:54:55,2018-06-08 12:21:44,2018-06-12 08:37:00,2018-06-20 18:16:33,2018-06-29,9201198e742ffa696058b83023e0ecb0,2018-06-08
577e6fdfae22d140e0167cc4a674c1a0,46ebdabde58535b8751aaf7e6f21fe27,delivered,2018-05-13 21:11:17,2018-05-13 21:33:19,2018-05-17 14:38:00,2018-06-02 14:58:53,2018-06-04,ff9c030fb4209fbf442ae1368a6b376a,2018-05-13
4a2cfbf52ca16ac6eb7855b3a93ca4d9,b60e86af77e92e469a4e744a3e38754d,delivered,2017-05-25 10:29:42,2017-05-25 10:43:20,2017-05-26 12:13:07,2017-06-09 13:56:36,2017-06-28,cebb9492a91984d4a67c70cbb29c4633,2017-05-25
57034b4287754660ae720f3c440eb9f5,2a3eba58fac8720505d972c3aa198522,delivered,2018-04-05 16:11:32,2018-04-05 16:28:49,2018-04-07 16:46:39,2018-04-18 00:24:40,2018-05-02,3e47025034c5a31cff56168ac0519f1f,2018-04-05
1c6165cd5363fa320f7e1a1245d2f36a,a470dbd1e941a09ba3130dceedcb4822,delivered,2018-05-03 08:52:51,2018-05-05 03:10:26,2018-05-11 05:28:00,2018-05-17 21:58:53,2018-06-07,2c5ff1117575aa29de30d6ad663836a1,2018-05-03
6feaea9098fb736023b2e4bc246ba7fb,23982a817b35161e034f66e8dabadbd3,delivered,2018-04-22 21:30:44,2018-04-25 03:51:19,2018-04-26 13:25:00,2018-05-09 18:35:51,2018-05-22,fc4a4bf80d30dba464c23fe130adef97,2018-04-22
743a2890a6d3f095530d9de1966c7434,b42c97d094b5bb2c078e3f58abe2fbc6,delivered,2018-07-18 15:10:18,2018-07-18 15:25:21,2018-07-19 15:30:00,2018-07-23 14:47:36,2018-08-06,e6e21c3b8265e97f9453d417ac4db6cc,2018-07-18
ca4eb4e29e846ee17d6d1b96b28acabc,394b3bfe7e36b848711599df7cd35c94,delivered,2018-02-28 18:33:55,2018-02-28 18:48:26,2018-03-02 20:24:58,2018-03-05 19:18:55,2018-03-13,9eaee1fe94e2155bde44087d299c0b9d,2018-02-28
559d0bdf2fe83764fb89edea1516599a,1847c7074383b91e451c2ad8cc36ed6e,delivered,2018-06-18 22:17:37,2018-06-20 02:55:39,2018-06-20 11:14:00,2018-06-23 15:26:32,2018-06-28,9715af4582187d10c76a49bc7e6cd3a1,2018-06-18
7c98aef9609a230634a1cc10aa7ff5de,a6ffb7e15b81c3c9e337b22414444274,delivered,2017-11-23 23:58:51,2017-11-25 05:59:29,2017-11-27 21:23:30,2017-12-18 22:54:38,2017-12-21,8fd705314d2abacf651f82c1c0066ee9,2017-11-23
1fffdb579470269dbfd6b5b5c0256473,16159ac2afd3d18126b2da94f0362221,delivered,2018-06-20 21:30:41,2018-06-20 22:20:14,2018-06-22 13:56:00,2018-07-04 12:08:45,2018-07-30,f06d5875ac9a2fd81b116614d878290d,2018-06-20
2fdfc76d4584de4e6c0b8b85f3041b53,992b5eacca3441bc2ad844f72a9cf4f1,delivered,2017-08-10 21:49:08,2017-08-10 22:10:21,2017-08-11 18:18:39,2017-08-14 15:24:45,2017-08-31,888d95b37f9ec32e320b11512fde509a,2017-08-10
6c2f4118a5a723bdbd456e2bcc7d85c5,ccf3859f8793a274904181491334ef4c,delivered,2018-02-20 21:43:11,2018-02-20 21:55:47,2018-02-21 17:35:49,2018-03-08 17:17:13,2018-03-22,79fe223f57a80d6d7debbcb1f6e5b08b,2018-02-20
90a35d6c7ac144ef7398458a2beb3963,88322ac54c0a72042d0dac336eea9fbf,delivered,2018-08-02 14:37:51,2018-08-02 14:50:20,2018-08-03 09:01:00,2018-08-09 22:12:31,2018-08-13,5dbbda7fd2a3d5d3e748cdca489b68dd,2018-08-02
aacbfdfa9a7a0e3d3c94909b7637b492,a192efb3485733e181049a1542a7318b,delivered,2018-02-21 18:53:47,2018-02-21 19:15:56,2018-02-22 21:58:58,2018-03-12 17:38:30,2018-03-23,e77a78b96c9da121bbe7d7e6165c9a41,2018-02-21
8a80054573ee01a321c77752da93566b,8f7a8c9d811d4acc07eaaf3cae69ac34,delivered,2017-11-24 07:46:21,2017-11-24 07:56:31,2017-11-28 15:48:30,2017-12-04 22:56:39,2017-12-15,ac717072fca4b6f228e8465cc5e7231f,2017-11-24
ae84411ef203ed6a3cdc4e239536b958,b435b489e4d9921ea0ac305e4e9ae452,delivered,2017-09-21 11:48:14,2017-09-21 12:06:52,2017-09-22 18:07:08,2017-09-29 19:18:50,2017-10-16,662b79d4f9d63b429cf1efcdeacfe6a1,2017-09-21
1deb4eb0317ca755e8f5f2f3c3193fbf,48dadfa44aa7911b2840495a44d46ad8,delivered,2017-10-10 11:21:09,2017-10-10 11:35:54,2017-10-16 22:27:45,2017-10-21 14:23:46,2017-10-30,2591f50fc66178314f51764de6addf79,2017-10-10
c8f75f6121e5b471d9e207771a2a5367,b30e3e8812362ce2ed4e73ade06a089e,delivered,2018-08-02 12:06:30,2018-08-02 13:04:23,2018-08-03 14:53:00,2018-08-04 15:26:31,2018-08-07,c28c340209c60b6d78e5b8bc564972e6,2018-08-02
34fa619907e44766d5119a7ac48c56de,f851a04dcd8b9fde66d04b3aa11adbf5,delivered,2017-05-11 13:02:04,2017-05-11 13:15:14,2017-05-12 09:58:01,2017-05-23 11:46:25,2017-06-08,d7706368f76ec8ce840dd29ec1e2060a,2017-05-11
f36770932c1481e3aab9eced257e50b6,899cdc1395d9d42d165d8935d7bbc7f6,delivered,2018-05-23 17:35:53,2018-05-23 17:55:49,2018-05-24 13:37:00,2018-06-08 03:38:34,2018-06-26,0d9cbe0da184f50bdffd9274588b7a9d,2018-05-23
4c1820d7f03f21dc27c9fc40eba8e860,72b6223a65c6ed5956f7fb882e420d84,delivered,2018-02-27 16:46:54,2018-02-27 17:10:17,2018-03-01 22:48:48,2018-04-17 16:51:28,2018-03-23,f7c432d19ee5d05b51a25ad54236dd72,2018-02-27
7c9ae6de9b88058ecbbd16a26358b410,4a07fc1c45f8525f38b731b6629da56a,delivered,2017-06-18 20:47:09,2017-06-18 21:03:52,2017-06-19 20:03:19,2017-07-02 12:13:28,2017-07-17,b6ef1cb6c4205a23d3a13bba6320c1a2,2017-06-18
2c3a7da8d1c6190209fd4c1a9e3d79c7,320eefc764d8d3c3b9c88173c7e46943,delivered,2017-03-02 21:31:29,2017-03-04 02:15:23,2017-03-07 09:04:30,2017-03-16 18:48:06,2017-03-23,9563467c58d0288dddd8ed8ba3a7e785,2017-03-02
aad4ab96e4f509beffd04078d6455f31,f530cd146d415bcd0315b147bb8774f6,delivered,2017-08-19 13:15:01,2017-08-22 03:55:47,2017-08-22 20:12:25,2017-09-05 21:51:27,2017-09-13,fcd67dd409ba74d97fe970e4e0ba189d,2017-08-19
47f1e49b0c53bfde09b97ee3c685fb2e,c80df613ec4c52c7fd1e780f4dc4fde5,delivered,2017-11-21 12:55:39,2017-11-21 13:07:00,2017-11-22 20:48:29,2017-11-27 23:16:43,2017-12-11,79fa3eb416c3933311c949121225649f,2017-11-21
0a8c76aaf89178fd0f7655214a6b5223,edcc2532c1d4e603a2d089188ec5ee90,delivered,2017-11-22 09:00:02,2017-11-22 09:11:20,2017-11-23 20:05:10,2017-11-29 23:38:45,2017-12-11,9126d839ce08dd0b29b02d13dac33b14,2017-11-22
76b38fc94d93c9aa8d4f335f8ba87128,de133572975e6589e01ead0ed0e408d9,delivered,2018-07-10 22:11:58,2018-07-10 22:25:54,2018-07-12 19:46:00,2018-07-21 15:02:30,2018-07-26,5b63adabf3a4ea418b708e05c7f2b073,2018-07-10
796d29c5558898a4ee393750879fb1c5,5ec42e63c046c1c1103bd2301ebe6dd0,delivered,2017-02-03 09:42:20,2017-02-03 09:55:18,2017-02-06 10:15:52,2017-02-07 19:15:39,2017-02-28,fee302f7605a1022d1a885fa5e2cad6e,2017-02-03
9e8253539b3ac1fc283b3d570f7b53ae,2c40b78414b1a68632e1b1ba2191543c,delivered,2017-10-16 16:41:25,2017-10-18 17:07:39,2017-10-20 20:54:50,2017-10-31 16:36:03,2017-11-07,f37fec46253718ba771b73228f000f8c,2017-10-16
b47b5e44e9e8ee3b208ddedeecb130f6,19eacf9da678ec98c1bf610abaa3376f,delivered,2017-10-03 00:54:19,2017-10-03 01:07:16,2017-10-03 17:19:05,2017-10-09 14:08:01,2017-10-19,ec0e4dafb1f2bc91aa5725e931d87926,2017-10-03
a719d9c7b821a18da2ea4ddba7f3400d,6eb471df44130aef54f5b6b37fa68085,delivered,2017-09-13 16:24:17,2017-09-13 16:35:16,2017-09-15 20:20:06,2017-09-25 21:13:41,2017-10-05,6916bae3f7ff69e56cb6cfb3c10d5cbb,2017-09-13
cc4857fe4fa6ced8926e873eafe6f7eb,24faa267f7266151ef33094457227c55,delivered,2018-02-03 13:28:06,2018-02-03 13:35:34,2018-02-06 11:39:03,2018-02-21 22:45:13,2018-03-09,ebca3c2c2f9a826fea36312d2409eddf,2018-02-03
ac71424a743eb11dd4e9bce21531d24e,8a5d75b443cf8040c50ac2210d6d704b,delivered,2018-06-13 14:00:15,2018-06-13 14:16:55,2018-06-15 11:35:00,2018-06-20 16:34:39,2018-07-03,ef9590e67c8efa956cd43cb05a0154e4,2018-06-13
92b48ee2f99d597171a30fc4a45e81ad,6c8c6dcacef23de010f797976a3a1790,delivered,2017-04-18 19:53:27,2017-04-18 20:05:17,2017-04-24 12:08:34,2017-05-11 12:24:12,2017-05-22,4bb738bc373da3582899244c67c0dd19,2017-04-18
fb95626ab41e31a7d219e7c626daf211,ef09bb5dc5ec1355226ed3bc312dfe2e,delivered,2017-10-01 22:22:13,2017-10-01 22:35:20,2017-10-02 23:38:00,2017-10-05 14:49:16,2017-10-30,0b8b7d08b93ef8900e27f89eceb35646,2017-10-01
65c54a38da5958de135d565f7e344c6c,429f3e681a0604e810da36578f7d2808,delivered,2017-04-26 09:22:00,2017-04-26 09:38:07,2017-04-27 08:37:33,2017-05-03 14:17:56,2017-05-24,32668a1135a7b7cb6a8462661979fdd0,2017-04-26
cab94551cf580883129898c612b8cb83,69939c97e2030cde60b3a8176f8dab3d,delivered,2017-11-19 12:24:26,2017-11-19 12:35:23,2017-11-21 20:39:19,2017-12-09 01:51:29,2018-01-15,dc4c9fe30e50428b343a902a92e43901,2017-11-19
ce06291974b77bb06f1e6150423d34f2,06a0aeaba8ae05e4dfec7817ed0eca21,delivered,2018-02-11 17:02:23,2018-02-11 17:15:30,2018-02-15 21:26:47,2018-02-20 14:42:04,2018-03-07,2524783703dfbce0f0ef22c6988a2c6a,2018-02-11
fd6490ff0d0a47338582b893c79863fe,cacf7efbb5d03425e739ddee564d1e24,delivered,2018-07-04 21:15:39,2018-07-05 16:15:50,2018-07-05 12:24:00,2018-07-11 20:06:32,2018-07-31,7bab247a7271978e5729c676500da4cd,2018-07-04
fb2e80e3aa34b3c57e91a7236fbe4326,278416e26d1ca455ce17277b057142ca,delivered,2018-04-19 18:09:14,2018-04-19 18:32:08,2018-04-20 19:02:52,2018-04-30 14:31:25,2018-05-17,33933974371d26770b07fec2ee2f1444,2018-04-19
a96cff07025408618e8a121b1ba3273a,f2e32479d9ca95098b58d56ab1e41901,delivered,2018-05-30 15:04:45,2018-05-31 03:15:26,2018-06-04 15:13:00,2018-06-05 19:07:31,2018-06-25,b13477f516ec1009a821d33dc26083a2,2018-05-30
2d7bb18faafb815ac7c8deaea1c08381,bdec33889d5e740b542fff862327dac7,delivered,2017-04-10 20:42:58,2017-04-10 20:55:11,2017-04-12 11:54:52,2017-04-20 16:03:02,2017-05-08,0347fa27107156cbe6f9673afa7da45b,2017-04-10
1a15c3f0d977e18e8a0d47ea1a9ffbbf,f4f14993dd2f44144049d9612c88bd9f,shipped,2017-06-26 00:22:23,2017-06-26 00:30:23,2017-06-27 18:57:46,,2017-07-07,db21893d351ff7b70a3b70f16ce6ddc5,2017-06-26
f2b69dbd4bd28b5f76698636258902f2,17cc8f7a65b27f3f4f1ea1234c37e9c4,delivered,2017-02-03 09:44:14,2017-02-03 10:01:35,2017-02-03 14:36:23,2017-02-08 16:07:41,2017-03-20,1f31610badc44c438c8e3d1651e750e3,2017-02-03
0778921b814304f85cb9188625e50625,1108051163387bf4b98f729ba303f2ff,delivered,2017-10-29 13:46:57,2017-10-29 14:06:03,2017-11-03 15:33:07,2017-12-02 15:09:01,2017-12-13,5e767052fceebe0be1b8ecd6eeed6d6b,2017-10-29
4f1583d080fe1eec5e509335d79b17c6,6203febf07756d9424976ade260a21d9,delivered,2018-07-11 14:55:56,2018-07-11 15:06:23,2018-07-16 09:15:00,2018-08-02 00:28:50,2018-07-31,dcd0109674ca3d5598fb352bccc02c3c,2018-07-11
dfb753bfb675436ca257d189c5377417,65dd288522b06b501b85cb2c05152190,delivered,2017-12-19 20:13:37,2017-12-19 20:33:23,2017-12-20 21:38:32,2017-12-30 00:03:42,2018-01-17,09967b46ae66281b372b1b001b213897,2017-12-19
78e56715d38f43fe67193581b89e616c,7cf697a12a8a140e56ad9898c4e4decd,shipped,2018-07-09 12:45:09,2018-07-09 12:55:29,2018-07-10 08:09:00,,2018-08-03,0b1a91341f7c5576a9264f9888ef0e63,2018-07-09
ec5938ea8d597f4104d05584ca8288c8,1842c9a87f4946f62fc9ab11c852f98a,delivered,2018-06-12 18:57:13,2018-06-12 19:27:15,2018-06-13 14:11:00,2018-06-14 22:15:32,2018-06-28,db8e17d05979207386d9afaa929a52a1,2018-06-12
a7080883a07c0f23d07ccb99214a53e8,e93b368ca8025ca8aab2cd43ad299d2d,delivered,2018-03-10 23:15:09,2018-03-12 00:00:30,2018-03-12 22:18:25,2018-03-28 19:48:58,2018-03-22,e5dec9f02fb42b48776376bb3435ddb2,2018-03-10
a5c7406fd66b64f69acd95538f35b97e,0c01464f5a36fcdf6ab41071e18efb26,delivered,2017-08-18 21:12:28,2017-08-18 21:25:19,2017-08-22 18:56:01,2017-09-04 19:35:41,2017-09-19,701703848e75a5faef67d1e8d8cef763,2017-08-18
f6c4a5c791463c73a7b292929c88ecab,394b29bca113f3cef535dbc08949043b,delivered,2017-06-27 11:06:28,2017-06-27 11:45:45,2017-06-28 08:27:18,2017-07-03 15:06:44,2017-07-19,4428fe63eb3f5bfde1a5d27f83a815c1,2017-06-27
d2d9d607f76c92a3c0c85626e59b04ad,c8379021033c1bc9a11cfea829d0e297,delivered,2018-03-30 00:06:55,2018-03-30 00:28:39,2018-03-31 13:03:25,2018-04-06 23:26:42,2018-04-24,0c8286526be3a0fc8f50b7267db95035,2018-03-30
0d7183df2ed05cf8f239c29d295b0d34,c82002d04d02d08b4cf13520c5152079,delivered,2017-03-31 13:22:29,2017-03-31 13:35:22,2017-04-03 11:40:05,2017-04-20 14:43:17,2017-05-08,92b0d70289d949dd446b63bb63004c8f,2017-03-31
b61f906e4d28111f250cdf42a93a5967,b89f8b2159cc4f80617c22f0b0ee17e3,delivered,2017-11-19 15:38:53,2017-11-19 15:50:44,2017-11-24 12:28:58,2017-11-25 12:31:42,2017-12-01,404f3056215c60c4cc05356eb63ae53a,2017-11-19
db7c9efd30a82868a11d00a5c5bf2050,890cec1fa7f78339876c002658b35b13,delivered,2017-12-04 17:11:11,2017-12-04 18:30:28,2017-12-05 22:18:52,2017-12-12 23:17:40,2018-01-08,80ceb93ce82442cfa24d160d6a41f911,2017-12-04
2fc9faf8c6b3ffe951029b8bae263bb6,5ffd902ee25652c42ea338c4bb484d01,delivered,2017-11-02 19:29:31,2017-11-04 06:25:46,2017-11-17 13:51:52,2017-11-27 22:42:21,2017-11-24,31bfa97f1ea0663a50ebc5c811ebdf4d,2017-11-02
6ceb24a53abed9d619d077dc285fffb8,e70fcabf5f6bf5273ba341a46b6b83a8,shipped,2017-04-15 13:36:56,2017-04-15 13:45:18,2017-04-18 12:23:29,,2017-05-24,388d7041f0621488957efd684a3665ba,2017-04-15
fdc16f82eae13ca294b737e810effbfc,0c0587c88385d7161f40e56d8ef653b4,delivered,2017-05-31 13:29:46,2017-05-31 13:42:22,2017-06-05 15:33:53,2017-07-27 08:49:54,2017-07-03,0342671f965441203a37ba45931e64d6,2017-05-31
b124d85cd6e55467812fa1bab3dce946,11f80f375a9a1438afcdba2e501750f1,delivered,2017-07-17 20:30:21,2017-07-17 20:45:15,2017-07-19 17:04:47,2017-07-21 19:39:46,2017-08-02,26c79a4a3291e9f6fc3624846af7b544,2017-07-17
dc9b5b176c87f1c3bc2d69b282873d5b,953cdb429e5304d15cc7813dc28a24b7,delivered,2018-05-16 10:59:06,2018-05-16 11:19:32,2018-05-16 16:32:00,2018-06-04 23:28:32,2018-06-01,f267066511ae5e1555b3c2dcd9f44fbe,2018-05-16
fa715569a8d11944307ce94d3413e902,e5bcad0944090f0f57e657329328eada,delivered,2017-11-07 14:39:00,2017-11-07 15:07:32,2017-11-10 20:36:49,2017-11-16 16:08:58,2017-11-29,fad3c89098c5e008e93d79dc390a16ea,2017-11-07
59e55fcdf11e934a4e452c01ce6b7fde,3363e5de47c460289e4d759ec6d35b2a,delivered,2017-12-14 08:18:55,2017-12-14 08:32:31,2017-12-21 21:24:58,2017-12-28 13:29:20,2018-01-12,4bdd26f30bf2fab90f71a3ee8f244b71,2017-12-14
e09eca55c225b904c8579bb1c56b77b2,301d5da00e8c74d0d2c80e2a27089a5a,delivered,2017-12-15 10:14:25,2017-12-15 10:33:38,2017-12-22 19:35:51,2018-01-11 17:39:42,2018-01-16,df330bfe51b1a4fea49073d0e1f9e010,2017-12-15
b6dd40db8e1ba8bce1971d81598330e8,76594f64864294275bcba7f33abbbb9a,delivered,2017-03-26 09:58:48,2017-03-26 10:10:20,2017-03-27 15:28:14,2017-03-31 13:14:59,2017-04-18,c4a87a3fd16aef88625ffe96a358089b,2017-03-26
c69a4fb424b76529afcb0cc81bad3553,65ba91cc9ec42e3c0a0f85b3424a0ade,delivered,2017-12-08 09:42:44,2017-12-09 02:49:48,2017-12-11 15:20:18,2017-12-19 19:07:01,2018-01-03,4754e3b66497719a91b36268ed9c5718,2017-12-08
ce2b4f2836d78829e4796213d536101e,e024c1515b1062b1e7e613f840c35ba3,delivered,2017-06-18 22:46:42,2017-06-18 23:06:00,2017-06-19 20:09:37,2017-07-05 10:55:52,2017-07-11,012452d40dafae4df401bced74cdb490,2017-06-18
6224dcb4ac2d679b4c0739fc060fa3f1,0949cf9ee34504ff762ed1d80b2bca60,delivered,2018-06-12 08:40:52,2018-06-14 02:39:57,2018-06-19 15:14:00,2018-06-22 13:11:18,2018-07-03,c4ad2cc1cab80dd3e916573b773cdfcc,2018-06-12
54e6829fe81bc86cf88b12e6d07ea298,73b659d3fa440f212dde93bf1cba93b1,delivered,2017-05-19 16:02:15,2017-05-19 16:10:12,2017-05-24 10:09:57,2017-06-07 08:33:06,2017-06-12,d701dc1ce088b6d4f3b7c6913e53af21,2017-05-19
18a3784d31f9cf5e372cd05c15ce1502,9fbb3f4d97e802f4eed0c50ecba30c37,delivered,2017-08-21 13:48:03,2017-08-21 14:05:30,2017-08-31 21:03:49,2017-10-01 17:06:30,2017-09-21,56aa50d9332627c8981ed58b750d8ba1,2017-08-21
1409fa8d66178147ed431573330397c0,2fae54536dde6fcf04a52571421e5813,delivered,2017-02-09 15:04:18,2017-02-11 15:05:09,2017-02-17 07:38:34,2017-02-22 16:13:14,2017-03-15,ae6c2808c02ba82b0d0977e1ab5d68bc,2017-02-09
6f44e08b458a69c51d6c0c460358baf6,1156e7c99b96d2222ef03da9831eb266,delivered,2018-02-09 14:00:41,2018-02-09 14:15:49,2018-02-14 17:19:00,2018-02-20 18:39:10,2018-03-14,336a8c5ed580bb95103d60b140da906c,2018-02-09
de1b85f04c5fe5b727293a8133502cb1,370e9b111968bd747c429eb56c54c8e3,delivered,2018-04-19 10:20:15,2018-04-24 18:58:16,2018-04-23 23:39:47,2018-04-27 00:08:54,2018-05-09,5cdb9e29de72b5564ffe68e9b4810d8b,2018-04-19
4fc279d715281e5ccd53567d959643ea,72788081fffc9ef714b9ba0e5c21e7d5,delivered,2018-08-10 13:40:11,2018-08-10 13:55:19,2018-08-13 14:49:00,2018-08-18 13:02:23,2018-08-29,604a2d4c691fa883f0f8720ec32df7ea,2018-08-10
0dca3fc331e8c1be1dd82ecb2689f3af,c6ad98f73419be6655a1f88f97e8c5d2,delivered,2018-03-13 17:09:32,2018-03-15 03:31:35,2018-03-19 17:22:37,2018-03-28 20:22:49,2018-04-03,e75ed76f494fbab8e9383b40c1a75d6a,2018-03-13
335f8f913a1d29120e07b6bb9847d73c,513f24c01c5b22fe1b97bb2ff08f1808,unavailable,2018-05-12 15:28:13,2018-05-14 15:33:16,,,2018-05-22,73febdb05d517b0ff5f969053349f1cf,2018-05-12
9e73206bec0372cd5c586577e7910236,1e2efa955775eccbf59ceac62df6de67,delivered,2018-05-24 17:14:00,2018-05-26 02:32:03,2018-05-28 15:03:00,2018-06-04 17:51:23,2018-06-26,861ca43c14540a2b540964728a1a26d1,2018-05-24
9c475f19f847e47760cdf04217021ab9,8dd2d4e7ee336eaa9956df2067e02189,delivered,2017-10-11 19:52:39,2017-10-11 20:07:14,2017-10-13 21:13:49,2017-10-18 16:38:09,2017-10-31,49e2821c4197c236622cf35f9e61fe09,2017-10-11
bf61fe4ac0f160dc7067f5d0eb8e3bdb,c08708febfe6154b7a0f3fb5acaa17d7,delivered,2017-08-28 22:38:25,2017-08-28 22:50:15,2017-08-29 22:30:04,2017-08-30 22:38:06,2017-09-08,b6b5961b363072df6f48062d145dea95,2017-08-28
10a2db7fa5e572ffbea8f6cc6caa857e,493eb36e43c471ff20a2fafa1e078d6b,delivered,2018-05-23 21:14:36,2018-05-23 21:37:13,2018-05-24 13:49:00,2018-06-06 17:33:00,2018-06-20,bbd6af326b3fc1c7aa8d61886f0a1d58,2018-05-23
ddefab02557da340a3bc73518bf2ecf4,0b337ab429c8299074ace7216c267887,delivered,2018-08-02 16:05:38,2018-08-02 16:43:55,2018-08-09 14:44:00,2018-08-14 21:07:46,2018-08-28,2275e8c3a55ae493da404450189633e8,2018-08-02
e669e95aa5f8eea105055ad8829ef533,37bcaa01c187cd16e1d916173a202232,delivered,2018-04-22 09:05:32,2018-04-24 19:23:46,2018-04-24 12:48:55,2018-04-25 22:05:59,2018-05-24,e9f1564a928d766c0e3060dc9347d84a,2018-04-22
441c901e2503e4802ab098944bf13df6,4111e75859e048628882fda7bc71f6ba,shipped,2018-01-04 12:38:02,2018-01-04 12:49:47,2018-01-09 20:33:48,,2018-02-02,f45bdaa7c102da31959c591a0a65ceeb,2018-01-04
b33dfa9cb1bd5eb21f0a09da605e1af4,158a5c9744f7e8bd8d51ea561cce652e,delivered,2017-04-09 11:52:00,2017-04-09 12:02:43,2017-04-10 15:35:13,2017-04-17 22:56:55,2017-05-08,1e060fb5efaa80937d7b9377f9dd0da8,2017-04-09
b1ec6c247af2e78825a5cee5cacc925e,8e3b1bf0cf223b37529be8d1e951e0a6,delivered,2018-07-26 08:15:53,2018-07-26 08:35:13,2018-07-31 13:20:00,2018-08-03 21:44:43,2018-08-16,9b4eb1f9f270b301f8d4b2a4eb076017,2018-07-26
5cb2e7396780669f8f84f6c2fc3c52a4,254cad70ce6055052d59e64f901aa25a,delivered,2017-09-30 10:50:08,2017-09-30 11:07:10,2017-10-03 13:33:58,2017-10-05 20:15:13,2017-10-20,a3b8a7b9bcf9263285099c9fedb550ec,2017-09-30
4a3b3a1333c6468be0917515b6253108,871cd220d27f326c14f7fa1c5398683c,delivered,2017-08-01 13:37:16,2017-08-02 02:55:27,2017-08-02 19:04:29,2017-08-10 19:57:30,2017-08-23,b27c5b058158c75da3fad04cc86cff97,2017-08-01
010d6db2f77220b394f147836c94f27b,544cfbf822c23de5e82f86d638b82b58,delivered,2018-07-11 16:56:46,2018-07-11 17:10:10,2018-07-12 15:08:00,2018-07-21 15:26:45,2018-07-26,68b985a24263e49feebb66ab492145e7,2018-07-11
31198c57e7c220ab18af604edd8609ec,f3d89a355a1a1cf2eb8db8a2b674ecfc,delivered,2017-07-30 23:17:05,2017-07-30 23:30:04,2017-08-01 12:15:12,2017-08-09 21:37:32,2017-08-18,7e75aeef30d7e9d4ac860fcc8eaa8812,2017-07-30
065bc1a2569e7a22835b49f40208f394,c5dbdd1c279eca001d619e8351528d2c,delivered,2017-11-09 13:49:13,2017-11-10 02:56:04,2017-11-10 22:06:03,2017-11-13 17:22:17,2017-11-23,df924ea3ab35a71d6b41941bbe57a3a7,2017-11-09
0ea9b1519a74b738d828ad5705acdd1f,c68471819898a5f1b3c4ecb4d65aaf2e,delivered,2018-07-05 22:52:59,2018-07-05 23:11:45,2018-07-10 15:43:00,2018-07-12 18:31:26,2018-07-18,fd65520ca37a2d5adfde37d934bfbb26,2018-07-05
445af51c029e740dfb8f62d31375b889,ac74922706425cb6b9b743b84d03d894,delivered,2017-07-15 12:13:10,2017-07-15 12:25:10,2017-07-17 20:26:10,2017-07-22 12:58:33,2017-08-08,3b880ab941b6f84e459463cd1fc6fe85,2017-07-15
c61762adaef391522b6b437cfe8a40bc,4d00eb0b76f14e173b2a5cff5c839198,delivered,2018-02-15 18:50:08,2018-02-16 17:08:32,2018-02-19 20:35:14,2018-02-26 14:22:40,2018-03-07,6cf20fae2683f7ed1952aa20791a500e,2018-02-15
247845908b9f43dd4e4f32291924d6b6,347f842ed0d0b71671e290da175a624f,delivered,2018-05-16 20:35:31,2018-05-18 01:57:23,2018-05-18 08:43:00,2018-05-21 22:14:42,2018-05-24,6f63add2d68fc75bea67175fdb020f36,2018-05-16
7e5821896794f7ee1e792ef610915f78,46eef7e3903336fb61954299b91b371a,delivered,2017-09-12 19:43:20,2017-09-13 03:26:00,2017-09-14 21:12:40,2017-09-21 17:22:15,2017-10-06,706cdc310c7f626d1d2bc95c396202e5,2017-09-12
22fc44f6f4d13ad1c7a07054e0b42e24,afd4e6fa6bd97f8772e3b8e0211cb0e9,delivered,2017-07-24 21:44:14,2017-07-26 02:25:46,2017-07-27 14:05:44,2017-08-02 16:17:31,2017-08-11,54f3df1d58917982736854425d1fa8bb,2017-07-24
0410f4cc1616cb8c9d1f03c78a8c9f81,cb3ac9287a240ab1ff177d10e4f61553,delivered,2017-06-22 22:31:14,2017-06-22 22:43:15,2017-06-26 17:22:56,2017-07-11 20:16:25,2017-07-26,e7186ccfd4b94f9bec13a341d33b79d3,2017-06-22
e158e6aaed1732fbac39e9411f33f48a,a887eb458211a94104cfabfa62a413c1,delivered,2018-07-22 20:05:35,2018-07-24 11:32:33,2018-08-09 14:52:00,2018-08-22 16:22:47,2018-08-21,4051ab470e8991f98669105fe5ea7141,2018-07-22
5c970ae2d7acc353fb8a086fa101ba95,e0d2d4e53864660490ab5c6d78fb7555,delivered,2018-08-11 23:03:48,2018-08-11 23:15:09,2018-08-13 11:01:00,2018-08-22 17:21:22,2018-09-18,287b357d3f439f7a81acb81307e52d46,2018-08-11
c56e8d085e3e718d31e0420e0a05a5e6,1b17f53f320e5983dc5193285284d471,delivered,2017-08-14 23:14:51,2017-08-15 00:15:09,2017-08-16 13:55:29,2017-08-17 16:56:03,2017-08-31,dc79a34ab5c295d51b65263e28c41e40,2017-08-14
d859b40b1d9bb3cdd347358688bc3272,d20b7041712591ed7c9f118b95400b0d,unavailable,2017-10-10 12:55:03,2017-10-10 13:14:14,,,2017-11-08,8caab5d8742e920b2a013d10cbe37d3b,2017-10-10
162e41cca84030fa1901010d70ae0bed,f46866bee9c15d7a3882b4c4caf5495e,delivered,2017-05-24 16:08:55,2017-05-24 16:22:42,2017-05-26 04:37:38,2017-05-31 14:07:33,2017-06-19,cc5e7024e7bc26facf591b668e1610ce,2017-05-24
aa6e3cc7cf13ef1dc599d1243daee6f6,af18612bfb6a3f68257c693f72848f28,delivered,2018-08-18 23:54:05,2018-08-21 04:15:19,2018-08-21 14:21:00,2018-08-27 18:40:41,2018-09-20,9acdbfe69422cba27ed820c7bf532b94,2018-08-18
5ef19cbded760e407b107f1be0e293f0,c2c698586ce38f1936de867bd495ac82,delivered,2017-07-13 10:35:01,2017-07-13 22:04:11,2017-07-18 20:12:41,2017-07-27 18:04:00,2017-08-16,0dddb1f8f7a4b64555e6084fc18c832f,2017-07-13
521eea255d54a537e8889bb61072923d,9c312b701ef906a78d378491baecbdfc,delivered,2017-12-12 11:40:26,2017-12-12 11:57:47,2017-12-12 21:08:54,2017-12-20 18:28:44,2018-01-15,654ae520c6e955d5d41dd6e181a024b7,2017-12-12
405681d4d6342114f04f4e25f4d90068,b2d3d5a175d05143786f65b54624102c,delivered,2017-04-28 14:09:28,2017-04-28 14:23:13,2017-05-02 16:14:35,2017-05-11 12:53:53,2017-05-24,177c725937ae5f96171bb8b43f196dfa,2017-04-28
633c2a967fccd6310a2cc20c2e696060,5526c61545ca42dee2147b429e9f0fb1,delivered,2018-03-13 08:42:43,2018-03-13 09:20:24,2018-03-14 16:12:54,2018-03-27 18:32:59,2018-04-04,f37ddc20da6cf3319c3dae26ee59b739,2018-03-13
1cbf88b2aa2bdeff779e6afe29620c25,4f27c407f9ce31a4332db49cbf35375f,delivered,2018-02-17 13:40:54,2018-02-19 10:10:45,2018-02-20 21:04:55,2018-02-26 22:49:01,2018-03-13,9fa01ce9afb29c8b59fa628e87a6111c,2018-02-17
c3301bb3a7c95a0f36e7215526946b82,c677750d5335515697724f4668b11ebe,delivered,2017-10-30 15:28:29,2017-10-31 04:06:22,2017-11-01 18:12:09,2017-11-09 21:21:11,2017-11-27,9e70789ce737e5164397d6b042883d48,2017-10-30
345cca4de7d0b4ae2a6aa85083aba293,6a5c19d132ee5eddb9406fc88a0052c7,delivered,2018-05-31 10:27:56,2018-05-31 10:53:48,2018-06-01 09:05:00,2018-06-18 21:20:03,2018-07-13,f9011ad436809625a9fca87e409a4c6e,2018-05-31
a4aab7a5eefb01fefbe85126bf8acb94,c0d7ee1f8d98b1524b9f5ce264a5d3c1,delivered,2017-03-05 12:17:03,2017-03-05 13:05:41,2017-03-07 10:50:09,2017-03-20 09:25:41,2017-03-27,bc5d6757015e0aaeac9449fee548e2d5,2017-03-05
fff6889749958e42b47a7977a4cf0ea0,c5d108ecadaedf367e995520d36c9b1d,delivered,2017-09-25 22:41:26,2017-09-25 22:56:15,2017-09-27 12:59:49,2017-09-28 22:38:04,2017-10-10,2b19910e856b2ba3e7257e63a093a3df,2017-09-25
967b0e60c5ee39c56e26e3b441c0eaab,632dd519b6ef9b17fdde07505296cebb,delivered,2017-12-09 12:39:36,2017-12-12 04:09:10,2017-12-14 20:03:40,2018-01-08 19:25:47,2018-01-15,877e6f519952818f09d916b45f380cb3,2017-12-09
a593e3fb1608a34cd19aabbebc709931,da19a1e67956c7e774d47585e772b89d,delivered,2018-07-08 21:56:35,2018-07-09 21:55:08,2018-07-10 11:50:00,2018-07-12 14:11:28,2018-07-25,dbb4673fa14db1f3b2fcc19bd599e2c2,2018-07-08
f4981812af9b38cde6d9d481c1c88981,6812c2b30ace98dfd178a4d45c88495b,delivered,2018-08-19 11:28:30,2018-08-20 11:33:21,2018-08-22 08:12:00,2018-08-23 16:42:00,2018-08-23,0610a3f919d96e4cc79c5dd624b37ccc,2018-08-19
7776efd9111e9fc4702936560e4b0a10,b1228ceedc8b2dd34210e466108c6282,delivered,2017-05-03 17:24:06,2017-05-03 17:35:11,2017-05-11 10:50:32,2017-05-17 08:39:43,2017-05-24,c198d4177d06e5f49a7a65e8bcb8f477,2017-05-03
0401f33945d6292657d6a4d951191570,62c2b34ef77182d555a097e092cec25e,delivered,2017-04-11 07:49:41,2017-04-11 08:05:12,2017-04-12 17:47:53,2017-04-19 11:18:33,2017-05-03,60ae910f58006f096b4d848e5df0b6f1,2017-04-11
03df18ab5ba4464030b07f49dc6d206e,258a456e9fc702644a8f3c49f1a07031,shipped,2017-05-25 09:10:21,2017-05-25 09:25:10,2017-05-26 06:48:02,,2017-06-26,03824ca7259812a13878a064dced0400,2017-05-25
9ffb45ae8887425787cc295941f817f9,f37a657ab3c515ad0ed4be8f88521ce9,delivered,2017-08-20 16:19:21,2017-08-20 16:35:15,2017-08-21 17:57:02,2017-08-29 20:53:04,2017-09-14,d0be30ee664f00c5b5c654790208e0e2,2017-08-20
cf9fc0dda8554193b41e69f30fb570c9,8d9864cd328e623f5be10fd95c7b5c7d,delivered,2017-08-15 10:39:26,2017-08-15 11:05:14,2017-08-17 19:39:56,2017-09-01 19:27:32,2017-09-19,6d3a7899a5416ff9dc48e3fe1e7123e3,2017-08-15
01255808a3d38a8dd69aa93265a4cb88,a72282d3fc20f2e29b2659372f3aa616,delivered,2018-01-22 12:01:23,2018-01-23 11:56:28,2018-01-26 20:51:47,2018-02-01 21:59:00,2018-02-19,814ceb72855a60059e5065f45a1eb320,2018-01-22
c6d26341bec0769b3ccfa232c63b3675,696bb5fa97564f4cbb50bf3c9bed95b8,delivered,2018-03-15 13:34:45,2018-03-17 02:40:36,2018-03-29 20:19:36,2018-04-23 22:02:05,2018-04-25,157c95d6d16d5c99d6c0355f3f8fb220,2018-03-15
04b16c4b451253310532ae8020927b06,a2e817de816d28b4f09ab2ae8f2b02f3,delivered,2017-11-10 08:27:56,2017-11-10 08:46:45,2017-11-16 21:13:01,2017-11-24 22:18:47,2017-12-06,a74604c8d59be4d5eebd1fdde0e5e57c,2017-11-10
cfa438aab28ed50c386312e0e475dd82,73631dc5c28afb245a00ec5a173e4258,delivered,2017-06-25 19:56:00,2017-06-25 20:05:18,2017-06-28 13:17:42,2017-07-10 18:22:54,2017-07-18,f62484e3f5d733b09d491058b3368975,2017-06-25
c79f6f90ae7d5b3b63033215b568c827,a2275d6d5cd707a2bdc00b70b8098109,delivered,2017-10-27 05:10:43,2017-10-27 05:25:59,2017-11-07 15:19:14,2017-11-13 18:48:42,2017-11-16,1c7ab8f95b9a97ea97e6baf58062cf0e,2017-10-27
9841f5f29be60e9a4686d0bd4593ed6f,fd4f02ac342dbfe3f9bb0ef84e5020e1,delivered,2018-03-15 17:33:05,2018-03-15 18:30:48,2018-03-19 11:03:17,2018-04-15 17:51:28,2018-04-10,1599e56c439334fed6220d98264467c9,2018-03-15
495f50370bfcd6d6d0b950516842799e,ec3c0a625a091d8c68116c7dbe1ce6cf,delivered,2018-08-16 15:19:27,2018-08-16 15:35:15,2018-08-17 19:55:00,2018-08-22 23:41:27,2018-08-29,7da070da8d184c584b85225f3c883927,2018-08-16
d162bae2bce3257ad0b36cbaedc134fa,06206dbdc73fe897776daa1ba986b24d,delivered,2017-11-29 21:11:12,2017-11-29 21:18:23,2017-11-30 16:38:52,2017-12-05 21:18:48,2017-12-26,00c0bbc49a530c07c110d269211da046,2017-11-29
33701411446fda95a2c013c5e38596ba,3760c826a4b281eaa5df1bb856d54c0c,delivered,2017-12-17 21:11:08,2017-12-17 22:11:30,2017-12-18 19:27:20,2018-01-10 22:58:23,2018-01-18,fb394639f086fc97ca744c8507aff87a,2017-12-17
92ab8a19c1116e567a86ebdefeaa96af,c37295cdbe08276517e2f4ea77bd85eb,delivered,2017-02-07 13:56:36,2017-02-07 14:10:12,2017-02-13 09:05:55,2017-02-17 08:40:29,2017-03-13,36f410e8008ce34a588055040f2dc7d1,2017-02-07
dc54f7ab58e8feced89cf7f0bb97fc77,b088be162a30d463b37ed38acf4ff8f1,delivered,2018-08-05 13:36:14,2018-08-05 13:45:10,2018-08-06 15:24:00,2018-08-10 19:31:49,2018-08-16,45c5dd3fdc368daa9761e72a98f1a86b,2018-08-05
39a0d0b03feddb763290ce602f2ea50e,fdb91cc7facafdba34d320bf52cdf8c4,delivered,2018-03-28 13:16:08,2018-03-28 13:30:22,2018-03-29 17:46:42,2018-04-03 20:28:36,2018-04-10,2dc7d1900619cd927ac37f7f67b4766c,2018-03-28
8335800095520f0d31f7e19c08c135b3,18da0750bf5bb2807da88223aaf6117f,delivered,2017-12-04 00:27:48,2017-12-04 00:35:04,2017-12-05 14:22:55,2017-12-06 20:24:59,2017-12-20,c9a4840a344c95379a7250c3ae869612,2017-12-04
2a4a61e33c241879042d95af560f9bd0,504063576a460d7b4bd02f849e785757,delivered,2017-09-05 08:05:20,2017-09-07 02:56:13,2017-09-18 20:42:23,2017-09-25 23:21:54,2017-09-25,ca9c872ff351c13170799947cc11c044,2017-09-05
dae77dea063022deb7f856fdec40622a,1214875f26abb740d1d69fe5bec29bd7,delivered,2018-01-17 08:46:59,2018-01-17 10:57:30,2018-01-19 16:18:52,2018-01-22 20:38:37,2018-02-01,11a70a19daa97b603d0a044590c5177b,2018-01-17
55af3f02d418fbfae46c0e04bffe4676,8a4097fca61c98661684fbfe703083ca,delivered,2017-10-04 12:47:40,2017-10-06 02:28:14,2017-10-10 20:35:41,2017-10-18 18:32:39,2017-10-27,e5f42d1b1edc12b0594b446a57e35d5b,2017-10-04
26d8e1e269a4f8603d993f7aba37a207,dd101a5a4c2ebc1a148c97491a146d33,delivered,2018-07-25 01:47:22,2018-07-26 17:55:09,2018-07-27 13:09:00,2018-08-01 17:27:38,2018-08-17,f767085ea67b3c43b74192def3722654,2018-07-25
9bf42f15bce6cd9485c456da9885a3ee,26ac23df56e62150d9f3d4bcbe1feb87,delivered,2018-07-12 11:53:11,2018-07-13 03:04:17,2018-07-19 14:08:00,2018-07-20 21:12:51,2018-07-25,484be5f08ab5234621cfd5bf54f5b643,2018-07-12
4ed4fa202c468c14366fbf603c8698fd,8e9100df87f0102df82026f2400af7ed,canceled,2018-07-29 00:04:04,2018-07-29 00:40:05,,,2018-08-22,6b619e0217dbe64b4cdc74160be64f2f,2018-07-29
4be1a4a38ca262d7488a14c64e13e143,2a7c6ea724429ad340a8e09777aa2145,delivered,2017-06-10 20:30:08,2017-06-10 21:02:41,2017-06-14 14:46:56,2017-06-30 15:12:29,2017-07-05,e21c59137aeab92aaf2b6cb860debbb8,2017-06-10
d3842b5388a1a39f220c1fecd16807a6,9999a835a6a953d5d95e3d0d09946f6e,delivered,2018-03-30 23:27:37,2018-03-30 23:47:24,2018-04-02 22:23:37,2018-04-06 17:49:32,2018-04-27,1a73a85589f553d255cc0ad4545c588a,2018-03-30
e9e702d3e92379f53b4805d98c094bd7,bebb261717d5fd18d378c249c396f6e5,delivered,2018-07-15 14:16:19,2018-07-15 14:26:14,2018-07-17 09:45:00,2018-07-27 15:15:32,2018-08-14,05fb25843c4048d1ce40611d11966278,2018-07-15
3ae126761938741db80da6163567b03d,1216f129d061c7379441b835d619072e,delivered,2018-02-14 22:22:23,2018-02-15 00:31:53,2018-02-15 22:26:56,2018-02-27 17:48:39,2018-03-21,cf0fb738fe7738a519e4e8f47ca09bc6,2018-02-14
8a7541705a66fb7e0521852e4bb4a50b,88127bd777dd3e53ec9a97bfefbb9954,delivered,2018-01-14 22:49:06,2018-01-14 23:09:02,2018-01-17 22:19:18,2018-01-25 21:59:39,2018-02-21,e345f64f7ac1f647ddda5d0adc85e745,2018-01-14
0aeae688def7b96d0f56187115a7a8cf,386b33ae40dc4d773f4682a20df4f133,delivered,2018-06-18 18:19:17,2018-06-20 02:54:51,2018-06-20 14:20:00,2018-06-22 01:12:32,2018-06-28,edfe46388531fd922ae5176d9711ad50,2018-06-18
f49a6f58212cfa59614b93f6a2378572,b61a1d7fb4a9899ca9300a42300e9403,delivered,2017-07-20 09:58:18,2017-07-20 11:03:03,2017-07-20 17:48:43,2017-07-22 12:17:26,2017-08-04,d68bdb5bc478a18ad98254a3ca48c4d3,2017-07-20
bbe9cd550cedc72e9c9ea15fe13bb91b,0f3e1ba8c59cc73f5957cc74d9e25698,delivered,2018-03-19 17:53:52,2018-03-19 18:15:48,2018-03-21 12:42:04,2018-03-22 23:55:47,2018-03-29,6e461ec96c9aad81128aca921cfe901d,2018-03-19
828cb23d35630c92b140ab22ff23c485,469884f267ad928b17fa5cc2751ef2c9,delivered,2017-10-24 22:10:39,2017-10-24 22:28:15,2017-10-26 19:22:28,2017-11-03 20:44:49,2017-11-21,0a71d02381f87d1650e2267069ac9682,2017-10-24
a9db785c3c219acb88a8a8c594045493,9e24614d3c9138935bdd12b9b0504a7a,delivered,2018-02-12 19:22:50,2018-02-13 19:15:27,2018-02-16 19:56:34,2018-03-02 17:53:57,2018-03-07,7d904a4755e206a3e308a1f03d4a3a7c,2018-02-12
ae471dc7860dcb671837ae421a18733e,0bb4158d2611514ebcf615f2565d34fb,delivered,2017-07-31 19:00:05,2017-07-31 19:15:09,2017-08-04 13:24:54,2017-08-17 18:57:36,2017-08-24,06b825ab0cda1781409d7188a56adb20,2017-07-31
774359a2a8b6be829653bae9390a0dd0,0ffb1eef43d5b09212ae83cbdc298470,delivered,2018-05-14 16:15:03,2018-05-14 16:37:24,2018-05-15 14:12:00,2018-05-21 17:42:15,2018-06-05,e5a36d80dcebce80e07ae7626d1a8acd,2018-05-14
479aedf16362d3b08917c3d84532d449,abdb0cc9c57a8bd3f6d33066f04c11d9,delivered,2017-11-13 06:44:46,2017-11-14 04:06:56,2017-11-14 16:51:59,2017-11-16 18:44:45,2017-11-27,97a1796c2c9339de0439714abf7cf262,2017-11-13
b3214fd3a99a63b619aa677c9b69017e,be7cde4faf5050c3c79c1a867f142dc9,delivered,2017-07-03 23:05:24,2017-07-03 23:15:12,2017-07-05 12:22:21,2017-07-21 17:07:29,2017-07-25,7d594464749f8b59d5e259954d705b2b,2017-07-03
a0dd16fef84e1de7791dbac7e4020bad,eeb4ba6ab8504b3d2356b69f1c11cb06,delivered,2017-10-17 22:39:08,2017-10-18 23:56:19,2017-10-23 18:05:02,2017-11-09 21:22:21,2017-11-21,d2ef3aa31349c46c778a33616f87e872,2017-10-17
e99f27b73c1fb9070310e00d081d3c96,fe6d73ac006153a398439253006e5adc,delivered,2018-04-17 09:48:44,2018-04-17 10:55:32,2018-04-17 22:58:25,2018-04-25 22:16:46,2018-05-08,60f874c577dc096ecd52bd0bf6bd5942,2018-04-17
084ac8d010dca0cb81b1bd4f375a047e,76f2cd7947ffec4952fd90353fcca395,delivered,2018-02-13 14:37:04,2018-02-16 07:56:21,2018-02-16 19:42:04,2018-02-26 16:13:34,2018-03-07,7e1681f9bb31800364869a2cdbe289db,2018-02-13
6e44a8c682fac139d29384acf3a1059d,729891ea1ef5f05ecd5a65a7d6b4efbc,delivered,2018-01-26 09:34:38,2018-01-26 09:53:01,2018-01-26 19:49:05,2018-02-05 20:42:52,2018-02-21,e1f9aa04cc44070dd501b7293b0ba857,2018-01-26
2d62a673525d6861e6f5f7ea6969c96c,25965361605f7bee4609f204dced6ccc,delivered,2018-03-22 23:59:55,2018-03-23 00:10:52,2018-03-23 22:11:42,2018-03-29 19:58:24,2018-04-10,6f65f19c2dcfcab8b76b2fafb5b840e1,2018-03-22
25bc21949722976517998582ae5073a4,47a79e79095bde4cf58c12d4ad6fe43d,delivered,2018-04-04 14:16:51,2018-04-04 14:49:39,2018-04-05 18:14:36,2018-04-10 00:13:18,2018-04-18,0d519cfe31689fabcab064df5c93e693,2018-04-04
4d5fca22363528ec48be05c22fdbf690,12c6a38b13ba4a14cafdfbd4d92d917c,delivered,2017-08-24 18:32:19,2017-08-24 18:46:41,2017-08-28 19:37:58,2017-08-29 19:33:45,2017-09-08,0b332720a46bcdf8d6dfbab93962e170,2017-08-24
3e9e43fb06f07b42b4bb306628866e20,8fc424202bec33af360dec7c974c60ce,delivered,2018-03-03 18:16:14,2018-03-03 18:35:31,2018-03-06 02:18:55,2018-03-07 22:13:21,2018-03-15,f8871d2a167b1a66c7489dbca6a77a8f,2018-03-03
195dc38d3441455e6f25b23f9cd6afc3,b206d33800162480f92693603b17751f,delivered,2017-10-20 18:25:55,2017-10-20 18:56:28,2017-10-24 20:21:55,2017-11-01 16:08:57,2017-11-16,370eb4c13ead0fa3345d759e7c46004a,2017-10-20
53e36d11c76231e0071729977fd0a90a,23456b8fa364475d41ff13e408d9447d,delivered,2018-05-09 11:53:08,2018-05-09 12:15:29,2018-05-10 16:39:00,2018-05-30 14:38:29,2018-06-11,b109019ce7a10e8bd8e6b464fee22a9e,2018-05-09
4380c4ed9da2c69163359909e4e1510e,f5e1e4c71ca7b28a6b61fb4db9442a8e,delivered,2018-01-19 13:39:35,2018-01-19 13:53:57,2018-01-20 00:14:57,2018-02-01 17:22:51,2018-02-15,8f80ca0abc88b6bb5e276a1257f03848,2018-01-19
f9a6aec1708cd20b564a6b2a29ed2290,df72728563c0a348eed0e450e9e8c2b7,delivered,2017-09-27 07:26:22,2017-09-27 07:49:07,2017-10-04 17:38:26,2017-10-09 18:52:57,2017-10-17,ffeefd086fc667aaf6595c8fe3d22d54,2017-09-27
9b3149eabe3d80fae592727f31f103dd,fef6c42a548fafc4067121c4aec427dc,delivered,2018-04-12 14:57:23,2018-04-12 15:53:17,2018-04-16 16:23:54,2018-04-27 00:04:27,2018-05-08,b632522ffdc2b9df6e718ed1f9193949,2018-04-12
96c92c62ca4d7a50e4b7d86d55acf918,030004cafb2703766067d48c01a92c86,delivered,2017-02-15 17:42:51,2017-02-15 17:50:20,2017-02-16 14:07:15,2017-03-11 10:34:12,2017-03-24,6152306533a889b0d5b9234324e259cc,2017-02-15
4452080876f5de5c69e66d6d8b9e10cc,5058aeeff6ed95ff28cd16cb102b2530,delivered,2017-09-11 16:05:10,2017-09-11 16:15:17,2017-09-12 17:03:34,2017-09-18 21:13:12,2017-10-09,9944c97a2e3692fd6f2865897764cee0,2017-09-11
184ec7818067e1f9dabd3bc13e09b215,6abf107a7ce2297793f965a9c697fb33,delivered,2018-04-15 23:28:23,2018-04-17 05:49:59,2018-04-18 18:19:16,2018-04-27 18:08:53,2018-05-09,713c70a20ec3b330b4d560b427b1fe28,2018-04-15
0b5d86d1d6e2e765f19774b9572b1987,b8b10ecc0664c406ae20e83dcceb0d80,delivered,2018-08-15 10:57:35,2018-08-15 11:10:19,2018-08-16 13:11:00,2018-08-25 17:03:32,2018-08-28,7728b30e6e69efce169e6ab19f341c66,2018-08-15
7791afbee6ba14f8b4dccb15767c2a9a,0162379b4069e08e04a6631bc3e9f4e7,delivered,2018-03-16 14:38:23,2018-03-16 14:50:24,2018-03-19 20:17:35,2018-04-06 18:50:33,2018-04-11,61e89797032f79e1fee1c00caf924fd3,2018-03-16
084f5caa157d28601e72b588e656e3ec,145d10d2c740be50c50d82f083a813b1,delivered,2017-07-01 16:43:58,2017-07-01 16:55:16,2017-07-03 13:34:50,2017-07-11 18:47:32,2017-08-02,6263c619d9d052abcb21fefd9bb500d9,2017-07-01
2d9b91a78d7d0b728d2c29ce3006d676,922b653b29a3319b5e28e85617c615ba,delivered,2018-07-30 09:54:40,2018-07-31 09:10:11,2018-08-01 16:10:00,2018-08-08 18:06:36,2018-09-14,3b03ec0592804e363b6cdbaeb22ef1b8,2018-07-30
b3a32621fc0c7dc8cc99ac717fc61b92,e6d5abbb55cac8e7366b9ac8e3ed09e3,delivered,2018-06-10 18:18:26,2018-06-11 19:02:43,2018-06-12 15:50:00,2018-06-14 23:31:23,2018-06-20,b5e603dc4464947709b991f22fea8849,2018-06-10
dc9470b246bc5c83e5e72f1897971fcb,1c4baaa0618b5e734254a134c5cf8112,delivered,2017-08-03 09:35:17,2017-08-04 09:45:15,2017-08-07 15:27:47,2017-08-07 20:52:02,2017-08-30,d4c08fff82e9995899d6f5377b5d5367,2017-08-03
46f3c8f0f9ca12fb198779b7f99a0e0a,ad106b5312306e6757e1fdffb7aef21c,delivered,2018-07-01 07:27:07,2018-07-01 07:49:54,2018-07-02 15:47:00,2018-07-05 19:14:42,2018-07-25,5069b600e117a95d45266d2c8a4bb225,2018-07-01
b3b5d713fc857811f634897062f23bea,245246883fc6a78e46848b45f53adc8d,delivered,2017-10-09 13:58:15,2017-10-09 14:07:25,2017-10-10 20:33:47,2017-10-17 19:24:56,2017-10-30,2a7b6c380efaf080683d3e50017cf36a,2017-10-09
17afe0bafc1638d46b55c1d56b393015,5ca58c6df796876b23653e4b265b4a08,delivered,2017-10-04 10:17:39,2017-10-09 11:23:05,2017-10-13 20:39:44,2017-10-19 18:14:12,2017-10-26,995fe9426f030109b1614044edaf46d9,2017-10-04
7d68f1da2ad6d6fa877e000788daf541,e7a503a253ff229e218670d750c36c9c,delivered,2018-07-04 14:45:47,2018-07-05 16:33:22,2018-07-06 10:31:00,2018-07-13 15:38:43,2018-08-06,f22bff5bbd318b89e51698347cd1837d,2018-07-04
a82a8de42e1aa1d5c74f83f7b23fbea9,b6dac2712e2f2441f14582d81cf07a4f,delivered,2018-04-10 17:04:00,2018-04-10 17:16:19,2018-04-11 16:58:25,2018-04-17 15:04:13,2018-05-08,c23f463838386f2ed48539454a210480,2018-04-10
5270193839803d1752c1368633ce32de,721108d662313689bca8c34adf5c5f62,delivered,2018-02-12 05:13:32,2018-02-13 05:10:20,2018-02-15 00:33:21,2018-02-27 20:29:23,2018-03-09,0bf1626a7a55a34f1125174bb92993da,2018-02-12
17630ee81adaa153933991eef88dfa45,0e1cf01349134f121d7e316718d65415,delivered,2017-07-28 17:27:08,2017-07-28 17:44:21,2017-07-31 19:22:14,2017-08-02 19:32:03,2017-08-21,86a6bc165848c0ecbabd945bf2239ca6,2017-07-28
a54a12a470f9a5a89f1a1f19607959ca,a8f78dc3ca07ecfceb3908935971ea3d,delivered,2018-06-21 18:34:21,2018-06-26 07:12:59,2018-06-26 15:38:00,2018-06-29 23:42:34,2018-07-19,f2047914c6a757000c15b12e14f86213,2018-06-21
c8c002c98c3b0b4d4136b84f76f635a8,c7f827df881d513428043f6c8153eb6b,delivered,2018-01-23 22:51:57,2018-01-24 18:12:42,2018-01-26 22:19:07,2018-02-09 01:44:46,2018-02-23,bdfcfb95b8d3e5792240bbd5108a7096,2018-01-23
7d8db373393c49a61b22e4688965988e,ad7a465c17f982816cdb4e6c5a71c58c,delivered,2018-02-02 23:14:48,2018-02-02 23:29:56,2018-02-05 23:34:16,2018-02-20 00:12:56,2018-03-05,a09a996674994335d624b1857865c205,2018-02-02
20a8a330c884b1e98b50397b518efc35,f38f9a47f86946a481bee72088dc2b92,delivered,2018-01-18 20:34:47,2018-01-18 21:32:32,2018-01-19 19:26:33,2018-01-26 21:23:03,2018-02-08,de3db1c7fde39c146535f1b33a7e455c,2018-01-18
fbf9b050c89a7d7447452338455c8c0b,cb14515be745f34dde09f84a00534f80,delivered,2017-12-04 16:11:58,2017-12-04 17:41:19,2017-12-05 20:54:32,2017-12-16 00:25:02,2018-01-04,f4d7e33c14af99a4adf5113e4f70abf9,2017-12-04
3531718b24dfd5022fb0d101e10e33b9,5b819ae762ee1d0424f92fd742a8ed7b,delivered,2018-03-06 20:19:31,2018-03-06 20:30:39,2018-03-08 18:17:02,2018-03-28 20:47:51,2018-04-11,18f40b803060d9883643b7e64e91628e,2018-03-06
6c041b8ad01f470b60c65c7d424fa0ae,0ea88afb6e1536daf0e38a731473ba96,delivered,2018-02-10 07:36:15,2018-02-10 07:50:21,2018-02-15 14:06:59,2018-02-20 17:34:41,2018-03-13,5584edcd8b074bbd87e159db19a12525,2018-02-10
5e3729322319aad9409e9ca36aac26da,8afbae80295a2f702e77f7e80c25db12,delivered,2017-12-04 15:51:42,2017-12-06 02:50:24,2017-12-06 16:17:02,2017-12-12 18:23:47,2017-12-29,109bcefca23471289951ceed99c55521,2017-12-04
8e74025444ac9b16544fc2fc74c39b48,5cae1392b852d8c16f0520891f09c912,delivered,2018-06-19 14:26:50,2018-06-19 14:57:13,2018-06-20 18:47:00,2018-06-21 16:22:04,2018-06-29,3f10bb8c1f2cbbbaee66cb7b8aade13a,2018-06-19
a305557a41b3c1889b8e0d9255f9ef1a,d84a9738d613b69719f0bac7a49a7b65,delivered,2018-08-28 12:38:17,2018-08-28 12:50:22,2018-08-28 15:16:00,2018-08-31 01:32:26,2018-09-05,2c1909908a8785c7c8bc786fe9c201d4,2018-08-28
c28916da587551ac4d1de7970fc929c8,7c1114faf8afe01287362e1a1943aa26,delivered,2017-11-16 19:11:58,2017-11-16 19:34:55,2017-11-21 12:54:48,2017-12-04 16:03:42,2017-12-14,f69a20c2f255350277e33315cb48a7b6,2017-11-16
1269b55cefdede474b06de78ff45d1f5,15cd9ed63dd1fbd1c1b70317655a94a4,delivered,2018-03-06 09:50:21,2018-03-08 02:10:38,2018-03-09 16:58:25,2018-04-02 23:32:09,2018-04-05,4aab27d3ea6d6cdc117f5b4d72ef18aa,2018-03-06
e9040c28c0cea9dafa5afac428715d4d,664f8c510001481c16102dc8db9cffb4,delivered,2017-12-12 14:32:00,2017-12-12 15:10:38,2017-12-13 21:17:23,2017-12-27 20:24:05,2018-01-08,c861accb34a721194cc29e7a7e5fe5f0,2017-12-12
34add8976995eea31cf36aa691b32773,13f575bc19cc3b10a37b3634ecfaf9b5,shipped,2018-04-09 21:30:41,2018-04-09 23:30:13,2018-04-11 12:28:52,,2018-04-19,aab693a465f04c839a26cbe2826472af,2018-04-09
62b913bcab921594dd1136fa97a7b627,b7a6a904496d5bb486056bda2f963bc7,delivered,2018-04-02 17:38:33,2018-04-02 17:50:24,2018-04-03 20:52:24,2018-04-05 15:31:13,2018-04-13,b873a7fc87857fa0306e2293b37798f2,2018-04-02
3967044b1f033a8b079e050cf79b2586,820c452c2726206bf394e08cf36705c3,delivered,2017-11-24 09:15:36,2017-11-25 03:38:32,2017-12-06 22:39:04,2017-12-13 21:58:38,2017-12-11,f99fa0c7b369bde9c53edc9e6f6c4a58,2017-11-24
7237d14c846f1436c907372891468fd2,2fd729b8cb6f7e64030aec1e08e02bc1,delivered,2018-04-05 22:37:40,2018-04-05 22:50:12,2018-04-07 01:02:43,2018-04-13 19:42:32,2018-04-27,1c553721323d2cf153d114724b92118e,2018-04-05
46c820acb13d40759d9cf3941fb7a47d,d2cbd9146c1cee46f887d3731fee7e89,delivered,2017-11-21 21:34:05,2017-11-21 21:47:37,2017-11-23 18:52:19,2017-12-09 15:12:44,2017-12-11,650f7ae068374c90be1549e3b258b886,2017-11-21
5dedb012dc056caca4184c7fe7ec5613,900f88c22ee76b9f34fe901ce2478915,delivered,2018-01-29 16:22:27,2018-01-29 16:37:54,2018-02-02 02:21:31,2018-02-07 22:47:30,2018-03-02,bd2ccc4622de58e02bba5a271aec30a3,2018-01-29
ef457666296fe87ba3d972f610f11394,eb37b4f81bb9b6606a2e4b495229e014,delivered,2018-02-20 20:53:25,2018-02-21 20:50:21,2018-02-22 19:28:11,2018-03-06 14:49:05,2018-03-14,af228fa9d05d731e5a55ec8ba9fe6888,2018-02-20
5603a3d307ed6372be265333d4fa32e5,6ea69e7b352c252bd79bfaa1f68059b3,delivered,2017-06-14 14:55:47,2017-06-14 15:10:17,2017-06-16 11:52:06,2017-06-26 13:18:51,2017-07-17,d244456d362368dd4ac2d298872b4ef3,2017-06-14
29dab96b98e4f84bb3f92415806202b2,3356bf9d231074d20a5b81e9cecc828b,delivered,2017-12-04 11:04:49,2017-12-04 16:31:57,2017-12-06 01:22:32,2018-01-04 15:28:55,2017-12-29,c62ede12c208f89e88af33775f5af215,2017-12-04
8ef9db017c57bd5bf1ee83358817d049,49bf065bf2bf468bb3f9e47c29a522e7,delivered,2018-02-05 15:34:17,2018-02-07 02:52:32,2018-02-14 21:23:34,2018-02-16 20:42:57,2018-02-21,d4c54d1169813b4e814eadd734237858,2018-02-05
f9fbe9f30c594fc18da81ade79348518,7ac611c6e21926c816cfe58b2cb31837,delivered,2017-07-17 14:49:28,2017-07-18 06:03:42,2017-07-20 16:34:55,2017-07-28 19:48:29,2017-08-08,a82f438afd97af12cb9ef7b49f560134,2017-07-17
5c3d25dae7f74c1b5578883338afdd5e,36538c9c61697eac39c48097b1001ec8,delivered,2017-10-12 17:36:45,2017-10-12 17:55:11,2017-10-13 19:46:42,2017-10-25 10:48:09,2017-11-13,87d864bde9f5189df56f9ddf2793598a,2017-10-12
db5f60962b917b4dd9d73efd3e121ff6,40803048d3a6898a71048ad33d7166de,delivered,2018-03-17 01:58:13,2018-03-17 02:10:28,2018-03-19 19:28:41,2018-04-28 14:57:57,2018-04-17,ce2c81763a332135accc16346a001795,2018-03-17
d24dbc3d60c85b438cf1b65a937572e3,a6bf868985556478698f51cf124b1567,delivered,2018-03-31 08:38:21,2018-03-31 08:50:15,2018-04-02 17:41:15,2018-04-05 14:41:59,2018-04-26,31786275e5f0953e0d19ff73b4ae5630,2018-03-31
b0064e58c06714b8e6d9f3d5e713e416,aefbb53f830b4a469c2743cc12764c54,delivered,2018-01-15 10:56:46,2018-01-15 11:09:47,2018-01-18 21:44:37,2018-01-29 14:32:39,2018-02-07,68534b53b8a6f64f6ae40b5f56f1cfe2,2018-01-15
58e67ac26a9fbfd1f5ddbb90b4766a21,b7d15b59fdaf87b5d550b6561b4506fa,delivered,2017-08-16 19:24:28,2017-08-16 20:44:52,2017-08-17 15:07:00,2017-08-22 13:39:09,2017-08-29,d8d1c43c061273eccd480676cc2f52a4,2017-08-16
5db31af449c668e4ed0b7efb00f802c1,5b4e519743dd2db7fcf4a24581a4ccba,delivered,2017-09-02 09:14:23,2017-09-04 10:25:27,2017-09-04 21:52:24,2017-09-06 23:21:32,2017-09-26,7988057cae0a17f493dabf6921417807,2017-09-02
b0720f1f1ffe718701fefe87c8bf605b,8eb8bf0b474dc6ea2e442de6298e1b54,delivered,2017-12-02 16:07:33,2017-12-02 16:17:31,2017-12-05 17:32:50,2017-12-08 19:21:21,2017-12-20,9d7aa3978318d58d61d24b797b5c5181,2017-12-02
c633811fc9f385653545e0f903b60fe5,ab08684ddecf0885c8e85e4f9a7a6259,delivered,2018-04-02 22:05:20,2018-04-02 22:35:31,2018-04-03 23:32:21,2018-04-13 19:51:21,2018-04-25,e96418ba3e2833b085d1094745dfec1f,2018-04-02
f6b73cb42a81880d54cdbf2059599d93,fb132dd66864b65d4d0921eec276e5f3,delivered,2017-11-05 22:16:07,2017-11-05 22:26:45,2017-11-07 21:58:51,2017-11-13 20:49:52,2017-11-28,3d7680ce87086effbf73c8ca1e2f48bb,2017-11-05
479730a1200cfbbf8c4fa301820e5d1c,cd2398835882d7dd6c432525319071af,delivered,2017-08-25 11:07:53,2017-08-25 11:25:22,2017-08-28 20:33:49,2017-09-07 01:50:06,2017-09-29,3cff0a374f4e71bcf965f794a25a461b,2017-08-25
3faaec4beaa1aa546c251ae06e326b73,ff22649244851739d33a6fba32db7688,delivered,2018-06-23 21:09:47,2018-06-23 21:37:04,2018-06-25 13:04:00,2018-06-29 18:03:17,2018-07-17,e76d242fa0f3551b6a0dd8416e6f9426,2018-06-23
048d699adf41881d80ac3ed5f632a3aa,40b3bac8fe032b2ae6fa23cb2d614a89,delivered,2017-04-24 18:35:48,2017-04-24 18:50:19,2017-04-27 08:13:55,2017-05-08 10:26:04,2017-06-23,25728236d8bf12a519005be375c5fa2f,2017-04-24
2445655afeb72bdf84bd0d86682c9ef0,aa343f31299309e502aff3e0e5504e1f,delivered,2018-03-10 14:15:16,2018-03-10 14:30:26,2018-03-12 22:12:45,2018-03-16 16:56:40,2018-03-22,b635e30911107a6bc3942c2b53c56449,2018-03-10
4f4c78935311aa885158c44fe04d7257,4588943f2855367bdbb92158fc470a62,delivered,2017-11-25 00:13:24,2017-11-25 03:11:32,2017-11-28 03:22:08,2017-12-16 00:10:01,2017-12-26,d32dfec5723c3cf8d88696ee60833428,2017-11-25
7a96df1193e585420f7ca71abd28a34d,456f56a8c8737f0f4590964e32c944e4,delivered,2018-03-16 21:14:56,2018-03-16 21:30:33,2018-03-22 21:09:34,2018-04-02 12:58:28,2018-04-04,e6ce9e5d704cf1bdc438a588bef02d5d,2018-03-16
96c2e97254411b014e9c6497388ae8bb,5f4e8d05ec1f8bb24733577690c48f5f,delivered,2018-08-03 23:04:07,2018-08-03 23:15:15,2018-08-09 09:40:00,2018-08-15 01:21:25,2018-08-17,041e38de03ec3b5f23ba5f5030a52b20,2018-08-03
6a2726fdb7d200560870b229000f73db,c86d48649ada1cc512d6376da4feb479,delivered,2018-01-26 20:03:07,2018-01-26 20:13:30,2018-02-09 14:04:46,2018-04-02 15:04:15,2018-03-19,b3393eca96cd098382248663504da521,2018-01-26
141f547cc0f5d65f5eb35f3bcc632818,209255336081da592d5a018b79e24b4f,delivered,2018-08-09 21:55:15,2018-08-10 03:15:21,2018-08-10 15:13:00,2018-08-15 12:16:35,2018-08-31,a0d20a4d4fb76cdf8d4047a01fc4cac0,2018-08-09
53a55fb5597f90b6727f82626d65f179,bd207fa6905e501b1885466db826d7da,delivered,2018-02-16 09:33:23,2018-02-16 09:47:04,2018-02-16 23:16:38,2018-03-13 15:22:50,2018-03-20,92046e40af14f7f88398c748bb559cfe,2018-02-16
066daea9ca27bdce0b0ef5e832427b6d,027c4c1a7778f45a3c7837db8144b65c,delivered,2017-07-10 22:39:00,2017-07-10 22:50:24,2017-07-11 19:22:49,2017-07-17 20:33:47,2017-07-28,c73b45592359a5b6a1a116d26c1c4e68,2017-07-10
a61af3cdf328f1d0a9f63286918c67bd,94dbe30a67add6d56beac4754e7bb500,delivered,2017-08-10 10:44:30,2017-08-10 11:04:08,2017-08-16 20:16:36,2017-09-11 20:35:45,2017-09-12,4c4159d82db791a647003557e9afa938,2017-08-10
c689c936050f0c8fa39e46f97d99a633,bf8c745145995e40cf8eb7aa837881dc,processing,2017-05-06 10:06:11,2017-05-06 10:15:16,,,2017-05-29,b65978ce502841c86bc033984d247c3f,2017-05-06
167ba550f977c45ca5349884147f2bf7,32ce745c128639d205ad85c880251239,delivered,2018-01-16 14:37:34,2018-01-18 02:11:47,2018-01-19 19:09:16,2018-02-01 20:17:29,2018-02-08,8187e04b4ecdf9715af9be0d7c2473b2,2018-01-16
71f127c82ef10da47995594de39619e7,cfc25f5094ac0c042426bf559e9d6ff6,delivered,2017-09-16 10:56:48,2017-09-16 11:10:16,2017-09-18 15:13:22,2017-10-08 13:12:58,2017-10-10,d5218363e5c2b3d8bf6d4210588464a2,2017-09-16
9062b998bfc2521b3978b34034ba6e1e,46784ad12d8b0efd22e033200a7c815b,delivered,2017-03-11 13:46:22,2017-03-11 13:46:22,2017-03-13 16:22:13,2017-03-20 09:05:42,2017-03-30,53c6cede72aaf60467c1c7dcd40ebb6b,2017-03-11
69f5eed47613a9d3cd0ae94d398cdd4e,af65b5fb2830e00789e56d7b30e86b63,delivered,2017-07-14 10:40:15,2017-07-14 10:50:22,2017-07-17 17:38:11,2017-07-24 19:51:23,2017-08-07,8912a04715640bd8424d068aa9649b56,2017-07-14
93cc36bf4196b96bdce3e51703f13f5f,f6aea23d42015e5827c45f6126bcbf76,delivered,2017-12-31 12:28:54,2017-12-31 13:30:23,2018-01-05 18:47:39,2018-01-08 21:56:53,2018-01-18,4b2d4a25c992ae27e00ad7f7048fe99c,2017-12-31
05593bfa78dd87f8fb6d212a614f4b23,d70c3932cf4d049a839f58a0d259559e,delivered,2018-08-08 13:40:41,2018-08-10 04:35:19,2018-08-10 11:26:00,2018-08-20 14:04:31,2018-08-22,4837d18df7cb3d4baf1a3959d0244554,2018-08-08
2529a7e429d36a4fb9ada1b677a5ed31,19964f5b33d31824f50a1ee628f5191e,delivered,2017-08-24 12:43:15,2017-08-24 12:55:18,2017-08-24 20:38:34,2017-09-12 15:38:52,2017-09-26,7731e526b6e7ba255e67ee322a49b940,2017-08-24
7267a487cb9868419cf7109852e4ec34,b3463717a38fa75fef664aa8eb8c68b9,delivered,2018-06-10 15:17:40,2018-06-11 16:31:47,2018-06-12 14:27:00,2018-06-18 15:38:21,2018-07-26,dc39252a86e73c3cb8891bf7b21c26ce,2018-06-10
fbdb804cd5fd11e97287cd4cc842f7c4,87d04df629e1ac4cfb5cbdb9ca9b5d3f,delivered,2018-08-04 19:07:04,2018-08-04 19:24:09,2018-08-06 09:33:00,2018-08-25 12:17:52,2018-08-21,cdd0b72a5ca49a715c3636ef66df1989,2018-08-04
0a098ea7aca0cfbc728417697c86e807,6883c3d514d170daf2897e80efa0be75,delivered,2018-03-10 16:24:51,2018-03-10 17:00:33,2018-03-12 18:33:46,2018-04-03 00:18:31,2018-03-29,518b0b55834d22183b3b05a5cab22ff2,2018-03-10
a9fa4232de4a87398cfab2a5bcbecc56,27e430dc15333a6d9626d282c13c6035,delivered,2018-04-04 21:49:52,2018-04-04 22:09:00,2018-04-11 21:06:04,2018-05-06 16:50:49,2018-05-07,b37db03aaa5f3d4d0b69aa6fe7fc7f5a,2018-04-04
b83d3a21b98b819697f37668a420a43e,ac4e419fca1484d20975bf38ea7b76da,delivered,2018-05-09 08:16:08,2018-05-10 02:57:23,2018-05-11 14:28:00,2018-05-16 18:52:41,2018-05-29,92b435d41607b4a216f626b5fc7be0b1,2018-05-09
b9a6c5f5df52c7226ac85aee7524c27f,f160aaf480efdfa7268f0fa535f73e76,delivered,2018-06-12 20:07:44,2018-06-12 20:44:26,2018-06-13 13:09:00,2018-06-19 12:44:08,2018-07-17,2d1bf256227e4d22d10ea6c0b81809d7,2018-06-12
359619f12869deeaa50fa7762f5064bc,810ded38dee280ec50c047e8d1570106,delivered,2017-11-24 23:03:37,2017-11-25 01:17:28,2017-11-30 22:32:51,2018-01-08 17:18:18,2017-12-22,0fbfb9928eb757ee544880200d21f3f1,2017-11-24
7e52365eb2fa03f8f4ed8a69da1e7fc4,1e7ea825371e137f8b709a077b486f99,delivered,2017-03-30 11:25:07,2017-03-30 11:35:17,2017-04-03 08:12:36,2017-04-06 13:27:48,2017-05-04,06ee95df85ab27db04eebc85ce42e3df,2017-03-30
29f08eca9316db52a34130eeb52dffd0,f87a76e2c1f35f26284d68c4700f185b,delivered,2018-08-01 14:04:51,2018-08-01 14:15:13,2018-08-14 14:02:00,2018-08-30 00:03:57,2018-09-13,485fa7a9f88095891461b34b3085d87e,2018-08-01
973acb049a8228a556877e26fb30c06a,b90476f60c15ab27c1b5d23728fed65f,delivered,2018-03-15 15:58:43,2018-03-15 16:11:12,2018-03-16 20:02:55,2018-03-27 20:12:43,2018-04-18,38d92612568ca6e3d6b478e5fb004a6f,2018-03-15
750465ac3478d2b4483153fcd61b9c13,b275c7d392742ce887821e789281f91e,delivered,2017-10-05 10:28:57,2017-10-06 10:35:34,2017-10-06 21:07:34,2017-10-17 21:32:29,2017-11-07,145f5c920dcccbb95081ceaa800df82e,2017-10-05
8e572fc4edc8dafc89bb18bf812916e6,54c305a3143449a2aa8906eca0c2305e,canceled,2018-01-26 17:26:33,2018-01-27 17:32:01,,,2018-03-02,615e2b4729f14b2540218b24b4c4d8cc,2018-01-26
104681815892bd134ae796335dcc1e9e,177c6768f6918ca4002b8c16b4205221,delivered,2018-02-05 17:11:25,2018-02-05 17:33:01,2018-02-06 17:11:52,2018-02-09 20:14:46,2018-03-02,87c2da6e5834735cbda62d7212bc7f9a,2018-02-05
7078247b4971be7eaf2a42cf5c917761,e86bf1951ee695fdaff61dc05868d170,delivered,2018-08-18 16:51:54,2018-08-18 17:09:41,2018-08-20 16:18:00,2018-08-28 00:54:43,2018-09-04,4931fffd4f47e17f87b89eaf7f239cd1,2018-08-18
afc1b46f2cb4b3f0d3432cae0af0ea75,e8a9561ee949a7a4b2f58351ed6f9d85,delivered,2017-03-09 15:35:03,2017-03-09 15:35:03,2017-03-10 15:44:41,2017-03-16 17:51:46,2017-04-04,364cb3e7f85cd86c84192f01f1ff996e,2017-03-09
1051983b1aca1ef8f4f6827378c12c8a,67f09d85ed01fef44ba9733eb5d9df59,delivered,2017-10-16 19:11:16,2017-10-16 19:35:18,2017-10-17 19:15:00,2017-10-21 10:45:44,2017-11-03,41f926f39c9764a0c0683c30d48f84e5,2017-10-16
20b61ae06ac41b6e23c10c90ad0331a5,f036beae922b5034d5a9b801e64659a6,delivered,2017-11-26 10:21:51,2017-11-26 10:36:02,2017-11-30 18:38:45,2017-12-14 03:39:30,2017-12-28,579df47dbf5b1a6a8ffb448bb98e1796,2017-11-26
ecc7d8ad8bbcd5b0a9cc9a2d5a34bcb9,4bd89ebce757198ba4e42f249d9c95d2,delivered,2017-11-14 16:42:50,2017-11-14 19:06:25,2017-11-17 18:51:23,2017-11-27 15:22:38,2017-12-05,f903c464e959d5bc936ef417e5e5fff8,2017-11-14
4b7597bd96f89b605623a55db1471b1d,2573207acd565358bd39471c79676c5b,delivered,2018-03-16 16:08:04,2018-03-16 16:29:21,2018-03-22 18:46:43,2018-04-20 00:11:54,2018-04-09,35493505415b51d95d652960d68f1b8c,2018-03-16
a438cc4a17bee890885f11fb9a4ee39c,ee0db2a3ee802980f1813ace8677cd85,delivered,2017-02-20 08:40:21,2017-02-21 04:50:50,2017-02-21 17:03:59,2017-02-23 12:35:58,2017-03-21,2329201bd8c3ed28729e118c40b67ffc,2017-02-20
5c9a7e0865669dc34b4e6a062751d8f4,f0c3d576e70e1eb0ae245c9483b5ad95,delivered,2018-03-09 20:50:16,2018-03-09 21:28:26,2018-03-13 17:57:41,2018-04-26 12:11:33,2018-04-11,2387ea96eab15fe3fa4b06573ab1fb68,2018-03-09
665575b7aea0ff562ee27ff4829b54c4,3715b1c49f39951e735d5ef360763e2d,delivered,2018-04-11 21:50:37,2018-04-13 12:34:43,2018-04-16 19:12:05,2018-04-23 18:19:58,2018-05-02,f8f4568555e0406f64f4be210db35d82,2018-04-11
22539785ee6331c6d1020fdaa742ea09,b8ad1ed281e02af43e7f97946a97e87d,delivered,2018-05-08 01:15:33,2018-05-08 01:33:46,2018-05-08 13:58:00,2018-05-14 18:06:43,2018-06-04,7fb3376b7bcbfa9bb632247c4b434512,2018-05-08
89f4eeb50c7a4ccda70e82cfd0145c89,77ac76472ef4ecfcfbc6b72a5057f616,delivered,2018-07-09 16:49:23,2018-07-09 17:05:16,2018-07-10 13:58:00,2018-07-12 14:12:43,2018-07-24,f9ad2c5d1b981a123c8b175d4ead30ec,2018-07-09
394643cd54739aad60aabc03272e28bb,a86b2bcf75c0d9ef2fa4750bba90391a,delivered,2017-11-27 10:14:03,2017-11-27 10:35:18,2017-11-28 20:59:00,2017-12-06 16:49:43,2017-12-19,9b52ae434fceca64d2342aa00e1d673b,2017-11-27
cd5ae8a80997eebd2b1f2cd4f24518d2,c6ee52985e660e85fb364ad8d35a26ac,delivered,2018-06-22 18:46:11,2018-06-22 19:19:06,2018-06-27 15:09:00,2018-06-28 19:25:25,2018-07-05,c0ca778cebe68887c704170bbdf7e87d,2018-06-22
d22f0b06e1519065d7eddb2ba6b79b63,3c3335d4c88928de4ec0f90fae9d1507,delivered,2017-11-23 22:44:09,2017-11-23 22:54:33,2017-11-24 22:03:51,2017-12-19 18:54:39,2017-12-15,5882d9af214f8e2acb3e74b94a109c62,2017-11-23
7b636347d9f87d9b9a48755fd8495709,258539509521d87f8837ae036369880a,delivered,2017-11-26 11:38:04,2017-11-26 11:54:58,2017-12-11 18:22:00,2017-12-14 19:59:41,2017-12-11,eee84770865fb83f6e209e8423ced454,2017-11-26
e43f88863d1cc9cff18d753d439d42e8,7171389ea6661b64e8c33ee5ad962922,delivered,2017-12-05 14:06:45,2017-12-05 14:41:22,2017-12-06 23:42:29,2017-12-15 20:48:58,2018-01-03,72061fff095d8325b311ea24e2f4a2b5,2017-12-05
38d485884f62975be15670dea0fac3f6,77fbab2325e22fd41ca4ecb15714746d,delivered,2018-03-31 00:21:34,2018-03-31 01:00:11,2018-04-02 16:32:07,2018-04-16 21:41:44,2018-04-25,3ab7a823538211a468d4cd66cad38171,2018-03-31
64544cb9a8e0aec0b80bf919d41b0c29,06edd9c4cdea63ce94873634698606db,delivered,2018-03-20 14:27:24,2018-03-21 14:27:41,2018-03-27 17:36:52,2018-03-28 19:14:52,2018-04-02,cd849852a5c43672c1c7769671d64d43,2018-03-20
40033b000f77ddbb1a393253f60a955d,187b45a66162bd7103c3ac8eeb957fc8,delivered,2018-03-18 14:43:28,2018-03-20 03:10:41,2018-03-20 17:48:45,2018-03-27 18:34:33,2018-04-09,5556beb714b887782c8658a1294ec569,2018-03-18
dbc94ce4ff22c2daba89640dacc43949,6119608bf8b3b9b4883efc15b3ad5b40,delivered,2018-04-20 20:24:56,2018-04-24 18:56:51,2018-04-23 19:38:20,2018-05-02 20:48:28,2018-05-09,43e77c841cdb7c978a19c9665dbdea5b,2018-04-20
e8964d37bd21c508021bea9025a8e4a0,1b05680a264c3a8ef32e8062cd965438,delivered,2018-07-20 11:41:17,2018-07-20 11:55:21,2018-07-20 15:59:00,2018-07-23 17:06:55,2018-08-08,1e2ce8e4f49582730eb003ac5f1712d0,2018-07-20
78ee278a8625d5e2b84e5b9133ce217f,b012d25fcce48f11ed97a720fd067429,delivered,2018-04-30 16:50:16,2018-05-01 02:36:16,2018-05-02 15:02:00,2018-05-09 21:08:43,2018-05-17,4a5bb40239d7975cd43ede3d2c9b12e8,2018-04-30
e5882de2409ffb5a26782367e95b91ba,7d66a925cb032def39bd1476c0cfa518,unavailable,2017-06-30 13:26:22,2017-06-30 13:43:43,,,2017-08-08,c8d832b1e6f4aa662d0fefabfca04265,2017-06-30
68129c60d17ca69bb5fb45039751eb42,77a0964ee68f17b3626dce1a80fc54d5,delivered,2017-10-07 16:35:48,2017-10-07 16:49:36,2017-10-09 20:17:55,2017-10-24 20:52:23,2017-11-07,6f0448b54aa8c5b5049797a716c67615,2017-10-07
b22050106236d9b58750e8bc6418298b,81edbbaf61c94df705ad3330ea0fb7cd,delivered,2018-04-24 16:29:24,2018-04-24 19:10:31,2018-04-26 07:03:00,2018-05-07 22:03:51,2018-05-24,9406f0d96387693002c23fc770c7bd90,2018-04-24
b43a195dd28616394e0209e0499adcb9,47166d26162214b0b8d361f2583cac81,delivered,2018-07-14 20:10:43,2018-07-17 04:32:06,2018-07-17 14:28:00,2018-07-24 21:26:40,2018-08-01,de1307c831e7ff4d01e381e423794d22,2018-07-14
498d5619e926bbb085a837fb42842db6,d29aad7b71bac81447fbf7941cef2968,delivered,2017-05-31 14:46:58,2017-06-02 04:32:40,2017-06-02 10:31:40,2017-06-22 22:39:43,2017-07-05,0e7d071636cf49492c30fb724b2e1cd8,2017-05-31
9cf5e2afa7553fb777a59471a72cd2bc,11d25c17e5a4fc7c1fa5d93fd8864e69,delivered,2018-03-11 23:21:06,2018-03-13 04:10:51,2018-03-15 22:32:46,2018-03-31 17:36:48,2018-04-06,acc374bd9024806a83121b1d2565db2f,2018-03-11
d27d8ff2b021f938c1638f8adbc2b3c1,53907316d49a89a9622e466cae140c5c,delivered,2018-08-20 19:04:40,2018-08-20 19:29:52,2018-08-21 07:23:00,2018-08-22 14:06:48,2018-08-23,573ff8a94d4f6ead11ddfd5e57345cb0,2018-08-20
f6e97f91d62582f47862f629306f4311,0ad9634a1ba9f9a346b6925bcdde7ae0,delivered,2017-09-14 11:07:32,2017-09-14 11:24:57,2017-09-15 19:55:43,2017-09-27 18:00:48,2017-10-04,3daab7e95e835a293a9cf858627e7c24,2017-09-14
a6b1a6e587eb5464b30a528f8631515f,bf72b85664d38b97e6e3a21b6eb02b7f,delivered,2018-06-14 14:10:22,2018-06-14 14:41:53,2018-06-15 13:59:00,2018-06-21 19:05:53,2018-07-18,772f0bc1ba1ce2b0a6cfa7603d7b1150,2018-06-14
2bafb039d56c1fc02e0aba4ef03e0008,02c14c4a48266b1cbb810a491954e97d,delivered,2018-06-12 13:15:06,2018-06-12 13:43:21,2018-06-13 14:16:00,2018-06-18 16:46:40,2018-07-11,f47b720b3b66ac8f72ef23b50fd31d03,2018-06-12
dcb2902b7af9841bf7aa832c33f69f1b,ec5c23a85c01c4b2bf87caf6d38c8261,delivered,2017-11-08 15:53:15,2017-11-08 16:11:03,2017-11-09 23:34:54,2017-11-16 16:32:41,2017-12-04,a4d88b87369fd8065cb8a8af74cf82f9,2017-11-08
8576600e6c8cf9ff884eaa76c8089eeb,cfde02285501dd3c859b36322fccdab4,delivered,2017-05-22 10:31:46,2017-05-22 10:42:54,2017-05-23 11:41:58,2017-05-26 08:44:46,2017-06-09,11995e73e863dea71230b412496a3d28,2017-05-22
a748e3090451d03a5224b1f9b0b5054d,caa53a427c1b6df52cedd92e204a874d,delivered,2017-06-28 19:25:02,2017-06-28 19:35:17,2017-06-29 16:21:08,2017-07-03 17:12:06,2017-07-20,bbd76a10205a5402d74addafc81531f7,2017-06-28
9e6491dcf30125187adc8a3b5b5a571b,689ebb659ed83d0b534412e001e24611,delivered,2017-10-30 23:03:46,2017-11-01 03:35:16,2017-11-01 19:32:22,2017-11-11 02:18:51,2017-11-21,272d474dde8221c368c57511d9150215,2017-10-30
0e4160cbbf3110c620fe17602e306360,81c739d81dc4914f5513bd4b313ec889,delivered,2017-05-06 09:56:19,2017-05-06 10:10:12,2017-05-08 11:44:12,2017-05-25 11:34:24,2017-06-08,3eb4b53bf024d8002dfaf7b6961b5742,2017-05-06
5ae1672c9ca83961989aad88b01b6e1b,8e0f91b6706847cd0aea9d834d968c4e,delivered,2018-06-12 10:48:47,2018-06-13 02:37:32,2018-06-19 10:45:00,2018-06-28 19:36:47,2018-07-05,ba9303fb9e8e9f0872e18ad33765a795,2018-06-12
5ced629739c2b3247b4fcd4f0498c3bb,f1e536f71fb7f248fa9a25bbf15da79f,delivered,2018-04-20 18:41:27,2018-04-24 19:24:50,2018-04-24 17:18:00,2018-05-08 17:47:43,2018-06-04,be99c4ce8cb688806f3db429a02193e7,2018-04-20
6cdda2ce8bf249e40f1a4a75b9fdef0d,c61c2706e323bbe476650f01b4544be2,delivered,2018-08-20 17:50:11,2018-08-20 18:10:09,2018-08-21 12:05:00,2018-08-23 00:46:37,2018-08-23,1e9fa0158ae3b204846d94031fea875f,2018-08-20
a05efb55dba0d8c05abd335fa7ea3e8d,8f1b17cf881a26cf3a71c0e91abab13f,delivered,2018-02-26 09:55:25,2018-02-27 03:10:32,2018-03-06 19:09:36,2018-04-12 21:03:53,2018-03-21,d3addf780549af0e61574355957c3051,2018-02-26
cffaffa29cba49c69e3ec0dcb839ab16,352f63d61a5c828fb9ba41dac6beed8c,delivered,2017-08-24 08:08:32,2017-08-24 08:24:11,2017-08-24 13:53:48,2017-09-04 12:58:40,2017-09-18,7c4b6d7739fb229acac8d8d958fe5d57,2017-08-24
3c8702d3b056de079d6cdd6ee1ffeb55,573eb2d54aa19396d7e2ebd1ec460726,unavailable,2017-02-22 12:31:15,2017-02-22 13:05:30,,,2017-03-21,f4aedee3d8eb400162acc5b1dae159c3,2017-02-22
88d7788f2c5eb4f76ca8186a46e03fd8,5415aadcb5a98a2a85dd8312b8b73885,delivered,2018-04-27 21:41:31,2018-04-28 02:35:11,2018-04-30 13:15:00,2018-05-11 22:22:46,2018-05-28,5080c6d095458f2acd49c335775b5d85,2018-04-27
354b150e66abb1ccda029116d0550484,67ff232fabe29e1081733ba663d07e53,delivered,2017-06-01 12:05:45,2017-06-03 02:25:19,2017-06-05 14:31:45,2017-06-06 10:20:46,2017-06-14,51c6848f573e6dc72a7f13433273871f,2017-06-01
f14111b697a9152a18836775aa24ddad,deb4fed7c4cda80c3624ed839502b047,delivered,2018-08-03 18:35:52,2018-08-04 18:30:10,2018-08-08 14:08:00,2018-08-13 18:14:19,2018-08-16,a4c1aa4fc70bf96d4ce285eaa0647cdf,2018-08-03
9e36f21498b2b9e43e2cf7c86fe7e07b,c9cc1e6be29a7fd597665aeb9bbef455,delivered,2017-11-25 18:08:31,2017-11-25 18:18:29,2017-11-27 20:19:06,2017-12-08 00:19:01,2017-12-27,9def16803686e18372f7d1365d7d4521,2017-11-25
4eb675b19f4c57f0c9da2af252155c7b,e9103c023409f32b75dcd70171423f1e,delivered,2018-05-06 18:56:03,2018-05-07 15:54:19,2018-05-08 14:12:00,2018-05-17 13:58:49,2018-06-06,7479268b945e18687ab9f2d593f841cf,2018-05-06
9448533671e2c8e65a1bdedf43c778f4,eb443c6dafefb22480d9724b348ea97a,delivered,2018-03-23 15:30:07,2018-03-24 02:07:58,2018-03-29 22:18:46,2018-04-11 16:33:01,2018-04-20,0660d39e9f599a7bd80b62c21e278667,2018-03-23
c5a8ec0541df6eec6a1b4c5ce463f56b,4d4e3f6ef0e23f1225203732db0f3e22,delivered,2018-05-06 15:16:58,2018-05-08 04:33:43,2018-05-08 14:04:00,2018-05-15 21:04:58,2018-05-25,9f1d7d420cad01c1cb55962ea7a6c512,2018-05-06
3503496573efea1975b7890f10679f9a,e150059980c5dec1705b169f2be39044,delivered,2018-06-14 16:09:03,2018-06-14 16:38:22,2018-06-15 13:27:00,2018-06-22 18:21:33,2018-07-11,bcecc0dacf83b048a31ed8e3c3d928b2,2018-06-14
aaf68eb5c1c10c9c1586dfe62bde2991,e0e963615f0a720d9af7aba91af934c0,delivered,2018-06-21 06:41:27,2018-06-21 06:58:01,2018-06-21 13:36:00,2018-06-26 23:33:13,2018-07-27,3f4a36b6c601a4ec393742f22a372b07,2018-06-21
a4cab55a223b91d0013b1f7d634eff40,fd5e7c97c97973f64260f2ff182a1f46,delivered,2017-07-04 20:11:36,2017-07-05 17:39:44,2017-07-10 14:23:38,2017-07-19 20:32:39,2017-07-24,19c33c14b3e3f9cb3343cafdf67a1e2f,2017-07-04
44dd8e3e7650c35a1973a42498626ded,f95848fbfa710dd05f1f05d048be3725,delivered,2018-07-13 15:08:43,2018-07-13 15:24:01,2018-07-13 14:36:00,2018-07-16 11:14:27,2018-07-23,dc6ac849aa384fa44fc33be6201fbd0c,2018-07-13
2e8f1950a235848ca7b570eab9e7f34f,9c464748a0490b27157df14d1c633f75,delivered,2017-03-14 15:30:13,2017-03-14 15:30:13,2017-03-17 16:23:33,2017-04-06 13:14:16,2017-05-02,37a508ae754c6ea85c703ae5f1ab1c44,2017-03-14
aa698ace16422e85edb8c567ab9a2bf5,d6c955e64a9ac30ab8b94db5911455f2,delivered,2018-05-10 11:07:46,2018-05-11 11:09:07,2018-05-14 14:49:00,2018-05-15 17:51:03,2018-06-01,a314b6b9578306903de459b1d9585cd4,2018-05-10
f39c23bb826de695dcc005dbb467f7e2,ee5974ee702f618b5583ac421f5a8b03,delivered,2017-10-03 23:22:22,2017-10-05 02:49:39,2017-10-05 16:48:09,2017-10-10 17:34:33,2017-10-30,fde980b2d3e8e68d677ae07c1c9de60f,2017-10-03
9f459414e341be7328c349d9ba80a125,c14447520507724f6599a91cc98d9be8,delivered,2018-07-29 18:52:30,2018-07-31 07:05:12,2018-07-31 15:18:00,2018-08-09 13:06:46,2018-08-31,0dca919196146f24b8e265b534ff6706,2018-07-29
76a894b20c04c139a61ed9a8bf6af12d,0e5873843f3f90302c4c3d513de50de0,delivered,2018-05-08 19:50:10,2018-05-08 20:35:08,2018-05-14 14:37:00,2018-05-17 21:08:41,2018-05-25,85994da90ce5da6b18add836c9a94704,2018-05-08
abfbbd144a437c6a51564ea668aab4b6,2519489d405209a56e9c18d2969c9ca3,delivered,2018-01-06 08:46:56,2018-01-09 07:22:22,2018-01-11 19:42:16,2018-01-16 12:58:50,2018-01-31,c359568d138d990dd622f6115cdb5267,2018-01-06
b9866b0dfe289f3a7f15e190b0283d34,f7c15adcfa7ba82a1312935bbd6ba264,delivered,2018-06-08 15:32:18,2018-06-08 19:31:05,2018-06-11 14:54:00,2018-06-19 15:18:52,2018-07-04,72d3508de2121d728bcee13fe680ac6d,2018-06-08
d077de666ab7b62a7aafd596bfd16deb,e86b6b19d5b7af381302a2cfbe4a4a0f,delivered,2018-07-07 10:25:06,2018-07-07 10:35:11,2018-07-12 14:43:00,2018-07-13 20:42:28,2018-07-20,71f6b91608e69f458b1823904376b36a,2018-07-07
7c7b50bf10378ca615ca44f0413bc73b,d9c0e160644b215d59eea7570f2e231c,delivered,2017-03-20 09:35:47,2017-03-20 09:35:47,2017-03-21 09:17:45,2017-03-27 17:14:18,2017-04-10,cf610925bd45af239ede46b4508a1a71,2017-03-20
ddbd18a3c587a447c80279ce230170f8,d2f75c4d5966771ecd939c750b0a5be6,delivered,2018-01-23 16:03:24,2018-01-23 16:17:28,2018-01-24 23:03:26,2018-02-06 21:47:41,2018-02-23,1657511774d3eb64768aa2ce7ca041ed,2018-01-23
d8d7542ef46c4b0c88f0f51efa97268a,065114e77027f9dbf435b4fa97af1c93,delivered,2018-01-25 21:51:21,2018-01-27 02:51:20,2018-01-29 22:09:26,2018-02-23 19:13:50,2018-02-19,727cf95c2abbc5281e538936d22837e2,2018-01-25
7eb4ea83c254066ebd7ccc9cf6e243ec,4fd7abbc9a763b49e2aabd6bef779b59,delivered,2018-06-11 08:11:13,2018-06-11 08:31:41,2018-06-11 12:57:00,2018-06-18 19:25:03,2018-07-03,0bf7dfff65267867de74cb029fdd6a75,2018-06-11
315b1cdcef0a2c289b9ff0afe751c75b,fba53798d5df8a99b4d6569bc9d62370,delivered,2018-07-13 13:23:17,2018-07-17 04:31:43,2018-07-17 14:13:00,2018-07-24 15:48:56,2018-08-07,04513cf8979a90355446667916cb088b,2018-07-13
a13036ea7c733f19fafffe1b96ad59de,d3a125c5554b4548ffbc91f077062599,delivered,2017-02-22 18:45:58,2017-02-22 18:55:16,2017-02-24 10:54:12,2017-03-10 02:37:40,2017-03-29,b99748a0f743d67e54d0db6e7b0c882f,2017-02-22
475e0dfe76ac445fc716ef9eca7a00bd,f8de827b79379e8ba3b7f0c8c363b085,delivered,2017-11-30 22:04:12,2017-12-01 10:31:15,2017-12-04 12:59:36,2017-12-06 18:30:10,2017-12-18,8e4ebd90324df0d1218b67f9e42d2ea2,2017-11-30
10f70d48b35870bdaaafca92fe51a573,09e96f4ee8ba811ccf2e32141870e3ce,delivered,2018-01-04 12:45:51,2018-01-04 12:55:54,2018-01-04 20:47:03,2018-01-05 15:20:20,2018-01-22,0b24cfce396d14304112a4b62324035d,2018-01-04
8dc4c4d71a331ed46a559ad3d77fe682,a0f35dd42765aa8d1dc95b80a08df77e,delivered,2017-08-31 09:56:53,2017-08-31 10:05:15,2017-10-05 18:24:17,2017-10-10 23:09:50,2017-09-21,1c645bf414ac90e665558b8cfd8dbc02,2017-08-31
7f9089a3fbe75385f39d5924c2928352,a32651c931981f0d158f31382ebe69aa,delivered,2017-11-26 18:33:35,2017-11-26 18:53:49,2017-11-29 15:33:13,2017-12-05 01:34:59,2017-12-29,4bbba2a307995c25e9d635cc1a9700d0,2017-11-26
667f0f4fcbbabc42c5cf7b38540b8108,d672f29adace7ba59776bbc7309e6ad3,delivered,2017-10-27 19:32:31,2017-10-27 19:47:15,2017-10-30 20:25:18,2017-11-03 17:49:35,2017-11-16,8fcb0217784e7619778d80713d51a6c3,2017-10-27
035201c3c82a97f8a25dd6bd5244b2d5,9facbfd2dd51a45404d58154b12ed2dd,delivered,2017-11-10 16:54:13,2017-11-14 04:31:07,2017-11-14 20:06:59,2017-11-21 23:26:35,2017-12-04,be1401bbfd64455c798bb4683e915c61,2017-11-10
7889d1a822285ed5cfe03a062ba9ee07,f0da5631360e182742acffde390a1c15,delivered,2017-09-13 20:27:48,2017-09-13 20:44:12,2017-09-14 18:27:49,2017-09-19 19:38:09,2017-10-11,7814dda34b00b06b41b5480f6d882dfa,2017-09-13
ec84e555ec0c06ea52e4cd6051f68802,7d0203db3e58631b2b611c169467acd0,delivered,2017-08-13 14:53:53,2017-08-13 15:05:18,2017-08-16 20:17:56,2017-08-24 21:46:06,2017-09-08,59a422d6f6e9cf5b3b61625e43683b8e,2017-08-13
8a56969338e5970acc6a4e8d0e0c92a3,de7e52da448543076d3d234adf140a10,delivered,2018-08-02 12:07:30,2018-08-03 02:50:32,2018-08-03 13:48:00,2018-08-07 23:54:31,2018-08-10,e915a4cd5b7f42eebf37f637177ecff9,2018-08-02
dd24afdeaec4b19f1252b69021aa4ab8,b9bd73f728d683f7c204786409f411ca,delivered,2018-08-13 01:18:39,2018-08-13 01:30:16,2018-08-14 14:26:00,2018-08-16 15:41:44,2018-08-20,acd7af4da419afee85373166387d5799,2018-08-13
52ffca67c47f7bc4350f82b1d2c20dec,30b783882dd8572d3cf6a4ac7e605272,canceled,2017-11-26 18:42:08,,,,2017-12-20,e72c31d513b0da68b1ea23dd4375257b,2017-11-26
9f33a39fe21aa7e49c58d5c16da393a0,6bbda3b9328f07ebded997016a198c4c,delivered,2017-04-02 18:36:20,2017-04-02 18:45:21,2017-04-03 13:47:32,2017-04-07 14:33:06,2017-04-27,a22320fc36bfc878c1d808103a481dda,2017-04-02
c559ef7939489ab0ce5419d36a23938d,05dd9d54d4ad7fcea2db0393e5f6c6d6,delivered,2017-10-08 11:06:54,2017-10-08 11:14:12,2017-10-10 17:30:17,2017-10-23 22:11:46,2017-11-03,8ba03ea7a871bdaebd65e7a4ced27c2d,2017-10-08
293f1f31a342e210ff008a393e2955bd,209beaa8ad584bf64b28ddc0d66fd7b0,delivered,2018-04-27 15:50:56,2018-04-27 16:11:01,2018-05-03 14:16:00,2018-05-07 19:19:11,2018-05-18,6b8941cebbb590b81f8fb7aeb5acf048,2018-04-27
8277c9870ca20fd07d7d1a77992dc20d,7a39cda163dbcda9f639cc2902adc6d0,delivered,2017-11-30 10:34:35,2017-12-02 10:32:29,2017-12-05 14:16:53,2017-12-13 20:26:21,2017-12-26,1d2120b8dbaaaf8fe7dd460b3b69d588,2017-11-30
3d260147da4c422ec7b613fcb54c8fc9,2f45bd61e8942c6d466f85cbd906b566,delivered,2017-11-30 09:55:02,2017-12-02 02:39:20,2017-12-08 18:19:07,2017-12-29 15:52:14,2017-12-22,dde23fa2daa6c7503e0be6b5ea199339,2017-11-30
95cae9dd806a2b045a98c5f253c74d0d,10c2ef0e5a6a9b2d28d70b65b5063bf3,delivered,2018-01-19 20:55:31,2018-01-19 21:09:43,2018-01-29 19:13:32,2018-02-03 15:06:57,2018-02-23,e6018d53527125cc1dc00cd86e66df82,2018-01-19
9bc3c553892cef890732e8688293dc9d,e0f0e573de9eed01f4dbde5f9323c48b,delivered,2017-09-23 10:33:21,2017-09-23 10:45:39,2017-09-26 17:30:05,2017-10-01 12:09:52,2017-10-23,decc46797b7d5c2c0146cc3e93720aaa,2017-09-23
c635b7e8fb0f2db9ddb1481111af5996,91007e89826460cdcba05e2201ba13bc,delivered,2018-02-07 22:06:31,2018-02-07 23:09:53,2018-02-08 22:32:34,2018-02-11 14:58:35,2018-02-23,00762eafc5dac5fc1574f91e9b7c9b67,2018-02-07
8a6871df7fc00fc959c5bcfc7160bb29,9f8fe5fc454a0b34d309a057800ee44a,delivered,2017-08-24 22:52:15,2017-08-25 02:55:30,2017-08-29 16:29:09,2017-08-30 16:57:49,2017-09-06,b1c7ef00769c72e5f4d57fd1aa30f97e,2017-08-24
a5cc7c162aead44119ea3820390514ef,b09552e885513da6a1097eda73c1e433,delivered,2017-06-14 14:43:13,2017-06-15 02:55:15,2017-06-16 08:46:31,2017-06-22 14:41:28,2017-07-07,364759c19c784f6e7ac3dad79f4a5213,2017-06-14
91a333766463bf60b5dcb78750da0f51,f45c4ec1717ebf7327a3d7b5c9b04201,delivered,2017-12-29 17:36:16,2017-12-29 18:31:19,2018-01-02 19:13:45,2018-01-04 22:36:27,2018-01-24,67cb5df57124d5e5dde3a80e913667df,2017-12-29
b85f9848a67767d36a4c39d1237b471a,ae4ae3a9b1fc1118d3b7713846af7ce1,delivered,2018-03-30 16:20:22,2018-03-31 16:15:18,2018-04-03 22:59:37,2018-04-10 23:58:57,2018-05-04,f0fcaf0959a6f1e90456c92b90128da8,2018-03-30
170f94ae030b06759974c36f29faf658,d79d1e2655c0b0f8b345f0a384414e2e,delivered,2017-02-13 22:31:35,2017-02-13 22:43:08,2017-02-24 15:29:26,2017-03-09 13:52:36,2017-03-23,07037844cd0003dc83170ae8f2b27cfd,2017-02-13
937f5e59b0d9e52742045419a31f2000,862c73c7b3989c2ceb05f091745a16ca,delivered,2018-02-23 22:51:45,2018-02-26 16:15:35,2018-02-28 16:25:42,2018-03-13 22:17:21,2018-03-20,d07b6a47b7d914e6842629e9a20a7ffd,2018-02-23
40bd7d4e6219af90438292c55c87c61a,bc29c3658c31ccba69cbcc370e11e8e2,delivered,2018-05-09 11:31:26,2018-05-09 11:51:44,2018-05-10 10:25:00,2018-05-11 23:28:52,2018-05-17,ed64cf9aa7a7028f4a7ba14dbc08de41,2018-05-09
d267a0d1ecdf659649c7b136c5540c4d,441d3a85c8c869e16785ebc90287b4c1,delivered,2018-03-22 10:55:52,2018-03-22 11:09:26,2018-03-23 20:12:34,2018-04-03 18:16:57,2018-04-16,dac0bc72adb82eaf5668d4f98286ab57,2018-03-22
7368e14d8b9e7b886e433697b89e937c,50e4a36718eb14d411ea14069da5ced9,delivered,2018-02-15 11:26:55,2018-02-15 11:35:33,2018-02-16 14:16:51,2018-02-26 21:10:23,2018-03-14,344238a3c6233f04c7c8e90fa3eef711,2018-02-15
db92c37a984bfe99f6cc7cda7839c86b,0af4e8ff1f457449b9586c1ffc45ccc1,delivered,2017-11-24 12:56:16,2017-11-24 15:13:50,2017-11-28 21:36:58,2017-12-13 16:28:42,2017-12-14,39dc893707cd584729686523e0eb0dd3,2017-11-24
5c0f36da2753c3794d51c7be947e5843,7fc1aee92f41c50a308472ea5053eb53,delivered,2018-01-16 15:54:37,2018-01-17 03:38:52,2018-01-17 21:21:13,2018-01-26 16:33:04,2018-02-20,9f206a10a101fe1d9106dedc3f121144,2018-01-16
6adf9dc8f61973b774685e0a029ea267,a05aa53174f5a1acddbbe75a8bd52779,delivered,2018-03-13 13:11:48,2018-03-13 14:28:28,2018-03-15 01:57:20,2018-03-15 18:51:46,2018-04-13,432aa6200ee9673be90863a912dc91dc,2018-03-13
d5bcb8f80071a67b57f191f45f7faf88,bfcc9aef1f24975cce422915f48b0b56,delivered,2017-03-13 11:03:49,2017-03-13 11:03:49,2017-03-14 09:41:09,2017-04-05 13:21:48,2017-04-03,4a482891f5b5c20a7895f61d563d2816,2017-03-13
a2c95702477a50387ec1b32968bd9d40,cff355d1c3f578e5c0fcf31eef4a06a1,delivered,2018-06-23 07:41:49,2018-06-23 07:55:08,2018-06-26 09:07:00,2018-07-06 06:34:29,2018-07-25,9d42d5ee226121b6dc867197ce0529cc,2018-06-23
63e34693b60c3efb27b9cb1f3c61f9dd,20559261cf336c518ff02088ed84ee32,delivered,2018-06-15 16:21:18,2018-06-19 12:58:29,2018-06-20 15:40:00,2018-06-23 16:04:14,2018-07-20,347595c982a1948a26289a1c7b257a3d,2018-06-15
1a09e3dca700e579fb61f7ea9c1727bf,80ac4563a46bbafa45b2f06c10663a97,delivered,2017-11-19 21:17:05,2017-11-19 21:30:29,2017-11-22 13:43:02,2017-12-05 16:18:48,2017-12-07,d1708d7d1e8a5d80f95cc400e6429eb4,2017-11-19
0081ab2c99dc85945c28926b77dc6960,410b01953ef40c9962bb6dc6578c7ff1,delivered,2018-02-14 22:19:37,2018-02-16 14:29:52,2018-02-17 00:39:11,2018-02-19 18:49:01,2018-03-01,b4280a4f708b5e554795989590a542e8,2018-02-14
a3fe72e4a708a8e7c2d2b686d3a457ac,2f6644e65ff6a076a99865af4c7201e8,delivered,2018-01-07 17:33:13,2018-01-07 17:46:57,2018-01-09 22:56:47,2018-01-10 19:28:40,2018-01-24,3012dd6d7cbfef5b7a47840ecb85e412,2018-01-07
c85fa73d7bb8dceabf8a05ce9545c896,58428a47d1b965403ce77c10baeef5a9,delivered,2018-03-01 12:56:26,2018-03-02 02:15:55,2018-03-02 19:52:09,2018-03-21 15:42:53,2018-03-27,06fabfc0c79b2aa48416ff26b1943448,2018-03-01
6b3270783bb9ee52008e72fcba18b617,f891f67e5702321817c3ad44f4f14077,delivered,2017-12-26 21:50:28,2017-12-26 21:57:19,2017-12-27 17:13:34,2018-01-04 16:38:44,2018-01-29,a894220844dedf136c14a5eefbd40eb8,2017-12-26
691ce30a6856b8f3e9b25557c238c196,8c4d8a373eea6f357c47d8ce57a82b43,delivered,2018-01-12 13:13:40,2018-01-12 13:28:42,2018-01-13 01:19:32,2018-01-31 18:23:01,2018-02-14,bc0753845feb6658c6e57514ac58928c,2018-01-12
128e25daad5ed194273bd283c67d0539,fc4c40b6cf427547806e1f7b248c1e5b,delivered,2018-04-03 13:15:11,2018-04-03 13:30:21,2018-04-05 20:24:41,2018-04-07 19:03:58,2018-04-16,172543044ee18b1cb574902a6f098019,2018-04-03
01a1969ee54e7016bcc0cfeb4fa8c634,b9b38aee92229fb6ba88fbec878f1743,delivered,2018-04-12 20:32:09,2018-04-12 20:49:07,2018-04-24 02:19:01,2018-05-04 19:06:55,2018-05-21,79ad2ad9d71899f7cf8b622f0575760f,2018-04-12
08fec9b7a19902c2485f6f104e547f52,5c1c8769cc8b6dbcc64964d7aceaff5b,delivered,2017-12-06 02:23:38,2017-12-06 02:35:33,2017-12-11 22:38:44,2017-12-14 17:04:47,2017-12-22,b16b36ade74a3e7101bc2de76112014e,2017-12-06
92b44b87f1f7670b8911c5f0e642435e,e561a3f61440b031d3be286a696d06eb,delivered,2016-10-05 11:08:46,2016-10-06 07:45:47,2016-10-10 07:45:48,2016-10-13 07:45:48,2016-11-25,acf599349b44e4e51d2beacb549313ad,2016-10-05
79b63d1f9cf0257b33b04fbfb0847cba,b755c5f04fe5e214d68445fb210d512a,delivered,2018-03-25 21:30:24,2018-03-25 21:48:33,2018-03-26 21:06:12,2018-03-28 00:04:31,2018-04-06,a3f4ba0143a3650588df81509d44c7c9,2018-03-25
bb1bb5824c663f60229758ef7bfc26f4,3b1787e218ba00444ab1241b033cee16,delivered,2017-11-22 14:42:31,2017-11-22 14:53:53,2017-11-23 18:52:03,2017-12-29 23:27:12,2017-12-11,5ff81ef8b934cc7101500c5e6baeed82,2017-11-22
8590982c89fc97812ea0519d17b3eb7e,d4949cca883001cb0f2ff50f30a58c00,delivered,2018-05-09 18:43:22,2018-05-09 18:55:16,2018-05-11 15:41:00,2018-05-15 02:03:47,2018-05-17,79380a43cde3f36a1006d3366a8e6eba,2018-05-09
a52c52c656d3b3ef3ec72fcdc13c714f,e6775a7638f68355e3cf369f3e1e11f0,delivered,2018-04-20 07:59:18,2018-04-24 17:08:47,2018-04-23 18:51:59,2018-05-02 14:03:14,2018-05-18,b591f5bf6d3e9cdf40f968adf9ce2748,2018-04-20
9de639fbe29fc86910cece0466b7b2d0,fd492015a21c195587e9c376cb9e9429,delivered,2018-03-17 18:42:19,2018-03-20 03:50:32,2018-03-20 18:22:05,2018-03-27 20:38:39,2018-04-12,172e108405815a8ca0670c3bb5c28e76,2018-03-17
393654d81daf611630ac2068a7c9b12b,00330644cccc5db0276fa836976306fe,delivered,2017-10-30 17:48:07,2017-10-30 19:31:44,2017-10-31 18:37:26,2017-11-06 21:36:49,2017-11-14,385ec0e1c5bcf488115ca06b26ec9f8b,2017-10-30
5e7ac1d3afa3583411b284bebd5dcdcb,d503771c01369a24b04e6151ca9882cc,delivered,2017-07-25 09:30:19,2017-07-25 09:45:14,2017-07-26 14:34:06,2017-08-15 17:42:19,2017-08-22,6bfe7126e980a78dad3d22f225055fe9,2017-07-25
2f2a857f1d838454c26f5fb0fc4356ba,9faeb0174ded39b59af32f83fd29ea08,delivered,2018-05-21 16:02:35,2018-05-21 17:19:11,2018-05-22 12:00:00,2018-06-09 00:48:43,2018-06-12,5f0691f23c472d93782c13ceaf2421f8,2018-05-21
641e972f60486aa3ed5bc9d4f2fa1476,794b23cc669e1a76c2e5c363430bda00,delivered,2017-04-04 12:48:52,2017-04-04 13:10:56,2017-04-05 13:32:42,2017-04-10 07:45:48,2017-05-11,9a0e6d66161c523da1c2aedf95885bac,2017-04-04
26261556487a03e52339403486ef134d,3926f22b694788137fdaa35bee5992d8,delivered,2017-08-10 22:43:08,2017-08-10 22:55:19,2017-08-11 17:37:46,2017-08-14 19:33:19,2017-08-23,6ef09a6a7758b108b84fcab47567f3e4,2017-08-10
7a53fed7f9006ef9325efa365e6a1992,dc66ab9389433904b412c0f0b4e14363,delivered,2018-06-10 14:03:38,2018-06-11 14:17:34,2018-06-12 14:20:00,2018-08-09 19:40:47,2018-07-13,95df81c7a10fd30caa61bcd7d0ea4e4d,2018-06-10
7e232ee2936aa0eb7a2092603d163c03,6b0193831bbff00334b02903472f6c84,delivered,2018-04-04 13:00:59,2018-04-04 13:10:19,2018-04-05 19:21:37,2018-04-18 02:18:30,2018-04-25,ac3a0453af13a228847a528c05071820,2018-04-04
5cc8d2d4900766e85e9da79bfc01c5b3,c8f77d34acba8c7216cb4fd07db8e3c2,delivered,2017-12-15 08:52:33,2017-12-16 02:36:38,2017-12-18 16:04:34,2018-01-03 19:40:01,2018-01-12,8fe55656fad8be83ab5bd1c7b2e242d2,2017-12-15
367085f34fdfc417d0087dfeab08ad73,f7fa34d348d801e384b8372b7877bef3,delivered,2017-09-17 18:24:36,2017-09-17 18:35:25,2017-09-19 20:33:06,2017-11-20 17:54:27,2017-10-16,8e5e9e54b8b78f8c99bbca3bbcc96132,2017-09-17
058c8f9e226f52cd43f44b0aaa72a395,2719de14d13a9835b0ec43698abda75a,delivered,2018-01-18 11:38:05,2018-01-18 11:55:05,2018-01-18 21:42:17,2018-02-02 21:42:19,2018-02-20,c14ab09136b889e355bde46939a6cefa,2018-01-18
59229a140708a54d8e3a52865dd924eb,27828d691a25b1a79e058d187694b1d4,delivered,2017-05-26 10:38:35,2017-05-26 10:55:08,2017-05-30 14:33:31,2017-05-31 09:04:25,2017-06-08,79d271a1e64d49db265c067178945a35,2017-05-26
1a35a638a0ccea24d66ae229e2d5d9d8,d059e9991c9f1a5dd61a7685ef03e5d2,delivered,2017-11-14 21:54:25,2017-11-14 22:15:59,2017-11-17 21:19:06,2017-11-18 14:09:38,2017-11-28,5f58a20de49e5d8c61a2fcf6f6f63405,2017-11-14
ec1ddc5ed60d1e3c7a4e0635c316aed3,aaf5e78f089c2839879586a479447347,delivered,2018-08-08 11:27:26,2018-08-08 11:45:22,2018-08-10 13:49:00,2018-08-14 14:18:51,2018-08-14,5568fb2b583235812ed08eb9587d0465,2018-08-08
be6a7fe72fe67600cceb9213855d6551,2d526742d60a98a21a1eeeb458664ece,delivered,2018-08-06 11:53:45,2018-08-07 04:35:14,2018-08-14 15:35:00,2018-08-17 01:48:29,2018-08-16,629efa22bb20f2263370589defe312c1,2018-08-06
5000591796ae43a6d7638ee69e51ac6e,d08e3e3cbb6022d92125e7fee21d8d26,delivered,2017-03-02 14:06:01,2017-03-08 09:15:19,2017-03-10 09:15:17,2017-03-14 11:22:07,2017-03-21,cb85a84df480b9f35d7ddb20a393110a,2017-03-02
34a85515e648322e7dc31efc6da5ff02,1bbc72422f5a5a38eabbabc9ca22068b,delivered,2018-07-19 12:57:13,2018-07-19 13:10:25,2018-07-20 12:59:00,2018-07-23 19:26:33,2018-08-20,971be042288051806eddf1277a29486f,2018-07-19
a7f40c756eea5c4a37cc8f459df6b8ad,62706c69dffb58ed1f0837001386a5bc,delivered,2017-03-27 23:22:29,2017-03-29 02:10:55,2017-03-30 13:05:37,2017-04-13 14:08:41,2017-04-19,d5dda4b4a4ac3dfcd42cb5bd41ea3ea3,2017-03-27
bc5aa9543fab4ee1e790effd19f56e00,9ff5c4e4319f406b94960a3561b49f56,delivered,2018-03-21 00:31:53,2018-03-21 09:48:15,2018-03-27 16:44:43,2018-04-02 18:16:41,2018-04-09,334acbd05adfcf071e50034c0ebda016,2018-03-21
e91e4fa5f881fa870e71c30c2c1921d5,5f52141aca781f06028905d68b4a60d6,delivered,2017-12-27 11:59:15,2017-12-28 02:33:38,2018-01-02 18:51:34,2018-01-16 21:59:14,2018-01-31,0fd475edfa0b61c59ecde6f89c21dedb,2017-12-27
7cd5af34e77c36b52c7af3c605135722,9c04affb4fee322c0c9e5675f21d2349,shipped,2017-06-12 11:47:05,2017-06-12 13:06:44,2017-06-21 16:05:56,,2017-07-05,5b0cab170035cda8b8da236cbd4be13e,2017-06-12
17e880ea1c52e7b2c6ac7485147bc060,751afe39178177f80c8df554fed9f53a,delivered,2017-11-17 19:49:02,2017-11-17 21:10:22,2017-11-21 17:38:03,2017-11-27 14:27:27,2017-12-06,aaf15d285622a5955ded9756e0cd33e6,2017-11-17
4e3439f5dfa664c3a1dd0154a524f7cb,d419776edf19bf4f7f2498b72d0c40fc,delivered,2018-04-18 12:57:23,2018-04-18 13:10:41,2018-04-19 22:18:30,2018-05-04 12:40:54,2018-05-21,9cb5815e09a510d171950eeb02fcd932,2018-04-18
50b564817ab0fefea06f362f54944b80,7a12116d8d7ff3f585e08a53a1b5b82a,delivered,2018-01-13 17:54:05,2018-01-16 07:49:54,2018-01-18 22:09:11,2018-02-08 14:53:41,2018-02-15,3b058c87a6bb198edbd4152e6887819c,2018-01-13
9a142fefa71ded6bdc21817299f5ab7c,7dcd626576af9555424051dbdb01cb5a,delivered,2018-06-11 16:10:21,2018-06-11 16:42:38,2018-06-12 12:28:00,2018-06-22 14:41:38,2018-07-24,7c0b4f7719caf8b29a4c8dbd5a1446c9,2018-06-11
beb19a07c97b17bc12756b493b5d59c0,8bda75001e36212e1c47bf35942ceafe,delivered,2018-01-17 14:35:31,2018-01-17 14:50:53,2018-01-18 17:13:07,2018-02-09 19:48:57,2018-02-09,64e037f54b4ff31461175bcc8bd210f4,2018-01-17
1fbf8f4fb186a87e85db3cf5ad3a0354,c9a94a45d18593ebe8f50d08cce39e2e,delivered,2017-07-23 18:18:36,2017-07-23 18:30:17,2017-07-26 04:41:54,2017-08-03 16:52:12,2017-08-23,07f1a64852859634cccf3e52125aa854,2017-07-23
2df3629aa299e4d981055ac3f6be5817,d60f4a3046f0f5a081711930422bd04f,delivered,2018-08-07 19:13:29,2018-08-08 03:25:14,2018-08-10 19:52:00,2018-08-15 01:16:33,2018-08-14,d89fd46bae9fc4ec46c41f9a46193747,2018-08-07
cf93d49a9e8e671eb28c9eab24cf0f39,1e227bc74e5e01cfb039ca61a8a09ff2,delivered,2017-11-07 14:39:42,2017-11-07 14:51:07,2017-11-08 17:58:47,2017-11-09 20:17:47,2017-11-21,851eefea71a07755f017e75fae31f2fd,2017-11-07
a8d8d5a9d86caae99bb5bb7b7dadaf00,f0ec95ed700893b211430d1348f6846d,delivered,2017-12-28 18:21:09,2017-12-28 18:32:28,2018-01-02 18:23:00,2018-01-08 20:43:02,2018-02-02,52d630bad0c21922b59a85986a165715,2017-12-28
f1207703399dcd13cbc13b7011137053,14a023567349f7ae51d411ae95adbf09,delivered,2018-02-16 14:07:10,2018-02-16 14:27:06,2018-02-19 18:48:35,2018-02-20 19:53:27,2018-03-02,123140aaffe0f903df9e441889b1d27c,2018-02-16
780a9cc080b68de71009118d45602439,2f708cc333cb0a71ba1a78b609e5a16e,delivered,2018-06-12 21:32:28,2018-06-12 22:01:44,2018-06-13 14:52:00,2018-06-18 22:44:47,2018-07-12,a63dfba0822c27c7d9f87b41e32fe8ca,2018-06-12
e653b4a7f0bb2a7ccb47b3d4385a6535,6cba5b40e48cd5ec625b9a419fbde209,delivered,2018-01-16 10:00:04,2018-01-16 10:10:55,2018-01-18 15:18:00,2018-01-22 16:58:18,2018-02-06,85dffc48917995d4f9ba961d5a56530c,2018-01-16
87ddbca935f5971922d9f64a5b8a250f,ed95063b9ba736f79c4e051b88eff535,delivered,2018-07-25 14:56:28,2018-07-25 15:05:12,2018-07-26 11:55:00,2018-07-30 23:17:29,2018-08-08,f161fdaf3d079866c6d164b3da2beed0,2018-07-25
ee09e937cddd9928e172000410e19c57,5c9869e5a7e9466ac06d1841fc7e73a1,delivered,2018-03-18 13:45:54,2018-03-18 14:08:42,2018-03-20 22:00:12,2018-04-04 14:12:50,2018-04-13,a005730a6f530f5932063b70c1ea4b88,2018-03-18
27bbbf29930f786db682f681aa56219e,ad587c8d6f7e1ba99d2cd8215682a0a9,delivered,2017-08-15 20:13:06,2017-08-16 20:55:16,2017-08-18 22:55:34,2017-08-28 18:55:48,2017-09-13,b7ad90f674e99944a8e5677ffa874c9a,2017-08-15
380200769633ed3a7d3e25141cb84fb3,1f6f75a138bb20fccae08300b42288ed,delivered,2018-06-09 12:27:08,2018-06-09 12:58:39,2018-06-12 12:38:00,2018-06-18 22:52:04,2018-07-25,df6102faaa0dc8034009b5f53a66e2e9,2018-06-09
58b2b537d85cec193ae2780cccb526a4,cf4ce219ea3ba8dfe2b2b173c8f5d68f,delivered,2018-03-17 19:48:19,2018-03-17 20:08:40,2018-03-19 20:22:33,2018-03-28 15:44:34,2018-04-05,3dbcf9834bc024c54979fdb525e2166e,2018-03-17
eb3e838f029e2dd36256fecaeb49b999,8647c80fc524435e980220571a07fda1,delivered,2018-05-05 15:26:52,2018-05-08 04:34:30,2018-05-08 15:28:00,2018-05-09 22:13:38,2018-05-18,21bd40b1164480a48e9292ad0b56a78a,2018-05-05
2d81bdadfeec8758a122c3b09a4a71cf,26e9e703719564f56b66f0addf051094,delivered,2018-04-23 13:54:51,2018-04-24 18:23:54,2018-04-25 14:01:00,2018-05-03 19:12:15,2018-05-11,fe7b70ee0f44f8aff193e5054d44eeb4,2018-04-23
b0fc31a7c51a6ab32e3d9c79a9e88432,d1628010d9f143ab44003d3434328114,delivered,2018-08-08 22:32:23,2018-08-08 22:44:55,2018-08-13 15:33:00,2018-08-14 23:21:01,2018-08-20,456f2c2a14db922638589f0e4d75ff1b,2018-08-08
7ecc158162cf00a802fedcb0577573cf,0a69fc827f07f7d333a26d63530bbb5d,delivered,2017-11-17 19:42:08,2017-11-17 20:15:42,2017-11-21 03:02:25,2017-11-29 17:27:14,2017-12-12,a2c15de05ef380b5a7eaf915898926db,2017-11-17
4c5c035bb0cad9e1d11415f3d74d6751,ad02ea72fea6c2bd4706e9a36ea06517,delivered,2018-02-06 21:37:07,2018-02-06 21:50:49,2018-02-08 21:54:53,2018-02-14 20:34:13,2018-02-22,5ca414a73a401e4e49782d12dd8fc2f8,2018-02-06
6502a176dd01586d88a9fe09d820b484,5260f00cc0f094d2e1012dec369ee399,delivered,2017-05-18 13:08:58,2017-05-19 07:42:45,2017-05-24 10:28:36,2017-05-30 04:14:05,2017-06-07,1a6881e34194048f9c74900603446119,2017-05-18
9771ffb6db813111ffcd3fd1d7047236,dae281fe282405757d491f430d796b30,delivered,2017-08-21 15:13:36,2017-08-21 15:27:14,2017-08-23 15:33:43,2017-08-31 22:12:01,2017-09-19,a8c6f9b53ffc95127731e575bbf57bb3,2017-08-21
106bf10ecc74f90c8848d0f613288a15,7f8feff355565582f36a0a3848231245,delivered,2017-09-14 21:21:35,2017-09-14 21:30:14,2017-09-21 17:22:14,2017-09-29 18:43:31,2017-10-17,6cf640bf6a1311baf590ea423f43ec6b,2017-09-14
543e16341e28ed8a88ab9c1f77e48b07,daf74012e80df98bd7589a26389a44e7,delivered,2018-03-05 14:27:58,2018-03-05 15:00:21,2018-03-05 23:53:23,2018-03-16 22:03:42,2018-03-21,30dae833a0d048ad406899256225a4d2,2018-03-05
6af6633de36925111b10a688783d004b,4abc77ac123a4bcdbe6907171470a2ab,delivered,2017-10-28 16:27:50,2017-10-28 17:21:35,2017-10-30 19:34:11,2017-11-13 16:44:28,2017-11-29,1e39560f1a511acdb6b7784f3985c374,2017-10-28
c62dc502431fbf54699cf00a9e938688,db65d3d5913f8dd4a22f2b1869a09f91,delivered,2018-07-11 00:17:44,2018-07-11 00:25:52,2018-07-11 12:42:00,2018-07-13 17:08:41,2018-07-26,03811020285557aa63dfcfe1f1164df1,2018-07-11
ccf1e12f1c435066f481bacfe011cfbd,4a3be90ecb8541317983a22f6c863888,delivered,2017-05-11 00:16:59,2017-05-11 01:25:08,2017-05-12 12:03:37,2017-05-19 13:59:43,2017-05-29,15e0f5e3fd10fb235acab6d62a9cf84a,2017-05-11
5bf6c9724af62e7a1e32bd52dcbd1e56,0fc5252f42af0436ca7b3283c985a9a9,delivered,2018-03-10 16:11:55,2018-03-13 04:08:18,2018-03-15 01:20:37,2018-03-27 19:07:29,2018-04-11,17114fed4b9a16d4c96b7e221e3297ea,2018-03-10
434f170d048d285d4841d3fa653a4507,50e3114b98cadb043f6fa08d104f3433,delivered,2018-07-06 14:58:40,2018-07-06 15:11:20,2018-07-11 12:51:00,2018-07-19 22:28:40,2018-08-07,0a330732a7ec9a044690687ca8e2c6ff,2018-07-06
3c8e77237d5bc008798253d8705581a2,e7df26186f3d9f607e59f950c80dd3aa,delivered,2018-02-08 16:00:47,2018-02-08 17:05:14,2018-02-14 21:42:20,2018-03-06 22:27:54,2018-02-22,dce8291c9e6a7a97927ed3e4f6cc5365,2018-02-08
9d22a4e7760c64525433b46cd0cefe47,4d4a12e19ab6c01f7d53ad154665df7b,delivered,2018-04-22 13:28:45,2018-04-25 03:30:19,2018-04-25 08:13:00,2018-05-24 20:29:41,2018-05-15,e699d1f2b24e717b2ddf0d6846756ee6,2018-04-22
93042fe5b79e4daa53ad9d1b34bd6c15,d30eeb00f2d7a934a10d266391fa54f7,delivered,2018-07-09 22:31:06,2018-07-09 22:45:12,2018-07-10 15:30:00,2018-07-12 23:51:43,2018-07-19,3d1a76622ec022c19f773e757122968b,2018-07-09
ca45a839acb03f8e8b45dcc0a6d1c0c8,413bfa6deac262b57bddf57b4d323d53,delivered,2017-12-18 17:59:45,2017-12-18 19:16:32,2017-12-19 22:32:58,2017-12-27 00:09:33,2018-01-11,8dce96b7cd9733a89522d60fca33a9c8,2017-12-18
df61cd26aece2f40eb66883de3a81e1f,266eb06cce9ce2788821b99fbf3b0420,delivered,2018-01-05 21:43:47,2018-01-05 21:54:19,2018-01-09 17:48:31,2018-02-20 20:25:03,2018-02-07,33b3ba0805590900744920c7f786a90d,2018-01-05
6405d2591428fc711391ea2349294706,9bd2838fe1595ef6511b3db5b3617b02,delivered,2018-06-02 11:06:29,2018-06-02 11:31:15,2018-06-04 14:40:00,2018-06-06 21:52:02,2018-06-28,b1229236b1846e1cdcfc105e7f372a28,2018-06-02
e1f91cf220920b4e904a151bf35c10a4,704af52ae3158a3a1cbdf19b4a75eb6f,delivered,2017-11-11 11:02:11,2017-11-14 03:55:31,2017-11-22 01:04:46,2017-11-30 11:25:50,2017-12-11,6a8f67ab59a354f059761806fa7ca725,2017-11-11
31b91033dcb0502e616f40ced16dccc6,72ec1bb6ed4621056c6774c4c385640b,unavailable,2017-07-17 09:38:11,2017-07-18 06:04:10,,,2017-08-21,864adb6f60fff0c2a11613045507d350,2017-07-17
3d037089d7e5c79581fdc67f54191a25,e91869020bc43dc7a80712e26d583f76,delivered,2018-01-30 21:21:09,2018-01-30 21:35:31,2018-02-01 01:41:37,2018-02-26 23:57:15,2018-03-06,08039fb6eaae076bc566a78b3b7477bb,2018-01-30
c206348085f589eaf3bcd60a005bb15c,5427c155641d32fec69e0371437a4ee8,delivered,2018-02-23 14:15:53,2018-02-27 04:31:24,2018-02-27 22:09:30,2018-04-10 19:41:13,2018-03-15,c4b6ed010082438b142eb8c1b60557d5,2018-02-23
29013a776f4baa9f0bfb378214a78da7,d16f22d8e6f07b3a1642fc9aa3b2721f,delivered,2018-05-16 13:55:12,2018-05-16 14:55:33,2018-05-16 15:33:00,2018-05-22 21:56:22,2018-06-08,c32b977180e9e5e029ecb18884ec8371,2018-05-16
8764a51bae349203d355fdb26ab44ba3,26ceb3e4f75365667dfb60ff2dda29c4,delivered,2018-01-18 10:51:25,2018-01-18 11:11:10,2018-01-31 14:32:21,2018-02-06 20:43:14,2018-02-20,56583a02df6f603c331a575f4f63ec6b,2018-01-18
d73917ec36e8910a0bcaae1bd54ee0d4,e1eb3d9c0ecf421896843e9a5eddd1d1,delivered,2018-04-15 19:23:38,2018-04-16 13:31:46,2018-04-24 00:48:48,2018-04-30 20:58:43,2018-05-03,917d539e4819abbe6b62ae362facffe3,2018-04-15
ff2debba53c9c8185f517f7b3a936aed,afc0b8421b7937d99de731ac9df6373e,delivered,2017-05-08 21:26:39,2017-05-08 21:35:14,2017-05-09 12:44:37,2017-05-22 10:22:50,2017-06-08,44ba066bbe77a063ec87d029cd3655dd,2017-05-08
1be187af7e77d6ee0671be02c229b679,8d1b923f85a34afac5bd669d50417602,delivered,2018-05-30 10:12:07,2018-05-30 10:30:18,2018-06-01 12:54:00,2018-06-14 20:46:56,2018-07-12,82e96a74eeb99b61395a1403630fe437,2018-05-30
cbec458163d85abfb23e8838fd9196e6,2d7be79ec7cff20da0a7d793741b5f20,delivered,2018-04-22 22:52:39,2018-04-24 18:32:50,2018-04-23 19:16:42,2018-04-27 20:52:02,2018-05-17,5ccfa4fba07870fd668345d60f1eae06,2018-04-22
55aa287c6ca17e8c3262b9ef1e12fac6,a75995b94cb29447b37cf28ba33f36a7,unavailable,2017-03-04 12:15:08,2017-03-05 13:05:35,,,2017-03-27,429fbf4ee20691b0ae84c84c3ebc6897,2017-03-04
a301bbda1ee21ef8cd44542a96ebc42b,956315c42ba4d48828bda0aa5234b6bb,delivered,2018-01-23 11:04:39,2018-01-23 11:15:20,2018-01-23 21:45:15,2018-01-26 14:19:06,2018-02-20,22c05efd13a78e3d82eca52589e0313c,2018-01-23
bea175d990526fa16d7d6d5ea071d065,e8687cb9888338ecc8e7af79fbcbd16f,delivered,2017-06-04 21:03:25,2017-06-04 21:15:21,2017-06-05 15:54:17,2017-06-19 20:47:46,2017-07-11,c09217739fe44aead63c4443b5264f9d,2017-06-04
bca58807bbe0c11fa3099e2328f62647,ded450170efe5531454485ca13120aca,delivered,2017-02-10 13:17:53,2017-02-10 13:30:20,2017-02-14 17:12:18,2017-03-09 19:46:01,2017-03-24,c990f557eb1c943d3298d296015b9df4,2017-02-10
c0a15de26f8add28b3ebed18a13e6831,07bd9534169742a405ad5ebb453fe651,delivered,2017-11-25 00:43:00,2017-11-25 03:51:42,2017-11-29 23:20:18,2017-12-06 14:19:48,2017-12-15,7c1c8ee24a9d986accb1a7e23f12c116,2017-11-25
34713a7c57fc2cc3f40a0ed057046b70,bc0dea402af6cd7df719ce27f6783303,delivered,2017-11-10 13:17:00,2017-11-10 13:31:11,2017-11-16 17:07:24,2017-11-23 22:28:43,2017-12-05,ef836ad13be593518a94bf148e32c713,2017-11-10
8a5f32ecf64f7184eaf136788c11f13a,04b7d26bde4f2d2fee0043ef81e664b1,delivered,2017-04-10 13:53:43,2017-04-10 14:05:14,2017-04-11 08:36:07,2017-04-17 15:38:13,2017-05-04,9ef6d1d9fdc6511e44eb6b7c68a765e9,2017-04-10
e9e6bfa908df3cf8873ff387a5c63561,74098bc25189a72fe2fdb1c408bf74fa,delivered,2018-06-10 08:00:53,2018-06-10 10:30:42,2018-06-11 14:40:00,2018-06-14 15:49:03,2018-06-29,9bd84c0b0360260ed6a923b48875c02d,2018-06-10
9003cc0e30b2b21adb912a390fe9bb68,d6243b98d81e3ac0330d5aeca2b78b5d,delivered,2017-05-16 09:38:45,2017-05-18 02:30:48,2017-05-19 07:36:43,2017-05-29 11:22:11,2017-06-05,ae0586c566a563f18111555e71955cd7,2017-05-16
b71ae2d7677a2cb21e4d19ac1141e7b3,f8973afdc844e2b56c90aa9a714d6956,delivered,2018-04-02 16:09:38,2018-04-02 16:31:01,2018-04-04 14:12:18,2018-04-17 23:08:45,2018-04-23,ed0e6df30bce87c1fcb8335489c5fc68,2018-04-02
a9263deb65aa2311eebaafc5305d9ecc,4df14a3e8dfcdb84d0f23221ab98ec61,delivered,2017-07-31 20:48:12,2017-07-31 21:10:21,2017-08-02 15:13:18,2017-08-07 20:12:09,2017-08-24,f2e70fadf33b29fa5f3d0fe0ac2b7631,2017-07-31
8f7176f38b6ac3f5e924b9b05716440c,4f0b5b05dd181055bb1fa47d9290cb60,delivered,2017-09-02 15:59:48,2017-09-02 16:15:20,2017-09-04 22:03:05,2017-09-14 17:08:01,2017-09-29,e905faeb03e532b0190991b755d0258e,2017-09-02
04749a8c0b72cda9ebbd79d27a0d1e40,9e911087ac4b6bab9a8581e5df86a779,delivered,2018-07-23 15:10:48,2018-07-23 16:05:01,2018-07-26 15:12:00,2018-08-07 11:22:13,2018-08-16,478718b4a397f32138833829a1215a13,2018-07-23
14ed10674adcf55aeb8ff2f20c66006e,a36b9699278f1b6a6dbdcbf92bb46290,delivered,2018-03-25 13:30:46,2018-03-25 13:50:28,2018-03-28 20:52:13,2018-04-03 14:42:11,2018-04-23,764977ce809e322a0748fa26a5e83168,2018-03-25
201411b269cdeb9193946f3f26e2c0db,28fefd959e5e896d3756beeb69a3cbb0,delivered,2018-05-05 20:50:26,2018-05-05 21:10:27,2018-05-08 14:32:00,2018-05-09 22:14:39,2018-05-17,162e711786dc70460b17eb68a1da91c1,2018-05-05
bca42f7a909e7ef1946eee14699f6e87,8ddf912b23b9bcb9b594c466da876a89,delivered,2018-08-13 15:43:47,2018-08-13 15:55:22,2018-08-15 14:18:00,2018-08-21 20:58:35,2018-08-29,fadf32f9dabc9f4717cdaa8254fe0feb,2018-08-13
584bd08b6d0a61391b57b2ac26416887,367788607e250367f43183f3500e33b6,delivered,2017-08-03 13:20:28,2017-08-04 02:25:28,2017-08-04 18:43:41,2017-08-05 16:28:45,2017-08-16,0fef5efc00d8e8673620ee24183868b2,2017-08-03
a5538348a48a05d585b5f6e40ba5205b,bbe8bc10a5dd9c9e796bd7de5effd09e,delivered,2017-04-05 21:48:29,2017-04-05 22:02:39,2017-04-10 14:34:44,2017-04-19 18:50:10,2017-05-02,f997654af571be8bc34bb1926e96e350,2017-04-05
c312c453f248b2bd69d3e18e2112214e,7a8a10e8ec473360ccb95041ec69365d,delivered,2018-02-19 20:59:56,2018-02-19 22:07:09,2018-02-22 03:36:44,2018-02-28 20:26:55,2018-03-19,89983db8b00aa0c2591926b17569f0ea,2018-02-19
053245dc8f6f668c40923c3aedcd384e,3e7ff5820808a8d4664e1e2514ce32c0,shipped,2017-06-06 19:09:17,2017-06-06 19:22:30,2017-06-20 15:32:01,,2017-07-17,830e6d22ba593f1679ea0692f0357604,2017-06-06
2d3518f1b535de87ccf593d3892022af,60be07ae31950ebb5bb4c2202837abc9,delivered,2018-03-01 10:21:56,2018-03-01 10:35:34,2018-03-02 01:24:53,2018-03-07 20:38:40,2018-03-26,f661191b74ac0e80e5991e494b4191ab,2018-03-01
c504b1d68ad8d98a627dadca7ca53673,32734d8ce19dd70c65a8aa63c4e080e9,delivered,2017-01-22 18:30:51,2017-01-25 02:45:17,2017-01-27 14:21:28,2017-02-01 11:47:31,2017-03-02,a5e42bf4c43302b886ff16d4007fd695,2017-01-22
724a9c4449f1ff54ffe60064715811e1,a930db442620eab13cf505320a075e5a,delivered,2018-05-02 12:24:55,2018-05-02 12:35:21,2018-05-03 12:03:00,2018-05-04 17:57:02,2018-05-15,656de93fef7a25571fbbdc64128bce74,2018-05-02
03183d4abec30f2231280b2746c66d06,531fa8af6b64d371b38b44930ae774c2,delivered,2018-02-21 15:14:58,2018-02-21 15:30:22,2018-02-24 19:37:49,2018-03-01 20:33:32,2018-03-14,13efaadea9b2ad1a425fe9fc132ac1a9,2018-02-21
abfcea2fcceafacc40dd9edf35aa1f5d,cbfa8d4b6563cb9f871f7f5412ebf9d9,delivered,2018-04-26 12:00:11,2018-04-27 03:50:54,2018-04-27 10:48:00,2018-05-04 16:52:19,2018-05-21,4a0c5eba97122b2804885af83c16cdcc,2018-04-26
ffabaa69e709f1ec58faf2f706c8c8ee,1ab2ae086ad3c25f52354abd033639e1,delivered,2018-02-21 22:21:26,2018-02-21 22:35:27,2018-02-27 17:05:02,2018-03-10 00:11:04,2018-03-22,acc4424c209233de519e034152f30304,2018-02-21
562f6c47e1f1b9b37763db9d5ae00e3a,953bf9515f1c2fa444e76ebdd43fb1a9,delivered,2018-05-08 11:17:38,2018-05-09 04:31:28,2018-05-09 14:16:00,2018-05-14 15:27:30,2018-05-24,46c77557bf7c39b4ab3d1e16323dba9a,2018-05-08
d22278809a8d70fd68df910e0396c39e,6ef9a3f47eb312bfa5d52ee10556127d,delivered,2018-06-10 18:21:35,2018-06-10 19:12:17,2018-06-11 12:57:00,2018-06-15 00:28:27,2018-07-03,ba72410fb4672c3b7c6ef7abaa5ec13b,2018-06-10
a4009dfb92fd1a68c1c19af9f93b4561,b65714d110c92422f67d49614c32f883,delivered,2018-03-26 19:44:28,2018-03-26 20:06:51,2018-03-29 21:18:49,2018-04-03 22:39:10,2018-04-09,230b3fa73170f4c20af25503af1b2873,2018-03-26
f8988b8698570c25c74dc0a6f5cf0a68,fa4418ffe30b31c317748e51ff5171b8,delivered,2018-05-21 17:29:36,2018-05-22 17:37:05,2018-05-23 14:51:00,2018-05-25 14:24:40,2018-06-07,021ac5734c4f62601583998bf0de4e03,2018-05-21
31d29a8c43bc533845fe7bfae74fa0cb,5f4f9dd0d0c9ab9a7ff1fdfb0eed78fe,delivered,2018-06-05 19:47:39,2018-06-07 03:12:33,2018-06-11 10:40:00,2018-06-18 16:38:32,2018-07-16,74ce48070b3053551b0ae56f84fe93b5,2018-06-05
4d6dca1dbb561c5c5af9a4c8fbc38375,8129c1c506d7d2a41ca7caf3c38fa85f,delivered,2017-10-30 10:47:23,2017-10-31 10:50:34,2017-11-07 17:51:49,2017-11-11 17:07:44,2017-11-21,6b38599de7ebe86e10dca22cad0f5c80,2017-10-30
7fb13f3c0c951e4748c6962b0261a580,69d234580e4fbeba8ccea6b767bb801a,delivered,2018-02-23 12:54:27,2018-02-24 02:50:46,2018-02-27 19:04:32,2018-03-09 19:58:38,2018-03-16,44138344ade9bf748ead9d7d5a58211e,2018-02-23
3cfb6e2f13d190a67c451cb4a359faee,34d50c815414e1f5a73de0562cf52098,delivered,2017-12-06 15:07:57,2017-12-06 15:19:34,2017-12-07 19:34:34,2017-12-11 17:57:14,2017-12-29,726808815a7330ce414e86f5473a7736,2017-12-06
1915364b68b7df0c42012aadca4bed47,3a8383a4e4a8cf4251ae0b1c1a696694,delivered,2018-02-15 21:07:30,2018-02-15 21:15:30,2018-02-16 21:22:29,2018-03-28 20:44:32,2018-04-04,baca32e91433cd59553bcd1ff4f30da8,2018-02-15
05b44fc08ced0af18eba71e859288f3e,b92268b0950d4673dcc0b8e1fd1ae17d,delivered,2017-05-20 15:25:39,2017-05-20 15:35:40,2017-05-22 16:03:17,2017-05-31 11:43:23,2017-06-13,5b07509a8573da7473f8e94eafd6d985,2017-05-20
b1baac8300bff141b743794ace31ffcc,f7ca9d963c6dcc2b5c4b93006b6abe90,delivered,2017-03-29 23:17:00,2017-03-29 23:25:12,2017-04-05 09:47:35,2017-04-10 14:20:06,2017-04-25,9d4dad0a5382a8d234d0ad979dc594f2,2017-03-29
5c084318cff126cf38e30fe940ea2fbe,22a10db84c0324464bb842e5bec1d6e4,delivered,2017-12-04 13:56:14,2017-12-05 04:12:01,2017-12-05 17:16:50,2017-12-19 21:38:44,2018-01-02,2add96fae9b95647c0f19ba57d034a30,2017-12-04
6c3ebcad285020fe222c1bff5a23b15c,cd483fb7ce181dd4fc4c8c77d676536e,delivered,2018-04-25 11:11:13,2018-04-25 11:31:32,2018-05-02 11:28:00,2018-05-08 20:32:16,2018-05-18,f8f6ed51ded0d4757a6153f5ce0f8906,2018-04-25
be5b64307f608c4be032a92527e44f66,3af442112f104fadd55d6861a864b21f,delivered,2018-03-15 15:43:31,2018-03-16 15:35:29,2018-03-20 00:32:17,2018-04-02 19:48:43,2018-04-09,5953b7dae07c8ffd6f76f5a86196254d,2018-03-15
9b867baf23bb7cd0720825a08a58dcac,2923a4f90cbe33627932ccbd6c6da251,delivered,2018-03-18 18:45:52,2018-03-18 19:00:34,2018-03-20 03:42:36,2018-04-11 19:46:35,2018-04-24,cb056ec657a05e0b7d117ef0f00559ee,2018-03-18
7002f5420d7a37aebd4c740b01b2fd5f,0f2bfd92b901a88af663262ed4480d63,delivered,2018-05-29 09:40:24,2018-05-30 09:35:14,2018-05-30 13:50:00,2018-06-06 18:56:57,2018-06-29,4cb74a98e172fe62166a22883980d3e6,2018-05-29
422582e02b67ce7dc6b05417796ee525,4b90cd5a80fe5a2cd3741558d57d3e20,delivered,2018-06-17 17:20:50,2018-06-17 17:39:05,2018-06-18 13:09:00,2018-06-21 23:42:41,2018-07-11,a6671edfff4160cf87e149575d0de7f6,2018-06-17
785e5848b43e60ee92f14e0e20dca105,d81c95d43b8a1de36c2f0e34508b16b6,delivered,2018-03-26 16:14:38,2018-03-26 16:30:23,2018-03-27 21:33:21,2018-03-28 22:43:48,2018-04-06,c48a861f86cda174e4e97c48f8b7e287,2018-03-26
50f90eb24d38ad16db65067a4d519498,8024e7bd493bfbbdbdcc32f28ad4995a,delivered,2017-09-26 11:29:46,2017-09-26 11:49:09,2017-09-27 19:03:56,2017-10-16 10:07:50,2017-10-26,a41f1a04b030405e555264e98c1c158c,2017-09-26
b2f633218c7a89e314ade77e1486c7b9,7befa76e61226aa04ca6b28a5f00d640,delivered,2017-10-23 19:00:48,2017-10-23 19:14:17,2017-10-26 19:06:48,2017-11-01 22:12:22,2017-11-13,8f86544c8854a0d0b347511a24981b77,2017-10-23
8b5e19adc5101e4b002ed7c4dfd0ecb3,9f2006fed361ad5ab1caaf4dbd5e34e4,delivered,2018-07-04 12:42:02,2018-07-05 16:19:58,2018-07-04 13:44:00,2018-07-07 15:51:04,2018-07-23,0470c1594f49ac7997857a1e56c0941b,2018-07-04
dfd954e67c5eeaa6432cdc40a6b66d73,c6e5dc26706e556b6e6cbe4321670954,delivered,2017-01-23 19:32:38,2017-01-23 19:45:09,2017-01-27 11:47:32,2017-01-30 12:44:19,2017-03-02,363e10681301da394e9e505ea41c6e50,2017-01-23
e7933ced79cabb10566bfaecb47dd4e3,e338256559cac84fbc89404394ac43bc,delivered,2017-06-28 14:34:16,2017-06-29 08:03:34,2017-07-03 11:27:50,2017-07-10 17:33:26,2017-07-24,3e301f8fdb84fe9050faee7df6eb9849,2017-06-28
a0aa66ea6d606142d5df626b13b033c3,2a55f5f7dd2da40cfae2c503aa7626a9,delivered,2018-03-01 12:59:41,2018-03-01 13:15:36,2018-03-01 23:59:03,2018-03-05 22:36:48,2018-03-13,8abfc9be1958666bbc9ae549b20175c1,2018-03-01
0a3ece2f39e596ede61967326bf7e969,228c08d51cbc3f62907a83a9ea1ed246,delivered,2018-06-06 20:06:10,2018-06-06 20:34:10,2018-06-08 14:17:00,2018-06-13 18:42:42,2018-07-12,caaed4ff7d0bd323d5b4cd26eff11aef,2018-06-06
76870eacf3fa50d0cce734ff1a826aa2,2a53997627d79044b4200db95b3ed540,delivered,2018-03-06 21:20:46,2018-03-06 21:30:59,2018-03-07 22:24:42,2018-03-19 22:50:36,2018-03-27,f5f2afe5f4feb6c243bfceaf3458ae1d,2018-03-06
68abcdb32d1d556523e070ecf312b7d4,7aa26efe875af01d3a224f7f0c029bb2,delivered,2018-08-10 15:08:54,2018-08-11 02:50:24,2018-08-13 14:15:00,2018-08-31 23:58:27,2018-08-16,35dfd97c18fdac5b44db61ce1cf39704,2018-08-10
7aace035422e5537450664dd790e72f4,327bcc492e7e1e28428bddf002519f0f,delivered,2017-09-30 11:09:40,2017-09-30 11:24:49,2017-10-02 19:01:01,2017-10-09 17:10:00,2017-10-24,18b158b98e0c412c408fcb875a617a65,2017-09-30
f0a3e1364c48c7c7f24a2282883d5c64,1e0a457fc59c18e16237e1fe1621d66c,delivered,2018-05-03 08:42:45,2018-05-03 09:12:19,2018-05-07 14:42:00,2018-05-11 23:05:09,2018-05-15,20b081c69d1a1c6d8914ac433eadb802,2018-05-03
31a1db6df7cda3d38d977182b46e8b88,6a9fc70f5a1961e970e03b8bd1c27704,delivered,2018-02-15 15:44:17,2018-02-15 15:55:50,2018-02-17 00:11:46,2018-02-22 20:23:30,2018-03-08,a67257c8820f98d61d1db467281ee3b3,2018-02-15
d813e348dc770d6502142ea26ace4156,7be05dacd2f8a3e641c083c8af288313,delivered,2018-07-24 17:04:30,2018-07-25 13:45:17,2018-07-27 12:00:00,2018-07-30 17:42:21,2018-08-10,782dd69026a466a6c503fd586757337d,2018-07-24
d7a903a05d84644e6e872b9c626d7fc6,0bfea02831694ac939ae7d1ad14287b6,delivered,2017-08-02 13:12:25,2017-08-02 13:25:21,2017-08-03 18:55:56,2017-08-04 21:03:24,2017-08-15,52d33af1de49df72589cf7e348835ba1,2017-08-02
4cfe4c83980f15d36ef83167bb4ef4c2,64ebdeceebafcfcd7a2bd3f20c65c9fb,delivered,2017-05-26 13:08:33,2017-05-26 13:22:27,2017-05-26 15:13:29,2017-06-02 14:25:05,2017-06-22,54f331133cf54cd1e6001df96e46108f,2017-05-26
f774e750b5c406bbf9de83d515153b1c,8564c8eb40ddf62a647270bf91a1fa50,delivered,2018-05-11 17:53:32,2018-05-11 18:16:46,2018-05-14 08:20:00,2018-05-17 21:12:54,2018-05-28,a1f080dac2c1faf3072d3de822b10600,2018-05-11
728f6c4bcd81ebdfeb353bb9b0893a12,72cea2abeebd1dd8bfce8489ba19df9c,delivered,2018-08-04 12:34:43,2018-08-06 08:44:45,2018-08-08 13:49:00,2018-08-10 22:22:29,2018-08-20,278579bb082b2f6ce89a8a13075e0150,2018-08-04
70a4b21bf18001a99d94bf894697b8c1,ef5c01ebdd912188ba1f81f4a6b9a902,delivered,2018-08-03 12:30:36,2018-08-04 04:24:17,2018-08-07 15:42:00,2018-08-20 20:52:57,2018-08-24,820fdd31b7c5630cecb51be081a686ac,2018-08-03
51a8469438e01a912e0e55cf32fc0abb,8ed6e42fde758d7b78d7ebf1eb9bdd5d,delivered,2017-05-01 14:18:57,2017-05-01 14:30:17,2017-05-04 06:03:09,2017-05-12 12:33:22,2017-05-29,0b99e4f78105f0a500cc874fde136c85,2017-05-01
49d6253d089579c970094bc6d510ebc8,8061a9d09924d8063ce0a12e2ce469bd,delivered,2017-12-11 23:20:34,2017-12-12 00:14:10,2017-12-14 00:23:39,2018-01-08 21:33:52,2018-01-10,8f9f69572f652df51c6fae62d5cd9476,2017-12-11
47f05ae89d6bcb551be15cba2f14352f,73f23abc265eb4c1cfc5b94f9f389461,delivered,2018-07-07 19:45:17,2018-07-07 19:55:13,2018-07-10 15:36:00,2018-07-12 22:38:49,2018-07-19,fcab91a7a3fe99afd4c558fe5938a7ee,2018-07-07
4c8e63c1d25a7a7647782967c60a0677,401b7dd4ac2b0aa3b7d5e563af4f3723,shipped,2017-08-25 16:17:02,2017-08-25 16:30:14,2017-08-28 17:11:47,,2017-09-19,9a57feadf40027e677c373d70108d57f,2017-08-25
7f8d25da9409167dba72ad951cb73530,0eeab95cbdfcad21ed5cc7c014451a66,delivered,2018-01-16 16:38:30,2018-01-16 16:52:18,2018-01-17 19:34:57,2018-01-26 23:18:12,2018-02-06,bb21a93f11aab05c1daa281e5af42344,2018-01-16
02b39a781ee24f6997ad691ea7a01491,a926ff5e07e6155bf31456e33c21f276,delivered,2017-12-10 12:04:08,2017-12-10 12:13:25,2017-12-12 23:12:54,2017-12-17 17:54:59,2018-01-12,6aa2294d9975e319365a586ba919de73,2017-12-10
947727b76996398e1d9730e829551878,64e63ced9363b9c6db11a74b66cdf47b,delivered,2017-08-16 22:35:19,2017-08-16 23:44:57,2017-08-30 00:00:07,2017-09-13 20:23:11,2017-09-12,2cfe3996ebb7af43df99777cf37512d3,2017-08-16
45f65ebc30dcef3d7558ffa3bee5bd83,9fb722ac3656661244b9f4e9bbf87aca,delivered,2018-03-24 16:03:47,2018-03-24 16:15:28,2018-03-27 17:42:47,2018-04-11 15:09:28,2018-05-16,b7716bdad090fa7201fba21e32d1f4ac,2018-03-24
a73decd86173a2da359011bebf8e4ac4,de534e17e0c64404d3c2c366c1b1b16c,delivered,2017-03-30 11:52:02,2017-03-30 13:05:11,2017-03-31 19:23:32,2017-04-04 23:00:02,2017-05-02,363a207255c7126f43da688704cdf1af,2017-03-30
3224f9000ebffb83e1c48590824ba567,b515c26bc7955d05356ae832d2c4b54b,delivered,2018-03-02 16:12:57,2018-03-06 03:49:20,2018-03-06 23:48:50,2018-04-17 23:16:44,2018-03-21,a76c949d0d11b71d6ed4a7a8464e101f,2018-03-02
80c4a8fcf4e47aff10048cb8bdd0bee5,9fc1053dea33f83500092870a9db0900,delivered,2017-04-07 18:23:21,2017-04-07 18:35:15,2017-04-19 14:54:11,2017-05-11 15:00:22,2017-05-08,0cebf50fb2514aee074ba5b33840dbed,2017-04-07
d1a3dc85b893b90e5197eb1423449276,09b78c606e60c4aaf004a1b4c4f1c33e,delivered,2017-12-18 09:57:35,2017-12-18 10:57:19,2017-12-18 20:39:00,2018-01-03 16:08:39,2018-01-18,36b680ba516567bbbddcd935cbdeabc9,2017-12-18
7d09a3b11e55c5e586d952edc9e12e6b,a260a76f5eb7a337ce2d4709d358784c,delivered,2017-05-21 15:02:45,2017-05-21 15:10:19,2017-05-30 13:54:08,2017-06-05 08:26:33,2017-06-16,b646eef30a884044c22e9337e16298d7,2017-05-21
2b16c7fbd95d6e9c114f73e4d8bdf536,9b34a233b19de8f5ea40a8e03a24f10d,delivered,2017-07-31 23:08:26,2017-08-02 02:34:47,2017-08-03 18:32:49,2017-08-08 21:26:51,2017-08-22,2a10552b7cce0c08b0af95a45897a92f,2017-07-31
ab2e9e7981f5ff473ba140849d5129c9,12102aca8872f8686b300f9fc8652a76,delivered,2018-05-24 20:18:47,2018-05-24 20:37:47,2018-05-25 15:23:00,2018-06-01 21:55:29,2018-06-11,8bf2e7cd3288830b2601b451a4055d2c,2018-05-24
18fa229a827c89986c8387c049dcc572,ebd63abbdb05e1f65308cf14a44a488a,delivered,2017-09-23 19:56:00,2017-09-23 20:10:15,2017-09-29 14:04:26,2017-10-03 17:30:25,2017-10-24,f34cd7fd85a1f8baff886edf09567be3,2017-09-23
678f4895096d4e79441a761f3d6c6b29,e3099b0fe556c1f1630dd8ff91989f1f,delivered,2018-01-19 11:41:03,2018-01-19 11:54:30,2018-01-22 18:39:01,2018-02-09 01:21:39,2018-02-22,00d079bd851bf5d13879d7a2a3b5ec48,2018-01-19
cdc80ab03580d7d907ecd33ae7818caa,cce1958e8abce973e3d29474e46c3a14,delivered,2017-07-01 11:19:58,2017-07-04 04:50:27,2017-07-07 18:56:33,2017-07-13 21:41:07,2017-07-21,6d5d58a5892a5ce6f002010853e552fe,2017-07-01
016dee69b3de35a39bfccee5309307c3,c508ad14bc3cde5d1e0bfca7ebdb77cd,delivered,2017-01-14 16:35:59,2017-01-14 16:50:19,2017-01-19 16:33:30,2017-01-26 15:43:39,2017-02-28,65673eb10bb25611b2a9eda38b0e57ff,2017-01-14
ab8544fad4e4adad2284def1184ae157,8451a9eb6b84b9f11b3505693cb6f838,delivered,2018-01-21 13:17:24,2018-01-22 13:50:04,2018-01-23 20:45:04,2018-02-05 20:53:07,2018-02-23,61db1b8cb5389823ad0d2b60341276d9,2018-01-21
bfb517ecdbd8ef8716f682931140acb0,07f530400b2eb436da476957706cd9be,delivered,2018-07-16 14:42:15,2018-07-16 14:55:17,2018-07-20 15:50:00,2018-07-23 19:48:54,2018-08-01,a3387855ea10598f1bfb862877bf8bdc,2018-07-16
65bd34264e92e55142465420aad29126,66ce46e4ab8582ed7de4e569f26d9de3,delivered,2017-11-22 16:46:44,2017-11-24 03:12:11,2017-11-24 19:08:28,2017-12-05 22:48:50,2017-12-14,9e5b538cbc34e0a47723c4b0eb8ea6b0,2017-11-22
cc8978e74f4d8907fbad695ee3f7f933,fd92bf50851f9d351ff9f16d79a31971,delivered,2018-06-04 09:53:26,2018-06-04 10:50:50,2018-06-04 12:10:00,2018-06-09 02:03:50,2018-08-02,6fc559606d61b5b64523ccc04b5dcda7,2018-06-04
eacbe7948aadfac0292211f2f352fdeb,d7f3c5688f1d04e1af261ce65b5540c6,delivered,2017-10-29 17:10:13,2017-10-29 17:24:56,2017-10-30 20:12:15,2017-11-11 18:29:43,2017-11-28,b36699e87b94d0d045c0e0800279f429,2017-10-29
88503051b9833f27c9492939bcfe2a6a,252958ad9cd878e5fd02fdbae229fcf4,delivered,2018-07-16 16:25:10,2018-07-16 16:40:23,2018-07-18 12:31:00,2018-07-23 20:16:54,2018-08-16,2a756a1116ed48189353ec50150b6d3e,2018-07-16
0c35d1433b7a71747b7bcddd12c40ff5,a968b991fec4d5579af2a5024bbfe7ef,delivered,2017-10-09 16:20:02,2017-10-11 03:14:46,2017-10-11 22:49:49,2017-10-17 17:51:46,2017-10-26,72b10ffd9d19aa709e2191cf703ee222,2017-10-09
70747b96517d9085ad6cbcec3a7ee661,bfc4066db14a5249168915cc6285ceee,delivered,2018-05-25 18:06:34,2018-05-25 18:32:21,2018-05-28 13:37:00,2018-06-09 15:08:26,2018-06-19,899ee0faa87847eccac7dc5566b9c53e,2018-05-25
cdf713b645faa55bba5c66e66aeef41e,d7c36cf9a2c23a9d7e90328f7d30456b,delivered,2018-08-15 22:05:09,2018-08-16 03:25:12,2018-08-28 17:12:00,2018-08-29 14:44:46,2018-08-27,c641236d7fd2541fd5f70fdb10a9cda0,2018-08-15
ac65ff1f59ff445000702d333af9e1d1,dbad6b1f3fd8e97e5e04a703aa369eab,delivered,2018-04-10 08:42:53,2018-04-10 08:55:33,2018-04-10 20:36:41,2018-04-20 10:59:02,2018-05-02,77c213e10acbd145d50fcb035d0e86d9,2018-04-10
75c7d5ad87ea6233dcc4763d0818dbd0,6b8074352e7e1ec9d3a1ee6faf3272e8,delivered,2018-04-15 19:26:00,2018-04-15 19:50:33,2018-04-18 20:44:40,2018-04-25 20:08:48,2018-05-09,84ac7d26264d1d16aa2074e4aa13f87f,2018-04-15
b669dc3736aa7bf3f5f181f9f460dde5,237cd40f8611065ccaee3db2484eedaa,delivered,2018-08-28 09:26:43,2018-08-28 09:44:14,2018-08-28 14:38:00,2018-08-29 19:51:58,2018-09-05,4e1be68fdb65f1ffe1cb79ce38da2a84,2018-08-28
0173e291db71c3e688829f7f03e2d34a,b909a43dbe785f180ae31c4d0e79cd28,delivered,2017-07-07 00:29:18,2017-07-07 02:05:22,2017-07-11 18:18:00,2017-07-15 13:23:44,2017-08-04,9692198eb90ef81bbe24655e8ccbd394,2017-07-07
c02a0e10038f56fba11ac63a654333a6,34650be05232210e960d2e66d783aedc,delivered,2018-04-02 23:12:09,2018-04-02 23:27:59,2018-04-04 03:07:40,2018-04-16 20:24:34,2018-05-02,74d241292d4ca93bfc962326cd89425d,2018-04-02
e4d30fd714b8811d4c77924ca7e95c42,d8100dcf3df9e671b1f216346a36e5cb,delivered,2017-10-01 16:26:43,2017-10-01 16:49:09,2017-10-02 20:13:19,2017-10-10 18:23:13,2017-10-30,e0b74a7a5dfe97ed137158ed647d4ac8,2017-10-01
b62cfc7b4c9b7c7b0e97bb106679e51f,a8f2a38a810ce407cd760e5a6144a5f9,delivered,2018-02-11 12:28:51,2018-02-15 04:07:11,2018-02-16 00:34:09,2018-02-26 22:08:36,2018-03-14,0d52f8cd8892f109a15803df169113b6,2018-02-11
0df82e7e73083762d11e4dce39a84c7f,ce4803f15b38e1eb49ff6d2080a65179,delivered,2018-04-16 10:28:25,2018-04-17 05:50:51,2018-04-17 21:48:55,2018-04-18 13:28:32,2018-05-03,04b2af3c93e41c92d3bec7434f261be0,2018-04-16
0b52695e8c759b22075c6937089c4158,5762791fc4f790e9bcd3b13e01e60f1f,delivered,2018-08-03 09:04:09,2018-08-04 04:10:19,2018-08-06 14:44:00,2018-08-07 18:38:46,2018-08-09,49448603b610a118b4328fc16f891974,2018-08-03
c73f0fc8ad02cddf8637371612f5bac3,a3b5fd61a4f17f0246244a3b6f336e02,delivered,2017-11-24 15:42:39,2017-11-24 19:13:02,2017-11-28 21:15:23,2017-12-11 21:36:19,2017-12-21,817dda6a694ae70dbe4157d6a5ec917d,2017-11-24
2320f88fd7982719055be3476e3e8bf3,61a09f1e64be26d3191486c82630dbbf,delivered,2017-05-12 17:43:50,2017-05-12 17:55:14,2017-05-15 09:22:57,2017-05-16 08:24:30,2017-05-29,c3b051dbef3b9a2e2ebfaa2a67bc14b2,2017-05-12
acecf0b4a17e9d413f602a2345fcfe16,175b5158be72ce983b5edf7d1c5d9337,delivered,2017-03-29 15:27:04,2017-03-29 15:45:19,2017-03-29 16:12:03,2017-04-04 13:54:41,2017-04-20,f178149edd71c4020520b915ddf6683a,2017-03-29
33a2d5e5c1eda20e8a1ce9445bec4086,accc1a016a05b961ce5954d27f8af8da,delivered,2017-10-20 11:21:36,2017-10-21 03:06:03,2017-10-23 17:43:37,2017-10-25 22:57:42,2017-11-17,e5f15a6fa2e0bc5e4add6cd3a4a4a271,2017-10-20
1184c1bbcfb488132ee2bca2c07cd743,8baeca32aac79a831b81f1f8af9fd6d8,delivered,2018-08-16 11:35:15,2018-08-16 11:45:09,2018-08-17 08:38:00,2018-08-21 20:07:33,2018-08-27,59cd6345c0d1920b6a42f672173a78fd,2018-08-16
60d56d46167857b04e9531f0542f8807,8c4958250c5729af2c5a6ce5faf3e16f,delivered,2017-09-26 11:34:03,2017-09-28 03:05:25,2017-09-28 20:21:33,2017-10-08 15:46:15,2017-10-24,f70e6ea5696be3e679598b5be0cd9bc6,2017-09-26
ea6ce509b0aa60471f0b6c0029797d6c,e9042972821553d66af10bb64fffd0fe,delivered,2018-08-12 17:52:19,2018-08-12 18:05:18,2018-08-14 13:52:00,2018-08-28 04:26:34,2018-09-10,558840a2856f4e074a6cff1e954f949f,2018-08-12
f176421e9956528da385eb686f70b7c1,4f3530f76a6821b823ce91e12ae377bc,delivered,2018-07-31 22:44:06,2018-07-31 23:20:07,2018-08-01 13:31:00,2018-08-02 22:33:07,2018-08-08,400c8e8063481d1eae8f277f5c0de85b,2018-07-31
16fcb558c864b7eb62bfbf4a55be23d2,b3b12bd3e740601c17700fc176996c6a,delivered,2018-06-26 19:48:15,2018-06-26 20:07:45,2018-06-28 14:25:00,2018-07-10 22:44:32,2018-07-31,51de7192c29bf87d3d2d8a6ca54accf1,2018-06-26
7f0bbbb8c4fac9e12d3e931d8060da12,29429468b1dcbea0794fe3206c369710,delivered,2018-04-23 22:54:01,2018-04-24 19:07:27,2018-04-24 18:50:52,2018-04-25 19:17:53,2018-05-07,9be572f2f67ecbfc9d09bb7059c7aa47,2018-04-23
bb3bc9b2e2b9022f70bdac9912cf67bc,75a56a88964892a78b19d16dd2407f78,delivered,2017-09-19 16:02:21,2017-09-19 16:10:14,2017-09-26 12:13:42,2017-10-04 20:40:04,2017-10-18,c2cb3702bcc80da9092862ca51655882,2017-09-19
2002ea16e75277eaa0b5d78632048540,de0aef172ea9ed32450b0269c90e26b6,delivered,2017-07-22 22:19:02,2017-07-22 22:30:10,2017-07-28 18:17:44,2017-07-31 12:33:06,2017-08-04,d045537cf9bd29e415334af5a6cb8ff5,2017-07-22
20ad5d37ddb2c604b7c1a87d90b83729,4c10a374797f27de2ac9d95e6c6842f1,delivered,2018-04-06 12:12:14,2018-04-06 12:29:24,2018-04-10 17:52:00,2018-04-11 18:41:08,2018-04-19,f4c2e2a4622c5468ea1a8e4e68801fc8,2018-04-06
da2b5ed33ae5068005e9d2c43e7a3de1,884909e6ce4397ea2d53b086601162cf,delivered,2018-08-12 06:35:38,2018-08-12 06:50:08,2018-08-13 11:33:00,2018-08-21 16:19:33,2018-08-23,83855aa953d1bda3d37b62407695a433,2018-08-12
b721972cedcd805cf76991c48731eca7,d69da957a458e242fc8c659738ce35a1,delivered,2017-08-26 11:46:08,2017-08-26 12:04:52,2017-08-28 21:24:33,2017-08-30 16:18:18,2017-09-18,d59fdb68e15db938458f203e91613f79,2017-08-26
1a03b911ffc649fb8177ea3ca4f27f2c,745e96c7118e48bab20552f0b8f70130,delivered,2018-04-26 15:11:10,2018-04-27 21:35:13,2018-05-03 16:19:00,2018-05-09 15:28:57,2018-05-30,3db8e974539181cef99cd8a28cbac775,2018-04-26
e38994925b350c88bd9b885f0b726439,06201fb5b7821133eab9fe2113d7e6b5,delivered,2017-11-17 10:25:09,2017-11-21 04:08:32,2017-11-21 23:09:02,2017-12-04 20:38:56,2017-12-15,8704d77f2ebfc69c6059aa7954b10c5d,2017-11-17
dcd871487b636752499b411f1a5eca31,aad8b0ed3c475e0e234da6a1c904e208,delivered,2017-05-28 23:36:23,2017-05-30 04:22:39,2017-06-05 13:13:46,2017-06-06 09:24:52,2017-06-09,5d3d3539f749446b5af78ae09691e272,2017-05-28
5435647d369f72442d1972b399a48ece,909cd887070250934231f0082c96f3c2,delivered,2018-01-10 14:24:28,2018-01-10 14:36:32,2018-01-11 16:16:50,2018-01-19 22:26:53,2018-02-05,55d3ac3d524cf5e994ddd2af1d4d765d,2018-01-10
a919bf3504ba2b11705dbf074d8f3746,6a45e09a48c07f13c3d504b9fb8d766a,delivered,2017-12-25 17:49:12,2017-12-25 18:09:13,2017-12-27 22:46:01,2017-12-30 13:48:48,2018-01-19,04f6c356ddb5f3a920e75c91a521aa1c,2017-12-25
8bcd205375fd46dc076a3cae9fb5b919,19e604af45af1bc76759f2f41efd587d,delivered,2017-11-16 19:27:48,2017-11-16 19:55:43,2017-11-17 17:02:33,2017-11-21 18:07:00,2017-11-29,9a176d6883a469743a27791158707f97,2017-11-16
3971977016b0fcd46db3cdcab9b04907,e63a97bfe57b10b6d55aaf63c5da7f2a,delivered,2017-09-21 11:36:36,2017-09-21 11:50:08,2017-09-25 19:17:34,2017-09-30 14:00:03,2017-10-06,46805cec31b0cd389365245595753c99,2017-09-21
9ad89864a2f76f00c0d73d78e7a6aa1e,39e52e1fc6a7010d5955e2ad06340510,delivered,2017-07-15 19:02:17,2017-07-15 19:10:20,2017-07-18 17:47:48,2017-07-26 18:33:05,2017-08-15,bf27d6f6aeae8fc063c84f8a45e80061,2017-07-15
9c7b78b186d8f105e716025272a904b4,a697da09204edfd0501c82d1a560b2a2,delivered,2017-07-30 22:30:22,2017-07-30 22:43:02,2017-07-31 19:05:51,2017-08-08 18:42:36,2017-08-22,a4e9843d24d2eabef36b74d30cf462b1,2017-07-30
5c758925752d0e3f0c7b35f5f0571bf9,6b5be9dabda2ee2527fceadab6d72fba,delivered,2017-10-12 18:58:54,2017-10-12 20:10:47,2017-10-13 17:48:10,2017-10-18 22:52:30,2017-11-01,697671013583b8fae7f2b54890c249a9,2017-10-12
a40264c07328d270a802bada5ffb7f15,2de102caadd34079fb9a896a0d09f7a3,delivered,2017-08-18 18:13:22,2017-08-18 18:35:08,2017-08-29 18:48:10,2017-09-14 20:44:07,2017-09-22,eb4e4b6a2935ddac7937a294dbd5cb5a,2017-08-18
792295382332f1170f1edc45dfade051,4fc752f9385483f2f1f6a309bff21be7,delivered,2017-02-08 13:05:17,2017-02-08 13:15:26,2017-02-08 13:22:36,2017-02-14 13:13:41,2017-03-09,bb0c181b34b3c55ac9019fdcf9933e4c,2017-02-08
aee4a272cfe5c5e7d83360d9ad2206e7,1c0c100dbd7780831a70ab4e78c5a584,delivered,2018-01-16 12:07:53,2018-01-16 12:19:21,2018-01-16 21:38:57,2018-01-19 20:03:21,2018-02-06,304cbf77db8c1544e2835be04e621bd9,2018-01-16
652d3644d41874aa7f004a82c5b003c8,d1876726cc26bb5ff410bf7c4564e21d,delivered,2018-06-18 10:25:29,2018-06-18 12:02:04,2018-06-22 14:57:00,2018-06-25 14:46:46,2018-07-03,471a24372d53ecc0026e8ac156261ea4,2018-06-18
763535b0c06295b76a722375e74ff694,c6eb4bfdd1841047668242bbbb4c0f2f,delivered,2017-08-16 10:50:18,2017-08-16 11:24:29,2017-08-17 10:12:53,2017-08-23 18:47:32,2017-09-08,5502fe13ff4e342a7051740285bf619c,2017-08-16
d99158c3b20bff0ca58c2aaf4fa027ba,8b93045a7fc41de7cd1f18b0bf610a8a,delivered,2018-04-14 19:05:15,2018-04-14 19:31:17,2018-04-16 23:42:06,2018-04-20 15:52:44,2018-05-07,f52bd120d6ea9340d96e6774f2426ed4,2018-04-14
5f705a6f9d64aeb4094b067c0d8cc259,50552ddc834607092d9fa3d5c9fa408b,delivered,2018-04-25 22:00:31,2018-04-25 22:15:08,2018-04-26 14:43:00,2018-05-05 19:03:26,2018-05-21,e68bedb89b38167b903fb56e8cae1568,2018-04-25
090c6fd239a12ac8f6a825897ee15d6d,a6314e9e4b3a250430ad6778bfcac569,delivered,2018-07-17 11:57:27,2018-07-17 12:05:18,2018-07-17 17:32:00,2018-07-24 16:28:38,2018-08-15,9e668a6c6727025c4edd53e57683d07a,2018-07-17
b6e5aa946acc4e29e7069510f28a0bce,6630c34d7fef13e0ec591d96f6c24362,delivered,2017-01-15 17:58:42,2017-01-17 03:21:45,2017-01-20 10:49:26,2017-01-28 07:58:59,2017-03-01,35e146c985a9cf989c91edb4c0c156fa,2017-01-15
a567a1f09fbde841de5a5c80bc5c4b34,142d512e4240d46e72c55e49038ad2c4,delivered,2018-02-21 22:06:26,2018-02-21 22:25:28,2018-03-05 20:18:34,2018-03-14 00:42:26,2018-03-21,c5a858f4563ac285516d166c3039b074,2018-02-21
2dfa51c98a51f07b53a1de6bec31a20c,2256823b264ba77c31c90cccb4fc5d8e,delivered,2018-08-17 10:34:57,2018-08-17 10:49:18,2018-08-17 14:57:00,2018-08-23 20:34:00,2018-09-04,b5929e64648eedfa20fbc0a4ddd82f12,2018-08-17
6105321bd9c6d494502e32dd1d28c53d,fe9fa21e9a917d3654792ec166759d2f,delivered,2018-04-04 19:28:46,2018-04-04 19:48:45,2018-04-05 18:31:02,2018-04-09 16:09:49,2018-05-17,d794f879997aadb2cf494148550c892f,2018-04-04
cc72dd3008f4752e05206e1fdd08cc57,9d7aed3437d31b255183e58f999509f9,delivered,2017-05-11 00:36:48,2017-05-11 01:42:39,2017-05-12 14:39:57,2017-05-23 13:56:05,2017-05-31,1b2db8ab2d8e7b84b5455736fc9713f2,2017-05-11
64d493ad39cf733d3cc70821e69208a2,6661e2a6cecf3a60ff9b6e614ebf9926,delivered,2017-03-02 10:32:50,2017-03-02 10:45:09,2017-03-03 09:32:35,2017-03-17 15:38:29,2017-04-04,575f0e44fa21ab93f4cf238c3eccc1bb,2017-03-02
4fa6e0de7b5c8b7f990200ff10e5d20a,194da5ad90e641c98323ed064cdefa24,delivered,2018-04-06 09:10:35,2018-04-10 04:10:19,2018-04-11 19:36:27,2018-04-25 00:41:19,2018-05-09,71cff7c9a8ebec1a311424373ed08b22,2018-04-06
6ab619528b4d0524453b2d39e45cbd57,63e23b742f978f372f85ce4b6bf05906,delivered,2018-01-30 18:31:03,2018-01-31 13:32:17,2018-02-02 22:58:49,2018-02-17 11:42:02,2018-03-01,7a657a0efc1126c9815302cd646526db,2018-01-30
eb6bf171200b90eb73d01a3f2096691a,a2aebe68f52ca3379e422f65383ea153,delivered,2018-05-03 23:06:57,2018-05-03 23:32:32,2018-05-04 19:02:00,2018-05-07 18:03:01,2018-05-11,02f48e6162070920cbb44ea74b892b9d,2018-05-03
b57da109cbc63cc9efb076ccfec17266,bc8ef8258985e764e76406f4c66bb9d6,delivered,2017-04-18 18:49:22,2017-04-18 19:10:19,2017-04-27 11:58:20,2017-05-05 16:58:03,2017-05-26,8ff6b2d323035798f793f022fd5e57ff,2017-04-18
8c81e36bea73764b1c079c3920f6879f,fc8606c4aaf0a4a24dd76f0c2467cbd6,delivered,2018-02-05 14:28:30,2018-02-07 03:10:21,2018-02-07 20:28:31,2018-03-01 14:23:04,2018-03-12,a110d2382b23e36d3a9534e5dfafe5e3,2018-02-05
bc1291dfb23df411934969be421e0ba6,7d03e38a63ec96be179e16ee2462cb13,delivered,2018-03-13 20:57:37,2018-03-13 22:28:16,2018-03-14 23:04:57,2018-03-16 00:14:52,2018-03-23,4ac4162aa13b1ffa075311621d903bd6,2018-03-13
f19173015566f0318e6e12ea9dc36b11,6155184ecd98ede912056569515ca6e9,delivered,2018-06-24 14:32:17,2018-06-24 14:54:53,2018-06-26 14:56:00,2018-07-02 20:28:59,2018-07-18,72c4723cc696a1935b38ed1e0c7b5ec5,2018-06-24
c8d183fd253fd4e32482601ba1e36e27,a9d7fba616587e711e069e5ee2439159,delivered,2017-08-12 09:04:36,2017-08-12 09:23:32,2017-08-18 18:56:35,2017-09-01 19:12:45,2017-09-18,0b0f5b9a791c2db270563369752ce70a,2017-08-12
33699f74cbd8df3eb237c682e0b116fc,8f72d83fa1452b3fa5d3f62db09004d2,delivered,2017-09-01 10:07:32,2017-09-05 04:24:41,2017-09-05 16:40:13,2017-09-12 19:43:54,2017-10-09,5c22b4a6a747d260d061e93265f80aee,2017-09-01
2a7cb435d5ffc8aaeae3c4f08a181dce,b4acc63738cbab90288441d5977e2f6d,delivered,2018-06-03 22:06:22,2018-06-04 09:30:18,2018-06-04 14:32:00,2018-06-18 16:03:44,2018-07-19,7a7d1e0d424b48ab7a172cf5c3b710c6,2018-06-03
89d22b5f5b664ae7a22078070d93244a,0394ecf7525d430f3caa7c6c625661f1,delivered,2017-07-21 18:33:45,2017-07-21 18:45:16,2017-07-22 14:07:55,2017-07-31 17:23:02,2017-08-14,d53071364684fc8e947339e6f6526fc8,2017-07-21
b746658c30926e5a7987154c9a981552,f6861794342e5bafbf41a0dee21d3258,delivered,2017-08-16 17:40:32,2017-08-16 19:05:12,2017-08-18 17:43:41,2017-08-24 20:40:16,2017-09-15,fbd6f827799c2af60c9b3de56d52917a,2017-08-16
3cffc407d492c7db340271cee9b32ede,f69b862b6b4fa78cd6887938a74be7a9,delivered,2017-11-13 23:15:05,2017-11-13 23:30:46,2017-11-14 16:47:47,2017-11-24 20:36:55,2017-12-06,9aec5a6f94083aca8064ec076c1f9177,2017-11-13
e756c16a8426f61eb4298bd6f590556b,f3ad475cc60e554f7113f18ab06810ca,delivered,2018-04-02 23:28:43,2018-04-02 23:47:53,2018-04-04 21:48:21,2018-04-12 23:36:47,2018-04-18,f6758ad13b1e5029cd71b03ff7e598ab,2018-04-02
04396584556ebf06343678f29cb10832,3f0230019389955cbcf00d4667d0883a,delivered,2017-10-20 19:46:35,2017-10-21 19:49:32,2017-10-24 16:12:35,2017-10-31 22:35:03,2017-11-10,946a32d8d2929519878d10e6696c60ff,2017-10-20
e7138235cbd7170b72054b66531ad713,3699e8655ee2b00739ab632855447c5d,delivered,2018-02-19 11:58:03,2018-02-19 12:10:40,2018-02-20 22:52:46,2018-02-22 17:03:32,2018-03-05,532f7ebebe5e977e5fddcd9f39caa4f2,2018-02-19
2af9701415be32ee9f0f4b6e218e66c8,12ed986a409853404a1366574224501c,delivered,2017-10-23 09:53:39,2017-10-23 10:07:34,2017-10-23 17:39:13,2017-11-01 17:29:30,2017-11-14,d4dc0ed903f7bc74a2e69d61f602d2cf,2017-10-23
fb20235870d6172778522e8fb798f27c,9bb41b35087bdd06d3fcf23b63f7dc86,delivered,2017-12-05 19:04:41,2017-12-05 19:30:24,2017-12-07 05:37:07,2017-12-11 18:42:25,2018-01-10,1a5a9fadee96c1aa62aafebea9bd49c8,2017-12-05
a94b962669c74fd01d87a94aefd3eeff,367d2bdd1791432a6864b006df0c9a1f,delivered,2017-12-09 23:02:28,2017-12-09 23:11:26,2017-12-12 21:27:03,2018-01-09 16:04:31,2018-01-12,c85df1c6ef6f7bb605e1c49d34f172ee,2017-12-09
5bb1e2f9ec792581a2209d429cfc1892,3c325415ccc7e622c66dec4bc9120030,delivered,2017-05-21 17:34:32,2017-05-23 04:22:33,2017-05-23 09:46:10,2017-06-09 08:35:48,2017-06-26,05d1d2d9f0161c5f397ce7fc770910d4,2017-05-21
0ec6d5153abc64611b4cf42f13b38356,68d446727a26125214dd49db0eb89251,delivered,2017-06-09 21:19:00,2017-06-09 21:30:11,2017-06-14 16:38:08,2017-06-22 15:43:27,2017-06-30,d0636d06234b819bab25726c803ccda7,2017-06-09
b80365a0dc9dd62c6818aad6d9047dc0,56a5ff92ab3fa86a9dea8ec5f53292d8,delivered,2017-03-22 23:39:13,2017-03-22 23:39:13,2017-03-28 14:40:33,2017-04-03 15:46:48,2017-04-18,a7daa5ff76407638cd9464d7cfb775c9,2017-03-22
67b5c82e01dc9ea4d82fbd3d51e41bae,8706792f42471bcdcea286b14842b5df,delivered,2018-02-05 19:14:46,2018-02-05 19:30:53,2018-02-19 17:38:44,2018-04-11 19:19:26,2018-03-16,50a4d93c1a7e41dbc70d422195ac75b3,2018-02-05
b52e021c7f54fef2f8493779958c7770,79e14517c2e51a408740b5fc24f8a879,delivered,2018-05-05 20:29:23,2018-05-07 08:51:53,2018-05-08 10:36:00,2018-05-10 16:08:42,2018-05-23,c6c34abe18de961afd201f95cf11049d,2018-05-05
d1ef94426d8030042fb422bf0891ded3,71854d76fef6f58914143b5edce7b51b,delivered,2018-08-06 09:40:02,2018-08-07 04:15:23,2018-08-07 14:58:00,2018-08-11 01:27:36,2018-08-15,c15f5f7134c349f929d2b8458bed478e,2018-08-06
38a37ff772f3b9f0f304d46b6ea90c09,9350fd9c2e40200b1651587dfe717a95,delivered,2017-11-27 14:09:49,2017-11-28 03:46:48,2017-11-30 19:42:49,2017-12-04 15:57:02,2017-12-15,d9eb6dd0bcaf27e1ae1dd8dea0c3c0a5,2017-11-27
da96d28b7700ca5ee77d63d455a9ff9c,616f891beb5fb30b85a4a97acb0d6ce5,delivered,2018-04-13 17:43:48,2018-04-13 17:55:13,2018-04-14 16:56:35,2018-04-18 16:22:00,2018-05-04,c15eabaa27faeb9cfeb473ac870c9d53,2018-04-13
f09e65822983a5488ca34c053ed555ac,104b1c416aeb72edd6c2e03d513c72d9,delivered,2018-07-05 08:54:10,2018-07-05 16:10:18,2018-07-05 14:19:00,2018-07-06 17:41:51,2018-07-18,5370d7dd9b4fc18103b50d30475b1ee1,2018-07-05
274a6764e395cbc9a23bd102f47dbad8,153988f5713ef7c84a3bd6f79b24d23b,delivered,2017-08-19 15:38:30,2017-08-19 15:55:07,2017-08-22 10:33:43,2017-08-25 18:07:37,2017-09-18,ef1a34b0368cee7c343049164e2af655,2017-08-19
c91e35b238a6f290a0ab89a40287fc40,ad3766e5665b712b9ceeff2d630afb40,delivered,2018-06-16 11:58:28,2018-06-16 12:18:47,2018-06-18 13:28:00,2018-06-27 00:12:14,2018-07-12,23339103d82a054f9729b0554ce22e8c,2018-06-16
7e4583a135b2fd828ba6ec2c4b5ab034,d3dc0682d51ece788ea412c9d74deb67,delivered,2017-11-27 17:41:25,2017-11-29 02:18:25,2017-12-01 18:07:49,2017-12-16 18:43:24,2017-12-26,6624d60d07975258d009cd7879f2503c,2017-11-27
ca207209c40b29d76714f77acf8189e5,a52669bf222edd65ed762c1411d70f9f,delivered,2018-08-19 12:03:34,2018-08-20 11:32:06,2018-08-20 14:20:00,2018-08-27 20:49:41,2018-08-29,059e7585d8fcd2430a33375bdbcbb990,2018-08-19
7674897136f94bdf9124c9ea0542b006,0a60a88da14fe26085b43aa273f3cab4,delivered,2017-12-22 17:30:58,2017-12-22 18:11:53,2017-12-26 16:05:10,2018-01-05 16:54:58,2018-01-18,91c0f63f667f47079b5db33f7e7e6900,2017-12-22
fe820a3c1051881b574b03ee4ea9bb71,98f0b3e23eed600aea207d8f08d2b7b5,delivered,2018-04-08 12:39:20,2018-04-10 04:29:27,2018-04-10 20:48:53,2018-04-24 17:32:40,2018-05-15,c1183213b0dfa29fcb1efdb4a0088297,2018-04-08
c5bdd8ef3c0ec420232e668302179113,5af78bf1a82a2660d1e3fd78c645f58f,delivered,2018-04-27 12:37:10,2018-04-28 02:55:22,2018-04-30 15:38:00,2018-05-05 16:22:05,2018-05-23,f006d7920bd71c252f61ec355eb50dcb,2018-04-27
a0ed4ee4837f4807030d5ebbe2ea16e2,f761a7a449f5f1a4c513058a97d2140c,delivered,2018-01-31 21:45:40,2018-01-31 22:09:45,2018-02-02 23:29:02,2018-02-20 16:49:15,2018-03-01,2c0896c311a31bf4a260e6e15699f3bf,2018-01-31
522b77c3143ab6fcea6d948bdf2029dc,2c7c48774749670497e9fe3f026273e9,delivered,2018-04-12 17:12:18,2018-04-12 17:29:39,2018-04-13 19:09:04,2018-04-25 23:19:41,2018-05-07,ee081c6f1ab9c715d54a763eed4f0028,2018-04-12
fa13f1aebd2c53df9b0ce05ba46d9336,bd8382ccd7a7cc07a7b4000fde126517,delivered,2017-12-18 19:41:02,2017-12-18 20:38:30,2017-12-19 22:05:05,2017-12-28 02:03:07,2018-01-16,f1b0142025bf7b820e475425164f84b5,2017-12-18
395630df55589c28c5dbf91e72f7ca90,208096b174831ee39a5aa435673d1be8,delivered,2017-02-03 16:13:58,2017-02-04 02:22:11,2017-02-06 10:47:24,2017-02-08 18:48:25,2017-03-10,421fb606db80ce5a6ab47d351582e99a,2017-02-03
03976e284ff273b3e5fda450030f32c1,3231b7b6490bd2824ec83d8b883442a3,delivered,2017-09-04 14:25:41,2017-09-04 14:43:50,2017-09-05 22:34:07,2017-09-12 23:54:52,2017-09-21,64afbdefcd5f2d9be011438d8c9eab79,2017-09-04
2809bdf222a943e3f8f49ff324724f43,484572a7bd433021fd437bc6f29c8544,delivered,2018-07-31 11:41:02,2018-07-31 12:31:22,2018-08-01 08:01:00,2018-08-07 22:26:44,2018-08-16,af7bb09e58dadca0e5f11e1a3ad0c2a9,2018-07-31
e9cab75516e866c8b7aba5ab87a7024b,1208af524bba36216ea83411b38275e2,delivered,2017-08-22 13:54:36,2017-08-25 11:05:36,2017-08-28 23:07:46,2017-09-08 15:52:29,2017-09-18,43ef0c3860e0fe97e545aed8e9751851,2017-08-22
6ca63d606e504f859e56df4534878101,2d818d90fcc1bfb78af3435965c726aa,delivered,2018-04-17 21:25:46,2018-04-17 21:52:01,2018-04-18 19:32:40,2018-04-25 18:12:21,2018-05-24,920dd9ff1113894393b3d0ce1fc4c89c,2018-04-17
d824a4f31c8c8abaf5c415c8dd473a59,f984693de2fb08c8887fd7b829aeadfe,delivered,2017-09-26 20:48:50,2017-09-26 21:04:51,2017-09-28 14:56:41,2017-10-03 23:47:50,2017-10-18,b3f5a16aeea79b5f45168bf19a6db236,2017-09-26
bcbc83ec3dc71750aff96a593b9e280f,5b2b1bdafea16367486b3310068895fd,delivered,2018-06-06 11:47:08,2018-06-06 11:55:36,2018-06-08 13:41:00,2018-06-19 19:12:31,2018-07-20,acea13a79aeaf715ba68122e9deb330a,2018-06-06
3ccd24b53560c0fe294750d98a057584,26ea059d8584663283fee72473c5ec6e,delivered,2018-07-03 16:19:41,2018-07-05 16:27:08,2018-07-05 12:52:00,2018-07-09 19:04:36,2018-07-18,e67007f62b2bdcdbc1c3d33b7b8f8c10,2018-07-03
14e02ed9bb6ea11904967b279f41df37,7eb3b8c424afb2a3f29eca17f0654f67,delivered,2018-01-07 14:12:28,2018-01-07 14:26:58,2018-01-08 23:03:50,2018-03-09 17:41:50,2018-02-07,fdfb46b404448e4d1bd4361ae1236489,2018-01-07
7b5004a23c4918b7c96c9d0cfd6107b6,b440b8f4be0a7c4ad88b7b82e441ef5f,delivered,2018-08-04 19:54:42,2018-08-04 20:05:13,2018-08-07 17:17:00,2018-08-13 22:38:59,2018-08-13,240b137f917ddd1d7f2b05cc4a766401,2018-08-04
301b453872955e08f7aed322d6a0753a,69669556c0498b560a9eda5bcabdec2d,delivered,2017-12-16 05:13:04,2017-12-16 05:33:41,2017-12-19 00:08:52,2017-12-20 19:48:02,2018-01-05,3defdac1cf5b779689353f537aa723d6,2017-12-16
74e8e10fbe9ea9f2e3b8dbef8f3ddb8a,a9263e516f5a2e8bd612456036ad6f9d,delivered,2018-01-23 18:47:44,2018-01-23 18:58:23,2018-01-24 15:54:39,2018-01-30 20:13:29,2018-02-20,4217906badee5f5d6dda5264e55fdc61,2018-01-23
a863fef6caa86aa29cabfbf7e0b6f911,9cf0a858f5f153406bc333860eb23e22,delivered,2018-08-16 18:52:14,2018-08-17 18:50:26,2018-08-28 13:14:00,2018-08-29 21:46:46,2018-09-10,c7794313e2cd53472b116a751350f132,2018-08-16
ee583b507900d107ab6b06567c758504,426a159c2964c5676eb36f71d8310041,delivered,2018-06-07 18:05:05,2018-06-07 18:17:51,2018-06-08 12:29:00,2018-06-16 18:44:21,2018-07-03,9a635da741ab41ee284b76ae8cde7a02,2018-06-07
fe54e84941ef8a88e6cca905d8246c6f,be62128c093d561e260b8f00da89fa14,delivered,2018-05-17 14:43:00,2018-05-18 00:37:22,2018-05-18 14:03:00,2018-06-02 16:18:27,2018-06-05,39af086808254f2db485bb43b4db9fb8,2018-05-17
e8cc3493dceef3aa38080e02b1a35646,0189d5af848e550cb6e4e03419e13e15,delivered,2017-09-21 12:33:46,2017-09-22 05:34:49,2017-09-26 19:49:46,2017-10-10 19:55:02,2017-10-25,e67bf61480d4ac433bacf42a874f74cf,2017-09-21
a7547df661853b46be845a86e17e525b,7e7a39367e68502e91b2008ff3675d97,delivered,2017-09-20 09:42:07,2017-09-20 09:55:28,2017-09-20 19:42:05,2017-09-25 16:48:28,2017-10-10,13fff77c8a894b2a28949b89c38a804f,2017-09-20
d6c486ebb46b4882e3ea353fcff04ff6,5e398ca2acbd494bb58cd5a8bb38aec2,delivered,2018-04-24 16:00:09,2018-04-24 19:00:48,2018-04-27 15:05:00,2018-05-09 15:21:47,2018-05-21,675232220913c97dfa9efffee77d5986,2018-04-24
9d5246455ad1fb521f263b356635f4df,360469aa13eab175485990e06ee97896,delivered,2018-06-03 10:59:14,2018-06-05 04:30:56,2018-06-07 15:35:00,2018-06-08 22:08:40,2018-06-28,99e36749c5c84dc56b13138caac13b55,2018-06-03
39063491fa316afe415e03eeb554fb4b,4fe795e9da6ca272967466580213d252,delivered,2018-06-10 11:23:01,2018-06-12 04:57:30,2018-06-12 15:31:00,2018-06-21 16:04:33,2018-07-04,8889eae2c48e799c42b3ca38fe4fea46,2018-06-10
13a0336be90746b241d1f966fb3b5d59,1548e950e70b53845e4f50d6c639292d,delivered,2018-03-19 19:10:23,2018-03-19 19:28:33,2018-03-21 19:38:45,2018-03-27 02:28:23,2018-04-05,93eac6e21b2113a6da9ab2aaec1eefba,2018-03-19
17ed0f7caba8fd5b357549ea4161fc38,46572790cb0084deec2b90ca26dd5fd3,delivered,2018-08-11 21:44:31,2018-08-11 21:55:09,2018-08-14 09:04:00,2018-08-20 23:33:20,2018-08-28,268833989314e84669d5893545377ead,2018-08-11
ee65730d515857bacc05f9bba349110c,43d41bd3cc4f7b5cfb987d9d662c18c0,delivered,2018-04-24 16:52:07,2018-04-24 19:09:29,2018-04-26 13:48:00,2018-04-30 23:17:50,2018-05-15,756ac4f4c1bfd6e7c652e37e33254dbc,2018-04-24
4993ef6ff0e62c90c51232f5164acb56,8566046ddc5576ea3d0657485970f5e2,delivered,2017-07-07 14:16:25,2017-07-10 12:15:08,2017-07-11 20:26:25,2017-07-27 09:33:57,2017-08-08,9d1d6a2338f51beb0e6afa2e876b6540,2017-07-07
24e0c8a6c71a0f631d7bae7a647aa5cf,eee2b3edbdcc9e6a0af7327a35023a10,delivered,2018-07-23 22:27:49,2018-07-24 10:31:01,2018-07-24 14:52:00,2018-07-26 17:53:18,2018-07-31,71273ccf833448b454fb8398754caa92,2018-07-23
29f542c5b72c85e1983e97cf8ec21bf6,2b66ac287e47972e1c8ca427aaef1270,delivered,2017-05-12 18:50:17,2017-05-12 19:02:56,2017-05-17 07:52:10,2017-05-24 11:04:18,2017-06-30,c49b2b621213601a30f6d8a12c03534a,2017-05-12
adf5a3d223336c6b7965f3027bb7ddc2,6c40dd1882be5ee6caadaa356563ef0d,unavailable,2017-11-13 20:54:32,2017-11-13 22:51:08,,,2017-12-06,af65b6eb3336048acc95ef62a4ac94c3,2017-11-13
6ad3104da988fe60a015a15536c72e08,67e8b3a661aabd3a6994920633e1d7c5,delivered,2017-09-21 22:22:31,2017-09-21 22:35:24,2017-09-22 19:03:23,2017-09-29 19:43:06,2017-10-13,c3056e9e9d7d67c6a76db344666a4a5a,2017-09-21
a18510dbe89fe5c4da9a9ceb4793fd4d,7c687033ec5512a438d48deb618d5d86,delivered,2017-12-14 11:20:31,2017-12-14 11:31:32,2017-12-15 12:10:05,2017-12-18 17:35:36,2018-01-03,49d602890c664bcee124fa70e94d9fb1,2017-12-14
30be16216274609ebd712f8169950eee,1901d167919ef512a3d51d62bb81bf58,delivered,2018-07-19 10:27:39,2018-07-19 10:42:44,2018-07-24 11:34:00,2018-07-27 19:21:52,2018-08-20,7b9b98edd431dc95ca39b162d3bc0569,2018-07-19
75d64d83a9bbe69f614a590930b789f0,d376e2ae74c8c6d28c55da7adfb520fe,delivered,2018-01-26 18:16:24,2018-01-26 21:31:58,2018-01-29 18:35:17,2018-02-22 11:04:52,2018-02-23,f1507e8585845bbe10dde80a1ffa839b,2018-01-26
d949d786471f33d1aab24d9818b79061,30f13ba09acd98e8329af3de045409ab,delivered,2018-03-13 07:54:40,2018-03-13 08:40:32,2018-03-13 17:47:43,2018-04-11 19:46:34,2018-04-03,fd132d578a03c6ce15c48149a9ccea0f,2018-03-13
056349f85a73d794119c4286c95a52de,03bbe0ce5c28e05f22917607db798818,delivered,2017-03-03 14:21:58,2017-03-03 14:35:09,2017-03-03 16:08:50,2017-03-17 12:52:17,2017-03-28,8f3dca4306d5a89e4ae2c65c110603a2,2017-03-03
385bb289e781db00c52902ecdf39620a,ba4e7a88dd83c84703ffe3aacb94f79a,delivered,2017-06-05 12:20:45,2017-06-06 07:33:17,2017-06-12 14:52:05,2017-06-19 14:48:53,2017-06-28,ec48b4e88b9a638a12b3e490e0e2f50e,2017-06-05
aca16651c2ea740d8dbad0da8c5fec2d,9d954b3fec9c0d6ade375ef5716a90d7,delivered,2017-09-12 13:59:35,2017-09-12 14:15:13,2017-09-14 17:33:12,2017-09-15 14:59:51,2017-09-22,b30b71d4c524d51b87559e3fa4dbeac9,2017-09-12
01e0386aae6c6385feedb58bd4aae5c7,f2ad615b9e352f08c5382d34ed55ce8b,delivered,2017-11-24 21:35:46,2017-11-25 01:31:39,2017-11-30 21:03:45,2017-12-11 20:45:03,2017-12-15,33e2fc41ad206b4cb58898703509d48e,2017-11-24
c966e6db0bc28a9e977974aa51ad5d61,8cdc9cdfa1931900e7d638a16ffda04a,delivered,2018-03-23 16:40:59,2018-03-23 16:55:56,2018-03-27 01:32:31,2018-04-09 22:42:28,2018-04-18,81e1b687880f097ccc476db4cf033176,2018-03-23
27985bef55ec339f228456aa727e3e87,3f9a4c8e809a1b5d0bec58626162cbe5,delivered,2018-07-21 08:42:03,2018-07-21 08:50:14,2018-07-26 13:09:00,2018-07-30 18:51:16,2018-08-08,cda981f980124adf348c1a016c09fd6b,2018-07-21
cd0d42e029e3b56ba5f53f6c59e5541b,34a7113ee408811be7f4bfc68651bde5,delivered,2018-02-28 16:27:24,2018-03-02 02:15:51,2018-03-02 20:08:13,2018-04-07 14:24:39,2018-03-20,3a4061148f13c4e70eb7f6047a8b01a2,2018-02-28
85cecbd067fc6feb989de87d22126955,ef200b7ad812c7883186f2fb0482ebe0,delivered,2017-08-18 22:30:29,2017-08-18 22:45:12,2017-08-21 21:27:51,2017-08-29 20:23:06,2017-09-20,bbd65b8d05059eb992faa0208fab2e0d,2017-08-18
70cca242632c1f58abe233c9ea071415,61892c983a579e842242d67db04c0925,delivered,2018-04-06 21:36:54,2018-04-06 21:50:10,2018-04-09 13:04:55,2018-04-13 15:36:46,2018-04-26,21e292ef7f932a8e49aec645ac36e033,2018-04-06
d063dcc119860db74b0e76cbac5fb4ca,6d1e7c6a52ef57ca5462d78e575a0c1b,delivered,2018-08-21 01:06:28,2018-08-21 01:15:12,2018-08-21 11:58:00,2018-08-29 20:48:33,2018-09-18,b6264382015251f0779ccb486bd9cc8e,2018-08-21
ba436db3c441f63a8ed34e695ed2e9f4,5b088866d5d40ceef628716f9ac1173f,delivered,2018-07-31 19:00:14,2018-08-01 04:35:11,2018-08-01 12:13:00,2018-08-03 17:22:54,2018-08-13,4483e2d9adf752a7b9f781eea1251bca,2018-07-31
eaa0211ae0667cb758713505ee149479,2a612257efe760db38fa27d6e45f9d6f,delivered,2017-08-21 12:27:20,2017-08-21 12:45:40,2017-08-23 20:28:56,2017-08-24 20:33:41,2017-09-05,b43b59147bb1d34fbeab3eba7b7fe372,2017-08-21
82ffe097d8ddbf319a523b9bbe7725d5,caed95700dcb091eeaac59a97fe0cb17,delivered,2018-04-23 01:41:29,2018-04-24 18:29:30,2018-04-23 16:52:42,2018-04-24 17:34:30,2018-05-08,587d22544f4d6f17b39a30723a53a305,2018-04-23
885ab07cf96454b41862d8b17e76a901,9cc68dabd982b73d1e5d270a58bb59d1,delivered,2018-01-11 19:35:01,2018-01-13 02:17:01,2018-01-15 21:18:50,2018-01-31 00:48:51,2018-02-15,640492ff1e75a415ad4ac51fa0878a6b,2018-01-11
be13c8dcfef55266122ed7d751f92ce3,92dc1467d2ba256b84a991c5a3218221,delivered,2018-04-20 10:21:38,2018-04-25 04:11:22,2018-04-25 13:38:00,2018-04-30 19:24:42,2018-05-15,4bb56718dde10c146405afbebf7b9454,2018-04-20
1aabc8c7c8525b6ada34a6a07d88e26d,d8d4bfa3aa3d6a7fa3760a50e532383f,delivered,2018-04-23 17:32:07,2018-04-24 19:09:53,2018-04-25 15:07:00,2018-04-26 22:32:37,2018-05-14,5711423ece621907bba6bdc5178c0f3e,2018-04-23
f21cd4bd6f6e9d39426b98c64f73e041,1e7ae75f912048bbe71c5b5a3d963026,delivered,2017-11-01 15:55:42,2017-11-01 16:31:05,2017-11-04 00:31:30,2017-11-09 18:41:10,2017-11-22,9717f9d43aea52321082725e4db61e78,2017-11-01
4480ac0eaab783664bd03d73f20e2896,f7c0d5a379b38678cfe086ea1d2da350,delivered,2017-11-03 21:12:11,2017-11-03 21:31:20,2017-11-04 14:32:19,2017-11-06 11:09:00,2017-11-23,ea2823cb06ffee228889fd07321fef42,2017-11-03
964d7960d6a2fad0dbe19f9365bfac2d,bcedc39b5161851e34292ddb63cee414,delivered,2018-07-24 09:46:25,2018-07-24 11:24:22,2018-07-24 14:55:00,2018-07-27 18:36:39,2018-08-07,63dfbd8f45b63fcf5c5aa1f023209592,2018-07-24
5ce6c2a88e2b68d791065155debf44f8,dc238912e54163b9714b4a07ef017a9b,delivered,2018-03-31 15:06:46,2018-03-31 15:27:03,2018-04-04 01:33:52,2018-04-11 10:38:37,2018-04-27,5dc396375991e0b11446f0855bb4b53b,2018-03-31
dee50837840e6d11581521e1bee4899a,6845da3310055e9fde2b3c8e05f097b8,delivered,2018-05-01 11:55:52,2018-05-01 12:15:26,2018-05-03 06:31:00,2018-05-08 15:48:44,2018-05-21,bbc0beafd6788e60cfd0f7c07a35b411,2018-05-01
a0e747c954a595b0e3458c87ab1a4958,1a963bd5c5e5549042046bdf3e098358,delivered,2018-05-09 14:47:10,2018-05-09 15:37:06,2018-05-24 09:37:00,2018-05-28 17:31:28,2018-06-13,2214477bc746c01d7e790dba816a9a2c,2018-05-09
46ee18d54b333b82bf3ade82ec553b5b,d2982ce1bd915c65f75e78f79031f45c,delivered,2017-05-24 18:51:32,2017-05-24 19:05:16,2017-05-29 11:28:12,2017-06-03 09:28:50,2017-06-20,22b371b4e2e4dcd69902133d6b11aa59,2017-05-24
a14990206b64de40d5aa9e4a235bcc64,0f8578d7df4151708dbebbd72050ce3c,delivered,2017-11-24 19:30:03,2017-11-24 22:55:18,2017-11-30 02:36:46,2017-12-22 18:05:56,2017-12-19,6c608a8c208c9b7175c1a3f86696dffd,2017-11-24
38ead2ac61ab32ce96209301f9d365f6,0be74c3190e29ed9550c7c2ca1417a14,delivered,2018-05-10 16:19:55,2018-05-10 16:35:27,2018-05-11 15:13:00,2018-05-21 23:22:34,2018-06-07,1f8a812f37c3d595f72c0ff5b85066f6,2018-05-10
87e4985661d2e38f02b965d961204540,0b6e67116678675d404842a14bc20e20,delivered,2017-11-19 19:01:48,2017-11-19 19:15:52,2017-11-20 21:29:02,2017-11-23 20:49:16,2017-12-07,662b402621c98018ffc9c836321f15db,2017-11-19
3c12bc6e3b1b88c14e55b9c38fddecf6,0074a15febc9459ab2f999ea0e22c8d6,delivered,2017-11-28 14:43:10,2017-11-30 02:25:53,2017-11-30 17:53:22,2017-12-26 12:09:12,2017-12-21,526807e2a25ea0db271efcc9fc646db1,2017-11-28
5d008274e5bc6e6fa48c833c4b0f36a1,ccd5dc778d55dc1ea0e661982c1e9d44,delivered,2018-08-20 13:28:21,2018-08-20 16:00:54,2018-08-21 13:08:00,2018-08-24 14:12:39,2018-09-24,907ce0c9f7aa99b571ee927abe179164,2018-08-20
9792e6669ba4f0e23d84a9ac8af2a423,a1c6767b4d0951165946354edad40ac1,delivered,2017-07-29 19:30:58,2017-07-29 19:45:13,2017-07-31 13:41:58,2017-08-02 18:17:46,2017-08-11,5b71ca52f13f79c2be72b2aad8755c0a,2017-07-29
036b2855a4c92b30f0bd1f3fc0f46e48,0bf622b6f70b7f7f0af5948b9886af09,delivered,2017-02-16 15:56:11,2017-02-16 16:05:25,2017-02-24 03:33:01,2017-03-06 14:35:52,2017-03-22,d7b4f3c9c89ba771ef099693c61d7085,2017-02-16
92fc1ca41d579ec86467b590c6acc489,4012bdbbe41e3774ab764a0fa4f76b4c,delivered,2017-11-06 14:25:23,2017-11-07 07:30:48,2017-11-10 18:41:35,2017-11-21 20:42:43,2017-12-08,e9b846d808ccf1823115501829ee7e18,2017-11-06
feacbb2f31e0c7fcaa4ba9c35d879347,a8a08a106f5596b07e4af3742c244771,shipped,2017-12-14 09:13:33,2017-12-14 09:34:12,2017-12-18 18:44:57,,2018-01-11,6be8ba8106013aa253958431e4bea568,2017-12-14
dbcb89699a4736bcef1373eb9d8ae5d1,81e58748fd88658cd29a87a52d64f7d1,delivered,2018-07-31 23:18:31,2018-07-31 23:30:11,2018-08-02 12:46:00,2018-08-06 17:15:44,2018-08-17,84b716b75427a213c1077894e4e97bb8,2018-07-31
98b7e48a869cc004297cb968e5d81401,69f97d75cfa0b60b3bc20069674878f2,delivered,2017-11-12 08:58:30,2017-11-14 04:30:27,2017-11-17 15:25:53,2017-11-23 22:32:03,2017-12-01,ce49d03507a74f0ca2ddd0567c459a9b,2017-11-12
570b4fa8d33a773b9d32bd9a5c9eb077,1ffeec9fd3ef7f6c61f5f59a33b13198,delivered,2017-05-14 10:03:32,2017-05-14 10:15:18,2017-05-16 10:18:59,2017-05-24 12:04:44,2017-06-02,362c14f75d83ab0db35c9f69eb4a1b8c,2017-05-14
955b3eccb8e0c21820f39caeb0309789,680197ddda56ad2150f56b7bd4a1734a,delivered,2017-11-08 18:39:08,2017-11-08 18:51:06,2017-11-10 22:09:46,2017-11-23 21:54:40,2017-12-07,31d8b860775ed59cb8aff5da28359367,2017-11-08
fffce4705a9662cd70adb13d4a31832d,29309aa813182aaddc9b259e31b870e6,delivered,2017-10-23 17:07:56,2017-10-24 17:14:25,2017-10-26 15:13:14,2017-10-28 12:22:22,2017-11-10,cd79b407828f02fdbba457111c38e4c4,2017-10-23
38a205d16aa85ec7daa30215713cbef8,a67c6d5b763ab7890173042f8997740f,delivered,2018-04-04 19:07:44,2018-04-05 02:15:32,2018-04-05 21:58:50,2018-04-17 18:58:23,2018-05-02,322740034480eb5fe9d14398aee49d4b,2018-04-04
16e27874a42f09b20f86847e6f976126,55b416182b328ad5d15d7a0e6c8f0383,shipped,2017-07-02 15:53:47,2017-07-04 19:15:22,2017-07-05 12:22:22,,2017-07-27,c3e8a95fac7536ab9d62ff15f861b8ad,2017-07-02
16102df665809d8700f73d91e4886abb,7ac0a40c02e7b79d14b21fe0c2737fa1,delivered,2017-12-27 13:17:00,2017-12-27 13:27:48,2017-12-27 20:28:40,2018-01-03 20:14:55,2018-01-22,5eb8a18c3f0aadfd60d9194deb33364a,2017-12-27
d4a55c0235e5b57bb0cc9939dcb321bb,f7eef9c25275c006a8c9df2e5883ca78,delivered,2017-11-27 23:17:35,2017-11-27 23:37:27,2017-11-29 16:38:52,2017-12-18 23:12:17,2017-12-15,565811ed44e539a14bc391cf57373ed1,2017-11-27
afce6241639c871ea13eddfd86b3ded8,a6cc78b847169771e22b2035a9b016f3,delivered,2018-03-03 21:06:41,2018-03-03 21:29:13,2018-03-08 00:38:46,2018-03-20 17:04:49,2018-03-29,bbc8b9ab90288d37ad3541f5ec64bc1f,2018-03-03
c6deb8388ec8288e163d7b5ba4f06099,b33ab3f861541bff5a301c3b38c4126d,delivered,2018-06-15 16:55:27,2018-06-19 03:57:27,2018-06-22 14:12:00,2018-07-05 22:34:26,2018-07-25,06787202ad56c0d992d6ebe4d57f6c68,2018-06-15
045b9114be21f880246ba6d749f577af,9338c981c1692068c92ee532bb91b112,delivered,2018-08-11 14:59:32,2018-08-11 15:15:14,2018-08-13 14:53:00,2018-08-17 23:27:53,2018-08-30,2eb024f5600d788ebc45caf7b962f243,2018-08-11
90e3ed5bc7c3104c5d7012e809f4b399,12353745b7c8ba37795ab8c7102d761f,delivered,2018-08-09 20:17:19,2018-08-09 20:30:16,2018-08-17 15:37:00,2018-08-30 10:34:39,2018-09-10,42bfaa0b5e0552df4694c38dad7d8c61,2018-08-09
56b58249ffb3737fd1083df765e0838d,a9641f3d71a5d6ed789920fcc9c079fc,delivered,2018-04-21 14:21:14,2018-04-24 19:05:57,2018-04-23 23:44:49,2018-05-04 16:07:30,2018-05-22,cd01e2377287b42245a9fd221f978f34,2018-04-21
137c8b3eddd2a8b6d54b434ea3089d37,f120f070594b950c2921147b0914a8f7,delivered,2017-12-10 09:28:49,2017-12-10 09:38:22,2017-12-11 16:23:01,2017-12-20 17:52:30,2018-01-04,a43a63741cbbc48056838d0bcf198ee4,2017-12-10
21359e988a499d8217626005d16a61d6,affd1614dbd9b0feb6e820039adc1380,delivered,2018-04-23 11:10:12,2018-04-24 19:08:40,2018-04-26 11:05:00,2018-04-28 00:42:35,2018-05-11,c852771f2cefe326d415b44e855e6bc7,2018-04-23
d0fc18b01244d3a08b0fd12deede8201,da70cbcb5012f2055b4f2c90d28725fc,delivered,2016-10-06 07:08:15,2016-10-07 03:09:23,2016-10-21 16:18:05,2016-10-31 11:27:54,2016-11-30,cf3ca218511c73ca4a1c6a19e71f02d4,2016-10-06
e48949fd6c2be8f0fa6dd91af8f0f50e,94ffefe39393f5189eb81b8a023fdb3d,delivered,2018-07-19 19:59:06,2018-07-19 20:10:19,2018-07-20 12:31:00,2018-07-27 20:57:28,2018-08-17,c94e204556c17e5bbfc959a68a6a8c5d,2018-07-19
05c882a9c704a528bfbaa15fd8805d43,4cd82bbc6e8b838a998e3049fe862493,delivered,2018-01-12 18:30:01,2018-01-12 18:37:24,2018-01-16 22:41:54,2018-01-29 19:41:12,2018-02-07,e79bdfb1975088838e230df4d810ca45,2018-01-12
303cefa0f5b9ed6af793756df252eff5,cf4dbbb52c23ef9d9fbf701b2919afee,delivered,2018-04-11 10:48:18,2018-04-11 11:10:53,2018-04-11 23:03:34,2018-04-17 20:20:44,2018-05-07,2480d0bceb583db037e908e1d40ec79a,2018-04-11
cec16afc430b7b794fa8703b631f7d3d,6721658ca0e4a2bca6109b12f22ac8e4,delivered,2017-11-20 13:31:18,2017-11-20 13:46:34,2017-11-21 21:52:53,2017-11-22 21:32:18,2017-12-01,a0caf0d35270dbd90526d53f6bc32876,2017-11-20
a4a82921d715a8e41c1f63842761f0df,1900b6dbb6cfd5f4fc2fb827728444df,delivered,2017-09-23 12:47:56,2017-09-23 13:04:14,2017-09-27 16:58:55,2017-09-29 21:51:20,2017-10-13,d7e517e7d653afb76032678dc9fea262,2017-09-23
e935ce70219fca7400f41fa9b59aad56,6ac009da0231e1256348748cf0b68003,delivered,2018-01-31 21:31:38,2018-01-31 22:09:44,2018-02-05 19:24:26,2018-02-26 15:24:51,2018-02-22,8e47cb89f4cb24557bfb6f64d2e7c7ba,2018-01-31
fb4f9c2fb91af3fe686805e1e898012c,94a4c7499ff88ad181b737c00b46baa2,delivered,2018-03-17 08:25:01,2018-03-17 08:49:40,2018-03-19 21:42:42,2018-04-02 17:52:48,2018-04-10,90b7626817355242d4eedaafc737ffc7,2018-03-17
5a29fd07d4a1b1523a932159e4648b28,d0da29bb6c19ff57126bbbd9ed63dead,delivered,2017-11-25 13:59:42,2017-11-28 04:31:11,2017-11-28 15:24:38,2017-12-03 15:17:40,2017-12-20,e0b85b0f7c0fe3b979937f2f483b44b0,2017-11-25
80258201cda75aff559a9cc15eb0da49,89b1996b0591126bf4b91eca215d6e67,delivered,2017-09-05 18:38:57,2017-09-07 02:44:28,2017-09-11 20:16:39,2017-09-15 13:47:25,2017-09-22,996d5fb8a5736b0fea622c72fc1026c7,2017-09-05
9cdbb1c345ba349adba6b394300770d1,1101e7a94a2ef9cec1c8cd51d826c486,delivered,2018-02-12 13:20:25,2018-02-12 13:30:43,2018-02-15 20:04:28,2018-02-19 12:23:11,2018-02-26,db3a92fd262856b239bdbd6222700c13,2018-02-12
511854b706288fb7c853f22f68f1ab37,18e2280760d13e8c14bca9a5d6f22543,delivered,2018-01-23 17:37:54,2018-01-26 06:33:26,2018-01-26 23:09:40,2018-01-29 19:27:09,2018-02-07,d9d37a77866c82145831a4376b1486ef,2018-01-23
ec0a836329e091712f3a4979b6dcfb41,f2d2a15afadd3bfc3c421fa219387bed,delivered,2017-03-02 01:21:42,2017-03-02 01:30:18,2017-03-03 08:07:46,2017-03-09 05:29:10,2017-03-21,64506e4eff925200d674430e79ffdc22,2017-03-02
82fb8895a278d7ff122edb5df3e4abed,e6d07d60900b9be7053cc080a3b5cef4,delivered,2017-10-16 06:20:04,2017-10-16 07:05:47,2017-10-16 21:56:03,2017-10-23 20:57:43,2017-11-07,cc199206f8d4c4779cb84eeab5831d0c,2017-10-16
3737d5e98a43749e8713ea1e2c9b5355,c512f620f76cc7b83e3eceeb72bfc6de,delivered,2018-03-04 13:25:01,2018-03-04 14:08:39,2018-03-06 17:38:36,2018-03-22 16:20:57,2018-03-22,993a8ca534103166dd711e48970086f8,2018-03-04
cb655436a926b3051ca8d308eee56323,9c870d10e364de6d2b00edeb0d76127a,delivered,2017-07-29 17:58:58,2017-07-29 18:10:11,2017-08-01 21:23:40,2017-08-11 18:26:01,2017-08-22,4e22af73a91ab5ed077a5f8033ec0f5f,2017-07-29
2217b5983c4fe87f26639368401a2f6c,1d00d4257cd4d0b396bcc38d629a45c3,delivered,2017-04-07 15:22:10,2017-04-08 16:35:26,2017-04-10 14:43:18,2017-04-20 16:21:15,2017-05-03,2fb55b25bc8be70f9c628fb6fa5155d6,2017-04-07
5dbd99a1d0b13836606e44c8efe79fa9,c2043136b06ed8ee03cfe2c801d8d145,delivered,2017-06-15 10:10:40,2017-06-17 03:44:28,2017-06-23 12:13:04,2017-06-28 16:15:07,2017-06-29,86d4dc92e6974f6b3537470b87fa120d,2017-06-15
15fb8208682172544e82b96aeb5229fa,ccef1b0140b0978b6b1bbc28e54262e7,delivered,2018-03-23 10:10:19,2018-03-23 10:29:05,2018-03-23 21:51:46,2018-03-29 20:25:02,2018-04-05,fd20fc2b1ff034f4cec1599237797ffb,2018-03-23
1ceb3108c68b70110cbeb7b7061e1a38,d026485ca24203e2d4a91c6b381eaba3,delivered,2017-07-04 10:45:09,2017-07-05 02:45:09,2017-07-05 18:40:20,2017-07-10 20:55:06,2017-07-24,039ddbe14ea350d861b9422a9ca43b0b,2017-07-04
219347c42048a30943af4fecbcfd5746,c90b92c9052f0a0371a2301a5d2911a3,delivered,2018-03-21 13:03:51,2018-03-22 02:35:41,2018-03-23 20:03:29,2018-03-26 21:26:45,2018-04-03,d58a2660abbddaf4deeb7d5ec2638ef7,2018-03-21
21ae9d6a114e6bf02be6b59e300b74bd,2902c21eef06f2af20f03c6ab0a2c263,delivered,2017-12-03 21:09:16,2017-12-03 22:32:14,2017-12-04 20:52:57,2017-12-07 15:58:43,2017-12-20,011702c19fd5dec0000a8dbbb5b98809,2017-12-03
f947132461622a725c4661c580ab80da,f34d9ce608a00ce18da66b40c54afdfe,delivered,2017-08-22 23:42:12,2017-08-23 00:32:54,2017-08-23 23:43:50,2017-08-31 20:33:56,2017-09-14,383e742502eccf91e90662929acf9364,2017-08-22
173be97f981ae72384ff95a719544e7e,01d95b948587656bd900ca5e00983957,delivered,2018-02-13 22:54:16,2018-02-13 23:10:30,2018-02-15 16:04:47,2018-02-26 19:35:23,2018-03-06,731a127666e5bc79810ebdc48eeff385,2018-02-13
ef15dbaf1048212a36d11261a1feb460,3ab67c90e72ca2917ab6d048e4183259,delivered,2018-05-09 19:48:46,2018-05-10 19:50:56,2018-05-11 15:29:00,2018-05-16 23:46:47,2018-06-01,c04953e6699521c9ec0e55ad48195a60,2018-05-09
6fa1b046e2e8e336c8350c7e1600bb32,756678a6b6b90b059144bdfa80f4a786,delivered,2018-07-27 20:05:31,2018-07-28 02:50:23,2018-07-31 14:14:00,2018-08-02 00:13:34,2018-08-01,34790c4ad838df9777dc1c36e1c3ec8a,2018-07-27
02beac5428ccbd30f4b3fbded058289f,b3ab3d70a498cea9282b87bc2fdf4c00,delivered,2017-10-29 21:01:35,2017-10-31 04:15:16,2017-10-31 19:28:46,2017-11-06 17:26:41,2017-11-22,8e22f3dce83f57ae02fc53050460fa76,2017-10-29
b64b31be08d0151c4115537cbef3dc06,e6aec7b202899b3148da9039164fe850,delivered,2017-03-13 16:31:00,2017-03-13 16:31:00,2017-03-15 11:34:29,2017-03-22 15:44:53,2017-04-03,fa8928a7d6deb44eeefc718f4f68ed13,2017-03-13
e02d61b42452cc6737650331d8bc8ad7,88127edc390afb814360a003695dd0fe,delivered,2017-11-25 21:34:53,2017-11-25 22:34:23,2017-11-29 00:18:51,2017-12-26 16:15:10,2017-12-18,eeebbe724ea20e65d4fa09b0dd62d741,2017-11-25
c67d6454958f638555556ae0b89729ec,d44fc88de50668ab07b03e6a25bceee6,delivered,2018-01-26 13:55:40,2018-01-26 14:22:04,2018-01-29 20:18:59,2018-02-09 18:15:59,2018-02-22,4c666e65bc8560e9cc87bfd45f5c9bde,2018-01-26
c6d6debf53b012b5b280530352c67792,74f58926de33cc3b64b41ed2307f96eb,delivered,2018-08-08 19:00:15,2018-08-08 19:10:20,2018-08-15 15:06:00,2018-08-21 16:03:56,2018-08-24,eb186b16bb1f469cb5fd25efa5eb7d93,2018-08-08
8283cff259b1a37c914671e1385a2f72,919313c655ea2523ce7e689dc0558137,delivered,2017-11-29 08:56:00,2017-11-30 02:20:30,2017-12-04 21:48:46,2017-12-11 22:28:53,2017-12-29,ac66b518e52176a01301dc25fa0c12fc,2017-11-29
ed159f7220fe49164a43fbf4fe3a15d1,425793dac84f3a20dede5cd61cb46d4f,delivered,2018-08-07 21:14:53,2018-08-09 04:05:17,2018-08-09 13:32:00,2018-08-10 13:54:50,2018-08-29,ed6319ffefb5dd25d861b977d3acb234,2018-08-07
f321507959f5d110b06985b282a5ea6e,6fe9cc55e706b2c7813490f7b6a3996d,delivered,2017-06-01 12:56:27,2017-06-01 13:10:36,2017-06-09 11:13:38,2017-06-19 19:52:49,2017-06-26,67db4d2b8e157bd8e237a23058e2a718,2017-06-01
6d206f309ddf213a7977318bbe5d3cd0,8fe1a699c51916b203ee684f642d234a,delivered,2017-08-16 19:49:56,2017-08-16 21:24:55,2017-08-18 10:13:39,2017-08-23 19:37:29,2017-09-14,c0dca8f5338d0b4c4e9aebe9de1fd03e,2017-08-16
eb854e76ca9b5d2e3bbba2a72622fd27,c67765fd1f96be3c1a92853712a05f93,delivered,2018-06-02 17:21:38,2018-06-02 17:35:13,2018-06-04 10:15:00,2018-06-14 16:46:37,2018-07-25,d56f0103081332877172e733465de3e9,2018-06-02
e121d5d3ae614bc7cbd5eddba13b16fc,c7c0ba6613929d7d0a82ef70a992a184,delivered,2017-02-06 06:40:56,2017-02-06 06:55:07,2017-02-07 18:14:44,2017-02-13 10:53:21,2017-03-03,0c9f948ba785676170057686aa1521f5,2017-02-06
83e1eaa798d40149e009b6b70835e330,86908d3b15e2dbbba49129132772b62c,delivered,2018-02-21 09:27:42,2018-02-21 12:03:31,2018-02-21 21:42:31,2018-03-15 22:29:41,2018-03-13,fdae4f37553600fac662a3a8e24121da,2018-02-21
e93d171f961fc1207c5ff8d1956267b5,603e99653f7b17aa9e8c74deb98c4acf,delivered,2017-06-15 13:54:38,2017-06-15 14:05:13,2017-06-16 16:29:43,2017-06-19 12:58:30,2017-07-10,896127e8028262e6b0a37ecaf8f3955d,2017-06-15
d1d236cc3f6641fff88f1239a22b9b2c,3b3300104ab7e775a7493a3dd5f1fdf4,delivered,2018-03-03 08:52:32,2018-03-03 09:08:33,2018-03-05 23:30:01,2018-03-16 22:57:33,2018-03-28,b69f9e79410ad4d3422fd6d80c247cce,2018-03-03
e0797286b1f41001e5c1388d4d8144c1,f8392feb1839b8ecbe9c9c2553ef2849,delivered,2017-08-27 19:20:56,2017-08-29 04:26:09,2017-09-01 19:11:56,2017-09-06 19:17:44,2017-09-26,7101512429309e75acf4faaee55e5af0,2017-08-27
3c3d88787b28904377716a09b10fb0e4,9b1681324bf50ce1be7d23adb7416d3b,delivered,2018-08-02 21:49:02,2018-08-02 22:24:14,2018-08-03 13:53:00,2018-08-09 01:32:48,2018-08-14,ea3074b990300d10be9cd57de434e133,2018-08-02
2f0f1657f49de673ff9c502c8fd8235f,0ef5347dd91b15252c28720c16b0438c,delivered,2018-08-17 13:25:18,2018-08-17 14:30:17,2018-08-20 12:15:00,2018-08-28 16:58:38,2018-09-17,d0056bd9d4087f8278028e3251a6b2e9,2018-08-17
b022e6618cd7a7bd4a981f0e7951922c,967a3618f5b308110ab6eee2c31a0187,delivered,2018-08-21 23:14:28,2018-08-23 02:44:30,2018-08-23 12:48:00,2018-08-27 22:24:41,2018-08-27,849438bd973d9af25c6166b85106929d,2018-08-21
48cfadf939f8bc6a5f3890799a9c62f5,35bc87103d16a383cf9a98b672d3bb3e,delivered,2018-07-18 18:58:11,2018-07-19 02:55:10,2018-07-19 15:17:00,2018-07-23 17:31:37,2018-08-01,397fbe3d3ebc9ac2a6a8fe7aa9de2fce,2018-07-18
c9e77b39e9de73578b21ef93a26f3905,3bed1ed2de380c0df26c6566a00693a9,delivered,2017-08-21 14:38:38,2017-08-21 14:50:15,2017-08-22 18:28:16,2017-09-01 22:41:10,2017-09-25,e32ce82075efa0299f4af16ade9b388f,2017-08-21
8cd448ae996563c19d5a2fc92c37a00b,0be35675024b139cf0359dcfdf6b80f8,delivered,2018-04-30 22:07:49,2018-05-01 03:32:36,2018-05-02 12:21:00,2018-05-26 12:08:49,2018-06-08,a9a503537308b220c7686c2189ddbf3a,2018-04-30
5123fb3580d7dd11bfd9c25321e43ed5,fa2f78384e572a521f543cefbb07c5ee,invoiced,2017-06-13 15:24:53,2017-06-13 15:43:07,,,2017-07-11,ad6347b3d1ee0be630742d96abcbd9bb,2017-06-13
bef85b22582f29dd832b5b75cedadf22,31f8e0bb80606b3381ad2c6b7f802786,delivered,2018-04-12 12:58:23,2018-04-12 13:11:45,2018-04-12 23:11:48,2018-04-19 21:19:07,2018-05-14,a35a4aabf0cba522c14214315e1ec310,2018-04-12
afca5fe0f14b7178c97f8cb22611f584,1cc0be4cc7381917d867be563e2de5d0,delivered,2017-09-09 15:24:45,2017-09-09 15:43:46,2017-09-12 23:06:47,2017-09-21 18:57:42,2017-09-28,a652650842029ba5fe41ba9979c47df5,2017-09-09
a3c7dc0e0b30a40861c073f24bd4c601,8e8815c3f80fae589be53794c68e64e2,delivered,2018-04-28 12:36:25,2018-04-28 12:53:23,2018-04-30 14:59:00,2018-05-03 22:22:22,2018-06-01,58388f6740ddf90996a40a8150c32b3e,2018-04-28
3bb5b510c269261066a258389a2e00d7,df356d484fd5d357a5db8a7cf0da84f5,delivered,2018-08-02 12:05:27,2018-08-02 12:55:26,2018-08-03 11:09:00,2018-08-10 22:26:23,2018-08-23,d8399b24ad3a8d7601c8da83b7f70af9,2018-08-02
d9a932befd90783805fe255151f656a5,59b6f50384a62d257a93ff1b41235166,delivered,2017-11-11 18:03:19,2017-11-14 04:15:50,2017-11-14 17:26:28,2017-12-07 22:13:54,2017-12-13,68ee3f40ecd2db281f8550fad18bdc83,2017-11-11
8fc1d441a00d0ba601d5609fd95f4174,b95b33dbd27f604858d1914b262217ba,delivered,2018-05-07 08:39:56,2018-05-07 16:53:09,2018-05-08 15:22:00,2018-05-10 19:02:26,2018-05-21,6876afc3917d1fdcef4a5a0839821204,2018-05-07
ce3b8f352671b03850de8e62f083d617,9b43e111c23e03151c69237026ec1988,delivered,2018-05-19 10:03:00,2018-05-19 10:19:22,2018-05-23 16:18:00,2018-05-24 16:42:23,2018-05-30,3a29cda12157020d535870b102af05a9,2018-05-19
01bbfee76e5e3f96f008c781c2c17bcf,b26791f21e725f36e32d150c31e68c9b,delivered,2018-03-21 11:13:07,2018-03-21 11:27:55,2018-03-23 18:29:03,2018-03-29 16:13:09,2018-04-06,fcb28b060a641bcee2ebb44f1041ad46,2018-03-21
869fcf8057010b24148fcd1e2834537d,ecaee89b579b905d3e2ce634b5db665b,delivered,2018-02-10 18:48:28,2018-02-10 19:05:27,2018-02-15 20:52:26,2018-02-16 20:45:17,2018-02-26,7a5dadfe76ef40f53747277d634f6c36,2018-02-10
13cc20205a5d08b532f127b6fbf0f370,bc3d068a7062de50a2199a7132558eac,delivered,2017-11-09 15:29:56,2017-11-09 15:46:56,2017-11-10 10:43:48,2017-11-17 22:14:06,2017-11-29,5bf3a81ed2bd9ef25495c6cf166cd7e5,2017-11-09
455df7bac21225d8e684c0712d10fe99,f07b68206c2986c757bbd4cf41705f1b,delivered,2017-07-18 16:45:28,2017-07-18 16:55:19,2017-07-19 18:36:29,2017-07-24 19:52:02,2017-08-07,677fc3c9e127653896f37df30aebdf95,2017-07-18
3c5abfef5fc10bb24f9a77d78a42768a,f877c7eb2c7e846ff91c60a8df56218d,delivered,2017-04-22 00:20:19,2017-04-25 08:02:52,2017-04-26 11:06:11,2017-04-28 13:23:54,2017-05-18,d38fb704975b481e9a29de25437c4da1,2017-04-22
11dae77988d96fdf02834d83d7d018e2,90388e181deb65d18e4a45a0f1baf42e,delivered,2017-07-15 15:46:21,2017-07-15 16:04:02,2017-07-17 18:12:04,2017-07-27 21:11:43,2017-08-10,430ef4ee3f3cb4e803494f31eab27af5,2017-07-15
8e500747ed0fbfd6b89bb11955b3ccbf,8dad9347d1a281ed85a300a7be9d0647,delivered,2017-05-17 12:49:38,2017-05-17 13:11:12,2017-05-18 08:26:53,2017-05-26 07:22:09,2017-05-30,5ad40a36cac888cd479c36960d6cf4ac,2017-05-17
039749cde6a67a679fa5602f776cefa4,45a5fdd83a9dcd5745c0958868fe76a4,delivered,2017-06-27 18:44:31,2017-06-27 19:05:11,2017-07-05 09:27:43,2017-07-07 17:28:28,2017-07-17,96d632934b150c3792258765ff85ec21,2017-06-27
7d000307a29338a053287f79e225e09a,9e684293d3dee5021bfc836040e02a19,delivered,2017-09-07 11:53:21,2017-09-07 12:05:44,2017-09-12 21:48:55,2017-09-27 21:11:32,2017-09-29,e5e21cbc9217a9ed56372e6088536b53,2017-09-07
9224db86cedf958891e1b1afb4ad570c,9407dee37113fbe31a3fe60a3d221e37,delivered,2017-01-30 10:12:59,2017-01-30 10:32:21,2017-02-03 10:28:31,2017-02-10 18:28:30,2017-03-27,de907ee6190d3fd70be7e607a3ddbbf7,2017-01-30
efc734aa0895a5973f3e783a742f1119,9e7ba5e8f54ad8293a1da0e2e458b4b4,delivered,2017-01-26 12:45:40,2017-01-26 12:55:25,2017-01-27 11:47:54,2017-02-13 08:25:02,2017-03-08,234d6113db7ff4b1a933c65da3d9bf1c,2017-01-26
3950ce59ecfeb14516007ec93453b8d6,d0ff95120ef2c65ac39e8c480923de55,delivered,2018-01-11 16:54:13,2018-01-11 17:08:29,2018-01-15 17:58:46,2018-01-16 21:42:36,2018-01-30,a138544417d006e52b2f766ef47ae5ef,2018-01-11
a1c6f504575eb7ce4a5194a3af7316e0,7ba55e28fb6e70a1e8c52759b2e107ad,delivered,2018-06-25 12:32:33,2018-06-25 12:54:21,2018-06-26 16:52:00,2018-06-29 16:08:23,2018-07-16,d1685e608f13ba34bad6e8bca853525c,2018-06-25
95efc26128229ac33bfc67d4fce8fa28,0910359fc88a7c2610a39c0d417bd2a0,delivered,2017-08-14 20:46:10,2017-08-14 21:30:14,2017-08-16 17:34:03,2017-08-29 16:29:52,2017-09-28,bb9de7a757d93065939c7da2a3cd8ce4,2017-08-14
b19169c7cb8391fb8561e094d61c531a,620732fed5579e0bdfdddee02aad4c54,delivered,2016-10-10 15:49:59,2016-10-10 16:02:54,2016-10-21 18:22:31,2016-10-28 14:43:41,2016-12-02,0ecf7f65b5ff3b9e61b637e59f495e0a,2016-10-10
d239a31dde13f5e8fedc8c79c9ea4193,8c456c6fd5c7e0a5266d19e071108581,delivered,2018-04-12 16:08:04,2018-04-13 13:14:28,2018-04-13 22:51:49,2018-04-30 22:12:02,2018-05-10,fa8f0e3c4d67a771c43bdb9ce3e038d6,2018-04-12
fd2356259b01adb02b8da459b14a92fc,c9aa18605cde539bbfb11d1aa4004809,delivered,2018-08-14 11:54:06,2018-08-14 12:10:23,2018-08-14 15:32:00,2018-08-16 14:48:52,2018-08-17,a06e0591f39dbc4d76b67bee3f3b9b55,2018-08-14
25efa6c863eee6b4b658233ee3b463a3,48034fc850feab344e3a8733abdfd51c,delivered,2017-03-29 20:05:38,2017-03-29 20:15:07,2017-03-31 14:10:18,2017-04-05 11:34:39,2017-04-20,a1caf6f711c92939d161895b1e622e81,2017-03-29
09eefc2f4932b01761f55d6b623ab527,e49eaacc54850c6362b04617ad4c01ea,delivered,2017-12-15 15:54:24,2017-12-15 17:00:51,2017-12-19 21:14:43,2017-12-20 19:04:36,2018-01-09,8fa933b4aadaa7d2c9d6ce7e8d698555,2017-12-15
36d43d9ea16e2435752ad9dd52850b73,16ece50a0fe3d823fb028f7effe052f5,delivered,2017-08-11 22:36:59,2017-08-11 22:50:07,2017-08-14 18:03:45,2017-08-16 19:36:40,2017-08-24,e59cb5b49e09e9a5be40b2dcbf9e1f77,2017-08-11
ef0dca645d1e44bb9ca32196198b51d4,4a0a2ded6abf7e7c16291499c6840de2,delivered,2018-01-17 13:29:58,2018-01-17 13:50:14,2018-01-17 20:54:07,2018-01-24 13:06:53,2018-02-08,8c6a9822ef5cc34f98c3ae9ad633c675,2018-01-17
898357f8ca3d5cebd8ed0edcc9333503,9d591ace593afccb89b98390261ee19d,delivered,2018-02-10 17:26:43,2018-02-10 17:45:45,2018-02-15 02:21:58,2018-03-02 01:32:29,2018-03-12,4cba4382020c8e217faee72173ecb0fc,2018-02-10
dc82ca767bb8a029bf346c1cb24bbdda,44bc1775b9a28ebe3292e12b53337443,delivered,2017-04-19 19:07:40,2017-04-20 19:15:09,2017-04-24 14:06:49,2017-05-05 15:38:03,2017-05-22,8cba4050ca73942b09cc92f25b21f05b,2017-04-19
c42c7ad2f2d44d2e9032297b9b8e2a1e,a744a615992afa64466809709574c336,delivered,2017-06-02 11:46:50,2017-06-03 09:35:10,2017-06-05 15:53:41,2017-06-22 14:09:44,2017-07-11,9aad16318fd0579b2bcbefdc3df8c73f,2017-06-02
3ba501474fa8bf57cb48c5721307bdef,0385c8d2e645df58096ed14446b5374d,delivered,2017-12-17 11:59:52,2017-12-17 12:10:31,2017-12-18 18:06:30,2018-01-03 14:40:36,2018-01-19,d692a6bff91d35ab9f35ff12a3cc3d10,2017-12-17
0cd0056af7a12a71349c17f4114acb3f,a69d27c0e2913e640dd382e7ba2b45fa,delivered,2018-04-07 15:08:55,2018-04-10 03:49:24,2018-04-13 22:28:24,2018-04-16 19:59:42,2018-04-20,e0b0b000d4d34ceae95b4697e0dcdc77,2018-04-07
4076d3e76f90825858ffdbf359cd8187,8959f0ac02b89693bdaff818e5a09176,delivered,2018-04-20 12:26:34,2018-04-24 19:07:03,2018-04-27 16:04:00,2018-05-03 13:16:41,2018-05-15,d710ad04396d290564a7206e4c703b45,2018-04-20
238d28bb25bc75bccaab22efd258df33,0092770b2a1471643d88b60d6b804464,delivered,2017-12-21 15:25:26,2017-12-22 15:19:24,2017-12-26 22:57:54,2018-01-09 21:39:10,2018-01-26,6b2ef099439c81743bd02edd480829d5,2017-12-21
22f83401479022a8e4e700556dc91233,d9b8efad219a6a3871b80c96b2a5b19b,delivered,2017-08-01 15:03:53,2017-08-01 15:40:09,2017-08-03 14:07:45,2017-08-07 17:47:18,2017-08-24,a7e209496245738381849003d3958ba4,2017-08-01
c0d19224d6a56baf63302669fac4e73a,f92826b2c53b8ad8aef98bdd94c0043b,delivered,2017-09-26 22:12:15,2017-09-26 22:28:20,2017-09-28 20:06:55,2017-10-07 15:37:58,2017-10-19,2dfb670996b412a014e8d8099500f6ab,2017-09-26
eb6c151662d92e0f9c6b1c3f30122348,27278251bc7e8a7107b55f3fd7061805,delivered,2017-12-27 15:16:42,2017-12-27 15:39:25,2018-01-03 21:38:39,2018-01-08 16:05:47,2018-01-16,93cfbea9c4088e38372dd1d97b7e9c97,2017-12-27
c8b09d2fb2d0f23332a7e6a4e5e43d66,e296f6ea21a8f1a35626704cc0e62087,delivered,2018-02-18 12:39:45,2018-02-18 12:46:55,2018-02-26 17:42:31,2018-03-07 23:14:02,2018-03-22,9509c1d589cc1255e4d19a1dd39d1b87,2018-02-18
e22acc9c116caa3f2b7121bbb380d08e,fadbb3709178fc513abc1b2670aa1ad2,delivered,2018-05-10 10:56:27,2018-05-10 11:11:18,2018-05-12 08:18:00,2018-05-16 20:48:37,2018-05-21,0000366f3b9a7992bf8c76cfdf3221e2,2018-05-10
8d71351dedc5bc951060f8dc16b3fca2,1849a2fff655891c4953613c76a74a74,delivered,2018-04-14 10:29:31,2018-04-14 10:50:46,2018-04-17 00:32:24,2018-04-18 00:44:25,2018-04-26,024ab3d97dd522b7f5173b905628f9fd,2018-04-14
3ffafbfb2ed55aa2246ffb6886b28d7a,9224a7d3be90e5896fa1466c7f32a3de,delivered,2018-03-11 15:49:35,2018-03-13 04:15:38,2018-03-13 20:34:35,2018-03-22 16:29:00,2018-03-29,abaa0b70b623a71671afc3373f90141e,2018-03-11
b74b01e1553f1129b7aa5c0b73016c62,14ee461cb73062a37b46087e2e18d753,delivered,2018-06-03 17:41:43,2018-06-04 09:30:01,2018-06-05 17:58:00,2018-06-06 21:15:47,2018-06-28,7e094f060802ff5e25bef767446968d3,2018-06-03
c809662e4bd17369573c49fedfc546f0,031da6839c179617f04c3d5256d264c5,delivered,2018-03-02 16:13:29,2018-03-02 16:31:48,2018-03-06 17:09:42,2018-03-19 20:14:43,2018-03-23,9b791f541984503464d67d47758713be,2018-03-02
99384088fb9152a53cddf69d0510dd86,18032c692b0fb712e80649c22a59b74c,delivered,2018-02-28 09:32:40,2018-02-28 10:11:36,2018-03-06 18:18:41,2018-03-12 11:45:35,2018-03-20,ddf182e40cb312bd7011585481804c99,2018-02-28
24778d0f71e47bff8721b93b3aa5b898,d18391172750a605a8c7903ff77284ae,delivered,2018-07-05 19:41:43,2018-07-05 19:55:11,2018-07-06 11:28:00,2018-07-11 21:32:21,2018-07-18,a4a0e639ab38176f530f685db24d62d2,2018-07-05
9ef693d3c552d0bdf6d57085e5e14b66,1449ca3e5272f8d48853824b4d68bbce,delivered,2017-06-03 18:30:44,2017-06-03 18:42:17,2017-06-09 20:22:49,2017-06-13 13:33:35,2017-06-19,dfb2055755ca66df556ee070592f633b,2017-06-03
fffb2ef8874127f75b52b643880fd7e0,ca8374c00203cec663bc1eabf0aaede4,delivered,2018-03-30 15:36:49,2018-04-03 05:08:33,2018-04-03 15:12:19,2018-04-16 16:56:38,2018-04-27,6b42acb204802253acec6607ff3a9e0b,2018-03-30
1c2f555edfc445e72867c301b68ac512,e67618ef4120e6f73c343ef079dc405e,delivered,2018-06-28 16:12:59,2018-06-30 02:52:29,2018-07-02 11:17:00,2018-07-05 18:43:33,2018-07-23,a0e363eb99ec5c321d26ef6618308918,2018-06-28
609d36dbce43c3ba5232f83d58381f00,e5cf95241d6cdc36468f1d12efe96d04,delivered,2018-03-26 05:47:36,2018-03-27 19:50:22,2018-03-28 19:16:38,2018-04-20 00:15:19,2018-04-16,d3064d90e228f5f2fe913cd41342c677,2018-03-26
132f21680dc8ddaecc8b954cefc515b9,f5ac2b8c0d1a52e1abbac2921da93980,invoiced,2018-01-07 16:19:04,2018-01-07 16:26:19,,,2018-01-24,04ab1b974a3eeba70712740a33653caf,2018-01-07
c153dd095e8ccdaa7331d24b23bd62a9,43c02238890ff03d14de5e473345ac59,delivered,2017-10-25 09:09:33,2017-10-25 09:26:07,2017-10-26 20:51:44,2017-11-09 16:54:51,2017-11-22,0527fa10eebacc97d35769bf72198a19,2017-10-25
02b7e7c49710de373ce4bb83fd4bf81d,958a6f45092caf24c9c986aae8324cae,delivered,2017-05-10 07:27:24,2017-05-10 07:35:07,2017-05-11 12:39:58,2017-05-17 13:05:47,2017-05-26,c2f70b70cc6c043ca2f6ac87c0510fac,2017-05-10
faf5353e864ae43e76a472b039d0a1a2,7c20349f837558ca24c0dea60c90424e,delivered,2018-03-21 17:43:43,2018-03-22 17:48:27,2018-03-23 17:46:39,2018-04-13 21:28:21,2018-04-13,bb175bce1cf8c3d7a14d41f7f54bcc89,2018-03-21
d7ad2df000aead4e9ad0ff7e9118990f,e616cea6901a7bb9daed07e9135f4ac9,delivered,2018-05-31 22:54:21,2018-05-31 23:12:24,2018-06-01 16:16:00,2018-06-12 21:05:28,2018-06-29,d22dee9a69c987f183961d4daee38328,2018-05-31
943035d73ee455c651564e940e946391,427c17ea5664a2b18bebc11f85edf315,delivered,2018-08-05 22:06:45,2018-08-07 04:15:30,2018-08-08 00:17:00,2018-08-08 20:57:51,2018-08-09,3e96d96e52761d91cdbd5c5c48392ba6,2018-08-05
5041274e6fb755ecb3f38d5285c396b2,f7348d817315b78785d5c8389c26b998,delivered,2018-08-17 14:59:49,2018-08-17 15:10:19,2018-08-20 15:08:00,2018-08-21 19:06:54,2018-08-22,a5f68028c4993483b7530b094f427744,2018-08-17
1a7f6ae87826fbacf57f362f73549869,45031d4ebf49057a0e8cbc4a771e16da,delivered,2018-02-19 12:39:37,2018-02-19 12:50:33,2018-02-19 22:38:01,2018-02-27 01:25:08,2018-03-12,723bb8aa118da56cd7644aa593d197f9,2018-02-19
bde5784e34d5ba860afb5f85d4d97433,381f2b1b15daad40b72c4ab36c454bbf,delivered,2018-05-31 14:25:35,2018-05-31 14:54:37,2018-06-05 21:12:00,2018-06-06 16:56:36,2018-06-26,4bb925bfb1558d90c97618fc1d083e0e,2018-05-31
2343d4a98379202b11d3ec66c322ab57,83a013746849c173ca9305957f463d89,delivered,2018-03-22 18:07:42,2018-03-23 02:15:43,2018-03-31 15:36:35,2018-04-05 21:32:29,2018-04-10,860f75391be5698f015d3b234e7576d6,2018-03-22
5935197a3a64cf91a125aa939d5eac7b,c41ad6dff0d077fd45ac8549be56f557,delivered,2017-07-17 13:33:21,2017-07-17 13:45:17,2017-07-18 18:39:31,2017-07-29 12:45:43,2017-08-08,765622c306877776bbb4cc8fddee37f2,2017-07-17
6d649c890e34db80ede180e9497aeb6a,7bb9baed1a0bbe1688da57d56a71b89d,delivered,2017-02-12 09:25:16,2017-02-14 03:43:03,2017-02-15 11:34:40,2017-02-20 16:21:37,2017-03-15,63d91d8ac39f522652715688a8c60111,2017-02-12
1524aaded819ee3c06b4058825107362,30e007b61b364dff4c0eae95c8c800ee,delivered,2017-11-27 23:34:04,2017-11-29 02:20:22,2017-11-30 17:44:57,2017-12-15 03:15:11,2017-12-27,ad8b811c1ae88fbf86b0f20f6e2566f7,2017-11-27
df940e48580d0f2c2283d0782c7f99e3,f0498a602a79bd85e9365d918bafef25,delivered,2017-08-21 14:55:09,2017-08-21 15:06:04,2017-08-21 21:43:50,2017-08-25 23:29:54,2017-09-13,15fd3a159a9f61c5fcb578bda17dcf57,2017-08-21
ffc5d47e40567b5f153d5cd17138eb89,6a259f105654c36924187507b16c4a04,delivered,2018-05-21 09:15:31,2018-05-21 09:36:59,2018-05-21 14:44:00,2018-06-24 17:28:45,2018-06-08,a20d1c64e825c4683f3a7436e2dceca4,2018-05-21
d8d04eeca6703f5545f4c25b8ace1ee9,a2be606029a95748f15824071fffa10e,delivered,2017-01-15 10:14:31,2017-01-15 10:30:11,2017-01-19 09:27:48,2017-01-31 09:33:39,2017-02-28,3e5306add1209e5ba184092dd1587282,2017-01-15
a85c8521d3ad60bf120cbacb00e099ce,dfb4c38de1e1058e452e6d97af70952f,delivered,2018-06-12 12:48:18,2018-06-13 13:01:20,2018-06-14 14:23:00,2018-06-18 13:22:27,2018-07-03,569c6f458e76d7709028f68b1c40c3be,2018-06-12
c4ae7b6961af19604f1a9d8313f5a4c0,3c259bab3180c1adb45784a07b42c1ee,delivered,2018-07-18 06:53:07,2018-07-19 02:55:18,2018-07-19 14:52:00,2018-07-20 21:26:24,2018-07-26,9df5e9d57742af80256fe801cf7d8a20,2018-07-18
623d69e2357f35887d522d68a5775d69,a55ff18e4390604bedf99daa85a288cc,delivered,2017-03-14 07:28:21,2017-03-14 07:28:21,2017-03-15 13:42:22,2017-03-19 11:37:50,2017-03-31,5bb6a9aec28722e554d2d205d5f825d0,2017-03-14
41a0bc525912e2ff3cc9edddcfa89007,e1296fc9063ce948861d1d3f69640f83,delivered,2018-01-23 09:56:59,2018-01-23 10:20:21,2018-01-25 15:03:57,2018-01-31 19:06:17,2018-02-15,1d5d02679920d4903c8ef350110f906e,2018-01-23
59d926a10c7bbe3763d2ed1fe40afdd1,9c26e41845eb11a5169a059be6308336,delivered,2018-07-06 22:48:36,2018-07-11 03:45:36,2018-07-13 08:54:00,2018-07-25 15:22:05,2018-08-08,c9686aaa1925a630f380f6d13eb54715,2018-07-06
9a0ff85473ef691bca39a3636f6753c4,1b4ff42fd8acd3dc49e2a137021b3524,delivered,2018-03-27 19:23:42,2018-03-28 17:30:18,2018-03-30 00:29:23,2018-04-11 12:08:32,2018-04-18,39e2788db03e5eaeb2935a7e479682c6,2018-03-27
0e87d2e51cc9889baf44d689d0f5827e,fe3afca6cb1f6f7dfe5168f15b9b5ec5,delivered,2018-03-04 21:29:33,2018-03-04 21:48:51,2018-03-07 22:09:34,2018-03-20 23:41:35,2018-03-27,f54c43303de983818f0161df36a6efd2,2018-03-04
e49d66c37f294666b5c6ef847567226d,767b8065b92f5174f0a6f5ecd40cdf7e,delivered,2017-09-19 07:54:34,2017-09-19 08:06:01,2017-09-19 19:43:52,2017-09-25 17:45:41,2017-10-06,0b5163a83a47ef4f6278ffb50261f990,2017-09-19
82735bccec90eb2c009ba6290692df70,b08a79f8bc1d4a791ee0762378825cf0,delivered,2017-05-28 22:48:02,2017-05-28 23:02:37,2017-05-30 09:22:32,2017-06-12 14:26:58,2017-07-06,d0cf12aeba44703a0662d2c9438a48d9,2017-05-28
1b2a464e418c7636f68934adaa8571ce,9930df106883e1ab12e0c62375313141,delivered,2017-12-10 16:04:40,2017-12-10 16:15:24,2017-12-11 15:47:28,2017-12-28 20:47:15,2018-01-04,ec0cc69bfc12c074dbc537d4d6fa75b3,2017-12-10
c66db1cfde528d456b728ec6118aa5fa,25f8960ef2061a5701797030a882bfc0,delivered,2017-11-13 09:36:14,2017-11-14 04:26:37,2017-11-16 18:06:54,2017-11-23 19:21:10,2017-12-05,f65f2d54e8e6a91aa53cac37aa04a6cb,2017-11-13
d9832d7b61b00846e220960f82ab95fe,a22d6d0dae91320dc0949ce982c22897,delivered,2018-04-23 18:39:21,2018-04-24 19:25:25,2018-04-25 14:31:00,2018-05-03 11:03:55,2018-05-17,a85bae6cc86c3f49c610c406fb6eb0fe,2018-04-23
be79be86dd136655ce16f35875950995,ec8c1873e01d62c2b7392da046d525c9,delivered,2018-06-21 22:19:27,2018-06-21 22:38:24,2018-06-22 14:42:00,2018-06-27 17:08:44,2018-07-17,96c6b46b48f098925457796b7b709d6d,2018-06-21
2aff111da5413ddf7c6ab3717f366c06,2e3f6f2d9dff79e95f7e7d0d28e03d53,delivered,2018-03-31 13:49:02,2018-03-31 14:07:59,2018-04-02 21:21:20,2018-05-11 23:58:33,2018-04-27,015613e1b7c050cd2331d34076fce1c6,2018-03-31
c6c7f7e01022b968655479b3f81b20ad,40b04b3bf7ab6d7c73d5e68e7327e17f,delivered,2017-06-16 11:28:43,2017-06-16 11:43:11,2017-06-19 16:14:11,2017-06-27 13:32:10,2017-07-10,40663febf13039cfd595a421b083e91b,2017-06-16
bd5a6e9434ebae71399bef6eb45d85eb,f2c7fe9676875f9aee4dc2cc6c9f3df0,delivered,2017-10-21 10:02:31,2017-10-21 10:14:43,2017-10-23 16:39:27,2017-10-25 20:55:01,2017-11-09,9fc149726f894ff8ee1cedac94a46fbc,2017-10-21
7736401fe4311425d521c73b6d20cdf2,1267cfa88af2f0d77913219ed425a652,delivered,2017-12-06 15:02:19,2017-12-06 15:12:01,2017-12-12 20:14:14,2017-12-14 16:53:24,2017-12-22,60741c63d980004006b52fbbb132c1a3,2017-12-06
00c2335723b9b74668062e946dc66621,4930dfe106be258618f6907e8ce8795d,delivered,2017-12-31 01:31:16,2018-01-03 04:28:51,2018-01-03 18:05:49,2018-01-09 20:19:21,2018-01-29,e26c256b09efa85577c1c600cf1e9bea,2017-12-31
b8bc096276da825befb6af5ded96e9b5,48a1b54742262ac81d42d7f93f24c126,delivered,2017-12-04 17:59:38,2017-12-06 02:50:46,2017-12-06 18:23:30,2017-12-15 22:39:08,2017-12-27,0f797cf140655496bd557723ba28d46c,2017-12-04
1593ad9516af3ed6b4bfa1769d77f0b0,1f2cf3515947f2028f8ba89c02499760,delivered,2017-06-05 23:26:27,2017-06-05 23:35:18,2017-06-06 15:04:25,2017-06-19 18:52:48,2017-06-28,caf47ea65b43ffba9c588e109cc00016,2017-06-05
e14ca33656133486b155bc46e5b742c1,b5662c2ed415c039d62566365f368635,delivered,2017-06-12 16:31:45,2017-06-12 16:50:10,2017-06-13 09:33:46,2017-06-16 11:39:40,2017-06-26,dbba0e863ab58908c70ecffe98bdb522,2017-06-12
ebcefe69d0a823b45706b43bde0e0d77,e5a7f1cd5e6d13ce42e327920e0e065d,delivered,2017-06-07 20:28:13,2017-06-07 20:35:16,2017-06-09 09:27:57,2017-06-19 21:22:14,2017-07-17,a0e0770d529c5da6dd71d5be8620aa3b,2017-06-07
aeb5c78d2d8968b2a53ac5d6a554cdb4,3bdae7f94f5dcf2f6d395ddab50d3596,delivered,2018-01-18 17:50:20,2018-01-18 18:14:46,2018-01-24 23:38:07,2018-01-27 15:31:30,2018-02-02,29fc545bf16307efd8c6f46c5d1d81e2,2018-01-18
bd4e6b477357e3e0a953996ceff60c2f,42f6b3886f2e50b0f10bafb3ee84d8c8,delivered,2017-10-08 12:32:37,2017-10-08 12:49:16,2017-10-09 20:42:26,2017-10-16 18:37:51,2017-11-06,be9d82c888343a29697d1226ec72c603,2017-10-08
6689c518166b603faf8f0bc048fae5eb,33f3a825848a91ffae2d8be709630522,delivered,2018-03-21 10:26:40,2018-03-21 10:48:23,2018-03-26 13:41:40,2018-03-27 17:11:48,2018-04-03,929b6042786ad70d78ba9102286bc589,2018-03-21
3ba5d830ea579cb8687862a83f5b47df,c9b59d9585de0295c3137fb1af8929ca,delivered,2017-08-03 13:44:47,2017-08-04 02:23:52,2017-08-04 15:24:07,2017-08-11 20:36:22,2017-08-25,7b61100aad1487367e24e050bc73ea13,2017-08-03
3d67d1613ecb493299891b537b079f48,b73a5a6d0d5c5df177499c0a40ad18dc,delivered,2018-08-05 21:16:33,2018-08-07 04:44:44,2018-08-07 15:56:00,2018-08-10 22:26:25,2018-08-22,db6d0877331d6e6d9d0242f575141ed4,2018-08-05
34ce0ca85ae4e7d8cad0c61a10236321,eed993e8f243582c4f4609155e4dad75,delivered,2018-07-17 14:16:29,2018-07-17 14:30:21,2018-07-17 15:40:00,2018-07-23 11:56:25,2018-07-31,1e43268a3e70448a4006ed28057bb833,2018-07-17
f2991816555a193c68d97e39cbc85277,b03cb39ed9265b3b2c8d1f4c0a969f1a,delivered,2018-06-25 10:26:50,2018-06-25 10:53:33,2018-06-25 12:38:00,2018-06-30 14:34:01,2018-07-25,9c2b4886da97fed17ef1bbaee1ea2583,2018-06-25
68cf1c197f0444a28730011879182f7a,79ae30e29d8be7c88da3d742493b835d,delivered,2018-02-12 15:03:10,2018-02-12 15:15:21,2018-02-22 03:09:22,2018-04-05 00:22:14,2018-03-08,2403ebb49b70a5690aa8fb7d1df202db,2018-02-12
0b0b271dbd163df371ef9fa4ff573490,9ce368c03fe60e88669c7ad2788c623b,delivered,2017-08-01 07:33:41,2017-08-02 07:43:13,2017-08-02 18:07:29,2017-08-14 18:16:32,2017-09-01,09bf37b4ae44dab23f91908140db0d55,2017-08-01
7d28a5b95c769d0f8a58ce0c93671baa,392d4bf53b610ed3764b9fdd6a3bd63d,delivered,2018-02-14 00:33:34,2018-02-14 00:47:24,2018-02-14 22:45:17,2018-02-19 22:49:06,2018-03-12,1fb5d705be4f16c21d22e60490d450b1,2018-02-14
ecf04d68c5337972de2653e72f80790c,46eb0a46c1f4b94323047849aa20e7d6,delivered,2017-11-03 14:08:28,2017-11-03 14:26:36,2017-11-06 20:18:51,2017-11-07 11:58:56,2017-11-17,0b63b24d8169708a441e38f95f44f3ff,2017-11-03
2efe3d3b0ddc295d2ce1c43f021078cb,ffbd58aa41cbab07f08190801e939f59,delivered,2018-07-29 16:19:56,2018-08-01 16:31:29,2018-08-21 16:19:00,2018-08-23 15:22:46,2018-08-07,f74c8f68bd37ba2c2e6e0f5ed1918a46,2018-07-29
c256d21967285da68304dbc784bae3d4,99a0528411415aa6b0414709077f8ce8,delivered,2017-10-07 22:34:37,2017-10-07 22:49:12,2017-10-10 18:12:02,2017-10-18 15:44:16,2017-10-31,3c2536f9872f45542fdf0e02af426579,2017-10-07
21a4664de3039c3f5b8bc3701c87a1fe,2fc5d6605fdea45a8a6c16ffa8e9b28a,delivered,2018-08-10 05:34:56,2018-08-11 13:30:18,2018-08-13 15:11:00,2018-08-17 19:36:49,2018-08-23,8d552aa7be95696b63fcfe8168cb5bae,2018-08-10
9e5069596e2a296be44ec1e268bf823f,d5e893e9cb27ef066698e1a8c2134a84,delivered,2018-03-16 06:00:51,2018-03-17 05:55:20,2018-03-19 23:52:21,2018-03-21 17:10:59,2018-03-28,2676943ace67a69ce03bd7f03b022ec7,2018-03-16
5c6d4d0bd50fd99821e4005e6b9cfccd,aa8a684a5012b19225c1b2f623f0a414,delivered,2018-06-07 09:58:06,2018-06-07 10:15:03,2018-06-08 08:33:00,2018-06-16 20:58:48,2018-07-24,fe258b92dd1a1c61cb09bba0a9cb5f48,2018-06-07
219333770b2c6b51ea06298d29555097,3b6342919eeaddf03aa9628d762a57b0,delivered,2018-03-21 09:42:18,2018-03-21 09:50:39,2018-03-23 00:28:28,2018-03-24 17:46:32,2018-04-03,cbcb55529674b773f1976f05aa9110b0,2018-03-21
1570d01600292ee762e1d52f80ffffdf,412c3cae5d391915faf70d6058282982,delivered,2017-08-30 12:35:15,2017-08-31 02:44:57,2017-08-31 20:54:54,2017-09-18 21:41:55,2017-09-28,de557c3c8339624536af66ad9294720a,2017-08-30
5163b056ed27c054cb24f2c9c6802644,a1f740a3239b8d8f9b28c91d604ed833,delivered,2018-01-14 21:48:19,2018-01-14 21:59:19,2018-01-15 23:04:29,2018-01-16 19:57:21,2018-01-30,7ce7e9cb723763de6bb0ef21b5da28dc,2018-01-14
c3268641873c510f155cf452759b1ace,a9f64b8184ebe98ebb362683105befe4,delivered,2017-09-01 11:19:18,2017-09-02 02:55:57,2017-09-04 19:43:48,2017-09-11 18:03:02,2017-09-21,7f50c43baa66aae590aa1a067427cce5,2017-09-01
8d9bb53f1ee340156de88d6a3aa01344,a960ce8d18bec9e2d50a9b2a930515ff,delivered,2018-01-04 22:32:57,2018-01-04 22:48:14,2018-01-08 22:07:15,2018-01-19 21:08:50,2018-02-08,386afcd4a65f713fd2f292a7a9fc45ef,2018-01-04
9350d73de3cd100398a33f60fb84f46f,de6df770eafe17bbee77c0d639fd8878,delivered,2018-07-16 13:57:23,2018-07-16 14:10:54,2018-07-17 08:59:00,2018-07-24 03:11:59,2018-08-07,d504041b9392f58cf4c72f75b1585f9f,2018-07-16
e9d122ccd05f407b9a65aaae122a9add,c0f60cca1662df685545a69bfb900e96,delivered,2018-05-02 08:36:56,2018-05-04 03:35:17,2018-05-04 12:36:00,2018-05-11 20:15:05,2018-05-23,7e0aa7cd5c4b4ac07e4584d06ab533f5,2018-05-02
b3448645d567afb9a105a91748a9e2ab,9818568a35fbec2f8c573ad8d8f22ed6,delivered,2018-04-09 13:36:41,2018-04-09 13:51:35,2018-04-10 17:51:45,2018-04-23 17:04:46,2018-05-03,13d20dc2341a564404ab1c6bca9dc728,2018-04-09
d28e453f6e9b4d972a755ee769b9835b,fa32c1473ae2c3cfaa1ce469ef60173c,delivered,2017-12-01 09:06:21,2017-12-02 02:38:33,2017-12-04 21:23:03,2017-12-05 19:51:58,2017-12-19,384d030cbc406cbce07e8427aa07b88a,2017-12-01
3e22545eb8e4b43efed7c34d5a8be84c,8770f1c3c7f74179623f3e8bec71ae4b,delivered,2017-12-23 12:09:23,2017-12-23 12:29:00,2017-12-26 21:58:57,2017-12-29 21:12:45,2018-01-15,881f2cd9fd589a2d3e84ccb6a1aa08b7,2017-12-23
98e54035aaf4e7a4b0464f9e6066febf,200dbc21662c7e23195ecdeaf7c8cce3,delivered,2018-06-19 17:24:15,2018-06-19 17:45:45,2018-06-20 08:47:00,2018-07-05 15:11:58,2018-07-23,12869eae016893325456717ed2b57427,2018-06-19
8d31389fe53e1e3d5a914946f5549e7d,d747bc7445e6f8c4de1bb9a4df39191c,delivered,2017-09-22 17:32:46,2017-09-22 17:44:18,2017-09-25 17:12:13,2017-10-04 13:14:08,2017-10-17,9ec6f83a75c8838cfd3916035452c2cd,2017-09-22
9eba9434978d97be47b0b7d006004669,936371261887bd18efd7f8429efcb4da,delivered,2017-11-13 22:36:44,2017-11-13 23:20:23,2017-11-21 19:58:34,2017-12-05 10:50:53,2017-12-18,937d10a2d38126da018cb664c17bbdc0,2017-11-13
beeff7037aa708c19973290382629a4c,ae110dc6d8fbfd770a279c10fdb11356,delivered,2017-01-26 18:54:48,2017-01-26 19:05:17,2017-01-27 08:03:19,2017-03-11 08:57:39,2017-02-20,59d70280e586b9af0a548f9e0fe68cae,2017-01-26
4adbbb43be305843794e05fc4265f143,b3939a2720fe35ff521a811a8fd10dda,delivered,2017-11-23 10:26:08,2017-11-25 06:31:50,2017-12-11 17:14:43,2018-01-07 12:39:01,2018-01-03,db777435b3f78e1e30b7e70984742a83,2017-11-23
d475435c334bbda632af299cf41813d8,60147e1fdd1258097f8cf4adb47a7e0a,delivered,2018-04-20 11:25:54,2018-04-20 11:35:18,2018-04-20 20:36:42,2018-04-23 18:03:36,2018-04-30,1c1e2afbd2bdff900b9fdd410359ca83,2018-04-20
e272bce1552fb7974a974716274cac12,772eb956145cd3fd50c2dc2db6cf0e7d,delivered,2018-06-17 14:17:02,2018-06-17 14:32:13,2018-06-18 14:42:00,2018-06-25 20:42:14,2018-07-20,a20e31007dda7d55afa58f6e3ca81173,2018-06-17
a6a55e24963a7ded7aa4b38b8c199565,727e8847b1b800ad905831eebac62ba6,delivered,2018-08-14 10:17:48,2018-08-15 03:10:47,2018-08-15 15:27:00,2018-08-17 14:38:36,2018-08-20,afd0fca67b5d1b8c632c26fd642999c2,2018-08-14
2a6b1e93c109dcee771903291093117e,d1aa5ebfc5c16caf331b1f4a1788b998,delivered,2017-12-04 13:36:09,2017-12-04 17:14:40,2017-12-12 23:13:42,2017-12-14 19:34:01,2017-12-20,440678e8d565a7d5ddf192711617cf50,2017-12-04
168c0ece9e82b97455bf1a81502af9de,0f342c136ff07f922e5ee9e337096255,delivered,2017-09-28 10:18:49,2017-09-28 10:28:22,2017-10-02 18:53:14,2017-10-13 18:04:45,2017-10-23,dc16e2d988a21149fb0bc53c7ae101dc,2017-09-28
9d27b66cd7dfe58587bd778c83c4d5a1,400534a4b8b95df133cd2ed3ffefb55b,delivered,2017-11-07 09:47:02,2017-11-07 09:55:32,2017-11-10 22:24:48,2017-11-25 11:59:03,2017-12-04,637ce5e0131db1f083a9996a8dfc3b2b,2017-11-07
846c941773da09ad50f2bb47aae3981d,ff44ec08cbec7536134c279fc52ae437,delivered,2018-08-13 16:47:18,2018-08-13 17:04:42,2018-08-14 10:22:00,2018-08-21 01:11:45,2018-09-11,8c4840f05ac6595c7b26b76945a69bde,2018-08-13
b7aa6fd1a55a501926e5f7253617ac90,c9df84b7369a42175e42396e13728b7b,delivered,2017-07-18 19:16:14,2017-07-18 19:25:13,2017-07-24 20:46:04,2017-09-20 17:43:20,2017-08-09,3f6989456b86f1b529e6ac63af2f1780,2017-07-18
d1b62a5d2ca100631325506820830ec2,32974f63927c5eb768ff83afae6e924e,delivered,2017-06-11 13:31:44,2017-06-11 13:42:33,2017-06-12 16:12:48,2017-07-27 18:37:35,2017-07-05,f807c9bf24fe64e85ae4280df508f016,2017-06-11
e899327a5964f4d29698667a231e6b9d,ea43055530bdd269cde6c488c8c31844,delivered,2017-11-27 10:46:31,2017-11-29 10:59:58,2017-12-01 18:38:49,2017-12-11 20:19:29,2017-12-27,3d90370e0fc43de068cdcb65400281bb,2017-11-27
59ad2910ac1515ca2b7aee1754686306,5bc60d44810934427ba9965878717888,delivered,2018-02-01 14:30:14,2018-02-01 14:53:15,2018-02-07 17:47:46,2018-02-14 21:41:46,2018-02-19,3e3f84de0e6b6590c0a535d34281a222,2018-02-01
03a4aaab0b783a1be23b30e360c067d4,c3490dcedf42cc4adaed83f6360bfa1b,delivered,2017-11-08 19:03:48,2017-11-08 19:30:50,2017-11-09 18:32:14,2017-11-27 21:23:40,2017-12-01,381865bb5f82d4d601fa3026a283b47e,2017-11-08
a74cb53f1dfb60049bbdb2863f793575,0267014fb8a135227a57b7eb87cdbc99,delivered,2017-06-30 20:34:48,2017-06-30 20:45:16,2017-07-04 18:21:35,2017-07-10 18:12:02,2017-07-24,325e1a16d6f6a7182db58f1e7e7e36a0,2017-06-30
8333a97ebae7fc470923e0ab9e9f0737,201cd19b6a0ea97a649c6e1bc3d29de4,delivered,2018-07-05 17:52:09,2018-07-07 04:50:15,2018-07-10 14:54:00,2018-07-13 18:52:28,2018-07-25,c21c6503006bd2b7a395603b502eaabd,2018-07-05
d598cf8c9a25d482dcf98cadd21713e3,f8acc8de4fad06eb697f8f46bde183aa,delivered,2018-06-29 14:49:56,2018-06-29 15:11:13,2018-07-02 14:15:00,2018-07-06 17:48:43,2018-07-20,f21b165d1f860abc928672b05cd46c91,2018-06-29
d9a4f0796fafbfe369d8156189581cef,0f8fecafd09b11360afb11f83bd0afbe,delivered,2018-01-27 13:46:31,2018-01-27 13:56:43,2018-01-31 17:07:42,2018-02-09 17:46:48,2018-02-21,8f06e4e06ee6805f1b7ec21c78a2fbe8,2018-01-27
5658e0c28f9e67db30ba9ec22888600e,2fcb7134817794819a8fe5e29c80fb9e,delivered,2018-06-03 17:58:07,2018-06-03 18:10:47,2018-06-04 13:30:00,2018-06-12 00:06:27,2018-07-05,da4aab0d8d3e91a21cb28a1cdd79c6ac,2018-06-03
556aa092c68a19aa8aef519574539444,6d0e9627b2c860cd1687fc903c29c6bd,delivered,2017-08-14 12:42:23,2017-08-14 13:35:18,2017-08-25 16:20:34,2017-09-11 22:32:46,2017-09-27,f05f7e19011117620793abe23ef771f8,2017-08-14
b94ec498d12b1b61eabc996408439437,9fe0edb5af0028fda2658837ac21f863,delivered,2018-03-06 12:07:08,2018-03-08 02:16:01,2018-03-08 18:23:43,2018-04-03 17:12:19,2018-03-26,8316e5a70ada5d9e134b6cef236e9785,2018-03-06
7bb2d2306ca23ac6bfa201aec8a5b2d0,0683b8e9246bd0ccbb16775291a66147,delivered,2018-04-27 19:49:50,2018-04-27 20:10:48,2018-04-30 08:22:00,2018-05-09 15:34:39,2018-05-24,8106dda85e61ac65b597178f5eb9ee99,2018-04-27
5ca72127d08b3d3f738b04a1bf46b5e0,d508985b37a06e28c58fc87836215f4e,delivered,2018-03-17 16:57:38,2018-03-20 03:48:32,2018-03-22 21:24:41,2018-03-27 20:54:52,2018-04-10,26bd7ff72019d963bdbc6c092f81d3ee,2018-03-17
0b3d6a3ba1e60a466b54775dcff1bf7d,44dbbaf8b67c55bf72d394075577e557,delivered,2018-08-15 19:30:07,2018-08-16 04:35:16,2018-08-17 13:44:00,2018-08-27 16:55:37,2018-08-31,07ab2190902a80d0bf0bbb898eac76ca,2018-08-15
40c557817a4ef8b8ca3481447849539d,3c296b3dc1d4b9cefdc9bc53a4f847e7,delivered,2018-08-05 19:58:59,2018-08-05 20:10:16,2018-08-06 14:53:00,2018-08-13 20:18:55,2018-09-12,d8dcaefe3b2031d4b970c48d869b9db1,2018-08-05
abb3b065b8888558edf20e815f816662,d88f8c26c57542970a3db88923164c9c,delivered,2017-12-15 12:15:53,2017-12-17 12:10:18,2017-12-20 13:42:23,2018-01-16 15:46:53,2018-01-10,141b3509663d0e6c8735da7d62fcfe16,2017-12-15
4aebd0c56cd8ca001a245fef3279e6bd,0e5766a0640b2eb2b6523fad91b5fc20,delivered,2018-03-18 20:27:58,2018-03-18 20:47:52,2018-03-19 19:22:12,2018-04-05 21:40:54,2018-04-13,b606046e44494e87d5ed00653969f814,2018-03-18
dbdd61ba78716573541e1374b79ff741,f5215fbbc26bdb06f3474d90991abd26,delivered,2017-05-15 10:21:07,2017-05-15 10:35:15,2017-05-17 09:23:57,2017-05-22 09:27:37,2017-06-02,23f44561d91345eda4c4649296b9d357,2017-05-15
c19888f4be068d830e6b0abd63941019,0e6d71c318c163df0f0436331ad7b4f5,delivered,2018-04-07 21:28:22,2018-04-07 21:35:18,2018-04-10 16:19:25,2018-04-24 13:37:39,2018-05-07,299ac083d1d815e83d8e73e15c50ba7f,2018-04-07
1a5eb6a556b01596eb34c82baa91e160,8fea62092a2a7d718fc9db1740bae34a,delivered,2018-06-22 08:24:36,2018-06-22 08:35:37,2018-06-26 13:53:00,2018-07-03 19:17:50,2018-07-18,44c43eb1ac6b18e140183998c01faaf9,2018-06-22
d30cd4d738037d90f4ff23fd3805d278,80cac977e2c0f7c86d46ba03d8a6ccce,delivered,2018-03-19 13:06:41,2018-03-19 13:55:47,2018-03-22 20:42:02,2018-04-02 21:24:44,2018-04-09,8e102dec62f95d1f442e0d12d48505e9,2018-03-19
a218ea1ed05e2375702ed63c94625b06,353c11a0ff60ff890ac462745af8ec4b,delivered,2017-08-30 22:42:23,2017-08-30 22:55:15,2017-09-01 19:41:18,2017-09-08 19:57:51,2017-09-20,307a698decf7d9581de9ef9271f1f874,2017-08-30
6d5774791f826a27e8e5521a9b816ba2,347571ef4eb58a43834a327e2e318ff8,delivered,2017-11-12 09:52:32,2017-11-12 10:10:34,2017-11-13 19:16:57,2017-11-21 18:51:30,2017-12-07,1dfbdc636de09adbcdbc3d34e15084f3,2017-11-12
f04ae1f604432b5ac75c8a2a2e42b548,1dfda6ce0678db7db39fd97a27aafcba,delivered,2017-11-15 18:25:57,2017-11-17 04:26:10,2017-11-18 01:08:37,2017-11-23 21:26:53,2017-12-06,cddb840d315af8cc1626cec0ad4b3f38,2017-11-15
9117cb1453a713abe416e4bc1503b2e0,643f071fc2faf5d0725c69b733da69c7,delivered,2017-07-25 13:19:46,2017-07-25 13:30:17,2017-07-27 17:57:56,2017-08-01 19:04:35,2017-08-15,f27f9409ad0e2b0e4c17213638ef0379,2017-07-25
ae8e71cc131340d44221ce1ad4a31867,b21da898daa207545ab06e59254b57ed,delivered,2018-02-21 19:52:58,2018-02-21 20:09:31,2018-02-22 19:25:13,2018-03-11 17:26:43,2018-03-13,cd003ae587a7681e41d5fe9e6fccaa74,2018-02-21
431972e171f9b767542aa3accd8024b6,e7a0f485bcf6d7a609621d5cb5adab3e,delivered,2018-05-16 18:59:48,2018-05-16 19:15:30,2018-05-17 13:40:00,2018-05-23 18:33:14,2018-06-01,3a800c5ad58bea31bff74a3c0a958e74,2018-05-16
f863e4bc27681b1a4ed0bc88b1933fbb,75801665be2ec6a40a121d7421b64538,delivered,2018-05-18 15:16:48,2018-05-18 15:37:26,2018-05-24 14:13:00,2018-05-25 14:58:41,2018-06-04,56896fcb8d33d2daf66e7163869d4d06,2018-05-18
f2614c602a0621707ca12e9a6cf3b112,3a10ca9fdb3b43cecc4b8e24f9759e20,delivered,2018-06-15 16:59:15,2018-06-15 17:26:10,2018-06-18 15:13:00,2018-06-27 19:08:23,2018-07-16,87c8862d8281c68f56ca235fd93fd0a9,2018-06-15
93d336256cb2fc7b61c9030d24d0f031,b115d8f301378d8b3942697d6c134fc3,delivered,2018-08-16 08:19:16,2018-08-16 08:35:15,2018-08-16 10:17:00,2018-08-24 18:46:50,2018-09-13,d9c71c881802a7ac4d34619f175e68ce,2018-08-16
bfb93a40493d78431b48eb034963a204,7e676892103137d0db01d39f0788f6c9,delivered,2018-04-28 17:01:03,2018-04-28 17:15:13,2018-04-30 15:09:00,2018-05-07 15:32:39,2018-05-24,2d2ec6a0e67ef647ec215a9b5b285df0,2018-04-28
16d5fdc844fab7f0554c804c1f10a8aa,f33f9f2a36cac5e766d02a234f97dc28,delivered,2018-04-07 19:32:15,2018-04-07 19:48:08,2018-04-09 20:08:46,2018-04-18 20:50:52,2018-04-30,d4e5ada242c876e58b2dbbcfaa80d977,2018-04-07
f39bc55dec24e38807885e2edef78fb5,08cbfb49c8d3d736ceb0dce51d5ba3df,delivered,2018-01-09 22:36:14,2018-01-10 22:31:31,2018-01-11 14:49:24,2018-01-22 17:46:26,2018-02-02,55b3988226b46467f2198fcb33d4bf1b,2018-01-09
79fc134b916a8831d03be5a38144e016,c05d99db2bfa8952fe2a0a378799f4e4,delivered,2017-10-03 10:12:01,2017-10-03 10:24:04,2017-10-04 15:28:04,2017-10-06 20:33:23,2017-10-26,1d97aa6db07321e87420b6e6ec830b5c,2017-10-03
0dadb750778faa5d3a1d6d69a37dc8d6,02c96d7ba83b08b9c83b1e956f2e8605,delivered,2018-03-18 18:21:54,2018-03-18 18:35:33,2018-03-20 21:42:04,2018-04-08 19:19:14,2018-04-13,9d7dd3da22e28d7941a5c82bc3ce25bd,2018-03-18
363f361d96879a18985ac3928c978159,03a3fed0e96dca44d3d9614a4c83103a,delivered,2018-05-30 21:52:34,2018-05-30 22:15:15,2018-06-05 12:31:00,2018-06-15 15:14:53,2018-07-11,b8501ab406e9ba0faf8298eccd8a4f14,2018-05-30
a85e65592a96f5d5b11c5f77b9cae342,6419daa620ebb5a4d4f273524c190bfb,delivered,2018-01-15 15:59:15,2018-01-16 03:51:10,2018-01-17 17:13:17,2018-01-25 23:05:45,2018-02-16,b9137cac4c1f714b3cfe949ba5d2f395,2018-01-15
33862e8df33c7f4ce5d1c0142de3cf0e,1327ce0ab1e8ef67113da7aa01967f7b,delivered,2017-11-30 18:21:00,2017-11-30 18:38:08,2017-12-01 21:38:54,2017-12-05 20:57:05,2017-12-18,642f4248015621c7d5274ec7be8c3d0a,2017-11-30
5f828ec3917806a1b1ca5c9008703f26,ccb458d4532723d02a5229c1b93cf98d,delivered,2018-04-08 17:03:29,2018-04-08 17:15:21,2018-04-09 22:27:27,2018-04-24 14:18:33,2018-05-10,90dd4309d4aef42dc9d673b780a07c5b,2018-04-08
de10731f0b37b49c3359218ea1062b36,d7be71f70e3dabb85b4c1e14d1f56da1,delivered,2017-09-07 12:21:38,2017-09-07 12:35:15,2017-09-11 12:23:55,2017-09-15 17:13:20,2017-10-04,e953a3ccba6c28d88457c24ea028a7b9,2017-09-07
49b9d8e434684c2ee92f901ead7f74a6,5dda54926f7541e013b25006ffcec38b,delivered,2018-03-26 13:49:24,2018-03-28 02:47:35,2018-03-29 19:38:35,2018-04-20 13:52:08,2018-04-23,c942b10193b64981fe134678ee1eb2a1,2018-03-26
feebdd36c3e19b95f31008e3e62dc32e,7c98c68d6cc9df555079f55937b795ef,delivered,2018-04-17 13:22:44,2018-04-17 13:35:10,2018-04-17 22:19:37,2018-04-25 14:22:19,2018-05-07,3b64be5960c5390421d0768b629e50fa,2018-04-17
628ccc2ae8281f79434840fcfa0988c5,953ebd6ab471247db179d5def0cfce0f,delivered,2017-07-30 22:32:19,2017-07-31 21:45:09,2017-08-01 18:27:25,2017-08-02 15:57:38,2017-08-11,52dc6f0e9eb33cfcbaf3a219b463b68a,2017-07-30
9b4f84a4215a234a6e69b47e77183d4e,982f89f0ccbea2fd3ca4c8edc3599efa,delivered,2017-12-14 09:47:41,2017-12-14 09:55:23,2017-12-15 17:31:46,2017-12-19 20:17:13,2018-01-09,278421cd02bbd7983fcc0248cd278e7d,2017-12-14
1eea3e040d4f470f07e0082d69552ca3,301fcf518e1c483121a5242df2cf3ac0,delivered,2018-07-18 12:16:33,2018-07-18 12:30:25,2018-07-19 11:49:00,2018-07-25 13:32:05,2018-08-09,4dff377f7751509006667e9442834513,2018-07-18
5750176b86face010c6348ba78fb4a99,45b9b49e3c8a0a8f557fc0363bd5dbb7,delivered,2018-07-24 20:16:14,2018-07-24 20:30:12,2018-08-07 14:04:00,2018-08-15 00:51:34,2018-08-29,3c9c494fa1a6a69d05d632d8247cf684,2018-07-24
c382bc663697a414b9a3faff434cc7ea,402ce35885ebcd380280bc413ee77cab,delivered,2017-05-25 00:12:50,2017-05-25 01:10:21,2017-06-05 15:56:24,2017-06-14 17:13:59,2017-06-27,99f4a5e5607f9c97c6ecd4270bec3685,2017-05-25
8f0f2b5c0d348422cfa6d10e61304779,9fbe3fb7115be42fe9153ec901bb6386,delivered,2017-10-19 09:38:37,2017-10-19 09:49:26,2017-10-20 19:37:07,2017-11-06 17:28:53,2017-11-10,8c864d33dde0bc9b6a22217b8e754876,2017-10-19
0136bcc7370d7fdf44bd916a6dd583c6,55be5653a69f4551dae9951e54acf572,delivered,2018-05-20 19:31:30,2018-05-20 19:50:36,2018-05-21 15:58:00,2018-06-06 18:53:26,2018-06-05,0921f17ea370fa9de5ff832bf9cad923,2018-05-20
fbe0c9de23b755ebf9b74e6954f927a8,0fb42783dd10e44d286b79c1e10b1bf8,delivered,2017-09-20 15:48:41,2017-09-20 16:04:25,2017-09-27 18:13:45,2017-10-03 16:30:00,2017-10-17,42a9d0fbd357ef5071fe1bc635f0e0b3,2017-09-20
fb49153a4f9a8b019b1a7a058ba8f3e7,dd14869d16243404d0aec5b90e588634,delivered,2018-07-18 13:55:04,2018-07-19 03:02:25,2018-07-19 13:56:00,2018-07-23 22:12:13,2018-08-02,14967f4bec96864de5c5e2ce63b80bc2,2018-07-18
e9da0d015d8dbc78a000c0b78cc87728,043c9f38c68b4ec1c37c6145a2aa6257,delivered,2018-08-19 18:26:18,2018-08-20 12:50:48,2018-08-21 14:50:00,2018-08-25 01:51:31,2018-09-04,76dbd05cdab2c1e8f6db5de719eb2838,2018-08-19
2a6f4c120a863a097e15830fd31b820a,c0910639cf0520620cb6287133b1cdd0,delivered,2018-01-08 15:58:20,2018-01-08 16:09:03,2018-01-09 16:25:57,2018-01-18 23:48:39,2018-02-01,4ab911d3a5fa3a87c7e60a54b5e3be8c,2018-01-08
91e37208355ef2b54b5d8217ed81f365,4cff4ccf3368309cf771eecd63eed6da,delivered,2018-03-27 10:10:46,2018-03-28 02:47:56,2018-03-29 11:36:59,2018-04-16 12:58:45,2018-04-23,0549d7b9494ed2ddff7ff9dee3cf3f5c,2018-03-27
afc68d1f35e9dfe8220c9b9e27647065,2ba9c20cc3cd864fa7c903f2fdb9333a,delivered,2018-07-16 16:05:34,2018-07-16 16:20:25,2018-07-18 14:30:00,2018-07-26 14:59:40,2018-08-01,aa8c13a2ef25d721f7a0ac95fdfacdf2,2018-07-16
4c2c1ba64cf96059fe8443c06557c0e1,7cee5343384a8cc476c390eada3ecbca,delivered,2018-08-10 17:13:19,2018-08-14 04:30:17,2018-08-14 15:08:00,2018-08-21 15:04:55,2018-08-28,37bf045929bf4c8e2f73deaf9432e9fe,2018-08-10
7d6f574ef80a9512a94e21c400a261c2,6595555757769578104e78b44f7749cc,delivered,2017-04-26 21:57:03,2017-04-26 22:10:14,2017-04-27 14:05:57,2017-05-08 10:17:43,2017-05-29,bddd00ab342243f2609f0ec54bf9135f,2017-04-26
ef3786e4b943b9f011be07df94558161,c15f1cb865e06aa248fdd865c6052ed2,delivered,2018-08-17 23:14:48,2018-08-21 22:35:22,2018-08-22 13:47:00,2018-08-25 13:32:09,2018-08-29,2e71aeb27847c057da198ea6f45dbddc,2018-08-17
debae70295ed78cb6084b1f999e60724,fe756f52f769ec6db51cb6900bc4ffff,invoiced,2017-11-17 10:24:45,2017-11-17 10:46:55,,,2017-12-07,76473f9d8524dc37fa64ee59ba7835e1,2017-11-17
619bf7daba885f1738bdd8653eacef3a,8c578994558c7dfaabf1cc2f868d98d4,delivered,2018-05-15 10:55:47,2018-05-15 11:31:34,2018-05-17 08:20:00,2018-05-29 23:32:52,2018-06-04,3e76ae76da1581b80aad9d356b84e716,2018-05-15
8125fe0b0c7e59423a24402d9cb3ad85,3efbb8a90cadcbf9478251c837c4004e,delivered,2018-01-24 00:17:09,2018-01-24 00:34:52,2018-01-24 23:32:35,2018-02-28 12:55:19,2018-02-21,bd359d51b8f97c756258b3925a29cec7,2018-01-24
26c9592d7817db41a41b0fd3e65219f3,c20e655b0eae926e5d247a75d2b694cc,delivered,2018-03-01 10:07:17,2018-03-01 10:32:45,2018-03-09 20:28:55,2018-03-21 22:21:49,2018-03-27,41a9daca7858f956834bd2254e46d90d,2018-03-01
dc5e1551b7d2ac86019146035302062e,bec4e5faf561fe6b4be44218d1cfd1c6,delivered,2018-04-25 07:49:06,2018-04-26 08:10:11,2018-04-26 14:52:00,2018-05-02 18:12:15,2018-05-10,6df616876ef2151ab4a9d2e7f0632c1c,2018-04-25
05248f2049e2194bcb2108983868308f,aa606152f23a5fa9ba3d0b87f7a492e8,delivered,2018-01-16 23:18:27,2018-01-16 23:29:44,2018-01-17 20:26:28,2018-01-29 18:58:35,2018-02-20,5387dd688b5728d24ab1f6cf69aea40f,2018-01-16
834550696228970ef03d30419db216e1,3dfd82e8fc35846baa2c0e66da1d9ce1,unavailable,2017-10-29 19:19:56,2017-11-01 00:15:44,,,2017-12-04,b2e6e695e5c4bf58f8972e65205c8e1a,2017-10-29
578de5ff4a91901a3b0150e8b152723a,3f60c0431efb6a417a1d84b7e5d89cb7,delivered,2017-04-24 11:40:39,2017-04-24 11:50:18,2017-04-27 15:07:56,2017-05-17 17:50:18,2017-05-15,2cd6d0ba0f6c9ead32f0f573d290b7ce,2017-04-24
6fa7d36563cbf9341f8fa1de7bc9bf2b,8cb1a667f5abb6146abc2c5f953ba3b9,delivered,2018-01-26 18:17:30,2018-01-26 18:39:20,2018-01-29 17:18:37,2018-02-07 17:53:15,2018-03-02,b61faf9cedb463281c3bbaf109b84235,2018-01-26
20887fa4e0df7ed8c8d252ec5e9d4551,1f2cfb50a08d37a4fabd78c80c5d1712,delivered,2018-06-25 16:37:45,2018-06-25 16:55:28,2018-06-27 11:10:00,2018-06-29 20:51:58,2018-07-20,a9b6d80e254b0f93b70290ab21447f03,2018-06-25
95c8b1ac4c3ea101526fad88a579bc7e,fe70feea4718a03b99e3af5c9015d88b,delivered,2018-01-31 18:01:55,2018-02-01 02:35:44,2018-02-06 00:41:44,2018-02-28 11:59:15,2018-03-01,d83abb2486408d85ea107e1f84f26018,2018-01-31
b1c47af65ac03344fe07e4e74245c300,6dca55c3c097a85c54cd691376901bac,delivered,2017-05-03 13:39:40,2017-05-03 14:02:44,2017-05-10 12:46:10,2017-05-16 10:39:51,2017-05-26,55259a97665208d40d62b5a26f9f0915,2017-05-03
b50cb79254a7760812a9607d3ea0d6da,2cc91977d680db4ea4fb9cbb65c010d1,delivered,2017-11-28 15:41:37,2017-11-29 02:16:44,2017-11-29 23:31:55,2017-12-01 18:08:58,2017-12-18,94deae75cb47055913e235f233f95f29,2017-11-28
51f35f39bf5cf70713cb1354b2616e07,170b45af48b6abcfa4e0bede1e10a78a,delivered,2018-07-25 15:30:08,2018-07-26 15:25:06,2018-07-27 14:35:00,2018-08-01 18:48:52,2018-08-13,53448444dde1ffd4734e3c65fc5f5374,2018-07-25
3e940e5beb328b427d180e7e8165bafb,a803de503dbf3083e026f2ea839a29d2,delivered,2018-03-29 20:50:36,2018-03-29 21:10:09,2018-04-04 18:41:49,2018-04-09 17:56:23,2018-04-11,7f7b286e0cb02af212521ae33d112ac8,2018-03-29
95329bc75845ea5b52290fba0e025e0f,d509ded18095d94c5b7c49db99694dc1,delivered,2018-08-05 23:06:41,2018-08-05 23:24:14,2018-08-07 15:59:00,2018-08-10 21:50:47,2018-09-05,9d9eb11f6090ecec7860e9ddfc22dc10,2018-08-05
873e00f0d09131c528f460aab0f488fb,08418b48e867cdb13eebbbc53c664e60,delivered,2018-05-09 20:19:12,2018-05-09 20:32:54,2018-05-12 08:14:00,2018-05-17 21:23:32,2018-06-01,e2e772ea70e91b4dd107cf7e8840b07f,2018-05-09
bfb8512783ccd2271d2e96d3b856bf2b,4ee7fc32553f4f1cda85112b9a2719e3,invoiced,2017-09-16 12:37:51,2017-09-16 12:45:16,,,2017-10-06,58c1b085b54c03a1f1ab5f13d64c2b1c,2017-09-16
631aac58d5fdf563c8a1439a6a551d5e,d4a4bc52d41f89e12104f482ed6b6e52,delivered,2018-05-01 21:06:39,2018-05-01 21:15:25,2018-05-04 14:17:00,2018-05-08 18:04:59,2018-05-22,1703f96b2bf04524c4d90e132deac47a,2018-05-01
06f5f6139b33f53defc64643f1252d53,cbdced3b7732432c679e661c4bcb77e4,delivered,2017-01-17 14:50:19,2017-01-17 15:02:24,2017-01-20 14:14:14,2017-01-30 14:36:28,2017-02-27,051cb410e248720e71b4ef51ff5044db,2017-01-17
186efcd656d8ac4332156f594df02572,78d601a14d29913633ba202e053d69b4,delivered,2017-08-03 20:12:38,2017-08-03 22:32:55,2017-08-08 17:30:00,2017-08-15 21:41:27,2017-08-25,77e2417ab5380ffb014649fdda99f318,2017-08-03
1af8d93c6e62a97baeb370a572abe758,d82eb09949dcb81a38a4b87cb80d45e7,delivered,2017-12-01 03:16:52,2017-12-02 02:38:31,2017-12-04 16:41:43,2017-12-11 18:54:47,2017-12-29,4c83ee458fa2f463b069ecce3d74fb1e,2017-12-01
24950e3fcd92f8ec85a91644c7252eb9,24c09a96dc7e7016bcf50e5de09bc6bf,delivered,2018-04-24 19:49:20,2018-04-24 20:10:28,2018-04-25 15:33:00,2018-05-02 20:26:48,2018-05-21,084be429c23e342acf5084ac6156d22e,2018-04-24
4ddb370d653e752b4440027fec64e3e7,d59bd53c5bebdf76720c302e3eaa63e4,delivered,2018-07-25 15:18:23,2018-07-25 15:30:11,2018-07-25 15:45:00,2018-07-30 14:38:49,2018-08-13,255e8fb13698098da785abb2e130732b,2018-07-25
2d141367a3c00a99a25764eced13ef4e,328f2c3c58fd1fdec27745a5b6aeac1c,delivered,2018-08-06 12:26:13,2018-08-06 12:44:50,2018-08-06 14:45:00,2018-08-07 21:27:02,2018-08-13,01b42ac9d3801e6edf67f7a95f04a838,2018-08-06
18d4a70e332d1cba03d4bc1530aa3df3,8616224a68e368b807b4b4256568a570,delivered,2017-03-03 13:31:50,2017-03-04 02:25:21,2017-03-10 11:16:15,2017-03-15 14:03:28,2017-03-22,ddb034b4dc38c230137ad61b4a119045,2017-03-03
70f739039934d54a3b7960fe6252f320,67d13dccfa4231c8a721b95ce247551f,delivered,2017-06-24 12:49:13,2017-06-27 03:43:18,2017-06-27 14:51:36,2017-06-29 17:11:26,2017-07-14,2774150e9936d809c868608c41cf5ba7,2017-06-24
c31af7b37cf89bd6d945fcc664937338,3a74bb190e1cae0a43c2d2ed531b5682,delivered,2017-05-18 09:21:41,2017-05-18 09:35:11,2017-05-18 14:33:37,2017-05-22 17:07:44,2017-06-09,c4314bfbfa6e8b24033c3f8f64d426b1,2017-05-18
0af93579d0c0b252568071928b2ad465,66236922649bc2679538f344caf5a5c0,delivered,2017-11-24 13:14:40,2017-11-25 05:35:35,2017-11-27 22:49:46,2017-12-06 22:04:33,2017-12-14,75ff1faa97496bb040e08bc1420debe3,2017-11-24
fe5f4fa1c18761b398e46c402c067ddf,db9b3394e343021e21811558f617b81b,delivered,2018-06-06 08:07:13,2018-06-06 08:30:17,2018-06-06 12:37:00,2018-07-06 15:51:24,2018-07-04,b13e32b6e05b17aef733da15ea4e034a,2018-06-06
30eb68f1adec947261593a874308f991,ad989815eab33d5113ab5bee7f13d72b,delivered,2017-10-09 22:57:09,2017-10-09 23:14:19,2017-10-16 19:17:46,2017-11-01 21:21:24,2017-11-01,ccd33372e4b64689c64e1b37550f6666,2017-10-09
63d38b040204b98309d72e69123de250,5f76c3d42d2be19133cbeb10a8dc9c30,delivered,2018-03-16 11:28:39,2018-03-17 02:45:36,2018-03-19 22:22:29,2018-04-19 19:28:27,2018-04-11,3786ff0b21de0d624d9897bd32e46607,2018-03-16
f7a1c7b797e20c75f2e3dcec7ff17d22,25487abdc670ca746db1aedd61d7df96,delivered,2018-08-14 10:05:26,2018-08-14 10:24:40,2018-08-14 11:17:00,2018-08-17 22:38:53,2018-08-31,659087cf3e6aa5354adbd6d6033956e5,2018-08-14
cdbe57b33f10dd54db2421744ab4a045,935448b17a181ad9f8eb610ec42a8962,delivered,2017-07-29 01:22:09,2017-07-29 01:30:13,2017-08-02 16:09:49,2017-09-09 01:38:29,2017-08-30,394391ce4d5b417327cad7641c061d07,2017-07-29
6f0a798b4aff8cc383e1dcafa67f857f,938d6edb57b6ba2e71a1fad51d1d242d,delivered,2018-03-19 22:45:32,2018-03-19 22:55:33,2018-03-20 17:44:42,2018-04-02 12:06:59,2018-04-06,876bf8c186da54edf439c9037a5760c9,2018-03-19
0f6f05d4fb3a94f1cf6cca2700c259d3,c44291dd4ff2bf256eb1327a1872fa14,delivered,2018-04-22 21:26:48,2018-04-24 18:39:29,2018-04-24 00:03:30,2018-05-14 18:56:47,2018-05-22,66f61ee7e79db4444c7d00a9c5783a04,2018-04-22
47bd07d647eeb63f437e58a1ee3b3733,f2994d32f55503a1bc57258f3d9ecdf6,delivered,2018-07-08 07:51:54,2018-07-08 08:05:39,2018-07-10 15:40:00,2018-08-03 15:47:47,2018-08-08,e0239a35ff7f833fbb19ab7b4bd7ab54,2018-07-08
c5009ef153ccebb4f2dfd12660198737,576559b61237a8086828a22482251079,delivered,2018-05-22 12:46:12,2018-05-23 02:15:28,2018-05-23 09:50:00,2018-06-01 18:02:25,2018-06-06,a6d6dab6de8299bb568680147535cafd,2018-05-22
7553daebc4e13baf328211dddc66a648,64d99599cc1d1f57464005743528b8d6,delivered,2017-03-09 10:13:49,2017-03-09 10:13:49,2017-03-15 05:27:47,2017-04-05 07:34:07,2017-04-17,b5fd73f0c5886ac8980f9411fb094115,2017-03-09
fa5890be67deaf578509e958eb5de248,c9f8ab5785e2634e276e9a658575a188,delivered,2017-10-09 14:46:45,2017-10-09 14:56:24,2017-10-10 19:55:35,2017-10-18 22:17:21,2017-10-26,0fc04c432f8bcb23e7b1a48d7f545447,2017-10-09
43f5b8a8303562c644185a6bfd2cf3dd,13f86f2817ad6c0bf092ec8b98c42012,delivered,2018-06-11 11:59:58,2018-06-11 12:23:33,2018-06-12 12:53:00,2018-06-18 13:38:54,2018-07-13,b10181bfee799fe0af124582bfd85176,2018-06-11
70b7e94ea46d3e8b5bc12a50186edaf0,1c4c6fd6cfc21396ae93680bfc5c34d4,delivered,2018-01-01 13:06:57,2018-01-01 13:17:25,2018-01-03 11:03:40,2018-01-10 00:24:12,2018-02-01,8bd9c53ae5e194fd363ed6714235e6be,2018-01-01
d0bfc2beba8af659a7585f0f48efde83,9c3a67b63043d1626a51a23c256e0caa,delivered,2017-10-05 09:50:42,2017-10-05 10:04:52,2017-10-05 15:58:24,2017-10-23 16:42:54,2017-10-30,3a54210c5b36993ea99843080fb82540,2017-10-05
311eb3425fa63439e2f9bba0d60d8768,8d0c69a20b7069397a53a0c2f6ea4c0c,delivered,2018-08-15 10:17:16,2018-08-15 10:30:23,2018-08-16 12:40:00,2018-08-17 21:17:35,2018-08-22,ad7c9286abfd06762b553040264bdf3d,2018-08-15
690337f788f183f4f56c8d5c87c1aa2b,b3f6778d3533ee1049885f688f5bc8de,delivered,2017-06-12 17:35:50,2017-06-12 17:50:18,2017-06-13 16:12:43,2017-06-19 19:51:58,2017-07-05,7d20d64ad7c0ba54e6b6e214614b969b,2017-06-12
bcddcd2f3dbe84b7b93697873e16a971,f1f48ad1ad1e181b54ce0c9db740971c,delivered,2018-08-26 21:28:46,2018-08-26 21:44:17,2018-08-27 15:31:00,2018-08-30 18:32:07,2018-09-12,2958e5f113a1af2379be10e492071071,2018-08-26
b21e6bcd5267e76e22e29c178d43aff5,78f7e9ff310f5d4e5ff28972f01d99f7,delivered,2017-05-04 23:14:03,2017-05-04 23:25:12,2017-05-09 11:56:46,2017-05-10 15:53:44,2017-05-25,a124666e823bbd5fb77a72afc8c1360c,2017-05-04
06f38dfd220e723c33a775d36f5d2756,f8cdae87d67f6656d53daa86edc2f488,delivered,2018-07-02 11:01:16,2018-07-02 11:10:14,2018-07-02 15:36:00,2018-07-05 22:32:38,2018-08-06,d96f7f37c8a55ecd16f83ff475b5d4da,2018-07-02
0066a1fdaee16ad5022c5ef979d0b661,f19b59fc51f101023eb15bfbcca65f31,delivered,2018-06-10 19:52:27,2018-06-10 20:17:26,2018-06-11 14:44:00,2018-06-16 15:38:48,2018-07-16,08b76bd6862f5b38fafcb80a4eac3bee,2018-06-10
e838452caf63df94d1fc9a3253734414,d4e2dcbab1ad66726199ef6c1651ad6c,delivered,2018-04-20 09:44:31,2018-04-25 04:11:15,2018-04-27 12:03:00,2018-04-30 15:44:29,2018-05-09,c77a1d7ea4d97301c38bf7c7c87d95c1,2018-04-20
f86e20fe6ce750c00d7ed08e8c67384f,c4e463ec59a357f2d138554298afadaa,delivered,2017-09-24 09:30:35,2017-09-24 09:45:32,2017-09-27 17:12:32,2017-10-06 20:18:49,2017-11-03,f526077dd7bdfdb1a6e10cd6b194b548,2017-09-24
f5437f389f3762bbb419aa9852c94338,125e3e317286dd5299fd29622dc50f29,delivered,2017-12-14 23:20:24,2017-12-14 23:32:58,2017-12-18 19:06:59,2017-12-22 16:28:34,2018-01-09,fa035e5bdb3a04ddf317c5b71e9a94ed,2017-12-14
c5e8cbed3be23c7ede875b40cba35527,477008aed7b2d717c7eb1cae190cc9c4,delivered,2018-04-01 16:07:07,2018-04-01 16:27:35,2018-04-04 01:28:42,2018-04-18 16:36:37,2018-05-08,9419615f7054217056269d2acf70dac6,2018-04-01
0478ce23b7b39ac01b3bbd39109b083a,58a6c377f5305b1cdfa593156d15b147,delivered,2018-08-10 14:19:42,2018-08-14 04:15:28,2018-08-14 13:23:00,2018-08-17 18:27:54,2018-08-22,b06cbcff71d24194308491c06c79592a,2018-08-10
26d6ab35f3c0f7b157fc147026e1ebbc,1579d7904c35a5fd9a2d5ddd03e57934,delivered,2017-11-24 07:10:13,2017-11-24 07:28:31,2017-11-30 17:16:54,2017-12-06 11:59:31,2017-12-14,fa43ac1b1499b5390c5d1850d7f38e56,2017-11-24
b3fd29980d666178c001b895e9c5eed1,840555fd2d5434672ef2b896204fd449,delivered,2017-04-23 22:45:21,2017-04-24 22:42:32,2017-05-02 16:28:19,2017-05-09 10:22:21,2017-05-22,202e8fc4a2cc9aed9c91d83d04a5b88e,2017-04-23
2629f390add3248cc2cb53b3795fbe9b,2383b6a9c8a50ad014066d7fe735eecd,delivered,2017-11-12 11:43:15,2017-11-12 11:55:31,2017-11-16 19:07:33,2017-11-27 17:14:09,2017-12-01,87a47c2292be455b8e87438076352a48,2017-11-12
12c9c573680ea81dcc89f5f147e64e84,0d2fb8bb819964298a51a292b6b04d9a,delivered,2017-12-18 11:50:01,2017-12-18 13:29:35,2017-12-20 21:59:10,2017-12-27 02:38:12,2018-01-11,ed91e2bcbc71d72c1d7871961a01d3e3,2017-12-18
89a7e32e1ea0948b881497e7ae8bbfa2,390d6b4ec75d23f0b453e3b7374db5df,delivered,2018-03-28 10:38:12,2018-03-28 10:50:29,2018-03-29 20:06:54,2018-04-12 15:30:54,2018-04-19,fe5095482e8c21ce3c46c65616d8bb10,2018-03-28
dc872562d8a318eb25b375f0b7b25d52,aba6d530c41d8940fef0541fae854b27,delivered,2017-06-18 12:59:55,2017-06-18 13:10:16,2017-06-19 12:38:12,2017-06-24 09:13:43,2017-07-11,30d323d06d971cefc204d5b90c1c36e2,2017-06-18
6400b91130cf50009f20f333a4bc39a6,c86e70991a76ebdbfeb52da73d917616,delivered,2017-06-14 21:46:28,2017-06-14 21:55:18,2017-06-16 12:49:23,2017-06-18 13:28:34,2017-06-28,7fd9feb1225a53711abe04e7c2b1348d,2017-06-14
cb740e05716c376f1e99f0509fad75c7,2f61a220c13f883b836164d7938f78f3,delivered,2018-05-31 17:29:44,2018-05-31 17:50:33,2018-06-05 07:22:00,2018-06-25 16:48:33,2018-07-18,fb96aa7fcec2e307d3d4788eb79e687d,2018-05-31
54c2d9b070b38364a06b2b3066032112,f20196b7db8f16be7efec8caad1bf7cf,delivered,2017-03-21 10:22:53,2017-03-26 23:32:46,2017-04-07 15:12:39,2017-04-17 07:37:36,2017-04-24,1053dbc311c0130e6f1b88bcbcc7ed65,2017-03-21
ecb3c47121629f6c378f25a3185b9283,fc829ce32ebe10b650baafe867523dce,delivered,2017-03-30 12:39:15,2017-03-30 13:06:18,2017-03-31 15:12:36,2017-04-05 11:00:19,2017-04-19,2bd27b964002f0a2e7bb361380e89184,2017-03-30
663521736a211bef9ff0c5e4913439e1,dad0ee1e7306f92762b26957600a4d48,delivered,2017-12-11 00:55:54,2017-12-11 01:10:46,2017-12-11 17:17:07,2018-01-08 19:04:31,2018-01-12,5001e6cabfd806bc705dd3878784861a,2017-12-11
5f3c3f02ee527647eadaeab108a89f51,14fd66ddf6349b2c9c874aa2094196ae,delivered,2018-08-06 10:55:03,2018-08-06 11:05:27,2018-08-13 09:32:00,2018-08-17 14:34:52,2018-08-22,5b952e3dc4849109f9b9287dfafdec45,2018-08-06
21cc735821fa5ceea85bbf778b86f059,4c1ad46d227c63a1a6fd25ff2af5e898,delivered,2018-06-15 21:37:56,2018-06-15 22:00:12,2018-06-20 15:03:00,2018-06-24 15:11:05,2018-07-17,c9fba04ea0c3646531ffaec5b2d5cc68,2018-06-15
4d0754534d379735eb655a0d2d1edc01,c938988c02e9d1e1a3f96efbd23258aa,delivered,2017-06-23 21:00:20,2017-06-23 21:15:16,2017-06-28 18:05:17,2017-06-29 13:19:31,2017-07-06,d51e48461604399cf19e162ef5c63aaa,2017-06-23
dc15d43ae100ecc5bac78d9e974af643,daf60dffd5783e6927f3660ed83ecdd1,delivered,2018-08-19 22:12:22,2018-08-20 22:10:19,2018-08-21 13:46:00,2018-08-27 17:34:50,2018-08-30,3a6de17201bd68a1fca5da3603f90eb6,2018-08-19
36970c35cfe02cb355e55690bae4ac02,14e2483e0c2635d3cd24ad5e0507c925,delivered,2017-10-19 10:05:02,2017-10-19 10:28:19,2017-10-20 18:43:48,2017-10-28 02:55:42,2017-11-16,f7d2fc6f0a2778f53d2a6bfc27bd0e8c,2017-10-19
364f6a92b4afc67ac3104f92bec22ba8,46aaddce56d1a1892e52d159d2bd8812,delivered,2018-03-13 08:57:17,2018-03-13 10:00:23,2018-03-13 18:54:24,2018-04-13 13:56:48,2018-04-05,d05fdf65460ea1bf8735cd5843c3d97d,2018-03-13
59e88b7d3675e89aceaf86f372d3bc9a,e750210dde7e68dbd5194c0809e97f7e,delivered,2018-01-03 15:05:53,2018-01-04 05:14:57,2018-01-04 15:57:18,2018-01-15 20:39:35,2018-02-02,4d1bbadcfd9bdc738e54599627870319,2018-01-03
29446d5a7212cd18dec57e1ba28c2dee,962700004d45a72f0fed2b8a3c447e0f,shipped,2018-08-02 20:17:15,2018-08-02 21:00:08,2018-08-03 08:38:00,,2018-08-21,69446a8db60fc5dea48ea9ec3478f36a,2018-08-02
ecca6d9e70db69a20c2cca23b23fc8aa,11abdd40a33e2935ffe14b833ead5a1c,delivered,2018-08-05 23:47:52,2018-08-07 04:31:26,2018-08-08 15:39:00,2018-08-13 18:04:21,2018-08-24,27523a0e3d93e54c0491cd5feed33a65,2018-08-05
7dd7b30b33fdaeb2b55c29b92286627a,ccca5460b81ec0475ec8a506b25f5cbb,delivered,2018-02-24 15:42:23,2018-02-24 15:55:33,2018-02-26 19:04:37,2018-03-02 21:35:20,2018-03-12,777699d40e46f8eeca71fd03e4c19997,2018-02-24
d54585273ec1cbb4c450e524d11d2277,0a5711926203d47f8b6f18f5443bf868,delivered,2018-08-03 22:05:47,2018-08-07 04:31:27,2018-08-08 16:19:00,2018-08-16 21:03:24,2018-08-21,4023332a1f99da8f3fca0549c6b501f0,2018-08-03
79f6acecdfe4f7768f5f399a6be52167,109e66e45ee2cc88bf20be70b381c924,delivered,2017-10-22 17:45:38,2017-10-22 17:56:29,2017-10-24 22:36:59,2017-10-31 13:49:07,2017-11-16,8c2eebe63608c121bdc6c775fb96b6a7,2017-10-22
454b6ccf9f8f2c12b3a00ee763e027b9,01214c5f31d06b6da030e5825b431446,delivered,2018-08-19 14:59:34,2018-08-20 12:11:09,2018-08-21 14:50:00,2018-08-24 16:52:28,2018-09-04,9cd889bbd0b3e67db9d57ff266c44d53,2018-08-19
0afcd5d6405dd1fbe9554f4ffa99d2b8,df38e4bf6bea1bc3216d53bd5cdc3150,delivered,2017-07-19 16:10:36,2017-07-19 16:24:32,2017-07-20 17:10:12,2017-09-08 21:37:47,2017-08-11,d763fa89191d92874f9099e028e0830d,2017-07-19
ff259720a6c1397ed8e5a9846f514cb8,54044f49e3d5428e67ed1efa887e3f9c,delivered,2017-10-28 00:24:21,2017-10-30 13:35:45,2017-11-01 21:59:56,2017-11-16 17:34:38,2017-11-30,1118bbd6c82a824ebc677b12e525864f,2017-10-28
5d36e8ca3ccd1262b7641467fdba0b8e,3b2b96751131c948164edc5d21d27abb,delivered,2017-01-27 12:10:46,2017-01-27 12:31:29,2017-01-30 10:26:15,2017-02-08 18:42:20,2017-03-20,55b3a0a9998356016bbb072bf8c188a6,2017-01-27
e29a4d10668e15562da79e3366da92d8,ad6812c111cc59135cf3e4f7b2762601,delivered,2018-08-07 21:07:08,2018-08-09 03:45:09,2018-08-14 14:27:00,2018-08-20 22:11:45,2018-08-23,5d823c5e7d1d0e13ee32090ca889975d,2018-08-07
1239e8b4884c746e8d1ea651d4ff74f1,278e4cb731c06be544c668f9a16c6342,delivered,2017-11-28 14:17:34,2017-11-28 14:30:55,2017-12-01 23:41:58,2017-12-22 13:22:07,2017-12-19,bda246c09b040201f86b1fd01ff7250c,2017-11-28
db0b12b763f716df3f27218724161479,84670f973f394ff5609861af7d0157ae,delivered,2017-01-20 19:22:40,2017-01-20 19:31:22,2017-01-23 11:29:09,2017-01-25 17:17:57,2017-02-28,c133266c3fa2b7e61977e256dec074a0,2017-01-20
5cdbffacc3b645aab7040623006efe52,47274ab84d1b20ca707a3d849699e0b4,delivered,2018-06-14 20:06:44,2018-06-14 20:15:43,2018-06-18 08:28:00,2018-06-29 17:48:57,2018-07-16,cab23f00ab20c1f547d5fbb69659ba4d,2018-06-14
d58bd8dc62db2951199683fcb7dc2df6,9abff84fce97b2e7522fc3f737089d66,delivered,2018-06-03 19:44:12,2018-06-03 19:55:17,2018-06-07 15:12:00,2018-06-08 19:38:50,2018-06-21,07df27b714016cb827c99ec2ecd5ebfb,2018-06-03
f2ab8320611d5beba208b922230c352e,d32ea49b7ca7a371cf86fc543ba44d62,delivered,2018-05-05 00:14:20,2018-05-05 00:30:16,2018-05-14 11:02:00,2018-06-11 15:52:40,2018-05-29,9a200aa474a5e6e4ef70368bffd09910,2018-05-05
162cf02f9877cddb71e0bb217b585128,85c91511ec9c1b687e1c41fddf3ed4c9,delivered,2018-08-02 21:00:24,2018-08-03 08:15:29,2018-08-03 16:04:00,2018-08-20 19:32:28,2018-09-10,e5c15c419e8e41f53d9597a5a61407b2,2018-08-02
2ec564275bf015d015a113511076b4e8,e60a039c1be831ff11b42d99a76f738f,delivered,2018-03-06 13:03:55,2018-03-06 13:15:32,2018-03-07 18:58:58,2018-03-20 20:22:33,2018-04-11,f9cf4bd5f758bdbcb0f8397c6bd49d3c,2018-03-06
76b5cf2989344419461ec7b13b23fd3b,62e181a3428a467397f61960230e431e,delivered,2017-05-21 11:28:53,2017-05-21 11:42:39,2017-05-25 10:35:14,2017-05-31 11:54:39,2017-06-13,4ef6c02126b21225e011b242f9f79c6f,2017-05-21
251a41d31fc1777de3a5a9c2858557d8,405b6c3474b2c5ab177ffcc798fdb6e6,delivered,2018-05-04 15:26:03,2018-05-05 02:53:49,2018-05-07 17:05:00,2018-05-10 21:58:40,2018-05-14,5ff05ef67e2e604aecf981553728fcd7,2018-05-04
70b0f3c961935e93c43c76c79bae4596,b051eaf2dfd726e0b6607c5ffffdc2e9,delivered,2017-02-13 21:39:10,2017-02-13 21:50:10,2017-02-22 08:25:56,2017-03-01 15:14:20,2017-03-20,7f59079e2bc9a11770c84cae6c4c084e,2017-02-13
f9fed19b3b66623201e5b3de18baacf6,c1a82ba80e99bfff31d8edb5eef82db8,delivered,2018-05-10 14:32:59,2018-05-10 14:56:58,2018-05-11 08:28:00,2018-05-25 01:08:27,2018-06-06,cb6aed72394f4099f2e1eb17f3a0bc26,2018-05-10
f46d498479ef20f7cbe0d471d9ca0bcd,6b9cd57e8da503b79dc6e58b438e77de,delivered,2017-07-09 12:43:10,2017-07-09 12:55:20,2017-07-12 17:11:47,2017-07-22 14:52:11,2017-08-03,ee9075a8920482033d6003b4fcd420d3,2017-07-09
b924597838a7ba1e624e99fbd62cc560,f20577a98700e15cb66175781ca8433d,delivered,2018-03-08 16:12:38,2018-03-08 16:55:55,2018-03-14 00:51:40,2018-03-16 19:07:19,2018-03-20,d4635ff7806c50f5b78dbcc2d6ca2d2c,2018-03-08
d694c1f3e3e0bd20d4673555d43c875a,faadd91de8b5f0d5487aad688f998014,delivered,2018-03-09 05:51:28,2018-03-10 03:50:34,2018-03-13 00:32:02,2018-03-21 18:06:55,2018-04-03,c6bc500abc343b58b79588b6c43ee8b0,2018-03-09
8d9512362699ced326d5013acfdc4e49,6f6f9493197fd8a9e12ea66d6e8add5b,delivered,2017-12-04 11:18:34,2017-12-04 16:31:35,2017-12-06 18:16:07,2017-12-19 19:15:08,2018-01-04,9208f837dd343d6f6d838998110cce34,2017-12-04
cd1c9899cfb848c241d0b93fdfc10df9,8a2024716828515c9c83ea0315d7cfd4,processing,2017-09-20 01:23:46,2017-09-22 22:24:21,,,2017-10-11,2f5309720c58036f88339dbbbb73ac81,2017-09-20
b93ffbad842670470ec41f35a317ee65,65a2a252eedd717594ec0e8b052ccd35,unavailable,2017-02-08 22:47:10,2017-02-10 02:50:10,,,2017-03-07,d9b4b95e049a1f71acbc4042ac32e3ac,2017-02-08
29baa2288a6c833c165b32b46e4ffcce,d6fe0531fafd5541264a7c32541f9657,delivered,2018-03-12 15:13:45,2018-03-15 09:29:37,2018-03-15 19:44:44,2018-04-10 17:31:47,2018-05-11,ab86d0ea77cf9d0aaf098bf20d5bcb19,2018-03-12
241368f4774e5c6f4a5a15a612970316,af2769f59e5cc245e96ecb03eba856e7,delivered,2018-03-29 22:19:01,2018-03-29 22:30:48,2018-04-02 18:21:31,2018-04-09 20:32:01,2018-04-11,293288aaefbcbbf0519124d02214114d,2018-03-29
9aa3595de5e0569f4e0762bf2d005d19,90f093b16c1977166c8e28f32e871c9b,delivered,2018-08-19 11:38:38,2018-08-20 11:30:17,2018-08-21 12:01:00,2018-08-27 16:26:43,2018-09-19,6a015fe2d51ae41c3a73e35aab508644,2018-08-19
f97c752350c4546ad37ac0e5adf87f93,04c7fbbd983235a3d2525e9d134e705c,delivered,2017-06-20 22:16:33,2017-06-21 19:32:07,2017-06-26 12:33:20,2017-07-06 17:42:06,2017-07-12,7a289a88afacb22f0b94b3052717b22c,2017-06-20
a65a939c8b27182743b47a4e02b1e992,d073ee0c73be61fc94b8845b9e2a3491,delivered,2018-02-20 16:48:03,2018-02-20 16:55:59,2018-03-05 23:28:33,2018-03-14 20:13:36,2018-03-19,3ff28a914fbd045b41607afc27dc9b15,2018-02-20
7d48e6b043ed5dac29ca0e41d3e3b584,5d3c3a68213644e9e062d59910867cca,delivered,2018-06-12 10:16:03,2018-06-12 11:00:04,2018-06-12 13:06:00,2018-07-23 17:56:22,2018-07-11,d3d7ef5288ec60b1abfd7e93fe7cdc0b,2018-06-12
b038aba0da1e1ebf55076d3217291ad7,a6706034291a5a04f56be377236415ae,delivered,2018-05-20 21:24:40,2018-05-20 21:38:26,2018-05-21 13:53:00,2018-06-08 21:41:48,2018-06-22,33056e4605bf2fca436644ee21a6500e,2018-05-20
305daa1af560f81a4225d0d70f636a51,43568d7a2f91f95ef838f00b48f678d5,delivered,2018-08-13 09:24:25,2018-08-13 09:35:19,2018-08-13 13:01:00,2018-08-17 23:32:51,2018-08-17,1a32115fdff184509016b24334cd822b,2018-08-13
b1461c8882153b5fe68307c46a506e39,46ce474c7e3c57c93e6bdf2d6e6162f2,delivered,2018-02-26 17:35:24,2018-02-26 17:55:29,2018-02-28 16:06:11,2018-03-01 17:52:00,2018-03-26,d5ca668597a3b40c1e527db8c761f03c,2018-02-26
3b7620f0a3652abfdf6bc1b145b9117c,bb0035159eb7f8b3caa5285dfd1eb1a5,delivered,2017-08-10 20:37:54,2017-08-10 20:55:17,2017-08-14 18:22:52,2017-08-24 16:06:43,2017-09-14,4f983b76182eb91c0ca32b3b8752650c,2017-08-10
0886e32a3289fc38b0deaddb26655a7e,06a422c0912397e12e6316f7d53687b7,delivered,2018-02-15 16:18:31,2018-02-16 07:50:35,2018-02-16 17:28:31,2018-03-05 22:54:43,2018-03-14,9a3c5a07ea898d9062cb845b298bb14a,2018-02-15
551881f4a46fb5aafca0e72765c499a9,d8e2fa07c1ff57dcf5dbc5c5a7e71473,delivered,2018-05-18 11:02:26,2018-05-18 13:06:35,2018-05-23 15:04:00,2018-06-08 17:08:53,2018-06-13,0450a895467200eb538113c095f4ec26,2018-05-18
d4d98e2a9fbc5e5cf70e61031b858115,5b5ce8d7a82bbea2c5eef3d3bf4facf1,delivered,2017-03-18 19:01:14,2017-03-18 19:01:14,2017-03-20 12:46:04,2017-03-30 14:38:49,2017-04-10,7bbdef74f5a26b6b0897e740da5e3be4,2017-03-18
77476db289c128afa23e6e9e611b479b,0a30307a5b69901dd7dc93eab8557aaa,delivered,2018-01-26 15:31:11,2018-01-30 05:31:52,2018-01-30 21:36:28,2018-02-07 15:23:07,2018-03-02,02efc9eaeb29fb170b9c7a5d3494372b,2018-01-26
334f482925d3aa622ddc1f0766af4736,235def1eab8de4d14600df59fc1e4ece,delivered,2018-07-29 22:38:20,2018-07-29 22:45:10,2018-08-03 13:40:00,2018-08-06 23:11:20,2018-08-15,84266c22b736615751313a868961abed,2018-07-29
4fb826a738895055159e95010e189c69,631212a6012ab9b75f7e19836fc10cb3,delivered,2017-09-13 13:23:00,2017-09-13 13:37:06,2017-09-13 21:41:46,2017-09-19 20:38:57,2017-10-06,45a5f0934515b45191bfe0bbfabd7097,2017-09-13
0a32919eaa38cf81a09bb4cd2ca383df,ab15621e1aa4e4c1377e5c789abaa84f,delivered,2018-03-30 22:41:26,2018-03-30 23:26:59,2018-04-03 19:41:27,2018-04-18 20:06:36,2018-04-25,3b213fa71ed685aabae453e792207d8b,2018-03-30
689df1c76ade5917237f5de78be9bb3b,aed09f283cb8d2677280b213d6555751,delivered,2017-04-10 21:54:43,2017-04-10 22:10:18,2017-04-11 14:34:43,2017-04-18 14:53:47,2017-05-08,8c35fc9933a6304fca24b789825903b5,2017-04-10
11a3d1cb58b21e9cc60a66e71f6e87cc,8f0d355cfdf65ac8cadbc0fb59c6951e,delivered,2017-05-21 11:20:32,2017-05-23 03:15:19,2017-05-24 15:59:03,2017-06-12 16:47:47,2017-06-14,89c3bda0974d643b514ca0e84622824c,2017-05-21
4afe7e80b141d6ae78420e2cb79f031f,7ce5f6bb9c62f8fdc44709cf4abd08e8,delivered,2017-11-27 18:09:09,2017-11-27 18:19:28,2017-12-01 19:27:04,2017-12-12 01:43:07,2017-12-26,a11a82417165592d24b6888d6c3ee2db,2017-11-27
4e83456078c87bcac059b05dafa9ff0a,0ac31c8ee3be833d9d1606a2887b8a67,delivered,2018-01-12 15:32:26,2018-01-12 15:48:31,2018-01-13 15:17:01,2018-01-16 21:13:28,2018-01-29,c8a610514f8a0c1ec2ff86b24989cf0b,2018-01-12
373a162c0f4500fbe4de8017e7c7197d,6bcd0914cd09a46c54d0b2758cbb1e75,delivered,2018-06-21 15:54:55,2018-06-22 02:37:23,2018-06-25 12:49:00,2018-06-28 14:28:27,2018-07-16,8d645819382d266f973cb73b9a064bee,2018-06-21
a26a698877ae127304d51b9da20bc1ff,2456c34ff4ea4f59234ae9fc04adfe68,delivered,2017-12-17 10:42:27,2017-12-17 11:14:15,2017-12-18 15:53:38,2018-01-03 19:52:21,2018-01-18,fd9232f803111f08b1c940ea62d321fa,2017-12-17
6a5560b5b974183928205724063cdfa6,28b5e91436f06a375a7b4723af02d2fe,delivered,2018-05-16 15:44:52,2018-05-16 16:14:40,2018-05-17 12:34:00,2018-05-18 14:34:29,2018-05-28,b20d2b3318856446840d061ad6582893,2018-05-16
1e04d9dd9c6055fe23c3973bcd01760d,b8b1eb33cac1a442066b8ec75da0c436,delivered,2017-12-19 12:05:25,2017-12-19 12:14:31,2017-12-20 18:49:24,2017-12-27 10:58:56,2018-01-15,db9c6f5f0f7b2281bd748bb268c5c026,2017-12-19
f7c52ff9ad8da6507229f42023d28ef4,a3ce470530498d159a2718c1b80e97d6,delivered,2018-03-19 18:49:56,2018-03-19 19:08:40,2018-03-20 20:32:10,2018-03-27 21:44:57,2018-04-10,25823836040324acfee8937fca349d94,2018-03-19
d17e13cc89dae4a9be616c1a7a68bfea,fb84af4d0c2aea5932979dd784b1779d,delivered,2017-05-31 11:38:44,2017-06-02 04:33:48,2017-06-06 14:08:33,2017-06-09 13:35:03,2017-06-27,69367a6967dd99df9b3719702f9eda2d,2017-05-31
5d0c01136dc9fc77030a514d40b3d37b,dd45b720dccd7bfde7eecaf8974ef691,delivered,2017-08-11 00:34:10,2017-08-11 00:45:14,2017-08-14 14:58:01,2017-08-19 13:35:18,2017-08-31,7324d0761f06784a2ea0e0056cde3139,2017-08-11
cb04c4f13d483754c5b6e420df7cc1dd,4c91fe346d929d32dabe30015f9c103a,delivered,2018-05-21 20:49:16,2018-05-22 20:56:56,2018-05-23 15:01:00,2018-06-06 20:33:31,2018-06-08,9e76b8aaea52fb072b05612a28ef2d6b,2018-05-21
ae0f710037270a10532e4f130983cee3,1e93dd7ed89b9bb680c296b4aaef62f5,delivered,2017-10-11 19:49:30,2017-10-12 19:56:16,2017-10-17 14:19:28,2017-10-30 19:33:47,2017-11-08,9adec6f2bebe335e800cb1cb911bc5d8,2017-10-11
523a8bb981fdb61599630fe01b89f642,a4788192f4152e96cc73fcc1df791f21,delivered,2017-11-29 15:20:12,2017-11-29 15:42:52,2017-11-30 15:02:44,2017-12-14 21:33:40,2017-12-22,7fe9dc21448d5fa5a0629aefef9a2375,2017-11-29
51a204a8b06b2f485e8e9de1e6741618,6f8d89870babf79801f62e1291fe3a4a,delivered,2018-05-15 18:46:23,2018-05-15 19:12:12,2018-05-16 12:01:00,2018-06-04 18:23:03,2018-06-04,05b6b8be6f453fa2422e5edf1ace2fb6,2018-05-15
f7349245e9113689913c5cac61b378ea,fc3e2bb348a71f88f2fb3ee30a3b5750,delivered,2018-07-27 07:36:23,2018-07-27 07:45:12,2018-07-27 11:41:00,2018-08-02 21:04:57,2018-08-10,c291a811a9d32f309ee7c2578dee8a2c,2018-07-27
cba5e2a02a8613805d4478be468a9a7a,bf9a36381829d9cc9a0a6dcbcaca58af,delivered,2018-01-19 11:02:58,2018-01-19 11:14:22,2018-01-29 20:49:57,2018-03-01 13:55:14,2018-02-26,19c594ece92cf53919f2a6491dc3b8ea,2018-01-19
f1933830df4ca531d957ee140db7b1c4,780486d22d6b4aee560876981959fc9e,delivered,2018-08-20 08:39:15,2018-08-20 14:30:18,2018-08-21 14:19:00,2018-08-23 21:59:00,2018-08-24,cb8069766dcad14855418f46abdc3503,2018-08-20
74ca9a5e32639f1bb5d89fa040454b42,34858ade409fedfe277b12fa6256c90e,delivered,2018-02-21 20:58:34,2018-02-23 15:46:19,2018-02-27 21:06:48,2018-03-05 22:21:54,2018-03-07,a44cd25d4c3b4e969488283c012dcf23,2018-02-21
f4f81d9284f8b6894f76d2a8fa524467,e7dbb6cb6a60a83827010f30f9afe441,delivered,2018-07-04 16:17:34,2018-07-05 16:27:49,2018-07-05 07:51:00,2018-07-09 16:48:33,2018-08-14,abda42158b0a7dbd4ef8549749e06841,2018-07-04
8a0e7dc6461a019b6edd6f6cdf26f475,d859e804a8ba7158f12531184d18921e,delivered,2017-10-16 12:26:34,2017-10-17 12:56:45,2017-10-18 21:32:13,2017-10-25 21:23:44,2017-11-09,76452dccd38534f1cd8b0c0245c57b76,2017-10-16
eb4e51562354587d8ccd4285d45c644a,6981407d775ac7f40d61f925ce125766,delivered,2018-01-02 18:35:50,2018-01-02 18:51:20,2018-01-05 21:24:49,2018-01-08 18:19:33,2018-01-18,2e40ccac66c1ee178735409e006d17ec,2018-01-02
90e6c18b53175478f9663465aa3b6f6e,b27e2d6264dc721865c05b33d655c34b,delivered,2018-08-03 17:58:59,2018-08-04 04:24:04,2018-08-06 16:55:00,2018-08-08 19:33:53,2018-08-08,aaf42127a0270cf3994499c494bdc4cc,2018-08-03
1b2d35912f9c5a605c93adf4b3b74839,cb84a812e3142018aebb16103a32485c,delivered,2018-08-09 19:27:16,2018-08-09 19:44:48,2018-08-10 13:28:00,2018-08-13 11:28:55,2018-08-27,ccc860f795e67ba401dec9d77341fdb6,2018-08-09
23512d25000429154263cbc32253c730,ec1cd684721a8fcb6d0e78955a9f81bb,delivered,2018-01-24 11:06:18,2018-01-24 15:07:36,2018-01-25 20:29:57,2018-01-27 00:52:26,2018-02-16,a3f2ace6e5b29cc598b4adb6ebbf603b,2018-01-24
298ee6136c29ce0b78bb3cc68591404a,99907fb65062e52496e146648f921649,delivered,2017-04-27 10:29:07,2017-04-28 11:45:43,2017-05-02 10:52:14,2017-05-06 06:42:13,2017-05-30,733574fd64b59b451830b043017790ec,2017-04-27
3b5adf4fe00431f64c9a4dcdf9d6792b,44ca75eb640f2ccb4e03b3d930b88846,delivered,2018-01-16 19:08:12,2018-01-17 07:11:08,2018-01-18 18:56:52,2018-01-23 18:12:31,2018-02-06,a27aeb2d1cb3032faff8766ab9c55dba,2018-01-16
0fd2cbcb61ecd83360e6ba4f37059f11,11ff3d8979f6bf8d7cfa2d8b0e61a46c,delivered,2018-01-10 19:22:09,2018-01-10 19:34:30,2018-01-15 23:23:05,2018-01-25 18:26:38,2018-01-30,28ec5bbf2fc9dba70de0e7526ce2dca5,2018-01-10
44797f59bbfa9d2460a8239ce6cf4b3b,4f64b536e412c491f25dce67dfc2fbb5,delivered,2017-06-05 15:52:50,2017-06-05 17:15:11,2017-06-06 10:14:01,2017-06-08 14:36:30,2017-06-26,b48f1b4a887bf264477c30ae580a981a,2017-06-05
c9f32c5ccea32c0fa95474e83d8f321e,1549c31516b7eb9e9e6f4dae21ae3f6c,delivered,2017-03-10 13:33:44,2017-03-10 13:33:44,2017-03-13 12:38:14,2017-03-22 09:12:26,2017-03-31,3a3db2abdf63385806afc0172cf7e6d0,2017-03-10
b0b55c59d28b64d3b611cb034eb9f1e6,7bd0af82474427b2e49a11e4da31c462,delivered,2017-09-07 09:44:34,2017-09-07 09:55:09,2017-09-08 18:57:22,2017-09-12 12:59:56,2017-09-22,1d81df659b4cad7732c33e2c7aa5687a,2017-09-07
2cde8acd1930b818b1536ec685a22922,900c31b5ddc6025ca1ba5b23c589956e,delivered,2018-03-21 12:54:56,2018-03-21 13:35:27,2018-03-22 22:32:20,2018-03-24 16:28:47,2018-04-03,d1c6f44e67f4b495086ee8279784bd78,2018-03-21
3e3109370f4c0f7b7f69cfc0098b89c3,ef62c8e32320e6ebb699ed93a41c6fe3,delivered,2017-11-02 23:07:48,2017-11-02 23:25:39,2017-11-04 13:47:37,2017-11-18 19:39:34,2017-12-01,8e253860d9874c345bfe9075eaa1d460,2017-11-02
5af267e0e81330ccb7db9a0e9bff5075,a6ec03047faf83b7f778f3e0154ad1ec,delivered,2018-06-16 02:19:47,2018-06-16 03:08:35,2018-06-18 14:59:00,2018-06-19 14:03:42,2018-06-29,74d28f63a21769ce52c0c0bce7908955,2018-06-16
2b5651486ff397b00e9474c238c8657e,c5784cb43cc7e83346d23ab76f18a09a,delivered,2018-01-31 21:57:06,2018-02-01 21:50:27,2018-02-06 22:22:24,2018-02-17 06:12:41,2018-03-06,5eb984af72ad22aaf89ca42eb8869aef,2018-01-31
0b382db57a557ff7703eaba5e991e7fb,0732c0881c70ebcda536a4b14e9db106,delivered,2017-11-02 12:04:56,2017-11-02 12:15:31,2017-11-03 22:25:52,2017-11-13 19:28:45,2017-11-29,bfb1a102e6fe99d83c5e78e58370a8de,2017-11-02
4d6a47078b73c647206be4398bbe29b1,97b50939d4b8da29f262e503097841d5,delivered,2017-11-24 00:41:06,2017-11-28 03:31:20,2017-11-29 17:21:55,2017-12-20 20:27:36,2017-12-22,efec97e785d799b02f2f8a6d54babbdf,2017-11-24
82dbc38acc657c34ab7bf74c7b70858a,26d6fbb3f19bab0637b50723523bc928,delivered,2017-11-14 16:43:15,2017-11-14 16:57:40,2017-11-16 15:07:06,2017-11-17 13:31:37,2017-11-28,b23ffa84f950d53d9bd788be1b65d92c,2017-11-14
78a32c3d793fba4ffb5fe75dd8ce64c2,d8a1c939d8e0e20c2385e0639bd8c094,delivered,2017-07-30 20:45:01,2017-07-30 20:55:24,2017-08-03 18:52:11,2017-08-10 16:24:35,2017-08-30,6d72b2811582e0162545cd646328f0e3,2017-07-30
2abed06af11ab7e3bc833f1b1535ba25,ed088195af7cb6b070c14b39d860eb0c,delivered,2017-08-16 21:06:21,2017-08-16 23:20:16,2017-08-17 19:32:48,2017-08-21 19:22:19,2017-09-08,b6019d418ed678bfe646e2985c25bd8c,2017-08-16
89812ae1f27bd0baa142a3aa9ab5cb49,3d5e3aa002e4495e1fb30b4923213858,delivered,2018-08-27 10:46:53,2018-08-27 11:04:18,2018-08-27 15:30:00,2018-08-28 12:33:04,2018-08-30,684dbcfeb4fb7b835a7a0e477d35afd1,2018-08-27
6fd7c56d216a3e027f694eb725797c07,3f1e103d6039a322717941265fe39dfc,delivered,2018-02-06 15:38:45,2018-02-06 15:50:27,2018-02-07 18:48:34,2018-03-01 02:21:47,2018-03-08,83f5d75bb2df68b3197dc0faaea3450e,2018-02-06
897906e548506a4549f5d1bcffd371e9,c147b8308818f69eb09f2281bca42b2e,delivered,2017-07-08 18:44:16,2017-07-08 19:02:58,2017-07-11 16:59:24,2017-07-28 16:55:27,2017-08-11,d9b8d22143cb7ccc4875ef81aba8e521,2017-07-08
697789906708747b503c167370b963dd,d1213f3e5dd3d2e2b1be8f0186c7d6f0,delivered,2017-12-03 22:59:45,2017-12-03 23:31:16,2017-12-04 20:48:43,2017-12-14 22:56:56,2018-01-04,6b9defe99014d8a734587311bd8717e6,2017-12-03
59242532335f9d910b9f7d22be39bb59,3fcc0ad6fc4d2cb5b8ab39309e1ac335,delivered,2018-08-03 13:56:23,2018-08-04 12:05:13,2018-08-07 12:10:00,2018-08-28 09:18:30,2018-09-26,4bac35931842898ef246fe185e61f7b3,2018-08-03
758fb6b15afa409ae42ff3103bfe080a,ebcc4b3fd464428316c411d71c203ca0,delivered,2017-04-28 09:40:49,2017-05-03 15:33:22,2017-05-04 13:51:10,2017-05-12 13:36:58,2017-06-02,829187961fd84c5dba349a0178ff7a07,2017-04-28
fcf561e89448f1a8553792c6ce5c0e91,384ec1a8b2a640f5e8fb8dec346f6c4d,delivered,2017-04-26 20:23:32,2017-04-26 20:35:09,2017-04-28 09:14:16,2017-05-05 15:17:05,2017-05-25,61a1c397116fdd7f8e11038401e5872b,2017-04-26
7f5a24612bec96e2005690b5b60faa26,122b566031d84d7f2b2c3ee360200e84,delivered,2018-02-27 19:21:26,2018-03-01 02:50:43,2018-03-01 21:06:30,2018-03-14 18:36:23,2018-03-26,77cd94f2618513f51ba0714c37ee335b,2018-02-27
4ec2eea90506ad5dd1284a1a7e4cafee,edb3ca904a6cd3caeecda1f844ebae65,delivered,2018-07-26 10:29:03,2018-07-26 10:45:15,2018-08-01 14:45:00,2018-08-02 13:21:49,2018-08-07,0f8dc6a031c49afe5079f92f04c798c3,2018-07-26
aa55fe8ca349feb37768777a5908d285,9b568b326f5f6d7f727f20ed3641b421,delivered,2018-08-13 02:51:12,2018-08-13 03:04:13,2018-08-13 08:39:00,2018-08-17 12:58:38,2018-09-05,458002de8cae44d033a19aa4eba0f5e5,2018-08-13
4e285df63acf5fe19cbb76253626fe8d,f8a6c76a11c39f882026319b654fab69,delivered,2018-04-19 01:09:37,2018-04-19 01:30:12,2018-04-19 23:46:58,2018-04-25 14:33:20,2018-05-14,31d332d20895c5c0baefe55207a0fead,2018-04-19
453cabc3a3d6d0d80bd08d9eefb6a607,c824fb40eed7462282da8b5511d4d6cb,unavailable,2017-12-06 19:47:40,2017-12-06 19:57:23,,,2018-01-04,a0320e92ed474eda108f409965458a35,2017-12-06
17a9050c446ea78f7108b7a5515aa438,00114026c1b7b52ab1773f317ef4880b,delivered,2017-06-01 19:44:44,2017-06-01 19:55:15,2017-06-02 13:55:54,2017-06-12 15:43:57,2017-06-27,f4dc0a81a11d3d270ccf5a9c4b5b187b,2017-06-01
a5e05cb8a89d26c21dc007c87d9c0020,eeac04e8c3bbdb160700ca457bdda435,delivered,2018-03-17 14:29:21,2018-03-20 03:15:20,2018-03-20 22:50:51,2018-04-11 20:13:28,2018-04-19,2dc3d7a1a8e362242853cfa233a8ee04,2018-03-17
a77ebed75b406465b5b43f03dd5cf909,1ce752e35481181a9166fa7eca8aacb3,delivered,2017-08-12 09:48:15,2017-08-12 10:04:27,2017-08-14 20:50:06,2017-08-18 10:45:43,2017-09-14,2d0301ff4c32ef70647295dfbaba7116,2017-08-12
9520fa1ce7825b83dec466f4f0d8b6b7,ca3ca2d2c6dc52686fcb393fd85e316b,delivered,2017-09-20 10:34:17,2017-09-20 10:45:14,2017-09-20 19:11:50,2017-09-21 18:40:36,2017-10-05,cdfa292430c7e7171de6998c7026159f,2017-09-20
af5d84156c440cd192a04d10f43614e5,262139acc2d5bd1a8756632fe5999539,delivered,2017-05-02 15:00:31,2017-05-02 15:15:16,2017-05-05 12:13:28,2017-05-23 12:47:50,2017-06-02,2128b09ef8524d9fcdce6c372cdf81b7,2017-05-02
c82d05a27c07ba92d333b046a6042d32,685ee60a0c6b76661ebb35ec6a5a3a55,delivered,2017-02-12 10:01:47,2017-02-12 10:10:08,2017-02-13 10:43:40,2017-02-22 11:03:15,2017-03-20,db3085b20c88461e17828da9b3d828d8,2017-02-12
6443b4f756cbc4f80a3b160fd117bfeb,92e25cef75d182302b536394352dc0f9,delivered,2018-08-05 22:39:58,2018-08-05 22:50:16,2018-08-06 08:57:00,2018-08-07 17:32:36,2018-08-09,1f0b3099c60783f6939ff11c74ad2b33,2018-08-05
58d9d5cd92518cf1b61072e5edfd768d,358f1d26a875965091ac00815a656597,shipped,2018-08-12 12:13:28,2018-08-12 12:25:11,2018-08-15 15:32:00,,2018-08-24,30981ec392b1ea9ddc964fb988356062,2018-08-12
68265b6cfdb0170c7068b6738b6272dc,5b833faa46296c2d28673200449b0d0b,delivered,2018-04-04 00:02:55,2018-04-04 00:15:43,2018-04-06 02:19:06,2018-04-13 19:02:46,2018-05-07,06c5859a120871e8c2f4a920d7cf50cc,2018-04-04
dc83fc138e53cc94e70d61e895dbd98d,9c3b430e2a43affdeb23d8b5efff7ed4,delivered,2018-04-14 11:08:39,2018-04-14 11:31:28,2018-05-08 14:04:00,2018-05-14 18:51:34,2018-05-22,dbe0abe1a9e87e27348113fe10a481a5,2018-04-14
9b110bcfcede60b4891f99a5b7578f74,ced69079132953e26e2991d8962707c5,delivered,2018-04-07 10:07:12,2018-04-07 12:47:54,2018-04-09 20:08:50,2018-04-19 20:56:50,2018-05-15,1d3bbe2afd502e5a49063163ef6094b6,2018-04-07
c3f6ca70599b71e14f1ec5e9911ff186,131f88ee3fc63ced38aec3b590a82548,delivered,2018-03-29 03:11:53,2018-03-29 03:29:06,2018-03-29 21:45:38,2018-04-10 15:38:55,2018-04-19,32bd15f649096a45270727aa50df8460,2018-03-29
ecadc79d371003a0a6c4b52b2fc91c96,6d20f21ce3430fe1cdc152bc0041af66,delivered,2018-01-08 17:01:33,2018-01-08 17:12:23,2018-01-12 15:28:38,2018-01-24 16:18:17,2018-02-01,67c2459113aec7f2430393e9b224bff8,2018-01-08
a62816c471ac76e802a3abdfad00b5af,882ee7ad589b742925f7252e68183344,delivered,2017-11-24 23:03:40,2017-11-25 02:14:25,2017-11-28 15:32:41,2017-11-29 19:08:53,2017-12-08,ddd6924bb0a8101c1f910509ff573205,2017-11-24
c3c0e95fc6035316212f1b4e2c7bce3d,f81b1c6f9e78f5cffeebb0e7e46d47be,delivered,2018-06-27 13:25:24,2018-06-27 13:35:10,2018-07-04 14:53:00,2018-07-09 16:41:46,2018-07-26,a52bf9973d663f52e38b51b359b4ca4e,2018-06-27
c26f6a2ea3a573319aa40ffebdc1a43a,e6d36fc2a64c3a513e9c571b664bbb8d,delivered,2017-10-14 17:22:59,2017-10-14 17:35:18,2017-10-16 16:13:26,2017-10-23 19:17:56,2017-11-06,506c3588703772bc8a932c7fa46819af,2017-10-14
59fecfd658937396ab6180c0b9a99a89,bd3a17ff830fe6350a15f97c540fc81e,shipped,2017-12-15 14:25:41,2017-12-16 02:35:28,2017-12-19 21:48:58,,2018-01-10,49febe048a36ba9a2b5212478c270358,2017-12-15
edd5efc0d9d7294fe4bf1636c26cf9d9,fd538011351c8b3d5634fa84917d6f5b,delivered,2017-06-07 14:14:25,2017-06-07 14:42:14,2017-06-09 11:48:42,2017-06-21 16:22:43,2017-06-30,76ce1369317d9ef60a5d4e20e49ab53c,2017-06-07
ec6ae689bec92fef124043f61f553778,45ce42e689bdb0412c09886deb96fd53,delivered,2018-07-01 15:04:15,2018-07-01 15:15:07,2018-07-02 16:24:00,2018-07-05 12:12:54,2018-07-25,071fbb58a47c8d4c1405527c585468e1,2018-07-01
4609e3dffa747068028fe0a5962b41f2,0b86a8c0b1664d2b4e10efbd1321f889,delivered,2017-10-19 19:05:28,2017-10-20 09:56:21,2017-10-23 15:32:36,2017-11-06 21:09:01,2017-11-17,b89ba10870f6b2ad9ffb1b2f052df62a,2017-10-19
25fe494885908cc898eceec3e6594d2f,d9f11742a0a75e0c515223b5d85625e6,delivered,2017-07-07 09:32:27,2017-07-08 03:25:23,2017-07-11 22:17:55,2017-07-14 17:14:01,2017-08-01,f11e661fa8fbdf21fdaea982ca44b96f,2017-07-07
0653c5290cf561492eae4f626799994d,7701e6a040e1fe2cea10e5abdffe6df2,delivered,2017-09-19 17:48:28,2017-09-19 18:07:11,2017-09-21 19:30:35,2017-09-22 14:27:48,2017-10-03,bd8018ad6e122daa06e9a5abf75b8af2,2017-09-19
8192ab7fdf1ebdc4ed10c42d0e211ba6,572d8ac5c8e475a51cbd27d7e1f94ae9,delivered,2018-02-13 21:20:34,2018-02-13 21:35:23,2018-02-14 23:13:01,2018-02-15 14:35:56,2018-03-01,e1224167b1a3f92781c2ff55b0b794be,2018-02-13
5ea8047b7dcd75e8366017f7da509406,54b5b8de81c4fb77888e43e3a15545c8,delivered,2018-01-07 21:56:07,2018-01-07 22:07:28,2018-01-08 18:57:03,2018-01-11 18:45:32,2018-01-24,c77024c193c70c3621c61285bf79abc1,2018-01-07
53ae9aaa6ba9fefffe3c0db94f4d2c43,b5cfd134107d931d1bf1b191e016a4b9,delivered,2018-05-28 12:44:25,2018-05-28 13:13:58,2018-06-04 13:10:00,2018-06-13 13:11:58,2018-07-03,3f08390da2fee5b49bf59d9361b9d3df,2018-05-28
8469b1387861c507e8e01dcb28b0dfa4,27990dc9002081bca25007bdbab2a998,delivered,2018-03-07 13:24:41,2018-03-07 13:35:32,2018-03-08 17:02:00,2018-03-09 17:48:26,2018-03-19,26d6eb14a031f3b7909504fcaab678b8,2018-03-07
7a0f0934c14eafa4b5afc9a590b9386f,a8ab6aab2e9e6cbfb98d85c1d7c54dd0,delivered,2018-07-04 11:56:22,2018-07-05 16:15:43,2018-07-05 12:15:00,2018-07-10 21:48:36,2018-07-24,6acea512eccd382dfaefacdd1b1a8c43,2018-07-04
b3b00591b761494d555f5112017ff443,27e7a55090c5a01643445f94be10ccf7,delivered,2017-12-05 14:51:02,2017-12-05 14:59:34,2017-12-07 00:36:55,2017-12-29 11:55:12,2018-01-02,06dda07f22202fdc8b3387fa4722ca5d,2017-12-05
63ca01cc7002ee54c048868356eaffec,b362c2d95a52eaee614ed6309a832ce8,delivered,2017-08-04 21:09:44,2017-08-04 21:23:37,2017-08-07 15:43:38,2017-08-11 18:30:08,2017-08-28,f3eaa4bbb8a5fd3df7f56d04eb72a9af,2017-08-04
891d3c75ab79901d8faa6437f1cfeb43,b038e0260259f784a738835953f32c62,delivered,2017-07-24 16:41:56,2017-07-24 16:55:13,2017-07-28 16:57:23,2017-08-15 16:16:06,2017-08-25,3fcc3e5057e055c2c6371508e92f8b48,2017-07-24
5103f51cb81d7359a0e93c8cc9d5203f,ee219ef2bc1886c1847f43a3e201fb0b,delivered,2018-06-02 17:40:23,2018-06-02 17:50:20,2018-06-06 13:45:00,2018-06-13 15:18:56,2018-07-05,1e91dd1551829ea44f53c92f52cd3a16,2018-06-02
5f74f266ac9d15d865ced07f7486c597,f931c8fa3b77e237d987ed836394804d,delivered,2017-10-06 09:00:26,2017-10-07 02:45:04,2017-10-09 21:12:04,2017-10-10 21:16:05,2017-10-24,1ea38599e1e6f0c11fc2c9675e20d103,2017-10-06
30af846e182aa12984d1454721036e8e,5847c382e4713b0a9479822903fcf5bb,delivered,2017-11-29 23:33:23,2017-12-06 14:56:19,2017-12-07 17:57:19,2017-12-16 00:58:40,2017-12-27,a944a93bfa1d65b1523c45f9ccb01ec0,2017-11-29
b26b464fd969428455a39602052850b5,9f02e8c8148d53f1dde14ecc17123cb5,delivered,2017-12-12 00:08:49,2017-12-14 02:14:37,2017-12-14 20:46:41,2017-12-18 23:42:10,2017-12-29,73a16d227b8890311f474d135afa3980,2017-12-12
26ee9b0996cc3a28168e26900655f284,656477848dc4b3edc9e37da3b21b7c91,delivered,2017-04-11 10:49:06,2017-04-12 10:55:11,2017-04-15 06:13:55,2017-04-18 12:23:30,2017-05-08,5af136e0f8150962dfabd8dd1d998b12,2017-04-11
446e94f0a6c617e2444bee5ee7ed7050,2b776f31be8233e9e24f5b4871605193,delivered,2017-10-10 21:56:29,2017-10-10 22:21:06,2017-10-11 19:37:50,2017-10-16 19:26:45,2017-10-30,6bbb43ebe2c3ecd5de2c848d73b1be22,2017-10-10
dd8bf285d0c34ea29f502c4669d1a19d,5574d7d4f5bdc8e1c7cd5d7a1429a333,delivered,2017-12-12 13:01:56,2017-12-12 13:10:59,2017-12-13 16:13:12,2017-12-15 20:58:37,2017-12-29,cda5769012f0105f1933a760b43ba1cd,2017-12-12
bf5b783279dc70c35854c1df2ec850c4,05f8d9e59afc00d2c299d76618060f46,delivered,2017-09-16 20:50:54,2017-09-19 04:04:30,2017-09-19 15:03:25,2017-09-25 21:22:09,2017-10-04,b106260fccd09b6f8eb44af569153f45,2017-09-16
8a7db04d95da0710527731c9945b4d34,667f9dbecf8b4af58212fe57b5186434,delivered,2017-11-28 16:27:19,2017-11-28 16:36:29,2017-12-06 21:03:52,2017-12-15 09:37:01,2017-12-18,c0d3fe5df1e0d9f039d407115d15b0a0,2017-11-28
7d3641e32d8be63b62c24a62992e6e56,5f0791349a42a9335072ed6b5400e795,delivered,2018-08-03 11:21:24,2018-08-03 11:35:22,2018-08-03 14:45:00,2018-08-10 02:38:44,2018-08-20,9f06a048c00afea13c0d66352dbf4d10,2018-08-03
c77338848d4979e1c775831208262849,c305237d42bf1fbafd47e1dd16046978,delivered,2018-01-22 14:16:34,2018-01-22 14:33:17,2018-01-23 16:52:04,2018-02-09 19:58:33,2018-02-20,c5a2e92bbe86665e7d28cff81737e94f,2018-01-22
ade2cfaa99535244a44133b4116c7f05,7dd489c17d2651b77fdc9834bacbf359,delivered,2018-01-22 15:51:43,2018-01-24 02:52:44,2018-01-25 21:09:31,2018-02-05 12:25:18,2018-02-26,a0d176a2cde245d64fe141d7a28a071c,2018-01-22
e652cdad31d24dcb467a5353d5583ad0,c2d63d487b4bab1ca8ab9134e0058a8d,shipped,2018-04-10 20:27:20,2018-04-12 08:32:18,2018-04-12 17:18:26,,2018-05-15,8d500503f06f962c818857876ba7305a,2018-04-10
352ad67deb8528562cff60c00dc6e99a,408594e77f2d525600de4c1fa6a1b4b5,delivered,2018-07-08 16:06:03,2018-07-08 16:25:29,2018-07-10 15:05:00,2018-07-11 18:41:54,2018-07-19,14cf58301f9140cf72dbe6eb1f4365cf,2018-07-08
4e29ce1795f7036cda644b687ea871a4,50519531841fe7d36eb7f8f4d00976ec,delivered,2018-01-06 14:37:06,2018-01-06 14:48:27,2018-01-09 23:16:11,2018-01-30 23:03:08,2018-02-02,b8481a1849dce23058ac77f7b31a4426,2018-01-06
837e3c0c4c555ad4ea0e6110e7add004,f6a6da61725fe564836a8080f784b0b5,delivered,2018-06-27 18:03:34,2018-06-29 02:53:25,2018-06-29 14:15:00,2018-07-14 12:51:30,2018-07-24,2274c5b3f1b59d5c283656e9ecf46364,2018-06-27
c3ccbb768cf5b9a900ca06d9031c3cf7,094fdf900bcc6efe66b40a6526607446,shipped,2017-11-22 21:10:50,2017-11-24 03:12:10,2017-11-24 19:18:28,,2017-12-12,bec606704b9f1cae460c6464987b0444,2017-11-22
fe4ee6f5250415b2264eac9693949e2f,f0506d417d677f27a31385b606bac44a,delivered,2018-02-02 10:33:55,2018-02-06 04:32:12,2018-02-09 19:08:47,2018-02-15 18:08:26,2018-02-20,1b6d5b92615ec6c0d7dafa4002ba63be,2018-02-02
466788a67857c13f5cda29829a296a92,b4c825d6c0092bad902b89dce80ddd91,delivered,2018-07-29 19:35:16,2018-07-29 19:45:10,2018-07-30 14:19:00,2018-08-02 13:30:47,2018-08-07,9cfcb2c9c4423f2101d813fbc8d52331,2018-07-29
42e3af7ec52f821dbad787963f94a3b4,15aa348e5ea1a418a98e7e8dfd0b9a75,delivered,2017-12-20 08:32:26,2017-12-21 02:11:09,2018-01-22 22:10:40,2018-01-25 21:34:58,2018-01-19,2d604cc546d606e654cee131853d123d,2017-12-20
09d8753e77ffa5e71ba4137166a3b6ad,e7d78126dbaaf94ed755304738b6b645,delivered,2017-11-05 17:41:50,2017-11-05 17:55:22,2017-11-07 20:02:34,2017-11-24 22:24:42,2017-12-13,9c77ef5c10eb297b09aa326cadd6b4e8,2017-11-05
dd7bd4b50d554cf0c41fb4c0cfccdedc,9457de49ae6cdad8a4be1c7d37c118f9,delivered,2018-06-15 12:19:19,2018-06-18 11:02:34,2018-06-18 15:13:00,2018-06-21 20:05:14,2018-07-05,2a7bbfa4d21e5b0f802fe5312c1cc4da,2018-06-15
043ad325c92b4317f9ff48836a7a4e9c,56df97ca1e2d8a36ee049c9427f9d447,delivered,2018-06-12 11:38:30,2018-06-13 11:39:14,2018-06-15 07:46:00,2018-06-20 15:28:58,2018-06-26,dd726e954ce7cb0fdcb2acab9863695a,2018-06-12
fc1be7f6cfb7b99bdf73f54a357bf4b7,24f14024c800c093e3261e14158dab03,delivered,2018-07-28 16:38:14,2018-07-28 16:55:21,2018-07-30 13:22:00,2018-08-02 16:55:02,2018-08-09,336997ec3051eb32cabd9564ba1980c3,2018-07-28
ea1746bab086c3edea7d06f8cc510bb2,8ec8872f874afb9cc81560b9c70d07bc,delivered,2017-10-27 13:28:35,2017-10-27 13:35:15,2017-10-27 19:47:09,2017-10-31 16:23:45,2017-11-06,2e761fd73d8e33f996bdb5022f146029,2017-10-27
7fff8403a17cbabb03a5b81050a51012,e4d4219c900e77c92de2e2abf68d7501,delivered,2018-08-23 23:13:51,2018-08-24 01:10:17,2018-08-27 15:19:00,2018-08-28 20:57:49,2018-08-29,9f3624c918ae7122fbb6d9b939289345,2018-08-23
b27772444ff0dfa4484849857a81d53d,bf0b8f0269521892daa24252b13b77fd,delivered,2018-06-13 20:08:25,2018-06-14 04:15:08,2018-06-15 14:15:00,2018-06-19 01:38:27,2018-06-25,937ab586be6e072e840176da021d978b,2018-06-13
fc7e0e70546cba116020b8c07f87da04,c2d0ef04518550c0cffff11d19b9acde,delivered,2018-01-22 20:41:33,2018-01-24 02:38:28,2018-01-24 21:52:25,2018-02-20 16:24:48,2018-02-06,7d162a0926d6f0d1a3aece8d8d93fb0d,2018-01-22
e07c64fe885ae1dfd6e293336f695e80,c88b8f8d83fd49f2860c1cc7a52eba57,delivered,2017-04-25 09:48:56,2017-04-26 09:35:49,2017-04-27 11:05:43,2017-05-07 11:15:52,2017-06-02,da16cf7e1571b8e96b780ef5e96a6090,2017-04-25
3f5c39e43c1ec1232676e88090d48fe7,209ad2bfbe7e0b781a5d22d92ec099f3,delivered,2017-05-02 22:11:54,2017-05-03 15:30:19,2017-05-04 09:08:16,2017-05-13 09:39:37,2017-05-25,ebcfea2aa4ee12ae2069e0f49139d419,2017-05-02
9950e10864fad6c02ade4829884ebd39,ceb4667fc3851809ade8a13953032538,delivered,2017-11-25 00:50:58,2017-11-25 03:17:23,2017-11-30 00:02:58,2017-12-12 18:52:52,2017-12-18,091f7424ba44e6db2873fb68ef2e67b3,2017-11-25
7940121491c0b1c3b7dae6f2b1f77e4b,fdbc7516376d14a129da25bdfc80b3a5,delivered,2018-02-06 00:23:30,2018-02-07 02:55:55,2018-02-07 19:52:33,2018-03-01 20:12:38,2018-03-06,9c9150053c344f992694c053e0f892ee,2018-02-06
7f618e95a2132e363ba0b67f76415c93,b1267567b1744b186f07775c22d1c157,delivered,2017-06-28 14:01:45,2017-06-28 14:10:13,2017-06-30 15:42:10,2017-07-07 18:45:36,2017-07-20,31c0d3595ec8a72962d0c2aa7a04fa27,2017-06-28
34f9adeb19b3048fe136cfc0fd8340a1,a1aeaf6f487aa3a4e8bd67fcd86511c5,delivered,2018-05-10 00:13:22,2018-05-10 00:33:58,2018-05-10 14:28:00,2018-05-11 13:32:35,2018-05-18,2627b721fd62cdea6685bd8da7502ff0,2018-05-10
36d14b81ecf8040d8aba489adf111a94,6b4254cccae427caccdd90c738b60f31,delivered,2017-05-03 16:06:34,2017-05-03 16:15:25,2017-05-04 12:05:29,2017-05-25 19:47:58,2017-06-07,2dfb04c19b2c957a47ff3ca8c1205349,2017-05-03
dc39e9b4bbe970588456c5547324593e,8289e9044e68003dfe33936c3c2c2799,delivered,2018-04-29 13:36:40,2018-04-29 13:51:06,2018-05-07 12:31:00,2018-05-11 14:08:49,2018-06-12,f652abc552c8306a8bc86272a77ea5e8,2018-04-29
80bb8e6802ed134ab01c6c5ac52f0647,540253928d482f56114c57accd3d9465,delivered,2017-03-05 17:09:21,2017-03-05 17:15:15,2017-03-08 09:22:44,2017-03-23 12:51:44,2017-04-04,a26923842544a74bcbcb25dca76e47e3,2017-03-05
3bcc12f1de0b8f1a83703545794e5d28,1ada5f3f39281689dab50b560ab83862,delivered,2017-11-24 15:22:54,2017-11-24 18:13:38,2017-11-27 17:42:12,2017-12-01 20:32:19,2017-12-18,d390064ad9da4f7467ff06ddfa865b6f,2017-11-24
aaaa1cf782eda8062dd7d1aae7a40490,09b0dfe18b73459a2a3815f963898870,delivered,2018-03-09 20:28:22,2018-03-09 20:48:20,2018-03-12 20:06:54,2018-03-23 01:48:42,2018-03-27,cc6815dfdcff2afd48fe986d54828fc9,2018-03-09
4382b2408a28f4f8ab2a7012590b6287,09d90069e85e32d938a8b997024c7ce9,delivered,2017-11-22 11:31:44,2017-11-23 02:38:30,2017-11-24 22:28:57,2017-11-27 19:19:08,2017-12-05,371beb9233022ec6eb3b3c0c7e02cdf9,2017-11-22
7ac617c6f13e6890a30d029b0bc3e904,6decb0d0862d5788cfb2b2f41a4c2bf9,delivered,2017-05-05 14:04:37,2017-05-05 14:15:14,2017-05-09 08:22:20,2017-05-16 14:37:09,2017-05-26,ec5dd9e9e23235dfe130946883cdc82e,2017-05-05
a35bf517586a9609441f4d6f8db9f6d2,022b1e47fbf658d8e3865c8753bf361f,delivered,2018-02-25 08:07:06,2018-02-25 08:15:22,2018-02-26 23:19:22,2018-04-05 21:48:32,2018-03-28,0623c2d27abb37e8ad0ac4c8328ea5ad,2018-02-25
0c897c38d294bbc817bc78528cb47e27,b047a1af40cee55a815fe7075e4f1a74,delivered,2017-09-20 22:51:48,2017-09-20 23:05:34,2017-09-21 19:50:19,2017-10-14 00:21:53,2017-10-20,927c1b4bd2d326409fd16eeedaa9ea30,2017-09-20
afe99ae914ade8c6cc4b6bb2db33070d,906cff77a39482bd76ede0f9a0938479,delivered,2018-07-20 13:24:24,2018-07-20 14:05:14,2018-07-23 12:39:00,2018-07-31 16:41:00,2018-08-16,26eeafb746fcaa7f640aad03a1410fa5,2018-07-20
bea86cb4ad19aaeb7bb4bd8f06066c03,8084cd8587e998d6d3abce1ab618e927,delivered,2018-03-25 19:15:10,2018-03-25 19:30:39,2018-03-28 15:38:36,2018-04-04 20:49:07,2018-04-18,aaf1073f5e24306f7d20f63e5804825f,2018-03-25
cb42eafc3017a42886e3c0bf40dabee6,90422e172674bbcd8cfd3919e4d10f6b,delivered,2017-12-05 15:54:30,2017-12-05 16:21:16,2017-12-14 00:52:04,2017-12-19 19:19:14,2018-01-08,3eab7f4e644bc73006c453c8faaba8bd,2017-12-05
687fae09ac6fa7c5e99990afb9ddea3d,cc176d2627b0df66f50f24773e92219c,delivered,2018-06-21 22:13:43,2018-06-21 22:38:20,2018-06-22 14:59:00,2018-06-28 22:03:41,2018-07-25,27fab33474655588a2059ef89d87dfa9,2018-06-21
e834a6d9d3cea0c687c250fc654a0232,4f57a446d106709bea9b89adc073bbd0,canceled,2018-04-25 16:48:12,2018-04-25 17:15:18,,,2018-05-14,4b9c1e46a59a75a9af94bc7e355b97a0,2018-04-25
db7059aeda4a4b33b40700c87731ae15,c5e87e44425d8b1adc3650af46744779,delivered,2018-06-06 01:54:04,2018-06-06 02:13:09,2018-06-06 12:34:00,2018-06-16 17:14:37,2018-07-17,7ff3d446d58b6f67d967ada4a38e29de,2018-06-06
fa7e8db523dd1cd2956e294889d6e611,27485717197b3f06c3c7186afd687382,delivered,2018-02-27 08:33:25,2018-02-28 09:36:22,2018-03-02 02:22:55,2018-03-08 21:38:32,2018-03-22,d8cdb31213929b6dc53dca4eadc441e2,2018-02-27
7889ce550f16a1fe103ffcf2a4a537c2,28d5ddbe17cf2c62357a3e08db9d6c47,delivered,2018-02-22 15:03:09,2018-02-22 15:30:40,2018-02-28 18:48:45,2018-03-08 01:09:19,2018-03-14,4efe6cb02c413573c28f3cc7789fd5dc,2018-02-22
f56fc50c76285f17b655e6bd5a210799,5fcb65ba68f3aca54fa0c221d8b7150c,delivered,2017-07-01 15:59:33,2017-07-01 16:10:14,2017-07-03 14:00:34,2017-07-18 21:37:28,2017-07-28,d653c4815b8acc1fc51ff80339329490,2017-07-01
071251fe3b3493294536f03737a8a679,e0a1d2de2e8046564b9c4de4a47ceb50,delivered,2017-10-26 12:26:44,2017-10-28 02:56:07,2017-10-30 18:53:12,2017-11-08 20:24:42,2017-11-21,2a9671898590b884d3b740014991a33d,2017-10-26
e7dfe42bb50a6acce37e168e44260a51,97421afb531a2c357e152626fdecd126,canceled,2018-02-14 01:59:02,2018-02-14 02:10:22,2018-02-14 20:29:03,,2018-03-09,90616b7222bda6620dd1bfb66d1c8915,2018-02-14
162b56a349cbc23e6ff66357119607d1,f24cfdb0cd7dad2f826e856d9c64751c,delivered,2017-06-26 12:40:35,2017-06-27 04:15:13,2017-06-28 16:33:38,2017-07-07 19:46:30,2017-07-21,34f681f8be125d85ca6359872c61f6d2,2017-06-26
f803879e0bfd93a6599c19a3f2b4b74b,c6188332d03eda1612e7358123e012df,delivered,2017-06-14 15:41:44,2017-06-14 15:50:19,2017-06-16 15:23:30,2017-06-22 14:22:06,2017-07-05,8970ab3c1e233a3b742a8ea7909518d1,2017-06-14
3d6002f122e72a5d6e07d4c54e79e3a4,b64829ad9cd22c94718e7000539cd318,delivered,2018-03-21 18:59:56,2018-03-21 19:10:24,2018-03-22 20:34:01,2018-03-23 14:53:28,2018-04-03,d3359a56d96666ac0c21bb01e7a61c95,2018-03-21
1651555dc7398bd9445d899544a6f3a8,cff990d71f28a80c1cda339dec9b4c9b,delivered,2018-05-07 09:10:54,2018-05-07 16:55:39,2018-05-08 15:42:00,2018-05-22 21:24:40,2018-05-24,abf7bfbef43d7bbe566b7c2a505924d9,2018-05-07
5d389775a013b9eb8fcdab4cdc1eae1d,1004ffe8679b2e76e70417c5224b71ee,delivered,2017-02-03 16:25:13,2017-02-03 16:35:17,2017-02-06 13:27:11,2017-02-10 10:51:54,2017-03-14,9445e4dd2324226ebcb8a09243046a76,2017-02-03
96eb3b1e9be34336c89369e6efa182f5,efb6de351a6330ac5f2b85b9b4004e8f,delivered,2018-01-16 12:35:44,2018-01-18 02:13:17,2018-01-19 20:48:34,2018-02-09 17:04:07,2018-02-21,7f75c25fd1b25a3cf3caa30761552031,2018-01-16
8420f1ac8b8cfd72a9f2745b55482462,731dc3e981e6c5c390acd0cf03ccc05e,delivered,2018-01-25 08:58:38,2018-01-25 09:13:54,2018-01-27 11:28:31,2018-02-05 23:07:39,2018-03-01,1b9f6e4483b20cecc615d7a315c4cd03,2018-01-25
e18ebd6286697a3f0f6fe267d8286cb2,de3488839c20b6109821b6a1af9818df,delivered,2018-01-08 12:09:06,2018-01-08 12:17:25,2018-01-10 21:23:06,2018-01-11 23:16:14,2018-02-01,f98ba45b711901694978daec941423c3,2018-01-08
a671fda2c37400a1c328ff9c7c492fe2,8ce26661b5d4ebfd9eef23bff861003b,delivered,2018-02-17 01:20:12,2018-02-17 02:07:38,2018-02-19 21:42:35,2018-03-06 20:38:29,2018-03-21,3c884190b71bbb36aab161465ff1d2c7,2018-02-17
5355cd279109f53086e889f05ff7d62d,ebcbc52ac10f080c45481fc62ffb367f,delivered,2017-09-14 21:09:30,2017-09-14 21:24:49,2017-09-15 17:37:45,2017-09-25 12:35:50,2017-10-10,90cef6cbbc423b65e6f933b48893e739,2017-09-14
d2eb9999568d1bba9d671c53926039cc,403c7562d9692e5a762a79faf64b6e00,delivered,2018-07-18 22:38:08,2018-07-18 22:50:12,2018-07-19 12:51:00,2018-07-23 21:43:45,2018-08-01,0af06d73980ef16baa634f9cc4b23209,2018-07-18
a5dfe2f94a7c8cb55a435a6ed9fc2c12,7838d18f32fd8c01bf0712b588663c16,delivered,2017-05-01 19:04:07,2017-05-03 11:35:43,2017-05-04 12:15:24,2017-05-15 12:10:57,2017-05-26,4f565e623a2b39b6b3d36aa1678f9e92,2017-05-01
604614c5012e0fbe1bc3f9b43aeca34f,06327b190c9002f404bfe42a6a48e969,delivered,2018-03-03 17:23:55,2018-03-06 03:55:51,2018-03-06 23:48:56,2018-03-13 19:14:21,2018-03-26,fd14abbc4b4129dc61a98311f174d71b,2018-03-03
66d77662d1b603b2a132dc906f5ed8c0,41f5935e006ab982056004b85cd7d612,delivered,2018-01-11 18:29:47,2018-01-11 18:47:40,2018-01-12 22:27:50,2018-01-23 02:05:56,2018-02-07,447e2e8ba78fb1a08bd071fce27aeb8a,2018-01-11
6d0f408f4dbc8d4ea87b6c5d5ab48775,1852f3d749d3d940b5e62c1c14c4a197,delivered,2018-05-15 14:30:51,2018-05-15 14:55:18,2018-05-16 15:37:00,2018-05-23 19:32:36,2018-06-06,4e81738c53901b2951b9c119ad918583,2018-05-15
ca5e507d8621f833ffba625f3303dbf4,8d3a27792cc0e752502649b2d277c90b,delivered,2017-05-14 11:01:33,2017-05-14 11:15:15,2017-05-15 15:05:16,2017-05-20 12:24:47,2017-05-24,bd4f6b9e6439afd1f1bb39f8a08ce232,2017-05-14
d524e77bf9d7d01dec8ba849212ee527,c322bb3d55b2c6c71f93c9c93c07e8e0,delivered,2018-08-02 18:04:17,2018-08-02 18:15:17,2018-08-03 13:47:00,2018-08-11 00:46:43,2018-08-21,c175970ef51f49df0fac8782ffccc2fc,2018-08-02
5a909d6376edac123359549cd82341df,399178f4096fc06d8539ca9b877f7c15,delivered,2018-03-06 21:33:52,2018-03-06 22:09:22,2018-03-07 20:22:18,2018-04-06 21:31:58,2018-03-23,c3c609c977c96c78121d5421ca12591a,2018-03-06
68a049ac76db01ce0790c5dc64351140,2ed6de13efab725e91e77e8a955362d9,delivered,2018-08-06 23:57:11,2018-08-07 00:10:25,2018-08-07 15:29:00,2018-08-16 15:46:40,2018-08-20,82733a80d34737aa9a9696794feeb841,2018-08-06
171c622bc5e64b427c2708aac335fe6c,5f5829f52483f22c186a6db61eb4ab56,delivered,2017-02-23 16:55:51,2017-02-24 06:50:49,2017-03-02 06:51:44,2017-03-08 12:14:32,2017-03-24,e1cf735f320c9870c2046dbbc634fcec,2017-02-23
49bf06962eeb0701f8757f0a7d6d74d1,5f2811da00ecd6108cb95640aabf2fe4,shipped,2017-02-20 09:42:29,2017-02-20 09:50:24,2017-02-22 09:00:29,,2017-04-06,1b0c62f19854c51d917f23a6d38df495,2017-02-20
dd1e6c3ec773916f8f48f7401beefc6a,2110896424abd0f0691b90629c70cce5,delivered,2017-11-22 17:01:59,2017-11-22 17:12:20,2017-11-28 23:17:08,2018-01-19 23:28:26,2017-12-12,05ec100379c82fd893a9ace89f60dadc,2017-11-22
5c65f6e8b3825aeb9c088dc89edec2e5,1e660f43dd676ad1838e7fbcf617947c,delivered,2018-06-04 17:03:57,2018-06-06 02:54:28,2018-06-07 11:17:00,2018-06-14 15:26:43,2018-07-17,33176de67c05eeed870fd49f234387a0,2018-06-04
a0312f29adf4584ac12f17aa74ca8f64,7e84a37250bb84475cc79542b538236b,delivered,2018-05-12 00:43:27,2018-05-12 01:16:41,2018-05-14 18:51:00,2018-05-23 14:58:42,2018-05-22,432befac2f6780bd9a93bf2a43269e88,2018-05-12
50bc730e6b9b604528b9e2af69b9fe5b,3453f7cba8e9d583f249722e9bd22038,delivered,2018-01-19 13:59:24,2018-01-20 09:10:36,2018-01-22 18:39:00,2018-01-23 15:08:53,2018-02-05,3fbba924a0d59d3483cdb5fe5234445d,2018-01-19
a50456c8fe575e192697e5f87d77a52a,d40aa925ed99c3322c7719f1ae2adb6d,delivered,2017-12-11 18:37:56,2017-12-11 18:51:53,2017-12-12 18:05:28,2018-02-01 14:45:46,2018-01-05,6515c836a83e242414ee997e0ed4afbc,2017-12-11
269dca34759215efcea85ba5b0333351,ef750d311ffd2f8ff044451e653a0181,delivered,2017-08-02 21:21:21,2017-08-02 21:30:10,2017-08-03 17:23:37,2017-08-09 17:09:13,2017-08-24,a3be37c56727c179cbaefa67f424b3d8,2017-08-02
a4d70f0aec6cb2f3918729c54bb38538,484bead74b34094eb995e4ecee252deb,delivered,2018-06-10 19:01:26,2018-06-10 19:15:12,2018-06-11 10:44:00,2018-06-16 13:25:31,2018-07-25,b5988313a89f2d30445fb18971677259,2018-06-10
3a49b6bd30aef5e2c1097738adee416f,85c300925a8a3da681a6b021551d239c,delivered,2018-06-03 19:05:44,2018-06-03 19:15:14,2018-06-05 14:33:00,2018-06-06 23:36:48,2018-07-05,a5c133a6a95d06f06939fd961fb8a0c3,2018-06-03
d6e3a9f9be1350d1e2bb6e25e8bfd05d,13a9174710a2a98da53a186dd90c0292,delivered,2018-01-15 23:15:26,2018-01-15 23:29:57,2018-01-17 13:24:44,2018-01-18 16:39:04,2018-02-02,795c1622cf7a53d63d324e862349d01c,2018-01-15
68439574f7cf6bd7de0b37d0e1321c7a,444d998dd9e7d510c9d2372892d89c50,delivered,2018-01-31 11:23:14,2018-02-01 02:56:49,2018-02-05 12:32:28,2018-02-09 20:22:15,2018-03-01,52a1083db4d0d0e365033c941d3cee38,2018-01-31
ba06fd3e802dae04b1a5a02f10d47726,55cec9069676ae68832c46af940b9f07,delivered,2017-11-27 16:37:00,2017-11-27 16:50:24,2017-11-29 22:16:58,2017-12-12 22:32:54,2017-12-18,13b45062bd5c0eebfb27f49e85327701,2017-11-27
4608a27e9e60c05b054631def491e7af,4fc51f554378926d8ca80aa1b1d13b1b,canceled,2018-08-28 08:10:22,,,,2018-09-12,4e1554d1a2dcb38dcf22770eb7390fe1,2018-08-28
6af818a251febcd39d030ffdff923fd0,5db7952e35e5c9d106f6d8e390c6e31d,delivered,2018-04-18 19:29:53,2018-04-20 07:31:51,2018-04-26 13:44:00,2018-05-10 20:29:59,2018-05-18,aea26aa7c46bae30ac9efa7f048d1c6c,2018-04-18
8b648f3b8380162bf589d5ea0d49f5b2,82144a8f1a65c32941b8ef245fede864,delivered,2017-12-17 23:30:16,2017-12-18 00:33:13,2017-12-20 15:03:37,2017-12-21 20:05:42,2018-01-08,cbdfec139ca5e856290eac54de24e600,2017-12-17
fc2f758d05227510a9f46e37a1e0095e,db9f32899c9b8907a3ac4b4394f216a0,delivered,2018-05-05 10:40:02,2018-05-05 10:55:21,2018-05-08 08:53:00,2018-05-09 15:58:59,2018-05-22,1b1769eab99217c9a006c25b7702bb3b,2018-05-05
24848282f53cd38724e7f7e20bd4027b,64dbaaf4c826ae2589b816fedf00631e,delivered,2017-09-10 14:28:05,2017-09-10 14:35:16,2017-09-12 17:00:02,2017-09-26 19:33:12,2017-10-04,d831920740803fe95943cf7c9f243ee6,2017-09-10
bced9d44b71edeb7df9229c6b86fd784,126f85dfb321cccdf77d72f610c0b5a3,delivered,2017-09-12 23:58:05,2017-09-13 00:15:15,2017-09-18 20:29:47,2017-09-21 18:14:10,2017-10-10,783b9cc8e8321e08e6a8ee72584e1b42,2017-09-12
0af1da637acdb5fdd0d77bd209530157,d3e29a43c924fd6064e10fe50ebc8925,delivered,2017-06-28 14:43:05,2017-06-28 14:55:17,2017-06-28 15:47:16,2017-07-12 13:17:39,2017-07-26,5ad76b2e1b9830ec678ccda420872dcf,2017-06-28
6d9a301ad93b5c24c6cff8e4f9cbe276,0863ec11de6ce167e48d77313f91d83b,delivered,2017-05-03 20:54:43,2017-05-05 02:15:14,2017-05-05 17:08:04,2017-05-17 10:13:53,2017-05-26,29a2efb1c86fe8d7719758f5dce78500,2017-05-03
1d4f81fabfc6dadb18f166298fc6aaad,df356cdb085cb42613a303002a1c63e5,delivered,2018-07-01 13:08:05,2018-07-05 16:27:24,2018-07-04 15:11:00,2018-07-06 01:03:55,2018-07-16,3241bdc6e2f2ec8f8b4a69d4643d0bfe,2018-07-01
0bfb3ca2ac0d1d45fff422a646f5c1b5,f764510cc6fd1460d82e0e0f7a460923,delivered,2017-07-03 21:26:15,2017-07-03 21:43:47,2017-07-05 14:46:51,2017-07-11 19:37:47,2017-08-18,67b5d15a0fe967c8e54f9a5d7909840b,2017-07-03
21953f0f5d8d20ed590fcb9683be8b6d,829712ebcb9948606c4a1665539a8b4f,delivered,2018-03-21 19:52:25,2018-03-21 20:05:30,2018-03-27 22:46:35,2018-04-19 18:19:08,2018-04-13,bfab0ca919240683c49cbcd38a09d7d7,2018-03-21
570975ba79d1ebbf8ea51ff4536e8b9e,6b75b04a00f135feb0e4605f4b62359d,delivered,2018-08-19 19:52:18,2018-08-20 13:09:53,2018-08-22 13:47:00,2018-08-29 00:11:32,2018-09-13,d71782f80c823a8d5ccd7f6f8e211c8d,2018-08-19
5b9da7851555fad1474e656c2af2979a,565004177a5b7c33f7f8898434b6ed6d,delivered,2018-04-13 10:58:46,2018-04-13 11:17:23,2018-04-13 23:48:33,2018-04-19 22:11:13,2018-05-10,d3e37305cc017f3285f738cfecac98f2,2018-04-13
538306d5780984ada0ea3b277ee85059,87be93f91f5b699bf93d5654b18c05da,delivered,2017-11-30 15:19:51,2017-11-30 15:35:48,2017-12-07 23:51:42,2018-01-10 19:37:00,2017-12-28,0f8cc5b0d6174f58e2a0f2c569ebabc4,2017-11-30
6c7132d0849d1aba9e36d48456b3f5fd,08bf8049c3b95687e22cb0ba6468fec8,delivered,2017-10-28 12:08:35,2017-10-28 12:26:18,2017-10-31 16:32:46,2017-11-06 18:43:07,2017-11-21,11ac549fe00a941c3b8af366c22da409,2017-10-28
70919895801d7ea61ce452562b76e3ba,eb5bf624edb0f6368055aa558ffd2b23,delivered,2018-01-07 17:35:15,2018-01-09 07:26:07,2018-01-09 22:34:02,2018-01-18 13:24:28,2018-02-15,e2083012443da79cfafc6b423fa64a75,2018-01-07
bfb319221f8164f860374cd0cf9f9859,4b678fafb0a9ac6fa3ce2670f4cc2a3a,delivered,2017-10-04 17:20:15,2017-10-04 19:38:48,2017-10-05 20:57:37,2017-10-23 20:34:43,2017-11-07,6b7fff4bc92df4932c55a519702b0d9e,2017-10-04
679bfcdc0a607b524c44ed093e318346,3ae4dfdea4e9a09272a08f76428ac8c3,delivered,2017-11-15 16:24:24,2017-11-15 16:46:12,2017-11-16 20:02:41,2017-11-17 19:12:13,2017-11-29,c85c74a4e47a02e7cc0587d09f464b91,2017-11-15
c95bd943761b792191f6966a3691fdd5,3a7c376f617c8d0e2233e6854c63d39a,delivered,2017-05-26 21:43:20,2017-05-26 21:55:16,2017-05-29 09:04:02,2017-06-02 13:12:15,2017-06-20,bfc37ae60518a5e6ceb9a60e75089075,2017-05-26
537b641a5a1d26552c4354d3ee35c7bf,53a9811a73fc95da04d8319be37d76fb,delivered,2018-05-15 18:43:07,2018-05-15 19:12:13,2018-05-16 12:12:00,2018-05-24 17:11:18,2018-06-05,cf1ec391d6df781ba506ad006188ec9b,2018-05-15
fa55043a687b814114cc0aec038ff1b7,3f9d209f9535615d0b936238dec7ae96,delivered,2018-02-11 19:21:17,2018-02-11 19:35:30,2018-02-19 23:38:36,2018-03-06 12:50:48,2018-03-28,aac0f10925c86cb0ddc3e5231d73c976,2018-02-11
6d781e62fc99f1af77ad37974cb0a1b4,63708dffa21ee6d5487406cbcf357983,delivered,2017-09-12 20:28:16,2017-09-12 20:35:28,2017-09-14 20:57:39,2017-09-23 16:03:40,2017-10-03,0c8f5fb32384dae276d0f8be00096025,2017-09-12
1b00c25be45a0f9ab100986981fb084d,5525ff1b53674cc931349603b07b8c3c,delivered,2018-06-25 00:35:00,2018-06-25 00:55:32,2018-06-25 13:29:00,2018-06-29 21:58:36,2018-07-16,70b0f1f314eed3cf33cc40a84a278580,2018-06-25
c1808aaca844e2210da16bb46767586c,2d88e5d523368eaa7df260c1fba930b0,delivered,2017-11-24 10:23:27,2017-11-24 12:32:10,2017-11-29 21:21:15,2017-12-06 21:12:37,2017-12-20,36ade6313f3817650f67d5a064c3d126,2017-11-24
c621519092fd9754777ee79a0680a2ac,d0fd1441f726eb4b038f33dce66e981d,delivered,2018-06-15 22:59:09,2018-06-15 23:21:15,2018-06-18 15:01:00,2018-06-21 16:28:41,2018-07-05,a227b1b32efb18bce6c5d3cbf9096e2a,2018-06-15
a2dd2555832adf77db576aeb3906f57e,ddd964490b868d062509e5e0dac09564,delivered,2017-11-28 23:06:15,2017-11-30 02:23:36,2017-11-30 18:24:58,2017-12-09 15:14:37,2017-12-26,b5365685cce9b8e55693434c83891942,2017-11-28
525c4dbcaecd35a5fac2e4053589df08,968e561e3d26d0ab0eba0978942f2806,delivered,2018-03-15 11:54:21,2018-03-15 12:15:40,2018-03-19 16:15:47,2018-04-17 15:51:57,2018-04-09,d97d249adb08a313a18cbde00620769a,2018-03-15
a33491b78e10dbccf1e59fa7d5daf81a,2f0988cb17924c40151025a712206bf2,delivered,2017-05-29 13:43:45,2017-05-29 13:55:14,2017-05-31 10:52:36,2017-06-14 16:47:37,2017-06-27,47cdcc0332a7ed9adaace4ca81164618,2017-05-29
8683ae8607ec5fd83805116545a82385,4eeb9ef829326203bedf160634900db8,delivered,2018-06-01 01:50:02,2018-06-01 02:33:11,2018-06-14 14:32:00,2018-06-19 18:46:28,2018-08-02,c577360d17a96c95a6834efc1881fe02,2018-06-01
5d062811114a1d4fa25eeb314ae05bb1,6003ca93a4e8636842c327f14a2fc3a3,delivered,2018-06-25 11:37:34,2018-06-25 11:57:50,2018-06-27 08:34:00,2018-07-02 21:11:32,2018-07-18,13d5ddc0789e5cfa4868996a1b21b90d,2018-06-25
5ca376cff085294d9b8a396d8c9834ea,4fece99243598d047490d4d4ce058897,delivered,2018-04-05 17:27:00,2018-04-05 17:35:31,2018-04-07 01:18:06,2018-04-09 16:05:43,2018-04-17,3f083a4f3e9bfc221ad593bb50f7e6d8,2018-04-05
41a1702de429a9f03364932da1ff1986,477dbe012cf30f41f78e400b11aa5013,delivered,2018-02-04 18:10:42,2018-02-04 18:29:42,2018-02-08 15:43:06,2018-02-25 20:35:29,2018-03-05,7314422176ee7f17fe020b8a9569b994,2018-02-04
b2e54b3ccbc9c423893aa9dbe19dcd73,550fc4a83290572e965f77f8c53913b4,delivered,2017-05-04 09:48:47,2017-05-04 10:02:53,2017-05-09 08:48:02,2017-05-19 06:34:03,2017-06-07,05205c3546aefb9ac9436fed99f92af1,2017-05-04
453e76957c508954ea1916f4ea18739e,e326bff07189a0c360703089bcf506ed,delivered,2017-08-11 21:40:24,2017-08-11 22:25:18,2017-08-17 19:42:27,2017-08-24 16:22:33,2017-09-15,912c80f32c41b9e56400ef8e073a866b,2017-08-11
2b8c5991476242babd85ba5b7ca5a7cd,e2a4a6f0fa0aa313974d5a53879a8218,delivered,2018-08-07 23:46:11,2018-08-08 00:05:02,2018-08-08 13:54:00,2018-08-11 00:44:26,2018-08-22,937957cb1bc6deab6796d96f528d849d,2018-08-07
af1c0dc1f2cdfc4a74069019fe837717,1ef032b4ed8ab648ae7f436aa2c3216d,delivered,2017-05-31 17:36:48,2017-05-31 17:45:14,2017-06-02 11:15:50,2017-06-12 14:46:44,2017-06-29,4857d6cf05554302bd9d6cb82b60739e,2017-05-31
b3d71a2000f053668c1baac73b5fe4d7,331433a5f105c6ecb2be21818b8c142a,delivered,2018-07-17 00:32:45,2018-07-19 02:45:21,2018-07-19 13:41:00,2018-08-03 15:08:52,2018-08-03,b72e8b036b1f6dc1c09714ba57a746c8,2018-07-17
debac352e54823e317babc2b6182b188,aff94b0f1d55ff958afb8d79b304d547,delivered,2018-08-02 15:49:06,2018-08-03 04:35:26,2018-08-03 11:37:00,2018-08-08 14:28:43,2018-08-13,705050f4eda6b8b9e7c38a5e61bed2d6,2018-08-02
979192c67822fc3a9c7a8d78bf8d1abc,ff86631b9d2cc921e7c70cee04a93705,delivered,2018-02-14 15:29:27,2018-02-14 15:48:00,2018-02-16 16:06:25,2018-02-21 02:28:35,2018-03-07,202c5a23e7c0056f176d40683c99bba9,2018-02-14
e062128a636025faaa59e161cf4554cc,6d03156a5598efbd42d0021d5f30bec3,delivered,2018-03-18 10:29:39,2018-03-20 03:15:50,2018-03-20 18:48:53,2018-03-24 16:05:00,2018-04-25,e0c0df3ada9b5f8be03c0df94ac63ae8,2018-03-18
25f680bf746bec3df11d48318ff015de,fd997caf29864e0b5e0d328a2d163e3f,delivered,2016-10-09 22:42:35,2016-10-10 11:02:43,2016-10-27 17:11:35,2016-11-01 18:04:41,2016-12-02,4a6959f9a4aca95bb3733032d0a50c9e,2016-10-09
dc82732094ba2671604e8a318714bb78,42d7c7a6251635276d0018efeaa9f7b2,delivered,2017-11-29 13:54:04,2017-11-29 14:29:36,2017-12-04 20:38:47,2017-12-14 00:18:56,2017-12-20,dc5ffad268ff33250b2c77e43e2b77ab,2017-11-29
4b5cf6901062fc5fda94db5e015089b8,ad11c35161c90b71b70d5f598fecdd09,delivered,2017-11-12 13:33:57,2017-11-12 13:50:26,2017-11-14 22:09:22,2017-11-23 00:58:57,2017-12-06,a824f1926ada8e0765adea9b4f1babfd,2017-11-12
8a6d1317935fc8ba385da595dd3bf2be,92b3d4d2f79520dcb1433a7be39499fc,delivered,2017-02-20 09:28:19,2017-02-20 09:42:13,2017-02-22 12:59:02,2017-02-24 10:41:38,2017-03-21,bd0f8d6b6bc185debdf79f91ba30fdc6,2017-02-20
256439883edd623b95487713a1a0447f,a4541646c20781dcb25b834a5810eb66,delivered,2018-08-18 21:35:57,2018-08-18 21:49:58,2018-08-20 15:33:00,2018-08-23 15:28:52,2018-09-03,626802ad04f9db2ff5d053de21a1ef67,2018-08-18
9d5ff0405549c979e36682bc5d8b9306,f4256e397cf2c357af2b5cefb00d354a,delivered,2017-08-24 15:36:39,2017-08-26 02:16:12,2017-08-28 21:37:34,2017-09-04 20:06:06,2017-09-18,80d66527975b46f2bc5641fa21df829c,2017-08-24
328c309ec547992c3c426906fe279dc0,ea1db785abeb76be99f949bce241eade,delivered,2018-04-29 09:44:15,2018-04-29 09:55:14,2018-04-30 13:14:00,2018-05-08 13:22:58,2018-05-18,3267e3bbba0c09052201e3703b978aeb,2018-04-29
27f1701adfc69c0a85e9f59345b795df,f6ced24a98fd8ab53c50ebbfdf6c1375,delivered,2017-04-18 12:47:15,2017-04-19 02:45:19,2017-04-25 08:12:31,2017-05-14 05:14:53,2017-05-15,ace285a2bebd4eb4a69cf13a91e726d0,2017-04-18
9abb2627b40ff1591e62553894e6b312,83ee662793d8345e9619b6d96f5b9d15,delivered,2017-01-31 17:31:36,2017-01-31 17:45:18,2017-02-01 10:58:21,2017-02-07 08:28:03,2017-03-09,69e4074cb5368c1539397e4ea570757a,2017-01-31
7701ecd93e987006334fba168c936f20,cf5fa0284e02ae57b187a0f57ba11133,delivered,2018-07-17 20:17:21,2018-07-17 20:30:09,2018-07-18 09:35:00,2018-08-09 16:47:28,2018-08-06,06d2f8b660a9c52438a6aa591c6a4244,2018-07-17
1f2e82bed8804834d0fb59b0ca566c2e,1831c50f1395542901d61a2f40c35aed,delivered,2017-08-25 09:59:51,2017-08-25 10:10:16,2017-08-28 17:33:19,2017-08-31 20:12:11,2017-09-22,a5d23b3d4f382ce3fe254b10075ba07e,2017-08-25
ecc890b8d57a4f9904953c000fd7ebe5,210ae71748d4491e49ae5fb975f9245d,delivered,2017-03-12 22:12:18,2017-03-12 22:12:18,2017-03-15 08:53:59,2017-03-21 09:55:37,2017-04-03,b6f6cb3fa1902add352d0035789bab5e,2017-03-12
042e14b2dcf81a8468a49c14d28036c9,945cd4096444d1649974e03e61381aa6,delivered,2018-03-07 21:08:18,2018-03-07 21:29:32,2018-03-12 22:48:25,2018-03-19 15:48:45,2018-03-23,a9e7ef3d62f583d305fccfcc632f45df,2018-03-07
f17b658bf3d3cad2412d2747ce5ae816,d08b08671fbf37e28473475a9721a33b,delivered,2017-05-15 20:42:04,2017-05-17 04:15:08,2017-05-18 12:26:28,2017-06-19 21:42:39,2017-06-06,14501d33bc7ea8bcad8d340a15446ad6,2017-05-15
7a10ea23f189a9e4a2c03c5a54511b10,206e181adedd880f4c924c3bb366cd9a,delivered,2017-04-10 14:23:43,2017-04-11 06:35:21,2017-04-11 12:18:23,2017-04-17 09:20:10,2017-05-02,2c05a841a597accea422384774e2e1dc,2017-04-10
697dd6059b52ae362ff66b900faebc21,e07aeffead50e50b8d795fd124fd3241,delivered,2018-07-02 11:31:09,2018-07-05 16:35:21,2018-07-04 11:59:00,2018-07-12 18:41:37,2018-07-27,bcabe34e299eaf51bb601e89401e25e4,2018-07-02
c50f3e0160539b3da33e3cea55871c05,f3309994e8de398daa7ebcd5479cf689,delivered,2018-03-15 17:17:29,2018-03-16 17:10:51,2018-03-19 20:27:28,2018-04-17 18:58:27,2018-04-18,ce4ea52bbd9acb2f47afbc1486b0fa91,2018-03-15
95d4558cec2364e0f0b2fcef73148af7,a6f038645d3eff61a237fd66e007bce5,delivered,2017-09-14 16:38:24,2017-09-14 16:50:33,2017-09-15 18:06:06,2017-09-25 20:07:33,2017-10-03,3c60f9af649e739ca3a45621fcd6580e,2017-09-14
61d9e1e95fdfd5f0732643e5dbc1634d,0f7539c4d9c543cf35febd8ff67fd159,delivered,2017-09-30 00:53:36,2017-09-30 01:07:15,2017-10-03 21:13:27,2017-10-13 18:43:43,2017-10-31,27e262a272612013c7defb6b9e86c884,2017-09-30
1c38140d4542f0ac92eeafa89c9575c0,cc04d2febd5b4eda43af1972a4130cfd,delivered,2018-05-04 13:57:53,2018-05-04 14:53:30,2018-05-07 14:15:00,2018-05-09 18:58:31,2018-05-25,b4edbfb212deb91db2da3924b40b70e9,2018-05-04
6c996c013efca89d881f5717239cf3b0,bfa038d9dc03dee42e6574d7df63f51f,delivered,2018-04-22 15:04:45,2018-04-24 18:10:51,2018-04-23 17:12:43,2018-04-27 19:06:55,2018-05-22,1f7382dcdd780c477d322b039420b67a,2018-04-22
beae8ee9872c468af6923d5d4e0ad6d8,c200faabd3213f7bb7622f3e9a27571c,delivered,2017-08-31 16:51:48,2017-08-31 17:05:39,2017-09-01 22:37:50,2017-09-04 21:38:10,2017-09-13,5c8043e39584d290f872869ff6fdc4cf,2017-08-31
ca0ff2301c311da1ee20374b77aa4b2b,388dddfd2782f08bc557f2d504526dd5,shipped,2018-01-08 14:08:34,2018-01-08 14:27:53,2018-01-08 21:37:12,,2018-02-09,3b4887c2c4c9336c5f97047b478451e1,2018-01-08
e3210b05ca60d10831af30bcbb351c05,0e4fa8b8944e91310593b9a84c7201ec,delivered,2018-06-08 10:35:03,2018-06-08 10:57:13,2018-06-08 13:09:00,2018-06-18 19:12:06,2018-07-11,e72718508469da50c1fd46547fcbccb6,2018-06-08
98e8fe9277c5c75079ffd65eecba9363,e6ca2ee6bc5a14cf204a7e8b76a0c2cf,delivered,2017-08-27 23:15:09,2017-08-27 23:25:19,2017-08-29 10:47:07,2017-09-01 19:27:53,2017-09-14,dca8af28628994fe50220e73a4f14188,2017-08-27
281c04e182df0c2f9f25bebea4b31af1,9425002b07757e5dfbf840f8c1310954,delivered,2018-03-04 16:38:43,2018-03-04 18:35:52,2018-03-07 23:48:42,2018-03-15 01:03:22,2018-03-21,28ef6eefdba83f8dd2b23de506759c46,2018-03-04
6c06ec42ff43ae8f164a1403c0ed264f,c6fa5df1004d676a63f9e34a2cb7f4af,delivered,2017-02-22 10:51:49,2017-02-22 11:03:25,2017-02-23 20:37:33,2017-03-01 13:37:26,2017-03-21,965bb71bf9649f2b32630b49860dcf35,2017-02-22
c3ec5c70256966fe8951602e15e63495,5679bf4d0900a0e28ce699536c8c3e43,delivered,2017-02-18 14:36:49,2017-02-18 14:50:12,2017-02-21 13:08:05,2017-02-24 08:14:01,2017-03-22,c400a61d8b936f7d10930fc142a39407,2017-02-18
7f539983cfeeeb17fa4a9bb2df43d4db,9f7bcb19d79216545a88e5e6aa85262a,delivered,2017-11-25 13:20:42,2017-11-25 13:33:34,2017-11-30 14:17:17,2017-12-10 16:53:12,2017-12-15,a01378c4fbfa4a65c262a9238ad96289,2017-11-25
2fe18a7bcb2efa7693ad98a8f33c1bd9,6635f0ad774d21d6c77864862d8c4acf,delivered,2018-01-29 21:17:46,2018-01-30 04:31:07,2018-01-31 23:28:45,2018-02-16 21:34:13,2018-03-16,107f488b239b8c98acfc78dfc41d8c13,2018-01-29
37af0498017bcfbffca8855bdc9ecc6b,ec2e75f6adbc293fa28f42402f4a0720,delivered,2018-02-16 17:30:56,2018-02-17 17:27:22,2018-02-20 19:15:22,2018-03-09 20:35:24,2018-03-13,f898eb53ecf1123e1b260ce82862d30f,2018-02-16
84253562834802051b3ee018d7daecb4,50985c704285b81f536fae7cd6d3d4aa,delivered,2017-08-21 18:48:07,2017-08-21 19:05:21,2017-08-24 16:36:53,2017-09-01 16:33:02,2017-09-15,5c32f5f0716ba398ab390a9b024ef0b9,2017-08-21
d0786289d91adc4ed348d7c1d6589013,9df7cb5f930841ebc5cd338278f2a391,delivered,2017-05-21 23:20:14,2017-05-21 23:30:33,2017-05-22 08:37:08,2017-05-26 16:46:40,2017-06-12,ed38722126c0e60b02f6bda185762c60,2017-05-21
1a3b6feac1253a77e02f09ec28406057,45a26619ef16991911beca12461d8d0b,delivered,2018-08-11 18:39:17,2018-08-11 18:50:22,2018-08-13 14:14:00,2018-08-28 18:03:16,2018-08-28,6f982ac5bccd4b6f931347d3a87bd489,2018-08-11
988f7742af86089855baaff514b6e4e0,94907d569668a485bd379f425d64a4a6,shipped,2018-07-07 18:35:05,2018-07-07 18:50:10,2018-07-10 14:14:00,,2018-07-25,5df3fdd7435e500d7552b5b269fef4d5,2018-07-07
78ed31442f1dba103a38d372eff51503,4f7b2f92ad2feeff85cb8762ba1835dc,delivered,2017-08-16 01:22:45,2017-08-16 02:45:07,2017-08-22 21:25:36,2017-08-31 17:52:43,2017-09-15,4919dda3f4b213104acc3d25b84c44ed,2017-08-16
0b5130f1658aa7b154635cd0c097bd4c,4c22099dc6da223a432081168cb89137,delivered,2018-04-18 00:34:42,2018-04-18 00:52:07,2018-04-18 18:52:46,2018-04-25 19:52:37,2018-05-17,c0e9292ad72541797f067ba3edbf05cc,2018-04-18
8ad1b8de29d062bae836bc7d2cedc391,5c4267131706cf9a809cc1a0aac2e80d,canceled,2017-05-14 00:32:26,2017-05-14 01:10:24,,,2017-06-01,ab94410a9090bd3ea139e92d89ca31f8,2017-05-14
0acce7378714d20548f0f5f1b71f6458,5b310d1f78f27de30f2fb3ddbc5e8a49,delivered,2017-12-30 21:48:24,2017-12-30 21:54:24,2018-01-04 10:47:57,2018-01-10 21:19:34,2018-01-26,b9c201d679a0f0fbae1f2b9620b3155a,2017-12-30
38bfa8770aab7482945c44803221107e,edd55d7e669dba5281d989b6e1c60cad,delivered,2018-01-18 16:25:16,2018-01-18 16:42:22,2018-01-22 20:56:41,2018-04-16 12:40:54,2018-02-08,387440ebe588404c0dd61ccebfc65e64,2018-01-18
f9c79143a17b58d5d49a2b0f2dbd3c2c,d8e7083f456ba33d110d1bc142f3bb24,delivered,2018-04-25 22:49:17,2018-04-26 04:15:25,2018-04-27 15:39:00,2018-05-15 17:51:08,2018-05-21,f97b13a80f2ef3fd65482aed4208643e,2018-04-25
d6241dead130f310711dc2f50927f1e8,839300cf49f1e1adabddae574582910d,delivered,2018-01-02 17:47:42,2018-01-02 17:55:31,2018-01-03 17:22:53,2018-01-09 20:09:27,2018-01-24,da8025520a1b30b3248a65529bcc194f,2018-01-02
82c46826f081404f1809ea22a81d293a,15d4a8f8aad90eec05f5e827e212ffd4,delivered,2017-09-23 21:32:06,2017-09-23 21:45:32,2017-09-27 16:01:57,2017-10-03 18:07:00,2017-10-19,439fa0bbb875ce2a88235ca6a1988170,2017-09-23
355136777548fdf65a8debb28dcce252,6dec78939c318cc88c10b0d6f4a31c91,delivered,2017-11-22 20:17:30,2017-11-22 20:30:22,2017-11-24 20:35:47,2017-11-27 17:43:04,2017-12-08,5235834745d95e7ced70b4707131e73a,2017-11-22
7335a8d265b13f3b540722eb829fe08c,4665a0c8ef9c5c20346a6da0d26958c1,delivered,2018-01-07 20:40:40,2018-01-09 07:17:43,2018-01-10 20:17:09,2018-01-12 22:21:55,2018-01-30,6c5524784076044070d9fe6cf151912d,2018-01-07
8aa1afb8d1b71222f421533a81af7aba,6aa5716e48d15609c34d2d7385303f4e,delivered,2018-06-26 15:33:00,2018-06-26 15:56:40,2018-06-27 10:16:00,2018-07-10 17:51:33,2018-08-03,e444d0f7927f5bd8f359ced5c4940820,2018-06-26
934df00dcb85e2cc1b9077573721fa15,40b399eb9ca4874f9d1632c58116f274,delivered,2018-05-21 20:30:42,2018-05-21 22:17:03,2018-05-22 14:17:00,2018-06-08 00:09:49,2018-06-11,b0ca6979912c2d94b6370deb35f0a49d,2018-05-21
0d31aa9078990c7f19f4fc432d3fc74f,2df66b55320577bf0006ee3551cb84a5,delivered,2018-02-27 17:53:38,2018-02-28 17:50:37,2018-03-01 09:48:55,2018-03-10 00:48:57,2018-03-22,a6a29af927a76a300e5d175e4892c5ed,2018-02-27
3b29140787c6e85abba4fa2e24eb500e,c43c3140ae3f3b176a3a142d59a50668,delivered,2018-05-06 17:17:53,2018-05-07 09:13:53,2018-05-10 08:10:00,2018-05-22 15:14:43,2018-05-25,65f29fd0fbc182678f002074b85304f4,2018-05-06
2f8faef508a5a7ba5de0b455cd768da8,fba329d7c026661be9487ed474865365,delivered,2017-11-03 20:44:04,2017-11-07 07:30:29,2017-11-07 19:14:56,2017-11-21 21:55:45,2017-12-04,bb0aea12660bf8bd536b39fddbc336ee,2017-11-03
3efb7ab9a8ab0d5928af81d8f43b2e62,abaae496f2c7fc158073f92930c654a0,delivered,2018-01-13 11:26:03,2018-01-13 11:32:26,2018-01-16 22:41:37,2018-01-30 00:03:36,2018-02-09,9ddeba30247103c327c3f3edbcb52438,2018-01-13
f7d8cd54dcedff57206bb219f1edfb5a,1c30160c6226fdfcc5d312c14e686004,delivered,2018-01-20 14:40:09,2018-01-20 15:01:31,2018-01-23 20:53:10,2018-01-30 01:42:51,2018-02-14,5a0c9ef75963bb821e412c737a158856,2018-01-20
779f93413b806f6eea6d1d88053f9e4f,b7fa366f14d8a66cc1b3a514c9200a0a,delivered,2018-07-21 13:54:34,2018-07-21 14:10:11,2018-07-24 15:18:00,2018-07-27 19:37:50,2018-08-06,7b2c49e67ec236216ca7fd41b48de652,2018-07-21
9312a513c9aa606d098a856e87a68d33,87dd18546a67fa179880ec78244ce499,delivered,2018-04-15 14:05:24,2018-04-15 14:31:25,2018-04-17 00:18:29,2018-04-17 15:53:33,2018-05-03,2245070e754b05a611c455c0efa0ef66,2018-04-15
9e396551fca6b2ba9105b3f7282f2861,b207ff4065d6cac5160b023c4688b48f,delivered,2018-03-30 18:21:52,2018-04-03 05:28:09,2018-04-03 19:37:38,2018-04-12 21:41:23,2018-04-20,71f7014888c2a8dc270eba92aa96fedf,2018-03-30
a72251c0fe5a71feaa94ae55c2257e0d,882202b66b1bc288e8fed52973389523,delivered,2018-05-13 23:56:22,2018-05-14 00:14:30,2018-05-15 08:56:00,2018-06-06 20:40:40,2018-06-08,df7a0b6fcd30ba12f6915d3cdf516124,2018-05-13
3b510aa86c6884da9a0f2d9960b2d9c1,280d4a1c6ddb67a1f8ad1262cfa9848b,delivered,2018-08-07 10:48:59,2018-08-07 11:05:16,2018-08-07 11:44:00,2018-08-16 00:12:40,2018-08-29,462f8d38d1ca830befd60355240fbe39,2018-08-07
a54dd045e3be5b2d21b3065c2b6f0131,d961229a6b7725cf493af5726e6453ad,delivered,2018-07-20 16:50:02,2018-07-20 17:04:33,2018-07-23 15:08:00,2018-07-27 17:52:40,2018-08-14,f0ec6a441b2ad8daa1bb65b446bdb759,2018-07-20
631404548eb153146176a3e3becb73b3,23a87ecab2a4cc67da627f356f32714b,delivered,2018-01-28 19:03:35,2018-01-28 19:18:37,2018-01-31 23:41:40,2018-02-16 01:17:01,2018-02-23,dc791dc083c466ecf8982fef1a65a3aa,2018-01-28
b026d8284e76ad0e8420de7414eb519f,bbdc192e1ac894026ba32bf978ac2b8c,delivered,2018-04-06 14:59:49,2018-04-06 15:15:09,2018-04-07 17:03:37,2018-04-16 16:33:39,2018-05-03,0a29e8721eab5b1b8debc5adb5dfee51,2018-04-06
f889a5a0b44adc29c5465b99395ac3c1,b78ba44ee52b74b9dbe30c8a533d23df,unavailable,2017-07-07 21:17:36,2017-07-07 21:30:11,,,2017-07-27,9eb7d30b5661dd9e5e2333954d84e02a,2017-07-07
d5199f2169dbe3fe989c56dac7f64da0,427748327be320bc51430c78a5d7f5a5,delivered,2018-01-10 10:07:06,2018-01-11 02:32:36,2018-01-20 15:43:02,2018-01-24 17:15:03,2018-01-31,541c5e3d9bf6c9174523c91b6593ff48,2018-01-10
b77e821b63e7996ef7d5938586acd7e9,ebffe0422a741fcb128156d94fa8fbf3,delivered,2018-07-09 20:33:10,2018-07-09 20:45:22,2018-07-10 06:57:00,2018-07-11 17:58:28,2018-07-18,db09728be87587f6210a42a587b645cd,2018-07-09
c1055c3c83d15a7d43c7b6e3f283ae53,b7f21cec11d35a647deee185c3881474,delivered,2017-11-01 00:24:57,2017-11-02 02:35:44,2017-11-03 18:45:32,2017-11-06 22:33:59,2017-11-14,b919a9e7991eda8bd286ed35446ee463,2017-11-01
5bfd0cddafa5fbbaa95429ed5577be6c,36d0c2b45edeabb66553774a00c92345,delivered,2018-03-28 10:06:01,2018-03-29 03:28:54,2018-04-02 14:58:35,2018-04-06 18:33:45,2018-04-19,148d8cd416a18b1b5d014cb2ec6ccefe,2018-03-28
58215b0c6543fc7be2557b0defb786d1,55006617698ed79ccd65eae5281c0a42,delivered,2018-04-01 21:39:03,2018-04-03 05:30:11,2018-04-04 01:06:42,2018-04-05 19:22:07,2018-04-17,baf77acc099b750351155bef36390b8d,2018-04-01
2591dc67686367f1aa9b8f09497f8bde,7ea865da6505a5ead00679c077371742,delivered,2018-06-08 19:56:41,2018-06-08 20:49:38,2018-06-11 12:04:00,2018-06-12 11:06:32,2018-06-19,4e21d969b86430e1315c6e0f3e01cf7c,2018-06-08
fc28aed78cb8bcd22a7dbd82cb778946,31ec530ca6c36d8cd17146241c119887,delivered,2017-01-13 15:11:16,2017-01-13 15:25:21,2017-01-16 11:22:18,2017-01-21 06:57:36,2017-02-09,cb3709632b79a6369878c981ccb22045,2017-01-13
17ece7ee59d823d55795a356168275e4,403df4f718b10da26ad22db642a6934f,delivered,2017-09-02 14:37:17,2017-09-02 14:50:11,2017-09-05 12:17:17,2017-09-11 14:42:50,2017-09-27,b34a1c47a3858b2c2dff13888ee8a9e6,2017-09-02
008dd5e80ebf8f849aa0c5bf4e22ce7a,3c138c472fb6f243ea59fa2589b20440,delivered,2018-03-20 20:31:23,2018-03-22 02:56:19,2018-03-22 23:48:27,2018-03-23 18:04:16,2018-04-02,4125ca92d09b7d7a7709209878845a0e,2018-03-20
0ad366bdd2946abe259eb3095c953dc5,9c4a98c1e93c14a86d4c14ce25180aa3,delivered,2018-01-27 13:11:20,2018-01-27 13:33:04,2018-01-29 22:46:51,2018-02-10 17:07:26,2018-03-01,876809bd6fa6123648eb9b79300c5d13,2018-01-27
57ecffc3a29fb1db005184b46b5f655d,be93891b0486585b4cedeeb517c8cc03,delivered,2018-06-27 18:35:52,2018-06-28 08:50:58,2018-06-28 11:02:00,2018-07-06 12:34:11,2018-07-24,01ac33544e5b7d1e79f7d69a065282f3,2018-06-27
de9b8b05fb249806b7dc8f5cd60eccad,edf1cfa56fe1eb3860d9c4bc3301d090,delivered,2017-10-08 21:18:09,2017-10-08 21:35:28,2017-10-13 16:13:52,2017-10-20 17:22:16,2017-11-01,259e1f1ed29e4fac5933c9df8561081c,2017-10-08
eadacd4909367cdc58880cf410cb7c4c,a765d1107969e6412dc25b6529dbf582,delivered,2018-01-17 23:59:58,2018-01-18 00:51:35,2018-01-19 23:33:21,2018-02-06 23:13:29,2018-02-15,79e0e65fc52c0126f696eaa055ad4a0d,2018-01-17
7ea79c5a0a141e742e9369fba0899043,4adc5c59c6d58067991c61008df3e155,delivered,2017-11-30 17:51:15,2017-11-30 18:50:50,2017-12-08 19:13:24,2017-12-27 21:14:20,2017-12-28,bf158d7c5d7a217db32317ccba7730ba,2017-11-30
40235386473717246bb2eb10fe48037a,e8db587aa035a388d29cd44a801f9092,delivered,2017-11-24 18:42:17,2017-11-25 04:15:42,2017-11-25 18:14:48,2017-12-12 21:55:50,2017-12-14,643ca748cf35c33e8799f476f06b3988,2017-11-24
53c61cdae4eb4c8812c19f8da2363a36,fa91a5a1d6a97235e91819c3926f8580,delivered,2018-05-02 04:03:31,2018-05-02 04:31:27,2018-05-03 08:10:00,2018-05-09 15:59:06,2018-05-21,d41f4041f913e486c11bf5050a9cf92f,2018-05-02
ea2807ad7bffe18961ac7306291d2392,48171d7e9a0a97b4c88b7ff2aeff44c4,delivered,2018-02-05 23:32:17,2018-02-06 16:51:46,2018-02-07 16:08:56,2018-02-15 20:35:20,2018-03-02,12e9ad1112af594e0c1c86a0db047905,2018-02-05
d95dc7171d00d08c5e2c57e693161db7,7b3d05c4caf39a73850b896d45d034c9,delivered,2018-03-03 17:28:48,2018-03-06 03:50:58,2018-03-23 20:48:33,2018-04-05 22:27:35,2018-03-27,6b2a8f2ca8088da746973242c764eee4,2018-03-03
84738ae25273a6a32bc43d0a0156b570,8bc5bd186338cf7f9b134aeed904d8d0,delivered,2017-09-17 19:21:22,2017-09-17 22:36:09,2017-09-21 11:44:38,2017-10-05 18:04:12,2017-10-09,1c98969880c8c7c522bc4677dfce9384,2017-09-17
8b8c17015e5e5bea026c24e0f03c9dcf,1d53f05ca91642eb19cd75a96296c152,delivered,2017-03-06 02:21:22,2017-03-06 02:30:17,2017-03-14 11:21:55,2017-03-30 08:00:03,2017-04-04,ccffe6a3f1dd5ebcbccf5de6c1b9e5c5,2017-03-06
a045563f9a4d45a3c8669ad71edc16c7,3ba9c5d370d75552c16eeb2a2b643683,delivered,2018-03-29 22:59:07,2018-03-29 23:10:08,2018-04-02 23:08:01,2018-04-06 18:21:28,2018-04-18,c7e765b6bedfd58f045cd1ca76800264,2018-03-29
309e5b4e4cb2a41a8cfd43a88716b88e,bad6b94d062e9c76e0aafeae82e23ec0,delivered,2018-01-15 13:35:43,2018-01-17 03:34:38,2018-01-23 20:15:00,2018-02-06 19:27:03,2018-02-08,30966f3b0dee77fa4212e48ab19fb29c,2018-01-15
cf418da45661447c99c40a5786bca1a8,e652bcf352f049cd217fe85d968fba91,delivered,2017-07-27 23:27:29,2017-07-27 23:35:19,2017-07-28 19:09:11,2017-08-02 18:23:29,2017-08-09,e17a413ea1edf0ffb51d36e82b13af18,2017-07-27
a96610ab360d42a2e5335a3998b4718a,df55c14d1476a9a3467f131269c2477f,delivered,2017-04-01 15:58:40,2017-04-03 13:25:18,2017-04-11 15:10:34,2017-04-17 11:04:45,2017-05-02,da122df9eeddfedc1dc1f5349a1a690c,2017-04-01
31ffb6cc39a3b2eefd1fe323f00c96f6,bae93c8b0a1a8645e1d5dac0dbf091af,delivered,2017-07-13 12:20:17,2017-07-15 03:35:41,2017-07-15 13:26:49,2017-07-27 20:22:51,2017-08-02,7524d10f03a898acbcf917fb4e71c9da,2017-07-13
6d6f16813fbb3448a034fc242a2603c6,50a2bbfdc15bf77a19b7e096c8eadbcb,delivered,2017-11-16 12:12:12,2017-11-17 13:55:26,2017-11-21 19:37:23,2017-12-05 18:13:06,2017-12-07,638eb407d3971d3984b603455f16fb69,2017-11-16
2b1b2b60f0b9cee51feb5b9a9ee60779,28e578734a813f4753a71d2f31e1e8b3,delivered,2017-11-23 11:42:07,2017-11-25 03:32:48,2017-11-28 19:16:57,2017-12-16 17:58:49,2017-12-21,aadaf4df591a00f298877637a0254700,2017-11-23
a28b1546b11df2b46d9744c7976bedb2,c38867c798cb953659c564edd549351a,delivered,2017-11-27 20:32:45,2017-11-27 20:59:13,2017-11-30 23:59:09,2017-12-22 18:17:16,2017-12-22,85bd411830631363551c5a0777a9023f,2017-11-27
5959e057083717e6ec6e9d6164142e48,84f47943977206e6e54f4fd202a2ad43,delivered,2018-03-18 15:12:25,2018-03-18 16:55:34,2018-03-19 23:32:06,2018-04-11 15:52:07,2018-04-17,1a4b5662e6e9a3e9390e7fc4f47d3e75,2018-03-18
51f2bc977a4fb1086e3521f501645ddc,df54a789854ed6321831ebf6a866526c,delivered,2017-02-05 19:17:06,2017-02-07 04:10:33,2017-02-07 11:27:02,2017-02-22 07:27:39,2017-03-01,79305ebd09ee221e5fc5f1c0deb0a83c,2017-02-05
751828ac13df64ad531c8664c91fdee6,307a941ee3d5915cf2c7738e1a12394a,delivered,2017-06-15 13:41:16,2017-06-15 13:55:07,2017-06-19 20:05:57,2017-07-03 13:37:43,2017-07-10,ee14cbefb497da66165b32499fc311e2,2017-06-15
77715dc96ea49747370a3a70f405f66c,5a28571d0bd67a0c80288cd5dc8c7b36,delivered,2018-05-05 13:52:41,2018-05-05 14:13:50,2018-05-08 08:40:00,2018-05-11 20:51:18,2018-06-14,61ade84389f61cbb662a730e5a745cb7,2018-05-05
0c6e84e1109b6c5630774291a85fef1c,6eebd7db95271b1824660c5e7ff53a5b,delivered,2018-01-12 18:30:53,2018-01-12 18:48:38,2018-01-17 20:47:03,2018-01-29 11:56:42,2018-02-19,1912afd96bbe171633bb73727487ef85,2018-01-12
b9019981769010866e2b59c6a1fc9c9f,e28ec0654fc5c2fe9ec5a119d4f199b2,delivered,2017-11-05 22:43:20,2017-11-05 22:55:46,2017-11-07 12:53:01,2017-11-22 12:43:22,2017-12-08,67cce2f1e7855cac590025a05419dc6b,2017-11-05
e264592bd65236932df8193bed000e39,ad68c4246c1d9103b42ec8aaa5e85483,delivered,2018-02-26 11:58:39,2018-02-27 11:50:26,2018-02-28 21:21:51,2018-03-12 17:52:29,2018-03-23,220e9027e82d084db3fad8882094abf2,2018-02-26
0749426d1c48fe5943cbdf1316ace0aa,ce16772052d1eedeecdecd1deb3b0ec1,delivered,2018-01-13 13:22:10,2018-01-13 13:33:29,2018-01-15 19:45:04,2018-02-22 02:28:49,2018-02-07,8d95960cba7da36b31a2253c6445dc17,2018-01-13
d408389e6d1324a47e2ddac6953406b1,3ee999a6658bd118c0ed27cc92e7e3de,delivered,2018-02-10 11:26:11,2018-02-10 11:35:31,2018-02-15 17:50:49,2018-02-21 13:14:06,2018-03-14,57c24744abba994f7e490e131ddddd94,2018-02-10
a735c714af04db9006e86cdb6f1e6997,2913b763fc7fe160b023375d437f35b1,delivered,2017-09-13 22:54:26,2017-09-13 23:05:40,2017-09-14 16:32:14,2017-09-22 17:43:12,2017-10-11,3e62c751c587ceea3c4920eead881aa4,2017-09-13
cad5d696e0d7bf7f475ff4cb616e7cd1,a32b503a5a6817541a8e09d6c70f9642,delivered,2017-11-22 18:13:26,2017-11-22 18:26:32,2017-11-28 15:27:40,2017-12-14 18:16:54,2017-12-19,8d159ebbb559405a89dca5384fe9d727,2017-11-22
680b35174e2902cd642343db6b436def,a129222aff7d284137197fd5c4de77d8,delivered,2018-05-16 19:07:31,2018-05-17 08:36:38,2018-05-18 15:24:00,2018-05-21 16:38:20,2018-05-24,357c1205f56093223740cf08ac514bb8,2018-05-16
add0a7ea74e3048026fb192afae91c61,ac15f9cd03259141ac441517ce3a3282,delivered,2018-06-29 15:56:21,2018-06-29 16:11:36,2018-07-03 10:05:00,2018-07-06 12:56:31,2018-07-27,d852affba1eb7b0fbb351e17f13cc5f1,2018-06-29
5768936d974ba5229f79124abba8ab82,6c73985135595ccb5823541e7b0195b3,delivered,2018-01-13 14:10:52,2018-01-13 14:29:28,2018-01-16 22:18:34,2018-01-22 15:35:55,2018-02-09,6167bbfd91c346665dee1959ed81aac8,2018-01-13
cf3953190a955e0f2e4a8552279713b8,fdf2fde76977db18487346f9febd301a,delivered,2017-11-28 18:03:32,2017-11-28 18:16:49,2017-11-30 01:28:36,2017-12-05 19:33:46,2017-12-12,5b59166412dd5595f77a43b217c39132,2017-11-28
971f6376810243dfd6bbd04b29fb6367,c7aa9ea3f2ad4ed46d2563d83524025d,delivered,2018-02-20 09:12:22,2018-02-20 09:27:44,2018-02-21 15:09:11,2018-02-27 15:37:32,2018-03-26,e3439f1f05d873538254d716323374d6,2018-02-20
187f46dc8413d66bb854de95b004d9b3,d0702c4f1152606a119561253565e15c,delivered,2018-04-03 15:19:27,2018-04-03 15:35:19,2018-04-12 23:03:37,2018-04-16 20:41:50,2018-04-26,728bcc9495f951828608dbbf3a7e36b4,2018-04-03
5f6d7bc44eb2d1588b7cb6ac202d63a0,e759db1bd97e2c1f97c134b192acc0ba,delivered,2018-06-06 12:55:20,2018-06-06 13:13:21,2018-06-08 14:17:00,2018-06-11 10:28:33,2018-07-04,9e68d26d315d60419f3867d508294a99,2018-06-06
418f45a2544c9ab8f50c4d6843642a98,00bb2dd15521a8a428bb530b4cabb403,delivered,2017-08-02 12:48:03,2017-08-02 13:03:36,2017-08-07 20:07:50,2017-08-10 23:03:20,2017-08-22,0cbd5dfde4c06bbe2960d2c0c95e5e7d,2017-08-02
46c99067d2014deb825b963f5acc76da,797e47f5ab7bfd84bc11a737a210e11a,delivered,2018-04-11 00:16:46,2018-04-12 08:10:04,2018-04-18 22:18:35,2018-04-23 12:55:33,2018-05-14,c781b8a6d69bb1d34c9a1392255bc0ea,2018-04-11
00e0bac9f6306d8269770acf4ee4b027,2fddb001e84993ba7e785f11415bc5cb,delivered,2018-03-04 23:02:58,2018-03-06 03:49:43,2018-03-07 23:04:25,2018-03-27 01:58:53,2018-03-29,3a969494dcd8d32f5f04ea21c3b7e471,2018-03-04
b290153199203cf58c0748db9b239ad3,5b4f391759bc5b7d16bf18cc2e45d1d4,delivered,2017-12-29 13:57:31,2018-01-03 04:12:27,2018-01-03 16:19:09,2018-01-09 18:17:28,2018-02-06,a517e456708f570805cdf588f4134eee,2017-12-29
62c01156265aaaec691a0634593dd678,ab28ea1bca151935ad9d3eeb0f223041,delivered,2018-08-19 11:25:16,2018-08-20 11:32:03,2018-08-21 13:06:00,2018-08-25 01:32:32,2018-08-31,df0eeb9f0d70babcdb62e24929fb5f76,2018-08-19
bacfb12b369a42b37e0246c786bf4637,d1ecae988f85309f883f1769e625b565,delivered,2017-07-11 10:15:47,2017-07-13 02:55:59,2017-07-13 17:47:28,2017-07-17 17:19:53,2017-08-04,e1b1d16249046597bdab717ed54c3bdb,2017-07-11
1ad8864bf96543e8989f8f34a742fbc1,d00d7fad1ccb88e31b4fb5e20bcfcf89,delivered,2017-08-30 15:37:50,2017-08-30 15:45:43,2017-08-31 17:42:40,2017-09-16 13:07:34,2017-09-25,2202cf37183293dc64aead107eef1784,2017-08-30
0b913c851b8dd74300045511a8120e8b,af2769eaf466dabca4bd67df142ff48f,delivered,2017-05-02 17:40:59,2017-05-03 14:50:26,2017-05-09 16:17:38,2017-05-16 10:41:23,2017-06-01,b9a927773f76702fa485db5a1d03d37c,2017-05-02
9a0a3c8bb7bb3ddebdf16f8df87d7e18,9503b854a580d4abd3fc1945c8018de7,delivered,2017-03-06 14:05:57,2017-03-06 14:23:05,2017-03-08 08:43:24,2017-03-21 08:13:46,2017-03-27,3d943295584f2ecfa1134a619a3f03ef,2017-03-06
a48276e53f3d5d19890051a4f166a71a,958f6b1eb31681bfb505f022e17733e9,delivered,2018-01-21 22:51:21,2018-01-23 03:52:38,2018-01-24 18:16:58,2018-01-30 22:35:07,2018-02-19,0942eedfe0e865b2a80419a14672286f,2018-01-21
4c7ef39af59d31fa247f85d10ed414f6,8d8b07cd0a8ac41bea325661b57c344c,delivered,2018-07-14 23:54:09,2018-07-15 00:05:11,2018-07-17 08:28:00,2018-07-26 15:58:54,2018-08-14,95bd309ddef95bbc768da65506e6d5bb,2018-07-14
a09ed5d1761ac2a730a3447189e6eeea,cbef3c154e489044b5d5aa6a550ad4ad,delivered,2018-01-22 11:24:05,2018-01-22 14:18:23,2018-01-24 17:42:01,2018-01-27 09:52:55,2018-02-06,d98c23a1061c771932d6ef64b6bc48a7,2018-01-22
8f0057f230f19e9f7ad1a5566ef6a980,912f70eeb92c8bdb884de7561ea5c6c5,delivered,2018-07-22 23:14:34,2018-07-23 12:31:55,2018-07-31 12:57:00,2018-08-03 18:57:04,2018-08-14,a9b026c8fe47c00c02d1eac79fb78cec,2018-07-22
b095ec7b830d94cc7e1b67fed0455c01,85051f9b3e9909676bf77f69a2c05b20,delivered,2017-09-20 11:49:49,2017-09-20 12:04:41,2017-09-21 16:59:21,2017-09-22 16:37:34,2017-10-05,dd17d7c53c87783e0f71685dec93b9f3,2017-09-20
cbff3990ac7d2b2026c2e3a639aaabb9,c79472d11f0224a7b12eaadedd1e26a9,delivered,2018-02-15 13:26:29,2018-02-15 13:47:45,2018-02-16 14:16:54,2018-02-23 03:27:08,2018-03-07,6a0cf77d0a5a07990f6c117ca469417e,2018-02-15
4f1eeea688bd0014cf7f81a1f23bb8c4,125d8a2e48613251e4d7d9f9d302ad27,delivered,2018-01-29 15:05:29,2018-01-29 15:31:22,2018-01-30 16:58:11,2018-03-29 21:51:46,2018-02-26,91d2d5377798c51693f0ff9e3fabc3fa,2018-01-29
66bb146968e449c413c58a15e510a6f8,2bc0454ee694c469f555e42dd18d0513,delivered,2017-05-08 22:50:12,2017-05-08 23:02:40,2017-05-09 10:13:55,2017-05-15 08:32:05,2017-05-31,c1f2411f3a94d041eaf2c143af3498e9,2017-05-08
8f0282daddda3025b762d5fc696a7c98,d06e5452256e12e440e458ce30b18ba8,delivered,2017-08-04 14:43:10,2017-08-04 15:03:37,2017-08-07 16:14:54,2017-08-16 19:03:37,2017-08-30,ba7239f6563501d08007ac938537337b,2017-08-04
6ab034fbfc2c4ebf80075ed18002c809,803082b330e9d081431dba0fcc677d37,delivered,2018-02-05 11:21:19,2018-02-06 04:32:22,2018-02-09 22:52:42,2018-02-20 23:23:00,2018-03-01,20665adc96b4c09aa93d35c8c1d02993,2018-02-05
49fde3867303e9ee8b2b2fb6c657636e,4eb2abee7036f922297ad7cc22091664,delivered,2017-07-24 20:10:01,2017-07-24 20:25:09,2017-07-26 01:42:03,2017-08-02 12:54:41,2017-08-15,3692c253122d42bc6428963ebdb4b3bf,2017-07-24
d4807c19de2116d311ed3abe6ee42d8a,fdeadc944f1c280e9126ac6ca10473a2,delivered,2017-10-23 19:34:57,2017-10-23 19:49:20,2017-10-24 19:59:19,2017-11-01 16:52:35,2017-11-23,fa66f98a662e32060b9fe20739150a53,2017-10-23
85144828ac9ae2c1f2bf87f032a33745,284fa48d66075452dc62cb99191c19ea,delivered,2018-03-22 22:13:22,2018-03-22 22:27:38,2018-03-23 20:58:36,2018-04-12 17:26:49,2018-04-17,3b2b9a48d63a20ea0711d8cc53234307,2018-03-22
8c0036d43acdbbfd4d107d78bb1c6865,b9158da96e0a3034d7069db487268be3,delivered,2017-06-09 13:17:09,2017-06-09 13:30:19,2017-06-16 14:26:29,2017-06-23 12:52:41,2017-07-05,2b289dc25b5f473ec797c9b4d7bc7129,2017-06-09
c823a55fefe27a1092a634398c62f2a8,6100596c2f854c0d6769aa8a2e929f26,delivered,2017-04-19 08:46:45,2017-04-19 09:01:41,2017-04-20 14:15:44,2017-05-05 14:16:55,2017-05-15,ca0cd77819a2427d6ca0e0d0e92de58b,2017-04-19
0f0add4f85838c9195ce0ce66cceff8a,1e43e8b919aefb09fc5004e3b46a14ef,delivered,2017-12-01 01:39:26,2017-12-01 10:31:10,2017-12-01 18:42:53,2017-12-07 21:32:24,2017-12-28,24e998dbc3458fe7b77b370e6d10ba57,2017-12-01
b0b0d3285e59abf2f6c9d7e1bf761323,3a4e4932f3e6976dd966f1d3c044d49e,delivered,2017-03-08 18:51:06,2017-03-08 18:51:06,2017-03-13 12:02:03,2017-03-24 17:08:46,2017-03-31,0f75637a7e2f7b6ae43665d1f7d0ca5d,2017-03-08
3d6902773dc70468fbaacb8e4ef01dc1,f5b127e5008b3ef6cc09a133d2f0848f,delivered,2017-06-10 09:13:35,2017-06-13 04:42:49,2017-06-13 10:22:56,2017-06-24 12:16:03,2017-07-07,50cadb43ad0529ddd605c6feaf0c6a14,2017-06-10
081409ec388a7be098904b884d149db0,75a30ffc2fc334116e690421e357abf7,delivered,2017-06-14 15:27:11,2017-06-15 02:50:22,2017-06-22 15:23:03,2017-06-29 15:32:21,2017-07-12,9b822290b458222b3033bf2cbd6cf4d6,2017-06-14
20e1fe47866114539324803e7f7547c9,519eb7f61d2cdd15efdd96e826aa0ea3,delivered,2017-09-12 16:28:17,2017-09-14 02:50:35,2017-09-14 16:24:04,2017-09-15 19:08:01,2017-09-22,aa3ddedc309516cd95ae6be232125a6c,2017-09-12
1104482c287ad0fbd25ba14b7a848e00,dcf31fde264db06111ff12f30253f3aa,delivered,2018-06-26 11:39:55,2018-06-27 08:55:28,2018-06-28 09:53:00,2018-07-03 16:48:55,2018-07-18,56c73ec350b2f12203423892fdc32d14,2018-06-26
b9db5aac3e7aaf40f7b79396800eef52,8c4372d96ed5d53f6c4042b1a6e5fc08,delivered,2017-11-02 16:15:27,2017-11-04 15:35:31,2017-11-06 22:25:23,2017-11-24 22:46:32,2017-11-30,46bb69f1b7665b472b77bdeee838fbd0,2017-11-02
95e01270fcbae9863423400103359279,7a692b1ff18c8c21156b886e02e80040,delivered,2016-10-04 18:52:56,2016-10-06 15:51:42,2016-11-01 07:27:42,2016-11-04 17:54:00,2016-11-24,c8befcc96d8aeb7181c618aa56d9d624,2016-10-04
0d8e4bdd8a9f84b606ea672b4e722f8f,744ca21d4a6fe2811956757ce2a655af,delivered,2018-03-23 13:00:58,2018-03-24 12:56:14,2018-03-27 23:48:46,2018-04-02 18:40:54,2018-04-16,286ae84ffbebf4345ffac061734c8b7c,2018-03-23
4763c95c35b33b41ba1b0ca27bb2fac5,0c80462b4eb06515209f3ebd6b6660e5,delivered,2017-12-03 17:42:45,2017-12-03 18:12:10,2017-12-07 14:43:02,2018-01-14 18:46:35,2018-01-08,ac53a20823b3dc1430e69f57257720b9,2017-12-03
c2e3096cfe14dd179f75dc83746fe2a8,99182106be47066737d15f60d6fd95ee,delivered,2018-02-27 09:35:35,2018-02-27 09:48:21,2018-02-28 19:26:11,2018-03-02 22:33:33,2018-03-19,707ba75acdbd8ed93c1d09ba20a76466,2018-02-27
ed5bd6f24de0e026bc9991f1bdc38bd4,4776cd8bec1837960a3c4447c6aa97ce,delivered,2017-11-27 10:05:31,2017-11-27 10:13:22,2017-11-28 16:46:59,2017-12-05 21:48:43,2017-12-22,c06c8818442f7a3c3e2264c001838e00,2017-11-27
a256cec6dcc9b9dc53a5f445225246da,c0b9f9fb0ec7a4dd6e35e551cc841831,delivered,2018-05-14 20:46:41,2018-05-16 03:33:51,2018-05-16 13:53:00,2018-05-28 20:28:24,2018-06-13,37bdd443048ed558e1109a0ca44e5ab0,2018-05-14
5f4f8bd3b8bb2614ac31120209f8b1b4,7ac7d517b48638edff7d3ccc84063742,delivered,2017-04-25 15:42:46,2017-04-25 15:55:17,2017-04-26 23:48:01,2017-05-04 13:50:08,2017-05-16,8aee609d11c76268f44a808449d02709,2017-04-25
742bb86f369fadd10d68946fd903aaed,acebd967d532546739f68217c058b29b,delivered,2017-08-31 10:28:39,2017-08-31 19:55:12,2017-09-01 21:22:33,2017-09-05 18:43:04,2017-09-13,d0af5dec42f3bf160195f5bcb704fd01,2017-08-31
5441503215c03f85218efd398d2bb270,317c67909981f48439ea716e4f5b9cab,delivered,2017-12-24 14:53:32,2017-12-24 15:09:38,2017-12-26 21:29:07,2018-01-03 23:24:42,2018-01-29,820546a340c8cb212755f34e1bc6053f,2017-12-24
28771164ba46e7264c7fd2262a34f207,a352d9998a7da7886dd7eda4d6a8bfd8,delivered,2017-06-13 19:31:07,2017-06-13 20:05:22,2017-06-14 13:58:17,2017-06-19 14:06:29,2017-07-06,7e3ae8b934d05dfc81f8d94971f49211,2017-06-13
addc2b54c70b7422a237c1a3494132a1,e1b145fb2721ec02df6d081570bf2ad6,delivered,2018-08-17 16:12:59,2018-08-17 16:29:54,2018-08-20 15:39:00,2018-08-23 19:03:20,2018-09-11,23644744634b2b439efef13456885ce0,2018-08-17
afc1e4183307b101e5e2dbdd876a213f,16acc3d65525c4dbd79a188f57c821f0,delivered,2017-03-26 02:46:47,2017-03-28 03:43:41,2017-03-28 12:24:59,2017-04-19 15:53:25,2017-04-18,081f8c2a3da4bfd6b1aa4cbc1cff9927,2017-03-26
17c6fca3637ae29093221f080840ff9e,6dd8061076ca8c4a4535fd4030998207,delivered,2017-10-21 17:38:36,2017-10-21 17:49:30,2017-10-24 18:05:09,2017-10-27 23:06:42,2017-11-13,34955d1c0271039c8e4e737df07e7cb5,2017-10-21
457dbdc9e1ced1274472af8b6fd00be8,9c24c996759c0865e07e4fe69506e151,delivered,2018-01-11 12:07:15,2018-01-11 12:15:24,2018-01-12 22:03:18,2018-02-09 00:38:35,2018-02-20,02e4c56fefa30628768ffe326d332e2f,2018-01-11
54f334d6a9d60b69dae5409327f73645,95b9cacc4bc81c3a0a33967bcde6fcd8,delivered,2017-11-24 13:01:09,2017-11-25 03:33:04,2017-11-27 20:12:58,2017-11-30 17:15:03,2017-12-15,1b6c7548a2a1f9037c1fd3ddfed95f33,2017-11-24
a59d7b222600db38a7e511fd9499719a,724742c0f7780260f91d86e47b62cd6f,delivered,2018-08-07 22:14:51,2018-08-07 22:30:13,2018-08-08 12:37:00,2018-08-14 18:52:43,2018-08-22,0f46196da4c06ec7ced5195e5cd19294,2018-08-07
08935d5052c6414b1960eb67796d01f5,839eb6e08e4322eb2037bf9ab24348ae,delivered,2017-08-25 23:51:38,2017-08-26 00:05:55,2017-08-28 16:56:51,2017-09-04 19:09:41,2017-09-19,433d1adfd69fefdb5dff7a06bea549d9,2017-08-25
7afc8977fcc9eca80eb1818fcb8ea66c,1a79cfc37a11abc5de022ec443a806ab,delivered,2017-06-06 11:53:12,2017-06-06 13:04:44,2017-06-06 13:56:31,2017-06-07 15:23:42,2017-06-20,497b9efa77710b6fb9c8fa4e2969bfd1,2017-06-06
82e3b58b34d2201715bd1531310615bf,47f19413eda74845406736042c7b746e,delivered,2017-08-14 17:43:27,2017-08-14 18:05:26,2017-08-16 20:03:53,2017-08-21 19:03:35,2017-09-01,6d0bac94f5cc1d211bb2a7b3566eb196,2017-08-14
999e9472d900c41f07d08646bcd2ab7a,90f77c9630d127a6ebb6d17c161c758a,delivered,2018-01-30 16:26:10,2018-01-30 16:55:54,2018-02-05 22:21:57,2018-02-22 01:13:06,2018-03-05,2b7791c5f55cafcc9e2012e29fb891d6,2018-01-30
41db55b77650928f1720b63029141585,f1586c1bddea63e86b67b9b72f565924,delivered,2017-11-23 19:46:05,2017-11-23 19:55:30,2017-11-24 17:09:52,2017-12-09 13:45:38,2017-12-13,352794015ee3fe37f5e2753148874bae,2017-11-23
e4a9d5a37203129914a3e9371fd5af07,55131aa3ad93e5d6765635d785ac5de3,delivered,2018-03-11 14:04:34,2018-03-13 04:40:28,2018-03-21 22:06:52,2018-04-10 04:03:15,2018-04-04,632c2604beb80a439c9ac165bbe3c5e8,2018-03-11
4be624fa47cdd6ce269d7cc66e7a5359,07f8620c4c162602d5a4ff41e173d812,delivered,2018-01-15 14:33:43,2018-01-15 14:50:33,2018-01-17 15:39:49,2018-01-24 15:13:23,2018-02-05,26b7f35cd73d0ff446da64bfb54b7c5b,2018-01-15
438fe4022fc830fe3bb159983edd13d6,490c0ea9e613c1769e6a9fc3034753e3,delivered,2018-05-06 17:04:16,2018-05-07 16:52:25,2018-05-08 11:50:00,2018-05-14 18:28:46,2018-05-29,d21fb1e8aee69c608f5c2fb5b6c28cad,2018-05-06
702ec26902de328ad2830835af529b0b,e8d469267909af4c76fa317649c3d860,delivered,2018-08-10 16:04:45,2018-08-10 16:25:15,2018-08-13 15:26:00,2018-08-14 18:46:49,2018-08-17,ce6160651998b40db0a0f3b9d69f7f3d,2018-08-10
4821d5af4c2ac98b0f70e47c5d845520,ae1f2f01f136f0172bbceffa5d31613c,delivered,2017-04-24 19:57:30,2017-04-24 20:40:05,2017-04-25 11:08:27,2017-05-02 18:11:33,2017-05-15,b70d126df03b594cb148da07860d1534,2017-04-24
ae274c9d0348b7a98af73fb40965100d,8cb1ecb59d78aa6b4ebb33c7a90bb66c,delivered,2018-03-12 00:06:05,2018-03-14 02:50:52,2018-03-16 19:27:01,2018-04-11 16:19:56,2018-03-28,9f8e3217355bc9c67b661fa30c95ac79,2018-03-12
1206cfbf9d0e7ea298926c2603a06821,7fa77a62ee4479da8ccaff4591d2f86b,delivered,2018-08-17 08:34:03,2018-08-17 09:09:40,2018-08-17 18:22:00,2018-08-24 21:36:38,2018-09-18,e14fe818e63fcb2b27acbbcd30bce51e,2018-08-17
9c9d2097d4c2b46f2963f34e32a57f35,44273202e14786abae757d5cd54ebba9,delivered,2018-06-25 13:07:22,2018-06-25 13:17:39,2018-06-26 10:38:00,2018-07-04 00:59:39,2018-07-25,d95f9cf8ced1c4fc2f2f05434c3f211d,2018-06-25
c51f7287f4c6537095b93e6d7bf66e17,14b058d8b33ccd7b9812da8653b73003,delivered,2018-08-19 15:31:10,2018-08-20 16:35:31,2018-08-22 14:24:00,2018-08-23 22:05:50,2018-08-24,61f8e187caf6984fb1fd9d3bc8ba9525,2018-08-19
653281347be8ac0f1f978b1b250d7350,34384e78c84b362681feefbf4ce266b4,delivered,2017-08-30 12:41:11,2017-08-30 12:55:21,2017-09-01 14:43:55,2017-09-11 18:09:01,2017-09-26,0a862ab291ca0848488deece258b3e0c,2017-08-30
e5c0d192e1f883b21e7673f73cb644b9,d876789fb19a51ded2bde79987b12bd5,delivered,2017-05-06 18:23:13,2017-05-06 18:35:13,2017-05-09 14:20:46,2017-05-16 10:07:30,2017-05-29,5f0e0a97623a857fcfceb2d71d042d1b,2017-05-06
cfcef16acd7d85fcc9bc9bae5166f845,17856f540114d991d7f8576b72f8efdc,delivered,2018-01-19 22:33:23,2018-01-19 22:55:57,2018-01-22 12:42:35,2018-02-02 17:33:05,2018-02-14,4cec0991047084f698312a704572d52b,2018-01-19
5b239ab55b48a640fb239df51bbac110,28145769d7c6f5e475d2780e3b5ee24e,delivered,2017-11-20 20:49:02,2017-11-20 20:56:25,2017-11-22 20:11:14,2017-12-12 23:27:14,2017-12-22,cf476ea6467d378063c7e82a88ba75a2,2017-11-20
66292e4801140d67f953827d8ed810d8,6e254603298e9504b4b0b82b86222c58,delivered,2018-01-08 21:01:08,2018-01-08 21:09:27,2018-01-09 22:43:55,2018-01-22 23:16:36,2018-02-09,1a72f6a64ee69893c1bb3390cb1ca50d,2018-01-08
0fcddd81b836920211d255a9bd25ae50,002f067b028a3643ad3a0969c7a0f3dc,delivered,2017-10-19 09:31:12,2017-10-19 09:49:25,2017-10-19 17:52:30,2017-10-30 22:31:54,2017-11-10,de94076bba3c66ffaaa867d14a663cbe,2017-10-19
a8f2b9f64cddf499563efdb804537781,ff1ccb6180f6464516836891ce1f2ca1,delivered,2018-02-23 12:58:28,2018-02-23 13:15:39,2018-03-13 02:04:05,2018-03-20 20:31:20,2018-03-21,85150cfc97d454bf20b93ceb1ec587a9,2018-02-23
bcdc8da39b779f95c0542643fa9beea7,51260b6df0b2fecdf113e4d05a199266,delivered,2017-11-07 04:34:31,2017-11-07 07:30:29,2017-11-07 19:21:27,2017-11-30 21:48:53,2017-12-15,d2849832d839524a7d36a391434ac16e,2017-11-07
9217f2cdc9ff59c50fb2542e2b1f31a1,252cd97f480386c6a29c455a74852bcf,delivered,2018-07-01 20:53:00,2018-07-01 21:10:15,2018-07-02 14:40:00,2018-07-06 18:41:11,2018-07-26,2fe7eb628ecde99ab8931aee6c614b5e,2018-07-01
776e7f17ba3c9be25c0d7fa804b9f1f9,0aa15dfb830d00667c3c7cd3cdd8b699,delivered,2018-08-08 12:48:17,2018-08-08 13:50:13,2018-08-10 10:44:00,2018-08-16 00:16:32,2018-08-29,4f4061658a12c907deabcbfd79715788,2018-08-08
b5e1bf00261a7bbaddb0c3a06e63f039,f51367b72c767679f023f314616c1e6f,delivered,2018-03-10 08:55:54,2018-03-10 09:10:25,2018-03-12 23:41:40,2018-03-23 14:44:48,2018-04-02,54f3534b06647f1edaf5eea3d12c698f,2018-03-10
99486f7a6b9b7e8b96cfbb4e3427bd28,c7567c3449f9eaa55407f1b3a7a014fc,delivered,2017-05-30 21:14:09,2017-05-30 21:25:11,2017-05-31 11:18:41,2017-06-05 15:59:59,2017-06-22,b3d6298b8104dd86e141bdab0f98b851,2017-05-30
57296b29ab9533184d540f468810b8a3,9c2937f386bbc303882a101cdfae203e,delivered,2018-01-02 09:12:59,2018-01-03 12:26:49,2018-01-05 17:29:34,2018-01-17 18:17:07,2018-02-15,36cff82c2ab27c1e3bfee5d0b4fc4e6f,2018-01-02
aa5604bf192f6ee61a0ef7b63fed898c,f56a6a5c5852ba57ea52152a4002e051,delivered,2017-09-12 12:43:07,2017-09-12 12:55:17,2017-09-13 22:47:36,2017-09-18 18:53:43,2017-10-03,43098516e4db2a2b193bbccc0086b3f5,2017-09-12
38b01d42274cf4e3e9a7a7bc9f8a6dc8,0ed2f7ce08b2235873925c3f72ef4c55,delivered,2018-01-12 12:15:38,2018-01-12 12:28:39,2018-01-16 01:11:38,2018-01-19 20:27:57,2018-02-08,f2ef9f7e3100f08c0702245cb35ea89f,2018-01-12
fa1e2a95826b093d8c6bdee094c13c2b,a88b2f5e512cfab3a9eb443a1436553e,delivered,2018-01-10 19:02:16,2018-01-10 19:13:28,2018-01-15 18:54:05,2018-01-22 23:28:34,2018-02-02,da897b78bb29cfc840f0cfcb769defc7,2018-01-10
cf49cb20f726614d8f2bbd281489b0b3,e5068fdba733f2e566016ade1dcc3e11,delivered,2018-07-23 21:14:36,2018-07-24 10:31:28,2018-07-24 14:22:00,2018-07-27 23:46:48,2018-08-06,9ac505349fbfdb42cbe2cfd832420db0,2018-07-23
687accfa699af3e8e717fe27eb506da3,4ff832ce3c50778693180bab3db7b716,delivered,2018-08-22 18:52:42,2018-08-22 19:04:30,2018-08-24 12:22:00,2018-08-30 20:25:25,2018-09-04,74a06ebddd0798542b902dfe09c3ee29,2018-08-22
c5aaa563ef4b0fd289de861d637f5a37,c92151364b3cd5e56e211b390cec952b,delivered,2018-02-01 16:57:42,2018-02-03 02:53:47,2018-02-05 19:53:10,2018-02-20 12:13:47,2018-03-02,e584e3c13ff8e891701582013a4ac4f9,2018-02-01
2e2c60b99754ae1e4d8b18846cfec9f2,b9d460d12c9b6c5c3a0d73541e11e5f5,delivered,2018-04-22 20:13:45,2018-04-24 18:33:53,2018-04-23 20:46:36,2018-04-26 21:41:40,2018-05-11,74dc6a3e622375fc6aae191555a5a95a,2018-04-22
6fcd48d9bce8191ebd8355decc3e54b8,0a6d6d130bb7aac1135874f5768ae229,delivered,2018-02-27 21:53:52,2018-02-27 22:08:23,2018-03-02 17:13:03,2018-03-21 22:21:50,2018-03-23,369178f6105f8a6d5f54d80c9bec223a,2018-02-27
f5af61697fe43fe2063f350ab4e80fa5,9fa5945995475c5ea3d5770681c7e394,delivered,2017-07-11 15:43:54,2017-07-11 16:04:51,2017-07-14 17:21:48,2017-07-31 16:29:56,2017-08-10,e9ee8e9f531c542a00135750ac616b53,2017-07-11
e054faeb6af72de4dc4a76cb6e0cfebd,3c9a5d288ed7a341eea51d6aa657c612,delivered,2017-04-09 21:00:12,2017-04-09 21:15:08,2017-04-11 09:02:15,2017-04-18 13:25:38,2017-05-04,759fcec0ff2fdfdb36b3bdb91d2513b5,2017-04-09
44184b5a59894faa452860c36d439ff4,d6828d471e2586ad672c9473ebcb282b,delivered,2017-11-23 09:49:45,2017-11-23 10:10:59,2017-11-24 16:19:20,2017-11-27 18:58:54,2017-12-20,00b1d2492b4127598629f19a22a32be8,2017-11-23
d935a08ef5c50d36476868e9413cccea,bdbec4574e600193aa141d27a2fec1e8,delivered,2018-07-08 19:36:56,2018-07-09 19:30:22,2018-07-10 12:14:00,2018-07-11 22:52:46,2018-07-19,4344098be86475dfeb8cfa56252c2f2a,2018-07-08
a59372f164ef9ad12ea00c6d90010bfe,48cb861dced926b9bd10c73b088ea09b,delivered,2018-02-19 18:06:43,2018-02-19 19:10:31,2018-02-23 22:28:43,2018-03-09 16:58:38,2018-04-02,50dd150e4867d982c510e3754607da00,2018-02-19
03bf6a245a6dfdc3cea6bb75ae4fa3d7,e11c730c457430e605b6c782f3c9f4f2,delivered,2018-03-19 10:27:42,2018-03-19 11:32:11,2018-03-23 23:18:57,2018-04-18 17:38:40,2018-04-12,dc0e76f5f0df0dedbf631bf132994618,2018-03-19
bd945884aa64e33bd6c1777facafc0ec,7b54188e50749f77061e68aa39796d3f,delivered,2018-08-11 19:09:25,2018-08-11 19:24:31,2018-08-13 12:18:00,2018-08-17 13:28:31,2018-08-22,76cb203c679bde2016c546ea884c0460,2018-08-11
6a28c44002c98cf309fc9e2b8fe21f16,0cb9c2acb9820a501aa35c2209108cbb,delivered,2018-03-10 18:21:42,2018-03-10 18:30:24,2018-03-13 03:39:29,2018-03-22 15:42:16,2018-03-28,d1354cbb8e551a07e14f00d4f063e91f,2018-03-10
8d0eadc2f03365a8b7ba45670cc5228e,5a45085505330cb821725d778fd23f7b,delivered,2017-12-06 11:15:02,2017-12-06 12:03:45,2017-12-12 18:05:22,2017-12-27 21:12:57,2018-01-04,bbe5f452ca52ab0889a10e46e2252bb4,2017-12-06
cbe91005fd979400e2820e96ed64d23a,57a0734824a102313c9fb2cf893df436,delivered,2018-04-19 20:09:43,2018-04-19 20:30:37,2018-04-20 20:23:29,2018-04-30 21:16:32,2018-05-28,ab9e5a9b1a9238022622c87f7c0a2bfa,2018-04-19
498b82eee940ee411a28499634675d5e,90ae7e6179d48b7f42bfc5318c0f13a3,delivered,2018-04-25 11:15:47,2018-04-25 11:31:45,2018-04-26 14:48:00,2018-05-21 17:21:49,2018-06-05,35df860e510c7ef88e093a50ece745b8,2018-04-25
3d86b76dd4cf276f21ad4c62da992b5e,d122afa2eb34aa5560b4d786381110ee,delivered,2018-06-08 18:02:21,2018-06-08 20:42:01,2018-06-11 09:52:00,2018-06-16 16:22:21,2018-07-17,1dd9296d401744dad9284d37b82d6247,2018-06-08
5a2aaa78e3c69a74dd64b28846deb199,1d2e6eb8cf8eaae12272970e4cfc4c43,delivered,2018-08-24 16:38:58,2018-08-24 16:50:16,2018-08-28 12:58:00,2018-08-29 12:38:53,2018-09-03,bfd24a027ebec40a97709388fb0fb34f,2018-08-24
092e3282c11e71ea0c568efc2a92f91a,76a2132d4e4cb3d86f5a4d37f93cad3c,delivered,2018-02-12 00:01:02,2018-02-12 00:10:29,2018-02-14 19:08:33,2018-02-28 22:18:37,2018-03-09,612dc2246f3f59e4908bcf6b80825c9a,2018-02-12
ffce8a2dd7579795f5c1cbe2bf23d51d,4b80c7d4d1810bb81823061e2d14ed1c,delivered,2018-05-07 21:04:46,2018-05-07 21:15:48,2018-05-09 06:34:00,2018-05-14 12:41:36,2018-05-24,efd83b0793ba3de2948e93d34dbf7b34,2018-05-07
775747dc325485aedc9970fb0eda8b86,d3b762614ca7c8a26ae5dfbdef1bf569,delivered,2018-03-15 17:10:33,2018-03-16 09:42:25,2018-04-05 01:27:47,2018-04-10 17:14:31,2018-04-09,97855c324ce2ebcc91c6fcb74e2acc81,2018-03-15
d41cca426db55a5cffe764e4ebfc5527,7dcf62c05f6540b1515ae11c74d6d6b1,delivered,2017-07-27 21:50:45,2017-07-29 02:25:23,2017-07-31 17:07:57,2017-08-08 16:18:09,2017-08-18,0dff94c7f623176469d79cc4b5ea8519,2017-07-27
aa82bf8e8ba0055114f0fa3bb009e87e,338fc8ba6c3d41250661f6381f171c4d,delivered,2018-06-08 18:21:40,2018-06-09 03:13:30,2018-06-11 14:05:00,2018-06-15 16:12:40,2018-06-28,b4ed4ceec71c4f7ff991e409f65b626d,2018-06-08
490291524fddde2b31c2e6bec3d9e6da,ea2ba2a668051e4b78923fc0ef607f86,canceled,2017-04-14 22:40:54,2017-05-13 02:45:06,,,2017-05-23,ac1cc7f78641b68413edd9742dd16abe,2017-04-14
aa60297f355f74c9f4ced617a6868fcc,8ad1cdb6a9dfaecd0a564c7bdfc49a91,delivered,2017-06-27 16:29:50,2017-06-28 02:25:12,2017-06-28 14:35:58,2017-07-07 17:21:16,2017-07-19,a081984f46d03c9d2f878109275c1e09,2017-06-27
b20dc8d5eb8118e7e6fb8b7c4e8f0f2b,aafb42297a445d9bcc0b01058f829da2,delivered,2017-12-23 13:54:52,2017-12-23 14:10:21,2017-12-26 16:34:52,2018-01-11 18:29:22,2018-01-22,d8dc3e83600173cd56277eeebfa83b05,2017-12-23
38bb5f9d2356ae738afe613b8e723645,ab2f6801deffab8038ad84aa63b01feb,delivered,2017-09-03 23:09:13,2017-09-03 23:23:53,2017-09-08 15:28:10,2017-09-13 19:00:15,2017-09-28,bbb9032e147e7f048e926bdd0197b7ce,2017-09-03
ffa4d45e1a7f3bab8004bd703f52a65a,0ab25c3442ee73ec49864945b5366156,delivered,2018-05-19 01:31:14,2018-05-19 01:53:05,2018-05-22 14:44:00,2018-05-23 14:18:28,2018-06-04,9d854d99750fbcf05b82a4c0adbe8703,2018-05-19
88116b0150974240461df371862faa33,5dd43f00d95ca055b4027421fca85b83,delivered,2018-05-16 16:41:40,2018-05-16 16:57:00,2018-05-17 11:58:00,2018-06-04 13:38:29,2018-06-04,5f0b403304b047198b9cc1e2e92fe6d8,2018-05-16
44a9041df78170974aeb1d2084dfae29,5afee57a15f6ffc73b0fadb9d38710b6,delivered,2017-12-14 20:10:31,2017-12-14 20:30:34,2017-12-18 22:39:52,2017-12-19 21:13:40,2018-01-03,3ce412c6d79c960f45241e8a1622082d,2017-12-14
b3323f23d2e1dcb65cb159b76406e1f8,7479da6d87f84188125a087363982f57,delivered,2017-12-07 12:46:20,2017-12-07 15:20:39,2017-12-09 00:13:01,2017-12-19 20:41:42,2018-01-10,111196f9a437864a2c6cd3002a02d997,2017-12-07
50852bd4d7074310017db9d4b0e243b3,4680a04d4d7c08a0fecc1ea9bfcc997f,delivered,2018-04-21 15:51:17,2018-04-24 17:59:38,2018-04-24 19:31:23,2018-05-10 23:03:40,2018-05-25,1884b4b00024a82c6103b01ab54ad1f5,2018-04-21
baa95b09efafaa994da8b394b11f8814,ac379fd1645b77e80dd6d97e66a8a005,delivered,2017-11-20 19:28:29,2017-11-20 19:39:22,2017-11-22 17:41:36,2017-12-01 15:24:40,2017-12-12,c3dd11533de963395e9d4c790087c683,2017-11-20
2f8f7c6485b2474109aedb21aa766600,70ca9d5b6288e8e734ae5183d8e1eb96,delivered,2018-02-20 10:26:18,2018-02-21 06:25:05,2018-02-23 00:16:43,2018-02-27 23:34:22,2018-03-21,75734e576b6be4897449c86ef0681eba,2018-02-20
c745c678c9834e0c537732afa099248a,6d9af298efa488862d00d1264a36ae02,delivered,2018-05-03 11:06:25,2018-05-03 11:54:42,2018-05-04 12:06:00,2018-05-14 22:05:19,2018-05-22,b64c1d07d599e6de52e4c088428f46aa,2018-05-03
4ae185f9012953118f9adcf6817a21bc,21d1c2c0b399a42369744faf573109f4,delivered,2017-09-04 20:10:25,2017-09-05 04:24:46,2017-09-05 19:17:36,2017-09-09 17:22:04,2017-09-18,e984a97604a2b9159b22b57d5f7a8d38,2017-09-04
0ac4a31679b7cc92b7f6cb3684f55e2c,5c1af1c75e78df3b1c454c13efbb1f4e,delivered,2017-08-19 15:28:33,2017-08-19 15:45:10,2017-08-22 14:56:43,2017-09-01 19:02:37,2017-09-13,713eb762e91e7dc8c9b4f98e4b52a0ae,2017-08-19
3777ae4d0b4a7b62d0fefd2051960312,f8a9869101804af1e6a609a20dbb4c50,delivered,2018-04-16 15:09:01,2018-04-16 15:31:09,2018-04-20 20:02:53,2018-04-24 17:08:48,2018-05-17,39c5bcb8856e6f8a9753a6f432af2c56,2018-04-16
17e474ff1065f1a6ae77b42169d8c451,4490b08d0ff0e5718711317c2ad9fe32,delivered,2017-09-15 11:22:39,2017-09-16 03:05:10,2017-09-18 20:49:41,2017-09-25 18:16:00,2017-10-09,58d70d4116acbc696396d8a1327d3a0c,2017-09-15
21f76c9cee317278663cbec02a2fb2f4,b04bfe72a69c8f083149c400839c83dc,delivered,2018-08-08 13:20:45,2018-08-08 13:35:25,2018-08-10 14:50:00,2018-08-17 23:24:26,2018-08-21,494b6bc66546cacf158249544077cd27,2018-08-08
d3ba6df689ba5bceee30291f5a28e7bc,12002ccd72a0a43cf74c0a1def33df71,delivered,2017-07-06 07:47:37,2017-07-06 08:03:05,2017-07-06 13:58:16,2017-07-07 20:16:50,2017-07-19,f1b0e152c33e0140c7f4c3573d9ceaa6,2017-07-06
9d616aea22291a579903b65ec945f2dc,d8ebb062c99a0e027f2e7f4f8d782ac4,delivered,2018-02-21 19:36:50,2018-02-22 19:30:56,2018-02-26 20:23:42,2018-03-01 13:29:02,2018-03-13,2b1be7436a5b60f540df8b37e306b178,2018-02-21
81997644995458a01126899a96832353,956b08173d0a9611b85f9ec0034944e1,unavailable,2018-02-26 16:58:27,2018-02-26 17:15:48,,,2018-03-28,169d2f3ffb434dff9ed03f1395b112b2,2018-02-26
b899a41fdae17968d357d705b073a5ce,aa9d3f79c16ee27706637d123f425b8e,delivered,2018-07-27 13:06:00,2018-07-27 13:24:17,2018-08-09 07:51:00,2018-08-14 12:16:56,2018-08-23,48aa7753f2622c7b4a1bb3e59d880ebc,2018-07-27
afc84e339f31a17022bf1f1650386e65,6d4b4ab3c4b934d2486e7e1dfea66381,delivered,2018-01-13 23:16:14,2018-01-13 23:29:03,2018-01-19 21:28:31,2018-01-22 17:52:08,2018-02-02,332f3d1c15352867e428cdab843e08aa,2018-01-13
025d78a44b8f48c66fd09239910302b1,6a5c936a909849dc0470967e01a7177e,delivered,2018-04-18 13:37:54,2018-04-18 13:52:00,2018-04-20 22:29:35,2018-04-23 20:02:27,2018-05-07,2938f83ab0df568b408eeed27fa98656,2018-04-18
f2a368e50c1c94d8f9545b80031f0e7a,af30cba70ea89e6a63b8db49eb9b7b1e,delivered,2018-07-17 19:25:36,2018-07-17 19:35:18,2018-07-18 14:12:00,2018-07-25 18:40:51,2018-08-07,d33f44d70c88a42a04f6c873511a965e,2018-07-17
faf285370e4895d3358378cedee3f088,843e0451747b5a6d439b5632813b7cfb,delivered,2017-08-30 16:33:12,2017-08-30 16:45:22,2017-09-01 13:13:45,2017-09-08 18:42:42,2017-09-21,6b557d051cb5b26854efb25d18722665,2017-08-30
2134d396310778467ccd627cd6c0e7fd,763c5b095586b04d59d2521b930f53d6,delivered,2017-11-12 21:23:27,2017-11-12 21:35:26,2017-11-16 12:26:51,2017-11-22 22:55:50,2017-12-04,392b8fd0016970f3e92210491b99e6de,2017-11-12
afb61112fb99b07fe17e591c68c0c84c,36b182c39933d55e307096ccc3fd2970,canceled,2018-09-06 10:48:12,,,,2018-09-19,0a5dadb73145d29f42f703c97c377ae8,2018-09-06
4898745786b963775c485005381a1f7b,366d9a8f66450c26f90fdc377de05ea3,delivered,2018-01-12 17:37:02,2018-01-12 17:49:56,2018-01-15 15:37:24,2018-01-18 17:17:41,2018-02-02,478b64b10688a35c07504c518d1df097,2018-01-12
9bd6d37e37d191076a471a8f72b942b0,eb9d631f30d0dccddc0bd1e9fafdeb95,delivered,2018-01-07 12:31:19,2018-01-07 12:38:26,2018-01-11 01:35:59,2018-01-12 21:19:50,2018-01-24,2ad1d56eabc0a121c250f111aae5e5c5,2018-01-07
5aca16835e759ea6a7e1d4369d0ce451,9dba33766e5d1426fba004cea912b1f6,delivered,2018-05-15 21:45:45,2018-05-15 21:55:18,2018-05-16 14:59:00,2018-06-06 19:22:51,2018-06-14,a0fb70a2f827809daf55d4ea33aaaa0d,2018-05-15
2e8cf1097e1516a9e3fae72b8ef97519,0deccd2553f62773fa2c8fc5911b4afe,delivered,2017-08-11 12:22:46,2017-08-11 12:35:10,2017-08-14 16:41:30,2017-08-25 20:24:31,2017-09-13,08c07c761592a71b85136aa4fe76a6f4,2017-08-11
2bad3a7085e17ad44f9117d127de525f,360ae0b3d851642a2c7e5d737e93140b,delivered,2018-01-12 20:10:32,2018-01-12 20:18:22,2018-01-15 21:29:05,2018-01-23 23:09:19,2018-02-07,6253003ce4a1dca3ebc37294bfe2b73a,2018-01-12
ecddcda2888ce6554c6202c651d73838,35fb3e0ae956da83065f0215c8ca148f,delivered,2017-09-28 12:34:14,2017-09-28 12:49:22,2017-09-28 19:03:45,2017-10-06 19:52:02,2017-10-23,12e5d1f0c0060ba666a56709ceedfec3,2017-09-28
1853610c46a77ba436f5e06e16ec8302,8349c37874abf342822f4ae6c20ae949,delivered,2017-12-01 16:39:06,2017-12-01 16:49:40,2017-12-04 12:19:33,2017-12-08 20:51:46,2017-12-27,6cde5ed6a701131f96b598d4490ce710,2017-12-01
833d827e76a8693a05a5d8b6337fa218,5e8fd7339f5f550c42c47ae0c60f27f3,delivered,2017-11-12 22:29:16,2017-11-14 04:26:28,2017-11-23 21:31:55,2017-12-11 20:37:33,2017-12-27,377f3398efde982760c0a43ed13a1e6f,2017-11-12
467cebcc0da9e810f821e951c04dd59e,be4b8eea88fa0fb518b2d01a9cc62cbe,delivered,2018-03-08 16:01:32,2018-03-08 16:31:47,2018-03-09 19:52:15,2018-04-10 16:54:36,2018-03-26,6a715055038588f2eb77d0301c621e72,2018-03-08
e46feda6e61a3f6fbfb0b230faba9640,6bab857dc8da09cba8f5b08dff74c120,delivered,2018-07-17 09:56:27,2018-07-18 02:55:20,2018-07-18 15:51:00,2018-07-23 21:56:30,2018-07-31,0c64aaab923a382be483df459fc8d687,2018-07-17
603ce42d77860afac6a70925449311d5,1782ac2961556dfb3fa7fd7bccedd049,delivered,2017-11-24 22:04:20,2017-11-25 03:36:34,2017-11-27 20:32:27,2017-11-30 16:44:28,2017-12-08,dc1b1c4c02997d9302e4b3084515f0ec,2017-11-24
d3e4806c215167243c919d64a4df8f9b,5353774bf9fae91621e5a15639bc6eb0,delivered,2017-09-18 11:06:56,2017-09-18 11:15:52,2017-09-18 21:33:35,2017-09-22 17:37:43,2017-10-04,f30f665f8f3e07c35d91e1a038d58ab5,2017-09-18
91003e3a687f6d045844de7b5f772608,627df80b3c1f086dbc7acca08e714530,delivered,2017-04-15 11:56:08,2017-04-15 12:05:31,2017-04-17 16:18:46,2017-04-20 09:49:49,2017-05-10,3f9df44e4442173d83d9126b0f70e2c2,2017-04-15
514ed457190c903720b7fd33660c486d,0bcc6ae89ebd572cfccf2dd35a46987a,delivered,2018-02-20 22:09:01,2018-02-20 22:27:28,2018-02-21 21:03:45,2018-04-02 16:52:03,2018-03-15,cc025521d96a3005316b61cde71907db,2018-02-20
3f1ba9515b44ee835d8fcb64238f0b27,4e6013979e8f7efcbbdeda79d0acb346,delivered,2018-05-02 14:51:18,2018-05-02 15:41:00,2018-05-03 14:52:00,2018-05-04 19:51:00,2018-05-21,5b110c20f24d20664eda410dd155dac1,2018-05-02
27667a063cb59b5d987a5a71c192cce5,abaee92d4978f8216173d5d632867746,canceled,2018-08-27 19:54:54,,,,2018-09-06,391d6062da3dd65b4de4524f28c478de,2018-08-27
36fc3a00019db8f893021f9508f695c8,5e23eb6b579778f0fc5450414008f4cb,delivered,2017-05-01 16:35:12,2017-05-01 16:50:13,2017-05-02 16:18:22,2017-05-16 04:58:29,2017-06-06,1e162bd0d540248b835b737b8118bf09,2017-05-01
1b334143e8a49b412fca6260ffb12e76,fa71e22499e5af612e85cabf53827a48,delivered,2018-04-14 21:52:04,2018-04-14 22:10:44,2018-04-18 21:31:49,2018-04-23 11:41:11,2018-05-10,2fc83bfc00e103f49fd0e84071fcd500,2018-04-14
3af9281b481b20ca510841d14e7e3138,228ab556af13cc8f7b268b09008b87f3,delivered,2018-01-11 14:29:19,2018-01-13 02:12:37,2018-01-16 15:56:49,2018-01-17 18:38:08,2018-02-09,726d126a8690a7082d2cfc100c0072b6,2018-01-11
7a8b0a61c3064cb97de68bddfd72d895,ac86bf511e920e03c3f05e87919a5fe1,delivered,2018-05-11 15:39:55,2018-05-11 15:55:12,2018-05-15 09:58:00,2018-05-21 17:52:29,2018-06-08,b4b0901bb872cf9972b32a05733b3394,2018-05-11
6c3a3ae2b1580cb06944870e258eec3e,eb995bc1611b219cad26b592d67d961b,delivered,2018-02-28 14:52:54,2018-02-28 15:12:06,2018-03-02 18:43:10,2018-03-08 15:04:26,2018-03-20,dca1e55e7b5b557a2325f825d93ff945,2018-02-28
848963795b4b330df0a7c238b12f76ce,d53b5ff572a5e5d237b0dd64260996a3,delivered,2017-11-29 00:44:03,2017-11-29 01:31:24,2017-12-05 22:14:02,2017-12-11 17:42:35,2017-12-27,731d531a3c1de1cbfae5907734e64d8a,2017-11-29
15a222c08d73b6b54752e805baba8bcd,ea2633608fef50fcb568b3ee347e4345,delivered,2018-08-13 19:11:28,2018-08-15 03:31:34,2018-08-15 13:00:00,2018-08-16 20:34:49,2018-08-21,d3976879e2fea1d376aec5fcf62b07a6,2018-08-13
64f2e9aa85911b6a48e3d11ef05b73c7,8aead9173f1c996b7c2c82b7e484fdaf,delivered,2017-11-25 15:48:04,2017-11-25 15:59:25,2017-11-28 12:48:56,2017-12-08 17:26:55,2018-01-04,4e1cce07cd5937c69dacac3c8b13d965,2017-11-25
60411e99d7a03ab219097882e0a58118,7456113cce8651aa1338725882c6a353,delivered,2017-12-05 20:24:01,2017-12-06 02:50:30,2017-12-08 00:32:26,2017-12-17 15:17:02,2018-01-04,529bc24944de147ccce42b57d0cc7ea8,2017-12-05
684dd0a88e0981f537557582bc8acd90,f4bd31027482082b29a7b1dfb389d71c,delivered,2018-08-03 18:56:20,2018-08-03 19:30:40,2018-08-06 09:12:00,2018-08-10 22:03:35,2018-08-15,590180f08e3f630449409ec094fcb1de,2018-08-03
0818699476819463109688475b808343,53e644c7c57416bdaf0409e656ee8b0a,delivered,2018-06-01 09:57:51,2018-06-02 09:51:38,2018-06-04 13:47:00,2018-06-09 18:11:08,2018-07-04,26b5839e505ee33e6a449f7c2c403f99,2018-06-01
749ec71b70b508ead61c6993ba55fdd5,d4cd46dcb07d13fcbe9c1454f7b83a87,delivered,2018-04-04 09:55:23,2018-04-05 09:48:27,2018-04-07 01:26:38,2018-04-20 17:35:29,2018-05-14,11c76767cdef83fde396eb9f97779f7c,2018-04-04
3637b54ea3991c5c9471dd8c9e77ab7f,8564e29313b731aab2952205f0be7795,delivered,2018-04-28 17:26:01,2018-04-28 17:50:17,2018-04-30 13:27:00,2018-05-04 20:38:46,2018-05-23,e979306b1c0ac6147aa6b13b7e0fb28f,2018-04-28
c3c485b86c410043b6e4775e3def9a20,bd509510ba0e2a6e225d179fdf07a12b,delivered,2018-07-09 08:48:00,2018-07-09 09:15:13,2018-07-12 11:13:00,2018-07-23 21:26:55,2018-08-06,71d0382f0bfa45d9cb75d5d8c37561a8,2018-07-09
53ee0be86e504c7f0f6f14d77ebc8973,839a209680f846dd5aada582af608df7,delivered,2018-04-07 21:42:49,2018-04-07 21:55:18,2018-04-10 21:14:33,2018-04-30 18:36:21,2018-05-03,f8ac2d77e561f1a2e945285431eabff8,2018-04-07
3f0371aa67821598a57596f091ac6ba5,e9e2fd0dc6e825e6ba932afa33273551,delivered,2018-06-24 17:58:51,2018-06-24 18:15:15,2018-06-25 09:36:00,2018-06-28 12:16:57,2018-07-16,93ad1e0b5bd80a1cfd5d9fff1d198128,2018-06-24
0af1482ae8afdfdcd36bcdd5848545cd,e14f88af7cd71552ac393ef41ed3a679,delivered,2018-05-08 07:04:01,2018-05-08 07:15:41,2018-05-08 13:49:00,2018-05-14 19:28:38,2018-05-21,41a5c7750bd9445d0c92253d51059c9a,2018-05-08
3ad21c0e40b33f2600a06e99f27a5fe2,3cee7236fe89c4a7cdc9fa8dbbc9a803,delivered,2018-04-15 22:38:51,2018-04-15 22:51:33,2018-04-16 23:09:51,2018-04-25 14:34:52,2018-05-16,5f4cdf0629d79e156c7ba3a42924b3d0,2018-04-15
5b2e70f861de8953b06ea667adc2eb4e,95ff4214f5f8fef4a53f936822706034,delivered,2018-04-28 10:10:37,2018-04-28 18:29:54,2018-05-02 14:19:00,2018-05-07 14:08:55,2018-05-18,a305373ba918354cbcd669054ffe7c64,2018-04-28
08fcde049d3ee404c83e486f4822a78e,01f831a3745969dca7b974014c4d4344,delivered,2018-05-16 09:57:02,2018-05-16 10:12:48,2018-05-17 08:25:00,2018-05-21 15:52:22,2018-05-30,36fd23d5c40986f79525271e5e980310,2018-05-16
88f2ce255598e8d806bdaab738f02de1,439337703a214d8d54055013b916a4d5,delivered,2018-01-24 18:24:14,2018-01-24 18:37:43,2018-01-30 16:28:43,2018-02-02 23:48:55,2018-02-19,e5048e1b7406e6551affd225f80799c0,2018-01-24
9b6e06a02240aebccecc0aa24c806e23,307d389530a2e45f8fa36148bd84150e,delivered,2018-01-15 20:30:31,2018-01-15 20:50:43,2018-01-16 16:03:54,2018-01-31 20:59:52,2018-02-14,c21d8b37e7d0e4654b347889eb8c9e76,2018-01-15
e47a8012e0dd88afbd837b0c7e2df011,6190f465309a075a603b1a6088681910,delivered,2018-04-26 09:02:57,2018-04-26 09:15:12,2018-04-27 12:59:00,2018-05-04 21:32:56,2018-05-21,82d455d9a4055ef728a65f270b88c69c,2018-04-26
c1e9df16ff9d33f95cd4e24e6e064c38,00a7f9b60493b4b11601b42e5f31eac9,delivered,2018-06-03 17:23:48,2018-06-03 17:30:28,2018-06-04 14:37:00,2018-06-05 21:05:09,2018-06-29,adf61ad8994414035684cea95e70549e,2018-06-03
ac190835077b797903f673fa82dc753c,3e4e3a8af8ec36881f2c1e8f10d4cdd3,delivered,2017-11-10 18:14:03,2017-11-11 03:06:47,2017-11-16 10:16:53,2017-11-24 23:05:11,2017-12-14,c4a139f3528d3b37d73591fe47dea573,2017-11-10
f4adf4d0dfbaeeb40ae1c14e893994f4,046898f5066f7287e47eda8a80c80a56,processing,2017-11-25 15:23:14,2017-11-25 15:34:53,,,2017-12-27,b82cc08ec7069053a3f5219ec59d3497,2017-11-25
5b692807e221c46e094e3df969f0eaf5,710d7c0e6cc58554fde584271ee492ec,delivered,2018-01-17 17:00:53,2018-01-17 17:15:46,2018-01-19 18:27:57,2018-02-02 17:19:16,2018-02-09,b7f5f7ab05639a87c7c0aa6d35ce403e,2018-01-17
3bcb751cca185b66b142f0c748f42049,0addff26cd8066265f7c1535411f2b57,delivered,2018-03-28 13:18:35,2018-03-28 13:30:25,2018-03-28 23:36:40,2018-04-09 17:32:35,2018-04-24,1cf49d830e164463dcce912ffac5b96e,2018-03-28
b8ee80bb6d575240f0b5f9f87987be6d,d3bc1fd607f5e867e30371619d28a55b,delivered,2018-06-11 20:22:26,2018-06-11 20:40:57,2018-06-13 13:37:00,2018-07-05 15:58:26,2018-06-29,934157f44075d9ca396f27f72c99a338,2018-06-11
6335afd8e6b7eb0ebc8bb71ea0008f6f,d96619b47e477e6bcc377bb89f2ddaee,delivered,2016-10-08 02:18:43,2016-10-10 11:03:05,2016-10-14 11:03:07,2016-10-17 12:03:07,2016-11-30,0636d30c77f0f9cfad81f1c9b58c791f,2016-10-08
012ea594e035047289b3e7c3f8b90cef,39851c46815f49fafb7bc26ed6bf513d,delivered,2018-05-03 21:10:55,2018-05-05 03:10:23,2018-05-08 15:50:00,2018-05-09 13:16:28,2018-05-15,e51e07cef993df6ce1e8604ba2261b5d,2018-05-03
4c354e66bf6288f312055cb463829e71,3626626e7ac7f0996aceb204c71844cf,delivered,2018-04-07 20:48:25,2018-04-08 14:15:13,2018-04-11 21:32:55,2018-04-13 22:32:02,2018-04-20,8a02bbd0609eb6d4072eba322f3653cb,2018-04-07
97d8971fa48ff1a5146f0bab9124382c,569b88c2b9a52df7feeb1d89bc64864f,delivered,2017-02-23 15:32:20,2017-02-23 21:55:17,2017-03-02 14:22:10,2017-03-06 17:31:47,2017-03-21,526126c9f6a2a58d226b574d4d6c2278,2017-02-23
dc72c2d1985b4f1380c3289d3b49be6f,15f3c00aa7fd210c009843955a9ca7cd,delivered,2017-12-20 10:24:02,2017-12-20 10:51:14,2017-12-20 19:10:00,2018-01-16 20:47:08,2018-01-16,cfe6ba97cbaba7a1e1ea20efdd3170fd,2017-12-20
badff059f06914594e6477d1273478db,5fd0bf8a4bd7c3765f1f68324dcb2871,delivered,2017-05-06 13:20:39,2017-05-07 16:05:09,2017-05-10 09:53:42,2017-05-15 13:23:52,2017-06-02,deed673d98683621bb6af3160e73bf75,2017-05-06
a67a79a5053532a573e2015e066917c3,351b7691a1c095b564f88fd4bf66e81b,delivered,2017-06-15 20:15:37,2017-06-15 20:30:14,2017-06-20 12:36:00,2017-06-26 16:27:41,2017-07-10,4566e273dc806cb1b72c0994b9c44ed1,2017-06-15
8867156d46ee1ee4342aac2b072b300f,56193005c66b353063ef884af203336e,delivered,2018-04-13 13:09:06,2018-04-14 02:30:46,2018-04-17 13:28:31,2018-04-26 20:54:56,2018-05-14,782191ca0d8839c892e01e1623297908,2018-04-13
7a053fc8200420e5c5800bfab6cf0737,72327e066458a5ea1adca84860de237e,delivered,2018-01-13 13:23:17,2018-01-16 03:50:01,2018-01-16 22:12:18,2018-01-25 15:49:33,2018-02-19,f2194ef631876b6212dc9661b4dbfe14,2018-01-13
d17f1a91c60b8fe9d060b2579f04fd0a,a5917b800e27e546deb761274242684c,delivered,2018-08-05 17:52:49,2018-08-05 18:05:13,2018-08-14 19:26:00,2018-08-16 20:28:52,2018-08-14,cd8e98ddbf3688617091fdeef6f8025a,2018-08-05
502070fa8a16306454d031307381a7de,c23fb30a729329aaf217f168be86abd8,delivered,2018-02-04 19:53:09,2018-02-04 20:24:14,2018-02-05 20:26:56,2018-02-08 14:18:28,2018-02-21,dc8fe0db0d6125aaf30236ac95283a18,2018-02-04
dbd74f2a5844c047df77a7722409678a,d1a2056f6e6e1584ba56d6e6f0285e56,delivered,2017-06-02 23:28:04,2017-06-02 23:42:43,2017-06-05 17:08:23,2017-06-29 13:39:54,2017-07-07,2e0d4931217e13e3044c55b8ba40bce5,2017-06-02
626769ebfbed1c226afe8deb0a5381fc,bc1001ca98d679d8bf6e2a9e1b519fe9,delivered,2017-11-21 18:33:24,2017-11-23 02:38:34,2017-11-23 21:29:59,2017-11-29 17:39:03,2017-12-18,32f437e3704607f63d51048706ca8ef8,2017-11-21
6ecf7023e8dd4ec8b08746c35b9fcb60,181e2217f874cb5390be37f378db5e07,delivered,2017-11-24 14:22:48,2017-11-24 16:33:43,2017-12-01 20:55:04,2017-12-07 09:38:30,2017-12-19,8fe54925e8ff1067c803ae7026fe384b,2017-11-24
ac899f448f474ceb27b400ce38f25bc2,b6ac8070e88a2e3a2e9550bb08aad925,delivered,2018-04-03 22:02:10,2018-04-03 22:15:18,2018-04-05 21:07:44,2018-04-06 19:36:50,2018-04-13,f0ba3d1f31f2b7c69e82de815d768898,2018-04-03
8d0d4524b29f3e77ea08bff90227f410,0a037a0b80df2d007c75cb8743bcc035,delivered,2018-03-27 21:24:05,2018-03-29 03:29:01,2018-03-29 22:22:22,2018-04-08 15:51:52,2018-04-20,091467fbc7af4ea51638267a0b3c267b,2018-03-27
86f353da4086de44a6acd7faf109e47d,dcdd2033f19ef7bcacdf2e683c8f2e65,delivered,2017-07-13 22:29:41,2017-07-13 22:45:07,2017-07-21 18:57:19,2017-08-01 18:37:43,2017-08-10,e66c03faee607e9eb86380d0a86a327d,2017-07-13
1cad5655bb2058c43754fe8e8c98c4ba,69ed09a942f79adc91b02b1f4df87cf5,delivered,2017-05-15 22:02:38,2017-05-15 22:10:19,2017-05-18 11:29:55,2017-05-29 15:43:09,2017-06-26,c3eca8e7160b01c6b9dbbb5dcc456894,2017-05-15
7c2aefdd602f9df2ae6eb835d3973974,187a820d7c72e9248b35ef98df3438c5,delivered,2017-10-18 05:04:06,2017-10-18 05:14:13,2017-10-19 18:24:47,2017-10-24 22:24:54,2017-11-08,811364162f381aa77962a494c6c25f09,2017-10-18
03e533f76e0f8827796f3d0a45c61dc0,fafd3c824051e968be7f96ab5f6ccd90,delivered,2018-04-01 19:53:37,2018-04-01 20:08:34,2018-04-02 22:56:48,2018-04-11 19:24:32,2018-04-24,c82e52cd65104e9b85f0eb9e1ecd886e,2018-04-01
21713fc60242d920d3fba8a37dcaf0e9,bd37d48dfe13bc5dca2f604aa27a5e84,delivered,2018-02-03 13:33:39,2018-02-03 13:49:40,2018-02-06 15:29:51,2018-02-21 21:03:42,2018-03-13,aa7c5ecdb8b25ddc1ed7e7e77f88d5e0,2018-02-03
37cc4fa744f5c8577269cc56624a21a1,517d569f1a365b5620355d01b29eee71,delivered,2017-10-04 12:44:31,2017-10-04 12:56:26,2017-10-04 19:17:44,2017-10-11 00:22:45,2017-10-23,37b708a378a17996174d1b8f6ed3d3e9,2017-10-04
b97647adcfc90ff1abe8f427d87a02ce,84b2524d9dd6acc4b4b8c9d3cf0e36e5,delivered,2018-02-24 22:32:39,2018-02-24 23:08:48,2018-02-26 16:35:42,2018-03-08 05:12:26,2018-03-26,1b9049d43e2d3a751df91643d3e7c9c6,2018-02-24
2e00d902c42dd12ee7858aa92c7e7c1e,4f9e8ebde7817c00f257abf85b201a40,delivered,2017-11-21 08:29:20,2017-11-21 08:39:29,2017-11-23 15:02:22,2017-11-26 16:13:21,2017-12-13,04fc01b32cbbe95dfaa553bd9cdcde78,2017-11-21
3fd855fbfc51b1fc63f68bd33ed6d9b8,c544e71db3c4e9294cbdd156d8ecedca,delivered,2017-10-28 15:23:04,2017-10-28 15:30:46,2017-10-30 19:17:31,2017-11-07 19:14:47,2017-11-21,f605745f35f1698e00da959ddf94880f,2017-10-28
5e3b22928fa1027cbf4db7a8e5840cb0,d5b654ad125240f776182b4a37ca4b29,delivered,2018-01-22 03:42:14,2018-01-22 14:49:52,2018-01-23 20:32:44,2018-01-25 16:36:46,2018-02-20,2eb9ff5cb02c68fb6766ce8eb07843dc,2018-01-22
2a3a13617346c0fca6180bbf422d7542,cdb99897893ebbeb4c7d6dd693953e24,delivered,2018-05-09 17:35:25,2018-05-09 17:52:56,2018-05-11 07:25:00,2018-05-16 12:26:50,2018-05-30,cb4418cdf55766fecd7a956ab4bc93f6,2018-05-09
a494244817c043c16eb0c72c5d0384ad,c691fa8d8cf769ea3b4b02572b606a6b,delivered,2017-11-29 10:40:13,2017-11-29 11:00:14,2017-11-30 19:49:02,2017-12-19 22:53:20,2017-12-28,5b984096a577ce1152ad5858260ec027,2017-11-29
52f6d6af659ed5b3217520e607b84fe5,ec78ec55ff33a041a9fed30d44ace8b5,delivered,2018-06-12 22:34:30,2018-06-13 00:41:29,2018-06-20 14:52:00,2018-06-27 15:04:56,2018-07-17,fda7abd38b540b2a07019ad2816b1899,2018-06-12
44ca3a6e88412fa58bacabe95656aa63,99c1966fdb2c3e60517a68e87ef4a1e0,delivered,2018-06-18 20:51:49,2018-06-19 20:56:32,2018-06-20 11:59:00,2018-06-27 15:04:50,2018-07-24,66687f241e65be2fc37e4213aebd2d76,2018-06-18
3168875baaa7b1b7ba3e833c53b34fe0,8cdbc6c14192efc82405a1aff7d39c62,delivered,2018-03-28 17:46:58,2018-03-28 18:08:46,2018-04-04 00:08:23,2018-04-11 18:48:44,2018-04-16,c696a6c5d023c3e981b88dcf52b34fd5,2018-03-28
a1d206a791daa08f58c1fb8e3ab028ff,2b6040b9e07d07c64aeb630c141c5b53,delivered,2018-02-17 01:25:35,2018-02-17 02:07:46,2018-02-17 17:25:13,2018-03-05 17:57:12,2018-03-19,351be3d3abbb10111e3d68f060623903,2018-02-17
9d8c6f79d9f09d4c2660103c070c823f,e6ca84b3f0d725581756b696a0c71e00,delivered,2018-02-28 21:01:29,2018-02-28 21:40:20,2018-03-01 20:58:50,2018-03-14 18:18:37,2018-03-20,731a1d6ce46cc6315c9ca3c9d989356e,2018-02-28
5dc24bf5707bbc27e862fb141ac5872d,9934b247146c788fb07d0ffbfa5d9032,delivered,2017-05-12 13:51:51,2017-05-12 14:05:20,2017-05-15 07:55:50,2017-05-23 13:05:37,2017-05-31,4f96afde8e7c89d59b2853fdd05e113d,2017-05-12
e5b0954e1d23435884320d72a0ed00eb,480e3e3698cb26e939392b45b126ea33,delivered,2018-02-13 22:00:02,2018-02-13 22:15:41,2018-02-14 18:09:00,2018-02-24 17:49:05,2018-03-13,89fc1eef39a050d5bc14f78f424c4ba5,2018-02-13
192799f07e375d72c4437c3a1bf074e9,7b371405c7e0b654edfe362e09d6a0e2,delivered,2018-07-24 17:10:04,2018-07-25 02:45:11,2018-07-25 15:34:00,2018-07-30 20:43:38,2018-08-07,b50d00b47e3aeaf4ebad0b840921bc3a,2018-07-24
d6ba22d8529806979d963f00e0698039,0d8c2b410b5954297eb4323ad13db551,delivered,2017-10-06 19:51:19,2017-10-06 20:06:07,2017-10-23 19:47:33,2017-11-10 22:57:50,2017-11-10,e5441766ddb620292c1f6c3953ee3645,2017-10-06
92560dc666cfdbb5594319d742457b6c,f1df0ebaf5864a536cce30194f8f252e,delivered,2018-03-21 13:17:44,2018-03-21 13:30:28,2018-03-23 01:04:30,2018-03-23 18:36:50,2018-04-03,aeb672c5ac0e66719da29675a8c20dc9,2018-03-21
7fc5a454137fbdccd41c504de3b62f71,82e6aa6beb66b16ea738bea138988d33,delivered,2018-06-26 18:03:54,2018-06-26 18:18:47,2018-06-28 09:14:00,2018-07-03 22:51:56,2018-07-20,1ee1aa6d721e29fc26f2c4aac3d615ab,2018-06-26
08bf2c1104a4d1382d651ad4e921b4a6,45b4e909ecb4b938d979ac373b89bbe4,delivered,2017-08-30 13:53:29,2017-08-30 14:05:22,2017-08-31 21:18:49,2017-09-08 23:33:56,2017-09-19,fd48d5af13414a3ab440e9b901d26e39,2017-08-30
e82c65a674b5f012420311da34ece20c,2354f1f312d5a346962f9fe4aaad3a51,delivered,2017-10-27 23:57:48,2017-10-28 00:31:49,2017-10-31 16:58:12,2017-11-07 21:11:59,2017-12-07,c2dfc6e0c186490c85de642d331b97c6,2017-10-27
2dd83692621ae4c375eda73168295b17,00bf77539bad79ed21c55cdea4375985,delivered,2018-02-23 08:55:31,2018-02-23 09:10:27,2018-02-23 22:09:01,2018-03-08 17:34:38,2018-03-20,6e066424e17b2da4b735194531fb99a6,2018-02-23
994ed29211f61708b9c3c72ee898ce09,5f9cc0db667b3735869602dd0575dc8d,delivered,2018-07-26 10:10:18,2018-07-27 02:24:16,2018-07-27 12:28:00,2018-07-30 17:13:12,2018-08-13,8a3c197115a0788cca4dbe09a740053e,2018-07-26
5200457b47c6543e5756c85ab87b4f2f,bd79d02f82a67aa2b7ae5f0cecf756c7,delivered,2018-04-23 13:47:32,2018-04-24 18:21:44,2018-04-24 22:03:44,2018-05-02 13:51:22,2018-05-17,dd0052c2f78f985c6f83ea615da1c417,2018-04-23
53d3436f6601750ca39cfa46de24c6ec,78dde783f1d86bc60a9740ff31937c39,delivered,2018-03-26 11:11:06,2018-03-26 11:30:32,2018-03-26 22:18:42,2018-03-28 00:34:56,2018-04-06,e5defab6ae60b311ca597ce8f5a66cf9,2018-03-26
cd1c8a9edd4e0f98b94e0080a2190f30,ae91fd713e14354b12b7435eeaccaacd,delivered,2018-07-04 09:25:28,2018-07-06 02:55:10,2018-07-06 10:32:00,2018-07-11 12:54:35,2018-08-01,23cbc4a1ab6235528d2d55e38b357586,2018-07-04
d95b2210692db91db720c1ef8b02c1cd,f9b37579688c942afc65788eb6a39cff,delivered,2017-06-15 11:48:29,2017-06-15 12:03:08,2017-06-16 17:22:10,2017-06-23 12:32:23,2017-07-20,00d474cea9ceb88b7175d564b081dfa3,2017-06-15
26492946caba5024f4d5e99dbdf4514f,e93accb02ef110eda33fbf5b00f76925,delivered,2018-08-01 09:19:30,2018-08-01 10:00:06,2018-08-02 14:57:00,2018-08-10 18:21:36,2018-08-24,dafdf466986c95af7c653bcb4ca539ec,2018-08-01
255111c7355b48e49add6f5a16c22483,332d8cfd50e9561abc812d0dca9632fe,delivered,2017-05-26 01:12:54,2017-05-26 01:25:10,2017-06-01 09:07:46,2017-06-19 20:04:38,2017-06-26,9cefe42d341c88e20dfc3b05756e79a4,2017-05-26
6e9bbc421e8150b4a3ef1ed1723e1f05,1d17518d9007bad277ab15304c6207c9,shipped,2018-01-13 13:01:19,2018-01-15 10:10:52,2018-01-15 17:24:11,,2018-02-15,ec96ce360c646efdb3b4404cc7cfb600,2018-01-13
ef53b712516162ba8b15881e62f9b67e,5ff644aeb0ab2f7ddb5d28ad9fb702b9,delivered,2018-05-02 04:15:27,2018-05-02 04:35:12,2018-05-02 13:39:00,2018-05-09 20:08:45,2018-05-29,fb0949346a7f2fe991579a1261fe6c41,2018-05-02
b157dd3a8db0279fe95e9272103e8078,c60ab291fa81cdc130dc021ab4b79f53,delivered,2018-04-17 09:13:49,2018-04-17 09:31:32,2018-04-18 22:07:38,2018-04-23 21:17:13,2018-05-15,23ea311a83e45e4506515837f99a854e,2018-04-17
0ae45a816351887a536ef37fd5fd9853,43b0018187e2831197aab2587884c29c,delivered,2018-05-01 16:36:01,2018-05-01 16:55:23,2018-05-03 13:24:00,2018-05-15 17:19:19,2018-06-07,c273e6625c30e96ee5cefdd2c4e746d8,2018-05-01
7fd5ce5b7835d787b3a39742ca00d5dc,279dc3eb0a90399aa36df00d9915f30b,delivered,2017-09-03 17:42:35,2017-09-03 17:55:27,2017-09-04 13:35:10,2017-09-11 17:49:27,2017-09-28,943014d0a84484b3ea4c50eae4525418,2017-09-03
e9ce8d3f379bf3d70e4af85174e1841f,383e0c402beac204dc7ad8633cc49ae8,shipped,2017-07-29 14:44:04,2017-08-02 08:34:47,2017-08-01 18:12:05,,2017-08-24,b9eefc4441b9cd3e84a5d7394bf6d401,2017-07-29
c27714731c13899240db6b32949a7d70,1b96b13fd6728f27f75ee65f6ec70d74,delivered,2018-04-22 23:23:36,2018-04-24 18:57:17,2018-04-23 23:35:31,2018-04-28 01:03:10,2018-05-11,d99771b5a877f150d696b9474e4d5b36,2018-04-22
d0149bc6b6957d71d6acbd693d7b1a8a,5f19064157276155bd49bce992a378a4,delivered,2017-12-06 01:17:22,2017-12-07 03:12:37,2017-12-12 14:19:00,2017-12-21 00:07:27,2018-01-03,9a8f5956baf4c67886d91bee7bd5a50e,2017-12-06
4edb6ef70ac1110853f2faae2794ac6a,7cec4776cc3a211b8bfbb1d27b6f94a4,delivered,2018-05-07 17:23:11,2018-05-09 03:11:43,2018-05-09 13:49:00,2018-05-10 20:59:29,2018-05-17,44f64d6e24ff2d6e4361f89295f5608d,2018-05-07
078c9d6d720f254fc10c5a162169197f,699378662a662906118d5c91b689e7db,delivered,2018-05-29 20:59:27,2018-05-30 20:55:41,2018-06-01 10:03:00,2018-06-07 12:38:28,2018-06-29,bd010f70857d171233c8a51ef0bfcac7,2018-05-29
285bb3ebe7ede4496dcb8e7217c126f2,d3031e597fdc0a4caed9df2944042fa9,delivered,2018-06-05 22:51:12,2018-06-05 23:12:35,2018-06-08 13:01:00,2018-06-28 18:48:35,2018-07-16,92b322768259cf8d75f468e1c2f04eec,2018-06-05
3d56cf18c16869e9c0d59c4460a0aa30,a3243fbd504be273ba8e4519280ed00a,delivered,2018-01-17 01:50:39,2018-01-18 02:11:55,2018-01-19 03:09:54,2018-01-23 19:03:56,2018-02-08,f4a1113ec504e8b0f2e381dbed177712,2018-01-17
45b888816ea926cda441a7e65e7c1b9f,5c6883845330d5c96c5447279c330b41,delivered,2017-11-28 13:17:30,2017-11-29 02:21:32,2017-12-04 19:52:06,2017-12-18 20:43:44,2017-12-22,03f17b0812f994b4416281e6f2279cb9,2017-11-28
1004c85aae3556995fb069d8a2751118,c5b7094647786ebf4999cce838e58ce9,delivered,2017-12-11 09:13:28,2017-12-11 09:30:22,2017-12-12 19:15:39,2017-12-22 23:18:58,2018-01-09,d87cd982d4b793abe00c75c000c89237,2017-12-11
cdcc163c185b029690476757900236bf,c3581b0a7a2ab8c7ae2721fabc74ef4c,delivered,2018-07-31 22:07:09,2018-08-02 05:30:54,2018-08-03 12:20:00,2018-08-06 16:14:29,2018-08-07,1ea707801f2dd940c8c60d0f7046c765,2018-07-31
25ce89b82d611789988bd8dd3722c6af,68d895c89ddc53350772bb822d6275b6,delivered,2018-07-25 19:45:20,2018-07-27 02:10:27,2018-07-27 13:52:00,2018-08-01 21:41:44,2018-08-09,e85be0be583739e17f45229af03108eb,2018-07-25
9075ecab41fdbe2edaae75cfb6cb09b2,da857900091edddde762921bd62ff51d,delivered,2018-05-16 18:22:03,2018-05-16 18:41:56,2018-05-18 13:09:00,2018-06-06 19:26:50,2018-06-18,bf08ea8e181cbf89d46a034a3fc7aef5,2018-05-16
20b1d8c9683a66f9810b31604fc5f540,5257f21744aca789f334058a11c2fb42,delivered,2017-11-12 13:57:38,2017-11-12 14:10:31,2017-11-14 13:11:48,2017-11-22 22:09:11,2017-12-06,5270cffd29ac266ad0acc6bf4261321c,2017-11-12
504a177139942c6e3aee4be10accaac6,41ae5fc029b18e1f72993c61d4e35bed,delivered,2018-07-24 08:49:54,2018-07-24 11:23:55,2018-07-24 14:18:00,2018-07-27 13:12:35,2018-08-13,f835566e96ae29ca49e60020a4df9dfe,2018-07-24
1f40c568147d792b8ff628f54803a6f2,99788ef4e91b5e9d8771b66a49441984,delivered,2017-09-09 18:40:39,2017-09-09 19:03:47,2017-09-11 21:16:33,2017-09-14 18:04:49,2017-10-04,f012d0428d09708815ca563418f16d71,2017-09-09
917b267dc796aa050652ac9f24b245b2,3acc0f0e957074ee4dbebb7b7e82a834,delivered,2017-11-05 19:41:16,2017-11-05 19:55:25,2017-11-07 14:41:09,2017-11-10 21:37:48,2017-11-28,a6946426d0c88e33bbe84a9a3196b0b9,2017-11-05
39bffc9b7be332f527a4fcdec744156c,c4b4aa3d40d7530386c518efad9248ca,delivered,2017-05-10 20:55:51,2017-05-11 03:55:22,2017-05-11 16:15:59,2017-05-18 16:51:48,2017-05-30,711f2abc1f74c977b64fb9320ff5bc64,2017-05-10
79656dfc69daa9e78835e99ea7d54c83,90a1a81ecae0cecee6a46d2a10165284,delivered,2017-03-26 14:52:53,2017-03-26 14:52:53,2017-03-28 10:44:56,2017-03-30 17:08:40,2017-04-25,7a2b9d8ce96b0879c386836d1a341db3,2017-03-26
a0d3437fc70b342203c6679bab7a301f,c4ee3143c92ea5a170b8737883e80275,delivered,2017-04-15 10:34:47,2017-04-15 10:45:12,2017-04-18 10:23:36,2017-04-27 15:14:41,2017-05-08,a33c91d81773c8eacc67a296edcec68f,2017-04-15
866f051f9b5c31d0566324ea81a33e24,31c888821f6dd43346896c5732024762,delivered,2018-02-25 16:08:52,2018-02-25 16:15:38,2018-02-26 18:26:46,2018-02-27 18:00:09,2018-03-12,72b43a3cbfcbf7f7b6c08deed86d7cc7,2018-02-25
898f13bcf377cfaa6cf7a53ab25b7afe,20085406e7a297c65774fdee8993088d,delivered,2017-07-22 09:50:57,2017-07-22 10:05:40,2017-07-26 00:49:48,2017-07-30 15:49:27,2017-08-09,b1d0297f0896da1e7c072ff21e4db182,2017-07-22
99332f462c856f28c1581e91c169b488,7bfdb3d0f53ea882f2a470c6ec01a983,delivered,2017-07-09 15:12:11,2017-07-09 15:25:12,2017-07-12 19:22:33,2017-07-13 14:28:46,2017-07-24,2f6bfa6509c44c47a19d724930a66a29,2017-07-09
8cb9bdee316634dca609aa8fe38e329a,d43036b76d556d450d0ffe9ba9368ee8,delivered,2017-04-29 12:50:26,2017-05-04 11:42:47,2017-05-11 09:26:47,2017-05-20 07:02:59,2017-06-08,fb64c8672219488ed6f07db6740567d9,2017-04-29
79bacd435c482bfb47d57d11e21ddcac,b19bfa701ce8befc1b99b21afd3d2ad0,delivered,2017-12-04 19:25:12,2017-12-04 19:34:24,2017-12-05 21:04:11,2017-12-27 23:22:52,2017-12-27,ad3637501fc35bf4d75350616a818625,2017-12-04
ceddc11f4f78257d0fa6750091d378b4,6ae3c599633f7062d9461ae2b1ea8b63,delivered,2018-03-30 10:33:43,2018-03-30 11:15:15,2018-04-04 18:41:48,2018-04-05 19:32:16,2018-04-12,2d7800309bb3dd4bdd1355fd9909843a,2018-03-30
62609e797154e9f885bb9e8fd8f48b76,543d48b68cb07dc5e1d93428c8733781,delivered,2018-03-22 15:33:24,2018-03-24 02:15:34,2018-03-27 22:58:45,2018-04-12 14:08:39,2018-04-20,8d4de41a0bd03300c202f85168998da8,2018-03-22
f1ec04b3b8679de55776bea7e3ad436f,2d9244f63bf21b376f8919c1f29faedc,delivered,2018-05-25 18:31:39,2018-05-25 18:58:34,2018-06-05 15:33:00,2018-07-05 16:16:50,2018-06-18,f73dd6ac73ca2cb31fe29008fa559e92,2018-05-25
db17aa0220e5208b5fc2c08c8f704797,9e2d77016a50dae38b5654991353ce5d,delivered,2018-05-20 14:10:30,2018-05-20 14:30:02,2018-05-30 14:03:00,2018-06-08 16:52:31,2018-06-14,941aea93899e1ce73d06e2ce13ac5f84,2018-05-20
6bddfd31724ffefa23146e21bd173ef4,a1537e774ed707f017b177ea47d9aa51,delivered,2017-11-30 23:08:38,2017-12-01 10:31:17,2017-12-05 01:41:45,2017-12-13 21:55:12,2017-12-27,ec46baa78fc17707dcdbcdfda18517e2,2017-11-30
76ae7f8d0104f4808d4a93f4b81661d7,279b18bebb145265c6490f1de02cd947,delivered,2018-02-03 12:34:20,2018-02-03 13:20:32,2018-02-05 16:42:17,2018-02-15 00:26:45,2018-03-01,2ad33e0c71ed7c9e41a44e185ae05581,2018-02-03
1a11f2a810e4980ba7cfd5566db2133a,39d13b38b74fcc2a49485770142c3769,delivered,2018-05-05 09:24:20,2018-05-08 03:52:43,2018-05-08 14:17:00,2018-05-15 20:32:48,2018-06-01,77b81ed7d59fbc08e578066d7e75bbe8,2018-05-05
74b1932a11b0d28d122ee5572b5ea7d1,36b0baf0b67a057f12c2149864e1f5e0,delivered,2018-03-14 08:35:06,2018-03-14 09:08:15,2018-03-15 23:02:24,2018-03-23 18:58:42,2018-04-12,dd4dd018a825b5a46fd15d2aed81e630,2018-03-14
a78b0514381a2ddd033d250ffcdacc13,453cdbb7bf3b55c4811175bbf25730e1,delivered,2017-02-15 13:38:38,2017-02-15 13:50:21,2017-02-15 14:48:36,2017-02-21 16:22:05,2017-03-16,3ec4c0a8713cc528afaaa14254c44df1,2017-02-15
a24474d0a4ebace563a0695a14b5bb0a,fd586069669833b4011c44eb39e6b011,delivered,2017-05-12 19:10:36,2017-05-13 16:50:12,2017-05-16 16:02:21,2017-05-26 13:41:22,2017-06-16,7989d259bdf69447ee8e00970c3f3228,2017-05-12
38f4de107b2ebaed574ce9233ad3f261,d4ae6fb4f627d842499fed248067a69f,delivered,2018-01-19 19:26:20,2018-01-19 19:37:14,2018-01-23 16:44:29,2018-01-30 19:08:59,2018-02-09,78bd92f7ad04323b45958d0ccadaec98,2018-01-19
96fbb3c21966b51cc6e5176010070f2b,1601d0bf4dc5e44ceef3224280577bb9,delivered,2017-07-27 20:53:35,2017-07-28 21:03:33,2017-07-31 11:29:39,2017-08-02 20:23:07,2017-08-16,fd5163a01357fed89a029737641f90db,2017-07-27
dc95c77dd5f88e79576808b9ed5e4df3,2d83e8ee0c505cb36c7da0c911677101,delivered,2017-09-28 19:10:06,2017-09-28 19:25:25,2017-10-03 18:42:30,2017-10-24 00:57:32,2017-10-16,945ed8a625d351267099b17f21a83aea,2017-09-28
aaa965f3b2dc351f34bbe80a4a0d1c0e,299e712af8c8ad86f2f69e1f34a341f3,delivered,2018-06-01 10:27:30,2018-06-01 10:35:16,2018-06-07 13:59:00,2018-06-16 00:34:39,2018-07-26,077395ce86557b2c8447649509d20894,2018-06-01
d04690bea446315563a9f2752ff88e9f,ed2533314abb0846d2f3448b35bbe8c2,delivered,2018-02-11 15:51:31,2018-02-12 15:55:32,2018-02-15 20:16:37,2018-02-16 20:32:54,2018-02-26,297b0472c474f1eba2ab0cead34c9abd,2018-02-11
658d582168e73d5670b4aad338c16d1b,c7026d57df26599c48a4b41e6bb9a57a,delivered,2018-06-15 16:28:59,2018-06-15 17:02:23,2018-06-18 12:25:00,2018-06-22 22:14:30,2018-07-11,e6af0fbd4d6e9c362378ecb52a67bbbd,2018-06-15
2f763c623e85177077b5a4ee2d3cced5,c24d9b328fcc64c56fd908be937bcf3d,canceled,2017-05-17 15:46:06,2017-05-17 16:02:33,,,2017-06-08,700de140e7ab91fa3f4d2f7cc1cc2f38,2017-05-17
9ad384830a3bad800634d385f5f4d435,447981b391b3ed33e5ae3e143ec1642f,delivered,2017-03-05 10:21:58,2017-03-06 10:30:18,2017-03-07 11:32:37,2017-03-09 16:08:11,2017-04-05,2cf3db4ef71026a46dcf594e2d21586a,2017-03-05
e3457b638ebc9288bdb7aeaf57d6847a,59f09ab2a6c3bcfa191cc3f9f9a3d756,delivered,2018-01-22 16:35:39,2018-01-23 03:52:39,2018-01-23 20:53:14,2018-02-22 08:36:48,2018-03-14,72ce4c4d745a1655227b4119038b129e,2018-01-22
e31c3e361313ee8c43db7ad4ced7293c,19797c1b94a09f78336624ef4093e252,delivered,2018-05-22 11:07:09,2018-05-23 02:38:31,2018-05-23 13:37:00,2018-06-07 23:34:34,2018-06-12,b835ec4b838b56d426e56a78802165e9,2018-05-22
e985c1050ad17116e8f5187e8ff1bf0b,0f84d5f0456b9811e93d7d8bde42b8ab,delivered,2018-04-14 12:14:18,2018-04-14 12:31:51,2018-04-16 22:58:34,2018-04-18 23:31:43,2018-04-30,62f112796b8cd55fe520ecd756503f55,2018-04-14
d178d91e51bdffa31e6832529317771e,7d4716432442c678d536d1d5eff97d97,delivered,2018-04-04 18:48:03,2018-04-05 02:10:32,2018-04-05 18:22:14,2018-04-11 18:11:45,2018-04-24,14c83411956a1c3ea720e5309b5e161c,2018-04-04
f31cf521d461f5b8b5b1456a0448495e,7d9fd47eeb21776ed93f070d71499e0a,delivered,2017-05-28 15:50:05,2017-05-29 21:45:10,2017-05-31 09:07:45,2017-06-07 11:51:24,2017-06-21,c735c714dbe80672320182bb48bba3ba,2017-05-28
73d34a2bf529090b8e28797f2169823c,a94af621ec65d8880bf1cbe777c93968,delivered,2017-07-13 16:28:56,2017-07-13 16:45:09,2017-07-17 13:33:40,2017-07-24 21:37:34,2017-08-08,d6055e5a44700ffd1608f4c53af35abb,2017-07-13
dccdda90e3f3d9225e29e4b4bd96855f,8f8053e42f46e2147a21c3efd579a37f,delivered,2018-04-04 12:01:25,2018-04-04 12:11:40,2018-04-04 23:36:36,2018-04-13 16:14:21,2018-04-26,348687d8423bc582a3fa1a00639e183b,2018-04-04
8622c6f995fbf5c21668a447e212681e,7e00e738e4ef7c35bc56c6313d51e599,shipped,2018-03-03 01:29:37,2018-03-03 01:49:04,2018-03-08 20:13:39,,2018-04-06,5fc0305f0da09d506614f7f4cb74c4c3,2018-03-03
6370f4288632ef7c6da3672d12f5ba40,60a397f10d638fe16f3dd51a345f6ab9,delivered,2018-07-18 15:14:15,2018-07-20 04:55:28,2018-07-20 13:13:00,2018-08-07 20:19:32,2018-08-03,656e75cdaa45865d9d3536b5ec3fb1eb,2018-07-18
2ca8aec06570512711a574eb7b961321,c9f4ba83dac10144e8c752e5b371ad61,delivered,2018-01-08 14:46:29,2018-01-08 14:54:20,2018-01-09 21:57:33,2018-01-17 23:51:23,2018-01-31,de3534da6246ddec3a41d96aa2e6efc4,2018-01-08
eca1c60d914e6b6b936a63727aaffe7f,9d117ff3220412aa3c654878555759b1,delivered,2018-07-04 22:37:56,2018-07-05 16:32:34,2018-07-05 10:17:00,2018-07-10 23:58:23,2018-07-26,9466dc0de896f7de952d223dc86a1120,2018-07-04
789be7af719fd7c9ac8ece69f76f876f,55883315bfdf93b29586555bf619e117,delivered,2017-07-23 15:34:47,2017-07-25 03:50:26,2017-07-26 03:11:13,2017-07-31 17:33:36,2017-08-29,f86def7712b8dd86f8240501cbeefad0,2017-07-23
4146a8b684caef22542409dd06db0d32,b249a228615f39c7b6fa3bf1f2ecba9a,delivered,2018-01-06 17:43:47,2018-01-06 17:52:19,2018-01-08 16:56:22,2018-01-11 17:43:01,2018-02-09,5306c9497d6578586cf8497b93007e90,2018-01-06
eafb515f2cbb10b7de674ea74296f619,cb694219846bd216f5e9f9e147ab7163,delivered,2018-06-12 19:08:39,2018-06-12 19:45:36,2018-06-13 15:22:00,2018-06-14 18:37:42,2018-06-21,b542300c45b783ce4a5ad184357745f4,2018-06-12
bf62f944fa656342103c135e7e20bfb2,011a899e735ec86f00f26089cdae09cf,delivered,2017-12-19 11:25:01,2017-12-19 11:38:26,2017-12-20 19:58:21,2017-12-22 14:39:38,2018-01-10,f0d1cc425dc6608c2b319b981a025cbc,2017-12-19
1566b03e9df5420213f4e45d3b753aa2,016784346c1119828280815c2c6dda98,delivered,2017-12-17 20:45:17,2017-12-19 09:50:56,2017-12-19 21:19:00,2017-12-22 13:05:57,2018-01-12,db6dba0ae8da3602079c244f669fdab2,2017-12-17
59bc7868dd1001b0e0affabebe64b67c,213c7704baa0006844081034fc1f0659,delivered,2017-12-12 21:01:29,2017-12-12 21:17:27,2017-12-18 16:36:41,2018-01-21 14:45:08,2018-01-11,eeb83f657fd7e063662951b4da3e6978,2017-12-12
a7c5388d858597ae7ca4e4a1dec8eeca,329a43b53ea6c822baaf29e41c49874c,delivered,2018-01-06 17:56:19,2018-01-06 18:06:42,2018-01-08 19:54:14,2018-01-19 18:16:35,2018-02-06,e3025454d0247a7693b9a57d1ee41b52,2018-01-06
3bb9b0ab151de6d32543f721e301d58b,16af4776f014e8082722faa86b17be9f,delivered,2017-11-09 08:00:45,2017-11-09 08:15:34,2017-11-13 18:11:46,2017-11-21 16:48:54,2017-12-04,1e4433d38115fa06e1276c9fe9dc9c16,2017-11-09
394ff86ee81814bb5f88c7e8ad2812b3,35c96160ee1db65f1cbf4fbcb6f38826,delivered,2017-11-24 19:03:25,2017-11-24 22:19:37,2017-11-27 15:21:39,2017-11-29 22:07:14,2017-12-08,d3e02f4e753b1f5858aa120c7cd41c09,2017-11-24
039f61edec89c6f0edf8dd1a0bdea1fe,8297545d11104871ff4516789a25d3f8,delivered,2017-11-24 16:08:38,2017-11-24 19:59:31,2017-11-28 22:55:45,2017-12-12 21:09:53,2017-12-21,0c390b03d9ff475efe45768f11558887,2017-11-24
62527ffb0a777fcc82e4796cb9cc3583,e633b2864e7aeebef890c4709eb72a34,delivered,2018-06-25 20:59:09,2018-06-26 20:55:24,2018-06-27 11:10:00,2018-06-29 17:33:13,2018-07-05,f6a4e5319e3d15bbec63585801f441ac,2018-06-25
171c9f9a5667b0bea55d8b78c27bc5bd,522d542f869e1cd1db0df769db11b761,delivered,2017-07-18 09:57:34,2017-07-18 10:05:34,2017-07-24 17:33:16,2017-08-03 18:24:14,2017-08-09,fe28d443ab89dc67f5858bc2beda299a,2017-07-18
cc5a08847378509a7fbf5fe301bbd57b,6835fddffe88b1763b64bb4e27076180,delivered,2017-07-31 11:29:39,2017-07-31 11:45:15,2017-08-01 18:22:18,2017-08-02 16:21:49,2017-08-11,e3ca63ed264e947a82b544eb5d1aa97b,2017-07-31
9102c4cce353ccf061738fc045c2e27d,2db1314a679d8c3199d69bca0596b88a,delivered,2017-08-14 10:12:24,2017-08-14 10:25:19,2017-08-17 20:43:27,2017-08-23 23:08:47,2017-09-05,129534c4ea2ddb83f282e85d19921044,2017-08-14
8345e1e2a321e4b374a65fe12d8b30d3,955d4456e83263262d6b8d14526abf92,delivered,2018-03-08 16:06:18,2018-03-09 02:30:31,2018-03-09 15:38:20,2018-03-15 16:07:41,2018-03-20,19d60f65f9b28f44ae44c38a4c8cbd8b,2018-03-08
a52e6fa2d7c6ecaf73ff5f7f10438339,0324eee00643cd63d11ec25cb930d53e,delivered,2017-01-28 20:09:18,2017-01-28 20:32:25,2017-01-30 12:00:42,2017-02-08 12:31:55,2017-03-07,3d8b5f7499ecd5b1d995bb18d9ef69fe,2017-01-28
dfee6abeb1d68f04563ff2499a4dccfd,26ad0f0ff22fd1874b664e7cdbf2cecb,delivered,2018-06-20 17:53:07,2018-06-20 18:47:21,2018-06-21 15:27:00,2018-06-26 22:18:49,2018-07-17,1e554bcad741cdbd400edeab24e5cd35,2018-06-20
efee98b139c9167c141b4892eecb215b,8207d1e4a52163b3351a281e7f553fa4,delivered,2017-07-19 16:33:04,2017-07-19 16:45:09,2017-08-03 20:05:02,2017-08-09 20:17:58,2017-08-10,cc322ae9014999dc30336550a8076689,2017-07-19
9ddf9aab4ecd8705edefb485abf28a36,d52125d82ae2b3eb944358dbca0b9361,delivered,2017-08-18 18:42:21,2017-08-19 02:26:24,2017-08-22 20:23:51,2017-08-31 19:58:09,2017-09-12,0718783ceb0b41b99edd61bcba3afc70,2017-08-18
8e1e84cffb2c5174a4d5d9026c0a5013,ef44d54e8a801a4f7b67b374e14db9fc,delivered,2017-07-23 14:41:19,2017-07-23 14:55:09,2017-07-28 21:44:26,2017-08-03 14:17:53,2017-08-21,0d394b55c47872c6ae27c4930a89617e,2017-07-23
58aebe1d668d109ff150b32efbffa817,be0ac06e46d02ddfeff63176906c0496,delivered,2017-04-08 12:28:09,2017-04-08 13:05:55,2017-04-13 08:19:40,2017-04-20 09:14:53,2017-05-16,8bba1b09932dbba6f05e405be34ec7f1,2017-04-08
c39c44584dde0d84f912a395af0bef21,f82e7ea7e2191c41cdab06dbe728a725,delivered,2018-08-06 13:54:52,2018-08-06 14:10:12,2018-08-07 15:24:00,2018-08-14 20:44:52,2018-08-15,1b49ce51d99880de7810b867c49a2c6e,2018-08-06
69b60c85164df072f63b06bc0bda9804,a0976b080c0c8ac3189bd68da77209c4,delivered,2017-05-31 20:36:19,2017-06-01 20:50:15,2017-06-06 11:38:41,2017-06-19 16:11:44,2017-06-29,f9c409aee09eacfec380589b8df724ae,2017-05-31
8de5dd99d488cbaf9ecf38e08c08be10,271581e923a076626b2e98a49be8c039,delivered,2018-06-25 16:51:54,2018-06-25 17:19:03,2018-06-26 16:10:00,2018-07-03 15:56:48,2018-07-13,83130495663da4195aacc1fceea553b6,2018-06-25
983e5d2c468a86ae94f71d9f99277cb5,7b6c23de3037071d2b6b35fd19365405,delivered,2018-02-02 20:06:17,2018-02-03 20:10:18,2018-02-05 17:52:18,2018-02-20 20:14:04,2018-02-26,ff11d3fea0c002ef421b75fbfb7b81b6,2018-02-02
bd0b62b8a0ca7bb988f6873cf9c4c4cf,e4ca3eaba02322e4a127326f77e0cf7e,delivered,2018-08-20 13:02:40,2018-08-20 15:50:17,2018-08-22 15:44:00,2018-08-24 17:41:52,2018-09-05,44c134cff0d721f30da3d664e848bab6,2018-08-20
f2f616e4c56d8103f49253d232898fa6,a4df6d0bbafe31cc3039d2f760239dc5,delivered,2017-12-18 14:14:18,2017-12-18 16:13:07,2017-12-19 22:26:54,2018-01-07 13:59:15,2018-01-24,3b7e54f7caaf71fe3ed05d7b154fcb1c,2017-12-18
3929d3d5fbe85ebabf5b1c42f10d686e,19cf585d33c1ed6e21c645e806923144,delivered,2018-03-19 11:27:22,2018-03-19 11:36:10,2018-03-23 04:41:43,2018-04-17 15:14:50,2018-04-23,035be5f36fd695e22c5438d2a1fcf820,2018-03-19
469281a9ac9b1cb74fedc17445f70fb1,24f1fb7a5b78e540e78fe60aa25daa08,delivered,2017-11-20 11:46:23,2017-11-21 12:31:33,2017-11-22 21:47:09,2017-12-27 16:05:47,2017-12-15,c8f8a02f930a4e512a32ca1ce9b63296,2017-11-20
1b737f58cb00f95d1513899b6e637eba,6f62577ec274bf21119f355851160753,delivered,2017-10-11 15:21:29,2017-10-11 15:35:12,2017-10-13 14:53:54,2017-10-16 18:43:47,2017-10-24,94c62f4d0c18ebca73aad98f17dc7e20,2017-10-11
15e6497ab9865c5fa8de6a7983e1fc4d,bf061eed597ffe13515723ba6017137e,delivered,2018-04-24 10:06:26,2018-04-25 04:11:12,2018-04-25 15:13:00,2018-05-02 20:39:27,2018-05-17,f3a452a9573230f92aba606c56e015b8,2018-04-24
5bb9511e1d233eedad299acb511799f2,45f294770c10f58eec67ace0aac0cc5c,delivered,2018-04-12 09:55:13,2018-04-13 02:32:13,2018-04-17 01:03:59,2018-05-02 17:26:50,2018-05-15,73697e3ae3d92e1666d9ce8cb7c281b0,2018-04-12
b0e9f35ef740c711cb29c8d779388062,9c5d4f7696c5995b5f6034a0597c8a40,delivered,2017-05-31 19:20:12,2017-06-01 04:10:30,2017-06-07 13:35:54,2017-06-12 12:08:05,2017-06-21,c0842fc6a034863db2d8479df8435492,2017-05-31
857dfb7747277538e123a9086b873cc7,ce78147300ad685730e9374522c42a39,delivered,2018-01-24 12:07:49,2018-01-24 12:19:21,2018-01-26 14:06:35,2018-01-30 14:35:51,2018-02-16,e3bbc1eca94ef40c7bd7e22d2c2500ea,2018-01-24
e5215415bb6f76fe3b7cb68103a0d1c0,b6f6cbfc126f1ae6723fe2f9b3751208,canceled,2016-10-22 08:25:27,,,,2016-10-24,281096eb031de8c318bba51915fdd16a,2016-10-22
62de3bac0c9f33a23cf2c5c42bff7442,1a1d1a51a2cf246d524b3ea40a53d080,delivered,2017-11-24 22:39:15,2017-11-25 06:29:54,2017-11-29 11:52:52,2017-12-08 20:37:27,2017-12-22,cfbd2cd204c99edc948cfcaa468b5e00,2017-11-24
578daeebdebcc19bd2dcba1f6b06b3ce,af31beb9cb1ad7f0dd644d33b9e9ea44,delivered,2018-05-29 18:54:31,2018-05-29 19:17:23,2018-05-30 08:53:00,2018-06-02 14:12:57,2018-06-21,1135e8dd0e81f7774a8d597380ea949f,2018-05-29
9d4f40b767fac576ddb5e71af7db166c,99ad6339006d930e8bff6f2bad8e13b6,delivered,2018-08-13 18:48:15,2018-08-13 19:04:17,2018-08-20 11:39:00,2018-08-22 23:10:40,2018-09-14,4713eb62e56286069b3da61d18ddbcab,2018-08-13
823e6849ed0014d669a9f8c6f7215c5e,27922493604305f1b19ab1b30d084402,delivered,2018-08-14 14:42:11,2018-08-14 15:31:34,2018-08-15 14:23:00,2018-08-16 21:28:49,2018-08-21,c2056e82b75e0dad0df1cbbec73e9aad,2018-08-14
dd04e5bf2ed0f48d340eb1b2820dcb7b,c88e8ae3b763b03bf513884d712dbae3,delivered,2017-12-06 02:29:31,2017-12-06 02:50:04,2017-12-13 01:19:11,2018-01-12 20:23:48,2018-01-04,dc06abed8fd39fb5801709b043029cc6,2017-12-06
ccb3dbd615aa85a6ee4e6002b025fd31,319a71d1061c0bff9af2fd98eb3e8e14,delivered,2018-06-19 19:59:48,2018-06-19 20:16:21,2018-06-20 14:16:00,2018-06-22 18:58:48,2018-07-12,49bea5fd4f094025d02b301aad47d5ca,2018-06-19
c4606ff4ac2ce55892c33ab655ee5562,cb22c91fe68a3acce2b5422770d38a9c,delivered,2018-05-15 21:27:35,2018-05-15 21:53:47,2018-05-21 14:53:00,2018-05-26 11:38:50,2018-05-29,a9312d3f089577687589a60c7955baa5,2018-05-15
49afe75c3c09b9e94e1456ffa5e67ff4,09ca2b8e58d607103af7401f7a3a0299,delivered,2018-01-13 11:42:12,2018-01-13 11:50:27,2018-01-15 18:55:59,2018-01-18 21:50:00,2018-01-30,5a515466a6cf95bad8312afc8612d7cc,2018-01-13
25b9de6dcc528d881b77b8e6093a2a7c,461396731b4ab9af0bcaf5e5778cca38,delivered,2017-11-23 12:14:26,2017-11-24 03:11:52,2017-11-24 19:26:43,2017-12-06 22:57:09,2017-12-20,024879685782c26ab2f0365fbea37967,2017-11-23
59c1a8b3cbb65f342ab100aedd060642,f0bff5bf56ab0827538fc34dd19e88b2,delivered,2018-05-04 11:51:49,2018-05-04 15:51:15,2018-05-07 09:32:00,2018-05-15 16:59:55,2018-05-25,64b83dd53c5dc98ef2d034f1327b04de,2018-05-04
058a84184b0421a60f75fdbda47862c1,58aa64563b04243d56f5958ed33f5286,delivered,2018-04-03 10:12:33,2018-04-03 10:28:46,2018-04-03 23:48:45,2018-04-07 00:22:01,2018-04-19,a8b09ecd3d5ef2e377010bf53001130e,2018-04-03
a19c1dc4214e26a8fd902af45444240f,e540a7a8b824ec1b50d36b59f8d125ff,delivered,2018-06-21 16:05:03,2018-06-21 18:20:36,2018-06-22 14:55:00,2018-06-27 14:28:36,2018-07-24,4c65b937f6b5212adf0328dd8db6df73,2018-06-21
2e5737bd3452cc165fb76f3a57447398,579e8a264bd6a1f8c3a9c30739e3ff75,delivered,2018-08-27 13:11:22,2018-08-27 13:25:59,2018-08-27 14:45:00,2018-08-28 23:51:39,2018-08-30,3640313d0b30f61df4c9de775fb1ecbd,2018-08-27
47ae8f1a8ae0564397524c91d59013a2,0191e09197e54ad2690c3abd44723c7c,delivered,2017-12-06 14:18:14,2017-12-07 03:10:41,2017-12-07 22:57:00,2017-12-09 11:15:28,2017-12-22,1c9c388b08a7e68a20cff3c7b7f2afe4,2017-12-06
0ef95641dd406157d56fbbfe60d22df0,9a700e35fcb280a68b279f2b9822c8ce,delivered,2018-05-14 16:14:40,2018-05-14 16:36:54,2018-05-15 15:30:00,2018-05-16 17:48:44,2018-05-29,3b619691732782773fd13a6eb1f50976,2018-05-14
67d96fe2be34f84e637cb249cb019726,59733519b6e54c36399d08e9e02b40d8,delivered,2017-06-02 19:52:43,2017-06-03 02:22:44,2017-06-22 07:38:37,2017-06-30 12:37:35,2017-07-18,3f8144ab580747f9d058cac76404cf56,2017-06-02
02cda26d2cd43c51fefac9e3291fbc9b,2b46d9e92a141eb116ecbf2c1e6565ab,delivered,2018-05-04 05:52:57,2018-05-04 06:11:55,2018-05-04 11:48:00,2018-05-11 13:26:58,2018-05-30,668c808552aed82dfcc65bb7da7a89df,2018-05-04
451f91bceb227dfaad37f67168fbfd59,5a520fad2773ec61cf87a9148102b873,delivered,2017-09-13 23:19:51,2017-09-13 23:30:11,2017-09-14 17:37:36,2017-09-15 19:51:12,2017-09-25,becee58d2a6a9bbef09f62bac4d11ffe,2017-09-13
315da0cfbc485bb00c12a581077cf7b2,1ff98f738e6baa6c7d6c262757e82720,invoiced,2017-01-26 22:52:01,2017-01-28 10:32:01,,,2017-03-10,9980b713c602b47b07150683862c49d6,2017-01-26
f8d1bd3e890e8a6792efb7acfc9a4853,53dee9b3304eaaeeb645b5a449759c51,delivered,2018-07-02 20:37:52,2018-07-05 16:09:15,2018-07-05 15:56:00,2018-07-12 17:38:46,2018-08-15,7c04c69b4ac32197d04966494ed66bc8,2018-07-02
c75be4dbb0444f5234b73d0e700bc425,67f3258da9e5f76c4d43570ec14fc783,delivered,2018-08-22 11:24:02,2018-08-22 11:35:21,2018-08-23 15:56:00,2018-08-27 14:06:42,2018-08-30,3b8fee1059c154ff8a64b7456b8eda97,2018-08-22
15f4f97ef2c059f0bbc1da0dd6675532,ca1712abbf8b76d0382b68ce75f8f575,delivered,2018-05-18 15:31:00,2018-05-18 15:55:37,2018-05-21 15:21:00,2018-05-23 18:04:11,2018-06-04,04c8249175eb52cc0b3220f1b305f27d,2018-05-18
1a0dc245291d541409eb9044ccfe5875,d807d8126491560208d4564a86411229,delivered,2017-05-08 09:19:09,2017-05-08 09:30:12,2017-05-09 08:19:44,2017-05-22 09:06:59,2017-06-06,099860be20edbbb9c14e78942a36a64c,2017-05-08
8fd670551839c535568f705a8c23b4da,46b7c21ebf74b18f89bb9ff218c9ad7c,delivered,2018-03-01 10:41:51,2018-03-01 10:55:34,2018-03-01 21:29:44,2018-03-16 01:11:27,2018-03-26,402fe16e226070631384acab29adb95c,2018-03-01
1018e87031636df2c2dfa4af21df3642,011aa301cac8da4d01db88c3180a4058,delivered,2017-05-05 20:49:15,2017-05-05 21:02:12,2017-05-09 12:09:46,2017-05-18 11:54:10,2017-06-05,e44110c2ff342e5bbda6c2224d94bbe6,2017-05-05
2e659942e3780146fb97c8e211ba2d85,64b165e5ed669f951fa9cd4935dea461,delivered,2018-04-25 10:24:51,2018-04-25 10:35:25,2018-04-25 13:07:00,2018-04-28 11:46:46,2018-05-17,61471627da34feb1f99e89c969a4e80d,2018-04-25
4a855a494e08248858074dddad7f5b6a,fc322ed337200cc851691601159ba5da,delivered,2017-05-04 14:58:42,2017-05-04 15:10:20,2017-05-09 08:52:11,2017-05-25 10:03:19,2017-05-29,c3a1da41b850eb83975a058a8184f264,2017-05-04
6659002983cbc0fc582729e3aa1feaa8,551910403e480512a070343d37dd598b,delivered,2018-05-16 11:57:53,2018-05-18 01:35:19,2018-05-18 11:59:00,2018-06-08 22:16:50,2018-06-11,fb52b741585dcc9d87d214d5e0d4045d,2018-05-16
181a57ecc4c8bfa112c048f609e257bf,7dc0154535f86be3f1a41d736db8206c,delivered,2017-12-16 12:38:04,2017-12-16 12:55:47,2017-12-19 12:53:35,2017-12-21 16:18:02,2018-01-16,cbfbf68c40fe74cdfa98f5b92c55c01b,2017-12-16
afb288542740b18ca4e5dbf1544db413,89a12dad07be05c332441a1869b89436,delivered,2018-08-11 16:22:34,2018-08-11 16:35:15,2018-08-13 11:23:00,2018-08-17 19:52:29,2018-08-28,8771f9ad1b9d31b9ed3c8cf99d51ffb4,2018-08-11
3324e0b9570581be76b4559b10df4aba,985df4f2b1695097317ab16f94fa929c,shipped,2017-02-15 21:50:37,2017-02-16 02:10:34,2017-02-16 10:39:51,,2017-03-16,752041fd42cbe3a4f4dea0d68a0a6edd,2017-02-15
8e560aad7a656560a2c1333ce6734541,2da308b29169c77480e572cb81f713d9,delivered,2017-11-05 22:42:05,2017-11-05 22:55:29,2017-11-07 20:28:50,2017-11-08 17:28:36,2017-11-17,6b0746a7e01fcf5053470173fbe80240,2017-11-05
c2dd88bae676f786c6d4de5c61ce17c9,cc6a744ba14a060493fb64b97087006c,delivered,2017-10-09 15:19:12,2017-10-09 16:07:12,2017-10-10 20:22:47,2017-10-17 22:13:57,2017-10-26,f4aeb606b01219f9277b55d672719071,2017-10-09
b5ac8616a110126a6e962768b98d32f1,f684afca98c282926cb2915577d8cf67,delivered,2017-09-13 17:45:33,2017-09-13 18:04:37,2017-09-14 15:17:22,2017-09-21 22:37:48,2017-10-04,150430f0b405eece42fff4dd09e9d42d,2017-09-13
61169b5b065635c60de8c284ff59474f,f3f04ca677b9e1062c2a5fad64c046cf,delivered,2018-04-11 10:48:02,2018-04-11 11:10:53,2018-04-11 20:04:56,2018-04-19 19:42:01,2018-05-09,3a50452c8f7d9cf9f50633cead7e3c9b,2018-04-11
50b254ace467cbdb9e5181a487f569dd,2b55426d5464b65507daa9cc60810ea7,delivered,2017-11-30 18:09:49,2017-12-01 11:31:21,2017-12-06 18:18:54,2017-12-12 20:28:54,2017-12-28,a54a66b33386c6b76635c10f0ed513cd,2017-11-30
8c1e23dce3f7db336aaa4426df2228d6,dec9373f0c8e08b22cf6df63c67284b6,delivered,2018-08-09 21:31:29,2018-08-09 21:44:55,2018-08-13 09:56:00,2018-08-15 17:58:40,2018-08-22,17b5b166d728e181d7e83e1b9234c52e,2018-08-09
0f678c7e594e9fd0203bb134c9bdf778,636fc788dff5948716dfe026ba361b98,delivered,2018-01-13 20:30:18,2018-01-13 20:39:26,2018-01-16 15:16:14,2018-01-18 22:10:03,2018-02-01,8c256ad768e0fccf0025e90026c6282e,2018-01-13
87d1cfb06abb3632d70f55d8b2f2735d,413488223a8f96942b9a940fab6ec40a,delivered,2017-02-04 22:10:06,2017-02-04 22:22:08,2017-02-07 08:53:53,2017-02-08 08:08:37,2017-03-13,fcbcd070517a40493a5309540698dbe3,2017-02-04
84d6df1502174f59ff3fe418b7e81786,658c489ed3fab537cc7fb43663f90171,delivered,2018-03-29 10:36:24,2018-03-29 10:50:24,2018-04-02 19:02:51,2018-04-12 23:18:35,2018-04-20,f19249a53598cea069499da4690c7a94,2018-03-29
74fd9aa6d4102f38e2b085158abd7541,26fc0fbbb4f79edd726c0e90f8025b1f,delivered,2018-03-16 15:00:02,2018-03-16 15:10:35,2018-03-20 03:26:30,2018-03-27 21:51:22,2018-04-06,b1d724a47761976f02179eede9b1c23f,2018-03-16
fc4e4569c5ee84762423c8111fdea8c7,598f596354c501bd195445519f87b85a,delivered,2017-03-18 14:53:45,2017-03-18 14:53:45,2017-03-24 16:04:16,2017-04-03 15:03:26,2017-04-19,2f20ea16649c9d29e8bd86a7d59e8c11,2017-03-18
c0d98bbbc820c00ab877fbb053b1e517,e6182e764d13472f7fd00a571fc71c0c,delivered,2017-12-24 21:03:35,2017-12-24 21:09:27,2018-01-03 17:43:36,2018-01-31 13:58:59,2018-01-31,5642d883f45725581f344df11906a2c9,2017-12-24
2f7427d25f9d7b23677de76f04079e0e,8dda47794812d6a6f2474856ca324910,delivered,2017-05-07 16:38:31,2017-05-07 16:45:20,2017-05-15 14:52:22,2017-05-19 14:39:56,2017-05-31,b2990d3c2634f34154748086a2767506,2017-05-07
7adfa2538df2fd9114e6b1455a904bb3,d4fb5e0c3c6784e683f2e94ef85c7708,delivered,2017-12-14 17:41:12,2017-12-16 02:36:37,2017-12-18 19:29:17,2017-12-22 10:43:29,2018-01-11,3db2007c5d6e2faa40531040efa5a0f0,2017-12-14
dbc0a83e6165e4eed41ed8ad3007194a,4a4804b52fabbfb59a3f0369082894eb,delivered,2018-04-29 20:14:36,2018-05-01 02:53:09,2018-05-03 14:23:00,2018-05-10 00:31:59,2018-05-24,e037cf974fe8687f83c1704c8877fcad,2018-04-29
fe98cb0615a7611265d8955be5ca9497,3b11d54278a86bfa191ef947e654c9cb,delivered,2018-08-01 17:13:52,2018-08-02 20:35:25,2018-08-03 15:12:00,2018-08-10 20:47:33,2018-08-23,cef42836ff25476d55c9a3e58f8da99d,2018-08-01
a10b332599146f5dbbbb25f38dd85fc1,7663f2fefb813c164a83a2cf5b653e6b,delivered,2017-07-09 22:36:56,2017-07-09 22:50:14,2017-07-11 14:06:30,2017-07-18 19:13:16,2017-08-02,89db8efa4b0ed567946d2bacb24c5cf4,2017-07-09
556e899478cd993a24f43d8aa8b3cf17,a974da127096592544c80544ddd26149,delivered,2017-10-31 15:33:09,2017-10-31 16:31:14,2017-11-01 16:09:00,2017-11-07 20:12:36,2017-11-17,b83cd264c4a0dd6f1a227daf305b8504,2017-10-31
981f5cf29634672b36363c9ca9d4c3a4,3a3276446ad0b799be2122b37c779558,delivered,2017-06-20 16:44:56,2017-06-22 02:35:34,2017-06-22 11:54:19,2017-07-14 18:09:05,2017-08-01,b46c73397917de0e900df2adc02d1e2d,2017-06-20
2a227abd483c2d9897e7d7f8dd4a883e,e26a202ecc04e2938f2a72d2703bc503,delivered,2018-04-15 19:52:34,2018-04-15 20:11:25,2018-04-16 23:42:18,2018-04-26 22:36:48,2018-05-15,5d97299dbced968a861f702a7db31468,2018-04-15
ce363f57a8d2e65231452918eebd5391,bfd642434ce162e150ee0ffe83971f9c,delivered,2017-03-20 23:00:42,2017-03-20 23:00:42,2017-03-21 17:45:45,2017-04-06 07:53:05,2017-04-19,85dfd6cd57da30fb0c12c7cb52f20e51,2017-03-20
0eb7dc4e9168fd2e3bc791983492d99a,64c618cd8255afa20b32c21c12d87a48,delivered,2018-07-10 12:43:11,2018-07-10 12:55:27,2018-07-11 16:03:00,2018-07-12 23:13:54,2018-07-18,22f2ac2a52ef231ad6d14660da9054ee,2018-07-10
09ddda124332d6c2489fba71284be7b6,d96c9c329a257073367403d54b03d1b5,delivered,2018-07-25 16:40:23,2018-07-25 16:50:20,2018-07-26 12:42:00,2018-08-02 20:22:36,2018-08-13,e233eb06f8147fe715a5e7a632e2f36a,2018-07-25
dfaedd65a3ca2a4cc07753c583a535d9,63564735564a758d8f7a00dd5ff769a7,delivered,2017-07-15 21:58:41,2017-07-15 22:10:12,2017-07-17 17:04:37,2017-07-28 19:28:56,2017-08-11,44398604748742d719bcc524c9bec731,2017-07-15
5f4f0369b32151df633e5054d6f4a3fd,ed3e6a4bc34efc2ba21fd9a1fc6048f9,delivered,2018-01-24 11:31:35,2018-01-24 15:16:14,2018-01-25 21:41:36,2018-02-07 01:12:01,2018-02-16,ffe6efca3c7e6a06bad0a6a883280a93,2018-01-24
54e18621b0dcda1233f2d5bda4effa58,34276b3f27fe1d0bf5e96b9b42c1cc1f,delivered,2017-03-05 21:13:47,2017-03-07 04:30:19,2017-03-07 09:23:37,2017-03-21 12:05:40,2017-04-10,9ce4bf9244562cfafdf6bc5197322ab4,2017-03-05
f89d1880421bd1f3c80d406a826903a0,55c8cfd7006148e9b649504def2a2f81,delivered,2018-08-19 13:05:50,2018-08-20 11:49:56,2018-08-23 11:39:00,2018-08-27 13:21:49,2018-08-27,6d5fb2675f2ec46c06cc8c79aff628bd,2018-08-19
72652c482c51119a0a338edba23e0027,8c89ab30610f6af8d8724259d0c5aa80,delivered,2018-08-09 10:00:38,2018-08-10 13:05:22,2018-08-13 12:08:00,2018-09-10 20:41:18,2018-08-23,3de63ee92820ab2271995a05366d5955,2018-08-09
b3e00e1b523322d8cc200c17af55b8b7,2ba25daf9792793cb287dd8d0390d8e5,delivered,2018-06-05 10:06:33,2018-06-05 14:31:56,2018-06-06 14:01:00,2018-06-15 19:26:36,2018-07-18,c0ef37e745e3e5a7d172e900c5e5ccef,2018-06-05
f069758d03ec86cf08216de916d15822,2ec1e1bc0a25c79be9791d4f34045824,delivered,2018-01-24 21:02:06,2018-01-24 21:18:20,2018-01-25 17:58:34,2018-01-30 01:47:43,2018-02-15,0c595173cd5ead1e6c3242781d521c11,2018-01-24
2c76b3bb994ef70103f11d24f4f64d42,86cbcfc766477e95fd2bc945361da388,delivered,2018-03-20 16:28:11,2018-03-21 02:56:17,2018-03-22 22:08:44,2018-04-03 14:32:12,2018-04-06,3893108ddda66d5048b53a9e3f725622,2018-03-20
e19dd6039c472289bc42c1f39c693dd4,5630883ca2aac86a5b62bc57aacd1e5a,delivered,2017-02-16 18:51:55,2017-02-16 19:05:15,2017-02-24 11:55:04,2017-03-07 16:54:08,2017-03-17,db0d96fedcbc47b0dd1fcab954946d2e,2017-02-16
83e064bc8c54fef04698774d069eed59,800cb37f32d964f78ffe5ce8dbe7565f,delivered,2017-09-01 09:36:13,2017-09-05 04:26:02,2017-09-05 19:17:52,2017-09-14 18:07:39,2017-09-22,6ddb6e289f65958726cc816312c0293e,2017-09-01
93e54e64ecc1adc1d0ac9775dcb64ecc,0b1fc574ab47a7abfdeb3a4109301b03,delivered,2017-09-21 14:22:40,2017-09-21 14:35:27,2017-09-22 18:22:25,2017-09-23 12:58:11,2017-10-06,49e7b8b9e0340eda3efe286a8c35e77a,2017-09-21
82ec5a5160610568a083d41429aa427f,6be3e7d85cb9d2067dc957be69f506b0,delivered,2017-08-27 23:06:38,2017-08-29 04:44:43,2017-08-30 15:03:46,2017-09-04 17:46:33,2017-09-18,f2decd5fd9488f4c5042677829f71c23,2017-08-27
2ca434d66ddafd438f87c560ba86d320,d09bf8b36178cf14a41da572dfe0b8a6,delivered,2017-02-18 22:14:54,2017-02-18 22:26:19,2017-02-20 14:45:18,2017-03-02 16:54:37,2017-03-21,2359c03786bb681238ec1b37ed26bac8,2017-02-18
0f5a53ae56987191b3c638ed0f784a8d,3e14428c4503ef8a8fa6010a4992b4ce,delivered,2017-05-15 08:22:12,2017-05-16 03:30:39,2017-05-16 10:49:47,2017-05-25 11:26:54,2017-06-06,83424063ef94761469011c6834c6c522,2017-05-15
3e9933bf292ae1d5b09f1fed31163522,281ee594bffc396fbc1f1237ce201957,delivered,2018-02-24 23:16:26,2018-02-24 23:30:25,2018-02-27 14:23:44,2018-04-19 16:35:30,2018-03-23,a1fecfb758d0897a9ebb83c5998f4d32,2018-02-24
034bc91b27d0de97e2ffa04946137764,a1d7580bed7d7f0ebe64eb1d37b01624,delivered,2017-09-18 00:48:00,2017-09-19 03:36:32,2017-09-19 17:55:53,2017-09-27 18:57:46,2017-10-05,2f9f2831e2f23274802ef653e9840b78,2017-09-18
49ff8304edbadc5f8fa18d2cd94315d2,c78fb61b9158950fcc6e8624642c0f55,delivered,2017-11-11 16:53:26,2017-11-11 17:10:30,2017-11-14 22:52:56,2017-11-23 20:07:48,2017-12-04,af018ffd643420c16ae76b3247f24a19,2017-11-11
cc78407c0a27d3450010482ad091d498,5813c68e0a19eb71c5a0c79d644e1b5a,delivered,2018-01-20 14:48:55,2018-01-20 15:01:33,2018-01-22 17:09:38,2018-01-30 14:36:54,2018-02-22,96a8c9c872f07e7480290d5432eb84d9,2018-01-20
6c8638c1f5868621b0dd457371188635,6bfe1c3c2a345617bf98e5e71ecbef46,delivered,2018-08-20 16:41:58,2018-08-22 03:44:29,2018-08-23 14:29:00,2018-08-27 16:24:41,2018-09-05,de031c302b6b340148a5ae814e393539,2018-08-20
40177473ba36616817cf3e1c3a0643ed,6f35af3593267f2f8942769a134615ae,delivered,2018-03-14 17:57:30,2018-03-14 18:08:49,2018-03-16 00:21:35,2018-04-04 21:20:58,2018-04-02,491a3fa08454e06e20ebf0ada5902bee,2018-03-14
cf79d8a5a9b82bce4c9cb3e9469a9b0c,d39cf4eab90c8ae5d853c5111bdaf0d7,delivered,2017-11-25 16:03:45,2017-11-28 03:44:34,2017-11-28 21:42:30,2017-12-13 23:48:53,2017-12-20,28f4dbd2d06f8f1034691a1173d380e7,2017-11-25
aa24794b9a7d2c0193cc98b0b2c2f33b,bc6f07984bf35abc4f6acbc2e6f248d3,delivered,2018-03-18 15:59:22,2018-03-18 16:10:31,2018-03-19 17:18:53,2018-03-27 04:08:52,2018-04-10,9d2c9a97437cf840998fdb33171edfe0,2018-03-18
9f4f60c24b20845efd8d6b863b571d20,349f53f02e5fd1cf1a2a9c7faf422363,canceled,2017-03-04 16:23:16,2017-03-04 16:35:13,,,2017-03-20,375e0bdb5dfb2610e71cf15f8f421ccb,2017-03-04
0e5012ed59f4c47c5f3431cd176be45e,0748efbff6d6c28c34454b7343206463,delivered,2018-01-11 13:29:31,2018-01-11 13:37:23,2018-01-16 18:53:36,2018-01-25 18:45:29,2018-02-15,451c5698bffc864831a6f041782712d9,2018-01-11
0e9f9f05e9d249728b37d577ce0661da,2d7b8e7c89fded81ad8bca738dc8c998,delivered,2018-06-29 21:09:17,2018-06-30 02:52:24,2018-07-03 10:08:00,2018-07-04 00:39:54,2018-07-13,4743572b62015421672e2f6162dad5b7,2018-06-29
3a17f3deb7172a39a9f62e4f88362830,e80d76b64f3a8cb7f17d855cad9d95a4,delivered,2017-12-12 09:58:26,2017-12-12 10:10:05,2017-12-12 19:07:35,2017-12-13 23:58:30,2017-12-29,1a4721ba9e469fb1afacdae79e1110af,2017-12-12
67fe9f5e9c411829a15755a4c9f56663,d6aefbc6bf6edba918286a439cf1f266,delivered,2018-06-05 15:56:49,2018-06-05 16:16:39,2018-06-06 16:25:00,2018-06-11 21:14:57,2018-07-19,54ff604e301b4ba5220d90c7fb7d840c,2018-06-05
f18c6aa6a5d583e8ec36beaabb81d9a0,fa7ec8b2b45b5b6517357a5c5e82740d,delivered,2017-03-17 11:37:13,2017-03-17 11:37:13,2017-03-23 08:03:28,2017-04-03 09:34:26,2017-04-18,1b2612a1eb1467aba19e5bef0da52217,2017-03-17
eecc1b7c0a139c574d4f9f7e707bf083,a0715f79257e6f0e7db3d7ddec8c418c,delivered,2017-07-02 14:38:35,2017-07-04 03:45:10,2017-07-05 16:08:40,2017-07-12 18:36:02,2017-07-21,95fc53188be72ccacf7e9f211d76cb4c,2017-07-02
9964fcee18c49b70f81f947eb85ac611,ee8b9c4b67be6419a04e1f0c292a773b,delivered,2017-11-24 12:38:32,2017-11-25 06:16:13,2017-11-27 22:04:36,2017-12-13 20:14:40,2017-12-15,f2f890a257c7a54f82d6e0a9b7b586ae,2017-11-24
4b268b926cd4a679fd237d8cffb79e20,f512c3de1a2d91175f346263eafe9c92,delivered,2017-11-24 22:03:15,2017-11-28 02:54:38,2017-11-30 16:43:10,2017-12-13 20:10:46,2017-12-27,37d1302404494ed54f1d835afac2d611,2017-11-24
12c1f399e821028f6213d8e9d7131282,11ca0b67c42002ff08adf1a446cdaa61,delivered,2017-05-01 18:56:50,2017-05-01 19:05:21,2017-05-02 17:19:38,2017-05-09 16:00:02,2017-05-23,5989066f25a56372955f63345c84c656,2017-05-01
eb16f27e232c80b012a9b0f0d95a9f67,d8ee7aba8a882551b2786b1fe588962f,delivered,2017-05-03 00:06:29,2017-05-04 01:55:21,2017-05-04 13:21:46,2017-05-11 12:34:39,2017-05-24,6d4da5cdac9304bddad302e396e61bfb,2017-05-03
82aef313910460a7cef56d256d1c30af,f7541e41dc3e05412c45dad58559305f,delivered,2018-01-03 11:48:15,2018-01-03 11:58:26,2018-01-04 22:24:27,2018-01-11 20:25:12,2018-02-15,98debec398ce73b1aab59a7d1505ff13,2018-01-03
4809d5e024b9394e928ca1329ce177ea,563a1b19b09f89a8604825f189ccebef,delivered,2018-04-20 13:18:46,2018-04-24 18:15:14,2018-04-26 13:19:00,2018-05-04 22:48:52,2018-05-29,79056e00fdd32301e870bf5755945f73,2018-04-20
2d7368e0839f2cdafb0f38011cdb4f04,829d8b632e1b574de6a00d6b41c9d700,delivered,2017-12-25 17:46:13,2017-12-25 17:54:19,2017-12-27 13:57:11,2018-01-03 14:13:26,2018-01-19,183f8080db55a2b9259979703460aee5,2017-12-25
e661124f7936eccc5d961f2dd754f865,cd7d8f09e2df0831f3af452c2b2bfd1b,delivered,2018-08-07 14:00:01,2018-08-07 14:15:08,2018-08-08 14:59:00,2018-08-09 15:40:38,2018-08-10,4686de5cf477e8cd46974f09f5414508,2018-08-07
9beba6ff447f3d28862f7c0079eb0586,c1999ef8b7b49e8bdc4fe68988e1dab0,delivered,2018-01-08 13:17:00,2018-01-09 07:16:12,2018-01-11 20:37:26,2018-01-17 16:26:17,2018-01-24,dda90bb4c938964d9a9a6f30258e0782,2018-01-08
8c2229deafefb723ff789527ab51be01,912da6b0ecc828b92d429a4f36bcdabd,delivered,2018-01-06 14:29:44,2018-01-06 14:39:22,2018-01-09 01:51:32,2018-01-11 19:14:34,2018-02-08,a6af4c9bc9407009467c56b92f0d5a66,2018-01-06
a336de4bbd836a89f9cb2a5b58ed2578,e5b8fa3d79376c3a36aeb7b6b413c647,delivered,2018-07-20 17:22:22,2018-07-20 17:44:27,2018-07-23 12:56:00,2018-08-28 00:31:22,2018-08-10,94cdb721bcebdc1abed657ece8d70413,2018-07-20
46f07e8bd34a0428dc6dc2f334903c85,8a5761bfa4d9d8db8945e7afb9759397,delivered,2017-11-26 18:48:09,2017-11-28 18:56:47,2017-11-29 20:48:46,2017-12-17 14:15:57,2017-12-26,e4a410f23eaaa5efc85f32a87a3b36fa,2017-11-26
2edf506c823b1a3bc6d134864bc4c10c,28d7449c6c7245eb14588078dcc84f6e,delivered,2018-03-16 21:41:51,2018-03-16 21:55:28,2018-03-19 15:17:38,2018-03-20 16:13:30,2018-03-28,1f4f09ffd3fd8fc7017d2014b619f93b,2018-03-16
c71179b21d4babaea70ded4969cd664a,a4919677ea2d5b947bb5a582c0bc7e39,delivered,2018-01-16 16:36:09,2018-01-17 03:38:33,2018-01-17 15:36:55,2018-01-18 18:52:19,2018-02-06,24a14f6181bac6d4aa42d18d2cd366cc,2018-01-16
71c903bedef48954734ef47b8a9be312,a798f977cebe547066d7d5beea1b4268,delivered,2018-02-22 08:08:16,2018-02-22 08:48:10,2018-02-24 03:19:13,2018-02-26 16:34:00,2018-03-08,b92895d3c630f73c328d30c92c21677e,2018-02-22
f9748b4011ad98a145ac788b1201b7c6,2ce9a7ccf6ab4ee349e1c33c7fa92ebf,delivered,2018-01-21 14:20:45,2018-01-22 13:50:52,2018-01-24 16:09:18,2018-01-29 21:51:26,2018-02-20,3571a96b59816e332c2f71c0665ed224,2018-01-21
6fa5088dcf950909aa3c2001eafc4106,e57b2e8e7952fb47e3866cf07b5882da,delivered,2018-03-01 23:14:32,2018-03-03 10:55:28,2018-03-05 19:52:35,2018-03-13 23:18:54,2018-03-19,4ae73d7b7f399cf05ddc54e9554e8b5e,2018-03-01
3ab1c10e246de2d841791a3070053d7f,9ceb48a8ee734a28c25fee6db0e988bc,delivered,2018-04-25 10:55:43,2018-04-25 11:10:13,2018-04-26 11:26:00,2018-04-27 21:19:16,2018-05-10,e389b132520298881698d4fb0315b511,2018-04-25
724c961debc8da1bfd7c243def4d63c5,aa1e76b30cd8d6ebba19900d1352c462,delivered,2018-05-05 21:09:40,2018-05-05 21:33:08,2018-05-08 14:47:00,2018-05-16 19:58:40,2018-05-30,805f4b6e9ce80113e9e5cfbefa9577e3,2018-05-05
21a47fe1418ed7200936d8322e4e36e1,e56e6ada2cd04a5dd2726812fa82a7bb,delivered,2018-06-26 13:21:45,2018-06-26 13:37:27,2018-06-28 08:36:00,2018-07-09 23:42:01,2018-07-23,f42b57e0d3e36754026cf7cfe52b78fe,2018-06-26
324204564b4994a8fefbb828983f6be2,96efbc1381c27947f08c41d1466a224f,delivered,2018-03-20 17:58:29,2018-03-21 02:48:19,2018-03-21 20:24:48,2018-03-28 13:29:09,2018-04-06,80294c7384b80db0aefe5f6bb1478dc4,2018-03-20
83c55d64c56ad16ba3c0f7858cd709d0,0f8a4cf0986a8a2c8a432fc6f54fbd2b,delivered,2018-04-12 11:10:27,2018-04-13 12:55:24,2018-04-16 21:06:44,2018-04-17 21:16:37,2018-04-30,7870e27d88fb3347f46119b17065c581,2018-04-12
f24afd66659f204e2fe3866ae39f4e20,1ab9d0f2d5eae3b34ad9e1184930e1c5,delivered,2018-07-21 17:41:13,2018-07-21 17:50:20,2018-07-23 14:04:00,2018-07-25 18:07:07,2018-08-06,d25234adc3edd7ba1abb8b8a6a148009,2018-07-21
093cbde1b401404fd6dffc827e4b86e8,7d179d8a629f588eaff7cae81098b947,delivered,2017-10-14 21:03:22,2017-10-14 21:14:26,2017-10-17 16:56:01,2017-10-20 17:47:49,2017-10-31,0145bfdfe85402b2249c7437bd297a07,2017-10-14
41537821ce113ccef16d0e4b303f1230,0312590499e722678eeb292f4da77e77,delivered,2017-12-11 13:56:03,2017-12-12 04:09:14,2017-12-18 21:33:03,2017-12-20 17:29:03,2017-12-28,fbcf3e6638b9bbcf521e8c12107077b0,2017-12-11
4970813620b87283eb3e6e49889346e0,57c3c0a6735b67f29adb9dc4106c46cd,delivered,2017-12-14 15:59:53,2017-12-14 17:12:59,2017-12-15 19:38:02,2017-12-22 00:23:16,2018-01-09,c6b3df119c42584bc85be61315294b90,2017-12-14
cb667db7bf699e2940c1ccdc16ef7ec7,6e1eb843e528f1137837efbcd26f3c16,delivered,2017-11-25 22:24:24,2017-11-29 02:18:30,2017-12-20 23:18:08,2018-01-03 22:57:47,2018-01-05,d68e2d905dbf51739bd0eadb951a812d,2017-11-25
0c3d62f1aa70d604db3bc56082aee4ca,de1133f37c60eddaa55a82b7e361efad,delivered,2018-07-02 14:28:22,2018-07-02 15:30:43,2018-07-03 12:08:00,2018-07-06 18:34:40,2018-07-20,18b4a8b791c74d00ab5803d5f04be851,2018-07-02
91ce0f04ca8d482871b98215199592f7,086b14dd810812fd51da1b8dc45b8aeb,delivered,2018-02-20 16:04:30,2018-02-20 16:28:14,2018-02-21 20:18:04,2018-03-15 21:24:48,2018-03-21,a7c431a8fe633926941cd0de404cf389,2018-02-20
c89c6f13b7d0296a4910796f47fe85f4,27caa643cfe4abe86f3cda9d042f7446,delivered,2018-01-06 20:49:40,2018-01-06 21:31:57,2018-01-09 00:14:10,2018-01-13 18:04:34,2018-02-05,ca08d0147799e1527699515218c198aa,2018-01-06
484bc55c468ac3e8d5ca1ab45b24ff99,3d06c5a21253c48236d840250d9f8a6c,delivered,2018-08-18 01:08:45,2018-08-18 01:29:45,2018-08-20 14:30:00,2018-08-25 01:14:41,2018-08-31,02a7760053385280fc193a50d86f69d1,2018-08-18
6808f7954e27254ceae6640f4e903775,2201362e68992f654942dc0067c1b716,delivered,2017-06-19 12:31:58,2017-06-19 12:43:03,2017-06-22 14:56:50,2017-07-07 21:38:21,2017-07-21,f7d7fc0a59ef4363fdce6e3aa069d498,2017-06-19
45ccc16a94688d4edb709ff6eba966d5,c43c903694d240e0094656ad800c5455,delivered,2018-03-25 20:19:03,2018-03-25 20:35:30,2018-03-26 19:13:20,2018-04-27 19:04:18,2018-04-16,00605a8897ed9ad73b5c93bebad2541a,2018-03-25
2443aecfadead9c6df5d80d063925e25,82cf91e8833da7baa4c152c5a4faa8f8,delivered,2017-05-30 12:05:05,2017-05-31 06:50:32,2017-05-31 13:20:49,2017-06-06 14:13:57,2017-06-30,b045295488236fa73d8d9c37dc4b03e7,2017-05-30
3b919fbc512d96f81330d2aae3ed0cf6,30b441b38d5a5d35013a37dcf4b37f58,delivered,2018-04-15 13:33:43,2018-04-17 05:51:05,2018-04-17 21:12:26,2018-08-01 22:15:02,2018-05-14,380a12f953f4b171f8b2077b37f03bea,2018-04-15
14e80781ddd70466c4f4250a2e905a6c,f9a015c143bca538ed45d0d9d5301ac3,delivered,2017-03-09 20:06:37,2017-03-09 20:06:37,2017-03-10 10:08:19,2017-03-20 10:03:42,2017-04-07,3a4fa8b418f3f8a73007fc9190ed9a0a,2017-03-09
5c5c578d0df32d345b3c70650cf4e28d,4f7c54cbd5a0788f5ce5dd42cd145cac,delivered,2017-11-19 22:02:43,2017-11-19 22:15:34,2017-11-21 15:52:58,2017-11-23 21:58:48,2017-12-08,342575d13ea66e215cef06d6650a1e05,2017-11-19
85b7fb0f1d1623de1a0d5dc4c4ca6879,70d8ae25f1409740224a3a7ac9e9c0d2,delivered,2017-07-17 21:15:57,2017-07-17 21:25:13,2017-07-20 20:07:29,2017-07-31 18:21:56,2017-08-08,683914877347ae94684860d33be4d025,2017-07-17
28572ca6264628bbdcd513eb363d6b3a,55260d8284b7fcb8890f0c0ff1135bc1,delivered,2018-05-05 21:00:57,2018-05-05 21:10:37,2018-05-09 15:48:00,2018-05-14 18:31:01,2018-05-28,c4a7383de0a165092b86ba87260441df,2018-05-05
123aa2088a801eabe35c3c67444e5fdf,3a11da5254e67ef5ac37fd13c72126ec,delivered,2018-07-14 00:30:13,2018-07-14 00:44:02,2018-07-17 07:02:00,2018-07-25 15:08:50,2018-07-30,f86b5e68941ef31c1c45eceb072eb6e4,2018-07-14
33f7f48fbeb5932ce834c34dd204a6d3,6d9372108eb7d38bea803ec71881c842,delivered,2017-07-05 14:18:47,2017-07-05 17:54:20,2017-07-07 21:05:21,2017-07-21 18:17:34,2017-08-04,c292c87e95ba733fda07724fc4202832,2017-07-05
ba6db6908932a9ed2a611c82ef295d37,ba06469dfb61ced36ea2962bf482aeef,delivered,2017-03-20 00:54:38,2017-03-20 00:54:38,2017-03-20 10:20:20,2017-03-24 10:07:38,2017-04-12,ad9ff8cd876fd0c70ee6319f79f5fbc1,2017-03-20
f5eff661c2631c9cd86938bef47aa2d4,0da3ca0875a2ce7e0720570ecf98bf46,delivered,2017-05-06 16:22:40,2017-05-06 16:35:23,2017-05-10 10:46:37,2017-05-18 16:23:05,2017-05-31,49e1dff368c6752f5c1319f3c988bfc9,2017-05-06
24e12ba561ff6e969f0eebe60196e53c,008943f202ed451804dfc1c23248eeb0,delivered,2018-07-28 21:54:44,2018-07-30 18:31:33,2018-08-01 15:24:00,2018-08-07 14:52:06,2018-08-28,3c4d7fdb25ab947c7ac866ba940f9c32,2018-07-28
4bc6b6965bf5778f7d262b5f8913a721,2c32cd114924f08948dc2c1311663076,delivered,2018-02-23 11:34:56,2018-02-23 11:55:52,2018-02-26 18:29:19,2018-03-13 14:59:07,2018-03-15,bd6758b5fc97ec419f070b803fec362b,2018-02-23
2833a1c17a4948451b9931c440440fc5,3bcd05ab09f9eebaf2ce4edda2e166e4,delivered,2018-04-23 18:55:51,2018-04-24 19:07:39,2018-04-24 16:58:46,2018-05-05 15:03:53,2018-05-18,92cd44218dbb29a8c6c165fe2cf3a5d5,2018-04-23
0e212b5df829280bba28382cf4aacec2,66218e85ff1fb3229b69a2e9c0255dfa,delivered,2018-05-11 12:41:47,2018-05-11 12:57:12,2018-05-16 15:28:00,2018-05-21 14:03:28,2018-05-30,72b3b6d49f1a7b6efa2927fa6f056642,2018-05-11
c85e13fa13301ec2cb996db10353e737,3435843eaf57bad18bf0d39305d6f5dd,delivered,2018-07-17 22:35:29,2018-07-17 22:45:15,2018-07-19 11:50:00,2018-07-27 18:24:46,2018-08-07,a4f2995402f4f217ff74fb62aad97e4f,2018-07-17
1c8c848f0ae6345dce75efde3c535160,4997cdbc9226ecc25242048bb5fc425e,delivered,2018-03-16 20:42:29,2018-03-16 20:55:50,2018-03-19 22:23:46,2018-03-23 03:04:10,2018-03-28,f3772be93d6e37750531a252f637e94b,2018-03-16
7d5f9657103294db1e017f49a5e06c50,e6adec1e4d0f3967305473a5c0a25e9a,delivered,2018-07-17 13:18:44,2018-07-17 13:30:20,2018-07-19 10:06:00,2018-07-23 23:36:37,2018-08-07,a57d54e6d43a17a4238e854909c6d3f1,2018-07-17
e7ce9b9f4c61af74340791cc36964dd8,7ff4ad86cf14706b8cbb5d62e345048a,delivered,2018-02-21 12:09:08,2018-02-21 12:30:17,2018-02-23 19:33:40,2018-03-09 00:57:22,2018-03-28,6c08f7f8ba564f959a6582277e405333,2018-02-21
72074174b87a13299e5d0aad2dae6137,5f7a3e7c661e0861b20e2580bb51ca20,delivered,2018-08-16 17:40:16,2018-08-16 17:50:16,2018-08-17 13:09:00,2018-08-21 21:11:27,2018-08-28,071e1727dd09118396bc139da6822fc7,2018-08-16
4e075adf6d3b9cb5ae61093b5e61a14a,d392810b0b45525cc8e79ba4b2286e69,delivered,2017-10-12 14:07:33,2017-10-12 14:26:21,2017-10-16 15:23:43,2017-10-17 21:52:35,2017-10-25,d922281ccc68860433f65b726330f718,2017-10-12
dffe3c3fdb38dd7ca56eb98408730378,edd8c2ac3721ba85f5d39c010c316114,delivered,2017-03-14 14:48:57,2017-03-14 14:48:57,2017-03-15 09:58:15,2017-03-29 15:46:59,2017-04-04,9f48470c2d3437ff6894dac1603b3e44,2017-03-14
99690636b272c74b153a637f6f56dbab,4c00268b1661c35c047ccb5795c6cbc4,delivered,2018-04-06 15:51:17,2018-04-07 02:50:12,2018-04-09 21:23:45,2018-04-10 13:40:44,2018-04-18,94fae829df35ec60b14a73caacd58f07,2018-04-06
1734ed627ecb469f8a302694d9481eb4,e4639e14392e13ff6898b81d6245ba15,delivered,2017-12-03 18:39:51,2017-12-05 04:11:50,2017-12-12 21:58:54,2017-12-18 21:07:21,2017-12-27,c47781b9cde8aaf98066cc94064537bf,2017-12-03
cfbf483c7d7176367a983006d36de1f9,9cab4106ad574ab7a66c352f099e3b01,delivered,2017-12-01 10:11:30,2017-12-01 11:31:54,2017-12-07 21:59:12,2018-01-06 13:34:23,2018-01-05,073b3547c939512360420845181cd3b7,2017-12-01
4303e19c21cd7274481e8e5bdba9bda0,ab26301138a5d2a1bf9dda0c0e1f3f20,processing,2018-01-11 22:06:59,2018-01-13 02:31:42,,,2018-02-07,e1e8d5106c792b9f9979946876eafae8,2018-01-11
3c8fd86bafb15fa121edab25b6f8c096,43d2e22777294d5b6fbee5a6fb88254d,delivered,2017-05-24 19:42:56,2017-05-24 20:02:40,2017-05-25 08:26:28,2017-06-02 05:53:33,2017-06-14,afa1462306ce1941adc5524ab4198909,2017-05-24
a1b804216bd2104b89826d9c884a06aa,5c7595d88d9ae99c0829d2304a39eb9e,delivered,2017-12-05 13:49:27,2017-12-05 13:58:29,2017-12-06 17:33:54,2017-12-19 18:19:19,2017-12-28,2e4a58e5806f654199b348347a7efdeb,2017-12-05
9c0fc2500f7b845dd500f0a3a2520c2b,073148eec23ea309392759e3e9943d4d,delivered,2017-10-07 15:54:53,2017-10-07 16:35:16,2017-10-09 15:33:12,2017-10-13 17:45:00,2017-11-01,82fa3ba1037d792628f782e2811d76d2,2017-10-07
f1c39491d69990f9682d8dc91e190fa5,56be6e8c9779e4a7bd8fdf41f2dfed7d,delivered,2017-12-08 09:46:41,2017-12-08 09:55:24,2017-12-08 21:38:49,2017-12-12 12:48:47,2017-12-27,7d39f0ad85572bb8c59a0c7a52c0bb97,2017-12-08
97a33ff36dc6cc655389de50726ee49a,86497456d79e8e74422e89ecfd8d4069,delivered,2018-05-11 10:54:59,2018-05-15 04:12:29,2018-05-16 08:07:00,2018-06-04 16:58:37,2018-06-01,25621349fd234a2556fec9f6aecbaac3,2018-05-11
e5fc50f8d64012ac844e3ac50b40fae5,09605433f6049326bfa21680262fc1fb,delivered,2018-05-02 21:56:21,2018-05-02 22:34:55,2018-05-04 15:19:00,2018-05-12 01:11:39,2018-05-25,c1134555e9b70e751a09bc5908f5d6fe,2018-05-02
a761862f0091efb27d04d58ad23de019,11e9d0879e2a681f8c73e99d56c8c613,delivered,2017-11-18 11:47:13,2017-11-18 12:06:52,2017-11-24 16:39:15,2017-12-27 23:18:28,2017-12-14,973f2fba63a7eb540f8860b0c75b63cb,2017-11-18
4e6bffb5dac92c9750467794c5964bff,a85e7b33b7181e57fecc2cebda90a5d0,delivered,2018-08-13 12:23:45,2018-08-13 12:35:16,2018-08-13 15:22:00,2018-08-17 16:41:59,2018-08-23,0a9d5acfda81f2fa0dfb1d8a2233c58f,2018-08-13
856f815b7525deaab324a86f112491ea,a0612909f034240b24f3144fcbb0b588,delivered,2018-01-23 09:37:30,2018-01-23 09:52:20,2018-01-24 17:47:02,2018-01-26 19:33:00,2018-02-07,0e858c46e6a7bc85a2fd56af3bb63c50,2018-01-23
a38d26fb97127e35808c504ef9872905,6f0b329047469b27994d99813dad1432,delivered,2017-09-03 12:32:02,2017-09-05 04:30:23,2017-09-06 19:42:10,2017-09-18 17:38:08,2017-09-28,6482034a22aaf6fbd2a2d23424debe3d,2017-09-03
79839957c6cbd8ae3f91d44c7e740207,d4e84c51d0ecc10da23b00adcbf9ae85,delivered,2018-08-07 14:24:49,2018-08-07 14:35:10,2018-08-09 12:08:00,2018-08-14 04:18:44,2018-08-15,18f53104747d0a9042e8e1597243a99d,2018-08-07
d3a20ccc02c906dea8bd172dbfa1d31d,e34a5355496d9ca53ae03df061e2583c,delivered,2017-03-27 20:34:09,2017-03-27 20:43:07,2017-03-28 10:47:51,2017-04-04 16:50:14,2017-04-20,867804a02c363fc25ca64b660dd0b2f3,2017-03-27
075434afaadfb0809ecf3f095a372340,4175fbc781d0d74d0ab138c8b598611e,delivered,2017-11-24 11:05:50,2017-11-25 04:15:07,2017-11-30 21:25:38,2017-12-06 15:57:23,2017-12-08,7fffeaabaebb943851910c8d04210e00,2017-11-24
32480f4d114e9973ef4fbd57631274f9,515adc59bbf7e0a839eeccc8fa006947,delivered,2018-02-06 10:00:59,2018-02-06 10:15:27,2018-02-07 20:53:00,2018-03-01 23:17:13,2018-03-09,de73aaf796ce2f288c428bc9006e4057,2018-02-06
08fd8d3e4e30f796d703584db2e27e1a,e867a0d69912db241c0cc2adc85d82e8,delivered,2018-03-05 07:59:17,2018-03-05 08:10:37,2018-03-08 04:26:36,2018-03-26 20:32:47,2018-04-04,e6dc181051e2446e7ae94acd95676489,2018-03-05
9d8b5a8e3231c5bed9d2c45e1fbb116d,e9706926b9ad9d60d5512eb6b35b78dc,delivered,2017-08-23 10:19:24,2017-08-23 10:35:23,2017-08-25 20:28:53,2017-09-08 18:07:45,2017-09-27,8beb8c43092e0a6c29050ed93e2c15b4,2017-08-23
359d29ab40f1d5211a391308f9078c8e,2eabd4a4e2346884db0daacf0c154336,delivered,2017-10-14 16:10:06,2017-10-14 16:28:21,2017-10-16 22:04:24,2017-10-18 18:56:28,2017-11-01,c6f08f11de7fa6868ef39c298206292d,2017-10-14
4c76e48050ae7f0f69ea45b2350a12c4,e7b19354d2180c9a75a2ec0911db3a48,delivered,2017-04-14 11:03:05,2017-04-14 11:15:11,2017-05-04 11:38:50,2017-05-08 10:43:14,2017-05-08,e1b3bf2f6bf4b145baf50144f7d4e1aa,2017-04-14
444881cdfe678e977b5e268fb6200760,d996e65771a851556bc07ba968d873e4,delivered,2018-02-16 08:45:40,2018-02-16 09:07:01,2018-02-22 17:21:59,2018-02-24 19:10:08,2018-03-06,31fbbbc073c459e8e38cca0610bb250b,2018-02-16
52cb69feb3ca641836c8150716a8d2d7,38dcf8cf731c02ce3c72c5279307dee9,delivered,2017-10-03 02:20:35,2017-10-04 02:49:25,2017-10-05 18:42:23,2017-10-11 15:12:44,2017-10-19,47104da434d1b3240e419588313c2496,2017-10-03
1f11f0ab2b0ec59d0ec45f7f810a04f8,52f3ff878b892c17fcdc6030dcad7e7b,delivered,2017-06-15 06:59:08,2017-06-15 07:10:06,2017-06-16 15:15:55,2017-06-28 13:17:44,2017-07-18,35b2bbd27795a44fda466212e338e9cc,2017-06-15
96e9519c799bb41c1cf7b3992b63219e,7cc29bd694a82357723df9961ab7d3a6,delivered,2018-05-01 21:17:14,2018-05-01 21:36:02,2018-05-03 07:04:00,2018-05-07 19:37:41,2018-05-25,1a955f142ccbf9a7993aa01392e5f1ce,2018-05-01
ba02d5b151d67c38d57577ab9a934828,cd1cae0cec827aad93250c9c72e88240,delivered,2018-05-01 18:46:33,2018-05-01 19:13:16,2018-05-02 13:15:00,2018-05-07 22:48:37,2018-05-28,592eac42cd018a90af006cc5495ebaf9,2018-05-01
66f7198bd04aafcefc81148b6c433c18,047bf05a26a10d5fd5f98a37b5ad1848,delivered,2018-06-01 08:56:59,2018-06-01 09:12:23,2018-06-18 17:05:00,2018-06-21 00:05:57,2018-07-11,2eb9d66d7bbb2fc1083e530b8e51dff9,2018-06-01
6fe4c985918734d29a35419f12b76570,529cdd66b36605936a5c313cfe7427f4,delivered,2017-05-23 13:35:47,2017-05-23 13:45:18,2017-05-24 14:24:19,2017-05-26 13:19:35,2017-06-19,c3b85831f6f25fad01faa6f554dba4d9,2017-05-23
64ff09b60c2714ff11ebcf304ed21fb6,b2c63a8267bfc180d06ba2d9b79cfcc3,delivered,2018-07-31 14:04:37,2018-07-31 14:31:37,2018-07-31 13:34:00,2018-08-07 14:41:43,2018-08-10,2e1b64c1d5f3deff4e082315a7595750,2018-07-31
f464a113cdd89833ee98d4a56f41d8c5,d5f4f578c881aaffbda3612ca54f74a1,delivered,2017-10-24 15:59:02,2017-10-24 16:09:48,2017-10-25 14:57:37,2017-11-01 00:42:17,2017-11-13,64ced2d69218631420f22cea19bee4a0,2017-10-24
fc4e3d907bbca064eee88088667f4e98,e6e14f3e3173398dcc2ef5001361ba1c,delivered,2017-07-01 22:03:10,2017-07-01 22:15:17,2017-07-03 15:21:41,2017-07-11 19:26:43,2017-07-25,3df4912077693dc7933267da9542825c,2017-07-01
1f5e41ca3a4a73a67d6ac937f4fe5422,cba5c36df83ba88bddecb5a2d8c754f9,delivered,2018-08-05 09:53:05,2018-08-05 10:25:08,2018-08-06 14:18:00,2018-08-11 01:20:52,2018-08-21,5222f35858bccb6bff5973b504733fac,2018-08-05
aef2bc3845eb581cecce74b769d46c6a,48d6a6909a9bd0b2128ea79630e52d13,delivered,2017-09-22 17:41:49,2017-09-22 22:50:12,2017-10-02 19:57:42,2017-10-13 14:33:15,2017-10-16,3f01021289a4c54f1c984262f4ba625b,2017-09-22
1d2a2c1119967c45184c9f96cbdab6ce,db174a68814fb58fc90c33ad76f96b02,delivered,2017-11-24 19:03:03,2017-11-24 22:32:42,2017-11-28 19:42:00,2017-12-06 23:18:54,2017-12-19,ffdd1e311843bb858885335ae77bb97a,2017-11-24
27d0c14836e22de7dafca58c79cbc90c,972018f2497ddd38c5e836dd0b4df53f,delivered,2018-02-10 21:17:00,2018-02-10 21:35:28,2018-02-15 19:16:28,2018-02-19 20:21:51,2018-03-01,23539ab2fa3d6e255f96114be5d2dbd3,2018-02-10
c8a767e16f523557f80cceef9f5ac88f,7acbe07ea8f812f68fcfbfe0f42f905d,delivered,2018-04-26 21:30:42,2018-04-26 21:50:26,2018-04-27 14:19:00,2018-05-08 18:24:35,2018-05-28,031b06b631dc90325c6c7c108c39f4d4,2018-04-26
0ab778cad17847f8538aa63accb88b27,b5012b5d4b4174455c8f108d1be55316,delivered,2017-11-26 22:56:15,2017-11-26 23:13:06,2017-11-29 17:37:24,2017-12-11 20:40:02,2017-12-18,3d073c09a5177fc7034412eb4e44870a,2017-11-26
057e5b8975ad03882989369de7b803ff,a21eb72bd9dbd460dadf15c4e43664eb,delivered,2017-09-15 00:46:01,2017-09-19 03:50:35,2017-09-19 19:33:20,2017-09-22 14:52:15,2017-10-03,78b6303eafdd48fe22a46ccdcf1c7ec7,2017-09-15
216f5ce95749a1f03de00b34908e73a2,c6a909123dbae964a98b72e526d1e7e3,delivered,2018-04-10 14:49:57,2018-04-10 15:10:55,2018-04-11 17:48:27,2018-04-16 16:17:19,2018-04-26,84e703b803941d145cf727954fd666f9,2018-04-10
af3ce7727ad453e9df1d3b9fb874ba3b,ffed827348cd4b083956ce2b634b763b,delivered,2017-08-06 13:46:26,2017-08-08 04:10:55,2017-08-08 22:42:09,2017-08-18 19:04:30,2017-08-31,82855248f0328943a0f172fe9748ad29,2017-08-06
61091d227e531114d8759b1372ba1d48,40114847c6de0b9b9cd74eb44fc56cc9,delivered,2018-01-25 14:37:02,2018-01-25 15:40:09,2018-01-30 01:17:05,2018-02-14 22:27:24,2018-02-19,c1f0996be2a0523729db40ed5fddd0e7,2018-01-25
cdf9bca93f8e79363ad001dbc570d854,bd2e6223ef80789bab4a7b8e50db1991,delivered,2018-01-13 22:27:18,2018-01-14 22:18:32,2018-01-15 17:52:54,2018-01-25 13:55:59,2018-02-09,b482320c05978ae983c969e80a9a259d,2018-01-13
a1471d3940933cabdf3944ff1c792e10,eb648c2532533aa0dca70acf983cc983,delivered,2017-08-17 20:53:01,2017-08-17 21:50:19,2017-08-21 20:39:55,2017-08-22 15:13:42,2017-08-30,59b13cb9b8e91ccce9e1195132b91909,2017-08-17
640ebd9e6042fa597d8453c63c19f6fd,34cac1feffdf92823e422fad16bd8397,delivered,2018-06-05 15:41:06,2018-06-05 15:55:17,2018-06-06 14:58:00,2018-06-11 23:41:57,2018-07-16,7a3e4679c3c6b435c799ce0550a4c249,2018-06-05
72864e9930b12da6e7ebc3cae431f226,fec2acbad6416c09b6760b294f6bcd48,delivered,2017-05-14 19:17:46,2017-05-14 19:25:11,2017-05-16 09:17:47,2017-06-01 11:59:55,2017-05-31,344f60e4ffb6c317ec1d6794d44ca0f9,2017-05-14
e9ffd60f9abb10647483bb6ef6f62989,e38c82cb78ee25f34c9f5f7783fb0ee7,delivered,2017-06-09 15:12:35,2017-06-09 15:22:10,2017-06-09 15:48:06,2017-06-24 08:59:43,2017-07-12,95be078ecc649f1dbf4d35bd9fd96618,2017-06-09
0d702aba7840fe6e6942e419648d9e0e,28d50d01106af1d9993aeafccfc3a8e3,delivered,2017-04-01 14:44:04,2017-04-01 14:50:20,2017-04-03 15:20:07,2017-04-19 11:58:13,2017-04-28,6eead3dc7009e19950bb69d311809a32,2017-04-01
4e6247004972e262cd27834b7d270d84,1788b66d518c0b9cea975c6443949204,delivered,2018-05-08 21:24:36,2018-05-10 03:09:44,2018-05-11 18:59:00,2018-05-14 17:04:32,2018-05-21,999e70667e671b236e60fcb92e56fcf6,2018-05-08
27db1a079a22bec1453d0f24f630005f,b76816b61d8043a98db57875437da6b5,delivered,2017-11-24 01:34:00,2017-11-24 01:48:30,2017-11-24 21:58:53,2017-12-14 16:09:41,2017-12-14,24c0598e5978021ede868fbf7526544a,2017-11-24
89f0460c9010d52281a44ccf5a287526,621842279405f3093b306962d1d55a4f,delivered,2018-06-30 19:02:31,2018-06-30 19:50:03,2018-07-03 12:12:00,2018-07-07 17:58:25,2018-07-20,7c438259d88d8eefb977be5432d761c1,2018-06-30
cdf7a96f7174972cf5aea7f6225ff799,60c74a8ab6f5911849bcad1ea24e4052,delivered,2017-02-06 19:24:54,2017-02-08 03:22:56,2017-02-09 09:34:17,2017-02-14 17:23:31,2017-03-01,a23f97165556937a3fefcaa6ebf2d07c,2017-02-06
334366f2e22dfcecc6821c15209f0175,73b76f59bd2fc55339da0a2aa50de623,delivered,2017-03-02 23:17:38,2017-03-02 23:30:19,2017-03-03 15:21:09,2017-03-13 17:58:12,2017-03-23,0f8b5b6f77112e65e90b4ae743ecd469,2017-03-02
da5d566236538abb69c83b6283383b60,8d51bbfd67bc27fa458541719c2f31f8,delivered,2017-11-21 15:54:16,2017-11-21 16:07:31,2017-11-22 21:26:43,2017-12-06 18:55:18,2017-12-13,8345624b6fabc374d69c6ea41e86b178,2017-11-21
5529ec8272cda325d9f9300e9bb09d5d,31f0bfed6ed789da8198c1478815e537,delivered,2018-06-10 11:48:43,2018-06-10 12:17:17,2018-06-12 14:09:00,2018-06-22 22:18:35,2018-07-11,8f57bc700d1417596da165432439c6cd,2018-06-10
0a8bacdc71ec2a99fcc75baf60f64439,4fccee164a7c9613fbf6978a9c4cb72b,delivered,2018-02-05 16:33:31,2018-02-05 17:15:55,2018-02-08 22:18:52,2018-02-19 20:38:57,2018-03-02,64f4edd5b6c33fb305990d88886ffb19,2018-02-05
351c4682748b3e66dd18732d650baff2,39f165573c5cc30c87842ab706dd1f72,delivered,2018-02-22 16:14:25,2018-02-23 16:10:29,2018-02-27 18:23:45,2018-03-23 15:58:42,2018-03-19,a474a5c56f810817d4b44945b11f654a,2018-02-22
16311a0494e6db86617bc4486d9f1e9e,236b6c73651af91335ddfd6d34f6422c,delivered,2018-04-11 12:04:25,2018-04-11 12:15:26,2018-04-12 14:42:56,2018-04-13 15:14:26,2018-04-27,fdc58370af81e72cd02ee17ff0e3164d,2018-04-11
68e662b62c58ff7ef4002836145d6461,6ae15ca28c2f32149eb10c0937200cac,delivered,2018-07-02 09:49:19,2018-07-02 10:11:17,2018-07-05 14:43:00,2018-07-07 14:48:50,2018-07-16,9fc0406312d9183489d1bab301f95170,2018-07-02
cef1e7647823ff3a316d40ca19b3e55d,a8f1bc83f930027e3bf15692ac53d638,delivered,2018-04-12 14:53:10,2018-04-12 15:35:24,2018-04-17 21:46:45,2018-04-23 20:48:36,2018-05-09,5debd5364ddf8981b79f6db3dae6fdc4,2018-04-12
4211e9c52967c6118ba50e4efde875a5,0ac2d5fc64bc66aaeaa727022aeb73f3,delivered,2018-01-25 11:36:13,2018-01-25 11:53:08,2018-01-29 18:39:01,2018-02-01 23:07:37,2018-02-09,8f4dfd5a11090376a83318d419a46c18,2018-01-25
00ab9fa91aafa3d881164b0da48999aa,8630914c34f45ca88a7589cddb8e0ae2,delivered,2018-05-25 09:47:21,2018-05-26 09:50:04,2018-05-28 12:27:00,2018-06-07 00:18:30,2018-06-26,ead67853687963974dfd6a3c23072deb,2018-05-25
570bfe053ed74671bd9bd9505fa1c785,b25b0018e1b95590a4fa567378d28bd2,delivered,2018-01-16 15:52:32,2018-01-16 16:11:42,2018-01-17 22:27:44,2018-01-25 12:52:14,2018-02-09,8570c53159b9a61721697f9dd0adfdd1,2018-01-16
32eb0f90dda75dfccbc4db176c3e3cc1,23e03808c06cda431f64cf0086a8a895,shipped,2018-05-22 10:13:36,2018-05-23 02:15:36,2018-05-23 14:18:00,,2018-06-07,5a9246df7d4e076f8328563083a4ba08,2018-05-22
30b3d49467327cdceed755f76dc8d3f1,996c2d5bb512735c35e2d04598f77810,delivered,2018-01-02 12:03:03,2018-01-02 12:13:48,2018-01-03 18:43:38,2018-01-11 19:44:25,2018-01-31,39a87369059487368c4429cbd9b75b70,2018-01-02
f88685f89f0fc651c3e767c64a23192c,ee07f0974feb4a672378f9d64be40dca,unavailable,2017-11-24 01:49:27,2017-11-25 04:15:10,,,2017-12-15,c8719daeeef7cbe7f55a89085a405e78,2017-11-24
7e9a03de3bfde66892a9d6ee70716afb,d41aba0dbe969079d797f73ae613802c,delivered,2018-03-09 14:15:46,2018-03-10 14:10:27,2018-03-12 20:53:49,2018-03-26 21:41:29,2018-04-03,2b709626401beed2b8a30a2c4ff6a042,2018-03-09
f00cdb6f9004b64118cf7814d3a03cff,3e74a90adfa66f3bdf1586fe7f3f88aa,delivered,2018-01-23 00:44:09,2018-01-23 00:56:08,2018-02-27 21:47:45,2018-03-09 21:31:59,2018-02-21,8792a15ab5ef76ccaacba6398ea2041d,2018-01-23
c7197036433dac8ba4041a18b0b435aa,738b7def1e6b597884bedefb76252fee,delivered,2018-04-10 20:24:58,2018-04-12 01:55:15,2018-04-17 18:06:51,2018-05-10 20:22:31,2018-05-08,1016f617c9252331c7de150155a790d9,2018-04-10
96fa516aa67a6a9a29ed51112f357643,cfe75ab6c94e28d2fb65a562c7e729c6,delivered,2017-09-16 16:08:59,2017-09-16 16:24:27,2017-09-19 14:53:22,2017-09-29 16:24:02,2017-10-09,5734350b8e8edec68f23f6c70e36d4fe,2017-09-16
1b7926dafeead0e19837ca6b7764e1f1,b866be3f3db9c467d60fa850efdfeecd,delivered,2018-04-28 23:55:15,2018-04-30 13:12:14,2018-05-02 14:18:00,2018-05-11 13:57:48,2018-05-25,d2745509642a067494641691265914ed,2018-04-28
56eb381fff8db8d35134693062514084,b102a37db53345d7eb418649b096f8e8,processing,2016-10-09 12:34:53,2016-10-11 05:03:21,,,2016-12-30,0313291a6f4f16df04dcf819d88c38ef,2016-10-09
52d95b0538fecb3014db141985d65d64,1ea574a394e7eddb9ef7ea5b56455181,delivered,2017-05-22 22:21:32,2017-05-22 22:30:21,2017-05-23 15:25:11,2017-05-30 10:04:04,2017-06-28,8241424764e0bfa6bfcb3c6cda391ac8,2017-05-22
0d8b3fb610ae4ac24891052ed60e8a2a,d2815a06e5b96751f1ebc04d6ae75fca,delivered,2018-05-02 17:28:55,2018-05-04 02:51:42,2018-05-04 15:46:00,2018-05-14 13:53:44,2018-06-05,e5535f0b3bd13a577b26dab17ed44a0f,2018-05-02
ade919610216d8fcd6333ce3696449a4,d7e2e0a2eaefbf557a9886e0c2032ace,canceled,2017-09-24 18:32:25,,,,2017-10-23,d94157636381e2379d527b216f727242,2017-09-24
0c70293ae727a4e81099ec24e6190342,1219554936e47f8eb9141a023dc6dfe5,delivered,2018-07-26 16:24:08,2018-07-26 16:35:12,2018-07-27 10:56:00,2018-08-03 15:27:29,2018-08-10,047b83875e802d2794e5931512253f9a,2018-07-26
9026325c886e3d97e1fcd1b50ad50576,bf2119d584c23baf2195048cf6ae2bb2,delivered,2018-06-03 17:11:27,2018-06-03 17:30:19,2018-06-04 14:36:00,2018-06-08 18:57:46,2018-07-12,03644b2af667f84e80ce998ae8b1cc35,2018-06-03
f054382082622c6e7164f1fea5d4209f,43d1f18bf86668180f9abb1755c5f166,delivered,2018-05-04 10:46:26,2018-05-04 11:12:21,2018-05-08 12:32:00,2018-06-07 15:21:05,2018-05-30,9038e5effbfe727b5bfe9265fe23aa73,2018-05-04
94153bbf95f273c5b6c342d2acc6d017,05838d97b4a3948e120c9fb440374691,delivered,2017-07-10 12:19:09,2017-07-10 12:30:16,2017-07-12 18:09:04,2017-07-26 00:39:30,2017-08-04,d7b402c756be57180fa0df36f58d8b7f,2017-07-10
f935cc50d7d3a005676cd1093b419595,f19dd3335ad4682efcefd703e6cdcbce,delivered,2018-02-17 19:38:13,2018-02-17 19:50:28,2018-02-21 19:38:48,2018-03-06 14:39:45,2018-03-26,ab0b48ece456e2d74da82cdbc8367959,2018-02-17
44417c7fef91b12260e05d70494875af,cb053d9f0655f7215f2f93ca31ffa428,delivered,2018-04-18 09:09:53,2018-04-18 09:30:26,2018-04-18 20:16:32,2018-04-26 19:51:45,2018-05-10,f12c93eefdc001a3f589d98ca8df71d2,2018-04-18
92c27ea1f64ba69eb0016fa7088034da,2dcc6320aa8ee5089a03d1d6c317380e,delivered,2017-09-18 22:09:13,2017-09-20 02:39:58,2017-09-20 18:13:50,2017-09-21 22:34:16,2017-09-28,0d7e002b7d263c2892fa4c113abf778f,2017-09-18
446872ecf144444c683b8e2774cdf3e9,84484fb1df4af441d3c054c7e13ecc6e,delivered,2017-10-22 11:25:09,2017-10-22 11:45:21,2017-10-23 18:37:49,2017-11-08 21:08:49,2017-11-17,9f6d77f7778305f2ac33a129f11d1d2f,2017-10-22
ec5b066bf2e617a5ab61082e77b3101d,efd1a20eb65041a60f9c8c74cb5fc7ba,delivered,2018-03-12 15:45:22,2018-03-13 15:48:18,2018-03-20 00:16:28,2018-04-05 18:24:25,2018-04-05,1c22aaad9006505a301a9d51b64f4c9c,2018-03-12
446c4ce86a1a5e91febd73e589af48be,a0e5d53655b9f400cffca490636e2fb6,delivered,2018-05-22 19:40:00,2018-05-22 19:57:30,2018-05-25 11:34:00,2018-06-06 17:13:21,2018-06-11,4929827e4a14baad89f74cc64b9c1341,2018-05-22
aae5882b35279b55f02104b5ff4a50da,6adecea406444e0411331085b2482889,delivered,2017-09-13 08:54:02,2017-09-15 02:26:05,2017-09-19 16:58:11,2017-09-26 18:32:08,2017-09-29,f55074bc691fb84dc503367c6324e5c0,2017-09-13
7b270b1ab0315fca4c97d938d9281b37,0c47b248d221de2c26aa1f823e15264c,delivered,2018-03-26 08:45:12,2018-03-26 09:07:16,2018-03-26 21:28:50,2018-04-11 13:11:48,2018-04-13,913f5e4f97adfeb0e74fc6c60f3c3331,2018-03-26
dc6a29077e547f5fe4377f251fd1c5d0,4fefa5680397eaaf3813a589b34ec0d2,delivered,2017-05-21 23:24:21,2017-05-23 03:32:30,2017-05-23 10:59:07,2017-06-02 15:08:57,2017-06-13,9bab4772c790be2269300fe0d3a0ed69,2017-05-21
f29ed23870e462400821ca91606348a1,71188f24ebdbaa24c728be8cf2540500,delivered,2017-11-24 18:36:55,2017-11-26 18:32:53,2017-11-28 21:44:38,2017-12-13 18:53:11,2017-12-29,8b7cea05df8c0b1b4ba9d9032aa2e8ee,2017-11-24
a54b6622315e2bf96c8f5656b0a9dd15,f661fbd1d54448ae61558371f7311adb,delivered,2018-01-01 18:15:03,2018-01-01 18:28:49,2018-01-02 16:19:26,2018-01-11 18:23:55,2018-01-18,a27046f21f698508f05aed8f18c2b976,2018-01-01
ae9b0da4b0dbb82bcd874ea6c6d355cf,deb58e474a5ac6947195f5421ea7a7ef,delivered,2018-01-22 22:33:20,2018-01-22 22:55:39,2018-01-23 21:23:21,2018-01-30 14:56:39,2018-02-19,2bd2fb59c13d0f0ed21774c54ddb866b,2018-01-22
cdf01c636a3cfe009908584927de7e32,7898e022985aa27661bbe054a10b41c9,delivered,2018-01-12 16:56:41,2018-01-16 03:50:05,2018-01-19 02:44:27,2018-01-23 10:33:46,2018-02-06,82338b3cf088b940712ece972afeb183,2018-01-12
0379c7b005e9be5439462ece4e356341,3d5851730e87c65aa5fc8e706c859c84,delivered,2018-02-21 10:52:51,2018-02-22 02:15:45,2018-02-24 12:52:53,2018-03-12 23:05:00,2018-03-20,220e8dbfc514d030c1aec5594b8f99f7,2018-02-21
72c243506754c2100a51831b0bc5f891,1297411dfdb6b4fc12bf489fb299be4f,delivered,2018-07-02 10:02:50,2018-07-02 10:15:46,2018-07-03 15:13:00,2018-07-06 21:34:31,2018-07-24,3e3df3f60660041f8c573eb73a72eeb0,2018-07-02
e68012ad88e7d6ba2e95112045faf3e3,ec5b7c2e69bc8d387c31867ce2eaa513,delivered,2017-10-13 18:25:38,2017-10-18 03:07:05,2017-10-19 18:57:32,2017-11-01 23:03:42,2017-11-07,509e36f77163f5713684bff57dd33178,2017-10-13
e4a53fe147c7b6b2fbd68ebf30c48226,c9cf95d995585ecb83fe4a2cce42db5d,delivered,2017-07-21 12:28:34,2017-07-21 12:43:00,2017-07-28 20:32:46,2017-08-08 19:51:58,2017-08-16,c0584201a786c3f2f803f88b96a8aacb,2017-07-21
52cf629e5ef49959ced57da932b097e1,d5a30795a1652243f4243f3435b8331a,delivered,2017-06-18 23:53:35,2017-06-19 00:50:22,2017-06-19 16:34:04,2017-06-29 14:55:57,2017-07-11,f8561ff1b06bbc1525d246a8e46b7250,2017-06-18
4a5470dfcf2368971425d5aa451cf3b9,164b2e68b56b3a3c524b71946bc521ed,delivered,2017-08-26 17:43:30,2017-08-26 17:55:09,2017-08-28 14:17:42,2017-09-05 14:49:04,2017-09-21,7aa393c28bcf957b12c00e8586e50e10,2017-08-26
7bee7c0c13b6391df72bab5732501cf7,423a97d6fbfa789c5e5681ba953342c4,delivered,2018-02-19 14:45:06,2018-02-19 14:55:26,2018-02-20 19:15:22,2018-02-28 22:38:56,2018-03-09,a769b26d1ba60eafa3e82bb2455a1fc4,2018-02-19
a07d6a824e8ac93c9606f3311a30f462,75b47d5c8dd4b9975976a629071cefab,delivered,2017-09-22 08:21:55,2017-09-23 02:25:52,2017-09-25 19:57:26,2017-10-01 12:12:18,2017-10-20,d2a6aa99faadb190d4368eec3701df4d,2017-09-22
c67c3abb81ee70788591ca1c2691a14e,28023eb9116ee98fd7c95e5cacb26023,delivered,2018-06-03 13:38:58,2018-06-03 13:55:08,2018-06-04 14:40:00,2018-06-14 00:08:46,2018-07-05,4716e110cbdda0818aed855d8ef44c7c,2018-06-03
3dbc128d5a3af3b8a2560a67f42ff442,8574a86a2fa79fa51ed1c5eb8b8bef2f,delivered,2018-07-16 12:52:42,2018-07-16 13:05:09,2018-07-17 15:20:00,2018-07-20 19:09:19,2018-08-02,d838e273e0dc315947e508ec7bb28de0,2018-07-16
b23e48ed5d169b4b215211bc06e5119a,c8bf1d94f111d4a5375259bf4de0d358,delivered,2017-04-23 22:22:04,2017-04-25 08:02:23,2017-04-25 11:40:58,2017-05-05 12:33:32,2017-05-15,65078037461aa2c01f8aa968b1ec15e8,2017-04-23
7f724def94965291ea5556ad34f72a3a,3223f721ba6af6d7361670b433dc004e,delivered,2017-10-26 15:34:49,2017-10-26 15:49:34,2017-11-01 20:34:56,2017-11-13 20:38:56,2017-11-21,4210db4456e5e1f786db193081339667,2017-10-26
e96316295f9dac5e936626ee32d3b05b,0a743c09fa3a7d168c0577b14d7c8d93,delivered,2018-05-03 18:54:48,2018-05-03 19:10:46,2018-05-08 14:45:00,2018-05-10 21:32:04,2018-05-16,39fff7cb5873a7116b02234bd1e6c6dc,2018-05-03
c501e686e3c0455bf577703d3ccc86d8,cd99a4cb6f4d2e8342351bc978460e07,delivered,2018-03-06 02:27:21,2018-03-07 02:40:32,2018-03-07 22:43:09,2018-03-20 23:41:14,2018-03-22,eb295bd972e6d73251348a08a6e18ccd,2018-03-06
9ec59f4b7951e9a65ffe723049bb8baa,96b019c51a65fa13726d6b48e65f096f,delivered,2017-12-25 18:06:20,2017-12-25 18:18:20,2017-12-27 23:13:01,2018-01-08 16:37:58,2018-01-23,fbe3711cdd63b602f599182c306ce6a6,2017-12-25
10cba569b211fc1a21ffeb58e821b038,fad8d229ff3512c069a5b776952e9cd4,delivered,2017-11-26 20:44:04,2017-11-26 20:54:54,2017-11-28 17:41:43,2017-11-29 21:28:41,2017-12-11,67673cba900e87f119fa66fb71b11b2f,2017-11-26
f38e0a45ef125f0214a3edaa9ea48098,88f6fc71994589a43aa54a32115c7c97,delivered,2018-06-26 09:08:03,2018-06-28 02:15:51,2018-07-05 14:02:00,2018-07-11 01:40:50,2018-07-25,564f89ca1f5371992bf1fb87a0331ac3,2018-06-26
924482525801c274a1c8e5d4a2f15725,dc46fa85c061e77c72b5d5b870491ad0,delivered,2017-11-25 22:43:58,2017-11-25 22:54:03,2017-11-30 13:51:55,2017-12-06 23:58:56,2017-12-15,f94145e31cc603766794039404ac3880,2017-11-25
fafd2c21c936debfbe975488ded4667a,3f9eeec8455219ec26b9fa6a2c8e9014,delivered,2018-01-08 14:24:20,2018-01-08 14:36:24,2018-01-12 22:30:07,2018-01-22 19:08:45,2018-02-06,a3515f93d38a230201f1a1f68ce98cb7,2018-01-08
c4669e882068cc0ade2697ed2169326e,c576a1a325ba3b60368566f78dd51aa1,delivered,2017-01-24 21:44:24,2017-01-26 21:45:18,2017-01-30 11:40:14,2017-02-08 04:23:28,2017-03-21,4afcf7ae2181b598259d121795fd628a,2017-01-24
97b91c745aa3a478f4e00df4c15069e6,64e05a5658e2a963d97952707f256a7a,delivered,2017-11-01 09:20:22,2017-11-01 12:45:49,2017-11-01 18:34:34,2017-11-08 19:56:59,2017-11-22,dc1dfaa9ef5d24bea5b9103b13d253fc,2017-11-01
c49be9a11fd13933307cc6a19b03a895,a972623b3481cbfd95fa776b0067e554,delivered,2018-05-15 18:54:39,2018-05-17 03:16:13,2018-05-17 13:51:00,2018-06-06 13:27:44,2018-05-30,b9cc54385a16364650ea5c9d26c212d9,2018-05-15
51c07a9a553558eb945063c1a7961098,d84edf9eeed1e74ba4e2629eccf8efa8,delivered,2017-03-27 19:52:13,2017-03-29 02:22:36,2017-03-29 13:30:47,2017-04-05 16:09:37,2017-05-04,a4a1e0a2d4e1466898d4f819ecf3958c,2017-03-27
7a1fb83313fbf2953563842fa9345dea,8ead4cc7c11cc79553ed86a165f665fc,delivered,2018-04-02 09:17:34,2018-04-02 09:30:28,2018-04-02 19:38:45,2018-04-18 13:21:50,2018-04-26,cb9f4e12d2c4531a1b65423c75364c31,2018-04-02
396cf83a5c0a10f81804e755cae565ab,66066f1de2d64e810cbaf862570d95f0,delivered,2018-01-05 09:35:05,2018-01-05 09:48:25,2018-01-05 21:07:51,2018-01-08 19:07:39,2018-01-29,53964e2bab5434850bf7c850f67556d9,2018-01-05
11120c214b9f50a8c39dbeec8685db6b,e8a2dab1e442d28c1fe38085954fd5ee,delivered,2017-06-25 23:06:20,2017-06-25 23:22:50,2017-06-27 13:33:31,2017-07-05 12:14:31,2017-07-28,43fcee98a4442ab2f299df637f8e2413,2017-06-25
a8c82838d43738e226d64ee5240f3004,359f96dc9ce1e693327d4fe6060508eb,delivered,2017-10-26 00:45:04,2017-10-26 00:56:26,2017-10-27 17:47:57,2017-10-30 14:47:50,2017-11-08,d9a0eef3c2ded2c8666b15563cde72d9,2017-10-26
dbbbc904081f8e928028432e2e3d7686,1d34ed25963d5aae4cf3d7f3a4cda173,canceled,2016-10-06 13:24:15,2016-10-07 10:16:33,,,2016-12-14,753bc5d6efa9e49a03e34cf521a9e124,2016-10-06
b2dff4323e2a36d0c147d1f883b3ab6e,2d7fc7e83eadf30376346852ca3719a7,delivered,2017-11-11 12:20:48,2017-11-11 12:30:51,2017-11-17 16:16:58,2017-11-22 22:49:36,2017-12-15,fc74c6ae0c3e9d8eb0eba486d0efda60,2017-11-11
ea0aecca2de1f337e8a16c457f407eb3,65893fec38e42fb5882899f961989c9c,delivered,2018-03-01 15:34:44,2018-03-01 16:21:33,2018-03-02 22:33:56,2018-03-21 19:24:55,2018-03-19,99ba422ba6f1b9f7cafaf4880652d9ab,2018-03-01
33456509cc4acadce96036959e07ff84,484f08ad298fef0f4ea0edc43ba31e20,delivered,2018-01-03 11:47:25,2018-01-04 05:10:15,2018-01-11 19:37:09,2018-01-19 19:05:36,2018-02-06,1dbc5f3eb27b11b2b77a49c808c8bbc0,2018-01-03
e57742f8afd4fa79d5d6b11a85f9c64f,9cc370519577c55b9dfa3641b59df63a,delivered,2018-03-24 04:55:49,2018-03-24 11:48:06,2018-03-26 22:26:26,2018-04-03 19:41:39,2018-04-17,1631f62a29084c9d6a807c8e85ef4fea,2018-03-24
40d2a869f24d0fcaf5a569330470313d,213a706474bbd220212c4e9782b0346f,delivered,2017-06-05 16:00:54,2017-06-05 17:35:11,2017-06-06 15:06:32,2017-06-22 16:02:31,2017-06-19,a0ae0dbbdc2266b6715a97b8c21bf461,2017-06-05
8cf12a7b163c4225da01e9da10cce6fb,40bf3102840808fa829fe713524a8a13,delivered,2017-06-02 18:30:34,2017-06-03 14:30:13,2017-06-07 14:28:03,2017-06-14 13:13:49,2017-06-27,947dec5b28d981b1870d83196837d588,2017-06-02
e6f93bd585302afc87091c7d85c21ffe,1e711e252c12c1ca4268a8b54d374e2e,delivered,2017-06-18 20:45:37,2017-06-18 21:03:46,2017-06-22 09:33:10,2017-07-13 20:51:59,2017-07-17,28c9e96d57749798d454f3b4ee31e332,2017-06-18
1daecbe2a13ab0881c418e978f1e08c1,b751fcae2274aac027b38ae2b7e8b009,delivered,2017-10-18 12:36:56,2017-10-18 12:49:41,2017-10-18 19:42:38,2017-10-19 15:32:12,2017-10-30,442cac7506ac5860d70980d13d2b9f98,2017-10-18
719312efa72d95b357250140f48b778f,1162e7dc369b967089d15a728f133289,delivered,2017-08-07 23:08:18,2017-08-08 00:40:19,2017-08-08 17:40:18,2017-08-16 16:04:12,2017-08-29,191540df60a54c180621cddcfd18f458,2017-08-07
26b6a281b9bf31419ec8afa0e1deabca,398feac9dc3771f978377f0bfeedd600,delivered,2018-03-16 16:45:35,2018-03-16 17:09:24,2018-03-19 23:21:40,2018-03-29 18:47:07,2018-04-04,62dbc03a49fb98335ccc46cf7e32624c,2018-03-16
8a11d6c9768fa4f00f1243ebf56d268e,eae75372ee0e92b803fb660b32c6519f,delivered,2018-06-04 14:07:43,2018-06-04 14:31:33,2018-06-08 17:38:00,2018-06-09 14:18:44,2018-06-20,a0abb7f69fe8a74c825715120087360b,2018-06-04
0008288aa423d2a3f00fcb17cd7d8719,2355af7c75e7c98b43a87b2a7f210dc5,delivered,2018-02-13 22:10:21,2018-02-15 03:55:52,2018-02-20 18:23:28,2018-02-26 13:55:22,2018-03-06,9e4159995424971423b98c4a8bc11529,2018-02-13
2a1c4654d546835fd2e3abee7f9e9761,4eed7d60861c8cacf8c11e5fa8ef1eed,delivered,2017-07-19 22:35:35,2017-07-19 22:45:15,2017-07-26 11:07:52,2017-08-04 20:40:26,2017-08-25,267ace46dd6ea3316ec18a2cbd2b81ad,2017-07-19
4de5fd2214f866d3b08daaad2a23a43b,56aaadf044875a37e12aa5344823d7fb,delivered,2018-02-05 15:45:21,2018-02-05 15:56:10,2018-02-06 17:38:37,2018-03-07 14:23:11,2018-03-09,907c54251308d171c9fd2458bdb10b23,2018-02-05
d93ed72dc9abec13f2ad4ae2e531fada,9be67965f67f19522cda601a9a3719b1,delivered,2018-07-02 00:04:53,2018-07-03 00:10:45,2018-07-03 17:14:00,2018-07-06 11:28:41,2018-07-20,c3086306842a35505c0d74c425b4dff0,2018-07-02
121766cf55ce1689e216b6d3c4e95c72,c3a998f9bf142fb0f745c8a7ada028f2,delivered,2017-11-24 15:15:42,2017-11-24 17:54:16,2017-11-28 21:06:59,2017-11-30 15:10:52,2017-12-11,f17842fa45e45818de36b5862c93cac9,2017-11-24
9611397da79fc7abde6547d329ba3f33,908a17859ff430ff83afea6380f4b635,delivered,2017-03-14 16:21:55,2017-03-14 16:21:55,2017-03-15 10:33:19,2017-04-04 15:37:46,2017-04-18,7acfb833cd8ba1d316b560898fe0616d,2017-03-14
4d4533e0d6931b2344cf5711561dd7fd,366aad4c0b88295f86ab74493e9dbfd6,delivered,2018-07-31 16:27:16,2018-07-31 17:30:57,2018-08-01 16:06:00,2018-08-09 14:28:50,2018-09-13,6e1ed5dfd98249d9b1a4a00736ee2d77,2018-07-31
a0d3f54307b8ea12232f5036ed0346ce,3c61d153a0c28055d1a1b539c70108d0,delivered,2017-06-18 21:32:41,2017-06-19 21:25:16,2017-06-20 09:03:04,2017-06-26 15:16:57,2017-07-11,67466b5877fad6f2279c1fb634c9aa5c,2017-06-18
9588842b04b68104582a11aced293fa2,0accb2f17fab605eca8245890843e1c1,delivered,2018-06-26 14:13:45,2018-06-26 14:34:06,2018-06-26 15:00:00,2018-07-06 00:25:54,2018-07-31,5a66e36a847a98dae73468778263cf81,2018-06-26
5d0862ad3516f31d71f9f212647e0c31,9a13b939d0808694d9acb1e92b764049,delivered,2018-05-06 12:50:01,2018-05-06 13:09:58,2018-05-07 12:15:00,2018-05-22 16:03:40,2018-06-06,24cf0fe4be1f257c7579376ccbdedb6d,2018-05-06
ade8acb24d7c09d93b8d4e9837309c05,4914885c2995408d33b78e8f8298566e,delivered,2017-07-06 19:44:56,2017-07-06 19:55:23,2017-07-10 20:13:52,2017-07-13 14:00:43,2017-07-26,4841d5835d0ab4894f2b0a0ac60aa49a,2017-07-06
3bb82ee5c8d4849ec722da99ba1bf228,fb01511a81dd51acff26ddbe5c376174,canceled,2017-11-23 13:33:14,2017-11-24 03:11:47,,,2017-12-13,77b2f97e30729a10a7cec65ed12352af,2017-11-23
e87543e4e7ef577c892735018fb134a8,2dbe31925b309a88d8d2de51d094bc24,delivered,2017-07-30 02:24:53,2017-07-30 02:43:21,2017-07-31 22:52:05,2017-08-04 18:19:04,2017-08-22,887f86da5cbf4b135d0143f292e7527c,2017-07-30
32d56cb1bbbd589167889e0c84057efe,ea11381089b8cdd67ac634b8e91546ac,delivered,2017-11-24 14:41:34,2017-11-24 16:52:56,2017-11-30 13:07:28,2017-12-09 15:54:00,2017-12-14,68a80bb224b1b590042b8ded2dcbb9e2,2017-11-24
c124ca6c2e3c84647f8694c95abec68b,a17a4a79ff6a1a16306857dfbaeb21b0,delivered,2018-02-19 15:51:25,2018-02-21 07:15:36,2018-02-22 00:22:25,2018-04-13 15:52:04,2018-03-16,c389fa8784be2fac4d502884b4aaa9ba,2018-02-19
6df6e5a717575661689cad7b3828358a,3c63f8d42f00bdfbe5186b07386e73e0,delivered,2018-06-20 11:18:54,2018-06-21 04:36:20,2018-06-21 14:19:00,2018-06-29 15:26:29,2018-08-03,ae924b4b0cdeb28a1f7831921e5b9d74,2018-06-20
92e67541116c67957bc7f645536ca512,9dbb9441b35de00b391c94ca365dd088,delivered,2017-12-18 13:33:27,2017-12-18 14:55:27,2017-12-20 14:10:26,2017-12-21 18:44:20,2018-01-05,de57ad8af11f398241e77360903e232d,2017-12-18
d17168fed59b987a3b0f2b7d2be18ca4,4d1f20af0db6b237f80717b8008fdac3,delivered,2017-03-17 04:13:12,2017-03-17 04:13:12,2017-03-24 11:10:16,2017-04-03 18:14:01,2017-04-18,99cfada8f793fb578a83c9cf3c00829f,2017-03-17
b33ba27bcc778a34f2d46f4138302b14,4a9fe8175225354e0514f52d8f97c608,delivered,2018-03-22 16:59:33,2018-03-22 17:10:22,2018-03-26 20:32:11,2018-03-29 17:10:46,2018-04-23,1c98969880c8c7c522bc4677dfce9384,2018-03-22
a97a20383c7664aca72d666d1858be2a,4b9791411c5518591201a6e666a1162b,delivered,2018-08-06 14:43:21,2018-08-06 14:50:22,2018-08-07 14:53:00,2018-08-15 16:38:25,2018-08-17,91d1f07e8f445d5c017f90a0047b07c5,2018-08-06
4ad21bf3605a58ee53dacbad7ddae5b0,14cbf4389f8a8d726a69e3779b11b6fc,delivered,2018-03-06 15:43:14,2018-03-06 15:55:35,2018-03-12 14:36:52,2018-04-26 19:37:26,2018-03-28,a2db61f32d27b4b8ff414cce86d146c3,2018-03-06
c1827c984118c0142ad335addea61924,6c0118619d9e5a86188863d9933fd7ad,delivered,2017-05-29 17:41:38,2017-05-29 17:55:13,2017-05-30 13:02:14,2017-05-31 17:57:53,2017-06-09,ffd44de1326179fff550dae07c6884c2,2017-05-29
e9d4e2e8fa496212d4d5d79d0b7863ba,f1a2a2f1b88f9571052233cc0764ab9f,delivered,2017-06-10 22:07:50,2017-06-10 22:22:33,2017-06-12 16:19:39,2017-06-19 20:44:01,2017-07-05,0cebf5b4fd5ffdd47aa06d8798b9527c,2017-06-10
e147ca8da0685dd93cd1c619d1b776ac,473e95fa97e4514de9a2fe364bf4680f,delivered,2017-05-01 13:58:02,2017-05-01 14:05:15,2017-05-02 14:23:22,2017-05-17 08:53:51,2017-05-25,ee301c76bd2b939da9740c6f5eb280c6,2017-05-01
d46c64a5be9edab90a1d813f1ac69974,c7c245875ef8835fef4201a63210db72,delivered,2018-05-01 13:31:51,2018-05-01 13:55:14,2018-05-04 13:42:00,2018-05-10 16:32:08,2018-05-25,20c7303802e9ebbd023b23be8db5128c,2018-05-01
176ab7788ed5343b09c9c5442f613614,b80adce6a72fc096b80a540312a24a95,delivered,2017-05-29 23:18:24,2017-05-29 23:30:17,2017-05-31 08:29:46,2017-06-19 20:09:36,2017-07-03,8728c766c84eeda24b3e54fe6e632051,2017-05-29
b9a466084b46a9b6c6bbbfc102a6aa56,67f66b930ac10b87ed830918f36a4804,delivered,2018-06-21 14:48:47,2018-06-21 15:17:31,2018-06-22 18:42:00,2018-07-03 20:56:43,2018-07-04,0ad1d79346c3b98b517348ecbbadfbc6,2018-06-21
f4454801db3daa7590e69cb94356174b,9ac98c144bf795926337a72f09227eca,delivered,2017-04-12 16:18:54,2017-04-12 16:30:15,2017-04-13 14:16:14,2017-05-02 15:11:24,2017-05-10,f4cd14c56f2d37697ebc45d7507f0c49,2017-04-12
6b87abf6bcb0f682e0cc2809d921a778,6e9fe7caffbb72105af42923e0eba617,invoiced,2017-11-18 16:03:40,2017-11-18 16:15:29,,,2017-12-08,d9ecdaa6df22397c2509da5732257b3a,2017-11-18
341279a01a590f7c1f08a7ba841d2161,b8f9f31975e15da84f4e5242ff8a9fbf,delivered,2018-05-06 15:28:11,2018-05-06 15:50:30,2018-05-07 15:28:00,2018-05-15 20:28:25,2018-05-30,c10c5cecff4ef28c11b8267b413e5b87,2018-05-06
53bc636566661ad70a488148ed95ec74,9356bf993586056659593d478d8e3e51,delivered,2018-01-04 23:32:00,2018-01-04 23:38:35,2018-01-05 22:24:20,2018-01-10 17:07:22,2018-02-08,b0b890d233fd4c2512b3d3cfca0b60e1,2018-01-04
ed92e8596b1e39671065510a4f5b0920,f37a14140ac3a8efbb4d2eab6585edb7,delivered,2018-02-20 10:45:22,2018-02-20 11:50:38,2018-03-07 19:58:53,2018-03-15 21:21:45,2018-03-14,3e43e6105506432c953e165fb2acf44c,2018-02-20
ca225bf209f73268f4b3fcacf6d4b02e,31d752df31b1b2f7436f8304ce00f38b,delivered,2017-10-19 07:57:23,2017-10-19 08:14:13,2017-10-19 18:23:54,2017-11-20 22:11:44,2017-11-27,2494b8c0b6502d6b278fa4263521a4b9,2017-10-19
8db2fc638531a7cfacb4b905716ab6b7,6f22ea7756f7da98045431aef6258c01,delivered,2018-07-29 13:47:28,2018-07-29 14:04:33,2018-07-30 13:48:00,2018-08-02 17:34:56,2018-08-08,e0638834d2c0d03fa75399a674b41f1b,2018-07-29
f081055ae08592af281a00c00547b689,545578257a7364d3f3e14f3ff67e7d5e,delivered,2017-06-25 07:38:32,2017-06-25 07:50:12,2017-06-26 16:32:45,2017-07-06 13:59:24,2017-07-27,a49e9aa9cadfd5d2bcb334d5e3d9c421,2017-06-25
5225e054c102b5a1d35f4741e8d6c718,ff8f73eac7282a36535b5deef7360ae2,delivered,2018-04-19 01:26:50,2018-04-19 01:51:46,2018-04-19 20:24:49,2018-05-08 22:15:36,2018-05-21,18170ac5a96bb8e48812cf402598b1df,2018-04-19
63523ca4619b9bf3e69631ca6a273e4f,79c37f22a1a04079311e56fd75bdc47f,delivered,2018-06-03 16:52:26,2018-06-03 17:10:47,2018-06-04 14:14:00,2018-06-19 16:03:58,2018-07-17,f9315af231753f4f088d7f7b4f38d625,2018-06-03
34eb48efa7e9b176505b9e6797f25a42,48056f086b5be2b2a1c6d64bcb1821ec,delivered,2018-08-02 22:42:49,2018-08-03 08:15:18,2018-08-15 14:10:00,2018-08-23 15:49:10,2018-08-24,e75777ab515d2750cdc5124052a0dfee,2018-08-02
d1ccdaa4ae7486e10616fe4956e7512f,79abc68702e3d0f4c1a2c717ebb8f08b,delivered,2017-10-08 22:32:49,2017-10-08 22:49:14,2017-10-09 15:52:01,2017-10-19 18:52:02,2017-11-17,c3e2a2dc43446940b84168b34ad60f47,2017-10-08
55128b961e747e4f1cab023552fddfa0,52994c30c7cb9d776463cacaef4c028b,delivered,2017-11-24 10:57:09,2017-11-26 10:53:29,2017-11-28 18:04:34,2017-12-05 22:41:48,2017-12-14,d262a1a1abd12ead162803a7a3b00a2c,2017-11-24
2c0032906c603dcc21cd954828fa77d0,4afea82f984caa99c5946b758f101abd,canceled,2018-02-06 13:44:50,2018-02-06 15:55:40,2018-02-16 20:35:24,,2018-03-12,f04fb267036654af73a83e7c4d3414ce,2018-02-06
464a1b1092ddca5bd47cac2e7a0fa2ee,5008e2a68fe081931e75f999bc1e5a71,delivered,2017-06-06 18:08:32,2017-06-06 18:25:20,2017-06-07 11:23:03,2017-06-19 10:09:45,2017-06-30,9e9fab3b858740656ed2e9bb96f6a922,2017-06-06
e93b6da343b631fcee3f53e6182d96d8,7ed1c718dc71aae97088d02d4a739096,delivered,2017-06-19 16:31:52,2017-06-19 16:45:20,2017-06-22 14:56:50,2017-07-04 16:56:26,2017-07-19,15c475271415d78d135bfdf0af20f64b,2017-06-19
ddcc0f4f6de9d30500e9e39e2127046d,3db0c6eafbcffcb0396fd03367e7d40b,delivered,2018-07-01 11:19:16,2018-07-01 11:30:26,2018-07-03 05:58:00,2018-07-12 20:04:18,2018-07-30,f38d0276d058555b0406a8d5a384ad10,2018-07-01
20d69c16639be3f1e32de06430505970,98df3101937a591f561c473bccf61168,delivered,2018-05-06 00:15:18,2018-05-06 00:30:34,2018-05-08 15:26:00,2018-05-17 21:38:32,2018-05-29,935e66642fcb2baa8c1782a29570d905,2018-05-06
44a0eec1375288c11308ac7d16892f6f,8ff225b239f3603804f4ba37c225e2dc,delivered,2017-10-10 15:14:12,2017-10-10 15:49:21,2017-10-11 22:35:46,2017-10-16 22:33:29,2017-10-23,c2ebfbb42138943376b1e131a832ef13,2017-10-10
5608ac7a2d4918bf9d1d1ee11fd5dab3,62a53dcfca6c289c7c7f1639b09f75e6,delivered,2017-03-18 14:59:50,2017-03-18 14:59:50,2017-03-22 09:37:36,2017-03-27 15:23:36,2017-04-10,08f78e97e692731b926abf21053c8767,2017-03-18
639136e1c9d70479de8dfa922ad2cf85,d5d7f12b19b0b32a56d05d5976865d07,delivered,2018-01-13 15:50:09,2018-01-16 03:35:29,2018-01-22 22:43:08,2018-02-08 12:41:39,2018-02-08,371a0992bea52fb535168a131b980165,2018-01-13
af922ed57b4035c102a373ebdf34dbbb,7623e68f8fc6d03858171f8ee5d78ea3,delivered,2017-11-25 11:08:03,2017-11-28 03:20:58,2017-11-28 19:39:24,2017-11-29 23:36:24,2017-12-11,56a0870853f2644c202dcc24469e5e42,2017-11-25
48d0743a0fada1538932ea0879c7cc2d,01f96fafaa1d1e365ad47f54fba4c106,delivered,2018-01-12 00:18:55,2018-01-13 02:09:39,2018-01-25 15:32:42,2018-02-02 22:26:42,2018-03-05,5788b89c1d6ae5994dd642df916ef589,2018-01-12
4ad3c4a5d22d7d873f7fa8ba7ef86c9f,f3da27f81cb6cfca00032445c8e7a023,delivered,2017-02-13 19:31:49,2017-02-13 19:43:02,2017-02-21 14:37:55,2017-03-04 09:33:46,2017-03-24,b9cd58f842973d878208119b46ad9ae0,2017-02-13
84d1b2c4bcd6e1ea29456bedb6b6530b,59cc3f57e343e37c2f7bef644fe6256a,delivered,2018-07-23 11:36:19,2018-07-23 14:30:51,2018-07-26 13:39:00,2018-07-27 20:10:37,2018-08-02,0bf98cd828e618e57d08a819e7382b0e,2018-07-23
226e16e7eb6dcefe180d80127468de8b,1063de5cc98f570e53eccb32723746e2,delivered,2017-12-06 16:52:25,2017-12-06 17:13:09,2017-12-07 19:41:35,2017-12-28 21:48:58,2018-01-08,20ae7f5cb408302fe02d95d78c8d4f01,2017-12-06
0cd10c551ff0a0d5c0e5839bfb766219,56efca4fe3df70756383cee8ed1eb77f,delivered,2017-04-16 21:48:46,2017-04-16 22:01:54,2017-04-17 10:44:08,2017-05-22 15:16:02,2017-05-22,6d61f106540c6246b7dcc8d74301442f,2017-04-16
d9051ab12fdf0e2a51a56872d74e91d2,d0fbdcf740e3fed9ef3386ba948f0a1d,delivered,2017-04-25 20:11:09,2017-04-26 09:32:53,2017-04-26 21:46:45,2017-05-02 22:39:36,2017-05-16,2b57f35005e0ecfc6250ae932c4aac95,2017-04-25
9cf87e3ae70cd0293f458ffa3e531edb,9ba2e6e771a5ff811ebbba993f2b9f6c,delivered,2017-12-09 00:28:01,2017-12-09 00:36:26,2017-12-12 22:21:37,2017-12-21 22:13:05,2018-01-15,b2ada5b61763fda254a03d056da806d8,2017-12-09
e7db8e72d33cbb4d2898d27b0310c124,e9788089e15b55ddf13b113625bee049,delivered,2018-05-14 12:05:22,2018-05-14 12:39:45,2018-05-21 16:38:00,2018-05-23 20:04:19,2018-06-04,1979f6ce9ea4120e26ffec8b5d463a43,2018-05-14
d9d03f41e88939132de73e791e11face,85917e8f0e7c1df21b19111dbe27bcfb,delivered,2017-12-16 19:52:20,2017-12-16 20:13:12,2017-12-18 17:39:36,2018-01-03 21:15:13,2018-01-22,acd77d97e99239dee13c53ab52bdcdc7,2017-12-16
6fdf3a3b43dc38614dd0a089582edad0,28791c94579a4d9701f4c05e6c5f87de,delivered,2017-08-02 10:38:47,2017-08-02 10:50:33,2017-08-03 18:59:54,2017-08-15 19:39:30,2017-09-06,9622a5e690173e69309e964cdec06605,2017-08-02
604e352bcd3bb9d8932aebf18bc2891d,dc1d2a3775e7594df178743d90b21085,delivered,2017-11-24 19:50:20,2017-11-24 22:59:37,2017-11-28 20:08:06,2018-01-08 22:26:35,2017-12-14,0a7f4477a26a4158e5a459ef3b0a95f2,2017-11-24
195305c593eb46e44d1b40e9fc9b99bb,5ab696699d0dd980f653aa7ff7f4242a,delivered,2018-01-14 20:48:36,2018-01-16 03:34:49,2018-01-19 15:25:35,2018-01-24 20:46:38,2018-02-06,33efb0e16539401859f72fc62bfdadbb,2018-01-14
e43a94e0ef58ee8b2507c9176c7581d1,531c41b42011d927b9633c2453916289,delivered,2017-08-18 13:12:10,2017-08-19 02:15:59,2017-08-21 21:29:58,2017-09-01 16:26:33,2017-09-14,8f891a5f40cb72bf5fabda4997b4a625,2017-08-18
b1321fb5bfd83cdb2ee746991c919284,e2cae284d5ec8553a7c4448791bc12c0,delivered,2018-05-18 06:47:11,2018-05-18 07:16:29,2018-05-21 08:42:00,2018-05-23 21:26:57,2018-06-01,6f5c52ea47e32b73958b0ac0f3c34e88,2018-05-18
2890d3fdedd4ebbfddbff344d0c11ac6,94539db12c46bcec8a87e6a805fe9c64,delivered,2018-02-05 17:26:27,2018-02-05 17:49:57,2018-02-06 21:07:48,2018-02-19 23:59:16,2018-03-01,ec908f88f9697370ac0892fc38531188,2018-02-05
f9d9904f1f957c0fd0bf82dc3568936b,91694ff681d33e1a57cbb4bc22f3342e,delivered,2018-04-30 13:40:10,2018-05-01 05:13:57,2018-05-02 14:27:00,2018-05-28 19:22:19,2018-06-05,0d7241c7fb49c1be6e75c9fe99e0822c,2018-04-30
0a8e3f635501e67cdbd29e6ae3bda9ba,1fd4a332e216fd1e99eb42d6f6d49084,delivered,2018-03-12 14:18:38,2018-03-12 15:01:09,2018-03-13 18:21:38,2018-03-21 20:12:15,2018-04-12,10a99cf69bda51b0311212059b8acb51,2018-03-12
00af53fdc2002f5b6a8f16db648e003b,b1517b4078772e718a46e03f9ea9321f,delivered,2017-06-20 15:00:00,2017-06-20 15:15:17,2017-06-23 12:15:50,2017-07-03 14:59:32,2017-07-10,7062c39f1843312ff40c29838e4a8960,2017-06-20
b13a04ec39b8bcf8de9bd5626347937b,dad85e29ed30f2fc07cda5b61dc598e2,delivered,2018-07-25 23:58:25,2018-07-26 23:55:17,2018-07-30 14:01:00,2018-08-03 00:12:00,2018-08-10,31771f8f793e3bbe3122fc1eba2b92f8,2018-07-25
0912c75b2f7561be5da7aee13e0150a2,7801e6f89ef28e7c965f135c0f6164c6,delivered,2017-09-15 13:29:16,2017-09-15 13:44:12,2017-09-15 20:45:02,2017-09-18 16:43:41,2017-09-27,422cb1ad7cd6c711962191e2592e2498,2017-09-15
938d0d5452caf9c7ded66459c9440bcf,3dc736f9d972f528c1e5ac71b95ea81f,delivered,2018-03-04 17:35:02,2018-03-04 17:50:25,2018-03-07 20:08:02,2018-03-16 22:42:08,2018-03-22,be9e6e6f1721ce6deb64f726ca1b215b,2018-03-04
2bf01051ff9e5195111fd7ffaf865240,bfcde53e4fc9b102273906be1a94f9fd,delivered,2018-07-23 08:36:36,2018-07-25 02:35:11,2018-07-25 12:28:00,2018-07-28 20:24:31,2018-08-13,6d78a5a0d52c0259e73fb97d61205e54,2018-07-23
43f1e09fdc2d9408219725438e09622f,2019141aafc9ca97502315c6c732652c,delivered,2017-08-13 12:18:00,2017-08-15 03:45:29,2017-08-17 20:43:27,2017-08-18 19:22:14,2017-08-25,8dd1689761a9f210261983e971da7885,2017-08-13
36d66e5aaee3603567da9352fb165017,e9bb27853a5057de3a8e946aaf6d0e7a,delivered,2017-12-11 06:17:04,2017-12-11 06:32:54,2017-12-11 17:02:56,2017-12-18 23:34:49,2018-01-12,29c839031b46d4b0d8b3a4d29402259f,2017-12-11
62e138c8749daff0e0074cd937a0886d,0b00e3566d4632a86df327b4b9f4fc28,delivered,2018-03-11 19:24:28,2018-03-11 19:35:49,2018-03-13 16:47:28,2018-03-19 18:46:35,2018-03-22,1c3ea778384d2a4723e2dd575b6275eb,2018-03-11
7a597d514c0c2d8a5c87e7ba10da41a4,dcfe8ea93ffd6becca5b0ab2aa6d2f45,delivered,2017-03-27 09:54:08,2017-03-27 10:05:16,2017-03-27 15:54:24,2017-04-03 15:00:02,2017-04-19,372616126bf495adf6f4352ec019e11e,2017-03-27
622db91c93396e938ca004d8303dba6c,65d4984642f5c0ef4e7747e71578fdb8,delivered,2018-07-08 16:16:48,2018-07-08 16:30:30,2018-07-10 13:58:00,2018-07-11 19:06:58,2018-07-19,e5876c7ff7543332a7bd435e1cd90cfe,2018-07-08
118ec9ddef528c64a545169b898e7699,7002324a84090313fb63b8d372fca9a6,delivered,2017-07-04 18:51:25,2017-07-05 19:23:13,2017-07-06 15:41:24,2017-07-12 17:04:06,2017-07-28,2844216d0982f6ced6f8cb8c2ede4136,2017-07-04
87ef789179736a942af20c37ae5f53a8,1197cb588d4f4fe1169b633a1d525ee6,delivered,2017-11-24 23:18:14,2017-11-26 23:14:28,2017-11-28 22:54:21,2017-12-11 15:15:24,2017-12-26,8e78f2e8305481c8b0f285670de4829b,2017-11-24
7c6ec62853ed4bfdf8a5fbb484643a53,19cd87311be087cf0a583fa886e4cb48,delivered,2017-09-15 13:47:43,2017-09-15 13:55:23,2017-09-18 20:54:33,2017-09-25 14:28:25,2017-10-03,19d7a8b361daf6fbddc1bf7f878b0f43,2017-09-15
91eb85a4fdcbd07896c81aeae1bd73c9,af2fe4a8ee5dd8b18572cd2af86b6775,delivered,2018-03-06 20:26:15,2018-03-06 20:35:28,2018-03-12 23:14:45,2018-03-20 17:07:52,2018-03-29,db7c87154a7ee02be7a9e9a0f10ca761,2018-03-06
3a7763a8b66b496ef5253606f9a09110,a315cd43cd43a1eb3c0f4d21d65f6628,delivered,2018-07-15 15:23:29,2018-07-15 15:43:57,2018-07-20 13:41:00,2018-07-31 21:47:29,2018-08-16,d3b0732fcd6b002c3ad8364802840125,2018-07-15
99ad7a7b313b87dfd41521dc1f70b657,a53de69a0d2c8024d91d0605c9cc32fe,delivered,2018-01-13 19:32:45,2018-01-16 03:51:16,2018-01-16 23:31:51,2018-01-29 17:22:49,2018-02-14,98a8081d6f922b47f0b48d0b10665047,2018-01-13
677d63db4ed19c9c72226586219f5932,8abb33c08bdc30fb47a63c25da22395d,delivered,2018-08-08 17:58:36,2018-08-08 18:15:25,2018-08-13 09:24:00,2018-08-16 14:04:51,2018-08-28,f7e93297cff51baa2ac298bb2d1983f4,2018-08-08
df49de84ab3bc9177615784feba35c12,5b40ee158c068bf21a34d6d5103e2e1d,delivered,2017-10-20 17:13:33,2017-10-20 17:28:19,2017-10-23 17:41:33,2017-11-08 22:03:13,2017-11-16,61a8a6014566d1435d1860b7c9d06a49,2017-10-20
51a6c901712ba9639464fa07a52b4fa2,3a96280db571ee2cd795421518e3fe66,delivered,2018-07-26 13:30:49,2018-07-26 14:05:59,2018-07-26 15:40:00,2018-07-27 20:42:17,2018-08-03,438075c81d9754683acd493b24660f76,2018-07-26
d4a3bd4ef8590f7923183b70e32326d8,2e4c61c8412f1c8b55f781b21f780eb6,delivered,2017-03-28 11:37:31,2017-03-30 02:05:11,2017-04-04 13:54:39,2017-04-10 09:05:28,2017-04-17,483759d955a08e8e52f6a9084bcd057d,2017-03-28
b37e66984bc386101154f129feee1830,beb3b8c698621119108ad626f35185a6,delivered,2017-12-22 21:05:10,2017-12-22 21:12:31,2017-12-28 18:53:45,2018-01-08 16:29:12,2018-01-12,c37e5573f98c168d23361a9d00b8c7a0,2017-12-22
9c189719238fa8362d800885b2b784ad,70ec9d1425dd3e76bde43d38ca160b44,delivered,2018-05-02 22:01:49,2018-05-02 22:35:02,2018-05-03 12:26:00,2018-05-09 11:32:32,2018-05-28,0e2ebf3818aa6ae17e3a4732ffb61881,2018-05-02
a3cb58e90cf80632c56dc079eb734dcf,43b9948328d8612fc90f4101fd2487db,delivered,2018-01-19 16:34:44,2018-01-19 16:59:51,2018-01-23 13:18:56,2018-01-30 22:46:40,2018-02-15,f8ef0008c25d6e0617e92e98c497d2ef,2018-01-19
e05c5dd39353fdd625c7896938767124,4c0be602a250af7593855a59896dffd4,delivered,2017-04-28 18:29:29,2017-04-28 18:43:11,2017-05-03 09:52:50,2017-05-12 15:08:52,2017-06-02,6ee4074b0724daf14e0139782d157a27,2017-04-28
cd239f71675e9f51850ea7da61cc3e6d,c845713d8afe69acf1d0cbd266002a61,delivered,2018-06-16 13:42:48,2018-06-16 13:59:40,2018-06-18 13:51:00,2018-06-25 17:18:49,2018-07-18,53be1842ffad4f91d5989d098d64411e,2018-06-16
3777fdee1e90e53636623e02ecccc4ba,c3e6e65c01103f03018dee6e9ba6b914,delivered,2018-07-08 02:34:52,2018-07-08 02:45:29,2018-07-10 13:59:00,2018-07-11 14:38:36,2018-07-19,9b0a8d4d85148a415f5d25d4ff385e42,2018-07-08
6a29f292d5b7ce8ed3760e8480da5f55,f01b83934eef46cde6b154916592bb15,delivered,2018-08-16 18:45:12,2018-08-17 18:49:53,2018-08-21 14:20:00,2018-08-28 10:05:22,2018-09-06,7b3379048177f789400a420d2d6231b7,2018-08-16
d04eab35da4dc8a5fbab6771c0a8b517,ad7c1f0f24e5bd4681a7646641714f81,delivered,2017-03-19 19:08:57,2017-03-19 19:08:57,2017-03-20 13:14:27,2017-03-27 13:23:09,2017-04-13,132c2e3265b78ffb86797263845c7e0d,2017-03-19
db8f0ba38db1ec3fb5eccef40cad82a7,61c2616d4993655c24b0ff0a7d400fd6,delivered,2017-08-05 13:38:08,2017-08-06 13:45:14,2017-08-09 15:12:44,2017-08-11 20:28:48,2017-08-25,8a9e587e6ea266da537886552c815d9d,2017-08-05
438a2e6f8c015ee413fa7c74b72db18c,d78f0bb6190a233536ac5258b79d6d80,delivered,2017-09-22 11:12:47,2017-09-22 11:35:26,2017-09-22 20:24:37,2017-10-02 18:58:43,2017-10-20,e6d384b796a94c1e47b25c06dcd48e2e,2017-09-22
b7e435738b0ea12306ffc33a2896a57f,07f6fb547bb1a375e6aa04a39a87bf2c,delivered,2017-06-27 11:42:48,2017-06-28 02:45:25,2017-06-28 13:07:39,2017-07-05 15:26:52,2017-07-19,ac2e90c33f62c6d3c5be825779c3736c,2017-06-27
13b1842c7e0b9a22f8787450f137e66e,f051af5319b6968fe90ae56977a50904,delivered,2018-02-15 14:20:42,2018-02-15 15:00:28,2018-02-16 22:13:44,2018-03-14 17:26:36,2018-03-12,333a50f1b0313ee2d9430b2003bce15d,2018-02-15
d83ba33f7128e7d87dd7709a58cd0a2e,13d59c6ead53d39448b8b13ea1d2b122,delivered,2017-11-04 11:31:59,2017-11-04 11:45:51,2017-11-09 16:09:41,2017-11-13 20:09:37,2017-11-24,fe5eca6512b89e5786961fa1e8b8fcac,2017-11-04
4671913802b0033db963ffec94dc5bbe,2fbb1dc09b82bb0a01e11533cc9fd1c3,delivered,2017-12-22 00:08:04,2017-12-22 00:30:30,2017-12-22 17:53:39,2018-01-29 11:52:01,2018-01-24,c123dd2ba483725b18ea404a6a986dd3,2017-12-22
67f2c83aa137c06c89e1dc2a057d0140,4bd68cbab903de02b182d59b5ddedcff,delivered,2017-11-07 22:34:43,2017-11-07 22:50:35,2017-11-08 19:46:24,2017-11-14 18:21:36,2017-12-07,97105788859fa6c28dc251030970e14a,2017-11-07
a48d1847b9de39cb523844ada267fc24,f0faa07436479fef2e7adad085956bfa,delivered,2018-05-15 12:35:30,2018-05-15 12:54:41,2018-05-15 13:33:00,2018-05-21 21:04:10,2018-06-04,9ea4cd3819443c9b23090f8eb0fb3a47,2018-05-15
d743f434cc2921729af830ce00d474b3,407136bd5649e73981dce394b201897d,delivered,2016-10-06 13:02:32,2016-10-06 16:00:00,2016-10-15 12:24:13,2016-10-24 18:13:49,2016-11-30,b4e9fd0c998da3801378993e637076b9,2016-10-06
2b17fef707bc0247c11ec3eb00298daa,4d28e68a0eb49542446298648e3b0307,delivered,2018-04-03 19:22:05,2018-04-03 19:35:15,2018-04-04 20:21:56,2018-04-30 21:47:29,2018-05-10,59da9804c501aee997342f0b838ef948,2018-04-03
161dded9453a3c4d5b6fd484128249a3,90452d352349254ec634a77c0730f087,delivered,2018-07-25 16:21:06,2018-07-26 09:04:38,2018-07-26 12:03:00,2018-08-08 00:17:52,2018-08-31,56e9ccb289fa7230f6d823d9799a3b91,2018-07-25
2d30cd6616e35533e19dddc672fe00e1,4878b01beae3a3c771921b367ce4c239,delivered,2017-02-26 23:08:40,2017-02-26 23:21:53,2017-03-01 15:51:29,2017-03-08 20:45:54,2017-03-20,3c17b68f50d3026d0c07ea68326a544d,2017-02-26
b4144d953b8c6d7162a57684476ef5d1,0f5d054e91fc747b50ee9569bad52911,delivered,2017-06-20 09:06:23,2017-06-20 09:23:44,2017-06-21 10:30:39,2017-06-28 15:19:51,2017-07-14,7b529c96aa061f9fb0d656d94fee9467,2017-06-20
837cd2125d69712e32915f1617ff6922,ec43d3442220076afca1be446fea1eca,delivered,2017-09-13 20:11:28,2017-09-13 20:25:09,2017-09-14 18:55:47,2017-09-15 21:32:52,2017-09-25,c205d8648c8e2452e4346662685db9fa,2017-09-13
b9c7e6ae0060bbf1898ea61f765ca121,fc7dbe1ba57ec488749cf677f3530fa6,delivered,2017-07-02 21:18:48,2017-07-02 21:30:16,2017-07-04 16:12:10,2017-07-07 19:17:49,2017-07-21,c61434bd5dfc10c2881bb5ecb8602d6f,2017-07-02
30b2ad103e6982881929c367f930ab29,3e7a71c05142242bac01cc51841abb3b,delivered,2018-08-09 12:16:52,2018-08-09 16:05:18,2018-08-10 12:55:00,2018-08-14 02:36:43,2018-09-06,942c87794610b49b670506def94b8f17,2018-08-09
3395f0e2fca688abae0a09d15ff5ca75,50cca41b3dd8f549a48fdf0dde78a032,delivered,2018-03-06 10:52:31,2018-03-06 11:15:33,2018-03-06 22:16:28,2018-04-10 00:47:50,2018-04-06,ed53e48977c0cc951ad4dc9f51efe45e,2018-03-06
e9bde689f1c05f781a5601e6a9fe7e9f,3f0196c366d5b397e737549151e9a73b,delivered,2017-03-23 12:53:02,2017-03-24 02:44:03,2017-03-24 14:28:08,2017-03-29 18:08:36,2017-04-11,2c9e3453c7b69bbe07b549b410348b07,2017-03-23
f6d2c5eb0b39fd69a64eb7c65a15ea2e,4da9032129660a890e3cd348e2c6fa6e,delivered,2018-06-13 11:25:49,2018-06-13 12:32:19,2018-06-14 14:30:00,2018-06-18 21:18:41,2018-07-12,7dbf2dc911cb542d6dd10876adbff5a3,2018-06-13
13b18839db628ad38aab7490078a213e,701b88b76d7f6a5aaad9ad02617f0a4c,delivered,2017-12-03 16:35:01,2017-12-03 16:53:41,2017-12-07 17:43:44,2017-12-18 19:48:34,2017-12-28,c222b56910a115778e5177a98a3e028e,2017-12-03
ebe034eebbc469b11fd6836b190dc42a,c203a97308ffc93619d4ad4b704f2702,delivered,2017-09-19 10:50:18,2017-09-19 11:15:19,2017-09-19 17:26:19,2017-09-21 17:33:57,2017-10-05,b453ad9af843c28e54b9e54d4433a398,2017-09-19
19cb995d1cf31c1a9c3d00b9f9e7e5e3,e866e56b8955149995c343f2253bd328,delivered,2018-07-01 23:09:43,2018-07-01 23:29:53,2018-07-03 16:04:00,2018-07-11 01:32:55,2018-07-20,854653f952d2f4226c01355a42daa1ea,2018-07-01
8b31141d6a9f3bb71baa36281157a9a8,99ef70ecdfc7f7d28ea4c3538df4e84b,delivered,2018-01-05 13:47:50,2018-01-05 13:58:24,2018-01-05 21:33:59,2018-01-10 22:21:00,2018-01-30,f576e51994e6d8f3a81d99d9ede79795,2018-01-05
9170186c3e28b22507dbc91c0da211ef,9e375ead403424ba7ac54ae2e953851d,delivered,2018-07-18 17:51:09,2018-07-18 18:05:16,2018-07-19 13:52:00,2018-07-24 00:05:08,2018-07-27,29ed3e9fd2303bb4f9c56841184481c3,2018-07-18
c0bac39bc73eb88d7fe4e9d378d0b64d,d7db2b55963af1f991a5eadf582b2595,delivered,2017-12-17 23:41:21,2017-12-18 00:51:29,2017-12-18 19:57:18,2018-01-10 22:29:26,2018-01-23,786c7b9dfd6dff5c802b170d3859c33b,2017-12-17
4f4648dfa78caa119b66bd224242c826,fd14516347b4ee22f391dace093d2edb,delivered,2018-07-01 21:10:05,2018-07-01 21:29:48,2018-07-03 05:13:00,2018-07-11 18:48:30,2018-07-27,c6597f8f0518e4c2cb1508b6774209ab,2018-07-01
bb0d79335145208b9dc833ad7edb99fd,898b7b4688e2cbeb852cc0f920a5e7d9,delivered,2017-07-03 10:26:22,2017-07-04 03:45:29,2017-07-04 14:45:26,2017-07-10 19:11:49,2017-07-25,f6a60bb10ed8a46ea1d002545eb6813d,2017-07-03
7c24ba395c0e8eedbf5458052dc2bba3,973a095ac6445800bef55d1c7f07494d,delivered,2017-07-27 12:51:57,2017-07-27 13:05:17,2017-07-27 18:51:54,2017-07-28 16:02:43,2017-08-09,d13111df6b6a02eda2907cf8e34c78ae,2017-07-27
3470f42b0d1926ac00e22576799ba066,803250646f6d79eabbcc05a8887b06e7,delivered,2017-08-30 10:56:22,2017-08-30 11:10:15,2017-08-30 21:16:18,2017-09-08 17:33:00,2017-09-21,56b088f218c6c02cd6e86bb9814271cb,2017-08-30
d1e95c31279e7136834ea9d9e84e2fc0,a3972de18e54ad11c4986cbe71d499cf,delivered,2017-11-05 18:19:24,2017-11-07 07:30:48,2017-11-07 18:36:56,2017-11-23 21:51:29,2017-12-01,82c0bc25523807a4246382561020ca5b,2017-11-05
9e9fa777a621d6cf7611de7eb6a4df00,dc1f0b6f740db58beb6598d5c4e9941e,delivered,2018-01-08 17:06:10,2018-01-08 17:18:31,2018-01-09 18:29:50,2018-01-26 20:51:46,2018-02-01,f5347b2d978837f32a38856d022e0528,2018-01-08
74cd3a4e24efd2638854071049e97031,51ce1b48f52541bc75e18964cff67eab,delivered,2018-06-15 23:12:45,2018-06-15 23:39:17,2018-06-21 09:58:00,2018-06-27 00:14:32,2018-08-02,885c1b1f34dae9a43a790c1846708233,2018-06-15
df27ac36ffce8f04eece07bc9c3fbe29,86839fd785a7f76763768b5ff37c2c99,delivered,2018-03-31 18:11:06,2018-03-31 18:27:12,2018-04-02 22:58:51,2018-04-04 17:36:45,2018-04-18,a04006eee030495d48fa20075025caea,2018-03-31
015dd4d6681d1d15c0afebef64a0a092,9092217b4f4aa4cd1dcf5f196ccfd617,delivered,2017-11-07 21:29:02,2017-11-07 21:52:25,2017-11-08 21:24:48,2017-11-09 18:12:26,2017-11-21,1b49bd8407444b8155fc943866a0e645,2017-11-07
00f1c7c1542f5f86c3091749d9e939d8,ac99113c54549df0dffec419b6cb19a4,delivered,2017-12-15 23:25:04,2017-12-19 09:51:42,2017-12-20 20:28:48,2017-12-26 18:14:27,2018-01-15,d567f29ec5fa447c99e949f337f3a35c,2017-12-15
2942d9a01a44f073aeff5f1a68e8761e,09fcda7c9853505b4e80801a1dccb90c,delivered,2018-03-29 10:05:18,2018-03-29 10:27:49,2018-04-09 23:23:28,2018-05-22 12:59:03,2018-04-30,e7d3203514e1896867c3aaf771bca72f,2018-03-29
c3305fed995a73b166f39c89a3a5bd6b,a042b81fe11690a504f2c622d3e5a3eb,delivered,2018-07-06 13:46:45,2018-07-06 14:11:07,2018-07-09 15:57:00,2018-07-11 20:12:35,2018-08-02,2235f5c085f8b43a75763c06648feabb,2018-07-06
0d8c1bd2c188fdd39a427dbdfab75396,fd046687d5e089be621de9d1965e7ead,delivered,2017-05-30 21:11:54,2017-06-01 04:05:20,2017-06-02 15:43:32,2017-06-13 13:26:20,2017-06-22,27a846eae515192b9c7c37ee36d51404,2017-05-30
a1c10d4db407a2410fab2bb47c013f23,eec1d4932b6a3ccf5df8af6e5dff6dab,delivered,2018-01-05 11:39:55,2018-01-05 11:51:31,2018-01-08 10:48:01,2018-01-24 23:44:19,2018-02-05,94e73b46bbd2ba1dfe3c7455d6d6eafa,2018-01-05
c496970811b313659dbbcfd57ffd1b42,bd7e4adf6e77f5253a23a8b3290b19eb,delivered,2018-02-11 19:31:44,2018-02-11 19:50:25,2018-02-14 22:58:44,2018-03-14 00:46:43,2018-03-08,57bec49bc6a112c32e7ce4ee4b77181a,2018-02-11
e6fdd5628869deef14230ee582a7a4c0,cc30c4d31f388b357fe459a4f8c58139,delivered,2017-04-16 13:51:42,2017-04-16 14:01:40,2017-04-17 15:44:01,2017-05-02 15:34:55,2017-05-22,fa0839a038c42ecbda3b89e150743a76,2017-04-16
5bb2ac7aebe3947d94881867c1bb4056,f7092f992a8e74e9599d32afb7aa2e06,delivered,2018-02-06 10:25:21,2018-02-08 07:35:40,2018-02-14 10:56:56,2018-03-01 17:22:33,2018-03-12,b6f1b0da826195841bd1db96070c48be,2018-02-06
55d56409f0dbe0e3681f5a486ae0cce1,45d40275f2be030c1ea7198a16a53e67,delivered,2018-04-16 16:54:21,2018-04-16 18:15:37,2018-04-17 21:42:40,2018-04-24 20:44:49,2018-05-17,3ce1fa9f478cac95922954b388345677,2018-04-16
3454a64b94a71420a518187d8f96b47d,6ba7779e884648eb9bb1ed9dbc7787da,delivered,2018-04-17 11:14:47,2018-04-17 12:15:35,2018-04-18 21:04:40,2018-04-20 13:42:49,2018-05-02,f3f6ffb6fd41fcebd1b408ce8e3aae5f,2018-04-17
b37a5129b6b810de3ce444dfd468800a,d4b35441f4b18203f538be1b63075774,delivered,2017-11-13 11:05:06,2017-11-13 11:15:39,2017-11-17 23:29:50,2017-11-23 18:56:46,2017-12-08,d861c5da837f7690246c774804ad0808,2017-11-13
d8da851ab137ba5e72352b665d2ea6e8,cba7ef1db31a62fea445eea562f921ee,delivered,2018-05-21 23:50:13,2018-05-22 03:15:27,2018-05-23 12:55:00,2018-05-24 20:31:49,2018-05-29,2e39ad1c1c235e2128c551b1ae4646dd,2018-05-21
e93690500bf371825b01507b94cf8326,85a8dc5070c4854a76d63086a1bf6792,delivered,2017-11-26 23:06:02,2017-11-28 03:46:29,2017-11-28 15:41:42,2017-12-12 20:07:14,2017-12-26,f222a7a5005a91b2182e744212f85d93,2017-11-26
ec073f2bd759729986c0da65f688ddc8,35b1b59124f9309cc311d0e040cb90a4,delivered,2018-02-19 19:16:21,2018-02-19 20:15:31,2018-02-20 21:13:55,2018-03-02 18:07:19,2018-03-14,584c47de6af46ce6f3b2e2391eaeddb4,2018-02-19
36496983bcef05ef8cf855bbcf5d23ab,cbb8cc5d78799d889be9031df33c30dd,delivered,2018-03-09 11:28:21,2018-03-10 03:48:47,2018-03-13 19:34:36,2018-03-26 19:44:42,2018-04-04,bc6271c06a7fa4c5ca0fd45aef315602,2018-03-09
969d4417af042f4e8bb879f49e51b447,82fca30ab6707639ce97436fbcf1b15e,delivered,2017-05-18 08:40:01,2017-05-18 08:50:14,2017-05-18 13:20:19,2017-05-25 12:23:26,2017-06-07,e63d5df8a0afa912236598e1d605eede,2017-05-18
fd2af1836362513c249c7ae85941141f,5443a1b6298d7e4608e7bb7f9220102f,delivered,2018-02-17 23:43:05,2018-02-17 23:50:31,2018-02-19 23:39:14,2018-03-03 12:36:55,2018-03-19,62ddc4fac7716e758a1958c5244ecd7e,2018-02-17
c7e28ed999d9c8bb8768db0e1345ece1,38b28cb6f5148dac5132ae1c21451c6a,delivered,2018-04-01 22:22:53,2018-04-01 23:08:39,2018-04-03 02:26:50,2018-04-08 19:38:38,2018-04-25,a5f6c0f8f644129cb74e459880315057,2018-04-01
52ddc3eadd46c7e307948af912acc3ed,b5cf26837dd524ac1226c4bc309b26de,delivered,2018-04-14 14:59:46,2018-04-14 15:15:17,2018-04-16 18:08:30,2018-04-26 19:18:31,2018-05-22,305c453e84344a9c6203ed1e7140aae9,2018-04-14
5dec867c649c22f1fb46168c96488ba7,e7c17bd4072a0556af2d8fddcad5ab94,invoiced,2017-08-30 10:13:01,2017-09-01 02:24:47,,,2017-09-13,7a518e4ab83bcaab25c421aa01b36ed5,2017-08-30
418bb287b39de72ba4ec49a79fd47143,94fa4c3814c097aa78f9924520d65f3e,delivered,2017-11-20 14:47:46,2017-11-20 14:55:52,2017-11-22 14:07:26,2017-11-27 22:48:43,2017-12-14,b9053e8bbc78aee97a70efff0bede334,2017-11-20
71c62b09517904ad3d421858168363ac,358b317a8f7feecb0904e6cffb3b44dd,delivered,2018-02-08 11:40:49,2018-02-09 11:30:37,2018-02-09 23:48:47,2018-02-26 18:24:42,2018-03-16,853454b9beb25dd587ed988475513ba5,2018-02-08
2b870c394b01b5819a2df099f224b1cf,37f43a03235c538c8eff853b7101996a,delivered,2018-08-10 13:58:26,2018-08-10 14:15:13,2018-08-13 14:31:00,2018-08-23 11:58:41,2018-09-04,031aa5ac6d8d997b03e739c47752aac3,2018-08-10
4493e45e7ca1084efcd38ddebf174dda,a1fa003a1a17fc47164251e0e85034f7,delivered,2017-07-11 20:56:34,2017-07-13 02:55:24,2017-07-14 20:49:34,2017-08-14 21:37:08,2017-08-14,0f5f7242f02dd87b529106dff8504edd,2017-07-11
7892239c80bff3601c4d78e1e57e6a61,4dfa0728c93bdd9d14c0ac3d52a3fc97,shipped,2017-05-12 19:53:28,2017-05-12 20:05:10,2017-05-15 09:10:48,,2017-06-01,994047b4506a7bd1e81fe983a6288325,2017-05-12
ed71a9aee36ef0c221b57bde3a044f6c,fb00fcec2e41b08e44dac5629abfed29,delivered,2018-02-17 13:33:18,2018-02-17 13:46:38,2018-02-20 15:12:31,2018-03-05 20:56:43,2018-03-13,f0f8fdb82b298c54b772345315e19e49,2018-02-17
7eff82e591eb71184b50c3dfbfc7fd45,ca825b3898a4679cb0b6be754c778310,delivered,2018-04-25 07:16:14,2018-04-27 03:51:07,2018-05-03 19:06:00,2018-05-08 19:21:22,2018-05-04,3c869b0621b0a213fb50c0def095af25,2018-04-25
0a629239073738043764cd721c8ab2da,1e8e8e0bd7a6523848511a4f8359f8b5,delivered,2018-06-16 11:32:25,2018-06-16 12:00:19,2018-06-18 14:09:00,2018-06-22 01:12:36,2018-07-05,8630c135ea5945476842282f90d6de5d,2018-06-16
0bcc7fc2fefd4ebca3cdcf34288f9026,8923186c52dddf7148df8811d43c0fed,delivered,2017-11-26 00:47:01,2017-11-26 00:58:29,2017-12-04 22:07:58,2017-12-28 19:28:00,2017-12-15,3670def3112badda773d3f09d506a322,2017-11-26
4ce809baf1b96894592348ee63179754,1ee3f2411ad5097d580f5d8bbf3cd63f,delivered,2018-04-24 13:05:47,2018-04-24 17:23:08,2018-04-26 13:51:00,2018-05-05 13:51:45,2018-05-17,2d200dbe180dbd034616da1fced3e949,2018-04-24
1111ae8786d1dd62967c733d41fa4bb3,210370103d5af0d119b9871c0b4435db,delivered,2017-10-20 16:57:49,2017-10-21 03:07:39,2017-10-24 16:51:44,2017-10-27 16:12:41,2017-11-13,f5ad37694fec1bb0acb578cbd9ea73ce,2017-10-20
f53a7ea7fd8dd95811fd2035733baf9e,c02f2c46944ac7911ae65033aea15c86,processing,2017-06-17 22:46:24,2017-06-17 22:55:14,,,2017-07-14,4d9deef78d8ce98fac506b32b9021ce5,2017-06-17
5fd251a8f350fdd3985d81dcd0c2674b,9b1a48717126bdc8e50629b877339de6,delivered,2017-03-21 10:27:22,2017-03-21 10:27:22,2017-03-21 12:52:17,2017-03-29 09:16:50,2017-04-11,a1ba9f6d927c393a1fb3eb5b818b5ebd,2017-03-21
4b08bf2c9627241e09f00f6df0a4deb5,7fbb366983e4f58b78aa290785a1b9dc,delivered,2018-04-23 11:42:04,2018-04-24 19:04:32,2018-04-25 12:09:00,2018-05-04 00:47:32,2018-05-15,9af30f19b48ae6a6d6637aed620b995b,2018-04-23
968cb5ac821d8c165eb1bec7d47eede2,27cc322bb85700e18e5797045540d347,delivered,2018-05-15 21:18:57,2018-05-15 21:35:47,2018-05-16 10:45:00,2018-06-04 21:33:18,2018-06-11,8e4febd4468fd3dbfb6527e9982fb3b8,2018-05-15
b266a615d9ff23b8e03709df89329b1a,a3f879655651f95e2875ded95d2fa772,delivered,2018-05-16 12:04:37,2018-05-16 12:15:19,2018-05-16 14:43:00,2018-05-17 12:48:39,2018-06-05,fdb213bb68db1651b4aec4b85a098b53,2018-05-16
3ce7418ccb9af136b4937f069601ab2f,d19f5d4c827148a50249b4d6f0e8d368,delivered,2018-06-14 21:55:17,2018-06-14 22:16:30,2018-06-15 14:00:00,2018-07-03 16:07:59,2018-07-18,a6f2522a1e24360b462894684900be13,2018-06-14
4fc72988165ca65c53de230e436b1073,8276cb02ce893d6478b503ae76c4302b,delivered,2018-03-31 19:45:37,2018-03-31 19:55:20,2018-04-05 17:22:26,2018-04-07 15:15:46,2018-04-12,56c4c3ed81bb1875ab87a7538b87aaab,2018-03-31
c293b8a02fef81d298f358a9c52489bc,f59e6cca974ecbd5b68bc9301ab95fac,delivered,2018-04-12 15:28:54,2018-04-13 12:55:32,2018-04-20 21:42:47,2018-04-26 20:33:45,2018-05-07,d896a888d0a09ccbe2a1ed3e32a76578,2018-04-12
7e680cdc973a1bda4710a1fc19e990a7,dd972f6d2508a778dce6aa6f6c9b325a,delivered,2018-05-01 22:57:43,2018-05-01 23:12:30,2018-05-03 06:31:00,2018-05-24 12:13:03,2018-05-29,a4d0930cca1e47704dc6a35dc942efcb,2018-05-01
8d23184181b28b55b4c150dec4f0f010,7e31cd32eb35df97b975d4a33e21a349,delivered,2017-11-03 16:34:30,2017-11-04 16:45:37,2017-11-14 22:18:57,2017-12-01 21:48:55,2017-12-01,9b6a169c5966850bb9c65b838d468f98,2017-11-03
0a59027d2270c523a10d1c29e6c53a71,5e168bceb0efacd860ad767bb6f4e41a,delivered,2017-02-06 15:02:59,2017-02-06 15:10:20,2017-02-15 15:34:22,2017-02-21 17:13:59,2017-03-03,319b9cc9f7adaf36ce7835621c30248c,2017-02-06
76a095b03f5bf762b7cc1befb3e5badc,af34d61810503cb4dccfa3bb75ea0444,delivered,2018-02-26 20:35:44,2018-02-26 21:08:46,2018-02-27 23:56:58,2018-03-02 02:49:04,2018-03-12,db1677d58ff684b027e8ca55ff02f7fb,2018-02-26
00e6786fee8f476835c151a4d3fa9bf1,7920ebe0de6925c9b6a7900675231e7e,delivered,2018-03-10 01:01:15,2018-03-10 01:40:21,2018-03-13 18:31:53,2018-03-21 22:21:51,2018-04-05,e2a22025597e086617c35d90404f9b07,2018-03-10
c3fc89d773d2d00c4c1222bb9590ddb7,bc93ed706b83d0e2e6b32dbfa6fdd15e,delivered,2017-08-30 17:44:09,2017-08-30 17:55:18,2017-08-31 15:50:03,2017-09-04 21:29:47,2017-09-26,46c1baa293bee229fa7c3205135a357f,2017-08-30
9b6087eeb4053c31b372777c39078167,0da69026a9d5f0e55e88753b3685c662,delivered,2017-07-14 17:42:29,2017-07-14 17:50:16,2017-07-20 20:33:57,2017-07-26 19:41:43,2017-08-07,7c36ae9be7d420af7d15314e3f350604,2017-07-14
404d71e18721243380c994069a7f411a,a1e91b297d20335ee3a05686ce77cd75,delivered,2018-07-24 13:06:23,2018-07-24 13:44:29,2018-07-24 13:43:00,2018-07-26 20:41:13,2018-08-07,c8bd76376ff4b06c530b33aeb3639850,2018-07-24
7c83cd570176d1b7e42606920fd81d81,3e30a714244b6788f9fe5637911da9b2,delivered,2017-02-26 15:05:41,2017-02-26 15:21:51,2017-03-08 14:51:45,2017-03-13 10:04:00,2017-03-22,df025c7a7a38c96f62ca9e718eff51ce,2017-02-26
7fe520f927ec29c7534186d68a55a475,452708c34fce18a8d8f8708ea6bf5433,delivered,2018-03-28 21:51:17,2018-03-28 22:07:45,2018-03-29 23:03:31,2018-04-18 00:06:39,2018-04-19,0a316fed4fb824d081522c9d86b408cc,2018-03-28
676e56b18ff6a72033c922409a9d3a02,150ef1b6b2d3073c20d4e0b9118e7986,delivered,2018-07-06 13:12:59,2018-07-06 13:31:15,2018-07-13 13:38:00,2018-07-23 22:49:22,2018-08-01,5b53a63514dcd1cfed131a137fb67fdd,2018-07-06
b0abfb398741998a8e47cc773b5e0edb,ea2b2f7e718f4cf14d2d4138fbe3784a,delivered,2018-08-28 11:26:02,2018-08-28 11:35:20,2018-08-29 14:32:00,2018-08-30 18:39:49,2018-09-03,951e43ac800150729e3a81fd88e64503,2018-08-28
0026a368634b6e6f34f33b1499773a30,66b8528f2144c6cf919795323c4d43fb,delivered,2017-10-27 21:10:26,2017-10-27 21:26:45,2017-11-03 20:59:39,2017-11-07 21:58:51,2017-12-01,2ecb0fc377050ca3b001d3a199e951ec,2017-10-27
a4257577d2432792f269e787bac8fb46,202c9d7463dc1e5460299754c4d04876,delivered,2017-11-17 19:40:59,2017-11-18 02:15:27,2017-11-21 13:18:38,2017-11-23 13:06:48,2017-11-30,59a99fb2cc91dbb28120f5053b92cecc,2017-11-17
e9655c24b98a0537159be37210489b4c,042194e0fc30991db79f049e26ee8098,delivered,2017-06-27 10:49:16,2017-06-27 11:10:37,2017-06-28 11:46:47,2017-07-05 14:45:32,2017-07-19,682b2263d6de32c677a03dbf8a14da9a,2017-06-27
38087366c0a89663a80cea26cc8c0aba,3fe6154e3a7e93e6daba6bf9854aca7a,delivered,2018-06-28 14:18:52,2018-06-29 02:55:15,2018-06-29 12:50:00,2018-07-04 17:28:30,2018-07-18,cf2c9ff6ae4eebe3a21b152f21cdd3e3,2018-06-28
e73a44dc71cb3d6dd54b77f318a96b39,cbed58dd8debcf99b6cc64c35063ad7f,delivered,2018-05-30 12:06:23,2018-05-30 12:17:21,2018-06-04 15:44:00,2018-06-11 16:22:07,2018-07-03,84410ad07e78177b871bb6eab223499d,2018-05-30
1b99f13e8fda59c0a43efdbe69e16c8c,05860a17b17441a53e85b2c0e2daf737,delivered,2017-08-31 07:05:18,2017-08-31 07:15:19,2017-08-31 17:34:28,2017-09-13 22:29:53,2017-10-04,7c6524bb8db0dc8e7a4d3bb8029dc321,2017-08-31
41c630ee48ab0c4b79ef8f74daabfb5d,76b26b37ecb096d5cd7da0fd4fcb00b1,delivered,2018-05-31 01:09:18,2018-05-31 01:35:23,2018-06-01 08:41:00,2018-06-14 21:20:26,2018-07-16,fcda87e1dc5846100de823cca25f8dd2,2018-05-31
15a87de4d6c4996cbee619479ddfe71e,5ab0cf98530afe73920c05b432a8311a,delivered,2018-03-09 23:00:38,2018-03-09 23:10:32,2018-03-13 00:24:36,2018-03-20 17:33:04,2018-04-02,cc8df0bacd74eef703f761bf52a32606,2018-03-09
fe991211acd078df41a8c85aceadfb66,d75c87c0d73d2c58a72b8ae383404540,delivered,2017-04-17 13:52:21,2017-04-17 14:02:00,2017-04-20 09:33:13,2017-04-28 11:26:09,2017-05-10,9a5639a814c1f7643bf1b6ce8249586a,2017-04-17
b9f50d8e5298bbe57002cb91320c720c,a5e822dad4c511a353a952476cf85e73,delivered,2017-08-13 17:34:45,2017-08-15 03:45:40,2017-08-15 19:02:57,2017-08-21 20:20:00,2017-09-05,512fb1458489ea660743fb8d6e1449e1,2017-08-13
f3d8b3063ee284e7e64c8f7c41b39188,a2f16bafcd14b94804e21b4aca5de7f3,delivered,2018-07-12 13:21:16,2018-07-13 02:35:11,2018-07-13 14:49:00,2018-07-14 19:51:53,2018-07-20,f415aa225a848d2d7584f69f5030bf31,2018-07-12
f1a82d00303b9e9a5863f0eb32ed07ac,90d791d06a3613f5232770d70dca4c63,delivered,2017-06-14 09:52:54,2017-06-14 10:10:07,2017-06-19 21:59:43,2017-06-26 15:44:48,2017-07-10,cfdf2eeb223da082e4be3c1259830470,2017-06-14
f6d1db3d720b07546464da938c033c6d,5b4c834c5586fe8c2601a60498575d77,delivered,2017-12-07 15:59:04,2017-12-07 16:11:53,2017-12-12 03:03:47,2017-12-13 15:43:51,2017-12-26,f25e3bab885e682a8c73321a133d392f,2017-12-07
907424cd045f2dcb775507e367f9ab60,fada838716d86242728e5f2c0d15f2b0,delivered,2018-08-07 16:08:48,2018-08-09 03:45:17,2018-08-13 15:00:00,2018-08-18 18:09:55,2018-08-10,236f1336a16f73113828df1b645db6b5,2018-08-07
b109cd82203e670b7963d9945099ca6b,9d1c9a836e9373a4fe1fffe53f734ec1,delivered,2018-04-12 10:25:50,2018-04-13 12:50:52,2018-04-16 13:38:28,2018-04-26 22:19:32,2018-05-03,2fae0c7ff15a0bf835172d53c0e4c748,2018-04-12
19e2f4888f56504ec0f7e0765c9e36dc,9c0e3045a57e330c4f5665cbdf7dae61,delivered,2017-10-28 18:16:38,2017-10-28 18:30:22,2017-10-31 14:00:04,2017-11-01 15:39:51,2017-11-10,bd3d1b2b49d28a288759bd3433ce950a,2017-10-28
248907ae8054cb8e93d5aa44857779b4,e57a1ac4317d4acd397f88cdb8b086aa,delivered,2017-12-17 05:25:12,2017-12-17 05:36:22,2017-12-19 23:34:32,2018-01-03 22:41:27,2018-01-17,f981f711c80dcdb9d13a23a2391aa088,2017-12-17
5224c869b15835b82c99f468205d4fb5,cf5303acd11028c4c8d482f68b9a0703,delivered,2018-03-22 18:55:27,2018-03-22 19:08:53,2018-03-23 23:03:08,2018-04-03 22:24:47,2018-04-13,beda663a9d968532aa862229cda9aef4,2018-03-22
9269ba26ae05fd992bfd357dc3c52e53,483379396e748579bc1fe3426dddfdcf,delivered,2017-11-10 01:04:50,2017-11-11 07:10:33,2017-11-16 14:51:27,2017-11-24 19:42:17,2017-12-14,0974adf9f5e4bc27539b96ef470112a7,2017-11-10
dfe73bed44023a1e7f4958fba7d7d6a3,a394478a3ac0de784c01180a376a5775,delivered,2017-11-03 12:40:31,2017-11-03 12:50:37,2017-11-07 14:46:45,2017-11-09 19:43:04,2017-11-23,6cddaef0ddfb5c32ab2553ccbf27e97c,2017-11-03
6ffa72f134f31770b0670971b48479a8,0fab394e37bc2ebe2a39114e86cac205,delivered,2017-04-10 20:29:29,2017-04-10 20:42:07,2017-04-12 07:58:38,2017-04-17 09:57:15,2017-05-03,65908c12daed8110dfe2545a543e36d8,2017-04-10
420dc2b2a634e9794318828836d98989,d2c2519d59d5f5b15709b2d7df1007e1,delivered,2018-04-13 11:30:55,2018-04-13 12:34:15,2018-04-13 21:16:50,2018-04-18 19:17:49,2018-05-10,ea34d473a7047c75989f3c36fdb9fd52,2018-04-13
7b34ff810a938027af0e0d4676dbee42,527ab9f4e18d3d5f24b5146bce26a745,delivered,2017-09-29 23:51:15,2017-09-30 00:07:15,2017-10-02 12:52:06,2017-10-05 19:51:20,2017-10-17,9733b0329e8f54f126a9548c03d719dc,2017-09-29
5a0e97d0e542a67558fb34daa8038b33,4f482d99f4056116c5c9fea55a63bc86,delivered,2017-06-13 19:58:18,2017-06-13 20:10:22,2017-06-16 15:58:07,2017-06-28 11:23:56,2017-07-06,ff9e11d25bd3a13105fbf416eee813c5,2017-06-13
64e5cb1dfa641be49d6baa62b8f41b9c,c65f8c2ae45d86473a324911183b9267,delivered,2018-01-22 15:56:22,2018-01-22 16:18:19,2018-01-23 20:43:19,2018-01-30 22:48:40,2018-02-20,6efb7dc38e85a310c7e72b291d947fcf,2018-01-22
cfbebe9f938f6c99a3c27648bc0d3112,9ba4157d56af8ab6689700a8d7c242e1,delivered,2017-12-03 11:03:05,2017-12-03 12:11:57,2017-12-04 18:25:08,2017-12-11 19:32:47,2017-12-27,99f61b9e74beda8340887ae720a862c2,2017-12-03
a799d21b017742b6c8cac13998fd6ee2,79844317129f35eb854adc7b9ef9ce39,delivered,2018-02-02 17:04:58,2018-02-06 04:32:10,2018-02-06 18:28:45,2018-02-22 23:26:55,2018-02-20,d3e4f70d38154442d9e43739d4f9fa65,2018-02-02
96ad9be0316145857baf1f238b12e42c,a6a0e6b3107ef49975c1b1871402dd03,delivered,2018-07-09 17:32:43,2018-07-09 17:45:21,2018-07-10 17:10:00,2018-07-12 16:03:02,2018-07-18,f3d5654cb89e56326568c1a4868ded0f,2018-07-09
b092f855f854296456449a63d86e1766,e4553eecb382ed27e953fba29092a0c7,delivered,2018-02-23 21:28:02,2018-02-24 16:10:29,2018-02-27 21:05:58,2018-03-05 22:46:35,2018-03-21,00b21d737fc7f475c145ca292832385d,2018-02-23
bb3b63f8a09bf476fd524c44fb767a31,960f251d702793f91105c34c974387d3,delivered,2017-12-19 18:12:04,2017-12-20 06:56:44,2017-12-20 18:20:08,2017-12-28 14:42:04,2018-01-17,50cd97d731f3f5e3f321673c2671a23d,2017-12-19
a657f4281fa25af13388496f1075850d,f6fd9b592eb988dc6701679bd0e7f3c1,delivered,2018-08-06 17:46:41,2018-08-06 17:55:24,2018-08-07 14:53:00,2018-08-13 17:18:45,2018-08-15,075a5615f6bb67b7a4704a98e15d9c5c,2018-08-06
924101b6d0786a881d90fa1c8eeb6bf1,9b6a640327fc0ad4c655091057d3eaea,invoiced,2017-08-31 20:54:59,2017-08-31 21:15:24,,,2017-09-22,bdbb7443517408b4c0808565bbceb8a5,2017-08-31
54ba13fda17f8cf8f1f57095a2c7c026,59b1ec87fa0a8d2c630672eee38b8ce2,delivered,2018-02-03 13:07:28,2018-02-03 13:30:31,2018-02-06 22:16:42,2018-02-18 12:11:44,2018-03-08,de4ebdb29ae674d7576e5bdc19a0a828,2018-02-03
dab943af31668b8e5576d94c49852c8b,8ee6c863082a2a2bc1d57415047b0283,delivered,2018-04-05 18:04:51,2018-04-05 18:49:32,2018-04-09 15:26:22,2018-04-10 16:19:34,2018-04-20,59bdd2e2ec6a898fc5dd212ae3808f9d,2018-04-05
afd3ddd9caf7a0969cc51740136d4a4f,3e945bb5346cb9683dafc08ffbcfa629,delivered,2017-08-01 17:44:46,2017-08-01 18:03:47,2017-08-02 17:22:10,2017-08-14 23:11:10,2017-09-04,2c94b6ad42b46330347347a3c87dbd7c,2017-08-01
16691e34c4f0624880bacf33ccd1b9f9,4e2f276c57e614a45ddbd530f67ebfd8,delivered,2017-12-20 13:24:20,2017-12-20 14:00:33,2017-12-20 21:49:15,2018-01-05 19:19:59,2018-01-15,562b3bca5a8903b7451462b6e7aa6082,2017-12-20
1c4e3dcee9d5486d01d55a8db6d978d6,b509d0c40f4871e345106967a89a2d1d,delivered,2017-06-09 10:23:06,2017-06-09 10:36:53,2017-06-13 14:28:04,2017-06-23 11:49:19,2017-07-06,cfdbdca65a7f710f26d832b562afe30a,2017-06-09
c51ed3d77baf76974358a156521bbd16,bcc8786f4ffaaa491f2df9a1a089051a,delivered,2018-05-04 12:28:34,2018-05-04 12:51:56,2018-05-04 19:02:00,2018-05-07 18:44:28,2018-05-14,fb0e46dc6bf9064d27702ba51c66e8ae,2018-05-04
14ee9d8441fc68e3674444fb41597e05,4d90452e76c65ebcaaf03f036f60c95c,delivered,2018-07-24 10:50:34,2018-07-24 11:44:33,2018-07-25 14:27:00,2018-07-26 17:42:35,2018-08-01,aeb77c078b8f6eff2669b7a724687d18,2018-07-24
f269a04043c3f398ee0ab759b7af3678,a8aceff84201bd5628939e8ce54b6abb,delivered,2018-07-26 23:04:47,2018-07-26 23:24:23,2018-07-27 11:14:00,2018-08-02 01:04:49,2018-08-27,fd1bc29e30f5296d6240b20f66d4de75,2018-07-26
95d58200aba7137d350ed9a168c84421,494b947692488027345ce3669e0b8432,delivered,2018-06-24 17:20:32,2018-06-24 17:35:18,2018-06-25 13:15:00,2018-06-29 12:55:38,2018-07-17,4252b339d70bdd1a6153f88c00a61536,2018-06-24
251777a5426d33b7fd9f124cd2d18972,5f7e0f5b3114c2a393b18f1a136e13a1,delivered,2018-03-06 21:14:40,2018-03-07 21:10:33,2018-03-09 00:40:53,2018-03-21 00:57:26,2018-03-16,9cdc9ca1c83941c3383cd90db1033295,2018-03-06
4d348f6d947bef596a6e5e0d3212e8aa,c3d665a278af5874f95836cde559223c,delivered,2017-12-16 15:43:37,2017-12-16 15:55:23,2017-12-19 20:32:13,2018-01-27 14:47:23,2018-01-12,457ab5dfd477fe2ac53e051f07d4c0c8,2017-12-16
0e069a67e95068b8613f728bac35f6cc,bc829c278cd39a242d5e4622c143be36,delivered,2018-02-10 15:45:25,2018-02-10 15:55:30,2018-02-16 21:04:10,2018-03-01 01:16:53,2018-03-13,21e6ec6ccd68df56494e410d876122bc,2018-02-10
ed6bd5133891ca77ad3ade9726a6af7b,25580d3f08755af760b457ab95662c9f,delivered,2017-08-21 15:22:48,2017-08-23 02:56:02,2017-08-24 16:59:53,2017-09-04 20:15:53,2017-09-22,57567469bf8435628ff0670c81ec4ceb,2017-08-21
cf91dadab9111371ef3973e8febe8d3e,dc9e82627f0e62b0ea6e7dbfd3de003f,delivered,2018-07-13 14:28:26,2018-07-13 14:55:25,2018-07-16 14:54:00,2018-07-23 14:50:55,2018-08-15,f32ad8fd503a7697e3d1ad2b9d710e7a,2018-07-13
ca8ee1fce14344746b41f8e2d2c1f4bf,9edeb727de2970d9bda3186ff2300fa5,delivered,2018-03-30 14:48:28,2018-03-30 15:27:25,2018-04-02 20:56:40,2018-04-09 23:44:53,2018-04-19,35e8b4c2a64acb75f3bf063d82a8478b,2018-03-30
d0fb09b224a73a708cc1a7ceb7d60674,7f2e8f60b3007f5a4beac99cd9b5202d,delivered,2017-11-13 15:33:47,2017-11-13 15:47:25,2017-11-21 22:28:26,2017-11-29 04:48:26,2017-12-01,a93d650696fec6d9deeb0d34fc61e6b0,2017-11-13
4e53579c0738eca6994241ff0b474dec,f11c865f25bdb3bee3e83d0d2737ece1,delivered,2017-05-09 14:38:00,2017-05-09 14:50:21,2017-05-12 14:07:36,2017-05-15 17:04:41,2017-05-17,355ae139c8a163fb77c065a2d1403ed9,2017-05-09
8a15d9098e2b9a4a791e07691801bd9f,07226545d056696fc5946dab0f0f2a7c,delivered,2017-02-02 13:32:21,2017-02-02 13:41:34,2017-02-06 17:04:29,2017-02-08 15:32:48,2017-03-01,be503af00c47c568e3fffd9b2344b5c6,2017-02-02
91fbd38c414f6f3a3450d7e5aa6e10fa,8c6f3db79370e5d22eefe15c91ae37ca,delivered,2017-10-19 17:02:53,2017-10-20 05:34:36,2017-10-20 21:07:08,2017-10-23 17:27:11,2017-10-31,f8daef44c2589a488bfed29f1be8396a,2017-10-19
a72f2738ee0c50d7e89e75917198da45,90c875b4f66a15b579d50846f909fecd,delivered,2018-03-14 17:22:41,2018-03-14 18:01:50,2018-03-15 18:10:39,2018-04-16 21:09:08,2018-04-17,ddd7a82fb327b7a2800ded350c951143,2018-03-14
2a80be7c365bb224ec513f04f13c9f29,3b3b2bf51ea4fc2d70b62f4ef77861e1,delivered,2017-02-26 11:21:11,2017-02-26 11:30:17,2017-03-01 11:06:03,2017-03-03 11:37:07,2017-03-20,a9c952403649834b97dc1421b0723f0a,2017-02-26
2b5454df04ed163e553e31b7cf96f6fa,4e03d85afc199ec250c37de13770e6e3,delivered,2017-11-25 13:40:48,2017-11-25 13:52:23,2017-11-29 23:09:28,2017-12-08 17:58:37,2017-12-28,e69340971b7bea3722a7941457554fbd,2017-11-25
d62dadb35b5c5a30e81cebbc34427545,8cef613493d957b0074f562c03ab53ae,delivered,2017-08-06 21:17:06,2017-08-06 21:30:22,2017-08-08 20:18:22,2017-08-23 16:11:05,2017-09-11,107a6e9af3fd6f928fdf4efee9302277,2017-08-06
58279d6e5966be96c8768b58f9a6f983,da98878435e1b9d2e4682576dd42ef9d,delivered,2017-11-15 19:47:04,2017-11-15 19:55:53,2017-12-07 18:51:39,2017-12-16 15:48:52,2017-12-11,e6e5fa3fb733ae81af75780250520907,2017-11-15
314e4546a237e634908a80f2cebdf0fc,643d8b19a93dbb1b79aaf13c9b0b351c,delivered,2018-06-04 17:21:08,2018-06-04 17:32:47,2018-06-06 15:43:00,2018-06-21 19:04:33,2018-07-19,2317da828e198cfb93c09d3593437fef,2018-06-04
04492e6b1fcee5317506f927e0e89eb2,96c4cf1e729b33d09be90caab495d1fe,delivered,2018-07-17 01:02:33,2018-07-17 01:15:13,2018-07-17 17:32:00,2018-07-23 17:12:20,2018-07-31,31d332d20895c5c0baefe55207a0fead,2018-07-17
15fe6ce03db9c275b01461f4f9f18ba8,5f5e5f703b20ca0e4de06fe72e231178,delivered,2018-07-26 13:14:40,2018-07-27 02:10:59,2018-07-27 14:24:00,2018-08-02 21:32:57,2018-08-14,ac66801a88ed2ab3440df7d0e6edfa7c,2018-07-26
0152f10d04554388634b75f079f069fc,f211421de204488bd0f9beaeba60f04f,delivered,2017-09-17 09:58:40,2017-09-17 10:10:22,2017-09-18 19:47:36,2017-09-22 21:25:55,2017-10-04,83c09d2636754fee9e24a68c6abb16e7,2017-09-17
9d4369173adc91c56c54ebba6712e732,1ae2023a3f741aedfe78ad5171f0d2bb,unavailable,2017-11-18 11:07:50,2017-11-18 11:27:34,,,2017-12-07,83ac142fba83cba762be98df60e676e2,2017-11-18
8ee5542735cc8b0ec6ef0829ee501ca7,abb44240bac59983fc8b2dcb425b190f,delivered,2018-04-22 17:11:10,2018-04-24 18:05:18,2018-04-24 22:48:54,2018-05-02 18:13:05,2018-05-18,a9216bc4083909ed942b4f6c497c7f27,2018-04-22
68cf62098cbe8d4ef838a1b3d63e74ea,93c859001a3199271096b3d30a592700,delivered,2017-06-27 16:29:22,2017-06-27 16:45:23,2017-06-29 15:21:52,2017-07-14 22:14:23,2017-07-27,cdb5f20e304d82b796a9f797569904e0,2017-06-27
a1b053243040fd2e535ffcd708f05c7f,2f5fe9b49239ed5ec7a8b034c0b6534e,delivered,2017-12-31 11:52:23,2018-01-03 04:17:28,2018-01-08 23:35:32,2018-01-10 21:33:27,2018-01-24,4ce3d417ad5d2484e8908d1c425895bd,2017-12-31
ebb8082fe1a85f69ce8b2f708d07a910,eacf8d981b61b119a75afa34a977b271,delivered,2017-05-22 12:06:06,2017-05-22 13:05:43,2017-05-24 09:34:22,2017-05-31 12:31:54,2017-06-13,5491dee0f317e6d8d4dc76ece4eeeb73,2017-05-22
01f04ef1bf8714247c5286afd8579353,4098ded78e423489732762e2b21180b7,delivered,2017-10-30 12:58:25,2017-10-30 13:10:54,2017-10-31 14:42:38,2017-11-08 21:52:47,2017-11-17,9c6380b646680dd3aa3af3f47799048c,2017-10-30
77fe12305bf8924a5cce7caf4bee2c4c,3e208a977722085fff72850c63c15f49,delivered,2017-05-22 23:38:44,2017-05-24 03:03:13,2017-05-24 12:31:46,2017-05-25 13:55:42,2017-06-02,21d3f0a4bf0cccf65dcfe93b8325d250,2017-05-22
ab463224aae0075d819f1a6a7d99e9ab,e6f0f3f195361a841b434de6d1e1103a,delivered,2018-07-25 13:02:52,2018-07-25 13:10:18,2018-07-26 13:16:00,2018-07-30 20:49:38,2018-08-08,c42e4b64a57931fdcad245a1ca004728,2018-07-25
eb6fa782d366bcf155b957687a9d602b,512c28b6935fc95195d225e41b58661c,delivered,2018-06-28 13:32:50,2018-06-28 13:50:42,2018-06-29 14:11:00,2018-07-05 16:55:24,2018-07-25,a26fff917d367b218a794da1eecba3fc,2018-06-28
28535142350a39b7645bf9afd946e1fd,379f37fa1aa34a8dd90316471798ad22,delivered,2017-10-02 19:16:07,2017-10-02 19:28:15,2017-10-04 10:14:10,2017-10-13 18:12:19,2017-10-31,41d323fe3b32d8b232c7b9e281e8f551,2017-10-02
466839bc7437c08a787345cd313ba3dd,eeb4e8c7ec332a97a5f407a634f69cdb,invoiced,2018-01-19 15:18:41,2018-01-19 16:06:32,,,2018-03-13,da4f111c2d1cbf0d1a861edac906e48f,2018-01-19
b64220d7a72e74c6736faa083586c7dd,75a3c1d35f4802ac7cc516e316823201,delivered,2017-05-26 23:15:45,2017-05-26 23:25:14,2017-06-02 11:13:19,2017-06-14 15:17:55,2017-06-29,b2f0a1896feb1208a49961fbe93a7d3b,2017-05-26
5bb7a11eb58ffba1a56c37d59dc1f1ec,21db802cd8191c5514054c036edd3ea2,delivered,2017-05-28 17:08:43,2017-05-30 04:50:23,2017-05-30 14:08:26,2017-06-08 14:47:39,2017-06-23,4d7ad8005bec85fd65dd21e38bccd48b,2017-05-28
72725ca3eb014b2d2878b4e03f8f80ed,8215609ee059d8fee1f6faafa0308041,delivered,2018-05-21 02:41:12,2018-05-21 11:15:24,2018-05-22 13:15:00,2018-06-07 19:21:04,2018-06-14,d49364593e77f9bacbb320e1ded9ebcc,2018-05-21
76174e4ebbe4b654f039d34d6e3d8a81,8c5d8ac145099d539f1019827052a582,delivered,2017-08-05 15:19:50,2017-08-05 15:30:27,2017-08-08 18:12:50,2017-08-24 21:47:38,2017-09-11,43294442ac7ceaf7baaa4e0a7c63647b,2017-08-05
b2cf020b24748745f3e8e4d06f9b988c,bd8365e615d4cb2efaa05b9975e88b7d,delivered,2018-01-06 12:15:29,2018-01-06 12:27:06,2018-01-09 00:07:57,2018-01-23 23:09:43,2018-02-05,1a82dfd584f91aa902dd9886e1ca86a4,2018-01-06
01da413c142606bf28e461e3a732f653,e7538f59822c6f1ce51b24280709bace,delivered,2017-08-24 11:20:58,2017-08-24 11:30:18,2017-08-24 16:48:27,2017-08-29 16:56:16,2017-09-14,ccfc0157698d4d0931d497d56547301f,2017-08-24
66dd11eed8eb0d72f0acf755122c4a13,b3e2215b0e94e6fa5c9905f4d4f96dc5,delivered,2017-07-18 11:17:24,2017-07-18 11:35:10,2017-07-19 18:05:12,2017-07-28 21:43:39,2017-08-21,9f6a13c93d886acbefe16ad39bbfb85c,2017-07-18
c4a32beb8b98613d7bb9766c41475901,666f5286f980c33c3129f745dacc1fb4,delivered,2018-04-16 16:32:08,2018-04-17 05:51:11,2018-04-17 20:38:53,2018-04-25 20:22:12,2018-05-15,f72c6460deee2a05cde9d4475a3d973e,2018-04-16
79e2efc862d7295d60da556fd5af4679,4ebaf8d03da1795f63c4ba7323d256c9,delivered,2018-05-08 23:04:32,2018-05-10 03:15:16,2018-05-11 13:36:00,2018-05-25 17:25:26,2018-05-29,241c757bc01fea5df1837170ca9aa510,2018-05-08
279b0128499fe319bfc49512b1612eb7,e58850376bff96218c65670a1747c41e,delivered,2017-10-21 15:41:41,2017-10-21 15:49:35,2017-10-23 19:09:28,2017-10-26 00:22:18,2017-11-14,ac98d6799e0f48b584c7aff57799b704,2017-10-21
bf8ddc7239b0b3f5f43b0da92b85837e,66a4949b286c198a1894aa79014469aa,delivered,2017-12-04 23:01:59,2017-12-05 10:30:42,2017-12-07 20:38:54,2017-12-13 01:07:38,2017-12-20,0bca8aada9a6e07bf544ae6e4e611131,2017-12-04
2a68046f85de5baaad9fec0db10875d5,c032fd9bea5634c13f2dc9382c84fd9a,delivered,2018-02-10 19:08:35,2018-02-10 19:28:10,2018-02-14 17:48:57,2018-02-22 21:04:48,2018-03-09,9fc43c595da28b6942b0f083edde2169,2018-02-10
9ddf2a1cb3163c05aa196a8e43336bfd,54fa4a1d6e9462d0c5b747c02794d734,delivered,2018-07-10 08:11:14,2018-07-10 08:45:16,2018-07-10 10:36:00,2018-07-20 20:18:22,2018-07-26,b49e4810bbf4e9b419706e2e3c0e2cc7,2018-07-10
1030ba5adfc9d3a5b6659ff4647081ab,a11c50e3975608fe4155f18a95e6e296,processing,2017-11-20 22:03:16,2017-11-21 22:11:19,,,2017-12-19,d8ccff1433fa7fb572c950021ab7e7fc,2017-11-20
e87c331d21a3fb3085079a9b32f4a56c,4bf97f85728e222d60123b493dec288b,delivered,2018-06-02 23:08:10,2018-06-02 23:15:13,2018-06-04 14:18:00,2018-06-18 13:13:49,2018-07-23,8dc76fe978df620b32ab5a6ac4791f4d,2018-06-02
58ce0052aa4738f6f2b744f50cf6e546,bfa626c2cb46016b3eb733aa6ac04c2e,delivered,2018-03-09 17:19:52,2018-03-10 04:08:40,2018-03-12 14:51:39,2018-03-27 18:36:52,2018-04-25,b7089d62580787ff265431ca5efbc924,2018-03-09
599b4f476f3590d89be00a727812d390,c5ceeddba5d4bb5ab641b4041f746bf5,delivered,2017-11-28 15:40:08,2017-11-28 16:03:01,2017-11-30 19:49:49,2017-12-16 09:32:11,2018-01-03,40730ca1af9742bd0bdbcef270ff4c76,2017-11-28
0807b732c1e7621078473cec87389c8d,3be2ef4ade2e034b28c37f8c996bee27,delivered,2018-04-18 09:36:08,2018-04-18 09:51:43,2018-04-19 18:06:43,2018-04-26 16:26:37,2018-05-14,9eba8f4de38af7ddac17c36ffc95ed6b,2018-04-18
1b6a788631ffacdc9cd90eef210a7e23,aefe27ce4b6b675bfb6f1c67265a86ab,delivered,2018-02-05 20:52:06,2018-02-06 05:31:43,2018-02-06 18:48:33,2018-02-19 22:39:05,2018-03-08,28624b82477288de79352773cb81a264,2018-02-05
1270910d921270ad6a35e504554c4068,610d52bf5b791544b45e2bbe6b9eaa7a,delivered,2018-08-06 21:30:19,2018-08-08 03:15:27,2018-08-13 08:41:00,2018-08-16 20:18:40,2018-08-22,9e7239922e75ab9bddd5474ba692ee34,2018-08-06
5d9fed50692e15841b14611047191454,36261edfef5761d0a29d8aba32ea7003,delivered,2017-12-02 23:22:55,2017-12-05 04:13:12,2017-12-05 20:43:30,2017-12-21 20:47:03,2018-01-04,b9adb501cd65cea5a23972f0e3a1872b,2017-12-02
30f1c325f7c1c138e27a82ba984ee5bc,30b5c881869a4f616fc0824e06f641de,delivered,2018-07-02 23:55:31,2018-07-05 16:09:29,2018-07-04 15:09:00,2018-07-11 18:31:46,2018-07-26,08294377d6f9c63ff1ff06aa9af2be89,2018-07-02
6be2387f026d43a5aafdf9fd969f5417,dcd774e3268b3f084ae31c3c1fdc2ecf,delivered,2017-05-01 22:55:06,2017-05-01 23:05:18,2017-05-10 12:28:32,2017-05-22 14:46:10,2017-05-23,87b36088f12da77d6c913b0615d98590,2017-05-01
d2233ae03525c5a589881557eee7640f,676b3b7cb2e9c7dc5d8d4cbf1aedae2a,delivered,2017-05-22 15:41:36,2017-05-22 15:55:24,2017-05-23 12:34:11,2017-05-29 15:41:54,2017-06-02,f7aad827a6ce574b9d35dfbc682fa27c,2017-05-22
ed03eb86a3fefd1113fbaece583c1e76,10d57f225d46ff1948448ef40c9035a1,delivered,2017-03-02 20:08:01,2017-03-02 20:22:17,2017-03-06 07:04:35,2017-03-09 10:37:56,2017-03-24,7e0b1026da415fe973d35bc368e00109,2017-03-02
03ea231452f07988edc699573fb971d7,34a2a828531db1ef9254ee073b8aa9d3,delivered,2017-04-12 22:03:12,2017-04-12 22:15:20,2017-04-17 09:45:23,2017-06-01 10:47:43,2017-05-04,6f40da67e9ca1ffe08bbbc2fb761e75a,2017-04-12
656e9f797d20f04e930e72b845c05437,46d7b804edb0be231995da55b71e311a,delivered,2018-08-13 12:39:10,2018-08-13 12:50:15,2018-08-14 11:47:00,2018-08-21 14:58:39,2018-09-06,02466bc47e3eaf9117b78765326d41e7,2018-08-13
3d366c0511565a8ddf3cbeaaba174193,18d668de92869e9c6bee7a74461e137b,delivered,2018-04-20 15:36:52,2018-04-24 18:05:15,2018-04-23 20:52:28,2018-04-27 14:15:00,2018-05-15,2043fa0594d35a6080c21314a98de680,2018-04-20
233c8509a65f222cf855765d0784b68f,5ce4fbb6db799ff205fbb1a825eb75f9,delivered,2017-02-08 21:44:19,2017-02-08 21:50:24,2017-02-13 11:44:09,2017-03-27 09:50:12,2017-03-15,529fff3447f42588f034c03e80740bf4,2017-02-08
f7fa76354d13355e87085b513838c3ca,7322788dff45d0d891c0c22c8a722852,delivered,2017-06-14 11:01:04,2017-06-14 11:10:15,2017-06-14 15:13:14,2017-06-26 20:19:40,2017-07-07,ede68e1ab64db3434e8e3ba7abb949d6,2017-06-14
dc789328f84b169a3e0e76cb74be3699,feae0a23516453acf26b416ec51be86c,delivered,2018-04-12 09:04:47,2018-04-12 09:15:21,2018-04-16 21:28:42,2018-04-25 20:22:43,2018-05-09,380444b18bff5028f5055fc3d9cd9e6b,2018-04-12
b67c30c269ecce5a92826b392f1749e5,e59ca2c57f6207c6b863097c70352115,delivered,2017-12-03 09:36:47,2017-12-03 09:52:50,2017-12-04 17:27:28,2017-12-12 18:04:06,2017-12-29,e25758dbbe91ea890d8cc16613f4afd2,2017-12-03
1ab44f7237928287806feb9f4fba7820,ccd6248d0cf681494da8a9e1b25ee893,delivered,2018-04-22 11:24:55,2018-04-25 03:30:48,2018-04-26 13:45:00,2018-05-25 17:32:31,2018-05-18,b8bf45dcf4388f8c09ddaf7d66762752,2018-04-22
8cdbd55df94da1bb52493cbe13cf8a80,78314b0f6f6a2ff1434410bb1572f0f8,delivered,2017-04-20 18:41:33,2017-04-20 18:55:20,2017-04-24 11:11:20,2017-05-12 12:39:58,2017-05-17,41f4ecc59fcdf26b0bedd8e576b49420,2017-04-20
61769896c818f7de2c326dfef69551a6,2e5e34f3721a8a8b891a9d0596c39650,delivered,2018-04-28 12:29:17,2018-04-28 12:53:16,2018-05-02 12:04:00,2018-05-03 18:07:48,2018-05-11,d8729aea335b92114bf0de987ab3b6ba,2018-04-28
67cfcef68eea9ea1ea9423cf240ed340,22848cff9355124d81c561b59890a345,delivered,2017-03-22 10:34:47,2017-03-22 10:34:47,2017-03-28 11:44:59,2017-04-03 17:33:18,2017-04-26,e7ba27eaa7692a165b91ba35a41da310,2017-03-22
f83c07d038cf7ce0132a5797f823e4fe,9747f14dc2360f54c41b7b64b93f635d,delivered,2017-11-04 14:02:54,2017-11-04 14:10:38,2017-11-09 17:53:20,2017-12-07 14:53:14,2017-12-07,2fc5e667ccf2a1c87a798be23f1c920a,2017-11-04
9fe28378e5a0c6b3f55ed7be6edf9ff4,15fb2f7d74eb50bf9a225a12250a54ae,delivered,2018-07-16 09:08:18,2018-07-17 04:31:15,2018-07-17 14:47:00,2018-07-25 16:12:43,2018-08-23,7d0983269f825d3112e5a64364b1258a,2018-07-16
c2fb804b4b295e3dbb9bbd7388946e32,916ab4403e7bdc0ff60082de49344e9f,delivered,2018-08-05 21:10:22,2018-08-05 21:24:25,2018-08-06 15:15:00,2018-08-14 22:03:53,2018-08-29,df6d8332575ae93b068a14b62a090e80,2018-08-05
2930a715e49bf6193fd54abfb9da0d7b,d0bc29359cccc4ebfb54a4116591d1b8,delivered,2017-04-25 09:11:57,2017-04-25 09:22:42,2017-04-25 10:38:57,2017-05-04 13:09:00,2017-05-12,7624088c15ca1bb59fb907603650066e,2017-04-25
d27a1b863a5393c76d910b9563093adc,5fb6c217fa89e61c033f8499bbad0140,delivered,2018-03-07 14:44:23,2018-03-07 15:09:58,2018-03-09 16:19:32,2018-03-14 23:37:32,2018-03-23,29f1f8a83a995827d778b042a1e16cb7,2018-03-07
96a781796867d8c028ea1eedbd672e17,87f276c7f8462e63399bb1a70ea0496f,delivered,2017-06-01 13:52:53,2017-06-01 14:05:23,2017-06-05 13:58:22,2017-06-06 14:25:10,2017-06-22,22f5499bc63c8ebcacf51cf02585eb37,2017-06-01
675c52d8dfa16aa7a3b12b6ad7466fbb,7d4b050bcbcbf1f4c538c28a4d45842b,delivered,2017-09-14 11:34:46,2017-09-14 11:50:20,2017-09-14 21:29:50,2017-09-26 19:48:40,2017-10-06,cc71356617ae08a686129c3923ba9ed3,2017-09-14
5f0d18fd02d895b6b8d05a96e97d74e7,4057f6e033d6192837a0a1201e59d3ff,delivered,2017-06-27 11:28:20,2017-06-27 12:05:24,2017-06-27 17:27:50,2017-06-28 15:49:50,2017-07-10,f892194755257a342ee246a22aceb957,2017-06-27
a011e51d26a0679675e2a26be4ffc46a,1ed3094516be211b127c0475d98a9075,delivered,2017-06-27 14:31:14,2017-06-28 10:35:13,2017-06-29 10:55:52,2017-07-05 14:43:47,2017-07-20,3ac54bb7d4446a2f6af5ab54a6ae3152,2017-06-27
593f849c29daaeee17ee32baa44795d6,72e4611b4b2a30b1f1b1ae1ffc56431b,delivered,2018-03-08 00:33:49,2018-03-08 01:08:41,2018-03-14 21:16:39,2018-04-04 11:42:37,2018-04-17,aaedf12224e003d5c349202461059c8b,2018-03-08
fe008cc13679ac6992b975115fe63cb5,55f0985ba53a063474c1257047821878,delivered,2018-06-27 21:50:05,2018-06-27 22:10:30,2018-06-28 08:12:00,2018-07-08 20:09:43,2018-07-27,521e82a43f447e62addb142d55239769,2018-06-27
baec3a3b7430496ffd8f990ec149f516,a96fed386e9f06ba19d204e1372d1ff6,delivered,2018-04-03 14:06:56,2018-04-04 03:29:38,2018-04-04 18:36:33,2018-04-05 19:51:36,2018-04-20,78e15ca647e6a9df57ec67da94a68d19,2018-04-03
c23b4e10db2f8a40ad2cdd62f0ea7066,563c5a6fccb510f26534e34cc177b87e,delivered,2017-12-11 14:48:45,2017-12-11 14:55:26,2017-12-15 20:14:11,2017-12-22 21:37:18,2018-01-08,60d2403e6d0b05d5213ae7d7d9b70080,2017-12-11
7b8d0a893743d55557532e35a0b73a31,ea7fb73adfd3143b75ff1080929c08cb,delivered,2018-04-25 22:00:57,2018-04-25 22:15:09,2018-04-27 13:52:00,2018-04-30 13:58:52,2018-05-10,c694ffd0ff6d172ecf34fcd4202c8693,2018-04-25
9f75129c51ff03123ac09719ab6fd2a7,e01eef36486c022771ec0797c59bfe9e,delivered,2017-12-10 21:01:32,2017-12-10 21:12:40,2017-12-11 17:14:51,2018-01-03 18:56:31,2018-01-15,0aedb13a3f89975660e42d0a8e47b6a1,2017-12-10
c3897336d5d3d5a54fd2203ee9483312,4f8f4d1895013d138194894a1c2905c0,delivered,2018-06-30 18:37:30,2018-06-30 19:50:05,2018-07-07 09:28:00,2018-07-23 22:58:30,2018-08-03,6af7483a320227ed5f3b20b5cea63269,2018-06-30
3edfecc4a611653ebb70ad242db1aa56,73013cc9fa18f10267f2221fff4a936d,delivered,2018-08-15 19:06:31,2018-08-15 19:23:52,2018-08-21 09:37:00,2018-08-28 15:06:53,2018-09-18,2119a2791dbe7153654dced771ce25e7,2018-08-15
9372445ddc10678e804717702a911665,1dcbfa08476cebf4fee1bc3d400389a9,delivered,2017-03-13 15:49:14,2017-03-13 15:49:14,2017-03-14 14:56:41,2017-03-21 08:53:37,2017-03-31,2b1f21575765fceae832e26bdba2bc16,2017-03-13
23a1c70ec5d4721643a10c305862583f,a98bb75dfc80635527ce69e0fcf0a259,delivered,2018-01-15 17:10:51,2018-01-16 03:34:49,2018-01-17 19:38:34,2018-01-26 15:48:54,2018-01-30,f27af018a63453798ee3bf74b6291dbe,2018-01-15
9de38c42ea4d33af19aac6c4d6c4b146,90a0c453124d8012f583f1bdbd77576f,delivered,2018-06-12 16:12:29,2018-06-12 16:51:18,2018-06-13 08:22:00,2018-06-19 11:47:24,2018-06-29,68215d6b5740453cc6029d69bd017f68,2018-06-12
29657e8789b3a8efaefcdf79a439baad,71baa4c4fbcdc5458ab21cff0b283fb5,delivered,2017-09-10 18:57:41,2017-09-10 19:05:32,2017-09-14 20:57:35,2017-09-24 14:43:30,2017-10-03,3d3c3a765dbc79acc71ff6c96543b1f7,2017-09-10
87165c6641d05fb32802b8c65dd40ea9,f8df2382fa1d0fd8c3b44994f3dc2ea3,delivered,2017-11-27 16:19:52,2017-11-27 16:39:24,2017-11-29 18:08:59,2017-12-14 23:18:33,2017-12-22,35f346b2ec0246ee642220c7095be5ba,2017-11-27
9fdfd76c6631b340c3b923669191ef8e,722a4377c1aeb96d9e49b887e383fe15,delivered,2018-05-23 23:20:09,2018-05-25 02:55:09,2018-06-04 13:45:00,2018-06-11 13:32:14,2018-06-25,2d5c05ebaf3ec3138f8ff37b8090bc8d,2018-05-23
31bc09fdbd701a7a4f9b55b5955b8687,106a2d44b8756af49c5c3299fb8001f1,delivered,2017-10-14 00:19:16,2017-10-15 01:14:32,2017-10-17 13:08:09,2017-10-21 14:42:01,2017-11-06,e7251a1cbeb7ba8093c9b1593005ca90,2017-10-14
6ac9d94329142fa9ed71e07690e9249c,d853299cbfd0f6f3b35dbd5e9f216db1,delivered,2017-05-27 11:12:18,2017-05-27 11:22:45,2017-05-29 10:01:46,2017-06-01 12:27:11,2017-06-19,98aeaefb12ce9005b620e393220906b1,2017-05-27
e681b9d741ce6a1913e86b6351105a55,f5d4222513466da6fe7d52a173a97b17,delivered,2018-07-21 19:47:08,2018-07-21 20:04:14,2018-08-06 14:17:00,2018-08-10 18:05:47,2018-08-24,8f0997f7fe24ce1f63d872a95bcfc358,2018-07-21
c427f6cd09c9ae0f09153ab8e8f55a53,8cf1fb406945ccc459ea681056123b03,delivered,2018-05-18 21:24:14,2018-05-18 21:37:52,2018-05-23 14:16:00,2018-05-25 16:38:27,2018-06-07,a04c7722cb3cfd6df3ad0bfd56519319,2018-05-18
a15be694d8267e907bfab3b785558e83,6018c265b567465b35ea089a4d05e8a5,invoiced,2017-11-16 19:15:06,2017-11-18 02:30:35,,,2017-11-29,bb2986e605022d14bb6361720a00b230,2017-11-16
e91f0371e8b0883c1d93f1e2ceb84e98,e12fab7f07a6fb6e3c01bcd2d6a12690,delivered,2018-02-15 18:42:59,2018-02-15 19:20:22,2018-02-16 17:52:02,2018-02-27 14:19:02,2018-03-09,1f52629bd64b89ba7fcd967bd59e2b52,2018-02-15
99ac1b8b5f3ac613536909af21133895,7779b97b9a0343e58e4f6d87153f8cfc,delivered,2017-09-22 11:27:26,2017-09-26 04:07:15,2017-09-26 18:18:41,2017-10-02 21:24:40,2017-10-09,9c36d6853ff388e442479f3f64f7a169,2017-09-22
0e5c1cacfc470555872819fae01e07ae,eb1158f6f5fb2c865dc3dbbdd8d179e7,delivered,2018-04-16 22:44:14,2018-04-16 22:55:16,2018-04-23 10:10:46,2018-04-30 15:55:40,2018-05-16,b1f307ef7aac22687d79dabe4089361d,2018-04-16
1e54e64066c85e4c0b929c0dde6bec3b,535a05f4c66c1ebb2b8c6a537a7f2149,delivered,2018-02-01 19:56:10,2018-02-01 20:13:56,2018-02-02 18:09:35,2018-02-14 17:38:34,2018-03-06,e68be0a3138a025690efbc7275b629e8,2018-02-01
5d7580967132673ebe6afb197e119dea,6996c3c5318b0283d6adb8f41fb62397,delivered,2017-11-08 13:36:17,2017-11-08 13:50:23,2017-11-09 19:44:50,2017-11-16 18:29:00,2017-11-28,d8764626d0d43e3f4fb34db9021a46ef,2017-11-08
49a7b21f7d2c538f5e051f749c16605b,3bc03463644a6c233b170519b1b203a7,delivered,2017-08-28 23:10:15,2017-08-30 02:11:12,2017-08-31 11:07:58,2017-09-12 20:47:49,2017-09-25,26b75aa0193a68d5ff0f07dddbd6789a,2017-08-28
c75860f1d422b9efcb29383df98932f7,b5056e827ed921c589618aa20ee0cab7,delivered,2018-05-03 08:50:03,2018-05-04 04:11:36,2018-05-04 14:25:00,2018-05-14 23:32:07,2018-05-30,ea11bc07876aef08645f2c14d46b3ba7,2018-05-03
294a163a5e62f051254e16cf0c98db6c,ea5fb295581508719fc3b766e451d5da,delivered,2017-11-27 16:59:53,2017-11-27 17:19:56,2017-12-05 18:10:07,2017-12-14 21:28:58,2017-12-18,58a8d30167265cec9fd17af29435e3fd,2017-11-27
84436e09e2da8d549e06fa56fa0b74e0,256f06cb1d10d7427f8ab3d96b873cab,delivered,2017-12-12 18:00:32,2017-12-12 19:09:57,2017-12-13 18:21:55,2017-12-28 16:32:23,2018-01-05,4646ed4260232754da3a22445e87d35c,2017-12-12
c0740c543da48abb89b054604e7e9250,35b8a8c47538270243c444192f420caf,delivered,2017-11-30 01:02:12,2017-12-02 02:38:28,2017-12-05 00:33:36,2018-01-30 19:35:05,2017-12-26,2e25e41277f6c276113dc8f570abb040,2017-11-30
04b8c60eb3cceaecde917716daa30bde,a6a3ccd6981f76577a6cfcac362430b2,unavailable,2017-11-27 18:35:48,2017-11-27 19:11:43,,,2017-12-19,815392b735eba3589a02408bce170947,2017-11-27
3eb7b3f39b5c39ce07dae0c4bfbf5dd0,5fb72531a5f56bbbffaed518edd7c504,delivered,2018-01-08 22:53:22,2018-01-08 23:08:42,2018-01-10 19:39:19,2018-01-19 22:46:02,2018-02-09,92dd0b1dcda9dcd1096d15f87b4fe792,2018-01-08
8bd792653995ae5a2e101887d982b39a,5e02cb9fb59349f6b16383308517111e,delivered,2018-03-15 09:32:55,2018-03-15 09:49:30,2018-03-15 19:16:32,2018-03-19 17:12:18,2018-04-12,0489334c4348c0937a94a7dd5c6c8f25,2018-03-15
154c7a0d28e6f7744163c3ed2d9d686e,457616cfba4b79473ce83af39d168c85,delivered,2018-02-18 14:49:24,2018-02-18 15:50:34,2018-02-19 17:35:51,2018-03-09 21:04:29,2018-03-19,057b2c322ae3c64ab023519811c9f5d7,2018-02-18
d140c5b480983e0915994896a6598f90,4e4e6c98c0968478a88162703c77e21a,delivered,2018-02-05 12:55:34,2018-02-05 13:10:21,2018-02-07 18:05:03,2018-02-08 16:05:35,2018-02-23,0d4f24c2c68a79e55fe86079c879b2ef,2018-02-05
c9db1bfe07af2c4724a461a704c1ec67,9f8afaa4902b9196098e0c341bbe683a,canceled,2018-07-30 16:52:00,2018-07-30 19:31:37,,,2018-08-10,6da978ae0a1651e61c566f73e571f279,2018-07-30
ad9aa06b7c1aff45bb25d171973fc761,6102d1227aa240ac837720636f7e914a,delivered,2017-11-24 23:52:46,2017-11-25 01:53:33,2017-12-06 17:54:46,2017-12-18 20:53:35,2017-12-20,b8bb8927c550a156cc957815ea2b2920,2017-11-24
66fcf8b87873646949274801ed99a8c6,f5df50c41f9b4e628b2c691a30f9d180,delivered,2017-12-07 21:05:47,2017-12-07 21:18:29,2017-12-12 21:21:43,2017-12-22 19:08:07,2018-01-02,dd57b887a958dd958935af6d1bd3c964,2017-12-07
083c3a567b005b0f7261c9c0c76fe151,d4a6786c02a6e6ba536f58e3b4a13393,delivered,2017-02-12 15:45:27,2017-02-12 16:00:14,2017-02-17 09:54:11,2017-03-03 19:25:33,2017-03-22,55eaf3da785fec4d33cd70063e691bef,2017-02-12
f6c83f331fa7998140a4cbe44f87b38d,e8e2944931965887ba4dde6cbc76b598,delivered,2017-09-03 10:27:37,2017-09-05 04:35:55,2017-09-06 16:58:05,2017-09-09 13:08:51,2017-09-25,8dedf50a52e9ae9e862a502ca73712bf,2017-09-03
6f09a390f155a581c268dade6de048e1,e2e14c8ef1d36f7d465f5299e3a4217a,delivered,2017-05-24 21:43:53,2017-05-24 21:55:17,2017-05-25 13:19:09,2017-06-01 11:21:58,2017-06-28,dc1dac999319e4de0009df7ad0d02104,2017-05-24
c901aee1a796480fc91d75a1214eb170,ae2565b6f785cc90a0c7741e716fefb9,delivered,2018-04-01 18:48:22,2018-04-02 17:49:32,2018-04-05 01:58:38,2018-04-16 23:41:04,2018-05-03,a7ccca2c97ee77a214c9071225a5bade,2018-04-01
546bb10cd086a577f9bbb4027d79c0f2,15b2eac395043e2fc2577903cef35ffa,delivered,2017-08-17 16:59:53,2017-08-18 02:26:16,2017-08-18 18:05:13,2017-08-30 22:42:48,2017-09-19,3c0982e4ddac70bc120bc074214a8476,2017-08-17
db2557d3b3417e5746ab989f2e143860,57560400ebc297c88d7157415b945b0b,delivered,2018-03-28 11:11:51,2018-03-29 03:29:07,2018-03-29 23:14:20,2018-04-02 22:45:45,2018-04-10,f910d9ee385410dd7ddee012b67b7b8e,2018-03-28
ece3ab91bd67ba73563dd0468fc3bde2,b4111141220267ae8e763af405bc6469,delivered,2017-09-04 16:30:33,2017-09-04 16:45:36,2017-10-03 18:04:57,2017-10-19 21:43:53,2017-10-10,5d9cec5f168ee6cdd275168ed54797f7,2017-09-04
31a606477f15f8ff5f8417bb46f83a5e,94889e991b908bed85be6550b6f60e11,delivered,2017-03-01 00:12:13,2017-03-02 03:42:00,2017-03-03 09:13:48,2017-03-07 10:51:01,2017-03-20,d5536cc12141c60bcf4e85b3aaef9cf6,2017-03-01
e5a8f99e473fa6880bc2672805460e4c,9a4108082d43d4f287f1f71297a88f8e,delivered,2018-01-02 13:23:45,2018-01-02 13:30:24,2018-01-04 12:42:55,2018-01-19 18:08:56,2018-01-24,145f044128f4bfb17ebd95ea329756cb,2018-01-02
ea95ceffc1f14090fa639afd7f1b0206,4b0d09b8b6d18dab1596d8f5ce5bfbee,delivered,2017-11-20 12:48:07,2017-11-20 13:15:43,2017-12-06 23:41:44,2017-12-09 17:14:33,2017-12-12,92309fc01744d4ad163bb4878b267fd9,2017-11-20
a9b132fc9b030211c2850f5495dbbd5a,a9540572aa20e37a51ce914aad8fedce,delivered,2017-11-09 14:53:09,2017-11-11 02:55:43,2017-11-14 15:56:48,2017-11-27 20:07:48,2017-11-30,724878c4c6b57af23a18897489d45be0,2017-11-09
78c8089b7743de900b7444157de8848a,e2dbc6022ec5d2a6fbbb786f6489be29,delivered,2018-04-25 10:36:34,2018-04-25 10:54:57,2018-05-04 15:42:00,2018-05-08 17:57:44,2018-05-08,1b59fa25fec6b27a9696c087bf5ace63,2018-04-25
e8b6b776c3fea4d15b0334a28cdf79d1,0951b45221facd76dac14203f8770cd2,delivered,2018-08-09 19:01:16,2018-08-09 19:10:17,2018-08-10 14:13:00,2018-08-16 16:16:44,2018-09-05,cf7d702830a3cf5bfaffc9979fbf5ec1,2018-08-09
4573e97fe027ed2a79400a704d2172bc,d4783e1e177f32e022479af8c8000ac4,delivered,2017-04-13 13:13:48,2017-04-13 13:25:17,2017-04-13 13:51:01,2017-05-05 13:12:15,2017-05-24,92a902ca2557fe1e222b0f7997c3701d,2017-04-13
816c1aa9dbcfd7482f467ac32d92bf0e,103ded6a1eb816823c5629139ab65a7c,delivered,2017-05-26 00:47:37,2017-05-26 01:22:38,2017-05-26 10:36:13,2017-06-01 14:23:30,2017-06-30,907a70154585b142b1481392f6cdc916,2017-05-26
09442375307dcece0366e86601bf99f9,641025d16fb7bf615b9400b55fd1728a,shipped,2017-10-26 13:15:23,2017-10-27 03:06:59,2017-10-30 20:43:50,,2017-11-24,8fc0b9484c354a47742cab1a935d759d,2017-10-26
188d4eda8fa5f046fce1c7c8a309f61f,e7bc5da13ac21c934fd9b860614264c6,delivered,2018-07-02 18:50:01,2018-07-02 19:10:34,2018-07-03 15:03:00,2018-07-04 14:56:56,2018-07-16,b9e48a3f487c7a0854cbf297e0d43f6a,2018-07-02
e862ab2c5b9da53dea30d39617038ffd,1e79508ae1db3fd8cc165bf3ca7a0916,delivered,2018-03-04 13:17:05,2018-03-05 13:15:55,2018-03-06 19:33:04,2018-03-18 15:29:37,2018-03-27,d73f93902231dfd67c3d5f22803ec0d3,2018-03-04
c303310fc1c9bcd9fc5da93bae0ff3ec,85db83a1e38c9d4f92da1c1e210c5f80,delivered,2017-10-13 16:40:02,2017-10-13 16:50:18,2017-10-16 22:23:34,2017-11-01 20:18:00,2017-11-24,96767434dc8da40da17994f8011b422c,2017-10-13
c993fbf631d32622efbe959e03fa636c,1d6fc7fbfc088a98eb692725890ad2e7,delivered,2018-06-15 19:27:44,2018-06-15 20:03:13,2018-06-18 13:31:00,2018-06-25 17:49:10,2018-07-13,ea5ccb8ba66e7ab3cfe17793daa47ed8,2018-06-15
a1f33ae024b8d5f324680039c8c26aca,dd558dd7a87c9021c8a7608c6c769417,delivered,2018-08-18 21:16:01,2018-08-21 04:15:19,2018-08-22 14:44:00,2018-08-27 19:04:42,2018-09-03,f5422e8b0c2a29cbc1bd48e0c0b9c523,2018-08-18
9cd3b076bc5d4205fc15c0b23dfc78bb,96dff9ba1a37c06cc85a869434539166,delivered,2017-12-13 10:21:14,2017-12-13 10:31:48,2017-12-14 18:14:04,2018-01-07 17:32:47,2018-01-26,93427465b223bc8292b51bb86077b695,2017-12-13
be860bf1446ba05bb095e676b7c42b67,059fec8731c1c58cdd34f859acd5f208,delivered,2017-11-21 02:30:37,2017-11-21 02:38:51,2017-11-23 19:29:02,2017-12-05 23:42:25,2017-12-15,e45e5990af6cfdca2056a4c02fb103c6,2017-11-21
517bd49d869100558362e70c45f13dd5,c7e45e85f22f5db2f9a06c77674c872a,delivered,2017-11-02 17:44:04,2017-11-02 18:05:18,2017-11-10 18:09:15,2017-11-13 20:14:40,2017-11-16,ba29c41ff2fe10d13ee7b7c3ecc649fa,2017-11-02
9a71f055d972d1ebacec9df7376ff1e3,466462055d43360841cd19a81cc12e9a,delivered,2018-03-13 13:18:23,2018-03-13 13:30:29,2018-03-14 19:27:24,2018-04-19 18:48:29,2018-04-04,3f1ae9854823f7c0a8027bd994b2ce64,2018-03-13
33d1c541fe62cc7e7de82f1a6f7209f1,4da02003088ff69e3a0ae3db17d648f6,delivered,2018-07-05 19:45:19,2018-07-05 19:55:13,2018-07-06 10:04:00,2018-07-11 22:33:46,2018-07-24,3d93772915efa454a89bf52047b0b285,2018-07-05
05393e8d9957461611ec8c8d55b13c02,2f7df887ddcb022dae90b092de0e4ef5,delivered,2018-03-08 22:18:16,2018-03-09 00:54:49,2018-03-09 17:55:26,2018-03-20 00:08:21,2018-04-02,b75240cef5e5899733713fc4c9f4206c,2018-03-08
317187b7dc18742dffd77c04b25587f8,ddff1de7a3f714c2921e7747a21ea752,delivered,2018-01-20 23:48:24,2018-01-21 00:03:06,2018-01-22 20:12:52,2018-01-24 22:29:01,2018-02-14,44d96caf649e5ff81235b3ebb9e129ff,2018-01-20
4c95e64d87f0a8e6c7e8ffc83767df0f,3a3994cce93e177ebeac87b9b46e5d93,delivered,2018-05-16 15:50:49,2018-05-16 16:15:03,2018-05-17 14:41:00,2018-06-02 15:58:48,2018-06-07,9b4df2b5ac16a3e91f6aaded89eaf356,2018-05-16
b70a20de4d773c7d77843695098779d4,bf6dee2cc8f3658b2412b07c4e394a46,delivered,2017-04-20 22:05:13,2017-04-25 08:23:14,2017-05-05 15:24:46,2017-05-10 11:01:56,2017-05-23,b94d6856b1e5445fdf1a08a10b53fe79,2017-04-20
d744f890bf27c2aa635c5d82b2ca0c8a,dc7997b49d45e3164246815f516ca5d0,delivered,2018-04-22 10:53:11,2018-04-24 18:20:52,2018-04-23 17:47:32,2018-04-26 19:04:32,2018-05-21,fad8fa1578908295ca8becfc5660c73f,2018-04-22
7d52b962726f481292e1faae3fcb31d6,17ebde2c7188073ca37d90c062e25aed,delivered,2017-12-14 13:29:50,2017-12-16 13:32:17,2017-12-19 21:22:46,2018-01-05 21:59:17,2018-01-17,fa5575f71720ffde45dfe4d4b35f4211,2017-12-14
1b19e11d36f65ac8fb85d361d49096ef,59f92cbd02b5f4515fe50b093dedcb19,delivered,2017-08-26 19:13:14,2017-08-26 19:25:37,2017-08-28 18:04:14,2017-08-30 18:10:23,2017-09-18,f6d97b059c6d1feb6c63e6fb765d0e58,2017-08-26
69796e4e03edbf9c0f49c76d4ebadb77,34df16078d0ceb647b488afc94a78519,delivered,2018-03-02 20:51:35,2018-03-02 21:09:23,2018-03-27 15:42:16,2018-04-05 23:21:47,2018-03-29,60a342094fa78fd75a833e5b94db0235,2018-03-02
03d6e874e44c091359a3ad62f2bec233,59d26debe9d60cc8467a7bf2b835959f,delivered,2018-05-02 13:42:27,2018-05-04 03:12:07,2018-05-07 14:52:00,2018-05-08 17:08:48,2018-05-14,9476d3ad0ab0f072a52c1b5fc5612313,2018-05-02
9de0f1837aa8fd37e21d4e12faadd2ed,c6fc7b1534701f4ab75af0356847a437,delivered,2017-06-19 11:23:01,2017-06-19 11:35:16,2017-06-20 08:18:54,2017-06-29 16:22:03,2017-07-26,5ab9ac4f0ecda632983caf9e856676dd,2017-06-19
640733ad0bfd6eb8b4fa7c5a66188380,6bb2826a0f01d7424f7c54433b315cf2,delivered,2018-07-18 11:02:45,2018-07-19 08:22:41,2018-07-19 15:10:00,2018-07-24 16:46:41,2018-08-01,ff3fa3c7a09ff17304a2133bd7c5740b,2018-07-18
e861ee18496aaa4aa146335b10d2fcec,48081be9b0b72cc8aeae1c6ad2112b91,delivered,2018-08-12 16:58:15,2018-08-12 17:44:20,2018-08-14 14:18:00,2018-08-15 20:38:24,2018-08-24,19a3afe298ff2fea6a4ab598eb8935b8,2018-08-12
077700dcf4e3bb4128459fc825a4056c,aa7885fdaef957a25806339d446c2a71,delivered,2017-11-20 11:46:39,2017-11-20 12:07:32,2017-11-22 17:33:05,2017-11-29 13:51:39,2017-12-11,64c28dc9ff718fe40c400931515eef4a,2017-11-20
d2d134bb44882b886b6e6a2c0af66e6e,f03321492f05427a13a8db3dee24f714,delivered,2017-11-23 11:19:17,2017-11-23 11:34:02,2017-11-24 21:33:05,2017-12-15 13:15:37,2017-12-18,23fd44a121dfa456810e46221950a01f,2017-11-23
c5e0e8d3a87b95eb7b2ec0bbcbbec1cc,8742c70885328dfa0b4822b2e7420aa2,delivered,2018-02-17 22:59:53,2018-02-17 23:15:43,2018-02-19 23:08:04,2018-02-22 18:21:57,2018-03-15,960bda7aad40d84a6ef37683f7ea8e54,2018-02-17
eee22e7ae5b24692de4cd3c784db660a,c731d7800196ad88a5cbbd3ca5624388,processing,2017-05-30 13:09:52,2017-05-30 13:23:18,,,2017-07-13,8228b01c8d2ed3426b8c31749b6ced54,2017-05-30
9325417ccf2008bcf613acffa684a24e,b1a6bcae800140def45ddd009ae295b9,delivered,2017-07-18 09:32:43,2017-07-19 07:10:14,2017-07-19 22:57:21,2017-07-24 16:14:38,2017-08-09,73c98b9fb2915e310beec9c7b126745a,2017-07-18
30a2f24dd6770c91faa6b3481319204b,de2d4a479a79d4d85c9ce01caf804937,delivered,2018-08-08 11:48:41,2018-08-09 03:44:51,2018-08-09 14:17:00,2018-08-13 21:32:07,2018-08-15,8b27e23ca14dc7d4d8e429abda30b5fb,2018-08-08
a43b47899fae27435d67c19684c2a5d3,b81c6fd25c64143c04f4d107c6f8457a,delivered,2017-09-19 18:02:28,2017-09-19 18:15:23,2017-09-21 15:52:50,2017-09-27 20:53:44,2017-10-09,621db6aadfa072da5fe9638dfed1b5d3,2017-09-19
a66a3c75736a9fa41b2e36a663a42c56,21035b3a6ea9a9e6f6c9150f1091732e,delivered,2018-06-19 23:13:12,2018-06-19 23:34:34,2018-06-20 14:18:00,2018-06-27 12:07:54,2018-07-23,346cb8d684d02f067be4ea0e06cd56fe,2018-06-19
33dc48eb58efc42018bce39ab27ea6d8,104e86b8ab1dbebbcf0da2958de6aa65,delivered,2017-07-10 20:14:18,2017-07-10 20:25:13,2017-07-14 19:47:49,2017-07-26 22:04:21,2017-08-11,2b9eea18620bf32a0810898c180f9ddd,2017-07-10
bfc6ac1464346333da536d44a2f0723b,5fee1b2849ca2ad8d845cdb451b6f548,delivered,2018-06-14 15:23:01,2018-06-14 15:38:52,2018-06-15 12:25:00,2018-06-23 14:51:54,2018-07-17,ab4d9d11f3eb0285fafb15e374a73b7a,2018-06-14
53f13e7ba27c6c272bf5d2e047af8de9,e5dba0f0f4df2f0af52b42e9d5eef77d,delivered,2017-06-17 21:46:41,2017-06-18 13:45:11,2017-06-19 12:14:45,2017-06-27 10:20:58,2017-07-11,c336f25b0edf2e872f0210e30b729b07,2017-06-17
84fbd5c07d190419428197464cdba60a,b90c08bc258974e0bba31eb7fccc433a,delivered,2017-02-02 17:57:15,2017-02-02 18:12:57,2017-02-03 08:39:08,2017-02-15 05:04:34,2017-03-13,7def100cf2d885429e26a5f0eef58c7b,2017-02-02
cfded93c357af3d14aa46a32aeeb48db,de8f1f7eb09086394812a9389eb3ed71,delivered,2018-06-26 11:26:25,2018-06-29 02:53:11,2018-07-03 07:40:00,2018-07-04 01:41:44,2018-07-13,21d53947339289fab78d373f2f8d2e2e,2018-06-26
589c3ab133743b5ef0cf1bf4e3e72db3,20e8e2b1b839e18080e494ad066fb413,delivered,2018-03-16 11:20:19,2018-03-16 11:30:52,2018-03-19 22:17:35,2018-03-20 22:56:32,2018-03-28,1d3a3f0352fe11266c93850f0c22b894,2018-03-16
336c5ff2dbd044a07a070f20db7f0316,96ee94f910935c0cc469f5be3e4efc1f,delivered,2017-05-31 00:52:02,2017-06-02 04:23:18,2017-06-02 15:30:15,2017-06-14 12:29:55,2017-06-27,f415c9698cae42e6f165934ae983c83d,2017-05-31
6a25b525e1179f856694f3e632dd829b,ab764cc6b8b070d7ac7607d06b50243e,delivered,2018-06-06 07:36:52,2018-06-07 02:54:44,2018-06-08 13:21:00,2018-06-18 18:24:40,2018-07-18,b79307c9a6b4da370f55fec013328be1,2018-06-06
4686a4da19a101001bd53960ae99feae,1b4eefcef3c75cb129309be3e28e5fe1,delivered,2018-06-19 09:13:11,2018-06-19 09:36:47,2018-06-20 06:42:00,2018-06-26 22:16:42,2018-07-16,ebeca5aa9c50d3ea149d12fbc28880fe,2018-06-19
389b5ea850fb0283bb94a04dca7750ec,ae5a05ffc3c75c6ce5c4ea82a4bc659f,delivered,2017-03-02 22:16:14,2017-03-03 22:23:34,2017-03-06 12:56:56,2017-03-22 08:42:12,2017-03-23,1a8603eb410c62875d522795e3414225,2017-03-02
452a4cbe0a3c21aa7b7a93e9da67eaaa,db3f17e47f0f17ab80d12a9bfc657dc2,delivered,2018-01-15 15:05:51,2018-01-15 15:16:40,2018-01-16 18:13:19,2018-01-18 17:07:31,2018-01-30,fbe0b074ab1f479961b253f1db5fbb08,2018-01-15
1b9b3a976302524d2f05a417b095afb1,bd1b88786f972966bf49b41f47fb09ba,delivered,2017-12-01 20:54:52,2017-12-01 21:32:29,2017-12-06 17:15:38,2017-12-12 19:06:15,2017-12-27,a070cad67f4e6aec6c2efddec1444258,2017-12-01
d5b836c3e4d3591c11cfbc0d8a32948e,54dcf06632be05abeb6ed726b761c022,delivered,2018-01-20 16:09:59,2018-01-23 03:37:29,2018-01-23 20:44:55,2018-01-24 18:18:11,2018-02-06,297fba4fefb787db6b29178b7622e0a4,2018-01-20
cde6f96935cb1fb7f0dd8e2ebf195573,41fd684bd263940345910be53941e8f0,delivered,2018-02-25 10:07:26,2018-02-25 10:15:31,2018-02-26 18:53:13,2018-02-28 18:47:12,2018-03-12,98429a600b0e3aedf097e5bf7f747ee1,2018-02-25
b3ba9e96f5d04c8c20e37e9ffd2e79a8,932f59e516b83cd4348384fd3b999972,delivered,2017-07-24 11:33:53,2017-07-24 11:50:19,2017-07-24 20:14:36,2017-07-26 10:36:03,2017-08-07,dcb9635a30751dab4a174e22631b70dd,2017-07-24
28b3a0c20aef4102b44f6928bdcffc7d,97531ebafad8d20f98c8d2a6c6ce5369,delivered,2017-04-07 08:56:41,2017-04-07 09:10:15,2017-04-07 16:50:26,2017-04-10 14:57:59,2017-05-11,2e45ea9a067bfd664d3759aa47073e68,2017-04-07
c1316e479de7898b749066f40449a05f,04e461f11634773d5cd64af7db838660,delivered,2017-12-08 08:29:41,2017-12-08 08:37:22,2017-12-08 15:59:00,2017-12-09 13:32:31,2017-12-27,487b72af97cd4e1dcdfae25627f3ea8a,2017-12-08
811fb2c7e16f59a332b36c2c87798007,81921bafc07562f0142847712f79bf7d,delivered,2018-07-18 10:08:03,2018-07-18 10:15:19,2018-07-18 13:31:00,2018-07-23 23:12:35,2018-08-07,9867cae4599bd473c80e39643679e6b6,2018-07-18
e481de0886580ccf9ce6552dbdd61a88,00e8bdabd8d9dec7728bf9a885f7cff9,delivered,2017-05-15 21:08:32,2017-05-15 21:15:14,2017-05-16 16:15:45,2017-05-26 08:58:41,2017-06-02,3fcda7fdc267ed83fb83433cce147c18,2017-05-15
aff7b4ae67c914f9555ed558c34e9a81,7f602838eb65a1d45931aed1c83f714b,delivered,2017-09-16 11:55:00,2017-09-16 12:05:17,2017-09-18 20:14:06,2017-09-21 21:43:21,2017-10-11,dd2a681b1cc42e93cacd6c4c93166ed0,2017-09-16
68eb0f50dff9280862d4363208528f7e,e36b0ffc6738bb2d03e599cedee65adb,delivered,2017-04-14 12:09:49,2017-04-14 13:05:16,2017-04-17 10:04:31,2017-05-02 12:04:15,2017-05-17,cdba0e4a9b2fc4ec988a556d3061e1c4,2017-04-14
f939e05d2451cd2ababeb205da768278,6755d9a5c01a3b3fd35c84dc0601ea3f,delivered,2017-12-31 13:42:22,2017-12-31 13:50:22,2018-01-04 23:39:03,2018-01-16 22:32:55,2018-01-30,ddb57718b1bd4845685dc73a5adaa5ff,2017-12-31
799bc9658260598f040a6a7943b73415,f308c7b824f58e99202f669fc551cf22,delivered,2017-09-23 12:32:47,2017-09-23 12:45:11,2017-09-26 16:16:56,2017-10-03 20:03:19,2017-10-20,bf030ebf80c6711be3ec42e09422cea8,2017-09-23
ca512c4d6486887e158c4400d6406c19,652d6dd1dd15ad4a4e6537e4f17a0ce4,delivered,2018-03-19 12:08:34,2018-03-20 03:10:51,2018-04-11 23:41:37,2018-04-25 13:05:17,2018-04-18,819cd2edc9468d181a2e071529d743c7,2018-03-19
d172a1c2281047312e37b12be30a78b3,e63c9356c91bbacc75f86545e28b2dd8,delivered,2017-11-07 16:31:50,2017-11-08 16:47:27,2017-11-09 16:51:25,2017-11-22 20:19:18,2017-12-07,5ad0e968609e6a0cfe73c6274efb7a27,2017-11-07
0f0786fde25cb2b2b4cfc59128ef8f83,d8a5ae7ff5b505f9d400d1c5b73cf2d8,delivered,2017-07-19 14:34:02,2017-07-20 06:43:20,2017-07-21 11:59:54,2017-07-26 19:21:26,2017-08-25,7a1751f98e25f665fc0130c7b001e18f,2017-07-19
1f50915cd289eb7e0a0da3f4300b92bc,6db0e35399f861870ee4328fd5a03722,delivered,2017-03-26 17:55:38,2017-03-28 03:55:13,2017-04-03 14:13:58,2017-04-10 08:50:03,2017-04-18,6008d79e117d1d1fbacc424371165c62,2017-03-26
0393dfaf21e966fdadf698bd0856ecc3,dc6484673b2e9c0dd56bee4d78717900,delivered,2017-12-08 10:49:38,2017-12-10 10:50:04,2017-12-11 19:39:25,2018-01-03 19:24:06,2018-01-08,9a333bab1b87584cfde9ecc05b7aa668,2017-12-08
bac84a37ff8746de71d3ba5a6aadecdd,4966d0c89c40e0123f63d0be0ff4553f,delivered,2018-01-25 10:09:48,2018-01-26 03:18:32,2018-02-05 12:32:43,2018-02-15 19:33:05,2018-03-01,da6ff202b1758b9ab942b03f4797a1af,2018-01-25
49e28405b648ff4ac5a069fbeed701e4,e5ce83ac7afe0a18d0f1747111ffecf5,delivered,2018-02-15 16:31:16,2018-02-15 16:46:51,2018-02-16 21:28:51,2018-02-19 14:16:48,2018-03-02,998e3593995352c47e48ce9f079714ac,2018-02-15
8774dccac317f54e3e9b3c6096a9b2c6,e683a3466324913040a473c89d2395ed,delivered,2017-10-24 13:27:07,2017-10-25 06:28:11,2017-10-26 00:33:48,2017-11-03 17:57:51,2017-11-14,abc3c9ce7f7a422194fc8e0f2c837ac4,2017-10-24
f95884da9f9e2df5d430f7e289b3c07e,e55e22f4aa75f611b05d755b60f0505d,delivered,2017-12-09 03:08:32,2017-12-09 03:18:24,2017-12-14 14:53:02,2017-12-15 21:44:51,2017-12-29,5e75cfd56320dc660aea5d370b695a64,2017-12-09
1ec801f67c9ddedd7232db3f8045adef,5dcacec261f9a2d9b142342791ca9410,canceled,2017-05-31 08:57:32,2017-06-01 03:55:31,,,2017-06-13,50afcaffb2feb156594d6535f31e1259,2017-05-31
3063d2baad6269e27b331c726fff2135,9ccfb215b4e4e8c78889a20f90014a9f,delivered,2018-05-14 00:04:44,2018-05-14 00:31:27,2018-05-14 15:07:00,2018-06-05 20:22:32,2018-06-07,0929f902636077fa881e2a3c8e1aae38,2018-05-14
915cfc1bb5564cda804c1e544780f701,a67c8e21742969a51553124864de7632,delivered,2018-08-27 13:37:12,2018-08-28 07:05:15,2018-08-28 20:35:00,2018-08-29 16:38:47,2018-08-31,46c8be21c8054a3997428b1bd1e2ff0d,2018-08-27
93d59619dd0d3db962c4c8d0db7d88b4,e150a2e1a1747aa6a13fad14bf7458f3,delivered,2018-02-10 15:29:59,2018-02-10 15:48:22,2018-02-14 20:05:20,2018-02-23 18:57:11,2018-03-09,86c9884c2a9a70fbf1b3e78d72bb3abd,2018-02-10
88d83c164444378e37e1805e00984342,1acf5b3f74154a077902cc31167839db,delivered,2017-05-31 10:53:03,2017-05-31 11:05:09,2017-06-02 18:35:54,2017-06-08 15:21:48,2017-06-23,bf482716881b0c14af9efda1fc58a649,2017-05-31
fd774e7e5b81920c1ffe8af966a3558f,7ee0a3bafb74d553dd58b53458c8fe1b,delivered,2018-08-07 22:36:07,2018-08-07 22:45:18,2018-08-08 18:21:00,2018-08-17 00:58:26,2018-08-22,934b9eb4677a33e446ebfe58a95794aa,2018-08-07
50987c164be26b0ad4ab868bdecbd6bf,97463eb57cbb8ff9d9848116a89c1b58,delivered,2018-07-19 08:41:00,2018-07-19 08:50:21,2018-07-24 17:07:00,2018-07-25 20:22:38,2018-07-30,a8ddc9e97b6c7e9062e82bb9da52a402,2018-07-19
df120e93c49ad7a784ea04bf8b97663e,de81217434053692afa726f4995311e9,delivered,2018-02-28 13:51:54,2018-03-01 02:49:12,2018-03-02 00:43:58,2018-03-14 20:18:50,2018-03-28,08dd5a6438ce3bbdb12538c2154ee05e,2018-02-28
dde5f036dff77c8687173aee04967268,6fbe0377694f4ac9fd265961072bf0c7,delivered,2017-03-04 18:03:03,2017-03-04 18:15:16,2017-03-07 08:37:56,2017-03-10 06:56:32,2017-03-28,0d5131c36597e631d28fa249f29cf447,2017-03-04
b5839f6ef0df11dd4912bc5bfa299e3f,8af9ca2cbcc90d6735f67957915853f9,delivered,2017-12-01 11:02:53,2017-12-01 11:31:01,2017-12-04 17:52:05,2017-12-12 18:04:31,2017-12-28,bb2b2aec0c5c877e68061f41eef52016,2017-12-01
9841304c5432e46d9cfd508835b743b1,efb0c18b84807aa7fa6b1fb5a4a04134,delivered,2017-11-25 09:39:29,2017-11-25 09:50:57,2017-11-27 11:38:25,2017-12-05 18:09:52,2017-12-19,ebc6432a8feeeaebb32a5cb7ebb336e3,2017-11-25
099c1abf14984c667bf8026fc23fb0ba,0e2f6f88e0d9f89cff0b39105af8369f,delivered,2017-05-19 17:59:40,2017-05-19 18:15:28,2017-05-23 11:19:00,2017-06-01 15:17:31,2017-06-12,2f773f0baf86e08ef3d039747121abe0,2017-05-19
bb82edb761539d57907c3268bb2835db,f1496d0e9e877ce1095c2927f59d7bdd,delivered,2018-02-27 08:43:44,2018-02-27 09:08:55,2018-02-27 19:26:37,2018-03-09 02:26:32,2018-03-28,50dee0f0f4c9d0d69da4cb4155da0463,2018-02-27
c54ebaa4a93a3de78a932ba2ce323f68,50eeafa74cb06a1386d9c4bbe6baf9a4,delivered,2017-08-21 09:39:08,2017-08-21 09:45:22,2017-08-23 13:45:17,2017-09-06 20:57:49,2017-09-15,3ffacb53c40311db8fd3827edd3d47b3,2017-08-21
c756513ece003700723bfa5e6f8abc65,bff87edaf15e6cfa480094a5717d9f0b,delivered,2018-03-12 09:39:19,2018-03-12 09:55:33,2018-03-15 20:48:28,2018-03-19 20:38:42,2018-03-28,bc1d009bce2f69958b6039bb30c0df01,2018-03-12
cd2e5a05dc8ccbe4df9178aa3b210ac7,177e58c62e5a5073715e8d29228e38ea,delivered,2018-06-11 12:39:12,2018-06-11 12:59:04,2018-06-12 14:50:00,2018-06-14 17:48:54,2018-06-26,499503477abb18bcd17c54e49d79fea0,2018-06-11
ce989095754190db3dfe99fdc63e1124,8415ffb440bf6d25ed036387ddbe6a02,delivered,2017-09-11 12:59:24,2017-09-11 13:15:17,2017-09-12 17:57:53,2017-09-26 19:26:59,2017-10-06,b93d4409cb34a0482ad24e7b25b646b5,2017-09-11
dac88f3694b76d45f308db1039604606,ce1017457e1ee6481db53a8110db18c3,delivered,2017-11-02 13:34:14,2017-11-02 13:50:32,2017-11-04 08:35:38,2017-11-09 18:18:51,2017-11-23,6bffa9e961fdb229eca8dffbd00d5ccd,2017-11-02
f3f1a6aecc9c4e12ac22b27101dbce05,1062c81e88bc1b5def04eabbd1929820,delivered,2018-05-19 22:54:00,2018-05-20 00:44:42,2018-05-21 15:52:00,2018-06-13 14:09:27,2018-06-06,0ebd549ed329d0ce28640f7d6d36a91f,2018-05-19
eb09635680fadffb33358e40b05c9029,6f94b1ea17a3f9a486ba749dc9b72959,delivered,2018-03-10 19:52:26,2018-03-10 20:47:32,2018-03-15 21:33:51,2018-03-31 15:23:33,2018-03-28,ef3b6ab8a1704ead096adbcdee78284b,2018-03-10
672171439e56578d2c9370fe77345a50,09f891a12438a14831755819c1338f99,delivered,2018-03-18 01:11:15,2018-03-18 01:28:48,2018-03-20 15:56:34,2018-04-26 20:58:39,2018-04-13,857a940719e0cf888b5059c31b9d14cc,2018-03-18
c900c2a8fb7c9834925f3110fd7ed231,2f0d1c8de308c2884ad45bec537ddfe0,delivered,2018-01-11 09:25:53,2018-01-13 04:55:06,2018-01-15 10:52:03,2018-01-26 19:41:35,2018-02-08,9edcb50c9c13497bb464419e68d054f5,2018-01-11
dad751910ee8793efe38a28bd04cf1d8,cc8b1556b283b7fcc7b5ae2106a99eee,delivered,2018-08-16 08:16:22,2018-08-17 03:15:18,2018-08-22 11:40:00,2018-08-27 15:32:43,2018-09-06,f7e99a73ba3a60facb544bd69ed7c41a,2018-08-16
8b5056c432a43ae02436c309892d84ff,3f900bd55c8b0d06474ca46cf359a998,delivered,2017-07-05 00:57:31,2017-07-06 03:25:32,2017-07-06 13:27:43,2017-07-17 18:12:48,2017-07-27,ead238a26764b16b5d7276212e02c577,2017-07-05
c9229f668c1028a77a433afa8b93f122,e6373b38f5b4317a6754f63bcb8c6509,delivered,2017-05-14 21:11:45,2017-05-14 21:22:28,2017-05-17 11:59:20,2017-05-19 14:12:17,2017-06-06,f0df1b5072b713a0140e2713e9b0b5e4,2017-05-14
02d33b6a9d9e61e68ef9190bd30aefce,93c437a123d1d0df54db7df19b321939,delivered,2017-11-23 15:01:36,2017-11-23 15:13:31,2017-11-28 19:37:01,2017-12-16 18:19:01,2017-12-20,0781d2b5d775af55bd8995124c50fda6,2017-11-23
ce2cc2623c66816137c1887f232ace69,480ab762bbcc6642337375d34f848df9,delivered,2018-02-26 20:21:07,2018-02-26 20:30:54,2018-02-28 20:04:56,2018-03-19 18:08:09,2018-03-27,786165c8823a3fd635edab35df391d27,2018-02-26
e11780f33e850a77d1b3c2fa13ed5d4b,af1789225641b6acc60f97f3f32f5673,delivered,2018-05-08 11:49:49,2018-05-09 04:31:28,2018-05-10 12:38:00,2018-05-14 17:58:44,2018-05-23,15fa1715ed2fd2ac6a67e6234d4d5128,2018-05-08
88f2acef90e7ca305b8b5db51dd0be27,544bc20592fcfeb460e15c6f312bdf99,delivered,2017-02-06 13:11:31,2017-02-06 13:25:18,2017-02-06 15:35:54,2017-02-13 08:13:58,2017-03-03,a328b878160183a9731946cc366e86b8,2017-02-06
3e27135b0c650634ca397ea4c2943e1e,00a39528c677a55852f57235f988b837,delivered,2018-03-23 17:52:14,2018-03-23 18:08:07,2018-03-28 10:57:42,2018-04-02 20:49:05,2018-04-05,9f67d6145893e41e7ada2e646b84f658,2018-03-23
685fba1a5551ac4728f304d9afc1b826,615e08c75d2c15cca541c181358bc5b2,delivered,2018-08-24 16:10:44,2018-08-24 16:30:19,2018-08-28 16:51:00,2018-08-30 15:38:46,2018-09-05,5713bd94b489fc23241f2b27946a8990,2018-08-24
2b5d5c1847d069c5efeb82f4056c15d8,097c16abe2faea176ce88673499b5525,delivered,2018-08-07 17:47:15,2018-08-09 03:50:22,2018-08-09 16:11:00,2018-08-13 22:44:30,2018-08-20,5634e75d99bb303da48151ff3bdba1a1,2018-08-07
bbb8f308ef79e2783aa8714a4fa7e2a8,2053482e414b4e2f2bd0dc9715f300a8,delivered,2018-04-02 20:56:08,2018-04-03 05:28:26,2018-04-07 00:42:34,2018-04-09 14:52:25,2018-04-12,d9ad5b8ce105bd3baced4648987fbbfc,2018-04-02
47a68d6559dccd71f4e167f1b4d5fa8a,3208272b8e9b21b56d16be9ec8d03b0a,delivered,2018-04-04 10:02:07,2018-04-04 10:10:26,2018-04-05 00:38:27,2018-04-09 23:05:27,2018-05-07,45157544dfa017094a3babd71fe22c2c,2018-04-04
380a1cd01e1d188bf799fb08276e32da,eaca42ceea47b823f2265aa4dd3b2a57,delivered,2017-12-18 22:46:30,2017-12-18 23:51:35,2017-12-19 19:42:00,2018-01-02 23:23:39,2018-01-22,0470b939e53cb37a6c925afb999d9cf3,2017-12-18
60903313e31779a246b126e7e895694c,a3d5d5765cc2e17795e0bbef744c282b,processing,2017-11-28 18:55:12,2017-11-30 18:52:33,,,2018-01-09,cf01a1fd75d2c3d4fac2d3d8ca9b9439,2017-11-28
de4c5454fb8e64f76ec9689a472b23c7,66b1555c5aaf32eda9799f8c6af3a884,delivered,2017-11-24 14:45:59,2017-11-24 16:52:42,2017-11-27 16:12:05,2017-12-13 15:25:20,2017-12-19,9d85f9ce22312bcc36d6d8634ecc1e9b,2017-11-24
5759a07ad897af5017002314211af1ee,2846a8f4913f4f983358a99bcc979369,delivered,2018-03-30 19:03:15,2018-03-30 19:15:09,2018-04-02 19:16:47,2018-04-14 16:24:38,2018-04-19,0dbc1e8f767b693febf756c2b9f3a41a,2018-03-30
a8b8b7289262a652bbc1c042766c97c8,c0f2ac8bda6a84f4d3666f08760d0ef4,delivered,2017-02-10 23:23:35,2017-02-10 23:30:15,2017-02-17 09:54:10,2017-02-24 17:09:47,2017-03-23,fcd0ab79592faab19e2bf386cf69fbcd,2017-02-10
08432abcf785878edf1221a0611960ea,48e5d2b2d852ddbca633fe87804939cb,delivered,2017-01-26 20:37:39,2017-01-28 04:34:46,2017-01-30 13:01:34,2017-02-08 14:38:50,2017-02-24,c29fa3544a4e3c96964055e4c1a45138,2017-01-26
8ed04b54dcdfc2f9daeafb5aa0411644,12d30511157400710800ce34958bfc71,delivered,2018-02-21 22:43:09,2018-02-22 11:15:36,2018-02-23 18:13:26,2018-03-09 23:04:30,2018-03-16,c347e65a6a5fd04e5e4f37c8b81148b8,2018-02-21
d3a011a36521385bf54a729fce3b6bde,e36989d340a15c6633215aa83087750c,delivered,2018-04-05 10:12:00,2018-04-05 10:28:58,2018-04-09 18:52:26,2018-04-18 18:58:41,2018-05-04,6efdf32daaeaa165270d10a2413ecc4a,2018-04-05
f2b150da2994a9a654a8af90977b9cc9,f079d438f007085c7450888abda83420,delivered,2018-07-20 11:28:01,2018-07-20 11:46:16,2018-07-20 13:54:00,2018-07-26 16:42:53,2018-08-06,181140d7efb649ab366d289513884bdb,2018-07-20
d24b287420a2c9f6fcbe91cc11d788c3,cbd695d33e330f53d0d480b280111aeb,delivered,2017-03-14 17:33:28,2017-03-14 17:33:28,2017-03-15 14:23:11,2017-03-22 09:55:38,2017-04-04,0096c18412349537abc45e350581cbbc,2017-03-14
ac497fa7b396844289feb8bf6c8ac608,f93df0428349b10970413433e6aa5d6b,delivered,2017-03-24 22:12:48,2017-03-24 22:25:12,2017-03-27 10:20:05,2017-04-04 13:37:53,2017-04-20,02ac2bb64dac05fb338809262ff33a49,2017-03-24
313e3fc72246d0f98bde45c221c7bcec,2b5e912b5f0c054a0548725c2f7b6a02,delivered,2017-11-02 11:25:31,2017-11-02 11:45:16,2017-11-08 20:58:46,2017-11-10 20:31:39,2017-11-24,7d555efc335e63f35a6ade84172d52fd,2017-11-02
94c6026e6a2dcfeb6847cef50df19736,4419ffd0c94c3507645f8a8e87e42fff,delivered,2018-01-09 13:54:01,2018-01-09 14:09:34,2018-01-11 21:48:48,2018-01-19 21:03:53,2018-02-01,bdf8a63108a75f8afcc9a399c3db9a56,2018-01-09
c195e207709acb5b45f5b8d6e67899e3,fa865c3b6a22d9eae6d21cb673649062,delivered,2018-04-18 09:25:19,2018-04-18 09:35:17,2018-04-20 21:24:59,2018-05-10 21:42:38,2018-05-28,66cd50e1daacbac871334fa71f3c6a67,2018-04-18
fa1bc00c5ff3bb7e0f2de96d76e2ee05,369eb3d661e1d58298d904d8c3be17dc,delivered,2018-05-15 11:59:32,2018-05-15 12:31:36,2018-05-22 10:18:00,2018-06-12 19:32:19,2018-06-08,2a21b7a2dc690c223407ba844254c780,2018-05-15
e08de031276032b05881e30eac0860c9,6e8c1982f98054e1b60a4a3ecfec3fdf,delivered,2018-07-28 13:11:23,2018-07-28 14:30:29,2018-07-31 13:45:00,2018-08-07 18:22:03,2018-09-04,ad155bc0931cb6bab63d4ff2515c3159,2018-07-28
19482dab7e55b687df4b2aec7bf23f55,a0fc515e385cfcd3492a839b02f57cef,delivered,2018-03-10 09:10:20,2018-03-10 09:28:02,2018-03-20 17:33:05,2018-03-27 01:22:57,2018-04-13,52de35e3932a274c469dc529638c91c1,2018-03-10
52c3edf18680e4785029db436e8c22c0,abf6c27878d1fe953f3aeed7df8a4d32,delivered,2017-07-12 19:56:51,2017-07-14 02:25:49,2017-07-14 16:43:52,2017-07-21 18:32:02,2017-08-03,ddc9f46f410833e764302f8efbe87ead,2017-07-12
39d8500c0e37306e6bf2c13d7f298972,7b6558a31dd47d6fbf4907248792e26c,delivered,2017-12-26 21:01:47,2017-12-26 21:10:27,2017-12-27 23:56:45,2017-12-30 15:44:53,2018-01-15,71ca927e948cd6ae470fa8bd89026499,2017-12-26
20a18fef7fddaf04fa9f4dd66b3f78f4,e4ea02f816abc2c366d5988b65ced86f,delivered,2018-03-18 21:39:30,2018-03-18 21:50:41,2018-03-20 19:36:50,2018-04-05 19:12:47,2018-04-17,edf83a147fefedf3012112d7f5a89113,2018-03-18
bfd287ec712ec9ad5debe07d10399fb2,8b2ff3f5bafe3a694b5c2c7f3f63f08c,delivered,2018-04-11 12:47:32,2018-04-11 13:09:59,2018-04-12 17:48:46,2018-04-17 00:13:27,2018-05-03,1db716b277f04a5bbaafaaf1ae8a94c8,2018-04-11
85eab7a4f0d59bd1eccd9fd217691aa6,3df71cb6e2d4c4b0c0b83c0ef3e8f5b5,delivered,2017-09-13 16:24:58,2017-09-14 16:30:22,2017-09-15 19:20:04,2017-09-21 16:19:03,2017-10-03,2f61db7165adffd5b88eead74e652221,2017-09-13
d1ea13fc1406243e6f6134582bf1bbc5,956db7328e406f8d4ff14c4763d8956c,delivered,2018-05-19 18:18:10,2018-05-19 18:32:31,2018-05-21 12:08:00,2018-06-06 16:49:57,2018-06-25,6899ba25b05f771af3ede719ef5c861f,2018-05-19
8dcdc3f032fcbc54ae56d5a0f0c2f18c,f18a529fdb25fa6ac42814aae9bb6431,delivered,2017-03-24 15:46:56,2017-03-24 15:55:29,2017-03-27 11:45:33,2017-03-30 12:56:56,2017-04-17,cea53144530cc3367e429dcb7b697b72,2017-03-24
a054d68189a478a9884aef3fc2fcb6f9,4e8c561a05a9ce1de6804af430f3ea9d,delivered,2017-07-31 19:33:23,2017-07-31 19:50:08,2017-08-01 19:04:38,2017-08-07 18:29:33,2017-08-23,4d817def50e83c178d1d448d704b2348,2017-07-31
71932b1adae11f63e4a454bb85d4235a,bcf86029aeed4ed8bac0e16eb14c22f5,delivered,2017-04-21 22:16:56,2017-04-21 22:25:14,2017-04-25 15:01:02,2017-05-16 10:47:59,2017-05-11,7cd7974c9f79f75b77f323878ef87f43,2017-04-21
137e9582e80ce34b3205c7cc8466ec29,1599a28dfa97a32b693d2d3ce29bc2b2,delivered,2017-03-04 22:33:20,2017-03-07 04:23:12,2017-03-08 13:06:54,2017-03-17 12:22:06,2017-03-29,207b4e1e12eeba1c698fcd4a9d010c36,2017-03-04
32cd1d979b9373c462bdb9a06e5bf4f3,28a126ef0304974604ae3ac918789e84,delivered,2018-02-21 22:29:07,2018-02-21 22:48:17,2018-02-22 18:32:57,2018-03-09 17:52:41,2018-03-13,18a65d67bb184e736656cc017f09f7b8,2018-02-21
e2a0f7c30f5e78d97892b4140fdc0979,13d5c0d8f58b98b7b5fce3cefa1becfc,delivered,2018-08-03 11:27:04,2018-08-03 11:44:11,2018-08-03 17:29:00,2018-08-21 16:52:14,2018-08-28,c417bce61f433af77e86d2f87a62a37e,2018-08-03
f0cb299a9702d7db4e501895d61d2baf,3d14ef1b615443e8569574ccf4c70ffb,invoiced,2017-06-10 22:46:28,2017-06-10 23:02:39,,,2017-07-03,57d2e3a4c3b277bea367027f105f1c02,2017-06-10
008720830a8a30e39e6f22f81818a141,f1af79ed0c452b79fec6a0217f60a6da,delivered,2017-08-13 16:44:57,2017-08-13 16:55:17,2017-08-14 16:12:41,2017-08-18 10:24:01,2017-08-25,634348bbcede56e5731bfb277a34ca80,2017-08-13
1bfc6a0fec1d7e511b040f474ced0c0c,bca0fb95cf743f0e9a07ccc75fc0e407,delivered,2018-06-04 17:27:42,2018-06-04 17:52:43,2018-06-05 19:04:00,2018-06-06 16:32:14,2018-06-28,4f9bc202e060d8e02eef3c453ba46982,2018-06-04
1300da43ff811b40b28c5c7b8128bf40,bb2f6698ebaced61f5c8d20c2aaabf76,delivered,2018-03-25 21:17:41,2018-03-25 22:00:19,2018-03-27 05:48:45,2018-04-04 20:28:31,2018-04-16,04fc637963fe982dd25ac58e4f4770c1,2018-03-25
93946756257ca00a0bd35bf9e162718e,10242429481cedab70f61a45e1a9fb88,delivered,2018-06-08 21:21:51,2018-06-08 21:39:40,2018-06-11 13:35:00,2018-06-13 16:32:42,2018-06-26,c278306315d869f89e9e0f813192911b,2018-06-08
7fc14928697eee65dc635592072afaa8,d494b02fb3835e2d398d44ea7f275bce,delivered,2017-03-27 21:24:30,2017-03-29 02:10:36,2017-03-30 13:55:14,2017-04-12 19:08:14,2017-04-18,e1a5b21153987479299c92d5c8b1ee1a,2017-03-27
18cc8479fa2db4a1166ab0d28ff2f54b,72c845f0388f7f571639e5bea61a061a,delivered,2017-03-18 16:25:24,2017-03-18 16:25:24,2017-03-21 10:21:25,2017-03-30 13:17:52,2017-04-24,e4ee1aae54254348f5712bf41152bc20,2017-03-18
17e6cc1eacf9ee440e45af8b99785845,520e20cf271769ea1844e71104d65956,delivered,2017-12-15 16:15:10,2017-12-16 19:17:22,2017-12-18 22:58:03,2017-12-22 20:06:51,2018-01-11,e078e89337f800604e4af0d8f6df3c0d,2017-12-15
bccbe20275c5ca847160e9ca42aa220d,b1a61930f7a035bc34f86f22eebed4ae,delivered,2018-05-15 20:36:18,2018-05-15 20:56:09,2018-05-16 15:51:00,2018-05-18 00:42:32,2018-05-30,e07ced752d77608fad5260c058e09266,2018-05-15
387ab69cd89bb3ed95402ff3d7f50b94,f15d200ef0ec72271b2f83d53604fde9,delivered,2018-05-17 16:46:01,2018-05-18 00:15:15,2018-05-18 14:57:00,2018-06-08 00:28:33,2018-06-22,63a233c27dd5880d251f812f3c74c417,2018-05-17
f79fa5890e2258ffbfa357dda38402e8,d43631902ab293111a2fc26aae11c230,delivered,2018-04-24 19:20:01,2018-04-24 19:30:18,2018-04-25 13:06:00,2018-04-28 11:05:03,2018-05-14,4e7725faff6848ccd582b9622f5387ac,2018-04-24
6175b1fa7ea822df4907c8e4b71fc192,9c2d7e734f6c068b707e9ab0bffd5048,delivered,2018-04-02 17:03:38,2018-04-02 17:15:27,2018-04-04 18:06:47,2018-04-18 00:31:56,2018-04-20,a1f560f4e2d33a585b14158020b63719,2018-04-02
bc3f00ad0efe370a931d034fedaecf61,c72d1cfbb75bd73135c4e6a08a87ff53,delivered,2017-04-10 20:28:34,2017-04-10 20:42:03,2017-04-12 11:54:49,2017-04-17 13:38:08,2017-05-04,99b13c4df0d99ac3b63affa29d498de4,2017-04-10
62da4cc6aa63ba0c28dd6418ceac3dbc,c88c5bfaeadc82cfb0b11d562db2172a,delivered,2017-04-26 22:55:05,2017-04-27 01:15:19,2017-04-27 11:56:47,2017-05-16 14:33:27,2017-05-26,99a1c2c5dc67a117fc9e973e95715efe,2017-04-26
b0220dd81253d8ca2c9dd8be8caf49b5,36cc031ab99b639ada133b4cb346f826,delivered,2017-03-24 06:12:05,2017-03-25 02:33:45,2017-03-30 16:32:54,2017-04-17 08:06:51,2017-05-05,c6df3869c263531ebd51f0454a353605,2017-03-24
4b582fb59bf53f9f3e213edbf4917a83,d1509144d1cf3f6f0932a979d3a3b8c4,delivered,2018-04-30 18:06:42,2018-05-01 02:36:35,2018-05-02 08:35:00,2018-05-08 17:27:24,2018-06-08,a525b3b29560b44b401e1f7b119a1172,2018-04-30
618a75a5455f1971e39c8bec6af25e8f,6be5849e706666bb0b9ac0fc130efe0f,delivered,2018-01-25 15:01:29,2018-01-25 15:20:21,2018-01-25 23:07:32,2018-01-31 21:14:12,2018-02-23,d6005a77ac698f04d2db0b3cd24a37e3,2018-01-25
f1bdbadeb03d8a0e4c6c2f3ffaf32b35,3dd7e34382c3fae6bd89bf41b2c7c291,delivered,2018-07-24 11:25:27,2018-07-24 11:35:32,2018-07-25 14:34:00,2018-08-03 19:12:28,2018-08-23,807842f72de3de898317fbb8d1942cd0,2018-07-24
c1e492840f4fcc3995f6464acd94661f,5cf5b3de76c53f7cf0c8b9a614318002,delivered,2017-03-30 17:32:37,2017-03-30 17:45:13,2017-03-31 14:43:03,2017-04-17 08:10:18,2017-04-28,b918dc8c18499a886486c19ee23a1b78,2017-03-30
b4e2b782ea1fa86d7abf9fc538af9005,e1c0318960b73aa3bd90b9500f7ba6fc,delivered,2017-11-24 03:37:31,2017-11-24 03:49:23,2017-11-24 18:56:59,2017-11-25 13:23:00,2017-12-08,0d4393a1abe4dca62098942cc50ba744,2017-11-24
84a29ed9a83dd55591f24898abc6f1c7,f216989f29fffd9bdbb0debc76afe3f7,delivered,2017-05-29 21:09:38,2017-05-29 21:22:43,2017-05-30 09:12:36,2017-05-31 14:21:34,2017-06-09,df6e946d46fc243a9818553b35fdac9c,2017-05-29
c3f76f14ce3587ab9df86c8caaac928c,f96e15f676d7314516ac863a42da8b4f,delivered,2018-05-30 13:49:32,2018-05-30 14:16:44,2018-06-01 09:05:00,2018-06-04 23:48:35,2018-06-18,f0eab68a3b7cd853e39d49d0e772ef67,2018-05-30
5e105321549880c6b806ccb3605eb980,2fd639782d6044fb98e1370ce3acef0b,delivered,2018-07-23 09:19:56,2018-07-23 14:31:47,2018-07-23 15:21:00,2018-07-31 18:42:29,2018-08-14,e303facb69575b2c1df8ce0675967c68,2018-07-23
a6b1ef6078eba08fce9fdc3263d690c1,8912c3b927be99f1f80b81354883114c,delivered,2017-10-21 14:31:35,2017-10-21 14:49:40,2017-10-24 18:58:50,2017-11-08 18:04:19,2017-11-14,794307f7c4fd6c8325655fb3f7b89895,2017-10-21
2a1ca5e0a47b3b8fdbb8da5b34ed45e8,5c4c2390111b27f6f0289038407b381b,delivered,2018-04-10 16:25:39,2018-04-10 16:35:19,2018-04-11 19:06:28,2018-04-18 00:51:19,2018-05-02,d0b4ee79dc81cd4f443318da09e9ac7a,2018-04-10
0dd1400bcb0a842a18f9f659e724f7ff,3a5a9c83ac1027afafe0598a12c7d6d3,delivered,2017-10-07 14:34:19,2017-10-07 14:49:14,2017-10-09 17:47:54,2017-10-16 14:06:01,2017-11-01,284e36d78d3a3a395cae7fe335fc8371,2017-10-07
2e24aeccba21e9699a167d51dbc35fc9,23bc2804a5d9ee2d56d3b5b2bfcdbe1a,delivered,2018-06-18 21:03:26,2018-06-18 21:18:01,2018-06-26 10:07:00,2018-07-06 14:23:05,2018-07-19,f68ce78ca16974bd25376fceccf5eaa7,2018-06-18
1a867802edf4f74cef9de8cfe691e5f3,a373b0a9df3236a0bd069c9a01922713,delivered,2017-10-02 12:34:59,2017-10-02 12:49:26,2017-10-03 19:04:23,2017-10-11 12:00:11,2017-10-27,76a8d1e8cb5038f4f0a171f16d63373a,2017-10-02
a4bd0ba6a11d3e4dda50d5d4c23952d8,5c64020e37f618d9a40f45d7fc5a7970,delivered,2017-03-20 13:45:06,2017-03-20 13:45:06,2017-03-21 15:21:24,2017-03-23 17:15:57,2017-04-17,6c0306b7f2dce71c5d41f399071a5218,2017-03-20
87f795f6abd4bbe786854091a9c6e651,23d432ad2fda40be9a59b060703503f8,delivered,2017-12-30 11:01:42,2017-12-30 11:13:28,2018-01-05 22:10:54,2018-03-20 00:12:42,2018-02-02,1f8b0205c817601be34a7fceb7228dec,2017-12-30
10c3c7fea20a1ed15c6e55e90b3fb084,674fa8530087a50d62a68830c4221ce0,delivered,2018-02-08 19:22:36,2018-02-08 19:35:32,2018-02-09 23:48:47,2018-03-19 18:54:42,2018-03-02,8c481d6c9a4dc5ccfe46973bb82f07ef,2018-02-08
69df1d467702671ed04aaa60c5996701,1a56026e25c55e895a50fc6927743c1a,delivered,2018-03-09 23:07:10,2018-03-09 23:20:28,2018-03-13 10:18:42,2018-03-16 13:06:57,2018-03-23,97808a155820eb5b9594f0a836a589ef,2018-03-09
5a9f106e9db0c818cee0c5c4a5efb352,b46b92545792b60cb001d909c3831ebe,delivered,2017-02-08 19:33:34,2017-02-10 02:45:37,2017-02-13 01:52:19,2017-02-17 17:47:57,2017-03-09,b0229f62396effc36cfc54db9f5fba6a,2017-02-08
402094e1d8f8b5f681f962bc2554345a,a9cade3439281b14f81dbaa4ea56242c,delivered,2017-11-24 20:06:04,2017-11-24 23:14:53,2017-11-29 00:02:29,2017-12-13 20:32:54,2017-12-21,b5fc114d1c1bbd091ee62a31110c56d2,2017-11-24
5ed0ef9993cc883d89e624dbb08fb74f,32810b0f4b9819d00a42b73956854780,delivered,2017-08-01 19:32:27,2017-08-01 20:27:25,2017-08-02 18:17:04,2017-08-08 17:07:56,2017-09-06,136a9905ef5735e9799c1e11d7d13444,2017-08-01
067cdcc9257641b7d0ed7a49a466dd8d,b4a44120b7b9e503fc473b953771df90,delivered,2018-08-02 15:53:58,2018-08-02 16:24:04,2018-08-03 11:06:00,2018-08-10 21:32:44,2018-08-28,6603603a63305f833777f313da23b3cc,2018-08-02
0888cf8a7f975f34f13e851049b35dd6,9b98fa6c604ac83f3031c2894205632e,delivered,2018-02-28 21:17:37,2018-02-28 21:29:07,2018-03-02 00:25:03,2018-03-15 19:07:53,2018-03-20,967c5d41250c07265c4fbf6103a52f06,2018-02-28
b7a7ac8cd7f24354a07b090362fbb6bd,41e8d9c16fbf082197a4584299fc7c03,delivered,2018-06-25 23:07:50,2018-06-27 08:53:26,2018-07-05 09:41:00,2018-07-06 20:04:51,2018-07-23,f8e300d731672bb9dd90d4e85000d8fe,2018-06-25
1816604dbb7f5d2f152dec74b3379aa2,250611bb96a6ae1849bd7815cf3b67a0,delivered,2017-07-26 20:06:20,2017-07-26 20:15:22,2017-08-02 11:55:50,2017-08-10 19:40:14,2017-08-28,53fb629421f4abbf193879a5a897a5a4,2017-07-26
dcd8f0cb152fc6a01d1f98726d00696c,b24ed72a67bb8e128eb4eb427d47a3d9,delivered,2017-11-12 18:40:08,2017-11-12 18:50:37,2017-11-16 19:38:35,2017-11-22 01:41:08,2017-11-27,e312e5f640e3e7591ff78adc398ba803,2017-11-12
0332758ed6bf8f4c1ffa5b6bf5b5725d,1f09757902b8881d55a29f5380d546de,delivered,2018-03-01 18:43:02,2018-03-01 18:50:33,2018-03-09 15:38:34,2018-03-20 13:28:58,2018-04-10,0213fe7fbaa0a7e81c16350785e367e6,2018-03-01
df473c5f4e43c7d63af78684cc44c521,f31f6b6f82104984ce2ee05d9f9c755c,delivered,2017-11-22 16:06:05,2017-11-22 16:26:29,2017-11-23 19:17:12,2017-12-04 18:37:13,2017-12-13,63dba92b86bb0f9ae0c8c881d3094b0f,2017-11-22
0be5691eb4c245d190a1e194494f754d,f7c5afab273b47ab517e096e0219b932,delivered,2017-09-05 15:32:33,2017-09-05 15:50:35,2017-09-06 19:37:44,2017-09-11 22:19:57,2017-09-28,b6c083700ca8c135ba9f0f132930d4e8,2017-09-05
ced5e18d913f7ce60b82578152422dbe,abf6e5a27ea027a46312283be02c821b,delivered,2018-07-23 17:54:39,2018-07-24 10:32:13,2018-07-25 14:53:00,2018-07-31 21:35:44,2018-08-13,6d516cb92493017d5044fa487678f428,2018-07-23
af4b4e5e7cc290c42e0935df9ff3479c,4771fab6923ee8f000507e1118bda0ca,delivered,2018-03-10 16:34:24,2018-03-10 16:50:26,2018-03-29 22:24:42,2018-04-13 11:46:27,2018-04-18,22c8f0da92fc35d9921a3fae60ef0470,2018-03-10
e0fd66782409b23632b81b1c01c46c24,50c123c170cef36e20c9c01d526338d0,delivered,2017-06-25 14:15:58,2017-06-25 14:25:17,2017-06-27 15:07:33,2017-07-04 17:11:36,2017-07-18,1cfaa6259795d9fe6387667a60414392,2017-06-25
fa1965c98f3d6c3a1fe5589129ee48dc,d05edc01533822ed476dbac0d96b63c5,delivered,2017-10-02 18:51:44,2017-10-02 19:05:30,2017-10-05 21:20:27,2017-10-18 21:09:54,2017-10-25,ec7df3e6f0c28ce6265380ea09534200,2017-10-02
2da3f67af1db377e56dc9a07b969c9aa,7dcde5c8da2d7cd96e956c560e76a013,delivered,2017-09-13 21:52:09,2017-09-14 02:55:30,2017-09-15 18:13:09,2017-09-18 18:59:36,2017-09-25,082e7aee329ca529ceaf14dfc020bf69,2017-09-13
ce8f65c6a6f857ba818c5ef5e7637033,37e079aa2713f29471a4ad7a8b25b2a5,delivered,2018-06-09 17:46:29,2018-06-09 17:55:18,2018-06-12 14:37:00,2018-06-27 13:08:40,2018-07-18,287ca7c4873464a2abede92b01893e9c,2018-06-09
9072e2cde2e421bafb3a41d3f01c7dda,4c67f376c7f7992759da86c187c29cbb,delivered,2017-05-03 13:59:16,2017-05-03 14:10:19,2017-05-11 14:29:04,2017-05-26 10:37:26,2017-05-31,e5a3e54ded53808d9d71f9fa66de71ce,2017-05-03
2d7561026d542c8dbd8f0daeadf67a43,8199345f57c6d1cbe9701f92481beb8d,delivered,2017-03-15 11:24:27,2017-03-15 11:24:27,2017-03-16 09:29:16,2017-09-19 14:38:18,2017-04-13,186a453a38d349c487ccbf472b31fb39,2017-03-15
d2ce7421730f81ac57551e623ed3522d,873967bfecc663740e5d43930cc64b7b,delivered,2017-04-25 16:48:35,2017-04-25 16:55:23,2017-04-27 10:00:13,2017-05-17 10:18:51,2017-05-16,14e45ce4cfe711aa6d32e974517bc76b,2017-04-25
307ffd3273b9aa8140ad9f386879baf6,7f237995907385fce112294e9dbf469d,delivered,2017-08-09 00:06:48,2017-08-10 00:15:32,2017-08-10 19:47:58,2017-08-16 20:51:44,2017-08-31,2202430911565c189d704853bd88bce4,2017-08-09
c2100d40d4b85ba8fc3633a85df8af87,741ecbacde649cad82e6c1666e9dc0cb,delivered,2018-06-05 11:49:18,2018-06-05 14:31:35,2018-06-05 13:45:00,2018-06-12 16:09:54,2018-07-17,8a95056b02b3173e84d48647c52a7e0b,2018-06-05
b016b176ba1599cc8e192f447c432bab,d3cf1a567ec1782e9ba40f577651ebf5,delivered,2018-06-12 10:55:06,2018-06-14 02:17:45,2018-06-15 12:04:00,2018-07-03 16:12:18,2018-07-03,219120b47e7f1fa969c10f38295285e8,2018-06-12
ba1d49ebc63a5776178f2b7ae10f0fae,cb268689b30fc005db087c7f3b2fdcee,delivered,2017-12-09 21:39:31,2017-12-09 21:49:31,2017-12-11 17:17:10,2018-01-09 19:07:40,2018-01-08,f23a09bc077c42dc755373ab12721cee,2017-12-09
199b69907d6218811c47ec3480d11812,7d755564d79200285d76ddc0378906bb,delivered,2018-07-20 23:39:22,2018-07-24 11:32:14,2018-07-25 11:57:00,2018-07-30 20:28:53,2018-08-03,f1ed0298ad5795da719d3cdc8e9a3ca9,2018-07-20
85d868c1adad7faa7378efd85048d0fe,06ea539f2f9ea62188a9603255022f8a,delivered,2017-08-02 13:22:38,2017-08-03 06:45:16,2017-08-03 20:27:25,2017-08-04 17:55:39,2017-08-15,68649a15090c8f4eece0a2be912ab5b1,2017-08-02
62fd94635a316b1af6e68fad6c4f3d02,ba0bc48c8813635bfaac7d201af8fdd3,delivered,2018-03-10 15:48:31,2018-03-10 15:55:30,2018-03-12 17:18:41,2018-03-20 18:52:46,2018-04-19,d300b24c2e6a65b25d8163fe36e7c1de,2018-03-10
c32fc9ccb03292ac2e7a2c2f027394ff,36051f35d72db8e13c444673d6599889,delivered,2018-07-17 08:58:47,2018-07-17 09:10:20,2018-07-17 12:07:00,2018-07-24 15:17:42,2018-08-14,c50794dfc62b62a84f72475abf38b4e3,2018-07-17
6b62b6fb8e065b8f7fe252c9850a62da,ca7b4ec47007166e0e759e6a199dcb93,delivered,2017-06-29 09:14:33,2017-06-29 09:25:21,2017-06-29 09:57:44,2017-07-10 18:02:38,2017-08-01,07734c4d78f0f9254aaac9fd4eaca36c,2017-06-29
069d3deb0a2f7dec8447aa0140aea178,3cfbb410f95cea8ee7ee4d94816ef1ca,delivered,2017-07-08 21:14:03,2017-07-08 21:22:59,2017-07-13 12:54:24,2017-07-24 17:38:01,2017-08-07,3f2b65bb88f42dce686fdf02e18f4e78,2017-07-08
5f9a1c89de3d5b9589622f33ee136871,7cca22c60c77d6d15ffbf8619f4f3a58,delivered,2018-06-28 14:45:33,2018-06-28 14:55:15,2018-07-03 06:08:00,2018-07-11 22:51:34,2018-08-01,e1d348e5ed57a3805859045bfcd509bb,2018-06-28
0dfc5762a0ff5c737811e18023883a86,02735ed0fa102eb7d85ff54982e7905a,delivered,2017-05-04 08:38:54,2017-05-04 08:45:23,2017-05-05 11:27:56,2017-05-17 10:27:32,2017-06-09,a094910c1933dcb019f14b2cbd8e89b5,2017-05-04
5a28f02f8dfebb2357b3ecdb2ae55430,2505800b435d9cc0ffabe667edbbd708,delivered,2018-05-11 12:15:53,2018-05-11 12:30:58,2018-05-11 13:51:00,2018-05-22 18:53:25,2018-06-18,b8589027d2db0583cc0b7d71047ac06c,2018-05-11
890f5964e17264069a75405d83bbce38,a904ff020577452eeffa659b4fdaf1f5,delivered,2017-12-31 14:36:07,2017-12-31 14:47:30,2018-01-05 19:10:53,2018-01-23 17:09:18,2018-01-26,74e6464250010ac3343789eff0904ac7,2017-12-31
d49a2214238550c6f2fc4e5bfc7d92da,592c3481ee43eea664305aad2558f2b2,delivered,2017-04-29 11:48:05,2017-04-29 12:03:18,2017-05-02 14:57:41,2017-05-05 15:17:57,2017-05-25,5253bf3e02cc87bd4515abc761a2cc59,2017-04-29
52fbf883cea22e6627c1aa7c49ecd8f8,d26edaaa7b906d0c93f628f77fa32e3b,delivered,2017-05-14 18:13:02,2017-05-14 18:22:34,2017-05-17 07:29:44,2017-05-31 00:44:59,2017-06-23,8a4a95cdc1335c6e1306988d281cfd13,2017-05-14
1f9102e61cbd0d6147b706875c920a72,ea13ed4c5895346a9bc1edb29a2f26ec,delivered,2017-11-26 16:11:57,2017-11-28 03:18:38,2017-12-04 14:37:09,2017-12-07 18:07:10,2017-12-15,590a34e4c1d027bd20b9e3b5325efe09,2017-11-26
3c964e5625c2d5b6ace8c0b038a03460,9e0c8cfab7bdb0ba76c418336f94c865,delivered,2017-11-29 19:41:24,2017-11-29 19:57:21,2017-11-30 22:32:02,2017-12-27 16:52:21,2017-12-27,c823d2ebc892a5147dd3bb340f5a84cb,2017-11-29
45a3ad6381d921b1ec16fb788b2a9a19,b9c4b8634e1ee526d9a5916df5e7ed46,delivered,2018-03-28 21:38:36,2018-03-28 21:50:11,2018-04-04 00:12:48,2018-04-13 18:13:29,2018-04-30,2052aead4a5d911c35ca9ac91fcfd59d,2018-03-28
6bce4e879e07d52ce8463ff404506751,a810d2a85a09ed40bbdf9e9ee4096d16,delivered,2017-03-03 13:19:35,2017-03-03 13:30:21,2017-03-09 08:50:55,2017-03-15 06:42:02,2017-03-22,60142732035263098a4907810e3d9aea,2017-03-03
7cf775f7ac856a4e689ffa4affa3a80d,9d89495735e0c0d9be97e8febc4989a1,delivered,2017-09-27 21:11:22,2017-09-27 21:24:45,2017-09-28 19:07:42,2017-10-09 22:32:59,2017-10-24,521dff62e5cebad57f840cdee5577015,2017-09-27
58d466df9508e837366847decaefcac5,90f8f6153b9c0f38829716d2320b2680,delivered,2017-07-24 07:56:34,2017-07-24 08:05:52,2017-07-24 13:51:58,2017-07-25 21:58:38,2017-08-11,fefb8262e3eba0a6adfa5d9bbc1c5703,2017-07-24
535b29494ee7ee79968ec7d9f42b3e23,2d596bb7b0819497568b4954c232d499,delivered,2017-09-25 07:47:12,2017-09-26 06:32:47,2017-09-26 16:30:14,2017-10-06 13:17:38,2017-10-19,48625b68a29dcfc3aba4b5147e0625aa,2017-09-25
ff5bf12997a3e2a32981ad70369bd708,8da8749f70c2d4c05bba24dfddb47065,delivered,2018-04-24 11:15:07,2018-04-25 03:30:15,2018-05-02 15:20:00,2018-05-10 16:04:33,2018-05-22,e1778e6f532c3e321687558802ed4792,2018-04-24
4cd45eb856471e6d7d1f85e585b81041,279a316b31aac761c16483859fa9d33b,delivered,2018-06-28 10:05:44,2018-06-28 10:15:11,2018-06-28 14:20:00,2018-06-29 13:11:06,2018-07-12,7fe108cef30f4cca2f8696a711a07d0b,2018-06-28
4f39a9f31c5a7d46ecfc92571700a6f9,0800b1a9b387519a58e8905f745f5f6b,delivered,2017-07-08 12:38:27,2017-07-08 12:50:16,2017-07-11 19:14:00,2017-07-20 22:13:42,2017-08-09,afd61f0b616f86133c62c8b804665995,2017-07-08
a72c7ab8344502cd9a7614aa0af4ab68,005460bea0518c7354f01adf10012184,delivered,2018-04-11 12:23:21,2018-04-11 12:37:12,2018-04-12 15:07:35,2018-04-18 21:31:44,2018-05-02,6aaa688f88ee9cc7f9b90d5f7cca7d84,2018-04-11
7f8b38a8af20de6f906cfd9a585dae13,f3a1fdd0863c859cc6f71a1b4b935e51,delivered,2017-11-28 09:15:36,2017-11-28 09:35:10,2017-12-19 17:04:21,2017-12-27 21:25:49,2017-12-18,24eaa8018a2a4bbaac9fe3fe5973033a,2017-11-28
4be69a31714c77604076ab0004055c6c,64f5f567fef8b7faab9a3c95e572cf3c,canceled,2018-01-31 19:30:37,2018-01-31 19:49:47,2018-02-03 02:33:05,,2018-02-22,ea5e4a62ae965de93c6a314491b462f8,2018-01-31
ce399271de0275f62753cadf440e3012,5a7801ea62f370b2c39569ef4cfec955,delivered,2018-06-07 16:16:08,2018-06-07 16:41:20,2018-06-08 14:39:00,2018-06-18 14:50:32,2018-07-05,1dcb4c54d17855c39899eb445551501c,2018-06-07
41bf9e63c5e66515cd080325bdbc2015,7d49493a8c9e940d1e75b3dd732191f3,delivered,2018-06-15 15:25:57,2018-06-19 03:36:38,2018-06-19 13:06:00,2018-07-03 23:21:46,2018-07-18,09591f2566b9aa31baed0f7ac04ca00e,2018-06-15
01ccfbb0ddf88340b6eed3f1370bcf0c,0b81ac66ced97049984bd7faa500cdda,delivered,2018-08-21 20:20:09,2018-08-22 20:15:07,2018-08-23 17:47:00,2018-08-31 02:12:04,2018-09-13,16e261d3a16e5ffbdf45706276e1cd40,2018-08-21
59121762c43937db5346b773db68db47,65b64abed60b94bd3f36fc2361b7f691,delivered,2017-09-14 21:29:41,2017-09-14 21:45:17,2017-09-18 21:47:35,2017-09-28 17:00:03,2017-10-09,b3ad2e309f3c2e4ef0806153d5127a70,2017-09-14
5a872b37ac143343156a0dc43f1a19fc,2208a5c21b9631036dc7eb52632f493b,delivered,2017-10-10 10:24:59,2017-10-11 03:14:11,2017-10-11 21:13:05,2017-10-20 22:43:30,2017-11-03,4282c18c99da50681a4be25df51c5c3c,2017-10-10
2eabf18a592d25bccb2e8778a7ea08e4,460542533cc122abe1f9cc18f2dfa8fc,delivered,2017-12-20 12:16:24,2017-12-20 12:32:03,2018-01-02 16:02:49,2018-01-15 10:09:32,2018-01-19,61615462ba0c9794aca790381c4ba0df,2017-12-20
a1b21ec2261790512fee2636be05ae42,2b5dc04ffe1d16608eca457ec50f4920,delivered,2017-07-17 19:00:49,2017-07-17 19:15:15,2017-07-21 09:48:13,2017-07-28 20:46:24,2017-08-09,043aee247e71edff7045664609f4d806,2017-07-17
1f4e46205be9ddf4f9b0e98b11a1a570,3af5a6102aff51aa12cfc86b57b7d690,delivered,2018-04-18 16:59:40,2018-04-18 17:33:44,2018-04-19 23:51:31,2018-05-04 14:51:40,2018-05-11,32f151f701410f4f875920ff8b235001,2018-04-18
d3af2af4c9e5b37fbf3379cfd6d45b01,f5ef1d61f9b1189ae6575725718fe8b1,delivered,2017-05-09 20:50:26,2017-05-09 21:02:49,2017-05-17 11:07:55,2017-05-18 08:59:51,2017-05-17,f94cd464313781bd6cbb5a4319770573,2017-05-09
3f7d4510666c881c335f9ca51b9db9cb,a1208bd625ecc4195a9a93c9c1b9865c,delivered,2017-12-03 17:25:24,2017-12-03 17:37:23,2017-12-04 19:09:10,2018-01-05 01:21:55,2017-12-28,d47c6a6d48a7fc552cededdb740fdfa6,2017-12-03
bf96351a058bdba11dcdb09a1ff86612,386563f8bf52f347e146f6215bb2682d,delivered,2018-02-04 21:44:05,2018-02-04 21:55:32,2018-02-06 01:28:28,2018-02-14 19:31:35,2018-03-05,6ee5fdf79758b0569c8ba02d86f1bbfd,2018-02-04
f4ae2ab52b8c6e093b06d6656ee4d351,a4a02a5a0bc285e311c14dbdbfdb4269,delivered,2018-01-24 00:23:50,2018-01-24 00:34:53,2018-01-24 18:22:57,2018-01-26 20:39:05,2018-02-08,fb59e2e9bdec569f4fc4a6aa5d0bbb72,2018-01-24
3bb493e523dae107dd7c396489bcbd0b,34922a60c988e6e3a911229a89beca90,delivered,2018-05-30 14:54:26,2018-05-31 14:54:47,2018-06-01 14:39:00,2018-06-15 14:05:24,2018-07-18,7cc8c55781241cb0699be8b935e8e5a2,2018-05-30
af3ac636ad9bd84b524effaba1214126,90a4bdf0959e73f0c09e657d9bb90d0f,delivered,2017-03-03 19:47:15,2017-03-04 19:50:20,2017-03-10 13:02:11,2017-03-22 09:23:58,2017-03-27,108c10f28afef3e87de5cc5ee055cc8e,2017-03-03
a7b8a8948215052693fd30a5c9ab6736,f92d046045b809c41d7969fdc8021a1e,delivered,2018-03-17 11:33:32,2018-03-17 11:48:52,2018-03-23 02:33:09,2018-03-28 17:38:35,2018-04-05,94bda83a180b4a03fef64c43b4a088e8,2018-03-17
3f237ed2840facebde719d4501dd7d30,898bc91132dc94d6f216ddf9b0a4e2e8,delivered,2018-02-09 21:17:17,2018-02-09 21:30:27,2018-02-14 20:07:43,2018-02-26 15:41:51,2018-03-06,49e2ede5cc361f6eb79748c1c18c0c6e,2018-02-09
04eef545c54d444825c506ba170a26bd,c5a0073d6661564548122a1570ede3b0,delivered,2017-04-24 19:29:09,2017-04-24 19:45:16,2017-04-25 10:36:56,2017-05-26 12:39:56,2017-05-15,b769087ee916cb68046a4d5698e3ce8f,2017-04-24
d5ea2169e37b50c52923ed4e62482bda,29f12840031180eb478a0c13001b0ca4,delivered,2017-05-29 14:32:09,2017-05-30 04:42:44,2017-06-01 11:55:36,2017-06-02 12:15:18,2017-06-19,12b1526369df5657772deb2c24672625,2017-05-29
97514c152882f3625b91ce58ddc0c3b6,24d4b8f86f9a112d72f1a22858fbd636,delivered,2017-09-21 08:35:08,2017-09-21 08:45:39,2017-09-21 15:52:47,2017-09-28 21:02:05,2017-10-17,5ff5bb137879b2b1e5d637e5c27e86ef,2017-09-21
219c7d529a76ebdffe8380819ee7aa24,86a55360201ddd99b68ab34c17970492,delivered,2018-01-13 18:47:03,2018-01-13 18:57:25,2018-01-15 19:24:44,2018-01-22 16:47:08,2018-02-20,eb5c9459db35e4aa0157281a9623e285,2018-01-13
445dfa2b420c1f20eba83ec3d5ce8993,3d6ddbb637f290c98124b3cb79ee563e,delivered,2017-10-16 16:33:10,2017-10-16 17:08:30,2017-10-18 22:26:52,2017-10-26 21:32:28,2017-11-08,5e4c21084ec2a785f22d323b1535ee3a,2017-10-16
df1b378ac0b21d71ef1e642971d31530,dfd18dbef42d2d617d822af592b2fa62,delivered,2017-01-14 16:10:59,2017-01-14 16:22:27,2017-01-17 16:33:58,2017-03-14 15:44:15,2017-02-24,9ee03e957df37196acff32001e29894f,2017-01-14
c7b67f6e3ee300d8fde6627ae6b50041,f26d58fcd47c90dcb5e0e03bd137051e,delivered,2018-05-05 21:31:10,2018-05-05 21:50:50,2018-05-07 08:28:00,2018-05-15 21:35:29,2018-05-22,0978d7916da809d3c71e2061832c3408,2018-05-05
50bb0c134ee3365dd06e13da6cda15fe,95cf2f1f5ef26bb509b276c5f7037646,unavailable,2017-12-29 16:31:58,2017-12-29 17:00:31,,,2018-02-01,e60791a374be598f6277932a2a8bca55,2017-12-29
fa89b2c9bc90956a517714880dfeb6ac,f2b88194d68ac45551d759ed2afee2bb,delivered,2018-04-18 18:53:22,2018-04-18 19:12:45,2018-04-23 10:10:44,2018-04-27 20:58:35,2018-05-14,2ae6a803cd4bcfe303b032afb1c9b89a,2018-04-18
b21727c169d91071518836ff346b0c39,acf12b8516200017bdb650d979a4086c,delivered,2018-07-22 17:19:08,2018-07-23 17:15:20,2018-07-25 12:35:00,2018-08-01 01:05:43,2018-08-15,cb1f4893f56ad048a15ba69bf51bd575,2018-07-22
74e198a81e758ec637a42e8f2e856927,cf4ac5bebc177cc2f3accbcd7e12bd50,canceled,2018-08-18 09:27:28,,,,2018-09-17,7f78ef49a3ec6ff5ca63eb05bf82fefc,2018-08-18
75687059537f4b53423dc1d645c6822f,239e040dfb9ecf20be36947bbea5fa0f,shipped,2018-02-28 21:28:33,2018-02-28 21:48:26,2018-03-03 00:05:26,,2018-03-19,2fc1f00a492a9ebbbbadc1b5e3a540e5,2018-02-28
42e5f73161b3e88fdadd792613be1da9,34a4d97b83f57da56a9bd770932ae017,delivered,2017-11-25 14:15:57,2017-11-25 14:30:44,2017-11-27 18:22:48,2017-11-29 18:29:04,2017-12-11,cd3728157cc3e2c2b3f99aed2acaa15f,2017-11-25
020c2cd20d09193b79c51797a82aaa3e,5fd34b6c7233619283197ff572e5e966,delivered,2017-11-28 14:19:00,2017-11-28 14:30:56,2017-11-29 16:24:41,2017-12-04 18:08:52,2017-12-21,a9fb026555bf90291457057bcd39f613,2017-11-28
6ea05fe0bc7ce79a766cea430fb1ea56,663b2f4912cde86eb883a82b848b75ce,delivered,2017-11-27 09:12:29,2017-11-27 09:31:02,2017-11-27 23:17:01,2017-12-17 12:42:06,2017-12-18,1bcae4b78a0314c222212acbb4b8abec,2017-11-27
ef389a7e5f6a3789e5db7366d2805c4a,206877afc50ffd4a75034661b48ea057,delivered,2018-02-13 12:51:31,2018-02-13 14:35:24,2018-02-15 20:28:47,2018-02-22 00:39:19,2018-03-09,6c0519cf8b708738330c2a62810a090d,2018-02-13
17b6e0171d3c86549c28e1630bff91c8,5800e1fa39d7469cee0504def8e4acce,delivered,2018-03-26 19:47:38,2018-03-26 20:06:55,2018-03-27 19:12:38,2018-04-02 21:18:34,2018-04-18,b04b3653ac441004b247e96ac0829d0c,2018-03-26
be6e0e5aee2918775fc14dfe68d18a37,ff3fb57f76210bacea765b1f7d8876ad,delivered,2018-06-13 02:16:03,2018-06-13 15:28:57,2018-06-14 15:08:00,2018-06-25 20:32:17,2018-07-11,99ffe96d009a803ddc2e0a99d5c5c6c1,2018-06-13
28781e0706467b15858facab8a22ba5b,ccd29dc7fdb34938b17b1edb309f4144,delivered,2017-03-08 21:48:05,2017-03-08 21:48:05,2017-03-13 07:17:34,2017-03-17 12:08:19,2017-04-07,399733f05d064f607644340371825948,2017-03-08
e4d8efa70d39268e478a400cd60f6e05,198346aca2ea3817a0ab900610c9ca5f,delivered,2018-03-04 14:24:21,2018-03-04 14:35:23,2018-03-05 16:48:34,2018-03-08 22:09:30,2018-03-28,ef369fb8cd1029e81293db4aed96cc1a,2018-03-04
77e102ecf08e057581ef2ce55c80c6c0,4cd81e890532dc8cf4ee9c2667629e43,delivered,2017-01-19 12:02:28,2017-01-19 12:21:38,2017-01-23 11:58:06,2017-01-26 11:12:14,2017-02-15,218cfff9dc92d8ada9f47343cb1c82b2,2017-01-19
5dbd736e8af7fa0c1c7528c53b2d2f5c,21e69ff635b0200760b86b80ed80e7f1,delivered,2018-06-17 18:20:59,2018-06-17 18:34:08,2018-07-02 13:43:00,2018-07-03 19:06:47,2018-07-03,dd1e44059d2c70e672f19efd067ca739,2018-06-17
f795a37f40d58c4385cac618d078f202,7e56c2f611900bc524fed3a1c4b3b640,delivered,2018-06-29 09:18:48,2018-06-29 09:35:10,2018-07-03 15:39:00,2018-07-06 18:47:22,2018-08-03,3a0b24e2d5b05ced5bec3c653276c8e5,2018-06-29
ebb84f02334991a573fe0a654f19a056,4f2dfeb959a2433ea55a19d655c41f00,delivered,2018-08-20 14:57:03,2018-08-20 16:30:36,2018-08-21 14:56:00,2018-08-24 15:52:04,2018-09-18,b407698b36e4442c8f2de1fb6f7e27cc,2018-08-20
1114091b46acad2586d4f3b4d9a24ad5,7ab308e3492fdcf0bddccc03a53fc67a,delivered,2018-03-26 17:08:13,2018-03-26 17:27:53,2018-03-28 20:06:33,2018-03-31 12:08:26,2018-04-20,1378385cfc76dd22948e0d2916345971,2018-03-26
7e41af71933a120d6d0fcf9249f19a85,3d8a7d2f7d603be047ead30ebdb9665b,delivered,2018-08-20 10:38:17,2018-08-20 15:11:53,2018-08-21 11:24:00,2018-08-24 23:04:47,2018-08-31,c33bea47ddde78f6c98de4d261e2e4e1,2018-08-20
00af3d9ddff7f256e83d79247dbe1a9f,279084854f91753f3c2feba81d4573a5,delivered,2018-02-21 12:11:48,2018-02-21 12:30:31,2018-02-22 18:52:19,2018-03-07 23:47:31,2018-03-26,4ecad7e3d36a7e834f1095aefcc54521,2018-02-21
587d1c2d41167fd632fc7a7e6e6d03a4,0272a0e26ecc9271a51cd41921623e92,delivered,2017-02-05 23:12:12,2017-02-05 23:25:13,2017-02-13 15:22:51,2017-02-22 07:12:17,2017-03-03,16af9e34606212a873516601252d28eb,2017-02-05
5451f2c09029166e1682b8f0d0ce98b6,a44362a019fe8b1358893deb2ebdaffd,delivered,2018-03-01 08:11:23,2018-03-01 08:29:03,2018-03-01 23:48:44,2018-03-09 21:08:42,2018-03-22,af4fa1cf57ef7ad8c28fdb80f86258d0,2018-03-01
693c482b69198a2297a3b61befcd3890,01cd5f54498033a3b4820866458145e4,delivered,2018-04-01 21:14:11,2018-04-01 22:10:26,2018-04-05 21:12:26,2018-04-10 20:08:41,2018-04-19,3f67fef59c17078c2143f42c7978bdac,2018-04-01
0a075803f6a9f73007c86d42003cc231,e5f9d792aee28c3e58bef63830800b1a,processing,2017-03-31 00:03:06,2017-03-31 01:10:35,,,2017-04-28,c317be6b4b0d5d2f6a653261b66c1e05,2017-03-31
f154c7c62bc53e3c7ed82713abb2c96c,24dcda920a2f70b4ee8cd24fbf13043b,delivered,2018-05-12 18:49:18,2018-05-12 19:16:38,2018-05-15 07:55:00,2018-05-17 16:28:31,2018-05-25,e4be5dbb33ad1f23a5124131dbdfefca,2018-05-12
1d8d38e40026ed1b2eb7a2e898c31ebf,c3ae39465419f9f2717e48728255a7b2,delivered,2018-07-19 09:23:59,2018-07-19 09:43:16,2018-07-20 17:42:00,2018-07-25 21:06:35,2018-08-08,ad4d0a4b4ab96cef840a54ba989248f9,2018-07-19
ce44f44ee93f1deea42e493e84b5cd63,ebee8a6050baa684aa8ed76b90c0cecf,delivered,2017-10-06 23:13:21,2017-10-06 23:28:07,2017-10-20 22:38:49,2017-10-31 21:32:11,2017-11-08,07f4d82acd0d57d83ddeabecb75a7358,2017-10-06
dc17587e6349f0e37fabd902991359f4,85b757074a5477bf9975e7cfc3f574fc,delivered,2017-04-24 22:34:23,2017-04-24 22:45:11,2017-04-26 09:44:09,2017-05-10 12:03:42,2017-05-16,ae8da51ab5aa8c09c0315e4285681438,2017-04-24
da3c5f58df5d64e0b04915c5ef0f2a6c,41339559e17405fd2dd66312dd70e52c,delivered,2017-06-12 18:39:11,2017-06-12 18:50:14,2017-06-13 13:05:35,2017-06-19 14:43:56,2017-06-26,64dab1a72ce0e8ee77887e87f73cf533,2017-06-12
2fc58fd97ab3288872ad6b35bbd712c3,85fdc9f140218413947b78ea86ce9855,delivered,2018-04-29 09:34:52,2018-04-29 09:55:01,2018-04-30 15:05:00,2018-05-02 21:16:52,2018-05-09,00539155ce68fbe677934aebdb17e09b,2018-04-29
903f37040518ff60300da0229eaf9e57,569f5a9d54e97be521a19279e81c6f87,delivered,2018-01-24 00:24:19,2018-01-24 00:35:35,2018-01-26 22:42:35,2018-02-14 22:52:30,2018-03-13,961505a828e42879dbed4f8af2eaccc1,2018-01-24
2e3a1177e30ae6d784240896e5441c55,d524244808bcd4e2c485fa0cdae9f54a,delivered,2018-04-08 16:24:24,2018-04-08 16:49:26,2018-04-09 16:28:41,2018-05-04 16:27:50,2018-05-04,3ca96e38cb86ffb16e86afebcd43d40a,2018-04-08
b63188e48794609460e6d33e5cb7b480,861744f1359cbaff09e3bbe61ce0fc08,delivered,2017-06-13 18:45:57,2017-06-13 18:55:31,2017-06-22 13:45:34,2017-07-03 17:33:40,2017-07-14,8274f41708ee0e337a2efdcd61c55b7f,2017-06-13
5fe2df2e3a6df134feba908c1ae1a63d,5af8ae09d2997ccfadcc3ee3802d4053,delivered,2017-04-27 08:46:47,2017-04-27 08:55:17,2017-04-28 17:52:54,2017-05-08 13:35:57,2017-05-29,1eb285dfda5f74ef3d8cb36f4aaddede,2017-04-27
966a9df285b6bbab1516a5776a4eba6b,91f3a48792b867c22d0e909f4087d966,delivered,2018-06-13 13:15:28,2018-06-13 13:41:40,2018-06-14 09:50:00,2018-06-20 15:42:12,2018-07-05,c7d555af84ca469e02f46a4a82a2b9f5,2018-06-13
ada2aa22aa5d4a7ae4092124f8974813,cd2f24505004f52854f50cae51d90f9b,delivered,2017-09-26 19:37:01,2017-09-26 19:49:15,2017-09-27 17:39:00,2017-09-30 12:37:52,2017-10-18,f6311bf66d80ef8e7bb9f95f3bf79a56,2017-09-26
f9ec88f49637ef75f91d3b52f89b2809,f9221637539179d48001ecf3e5311cc9,delivered,2018-04-12 16:54:10,2018-04-13 02:32:07,2018-04-13 17:32:29,2018-04-30 19:06:47,2018-05-14,46417d48bc2287961151018320f0addb,2018-04-12
3bc051d51f6d4913e2d5aa5c23322082,15272c15e3fe4645525d8e796fad16b2,delivered,2017-11-24 10:39:15,2017-11-24 12:13:25,2017-11-27 20:21:57,2017-11-28 23:18:59,2017-12-11,2f50d56d2d9323d8669a680a5f95e376,2017-11-24
33c00e6b5e5d1f829753828969590a33,32bf3df42f4a846dc888178f9e276111,delivered,2017-07-16 09:17:43,2017-07-16 09:30:12,2017-07-20 17:42:16,2017-07-26 17:32:52,2017-08-04,af4ccb75d8c6ad4cc37353e13706a43b,2017-07-16
c050bbcc027f638bdea34842450ed4eb,e6c868341f8287419a56490ac96e81fd,delivered,2017-03-13 17:48:32,2017-03-13 17:48:32,2017-03-15 09:48:42,2017-03-28 15:17:30,2017-04-18,7c7b2d0a713f1a40594f82b1f295a96a,2017-03-13
5dae8914499e60f98b65ea4094c69880,de8390abbc527745eca27f23b6c4f9f8,delivered,2017-02-28 17:52:26,2017-03-09 10:04:24,2017-03-14 00:08:25,2017-03-20 06:51:41,2017-03-24,b64000eecc614f6f937967175d083228,2017-02-28
b30659f06b33fcd3ffad36f031b503e4,d6dc1f2356615d3e02cec3ce83e28783,delivered,2018-04-22 15:17:49,2018-04-24 18:26:05,2018-04-23 21:51:59,2018-05-08 23:18:39,2018-05-18,90493eddf464bdf21a99316550f23da4,2018-04-22
29658becd07b8b8ae3d13366b9cb10cc,0bfa1bc373e0b5b09842638f464bd547,delivered,2018-06-13 10:11:51,2018-06-14 10:19:56,2018-06-14 15:48:00,2018-07-03 21:34:41,2018-08-03,0422bf9c5455d76bf0906b94b42bdc2c,2018-06-13
06475c925f62299396ae63b9e9468486,08413a7d01b73094974b41e36cf77094,delivered,2017-09-05 11:05:36,2017-09-06 02:50:51,2017-09-06 15:32:43,2017-09-12 19:36:37,2017-10-02,4d2850067c25c07096a9e34ff4a1d1b8,2017-09-05
9c282d27e99fdd862f146b2a7a097b58,13355f11c5197e83d423eaee3abe63d2,delivered,2018-04-12 18:56:41,2018-04-13 13:14:16,2018-04-13 22:48:33,2018-05-03 14:08:38,2018-05-14,e1f82b741d53982abe524d754a8e1bbe,2018-04-12
e6f98f32bf5e724269a5e9cb2529f2e3,77128668aa910d3b2fb6627ac64c709c,delivered,2017-10-16 12:11:31,2017-10-16 12:33:55,2017-10-20 18:36:31,2017-10-25 19:11:22,2017-11-01,e1e3b184a4522fa372202ae55ee73ab3,2017-10-16
7ef0e1c98232d43b6e92ab32795aeb06,0263aeaed91e6e4375aa412acecf9c79,delivered,2018-05-15 10:48:07,2018-05-15 11:14:38,2018-05-16 14:49:00,2018-05-21 23:52:41,2018-06-04,71cb999c1d32266779aeffeb851ef99f,2018-05-15
23dd5794f9e689dc3862270739f8659d,708b0a0c6b5c4a4a12011f0ff5df51de,delivered,2017-08-29 20:30:46,2017-08-29 20:44:18,2017-09-05 22:29:59,2017-09-15 12:53:40,2017-09-19,8cf5ad788ef7be3a8b92f870307b0cc1,2017-08-29
ca98a7276eda33f339281b1eb1828d64,87eafdd6652dcec2a357beb6263c11bd,delivered,2017-11-25 14:04:11,2017-11-25 14:17:38,2017-11-29 21:07:10,2017-12-15 16:39:19,2017-12-15,d2451d65b521da4ef51178a1563bc5fe,2017-11-25
5d0878aacb99275519d63933d82cacdf,fb5daac77831c1a8947d7228df0ef463,delivered,2018-02-03 12:00:47,2018-02-03 12:14:57,2018-02-07 17:07:19,2018-02-14 21:18:34,2018-03-06,47c0c269d03b5e24138898e546c85a03,2018-02-03
eb6553e51dc318a6b8790d6793b029ed,4d92d11557fa6d633ad8d7d5f8e18cd7,delivered,2018-01-04 09:14:53,2018-01-05 02:38:00,2018-01-09 23:09:55,2018-01-16 15:22:03,2018-02-02,7b4a4e274b809d59868528085eeabfb3,2018-01-04
9de4ca7a2c92510bd3c8940e28e92bb9,b20bdc538695e93614d97f0aedbfac46,delivered,2018-02-23 08:26:30,2018-02-23 08:35:25,2018-02-23 23:25:07,2018-02-27 20:23:38,2018-03-09,a9f55f47cee4f2e61a82d6e751122146,2018-02-23
fadb25c91522130892be8a5ddb3e139f,35c01c5f551e1d41b65b9164b1f34386,delivered,2018-03-18 20:51:19,2018-03-18 21:05:38,2018-03-19 23:58:29,2018-04-19 01:03:33,2018-04-12,d09b44db1464b880dfeea0e309a6b48f,2018-03-18
0641c2d6df642517fb73e1ac88a188a4,b5754c1cf001e3e816ba20df67cd667a,delivered,2018-03-29 12:45:01,2018-04-03 05:10:23,2018-04-03 20:18:35,2018-04-10 22:13:24,2018-04-26,1e6c071043244f9df9cd4c58972f13b7,2018-03-29
6d7195bd775441e75af3f52c8c73031f,1ac79e9244083a16d968ef53e9f52f59,delivered,2018-03-18 13:28:47,2018-03-18 13:48:02,2018-03-19 19:11:44,2018-03-29 23:28:58,2018-04-06,61f8104eea01c92288fd2cf0c1ae3f0a,2018-03-18
b8b331821864531800f736e470ad836b,8a37841ad3480537ef81cece1aa55083,delivered,2018-07-12 13:43:12,2018-07-13 03:05:14,2018-07-23 15:59:00,2018-07-27 18:31:23,2018-08-07,9a6ac62957a9c8380f53505bc6763972,2018-07-12
7be469d9b115e2a08cf56be2d9250b8c,689ce9ef571f7142f069dca1467b8804,delivered,2018-02-10 12:41:40,2018-02-10 12:55:53,2018-02-16 19:57:02,2018-02-27 17:09:51,2018-03-08,ca59b3f1cb691ed31e52243506f53204,2018-02-10
4258b5bedf2331953c0b974849dd7b24,4b8c52be98a993fca3d13a62eca22be2,delivered,2017-10-17 14:20:58,2017-10-18 03:07:39,2017-10-18 17:12:37,2017-11-01 19:49:36,2017-11-03,5a17be7746de588c9652a1e2cb562f7c,2017-10-17
39e8d5883eb12c66b1d2bb1799810d05,afd8b1ca06dc456c25b4548c287ad210,delivered,2017-05-21 10:55:29,2017-05-21 11:05:16,2017-05-22 13:18:07,2017-06-01 12:48:02,2017-06-13,93ae88cf69a9eee3b3c3ff151ef5398b,2017-05-21
458c6e383ce04c24b3033392e56c9283,415383c1185f5e5a1b15c48dc014d714,delivered,2018-06-27 21:37:32,2018-06-27 21:51:06,2018-06-28 14:55:00,2018-07-03 19:47:57,2018-07-30,bacc5ea5a06e45a99a88e8ffb19c3ee7,2018-06-27
3a7944a49d196ebec0fc4e5058cab330,e61c6b4b92338a130aa2f9f2b1b6a6cd,delivered,2018-05-03 13:09:26,2018-05-03 13:34:22,2018-05-03 15:42:00,2018-05-15 16:54:51,2018-05-30,c18642d15eeee9a1e2fdaf847b0c4390,2018-05-03
3810134c7dbbc676c25f2b9d4e7886fa,a92d630cae2f41beef0213b212a6ff30,delivered,2018-04-15 15:41:49,2018-04-15 15:55:21,2018-04-16 23:42:22,2018-04-21 00:31:41,2018-05-09,92d541607b0aa66ab773d1a1b05889db,2018-04-15
bb1cb0653f2664a83f30a4bc0b483f94,fd28c7968c649e40e639e20d79040ccb,delivered,2017-09-25 19:50:03,2017-09-26 03:28:30,2017-09-26 18:54:05,2017-10-02 20:27:34,2017-10-17,ec3c96625c23e152219f0cf0915f0fff,2017-09-25
e34e69d5e393453223b95ec263c04b25,739b3ce6d027297d8f3af3e589161a1a,delivered,2017-05-05 20:25:39,2017-05-06 20:35:20,2017-05-08 15:45:23,2017-05-11 14:41:58,2017-05-30,dcff926c4171c7ff3420d025c33e9041,2017-05-05
95fd5e469d8ce5093adeace50b5a4389,073a1dd224494392bd923c55a093ce4e,delivered,2017-01-18 22:57:25,2017-01-18 23:10:21,2017-01-19 15:30:35,2017-01-24 13:44:49,2017-02-14,f59dcbbff80e462d11eba16dbbc43ff6,2017-01-18
2ad2d3393253922f6f46941e23089bf0,fb61c3e862c5b609f053cc4717391c58,delivered,2018-08-15 14:04:01,2018-08-15 14:35:20,2018-08-17 12:04:00,2018-08-28 03:33:26,2018-09-04,09b0eb53e09f29ad6a59aee993efc3af,2018-08-15
e239d280236cdd3c40cb2c033f681d1c,8f3b9d3f52f2f606b6675ef3d7d85e7b,delivered,2018-03-01 18:32:58,2018-03-01 18:49:11,2018-03-03 00:38:33,2018-03-19 19:41:39,2018-04-02,0f10d99ee99ca3d0489f2f2169b41ec3,2018-03-01
beb1a245f0be4e0bdd597e0041f1b93e,7ff0eff5307cd31bc9274c7ef83660f6,delivered,2018-03-15 16:46:28,2018-03-15 16:56:01,2018-03-16 22:51:47,2018-04-13 14:35:30,2018-04-05,ccc65cd745c4cab80ecdda75c70a0f1e,2018-03-15
cd718ff08da2d61cb462de44ae33bc56,e6af0f0cc1a12fc8def9faf0d08566f8,delivered,2018-08-11 19:28:17,2018-08-11 19:44:24,2018-08-13 08:51:00,2018-08-17 14:58:47,2018-08-24,8d073068b7eda86142f1563b922c9727,2018-08-11
5fab32eda80bc8ab834f55e18bdc1b8c,b117b1f7cae96f2fa34b1e6a7d3aa03b,delivered,2017-08-30 14:09:15,2017-08-31 02:35:25,2017-08-31 21:37:23,2017-09-13 20:10:22,2017-09-18,75cfe39a0ae8e768ee71ba6021517f3d,2017-08-30
ae4e0cbfa9ba0080cd373da8827352a5,eacfda830d840277dee29c60e86c7157,delivered,2018-06-08 13:01:51,2018-06-08 13:16:23,2018-06-14 12:42:00,2018-06-22 20:48:26,2018-07-04,f0b8398a3f7ec5426f5cc20d3e36695c,2018-06-08
64b68fbc3e28283e10fc7a8cdb828f2a,31509a3a88210ceda20f69725abb5225,delivered,2018-01-28 00:43:41,2018-01-29 07:18:14,2018-01-30 18:52:41,2018-02-16 23:40:08,2018-02-22,a53092d4be996fc45218c7fa5f418ca5,2018-01-28
75580197fa1d006140091ea9e6ccdcfa,14868a65241682f256d808dfeaa38d0f,delivered,2018-03-19 11:11:59,2018-03-20 03:31:56,2018-03-21 22:11:31,2018-04-09 18:19:10,2018-04-11,ecb4681c419c0c4c6983b85050877110,2018-03-19
93abf12999a36099e8292231caeebe18,7376354857bb268f2b6233bd0b9ab5ea,delivered,2018-05-01 13:34:02,2018-05-01 13:50:32,2018-05-03 16:30:00,2018-05-07 18:08:45,2018-05-23,13e863bd7e1af2d541b5839f8833deed,2018-05-01
ba0a733b734db384f6753b0d9b4e9185,7016ea86adbdcdf8df25fbcbff6d740f,delivered,2017-08-31 19:09:04,2017-09-01 22:32:35,2017-09-05 12:38:40,2017-09-08 21:29:53,2017-09-20,92da8bc27242469f90d1131d66d562b3,2017-08-31
e0820022dc8f9840abec5c1057054ba9,85f3d9a16a36cae43f37c9119046df4b,delivered,2018-06-07 13:21:36,2018-06-08 02:56:20,2018-06-08 14:40:00,2018-06-18 15:51:58,2018-07-04,ad2d839d70aba51610dca293d0edb01d,2018-06-07
5636f3720054204170c8f617a9c7e012,5a5bf3ec00dae24ee06f833978e27eed,delivered,2017-11-22 22:04:22,2017-11-22 22:12:49,2017-11-30 15:21:54,2017-12-04 20:39:01,2017-12-08,e3f84ad88549dbbbeaacc0fb65bb173c,2017-11-22
bfc2396e870e56354fb163b76c9c1e3b,671a303e12a184a9b815ee3c48ab3ef0,delivered,2017-11-19 16:35:17,2017-11-19 16:46:24,2017-11-20 17:52:58,2017-11-27 19:30:08,2017-12-13,810a58d25fa244c9320a411a7b8dce6d,2017-11-19
258078cb7df97d7f72229c81af3cae4e,76fea92dcd4e7a8b7626a991bb515af9,delivered,2018-07-18 23:00:25,2018-07-20 04:55:22,2018-07-20 14:11:00,2018-07-30 17:05:04,2018-08-08,feb1105b77a97340e3118a8a8ec3c1a2,2018-07-18
e1e7c43f425909256a366901f953256a,9ef63ef7db5bc9bbb48a256decbde015,delivered,2017-05-19 10:56:32,2017-05-19 11:05:17,2017-05-19 12:52:23,2017-05-26 07:13:49,2017-06-12,dbb7770391470be63df476901d24ad42,2017-05-19
8ea8033700913a32e94988adbe26d5aa,b03c680b10738fbb826a6368f2fe52b8,delivered,2018-08-04 21:46:31,2018-08-04 21:55:13,2018-08-06 15:13:00,2018-08-08 15:34:41,2018-08-09,b533e7f4520d68f94e3b7c394a870b60,2018-08-04
216b8ce59251043404cc3b15cff651fc,451ffb87d37499b3c61f7aab6af6f436,delivered,2018-07-29 05:12:32,2018-07-31 03:35:15,2018-08-01 13:38:00,2018-08-02 17:16:44,2018-08-10,b2e9a05d23ea17713b5d7799f2004f8e,2018-07-29
068c06f0ea08ab32e127f87aafaa834d,1633693027f6a28a4f6ee559c2950e37,delivered,2017-09-12 17:48:50,2017-09-12 18:04:35,2017-09-18 21:45:49,2017-09-26 15:55:05,2017-09-29,7aef09d68cd18831aaacca18f264136f,2017-09-12
e269ca84795620d3adb86146ff38ad62,201f52a9d850d5989432654fae9e1f85,delivered,2018-07-31 10:22:11,2018-07-31 11:00:11,2018-08-02 08:20:00,2018-08-06 15:50:46,2018-08-13,a37dcee138f1fe115ecf91c72970256c,2018-07-31
d759e07b69f482e6ce8efea035901b4d,ee70119030fc247a1b7bc26e35dee177,delivered,2017-11-07 22:30:58,2017-11-07 22:50:34,2017-11-08 17:57:45,2017-11-14 18:05:33,2017-11-30,c7bf5ccd0c2c42356759ca900d9e009d,2017-11-07
f4d33a3db484fba77b5f1f1990fb3445,8cb1a8d155e0ab13fed232cdfdffc0cd,delivered,2018-08-18 22:34:35,2018-08-20 10:50:27,2018-08-21 14:56:00,2018-08-28 17:58:27,2018-09-06,f5985137de910a1e58ed6bc3214a4100,2018-08-18
00fb055886536063afa0dbee07a0944f,ab9e9b26c172c928efe04a741772958f,delivered,2017-05-24 09:04:32,2017-05-26 02:25:13,2017-05-26 10:28:12,2017-06-01 17:29:32,2017-06-21,696b9f2a7a5565a5b79d8490514d3f3e,2017-05-24
5281594b70a5c7ed8821c77aae621155,d3af09c13ffb8065ae3a525c65c5c103,delivered,2017-09-17 09:56:38,2017-09-19 03:38:18,2017-09-19 18:12:58,2017-10-03 18:42:18,2017-10-13,746416446ed9cccb78d38450bbab4228,2017-09-17
8e774bad4375dc8b07125f934984f15d,376d76b265bc3a8ae7696cfb112d3d8e,delivered,2018-05-06 20:41:35,2018-05-08 04:55:26,2018-05-09 14:05:00,2018-05-10 18:38:37,2018-05-17,e0a566011de5d6d3149290af8dade6ef,2018-05-06
4c5ac0db9e6945c127bede87a8a1bf7d,06c3432a700a69e743fa666027996994,delivered,2018-05-24 21:29:21,2018-05-26 02:31:54,2018-05-30 11:15:00,2018-06-06 19:41:40,2018-06-19,330921a962940ecdcdfc5da2f4761e9e,2018-05-24
dee8fd0e964b71cf9dd9c7221eb73f14,90fb607172c2fd251305c706dd1f7f77,delivered,2017-08-24 21:26:40,2017-08-24 21:44:12,2017-08-30 23:02:50,2017-09-11 18:54:50,2017-09-20,4dc9a31810dcf9229c561637625c43a4,2017-08-24
d53539c07b0e0bb28c0468574526dc88,838175db4d894e2d225b420806aeb6f0,delivered,2018-08-06 23:29:07,2018-08-06 23:44:31,2018-08-07 09:46:00,2018-08-15 12:35:01,2018-08-10,92bd848b73f8ca45c131e67b06d526b8,2018-08-06
26b5b516adaae71986064b4cd22076b3,53eb1634b3c95c9f1766f592058115d9,delivered,2018-07-24 23:42:05,2018-07-26 03:15:19,2018-07-26 13:49:00,2018-07-30 16:04:49,2018-08-21,04e5e98155286592ff3078a9ce0b438e,2018-07-24
d279d0537eba57893e86d387ea58d4a4,94dabe07fc50ed29f94b6ba397201dba,delivered,2018-05-08 22:41:09,2018-05-08 22:55:18,2018-05-09 16:22:00,2018-05-16 20:18:58,2018-06-06,713de21fd33b1ed45f482d7ba22d51e2,2018-05-08
df90edc2d012375fadf5be70b1b6ddc9,9bcfc7ffe10a203f8ddbc8a941f06ea4,delivered,2017-07-21 04:53:51,2017-07-22 02:10:19,2017-07-26 15:22:22,2017-07-31 18:35:42,2017-08-10,98b8b3b43d4b4254e248df642fdf96e2,2017-07-21
3e12f46ce85ad5d85a0b8dfdf0a6e32c,6be29a1fa00c30c85b4e3cbc990fab7b,delivered,2018-01-19 20:18:17,2018-01-23 03:37:55,2018-01-24 18:19:01,2018-02-22 22:47:46,2018-02-15,e5c9b56c3f3620137a63bee392554552,2018-01-19
0ff1419cb5d96f6355fc067f02c8936a,3788697003cd9ef9eac8cb4ae3aa0049,delivered,2017-09-17 17:51:48,2017-09-17 18:06:42,2017-09-19 17:25:18,2017-09-23 12:35:08,2017-10-09,9ec824178fb2d445242b04f97873a0b9,2017-09-17
5bb5e53b117f231e116d1ff1f530c8ce,7f703c87824245e16cd3a135bc5f062a,delivered,2018-04-25 10:47:31,2018-04-25 11:09:05,2018-04-26 15:20:00,2018-04-27 12:30:56,2018-05-10,3839a5cbd3547a4f06c2edf6da3a8934,2018-04-25
3f090361c1e3266bf3dda7a00df3c0ec,c892d1124348cf471a8853e3bbf51d73,delivered,2018-08-06 11:38:43,2018-08-06 11:50:23,2018-08-10 12:07:00,2018-08-11 16:12:32,2018-08-13,a711506d93a11831909bde2e85b794e2,2018-08-06
0f32a0df7bef480c420accf154fc4a29,f1d80d778dd6cf4cc24fc6eae0104408,delivered,2017-12-09 12:21:34,2017-12-09 13:12:00,2017-12-11 17:17:07,2017-12-26 15:19:49,2018-01-15,be9e5d693e6c4fb21dbcf836864bd244,2017-12-09
4a35349fd1d8617da52d19a95fcd95e8,27e8c3e96456389b7fa9c1037960ee64,shipped,2018-03-07 18:53:08,2018-03-07 19:09:58,2018-03-12 23:09:42,,2018-03-29,aed8dc2976e311d49673da06913cb081,2018-03-07
01d815029787ce30f6f64900ee93ba37,59eeac10ee17b2c144822b5ea1fd1fd1,delivered,2018-01-26 09:09:13,2018-01-26 09:17:20,2018-01-29 22:22:12,2018-02-05 19:21:41,2018-02-19,5851d782ea212aea2a6baa3b6a90d5dc,2018-01-26
7ea0cd46b9a8fbf664e537374947787c,44be08be1465706be7a032d9e563d9f5,canceled,2017-07-12 18:10:14,2017-07-12 18:25:16,,,2017-08-03,724f31ab734fd1b91e4d9fd57276fb58,2017-07-12
31c421113f181dadede6afbef5d48075,06f0e084bc0ee932148f0094af2da58b,delivered,2017-03-12 14:32:22,2017-03-12 14:32:22,2017-03-18 03:45:48,2017-03-28 14:15:41,2017-04-13,c58eef7aed6aed9326faf3b9ea41e874,2017-03-12
1b7efcda93ef629e74df8b1fcd2b1f92,7f325bbd4217f2000e4849f386371550,delivered,2017-09-05 08:13:17,2017-09-05 08:25:12,2017-09-05 22:07:47,2017-09-15 18:22:22,2017-10-02,74c96c31328cf7c44203fa3308421aef,2017-09-05
e5acfcde950aab469e4885712a1cb69f,fd15873d506a65dc41e61bc3545c7f60,delivered,2018-01-12 09:26:20,2018-01-13 02:09:14,2018-01-16 20:52:28,2018-01-26 19:27:53,2018-02-14,0063817060d662048ed08bccecaf45d5,2018-01-12
0170fdd7ac7c7bbad5308207bd25a679,116e210883e0ea55bea66b38c5d71ede,delivered,2017-07-04 17:46:16,2017-07-05 17:40:06,2017-07-07 16:02:58,2017-07-10 17:55:08,2017-07-17,82902ed35742cd23bb67a4b774a0bc63,2017-07-04
5651013318bbb1532392e6d03480e88d,4a505431a48f00590ffe8fca872d8062,delivered,2018-07-24 19:49:54,2018-07-24 20:05:12,2018-07-30 12:50:00,2018-08-03 22:46:41,2018-08-14,f7e15fd6851d6e96b308ce1ed4195728,2018-07-24
363424d26d96395e168488b25d4b9efc,10ae2bc2884550abfadd0588fba27136,delivered,2017-11-04 16:14:38,2017-11-04 16:45:31,2017-11-07 10:31:59,2017-11-14 18:05:08,2017-11-24,578d11a64d1b03dc76793ce64f4d65a9,2017-11-04
3faee37f445b155df1e106ec29732510,c68d5432c44301ef4ee85b0ae58f9ad3,delivered,2017-03-10 11:06:40,2017-03-10 11:06:40,2017-03-14 10:21:40,2017-03-16 10:44:14,2017-04-03,526635899d54704dc2b75d0ddb42c526,2017-03-10
44b96d7a837be4595325c31fef81022c,812af03c6f56c8e902c5f018c142c4f9,delivered,2018-03-13 11:21:01,2018-03-14 02:55:47,2018-03-15 01:36:21,2018-03-26 17:18:40,2018-04-13,f1e73ad158b38954c23f5668894b3d46,2018-03-13
7e95d101ed97603578e38b4955c244ab,c82f4cd104b5f2407de30ee720e1bfea,delivered,2018-03-22 12:42:36,2018-03-22 12:55:33,2018-03-23 11:41:09,2018-04-05 21:08:40,2018-04-10,2eed4cdaa84db90a0c5e7ba71573ae00,2018-03-22
df60585f4cb85bc7e7b6531f59920613,602b4e6be5cb77a7b9eb85ee3aaf4f85,delivered,2018-07-16 10:33:02,2018-07-16 10:45:20,2018-07-19 14:21:00,2018-07-24 15:22:10,2018-08-06,b2c913a0723c7737e11067861e061913,2018-07-16
fc0cf3fd5d9e2c6647933462acbb3f6f,b1d8402502c16ac1fda54e0b6cd42549,delivered,2017-05-22 12:40:54,2017-05-22 13:10:26,2017-05-23 14:29:18,2017-05-26 12:51:36,2017-06-12,deccdf437a66e6321442264be7bd60a6,2017-05-22
9a50f016b349f16c4b2e42a4be02d1c3,6fdf60c9637a27c8b542aa6bd3921eb4,delivered,2018-08-04 22:16:40,2018-08-04 22:25:14,2018-08-07 14:25:00,2018-08-10 21:51:02,2018-08-24,097519821949cb8511eabaeb389d2624,2018-08-04
b9fc4defdaf807a54f5a0362c764d384,2884f191524128904af36dd4d5ec6573,delivered,2017-12-06 18:08:25,2017-12-07 03:13:59,2017-12-08 22:14:34,2017-12-26 20:15:27,2017-12-29,29715f69dc0b0a45835e30a133b1757b,2017-12-06
50920d4f86db370248f302f5bc12a9f6,82c237db796f9f22d3e8099e46c50c7c,delivered,2018-01-12 17:06:53,2018-01-13 04:54:42,2018-01-15 21:09:15,2018-01-18 15:42:10,2018-02-06,77a505591098c47c5041bbfa31cd6459,2018-01-12
69eb180c9de9dcddefe8a3e8a7ce8016,2cfbc515734b19a3107a9e5b0cd7b250,delivered,2018-05-25 09:32:32,2018-05-25 09:54:53,2018-06-06 14:10:00,2018-06-15 17:51:00,2018-07-12,fb729c7c87e874dfba7d6f75d40026f5,2018-05-25
e98ccd0d8ad323ec4feea57417d08a99,9002e12e0f64d56ee2ad88c8f4949205,delivered,2017-07-03 09:19:16,2017-07-03 09:30:19,2017-07-04 13:39:18,2017-07-14 21:18:43,2017-08-04,d5fcc930cdd39ae8b724014560a4c62c,2017-07-03
441bda02c27a285cfa9ebeaeb9954e4a,d4e42bf2dbba00d9f8b380de725b9d90,delivered,2018-04-14 16:17:14,2018-04-15 17:11:07,2018-04-16 23:21:49,2018-04-21 00:03:37,2018-05-09,83b4a40f95e870ed87dab271eaa053c2,2018-04-14
9b5852495fdc959c8d7d069b3c328502,b69b70c95b2fe06e664042591c04d327,delivered,2018-06-12 13:07:34,2018-06-12 13:25:28,2018-06-13 08:59:00,2018-06-14 16:22:45,2018-06-21,2b0d2a4ffe3906cd18019c2463cfeee9,2018-06-12
6db6ea05fce4b5694e9c6e6afaddfe4c,48eb960908c62e7f95438067a731697e,delivered,2017-05-11 15:40:17,2017-05-11 15:50:17,2017-05-18 11:00:05,2017-05-19 12:32:24,2017-05-22,d8f103dcf9a6b7ddfdee66044761e9e9,2017-05-11
db55add8b42eee4c281c016ab8a5fc05,d062f48278c4e58e2ecc80f08b65eebc,delivered,2018-07-08 19:23:50,2018-07-08 19:35:14,2018-07-10 14:33:00,2018-07-14 00:30:51,2018-07-26,380896700fdce6d125330932de4e4b69,2018-07-08
b3dfba99633d1f7cfb7d6530c2a88966,ad2c5927f227bef24e79ea264995b577,delivered,2018-04-23 14:55:03,2018-04-24 19:25:22,2018-04-25 15:25:00,2018-04-27 20:48:40,2018-05-09,9a2f1b2b90b0f72ab9e644b7f28ffa2d,2018-04-23
616105c9352a9668c38303ad44e056cd,8c0b2ef9efb43af92d5c0afff70d33d9,delivered,2018-06-11 16:19:00,2018-06-11 17:01:47,2018-06-12 07:11:00,2018-06-21 11:12:40,2018-06-29,198ab463c8a3a754aa6ae61b38c4c8db,2018-06-11
13832510afc6f94103aec19663dd52cf,45403b2dfeb42b112d8ea3449b5b0b9c,delivered,2018-01-29 16:32:03,2018-01-29 16:53:21,2018-01-30 20:37:06,2018-02-28 15:17:15,2018-02-23,db774e3a095e0dc02d3157fe16309d36,2018-01-29
22f4dea7b1810fd75107dad133794113,fc26c5fd980909cee638793d9936fdb8,delivered,2018-05-30 14:34:06,2018-05-30 14:57:36,2018-05-30 14:50:00,2018-06-01 21:16:31,2018-06-25,724c91a4087a35b62e7483adc4dc83fa,2018-05-30
ab0ccee430e5206071c69ff52e7634c3,5837bf9247f6da39816b125d64e982ad,delivered,2018-04-02 15:05:52,2018-04-04 03:30:24,2018-04-07 01:42:40,2018-04-12 19:31:37,2018-04-24,4b72c220414716bd4464a30fac305adc,2018-04-02
92c5a8a87f69af17232b352b1a936553,53825b54ec2844b2a1888dc8bd9fe3e2,delivered,2018-04-11 07:08:41,2018-04-12 06:31:11,2018-04-12 19:35:03,2018-04-19 17:44:40,2018-04-25,433685bd8fab5ec7bbd7534ecf6a7810,2018-04-11
c17bec338f030a3c554f761083f037d1,624ff38a85516b8f5227adb0ec3b7c2b,delivered,2018-07-31 16:44:22,2018-07-31 18:00:25,2018-08-01 15:35:00,2018-08-06 16:18:35,2018-08-14,2d2bec98674a3a70e42e011de3b4e189,2018-07-31
09729990b5d8f5499917697c409b55cc,e04249e50563e2d0c28b5a8f6d86dccc,delivered,2018-01-23 09:08:05,2018-01-24 02:36:27,2018-01-24 21:28:48,2018-02-08 19:08:17,2018-02-20,03ec08f1dfebcf9f6f68a74d58ba405c,2018-01-23
a993bd74c2c4827dda15f121744bcd1e,45010fe9a564452c68de237dbe574104,delivered,2018-05-01 11:43:54,2018-05-01 12:14:52,2018-05-04 12:09:00,2018-05-15 17:36:41,2018-06-08,ad69aad3ccb252fdf5fd37f6782bb816,2018-05-01
e42e8108ccb75f8beac4116b386e7023,9724138625176890a8c168fac8ca3608,delivered,2018-05-02 12:19:37,2018-05-02 12:35:25,2018-05-03 13:49:00,2018-05-11 17:36:56,2018-05-24,59bb7f7d12d8ff37f1f8e6909d1b03dc,2018-05-02
2b61f6053807f2cc8f28b12bdcc72c68,354286a95c0cd488a5802e69405122f2,delivered,2017-11-26 15:47:21,2017-11-26 15:58:33,2017-11-28 00:18:38,2017-12-13 01:54:30,2017-12-19,5f6ba4ab07a2facdfc2788484b1e56d4,2017-11-26
7dc8379a32999985a71e0653836c7f91,c28e434060c41e9357d06d986c630799,delivered,2018-06-11 23:25:07,2018-06-11 23:35:54,2018-06-12 12:53:00,2018-06-13 17:58:52,2018-06-20,e8eba263ac0cd93738d91ddde75bbce3,2018-06-11
86f5f7fe2f0e743fa54095370a545033,f40ba7b6847d3d12bba8467f8e6813fd,delivered,2017-07-26 20:12:49,2017-07-31 23:33:41,2017-07-27 17:29:49,2017-08-07 20:55:48,2017-08-21,aba97868dce31f99c572d291e9095946,2017-07-26
3f985ce98bdc814ea229189923a81f2b,463da1cd5f29ccb987e57c53f2da6849,shipped,2017-12-17 23:01:40,2017-12-18 00:10:34,2017-12-20 23:58:58,,2018-01-12,64ddfad933ae847a1c083fe587960331,2017-12-17
fc42360e860cbdb1b3200acac82cd5ca,6fca6a52d99cfa5bcb98ce55e43a9686,delivered,2018-01-25 22:33:04,2018-01-25 22:56:58,2018-01-26 18:43:14,2018-01-29 14:36:48,2018-02-20,7a40266466ce2ff67d0b344b5916bea8,2018-01-25
e66e29f65af321ea428495d66066e809,8ae73c8406c2ceae63c5b85c71799366,unavailable,2017-06-17 20:59:11,2017-06-20 10:15:23,,,2017-07-19,efa9e0a6ee37c07f2ee6130244c74568,2017-06-17
ca4c67dee2a87da5369fcce4f80598de,a25175f57d2bb768f2ea5ee2182cee83,delivered,2018-04-24 23:56:20,2018-04-25 00:11:24,2018-04-26 08:29:00,2018-05-07 17:42:29,2018-05-21,fe6a4adc1fb2610beebde178e4f98bca,2018-04-24
f8cc76d89295e1bdf2215efe69872481,8df031370e3706164a69bf6dffb416c1,delivered,2017-12-08 17:06:17,2017-12-08 17:14:21,2017-12-11 18:42:06,2017-12-20 19:14:30,2018-01-11,d99da12deef5db759eb08c008709df52,2017-12-08
8d1129b31f1bf3cd5db9d36e63bb5f75,036de6bf856003f529c1fcd01ad2a357,delivered,2017-11-09 14:56:12,2017-11-09 15:07:12,2017-11-10 16:07:50,2017-11-23 17:31:50,2017-12-04,44bf1e643e90656062d2f0bc5ec2e7a5,2017-11-09
53dc49c7f7145d44eafa6c61d5f72e45,043527f9eeb5ad04bacaae09a3604f66,delivered,2018-05-21 16:15:30,2018-05-21 17:19:15,2018-05-23 14:39:00,2018-05-28 18:54:25,2018-06-05,222474e83bb85fabb4acff7f5b869145,2018-05-21
a156911dd7e008e373ba70af8ddf3ce9,d8f0435d32ed6c394932238b1bc2c103,delivered,2018-04-23 14:57:44,2018-04-24 19:03:39,2018-04-25 15:26:00,2018-04-27 20:54:59,2018-05-08,15cf1369ef89aeb16e51c81463aa42b5,2018-04-23
750cb0e4a410a52a77ea1718a489393e,0407c0b9473b07847c99aee965048870,delivered,2018-08-21 22:39:49,2018-08-21 22:50:15,2018-08-27 14:35:00,2018-08-30 13:51:26,2018-09-11,81f3e3289b23460a82aa60a77017d421,2018-08-21
da118e571cb51f368ed90483a36391ab,3759a4801d63bec9d06a083b05503f23,delivered,2018-01-15 18:32:34,2018-01-16 12:52:47,2018-01-16 20:35:42,2018-01-25 21:09:20,2018-02-07,bcce4ed966b230813f31236a1b472272,2018-01-15
e5dfa353d229de8b9a6e25cda9b03130,fc97d2cc66ec9b7e1e09fba356b78467,delivered,2018-06-26 19:47:26,2018-06-26 20:07:49,2018-06-27 10:01:00,2018-07-12 19:34:46,2018-07-27,fe484e122b6ac7d4f586a0943b64e01c,2018-06-26
368bfb99b55659800eea12a0476b0b70,f91eebf1785e5d5b951bbac6f52b7956,delivered,2018-01-03 16:30:59,2018-01-03 16:46:41,2018-01-04 16:33:52,2018-01-17 11:26:26,2018-01-31,1e2eb954667dbb7e10080a97247b5de8,2018-01-03
4c1274c724f3a08787a97b452004ff86,1aeeb475e0190fb99160034e4e28ccaf,delivered,2018-04-13 15:42:40,2018-04-13 16:30:38,2018-04-18 23:02:20,2018-05-02 21:11:43,2018-05-09,c4c8a6af60b58aed2b0edfc848a28700,2018-04-13
29382aea641df80ffc138e1d4dd50ffd,3bc9f7d14d203861ea755eea92e8515c,delivered,2017-04-10 11:57:04,2017-04-10 12:10:45,2017-04-12 09:44:44,2017-04-18 12:33:52,2017-05-02,c1d4861a3e5f99db35cc7e35764d265e,2017-04-10
cb53cd98c09562828a48a0da5d0b92ce,c979635abb798dbf96b2077e0cd17d87,delivered,2017-12-07 19:01:21,2017-12-07 19:11:25,2017-12-11 23:23:03,2017-12-16 00:23:20,2018-01-08,807887d52e9a01be4bf37a880ab71ab3,2017-12-07
eac8032acefa88ddda1fa3dffba07365,7b9b63711b487f3208a31fdbc16c8019,delivered,2018-03-18 23:01:08,2018-03-18 23:10:35,2018-03-21 20:37:42,2018-04-12 10:36:39,2018-04-16,b955787d1bff338034659a648a5dfd9d,2018-03-18
24b438f705e768756df250d282036292,d1c425b2df58e8d9c491e705299eb8f6,delivered,2018-04-23 08:41:31,2018-04-24 19:08:44,2018-04-30 13:52:00,2018-05-14 21:34:42,2018-05-21,03302339f17e735be5aaaf6e2469f1ad,2018-04-23
b8465ebdeb16d7b97b28e61f894afb70,bffe5bfdbcc58094a73dceb79f963d3c,delivered,2017-08-05 16:00:18,2017-08-05 16:10:15,2017-08-08 18:07:02,2017-08-17 19:17:46,2017-08-31,792a06e921dfe3121185a0b4c1b07de1,2017-08-05
11e51f7edf6a8325f56641580dc64547,82a4ddbbc82235f63718e79c61795695,delivered,2017-06-16 13:35:23,2017-06-16 13:50:22,2017-06-16 15:48:34,2017-06-23 11:24:38,2017-07-10,cd0424a2d5e02e1c683019ad7af79ddf,2017-06-16
8c2a179300bd39a4eb4ef85647f8a68d,e5540278ba88da3db9ae1482cb3135bd,delivered,2017-06-29 19:23:58,2017-06-29 19:35:21,2017-07-03 15:44:42,2017-07-07 20:47:50,2017-07-19,7f3f4e92260ec6fcb7e9cdfdc2b231ac,2017-06-29
2e2a0af256d902ab2e816447f6f531be,f4219f4850ab92e0b8dd6644f2c71219,delivered,2018-03-27 15:51:01,2018-03-29 03:10:19,2018-03-29 19:58:57,2018-04-10 22:19:16,2018-04-24,9e7e0e529bf16fb940865ddc9b5fcad0,2018-03-27
d467985bb40516b93cfef42e06e01e4c,264e92bf199cee82e87af0c8552aaca8,delivered,2017-06-27 15:18:17,2017-06-27 15:30:16,2017-07-03 15:52:01,2017-07-04 18:03:09,2017-07-13,4ca7e7ff2c43abe13ebf78f081aca476,2017-06-27
49fa1c392707716cd5d12cc1c7c65c15,8577c691ca9cc57be377d20076a58e29,delivered,2017-05-22 17:47:32,2017-05-22 17:55:20,2017-05-31 11:56:18,2017-06-08 18:07:31,2017-06-16,b05dc8ebf6b00bda6748a2ed4a5fbcac,2017-05-22
2612f53ec86ea657525693697164701a,9d86407c0c1b2ac5ff3febe7a452051e,delivered,2017-06-12 10:29:57,2017-06-12 10:42:38,2017-06-13 15:12:38,2017-06-19 19:16:12,2017-07-05,1ecd101a60ed0bc8570a0fe79d04a9c8,2017-06-12
7aec7aea70b4d42cdb349810c4475051,7f6c759e3bfc14269dcc023d3d180ca1,delivered,2017-11-08 19:32:44,2017-11-09 05:31:36,2017-11-10 17:46:41,2017-11-21 17:47:07,2017-12-01,81ee975c650a669140bc1403fb325d67,2017-11-08
eb22a3bed09014af3e8b797ca6261a9e,116024ad64c939eb13b4e194d5ca2610,delivered,2017-10-24 18:37:13,2017-10-24 18:49:54,2017-10-25 17:42:37,2017-10-31 17:51:44,2017-11-10,4e9c22cbd4d6605c989f5cb247d46192,2017-10-24
318cbbe8d7e81a3901639555be1e8041,7582437bba4cf37d2cad8d01a138504f,delivered,2018-08-07 09:12:17,2018-08-07 11:44:51,2018-08-10 13:23:00,2018-08-13 16:31:53,2018-08-14,839a6a8d2ca0b2ca53770c3b8b0ed8dd,2018-08-07
39c1dec2963c9b3f7390349ec9c4b241,fd521f49383a26f40d6ea3d6eeeab735,delivered,2017-09-26 16:07:00,2017-09-28 02:56:14,2017-10-02 18:05:55,2017-10-05 23:20:44,2017-10-23,47a352064d390999021cb7fc8128a6c3,2017-09-26
3af10bc9c43fb593524e8096765b116f,7be523c663181d8f209140886e4dbecd,delivered,2018-05-15 17:47:49,2018-05-15 18:16:04,2018-05-16 10:45:00,2018-05-29 22:32:34,2018-06-06,34464c117f28718b22cf59ad47064d70,2018-05-15
a969ea7670f417da58239666920e9a97,d7d19b248d66badaddcbc1e2277712e8,delivered,2017-08-11 11:09:29,2017-08-11 11:25:07,2017-08-11 16:50:13,2017-08-23 17:30:48,2017-09-13,707a5179306d8c8221d739592a602ddb,2017-08-11
cf47ad2fb60cae3f74b943646f685c94,053716fea805d6b29d6f8b6113fefe4d,delivered,2016-10-05 20:09:05,2016-10-06 15:44:36,2016-10-15 12:40:42,2016-10-24 18:11:32,2016-12-09,3b2aa495b3557acad84b380301a9cc94,2016-10-05
053774f3c674d850192a31b9c1a8ab3a,a4baf842746c9b377c5fe5ab016996b7,delivered,2018-03-13 20:28:59,2018-03-13 21:08:04,2018-03-14 19:28:50,2018-03-21 20:16:31,2018-04-04,4b2998e008d71f6d04b23931db986cf4,2018-03-13
0505a29e827a4c609b3fd250c0313bef,138bb7818dbfc8690e61b143265e7ec9,delivered,2018-06-10 11:08:15,2018-06-12 04:35:43,2018-06-19 14:55:00,2018-06-29 14:23:37,2018-07-13,690e4f9377603c9fc80f355f79f3e42d,2018-06-10
d92a35dc65d930c859ecff392b7ec4ce,753599441cee87ca0d09e891e31800d8,delivered,2018-05-07 23:15:39,2018-05-09 04:14:27,2018-05-09 11:14:00,2018-05-15 17:08:53,2018-05-25,89b88f87e3623d8361ebbbfc846b6c68,2018-05-07
02bfe71c2bbd56f6de9c2c357adff45c,6993a774e7e22bbbf14659e8c03da133,unavailable,2017-12-03 14:28:40,2017-12-03 14:35:38,,,2017-12-27,013b083525868a0437652ebf071cda03,2017-12-03
f7fdd9291fb00404aa63adabadc61ec7,941d964dd9641b26ca7f8f1d33b32971,delivered,2018-04-30 18:55:29,2018-05-01 02:15:41,2018-05-03 16:45:00,2018-05-08 17:41:42,2018-05-22,57f7824da4ffda33a744d12ecbeb90c8,2018-04-30
b44c0f4d0cdb8ae7289069d703ca6db8,addd04ab13841b53ffabd423c800847a,delivered,2018-08-02 12:04:50,2018-08-03 12:05:05,2018-08-06 08:27:00,2018-08-09 17:08:46,2018-08-17,8ee1cad41a25870e75e7b78230277898,2018-08-02
398545ae905dad286c70f01c7e7311e1,8241b47bcf8f1250d9d5416c4f8cd9bb,delivered,2018-04-04 21:12:12,2018-04-06 03:28:44,2018-04-07 01:10:59,2018-04-28 16:12:17,2018-05-03,f2f850bf414ea87b12ddcd13a910bd68,2018-04-04
0a505a7b63a33e72ba4159e3db1208c9,48fe9f0c3d091cf28162440c5e3f1ae5,delivered,2017-10-29 13:10:02,2017-10-29 14:05:59,2017-10-30 19:03:38,2017-11-06 19:54:45,2017-11-24,7c18f06cdaacde99a863e1dc7a37bf9e,2017-10-29
38bf8e12131a605a38265416150b4888,c2a265d75ed170f4858647eb1a0b442d,delivered,2017-02-11 19:23:50,2017-02-11 19:31:46,2017-02-13 15:14:42,2017-02-22 14:43:53,2017-03-17,0af1a64aee6e92bed8c5467cd8946b39,2017-02-11
7701820e6e57dbb626a80dfd7ab6f414,69ae6b63a7b7c3006d639a64cc863891,delivered,2017-11-24 09:53:54,2017-11-24 11:15:54,2017-11-27 22:37:41,2017-12-12 22:32:58,2017-12-19,03effb562752f2d9b2d0edde00f45874,2017-11-24
d2d690bca31c33e38a006ee3b3b62c94,f5f796c79843a81f47fecaa2758227e3,delivered,2017-09-17 14:09:19,2017-09-19 03:55:33,2017-09-20 20:32:52,2017-09-21 20:08:14,2017-09-28,e20b87f018e946b22b3b99a24109e52e,2017-09-17
7b511d9d317e777fb4552fa4c7dc717e,f08b3962307cba722fa392226a16c26b,delivered,2017-07-10 12:23:45,2017-07-10 12:43:45,2017-07-10 17:05:13,2017-07-21 16:43:37,2017-08-11,ca6a4a0765e19a5263bb2742d1035715,2017-07-10
46d2062e8a19cb5473491cf07b5d4629,964dafa5a2cba25ccee25e355f9395b0,delivered,2017-02-13 22:29:00,2017-02-14 22:43:21,2017-02-15 17:32:03,2017-02-22 17:06:01,2017-03-14,67248a3ca35dbb1c48a6b23366c719e6,2017-02-13
ce7be36d78630d654873b810b8d354f4,3351733a48384a9f9d530c58316e6aa7,delivered,2018-01-02 22:05:05,2018-01-02 22:13:21,2018-01-05 19:37:44,2018-01-09 19:07:17,2018-01-18,d3f68dcb879083f77abe188d60c03d75,2018-01-02
728ea734fefecc42ab07da89fa894f31,d2f56edf04860c63c1cb9e4e144fae41,processing,2017-08-15 19:58:40,2017-08-16 03:25:15,,,2017-08-31,37b7649b45c26eaa7f8b45f4adec9c96,2017-08-15
9c4aacf06d8fee894180123720425a6e,ddcd29ba4b3448376551d1c303c24fb4,canceled,2018-02-13 21:48:17,2018-02-13 22:07:46,,,2018-03-14,667b01d12293498130b4aa8e81ff7dc0,2018-02-13
f0aa9abb1f803c96d41927c0fb3da588,c9db35c15a4c3520011dca32574df74d,delivered,2017-05-28 18:59:18,2017-05-28 19:10:21,2017-05-29 13:53:48,2017-06-02 16:14:37,2017-06-23,bbaf11d8da0643320627f1d33d82cd6b,2017-05-28
1f206aee577f50401576d48a17d2249e,5236b9bb00876aa56ee5ac4e2c816b68,delivered,2017-11-16 17:54:38,2017-11-18 02:35:26,2017-11-23 22:07:11,2017-12-06 10:03:20,2017-12-22,55106b6ebf9f870a3a359a00d5f26d1c,2017-11-16
014176e9538672a32d2a9b73bf53a31f,2584307af792d605f55f588694980576,delivered,2017-12-01 11:01:28,2017-12-01 11:31:01,2017-12-06 19:53:43,2017-12-19 19:07:00,2017-12-29,0fd8ff3aed86ac28b280a2b352cd7689,2017-12-01
2ea830e178fb91c939722e9cb085383b,bcc78ccacee91d2bbc5c5a93864b93eb,delivered,2018-02-22 19:42:22,2018-02-22 19:50:37,2018-03-01 18:59:08,2018-03-13 14:18:04,2018-03-19,d016e77c46b2d790f2ddc3c67afb83c0,2018-02-22
3a02bd4d9f710f7720c8e36d15bbc6d1,bf3ed42ce38f47bc8601e89ab81dab0d,delivered,2017-10-26 10:15:18,2017-10-28 03:07:30,2017-10-31 19:43:59,2017-11-07 19:28:40,2017-11-16,4b8d86de9c80fd007f807bd34cd72145,2017-10-26
1f5bb5f84797dd4e234479124128b9cc,d0592ede120d52303cfb9044a5ff1910,delivered,2017-12-17 19:14:35,2017-12-19 09:51:30,2017-12-19 21:42:25,2017-12-26 17:07:14,2018-01-18,fffb09418989a0dbff854a28163e47c6,2017-12-17
1fd53d1caeb51ab6526e5b38f525c202,c75c0e90219e9880fcb759192ae2b29b,delivered,2018-01-02 15:02:31,2018-01-02 15:12:30,2018-01-03 16:29:22,2018-01-08 15:19:43,2018-01-31,fba7e3ecf93da1f1a61795effb442d01,2018-01-02
52fe09ed9b59f3ee4be7b74b990d13bd,0a5e930da019167d37d29f85872c5f60,delivered,2018-08-05 19:53:50,2018-08-05 20:05:24,2018-08-10 14:13:00,2018-08-25 11:46:29,2018-09-05,7bb13d6b4074bf6058ea0c8faf957909,2018-08-05
e556806e85b03aa8192bc54ebdb15009,21e188534fc1862beceec1b6938f3037,delivered,2017-05-24 14:17:48,2017-05-26 02:45:30,2017-05-26 15:32:07,2017-06-01 13:03:15,2017-06-16,52597838f6c178b19b961b068d048c71,2017-05-24
cd55a9bca14b315a63b8ef0b9a43d253,c0cc0404d75b9c799835e7fa2594aa1e,delivered,2017-11-11 23:37:39,2017-11-11 23:50:32,2017-11-16 21:02:46,2017-12-04 13:04:35,2017-12-04,18d83eb50985880c0381b5bf09eff24d,2017-11-11
e96a8e16dcbfb70e75e54d34c6e832c4,33fc7d02f8927c6df7fc760b3393ac62,delivered,2018-08-19 15:46:15,2018-08-21 06:09:55,2018-08-21 15:44:00,2018-08-30 22:22:02,2018-09-06,305694891f340b55b040ef49f872ca09,2018-08-19
725bd1c01a213e4ac7999d74cc9da874,2f414504a52405e86f5db0f59200b23b,delivered,2018-04-10 14:29:06,2018-04-10 14:50:58,2018-04-11 17:38:38,2018-04-16 16:02:28,2018-04-20,3f9afb82f703cbe10ab61bd519b48f2c,2018-04-10
a2a53e824841856d25e9fe22467e4209,69cb766f106988cd621b3b6c67221826,delivered,2017-07-19 12:39:52,2017-07-19 12:50:15,2017-07-28 16:08:41,2017-08-04 17:04:20,2017-08-15,401a006331c06b4b0c8830f87c13eb6a,2017-07-19
29a73b04c3a24a3d00b7262ab67299ad,b69de4bd4bedd310e1d81c3cfd5222ca,delivered,2017-08-17 13:59:51,2017-08-17 14:25:29,2017-08-21 18:30:00,2017-09-01 21:12:14,2017-10-03,a5b1636ad6d5ab336b0d7c19aab77ed1,2017-08-17
e2b405ccb5839931cae6f89767eada9b,0056a2580b5c68cfa6b43c6ef6adbc03,delivered,2017-09-15 06:32:42,2017-09-15 06:45:08,2017-09-18 21:43:55,2017-09-26 19:10:25,2017-10-11,bfb0780e4148d65b5490d6195da4bcb0,2017-09-15
d037a5a034750ef70889cb051fa83b59,9b5d7caf52c127e2de0322f7974be49e,delivered,2018-03-08 19:23:07,2018-03-08 20:00:24,2018-03-13 19:26:22,2018-03-27 21:58:25,2018-04-16,3828b1bab07f95b6b74b993a92660bed,2018-03-08
f980e209d6b62a363dc04e2f2b88d568,6e082ad6c4aba5873b45ab0369fc8543,delivered,2017-06-21 14:40:24,2017-06-21 14:50:41,2017-06-22 13:06:03,2017-06-26 15:57:28,2017-07-11,22d4b7698f19293a194d173a87079c8a,2017-06-21
3ea310e0ca8eaa2d771f9ae489e6535e,ee55320c214a7ac7be7f488c6a63da0d,delivered,2018-03-12 19:33:06,2018-03-12 19:50:46,2018-03-13 22:40:51,2018-05-07 19:46:58,2018-04-02,1256191557354bf29497a6f8ea3be86d,2018-03-12
86efd7c29e904b20b31e862644db7ece,8cd60b7cabe05795e02382b0a522e2a9,delivered,2018-05-14 08:51:21,2018-05-14 09:14:01,2018-05-15 10:22:00,2018-05-23 12:36:25,2018-05-29,45fec378a656a14acc8905a78e477cf9,2018-05-14
0d5fb8614978748bcfbef448c8a74a17,33a3023585bff9c06044bdcd92c95b4b,delivered,2018-08-06 10:00:44,2018-08-06 10:15:30,2018-08-07 15:47:00,2018-08-15 21:19:33,2018-09-06,2e87695ef69b7236c17c1f1e021ed36a,2018-08-06
0778b810e2b38affa71607aa32043365,40007efc8eba921655b88ab47d309e4b,delivered,2017-11-24 08:51:18,2017-11-24 09:50:42,2017-11-28 21:28:52,2017-12-20 14:52:25,2017-12-20,e57e16147ad6a71d8ca0ad5412e745a8,2017-11-24
cc4dea61bd3aaacb0780ccbc6ad94eaa,b8c6fffae992ef03298390ba7bbac0c9,delivered,2018-05-01 17:19:39,2018-05-01 17:35:14,2018-05-07 12:31:00,2018-05-18 01:12:03,2018-06-14,2efb4f2a616dc4258041f7f6930cb108,2018-05-01
1edf161379e2ac13eec051cacdf6e543,cac4863658358dbd33862dc91b8f0dc9,shipped,2017-07-31 18:17:13,2017-07-31 18:30:21,2017-08-01 13:06:00,,2017-09-05,048f7cefff51673ab8fea2865cbc1521,2017-07-31
f5bbb2a9895fe8531e35393e1efd901c,73c96542370e29c3df46ca13fd868b31,delivered,2017-11-25 05:34:43,2017-11-28 02:58:30,2017-11-29 10:57:31,2017-11-30 21:41:39,2017-12-11,162db2549172696d9f28b2143ba295f5,2017-11-25
17a020262f659ee7b1103f36824ee2f6,f58b2a937d7ce076a3f89e66972e3f07,delivered,2018-07-02 20:19:54,2018-07-02 20:30:49,2018-07-03 13:25:00,2018-07-09 17:22:55,2018-07-30,c890da48b4d8f20ae4ba2a4064f068a5,2018-07-02
2781c27ada78577137fb98ab7a31775a,4ba9fd7a5198e6ee9766e150ff2476f6,delivered,2018-07-19 19:56:00,2018-07-19 20:05:50,2018-07-20 17:13:00,2018-07-23 21:08:53,2018-07-27,5b21a9cd28e730b3ac4978f6dbabcb37,2018-07-19
101625de5f3ea8064a2900b7b9235491,4a87a0eb95dfb921f88334b7873d9410,delivered,2018-07-28 18:38:20,2018-07-30 16:15:09,2018-08-07 13:41:00,2018-08-23 19:52:38,2018-08-23,a0c2e84d8ac83733cbbc70f0eaad7b90,2018-07-28
ceb22e0ea85b325aeee259c87e85fde6,45ef46c6471c0832d4447b678d9956de,delivered,2018-07-07 10:44:58,2018-07-07 13:25:50,2018-07-09 08:28:00,2018-07-12 18:38:33,2018-08-03,6058b86719324567e926e0e836de1024,2018-07-07
cb3fd1d04f967b6c2d2fbb8f50970c8f,3afd74519364069b1d7ef9ddeac50d6b,delivered,2018-08-23 21:46:53,2018-08-23 21:55:17,2018-08-28 13:43:00,2018-08-30 22:26:55,2018-09-06,9b5cbf747b4abb342ac133d9bc135c64,2018-08-23
2bf1d83ac1f9e3bb2a9c497d3de0e866,b75803a77ce14a9faeb967beb208ceef,delivered,2017-06-08 20:25:53,2017-06-09 20:30:15,2017-06-12 13:27:54,2017-06-28 13:17:43,2017-07-11,e687324f8eb6b0ccb2e34d8955881f0c,2017-06-08
03789728a4b9475c05f6fe33ced95ccd,c6939007cd393fc30bab02c37c316d5f,delivered,2018-03-14 15:09:11,2018-03-14 16:08:13,2018-03-15 00:16:36,2018-03-21 18:02:59,2018-04-06,3068ec7c0e125f40dcf14f487b9ba0bf,2018-03-14
56e74cf3d3be617b843ad339dd83706a,32b0ce578c3e5bdbd17d3f563ae9537d,delivered,2018-05-03 21:09:16,2018-05-03 21:33:09,2018-05-04 15:01:00,2018-05-10 19:07:42,2018-05-25,bf9db6c6fe56c2b4a413263977b38d77,2018-05-03
80de45019ba6e7e9fed689c68e1d67e8,2f74e51046cbf8cfcc3b8c754e1e1fdc,delivered,2017-11-24 11:48:21,2017-11-26 11:55:09,2017-11-30 18:50:12,2017-12-01 16:43:45,2017-12-20,af17373d014e896d52e81919a0437957,2017-11-24
520875e479825f36edbd78db65c729a2,6a9aa977a36f5c46538472876e0b8d27,delivered,2018-04-23 00:20:04,2018-04-24 17:22:01,2018-04-24 22:28:47,2018-05-05 11:38:28,2018-05-21,5a2038201b85e9f51a6333727d119a02,2018-04-23
9e1c6d5149a241963c2e3a2ddaba98a1,73f9c3111d3b1c20bfb20e0e14fc95ba,delivered,2018-06-12 12:25:15,2018-06-12 13:03:56,2018-06-13 14:36:00,2018-06-14 19:28:34,2018-07-17,2b9bd15bf8e54b231c518790c55e5f92,2018-06-12
b6830fb4fc4fc7ef2c897fe89e621f3b,efd274c2baeddc84242184d09c8e6a07,delivered,2017-12-06 15:39:55,2017-12-06 15:52:30,2017-12-07 21:16:32,2017-12-26 17:47:05,2018-01-16,c4dc608f01a1f50ac458d2ed8c1c01d4,2017-12-06
a8b39d7588ebc10f8adb725a1be312be,c3e51c0587103df1c0141794d3e07493,delivered,2017-04-12 22:06:23,2017-04-12 22:22:17,2017-04-13 12:22:04,2017-04-18 15:13:08,2017-05-08,fb3c613bce3dd56a126ccae1764704e0,2017-04-12
91da5dfeb939a689d56099918730f396,8aa1e804a24e5cb928002a082d7effbf,delivered,2018-03-18 11:09:27,2018-03-20 03:50:36,2018-03-21 19:14:57,2018-03-29 22:57:28,2018-04-16,cedfd449ad05bbe590402d78c7da65a8,2018-03-18
6a9bf0121b718a84449bc75bb129ed6c,883b94b34925e9d8684df949c3984715,delivered,2017-06-07 17:52:24,2017-06-07 18:05:23,2017-06-14 16:32:01,2017-07-12 16:09:38,2017-07-10,12a0c9cc3c8831faf5b59a9ede94301b,2017-06-07
aff844f049f48f38df9885eb70f0d8a6,6b7969d190ac818f1e34f6a15aaff4c1,delivered,2017-06-30 11:15:06,2017-07-01 05:05:23,2017-07-05 10:07:32,2017-07-13 18:04:37,2017-07-25,d2d9a65f73aae0b07677072f293f7ae8,2017-06-30
87ac65278f1ed3a23cd5ba4d867eabbf,9ec69cc126229eac3f0b2abc918d9a23,delivered,2018-05-10 18:05:38,2018-05-10 18:30:35,2018-05-14 13:52:00,2018-05-22 16:06:49,2018-06-01,bdee14a4f9d04d3b78a69f7ba1e82425,2018-05-10
b81f51013f5e0975044404edfc6dfc7c,4766270b60fee6a92e64bfa290222b1c,delivered,2018-05-14 17:14:12,2018-05-14 17:30:32,2018-05-16 12:23:00,2018-06-11 21:54:38,2018-06-12,10b7a445344f48224549eba018862570,2018-05-14
00891ba5de66f55000ee358ceea9b345,03ed7b1b35f2e55b0f4d0b9e4e07b0c3,delivered,2017-05-14 17:19:43,2017-05-14 17:35:15,2017-05-15 09:03:10,2017-05-23 15:05:29,2017-06-07,d0cceb06b81f83e06c5cb63c3f9cb8d3,2017-05-14
b2385a6b96543064201c7f066a2b9b56,71722cbe7140ec7af2c5d829d0569167,delivered,2018-04-22 18:02:00,2018-04-24 18:53:53,2018-04-23 23:41:42,2018-04-27 16:59:45,2018-05-11,c24d8b04e229f66940af67e206f8f675,2018-04-22
6bc458836ecef86dca3afa67523f4268,925f16639a7b83b8a7e533ee54061f2c,delivered,2017-08-24 19:06:43,2017-08-24 19:24:22,2017-08-25 19:24:52,2017-08-29 16:06:46,2017-09-14,da0440138fea4368af70b5cb01126a9c,2017-08-24
e8b21d9ed9cdf4a4edd7f24e82f65afe,cc5fe3b10431c4cbb202722dcd78818a,delivered,2018-04-09 15:52:20,2018-04-09 16:10:13,2018-04-11 18:28:30,2018-04-16 15:58:43,2018-04-30,6fa061182583ad8a67e3beb62d70780f,2018-04-09
6b36a70905c0109222b7b3185a1aaa4e,231ab7a5eba5d3bb4cd2219ed9c25515,delivered,2017-03-27 08:52:56,2017-03-27 09:05:17,2017-03-27 18:48:17,2017-04-10 13:42:21,2017-04-18,afa013e2707c8ee6f2908cbec286d6e2,2017-03-27
4f265ccf96fa25ef7934fec97dc27597,50ffa9db5559ee565d10298575444c89,delivered,2018-01-12 14:13:06,2018-01-12 14:28:20,2018-01-13 02:45:09,2018-01-18 21:32:23,2018-02-14,251ea7177b1cdac25a6b7dca3d683c2a,2018-01-12
1354de899c7420bbaa9d9484c79c862c,0c38911b449adfaaf4c34c0f28daec66,delivered,2018-01-09 13:19:43,2018-01-12 08:28:18,2018-01-12 21:46:45,2018-02-26 16:37:56,2018-02-14,c0dab7eb07507ed9414cb4e6abae7f12,2018-01-09
75c3991c985f0ad3e6c3b9ae67f16b76,795b085cc42ddd4b1f21acf716c176e5,delivered,2018-08-05 08:21:21,2018-08-05 08:35:11,2018-08-06 12:40:00,2018-08-10 17:56:47,2018-08-15,918bcf2bc10b6743fb04773072c741bc,2018-08-05
db9a0f1b8fd85bdad5394dbdf0179aa2,b64de67a26e6007a87a111bb5fd681f1,delivered,2018-04-14 15:42:39,2018-04-14 15:55:18,2018-04-16 17:08:58,2018-04-20 17:52:06,2018-05-11,d7e7cc24f659b8c0cae4431d42036e47,2018-04-14
389ae1c2f97501a310919a2234e0ce74,c2c88a6115ea7dc0c0593ce74e909056,delivered,2018-08-17 23:59:43,2018-08-18 00:10:15,2018-08-20 14:01:00,2018-08-27 21:03:16,2018-09-20,ba546505eec1c9f4251cbfdc001fbf82,2018-08-17
99e5f0c685ca94e5a1c7134b1898bb1a,fabf206541756ff848d31278960701ac,delivered,2018-08-08 01:17:42,2018-08-08 01:25:08,2018-08-10 15:15:00,2018-08-13 20:24:45,2018-08-16,6c6ff848f6f705ca1235ac80c414f709,2018-08-08
fed0b94df40a4b55adb218de761380f4,9b9f64bf1d23bf49f07be39cfba70a71,delivered,2017-12-15 00:25:15,2017-12-15 01:01:38,2017-12-15 20:15:59,2018-01-14 13:48:16,2018-01-15,459ec60ad5cc6ba96aeec0b0006c8790,2017-12-15
d9a2131e6b6d20f8ba76183245c30b66,f6b42daeb9f70e9c2e8f256e983177b6,delivered,2018-06-02 15:36:32,2018-06-02 15:50:19,2018-06-04 12:59:00,2018-06-05 17:56:40,2018-06-28,3b7a0c74848cef5f574292a9a738eaab,2018-06-02
871ab967b724c659c2678dc802f154d1,71661755cf870f55866a79e5f3191614,delivered,2017-10-30 17:24:10,2017-11-01 11:26:20,2017-11-06 18:21:09,2017-11-10 17:04:44,2017-11-29,458124a6c6c5deb7428523d51a60dd59,2017-10-30
47b3fc542306133e109f00371870c632,9fd235083bca5bb7bf8a91d444446cc1,shipped,2017-07-12 22:05:52,2017-07-14 02:25:32,2017-07-18 16:38:28,,2017-08-01,eafab4c22c2d62f6d0f3f82fd662131e,2017-07-12
0bd5590ed46f78fceed5ab73b86b8dd4,9ba193141c17b861884c09393ed712eb,delivered,2017-08-08 11:53:50,2017-08-08 12:05:28,2017-08-08 16:39:45,2017-08-10 18:17:31,2017-08-21,17906220efbe48dc33df242a98d6008f,2017-08-08
428964e746cbd974ac94be994a5c17c6,99dc7c59a9c5a055e048b3b1f8cabd8f,delivered,2018-08-09 19:43:36,2018-08-09 19:55:15,2018-08-15 14:21:00,2018-08-20 20:33:15,2018-08-27,e99ca5e918ee9a06067dcdc7fd50007f,2018-08-09
b372525f79a03a4f4c7f33e311e3a6eb,782a7072b467728c3864ec0c6a0b0abd,delivered,2018-02-06 09:21:18,2018-02-06 10:00:19,2018-02-07 17:12:29,2018-04-19 19:22:42,2018-03-07,14bbd23c314d9653f13b574ea424290f,2018-02-06
eec1e7170bc88c845bee8ab6ef36721c,16296a0a954c3f9560636880d4e72c09,delivered,2018-01-31 22:53:05,2018-01-31 23:10:07,2018-02-02 02:10:03,2018-02-15 15:51:56,2018-03-09,b1f99db4a41c5847c5744e0581f79b34,2018-01-31
ecd2518a4804d4d780d1347c4852af03,1486fa01c4ec1c4b80b74fa176c1644d,delivered,2017-08-26 15:11:36,2017-08-29 05:33:09,2017-08-29 16:47:52,2017-08-30 17:00:17,2017-09-08,a8d0c736f4749b8c5a670a7b867d3c98,2017-08-26
71364fd8f029fcfef871a2b7c1c45eef,6ba871ead6171a516b1e4d3fd8e92f4f,delivered,2018-04-16 20:20:42,2018-04-16 20:32:33,2018-04-17 22:02:43,2018-04-25 21:46:45,2018-05-14,f8f037a0a43972bc49948ee5ac51c91c,2018-04-16
e6670c9089973cc68e5b90b7d1f4fec4,bdbf22817eb36add4815586f4957adb1,delivered,2018-08-12 22:21:44,2018-08-12 22:30:17,2018-08-15 12:47:00,2018-08-21 14:18:51,2018-08-30,82c3bf2fecda44c673f7da909fb639cf,2018-08-12
4e0ca3ddec6976623213dab02333d917,e0df7f269b8ed0e7400dfa99dae746ac,delivered,2018-01-15 01:47:25,2018-01-16 03:34:38,2018-01-16 16:39:13,2018-01-18 15:23:06,2018-01-30,5f07e0da966350d45685dfbbcfe7e8a0,2018-01-15
2bbf04c7da16334276d95e3f4b7b938d,6929bf13d69a3e1100ca056efd8c2c40,delivered,2018-05-27 20:49:04,2018-05-27 21:11:04,2018-05-28 14:28:00,2018-06-05 16:04:32,2018-06-26,62703203e3d156919c686725629ff660,2018-05-27
cfd2d083615e8a74ea5b38d198c92a77,96fc32169071d688c5699248a7446266,delivered,2018-03-29 18:43:06,2018-03-29 18:55:19,2018-04-10 21:54:32,2018-04-16 20:33:48,2018-05-03,2a00867580df286f5cb7319c089dc615,2018-03-29
0648c919c26e4ed9eae8879a4c17796e,9764b79755f07ae9677fc4e7a6e89507,delivered,2017-04-27 16:06:35,2017-04-28 14:10:22,2017-05-03 07:08:57,2017-05-10 12:42:20,2017-06-06,9835d36e16d2102ba67f493776a52e96,2017-04-27
0b38581eaa98bfe8d55c956b4dab5bcd,3d00c56be9f9c355b9b2ab45dee27c4c,delivered,2017-12-27 19:29:42,2017-12-27 19:48:12,2018-01-02 19:13:03,2018-01-10 11:58:13,2018-01-22,63b36bf4de08f7d753c78442606faff6,2017-12-27
00949655cdd8d0465e433a5e6c9643e5,141bdfe99910207edd84c00700397580,delivered,2018-06-25 21:14:53,2018-06-27 08:30:40,2018-06-27 11:01:00,2018-06-28 18:22:18,2018-07-05,211391a801f7f19d9dcd7bbe813b2622,2018-06-25
3981ab3fc085c2a1d4dcca88197fe7fd,cf3038109e0fdb6ce61d3793e1812c11,delivered,2018-02-09 15:03:56,2018-02-09 15:15:24,2018-02-14 17:43:32,2018-02-16 16:35:34,2018-02-23,907c84c0e6acfc71b1265fa48a886b9b,2018-02-09
8b7c604fd9d73cf8e3f0d5389e3022ac,f85740ba562d483e8e78aab4a1321ee3,delivered,2018-07-21 11:47:44,2018-07-24 11:32:52,2018-07-24 17:26:00,2018-07-26 23:06:41,2018-07-31,ac52ebfa9304256b625e6d71ebc27807,2018-07-21
af045d3e5d7082db57d5b5dde3c0c97b,a9b9a53638de923fe716af6a58c14a68,delivered,2017-02-01 11:13:37,2017-02-01 11:25:16,2017-02-01 12:25:20,2017-02-07 17:42:48,2017-03-02,3e867d20c6cca77c63edeb445abb6a7c,2017-02-01
749890e9e1720de87c27367481a3d111,023340b4cc63d20a56d1afa725970627,delivered,2018-07-30 13:39:33,2018-07-30 14:30:39,2018-07-31 12:42:00,2018-08-06 18:16:21,2018-08-27,2abcf8fae9a4d0c9be9efde977e2358e,2018-07-30
2fceb850b57ede815933d3554ae792fe,1fff9fa3ca7fc56d7d4fda9b23cd7d14,delivered,2018-07-30 11:54:17,2018-07-31 04:05:53,2018-07-31 12:21:00,2018-08-03 21:04:11,2018-08-09,fe42ed05d5b7cd7ac5ce5965dff2f15e,2018-07-30
ce31aa6bc49989f71e4eb6f02f702f51,d99ac336d73ac792b2501d0c9bb4db20,delivered,2017-06-07 21:44:02,2017-06-07 21:55:19,2017-06-08 13:21:19,2017-06-10 06:42:12,2017-06-21,490181818ec661c6afd91ca1ff0ee049,2017-06-07
6c1e09e4c733fbc610ee1737436f8a5b,e4f40bdeaa197235f19f136666ffbaa9,delivered,2018-01-29 19:00:35,2018-01-30 18:50:00,2018-01-31 20:46:36,2018-02-19 23:22:57,2018-03-01,994aad8dfed8763cbc0123b0aed99285,2018-01-29
99044ba4cee09a5fd69a8c9a25599f55,eb1489020fbe59b3e535fb980f36da3f,delivered,2018-05-08 23:46:50,2018-05-09 00:14:09,2018-05-10 12:37:00,2018-05-15 21:57:00,2018-05-30,7cf08f01ab6a6a1365e1613989a65158,2018-05-08
36920eac7bd8263fab6d162476986d90,ea52c42ea78b4aec357e1391158a2e68,delivered,2018-05-01 19:11:53,2018-05-01 19:33:39,2018-05-03 18:59:00,2018-05-04 21:26:35,2018-05-18,b8be1fae7da066ebacc8a77c9529bcab,2018-05-01
984ccd2f61565cb8294d4ee05bdebb0c,e8dacc755f6a162fccb441234c60d96a,delivered,2017-09-06 16:39:49,2017-09-06 16:50:32,2017-09-08 15:15:00,2017-09-11 18:41:33,2017-09-25,ce9396ad300a338fff9b4a8814499949,2017-09-06
c5d37fd7edf7a0833228d03ce7eb7531,9af11477b7e25648e3f0b63cacb6046b,delivered,2018-08-15 11:47:41,2018-08-15 12:05:14,2018-08-16 12:52:00,2018-08-21 14:46:35,2018-08-31,d9575b595db7de99b327899d9ed25ff1,2018-08-15
8c889ab361bbfe14ea5ebfb5ef7053b4,68bc16b896692f80d3b8aa23bbeeb848,delivered,2017-11-24 17:41:54,2017-11-24 21:12:50,2017-12-16 16:33:14,2017-12-26 21:59:05,2017-12-14,51f576b5f0aa655d76696298a6971756,2017-11-24
75086a2f175d1548f12ffd72be9d06a7,69d1ab2fd89df4745d920bbb77e5d50f,delivered,2017-12-04 16:22:29,2017-12-05 04:15:39,2017-12-08 02:43:04,2017-12-21 22:27:07,2017-12-28,886fcfa9e4ca8563543bb87e4e6c94ec,2017-12-04
de64325a3ec242c2264f553d946274ae,2cb63adbf997f96f5cd34f2eb27b6a77,delivered,2018-07-23 10:38:59,2018-07-23 13:31:23,2018-07-24 15:41:00,2018-08-07 21:16:47,2018-08-10,fdb2bb535d1241519a4c88b74b9e1dc2,2018-07-23
1a5c38fbcc67a6ffb19496befa8e96a3,0b8cdab5bb179a572e61e283fe394cf5,delivered,2017-10-20 00:43:54,2017-10-20 00:56:29,2017-10-24 15:42:44,2017-11-01 19:25:38,2017-12-04,f2ec1a335e59d379a9d4c78965f58b00,2017-10-20
bca3a93a36b625ce7fca16d1e898ff63,a38092b184898290f619db835d1d9c20,delivered,2017-11-02 13:40:38,2017-11-03 13:46:21,2017-11-06 20:36:23,2017-11-14 13:12:25,2017-11-29,47fc77bc7a7c841e6b2f030aff4daf78,2017-11-02
f6ea8cbcc8900287db116d4edbdc7c7d,49c01967b56a5f70c5083417c329740e,delivered,2018-08-18 12:31:52,2018-08-18 12:50:39,2018-08-20 19:03:00,2018-08-21 16:42:16,2018-08-24,bc70357cbf265d958ea2649888a756b8,2018-08-18
62298ce96fd87a8c6dbd04c4b2a16d41,1aa26144f171fa1e7082aa0bd5a02e20,delivered,2017-12-01 16:42:35,2017-12-01 16:53:29,2017-12-05 11:22:09,2017-12-19 17:13:19,2017-12-27,e7fdb450df9cb5915176faf3c938d1fd,2017-12-01
9e52bb433e0c3da92cd75849bc446fac,4e70430bf88c6d3f3043216f39d39e24,delivered,2018-07-22 12:48:34,2018-07-23 11:31:30,2018-07-23 12:36:00,2018-07-28 11:32:48,2018-08-10,8a46ba4b232e1642db5fff70ff47e6cc,2018-07-22
55b6cf8649aab7d7ac9452d6b3318c18,76c32bcb001e92adf814296be8a4c10f,delivered,2018-01-21 23:51:38,2018-01-22 15:52:49,2018-01-24 13:37:02,2018-02-17 13:28:53,2018-02-15,2d8ef825b6ec32519de3f1abeca25812,2018-01-21
d4b13d051f5f54336f65b26b2c8255d0,80ca2b9de4805d464b87dce73116c6da,delivered,2017-08-07 22:57:44,2017-08-07 23:43:27,2017-08-09 22:07:30,2017-08-10 15:57:30,2017-08-18,999d7dfc65e6b444758479370b2ecbd3,2017-08-07
f3f60da6d82821ab2d6e56418df0d7a3,44af84fda1fdb6be91399d4ac6c3db72,delivered,2018-02-19 20:44:45,2018-02-19 22:06:57,2018-02-20 23:06:23,2018-03-09 00:58:32,2018-03-21,f4b9f65e834353f9aa53e75c39097923,2018-02-19
7a32a414f59caff4a7f5e9710a9c32e7,a0cbe684b1e0e7ec34c7a1ee02eaee40,delivered,2017-04-09 17:56:12,2017-04-10 18:02:26,2017-04-11 10:44:33,2017-05-13 12:22:01,2017-05-12,639081429b6b1419426831acd448ac38,2017-04-09
eddeac0c76b621e75409d5ed0531fe0d,7e6ae0479bcb900929155830a618c54a,delivered,2017-07-23 10:07:01,2017-07-23 10:15:11,2017-07-26 14:23:18,2017-08-14 22:28:51,2017-08-17,aa0f02a920814254d62fd514b107409a,2017-07-23
0c41735db7b9b04cffb97ff1309cbee4,fe407542528baa5c26f3ab62b9cdcb9c,delivered,2018-06-24 18:24:56,2018-06-26 04:58:49,2018-06-26 15:11:00,2018-07-09 21:11:59,2018-07-24,3e7bb77746c1489704b3e041860dfb6d,2018-06-24
be087f2e4d527446e82a0e44d5f95d34,aae5cb468884f1da9e17f0da2c25c9c4,delivered,2017-02-02 11:41:13,2017-02-04 02:22:27,2017-02-06 12:45:50,2017-02-10 09:47:50,2017-03-13,cd2998f855b8edf8d3b85cd1d3d16b95,2017-02-02
689a70a3223b705af011e81bc75323b8,aba8c082c6e5c91b733c60e0b04fa956,delivered,2018-04-17 17:42:31,2018-04-17 17:55:22,2018-04-19 19:49:46,2018-04-25 09:36:48,2018-05-15,b4d35a5be49013c6fc719a6fee2da2fe,2018-04-17
ef631f2168b86a6efd53a9fdfb9d4699,c02a6990593c8e099095ecef024194ea,delivered,2017-12-28 00:19:16,2017-12-29 07:39:21,2018-01-02 18:44:32,2018-02-07 02:32:39,2018-02-20,496cda1cfb3ffd1f8d7a57c180555c51,2017-12-28
073df773abf715c8e62c999668a9cc49,b9d095a7a09c65f3d87e79d02da2afad,delivered,2018-01-14 19:55:00,2018-01-14 20:09:18,2018-01-16 20:37:04,2018-01-25 14:48:12,2018-02-07,17b7474d4ed1decc837c02c2cdb090d2,2018-01-14
86399a62def7e6b76d52b5cfd4cb7276,941e30395a4bbcde5838d0f07fae1b40,delivered,2018-08-12 08:07:16,2018-08-12 08:24:25,2018-08-13 16:14:00,2018-08-22 15:52:00,2018-08-27,522503b8c5f3a0529896375646bd5550,2018-08-12
f1e56e6888d31427f56814ae6077aa45,026b1c08479645291d284443a15d8c93,delivered,2018-08-06 20:57:10,2018-08-08 03:15:19,2018-08-08 14:32:00,2018-08-15 20:08:35,2018-08-29,f1c08d13b8520a6efa197627fada3a56,2018-08-06
7f745edf993f5b792d9d64d92762af66,bde79a75c980c8714c8affb0f0d8b165,delivered,2017-11-26 20:19:52,2017-11-28 20:15:52,2017-11-30 17:18:39,2017-12-20 17:52:06,2018-01-02,1a90ece0de50bc600c1cd0b1270af356,2017-11-26
af133319e8442415ea3e9b7c183d711d,d00e0a7a207cd60b12fa1b089114de39,delivered,2018-01-28 22:03:43,2018-01-28 22:13:18,2018-01-30 15:12:07,2018-02-02 23:03:43,2018-02-21,07c30b82dddc10f4d5d676398b62304b,2018-01-28
cba96e186e4dd8d172b398e01df4027d,212c99e249defc8507b913c1eb889c57,delivered,2018-06-04 10:44:59,2018-06-04 10:55:17,2018-06-05 13:45:00,2018-06-06 18:43:41,2018-06-28,c7a380329b6ce97919f681cc4183ba3a,2018-06-04
0a36bd172604d49ae57f2ae440a0dc70,c7079118b666659ab965232b538299af,delivered,2018-07-27 20:36:15,2018-07-27 20:50:08,2018-07-30 13:11:00,2018-08-10 14:38:43,2018-09-13,1382666ea2fb0184512f3269cacb3c9f,2018-07-27
96e5187ccb9753392e2dcd3beff8f85f,b3aaa85c9690e3e133f5c83529fdb16e,delivered,2017-02-10 00:17:54,2017-02-10 00:32:11,2017-02-13 11:22:59,2017-02-17 10:44:49,2017-03-13,fab947dcedb89d878422fb636a0085ea,2017-02-10
9767627258a1be01a6ce44c9ab46f2bc,4d985132cd5b1f67b75b6748edf69be7,delivered,2018-06-11 13:46:46,2018-06-11 14:17:52,2018-06-12 16:57:00,2018-06-18 22:04:08,2018-07-05,320a51eae733aee4f92633e86a469b65,2018-06-11
1161ed293dc0a40bbed57348919f65ec,b2f3350f0fcfb2df7ee8900d9fecff57,delivered,2018-02-14 10:15:47,2018-02-16 07:50:38,2018-02-16 19:38:02,2018-03-20 22:24:49,2018-03-13,fc9288f642532bfeb74f1a54736dcddf,2018-02-14
fab9efbbc1e2ef88f16f448cff240426,63082ef9bd7d4906b7a68e77c78b3dd4,delivered,2017-05-11 19:51:22,2017-05-13 03:10:21,2017-05-19 10:22:54,2017-05-29 12:32:31,2017-06-12,f2207c8c0a2d63c365b25afc09d40649,2017-05-11
d413297b10ef98f20597b3dc746efe80,b5d20c53eb395d0f9cdaa15aabcb9155,delivered,2018-05-19 23:14:04,2018-05-22 08:57:03,2018-05-25 13:04:00,2018-06-08 20:21:26,2018-06-12,6bcf761c8065ec2a064dbaa68a09a5a7,2018-05-19
f54790d8edca7a0fb56626c7a42e984a,bf6b3c49650bf01069b5565e11fd986b,delivered,2018-03-11 15:36:44,2018-03-11 16:20:25,2018-03-12 21:12:25,2018-03-16 00:04:12,2018-03-22,9a116ec1c58288ba4d2eae38f9947e06,2018-03-11
c666d3cad8c556562a918f53cfff996d,9f190a7334f8e7b2531f1ae41045be3e,delivered,2017-05-03 10:26:53,2017-05-03 11:23:07,2017-05-11 16:03:55,2017-05-24 10:57:57,2017-06-01,fd21844af53ea03bbc4e5cb466e4037f,2017-05-03
7f86cca3de139cdba174aa276ec11612,61fc8e04209b454798b344e62dc138e7,delivered,2018-07-17 12:59:25,2018-07-19 02:50:21,2018-07-19 13:29:00,2018-07-25 14:04:58,2018-08-20,1e450f348c781e47e84bff6890ef8a9c,2018-07-17
b56a08892adc73d4813e06c3e62f6bfb,ab898d9d441bb047b34bf50b432bf34c,delivered,2017-06-10 12:37:02,2017-06-10 13:02:17,2017-06-12 10:57:44,2017-06-22 19:57:50,2017-07-12,27f7229b3857d61bc634962baa830c8e,2017-06-10
fd193ed03647595d959a3e351af74eea,cfed94ec4cc28960d319f2d11516af81,delivered,2018-06-12 17:26:43,2018-06-13 02:36:44,2018-06-13 14:17:00,2018-06-18 23:11:50,2018-07-13,01bc72407ac3ab328e54938f599d2231,2018-06-12
71fecd3061e596fd59e65e9d62886535,7ad00854738c8fc46b6bf4c6974cfc49,delivered,2018-05-08 14:17:52,2018-05-08 14:30:18,2018-05-08 13:43:00,2018-05-22 19:08:28,2018-06-12,0b0c6c4b2a8dd9793de2a049cf67684e,2018-05-08
134bf8fea9ec1583380780902cf0dc7c,eb9d421f7be3e97e79fe131c5f463fab,delivered,2018-03-12 20:27:57,2018-03-15 11:15:31,2018-03-15 21:11:42,2018-03-17 13:03:14,2018-03-22,1506abf10c09a2872e24d79f33e4eb12,2018-03-12
7ac0ea1aae0c98fd853d0baf7108099c,83171346ae0f784f22fea771531c1874,delivered,2018-07-01 17:46:04,2018-07-05 16:11:41,2018-07-09 12:16:00,2018-07-12 15:32:30,2018-07-24,c5fe29ed90f830512fb0d13e45628f1f,2018-07-01
53d7d36edbbd0dade27d791e9f6b020e,689c90c4e7c7ce8c153b28c11bf8dba4,delivered,2017-06-23 14:47:02,2017-06-23 15:04:56,2017-06-26 08:29:27,2017-07-07 17:04:44,2017-07-27,b6c1089bf453e24b2ebe25d98dd30ebc,2017-06-23
49e84824ae503af008a7cc379ebab409,5926018301827261608273eed79d5732,delivered,2018-07-28 14:54:19,2018-07-28 15:10:09,2018-08-01 15:17:00,2018-08-08 15:52:11,2018-08-22,0b9bce4e22ab922c862c4854c69852f6,2018-07-28
2f745f754793012b39e7806795178857,70a994c9723c3fca596dd1c71238c4d2,delivered,2018-08-03 15:35:49,2018-08-03 15:45:15,2018-08-06 14:10:00,2018-08-09 16:49:50,2018-08-23,bfeffeb68ce222717bd84a9736857a69,2018-08-03
6aa0ab1e59df785e37bda849c1d1a09a,c36cef102538362b68821fc650961cd4,delivered,2017-06-08 06:46:17,2017-06-09 02:15:28,2017-06-09 14:17:51,2017-06-22 11:17:54,2017-07-03,f2e9ccb496bdbdd6a7cf6745b46c7a21,2017-06-08
837227f97fa1b842e41273e07cf3e350,1670077ca7c7b54aa21bd2943304c1d0,delivered,2018-02-03 12:29:51,2018-02-03 12:50:24,2018-02-05 22:37:33,2018-02-21 17:28:35,2018-03-01,995f8a55b077122a551b170163d02d55,2018-02-03
09322de5d2e4e4aaac983f73fe652f24,d56aaf069a7ccf464c06b679237f1677,delivered,2018-06-11 18:33:15,2018-06-11 19:01:46,2018-06-20 14:16:00,2018-06-21 20:38:43,2018-06-29,8af1244e6dbacf0fc551a2f616f6fc83,2018-06-11
54d4c91139989884004cead3291a4a32,3bba950dbccb49c7d5be5793713b8368,delivered,2018-08-08 18:57:14,2018-08-08 19:10:18,2018-08-09 14:10:00,2018-08-13 21:58:28,2018-08-20,43c3369dad25da2107acd184075b0217,2018-08-08
3e8953439d52c5b7a12eca9324cf4273,ce0f763d66f365fe3801821e39088f30,delivered,2017-11-10 17:35:58,2017-11-10 17:46:37,2017-11-16 14:51:34,2017-11-17 20:04:51,2017-11-27,6b19d679ae0692e6c9a6a6e0db573eda,2017-11-10
39dec6d69a6e574fcd86be266b2b0ee4,1375316ebc7ef4583b565e6cffa8c717,delivered,2018-05-20 11:46:23,2018-05-22 08:16:31,2018-05-22 14:32:00,2018-06-01 18:24:35,2018-06-01,755b01b2c86cb92e6b25d45f9fa8c238,2018-05-20
fbb09a2a201b41a31a2e27bbd815c012,26fdf0e57003635d18db997a0c24bb47,delivered,2018-07-28 16:30:25,2018-07-28 16:44:14,2018-08-02 17:46:00,2018-08-07 15:25:57,2018-08-23,cc7079b9134ebe9ff9a76e83c960c5fd,2018-07-28
3f5abd933258e53656eb4368f0762fec,be683d7033a4881645d055afc913b083,delivered,2017-07-12 23:28:53,2017-07-12 23:43:15,2017-07-13 19:03:57,2017-07-20 19:29:32,2017-08-01,df0b86ca2d7e2c663bf8ecfb460d211a,2017-07-12
5a2cf4049320a6a52486e4287fbdb2c7,5407de0a9174969e18320da8b30c358f,delivered,2017-07-30 19:18:43,2017-07-30 19:35:13,2017-08-01 19:03:33,2017-08-04 12:53:57,2017-08-24,d613b4541b51b6636438593fc03235e5,2017-07-30
0548ea59d2970d4c0fc2bca54cedfd54,2b11d30e7762ee0e087603f4a5d3cc6a,delivered,2017-10-06 15:54:34,2017-10-07 02:28:22,2017-10-09 19:15:21,2017-10-18 16:49:19,2017-11-07,9babef38291b535a79ce06be358bad7a,2017-10-06
97d6c1727b0d36b8d04035e35d86f40f,f5a0b560f9e9427792a88bec97710212,delivered,2018-05-18 21:42:33,2018-05-18 21:55:14,2018-06-04 16:03:00,2018-06-05 19:33:24,2018-06-06,b3e53d18a997f27a3ffd16da497eaf58,2018-05-18
5985f136ead106b6ca5c2bf3f76b5874,2a8d9f1d2d99d0e67e6ef28ec7f55589,delivered,2018-02-05 20:36:59,2018-02-05 20:50:27,2018-02-09 16:13:38,2018-02-23 21:51:50,2018-03-05,22ba07eef1aceefa113687feabee4b64,2018-02-05
b28f0b71b3719fdab137d7263d469001,62cb8f687c3d125034c0ce2db5a5bf35,delivered,2017-12-05 10:11:04,2017-12-06 02:50:38,2017-12-08 18:19:13,2017-12-09 15:44:51,2017-12-22,c937a5d7fe89380c128d9b8746495474,2017-12-05
49aaf52025f80a8470247c3d1b9e3f1f,d7e0de0dc840ffdceac2f485e78c0b3f,delivered,2018-01-11 21:26:19,2018-01-11 21:34:50,2018-01-12 20:44:01,2018-02-09 00:54:44,2018-02-09,4a88b390fee352ef8b8ab3a997e7cbe9,2018-01-11
d5aa3ecef9ff525fa798578bae2ad559,7880830b6f139f1683dc3f19ce30ff00,delivered,2017-12-02 21:08:50,2017-12-02 21:18:23,2017-12-04 21:34:45,2017-12-09 19:14:51,2017-12-29,c76cf0c767fc5f662a877e80780e63e5,2017-12-02
89e84cfb3387746e060d4a9146511c9e,dfff11eb1f2637f31e8182cc82586b85,delivered,2017-11-25 21:40:37,2017-11-25 22:31:49,2017-11-27 20:28:51,2017-12-03 16:34:35,2017-12-21,0fd5b0cb8c5f04c22b7987b99d8061c5,2017-11-25
64a49ec4515de1ebb60ba7e7b26a3893,1b737e43244d83cf4389263c34c333ba,delivered,2017-10-16 19:53:16,2017-10-16 20:14:39,2017-10-20 15:51:52,2017-10-23 21:25:16,2017-10-26,9eff2ecf32a74aaadab754199a7ec012,2017-10-16
eb84695b82bc1d046f420135f35c52f8,60cdb2401584f6851ca9e6254009a2b0,delivered,2018-01-16 01:11:31,2018-01-16 03:10:09,2018-01-17 17:28:40,2018-02-03 17:34:58,2018-02-19,63e5029bb863ff666d1d40792f1cdcac,2018-01-16
c6f480c91e0db6a6273aae45c6027091,b1c620b3900301281f637f3df0690225,shipped,2017-06-22 17:14:34,2017-06-22 17:25:09,2017-06-23 11:51:48,,2017-07-18,f0d5e316c08426143e89749c12e65b68,2017-06-22
a75a3c5e24236d6fced5e82fd3526b43,56d81219d0478974c287e04cdb0c8c6a,delivered,2018-05-14 11:38:11,2018-05-14 11:58:28,2018-05-14 15:28:00,2018-05-16 19:13:04,2018-05-22,fd85a7641130055820c8a06a919729e0,2018-05-14
45f42317b5fa7a5f4822b837d7e8304b,b5da4b7204f9f98370ad8fd878ce0e9c,delivered,2017-11-05 15:08:38,2017-11-07 07:30:36,2017-11-07 19:07:19,2017-11-27 20:34:26,2017-12-07,f3b2eb3359ceec0c944d6eaaff458072,2017-11-05
4fc0a813a474373185c8f141a18878b3,3ed87c4263ee242463f8452c23aafdd5,delivered,2017-04-20 09:46:23,2017-04-25 08:11:02,2017-04-25 18:52:38,2017-05-05 12:30:10,2017-05-24,4240b832942fea708e593564e8351dad,2017-04-20
687fefbf639ccadb9ffe1510229fe531,9ffa39e775d0167c5322d82cd77d5ce7,delivered,2018-03-21 14:39:40,2018-03-21 14:50:43,2018-03-22 21:24:20,2018-03-27 01:15:49,2018-04-09,c9d112350fbb0b149c3729d06fa4951f,2018-03-21
9ba78cdb7ebed668566d399629fc74a6,837f6881094646f992554d6608720572,delivered,2017-05-02 16:21:16,2017-05-03 14:42:44,2017-05-04 11:51:32,2017-05-17 12:44:43,2017-05-25,a838f5f1e01362aa6dd06cd3376e6d0f,2017-05-02
25897fea02375384a97507a86d846923,c5b0e8747809dbd77c33e961212674f4,delivered,2017-04-10 17:55:57,2017-04-10 18:10:10,2017-04-11 14:53:06,2017-04-20 13:46:55,2017-05-04,ed023e1c2345f2703c7c14bca947e840,2017-04-10
bf889dfbc028003fdf795584501b9530,83ee8100a0d0c4f437e4bce4f0f7cca5,delivered,2018-02-08 17:26:13,2018-02-08 19:10:05,2018-02-09 23:46:44,2018-02-14 23:34:00,2018-02-22,8a69f55fdbcc10ee37921333398f0ee9,2018-02-08
a04084799bcf2107344626146b5f70fe,2db279bb09cc600b67ec11ac305ad8e2,delivered,2018-04-16 08:16:46,2018-04-17 05:50:15,2018-04-20 21:28:54,2018-04-30 16:42:36,2018-05-08,704d4446bffad3f1d6b73a58426af36a,2018-04-16
0e4e2b4f0485ebee2020fa22ebe41766,2579c12f61f872d30a928bd4227a0bb9,delivered,2017-08-16 09:07:02,2017-08-16 09:25:21,2017-08-16 21:10:55,2017-08-28 21:49:54,2017-09-08,ae9a838401a6d05ea86e1005df3acc28,2017-08-16
eb468bfa71ec1fa121066d870a76f4eb,bda4f1d82579eb637bb31b4283a673e4,delivered,2017-11-15 17:36:33,2017-11-15 17:50:32,2017-11-21 13:52:15,2017-11-24 19:28:33,2017-12-05,672afa8a0a510643b1be75d99ec3dab5,2017-11-15
e7754b4de1276192babdbbf45647cefb,6324ad8d7b1402f89654407309bc9c63,delivered,2017-12-06 16:25:46,2017-12-06 16:32:27,2017-12-11 22:52:44,2017-12-29 01:13:03,2018-01-02,29feac63999f6b3de80bfdf7d52bdca0,2017-12-06
b7dec0ed6498c647ddaca1006fe6240b,8d0c97aee6fed824e2d1dd65eb09d104,delivered,2017-11-24 15:15:33,2017-11-24 17:36:32,2017-11-28 21:52:17,2017-12-27 14:34:04,2017-12-19,0c0ea9392460cedc9f7c90817c503d15,2017-11-24
4cf7e2d60f3f4ed58f0e1ee3a78c6e81,062e9e44f1ded5f24b2c5839423d8446,delivered,2017-06-14 22:04:52,2017-06-14 22:15:18,2017-06-16 14:09:35,2017-06-23 11:03:45,2017-07-17,741e2994868338c4687bd80612960331,2017-06-14
6d0f81ca5d316d5a79829a1cfaf85237,d81d1cacf9539ec096a3524d7923d932,delivered,2018-06-15 16:03:24,2018-06-15 16:19:33,2018-06-18 14:26:00,2018-06-25 13:57:33,2018-07-17,08c65679c8c58f199e9b07a17b11e3b9,2018-06-15
5139f51749d25619bb9e6153e11a18aa,5cdc04640789f888b985d651877ac11d,delivered,2018-08-13 16:39:08,2018-08-14 04:45:09,2018-08-14 13:31:00,2018-08-22 15:22:42,2018-08-23,1f536df9b5c0b4aa6a19fedefdae3ef2,2018-08-13
a49ef06443dbe442d78f3fa3b26848d2,ed3cfc1db77dc98f707d942af216e4fb,delivered,2018-03-01 11:03:34,2018-03-01 11:15:33,2018-03-02 19:08:12,2018-04-03 20:22:16,2018-03-27,c5814c960caafb75215aadba74e38ff5,2018-03-01
b218e6afdf3f52598df377661fbd530e,531becfc93ec1ae0c830d67da0a594b7,delivered,2017-11-12 16:56:26,2017-11-12 17:10:26,2017-11-16 13:51:56,2017-12-03 12:28:46,2017-12-12,fc7683f4360d5c92a160d386f568b6db,2017-11-12
6643fcf7be174c77fb72dea37c92aa19,2272103eacfced4298c7b99e2795f403,delivered,2018-01-11 14:56:04,2018-01-11 15:10:30,2018-01-13 00:03:34,2018-01-15 15:55:04,2018-01-26,a530de5f879c48cd9c56e49fadb12247,2018-01-11
7d7905bf75bc3a7657f3e145f0214528,9fb2c8752b05e109fdd870a28be5bea9,delivered,2018-02-12 09:14:03,2018-02-12 10:20:24,2018-02-15 05:42:14,2018-03-03 12:18:47,2018-03-12,95f150402fda45f9f60fca9276354f25,2018-02-12
2dd3e9627a0cec07b3092f404934ce6b,7e19f4a49cf2f5c0ea08901336e3d9da,delivered,2017-04-23 18:16:54,2017-04-23 18:30:30,2017-04-27 11:05:36,2017-05-25 13:19:26,2017-05-15,7f9f63509a47bb5bdf82c647d57dd2dc,2017-04-23
cec0dfdf4408bef61c7d93b02a41f92c,abd9af16c6b85f81ac7d5eee4ecadb5a,delivered,2018-05-28 15:18:56,2018-05-28 15:32:38,2018-05-29 09:00:00,2018-06-04 17:26:53,2018-06-28,45d4fbed807eacc8d7d5b99247a16a55,2018-05-28
bf794141e731463e42c59aac15cc5cd9,a41b9adf1616f3ccc4ca2638aa6011ca,delivered,2017-12-14 19:35:52,2017-12-14 19:45:27,2017-12-19 23:51:36,2017-12-20 13:56:52,2018-01-03,776e15a5d94056069c9f9102f4daf684,2017-12-14
5a5f3655d1d2c0a31d9ad1eee421ce81,6a67694e93de15ff31d131b4264a6951,delivered,2017-02-11 20:48:22,2017-02-15 11:33:04,2017-02-17 05:57:45,2017-03-30 13:30:03,2017-03-22,e15600a54720da9567fcfd97bc3dda5d,2017-02-11
6e56fd377b9d1f816af128295e5c1003,12eb27c5c8983f8b65f4e79bfb579572,delivered,2018-02-15 09:39:58,2018-02-15 09:50:40,2018-02-15 20:56:44,2018-02-21 15:26:59,2018-03-16,faaea6cd36c9cd073b6624711a378386,2018-02-15
47c6cbb371cb3681d7d52cbb6ad3f94a,b0941d2a497ff83097f4334c9ac59d8c,delivered,2018-02-09 10:33:41,2018-02-09 10:49:11,2018-02-14 15:15:24,2018-02-16 13:17:03,2018-02-23,09cd4e5e5f5a8adaa9e5112197979136,2018-02-09
0fafef9491abc81f2975be1c75036a86,b0fd29cea8606dd1d6022c31f77730a2,delivered,2018-02-10 14:29:06,2018-02-10 14:48:06,2018-02-16 20:33:04,2018-03-10 15:03:41,2018-03-06,b144b34fcfd688ed6872f6ac1e1dc8e5,2018-02-10
bf951e41c5adb873b7fdcc1e83b406bf,bf0b4acdb6eb69084a7714bf7cc748f0,delivered,2017-09-12 10:06:38,2017-09-12 10:15:21,2017-09-12 21:27:27,2017-09-15 18:07:59,2017-10-02,472f97755c020f7fff14b98fc996c900,2017-09-12
ea70810a7aa753a29c08ba0bff6edde5,be4880733bd41d1f0845bb4d349a0c35,delivered,2018-05-16 11:23:59,2018-05-17 03:35:14,2018-05-17 10:00:00,2018-06-05 18:37:56,2018-06-01,cfc51402ac7500be36659615f1871e33,2018-05-16
30bcd0d1a15a6f391aaf0e12c25fca39,db6dce4c4057d2c5c1f676329c8d1d1b,delivered,2017-11-17 19:45:13,2017-11-22 03:15:31,2017-11-22 16:51:13,2017-11-23 16:41:17,2017-11-30,768adebf0bad7cc2a27de839f9d8d8d2,2017-11-17
d22d34dc3b27dd6647daeddbcc570636,af24747ac0b08ec8552954a3b7e00d14,delivered,2018-08-06 20:17:40,2018-08-06 22:40:06,2018-08-09 13:05:00,2018-08-10 16:18:25,2018-08-14,6af6fb422d6fbf0b4686d35157cb0be4,2018-08-06
48f30fbf8d879b0216be9be4a1fca6e4,a8b345d55f94ab20a00864ee6a0642ce,delivered,2017-03-27 08:45:13,2017-03-27 09:01:54,2017-03-30 16:52:15,2017-04-05 10:33:32,2017-04-13,33b9ec483c301aac2f987f00931b57ba,2017-03-27
9d8032cab9a441c8df1b47087eae5b41,3dcf72ac785b3c60904db9f549f52744,delivered,2018-03-14 19:41:35,2018-03-14 20:20:31,2018-03-15 23:22:25,2018-04-18 21:28:41,2018-04-12,f3fe2792999b8c873fd6002c61dfb42f,2018-03-14
4a78a79abcb01edd282c54c5c9cdaac2,91671096ac3d7845abb30877f9d18259,delivered,2017-04-03 03:20:30,2017-04-04 03:25:13,2017-04-06 14:10:44,2017-04-12 16:28:59,2017-04-24,b623f986adb376aa2770d126c1b598c8,2017-04-03
9d35fd8f543fd6c4f8369add0105e531,0ca219acb9356eced4c5c3140f88f96b,delivered,2018-07-30 08:55:37,2018-07-30 13:10:14,2018-07-30 15:32:00,2018-08-06 13:18:25,2018-09-10,2c136b31e3f187d6c1e251011183a29a,2018-07-30
b2ab8e46c0531fd546ec40b146724c46,2bba08cecced69b889a272c194f805bc,delivered,2018-08-04 12:22:39,2018-08-07 04:15:33,2018-08-09 15:03:00,2018-08-13 17:58:27,2018-08-14,c3481b4a695ad9c17f76f94fa6d899ec,2018-08-04
2a1e603190a385d6ac42043e5361b309,dd000dfe86c2b17ecd26660a299b07ba,delivered,2017-06-14 19:39:48,2017-06-14 19:50:17,2017-06-16 13:20:00,2017-06-27 16:24:35,2017-07-13,f9b379f5b005cdf6b474f137b6884452,2017-06-14
af93940eed198259e7d1964a641155a9,e44684e581a8527119aa977a23d80237,delivered,2017-07-28 10:18:39,2017-07-28 10:30:27,2017-07-28 18:15:50,2017-08-03 15:23:26,2017-08-17,60c2018117669b6e6e1223f18c40c75e,2017-07-28
081e5884f403fbe66f3bce77c72c9230,b55748892add3571efd411869204bbcc,delivered,2017-10-31 15:09:11,2017-10-31 15:31:18,2017-11-03 21:31:43,2017-11-08 13:06:47,2017-11-17,fcd2c511d58e5bb385d0734537fcaf34,2017-10-31
18d4a0c2996047bfa18e3f637f4ad763,3d1926af745beb43e9b18338507cea0d,delivered,2018-01-23 19:04:20,2018-01-24 10:31:39,2018-01-24 22:19:07,2018-02-08 02:51:33,2018-03-15,afb04e24aca66eda82e5b7d9f9c78795,2018-01-23
b86c4834a1f80bb5f808842b4624a2cc,ace1a8511961e8466d5dcacfa5da3185,delivered,2017-11-28 19:46:33,2017-11-28 19:54:27,2017-11-29 16:02:42,2018-01-17 17:49:03,2017-12-26,b7be742fcfc8447746fe153645c1ff95,2017-11-28
5a80f55b30d5104aec28b1bc6b59b796,635a58bd743edc833834a9a8435bf317,delivered,2018-03-09 18:07:53,2018-03-09 18:29:15,2018-03-12 13:48:37,2018-03-17 16:22:20,2018-04-04,85654a58953ff053cf058f8831707c50,2018-03-09
09ed65e35d505a8ce95a82e5c0d1dff3,136650e7d6ed0da6d222b83fb59144ad,delivered,2017-11-24 16:17:04,2017-11-25 04:39:33,2017-11-28 22:31:54,2017-12-03 16:48:32,2017-12-11,43e195ceb5ab683d2ececb21906a0bc7,2017-11-24
f1b64d15b1fe4c26aeffdaa46fa1004b,eaa27ddbb78c8c390b40a0e075c568c4,delivered,2018-03-17 21:26:44,2018-03-17 21:48:41,2018-03-21 18:36:16,2018-04-10 17:33:45,2018-04-09,d74b96b7c2d42983d4eb6cac90a0d102,2018-03-17
ca1533a4041a98501d0c3250c7dff345,9c0d40a2af948e31d03e583dddb57fd3,delivered,2017-03-12 16:38:43,2017-03-12 16:38:43,2017-03-14 10:33:22,2017-03-28 15:08:54,2017-04-13,d2f446ea35ec6fe09959e8f858962b37,2017-03-12
ee72ce44903a7907d3c84f46ef2dd863,0117fcfe90f5c0df487c5eb4ae067aff,delivered,2018-07-25 13:15:31,2018-07-25 13:25:09,2018-07-25 14:42:00,2018-08-11 17:57:36,2018-08-27,547815ef9a8d4503278645b8d39c2a87,2018-07-25
9c79cbb5642412b4151353f3dc4d4ee3,0f80a5a2ed84b5faab4b319acd731049,delivered,2017-05-03 10:25:33,2017-05-04 10:30:18,2017-05-04 14:46:38,2017-05-23 15:12:40,2017-06-05,2a4ad1137664f7cbeed3b3f0e0d010cd,2017-05-03
0e1628ef32043a2e0c0d7152af698bd1,43798f254097cd1ae79c084d3c697ee3,delivered,2017-05-01 10:30:43,2017-05-01 10:42:46,2017-05-04 11:52:59,2017-05-08 07:42:07,2017-05-23,13abc50b97af7425b5066e405d7cd760,2017-05-01
dd2a455f0d35a5d964808c72c38a36fd,3d17b220afdd542298bca418923e57a9,delivered,2018-04-26 23:15:26,2018-04-26 23:31:32,2018-04-27 15:01:00,2018-05-07 15:32:15,2018-05-18,1d90ebd8cb04c7a434474e7d3041ac84,2018-04-26
818080c38c17ec4bdcb39798ccb51b4e,b37663c257f9cb8f2dc90fe804a6ef2a,delivered,2017-09-07 11:10:33,2017-09-08 11:24:48,2017-09-12 19:13:39,2017-09-18 19:07:55,2017-09-28,ba57f513bb30f77cb352b1f6d1da6c37,2017-09-07
2cd381926f90886df1f35f7002745c9b,0d2797654ac8c8480c338fcc98b48e6c,delivered,2017-12-18 23:36:46,2017-12-19 02:10:31,2017-12-20 21:03:33,2017-12-28 17:09:19,2018-01-11,6efd3075e984635f59677f3a5492338b,2017-12-18
43db2bc49fcbe07b3ee17f03949557f4,d5898f068b0c163032a416dbe57e535f,delivered,2018-07-03 16:22:23,2018-07-05 16:23:42,2018-07-04 14:06:00,2018-07-10 20:50:52,2018-07-20,4fd113823bb24c496078c6f937487fa9,2018-07-03
b326b28576ef485c456bb7d2775eeea8,7536780aa9643a6ff2d9a9b827e7bd59,delivered,2017-05-13 11:58:44,2017-05-13 12:22:21,2017-05-17 08:26:38,2017-05-26 09:12:44,2017-06-12,95ffcfce436c8486268d9602aa865d0a,2017-05-13
eac07a0dbd3a43600f76d084fb472e63,166dd5897ee419fc1c7e58a26d495a29,delivered,2017-08-23 18:22:15,2017-08-24 16:44:31,2017-08-29 21:07:32,2017-09-05 22:05:12,2017-09-19,3d5828dbc0f8025a48f9ebf72b223919,2017-08-23
0670e42d70788dc30446908644d4cd74,a8b4e86b09a6751205acdf4a5d8e6ee0,delivered,2018-02-22 11:41:40,2018-02-22 11:51:11,2018-02-26 21:44:50,2018-03-08 18:49:45,2018-03-22,c7db8eaaaec6095c953bba3bb608553d,2018-02-22
0b0bf8f9977e22517521efeefa4b7a27,70853b66bdc999fa3b86d867d34ab156,delivered,2017-05-09 22:58:25,2017-05-09 23:10:18,2017-05-16 16:04:20,2017-05-24 14:13:31,2017-05-29,4e14d40f37f04e342f949ecd444a10b8,2017-05-09
c6492b842ac190db807c15aff21a7dd6,6ee2f17e3b6c33d6a9557f280edd2925,delivered,2017-03-09 23:39:26,2017-03-09 23:39:26,2017-03-15 11:16:33,2017-03-21 13:32:45,2017-03-30,f9ae226291893fda10af7965268fb7f6,2017-03-09
e061acbc3114d57440a7250db18b4e0a,a03432ab233435f6c640fd5cc7ef3072,delivered,2018-03-23 09:47:07,2018-03-26 06:27:33,2018-03-26 16:47:32,2018-04-04 16:54:35,2018-04-18,f95609e9bce5e202d1b0604fa273f33b,2018-03-23
c39da54f19d2aa7b89667e4817f05629,6df80b1b894bb87f1ec7ce6534db6152,delivered,2017-09-09 04:42:26,2017-09-09 05:25:16,2017-09-11 20:54:44,2017-10-02 18:57:29,2017-10-18,26eaae8c1a6bf6dde7ec03d919b31ffd,2017-09-09
6c7e8d67d9bf60c5baf05bb0193b4908,5c124fabda6174c6a2f7ad04a5080981,delivered,2018-08-13 12:02:35,2018-08-15 03:30:33,2018-08-15 15:00:00,2018-08-18 14:38:44,2018-08-23,185cdd4764015289d22da5fb45280116,2018-08-13
065f2124da64e6bddb1120142f2ad73a,3f947876eeaf431cc48e9751af9c6ed8,delivered,2018-04-05 10:17:48,2018-04-05 10:30:20,2018-04-07 01:00:43,2018-04-11 18:06:38,2018-05-04,ac38c74aeb019552b01767cd6e3dd5ea,2018-04-05
855205a0e3f856f2a88173b8693baec6,4b5e5b4a8e3b88986e4b7fda76311ded,delivered,2017-05-25 10:32:23,2017-05-25 10:43:24,2017-05-26 08:54:27,2017-05-30 15:42:29,2017-06-07,bd7efabc833a3e62b322f7f597e67843,2017-05-25
d9e110790efe2b61a32e2b343905ae90,46efeb419cd0b58214d62fb6f13623f7,delivered,2018-07-28 10:29:40,2018-07-28 11:04:20,2018-07-30 14:14:00,2018-08-02 21:46:45,2018-08-09,cc470d7ea00876438b19009a91f5d395,2018-07-28
1fc71eb4a30dced088d988c57e751078,b405dfdf46036287887efd86828244a4,delivered,2018-07-17 12:33:50,2018-07-17 12:50:19,2018-07-18 07:52:00,2018-07-24 19:03:21,2018-08-03,e00e0e31632b3e92dd4bc3010cd7e604,2018-07-17
ee1099f5139597ef759566fd91767968,459d1f01d74c4244a02f2cd0c4ca2489,delivered,2017-03-13 08:38:47,2017-03-13 08:38:47,2017-03-14 13:07:43,2017-03-24 10:53:48,2017-04-03,f9e4d91d3351fc9c75a1a17ff502442d,2017-03-13
40a601b71bfefbc0f6a7566b0d201fad,45fd0f4002588ad41ef11b08ec4cf2ce,delivered,2018-04-17 01:30:10,2018-04-17 01:52:09,2018-04-20 21:43:47,2018-04-27 20:39:01,2018-05-23,8429807edd4ebdc06a75b12d95e64cb5,2018-04-17
4802922b16a37af8db6fb3df54b07860,f078095ff04dedf7d217df058773668b,delivered,2017-12-01 11:25:38,2017-12-01 12:31:27,2017-12-04 22:03:42,2018-01-08 18:54:58,2017-12-28,b1225386ce404a49a244390535d07f92,2017-12-01
0d783e7e03dd70fd2ea6a0b33bb73706,00ffbb23812bc76062322afd86d8cbf7,delivered,2017-09-10 22:42:54,2017-09-10 22:55:14,2017-09-12 21:45:42,2017-09-19 21:32:12,2017-09-21,3ebb2a0fd558dba46f61dbaa6ecbda79,2017-09-10
e4ef736a25347585f1e67bbf8eb476fe,16495aa2054f83a2b39ef5a5e7cab72f,delivered,2017-02-20 19:23:18,2017-02-20 19:35:10,2017-02-24 13:29:57,2017-03-02 06:49:07,2017-03-17,2d601efccca6a51a82d896a0e9e0e671,2017-02-20
dc30763d1665f5167ab925fbb51202f9,7d498305b94fb1d7f3e26e6fce47e4cd,delivered,2018-06-14 17:08:17,2018-06-14 17:39:33,2018-06-15 14:00:00,2018-06-26 19:03:30,2018-07-18,52498fe500c7493986b4f1d64603a093,2018-06-14
f2b609cb8300d9cf7f2731582909bd61,4107cf3182f56b9dc9ce104c7379434c,delivered,2017-09-20 16:32:20,2017-09-20 16:45:32,2017-09-22 19:11:56,2017-09-25 21:13:48,2017-10-05,ba61d59a2145e65871af78a18fc9282a,2017-09-20
e46cc1d437cb15e5f95230f2eabaca67,c5af41ead41ce8121fbe5405cf93d7e3,delivered,2018-07-01 19:53:27,2018-07-01 20:10:02,2018-07-03 14:15:00,2018-07-07 10:50:02,2018-07-27,25e5d2de017184f01fd57fbddb1f2a11,2018-07-01
d326dcaaf349108b952ba7aba78eaa9d,34329f819a7c0bf45366202c3cbc5007,delivered,2018-01-22 22:01:48,2018-01-22 22:16:20,2018-01-23 18:07:43,2018-01-24 15:23:33,2018-02-06,e5ba6038a6e49172ae4d7c0a66e930b8,2018-01-22
2d42a5a4d209118c2023d643833be818,0adc6935a7eaa24f5b9d229ea701ab38,delivered,2018-03-26 22:41:12,2018-03-26 22:50:18,2018-03-29 22:44:31,2018-04-14 11:03:59,2018-04-17,0d059932f9a38e9a1b3f0cd13246697b,2018-03-26
76bd9ce8aa3ce93bd913f3ec17f66790,35f26e073ace0e3cd12f259eb5c75fb8,delivered,2017-01-24 15:37:05,2017-01-25 02:50:35,2017-02-09 15:18:16,2017-02-17 16:16:10,2017-04-24,83e75db9c4f88190e300f1a6cca95540,2017-01-24
d67bc62fb98a4a57ebf154cfbbaefca0,44ea4e0b5d3bb76f95d70400151be1c2,delivered,2018-01-16 15:38:28,2018-01-16 15:50:51,2018-01-17 21:33:17,2018-01-22 12:59:14,2018-02-06,4f6a1f3a338887dc048aef99c4be544b,2018-01-16
8d009dd4bfa1f56a289579b630fa3b83,0b761918d6c1790b6f00322de8ec99f9,delivered,2018-03-07 18:58:59,2018-03-07 19:15:29,2018-03-09 00:30:48,2018-03-22 02:38:34,2018-03-23,cfe76cf82ed58cb8e9cbdba455ca47de,2018-03-07
c5c9e31d0a32df5f612ca8f9b04f8574,73d9b153e7d371a64270388b832f3ae4,delivered,2018-07-25 11:49:46,2018-07-27 02:24:23,2018-07-27 14:17:00,2018-08-09 18:06:54,2018-08-22,0bec996c01ab41b9409121a4b16d38e8,2018-07-25
55772fc319b3906e897cc43fae9c1835,fe2f0691a0934f97140ea0b83b7178b1,delivered,2017-08-17 11:56:42,2017-08-18 12:05:18,2017-08-18 21:31:53,2017-08-28 20:27:48,2017-09-11,b92221f3dccba2fdb8873d2a83ef582f,2017-08-17
7d04b18b6cc94c74b63c7ce9546dd09a,51001cca9f484d8261ac65c5928c10b2,delivered,2018-02-22 17:09:03,2018-02-24 02:48:29,2018-02-27 16:42:40,2018-03-08 23:12:36,2018-03-14,0809d9060d9962684da1f2b7c1f32b00,2018-02-22
bf61d525b7c099d79f6e3bbbd7a4aec9,f882d8943a6e76b0876c6affb9ac2dfb,delivered,2018-03-02 16:59:19,2018-03-02 17:10:48,2018-03-05 19:17:34,2018-03-10 01:38:47,2018-03-22,90d06da6f94664d6339da2e47ec4f104,2018-03-02
6c4e1e1b0508d7c73164b8890daa28c6,c6306ac21fb4ae74e7c95593dd0ba5c3,delivered,2017-07-12 23:53:35,2017-07-13 00:50:16,2017-07-14 19:54:23,2017-07-20 18:14:23,2017-08-07,f45b805b1e9d0185eef2d7ea730adec3,2017-07-12
c9784c87841fb49ac88950030e64c514,1e3726247083b718a85dbc9c611fbd4f,delivered,2018-06-13 17:27:16,2018-06-14 02:39:34,2018-06-14 14:29:00,2018-06-15 20:08:32,2018-06-29,5caa8fccaa325c51275da70ef323fb45,2018-06-13
04bef5ebaab368e72d66decdad88fddf,55ca07ff32dc30f00ded4c99f8ea9124,delivered,2017-07-06 16:54:03,2017-07-06 17:10:14,2017-07-07 20:11:22,2017-07-19 12:57:51,2017-08-01,0bc9c245cd69735af23eefdd89d74e7e,2017-07-06
8d4bf0250a288cb514e50be83d8d6cd1,5b165ab5c9dc4074ae3700e3be9ea23f,delivered,2017-11-06 11:03:14,2017-11-07 07:30:38,2017-11-09 17:32:26,2017-11-27 18:42:40,2017-11-24,842c82a05fe60d689e341d5c9f33f73a,2017-11-06
fc3d87913825143fa41c48e40267c47a,257a6b66d3f2d3d5512de0b7ca852fb9,delivered,2018-01-31 14:00:36,2018-01-31 14:15:23,2018-01-31 22:59:52,2018-02-05 23:09:14,2018-02-23,1e05761e47e6a4968ac2ee128b0d42a4,2018-01-31
07357a6641ec997dc95d17a571f9ce5f,8d9af6fd03ae64da4f7fb87e4f9fce2e,delivered,2018-03-25 11:51:37,2018-03-26 11:47:40,2018-03-27 18:26:44,2018-03-28 19:44:32,2018-04-06,0027324a96d26a2bc7d69262f83c8403,2018-03-25
5c6716058d09c774a733e192b5573e96,c25a50d786c9148ef8e2eaa6b173a12a,delivered,2018-06-12 18:37:47,2018-06-12 19:07:28,2018-06-13 13:39:00,2018-06-20 18:56:53,2018-06-26,9e982f7d31d8939e683c1d1200db1cfa,2018-06-12
f104090fcd96c0b2ca8f9d818127ccf5,fb52eb341179dfe943f35912b96505e8,delivered,2018-02-02 14:13:03,2018-02-02 14:51:57,2018-02-08 23:08:39,2018-02-14 14:06:20,2018-03-02,abbbc29d7ef71aed05639fb309cc2a1a,2018-02-02
cceef4fb6d7807d091651d4f6bd0502e,cdd203a140fbf5320bd06b0aa17aba3b,delivered,2018-02-17 17:39:00,2018-02-20 07:06:53,2018-02-22 03:05:42,2018-03-04 14:22:11,2018-03-19,6fcb0c15d15d6cc8ba8a6ebcb8828ddb,2018-02-17
636f73118014a54ac2fff02765918f12,3368fd70f27aba83c0c0808332a6f328,delivered,2018-06-05 15:26:51,2018-06-05 15:48:50,2018-06-08 14:40:00,2018-06-13 21:52:31,2018-07-12,24793d09262ddea68f64f6e2a6150976,2018-06-05
67416a990d28642694e91be43a750284,ba7e6e22b59e7088657696e5efb7c5a0,delivered,2017-07-09 20:41:04,2017-07-11 03:55:48,2017-07-11 20:14:55,2017-07-18 18:22:02,2017-08-01,ad2e83d2879bca18a366b83025681a2c,2017-07-09
4781da20482e1cd01049b1f299ead78a,23333f60bd6f1f3cdcd1f22524eb6721,delivered,2018-03-17 15:55:15,2018-03-17 16:09:04,2018-03-19 15:26:35,2018-03-29 21:26:37,2018-04-12,9addedd61c79029bdc2a0cbf82dd978e,2018-03-17
2cb2f557ab7119a8f1e9e00b7bf75547,024fb58b51f34a34fad7a533363f0c93,delivered,2018-05-07 08:41:05,2018-05-08 03:55:18,2018-05-08 11:27:00,2018-05-11 17:16:37,2018-05-28,0c755a283d5e37c2f0509c7964c4278d,2018-05-07
2542fe494d4b37b79ed85377e12c53a6,0d3be98fd17e4f6b118f90a23637c4c8,delivered,2018-08-03 13:44:49,2018-08-03 14:04:03,2018-08-06 12:24:00,2018-08-15 11:10:48,2018-08-22,3da952ce80be94f390086f4f4dcf4f21,2018-08-03
87bad102fdebff40d7f35773874f5c5d,985fef93c9e3fd227f5741447063b1f8,delivered,2018-07-05 01:52:06,2018-07-05 16:33:11,2018-07-06 07:08:00,2018-08-03 23:53:34,2018-07-27,4defe1cad8c1c3aad7d4ce18912487e5,2018-07-05
9b6c23f7e50fe64b97022b8c0d3602a6,29c0e28bcd9fba73b230337bf0908614,delivered,2017-06-04 15:30:24,2017-06-04 15:45:13,2017-06-06 06:36:57,2017-06-14 16:13:01,2017-06-30,25addba8e470c39502e0d659f0217e30,2017-06-04
cef5e3ca97aed8bc63fe5f55a26633a6,9725311a745485cdbc57eb469008bab3,delivered,2017-08-06 00:19:53,2017-08-06 00:33:20,2017-08-09 20:07:43,2017-08-23 21:22:31,2017-09-12,cfbe854c0eacc830d42e2a70595fee02,2017-08-06
1cf03b2013a9167bb623e62ac5681f07,f296f065f766d3d3394724a630e6d846,delivered,2017-08-22 20:04:39,2017-08-22 20:15:16,2017-08-23 20:53:00,2017-08-24 19:49:49,2017-09-06,aad5cd11cc925d1ab1292283dc04af9b,2017-08-22
eced501ea6ea98469acff0ccbf3ca09b,d688baf4200a4372b4d5e54b175506c8,delivered,2017-11-27 11:13:06,2017-11-28 03:33:56,2017-11-29 17:48:59,2017-12-11 21:19:09,2017-12-18,5182c0939da37d2f3acd9f2fb8b60d4f,2017-11-27
969be6eda8eee17b51e2baf23de37571,7424e35f9a06608fb644ebd037fabb76,delivered,2017-12-08 10:36:58,2017-12-10 10:35:24,2017-12-12 18:27:43,2017-12-15 22:04:13,2017-12-27,d2773cf40e588defe7b1bb0b7a01a68a,2017-12-08
a20c09b177ec895365fad749123260d4,dca999dc00cc6e462ec7aaf3e62008ad,delivered,2017-07-19 21:45:35,2017-07-19 22:03:29,2017-07-26 11:07:51,2017-07-28 14:40:37,2017-08-17,5ebc16fa8e8f7628425904c85c99760a,2017-07-19
6ee77fd090a49ec9c4e15bd1a94e100e,d24a0f00aa18133811d0aa666da75ff6,delivered,2017-03-23 17:44:48,2017-03-25 02:15:36,2017-04-07 15:15:50,2017-04-12 12:39:05,2017-04-26,14803be716853016918954f7ef189abd,2017-03-23
8a08c6b7d01513f42c76604beded88c8,a35f4f7a7e34eb14993f3c1346434258,delivered,2017-09-27 18:36:39,2017-09-27 18:49:31,2017-09-29 21:17:17,2017-10-02 19:13:37,2017-10-20,d3c3ded6e21a0ff524eacb53240d64bd,2017-09-27
ec5a489ff2d239e7ef65ab8a3057caf2,387e35b89e342c71daa48da93e6055bc,delivered,2018-04-27 19:03:42,2018-04-27 19:15:19,2018-05-02 14:53:00,2018-05-07 20:12:47,2018-05-23,d8c8000dd442ae841b6eb364d291c6b3,2018-04-27
64dc7842b184ebd280aef040ab951134,17c07670c24a672a8d2c99e9c5f14977,delivered,2018-07-04 14:48:13,2018-07-05 19:55:14,2018-07-06 10:48:00,2018-07-12 13:21:29,2018-07-26,4a8a66850862cfaf229a2eb4bb08c4f4,2018-07-04
ca37d18bde9cdb0ba2b129d3ecabfd04,5ed1dbb44e342150382decfb70910eed,delivered,2017-10-18 08:44:48,2017-10-19 02:49:24,2017-10-24 19:43:33,2017-11-08 16:58:26,2017-11-27,e1ed69e1ddf676903af35a9072420a9d,2017-10-18
d01a489bb718b638df1e789951d37fbb,3d1e9ba476f69fa9d857a7be82e13d70,delivered,2018-01-08 21:30:43,2018-01-10 10:32:43,2018-01-10 18:36:36,2018-01-25 23:23:14,2018-02-05,a423f390edfb81997c700416a88980f9,2018-01-08
cb27e0d6c6f92df591073fb6ad5ef7f0,2155e6e404e41736933c696382c1328b,delivered,2017-01-24 12:14:05,2017-01-24 12:25:26,2017-01-24 14:35:17,2017-01-31 08:23:20,2017-03-03,f27f6f093a0769b96f8f80a445c9fba6,2017-01-24
640521517a7ba45ac5894e92e00397e2,9b99e4a03905c21aeb3a02d3aed4f28d,delivered,2018-05-01 20:32:40,2018-05-01 20:55:41,2018-05-02 07:12:00,2018-05-09 19:28:37,2018-05-28,4d64affeb65139d8cd6811455e22b665,2018-05-01
c9d7ad27ee89c6573c6b71db9bac0118,42c85685f0c293c6ad859aaec52275be,delivered,2018-01-12 15:02:26,2018-01-12 15:12:34,2018-01-15 23:52:54,2018-01-23 19:33:31,2018-02-09,415a0a08d8f5c559724ba7f5b5309c57,2018-01-12
c13e334a4d2b0b11e6422e69d009de0c,739615c495132b26d5897b7f91e8c19f,delivered,2017-01-26 17:38:13,2017-01-26 17:50:14,2017-01-27 06:35:02,2017-02-17 16:32:45,2017-03-06,bce81bd5656dc95b94c97f0a05db1250,2017-01-26
a67107548e2d070d55fcea8860b1ac65,e156f2d46c95094c07278d9524a2439a,delivered,2018-05-06 00:30:19,2018-05-06 00:54:34,2018-05-08 12:57:00,2018-05-12 16:42:03,2018-05-23,e7ffc43391a2eaa20648fd127d362287,2018-05-06
337a9f67f1a66c4e9a9734911c1bf2ee,10091d0f711745db12815a7935577e26,delivered,2018-02-02 18:33:43,2018-02-02 19:31:15,2018-02-05 22:44:59,2018-02-08 17:07:53,2018-02-20,a8bd559f5b029d6f96e3c9d134288dba,2018-02-02
684f1a4b6559236d68102d69a63c5d45,5edb0664a3b86763a254e4ebde592f21,delivered,2018-06-09 13:31:20,2018-06-09 19:38:30,2018-06-11 12:21:00,2018-06-15 15:44:57,2018-07-12,9cddd676a8bc6d15f3c0c464d382fd2a,2018-06-09
7e338800679468cc1017d389d25862cb,2c9430b7dbbcfb7bf899c13216a6d3ac,delivered,2018-05-02 13:41:27,2018-05-02 16:19:53,2018-05-03 15:09:00,2018-05-04 20:16:59,2018-05-21,9188d7d7c2489659514a96300f4b50ee,2018-05-02
8caa967e048f7c1e27144a219ad123f9,6a558f0fd01f63ca6888b774514772b0,delivered,2017-07-17 20:38:23,2017-07-18 06:10:36,2017-07-18 12:17:08,2017-07-27 20:22:24,2017-08-04,5e7a69354868425d31c2848b17caba13,2017-07-17
eb06fb53004b9a8679a5e8eb058e2616,92091d4e545d9a6879146745f0d174c2,delivered,2017-06-27 13:55:29,2017-06-27 14:10:14,2017-06-29 14:59:11,2017-07-12 23:26:45,2017-07-21,5612587a15f6833650e71c4b5de3eac2,2017-06-27
b5ba129c3461e787bf826b827b5a03ab,2a28433a6df5eec74729ea651525a6a7,delivered,2017-10-10 11:54:44,2017-10-10 12:14:51,2017-10-16 20:58:43,2017-10-24 20:21:53,2017-11-08,bdc164cad1141903282c7104c200f056,2017-10-10
3b3ef4cb2acb79f0af542185bc12bdcf,72bd1c8873962ddf5f3ab148eea75818,delivered,2017-11-28 08:28:57,2017-11-29 02:23:18,2017-11-30 19:45:31,2017-12-02 00:42:10,2017-12-12,7462cb688803efd613874893f8c3f0e3,2017-11-28
5789c1b03492b72bc448c0d523eb2e36,36249c6af4dcd557e625cd73fb92b525,delivered,2018-07-11 11:55:22,2018-07-11 12:10:15,2018-07-24 06:51:00,2018-08-02 16:56:57,2018-08-06,bbf7908408b6c1017c648a3898da55a8,2018-07-11
fe9d220ef122811f6078f92ee189d144,d138e93cfcb87bd2277361ff476b7076,delivered,2018-07-02 17:52:02,2018-07-02 18:10:18,2018-07-03 14:03:00,2018-07-05 19:34:38,2018-07-17,437274d6dbc6788115f174a8ec0bea3a,2018-07-02
7b3d275dd6d279eae2674243731e78b5,315bbf72e7b102f2e34ebee5bb2911b4,delivered,2017-06-02 08:30:11,2017-06-03 02:10:14,2017-06-05 15:01:30,2017-06-08 17:09:10,2017-06-27,985a1809ca7375ed515e8eb9a390dde4,2017-06-02
ef3f0f39681fd089fef832371fe8ef35,8ea81d1a4c2dfd4a7bfadda3a55a3f3e,delivered,2017-09-20 22:26:25,2017-09-21 22:30:12,2017-09-22 17:56:40,2017-10-18 18:57:34,2017-10-17,4ab6998389ae92a3a4a68be0861b0c36,2017-09-20
f15c4b4b43ba09c074b6eddcf72a902e,d727542c0e0a218efe5ac4b614f08833,delivered,2018-03-04 13:00:52,2018-03-04 13:15:34,2018-03-07 02:09:08,2018-03-14 22:24:49,2018-03-22,3a537ad954f862d23c4f6a90066ae37e,2018-03-04
29d86db6d5cb58b37df26cfa3efb17bb,a8a86d74aec6e1057ce989d0f05757d4,delivered,2018-07-30 12:40:28,2018-07-30 12:50:15,2018-07-31 15:08:00,2018-08-06 23:34:23,2018-08-15,2abf0c5e018b115de3e5b31d19a7a26b,2018-07-30
9797a3f116ca3ac106a9ecbc8807d2fa,903dd6707176c6bc79c11b89f8501ffe,delivered,2017-03-02 05:10:03,2017-03-02 05:21:35,2017-03-07 15:39:43,2017-03-20 08:17:57,2017-03-21,57b833048b82a802b3580c1911594983,2017-03-02
5b2b93888b6631e300170b0104f2608d,39479cb9e2ecd631478cf2f4436c21df,delivered,2018-01-03 14:11:22,2018-01-05 02:38:34,2018-01-08 22:26:21,2018-01-15 20:13:13,2018-01-31,63a6216ad1a050823d1a4ce68c8eff13,2018-01-03
30244fa670103f1654f92667d446878f,d36f42791492c5b4404bfaf182d4dfd9,delivered,2018-05-01 12:22:52,2018-05-01 12:35:21,2018-05-02 12:10:00,2018-05-07 14:17:28,2018-05-29,65859c1624b7642ec285b4a71efd9506,2018-05-01
0f758f5895563ce1892043bc8f17dda1,817221d10fd8831a6a1357cf8fb5fd61,delivered,2018-05-29 08:25:40,2018-05-30 02:13:54,2018-05-30 13:51:00,2018-06-20 13:22:16,2018-07-13,4b1544b0977e0988f822c138bfc549c0,2018-05-29
bbfc7badbed2f1828e22b6d629201bd4,f25f442c0ff3a9401eed8ed3a686f362,delivered,2017-07-09 10:35:08,2017-07-11 04:04:10,2017-07-11 17:20:00,2017-07-18 17:59:36,2017-08-02,720bef87b58a7744196ef8f494ac9617,2017-07-09
bf488c4d02bcdb68c278b42d9417f05d,c4a04aaad12f3208ae0b1a76ef3918ad,delivered,2017-05-04 20:33:27,2017-05-04 20:42:43,2017-05-09 11:08:01,2017-05-19 10:57:06,2017-05-29,971990c4351040cca69ca519f63c3d20,2017-05-04
54051e01a81a788d5a87b405a9cde833,aecae713f6be29f1cfcf0a7588b1d4ee,delivered,2017-10-24 09:03:47,2017-10-24 09:27:15,2017-10-26 19:31:44,2017-10-27 20:31:48,2017-11-09,af83b040ab2ced118dc7901c6413f370,2017-10-24
45655002c111b6037f3244f4692bb526,34762c7ffa1e30effc6e33fc31c3742f,delivered,2017-05-24 11:02:36,2017-05-25 03:02:33,2017-05-26 17:25:55,2017-06-01 13:10:07,2017-07-04,869be6f00b4c49e72f9a1e2033baa9f0,2017-05-24
fad0960622f8a0b36af2cf3530540c48,19cbab4c65aff684b92904fa72e78cb6,delivered,2017-08-03 00:08:48,2017-08-03 00:23:48,2017-08-04 14:19:37,2017-08-09 21:24:52,2017-08-25,b9719aa7c99391106f1bacba9be12f06,2017-08-03
b46e18b518c3d963b1fe26f63bdc9602,75d15222965d0df59f8f7e35ecadee8b,delivered,2018-05-13 19:05:53,2018-05-13 19:34:03,2018-05-15 14:20:00,2018-05-24 17:24:17,2018-06-05,92ca21d06549460680f5ae0cd72fe722,2018-05-13
5864382447def49f38f45e63da084b3b,0649a5d522a71ed3e9dab59ddd11d2de,delivered,2018-05-08 10:41:46,2018-05-08 10:56:15,2018-05-09 13:31:00,2018-05-14 19:22:31,2018-05-23,259c7722126a66185f7c54abd5a2df56,2018-05-08
e6f95a7496e86345ef40edc6071dbcd6,6f17c7ff573e5d2526b7da4104a8c559,delivered,2017-11-11 14:36:45,2017-11-11 14:56:07,2017-11-16 21:57:00,2017-11-23 14:55:02,2017-12-01,544700b9ab72069e540fbb463ea3ee1b,2017-11-11
5290b4626ec3d5cc857f2b812141e1bd,abe9f9b32ea296df01cd861052018b8a,delivered,2018-01-13 11:25:16,2018-01-16 03:38:47,2018-01-18 12:21:54,2018-01-19 18:23:04,2018-02-01,aa378b75409b570840dfea818ad0c5a5,2018-01-13
2a661a72ecdfcc8872e968ce3856d59e,345cbe7930bb1ef014c4fb2881d41c21,delivered,2017-10-18 11:38:24,2017-10-20 02:49:16,2017-10-20 14:49:59,2017-10-25 20:33:58,2017-11-07,b7177e06eec7855fd00999a6f5d6d349,2017-10-18
a096c1244026411d2d8d5d955dca7b73,669b9d9f9e23da3c907a978d2fffb36d,delivered,2017-11-18 21:21:52,2017-11-22 03:13:19,2017-11-28 10:57:50,2017-12-29 20:33:20,2017-12-11,6c095e4355f6b521dbcea4bdce2d9913,2017-11-18
81672c21ff06fb612df0660ff7d9ae06,937afb3c743cbde0849c9f8463628d15,delivered,2018-05-29 10:48:05,2018-05-31 03:36:18,2018-06-04 14:24:00,2018-06-13 21:06:58,2018-07-04,7e152bb52633a3cb351bf4bc2a75e0bd,2018-05-29
03128233e78ed8ade6738f2043f4cf8d,da1c9a7e7fa9de1d48ecd6d6e027313e,delivered,2016-10-04 19:01:13,2016-10-06 15:43:49,2016-10-30 10:41:08,2016-10-31 17:06:03,2016-11-28,e59e80fa326ba8d2e055c001d4053ca3,2016-10-04
4ff28b0bb9e2445c8ff2280678655d6c,82e281923401bbece2a90eb6f90ffcc4,delivered,2018-03-09 18:08:44,2018-03-09 18:15:37,2018-03-13 14:33:52,2018-03-29 19:55:00,2018-04-03,616277cacac20fcdaeceb8b876c80d8b,2018-03-09
303d9c6e1b29113a1731bbb7e75650a2,4590c78c78a0c4bb1ca92338ccfc48da,delivered,2018-04-10 15:09:41,2018-04-10 15:30:49,2018-04-12 01:03:53,2018-04-20 15:26:35,2018-05-10,8e81dbe79fad55e44e2b407cb84f8719,2018-04-10
77bd88a9ba867a32a9055726235442bd,c5b92a8419dbb181b577750f8673772b,delivered,2018-02-09 13:46:08,2018-02-09 14:10:29,2018-02-14 20:33:19,2018-02-21 23:26:48,2018-03-05,d3d1d91799a935e195f9e954a70897ff,2018-02-09
d9d2430a3cfe987eac0f79048ca2423b,ae03a604e88688cb25263795a689af82,delivered,2018-03-27 11:34:12,2018-03-27 12:07:58,2018-03-28 00:44:24,2018-04-02 18:47:45,2018-04-16,03a16903ce59b2a70fa5641a3ea83199,2018-03-27
81d0a6db52c857218b6801cf1693aa8f,1e8e836ac89751f2c688d1fbf8a3aee4,delivered,2018-02-21 10:21:32,2018-02-21 12:04:39,2018-02-21 23:39:05,2018-03-02 19:27:43,2018-03-15,d085cc1b1cd2b4159b31dfb6543a79db,2018-02-21
440b5d8129165b7e04b3c37e3a5e93d7,e5ab6fc023040b192a77e7579dfccd62,delivered,2017-05-21 08:01:31,2017-05-22 10:41:28,2017-06-06 12:26:27,2017-06-13 06:51:53,2017-08-23,8597b390850fe72e108d53f42ca64846,2017-05-21
fc94803f2f890e115923357e5ef2d347,bca2f94b38209f0053cd08495eb44762,delivered,2018-07-04 13:50:25,2018-07-05 16:21:19,2018-07-05 13:33:00,2018-07-13 15:59:31,2018-07-31,1dcda1060646db12f878b6e1eb0ac5dc,2018-07-04
69ae3d0df9c067fcf917c6c1c1e24d5d,56cba15be4c1c109c6ed9392706c62f9,delivered,2017-06-16 22:34:47,2017-06-16 22:45:16,2017-06-23 12:03:48,2017-07-05 11:55:40,2017-07-25,33d313f72ccb227148818305a595c8e8,2017-06-16
332a6f392ac92a529c0b2a059b959913,649c5da2e4bbb5d9778cef1e5175decf,delivered,2017-03-14 20:28:58,2017-03-14 20:28:58,2017-03-16 10:47:48,2017-03-28 16:33:08,2017-04-10,a4551f073164a521b14c1e0e2eba2af1,2017-03-14
ea9b010cf2c27393c24c5e0b8a9c07d2,781090cb6d2f54269a275691ad38191d,delivered,2017-09-01 12:51:03,2017-09-02 12:45:15,2017-09-04 18:21:27,2017-09-12 18:10:02,2017-09-28,a8a00b9d924b60711f5fbb1b416dc434,2017-09-01
fe3f10a6837f308dee1e4be3f7f055b9,087cc2646ea2ec2582be6ce1efe88cbf,delivered,2017-12-06 18:43:12,2017-12-08 02:34:28,2017-12-08 16:39:13,2017-12-14 19:52:27,2018-01-09,77e1a2f000b8b65e4af8156dc67de277,2017-12-06
d56564f21e612a588607e9ffb39b9d21,c43d7424f1a0af3b147e88947f5bb957,delivered,2017-06-07 20:11:31,2017-06-07 20:25:15,2017-06-08 14:33:13,2017-06-14 15:19:02,2017-06-28,04c55667b44fae5f50ed71d40c633d09,2017-06-07
6d511fb14f71de9ba65c6651774e75d9,e9898e0e0e75fbd709f47cafb8118592,delivered,2018-03-05 22:32:41,2018-03-05 22:48:55,2018-03-07 20:22:02,2018-03-09 13:25:22,2018-03-15,be03de0e33651526e2d371a4bc926d5f,2018-03-05
1e43fdb774abdae4d882174e2f08e495,aa3786278a1e9d945489c70d6fbe39ff,delivered,2017-05-31 17:28:35,2017-05-31 17:42:41,2017-06-01 14:42:24,2017-06-07 16:16:46,2017-06-21,d4952cce083968d08bd3e6b11f0bbfe5,2017-05-31
d5f471ea9cffc82fb64e8b07d247cb3f,73f8bb0e3a2d4d72066d4aa97efeb6ea,delivered,2017-10-11 14:27:56,2017-10-11 14:45:35,2017-10-13 18:48:53,2017-10-16 18:39:59,2017-10-24,562822d171cd9baff50bff1a41f51a70,2017-10-11
7ca65696b7a56e9b49f865f822e9af65,fc3b54d8ba9833982348be27ff2bdab3,delivered,2017-11-24 18:50:16,2017-11-24 22:15:34,2017-11-27 20:22:09,2017-11-29 20:02:42,2017-12-08,308abcd36b8ee155c308c009e0383dfb,2017-11-24
a35a89e3ad801a6af8bdc4ecf67e0611,c3653793974511b2f70c95d60b2ebd75,delivered,2018-02-18 11:25:17,2018-02-18 12:26:50,2018-02-19 20:09:24,2018-02-26 14:53:57,2018-03-12,8442920c54a3aa5be17f96256efb99b0,2018-02-18
f3378188cb29f0cd9da2d838f2374f6b,83aec037a7069965ee76770b6de81573,delivered,2018-08-13 17:23:35,2018-08-13 17:44:12,2018-08-20 19:03:00,2018-08-21 23:38:28,2018-08-22,48b6916b505792a199f8fe6d844053f3,2018-08-13
e2ea1c8dd335be5a191a54a8de85770e,f4069d40ff2d2afe0053efe63932deda,delivered,2018-08-15 19:04:44,2018-08-15 19:15:20,2018-08-16 14:25:00,2018-08-20 20:53:05,2018-08-22,09f851560b90342e505b5a3404d5e239,2018-08-15
19e225ef3a439fce99ce796eb1972cfb,b077fe3d194ba4d5eb532d678e3d7693,delivered,2017-12-01 19:17:50,2017-12-03 19:13:24,2017-12-11 16:48:22,2017-12-19 19:56:58,2018-01-08,f4df1bc01c6ab087e1ad7cf88e612ebc,2017-12-01
bfdd6ac5ada3910d1fbaccc4764fdf7a,46c2f44d74648856f74f92788848edc2,delivered,2018-05-07 16:14:22,2018-05-07 17:35:30,2018-05-09 16:36:00,2018-05-11 21:46:51,2018-05-17,861b9aba020f6a8a91007e9e71468d35,2018-05-07
2bd14036d2219176010c4c89aa4c9a19,380dc573dc0a5307da8e92e6f1edd891,delivered,2018-05-09 21:38:18,2018-05-10 03:36:57,2018-05-10 10:56:00,2018-05-14 14:47:52,2018-05-17,565b893de0c415f080aa45f57325454d,2018-05-09
9820515fe9c6b7977e6078f761471226,e9e12d4592b02a8a325b7f4d429a38d9,delivered,2017-12-06 22:04:36,2017-12-06 22:14:32,2017-12-11 23:32:18,2017-12-14 18:52:38,2017-12-22,31a2155ab634cc7f1589e5211a975981,2017-12-06
95234ae57878debe0afc15b3d5bcbc48,21ebc323917f5faf55a909e786e6741d,delivered,2017-09-14 22:09:13,2017-09-14 22:24:16,2017-09-19 12:07:04,2017-09-21 17:12:00,2017-10-09,c18763c83c08d3b2336993f102c43111,2017-09-14
9400f275e481cffa6ae413327d5ae05d,e48f50d453ada5bceb41e239a2dc2065,delivered,2017-11-25 17:18:05,2017-11-25 17:32:14,2017-11-27 18:00:00,2017-12-19 16:14:01,2017-12-26,9d85c39a38a86ed13978803d7560c612,2017-11-25
93ab7643edecc64ee916444695d937c3,c7011e4d2be2737cf1d242f3273152fa,delivered,2018-02-27 17:49:20,2018-03-01 02:50:30,2018-03-02 17:47:24,2018-03-06 18:09:15,2018-03-19,c5f3260cc67dbf56701cde846dc329b9,2018-02-27
73cafc0c127f9cee457b39b5c0e3fc16,6c5a55062c58e82b90671a05b892ca4e,delivered,2017-11-25 16:44:23,2017-11-25 16:52:35,2017-11-28 17:48:49,2018-01-05 22:17:17,2017-12-21,4333ff267c595f6a126edfcb7aa90f74,2017-11-25
3d049d4e04d4059ddd54c8c8044ccb60,8a015b4fa3389fdb62c03a8c012af27a,delivered,2018-02-03 10:22:05,2018-02-06 05:31:52,2018-02-14 21:21:39,2018-02-23 19:07:39,2018-03-01,a28db9e05fb4d335a21e2680efbfd738,2018-02-03
ee55499a08fd5913d6231b4702964354,95ebcc4d6979728b4d9993a0c9b6abfb,delivered,2018-07-17 23:36:52,2018-07-17 23:50:09,2018-07-18 13:41:00,2018-07-23 16:47:30,2018-08-10,d4a5e9f19897de65433c9d97bf4b9f8e,2018-07-17
40434e5872b0959c656496620bbe95f2,578a8fbd0a1a4e43ecf996beb30dd22f,delivered,2018-06-04 00:18:20,2018-06-04 00:31:24,2018-06-04 13:08:00,2018-06-08 21:06:42,2018-07-05,702f9e17416a50bbc48756da4ceb013c,2018-06-04
68cdf590f3c9a85b82b7bcb54874753e,030332f7c4ebdf80070a190c2443df65,delivered,2018-04-19 17:28:29,2018-04-19 17:53:56,2018-04-20 18:31:25,2018-04-26 18:54:41,2018-05-18,15f163196134f73aaedb6f89a4ffab79,2018-04-19
f73aa9d9da868421ed166e66df561602,26cf824d990f4e2e89a215ab62b61873,delivered,2018-05-07 08:48:34,2018-05-07 16:53:24,2018-05-08 11:23:00,2018-05-23 16:48:27,2018-06-11,c51fab090c0c77556a1a762add555fef,2018-05-07
73fd274e38077632092043206020bea1,8d3a7b03b6201a662f26c9cc6605d00d,delivered,2017-05-13 17:29:17,2017-05-13 17:35:17,2017-05-16 12:33:55,2017-05-23 15:27:59,2017-06-02,af74758ef042323be803ecda0bf63bb4,2017-05-13
e3ecf67f9ab4a010b9ca17cc8df843bf,5462583276f0a69a8769f0ba888fba97,delivered,2017-12-11 18:21:15,2017-12-11 18:33:30,2017-12-12 19:57:07,2017-12-20 23:24:44,2018-01-08,367caed85b49c3951c0a64fccf65395d,2017-12-11
43c8d05a1478e794217ad3b39398022a,efe2a8ee5f67ebcbcc236b53ad3f4282,unavailable,2017-08-14 21:10:05,2017-08-14 22:05:23,,,2017-08-25,fa281beca8858479ddf9d567474173aa,2017-08-14
9953a7ab74d92e52a8be42b9f3fc2e38,3bbbc47ac0d8276205240f0868fbf377,delivered,2017-11-24 17:26:24,2017-11-25 11:51:40,2017-11-28 20:29:39,2017-12-07 14:28:35,2017-12-08,f23546f84d761adfb501d26135e28cf2,2017-11-24
dc39d8fbbdc748fe466dd8af6bec5b6d,eeca7a31bee228b240306b42ae2cdbce,delivered,2018-01-23 09:24:24,2018-01-23 09:35:52,2018-01-27 19:19:43,2018-02-16 23:22:52,2018-02-15,8ca9b5106ec73a746944ca108c94c381,2018-01-23
b3154d5a5a7c0b01993f0768a1fd4b8a,98889ba02d74de3748870fc81ad0a122,unavailable,2017-07-04 18:51:24,2017-07-05 23:35:15,,,2017-07-28,2844216d0982f6ced6f8cb8c2ede4136,2017-07-04
89a0a77e08de8ab75948884f114d9cbf,77f22e8b0c6bae08b11ada6ef930f1bf,delivered,2018-05-10 13:57:15,2018-05-11 13:55:24,2018-05-19 06:14:00,2018-06-13 20:26:37,2018-06-05,0895fe4cf72747ab76d855ad89c93dff,2018-05-10
4325d8ef762f1699578d3cc516484f2f,68de073035ed0aab6fef7c0a8e449cb7,delivered,2017-11-12 21:04:39,2017-11-14 16:35:30,2017-11-16 20:06:10,2017-11-22 19:07:00,2017-11-27,a49f83bbf9e0bd13f416aa737411ae4a,2017-11-12
88ebb2a5aa88ce5fd1f73a821e27bb43,d0bd0b10b6696336a0cf1df6a25ba21d,delivered,2018-08-21 21:36:22,2018-08-21 21:50:16,2018-08-22 12:48:00,2018-08-30 01:12:35,2018-09-18,c29d36febfa766ca995aee6ac0526abd,2018-08-21
c6dd5fe55c03a2618b4a0667de43fac9,d13cfe708043e8c414e5f194e187774c,delivered,2018-01-12 18:39:59,2018-01-13 18:33:32,2018-01-17 22:34:21,2018-01-26 18:22:04,2018-02-07,e27c7b98daeb9621a43bc47e5e315f31,2018-01-12
0a8488f892c3e8631099327c1ec55d08,ad6c5c2a07bf505e502472afc7fef28f,delivered,2018-06-29 19:49:07,2018-06-29 19:55:17,2018-07-04 07:38:00,2018-07-13 21:16:54,2018-08-02,88384ec160635fc5e173a65201e68053,2018-06-29
a6b72c99c6aec179323591f4dc353bb9,806910515bd4f7668c67a493225308ae,delivered,2018-03-23 14:06:23,2018-03-23 14:28:53,2018-04-05 15:42:44,2018-04-14 01:08:24,2018-04-13,fd1b549a69608e65de229c60de3f52dd,2018-03-23
44654d9de4f0399c4419f4c790d0eeed,8ed72b2c35d507e2683c9614213bd5b1,delivered,2018-01-04 18:47:51,2018-01-05 02:39:21,2018-01-08 18:55:21,2018-01-10 17:34:45,2018-01-22,9d776f2c548a0cca46a0d0e58b815510,2018-01-04
25ce3a22fa2537206c22c8bef4f9b593,c2dcd18bfda62523dbd2c53ead8b5fe8,delivered,2018-03-19 20:50:39,2018-03-19 21:09:12,2018-03-21 19:35:11,2018-03-26 17:49:09,2018-04-11,02b20b7c813efede140142ac610e36dc,2018-03-19
7c739ac8f7823321ba2afe6f94dde28c,b967238a0fe0ef52fdd75b99f50ffde9,delivered,2018-02-11 21:08:26,2018-02-11 21:28:52,2018-02-14 22:58:01,2018-02-23 22:05:19,2018-03-09,7ca367c0358b78e05050cdcd1c38b91b,2018-02-11
22e80cc2d588160023446a6316057e5c,49ad69da7b868f7489383748cc740cc0,delivered,2018-01-06 13:57:08,2018-01-06 14:07:23,2018-01-08 22:09:10,2018-01-09 17:13:20,2018-01-24,b2ce8174a83d08a318fa3e730a80873d,2018-01-06
29145ea9a79826e9eb23fd0684f6777e,874f40462e35f44f2e849feecca4c180,delivered,2018-03-25 19:37:35,2018-03-27 03:35:07,2018-04-04 20:43:43,2018-04-24 20:03:58,2018-04-24,8f0f9b9189ef4d170fac5ff35ca3aceb,2018-03-25
730f62be41828135d99ff15b84ea4e86,233ef8be4e0ed1782eb64be0e972742b,delivered,2018-05-12 21:39:40,2018-05-12 21:56:36,2018-05-14 14:24:00,2018-05-19 14:28:21,2018-05-29,f912f98f5f17bcd0715e062ddf611015,2018-05-12
3cde763f687d3708ba577295e22ca8ad,b36af41320f44362e289b3b9a18290f6,delivered,2018-05-01 20:33:57,2018-05-01 20:55:32,2018-05-02 08:53:00,2018-05-07 22:08:48,2018-05-21,54b3862bfd39cf28275b9c58e41e7a7b,2018-05-01
c915a55221e61e2d798340ec6553d2b0,359110a207a5afdec0b65452a9452593,delivered,2018-01-23 14:50:49,2018-01-24 02:35:36,2018-01-24 23:34:58,2018-01-30 21:19:20,2018-02-21,3a73ce6fc3b392e1ca609b5548418c36,2018-01-23
901eda457aecf2fcb2639e4175bbbc6a,fd93589182d64ac656e98cacba848fcd,delivered,2017-06-27 23:02:06,2017-06-27 23:10:22,2017-06-28 14:44:49,2017-07-04 16:32:07,2017-07-19,ccf20a6367954228fea8742c1027a365,2017-06-27
4ceda92a516e1a970460bedc58d3431d,f43c8311767ccd0e12cd41fad287ec60,delivered,2017-10-26 21:24:31,2017-10-26 21:35:20,2017-10-27 18:17:54,2017-11-06 12:54:46,2017-11-22,90e8cc3cdfc3a3b82dc8e29f71a11795,2017-10-26
c7765f73aa21565b6f703032dca277dd,61c268b557ee4ca190efd452ff73df34,delivered,2018-03-27 19:07:08,2018-03-28 08:27:27,2018-03-28 18:13:02,2018-04-02 18:14:31,2018-04-09,686c46ddc0828bf3c0af072c44dd96b7,2018-03-27
a86e33acfb13a59723e2e33ef1aa24e6,b62d092c1963406b3dccaf155852e727,delivered,2017-05-02 13:43:38,2017-05-02 13:55:15,2017-05-03 12:43:29,2017-05-10 01:49:57,2017-05-23,a5c5ccb2425253419f1b24bce70fd4b1,2017-05-02
2fa565240e8353e7a1ad78347f8608fa,a48e070eeacfcdb978ca3fc5c7f4557e,unavailable,2017-02-15 21:21:31,2017-02-15 22:25:13,,,2017-03-14,abc853552e95734cac245aba12b01de7,2017-02-15
cbaa06517efa6c48a336a917c53e2561,3dd8ceff216c5048e53be249aa622709,delivered,2018-04-25 07:40:21,2018-04-26 10:34:00,2018-04-26 15:10:00,2018-05-03 17:05:14,2018-05-23,6cba2fea42066c8781a30cd92826317c,2018-04-25
f9fa435b229b328ac3cb116184422b59,ca9c652eec1e65db2d7b32aada767c0b,delivered,2018-08-21 20:50:17,2018-08-22 20:45:13,2018-08-23 11:57:00,2018-08-27 19:03:39,2018-09-06,336a5319af40378c86fd797109f2b818,2018-08-21
be67d695978287b15a519b4d73c6898e,cd9c0f182b9a7c2946633f7ee5c21cc1,delivered,2018-07-31 18:18:16,2018-07-31 19:40:16,2018-08-03 12:10:00,2018-08-09 20:08:37,2018-08-08,ca09dd91406f345e1b9062fd69bb4414,2018-07-31
d4a3fcb38e99c7475fc42900f4254301,2903da263de09c216f78598a8f24f197,delivered,2017-07-24 14:17:55,2017-07-26 02:25:51,2017-07-27 15:05:35,2017-07-28 16:47:48,2017-08-07,e5620717bd0eaf156057dc360ee77c7c,2017-07-24
cc812bc2c7f8350a08add17abe7bcc84,bee1e23957cf75da376d033c4e2ba724,delivered,2018-05-30 12:54:07,2018-05-30 13:09:17,2018-06-01 14:40:00,2018-06-21 18:26:35,2018-07-11,34c43e7170995ec125afcfefda28b657,2018-05-30
ccf967a8440bf2aaadc913877f7fd3df,2f3c6a44d1004ca2f111908e3cd383b2,delivered,2017-12-14 20:37:02,2017-12-14 20:59:16,2017-12-16 00:19:12,2017-12-27 17:18:59,2018-01-16,09dc3400e0f62e894cd898f5096fe0d9,2017-12-14
800d19e2eed430cbd8e9bcb12087794b,f222c3229196dc3b016502cbd1ad6cfc,delivered,2018-08-13 12:11:47,2018-08-13 13:04:41,2018-08-13 14:38:00,2018-08-14 16:34:03,2018-08-20,682dd9d89b6bd17e600db2ebb25bd46d,2018-08-13
851c72a772c3703bd071ae71f797edb4,1197bf329f121b056ea797341fd5544a,delivered,2018-03-27 18:26:09,2018-03-27 18:35:19,2018-03-29 20:04:58,2018-04-02 18:18:40,2018-04-09,fcceb56470bf0b4d59caa87e111ca69e,2018-03-27
245b4a117bd7a1fa176d7a590b292d7b,9adfdc90845f16f214dd33af84f31922,delivered,2018-03-15 22:24:24,2018-03-15 22:35:35,2018-03-16 21:48:41,2018-04-05 22:27:36,2018-04-12,4f0e70998b3d9a87900e2fa56e87ddae,2018-03-15
cd408efeda0fdd3fe5f27134bd065001,7183e78211dd520b9a9d1ed9aa888b35,canceled,2018-02-08 22:19:00,2018-02-08 22:30:25,2018-02-09 23:46:35,,2018-02-22,ad9c44143d6e4a1f5ddafb06f0330c90,2018-02-08
a22760d8e93ddd9acb9c47bc99118853,6d58960cecfb536eefd149d59ef95917,delivered,2018-03-28 08:09:37,2018-03-29 08:07:40,2018-03-29 23:32:30,2018-04-04 18:38:28,2018-04-16,3f20347ba314e82e97b88412da57d644,2018-03-28
bdaf84a41035ac2fba8b7b3b7b75a626,42cc774ba04ff98d3a0d1d5688e82696,delivered,2018-06-30 23:58:48,2018-07-01 00:10:10,2018-07-03 11:54:00,2018-07-09 21:44:23,2018-08-06,a3483ba7887d2c1a73cf0fbbd749a808,2018-06-30
b123e22f74cd37a180bf61fe406c7ea4,eae8853a34f1c31040a7e6c38142c547,delivered,2017-10-08 21:13:57,2017-10-08 21:28:13,2017-10-09 22:33:32,2017-10-17 15:28:08,2017-11-10,d549c8ce9c6a52dfbac7df252b420e3d,2017-10-08
4d15fa859019443a04411eea14fe841d,dd54a565c64d6feaf4430f69b4f53bd3,delivered,2018-02-18 19:48:36,2018-02-18 21:20:20,2018-02-28 22:38:49,2018-03-09 21:45:22,2018-03-23,17911c0c8ba0fa37547076ac10eee3fb,2018-02-18
7cebfb16674d9fddd60acfd3f9256cbe,e596ba17afe432cba1b517c2f4945aed,delivered,2017-09-30 17:14:20,2017-09-30 17:28:21,2017-10-03 13:52:54,2017-10-06 19:47:44,2017-10-24,5861e408d55c1aeabb22e12fa4b5abcb,2017-09-30
a2cdb45b86dd3f134e347de049aa78d7,c2746c0ec6e8b732c9a0f7d6a187cca3,delivered,2018-02-06 21:26:45,2018-02-07 03:09:57,2018-02-07 22:23:32,2018-02-14 17:57:38,2018-03-12,b211abab3d5c6385557a8aca0f97febd,2018-02-06
cd8c0278431ec8464a07eda4eab01441,8e78c9640fc43f26f1696eeec000db5a,delivered,2017-02-19 20:46:31,2017-02-21 04:42:32,2017-02-24 07:27:02,2017-03-07 09:57:52,2017-04-06,a70d780eddc7d433ea1a48c434607d57,2017-02-19
896b228e1623e6b8f20f2b3782750d48,6099b4a3bbcc0a01fb20ff6cab0289e3,delivered,2018-07-27 18:27:18,2018-07-27 18:44:10,2018-07-30 12:55:00,2018-07-31 22:23:35,2018-08-06,aa1c9c908a46198cf8b8fdc5c8037688,2018-07-27
ac086c46cd97732d9bbef84d3e0d3c43,4181c1efd9dac6b7c835fddf36b25185,delivered,2017-04-01 15:42:51,2017-04-04 05:55:29,2017-04-04 15:20:21,2017-04-25 12:25:19,2017-05-08,7c927c2454a57a0e02fcaceb99750523,2017-04-01
0cae3fb9a90f5aeeb7b3770b88f77851,00da45766aa7d360508cf25434334a8d,delivered,2018-03-12 14:07:02,2018-03-12 14:15:48,2018-03-14 00:24:25,2018-04-14 01:41:52,2018-04-04,63606d6ecee30138790da5be23cac8e4,2018-03-12
4fc7ee0d4813a5443edc4f7348eaad58,08e6bea8018626bc5edb8c3eee3c8b85,delivered,2017-12-14 19:01:32,2017-12-16 10:19:30,2017-12-19 20:32:10,2018-01-11 00:14:43,2018-01-19,1ff0504d2e5524b97f481f478f6ae770,2017-12-14
e90bb6aef6a1f5dcd05c62ca6c8fee8b,78183fa5a3a4f305a30940b0fd3ea92a,delivered,2018-02-09 13:50:31,2018-02-09 14:15:40,2018-02-09 23:23:08,2018-02-16 21:14:03,2018-03-06,d0a1ac16d6c99f67c377c77f21cda925,2018-02-09
bf6e868e898464ab301f89d753979d4d,7dfb9a9908de354be283cb44589f723d,delivered,2017-06-13 02:43:28,2017-06-14 02:35:36,2017-06-16 12:35:16,2017-06-19 19:21:29,2017-07-04,127a3d6fb12d12762df4562d90060a3f,2017-06-13
5cd42269d5b45f62c1193d55b23c5ed2,ae9ba9b28aedbcae8a5472e14ea766dd,delivered,2018-01-08 17:20:14,2018-01-08 17:31:27,2018-01-10 20:18:29,2018-01-12 22:04:05,2018-01-24,8fa65d27b3413369ec9e65a3aa1218d8,2018-01-08
f7fa198627aefca94731f4ec2464271e,aef95302657b1911bdc55c37412632b8,delivered,2018-04-17 07:26:42,2018-04-17 07:35:17,2018-04-23 22:26:44,2018-04-26 15:22:09,2018-05-08,793172fb8ba5e002827f47f80302fc42,2018-04-17
b3bb81a4fe1e47c62f92706ebdbf4e4b,b6f70fd2cf64a0aaa63332651fc24d3b,delivered,2017-08-07 19:07:37,2017-08-07 19:23:36,2017-08-10 16:40:38,2017-08-21 22:11:03,2017-08-31,b62777d3969196b3329205b4d8e1ba0a,2017-08-07
ca3d75df70f40faa8b83505b242d83f1,56f9cc5ad6362c75ae28d2a73c27744c,delivered,2017-07-13 11:20:15,2017-07-13 11:30:20,2017-07-13 20:43:33,2017-07-26 21:51:25,2017-08-07,c04a6c1c190e47ec62b4bb139921331a,2017-07-13
83f8bb6ef68716fd6901149d11de675b,2791a0bb5dbd08e4c03e71f53ea04efc,delivered,2017-11-06 21:04:43,2017-11-07 04:31:13,2017-11-08 19:26:51,2017-11-10 19:41:18,2017-11-24,de2f388db6027d874119e19f1074f080,2017-11-06
5f78b53dcbc5aa24a395bc521fbf4abd,5515717c0683f26b2346f1695676c2c4,delivered,2018-08-16 08:26:47,2018-08-17 03:35:12,2018-08-17 13:50:00,2018-08-28 21:52:32,2018-09-04,3f445b94fd2f670e67dfbc30370340ad,2018-08-16
49c4763845a16623e106403f1655c063,c91bc4d79f36be73a8ebd4f8e543c925,delivered,2018-07-18 16:51:45,2018-07-19 16:50:16,2018-07-24 14:35:00,2018-07-27 16:52:49,2018-08-08,6c1cc01a85d428ced8dea5dd231e3b96,2018-07-18
35de4050331c6c644cddc86f4f2d0d64,4ee64f4bfc542546f422da0aeb462853,created,2017-12-05 01:07:58,,,,2018-01-08,10d5890ed5e7ec78a7db23b5ac579b17,2017-12-05
7810232f329f64a33e2238b22ea8231e,a535b1e74da305442f52dbb8a46a7244,delivered,2017-02-08 13:09:38,2017-02-09 02:45:17,2017-02-10 09:05:50,2017-02-16 15:03:54,2017-03-23,f6e23bc51da57fea888a4e92f32ab680,2017-02-08
8604fcfcead42a46d4dddd51bbe86457,d59d5ab941b00db1efa82191020eee79,delivered,2017-06-30 09:36:35,2017-07-04 04:50:16,2017-07-05 08:22:10,2017-07-18 18:57:36,2017-07-26,067843a903239951b74d81abf2c9bf37,2017-06-30
737319bd7dfa30305a850b2735236896,eea636e09221d9e1fdc92ec00f9ae098,delivered,2017-10-15 22:56:29,2017-10-15 23:14:17,2017-10-17 19:10:21,2017-10-19 20:46:22,2017-11-01,23ab46f309df1dc8acc22615fd2e2991,2017-10-15
06eb87385425e5797a1a5c2cdb1b6559,3bf91fb0570071bd0857ff3d97461f71,delivered,2017-09-01 18:53:08,2017-09-13 22:10:37,2017-09-06 21:10:11,2017-09-15 18:53:50,2017-09-26,7c7e03430298829ba514c008192e2f7d,2017-09-01
b1606afbb1c09900efef0b29a1baae84,c5a942e2ac6774f24a4bb8f1c6ded6ee,delivered,2017-11-10 07:49:58,2017-11-10 08:06:45,2017-11-16 18:32:43,2017-11-22 18:42:58,2017-12-05,eb3704b505516a05c0fea2e8cca4de56,2017-11-10
b6fe77dcc878c94cdb102e6de718a8b2,934cfec8dc670c6dc15ba7c6e787f344,delivered,2018-03-06 09:01:41,2018-03-06 09:15:33,2018-03-07 00:04:58,2018-03-07 17:54:03,2018-03-16,737ad1c6c1a1cafd5947127918f7b745,2018-03-06
12b490136db583be9f294988ccdce8b1,23b34c21b83b7055f1079316b6e41feb,delivered,2017-10-20 20:14:45,2017-10-20 21:49:46,2017-10-25 17:11:26,2017-11-20 20:42:34,2017-11-16,ce13dd61da229832cd0d6099e15896f2,2017-10-20
7db2d40f7fe194ac059ea82f235bf83f,287a1010178492c6625cb4e9e1b11d81,delivered,2017-09-03 16:15:17,2017-09-03 16:25:22,2017-09-12 18:22:16,2017-09-22 22:57:53,2017-09-29,f478becf023d0b3562c218c71cf76cd0,2017-09-03
a174a2f4aab0749f03c14609ac07a059,ea02ee39767610ab9b2e9c53b86d0a4f,delivered,2017-07-27 16:11:58,2017-07-27 16:25:10,2017-07-28 18:12:10,2017-08-02 22:43:53,2017-08-16,c18e7d3b6881b4be609e47ef0f436c62,2017-07-27
0deee4ae3b101c015077d7fe2c36587e,d3b53c616196bfcb7286e2ad8b9a7df6,delivered,2018-05-07 14:16:19,2018-05-07 18:09:59,2018-05-08 13:08:00,2018-05-14 17:38:35,2018-05-18,3b08978b78322a6bbebd553bff04fdee,2018-05-07
cdf7511b632d2a9b53d70b1e24a45e70,fc2f06b2af43f8be78736cd991ca8486,delivered,2018-07-04 16:35:27,2018-07-05 16:15:56,2018-07-05 13:30:00,2018-07-07 17:37:36,2018-07-30,6afe12a6671753d4c6e52acc8438910b,2018-07-04
ad8ba259cbff3b36ec0a6c88e0d78443,a4ec438b6110111c8f8dce1e01866c66,delivered,2018-08-25 11:43:42,2018-08-25 11:55:18,2018-08-27 11:46:00,2018-08-30 19:04:47,2018-09-19,69037903e6b10250c703fc2fa8f3ae12,2018-08-25
98d0d521842189a3056fc1ce2fc08f9f,53b63660d4178cf47e86ce9a81d10e62,delivered,2018-07-05 21:37:57,2018-07-05 21:51:43,2018-07-06 10:25:00,2018-07-10 17:32:05,2018-07-24,cf7e1b1ae28b5fc16cc39b4f9b82102f,2018-07-05
ba77dbce1d3b09b90844c3587248717f,900cedeb67660eb8320be7251896da7e,delivered,2018-02-12 15:41:58,2018-02-12 15:55:38,2018-02-16 00:16:10,2018-02-22 19:22:37,2018-03-01,67c6a1c0add048b5949868ca142c9cc2,2018-02-12
9686875d0d9dcbe392244b6773605882,c2ac74cb6fba2dcb4aabfc8ca809e817,delivered,2017-09-09 12:42:19,2017-09-09 12:55:14,2017-09-11 20:37:28,2017-09-20 18:32:34,2017-09-29,d15ac56b03f2855f80fd1e9f66e902df,2017-09-09
b07d994d95462ff6a6f0d93b00c5dbbb,1c8086967bc889b42c2e51c644cd9958,delivered,2017-11-22 15:31:38,2017-11-23 09:54:49,2017-11-25 11:03:25,2017-11-29 20:12:14,2017-12-13,0bc4e5386e8f7f375f410a1891bfb0f0,2017-11-22
effafe41a13010ada8a0e7a8f1412a30,c2d62e26a7052b597f2c5f86672e2e0a,delivered,2017-09-27 20:31:41,2017-09-27 20:49:21,2017-09-28 20:17:50,2017-10-03 19:03:12,2017-10-23,d21d16c1bb6b3ef9873879c0f42315c5,2017-09-27
0d665d0a88c9d2ae8edfcc1053ba13f9,996c3983fc4c47ec3db5f123b71ebaa5,delivered,2017-11-06 13:15:27,2017-11-06 16:33:22,2017-11-07 18:14:58,2017-11-17 20:46:40,2017-11-27,6bbdb2486a1b142e632b8128dc22cc3e,2017-11-06
24fe896f12fc80ca8e107a56258b67d6,8e29f1ea42a090c304ec11ad37cefab8,delivered,2018-01-17 12:52:05,2018-01-18 02:13:19,2018-01-19 01:46:32,2018-01-26 16:38:37,2018-02-15,a5f1bdd7d07f194226c0f4b5873d9f0d,2018-01-17
d2f0bd580c8365d4e71493d3493ad2b3,b91f1f8b2144cef2c6b3540639b2ad27,delivered,2017-06-02 00:35:09,2017-06-02 01:10:20,2017-06-07 14:59:30,2017-06-13 13:34:21,2017-07-07,8983324ce7dc41bb0cc6fa3abd093c05,2017-06-02
65af4ebf3a293127cb26f2ba77f96a02,02eeb440c68d8e3bb1e25ef69130396b,delivered,2018-01-14 09:34:59,2018-01-14 09:49:24,2018-01-15 17:22:37,2018-01-19 03:03:05,2018-02-07,40b76674f7b6e4c28afc00a30a8cb366,2018-01-14
2f8eea85236019981baf4408c9123ff2,24f3558831b27d94b5f6c95a35cf8464,delivered,2018-07-31 19:33:33,2018-07-31 20:23:53,2018-08-02 15:43:00,2018-08-06 19:09:34,2018-08-21,11c124573d10ae993e0321f56a151dbd,2018-07-31
908227fe95698325710fe450d4b7018c,75644d190d3f51f6230b265ae2b3f6d8,delivered,2018-08-05 00:29:13,2018-08-05 00:44:11,2018-08-06 11:51:00,2018-08-10 00:03:39,2018-08-15,cbdb32c2527985c8c738d0b2ddf5b9a3,2018-08-05
fb34957b24cfaa3c67835b67097b45e6,062d526eabc36e995e3a9ce353894fcb,delivered,2018-03-04 19:52:36,2018-03-04 20:09:29,2018-03-07 21:24:57,2018-04-18 19:35:46,2018-04-05,039024d7c7249fe937d2e306af33e446,2018-03-04
53ba9277abd171947b33bd9073297827,98fc6aa4673a967ec6e4390c5f8b24de,delivered,2017-11-25 17:13:10,2017-11-25 17:31:48,2017-11-29 23:03:11,2017-12-12 22:34:06,2017-12-22,288d0895f280e86ec6fce9e6439afb96,2017-11-25
75327543a7801fb8d71a142e971d8f65,765ab4c754df780665242138b0055d95,delivered,2018-05-08 12:45:39,2018-05-08 13:09:35,2018-05-10 13:12:00,2018-05-12 01:44:29,2018-05-21,8282037ca043c0ece3271b94bfd29130,2018-05-08
d28ebfb129706cb5bc1819c31d1a86ff,e833e54e7d750da0636bca867b66984c,delivered,2017-09-18 09:12:24,2017-09-18 09:28:18,2017-09-20 19:46:14,2017-09-26 21:17:40,2017-10-09,8eb6e808f6320377d4f85f9e7c4c9c4e,2017-09-18
978dae5105c79039c80e7b773f0eb852,df005ef58367013dbce4ad1a11e6bb10,delivered,2018-01-09 22:45:13,2018-01-10 10:32:03,2018-01-15 13:37:46,2018-01-27 11:21:21,2018-02-02,1cb4e703945aef3757b0efb7d0f00086,2018-01-09
3b36d8fb1fff95b2dbbdf1c90c944494,86042d37503c19914f7c6d1cfda24870,delivered,2018-01-26 22:32:51,2018-01-29 08:39:25,2018-02-09 12:46:53,2018-03-05 23:58:29,2018-04-04,017bddd3844cbc8c9259179f66786333,2018-01-26
4cc9bc748dac6becee93a5f6a4b3a447,86cee1a8d723e02106bd8c688ba3dec8,delivered,2018-02-11 12:27:34,2018-02-12 12:28:19,2018-02-14 14:55:17,2018-02-22 01:23:01,2018-03-12,9dc32085c4249c00f3b3965122395018,2018-02-11
98798990f1f8bbef14ca35de7a895ee2,ce118c8b03f5d99c90b2bc0fc3a1518a,delivered,2018-03-19 17:31:22,2018-03-20 17:28:23,2018-03-22 20:38:29,2018-04-03 14:46:54,2018-04-17,d9762d852deaec66abf2c8bbc7995200,2018-03-19
0a7ef385ee9080d0edef043521ec3114,70dbdadd7050b13d4b0e0838fd5388b6,delivered,2018-08-05 19:18:46,2018-08-05 19:30:14,2018-08-06 11:05:00,2018-08-16 23:12:32,2018-08-23,9cb5b6ca9f36f66e35b55cd70fb81d12,2018-08-05
1830ac545c2b9909d6c6e107924faa80,078f0224b486abd1118e85fc9d4d3dc6,delivered,2018-02-04 18:49:12,2018-02-04 19:09:36,2018-02-05 23:53:49,2018-02-21 19:38:47,2018-03-12,315ba9db647cb218fd5c0bda98736cb6,2018-02-04
73fa09600b87d64333b03f2fe849e096,1fbb2a549b8f58e925ad931401717418,delivered,2017-09-12 19:15:03,2017-09-12 19:25:16,2017-09-14 17:07:56,2017-09-18 21:27:43,2017-10-09,0340c3b9ed45ab5dc6959d10651775fc,2017-09-12
e01e0edd184fa69973f66cfc1fde15b3,432c8b4df960ec2d281a90a77bd51ce5,delivered,2017-01-24 21:16:50,2017-01-27 10:45:42,2017-01-27 15:03:19,2017-02-06 10:07:57,2017-03-07,523730e4b2ef7654c243699b81763112,2017-01-24
f24cb1ef5e87e5ea09a1fc0ae135c186,1bc79b53aca260fc2ed45c7164266cca,delivered,2018-07-01 16:28:11,2018-07-01 16:49:50,2018-07-02 11:23:00,2018-07-13 17:28:43,2018-07-31,a200d46a89cf042fc992338bbb37551e,2018-07-01
87c883900b2dc61189bb316c6c00250d,45c33e9c8c978d7bee32d4cac26a90be,delivered,2018-08-04 13:01:25,2018-08-04 13:30:57,2018-08-06 10:29:00,2018-08-09 20:47:43,2018-08-21,1777ec87dbf32b675fa4d040b2613669,2018-08-04
e173f7fa910d8a5f30ceb0677f70d9e9,e6fd77eed76aa975b65f6c8fb818e5ec,delivered,2017-08-02 10:08:39,2017-08-02 10:23:45,2017-08-02 20:08:49,2017-08-03 17:56:53,2017-08-21,b3c465a2c2ae2fecaf10077062e47ed8,2017-08-02
9016781565d9e706d145f406bbc06d8e,fabbcadf829676623bc7e2ced8888343,delivered,2017-10-19 10:54:51,2017-10-19 11:07:48,2017-10-20 17:58:08,2017-10-28 17:08:08,2017-11-14,bc869c8488100535ff7f1b4d92de29ee,2017-10-19
23a664501e7b09b619fd2aad09cbc22d,b21f8a9bf3489e80f6a40bfc93da853c,delivered,2018-05-21 21:49:55,2018-05-22 21:57:52,2018-05-23 14:16:00,2018-05-28 17:28:46,2018-06-05,47a5a4129f85be0710fb1e87f0941fb4,2018-05-21
70c77e51e0f179d75a64a614135afb6a,f5c36ac199073a62861ebda86e8cc725,delivered,2017-07-13 21:03:44,2017-07-15 03:34:37,2017-07-25 19:35:45,2017-08-25 19:41:53,2017-08-14,ca994abc57b0bd7981d91d0061b3d8d6,2017-07-13
b001bdcc006e151f53abb083acb3943f,45515887afe74cc561109822140e0e87,delivered,2018-06-04 20:30:48,2018-06-04 20:50:43,2018-06-12 14:58:00,2018-07-13 08:18:30,2018-07-20,970875880538c798adfc5a56a7fdd734,2018-06-04
e0fcccf3321e9e3cf530ac4944551958,3fd7dca808d985060e069172cd98ecf5,delivered,2017-07-16 15:48:50,2017-07-16 16:03:35,2017-07-20 20:07:33,2017-07-27 22:35:43,2017-08-10,6d7c974ab1462997003d633939f2ef8f,2017-07-16
eeb001d21f4952518b004776f88265a0,a7c556ca59f5d0c765380ddafd09941d,delivered,2017-09-27 10:37:23,2017-09-27 10:49:40,2017-09-27 16:48:45,2017-10-05 18:11:43,2017-10-27,a806f4bac8089496de66aa3f1d640155,2017-09-27
cedd3810c91978ce10125e88bb42e4d0,1619cfa56db1af0032da42858a4d415e,delivered,2018-06-11 17:45:56,2018-06-11 18:19:29,2018-06-12 15:38:00,2018-06-15 17:51:16,2018-07-12,95b88f00aa4eb43fba508c5f039759e5,2018-06-11
2463e85fc460252cacb332c69099f298,f6132655cb97ab93f1c8ace4528520a1,unavailable,2017-10-18 19:11:27,2017-10-18 19:28:44,,,2017-11-09,da35405487667712132a93c433e8fdca,2017-10-18
5a94aa7bad40a2f6303210a8770843f6,e51f476da7f42d729739f0c7011c69fb,delivered,2017-11-23 11:03:54,2017-11-24 03:12:44,2017-11-24 15:22:39,2017-11-26 16:34:09,2017-12-05,f108e9aa9fe624b7e9455423458c5f95,2017-11-23
7c1e94ae4c4305fa26db7da2d6749b36,4bafc0ea746fd09a8177734f1eef4ec0,delivered,2017-05-08 12:26:03,2017-05-09 06:35:22,2017-05-16 11:26:48,2017-06-06 14:57:43,2017-06-08,bf6bf471ff149dddb8b17719909224b9,2017-05-08
7ac818621c9efe9a8f6ef6d66477fc3a,101c3552bad05b03c7b05aa77000931e,delivered,2018-02-19 10:31:09,2018-02-19 10:47:05,2018-02-22 17:47:54,2018-02-27 18:23:31,2018-03-13,95ade6db862a026a6d6196b74b2cdd3c,2018-02-19
859d39948222974421fa0f47d75cafba,c5c47d4e71b9f73cc3abb67cfc059637,delivered,2017-11-22 20:11:45,2017-11-22 20:19:28,2017-11-27 20:11:27,2017-12-13 19:58:32,2017-12-18,a434eaa39f48365af5e20f15cb248a46,2017-11-22
aba7884f1a6e6e52b774eb7654651325,8721213de91e5eb5867eb97de23ec440,processing,2017-01-25 19:00:25,2017-01-25 19:10:11,,,2017-03-14,d1085742841cb2fae8916a506086de13,2017-01-25
6e8441e286bd323b5d6b46f402445920,0a8f659aaa705fda5dc6294dc1f3f301,delivered,2017-12-23 15:07:07,2017-12-23 15:14:25,2017-12-26 11:38:38,2018-01-04 18:10:39,2018-01-24,ae578852be088f3c9fef1a01c6f1c672,2017-12-23
7f89850b2a19bee52e4e9f6f6fc0bde1,907336494a5a10ff7eb385666e1f0920,delivered,2017-11-24 11:44:28,2017-11-24 13:35:42,2017-12-05 17:43:11,2017-12-19 01:48:58,2017-12-19,02d5f0b469260397c2d2582db813c2d0,2017-11-24
f6ba6de181266b918292db17ba6616b8,85f0f9defc06d13591f7a594d0e71ece,delivered,2018-02-22 16:12:52,2018-02-22 16:49:19,2018-02-28 21:58:31,2018-03-07 18:17:27,2018-03-21,494e887fef923d79982b3c0e1ab49cdd,2018-02-22
75568fca44a774f0c170129d21aa0f03,b0830c204ecf09c3c64f626e65b39c68,delivered,2018-04-11 08:43:37,2018-04-11 10:50:45,2018-04-11 23:32:31,2018-04-18 13:44:38,2018-05-04,18d3e55ffb026aa6530bee783728cfd5,2018-04-11
615915458e5cdf8939ae422e043ca879,abbbbf3b358a480884af84bee14b9102,delivered,2018-04-21 17:05:02,2018-04-24 17:17:08,2018-04-23 17:27:43,2018-05-29 16:36:41,2018-05-28,0b66097f4f6d693632a2262ea6044ab7,2018-04-21
79e22f93f0543b4cc32f9aa333a6df5e,41453d3d3c13195c0964ae8948663b1f,delivered,2018-05-25 11:16:21,2018-05-25 11:37:01,2018-06-04 14:18:00,2018-06-07 17:28:47,2018-06-20,39e95c067dad5be35439bf7cf4a89dce,2018-05-25
0176d7e16d1bd14cde42d9d3a24e525b,65d964c098f8db89e1a8a07af1e96d21,delivered,2017-08-15 20:57:47,2017-08-15 22:55:19,2017-08-17 16:25:40,2017-08-24 18:24:05,2017-09-06,3080d6a96ac54f2b88adcfaa49de7ff9,2017-08-15
3418c754c6d0c412d57cca00b6ccfbe2,04bac030c0366892396bc49c1c64a8e5,delivered,2017-11-08 12:00:42,2017-11-09 11:55:54,2017-11-14 16:09:23,2017-11-21 18:07:15,2017-11-28,d10f23d669c51e0d983ba80de4d327e8,2017-11-08
bf8adedab5870b094403ad86136f5758,da8cac4cda40716b63b3760486c56c1c,delivered,2017-12-23 23:23:13,2017-12-23 23:32:25,2017-12-26 18:23:30,2018-01-03 21:38:41,2018-01-19,28fd13ff21ae041e65609843d3ab61f3,2017-12-23
f86264f3909d2925f91a81b8a105e0cd,f205274669193512fe69b7bdbc6dfe8b,delivered,2018-07-17 09:13:32,2018-07-17 09:25:19,2018-07-18 12:31:00,2018-07-23 14:21:36,2018-08-17,1391d26d6a1bedceeef6dde95dca7751,2018-07-17
b5256081b888baa655b51fd3a8446242,c3a0ef89d5928df649654012c9516158,delivered,2017-12-17 23:33:00,2017-12-19 18:31:46,2017-12-20 20:27:15,2017-12-27 13:54:41,2018-01-11,69fefc3f10a66ba572117dfbdc3528ed,2017-12-17
6911841c529c776ea6f1a5ae3b0912a6,6599f7ebc34cdd20cce27c7d9f05f4f9,delivered,2018-03-27 00:06:39,2018-03-29 03:28:50,2018-04-02 19:17:03,2018-04-05 23:28:25,2018-04-23,154b5ad2b99ed5ec6fb235c93a83d824,2018-03-27
393e94e2f17c63ed71d08a663a06e9fd,b4e1fe74fa0bf95bdd28ae1b5a9c0d95,delivered,2018-05-27 12:12:33,2018-05-27 12:29:51,2018-05-28 15:13:00,2018-06-01 13:42:53,2018-07-04,7fb191b031c09431d3aebc2af9136bf3,2018-05-27
ace92305f332d1f0cee1cf27e79ac5ce,bcee0525f8f15bfac09a6ca1ba1abf80,delivered,2018-03-01 12:53:56,2018-03-02 06:35:35,2018-03-06 19:15:22,2018-03-23 20:48:44,2018-03-19,f5e6b05b74dd87043041dba3d8957113,2018-03-01
daa7bd63b41e09a4d28579829649e6a2,bf6dfe72a466c4f26cd5da3a82fddda9,delivered,2017-08-14 10:48:26,2017-08-15 03:44:05,2017-08-16 18:33:12,2017-08-19 13:52:31,2017-09-05,0c121f193dea75d8e433c428e06ab410,2017-08-14
e7336e1648bf13ca6664c8568363dbb3,e7936bc511477310739929f93589b2f7,delivered,2018-02-17 15:24:03,2018-02-17 15:35:34,2018-02-19 16:30:15,2018-03-05 22:08:18,2018-03-13,e374f0ed9ec35b9af339460a75c4d096,2018-02-17
12052ac6aa067434388199224c0f11bc,f82d1df095bf073a1298faed123b844b,delivered,2018-07-31 13:16:33,2018-07-31 13:25:25,2018-07-31 12:51:00,2018-08-09 21:15:51,2018-08-28,cac4417e011d1b0b40bc97d3259cf6c9,2018-07-31
4dc7ae5758351e21e544e7cb0e1f7738,3d55995a5451ac5f7b9f4dd7d0577b2f,delivered,2017-09-26 21:34:37,2017-09-26 21:49:36,2017-09-27 17:58:24,2017-10-06 13:58:39,2017-10-26,5f3c1dd87ff745e64b103916b322ba14,2017-09-26
522649ba1f9bbb27383b7e8dcd92e746,75c1add0b9b5d6bb9948873a85f19981,delivered,2018-01-21 22:42:01,2018-01-23 03:36:53,2018-01-23 22:48:05,2018-01-26 14:41:17,2018-02-14,8aae1fe1241741cbc1deec6e29998065,2018-01-21
e0e836a1f8ee9e25d78d68727016e70d,2c78100a00d87d5c94812af161ccd4b5,delivered,2018-07-20 09:31:02,2018-07-20 09:45:17,2018-07-20 14:52:00,2018-07-23 22:58:27,2018-08-01,e0d1c53f34a96b949b309f594242aec6,2018-07-20
f6a88b9bb4c26463d70208b8ad03eb28,f91e7738124ea7b25b9a32d3cc695381,delivered,2017-03-29 10:38:29,2017-03-29 22:42:34,2017-03-30 16:47:48,2017-04-06 11:07:26,2017-04-20,ceb07beee04a2ef019c824ba8d6fdaa6,2017-03-29
c31fe565e37944f6feb1d908a9a550ee,6d05cbc67013b652c83618a1c77cff36,delivered,2018-03-13 12:47:25,2018-03-13 13:08:13,2018-03-14 18:38:35,2018-04-05 00:51:07,2018-04-04,4d7b44abc080bcb6dae3e6a3fa1f996d,2018-03-13
25d6858f3b1d2f332623bdccb12db9eb,e995d6e83758ed9aa3ed2127fd24cc66,delivered,2018-08-04 15:23:53,2018-08-04 15:50:07,2018-08-06 16:45:00,2018-08-09 18:10:47,2018-08-28,f0daa3250956b58742e72b3aa7003d33,2018-08-04
9d65f5b3f39a8bab190ca8c315452bf9,d73568e3ecaf64187cdc402be8c8d0bd,delivered,2018-05-24 23:50:10,2018-05-25 00:14:51,2018-05-29 08:23:00,2018-06-04 15:55:54,2018-06-20,fd8d67c9f12ff483d867a15f3cd401f7,2018-05-24
75785442e7f4f3aee6dcdd92fd9328ba,c6ab84872f21f56c05e6c4ce5d7b9d18,delivered,2018-02-06 00:19:09,2018-02-07 00:10:45,2018-02-07 22:48:36,2018-02-15 18:18:01,2018-03-02,baffecbd1fcc31f8a415cef1cd8cf772,2018-02-06
073632ef894dcb45601e326b8d97cd11,5d241427165ce1fe53a31686710fd6c2,delivered,2018-06-16 23:28:34,2018-06-16 23:55:04,2018-06-18 12:12:00,2018-06-22 22:38:33,2018-07-16,2aab68499e5a2b627282a496f5b0ed33,2018-06-16
5720bc11a86749d980e65cac6e3ff08f,58a15aaedb05561fc5187f0d1e1052d5,delivered,2017-11-09 09:37:49,2017-11-09 09:50:45,2017-11-09 16:18:43,2017-11-21 23:11:05,2017-12-04,30a0640ac0c764b1bb8622eaa476de2f,2017-11-09
097c2a2e5ea719c510238bad5d902cef,09ac864dd74dde088017581dc9353ac9,delivered,2018-02-09 14:48:12,2018-02-15 03:50:53,2018-02-15 19:53:31,2018-04-02 20:58:46,2018-03-09,56c5db1867649cfaa9585faedfa14e0e,2018-02-09
a7f6dc6901f43f7036bf20db72cc485d,6ac5952fcf50ef3f1a1288027e986c23,delivered,2017-06-15 22:53:40,2017-06-15 23:05:15,2017-06-22 14:36:48,2017-07-03 18:17:54,2017-07-25,0f8613683dd05b17bd58a95504927b6f,2017-06-15
be6b5138c0b61238bd36565d70a864e6,86ce99d5744ae4ac3b99ff426147250b,delivered,2017-08-10 07:43:30,2017-08-10 07:55:18,2017-08-11 18:24:56,2017-08-14 15:28:09,2017-08-23,23f7cb2fedb7ce61d8f544f6573f3ba8,2017-08-10
fd2b4179de3cceb73bc884f6c19d85d0,8771de6e9f494e14aae9646f2a348fbe,delivered,2017-05-14 18:33:49,2017-05-14 18:45:15,2017-05-19 11:17:57,2017-05-30 12:38:20,2017-06-13,820baf6643ab8d7743ec78b4f7c72f33,2017-05-14
cd2c9b022c25b6279c5f61716a525c1f,4290bd84a6ae4fd0c1ade7aeb39d81cc,delivered,2017-12-11 19:53:48,2017-12-11 20:11:45,2017-12-12 22:37:04,2018-01-04 20:15:06,2018-01-09,93502f7e89451b4523954edf5382c032,2017-12-11
75e6b640cd630f2a1b0250fadc68da12,57063b7216d8c3380b2aff7a02ec17b8,delivered,2017-12-13 15:49:39,2017-12-13 15:56:29,2017-12-15 21:23:27,2018-01-05 18:53:26,2018-01-11,0028a7d8db7b0247652509358ad8d755,2017-12-13
380bf78bcf690a6955b8f1de575e26ba,0a8189ab957e37ec9490424e8ecf9050,delivered,2017-03-11 16:49:30,2017-03-11 16:49:30,2017-03-14 15:09:35,2017-03-22 09:12:24,2017-04-03,1bb560cf89ba509f0a4feea96c49c9b3,2017-03-11
73ef5fd6ff21e799755566e2f54eab57,a9a5f5b10619b48082f7388822d30cc4,delivered,2018-01-29 17:31:13,2018-01-29 17:55:28,2018-01-31 00:18:57,2018-02-17 15:21:57,2018-02-21,afa052c34132e7910f7ad6164042651f,2018-01-29
1e30d770b3285a068012ff979103c827,29ff1b18d2d0e7b26c2ee3e15eb1393c,delivered,2018-06-07 17:30:36,2018-06-07 17:58:18,2018-06-08 16:05:00,2018-06-16 14:49:54,2018-07-04,1bf6b1ecbcccf2ed5140391d83c19d03,2018-06-07
c1742783834afde8109d74422e9a4bca,3ad65065c94e1c30c6777de5b016d5fe,delivered,2017-11-30 17:00:03,2017-12-02 09:57:20,2017-12-06 00:51:25,2017-12-14 13:24:05,2017-12-29,b404b3e03a846d3a32df65195ae61688,2017-11-30
6525dbeaef7a14de9953ab0f4a810f8a,7b616d52b4c4004b5308e58a1206bdf7,delivered,2018-02-16 17:21:13,2018-02-16 17:30:27,2018-02-19 21:53:39,2018-03-04 19:03:36,2018-03-08,c895256dabd52cfb8e18d7fbea5f822c,2018-02-16
b21dc017542898ea39cc71d4aaf0de04,345d5ad65fd36b5f9f94f730b2681b58,delivered,2018-04-06 14:28:00,2018-04-06 14:35:16,2018-04-11 21:12:48,2018-04-24 16:19:45,2018-05-09,77547e3f2640245b0ae634eb1e3e75b1,2018-04-06
0aeae2c3fa49561fa9d2147d8f99d7c2,537e5a56d07faec92aafd41965e7733c,delivered,2017-06-29 08:54:59,2017-06-29 09:05:17,2017-06-29 12:42:57,2017-07-18 17:03:49,2017-08-01,bc97695dacb772685b0d8c87bae9bea6,2017-06-29
05aacaaec38544ee11d42a69bc098d4b,f197e640b7b1d41432cb8d8981d8a763,delivered,2017-02-26 16:03:49,2017-02-26 16:22:10,2017-03-01 15:53:37,2017-03-17 11:42:55,2017-03-24,0a694aadb6e0baa990d23504b8cacd6d,2017-02-26
61b1dbc033920b4d291fe4a768eed1d0,3c2e8b5219761a5b7d7923bf2e5d3a71,delivered,2018-06-09 18:20:50,2018-06-09 18:35:12,2018-06-11 09:44:00,2018-06-19 15:28:35,2018-07-12,fc852bd5ebee87c4c2d0d2b225428494,2018-06-09
856d0618b7c959da87efc85a6c68c463,b54f2970a01e0b469e80144249a71bef,delivered,2018-07-18 12:34:45,2018-07-18 12:45:17,2018-07-19 11:08:00,2018-07-24 20:12:43,2018-08-13,6e20cd9cb6e4aafbd713d1254d3148f0,2018-07-18
c04f17066422db45251777ad10f2eef9,625666d6594f1bf4bb46738b45359bb4,delivered,2018-03-02 12:38:14,2018-03-02 12:50:30,2018-03-02 22:11:25,2018-03-09 20:14:37,2018-04-02,189a74c43e422a188134e0f7f4cbd7a5,2018-03-02
68764c1cae62d3a314f53f05475f5ca7,f8c3c173f3aebb9dc59a19669b25dddc,delivered,2018-08-22 09:39:57,2018-08-23 16:15:24,2018-08-24 14:31:00,2018-08-28 21:14:45,2018-09-04,71b9eef1ec1e4ea4eb8f5db6307156f0,2018-08-22
076ae5516316ecf9f17dc3cc78437eac,b4f336ced5b1329e0220ff0dbe7d30d9,delivered,2018-02-15 19:28:04,2018-02-15 19:46:15,2018-02-17 00:10:31,2018-03-02 23:58:53,2018-03-13,718c0ba297f759cd4b62e7d4f43584b3,2018-02-15
a17b0f920f100411c57496d41de7aa12,e82493d39d2783ef380797b21201ea83,delivered,2018-06-11 19:40:32,2018-06-11 20:04:23,2018-06-13 14:34:00,2018-06-19 23:11:04,2018-06-29,b00cb5282106fb1f38e5407213c6a392,2018-06-11
3fff175860497ca456d60c90b1f2b797,46e0639aeeaf0ed627e54107a9726620,delivered,2018-05-09 22:06:27,2018-05-09 22:15:24,2018-05-11 14:06:00,2018-06-04 16:24:31,2018-06-05,d7702658d570da430a6f4f9c4719d7ca,2018-05-09
bf4acb0df3642cc86d6217d861598798,6105669038af83b587aa02fbb037389d,delivered,2017-11-25 20:03:57,2017-11-25 20:14:36,2017-11-27 20:18:30,2017-12-06 18:33:24,2017-12-21,06f96a8186eb3f890b6421e944a10c0e,2017-11-25
08b7104ed7002c5ada9a6751b7a464da,25f825beab636b1d492d0cfbb87af0aa,delivered,2018-03-20 17:25:54,2018-03-20 17:50:35,2018-03-21 21:44:38,2018-03-24 17:42:07,2018-04-02,48d56237116adf508d3663d0a19688e1,2018-03-20
60f16b97103e0807b8d60b9c76a95f5f,276d62910831dae81507e02314fd5a20,delivered,2017-12-02 08:48:54,2017-12-02 09:00:05,2017-12-04 21:15:47,2018-01-16 11:52:45,2018-01-05,72ac37d63990011e2361b23308d783f2,2017-12-02
5570e2ad4cdbe279714e82215dbca9c0,4496b268cde23cfeb547ec00ae21193d,delivered,2018-01-26 13:14:33,2018-01-26 13:39:28,2018-01-30 17:21:59,2018-02-20 16:45:15,2018-02-21,ccd3ff872756bebf09119ca802121ccd,2018-01-26
6ff14c785c89530b9a33206e62253d05,fe96dfd861c4c42a3f4d7668a3e22900,delivered,2018-08-18 16:42:46,2018-08-18 16:55:26,2018-08-23 19:02:00,2018-08-24 15:59:34,2018-08-29,96b0a471aba52c813773729f3831ba52,2018-08-18
d4a82e0a8772db180275f4160d9eb12d,052451bf64a77a9180aef297df1f2020,delivered,2017-07-25 16:59:54,2017-07-25 17:15:08,2017-07-26 20:13:31,2017-08-04 18:12:25,2017-08-16,d6a99105f5450823125a2ad741a581b4,2017-07-25
d9c541bd2935c8217a2ecb05c3162541,d04ad30db1687844a2eebe2285bdb05b,delivered,2018-06-06 20:33:08,2018-06-06 20:52:26,2018-06-28 14:01:00,2018-06-29 17:41:39,2018-07-20,ab1fe37d26fcd68e29283c3ffaf506dd,2018-06-06
c549f0d88f33bfe43351b893f1fb55ac,ea26950075411d4c3569a71853ee7388,canceled,2016-10-06 13:21:05,,,,2016-11-16,ded0f90b96bc30dfa105a41bbe658cdf,2016-10-06
f8044b09c1b03aca6a37d02e53d83d63,b2c53742055ee836cd34c889f8b05dfe,delivered,2018-01-27 11:47:46,2018-01-27 11:57:21,2018-01-30 19:35:03,2018-02-05 17:38:43,2018-02-23,1f6d0e8b368a3323758d0bc3e50a9070,2018-01-27
219f831fcedecf53187489f9aad154eb,94174226bc4e5918d7a2d7cc625f1a29,delivered,2017-08-06 18:13:39,2017-08-08 04:20:08,2017-08-10 19:54:36,2017-08-14 15:37:03,2017-09-01,0978eb9e1017714eb0a9bb4c3378e608,2017-08-06
c6bed32ec59710413b8be74ee0ebbe15,cd71087548bba0befcd43b78e0d2e022,delivered,2018-02-01 21:22:34,2018-02-01 21:35:22,2018-02-02 17:50:46,2018-02-15 17:31:27,2018-03-06,5f9faf6b82fdc549233987ebf894d5fe,2018-02-01
fc0f0f4e61bb2970fd68bb32452f991e,1a6cc311460a5a24215e4abaf86fc4a8,delivered,2018-06-14 13:17:02,2018-06-14 13:38:32,2018-06-21 12:15:00,2018-06-22 15:32:39,2018-06-29,ccff973b218b8e869ba6a5bb42ae7850,2018-06-14
5a9a47ffffcb78789debc0271980c57a,bfd7cfc9da3b6ac1d4d06f0d72cc707d,delivered,2017-10-28 09:54:53,2017-10-31 03:55:17,2017-11-07 19:42:16,2017-11-17 22:38:36,2017-11-23,54b24dac4293ef8b36e8e824fa1a8dfb,2017-10-28
64abededdf5e85a774c72bf6a4ea4a10,e821617ecdb325648a8f039e537048e2,delivered,2018-01-11 10:29:13,2018-01-12 02:33:22,2018-01-13 14:54:25,2018-01-23 19:32:22,2018-01-26,6810764139c444da2e9d6d18659e0398,2018-01-11
09143df8420b4ae4770ea14dc443b487,4562268df1a2d2ac226562d1af92ed2d,delivered,2018-04-05 09:58:33,2018-04-06 03:28:29,2018-04-10 23:48:33,2018-04-11 16:32:52,2018-04-17,0c655960fc75a40b5af26e232a3d5526,2018-04-05
6cd9e3df3fefeeed2003ad58ffb79382,e77a8c38dc4133af5160b7909d74883e,delivered,2018-01-31 08:57:43,2018-02-01 08:55:50,2018-02-05 13:23:19,2018-02-06 18:42:54,2018-02-16,1d1bf1e263b0b6dd014d5c94af152c33,2018-01-31
7ab1cf6be66796dee470220e6396502b,b602aa1422b1a94687b3cbd667dccfdc,delivered,2018-07-14 23:08:02,2018-07-17 05:30:33,2018-07-26 07:18:00,2018-07-27 17:28:28,2018-08-01,f64c48ee34c37e09665284c5b4b2fe21,2018-07-14
7b5b2437395186ef1d461d39bdee1621,1f379abf4e56ffb85af05ff3bfad4ca7,delivered,2017-02-13 19:26:29,2017-02-13 19:35:11,2017-02-15 10:04:57,2017-02-23 15:11:48,2017-03-14,f604d053a295d4ebf0c185bf423be9be,2017-02-13
7a892f60ab55f0706eb2386da59a4849,44c20ee7bb9efb350b8031c272a030a6,delivered,2018-08-21 12:11:17,2018-08-21 12:30:42,2018-08-22 12:58:00,2018-08-27 22:03:29,2018-09-05,a0043bc864090e190eaa61754430b1c8,2018-08-21
ae6e19fd1f9987f0985a5e7a920d2394,ec4ec2c0dab7654bfd6beaa39e319f50,delivered,2018-05-31 13:55:30,2018-05-31 14:14:54,2018-06-01 14:52:00,2018-06-07 22:12:11,2018-07-04,25b2ad57752bcb3f5f2f82a4624cbc96,2018-05-31
a4291e3f3a5a6350fb7624dc6a892bce,da9bab96fdd118c15297a11043d7b747,delivered,2018-02-21 16:41:48,2018-02-21 16:50:44,2018-02-22 23:50:45,2018-03-04 11:52:25,2018-03-13,53084bbddb6a1c2009a13783c39cd8ee,2018-02-21
99d3fe2acd0fc85785b2b573a852719f,f06720f16260bfb4b22ae4e16282842b,delivered,2017-05-17 21:45:36,2017-05-17 21:55:09,2017-05-18 12:58:40,2017-05-24 12:19:26,2017-06-08,0d565746f4a50bf3b15455f922c054f0,2017-05-17
f9085be14df218456107ebc51fbe4cfe,2b12d993ccc5aff119d707e95729df0a,delivered,2018-05-15 09:16:49,2018-05-15 09:58:35,2018-05-17 12:02:00,2018-05-21 16:08:48,2018-06-05,4922dae71ab06cbcbbc608ef6affebfb,2018-05-15
351cc103e775642319456a5962fd7a9f,7c5b24fa8be3c70c5e65d53126e31ebd,delivered,2017-06-12 17:43:28,2017-06-12 17:55:16,2017-06-13 08:01:01,2017-07-25 21:45:07,2017-07-05,f22294b1553a9f5f3920a5ac22aa6a53,2017-06-12
6e8b784db4941b3dbd08146464f9f628,c0383ca8e59180009c9e765fa261d88f,delivered,2017-06-28 23:00:54,2017-06-30 03:10:25,2017-06-30 08:45:45,2017-08-04 13:05:03,2017-08-01,2c5d4a8f19bb3391a1d0a4aedf7a61bd,2017-06-28
36e93f41a4f115938915bf5add9a68a7,af87edd0d77cb8dea68315b87475004e,delivered,2017-07-19 13:13:58,2017-07-19 13:25:19,2017-07-20 19:34:51,2017-07-28 21:46:03,2017-08-08,d2639f68ef1904a7a524806cd79680c7,2017-07-19
ac1f454dcc22f536ef0bd5fc3d25cc61,6f71d6bf666014223bb0c1d2799b7b33,delivered,2017-10-03 19:39:44,2017-10-04 19:50:16,2017-10-06 17:23:07,2017-10-14 13:55:34,2017-10-27,f06c0f750b533a5a34702a85ca31c903,2017-10-03
9f10c0ea65a77a1a730fee1bd83c6ace,f7792d4c5cd1ffba242f7e8a4ecc6686,delivered,2017-11-08 15:35:42,2017-11-08 15:50:57,2017-11-09 19:37:26,2017-11-21 16:46:57,2017-12-06,10441388cc7d51b7348003037ce70bd2,2017-11-08
9e53fa9efe2d935b373fe8120ae8a79b,a925935a693b721290b3a73f2885566b,delivered,2018-01-31 13:53:09,2018-01-31 14:42:36,2018-02-03 14:58:42,2018-02-09 16:09:29,2018-02-22,7183237274cec1bd1d30397346534002,2018-01-31
6b1e495243da4b3d42a27e801e6f252f,9180c19bbfef480393c4230dd55aa72d,delivered,2017-11-14 08:05:16,2017-11-14 08:26:28,2017-11-22 17:17:30,2017-11-29 21:02:43,2017-12-08,39e7129f870ddf54119a5eba994f2568,2017-11-14
17aad90f86c9f274f38e50e3cd4632d2,30ddb3ddea2d244698b9846e757fa0a1,delivered,2017-12-23 22:45:28,2017-12-23 22:55:25,2017-12-26 16:10:43,2018-01-17 23:07:48,2018-01-24,2570cf511326a2adb048e2fe834e3f91,2017-12-23
41d92de81c9d9741c53203e1076e38e3,04d4b764b4b6cd57ab59f0ab357b2450,delivered,2017-08-23 10:35:36,2017-08-23 10:46:33,2017-08-23 18:32:57,2017-08-29 19:20:12,2017-09-15,d37aa657345d9411966d1f71f46bac66,2017-08-23
ca17ca64620ea0696e6bd78d37f4fada,4400c2f06f6977a6fdd6a2b6d0408306,delivered,2017-12-18 17:38:21,2017-12-19 09:50:48,2017-12-20 18:32:51,2017-12-27 12:44:24,2018-01-05,26053478a7e02ab5fa35cb8bcb65ee14,2017-12-18
d74a4114b1ecea21d099a6c7aea88058,36da551e41edf8d0f425b6dd458bfce8,delivered,2017-12-15 09:54:22,2017-12-15 10:10:02,2018-01-05 19:08:25,2018-01-11 15:52:11,2018-01-15,dd8441d1d5079a9b12ac7f2c81280ec1,2017-12-15
b582532527260a8be949eac9f4d0ccff,bce63020814afdf2717e3c9b9ff1534e,delivered,2016-10-08 14:31:26,2016-10-11 04:56:46,2016-10-15 12:39:15,2016-10-24 05:05:30,2016-12-14,db890d2b3c871e8e4298f21bc8a7736b,2016-10-08
4507dd7dedf9adef4850d18ba67130ef,e282c4328c065be94cefa5b8a068f21f,delivered,2018-01-30 09:58:22,2018-01-30 10:14:49,2018-01-31 23:47:52,2018-02-23 22:47:27,2018-03-07,5c472a88315c255f610af7d5f9252bd6,2018-01-30
32a5dab70d12a1ed24b1f79bbf17bdc7,ef41ed8ea9fd020f56c050525138546a,delivered,2017-09-12 19:46:57,2017-09-13 19:55:12,2017-09-15 20:41:56,2017-09-21 14:25:03,2017-09-29,6f26e134ba4408c999c716c7468a586d,2017-09-12
432b5f7e5eb54872aace60c4313c52d8,97ebd831465dcafb7b8aba3bed42adaa,delivered,2018-04-17 08:53:47,2018-04-18 08:51:45,2018-04-18 20:58:27,2018-04-26 20:55:42,2018-05-30,e15bbe8fc7504d0075b5835a1b306ada,2018-04-17
7096c65d6b73e123fdf3a4e611a46389,88fb6b71e1a0ebee84dbb5cdaaa38ce7,delivered,2018-04-25 17:22:38,2018-04-25 17:52:31,2018-04-26 10:53:00,2018-04-30 14:44:41,2018-05-10,c4b63ef535fcc0e592da817948dacd97,2018-04-25
9a838b8807fdd90c94d08ed164db0039,244e706e4ff8000e2d8a329b770d338e,delivered,2018-07-02 10:31:36,2018-07-02 10:50:08,2018-07-03 16:48:00,2018-07-13 23:03:14,2018-07-31,9ca7ce6445e5e9beadca410875d2bd17,2018-07-02
e28cdbb369d8571cdbe57fae21bf91c1,b8bf2f05b300b8e4dd66c7e74db08896,delivered,2018-06-15 10:43:11,2018-06-15 10:57:54,2018-06-15 14:15:00,2018-06-21 23:12:57,2018-07-12,e2290c66058783b7308ba61b25e05550,2018-06-15
c518636d32b7e3285f98b15093b2653a,10213bc1e7feda414fa935a72b19624e,delivered,2018-02-15 15:00:31,2018-02-15 15:10:39,2018-02-16 00:08:03,2018-03-05 21:36:08,2018-03-12,4e4208ece212ea2cdca243bd5a5f09c0,2018-02-15
b0c175f72fd1e5956743578c03b1785c,a647a179b5451428127a434d0d3d094e,delivered,2018-03-20 16:41:37,2018-03-20 16:55:51,2018-03-23 00:18:47,2018-03-30 00:04:05,2018-04-12,315f25397a360576f1218717717c4364,2018-03-20
6ee905cf5305257ae2f097619fb0c827,16100ce67e803006c3caab4e1837582f,delivered,2017-11-08 15:50:18,2017-11-09 05:31:39,2017-11-14 11:14:25,2017-11-22 00:12:00,2017-11-28,755e7aeb86db3ffec17e020bd1a67ba5,2017-11-08
69fd1a4dd8b96b9ab0dc82b95be21efd,1a5c814c2a163354a550737c7c16be75,unavailable,2018-07-31 09:55:46,2018-08-05 23:30:50,,,2018-08-03,a97fc625e3f3081e1c7385e69dbebf75,2018-07-31
ceb35b18f6b84c1c75f02859ce3160d9,eff19fbf43cda74b8fb9959b4ffbaaa1,delivered,2018-07-28 20:51:37,2018-07-28 21:04:13,2018-07-30 14:16:00,2018-08-06 16:26:07,2018-08-15,aa5dd0414c0e9ad24f22e06bec1dc805,2018-07-28
6387cf0ea60d024f1714f7dab43fd211,6cfd04631cffb91e705fc81451868822,delivered,2017-11-24 00:55:39,2017-11-24 01:19:32,2017-11-27 18:07:16,2017-12-11 13:18:35,2017-12-19,7c577437a54c761a5054eb23f017754f,2017-11-24
3dd4f42a9b185cd0b083246bae24090c,f75956293753a41a06a17b21ca23733a,delivered,2018-08-01 11:25:35,2018-08-01 12:24:14,2018-08-02 11:54:00,2018-08-03 23:18:29,2018-08-06,f5e61af59a1d083116d1470d5392c865,2018-08-01
2d4128c16198542b771a2487095657c3,8750f7d96ae3d88890ef38ba043a0465,delivered,2018-08-20 21:06:24,2018-08-21 04:50:22,2018-08-23 14:35:00,2018-08-24 17:41:43,2018-08-29,b976609d89b5d8e250312f30cdd0fe9d,2018-08-20
a02db77e1f2b1eb32c2cf8793740843d,c3b0b7386717984ceb75277f0dccfaff,delivered,2017-11-04 21:14:30,2017-11-04 21:25:34,2017-11-06 22:58:28,2017-11-08 16:34:56,2017-11-17,44a22a3351d7f1bb3d337d1be11b41fb,2017-11-04
5d0368934f8a51ab08389fddcd681efa,4bb5570552abd163fa2f64736eee112e,delivered,2018-01-15 16:03:53,2018-01-15 16:15:20,2018-01-17 15:32:43,2018-01-22 14:08:24,2018-02-14,60e11432710ee550fccf4ad16e8c767e,2018-01-15
9dc5836ce93438ab4260e229c09dbe63,b0ee8556e582109b7666d96281195059,delivered,2017-08-09 20:15:57,2017-08-10 20:24:16,2017-08-14 16:05:49,2017-08-22 16:02:33,2017-09-11,fd6c100512261a45cab0e22b1608871c,2017-08-09
479b6ef981f240df12226a5ba0abffef,5176f5c4d07111ebc72ac16365971ae1,delivered,2018-07-22 21:48:14,2018-07-23 12:31:45,2018-07-24 14:49:00,2018-07-27 15:58:52,2018-08-01,d07df41d8d75e3d65124efb445ba7eb6,2018-07-22
f0fc205cd844540932464d058cb08aa7,6524f70f5b0da431f3e25f1f39f4f14e,delivered,2017-11-09 20:29:16,2017-11-09 20:47:12,2017-11-14 21:32:04,2017-11-25 19:19:04,2017-12-06,8e878ce52b0b25a1dc5da5308225b910,2017-11-09
b4501b36d5c7558b4364a961168f8bfd,61917d02d985f97864380b56245d461f,delivered,2018-07-23 21:03:52,2018-07-25 02:44:15,2018-07-26 09:58:00,2018-07-30 21:12:52,2018-08-16,0ac94433561d5331d9c5aad9045bcc45,2018-07-23
b86149c8139bc8a77792c2b24942a0db,d08fccfa54819f3ddc4a30e30b4a0565,delivered,2017-06-05 18:44:05,2017-06-05 18:55:17,2017-06-13 13:20:17,2017-06-14 14:42:39,2017-06-26,b0b057559c54c99e41a21c40c08f7780,2017-06-05
26e2e254813a436cdd1ff0c0b0e01132,885aa5f046631ec02ead6b2bea798a92,delivered,2018-01-24 13:52:36,2018-01-24 15:38:32,2018-01-26 18:29:55,2018-02-01 17:35:26,2018-02-09,359a78f03d3fa44893db34ed3564c7ef,2018-01-24
8833d3b8b1542d8a6a0e0ba4376cf172,a9e98a5c4f40a6797f748ffe05967bfc,delivered,2017-08-17 13:17:25,2017-08-19 02:15:36,2017-08-30 18:50:00,2017-09-12 18:34:34,2017-09-25,3fde62a45bdc97d762c7be33f7c4f62c,2017-08-17
e8470f7ea8b4ca604cef2a97b725c27b,c3282cab6115ffcead8bc6557ff4861b,delivered,2018-02-15 11:25:42,2018-02-15 11:35:35,2018-02-16 19:25:08,2018-02-27 23:19:04,2018-03-08,76c9a96ae7f1fd482d35d45710d03381,2018-02-15
2d2f7f564738bc7bbd535580aef84e09,f6963c402e9578d2b2d1739e5fc00e39,delivered,2018-01-03 10:06:30,2018-01-03 10:31:37,2018-01-11 21:28:11,2018-01-26 00:34:59,2018-02-01,947a9b8fcdeb84f01cca81018d99f5f8,2018-01-03
e0a7b1bed2f7b6ea6f1ad9fab878cb12,5a22e4dc8afde7131d997459f6f7f668,delivered,2018-06-07 10:04:52,2018-06-07 10:15:18,2018-06-08 13:05:00,2018-06-16 16:42:21,2018-07-16,4c291bb570dacb0db3df00bfe3e9a802,2018-06-07
660ad30c11df22cad81d8a3b30af6cee,847913f5809f26d34e7787f48094b934,delivered,2017-10-10 12:38:30,2017-10-10 12:56:38,2017-10-11 15:52:02,2017-10-13 21:21:35,2017-10-23,03e8a26864627ee0c7fb470b46cbaee7,2017-10-10
96a9765cb427c80f72baff2f4d04d4c4,c2f48b3a1886356993377760bf3dee5a,delivered,2018-05-08 18:30:25,2018-05-08 19:24:37,2018-05-09 13:54:00,2018-05-25 17:09:23,2018-05-29,4c41039703b5e0131680fed00f7260b8,2018-05-08
d31eed7365397123a35f9730875d70e8,1647548f69137012f53c3519d78e16cd,delivered,2017-06-15 18:57:44,2017-06-15 19:10:20,2017-06-19 11:02:42,2017-06-26 16:15:50,2017-07-06,2dc0cb58632261b855647284c297f5fe,2017-06-15
58ab05a43a2649047ae3906759cea594,f1faa32b3410658ccb5fde57eb7adc50,canceled,2017-10-09 06:06:44,2017-10-09 07:12:04,,,2017-11-03,9f0e7b91a83ae3a177d4409ebd6b457c,2017-10-09
1a8c121e292cdf1a297a0bfb45858d3a,d75765e4433ca2a2fc02df9f2714cb33,delivered,2018-02-12 16:32:46,2018-02-12 16:48:25,2018-02-20 00:28:50,2018-03-08 18:05:24,2018-03-08,74fe4e106702770ef728399ce5da503a,2018-02-12
a42283397a151200700834c740a51a37,09946d4f0a58f040f433d53139e2a2ae,delivered,2018-07-30 21:20:29,2018-07-30 21:35:18,2018-07-31 14:16:00,2018-08-01 20:54:44,2018-08-08,00cc0061269a99836cf8b029b1d0177d,2018-07-30
f962d2edc594dccae522feb6446d2104,1f843b666464a2b8e2f0c82b1f4ef82b,delivered,2018-02-26 19:24:25,2018-02-26 20:00:23,2018-03-12 20:25:50,2018-03-14 21:38:37,2018-03-26,63c78253a65d7ae0ade8cf3282a2b190,2018-02-26
f3f2e46eae87e5684cd1f5a61c7d0835,cf863328084a8370735e38ef92d26cb3,delivered,2017-07-15 15:26:19,2017-07-15 15:35:21,2017-07-18 14:32:55,2017-08-07 17:04:15,2017-08-16,d3e7dceba355fe06da4690497bf2040f,2017-07-15
21b0a5108bb56f3391fa2db965e76bd0,8799df7efa464aa364263bf7675925dd,delivered,2017-10-06 23:24:29,2017-10-10 06:33:12,2017-10-11 16:22:42,2017-10-18 17:14:40,2017-11-01,5c34fcb25cc08d6b1cb159c282634ee4,2017-10-06
c6ab8a5c6fbd3bf57e9ad8407d950cc6,a9b0d1c26105279e1b8edc63d06bd668,delivered,2018-01-29 11:04:44,2018-01-29 11:21:15,2018-01-29 22:37:54,2018-01-30 20:37:59,2018-02-14,3d49f4455a3947c8dd7e972b3ad8cb76,2018-01-29
6f43cd0209ce17439e6932a20c573704,789df5e1338821d6e3630f9c0046b982,delivered,2018-05-06 19:56:37,2018-05-07 09:56:17,2018-05-08 14:04:00,2018-05-16 13:43:51,2018-06-06,9f46352a4fc71c0593a7bb8f6728f88d,2018-05-06
5c4bd61f42ae0fc21608b9e9ff39c17c,64baca5927e11a97f2fce7ee92c007a4,delivered,2017-12-26 16:55:32,2017-12-26 17:08:02,2017-12-28 20:32:38,2018-01-04 20:26:58,2018-01-24,ab5da5cc727c1aa09ea623a3be9db26f,2017-12-26
07c81434b5f46c9c3eacd48e60d50747,2a2a743c28a4ee5b08af934d5a1461a6,delivered,2018-05-09 13:23:16,2018-05-10 02:57:21,2018-05-11 15:13:00,2018-05-16 23:04:10,2018-06-01,069f5d1c227da81abb89b8568d1f9a89,2018-05-09
f8924deb5600bb1368e603e9205e7949,bbe5c6efb24a5b834bf71fe19d436443,delivered,2018-08-07 20:13:54,2018-08-08 03:30:15,2018-08-08 14:11:00,2018-08-09 16:22:02,2018-08-15,9e2fe11825d4619743be82cee7c6531b,2018-08-07
316206d46dccc0cc43780adbcaa5de1e,c64d87fc485143ed638f208e0f0d861d,delivered,2018-03-17 18:59:33,2018-03-17 19:15:37,2018-03-29 19:56:47,2018-04-03 21:54:52,2018-04-17,d0624ca05bccce72159d4337ef2fba04,2018-03-17
c65c67add2c5125ad17f0a85f2c87264,2add78abf11b73bb35d230bb94bc3fce,delivered,2017-04-06 15:12:02,2017-04-06 15:25:11,2017-04-10 12:02:50,2017-04-17 08:09:52,2017-05-05,87d46e0e9e6444041b57153b1d988689,2017-04-06
a6250b4996a823cd8718a16e9b955868,5e6f5bdc231a2698e2650ca0e5273fa5,delivered,2017-04-28 18:55:10,2017-04-28 19:45:12,2017-05-02 12:14:40,2017-05-12 11:23:54,2017-05-22,b5b4a3b4816d929131b326e43438e045,2017-04-28
d55a3d635aefc15c1bf94b37a867c1c9,e5f708c9ec9a8f5a1ce6f17bcb1a6d7c,delivered,2018-02-08 07:04:45,2018-02-08 07:15:27,2018-02-08 19:28:36,2018-02-21 20:37:54,2018-03-09,16156645e203b723a6c807e0f49049f7,2018-02-08
51d70226d271148b34f0ae2a6aaef7e8,4cf578782ee091c527c27a22b558a5ba,delivered,2018-08-06 00:44:16,2018-08-06 01:04:26,2018-08-10 14:35:00,2018-08-17 19:08:40,2018-08-17,3d88eb9dbdae62a25db397df10cec4ec,2018-08-06
113e41a438f06ffae6d1857e01d60c45,8210d932dc0ae881df69bc694b290b7c,canceled,2017-08-10 09:31:59,2017-08-11 04:25:38,,,2017-08-24,1871aa277cbcefacecbf979fb6888b7f,2017-08-10
d28b6e04966e316ea1b0bda721d70144,425f6c6bec6f98b846413490336033bf,delivered,2018-05-16 17:43:52,2018-05-16 17:58:22,2018-05-17 09:55:00,2018-05-21 18:37:46,2018-06-07,7ce2b0774181e3976f2a6fb8a22df440,2018-05-16
602647a4fb63e41a0a30d3f71ac47c22,e566033ca64ea81cbdba55b2e063c450,delivered,2017-11-24 21:55:11,2017-11-25 11:51:47,2017-11-28 18:10:05,2017-12-20 19:12:41,2017-12-22,1db0216c962ecdbf435323897004bd10,2017-11-24
f08ccdeee7a1ecd1ca57a7832f0ada4b,bf0554081e2306f697837b1fc43cfd27,delivered,2017-12-13 09:34:40,2017-12-14 02:14:22,2017-12-18 19:18:32,2017-12-29 19:16:15,2018-01-08,b342f6642c81e0e5d151f414b6723829,2017-12-13
d19f9c665eb2f26335e4e69e5965a84f,a29dedbff456ef10995f11654ac33ef0,delivered,2017-02-20 08:35:25,2017-02-20 08:45:12,2017-02-20 13:14:02,2017-03-05 08:58:39,2017-03-23,5c254f442e9643f4093c3ead513f97a7,2017-02-20
7738754cace77285b4b13ce8ea5979cb,33ac5a0d983f8f8905499a9f926086f5,canceled,2018-01-03 11:37:39,2018-01-03 11:47:09,,,2018-01-30,8028fbabf6123c13297c82f4393a4724,2018-01-03
bb5c56055a2362690b31944465465f8b,5c72a89f60c3aa1696568b6ad906cccf,delivered,2018-06-07 09:41:50,2018-06-09 02:57:49,2018-06-09 08:54:00,2018-06-12 20:12:30,2018-07-04,25c9ba5140353f3ec91f1b6899c9c0f6,2018-06-07
d2dbcdd27c3b2a5db7cdea48cc9d0161,28a9c5d02ad1d2409e37a524d3cdd5d7,delivered,2018-04-23 13:36:18,2018-04-24 18:14:36,2018-04-24 20:58:44,2018-05-04 20:58:48,2018-05-11,6882a5dbfc14ebb5fad918f7f27b0a29,2018-04-23
8254431b670580cb6a10dbd28a833677,99bbd0347ab66eebe6ae73753146c3d3,delivered,2017-12-28 17:39:31,2017-12-28 17:49:18,2018-01-02 23:09:22,2018-01-04 21:09:28,2018-01-24,fe0488f131a1e15e7d8debf536015462,2017-12-28
d369d156735fab51bb2ef5c47e8d3e72,dfd9186730d5ae892dc2348afb9a2fdd,delivered,2017-11-15 10:24:49,2017-11-15 10:46:41,2017-11-30 18:23:42,2017-12-13 20:47:34,2017-12-06,41c3c9562b8a80d747fe2bd3c749640f,2017-11-15
b8376096f4d2956da3ab2e311c30c504,9c83f88a3081af618beeb2761fcc0b00,delivered,2017-07-19 12:12:24,2017-07-19 12:23:10,2017-07-26 19:51:45,2017-08-01 13:42:30,2017-08-10,204fa49efb5913a76287284d6e096f69,2017-07-19
ff7ea91a98e1590d290e99bcffefa149,278bfabeb5197c5674271cf529588fc8,delivered,2018-06-04 19:25:05,2018-06-05 04:12:51,2018-06-05 08:58:00,2018-06-12 18:48:48,2018-07-17,b79f9e4621ea161bd552f7aec2cac203,2018-06-04
2aca6ae53d657c0a06f585816ca6781d,db11097c553077145c655a714f2ee1a8,delivered,2018-05-05 09:18:52,2018-05-05 09:39:02,2018-05-10 14:15:00,2018-05-15 21:08:50,2018-05-25,b4e9b707c8e4df7d8500e81c6e8b18e0,2018-05-05
ad6ee9479111c0c9b69de241c98009df,268bd23c25246011c4cd8ab1af4153b8,delivered,2018-06-24 10:53:50,2018-06-24 11:18:25,2018-06-26 16:15:00,2018-06-28 18:16:30,2018-07-13,97007b06930c8815f999efc7610e9091,2018-06-24
75e3a145a842715ed463a3a4ca34e489,8c2ab5cc22ab03b6c3adaa5f1efd5989,delivered,2018-08-14 23:12:54,2018-08-14 23:25:28,2018-08-15 11:19:00,2018-08-21 00:03:17,2018-08-31,c3b4f1f8771fc010102a81177dd26737,2018-08-14
61564e9addb1c6ffb1c964f076591618,42ed87227ff8fee413033011215654f6,delivered,2018-01-26 10:29:12,2018-01-26 11:00:42,2018-01-26 18:52:41,2018-02-09 21:04:56,2018-02-23,a0c76d8c30b2446442e4177144b7d309,2018-01-26
d29cafb654e73fca65371aec22d88ca8,fddf4e8ce2d30dd5bfc274713de9ff00,delivered,2017-11-03 18:39:33,2017-11-03 19:30:37,2017-11-06 20:17:47,2017-11-11 16:57:34,2017-11-16,85c30f6989528b01b07b63e28299b9bd,2017-11-03
155f9fd4b2578b90e33de62dee64002b,a61481c1a07fe859c6c47398b3c0f7ee,delivered,2017-12-29 12:41:17,2017-12-29 12:52:26,2018-01-02 19:06:13,2018-01-09 22:29:28,2018-01-31,6ee33017b4b31588c30db111dbcefcc5,2017-12-29
b82334e399ad815225d7d781a906714b,3d798802212f9299b50786d192429d44,delivered,2018-07-30 08:36:51,2018-07-30 08:45:09,2018-07-30 14:17:00,2018-08-02 18:31:46,2018-08-09,712ca24816b7413fe4000bdf6d547aea,2018-07-30
5396a52ab4998b4d8ccb51b73cbc35d1,b09dfc21c8731d3d08e35c06c4992922,delivered,2018-08-25 11:15:44,2018-08-25 11:25:20,2018-08-27 15:23:00,2018-08-30 23:20:50,2018-09-11,1d66d18a1e2d00a5bc86d48be7a7a6d8,2018-08-25
c982662d7a005d0eff5dbdbe69a0167f,602d4f18320e031d0d77c00d68310482,delivered,2017-12-08 09:22:04,2017-12-12 03:57:30,2017-12-14 20:33:26,2017-12-17 17:59:06,2017-12-27,fdca05caaf2e1d0b751d9905a0c35fca,2017-12-08
06be68018b6226b425f2a633f053b282,4045caa812fa51b7ccdfa20437d66c10,delivered,2018-01-14 10:14:35,2018-01-14 10:29:48,2018-01-15 22:43:00,2018-01-31 15:04:08,2018-02-09,80debb23c8fbff2e722f424d81c6c07a,2018-01-14
ebdda80942c80aa56b15e26ebf8211ed,f317de5860d74365af224a7a2c19bb85,delivered,2018-02-11 10:44:21,2018-02-12 09:07:53,2018-02-14 21:13:31,2018-03-15 17:02:47,2018-03-06,ce7defac16230ae40200cb87f4021061,2018-02-11
d54ac520ded2abbe3b4ada40dfdecc96,8c979502cb6ef853b6fe0d0bba1bd183,delivered,2018-08-16 13:36:10,2018-08-16 13:50:15,2018-08-21 14:39:00,2018-08-23 23:22:06,2018-09-05,f81d5807ae25727024c758aa19ea5c4f,2018-08-16
8f8e380dbdb2877ac4a3f814a564b4a2,2850ef646d59b526f9bc0b08588490f1,delivered,2018-02-01 16:41:03,2018-02-01 17:31:30,2018-02-05 13:09:07,2018-02-14 21:53:16,2018-02-23,d229c7d5b0d7868ee7d204a10a0e14c2,2018-02-01
80dbbd6f2282898dbf912a2ec668175f,b6abf1bfc44b9480d8c0f06c3d7ddcdb,delivered,2018-04-03 13:25:35,2018-04-03 13:48:55,2018-04-09 14:05:13,2018-04-18 23:22:45,2018-05-07,a6a6d562bb27eda786a3df935060248e,2018-04-03
6171832455ac3fe3e62f97359da15c2b,5c4d4a1a0456e72cc4f9f21754f9a952,delivered,2017-10-10 10:07:47,2017-10-10 10:27:02,2017-10-25 20:26:32,2017-10-30 20:36:47,2017-11-08,7e84b1ab0353bcbe0b4db3b963de31ee,2017-10-10
8ed8d60cc2df2b29e93a93ec47189c07,cf0304dde7ffc7558549d28bfd192416,delivered,2018-03-27 16:50:06,2018-03-27 17:11:22,2018-03-28 19:31:51,2018-04-03 12:16:29,2018-04-18,14b24b9cfd122ce1f873c7834185b603,2018-03-27
5f6ff645a46107b55fd2cfe055bcd276,fff675a0d5924b9162b4a1bf410466cd,delivered,2017-12-06 12:51:27,2017-12-06 13:12:27,2017-12-08 00:48:03,2017-12-20 23:55:46,2018-01-02,b675073a8299843365081d2ba84239ae,2017-12-06
5ea9580b57597d44cf5700e11f2296c2,4ebe564ad0481e91f493cf2970391c4b,delivered,2017-09-03 14:44:47,2017-09-03 14:55:19,2017-09-14 18:32:28,2017-09-22 18:58:47,2017-10-09,623e9d07a9ec9444426489f06b6b152f,2017-09-03
731f1b5ebfacba1715ccc2efb20d50b0,a60e479a3fc936109dc7eec87f4bcfd6,delivered,2018-04-04 14:44:22,2018-04-04 14:55:25,2018-04-05 01:22:12,2018-04-14 16:28:38,2018-04-26,2631abfcc64f59ec68847f78eb83cca7,2018-04-04
73c21d26eefa3d24be02a149b9e69017,6b6659a060f8afbe76a660d091ebb6bf,delivered,2017-12-18 12:06:57,2017-12-18 13:13:41,2017-12-20 19:28:35,2018-01-04 23:26:20,2018-01-17,2c45ab66a3dae52960147e76a35740ff,2017-12-18
da9e071e6f18a649211bbb97bd81380c,2fa11230a389b7ef6637dd9d757ee48c,delivered,2018-07-12 08:16:55,2018-07-12 08:30:19,2018-07-12 15:28:00,2018-07-13 20:28:31,2018-07-20,05576a517fd63cbe29de3d1b1d0167fb,2018-07-12
627ec9d00157748602229c9b1d3a4446,76a61749450270bd3bd515f23c3dd422,delivered,2017-08-29 16:05:03,2017-08-29 16:15:57,2017-08-30 18:04:48,2017-09-06 17:04:05,2017-09-19,741175972459abe8755d074d99abc6c4,2017-08-29
a9d1327838b1c183fc288f0d2bf23d32,23e9a05c114b1513d55e235a93d8a6e7,delivered,2018-08-12 10:41:48,2018-08-12 10:55:11,2018-08-13 13:07:00,2018-08-14 20:07:36,2018-08-16,84581bcc9cd2ee220626ca0917b93cc0,2018-08-12
9c7d732e52bedefceae52e7c45d13861,64c0c7fdf044117b84595a354a854c2f,delivered,2018-04-10 09:24:25,2018-04-10 09:35:14,2018-04-11 19:14:45,2018-04-25 15:54:29,2018-05-09,2e003ce07cf267edb9448a19fd82d601,2018-04-10
77ca435b03fbf991e5027e3776e37885,c7c94293f2433a2421bc2dbd8cd23ee6,delivered,2017-09-01 18:49:54,2017-09-13 21:56:08,2017-09-04 20:50:00,2017-09-30 17:33:43,2017-09-26,07c827034e7b896749af6c9cc366c00f,2017-09-01
41ce37ddfe9f8781e7ac936e4e7c6100,1f612df0d03085cac4b2ce8121d8dfd3,delivered,2017-04-07 20:18:18,2017-04-11 03:42:18,2017-04-12 15:45:29,2017-04-20 10:48:43,2017-05-17,c63c0b1ccd9e3a6c8ddd1a52c4ede43d,2017-04-07
61af52f7cc6266b9aead2cc464aa48f0,1dbb8fce4549ead4076d9146e9da0fe8,delivered,2018-06-04 18:34:20,2018-06-04 18:50:27,2018-06-05 15:40:00,2018-06-08 22:26:31,2018-07-05,d1b909331ab7e40645edd582f0469d79,2018-06-04
5f2f36a9d5be0e9e97a5b412f4519ba6,a8d52f19d49fa80048b9ac0065565fce,delivered,2018-03-30 18:56:22,2018-04-03 05:15:28,2018-04-05 21:38:30,2018-05-08 16:06:32,2018-04-25,06bcb81e8b580a4328e555f6b97ff586,2018-03-30
089842dfdfa1f3826df7d96896c49653,efa6cb1d947d612aa6e8e0b2068de9cf,delivered,2017-12-12 13:21:01,2017-12-12 13:30:10,2017-12-13 19:32:56,2017-12-20 23:12:04,2018-01-08,ca1df6733ab15682f6307b55ee280634,2017-12-12
ed97636c23f94768f347b01d4ba20e64,631197db2a25d8b37847b8c7e8c7a999,delivered,2018-08-15 21:29:08,2018-08-15 21:44:15,2018-08-16 14:09:00,2018-08-20 20:45:50,2018-08-30,b74cf1b9abf8b1bb798775aadd0bc901,2018-08-15
ce36e42594655aedf39e28e6b2672d95,4cf6d50ca478c8ddc6eed2cd0ef52c95,delivered,2018-02-09 23:47:29,2018-02-12 11:30:30,2018-02-15 11:48:49,2018-02-28 23:27:59,2018-03-08,865e9e03e4cea0804d88e436742b684f,2018-02-09
60c484e55dcb7815f7be74c8018560ca,dd0710ec4e940dd8fea9c6c0f844553a,delivered,2017-08-02 17:06:14,2017-08-02 17:45:14,2017-08-04 20:43:58,2017-08-07 21:47:41,2017-08-15,215087daa3b92e640783fc2b6d86299f,2017-08-02
87dbf4b3d9d6755f19edef737a4dc0f9,0413010c14c0551c7377780fef01eaf5,delivered,2017-08-04 11:25:41,2017-08-04 12:03:32,2017-08-08 15:20:17,2017-08-22 16:52:23,2017-09-11,9c53595ba7cabbb6c9617d23ed7ad8d2,2017-08-04
384588323436f6d2ae1474b58844eccd,bcdaaf03c35d4831e636e8ddec748ba9,delivered,2017-08-26 17:07:17,2017-08-26 17:24:36,2017-08-29 15:49:12,2017-09-04 17:52:55,2017-09-19,5d98bb990ac8d6b805217a32d0e2de24,2017-08-26
e18b4a84f64ce180b70885a19068e6fa,878c66c9ba46232f0c5f137801321873,delivered,2017-05-28 15:50:32,2017-05-28 16:02:33,2017-05-29 15:44:58,2017-06-05 13:06:01,2017-06-20,1ee6bd0affc5924f72baf23340ba83ae,2017-05-28
792bdd812e278bfca0ea7699d5f25bb3,ea0530a3fa098e811ba50170b74226eb,delivered,2018-01-01 18:29:33,2018-01-01 18:47:14,2018-01-03 17:38:52,2018-01-16 18:52:42,2018-02-06,608fd8c5b2d3966b6352b6ef04d077e0,2018-01-01
8618ddd10efab313eb126df40eee1299,f22b0df1b7a5bae93a61acc0a0029488,delivered,2018-05-15 07:26:00,2018-05-15 07:55:12,2018-05-15 10:42:00,2018-05-21 11:19:42,2018-05-29,2758635d877f4093425fa0d2a7f917d4,2018-05-15
2b46723e0416af4c04c758c77bbf9279,4ad62a046c967ad05f4f28dcb8e33bff,delivered,2018-08-02 22:07:38,2018-08-02 22:24:21,2018-08-03 15:10:00,2018-08-08 19:21:42,2018-08-13,5e9cb24410928581ed2009a03bcc07c5,2018-08-02
8b68aaf14ef89066544494482aa5569c,19630b8530fb2711790f0d00f435d66d,delivered,2018-06-16 18:45:14,2018-06-16 19:17:54,2018-06-19 12:47:00,2018-06-30 14:39:06,2018-07-19,7dfdfeb6c818452c7b16ca71ce9ee3af,2018-06-16
07a75ef36022ad882d61416543b23c54,d79b1235f2ab79150ac8dc5f33d3a814,delivered,2018-05-15 15:06:32,2018-05-16 03:15:06,2018-05-17 12:43:00,2018-05-22 13:04:14,2018-06-04,3d544f3317528a3792f01bc1edb9bb52,2018-05-15
ab22c4691e6a8528923de7a0b4236b70,b1d5ccfd919c53dd0e117398c5015638,delivered,2017-06-18 16:13:28,2017-06-18 16:25:10,2017-06-21 18:17:48,2017-06-25 10:02:54,2017-06-30,31361f6c16f604685dd5004af1e0dbc3,2017-06-18
ab0b62c13f913450d354ce7a44cd4b24,06665c03fe91dc717e53e8316090ca07,delivered,2018-02-13 11:59:17,2018-02-13 13:10:24,2018-02-14 16:04:12,2018-02-22 19:59:14,2018-03-09,3d9c19a54696df1fd821e1da79b2d96a,2018-02-13
f2c9428d2c7720cb4e9f2a9634673ce6,80825fac1b288cd8a58c4ae40c66a821,delivered,2017-10-22 10:17:43,2017-10-22 10:28:11,2017-10-23 21:32:06,2017-12-27 21:06:58,2017-11-10,71f26c982384a2828905080ed90b2993,2017-10-22
3abe5553bbe141a3f81101924fa4858a,e227abaff73cf9f8e950b4f99e748988,delivered,2018-03-12 12:31:35,2018-03-12 12:48:35,2018-03-13 17:26:21,2018-03-21 19:32:54,2018-03-28,4dcb808b2e5273d1b1898a92a52281af,2018-03-12
a50b31b881b695923b9ebb3685cf9684,3f38d8f8cd7cc75d534760b1d9b32f4c,delivered,2018-03-11 18:29:19,2018-03-11 18:47:30,2018-03-12 17:26:39,2018-04-11 20:58:33,2018-04-03,2228cfefa3c3eed6a307ef4b5954a562,2018-03-11
a5dfd2f42a4f9d9def13d24ef5f115f9,30427394251a2e72e8fe1e5d8a5e6c7c,delivered,2017-11-05 16:28:49,2017-11-05 16:46:25,2017-11-06 23:12:58,2017-11-17 16:58:34,2017-11-30,3fc3fe30f14b0eed5a5b99a1832656d1,2017-11-05
16f5d43fc682f80395261d23aad13114,3bc78aa00882a8b09310c88ab771333d,delivered,2017-08-31 17:01:23,2017-08-31 17:10:19,2017-09-04 13:14:56,2017-09-05 17:03:03,2017-09-15,a6d2d0260971336c942b2032437a1b26,2017-08-31
61c3c1cdd42ccd14931a2fe11d77e2a7,b6113cb31237fc5caac3837be20c02ae,delivered,2018-07-30 10:37:15,2018-07-30 11:31:21,2018-07-31 12:46:00,2018-08-04 17:51:38,2018-08-17,003fb95e849e71e732629d94bb92762f,2018-07-30
570065bfd340aecea7e2c960ec530b6f,0c3f9fbb8f56db0aa2128edf30ebe544,delivered,2017-12-01 15:39:48,2017-12-01 16:00:20,2017-12-05 01:03:01,2017-12-12 22:57:51,2018-01-08,3e43fc8a00d1e9ef2879b0e842820155,2017-12-01
db7374d1f9c8965e0fbbc1fd1cc916fe,cfde53fd036308dba103823ba561b885,delivered,2018-08-14 17:38:24,2018-08-15 03:15:16,2018-08-16 11:54:00,2018-08-21 17:08:32,2018-09-14,610d3e47ad4921adc40aa9fd6bbeeaa5,2018-08-14
64eda0ddd4c0dcc05341af6172589c9a,c5013a85563e8c9067c4efc8f1195bc7,delivered,2018-03-15 01:35:02,2018-03-16 02:20:19,2018-03-16 22:54:33,2018-03-22 17:24:59,2018-04-09,beb5ff4682d412baf9be100f2fc2eff1,2018-03-15
711448d92de73f19d31cda282f5c0f7a,16df532b7f39f745709bbdffb7a3eeae,delivered,2018-01-18 18:49:46,2018-01-18 18:58:20,2018-01-25 20:42:54,2018-01-30 20:21:17,2018-02-21,9ebf9860cf4836868bb0bb92b24f9366,2018-01-18
418f0357219acb197a035fe8a48572c4,39be9617ad2eb9e08065ef43a4e3bfbf,delivered,2017-09-06 18:36:43,2017-09-06 18:50:14,2017-09-08 19:46:31,2017-09-14 19:38:48,2017-09-26,36c713386477a544bf2f5cac5c00ea1b,2017-09-06
be3c8bb29cd71c677715c8c0a8cf44bf,b2d6048bb51a60ba0cfa8686ab18fb2e,delivered,2017-08-25 14:16:33,2017-08-26 15:45:38,2017-08-29 15:54:07,2017-09-05 15:54:01,2017-09-27,eb9ea517dad69e487c581e30712034b7,2017-08-25
38e47cf95d95719dfbececfd1cfde0cc,32bb2b4ece47b57042dc4c883537f705,delivered,2017-10-31 19:39:36,2017-11-01 19:31:11,2017-11-03 22:17:35,2017-12-01 21:12:02,2017-11-27,c97f0efac17ddea45ebd4c01067c6434,2017-10-31
d63ca971879bcbc2bc28cb2b4a8d1c52,927f0faa2744e1cdf9e41f695584615a,delivered,2017-10-27 17:42:13,2017-10-31 04:15:26,2017-11-01 19:37:47,2017-11-07 18:38:41,2017-11-17,3e83bc4de5571b60dc331cf087920207,2017-10-27
3e87545e66b02b3858e6e252413b1b8f,a43d606a2cf881c1bf8d76847f144d6e,delivered,2018-03-09 12:20:45,2018-03-09 12:35:23,2018-03-14 17:45:21,2018-03-28 20:42:23,2018-04-12,de96f98d14b40384a0d6aac7fe2db1ea,2018-03-09
88aef6eed6c5cf608b6e57b402ca30ca,7ac6d2ac9e318ec647bf58a9049707b2,delivered,2018-08-22 13:02:19,2018-08-22 13:10:23,2018-08-28 05:41:00,2018-08-29 04:52:45,2018-08-31,626e317e72950078204d2643b72614ce,2018-08-22
142eeba51d5c51103a3b3ce464e022ed,9f37cf36f568771b31e34c57a123729c,delivered,2018-01-24 21:01:11,2018-01-26 03:17:27,2018-01-31 23:28:43,2018-02-14 22:57:31,2018-02-26,e92723c287014f511291debf7282acd3,2018-01-24
dc5ba59adf78a3c3f5707f5bc83ca234,c3d05702d44a5599ca7993d584b4fcb7,delivered,2018-02-19 08:23:36,2018-02-19 08:35:25,2018-02-20 19:34:52,2018-03-14 13:14:40,2018-03-09,c0be0cb64640de5fe50b0b238339db96,2018-02-19
d4a443b2282d626f6ce4341acaf39349,5edfb06f5b632f7966d6fa116f529743,delivered,2017-02-16 10:39:33,2017-02-16 10:50:16,2017-02-17 10:30:35,2017-03-01 18:48:13,2017-03-21,0fb1148686f3e29db5a61aad97bfdd44,2017-02-16
72e93009f1735bbd1de92c45ec1fe3c5,3276e938808e31ea43a1fab43dda3707,delivered,2017-09-20 08:59:41,2017-09-20 09:15:12,2017-09-25 17:07:49,2017-10-05 11:51:54,2017-10-09,809066fe287041e342b6306ac985efa3,2017-09-20
23596e6832498c8de23143a595a7dac2,87cb2614dd16fcca86933e35d15da4df,delivered,2018-05-01 19:13:43,2018-05-01 19:33:46,2018-05-02 14:15:00,2018-05-10 21:22:00,2018-05-29,408cb3e09282d6705f2887f824ded5ee,2018-05-01
de821e662179b99c81c5b431a03e16b4,b57f3022f059774a77bd38b3b99288a6,delivered,2018-08-08 11:29:55,2018-08-08 11:45:22,2018-08-09 12:15:00,2018-08-14 17:02:35,2018-08-24,acb9b5f1c118fb2985a9b051e92f0600,2018-08-08
827c335f35a0906e59bf916172a0ee83,74c07917bc496c2218310d61c8f15535,delivered,2018-02-05 19:10:58,2018-02-05 19:30:44,2018-02-06 16:26:58,2018-02-16 20:29:15,2018-03-01,e6613a70e371c0a9bbb4f75b6ed12b5e,2018-02-05
f86c5ed7048ac10eb88ec21c00f71892,5aa9e4fdd4dfd20959cad2d772509598,delivered,2018-02-07 11:36:42,2018-02-07 11:55:28,2018-02-08 17:46:32,2018-02-26 12:42:54,2018-03-06,2a46fb94aef5cbeeb850418118cee090,2018-02-07
494f99ef42110a8d40dc585b177f2151,c37938b10e5cd1cbbd5cbce1b6563f92,delivered,2018-08-09 13:10:43,2018-08-09 15:05:18,2018-08-10 11:32:00,2018-08-11 14:51:39,2018-08-15,097221858a1f2f6d37ca6915ae039780,2018-08-09
c3e200f75866c36eca7ac2845f819bfb,09eabd495689fce0ed536d807c1cdc0f,delivered,2018-03-14 16:18:26,2018-03-14 17:20:25,2018-03-15 14:56:53,2018-03-20 14:16:47,2018-04-02,5b5edbfc98d0041a10a3a291b80c1786,2018-03-14
b22d306e18b3b665d49f2ce7d060742e,2abf58739c3d54ee365a1e45045d593e,delivered,2017-03-22 17:33:15,2017-03-22 17:33:15,2017-03-27 12:07:47,2017-03-31 12:27:17,2017-04-19,0f35e8fce704f0cc89cb5f34965e4776,2017-03-22
c9e7721790d06c21ff6fcd2dee7a2f73,ac54eabad353ecdbd32b0d554d99f411,delivered,2018-07-04 20:23:40,2018-07-05 16:24:41,2018-07-05 08:39:00,2018-07-06 14:36:52,2018-07-17,2f521a0cfb4cc68e6ff29a6371d9d850,2018-07-04
4f8a45b73cb600764365a0b6cdff299d,c94f7091c75c2bf2aa4adba866d905d6,delivered,2017-11-11 18:24:10,2017-11-11 18:46:22,2017-11-14 16:18:46,2017-11-16 19:07:40,2017-11-27,eab9ba1d9bef2f68d56ddae9ba8483c8,2017-11-11
ea5a5e11ad8f97f731325b326cc2f3e5,7536b44a83b05083df3c3834d161b373,delivered,2018-02-18 14:26:06,2018-02-20 07:15:24,2018-02-21 21:05:03,2018-02-24 16:18:34,2018-03-06,34e183eaeaed3c11d190177a1efd96d1,2018-02-18
c79c732612d7d2041da78796e91baeac,a0ee7f1932f56d7da78ac20e2369ca48,delivered,2018-04-16 11:48:22,2018-04-16 12:10:42,2018-04-17 20:02:38,2018-04-24 17:36:53,2018-05-18,dbbcd905c42298eac4e1ac99a627448c,2018-04-16
f5f9b2298eb1b5126208f40190004bff,9d048e6eac3f6f3d1ccdf8a0f05c1f46,processing,2017-05-07 10:16:52,2017-05-07 10:30:12,,,2017-05-31,8bd20d255c0d738629f38f1ccfc2bd0d,2017-05-07
92b6dcbe80525761dcdfe87e9acf0ef8,7c3715aad2d3c90ddbd0d60a1d2145e6,delivered,2018-05-05 16:05:44,2018-05-08 04:14:47,2018-05-08 14:31:00,2018-05-14 13:58:54,2018-05-28,9d1b694515bfb34f66faa8ac2152917a,2018-05-05
9675440ebf61a1a3482cc6308e3ebd28,9597de20c8b55d0f22dcc26fdaa6b2f1,delivered,2018-08-18 23:35:23,2018-08-24 22:05:08,2018-08-27 16:14:00,2018-08-28 17:37:30,2018-08-23,297f25d165987a0979a138aa7529d19d,2018-08-18
f5c40d2938c1fc36a6f2b7adfec50895,16121d3a98d220d269b7e7dae429247d,delivered,2018-03-18 10:04:56,2018-03-18 10:15:29,2018-03-19 17:32:06,2018-04-12 17:41:53,2018-04-06,a788172add6687bb50270e11f931c199,2018-03-18
ad94c35c2f62d4f94bd3fd352ae922d6,57d4221724762dfb53fd74d97a559cb3,delivered,2018-03-07 13:22:41,2018-03-08 14:29:01,2018-03-10 00:58:34,2018-03-16 00:56:46,2018-03-28,504ae60e8a78d3dfae72226af86680ea,2018-03-07
ef94e1ff9bb30d81e5e8c9bf9527bc16,a4ea03c203b0467d7018e9ac8226245a,delivered,2018-05-15 16:37:25,2018-05-17 07:15:41,2018-05-17 13:58:00,2018-05-22 11:33:48,2018-05-30,41937e546a6a1f046d5ac8ac4e5a97e2,2018-05-15
d5fb6c4b88ed9fecd56a1debfa28c295,fc863051c57ac15a26bf186abb4bbe46,delivered,2018-03-06 14:04:15,2018-03-06 14:40:28,2018-03-08 18:28:44,2018-03-28 23:11:10,2018-03-22,5c3ae3fe467c37990f21520240ada8c2,2018-03-06
8d8dd87b61b3fb82a68af8b3c890764f,d17442d5eaa091438ffd783d15353526,delivered,2017-06-11 18:08:21,2017-06-13 04:10:15,2017-06-19 16:36:37,2017-06-26 14:59:52,2017-07-13,16e062408428a976e5efc2bdfec655f0,2017-06-11
5256aac1d939c4bbc931cc7c1c78a419,cf69cc8de5f38d6fe0865a39d4b35fcd,delivered,2017-08-12 22:34:09,2017-08-12 22:45:12,2017-08-15 14:43:59,2017-08-17 15:54:16,2017-08-28,75f97a74146c1b9d43ce3b5e3ac9a1ee,2017-08-12
fb04716648402d4fd6f8158e51779fa8,d85a1facca20ed298fa0936c7af6e7e4,delivered,2017-03-29 09:07:20,2017-03-30 07:35:08,2017-03-30 17:44:38,2017-04-04 14:22:52,2017-04-20,d4277abfcc67f0a3b4e054f14f3e59ec,2017-03-29
07d08b17b3bcb01de09f8306ee0c32ca,6c1dfcf79167f6eaa51ee9740c7229bb,delivered,2018-03-17 18:48:10,2018-03-20 03:10:37,2018-03-21 18:51:44,2018-04-05 17:56:33,2018-04-09,211e24bb1acf05ce6465ac1360e4504b,2018-03-17
18ba3d012aee2a0c106807bff9be53c5,3de6e3e6c40629fc73a0e3727bab4622,delivered,2017-10-08 02:05:56,2017-10-08 02:14:10,2017-10-09 19:30:21,2017-10-13 20:45:47,2017-10-31,cc0d7774beac3e8d824f21cfe7c89ab4,2017-10-08
c37d41945512f0cfbcdd0f085bbd04d8,f4e2bcb516a63a0b3cf24b4c94ee2209,delivered,2018-07-13 14:58:58,2018-07-17 04:32:27,2018-07-18 15:00:00,2018-07-24 20:16:55,2018-08-02,ee8378c69767aecc3ce2743d62173ff5,2018-07-13
6283390bac4a84f53bb0b7bccd69a4c2,d1ccf8bb54d846b3d81f2705c8e05afb,delivered,2017-11-27 16:35:18,2017-11-27 16:50:17,2017-12-04 21:09:30,2017-12-08 00:09:22,2017-12-15,b6638d73e7a3e1395cd42da18fce57c6,2017-11-27
eb5259e33530b732f251ee44091c75d6,1a1ebdbe93ebb62481b542e0b55d8624,delivered,2018-03-22 18:44:31,2018-03-22 19:31:52,2018-03-23 16:48:52,2018-03-29 14:17:07,2018-04-04,b265d95635282aae31ddfccfef83f98c,2018-03-22
0f6fb6d733b3a9e800c8aa92abf81584,fe790c996b162e9fb690b54ca141f061,delivered,2018-02-07 11:57:29,2018-02-07 12:10:38,2018-02-08 20:12:38,2018-02-10 09:56:43,2018-02-23,2445ba0a1c56ba4a3d4e202dc471aacc,2018-02-07
f3ee55bf50ef2f2318599425ef80107d,828a9b9f129a8b103ad146559a75d4c6,delivered,2018-08-17 16:53:17,2018-08-17 17:09:40,2018-08-21 13:57:00,2018-08-28 17:24:48,2018-09-04,72e05cde2a8e5d8f08ca3ef3bcfadc63,2018-08-17
9c94a4ea2f7876660fa6f1b59b69c8e6,22e922696a7d1ab9a19c6b702fedc387,shipped,2017-03-14 19:23:22,2017-03-14 19:23:22,2017-03-16 14:31:15,,2017-08-04,b030929cf3b8c3370ea8c611f9ccb32e,2017-03-14
8da91385fe6a54610be44f0bc8da44b2,40697e315a82521b6872e4bafe0ed122,delivered,2017-05-01 20:08:37,2017-05-01 20:22:21,2017-05-02 08:10:59,2017-05-15 11:36:08,2017-06-06,b920947e4639925f77554263319e976d,2017-05-01
e6025a47a96bbe025dbef66fe043a310,7c4eb97cc786cd7b33980a0c1183989c,delivered,2018-02-02 09:44:03,2018-02-02 09:55:33,2018-02-06 01:41:52,2018-02-21 13:15:55,2018-03-07,08a9b4fe57f059c9b3158ff2e57fd048,2018-02-02
707f34ee0f8e9986054ee1c01868dc9e,71df09adbf0c0596daad8db41fc45bb7,delivered,2017-04-10 21:00:21,2017-04-10 21:10:15,2017-04-11 15:50:09,2017-04-20 17:24:34,2017-05-11,34384f751847d472786c7e4a13f2e6d9,2017-04-10
7dfd72bed82d922fdde7a5c897353932,b24e9a085795defa18ff35f0674cc63f,delivered,2017-06-08 20:23:52,2017-06-08 20:42:43,2017-06-09 14:38:02,2017-06-19 20:37:50,2017-07-05,56666b8df9882eba89bb6c8c1403b68d,2017-06-08
cd7d3f3c6078491ea7af392d220f9d4a,1efb01c07b190bc1e6473cff87dd480c,delivered,2017-07-23 23:42:41,2017-07-23 23:55:13,2017-07-26 13:07:46,2017-08-04 17:56:39,2017-08-25,30d4c23427751e5b1f9116ad3dab9b99,2017-07-23
b69baf52ffd3819be034752ff929ec1e,2db3e03b1db3a836ed63120f3ce8e362,delivered,2017-04-17 22:53:43,2017-04-18 21:22:23,2017-04-19 13:18:07,2017-04-27 06:05:58,2017-05-10,9014bdf7886a28b585826986227b7cfc,2017-04-17
5290363ff55b49b6310cf80238d88572,4afc4f88793055af8ce03353b9b2d61a,delivered,2017-09-19 21:14:55,2017-09-19 21:25:39,2017-09-21 15:13:03,2017-09-27 21:38:55,2017-10-06,810299615a9452226e1fd095a5f29b6b,2017-09-19
1963469800c298aa309f11cd40138411,2ae3c4ea3ec94a886974531fbd37faf8,delivered,2017-11-24 22:48:21,2017-11-25 01:52:33,2017-11-27 17:52:30,2017-11-28 20:46:40,2017-12-08,99a298cb1094748a8b2c8c884e809f64,2017-11-24
1daef9cebfe701d5500c5ce43a271165,79ff2869fac443ef6347d6ca410561b7,delivered,2018-07-17 12:33:49,2018-07-17 12:45:10,2018-07-27 14:10:00,2018-08-01 11:51:41,2018-08-16,1b7b7f9631cd453251d0b328c9b38a2a,2018-07-17
50021fe1c383504485a0b12adcee0765,56c808c1dd74f671f4170b03666749bb,delivered,2018-07-20 13:46:24,2018-07-20 14:50:18,2018-07-23 10:57:00,2018-07-26 20:42:14,2018-08-13,214fec674c7caf26dd0ba53a34541ffc,2018-07-20
e9b4ff9ff0820c3866430daf263c4097,b98d7e02571e731227808ba5ce9a0adb,delivered,2018-05-05 21:30:00,2018-05-05 21:50:40,2018-05-07 14:23:00,2018-05-14 18:19:36,2018-06-01,ac6f8809de0fddd109de86858232e7de,2018-05-05
ad9281842627509a55b3ec05be4588a2,b4faf9e670c15cb98e54e45907d46698,delivered,2018-08-08 18:28:17,2018-08-08 18:44:56,2018-08-13 15:27:00,2018-08-14 16:10:52,2018-08-16,40a04f5967ed1b1676064fe5542a0eff,2018-08-08
7005da65f15cb4565505a05bbc8dee3e,a5fb67a73080413aa8305238a00b0440,delivered,2017-06-22 22:30:56,2017-06-22 22:43:20,2017-06-26 15:46:33,2017-07-05 16:03:50,2017-07-18,ea4dce18a6994b1e69f0bc8093cfe869,2017-06-22
047250e11ece4201a2083bc3b62866bf,c3d50bc4ad064591467c0b454d018a14,delivered,2018-08-11 16:41:43,2018-08-11 16:55:32,2018-08-17 15:54:00,2018-08-20 22:02:54,2018-08-28,a68173346451e2a238f65dbb1d912c79,2018-08-11
4b543d559cb1d860ec4c814807001093,d24b43d7e710defda63c9bdcce01aa57,delivered,2018-02-28 11:49:03,2018-03-01 02:50:37,2018-03-06 17:41:57,2018-04-14 19:27:44,2018-04-04,5178490701215c1a00d639d8456fc27f,2018-02-28
8a8fe42973aacdf0b83fb915d722aac6,5e9a195cbfedf459a7015c36bb7662d2,delivered,2018-06-22 07:42:57,2018-06-26 04:59:17,2018-06-28 13:59:00,2018-06-30 16:44:37,2018-07-12,ba93fafe343b578dc6dc6bc4f8457604,2018-06-22
2e1f4c38207ae1b8011bbbfa7b96c34e,6ec737589d78aea094fca5cb4cc17760,delivered,2018-07-08 11:51:23,2018-07-10 04:30:23,2018-07-10 15:37:00,2018-07-13 16:58:37,2018-07-27,9aaa6812e0daefa1f7edd5f772297d2e,2018-07-08
0e0b2c3867ebecdb54f64e443e7f1921,8cb3cf719a82ef35da063198b29ae4a3,delivered,2017-11-06 14:37:36,2017-11-08 03:50:21,2017-11-10 20:28:33,2017-11-23 15:04:51,2017-11-30,7e6494e69991e3b31bcbe9cf32533b29,2017-11-06
6533c16ee10d26ec8e66602b6537496b,6a27915065062b0198e238306557f2a7,delivered,2017-11-29 17:43:48,2017-11-29 18:14:37,2017-12-04 22:26:59,2017-12-28 14:17:32,2017-12-20,b034cfb4e01a2d2d2d38ab239a029785,2017-11-29
7b6b4f3f9ceec2248dad997d2f53650e,a457aae7193e4218a13c99e0130bbcc6,delivered,2017-03-10 10:04:34,2017-03-10 10:04:34,2017-03-17 14:57:56,2017-03-23 16:13:21,2017-04-05,d46450eeeea08ca8dcd8125246058683,2017-03-10
539f8cabdc5c85e2f451197749a96753,2d49987c2ebfdfd518cb64ad1d380083,delivered,2017-02-13 22:48:58,2017-02-13 23:03:15,2017-02-21 13:59:01,2017-03-01 09:21:29,2017-03-13,7c5efeb6d59d2de5fb48ed0da1e04ffe,2017-02-13
bfb25d3267628ed460c643f20b5c19d7,0c65732c3188ecbb459118b999d18813,delivered,2018-04-16 17:26:59,2018-04-16 18:51:50,2018-04-19 19:48:23,2018-04-23 18:18:44,2018-05-04,22072f2e301feb7ec9bbe5c1d16ef561,2018-04-16
a76096ddae15d50a36d7cf86823a2c7e,3699fa49d2f6ad3f0b7fe0f869c5ec3b,delivered,2017-11-29 11:41:59,2017-11-29 11:52:05,2017-11-29 20:52:57,2017-12-06 12:19:00,2017-12-22,8856412cf9cd5a3577968bad79e93bc6,2017-11-29
87d439e33701be5b1e607849115ebf5b,0b683a7e42b6c883d715590590b5f986,delivered,2017-12-17 12:00:08,2017-12-17 12:10:27,2017-12-18 22:42:22,2017-12-28 21:33:01,2018-01-18,21ee1b03107428068f2e344c03276b4e,2017-12-17
1af064a7e948651d963cb35703ae3a55,8c82fcad8a2673433cd9d9457bf683d6,delivered,2017-11-28 09:58:19,2017-11-28 10:15:17,2017-11-29 21:12:27,2017-12-01 23:24:27,2017-12-12,d0ddd4b9b7920107716a259664962c47,2017-11-28
dccb282b858f9b481824964de4cda528,993d3aaa8f72c48c09cfe10946eb7c6b,canceled,2017-08-25 19:10:57,2017-08-29 04:26:12,,,2017-09-20,05378bc3a8e9dd6da066418c0e156a0c,2017-08-25
00d85bfe0e28c91b69d0fe1f29255a31,3441b9aa98014569ee95cbff82a03abb,delivered,2018-05-09 10:52:37,2018-05-11 03:37:28,2018-05-11 14:00:00,2018-05-16 12:08:33,2018-05-30,b218733357b8317b5738bf9fe3c77b07,2018-05-09
4cdbc55a42adf395b1997dae797c948e,16908dccb5eaea1e14486410fc65227a,delivered,2017-03-29 19:43:49,2017-03-29 19:55:21,2017-03-31 11:03:47,2017-04-04 14:05:24,2017-04-25,98c5c2b9db3dbfd9aee5c6eaf894392d,2017-03-29
0830fb3429c4807bd185a32fe5241b8a,2e5a6dab193ae7e25a8fffde134d7035,delivered,2017-12-12 20:21:26,2017-12-12 20:32:27,2017-12-13 18:18:59,2017-12-30 09:37:18,2017-12-29,c8f5a894f02efdbc00a61cb31570cbaa,2017-12-12
a0daabdea9da78312042ebceca34cb21,be6570b98044034f16453eb8281ffa08,delivered,2017-09-11 11:00:24,2017-09-11 11:15:35,2017-09-11 19:52:41,2017-09-19 17:17:15,2017-10-02,0d46cd4e7277279d60087c46ce456fdd,2017-09-11
60f7dee462ea29c73d75c9dcccf5d870,41ce6b8924d1d2850730a60910da0dff,delivered,2018-06-15 07:32:22,2018-06-15 08:00:16,2018-06-15 07:00:00,2018-06-21 17:56:54,2018-07-19,c84294553b4e6a8311a6ea57c8c596b1,2018-06-15
79847bdf9821dfcc7a036271d0c6044b,ba800c3db2f86dbeddfb9824aa2b35ac,delivered,2018-07-05 09:14:52,2018-07-05 16:31:21,2018-07-05 14:19:00,2018-07-06 17:41:50,2018-07-18,11e95918d6816403858e8314a3503f4c,2018-07-05
27ba5b776eb297cc91015bae7bce34d0,b12c5e5e31a5b8f0035560c564330dce,delivered,2018-08-10 09:23:52,2018-08-10 09:35:19,2018-08-10 13:44:00,2018-08-11 17:43:31,2018-08-17,8755b927cb43b4da13d66a7224905b30,2018-08-10
f40b59109981de2b6d38eb4f42033102,eae6293ed6ddcdc7ef90d2b130dc2dc4,delivered,2017-12-04 23:01:39,2017-12-05 10:30:48,2017-12-08 16:25:00,2018-01-10 14:43:15,2017-12-28,f5e07f964f9168d140818c6c92e2a4f8,2017-12-04
a0f30b638e44675ada177c07064b96b4,334bfd69f2b3792809da9d569bf08513,delivered,2017-06-25 01:01:22,2017-06-25 01:15:15,2017-06-26 13:09:26,2017-06-30 17:18:29,2017-07-07,10239d0c1462fbd020dd0157a5b30b2d,2017-06-25
5e6032de9f8c94b21aeeb5dcdaed8773,a1dc65142f28a33582c7fcc1cfa106f6,delivered,2018-07-21 13:57:20,2018-07-21 14:05:12,2018-07-23 16:29:00,2018-07-27 19:48:37,2018-07-31,9fdd9cbdbd5497b7a99b809f1c858017,2018-07-21
a0e0ab62ae4f2dad1ca6f19103dba9a6,fca319b6b92302ac722e396bdb30072c,delivered,2018-07-21 23:54:30,2018-07-24 11:31:55,2018-07-25 12:32:00,2018-07-28 19:12:42,2018-08-10,0e36fee9f974affcfef469842ddb5a35,2018-07-21
64290a4b47a64cedd4ba0070cc9503aa,090d37a5171ef833ac48302f4170449d,delivered,2017-08-31 20:38:35,2017-08-31 20:50:13,2017-09-01 19:21:22,2017-09-04 12:24:49,2017-09-13,e4689dc8749fbe5137c22b233146c58d,2017-08-31
d2fd6afcbebfee356931bf32f9f67e0f,b59be200e00aafa29fb69074ab23764a,delivered,2018-01-24 17:02:14,2018-01-24 17:24:32,2018-01-26 15:42:01,2018-02-08 18:28:52,2018-02-20,c23350a5f9bad5e2cbc3a3e04f6791f0,2018-01-24
cafe1030b50f6fbe232a1532e95c89a6,5736944f51ca2a7e68fa3180b5b499da,delivered,2018-02-19 16:50:58,2018-02-19 17:55:41,2018-02-22 00:50:35,2018-03-19 22:46:39,2018-03-09,54da6c50f6c3f22f2630abbcf924be79,2018-02-19
0ab72bab67e4b9af0dfc369356d70202,3b408c6d257435c14b05234d711d37c5,delivered,2017-06-04 14:44:30,2017-06-06 13:35:47,2017-06-07 12:40:53,2017-06-08 15:13:38,2017-06-20,3219cdbf077ae7cc44070afe219f11bc,2017-06-04
1a555b0344dc27a6cc184ba866597cde,e5075ce7c5fc8ee90cf95860a8ae672c,delivered,2018-06-25 09:19:01,2018-06-26 19:03:56,2018-06-28 10:00:00,2018-07-04 14:02:59,2018-07-26,7533b279dce6bc86b81a190974832fde,2018-06-25
789224c8d5447b2a3ae06a6c2ec5258d,f22efcfde958e9cef65281737498de96,delivered,2018-07-06 18:48:14,2018-07-06 19:11:10,2018-07-10 12:44:00,2018-07-11 23:36:36,2018-07-19,9acaa585cdd4a5eeab3416ce6fe99449,2018-07-06
6183f38e839216bb09839ecf933ac1dc,53da475e7b18f251e52a3e0ebcc27b7f,delivered,2017-05-22 12:19:17,2017-05-23 06:35:17,2017-05-24 10:45:08,2017-05-31 10:33:00,2017-06-16,8e4c808c556cf8200933390024448ddb,2017-05-22
04a5e3a44cf4310b56f1a18f38f103e6,bcae9ddbea097677bef7b6857d0afb1a,delivered,2018-01-19 03:33:15,2018-01-20 09:09:15,2018-01-22 19:38:34,2018-02-01 15:55:39,2018-02-09,ae362278a888614b4fc58a3f203c5f8c,2018-01-19
9a75fbfdd0e2d8c9285edc0b65879551,4261d379abbe3b24d286307899f081c8,delivered,2018-05-06 22:05:59,2018-05-08 19:34:59,2018-05-10 14:27:00,2018-05-15 01:42:49,2018-05-25,0cbbf3f98b1a4228850f2a203ed634a3,2018-05-06
b8b755f4dbfb058b20c5c4ef662ddc9f,36d53e516a44e61c73a33f25619f1980,delivered,2018-04-04 16:43:47,2018-04-04 16:55:35,2018-04-10 21:21:07,2018-04-18 12:12:53,2018-04-30,ff5dc18f33f97199609b4dd60918b6ae,2018-04-04
9d19b33124e905478b868d1eb916a01a,b11668de4b31ae737a17321c8bd45876,delivered,2018-03-20 15:49:21,2018-03-21 02:55:57,2018-03-21 22:24:40,2018-04-09 19:04:12,2018-04-06,6313e1a8cfa9306fd61ac6abda4376b5,2018-03-20
280ff9719796edf37dcfaf1e71d58d5a,aeafb94a2554136cb6df64ce7c78f7c6,delivered,2018-06-13 09:22:10,2018-06-14 02:57:14,2018-06-14 13:06:00,2018-06-21 18:06:39,2018-07-13,b11a72d35ec19ad070a6886111be7ab5,2018-06-13
110396a9377e9e761e5e14482b0221f2,43685f44d23b58da6ceceed8b9ccb415,delivered,2018-03-07 09:01:59,2018-03-07 09:15:35,2018-03-08 15:41:58,2018-03-15 00:22:34,2018-03-19,1d5cf72cdcb8fa90973781168d09f352,2018-03-07
22d42b325ae456cfe6082ba585a187eb,f0ef2f6da4701a305e1ae7f0a1b6ef24,delivered,2017-04-18 09:46:40,2017-04-20 02:50:11,2017-04-24 14:06:43,2017-04-28 09:29:31,2017-05-12,310647380793836bfa5b7b6b3f518423,2017-04-18
a807e37413ae762568568100e439cfb6,4cad8e80a929c35386479f5845313874,delivered,2018-06-24 21:47:46,2018-06-26 04:35:20,2018-06-26 14:17:00,2018-06-28 23:21:27,2018-07-05,3f33e7e7a4f7ee0ccf8fe97631476ee1,2018-06-24
d34f898378d4f1f59f6a5aa731ecc983,cfd6776cbed77653931db5aa308d3697,delivered,2018-06-19 14:35:25,2018-06-19 14:57:37,2018-06-20 11:19:00,2018-07-13 22:28:24,2018-07-19,1d39a7704cfb79b7cd820bc83e3de161,2018-06-19
25efad911c3ff50b495d8cc09dc32631,3b6ab7020a5ceb2b318ac3db42eebabe,delivered,2018-07-30 11:04:45,2018-07-31 07:30:51,2018-08-15 12:07:00,2018-08-22 23:51:00,2018-09-12,2ed3ac7bc9417e096ad7515460451515,2018-07-30
1539409c01ad8a5e32a2574668ad975e,1eb544acef426d2268c038b8e3ff1b23,delivered,2018-01-27 00:20:53,2018-01-28 00:15:50,2018-01-30 21:18:31,2018-01-31 19:26:39,2018-02-14,bcfc9032cea53ef734a6008742d954fc,2018-01-27
4806c15e687faabdb46ca2643cfcfa6e,4dec66cb2a457ca68a6b8e431d375a11,delivered,2018-02-18 18:41:59,2018-02-18 18:55:34,2018-02-19 18:52:11,2018-03-14 20:16:24,2018-03-12,bd83417b926aab0fdb310f40c48142e6,2018-02-18
73de28dd75c1a15abc8a5fb46fb734b6,5f896bc340a1f2bb50dc88b9f9ef7bd3,delivered,2017-09-18 12:57:19,2017-09-18 13:05:20,2017-09-20 13:48:26,2017-09-23 13:37:57,2017-10-04,acfd8ff3da82f4bb5c8720a5020b82a9,2017-09-18
54219c88839d9b1991f5550734f20c9f,c85790678eba7034f14f08ee44c67c21,delivered,2018-05-01 20:55:33,2018-05-01 21:12:25,2018-05-02 15:26:00,2018-05-08 16:38:42,2018-05-25,ed917c786a8a3e411eae87aeca27cb27,2018-05-01
93d5e6e96278f675c4d917ff0bd6e0e3,bfa36949d512d454d7b70146ecc863a4,delivered,2017-09-06 15:23:56,2017-09-07 02:44:04,2017-09-08 19:36:23,2017-09-19 20:29:09,2017-10-03,7041fc1bc59f83554608a67e0dad47b0,2017-09-06
183cecca240ae6ddec6d9271f3522ef1,4d822468039185d96e7cca30c68df266,delivered,2018-02-03 16:28:36,2018-02-06 04:32:07,2018-02-08 20:29:01,2018-02-22 23:05:02,2018-03-08,c067da8e48184f14e468fc4557016c0e,2018-02-03
e94de4ac53c1d7b914bf6cdb13fd9ce0,5218278c410b89a0132e8f53d5cd5297,delivered,2018-04-27 19:20:19,2018-04-27 19:35:18,2018-05-02 19:00:00,2018-05-04 21:36:48,2018-05-11,b40ad1394b91ed65166749e0defb0c71,2018-04-27
e213ae13799e8736ebbc653d21a441e5,b6d6b42f40cb6d7b0d8b2be327210d29,delivered,2017-10-08 11:02:52,2017-10-08 11:14:13,2017-10-09 19:03:06,2017-10-31 16:27:59,2017-10-31,f78903d29c19f2bf03e9427f28a6be35,2017-10-08
f826a5899e26000ca1c214b8a7302a50,da108b6023109790edbc275ac885936a,delivered,2017-02-19 13:29:04,2017-02-21 07:55:12,2017-02-22 09:41:48,2017-03-10 07:38:56,2017-03-21,4b3c2413e83b4b98d804bd86fe05471b,2017-02-19
babe8fe3c1cdafc205f2ca187951076c,0e2552774c1ffb9be624567c5b4dfe76,delivered,2018-01-21 17:36:03,2018-01-22 13:55:25,2018-01-23 20:28:08,2018-02-03 18:38:41,2018-02-21,f3a387107a8f22296ab65aac43f372fe,2018-01-21
4c612311c4c424c8ccf682de9b443659,78337577a7b3160393cf5f5e69f13d52,delivered,2018-08-09 06:35:43,2018-08-10 03:24:35,2018-08-10 15:10:00,2018-08-16 00:28:30,2018-08-27,2dd1d99c3ff427b74f938c2daf370622,2018-08-09
033729e95819665323119db0291d0f0c,67e656bad90cf1cff3eb60db78ba3da6,delivered,2017-05-12 05:28:46,2017-05-12 05:42:21,2017-05-26 14:36:45,2017-05-30 11:37:04,2017-05-30,b45f94f3b26b9096c7af8c523a2c9edc,2017-05-12
612153bcf3b401012b872fc891497142,0cf6be58a1fa3bec5e5e3d20d43c6d2e,delivered,2018-05-18 00:33:41,2018-05-18 03:56:23,2018-05-18 12:26:00,2018-06-05 13:28:38,2018-06-07,5dfceca2174efc8d570e8c5664a74790,2018-05-18
22c05027bd97d6cf4376df52e0a7e5a2,3609ff0cc79e7a07b4cc0616fa16aad0,delivered,2018-05-08 09:32:19,2018-05-08 09:50:38,2018-05-10 11:19:00,2018-05-18 16:25:04,2018-06-01,c17eeb0c7f906a4384f5c08df6abe92a,2018-05-08
51c70023f5f763326e004bc5ffc52370,d563da7a526992559c8c913f75d481d3,delivered,2018-05-13 09:46:39,2018-05-15 04:52:48,2018-05-15 10:12:00,2018-05-24 00:54:17,2018-06-05,85d0e4d907cb979d0be126628db86d0d,2018-05-13
c470c4940c653080f16ba7e4cf1eb08c,121779e79f02587b95b15ca80b9c8a6e,delivered,2017-11-24 10:42:43,2017-11-24 12:16:06,2017-11-27 16:42:10,2017-12-20 20:07:11,2017-12-19,f9b16a10f1fcd2503038ba84eee43b52,2017-11-24
db29d18874ddbb8ca9f062c7b801a4e6,ba852190288fc72ca2cbd7f1f891daca,delivered,2017-07-16 22:36:09,2017-07-16 22:50:21,2017-07-17 16:53:56,2017-07-20 19:51:20,2017-08-04,80d883b596dae7ab1b3adebef1ca8ba3,2017-07-16
ed8e14b139eb5a477f7e330eff821103,b256d24f3f6a32420df3beec43ea0886,delivered,2017-09-14 11:53:37,2017-09-15 02:24:44,2017-09-19 16:25:59,2017-09-25 23:47:52,2017-10-02,4c30740324ae749c1370a18aa3fb7d2b,2017-09-14
0710ec94ade6724b0816df78ee4e689f,061435b8938e25375c2bcf58dff7745b,delivered,2018-06-28 08:56:40,2018-06-28 09:10:27,2018-06-28 14:16:00,2018-06-29 12:21:24,2018-07-20,0526069a90ad5605a9b7b0c21bb9d1ca,2018-06-28
e14b48e4e41df5c0fb39c38cc60fe063,945f474d186e0accd799e39dee6be442,delivered,2017-12-13 00:05:59,2017-12-13 00:13:35,2017-12-13 22:22:15,2017-12-21 16:48:44,2018-01-12,928e525cda2f7401d259c3afa07860d2,2017-12-13
0bd92af478239fae08847d13e9fd8617,4d4f9c5434e6be54599e84421b48e384,delivered,2018-04-19 09:31:18,2018-04-19 09:52:37,2018-04-19 21:52:43,2018-04-25 21:07:32,2018-05-14,1a328a664417dc7cbff0ed7df49f5a3d,2018-04-19
7678a9ec36abfc35527725816936da8e,e8f66ba37c741a51f2b840dab001bcef,delivered,2018-03-03 19:36:34,2018-03-03 19:50:48,2018-03-06 01:24:52,2018-04-11 19:19:18,2018-04-06,7433db75d02854959c32b171450463d1,2018-03-03
9684771c67ce7f4d55956a92c0247e5a,4b40edcfc9c0536cb21fe6b6c862152c,delivered,2018-06-04 13:42:49,2018-06-06 02:55:22,2018-06-06 14:24:00,2018-06-11 18:12:57,2018-07-16,8e2492ad2e71ea5c0241909ebea89e1a,2018-06-04
e42b4cff5d459fc447019421a3cc5706,a91290410a471b445d4c17aaa10a3c2d,delivered,2018-06-03 12:40:45,2018-06-03 12:50:18,2018-06-06 14:30:00,2018-06-18 19:42:34,2018-07-13,55f21db4f9a353dcee5b774f750c65a1,2018-06-03
f8f8685c741b440ba6867758e5e228f1,8145f5c24cdd15584a4add4ae6ae5157,delivered,2018-01-13 10:33:53,2018-01-13 10:49:25,2018-01-16 16:09:22,2018-02-07 13:15:02,2018-02-14,afa7ea3fec2be5b6771a056bf4621492,2018-01-13
2f7cfcddaa1f9b24454e42d7fb54944e,0927c6f66e76131f9ab61f7e170d6724,delivered,2018-04-27 13:13:39,2018-04-28 03:32:28,2018-05-02 15:11:00,2018-05-11 19:28:27,2018-05-22,6d1e08f151f439356dab6b101699fc7c,2018-04-27
447e7d42d8715bfbb6336d2dab784582,08f39bb318284f8eca5a32c9e3a15273,delivered,2018-04-19 11:27:44,2018-04-19 11:49:38,2018-04-19 22:52:38,2018-05-01 15:58:50,2018-05-09,8a9901d658757e112469577ff443ae8e,2018-04-19
66d8a3a22419ac03fa5c0219f3db61a0,6a90652e183891d3da8d47a2d64baa91,delivered,2018-02-28 10:44:53,2018-02-28 10:55:47,2018-03-06 19:15:21,2018-03-29 21:04:01,2018-03-28,c9346c4c4ff84b7fbb38d57428406b85,2018-02-28
a85866709015a003ea47e59f00c2354f,94c1ceb63718eb8d4ea78a1d993e43a3,delivered,2017-08-04 15:49:23,2017-08-04 16:05:23,2017-08-16 19:44:38,2017-08-17 22:49:50,2017-08-28,242c91ecf442e1d5282ba847d6b34e8a,2017-08-04
367d3cae768c0b4e7a9aad6ba7bd31db,0aee8a6ccf2eafc62eb7beaaa47f4bbf,delivered,2017-08-17 10:20:56,2017-08-17 10:35:14,2017-08-22 17:06:31,2017-08-29 15:43:37,2017-09-12,fb5c3647a694b8bbb8891cf08df7587c,2017-08-17
2c96c827c0d1b349e1d4f1c3a4040f49,abeda17cc207b7bf3d0bdd8dcf4bc898,delivered,2017-07-17 13:57:34,2017-07-18 08:33:47,2017-07-19 13:56:49,2017-07-27 18:49:35,2017-08-08,f37f492333e12678e4f636556e5d38da,2017-07-17
c915c070ee2f91af30208cd30cd0dee0,2ff074b1dbce2bc816bf81c3c820ba5c,delivered,2017-04-11 12:59:03,2017-04-11 13:10:19,2017-04-11 17:19:00,2017-04-19 13:22:46,2017-05-03,bc794c0cc9ad7ef403d8281021e00992,2017-04-11
d7c88b34559c799b7170fb42a1222ab7,4bee7310eb7a2e6ff35cef3c2b3e0f5f,delivered,2018-05-02 09:25:17,2018-05-03 04:32:49,2018-05-04 15:46:00,2018-05-10 13:13:11,2018-05-28,6cd5ad2783f175ab9dac5072bc7e3d73,2018-05-02
f8327f59e5ec97d2240579e1dc6dfcdc,e61d98019b18172feeca8225d11ab03a,delivered,2017-12-23 23:49:03,2017-12-27 04:12:36,2017-12-28 18:14:23,2017-12-29 19:52:26,2018-01-15,8e156a93b5817cbe414f32d08abc5993,2017-12-23
65c3cbde18f89d9959a109545ad0ca7b,d87f81e4338de8176d2ba14d81164666,delivered,2018-03-03 14:03:26,2018-03-03 14:15:35,2018-03-06 15:35:22,2018-03-24 00:36:39,2018-03-26,82c1b773435779514b2af1762615ca3f,2018-03-03
3aa2600d02e113fa1145a76a2e90185f,0c5de0bf7d0d8900b388eaf6eb1a66d6,delivered,2018-06-29 15:06:22,2018-06-29 15:15:15,2018-07-05 14:11:00,2018-07-12 21:42:45,2018-07-30,4348c924a0bc86f4a053fa7e3de73d87,2018-06-29
2b3a2f59d27e42fead9c97284c2b4b25,6dbd9b232392f80a3cb44fc011c82b21,delivered,2017-09-06 23:30:59,2017-09-07 23:35:38,2017-09-11 20:37:00,2017-09-18 21:32:52,2017-09-25,aaefa93858c42c1e7e7233f604faeeaa,2017-09-06
08b74b3a8bd41e7de2ac99b200eec62d,e32daa14dfa90eff675034dc7d462cf3,delivered,2018-05-09 13:48:11,2018-05-09 14:15:01,2018-05-10 13:29:00,2018-06-09 16:03:26,2018-05-28,52e57dd9218d99ea21b26f00c9151761,2018-05-09
f845f1fe6a0c9e32eb740bdcc4da2aac,a54c7810d4a0a3563f11fb6ce6acf771,delivered,2017-08-10 19:52:54,2017-08-10 20:05:37,2017-08-14 10:43:07,2017-08-17 19:32:50,2017-08-30,64ef8378b255bc728db76e1b9e61c727,2017-08-10
c1d6c7866879dee0e3bfc28dbe2edd54,b8d502fcf796db3207e6a2bdae2f6cb1,delivered,2018-01-15 00:14:29,2018-01-15 00:29:10,2018-01-15 16:06:58,2018-01-18 19:13:32,2018-02-05,4de1b6eea8416cafb949c76257effa1a,2018-01-15
de3f0819b6ed261f394af5bf809eed9c,93bbf7c08e1faa50b6c60abe5337ae1d,delivered,2018-06-06 10:39:49,2018-06-08 02:56:28,2018-06-09 10:02:00,2018-06-14 20:33:26,2018-07-23,d002a7e7acfdc762f4b61621b2c9aa64,2018-06-06
99396be04e138247e9fc0528a62e0919,c942b07f7a0251f168e670707e572b20,delivered,2018-04-12 22:26:18,2018-04-12 22:51:05,2018-04-20 16:38:58,2018-04-30 18:41:52,2018-05-07,f3b5ac9b310856ab36153e657e08a495,2018-04-12
923858c3c7a920c2b0ac32ad75bb0280,bdaeccdb6aca7bd9cfd7a53ea93b41cc,delivered,2017-12-06 13:08:53,2017-12-07 03:12:38,2017-12-07 20:37:08,2017-12-14 20:37:01,2017-12-29,54aeac14df5ddad1e55f76c88d37d49f,2017-12-06
ea55649d169dfde9b307707c2d3f78cb,ac029fb2521706b5dd55cf95b4bf0c18,delivered,2018-01-17 20:12:27,2018-01-18 02:11:51,2018-01-31 16:09:08,2018-02-17 20:42:01,2018-02-26,5cedafb876c75bab104e090505972f96,2018-01-17
3bce95e33874f0710416f69572c5b40e,5050f0741e5587414aa4fb7227d561f6,delivered,2017-12-08 15:47:02,2017-12-08 15:56:24,2017-12-11 20:41:31,2017-12-13 23:41:24,2017-12-27,46a3f990565ebe23acb8dd406402c57d,2017-12-08
3c101bab9b1dcbd294379fa7a39aef00,2bc5b5116b73fb1302b1d6f0d7d58172,delivered,2017-06-10 19:31:30,2017-06-11 19:35:12,2017-06-12 14:04:18,2017-06-23 10:44:52,2017-07-13,0d620f937aa0fafc5fc03d59f85a419b,2017-06-10
546a729b8042c31a71745ad37ad453cc,ba819aec7d70f984272d9fa3c3475787,delivered,2017-09-09 15:07:05,2017-09-09 15:23:55,2017-09-12 20:38:44,2017-09-19 17:56:54,2017-10-04,d14494e824aeebdba85b5bfb50d2f4f3,2017-09-09
0b1e77ab8db5ec5c6af5514bcdf20240,d352299ea54f781314939010d505a9af,delivered,2018-02-12 17:58:36,2018-02-16 07:55:56,2018-02-21 22:22:04,2018-02-23 17:35:35,2018-02-26,56eaa5feeba6a6d10e263c858154c465,2018-02-12
9212fb06fa8197c71c382ce06e5889ae,bfd41839fe9e5918668e940c6460c671,delivered,2018-05-23 12:00:57,2018-05-23 12:14:56,2018-05-25 08:52:00,2018-05-29 12:46:36,2018-06-21,c808481ae340639f3deb6ab4fb5016b7,2018-05-23
dd0e00343af091774fc1399707418777,fa4cd2e67f0e9eb36f86d4b1413b059d,shipped,2017-03-06 19:54:12,2017-03-07 04:25:28,2017-04-03 14:32:54,,2017-03-29,d560d1cf7e7bbe2d45a9101e0e2edf87,2017-03-06
920660e6627be7877e8f70d72c8e398e,e3f2ac0537ae2216c0a6014c8d1745f0,delivered,2018-05-09 13:50:47,2018-05-09 14:15:08,2018-05-10 15:15:00,2018-05-16 12:18:49,2018-05-28,40cb3346ecab62241f99b0201ac2141f,2018-05-09
aa1ae480ffdf6aefc191b45ebd4fdedb,dc4a4863832cad43ecf971aae07084de,canceled,2017-05-09 21:42:43,2017-05-09 21:55:20,,,2017-06-02,7f93f9bdd0b2fa23530bb20ba14a207b,2017-05-09
ac3143c0b6db91dd3ca4ab4d8a8243eb,1994904e979ef7c6ed7ccc3fed8e3c56,delivered,2018-08-20 14:44:08,2018-08-20 17:01:14,2018-08-21 14:48:00,2018-08-27 14:18:47,2018-09-04,49223558dc36c20e8577f85e82c23a55,2018-08-20
549fcae8637a343a18425a3706cf8b3f,31c47eb6a649375d9b197598dcf1ae59,delivered,2018-03-10 10:25:54,2018-03-10 10:35:40,2018-03-14 18:12:05,2018-03-16 19:19:07,2018-04-06,d33ace4ea04a0db34299c2882c35738a,2018-03-10
8784fd2fe0b3a9135334c0e4cc81b1f0,77d26bcf98f1185febc59b7a80a13a2d,delivered,2018-06-27 10:20:31,2018-06-27 11:06:31,2018-06-28 14:31:00,2018-07-04 20:04:17,2018-07-18,eaaff84ebc1c020ab83950d9303a8e97,2018-06-27
2f40163a18439bbc77fa0f1984bf2596,57e873ebe362278f24712569d2d32ce6,delivered,2017-12-04 12:07:53,2017-12-04 16:33:21,2017-12-08 10:03:54,2017-12-22 20:52:17,2017-12-20,1873bb3e11dbfd63861869b212e0c7b8,2017-12-04
7441d0f70c52613e4e761304a7d2be9a,364c88d6a442daf3e57a36f32478c7ca,delivered,2018-01-19 16:13:24,2018-01-19 16:34:41,2018-01-20 00:22:13,2018-02-16 17:38:34,2018-03-07,1531da3d145d9923ae7a23d2d4cb47a4,2018-01-19
50c2a6b25b1df03eff6f7249da47f931,7186629c8f63f25677899ab5350688c2,delivered,2017-10-16 12:16:46,2017-10-16 12:34:09,2017-10-17 20:09:20,2017-10-24 19:29:50,2017-11-03,bd17a745be96285f2460e659b7111c73,2017-10-16
7a29b54535d222b31198e880d73f0e56,15b99fc6f2ade1d81a027cdd2bedda80,delivered,2017-09-18 15:48:27,2017-09-18 16:15:29,2017-09-19 19:50:11,2017-09-20 20:40:18,2017-09-28,f47a139e1a10aac2135d2dfcfc5caaac,2017-09-18
c96bbfcef566c4118ee31d941a8619a5,b9de529c69c02efac74a496dece746d6,delivered,2017-08-01 22:03:31,2017-08-01 22:30:18,2017-08-02 18:33:13,2017-08-03 16:23:07,2017-08-16,8a1dd3dc626d8344f8907c542cd9b382,2017-08-01
a43d72884af5f964762b9070af86b567,3e64ceeab7ec34164cc937c1b444c97d,delivered,2018-07-18 18:53:03,2018-07-19 18:50:13,2018-07-20 12:34:00,2018-07-27 18:49:36,2018-08-13,68f6fa1cdecb28edb06c16c1d1444194,2018-07-18
602c41bce7c56c79f81a7e7365451e0a,78e7b8286d279ea73d828444e8696e68,delivered,2017-09-03 22:10:16,2017-09-03 22:25:07,2017-09-06 15:15:49,2017-09-23 14:36:54,2017-09-27,4578bb52d2076e1a4a75ad7d50c41b52,2017-09-03
54d6ae8b557cebe3a01965a54c4e4106,bbde703c8517876f8534f5c8a4b55948,delivered,2017-07-07 11:48:01,2017-07-07 11:55:15,2017-07-12 19:08:22,2017-07-18 19:53:38,2017-08-10,c0126bf681e55a07cb86c35b0b88af95,2017-07-07
bde305d08669a1b46554c10f03a85675,76900889a2b92af7c4d0896071f9c620,delivered,2018-05-08 00:45:50,2018-05-08 01:11:58,2018-05-15 13:44:00,2018-05-26 20:06:35,2018-06-12,f61917dc2a134d82da0e28ada9e3b156,2018-05-08
21533e635256523fb56f1ce0d97439b9,89bd3cf6475e5036e8e417aa3851e548,shipped,2017-11-07 21:45:08,2017-11-07 21:55:38,2017-11-09 15:56:58,,2017-11-30,24e41e128621c84e494ed29699cacf7a,2017-11-07
cc5140f3c027b1fcbd41489903371294,1814224d4b8a686cf1cb194296f562eb,delivered,2017-08-09 20:44:02,2017-08-10 03:15:58,2017-08-11 14:00:02,2017-08-15 19:16:34,2017-08-22,faf9061dba438077d2066e8e006ca3bb,2017-08-09
80dc6c8aaa5334db08944aab012bb8a7,5808329098f8f532ff43033ec188a072,delivered,2018-02-10 10:20:06,2018-02-10 10:30:42,2018-02-16 00:12:46,2018-02-16 15:58:30,2018-02-26,c72a0999496805b6a9c74d76f7315912,2018-02-10
57aca838ac598c9289dc89f0ef979700,3a12a70a52ee98474564a58fae43b4d1,delivered,2018-08-06 23:22:18,2018-08-08 03:25:00,2018-08-09 12:31:00,2018-08-15 23:28:40,2018-08-20,d5689505169c5b503aad7653145fbe2d,2018-08-06
5445faac2614aebf5d7b9435b1d71185,28b7628af94d87b54d95f2efb458188d,delivered,2017-08-16 11:02:12,2017-08-16 11:25:14,2017-08-17 18:18:06,2017-08-24 16:27:29,2017-09-12,0bbe4568c7e18eb81469730d78138833,2017-08-16
d41226bc535a19fd17ad5798958ec1d1,743b62f3c61c930c49211812cbdb9bf9,delivered,2018-05-14 23:01:45,2018-05-14 23:17:44,2018-05-16 14:33:00,2018-05-22 19:28:45,2018-06-01,4429e06fbb99e90dcfa17d2f241165b7,2018-05-14
8e3cbe2ec233a68c159847fac6e43c3c,16dfcc3ba48551e3c242d53438e7ae28,delivered,2017-10-13 20:15:27,2017-10-13 20:28:18,2017-10-16 13:48:00,2017-10-26 09:41:14,2017-11-08,42c96a490485d6559935a102ede6b1c2,2017-10-13
6e522b46c78b3f2ba9e3b02f35b099de,0a4ce54374dbea3a49d7f31b0e7ae9f6,delivered,2018-04-18 11:53:03,2018-04-18 12:09:57,2018-04-19 17:46:53,2018-04-24 16:09:58,2018-05-16,80665862ea41735dea786a8042ab1296,2018-04-18
ea88e47f480ad077e05fa589a920c0f8,33ada6f2fcb2d2411ce80824366afb5f,delivered,2018-01-31 17:29:51,2018-01-31 17:54:03,2018-02-03 10:27:36,2018-02-06 16:03:32,2018-02-22,b18b4476853080ceabd1f38444edea1f,2018-01-31
c42acf5422921456e6ca7c15cf515c72,88de56abba8507c60018f5c1f6da00e8,delivered,2018-05-01 16:48:35,2018-05-03 04:32:52,2018-05-05 08:40:00,2018-05-08 19:36:48,2018-05-17,1c14bba6eb73bb1c0ac11e2871ba1cef,2018-05-01
013bc5ce14f856d31efc8bebdc3a278f,f8fc70c22831cb93f1bf7f8eefa19765,delivered,2017-02-06 19:12:50,2017-02-06 19:25:19,2017-02-10 14:04:06,2017-02-14 09:07:36,2017-03-13,511ac552669ae0bea0aa5e724f69f28d,2017-02-06
b29d96922098efb8c23532318576dffc,82e4ff97780b2534d136e95ee95228ea,delivered,2018-01-02 12:04:47,2018-01-04 05:12:15,2018-01-04 15:05:17,2018-01-05 17:16:45,2018-01-18,eedcd29dc0a883ea248c39aa2ea818c3,2018-01-02
1d8841983fcfb57aa949d484e7009912,7640595377bfccfde8539b69fa0efd98,delivered,2018-01-24 14:35:06,2018-01-24 15:38:42,2018-01-26 21:09:33,2018-01-29 18:44:51,2018-02-08,6a10347c4d30b641669cb829d243c15e,2018-01-24
c7077af9c2e19b516a79690cab23a96d,555cc3325655e6de190f2ecebf14110c,delivered,2018-02-06 19:35:51,2018-02-06 20:31:22,2018-02-09 23:18:42,2018-02-14 22:21:37,2018-02-22,390f11b0deaca217b570a5472cabf8e6,2018-02-06
4149a422217937fae14ff5017fffeacc,c59156ba832c55958baeab0f028acae2,delivered,2018-03-21 11:13:45,2018-03-21 11:28:00,2018-03-21 22:08:43,2018-03-23 18:33:10,2018-04-03,02c7417e43d1ae9ae603e20eac1542cf,2018-03-21
5cfd514482e22bc992e7693f0e3e8df7,519a8af813fe88578029697625439e8b,delivered,2017-10-13 17:19:17,2017-10-13 18:06:56,2017-10-16 19:42:28,2017-10-19 20:41:43,2017-11-06,e2381d9bb9b49c35fff077d4ae613816,2017-10-13
b70c2a4797319570dbecddc366fb25c0,2a6948d5a2d84f87a130ad8c02b542e9,delivered,2018-06-28 19:06:45,2018-06-28 19:29:51,2018-07-10 14:48:00,2018-07-14 12:22:53,2018-07-18,8838c65162661299e5e7baf5371a9bcd,2018-06-28
f6d2ef1c523b008dac3d61be3e511a4f,9574aaefb5acc2e0d267af15f5ef29b1,delivered,2018-07-17 22:38:41,2018-07-17 22:50:14,2018-07-18 14:54:00,2018-07-24 18:18:41,2018-08-03,221bfe30d79fb36b1c50d614433a662d,2018-07-17
128a17800e8fc3801c814f3f921418b0,34624f5ee33f25e8192a7654a42ac857,delivered,2018-07-29 17:31:26,2018-07-31 04:05:38,2018-07-31 13:53:00,2018-08-02 17:26:56,2018-08-07,1c70a019867106ec567056e97be5c22f,2018-07-29
49b04eb803745cce168dcf5885d2c8de,7e9a33809ef317ec0fb58c5a74a5ed84,delivered,2017-08-29 08:19:23,2017-08-29 08:35:09,2017-08-29 21:48:53,2017-09-04 19:33:15,2017-09-15,1c96f36eb76496a19d36fd2b8f45c3cd,2017-08-29
ae2534a5b52aefc2aee11e48ea987cbd,c3200137daa1e3ae4edb993e3818701c,delivered,2018-08-07 16:09:35,2018-08-07 16:24:47,2018-08-09 12:45:00,2018-08-15 19:18:44,2018-08-23,04093066bc3fa341df1261a78e9a8e89,2018-08-07
9029828c46806a8c1e1570eeba9bf9b1,af4cb23b3dbdd037d3eeeedb60fcdb62,delivered,2018-07-27 08:57:28,2018-07-27 09:10:52,2018-07-27 14:35:00,2018-08-03 17:25:10,2018-08-14,6b638ffdec710483b7709ec6454b23c8,2018-07-27
26747043797cafc1ab5026649fa0ff3e,a4d25a8f61e1db5e99771d8268c1e7a6,delivered,2017-05-04 21:39:45,2017-05-09 22:33:24,2017-05-12 15:33:24,2017-05-24 11:43:51,2017-06-05,27cb8f06ec6a0f0899a985f972c98033,2017-05-04
3eb6d6c16c2b144b83985bcacd6ed72a,49cb929dcf7af515d4a1d1ba19387317,delivered,2017-07-04 19:59:17,2017-07-05 17:43:05,2017-07-10 18:22:21,2017-07-11 14:18:46,2017-07-18,35e32af235030874a6b6ccf5f328e8ac,2017-07-04
ea4b3348c9c09725a44c9a44a0fad89f,57f95cda0479641e288c9d71f0c72ac2,delivered,2018-01-02 13:40:56,2018-01-02 13:49:25,2018-01-05 17:29:34,2018-01-15 13:12:50,2018-01-24,19bef14dd081d6852cbed1ebf5ee247a,2018-01-02
87366ca73707125ffa59204926a728cb,248dc94df0cf7c27d6a37cf5295af05b,delivered,2018-06-07 19:14:27,2018-06-07 19:34:55,2018-06-08 14:01:00,2018-06-09 12:31:29,2018-06-29,623175e65c9360d774fbbcc0b42ce8b8,2018-06-07
5630c72b3ba2ffa31746a932d8867189,141c8e20ac10fa468d06131dbe1e37eb,shipped,2018-03-09 02:34:04,2018-03-10 02:31:06,2018-03-12 17:38:42,,2018-04-09,60301186430a256795fcd798e9fa17d4,2018-03-09
5eaef5e183ecba93ec5bbfac367d0781,d9c8ac66683b402ce687065e74f90e1d,delivered,2018-08-09 06:50:18,2018-08-09 07:04:41,2018-08-09 14:42:00,2018-08-17 08:51:57,2018-09-04,99a5e65c7e10304c6e5a9f9c241abb5c,2018-08-09
0e6b2d0fe443a6d38c0f6447f4eb2262,35bfa7ce75679810efa7d433811c6945,unavailable,2017-11-03 20:44:04,2017-11-07 08:30:54,,,2017-11-28,bb0aea12660bf8bd536b39fddbc336ee,2017-11-03
42c85bf5583375774d0e2a73b4ba4d7e,8d35d98c5f8b7123b00ed3cdc3e04864,delivered,2018-02-20 12:26:11,2018-02-20 12:35:26,2018-02-21 21:35:50,2018-02-22 22:09:01,2018-03-06,b39dde6dd619943190a8cc9aa6db38a4,2018-02-20
69be9dba6e0abc2941fc4b888d414fc5,12ebf7237cb92792a80d4d577e051f40,delivered,2018-08-04 18:44:30,2018-08-04 18:55:16,2018-08-06 14:57:00,2018-08-15 17:27:34,2018-09-03,670a3140c8ece3f8978ac5989dc8765f,2018-08-04
86f409689bcc6848577f53fcfa1154eb,7e3ab6709f035a498a17cb5a9e9e0b93,delivered,2018-04-29 17:29:45,2018-04-29 17:50:12,2018-04-30 14:14:00,2018-05-10 21:18:52,2018-05-21,e6cb7eb6004ab4a83eb100f264a35159,2018-04-29
65a56537a4b967ab349287b7c0229c07,831f008be56b77027cedf97fb3ee5d7f,delivered,2018-03-13 21:57:34,2018-03-13 22:10:58,2018-03-15 00:56:31,2018-03-23 23:13:02,2018-03-29,4205911ef6fb74c06c9eed690b79e89f,2018-03-13
8a531931fb00c5c35c96c51a58fe6746,3c0820f9424f2c2e5aa6846c93870913,delivered,2017-08-02 09:51:19,2017-08-02 15:25:14,2017-08-04 18:24:40,2017-08-08 16:48:09,2017-08-24,b58ccef3fd51ac00d14c04a95f05c306,2017-08-02
9aea5beb82a36ec0003d98ea8d832e2a,c84532a23821eab67bf2a2b7456d8809,delivered,2018-06-28 18:43:34,2018-06-28 18:55:13,2018-07-02 14:47:00,2018-07-03 19:36:29,2018-07-19,ff9c9330e86e300c18a03dcbccc09ee5,2018-06-28
6b08ff5328e55bd0396c0ffb9df586ca,2d1f279054680b8bf048f693f51841c7,delivered,2017-11-24 23:54:38,2017-11-25 02:33:13,2017-11-28 00:08:59,2017-12-19 22:44:46,2017-12-15,b9f1e76e684a889311467d29722e254e,2017-11-24
9418ab9676b7f5d9539c74b557c59284,adbaf853316ae66a289a06231c4e0a4a,delivered,2018-03-29 22:21:02,2018-03-29 22:30:16,2018-04-05 00:28:30,2018-04-30 11:46:50,2018-04-18,1e7586e6b00b3d601db2b79455119075,2018-03-29
7c333b73033a5b03379b9587a92685dd,4b833252f42e1ab9debe39b436f2222a,delivered,2017-11-26 10:53:16,2017-11-26 11:14:56,2017-11-29 22:21:06,2017-12-08 17:10:59,2017-12-22,97ab9ddfd685e215b635522cce6a3b21,2017-11-26
4e8c19bde0793e367a90575bb84cd956,80fce2f155c56d38186ae276a2280006,delivered,2018-01-09 22:34:47,2018-01-10 10:31:33,2018-01-12 14:52:43,2018-01-18 19:16:39,2018-02-01,a854d3a1f68d104777314631772349f4,2018-01-09
78af2a39c54cf8bac845324f86cf81f0,b2a6a6ad7cd201aee13e057cc1145abf,delivered,2017-04-01 10:44:29,2017-04-01 11:02:22,2017-04-03 16:37:28,2017-04-17 07:08:57,2017-04-26,0a6b7f0adaf1e1752925599e902a0713,2017-04-01
d832359622f08c2364e168e1f01cc6e6,cc4e05eb7d11adf9ff56a1c0bf9163da,delivered,2018-04-10 13:22:53,2018-04-11 05:50:19,2018-04-11 18:32:55,2018-04-17 16:58:07,2018-05-07,723bb0b930cf3b9d794234492c7a41e3,2018-04-10
9fcf3a22a927c64dc1d0c8744634bf09,5b84497394f880a07b93ac707f33287e,shipped,2018-04-04 16:52:40,2018-04-04 17:09:52,2018-04-05 20:42:37,,2018-05-04,b3ffb557ee8c20b650d5d8de016224b8,2018-04-04
3964dc324e444bf9bcacb9753dc502df,09c873413276346d1cbfb566ad323fe5,delivered,2018-01-09 16:56:28,2018-01-09 17:08:50,2018-01-11 23:29:05,2018-01-23 22:40:30,2018-02-06,8ef0b77c8d0915a9288ef6ba53382ecf,2018-01-09
02c8bbea821df770f3665094a0ecfc1c,9886df160a00026b2dd8aa8eb64a2f16,delivered,2017-10-01 12:32:04,2017-10-03 04:07:39,2017-10-04 19:34:13,2017-10-09 15:59:19,2017-10-24,a684d81ebd52f93260b617b15dc0ddc0,2017-10-01
da623e7139d6c03919f9e5bac910bbd3,1d9d8fdfda9ee5c0fbbc6b93e2ceca65,delivered,2018-08-17 08:30:51,2018-08-18 02:49:48,2018-08-20 13:49:00,2018-08-21 18:12:52,2018-08-22,cb382a3e0fbce8a1d31e86f807314dc8,2018-08-17
262509218257310f675994ae58ffbfa9,68e329cc0fcc7bfecb38e17414ea4f4b,delivered,2017-05-24 17:19:22,2017-05-25 03:02:34,2017-05-26 08:42:47,2017-06-12 17:54:53,2017-07-05,377860a7242c2e503c926b76ab6e0a65,2017-05-24
b92a9a9fbd2f4a946db856d466ef4e5a,36383547774f6c708d599bfe34f76a45,delivered,2017-06-25 11:57:31,2017-06-25 12:05:41,2017-06-30 10:56:04,2017-07-03 13:12:27,2017-07-26,e45b0c7dd75287df589a26fdb7c2fcaf,2017-06-25
7da6a06739b42989ec5e12d459d84b18,c21ca529ca691d2ddfc78ac5237e1fb5,delivered,2017-12-21 13:18:41,2017-12-22 02:51:09,2017-12-22 23:07:47,2017-12-26 19:38:59,2018-01-19,572d469ed96ef1da8ac5f4dd971630b5,2017-12-21
989196f56241e43b0bf10162011e6b30,261ead6b609a42124905dfe9786dc1a6,delivered,2018-03-30 16:09:26,2018-03-30 16:27:07,2018-04-03 14:48:31,2018-04-12 01:11:52,2018-04-25,3554b1397b5ea1f3651784707dc3a3da,2018-03-30
fc1b9b5cbc32d283b6b7a023d0017d10,6e1f23d2506e1b305b1a730a046329a0,delivered,2017-08-30 20:10:10,2017-09-01 02:30:15,2017-09-01 17:59:57,2017-09-12 18:07:40,2017-09-18,77d9467ee197c820552759b1d53a1f20,2017-08-30
3c42504a29a2c13b4251142c0405cec1,1c5f5ef87108770d7ffea1d7b0c353e2,delivered,2017-04-24 21:17:45,2017-04-24 21:30:19,2017-04-27 06:06:42,2017-05-09 12:08:17,2017-05-25,9d84314b106db001197713e2ebb8b253,2017-04-24
61fbef83f544ba8f4a72cc7809d44628,b8aac82a5c0548d9dd203a339f469069,delivered,2018-05-08 23:37:53,2018-05-08 23:52:03,2018-05-09 10:13:00,2018-05-16 21:35:28,2018-05-23,eaab462d4876467252e6711600551f09,2018-05-08
127c7c3952c417b3957fee6db67a1a8b,e81e34aceb609cbe25cd97313f7c35b6,delivered,2017-12-14 08:29:30,2017-12-14 08:36:30,2017-12-19 19:30:08,2018-01-04 20:09:56,2018-01-17,f1ca76c15cc02929d6247083a882ecd3,2017-12-14
dc8211dc85eb0da6c9f3155218cb4113,a45c8003661d14234bcd6d507b144067,delivered,2017-06-09 18:30:56,2017-06-09 19:42:32,2017-06-12 08:41:54,2017-06-13 12:23:37,2017-06-23,971ba0fbba6d5c558ccec870cf0de5a5,2017-06-09
b79c105a20e7d6c5354e50f16dc2baec,bfbd8bf2ed9bdd9618a433e73942cecd,delivered,2018-07-31 10:32:14,2018-07-31 11:04:38,2018-08-01 08:29:00,2018-08-10 14:31:24,2018-08-21,b1d959f858f4289c52deae8b410debae,2018-07-31
fdbaa530778c33afe4b7762457bd8204,0a56a72b7f2f8082430eba1ed29814cf,delivered,2017-11-21 15:37:38,2017-11-21 15:48:21,2017-11-22 23:48:50,2017-12-04 18:03:46,2017-12-12,3ee9e64ba69b67a038f3c0a28a3c784a,2017-11-21
6445a8b97a5e66d5c72eec0cb6650141,dfdababa38004b4e6620ddee41475c0a,delivered,2018-07-03 16:15:05,2018-07-05 16:32:46,2018-07-04 15:11:00,2018-07-10 16:32:10,2018-08-01,e9cadaf50768c88af6840126cfb4dc50,2018-07-03
7f816e4b356f543be68cf6c0fbda9d62,ff87e254d164dee48c4db2b4ec462684,delivered,2017-11-16 12:15:20,2017-11-16 12:31:40,2017-11-16 19:33:08,2017-11-21 13:19:03,2017-12-04,558cb7d841f132be98d632d22e6bde5f,2017-11-16
c0b6014ad171bec4bcab3532b8b79e2d,3dcf34bd872a344edc8884f373459a4c,delivered,2018-01-28 13:52:09,2018-01-28 14:09:22,2018-01-31 01:04:08,2018-02-20 23:48:30,2018-03-06,1458a142f09fd705240e8a4520c5a42b,2018-01-28
71e99de0514a59f2e5ac80e89773802a,de4f2f705b9a9b3ebaa3ad349020b52f,delivered,2018-06-12 23:57:28,2018-06-13 01:31:58,2018-06-13 09:53:00,2018-06-18 23:12:37,2018-07-03,1ca3278dd5d709d9daa7f6c0536f094a,2018-06-12
2745579b0446d51b9aa8263485dbeb1d,f95a14235deba625620b7032c18df530,delivered,2017-05-16 14:59:10,2017-05-16 15:15:18,2017-05-19 14:49:09,2017-05-26 09:55:51,2017-06-16,091d7f5b87a837d9b5790109b63ff1ac,2017-05-16
1960190ca65fb64227cf890a91874094,f620701a6e9f1096468511e9c2406a67,delivered,2018-08-03 16:32:19,2018-08-03 16:45:25,2018-08-06 13:32:00,2018-08-08 20:58:46,2018-08-09,45f95ec2f14442de49d9580396597ee9,2018-08-03
177a359958777d9b5cebb4257016c35c,6326db5a7fa1bed7b29c5a8c08a3d4c9,delivered,2018-05-30 23:33:44,2018-05-30 23:50:12,2018-06-01 06:42:00,2018-06-06 21:07:03,2018-07-11,6a7771fe38afc6a2f6604d19431287ed,2018-05-30
f080eea3284143410083852a499aa1ca,850991cc1b670e3b24ed10a908808c72,delivered,2018-07-05 08:28:40,2018-07-06 03:11:21,2018-07-06 11:12:00,2018-07-13 21:34:35,2018-07-26,33f47cbd30fc06d805e341e6731de6a6,2018-07-05
ce5586df181549ebde007969801906c8,581bcf4a0d5820aef9c546bbcd74f276,delivered,2017-10-31 09:03:33,2017-11-01 03:26:25,2017-11-03 21:54:32,2017-11-07 23:49:38,2017-11-08,58e939e3866e12a912ff87a8d98ec105,2017-10-31
14553c5a05f6fbb58004b68bb6ec6ab5,960a328510e2d7e8f79071ccc5cae56f,delivered,2018-01-06 20:17:37,2018-01-06 20:26:51,2018-01-09 17:06:56,2018-01-25 02:06:06,2018-02-02,bd0fe98c1a0f09923e42f1619b5d15f9,2018-01-06
4eb56038347ee86edd66fb4f2abb0aa5,e4cc1e7dfd86a43889911abfe12481e8,delivered,2018-02-19 08:15:50,2018-02-19 08:30:32,2018-02-19 18:18:29,2018-03-26 21:21:55,2018-03-13,cd9cf02bb9241880ddd8f00844dd016c,2018-02-19
224a2924f75dd381b65e75fa1e9b98d4,b50cf34d15cd5de88e1e6824aec32426,delivered,2017-11-29 18:04:39,2017-12-01 11:31:18,2017-12-01 17:32:55,2017-12-14 20:24:54,2017-12-20,f445d4f7f598aaee8f1869d277541e30,2017-11-29
c719df673fd4a8bbb45e7ecc78269d89,9120bcceccdef79e911df9957ab9c4bb,delivered,2018-01-23 23:43:19,2018-01-24 00:34:55,2018-01-24 20:36:44,2018-02-05 23:28:37,2018-02-20,5ca3b8a519061fd9466f8a425254231b,2018-01-23
7500d5a4909cd75ba164ec4d1fdfc3fc,c767ed260a0d5e6ed16542c0cbed4dcf,delivered,2017-08-11 21:22:58,2017-08-11 21:55:22,2017-08-15 19:13:44,2017-08-25 18:15:06,2017-09-11,b0bc64aafc95e8aed70fd7788bd45193,2017-08-11
2e0f7f4c596ba8da4bd2be65336fec1b,d8e3ec6f72c06bf9757ff9020f739ec8,delivered,2018-04-18 18:31:01,2018-04-18 18:50:18,2018-04-19 18:47:32,2018-05-03 19:12:59,2018-05-22,37d6e14300767ff74594dfe5708ba6d2,2018-04-18
1decf741e38f6bb92236968ffff3b2dc,764aae7da5503356d7ee0f4a4769080c,canceled,2017-07-21 12:54:47,2017-07-21 13:05:19,,,2017-08-03,387ad0eaf2f2ce4c34229a5045e1e8ff,2017-07-21
89b343512f0ecef64745c4e3bf856efc,c5769199abb4d536e765df7984462910,delivered,2018-01-21 18:12:07,2018-01-22 13:56:21,2018-01-24 13:39:11,2018-01-26 16:09:49,2018-02-06,011620d7c45f4d1599c68b2f19e4b73e,2018-01-21
9ff8d80b8ab2c8a80a16ba4ed7fee203,33c7ab37ec1d522359e98d00e420a5b9,delivered,2018-06-03 13:23:46,2018-06-03 13:35:20,2018-06-06 06:08:00,2018-06-07 22:48:28,2018-06-29,4f0ddec47362ca80198d3280455302b7,2018-06-03
85669fb33dd055759b02aceef5413b3e,563b09b4665ec9992a410c115bb0e95d,delivered,2018-08-14 18:42:19,2018-08-16 03:15:16,2018-08-17 13:57:00,2018-08-20 18:52:37,2018-08-24,e4254cecb617103766e3384c7d203e2b,2018-08-14
b3d4cff6b35e7ced1c558ace1968f06e,2f4c908cc556f016966594bab640fdc9,delivered,2017-11-25 16:10:03,2017-11-28 03:33:29,2017-11-29 20:28:28,2017-12-07 17:52:04,2017-12-19,9c84b59754a048e11a1412c052ede115,2017-11-25
df72ecb8ddf6db1e392ca1f148fb8f9c,9126139ff377800a3a1f52b4cc503046,delivered,2017-07-24 22:22:09,2017-07-26 02:16:12,2017-07-26 23:05:25,2017-07-31 18:45:36,2017-08-15,094bc08bce9028f2a21e6ca988c88738,2017-07-24
d3cc9985b382ccfd773563453d506359,68473fcfb93723e5c2cdb27a2061eb00,delivered,2017-03-30 17:45:59,2017-03-30 18:02:16,2017-03-31 12:26:55,2017-04-22 07:06:34,2017-04-28,1a35fbeaf18de4041e23125872a04b6e,2017-03-30
d85dd7b0f1c5839ad5b3cde77f196e53,57963369ce5c1c7b0b1fe618588de83d,delivered,2017-03-24 10:08:36,2017-03-24 10:23:19,2017-03-28 13:08:14,2017-03-30 18:48:54,2017-04-18,1b765716e166ca699d20c4adc8bb0f7c,2017-03-24
5fa37b0775f5467f987580b059bce54a,8e6e4cf2ce41cda407074b416f893269,delivered,2017-08-30 12:47:57,2017-08-31 13:45:34,2017-09-01 20:07:42,2017-09-10 15:33:18,2017-09-27,7b7a886f0445009847efbd1fac86c093,2017-08-30
e93e73ed1cca61b5ac973e9cf1e8b2de,562cc394f31d218035fccb7d2aa8d0dd,delivered,2018-02-15 00:30:30,2018-02-16 07:50:50,2018-02-21 20:39:02,2018-02-22 20:54:08,2018-03-02,2b67c0451900431bdf0e64019be7bf05,2018-02-15
8c0cf4e06747b0264127ced0718f8fe2,be60de3949d43cd1799c3567eb6452b0,delivered,2018-06-04 12:22:27,2018-06-05 14:31:50,2018-06-06 07:46:00,2018-06-07 13:13:24,2018-06-28,f497dd3ee9e4ef33b42acd82713e4bf3,2018-06-04
394f1f9eb241c99e0090bc9f19e5ccc7,8e69913c447da381483a66e6c612b0d6,delivered,2017-10-24 14:49:38,2017-10-26 02:57:16,2017-10-26 20:19:04,2017-11-08 16:09:10,2017-11-10,c1ecebb0f681fea9c89b1c02390adc91,2017-10-24
5af38cdf3451e948f042e40336b0082e,4221add5278262a337af11aa0ce3bec1,delivered,2017-06-23 08:45:22,2017-06-24 02:31:21,2017-06-28 13:17:43,2017-06-29 13:13:51,2017-07-06,81b133c3f4e30a14a6585a2f20ff150f,2017-06-23
71fa5212055ef88adbd05cf0391a9a90,28fb48735e43a9b9dcc1aa088566a388,delivered,2018-05-01 15:53:37,2018-05-01 16:14:48,2018-05-02 14:47:00,2018-05-08 21:08:37,2018-06-04,0a0cc8f1e97968abd98f83a66b3ffcf7,2018-05-01
e02aa5434b7b4336b260b5f8c7202d55,5d657fd206930955673a89aa0a0a54e3,delivered,2017-09-26 16:49:40,2017-09-26 17:04:38,2017-09-27 20:53:14,2017-10-04 21:37:36,2017-10-23,d0a9e092ecac49814c5ab1c16e5c8c31,2017-09-26
efa184072cccb644c132d6e14a29bac3,6f871c46ee705cbcd7e7a24a97db6c95,delivered,2018-04-07 17:46:46,2018-04-07 18:08:22,2018-04-09 19:56:33,2018-04-11 05:21:52,2018-04-25,6d63baa010a3cc40160c265a6338464e,2018-04-07
a42c28ee1f328251e9e8ae60f7963571,6539aa9c6e57c945c4c2c0773b68e939,delivered,2017-11-26 21:41:38,2017-11-26 21:54:20,2017-12-05 21:32:11,2017-12-21 20:28:39,2017-12-22,c23d08ad321b067575a59d384c9c1a24,2017-11-26
cb668af8e8de760052440b117748f7e6,58825d0631a6ef87590049d67b0a1ad1,delivered,2018-07-18 17:44:28,2018-07-19 02:55:31,2018-07-19 18:04:00,2018-07-26 23:12:35,2018-08-08,17eb2dcf3b6c44be06f2212d1cb555cc,2018-07-18
b539f51f7cf6a9c1a871d2bb898cdd27,590e0ece7d320dac89d029c8b3b9f23a,delivered,2018-08-16 17:56:44,2018-08-16 18:10:29,2018-08-17 14:20:00,2018-08-22 13:34:45,2018-08-31,2c2ccd48722aa6843d258a9f16f012a9,2018-08-16
cf3a11ded6899d6b589a1e4a4a4308c0,69ad55d4bfffc89d50f84aa4e3648d5e,delivered,2018-03-06 19:35:08,2018-03-07 20:55:53,2018-03-08 19:07:45,2018-03-28 23:58:48,2018-03-29,8ea8b926af8086a391b130944d230549,2018-03-06
309a6726656b1ace9925bb760fc46b81,7d2ce17487f8378b620234f629e9f5d5,delivered,2017-09-03 22:14:32,2017-09-03 22:25:09,2017-09-04 16:57:13,2017-09-13 19:46:18,2017-09-26,cc65d08fa1d799911f5237365ce38bcb,2017-09-03
0c489872e351bedd37f08d3d940806d3,249a282dec8f999f2d4180923c165803,delivered,2017-05-28 20:55:02,2017-05-28 21:05:14,2017-05-29 09:51:59,2017-05-31 07:03:58,2017-06-26,cfb93852d2c981a6d5f6638fabe1aa4e,2017-05-28
d7140ab4028807186f9b84fe9f875506,75c7e533b70bdd3e6e2918d65326a2d6,delivered,2018-08-10 15:07:51,2018-08-11 04:35:08,2018-08-14 15:59:00,2018-08-20 22:08:45,2018-08-23,1ed627696a9557c23de62bcecdfa54c8,2018-08-10
de42a8e111d0e1b06aa129d163313053,375cbd7523ce85e60375cb07a0dabc63,delivered,2017-10-15 18:20:05,2017-10-15 18:35:15,2017-10-18 18:19:05,2017-10-27 17:31:41,2017-11-03,1b9c1eef78928e589cc148c3085da9cd,2017-10-15
91221cc19d300027fb983ac56b96e133,abbf2fa49ccfaa5f8dc7e309d3d7a767,delivered,2017-05-28 10:52:00,2017-05-28 11:05:12,2017-05-29 09:39:58,2017-05-31 07:45:55,2017-06-09,272f7dfe5a6714f61a473c8d2f2862f1,2017-05-28
df2b5e7523f6848076e498618e1a00d6,16228502cd87d64e4d7561b8c62bf657,delivered,2017-11-24 15:29:38,2017-11-28 03:21:13,2017-11-30 01:28:39,2017-12-11 22:07:01,2017-12-08,65fcbdbc7a49aa2464ace43850e11d6e,2017-11-24
018778568fad26695334c784563c08d4,223961a1714e148c0c249487eeac351c,delivered,2017-10-15 13:21:57,2017-10-15 13:35:20,2017-10-16 19:07:32,2017-10-24 19:33:55,2017-11-03,2fb0af35a7ae96cdc1f65637d0601c7d,2017-10-15
867f74e7d9350af5b0a100bb329fe38e,70c1a561e4290f2d1551c8a9f5804d4e,delivered,2018-02-13 18:18:09,2018-02-15 03:55:37,2018-02-16 17:45:54,2018-02-19 19:49:19,2018-03-01,88f21f18f1c3152b023a22a0f42bdab3,2018-02-13
9d42a1c81eb3b04c83752029d1bb93fe,db1383e3c3c58475adf2651e6cfa58f7,delivered,2017-11-08 18:27:39,2017-11-08 18:47:23,2017-11-10 14:51:48,2017-11-22 13:20:27,2017-12-01,24a366843796b68f1fc06adc4bc28b06,2017-11-08
557a4667291301e8bf807fca57f21d3e,00be672c9d26099d6fd918cf76a4ef67,delivered,2017-08-14 08:35:37,2017-08-14 08:50:15,2017-08-15 20:03:57,2017-08-24 19:10:09,2017-09-08,6dfec7f36b7045b17ff80348337f75dc,2017-08-14
6ed988b479adccb2a1d82e903713e1b4,8cc82cbc81afbff3870cb9c691ef8a46,delivered,2018-03-13 15:43:40,2018-03-15 03:31:34,2018-03-15 20:32:31,2018-03-27 02:28:34,2018-04-03,85c59586a578a6fd26e78bdd897e37dd,2018-03-13
4f78cf9df18b4661ea0096c43db9f402,370b23162b4b1ad3368af5d91a9ec443,delivered,2017-05-12 11:38:07,2017-05-13 02:55:18,2017-05-18 16:29:38,2017-06-02 17:29:54,2017-06-19,41f0f87e7ced16f39c602164b66f3fbd,2017-05-12
263a9500469f59675e1b68ea13bc8b2a,62a7a460fd87aa9e89758b60db626a9d,delivered,2017-10-10 10:33:56,2017-10-11 03:14:44,2017-10-16 18:11:52,2017-10-21 13:48:46,2017-10-27,a40a29cb7943701894d72cb2f40d94de,2017-10-10
b8297ee8722ce94cc9a2e9263124cd36,7c852d7bbf1b4c00b69926f3b380e288,delivered,2017-01-18 00:31:51,2017-01-18 00:45:47,2017-01-18 10:32:15,2017-01-30 11:51:53,2017-03-02,65ab3020e6a929e4e9a4b61e643da832,2017-01-18
444f0e1730bea305c2101a19267fb7b7,4c7d77d15225118f3b463fc1f3a60d8d,delivered,2017-09-12 14:20:45,2017-09-12 14:30:36,2017-09-13 15:25:14,2017-09-15 16:13:05,2017-10-03,5f84a045b6862c4798bafb67610258d8,2017-09-12
871cb88e21c599f2a50199bd6515e8f9,8acb0bd584130ff9d0ce34868ac90173,delivered,2017-06-02 15:53:41,2017-06-03 06:42:59,2017-06-09 15:37:40,2017-06-21 18:24:35,2017-07-07,924108dbd47c4403acf5fb188253cb7f,2017-06-02
552dee1afe356f3a07f118a9d0741b53,bc5d41700c3a57b743db4fb88939dd9c,delivered,2018-05-08 09:53:12,2018-05-08 10:15:44,2018-05-09 07:57:00,2018-05-17 17:04:54,2018-05-29,231d36f5c4b238c26f449ffd98c79180,2018-05-08
00324b3eda39ba5ecce3945823e3594c,cbde8134b8a718381d08167dfc58ec8c,delivered,2018-04-10 01:14:18,2018-04-11 09:12:11,2018-04-16 19:30:42,2018-05-03 20:29:24,2018-04-30,137b3b977306da3cbeb1b552378f08e2,2018-04-10
bff2299c68d30f0c95671ff860e1c4f3,9b1258af23d35d3f7e88782312e388a8,delivered,2018-08-20 18:43:09,2018-08-20 18:55:16,2018-08-21 14:23:00,2018-08-24 15:41:48,2018-09-05,b500f2a821557b8ecee0ff0938fe54a4,2018-08-20
809e0909a53d03c3c8a6a193b66796c4,97bb734166c2167ab5d8beaf637817f9,delivered,2018-04-02 13:57:29,2018-04-04 03:29:35,2018-04-07 01:16:46,2018-04-24 00:18:52,2018-04-23,73f0c67497ab69da9073b79e06f9c35e,2018-04-02
1e2d70a35f238a2f454d8def1d883d8b,d3af44d4335d69eaf1c19eb82c832c4a,shipped,2018-02-20 19:51:14,2018-02-20 20:07:18,2018-02-21 22:53:54,,2018-03-21,a5cc20f8c753445e3f1a767d34ba688e,2018-02-20
1be26189c5971cf28b268e3ab43b3a6f,78bbba21dbf4a430cb4fc163623e81c1,delivered,2017-07-14 18:42:05,2017-07-14 18:50:20,2017-07-17 17:06:14,2017-07-21 21:23:23,2017-08-07,e04cb8163224e38b54592b3cd53bb0f0,2017-07-14
91a0d7adb3b93c79268628e82ae33c2d,2bda95038c0058677a245e169b1da7d5,delivered,2017-08-16 15:17:00,2017-08-17 02:50:13,2017-08-17 14:03:35,2017-08-19 15:27:33,2017-09-05,58250e18e912b5acd1df132cc23118b0,2017-08-16
69294a1f2dbe29a54c3a9c2421831d14,ed2477fdffb22d49fd5485a80041ed09,delivered,2018-08-03 09:10:20,2018-08-03 09:25:10,2018-08-03 13:21:00,2018-08-08 16:48:25,2018-08-13,67a4c5e74e51364ed94b1822508c2e7f,2018-08-03
f7b67c9f24f5c2da0dad8c1de5e29e40,721801ae7308ac324e9e9d44b61221a1,delivered,2017-10-06 22:06:52,2017-10-06 22:24:18,2017-10-20 17:22:13,2017-10-24 22:26:12,2017-11-09,bb90af9da5a34f2cd7a4f247812c26a5,2017-10-06
1dca8b6025f7b613456a828b3e273900,c6a1315d56070632d475fbca270ab0d1,delivered,2017-07-06 15:46:31,2017-07-08 03:30:26,2017-07-10 21:05:14,2017-07-17 16:47:22,2017-07-28,a2be6ccee5a5962b4fc88a8e27fb29b7,2017-07-06
2db2dc20484db2974294a7ef21cc66c8,c79aa808ed234be97e83b033ca5789f6,delivered,2017-04-26 15:05:22,2017-04-26 15:15:20,2017-05-15 11:28:35,2017-05-24 16:03:55,2017-05-30,16b11e0dc4569ae4199aa08ce4180652,2017-04-26
a5c92ed5822736c294fa82e58e18fcc5,54acd3c8fe76a1805d6fe6d9a326f203,delivered,2017-06-09 09:55:08,2017-06-09 10:05:21,2017-06-14 13:37:08,2017-06-22 16:10:42,2017-07-14,48edb3184727c93784fe9697379fd4b0,2017-06-09
dbd30a7576c4b37b30dec899b4f0b174,0fa5d90d4ea93728f18d914fdcb288df,delivered,2018-03-14 09:57:45,2018-03-14 10:40:22,2018-03-14 20:32:31,2018-03-23 00:56:44,2018-04-02,221cdba9da121d5fd252b5f1f96d9d38,2018-03-14
871ea4c791e2d977d094700806eef385,eeed3fa6671024bfde19e218cfc0a263,delivered,2018-02-21 21:33:45,2018-02-21 21:55:35,2018-02-28 23:37:23,2018-03-27 22:32:12,2018-03-20,9abba9caa203cd4344b8c918d6ade26e,2018-02-21
189ae4e1cde214b94b2311aec85f39e3,76f98e55dbdd809ce6f7f68e1d946ba3,delivered,2017-07-09 12:56:06,2017-07-09 13:05:15,2017-07-10 12:27:52,2017-07-28 19:55:41,2017-08-17,a82ffc2cd611677eb7c46a66b59e3c53,2017-07-09
c614a7bb512bf1ddf2571743587c8cad,52600f42138586a44b2541c6eaff306d,delivered,2018-01-16 10:09:03,2018-01-16 10:19:46,2018-01-17 16:37:14,2018-01-23 19:39:16,2018-02-16,c58ee5cc5e6e9ba3d2f00d59b7e73f05,2018-01-16
e599e00118212fd3f10f88ef85587204,01311fef2cb7553344ac33c95e196db1,delivered,2018-01-24 20:58:39,2018-01-24 21:18:14,2018-01-29 11:04:47,2018-02-03 01:20:19,2018-02-20,d49e0879143741c88dcef7eaee470554,2018-01-24
cba6625a547cd5ad8a968733b3e23d8d,3cf092136e989db3a73751c5de94d633,delivered,2017-11-02 21:14:31,2017-11-03 21:31:22,2017-11-06 21:51:44,2017-11-10 15:08:45,2017-11-22,03f36811ed7689b1b01f4ebb1dd4f145,2017-11-02
2e8b2390e7734d4477db1b7e1fdc38d7,1f14a4ae05a973f75bf96287debb8d16,delivered,2017-09-13 08:54:00,2017-09-13 09:45:36,2017-09-13 20:47:45,2017-09-27 13:57:49,2017-10-10,3ad88d65208c4fd0b576746a07212062,2017-09-13
962de3970a49d41744c01c9bb4f7ae4d,433283269d791003e268520d901bf1bb,delivered,2018-01-04 12:26:07,2018-01-04 12:34:24,2018-01-05 17:35:22,2018-01-15 20:08:51,2018-02-02,d45fbbc9d2850b49e9531d3dba4f7028,2018-01-04
32ac00d8c91b3cc4ba82a3444927032d,4ebfa1271a03eea172f376b3549ea9a6,delivered,2018-08-19 15:52:52,2018-08-22 03:55:18,2018-08-24 11:37:00,2018-08-29 23:51:53,2018-09-12,bf37ea2c2f3930ad84f1fe42bde6e67e,2018-08-19
432d80d2aab5e167192912051828b7fc,a54a00bb6ed9d6da10607809516554d1,delivered,2017-03-28 15:36:43,2017-03-28 15:50:16,2017-03-29 10:40:24,2017-04-12 14:58:57,2017-04-19,1ea7480606f35969c5841241e8992a68,2017-03-28
9d69b407879a8be17ac523d1e4b1e4a3,b42ad79fa33a8834e5472727f935df1e,delivered,2017-09-19 12:03:02,2017-09-20 02:30:25,2017-09-21 19:19:01,2017-09-25 16:47:50,2017-10-02,374e691dbb76d69d922f33c59431bb5f,2017-09-19
976c01e78300a5b3acc01596aef7cca1,10b3e012bc771fc11a6e84b631efedce,delivered,2018-03-20 23:24:10,2018-03-20 23:35:31,2018-03-23 01:55:35,2018-03-24 18:51:23,2018-04-02,130abb21097997f53ead67a746000bf8,2018-03-20
711c9fae29537b2bf969076d2c0f422c,8000fc09440cd5334baf5bf5d5ebdcb3,delivered,2018-02-23 07:09:00,2018-02-23 07:27:59,2018-02-26 22:32:44,2018-03-05 16:10:11,2018-03-09,ba0ab76c09037361a6e18bf79a242f75,2018-02-23
1b3190b2dfa9d789e1f14c05b647a14a,d306426abe5fca15e54b645e4462dc7b,delivered,2018-02-23 14:57:35,2018-02-23 15:16:14,2018-02-26 18:49:07,2018-09-19 23:24:07,2018-03-15,eb21169c3153a2b507fc7e76d561ff14,2018-02-23
7846a3c8592b65e93f51e381db3742c9,0e7728da0deb73f150ac54bb55a2356e,delivered,2017-09-13 20:49:28,2017-09-13 21:04:29,2017-09-14 20:32:36,2017-09-19 15:33:25,2017-09-25,4e284eec447afc7c7d56adeda4bba178,2017-09-13
a3a24237e6382c1f409a6267f206a087,34f80b9244825343565349663a9f0439,delivered,2018-04-20 10:43:15,2018-04-20 10:55:14,2018-04-25 11:08:47,2018-05-08 22:40:34,2018-05-21,b9f7214499782466fc88f57d5c58d84d,2018-04-20
9fcd603ada60baefcd5ee37111b9d70c,456f257f39966a999921929415b5c40d,delivered,2018-06-12 18:50:04,2018-06-12 19:26:48,2018-06-13 12:00:00,2018-06-15 16:21:50,2018-06-29,a372dacd5e61de2962ab101f2cfb410b,2018-06-12
6df0e5a8b0965f06d2e1219c846e1ad8,25fd5d5e6a1ab3e25399c96c96ad49d2,delivered,2018-07-29 08:36:22,2018-07-29 08:50:08,2018-08-02 17:48:00,2018-08-07 16:38:51,2018-08-13,6ce8ed350919be94899fcab482036a90,2018-07-29
53d87cd7f6e019f2691e10d60fb10932,0bf7fba27a51200f1752bedc3fbd2628,delivered,2018-03-31 10:41:36,2018-03-31 10:50:12,2018-04-02 20:18:28,2018-04-12 19:22:19,2018-04-18,5f9460ae8f2c16bb9e57fcb504d93108,2018-03-31
6e0f64efb04a60cc8a5bff3e30663c02,2e64d9fef4e07d2526ad4c98534bff10,delivered,2018-01-30 13:48:42,2018-01-30 14:15:11,2018-01-31 23:59:08,2018-02-15 17:46:18,2018-02-21,0085139b503668b3addcfe826d91be8d,2018-01-30
1b27ec73386e488de66dde240800f5e3,a05e982271e4557a52a45b8bb5d7ecb1,delivered,2018-07-30 16:13:26,2018-07-30 19:31:44,2018-07-31 13:49:00,2018-08-09 17:22:41,2018-08-15,fc0b945963334380d64039b1e9cc6266,2018-07-30
ce6f24ccb16af897b7650022beead374,3052a181fab0411b6f3dc1863ec8ac69,delivered,2017-05-25 08:48:19,2017-05-25 09:02:15,2017-05-30 10:23:05,2017-06-08 09:14:47,2017-06-21,d1304197e77083b8db364bd1a8a14766,2017-05-25
a728a784b0cb1c9e387f984db61c0810,83ae29b6de185bd85da55f8f6dc453a6,delivered,2017-12-11 17:19:50,2017-12-11 17:32:28,2017-12-19 18:49:50,2017-12-26 20:41:48,2018-01-16,296e31d6574592ff8a2d5e5d34fa2395,2017-12-11
ba8fd3090bb649c9047a949d0dce6870,f056130aa873ce5f257683772009913f,delivered,2018-01-31 10:09:04,2018-01-31 14:06:54,2018-02-01 18:51:46,2018-02-14 19:49:46,2018-03-01,4c43b3b1f461cbefeda06a61e97a65a0,2018-01-31
4e6f08ecede05da4c4e9c73557db14db,033225f6250f5ebf765eb90c41cd9c35,delivered,2018-01-09 22:47:30,2018-01-10 10:31:55,2018-01-11 21:05:32,2018-01-25 13:59:03,2018-02-06,07b9a37d717b53a556e7c27669dfab57,2018-01-09
deb5a6674aeb101ea49db315cead70d8,0116b6f7b023ad7b078ead9dc8f68897,delivered,2018-03-05 21:01:24,2018-03-05 21:15:26,2018-03-07 22:06:57,2018-03-12 21:32:14,2018-03-21,c0bd980ed45dcbc2aa102ce56a1bddf0,2018-03-05
002c9def9c9b951b1bec6d50753c9891,06cf02bf583b05fd91bc8eec0f1b4c3f,delivered,2018-05-14 16:57:47,2018-05-15 17:37:51,2018-05-17 13:27:00,2018-05-18 14:37:38,2018-05-25,6bcc1cd0c7f8bffa6f67a6a1fbef5782,2018-05-14
ae4b3fa4cd849e5cc41f1faa613d28e2,b4568e9ecb25a2c573896db7c2f22a2c,delivered,2018-08-21 01:12:44,2018-08-21 01:29:42,2018-08-21 14:47:00,2018-08-23 14:17:55,2018-09-03,daf29cfdedbcfa2c8b143442fbb1d239,2018-08-21
aaff827d79b2aca52ee986179a052077,641ea55c1a9954a48b198146db68cad9,delivered,2017-11-30 08:57:44,2017-11-30 09:07:31,2017-12-05 01:08:29,2017-12-13 15:13:23,2018-01-03,68f412bbb674141ab49ef13b501baf45,2017-11-30
cef25f5315693af88f725bab86cd3835,137377880399a56956ffa7264abc42f9,delivered,2018-05-09 16:57:20,2018-05-09 17:15:19,2018-05-10 10:24:00,2018-05-21 22:25:40,2018-06-01,2ac352a6f5f4ca13ac93fdedf7d6dbd7,2018-05-09
bcf08b2325d8298e5cdc24a38d460836,c14664a33045c6e540862e871ad7a3e4,shipped,2017-05-31 22:14:55,2017-05-31 22:30:09,2017-06-01 07:45:47,,2017-06-26,a9f0c04e4da3ad353bd867df4020acd1,2017-05-31
3722900224c18ef2bfb634a635cdbc72,cee8bfa45827fcd2cfd0ad6a5fcdad95,delivered,2018-02-25 10:29:45,2018-02-25 10:48:00,2018-03-02 01:08:54,2018-04-04 13:26:45,2018-03-21,64d08a95f4cb29bee9c7517967e880a2,2018-02-25
cb1529a953c6df155505c4e2863b3b10,2b710f598151f86cea8be84007ac53e7,delivered,2018-04-04 17:15:58,2018-04-05 17:10:23,2018-04-07 00:48:52,2018-04-21 00:44:29,2018-05-10,a7de0c8480d07cef1e8f55f8c61f548f,2018-04-04
e175cbd518afe4a80b3f5f884ab05450,43c89a8bcc9125ff0d00fddc813d2671,delivered,2018-07-31 18:19:02,2018-08-02 05:15:16,2018-08-06 16:54:00,2018-08-14 17:36:35,2018-08-21,228730f0174f0b7f8e7b4500b0472d05,2018-07-31
bac11e328f49d36222401aa2252fa12e,d1b37210132031759f5a22c7ca8f29b9,delivered,2017-03-25 19:57:11,2017-03-25 20:10:16,2017-03-27 16:29:32,2017-04-03 20:59:46,2017-04-20,60899c17c11377c095fb7fe9097b5ef7,2017-03-25
f6089c47bab18faae3d90c64cfb08481,1521c5e9bf82979a6b8794e90692097d,delivered,2017-01-31 16:13:48,2017-01-31 16:25:20,2017-02-02 10:42:44,2017-02-09 15:51:55,2017-03-03,92b0705c6923fe44dd71b2b737687a7c,2017-01-31
e7b89f99a853abea7befdc9b1f9547e1,707aa8fd8ce6c3562a0ac2e3c98d18ad,delivered,2018-03-27 10:36:21,2018-03-27 10:47:58,2018-03-29 00:32:39,2018-04-06 20:36:29,2018-04-30,8aee0dda01c01da4f2cbcc2b94c75b00,2018-03-27
5fb669725665771911c8ecc187870553,6be3dedf61ef41f55430dc20f3d64899,delivered,2017-05-06 17:35:28,2017-05-06 17:45:15,2017-05-09 09:36:09,2017-05-16 09:04:34,2017-07-07,50ad9fb3ba7f8cf336529fe94a182996,2017-05-06
9ab0996e3fa56c0c453bdaa598164273,f19006ed3d463cfd63ff2566640b396b,delivered,2017-10-13 17:33:54,2017-10-17 03:49:26,2017-10-25 19:13:58,2018-01-04 23:54:26,2017-11-16,24b653396ed57d4e198675e6284fab94,2017-10-13
f3513eec8f1434b5b7e04ddf3598df40,132da540f9f59c2333c07b0f00d781f9,delivered,2018-07-19 00:41:35,2018-07-19 00:55:28,2018-07-26 07:18:00,2018-07-27 19:31:24,2018-08-06,6937b01fee2c290a613cf1725835c02c,2018-07-19
b6a4acd4de8a93e329ace89646cd7363,f2893ce78f13038682dca8286924f451,delivered,2018-04-09 16:34:14,2018-04-10 11:50:08,2018-04-13 00:57:34,2018-04-19 15:55:40,2018-05-02,a6da6871d76fe028e8fd6ce306b7b5fd,2018-04-09
9bbc9e86ec19f512983335c5af110810,e8ac9b27d2b90428825cedfe54b8c455,delivered,2018-02-26 13:28:53,2018-02-26 14:10:33,2018-02-27 23:48:54,2018-03-01 00:41:25,2018-03-12,ff0d4869d957ba46496a840133691be6,2018-02-26
f1a0e55a47be518c4c52510abb60bf22,76a097239e7753c934f06beb75c88b9b,delivered,2018-06-25 15:10:03,2018-06-26 05:37:27,2018-06-26 10:33:00,2018-06-27 17:22:00,2018-07-05,014f7e8caea3379aa3d30558424ca54f,2018-06-25
4763f7cb81583ad94cbe72d436026939,0d93527d9551032ab52843b5011b1073,delivered,2017-11-17 10:22:53,2017-11-18 10:30:30,2017-11-20 21:22:13,2017-12-05 10:47:37,2017-12-12,45be341279815c9a69647daf575d369a,2017-11-17
b5645b72f0e1b78b622c8a6a4cc06371,d849f901a7b414b1c55da5052501f168,delivered,2017-11-26 21:22:10,2017-11-26 21:33:17,2017-11-30 20:36:55,2017-12-20 22:28:13,2017-12-19,ffd973d43cadfa3e60340bcad8d87696,2017-11-26
89a4c233afc16481649ea535f2c9eeba,99c36402bbcd2ba978d7b513f4c6f98e,delivered,2018-03-30 10:00:58,2018-03-31 09:55:14,2018-04-02 19:20:55,2018-04-03 21:27:31,2018-04-18,d86370ec93f6b2a27d6b018b003dc004,2018-03-30
d6bbf266d73e58c2d60b4421d8d7a193,f5b4fe797bf417e8f22de510decbf3ab,delivered,2018-05-08 17:46:25,2018-05-09 04:14:21,2018-05-09 13:15:00,2018-05-16 18:33:07,2018-05-29,6e3b6d57d3e6ad68922e283f89b22290,2018-05-08
27e5ed2ecefbe0bcc9ae0c9b26b763c3,9962a28bb74e0754415433c3ddc14b2f,delivered,2017-08-30 06:22:58,2017-08-30 07:00:06,2017-08-30 20:43:45,2017-09-11 21:06:49,2017-09-26,46958f708ade6b6a88b2e5aca1e66de5,2017-08-30
5de59551c282b892ae9ff238fd557145,7543dc2c9f203502439305c8b2ea63bc,invoiced,2017-01-16 16:24:13,2017-01-16 17:31:50,,,2017-02-24,15033c3f1dddf5d996ffb71e2f31835b,2017-01-16
5db4ab74641ba05232ad09d752688f02,75a545a5f0690cd8a87bc8c0ca332916,delivered,2018-02-08 22:17:26,2018-02-08 22:30:20,2018-02-09 21:42:35,2018-02-21 23:09:46,2018-02-22,983ee313437d540a70970491b1552238,2018-02-08
f1227685cb32bc990c13a7c5df91005b,c9e3c1652de60db58877a8b77775ea4c,delivered,2018-04-26 09:48:57,2018-04-27 03:31:14,2018-04-30 06:21:00,2018-05-09 06:28:27,2018-05-29,3f33aca1d4958e32fdf3408ff6f98c13,2018-04-26
a3a7174a10bf6d3da7d4142311829ded,1ec32e0d50ac82caa37d03c65308cc50,delivered,2018-03-19 13:02:51,2018-03-21 16:15:27,2018-03-22 19:21:30,2018-04-20 21:52:46,2018-04-25,95caa4f8ff87bb9ab5122b519872c05f,2018-03-19
ac3c62295b2d88214642ed7f7114d468,dc850d9e9369c7304c3a5d5111276419,delivered,2018-02-14 11:08:40,2018-02-14 11:28:17,2018-02-15 15:47:14,2018-02-24 00:08:33,2018-03-09,7a5a23b53277ee5e9d10a9d4b6a3b462,2018-02-14
69d68d6cabed593e526a561a94d76d23,0a3e4f7efaf1befc4a84e1adcd9b70f5,delivered,2018-03-26 16:47:13,2018-03-26 16:55:36,2018-04-03 13:03:42,2018-04-19 16:38:37,2018-04-25,273d136f7121c493a5c994c4838fa350,2018-03-26
f50852b20857fd7ff56126315745e45a,ec5f9c9dd3ff056f05411979267887a5,delivered,2018-04-29 17:40:51,2018-04-29 17:50:20,2018-04-30 14:23:00,2018-05-07 12:08:29,2018-05-15,640ac18151727c99757e30b92253dbc0,2018-04-29
3a1f0844864136aa18f6710238f40e6e,a3e97fa8c85bb70ec9b30785c7116682,delivered,2018-06-19 09:54:54,2018-06-19 10:15:41,2018-06-25 09:08:00,2018-06-26 17:04:39,2018-07-04,860f75391be5698f015d3b234e7576d6,2018-06-19
6312fe819ee5e06c67b72c308c97ae91,7c4cd69b5fb88ae038d4ad34a4c7af92,delivered,2017-06-14 10:18:36,2017-06-14 12:15:33,2017-06-21 09:58:09,2017-06-30 13:29:46,2017-07-07,f4254a4ac10c4b1b1a19d349266eacd1,2017-06-14
5496024a18a1ac96915a8a9c7ab37dbb,86ee6da3ce109f39bcc5720d099def3e,delivered,2017-06-30 16:13:27,2017-07-01 05:03:54,2017-07-03 13:11:42,2017-07-21 10:55:55,2017-08-03,a4ef152fb11bbf554f033ec7e626da60,2017-06-30
aa1bfc82ae55abe42cc7e85eefb1c994,9602f15c5b6b91e4332690c88fc5ea58,delivered,2017-12-14 15:47:49,2017-12-15 02:17:24,2017-12-18 21:07:10,2018-01-04 20:52:07,2018-01-16,bc274d801b36d33d20a9674a02976600,2017-12-14
c270fc5fb7d62ae87e5b2907ed6f2d02,12d8d1ce80efee080b1b4d7c1555154e,delivered,2017-07-31 19:33:31,2017-07-31 19:50:13,2017-08-01 13:05:59,2017-08-04 21:12:28,2017-08-16,0336355ea1caa4b3fc672b70fdf9ef3f,2017-07-31
fa21f82ef6bb86d2dbc878354e1df49d,1ab90907dc3f013608c6d1d2b312a1d9,delivered,2018-04-24 20:36:45,2018-04-26 03:55:20,2018-04-26 13:51:00,2018-05-04 17:53:01,2018-05-22,50cae0a9e42137667f8b7c8f6f17ca7d,2018-04-24
92ee9f5b7c6f6a37199a8efa52e98c21,eb89a8809ec0b2b9e8df416d7248951f,delivered,2017-11-25 20:07:04,2017-11-25 20:18:29,2017-12-05 01:52:00,2018-01-05 17:32:41,2017-12-20,91656b358874f3da53ecbdb7ea73b9c9,2017-11-25
6d234dea658ce0c00f91e931cb11f93c,ce80c46eb733623b83a7458b918ca30c,delivered,2017-01-15 15:52:04,2017-01-17 03:10:11,2017-01-17 15:10:16,2017-01-26 12:45:50,2017-02-24,48aac093ce4d05afcd577ef894f27dfe,2017-01-15
f0c6a0e0bfda2071399b8cf2debeec5e,aa1b97330d826b205aa0814a87799607,delivered,2017-08-30 18:19:22,2017-08-30 18:30:25,2017-09-01 20:21:15,2017-09-08 19:49:37,2017-09-18,afc3b9718292d80bda6179ab4ac09f0f,2017-08-30
526727d3eceb0478770ba8f8497f2037,ead1c51d9b4e7a887ee858e2649e4a13,delivered,2018-02-20 10:59:49,2018-02-21 06:07:08,2018-02-22 00:33:05,2018-02-27 16:19:10,2018-03-15,726af76b08576225cf9585a3f6fdb2c3,2018-02-20
8c3d2c3e7e08f8c80f9df48b70ef5d90,16c2faba7cd51b4d08e6ae4bf0519bb4,delivered,2017-11-29 13:26:05,2017-11-29 13:37:17,2017-11-29 21:45:42,2017-12-22 21:19:08,2017-12-19,85b170d8b8e542e8b8c221df3bacd0a0,2017-11-29
5b9e9502eca103a28ea22a94c65e3950,2ca74d2c5cfa0271fc22ec1e18262f83,delivered,2018-08-06 09:37:50,2018-08-06 09:50:26,2018-08-06 14:17:00,2018-08-27 18:55:45,2018-08-20,4dfe2064941a7630609ca9f76a7ef236,2018-08-06
e985dab0862fa067f40e4c0d54a7405f,384d79f1020310fdeecaf440abd4f0ca,delivered,2017-03-18 17:27:44,2017-03-18 17:27:44,2017-03-24 17:32:53,2017-03-27 14:06:48,2017-04-17,f344bbe36d883d47e6d26ff9161e2dd1,2017-03-18
fa2f3e66fa5ba473c46b0329d4e5773f,fe5b0bd5dd8f0e4258e49860f41afb30,delivered,2017-09-28 23:47:04,2017-09-30 02:24:46,2017-10-03 17:20:17,2017-10-07 14:55:13,2017-10-23,2e4bd6186f3be0240f647d0cab2f8ae0,2017-09-28
a1e339ab5b57754551c63176e6d98528,d3878d302b1f3a54da025c3c593c48cc,delivered,2018-04-16 19:03:42,2018-04-17 17:55:21,2018-04-18 19:38:25,2018-04-20 20:07:37,2018-05-09,2f2192bae640c8202bf658d11a66a9c8,2018-04-16
7e1fd738713d62b9990ced922d2dff77,d13c56e89c552769083af66262d93f1d,delivered,2018-04-08 20:31:51,2018-04-08 20:50:05,2018-04-09 18:55:30,2018-04-19 19:29:28,2018-05-02,dfa9a6263db1d92836c6bb92d1158f5c,2018-04-08
b9959849df990d9d16667ecf7c9a862f,306e7c7c95b0e0a2d2c221fada96e6cc,delivered,2018-06-02 12:51:29,2018-06-02 13:10:11,2018-06-04 13:58:00,2018-06-08 15:32:13,2018-07-11,e6720a28057c2e7ab8028be970af2f82,2018-06-02
00254baeb6c932b0a8aeead91fbd02b5,ce0421a97232c2a1194cdb66cd3ebb9d,delivered,2018-05-08 21:45:54,2018-05-08 22:14:46,2018-05-09 13:51:00,2018-05-30 19:38:36,2018-06-05,f99edeaa8a00f9866fd8fce5a0b83d4f,2018-05-08
8056f3074c90b0bec67d3d71a204562c,8a89e4273435c16dd1d56d19e7670520,delivered,2018-02-23 16:23:54,2018-02-24 02:50:47,2018-02-26 20:08:49,2018-02-28 20:25:25,2018-03-09,84403c600d71c339fb7a7d203b1b966d,2018-02-23
09a83ffe176e7f00f3b93584ee9fb07c,dd7ac74cff12b8539e9c6d3e641d4542,delivered,2018-04-03 17:07:28,2018-04-03 17:28:54,2018-04-04 20:34:57,2018-04-17 03:03:41,2018-04-25,7a4cf849f0283d3806f2dcb1acd85776,2018-04-03
4000a14f1fc84e2943e3440a9089be35,8f1aa577a2f42237862c7631ee8e4a0f,shipped,2017-09-29 22:44:22,2017-09-29 22:56:41,2017-10-03 14:23:43,,2017-10-24,5ace05247b6926d3e595ac4de6620b1d,2017-09-29
ca56cc083a7aeed15fdfd437874cd0e3,87e60e619ad3ef385afa955728751bf9,delivered,2018-08-13 17:36:48,2018-08-13 17:50:24,2018-08-17 07:27:00,2018-08-21 21:44:57,2018-09-04,cd6a3ef6de776069189d6ea75ed51945,2018-08-13
4f83feea808ce7b6c6b80576c4f82809,447efb5f82d6ea044ec12018f2a69dc2,delivered,2017-08-08 12:00:37,2017-08-08 12:15:18,2017-08-09 13:53:31,2017-08-10 21:42:12,2017-08-21,aceac2fbd8fde7da543ece96c9cade8c,2017-08-08
8ab9b41f4fa44e65eabf1c4139e415a6,bf90c9739e44dd9e3f1af117ba6ab250,delivered,2018-07-16 09:24:38,2018-07-16 09:44:20,2018-07-16 13:39:00,2018-07-23 14:41:47,2018-08-09,0b504e5d0d04238ccbfe246fe621eb33,2018-07-16
38e44f1c4cba91d352a62abf15ecf119,c17ade8d5755b2f05c32066c18fed6dd,delivered,2018-07-30 12:28:26,2018-07-30 12:44:51,2018-08-02 14:34:00,2018-08-03 14:03:24,2018-08-06,c038b0b7452e88cd1bc2e0ae5a405d2d,2018-07-30
61ad3c7c76c5dca4255fc8fedc12b857,63c29c68ea4ec92a4adb4792f42429db,delivered,2018-05-17 09:41:01,2018-05-17 10:38:36,2018-05-18 12:47:00,2018-06-08 18:22:30,2018-06-11,8d0029911852f3058b457b87af254636,2018-05-17
644e4fc3f5cdee08df44f2534319fac8,8fa215d5f711d5763a7c11e7cc0cd79c,delivered,2018-07-02 00:11:34,2018-07-03 00:50:52,2018-07-03 13:55:00,2018-07-11 14:59:04,2018-08-06,86d6ea7811457057ab35da1c1418644d,2018-07-02
15d849612f479d808dc030e4e1ba39d6,2acdef3bbc645b7c6d134cfcb9845d14,delivered,2018-07-22 15:56:15,2018-07-23 12:31:42,2018-07-23 16:55:00,2018-07-30 17:28:44,2018-08-06,37d9674ba5b7cf1b8a1595ecce66ffd1,2018-07-22
c5e0223ff36f3c5128010ee14e7ee6d1,7efb46efa7e2eb3b59708f337033e05e,delivered,2018-04-01 12:58:20,2018-04-01 13:47:30,2018-04-03 20:41:56,2018-04-04 22:12:27,2018-04-17,17433325740c7c1d33c8eb6dd6eebba3,2018-04-01
a9903e12b56d3ec4c2de257bfe2cdc80,4ddaddea1ea57c06e540097ca6f6dd41,delivered,2018-05-23 12:34:28,2018-05-23 12:54:49,2018-05-24 14:16:00,2018-05-28 12:08:41,2018-06-13,f613612c35de4ffbbdb680f32e3baa80,2018-05-23
e6644b4a8ee7cbabd5f50b29eb478cf4,8c45922ab37124236061691bacfbc7f7,delivered,2017-09-05 16:55:51,2017-09-05 17:10:14,2017-09-06 18:06:12,2017-09-11 15:06:35,2017-09-22,4bacc06c053567be8babb2632532219c,2017-09-05
98546163385352e1876cead1613db3d1,9f894db50c8048a9a6a7b242f449a4a2,delivered,2018-07-28 19:31:34,2018-07-28 19:45:15,2018-07-31 15:50:00,2018-08-03 18:30:50,2018-08-16,a8d4b30682739775c40e7988379edcfc,2018-07-28
8d87a1565de3eff8cb87fcacd8ba101b,38fa2c2a1a69a2448ae63b3aced4d39d,delivered,2018-08-04 13:32:22,2018-08-04 13:45:17,2018-08-06 18:18:00,2018-08-10 17:48:53,2018-08-17,1181dc19b5bc200ecadf0b8a28523092,2018-08-04
0bdba50744ca6b6e2c44940e00050e5f,7008f7f2a9a222280115cc2a4f2e5b34,delivered,2018-05-15 11:39:10,2018-05-16 17:57:45,2018-05-17 14:43:00,2018-05-22 17:46:19,2018-05-30,95417d239104acddb6fe868a21aaa641,2018-05-15
192e538533b361520db4c0845c742114,177fae6c4c665b390cf4fc8a550e2bff,delivered,2018-06-03 16:18:54,2018-06-05 04:51:48,2018-06-05 14:21:00,2018-06-08 20:18:47,2018-07-05,769427c4e5e2b0d3ebeee28b2af23570,2018-06-03
67b1dc65d26c33458a65a0dc85c2d682,30e74714b11f5396bc7c316578129f4f,delivered,2017-05-02 01:58:38,2017-05-02 02:05:12,2017-05-02 14:18:24,2017-05-18 11:00:11,2017-05-23,df6f3b5db21d0fd050af7ef95bfdcc95,2017-05-02
d4c7d646f06e6b9cd7435413052a24db,8a91f4f2d274b6dc4ad4dc3121c9522d,delivered,2017-08-30 23:39:47,2017-08-30 23:55:12,2017-09-04 14:52:05,2017-09-13 19:18:01,2017-09-21,1cb46551a2271552d87d8fbea4d88df6,2017-08-30
17ca01c238bad17cd6c09179888b6d7f,6b7952531c69a1aa023c64d547ed6af6,delivered,2018-07-31 15:08:53,2018-07-31 16:31:39,2018-08-02 12:53:00,2018-08-03 12:02:47,2018-08-08,6183466d2bb310b5b0698d30fff75685,2018-07-31
ca5b72f1f41040f1639938311a47dafe,59a7e08ccad572450a55fa66f39a413d,delivered,2018-03-16 09:38:56,2018-03-16 09:55:23,2018-03-19 20:08:54,2018-03-20 20:48:21,2018-03-28,387b38ebe598313ef56ef3df19b192af,2018-03-16
6a2bbff940a0666437c99b8e604f54d5,0cc57b6063fc8fc10e6fbc1abd93991b,delivered,2018-07-11 14:38:31,2018-07-11 14:50:17,2018-07-12 10:20:00,2018-07-13 20:44:30,2018-07-20,37b3874297827e27150bb38e77f7ebca,2018-07-11
598b41f7e6530d25a72da2cc18223cf7,516a60cbb0bc2784ea93313fed99ea77,delivered,2018-04-06 23:51:05,2018-04-07 00:10:26,2018-04-09 20:48:40,2018-05-08 13:41:40,2018-05-18,07ea8186253cba88d1af6bb53664a25e,2018-04-06
aa7d642fecef401c80602a4dcb0a82ac,b2b6a80eb03f1c08201222ebdc059442,delivered,2017-12-19 22:53:14,2017-12-21 06:49:24,2017-12-27 16:39:21,2018-01-06 14:57:16,2018-01-29,507e84b160e854dd263c6ae6fafadce0,2017-12-19
5daa464e9f725bd3b82a90c3a33804a9,add20304a689413d6c3efe6f92931fa7,delivered,2017-11-02 21:24:42,2017-11-04 06:10:22,2017-11-06 22:51:26,2017-11-07 14:12:55,2017-11-16,fe5cd18d036c2dff040713e83b728797,2017-11-02
51ba136bb458846fcc5c1f745da00398,e03c96871bfe3aa277b27c8fa94a2c7c,delivered,2018-04-14 14:55:23,2018-04-14 15:10:24,2018-04-16 21:57:43,2018-04-30 17:51:47,2018-05-23,8668c6d7ea638f51b1c3742aa5bd97d4,2018-04-14
ffaa8de9aa187ca24510b7758f622c2b,bd57715f216664a048740a3848314fb0,delivered,2017-10-08 18:37:32,2017-10-08 19:35:07,2017-10-10 19:28:15,2017-10-17 15:39:22,2017-11-09,a9d70571048a33a49891094064f5d87e,2017-10-08
60a0b0a1df29ff83dd9083ffa44b6580,c7a7c4075f96326be4f51c96c534fc39,delivered,2018-05-06 22:38:53,2018-05-08 19:52:56,2018-05-09 10:58:00,2018-05-15 22:18:36,2018-06-01,8f1c77acfbf32788ec29d7028e63498d,2018-05-06
686c88e6a063eab771785d988188f5c1,969ffc0f7cc1175aa94fc82763b2172e,delivered,2017-05-08 10:35:42,2017-05-09 10:30:18,2017-05-09 14:19:43,2017-05-17 13:04:17,2017-05-19,07c22a44928ca8ae6bc30e698c41d053,2017-05-08
f7923db0430587601c2aef15ec4b8af4,1318fd61a82a479edaff00217376c052,delivered,2018-01-20 17:38:58,2018-02-20 12:05:54,2018-02-21 18:27:12,2018-03-08 15:04:33,2018-02-21,633965a3dd93f01be3a94fc5b0a5f5d6,2018-01-20
b128c2e3c0c118fa97dcba44a363c32f,0f7d090d3f00ff3baebb385e738a821a,delivered,2017-12-08 17:56:08,2017-12-08 18:10:17,2017-12-27 13:52:32,2017-12-29 17:14:09,2018-01-10,8f0412147451f9a70de094fd64d5c879,2017-12-08
e871719502deacb16343832ef4623a07,80a56c8941df38a1adeaf9183c112609,delivered,2017-06-27 22:45:09,2017-06-27 23:04:32,2017-06-28 10:21:32,2017-07-12 20:04:35,2017-07-19,73afbfa86a7c0868c8d58efe0bdaf9aa,2017-06-27
25a9d190845d7c88b05484cc31ae09e6,667685fee85de634f3c222e85dd8063e,delivered,2018-01-09 22:17:09,2018-01-10 10:33:03,2018-01-12 23:42:52,2018-02-01 16:06:04,2018-02-06,f5d6d5ca5ebb427953236adb8e91aea5,2018-01-09
b12e6c26723c864922c152d097c3e87e,25363919788d198ec5a6e18a8d153a5d,delivered,2018-02-19 21:58:59,2018-02-20 21:55:52,2018-02-21 21:04:47,2018-03-02 16:11:39,2018-03-13,5c65a2076c901f375b01aad3a60c7447,2018-02-19
477d9321d31a2e5b37de7ca5c1489dcb,c0d3dde840d9abc8fe89a5e84ea65031,delivered,2018-05-21 11:13:59,2018-05-22 08:15:59,2018-05-23 12:56:00,2018-06-04 18:58:42,2018-06-07,7383100944836e80d49e3926ccf3b2c3,2018-05-21
c7b090b5048ef4f18fe02ef328421afd,aef2b3b4d4558d1dcdb092339601fb58,delivered,2017-03-27 19:10:46,2017-03-28 09:22:44,2017-03-28 10:11:45,2017-04-19 11:25:52,2017-05-02,32e93651fbc6d641cffdc40c50d982a3,2017-03-27
0846185a9dfd578106358936887eb8a5,2072fec3b5c685b0c11a2aadbed58072,delivered,2018-01-02 12:29:58,2018-01-02 12:37:28,2018-01-03 18:14:10,2018-01-10 01:52:01,2018-02-05,73228153dc0dc40a069e765134e8217b,2018-01-02
ad2bc4bc90fede8f8810766afd32db7a,cd4798a175d55f962939a67e08f97934,delivered,2017-05-02 16:29:13,2017-05-03 15:50:24,2017-05-05 13:09:16,2017-05-15 15:48:15,2017-06-05,24fee3e769e87ce93288b0d46811bb1c,2017-05-02
add1f9c9ebf56bbc8a9f814f34bc5972,526e1917116337f5b1c6f76327ac7b28,delivered,2017-06-29 18:26:56,2017-06-29 18:35:10,2017-06-30 14:19:58,2017-07-06 10:27:48,2017-07-12,11acc1403a65147ede29167ee5be1c2b,2017-06-29
b82f05ed1c1a8045489ff9ee86415c9c,cf361a577c7a3a851422f48baf8fc07f,delivered,2018-08-19 20:46:26,2018-08-20 13:10:30,2018-08-21 07:04:00,2018-08-30 18:48:49,2018-08-30,4b8d6f6291cad9a96bfdbe5376a995e1,2018-08-19
00bd50cdd31bd22e9081e6e2d5b3577b,1e47b918581b562a9d8d9f85fcb9b1e5,delivered,2018-01-14 22:31:54,2018-01-15 09:56:33,2018-01-15 19:43:56,2018-01-22 16:03:40,2018-01-30,71a5182c33ade63d4f8b42f432b834c0,2018-01-14
88594435967726f387be4e2e6db45f41,5f2e4b4b4ab6b3c9a85391c814d62172,delivered,2018-07-30 20:28:22,2018-07-30 21:04:19,2018-08-01 15:31:00,2018-08-07 03:22:03,2018-08-09,6cbb34f793d1c6dd7148a0bd44b9717e,2018-07-30
e97c5b2fbc059aff15280edf4ff75dab,096998a766ecdf5781ac34029965b83f,delivered,2017-08-15 17:31:14,2017-08-16 03:30:23,2017-08-16 17:07:46,2017-08-17 15:39:38,2017-08-28,e055ba1ad580369df93ef02c44b40d6f,2017-08-15
b1289cabdcce49b33ed523da21d98ccd,ff886777efd58cd30781969d96dfe558,delivered,2018-05-02 20:32:30,2018-05-04 02:51:47,2018-05-04 15:46:00,2018-05-09 19:03:02,2018-05-25,f063eaa15d17c4e9322323850377ca21,2018-05-02
12ada6ec0be92b66bd3392b1764a4588,eab21889a85eb78465b7d239df693daa,delivered,2018-08-04 08:55:29,2018-08-07 04:55:27,2018-08-07 10:48:00,2018-08-13 16:24:34,2018-08-21,0421cbe19607719626e374b2347686eb,2018-08-04
3937b5e90887b4a6c5e4102865c4338f,8fe93bf674e747a279720f0f88013776,delivered,2017-05-16 13:39:43,2017-05-16 13:50:15,2017-05-18 12:27:44,2017-05-22 18:04:37,2017-06-02,e49c5a8e64db199592cb23a9f50e9e95,2017-05-16
e4272316e0c554e6648e2148434abd44,1588d0ba7118a3b06dfde1e949bd7f80,delivered,2018-06-28 10:31:49,2018-06-28 10:50:37,2018-06-28 13:07:00,2018-07-11 09:48:40,2018-07-25,9cec172c553dad230dc099c383027ab9,2018-06-28
5c92575d54d9782d6f943b342d27646f,2382733f0f5edc1be5b3b4e3a6ac0e17,delivered,2018-03-20 09:40:46,2018-03-20 09:50:26,2018-03-22 20:23:39,2018-03-27 00:25:43,2018-04-02,4ce423721c74231c174d0bb22367645a,2018-03-20
132c1bd080e7310cff7fac26d6d3ee31,98eb4f8f0e3cc913f886a2fb3b31483b,delivered,2018-07-20 08:21:46,2018-07-20 08:30:15,2018-07-20 13:38:00,2018-07-30 14:42:00,2018-08-17,cb68efa0bc94e2eb235d7a839ce22a6c,2018-07-20
fae7dc0d8a654c758ccafa1a6bb974d8,aa79b7e6884289b8ebd179445f17ea89,delivered,2017-09-30 12:08:44,2017-09-30 12:25:14,2017-10-03 21:47:08,2017-10-09 18:37:55,2017-11-01,fb1b6ae62699d7795f7a7c37a23f5b2e,2017-09-30
ec48402bbc28b1e4f252da4031bd502a,ea28df51bed45fdaa24c4fddfe7cbaa1,delivered,2017-07-17 20:29:19,2017-07-17 20:43:21,2017-07-19 17:16:55,2017-08-28 19:49:49,2017-08-18,0da93f0b65c2af1b3fdd5a74c58857b2,2017-07-17
f8a0c2f75253cacddb95753652794c0f,ba3e4b522140831766d5edca1609aa0e,shipped,2017-04-06 23:05:31,2017-04-06 23:22:38,2017-04-10 11:37:46,,2017-05-10,8493b1d5900abad27591600df2eea383,2017-04-06
b8f556e0eb31034a9346b2d045c90186,dc22192b47c4e49aa885def47e184afc,delivered,2018-03-02 20:52:50,2018-03-02 21:15:28,2018-03-09 00:10:44,2018-03-21 00:38:46,2018-03-26,544bbae01f9405564f40ae1af55cf9d1,2018-03-02
3a2055cbe4a8f77c7d7a861ca36170f4,457947d8c467714d88bbf3c3b9080009,delivered,2018-04-19 19:18:37,2018-04-19 19:31:29,2018-04-20 22:49:00,2018-04-24 20:41:10,2018-05-29,91df1bbce77c415000927ec0662d3bcc,2018-04-19
8b1a244fd71d5bc234197998cd5bc59a,361bd224b13023572993116851359697,delivered,2017-07-18 17:32:14,2017-07-19 06:43:02,2017-07-21 21:37:27,2017-07-28 15:18:28,2017-08-14,a86ff633772196d289dd4bbd17251513,2017-07-18
8a86e7cff2154483000ed469d5f528ba,c8fcd19ff9dde8ea152754737f5e4be3,delivered,2018-01-08 23:02:25,2018-01-08 23:13:27,2018-01-11 17:27:45,2018-01-23 23:48:53,2018-01-31,49d6e5a857790ea0b239bc9d116eb3c4,2018-01-08
b10fbded9b8c10d0892d9cce947ee441,1a078bd3687da0e2d34c8eea463b975a,delivered,2018-01-04 15:14:41,2018-01-04 15:47:18,2018-01-05 22:55:11,2018-01-20 16:36:32,2018-02-08,953116aed8f66769f1a834554cc4e020,2018-01-04
ca8276d40ebcd4e88a35f5eab3965751,c652d1d01c5764587fc6e4ca301c2c0e,shipped,2018-03-28 17:45:43,2018-03-28 18:08:45,2018-03-30 00:58:45,,2018-04-24,7df9394ad86d9a5c305286cdb92ebae4,2018-03-28
20d5211ad925caa21c6293ea560f9e97,66fa6729af7affe069f99452dde687e5,delivered,2017-09-06 20:42:46,2017-09-06 20:50:11,2017-09-11 20:52:54,2017-09-20 20:57:34,2017-10-02,bd046849ab847b5fc7961f8f4ba968bc,2017-09-06
dacc1d14290a31a69356ad5944fe88a3,b19e33e06a17226d1c43cf71de74c542,delivered,2018-01-08 10:49:31,2018-01-09 07:18:03,2018-01-10 18:42:32,2018-01-20 15:51:12,2018-02-02,23f4c4607627a821f6255f9d4f7b3928,2018-01-08
f8dfc821045ffbcaa7a319a3320f7258,393c4212a4f6955961daf9fdece23deb,delivered,2017-06-17 11:07:08,2017-06-17 11:45:36,2017-06-19 17:14:00,2017-06-29 13:32:02,2017-07-17,c14f30ca1ead07bd78cb1c97765cd97e,2017-06-17
a379a199737c91a626e5d746f9ca6b51,4fe15228dbf2e1517f703e141253e0af,delivered,2018-04-22 19:10:31,2018-04-24 18:39:42,2018-04-26 14:33:00,2018-05-08 00:21:48,2018-06-04,490b72834f444fc78d3d5171a7db664d,2018-04-22
6be7ed9af3a3acaea3b1385c7bb83221,3ad7abb82356a20d7f2c26c3517291d9,delivered,2018-03-05 10:31:01,2018-03-07 14:49:40,2018-03-13 18:26:31,2018-04-13 19:12:32,2018-04-02,8412ebf12b54c1bdebd66602fc31aa5e,2018-03-05
d7ff97f4c7ab6c9a6ba9cfa8db9b04b9,a8c0a3b17db7d15e74b22a926aa8a2ef,delivered,2018-06-10 01:20:32,2018-06-12 04:17:34,2018-06-12 13:42:00,2018-06-22 20:13:45,2018-07-12,3ffb100308ef25b3fd4da2cd0a258360,2018-06-10
20f7896699fcfe24f3b5b2ae54899d2a,ffc1df0bc187796047379f3b99a4f08c,delivered,2018-04-26 01:05:51,2018-04-26 01:15:18,2018-04-26 14:58:00,2018-04-27 23:51:46,2018-05-14,93d60512ee5495166c0cdb8a2764d5fd,2018-04-26
8ab12616ff9cf79ce869bcfd0c7dec3f,6796f5ccba24f2ff5db634fb69f4b64a,delivered,2017-10-09 14:50:32,2017-10-09 15:14:33,2017-10-09 21:06:18,2017-10-20 12:42:52,2017-10-26,0065f6fb341f013a95a8e11cdc98d07a,2017-10-09
47367d800613791c119ec33ee79cd9f0,212910421824dc61368dd3c1b82c0fce,delivered,2018-05-31 17:07:48,2018-05-31 17:32:59,2018-06-04 12:58:00,2018-06-11 14:32:24,2018-07-04,4dda2398f708a587201b5144b9c98d56,2018-05-31
ec6d1b017b14b90d5c60fcfdc2b7216e,7680688f55ee8206975809c9ff59b046,delivered,2018-07-27 10:09:36,2018-07-27 10:44:08,2018-07-27 13:52:00,2018-07-31 21:38:45,2018-08-10,c3759a19c9f1e09dfeb8806d386995f0,2018-07-27
16fda78951899265f9a26ab3c5f17c4c,7ed80899c1cc6c7779597683fab0ae70,delivered,2017-11-07 00:27:49,2017-11-07 06:31:23,2017-11-16 15:25:48,2017-12-13 17:47:58,2017-12-15,9589981c026da7bc1ea6ad3d6380ed23,2017-11-07
5be7a00f3302bbc55973ecf0d9322ba8,0e1169a273c00760595751dbbc636efe,delivered,2017-08-04 13:24:31,2017-08-05 03:03:23,2017-08-07 20:12:08,2017-08-11 17:06:48,2017-08-28,64101517e6876344e5e22a964b2c5e11,2017-08-04
1583de3d51014f31277a5ba28511c32e,fa249529c7e571e281180b0b0db22a90,delivered,2018-03-19 12:44:33,2018-03-19 12:57:04,2018-03-19 23:48:24,2018-03-24 14:03:02,2018-04-09,e4f336e1a80fc2100f8f5bb29c5e12c6,2018-03-19
f4ed6d734bd3faba403a2dfdf49400b0,6768f81d9f31aef88fd9adf5b513982f,delivered,2017-02-01 10:13:10,2017-02-01 10:25:20,2017-02-01 11:01:41,2017-02-13 08:01:18,2017-03-10,3ba5aa89e06ef7a9b6d247a7137e2436,2017-02-01
c7c0573cccba9f9162671f96f5f12e60,355e76c739f0764ef68efe0ad8ef6150,delivered,2018-04-11 09:08:40,2018-04-11 10:50:57,2018-04-17 13:16:30,2018-04-26 12:19:53,2018-05-14,1084032433fca5dbe35ac72bd2e83584,2018-04-11
503a4b807aa2c90fcf93c3c5e85a33d1,3d592ab2d4535befa147faf75be28176,delivered,2018-06-08 14:16:06,2018-06-08 16:30:46,2018-06-11 12:26:00,2018-06-13 17:02:50,2018-06-29,bc0cd4b0f6b9d278f1e4ed67906896df,2018-06-08
7860e9b8501efdbdc0be993136da3c52,fce71f731eee55cf8aa62f8fcd6c43bd,delivered,2017-05-22 13:47:12,2017-05-22 13:55:21,2017-05-22 14:56:53,2017-06-01 15:53:59,2017-06-13,eb35b5ff8f4bf6de268f9d338fccf0fb,2017-05-22
1125c81efc6a16e16349a678434feac0,53031c006554e1e156ceada9024bba5b,delivered,2018-01-18 14:13:04,2018-01-19 02:37:54,2018-01-22 14:18:44,2018-02-05 18:38:54,2018-02-20,8d967c56f48bc2433649366603cb4c1f,2018-01-18
e52c6e92f7cbd3a898e0a61f1de4faa9,1acb698ac3abc056a22d474b83d60ff5,delivered,2018-03-19 08:57:28,2018-03-19 09:10:26,2018-03-19 18:52:00,2018-03-22 23:54:36,2018-04-05,9a968ab9c482fb7a30df1cfb5766ee4f,2018-03-19
1c1e0f9cc23b897d0dafed078015e273,fdfc8e4fd54596e9afe094b285258121,delivered,2018-03-30 18:37:00,2018-03-30 18:50:26,2018-04-02 21:58:49,2018-04-28 00:19:18,2018-05-03,b42b2287c4381b884c9409180aea7455,2018-03-30
16d479a0c1dc7afd13f40f670ff94787,2e003756577bc36a2bebcec7691376bd,delivered,2018-01-24 10:47:49,2018-01-24 11:12:26,2018-03-02 18:52:19,2018-03-13 13:24:36,2018-03-28,8d9d9b98bc478a5578891b4990dbf79e,2018-01-24
cece1bcff59bfbd50f678ef597d4f3be,0a2e46d5bf599fe5a55cef70be8ac956,shipped,2017-05-03 10:21:46,2017-05-04 03:03:15,2017-05-04 14:19:51,,2017-05-26,e85047ec4c09915fe2abe89fac30c1de,2017-05-03
99ee8e68cacd5e1b674946811a8e0fec,4aace62d0cff2c5f4cde5f590f16c26d,delivered,2017-11-24 23:43:39,2017-11-28 02:53:39,2017-11-30 00:26:57,2017-12-12 10:49:59,2017-12-19,070293d9b6c24e542c0aa98d3c4c8cf0,2017-11-24
f567f02b20d72fd018320dc1d3a9d597,c2e6dbd0a0ea545d1eb23ae45ceb40c7,delivered,2017-12-10 23:08:20,2017-12-10 23:19:21,2017-12-12 19:14:02,2018-01-27 14:06:26,2018-01-10,d10dc71d985331b6e15e9a6176eb11bb,2017-12-10
e95cac7e9ed8e477d726d47f72f420c6,66b6452526c64a892e836a6cac812833,delivered,2018-05-11 17:28:16,2018-05-11 17:50:49,2018-05-14 15:15:00,2018-05-15 17:52:30,2018-05-24,95eb7cb17fa3fdc895e276342fc0cf24,2018-05-11
f11844e5101079fad91a7d31842b9ca5,7c16089b205d76e0e6c1b60525521316,delivered,2017-08-14 20:09:26,2017-08-14 21:15:12,2017-08-17 16:57:56,2017-08-28 18:58:41,2017-09-13,4f30bdf1bb8d364f8e948642f2864386,2017-08-14
9f9ac312604229686c04260955495c70,3357c4c3ecf82709236158cb2ac0ce9b,delivered,2018-05-24 11:38:02,2018-05-24 11:53:34,2018-05-25 13:12:00,2018-05-28 12:36:42,2018-06-11,bc13219ef5b1a254d34e3e6112303dfd,2018-05-24
768bb5189d917642e1ea949aa69c553b,6830eb32e96945a8f31e658357a94d15,delivered,2018-01-08 10:39:19,2018-01-08 10:48:16,2018-01-09 16:17:50,2018-01-12 21:12:50,2018-02-01,0e62dec3ea25f74db65111c58b17591a,2018-01-08
4ab7754a33cb42f911a6a351017af4db,cd8f93bdfd2852f5f1950cec8067626a,delivered,2018-06-27 22:23:33,2018-06-28 01:11:26,2018-06-28 09:52:00,2018-07-04 16:30:46,2018-07-23,603f7a369052808f894f541c522e8334,2018-06-27
22186f12324a0f795921a6bbc8e7ad01,f032b7eb7d1b197203f63cc311e4fc0c,delivered,2018-05-10 22:42:34,2018-05-10 22:57:29,2018-05-14 06:35:00,2018-05-21 19:47:46,2018-06-07,98278b047cb28052979c255068136405,2018-05-10
1d51ae87301624c9ef9d4d704d44a8d6,24320b3ed965c9a77e450cde53f24390,delivered,2018-03-15 22:56:52,2018-03-15 23:11:07,2018-03-16 20:02:45,2018-03-20 18:11:50,2018-03-27,0f898fca843bde8f60ef8144acf213bb,2018-03-15
5410087995e1ebb53c26ce8e52ff29e0,febf66a130bc1bc3d35546f466261511,delivered,2018-07-14 00:04:42,2018-07-14 00:23:55,2018-07-16 13:37:00,2018-07-20 15:33:36,2018-08-03,05a021f89882d0c4df802f3c18897a34,2018-07-14
4f1c6e9035b4c97d6b553c6a26f1b20d,7380f3de73db25f7bb524f33e19d58de,delivered,2018-04-27 23:54:54,2018-04-28 00:10:53,2018-04-28 09:35:00,2018-05-07 20:49:13,2018-05-11,2d7de7145810cade01105007a51fc5b7,2018-04-27
14bdad39d75d79fe79a30ed0cefa2794,400b86467931388f2226d4f87d2dc533,delivered,2017-11-13 11:19:58,2017-11-14 04:15:32,2017-11-16 14:29:37,2017-11-25 14:58:47,2017-12-06,49162bb27e0a457ab8aed868d5c96a2a,2017-11-13
a0ef346fe1ea82e048e965ab6c20623b,aac7996cd5a3e93ba06ebbc0ead5a3df,delivered,2018-02-15 17:38:00,2018-02-15 17:50:28,2018-02-16 23:40:11,2018-02-19 17:29:46,2018-03-02,038ef20f6de6a3294fb0e4e380f2b2a2,2018-02-15
87049d4b9b8517e7f78b3724f698c4a1,7b87e4074ae4ee57ef2f7a7df19fd937,delivered,2018-07-05 11:26:52,2018-07-05 12:30:43,2018-07-05 14:25:00,2018-07-07 11:40:56,2018-07-19,babe411a341f68c0b7aee13ac70a38db,2018-07-05
55e1aea2308e1c019ef7ea60766c5f7c,ee38123eeeb0786f8e6b186158a7b080,delivered,2017-04-12 15:36:54,2017-04-12 15:50:16,2017-04-13 11:51:29,2017-04-20 16:26:57,2017-05-04,4598f6eed56df9be65707cb8af41bef0,2017-04-12
0fb63c1a900398faadaf818216263fd5,fe12e2e42ae4e9e2bbbfee8d0d801bf7,delivered,2018-03-18 21:20:17,2018-03-18 21:35:25,2018-03-19 17:48:47,2018-03-20 18:46:53,2018-03-29,188cdbbb4dfbe605519b5c68a3e267c6,2018-03-18
621dfc6b37830d617db3724b903c053d,1d78fdc748d6a5fe0eb2dafbfe64fd46,delivered,2017-09-19 13:11:46,2017-09-21 02:47:11,2017-09-21 20:38:25,2017-10-05 21:32:54,2017-10-17,47e2600372404374a591923294b15ac6,2017-09-19
a48afd5d3f7546105c87adca63347dd4,f1a25d8a8bbff4b41d93cc4762363e44,delivered,2018-03-11 20:30:19,2018-03-11 21:28:05,2018-03-15 18:37:47,2018-03-26 15:16:47,2018-04-06,2b376827b1a2dbba2e1d7402c3da90de,2018-03-11
301e525fb20b6bdc7efa5525f27b722a,e583d14ac71d84ca68c7773687becaf8,delivered,2018-01-11 15:40:47,2018-01-12 02:35:24,2018-01-15 17:42:25,2018-01-25 22:34:23,2018-02-09,609b49af42511dbb7d8c3e8e37932c07,2018-01-11
1c6fa4d79455e9a037cc62611a4b4f6a,b1841b4b52716344007a9f71b193a51a,shipped,2018-03-26 12:23:43,2018-03-26 12:35:24,2018-03-27 00:11:25,,2018-04-18,8cd913c5b9ecb7156f269d6c34fc270e,2018-03-26
6e03e8525003c5a756f7c3c5bd8fea79,d45dad93b2d2a50823475fe1a49a4091,delivered,2018-04-19 21:46:04,2018-04-19 22:11:38,2018-04-27 14:30:00,2018-05-09 17:11:14,2018-05-09,3cc394031cbfbeba2c1fcbfde8994b90,2018-04-19
bcd03a007dcad04bc88701f563b985b7,39f707c5c87d5f8c8e4a26ce95292a81,shipped,2017-02-08 21:31:38,2017-02-08 21:43:06,2017-03-13 07:57:37,,2017-03-17,ef4f1df606be890323f3dd3d8a54ba96,2017-02-08
9a4efaf7ec75fc5669a3526c0a838e80,f61344ffb27f53f1a65d6efef45d1936,delivered,2017-12-21 18:37:24,2017-12-21 18:52:43,2017-12-27 19:35:42,2018-01-05 22:14:25,2018-01-17,6cf7fce5dc5a912c07d397888c26d289,2017-12-21
70c13d94aa6f2f57d27a7babb9f0d215,333bd9e7da0cdb867ce8c636a5ab1e0e,delivered,2018-08-26 12:06:17,2018-08-26 12:15:19,2018-08-27 13:53:00,2018-08-28 20:50:44,2018-09-03,dee9d8e35f96d8de8dd8711bfe57b9b4,2018-08-26
965f41a5261d9e54ef1e3c7944ed618d,b1ddbe8d116b700e6af3e23fdb0778cb,delivered,2017-04-14 01:25:25,2017-04-14 01:35:05,2017-04-17 10:44:15,2017-05-03 12:47:54,2017-05-16,597d546d06b45654ab5bbd28b807bf71,2017-04-14
17652775c09e10b443bd345a5c4b2f16,20e14442b1d0d31ac2f8694ffe76970e,delivered,2017-12-08 09:20:20,2017-12-08 09:31:33,2017-12-14 02:48:55,2017-12-27 19:13:10,2018-01-10,a56d3f964338db4a5d2c8a880a8f7506,2017-12-08
42058e87845d32cb0c0ccef5e01bba32,3f056fd2219b2981885207ab0eed19e3,delivered,2017-12-26 11:42:57,2017-12-26 11:49:22,2017-12-27 20:28:09,2018-01-11 21:15:09,2018-01-24,f75d969ab1bb9e98db3e1a8329953b26,2017-12-26
46e4569961d0f4ff5a4e8ff82a4396bf,62026161b4b4f0717540f9070b297971,delivered,2018-01-01 19:11:09,2018-01-01 19:27:12,2018-01-02 17:36:54,2018-01-19 17:29:08,2018-01-31,8f3dd46f9a43cf436efe5ab5582ac603,2018-01-01
68fb895df51e234a55fbf5c30c873fd2,003c7cadba4f182b9f22d7d5ea7a5003,delivered,2018-04-19 11:58:57,2018-04-19 12:14:13,2018-04-20 23:06:52,2018-04-25 13:33:06,2018-05-14,6279364f420b1e08eb33a498db5fa6bc,2018-04-19
0d5286ba45f14f5c1d188ccfe21a79c4,89a9c5b796cc976df69653a4c3e1d9a3,delivered,2018-07-14 17:03:50,2018-07-17 04:31:37,2018-07-17 13:52:00,2018-07-25 19:04:46,2018-08-09,915237702b0e1c48617497b54b0f55a9,2018-07-14
35219838fa57f17493790b796f51a77e,c4fd402d92b11f47ef07a2412e96fdf0,delivered,2018-02-24 20:49:32,2018-02-24 21:07:30,2018-02-28 23:04:29,2018-03-09 13:48:25,2018-03-21,39370dae1e24d5b30613cab35e7cf58c,2018-02-24
f8fee5c95b443de37ac3a41371fb1e0b,2f4bb8c2fc25643fbe67ba5c85c007e7,delivered,2018-02-21 20:29:43,2018-02-22 17:15:55,2018-02-27 17:22:24,2018-03-21 19:34:28,2018-03-21,b09098ffd861d87847889ffe667de6f3,2018-02-21
49ca48df0a214b5dd020f41336cedf5e,5b985c8b77fba94494956d5f1e717933,delivered,2018-05-08 20:21:49,2018-05-08 20:54:58,2018-05-09 12:12:00,2018-05-18 18:31:11,2018-05-30,9131f2b5eb76c26fdbc20d1a28b5d686,2018-05-08
7d513824c667a2e85bbf10cb740bf289,2a6d528bdc943b263029c518703f5367,delivered,2018-03-29 22:10:38,2018-03-29 22:26:46,2018-04-16 13:44:58,2018-04-23 22:42:06,2018-05-03,aa45ad0284650e38707f49e82b230f69,2018-03-29
b19acb6792d4bfe1525f344d2daa0f7e,05d1fa79c47dc2ca3aeb95c25db11af8,delivered,2017-11-13 13:20:28,2017-11-14 03:55:26,2017-11-16 16:41:23,2017-11-17 22:05:00,2017-11-27,7a8b57c6c069f2adc8e2cdb0a1ab48d4,2017-11-13
150da40a26382d8954208e5bd858c285,5c1e671a4aa801765a27d5081fc1622a,delivered,2018-05-22 11:20:17,2018-05-22 11:37:27,2018-05-29 07:15:00,2018-06-06 20:22:24,2018-06-14,a3ee4a5c85662b83be8c9f060d0e7c2a,2018-05-22
21f81def80da96111c7afeeab35f9513,e38a634ead0b1d1c493f31fea7eb8bd2,delivered,2018-05-31 09:37:14,2018-05-31 09:51:09,2018-06-01 14:53:00,2018-06-04 18:22:42,2018-06-26,255db56b61e0c9227afd094f0a2f1aa5,2018-05-31
119875f10276db041c92209d8e71826c,c39ecfa4a990491a861ff5cbe6b80ec2,delivered,2017-11-21 14:26:37,2017-11-21 15:32:11,2017-11-22 21:48:32,2017-11-28 21:49:47,2017-12-11,88388502f20df20b31ccd1a4aca9e898,2017-11-21
d6c0642f2b29bbf0b2dba5bcee57c3b3,dd723c931e059fd21ee30dd8b1cf9870,delivered,2018-03-17 16:03:49,2018-03-17 16:15:33,2018-03-21 17:18:42,2018-04-02 18:23:26,2018-04-05,16db7af84bbd87107028ec7f53569bcf,2018-03-17
e37fbd45af4b09e473cb0805b49bdca7,18cb5869ae95b1e2ab7b17760b9e97d0,delivered,2017-08-03 12:48:23,2017-08-03 14:50:13,2017-08-07 19:08:35,2017-08-18 18:27:57,2017-08-25,53d1e66c7e220018ea348c52d02bc5a6,2017-08-03
d17e55847c962eeaa8966bcc0c758492,4d4958bba1328dc064c4a3f664f5287a,delivered,2018-05-01 20:39:02,2018-05-01 20:55:38,2018-05-04 08:09:00,2018-05-15 23:18:29,2018-05-24,44fbef5584f89fe2041a4a728221f5ed,2018-05-01
37c495d368ea5de5c25f2c5be7261ce8,02d22b2dd08fd5b4bb3ebac28f73d68c,delivered,2018-07-26 13:23:38,2018-07-28 02:45:21,2018-07-28 08:56:00,2018-08-03 18:23:34,2018-08-09,91238ac9b555af75bab81ecb4a24ccca,2018-07-26
a1259693d26fb84a646c5c4a913a7c40,f1dd969025776935e2b9dd2a17ec87c2,delivered,2017-11-03 13:32:48,2017-11-03 13:46:12,2017-11-03 21:07:49,2017-11-10 20:18:50,2017-12-05,9a929d2c704fcfc61537b117d73343c9,2017-11-03
655e65fc77c14d8f715cf7f9684182b2,453ec893900bfbc0c5cbc3e706102435,delivered,2018-01-10 10:41:32,2018-01-12 02:35:33,2018-01-16 01:04:30,2018-02-15 18:57:47,2018-02-16,54f588e65cb46c6c645842092d986adf,2018-01-10
ceacfc79fb663f8a32139c94f5850d23,c8b401513911c82f3cb4e40dc26cfc64,delivered,2018-03-26 21:39:02,2018-03-27 21:35:20,2018-03-28 19:51:11,2018-04-10 14:45:48,2018-04-12,2274251ce58a8304f8e9b8380db47018,2018-03-26
9731b9dcecf4024f99c9faa130acc841,0f40ab9e9635185fe9b9e42c0f7d4fea,delivered,2018-06-20 20:50:25,2018-06-20 21:18:08,2018-06-23 08:31:00,2018-07-03 22:12:43,2018-07-25,3db9d970bd57d1329f71156aefe70e95,2018-06-20
5c1467c496453200a6fa4414c1a90607,f06f34df08da6d0ef5adff44bab75ff5,delivered,2018-02-20 20:01:19,2018-02-20 20:10:26,2018-02-21 21:22:32,2018-03-05 22:42:41,2018-03-12,9466489c26d4483666902a201a972b49,2018-02-20
3e5d60bbe5a6016db3afe77e64b4ea16,46ec73876cebebf34f06e8e1d4c3cb4b,delivered,2017-12-04 22:14:17,2017-12-05 10:30:47,2017-12-12 21:22:34,2017-12-26 21:36:57,2017-12-27,1c656c3f9e7c3ef66119dacab5b9b997,2017-12-04
2fedd359e74e253fb0676dc7f86d3075,c7ba62ae9af40ba94f07020670d03ed0,delivered,2017-09-26 15:36:13,2017-09-26 15:49:41,2017-09-27 20:14:38,2017-10-02 19:19:15,2017-10-26,8c4507a51771fb461d0de12f6949cf17,2017-09-26
9847fce753aec51f55dc5f6a5bc3e732,1afc6147af870917a3660e15c7a41b06,delivered,2018-06-29 09:23:36,2018-06-30 10:10:22,2018-07-04 14:51:00,2018-07-10 16:44:50,2018-08-02,198e17643365cf7185782ee2bf6d8213,2018-06-29
5adea766ca8f3521f957b27154b09761,2cc81b7f51e08b9f200fff0fc2eec98d,delivered,2018-07-28 20:32:43,2018-08-02 23:30:35,2018-07-31 11:12:00,2018-08-09 14:16:41,2018-08-15,bd6b2350bc12f618726fdf55ed11917c,2018-07-28
ba9a7c92052d9666424a1c3cc395a5fb,3d585c4e4914b64ce5ef202ed17795a0,delivered,2018-04-12 20:36:50,2018-04-12 20:49:12,2018-04-17 16:35:57,2018-05-10 18:33:13,2018-05-21,4687d674a49ba99294e0df20351f8d63,2018-04-12
e702f5931c11055ff25ed94d619f35b4,4d0090e1484f0896bdc470d0b79b5682,delivered,2017-05-14 18:07:52,2017-05-16 03:22:53,2017-05-16 15:17:38,2017-05-26 11:12:27,2017-06-01,48bf4e8301f352f9a5e832e950d53b77,2017-05-14
924bf106ded4b0612e091dadaf219d14,91f5f46d2de155036be2e3f6c42b80e9,delivered,2017-08-10 14:13:49,2017-08-10 14:30:17,2017-08-11 19:25:58,2017-08-21 22:10:07,2017-09-01,bbbd0e132630100700413df2962b2e2f,2017-08-10
226e0396e8ace4776eaf471b2d6abf89,3d78789a9236efa5e2c7a1c03d426b0f,delivered,2018-08-09 09:00:29,2018-08-09 09:10:09,2018-08-10 14:49:00,2018-08-16 23:18:31,2018-08-23,b829dae01a25d79a42927f8a23bed610,2018-08-09
045eff272f42f0ae0191149686f193e1,9e2ae0d82b9057c99ad147658cd4e336,delivered,2018-04-23 09:07:47,2018-04-24 17:13:48,2018-04-23 23:56:47,2018-04-26 15:41:05,2018-05-10,772ffd765af49e973bc0666eac6ec854,2018-04-23
ac727692880897a9669ed0921296db75,bad622badcfb7d8bd521cba68dfd75ab,delivered,2017-05-15 09:00:01,2017-05-15 09:10:16,2017-05-16 11:42:15,2017-05-26 13:32:30,2017-06-20,0cc2ee1112a11a1094eff52fa2e87150,2017-05-15
d1b41c9a4b92b7549be35392fcd782ab,aa4e8db1608174fbd06df307c6ff687c,delivered,2018-01-13 15:58:14,2018-01-13 16:09:41,2018-01-15 22:09:28,2018-01-22 19:37:03,2018-02-05,d7e0432688bbd72d3567568903f6117c,2018-01-13
b2583516574ac20b8b3ee77ff7418f66,815521f5cf1f66880d30d192f5935a9d,delivered,2017-07-19 14:55:52,2017-07-20 02:23:25,2017-07-20 17:09:32,2017-07-24 17:27:30,2017-08-10,5d9eb38a0bdfca3f6bb94b84f508a255,2017-07-19
b289f5ff8eeb0ac36ba7d2b507767d44,64054fd2cd8632880c7ed98487b58b6b,delivered,2018-02-04 16:10:12,2018-02-06 04:32:41,2018-02-06 21:04:13,2018-02-23 22:04:59,2018-03-06,ae8a79ce69b567fe6271e60973279185,2018-02-04
dd6c515ece101a11e169c82b0196880f,34fa3fc9de4b0d9cb464ddd69dcb75ac,delivered,2017-08-19 22:11:27,2017-08-19 22:25:21,2017-08-22 13:42:38,2017-09-04 13:55:09,2017-09-20,6db178649b8d1204db26f123bc69a81b,2017-08-19
f5aa338a071dcf7d23d8e6b116bfcab5,da2060eb547f7d8c1753879cbf5c4a02,delivered,2017-11-22 09:52:07,2017-11-24 03:10:32,2017-11-28 15:48:25,2017-12-01 21:03:34,2017-12-26,78b23d5ff07ebe2f082472ca242b9238,2017-11-22
07ca60831e2821d9443f1a0dccecf9ca,b1ea2dbdd918e521d2337bb77fb335a7,delivered,2017-08-13 12:48:09,2017-08-13 13:11:29,2017-08-14 16:12:42,2017-08-18 20:23:22,2017-09-05,8e0276972086a72d845ee0fe5123b9b3,2017-08-13
128168ecb360557022d7fe0b83fa149a,d5d89d3d942dc5c0ea022765490200c9,delivered,2018-02-14 23:55:07,2018-02-15 00:27:52,2018-02-16 00:09:35,2018-02-21 20:18:00,2018-03-07,2a5056d8cf5cc2c2f469eeb007c5ceef,2018-02-14
6ab1e9ffa5914f8b0f2c4f4eb98e5a2f,d21cba822a29720de6a03abd22ba057e,delivered,2018-08-03 21:23:44,2018-08-06 07:24:12,2018-08-07 12:56:00,2018-08-17 22:04:34,2018-09-05,5a5bf3bc05c89879f4d63206e24565ca,2018-08-03
6ed6b87e6f8afe27921e761104771bbd,ae5889fe15b781429771c232b8b81d59,delivered,2018-05-07 20:07:28,2018-05-08 04:54:56,2018-05-08 07:18:00,2018-05-21 19:45:24,2018-06-11,136ed7db28a03a52ecef839710a9bedd,2018-05-07
ccc5790acbda1b1992f4d1c46204238d,68087023e02c8dccd3e1f3a029a77f76,delivered,2018-06-05 04:01:34,2018-06-05 04:52:04,2018-06-06 14:37:00,2018-06-16 11:55:37,2018-07-13,f1d0cfedd976e64e03a9012478100da0,2018-06-05
d3959554e1b8636f9d873e650d4eb407,56e49a976bad6bb2121b6fbbc38f8d3b,delivered,2017-07-29 14:33:51,2017-07-29 14:45:17,2017-07-31 17:43:36,2017-08-07 19:17:32,2017-08-18,2d42a1bcfcb5ab30e4754c89b19fdc5b,2017-07-29
7a227e2ea9a13f4337b6a153d3cd5495,dfa0811584fe0dae38f73aedffda6d36,delivered,2018-05-04 00:28:43,2018-05-08 04:14:42,2018-05-08 13:10:00,2018-05-17 01:08:41,2018-06-06,8934ccb226913a2a210fc5c03b684139,2018-05-04
5d0ff76eec63f638ec17684c350fd3f2,85d9deaade850fce1377bd644c12589b,delivered,2017-11-07 20:21:26,2017-11-07 20:35:21,2017-11-08 20:18:48,2017-11-14 20:16:46,2017-11-30,aaa346447b09efdc442a08b80e86d77a,2017-11-07
0476f6eca64ad7ce1bef51f7308871bd,aa3e453b2894cbdf8e6c99570abc2b37,delivered,2017-03-27 10:50:53,2017-03-27 11:02:17,2017-03-30 13:13:24,2017-04-03 13:45:38,2017-04-19,7dcb7cb0d7e5d27759fcfe1e969f9725,2017-03-27
0c2766159bd610cb7f38a657ebb28e39,ab4606afb44526c3a33ce2b9c4571b64,delivered,2018-05-09 08:06:13,2018-05-09 08:31:00,2018-05-09 11:00:00,2018-05-15 18:15:06,2018-05-28,a999e4bbad221a030b57ef4a2bfa1c39,2018-05-09
85290a706bc1eb761cf962df269cd1bb,4fe25448d0b0474506fcab1e2a157175,delivered,2018-05-03 09:25:24,2018-05-03 09:54:55,2018-05-04 19:01:00,2018-05-10 16:26:03,2018-05-15,05e89b2621d4014d7846b7d481dfafd3,2018-05-03
142c8688b5b13e21ac5a448a1688b9d7,96c6d161a734e063fba237c7d58f75d6,delivered,2017-01-27 12:31:05,2017-01-27 14:31:16,2017-02-13 06:38:34,2017-02-23 07:34:18,2017-02-27,43f7e3bbb6ef01b8524741070eec8701,2017-01-27
67829e8aeacd9535f561fa24308579b6,766457f4a2aa4915f43e4a4dbe1b3609,delivered,2017-06-16 12:11:55,2017-06-16 12:25:46,2017-06-27 07:26:50,2017-07-04 13:32:15,2017-07-10,0b4afcabce2689dccb890d6bdedca39f,2017-06-16
3b61aab5de69abc1731138bd104a777f,8e29c6e9c795eda30cf7f47244720132,delivered,2018-08-25 20:59:18,2018-08-25 21:10:15,2018-08-28 15:05:00,2018-08-30 16:47:53,2018-09-21,101375bf617fd60c9eee42f98d9a73d6,2018-08-25
4d6e0de22cf1c48f915941d25e043a1a,0dcf39df481099c0fb958ac23ea36283,delivered,2017-03-09 15:32:21,2017-03-09 15:32:21,2017-03-10 09:11:56,2017-03-17 12:35:11,2017-04-04,2c259232794385ce4186382c25aafa92,2017-03-09
9b883472f4826d7c694d8c52038a8c67,d9640e2b44e3b7b5b31551ee62cc4a14,delivered,2018-04-01 21:47:43,2018-04-01 22:10:26,2018-04-03 19:47:41,2018-04-05 22:03:25,2018-04-18,aed8ec9318293dfe1d9431e5259f76ff,2018-04-01
0ba01684638233b0955369c3ccbdb414,9e342e03f8a735e0d724a3715c64e565,delivered,2017-12-12 19:43:09,2017-12-14 02:12:32,2017-12-15 17:52:40,2018-01-05 20:28:41,2018-01-16,185228f85383158504ca2c297a3ea411,2017-12-12
2be45f506aff5e82c64c2b808fe8a93e,3c4686a68ad60da3cfffd677cb17c1f7,delivered,2018-07-17 07:31:56,2018-07-17 07:45:12,2018-07-19 14:56:00,2018-07-25 19:02:19,2018-08-02,ac8a18f289626f8da702418a4419bee9,2018-07-17
cb75cce6a888911baa94b70ed54fd7be,4c8a48ce3af82ec2c36c2d33dd25e28e,delivered,2018-04-04 07:35:53,2018-04-04 07:49:10,2018-04-04 18:36:37,2018-05-02 18:03:37,2018-05-04,616d5e771bded90788a256982aa9ce5e,2018-04-04
bf2df9a0853cf9f8556a586289f6a29b,6e688f070b3858a019b672d514648fef,delivered,2018-02-23 10:01:11,2018-02-23 10:15:32,2018-02-27 18:52:37,2018-03-20 18:07:41,2018-03-20,b0c81bff29b4ddfcfe2c309365e35b5f,2018-02-23
31f7635117f842a96eaf8c03bf2c8dbd,272a66e5c06a785604f496b1d4bb8aee,delivered,2017-08-02 20:10:03,2017-08-02 20:25:20,2017-08-07 17:57:48,2017-08-21 16:35:23,2017-09-05,da32d0da3d02d410761cedc6eb662001,2017-08-02
df52ca7830380e7d8f7292e99434eea7,a1902b753d5eeb9831f1d3f89a13fba8,delivered,2018-05-26 11:51:22,2018-05-28 11:03:54,2018-05-28 14:03:00,2018-06-08 10:14:50,2018-06-12,ff03923ad1eb9e32304deb7f9b2a45c9,2018-05-26
4f6f8c75279983d2c39ca23fca81ffbc,21823ff837e9d3beabb31e5ba035e709,delivered,2018-07-27 17:22:36,2018-07-27 18:00:06,2018-07-31 16:00:00,2018-08-01 22:22:01,2018-08-08,439421cbffd71ce3f84112c80a0ff2f6,2018-07-27
e086a8e8919e918a3f1968ec76281bcc,5f4c2b06e4db0121530536d6b4675b40,delivered,2018-08-04 22:59:08,2018-08-04 23:10:12,2018-08-07 12:25:00,2018-08-13 18:27:28,2018-08-14,a7f677eedf7e06162c5d4bb55d9e6272,2018-08-04
afaca608634d9b96175a3c251411ff7d,cfef8a722a8bfcf1b3f42a9b391d912e,delivered,2018-01-10 12:33:40,2018-01-10 12:49:02,2018-01-11 23:44:03,2018-01-15 22:04:37,2018-01-30,a5c47a4a67823e231c8c65f4cc327dbd,2018-01-10
32e3f54d03f202e02cfc79f9fd91fd06,27c1ce1f47c189fc4e1b35d8f64dba8d,delivered,2017-04-17 13:12:23,2017-04-17 13:25:18,2017-04-19 10:03:40,2017-04-27 07:08:14,2017-05-10,c61a102ea9a78d4b4f148453fdc09d43,2017-04-17
e061fd2fe7ac86187875963e906ecaa8,a892e4a132cf2f2e6a1e4db449856006,delivered,2017-02-25 13:23:33,2017-02-25 13:35:18,2017-03-01 10:11:11,2017-03-03 11:05:42,2017-03-20,593d8a35205f33bb25650b2bd5a32275,2017-02-25
fd243eb2d293eb3b7223dbc2d1789521,31741dae8c3f634f2b1af9474b8178ac,delivered,2018-08-17 01:51:28,2018-08-17 02:09:19,2018-08-17 14:41:00,2018-08-22 02:04:46,2018-08-22,5e75eb1c98e57682d3004e9d644197c1,2018-08-17
3dadb2b03a23e46461f8a31a340e3476,4495f22e32870c099614fef57458b2c8,delivered,2017-10-05 20:21:44,2017-10-05 20:35:17,2017-10-09 19:51:35,2017-10-16 14:22:50,2017-10-30,313c1c4670538126790f08b10b05058e,2017-10-05
d34d50b7ad7857d89ec201de844bc110,22ea9677582d0e8c4ceeaa2a306fd486,delivered,2017-11-24 21:15:46,2017-11-25 00:16:38,2017-11-28 21:36:02,2017-12-04 19:55:07,2017-12-14,120f875c7db31f3a391a0feacbe05fa5,2017-11-24
9526afac09af0c00e87b74eb7290b6ec,020a406d49fb26441c5cab66fb8309bb,delivered,2017-12-06 12:41:52,2017-12-06 12:51:30,2017-12-07 14:49:02,2017-12-18 17:12:38,2018-01-02,ee62d5fbe74028c95e30c8b3ba740c62,2017-12-06
2ec087d40ad96030d054ef730191d7b1,7eed9c9e30469079aef5f771a837322d,delivered,2017-08-01 16:28:01,2017-08-01 17:20:06,2017-08-02 20:32:56,2017-08-21 20:29:29,2017-09-04,aa7853ce070036b66ac47b1d98f3cf3d,2017-08-01
15ae5aa73080f369ab385e40f2fd7957,ff6e5da88f99e07a1bd45f6e34b36950,delivered,2018-02-08 09:41:27,2018-02-08 09:50:30,2018-02-09 18:33:10,2018-02-21 18:18:58,2018-03-06,9986cfeff1088839c31b3ef953b74a90,2018-02-08
b05ccefa0dbc75b1e0307c4da1cdb772,33b227a9e9ab376b81f76585279e3dd1,delivered,2018-04-20 09:05:41,2018-04-20 09:15:24,2018-04-20 21:21:10,2018-05-07 15:12:15,2018-05-29,5232e2bc3a7efa19db39982eac1fe7fe,2018-04-20
65320cb291f4cacd8b0114a29eafa4c7,28802391b537abb352ee02f689cc7abc,delivered,2017-05-24 18:39:05,2017-05-24 18:55:17,2017-05-26 09:59:30,2017-05-29 14:11:53,2017-06-07,41fca1fccfc3da172a2fc165122218a5,2017-05-24
25343b5d23ba1a73d782fa405c9a5886,ad44127de955ed1bf705d59c99a27163,delivered,2017-11-21 16:47:11,2017-11-21 16:57:21,2017-11-22 19:32:50,2017-11-30 18:38:31,2017-12-13,c405bd6cf1561c5572c076d2d84e191e,2017-11-21
74f1a239af663d84eff6f108b68386c6,14ef2be9e656abe8c28f416025221fb5,delivered,2018-05-27 12:30:34,2018-05-27 12:55:39,2018-05-29 12:18:00,2018-06-19 23:18:27,2018-07-13,7c4d21b24f821267af3f2fe761629772,2018-05-27
2cbc139e18b171e8ef81d14f48800cfd,4aa9fe244974a2e7fbd663b9b992a3fd,delivered,2018-05-10 12:40:11,2018-05-10 12:56:13,2018-05-11 13:55:00,2018-05-16 20:42:20,2018-05-29,4cb2234479dea3ea781aeb843608954c,2018-05-10
54f18d2c10104fe74071a821eb92449d,04e5f0d91c302fcabf232b92782a2932,delivered,2018-03-03 12:42:39,2018-03-03 12:55:55,2018-03-05 18:08:04,2018-03-14 13:48:32,2018-03-21,840ba105605e7ee8fe5ad3590d6626c8,2018-03-03
4723c19c571b8206956b23f22bb10959,9f49b356352888c2be3e705569c7e896,delivered,2018-03-16 13:12:17,2018-03-16 13:30:40,2018-03-19 18:38:26,2018-04-05 18:26:48,2018-04-10,c490b206f51db42b71aa732ddd0d1624,2018-03-16
fd675af66d4e1a4c1a3bf57b8d31f791,dd0cdcf1e508e48373db51d8d34e3ed7,delivered,2018-08-17 10:42:35,2018-08-17 10:55:08,2018-08-17 12:49:00,2018-08-24 22:08:43,2018-08-30,d23774a753c9624d7411ddcaa24e2cf2,2018-08-17
1d50a1ce4cf6a22155891f66fb4117b0,1be4dacc77876796a16fe15cb714f4ab,delivered,2017-11-24 21:36:30,2017-11-25 03:51:45,2017-11-28 16:46:59,2017-12-27 15:12:19,2017-12-27,d2f3349e7c047fe8c4fe06a251027d21,2017-11-24
47106d9b98c54756baa304fa0f9c36f0,bf77f570c34b1a6960353879d4ba4414,delivered,2018-03-24 16:08:31,2018-03-27 04:08:42,2018-04-03 20:35:24,2018-04-09 22:44:49,2018-04-13,21511bebe1aae2c060a5ca3b95460c85,2018-03-24
2c819094e160c9568f99b6c9e2440780,7592013487e6871d1847d76f0c3f9441,delivered,2018-03-22 12:29:32,2018-03-22 19:28:06,2018-03-28 18:09:38,2018-04-10 22:28:54,2018-04-19,5d8c00a10fad119cd4068004726f634a,2018-03-22
b32226e3b83849c23551e39452d562cd,248707f9a94a18492fcd8bd5496b67ae,delivered,2018-07-25 04:34:42,2018-07-25 10:44:33,2018-07-30 06:17:00,2018-08-03 22:08:28,2018-08-17,575605c52d041c777fd46210b3e30272,2018-07-25
18fc9f8587ebe1c7f604cb74c9364dfa,394e76e6142e712aba5f104757d90984,delivered,2018-05-14 10:18:53,2018-05-14 10:35:15,2018-05-14 14:57:00,2018-05-15 17:00:01,2018-05-22,607a772369577442a4bd82abaf1623ce,2018-05-14
10251da35626072605d693e816f297ca,91226d2e0845a09fdd86f955c3f32c88,delivered,2018-08-13 15:27:36,2018-08-13 15:49:00,2018-08-13 14:45:00,2018-08-16 18:41:34,2018-08-21,d4759903941cecc9323f75fca90190c6,2018-08-13
0c3edd1850a593f62fea844191a4424c,b0f003ed46ad45423d4e117c617f8854,delivered,2017-12-08 12:44:05,2017-12-09 02:49:46,2017-12-15 19:53:54,2018-01-03 13:23:16,2018-01-22,9106b2a4072b234d5da81be12f0819a7,2017-12-08
1e48c52ecdb582b211ad22ae74ad2247,c32e37aa05c6b07e8b63defaa08a010d,delivered,2017-08-29 19:04:14,2017-08-29 19:15:15,2017-08-30 13:41:35,2017-09-04 22:07:59,2017-09-20,3ea4185126195c34ed9949d8e406d570,2017-08-29
6106af2a0590979c9d7c7918f6eae6ae,cc2f295002062005243ef38ca0f95ebe,delivered,2017-07-13 19:43:41,2017-07-13 19:55:20,2017-07-17 21:38:38,2017-07-24 20:24:49,2017-08-04,4d4882fc0915bf794b1270689b2c8072,2017-07-13
fb35078c4e6b1e02054bbc697aea411f,1ad3986272341934a66dc1ba2f26c752,delivered,2018-02-25 17:01:29,2018-02-27 04:31:06,2018-02-27 21:13:57,2018-03-16 13:36:48,2018-03-28,f4988f5829937b3dc3cb9c1abf91ac13,2018-02-25
da792ccf2fb581023240f57c7ad5c14a,02ddfa173e4b48752e94d36f0a12872c,delivered,2017-10-15 15:59:05,2017-10-15 16:14:58,2017-10-16 19:13:56,2017-10-19 21:03:30,2017-11-07,22110968b7f92cb18c28664efb35375b,2017-10-15
d77096ce04b7912640d76928106b9ad7,4e4f1fcd380e01475aa0c276ccadcca4,delivered,2018-03-28 11:12:19,2018-03-28 11:28:06,2018-03-28 20:52:11,2018-03-29 13:06:55,2018-04-19,297c96c54137df28ac996350c38196d4,2018-03-28
04af63a78c7e84943b8377fe1b7871aa,cc2799fcab7375793ea883dbed8a3141,delivered,2018-03-28 10:37:40,2018-03-28 10:50:16,2018-03-29 23:54:35,2018-04-17 00:44:29,2018-04-23,90879b5ecd87add418bcb7e0ecb7ce1d,2018-03-28
e258350306205f6294e6209d92b3470d,50217e5b14b101d3be258ea16edb2ec2,delivered,2017-04-11 20:27:48,2017-04-11 20:35:13,2017-04-12 13:26:42,2017-04-17 17:54:39,2017-05-03,0af136df8177209a0a52debd7b55d982,2017-04-11
cb6c4c26d63e67ece10d6bcbb79b8dc9,534c53be11d22733e3eed9d84538fbc9,delivered,2017-12-10 22:46:36,2017-12-12 14:16:30,2017-12-13 18:44:45,2017-12-18 20:07:13,2017-12-28,f1a428caa82c8125e6b82ade18238287,2017-12-10
d1c2348d6bb4417cb581eb1d530ae66c,13f36458253f2a3f64986d7f918df945,delivered,2017-06-04 23:24:36,2017-06-04 23:35:10,2017-06-12 12:45:12,2017-06-19 19:18:40,2017-06-30,d3bf3986a2abdb37cd39d13f62b134de,2017-06-04
7daad55127fc91c7f63ae6bd53fe7187,9170c751a78f8727112ac634f6897f83,delivered,2018-07-22 19:37:21,2018-07-23 12:32:08,2018-07-24 14:54:00,2018-07-27 18:34:40,2018-09-03,2097af5d28bb3ea0a2003ac1c4d53b7d,2018-07-22
1d2985e523eaab9f73fa2a2e820a6b12,4d3f111a7518b43408f6cf2d1e3979fd,delivered,2017-11-23 22:53:23,2017-11-25 22:53:55,2017-11-29 18:12:05,2017-12-29 14:51:15,2017-12-19,54012322ebf6df6d7883d471a41e8c90,2017-11-23
ea88261735a14be9a4c541e30342fb95,c2c6565d28436b02f51e2f1fc8371119,delivered,2017-11-15 21:46:02,2017-11-15 21:56:07,2017-11-17 20:09:34,2017-11-23 21:28:50,2017-12-08,fdf0f44913b448e0d5605ee3b4666e26,2017-11-15
fbb1fd2f76863e5576087bc1e34b91ea,359b60906e054b0e8cb0310043d5a375,delivered,2018-04-11 08:50:52,2018-04-11 10:50:56,2018-04-17 00:32:29,2018-04-20 17:52:43,2018-05-07,c97f9c6d2d750144c0a5a02bd974c8c9,2018-04-11
72705672ab6238e6354d9889c34ec409,35fa7db08a8e6c05761c71cc07bac716,delivered,2018-07-04 17:02:02,2018-07-06 02:51:03,2018-07-06 10:28:00,2018-07-09 22:10:58,2018-07-18,8a04cd485d578904eed5263be0df576c,2018-07-04
7dd3168bde7bc0b9b26ffbcb40ff9150,61a009b8ff38558e6d4b09968e4e2513,delivered,2017-12-05 00:47:56,2017-12-05 09:41:21,2017-12-07 01:32:02,2017-12-19 16:59:13,2017-12-28,5d53bd6cd6c374a1b392e2b95cd91174,2017-12-05
2efe2442effe17b5a17637c88ac2d0d8,4df00d75c69bb49ecd3bdf6d667e4d18,delivered,2017-12-04 09:58:10,2017-12-05 11:25:09,2017-12-05 19:35:09,2017-12-07 16:22:50,2017-12-21,51f0825aa0364c01e2565658d3a492f1,2017-12-04
2e1b235d488deb88fb0f9282e48e9ddf,fd138d85cb1226958bbf31bb6f618d7f,delivered,2017-11-28 17:57:00,2017-11-28 18:16:28,2017-11-29 21:53:07,2017-12-02 00:33:30,2017-12-21,6b6e194e66cf82fc985943208a391e09,2017-11-28
993bf2a40855c39703b0ac1339be7fbf,3e89ec8c985e880a86ec677401c68e51,delivered,2018-03-04 19:58:18,2018-03-06 03:51:19,2018-03-10 00:02:24,2018-04-24 11:41:20,2018-04-02,b12c9ce10b3038f52af3abb5b81ef46e,2018-03-04
517764046d20478235016a57ee3d7f4f,8aa1b4bda7936744ea5b49e61a3668e0,delivered,2018-06-22 15:13:36,2018-06-22 15:38:24,2018-06-26 14:07:00,2018-06-27 18:32:42,2018-07-12,45cb061fabf200a60a14ecc396630eb2,2018-06-22
4d29d8084fed9bcab27bf7825de59273,dd977229cead68422de7f3e250f0d78f,delivered,2017-12-04 23:42:42,2017-12-05 10:30:42,2017-12-06 15:12:35,2017-12-12 16:29:03,2017-12-27,ede923bcc4475f7db65b66303b92f28b,2017-12-04
880d05a97ca1886faf05a9315d0a3073,18cf299c9041729d3bf4dbe1be44a06a,delivered,2017-11-13 18:23:46,2017-11-13 18:35:24,2017-11-17 19:51:17,2017-11-21 14:13:26,2017-11-27,b8cc8bf5c9c45fefbcdffa0ba61001ee,2017-11-13
ec6fad60162a199dc5aa0cbb021b26a8,3c10097a8f8f347a14f94e0099ae17c4,delivered,2018-08-04 16:03:59,2018-08-04 16:24:07,2018-08-06 16:48:00,2018-08-10 19:32:52,2018-08-22,0718a12f2357ad8587a8378e379480f6,2018-08-04
9878cf05ddc72172379e9305a3d1bf46,8e90800b3aa14d1beee20df3a112f409,delivered,2017-05-17 09:30:27,2017-05-17 09:45:18,2017-05-18 06:46:53,2017-05-24 11:25:45,2017-06-08,6831390f2a70c659ef858e0fd7d9abd2,2017-05-17
78ac0881f0e98a1afd25f066d5451d70,bd2957d5d4bf88bcb379f95a029bc3c8,delivered,2018-01-25 14:04:44,2018-01-25 14:20:04,2018-01-26 00:42:59,2018-02-06 21:05:21,2018-02-22,96d3a3257161c32fe93aea0e38b16515,2018-01-25
53f47eb788d813aec3149697d6501eb5,a6f6f997537338e883ff387f4a8f4a0c,delivered,2018-02-25 22:54:42,2018-02-25 23:07:52,2018-02-27 19:15:36,2018-03-22 19:32:52,2018-03-21,215a8fcd73fa5a3fbbd1941b75f00f38,2018-02-25
d2dff3a34116ee2b8d30be3c765ac94e,d36963f1a06842eb57a96a1da29cd66f,delivered,2017-10-25 11:47:29,2017-10-25 11:56:22,2017-10-25 19:32:33,2017-11-07 15:06:52,2017-11-16,62aabb1659773ca5fa16084982c664f7,2017-10-25
26b9d973779b9fe3d4496521aa4d67e9,5d96eed4195d10be7ec450423d9e5635,delivered,2017-06-20 15:02:43,2017-06-20 15:15:17,2017-06-26 12:56:00,2017-06-30 16:22:01,2017-07-10,b95dc1ecf5d020423b3bf71895d9ca79,2017-06-20
8b57c0e23a2516e0b9a5259c83fc0883,49673e7454cc72d72b42277eb3c2e871,delivered,2018-03-05 16:20:45,2018-03-05 16:35:43,2018-03-06 20:35:40,2018-03-16 00:46:30,2018-03-27,79b9670556441d20b91695d9fb3b285e,2018-03-05
056ab23f23c13e810d9ab8cbf9fd477d,e92123d0ebc71e37e389e112544064bd,delivered,2017-10-18 13:54:02,2017-10-18 14:14:21,2017-10-20 17:53:57,2017-10-24 21:46:14,2017-11-06,b3bda7119957fa2b748eae87e839c41e,2017-10-18
74538272adfc2f280e36afa024395915,55629bd5a2549b657d28239623b50507,delivered,2018-04-20 20:31:49,2018-04-24 19:25:21,2018-04-24 22:26:46,2018-04-25 22:51:47,2018-05-11,19d79b18bbe2ba88beaab35d7074a6f5,2018-04-20
d9237a626ce181c849177a05d3e863f2,9175240181368ac501eeadc42307da05,delivered,2018-02-13 20:33:01,2018-02-13 20:50:31,2018-02-14 21:49:06,2018-03-19 16:42:24,2018-03-12,716e8ba7640f8e31ecff01158e45e859,2018-02-13
fd8acdf929a762e10cb02698d2116fdd,d784edc44b66b9f9473bc9be729e32b4,delivered,2018-05-06 19:03:22,2018-05-07 18:15:39,2018-05-11 06:35:00,2018-05-17 18:52:06,2018-06-01,d052fe86655dae0e952c1bacbbb99d7a,2018-05-06
60e87cace48a50a9c3524841a75ec0dd,71c688d6ef8c2e62746bbcf7b30fe8f7,delivered,2018-03-03 13:35:25,2018-03-06 04:08:28,2018-03-08 01:26:39,2018-03-29 21:51:29,2018-03-26,bbf69339c712d7d92bf0696c77d066c0,2018-03-03
5e791294b4404ec12340f4c938c10cbb,80ded7f148068beb75d793df04bb020f,delivered,2018-02-21 12:02:05,2018-02-21 12:28:16,2018-02-22 13:43:04,2018-02-24 16:19:22,2018-03-16,3b3152c31ea801918e2e1a13c0d68a62,2018-02-21
982922a8af746de85725f937892b8a89,47381fda88f3e74127cd0c1f528704a9,delivered,2017-03-06 12:36:12,2017-03-06 13:10:38,2017-03-09 08:47:45,2017-03-14 14:45:53,2017-03-27,99d7b45385e8305c51ddf1c27d2ea861,2017-03-06
89a6292b97c0dd8f29261b64ad8aabf7,0163303a840691e9f9378d1e41f4849a,delivered,2018-07-07 11:17:07,2018-07-07 11:30:09,2018-07-09 15:37:00,2018-07-23 14:25:09,2018-07-31,2db30afa2e791f20edcaf11c2522572d,2018-07-07
bcadceb3349706d0baa8857a30fe542d,d6cf4dc1013cd7678d71fa00d606d2d1,delivered,2017-03-19 20:10:54,2017-03-19 20:10:54,2017-03-21 12:07:04,2017-03-25 11:51:36,2017-04-06,10173afeb5a938917553c2cbdabf238a,2017-03-19
19259f0b5b74280e512323b689882554,6dedeae7b8c0e0c702ab48b5feebbbe5,delivered,2017-10-06 18:05:23,2017-10-06 18:26:04,2017-10-11 20:58:13,2017-10-20 23:21:22,2017-11-03,87a3a718406a3860e6e86b4cd028131e,2017-10-06
750a504dabdd1c0910ec98db80d14ea2,6327876b7962247ee1bc5ed656164735,delivered,2017-07-24 20:24:41,2017-07-24 20:35:23,2017-07-26 03:11:58,2017-07-31 21:57:33,2017-08-15,6e8ea825d9f2edbf2a6e5531fc09d702,2017-07-24
bd91d8a02fc739e7328423ca02a20b36,28c4f4d41fb30428592b5189227fc604,delivered,2018-02-19 15:37:39,2018-02-19 16:46:55,2018-02-20 23:08:55,2018-02-27 01:10:02,2018-03-13,011784926e81122b1abd0210b5888c22,2018-02-19
7c6a24cab7128145feb51412987798c6,1726600c085f65e9200ef2b46f28c58a,delivered,2018-07-16 17:58:34,2018-07-18 02:45:23,2018-07-18 12:08:00,2018-07-23 19:59:33,2018-07-31,c15e2b7e05c336326e60a103ef5c9ece,2018-07-16
88138c1ad58f2e3eb654cfc1ba222742,edfacba557aa99092bb3d28b74fec87a,delivered,2017-03-23 20:15:11,2017-03-24 18:35:23,2017-03-27 13:34:50,2017-03-31 19:10:06,2017-04-18,5002126621a654c0930d9127d2096250,2017-03-23
81ae37f8ac6c04f48ac5a71303729abe,3ac3d7c491b558c46250c70bf4d7d5f4,delivered,2017-03-24 10:28:01,2017-03-24 10:45:08,2017-03-24 13:29:42,2017-03-28 13:48:10,2017-04-12,2a180de94cf2fdb46378f2b7b7eb2e7c,2017-03-24
fd40274bdf68e12214590fec7fa3cb2b,18f912a4801eb7e8c09165bb4006bce9,delivered,2018-01-14 16:54:23,2018-01-16 03:35:47,2018-01-16 19:51:14,2018-01-29 21:53:01,2018-02-09,1e24c828d32b3d5e3c954072d4082d9c,2018-01-14
de31b55d7cafcd6ebb9bc6aa3c28a55c,d73b6abec0e5dc2e02540bac3bb4d9d1,delivered,2017-08-06 21:00:50,2017-08-06 21:15:18,2017-08-09 20:12:07,2017-08-14 19:18:52,2017-08-22,b563ea46e965d1c94a667daeb607eec0,2017-08-06
ad387b2b2e337348802ec4cd93bbadb0,b698ea7fde13101fa5b6fb1382b4e112,delivered,2018-01-02 14:44:14,2018-01-02 18:35:23,2018-01-03 21:42:47,2018-01-08 22:04:14,2018-01-18,6f36e0165218ac7ae521d8e44739e703,2018-01-02
5b10c1ea42ad4886a60a80796ed33b5d,7122f92d44030f687a8d75108267266e,delivered,2017-09-26 14:16:49,2017-09-26 14:35:48,2017-09-27 13:15:03,2017-10-09 19:25:54,2017-10-24,d47beee9dac3764d0d9c2cdf856976cf,2017-09-26
be09db52db4a7ecc5721c0354ae9a35a,70f8f32f2378bffb632c545370806068,delivered,2017-08-04 11:14:26,2017-08-05 03:03:29,2017-08-08 13:18:09,2017-08-11 16:23:24,2017-08-29,f4e6efcdd199b756ecb90fe5df92a84a,2017-08-04
594ada7b4f3779b23f96418739414ec3,8607daf248ac59472ae39e50998c2b88,shipped,2017-04-07 23:04:53,2017-04-11 03:45:32,2017-04-15 07:29:28,,2017-05-08,d9583b15468327017be6a7ce27db31a1,2017-04-07
565c6c5797c586709ed3a67c9abc0223,cd5d44a85e291367d489b1c5d5c5450b,delivered,2018-07-24 14:03:52,2018-07-25 02:50:20,2018-07-25 13:54:00,2018-08-21 16:08:59,2018-08-10,5043bc86d7ef76a990557af7e00b0698,2018-07-24
be84bc9735389c25de6ad5a664bff358,7c011d1a8f790c0a6c54b7b83a69fbdb,delivered,2017-12-15 12:21:59,2017-12-15 12:32:46,2017-12-19 15:07:49,2017-12-27 20:34:05,2018-01-15,5ac93723c391241928f3c16f2149fc8a,2017-12-15
be8b50c8a24a137dbed81d6c202e8d64,70c7804a7d4f3611fa109b8034298c10,delivered,2017-12-03 23:17:00,2017-12-03 23:31:38,2017-12-15 15:41:43,2017-12-26 16:49:02,2018-01-10,5b1c8840f193d447fa06ec6cfba429ec,2017-12-03
2ffadff8f7a40dbdfca0c73854250003,ad66a3e06344ada3132a93b18f12749e,delivered,2018-02-15 10:04:06,2018-02-15 10:40:28,2018-02-16 17:45:11,2018-02-27 12:43:56,2018-03-14,850a6b5b82c33e02095e733b2e4c51fe,2018-02-15
5d8e9c0a711b826b72298f9abeb269cd,b21ff624eaefac438d7923cd142bd9c5,delivered,2017-02-06 12:19:55,2017-02-08 03:15:13,2017-02-08 11:41:17,2017-02-13 15:12:46,2017-03-01,ce7f6dcf999eb7a6e372fe497efc446c,2017-02-06
3da82f366802e4512789763543d67ee2,4beadf262af38001f057649e9438d9ac,delivered,2017-03-26 20:09:34,2017-03-26 20:22:29,2017-03-29 13:55:33,2017-04-07 12:42:27,2017-04-18,b298610969062f1695744f347006695d,2017-03-26
15e76da51e30092973501aec21769ee2,65bb4f2eb2155f9248ac7e57f1f82885,delivered,2018-07-04 20:41:03,2018-07-05 16:06:59,2018-07-05 14:19:00,2018-07-11 16:51:35,2018-07-25,f5d67a2adadf9cf99544c7fb44c0bd19,2018-07-04
1cfcd5c4f5a2993d6afb0d7b0227bbbf,d7d624b00f8df1e9cda80e44081a0c6d,delivered,2017-10-31 22:14:43,2017-11-01 22:31:00,2017-11-08 20:16:40,2017-11-22 20:56:46,2017-11-27,01575c2596c13ff2422df080a71b481b,2017-10-31
8be7f2e3e5428d0a09ffd89441878d38,f412c0b64f02ea79f8a52d6fe4532b3f,delivered,2018-01-24 12:52:59,2018-01-25 02:39:20,2018-01-29 18:17:13,2018-02-01 22:29:19,2018-02-19,23eb7c40dc95aa4d44040b0ac11d5aff,2018-01-24
4d1f435f8c84cb13a87a5d79b5813566,84136a4330f1da183e8cb4db7448b838,delivered,2017-05-17 18:26:21,2017-05-18 02:15:46,2017-05-18 10:04:22,2017-05-24 15:53:36,2017-06-08,f4ce9f885889682da2e2b0728ce92a62,2017-05-17
0f275b411f77d6ea9ac2132609f4a332,9229b64a5b32e5a03c5f13463f2e256f,delivered,2018-05-30 17:44:18,2018-05-31 03:15:25,2018-06-05 11:09:00,2018-06-07 22:51:55,2018-06-25,450afb6ff577e71b561b1aaf4072c8d2,2018-05-30
4cb6724895c8e8ab39e7b344bde87e22,72024934cd5851876fea593673f1fc38,delivered,2018-05-06 16:02:37,2018-05-06 16:30:45,2018-05-07 14:56:00,2018-05-10 20:23:58,2018-05-23,6dcfbf03e3b9454a0a0f197f6eed055d,2018-05-06
456e593fb7f3e6083eb5adf9a48290f8,a8db1a617aa5a1a57f98222e589bc508,delivered,2017-09-12 08:10:08,2017-09-12 08:24:51,2017-09-21 14:56:18,2017-09-26 21:17:46,2017-10-18,3e86791737ee1ccb998232c50eda57e8,2017-09-12
c72c0ab643f76818c56b7c135e806360,399caeab35aff97623b1e8fc27bd55a8,delivered,2018-01-17 21:35:32,2018-01-17 21:50:25,2018-01-19 00:15:42,2018-01-20 11:39:53,2018-02-01,e79940ac70f06b81c97a65fd77786848,2018-01-17
12fb8b575f3f6d58ccbafba1294177e5,ba0cb3c8fdd57a9f03fe71f48986dd8c,delivered,2018-08-25 13:07:13,2018-08-28 03:45:21,2018-08-28 11:33:00,2018-08-29 18:36:36,2018-08-30,e1e31ea94bc398a8158ff5e7724fb645,2018-08-25
4d2c3fb1909604d5f9474e4675971ef2,2cb0c084ec56c7fc7d6278cdd8787670,delivered,2017-01-29 14:05:53,2017-01-29 14:31:49,2017-02-02 16:10:18,2017-02-15 17:27:46,2017-03-20,259a143b745a93c577b929e9fe90adaf,2017-01-29
7c67e69218256034fdfb7f4507c85906,6f4b3d02722aedcb77dab393bc2d019b,delivered,2018-03-13 23:35:05,2018-03-13 23:48:05,2018-03-14 21:08:54,2018-03-21 23:05:41,2018-03-23,81e1c78e63704408fb9040e531a461bf,2018-03-13
93667ea4f04019c0c0010be42972ab42,398231295b265721a9760933623bf01c,delivered,2018-01-15 13:24:40,2018-01-15 13:34:38,2018-01-17 15:06:00,2018-01-23 18:23:06,2018-02-09,c0b15c9452d7289bf41ba7a6023fbaa7,2018-01-15
07b1682544dc5cbc0eb87fb56e1374b5,d8a0e0a95a125e99270837c560431d9d,delivered,2018-08-09 23:44:30,2018-08-09 23:55:13,2018-08-13 10:56:00,2018-08-17 19:58:31,2018-08-20,9bdeb44994c8a469d0555497fd70c3d5,2018-08-09
00ec95a58b63378d4cc06d196cdefdf6,db524d69694d9b945d58f4dad03d914e,delivered,2017-12-24 14:17:08,2017-12-24 14:28:25,2017-12-26 21:47:45,2018-01-03 16:50:27,2018-01-19,a046d29175845b313e52f2dff96cc050,2017-12-24
7a51623eac0baa7ced238c796b3ed548,5035374c3dbc630f2e7b94479238d566,delivered,2018-03-24 15:40:00,2018-03-27 03:51:10,2018-03-27 18:18:43,2018-04-07 00:20:40,2018-05-07,267b78924d58c06f82081ded41b81d65,2018-03-24
bd8140fa5a6e24ece48b36114f0fda66,dfabe2a9f4e2fc9e248eda9e0d80a369,delivered,2018-06-12 09:06:42,2018-06-12 09:18:33,2018-06-14 14:35:00,2018-06-18 16:36:55,2018-07-12,ee4fb55368c4c4fa5069f4c7cbe0ed2e,2018-06-12
c2f195a14dc5e3a2f1f0fef011fa7273,588a5d3db1fe51651fc39b75934e299b,delivered,2018-04-16 10:08:22,2018-04-16 11:11:20,2018-04-16 22:12:18,2018-04-30 17:03:14,2018-05-08,c88bf24916b70d5c2df7616e534861e4,2018-04-16
dae7f9d0e25515e268456f392f53751e,5532be41e9d5c92ba7a6b9c6937d429e,delivered,2018-07-19 20:33:49,2018-07-19 20:45:12,2018-07-23 10:04:00,2018-07-24 12:08:26,2018-08-01,e4ccba2bd3c63fd05d8db68df49391f5,2018-07-19
8c0c24dbbcc3943b962f8833a34fc82b,856c19561103e884f6578610d53a3216,delivered,2018-03-09 21:37:45,2018-03-09 21:45:38,2018-03-12 16:18:32,2018-04-03 23:18:38,2018-04-16,27fdc7e88309799b55298d3be5ae1ccc,2018-03-09
5c3f34d1746b84450b26112f62f6419b,77b6059400dbc3ee923b21ff062612c2,delivered,2018-03-11 18:27:40,2018-03-11 19:40:32,2018-03-14 18:14:50,2018-03-27 20:38:17,2018-04-03,b7854c9bdaa0d9650bf2cf9a89399f8a,2018-03-11
ab30819331b8ee6115370bcfa01a8350,6bf24ac0cc80579b649a21ebb41ecd51,delivered,2018-08-09 14:58:57,2018-08-09 17:15:16,2018-08-10 13:55:00,2018-08-15 20:44:24,2018-08-22,e113cb9c49920e9c491c8d676483ebe6,2018-08-09
9f3247c16b13602a3113cf538e9b0d2c,65c63c2b1782cb7ad6d56e8d5e3192ad,delivered,2018-06-27 08:31:42,2018-06-29 03:07:52,2018-06-29 08:56:00,2018-07-10 19:16:40,2018-07-26,08e317b27a267a1ac9dc207c95271ec3,2018-06-27
e4e28f77bd50442ca9e5d0b0fd55c7bc,c7dec618e4985d345609d98e43240ce6,delivered,2018-08-19 12:33:05,2018-08-20 11:35:17,2018-08-20 12:34:00,2018-08-23 18:58:55,2018-08-31,f2b9c7bc1551f6b12ae7581d792da02e,2018-08-19
75450feecb51c39e54f4bd4c74b867e5,02051904557f3bb3741f7b233dfc5ae2,delivered,2017-11-17 20:39:17,2017-11-18 02:48:58,2017-11-21 17:22:04,2017-11-22 23:28:26,2017-11-30,094d93181d7666535298031625418b08,2017-11-17
eac8153088769b2459afd8e2a7b34ab2,5adbdd84ac9f7e85e84a0111f41f91dc,delivered,2017-11-24 18:08:03,2017-11-24 21:31:19,2017-11-30 19:05:15,2017-12-15 17:59:09,2017-12-26,9b2a37f033bab5386e61e5bfda347128,2017-11-24
1c75d337e19f5c35ad9fd80d51153208,4dff08f22a5b8992c54b951f8fbc6885,delivered,2018-01-28 20:51:19,2018-01-28 21:18:19,2018-01-30 02:19:08,2018-02-06 20:22:41,2018-02-26,a79483eae1c5012febd7a93c1adbca21,2018-01-28
8087ec71e393d4dc6fc48041fe63cd51,b8dfb418e6cad762b91febf827d4b2e5,delivered,2018-05-14 10:03:57,2018-05-14 10:15:20,2018-05-14 14:25:00,2018-05-15 19:12:01,2018-05-25,ae85516c85361785d9151930418af0cb,2018-05-14
e7d87f6dcb51883dd0df89721a08492d,e7087b7c0e1d48db38ceee27de0776ed,delivered,2017-04-15 11:46:28,2017-04-15 12:02:56,2017-04-18 11:40:04,2017-05-05 15:53:07,2017-05-16,17bda99b9213ce97c87ba6ced32e791d,2017-04-15
d3aae1141577275792d2c2b724f49819,70bbf6c3c79d50bbe43fff88f778a647,delivered,2018-02-05 17:57:06,2018-02-05 18:15:34,2018-02-06 21:33:13,2018-02-08 03:07:29,2018-02-21,91fc3f0cd040b13a738de0f4121f2831,2018-02-05
e8570cab2c50d7a922f29d959fa57a2b,ff7c2f095c37954b032ddc50f6b83448,delivered,2017-11-25 20:17:40,2017-11-27 20:18:43,2017-12-01 21:23:53,2017-12-08 13:28:48,2017-12-18,db23d3524d9e1ded4ec9fb121a401b45,2017-11-25
8b1386c62489fa3207c75cddb43f7e5d,d358024dec4f6978797c2b67f1acd4b3,delivered,2018-05-18 00:35:10,2018-05-18 03:56:23,2018-05-18 14:57:00,2018-05-22 17:26:31,2018-05-28,c5cc0bee4b73138ed973a1720df085aa,2018-05-18
807bd7d79398132db47a02f8d49c60f8,5bfe21e1241a461d88c63968f8724e54,delivered,2018-01-25 16:30:47,2018-01-25 16:59:42,2018-01-30 13:56:14,2018-02-25 16:09:05,2018-02-22,14919e7b462ba02cbc29ae1a65c9ef21,2018-01-25
09af99436ca3dc8d1de0f26ce6857112,7468faf86269782bb3b6c30713954d28,delivered,2017-08-12 08:39:16,2017-08-15 03:30:24,2017-08-24 19:56:47,2017-09-02 14:24:04,2017-09-18,b337dfe78537a9b13455623c29eb6de9,2017-08-12
ae9a443074a6efcdf3daac224dee1b2c,5a28c4507c698a19a3b083e86004a165,delivered,2017-08-21 14:23:32,2017-08-21 14:35:47,2017-08-24 15:33:30,2017-09-04 19:40:04,2017-09-15,419c97ceeb51b9e613885a86def7d543,2017-08-21
a073890ee9e11b5aafa384ca67a12ba6,880351466758dfa253366ce3fab8f17f,delivered,2018-01-22 10:15:46,2018-01-22 14:15:59,2018-02-01 20:17:29,2018-02-09 21:44:52,2018-02-19,cb6ae78ee67b303e6feba50b0e4960c0,2018-01-22
f3e5a0592463640ef9fd04d79724dac9,0fd1a2fd6d21083ecb4e80c40cb7927f,unavailable,2018-01-14 12:21:39,2018-01-14 12:29:20,,,2018-02-05,c163865a07c3b408beaee0c9aef7d9fb,2018-01-14
2555b76d4dee02026ccde36884f09c84,62c4a02553777be2e7e3c17581e083f5,delivered,2018-08-14 07:54:20,2018-08-14 08:25:12,2018-08-14 13:11:00,2018-08-15 11:58:42,2018-08-21,2d7d009b35fd30434c8753a42e6a339d,2018-08-14
11fb3a6f90bfba7e4b6717e62fe6cbc1,4af4975d2cb4cecda86dcc1716bd2f14,delivered,2018-08-07 22:36:06,2018-08-07 22:45:18,2018-08-14 09:39:00,2018-08-15 20:02:35,2018-08-10,36bd892f6057fa876faf6352fe330a6a,2018-08-07
598796ca1dffa87337f6d02b8d47bae0,37922a02f44c5b80004b14cb9a0becb7,delivered,2018-02-27 14:59:25,2018-02-28 15:20:34,2018-03-01 23:55:02,2018-03-16 19:08:32,2018-03-26,4d0bd25308e9d7d0a301223f3d814f85,2018-02-27
6aaac69ff588fc4e1f1ffddbc682e406,55e3493f90cdb6ef93798027675fe8de,delivered,2017-12-21 13:39:42,2017-12-22 02:38:55,2017-12-22 19:29:09,2017-12-27 18:48:28,2018-01-18,c3c96f6c92c8a3cc6f70ee5a657a1bca,2017-12-21
3c69501ebecddb728391d2803da61bc9,b04a99794ac85a91811678bfec0b441f,delivered,2018-02-01 23:32:42,2018-02-03 02:53:51,2018-02-06 18:28:54,2018-02-22 01:28:59,2018-02-26,9bbb6d6f5cebf793ebd291fde9fb9d75,2018-02-01
5d0db9d992f9f02d3bdca8a7e64c2c27,228197f0dbebc485b65d117dee5bc7d5,delivered,2018-06-08 16:36:35,2018-06-08 19:31:01,2018-06-14 14:17:00,2018-06-15 10:55:58,2018-06-21,6e8bdf119d6b66eb1317ece4c25f9f34,2018-06-08
c5b2cdb26dc414bb98b395e8d13afa55,27ae4f0622679f39299ec3dc310957b9,delivered,2017-11-25 15:34:27,2017-11-25 15:52:07,2017-11-29 23:24:46,2017-12-12 02:09:42,2017-12-18,c8b19de4180ad62409d2eb3dc563c1c3,2017-11-25
c2b3d03191d2e4327d41e4bb365a4328,83063b4aa0416271043f1ccda0801382,delivered,2017-03-07 14:16:37,2017-03-07 14:25:10,2017-03-15 11:13:28,2017-03-21 12:47:58,2017-03-28,3ab51a84510acf6fe2afccb2aacd76b7,2017-03-07
22107f4fc133c3bfb9784d3e264f61a3,b9bd0125bcb3811b5c293767d5df01bd,delivered,2017-05-18 17:35:59,2017-05-20 04:15:14,2017-05-22 11:28:16,2017-06-05 12:32:54,2017-06-20,72181e64136175fd1000c8af3a087b1f,2017-05-18
e2cba9bee26acacfd8100088c465cce4,1a2821a2e92cf93fa1635eb0b3775ace,delivered,2017-12-19 05:42:43,2017-12-19 06:51:08,2017-12-20 19:39:12,2017-12-22 20:39:03,2018-01-12,70301687588c5e107bcb87aa0c217d31,2017-12-19
8f5e238b871f4bf8132d533e4c41d871,4bedf4bc54377a7fa710ebacf54882c2,delivered,2017-07-13 10:28:17,2017-07-14 02:15:23,2017-07-25 19:32:58,2017-08-01 17:53:01,2017-08-10,c0fcd6e2e07097e1461b44aabb0c3306,2017-07-13
b2f832c9f6b30237f231cfc09f82ffbc,dc7b3fbf491155c69e07b131497d4493,delivered,2018-08-25 20:08:25,2018-08-25 20:24:15,2018-08-27 15:18:00,2018-08-28 21:12:21,2018-08-30,878ddb99a1af6e5b498057efe78a6173,2018-08-25
2fdca5b7401ab483f6f3ef78f46f32f2,adf266ab12f2957c0df3d71579732dec,delivered,2018-06-05 17:40:36,2018-06-07 03:12:31,2018-06-07 13:32:00,2018-06-10 14:37:37,2018-07-12,67269541bc1e81487b0e59abad562bb1,2018-06-05
5b5e27caef5edb9446df0a7c106285dd,5cd7f8dd7264dd47db8a1e4b858da412,delivered,2018-07-04 18:27:57,2018-07-05 16:23:07,2018-07-13 14:57:00,2018-07-21 15:27:31,2018-08-13,5cc037ad2e2050e7b27fa7252c09c4ee,2018-07-04
e4f9f2ec9d36b1dd79294049aa6076c4,2f6329aaea64611749c9d0910d486422,delivered,2018-04-04 09:04:20,2018-04-04 09:15:27,2018-04-07 01:16:56,2018-04-11 18:42:07,2018-04-20,5750845e565a1d60844f34aca08c5eea,2018-04-04
91fbb4bf79cbb5c19eb018248c0fe683,20c14c96fecacc6b346f159123bdbb26,delivered,2017-08-14 22:31:03,2017-08-14 23:36:01,2017-08-15 20:14:51,2017-08-25 17:41:47,2017-09-05,d46a2334f943f31facb0d6593f1413c4,2017-08-14
2964eb001b521cc23017f1c007a6712b,29ff70b758921d4180c24dd3d9c068e2,delivered,2018-03-22 17:46:09,2018-03-22 18:05:23,2018-03-26 23:24:29,2018-04-05 14:54:53,2018-04-25,e72ed956534642d2d41d7b90dd18f378,2018-03-22
854ebcd4c13f49162d6b07c1813f71d2,0f4f8f1c93fa4e87b000dde5ce03ffdd,delivered,2017-04-15 14:45:34,2017-04-15 15:01:56,2017-04-20 10:33:27,2017-04-25 11:20:08,2017-05-19,aa45ad6fcba95488ece6beda576c7106,2017-04-15
9d973dba6f397c6270c81dd253e977f8,39b63c587a67ad257832378a0c2d14ff,delivered,2018-03-01 22:48:01,2018-03-02 22:55:27,2018-03-06 19:05:06,2018-03-11 20:47:23,2018-03-13,b5522c0d915588419655dc549f02a4cd,2018-03-01
d4eff6641558ecdca48ded390ea2e5a9,743d5f9183ff8a1f2f80103605137dcb,delivered,2018-07-26 12:13:58,2018-07-26 12:25:20,2018-07-26 14:26:00,2018-08-01 21:33:57,2018-08-09,d76e1d31bcf40d163e5b01710e306154,2018-07-26
7fd7278c76aae9bebdb986cfcd977150,60c16eb41f3a799f846a7789e5ff7346,delivered,2018-05-21 01:09:57,2018-05-21 01:37:52,2018-05-24 16:15:00,2018-05-25 16:07:37,2018-05-30,62723280acb06d0262089399552c8f20,2018-05-21
4abc892aa491e88ee079c2fa46cfd508,f6cafffea98eec265ab4cf85e499141b,delivered,2017-05-03 17:12:57,2017-05-03 17:30:14,2017-05-04 15:04:48,2017-05-16 08:29:47,2017-05-26,22876ec792000c7850b9a1923280f98e,2017-05-03
69dd35d1bce2181b2f3a56d5f4159831,59941adf97664d2158b52f86297f0659,delivered,2017-09-23 11:32:58,2017-09-23 11:45:38,2017-09-26 13:13:28,2017-10-05 22:34:09,2017-10-24,6acbe9a0b796a069ec0dc400d74539fe,2017-09-23
295a37d27898b26b2a3768bcff6f5dac,2b136f8cd495d93d9b5a47bf86fcad32,delivered,2017-05-30 23:18:08,2017-06-01 03:50:16,2017-06-01 15:11:37,2017-06-07 11:48:19,2017-06-22,da669ebcfaf64763b16527112b99d021,2017-05-30
50ae47026ede04338be3d8711d8e8a7a,5f93f6d3c6138e72d4c9da1b3ea30ae4,delivered,2017-09-03 15:40:26,2017-09-03 15:50:11,2017-09-04 14:49:47,2017-09-12 20:42:05,2017-09-21,2129ef15b2761ae29663d414cb66978a,2017-09-03
30ae6774935cd2a70fa74306f407495b,ce0ae5c05efa10263bab504ec83c6a92,delivered,2017-09-27 08:20:09,2017-09-27 08:35:13,2017-09-27 18:27:54,2017-10-04 18:24:17,2017-10-13,32ea3bdedab835c3aa6cb68ce66565ef,2017-09-27
069b0c9fca582b429e998f512a4c898f,7dd6f8c3cae6fc87760b95313f7d8077,delivered,2017-11-29 14:47:08,2017-11-29 14:58:51,2017-12-05 22:58:50,2018-01-04 13:56:13,2017-12-27,b7dd277fdffb910b0e9d77e8494a8ebb,2017-11-29
cdaf88f241736cd97fe9081c04c55c80,305a9e259688ab7df0108a28782b1c35,delivered,2017-08-17 14:17:41,2017-08-18 14:25:14,2017-08-22 18:34:30,2017-08-30 22:03:16,2017-09-15,8d8c6cc303025f804c695c5feb99fde9,2017-08-17
a5ab79112c78debd4b955110537a446c,3944f41fac367b589b94741981b484d5,delivered,2018-02-01 18:25:20,2018-02-02 08:11:12,2018-02-03 01:26:59,2018-02-15 23:12:54,2018-03-02,953a764d4d1592d1776410e0f8aef17b,2018-02-01
02542d42d329f6514533eef3af91edf9,84171de389927066b2f82ff038e94cb7,delivered,2017-11-07 19:32:45,2017-11-07 19:51:15,2017-11-09 23:37:40,2017-11-16 22:18:38,2017-11-27,1b61b6490c6d609224d6e8bb4bc415a4,2017-11-07
c77dc8cf9ea2034e02bdfe5231d51423,80db197009855f59c9777f86181fb1e2,delivered,2018-02-26 14:02:32,2018-02-26 14:15:30,2018-02-27 20:04:14,2018-03-05 21:37:08,2018-03-12,cfd26abd8d2819eed1ff52a014b6bc50,2018-02-26
bd971b573fb91b8be91c02b0fc251b98,ad71f758115aab8640f4f9ede9e8d4b3,delivered,2018-08-10 18:10:38,2018-08-10 18:25:17,2018-08-13 13:07:00,2018-08-20 18:24:39,2018-08-23,89b0378e12845c395b78ffd47eb66f46,2018-08-10
4b8a2d2dde058d83b31fa4f3d9ed88d8,51d52a9907237881a32e3afe1149fc65,shipped,2017-11-06 22:51:26,2017-11-07 06:31:26,2017-11-07 15:55:07,,2017-11-24,0302cb107f96a675ad5ec12fdb72635d,2017-11-06
152caeaa0e795b4b0def4ce51a118dda,2498060e3aa39980a87949fbbc7ae316,delivered,2017-10-21 16:39:45,2017-10-21 16:49:24,2017-10-26 20:19:57,2017-11-07 21:38:22,2017-11-16,dbcb5fdfa06b0e9ca44d899b25f463cc,2017-10-21
672bf50de46d0642f77ef0d01a96bf06,d1317c0d26ff17cbee1cc9e90ab521ab,delivered,2018-01-04 14:48:20,2018-01-04 14:56:20,2018-01-05 17:45:17,2018-01-16 21:29:06,2018-02-06,f3603469de1227ad310ef54f542f206b,2018-01-04
675abab9ccc9b20646e60d1846641618,ba34bfae97ed2bfeb61042af76893bd8,delivered,2017-07-25 20:52:18,2017-07-25 21:05:11,2017-07-27 14:36:50,2017-08-01 18:27:28,2017-08-17,224b15464e745161e85d336784429551,2017-07-25
ab452b890a65513948bf6a41d4ff3640,a86adbdb7f880f2e49c2c8fb1d06d79d,delivered,2017-08-02 14:24:42,2017-08-02 14:43:38,2017-08-09 17:24:11,2017-08-15 19:15:57,2017-08-29,8fbf80a3d6284d843ff2808c0ffe497a,2017-08-02
a196d7c6ecd939360a6dfbee0ebacadb,0c8211ae93a1392896f80bf97ac79163,delivered,2018-02-14 20:06:59,2018-02-14 20:27:28,2018-02-16 01:35:22,2018-02-25 13:22:23,2018-03-13,8e58b718adf51f5928dd98dbae28d89d,2018-02-14
0f305df13dc483e6f48055f1985d1cac,648507282c038156fdc8b79d27ec53ef,delivered,2017-06-15 19:00:28,2017-06-15 19:10:23,2017-06-16 15:49:35,2017-06-28 17:58:01,2017-07-10,e210ddfd2ab7a23d75a76d542bda45f6,2017-06-15
21f596bcb5e3700e518ed8ac55bb2766,40ed37f066a0b0cd73872fa1cbda8145,delivered,2018-03-11 12:50:55,2018-03-11 13:10:22,2018-03-12 20:46:30,2018-03-20 22:26:42,2018-03-29,ee5f6dec066e2bd63add3a080dad9380,2018-03-11
e36c97cb9a540d3d118ab4bf988868c6,c80af1412ad477cbbd8527725403e3a9,delivered,2017-03-15 19:36:12,2017-03-15 19:36:12,2017-03-17 13:33:24,2017-03-21 05:35:11,2017-04-06,8e65de42bac81c6aa9a9dd5a953afb9b,2017-03-15
733022e671d2bb3d8f678175a31177d0,cdfac3f96d217d92695d399b05fb39ab,delivered,2017-12-17 19:19:05,2017-12-17 20:18:21,2017-12-20 19:28:36,2017-12-26 16:40:14,2018-01-08,29f1fd191f8a695af4483d460fae9dff,2017-12-17
884199734cfb1a00ae1fd610a03e8a4e,fad867ccc296df4399f09533c10bb693,delivered,2018-03-12 12:35:35,2018-03-12 14:08:39,2018-03-13 17:58:53,2018-03-21 20:47:32,2018-03-29,3e37bc37821d52ca9c55e137630846da,2018-03-12
25ea76aff8568926deb495d6aabe42d6,78d5ad706a6e40c95e76d3b8a05d7b44,delivered,2018-04-06 13:23:07,2018-04-06 13:35:21,2018-04-11 01:42:24,2018-05-09 20:57:01,2018-05-09,4eaeb483fd2a5caa7fc98a35bff45eda,2018-04-06
22929eca5fe4738503a332952b9bfbab,6bba8cfa429c7e0de271fd8240e49d21,delivered,2017-02-01 14:17:10,2017-02-01 14:25:17,2017-02-01 15:27:28,2017-02-10 08:18:34,2017-03-02,97a9d89d073bc05b774b5f5d67da9401,2017-02-01
de9b643d6a5e2c0aebb7526ffae6ae87,90bdca238ab39f1c20beebb44823f09a,delivered,2018-05-27 15:19:36,2018-05-27 15:35:36,2018-05-29 07:30:00,2018-06-08 17:11:39,2018-06-13,140a3c2d54332f66b3d0bca9b83eb8e6,2018-05-27
342b32ffd8aaa93d30dcf0497eeefbcc,ca5c7d66da557d5c557b5bf6e1ef2eca,delivered,2017-10-27 17:18:09,2017-10-31 04:10:22,2017-10-31 21:59:31,2017-11-08 22:21:10,2017-11-17,7aacfddaea379541015b24732ed85ad4,2017-10-27
9036c3ce0a28353732668a2822a0a1c8,a22f714930974165c998fb8e86250203,delivered,2018-06-05 09:02:27,2018-06-07 02:55:00,2018-06-07 09:55:00,2018-06-20 01:22:01,2018-07-16,7d754c6548a2245a9d22657ebbc88053,2018-06-05
3731eefa80338e5d69ddd2128dd45fb2,a1452c5a1fc5d7be2290097aee345178,delivered,2018-07-23 18:42:32,2018-07-24 10:32:37,2018-07-25 14:13:00,2018-07-31 16:22:33,2018-08-13,0ee0f7d0f31361ac41219a9411f99f07,2018-07-23
e897fcc9001681522b0e07a8ce043a54,a1d11aafbfa95e730795d41d465cad97,delivered,2018-07-02 21:39:45,2018-07-02 21:55:18,2018-07-03 17:14:00,2018-07-05 20:51:38,2018-07-20,4008bb8eea2a5c2e193d0173aed366a0,2018-07-02
fcd0f8a6842216f0d6d5a217883eb711,d69a8c77693b6b01a1305ba425a1527d,delivered,2017-06-14 14:01:36,2017-06-17 03:15:53,2017-06-23 11:19:45,2017-06-30 13:56:34,2017-07-07,53b6f95d4c3e633335dd1e2e058d26ff,2017-06-14
0b48910785067fb42fce896aaaf7ce81,4c5aad2fced1c04f3d972de3e17e7e87,delivered,2018-02-28 02:01:39,2018-02-28 02:40:22,2018-03-01 01:19:32,2018-03-06 20:13:00,2018-03-19,4f37b187b2d58f32f0739d1d4d9a12b1,2018-02-28
e9b5d1d44378ce54c7b56139f2efba49,27d780d81737b4763687f7e83c5ec897,delivered,2018-05-20 18:04:02,2018-05-20 18:19:14,2018-05-21 14:06:00,2018-06-05 18:52:30,2018-06-07,9f32601f9c0fb44b538a35c7aeef7cc8,2018-05-20
2328df85ce27982b435b1e7fb55dd209,967d0d49637ff4b6f59a06a3cc24743b,delivered,2018-08-17 18:28:47,2018-08-17 18:49:56,2018-08-21 13:31:00,2018-08-30 23:46:48,2018-09-12,458c3456f2ba8a240dc4e3bbe0859311,2018-08-17
f45965bd7398fb200b05573791ae4096,17c1412c427af66da3361d4ff927384c,delivered,2018-03-18 10:20:38,2018-03-18 10:35:28,2018-03-19 20:23:48,2018-04-03 00:50:55,2018-04-10,4cbe82d3b7ee557d79d67c40dda21c7a,2018-03-18
f783f9fd0c31d9ae64335958eae7389e,ed437019171aeaf2ce8ce508409b2075,delivered,2018-04-01 12:57:16,2018-04-01 13:47:29,2018-04-03 20:48:44,2018-04-04 22:08:38,2018-04-12,b0824f586ad623e0473a1934d7fab615,2018-04-01
5cbd9f724bf2bb1228325202f5876737,91f272c0d426f8da332fa27e049b6354,delivered,2018-04-26 20:11:31,2018-04-27 03:30:40,2018-04-27 15:54:00,2018-05-04 19:32:32,2018-05-15,2fd07dc5dbae616986e00fb72e7a779b,2018-04-26
7061cd4574453f33b42776247c247ac7,c3026de69a46c492b925e7ece4d9fc94,delivered,2018-01-22 22:42:18,2018-01-23 22:34:50,2018-01-26 18:46:33,2018-01-29 22:44:12,2018-02-09,4d2a058cead19bc1e7b3580be5893b2b,2018-01-22
750dc44e764b343329a0064fe26ec58b,258b9a99a288554151e05a60c0c09670,delivered,2017-04-23 20:20:45,2017-04-23 20:30:20,2017-04-25 09:53:45,2017-05-18 07:46:51,2017-05-19,e3f63db5c698e3e0a82114697a52047f,2017-04-23
c89174066c03c132a74dbf84cc03f2a5,7b9142f335cb022e00dd109b4596ddd3,delivered,2017-06-05 16:27:47,2017-06-05 16:42:24,2017-06-06 14:57:31,2017-06-08 14:05:50,2017-07-05,e019798f93ab2c6cedb75f0539435d27,2017-06-05
d99b88619176350e49d910a4e548b951,fdcba9554f904055165fa9ab9058fd04,delivered,2017-06-08 11:09:37,2017-06-08 11:30:18,2017-06-08 13:19:30,2017-06-21 16:42:56,2017-07-05,5afe5092c3fa95bf7290839f3cea7e16,2017-06-08
fd47c5bff066db9c23dc6fa434d47bf8,93b618f344f57047d598681287660c5c,delivered,2018-05-09 10:52:33,2018-05-09 11:11:40,2018-05-09 14:08:00,2018-05-10 13:08:27,2018-05-17,ee19e90c10b84845763ac8fc0e9efba4,2018-05-09
90c12c43daa0435fe23b69ff3f76d8ee,0078867a1043bd408c6134cf5ca1bbf5,delivered,2018-06-20 14:17:15,2018-06-20 14:38:41,2018-06-21 13:09:00,2018-06-29 10:28:27,2018-07-19,0be419a69453900fff1337bc4c3e0f0f,2018-06-20
c8064c27a7a95d048c1b15c09747ed80,a9dc1550353a0551d4ae2092bac399ad,delivered,2018-05-14 22:04:05,2018-05-14 22:37:31,2018-05-15 13:27:00,2018-05-21 17:06:57,2018-06-01,048ab30c4a03d841d35eb47f8f476d21,2018-05-14
3634230a0d22927e0e78de347439ff41,8d8b8b4eebbce9d761f6636f50f76560,delivered,2017-08-07 09:32:32,2017-08-07 09:45:17,2017-08-11 19:21:56,2017-08-17 16:07:09,2017-09-12,544c4b61cddef541b5d2df0a45a3a1d8,2017-08-07
192e9f15d78654ec141918deca721334,7569960cad6cc131f6bed0677b58b31d,delivered,2017-11-08 12:36:23,2017-11-09 13:26:17,2017-11-14 20:25:03,2017-11-17 16:17:05,2017-11-22,251e658613a224723f8a077946183b20,2017-11-08
8cc424a5c8314e99e6e6027b99655b0f,16053c75a44df0864ae2b9bfcc76904f,delivered,2017-12-15 22:51:28,2017-12-15 23:11:42,2017-12-18 19:15:09,2017-12-23 19:22:49,2018-01-15,e18c9d691720be91af5819c7d43abcbd,2017-12-15
02a54d22a5cd81b89c0a40bf9a75d9a4,b17fac8443f1de9cc84df6d153550260,delivered,2018-03-20 14:19:47,2018-03-20 14:35:39,2018-03-27 04:28:43,2018-03-27 21:59:00,2018-04-02,324d6b624ac5bf4d854871935c172b2c,2018-03-20
3139cd96bee99e023a4a899b9ffc5de4,173feff09747a0b5cd55c9595810b5ed,delivered,2018-01-17 14:47:40,2018-01-17 14:58:23,2018-01-18 23:04:42,2018-01-26 21:13:39,2018-02-09,6ded6ea0b1d15ae6d2e5f0cd38fb1068,2018-01-17
f83002f1a05b7514c1b8c04d72a31611,43c4f6a444e93844407d55ad85958070,delivered,2018-07-31 18:22:38,2018-07-31 19:40:18,2018-08-03 04:07:00,2018-08-06 13:31:55,2018-08-10,99ed8f3804f84832434ca928bcdee624,2018-07-31
86c64da3b4983dfc2f8a8f3b5a8f5b62,dc3c9d1f07df6ea90c6a2f8101f29f0c,delivered,2017-06-22 08:01:46,2017-06-22 08:10:08,2017-06-22 10:24:16,2017-06-23 12:57:40,2017-07-19,b6b6746bb49e73275d7d93671b3c4172,2017-06-22
ccb6252838b1f9b4df467fe221e1f722,f449fd9a4efcb0cea3b97c27c05bae01,delivered,2018-06-22 15:54:48,2018-06-22 16:20:13,2018-06-26 12:40:00,2018-06-27 15:18:54,2018-07-13,7ae3bf22d9fabf9817cb4ce68916d101,2018-06-22
fd29920a0c21d7b7d5a2350ab9fab08e,ccbda4e04f7b516e64a26088f22cdaf9,delivered,2017-12-05 00:05:32,2017-12-07 03:11:01,2017-12-08 18:22:28,2017-12-15 19:32:20,2017-12-28,6bab61c56ced7581c259c58cb2ef6f8c,2017-12-05
54521e6dd0340104a0e8f835da53d9fe,3a39c20699ee45f49359d2594141768f,delivered,2018-06-22 15:47:19,2018-06-23 01:40:22,2018-06-26 07:06:00,2018-07-03 07:52:31,2018-07-20,58b0ed369d1c4863af2222165501c756,2018-06-22
73aca43a4a4709c819920271b2743341,83ed4f17f63c452ca60253582bd3553e,delivered,2017-02-06 14:38:16,2017-02-06 14:50:18,2017-02-07 08:53:56,2017-02-21 06:31:49,2017-03-13,26e99ecba0051e44486072c1303403f0,2017-02-06
05b7ab671d6b51e0b44ea73a54d9f739,6645b9283b1f5f504d00cce41870864f,delivered,2018-01-21 19:06:42,2018-01-22 18:58:22,2018-01-24 00:52:37,2018-02-21 21:26:48,2018-02-16,49746c4175293e1bdab705a1c0a4699d,2018-01-21
ceae0f133957c3337b7f630eb8bf80d9,026ae2477af95b832998d23578eb4336,delivered,2018-07-15 10:46:59,2018-07-15 11:04:08,2018-07-16 13:41:00,2018-07-20 15:24:37,2018-08-07,972a82354438a79c4b859515df4148ae,2018-07-15
ef53159b7b28df06945b68eb2b65abc1,86b43d0ee7f61f76dda5e430759ae5f1,delivered,2017-12-06 11:06:52,2017-12-08 02:54:19,2017-12-08 22:22:24,2018-01-09 20:23:13,2018-01-05,91d1f79f98b7fe73a0cc8a3732e1b5ec,2017-12-06
707908eb6e2d0201edccd469198238b0,b0a977a4cb540b662f7995ae3a799fdf,delivered,2018-01-06 02:52:15,2018-01-09 07:26:00,2018-01-11 20:49:13,2018-01-18 22:52:47,2018-02-06,e6b2f88aff1cd27ac49cc0b10b60d782,2018-01-06
cc6888dae9988bd99a2a190a7aa98431,4eb9eccb3b24a747f725dbee821a88b7,delivered,2018-04-05 16:30:55,2018-04-05 16:49:49,2018-04-07 00:46:41,2018-04-12 10:54:30,2018-04-26,15f755c9f45213070f1b781ed78ea55c,2018-04-05
a64c6d4c6a92082d56ab95ea8115f26c,a1400337d8026c92211a78c450502abf,delivered,2018-07-08 10:45:49,2018-07-08 10:55:14,2018-07-11 06:18:00,2018-07-16 13:50:49,2018-07-27,6d32ea1d690d36576d921c06a2d1dfc0,2018-07-08
1bbd797e11dcb66d689e9b52df1784e9,68401f5c05de1fc6006bf56f4bd3b5a6,delivered,2018-03-15 23:46:36,2018-03-16 00:09:19,2018-03-19 21:32:18,2018-03-20 22:12:18,2018-03-27,0152897024d0ddad70baafe17ed705f4,2018-03-15
7a8cc403293bdadea04f2c93aeb91a4c,f4db56f354c71370b4d5dbd25c78b248,delivered,2017-08-13 20:06:08,2017-08-15 03:25:44,2017-08-22 18:35:13,2017-08-28 19:45:58,2017-09-14,03adb96012772d4374285b6a701f3da9,2017-08-13
31ea9af161fd3c77c3c621aa178bcb34,9381a17913f55392171d9e4604289cf0,delivered,2018-02-03 02:53:02,2018-02-03 03:10:35,2018-02-05 19:48:29,2018-02-16 19:58:44,2018-03-05,83b718d277e811cc84d2d60c375a4573,2018-02-03
36536e349dc6c5be3197657bf27675da,fb0e54088b8fd76fb8c333c5c634e008,delivered,2018-05-03 00:08:03,2018-05-05 03:10:19,2018-05-07 15:45:00,2018-05-17 22:38:40,2018-06-01,9f74b9418af85e6be9d509e3d6709e27,2018-05-03
8c577c6dd5361221832cf0977af2977c,5bbbc630da381e9523a57846b4259a06,delivered,2017-06-11 01:32:05,2017-06-11 01:42:53,2017-06-14 13:37:08,2017-06-19 12:51:54,2017-07-03,fed913f2188d98883bf04dd46b214731,2017-06-11
1dbf60c23388f06ed82ad629f574b613,f9be33a8e12a5119cc8b39be23780bae,delivered,2018-01-16 16:19:49,2018-01-16 16:32:41,2018-01-18 19:19:10,2018-01-24 23:29:11,2018-02-08,5f204b1b51e0c802a58faa45d670d7fc,2018-01-16
16b7de5d7e5c3c000744a76ea1861471,6cb66926d3e4e83573c916b52984b85e,delivered,2018-05-18 17:59:02,2018-05-18 18:19:30,2018-05-29 09:26:00,2018-06-04 18:11:53,2018-06-01,7ff834d56bbd7badbcb19e133cf92c49,2018-05-18
0f6665a373c36216e96163b3162404b0,fbc72868276e138732416292b2c011d1,delivered,2018-01-31 11:55:35,2018-01-31 13:52:03,2018-02-02 02:05:29,2018-02-16 16:58:57,2018-03-02,a973871a6892d06b2af8ff17739fcb04,2018-01-31
d91d81e30f336d49cc31106d5373842f,adbc2217b86ee7ec989768e3b5787d81,delivered,2018-08-20 14:56:38,2018-08-20 16:30:44,2018-08-21 15:51:00,2018-08-25 15:56:28,2018-08-30,6d69d0679df6373f318bef6b148b46a3,2018-08-20
5ac7d4ec249ae27ce03841786cc6bc66,6962ba9bda5d3ba92e38bd638bbed523,delivered,2018-01-27 13:52:16,2018-01-27 14:12:55,2018-01-31 19:48:56,2018-02-19 21:34:43,2018-03-01,04f2cde30a861be2cec2c5cd964492e7,2018-01-27
0581cc006c5d0b4351b5435336828add,46fe2c3e3a512f1d45f193379522a24e,delivered,2017-07-01 14:37:02,2017-07-01 14:45:13,2017-07-04 14:32:15,2017-07-13 14:59:40,2017-07-31,53a3848ef62bc586e56c66f273a83b10,2017-07-01
e4caa41927fbe29b65e8a4b2b34a7b94,00b366712a38454d2e62c9d2509d0623,delivered,2018-03-16 13:35:35,2018-03-16 13:49:37,2018-03-24 00:50:48,2018-03-27 20:54:43,2018-04-12,271850b8783a2378c477328f60413b47,2018-03-16
d189540593578f8076e6cf12e73a8eb8,4563117c5eaa1c6cf7de150ca8d727e0,delivered,2018-01-11 15:09:16,2018-01-11 15:18:57,2018-01-17 20:23:16,2018-01-31 00:05:37,2018-02-09,c606c79a3f047ab0343cac055f4f1da7,2018-01-11
21fab12baaa93481ad76d02fa22255eb,0f05e588071d6f2f3b4f27576a1f0ab0,delivered,2017-09-11 22:34:40,2017-09-11 22:45:23,2017-09-12 21:03:49,2017-09-19 21:27:01,2017-09-29,2edfdcf0f06e4baf2c1a9b91866c3b6e,2017-09-11
55f4f83d7685e3e84fe9ee9fdc7c953c,8f056c120647ff44d360ba69b0619898,delivered,2018-08-13 08:53:47,2018-08-13 09:05:15,2018-08-13 11:22:00,2018-08-17 17:12:01,2018-08-23,223c97ccbce9be6184d48379f0362e48,2018-08-13
c98702de62a296ed395ffb076e6548d3,b0b3e91d984eb956eec6cf1de6dd717d,delivered,2018-04-10 09:43:18,2018-04-10 09:55:20,2018-04-12 00:23:37,2018-04-21 00:19:13,2018-05-03,3938aaf2d3d9bbfc85320cba24f61c7c,2018-04-10
27cd2ebe0ab4174836a87975c23fa80f,40a91c7d480f3dfa350005175ab8cd86,delivered,2017-05-26 12:16:29,2017-05-26 13:03:57,2017-05-30 07:36:31,2017-05-31 12:28:54,2017-06-08,1f17641a9f9ad86c56fa3f3401102857,2017-05-26
33cfa9cfd39c08b8a0ba8a94850a15e5,19d68ae708011bd7093b906ea527b481,delivered,2018-06-08 07:41:23,2018-06-08 07:54:36,2018-06-08 15:17:00,2018-06-14 17:48:43,2018-07-12,44e2f663bda40ad5860f64e8cd02f286,2018-06-08
edd810dc89c1eed484c29e04e184e8cf,dd0913a1304652981fc83655421b3f8c,delivered,2018-02-27 19:14:19,2018-02-27 19:30:22,2018-03-01 00:04:57,2018-03-01 17:22:13,2018-03-13,e39d2a4355a915639b7799e0a93b9ee3,2018-02-27
dab56199b9838dc72275b783715feef6,21357ad9c60c967f999319f084ecdc83,delivered,2018-02-20 16:58:22,2018-02-20 17:10:27,2018-02-24 16:38:46,2018-03-06 20:26:38,2018-03-14,c12900a741b4521f3d1aad16f0217184,2018-02-20
b22b9811c2074480cc93f9e8b8e4c8b5,3d5611fadabfffc730fbbffaeb7cecbf,delivered,2018-06-03 13:21:09,2018-06-03 13:35:12,2018-06-04 15:14:00,2018-06-09 19:41:41,2018-07-27,46abf00c97df5cc24545eef3ffbe0463,2018-06-03
5f4942fc3a59f2e62ae534f981105954,887b8a65e05f6ac52b0084002f88b30d,delivered,2018-03-01 08:07:37,2018-03-01 08:29:07,2018-03-01 20:12:36,2018-03-07 22:51:51,2018-03-21,bde6157addccf5749c409e1333ecb108,2018-03-01
394f7579c871c612634cfb93294745b0,58f180ef06844ae0e660cb5decc737c0,delivered,2017-03-23 17:49:49,2017-03-23 18:03:20,2017-03-24 10:57:31,2017-03-28 12:58:29,2017-04-13,314ac5e13f6b79cc209af44d369852fc,2017-03-23
77afc8cdc7d93975016850b0b1b02c90,6478510b2c0573351a3bf335b4635c34,canceled,2018-08-15 22:39:11,2018-08-15 22:50:16,,,2018-08-20,72a8b18fc6e02d98796664610f6e59e7,2018-08-15
769ee88b70cbfc6217691388204f9911,c2f08a07a69c93173acf6b383999eb75,delivered,2018-02-04 10:09:03,2018-02-06 05:31:53,2018-02-07 21:23:26,2018-02-20 19:08:05,2018-03-06,a327342a302963320a104c00c9e9b800,2018-02-04
2437dfd68fb453ad27e1898c8b1fe868,a8e73d4aabd7b12df66bba3504a15c31,delivered,2018-07-22 17:22:27,2018-07-23 12:32:19,2018-07-23 14:47:00,2018-07-27 22:04:00,2018-08-08,e2c2b1cc62c3d11773a43fa91c4552fc,2018-07-22
cb9a6504c8ba700db40dcf1442725189,d632722bcb3ae214fa649315518a96e5,delivered,2018-06-05 13:18:08,2018-06-05 14:31:42,2018-06-05 13:25:00,2018-06-18 19:04:24,2018-07-13,0d5746e284218d1d02e9cf3952c0d1ae,2018-06-05
ac7d1a865466115f5fb92c5437caf6a7,adf00ef90563974803ef5bf381313946,delivered,2018-04-18 12:01:12,2018-04-18 12:15:26,2018-04-18 21:08:22,2018-04-26 19:46:28,2018-05-09,f20818da0b2dd7b80dcb31bf3c078a67,2018-04-18
cccfbfbaf4b86752d9c060eb2da0f828,08e013ad5df86a6cda3d1e9be0a2cf0c,delivered,2018-03-30 21:58:17,2018-03-30 22:10:10,2018-04-03 23:39:01,2018-04-07 00:27:23,2018-04-12,9527f3928d63e2ecf9b96b3baad3b13d,2018-03-30
04f87887045aa20403546af3facb8ad1,30fb3c74c4654ace204011068c8cf1cb,delivered,2018-07-20 16:19:47,2018-07-20 16:35:17,2018-07-24 14:35:00,2018-08-01 18:48:26,2018-08-15,03f73fe651d978936b253769873bc2e9,2018-07-20
07156fa55794dec196d72e6d8b07339a,8c21f1094ecde16bfb67f9226a37cf41,delivered,2018-08-18 13:32:36,2018-08-18 13:50:07,2018-08-23 17:18:00,2018-08-27 16:58:46,2018-08-27,3b8b040e02598a340cb390713891f895,2018-08-18
c1f93f3729018caa75319804a59481db,d44c886d9d7a76bdcd3df6adccde822d,delivered,2018-06-17 02:25:02,2018-06-17 02:35:11,2018-06-18 14:18:00,2018-06-22 00:43:33,2018-07-12,503a250090351d81384a77cf5deb8855,2018-06-17
bc3b36d86572b02655327f69e10504d2,1f70a80f868007f831cc34cb92c7791b,delivered,2017-05-21 17:43:10,2017-05-21 17:55:14,2017-05-22 10:06:34,2017-05-25 08:59:57,2017-06-26,06a0ecf9b9478c4d3707dec257facf6b,2017-05-21
f3c7f31502a61f206c30c674a4ada401,829c1d7ef490598e1c6a463084fd15e2,delivered,2017-05-27 23:35:14,2017-05-28 01:05:14,2017-06-01 13:25:34,2017-06-19 18:58:01,2017-06-09,271a5347ec3fc4388af776e5e07fbd9a,2017-05-27
6e24be5a5995507b208981073d5b6820,4c387e88401ccad5d2caef58bd1e2640,delivered,2018-06-11 19:55:25,2018-06-11 20:23:15,2018-06-12 12:35:00,2018-06-13 23:46:25,2018-06-20,195ff54feef43a6051017e0d6748ed6b,2018-06-11
0bf46c25ca29bae81f4632b02f593f1d,702cf392aa3400680e3f5849fb65f28f,delivered,2017-10-23 20:19:28,2017-10-23 20:28:29,2017-10-24 18:53:45,2017-10-27 18:09:16,2017-11-09,46d9d8adc47b1678d803ce740d9419e8,2017-10-23
e9d8fe23d3a29a599625b57e5fd6766b,4bf085b925c646ce8c6b130fd67438ee,delivered,2018-07-18 16:40:46,2018-07-20 04:45:18,2018-07-20 12:10:00,2018-07-21 18:16:50,2018-08-01,e7317fbe56bb2312a809b11f1b602523,2018-07-18
f3a5594ec1dbbdb286b45516754c5655,bf05af44d2e0d83ff0e0e0613347519c,delivered,2018-02-06 15:33:59,2018-02-07 15:30:34,2018-02-07 23:52:56,2018-02-08 23:04:23,2018-02-22,6c1eea6e359f7344fa11a0a066c0dbca,2018-02-06
6b3ff248b137a5f8d4efe61a1fd4ebbc,f01265d4a727959f6735b9029567b708,delivered,2018-05-09 09:17:47,2018-05-11 02:57:54,2018-05-11 15:31:00,2018-05-14 20:42:12,2018-05-18,c1867eddd348156db74c8f64be7f860c,2018-05-09
a5b37738b62f5987269c20c5e810e3e1,b5b27aaff88e74d6d8c3f02dd5991104,delivered,2017-11-29 21:00:03,2017-11-30 02:23:28,2017-12-20 05:41:40,2017-12-26 18:29:41,2018-01-08,c58c88b48bf71614b7cb9e9f252637af,2017-11-29
dc8c9fb3edc11055d2fa5198744dff2b,089d1516887ddca8fe02ef9df9fe1e2a,delivered,2018-05-07 11:43:04,2018-05-09 02:54:17,2018-05-10 09:16:00,2018-05-15 22:34:44,2018-05-28,250ff4b596100260ab4631ee13fa63b8,2018-05-07
1bfb2199760a3d5c410cf4fab44e868c,d41bff9131cb3eb977de4cdc0717a23e,delivered,2018-06-30 15:56:06,2018-06-30 17:29:58,2018-07-03 14:54:00,2018-07-11 22:25:39,2018-07-27,97e8b7a53f59118fc799b881db8cac99,2018-06-30
f56ab71ae65c4d4e1d599b5cf1fe3112,6cb81fa24ad5627767fa0662a9c6e53a,delivered,2017-11-07 17:27:59,2017-11-08 17:30:50,2017-11-09 19:09:57,2017-11-24 23:51:40,2017-12-01,5215a65efcc60e786eb268a4c01bcc6e,2017-11-07
e00a6c9e0c7028b7284c5082d59ae5f6,6c73bfa4f394204981e1c9217056e5a6,delivered,2018-07-11 20:47:31,2018-07-11 21:06:09,2018-07-12 12:56:00,2018-07-23 18:38:38,2018-07-27,84a4df77cc69445fb6bae09b56e25a5e,2018-07-11
e040525fe5bd72959057d9d5dcec81f6,f734bc25bd9630f74781066f38b6bb45,delivered,2018-06-28 20:33:23,2018-06-30 03:22:13,2018-07-02 10:05:00,2018-07-06 17:32:01,2018-07-23,3b529e86d89222d9af57ee77a108374e,2018-06-28
d9e91ad92dc450af3e22b7f79352d93f,2e4f63075b8436d16195ef7938855576,delivered,2017-09-21 20:17:38,2017-09-21 20:30:12,2017-09-22 20:33:46,2017-09-26 17:54:47,2017-10-16,dc2077d3fad144ac769ab2e5701b126f,2017-09-21
aca3b492e82b71863328c4c288861ca2,9be914d71f87403b18d4008de773d816,delivered,2018-02-27 22:35:46,2018-02-27 22:48:15,2018-03-09 22:09:38,2018-03-14 21:06:57,2018-03-27,1f8f2b30839c516303367fe0955f69bb,2018-02-27
fdb3f8e441b4613d2687df310f3dd318,d87ffb0cd756a3428af8b3a78b1cdcf1,delivered,2017-11-07 20:03:20,2017-11-07 20:15:30,2017-11-09 20:51:46,2017-11-17 00:47:05,2017-11-28,fcf285146acb98f615135944b2471b35,2017-11-07
54cb48b7df9ff45bb173611bfbee0857,bdf985589fdce685974723db95746127,delivered,2017-12-15 20:15:38,2017-12-15 20:31:01,2017-12-18 19:32:19,2017-12-26 20:26:48,2018-01-04,b57390b4c28e3ec5feaf3055f1787253,2017-12-15
8de6e40b8573fbdbb0f6e31af3b8006f,c81365d11511bb57b8fe9a8d3fab8883,delivered,2018-01-02 02:28:40,2018-01-02 02:38:24,2018-01-03 17:15:18,2018-01-09 19:33:13,2018-01-24,a7bc069d832786d5e0230ef0c6ce236c,2018-01-02
4b161afded0b38a94b63850c4bb48f91,abd11737bb2ce323c9f72b71cdf68907,delivered,2018-06-03 18:49:11,2018-06-03 19:12:03,2018-06-04 09:41:00,2018-06-22 15:59:28,2018-07-18,6f1fe0c9292ddd25c36d7af025fc28b3,2018-06-03
a17cc4f476cd389757e6a9f3369d84d3,7270ed3a5ab7b98df3afafeda2efb935,delivered,2017-05-15 11:37:20,2017-05-16 13:30:21,2017-05-17 11:19:27,2017-05-29 07:13:52,2017-06-08,d28502797835569c4a3cbec14ac08bc0,2017-05-15
6856cecc107b0c5ddfb732c3b370b0d5,46a864c79f6a021c3500462a3179f7b2,delivered,2017-07-20 10:22:38,2017-07-21 02:50:23,2017-07-22 13:19:47,2017-08-09 17:04:32,2017-08-25,e1c812ea8c2d90c900a83f16cb2999b4,2017-07-20
d92888ccf9b2ae4399868e099fadf925,bee435248d11a6284cbf0ec8f96fd581,delivered,2017-05-10 07:45:17,2017-05-11 03:50:20,2017-05-12 10:41:17,2017-05-23 08:03:23,2017-06-01,349f354a452196ee541d88ec176b5de0,2017-05-10
c298146eb4abd03afe4402ae168d7637,901a46cb14e58bee8dfa6e36c7df0184,delivered,2017-11-25 18:19:03,2017-11-25 18:34:02,2017-11-29 20:48:38,2017-12-05 22:09:40,2018-01-02,0dc1e95f67c3f4a31c7a3086a17b8bf9,2017-11-25
7643003db706885af24736e3a12e76bd,c715072863363b451f8de00e1b2eb9d4,delivered,2018-04-20 14:48:42,2018-04-24 19:09:38,2018-04-23 19:28:49,2018-05-03 20:09:48,2018-05-18,2f2621fd222f60f52856bd1e03cba286,2018-04-20
7db5f2eb8f5f54db9f9e71ba4296bcbf,205df4889b5510ff3f9d8a4ec4a1b421,delivered,2017-05-30 11:00:28,2017-05-30 11:10:16,2017-05-31 10:29:09,2017-06-14 16:27:54,2017-06-30,e6915acf7e23a8c5a80bead3b5aea8c9,2017-05-30
cf33134e239432c52a6d5390e7f8a235,cbfbf63b5569b8c8f5c22d37ebd777fe,delivered,2018-05-04 17:28:45,2018-05-04 17:50:38,2018-05-07 14:32:00,2018-05-14 20:32:33,2018-05-29,eab15a226ae8bfc913d38b4b6a5c1d82,2018-05-04
78489b82e815cf23348985a3db599319,f0307c65ff008db4b9a8460f76132e1e,delivered,2018-04-25 18:06:07,2018-04-25 18:33:01,2018-04-27 12:06:00,2018-05-07 13:42:03,2018-05-23,6f43a3caf66e172755857e20e4401c7a,2018-04-25
73d8fbbc006da6a68bb49f8cebc05a50,e47f2fbcdbf2e18632c9f81639283e75,delivered,2017-10-03 15:34:12,2017-10-04 02:43:40,2017-10-05 19:08:48,2017-10-11 22:43:43,2017-11-09,e4419ca71e493f57fce5809d2039e9ba,2017-10-03
724c2f14a18a11392fa354b017ba9dfe,990c368dbfdee68ed134dca15b5e9dbd,delivered,2017-09-22 18:11:50,2017-09-22 18:50:16,2017-09-25 18:32:50,2017-10-05 18:58:25,2017-10-23,e6b35f5adf571c37cbfdfc16e8b3de8f,2017-09-22
ff543157c2f72dec558dfc734cfd46f7,d26d89d0d45d511f89d1edcfa7399862,delivered,2018-04-02 15:25:57,2018-04-02 15:35:26,2018-04-03 19:47:49,2018-04-25 18:48:51,2018-04-23,ab0b5685586300e1786c7d85f206744f,2018-04-02
ff9ec55d9d4d0d2c46cdb45f4c1b4910,fde1321a08bd8310dad05e3006676906,delivered,2018-05-16 10:57:01,2018-05-16 11:19:10,2018-05-17 16:22:00,2018-05-24 21:03:51,2018-06-19,633cc48640ca207ffa02e98523568283,2018-05-16
639144fceedec20fa804e47bd91dcf31,f0f41eec87eb3d31733d349395eeb741,delivered,2017-09-18 08:24:12,2017-09-19 03:36:29,2017-09-19 20:36:29,2017-10-10 19:08:08,2017-10-13,20688d09e8fcae9548135adcf702d36d,2017-09-18
0ed96e54a115b2c41364ee998ae096d4,a558da39c296c8bc9b70ba67e92430e0,delivered,2018-02-19 21:00:34,2018-02-19 21:15:26,2018-02-23 19:21:51,2018-03-15 16:48:29,2018-03-21,618ed607b912cbcfe33126652c0afbe3,2018-02-19
e8a1a86a8e4605d1b538931af504d864,21f9e4f6dbf8b54c4d66b6fcb3c2d837,delivered,2017-05-18 11:17:59,2017-05-18 13:05:57,2017-05-18 14:16:49,2017-05-26 12:34:48,2017-06-09,c5769306aa1a28d590dc144eca2a9206,2017-05-18
03681e41ebddb2ca0241b148a40773d0,6112ec2abfe626685bd8c15e3e188304,delivered,2017-10-23 10:48:50,2017-10-23 11:10:18,2017-10-24 21:18:54,2017-11-03 17:09:35,2017-11-09,54285600832ce895402e1620dad8383e,2017-10-23
bc51cd3b8ddb527aa8044bc4198aed29,c89fc94a8e99d8fb2237d7edd4b3384c,delivered,2018-08-03 10:41:35,2018-08-03 10:50:24,2018-08-03 12:37:00,2018-08-04 18:03:42,2018-08-08,086d34d6252f06ace8593f7fa51bacd8,2018-08-03
bfd57b73f299e0d78761611486a49de9,a20aec4e64fc5b7ae68c9648c147a324,delivered,2018-07-25 09:46:22,2018-07-26 06:45:10,2018-07-27 14:12:00,2018-07-31 16:58:55,2018-08-15,4bb711b39caba79bf164ff9cf467880b,2018-07-25
1ab8b3bd6a4d22497ce5164c01bc0e2c,48e845c7d4f24b06238cfa353f4d22d4,delivered,2018-03-05 16:53:36,2018-03-07 02:15:33,2018-03-21 18:40:42,2018-03-26 15:14:39,2018-04-05,dd0c06504f137b0f411c0a6d61efd876,2018-03-05
959815491185d6d44b4adfb9caaf3b9f,c81491642e6cb5de152793df9069b300,delivered,2017-03-12 11:12:01,2017-03-12 11:12:01,2017-03-14 10:58:26,2017-03-27 12:56:07,2017-04-18,a8e372a8df64d1e9250c093bd71f4cf0,2017-03-12
f52830b0ca8b8b633b4c270c33603cbb,eade89049d83824e624c0c8ea7c81c37,delivered,2017-03-22 12:58:25,2017-03-24 02:43:57,2017-03-31 10:34:29,2017-04-06 09:54:44,2017-04-12,9d4cfdc489d009fc9133abf658b6f1a1,2017-03-22
8b6ca3212d045d15ba0abeca92515201,a39ca7ad9e2c9764304c259ada2fd741,delivered,2017-09-14 10:47:44,2017-09-15 10:55:23,2017-09-19 18:52:30,2017-09-20 19:26:28,2017-09-26,781af8401170fa56c03f5836d4fa3af1,2017-09-14
2a898774ad769f760b6ae1e81775a309,35e4137487e7d29bf21e0a4167fd0699,delivered,2018-04-02 08:25:58,2018-04-02 08:48:49,2018-04-03 17:04:40,2018-04-04 19:14:44,2018-04-12,acc1b82f2920beb55f439d0dd3cf48cd,2018-04-02
22108d1ba60ff0d3a72641cc5514ab9c,5605dffcde82b7ec09d3000b2fe79b3d,delivered,2017-12-26 13:37:56,2017-12-27 04:08:50,2017-12-27 22:10:57,2018-01-06 13:15:11,2018-01-26,dd6d75bd393accdcf1b9d4654f71fc3b,2017-12-26
2f06cd9224ecc5ab33144e9252275263,e70cbe241863e88f29de4bd86a13ec96,delivered,2017-11-14 16:45:22,2017-11-14 17:11:23,2017-11-16 20:09:18,2017-11-22 21:02:22,2017-12-07,5d50b300e475d38f45775712f8311768,2017-11-14
43960d2cd4437218da00d3b8e83b2819,077db731d84e53b8b593dd8835f1517b,delivered,2017-07-10 16:19:29,2017-07-11 04:06:04,2017-07-12 19:27:36,2017-07-18 18:25:20,2017-07-31,54f180c8bd40a7e1887f2e67ba666c37,2017-07-10
e43e7a3a8ac3cfe7bb59dfe7de389ce1,58f0e392253b94e8201882293816aab3,delivered,2017-09-20 22:14:33,2017-09-20 22:30:16,2017-09-21 18:12:57,2017-09-28 04:04:23,2017-10-17,cd532bdac352579532288aee6b3aebae,2017-09-20
f825879441f1f289d12c308982d24315,b2f83ff904c51add8370e2d197734831,delivered,2017-11-25 23:59:30,2017-11-26 00:20:25,2017-11-30 21:08:55,2017-12-05 16:41:10,2017-12-11,d69dbf84baa61962fbfdbc989121df61,2017-11-25
6c8739485ef95ce14f635264d378b198,82dacfe25491c326298b6386b4a97a01,delivered,2017-04-05 18:35:57,2017-04-05 18:45:13,2017-04-07 12:32:58,2017-04-19 15:58:18,2017-04-28,ebcfa7e13342d60a34309e1a56895874,2017-04-05
3048257a09e97a57f58f5d0586cc01a3,b995f956b15b59222e2a3ad9db72d562,delivered,2018-01-25 16:24:07,2018-01-25 16:34:50,2018-01-29 20:04:19,2018-02-06 23:23:52,2018-02-20,429de3d8004cbe46652a0e069fc545e3,2018-01-25
3088f0b4bbfaed202d378b70e289542a,55f921a7c10f0d2fda0fef7981f21a03,delivered,2017-11-17 21:43:36,2017-11-17 21:55:24,2017-11-21 16:13:11,2017-11-27 18:28:38,2017-12-12,4f05e0e5de5e34a562ee1a8f92cbada4,2017-11-17
eb61a98487395d9b7a135acd3d6905a5,369fa14214ae1c13595a90a2233b1484,delivered,2017-11-26 11:15:33,2017-11-28 11:31:20,2017-11-28 19:51:48,2017-12-20 18:47:27,2017-12-20,c1dabb09b6c0f5d17261004e32802efd,2017-11-26
de859e22b1ba2980cdd352637fb1ab0a,ef63aab7b0308469304ec7adaa9ba482,delivered,2018-01-10 21:45:23,2018-01-10 21:55:28,2018-01-11 17:38:51,2018-02-16 23:48:36,2018-02-14,e5778386b970ff1eda4936754219c1b6,2018-01-10
595dbd784ef1797f56ce3ee58bd0dd4f,808ec4d638607e8829db73353f8e264f,delivered,2017-12-23 16:29:20,2017-12-23 16:36:28,2017-12-26 23:29:08,2018-01-09 21:54:58,2018-02-07,7ff48d05d6a37a1aef318b73c0c63e89,2017-12-23
1fda8d2bffbac0b2c801d71efbd710bf,ca642c7f935ab921b7a1b5cd397b2372,delivered,2018-03-29 17:12:26,2018-03-29 17:31:04,2018-04-04 02:28:40,2018-04-17 21:03:55,2018-04-27,e27b2bb7d02fc1cf151fa89856574e26,2018-03-29
d43b7a0e941b30ad41b6ff00ce74d59a,0dd1f72afc88c72c23c9d0889c374d49,delivered,2017-10-29 17:25:32,2017-10-29 17:35:11,2017-10-31 21:14:53,2017-11-06 19:21:44,2017-11-23,85089f1aa1b2e4f966b94f2302b6fa52,2017-10-29
41189ec3ec41a82996b68cb4a6a661fa,b1d8366f1aab5e4d9f7f73734daa6d58,delivered,2018-04-28 15:00:33,2018-04-28 15:11:20,2018-05-02 13:43:00,2018-05-07 22:09:30,2018-05-15,68ef37029e128c6e666b338276b2a47f,2018-04-28
4479256715e46f9c6ec0402a14889a5b,efe0f347fe4acd9f2fc67cad55efdd91,delivered,2018-04-12 16:06:54,2018-04-14 02:15:35,2018-04-16 16:19:14,2018-05-02 22:58:39,2018-05-11,33162235fe25408e12a053052136ce91,2018-04-12
c9e3ce22e44e7fcdb3bbd8acff17c3a6,65965ac87a95c1b1e9eb297063e36225,delivered,2018-03-10 22:21:51,2018-03-13 04:08:00,2018-03-16 18:28:56,2018-03-28 20:05:17,2018-04-02,263ac85349522ae0bdfb00a093fdecc3,2018-03-10
4ef8f514f95bb0a41f58965ea04e7027,5d1ff54c05c7c5044718b88a49c704b8,delivered,2017-05-16 15:36:18,2017-05-16 15:50:12,2017-05-17 10:21:57,2017-05-26 15:59:47,2017-06-07,06cb9de4265f5e18327a1e4608a1c85c,2017-05-16
424e1ceb3de9ad0df2ae67ce62d75bce,ac5d9952787cc10cb1cee5d1f68c0b4d,delivered,2017-03-13 09:40:32,2017-03-13 09:40:32,2017-03-16 11:26:44,2017-03-22 14:14:42,2017-04-03,fef8b9e7aa9a91bd365f533daf35b33e,2017-03-13
b7cc3826f155315673c017a521913615,4be419b7536d527ea67eaf7aa4a30187,delivered,2017-08-24 11:07:23,2017-08-25 02:55:45,2017-08-25 16:06:05,2017-09-04 23:33:59,2017-09-18,8e5874f69d425a7ab70cc14134170e02,2017-08-24
e44260bfec2df487a4c92f6fabfe11dd,b892692857511e736d116fb6b9b83c0a,delivered,2017-12-23 16:54:19,2017-12-23 17:10:40,2017-12-26 18:23:26,2018-01-03 21:24:12,2018-01-22,0fca0c9f0c98eb7203af464717b5117b,2017-12-23
7b3950b933fe73d96ce4359a1caf38ea,b5a6dbf7832c882c72222308a2ae44d9,delivered,2018-05-27 22:13:33,2018-05-28 08:30:21,2018-05-29 10:57:00,2018-06-04 23:32:29,2018-07-18,3a3ace693780a5b06fbe2f94d91c06d6,2018-05-27
f84df8c0d5dd2861dd4b0939c1a9fc27,35e7e54f7840d659ec8d270cf00a66dc,delivered,2018-07-18 11:08:28,2018-07-18 11:30:16,2018-07-19 12:15:00,2018-07-31 10:16:40,2018-08-13,46a23b5b38c9caebf785829998db475b,2018-07-18
c8020c10d5a223f0ec75df2818b966de,8617bd8f66cd7f354e97c8f72af8c0a6,delivered,2018-07-26 10:10:23,2018-07-26 10:25:12,2018-08-03 13:21:00,2018-08-09 21:05:46,2018-08-29,fa7295cb95b9b1812445bdf5876f9b57,2018-07-26
b2501eb5c292d415f52576b3d4b5de74,a4b42a4749163611c33c639bbfbae90f,delivered,2017-04-19 14:24:06,2017-04-20 02:55:47,2017-04-25 08:24:02,2017-05-04 15:17:01,2017-05-11,256b3e7a939dddf3e40608cac69e88c7,2017-04-19
35a360830279232c27d0a97a124047a7,6dea049b02f7cdcb440de78b7d4d5883,delivered,2018-05-08 14:16:20,2018-05-08 14:30:21,2018-05-14 14:37:00,2018-05-17 17:41:47,2018-05-24,26728fb51596755c923c21f756fcd11c,2018-05-08
458f5a6d4163d5b6de33cda5ec82ef10,8e89cab186c88be523095a199d89bcb2,delivered,2018-07-09 18:26:31,2018-07-09 18:35:20,2018-07-10 14:30:00,2018-07-24 01:52:01,2018-08-01,cb6eedff71da95336cf2af0225130ff2,2018-07-09
9ce41d418568ba8baf957d5490932291,02acb517fba465aad1f1332faaf4b1b4,delivered,2018-03-13 10:49:33,2018-03-13 11:08:33,2018-03-16 20:18:36,2018-04-02 22:48:52,2018-03-29,f98c5a62dd300cc4e7a96b7b7ccb4451,2018-03-13
e72b2b30d599a41bea8514270f6b8930,423ec49be46a59adb7cbfa113013ca4e,delivered,2017-02-02 15:48:35,2017-02-02 16:01:19,2017-02-03 15:13:48,2017-02-14 14:32:24,2017-03-13,fddb0443caca83884ff3d7e44a9bcbdd,2017-02-02
d1eb8e4e276a4eea13a5c462c0765e60,9031f9dcde5860b34e6c65ac5c796d30,delivered,2016-10-04 19:30:28,2016-10-06 03:10:33,2016-10-10 03:10:34,2016-10-13 03:10:34,2016-12-06,f99053da7416fd6d626451cd49e44e0f,2016-10-04
3cd7a167d6f4300d15a7c8816c1b29d5,18f8cccef7493faa881941ce84bae351,canceled,2017-09-15 15:51:13,2017-09-16 16:04:25,,,2017-10-05,c72150ad4d936bb3a71f3340ef88a2c1,2017-09-15
d8457bd7376bc47702228915e4c4f187,27b49a9142cc222f60f0fcea490663ce,delivered,2017-10-25 09:07:33,2017-10-25 09:26:06,2017-10-26 20:42:32,2017-11-16 19:09:06,2017-11-24,b894867362a5db1148c4bb2ee7fc2b30,2017-10-25
c5e13c21c49b30c15c64f761f68ed8c2,9dada6035f2fa20b18915fdc4067a378,delivered,2017-12-04 16:58:17,2017-12-04 18:30:29,2017-12-16 00:28:46,2017-12-29 14:40:34,2018-01-09,c1977e8e3ea0900e70cd1dd70123d382,2017-12-04
93e89f81c82a22b8095dd19f7f973abe,212a8577b07fe0659c5eb09277983ae3,delivered,2018-02-16 09:46:37,2018-02-17 03:35:32,2018-02-19 23:03:42,2018-02-23 21:13:22,2018-03-09,1c6fde1c16dd7df4cb45f6d281ff76bf,2018-02-16
c1101a911387fc42d24230c28f75f016,c54850e0308f8bdd7d21266938cf544e,delivered,2018-07-30 15:58:13,2018-07-30 19:31:56,2018-08-08 11:27:00,2018-08-14 02:14:52,2018-08-24,16685d085229f6315c19ee66eff0049a,2018-07-30
8c98ea8f168f55d7c590b90e0e3ae53a,a95d66809480de437e5e93ad6cda31cf,delivered,2017-02-02 02:33:08,2017-02-02 02:45:24,2017-02-02 18:09:33,2017-02-13 08:47:35,2017-03-13,6e7e695a72de858cbfbdc2e2eff6e5f8,2017-02-02
6fbee8112bd7aa6e40520d182952bee3,b77d8b017bee4578bb65581f09c6167c,delivered,2017-11-11 23:20:35,2017-11-11 23:30:38,2017-11-17 20:12:45,2017-12-07 14:33:02,2017-12-13,4792986ad63f3fbd227df81632de2a31,2017-11-11
70195fea2bbb3d0d088b4d4ca7b9fc76,64e7a868a131d1c50c6a74951f1b784d,delivered,2018-05-09 09:08:49,2018-05-09 09:35:19,2018-05-10 12:07:00,2018-05-17 00:32:40,2018-05-25,0690b2040ff6ad179db480b955894416,2018-05-09
72fa449394ed9dc9093819f93ca563af,186fb45d0f4c178da2ccac34abfa5ec6,unavailable,2017-05-26 17:19:49,2017-05-30 05:02:23,,,2017-06-16,af51e8dd1c30737ba2dd0ece8cfa294d,2017-05-26
e8df0b08b2d6162f2a109f931d0774b6,9d0d0f4397e1a7210fd1d0bca983843a,unavailable,2017-10-08 11:02:21,2017-10-09 22:35:26,,,2017-11-03,185c802abcb321b6e84427a0376d7dea,2017-10-08
a8b53c7a7288e0478af915b26764b54b,77acf6c07ec68312b7a4ad8016d3c731,delivered,2018-03-22 11:52:57,2018-03-23 11:50:22,2018-03-27 15:16:38,2018-04-03 18:58:58,2018-05-02,d68c3f6f09bbd2a719223e28f5e95ae8,2018-03-22
2695c625c0969a576dfa8a6888fd04cd,9ed9389154097d9d798fef8d7e8354c6,delivered,2018-05-07 09:51:10,2018-05-07 17:17:17,2018-05-08 12:08:00,2018-05-23 18:54:49,2018-05-29,b82c451731cadb4d5e275ff087ad4845,2018-05-07
2e120d53ec1baa3432c6af11aa2b930c,9ae3d63d920443417fbefb4e2a03f45a,delivered,2018-04-24 23:16:07,2018-04-25 00:22:17,2018-04-25 15:42:00,2018-05-09 14:12:56,2018-05-23,6a7244a47d9adb99cba594626b9c8bc0,2018-04-24
1889186724ca4001eccd1dab24cae9bf,d55a95ea64c497d5b3180aa9630738cc,delivered,2018-07-17 13:48:59,2018-07-17 14:01:34,2018-07-23 18:44:00,2018-07-27 14:24:34,2018-08-07,7da09791d0e496f2772892f6eee93385,2018-07-17
da0065814b12fa0cc689f8f522629d6a,973195815a4b14bd3a9ae5c2909f1ff4,delivered,2017-11-16 13:25:54,2017-11-16 13:49:39,2017-11-17 20:31:57,2017-11-21 20:32:43,2017-12-07,fd830733819b7ee86c81418f557c1031,2017-11-16
bf897dd4378248fd6947e04c4d434dce,3591f887df153da2719e91fbfb37817c,delivered,2017-12-25 20:02:00,2017-12-25 20:09:21,2017-12-26 19:17:16,2017-12-27 15:43:32,2018-01-22,f90f98c415a7290412ced4c410a8abfc,2017-12-25
5d103f49c32225c353410679f8e90880,cc483e04990291b36653b10bf8b7b660,delivered,2017-11-24 08:54:06,2017-11-24 09:12:32,2017-11-24 21:14:51,2017-11-30 21:39:09,2017-12-19,94522b20d09262256d0ef263adf3ff78,2017-11-24
0dfb6682877b58ca5105919c6cd2b741,97d3d42d95f911ec3a7bce4937ad5832,delivered,2017-06-04 14:38:36,2017-06-04 14:50:15,2017-06-05 12:56:19,2017-06-16 15:33:10,2017-07-04,74d26afc31725e3798f23bb67949c562,2017-06-04
b17db006a1076de65b757bf690c24d16,bc234186a35ceb9253c70df723a54219,delivered,2018-07-16 17:16:35,2018-07-16 17:25:21,2018-07-17 09:22:00,2018-07-27 18:36:45,2018-08-09,95411ef1d87f43b05e5533cd35b59b9e,2018-07-16
f506fd1443d94ad16f25a94426fb8805,fd96f7c811ef18a28ec69e471328b60b,delivered,2018-05-24 22:57:40,2018-05-24 23:18:23,2018-05-25 15:30:00,2018-06-02 20:18:34,2018-06-21,aee141085e7394b0d26736b002c65413,2018-05-24
0872d0faafe0cb56e6f2c594cca1522c,dd2f0d64271438f6ad3a75d2a930a4b5,delivered,2017-09-26 12:10:26,2017-09-26 12:28:17,2017-10-02 15:18:57,2017-10-06 21:34:13,2017-10-26,4a57b2a3676de278e26a50b7e60214e6,2017-09-26
4bfcb457c14b3efb2b36fcdf7b2c2577,294f3c954cd5bbeded15385615788448,delivered,2017-06-18 20:32:08,2017-06-18 20:42:54,2017-06-19 21:35:31,2017-06-26 15:49:52,2017-07-07,6f1ba5e4978c1905115578217b12edc7,2017-06-18
af32671d0b8ce510a94d9111d97371d3,ccafbef5836bb3f6604cd55c75d54b4b,delivered,2018-03-13 06:30:45,2018-03-15 03:29:31,2018-03-16 18:14:00,2018-03-21 17:41:01,2018-04-02,37787985ad57f421268d1da9e9555eea,2018-03-13
d9a7926047f158ca6ab53261baaef77b,1ace86e495109913f0b2700bd7247b61,delivered,2017-11-07 15:28:27,2017-11-08 03:26:39,2017-11-10 20:18:37,2017-11-16 21:34:34,2017-12-04,d03ef07218f01af47507ef451e478ffe,2017-11-07
16bd7305ef0477841c92abb93ddf72c4,05cca96fef99684c5a5cb586bd025104,delivered,2017-03-05 13:24:53,2017-03-05 13:35:10,2017-03-06 08:43:48,2017-03-28 13:47:53,2017-04-04,cc7c565c841326ad6382a3ee96fd19bf,2017-03-05
742b2b7009e5c7c5aefce3e328c4866a,cffe268026902829ca5d41cd554b4788,delivered,2017-05-16 20:39:33,2017-05-16 20:50:17,2017-05-18 11:25:03,2017-05-30 07:25:44,2017-06-19,c17db1418a98b4a6d1dcad61cc579c70,2017-05-16
c887c09a3acf3b6fe0ba319d68d385a8,12560c8fc6ef4609768854c0dec45c80,delivered,2017-07-27 12:04:47,2017-07-27 12:15:17,2017-07-27 20:10:02,2017-08-03 19:52:17,2017-08-18,ff5f29fbfd0a13f7e7ed9f7b92a32194,2017-07-27
685eaef260332ff45909f2f0a44b60f0,dbc9a93b4f30c4cfc6d4e5f88359c2db,delivered,2017-11-26 12:16:03,2017-11-26 12:34:54,2017-11-27 17:48:51,2017-12-04 19:52:18,2017-12-19,d5ace72808e5d77fac224215904ab662,2017-11-26
9509e22a50417250e3fd7a2bb03d584c,3fe95cb06e9595e91a7dc8d838c9aca0,delivered,2018-05-29 14:38:46,2018-05-29 14:52:29,2018-05-29 19:05:00,2018-06-06 14:29:03,2018-06-21,3b31c08b0c36f8834eed8fa4b0b5a172,2018-05-29
be672f99f61bb90b0430f407ba4378cb,8342323ca97ec421480430c2a893aca2,delivered,2018-08-21 11:10:08,2018-08-21 11:31:17,2018-08-21 13:50:00,2018-08-22 22:36:43,2018-08-24,4d76ce9a79540306c7c6a2f94bbd611b,2018-08-21
c70910216a8ff28d93ac7e1c39663784,0750e4ba17152e6b83cf55f61d391e3b,delivered,2018-05-31 15:20:37,2018-05-31 15:34:39,2018-06-22 18:42:00,2018-06-26 00:28:37,2018-07-04,6f7dc012e1b99d3f08d73de3b7958c8c,2018-05-31
0f38051157b7ad1d4e0b6c5d20de6ae7,af1f25102280108074d2a310ffe4bd1e,delivered,2018-07-31 12:06:37,2018-08-01 02:35:12,2018-08-02 14:54:00,2018-08-06 16:14:38,2018-08-15,d8914408a1f960155489582d080bb52a,2018-07-31
cc008d324278200689ee451a547b97c3,35c8b0889f907434cf3cc776569ba7e2,delivered,2017-02-01 12:34:54,2017-02-01 12:54:06,2017-02-06 08:37:51,2017-02-08 15:45:29,2017-03-08,52efcb176610d4fb077f11a8703f5443,2017-02-01
509952a95c250007c345b4b929663dc6,9538bc63a8c734af9f456e5e932af9e9,delivered,2017-06-10 13:01:05,2017-06-10 13:15:15,2017-06-19 16:23:06,2017-07-12 20:06:49,2017-07-24,f5dcd5178c6c7ce8b09aa0b13589bb62,2017-06-10
953430cd8e4584aaafc39ba5eed96547,c4fa4315b879e1c56f1d536e67d4f8ec,delivered,2018-03-20 17:46:18,2018-03-21 02:55:53,2018-03-21 19:41:50,2018-03-24 01:33:15,2018-04-02,00e8de2edf1a4ac05a65e36b4682cd9e,2018-03-20
55463b6644570a60e7bd7f1c26c3c46d,b9f0fd7af2cba07fe0f3eb88e58c5807,delivered,2017-05-18 18:38:19,2017-05-18 18:45:10,2017-05-19 17:56:43,2017-05-25 15:33:49,2017-06-09,5a1a6144e1b36d1233f3d83504ec130c,2017-05-18
6a29338a1333f4ea8fbfeb6653e516ba,69822f1b6b2d1aad79fcf16946e6075f,delivered,2017-08-08 18:57:21,2017-08-08 19:10:23,2017-08-11 15:17:28,2017-08-14 17:28:59,2017-08-28,19d3f95244b5f1c1b5aaa292d5d15339,2017-08-08
de71f9cb7b28e41118fb7bb28a6b1087,189bd9e8be3f4b136966c6d9309c3ecd,processing,2017-08-17 12:18:55,2017-08-17 12:44:21,,,2017-09-14,fd91227bfd8702c400dfacf9fcc809e9,2017-08-17
319eacb78731ec0f85e21a220556e6e5,066ec1a6ec56a0f8b161b37ddfd738db,delivered,2018-06-11 21:14:29,2018-06-11 21:40:49,2018-06-12 14:24:00,2018-06-20 14:15:46,2018-07-04,f1a35daa921b19e51ec270f213830764,2018-06-11
d9fa27f23d415b11ff675f6efc737f05,fbca44d292b404722eb3eaa33e364a65,delivered,2017-11-15 20:16:54,2017-11-15 20:31:03,2017-11-17 17:31:55,2017-11-22 17:44:43,2017-12-15,b1c936c1a71a46cf4b840a9851486d86,2017-11-15
8ac09207f415d55acff302df7d6a895c,2d8bf5f6862af587af2e0b085a04bf0d,delivered,2018-01-29 14:50:01,2018-01-29 15:18:37,2018-01-30 17:36:57,2018-02-01 15:43:08,2018-02-14,501598d5821539430a35385474cd44d9,2018-01-29
c3fd18a4aeb8e2d589b0248ce60e91b7,17c867817e32d1474241a11bb120d4c4,invoiced,2018-08-14 18:45:08,2018-08-14 19:05:23,,,2018-08-27,b42b5cac8edac8235492b22c19b840d2,2018-08-14
3cbdfe7eddec3865455541546f081546,36c3e8a1f8e150fde4a148578d99a5e1,delivered,2018-04-09 10:18:06,2018-04-10 03:49:46,2018-04-10 22:38:45,2018-04-18 22:22:37,2018-05-10,ee7b3e0d0693ec5f9f39edd9630a9e87,2018-04-09
67c41f8c7f43495ef9156232d80a9e0b,a62be637b764306b8b2ddc829a72e6ac,delivered,2017-05-29 15:47:51,2017-05-29 16:03:00,2017-06-02 08:05:52,2017-06-12 15:39:32,2017-06-21,30c33e7244ee4b2d1395021c28bd8fe8,2017-05-29
58028d410e59d118cb0db94a3b2ac293,82327c1ab34296fb922e0aafe52d40a6,delivered,2018-04-22 19:59:04,2018-04-24 18:22:19,2018-04-24 23:08:51,2018-04-27 16:49:00,2018-05-22,60aee6970bd57744ad0435997b0a91ae,2018-04-22
6ee68064c217ce0b644b6e3bea56d50e,fd73481bc88400f9480a090a44428bbd,delivered,2017-11-24 13:02:04,2017-11-24 15:15:05,2017-11-30 01:32:16,2017-12-07 16:05:04,2017-12-22,96399e780d9da0f4accc86965132847a,2017-11-24
b417d51297514f6e670d1ffb3513ef53,59cc74c68592fa253e7a2d74f5328ab8,delivered,2017-11-27 10:33:17,2017-11-29 10:30:35,2017-11-30 23:32:38,2018-01-16 10:54:38,2017-12-28,ca901e6e7cb2e53a4bb4f4422733f5cc,2017-11-27
fda36ee6617e0a93f9634040815eaf05,7285a211caa6b5708ddbfb01f8987a44,delivered,2018-06-13 10:59:26,2018-06-13 11:17:28,2018-06-14 14:23:00,2018-07-01 12:09:43,2018-07-05,2ab38708dc2f1200d33c47ebe14a6b25,2018-06-13
8497feec743d70689576b2849a5ae95f,1846f31738b622a163fe57dd41f2df49,delivered,2018-01-17 22:12:44,2018-01-17 22:29:52,2018-01-19 00:19:01,2018-01-26 22:36:27,2018-02-07,21a9117f4f2d0eef9bece51e17bf1b71,2018-01-17
d956b6bc3c18434daf20182e6a625c86,11457c0edf75e08d409cc85b203bac66,delivered,2018-06-05 18:07:55,2018-06-05 18:33:28,2018-06-06 14:25:00,2018-06-07 17:47:56,2018-06-29,e89d69a7a35e112ecc985a05c0f0ae5a,2018-06-05
8fc40ab512fd704815938e379ac9c36f,27bf9398c28119ce30319d0805503945,delivered,2017-09-08 14:19:36,2017-09-08 14:30:26,2017-09-11 14:52:37,2017-09-22 23:22:57,2017-09-29,1edfe99cf594f97c0bcec52850d3ba57,2017-09-08
78dd5af5b7e40608ff69ca03bb016ed7,9f081be86699e3a0e6f31b91208a5efd,delivered,2017-11-03 16:22:00,2017-11-07 07:30:39,2017-11-07 12:33:23,2017-11-10 20:41:57,2017-12-04,3e9c0b1e800b33f972c4ae67e035f3e2,2017-11-03
5021c4cb8f8fa752b0b12fc72fd72cf4,8374fbf96094afdc664cdda8aa062633,delivered,2018-01-09 13:23:12,2018-01-09 13:33:24,2018-01-11 22:08:16,2018-01-22 16:52:23,2018-02-02,401272e2f56d17950edddab21c632e56,2018-01-09
e1427e7a68ffc45df4603af512ceb4f1,7397a25461134bddf71cea96f9f39169,delivered,2018-04-25 17:45:35,2018-04-25 19:12:18,2018-04-26 13:48:00,2018-04-30 16:27:52,2018-05-21,552d8ab3877d4823cc8413e0af262098,2018-04-25
83a211eb52242e0bbe36f69edc57c08e,bd472c511885c55391824319030c2154,delivered,2017-11-25 17:30:49,2017-11-25 17:37:27,2017-11-27 18:22:31,2017-11-28 21:38:02,2017-12-11,c031c87476b990e7bc5c2abd6fcfd478,2017-11-25
9aeb1e41ad6d0b90e6342fc5bf592276,13e613b22c4cf864ac2fc00ecdea5fb6,delivered,2018-02-12 17:06:30,2018-02-15 04:07:53,2018-02-15 16:12:40,2018-02-16 16:17:25,2018-02-26,c9d7e6e0c6eaa74de5ba8d684240260b,2018-02-12
e62a2c7e26cd6f85782df6f5e4e36264,1ea175d3ab6e3bf69c3fbbc0f4c59801,delivered,2018-01-12 19:19:31,2018-01-13 04:55:20,2018-01-15 17:28:35,2018-01-25 22:45:38,2018-02-02,e63a75e5f4e4910e278dcb39c92affd2,2018-01-12
49e24f3b7bd666cfb8fcedefdf35785b,eb8ae179d7fc6dd795e9a3ca6be928fc,delivered,2018-07-20 14:19:30,2018-07-20 14:30:21,2018-07-24 08:30:00,2018-07-27 18:29:30,2018-08-03,a5ea267ed08cc63f6848c14b2f2ec313,2018-07-20
6e77a2014a79bc522ba00419725a3bcc,e37bbc70455e1afd493062202a09159a,delivered,2017-08-22 13:43:12,2017-08-22 13:55:30,2017-08-23 15:06:50,2017-09-11 21:16:35,2017-09-26,691968cf6fbb67083248f52a410f3059,2017-08-22
5337d26d14027f547caacb7fee230f81,c4d9b9bfc52725c22a75694a5eca31f3,delivered,2017-10-07 17:46:00,2017-10-07 17:56:13,2017-10-09 19:02:58,2017-10-16 20:33:51,2017-11-08,26f97eaf9f9daed27155eb87109df5b9,2017-10-07
2a2169e99fd0582e2322bce30ab5207b,a04200ccccb7c170043602fdb4005f06,delivered,2018-04-17 15:20:08,2018-04-17 15:31:58,2018-04-24 19:42:05,2018-04-25 20:35:35,2018-04-30,3ad017bd967bfe8771b0fbf45a8596c3,2018-04-17
7607b319daef63a1c1a41b1cd6f4a54c,b366cf48c2ccad341f8e7aff1658f511,delivered,2017-09-28 08:14:06,2017-09-29 08:23:58,2017-10-02 19:23:14,2017-10-09 16:42:59,2017-11-09,8e18da3436d8a163ab9540768a94b22d,2017-09-28
48ae7afdc684e9aff52a26bb84bce016,03376f61962efe4dccecd7ce47dcb511,delivered,2017-01-22 17:11:39,2017-01-23 17:21:45,2017-01-26 14:36:00,2017-01-30 17:34:38,2017-03-02,e2a9ce5993c4e7bd7929e889da70a919,2017-01-22
fb4fa4773ffc0092558abf9097750a3f,3ba5643f5a7590edc685213353b7ee65,delivered,2017-08-28 11:34:42,2017-08-28 11:45:16,2017-08-30 17:13:11,2017-09-11 21:57:40,2017-09-15,6832ad9ac97f82c7c5d614fb8e632e7b,2017-08-28
ededa5cad112d720146424acff90d158,4229c11b27fcd3202161ee954d12fa1e,delivered,2017-07-21 19:20:12,2017-07-21 19:35:07,2017-07-24 18:49:32,2017-07-27 18:47:51,2017-08-11,c60519fbe3add880c770ba0f9cf4112e,2017-07-21
19488ad1e6b3f423c4d8b3a3262efbda,f6e5bb7a5ec165378bdded4b7e7543ec,delivered,2018-03-17 08:27:11,2018-03-17 08:35:24,2018-03-20 17:06:53,2018-03-29 21:10:38,2018-04-05,ef0584254046c041a66ea3e5e36984bc,2018-03-17
6ac15d09391be5079d870678df7a2034,78500017ab0acb2ba158219a6fda23f4,delivered,2018-04-27 17:22:08,2018-04-27 17:35:26,2018-04-30 14:23:00,2018-05-04 16:19:18,2018-05-30,e76fbead5c0b02dd49dd3f39b041a3da,2018-04-27
0c995611a99f81268d859184a416f1db,3f3aaaac1d9df140266ee77970735eaf,delivered,2017-01-26 00:20:22,2017-01-26 00:30:25,2017-01-27 14:55:56,2017-02-06 09:35:04,2017-04-11,c40388c86f0334d1d69f33fc43322a8c,2017-01-26
270f8f53a3e97cf69ab06a15d03105ab,237273539d368eeaee7e513ac0196f65,delivered,2018-04-17 11:29:58,2018-04-19 02:51:03,2018-04-19 19:36:37,2018-04-24 01:28:43,2018-05-10,3e99f42212c30b7ca7f78413a4fa71a8,2018-04-17
4cfcf0598ac30b637d0ded5abcdc74f6,a732e3e70fe678aca25c0e1fce6c93b2,delivered,2018-05-29 11:02:05,2018-05-30 10:56:30,2018-05-30 13:34:00,2018-06-15 14:47:36,2018-07-04,1d595351d8b1153bc10dfe9870cc91f7,2018-05-29
32335927ea896fd9993fa6f6715e1605,66caeea4892e42446bc4b464f108a5a9,delivered,2017-08-05 14:26:04,2017-08-05 14:43:27,2017-08-07 20:17:41,2017-08-21 14:32:38,2017-09-11,b1322edbb6999addcb0e853a7aaf5bda,2017-08-05
30f9a19b0813c91db4efc5ed582b0bff,397615a43d68e23b03dd85c623b88703,delivered,2018-05-06 12:34:03,2018-05-06 12:53:26,2018-05-07 14:23:00,2018-05-11 17:23:25,2018-05-30,fe4507b45776019ff2788c81e595f5d2,2018-05-06
accde1ef3208fde380a66c1706494ba4,def539a7ca0a7f33f09349a1dd13fdc9,delivered,2017-03-17 10:30:06,2017-03-17 10:30:06,2017-03-21 15:01:21,2017-03-28 12:04:01,2017-04-07,7aff47cc04b9729c22565a4a32e90169,2017-03-17
36a37af508b09e391728ea24f49f656c,7bdbd04e0b6901d833166006ec5d7797,delivered,2017-11-14 15:36:23,2017-11-14 15:50:36,2017-11-16 23:18:33,2017-11-23 23:32:21,2017-12-04,f3a02cb603356fb5d28f321074c6a58b,2017-11-14
3a0b9e5f9d86c3edbceb2a6a8f637dc0,2649cfcf1f9fa77ec46cd1b4fc594a5e,delivered,2017-03-04 17:19:00,2017-03-04 17:30:15,2017-03-06 11:33:04,2017-03-11 05:29:20,2017-03-27,baaecc1725b4f63b7a7f49064288b921,2017-03-04
5a92b60d387be04eb53698b2f8b9b043,1dcdf6ec97f49ddecccb0ef350ff7f07,delivered,2017-09-01 06:38:10,2017-09-01 06:50:07,2017-09-01 18:49:39,2017-09-06 20:43:59,2017-09-21,0488328f0b499963e32a37fa42a20ca0,2017-09-01
8a5cd94263594dcb4815688e9f4b3618,7917456dd713912a20d20cdd18b3d610,delivered,2018-01-14 16:08:40,2018-01-14 16:17:46,2018-01-16 00:51:44,2018-01-18 21:48:57,2018-01-30,d43c6aa82fc6dc2c43d6813a4822081f,2018-01-14
c7649c79ea8177e6ff2817c7dac6343f,c083dda2847ac8ea0aad28e6fe16af3f,delivered,2018-07-26 20:03:46,2018-07-26 20:15:19,2018-07-27 14:47:00,2018-08-01 20:09:37,2018-08-10,0f208b15d17b9b88cc74ec13fac56a84,2018-07-26
f3afa9dd5b20b5e021893b1993b7f019,d6df282804c3e29133e76d6440472810,delivered,2017-11-27 22:24:27,2017-11-27 22:34:27,2017-12-02 00:27:44,2017-12-05 23:03:49,2017-12-11,d0688c9961164cff0d988fabdd1ef779,2017-11-27
9b9ea4df4ca67f5e1e7867b56944dd55,8b71a681358f942a3c677d8cb1c7e575,delivered,2018-07-16 12:30:45,2018-07-17 04:35:18,2018-07-17 12:07:00,2018-07-20 18:16:33,2018-07-30,374f827822f9f82abd263fbce78680e8,2018-07-16
cecab9a50124b827ad862cb191df18a8,8a1daab44298bb840a395a817bdbddfa,delivered,2018-05-15 10:07:37,2018-05-16 03:33:47,2018-05-16 15:56:00,2018-05-22 23:14:45,2018-06-22,ef6d7973ed3a9508ec1a9aab67b35888,2018-05-15
1a0ebef87017257e3f6c7f10e82b20b6,6a0cad7e06a1bf0e46d968f094dd0051,delivered,2018-07-25 18:48:22,2018-07-25 19:04:24,2018-07-27 14:24:00,2018-08-02 20:52:03,2018-08-17,96746b215a906b029fce5ce8d9c625ca,2018-07-25
f85c3dc1fcb73177a8b063582d72e630,5d53cf7d06f7d471c05fdc316fd16736,delivered,2017-05-15 21:22:49,2017-05-17 03:55:27,2017-05-17 10:04:08,2017-05-22 13:33:11,2017-06-02,0fbef9a19a7303d17f80e7ca9f9f9992,2017-05-15
b4646db3266d2dcfe81b59aed062d3d7,c4a4198eed8a98fafd29a24afc9e6886,delivered,2017-11-26 23:02:29,2017-11-28 03:39:33,2017-11-28 19:57:59,2017-12-17 18:36:50,2017-12-22,ac0bac29018682cf0fd770f7e2591853,2017-11-26
81a8c2a67e03e35119afe31d8c1d7b10,89ce5d185f524e19ab34c90e6739aa7a,delivered,2018-06-30 22:34:16,2018-06-30 22:50:03,2018-07-10 14:47:00,2018-07-11 17:57:27,2018-08-02,359c46ba516e74cb07fef0e173ec730d,2018-06-30
f8948d6c6224ac4eaedf26a77e5b09e8,cb7d9b0b6bb782faac706deaa158b5df,delivered,2018-02-21 22:55:55,2018-02-21 23:05:36,2018-02-22 17:39:03,2018-03-06 20:12:58,2018-03-23,7c8143c26a9906042601aac3a653b870,2018-02-21
5f00e8736eecc85c0f944342a6a8679a,74f63a0356c3dd2e761445f2fa4bb5cb,delivered,2017-10-31 15:38:58,2017-10-31 16:31:14,2017-11-04 01:33:44,2017-11-07 17:19:01,2017-11-08,82b6bf4a12cb4cacd01c660e419ddf36,2017-10-31
45e199ea5adfa906eccd69a47b50e870,bb0ac4507068b60c61c15304a76d6cff,delivered,2018-01-31 11:34:42,2018-02-01 02:36:05,2018-02-06 23:14:41,2018-02-17 00:51:43,2018-02-26,69ab299f81d1f63707151bf1b278a60d,2018-01-31
276f870fc58da8199417ba83247fb93f,8fb95d3058d1550dbae71bb2098ea0ed,delivered,2018-06-14 17:58:01,2018-06-14 18:18:39,2018-06-15 06:57:00,2018-06-18 16:52:28,2018-06-26,e5d46317b6efaf96ecc28f78ac4ba3bc,2018-06-14
13b405c01103fcb4ab199d6a8f7825ef,83ee5cf0c8eb3b69739ff435c27eb6dd,delivered,2018-01-22 16:13:36,2018-01-22 16:33:02,2018-01-31 20:34:42,2018-02-08 00:16:42,2018-02-06,5d6819179052e295f55361f0206bd054,2018-01-22
4870f8be587a9e5643156fb4f22d02e2,533dfe34292288f199adb10633856c22,delivered,2018-07-18 15:46:11,2018-07-18 16:02:43,2018-07-25 09:55:00,2018-07-31 19:27:35,2018-08-09,bb35282e354b23329f34320a71628a04,2018-07-18
7ba7dee84bae0fca47debc26d678f07b,d548e62990093d77a050736b912714b3,delivered,2018-01-05 18:05:56,2018-01-05 18:16:31,2018-01-09 22:56:57,2018-01-16 21:58:47,2018-02-02,9697fd83acebb81d7a95b4dbb8e5eedb,2018-01-05
57bc9b432f93fd30a3cc83952ccbf267,7022a8efc480a54d4fcaddb10315fa3a,delivered,2018-08-25 11:01:56,2018-08-25 11:15:09,2018-08-27 12:16:00,2018-08-29 15:38:59,2018-09-05,a1c61f8566347ec44ea37d22854634a1,2018-08-25
e277c65ec97280d2b8df16402f002bbd,1add76929fb44f188283613f0f9ace68,delivered,2018-06-11 16:20:45,2018-06-11 17:01:42,2018-06-21 10:53:00,2018-07-02 17:38:33,2018-07-17,bdd469bd8c4188270312855d7b1a0fcd,2018-06-11
5536991d71116471b32ce34a02e42cc6,f72019308430cb68b9846a32d37db6ed,delivered,2018-04-03 10:45:15,2018-04-04 03:15:25,2018-04-18 23:08:31,2018-05-02 12:41:54,2018-05-09,dd20cdd757450654f15bdf7a62c4d18a,2018-04-03
c36fb2b831814f120ed8be36563d8aa0,4b1dc62f5572aa2796acbd46c491b076,delivered,2018-03-06 20:13:23,2018-03-06 20:29:44,2018-03-07 17:26:49,2018-03-14 19:17:47,2018-03-28,7027983ea004c1d385bc41ce7319c540,2018-03-06
5ac5d1317f3d5cb2aafc061720b4ebdd,a7d4736dd5ab4eb241cd2c5d7751bb6b,delivered,2017-11-27 10:51:44,2017-11-27 11:14:55,2017-11-27 22:21:49,2017-12-01 17:29:05,2017-12-18,0f866d3808b2ce1fbbbc8332a76549d6,2017-11-27
a1d4c96bf57bd062f427fb7e9096b90f,a7d24ee76f1c2a468b7997a78056b63e,delivered,2018-04-05 19:52:14,2018-04-07 02:50:26,2018-04-11 18:42:47,2018-04-17 15:24:45,2018-04-25,57af8d8890389c5ac94e4cc401b0e730,2018-04-05
c451acb6636308de77a83c8fa9c72a87,705b2aece576a33b07a5eec40292b9bf,delivered,2018-02-10 08:27:31,2018-02-10 08:40:43,2018-02-16 19:36:08,2018-02-21 14:44:19,2018-03-06,8e662c86d9370970501236c12a28e55d,2018-02-10
f3b7df7b744296234598c2e1fc83ffd4,192f1ae7d7122daf9b8b530e54086a76,processing,2017-04-28 07:04:04,2017-04-28 12:59:04,,,2017-06-06,252acd679e2fdfa8429a5197519745f3,2017-04-28
6c98fa39891b33399785aeac3d7ee926,0c2473e5a7533f687f8e6aa29efbdc7d,processing,2017-02-28 12:49:50,2017-02-28 13:01:27,,,2017-03-24,102592d98b12c6656e777e602d0b4474,2017-02-28
32744f120083b73a94a86096a61ca1c8,2bdb1510d7fa5e2e324f53d7b0ecb0d8,delivered,2018-04-07 12:55:00,2018-04-10 03:50:03,2018-04-12 20:14:21,2018-04-25 18:30:49,2018-05-08,4d0dc4c53bbab36af36b0b6eba868d42,2018-04-07
c9716472f9573f8b76775fae14ae7c1e,93bdcb0a5bd6fdcaf5223c93174028ff,delivered,2017-12-15 21:28:21,2017-12-15 21:36:29,2017-12-21 20:27:49,2017-12-29 14:34:05,2018-01-15,8fffcdc1814a659e1965d06ad0b78efe,2017-12-15
44b7f7a59d7d3d4c6d72380e3af10e80,fb0dd4c7528fd48dde8eafdec4dcfb0b,delivered,2017-07-21 00:45:06,2017-07-21 01:03:28,2017-07-21 16:52:23,2017-07-24 11:38:04,2017-08-03,5b52858bcdab75cfc4593b13ea32db62,2017-07-21
189ba95d81c72d1250e45df72f8acaa4,dee1a312a2edd8671e8885825cbdd2a1,delivered,2018-04-26 00:40:25,2018-04-26 03:30:52,2018-04-27 15:34:00,2018-06-28 16:03:56,2018-05-21,76a0cd11c93798fac74516330bd7bf3a,2018-04-26
786a873e54be6312936c0be8968237cb,b9cb144d3d81be94eca55f70d8c01eae,delivered,2018-05-02 15:45:07,2018-05-02 16:38:03,2018-05-03 15:46:00,2018-05-10 01:58:32,2018-05-25,e32390e93a2de2e3ec100ac40f5ec20e,2018-05-02
8ddf10ae2f0c4148e4cd1fbd889a7ebc,24c1ee3d22885f0d3fb09b80546ecbb7,delivered,2018-02-15 14:46:39,2018-02-16 11:30:38,2018-02-19 17:57:21,2018-03-08 19:57:19,2018-03-16,29d749901b95401b85e0ea6fe3a22764,2018-02-15
59b052d85daa8efd389472b72406a88d,3fa0f0d17dcb1c898d6e6bd095c2d254,delivered,2018-06-09 10:53:58,2018-06-09 11:11:17,2018-06-11 12:36:00,2018-06-23 07:33:02,2018-07-17,db677db84c5f3ca01d0842fb35ba3be6,2018-06-09
1c0d93546a9b70093cb412cc8f50a405,03dffa43f4eb19d5bb46183e6be9c03f,delivered,2018-04-09 13:24:06,2018-04-09 13:35:23,2018-04-10 23:48:34,2018-04-17 23:29:01,2018-04-26,d322e93c425b3550b4730e8ca81eb7a6,2018-04-09
518d2444a28aa986367a85f3637e32a7,dc8857b7ed4b36d0d3b6df6cdd37c439,delivered,2018-01-28 19:36:55,2018-01-30 03:47:25,2018-01-30 21:53:14,2018-02-03 18:36:48,2018-02-21,af2bc846db2a1c5595ef1cddff903533,2018-01-28
39a2d2aed921860a6dc914083df60891,eda13191a05b989ec9f6ef52806feeee,delivered,2018-05-07 13:42:16,2018-05-08 13:35:28,2018-05-08 15:46:00,2018-05-23 20:48:49,2018-05-28,07d7f2c2413b3e21919b59237c8e3594,2018-05-07
1b639d1c43c530ad38bb59d4ea7f8d08,ce65d81faff1e65d08d331bfe6c0ad6e,delivered,2017-12-29 18:23:19,2017-12-30 14:27:40,2018-01-05 17:38:44,2018-01-30 21:42:48,2018-02-15,5ee8f21bffc44f0d99469baeb26d0dfc,2017-12-29
9f4fe1d7e457d205247793f5b21dd706,36755d7ec5d892c462e48ca5098ee156,delivered,2018-02-14 18:23:09,2018-02-16 07:51:13,2018-02-16 19:19:20,2018-02-18 14:34:09,2018-02-26,f10ab8272d689a48154bfc3352c562ec,2018-02-14
ee0ab7251e08896f99e68e22fdb69764,0c9ea4a63a2c946b0a615a207cd3e465,delivered,2018-01-30 23:32:03,2018-01-30 23:54:54,2018-02-02 01:31:37,2018-02-03 01:54:50,2018-02-16,7a311d62282fa63be12b02aef2fd21d1,2018-01-30
6d2a30c9b7dcee3ed507dc9a601f99e7,f542a16576b88cd885a4f797377df95e,delivered,2017-11-20 21:34:33,2017-11-20 21:47:01,2017-11-28 20:22:15,2017-12-13 22:44:41,2017-12-18,f7af15c017130c604ec9e440e600a1be,2017-11-20
abbf8270415671551b11b0e45c72eeb8,0cf035c6dba87ba8ca506f64719663dd,delivered,2018-02-22 09:31:28,2018-02-22 09:50:31,2018-02-27 23:42:26,2018-03-23 19:34:36,2018-03-23,721406d1edfabad2de3f86155356d8e0,2018-02-22
206d3e28b582e9813ffbd58395f55e2e,ade2bbba21068cdeb3a0cbcb73020217,delivered,2017-11-09 17:30:41,2017-11-11 02:46:48,2017-11-14 16:21:59,2017-11-23 18:29:27,2017-11-29,3e1e65dce6ca95809bb8980af28d3317,2017-11-09
f6abdf036dbfaa78fa40d68f83a20968,c6f8d616b2dffab04e4bad5e6a0af2c4,delivered,2018-08-13 20:40:05,2018-08-14 20:35:12,2018-08-15 14:15:00,2018-08-20 14:26:59,2018-08-23,36531b83002d76ec03ce7dff56beacb8,2018-08-13
5da2004d85f2828349d887c989da2adc,95f592086150f0c95d3082aea047b816,delivered,2016-10-05 20:20:59,2016-10-07 02:48:26,2016-11-21 10:23:41,2016-11-26 08:16:49,2016-11-29,9a7d84a4238838d9573057c632139951,2016-10-05
538bcc2ab8514680c3d5b27479b02dae,c3192b5f85bb0b0a52c4777dda01af09,delivered,2017-06-05 22:20:20,2017-06-05 22:30:19,2017-06-07 13:14:37,2017-06-09 12:08:36,2017-06-22,81492b37a762bbce212320608f4fe497,2017-06-05
9f8a5df991c57d29150d67467ebb5001,9e22d6ed7fdeefac7bddebb2612ca0d4,delivered,2018-02-02 10:58:49,2018-02-03 02:53:15,2018-02-06 20:33:48,2018-02-11 16:37:30,2018-03-02,d38573ba6e53e95ff776498453e638d8,2018-02-02
205e94cc10bf8b9be1917d15963e6648,b6dc654ea3ba172d3acd4a753b12359a,delivered,2017-12-02 11:06:09,2017-12-02 11:18:28,2017-12-06 02:32:55,2017-12-20 21:12:58,2018-01-02,d10948d77bc5f66fa786d9e3a5c459a1,2017-12-02
2ccb6bec4f3730c45dafaa8beb92f482,4f363a4496ccc9d1ded1452aa038b00b,delivered,2018-02-26 13:45:32,2018-02-26 13:55:26,2018-02-27 20:34:13,2018-03-07 18:50:04,2018-03-23,feebd1bf80276ec2594b7c048fcd97e0,2018-02-26
a7f50550b7c9925554fb9bda2d7d220a,47a7e64cd6c194e9358b7df9c67bf9a9,delivered,2018-01-12 14:28:29,2018-01-12 14:36:25,2018-01-17 18:47:08,2018-01-19 20:53:02,2018-01-31,536a347bf87825d4f41bc936bf48a72c,2018-01-12
13834646826ae873256bfc9e6d22a019,8512e3ca55e22431ebc529ee0dda929b,delivered,2018-03-21 18:26:33,2018-03-21 18:49:09,2018-03-23 21:52:45,2018-03-28 17:32:45,2018-04-11,aa5f7dd54ee60e317ead5eef539b266b,2018-03-21
504b7c1b22122e429928dcd1ecab50c2,6b0ce605437c4dc06f3ceabbe52ec569,delivered,2017-09-12 12:57:09,2017-09-12 13:10:18,2017-09-14 16:01:37,2017-09-22 17:14:49,2017-10-09,0927b263987388dc45d858496bd42a60,2017-09-12
71b6b0dbcea45b0b6225395f940402a3,a44066ff32f585bbd59d17e7d6433d92,delivered,2018-03-18 10:59:21,2018-03-18 11:10:27,2018-03-23 21:16:54,2018-04-09 20:47:33,2018-04-10,58c62292d014e282834a8eb36f4a98a7,2018-03-18
8c28df1eae513694a941565b1a0a5de8,bac7cc91caa4078e7a3e7e5547531c1d,delivered,2017-08-26 08:46:15,2017-08-26 09:04:16,2017-08-30 10:37:52,2017-09-04 18:32:52,2017-09-14,cff02987650918e27f19c8180a070120,2017-08-26
2f6e1ce2926b6a1f5f9ea11d94b58cb0,8d0705b3e380f94aacb2c36ecc0bd425,delivered,2017-05-25 12:57:19,2017-05-25 13:10:23,2017-05-31 14:17:52,2017-06-19 17:43:21,2017-06-26,728c940d821dd0f5b9cb7d77cba38803,2017-05-25
c261c57774808b333866f1957d4f8ebd,a5deab37103ca8c97bc8b9adb7de4c9b,delivered,2018-02-21 22:57:17,2018-02-21 23:10:24,2018-02-22 18:52:17,2018-03-02 12:41:46,2018-03-08,34043e956b859978f7b8c3aefae878c2,2018-02-21
ea1857c97012fbeb3b4babd5892ebc7a,bf96e70ffefc1f625f3db89f1949af48,delivered,2017-05-30 15:55:30,2017-05-30 17:34:56,2017-06-05 09:52:35,2017-06-09 22:55:52,2017-06-22,ab6bff1069c7a985a00a92e7d1f0f321,2017-05-30
a7c26d6524d448da94b7ad45ad722167,dd846ed066a933c640205ff9258cbc73,delivered,2018-03-19 23:29:47,2018-03-19 23:48:00,2018-03-20 22:26:41,2018-04-03 19:59:41,2018-04-10,0d5d526f0fd183734774068d7f359d6f,2018-03-19
bb34c61f26a3ba58d1643c67b2f8c3d7,86137ad76337bb3d7424765d49dc9579,delivered,2018-01-08 12:23:30,2018-01-08 12:32:34,2018-01-09 19:26:51,2018-01-10 21:58:05,2018-01-24,a4380ddbfeeb2334cc30bee71b50d951,2018-01-08
f11877a328215697cb35c93e04e7780a,9e719f78889c3f9ec9fea06852eaf6b4,delivered,2017-12-23 20:53:21,2017-12-27 04:07:10,2017-12-28 22:29:16,2018-01-24 18:33:09,2018-02-02,12407bf447a2436702d59268381a1212,2017-12-23
9ba7ed4875ebdafe8b7969fe4417e5a5,5160a7d2b93c50245ae21cbc016e4e1a,delivered,2017-09-20 08:10:20,2017-09-20 08:24:21,2017-09-20 20:43:35,2017-09-26 17:33:34,2017-10-09,500a3b14746387c3ae9d94849df801e5,2017-09-20
e73eb0a2c088eec6c479d66ac0d910f0,978301ff5164e588507e36368bb211dd,delivered,2018-02-24 10:02:14,2018-02-24 10:15:23,2018-03-01 10:59:03,2018-03-19 19:17:44,2018-03-19,b4e4f24de1e8725b74e4a1f4975116ed,2018-02-24
d4295c2cfed0fb943b1354de24b47726,7ca386d94fad690a5c2db60793eaf51e,delivered,2018-04-18 21:10:15,2018-04-18 21:30:39,2018-04-19 18:51:50,2018-05-03 17:36:42,2018-05-17,44c35839a44ad4a9690a25279f2204c7,2018-04-18
b97ca4dfeb3b285bbbd1e7a528beba92,68fb4226ef248268b7c3d7effd5d7613,delivered,2018-05-17 21:55:40,2018-05-18 02:54:26,2018-05-23 06:29:00,2018-06-04 17:46:42,2018-06-05,7c6da23b9cf5dcb8d2d0891b01e6ccf8,2018-05-17
6dd9eb8ecef759465403ac4af8944c97,3fdbd8699d78eb58d46568b3f112ae8f,delivered,2018-02-25 16:19:45,2018-02-25 16:30:30,2018-03-01 00:52:39,2018-03-07 21:53:12,2018-03-12,e24f93d8bf05f90b44956c603ff70a77,2018-02-25
b157fc555fff3a1fbb596921333cff16,1776480855ede0a90369b2fc87d112dc,delivered,2017-11-24 13:06:43,2017-11-24 15:14:31,2017-12-11 18:22:03,2017-12-28 21:03:14,2017-12-22,05bd60ad162c2f632a06cdd88ad29a7f,2017-11-24
3f28cba1ce719f837889ddbcd88bcbf2,7349cd73302e7125d66265b35dc9fcb2,delivered,2017-06-19 12:50:16,2017-06-19 13:02:46,2017-06-28 15:38:00,2017-07-13 01:17:42,2017-07-11,82936055e7c7bca9060009913ad3bb91,2017-06-19
1806fe61d0bb55b8c6b9ea3fd2da7c0c,6acbfa50ffad024bc804a9c7cb1bec48,delivered,2018-02-17 12:10:17,2018-02-19 08:46:26,2018-02-22 17:39:17,2018-03-05 20:48:53,2018-03-19,e1655582e67e372a66262605820e6ed6,2018-02-17
742a36775534b588ed2a62ba4c2d9cd7,b3137029b6e1d3d2e172a8725c0d3e5b,delivered,2017-07-28 09:45:54,2017-07-29 02:23:30,2017-07-31 14:27:28,2017-08-12 11:33:14,2017-08-17,d4b56c2e202ff3096477f92a0daef341,2017-07-28
177eb8fe1abffb7ffb6fb1d470077469,349f8c938598fb0c3979dd4219739842,delivered,2018-04-13 09:28:01,2018-04-13 09:52:08,2018-04-24 17:50:43,2018-04-25 18:19:34,2018-05-04,afe99ccaf3a28d99a986e2e6e88b9b3b,2018-04-13
31827c49aa741fe6dc05ad3f63fef4e6,f8104ccef143d4fdd2690976345d235e,delivered,2018-07-05 11:28:27,2018-07-05 16:19:40,2018-07-05 15:26:00,2018-07-12 21:45:31,2018-07-24,3d95d3b7f53ead6222d8483da305a67d,2018-07-05
797fd27a25a9103f01971d21853a0b11,7e66fcdb02521fecb4cb2f6b4c41ef7a,delivered,2018-04-05 10:05:44,2018-04-06 03:10:18,2018-04-10 19:08:31,2018-04-14 11:40:51,2018-04-25,96b59ac4d9aa137833e6572546a3833f,2018-04-05
daed9e78d8caf060ecb46125d167dc67,c0d3af311caad01cc8343a88fe70fdf6,delivered,2018-05-21 15:47:51,2018-05-21 16:55:08,2018-05-23 11:31:00,2018-05-25 17:46:21,2018-06-05,895d99faf0ebe2007bddaacb3f419f07,2018-05-21
026a69b8c98fbfc61de9050c41f1dd95,5441451c5c5d190466e7afbf2adc1c19,delivered,2018-03-08 09:24:33,2018-03-09 09:28:31,2018-03-10 05:16:40,2018-03-11 18:58:26,2018-03-20,6392c99966ef399db8781a316f271d80,2018-03-08
a69a3c7d97e8ed05be9f7c750849c481,e37686cb4fc731e244b925f32fbca501,delivered,2017-05-01 21:09:27,2017-05-03 15:32:13,2017-05-11 10:40:10,2017-05-17 10:56:08,2017-05-25,a54b7270735a72f20d06de07ea0d2ba9,2017-05-01
c12bef4c2199585f7a1f2c92fdac3827,4536ccaeb1bc6078a3063b63c9e2905e,delivered,2018-08-06 17:46:34,2018-08-06 18:04:49,2018-08-07 13:33:00,2018-08-13 16:07:22,2018-08-16,13a6bc772740dca2a4f38a5b5b6e3fb0,2018-08-06
fb9e94685fede37314f883d0bb0c2561,f0ff4f448d3927fade56847eb603a634,delivered,2018-07-18 20:38:18,2018-07-18 20:45:11,2018-07-20 19:20:00,2018-07-24 23:06:43,2018-07-26,23776d2a9c1b58da29a75bad8bb0e6cd,2018-07-18
07f83d154c11676890dc6275328ba6c1,97712f6bd218a7c7f252be5bb6e75f69,delivered,2018-06-17 20:51:05,2018-06-18 20:56:57,2018-06-19 13:50:00,2018-06-27 03:08:39,2018-07-17,9bef825c531fc3631584df912afbb0a0,2018-06-17
94a4d00bea6790d3c810c6b2f56b4d65,eda92d7762b9301345afe83928e464b2,delivered,2018-01-08 22:25:47,2018-01-08 22:37:25,2018-01-10 18:05:30,2018-01-22 14:15:45,2018-02-02,4c1bb90d126fa7126288a57161b58573,2018-01-08
8eb2c9d9099a3b53d1ebe9579ab8c1a3,31ad7bf4a4090e22e0c5d22acaf04f9e,delivered,2017-02-21 08:00:44,2017-02-21 08:31:55,2017-02-22 12:34:52,2017-03-02 10:51:45,2017-03-22,339144ac12bd46326218a890a0ce45d1,2017-02-21
1c355a011e2b33259ad6a363cfed6166,971a8cc26e2bd7434cced15690653229,delivered,2017-12-05 17:31:45,2017-12-07 17:33:29,2017-12-23 03:38:49,2018-01-08 21:10:09,2018-01-05,e36372bd8d8380baaf076808bda14405,2017-12-05
b84b9f8e6380570cdabdb0af246d6b9c,ef2632671769cd78a10d1deeca649078,delivered,2017-04-22 13:44:23,2017-04-22 14:01:12,2017-04-25 11:35:36,2017-06-12 14:39:40,2017-05-19,457e9f62de8a217e79f81b41ddc6c7e5,2017-04-22
d279acf202b55cb48ca420ecd39105e3,64e4610c79c90cff2b13643f3708ea16,delivered,2018-02-21 19:39:07,2018-02-22 12:35:40,2018-02-22 23:15:15,2018-03-03 15:52:23,2018-03-14,16bc082ee7adc9bbc573a092d2b9da2f,2018-02-21
89db4ab2c03e2a83b490e5dc7302c5a7,fa98b17e2cb3e9ac09cc2b04ff98e073,delivered,2018-05-23 23:46:24,2018-05-23 23:55:16,2018-05-24 13:40:00,2018-06-01 22:24:21,2018-06-20,ef69e0ad90e153deb60710ae7a9013a9,2018-05-23
8384cc8291fa3f9512995c77446cf25b,c6447c7b0643e5526a0b245317858d72,delivered,2018-04-07 12:43:39,2018-04-07 12:55:34,2018-04-11 00:17:50,2018-04-12 00:38:44,2018-04-23,b5994945172eef0b73d63a7e3ff8f6e8,2018-04-07
dcb6b3a5dfe3c868690d213b263b6dc8,18ea52dddd0eb6548f78b6a3545ed9a6,delivered,2018-05-04 15:04:35,2018-05-04 15:33:17,2018-05-07 15:23:00,2018-05-09 17:12:13,2018-05-23,0ad16341f17f169081c112d019a8b22f,2018-05-04
8de8b85f1fd0b1e43dfe0745026e93f4,d30141ad1a21e039c788267f511dbd82,delivered,2018-02-23 13:34:01,2018-02-27 04:31:15,2018-02-28 01:46:24,2018-03-21 17:04:08,2018-03-21,16bb5038958182db39fa2881ad570cd1,2018-02-23
da9713f62e0d54668895dd0ca6ddbb64,79e482fbb9811d4ba4eb9249661c0194,delivered,2018-05-28 10:00:37,2018-05-29 09:56:12,2018-05-29 13:15:00,2018-06-12 17:39:38,2018-07-03,2120eda78cee80de1b6a86217d6b349c,2018-05-28
e7e04d4d4bf764f196ef77cbf86b1ece,3550f969887c04033270aa6ec14c49e8,delivered,2018-07-13 09:11:10,2018-07-13 09:26:14,2018-07-17 14:16:00,2018-07-24 23:04:00,2018-08-16,71cb6495e38947c20cbe1c8be3a219f3,2018-07-13
354a5b90cf468691c4b06debfd2c8115,e879d9cc471ab8feafa1056998e6ec95,delivered,2017-01-28 20:01:21,2017-01-28 20:31:32,2017-01-30 08:27:47,2017-02-15 18:47:34,2017-03-20,afd7b301910a6aa6251b6ddbfb3a7e64,2017-01-28
c63b161b8e0d866d60b95902f4d0046e,02c61d2bc19f626c10dd080efe7ecfde,delivered,2018-04-17 17:41:46,2018-04-18 17:58:44,2018-04-20 01:18:45,2018-05-02 23:47:31,2018-05-10,9ff09ff905778a260bafadfafa84bd1b,2018-04-17
3ac2186857e6d4f16167df65af939568,6d17b7ae3491ceaeaa8dc02e8a8d9485,delivered,2018-03-09 10:24:47,2018-03-09 11:30:55,2018-03-13 23:38:42,2018-04-13 00:08:33,2018-04-06,4440347c82849cd13be225a1cafba6ba,2018-03-09
d95c7210ba7d2249083e45536f2d0a27,50c3d604564366cc6e2e3e920cfe6a36,delivered,2017-11-09 16:05:47,2017-11-09 16:26:32,2017-11-23 22:15:04,2017-11-26 17:17:05,2017-12-05,45c0184ce7b3cf7591d8411acd638bd3,2017-11-09
0999a91ea28eb69b5120ccb4c90a1ff5,660bc90c1f3edac49bbbeda20afdfb59,delivered,2018-01-05 20:37:59,2018-01-08 20:31:01,2018-01-09 16:34:16,2018-01-16 16:28:12,2018-02-06,d7f93b8e46e184dbeb98f0576d678f7e,2018-01-05
6cbc65eb4b9f5320a527cafaf73b7ea1,afddd76d1457bf3429973d37105f7aef,delivered,2018-08-23 11:01:11,2018-08-23 11:25:33,2018-08-24 11:59:00,2018-08-25 18:54:37,2018-08-28,b51e5231c8ece4e6f463f2add2e07f60,2018-08-23
a7ebc0809890f8a034bd5bef34068aa8,ee95b60ab2ff37d4e58f5cde4b15bca4,delivered,2017-08-27 16:39:45,2017-08-27 16:50:12,2017-08-29 20:10:13,2017-09-05 22:33:53,2017-09-20,9abbbf5bd2177ee1ec09b36a2b62825d,2017-08-27
a5b5af395ebf623545b0777166d99f5b,b0f630442a65aadea129861805c3c782,delivered,2017-07-19 00:41:51,2017-07-19 00:50:08,2017-07-19 18:15:06,2017-07-24 16:07:33,2017-08-08,39662bc606bbab0b0f5f339f62ae6f31,2017-07-19
98482a10ce38755ad5283e8d99ebfefa,26dc82762cb8a69033c25900cdb37295,delivered,2017-04-07 17:24:30,2017-04-07 17:35:14,2017-04-11 12:06:43,2017-05-02 16:30:43,2017-05-11,f836eb0cd308c629611bc83ba1b5b48e,2017-04-07
8ae04dfbb6a99bc4d4871edc08bf8ee8,69669ffeb8cceacaeba748ae8e50af0b,delivered,2017-11-24 19:30:37,2017-11-24 22:54:08,2017-11-28 20:34:07,2017-11-30 14:42:30,2017-12-08,84361b81a9f8f82a4fca001001442302,2017-11-24
4f11b193b0377b0fca026337ebdbe130,40064aa35ea290a85a8faea0fceb00b4,delivered,2018-03-13 13:46:56,2018-03-13 14:09:28,2018-03-14 01:22:46,2018-03-23 17:19:47,2018-04-05,61d4754a5552b5297317847c258670ab,2018-03-13
c0199e1948471c7a3067b98fa16d16c5,8f22e893295d73e2deb1e4e1d8ea6e32,delivered,2018-08-14 15:26:06,2018-08-14 15:44:07,2018-08-15 15:48:00,2018-08-16 20:18:38,2018-08-21,eb64d65dd4dee2707a1543c313784605,2018-08-14
092dd56170a9fa63acf80b11ef09f095,b39772ec1d9fc1994b44e64ecbc1d13f,delivered,2018-08-21 22:02:04,2018-08-21 22:10:17,2018-08-22 14:06:00,2018-08-23 19:52:45,2018-08-28,e922cef65c84977f14c662eb2ab386ae,2018-08-21
cbeaa013552d74983472628c5534d3e8,9235b5fc6713b7c6c4f69975c54a8028,delivered,2017-05-02 21:55:39,2017-05-04 06:35:28,2017-05-04 14:47:48,2017-05-09 09:18:42,2017-05-23,7e02c8933533aa2589986ed7dc51f359,2017-05-02
f55fce6b72a95af7e7f8607db5a2d4cc,10ae67f3aa1b1fb6b0572e882ed132e5,delivered,2018-03-11 12:30:10,2018-03-11 12:50:03,2018-03-13 03:41:59,2018-03-15 21:18:25,2018-04-06,089a09e5471e89c7348d717ddb61e025,2018-03-11
d886b00d4a23706eb91d946fc5a33a3a,6573ee4e5fd374e19d9d34a121a422ec,delivered,2017-11-24 19:33:51,2017-11-24 22:57:07,2017-11-30 01:24:40,2017-12-12 19:21:50,2017-12-22,601b2b1830be2d1ce100efb10b889925,2017-11-24
3fe47ae1928a1f0f0dd7e456c400da7b,53cf02fb89394af812a28f45c28869d6,delivered,2018-07-18 10:54:06,2018-07-18 11:05:15,2018-07-25 08:11:00,2018-07-31 15:52:29,2018-08-16,615fc19c97dc9badadb99489624ab970,2018-07-18
2354d2984a9a8f5334a71203123cbdc2,438cfe36b53de47ae14cc3e7185468bb,delivered,2017-12-02 10:37:58,2017-12-02 10:57:14,2017-12-05 16:56:48,2017-12-15 20:12:07,2018-01-04,9c1c171a1b3c40185294e3c38a202053,2017-12-02
87db440948f84c0c68a2311dba047650,d1e8d2dce7cc66c32405d66e9eda6b82,delivered,2018-02-14 20:41:35,2018-02-14 20:55:50,2018-02-15 12:07:31,2018-02-27 23:59:07,2018-03-08,0d143948c843840b6a1971d7e717bd5a,2018-02-14
9c9353e8fd52f68f8442e580b5f2bba6,6430b9e20f8b2acf27b7cb72406d0c87,delivered,2018-02-27 21:30:27,2018-02-27 21:49:00,2018-03-05 17:36:49,2018-03-23 19:38:52,2018-03-21,7b08fc11e1aacd85ef2845c12a9ddb81,2018-02-27
fb92e5acbb4a91e36528fd0f21a25eaf,006f0d8cda092921f2cd9159db212237,delivered,2017-11-11 09:19:15,2017-11-14 03:50:37,2017-11-16 14:16:52,2017-11-26 14:12:31,2017-12-06,2cac9c1a43808ace14f1598744f4a28a,2017-11-11
59c0d4b067270f98e28b82c5ce59db9c,1445c50b71cac75922c8b2aab68dce8e,delivered,2018-08-19 20:53:01,2018-08-20 13:15:09,2018-08-20 15:13:00,2018-08-22 17:12:06,2018-08-31,dbe946b2de3de076b7ba4f836f8cd2fc,2018-08-19
b97f4446e75d59878260387fdf72d1a7,84d88cf22fee7766f07c6c033a35d4e1,delivered,2017-04-27 18:04:27,2017-04-27 18:23:22,2017-04-28 15:55:03,2017-05-16 14:23:05,2017-05-29,451dc9294aabd860bb894e08902f5469,2017-04-27
f1b3dc829876d87a130808b76d5bacf7,f9af1b2b5f714b1c3f46b9683df2454c,delivered,2017-02-15 16:31:44,2017-02-15 16:45:15,2017-02-16 09:34:17,2017-02-20 08:05:00,2017-03-16,d389a40e14769e6fec5b93496cb8993d,2017-02-15
718c9dc6e24a5dbdfe4021ffb9f5f63b,2f2c3d4159fa08183d294c682ac8dd63,delivered,2018-01-29 12:33:22,2018-01-29 12:52:21,2018-02-07 22:52:39,2018-02-20 22:19:19,2018-02-20,d35bce9737b580ebcf54f58c24b6ad41,2018-01-29
ed7729e6796b85362ae02f41ae06ea03,ebcd6949522bae5af04691fe44be17d0,delivered,2018-03-03 10:00:48,2018-03-03 10:10:29,2018-03-05 21:04:31,2018-04-10 14:47:40,2018-03-26,f9996b7531735e4c037f2b924cdee1e1,2018-03-03
5e52347cf930a594b49921ee25d22742,9745530bf7ae3bd09df91feac9b7b827,delivered,2018-02-27 18:40:51,2018-02-28 18:35:31,2018-03-01 20:17:03,2018-03-27 01:48:22,2018-03-19,528eab7339748224af6eb22ba7af1062,2018-02-27
14a33a96125aa5f732d96bae3c4e55f8,77e6138a5046e3b23711c3d17721c8ce,delivered,2018-06-21 15:52:23,2018-06-22 04:36:00,2018-06-25 13:37:00,2018-06-29 21:41:53,2018-07-04,0b96194d939aed4f02b85cb481a28a4f,2018-06-21
e4b054cad5be6beb018f30ae256b1672,2c5cbda7de463d91a3ceaf9ed04f9239,delivered,2018-01-14 18:49:49,2018-01-14 19:31:07,2018-01-16 17:47:10,2018-01-31 16:58:55,2018-02-08,755ea1c336d6f25e8baaa2116a24510b,2018-01-14
d08bc243bdf75320f869b3b5bdfdb9ef,49dd36f80ac4c79a0b51aee305604b0c,delivered,2017-10-27 15:04:07,2017-10-28 03:07:47,2017-10-31 14:37:00,2017-11-08 22:18:56,2017-11-16,26b56c033a85c906839ebb8b8dd0aadc,2017-10-27
5adbed163937249660758e9721a42a74,40e2b63d89d6ec0c641eb72ee0a8347d,delivered,2018-01-27 07:18:59,2018-01-27 07:30:09,2018-01-29 17:38:44,2018-01-31 21:28:57,2018-02-14,0f5ebda6a8a76525e3c0fc104cd0b95c,2018-01-27
51b30435208f155396e7732009443833,9708a89477034ec963ec539e031e57b8,shipped,2017-05-14 06:20:25,2017-05-16 08:55:12,2017-05-17 11:19:29,,2017-06-02,cb63cb03a7c4bc9edcdd6e3ea0918ce5,2017-05-14
db56f4c0b87585abfe200b7ed15437d1,149cbd3f684d523d087f5260302c90e0,delivered,2017-11-24 12:48:54,2017-11-24 14:59:27,2017-11-27 21:57:32,2017-12-20 20:09:20,2017-12-18,b599dcfcf9910e6ef00a7f2b69db4802,2017-11-24
4c566742b96f3f068f5058e7919c2842,d964c90c96050f92b1f888059f274966,delivered,2017-11-30 08:24:55,2017-11-30 08:35:55,2017-12-01 20:49:44,2017-12-28 13:12:15,2017-12-27,63c72b0fbf90d9107f07d9e01990fa70,2017-11-30
ffa52cd169e937f7beb9cd360ea881c9,14e13233e812fef1af2d37af6c49a74e,delivered,2017-12-13 14:20:05,2017-12-15 02:30:41,2017-12-15 17:57:06,2018-01-08 21:01:17,2018-01-15,e790ac1a683fa57967952146ab87d325,2017-12-13
706617489351ee37878ad03403622f41,52c3ac2dfd7f5cf22a3c521ef11dafc7,delivered,2018-08-06 16:29:44,2018-08-06 16:44:28,2018-08-07 15:24:00,2018-08-09 20:24:27,2018-08-17,e936b5a035e2b0505863a9aa31f32280,2018-08-06
8006800e5e68db2e9c4168dd8ce32b0e,4f298aac1f56b29c32f9f5fc89b0bdf2,delivered,2017-09-19 14:06:16,2017-09-19 14:15:15,2017-09-21 19:10:11,2017-09-25 20:23:38,2017-10-06,568fe2ba86695cfdba6ab2f56d8c5dde,2017-09-19
bbc87de149eab80106f390cd7014c3ad,29489a43dfe11e906e50b6c9f98faf9e,delivered,2018-07-20 16:38:36,2018-07-20 16:50:21,2018-07-27 15:04:00,2018-07-30 23:21:55,2018-08-01,2e3acb7d5a04d4d65219ca4a9617d03a,2018-07-20
470ae997eff151effb3503add146880b,19feb037e21679bbaa42334e93b3b9cc,delivered,2018-05-16 19:09:00,2018-05-18 08:55:22,2018-05-18 14:52:00,2018-06-06 21:12:08,2018-06-12,cf95b0b5fae3a5db750d9b28c816e818,2018-05-16
4e1bb70e4b6fb08b9ddb86c7ade82354,91453e7ca56963be1899bf47df4be342,delivered,2018-02-07 18:50:34,2018-02-09 10:11:35,2018-02-09 18:28:59,2018-02-22 23:25:19,2018-03-05,8e303e93b44ee0b968cda8d517d7f8df,2018-02-07
0af07373c6e0f41a0660087bf63d7c64,3226925dceac15f5cc2ca251b64e1ef3,delivered,2018-08-02 16:52:35,2018-08-02 17:05:19,2018-08-03 13:56:00,2018-08-17 00:03:18,2018-08-15,2ec723cccfb1cb7457fcba909e382d7b,2018-08-02
633334854d8b82a06554d0bc7d67bd56,b0806ee09ba22b4f77b7cf8bc4b26a6f,delivered,2017-11-24 09:58:26,2017-11-24 11:15:55,2017-11-28 00:05:31,2017-12-19 15:53:49,2017-12-21,f4c9e0ebf17bf085093b46f93abcab02,2017-11-24
bf3430165136d2c023b361cdc0be0a6b,2f8f5035dcf792e227ff708f37727f59,delivered,2017-08-25 16:19:33,2017-08-25 16:30:18,2017-08-28 21:33:20,2017-09-06 10:12:59,2017-09-19,2cf2dcb322e069c5a6762c3a24bf9e70,2017-08-25
045acee11e62afca7764429c5710dac9,0c443d05e8d9a031f5a2f4d8eeeb3fd1,delivered,2018-03-17 14:07:59,2018-03-17 14:28:35,2018-03-20 17:26:24,2018-04-11 17:44:54,2018-04-06,05af4d441293afa8f7d8a960b3caf4b0,2018-03-17
64793ed51799074a85ec8bc4b3e365e6,0bc43b91c520f4f56eda898ab9d0a4d3,delivered,2017-06-14 01:15:22,2017-06-14 01:25:11,2017-06-19 20:04:27,2017-06-23 10:28:42,2017-07-05,c225d4512dd0d07fb643867537a991d4,2017-06-14
50490daf5089179998f3667fa6cb49a5,abb0fd71e8815af6312e1de0b7091d9d,delivered,2017-11-08 07:43:11,2017-11-09 04:31:20,2017-11-09 16:11:47,2017-11-11 15:43:41,2017-11-22,ffc3ea5436ad9c11ee9abdd56b85509f,2017-11-08
d029aed4c68bfb0519211c6971b4b82b,5382d8167498d3069894e3d32430639a,delivered,2017-05-09 17:11:37,2017-05-11 03:50:19,2017-05-16 11:56:03,2017-05-19 17:04:21,2017-05-31,c8dbfbb4a47a215d79659c927e786a58,2017-05-09
d2f5633625bc4755a073b638481e8dcf,ca1b5f5a57a568920c0353b91f906e0d,delivered,2018-02-08 21:03:27,2018-02-08 21:32:23,2018-02-09 22:41:40,2018-02-27 16:56:07,2018-03-05,42c1e09252e30cd3a6be7edb9ae58b8c,2018-02-08
e6712050b6cb63061665c44062c15b78,f70bab6329992d6187af204139926066,delivered,2017-11-04 14:07:11,2017-11-04 14:15:49,2017-11-06 20:51:44,2017-11-16 20:32:01,2017-12-06,105b90bd13985a707ab2cc4567cb7c58,2017-11-04
229177e71a4625bfd5c2d62ff385253b,a28fc82d5947b4c781e56085385d7600,delivered,2017-04-02 15:41:12,2017-04-02 15:55:19,2017-04-06 16:18:32,2017-04-10 09:13:59,2017-04-26,7ca5260cc576f40a29e0a40dd4d3fa0a,2017-04-02
6bf9723842993d425539d1ba41d9637c,bb56ce8466752f06805ce177d2793838,delivered,2017-09-10 20:21:39,2017-09-10 20:30:20,2017-09-20 13:35:16,2017-09-26 18:54:00,2017-09-28,5ef8cbe0aab3f1ee12b205f83be2f857,2017-09-10
497ce9c1558c455c54cdc09e3f5e961a,a311ee3ace919e91f7bfe39b98976f57,delivered,2018-04-21 11:52:23,2018-04-24 18:33:23,2018-04-23 22:39:29,2018-04-30 18:44:30,2018-05-16,8aa3d3adeb6cd2fb1419a3b60166eedf,2018-04-21
f3872a70d527514cb6d7d12853405e1d,1b497251da46ec482685c324325169eb,delivered,2017-07-17 18:01:56,2017-07-17 18:23:33,2017-07-20 17:10:13,2017-07-27 18:03:23,2017-08-08,b97b1ce93190dbb0fbdbe688997a8880,2017-07-17
48c2eddb1be16ce90bf4a7f93f815b34,5e6b3200b3c8cd836edc7759a43865f9,delivered,2018-07-07 17:25:11,2018-07-07 17:35:13,2018-07-10 11:27:00,2018-07-23 16:27:46,2018-08-07,4033743727f6f81808e2f7e4409deefb,2018-07-07
1c8cfd2e1e836008b0ebaa67b1e6e3e9,2be96fca21c76342a10ba5db9b69cede,delivered,2017-07-07 20:45:57,2017-07-07 20:55:16,2017-07-10 17:37:49,2017-07-12 20:07:24,2017-08-01,7d3da91795c9b1a411fab8c82448b8ca,2017-07-07
0d4c211b72251b5ab768bcad1228facc,2c78e14a350349887702fb655e3f1bc5,delivered,2018-03-23 15:58:14,2018-03-23 16:08:50,2018-03-26 18:22:41,2018-04-05 19:08:23,2018-04-13,e7ea4c3049b0ffcb326d8fcf44a06c05,2018-03-23
1c31ab2a0da17fb7deea7714eb37847e,0d8a00a1a77519c094786a9dfddea03b,delivered,2017-12-31 01:24:02,2017-12-31 01:30:21,2018-01-03 17:38:48,2018-01-10 21:41:55,2018-02-02,3841e1601654a5e39f3455f9c8a14f41,2017-12-31
41944cf624269caf43e02d939e33e8bb,d7a4704b258bf185b274e2d5fa8ec98f,delivered,2018-05-15 09:39:01,2018-05-16 03:35:22,2018-05-18 10:01:00,2018-06-06 12:05:46,2018-06-05,09a4585e0aedc471417a89c6e4ec1a73,2018-05-15
4d52285d3673e01e94e3a68ad2104288,43d909b315d369ac4a854b268e5690f6,delivered,2018-01-26 08:19:12,2018-01-30 05:31:45,2018-01-31 22:36:58,2018-02-05 23:11:37,2018-02-19,3b07dca04081afe75969b1c2aa2d9e95,2018-01-26
37754393d4f73d9ef01dc61d6bac379b,21df56ff1891fd112991f116c74b68ba,delivered,2018-07-16 16:12:59,2018-07-16 16:25:19,2018-07-18 12:38:00,2018-07-24 16:46:35,2018-08-06,76d7d9aac84b042696400174eb8d4118,2018-07-16
192d18749b5744f1eff4f1661aeaa731,d80ce92e307d592333f5d39a9f0f4717,delivered,2018-08-20 23:11:04,2018-08-20 23:30:17,2018-08-22 12:25:00,2018-08-24 13:29:00,2018-08-30,5d47565d0d2435f1cf9d189c94853720,2018-08-20
6ef341a08828373038644f3749b9904e,b928a0080b89749b0b35f574ec9975a9,delivered,2018-02-07 18:58:37,2018-02-08 07:35:56,2018-02-08 19:43:10,2018-02-17 14:08:57,2018-03-06,40eeaec8ded23f98865c1ebdb041f6ea,2018-02-07
f98f3e577848e635602f831c276ba700,a5f2fc220807d1b3fe8238b3e9e7d94d,delivered,2017-08-10 11:18:17,2017-08-11 04:24:39,2017-08-11 20:40:02,2017-08-17 14:15:43,2017-09-01,353b5b1fa2b5f318e1059e01ae79a4d0,2017-08-10
b0c2fc04c1c8fbb03073c15316fa9242,74fd37fc8813d6909eaf43e1eaaa07f4,delivered,2017-07-02 05:29:33,2017-07-02 05:43:22,2017-07-04 16:03:57,2017-07-05 11:17:48,2017-07-14,891fda05c6f2315887eb933b15c4cde2,2017-07-02
2321c02e9006c158014df8d2e9b00225,0235a81a0447bcf8bbe8a59e960de5fc,delivered,2017-09-24 12:37:01,2017-09-24 12:50:11,2017-09-28 12:55:36,2017-10-11 21:22:54,2017-10-26,9fb1d9a8bc1e3c025d1761dbfe63da36,2017-09-24
72e879557ec303f7f0e457cac42648c1,b3362143b2992347d6e6005b971e3b1b,delivered,2018-08-08 23:10:57,2018-08-08 23:25:09,2018-08-09 14:50:00,2018-08-17 22:52:44,2018-08-14,34fb8e7f0f5aa9d667b02f387fcbcc53,2018-08-08
5d90613dda6344621749ba10ca8286a6,6a798d0efee6cbd32eebdd288a101383,delivered,2017-04-24 21:38:11,2017-04-26 13:35:24,2017-04-27 14:43:30,2017-05-10 04:25:49,2017-05-15,bea4c4d98bcc58f7af61bd6e2d0c9363,2017-04-24
924b9944de552a095cc8e4978ac8a518,93aaeed4e69b8ff70a4a732cee3e0415,delivered,2017-12-05 19:04:17,2017-12-05 19:30:52,2017-12-07 00:18:56,2017-12-11 21:03:11,2018-01-05,9c6c06e519899dea6fdad64774de866f,2017-12-05
c68e29125ffdf4760e1e0cc3ef931a3f,1dce77c0f8f7a5bd2487cda13f723220,delivered,2018-01-14 21:16:55,2018-01-16 03:50:10,2018-01-18 00:52:40,2018-01-29 16:39:43,2018-02-07,5d338321d8f7d376eee96ab26a9bd046,2018-01-14
207ea151b652a5aa335e64d908d9e0ed,969464fb93c7e359f0aa7ea053725334,delivered,2018-07-15 22:55:40,2018-07-15 23:10:17,2018-07-30 15:14:00,2018-08-03 15:18:50,2018-08-13,a0b900ce3e523b7ded323e9b60c49cf9,2018-07-15
9570076bd35deeec20575eb8e0540131,bf1e5fb309f9198b917402139755d377,delivered,2017-08-22 22:45:50,2017-08-24 03:11:10,2017-08-25 15:39:15,2017-08-30 17:15:49,2017-09-29,f61edbbcef36e53e393bf57e575548b8,2017-08-22
a818110054e36be703fee33dc25a352d,6a229d91be2d2807f3f0d923a7251eb5,delivered,2017-12-28 23:07:22,2017-12-28 23:14:28,2018-01-03 21:19:19,2018-01-08 15:05:37,2018-01-23,4cda12819dc2b2df02ab1cdc1a0aaf0d,2017-12-28
e9b3258a406a55c86715a28bf26c98a0,bf5194ba2c7eaa75eee856b4b61114c0,delivered,2018-03-27 14:16:24,2018-03-27 14:30:20,2018-03-28 23:28:55,2018-04-03 18:31:36,2018-04-09,0c708157885d07ce329f4fe6dd44f8eb,2018-03-27
f52dfe42e170d582737b05865250358a,3b44203a4997aa391633c2f491958858,delivered,2017-05-22 17:31:51,2017-05-22 21:15:12,2017-05-23 15:25:15,2017-05-24 15:39:31,2017-06-13,617dd8829f9c1e89c84c151a8e79bb88,2017-05-22
ab5cbb5966da51d374d6ca55c71c8319,9d640876024b3161ed854d9ac3d4c1f8,delivered,2018-05-16 16:59:00,2018-05-16 17:22:06,2018-05-17 09:23:00,2018-05-22 17:03:37,2018-06-05,1eceb665cb829184fd4e3d2313d8007c,2018-05-16
cd58ddbc1336b4ab573d786234c1245d,8a6275c42c3ae3a63412425cecb2a944,delivered,2017-11-07 15:01:20,2017-11-07 15:16:13,2017-11-08 19:28:43,2017-11-13 16:39:05,2017-11-28,a1e8f99ab1bf0d38a945e84ad1431fe2,2017-11-07
11a767668748212864dd19e283d26b1f,6c8d6291cd0519f7a3a302c10ab9a8c4,delivered,2018-01-12 14:56:47,2018-01-16 03:50:24,2018-01-16 17:09:29,2018-01-22 18:35:26,2018-02-06,3768be8e72cefde3af276467e7fcfee1,2018-01-12
1f38d4b0b64e26e3aa96c3e8a4afe95e,cf25c789086e690ac0787d83feaec0fc,delivered,2018-02-13 14:33:01,2018-02-13 15:08:13,2018-02-15 05:41:44,2018-02-21 16:37:04,2018-03-09,e0fe50284ea35e5d7a1ed290174f4560,2018-02-13
012f2c4ca09b101a73e18957c3294cd6,ddffe99936ec5bf99f1ea9ad22fde3eb,delivered,2017-05-07 22:23:30,2017-05-07 22:35:11,2017-05-10 12:40:10,2017-05-15 09:14:02,2017-05-31,9df040be9d7656d4c912b62472bfcf05,2017-05-07
d2669bd045e902f5d1038d1a0008fdbe,cc0956d7abbaa00b63912a91be6d5a13,delivered,2017-11-29 12:56:47,2017-11-29 13:12:26,2017-11-30 17:37:43,2017-12-09 20:17:24,2017-12-21,db45b4aca81df5ac23c5fb7c7c0df1d3,2017-11-29
7818b170346d35f9686abf606d8d0b53,8a908429ab808be823f1df65872d1bcb,delivered,2018-03-12 10:59:28,2018-03-14 02:48:23,2018-03-16 17:12:37,2018-03-31 11:02:21,2018-04-03,2cb966b13bda674a78859d834f319e3b,2018-03-12
502b66ddeae1875100eae9074f5d189a,e0d0e51f1bc61b27465dd7c88d25874d,delivered,2017-11-03 21:22:38,2017-11-03 21:35:23,2017-11-16 20:21:36,2017-11-22 20:14:40,2017-11-27,a984da262e44d5df9e224ee3072c3717,2017-11-03
99be808a738b72683dd226668837958d,cb26624790acc404e0952e26fe2d410c,delivered,2018-03-22 21:50:10,2018-03-22 22:07:45,2018-03-23 22:36:41,2018-04-03 21:56:36,2018-04-16,82e87b5412a837040b841412a5278381,2018-03-22
19c4ca2f9ed38cdc930ad4d520efa2bb,8551f78cfe666ca6479329b4637d3582,delivered,2017-04-28 12:04:49,2017-04-28 13:04:15,2017-05-15 10:38:50,2017-05-18 08:33:36,2017-05-25,2b43c6b981338ddee4ac29f90ec9331e,2017-04-28
31b0ad9590cbb7cce97820802ad69c6b,9d16c341ca16f398e709ae9ce1203049,delivered,2018-08-15 17:35:07,2018-08-15 17:45:26,2018-08-24 12:47:00,2018-08-27 19:38:55,2018-08-31,272fb8eb2fb19932bbc3f78ac1ddf321,2018-08-15
670c2c5576afd689e7694569bd7a16fc,6b59b00f6c51f03f0b371c2942315fa6,delivered,2017-11-09 10:56:48,2017-11-10 02:56:52,2017-11-16 18:27:08,2017-12-04 23:28:33,2017-12-01,46ae1d535796f9407468dc3de56463c3,2017-11-09
37e3f45ce799c1dcf6c173ed83e1cf7a,09ee0d14edaef21ad79e2b2f4b348b84,delivered,2018-02-25 13:57:23,2018-02-25 14:40:20,2018-02-28 15:45:13,2018-03-23 20:55:34,2018-03-28,0de07e48b74e2abf02f2b2fcf41db31d,2018-02-25
94fcdee942970d335d394f37a3b23ada,5a02bc676ccdb9f5a34db49796b1284b,delivered,2018-03-19 20:06:48,2018-03-20 03:10:42,2018-03-22 12:06:40,2018-04-09 22:52:50,2018-04-17,3e6658866cc636c1762c080ed56f44e6,2018-03-19
a395628c3a4edf913a8abd71556e87f9,188216cd8b26fa96077da81f35b43ebe,delivered,2018-08-07 11:39:59,2018-08-07 11:50:20,2018-08-15 13:06:00,2018-08-21 19:18:43,2018-08-28,a001dad8726d7eadddb0142d138d1cbb,2018-08-07
e7bbb39c507d08caa0aee263d3d6ca55,7dbc842dc7479f9708f950fb68fa7f29,delivered,2017-01-16 21:55:31,2017-01-16 22:05:22,2017-01-19 07:41:27,2017-01-26 14:24:59,2017-02-20,5e8fcce8e57e95ac2100751527c9a485,2017-01-16
1a3875a70aed30f04c73624a486bceb7,d85dbabd3c7d2b014fdbd0ac1854e29c,delivered,2017-03-02 02:12:32,2017-03-02 02:25:09,2017-03-06 09:34:48,2017-03-10 08:14:58,2017-03-23,53ae6e9262660028ed78e066ed2ee2ff,2017-03-02
e3d7c52182ad0917d1d2dd351dc1ef3a,a66532abc4d021fe04fa2a8e8ad63381,delivered,2018-03-01 00:15:48,2018-03-01 00:31:17,2018-03-01 21:18:06,2018-03-09 18:08:34,2018-03-21,4ec1137be53d7dd7d058f771bbb26251,2018-03-01
4e233b40b72c7a074309dc423a0320e6,2d3488b51dd898ee2b4d0eabdcf85855,delivered,2018-06-20 21:04:58,2018-06-22 03:17:18,2018-06-22 13:17:00,2018-06-27 19:04:45,2018-07-18,8995437e9b9919bc40c361e09e3bab4c,2018-06-20
f9281da15642bc69f27307e1dc987b30,bc69102e8ae3e541c0a2762ce71264e5,delivered,2018-05-14 11:15:25,2018-05-14 11:34:48,2018-05-16 16:36:00,2018-05-24 20:32:46,2018-06-01,93f105f20edb24e18548b88b8accdca3,2018-05-14
5b52d2172210855d8037cb1610042498,740f2d1e3b5e6991c71d0b76ac933df3,delivered,2017-07-09 13:27:03,2017-07-09 13:35:11,2017-07-13 20:47:38,2017-08-09 20:48:10,2017-08-17,67898feae48e330621b4c5ef36b70977,2017-07-09
801bda1bc87e8484430a1ad75f51f128,3f0bb4c1fae52dfe92ff27372d2b0d67,unavailable,2017-02-06 10:21:37,2017-02-08 03:05:12,,,2017-03-03,2ac999f37d6814a5130678ef81da9b06,2017-02-06
936ed73e77adab4aaaf271bddfef8f09,e412a786e2d386eb745399143012e65e,delivered,2018-03-23 07:45:01,2018-03-23 07:55:31,2018-03-28 18:57:23,2018-03-29 20:22:10,2018-04-05,40c07297fee5494631337c570dd5f3ff,2018-03-23
10475e2c60a553298676870162a6bed5,b692a0624ae349f80206637d89cc20c7,delivered,2018-08-10 11:12:30,2018-08-11 02:45:16,2018-08-13 06:26:00,2018-08-17 00:01:18,2018-09-10,b52b6116da7ba7af1cf76076564c5bc4,2018-08-10
71e416d9d84276bdc21bbe8e5897f908,9066ab3168b0115faeae69a808b77781,delivered,2017-07-05 12:13:21,2017-07-05 17:36:59,2017-07-07 19:35:48,2017-07-10 18:04:39,2017-07-21,2b56e2cc3e850471212fb92472a51116,2017-07-05
d2d141fcfa835ec7db744de7b57de03c,d7730760dd3d8bef731679140f02bfe4,delivered,2017-09-25 10:37:00,2017-09-25 10:45:38,2017-09-26 22:12:05,2017-09-29 12:39:00,2017-10-17,62ba5c994e3a39d8070906dfe744ccc6,2017-09-25
3556618d422d141f1b231ac5a1c9f7bd,45320d7206b65559095b4e6d24713231,delivered,2018-04-17 22:21:31,2018-04-17 22:35:18,2018-04-20 01:51:39,2018-04-27 00:56:39,2018-05-10,85308f640993b42ab9aaa4ad5a3b3227,2018-04-17
d36d550f28a8d7ce82b1a1f19db44b08,78e307d7e86102ab611c978adc4e8c0a,delivered,2018-05-08 17:15:10,2018-05-08 17:35:18,2018-05-10 11:51:00,2018-05-14 15:48:36,2018-05-30,56bde7a9ac205429bd35c6358c2c8fa8,2018-05-08
82ae4ace0b3ec2734319bd238e822c68,1734f37a2e5d5c62d02c58c28fd08c75,delivered,2018-05-15 21:59:15,2018-05-15 22:16:02,2018-05-16 10:19:00,2018-05-17 15:13:42,2018-06-01,2c865eacd7c3a6501b17f1eeede48c0c,2018-05-15
e34701c5837aa96777ab266393a51537,5943ec866fe75db57ffe5396c51b785d,delivered,2018-06-19 09:58:43,2018-06-19 10:15:43,2018-06-19 13:28:00,2018-06-25 12:58:28,2018-07-13,9c043ff6d24a2a36bdaf3eaff6cc27ab,2018-06-19
0a38b7de941db65679a11a300f782703,77d28992bf7402c72a47860078040901,delivered,2018-02-06 14:25:14,2018-02-07 11:55:46,2018-02-20 18:13:07,2018-02-22 03:36:57,2018-02-22,77c6e4c7eb28d5283d0b789216076ed8,2018-02-06
eb7934e2144a9fa719e1f9b7f6b36270,8a177163539bd30cb89632e057088a78,delivered,2017-12-13 13:32:53,2017-12-13 13:50:20,2017-12-14 21:09:05,2017-12-18 16:27:16,2018-01-02,e187204c0d5020960f0181c19b41f2c2,2017-12-13
6227965ecb8a92f39dae66cf5f09736c,fd3129fbbc0767919a5d42cf03525ec2,delivered,2018-07-27 22:40:35,2018-07-27 22:55:17,2018-07-30 09:08:00,2018-07-31 22:02:55,2018-08-01,ffee94d548cef05b146d825a7648dab4,2018-07-27
382e8f286f0c03a978e78372405fd3de,f45b8234b31295cb26105b9a3ce3623b,delivered,2018-01-03 11:50:51,2018-01-04 08:59:06,2018-01-05 16:05:00,2018-01-10 18:04:55,2018-02-07,7bf5c9596fc39d41078cb46a86b23831,2018-01-03
c40c55aca205a68dd5132a6c7791b478,525665779ff18323edab26a440601712,delivered,2018-01-16 18:23:29,2018-01-16 18:32:26,2018-01-20 14:06:19,2018-02-24 12:57:43,2018-02-19,937c3941606c801c6e0fc1560ac4463a,2018-01-16
38110151a2fef136e15a5b60117c22a3,218f92ed28a063deffb920de2a41a0c7,delivered,2018-02-28 21:51:20,2018-03-02 02:16:06,2018-03-02 19:15:11,2018-03-15 17:02:47,2018-03-22,69e3d59cf220b33fad1116336bc741e9,2018-02-28
b8b6fc684620d7c82ae7a4435e8d6a90,b2905c0dbb32dce94c26396668a744ee,delivered,2018-03-10 11:47:38,2018-03-10 11:55:33,2018-03-12 21:20:47,2018-04-10 14:03:13,2018-04-10,a1e94c3f6d7a4342eb7a9f0e8aaecc01,2018-03-10
55b0d8973155b2b01e1849cd54bb8d89,04e21ae2a1e759be1d67a5b71ec38e84,delivered,2018-07-07 17:30:42,2018-07-09 14:30:12,2018-07-11 11:14:00,2018-07-16 19:51:41,2018-07-31,df86721793e1db7ebf65e205ae57f335,2018-07-07
c5ad60266a394a7f574c140c0248ec43,773ff6d5e61e8c77b8d23f0fcc3eefae,delivered,2017-04-12 00:35:08,2017-04-12 01:25:30,2017-04-13 08:17:41,2017-04-19 15:41:48,2017-05-04,3b6fa0b51bed3d94982f9b41f8e280ce,2017-04-12
528a225a7a04e41feb56cc1cf5fd5824,12dfe085c295adf158e7867456490963,delivered,2018-01-15 20:47:48,2018-01-15 20:59:33,2018-01-18 18:15:31,2018-01-30 10:17:58,2018-02-26,3930d303d06d7be25bd9f6e65639e4b6,2018-01-15
b9964fe824ef79f3fe90110b41e048b2,673b616061db61160a67e09d6a98a030,delivered,2017-10-09 14:25:11,2017-10-10 12:49:22,2017-10-10 18:41:28,2017-10-16 22:14:43,2017-11-10,d40a1a6118775afed4f52618035724cd,2017-10-09
ff42eee9423ebc7d468a3709e1cbefb7,e88a38745875de352d6a135b7d3f11af,delivered,2017-01-16 09:56:45,2017-01-17 19:45:18,2017-01-20 17:35:56,2017-01-26 16:01:40,2017-02-10,2cd2f63f783343de79fd5a430c8b6d43,2017-01-16
7746abd9cd9de029b5abc83ade0304b9,275bedb0597daf98d100ccc0f9a5d63c,delivered,2018-06-20 19:30:49,2018-06-20 19:57:54,2018-06-26 12:16:00,2018-06-27 20:44:30,2018-07-05,f4bc6507d134e2c17006f8643e8942bc,2018-06-20
f817d900e054fb4fbebf7b7a3c2bdb1d,0fedbfc0e3ef4293dd80925871a788a7,delivered,2017-10-27 16:04:24,2017-10-27 16:31:24,2017-10-30 20:24:36,2017-11-09 18:39:03,2017-11-23,3ebd4c11fb353b5ab557955f76f90205,2017-10-27
783c795ca45c01ac1ebe459d8c26751d,17d3670bca39b5c4cf9b10007975cbe3,delivered,2017-08-10 04:58:12,2017-08-10 06:43:31,2017-08-10 18:38:46,2017-08-15 17:14:55,2017-09-08,eb48e60a3b6a2e8526bfaabb4e393065,2017-08-10
d85d09e4eda085d59170079ffc203fd9,23b981b46d1d28fb9fd702315a38c166,delivered,2018-03-15 08:43:41,2018-03-15 08:56:30,2018-03-17 02:25:42,2018-04-09 23:54:28,2018-04-17,110c5487163d40f2af24d9e8344107ca,2018-03-15
b1a680dfbbbdba5a38645d6db425ed81,7e875055687e2f2987c55e117b8cefb0,delivered,2017-11-27 10:00:21,2017-11-27 10:12:01,2017-12-04 19:41:30,2017-12-13 16:13:06,2017-12-20,3a0344aa6a2971cd41b749d87c2d5a2a,2017-11-27
3b8187869db8c3d49a53df42809d5e65,741c4c565dfbaf51d6e67b3e4c6d43da,delivered,2018-01-17 13:31:45,2018-01-17 13:50:14,2018-01-18 18:13:22,2018-01-22 20:55:31,2018-02-08,d04dc53f682cb398877ef5f92802185f,2018-01-17
1232f59222cf1a9733833b710ad10be4,816233127943a56c017351cc00dc1f2d,delivered,2017-11-26 23:36:33,2017-11-26 23:53:20,2017-11-28 22:55:48,2017-12-05 20:32:40,2017-12-15,11e447accd853f512be007be3a57c2a8,2017-11-26
96dcfa01eb8318b92700f1e4e3709fcc,662ad4f6eb71e1eee49899ffe25272a2,delivered,2018-04-19 17:03:24,2018-04-19 17:35:20,2018-04-20 18:21:27,2018-04-25 17:14:51,2018-05-14,bd30c767775cc02a24e13cb1fcb9389c,2018-04-19
529c6a63825f705864c027436f173560,c6deb133925d7eae8f2c812a0fef2745,delivered,2017-12-11 16:30:46,2017-12-11 16:39:31,2017-12-20 16:18:46,2018-01-02 20:12:10,2018-01-12,6853d93f1acf22d33c2d3509ed398e8a,2017-12-11
abb99f53cc364375e6d5ecb669558595,b1ad840cc03178a1e66c111896c9db65,delivered,2017-05-12 22:42:24,2017-05-12 22:55:07,2017-05-15 14:11:24,2017-05-16 09:47:56,2017-05-22,76f0a055ead296270c09e851d242c6dd,2017-05-12
8713d288ea779cd5feda7c95e80abc74,5e9abe14c8328be3e6f344d342137fae,delivered,2018-05-16 15:38:27,2018-05-18 04:54:24,2018-05-18 14:37:00,2018-05-23 13:48:39,2018-06-05,528f52f67842f571a75bbfad503fe198,2018-05-16
d7263798d682bd681fe67074ff6062df,6af9e31ff134de3000a04fd80d2ffc3f,delivered,2018-06-18 23:03:01,2018-06-19 23:18:59,2018-06-20 14:31:00,2018-06-25 20:47:23,2018-07-27,cec23fed609a94185428002a7eb75ffc,2018-06-18
06215d34c1ec4e1106eb12ae5fd0370f,92eca7f9b394bf80e4151f66a4bb0130,delivered,2017-03-06 14:16:20,2017-03-06 14:25:16,2017-03-10 13:28:53,2017-03-30 13:24:47,2017-03-27,e6851148d62886a219bc408b9cdc3fb9,2017-03-06
ebb5b8275a6a365d1243d225386bf299,de2fcb2cca074deebf0c24b2591df6d8,delivered,2018-08-09 18:26:03,2018-08-10 18:25:16,2018-08-13 14:53:00,2018-08-23 21:11:20,2018-08-31,ed81c5511c2d9be4bdcdad56d26d822a,2018-08-09
584f220e644d75e103f1e3a2f7a192cb,245032fa7a475c343d0674fca40ea069,invoiced,2017-08-17 21:08:06,2017-08-17 22:04:58,,,2017-09-13,bc00d13db02654e75f91838213d1d950,2017-08-17
0ce7fca4a24748ee4aa960872ab0bb1a,c02efbe53a1febd27cc6b0fb9544d81d,delivered,2018-04-15 00:20:56,2018-04-15 00:30:59,2018-04-24 18:56:28,2018-04-30 23:22:07,2018-05-17,752fc5cc8aa8402ab155ab39828beaf6,2018-04-15
667fc0af3acc404a6ef971908b1574b4,903b3d86e3990db01619a4ebe3edef4e,delivered,2017-12-12 13:48:30,2017-12-12 14:31:41,2017-12-13 21:08:21,2018-01-09 21:55:42,2018-01-17,46824822b15da44e983b021d0e945379,2017-12-12
3d20a38d1e2828c1ded190ab191db7a0,618a262c8677a93cf6e07f157509c957,delivered,2018-04-07 18:24:08,2018-04-07 18:47:52,2018-04-11 01:11:41,2018-04-12 01:26:28,2018-04-19,a9af0d7191aec50e0ed4eedcc7e70071,2018-04-07
9db26e22b48776e82e3c9e0b30f00a4d,e2dfb3ace8e284559592771149dc9438,delivered,2018-06-28 18:11:28,2018-06-28 18:31:47,2018-06-29 13:55:00,2018-07-04 16:22:51,2018-07-25,d7bf7cfe09c3d0f40e1cabde2dc17fd4,2018-06-28
4a6f711cc41643b625414ca5f0d0d111,3b2dd6ab8ba5b269f5de32ddc35a58ad,delivered,2017-05-17 19:59:41,2017-05-17 20:10:20,2017-05-18 10:35:26,2017-05-26 15:14:55,2017-06-21,2a97710f1202fa575e859ebd38dd3e7e,2017-05-17
1f59665af8c7408a7c633f9541644854,17066ea92fe83b36cb9f9997c3cca3af,delivered,2017-01-25 19:09:39,2017-01-25 19:25:15,2017-01-26 07:59:55,2017-02-03 10:19:04,2017-03-08,eafe35709d25fa19c1ac63692d5c293f,2017-01-25
7bccf6f8e394c22407daecb91ff10198,ccaeb075651015b6fd4240ded98360e2,delivered,2017-11-18 12:08:24,2017-11-18 12:26:20,2017-11-20 16:37:00,2017-11-30 02:03:44,2017-12-21,a1382f97cb0cf468fc4f3f63e88d1542,2017-11-18
d860f5159cf88738ce5f8356512edb65,0a1d65d1119db7e9c8001e375df6850e,delivered,2018-02-26 14:35:31,2018-02-27 04:31:01,2018-02-27 18:13:21,2018-03-09 19:24:55,2018-03-23,187d1b6b41a11171765167c68e8c38b7,2018-02-26
b4e325c228c8d690ef74db064abb8d2f,4d4135b164ea5e50fe064ab636bc8833,delivered,2018-04-13 20:35:29,2018-04-13 20:52:45,2018-04-24 02:19:11,2018-05-02 19:40:38,2018-05-11,ad1156bab35020cf1630797e289cc7ca,2018-04-13
b523567b39b4a0bd6dad69bff2e7004c,d2062ad0a3a3b45b4481f6b95429abea,delivered,2017-12-29 18:40:58,2017-12-29 18:48:28,2018-01-02 18:23:48,2018-01-06 11:33:23,2018-01-24,a0ef77ac3d3662b055dc12b045da37ed,2017-12-29
003d804eef0e1b856881cd18e0cc0d4c,1c1bfb2cd4aa789067295941c42120ff,delivered,2017-11-17 19:43:10,2017-11-18 12:15:18,2017-11-21 22:38:54,2018-01-10 23:19:43,2017-12-18,3f7fe16073dbdd44c23f327bab3def2c,2017-11-17
bb38ea099eb75be1de119bcfd1d5788a,26e3ce042e5bddb58911af13ca03b165,delivered,2018-01-17 21:32:50,2018-01-18 02:11:39,2018-01-20 05:39:25,2018-01-22 20:09:41,2018-02-01,e5c6d5e98f3bd80987b6248a9aed517a,2018-01-17
e15504d16c775034b44d4637a745a5a5,391a099850a406987b6f3019c0d98116,delivered,2018-03-07 12:11:42,2018-03-07 12:49:42,2018-03-09 23:33:15,2018-03-17 15:22:08,2018-03-27,189cbcf514cf83be8bc94f5563f61444,2018-03-07
12589ddcbcb65fc7420d1f32a15d2169,9dcd979236ca7ee761d401e452d75665,delivered,2018-02-16 18:45:53,2018-02-17 18:46:38,2018-02-19 16:57:23,2018-03-08 18:33:28,2018-03-16,0a88ebbe1aa2ed7fc135986ced8a6b5e,2018-02-16
3613892d0bff9156e733d4f86a1cd12b,94dd8366ec790734b50b0d346e5a1cb6,delivered,2018-04-16 21:26:23,2018-04-16 21:35:29,2018-04-30 13:44:00,2018-05-04 14:41:39,2018-05-11,37d7f68849e1f7a6bcc58225180fc4f3,2018-04-16
bd4b5585c4d7c16db3fe69d062fcafb0,180c7a296ff543e42cdb420d915588c7,delivered,2017-02-03 13:32:11,2017-02-03 13:45:08,2017-02-06 12:03:51,2017-02-21 16:56:00,2017-03-14,36dac4b081149eb05a1cebb622cde2a7,2017-02-03
1550ad5373660bdeb5c52239b456396e,6da4a9737f336aa2e82f44bb0e868cdb,delivered,2017-07-03 19:16:19,2017-07-03 19:25:16,2017-07-12 17:58:53,2017-07-20 19:07:26,2017-08-10,8db46442665a3e2c2addba356d0e8354,2017-07-03
ec185ae9706f499c67d358109cd5dc5c,2ce569937fd15454ef0bef32cff41baa,delivered,2018-03-18 22:21:48,2018-03-20 03:49:14,2018-03-28 21:22:48,2018-03-29 22:37:42,2018-04-04,27e0b8ed45ab825b8962fa612ea25637,2018-03-18
364d745d7d2b5bc2dd6348b8e71b5d03,faddb58d5de890cd191da5bb72c54a27,delivered,2017-07-06 09:01:43,2017-07-06 11:43:41,2017-07-07 19:19:34,2017-07-11 20:10:17,2017-07-26,3ba72711278fbdcf091dc7440b55947b,2017-07-06
971b483e83fbbf2cc7a6f65749956bb4,24f95b95cf7249032062b94e5381d760,delivered,2017-06-09 22:49:43,2017-06-09 23:04:03,2017-06-13 13:03:32,2017-06-19 18:53:30,2017-07-04,90706adb215a4906a7f2322a85808bb6,2017-06-09
02605c218285d02df75a255f13396f1e,b1416ec5bad2d6fed050cd451470e76a,delivered,2017-01-31 17:43:09,2017-01-31 17:55:11,2017-02-01 02:07:32,2017-02-14 12:47:51,2017-03-13,12886ac2b88df7aa159e84b19b58a414,2017-01-31
31842de63b28390ef7b35e9b7c4a94a3,f92b90bf5a014b8e6da12f110bbc2bb8,delivered,2017-11-04 21:28:16,2017-11-07 07:30:28,2017-11-07 22:11:23,2017-11-10 18:37:53,2017-11-27,dec0b0af1827fb725bf3a9d98063d2b4,2017-11-04
c6b37cfa2d17a760c682701046e18e91,de9bf374bb9b9c1f0da9c6e148f5f2ea,delivered,2018-06-08 10:51:25,2018-06-09 03:13:17,2018-06-11 11:04:00,2018-06-18 22:51:16,2018-07-04,f12cfa9263ca5dd51027f902d1d05321,2018-06-08
c490ab8919445b94a43d55c6bf91eab8,b23a7016d4fd101086156fd5c5b0bc6d,delivered,2017-07-02 10:02:00,2017-07-02 10:10:14,2017-07-04 16:18:59,2017-07-10 21:32:45,2017-07-21,f72ffc8a05b86e6982c0aa857e15958b,2017-07-02
80260d682079b6090c8285b398c50d97,c4d8e89a0bcb492c465bd502fb31f951,delivered,2018-08-23 20:21:35,2018-08-23 20:55:27,2018-08-24 14:39:00,2018-08-27 21:56:41,2018-08-28,f52f766d6bb4c579b9730851229c50fa,2018-08-23
fb5e4008a881e833a86044a9eefe0c61,2a95ea6560ef2b9abee6e807cc371a5a,delivered,2018-02-07 00:55:58,2018-02-08 07:35:37,2018-02-09 22:12:57,2018-02-24 02:51:58,2018-03-09,2ffeb0dc8ab7589451360bf06fa39cca,2018-02-07
ed530e8c3450732950ed6d49e2cf20eb,ff774d667d8f3f8fe0bdd578e8d0a85f,delivered,2017-11-26 22:09:58,2017-11-26 22:33:30,2017-11-29 17:42:18,2017-12-13 15:36:51,2017-12-15,00ec23a308504080697e5204d3dbcb2c,2017-11-26
e7a1c10937aa6080039693c6dd27387d,19700fca64117217cfc9b77a8ac62029,delivered,2017-10-11 09:17:19,2017-10-11 09:28:17,2017-10-16 19:46:52,2017-10-19 21:12:54,2017-10-30,5846ebe666794f936844342c43e35066,2017-10-11
d5b8e12d70cbd872a14afea28d0a989c,3deb61ef083aebd5e7467245f6d2ab41,delivered,2018-05-09 00:06:24,2018-05-10 10:32:40,2018-05-11 08:52:00,2018-05-16 18:14:04,2018-05-28,67f4a0e45fb1bbdfebc5001cd8a68208,2018-05-09
44001fa5bde42ef2bb752eab4c9dde60,e7465fc1fa500a0b3aaddf34f956ea5e,delivered,2017-08-11 00:21:50,2017-08-11 00:35:20,2017-08-11 19:11:17,2017-08-16 18:12:43,2017-08-31,57b516d9c309aeed9d897fe0a6f16477,2017-08-11
2263541189c89c889a7532e7f5766b77,696ac35ae072343c061fe625f63ff5d3,delivered,2017-11-22 01:52:28,2017-11-22 02:06:48,2017-11-22 20:16:54,2017-12-11 21:23:42,2017-12-15,e3cfda51bf3d476c3dc80e6dfa1dc9e4,2017-11-22
17d465c931e7173971bb5f553a9b7750,33654a02eb3d11a694e43b27986781df,delivered,2018-04-23 15:16:45,2018-04-24 19:07:50,2018-04-24 18:28:48,2018-04-25 19:22:29,2018-05-09,f331706b29fea47479b577b9c8d221bf,2018-04-23
767ea088b6cc91e6b7631c6d30cb980c,d7c08a7845c71b10801439677c275d1b,delivered,2018-03-20 19:50:58,2018-03-20 20:08:24,2018-03-21 19:28:33,2018-03-26 15:32:37,2018-04-16,87692a23cc58f766a292ef52cf551ae0,2018-03-20
fccc01060b3a8f4c458f942871da6bd8,b9e25fb19734f55b6132644fb7dc447f,delivered,2017-09-09 11:45:33,2017-09-10 11:55:12,2017-09-11 21:41:28,2017-09-16 18:03:43,2017-10-03,24cad6db9c734bd4f0edc6a314735880,2017-09-09
9c76544bc3be770f1d1577a923ca28c5,2a8b8b802b0f77a6171588d4df9d9e77,delivered,2017-12-04 21:45:06,2017-12-05 08:41:18,2017-12-11 13:43:15,2017-12-15 21:24:50,2017-12-20,1da52648d2b613a73c7b5ffc667f411d,2017-12-04
b9736e54fde9fad85e20740dc05bcf6a,ce6ccd40c94d231ac012f6488f144380,delivered,2017-11-15 20:36:07,2017-11-15 20:46:49,2017-11-22 16:29:24,2017-11-27 12:48:42,2017-12-05,f7d6e0dd60c793a6616c4736cfc8ff16,2017-11-15
bacf6c8419dbd941c987372fb1db2cd1,3a2e0fc473e5c6bdf7d82c9013acb94d,delivered,2018-03-23 17:30:29,2018-03-23 17:50:38,2018-03-26 19:48:50,2018-04-03 17:28:41,2018-04-13,f1036bda93c302b61dc8772504a295e1,2018-03-23
d53a39ecbd90d0e5111214d0e9c7c1c4,b32d300463c0f032ef94ddf0d77e2f3f,delivered,2017-08-09 15:09:31,2017-08-10 03:25:40,2017-08-16 21:52:32,2017-08-22 18:53:00,2017-09-04,baa8b1be14b8baaaff1561406dbc93e2,2017-08-09
259ed824424260153076008ccc088840,44f360f66ed7f696c225bc804507345c,delivered,2018-03-01 15:12:33,2018-03-01 15:35:47,2018-03-02 01:26:44,2018-03-07 20:48:46,2018-03-19,e594376022f606d1006b1bf7c93cf258,2018-03-01
da2473475b308a32775353337f5c3c6d,85094306ed0284f476d0d3aff28b8f1e,delivered,2017-12-04 15:40:10,2017-12-06 16:38:37,2017-12-08 10:05:11,2018-01-10 20:37:49,2018-01-02,18aecb99836637ad525a1986c2327050,2017-12-04
625005790b9722952dc15d5f8e434076,c20a0b0a67de807a8c8a8999162865d6,delivered,2018-04-27 19:44:09,2018-04-28 14:53:18,2018-05-07 17:17:00,2018-05-16 10:03:27,2018-05-17,6f5b1cccc38bb6297590196aca87e49f,2018-04-27
0f6ca8c1fe7561766aaaf3f6e2011654,b19d47933c1653922198c75d3819b91b,delivered,2018-04-11 14:51:31,2018-04-12 08:32:30,2018-04-12 20:34:37,2018-04-13 12:31:34,2018-04-27,b13d01daf5d18fc3bf8864da8c0f0a0c,2018-04-11
f2ef8ad9ee61aaa6334cf0967193a602,d9753ea64ed62e8042ae6d5ee5a43d7f,delivered,2017-03-11 20:08:52,2017-03-11 20:08:52,2017-03-14 09:58:34,2017-03-17 10:37:43,2017-04-03,c82d387fee1e389d246bb3eaaa6ae024,2017-03-11
72366f977e624d8ec1d8cbaadbbf3c7a,64dffc44afdc3b21fc678ea8e14b7cb3,delivered,2018-01-30 15:07:08,2018-01-30 15:15:35,2018-01-31 22:22:48,2018-03-05 17:08:58,2018-03-02,925751a747a151a7fa97f2f686d028c3,2018-01-30
bb06ae08acf9f68602e0b913282b62bc,010ff86be8e9b1a1ae1868dc64b05f21,delivered,2017-10-17 08:59:24,2017-10-17 09:14:12,2017-10-19 17:13:59,2017-10-26 20:32:48,2017-11-13,f9a7da36a22b5ede9d2e39b5fc0458e5,2017-10-17
4eaf389d62c4c959f4657e40550fb531,a21172cfe057efde8adc6efc12a66ae3,delivered,2017-03-04 19:10:53,2017-03-04 19:23:09,2017-03-06 08:41:49,2017-03-09 12:49:09,2017-03-24,176b7a029663eb80240d5d63684cf51a,2017-03-04
13d5232bb40950f3caa1f771ec517044,c4fe53920c6fcc1751d448035da1d447,delivered,2018-01-23 20:25:05,2018-01-23 20:39:21,2018-01-24 17:15:40,2018-01-26 20:00:48,2018-02-07,bb0aac5b420422ac3e9e45b37d932772,2018-01-23
7597c07056d24fa2ffe6ce4625e6d416,0ed8f79b96a41210442774efbdb29d7c,delivered,2018-03-27 11:37:18,2018-03-27 12:08:04,2018-03-28 22:26:28,2018-04-19 17:08:37,2018-04-17,cbf9fd4968d35373bb46ed086a93bd49,2018-03-27
68b77ee56caee09a1bfcb38270c05173,cb2daf3eedb65b061c0db7e981660829,delivered,2018-07-18 17:59:55,2018-07-18 18:15:20,2018-07-19 12:57:00,2018-07-24 14:08:47,2018-08-09,ff6c9c45f6cee4ec0785650b18322d73,2018-07-18
add5c675d73c284b0b3f62fb201bd409,e07ef2cd5b94cf9dfcd1eb0cda14867e,delivered,2017-10-02 14:00:08,2017-10-03 04:35:17,2017-10-03 14:24:02,2017-10-11 17:33:23,2017-11-06,3cd1ada8a065a2108392c7ebf3f9342a,2017-10-02
77e4dd763472bc15f79464ec30396816,2341261ab32cd120f68a7d10d7b418b7,delivered,2017-12-16 16:23:35,2017-12-16 16:32:23,2017-12-18 21:28:37,2017-12-27 18:09:05,2018-01-15,471d5ca7721cb58b096d992a4790914a,2017-12-16
7ad5c9f8e625c28f5669d0a5aef80a50,af63175339503f8622ed95df42b0228b,delivered,2017-11-24 18:11:33,2017-11-28 03:41:17,2017-12-28 18:03:57,2018-01-10 20:38:55,2017-12-29,41a323d143e6a1d8b6ccd4525b4ecae5,2017-11-24
af008f580a2035b0bf1d82f4546a9d1d,1e929f9854a78461ed6cecf42cf66996,delivered,2018-01-29 21:51:44,2018-01-29 22:13:26,2018-01-31 19:48:36,2018-02-05 12:32:25,2018-02-21,312759a8d9d7e7fae4997a9eec21d2ef,2018-01-29
486c57abefde2c75d496af33eade014c,91d4f4a4af43fac2d39ee94f9b3a9e72,delivered,2017-03-19 20:28:56,2017-03-19 20:28:56,2017-03-20 11:57:38,2017-03-22 16:18:30,2017-04-06,cd2617304aeaf7e9491d4faddbe230c0,2017-03-19
9beff939495db2836896a797a7606ff8,51d885b915b6ba6667088ca3289f06b4,delivered,2017-08-17 17:42:20,2017-08-17 18:30:26,2017-08-18 19:32:02,2017-08-22 15:22:22,2017-09-06,111206009c4b4cfb6463a53cf3043ab2,2017-08-17
2c7166305c873b61875185c04a58fce5,6eefcbb934fc4db2d70ac7fa4759afb3,delivered,2017-10-10 09:27:07,2017-10-10 09:45:48,2017-10-10 21:07:49,2017-10-19 20:39:46,2017-11-13,d2d53ab27fda8e5ffd2b4d2f531665ff,2017-10-10
8dab68fdbfe5d3e83b1ddc4fccde01cd,0b3ab0f6523ee6d07688e1c9cc47b7f3,delivered,2017-11-15 10:42:57,2017-11-16 10:46:47,2017-11-16 19:02:50,2017-11-24 18:29:12,2017-12-07,089bc915af34d9041b3a88a1aa84292b,2017-11-15
1514b8d46abaac77919d48ac0f757fe0,1242105334b8574b384d64bf8b3cedc2,delivered,2017-03-19 16:02:27,2017-03-19 16:02:27,2017-03-28 09:56:03,2017-04-09 19:39:35,2017-04-10,c50f267e5b0a9d42244323880250bee3,2017-03-19
b98ba7d83dc0bf983c1c6b6fb5636b5d,6e260ba39c870e014ded7ce4dd96f2e2,delivered,2017-07-20 11:14:58,2017-07-20 11:30:09,2017-07-21 15:23:05,2017-07-26 22:07:50,2017-08-11,8a63b14dd054c5734db94a27e25fe562,2017-07-20
e15a6ce2cdb4246161836a1dde5e57d4,dd51b4a1d1e10a86b89cd5d07f209e17,delivered,2018-02-08 13:23:12,2018-02-08 13:35:25,2018-02-09 18:57:03,2018-02-17 01:23:36,2018-03-16,9b097ab9eb8eef6fb08994816bdfe6da,2018-02-08
0f8ea8bf70adb55dcc5f8501984138ca,8b43cf398f49439f18c5aeefd19a8855,delivered,2018-02-08 13:21:51,2018-02-08 13:30:36,2018-02-09 21:18:58,2018-02-14 21:26:08,2018-02-26,40aff2666e4f64f660c941072c6e2521,2018-02-08
5a33eef69ed2fbfe4d2ef90f288fb9c8,17e6e6e330608c3bc663d232ed923cb9,delivered,2018-02-23 08:12:18,2018-02-23 08:28:21,2018-02-26 20:40:14,2018-03-05 23:22:18,2018-03-20,bb60f6e25aee23977e19e036f939e8ab,2018-02-23
2c4e110ad02f4c35c966c165a7b9c248,6acfcfaec055a8b185e30dfc1b2420f4,delivered,2018-02-25 13:30:53,2018-02-25 14:08:00,2018-03-01 23:35:10,2018-03-20 21:04:00,2018-03-20,087ab868bb3f6b87f363dcb858269645,2018-02-25
801ce4e79b26aa1738dc18b0d1edef5d,ac73414c944aacef8ccaafda15771220,delivered,2017-03-14 14:08:29,2017-03-14 14:08:29,2017-03-17 06:45:37,2017-03-21 15:58:30,2017-04-05,d54620c45f2b71e7e467ca2b39c12923,2017-03-14
0ef649628b81b1b6562026090e37b98b,2aefebc9e1901ae29a4030c7486cf5d9,delivered,2018-08-13 13:52:13,2018-08-13 14:05:21,2018-08-27 13:37:00,2018-08-28 19:15:32,2018-08-28,4aea39c014f60a5fa5bb77452069aabc,2018-08-13
61ece6128fbdf0024d0bc2e6a816b1ff,7dfcd47ecae5860d7c47befdc84c7d4e,delivered,2017-05-11 14:12:53,2017-05-11 14:22:25,2017-05-12 13:49:54,2017-05-15 16:02:53,2017-05-31,69331785d73730e2b88702e018db1f12,2017-05-11
08783e3047d2cdfcccfcb9ee5b45772f,13b7ad9037c0906ddddf4671337aacfb,delivered,2018-03-02 19:38:26,2018-03-02 20:20:24,2018-03-06 17:16:45,2018-03-07 19:47:26,2018-03-20,312f3a7159f8ae9a13199d7fbc53d1c7,2018-03-02
cacb1996e2de4ef6334c5223259544e0,c0798df67ba2309f0d06889e8beac60d,delivered,2017-12-01 12:41:36,2017-12-01 12:52:41,2017-12-04 21:07:53,2018-01-11 18:33:02,2017-12-29,d82e03353dcd4c2c6ddd3dba073c8da8,2017-12-01
bc307d2f421c01c51c15f828da785142,9a9a85e7b6a53d3b2fe85bfa4b6f20f0,delivered,2017-07-07 13:18:22,2017-07-08 03:30:48,2017-07-10 19:17:55,2017-07-17 23:47:32,2017-07-31,d6cd0db87d696a4e2b31ccfd81011c9b,2017-07-07
92c5cc90d4e67141c45f9803ea9ef222,acde0e281d7c551824bbf9dc9933e98a,delivered,2018-05-05 14:30:48,2018-05-05 14:53:27,2018-05-07 14:34:00,2018-05-22 19:33:20,2018-06-14,c31683b63ec6b3073187a47aa7e9ae46,2018-05-05
23987648ad1833dc7e272733d11ec3e8,1c64ce89a662d3e87adc8a061aa06eae,delivered,2018-01-27 13:19:08,2018-01-27 13:33:08,2018-01-29 18:51:55,2018-02-05 15:56:46,2018-03-01,9aabbac49ace928eaf4efee23c487e39,2018-01-27
29a4fbb32fb0af037ac01c6154484f06,790ad3b525f86ceafdcda488ba45fbb7,delivered,2018-02-22 12:03:36,2018-02-22 12:29:22,2018-02-28 18:58:48,2018-03-08 17:27:01,2018-03-21,c4374c19c4c846193b97f07a1b051a50,2018-02-22
1248580ae351357ac7a36fc314df5268,dfa6cbb137405f9c129d27f13fa3b9fc,delivered,2018-07-24 16:27:27,2018-07-24 16:35:21,2018-07-25 12:33:00,2018-07-31 19:21:28,2018-08-14,cfc43aa5cae41c853b28acea3fd04237,2018-07-24
ed9fb3a28b1ec934fa636779c9d1a3ba,69e8c6eeb79ac15912594337564f1121,delivered,2018-08-17 13:16:18,2018-08-17 14:30:20,2018-08-22 15:03:00,2018-08-24 22:47:32,2018-08-23,34f70f4e502d74bebd37b1875c1c4ccd,2018-08-17
17903614dfca588bfc80bd00f94dd8d2,b5664d312b4ad255a24bfa5c28324c76,delivered,2017-10-15 20:06:58,2017-10-15 20:23:09,2017-10-16 15:22:44,2017-10-20 22:30:03,2017-11-03,e62bcabd8c649ffac768ab43da02da49,2017-10-15
344711e5a1c4b5c82cf1ffa1d358ecd1,f51d0dec3e2271fb4a343e53d3521d1f,delivered,2018-06-11 12:38:55,2018-06-11 12:58:05,2018-06-14 11:19:00,2018-06-15 18:03:20,2018-07-12,cfd3e71a2fbf92caf30376cf4ece068a,2018-06-11
8b06c6beb946868da80b3d6c18d20917,02628c7e9eed8af6043c70257a7a87c1,delivered,2018-05-13 18:47:14,2018-05-14 18:49:55,2018-05-15 13:38:00,2018-05-24 12:41:15,2018-06-07,39cf8faf26661df0e27872cb60f9bb50,2018-05-13
8ec29b681fd22a8225b16acff79330a0,7f6e9a3e00f0600dc1a8473fa31c23e3,delivered,2018-07-18 17:13:02,2018-07-20 04:50:19,2018-07-24 14:40:00,2018-07-30 16:04:29,2018-08-14,84f30d2fd3937449dc7e0c835c281961,2018-07-18
70e107ed69e098ab3f97556b2b56b47c,7643dd471424e7369880d02df61bf336,delivered,2017-05-15 13:43:26,2017-05-17 04:02:09,2017-05-17 08:22:18,2017-05-25 08:45:55,2017-06-19,1e10198c6db36a8836eb94f872451ffb,2017-05-15
3aa41f0c241b0ef62147d849b02313be,72fc7936236a84457d916b713e95c000,delivered,2017-04-09 15:26:33,2017-04-11 03:42:16,2017-04-11 12:15:45,2017-04-28 10:54:45,2017-05-25,6c570a976bf4683e59359a2b73df94cf,2017-04-09
d864a779606f422a7afe050dd25d7209,9b2cf59573a725de29e6527c1e123a4b,delivered,2017-06-27 18:19:32,2017-06-29 02:50:34,2017-06-30 12:32:24,2017-07-06 13:42:12,2017-07-21,b8615c117b6d5af00a84464736ba70b0,2017-06-27
e090796eb26cd39c79e1436b6d2fd36c,9b09afc85bcbaed844e79aea5cc194fa,delivered,2017-11-25 19:38:59,2017-11-25 19:55:09,2017-11-27 21:13:31,2017-12-12 01:58:39,2017-12-15,1c3d086b56473fe6d2ab07a3cd7b4a37,2017-11-25
cd896f1a6e1a6dd77ebc7cd87c831066,bb2d91de3bc4eb320310260882f8f082,delivered,2018-07-26 22:10:41,2018-07-26 22:25:07,2018-07-30 14:14:00,2018-08-07 19:58:48,2018-08-21,024e94ea4d09b69b4996d5af7b43c1b4,2018-07-26
b0caa968184329b15d148bfa24d205e9,5b7df9ba68f1a6b93e9c93f7e594ba58,delivered,2017-02-12 22:08:55,2017-02-12 22:22:53,2017-02-13 11:25:36,2017-02-17 09:47:49,2017-03-10,87e429e15ee07e9c1ab0ac6cffb3ed08,2017-02-12
db5aee77fcd1883e2dd15e342cc42493,d1131794d82aa36cae0aef34908b9536,delivered,2017-04-20 11:05:45,2017-04-20 11:21:44,2017-04-27 10:22:52,2017-05-04 15:27:33,2017-05-12,2361c29faa7eef8c0f3ad921a2d9657c,2017-04-20
da730a4d617d48b8e8d136ef1f86915d,784fd050a4f5ccc4f971ce1e3c97276b,delivered,2018-04-30 12:25:36,2018-04-30 12:54:03,2018-04-30 15:24:00,2018-05-09 21:31:32,2018-05-24,482c0bfffdb1e74925d1e015ea2642f7,2018-04-30
a56954062ba1fb4580bb7f36d175e552,03490c0fe2173f4c187a6ba6d3cd5eb4,delivered,2017-09-13 11:58:46,2017-09-15 02:24:53,2017-09-22 21:03:02,2017-09-23 15:43:21,2017-09-25,9d8b631affd3a9863f7cf6db1fde3864,2017-09-13
d9c7513b739ea789b1724a5e75695f90,1543031602e4e5435036f20a7dcd37a7,delivered,2018-07-07 04:15:32,2018-07-07 10:10:13,2018-07-10 14:16:00,2018-07-13 16:25:34,2018-08-09,ca12da7d856692d5cf4960c5edd99756,2018-07-07
46adacfb7a94e068dc59aee8c57cae9d,f72e6726c968412453cd6d21629572cc,delivered,2018-04-18 04:37:35,2018-04-18 07:31:50,2018-04-19 00:28:49,2018-04-20 00:46:35,2018-04-30,996bf61e02442534789e96e4628b5754,2018-04-18
74e140c90deb93d4414ed8d2829dcfc6,824d5940d4c3aafbe3d8f4d4d071e78a,delivered,2018-05-04 09:08:22,2018-05-04 09:32:23,2018-05-04 14:59:00,2018-05-15 15:22:59,2018-05-24,627da3ea9c4db70231866f7a35bd019c,2018-05-04
4f8f1c7b53665748fb1e21364214cfd0,353f92c7a1c0fe33284da7e67ea62e04,delivered,2017-04-08 12:56:59,2017-04-08 13:10:39,2017-04-10 12:28:19,2017-04-19 23:24:21,2017-05-17,48fa6947050cc823ed1112a81acf8c69,2017-04-08
3c74381248cf4d26768d91a5c30e0c38,5729269e5c26b0dc6ed9f5b18561257b,delivered,2017-08-18 08:57:28,2017-08-19 02:10:37,2017-08-21 21:12:49,2017-08-31 20:47:49,2017-09-22,429033ee746368b1bdeadc210a9a165a,2017-08-18
b5117b798b05270121d510721a774801,f7f184063ab8cc7efdc45ed1ad02cf70,delivered,2018-05-31 23:01:33,2018-06-01 09:31:25,2018-06-04 13:27:00,2018-06-11 19:13:42,2018-07-04,6008175fe48696f52e3f767caa8b739c,2018-05-31
e1621bf755f6bd6cd7a8969768f6b2d6,bfe4d7c78180365eaa59b57902ba2e0a,delivered,2017-09-24 20:04:04,2017-09-24 20:15:13,2017-09-25 19:51:38,2017-10-06 22:53:58,2017-10-24,d1cc1a68ffdb10523c8904db67e650bb,2017-09-24
97c9845a8e4bfe01540ef64fe2bd53d5,f1d97b3601697e41a9d27c8571cd73d9,delivered,2017-03-01 16:57:25,2017-03-02 06:50:06,2017-03-02 14:18:46,2017-03-19 05:18:51,2017-04-03,ca7ee1bc75a9ed79f6cc73a0b45385ed,2017-03-01
9f6b54f3efb6dae90f5520ba74191a28,a880f8d0c075976e7d2c54dc556779d9,delivered,2017-03-20 10:48:46,2017-03-20 10:48:46,2017-03-21 09:17:45,2017-03-28 15:05:05,2017-04-17,5aa94139984012d4e166aa1ba80aa16e,2017-03-20
37db66be8ce4684e201e94e4ce19944d,562dd29ca3452640d5238819d119fce4,delivered,2017-09-13 17:30:36,2017-09-13 17:43:56,2017-09-14 17:42:30,2017-10-05 15:03:00,2017-10-30,665d348433e9565fbe92aeb59e1d81df,2017-09-13
92d210ae0a4555c611b5ffdf82bba88c,d581eb6d9fd28fab7f1e4b19989f490d,delivered,2017-11-27 10:21:41,2017-11-27 10:54:32,2017-11-28 21:52:54,2017-12-17 11:29:08,2017-12-21,e1759df850b705947d579706a107beaa,2017-11-27
47fe026fd2770231295017afd4c0084c,cb428d030920c823db6ae8c08a746f02,delivered,2018-06-29 14:58:52,2018-06-29 15:11:23,2018-06-29 15:49:00,2018-07-03 22:06:43,2018-08-08,9b0a140ff0e6dee72d4af4ec0fa5808a,2018-06-29
77f8ac5734b5b2f8c1572102f854d329,a2e8d1cddde94bd28498e3fe782f3fea,delivered,2017-03-08 15:37:38,2017-03-08 15:37:38,2017-03-10 12:17:34,2017-03-15 12:32:29,2017-03-27,afa97c1719177a2dfa4c8baa78471cfa,2017-03-08
d77f5a013b0d47e99197422a47b3b139,3c9c8e4e9569fbe4131ac258e9c58e68,delivered,2018-08-14 22:50:35,2018-08-14 23:04:14,2018-08-20 13:57:00,2018-08-27 17:38:44,2018-09-10,fb0c543cdc40ab4770baefa75855e326,2018-08-14
0f63c3a2e4c3e3ba27c7452c1f83621c,f72bd6cf9ddfad9cf4aa6e6ff842cd7d,delivered,2018-07-30 21:28:23,2018-08-01 03:31:56,2018-08-03 14:15:00,2018-08-16 19:28:43,2018-08-22,5c6c8d73c5a9a4fc2d83fdd96309d068,2018-07-30
35cf1961f10100bb2198e4f935ab4173,c57e8c7a4bcef288ef247e0641416bee,delivered,2018-03-02 22:26:28,2018-03-02 22:49:02,2018-03-06 18:59:05,2018-04-03 01:03:09,2018-03-23,1c63862deab8439f00d7a269b42a5a97,2018-03-02
17a26e220cbf382a115a06e6ca2d227d,050302e24b5fbdcd27170334fce45f0c,delivered,2018-02-03 11:34:46,2018-02-03 11:48:39,2018-02-06 22:48:56,2018-02-26 23:29:00,2018-03-14,b2a8a796e4c7d2a26910795f18bbbd3d,2018-02-03
199e57082aefc964e7135792059718a9,fec5c4b728d1d93d1c9f18e194aead61,shipped,2018-03-23 18:46:14,2018-03-24 03:35:22,2018-03-26 23:22:58,,2018-04-25,0937f85b7a96b6ad600405e9bf94255b,2018-03-23
9818f8bd7eef5b43fdb528e73bbd6f39,954ca919bf6a26d087d71c2b5afc83db,delivered,2018-04-07 08:07:23,2018-04-07 08:15:16,2018-04-12 16:56:23,2018-05-02 23:22:02,2018-05-04,c0784fed7bc958a6501fc0c8155a9e3a,2018-04-07
8605ba0cd3f683fd896ca81e73049457,ba2cc716ccf1cd5146cc1372fe0fc165,delivered,2018-02-04 18:45:59,2018-02-04 19:09:29,2018-02-08 22:09:49,2018-02-10 17:04:24,2018-02-21,7f01c57ccb38483e6e1ac820aa1758b9,2018-02-04
41c843dab306ff15365492a2dd8c3cef,b974cf42b879bfcaecef8c31a6d906a5,delivered,2018-08-04 08:04:13,2018-08-04 08:15:14,2018-08-06 14:04:00,2018-08-08 18:23:51,2018-08-16,e23e0cc8bb533d8c88c4a913e9e01452,2018-08-04
ab6e1678559b60b6e6a7db4837d6664d,1660d6b9b286a97e609ccc038c160aac,delivered,2018-07-23 12:47:30,2018-07-23 15:31:34,2018-07-24 13:09:00,2018-07-27 14:51:09,2018-08-08,3407e598096dd434796b258aa5f82352,2018-07-23
ea49ccd093967a3ceccdd5da05830b39,67437218ee79b3e89f2174e4cd544616,delivered,2018-03-21 10:24:44,2018-03-21 10:35:23,2018-03-22 20:49:45,2018-03-29 13:34:37,2018-04-09,36592ca68dd807075b89b97412f1e230,2018-03-21
4eee637d6e745237adf560dec7ae412e,d7aad15e6e3ccca5082ee21b5ad88313,delivered,2018-07-27 10:30:54,2018-07-28 10:25:11,2018-07-28 09:05:00,2018-08-01 23:16:48,2018-08-21,5957e9a021f52b5405741f5092ec749c,2018-07-27
386a7bf9de133efa1516c4145330f3a6,99b1186e2fae32c38bfaa3f00ea6f973,delivered,2018-07-30 19:13:09,2018-07-31 04:05:50,2018-07-31 13:52:00,2018-08-03 20:06:47,2018-08-16,23371fcb2f92f745b6657e4a27e34740,2018-07-30
7e3b7b3527cce28aa98702e05fda566e,540acbc48a5a5ef158b6656461288337,delivered,2018-08-07 21:58:48,2018-08-07 22:10:21,2018-08-09 16:11:00,2018-08-15 18:41:35,2018-08-21,eb4a893ea8b36a4d88daeb9c433103d7,2018-08-07
3be95134673694dafe888962e636f0ce,641c9c30922543b24086d3a62cd2c7b9,delivered,2018-07-16 17:11:51,2018-07-18 02:41:50,2018-07-18 16:49:00,2018-07-23 14:20:38,2018-08-06,3402cf3b5f91bf471e15ef6d3e4d45c0,2018-07-16
b0a2ec49c45ae3f6241044d9434ce3b2,03f2dda26a1b89b7cf91dcd8a41feb96,delivered,2018-03-04 23:41:08,2018-03-04 23:55:31,2018-03-05 18:39:07,2018-03-10 00:13:26,2018-04-06,c50d86a5e5f72589a945939e5eb10e11,2018-03-04
3c40398038e198e9e1636c1116378da8,9032dc74d30c8939efdfc6beb53904d9,delivered,2018-03-14 22:08:40,2018-03-16 03:45:33,2018-03-20 00:16:32,2018-03-28 09:56:53,2018-04-13,bb182f55e4cff6eabfc26d08354b5995,2018-03-14
76dd6b675eeba81086553a3c272e0423,645dc851372903e9c08ecbcdf5c55f36,delivered,2018-05-03 23:49:17,2018-05-04 00:12:45,2018-05-04 14:31:00,2018-05-25 19:18:32,2018-05-29,e689a904f43c9bbc5482b024074eb10d,2018-05-03
9b6f76f13e1e4d0d84297002186af20f,0041d7b768cb115092fa0f5d55638d06,delivered,2018-03-10 22:11:27,2018-03-10 23:08:01,2018-03-13 00:06:40,2018-03-24 00:10:58,2018-04-02,a2acf58dde7a492ea0fa65b16c530a78,2018-03-10
38503f70701540d016bbec9c5f9ad4cb,e5a5bac36da02c518203707259c9d838,delivered,2018-03-15 17:03:40,2018-03-15 17:15:52,2018-03-19 16:16:54,2018-03-22 19:48:40,2018-04-10,f78cde75d1c06658ff5cc2c99891a783,2018-03-15
2baa3f7b53010552fadf54405bc0f0b1,2ecbf75689a0fe7bcaefdcda5ca1cbf0,delivered,2017-07-03 17:45:48,2017-07-03 17:55:17,2017-07-05 14:33:24,2017-07-21 16:10:38,2017-07-31,2dfbdb080da536f85675b1563716cc22,2017-07-03
97c3cd61d2a79ec31e314ef61b817895,e8efbea0bb2c1f6fa1f9974e53dcb370,delivered,2018-03-25 15:50:23,2018-03-27 03:48:21,2018-03-29 21:38:31,2018-04-07 15:28:25,2018-04-17,1791d6a30fb776207b1dfe8b6a10bdec,2018-03-25
4d3bfdf4c7d6578ea445d588371ae10e,7badbcce7da90b7920997ddbac3187b5,delivered,2018-03-25 18:27:34,2018-03-25 19:30:36,2018-03-28 23:48:36,2018-04-13 21:52:07,2018-04-18,ecac07aedaa3221150cc28e6fa2e99db,2018-03-25
abda5a07e6be93929ff11832648683fd,38456be610f69a4bd45e269a69a18b9b,delivered,2017-08-09 09:08:04,2017-08-11 04:24:47,2017-08-11 19:44:44,2017-08-21 22:23:58,2017-09-04,549d265c22f51a2a01d787664a0bc1fb,2017-08-09
056c24c33a180450cff18b5a17404725,a295e08ab5581bb236c059295c4e202d,delivered,2017-07-03 11:04:53,2017-07-03 11:23:40,2017-07-05 16:42:17,2017-07-17 17:22:40,2017-07-25,1cddffc632aa19a1db7d5fb0ad187b16,2017-07-03
f057e285395efbc0c032cf9e4ccfd146,a3291b519a23943f436aa7f0b31d5614,delivered,2017-10-10 19:26:34,2017-10-10 19:49:17,2017-10-11 19:58:31,2017-10-17 20:22:47,2017-11-03,b6aa5a87f6c08e2510324edca009810f,2017-10-10
05c7d88e9c05e1fa1428f1ff2dcc29da,98661b627038780e9e655a56ebc23dc6,delivered,2016-10-07 02:41:42,2016-10-07 03:15:06,2016-10-30 13:18:00,2016-11-03 09:13:52,2016-11-29,d6cbe5bf7d8f5583902fd66f1b7a2f44,2016-10-07
2efabe81d42a274dde6ed24c45f413ee,94efc665d43965f7033e755c1250fd01,delivered,2017-12-14 15:14:49,2017-12-14 15:31:27,2017-12-19 23:25:30,2018-01-05 13:18:14,2018-01-17,49c193bdbd5dcb6e0f7ac6df5ded0143,2017-12-14
6150df8ab9ea72d5c3eff1c320ae43a8,2526e267558d4f12d1292882ef11f0c1,delivered,2018-05-14 10:26:57,2018-05-14 10:35:18,2018-05-14 14:27:00,2018-05-21 18:26:39,2018-06-08,74f41fd315f7631869422aaa5e95ac0d,2018-05-14
6139511ae07bf8fb7011174557ce663d,36939b85495ade4c9abf1c6aaeb6169c,delivered,2017-08-19 11:14:26,2017-08-19 11:30:08,2017-08-21 14:14:01,2017-08-30 17:38:08,2017-09-15,d88025e331ae3af0b932640d318184d2,2017-08-19
ed07e6cb75956d0f36991bc3de035296,810c7448c272399111e86f0bd82eebf1,delivered,2017-07-13 18:59:15,2017-07-13 19:15:07,2017-07-18 18:42:05,2017-07-25 19:37:28,2017-08-04,9391e677f4cd399e3b64c19aa6bd5a41,2017-07-13
61966b6a3c4c582bbc36995227175fc6,a9a9a5f7935431f8f3a80e31bf910a0f,delivered,2017-05-13 15:06:20,2017-05-16 03:22:43,2017-05-16 15:18:39,2017-05-31 15:45:00,2017-06-08,21f3913907836e894bc9787c6c5b1535,2017-05-13
ac2403ebd2706b3bd5399ac7ef4ea9e7,a40ec3847924d7d49ee652cf8037caa1,delivered,2018-07-15 17:42:46,2018-07-15 17:55:14,2018-07-17 12:15:00,2018-07-23 20:26:31,2018-08-07,68b228fb72285c850bd288b1a6525625,2018-07-15
4bf076e869b9f6d8f4a470a9850ed57a,17a7ed1c58dffc2bad134c5e67d73393,delivered,2018-06-06 08:37:16,2018-06-06 09:11:22,2018-06-06 13:22:00,2018-06-07 17:06:27,2018-07-03,4fe3986eb91014e00639e601582e60f1,2018-06-06
8d0c7472a5800dbd21bd547db00f541c,34343e4c06ceecebd5ee18f161c88f58,delivered,2018-01-14 23:22:38,2018-01-14 23:31:31,2018-01-16 21:10:15,2018-02-15 18:09:42,2018-02-16,00728bae3dec9c16b2193ab7e3195eb7,2018-01-14
7a0698ce87fc4cd3e171e7361f0bc0b5,95b18ed2e0c4328d80daed9047b6d995,delivered,2018-06-20 12:39:18,2018-06-20 13:21:08,2018-06-22 16:22:00,2018-06-28 18:12:24,2018-07-16,191525912e1a31a97bf8b481ce852f75,2018-06-20
aaff8afa47c8426e414a6d908a97713c,690172ab319622688d3b4df42f676898,delivered,2017-10-15 11:08:48,2017-10-15 11:25:49,2017-10-16 21:36:29,2017-10-25 22:30:58,2017-11-06,a96d5cfa0d3181817e2b946f921ea021,2017-10-15
6e810ea04c2e8b0bd5983f29be221d11,8bf61684ef7c1079a0c559ecd90ac2ad,delivered,2018-05-17 14:22:36,2018-05-18 01:57:18,2018-05-18 14:05:00,2018-06-01 20:51:09,2018-06-07,56421c47bfd636b238bc5de6eb7c8b87,2018-05-17
dbb320039cf47fdcb45445cfb453689d,59954950b484751adc5d8191bcd1f8ef,delivered,2017-12-08 00:15:46,2017-12-08 00:31:15,2017-12-26 17:18:07,2018-01-03 18:33:50,2018-01-17,204411895cd94da85bf16cdd8b6fafb2,2017-12-08
ef1576732b4172617fa2e2bf688428e8,aee24a1fc1dd85d97c08c4e3dbdae462,delivered,2017-11-19 15:19:57,2017-11-19 15:30:48,2017-11-22 14:07:53,2017-11-30 19:17:25,2017-12-14,6b581771d162e6a0463cc44b333323d3,2017-11-19
9a5c4560113d38eb951d2263795e9506,9362ea913384dd5e069a7d24a872a7a7,delivered,2018-01-10 08:52:43,2018-01-10 10:31:46,2018-01-10 19:10:06,2018-01-12 20:16:49,2018-01-31,54ea1345f8f9b5f05ce1efad422f0953,2018-01-10
b2a3423735119b088bc62dd62cf053a8,7e6b8b2bdb547f7343c0d28f2ed5662e,delivered,2018-08-02 12:06:07,2018-08-02 13:04:23,2018-08-10 12:27:00,2018-08-13 23:48:44,2018-08-09,ad85c133449f220e90bc455eac37c5e7,2018-08-02
8f7ebe126fc801255111469be7ff27a7,49ca85db68c41b902bb3e77280c49b42,delivered,2018-01-11 13:20:36,2018-01-11 14:33:03,2018-01-12 23:28:20,2018-01-29 11:48:35,2018-02-06,5e26a87b664b54e81793442cc00e99e2,2018-01-11
62f18c66309e5681abe062a4551ae0e6,447d0f76d49b609fe01725c580eb5aca,delivered,2018-04-24 19:24:43,2018-04-24 19:35:19,2018-04-25 13:22:00,2018-05-02 19:06:30,2018-05-10,177944abea1f205f8101c1890ef79c81,2018-04-24
17762ff601f1e45ce03106e45acc1ea0,60082c41c9d6ccf9aa3711f6ae12c9f2,delivered,2018-05-08 12:57:02,2018-05-08 13:10:20,2018-05-11 08:17:00,2018-06-04 20:28:39,2018-06-07,d9392eb14d3887d001ba8b3c4343f2cc,2018-05-08
d807318c6ed8193c569cad0f755131fa,691251eb0e737cf83b90f44de6bc191e,delivered,2018-05-18 12:20:52,2018-05-18 13:05:59,2018-05-21 14:18:00,2018-06-07 12:53:28,2018-06-04,e0a5163e8d7d76ca1fe345506a6552d7,2018-05-18
955d7160d2201985628b6061d29c3825,07a557af74d3f7cd33b2126b6b982c89,delivered,2017-11-18 08:56:40,2017-11-21 04:06:15,2017-11-21 22:43:39,2017-11-30 17:13:34,2017-12-11,86110f7b2577ea49fd032eb66ea095e3,2017-11-18
05f54a9f4abf370b7c655d914159ab98,f3f93e06f8036714b1cd0fccdf2d059f,delivered,2018-04-01 22:38:07,2018-04-01 23:27:28,2018-04-04 19:36:42,2018-04-10 11:52:54,2018-04-19,2c5b5819a1ae0b137f61daff8dfe2b69,2018-04-01
21cdcda0dab99c19306dca0f9ea2f7d4,76167f0b00919fe51c644d2fff3de124,delivered,2017-05-13 09:10:38,2017-05-13 09:22:43,2017-05-15 10:28:09,2017-05-18 08:33:42,2017-05-31,f52a8a57228f8fc586dc65983d39904b,2017-05-13
64b0d9816689f0f4dd0f06127d5d0dfb,a87b390cf9b1dfb4b06d218502d27ffb,delivered,2018-06-02 07:16:53,2018-06-05 03:50:01,2018-07-04 06:38:00,2018-07-05 12:25:43,2018-07-20,88f19ef44c06bca402644a3d5e9babdd,2018-06-02
b7276795d572042799508b017fb3cf16,e77f4504a634682ed1d9b850039fcc49,delivered,2018-04-17 14:16:41,2018-04-19 02:15:15,2018-04-19 23:51:28,2018-05-07 20:04:33,2018-05-11,fafca0e855aa0ce0b89027f605229d55,2018-04-17
f92658c234d93f1b5e25da234dd2968c,a8bcd37f8dd5ad261b9580c6fa2cff74,delivered,2018-03-04 11:30:27,2018-03-06 03:48:58,2018-03-07 00:21:44,2018-03-23 18:14:37,2018-03-29,e058b9434f1c28acd8cf61b1a525985c,2018-03-04
dd38e535112fb5094b53b1997c4eda52,806f601fd9936f4d97179a15b3b4c3ad,canceled,2018-08-13 13:01:54,,,,2018-08-21,1f22ecb07d25446bf52c51afa93cfa3b,2018-08-13
7aa2471c1e8d0cd89eec9459fde59414,0eb400f3e6d2f08e70d2ab5af9c203f4,delivered,2017-09-18 19:09:52,2017-09-20 02:10:42,2017-09-21 19:37:10,2017-09-27 19:09:10,2017-10-04,c64b0bf5855e1d6ba223d649298c2915,2017-09-18
437eab927fbbc0dcfef153692c06c2cb,cbec150ab167587d8cc2347cb7b92c8e,delivered,2017-10-17 21:44:13,2017-10-17 21:56:16,2017-10-18 16:40:21,2017-10-27 19:16:54,2017-11-14,e06fe450d46dd0976f157bfa0b6a719c,2017-10-17
ea6de7eb6a7e8b6c49c41fe6bbd4e6e8,06293b07f2a65667ea6eca6eb2e0f25f,delivered,2018-01-09 08:20:46,2018-01-09 13:11:22,2018-01-10 18:10:56,2018-01-15 17:42:55,2018-02-01,c5e45bc8a770bd25b7dc44073b5ae29a,2018-01-09
1cfced67fb82caa7fb2b4521de6e18e7,6bbe6939dc1b42b2e1d8622e5dbc0649,delivered,2017-11-27 09:02:55,2017-11-27 09:16:12,2017-11-28 19:44:02,2017-12-05 17:19:13,2017-12-15,46a6e4074adcff2d099d729a2d926aeb,2017-11-27
ba425a0e31cc5415cc13ff2c357e84ca,8c183fed8b3aa46f5f48699d23ead483,delivered,2018-02-08 08:59:42,2018-02-09 08:56:29,2018-02-14 20:21:39,2018-03-01 19:08:42,2018-03-07,fec232d4cc06243cdf7a21abd6cb2c55,2018-02-08
9a8099a1462301749bd1e2a978b9a8af,9a574ff822f0d61666199f6b5d0c9cae,delivered,2017-11-13 21:39:20,2017-11-13 21:55:54,2017-11-17 12:03:00,2017-11-29 21:27:01,2017-12-15,31269cbc7eb43bc9b86f3f6c47934208,2017-11-13
33450649f41ed254714b462ecdb050cd,068152a5d93881c84dc1edad287461de,delivered,2017-04-07 12:19:51,2017-04-07 13:06:32,2017-04-07 13:11:12,2017-04-11 05:42:39,2017-05-03,4c77f5ce7d9d561acbb5f33127cbd599,2017-04-07
10dd28056d3f546596690c33f28d7c8a,458223e3ead20abf2817f7ec7a91f4ff,delivered,2018-02-03 09:29:40,2018-02-03 09:51:50,2018-02-06 20:59:03,2018-02-16 01:08:52,2018-03-08,3893395fc45eb49676c8f2a05186a6da,2018-02-03
80db40134db34fa301d8a9c17b307a00,f1539aca62cfda94501933977e2d651d,delivered,2018-08-04 15:52:54,2018-08-05 15:45:17,2018-08-08 13:52:00,2018-08-14 17:14:46,2018-09-03,e0a7e61d37dd4060ab419bdb93a9f05d,2018-08-04
f4b85a796ab70afd964c35ac15b29fa4,819cbd55a98fda9364f7241bc8336a14,delivered,2018-08-07 14:56:32,2018-08-08 04:35:15,2018-08-11 07:17:00,2018-08-15 20:48:42,2018-09-04,daea4b897b74a671f733ba577f52f4ca,2018-08-07
a9fc33bc08db61779f55bc0ade473da7,ab9ba36bc845ce7fe265073cbf9f3bd9,delivered,2017-07-19 13:31:36,2017-07-19 14:05:28,2017-07-20 15:44:44,2017-07-31 19:36:51,2017-08-15,e20da8f03bc403a8efda159115a58b2d,2017-07-19
5f416e5874a47fb2ea0cc325530b6e76,0853e40927647b9aeccf91bf5c0706f5,delivered,2018-04-07 18:45:28,2018-04-07 19:08:27,2018-04-09 19:08:55,2018-04-13 22:04:17,2018-04-27,f11f3c41275fb56993366e604280edc7,2018-04-07
adc8df919d6fe4d55a9e8fd9e14e013c,54b4870b180756dd1067656274e73bdc,delivered,2017-11-06 07:03:41,2017-11-07 07:30:34,2017-11-07 15:42:08,2017-11-14 00:13:42,2017-11-17,afc789e24a84241112316aaaba8664f8,2017-11-06
8e87d18bbab2a0394d37332363c1f804,54a95e5d38fac79041210be655f2a782,delivered,2018-01-31 01:38:52,2018-01-31 13:32:04,2018-02-02 01:49:42,2018-02-17 14:19:05,2018-03-01,b8d4b3cf9105c2e88a1b7f62d1487c94,2018-01-31
976843b1cee7809a5c79f63a3c9b3222,ed0096b07e87f8f4144ec8298961241d,delivered,2018-05-29 13:47:34,2018-05-31 03:10:17,2018-06-06 12:49:00,2018-06-07 15:38:46,2018-06-21,a49ee8aea9e7eb9fd56cb0fb760a4624,2018-05-29
9562b424b05978a493db2a5122ecab1f,172de5a82ba2a67eb20621c2e4b4e34d,delivered,2017-05-08 17:34:29,2017-05-09 09:35:45,2017-05-09 13:48:26,2017-05-18 11:14:52,2017-05-29,b918da4934c7eabcda6e45b4e18aba53,2017-05-08
4d9190887b47ff1b89c657c788c038f6,27de1b0b80d5ee4f8fadbb63fcb78906,delivered,2018-08-10 15:11:34,2018-08-10 15:24:50,2018-08-13 14:26:00,2018-08-15 11:56:32,2018-08-24,862e1936729b52974099383cd4f07fab,2018-08-10
74d9e9683c40581c6efb5d3ef994c902,870a2ecbfbb1a8ab339c721efb886732,delivered,2018-08-10 10:33:46,2018-08-14 05:44:10,2018-08-14 14:33:00,2018-08-23 18:56:23,2018-08-15,0425594ce6ced4d5634136ca63b98a27,2018-08-10
baa57a887ab6469f6e65bf75ce80b768,6426d43df496b0f659d56d69355d41b9,delivered,2018-06-14 01:09:41,2018-06-14 01:37:03,2018-06-15 12:50:00,2018-06-25 22:18:35,2018-07-16,2b0c1564bcf7138c8efacec0bb084c43,2018-06-14
bd210405118a95688f5e0314f24255f5,6ec2c6dfcbb89e788ce8aecaee505725,delivered,2017-03-14 15:25:39,2017-03-14 15:25:39,2017-03-15 09:23:26,2017-03-27 15:02:59,2017-04-06,44b7a50e2adef4d4c4d768174002463f,2017-03-14
e39f9d87fd277163f36c3d929e0a8cc8,4d2b437b97759a4c9aefc82f29621458,delivered,2018-06-23 18:43:06,2018-06-23 18:58:26,2018-06-25 09:54:00,2018-06-28 21:18:56,2018-07-25,60cc1cee55e9648bfe3154a1fb964833,2018-06-23
7c48bf2308168ce82b8e622eb9dd8627,bf7fb138f49700e3b2909aa550389e35,unavailable,2017-10-13 13:31:56,2017-10-13 13:49:38,,,2017-11-09,2ede5d381277b8cb576cee5c928f18b8,2017-10-13
cf0e37180a383036ea57e9a1b440c593,d1b6d1966170f133b4b78b808c361d79,delivered,2017-05-27 11:59:35,2017-05-27 13:05:13,2017-05-29 14:11:31,2017-06-03 06:13:38,2017-06-20,f882bb8c6f7c54cbaa210f5b58b33087,2017-05-27
0b34845fe9cff17643b298ed508ebb7f,aa58e9d75d589687cbb79699e5118e5e,delivered,2018-01-24 12:16:31,2018-01-25 02:58:46,2018-01-26 19:19:48,2018-02-01 20:17:51,2018-02-16,04520e5f2b9dc1f8f7ccd63f6ab2db38,2018-01-24
777f0ad29bd0edbbc5d6310b898685d7,391baa351044046801590fb340cdc2d2,delivered,2018-06-18 14:47:44,2018-06-18 15:01:57,2018-06-20 12:49:00,2018-06-25 14:58:42,2018-07-23,93169008161230a88dc9e75d9971bce7,2018-06-18
a8cdf6bc7ab2e5f5ec6d5dc977c3c295,3e4b810c1dad987baf9ef956ba59eb43,delivered,2018-08-15 19:02:35,2018-08-15 19:15:16,2018-08-16 07:37:00,2018-08-21 12:06:26,2018-09-03,04321cded5d054a5c030d24c13d260fc,2018-08-15
fa12564d7462c9a851c79c301bcb97de,ad5eaed951a10f80d09e7f473a8fd08e,delivered,2018-07-08 12:50:43,2018-07-08 13:05:16,2018-07-17 15:48:00,2018-07-20 18:03:29,2018-08-06,241f2db376ff53e540d2ed0d10a7e3c0,2018-07-08
3b33fee9a422ba92fb56025e07fe3db6,0dc8607bd2a9e3ba0f6f779a34fd8f1b,delivered,2017-06-04 21:33:39,2017-06-05 21:45:14,2017-06-07 14:47:14,2017-06-14 18:43:51,2017-06-28,604b4fd4dd22b3811eca8c2d4f1f63c5,2017-06-04
38368e3cc7bcd7d57d5a815dc677b3e6,0913ac980f0f28243abd5b783ad27cd6,delivered,2018-03-21 07:09:18,2018-03-21 07:30:22,2018-03-22 15:05:30,2018-04-03 16:58:49,2018-04-16,fbf5f5ed22f15eb7193f445430db6ad7,2018-03-21
befe8fab6c34f5861b73a3645ce38e24,348e683217ee0e2946f846ba75105e62,delivered,2018-04-28 01:48:54,2018-04-28 02:11:14,2018-04-30 15:24:00,2018-05-09 15:09:45,2018-05-23,08757efd409ffae44fa531f49b144b2c,2018-04-28
33204aca443f9855e3b8451d179a81a5,2079b31eb86ac16ea4970c754c032393,delivered,2018-05-29 16:26:35,2018-05-29 16:51:33,2018-06-01 10:46:00,2018-06-07 12:12:54,2018-06-29,731b6314516a598385b99728a73345ec,2018-05-29
38c69a1ea85be350abf04516e9527573,8982ed2c7a1252471fd28b6c56512fee,delivered,2018-06-04 18:16:37,2018-06-04 18:33:20,2018-06-07 19:00:00,2018-06-08 22:16:52,2018-06-28,d8dad570d7f80965cc858d7c5df71e7d,2018-06-04
836bbfbee6382c97c9118b1612dc5497,80a07fead8e5f6328a2af33c2c358fdd,delivered,2018-02-28 14:55:40,2018-02-28 15:12:02,2018-03-01 20:37:04,2018-03-13 15:48:25,2018-03-19,a7afe8f0752a790c5c3eca72598d32ef,2018-02-28
2940b66c3bb11fa44b30088f5126bb3f,30dd0ba0ff44c4ed6f79a37b2d333d1b,delivered,2018-01-21 05:42:43,2018-01-23 03:39:04,2018-01-26 00:05:32,2018-02-09 00:49:37,2018-02-20,8b87be023adc2780813f5e16d14d1c5b,2018-01-21
a9ef90b7e8572edf6aa35360c03236e5,668a13c83c83233ec67fd29942380da7,delivered,2018-08-18 15:27:43,2018-08-20 16:35:27,2018-08-22 13:20:00,2018-08-27 21:11:51,2018-09-04,3b757b2d4351aae134b2f7e7bb9b156a,2018-08-18
32c49c2531dd2c94af0c74906c13abcd,b016b681071197d7a44648e5d04a2d34,delivered,2018-03-12 20:13:21,2018-03-12 20:25:18,2018-03-15 23:04:52,2018-04-09 12:05:10,2018-04-12,d5966a3638303c1e9569accbe24b5fd4,2018-03-12
dc70f94b8e8d37fbd4fbc0e31a008175,e60906c4373d225f252b1993a11feaf0,delivered,2017-02-07 11:53:46,2017-02-07 13:05:49,2017-02-10 13:37:40,2017-02-17 17:57:41,2017-03-15,8eda9387651f7554781ce5a6ca439cdf,2017-02-07
d053191d68ead1854578e774976d3771,a24488326351967ddaaac0173f1a10d5,delivered,2018-04-23 10:31:05,2018-04-25 03:35:28,2018-04-25 14:11:00,2018-05-07 19:02:38,2018-05-23,4d198d460045d77dd92e143cd3c00277,2018-04-23
294e00584d3afc45c9a512eb21c66fe2,84bda8b3f7a2af905dd13f47e3e77ad9,delivered,2017-10-06 20:58:51,2017-10-06 21:14:13,2017-10-09 20:03:05,2017-10-11 21:45:06,2017-11-24,a43931660f8bbcc1c64db8ddf4b10dff,2017-10-06
48755ebcffac911029c4d20f6ac536ac,8ec217c8bd345177188dc21091fc78f7,delivered,2018-04-07 13:27:06,2018-04-07 13:35:22,2018-04-10 22:51:49,2018-04-27 21:52:39,2018-05-02,25273a364003c6166d31e55f1a26a753,2018-04-07
73ee5d9bf5f571053d72b662d6011341,d16f0af73b9e96b00e80f098f42d8fb9,delivered,2017-10-12 23:43:48,2017-10-13 00:35:13,2017-10-17 20:07:56,2017-10-20 21:03:35,2017-11-03,f6911a70956bd20047eba8f3202fe03e,2017-10-12
f1ee4afeb390f7d9b9966fddfedf3ef2,94523ceafe89bf798b8bb3f8e6b8834c,delivered,2018-06-01 10:18:11,2018-06-01 11:32:20,2018-06-01 12:41:00,2018-06-12 18:08:35,2018-07-11,89a3260aab247205209fba1350f5d6f6,2018-06-01
f1a8e3250a46ef66707b6b0e103c3140,9f8bfbe789498a0ec09caaf47cd84216,delivered,2018-06-15 12:52:05,2018-06-15 13:26:52,2018-06-18 10:00:00,2018-06-22 14:58:45,2018-07-12,7eeb6421712844795dd8ff9ec6a58b18,2018-06-15
366ad1dd93fb7f77b686017bc779447b,39b7ba7f041b8f4db4cac87e9b31a838,delivered,2017-08-30 20:57:12,2017-09-02 10:44:26,2017-09-04 15:46:03,2017-09-11 19:32:33,2017-09-18,4cbb4b07e2d5a48bfebc0e4958e8e7b6,2017-08-30
f72527ae8967d32220ad8610c273e100,2c2275bbf957f5844aa13dd15227d6e2,shipped,2018-03-05 11:05:52,2018-03-07 02:35:40,2018-03-08 12:11:55,,2018-04-02,81e6c8d7f059ae3fa33366cc4dee1256,2018-03-05
450cb96c63e1e5b49d34f223f67976d2,27ae7c8a8fc20ce80d96f01b6f19961b,delivered,2018-05-21 06:48:46,2018-05-21 06:57:03,2018-06-01 13:14:00,2018-10-11 16:41:14,2018-06-27,232422c2db1f7c69daf3b0f0421ebb43,2018-05-21
3ef7429ed38ffaf75b175132ec09235d,9be0b18bba6b0436b905a2f0814f2b89,delivered,2017-11-18 13:41:52,2017-11-18 13:55:30,2017-11-23 15:45:29,2017-11-24 21:57:45,2017-12-01,550fcb2851acb1782343f2258028f6a8,2017-11-18
7229fca9b269915fc63b44434d20828a,a023e60d1438c4241673afd111cd1cf3,delivered,2018-08-15 16:12:57,2018-08-15 16:25:27,2018-08-16 14:10:00,2018-08-20 20:33:34,2018-08-30,7de6d654e4d5b71483c3799468bc27e6,2018-08-15
ad8f6641cb556bea52f1b3f0d08f1fca,01cc7e6d45686f8424b65459f6fb8caf,delivered,2017-11-04 20:30:56,2017-11-04 20:45:54,2017-11-09 19:26:46,2017-11-15 13:44:46,2017-11-24,081da3a79ed883f702a083f1e963900c,2017-11-04
3bce97659e11778172e62ac0b440cb6c,0c3dbd7a0e5c75e4aefa811858a2ef11,shipped,2018-07-25 10:20:11,2018-07-25 10:35:15,2018-07-25 13:01:00,,2018-08-20,c959e2d1633b86473794539f77490f27,2018-07-25
a21373b020b3665e910d3da0ca078094,b1cb221fb99089990e6751b79f201a23,delivered,2018-05-27 16:42:58,2018-05-27 16:55:33,2018-05-30 07:59:00,2018-06-04 16:43:28,2018-06-28,c53edeb2e2a484e91379c8bec3b5a2a3,2018-05-27
c49181fdd58a10a077a8a075b9a46e6b,48145944557a9c6c41f6db3a5e4bc4f2,delivered,2018-04-02 18:39:26,2018-04-02 18:55:29,2018-04-03 20:32:59,2018-04-09 21:26:39,2018-04-18,c808502022d6780fdc07afc3af63c6ee,2018-04-02
8df1c9e7f86ebc2ba79b482f5275ed6f,412363a1cd7a9ea05975b78cb65196e5,delivered,2017-11-17 13:17:27,2017-11-17 13:51:14,2017-11-21 14:37:29,2017-11-28 20:44:31,2017-12-06,6832bd3ca1bf89c9e60bf3c91d846ec9,2017-11-17
93d147479c3e9f1a3e43febcbef654f6,ef1a8591a9c96ff37db882feb6b1e50f,delivered,2017-08-18 22:16:14,2017-08-18 22:30:17,2017-08-22 15:08:26,2017-08-29 19:06:54,2017-09-08,ac6b61f2d1d53bbe79898f3b9b522d09,2017-08-18
3c440cd6b051f95b4189123e5266ca02,60cf4d609aec86d69f3dcb588650f703,delivered,2017-03-15 10:37:21,2017-03-15 10:37:21,2017-03-17 11:46:45,2017-03-21 21:37:35,2017-04-03,5608e32938ecf1231462bf6d77f3a80f,2017-03-15
0955f133d0afa54f738fd6ac4c9bc83b,18ef6bc859ef973f95e9f70287e72a69,delivered,2017-12-26 19:56:58,2017-12-26 20:09:46,2017-12-28 17:27:28,2018-01-21 13:02:57,2018-01-31,44b49176f1aca9533b67f3eedab0b2de,2017-12-26
528bf8e17d835da2b2716f8884040e75,e2d9a04b85d3305106f1572f2b0cad37,delivered,2018-06-28 07:43:43,2018-06-29 07:50:11,2018-07-03 06:23:00,2018-07-11 19:38:22,2018-09-03,f92d931f414450a8075fa40cf2bf9d98,2018-06-28
b06a6fd759132f4b7e369314ab5ae2d5,a27a41d6a0a297911bd22dbfbc2975e1,delivered,2018-08-21 11:02:43,2018-08-22 03:50:10,2018-08-22 11:24:00,2018-08-29 01:08:38,2018-08-30,e00bd2b0a540848575173d442c1f5243,2018-08-21
d028d198f371aec5c0bbcadfc46c943c,96102e6a12a4cc071c0f51102e8feb5e,delivered,2018-07-18 19:52:04,2018-07-18 20:05:17,2018-07-20 12:58:00,2018-07-24 19:44:25,2018-08-09,874fc5237d72429de2ac99ce7d897a07,2018-07-18
6ece547d00a145a6d65f564467f72d22,268f59eafd767e24e5fb6c8950b2778b,delivered,2018-02-27 12:19:41,2018-02-28 09:56:17,2018-02-28 22:54:06,2018-03-21 23:48:47,2018-03-23,a22a3e29000f4d6eb82fc4f0bb2177f7,2018-02-27
b6e5ddeaf2e5b56015e295beb333f305,18496a6fa6f46c453fe2e56cec440d0d,delivered,2017-06-15 14:11:57,2017-06-15 14:25:08,2017-06-16 17:45:52,2017-07-17 13:15:51,2017-07-20,9f2dbd2760e261a9735db254ddb9468d,2017-06-15
08cdab6e94bb86120c0041ba5ce8697a,18ac7a8656ad6df90d87898357a8a85d,delivered,2017-10-02 11:22:04,2017-10-04 02:44:04,2017-10-04 20:52:31,2017-10-09 21:16:46,2017-10-31,ad2e41343c68dd444716403e2b1cd537,2017-10-02
da74eb479a8368d212376158daf9416b,4bd00237c4d53b54a2f6b67b74499cdd,delivered,2018-06-13 10:01:18,2018-06-13 10:32:44,2018-06-14 14:48:00,2018-06-15 12:58:26,2018-06-28,1340be7b371e305e03786e88b21cdc62,2018-06-13
dcb0129b79be40bd74ffc19d5113bd70,be61c11f26246586f59140cc38c21f7a,delivered,2017-07-17 20:42:30,2017-07-18 20:50:12,2017-07-20 15:39:49,2017-07-26 10:19:42,2017-08-08,1f6e3a4d6b7d81972bd5086cbd4e1d7d,2017-07-17
c0452c14e00c9d8c3f5f30c189382329,a0de49e00efb2ecb7d47d0266b771319,delivered,2018-06-15 21:50:10,2018-06-15 22:20:35,2018-06-20 14:39:00,2018-06-26 02:36:24,2018-07-13,d3c5778b4d8c724436d8c16864177d17,2018-06-15
983ce15c5ab539ffcf3ac3b386133a35,c093e1c8a74e5ed4ce0adce7cf77da4d,delivered,2018-05-08 17:48:50,2018-05-08 18:14:26,2018-05-09 14:22:00,2018-05-17 00:29:38,2018-05-29,6b70136020a32e14815edce51eec933b,2018-05-08
ffd543c2b60842e148a86870dc60e212,1a4eed32aecb25c4c294408905613487,delivered,2018-01-04 12:00:49,2018-01-05 02:35:33,2018-01-15 21:23:17,2018-01-17 20:18:44,2018-02-06,a13d3e08e93017d233c021a49d9a2c54,2018-01-04
36df29e4671cdc14371883d209fed7dc,5241ed0e4d93873261b8181b7f03f038,delivered,2018-06-21 16:28:01,2018-06-21 18:20:48,2018-06-22 16:10:00,2018-06-25 13:12:28,2018-07-04,334dfd7b0dff57cd08832251985007e8,2018-06-21
7313807dc1071728db193910181486d8,6a259e6c956a3a7964a212a1a57bd8ff,delivered,2018-07-10 10:49:09,2018-07-10 11:05:36,2018-07-10 15:07:00,2018-07-11 21:16:41,2018-07-18,be8d2289f29b108b4d5fa5cb37e8e706,2018-07-10
d7e87a1388d89fa6d7841f32c6954c2e,e02dbd1535bf6e8476e1766faec55668,delivered,2017-11-24 20:35:14,2017-11-24 23:36:40,2017-11-27 15:59:10,2017-12-04 16:42:30,2017-12-29,29e0c2f47d85069627facbbb6b3f0371,2017-11-24
7bbf6d61df34d5a28a8b892095b05264,fc91446fd9ad359e05e8b0c170d4af9c,delivered,2018-04-27 15:25:14,2018-04-27 15:52:17,2018-05-04 11:01:00,2018-05-05 12:17:36,2018-05-11,06096e1ee9d40ca8781b6c0587617ed7,2018-04-27
8a1afda75a802a8a5dd950aa81756f49,216ca7984f36f840df4e983b578856d4,delivered,2018-01-03 16:05:40,2018-01-03 16:31:29,2018-01-05 17:52:09,2018-01-10 20:08:26,2018-01-26,f64909771abc5e2378773b2b8a56f67b,2018-01-03
c17386c1faa5ab9b68b085ac90efac67,9c0f2c56f67748db1ca297a8434971b4,delivered,2018-04-04 21:58:01,2018-04-04 22:10:17,2018-04-09 16:12:30,2018-04-16 16:37:32,2018-04-26,1134ea3972f2bd7972d475c51224ea80,2018-04-04
6e35fab28a9f5bb616818cda6eabbd71,ef6730de0a87fdb396dd69a4ab4e1c82,delivered,2018-06-10 12:09:24,2018-06-11 12:22:41,2018-06-12 10:19:00,2018-06-15 16:48:45,2018-07-18,8373e82f64fcf52a4b3fee90eb36af43,2018-06-10
f8b12da99115db11d96479a89539eef2,75da525f908b9b1cbc1ec7033eb09b9d,delivered,2018-02-21 09:41:44,2018-02-21 12:06:07,2018-02-24 04:09:23,2018-02-26 16:37:00,2018-03-07,cef87004b15bbfabcafe97e4aa313139,2018-02-21
d7068745ac2b7e09a164d2a6791838e6,588b8618f4c816db21bfa2428060c663,delivered,2017-10-17 08:39:07,2017-10-17 08:56:22,2017-10-18 17:23:44,2017-11-03 11:58:40,2017-11-07,ce0420746cd263caa2b0774dfd43717b,2017-10-17
6cdd8e55d732c4757465f8eb53d4a8a0,8ba94df575a711d67b290b53bca38eed,delivered,2018-07-04 09:54:58,2018-07-05 16:32:22,2018-07-04 15:11:00,2018-07-06 15:34:50,2018-07-17,8e714421b31bf0865e55be929d99384c,2018-07-04
9f454dbf0163ac092c95a1e3cf9535cf,aca66e7c5f2ff6bf24634f49f21d7473,delivered,2018-07-06 12:58:09,2018-07-06 13:12:06,2018-07-07 07:58:00,2018-07-12 17:22:37,2018-07-27,3cf2a3ab991db5237c12edb31243bdb1,2018-07-06
f4900d7e0244efd7479b3f3a80643be7,4166995d6f525769768b925d79c2f02c,delivered,2018-05-16 12:51:33,2018-05-16 13:19:35,2018-05-17 14:24:00,2018-05-21 19:51:44,2018-06-05,5107205f72ad333c1555f98bce809a77,2018-05-16
abbfe78fd05873101e792fa04bbad963,3ef07c4bf193cdc766ec811397a59c88,delivered,2017-10-03 01:25:30,2017-10-03 02:20:17,2017-10-03 14:23:21,2017-10-14 11:58:37,2017-10-27,35ecdf6858edc6427223b64804cf028e,2017-10-03
733abca4b3372182a6c955ed064b0929,d152e59310ba4b2f8a71a0c919f1c4d2,delivered,2018-08-01 16:28:34,2018-08-01 16:44:08,2018-08-06 12:14:00,2018-08-10 16:14:28,2018-08-14,de9635ece12e65615746483baf25d62b,2018-08-01
865632b4b7bd773e94d482105b596672,5fd3fb3154ea15e052970628d6fc6f6d,delivered,2018-08-12 14:55:36,2018-08-12 15:05:19,2018-08-13 15:30:00,2018-08-21 18:37:47,2018-09-05,99c7aea61d6fbc8f439b6e2a663eb70e,2018-08-12
278373e52db807377698eb36337a8246,98f4cdeb38b296a61d71d630dff7d01e,delivered,2017-03-01 11:17:55,2017-03-03 02:05:32,2017-03-03 13:51:26,2017-03-21 11:17:52,2017-04-05,1611eb9a6692827e9f3f799c429717b0,2017-03-01
d76d4d90a253651a393ba10c27ebd2e8,17a124500c28c0202b563d221b84062b,delivered,2018-03-15 19:56:54,2018-03-15 20:10:34,2018-03-16 19:31:24,2018-04-13 17:12:56,2018-04-09,a43af8fbe622cbe4be01322821f61145,2018-03-15
fd04fa4105ee8045f6a0139ca5b49f27,8fe0db7abbccaf2d788689e918e3135b,delivered,2017-04-12 12:17:08,2017-04-13 12:22:08,2017-04-19 14:19:04,2017-05-19 13:44:52,2017-05-18,349996f092e332ccff93cdb57ab264a9,2017-04-12
176047e99b8d67f011ec8cf606497f41,f1d38e8625e7be8d56728a32ff69ca4e,delivered,2018-05-30 16:12:32,2018-05-30 17:57:34,2018-06-04 13:10:00,2018-06-14 21:52:01,2018-07-13,f29183f28f08e038e3bafe8d9fa9d760,2018-05-30
212ce4538533ab322ea417619c2f627d,b692bfe9085704b3b59e38c0251234d7,delivered,2017-09-08 18:07:51,2017-09-09 16:10:12,2017-09-18 16:42:10,2017-10-03 19:33:20,2017-10-02,ea15218ec4750dda9ea04e11c94f935f,2017-09-08
4b66db573efbc335f72d1f88cc5c712f,2aeb7894f14cac66e515569a9f6eb356,shipped,2017-10-03 06:23:33,2017-10-03 09:56:14,2017-10-04 14:20:37,,2017-11-07,b608071231c11d157110f753ab62fbdb,2017-10-03
059c2808fecc4ffa815a20bd7a12b3bb,4cbbcc881f9f996656c8842add4a140a,delivered,2018-06-27 21:36:55,2018-06-27 21:50:57,2018-07-04 14:50:00,2018-07-07 14:12:42,2018-07-24,7aa53d2337853b9ca0128f978b6041b9,2018-06-27
6931075877d7cbb8cc81cad6c66d67c7,349a8134922e31b8d28023f4b0a0c6f4,delivered,2018-07-08 16:29:30,2018-07-08 16:45:24,2018-07-11 12:30:00,2018-07-12 22:11:11,2018-07-20,ddf7f678fdcd398d73cbffd1a5c4fa36,2018-07-08
98567268fada7e240bf12be972e03a19,d3461ae5a1fa3912e80af3b7a64aaa4f,delivered,2017-04-05 17:58:27,2017-04-05 18:10:18,2017-04-07 08:52:00,2017-04-10 11:08:38,2017-04-26,d7624d219b6ffad980e91412174db310,2017-04-05
5d05c998a38706f49de186001b342faf,6869e6ba48deeeef410aaecc3db3fcb0,delivered,2017-11-12 08:08:55,2017-11-12 08:26:02,2017-11-16 17:52:42,2017-11-21 18:15:31,2017-12-11,f4e4e2b5ba6cd12066be778c2346ed1f,2017-11-12
2144bbedc02742fe4e38f6ccf546961e,7275b995159d731d9b9e042c453299ea,delivered,2018-02-15 09:20:42,2018-02-15 10:00:20,2018-02-20 09:48:59,2018-02-28 22:09:05,2018-03-08,24bad885923ebbe6452c0d9d8eece47c,2018-02-15
9b42f8813f6bfa620e0c91a4e132f2c0,1cf8e420d259ba1c8e79065408f9bb9e,delivered,2017-01-26 20:56:43,2017-01-26 21:05:19,2017-01-31 13:22:47,2017-02-03 08:12:35,2017-02-20,f188bcfdf0d853ae624280116fd6009e,2017-01-26
f5bece298ec65ca3b929bd174b25d419,be43b87274ef2732d3ecb9f9b0b478f8,delivered,2017-12-06 09:50:18,2017-12-06 10:13:03,2017-12-11 16:13:09,2017-12-28 20:49:11,2018-01-04,7be78b85b71500b8954a179b01340bdb,2017-12-06
e73da43c03f39b4077ad8fc326cf6f4b,2770390e8f75c90e7792dbb75e1cfeef,delivered,2018-05-09 14:44:58,2018-05-09 15:36:51,2018-05-11 06:35:00,2018-05-15 16:35:18,2018-05-21,2b98b76dd6715585e32d0eb935e78a48,2018-05-09
f188abfc38ef0d8d57378756a27a12ff,bc088899d0ff99a04ac52d4be2265f92,delivered,2018-02-01 15:57:09,2018-02-01 16:15:21,2018-02-05 23:13:25,2018-02-19 16:44:58,2018-03-05,a507cda2788f4290d3645b60c2c9de5d,2018-02-01
1f6588173be9bf635ac895276a116522,94e5dec6a70d4203e76e8dfbd35706ac,shipped,2018-02-25 15:58:54,2018-02-25 16:10:23,2018-03-01 23:32:45,,2018-03-19,125fd065ab1ad1a669975b4ab9ec5393,2018-02-25
fa5d14fa4f6dd2527b10d4d1dab415c4,b56212aaf46eabaa667cfb40237759c3,delivered,2018-02-19 16:45:40,2018-02-19 17:50:23,2018-02-21 22:09:09,2018-02-28 23:13:52,2018-03-13,ec2d0e456090f8d35b59e6136c568b80,2018-02-19
326c29ec5b89834b17aea7d85302fd70,27b9b32173455ef32167540451749d0b,delivered,2017-05-24 11:54:31,2017-05-25 02:50:25,2017-05-26 16:12:26,2017-06-02 14:12:38,2017-06-14,277490f0d435b602fe4475d4b89e9181,2017-05-24
108d588547924189e3254f05e7720f71,1ee56551ab4bb1b5a2b3b60c6fa6e936,delivered,2018-01-26 20:18:54,2018-01-30 05:31:45,2018-01-31 13:16:50,2018-02-03 13:24:44,2018-02-22,7e0a3e060624727420560995198e49f3,2018-01-26
f2bba1addbdc9530839fcde7c33c596e,2715d7fd8d3dcf331ee4814a00a51a54,delivered,2017-11-13 20:44:33,2017-11-13 20:50:34,2017-11-14 23:17:04,2017-11-22 19:37:42,2017-12-01,e798ffad3045d571e170739f0384cbf3,2017-11-13
49f0ab1be4dd7914c9fd7f8b0e7bab69,80cf3943842f6958c9e9f130608988cc,delivered,2018-06-18 19:41:26,2018-06-18 19:57:09,2018-06-20 14:24:00,2018-06-21 21:03:43,2018-06-28,8b131e602e9df872d72dd9f0e1cb005d,2018-06-18
1140d29d5fca1aa97df7515335d759da,9edf15da6dec54aa77c38174d2dae7cf,delivered,2018-02-12 18:35:14,2018-02-12 18:47:48,2018-02-14 20:03:21,2018-03-01 17:19:20,2018-03-09,1072e72714f638038941ab2264f9f9d0,2018-02-12
f39f43e47399ff2c70a6ff3130215663,4b21bce5b9e2a0b5aef68741cc80abb6,delivered,2018-05-12 15:31:37,2018-05-12 15:59:52,2018-05-18 15:12:00,2018-05-24 21:41:37,2018-06-01,31f1ec7e184772c79610225282048a46,2018-05-12
a5c8f3a11dcb9bd9b0acdfb8101dfdc8,59373c31ba0b9d0bc23bd25284c5cf66,delivered,2018-05-15 10:05:26,2018-05-16 03:33:52,2018-05-21 07:03:00,2018-06-12 22:50:41,2018-06-05,0c7d953d5914fa058bfe90cee4762645,2018-05-15
d88b9341f5972a9d4a17aac4b623476c,89df8b7264f654f2a8b05894acffce11,delivered,2018-05-30 12:01:11,2018-05-30 12:17:23,2018-06-01 13:51:00,2018-06-06 19:04:26,2018-07-11,99347c5d7c590ac02079ffe6b1481ef6,2018-05-30
d014768ef3626e852218e98382169840,22210021ead9f4ebb1968130b654d092,delivered,2018-05-11 19:18:34,2018-05-11 19:50:39,2018-05-18 16:46:00,2018-06-07 14:24:47,2018-06-11,30578a4a751bc6417446003063878288,2018-05-11
5a6bd2554afa06bed4854ea73c7e2e33,6d9256a80c8c0dd00015b9de77cfc08b,delivered,2018-01-18 16:19:01,2018-01-20 09:10:14,2018-01-22 14:33:29,2018-02-07 22:51:49,2018-02-23,d987d4520f5c13ae250b4bd13f1eee88,2018-01-18
23ab1be99f36d5bb2c599fc1c95829ed,9559ff4720ff708bbd034b8bb2fbd864,delivered,2018-06-03 10:21:00,2018-06-03 11:10:48,2018-06-11 13:57:00,2018-06-16 14:58:41,2018-07-16,31d9c52f93228a14c0ed110e627e5dde,2018-06-03
2a5c7850b48cf4e26405577d4d2e78e6,b68ab347fd38b6934f64787c17ac04cd,delivered,2018-08-10 22:58:38,2018-08-10 23:10:10,2018-08-13 14:50:00,2018-08-16 21:28:25,2018-08-28,5ab603cce283352d94cc28dad9bb9570,2018-08-10
47a3f2cb969f3d798bf29b6c5922490a,dee3b38eecb125a659cab34b0f35c1d2,delivered,2018-03-26 22:19:07,2018-03-26 22:30:13,2018-03-29 23:05:39,2018-05-08 17:53:08,2018-04-19,07b1b60bca2b6326fa2adb259ea4a55f,2018-03-26
daf73a7e8196228eedcdef72c89aaa34,3fae8ef52f0b321ad67be42e3fa8be08,delivered,2018-03-02 09:34:48,2018-03-02 09:50:41,2018-03-02 22:43:03,2018-03-16 19:22:23,2018-04-02,a50cc3901be0c3e558bdf9fc876eec70,2018-03-02
1536920a9b41c8aa4e1dd7b59edf7847,e01172129a897c621673c321f77435ed,delivered,2017-02-13 16:45:18,2017-02-15 02:50:43,2017-02-17 16:17:51,2017-03-04 08:42:45,2017-03-21,a62e0bd5cf6364d03e8a92626ea2a517,2017-02-13
d6c43cc94c51d9176828e42155f97127,4bf502b7bd3cf867e9421534ebd7f446,delivered,2018-08-15 18:26:46,2018-08-16 10:10:26,2018-08-16 14:02:00,2018-08-24 15:36:38,2018-08-29,e1e9a1bcdba4b679475592e4418f1347,2018-08-15
ed6b29fe01737a1e042a05988daf31db,0d1f1e7ff1445f97f5cef1e3c059e7ce,delivered,2017-12-21 18:53:44,2017-12-21 19:09:59,2017-12-22 15:04:22,2018-01-06 16:51:58,2018-01-22,6c8381c25a5e8fab50d01316bb3eaa3a,2017-12-21
4dd8dee86cb2c39cd3cbd25210a727e5,fb3f0c9eceab31e1030a9bb4b25e53e5,delivered,2018-04-24 17:13:55,2018-04-24 19:10:31,2018-04-30 12:45:00,2018-05-01 15:12:42,2018-05-08,a796da63e955831a2ebde79b3e63e246,2018-04-24
14acf0ab4732322f187e0fd6871a6cbe,6febba3313a197d966a3267abfb5e227,delivered,2018-04-21 12:02:33,2018-04-24 18:48:58,2018-04-24 17:18:38,2018-05-02 18:23:52,2018-05-23,e308f9114426577f05baf25b11250386,2018-04-21
3fd0aee5e461a0922a15e3747a042332,077de06f3b141d3ea9d6be46b409262e,delivered,2018-08-05 19:22:48,2018-08-07 04:44:36,2018-08-07 12:30:00,2018-08-16 18:28:48,2018-09-03,b6f9b37d079d046b778bef7754e5ee66,2018-08-05
cde3f389a60c48bf85f49e8daf2144f9,1e98ec6af6b00f2b6c4974181855fbf2,delivered,2017-04-24 06:49:48,2017-04-26 09:38:00,2017-04-28 10:34:30,2017-05-06 10:30:13,2017-05-12,43ef5e7ad5bc8a0e4d8e166b74f34311,2017-04-24
a5da284831a584245b8ab3cbce6eea11,2101819c6afb989af1f32457282298aa,delivered,2017-03-06 09:46:46,2017-03-06 10:02:51,2017-03-06 13:47:37,2017-03-25 09:55:41,2017-03-27,8864da1baee87cf25d7947d16634aee6,2017-03-06
7caf84295d8749bcee4f14503b883c1e,2c2fce55c68fdacdd3b867342308e891,delivered,2017-09-05 14:58:37,2017-09-06 20:00:19,2017-09-08 17:49:58,2017-09-13 20:27:57,2017-09-18,8f7886bb551054b03749494c8baf1034,2017-09-05
b5ab65ab0519833c110de7fb37bd1c00,e2eb5398a45cfd7e444a7a00105b794a,delivered,2017-12-09 10:12:40,2017-12-09 12:50:58,2017-12-12 18:43:34,2017-12-14 15:14:15,2017-12-28,0702969d322cc784c3d43ffc751a302e,2017-12-09
67295f84fa8af9e57a89d851ccd9cec9,efbad0e343e190019792deb0edcd832c,delivered,2018-06-18 14:19:46,2018-06-19 03:57:37,2018-06-19 13:33:00,2018-06-26 16:22:21,2018-07-12,9485eec76fb2c434bb3ac02494be7c4f,2018-06-18
0403bed7b44fb735b6af72505c57fdd3,1ae3d1ac4e9f72126d07ba9dff0c3762,delivered,2017-07-17 22:37:39,2017-07-19 04:32:55,2017-07-21 14:22:33,2017-07-26 20:57:28,2017-08-04,ade79c7610461d8dcfe7fe506c327cea,2017-07-17
b79b99c7a06889c62cd4ba110e536b12,235cacb7910f5a11a9cffb646888b0e4,delivered,2017-03-19 19:53:34,2017-03-19 19:53:34,2017-03-20 11:27:19,2017-03-28 12:24:53,2017-04-07,683606e06ab6b8bd401821158adb0f71,2017-03-19
3b4036c28cd5f750d7d1041c6eab8f86,11b4c341e6819caf09cf9558ea7fe795,delivered,2018-08-03 08:39:00,2018-08-03 08:50:16,2018-08-03 14:47:00,2018-08-08 20:27:30,2018-08-22,b70df1034a49c6068867f3999c16491f,2018-08-03
3a99e79dbc864f031d94b7f7957b34a5,f37844d2130cb833a1556daac22304c7,delivered,2018-08-20 12:24:40,2018-08-21 08:55:29,2018-08-21 14:45:00,2018-08-24 16:44:26,2018-08-23,da548399700c848cf466c438ad59ad4d,2018-08-20
5579e05d13430813508d862a0dd812fd,f08a353ee43cd26ff4e4975bf0ce31db,delivered,2018-04-11 00:06:31,2018-04-11 00:30:02,2018-04-12 19:45:21,2018-04-16 16:32:31,2018-05-02,602bfcd20f4be35156fdc359b5dee67e,2018-04-11
0576822a11b3068cce2e3c8551e4e327,d92a0146dec6700c8843c392da07a41e,delivered,2017-11-12 00:07:59,2017-11-12 00:30:46,2017-11-16 12:28:55,2017-11-27 20:28:44,2017-12-13,6ee5a0879c4bcd71bc0ae0352effd675,2017-11-12
af79819a5f90540c8d9a0eb9a4ed589c,ca4bcd691fcdeebab8be6cbb8bb43e95,delivered,2018-07-03 21:32:49,2018-07-05 16:33:00,2018-07-05 14:09:00,2018-07-10 18:31:45,2018-07-30,8987f0e721c61a6480a8a21ca60fb400,2018-07-03
b6d7bc72070db9ad2c50a38490b993ca,bb662be80c9c5bf770c86cbb03a7fc55,delivered,2017-11-06 15:35:40,2017-11-06 22:36:34,2017-11-07 14:36:51,2017-11-08 16:32:16,2017-11-17,291fbe0bef77808ae14b772b922cab74,2017-11-06
dc4a1dea589296c18e88524f004fc870,79bc661c3d6c9b748b9bc2395c0db0d3,delivered,2017-06-01 00:13:42,2017-06-01 01:22:30,2017-06-02 11:26:20,2017-06-06 13:16:42,2017-06-28,dac3af8ff5481bf1504c61ae6d1f8a81,2017-06-01
d4497ce5e801d56876bd6c9e514767e5,c97da5fe625a4b809879872bcbb0c106,delivered,2018-05-05 10:43:41,2018-05-05 10:55:23,2018-05-07 15:01:00,2018-05-08 16:48:36,2018-05-23,4dbd43ab84cf0ad54ea959c50a62d3db,2018-05-05
f203b250a442eac108f23c45f8b1efc8,4e54b60d9094da89bfd9e8006ec8bcba,delivered,2018-05-09 17:18:42,2018-05-11 02:57:42,2018-05-11 10:54:00,2018-05-14 18:23:33,2018-05-17,0195c54646cda6452f5e1a0474f3b502,2018-05-09
5d720f62073ac5b205f45be3084966cf,13739a602257287d3644f3d05aca02e7,delivered,2017-09-22 14:10:17,2017-09-23 02:26:10,2017-09-26 17:29:57,2017-10-10 23:05:56,2017-10-24,7d5558ec09ab280a58b84e947c0a1b9a,2017-09-22
1fc25ccd3bfe7f95431a9320df40e789,c0eaa65c3eaac85c9d3859887c13d1d7,delivered,2018-01-18 12:43:16,2018-01-18 12:57:01,2018-01-19 23:13:18,2018-01-21 15:36:25,2018-02-08,489231f4d3b991f96fdc41285e6af4f9,2018-01-18
59d47389a16d7d6ffbd48ec86e4ef776,4f2418df11c74d5af1a84f18964b915d,delivered,2017-02-25 17:10:02,2017-03-03 02:10:31,2017-03-03 16:25:23,2017-03-13 07:22:03,2017-04-03,fbb8b4ad21213ec7a23c867b6bcdf843,2017-02-25
d7cea52c3309c7b3d279a9f3d2e74114,fb04e5eb553d32e040a1a83cf436a65c,delivered,2017-08-18 11:45:21,2017-08-18 11:55:14,2017-08-18 17:05:56,2017-08-25 18:55:00,2017-09-12,35525a882b83a865080254c1812945f9,2017-08-18
4e6aa298577f90f026cfb1d07e86509e,9aba1be6a33b379bcc4da86e75b731d3,delivered,2018-03-07 20:21:18,2018-03-10 14:35:39,2018-03-13 01:32:44,2018-03-26 16:58:42,2018-04-12,71b8dc9ce21a7ca5344bde166e117c9f,2018-03-07
74f6a72d401864d8a0d5b73e2533a3bb,3ad2508b4ed6b3c8907d41ddb692c5d3,delivered,2017-07-09 18:13:50,2017-07-09 18:25:20,2017-07-12 12:23:48,2017-07-18 20:33:25,2017-08-01,26936d6611abe8a6db5f13e2c425338b,2017-07-09
92b16e4bf4524a212222c92e9114f55c,bc418db9d598dfdd2b30fdd33bf541d0,delivered,2017-06-04 01:12:31,2017-06-04 01:25:06,2017-06-06 13:33:17,2017-06-16 17:25:46,2017-06-28,a2284b353c301135e29370ee886454be,2017-06-04
37b9ae736e1038316332953137270003,f67ec457fd8fe9c46d977349219d81a3,delivered,2018-02-01 20:39:37,2018-02-01 20:53:35,2018-02-02 19:18:28,2018-02-05 10:54:47,2018-02-22,9187018c5b351a6debc702dc7a0c0763,2018-02-01
577c26f685d23908780f49ca3c5026be,b800b81c8b628fcc01ad98570e8b8715,delivered,2018-02-07 00:44:01,2018-02-08 07:50:28,2018-02-14 18:28:57,2018-03-14 21:12:24,2018-03-19,c773b319f727f883b724ee22e64ac808,2018-02-07
8adf8d327b47f1fed3689b933dbede17,faa60b8bd84596f71cefc77af1406537,delivered,2018-02-09 00:12:03,2018-02-10 02:36:16,2018-02-14 12:58:49,2018-02-28 19:08:10,2018-03-02,c829de179bba16494e4aaaec90990508,2018-02-09
912923edec48344322248fe287f03336,266678795bc5454fdb8833d7508e16d9,delivered,2017-06-04 20:07:02,2017-06-06 13:15:24,2017-06-09 13:34:23,2017-06-13 12:18:17,2017-06-19,5160058b57efff8f20148fd4b3a89184,2017-06-04
b28eb422b41546e8ec8ab86afc836294,2dfbbbecae42828587b832a3c4d4a893,delivered,2018-02-05 19:24:40,2018-02-05 19:35:28,2018-02-16 00:57:00,2018-02-22 21:18:52,2018-03-01,7e2b1248adc002beec140198e46e0f02,2018-02-05
65bd383b9f9b0b9de967055e198a8ddc,2522598e7195c875f15436df1b7aa687,delivered,2017-05-24 13:17:55,2017-05-24 13:30:13,2017-05-25 10:39:23,2017-05-26 08:16:34,2017-06-06,7779fdf670bfe673e064b9aa5447674e,2017-05-24
ad2e046d1a59ee49ddf9ae258360b81b,412ccfcbac9738eaa7df3fe0210d9e3b,delivered,2018-08-15 07:28:01,2018-08-15 07:44:06,2018-08-16 12:21:00,2018-08-23 19:08:35,2018-08-22,2fc31f83b2f82832ba213e1d67e7f271,2018-08-15
182763e56c47912c77bfd4e730c0fd15,3fdd4a93bb80c78e818830946d34cae1,delivered,2017-06-16 02:32:44,2017-06-20 10:15:27,2017-06-23 12:25:48,2017-06-26 14:17:57,2017-06-29,c74e6e27f6149abbc364faba5d7d4357,2017-06-16
fb260abf14e47c95a0b19acb1ab3ed43,5e03611738b719fa467609220c293474,delivered,2018-02-26 02:03:03,2018-02-26 02:10:31,2018-02-27 01:04:45,2018-03-22 00:02:34,2018-03-19,76cf771cab5ff219f8eadbde84f5617d,2018-02-26
df4823465132ba0a127c5734847a3a3f,d2057acaaa46fb53bb687e30577723cf,delivered,2017-06-11 22:05:06,2017-06-11 22:22:33,2017-06-13 09:34:16,2017-06-27 10:47:40,2017-07-05,4f011f45db425dcd3be79d4c11e9ad05,2017-06-11
7a2f802f8cd01aa62fb904b952932edf,09719affdbfaddf5d3d29417c39089dc,delivered,2018-08-02 12:06:09,2018-08-02 13:04:17,2018-08-03 15:17:00,2018-08-08 12:32:23,2018-08-22,a653a5d5213316bdf59e94dad3485582,2018-08-02
44d48877c193df24fccfd55feefe7521,e21fd6f2baa260c6db9b311cbd213864,delivered,2018-08-10 14:48:44,2018-08-10 15:04:52,2018-08-13 15:34:00,2018-08-14 21:05:33,2018-08-15,2ba36291fedc8a6bf91584f3e6b840ce,2018-08-10
854fc42da7246b10ed8dcec4ae8f48ca,3925d8a5f225de2b3e2d791e3a547748,delivered,2017-09-05 18:15:24,2017-09-05 18:25:27,2017-09-06 21:41:18,2017-09-22 19:52:36,2017-09-27,5381755c8bc307f642476e3168d1d826,2017-09-05
124e62fecaaf83248e7f9a84c441f7d4,7ba830bc3eae4eb7b0adeeb505c0ab5a,delivered,2018-04-03 11:03:36,2018-04-04 03:09:00,2018-04-05 00:16:48,2018-05-03 00:52:25,2018-04-20,f7399a537f78aeee7479ff71ed97d0bf,2018-04-03
78d9bc19ffe6549f445e37d09987a476,2ece3b8e01f438305036fcf527809f4f,delivered,2017-09-05 23:00:10,2017-09-05 23:10:20,2017-09-08 17:10:14,2017-09-14 22:23:04,2017-09-27,feb4f5950408f25a870ca189d664bbca,2017-09-05
f64b1037e9e9b824414ca423e452b1d0,fff3a5c6d542d52b05f7e4518adf996e,delivered,2018-02-18 21:48:22,2018-02-19 10:08:06,2018-02-19 22:04:00,2018-03-02 18:42:42,2018-03-14,a96d7918dd2acf81b73291f82cfe31dd,2018-02-18
da25492a616ea75359094ce9180d2691,cd5197b832fad889118cb4ec1483b4f2,delivered,2017-12-01 09:59:13,2017-12-01 11:31:06,2017-12-04 21:34:42,2017-12-07 17:14:48,2017-12-20,5ed68fbea058394fe9017715f735f89e,2017-12-01
a7576b40fc3305040c4e267a6c7edeab,39affb22b0414feee0d2d41c3434b9eb,delivered,2017-12-17 22:25:04,2017-12-17 23:29:48,2017-12-19 20:04:32,2017-12-26 15:28:09,2018-01-05,83eb103379b457b84ebb849a54ca05ae,2017-12-17
587904dc1c873ebfb6078160b4819d8e,ea2677769a5160cb3664a4ee9e6dcddd,delivered,2017-11-25 00:25:35,2017-11-28 03:32:18,2017-12-01 22:09:15,2017-12-06 19:43:34,2017-12-15,b5e13878ce7c196e0ba76d57dd55b485,2017-11-25
98035d9057b5e23020bd00138e680409,29de6cb60572272e17868b7420ee9d2b,delivered,2017-07-12 15:45:39,2017-07-12 16:03:48,2017-07-17 16:07:48,2017-07-24 18:28:41,2017-08-03,dd0256cb773d84d3c3825e046644ec87,2017-07-12
6e17d22f876e565a56aeaad937d6b951,35c919d9901b83235d3f9790ef39e7cb,delivered,2018-05-10 14:57:43,2018-05-10 15:11:37,2018-05-11 11:41:00,2018-05-15 18:17:57,2018-05-21,30a51a0adb67d9b0ad6deda243b99318,2018-05-10
c796b93238b8e2269a4f43ce3324ab08,28dd2973d32fc3aa400077b18c0f2671,delivered,2018-08-12 07:51:18,2018-08-12 08:04:26,2018-08-14 15:03:00,2018-08-21 17:04:41,2018-08-31,60f1b085e37165dedac5067b2996213c,2018-08-12
08eef0ee40e395cb547563fc31ab1bd7,25bd5231b15435eeeacc0ead2fe31ca7,delivered,2017-11-25 02:00:46,2017-11-25 04:14:32,2017-11-27 20:11:35,2017-12-19 19:48:41,2017-12-20,bdb1a171ed70df2c103357ed139c1ea0,2017-11-25
8c5e3895665d821ef50d85872a34cb0b,4b014521d313df89599b997dc8b12041,delivered,2017-12-08 18:47:35,2017-12-08 19:12:11,2017-12-12 21:23:33,2017-12-17 15:22:05,2018-01-09,1c20132eaec168f0933f30e3f9fa444e,2017-12-08
3faaf3fd5977e5b69227092accef04bd,4fb5b845134b29e0cf8ef1e5215bb481,delivered,2018-02-27 03:41:09,2018-02-27 04:31:01,2018-03-09 22:21:17,2018-03-23 19:52:31,2018-03-28,1cb4453be744b195f3476f5fa640f085,2018-02-27
637be788712bee0367ea76b1d2b4e702,e072f720ae44bd037c0340b5e6c2828b,delivered,2017-09-04 16:21:46,2017-09-05 16:25:40,2017-09-06 16:47:34,2017-09-13 12:29:55,2017-09-21,853a5a518d34397059782c62f427b862,2017-09-04
2dde024859f51fefb1cf3975ae42c563,1617502d775896406515c026af6e7a48,delivered,2018-01-30 10:56:41,2018-01-30 11:15:43,2018-01-31 20:12:51,2018-02-19 11:04:10,2018-02-22,f64075e7fa628bdc6c3e7c3108d7c624,2018-01-30
38be3479258281d5a9f612704f4546b8,97167228f2e673901f1fef090e90a291,delivered,2018-08-25 14:25:11,2018-08-25 14:35:23,2018-08-28 17:10:00,2018-08-30 00:05:02,2018-09-03,98291bb2060671474e3307b1fd3e621c,2018-08-25
75cf0808397ed4f7331a97bfbdbd41ee,94060577d26caac4aacb688aee796279,delivered,2018-01-07 11:46:04,2018-01-07 11:56:29,2018-01-08 19:20:14,2018-01-16 19:43:53,2018-01-31,5db83eff178f06b6c59d3c6edb676dfe,2018-01-07
d147b8649ff39d53cabf136b36c79a13,51fc971a2dc09640199c605fafef9b90,delivered,2018-04-30 12:03:48,2018-04-30 12:15:48,2018-05-02 07:56:00,2018-05-03 21:27:36,2018-05-15,52a2a794178dade85e81bb1f4a145238,2018-04-30
ab589d1a6095c7f435a62f503146e1cf,dda24c2de57a6023c8634e466d2b041d,delivered,2018-05-04 21:24:20,2018-05-04 21:35:18,2018-05-08 14:18:00,2018-05-11 23:03:11,2018-05-18,aa0b5c65d1295506f082607a6546b8c0,2018-05-04
775d392cdf78d7ec8e6dedacbec03a9d,dbcefd1a7ba4bc8b7aff36b386e0cc72,delivered,2018-05-04 16:54:19,2018-05-05 16:53:34,2018-05-07 16:34:00,2018-05-08 18:41:31,2018-05-17,dfc0c5d53678c35744d82e35d30580a9,2018-05-04
d114db1284e403886d42917794dab1aa,a25a1621da773f67495618a8a2a475db,delivered,2018-04-02 14:54:18,2018-04-02 15:11:50,2018-04-03 19:30:48,2018-04-04 20:54:42,2018-04-12,6cb883216e1b7f65b1c7a7c76236509d,2018-04-02
bfbe5ec8665cf556e806616b9620be05,b4f19e979072ee328598342b2db466cb,delivered,2017-11-19 21:55:49,2017-11-19 22:06:30,2017-11-22 17:51:11,2017-12-01 21:19:29,2017-12-18,65ce5ba03f36434838ce04d66b622735,2017-11-19
ea71c8751c47c442f142dc340867918b,25b86c80578b3a629215a80564dc8896,delivered,2017-05-05 18:46:30,2017-05-06 18:15:14,2017-05-09 08:07:53,2017-05-15 12:00:09,2017-06-09,c1236f93ddcd852611e5be0c2768ad2d,2017-05-05
694ac1d9660a7c3c610c379eb240360b,57f98f14aab6d9dbfad18f89d2606bdf,delivered,2017-12-17 18:44:55,2017-12-17 18:53:37,2017-12-20 18:20:11,2017-12-22 13:33:05,2018-01-11,21bde4e982c4681021edabb899bcebfe,2017-12-17
17912edc2f0d164527889f95392aab9c,38c45d77d6e2bfbc062cc6a99305d2b7,delivered,2018-05-10 11:54:05,2018-05-10 12:16:07,2018-05-15 10:43:00,2018-05-24 00:53:35,2018-06-11,a17d93496a8da3cae2733efe89acb26f,2018-05-10
c16b33b318036905a37290c0c735c522,c7967be1df16bf9ab97001a0576a978a,delivered,2017-12-11 17:20:27,2017-12-11 17:32:32,2017-12-12 21:19:00,2017-12-29 14:56:13,2018-01-11,7d0001ddcd3d9169c7d7630e7e792445,2017-12-11
fd064b8ee1258610d855e775abf1cdea,ffc57553e2b7342c1f572edb68e0651f,delivered,2018-05-09 14:11:09,2018-05-09 15:51:57,2018-05-10 15:08:00,2018-05-15 09:53:45,2018-05-25,87f6dff99fd05d9877023e74d5802958,2018-05-09
c3541701eba57c21eb83f35f6eb1094b,c4e81ec2531f2ee6fb47346b9f7326bc,delivered,2018-07-17 12:02:11,2018-07-17 12:15:18,2018-07-17 14:00:00,2018-07-20 20:51:25,2018-08-07,5b0f12d8d5ec19486e61a20d96582044,2018-07-17
925076985315dd0cc772d4156564d009,57589bb9afa9eb858304d0ada0f1b45d,delivered,2017-02-05 16:17:02,2017-02-07 03:50:33,2017-02-09 14:50:36,2017-02-20 15:48:40,2017-03-13,a6d6c8aad5761dbe22ec672effe1e1a0,2017-02-05
1b7120c62e8d21f1ee396c4c465101ed,18b5e821fb1a52ebef7db6d4a73851f7,delivered,2018-07-27 16:20:49,2018-07-27 16:31:03,2018-08-03 15:28:00,2018-08-06 20:52:28,2018-08-14,4278164513bb3a729370a12a3dd2e64b,2018-07-27
38f739e41c7916423eeb93f610915934,b0a12508c0040e8fd506583846de2f17,delivered,2018-03-21 12:06:34,2018-03-21 12:15:32,2018-03-23 20:33:17,2018-04-03 20:44:30,2018-04-12,3053d3e616df05db30d5825ae41a6498,2018-03-21
ad6245e3de2fc9824e89ff26e5274afd,05726a543ba1b91487c9f6f3fc7caa79,delivered,2017-10-28 22:12:16,2017-10-28 22:25:54,2017-10-31 18:25:51,2017-11-07 17:22:31,2017-11-27,b9bed607d2f030436bc3177ec362d841,2017-10-28
debbc667d166dc32a2733fb0d660ca46,7bc4316012cadd7bd72e39fa69b5cc07,delivered,2017-11-29 13:27:11,2017-12-01 11:32:12,2017-12-01 21:19:39,2017-12-19 17:18:24,2018-01-03,3ef69967280e6029940e7f353d3eec6b,2017-11-29
d329bd974553f5e57a2f672cc82dab69,40fc7bb3cad2cc3c6829a3a9977500bb,shipped,2018-04-09 16:39:46,2018-04-09 16:50:15,2018-04-10 22:38:32,,2018-05-15,44ba890a425e8d98278fe1ab3e0e27df,2018-04-09
b46a585f4ae96d0dec633727953055fe,0707585f9631a5166364cf8730a8ecf2,delivered,2018-06-24 23:20:17,2018-06-24 23:35:16,2018-06-25 15:38:00,2018-06-27 15:41:55,2018-07-05,936a5096d9291b0cf4450c5c1131921c,2018-06-24
bf77be9e5c844064520fc976a02eba7f,e6529280d21312196f2b9003c89a53fb,delivered,2017-10-23 10:33:47,2017-10-23 10:50:11,2017-10-23 17:24:13,2017-11-02 16:03:27,2017-11-13,ebf40c0db4fe06ddd15a7a44238c986e,2017-10-23
35d4cbc28ef2f56e83393787417a3b5c,e43b95f764795eaeffe034fbce2b4070,delivered,2018-07-23 18:03:01,2018-07-24 10:32:48,2018-07-25 11:50:00,2018-08-03 21:51:54,2018-08-16,f006b6ee50b61de570571fc9433aff84,2018-07-23
5ae83f493320d31409a108dfd7aa5c20,6cad022a750365e31c429d9f6eae160f,delivered,2017-04-10 12:35:53,2017-04-11 12:25:53,2017-04-12 13:05:53,2017-05-15 17:52:51,2017-05-04,23981df02aab2a148db4f90e357fe8e0,2017-04-10
42e16f7e030bc2ecf9a63678bc4e3380,ce00c3e5cf8e6b1a53809d48f0d700b4,delivered,2017-07-25 08:27:53,2017-07-25 08:35:17,2017-07-29 14:58:46,2017-08-03 19:34:25,2017-08-29,b69150b50acc3fb8cbd018d4cb9ae973,2017-07-25
58862b6204545c832643872387966329,4f55026e18d09fba60a3a17c63761094,delivered,2018-08-08 19:23:00,2018-08-08 19:35:18,2018-08-09 12:35:00,2018-08-17 18:11:06,2018-09-14,d4b0f4506f8169b7e7dafbf815ae7371,2018-08-08
1799b503cd7c2cbd801e75dd72fe3069,60a14730b838cd406e7c100ff14c3449,delivered,2017-05-19 16:02:39,2017-05-20 16:05:24,2017-05-22 17:47:53,2017-05-26 16:26:40,2017-06-08,7063b55fee699193fd5e44253a7e4a98,2017-05-19
6c7d13407c99a390f23be27465331575,6c86de0c2e4fa95590515416bf98c3e9,delivered,2018-03-20 09:16:16,2018-03-20 09:30:34,2018-03-20 22:03:31,2018-03-29 16:42:15,2018-04-16,f66a163433ed427c034147689e9c3415,2018-03-20
03b70c61372aebf257ccfacc6ca0aa58,c7f0689bb795288d7a8b5f7461de4250,delivered,2018-05-13 15:50:44,2018-05-13 16:13:47,2018-05-14 15:18:00,2018-05-15 22:03:06,2018-05-28,cdb8c10793ea950ad2bdc1918fdcc608,2018-05-13
32e4636ad9646a3b7df0dbde0cfe5500,cf013fcd49b67549a3f482afb2a533ac,delivered,2017-12-13 13:09:46,2017-12-15 13:12:59,2018-01-09 18:59:23,2018-01-16 18:33:43,2018-02-06,4350cf84c81dc8d0fed2aaf06c683d9a,2017-12-13
1c36473b9a0db63449081c0408a96dc8,28465805729df5da4093b59856fcb2f9,delivered,2018-03-17 18:28:58,2018-03-17 18:48:35,2018-03-19 18:16:38,2018-03-28 22:03:33,2018-04-12,da4a9d39ff9a2f9b2e8b916c61a47ece,2018-03-17
d9a2b5f65a8710b7b169d27db28c5d26,4193b72441aee0999bb92aeb9c1b236a,delivered,2017-11-09 19:02:02,2017-11-09 19:10:29,2017-11-10 19:25:03,2017-11-14 23:27:16,2017-11-29,f5dbe667f3cb0b418643704870c4625f,2017-11-09
bf109fa36da244c6c5425edfda0d8aab,f1ede9f967d57c8c6e3371225fb5bc3d,delivered,2017-09-08 10:21:17,2017-09-09 05:15:53,2017-09-12 14:56:30,2017-09-21 17:48:28,2017-10-02,1e70248c64829f54e02845cc16e25638,2017-09-08
aa870603711e38df064454224e013c3a,794fe2466017e1c5dd5a563bcfe4d745,delivered,2018-05-05 14:05:06,2018-05-05 14:29:50,2018-05-09 15:48:00,2018-06-22 20:07:50,2018-06-01,60171ace2e74d5555a73dfdecbbf1b2e,2018-05-05
2b2c36c568fe24e69258fa168462fa00,46813fb5b26bb562312ac42b763ff675,delivered,2017-05-29 15:06:36,2017-05-29 15:22:37,2017-05-31 08:22:14,2017-06-05 08:47:34,2017-06-21,3068398b4c8aebb510ddd9656f481493,2017-05-29
5c0623ce8050c2cddeec3575bfbe0a53,781a63f927b6f2502e9267b3b7f285e3,delivered,2018-07-25 06:56:57,2018-07-25 07:10:14,2018-07-27 12:53:00,2018-08-03 18:13:39,2018-08-21,c6abdb335cf117fb7fe0bb9bc1365586,2018-07-25
594d1d0caf1a2bb2d2d95058d9e318cc,e808b8263a08595d4c3596533f3efa37,delivered,2018-07-25 21:13:14,2018-07-25 21:25:11,2018-07-27 14:24:00,2018-08-02 22:48:55,2018-08-21,f291e50a966ded2e22cd601a9011cbbb,2018-07-25
1e3dad2b395168bf9948b5bd80c7258c,bd23e7fa3205d01609afa746fa646770,delivered,2017-06-07 21:33:25,2017-06-07 21:45:11,2017-06-08 13:57:27,2017-06-16 14:42:16,2017-06-30,37ede4fc7ea61130d7d5bc149723ac40,2017-06-07
d4e770b405f1a265106474eaf37ded74,7c7b0230efd9524afdba267f0d4c70b7,delivered,2017-10-04 18:18:28,2017-10-04 18:35:08,2017-10-05 21:05:58,2017-10-13 14:44:59,2017-11-01,9c18cd0ba86443dce5c2e5157cbd2eff,2017-10-04
48b04c2b15ef11dac475795682a3d991,b7178dd71a79f281dfba982e42e0f673,delivered,2018-08-27 15:07:02,2018-08-27 15:23:59,2018-08-28 13:53:00,2018-08-29 15:25:31,2018-08-31,ec47a057b1148de8e769ad5d5a61961b,2018-08-27
a5db0385f8aea138fbbb47e6bb8c03e5,bcd1cf06eec92b0c218d121f562de5df,delivered,2017-07-30 17:18:58,2017-07-30 17:35:18,2017-08-02 19:41:00,2017-08-11 18:12:43,2017-08-29,f491087d01a37428ba96de3897bf6814,2017-07-30
ae939729c93b0ecd65e284740cb48997,e5d7108db511fe3a3e111eeec628183e,delivered,2018-07-02 18:48:55,2018-07-02 19:50:52,2018-07-03 15:14:00,2018-07-11 00:38:51,2018-07-30,ce0c3f9cf5bab2a59415a5216940c9f6,2018-07-02
dabde7f69f293cf7ab67a2b346573c07,4e8275be9ced8a6adbad5b3adc7afd28,delivered,2017-07-21 12:17:37,2017-07-25 03:25:22,2017-07-26 19:59:33,2017-08-07 19:29:59,2017-08-24,81f829e293a1fb4763abbef672c0917c,2017-07-21
3202d54e102ee571b92aaba84b2a7696,20526e6ac068f829f191a7dd0a773d07,delivered,2018-07-31 18:29:23,2018-07-31 20:30:47,2018-08-01 15:03:00,2018-08-02 13:36:31,2018-08-03,df0856321238c726f5ecfc47514c1b68,2018-07-31
aea07e49bd6cb10236c4f58a429d3591,f7e057bf26b1240d01e6bccd5b632e1f,delivered,2018-08-06 13:56:44,2018-08-06 14:10:20,2018-08-08 12:34:00,2018-08-21 16:49:57,2018-08-17,fc80ae66fe91e88a9cd1ef0d3a402eb4,2018-08-06
cfba3a0904b40913ee70dd7cd5ade673,fcd4deb9e2b619dd2039da63bb9837ee,delivered,2018-06-19 14:20:45,2018-06-20 08:56:35,2018-06-21 14:34:00,2018-06-25 20:34:28,2018-07-11,6623d0312b7dec65df3d570946e308f3,2018-06-19
00664284de7a3470d22931ed78615ee4,cc0f43bd4e0f3ed1a2165365d26029ae,delivered,2017-09-24 13:12:59,2017-09-24 13:30:11,2017-09-25 14:53:50,2017-10-03 22:12:06,2017-10-17,8a996e32e8d729f4f10947fb34bf5763,2017-09-24
0a57fdd1a42f86bd170a4623ca76676c,4554f6ad966ed603236a802f8edf11fa,delivered,2018-06-08 19:35:03,2018-06-09 19:38:36,2018-06-12 13:26:00,2018-06-13 20:47:49,2018-06-29,92f19b4906b2ace6d6a453e6442d2a3a,2018-06-08
62f4ea84df794e8e785b5d9d279eaa62,6afffec73f6ce60406821be4e59a2575,delivered,2017-09-13 16:16:00,2017-09-13 16:35:11,2017-09-18 20:32:26,2017-09-20 17:39:15,2017-09-29,70f441b62360c2ab8162eaf47a848d82,2017-09-13
36fe204caef0ee36f62366de0896a87f,8bf4138fe28c4cdbe9e5ded6940cd844,delivered,2018-01-19 21:53:38,2018-01-19 22:16:19,2018-01-23 03:33:45,2018-02-09 16:05:25,2018-02-16,fc409dae604a35e78c892834edece98a,2018-01-19
b812f8fd67c86d89510590abea7696d1,1b53d5edf59a0c038510fca97c43f127,delivered,2018-07-30 12:08:24,2018-07-30 16:05:01,2018-07-31 18:35:00,2018-08-03 20:31:28,2018-08-13,34e8a974abc4fbfce131ab2b1c872439,2018-07-30
83fb50047ae335655fcb980c0a2430b5,a5625176ab429bebff8b164653f2ff02,processing,2017-05-27 17:48:11,2017-05-30 05:02:21,,,2017-06-29,3b5c0c0557b26f17f063c7ac8c3f8c3c,2017-05-27
a9dbb42aae61c8eb9e7ead64817c9469,b2c3de242c970c6ab08788a5527d0170,shipped,2017-12-22 18:18:49,2017-12-22 18:29:35,2017-12-28 17:53:46,,2018-01-29,caed32f02c126f439d47e249ded527de,2017-12-22
76cc7d9d3b078509cc976957f2671283,4b0f1543a7439e9abd2078fbefd3f8c3,delivered,2017-07-06 14:30:51,2017-07-06 14:45:17,2017-07-11 17:04:36,2017-07-31 20:45:45,2017-08-03,727260949d242157d3db0083e782665b,2017-07-06
2053554187588f29cdeb57a88d331e83,64f9de1f6705de234abc7f84976a1a35,delivered,2017-04-15 23:00:32,2017-04-15 23:10:14,2017-04-18 11:24:49,2017-04-20 15:06:36,2017-05-08,08af270792ec7cdbc72fe11c1c353695,2017-04-15
baed56f3eda9223b74c6cf175f05678e,a5efc13305474c8a533b4222cb176d4f,delivered,2018-03-21 15:06:40,2018-03-23 02:15:31,2018-03-23 22:58:43,2018-04-09 15:42:09,2018-05-04,0710e0c85fe7cb494d624e0863782e46,2018-03-21
cb8da41d3686c19bfd7e97b94097e686,90753daa6413261a983655426ca2ca9c,delivered,2017-11-16 18:34:57,2017-11-18 02:48:58,2017-11-21 18:19:05,2017-11-29 00:41:27,2017-12-05,36d7df3b5d8326ec792859208e53ac93,2017-11-16
11ecb8ddc28c95c21a3ef305377a477c,1feb53cf8faac88a98197cc75fd8175e,delivered,2018-04-06 16:01:55,2018-04-06 16:15:12,2018-04-11 00:41:52,2018-04-25 00:04:31,2018-05-15,8087c32811132dc185883258e467e082,2018-04-06
22085be04a775c3ed4245c35bd9f822f,7675279aa67fc4800dd667d60cc92713,delivered,2018-05-22 10:25:52,2018-05-22 17:15:27,2018-05-23 13:37:00,2018-06-04 15:38:46,2018-06-08,5f38fc28c0140eb079218c6dd457ad70,2018-05-22
77ff5083402e50189ad3477e7dfcbaad,8f66a46e622f40e6f5428034d16b4192,delivered,2017-10-18 09:45:17,2017-10-19 02:56:29,2017-10-24 14:39:56,2017-10-31 17:15:15,2017-11-17,ea90216e3da4bcbf02469a47730f5edc,2017-10-18
496e779d0a36724d70beaf6ea94d7d9d,02f8299d68b913a3584db28a189be007,delivered,2017-02-07 22:50:27,2017-02-09 02:55:17,2017-02-10 13:57:54,2017-03-01 10:39:08,2017-03-20,a1f5ab76cdedbf0dac6bcb4206e113ce,2017-02-07
1fb19f4cd7486d32cfc488577cc28235,2009e285643a9f9aaa39ab0b1a680882,delivered,2017-02-02 11:15:31,2017-02-02 13:30:18,2017-02-03 12:01:00,2017-03-01 06:37:41,2017-03-13,1935fd09a07aaf542eb748010cbdbcf7,2017-02-02
cfd90c0fc3f3b1ebc3dc7a5a20181d37,16a4c9843ab5ab7e7f88c5be0b725786,delivered,2018-08-16 16:37:43,2018-08-17 08:55:23,2018-08-24 15:42:00,2018-08-30 20:20:34,2018-09-10,2c49253c33437164d786eaacb7ace8af,2018-08-16
5ca9d935dd5306bf85a2f1e263d058f1,f0f1d8de8ddaad572cef4b07bdf94d6d,unavailable,2018-02-06 16:31:59,2018-02-06 16:51:46,,,2018-03-08,17a4a1b241b0579faae76c9a3bbb29c4,2018-02-06
efa6ac6564b5e0edcfd63b95f47d8737,cf1f153a1af8c5cdd447ea6e3616b7fe,delivered,2018-04-24 11:57:58,2018-04-25 11:55:11,2018-04-26 06:40:00,2018-05-02 23:54:34,2018-05-16,01cd6609264361aaf702ecbee2641cea,2018-04-24
351688388d33d4a58285b9d6630bcc82,32755045a3b602adc3876bbfa3f8d7c8,delivered,2018-04-21 11:38:28,2018-04-24 17:51:38,2018-04-25 15:02:00,2018-05-08 17:32:06,2018-06-01,77b4495e2b437d6780afb9f459b41d88,2018-04-21
ad8c386772f88caabcff4e2a8bee26d3,a23d8dea0a3bd895cfb02b2a56601b03,delivered,2018-08-19 12:30:10,2018-08-20 16:50:10,2018-08-21 14:16:00,2018-08-24 15:03:38,2018-09-03,c94817cbbb720c3cb72f90d90d41c91d,2018-08-19
1c5be2940a0e9dae8e4ec24c9c630d21,39bd538ed7bcae4b7823d8083c413c77,delivered,2017-07-25 18:42:37,2017-07-27 09:55:27,2017-07-27 16:57:50,2017-07-31 17:47:06,2017-08-14,fdf34099c1c8150b7e542abc8696170b,2017-07-25
c15766f615902f3b10ebce7da0113522,4dd4a2d0b9d48ac685633e0fd8a89f06,delivered,2018-06-04 23:26:54,2018-06-04 23:50:14,2018-06-07 13:58:00,2018-06-12 23:42:37,2018-07-16,c0d831f9bbb3ed3648e0dc0a21b3e48c,2018-06-04
618b8ec3c995dcd438feea3300bba0cf,a8abf2006cdca0b5f3b8e5567fda8fb1,delivered,2018-07-25 09:38:11,2018-07-26 03:24:23,2018-08-01 16:13:00,2018-08-15 17:38:28,2018-08-24,11f23464189c7f804a851fd73e1fde4d,2018-07-25
34dd52587fd9744fa3850f58049bb93f,40179b084530d7e15b7727c677226463,delivered,2017-07-14 09:21:51,2017-07-15 06:35:14,2017-07-18 16:57:38,2017-07-18 18:29:33,2017-08-03,2d92793a569a55d6337b7b61d3d45e04,2017-07-14
6f07a2b4605f269a97bed210ea946521,a8a76356d43038ba58e73cdbbe9eab86,delivered,2017-12-01 21:16:53,2017-12-01 21:32:35,2017-12-04 21:42:13,2017-12-08 22:33:55,2018-01-08,d161774a51df2f32e631603c40260623,2017-12-01
bbe02deb41e96f666660dede6c816276,c659c6ddb8f2dbed68ea0889f16c0f69,delivered,2017-03-24 16:31:56,2017-03-24 16:45:10,2017-03-29 13:22:04,2017-05-03 14:07:58,2017-05-03,aa8f455c5c5fcbb77246a595ff41a11f,2017-03-24
33a23937c4d7393206aee57ca5ac8cc2,3626c8375b71bd285a0128957cd509dc,delivered,2017-11-07 23:46:02,2017-11-09 04:31:18,2017-11-10 18:28:09,2017-11-16 18:48:27,2017-11-27,3dad6f1fca54de94395a782bca37f8cb,2017-11-07
77139c08bb5f077f2b8dd52a1ea309a2,33f6e26f52120305302c53339bad7d05,delivered,2018-04-16 13:11:27,2018-04-16 14:11:49,2018-04-17 18:31:49,2018-04-26 09:03:59,2018-05-11,2057c4a178808ef5a87a40c6adf2d89c,2018-04-16
1b5339b3d49c30108e0aa8c2c2cbbbd8,cfd6d1ea06bb9b3e9f72117deea349c7,delivered,2018-08-03 14:23:42,2018-08-04 04:23:58,2018-08-07 14:25:00,2018-08-10 22:52:51,2018-08-22,5abe7c02ed9770eba399489d567c1287,2018-08-03
7da444f9eb27358bfecfff2aa071e457,a394aa1decd1324c76593baffaf2b6ed,delivered,2017-12-11 09:27:40,2017-12-11 09:37:38,2017-12-12 22:14:26,2017-12-18 21:38:19,2017-12-28,b40cf4eecfea7f5204bb7763fc5437fe,2017-12-11
08cc8c614786867bb0a845cd117d349b,79c153310ee3cfd3c2a760c9798b179a,shipped,2017-08-30 21:00:01,2017-09-02 13:50:15,2017-09-07 00:04:29,,2017-09-21,749917bd024cd0718406bfaafb482efd,2017-08-30
b8ddae4d27ce2071902b4172ec37c7ca,a3c378b866e6c466476a3d4a8b919629,delivered,2017-11-29 17:43:54,2017-11-29 18:31:00,2017-12-01 19:44:42,2017-12-11 13:28:17,2017-12-20,654ded9c676ffd7d5f0bfa0e652c18d9,2017-11-29
d64dc080a9163c5e593b591e6c8e32b8,bf10f1fd7fd870f4d92a239792498714,delivered,2017-07-31 18:29:24,2017-08-02 08:34:30,2017-08-01 21:56:40,2017-08-03 22:07:48,2017-08-11,052806f8907d1163510946ecadd77427,2017-07-31
5ab1b7017955abafee1aaf11eb8a8105,ebf84e00361c31f0610635647dbd0db1,delivered,2017-08-20 17:47:00,2017-08-22 04:16:13,2017-08-22 18:16:00,2017-08-28 17:03:30,2017-09-11,0280c3bae373e59fd0f564cf9b0188a1,2017-08-20
4e724c7d98c212ac0bbca82b6d274f76,fab30d1ce4d3a19f8d8990b0f92bcd43,delivered,2018-02-13 17:58:15,2018-02-13 18:10:28,2018-02-20 18:04:38,2018-03-14 19:28:58,2018-03-16,200d8b1f16d0cc9600022fdc99987a7f,2018-02-13
59a28b77022aecabe93b43fa323de71b,3bb38d7e15146509176acff3db811f13,delivered,2018-07-30 19:59:14,2018-07-30 20:10:15,2018-07-31 13:12:00,2018-08-02 20:14:51,2018-08-07,215ea7f5a1601fcf949dfe01cfd0f3a0,2018-07-30
4f3ca5ff0917ab7f5c33e83a98ca7a83,746047d2a62ce1a4813b29d7dc1be6f6,delivered,2017-10-05 18:56:26,2017-10-05 19:07:12,2017-10-09 15:57:58,2017-10-19 17:51:24,2017-11-01,3bc2576ef69da2477d0c9a4b1ecf4086,2017-10-05
088cbb32185a7be453138d87370d1fea,fec0ee5582ea1ee913428817f09e8883,delivered,2018-05-08 21:50:22,2018-05-08 22:14:35,2018-05-09 14:59:00,2018-05-14 22:56:29,2018-06-08,cf365ebefda4b1e49ecfe6a6a7c21edb,2018-05-08
2442686c8ec7cde165c4b56581ccbae0,fe675b33a964a34734880d553ec3107e,delivered,2017-04-06 16:03:32,2017-04-06 16:25:27,2017-04-07 15:19:11,2017-04-12 09:38:45,2017-04-28,57c27c0f19165cea8452537e5873bdcf,2017-04-06
344dedf9f07348bf7dcbeb9399329b8d,340dfd9061a94b118456163263515508,delivered,2018-02-09 15:21:41,2018-02-09 15:35:28,2018-02-14 13:26:51,2018-02-28 19:12:51,2018-03-14,caca57a355a5fa42286c0e2a3a3f6463,2018-02-09
ef2165ddd56495b711b9a61098a7e6f2,76b432ca295f27833e5ccb04faec8297,delivered,2018-06-08 13:22:42,2018-06-08 15:31:58,2018-06-11 13:29:00,2018-06-19 20:24:53,2018-07-13,0f0e92fe8525b178d019f3b88af077f4,2018-06-08
8a2baaa71c6646dbb9ba2e94d7cd0ba1,5143c9c153d2b02550d50c0de423f85d,delivered,2017-02-04 12:48:11,2017-02-04 13:10:29,2017-02-06 09:40:20,2017-02-10 07:34:03,2017-03-17,411f41970e6ce505317e540a067a62de,2017-02-04
8ed6d0a29d0344979ce6466cf55fa245,9cb746e19fd648951d95b2044df3e3aa,delivered,2017-09-13 08:42:08,2017-09-14 02:43:47,2017-09-19 19:13:12,2017-09-27 21:22:52,2017-10-06,27c45e0dd1230d84a9120d0e70c730fa,2017-09-13
88768bc53525534c6a8016a7318be286,92ad3fa7e8c36426785e53b628576c56,delivered,2018-08-20 11:16:55,2018-08-20 15:40:50,2018-08-23 11:39:00,2018-08-28 14:50:26,2018-09-03,11a39e3eb3968676aa98106a19642b30,2018-08-20
4aa759af4b1d00704872c9858f500702,eabc7351650d54e0a39b2869b6f0d958,delivered,2017-03-20 21:02:55,2017-03-20 21:02:55,2017-03-23 10:22:18,2017-04-05 10:42:49,2017-04-10,c7c581c5f08dfafc1a52c7a54ced9b1c,2017-03-20
96f08e1a226e8be6f46542c2d6567377,d82cb629b7b1f624a52b434cf9dfaf69,delivered,2017-07-13 17:38:38,2017-07-13 17:50:20,2017-07-21 19:57:40,2017-07-27 19:57:43,2017-08-04,fb1c0663db0cccc434a159961283b4fd,2017-07-13
d2edbdf7b05aec925d270f089e79443e,fa23ca3880fe6cadfe125c7d79c7b102,delivered,2017-10-11 14:18:00,2017-10-11 14:42:32,2017-10-18 18:39:49,2017-10-20 19:07:47,2017-10-24,418104937eb08a32d45ed65eb6ff56bf,2017-10-11
f1b8509dee2f914e33ace8b9555a7e51,27259d491734d9d1b58f97938c0a5c01,delivered,2018-01-10 08:51:29,2018-01-10 10:31:58,2018-01-19 17:47:51,2018-01-25 13:58:42,2018-02-21,eed4189bfc1ea0c708e927cf93d63bdf,2018-01-10
828a705e0645673b538e803ca75a29b6,045ce65dc053765839733057c287dbcb,delivered,2017-10-09 21:26:41,2017-10-09 21:49:13,2017-10-20 20:32:51,2017-10-30 21:33:25,2017-11-30,1f69219bc86e6918b4751692323de642,2017-10-09
c94821db10df06a6d17a8054d3a0b919,7fea47e002bbb5ec01948f7622d4630a,unavailable,2017-11-22 11:01:03,2017-11-24 03:10:46,,,2017-12-18,f8dd2d811fea3ad5e95ee11bbc8a9428,2017-11-22
0d43520077226a0a081c80ed9ca95751,d0bd3140d8bceb9bc0e830ff2d5fb4b7,delivered,2017-09-10 22:42:23,2017-09-11 22:50:18,2017-09-13 12:57:42,2017-09-26 16:08:11,2017-09-27,4cdb65b0877dde10f377a56ea2b78726,2017-09-10
f114423a7de9ef07e6944ab372f261f3,93bbd56b1afee41579b1394c6b86679b,delivered,2018-05-22 18:35:59,2018-05-23 02:38:41,2018-05-23 13:13:00,2018-06-07 12:38:20,2018-06-13,13e287d3a441b8e6e77784338e3d926c,2018-05-22
1ca9b19a39f0b18a4a1470eba6eb5cda,39003dbbc1288a363449f30527539286,delivered,2017-05-20 11:04:54,2017-05-20 11:15:20,2017-05-22 14:33:45,2017-05-29 10:22:39,2017-06-23,57a614c7c109cbf9a0c82c40497e4c75,2017-05-20
54d744a4410b1edccc36c6d1f1c7e097,e2efaa8052c550fa45d1639dbb6cbeb9,delivered,2017-01-24 13:32:22,2017-01-24 13:45:14,2017-01-27 14:21:27,2017-01-31 05:23:27,2017-03-01,06058fe38c88d8d03a06ebaa6fb68aad,2017-01-24
29ae9ab539215f3bbec11770fc3fe299,b2ff451bf35982bf3e2a0a9748335750,shipped,2018-02-13 16:22:42,2018-02-13 16:30:26,2018-02-16 22:18:28,,2018-03-13,f9a864d431249c69758ac6e7d9d15093,2018-02-13
140e0c65673552d3d1832a4d8e16d6e9,9cfb0df685121979aeb180fca03b8ae5,delivered,2018-07-10 16:34:43,2018-07-10 17:31:59,2018-07-11 15:00:00,2018-07-12 18:12:44,2018-07-18,0e107dcc5202d6a2100f7625a883955f,2018-07-10
b70f6b5a22ff6a89a473176bce5c5f88,6ec400420639805823251b53496cd554,delivered,2018-08-07 16:34:42,2018-08-09 03:55:18,2018-08-09 14:20:00,2018-08-13 15:41:20,2018-08-28,7bc29f4b393ee06be9dec0116a12b4d2,2018-08-07
89ab5609dfc901cc9824e0a62cbefe59,f84720b872b43060bf682acf0213705e,delivered,2018-03-01 09:10:11,2018-03-01 09:33:11,2018-03-02 20:56:45,2018-04-26 16:32:49,2018-03-23,3d813c6fc035353a9c632760e2d3703a,2018-03-01
5d9e4472d0faefbd6e5243341e12c006,2196eeeb23fbe18de0dabd506180a95c,delivered,2017-12-08 16:34:03,2017-12-08 16:50:47,2017-12-11 16:18:41,2017-12-21 21:16:48,2018-01-08,486f5791c65f614e0314724e7120a0e6,2017-12-08
0c1fd2870ed16e1af74abd3df9833cfc,07dc183e2382a6855b6dba9f7b5a66b1,delivered,2018-03-08 09:27:28,2018-03-09 02:15:35,2018-03-14 01:03:25,2018-03-16 19:44:56,2018-03-26,4cbbfd3f62dbf90d87c23e58272a59da,2018-03-08
70dd6272528235d8324f3d154b94861f,a7ce327dd02ea0980cdba4f8f86b77e8,delivered,2018-07-30 11:20:40,2018-07-31 04:05:55,2018-07-31 14:52:00,2018-08-03 22:21:49,2018-08-02,f9a2eed359a15add6ba5c1c337019224,2018-07-30
3fcef5a4695061c567a02de2dd0cf7b7,5f2ce2a618a5d5cb6b84b9b1bec126df,delivered,2017-02-17 17:46:01,2017-02-17 17:55:12,2017-02-22 09:20:00,2017-03-03 08:34:16,2017-03-27,4d659e1b87aa0f614ddfdde8733849ca,2017-02-17
8c72946516d3e28e200d9b9c74077cf5,c7c380be57726214fae319c1057b8429,delivered,2018-01-07 16:49:57,2018-01-07 16:57:24,2018-01-09 21:04:40,2018-01-16 13:38:53,2018-02-02,858cb7a489ee28dbe41146c986938f45,2018-01-07
5dedda64af4ddc15c731da483184f324,423259ded99a71af3c276d1910892e7a,delivered,2017-12-03 23:03:38,2017-12-03 23:31:27,2017-12-12 00:43:17,2017-12-13 21:32:31,2017-12-20,a74e92bda70cbc8b4722c5c8efd08528,2017-12-03
0ed075d458580877f351a97fb027b94d,7e3f9722a06c1305e99b853b4ac2d418,delivered,2017-11-19 11:30:19,2017-11-19 11:46:26,2017-11-22 23:07:45,2017-11-24 23:35:10,2017-12-01,f6c1370bf0bb1ac2738d710b7d51e595,2017-11-19
5b30d3d26fa80138cf0eeaedf8a3a1a5,ec9f692bcf69b9345ff6815a3360a719,delivered,2018-08-14 09:42:40,2018-08-14 09:55:22,2018-08-14 14:21:00,2018-08-15 22:38:38,2018-08-24,528365331125afafdfb72f4ba6c42ca5,2018-08-14
d028e9aed5cc947eca3f3ad6e3815d17,8ab265b68e45adf3a9d8e7fd0df8815d,shipped,2018-03-24 07:56:52,2018-03-24 11:28:14,2018-03-27 22:24:57,,2018-04-18,b0bd21f0f66b8ab0adb3c2aa012810a2,2018-03-24
d3704905336bdc5710b2bc0b55d9aad1,5a2c7356585fe56576d1408efa029ae5,delivered,2017-02-20 09:34:18,2017-02-20 09:45:18,2017-02-21 12:32:25,2017-03-07 11:44:39,2017-03-23,e669781ce5426c9140dfecb3e32351a3,2017-02-20
126b56e36148dafa96b5705c766ab2c0,33add7528833f57795e0549ea17dd0b3,delivered,2017-03-02 12:17:57,2017-03-02 13:06:05,2017-03-08 14:49:41,2017-03-15 13:10:12,2017-03-27,198dc221b76657718f8c38d49daa83c9,2017-03-02
2f82268fc803f315fbe873e96f48a60f,28dafe3752a955e9eb3eda8c9ac7c636,delivered,2018-02-09 10:42:18,2018-02-09 10:55:45,2018-02-09 21:41:51,2018-03-02 19:46:51,2018-03-15,27d92917549edc36b71d40831c079069,2018-02-09
d26d3c2ce95e774ffdc61670435851a3,ddacf2512f919ae6e0e13fc85190cf4a,delivered,2017-11-11 18:54:23,2017-11-11 19:10:35,2017-11-16 18:42:49,2017-11-22 18:32:59,2017-12-05,a047a295e19f2cc33a6c72836cea230d,2017-11-11
25a178eea0cfa9b0489aa1d8294423bf,a53ec76853cbe552fcbf1e1745b37c7b,delivered,2018-02-22 16:35:31,2018-02-22 16:55:52,2018-03-01 17:36:45,2018-03-23 01:11:10,2018-03-08,1adda1d29648d09ecb614183224283ab,2018-02-22
a6ab143f24e590dc7c72a62bc4eab3af,5ec380e68c105ab6d4800a13cbbe6593,delivered,2017-07-05 12:01:32,2017-07-06 07:15:24,2017-07-13 20:44:52,2017-07-24 14:52:38,2017-08-02,22fc23448fa5a8d3a334af11ee93625a,2017-07-05
81c75e6fe26085262f147cf6a6c0d367,bc9496f591b527b0b165c0f8908633a1,delivered,2017-12-30 13:43:48,2017-12-30 13:54:26,2018-01-02 19:10:16,2018-01-10 20:57:57,2018-01-31,321e1a0fba6c906bb8aaa2b7db6cf89d,2017-12-30
8b2f26bb118efedc4e82ab2f14f64106,8a337d8b00d61bb535a26fe68db50a11,delivered,2017-10-02 16:41:43,2017-10-04 02:43:59,2017-10-09 21:24:08,2017-10-13 23:44:05,2017-10-24,b53511e0bbf90c3934069a666ae37004,2017-10-02
7be1e90857091733dbf1e7d916c84e01,8671986388f0f80dd9df3a6ed04d9a45,delivered,2018-05-30 16:57:26,2018-05-30 17:57:34,2018-06-01 13:23:00,2018-06-12 17:51:16,2018-07-03,23339103d82a054f9729b0554ce22e8c,2018-05-30
3e2a7096b199939e9fde66eba27073d3,1bda61a5d797758b542169dad729f429,delivered,2018-06-05 22:05:33,2018-06-05 22:15:14,2018-06-11 14:23:00,2018-06-29 17:32:52,2018-08-03,53e4d5ab8287848319f0220d47ee7ca0,2018-06-05
8f9e4c43b4ee0c8602047172d10b1c60,67951da1554fb17670e4c76c400c79bc,delivered,2017-08-04 15:24:53,2017-08-04 15:35:34,2017-08-09 19:16:07,2017-08-25 19:50:04,2017-08-28,a0e18731f7f7391130aba59311151630,2017-08-04
8fa85bf6771df762a00a7960ab300f1b,b8573f83c3ba6abfabadfe32bf332f99,delivered,2018-03-17 16:20:34,2018-03-17 16:33:13,2018-03-21 00:07:29,2018-03-27 16:06:09,2018-04-05,6303615cbe542bafde4c65ccca85c01b,2018-03-17
a59244db9c00a55a76803349b21f244d,b82f3c3423d8ffd289353c912be332f0,delivered,2018-07-24 02:10:35,2018-07-25 02:35:15,2018-07-25 14:49:00,2018-07-30 17:50:44,2018-08-08,3e332338454c5752a0ff8cb3858fabfb,2018-07-24
2b473386b4243407da363718a2a382fa,15643864e18a9fcfad07392e13e28c55,delivered,2018-06-05 02:14:49,2018-06-05 02:30:09,2018-06-05 08:18:00,2018-06-12 18:24:35,2018-07-12,618a492ef520f1e6bbce42700ced93d4,2018-06-05
cd0b541e98a2f6e67bffc5850969ac2e,23f3d019173ff48ce15b82adb8c38927,delivered,2017-12-06 11:32:40,2017-12-07 03:13:05,2017-12-07 19:41:41,2017-12-15 19:55:04,2017-12-29,3b8daebddbbccf67c9e1380c8dc33703,2017-12-06
561f47f3e381d23b5ba7853460adf093,798515ecaf12e2e595906816414668b3,delivered,2018-01-23 10:52:50,2018-01-23 11:10:29,2018-01-29 19:19:01,2018-02-08 16:37:54,2018-03-05,d1b106a89bbb86bce9876a9700987bb0,2018-01-23
2113e9503e6160f8ec18ad18d9bed051,434bd07e12c6a81c88bbf7e38022d11a,delivered,2017-11-30 00:24:57,2017-11-30 01:31:16,2017-12-04 17:56:58,2017-12-23 17:46:38,2017-12-26,5e2336585f2ce3289c6bc99a7452387c,2017-11-30
e9f573bc6f9490a5bbdcc3855de7d47a,94f83cf85d6980bf1b09c706498a57e8,delivered,2018-01-02 13:17:32,2018-01-02 13:27:36,2018-01-05 21:09:09,2018-01-12 14:41:49,2018-01-22,22b2847fda5fec050c1e329d35f32c4d,2018-01-02
245a8cb9d360630691eb4449b1994017,f5aa85925c87d4706170811c0fa7c779,delivered,2018-06-06 22:26:33,2018-06-06 22:53:06,2018-06-07 08:16:00,2018-06-09 16:09:53,2018-07-03,aafb56d7476542a4f32eda686c1f1beb,2018-06-06
f352ac1d5c7a30a8108382cdb40facc6,fc40e6031c71c3809e29bddd7fe948bb,delivered,2017-12-07 10:13:48,2017-12-07 10:30:21,2017-12-12 20:26:41,2017-12-18 19:32:38,2018-01-10,4477ea4136d2b825b157952bab5a4c05,2017-12-07
e9806eb26422c1a8b79d49a2c74e6f20,005c36bfaa8710aaf61e4b1712ccd658,delivered,2018-03-13 14:49:08,2018-03-13 15:28:39,2018-03-14 20:38:43,2018-03-18 12:06:50,2018-03-29,851f75e1a1ffe3612cde92428a7e9701,2018-03-13
213ad5719ed8d1e0192c3c129b76a34c,cda1c1832e5cd712bf3a1aaa333514a3,delivered,2017-11-28 08:57:24,2017-11-30 16:15:18,2017-12-01 19:12:57,2017-12-14 20:19:35,2017-12-20,3111e773fb6d8ee39c8129ee68ac378f,2017-11-28
884082cba8cfd079bc60c7b66d252aa3,a837d50248732f4bc3d0fb03d01fe9c5,delivered,2018-06-29 17:19:58,2018-06-29 17:35:12,2018-07-03 15:28:00,2018-07-04 19:34:46,2018-07-16,c6f8f4ff52a3536450ab17c86c3d44df,2018-06-29
dc70e9ac18df7e49a5a51fb2ec9a5b02,614d9a35ed61c7af987910b2ff13c6a3,delivered,2017-08-23 16:43:28,2017-08-24 16:50:19,2017-08-25 16:31:42,2017-09-05 17:07:05,2017-09-15,3ae522de6b23a3699ef105d4c4b3b82d,2017-08-23
1e13bca551a3fd095b40e24798569805,423852dab82b7c8333f71b06f3a6fd77,delivered,2018-03-21 11:17:37,2018-03-21 11:30:19,2018-03-23 02:18:55,2018-03-28 16:53:38,2018-04-19,e78fe125c58587fde827b7249291d520,2018-03-21
dd7a2547b78d9bca7b125dfc5de75fb4,60cdcc92955679b95bc3f9a23b2331e6,delivered,2017-02-26 22:01:17,2017-02-27 01:05:14,2017-03-01 11:49:06,2017-03-06 06:37:42,2017-03-31,a29b50bb2d487ff2b4303fbf9923f66b,2017-02-26
f1bacd724876b18375e9d4b7426ccc0c,f76e2175ea0b49615d38d4f67f76b914,delivered,2018-02-26 14:13:19,2018-02-26 14:29:52,2018-02-27 23:05:36,2018-03-27 23:29:04,2018-03-29,162f1ecd667d95203041fe22da6ed0e1,2018-02-26
456115679f3b40b36e79c9d0713bcc9e,315218f1c9ab6d8def6f51aec63eb190,delivered,2018-03-23 15:41:14,2018-03-23 15:55:33,2018-03-29 21:18:47,2018-04-12 17:46:31,2018-04-26,5856bbfd3fdf534ce0f885aa96a9fb15,2018-03-23
98bef220eda3e37b6ace2f7f891507a0,3fd2f6804eb8a6abdf0cc0ea5a4cbb80,delivered,2017-05-02 01:28:48,2017-05-04 03:03:01,2017-05-04 13:28:42,2017-05-10 05:17:58,2017-05-23,c23807fd33ced021030a267cf0193ca8,2017-05-02
16859c16cad5082b592ab0ecc7234a71,98921ed88136ffc55bfdcf6888dc552f,delivered,2017-03-19 22:03:40,2017-03-19 22:03:40,2017-03-20 14:23:04,2017-03-23 10:21:49,2017-04-11,3ef9b124cd5d12a76fd07bba4047a0f8,2017-03-19
7bd6f884504774c544ac34655eb8953a,210a7c0c901c3122cd7624f479b8b5ae,delivered,2018-02-22 22:18:10,2018-02-22 22:30:24,2018-02-23 23:52:33,2018-03-22 21:54:26,2018-03-26,8bc49ab3d29964764bdbac9a458df447,2018-02-22
34b6e91cc3c7e9bff425f3be9f5b0b98,6163b8118780f6c45ed62592c11dceab,delivered,2017-11-30 11:03:16,2017-11-30 11:11:34,2017-12-01 18:33:39,2017-12-14 13:37:18,2017-12-28,4c1f06d97a8889bca790c0f193a3e425,2017-11-30
d994b8ab8cf4f90523706c4b34190ac4,5d3bef65febabb096f61f20bb73f4597,delivered,2017-12-18 17:12:58,2017-12-18 17:19:25,2017-12-22 22:38:37,2018-01-03 16:07:09,2018-01-16,ad665fb428acacd9aa72daad0a81d8f1,2017-12-18
78413cdeaf9f8c1b3eedb014ef477976,21ef1bd33861d802ea6a9126730d9385,delivered,2017-09-23 10:58:20,2017-09-23 11:10:14,2017-09-25 14:17:22,2017-09-28 17:40:12,2017-10-10,fac397dd5143f305cee12a7c331d3d5c,2017-09-23
575cf745e50a19f7d43cb7831c5c76ed,4dc6615418c35ea2ba535531549b13ed,delivered,2018-04-05 22:35:47,2018-04-06 18:50:13,2018-04-09 19:32:10,2018-04-10 11:35:47,2018-04-20,dff8e4f3400c163f161ee627293cc3bf,2018-04-05
8564695f6dfb1c4384d76dcf8e96ca35,268618e50b74d8bcdd12b134768be28a,delivered,2018-05-03 09:44:40,2018-05-04 10:15:18,2018-05-07 15:05:00,2018-05-11 16:56:49,2018-05-22,0a0d780ad8938b9950c2130bf98f01e7,2018-05-03
8482db481fb923fa01849e765265eeef,64698a6bfdec10409f62b5842662e500,delivered,2017-11-20 15:24:49,2017-11-20 15:32:32,2017-11-22 21:12:09,2017-12-04 18:58:06,2017-12-11,26120c89a049ba59a505f9e03fa162ac,2017-11-20
fe1330694965e065fb84b10ad9d67dc2,5ec5dfebd4bcc4ac451554aff812cdba,delivered,2017-08-25 10:39:59,2017-08-25 10:50:17,2017-08-25 19:37:37,2017-08-28 16:20:10,2017-10-06,d63a938cec7a749a36e2e31de2875d5a,2017-08-25
2bc4e677f1913a63cf631fa0e18c1525,7f808ce649c66a61c4a2ef4a19c2e86d,delivered,2017-10-22 17:26:41,2017-10-22 17:49:08,2017-10-23 19:48:51,2017-10-24 22:42:56,2017-11-03,5a3531b7eea38fd8bbc318e7683d0219,2017-10-22
113e0c165fdf93f9e1017dae01292548,8ed69cbab6a80fa4eb8ccb13bee2e667,delivered,2018-04-01 16:19:09,2018-04-01 16:35:18,2018-04-02 19:34:51,2018-04-03 21:33:02,2018-04-13,d8b99bd114714cef156bdc66db7bce15,2018-04-01
d7a4dd36126c5376d72caabe9d482682,92d0abf92366767e07017c0ca5e49799,delivered,2018-07-17 09:25:25,2018-07-17 09:41:14,2018-07-19 14:09:00,2018-07-24 22:04:26,2018-08-02,23682f9c8c2e9cc04075f7cc97a18b42,2018-07-17
3d0ee541428b71a2e6a7039416cfa675,b578441a6b94f819fcd49acf5264c16d,delivered,2018-06-20 14:33:12,2018-06-20 14:58:52,2018-06-21 14:19:00,2018-06-29 14:47:48,2018-07-24,92a924677bd27e5f3e910f92efd8394f,2018-06-20
fd4a2838bede5695c44824f56cd274f2,3388c73c5d3f13df78553a7503c67547,delivered,2018-07-25 15:55:24,2018-07-25 16:05:20,2018-07-26 12:19:00,2018-07-31 21:38:46,2018-08-14,de2273285b9896a785147c7bea76566f,2018-07-25
43cc7aac762dbd5d93a8354a946d85d9,d4b39e7665072457e7ef461a39cabfed,delivered,2018-08-05 08:03:50,2018-08-07 04:45:19,2018-08-07 11:52:00,2018-08-10 14:04:57,2018-08-17,bac917328635cc37b0b81f900b1c6b86,2018-08-05
fc3830b4f000e216dc581df9a0e873e2,63b5f3444071954ac6c800ac04644793,delivered,2018-02-24 19:11:42,2018-02-24 19:27:17,2018-02-27 04:16:59,2018-04-24 16:08:29,2018-03-27,917b9b2186fb1b16937a8d1822618b13,2018-02-24
5ed946893f9d36c172fc9bbbf31fcf0d,6c07c8a3a6cb8b630dcbf91da2cef379,delivered,2018-07-31 19:19:45,2018-07-31 20:20:12,2018-08-10 15:12:00,2018-08-24 01:22:28,2018-08-17,0431f28e915d4ba29d8b4a6bb7fa3bfb,2018-07-31
4509ce51e5c9ab113add9aac39e97512,fca741e95dd4f6e819bf0b52f5db1c51,delivered,2017-07-04 10:56:11,2017-07-04 11:10:22,2017-07-04 15:23:22,2017-07-10 18:37:34,2017-07-27,25717ae0545be030d9d478518f92ad0b,2017-07-04
6779a7a489f7ad48ffd7ac5472345008,4266afca0c5320ef5a9ea1e12fe55b69,delivered,2018-06-05 19:54:24,2018-06-05 20:12:23,2018-06-06 19:02:00,2018-06-07 14:19:00,2018-06-29,3c89f451f33e5467accf577c25ee075e,2018-06-05
bee3bdf96f440b4049e95e8eb6f64dc0,357bce4410edc8454d9c1448f5664305,delivered,2018-01-29 19:05:28,2018-01-29 19:15:32,2018-01-30 18:24:04,2018-02-08 17:28:28,2018-02-20,4281abcc0b76d02e8589776ce62ac0f2,2018-01-29
ad832112a0196e5b8a13913809ce4bb3,a39c552f30cd1264f0a5d5b351726d57,delivered,2018-06-18 22:46:52,2018-06-18 22:56:22,2018-06-20 10:26:00,2018-06-26 22:31:03,2018-07-13,b0e20a7858f68d8fbd69573b73cad53e,2018-06-18
d5327cd12ff03acd894459da5fdd2511,5cba34aee6ef2cdb57fe60ed3a7cdd8b,delivered,2017-12-25 17:14:48,2017-12-27 04:08:44,2017-12-28 17:26:48,2018-01-18 23:26:50,2018-01-22,28a116b50f7b859f0f5b113b87912738,2017-12-25
4db75bd1ea5ff7061d7e6d7e76328073,35273bc197dae9984f65ccc22835ad02,delivered,2017-12-12 19:48:27,2017-12-12 19:59:29,2017-12-15 14:26:46,2017-12-29 19:58:18,2018-01-16,12aa04b48dd55961bcb51058a09116da,2017-12-12
4eb3a441cbc81bd1c7d4449e569ae605,79a8a1cf74f02d3c312f7543733b8c85,delivered,2017-03-05 23:01:56,2017-03-05 23:10:20,2017-03-07 06:57:52,2017-03-15 15:11:54,2017-03-23,82e408d35b53ac7fd55751ae4986079e,2017-03-05
e146941ec77679464470ab928ee96e9d,2dd5f3fede0695d08c7f287426aa666d,delivered,2017-12-16 20:49:33,2017-12-19 09:53:39,2017-12-28 16:02:37,2018-01-10 18:10:06,2018-01-16,1fcf4a514d74065031ebd5ef88a56e9e,2017-12-16
7e7de734d9281a551ad36b6ea7fd0939,c9bf1c2a35cb8d2db90b70005b4ac102,delivered,2017-11-09 20:21:18,2017-11-09 20:35:27,2017-11-14 22:03:09,2017-11-23 18:08:59,2017-12-06,d9765609708be866e4027291acbaa5d4,2017-11-09
354a8fcde21bec79e0aa3a50dd54d72f,7928c61e59aa688fdb5a7b06f21dd431,delivered,2018-07-15 13:04:04,2018-07-15 13:15:14,2018-07-16 14:08:00,2018-07-27 22:31:53,2018-08-29,b075e85ca19660f96c0362d306cb2985,2018-07-15
a52aee7a6ea186be5b8217b9f7f93536,1c1df7dcccdd2656e83e5860953929ec,delivered,2017-03-01 10:56:53,2017-03-01 11:05:25,2017-03-01 12:13:06,2017-03-16 08:14:23,2017-03-28,1f968948ffbb74354eac12058c6fa4c2,2017-03-01
0d604e02c2216379b914f6ff1aadf8b4,d4cd2afe9a47a2d31ca0ec9495ff7dcd,delivered,2018-02-10 18:08:28,2018-02-11 18:08:25,2018-02-14 15:53:21,2018-02-28 18:29:10,2018-03-14,6f30e84188d9aa47cf1d4688763ef90a,2018-02-10
e53182bbd948b07916ff86a2b55978d7,463b9e51b7530105dbaf4649dd8edf99,delivered,2018-02-02 13:47:56,2018-02-02 14:51:49,2018-02-06 21:26:50,2018-02-16 15:25:02,2018-03-02,79d7df7851e3a54c145338044475bb46,2018-02-02
5672fc8f50b8761ce7d2a3ec4ffc2b52,a1931e533b6f995e49dba248308bf26f,delivered,2018-03-05 14:02:45,2018-03-06 03:35:34,2018-03-09 02:47:24,2018-03-19 18:33:21,2018-03-28,e0c42e9b0757216867fcad61d4d5bbfc,2018-03-05
1bebe97e9df4ee15bde39be078e3158c,e02861f7da5b2de55526846767d8a44d,delivered,2018-03-14 23:24:39,2018-03-14 23:35:24,2018-03-15 16:07:47,2018-03-21 00:05:22,2018-04-03,f061e9404e7db644745cb3f5e31abbe7,2018-03-14
f8d3de615070f9c52f027d7261cbdadb,cc8e327d0cd978f764672975bd8e32ff,delivered,2018-05-18 12:42:57,2018-05-18 12:57:45,2018-05-18 15:22:00,2018-06-06 18:11:56,2018-06-14,cb17ed1f2992268d2f0bbfaf47de2eff,2018-05-18
3d5315f37b47c3b1d6a340014b809cad,0095d34ddb16f0d0776fc9f2a341dfcd,delivered,2018-01-13 09:28:26,2018-01-13 09:37:27,2018-01-15 17:22:41,2018-01-25 19:41:11,2018-02-07,217ffba1efeab7f634bde4c18d312bd8,2018-01-13
4b257c5e6346b9b382c18364d6bf51c3,8f5c9f05443d58876bb8a1db1361cb98,delivered,2018-04-27 16:56:30,2018-04-27 17:51:28,2018-04-30 16:36:00,2018-05-04 15:35:43,2018-05-22,8f9517313e6e89e9b06e291f20087345,2018-04-27
382b9a329506a02938a67de41483aca1,2d5046b19aab3e813d3ac54f8bcf0481,delivered,2018-06-24 11:22:38,2018-06-24 11:35:50,2018-06-26 17:22:00,2018-06-27 13:31:17,2018-07-05,e9654a836f64cb00ad11b77449d17c92,2018-06-24
9e536c5c989c3bc5667dde34c3490e0f,e9bcc0ba339fc79fdcabb987eb0ff722,delivered,2018-02-16 11:19:10,2018-02-16 11:30:37,2018-02-22 20:29:03,2018-02-23 15:13:32,2018-03-05,07631da297e03969f8a504ce3dbd905e,2018-02-16
6b419016e8a779f8cdf6ee2f5ffb3b16,ab55ce847bcf2437caac0b471f3b826d,delivered,2017-04-30 19:04:30,2017-05-03 11:15:41,2017-05-04 14:06:49,2017-05-17 13:34:30,2017-06-01,4c4c121132c4347c450f800177cc47b3,2017-04-30
a7cf730b181e6cad8b924251402d001b,56f515316cc5a6a5dea32f233e73fad8,delivered,2018-07-30 11:58:55,2018-07-30 12:30:53,2018-07-31 12:06:00,2018-08-10 15:24:05,2018-08-10,78f899779d5eb5ea8554d6f21e1d1c9f,2018-07-30
0691840826e5dce3ddfb305ab26bcfab,c4df73f215e54692735130c2e738c177,delivered,2017-03-10 17:55:31,2017-03-10 17:55:31,2017-03-18 07:23:58,2017-03-21 12:47:55,2017-04-12,bd8bee2d841f2573c7c4f2d49dfdcaf0,2017-03-10
c6a2bdf8fa25475ae4031f5138c716fc,8d2c23936bd043095fced5ced7fc3bc6,delivered,2018-08-14 17:09:50,2018-08-14 17:25:22,2018-08-16 12:15:00,2018-08-17 16:50:33,2018-08-24,4388fb7d7e6d1b06402683cf1d1d7c80,2018-08-14
5351f503c54ee55d453e848ab9b922cc,3630d5cbfe4ca876909fde0c7c90068f,delivered,2018-06-23 16:35:10,2018-06-23 16:58:59,2018-06-25 13:12:00,2018-07-04 16:02:18,2018-07-20,52bfbce3fe777635d0c5bb7b948ea28d,2018-06-23
9815e3ce8d1f9d25cf9f0c6103a10aca,86f5e4e2914cb2be1b17a9f00508c0bd,delivered,2017-11-05 17:00:19,2017-11-05 17:11:21,2017-11-06 21:02:12,2017-11-10 19:58:37,2017-12-04,5b75fed624dfb67890f5d9345f4dc062,2017-11-05
5d909102ebc265d8d1dbb49204b5757a,cbe54a9694c81b90f1930a589d1cd7ac,shipped,2017-08-30 15:02:27,2017-09-01 02:30:22,2017-09-01 20:07:39,,2017-09-22,18d51447071afdf65f25d0f3a84444f8,2017-08-30
afa48e09396661173e0b57a4710203be,271532309e979a92079b633ba44e03f5,delivered,2018-02-14 10:53:01,2018-02-14 11:10:46,2018-02-15 19:25:05,2018-02-26 23:37:32,2018-03-12,1fd6006d97db2e063cb7ca06de81208e,2018-02-14
832bbf6ed9792bf0ddeca0d0c0d332b5,32c3fa602f85c45a42a760bf14fa4496,delivered,2018-04-30 17:27:18,2018-05-01 02:52:46,2018-05-07 12:31:00,2018-05-10 14:22:37,2018-05-24,fb2a4a8b0efceac76ea94727a3d9a9a6,2018-04-30
f67ff07d5c1841e866008c1475182efd,d12bb8ff8958d5df4b3cb1097be34ebc,delivered,2018-03-31 08:50:01,2018-03-31 09:07:58,2018-04-02 18:13:19,2018-04-11 23:03:18,2018-04-24,0eb05ce2891aa808fa85c4f574e08c96,2018-03-31
45c234fbd00219f935e5b58fb7a3ccc5,7dc8f3e38bcf588489577957f32c3808,delivered,2018-05-09 20:21:04,2018-05-09 20:35:24,2018-05-10 13:26:00,2018-05-16 18:02:42,2018-05-24,abab3da2c92a4c7309aa71d1e863296f,2018-05-09
cb7a2c6ea8712ab4fcb4f1c66a6ca274,ad5edcf8926b909a6d4f7a5290c8c3d2,delivered,2018-04-17 14:46:47,2018-04-17 15:09:21,2018-04-18 21:49:28,2018-04-30 18:27:46,2018-05-16,91ca441504e7018dc0b4091e133e126d,2018-04-17
0f12ca500bf6d01bb6283378c882b299,6f0be196c8d2d943f720d247ab3ac1eb,delivered,2017-06-13 14:34:33,2017-06-13 15:05:19,2017-06-16 04:17:52,2017-06-19 16:46:03,2017-07-04,3b51f6ee70604fadd9833add4fa672d2,2017-06-13
084420ecc28fd09f04b4d0c5fa9929e1,90ba3da08cd3de66690ac220e19e6cc3,delivered,2017-05-23 13:53:50,2017-05-23 14:03:21,2017-05-24 09:03:21,2017-06-08 14:03:12,2017-06-23,4d8247e1052e4c90d4f61adbba817df1,2017-05-23
fbbc9a4fa88f1ccd651790df665b3e57,eba930c3950c6964961c7c72f7f6a461,delivered,2016-10-04 13:30:13,2016-10-05 02:45:16,2016-10-09 02:45:17,2016-10-28 17:05:47,2016-12-02,30a38716bb2d04f12bb813aa2f926270,2016-10-04
c6e387c037a56bdb072d10c85f3f9fef,f1e32fb88dcd5796930da1b8d162494c,delivered,2018-08-05 22:15:47,2018-08-05 22:30:09,2018-08-07 14:02:00,2018-08-14 00:22:48,2018-08-15,b6a6794b5bbb57f333b1bfbffd5f4541,2018-08-05
18914d929964317dc0a002fcbbd70d06,e0903e2fa37760c105ccf0847c60aaa3,delivered,2018-03-26 11:52:14,2018-03-26 12:10:36,2018-03-27 22:41:06,2018-04-14 14:52:02,2018-04-20,369fa40aa2f76f5f02318fcf168fb686,2018-03-26
c45a8b174ec48970c3ab42171bc702fb,46d53525c7c06a217335907695daae66,delivered,2018-02-19 14:49:28,2018-02-21 06:05:38,2018-02-24 18:16:55,2018-03-01 18:33:26,2018-03-12,5884f473dc49754fcd3ae19b17466d59,2018-02-19
17efabe89f1697d9968991b0bd44edab,c23a45dc86efd0033431970e766c7d0c,delivered,2017-08-16 23:08:59,2017-08-17 00:55:17,2017-08-17 18:20:09,2017-08-18 17:28:30,2017-08-29,c2f69b86f8da72ec2a3f3dfe51490fa9,2017-08-16
c02737a2fbe69425f792820b6a2a0100,26557dff72f0081407a81906161b1589,delivered,2017-05-25 00:00:49,2017-05-25 01:25:29,2017-05-30 11:59:22,2017-06-06 14:10:44,2017-06-14,d2ac3365ba6aa10da085629ddf1b4dab,2017-05-25
48c159ee1d25916d79ad14e2160a0d31,2c370cb2b4ffe454319836fb3c4dcb43,delivered,2018-01-20 15:39:57,2018-01-20 16:00:32,2018-01-23 20:36:58,2018-01-31 20:46:03,2018-02-16,c988628b7bc5d9c645eb7a3a66f31b46,2018-01-20
6b75c3e52a1fb04bd0b4f1975febc486,e8bfce998bdf363fe7a15422b17c1597,delivered,2018-05-09 17:04:10,2018-05-09 17:35:59,2018-05-11 14:40:00,2018-05-14 13:49:03,2018-05-17,5b59166412dd5595f77a43b217c39132,2018-05-09
58700fd516967486aee98fbae1357e8e,788dac11817a875f382a5508401263a6,delivered,2018-05-08 18:49:49,2018-05-08 19:12:09,2018-05-09 16:19:00,2018-05-14 17:36:37,2018-05-25,5fc83bb0147f47e8b42d5896167bfd4e,2018-05-08
0830f0655920234ddca71663beb629cb,f2b116ce59897374113843d3aeb83296,delivered,2018-05-23 11:23:55,2018-05-23 12:14:50,2018-05-26 08:33:00,2018-06-08 20:13:49,2018-06-21,eb1faa229f6f90a313a4f271bfe1ca4c,2018-05-23
b5569f238f8225742a0ca65b827d0456,d4c547df5739177e4e0b58fbf2004186,delivered,2017-12-16 14:02:34,2017-12-16 14:10:26,2017-12-19 22:33:32,2017-12-20 20:28:57,2018-01-05,bddfe291329cddc03ea5da8ff92f677e,2017-12-16
4a24776627df4bc781c16431b844580b,a2d6e6b9e568d043e74f9f63655869c0,delivered,2017-12-18 19:58:34,2017-12-18 20:58:28,2017-12-20 00:48:24,2017-12-20 22:24:28,2018-01-09,ed46625f931d5a320538b7d1fac83fc6,2017-12-18
0646e0e4885dd8c69dddd6b2742b3b1b,c1f4934a2867529428088c9305287625,delivered,2018-02-07 14:58:06,2018-02-07 15:11:18,2018-02-08 23:22:02,2018-02-21 16:28:55,2018-03-13,30e269835796f0c3a4df81efc2ecdb8a,2018-02-07
3c6994e721ea58dd051b6e7d3a4796dc,0a6591b5ec17ea92540a164d1cb6f495,delivered,2018-04-26 17:28:25,2018-04-26 17:52:39,2018-04-27 13:38:00,2018-05-03 19:48:25,2018-05-24,5d631fc8788c144db8caf96b4f387e4b,2018-04-26
916c2499702d55aec9cbad34aedd29ec,153b331aeacbfe9836a87b7d75a4bb2c,delivered,2018-02-14 15:02:34,2018-02-15 16:30:31,2018-02-23 17:06:07,2018-03-08 21:58:30,2018-03-15,c054ecafd9a406747428899b48fd7447,2018-02-14
d39ad9ed7c8e172c6d6652a7480c7dac,9bbe61b2cd24f71cff01923e6fa61a0f,delivered,2018-05-22 17:44:23,2018-05-22 17:56:36,2018-05-23 13:51:00,2018-05-29 16:38:33,2018-06-11,44ea706fb81095a0733062b1fef02026,2018-05-22
5e99406dbc4e63affa6367a3fd43c8af,ba4243d5a61ab6bd9ec539b7dacfb04c,delivered,2017-07-27 23:02:38,2017-07-27 23:15:06,2017-07-28 14:32:45,2017-08-03 22:34:55,2017-08-18,609f31e506f27d82d7ed2ffd75f1a80e,2017-07-27
3ccf1aa4144993ddec8287ef8ee0a107,0c13fc247a33558383e51e9021100f94,unavailable,2017-04-08 00:08:18,2017-04-08 01:01:21,,,2017-05-10,0f4b07a8468f03fbbe917a11f5e5ad86,2017-04-08
9d8065ae4c6f5725ee052d02ab00f64e,cc6f32c57316a3ecd76524cc0af10794,delivered,2017-03-30 16:36:12,2017-04-04 05:50:26,2017-04-04 14:53:57,2017-04-10 11:00:04,2017-04-27,82f78e34ccf4f5e160f2b36eef6aa1e7,2017-03-30
1051beca8c58b0961d179647df1deed5,a43fe83066c22526686da7a8a080b5b1,delivered,2017-12-19 15:54:17,2017-12-19 17:31:31,2017-12-20 23:58:58,2018-01-02 15:17:51,2018-01-17,65f6fec8322419f6f8c72a8603573596,2017-12-19
7f3dea4e160ba52140314c22ca67f1b3,12c3f6d88b89c5152b931cc20c797896,delivered,2018-03-08 16:13:01,2018-03-09 14:15:27,2018-03-14 00:51:37,2018-03-27 20:22:21,2018-04-06,8a7987cc7394a2990fd27cb4fce6fdc7,2018-03-08
1f5135a8f9c333ed6694338740b9fca2,58d0bd849f93e7fdc6dd79e62125e668,delivered,2018-03-07 11:05:55,2018-03-07 11:15:57,2018-03-08 19:38:31,2018-03-28 14:29:06,2018-03-29,2e525cdf401416a4b067a07bc351372a,2018-03-07
529abc5277ea995c10bae0fa1ffbe39b,1dbf8bbbc0b4a327e012452d038ce1c5,delivered,2018-08-21 08:08:54,2018-08-22 03:35:21,2018-08-22 13:09:00,2018-08-25 14:15:34,2018-08-30,2bbbb94ef81021f37a7adb3caed3a01f,2018-08-21
1335770a97f98c72818680ee3ff1d00a,6fc7836276b8f6772133106f0d3bbe55,delivered,2017-08-21 12:19:16,2017-08-21 12:30:25,2017-08-23 20:59:46,2017-08-28 14:41:40,2017-09-01,ece98a5dccb1e985d69a38d4e0f054e5,2017-08-21
da708bf3b3d18eabce89e0b1d84588d6,5f6bf39c32d968a0d4973f5172135f0a,delivered,2017-12-02 21:51:30,2017-12-02 22:05:35,2017-12-06 21:33:43,2018-01-18 15:22:45,2018-01-03,30274cfdf55a86a2825c5c8e18a6262c,2017-12-02
dade40d579e42a82a4744858cb60194b,50d1dbd71843c3b75aeeba7e4fd841fc,delivered,2017-09-28 10:31:40,2017-09-28 10:50:14,2017-09-29 19:28:57,2017-10-09 19:49:54,2017-10-26,a9eb99ccaa59fb6f67bdbb1ec6ca45e1,2017-09-28
4b8e1bc1ffc144019ac363ecc5236493,115b6f4638633b24cc0224855cac1198,delivered,2018-05-03 18:46:39,2018-05-03 19:10:31,2018-05-04 15:43:00,2018-05-10 02:08:49,2018-05-30,bf0249136d91311f55abe677e95da3e6,2018-05-03
7060af1357b2b39a2545d6f54b30c774,ef88187a0432a68c69a1bb4c27269999,delivered,2017-10-03 19:53:51,2017-10-03 20:07:12,2017-10-05 20:59:55,2017-10-10 21:04:07,2017-10-27,29457ea6cb4d58e67149f91c611002a9,2017-10-03
d6f91def52c69db1d3e017ced033ba87,cdb52b6ba19c4ce0374834096b3cb42a,delivered,2018-07-09 17:18:09,2018-07-09 17:30:14,2018-07-10 12:37:00,2018-07-14 12:23:41,2018-07-24,d55012402364b1bbf11acebba03863a3,2018-07-09
88cd032b0694e1962f187443cee16c68,0f2eeadf9d52a85421167c42208423ac,delivered,2018-04-24 15:05:10,2018-04-24 18:29:58,2018-04-26 06:13:00,2018-05-02 22:12:59,2018-05-22,c69959e16673ae5f9c12ba710a3110a5,2018-04-24
ee3a623a32094351b321bdbb22394aac,3196c3beb3aa69cc28f80f8b91eea45b,delivered,2018-02-10 21:38:00,2018-02-10 21:50:34,2018-02-15 01:25:23,2018-03-01 14:42:46,2018-03-08,d8d0db2e59c48dec4d157a06ebba01ef,2018-02-10
f8ff98a36706c66da3a3f060a0ec3141,5da482ec6bdfb14e5eee98fb3e445280,delivered,2017-02-10 12:04:19,2017-02-10 12:31:50,2017-02-15 14:11:29,2017-02-23 10:53:57,2017-03-17,dc450fdb03562a6d52752858f7855348,2017-02-10
885c678a9ef215e384152a0b5c203552,02be46fd7da5d6db853d074afda49477,delivered,2017-12-21 20:01:58,2017-12-21 20:14:23,2017-12-22 18:14:00,2018-01-04 16:49:33,2018-01-22,2a3a390aeb36e5103bcc66d2b8537448,2017-12-21
aa9807c58e870fca0fbe582723264ed8,07a0f2cfb244ec5172ac0fbec747a6f2,delivered,2018-04-13 10:30:29,2018-04-13 10:50:19,2018-04-18 20:16:32,2018-04-27 19:32:29,2018-05-11,020c0844de3cbc0e65fe2cd62ddbc985,2018-04-13
9035877d2e93658af3491ddef9ce8bef,a0f2152065622633e1a612832a2b84c0,delivered,2017-08-21 20:19:34,2017-08-21 20:30:26,2017-08-22 19:13:46,2017-08-30 18:17:53,2017-09-13,75800b0ae5ffd3c3644d11b36563c16d,2017-08-21
b18d6e6d7db27e38864c85a322985f77,fc97bd7a3619d6054f9443e2373391ce,delivered,2018-02-10 23:37:04,2018-02-10 23:48:25,2018-02-14 19:36:49,2018-03-08 21:06:33,2018-03-13,5013a21be537b267b46ed66bba6f171c,2018-02-10
dd0710bca2d815cf18148d1d9859fb3b,0d810a6e368123cbfa379829fa577fa5,delivered,2018-03-13 14:44:11,2018-03-14 02:48:54,2018-03-15 17:13:04,2018-03-17 01:28:26,2018-03-23,421787fea291a962c1ab57a6b26827ac,2018-03-13
1a8c264f168671d7d308cfbad9e54a97,836affa20111b7c25d6b51e6b8b9652a,delivered,2018-04-29 10:15:43,2018-04-29 10:34:55,2018-05-03 09:17:00,2018-05-09 22:29:00,2018-05-23,3a7a49bbcdcac2e84d2d9bc962094fcf,2018-04-29
1973095f2596945f9dcc773608d8cad2,412d6c1ff4aa0c2a06f3dca0b237e464,delivered,2017-02-08 21:42:21,2017-02-08 21:50:25,2017-02-09 10:31:05,2017-02-13 22:55:29,2017-03-09,22402241a536f3b7f3379cb89384565c,2017-02-08
c0f23917399cf4c9d0828ab1e16c86c6,ca92cc3dfe0de482fc21d131dde8d1b2,delivered,2017-12-14 16:15:34,2017-12-16 16:14:24,2017-12-19 22:59:27,2018-01-03 13:27:25,2018-01-09,f441430c304f487a44bae2e7d5c77bba,2017-12-14
b6be905f6deafa5ddd73c0152e4d4b3b,1c551577e8bbbcdb2f249d626bf53c66,delivered,2018-04-23 16:53:50,2018-04-25 03:15:17,2018-04-25 14:20:00,2018-04-30 19:32:12,2018-05-15,c52d0546d8510eee1e028d3a61e2c53f,2018-04-23
3f6a8913c968855b8dd129dabbaae898,acca97f4d0abe8dafafd927ef3672311,delivered,2017-10-30 01:00:25,2017-10-30 01:15:12,2017-10-30 21:37:56,2017-11-07 21:44:53,2017-11-24,e541d15b79552b38497d6c93c45e664f,2017-10-30
69d4294063f1e2fbebd209b66859d9af,1bd1e6d22759c7888a77e7b769be18e3,delivered,2018-01-29 22:29:48,2018-01-29 22:53:28,2018-02-03 17:14:30,2018-02-16 17:19:04,2018-02-23,ddf96d7089f964622bbf0f084790f3bf,2018-01-29
bd83663c5988e9ca4ca46398be4678b4,5811b9da44294be51b789311b0a3347b,delivered,2018-02-28 19:25:05,2018-03-01 17:35:25,2018-03-06 23:33:06,2018-03-20 02:07:26,2018-03-22,f9c08f7ee7f9669d0aaff32d5ec61d07,2018-02-28
552e0a8dae101e32155120202f427b71,d1167e026b86aff77a4599738bf972dd,canceled,2016-10-09 11:23:21,2016-10-10 08:35:12,,,2016-12-12,0659f2d6cabae94afd4d009c6d0e07dc,2016-10-09
74f833bf7c70ce8c3f820f725c213e1c,fffc22669ca576ae3f654ea64c8f36be,unavailable,2017-06-30 11:21:11,2017-06-30 11:30:20,,,2017-08-01,0f21adf44f13a61282678a89f6433c10,2017-06-30
1deac17b4e5cbe75d56fd0d33882ea20,4c561ffd312db62fc188efa729a06a0f,delivered,2017-08-03 17:02:03,2017-08-03 17:25:15,2017-08-04 15:05:54,2017-08-15 15:19:59,2017-08-25,5e619209a456f600c58ffe4d1efebe45,2017-08-03
31872f695709e7f0758597816a444cf2,38960f9258200778a67efec78cad0f77,delivered,2017-11-26 01:29:52,2017-11-26 01:37:48,2017-11-29 20:41:12,2017-12-07 17:59:03,2017-12-15,a2126c107983695c960ed26bdca2ab3b,2017-11-26
7427328e71c167789ed4cc67e9f7a336,47d33f5d74774737d2989610a84d1150,delivered,2017-11-19 16:02:53,2017-11-19 16:15:25,2017-11-22 22:58:27,2017-11-26 13:43:12,2017-12-05,41f5319c0244bebba3ff75f2af7418e0,2017-11-19
65fa0c3f03d571db6d7c52f069c1fb15,a60109add62e2f52526eb5cc00aac707,delivered,2018-02-26 09:41:21,2018-02-27 04:31:08,2018-03-02 18:27:31,2018-03-06 20:21:58,2018-03-20,ec449149317e67f234b1cf7fe9fc966c,2018-02-26
d70eae092adeb15c5bf4f8aba1819cd2,b532f55f394823c201ee11287828d37f,delivered,2017-09-30 15:13:39,2017-09-30 15:24:36,2017-10-04 01:35:03,2017-10-05 17:14:49,2017-10-18,49e74f85fc009e667f1c485c5ec2c98f,2017-09-30
684c4647b0588cd3843f5a33ecbc8106,246b9bfa838a807621fd6582f7516283,delivered,2017-09-13 09:12:10,2017-09-15 16:10:15,2017-09-18 17:19:40,2017-09-25 21:29:34,2017-10-05,d2689462f11aec2bd4c942d59046bdd8,2017-09-13
ce9a38787c8e09ef2239972b3149278c,3052596732f23f7b62734934adec1b8f,delivered,2017-12-19 05:16:33,2017-12-19 06:18:24,2017-12-19 19:16:11,2018-01-06 15:16:19,2018-01-12,ec7f1811826ab04a27a92197bc40c888,2017-12-19
f8268f009c38528d7c7840a5d46ef8ca,0c32394f859ee81240ce97610eb2b6af,delivered,2017-09-04 21:37:42,2017-09-06 06:35:13,2017-09-06 20:10:11,2017-10-02 18:13:31,2017-09-25,929f9299271c7c31c370be4cd8e8675d,2017-09-04
17d98bdb9b550bc6b435062e09aee717,30855ac5f2f9f4dae0c312cce212cd43,delivered,2017-07-22 02:13:28,2017-07-22 02:25:37,2017-07-24 15:27:51,2017-07-31 19:24:35,2017-08-15,4dd12fd555c1b5fd9ce1566838ccb99c,2017-07-22
8c0d6c9f5d9beccd28f857ceb4ae162a,d0f6c789d58ed1b6cbc9a20dc5cee270,delivered,2018-08-03 23:23:50,2018-08-03 23:35:14,2018-08-07 10:52:00,2018-08-14 22:21:53,2018-08-16,7955f38fdbf226214308c5fd11bf43b6,2018-08-03
cb269e12d603437a1a1a1bf4c27c3716,77690d0a12f96fb7df1fc77a890a19df,delivered,2018-02-09 00:48:46,2018-02-10 02:36:08,2018-02-10 17:53:13,2018-02-27 17:04:15,2018-03-16,1aaf4012c7e44f934af17ec7338166e7,2018-02-09
ad50b3e99e09552a58e32f928d4c0ae2,89dcdb71933e713bf99ebb5dcd092bd3,delivered,2018-04-23 19:20:39,2018-04-24 17:12:06,2018-04-25 10:34:00,2018-04-30 13:18:41,2018-05-22,dba72e0fad8d5b58bfa4df4d0a48f044,2018-04-23
21b6a31c126b44d94eed3a4ee2e739c6,eee169f64c12a6d94718c77899c8c593,delivered,2018-03-18 20:38:00,2018-03-18 20:50:49,2018-03-19 21:48:37,2018-03-23 02:22:32,2018-03-29,19eaecaa3d7ca2b7c480e3ba0452e598,2018-03-18
a97278b621a4dd5b9a74995d6f72abfb,3853318e172a57acf28ce004da061c24,delivered,2017-05-07 17:52:22,2017-05-09 09:35:29,2017-05-09 12:44:25,2017-05-19 13:10:02,2017-06-02,b4125510d33b4b70c6752dc9b732fe79,2017-05-07
04e86e883a36a0775ecb4f34f581770d,5d1fb3630f0ac05b294ead6d1537be4b,delivered,2018-08-20 14:38:47,2018-08-20 16:30:34,2018-08-21 15:12:00,2018-08-28 13:41:56,2018-09-05,e7377e409d6dc9d17393a8fe0bfa8f17,2018-08-20
026a8d09914c519feb34944477b6bd41,47a9d5ffbfeea9fd0290d4c461d7a169,delivered,2017-08-27 12:57:14,2017-08-27 13:05:13,2017-08-28 18:56:06,2017-09-09 14:03:10,2017-10-04,9523a33b8bbf4b4f0d9b0b202ef25721,2017-08-27
9c70736fb3a0b0f4432c9fa2798a2dcd,a84a9b8d2b70bff50d9de093b75a0ca1,delivered,2018-06-05 22:29:49,2018-06-05 22:51:32,2018-06-06 11:51:00,2018-06-13 19:12:48,2018-07-25,9003651988893817c9aa2fba972a0e26,2018-06-05
08662c478bed0444d0515925af759547,e386d59b64144f2d4ec3ec84de244059,canceled,2017-03-20 08:00:14,2017-03-20 08:00:14,,,2017-04-17,d87ff1b86dfffa84cd599bb3ba26dc74,2017-03-20
e37c6e0e29cea4a2454fbae6a62f2510,ed5ff2f9847b4a2dfef2417593b8681c,delivered,2017-12-30 19:46:45,2017-12-30 19:56:24,2018-01-10 00:55:07,2018-01-20 11:36:26,2018-01-24,3c2a97cc977e6b7f4eeab885252bc841,2017-12-30
6c2d59da80e4b0747579205a5f797713,2ed23d0b14b869317beb27fb9c91db68,delivered,2018-05-02 11:23:40,2018-05-02 11:35:16,2018-05-04 13:33:00,2018-05-09 18:38:53,2018-05-30,69dddc9c5b3a0e2641f9431e8e1241b4,2018-05-02
25c0c95ad63107ee2478a09c851a6a67,4aca981c051364d3833ef3371b943fbc,delivered,2018-07-11 16:51:27,2018-07-11 17:06:04,2018-07-24 11:15:00,2018-07-30 15:58:48,2018-08-16,c253ba2b38f40b2553ee488a4dd05451,2018-07-11
fb557db0014de7f9f688c2fc73b5d80f,5fcb697f25738603217969e82ae5db49,delivered,2018-01-19 12:28:33,2018-01-19 12:36:28,2018-01-22 21:21:49,2018-01-25 00:05:08,2018-02-05,1724d0105feee7547c23e2d420d70976,2018-01-19
65a8df3dfc633bab93334857a125db21,680a424fc0bbea603304b1e6da2a6183,delivered,2018-07-21 16:34:15,2018-07-23 11:31:49,2018-07-24 05:55:00,2018-07-31 18:17:35,2018-08-17,575e4f30d7ffab952c6968c7bde8ee45,2018-07-21
32a9c2b7a764ba82d9f45c94152f4679,62af26009dfc1fafdd4d241afc191164,delivered,2017-12-26 20:59:11,2017-12-26 21:09:26,2017-12-27 22:29:20,2018-01-08 22:55:07,2018-02-01,b521196503d4b7bf29f10ec6d777d754,2017-12-26
2122719f6fc72fba16b0b3001d539a7e,9b827375ba57d2e979329d7a5c92685d,delivered,2018-01-16 11:51:45,2018-01-16 12:16:48,2018-01-17 16:49:12,2018-02-06 15:32:02,2018-02-06,dd7b0e9b51e5377bd9c1fd3e286c7b9d,2018-01-16
0855f6a946e8c4bef27d0ac24e524554,c45b721a4fe80b289c98bab24a42c7be,delivered,2018-02-25 16:48:27,2018-02-25 17:20:28,2018-02-27 15:51:46,2018-05-02 22:06:59,2018-03-22,88be09e602c24467b578831007dfac68,2018-02-25
e79251fae4e104ec51b1ba71a53bed1a,00c32f58ea39ae8132d9b1a32b81b167,delivered,2017-05-10 16:06:48,2017-05-10 16:22:43,2017-05-11 17:05:02,2017-05-18 14:49:57,2017-06-01,0181f57a87c6a2f0e0fe2807f67aef0e,2017-05-10
d5cac48034e29bfee12d867943eb64e4,425155a11b6f32b0d1978ea628c0b1da,delivered,2017-07-06 10:10:12,2017-07-06 11:50:17,2017-07-07 12:26:57,2017-07-13 16:43:28,2017-07-31,464f1dd8b46e09ffc91c93bf48237bf2,2017-07-06
85e425a944864c82f7b772da2ac0e2d4,f2ff0d9dacfcb09769716880fb94eccc,delivered,2017-11-13 14:19:01,2017-11-15 03:06:41,2017-11-16 15:36:59,2017-11-27 19:04:04,2017-12-13,1d6ef3948c8800fd687fbeab2bb7f5e2,2017-11-13
40cd91f7288925344c6b40edd0836c3f,8423a6559b5a7725b82a75775a5acd64,delivered,2017-02-11 19:58:25,2017-02-11 20:10:17,2017-02-14 04:04:25,2017-02-25 09:21:23,2017-03-16,b1624ba38ed1e56d3c2eab63b8f0a66e,2017-02-11
30dfb5b33bf44683be3e2f7df4bdd769,cc02ad21fb07abeabe093734798e43d2,delivered,2018-04-06 18:53:10,2018-04-06 19:09:17,2018-04-09 21:47:35,2018-04-16 21:28:41,2018-05-15,b19590f18f717140365a5ff5176e02da,2018-04-06
e573367a96703bbbe12a217e5b8b507a,0a294f6feee3dca1eea543e55cd74919,delivered,2017-08-15 21:35:31,2017-08-15 22:15:18,2017-08-17 15:18:29,2017-08-22 17:21:42,2017-09-04,e90672947d557c841beb5ce7348fbb38,2017-08-15
c03a1a47065000233e19e37a01eca310,4dd50db22d8966118f82f5157168f4c6,delivered,2017-06-18 00:06:49,2017-06-18 00:24:57,2017-06-19 15:06:52,2017-06-27 09:10:47,2017-07-07,f921e72a51e1504d539c7dedad1ebb9e,2017-06-18
a542a9cfa2781b4971db13cbb7ac88e2,13c42b04f9582eada34a2cb0401c76f0,delivered,2018-03-13 23:04:33,2018-03-13 23:15:33,2018-03-14 20:32:43,2018-03-20 20:40:43,2018-03-29,b4172928c1173b4193342c1db12c956f,2018-03-13
6b2134214d3f248bfc733cdf51e7faf2,0f6b9fcb5ee53a6b722144800723d9ca,delivered,2018-01-06 23:41:31,2018-01-06 23:52:20,2018-01-09 18:24:23,2018-01-10 21:22:22,2018-01-24,284f44c1d48e069bf008552a4ab3b776,2018-01-06
97d3870e43e40f4dcac70eec95a6b146,6b7021aa2622618c2a5fe9639f8282d2,delivered,2018-08-10 12:23:32,2018-08-10 12:35:24,2018-08-10 12:11:00,2018-08-23 22:48:34,2018-09-18,615090ca899dcd8385b019b4092c57cf,2018-08-10
86c4eab1571921a6a6e248ed312f5a5a,c6695e3b1e48680db36b487419fb0398,delivered,2017-03-18 20:08:04,2017-03-18 20:08:04,2017-03-20 11:57:39,2017-03-24 07:47:55,2017-04-03,011875f0176909c5cf0b14a9138bb691,2017-03-18
bc14e28998f2436b7a9adbaad226703a,6b303d3b8cdd5fbdbeefea8874d5bbe0,delivered,2017-05-24 20:38:05,2017-05-25 03:05:23,2017-05-25 09:31:02,2017-05-31 10:26:54,2017-06-20,d3ec7fc778291d87a83b1ce499f5a142,2017-05-24
3560c6ab31e12b224c896ad27f2f5ecf,ff00aea6569bfcb8e1fecf3f0b0fbd1f,delivered,2018-01-04 23:01:56,2018-01-04 23:11:42,2018-01-10 16:15:54,2018-01-16 19:33:35,2018-02-02,35d6e6ac9c5791ce8e1070e20d78eae2,2018-01-04
07c7fa36b89dfaf7267abe05818b2322,1dd0b0f0f377a25ba431324492636237,delivered,2017-05-27 09:09:36,2017-05-30 05:02:37,2017-05-31 12:46:35,2017-06-07 16:32:43,2017-06-20,752b88396e2019ae498034f10cc14e43,2017-05-27
7beaa9cf684b466e527383b1ca40fe07,2bbf7f0d933e52c5f49be30d8cead4a9,delivered,2017-12-02 15:16:36,2017-12-02 15:30:45,2017-12-05 21:22:05,2017-12-18 21:23:21,2017-12-28,7a1de9bde89aedca8c5fbad489c5571c,2017-12-02
920b7ed9f8f073005d0fcea7fe293bd7,069e2c889baa038cfaa80e585474c3e4,delivered,2017-05-31 15:13:26,2017-05-31 15:30:15,2017-06-01 14:05:46,2017-06-22 14:52:55,2017-07-07,3094d5cf2c1847c0254efd9931e407d9,2017-05-31
d36c9e6c91bc20393532ed865c34911d,32b86a6966300a4fb6b8aac0937b6c02,delivered,2018-01-30 14:41:29,2018-01-31 13:31:57,2018-01-31 22:48:49,2018-02-03 14:03:32,2018-02-15,18d9b0fed8328d847cb754ceff384ba3,2018-01-30
45f4469896c24f0ab44900f3bc3eac3b,21aa64991ef081388f1b8332dc857f71,delivered,2017-06-13 12:19:10,2017-06-13 12:30:32,2017-06-14 13:25:06,2017-06-19 19:41:44,2017-07-10,9fac43aa54264482209de2caf29b084c,2017-06-13
606e46b9fdbb0ac8a069541c9223fc19,164baa0609f021bbb59ebed4e637c0f2,delivered,2018-03-26 09:57:23,2018-03-27 04:08:11,2018-03-27 20:48:55,2018-03-29 22:45:28,2018-04-06,e76177739dd6bbcb7a6612f4beeffadd,2018-03-26
455a06b2c87c0974656c52d6f315d56e,884c6fcc38be57b16cbec285de9e6513,delivered,2018-04-18 16:38:34,2018-04-18 17:14:34,2018-04-19 18:19:25,2018-04-23 17:32:32,2018-05-07,507422e1715b61956bfd94252dfe806a,2018-04-18
fc8a4fcbc1b484046b9ff15de7c73577,48ce8cdeb8bb76e0593b9fcdce0b453e,processing,2017-05-19 16:14:42,2017-05-23 03:55:21,,,2017-07-07,6537286a5400c1e8bdf18907d66ff843,2017-05-19
146653c3bdb71372b190b10dbaad0768,29713fe2438293a3a4d777e9760d989c,delivered,2017-02-23 13:41:19,2017-02-23 13:50:12,2017-02-24 09:31:26,2017-03-03 10:54:51,2017-03-27,aac0840667f5276a8d6b55f34d346b71,2017-02-23
6a4bb813a7219502638206778564481d,86be5e5905f155c3f5df8928ee78cf54,delivered,2018-05-19 11:16:55,2018-05-22 07:55:07,2018-05-25 08:53:00,2018-05-28 15:46:43,2018-05-30,7b0eaf68a16e4808e5388c67345033c9,2018-05-19
529a65336debb1c3e3327d7d67dc733d,37b891af1e46170207e5e0dcb2f88dd8,delivered,2018-08-22 18:47:03,2018-08-22 19:04:29,2018-08-23 12:08:00,2018-08-30 20:51:26,2018-09-14,9cd376adbdfaaafcac4c330f970fba56,2018-08-22
6582bd326c3ec7cbdbb8a6f353187a02,61b6dbfed29a1de3ca3562121987b249,delivered,2018-01-10 10:32:16,2018-01-10 10:49:29,2018-01-11 16:53:21,2018-01-19 00:26:42,2018-02-07,7bf3fced4decee3bc4cf1917acccbd24,2018-01-10
ecc8938463a0c1e33dc2b5d4e1139146,dede24a5c9620b955fe473970014f937,delivered,2018-06-18 23:25:55,2018-06-18 23:57:03,2018-06-19 11:52:00,2018-06-22 15:08:36,2018-07-11,eeb40a1c2f9b56f9ef3166fb50b3de81,2018-06-18
863bc53446a20a42457cad19cabdeef1,9082e3ba2159eab131ecb540d6c3c08a,delivered,2017-10-09 21:29:50,2017-10-09 21:49:30,2017-10-11 13:37:37,2017-10-17 20:09:56,2017-10-27,2927f7302f0f065ffa193264633d57b1,2017-10-09
153c747d415ed770cb8b8e14b85f8df6,9627318bf0b057db5f3f7a30c11b8149,delivered,2018-04-26 11:23:57,2018-04-26 11:35:13,2018-04-26 12:29:00,2018-05-03 20:48:29,2018-05-28,7637374897b2019eafd2a3cd5a0c5581,2018-04-26
90eaac01afdf4e531a70ad869e092c75,9989fec0cc8309e9afcb1da811943f3a,canceled,2018-06-05 15:15:24,2018-06-05 15:36:54,,,2018-08-06,cd71c345cffd7d0edcfa17034446350b,2018-06-05
ef524a601004635e7bd1ec43937e961f,cbf6862136b197affc013850088fbfb9,delivered,2017-10-18 18:20:00,2017-10-18 18:37:22,2017-10-19 21:03:00,2017-10-24 20:12:14,2017-11-07,95baecb5aa54613f5f12d62b712e4ca1,2017-10-18
51e0963a3562ca3d9929bf37f3f07b2d,87cb4db5eac48b869383e2944a2ba62f,delivered,2018-03-19 12:36:57,2018-03-19 13:29:23,2018-03-20 18:02:15,2018-03-29 22:21:06,2018-04-10,39decd49011e04289788631c09a32f3d,2018-03-19
840ee6b10ece14a3b4612f72e1fe6c75,83669924eef714e9bb9d979ceb69430b,delivered,2017-10-22 01:00:13,2017-10-22 01:07:22,2017-10-25 18:19:05,2017-11-06 16:31:43,2017-11-13,47536cd28cca4c60e0a137015f51eced,2017-10-22
a429d645df763ec22a5f95121ca76adc,3ace7f95870c2cbbefd8afea56fb3ff4,delivered,2018-02-08 02:07:34,2018-02-08 03:10:44,2018-02-15 00:56:37,2018-02-20 17:48:58,2018-03-06,8b5f8ee5ad174fa101cd72f3fc95b7a8,2018-02-08
22c129d6b11c5113aafece4670d8719d,9eb45fdc6a2ce8a586c45c00c905ba81,delivered,2018-02-11 23:36:34,2018-02-11 23:50:34,2018-02-15 22:23:57,2018-03-06 22:49:41,2018-03-14,db49b0cc5455bb95b2511a5b3f9bdafd,2018-02-11
705bc68dd9abcfe7d39ecf21e897a250,d8b96ce90eca97230eacd6cde064599d,delivered,2017-02-07 14:56:25,2017-02-08 03:10:14,2017-02-08 11:42:21,2017-02-16 15:27:50,2017-03-10,3c1d05557963afea125a75612f798c3b,2017-02-07
43744ad15fef908c8dfcbd7fec0d786e,e5f3f0577df1f93ff3a2a1544a1c759a,delivered,2017-11-26 00:01:32,2017-11-26 00:21:39,2017-11-27 18:34:47,2018-01-19 21:54:03,2017-12-20,5ecd275ec507c48761d4475beb35ddfa,2017-11-26
d5cdfc6d738b9bc83cd8931b0805a04e,1d39877e0dfed5772a3ac4b169a1adc6,delivered,2018-04-21 20:29:26,2018-04-24 17:24:39,2018-04-25 01:12:39,2018-05-03 17:58:36,2018-05-18,48eb15c28a364993587bf0975652a2f2,2018-04-21
2b25bdbc985fdd953cced7c3fdf0a2fe,fc97d833da914adb3fc0e265d67afb35,unavailable,2017-11-18 22:23:44,2017-11-18 22:35:25,,,2017-12-26,607610d757051cd95b4020d13ddd6ec8,2017-11-18
09f52f8bf94d5676c277ef72ec077c75,d5423abe53211c09b861749714edf109,delivered,2017-08-10 12:51:21,2017-08-11 04:15:35,2017-08-15 20:48:45,2017-08-24 20:45:33,2017-09-19,abbf98c4b6e413fe48405159b17f9a51,2017-08-10
71b17a1dca06f13bc0c69595e244d3e7,16762c606d8fb8248ef79a8829ced0c4,delivered,2018-02-13 13:27:43,2018-02-14 13:25:29,2018-02-19 17:29:05,2018-02-23 23:52:52,2018-03-13,75f027e404bafee7dc2f144619bdd894,2018-02-13
460e7c2c52aecac706c288aab6a044a0,29ab23f8178580030437fa4cf68111c0,delivered,2018-02-01 17:11:21,2018-02-02 02:54:08,2018-02-02 17:44:22,2018-02-23 22:51:55,2018-03-06,1e7f3aa3342ec8a73253416133167cd1,2018-02-01
3384b2cb08c73583bc2aaa2aa30fa754,6584b8bd4b16fea35f0561ee43ffbc1c,delivered,2018-08-19 13:41:46,2018-08-21 06:10:11,2018-08-21 15:01:00,2018-08-22 21:18:50,2018-08-24,4cb2715411a93edcb78bdc928dc13ba7,2018-08-19
096577992f6aef252ccc5ae7da09be09,a42447b983a2d2bcb002ec960a183f75,delivered,2018-01-06 11:33:27,2018-01-09 07:19:59,2018-01-15 19:48:04,2018-01-27 16:22:34,2018-01-31,0083e758383b3deb6c6dac1b0b431ac0,2018-01-06
ef550f62ec27edb97da9740b46ebfe75,de4229d4fd98b7118bb6b61817dfe6b7,delivered,2018-05-11 10:41:18,2018-05-11 10:58:15,2018-05-16 14:06:00,2018-05-21 20:21:52,2018-06-01,d14bfc94c86f2e6ff9457a246158d663,2018-05-11
ad6752c93490621478814d2383b62f89,675e27f6a4dfaf0f608131decc38c806,delivered,2018-06-24 18:49:53,2018-06-24 19:20:10,2018-06-29 13:59:00,2018-07-07 02:56:55,2018-08-08,01ad914ceb44eddfbf992570e6a5ef49,2018-06-24
878a0241d449fe7ea1bec1cf145b9c9b,05b357d5f3d9238e50e813409c956445,shipped,2017-05-31 10:24:36,2017-06-01 03:50:21,2017-06-01 14:38:50,,2017-06-23,f163051a709c21d669ab7c6db86a8770,2017-05-31
7deab6cbf9343cb7de4da33281737c34,8438a6d829c672615ad8ae27f16d586c,delivered,2017-08-09 14:38:26,2017-08-09 14:50:07,2017-08-11 13:36:57,2017-08-21 15:24:58,2017-09-05,7288bc3bc7d492c25d872ceec73be478,2017-08-09
6540a36b3dd6a4a0922d5f57d493d9d6,4a5ad00d2abdca6e32331bfa18f35b4d,delivered,2018-01-19 18:52:30,2018-01-23 03:39:20,2018-01-31 18:23:48,2018-02-08 19:48:21,2018-02-22,85d5b68b9a95c88eec23d3a96287d9c8,2018-01-19
bf247f0c5b4e3a8993f0e0e1f0d4ff87,31a50cd525a1d809fbc5b380d8ba037d,delivered,2018-01-18 13:08:18,2018-01-19 02:38:02,2018-01-31 23:49:08,2018-02-05 16:08:53,2018-02-02,55bd4e233a0f19fd2598ad4a5a031dc3,2018-01-18
c5ba516dae0f7c34ba8ad92dad570249,7e65f2e10589a7e3149badfe2d5ccb42,delivered,2018-08-26 21:01:53,2018-08-26 21:15:17,2018-08-27 15:52:00,2018-08-29 15:52:33,2018-09-06,21c746e9ba5ae5956248b2db75515483,2018-08-26
d0f0ec7e22ebd766e50d03a17652d61c,a2c8705843d7d617f4e68ee0f7fc7485,delivered,2017-08-04 10:33:43,2017-08-04 10:50:25,2017-08-04 15:25:54,2017-08-07 16:05:37,2017-08-22,ce01b4b6e8ef12fa28471d244ab0ed95,2017-08-04
67660568d9fc745c94e03b88efcf3571,a795b1e1b0e2f4f0f620f2579fb2436b,delivered,2018-08-05 14:31:25,2018-08-05 14:45:18,2018-08-06 14:50:00,2018-08-10 21:08:48,2018-08-29,1504eefae6728d7313abdf9939af2443,2018-08-05
3e08073801107359115073f8d03b595b,c3211ae63a4814cb50a4d202e924fb5f,delivered,2018-08-12 07:47:57,2018-08-12 08:04:27,2018-08-13 12:26:00,2018-08-14 19:02:13,2018-08-27,327cb0a898628560f2f09ecb14d4cae7,2018-08-12
44c4f29a13457f2c0e36f5520a215609,40f3d39b72c64330683a6cefcd65219e,delivered,2017-12-16 11:27:49,2017-12-19 09:58:29,2017-12-20 22:34:12,2017-12-27 15:04:22,2018-01-16,67f9b5c523158399b3d195486f8ff93f,2017-12-16
c7ffd8434c98d275690e80f967a3be3a,755071dd68e519ca13dc77e70fb98710,delivered,2017-05-02 17:07:34,2017-05-03 11:50:23,2017-05-04 13:57:34,2017-05-17 08:32:19,2017-06-05,793023a2f25ef26e2f3a5c277e416ea8,2017-05-02
e46119979412748c23fd41c1e021f924,e9d3dd45dc2b3461b82f3f0ae79eb841,delivered,2017-06-03 18:08:12,2017-06-03 18:22:04,2017-06-09 10:00:16,2017-06-14 14:21:44,2017-06-29,d96bb6f6b3c0b6dc875592a3d7019c82,2017-06-03
4045e63d7fe9fce2f38928253adf5c2d,3549ac65c13f53f1a5f9bbca1faa3c2b,delivered,2017-11-15 12:06:24,2017-11-15 12:26:27,2017-11-16 16:22:28,2017-11-30 22:21:30,2017-12-13,cce06cb2bf225be85a514a18c04fc14f,2017-11-15
52932a42bc7180b8f5cea527f7e27a34,b5de40d2baddfd6a1e20226ed8b7db0d,delivered,2018-01-19 13:10:46,2018-01-23 03:36:52,2018-01-23 22:55:21,2018-01-29 19:05:32,2018-02-09,ffbe02226141ca45932dddadda83f9bd,2018-01-19
93bed0379e664bd3651c25c95358787b,060e0b4c512c109c094bcfddc0416ea3,delivered,2018-04-12 22:21:56,2018-04-12 22:35:15,2018-04-13 17:32:26,2018-04-21 00:46:49,2018-05-09,51d1376f40a9251096fce6865ce96e59,2018-04-12
2d5adcccaa6ce21103988fcb96940e78,eb5f11a4a8e43ee25254e6b0fa4b078c,delivered,2018-04-04 13:11:58,2018-04-06 03:10:17,2018-04-11 00:32:28,2018-04-18 22:46:48,2018-04-24,6367e14c6745a59bbda1939dec7ff914,2018-04-04
674e45aba407b4682730ef7ad708cfad,b04b6615b7d79aa0f12528796729d1f4,delivered,2018-02-14 05:24:24,2018-02-14 05:35:23,2018-02-21 04:09:56,2018-03-08 20:01:33,2018-03-13,b5b126735fec32e7e73faab5583ff083,2018-02-14
054d2d649e0904dbf1f19399094f2826,487a1ff2c6a61d9df9dcd8a94c3914c2,delivered,2018-01-10 15:54:50,2018-01-10 16:10:08,2018-01-11 18:39:53,2018-01-17 22:21:38,2018-02-05,cd6173be20a8569b0c08caa941074ee0,2018-01-10
2c440021d0192a2432f4662fc27225d4,c4882b6422ae0112b71542fdd04b7071,delivered,2018-06-13 14:20:45,2018-06-13 14:39:49,2018-06-14 12:34:00,2018-06-19 21:03:50,2018-07-12,6b96b24c9ea528ec5a29f0d852a79747,2018-06-13
b1e54b4e95f856a38246ab5a53b59dbc,5f2b267a486f2c8be982c0281a665937,delivered,2017-08-30 22:40:06,2017-08-30 22:55:12,2017-09-01 19:07:27,2017-09-13 22:13:20,2017-09-22,529d9a64d59d4626fa19d4f8cd385d70,2017-08-30
b1b1b0b5750f064412720744d890eaf0,fa904738e1b854de39ec337a79525be6,delivered,2018-06-11 14:00:46,2018-06-12 09:31:55,2018-06-11 14:20:00,2018-06-19 19:04:21,2018-07-19,a441e14a288da6bf73fe6d3c4c17f939,2018-06-11
b4a600b2f7cc0efe40a086465eca8799,2c03e5b9680aeca26ed87d369d4e097b,delivered,2017-01-26 13:32:04,2017-01-26 13:45:10,2017-01-31 13:59:17,2017-02-08 09:23:58,2017-02-22,b77d9287064d0c8130947b0c84166a76,2017-01-26
efb61fe94b0b5ebe0926dcf8228e29a4,53c26135cf44344a6c00bf51771980c4,processing,2017-07-21 20:13:39,2017-07-21 20:25:19,,,2017-08-28,d394a89e0e5bb68d20c89d235ef59b06,2017-07-21
00a379dfab816a83741012b71b264098,5e3b89299a7d6e3e10f9bc6e77923f88,delivered,2018-08-03 19:50:50,2018-08-03 20:04:20,2018-08-09 13:32:00,2018-08-10 18:18:35,2018-08-08,464a3d024ae34727fcaf86198537f5f1,2018-08-03
494b56f3cd3d768dcc9451e48c8ee165,b61d34ab39dbf2f98da1823e2eeb7eca,delivered,2018-08-23 12:04:18,2018-08-24 03:05:08,2018-08-24 14:13:00,2018-08-29 16:32:45,2018-09-21,5d04d82dc42c00279536239a5193c10e,2018-08-23
f1495dcc4cf8d4ec585f058cedc68356,0fbcccee7916948cfe0c96fc1d19ea00,delivered,2018-07-16 00:05:26,2018-07-18 03:31:08,2018-07-20 14:06:00,2018-07-25 12:26:56,2018-07-30,04da0a4a4eddc5463976425307e42b7d,2018-07-16
4886bdc3d38b4558a42cca69e30e0808,e445db8f5537b28f85a980838e51d122,delivered,2017-05-17 18:03:00,2017-05-17 18:15:11,2017-05-24 14:43:03,2017-05-25 09:06:02,2017-06-01,eeb1d91079ecd5265b764a25bcc4504e,2017-05-17
2bcf1f79964f8b4f4f62f19441601b1a,711fff4266b53bae9de25be1473dc0bc,delivered,2017-09-03 02:42:26,2017-09-03 02:55:07,2017-09-06 18:42:36,2017-11-09 01:33:48,2017-10-16,62a459e5629b03dd73134964df732077,2017-09-03
d8a38160525fa277b48b3502ad5ae5cf,590fb09b045f7fad50f7145578bf8fb4,delivered,2018-08-02 12:58:39,2018-08-02 13:30:26,2018-08-03 09:49:00,2018-08-09 21:20:30,2018-08-16,8bfb6d6aa89f79427a03214069590a23,2018-08-02
c09477fe82b2b17f5f35d61a5237ba39,bb86f9f746c4a4aac227fdc3192d0112,delivered,2018-03-24 18:07:37,2018-03-24 18:27:22,2018-03-27 00:11:08,2018-04-17 21:21:34,2018-04-17,fe990557640ab2498217c7017f33befd,2018-03-24
cb00f9d32f51bf65823f130e9c146173,2948885b537e10c5528a990dcfd4bd24,delivered,2017-05-10 09:47:59,2017-05-10 10:02:04,2017-05-12 09:25:58,2017-05-23 06:22:08,2017-05-31,9777516535b7c34a54f8d3108a05ee42,2017-05-10
eb499e69dd66045ab639c5fe90ad93f0,c8ea1731a4aac5a8785477d8b41998e1,delivered,2017-02-14 10:02:03,2017-02-14 10:15:17,2017-02-15 13:42:28,2017-03-02 04:28:39,2017-03-13,dcbac5de9f997934034bc97e34a0d0dc,2017-02-14
c1ecc15bc30548ecad160437f07df801,e97d8147c3433d51c20dd483d05df2e6,delivered,2018-04-25 17:38:14,2018-04-25 17:52:39,2018-04-26 13:45:00,2018-05-22 00:04:16,2018-05-22,5ceff784c7abcb9ea26a79d400604854,2018-04-25
072e34b42ad90d7472e9a798f19a6bdb,f246a20a11694afad71d2d9be547fbb8,delivered,2017-01-31 16:13:48,2017-01-31 16:25:15,2017-02-01 15:59:52,2017-02-10 17:56:13,2017-03-09,92b0705c6923fe44dd71b2b737687a7c,2017-01-31
ba794dc7ba00e8dcbe6e0f729be0b845,657a3f64558e83b09ec3846d6ee02543,delivered,2017-11-24 17:55:14,2017-11-24 21:16:51,2017-11-30 01:24:42,2018-01-08 22:20:50,2017-12-29,e224d56bfa2030f5cbac17fad373f588,2017-11-24
73908b2671b42a496f38bce121a3d493,46a24db3ac753ca06bad5ebbea36999f,delivered,2017-06-09 11:51:37,2017-06-09 12:06:06,2017-06-12 14:11:57,2017-06-21 15:51:27,2017-07-04,1a800e6d4ee8c2bec10eaca5e68f7727,2017-06-09
6414e4e32a19c462fab11da3e3a03ac4,70b213d5e0fe0f1d4cb12213b9d24aec,delivered,2017-08-25 10:50:19,2017-08-25 11:05:36,2017-08-28 21:27:50,2017-09-08 18:39:53,2017-09-21,200b219e70dba1e133d6684556a121a7,2017-08-25
80aa9c31556571f08988f12dc07476e1,ad4316eb148e96ac9e3e8ca82cd92717,delivered,2018-07-11 11:35:15,2018-07-12 04:10:14,2018-07-18 12:50:00,2018-07-25 21:57:05,2018-08-09,6c363f78f25e6c633bf84fa3a1ee651c,2018-07-11
853927b32b0ebc007ece729a314338cd,be0e2abfe1e57a99b37f471ba7380aa6,delivered,2018-01-24 15:42:08,2018-01-24 15:58:13,2018-01-25 14:52:43,2018-02-21 00:19:44,2018-03-05,fb3520ada3c1bbc8b1b978ab735370aa,2018-01-24
7e72ec73eb316f40183f574d738eb99e,6fcffe4eb7a8012f3ce4c7131825a048,delivered,2018-08-06 17:28:26,2018-08-06 17:44:36,2018-08-07 11:15:00,2018-08-10 20:38:49,2018-08-15,5a7f299c8747e5ee47d8212833a551a6,2018-08-06
9160545c698bc7e9408b84405166f60e,32f4a143deeccca316ab15cfc81781b8,delivered,2018-07-27 11:46:04,2018-07-27 12:31:42,2018-07-30 12:10:00,2018-08-03 21:04:40,2018-08-14,6de9de2dd055cad94ee838808323f4c6,2018-07-27
851e5fe2dfd9579bb3bcb65dfa4d2b3a,687c875c7ae86136cabff5df4af2e204,delivered,2018-04-24 20:42:28,2018-04-24 20:55:42,2018-04-25 11:07:00,2018-05-03 20:19:17,2018-05-21,befb7c214b82e60a24c0da277baaf6d4,2018-04-24
f1e580516c53f1debcbdcd9185770ecf,19c9c76242909af3b476a8b0cb52dbf8,delivered,2018-05-10 10:11:34,2018-05-10 10:32:40,2018-05-10 15:22:00,2018-05-17 22:34:51,2018-06-04,071151e43131464fef4e13aa9a8dee37,2018-05-10
2d5f1dc93c565d00ce25e43b11b48596,c0fe3da5b46a731f4fcb8b1cefe71333,delivered,2017-05-18 11:36:28,2017-05-18 11:45:23,2017-05-19 12:35:17,2017-06-28 14:29:50,2017-05-31,fbba76465bd26dd27b80f546d7d4c561,2017-05-18
bc16cd35390e6d0638d87ef92f626899,94b69597666ae9334b855918332a28c4,delivered,2017-09-17 19:40:28,2017-09-17 19:55:12,2017-09-19 18:53:49,2017-10-04 20:22:03,2017-10-24,589dada1d94da89a250054e9342364f2,2017-09-17
9a55f6c39b39d7b71a170dab3430e29f,5a99f523ebbdfb370a07029f25a23bd0,delivered,2018-01-13 10:52:20,2018-01-13 11:09:06,2018-01-16 16:27:07,2018-01-26 21:09:48,2018-02-08,d6e46b9d70d7427a7bcefbcd3904f6c3,2018-01-13
fdfb73b2a9e88e518c2f565f43ca06c1,1b676ae36901ebaeb90253602c519f18,delivered,2018-08-26 20:06:40,2018-08-26 20:24:09,2018-08-27 15:52:00,2018-08-30 17:14:20,2018-09-05,d8d7254ce52510c5a5c38db3ab5b9c4e,2018-08-26
8836b763a62342854712072d612d17b9,a5618956744bd4cf49ae60c2d07a1ff5,delivered,2018-01-09 20:43:14,2018-01-10 10:32:12,2018-01-12 12:12:33,2018-01-18 16:03:32,2018-01-26,571315d706de347005bdc7aae43c8f44,2018-01-09
2d77b47ff17df295a7840798969a2e30,ce538ad75403e0407318e318df5550e1,delivered,2018-02-05 09:00:03,2018-02-05 16:52:12,2018-02-07 21:04:16,2018-02-16 17:35:22,2018-03-01,08fd94d601e4dc4b7563aa1f4c0d0518,2018-02-05
33f3b890664d602ed67bad1fbc454474,616617689934126938904b188e5ac4f2,delivered,2018-04-15 17:02:51,2018-04-15 17:15:12,2018-04-16 22:48:32,2018-04-23 22:21:42,2018-05-08,a8be3db3424cd4ae937c239b3ad513e7,2018-04-15
5859370f19fe47ef87a4b0d110e6cf67,51795c9dc161dc05ef36dc8460dfa7e7,delivered,2017-05-30 03:02:05,2017-05-30 17:23:15,2017-05-31 11:10:13,2017-06-07 09:23:22,2017-06-22,86ef1d99643569be4c21378742544d2e,2017-05-30
9836847f32179c3ed12e8eb240440aa7,cecf402b2a51ef3e3f0b5a5f059c454b,delivered,2018-08-07 17:09:54,2018-08-07 17:25:00,2018-08-08 16:38:00,2018-08-28 18:42:46,2018-08-31,d83483c59166abd80e647c7b3b836267,2018-08-07
3e555879d29880ec5bc189b44a6d77fa,26d94b1d9a07de33fdb22b7f172d2269,delivered,2017-03-05 04:18:49,2017-03-06 04:25:10,2017-03-06 14:23:14,2017-03-13 13:27:51,2017-03-23,3c606e4a4ce3d37a4d32ff871449f561,2017-03-05
f30bd6977389bd6c34f5447e72d3d353,8a137d0f7582e1dc113574fa6bb5602e,delivered,2017-12-05 17:31:29,2017-12-07 03:15:47,2017-12-08 00:54:49,2017-12-19 19:20:31,2018-01-05,17cc04806775f466564d0cb72e55c288,2017-12-05
23fe7e1e5139248d8e9e379e1a910860,7e82568d445c615359d582ec7852d3b6,delivered,2018-06-16 19:06:54,2018-06-16 19:18:06,2018-06-19 14:26:00,2018-06-25 18:38:41,2018-07-17,57714ca1784d22630b2a7b52627c4b94,2018-06-16
a9da66f1dfe4cca8956f5e74619c2cb9,07dae321287a775e433119f7cc3a774b,delivered,2018-02-24 15:39:34,2018-02-27 05:30:53,2018-02-28 23:35:22,2018-03-06 18:07:56,2018-03-23,5aa242b4cb7fbcc14f377f1ab84f98e7,2018-02-24
0bf673675c563f37ba07ff5f1210e771,5709985b6b8934c5e58d49d8b54ddaca,delivered,2017-12-26 10:46:23,2017-12-26 10:55:18,2017-12-27 20:58:42,2017-12-30 13:03:52,2018-01-24,40fc938cf2023d0f122e15ae1240c9bf,2017-12-26
a2b02026d2b1873d8e01ccfe3f8c62b0,58f2a6ed0fb6042ee5b5e057ab9a9264,delivered,2018-07-18 18:40:34,2018-07-18 18:55:23,2018-07-19 12:50:00,2018-07-23 22:08:31,2018-08-01,3ebfa9825219ae06ebc52318830437cc,2018-07-18
867a96f5ffe70eb3e90140ff7c81cfc6,0fae07bb4b1670e3da7d768c54f59464,delivered,2017-10-26 08:39:55,2017-10-26 08:49:49,2017-10-26 20:42:32,2017-10-31 23:58:43,2017-11-28,ef589c64edf26fb431b56db8f6515fad,2017-10-26
4957235ac475ee9ce4a593a8078c08b8,8369f3d663dcd9b3a4cc3d3b797ee011,delivered,2018-08-14 12:14:54,2018-08-14 12:25:19,2018-08-15 09:56:00,2018-08-21 19:06:55,2018-08-27,2edd52d62d9082e037b1ebbf3190516e,2018-08-14
f44845a8eeec9bf829093ad92c846c09,507928d99b23819eb6e79e0772dbbadf,delivered,2018-07-11 13:32:28,2018-07-11 13:50:22,2018-07-12 15:33:00,2018-07-25 01:21:59,2018-08-08,c3d2e6a31d293b7c5ab0ad354a87619e,2018-07-11
b783c9b3024d047d65765937e8c506be,125afbc0911d9cfec5796d16606823be,delivered,2017-10-26 21:44:12,2017-10-27 03:31:15,2017-10-31 21:16:34,2017-11-08 19:09:05,2017-11-14,978dd7602dc4df64823c9364f702bdb2,2017-10-26
2331f636052d7a25b7a1844dac95a4ac,1fd10db50aab46da0f035fff679c9eaa,delivered,2017-05-07 16:23:48,2017-05-07 16:35:10,2017-05-09 09:17:54,2017-05-15 11:10:53,2017-06-06,5a8082f2f02414ee6a84c52a59f07fc8,2017-05-07
fddcad3001f22880b74b21a7fd8fce1b,51b4398983c102525d07667d42e07d3b,delivered,2018-06-29 15:50:11,2018-06-29 16:11:33,2018-07-03 10:53:00,2018-07-05 15:18:51,2018-07-26,a7abba8453fad010a6e8ed18a552f781,2018-06-29
bb58d2adc1241af1c36272f66ab7a771,fbeed95946dc41fefa2c4fffd23fde4e,delivered,2017-09-03 23:01:01,2017-09-03 23:15:10,2017-09-06 16:13:01,2017-09-12 20:53:18,2017-09-25,6bdff8d6893d72659f69be8d5d3e5d8c,2017-09-03
7f505793416adc7c3f6f0b1d69ee7e28,45417eb3efcb174780f860b7be291b34,shipped,2017-02-14 14:01:23,2017-02-16 02:16:03,2017-02-16 15:13:44,,2017-03-13,8d13ffea263d206078d0ed2990cf870a,2017-02-14
990cdf0bc1fc7417e5b2a77f7ae81d2b,b7058b7d5a19aa16175aaf925067d659,delivered,2017-03-29 20:44:03,2017-03-29 20:55:25,2017-04-03 15:21:50,2017-04-10 14:43:43,2017-04-20,11076994568ce291c2b30a430fdeac76,2017-03-29
7e03de7edf3bc774fd1ad0915464e41b,fcf11d7894b5c62f72352fe6ddce74c8,delivered,2018-01-19 13:24:39,2018-01-19 13:36:03,2018-01-23 21:45:17,2018-01-30 23:04:38,2018-02-23,159306b86e782097be9a4e29e3d294d3,2018-01-19
c393997142861148ab156520bb0ed1fb,09c804cb1bb9c05c716227a2dd3d6116,delivered,2018-08-08 11:39:50,2018-08-08 11:55:14,2018-08-10 09:54:00,2018-08-30 16:46:29,2018-09-18,a2659a2f67317655f6b14060a8377bec,2018-08-08
b040969443a5b34aa13dd9fb64961d02,eb9bb0ce9f79bdfd32e6fcb1d4a1dd0c,delivered,2017-05-18 04:17:44,2017-05-18 04:25:10,2017-05-18 09:39:27,2017-05-24 18:14:32,2017-06-16,d86023a65a17794a46638d9d508bc2b4,2017-05-18
997b3de75600d17962e4800bd2923d56,6c36aec745bb066c2624b515689d9a76,delivered,2018-04-15 11:45:07,2018-04-15 11:55:20,2018-04-17 17:21:25,2018-04-24 23:36:35,2018-05-11,1daa562c534b75b0f9d1ca6d9faaab64,2018-04-15
a03ef580bd24d3cfaa7aa92e08ca6b58,94670ebf1a9317d2cd7d8e4eec4e9ff7,delivered,2018-01-15 09:58:55,2018-01-16 03:50:55,2018-01-19 15:26:51,2018-01-29 19:04:15,2018-02-07,1db7961ed7fc944add1039fbb6e79d9b,2018-01-15
38a920f4e80a3be96ecbfc0cba4517d6,313679079420ce50210b4f87c1e23693,delivered,2018-04-02 13:05:43,2018-04-02 13:15:23,2018-04-05 22:38:38,2018-04-16 12:42:14,2018-05-15,c08e719caba50b9eaff4ff295098ac6f,2018-04-02
71dc1ebd78222712d79f728f038d06be,f53b4599eef2ad2abdc02ae35044ab77,delivered,2018-06-06 08:21:35,2018-06-06 08:30:22,2018-06-08 10:14:00,2018-06-14 11:58:34,2018-07-04,5d869a0ababcaaacfe1aefdcb388ce77,2018-06-06
dd082c5f38a7001c40cf57a14f1b3b34,877e706c542a3af30b80f32d160dd874,delivered,2018-03-15 13:20:24,2018-03-17 02:45:45,2018-03-19 21:52:48,2018-03-23 20:24:37,2018-04-03,ad6ad90e4e55ff563af147b6b9ee054e,2018-03-15
2a7e28cc85f95bc55c3d8aff8cc416b1,18845c3cb10fa908026d273708275723,delivered,2017-02-23 18:28:00,2017-02-24 18:35:08,2017-03-01 14:05:34,2017-03-17 09:42:02,2017-03-28,29a47f9114201fa43073367020fc6628,2017-02-23
0ed1ecbc5549385cca91dd012b659584,28488ed4aa3650130c3a842b8978d423,delivered,2018-01-08 02:37:14,2018-01-08 02:47:52,2018-01-08 16:43:14,2018-01-12 22:30:01,2018-01-31,424b5bc1ea7e1d07936152b2857f2738,2018-01-08
6e3083ad9ca7d53cf66f1cd74bb3d67d,00581d55862aecc8cbc7d701a27bc285,delivered,2018-03-29 09:09:36,2018-03-29 21:55:15,2018-04-04 21:36:33,2018-05-08 13:44:56,2018-04-25,f794c59a46dc4872d97d173c1b51525a,2018-03-29
fe3b7d7e6df783d622ae530f841bc87e,2c52fedf9050e250066789f679624695,delivered,2018-08-04 11:57:45,2018-08-04 12:10:16,2018-08-06 15:29:00,2018-08-09 18:32:16,2018-08-20,16c3fbe7788b5a59f325ac0175b48e2a,2018-08-04
7d72631908edc6f980dd3ab07a31c1d9,93bfdeb73351d031f1b66ecd51419b08,delivered,2018-03-19 08:22:53,2018-03-21 02:49:12,2018-03-22 14:42:11,2018-04-04 20:54:32,2018-04-12,d24741b6792369a6a78dca259c685774,2018-03-19
801d980e779937cd76e2cb8de056a680,a39427956c93bd77715536640d397ce6,delivered,2017-10-08 20:45:59,2017-10-08 20:56:29,2017-10-13 20:29:03,2017-10-24 22:33:42,2017-11-08,0bf1278577a2acf8532a031d98cd517c,2017-10-08
c5206922341fdf683df9bd18349657c4,5de272a498b070331787f875de374b42,delivered,2018-04-08 19:30:21,2018-04-10 03:49:37,2018-04-11 19:36:27,2018-04-12 19:58:25,2018-04-19,d3e80d41ef496799954660f6d40b971b,2018-04-08
71a3bbb7bb68719130815744e76b32e7,d4c9932172da0c22fe95917c9fefe935,delivered,2018-03-29 13:31:00,2018-03-29 13:54:00,2018-04-04 13:58:54,2018-04-24 12:19:10,2018-04-19,eda182282a68d391b494505b67b36cd7,2018-03-29
bb713fd5cb7b02db84e82bee9c98304e,9088dec5473bc02ec4560958866cc524,delivered,2018-07-13 21:06:19,2018-07-13 21:24:06,2018-07-18 12:00:00,2018-07-24 00:42:46,2018-07-30,d44f906400b84286bb0f960253fbd632,2018-07-13
9b0b732f53d928874444e095071631a9,bb59f210055141397a6926e0a060e48a,delivered,2018-06-20 10:32:50,2018-06-20 11:08:11,2018-06-25 13:31:00,2018-07-02 19:21:36,2018-07-20,10848dcd8f3dcfe4f7de0b6e301f10d7,2018-06-20
63c3ce671d34493be2e342ac33a8249f,693a95df361670ba4f1a2099c77e5f0e,delivered,2018-08-07 18:43:51,2018-08-07 18:55:28,2018-08-09 09:47:00,2018-08-13 15:03:04,2018-08-22,73afa5c15ab1d93277de26f6989e36bf,2018-08-07
b44d797bd9259818b8e3655230d25879,50191e063f53eaf358386bc6158fb737,shipped,2017-07-15 11:44:50,2017-07-15 12:03:43,2017-07-17 20:57:43,,2017-07-28,7f233b8a0caa7636cec1ff373b6c24af,2017-07-15
10aab4b44296043fbfeaf40f1157657d,ba171f821800a7fdce134cd8724c38cc,delivered,2017-11-24 10:00:54,2017-11-28 03:38:46,2017-11-28 22:21:23,2017-12-19 10:41:40,2017-12-14,0931c88f5022954d7363933be777f090,2017-11-24
62ec63f37c8ed14ce3dba43a02721f5e,f227e7071caf55fbd19620ad628aa80e,delivered,2018-03-19 20:50:39,2018-03-19 21:09:09,2018-03-23 00:22:58,2018-03-24 17:42:07,2018-04-02,02b20b7c813efede140142ac610e36dc,2018-03-19
07a78584049fe9dca82ae7bf5717d8b9,9a8431f585de8fb3e3dd4de9d7205885,delivered,2018-08-02 14:24:50,2018-08-02 15:00:08,2018-08-06 16:48:00,2018-08-08 19:24:39,2018-08-07,8eae234dee2521eeaeef6f97f660bbc2,2018-08-02
798b1ba562e78509f5647f85928f069c,b1898a5053e3bdeaf145b86826ef626d,delivered,2018-01-28 12:15:21,2018-01-28 12:39:57,2018-02-01 00:13:59,2018-02-06 22:47:45,2018-02-20,75bd98fd67c295f0cd1800538112cc26,2018-01-28
35e6a07f069c2483b3e23c5bbb94a770,cfe8a3607a7513c776e373d7ade63b81,shipped,2017-10-16 20:24:07,2017-10-16 20:49:17,2017-10-17 23:12:30,,2017-10-26,c9c948e700fa28a8838f290d54cdd2e9,2017-10-16
eec7f369423b033e549c02f3c5381205,32cef4bdd6bfa50612d81dc77a93b131,delivered,2018-02-06 20:44:56,2018-02-08 10:10:31,2018-02-15 20:42:12,2018-02-27 16:35:43,2018-07-12,f83958e993a7f2c3fb301981bbf6deb6,2018-02-06
5d08d050576ab268270b7c0956c6f162,b29169462571611d1417abbb0c788dca,delivered,2017-12-18 08:18:42,2017-12-18 09:18:32,2017-12-19 20:58:01,2017-12-22 19:56:50,2018-01-15,82c01a7c6ad994bc5b31f5443d568463,2017-12-18
06f40352396b73ac65b6a2059d70441c,521593e76eab8070e2cb4c1a090f7c5a,delivered,2018-02-12 17:21:08,2018-02-12 17:30:26,2018-02-16 20:52:19,2018-02-22 15:09:01,2018-03-09,fd2ff2c0042a5578d7754cfe88dba3e1,2018-02-12
450b2dfcd82c6f60f6ea30628ebf2945,083578aaf490ea8ff298cfdf186790fd,delivered,2018-07-11 10:01:37,2018-07-11 10:15:27,2018-07-11 14:17:00,2018-07-16 14:41:21,2018-07-26,1569f7c762d3eed72bebea3df845dd80,2018-07-11
8b2098d15b08a80b4d24395b44cb2a42,2e7f1714b75fd474ed388fb5d6b543d7,delivered,2018-08-19 11:18:32,2018-08-20 11:31:27,2018-08-22 14:49:00,2018-08-27 23:12:34,2018-08-29,889ee9d5f625b585feead12f91ddaac4,2018-08-19
efb4d60fb4f120700df27e9032a18b54,a96a2a926becea8de83f56e981126847,delivered,2018-07-24 12:45:42,2018-07-24 13:24:39,2018-07-25 13:51:00,2018-09-03 23:33:13,2018-08-22,c0c58988406361831aafd19285de4149,2018-07-24
fab6c6f55e43abd9875d6f31517d9166,b952d6f0a1cf9dcb03ab9d23b6c8d4ab,delivered,2017-11-12 00:04:54,2017-11-13 14:47:09,2017-11-22 21:47:06,2017-12-12 18:53:13,2017-12-12,784aa77244307f7cb66765a4be9c49e2,2017-11-12
33b8a7eafa31cf95e33395293a78808c,90eb057f5f17fce155139fa361d55b23,delivered,2017-09-06 21:47:50,2017-09-06 22:04:16,2017-09-12 20:15:34,2017-09-20 13:21:14,2017-09-29,a1f7867c9f3c4b27ff280c3cc8718d99,2017-09-06
d982abd090f18bcf182f0a41284696c1,b8c0c423f9e237f36d6def6bbf7c3e33,delivered,2018-08-16 15:28:56,2018-08-16 15:44:00,2018-08-21 13:55:00,2018-08-22 12:31:53,2018-09-05,fa87617e04f3f46415d6e7c6c251b891,2018-08-16
ee4777f7cd28163d7b1b9f1763996e08,11f1758efabe90a88171ddb8191add91,delivered,2017-11-24 11:19:57,2017-11-25 03:52:15,2017-11-27 19:39:50,2017-12-15 16:55:10,2017-12-19,b8cfc2f993591e07f2b5ee5fdc912840,2017-11-24
d7362aa5fe91fbcde99a34eb3f592a36,c676fda5be6e3ff0dff6c131495beafe,delivered,2018-08-10 15:39:52,2018-08-10 15:55:13,2018-08-13 14:08:00,2018-08-30 22:38:48,2018-08-22,b1b0842057222beaaed8c19b7b12f433,2018-08-10
f21c3e20a2847217ba55f353fd228a37,8f7a1f014561a04a4d65e06805d68d82,delivered,2017-03-09 10:35:23,2017-03-09 10:35:23,2017-03-14 09:52:03,2017-03-27 14:43:55,2017-04-03,7e3ea45fbba1442482d638779a17d99f,2017-03-09
0c9999fe81fb2cb90e1f0456c15759e2,b3fac4767464b4cd4308f7178d3d0760,delivered,2017-09-20 15:50:56,2017-09-20 16:05:40,2017-09-21 18:22:18,2017-09-25 20:28:28,2017-10-05,39c74dc5fd255c00f604b9ebf9e343f5,2017-09-20
ccbabfa81bc2a6cb8f2326278a01d55c,194ca5b6c387ba6cd5727aa6e5ee0a55,delivered,2018-02-26 16:56:41,2018-02-26 17:11:13,2018-02-27 17:57:47,2018-03-26 23:33:53,2018-03-16,5df731f118a16cc0be490ed0c38850cd,2018-02-26
1e3a4dcb8d7e2e87ee7675a7930caaaf,327b0ed2f31431870bf6553574200ae5,delivered,2018-01-17 14:07:07,2018-01-17 14:16:34,2018-01-23 01:58:47,2018-01-26 22:19:42,2018-02-07,0b09c28996bf229b8917bca89b5edd4f,2018-01-17
133757e6140cdaff98c4f396772497e3,dfdacdf1ff55d5ec1684269778af5528,delivered,2017-11-24 07:21:33,2017-11-24 13:11:50,2017-11-27 23:15:58,2017-12-04 18:06:04,2017-12-14,dd8c591eef8fa422333cea02d2014279,2017-11-24
0122e81ff800460e44bb9c983ff2a2fd,3b16d7fa7eb80db40124dc1748faae1c,delivered,2018-03-16 11:58:58,2018-03-17 02:50:49,2018-03-19 22:32:03,2018-03-28 16:48:49,2018-04-05,89b158f7d9e3f348f6abe5234c83877b,2018-03-16
8ff212e48173a7e4d4cbeae4146b3a75,6e42919f267d0938c2450e2b6a3f1d11,delivered,2018-05-15 11:36:35,2018-05-16 02:55:13,2018-05-16 12:46:00,2018-05-21 13:49:48,2018-06-07,335f9e9c449e3eb371df74c997e774be,2018-05-15
777e839a3f71170e58385675ce610501,776f08a4e825c406004d9e30e2096d17,delivered,2018-08-05 18:05:07,2018-08-05 18:15:20,2018-08-07 12:54:00,2018-08-14 17:54:42,2018-08-27,e3d27297e7073784eb43c4ab3f1288fb,2018-08-05
b52dc8a3dad74fe4f1eff8ed1e7bd6da,9159d858e4338e9236345c620b91d20c,delivered,2017-08-17 12:35:29,2017-08-17 12:55:15,2017-08-18 21:36:33,2017-08-28 21:22:04,2017-09-11,ed05b1eb5c214b1fbdc90ade10dce998,2017-08-17
aad79b33466dbbe92bc7c1b9499ad365,ba922aa3fbd49b96cfece364f92bdb8b,delivered,2018-02-06 15:10:03,2018-02-06 16:11:38,2018-02-07 00:03:46,2018-02-21 21:37:19,2018-03-06,6f64406ed5cfa4a2d9bd35e91bfd6587,2018-02-06
6d37c2777465f819544099f0ec5a6b25,c0e3cfb4fa98e3cc869c637ae3c1f409,delivered,2018-05-13 12:45:47,2018-05-13 13:11:52,2018-05-14 13:39:00,2018-05-17 16:23:55,2018-06-01,161dfc7e9f94935e42317c63c5f8a779,2018-05-13
7865280b7f716318630d85eb2ea9cd17,5106f2d4640d186ff66f6d4001b58146,delivered,2018-05-22 15:30:20,2018-05-22 15:58:46,2018-05-23 14:16:00,2018-06-01 20:38:48,2018-06-08,233712e2de4c0d3056502de9a9e5e8ed,2018-05-22
7e3da8f7ef82afccb42bb25622099fb2,3170c81f321ad235d12542dbe02f7dae,delivered,2018-06-09 12:38:45,2018-06-09 12:58:48,2018-06-13 08:23:00,2018-06-14 02:18:27,2018-06-28,90cab9923812fd213cb88adfb39a3e8f,2018-06-09
7cd9df8c03efcd7abf1f9d7156b392d5,6b56f7501c063a3211e2f762a118bd6c,delivered,2018-08-08 17:13:45,2018-08-10 03:10:16,2018-08-10 14:30:00,2018-08-13 20:41:08,2018-08-14,3dd21204331bd7a301e6f5a54cc83c34,2018-08-08
49d85b61244a54a41fd61ce06cca96d4,39d546b787598d01eb255ee2ce0c60c7,delivered,2018-02-23 14:58:23,2018-02-27 04:31:13,2018-02-27 19:34:18,2018-03-23 15:35:12,2018-03-26,7ea721e84afb092c2ff2608af6a63b7e,2018-02-23
f79b8af9c83e40ce3234880ed7196426,6e1149d91b737dab3f76295f3551f73b,delivered,2018-02-28 20:41:39,2018-02-28 20:50:39,2018-03-01 20:12:23,2018-04-20 17:34:43,2018-03-27,8bfc0e49e20da0645b97e16c723de07c,2018-02-28
a03080d29751000dd3e2eab48835af82,9f48171c84b0b1ca68935ce93ae68e10,delivered,2018-04-17 10:11:07,2018-04-17 10:31:19,2018-04-17 19:16:31,2018-04-26 18:51:13,2018-05-14,604e28ba05c324dc2b348647f0d51f93,2018-04-17
c48e0c0045493baca42f6350289f1470,5660a2b24ae2f9e6a4f8d8c393ef408a,delivered,2017-05-09 17:35:37,2017-05-09 17:45:19,2017-05-10 11:23:42,2017-05-16 19:58:05,2017-05-29,6ebb70bb5d1b3228e8aa44b762aa4971,2017-05-09
c63f4a1a51b78e8b9c14cae50f2e1817,892a4b93279589be2df63790a530a6df,delivered,2017-10-18 17:52:44,2017-10-18 18:07:25,2017-10-24 17:42:25,2017-11-06 15:43:09,2017-11-10,195d0b909914d00626d8794fb5a20eed,2017-10-18
e7645f2073cac65748cf53c69d5abea9,4578a3079ec21d3e411223cb5e3a8258,delivered,2018-01-17 08:42:16,2018-01-17 08:51:29,2018-01-23 02:15:04,2018-01-29 20:37:11,2018-02-08,dc792b0939990dd49f76dc28077b8fc8,2018-01-17
de99d6864fd63eb9c2efdcf1432b5140,ea7985d8e5072d934658643b0fd8e24d,delivered,2018-03-03 20:38:48,2018-03-06 03:50:58,2018-03-06 21:32:33,2018-04-02 19:03:32,2018-03-23,b2ea7497a12f4552eed336555737b1af,2018-03-03
0a9fc736e210f495e2023d3a9e10319a,b7af91e583caf05ac071ad39e1d86700,delivered,2017-11-27 18:39:50,2017-11-27 19:12:02,2017-11-29 23:29:12,2017-12-05 16:49:49,2017-12-14,731ea3afd190908a9cbed04f42aa51e2,2017-11-27
b4facfa718232252607f49c3614e85cf,590efcdd68b9f9cb5ddea9dd6f5378ac,delivered,2018-01-05 22:47:23,2018-01-05 22:59:23,2018-01-10 23:14:00,2018-01-16 19:03:37,2018-02-02,fc06bc49c99d65a0828a32b606dcd059,2018-01-05
475c9b166482c7f26c38c7ae858d832a,b6be790938b3160be968a4b96eb8873d,delivered,2018-07-30 21:42:57,2018-07-30 22:20:13,2018-08-01 13:09:00,2018-08-02 17:43:00,2018-08-03,12c72d4153e98f4011d9964f498e2263,2018-07-30
c840f3fb3a4c4c7bc42c8167e355e3eb,3b9b055c3d67f72210fbd6b1b2fd67b9,delivered,2017-05-29 13:23:09,2017-05-31 11:45:14,2017-06-01 10:46:51,2017-06-07 13:28:39,2017-06-26,7f1b87a14c6a6102fca1d11bf722af6a,2017-05-29
137e75aa875379eb16854b280dc2aab9,063e1f61e1480d535924591b303c66b1,delivered,2017-12-04 10:40:38,2017-12-04 16:31:49,2017-12-06 19:52:29,2017-12-12 14:21:52,2018-01-04,5a3f9aeeaaf40c9cb46b99225fc9cda4,2017-12-04
e21d445c8d24d62d04807fc0427d1112,e442f7268404c17dd426cb125f41d748,delivered,2018-02-10 15:21:21,2018-02-10 15:30:33,2018-02-14 20:19:00,2018-02-16 19:53:08,2018-02-26,a25917402ebf0b416aea4aaacbfe8cdf,2018-02-10
c2b0a01a95828a432d2f335db23e23b6,4348ccd5fe9390bc4aed3fb18df1bb23,delivered,2017-09-11 21:22:41,2017-09-11 21:36:58,2017-09-13 19:17:37,2017-09-19 17:53:55,2017-10-19,1ecc0b26d1a45776622af6fbe24bb63a,2017-09-11
438f4256ef380bc7d658773ed817a480,eeb659c845cfa9bc6b50556e53e9269e,delivered,2017-09-30 15:27:55,2017-09-30 15:50:36,2017-10-05 20:32:47,2017-10-07 15:52:03,2017-10-18,c9b99fb03f3fde9b406e4cbef56421de,2017-09-30
7866f96b0496d61749bdc8664b22119e,7ffa70f414e42f6ba3dfc7475f346ed9,delivered,2018-08-26 15:11:20,2018-08-26 15:24:16,2018-08-27 17:02:00,2018-08-30 00:21:59,2018-09-14,90b255a154139ff1daf8d60818416113,2018-08-26
d87a96586b2257de297aa1added6124b,4fcc2ca1b68348af7bbbfcc445dc49ec,delivered,2017-09-03 11:12:43,2017-09-03 11:25:18,2017-09-06 19:06:34,2017-09-13 21:03:06,2017-10-02,85e7901c72ae252b4e22421ca8b13513,2017-09-03
ea43bc65126ad69392a37907bd400c49,84fa5b5f1af3af75e2e44452c296e41d,delivered,2017-08-08 21:39:52,2017-08-08 21:55:12,2017-08-10 20:04:28,2017-08-17 20:56:36,2017-09-01,53e679944529ff4cccb46e9e7535a487,2017-08-08
3d7239c394a212faae122962df514ac7,4d7a9b8bba459dce09d1b8fa637a0cba,delivered,2017-06-05 10:45:54,2017-06-05 10:55:16,2017-06-14 10:26:00,2017-06-23 12:18:32,2017-06-26,9db67268a3fee1d4b13faaeb90af07c0,2017-06-05
69f7357c456d8072ad6671becb0f55a5,dcd82b51ed72861d202f5dc8b3ac8a19,delivered,2018-04-30 20:06:23,2018-05-01 02:53:14,2018-05-03 16:09:00,2018-05-18 19:47:02,2018-05-17,34f92366f52d2b66d66c5766e15c4e3d,2018-04-30
d05502e273bca7f1901d798c7d9fd403,ff6bc51ea548793b6d3dfe83ca7eeb75,delivered,2017-12-20 10:19:57,2017-12-20 10:33:31,2017-12-26 18:56:00,2017-12-29 17:42:21,2018-01-17,10c3e0040d7de9e05d36306a108dd87b,2017-12-20
42f2f38b2e99615f8fa65dd99a455294,b3721a883e1de4df72f355ec21c8620d,delivered,2017-10-21 16:13:44,2017-10-21 16:28:15,2017-10-26 17:11:31,2017-11-10 12:21:49,2017-11-21,a19abbf1138da2a5f7b1c183bca48e8c,2017-10-21
f3f00047607e23b2b33f81618622a7a4,b154107005bdb6916d7bc8bf3d2176fa,delivered,2017-06-16 01:13:18,2017-06-17 03:21:04,2017-06-23 11:10:08,2017-07-03 14:27:59,2017-07-12,a2ac2fb02c970f2da55df544acba8009,2017-06-16
5eee79207209ec0e102581f289e2a6db,6da5b0e51a41b4d08009f2ff650695b0,delivered,2017-12-19 16:21:01,2017-12-19 17:29:20,2017-12-21 18:18:54,2018-01-13 14:52:46,2018-01-17,0e46cea94f0f8f05954e2eab866835b1,2017-12-19
b1a4d93b091b621c2080d96449ded73a,a0e5b74e20d78213c2ccbbde9637332f,delivered,2017-07-10 15:50:09,2017-07-11 04:15:14,2017-07-11 18:55:45,2017-07-21 19:42:55,2017-08-03,8c40bbd48430800cdd35dfa39dd0e677,2017-07-10
8931c9e36c3b25b6ba7bfd32a38c1677,83e44a5511874831c347939adc6da046,delivered,2017-04-04 13:27:53,2017-04-06 02:46:15,2017-04-10 11:56:44,2017-04-19 11:38:41,2017-05-12,3ca5a15e04ae31d6e672d677f3fbea9a,2017-04-04
fdbd1f170a073a2252d7e8154089ae34,6cebe114e7af2d935c5ae6115ddcb03c,delivered,2017-06-29 17:05:47,2017-06-29 17:20:11,2017-06-30 13:11:31,2017-07-07 17:08:32,2017-07-21,03c81aea7f6a2ca145c62d661d8904c3,2017-06-29
0eae0847dbceff8611d706710c724ee2,6dcf67b90ecd61b5155d20ae6d2ecac0,delivered,2017-11-16 12:29:05,2017-11-17 04:15:32,2017-11-17 17:23:57,2017-12-12 00:04:03,2017-12-12,32cbf13009b27f34f920a6987b4004fc,2017-11-16
de2076727d0a51dfe4889b9cf85198e6,10be035a9bd22d830de5c1ebf53e1877,delivered,2017-07-16 22:11:43,2017-07-16 22:25:19,2017-07-20 20:07:29,2017-07-26 19:33:12,2017-08-08,3a68b7cd870be17efad7bf925fc1ea79,2017-07-16
d3b0d1fdd97b1842ff7f5b3caec74d9d,26f8f6faa46f8902102b41b5afd0cfb0,delivered,2018-05-04 20:59:54,2018-05-08 03:52:22,2018-05-08 12:27:00,2018-05-24 11:08:23,2018-06-05,87be2e09352ed18e2ac2f7408fba1c11,2018-05-04
a625881421471d07433770992a93acab,805ca5e9a718b68a2b005675eb7fdc29,delivered,2018-05-02 18:40:32,2018-05-02 18:58:27,2018-05-03 10:08:00,2018-05-05 00:28:44,2018-05-14,dce6dc77c19d239bfbe9d77dd4d0ef98,2018-05-02
f81635da25112ff9cc067e06b1a5d127,16d27ff13d909cb6345b2498a549a7b8,delivered,2018-04-14 22:07:02,2018-04-14 22:31:47,2018-04-18 03:33:42,2018-05-11 12:22:14,2018-05-15,7b1b45ec0c669ebe4a18f6c9789d0857,2018-04-14
a82f8bf2ea13782d44b5855dabcab94e,e5bde129321715eedcc20ccac0f121b8,delivered,2017-04-20 16:14:12,2017-04-21 05:15:37,2017-04-26 12:09:13,2017-05-11 20:35:43,2017-05-12,a40c49c2cd61eaff888052ee5f6867e1,2017-04-20
f41726f3a7dc9654767a9c5f80089ddd,53c3725c692f5b03879e463456f50d46,delivered,2018-06-28 15:28:00,2018-06-30 02:52:28,2018-07-03 08:26:00,2018-07-04 01:41:57,2018-07-13,5a5cba432d64c9227dee184cce3b5c38,2018-06-28
1e738ef9fa41ecf83ae9f37a89591620,372a5dc5cb0717a9e9eb801e085f4154,delivered,2017-09-03 22:18:34,2017-09-03 22:30:18,2017-09-04 23:09:57,2017-09-07 00:43:57,2017-09-15,5862be8ed207e292d3ae6eba8f06eb24,2017-09-03
3e6f06c624c7f67d6a0710e39ca97f2b,3588bfafc0f566f932f95f707e3a428a,delivered,2017-08-23 13:43:10,2017-08-23 14:35:31,2017-08-28 17:56:33,2017-08-31 19:25:53,2017-09-13,a7e9f3d12067b5c80bf46afa2c950de3,2017-08-23
4a091a1ad464c668b5e9570bab388148,60e0a6200d1ca99a12d7dc56c2ef0904,delivered,2017-06-13 16:41:30,2017-06-15 02:45:11,2017-06-19 20:05:53,2017-06-26 18:12:19,2017-07-06,2105aa9e3124e57f4f84b60561451a95,2017-06-13
34fad2c694d4b57ef78b164a097cf817,df151768000c436bd5dbef2f753606a5,delivered,2018-01-09 12:13:00,2018-01-09 12:29:04,2018-01-09 19:26:26,2018-01-23 17:12:21,2018-02-08,d4679a0bcbfb8293a8ee2c34fc08266e,2018-01-09
8e5f329bbfeedab5a25b115446d23d4c,688c5a754325b8c84629b9b436f9f51e,delivered,2017-11-26 21:12:01,2017-11-28 03:39:58,2017-12-01 22:09:10,2017-12-17 15:32:34,2017-12-18,36cfec707344b75d20e6c7ef583c3b8c,2017-11-26
a2ef683013be03a1d7903ecc7d17d48d,353a334017814ca877ef6e3827c891af,delivered,2018-06-12 10:36:52,2018-06-12 11:00:44,2018-06-15 13:57:00,2018-06-19 13:28:57,2018-07-03,18f4da4f495c1848dd46747ced9ac2d1,2018-06-12
ad3054bbcea42d1843d313b93d64d717,661ca01e275e25abbd4fba1eb6fc7b03,delivered,2017-06-19 20:22:26,2017-06-20 11:05:21,2017-06-27 10:48:59,2017-07-05 15:57:41,2017-07-17,e67af1efd445becc5019902668fe3218,2017-06-19
f98bb654902a31129a96822d0aecfd75,7865ab489110f0e8d34d777df1a967c3,delivered,2018-01-06 19:03:21,2018-01-06 19:49:24,2018-01-24 23:09:18,2018-02-19 19:19:18,2018-02-08,b197b3f5f7b072b1fd90a10874d41e16,2018-01-06
28ba5952fc9baba1dc6797734ca82680,b4486d6bad6090e04d0f13164eb03557,delivered,2018-05-27 17:10:15,2018-05-29 03:14:46,2018-05-29 08:43:00,2018-06-05 16:28:24,2018-07-11,bd46e9416816e9d51d5a32f4e92e9c5f,2018-05-27
4cf8e5fafb46ec3ef4e9b76e9eb2bf25,17679c354e803265772e7ebda35857eb,delivered,2018-08-21 07:07:54,2018-08-21 07:30:14,2018-08-22 11:18:00,2018-08-29 20:38:53,2018-09-19,bd315e83bbf6540e7d45fd73b5e41bdd,2018-08-21
60622e02fde39a42fe9654c41a6bba8d,dc5e62af617b1d8983d41a2d42c36162,delivered,2017-10-07 10:01:39,2017-10-07 10:24:39,2017-10-09 21:38:10,2017-10-17 20:27:42,2017-11-06,b587e778151420c7383b223defbb4c0e,2017-10-07
1a75bc259895ab33b0c12ebf388248b1,4ac3a7aed5325218bfd84a79ff4e0611,delivered,2018-03-16 19:32:35,2018-03-20 03:28:43,2018-03-21 23:26:25,2018-04-02 17:03:32,2018-04-06,4d29f94e4287a63b106004d2ef1dda07,2018-03-16
dabd0c4dcf382147050c6b2bdb8c9000,3f37f76b405a0b8b2782b9e9074dc4b0,delivered,2018-04-27 21:27:26,2018-04-27 22:32:41,2018-04-30 12:37:00,2018-05-02 15:51:41,2018-05-14,dc217a0f3a83615f17dc4a25dea1cf4e,2018-04-27
52f4d206be495fdbcc211af8b9c1d8ba,159c51bd752b13a29b404e47af4252a4,delivered,2018-01-11 16:59:52,2018-01-11 17:08:40,2018-01-17 20:09:55,2018-02-15 22:42:52,2018-02-20,2a106f11b8ddd823f56fdca06f043dbd,2018-01-11
182bfab5e6a0e4aeff7e4a8bcdace60c,e57a124568ca435c80fd78dfdc802d09,delivered,2018-05-01 10:57:39,2018-05-01 11:17:40,2018-05-08 08:27:00,2018-05-11 14:16:58,2018-05-25,c39b1611e1bde0b74ffde9c6bace989d,2018-05-01
0cc4679e0f3d7eb6a1e80d864e9a62c9,4fb7af6814466893de614d219265d0af,delivered,2018-03-28 09:43:05,2018-03-28 09:55:21,2018-03-28 20:51:19,2018-04-17 15:12:32,2018-04-23,aad51e35dddb1b364bf32a918ac53b34,2018-03-28
cd94ef4b0f9a66ee1a1cedbeb590e534,8cd2b07859256908ad3bf9ae3d9ef119,delivered,2018-05-07 20:38:34,2018-05-07 20:55:29,2018-05-08 14:05:00,2018-05-11 22:05:47,2018-05-29,139e9b262197482cdb63564b4c8ef115,2018-05-07
e0857a445e4a7cb184abf371f4d93509,f0b0e87c6020b718c95ef161988a2ddd,delivered,2018-04-09 16:06:23,2018-04-09 16:31:15,2018-04-11 02:46:47,2018-04-17 16:18:46,2018-04-30,2194d76f9cbdb59445f0f5b50ebd06b6,2018-04-09
ffb64a7ef1be26d9bd759c6ce1c47987,60f516a0beabe65a204371fb91b51cb5,delivered,2018-05-11 22:36:43,2018-05-15 05:14:44,2018-05-15 15:39:00,2018-05-16 13:31:58,2018-05-22,9290c171fe190ddc1a986b4edc6d6704,2018-05-11
616b813dbea8acc9de0ca0380cd89b83,a779fb63d731a6f7af0e4ef34aebc9bf,delivered,2017-01-16 19:04:32,2017-01-16 19:10:16,2017-01-20 15:18:08,2017-01-30 15:41:52,2017-03-20,c5cf9357698d4fbca794731fe22b1606,2017-01-16
b7c1e61873600816fefa3d64e946cf3f,bbe7d428a57c9fcd526483a8c7e1e384,delivered,2018-04-30 10:27:26,2018-05-01 05:15:11,2018-05-02 09:29:00,2018-05-08 20:05:12,2018-05-21,8d68f0ad9b8722d504684e1c11744cf9,2018-04-30
4460329ef6417ef6f526adae51f4a7ad,2bf3ee2dd00b4a7f6711638b2bce046e,delivered,2018-06-21 21:57:58,2018-06-23 02:20:24,2018-06-25 14:31:00,2018-07-06 18:46:24,2018-07-18,cea494148f468715902da1ee46ccaa53,2018-06-21
ac5222f836286b33e7240030ad79d7c9,0add590abab4b6a32dd267427d4e0fa9,delivered,2017-11-06 21:36:16,2017-11-07 05:31:26,2017-11-08 14:51:14,2017-11-22 20:37:35,2018-01-09,eb8707b8661dab96edd562cd748e3d25,2017-11-06
5c17db6907843b821b755f261feebc5c,8ada54b341ea8d687905f7b02315c91c,delivered,2018-06-21 21:02:10,2018-06-23 02:20:21,2018-06-25 16:22:00,2018-06-26 19:46:35,2018-07-17,a890cc518af3381526a1123908b19457,2018-06-21
703028d4e0b49bc9632bb3b92150adb2,61674bb665054e94cbd972c2d571809b,delivered,2017-08-30 13:00:46,2017-08-30 13:10:16,2017-09-05 16:26:09,2017-09-15 18:53:07,2017-09-19,caa82063c22259dc33023f5368f77220,2017-08-30
fa8cbd21c8617a2e568d5e448d8216bb,0b4bb47ad7433a75c47837b319077675,delivered,2017-11-05 12:29:45,2017-11-07 07:30:40,2017-11-07 18:47:34,2017-11-17 21:56:45,2017-11-29,a2ec34c17bddf46369fb937db73f57c2,2017-11-05
4308f4544f700c2e5bc48a12f92b60ec,6dd615ab569bc60cb1cc7b468c11208d,delivered,2017-09-27 12:56:26,2017-09-27 13:07:28,2017-09-28 21:17:36,2017-10-14 13:53:49,2017-11-16,1a23b051d310249a09fc86310b84ea21,2017-09-27
b1b0b7314cdf43b80c205664d0199dcb,33e6a7b54311533e70c06970909abeb0,delivered,2017-11-24 21:00:39,2017-11-28 03:46:30,2017-11-30 16:41:41,2017-12-14 17:55:01,2017-12-19,c60d996184cbbe8c51e010e4069d00df,2017-11-24
b817f6c3399d06c7629a445527b463dd,d7ad416ed73a8c500cb9da5685e78140,invoiced,2017-11-23 23:10:38,2017-11-23 23:20:00,,,2017-12-18,36460430131688c58d6698651f6f26a0,2017-11-23
935337c314d75668fe94f2a51ade79a3,7b3eb812221b3f3b1f3995cb15ee73c2,delivered,2018-07-04 23:08:12,2018-07-05 16:34:56,2018-07-05 14:13:00,2018-07-11 18:09:33,2018-07-25,deb36ab6f093fd67bc5eb3801b6d4390,2018-07-04
b4c317bb5f8fb237f37171f190e8d332,4c5ba5a65caf829664f58363d03d1c12,delivered,2018-07-17 08:58:47,2018-07-17 09:10:20,2018-07-17 12:04:00,2018-07-30 13:16:44,2018-08-14,c50794dfc62b62a84f72475abf38b4e3,2018-07-17
d5b4f23f53baadbbaaf0c6a983494333,9eecb0e524388f6bab5f8dab088a930e,delivered,2017-11-04 20:54:50,2017-11-04 21:05:47,2017-11-08 21:28:35,2017-11-13 17:43:16,2017-11-29,e2af42f42a86805055a8e71af58ee71e,2017-11-04
cb0ee3ab469cd28fb41ecb23abd8e2ba,7581ff8827f7dd1da797eab73553b2bf,delivered,2017-05-04 23:14:03,2017-05-04 23:25:13,2017-05-09 11:44:16,2017-05-10 17:22:06,2017-05-25,a124666e823bbd5fb77a72afc8c1360c,2017-05-04
f071b368fba027eb94d3880678104d50,10b6ca8551febff6407d7331aa0c95e8,delivered,2018-02-28 16:17:01,2018-02-28 16:35:33,2018-03-02 01:15:08,2018-03-20 20:48:47,2018-03-22,b3446540ddd2f45621cc3b34b6b1b5f5,2018-02-28
7fc9bc524999371333a753158b5569ce,90227e52d4a22770ca74c68237962650,delivered,2017-07-01 11:59:08,2017-07-01 13:50:19,2017-07-04 18:28:23,2017-07-18 18:59:45,2017-07-27,fb9fda4bf298294256fe6813651849df,2017-07-01
48a6a2ea9e635b0f27e8211023213a25,6d22de51ac143b9d3c0f64d53788ea12,delivered,2018-02-05 20:43:03,2018-02-05 20:50:29,2018-02-07 21:21:47,2018-02-27 22:25:03,2018-03-13,13d04f61bea0332b8d69918a99e7fb22,2018-02-05
b2ba6dc36919f6194acddab3c69c65b5,6fe9ae6b3e2e3ee18fddcfe17f29b226,delivered,2018-08-07 20:39:45,2018-08-07 20:50:28,2018-08-09 09:35:00,2018-08-10 13:54:58,2018-08-10,3fc19a1a15d5d29c01c2f687bd497d00,2018-08-07
0b8c19c0cc7dce8d3706d6f67008d18a,1b2930f7c6cbbabfab9c4842b78b84ee,delivered,2018-06-30 10:50:35,2018-06-30 11:09:58,2018-07-02 12:17:00,2018-07-03 21:18:56,2018-07-16,96893cd7782b0a79e7ab4127b6b8308f,2018-06-30
aa0950e3a8e609915c52b40444bf863e,c8e45b2e5b92d6bee52f6202d09eb4a1,delivered,2018-06-18 23:21:17,2018-06-18 23:35:55,2018-06-19 14:05:00,2018-06-20 16:57:38,2018-06-28,4fcf03fe433130324a017681a545cdb4,2018-06-18
5145b58a90c0dfab75617173b511a9db,882c161de9c06e182c48af4fd3165aeb,delivered,2018-04-25 00:27:35,2018-04-25 00:50:34,2018-04-25 15:41:00,2018-05-02 20:32:33,2018-06-04,fd24856754e51f50470e7ced0c26f7e5,2018-04-25
676909a2d3e6b18493578ed09d3e9e03,7e059909ea55e4548694d7da1ee6ab13,delivered,2017-07-20 19:29:03,2017-07-20 19:43:26,2017-07-21 20:46:36,2017-07-31 17:37:45,2017-08-23,81dd076fa69df9e4070cd4a002343a76,2017-07-20
9c8b3e3a0c6ba4c5497158fe7aa2a1d6,dd0329246296428beec510ea36313e31,delivered,2017-11-16 12:13:06,2017-11-16 13:15:59,2017-11-21 23:52:12,2017-11-22 17:23:50,2017-12-19,0ce6b211bcabbb0ac784f87fe2a27583,2017-11-16
811ecf2dd75f2d765763c2c20c539cdf,1141b746bb3d5b1597f7795b5b9a5fb0,delivered,2017-11-03 22:13:13,2017-11-03 22:31:28,2017-11-10 18:41:36,2017-11-22 22:07:33,2017-12-04,e035ab2e06d5643295a12b3a0eaf892b,2017-11-03
9a613bed98997c9e9969a5b93500f491,4efa34eebe6ae48cc9d684bf60c097bb,delivered,2018-06-07 11:12:43,2018-06-07 11:37:14,2018-06-08 14:50:00,2018-06-13 16:32:10,2018-07-04,2d9bc9b88f3e84a2f60c0e095b3ca088,2018-06-07
66e5f96d076487a42c974bf90c721b72,39b13247a091cc900da65124ac9e3ec6,delivered,2017-05-17 16:39:59,2017-05-17 16:50:17,2017-05-18 12:01:29,2017-06-02 13:53:50,2017-06-13,69230c246b15eb0dc6ca4c7702bc06b5,2017-05-17
bfee0e661250e978b89fa43a909f038f,3a0b54115011302ba73d357d8fb9bf8f,delivered,2018-03-17 10:55:42,2018-03-17 11:10:29,2018-03-21 21:25:43,2018-04-02 23:47:03,2018-04-09,44fd50949efff9759f3d9f131046fcf3,2018-03-17
b90e14223088b3ffba011828a64a73ca,28b2a01812347760419e5a982fa418d0,delivered,2017-05-07 11:19:44,2017-05-07 11:30:17,2017-05-09 15:38:06,2017-05-18 11:49:56,2017-05-29,d8bc9771c6a660e925fb7f20294462d1,2017-05-07
d1e51d46442dbad6b79b800dc7293869,312d3027d9c519119c09bbfe52d6a912,delivered,2017-11-21 16:06:04,2017-11-22 02:53:14,2017-11-24 19:03:08,2017-12-11 19:43:30,2017-12-11,1e2b09af9e516787510eb03a74630ff9,2017-11-21
e9874f4e48ede77b6b9d785ac3755445,c48d4e4180ccba3ea9e4acd586387e00,shipped,2018-03-06 18:52:52,2018-03-06 19:10:13,2018-03-08 16:51:54,,2018-04-26,0c04b066b1b4469c7895a82916f8d6b5,2018-03-06
3c3360c269e1a6ac43d1bd512056e1f8,61997754df4745f5724d60969f0ce80f,delivered,2018-06-13 16:13:17,2018-06-13 16:39:43,2018-06-14 12:33:00,2018-06-18 21:29:28,2018-07-12,71c81bfb20d0429908ada59126f896c4,2018-06-13
068d0d74dbf3b124a2b65bb2aad2387a,28c8cd18a3ff842d291c265fd0972698,delivered,2017-08-10 12:36:54,2017-08-12 02:55:52,2017-08-17 20:37:23,2017-08-28 16:56:02,2017-09-01,177014bc78f1488de6c8f665bc9499af,2017-08-10
fa8c5007932982d517e2d488553a624e,ea5af70cf269a71eb7df5def9793b76d,delivered,2017-05-17 12:11:34,2017-05-17 13:06:27,2017-05-22 14:24:54,2017-05-30 12:57:52,2017-06-08,48c00b39585b96a1f6211bd8cc6e8cdd,2017-05-17
73f70b1295693613357885d3d46692b9,caa328cc16c5d4342c63362edac36f7d,delivered,2018-06-18 15:56:52,2018-06-20 03:18:49,2018-06-21 15:35:00,2018-06-23 17:34:41,2018-06-29,61077e15379bbe464d2f56f25867be71,2018-06-18
3451e358dcd1b3eb514821e4e9772ccc,ad036c529b82e8fb8dadd3d80aea5b7b,delivered,2018-01-13 19:59:20,2018-01-14 19:54:26,2018-01-15 21:58:49,2018-01-19 08:38:21,2018-02-01,fe2e54628fe48256309f2fcafd1ea925,2018-01-13
2047712d309c37ea8b67d413cd8632e1,8688c18df2ad90ba2e2bfae32068eebc,delivered,2018-02-16 00:27:07,2018-02-17 02:07:56,2018-02-20 22:37:39,2018-03-05 17:28:53,2018-03-14,9b56f71b7265dab539b7a927726d0869,2018-02-16
d05d5881240a2b6f02e90a83bddc85cd,940958db94c59ca04dcc41aa5cb5417e,delivered,2018-08-04 02:33:09,2018-08-04 02:45:08,2018-08-09 13:32:00,2018-08-13 18:22:39,2018-08-09,84e037025fe4760f11813baa2e18191d,2018-08-04
e4107fe2ed8e28268d643047f748cad2,bb8653cfcfbd0a92fae0ec7373ed8a3a,delivered,2018-01-27 11:14:07,2018-01-27 11:34:29,2018-01-29 19:33:53,2018-02-02 16:26:59,2018-02-21,920dc471f9e6bb870b2aeb5135ad1690,2018-01-27
a350e8cd63ddb81fb38898d3666a5e8c,3ed02ecec86b66da53e5b117fc5685c5,delivered,2017-09-21 20:11:08,2017-09-21 20:25:16,2017-09-25 19:33:22,2017-10-06 18:14:16,2017-10-23,95a8f0b8b0a52854c66128c2f8a8dc66,2017-09-21
a5120ed3cf3bce38162653b51ce81d04,f217fb5fdfaf6ecb61bac6b6b5bbd3c7,delivered,2017-08-05 10:22:53,2017-08-05 10:35:15,2017-08-07 21:58:41,2017-08-14 22:52:14,2017-08-25,006d763076d74d16d66e828e79ec1544,2017-08-05
9788236680f37865a436975b87343adc,f19dbaebe68aa4476b88208062c068d4,delivered,2018-01-07 13:19:44,2018-01-07 13:27:08,2018-01-10 18:29:05,2018-01-29 23:43:08,2018-02-22,07ab0a48e96ddceef0830d6e586bb657,2018-01-07
b52a329bb5fd9e9faaf1475d96306bfa,2be98376cf2736a3f14813ae95fc6969,delivered,2018-01-18 11:20:23,2018-01-19 02:37:34,2018-01-19 22:13:50,2018-02-08 11:52:43,2018-02-19,d554e471b3bbb124fba7ba2321fc2e96,2018-01-18
573131fe2b7df5e3ce4d88bf7702f6d0,c6178bc9698c804aa6325efaabfd1b79,delivered,2018-06-28 18:18:26,2018-06-28 18:32:17,2018-06-29 14:41:00,2018-07-03 22:05:10,2018-07-19,0ec154c53e3d538d19d2e0c8d445e36d,2018-06-28
2ba6f4043547bc847cc055c975cb57cf,af204ae44962575977140c5d3a95b680,delivered,2017-06-25 10:33:52,2017-06-25 10:45:10,2017-06-27 13:36:19,2017-07-04 18:47:40,2017-07-18,783ea32237d1b8d2a5d636df0c497e12,2017-06-25
90f0e72dfebcd41e26656d079d881674,509efbe31adf8f6409b0fdb484d79208,delivered,2018-05-20 22:33:40,2018-05-20 22:58:20,2018-06-06 08:20:00,2018-06-11 15:47:50,2018-06-07,a4c6daf94bccd97601f8a793df390c50,2018-05-20
c1483dff7c3e7cd1018e710012ec892b,48cd1ed053ff301d5fd7df23ee7443fc,delivered,2017-10-03 19:34:26,2017-10-03 19:49:26,2017-10-06 17:17:31,2017-10-21 14:23:55,2017-11-07,e6faa90fd09ae3fd3e71a68ef6efe50a,2017-10-03
e32eb573740a87c938b90b290605b617,49ceea8899f3a3c0198faa2485ca942c,delivered,2017-03-28 11:53:16,2017-03-28 12:08:07,2017-03-30 10:52:28,2017-04-05 15:23:05,2017-04-24,90b7c47e96fda16de4d167039ebd2a9b,2017-03-28
dd8532619e81337caf4ddc77fb34d981,4c82b862da252196bc8936f210aadc8b,unavailable,2017-05-15 10:58:15,2017-05-15 11:10:15,,,2017-06-02,6d5b0e53cf8e36411759711cc484be50,2017-05-15
5077a1b94d4072142bd61997c902af34,594e0e241cd8964a40c54192cf408f6b,delivered,2017-10-01 14:07:57,2017-10-01 14:14:16,2017-10-04 20:48:01,2017-10-24 15:03:04,2017-11-01,ca15fb6bf5ba50ffdbf4e6a1e6bd8953,2017-10-01
0e135d08663e167e3c28ef4b5c61424c,6f641c501d95682b72a561a3b199f7a0,delivered,2017-08-01 12:02:03,2017-08-01 12:15:16,2017-08-01 18:04:19,2017-08-07 17:25:03,2017-08-23,12837d1018c32ae0d5cbcbd85c1036ea,2017-08-01
7ac220abf3a320355ee2493db7555d03,e58603565b5afac05cc24ce572635932,delivered,2018-07-16 14:13:44,2018-07-16 14:25:22,2018-07-17 12:06:00,2018-07-20 17:06:23,2018-08-09,d74572d564d4ddc3cf3d286fdb4145eb,2018-07-16
9676f1e8ea577fa55c55fdf4f0083a0d,2de3c6bbbf7519ebf48c6b28a2416227,delivered,2017-10-25 09:34:31,2017-10-25 09:49:20,2017-11-03 22:14:13,2017-11-08 20:17:32,2017-11-17,7261dd01631e24a142a24865f973a338,2017-10-25
18a2975cf60c93ee6d1b866f3f040633,a6a53a21b27c88cd037a75646ad9fd8b,delivered,2017-10-02 16:39:00,2017-10-02 16:49:29,2017-10-04 21:04:26,2017-10-10 17:13:59,2017-11-03,afa7e011bb39c57c1a6576b4d8f4f8b0,2017-10-02
c700e9f1475f6382715808e85be57b59,52fbf1dbb0b436722374fff4d86eadfd,delivered,2017-11-20 22:07:41,2017-11-20 22:14:26,2017-11-23 21:04:44,2017-11-27 17:27:15,2017-12-07,5e160cb83fa6486ab168ad741a875523,2017-11-20
c84dc3e7ffa263c94450db56ec2bd44e,3b61325bcfd9a7f3ae68bc8bab807fb3,delivered,2017-12-31 00:14:58,2018-01-03 04:29:35,2018-01-03 22:23:36,2018-01-24 19:55:48,2018-01-30,1d1c83a7ec3d0ddf7aec597d14c6f558,2017-12-31
b0df2a6f7569a5a874e3d15bd27bbd6f,3620c99ac6d42c6c82d0ce6f327a8901,delivered,2018-05-25 17:37:22,2018-05-25 17:52:27,2018-05-28 11:28:00,2018-06-21 02:08:38,2018-07-17,c9fa2b5fb5a674e4b3f47db77d0e21cc,2018-05-25
e8a8ff2fda1e5eeeed6e56a9a882f648,86eb5f9093235e1e5e2f6db715b98ac8,delivered,2018-05-30 15:58:17,2018-05-30 16:16:36,2018-06-02 08:57:00,2018-06-19 18:22:28,2018-07-17,f42015042a0a93d1e860d63a5cc2fbcb,2018-05-30
7797659fa7b8f16a68562da5976d179e,07268a96fa4f3812925fa07de7cc3c73,delivered,2017-04-06 15:26:20,2017-04-06 15:35:15,2017-04-07 10:00:22,2017-04-27 09:56:53,2017-05-12,e43b0c7c3c094e8f7b8c49562a9a9f0a,2017-04-06
522eec5aa38ae3153b1c1a94e013947e,39eda8beee70b851aa9ba9040fb44615,delivered,2018-07-05 16:25:40,2018-07-06 02:35:18,2018-07-06 10:27:00,2018-07-09 18:16:53,2018-07-27,9790c90c5b3a1a5237c11433331af1cb,2018-07-05
71c56e89b74017d9b26611547346b7b8,9f964108ef98c1c188f639dd5f6f8cfc,delivered,2018-08-08 14:18:37,2018-08-08 14:30:12,2018-08-13 16:13:00,2018-08-17 01:04:20,2018-08-24,f4535f35e83a2a2459dd49397f55ecc7,2018-08-08
e4c5944219ba806a2c6bc1596facb602,8c82a15c73abff1c442ecd4a9e44071b,delivered,2018-02-09 18:15:24,2018-02-09 18:30:26,2018-02-14 19:46:38,2018-03-02 01:41:52,2018-03-05,d1d072b394ad1c5ad7a9161d72112606,2018-02-09
f9ae6383e4dfb7b5d309593d052000d6,d8625017429f160bd561b8a77715ce22,delivered,2017-04-21 21:01:41,2017-04-21 21:15:17,2017-04-26 20:24:31,2017-05-09 15:03:04,2017-05-11,ed0c1fea8c117647834a39edd665533d,2017-04-21
b4a740a590b5576fb4a95cba71d80c5d,ed2a1af23e7ea93b692e4ce29132445f,delivered,2017-12-12 12:24:04,2017-12-12 12:34:25,2017-12-12 22:25:39,2017-12-29 14:39:25,2018-01-05,ea1f9ee525ae126bf78f44bd09585ee4,2017-12-12
2966209e856b37a6b9be138d6d7910b5,3e596d8525490f4f775fa272e4f988b1,delivered,2018-06-22 22:18:21,2018-06-22 22:37:35,2018-06-25 16:22:00,2018-06-26 20:58:41,2018-07-05,2779bd04608d4a84a1280f3a0b5f6e98,2018-06-22
ea07d806c0b64019983aad62a7ee6ba5,a0d7b33207a3e704649cc1c9037cc900,delivered,2018-01-29 10:43:48,2018-01-29 10:54:34,2018-01-31 14:57:57,2018-02-05 23:46:32,2018-02-20,6aa14366984bcc5f1ea760928283d451,2018-01-29
090e9f5faaeef6a858eb1663e67c0838,2ccf8938c99370e26a1a6e9717654be5,delivered,2017-02-04 16:31:24,2017-02-06 06:30:07,2017-02-07 09:56:11,2017-02-14 14:55:28,2017-03-01,8ef11e4f3a4cd4c99e6d177b52f6703e,2017-02-04
fcb5c3253dca0627badc4dc2d5a9c988,a930629079c8fab9993fd5eedf12de02,delivered,2017-02-07 18:06:18,2017-02-07 18:15:16,2017-02-08 09:38:54,2017-02-16 13:15:02,2017-03-08,a7404213c373cd2bd26f31b3d4dc72d9,2017-02-07
8f1946021a4dc73534475dba23e2a5fd,bb061028b40526dc7bee794b00563a0e,delivered,2017-06-26 08:27:44,2017-06-27 04:10:18,2017-06-27 13:11:14,2017-07-07 19:49:22,2017-07-18,454e443402192db305350b0d11cb393f,2017-06-26
2a0d4cb4d13b9552d7556878a2b38f97,f3114662f22c3eba559e52116032733c,delivered,2018-05-18 09:00:22,2018-05-22 08:34:03,2018-05-22 09:33:00,2018-06-06 00:42:38,2018-06-25,152b416b4df4eea5ecb8dd076de42529,2018-05-18
b857ab4fe30b0d1e9eaa0922b8a8d364,98d3c3f34ca9bbb7c3a7e69d626b90a0,delivered,2018-05-18 19:56:54,2018-05-18 20:17:29,2018-05-29 14:10:00,2018-06-12 20:11:52,2018-07-03,97b27e8f7862217bae2f5bbc66e15b77,2018-05-18
ca0d7c055f7ec0f5ac169160dfceced0,ba8e2b14bd6a277ded36f4bb5e953bea,delivered,2018-05-04 10:28:52,2018-05-05 03:10:23,2018-05-07 13:28:00,2018-05-12 00:46:34,2018-05-25,aee170917bc42dadeeb33ed144a7fa46,2018-05-04
5664fde64525f1c1c6a8ef23aa35dc22,e8520f962df6b697d83e26d9d0307ba3,delivered,2017-07-08 11:40:20,2017-07-08 11:50:17,2017-07-10 20:27:28,2017-07-15 13:41:07,2017-08-03,3cf33c394bf39b538eacf3d4ce394b74,2017-07-08
a08a716f7c4514877f9f907aa11294a9,f9a80227a087e3a2008a73e0b19a54e7,delivered,2017-12-01 14:05:44,2017-12-01 14:31:48,2017-12-05 21:27:07,2017-12-08 22:57:33,2017-12-26,73b78f75df448f01b52aee67c38e1b4d,2017-12-01
2ac8de6b0905ecba2257dd9c59282d0a,d3b11e1b5c7ab076348544e22f666aee,delivered,2017-05-05 13:18:58,2017-05-05 13:30:20,2017-05-09 10:57:23,2017-05-19 11:04:34,2017-05-30,37c3f89f8aba3397e77641ebff3e3689,2017-05-05
9570539b2a98b46f96b1b029b1d76b03,cac5f6355ab50f1e1601e864e3735c94,delivered,2018-05-03 10:12:23,2018-05-03 10:57:09,2018-05-04 10:19:00,2018-05-23 20:59:53,2018-05-30,90aee4ffb98cfdb9d46b7cef63b2428f,2018-05-03
c46b48abd599551232324a6e9077bf19,f760b83264231599706a6e4df91fd137,delivered,2016-10-05 11:01:40,2016-10-06 15:49:47,2016-10-10 15:49:48,2016-10-13 15:49:48,2016-12-05,90fda9374b3c767ab5f2ed071d2a69bd,2016-10-05
cbc7e44581d2fd89d19be4699b356a62,831df3c9586948c387965d2e9efa5c86,delivered,2018-04-02 22:38:27,2018-04-03 08:09:01,2018-04-05 23:38:41,2018-04-19 21:31:55,2018-04-19,8c1d5869f4f4d2e88714017c98c619ff,2018-04-02
89d97ea4b834af6d90d63888a220bcf1,49b19f4a6f34485ca671a856b84076b9,delivered,2017-11-24 22:13:20,2017-11-25 01:16:50,2017-11-28 21:27:48,2017-12-19 23:34:58,2017-12-28,09d92659b9a64c3db7b4c24f65c53153,2017-11-24
b529b5646a76c35baa0f143c06c4362a,ae5a0cc27a6c62814813be49a79a70bf,delivered,2017-11-29 11:36:20,2017-12-01 11:31:53,2017-12-05 17:25:16,2017-12-20 20:54:39,2017-12-22,bf8752e9a70c5a1de4c8972dabf15f9d,2017-11-29
3b877853212414d83731fdd45a6297d6,72b4e72a035c582189e59261116a9bcb,delivered,2017-12-11 11:05:40,2017-12-11 11:16:21,2017-12-15 20:56:52,2017-12-26 17:24:39,2018-01-04,91fbb29c540749436bdc5c8e812ed341,2017-12-11
55881111d8b37a0e45cf97b156ae1943,44bc4c58308826749dd6bc260f1ae5f9,delivered,2018-08-01 22:12:32,2018-08-01 22:25:11,2018-08-03 12:27:00,2018-08-08 19:48:52,2018-08-15,b659acd60c6a36583dcb78c06639c324,2018-08-01
28e5bb233e98e648c631612aed074a77,7e59547280d79ce3d8b5d913ce9d9056,delivered,2017-12-14 21:14:10,2017-12-14 22:09:14,2017-12-15 21:34:12,2017-12-26 19:09:33,2018-01-10,c7dbf773e645562d5029eed451ca8c27,2017-12-14
4a27c106139f0804241485daa3def0e3,b92e5978219eabbe9cc49f3c4ce58d2e,delivered,2018-05-06 07:58:38,2018-05-08 20:31:41,2018-05-09 15:18:00,2018-05-18 22:58:43,2018-05-30,6f9d645c44bf178f4bff7ee1b000f534,2018-05-06
01882618ede11253381513166b49429e,8f7ecb4570dccd8aeb216db7823da1de,delivered,2018-06-24 10:53:21,2018-06-24 11:58:10,2018-06-26 09:03:00,2018-06-29 14:16:53,2018-07-23,ad0a5744b9ef9ec052eb092d894edab1,2018-06-24
87f124d844740e9c9941e7b7c39381bc,b30f166025700dc3c9bbcd544537aab6,delivered,2017-06-28 14:55:19,2017-06-28 15:05:18,2017-07-03 14:32:25,2017-07-13 19:17:30,2017-07-28,202efea45f8d5ef76ccbecdf3ea26087,2017-06-28
b85a7527aeed7648354efec94c8db7fd,d9c2e17e0fbeebd71fa661d9d6bf65bf,delivered,2018-02-22 17:42:15,2018-02-22 17:55:50,2018-02-23 22:59:33,2018-03-13 11:46:47,2018-03-21,ae3e64cc7bae194a4d37f3443458fc72,2018-02-22
d34b43bca6cc1cb6d49c06d6090770eb,fefa91acc814aec83681c20fd5bb0b50,delivered,2018-05-16 11:07:06,2018-05-16 11:34:14,2018-05-17 13:51:00,2018-06-08 19:33:49,2018-06-01,23e6034e441adc938c4da65f14aaabd1,2018-05-16
4838d1c1cbef87593a3921429e633ccc,b3c46b392f9c8ee8077c19223ec84e5b,delivered,2017-11-11 20:33:33,2017-11-11 20:50:31,2017-11-17 12:36:57,2017-11-27 22:14:35,2017-12-04,678ba518d8d690eb6f497f33b9c1268e,2017-11-11
f43852197ba26a2152a47dcb6d17ffe3,9a2d62a0c2e38209cfbec8ac62865efa,delivered,2017-07-10 06:04:58,2017-07-10 07:01:04,2017-07-10 18:27:19,2017-07-14 04:03:02,2017-07-28,681d1e1eb3d2ae23850f171f8b979cc6,2017-07-10
070f532c26f2505352210937089dfc79,eab17ddda36cb27ac825d56bcd269a0f,delivered,2017-09-14 07:12:52,2017-09-14 07:25:28,2017-09-14 17:34:34,2017-09-20 19:02:41,2017-10-13,3b4996aac9f52d741bc5d4df7da45070,2017-09-14
87ce1ba607d9e1d2a6bf775acaf33e98,f7bf8eab7027399a5a9ffe05d16fa21b,delivered,2018-04-08 21:48:15,2018-04-08 22:09:38,2018-04-10 22:56:47,2018-04-11 23:26:33,2018-04-26,5d48cdf4069f36c5eef7cb1ef1cf7a1b,2018-04-08
1782944168d9dc2fcfd025bc44d898c8,9a033d3ece10a355d14111f8dabc115a,delivered,2017-03-15 01:34:41,2017-03-15 01:34:41,2017-03-15 14:03:15,2017-03-20 14:41:56,2017-04-03,b67b789e0fba679332dea99a8d881001,2017-03-15
54bfdab89d1d282e8d79365aa32a86f2,b87e13936750898a0ae99e6436f4e07c,delivered,2018-06-21 16:33:33,2018-06-21 18:21:11,2018-06-22 12:46:00,2018-06-27 13:11:25,2018-07-27,ce13e39175c06127546ee81a44b5bd6d,2018-06-21
c0f229f61498b44c4a8790aafbf9397a,f568e7635b070696aac4c756f681f64d,delivered,2018-01-05 12:32:12,2018-01-05 12:39:26,2018-01-08 18:49:38,2018-01-10 16:54:36,2018-01-23,a78eb25a21553da55b96ec613a7b5a65,2018-01-05
6cda04e989dcb90b7a42f11b3638d824,ccab72b69816bc0aced2d261a8ebe248,delivered,2018-07-24 15:26:29,2018-07-25 02:45:17,2018-07-25 11:47:00,2018-07-26 17:02:48,2018-08-02,6e9359d145dcf22cc8c1d9116f403f17,2018-07-24
4617a1e4f74a5e42a73b281034db89c5,f41285f949fc7f25a0845316f92bb7f2,delivered,2017-06-27 21:05:50,2017-06-28 02:15:27,2017-06-28 11:50:05,2017-07-03 11:39:26,2017-07-17,cd2e300f9584229af9e692e16b542438,2017-06-27
fa4dbdc2240b30eb41532f7a04684661,dca00fb1b6171b7131da91f9df6592ac,delivered,2018-02-23 10:11:33,2018-02-23 10:35:44,2018-02-28 19:39:51,2018-03-22 20:58:56,2018-03-15,35342fd736cab1a2cba457e32eea1df3,2018-02-23
19d8b9d9a60cda90fc402ad5580a0faf,55301531b32179f1220ed9cf9e5d4344,delivered,2017-06-09 22:49:58,2017-06-09 23:05:10,2017-06-12 15:48:31,2017-06-19 14:06:04,2017-07-13,1ea121b29441e4495f89f55c9b40f8fa,2017-06-09
acf06644cacca76ec575d6e2b7ca9c1d,05cf8b2243fd1c51697c4105e149d99f,delivered,2017-04-29 12:02:34,2017-04-30 12:04:03,2017-05-02 12:10:04,2017-05-08 14:58:16,2017-05-23,a08426483b26b09cf51f1f158c01e16f,2017-04-29
519bd24b712bf33ae1d38e2080c1e5b1,2b90890b2113b49b09d4db68083c123e,delivered,2018-02-15 12:20:50,2018-02-15 13:00:26,2018-02-16 21:40:05,2018-02-21 17:08:07,2018-03-15,62f6dc882378c3c86ab88d18a4a254e6,2018-02-15
2fc8432d4f906403e2bf04d81163b220,184d23e310d63277601c41d77e1c45af,delivered,2017-08-24 11:44:57,2017-08-24 11:55:21,2017-08-31 19:25:52,2017-09-06 21:05:38,2017-09-14,cd36cd7b59aa0a34c594aa8b22cd69e2,2017-08-24
76b5a5fc007406c38125f8d12147093f,0a69a5c6297718d8964fba58fbb675e7,delivered,2018-03-11 20:54:38,2018-03-11 21:28:13,2018-03-13 12:48:41,2018-03-14 22:38:42,2018-03-22,f2d2623248546be027a13f28302413fb,2018-03-11
e6572de73e295b8613a4716a3a1f15d6,d43f51543fb5e83578f7ce4f13fc49c5,delivered,2018-02-19 15:20:06,2018-02-19 16:27:25,2018-02-21 18:56:04,2018-03-12 23:38:43,2018-03-14,a7ed3530470d69aa8cd5ff6e072e7f4a,2018-02-19
79c96fac5fd38406b272b04b54d54083,a798a4aa2bb7233493809641689343fb,delivered,2018-07-14 07:30:54,2018-07-14 07:45:12,2018-07-18 16:23:00,2018-07-20 19:44:53,2018-08-08,1813c83c53fd9f69d5ceba8106ea65cc,2018-07-14
7aaffbd34cee1970afc42ae26489ca31,8e9bb73ffd143cbd9ac3766df76aaef9,delivered,2017-03-20 14:45:56,2017-03-20 14:45:56,2017-03-23 15:59:52,2017-04-03 14:08:22,2017-04-11,b7f170888469e5332e43c92edd77793f,2017-03-20
1c3f5d77360bb33e56ac9ab123e07d6d,69ed38d3310866ac3a86f4327cbc8d86,delivered,2017-05-31 19:07:38,2017-05-31 19:15:21,2017-06-01 08:38:15,2017-06-12 13:42:33,2017-06-21,9e661ef978082e6ba79418d76f45fd7a,2017-05-31
a2d57c3e9335cbd7ba8c89cd98c26676,b7c3a1727e5c7be9e16f997786ac6f0a,delivered,2018-03-24 18:59:42,2018-03-24 19:15:42,2018-03-27 01:51:12,2018-04-13 18:25:18,2018-04-18,98995340f03a69ce55a0c5abe872cf85,2018-03-24
ee88bb223301673ac86437df9974b25d,aeea97d6cf1ffcf9352160c54c003b38,delivered,2018-03-05 18:17:25,2018-03-05 18:31:25,2018-03-06 22:42:19,2018-04-09 16:56:50,2018-03-21,7f4b748b4fddd852eaa8cb2e1596d7cb,2018-03-05
a47c6e02b84d8dea0ec21748a611293e,3e6d5ab80ad405a8ebfe75d52974e93c,delivered,2017-01-27 22:07:02,2017-01-31 04:40:23,2017-01-31 12:03:23,2017-02-02 18:33:50,2017-03-08,e7b4387753fe653df8d20554cb443465,2017-01-27
68f5529a9d5082c715fa0369baf4ddff,0658d5a2ae9ee0fda5faff1eb552fd22,delivered,2017-12-07 21:08:03,2017-12-07 21:18:30,2017-12-08 21:31:53,2017-12-10 16:57:10,2017-12-27,4a63fee76413edeb59e7399086651c94,2017-12-07
f9938fc84bc7f6ce7d868a41dace1777,bc966495521575680633f5323eabd01d,delivered,2017-08-12 09:44:54,2017-08-12 10:04:25,2017-08-14 14:58:03,2017-08-17 18:00:32,2017-09-01,63ab8b15c892ae26b220368dd9a1ed89,2017-08-12
36b036769c93a2e59324ac996fb51e2b,dba4de664261c717944311ec85f888ab,delivered,2018-08-21 19:20:14,2018-08-21 19:30:50,2018-08-24 12:22:00,2018-08-27 19:32:46,2018-09-05,78e0b35105bce7cc43ea81a4bbe7be3e,2018-08-21
9cb1433345225b0c4d9449e593900bdd,6df3e1d2f32e019f4bad7640293ba4d3,delivered,2018-02-28 09:48:17,2018-02-28 10:11:36,2018-02-28 22:14:13,2018-03-01 23:48:59,2018-03-13,c1a9251508def21d0924f9eb2ed8d3bc,2018-02-28
8f3987cbcd3306eab72ae123764da5fb,ffdd933fe636d97903e7a4758faa8c6a,delivered,2017-12-02 09:06:33,2017-12-02 09:17:23,2017-12-06 19:17:49,2017-12-11 16:37:44,2017-12-27,bb9fc56355bb977fe213512abc845212,2017-12-02
556e5ad87434de71e0948b9bca0046f5,a5d5dd7dd3d50ed0b24c2e230ac2c486,delivered,2018-05-31 10:57:51,2018-05-31 11:15:21,2018-06-04 13:45:00,2018-06-13 21:28:45,2018-07-13,684f8ee2f2dae77916ffad8a9141d06c,2018-05-31
cf290442e580bf03533aabf4c492b6b5,1084533b0217e620e4b6e79b90e7a077,delivered,2018-01-23 16:54:31,2018-01-23 17:02:36,2018-01-24 20:24:34,2018-02-01 23:28:53,2018-02-20,b25a21b56a2d74da49e04cadbc9e0dd8,2018-01-23
7106145f3789df33a461a2544bc2953a,9c55ef8e0bdf003d13d7978e45a3e370,delivered,2018-06-06 21:58:02,2018-06-06 22:12:22,2018-06-07 13:58:00,2018-07-04 14:11:34,2018-07-18,52e864f1eeba1b08db7f43ae6d5a292f,2018-06-06
5c87f97c103f08f9cd977b07384a3fd3,21105f1f5855e8327a4030ab132b915f,delivered,2017-05-29 20:21:22,2017-05-29 20:30:27,2017-05-30 10:36:19,2017-06-05 14:00:00,2017-06-28,21386d063ddd1d5e1b0537f33f32a11d,2017-05-29
5e13d329c7f14276973d82e2cd49b490,5612114672ad64e961d09613b8f196e5,delivered,2018-01-17 16:48:17,2018-01-17 16:59:25,2018-01-19 19:18:38,2018-01-22 22:38:04,2018-02-01,2c887d4ebb9615a02c2a43b2fbea9108,2018-01-17
f91129f9c042c85dbc000f46b36492a5,11e3ca02fb7ecf2f3d8cb15ec85e2fd7,delivered,2018-07-30 15:33:14,2018-08-02 13:43:18,2018-07-31 13:36:00,2018-08-08 15:12:31,2018-08-20,39c3f1da75901b25ddc87e18ba12238e,2018-07-30
ff3c0c2207c6a0aad6029251042fd6d1,547d508789892862fb96edcdecc4b261,delivered,2018-08-14 22:21:43,2018-08-14 22:30:27,2018-08-15 14:35:00,2018-08-17 21:18:44,2018-08-27,71b1fcfaec7986c1f21990eb91d26fc1,2018-08-14
ec311444a53b23c85b5004ee2682b76b,b8049e11dc7ad49410a712171319be65,delivered,2018-03-07 15:45:56,2018-03-07 16:10:59,2018-03-08 20:46:37,2018-03-21 22:53:50,2018-04-03,f9f571e4fa21da1acdb441c498fa9eda,2018-03-07
02f751c4c2fc8ca376b65c8847b65f4d,4885fcba25b353494b21f5c6635adb34,delivered,2018-06-16 09:42:35,2018-06-16 09:59:44,2018-06-18 14:11:00,2018-06-20 20:03:34,2018-07-05,0b4b0cf6ec37c0546f6b74ed7179428b,2018-06-16
7d0a55e8ef248b7bec928b22f0223430,92e860f64d164d151e5fadd5f986b11f,delivered,2017-05-29 10:18:40,2017-05-30 04:55:17,2017-05-30 13:12:55,2017-06-19 07:22:37,2017-06-21,5e7ad527098c15d44c5ed003a8b0817d,2017-05-29
d67445efbe81f76ebe2f1e2c474411f0,6aaf40faacd8e97eba67e35623e21099,delivered,2018-05-25 21:05:03,2018-05-25 21:37:20,2018-05-28 14:39:00,2018-06-01 13:42:55,2018-06-19,7d87ba0bd6466390cf5d4c9735236086,2018-05-25
012670c73246a753cbde0a215c2b9e8f,bfd798b55813a211343f1612ecc25b17,delivered,2018-03-02 19:01:27,2018-03-02 19:15:26,2018-03-05 21:14:21,2018-04-12 20:54:40,2018-04-04,e3ed27f7f18b9aad123fec8eb8ce027d,2018-03-02
134adb681cd5dbe4cd4de155abf4b9e8,3008cf3507581d041096cd655de4272e,delivered,2018-02-28 14:05:08,2018-03-01 02:48:24,2018-03-02 13:59:09,2018-03-27 19:14:40,2018-03-23,81621224e2986a6624d557c452216956,2018-02-28
81d52605792f2c2b77cef8c1023ea1e5,9dbc089a544895189a7842dc0a35aba0,delivered,2018-05-01 14:16:45,2018-05-01 14:34:10,2018-05-02 10:20:00,2018-05-10 22:32:41,2018-06-04,534ed256999c21e9450675b14d96680e,2018-05-01
19f4c2e829ebee01e0d2a9ea2168929d,062299d194a63996946d805c916a21b8,delivered,2017-06-16 21:47:18,2017-06-20 11:05:27,2017-06-22 12:22:48,2017-06-28 13:42:50,2017-07-14,92fc4892f11581ee802e8e2fa4296433,2017-06-16
a79c4dca347540e1263b2b750b92d8ab,75a142a1d1b3491cab2167db4f551f4a,delivered,2017-09-02 20:38:28,2017-09-05 04:24:24,2017-09-08 17:41:40,2017-09-19 14:38:17,2017-09-27,1d627d8a6e1e33ea8eeeb7a17d998660,2017-09-02
817b5c93f134a292fe75b0e313a14c7e,44da5e73b67c2ac30e15d54c879e050b,delivered,2017-12-22 22:04:30,2017-12-22 22:10:19,2017-12-26 18:28:56,2018-01-05 22:52:41,2018-01-26,fe2c2aaa57ccd2a82d77a7168c3510e1,2017-12-22
30b74a76659e17e592e4b869927fdcc8,3d4f7591976731bcb263b498f1c61a1b,delivered,2018-02-01 17:19:30,2018-02-02 17:15:26,2018-02-05 19:33:30,2018-02-06 17:13:44,2018-02-19,dfde6df50336e7eb00e94e371e58ab26,2018-02-01
0a8c95289dc386957c00a84dcc054d5e,a67bd626be8c12cfdf6ef7bd9bb92384,delivered,2018-01-15 15:27:11,2018-01-16 08:09:50,2018-01-18 13:06:31,2018-01-25 20:49:05,2018-02-07,3df6d371f113dda29150312926877133,2018-01-15
bc377c460d4530efd4c7e37c5d7f0a9a,ab0634d19f181e73cd4100aaf5ede459,delivered,2018-02-25 19:46:22,2018-02-25 21:00:20,2018-02-27 17:22:01,2018-02-28 17:28:53,2018-03-12,48a8e685fe2c362db8c8612f48150179,2018-02-25
d8a6f310927336f8375b12a6f2391da3,ef2bb412da650379df8e40b023a38f93,delivered,2017-11-18 09:40:39,2017-11-18 09:51:05,2017-11-25 13:57:01,2017-12-21 16:27:20,2017-12-21,e81148f482d280041c8e5111975e5202,2017-11-18
fac0d9ee548e947e642b27cea75c2dfe,7b33bd78e40c5af290e79b8d21ecbe22,delivered,2017-10-10 15:15:12,2017-10-10 15:49:13,2017-10-11 18:28:53,2017-10-13 23:09:54,2017-10-23,c72e275ada466096edb1fade34cd1d6c,2017-10-10
d3506e0ae259db768a156a6c229b7f81,2005babe96a6efae53dbae29be5e5f39,delivered,2017-07-14 17:02:43,2017-07-14 17:15:18,2017-07-18 19:04:00,2017-07-24 21:27:52,2017-08-03,55e48ff127fc03e927628a26562ffc33,2017-07-14
35dc69177aca98ed312de3c179273128,85384fa1f821f17ad0463dfab48d4118,delivered,2017-12-31 16:26:23,2017-12-31 16:33:27,2018-01-04 12:19:09,2018-01-08 18:23:07,2018-01-24,b2cb2eb004d2473ec9f8d06b789a2563,2017-12-31
c7d68d01dba810b5715f4a0f183833df,4a952e461d14fadc2ef375934c06b7cb,delivered,2017-06-08 20:20:39,2017-06-08 20:30:19,2017-06-16 19:04:02,2017-06-19 18:03:27,2017-06-28,a07b2e5f8eab3a32b20c9cc515f9d2fd,2017-06-08
a44d1d870123f5629ab393b99a94882d,f92e28ada7607a8a13a31dd40a1e2ce5,delivered,2018-08-16 20:24:50,2018-08-16 20:35:17,2018-08-17 12:44:00,2018-08-27 19:03:59,2018-09-12,03658a7798d3102fa2c6942dc260d376,2018-08-16
25f2336ad64d9dfaf347d85bca407b44,2d68a39301d901ecbf30627542090d09,delivered,2018-03-21 12:16:27,2018-03-22 11:35:31,2018-03-27 20:22:59,2018-04-20 18:09:37,2018-04-17,7acec6a961774a48aa6647a7265aaddf,2018-03-21
d83d6b4b12a603ddadd9f182a3cf4608,ceac56c242d0cffbee3c4f5c3335388f,delivered,2018-05-16 15:41:39,2018-05-16 16:00:06,2018-05-17 13:49:00,2018-06-01 16:48:43,2018-06-12,70e66494ff99908946e7d2cef02e76da,2018-05-16
8d3280c1ecf98c7dce004f7c67d67acf,47ede0e6f7b364a296f96c88e2552d37,invoiced,2017-05-09 08:20:16,2017-05-10 02:50:37,,,2017-06-02,a6d0c6a200ed549e77aecf56cb6172fe,2017-05-09
853644e9a3512bf69d2461210f82b1ee,285ee4270fcf746c8666467d070512d1,delivered,2018-01-02 10:46:49,2018-01-02 10:55:18,2018-01-02 18:38:49,2018-01-09 02:42:24,2018-01-18,90afd6f5ac316b204cf18b05d93c94e0,2018-01-02
934838488a3fc133b3cb9b1f716c5937,e7714a0cb7c1791ef6aecc21c8cff9c1,delivered,2018-07-20 00:41:44,2018-07-20 00:55:21,2018-07-20 13:50:00,2018-07-27 13:03:56,2018-08-10,f1d048bdf1ab1d4ce450b4237ffcec41,2018-07-20
4cfe6efc40f9645ef7b88440a1c64149,e8a9e053759d650b77440883c7b27235,delivered,2018-08-04 22:42:52,2018-08-07 04:10:17,2018-08-07 15:33:00,2018-08-19 17:08:42,2018-08-09,37a9d4e1f5d25c9632995c050fb1b1f2,2018-08-04
e8a874f0c34734d1f21dc074967f0a07,0a430289a266ecb57ad180f7076431aa,delivered,2017-11-24 15:40:10,2017-11-24 19:13:04,2017-11-28 21:47:37,2018-01-03 22:06:19,2017-12-15,29b7d8f64474dff675987e6ef0432a44,2017-11-24
2552ad5f4b7eb7bc0650f3e1a4a1d678,8762f5a57da0d4ac0936522a83bfd9e0,delivered,2018-04-04 10:43:17,2018-04-04 10:55:21,2018-04-05 23:17:31,2018-04-12 15:22:36,2018-04-26,ce36b982a65b035e3e9a9d1545678b40,2018-04-04
86cca7c07ff5eb8645628ac2127ca672,052b62736cc868106f123c0e0a896fcb,delivered,2018-04-09 19:30:28,2018-04-09 19:50:48,2018-04-10 19:03:16,2018-04-17 18:32:32,2018-04-25,03c9cf3d0801356549ee9fe8745a7c26,2018-04-09
f630fd7dffb55e2d36429df08aac0868,f28cc0e73cea30937397c4906c10750a,delivered,2018-05-10 08:03:18,2018-05-10 08:31:19,2018-05-11 13:38:00,2018-05-16 13:12:54,2018-05-28,823d0e3d556f32b40fb5ee165deb2292,2018-05-10
c19eed4d32cfb9fb91c6966ce38f7aa0,42f96959b77ac869847e99386e2454ce,delivered,2018-06-03 15:23:56,2018-06-04 09:51:32,2018-06-05 14:22:00,2018-06-22 17:32:26,2018-07-20,19937f711def2da1ca3a162b2f9bedeb,2018-06-03
6726b6ce39bdad195755f019dd9bd4fb,98f5451f9c5690c1fc201064fcb92c46,delivered,2018-07-03 15:21:25,2018-07-05 16:10:51,2018-07-18 13:23:00,2018-07-26 17:49:48,2018-08-08,5889e66d7e94fef6d0ce72f974730e94,2018-07-03
d360565f32ca36990e4d6e839e10877d,eb0dde4cb41710623edb1e57ebad58ad,delivered,2018-01-03 09:15:42,2018-01-04 05:14:08,2018-01-06 00:52:55,2018-01-16 17:14:45,2018-01-30,a0945afb4776b455a8f951b33e2dd223,2018-01-03
4982b38c3eaf8479ef8d65755b2d0b14,50ca20518ce814665c93ce9b39832c3b,delivered,2018-04-19 14:57:36,2018-04-19 15:11:44,2018-04-20 16:43:00,2018-04-28 00:05:17,2018-05-17,02eae69eeced34b78dfe3850b62e692a,2018-04-19
ad2b9f8531232554f31be87d5ea9da10,1dd73829c319153f6e6cb9231707eb44,delivered,2018-05-09 13:38:49,2018-05-09 13:55:23,2018-05-11 12:26:00,2018-05-18 13:28:23,2018-06-04,7927a4735bdf77ccba27cd077c93603a,2018-05-09
7272b5bc978cef58523fad8731e5a12b,93dc216515623e3e6ff8cbe437c1ea40,delivered,2017-08-28 16:19:43,2017-08-29 22:06:15,2017-08-30 19:03:04,2017-09-11 19:35:44,2017-09-20,43051c541ee600fe5643765e86d1f2cc,2017-08-28
dd11631d8b02780b78bd97ec44a1ca8c,a05daaa7b79d7053da895ee3b342cf2d,delivered,2016-10-04 23:08:08,2016-10-06 15:50:14,2016-10-31 14:38:06,2016-11-04 12:45:51,2016-11-28,d09bda44c78bc7eee6ab6a5814d73461,2016-10-04
cba655bc3c72fc26b4fe864f2ea5fe38,397ac98a256dd1f8a04716af140f3836,delivered,2018-05-23 18:45:12,2018-05-23 19:15:34,2018-05-25 12:51:00,2018-05-26 14:35:27,2018-06-11,75f164b168b06c08f3af629d37bbc647,2018-05-23
4cad7da3634c4f5d4bb0c35b4c056f73,9eb8dc580cb53bbf6ddac7cf2a96a427,delivered,2018-05-08 18:10:03,2018-05-08 18:32:07,2018-05-09 11:34:00,2018-06-12 23:48:28,2018-06-06,c0ba257a0d19a94d50a8ad4c71b568d9,2018-05-08
c5c8d33a3102ffa7d6fe4072ddf0ea8e,c20273ff6ef04c793e6733be408fcd67,delivered,2018-08-03 02:57:12,2018-08-04 04:05:31,2018-08-06 13:59:00,2018-08-13 21:04:24,2018-09-04,600b095965c455653716468d65c234cf,2018-08-03
2d28cc7a503b6547e21d671f6a4a44e0,e20f7ebe60519101415e9e8078dd2c8e,delivered,2018-01-30 15:35:35,2018-01-30 15:55:26,2018-02-23 19:57:33,2018-03-01 20:13:59,2018-02-22,47bf616c3a65d30c9e8c5cd34118757a,2018-01-30
b667484df2bb8bef1e61788f1c7556f5,a4db066a833b0fcd698e7eeba2d73fe9,delivered,2018-01-05 14:50:02,2018-01-06 02:08:40,2018-01-10 16:21:55,2018-01-16 19:23:34,2018-01-30,16fb5129cd449381cf60cb4c4159b75c,2018-01-05
03b2144a8822e91cc05da7907f21ea1f,b99655875e88535e49976ea21cb258a1,delivered,2017-12-17 16:37:32,2017-12-17 17:34:32,2017-12-18 23:03:58,2017-12-22 20:42:08,2018-01-19,ecebb5627b6336378511917b54a81405,2017-12-17
66eb2e45baf0a88a06f8d17a1e756ff6,70e00a2e944e61bee44f9a2b16b3c35c,delivered,2018-04-15 00:08:41,2018-04-15 00:30:46,2018-04-16 23:14:27,2018-05-05 12:36:32,2018-05-10,c25c0986d7cbe84b3e9a4ab6ce828da1,2018-04-15
ad9447ca1bb7d23ed83358f2235b5a56,770b4048ddba14783f319c201b111706,delivered,2018-08-07 22:33:51,2018-08-09 04:05:07,2018-08-09 13:23:00,2018-08-21 18:57:54,2018-09-04,097fd532f71299ee22770dd901eade35,2018-08-07
6b5a7273e54ae49ccc58c6d77f0bb847,1eeba1b0fd9dd044280bce0056665d04,delivered,2017-12-08 14:40:41,2017-12-08 14:50:18,2017-12-13 16:52:18,2017-12-20 00:04:54,2017-12-27,800ae82a381e88db1c77eedac3493aa2,2017-12-08
0de5dbc9f3226761687d84b54057efba,986e4efa44089b9cafd44fc27ba74244,delivered,2017-08-09 21:09:22,2017-08-09 21:25:14,2017-08-10 18:44:56,2017-08-28 16:57:42,2017-09-25,a4c5933f802852e4550538611058917c,2017-08-09
ce4dab31cebede7c9e9e105a56277fa3,b89af678d41d20552b4eceae653728e6,shipped,2017-11-27 19:51:35,2017-11-27 20:17:25,2017-11-29 21:37:20,,2017-12-27,281548a3e67bd3903a7d73070a74bfed,2017-11-27
1cdfc7851cb3d94ed77b3fe4cafa2fad,997ca95e5e2fa04388a046ebf1be1655,delivered,2017-09-14 10:38:06,2017-09-14 10:50:14,2017-09-22 17:22:17,2017-10-23 10:41:51,2017-10-16,b7bfe1941127b6bad0d0a5d72e7ecc27,2017-09-14
2780ed1899a2f0138ad85cc24179fa77,955ca1d545f1d15b50b79a8f55d07097,delivered,2018-04-08 12:05:06,2018-04-08 12:29:49,2018-04-09 18:03:18,2018-04-10 19:21:55,2018-05-02,5b1d012dcf628dd34fe51613d4f6288b,2018-04-08
dc0109bc73a54e5a94b39f557da4916a,218fd136c7a84d4e9830d0fc98ed9f38,delivered,2017-08-12 18:48:33,2017-08-12 19:03:44,2017-08-15 13:13:13,2017-08-18 17:10:16,2017-08-25,95bb57e73f679f271250fd46ce6597c4,2017-08-12
65c6c6e3397b02121a0a14f07514612c,edcf166270d2ea3a3dd093c74deb5c9e,delivered,2018-05-15 15:27:57,2018-05-15 15:55:48,2018-05-16 13:44:00,2018-06-04 20:26:42,2018-06-11,2a43b0175206777c3bc96fc89bfbdcbd,2018-05-15
51e827dc634ca855acba1d305c4649af,dcef2fe349300ac52c962eb0f0fbc453,delivered,2017-09-15 13:18:29,2017-09-15 13:35:18,2017-09-26 20:32:44,2017-10-09 10:37:10,2017-10-19,9eceb9f7c2bd232366d8b271461849c0,2017-09-15
5a69efb2f5e59a71c1bd5f89be84b23f,d2dcadef9de4bfc87ea65ac2ffc0d853,delivered,2018-02-14 12:53:47,2018-02-14 13:07:36,2018-02-15 23:21:35,2018-02-19 16:04:49,2018-03-01,6fa9f081d9c0b44b00b3d343c2a4e2c5,2018-02-14
fa752aebeda0a3f9a2626bc507550c3f,1674724f5fe22d2cf3420bb5f2511c9a,delivered,2018-07-17 13:27:40,2018-07-17 13:41:32,2018-07-19 14:12:00,2018-07-26 17:51:54,2018-08-07,fa094305fdb6062436c99adba7d53dde,2018-07-17
431a73cf857d30d431ab61a5ed6909d8,1c6279e4d8a3c29eeaa6e9b4a5925143,delivered,2017-09-05 16:03:24,2017-09-05 16:15:14,2017-09-09 13:23:12,2017-09-14 17:46:35,2017-09-22,6cb48842b3e037bfaf046b60186b3a49,2017-09-05
fae3bd74427278464a08777366ab3f66,bb81bfe0445d732ce9f4593e7c82e2f0,delivered,2018-08-17 20:31:07,2018-08-21 04:29:47,2018-08-21 13:15:00,2018-08-28 19:03:05,2018-09-13,9cadc891447cf05c928600d185e170f7,2018-08-17
f47934b85de99a093567443e2eada0ef,89b9fe24b3c85bb1cfda0ebdb24c6eb4,delivered,2018-05-16 21:08:44,2018-05-16 21:35:47,2018-05-17 14:31:00,2018-05-22 17:39:45,2018-06-06,d5339c9110a2f1de347a9e2aa57947d0,2018-05-16
5d6f6038fbf6c4efe634bb697ec4d82c,e1d741992de9b6058d8b905d0032e990,delivered,2018-04-15 00:49:43,2018-04-16 08:51:15,2018-04-17 15:22:26,2018-05-04 01:22:26,2018-05-10,0fbe12c8a62336c20652dbe8b2266f99,2018-04-15
a72d0db4daa2d7a8a1a4a8e499cc2ae5,483f9f95efee899a6f12385108817317,delivered,2017-07-18 20:42:01,2017-07-18 20:55:16,2017-07-21 14:22:32,2017-08-01 19:07:27,2017-08-11,a4b42d9f42134ec64d43b6acac13c1cd,2017-07-18
8624c1e28cde5fd7175aa2e87e03d494,e90793319f301c5188f395b70ef72888,delivered,2018-02-08 21:35:16,2018-02-08 21:50:34,2018-02-10 04:55:01,2018-02-16 12:19:18,2018-03-07,9dfa3938efada35511a246f996186fa4,2018-02-08
27791b643439f653faa711f08d8b801f,44408d60d96d2d8515d5dac025f35f46,delivered,2018-06-15 14:39:03,2018-06-15 15:03:47,2018-06-18 13:45:00,2018-06-21 21:46:24,2018-07-05,bc09d6ac5210682a4b154ecb0634f018,2018-06-15
eae7c385faf129f9e3dfa314bda4d979,1ab8e0c89bc86653d00e6ce606d71e18,delivered,2017-10-02 14:50:52,2017-10-02 15:04:33,2017-10-03 16:12:56,2017-10-14 00:27:48,2017-10-26,ac9414c0e58a953e90704b68745f9105,2017-10-02
30dd1aa2ec1728ab9bac85497532d6ea,59c4704f815b37eaecf78935a5c126b0,delivered,2017-09-21 13:59:15,2017-09-21 15:30:21,2017-09-27 18:33:13,2017-10-12 12:18:05,2017-10-16,b3c6ff6a43beb813fa0a55c7b7ccca77,2017-09-21
62473d4e38d5bc1cbe9ba89c2e552183,48b154cb685be74cf08890dadbfca98e,delivered,2018-08-22 14:18:49,2018-08-23 02:55:29,2018-08-23 15:12:00,2018-08-30 22:58:55,2018-09-17,18360b995b0df86f1cb2b91b8687fbed,2018-08-22
e73242af72f21b83ed57aeb572c4f62c,dca4fcf46c15aad61c6cc88d568a31da,delivered,2017-12-28 21:45:01,2017-12-28 21:56:21,2017-12-29 21:43:40,2018-01-08 12:19:16,2018-01-24,4c1f5b9ba3f481c3a4e3a1b366c683fc,2017-12-28
3404eea1f2d0725e85f2b793a7e1aa4e,8c443a19635375ff36a6a176826a7062,delivered,2018-06-22 22:10:44,2018-06-26 04:59:00,2018-06-26 13:24:00,2018-07-04 22:26:45,2018-07-26,2c62afdc0b0bd908f4cb79f8b5dc059b,2018-06-22
c47b001496a3dc2f5a48534c4816adb8,d83bf4a561c0f435969fd89129d03595,delivered,2018-06-14 03:28:06,2018-06-14 03:58:05,2018-06-18 06:19:00,2018-06-29 19:47:32,2018-07-16,fae2f0c0e291974ed37697cf9880fe99,2018-06-14
16f5ff14af497212a69fb3b390173e87,6a3174fd44f5c2cd22683bde06f1cdc0,delivered,2017-07-03 14:03:34,2017-07-03 14:15:15,2017-07-04 13:37:29,2017-07-11 17:07:42,2017-07-26,cf7d5df4ee5ebe39ed41f0c5c1584b1c,2017-07-03
0ea0b98a6722a5624e92e4fac9970b45,9ce680550685acfb8f43c455d3072cad,delivered,2018-07-23 07:03:16,2018-07-23 14:30:58,2018-07-24 12:45:00,2018-07-27 16:03:26,2018-08-10,870d0204d001599410a8e29a6610084b,2018-07-23
058c781acedf69d42ac38a568ca97b05,5f20182d4742c105de1967ae7154043c,processing,2018-05-05 21:03:55,2018-05-05 21:33:03,,,2018-05-28,545223946e151aeefdcd88b6560c6419,2018-05-05
b7ff8f6ebc1ce56907f3f34b7b92fee9,7fcb81240264adf39766759e761f5ec0,delivered,2017-05-16 07:21:34,2017-05-16 08:00:06,2017-05-19 09:23:44,2017-06-07 14:51:42,2017-06-07,f5c053b82cb2f7127e5a66fd58ffaf85,2017-05-16
3032a5e32d822f211491303769755b87,6c2bbbe3ed23e59d735f3262256d21e8,delivered,2017-03-20 18:47:14,2017-03-20 18:47:14,2017-03-23 15:26:31,2017-03-28 15:47:14,2017-04-13,be34d3b235cb9ae1bfd933d05891ff8a,2017-03-20
7a45fed6f02cf65077032fae79d43024,d4a1ad4f3a9193b3a47263c09908cf51,delivered,2018-03-08 12:49:53,2018-03-08 13:10:31,2018-03-13 23:28:23,2018-03-17 01:34:48,2018-03-26,b6ad6d0ceec51b14ddaaec22ea6e6e97,2018-03-08
79265dc37c62974d65c0675a5501e127,ca1c0133a7c25fd0c6b9cd7feaaf7afd,delivered,2018-07-17 17:26:36,2018-07-17 17:35:24,2018-07-20 13:27:00,2018-08-13 15:24:47,2018-08-14,8873a736774a8df0628ddc744b3698c9,2018-07-17
76c4c846aae2dae9e87dfa492c3f5259,8c193b870f6af1254fdbf4bffed544a3,delivered,2018-08-06 14:01:56,2018-08-06 14:10:22,2018-08-06 15:43:00,2018-08-16 16:59:42,2018-08-31,4329ca9025968ae028dd7eb9106750fa,2018-08-06
282161fa6e9f9cbcbaf8ea340d4ee7f9,a8b040edb552166aa34f9c9ae2629073,delivered,2017-04-02 19:33:32,2017-04-04 06:02:22,2017-04-05 14:15:32,2017-04-18 14:53:09,2017-05-05,d5cdb071af447725c8cafe4ec4186ea1,2017-04-02
1b41edd8cc8fe751d98cba50338f8c8b,60f01437dc8c6ed3be94b2062394ccdd,delivered,2018-04-18 09:59:54,2018-04-19 09:55:20,2018-04-23 18:48:53,2018-04-26 20:22:51,2018-05-11,425d15aff689ecff86fc322b288a5c23,2018-04-18
2f9df1faa244b3c72c69901d8c999539,d47066f2891c6abba2644add82add774,delivered,2017-08-07 17:34:54,2017-08-08 17:45:18,2017-08-09 20:47:36,2017-08-21 18:07:49,2017-09-06,654702436f651b2c2c1b42cbcb0ca371,2017-08-07
3ae6c164f9e4222b57e95c67ce981118,4d184b2d4fcbc123ce36c25707636477,delivered,2018-06-08 05:46:58,2018-06-12 04:35:52,2018-06-13 14:00:00,2018-06-14 12:58:49,2018-06-28,8b51f29aa215ec74a25baf5bd24ed90c,2018-06-08
67babe0383a8449faeed6e1d37d8aa45,98324b273a2755006d073561036ed2e1,delivered,2018-07-10 13:54:14,2018-07-10 14:05:22,2018-08-03 07:50:00,2018-08-08 22:38:54,2018-08-29,e596addd63138864b700fd26c4726adf,2018-07-10
5712a9cedf6170bd8cb13ef4090cd1e4,461692a55cce1954087b09cddaa34c48,delivered,2017-12-15 23:36:05,2017-12-15 23:51:46,2017-12-18 18:23:28,2018-01-08 13:52:57,2018-01-04,201dff9b3449376eebb3469de6c95d29,2017-12-15
298b1dfbb58e9e8e2a9413528c1da46f,72b867ce743f7c9077efadf90a10e980,delivered,2018-06-18 09:10:06,2018-06-19 09:18:18,2018-06-19 14:57:00,2018-07-09 19:57:55,2018-07-13,0e2818cf8bc3af99c5e22725a05b8145,2018-06-18
74c4ac3867f9fef27d2e9377a746f090,652950605dbe0ab0be6b640cf23c12a3,delivered,2018-07-10 12:52:58,2018-07-11 12:45:58,2018-07-17 13:54:00,2018-07-26 00:27:44,2018-07-31,b8e179818d1c6903d47ed1de938de809,2018-07-10
1ad9ba29c8a520d8f3a8052fabdbf46e,dbf8dd1e8d2569387904fd4fb91e8ed2,delivered,2018-02-21 09:35:13,2018-02-22 02:48:08,2018-02-22 21:34:18,2018-02-27 13:08:50,2018-03-13,a443de833e876b05163201f52ac4ce99,2018-02-21
be72913e7cd72283b3a40dea048c3689,024aee4bf3ee8fc406d58b5c47e18578,delivered,2018-05-21 15:30:28,2018-05-22 15:36:32,2018-06-12 09:17:00,2018-06-21 00:42:30,2018-07-06,c91f28d2897be83bf943056ef4cf252e,2018-05-21
46347dc54e84dc7863cb5c90cf57a9d3,15a79a154b59ad517cd8b807087ac3ee,delivered,2017-10-12 01:21:54,2017-10-12 01:35:15,2017-10-27 15:46:58,2017-11-01 19:19:43,2017-11-01,fb95a6cc77699659a0a85f676059ca5d,2017-10-12
c6051ea41588b7a6ae49a458fcba5ac9,c9f679a703814e76c1bb7636d2cbec9e,delivered,2018-03-13 08:28:09,2018-03-14 03:08:25,2018-03-14 19:03:24,2018-03-19 18:29:31,2018-04-04,bbd9d599f9f9fc8f4d85b4f71f24d45b,2018-03-13
21e751f0d78afdfe36cb0e8fe45360d8,4f055f9a74696ba8819b212dd584a93c,delivered,2018-04-14 11:03:02,2018-04-16 19:51:50,2018-04-17 22:28:30,2018-04-23 20:32:41,2018-05-14,8f40b2a65042866fae2f13df590824f6,2018-04-14
3341f48b8cd985f52c4cf432a582efe1,95205051ede9c17f3d9490eb024b086b,delivered,2018-04-08 20:57:25,2018-04-08 21:10:45,2018-04-09 20:03:09,2018-05-05 18:38:57,2018-05-08,f27a7595890baa58adf0f4948918425f,2018-04-08
88bfffb703ac4ca796838e203eb033b2,728589ee5402a95993edcc6ca4975ac1,delivered,2018-03-16 15:53:44,2018-03-17 02:40:37,2018-03-22 20:37:59,2018-04-20 15:26:47,2018-04-13,9f807451cf0babfa140b44e8b3c49a28,2018-03-16
f6af432c1ac452ce563fa6ffc5e35aad,fac01597391cbd0d0a3ce949cf6a0bc7,delivered,2018-06-12 08:19:55,2018-06-12 09:01:09,2018-06-12 14:44:00,2018-06-15 17:09:25,2018-07-12,a779158161b4906a3d5904fd69d0791e,2018-06-12
63fff75d3fa0d58efe7e92adb5de3ba2,a15cfa97b62e30ca2e0f9ad649cc7774,delivered,2017-11-29 11:42:18,2017-12-01 14:52:23,2017-12-06 00:13:19,2017-12-20 20:38:52,2017-12-28,6e2de2dc0bb32442fb3ffd4b2280f096,2017-11-29
a7c5e8acbc8e06069ca0b62930aef0d2,45bd85bad646d70660e27ed0d411fe3a,delivered,2017-09-30 22:28:46,2017-09-30 22:44:12,2017-10-02 20:09:04,2017-10-13 18:06:37,2017-11-06,d861fb29b9235265ca703ae5b4d2880c,2017-09-30
ff9a23f98e16dda95d66bf4a8a826e40,8880362409152ef9d8bdc890e1e6d648,delivered,2018-03-08 16:01:47,2018-03-08 16:30:05,2018-03-10 00:14:37,2018-03-14 23:28:45,2018-04-10,a25732211278c068b24b7fd9ac7fa7b8,2018-03-08
a1a26b76e9a6beff902a07dfc8b8737f,6a1f337d0cc6f70b9eed7150547dac4c,delivered,2018-05-19 21:38:44,2018-05-20 00:24:32,2018-05-21 14:53:00,2018-06-01 21:28:21,2018-06-04,3ccb1a26207a1de610b8033973002a61,2018-05-19
993da8482e658ec7f1d0c6d955604936,e9448a633c12d2de0d904428bd3ce893,delivered,2018-08-17 03:00:56,2018-08-17 03:35:16,2018-08-17 16:31:00,2018-08-23 16:23:51,2018-09-03,87b97abb66a10eb6e28d82a8e7786496,2018-08-17
4cc2ebba3c2ad873d27b23ecdfb87d92,99c7984922f1972dbc63eaf6dfab7e7e,delivered,2017-09-12 18:14:25,2017-09-13 03:10:44,2017-09-14 19:29:54,2017-09-21 21:02:51,2017-10-03,f1bad2b1f1ed5e693182365e17e2ed17,2017-09-12
48537102329d4619f509f80e2c957d7f,3b38d0b3396d166784999923ac6dd355,delivered,2018-03-22 10:32:34,2018-03-22 10:49:31,2018-03-26 23:08:44,2018-04-05 14:57:45,2018-04-17,d8324a80920edef12fbf4554a407ddc4,2018-03-22
a1406509a4e81343f4c669ae236fd01c,9730f3658e8ab2e63c59450396dbf937,delivered,2018-02-25 08:25:15,2018-02-25 08:35:27,2018-02-27 21:57:35,2018-03-15 20:08:24,2018-04-04,22f515194958da7a6206c5e71349d335,2018-02-25
6f4864c33cda993b4b5d83ab68c28ef2,4959f24c154abce1a3ccd181696d2069,delivered,2018-03-29 16:39:11,2018-03-30 03:15:23,2018-04-03 23:29:37,2018-04-09 16:49:20,2018-05-07,3ea746ba5ce82f2fba077e4ce378c5f7,2018-03-29
1c05a65d4250595c0369fe2e5771f5a1,67d24edd143120f77f501ac5a2b2023e,delivered,2018-06-08 11:02:21,2018-06-08 11:17:16,2018-06-08 16:55:00,2018-06-22 23:08:50,2018-07-17,f77b24ec2a0fdde098ab91e269f818a0,2018-06-08
82b501d2951b0193d0960457f020aca2,c9596125b77d7da43c4fbcc097c20cec,delivered,2018-06-12 19:53:09,2018-06-12 20:25:19,2018-06-13 14:15:00,2018-06-21 18:21:36,2018-07-18,55a82b1881c249c04755d69057227ece,2018-06-12
993f3fc78c8cdf418bd5b0f7cfffcaa9,2662e20a611239f65776afe378a96edd,delivered,2018-08-15 11:44:16,2018-08-15 12:04:15,2018-08-15 16:35:00,2018-08-21 20:46:49,2018-08-27,f8b34f85667240ee963019be835a54c3,2018-08-15
f9a61f17bff852cd69b6fee5812cb593,4dbc842125d6adba822dc8cbd448bce2,delivered,2017-04-10 10:28:48,2017-04-10 10:42:15,2017-04-11 13:44:08,2017-04-13 13:34:36,2017-05-05,453a39f9a4e8799575c08849a2fda33a,2017-04-10
c66985d27ca5899e6058749d3432daf4,57802b83580aed851828868d4f7a4917,delivered,2017-08-07 14:14:22,2017-08-08 03:50:12,2017-08-09 15:12:48,2017-08-15 22:57:42,2017-08-29,47c1a3033b8b77b3ab6e109eb4d5fdf3,2017-08-07
d4c2efa6a85e5aa02652b1358cc340fd,d28fb373c79780937f853daf2fbafa5e,delivered,2017-11-09 17:38:39,2017-11-09 17:55:21,2017-11-10 14:46:36,2017-11-24 21:35:10,2017-12-04,f39417775394ddaa9a81151e6afd4c5e,2017-11-09
bcf9e8202b0b23d6b2b27c7e7e9358e9,f36996ed68c100fbd9df96fb3f75fcdf,delivered,2017-07-08 16:44:51,2017-07-08 17:03:22,2017-07-14 20:02:40,2017-07-19 20:10:32,2017-07-28,36caf502d68417d034f9db9a67614b90,2017-07-08
c96c22ca4f7729454ad5ccd827b3c40e,dcd8cf51c37cad018c9281d823889da8,delivered,2018-03-05 18:47:32,2018-03-05 19:28:16,2018-03-10 03:22:39,2018-03-15 19:21:51,2018-03-28,81196f05712a31e3b612dc0056adfc9b,2018-03-05
2c8ae71873abf8c37c3dbf4322dc9a24,369af2b60d3095c829821e004f220578,delivered,2017-07-24 17:37:13,2017-07-24 17:50:11,2017-07-31 20:36:02,2017-08-10 03:27:30,2017-08-25,3ee8ef9a927b80545646602070149729,2017-07-24
bc0ccb298ff96bfc777b62cfe75899c1,27c98b58cd9c685c41301f06ecc8cf7f,delivered,2018-04-06 17:12:41,2018-04-06 17:30:22,2018-04-10 17:51:46,2018-04-11 18:44:34,2018-04-18,d7863a2b6a0ef60e48cdee8437c4c197,2018-04-06
e1d88321521ac026d9bc246154ee558a,c5dcbae0ea1c8dd42c20a11d05c43e65,delivered,2018-05-07 18:20:37,2018-05-07 18:35:19,2018-05-08 15:14:00,2018-05-22 18:36:44,2018-05-28,cdf383f13f96c61bd90f57506714664e,2018-05-07
7d9dc68e35d08c6d418d2af729887b2d,1b0076621dc940bfa90910ca15d5cf31,delivered,2018-01-05 12:21:40,2018-01-09 07:22:51,2018-01-13 00:19:21,2018-01-23 16:44:11,2018-02-06,b01fbdd64c82b0015f3b87dbb57e21a8,2018-01-05
69dfe792c019bf6ffda89f85c1e9623e,9dd50ff077de2943d52b1f62995a7aa9,delivered,2018-01-12 13:05:43,2018-01-12 13:18:27,2018-01-13 01:17:47,2018-01-19 16:58:35,2018-02-16,3b53da2d7645158d3bc04c565a388654,2018-01-12
6a83363bccad866b7d3c202dea555374,ee8ee27bccc792f9be6a47c298ef0cd2,delivered,2018-04-27 16:26:08,2018-04-28 02:51:34,2018-04-30 16:14:00,2018-05-04 14:37:45,2018-05-22,d3208883d734ac735915923d3cdc57a7,2018-04-27
d2b4a4076a8cb3ca3b43a1ee90b4a0e2,b90967a09edc5a1bbb7eff576bb6955b,delivered,2018-06-21 21:02:24,2018-06-21 21:18:17,2018-06-22 13:06:00,2018-06-25 22:28:48,2018-07-04,408aee96c75632a92e5079eee61da399,2018-06-21
8508367ffb93fbcdea00997ea565ad6f,d0355239ebf0870cbcb6659c0f2a8b2d,delivered,2018-01-11 08:25:41,2018-01-11 08:35:29,2018-01-11 16:40:04,2018-01-16 18:03:26,2018-02-15,c8843f193258358e4923045b14d1404c,2018-01-11
f0d81c4925aa9ea96bc87f15da53c0f0,445142fa82cc963d206dba6b78f96427,delivered,2017-10-22 14:38:36,2017-10-22 14:49:39,2017-10-24 14:34:51,2017-10-31 20:38:48,2017-11-10,e07445e3e48c7da927a973396a9730b9,2017-10-22
96cc19379b58b51d6cae968d286bba81,d85e9495a5564a5ff27d3de828e383cd,delivered,2018-03-05 18:13:30,2018-03-05 19:00:27,2018-03-09 19:28:30,2018-03-16 20:14:29,2018-03-29,b2bd387fdc3cf05931f0f897d607dc88,2018-03-05
b155ee52cd6ea24f9572ef900bd09211,18a08b36c7911eb8a4d910e6b02518d7,delivered,2017-04-24 20:25:39,2017-04-24 20:42:26,2017-04-25 13:48:16,2017-05-04 12:14:26,2017-05-15,475aad01a755a9ef191ba1e9081ad0db,2017-04-24
7b4371df7c7f31967a101f1d4559875a,bec239dc5cea775ad97c271e47cfeaf7,delivered,2017-09-03 21:48:38,2017-09-03 22:04:17,2017-09-04 19:07:00,2017-09-12 21:05:04,2017-10-10,005e32bc930906dc6b65fb9d11cce3e2,2017-09-03
7b0ccc701e00fd27ba794e0ce7458d88,d0fb635d546454787bd1090176272b52,delivered,2018-03-16 18:07:43,2018-03-16 18:28:29,2018-03-19 12:41:50,2018-03-28 16:08:44,2018-04-04,2f2e4ae64e508e392ddc9692ce5ffe37,2018-03-16
e9b735c3e357b0f402a642f5f20365df,d1f9eccec8508471e329686d56300b91,delivered,2017-09-17 18:22:18,2017-09-17 18:35:22,2017-09-18 22:13:45,2017-09-27 15:41:50,2017-10-10,db03954a9a1cc5e71f6e0f73e81a628c,2017-09-17
ee651bae2f01d0480c94fff2bfc4b7a0,dd30a41164c111b2c77bc14a640392ab,delivered,2017-12-07 16:20:15,2017-12-07 16:31:52,2017-12-11 17:42:55,2018-01-04 20:04:30,2018-01-11,d8c0f846f1bfe502f895e3d1a838300e,2017-12-07
b2568132625046ee9b5384ad5bd26977,cebec0575369eb5d6df1ffc926584e7c,delivered,2017-10-13 15:52:21,2017-10-13 16:15:17,2017-10-17 19:13:38,2017-10-18 20:24:59,2017-10-26,021bca90c906d19b425e192070eb6f68,2017-10-13
4cf6a6de996beb9d4b190c7983be98d9,8c9b9e1390033f2bc5caa0bb30b12fee,delivered,2017-10-04 18:12:57,2017-10-04 18:28:22,2017-10-09 21:24:10,2017-10-12 17:43:26,2017-10-27,4b979b432abe14a88cd0cde893952677,2017-10-04
3e4875148a652a619d8615653b4c8e3c,64e2ba6c3e485261327eedd7e735765d,delivered,2017-11-26 15:05:37,2017-11-26 15:15:01,2017-11-27 19:12:34,2017-11-29 12:36:47,2017-12-11,d82138f0faf0c61621fe4148460871f3,2017-11-26
c270c617b9a56cf86a0751f237f567c4,90c7a05edb5d7a794479cddcc60b8de5,delivered,2018-06-21 00:56:22,2018-06-21 18:40:21,2018-06-25 14:54:00,2018-07-03 16:17:07,2018-07-16,9d1fef68d80a12b42930f710ae6788c8,2018-06-21
c1dc9326b9f99f2db29af061a59cbe8d,b7e072aeb3554b56de4934c9da05da1e,delivered,2018-04-04 00:20:09,2018-04-05 02:10:11,2018-04-05 17:37:35,2018-05-05 17:36:27,2018-05-04,eb5d49267a0c78a78871217c248d6dc4,2018-04-04
9dd8939599e245883bfdcecb95ff30f8,7ae7917808e8d491a803de9684da13bc,delivered,2018-06-15 11:56:18,2018-06-15 12:23:08,2018-06-15 13:47:00,2018-06-20 23:33:22,2018-07-20,7497e93235a72f254d6c17fa6ecadeb9,2018-06-15
c6c503c80e66a33d6e643178cd943e7b,7e153c1fcfdae18b86e15bead9915409,delivered,2017-07-02 20:48:48,2017-07-02 21:03:55,2017-07-05 10:07:32,2017-07-14 20:27:50,2017-07-28,99c3cd03f2cb4e199ec4df6691116ddd,2017-07-02
adf36df4c22d10f6df56aa465a4cd301,781aba8df3b1bb0efe7657a98f7412da,delivered,2017-09-03 16:57:48,2017-09-03 17:10:13,2017-09-06 23:29:34,2017-09-14 19:47:37,2017-09-26,d264b217560e5f1bb611fa4a00580c61,2017-09-03
8d92a85b0ecdf7d7b3807474390ee2be,d72100dfddbecb3d8a9d74d3e35fd472,delivered,2017-05-16 22:51:01,2017-05-18 02:25:36,2017-05-18 15:24:23,2017-05-22 11:22:37,2017-06-06,8582e99b42ea335c76a514143eac3bd6,2017-05-16
2ab10ab526351fd3b05219e9eb4f7d9f,5038412e993abfa85f57ec66af30e303,delivered,2018-06-13 22:17:25,2018-06-13 22:40:16,2018-06-14 14:47:00,2018-06-20 17:58:42,2018-07-03,49941292df701801332f51cd0a3ef38f,2018-06-13
7cb684204f6e5b3df6e066a7b2249706,2e23eff24c84bd8b13dbbba9ccf75b6a,delivered,2018-02-06 15:41:08,2018-02-06 16:11:40,2018-02-09 21:09:01,2018-02-19 22:07:40,2018-03-08,0fc3aa67d7443d53f7835b2c6184d3f5,2018-02-06
cfe75b350e0f6cd144578e60bd77da82,0abe81da869139a8b4a68d7740747d6d,delivered,2018-04-15 16:10:00,2018-04-15 16:31:15,2018-04-16 17:09:03,2018-04-25 16:30:45,2018-05-11,eedd4dacd7eb88c68a6793ff828f86dc,2018-04-15
8e6ea4b72f10b06c7c6ac53f274e636f,624c7fcfdc6139e9d9780e5ed34f3d4f,delivered,2018-06-04 15:47:50,2018-06-04 16:12:21,2018-06-06 18:58:00,2018-06-07 23:12:51,2018-06-28,09b62652aa9aa670da591182ffc39511,2018-06-04
59fe3d09426ad8ab2704c83289504020,f76262103d732ab3dc351f36b1cf976c,shipped,2018-02-22 18:12:40,2018-02-22 18:47:35,2018-02-26 20:33:41,,2018-03-22,0df03c178dbb92477f74d049bf939e3d,2018-02-22
e884177a9732255a4b37042acf760c06,62efb165f6f8e441bf9094840e818608,delivered,2018-04-22 20:05:44,2018-04-24 19:22:40,2018-04-24 18:03:05,2018-05-08 14:22:36,2018-05-16,18b2fe273e9f6aacce12788bd8741fc4,2018-04-22
5c9a0939b9e4b6d310a738b443bd44e2,0e67345e8ee5736220fb34c1109f125e,delivered,2018-01-22 20:12:29,2018-01-22 20:34:01,2018-01-23 16:14:11,2018-01-30 18:21:29,2018-02-14,b63efef43750080cac3e023e0b57cd72,2018-01-22
1103b5da42ef752c4264d8e1b942aa3f,02c63a27c1684a847772c7cbdd01642b,delivered,2017-06-16 17:54:43,2017-06-20 10:23:20,2017-06-20 16:12:53,2017-06-22 13:03:16,2017-06-29,2977f36d8781690eb7c9fc7852afb423,2017-06-16
47c65e2da8bf586e8d74fd1f0cfe7a68,54322bcbbe4a873c3d349672ad52239c,delivered,2018-04-17 22:21:49,2018-04-17 22:32:14,2018-04-20 01:56:19,2018-04-23 17:03:37,2018-04-30,7dd2b4b514736153529f13234cc007f4,2018-04-17
9831b84779bb2216541f702f5ed7c331,e4810f3375c0f016838e715c1b7a0339,delivered,2018-02-17 20:56:20,2018-02-17 21:07:07,2018-02-19 18:18:52,2018-03-01 23:19:29,2018-03-15,2a6199c92b3235e85ed80e9a7c6848d3,2018-02-17
7326b80e8032981dd916354e7030923b,f17d78694d6fe86ff72d43ff3c9db2cb,delivered,2018-01-07 05:03:49,2018-01-07 05:19:20,2018-01-09 17:23:57,2018-01-13 16:57:44,2018-02-01,aeca2a31149abd9c16ab3e61ad02cf94,2018-01-07
21eb87388abffab374c2064a0efe0a48,e4a166d37bd00d30e67e46147b739bd4,delivered,2017-12-04 15:03:38,2017-12-05 04:12:21,2017-12-07 19:22:39,2017-12-28 22:06:00,2018-01-02,2ba729d5608d9120a6559268032dbf66,2017-12-04
abbc17763bdada83cf456bf064360a39,09a0486222db9cfa202cdc41036569a6,delivered,2017-10-16 21:06:18,2017-10-16 21:26:18,2017-10-20 21:05:01,2017-10-23 22:15:34,2017-10-26,b9552b35e95fdaac16fbccaa2610c3df,2017-10-16
60f46ff1481bcfaf8a78259b1827c1d9,2065f40097e32c0d6379d392f5fba96f,delivered,2018-02-22 13:40:17,2018-02-22 13:55:26,2018-02-28 19:27:47,2018-03-12 23:16:33,2018-03-21,91ff7bf70d4312b374f81a7aa900abb3,2018-02-22
7c61b9e90d1b0ab05a70d9651bbfbe59,c9b3a442497666a3b8990896b126fba8,delivered,2018-06-11 12:25:47,2018-06-11 12:57:06,2018-06-15 12:24:00,2018-06-22 17:42:35,2018-07-24,6939ba7ccb958ccda1e485a595a2dcc9,2018-06-11
4b9e3d73bc7731420bb3f45c2cec9ed7,4478c8dc1d77c1bfec4e97fda085f15e,delivered,2018-03-28 11:31:00,2018-03-28 11:47:56,2018-03-29 18:27:25,2018-04-19 04:48:45,2018-04-18,8500756c12b272f7ef5504dec7a7cbe4,2018-03-28
b890cb0243af4f8fd806a1429f978113,ad342db8aa782e7acfb95ff6ef79e6f0,delivered,2018-06-06 16:53:47,2018-06-06 17:13:08,2018-06-07 09:55:00,2018-06-20 18:06:29,2018-07-18,efb2c3b786eebeac0034948844d2ff57,2018-06-06
e3c654307c9b3b9988c35371c5bbf738,6b53484ec2e43f653edc5f35d09d5cf9,delivered,2017-04-15 19:08:40,2017-04-18 03:55:32,2017-05-05 13:06:58,2017-05-19 13:09:41,2017-05-08,82900a065350eddef000292556aa0802,2017-04-15
389a2342cf14ac39a661c9b08a3cdfa6,cdc2bba36d83fe46dea8a0dce9453146,delivered,2017-10-26 12:52:24,2017-10-26 13:14:23,2017-10-31 20:51:19,2017-11-06 19:28:54,2017-11-21,d36c4833ff5369ed3c7225ee636fbeb8,2017-10-26
9cf677fc6e42f8256b310109fe5f2333,dcf9da02825b471237d9f83bd0c39fe6,delivered,2017-10-09 22:05:59,2017-10-09 22:14:24,2017-10-10 16:48:13,2017-10-20 18:42:25,2017-11-08,02168ea18740a0fdaaa15f11bebba5db,2017-10-09
7060f73d08967fd1df06148b7cfb2ffe,1367d72e754996a2323d425be45674cb,delivered,2017-05-25 07:14:09,2017-05-25 07:25:08,2017-05-29 10:02:28,2017-06-02 07:51:38,2017-06-14,08ace7013f8d75a59a41103e95d17a4f,2017-05-25
0eda4018077fe64a701b5af5b47dba15,4147dec488b2752a744128d6662adcd1,delivered,2017-09-13 11:24:57,2017-09-14 02:50:25,2017-09-15 17:40:08,2017-09-21 21:16:57,2017-10-05,11c9bc7e580ff8ff938afee36c8e40d3,2017-09-13
acd068ae67c781f99b759f3ddb1c5d57,635ce7cacd8a8962bb1281ad48353fd3,delivered,2017-08-02 11:17:49,2017-08-02 11:30:20,2017-08-02 21:17:28,2017-08-07 16:48:32,2017-09-01,7b8dbf8fed1fdf632b02c207bd0d1146,2017-08-02
6d124e450d109b4a3b8ac6c4ccbd6d11,f4abd5da98c256fbcbfa418e6948496e,delivered,2018-03-16 11:53:18,2018-03-16 12:09:39,2018-03-20 01:28:36,2018-03-27 18:07:35,2018-04-04,dbeb372b501651febbc7b0260c037ad0,2018-03-16
b41c58f1cdb089998bf02e8fae313c90,0efd4ac57927695b9fbfbd8780d70f23,delivered,2018-02-15 15:18:37,2018-02-16 17:35:29,2018-02-19 23:23:19,2018-03-20 17:38:51,2018-03-26,a6d3c7ee085baccb75aceec287458144,2018-02-15
e74fc2142d294fafad4237ffd8b034f9,71583fbf202bebf68f617b1189b83993,delivered,2017-10-03 18:31:52,2017-10-03 18:49:28,2017-10-06 16:12:10,2017-10-10 21:36:59,2017-10-25,a905f44323f6c0a67b389c35364a1db0,2017-10-03
cfdc6f2061897ed3b3f1a9ac3437c6f9,1365d1374ca6c72869ff0c56963f176c,delivered,2016-10-04 22:03:46,2016-10-06 15:44:09,2016-10-10 15:44:09,2016-10-17 15:36:53,2016-11-28,e37af39d93f352f64ede45a151161d0c,2016-10-04
82a51904d95b45bfca27f92a9c1ddd9a,22061cec75e4170733de97a152bcf946,delivered,2018-04-24 18:28:26,2018-04-25 18:32:01,2018-04-26 13:48:00,2018-04-28 17:08:43,2018-05-11,ac536becb435e932c876140dd6e71125,2018-04-24
ca3bf499fedc9c253cc1f3499dda428b,cf7614159a1d334ae8f56edc46ca3e6b,delivered,2018-03-13 13:15:16,2018-03-13 13:28:20,2018-03-14 22:58:44,2018-03-28 17:27:56,2018-03-29,fd36ac23e56e7a39e4ea618405fb99b3,2018-03-13
be1f74dd8c9f6ab6066aa38f00c87d99,57944e2cb57ce4358ce5c33d42963261,delivered,2018-05-20 20:27:37,2018-05-20 21:01:05,2018-05-23 15:14:00,2018-06-07 16:47:23,2018-06-06,3a4acf4c4c97cc25075d29f8d29f405b,2018-05-20
2140193e2b0829d9e294a5b08560a497,5667ce9b9fb068ffcc82902f8ad64c63,delivered,2018-08-20 14:02:55,2018-08-20 16:12:55,2018-08-21 12:15:00,2018-08-28 19:06:39,2018-09-10,355c5fff422190fa2474ace9e1582d5e,2018-08-20
ce9c29eef68b7ebc6a4bc1014618bb4b,a8235166ab0ed91ed6042b1b7d2e01a5,delivered,2018-08-01 23:38:50,2018-08-01 23:50:10,2018-08-03 15:03:00,2018-08-07 22:41:03,2018-08-10,81920926e32d32a6e32bd6bbe60fe1e9,2018-08-01
d28d530e6f5f2e1fb58e616b097b23b8,2096d566a987d9073e4944ec8dd7f2b3,delivered,2018-08-05 20:26:29,2018-08-05 20:44:33,2018-08-07 14:26:00,2018-08-13 16:36:29,2018-08-13,d997f1f50f369bd8233e8bfbd06edd8c,2018-08-05
31dda941b6ee5942d784d50d6b3092b2,41f62aaf741486d48b7f7d054b6c1adf,delivered,2017-07-07 08:59:10,2017-07-08 03:30:43,2017-07-10 19:27:20,2017-07-18 15:52:09,2017-08-02,08f3da525f57453c7cae7edac1f0d342,2017-07-07
08659a24c131a7a894f45544a4ab4751,bae1a0b2aadd71117e8541c15d38e2ef,delivered,2018-02-16 19:32:22,2018-02-17 19:26:52,2018-02-20 15:13:47,2018-03-12 22:56:40,2018-03-15,a255e13ba1ee032f875fd46fe06348e6,2018-02-16
26b58cc6fd4b2a5647f0980a9f79a804,60ecb6007bbbb96c74a8f1d7a9623b32,delivered,2017-02-13 06:02:18,2017-02-13 06:10:08,2017-02-13 11:38:17,2017-02-20 18:05:46,2017-03-14,b16368d4d1a0c7b02b94b7747b6f7ee8,2017-02-13
907ea6dea72f64c70300de5ca04bbdbf,e77b73994f8340d6f3be93f85cbfe45a,delivered,2017-09-24 23:48:05,2017-09-24 23:55:18,2017-09-26 15:12:47,2017-10-13 20:43:35,2017-10-17,66d8576e09f38bde80fe38193acaa95d,2017-09-24
dbd4885aa71d304f95eb40c67bfbec35,323a81cf20fb536503c017cfd5c2d54f,delivered,2017-01-23 18:40:23,2017-01-23 18:50:18,2017-01-27 07:05:48,2017-02-07 17:29:32,2017-03-02,58f814af5001d06b0d34d8a836ab18eb,2017-01-23
e9525d74abc05d22ffa3059164adb967,182e3184fe89cc29b7a1ee386c41983f,delivered,2018-07-05 23:33:59,2018-07-05 23:51:27,2018-07-13 14:52:00,2018-07-27 17:38:45,2018-07-27,2c0b85e73dbf0c3d6ce2e56d8d35fa18,2018-07-05
d10768b753caf92effee124437f14321,d91c1a0faf55f367e43be832269cfe62,delivered,2018-07-04 09:52:41,2018-07-05 16:32:41,2018-07-04 11:25:00,2018-07-05 18:03:41,2018-07-18,f33baa86aa2c92e4af383e14b42913ce,2018-07-04
6c962649b9d8c1ca7914e9be3f039d2f,2cbd878ed8f83263ae1f2d603d40e0d0,delivered,2017-03-29 10:09:34,2017-03-30 02:15:22,2017-03-30 13:07:59,2017-04-11 12:13:03,2017-04-25,f09f3a63bb36e3ed64f39d753e4d1864,2017-03-29
5de90d869cce729c83723d147018c2f7,33cf74a005ea61264680485113c77040,delivered,2018-06-14 10:36:39,2018-06-14 11:01:23,2018-06-14 14:46:00,2018-06-15 20:51:59,2018-06-26,d9b35d73379b3867bda824b809343cfe,2018-06-14
ee00fa5093eb96d8573403b382fb60a8,41288d4a1cb5b4716c3661bb33a11a01,delivered,2018-06-30 21:54:34,2018-07-05 16:08:58,2018-07-04 11:30:00,2018-07-10 20:37:34,2018-07-25,ee571238b46b44c8710ac13fb60c0a92,2018-06-30
72270248de25053e9abc4329ce7caac3,fefbd500a315bb3290af290fdaf5253c,delivered,2018-03-23 11:21:46,2018-03-23 11:30:37,2018-03-27 23:32:51,2018-04-03 00:46:29,2018-04-05,382af0bfca664a3f695a06f4c0ae96da,2018-03-23
3f5925197f247805cfb1fd635f1363d3,2fc108f4ec29a03bbbabeeda90f5adfd,delivered,2017-05-18 10:56:05,2017-05-19 02:25:28,2017-05-19 09:46:11,2017-05-27 09:22:45,2017-06-13,690163fddcf846b9b94744fc12ef7c61,2017-05-18
f5281f570b351e2fc6569df06bbc21cd,d70f1b062700147c365624d85570779f,delivered,2017-12-08 16:55:10,2017-12-08 17:12:45,2017-12-11 23:33:19,2017-12-21 21:38:34,2018-01-11,8bb910cd8c3b29e4acf2e94e3aaffbbf,2017-12-08
d6237fdd4409fc71fc2c074235e97f73,18e6c8aef10d4ef05bbe09b25cb233fa,delivered,2017-07-20 16:52:36,2017-07-21 06:43:20,2017-07-27 22:17:45,2017-08-04 20:39:55,2017-08-18,7b3d5e9819f245927a29ccfae22ed449,2017-07-20
afe661fe4e225fc1ffcaf01fb11a52c3,7184f07788503ac3f80785236fc693fa,delivered,2017-10-01 18:32:59,2017-10-01 18:49:55,2017-10-05 21:35:03,2017-10-21 07:47:44,2017-10-24,ebb6018f334b166e1c8c10187756b5bc,2017-10-01
53100a6fcd03e8e50f32580474756a14,2c33b2f5b5e6a2730f0ec0289dd68c8b,delivered,2018-03-31 14:38:25,2018-03-31 14:50:17,2018-04-03 00:58:59,2018-04-07 12:06:45,2018-04-25,d3b43b42996ed6e7302d7767d335ee08,2018-03-31
53acce0bf9f92f3a7f152117114f3b3b,fa5c99aad255623425930613d438daaa,delivered,2018-04-29 14:09:34,2018-04-30 14:14:40,2018-05-04 09:18:00,2018-05-14 16:55:30,2018-05-24,91b628eaecfe807870ce9adba442b53a,2018-04-29
1e0902a76612d4d2268202f4f00e11d3,8632d99a5b08ab663e6fd273104fcaf1,delivered,2017-12-03 20:33:02,2017-12-05 04:17:34,2017-12-05 21:38:37,2017-12-13 12:13:55,2018-01-02,c9613f76304e66123dccd18a92224508,2017-12-03
c28cd8ef1cfe5d9a1529bae6a9cd617e,313c60704f93b7516182eb87aedad7af,delivered,2017-05-29 19:16:42,2017-05-29 19:25:20,2017-06-02 13:01:23,2017-06-06 16:16:40,2017-06-19,f3a3d3949cee72ebe51bddf53d61065f,2017-05-29
ea452bd7da485c9376c3112226d21b25,6401d6c168371c1fc964bd3c3077b6cd,delivered,2018-02-15 11:25:04,2018-02-15 11:35:32,2018-02-20 21:18:34,2018-02-23 17:59:13,2018-03-02,8b29166c3e2b7a11a9d08d33d8c2855d,2018-02-15
d1d539886286149eb3de077b14628918,a17911e007d948f30c700f81279a60ee,delivered,2018-04-27 13:06:08,2018-04-27 13:15:24,2018-04-27 15:23:00,2018-04-30 18:22:35,2018-05-15,d5d4815344732bfd334d6695de4100a1,2018-04-27
47526268d1ca9101d88afed0fb430ed3,15c256d6576cae5d8a1e6bc20c3e5cd5,delivered,2018-08-19 18:43:15,2018-08-20 14:32:25,2018-08-29 15:11:00,2018-08-30 15:22:01,2018-09-03,bc48a527681808922a9f84958a8d2632,2018-08-19
b36eaea41e5f572de53b1c5095920461,41aaa75fc64433be3fef12bacbc653dd,delivered,2017-04-15 16:06:20,2017-04-16 16:15:06,2017-04-18 15:22:21,2017-05-10 11:37:36,2017-05-24,9458812dde49284a31993430471bad36,2017-04-15
b2f924dadc7d30518a67a2c8598df64e,393065f3ab9b5035e44a22f046858132,delivered,2017-09-15 12:23:43,2017-09-15 12:35:24,2017-09-18 15:14:14,2017-09-21 18:03:46,2017-10-04,2ee63e7cf23f5b6b4075b3152cfc7a08,2017-09-15
c771032d318005136655d3e3bf60bf54,5ef7713ac922bc8f27692ff2705d67b1,delivered,2017-11-23 13:12:52,2017-11-23 13:25:20,2017-11-28 21:47:35,2017-12-28 17:15:00,2017-12-13,7954ee1a2009d0c3cefce27cfe9e9f28,2017-11-23
18f0e44c3101bf4288ae858b7be184af,0c958dd9059fdd562462f4268f573fbb,delivered,2018-07-05 08:37:09,2018-07-05 16:26:54,2018-07-06 10:32:00,2018-07-11 00:58:35,2018-07-18,c82b80d63f63c5162fab931e14fe2d1e,2018-07-05
e7b463065498659c48a3b2ac3b1cc6b0,b130f5c1fa1e3568060539a4d106f7ca,delivered,2018-03-16 22:10:36,2018-03-16 22:28:16,2018-03-19 17:22:39,2018-04-18 17:46:45,2018-04-13,b790d203457725109c094a893e9cc28a,2018-03-16
ed78b29fa4c1255d275df5d4e464503b,a5dceb0a120a9b028d3d4582422ad480,delivered,2018-01-17 09:33:47,2018-01-18 19:56:24,2018-01-22 18:48:41,2018-02-20 18:36:45,2018-02-22,9b9897a77c1c330dde78a7755e7da760,2018-01-17
d032ca8398bca294e452149d57c135ec,4a11fea2fec6130be9043db5b3866b79,delivered,2017-11-08 17:38:42,2017-11-08 17:57:15,2017-11-09 21:39:49,2017-11-25 14:02:26,2017-11-30,a4161bd48581a3877d2a28315f7e6288,2017-11-08
f8798210932c38fb57575fd5b985e408,1d3bc71558bfe150123a7107517e2edb,delivered,2018-08-07 14:08:07,2018-08-07 14:25:06,2018-08-07 14:54:00,2018-08-10 23:26:45,2018-08-17,6b05110cdbb6841273fdb6718c9f58ea,2018-08-07
29d0c2dcd3c5d5fc8737f0b81bea7304,e4d5a32cc316be61bb51af386f67ba08,delivered,2018-05-10 08:36:03,2018-05-10 08:55:44,2018-05-10 15:47:00,2018-05-11 19:33:10,2018-05-24,f97aed4553c3d4cbe1c7d195a9af2503,2018-05-10
502964d22e491eff472a1d46ae55df97,9d4e4f37616f1a31a894f04de571f283,delivered,2017-12-02 09:09:36,2017-12-02 09:52:33,2017-12-06 21:12:23,2017-12-21 16:33:37,2018-01-04,4e4b787733d41ea0cb9b69a192bb285e,2017-12-02
482bcdfdb558cec2bb6b292e204d58cf,268619a8980e5c2779eafc8da0dca14e,delivered,2018-03-10 09:30:58,2018-03-10 09:47:54,2018-03-13 02:42:43,2018-03-21 21:58:52,2018-03-28,1022c674e52fec08cf888ab42abdccae,2018-03-10
0b5cd7d1cb05a215bfb3aafadaab5a1c,0e9c4e44b69e8121a012447298f5e71a,delivered,2017-02-22 18:56:05,2017-02-22 19:10:13,2017-02-23 22:34:51,2017-03-10 07:27:38,2017-04-04,c58d9c1a65fed7223ae6ec659e2abe5e,2017-02-22
940d6ffb9723c1e13bd69d602c34dce3,5fab3587c62eb407975fa62dc9f9559d,delivered,2017-11-23 18:41:57,2017-11-23 18:49:29,2017-11-25 00:34:34,2017-12-07 19:19:08,2017-12-18,2280fe5969608d9e69005f011ce7dc5f,2017-11-23
b320ff6cbe5f9230cf9a32aee56823d7,53d06430f86702fff55edf6b93b75d76,delivered,2018-02-02 09:54:46,2018-02-02 10:15:45,2018-02-05 13:14:48,2018-02-22 01:25:26,2018-03-06,a38552966e7362a10e7577dc3ab70ae5,2018-02-02
853bcc471d6ed0eb620a497023eb9fa6,5255888d021de3e7ad01cbc8e47b256c,delivered,2018-05-24 14:10:03,2018-05-24 14:33:22,2018-05-24 14:19:00,2018-06-04 22:52:34,2018-06-20,03b67e2663060cffc84005d6775fda6a,2018-05-24
22c9adee57f279cc5b0741ddabc89e6b,27147a988392afbcd055076c5e8c3e5b,delivered,2018-07-19 13:03:32,2018-07-19 13:15:19,2018-07-19 14:20:00,2018-07-23 17:56:40,2018-08-07,5dc9c89f4cfcb3f1fd9afd6126bb518b,2018-07-19
4d8efbb494637eed83bd4bb6d8bbf9f7,2eb8fe9f9cae4b5b98accf78c075b2be,delivered,2017-05-11 16:20:58,2017-05-11 16:35:12,2017-05-17 13:43:51,2017-05-23 10:57:49,2017-05-31,10e7dded50de2fa7196a8788bec2c091,2017-05-11
cf31da4c70df57f682299bfbc26a685b,cb405a3dcb60ca8161120d7b7048b072,delivered,2017-09-13 11:07:45,2017-09-15 02:24:58,2017-09-21 20:13:59,2017-10-04 21:48:40,2017-10-02,06a76e171caa3a499c86079c8f888c01,2017-09-13
882aa4c49d639884a5be99b208d13fe8,e8e35f57f039d94c91c28b9c6554f564,delivered,2017-08-21 17:28:36,2017-08-21 17:46:20,2017-08-30 22:21:37,2017-09-12 15:34:45,2017-09-21,210c301e273e99f00290fbf4668698b8,2017-08-21
e33994eb7c5e18cf46ade6e474b1e831,18d0e9534511b288a524526b1b6966e4,delivered,2018-07-20 10:10:58,2018-07-21 10:05:16,2018-07-23 12:36:00,2018-08-06 22:21:28,2018-08-13,5b7589e703f37814665a1fffed8dffa7,2018-07-20
8989fdd29d2925c7e819138db8e2ef90,5354b83a65dc73d7bdc243d0d7680383,delivered,2017-09-15 12:10:11,2017-09-15 12:25:08,2017-09-18 18:19:58,2017-09-27 16:32:20,2017-10-11,8927f33187d9929c4fda3d4c4a2b4606,2017-09-15
01d48ed99667ce49eaeaa7980a31b987,2e704319d4930866cfa99a7508fe0351,delivered,2018-03-08 09:31:11,2018-03-08 09:48:57,2018-03-09 00:10:31,2018-04-10 23:11:49,2018-03-27,b2c4a9d12d0668cb2b33fd90c0a44fd8,2018-03-08
428b4bc63167af6b36e40101b3633dff,ac4ce14e7e3b653fa44b616edde2ce00,delivered,2017-11-10 01:19:54,2017-11-10 01:30:48,2017-11-16 19:03:55,2017-11-21 18:58:45,2017-12-08,08780ee11c90bbf2d4065b32c6addb33,2017-11-10
22403c79fdfa9d3b95764cef063e0e56,53fad6bc812afc2a4bfe2009786cefec,delivered,2017-09-07 18:30:52,2017-09-07 18:44:01,2017-09-12 19:42:45,2017-09-15 16:20:03,2017-09-27,253982498c11dee63ba4ce138b3fe723,2017-09-07
241eac6a2fe8b2fafc77d48812dab23a,2fc6a0e93c0a17dbedccb9efae52b7f6,delivered,2017-09-14 08:52:46,2017-09-14 09:05:43,2017-09-15 18:25:56,2017-09-22 21:28:06,2017-10-16,6b77b8d684387caf92a306bcbb75f376,2017-09-14
9627fa80c5ea19a5c9a42409235ab2a6,4a3d5744c281ca00b0662c8d46d6c484,delivered,2017-09-20 14:40:12,2017-09-20 22:33:50,2017-09-21 21:40:05,2017-09-28 17:43:51,2017-10-19,3c7a790abf33cca4c72b6f857fb48612,2017-09-20
38ca323a7d4915303945481eb5a7e9e2,33ebaf9f5391d51bfc9fda523a759620,delivered,2017-11-28 11:40:40,2017-11-28 11:58:35,2017-11-29 21:09:57,2017-12-05 21:23:25,2017-12-18,6dcaa300574e3c686c644a75debb23c4,2017-11-28
8a184ffc612729b93cc508a95430238e,d2d62b6dfae4b69aff1be960edc53768,delivered,2018-03-29 15:07:29,2018-03-31 14:15:11,2018-04-02 14:26:34,2018-04-07 16:47:42,2018-04-11,549ba5d32f94af00287a601a42c53ff9,2018-03-29
89e954a7919e964597b60e9f016df7fd,c82a5e4fafdbeb34f08928ccfba27d14,delivered,2017-05-15 23:34:21,2017-05-16 19:15:11,2017-05-18 11:37:59,2017-05-25 12:39:52,2017-06-08,ca19a17e381182923b66007a351574b7,2017-05-15
3668a28064ef9032629644a5a53e0bf9,cd5c445be33d9a16a9db311346ddf34a,delivered,2018-06-09 17:12:59,2018-06-09 17:38:50,2018-06-11 09:49:00,2018-06-19 18:44:55,2018-06-28,26f835eefbca97e6b6e21f0180e2836b,2018-06-09
a0148d30bd60b1529214a696f8be8aea,c2a42c6cf2c1a14683e01d64890e8ae5,delivered,2017-07-18 11:20:53,2017-07-18 11:30:24,2017-07-19 19:33:39,2017-08-23 17:42:59,2017-08-11,f1f86427a5f379d6da9837b1302603a5,2017-07-18
ba8ffe0231b633e2aa5526e2a070b3d3,60a5aba7b553b44da85505197830d17f,delivered,2017-08-11 07:43:37,2017-08-11 08:03:51,2017-08-11 16:10:32,2017-08-14 18:22:28,2017-08-31,92194b068ea27de300852fd169d8bf69,2017-08-11
b10fb9234ad5eba5cbc090ddd8950c6d,b4f17fea2f54f7ceb19bcf5a608c6cf9,delivered,2018-06-02 21:17:44,2018-06-02 21:31:51,2018-06-05 07:48:00,2018-06-12 18:10:59,2018-07-12,a172516b55742114082801bffb7fa1a4,2018-06-02
bd1e185a530c014794c02ee3d2d61a68,f0d56cf2f87cd186e3c1931a6b4189c4,delivered,2017-04-08 08:46:10,2017-04-08 09:02:20,2017-04-12 16:24:59,2017-04-18 08:47:38,2017-05-02,483b26e1bf0f4797e5512d8849d90835,2017-04-08
405700c657d0b6fb125f7507a0bce1c7,26a7e6890b38bbe07024d793614d8e34,delivered,2017-09-06 13:36:57,2017-09-06 13:45:12,2017-09-11 20:27:37,2017-09-18 21:54:27,2017-09-25,5e45d7ebbd66a428e7ee79a89819f1ee,2017-09-06
dbcb6cca18be698dc8022a2c700f84c0,38ea6c503846a603b2e1101a398d7687,delivered,2018-04-19 21:14:11,2018-04-19 21:30:59,2018-04-20 21:28:54,2018-04-27 11:04:29,2018-05-15,b1acdafc7f3a6e64a03daa1ca70faa4f,2018-04-19
13b32cf595a5b647550ed0e6f4f11415,26edf51b99d1817a0d9890fc86cf8e63,delivered,2018-05-19 11:30:16,2018-05-19 11:51:20,2018-05-21 16:00:00,2018-05-24 14:08:55,2018-06-13,966991f3fb9b67695c643670dafa8c7c,2018-05-19
95a73758f9a0f238d54fbdcc11617ee4,c43895d12dbbcccde6062f41482f840e,delivered,2018-08-01 16:16:39,2018-08-02 05:05:16,2018-08-02 13:54:00,2018-08-06 20:50:47,2018-08-17,04e176b665108a31badc8adcc5d90ffa,2018-08-01
1d28af766063913e28a09606c0ee6fee,c57438c44211c48b6e71a6e50c40ab83,delivered,2018-01-22 18:38:28,2018-01-22 18:57:11,2018-01-24 22:37:01,2018-01-29 13:26:50,2018-02-16,65fffca3cd98a2ce884ad7ab69189ba2,2018-01-22
607d8f6570c73e6a2e553908d572abc7,9fe84c7ab94da8e3d39926676b4bd6b6,delivered,2017-10-28 21:35:13,2017-10-28 21:46:27,2017-10-30 20:48:28,2017-11-14 20:15:00,2017-11-27,26546347dd1db04a1f9576b2da076b7a,2017-10-28
c4160802efad8c9cbde695407bb04a7f,e9ca03844b49d3306a4ae7ecb5ea3e52,delivered,2018-03-23 17:13:43,2018-03-23 17:30:25,2018-03-26 14:12:24,2018-04-04 23:56:47,2018-04-06,cbe85801230c6d514f21dc940dcbbb78,2018-03-23
bf73f313ea64d4593da0084e25f67044,ac4adaa56772c24c8307ca0bc82e8779,delivered,2017-03-23 13:50:36,2017-03-25 02:33:48,2017-03-27 11:12:18,2017-03-31 20:52:16,2017-04-17,35a8cb2bbe1837f6aeb83864c97742f6,2017-03-23
41a48f4dc75f01b16dfa7e32cb456ebc,2e1ca63e5627b6125345cdd302d99835,delivered,2018-04-16 14:34:36,2018-04-16 14:55:11,2018-04-17 16:18:45,2018-04-26 15:21:00,2018-05-17,fb3666e37fd339da742021b12ee2a0e5,2018-04-16
c2f824d0d682afdbc47d03ee761da916,6931bdcf8fa91746cd473977b3805a36,delivered,2017-08-14 12:44:09,2017-08-14 13:25:15,2017-08-17 23:57:32,2017-08-29 18:28:43,2017-09-20,e5b9fcd5cf8ebeb211073f3619ed73a5,2017-08-14
090cb921c3319702919eabe80bc9f5ff,2947b1f5493e916b287414dc93e1e6b0,delivered,2017-04-19 12:38:31,2017-04-20 02:45:35,2017-05-04 14:22:15,2017-05-23 14:26:32,2017-05-12,bd795d5de7a0119b5460d76f411f31e6,2017-04-19
2ce9683175cdab7d1c95bcbb3e36f478,b2d7ae0415dbbca535b5f7b38056dd1f,invoiced,2016-10-05 21:03:33,2016-10-06 07:46:39,,,2016-11-25,6a2da481aa7827b951175772a0fe8bb8,2016-10-05
ac9ded1f3d754d8a13787ff88fd7b4f1,f2d18d44a6dfaa9be63649d65041d038,delivered,2017-12-01 14:27:39,2017-12-05 04:12:06,2017-12-11 21:12:57,2017-12-27 21:33:32,2017-12-28,5a0fd5d12f969cf5b9f81b5e6798955b,2017-12-01
1cb38ae65fed9fa76684ac28035d4350,35d72520dd66b6d64c485b521de8fc25,delivered,2018-03-22 22:43:50,2018-03-22 22:50:51,2018-04-04 19:21:31,2018-04-09 17:32:12,2018-04-04,adcb4531ffc724f8e5d0250e85610522,2018-03-22
a1ce95395f551fa92e087cc8d08ab1b7,3b41c227f0aab28df35653b181a497da,delivered,2017-08-17 18:02:19,2017-08-17 18:50:22,2017-08-29 19:57:28,2017-08-30 20:17:40,2017-08-30,8cbf922d211677f34ec52b08faff59df,2017-08-17
5db62a99be52172b589440403f644aa9,5195c80d2034a6123f3866574cfffde8,delivered,2017-09-16 21:41:43,2017-09-16 21:55:16,2017-09-18 20:32:02,2017-09-26 15:35:48,2017-10-06,a296df1cf7557b871094bda3d269972e,2017-09-16
a50d16f8c24acdc0c3d2fe0af2cd5c87,95e838701bbc7791a50ccf58140ebada,delivered,2017-01-25 20:17:33,2017-01-25 20:30:15,2017-01-26 12:04:05,2017-02-17 14:53:52,2017-03-06,fe810d4870b11964c5d0ae1817aaa97b,2017-01-25
f85406a2bb15eead2488ba5e488dbaa9,b181fce3d88831380f95ca8cb2a96945,delivered,2018-07-23 18:18:54,2018-07-24 10:31:35,2018-07-25 13:41:00,2018-07-30 16:58:42,2018-08-08,efde060558616b5395b22c15a18444b3,2018-07-23
35259d97f9642ac14994076aee098f39,ccee3c453c3fe225b0beb27d9638d284,delivered,2018-07-05 15:41:51,2018-07-06 02:55:13,2018-07-06 12:08:00,2018-07-11 19:56:38,2018-07-26,88f62ebd0d2ac00fee19dc07c5a371b8,2018-07-05
c8760b2b21e61235273701a644b5fd95,180791a90665e8124094adce3e0b56c7,delivered,2018-05-24 16:46:17,2018-05-24 18:38:14,2018-05-25 18:25:00,2018-05-28 20:42:07,2018-06-13,39afb2cd9cd64ff6219384e0bda04ffd,2018-05-24
dbecc01973f05c9adadfd6ae5f50f224,4a7e30a975bf0152b4f12f7494fc915e,delivered,2018-08-16 21:37:28,2018-08-16 21:50:14,2018-08-17 13:14:00,2018-08-23 14:59:52,2018-08-28,446025260daa3c3a0af4ff1c5ee18a52,2018-08-16
9580009b0ba212d7375f5fe049c1eb95,3f8859a917d15a0ea9b7677e585d9271,delivered,2018-04-05 16:27:23,2018-04-06 03:28:28,2018-04-07 01:28:33,2018-04-17 16:03:00,2018-04-27,5e6de9c0bac6cbbf51f2b28d567756ef,2018-04-05
01a0013ddc7cd129e350e8671b56a263,800631fef0a782c3a8efe7d8071df64a,delivered,2017-03-23 19:47:34,2017-03-23 20:02:41,2017-03-24 18:42:18,2017-04-12 10:33:22,2017-04-25,6d3c02f03efc71b44d52999fc95fc86e,2017-03-23
665c6b8e3c77888e2a0c9b64ad905155,a522013962bdf8fbae9cfff7541eba9c,delivered,2018-07-16 16:03:07,2018-07-16 16:20:19,2018-07-17 15:31:00,2018-07-23 17:38:06,2018-08-03,6367a32e0947285a10c7d8a80913436c,2018-07-16
b00bc9aa349637ff735625300d040f51,3784cf17b9988a3cfca0372c69901bc7,delivered,2017-12-21 21:52:07,2017-12-22 02:39:31,2017-12-22 23:32:22,2017-12-23 12:47:13,2018-01-11,b3fbd3cc1dd9754e08d62b9d4dbc3975,2017-12-21
65eb6250136c43439c237f613a616d06,d799a3c96b427ac1991b50289524d5ae,delivered,2017-11-16 15:50:48,2017-11-16 16:09:01,2017-11-20 15:22:30,2017-12-12 23:47:26,2017-12-15,ba5e89b90b893703e414318bb5a57ee3,2017-11-16
1733916305727c04da99e1ceab781c93,5747e92c2d001d68a632852f8a4f3768,delivered,2017-05-10 14:08:58,2017-05-10 14:22:33,2017-05-15 08:55:50,2017-05-18 11:08:01,2017-05-29,9f16fd7755d607cff890d9af2f212340,2017-05-10
1e94bea629f2a9ad149fc751e9880aab,1ec9ed4ef12aeabae2c3adb1f514006d,delivered,2017-09-28 10:44:18,2017-09-28 10:56:16,2017-09-29 19:55:04,2017-10-09 21:08:09,2017-10-25,75f7c9e220413faba5dd3d67d7406d00,2017-09-28
ed6901dee965e2c8a7706a9e18b84689,ee53b3b87293ad04d9799d92dc1b056c,delivered,2017-11-09 12:02:22,2017-11-09 12:15:43,2017-11-10 21:52:44,2017-11-23 22:11:28,2017-12-13,cd43869bea949bd24f06977485cef68b,2017-11-09
ae03268ee4119ed84cd059a8dfb4a6dc,3fb3c93d9edf483a148a1df3423c637a,delivered,2018-04-17 09:24:21,2018-04-17 09:35:14,2018-04-17 22:52:26,2018-04-23 14:04:46,2018-05-10,4f2bf616db518c6578e9bbf82d1a82b8,2018-04-17
cd4b3eb02a077e4c51607df950c8237b,61847d5cb08c718da12e4085960dc729,delivered,2018-08-18 17:40:35,2018-08-21 04:29:37,2018-08-21 13:59:00,2018-08-24 14:58:28,2018-08-31,9f56efdf646831c601aa6a57e796253d,2018-08-18
0a40305560dea2cdc17c6661f222375d,29d09d8e6cb24d45ca8fa79a3f0420f5,delivered,2018-04-28 13:55:54,2018-04-28 14:14:08,2018-05-02 13:36:00,2018-05-09 15:18:54,2018-05-25,aa61088d224a87bf1c613f5deb773317,2018-04-28
5c37d6b170816f736bfa468714b2b41d,5a24403a0f39b693c16a89e2bf24d7bc,delivered,2018-06-05 18:26:39,2018-06-05 18:52:35,2018-06-06 12:49:00,2018-06-18 21:46:02,2018-07-26,83583269f77ced55852b4e1a407e714d,2018-06-05
7aefecb78e141afbc6cd675bb64f3760,afa4462065044a5a055ee4c9297a957b,delivered,2018-01-09 10:15:46,2018-01-09 10:29:37,2018-01-09 20:52:01,2018-01-19 23:42:03,2018-02-21,9011cfc91447d707a0b4a5368211f232,2018-01-09
8970750238b5ef33e7c68e952f53aa9f,ada1842eb284e3cfe2de8e97bd056ea1,delivered,2018-04-05 10:07:24,2018-04-05 10:28:51,2018-04-13 00:03:56,2018-04-17 21:32:49,2018-04-27,4eeae7ccebb40eeb5bb8d5323485f300,2018-04-05
392e29240c299001aa7052bf0dd61133,dc6d89a0c5b72d1f300cfe7bd9cf14a7,delivered,2018-03-18 12:07:48,2018-03-20 03:48:46,2018-03-20 20:21:23,2018-03-27 22:20:36,2018-04-10,d3239b00dcdfca5431136e1d34110423,2018-03-18
0dfa1a2ce4218fe50a09559609703829,42dd96f61bdf4275466cf845a61d184f,delivered,2018-06-23 21:57:52,2018-06-24 21:58:36,2018-06-25 19:39:00,2018-06-26 17:12:18,2018-07-05,458b1248916e502eafa8a0e418c45562,2018-06-23
e0b240447243e2c32e1f7d092a98e196,24e7a8ad6072af8f5d13bc9c48fe3f92,delivered,2017-06-21 14:03:28,2017-06-21 14:15:27,2017-06-22 08:55:35,2017-06-27 10:05:50,2017-07-04,4f6ce7be021d8ce84343af1037cf0105,2017-06-21
90fc6b4369c07c92c129ecbbde6e6216,1955d7e0c5a0d6fc2fa2eea4662b8f1f,delivered,2018-06-02 23:06:14,2018-06-02 23:31:44,2018-06-07 12:57:00,2018-06-14 20:32:45,2018-07-19,9c41be9e30aa292cfbd98715fa891c7c,2018-06-02
51e82141cdf2ead4a357379adc6862f0,bf0137022b7c9762faa60605c5553a65,delivered,2018-04-23 14:45:53,2018-04-24 19:21:00,2018-04-25 15:20:00,2018-05-18 20:46:28,2018-05-25,fdcb99d2f2615b1cb3f12e9ff431aa23,2018-04-23
518a5aecdc43fc3f991f9d7241078534,9c9c8d2c1de0e4d5fb1a271c02c55eaa,delivered,2017-12-08 15:45:03,2017-12-08 15:56:25,2017-12-11 17:37:36,2017-12-26 23:22:26,2018-01-15,14293d8b2ba9f88d1905c83adfa9d1b5,2017-12-08
6c41509ceedbdcbff1e2b9aff7e2dc16,0247d5ee8ce6628e9cde9ceafd6271ba,delivered,2018-01-09 20:22:23,2018-01-11 02:48:36,2018-01-13 02:10:17,2018-01-26 18:55:27,2018-02-07,f11246878d993752915001976eef86cb,2018-01-09
a16facd0f8328e8955662168a0931ffe,0416120de33b5eef3e7d237ac83b45ac,delivered,2017-09-14 15:10:54,2017-09-15 02:15:32,2017-09-15 20:10:01,2017-10-11 19:59:47,2017-10-13,9e40abd430fd934e5b84d89c23feca2e,2017-09-14
07e68b7ed834c392f26a154d8997115b,34c44f5198dacba9936078212bca4b61,delivered,2018-08-04 09:56:18,2018-08-04 10:10:17,2018-08-06 12:24:00,2018-08-10 16:04:40,2018-08-20,7a0f2eaff476686b9422b91874e1aef2,2018-08-04
d4d8bf9bd77c6ad21580adb5a076d0a7,4d7e4204818a6e5e29df2cca0b11a479,delivered,2017-11-22 19:14:06,2017-11-22 19:26:23,2017-11-24 11:51:41,2017-12-05 16:03:29,2017-12-08,d8f05bc0e62a5ab719bb6d8b5bf0cd6b,2017-11-22
d0a83a557633b44cd383dd6e539be7fa,90f13f9bb94b0aac1f2b89f7b7412d5f,delivered,2017-07-12 13:04:12,2017-07-13 02:50:24,2017-07-14 15:47:39,2017-07-17 18:44:17,2017-07-28,24d2edb567375d792ece90188e5132a2,2017-07-12
8f3eedb2479ad51a98647779fce346a1,648789eb2227f5befd0cc1f6536252e0,delivered,2018-08-10 17:44:56,2018-08-11 04:35:11,2018-08-14 15:33:00,2018-08-18 10:21:42,2018-08-31,e98eeab9a594b566972d16c8fb6e36bc,2018-08-10
55c93866f8f79f873b99a401a7428a6c,161aaa81d6b23382eac4b88ad2b80514,delivered,2018-01-31 09:24:56,2018-02-01 03:11:37,2018-02-09 17:22:57,2018-02-19 16:38:51,2018-03-02,bf432226a944503e91c6ec2159c6663e,2018-01-31
e07a84ec1cfd8380eecb3f1a2afa7eb6,3791df675a28c5b326e0056d5128ed44,delivered,2018-01-31 22:18:51,2018-01-31 22:35:37,2018-02-01 18:12:27,2018-02-15 19:03:51,2018-03-05,2cfbbb4a40e3bbf5c23c1846bb7d9b22,2018-01-31
de8d425cef1f6b298913e9fc0c451d6f,52ad40cad13b4152d0c6ccefa638d646,delivered,2017-06-06 10:56:26,2017-06-06 11:05:12,2017-06-08 13:50:16,2017-06-14 14:58:43,2017-06-27,1e6f0994c009e61f06c1ee96f53f09c9,2017-06-06
b59646a3121fae6a722667ba7a4fcbc8,ae6e3c9254bdccf9777714139a303877,delivered,2018-01-10 16:02:43,2018-01-11 15:53:30,2018-01-12 11:57:09,2018-01-15 21:24:56,2018-02-05,6818ea20fdfbce7f5e86d31893899587,2018-01-10
b71a142912689dc7c524687c90a530c7,5d220dd81c69ec6c82805d9d7b697d30,delivered,2017-11-24 20:48:29,2017-11-24 23:53:09,2017-11-27 17:37:44,2017-12-03 14:36:35,2017-12-15,fec7a82bf0a3cbc694694ab4929327ee,2017-11-24
5defa702db54b5d6c22fe54be8f48a04,75f3a226bfc1e775f68bb6a49bd7782a,delivered,2018-05-06 00:59:58,2018-05-06 01:10:14,2018-05-09 13:28:00,2018-05-21 17:24:36,2018-06-20,8ad6a8a3e0dcdea9e515790d770bbefb,2018-05-06
8914a09684ca4a41b8fb6cdf7d7de429,b5577bfd53d22b13c97c7cfee65441f9,delivered,2017-10-22 20:11:45,2017-10-22 20:28:22,2017-10-24 11:39:50,2017-10-30 23:15:08,2017-11-09,2ba07ed8f2ff1d7c5ed18512e5609064,2017-10-22
d1450bdadbdc63d63930446c31eb91e2,bf32a16fdc1400b61f898982ea88022f,delivered,2018-07-17 16:55:03,2018-07-18 08:35:18,2018-07-18 15:46:00,2018-07-24 11:12:13,2018-08-03,3d1f69f6030be428fd465966baebe76e,2018-07-17
711526597d2e1f1b5ee9bf5c4af2c4cf,e7e0c4caaf311b0d3850db36bbf6d404,delivered,2018-07-27 17:36:19,2018-07-27 19:50:19,2018-08-02 14:20:00,2018-08-09 14:48:51,2018-08-23,47e73a2fd380ec487a3b25fa01104859,2018-07-27
27be2d9a863635e6a3c6b616cd179798,1b5aa8ce7a8e7e9f1254a47fca1c69b7,delivered,2018-07-27 14:20:00,2018-07-27 14:35:12,2018-07-30 12:51:00,2018-07-31 16:27:31,2018-08-01,0b0e8955bcc0fcfdf121d12621fec614,2018-07-27
394d17c2b71a726e205caaeee3d2aa3d,10d109b1f1f45bd2bf9afd83543eedd4,delivered,2018-08-03 14:56:26,2018-08-08 23:31:22,2018-08-06 11:51:00,2018-08-07 19:28:25,2018-08-08,ac4316047f392ac02340c4b6160d95a8,2018-08-03
68be1c52f0c662cedbe21ca137ca77fe,3770b28ef0626cf945d6f4129077c7ae,delivered,2018-01-25 09:22:50,2018-01-25 09:36:27,2018-02-01 20:04:06,2018-02-16 18:32:32,2018-03-12,b6c719d00d65f2461bfda7e80a5cc1cb,2018-01-25
b26c483e11283be6968baaee5a01258c,b976474d6f4f5a3c6824c538d0e82d87,delivered,2018-02-28 00:56:18,2018-02-28 01:08:38,2018-03-02 19:48:37,2018-03-19 22:31:28,2018-03-20,b2f49051405a7487939e2f88448ce470,2018-02-28
38ab0898b5328ea3498a9a8c5bbf977e,cbcfa9705c08a075c7352438db3ac301,delivered,2017-09-30 19:19:21,2017-10-02 20:35:18,2017-10-20 13:00:07,2017-10-25 22:34:10,2017-10-25,3ceefb2177a2cf047e2b49ecac09800d,2017-09-30
1b4302389eccf1e9df072501f38b1e9a,8366faccbf86fbd3165242b52317a20e,delivered,2017-11-24 09:56:07,2017-11-25 05:49:53,2017-12-06 15:15:04,2018-01-03 12:55:26,2017-12-14,c4dca6b71b0cc0ef06da1ba617d0bfd2,2017-11-24
613319dac4811085d26a2e9049baee3e,30fd14d9842e9fb42872f7c73b77e589,delivered,2018-04-06 22:08:18,2018-04-06 22:29:10,2018-04-10 23:28:34,2018-04-16 22:31:51,2018-05-08,e6e7f09e6411f997d35dd885d7b7f520,2018-04-06
007beb35f98c075747e6fc4fd1c0cb73,e5c49220ea97eddff8b1fbb594913a43,delivered,2017-09-23 08:32:53,2017-09-23 08:50:17,2017-09-26 16:43:03,2017-10-04 15:32:47,2017-10-20,539a46fd0fe17b457ea27dacf709c406,2017-09-23
28f5ed3bc19080a3a72e7548df0a5ed4,5ad3e308b2ad8818e4f9f468c8949854,delivered,2017-11-24 14:44:34,2017-11-24 16:52:56,2017-11-27 22:05:36,2017-11-30 19:28:28,2017-12-14,0f22f3cc65cb266f722cd25c2ba0f84f,2017-11-24
bcd870b88eefdc1d8e5fe731f5e7a4a3,cae3161d70d82c64c6a73e5e6b5ee9bd,delivered,2018-06-19 23:32:39,2018-06-20 14:38:49,2018-06-21 10:36:00,2018-06-29 18:04:26,2018-07-16,842d9f70503b0baa0149694622365dd6,2018-06-19
7a71ea3784516335d7d333ed70db7caf,b70315bd0a585fa18bb1b6a7ce8fac3b,shipped,2018-03-04 12:44:36,2018-03-05 21:20:29,2018-03-08 03:04:34,,2018-04-06,3eb52060efbada1622812518be2ca118,2018-03-04
a9bfa8db74ad27be5debb246e95a5ea1,19f3c83341ec348811baabc1cb10aa6c,delivered,2018-05-10 23:12:23,2018-05-10 23:37:04,2018-05-14 10:19:00,2018-05-17 22:47:44,2018-06-04,d3616f69d07e63763ec633baf604ee50,2018-05-10
be7cd2ed9b40294805a5db0da7b36af8,a05c1061e47b0b88ad4aff4203ce64d9,delivered,2017-11-30 16:08:28,2017-11-30 16:15:21,2017-12-01 17:59:02,2017-12-03 13:05:16,2017-12-18,5972ea2778883efe1854375034114736,2017-11-30
c1e09d04655160d6d54de41e9d001c47,a4e12dbc7b8973b94226dc1d6696416c,delivered,2018-06-25 15:41:11,2018-06-26 04:58:51,2018-06-26 15:28:00,2018-06-29 00:18:47,2018-07-05,349fbf20165c462b20049d6d8551d2d6,2018-06-25
d2dd22a82e41003562f87ca88e02b0b9,33e2cd7c514ebcf5664c6aaee40686f6,delivered,2017-06-14 09:32:11,2017-06-14 10:25:21,2017-06-14 15:41:02,2017-06-23 13:04:33,2017-07-05,942830bc527cd27e13dbd6e9c37f73c1,2017-06-14
b65bc3c893e55d8850fdd459723e5f88,3187d1ef9489d150ef02ed28a56b6e18,delivered,2018-01-17 16:32:43,2018-01-17 16:49:45,2018-01-18 16:53:10,2018-01-25 18:51:31,2018-02-09,3138858b0f3302d6d8ffbaf1de14444e,2018-01-17
02f886b28af7079755677a544bc54fda,b6354a784b22dad8e36b59fb230baedb,delivered,2017-11-08 00:38:50,2017-11-09 05:31:39,2017-11-10 20:18:55,2017-11-21 15:28:36,2017-11-22,eba485f19136a2796edc73bc0dd274e7,2017-11-08
0e7a304b49a353318a2ea193bfb5523e,e78857cae42c368d813a98108c1a4a76,delivered,2017-06-25 14:23:27,2017-06-25 14:35:19,2017-06-26 12:33:31,2017-06-29 17:09:49,2017-07-21,85f54306372f5ff800c023dc85231111,2017-06-25
faa4ccbf5f173ece3de4cc37664ece62,1988d7220b2bb21edbf4e37e3f635481,shipped,2017-09-08 14:58:43,2017-09-08 15:05:21,2017-09-12 13:35:05,,2017-09-25,e7add4fe78e3c25b59119a5766dd7ccd,2017-09-08
8f531b05318eb9f4b470e52c7d935cb8,2d2d3841593ef0eb759cc05946cd6932,delivered,2017-07-27 19:02:00,2017-07-27 19:15:19,2017-07-28 18:09:57,2017-08-08 18:07:52,2017-08-18,0c17c83ec4ad6041ecfe2c912d39b0f7,2017-07-27
4c0a4b63218c9a22187547fbfb338fc9,6b25a3bda52ba5016e0363b41401bc9c,delivered,2018-01-06 01:14:32,2018-01-06 01:27:33,2018-01-08 23:04:07,2018-01-18 15:38:39,2018-02-02,b58b44b4583a250738d2d40bcf57f0b6,2018-01-06
171943be812c8876efe42743bb176c04,530369cd01260a1588a9bf87b3003878,delivered,2017-10-11 19:18:21,2017-10-11 19:28:23,2017-10-16 14:44:41,2017-10-31 19:42:45,2017-11-07,fe2d4589611615b2ee1b523a094c0a3a,2017-10-11
11a712e608d2c5d35b89246489db966d,013c39ad671a385ad47e7d108dc6517b,delivered,2017-12-28 20:21:15,2017-12-29 02:09:55,2018-01-18 17:10:15,2018-01-26 23:34:30,2018-02-19,9e72470a3139f0c9b6ea5d48a0007423,2017-12-28
e05c05475cc96f65f8c34274398840d9,fb776c31b53a1f918c012a98ecd1050f,delivered,2017-06-20 22:42:06,2017-06-20 22:55:16,2017-06-20 23:31:03,2017-06-28 09:13:22,2017-07-03,fbdd85f919749a8e7a1290c6452024e3,2017-06-20
804dae6e9b55fbb92deeb0313f7df57e,47001e5735ca5ed1a6ebfbc7a231f354,delivered,2017-12-12 17:05:39,2017-12-12 17:13:27,2017-12-13 17:53:54,2017-12-15 14:52:26,2018-01-05,6d4e49445659c484d507eff3ffcb180d,2017-12-12
7557d8107d1a5cc575d2e99489f95b45,b4ff9a2feddb0c04a0a50879c08d6d8e,delivered,2018-03-10 10:41:30,2018-03-10 10:50:27,2018-03-15 17:32:51,2018-04-06 22:54:24,2018-04-09,0e649668ca5513059e459f1d2e211f5a,2018-03-10
49acb5fc9c65246c7611d008c2304353,5077e24e3da9e7c78a12dcc24bd7fc42,delivered,2018-08-03 21:05:01,2018-08-03 21:15:22,2018-08-07 15:39:00,2018-08-08 23:34:43,2018-08-08,a72a04723f900a300c568b4182f46697,2018-08-03
aee8fb0d2cbf82e20b904b3c5b6e1430,d950b7e95e9400faba66572054b14ef1,delivered,2018-01-05 16:36:16,2018-01-05 16:48:05,2018-01-08 23:43:34,2018-01-10 14:05:31,2018-01-24,2f0707e133b36fc9fa76479aa8d728b8,2018-01-05
2fac5c3079ed620f52665e540fc57d66,f01d004f168186b4d834b318d9309d5d,delivered,2017-12-19 13:39:03,2017-12-19 14:32:25,2017-12-20 21:20:09,2017-12-26 17:54:50,2018-01-08,20c48918dcea7cd156fce33f9a357fd8,2017-12-19
6ed043d494d076830babf38c25630d86,823c81b03ff5876452eded3ea6d9ac44,delivered,2018-01-16 13:29:45,2018-01-16 13:36:21,2018-01-16 21:22:38,2018-01-17 17:05:46,2018-02-15,246578bb79248a97e8d47514ac7decb1,2018-01-16
5ab25b72b77a59d1fdf22e49e2094b13,5f1c9f917b6f4bd5ef48dd89b4603c7c,delivered,2017-12-30 21:10:48,2018-01-02 13:31:40,2018-01-03 13:49:34,2018-01-16 18:41:26,2018-01-30,425499c40f68042f0a53f192ec59010c,2017-12-30
48a043c45028f3caaabe84abb2316c51,8ccbf5bd9bdf5acf36344a7eae45eb63,delivered,2017-11-24 22:20:10,2017-11-25 01:33:39,2017-11-30 22:58:36,2017-12-01 20:22:02,2017-12-08,0a5130f50dd2483e89e7ed89a952eac8,2017-11-24
4ce23a326d80951e2de85a1870483eed,26b8d706ae17092e81e600c7ef41148b,delivered,2017-12-15 15:55:59,2017-12-15 17:00:50,2017-12-18 21:19:24,2018-01-04 00:29:14,2018-01-11,355d02986f51e80adfb8675fbd22202d,2017-12-15
57a32b48976d15effc1117f106592956,9200ada562e42ab28f0ac4b63aded67a,delivered,2018-01-02 14:01:00,2018-01-02 14:13:23,2018-01-03 22:29:47,2018-01-20 00:15:04,2018-01-31,5b77ae8152a41d2ccb73c2ca14ec1fee,2018-01-02
a79f746e8d63ce9fc519a61a485e39a3,6277bcb4dd0c639774402e4e926ca789,delivered,2018-03-15 00:44:29,2018-03-15 00:56:13,2018-03-16 22:36:23,2018-03-21 23:48:48,2018-04-03,9261045ee2bc2f2f061583a615d528ed,2018-03-15
abb72024277f9d7ed4a0dec9cbe56e03,9f1842d0065029e551b25e200cdae591,delivered,2018-06-23 20:13:15,2018-06-23 20:36:12,2018-06-25 13:43:00,2018-07-02 22:56:40,2018-07-26,f68f7bd0e5df713a6663114cd8da6716,2018-06-23
7ea3b6e314e533719b7dbc3ad951aef3,f51abbc1aedad3c2043a901fcb09f93e,delivered,2018-06-01 14:45:02,2018-06-02 14:51:41,2018-06-04 15:03:00,2018-06-12 19:58:33,2018-07-11,10fa2b0fa9c4d8117d2645f089c9f099,2018-06-01
864bd5ba759c631c93986c49f5c42168,97041c16f13d77339e0066c4f41364a0,delivered,2017-07-30 15:22:08,2017-07-30 15:35:09,2017-07-31 16:44:02,2017-08-11 20:23:27,2017-08-30,74ab4a6f4e5a53608b690cb501a86e68,2017-07-30
1b0bca54c8db32dd715f2c60c63268ca,af3607bdd3b2a0dcdc888ed59e1c5a15,delivered,2017-04-17 15:25:04,2017-04-19 02:45:53,2017-04-20 09:17:17,2017-05-02 18:21:29,2017-05-12,2eb7d6f48c62cb96ad204729495f0e85,2017-04-17
4530ebf341c28451b56c66fc4d70f8eb,a6dd7e4c30e1477bbdde0fc4bce93b56,delivered,2018-06-21 17:27:55,2018-06-21 18:21:15,2018-07-02 15:18:00,2018-09-05 18:06:50,2018-07-24,9070642e8e03c8ee64dea86d5b5eea9f,2018-06-21
a710aa239bfbb253f2ecd578893a07bc,a71b2a9ba74939ec08fb4a50fe498974,delivered,2018-06-05 11:21:27,2018-06-06 11:15:19,2018-06-12 06:45:00,2018-07-03 22:16:41,2018-07-19,3aabcd46c57fb8f84030d1c1e7962bf7,2018-06-05
4ca6a87f196ea892c5abc4e84748fbde,0d011c0f29cd74c1b0313cc32294b787,delivered,2017-05-21 13:07:26,2017-05-21 13:15:20,2017-05-23 11:04:53,2017-05-31 12:19:57,2017-06-13,167fc7fc6cdcd97f9a597ef3c365a815,2017-05-21
bfca24132f0ab4923cdb7225b4caca3c,65111bf9dcb7fbfb127968a3f174ddbc,delivered,2018-04-13 10:18:27,2018-04-13 10:32:35,2018-04-16 22:36:40,2018-04-23 22:05:05,2018-05-09,7a73c77abf36a9d906fcbb47364012ad,2018-04-13
2055a5d587514fc2e59552e6bc6e0a5e,0a76f003f75729860b9ed8ab323df7d6,delivered,2018-04-22 23:15:51,2018-04-24 18:58:24,2018-04-23 21:04:53,2018-04-25 12:58:39,2018-05-10,d8ac1d624831be00cf56fcc49b3db6da,2018-04-22
7e8756804954a036bc7bba08ceade465,8fdff91133ee2265eb14e29758c5daca,delivered,2018-08-08 21:19:41,2018-08-08 21:30:16,2018-08-15 07:53:00,2018-08-21 16:36:26,2018-08-29,ca81458af1cfd7972ee1dccc8853d4c0,2018-08-08
21a3f15754b759c91fff4535aaeb3486,78f9a490b37c9cd175cd731e24e9b598,delivered,2018-06-28 16:47:41,2018-06-29 16:51:20,2018-07-04 13:16:00,2018-07-11 23:22:33,2018-08-03,1a3d1e8b28c0ee27c23333ee108c47e6,2018-06-28
47b7b28d79efaecc316b38f60a7a6b77,d98cde7eb2cf2e7e8a98d0036f22aab3,delivered,2017-06-06 12:23:28,2017-06-06 13:25:33,2017-06-08 08:26:49,2017-06-09 15:17:56,2017-06-27,400c70d473adf47f916c13b71976f8f8,2017-06-06
a009ada42a46d83328c627c1ffc57f56,b1ff51bd725d9c52689b0cde47656bcd,delivered,2017-11-06 21:44:01,2017-11-07 05:31:26,2017-11-10 20:46:52,2017-11-20 21:34:36,2017-11-30,2c6a91479a7dc00d8c9d650d8dee88ca,2017-11-06
079f35f555387ba548cf2a98cca8c43e,65ff7614e2268f51f715eb6fc1d899b7,delivered,2018-04-13 01:07:11,2018-04-13 12:50:30,2018-04-17 20:03:02,2018-04-26 04:20:37,2018-05-04,16378852217ab73885b298c10a820c36,2018-04-13
01235dc626dcf13283207ba7f36a959a,f418fa622ecaa0dc1bc8524446faf6fd,delivered,2018-07-24 09:57:43,2018-07-25 02:50:16,2018-08-03 14:14:00,2018-08-06 14:57:42,2018-08-09,40682a6bda55c041ac28f77b0818868a,2018-07-24
4acfa8594925fd16246cef2ad2e4fb4a,191b76fe6fe1bb52896153689ce5fc58,delivered,2018-01-13 10:56:37,2018-01-13 11:09:14,2018-01-18 23:18:35,2018-01-23 00:56:31,2018-02-08,719b758d12e3c1f243c66bf47b488be1,2018-01-13
31237045dc3ee5243375baaaa729188e,a1dbed0cbd8ce98fca7d5add7cb94689,delivered,2018-05-12 23:26:04,2018-05-12 23:35:14,2018-05-14 15:10:00,2018-05-23 16:22:41,2018-06-07,be20851f26648632a9715c1e5491404d,2018-05-12
514290e30cb76393d6623ca6d7d79ee0,a26ebecf1eada5cc98c25bfd8b36d71a,delivered,2017-03-12 19:33:03,2017-03-12 19:33:03,2017-03-15 10:01:35,2017-03-21 12:08:37,2017-04-03,99bfd9e7019de57a9f0d1a33dc1d402f,2017-03-12
6bcee650c0948a4d061fbac64d157ba5,5c3bc8bdca2fc8158e9909e146b8f337,delivered,2018-07-26 15:26:12,2018-07-26 15:35:18,2018-07-30 14:01:00,2018-08-03 00:12:10,2018-08-13,929f67fce8f269879084f50385a16354,2018-07-26
2b7c4c43299a0641e8d9c0f8b5239191,655e6d4740c2be44db06fb323886b426,delivered,2017-08-16 11:40:24,2017-08-17 03:10:24,2017-08-17 19:33:46,2017-08-23 22:42:26,2017-09-08,70ee75cb850eecd03640cc7a2543078e,2017-08-16
f943b276d9ffea1aee4b93c853ff1fd4,ddd50d9c0a2b734d5a3cb0466c1168d0,delivered,2018-04-25 13:54:42,2018-04-26 13:51:06,2018-04-27 10:15:00,2018-05-07 23:04:59,2018-05-18,33e1f88e8ad84eabddddcf52c8451617,2018-04-25
4bf082888a1de1a60eaa2949a30adf78,15df03bd579b23b85e60f0df52b82249,delivered,2017-12-20 09:21:34,2017-12-20 09:31:22,2017-12-21 00:39:15,2018-01-08 18:03:36,2018-01-24,eb742a3b914c53d45f1a30c8e2fcd8bd,2017-12-20
30b66faf9517facb67ba9b710f0b9628,007e99fec9d53dfa4e5d8be9c2b36ca7,delivered,2017-06-02 21:39:00,2017-06-02 21:55:06,2017-06-09 12:03:45,2017-06-16 13:43:03,2017-06-16,6acc5385a15c441abe050fc7abda50bf,2017-06-02
10a4fba332df93580200cc555d2166ab,0d7bb2edfc4bde37fbbb49b06fa0f579,delivered,2017-10-29 08:06:52,2017-10-29 08:25:10,2017-10-30 17:16:19,2017-11-06 18:36:42,2017-11-22,3f006686765a7a0fa7d67e17fa09f8c6,2017-10-29
3b7a4848d7c9e68236e6c171d798213d,9ba493187a89070e398b4fe8bc663f8a,delivered,2018-05-08 15:39:19,2018-05-08 15:55:23,2018-05-09 12:15:00,2018-05-15 13:48:50,2018-05-28,1ae27253a2f4e1a9584803148d78da8c,2018-05-08
01094e169d4b14edaf6954eeddb83633,2b7ad3fc92af63027a7748b084f9b439,delivered,2017-09-27 13:54:33,2017-09-27 14:07:10,2017-10-04 13:08:11,2017-10-17 20:43:52,2017-10-26,d2787622df9fd933c164f7cf696a4e2a,2017-09-27
98e8d6f39a8495ae1a67a08ebe322895,9db9d148f66687be441b92a58e6ec70b,delivered,2017-06-16 16:07:07,2017-06-17 03:45:04,2017-06-19 21:15:16,2017-07-03 13:56:20,2017-07-21,af499a728751b79aceabe7f2d2a84e81,2017-06-16
effbfd427fc518944d214380e421a4de,b945cbd924ea3a1c3021b397fc118e63,delivered,2018-08-08 00:42:18,2018-08-08 00:50:11,2018-08-10 12:40:00,2018-08-11 15:32:43,2018-08-13,03001238832a9f1baa04ac2d050d6f47,2018-08-08
5d6a226e826a98e31be8fa150a5a6952,46f2c4803802c5c0346f522d038dad5e,delivered,2017-10-19 19:59:44,2017-10-19 20:14:16,2017-10-20 16:58:44,2017-11-01 19:32:33,2017-11-10,eea0bfe5336d3776b9fef04502e092a6,2017-10-19
84f88fa9fbaf79a8c41e080b00832ff8,f3d88296f0ff23854c0ca706bdfaaad3,delivered,2017-11-24 16:00:22,2017-11-24 19:35:36,2017-11-30 21:22:19,2017-12-06 16:28:40,2017-12-19,e5b75e2fa9e1505a0a3287e1702b54cc,2017-11-24
897d07de9354c8089f538f825f4330fb,d78f9c14ce4c91bf23f1845524893337,delivered,2018-04-16 13:16:40,2018-04-16 14:33:07,2018-04-18 00:27:36,2018-04-20 17:34:59,2018-05-07,b3b1a9316d027259473a94b2568e8edb,2018-04-16
64583bb15e275ccf8b87e050391f2c17,a5b427c689e1f8dabf0469b03d673f35,delivered,2017-03-23 14:43:50,2017-03-23 14:55:09,2017-03-24 13:38:19,2017-04-05 14:33:47,2017-04-24,1f61ee96ec34ab3d759fd79b80e1dc90,2017-03-23
2e914af8bdaefffc2e6ea38a39a64d4a,d9a1e98c40e9f2718780ab89fd85a1e9,delivered,2017-09-08 21:42:26,2017-09-09 03:34:08,2017-09-11 22:07:48,2017-09-15 22:07:21,2017-09-20,e7039843c54c69530bbf70d926baaab6,2017-09-08
4ec3265e1601e14b39e11dee2e1d5fc2,c85c1adead3ced3636c148be7270ab62,delivered,2018-04-15 20:27:11,2018-04-15 20:51:40,2018-04-20 16:04:08,2018-04-26 23:28:50,2018-05-10,9c17da3c39b62e86f3438aee6a348a91,2018-04-15
06556f76bd21201c0deb015022757aa8,fb10dfd11e28e35c964ac8ba36c7690d,delivered,2018-02-01 21:17:50,2018-02-01 21:32:20,2018-02-02 18:46:47,2018-02-19 18:42:58,2018-03-09,e867ba503d6893139e395132ae138ffd,2018-02-01
bee4fbc438d2d48527e812cb6a1c8166,f11a8d3613ace1bbf5de8d7e4da13a65,delivered,2017-11-27 18:27:17,2017-11-27 19:02:11,2017-11-30 19:39:58,2018-01-09 21:28:38,2017-12-20,e82809954bfdcdf2316f73dd9ffdcbac,2017-11-27
f15eda4eee582fbfebc330748f24e208,7fd09df30cd248907b022db21c51ed45,delivered,2018-07-04 15:40:08,2018-07-05 16:32:52,2018-07-05 15:30:00,2018-07-12 19:06:46,2018-08-01,580670a27cdf4e994deb2c8c8e669a46,2018-07-04
3bfe23e972fbcc9388dac1afaa11eebd,b480ab3ee3f6e17d076f192578b9fab0,delivered,2018-08-20 20:52:34,2018-08-20 21:09:48,2018-08-21 15:04:00,2018-08-22 21:28:39,2018-08-23,3c569102e3f62b32eb0300a277e57385,2018-08-20
3a217ae7bba6a3b59b08a0bf08610b52,bad68e8c4f52ff74e43fc36f3c1e2978,delivered,2018-01-21 10:50:13,2018-01-22 13:46:59,2018-01-24 10:33:15,2018-01-30 22:34:06,2018-02-14,ec7e97fbf38a66669f8e1764b9c7dee8,2018-01-21
2680d53d669b7bcd1cfde553ffa78aba,70efc3715ded9a85a68c3bc4849f8714,delivered,2018-08-21 19:24:44,2018-08-21 19:35:22,2018-08-22 13:19:00,2018-08-23 20:23:43,2018-08-24,7db2ade5a435ecbf6b071a5c4100f63a,2018-08-21
841a1c15177c6184088d268bc0f263f4,f46cd0d55f9a7374df0fc224f138f238,delivered,2018-02-25 09:01:17,2018-02-25 09:28:18,2018-02-26 23:19:12,2018-04-06 20:28:43,2018-03-21,aefe006dfd9a37a3593b54f95ae27386,2018-02-25
3e272c0e88b4c65c4480ef4d2ca44b92,f9024417b2f52ff4dd543567e4751214,delivered,2018-05-03 16:46:39,2018-05-03 17:09:00,2018-05-07 12:37:00,2018-05-09 17:12:22,2018-05-15,b20c6505279f1beb9c862000c094ebc7,2018-05-03
829dd3ef512422255299763d6cce8f96,d3686a3434b9e11ae3e0f20a4512b388,delivered,2018-08-22 07:25:32,2018-08-24 03:10:16,2018-08-27 13:04:00,2018-08-30 20:48:57,2018-09-04,ebf757e5d95f9bfe4cf8a3c3a4e5a5ae,2018-08-22
8ec34abb2dfd64e47f9336f3b6cab510,3bf26406a9b6c1f4e476702b5e0ff00d,delivered,2018-04-11 19:45:59,2018-04-11 20:10:59,2018-04-13 19:08:43,2018-04-25 17:16:39,2018-05-07,72fbc5c7218f1a65f3dd199e859766c6,2018-04-11
7a3a4c5896913ed2752b8336b1f0f0b1,a3b5ff81584b02519006fbf4abe177a4,delivered,2017-08-21 16:30:00,2017-08-23 02:50:52,2017-08-25 16:59:32,2017-09-09 17:24:56,2017-09-19,917973917330d733f54ebca92bb47001,2017-08-21
ba6c94c5c72b8ba88b0d92dcadbd4e69,cb2ec74515dee6a6c0062417a71b3851,delivered,2017-10-08 16:03:09,2017-10-08 16:14:16,2017-10-10 13:03:57,2017-10-11 19:33:02,2017-10-25,2f97c4e2a25d168f7904654d309d29d5,2017-10-08
745865dd655cbb9dc84b1ee5a872fbf9,fffa0238b217e18a8adeeda0669923a3,delivered,2017-09-11 16:02:18,2017-09-11 17:43:51,2017-09-12 15:16:42,2017-09-13 18:12:35,2017-09-21,c6aad056c7aa900dd717f3b0088129fa,2017-09-11
cf3ce07f7bf94f6f269b25dbb7658e17,5daa4b042b86596d319e3e78794c0dbe,delivered,2017-05-15 15:13:36,2017-05-16 15:22:11,2017-05-18 14:49:31,2017-06-06 11:17:19,2017-06-19,92e7f6715b56ac7e83dc41a81e16cce9,2017-05-15
7e8533d7ec832acab2a8cf3b8c13dff9,14c5a62a317324d6479b2f68c58fd162,delivered,2017-11-10 11:39:03,2017-11-10 11:50:27,2017-11-16 20:18:40,2017-11-30 19:38:38,2017-12-05,817e4269707e78bf6a860b10968538bb,2017-11-10
1fd3ed20f784f14ed6b198d18c484c0d,e2fc32c48b3f82c468173ca19ba095fa,delivered,2018-05-11 06:51:50,2018-05-11 07:37:08,2018-05-14 13:41:00,2018-05-15 17:03:53,2018-06-08,94bc451b62bb859e277332eefeb99937,2018-05-11
4dc9488e447d685ac0ab217f7cb9b885,87608b39402a92d8234efb049a82d291,delivered,2018-01-11 21:11:31,2018-01-11 21:27:31,2018-01-16 19:09:09,2018-01-30 19:04:21,2018-02-06,5f5304fdc629b6f23e333982124d4a6d,2018-01-11
984d7b91d51b86ce72cbfffc2dcdb8d5,52af2762d97e9724ef7a4f8bcca3b30e,delivered,2018-08-07 17:07:34,2018-08-07 17:15:16,2018-08-10 09:54:00,2018-08-21 15:51:20,2018-08-27,86f640c7e3643b14b581bb1396422502,2018-08-07
0cd445b0eedab80706bb88ed32325d08,c8fd8ff6d1ad23474b5944bb65a13d37,delivered,2017-07-08 22:01:09,2017-07-08 22:10:13,2017-07-11 10:35:25,2017-07-28 18:04:22,2017-08-03,ba8fe68376e1f756e472279fff01d36d,2017-07-08
9cd81410d5ea20ed0a63e263e018be5b,e655cbf965fc40cf99e4096e74a433ab,delivered,2017-06-19 19:51:23,2017-06-19 20:03:21,2017-06-27 08:52:52,2017-07-08 16:51:07,2017-07-25,d913bd2b84c92963e91a1a294ea5b0f0,2017-06-19
43b9e48ec7fc386f9083ac3153363103,1f52344e101d65f925fc24b8ef736f9f,delivered,2018-05-30 17:40:39,2018-05-30 17:57:51,2018-06-01 10:46:00,2018-06-07 17:05:19,2018-07-03,c64bf855d021d4569bc35b44dc72545a,2018-05-30
e001ff2589d23a48871d224d2a54e187,fb557dc3ec9393cc7850b56e5808f91d,delivered,2018-04-30 19:26:44,2018-05-01 02:37:31,2018-05-02 16:26:00,2018-05-03 19:48:55,2018-05-16,06ac7f149dcf07ec7cde299a2787739a,2018-04-30
3b6699603c3eec3ca54e7d4b96b1bc53,c9ac3328fa22ff28d8ec0b1307436d37,delivered,2017-10-24 10:10:35,2017-10-24 10:29:41,2017-10-25 13:34:07,2017-10-31 18:58:24,2017-11-21,73fa628b0fc190639f48da2667eb1381,2017-10-24
f78922eabf7ec2e30c6448d7965ddb9d,2021c71d4dff431c1b4b8567c938bf2b,delivered,2018-03-01 16:23:34,2018-03-02 02:10:36,2018-03-07 18:38:44,2018-03-13 02:50:39,2018-03-19,914cfe5307beeb6479142d2b22785ee6,2018-03-01
efdc65afe5c639ed37491591f707c47b,72ab52080f9c06be2905b77f1c3f0c3f,delivered,2017-11-24 17:41:00,2017-11-24 20:57:35,2017-11-28 21:36:05,2017-12-07 00:53:05,2017-12-14,6094c28588d2bfbbb7bbf30c89f12f97,2017-11-24
35b9c0045d40f9bf824fcfae2b54a645,ba0706a800eb7ccab81484154df9813f,delivered,2018-06-10 12:36:06,2018-06-10 12:57:06,2018-06-11 14:32:00,2018-06-19 14:04:44,2018-07-04,23663615018d37f3237b7932875c56c9,2018-06-10
c3d5c6fc77f1986421777d4d61779aca,e41d034618b75ad5644afc40395e1b55,delivered,2017-05-02 10:20:18,2017-05-03 11:35:56,2017-05-11 15:47:54,2017-05-16 13:16:00,2017-05-25,a8af397c1bdcee2b7bf2fd7740ce8429,2017-05-02
b83c1be0cbe93a1aea7c3a77e4ae37ee,3c77dd4951dba1fe8d9bb591b12abec2,delivered,2017-12-02 20:43:14,2017-12-05 10:30:54,2017-12-04 22:18:55,2017-12-15 15:12:27,2017-12-20,8c865dea8e5392bf8a4cfbe878e9e4dd,2017-12-02
6fec846920d64dd20cad8adb75d01e8d,8c4630c4405c6b83c913ab4406132a08,delivered,2018-08-02 12:04:47,2018-08-02 13:31:01,2018-08-06 10:55:00,2018-08-10 20:58:41,2018-08-17,a1de3c5e54af84b0f1c177fbdd418078,2018-08-02
08d820f39b00e575ea55d845ac9a13c2,0f27adc68b946466a1670bb2e30a2c7c,delivered,2018-08-18 13:27:21,2018-08-18 13:50:03,2018-08-20 12:18:00,2018-08-21 17:39:28,2018-08-24,abfcf5294c0a5ee36b722b5773b68c1d,2018-08-18
4036f899610ca6b249129cf1b59ae8f5,ca76733eeda54059c97f9610c1f6d1c0,delivered,2018-07-31 13:29:34,2018-07-31 14:04:26,2018-07-31 13:42:00,2018-08-10 15:21:33,2018-09-12,1a85c26c13723572f916e7326ad16d02,2018-07-31
efdc2d365f70fe655eaddb8c4caecd18,844cde261775f1b4663ea0b395e0ce66,delivered,2018-02-25 07:03:36,2018-02-25 07:15:24,2018-02-28 16:30:08,2018-03-07 22:31:54,2018-03-28,609ca476561ce503dab51ea25fff62f3,2018-02-25
d46324f9f8fe64d3fbd530e2d79573c9,efe3b2b81054dcd39a5329487f3c775f,delivered,2017-05-08 23:25:42,2017-05-08 23:35:19,2017-05-09 13:34:29,2017-05-17 10:34:08,2017-06-13,e5add57dcbd533d80dbbead7f64c2e75,2017-05-08
e15a56fb22219e39b15a7c75987361e9,0b0681e989c43f272ef233e1a286b2b2,delivered,2017-08-19 11:42:34,2017-08-19 11:55:18,2017-08-23 14:28:20,2017-08-28 19:32:39,2017-09-19,b39ec084a39c4989451b9fd7ca067755,2017-08-19
086986d3fe34c0417a41f76b14114fec,0ba1ff31fe01eb904f59628c2e2fbbc7,delivered,2018-08-04 21:48:53,2018-08-04 22:04:19,2018-08-06 08:43:00,2018-08-07 20:18:45,2018-08-13,642b722279c9d9cfc519d58c46d0c035,2018-08-04
53d1f26612893ef17dbc27d69a8382e4,2622cbd2edf907bb373c679b09c01c01,delivered,2017-11-06 11:20:48,2017-11-06 12:31:54,2017-11-07 14:18:46,2017-11-13 17:48:39,2017-11-28,2583866968d72b2503e08837f6698689,2017-11-06
4f92b447221c7c5e08918d145eafa33f,6b3e353f94d5ae0755ccbddd93faa2a0,delivered,2018-03-02 23:58:02,2018-03-03 00:50:27,2018-03-06 01:36:36,2018-03-17 00:14:38,2018-03-20,a7275640a427406935d3460bec8a0ed3,2018-03-02
e5af3df04e781dc26254b1bec2563848,1d90a1d690290f7ba518fab61d437c6d,delivered,2017-07-08 15:28:03,2017-07-08 15:43:17,2017-07-10 19:52:17,2017-07-19 20:52:45,2017-08-03,aaa83f8aab52f8a3050de7dc549f65b6,2017-07-08
f03883bef2ed1452c4de6bb070ab2717,336b03d1c4945f8cc9071cac87f18c4c,delivered,2017-09-18 12:06:42,2017-09-18 12:24:35,2017-09-18 19:35:47,2017-09-22 20:42:46,2017-10-04,440220052795297b56b960a064e1da96,2017-09-18
cc2d9c1811f602978ee856e76bff969a,49972748e7ab5fb8b8f13e36e0437d4e,delivered,2018-01-05 23:45:20,2018-01-06 01:31:53,2018-01-08 22:42:26,2018-01-16 22:56:35,2018-01-31,af999d9279d4befda914eca18a9c0251,2018-01-05
a123264c1f8bef4f19be2d4245017920,b86c6a1eec592676b0ab050e49a54c20,delivered,2017-11-24 10:38:26,2017-11-24 12:32:38,2017-12-06 01:12:05,2017-12-14 23:43:17,2017-12-15,ac0ec8bdce394d27bc6c91549f2b5091,2017-11-24
e10d948a9f7322cbeaa0d54d56af5ca9,13bde511381263b484f4a31ffd1ef39e,delivered,2017-05-12 08:02:24,2017-05-12 08:10:17,2017-05-12 13:33:04,2017-05-19 09:51:23,2017-06-09,0a3fd9a9aeae46f86e5c05983bf83757,2017-05-12
5bc3c1d26ebbefdc9c1443781a92aa52,3672fd9b37c7dd819b7b7d4613f651b1,delivered,2017-08-31 16:34:27,2017-09-02 02:50:24,2017-09-05 17:34:23,2017-09-13 17:12:54,2017-09-20,68b1350ba89940b05bf7957bf1d6beb0,2017-08-31
c4076d196ccd6ef48beb27d4e1e584f2,6c84a7e4165c8c02ec3bd63f0de5ec00,delivered,2018-01-07 02:41:08,2018-01-07 02:52:21,2018-01-10 14:54:39,2018-01-17 13:18:45,2018-02-05,04be500031efe43d2defff8c41810543,2018-01-07
b6a0322c894b82bc08bc02b35a9f12e8,e4acbb6c7d6f37e7e3549f41c95562c3,delivered,2018-05-02 20:36:38,2018-05-02 20:53:55,2018-05-03 11:24:00,2018-05-28 15:48:43,2018-06-06,a984fa01bbb288d06dcba8f1a654e825,2018-05-02
ab5ff8523a162735e1d5ce37a2e4be76,beda2760f494f9ad8fafa5343c4d9a85,delivered,2018-06-22 09:02:41,2018-06-23 02:20:36,2018-06-27 08:59:00,2018-07-05 17:28:52,2018-07-19,b91ed4088f3af7c9779ecab3f53d6da0,2018-06-22
57bd0d9a24b420066185065cfa67a5f3,e74f4364ae7a46eaa11d44e3bf02498f,delivered,2017-12-21 13:39:56,2017-12-23 02:17:37,2017-12-27 17:35:23,2018-01-08 18:44:56,2018-01-16,32c7a0f2010fe6ea81c371b3b4905244,2017-12-21
173d1ec97bb46f172b91b0a6c8a1537d,877b95e5cf3befb670d923578f765b35,delivered,2018-02-01 20:23:34,2018-02-01 20:35:26,2018-02-05 17:51:43,2018-02-14 19:43:30,2018-03-06,9f7b222bb2e334879b9de14e21546ea5,2018-02-01
c8bb431ec48b3b54c077193bef51bd13,758703a0274ea4a5adb2cd28a5af33f8,delivered,2017-12-15 12:12:12,2017-12-15 12:32:43,2017-12-15 21:34:14,2017-12-16 20:13:18,2018-01-10,a9f41cfa2af6168c65fe6f24b6dde3e6,2017-12-15
4b661d524b6f0788746514fb6f7ad3fa,9ced056527d2e74a1cdf334b3bad118e,delivered,2017-11-25 16:13:58,2017-11-27 16:11:09,2017-11-29 22:52:03,2017-12-12 16:08:56,2017-12-15,ef5fb95d74c688cb0b6d49e77b7449b8,2017-11-25
b6bcb5bd5e05b11cfde23235152ebc56,dceaf9dcd20fc507f743eedd7e67ec7d,delivered,2018-06-23 09:22:38,2018-06-23 09:54:46,2018-06-25 16:33:00,2018-07-04 19:08:46,2018-07-18,3c58850429894af14a7b8bf6896ce542,2018-06-23
c1eea9299853cc151b3398807b9deac3,2cca0c96715c5e9a5932e7f2b92ecd76,delivered,2018-02-22 17:53:43,2018-02-22 18:55:34,2018-02-24 01:13:15,2018-03-06 00:26:27,2018-03-22,74fb6e87339911804a533ba37a472fe8,2018-02-22
0bae1ef5e585b8bb8d250d4a75736bf6,8b2cfc7e3b8fe0472330ccdd448c902f,delivered,2017-07-04 21:57:51,2017-07-05 17:38:28,2017-07-06 15:23:32,2017-07-17 17:59:29,2017-07-17,6e26bbeaa107ec34112c64e1ee31c0f5,2017-07-04
ed3641039dfd0e24abc6ecef17cb01e2,2da229948f4646c1c67dbea35a198606,delivered,2018-03-02 23:28:34,2018-03-02 23:49:08,2018-03-07 01:21:35,2018-04-20 19:12:34,2018-04-11,aabe46b55a3f9952d637e41da7bedf7c,2018-03-02
1e8fa3b2e3c94bcded7f59a216242717,16a599ea07c3f24350b7ef0bf87ed1e1,delivered,2017-09-11 19:39:20,2017-09-13 09:45:31,2017-09-13 18:06:52,2017-09-14 20:53:01,2017-09-21,47351f35d6ead07e0f2d39a2adaf73be,2017-09-11
9b816053262f4741f9d0d314dff0a41a,f98eb4f19af43aace4aae7db3c24229d,delivered,2018-06-16 16:19:48,2018-06-16 16:38:53,2018-06-18 08:20:00,2018-07-11 18:18:31,2018-07-20,556b7a1c51bfef61bde3ab5d03f850b4,2018-06-16
a7db257661f3cc8b9b661474199da586,e8b93510292a2df1c365df561cdc1347,delivered,2018-01-23 10:50:33,2018-01-23 10:59:36,2018-01-23 19:32:08,2018-01-31 20:16:42,2018-02-21,8ed5dcd97281d7756bbcbb0cef40e17c,2018-01-23
c40f686ce1817e9bf3337aa222740abb,472c855ea68d9a5e296a323aa5a524b5,delivered,2018-04-03 18:24:51,2018-04-04 18:28:19,2018-04-10 23:19:05,2018-04-11 23:57:33,2018-04-18,5e07019158c3dc5e45f55b16e8a01baf,2018-04-03
65312333af3cf09155fe9386a42bb2e1,c458885c2601d5ef72a943887b91e396,delivered,2018-05-04 11:44:44,2018-05-04 12:11:51,2018-05-04 19:01:00,2018-05-07 20:28:30,2018-05-21,b3753b55a41b61c5127498b1c3bbace9,2018-05-04
ee708af463026757088ec8811920ad51,f943587b68f16e53870a00ce97931e54,delivered,2017-07-06 14:09:46,2017-07-06 14:23:40,2017-07-11 14:37:54,2017-07-14 21:05:39,2017-07-28,072f2800542357c2e5b662518a319c25,2017-07-06
aa32183a575c0f3e9a0f2cfae712d030,10ef6d1b16466b555d89b9de09feaf0a,delivered,2017-08-23 19:02:26,2017-08-23 19:10:14,2017-08-24 16:05:09,2017-09-06 20:17:44,2017-09-19,f7a30ea847f0d8a578c1c73c889c4f88,2017-08-23
faca7576168f770d89c21539ff07c9de,bcc64a6caa016f05ccc877acbedddcc4,delivered,2018-02-02 14:32:10,2018-02-02 15:31:18,2018-02-05 21:33:43,2018-02-19 23:33:35,2018-03-07,a92f6790027e4cb823b2a1423382433d,2018-02-02
db598c672baf941a618fb372941b0c5f,ebca5a733316195ff6041c30e456d7e9,delivered,2018-03-23 21:03:04,2018-03-23 21:10:26,2018-03-26 22:56:30,2018-04-09 20:38:29,2018-04-13,48d783e53b2de29c4e70a54ef0c9d6f7,2018-03-23
12246bc7c8c246d8294f4f6a04efc60e,1e730a96d690e79c6c7f148ed0510bdd,delivered,2017-03-08 23:55:39,2017-03-08 23:55:39,2017-03-10 12:46:09,2017-03-16 13:39:19,2017-03-29,78326d14127295580b604e29643d9421,2017-03-08
deef94d95b5cf9c23e10621ad71a96b2,d5d4cab5f11cc0e7d3c3882091d815c7,delivered,2017-03-18 11:40:26,2017-03-18 11:40:26,2017-03-22 09:14:39,2017-03-27 12:56:01,2017-04-06,244e657db66b8a10e6694fb89b932239,2017-03-18
30ed55219f6cfed61bd93856516e44d8,172fc6a9f374b1266be8137c56c5be3b,delivered,2018-02-05 11:31:09,2018-02-05 11:51:52,2018-02-09 16:56:53,2018-02-15 16:28:42,2018-02-21,96f8d7da9eef231911802121e8b48d1c,2018-02-05
c12921c117b48d3bdcf10d1983d3b9e1,67935253232e82a7cbb349014bcfb90a,delivered,2017-08-07 12:45:53,2017-08-08 03:50:26,2017-08-08 22:21:50,2017-08-10 19:07:58,2017-08-29,b5492e05f97a3436cefc7f44eb85d670,2017-08-07
cfff9089e53925469975b7e3026626ea,2990013a5e943d046a0eb0bae83a68d8,delivered,2017-10-13 02:07:11,2017-10-13 02:26:45,2017-10-13 18:10:15,2017-10-16 18:03:57,2017-10-25,ef8bb85deddacaf6a7f53556736c7116,2017-10-13
ea6ff0ed3f74b7699b032447def50d75,25973de04071238b61686344de9ca9de,delivered,2017-11-15 16:08:56,2017-11-15 16:26:22,2017-11-20 22:10:43,2017-11-27 17:57:23,2017-12-06,43c9015f472e3121916f585168caf01f,2017-11-15
b2463b22b6b50ca3444ffce1d8ea1754,dae98d1b8ced3ae53434a0d8715f818b,delivered,2018-07-10 08:24:35,2018-07-11 03:30:27,2018-07-16 15:29:00,2018-07-21 00:56:43,2018-08-10,f5d3b7dc4c3df212c184a2dfd93ccce1,2018-07-10
8a9ac22fb6bfbcd5b5a0e0f111fc7b04,54da822bc6ee174188b34d160c0c0ff8,delivered,2018-02-03 18:21:54,2018-02-03 20:10:16,2018-02-15 00:35:18,2018-02-19 16:49:02,2018-02-22,5d77cf4bfc8132075fc589f355875baa,2018-02-03
2f7b0831a3de1c86dfc528f200d7332e,1662e1284952a460e7498113ffda546b,delivered,2017-05-23 22:30:12,2017-05-23 22:42:58,2017-05-25 09:32:48,2017-05-30 13:27:53,2017-06-16,5de2ac1ddbb63c7fc948c3e442de54f5,2017-05-23
3ee8494bb94ea023beadcd0783c9d8d7,9cd516c73a329f061611ae45ecbbe580,delivered,2017-02-06 14:56:21,2017-02-06 15:05:27,2017-02-14 10:28:00,2017-02-20 19:37:51,2017-03-27,a239b8e2fbce33780f1f1912e2ee5275,2017-02-06
b7a83c94e41bc7b1f8d3b05dede90936,57b95284a34bb3f36a5b4edbdfa4bad8,delivered,2017-12-12 09:36:49,2017-12-12 10:35:29,2017-12-13 15:47:28,2017-12-28 18:19:18,2018-01-10,bd92bacb23ad3542b8b14875d1c76450,2017-12-12
2b4fba1ac5c3564ba60d37e66fa5e62e,dddf4f7d4ee2cd254527d7e9078c4483,delivered,2018-01-29 21:57:06,2018-01-29 22:13:30,2018-01-31 19:06:45,2018-02-14 19:54:55,2018-02-20,239a3911f6fb01d5ca67cbc9ad80f969,2018-01-29
1587f0c11595ff02ca8f9219568ef020,d2e2768ee7e1a5e1f4634ff59fa38777,delivered,2017-09-13 11:38:29,2017-09-13 11:45:34,2017-09-19 18:26:56,2017-10-11 11:54:11,2017-10-10,c8fe5f8ab2832525776ef6cba147f25d,2017-09-13
bcaff5892a4def087ea5036d6b89b9db,de7b829832e3a4f9c9b33faa816dcaec,delivered,2017-12-15 18:10:54,2017-12-15 18:32:27,2017-12-20 00:21:38,2018-01-10 00:31:46,2018-01-19,30808d05b361f15d12d5e5057aa2b34e,2017-12-15
46bd1a27e10461c5139b6c7fc349b6ec,1bfd803066eecf5f3dcf479bca3fb644,delivered,2018-07-25 17:09:53,2018-07-25 17:25:20,2018-07-26 12:52:00,2018-07-31 16:51:38,2018-08-22,d045474c49ee391af15c76d2d9d78d59,2018-07-25
5433a0ef395e151f154279cd3fcde661,b2091c657df9c1f4566e2e1c2656a13a,processing,2017-06-11 05:05:03,2017-06-11 05:15:15,,,2017-07-07,952bdd2866ddfc528203799b6b7a24e1,2017-06-11
36b65b129c6d1404bbbb77935829a338,6b86fdb1640918e85cf650095dc1041a,delivered,2017-06-06 18:59:02,2017-06-08 03:05:28,2017-06-08 14:22:31,2017-06-12 17:33:36,2017-06-27,80cf125ba305d9eeba4ba093f8804b21,2017-06-06
6149381a3f89663b98bdbf7728d37cce,c167ffdd53d4ef353ae34d914fdaef97,delivered,2018-05-14 14:38:32,2018-05-15 14:35:49,2018-05-21 14:21:00,2018-06-04 23:11:33,2018-05-28,0a7cf55a3e4dcf8fdf11f6fd62c85803,2018-05-14
f7b820ea870eadff426970af299e9384,82c13b27571f530d4e03109dc6605536,delivered,2017-10-09 16:17:48,2017-10-09 16:49:25,2017-10-11 15:29:19,2017-10-16 20:34:41,2017-10-27,6396542207a94aa556ce19a7c6a2db84,2017-10-09
5cafde3fdf1a583c0a5d7fdc7b526ad1,10baab001a56d35c30388ba757de99ac,delivered,2018-07-04 06:46:28,2018-07-05 16:09:37,2018-07-05 19:07:00,2018-07-11 18:39:29,2018-07-18,0fd239a62abbc756c7fa6c170025d273,2018-07-04
6e0b28c14e19f98166a6c136548dab7b,07e4bae9721bddba07155c1b1cb5abb0,delivered,2018-03-19 11:21:57,2018-03-21 02:56:47,2018-03-21 19:33:35,2018-03-22 21:50:54,2018-03-29,ebbd6add0f87913efc5075a1cc65cfb8,2018-03-19
b191ff55d8fb38b19dca4409b536f14c,ef275253311c24911a6708b3f27a9d21,delivered,2017-02-20 14:03:36,2017-02-20 14:15:23,2017-02-22 10:02:23,2017-03-01 16:44:07,2017-03-21,aed76e4af20383391599a93ea07aba20,2017-02-20
dbc2de3f4c0498619c085f68a7e38fc5,7eab8473e5d7b37dbd609773b0cca38c,delivered,2017-05-16 00:08:14,2017-05-18 16:30:08,2017-05-19 19:32:01,2017-06-02 10:59:12,2017-06-16,9a5a9f23141cee3262fae7d4215972bb,2017-05-16
cd72a689dcfc637eb771ab5d39165d51,9a2d8ab8a2b31f1924dc599386d36a7b,delivered,2018-04-03 14:33:43,2018-04-04 03:15:29,2018-04-04 18:17:38,2018-04-24 01:52:55,2018-04-26,027497dedcbd1792aba7aadf6677d2a4,2018-04-03
b4b03edd1ede75d36cd31b38d52bc9fb,848b666026bb6ef8a5b05e5ab556109c,delivered,2017-09-01 16:01:21,2017-09-02 03:04:35,2017-09-04 22:29:54,2017-09-13 21:04:25,2017-09-21,5ed020e547f9ee09987847a460b69e32,2017-09-01
bf4753bf93e0d4b25fab22e045029e7e,44cd1a39351e20bfe0d358a1e10022a8,delivered,2018-08-01 19:12:10,2018-08-01 19:31:28,2018-08-03 10:05:00,2018-08-10 14:51:38,2018-09-04,dfc415bfdd4c7c65422d3684f77205aa,2018-08-01
14ce3ea318e6003910fd6a5cfe72750e,310e8b3919986313160f2a9138918229,delivered,2018-02-14 17:31:13,2018-02-14 17:47:30,2018-02-16 18:52:49,2018-03-02 18:18:29,2018-03-07,81a58411e395b61e82e8a43138a37e43,2018-02-14
46825d76addbe7655c8ed2ab5afaefd7,6b7de6f848b1ddd9771fad2cb4146307,delivered,2017-12-22 16:44:04,2017-12-22 17:31:31,2018-01-02 21:48:47,2018-01-05 19:22:49,2018-01-18,c07127bd721357d2a58bdccff411d089,2017-12-22
26330ea8daec86890eecd63e62f17c01,ec5d5d6b2d9ab1bf97cf190475e39825,delivered,2018-03-19 09:25:25,2018-03-21 02:56:47,2018-03-27 20:09:06,2018-04-14 12:54:29,2018-04-12,0308b711cd7e24774d3de61eb72c0510,2018-03-19
3924f091293036f904fe4c2ef928defa,cf3683cc93783df9d38bc06a1923dc0c,delivered,2018-07-23 17:26:31,2018-07-24 10:31:54,2018-08-02 19:22:00,2018-08-03 15:34:53,2018-08-08,f463b2fd96abeb9e915427450a802f8d,2018-07-23
2d78939bfc4d766dcab37fe477841c1a,92c9aea03108d38e89023741442b118e,delivered,2018-05-13 02:01:30,2018-05-13 02:15:07,2018-05-15 13:57:00,2018-05-28 14:27:42,2018-06-06,1b9272dc124ad369147711c45f24f64b,2018-05-13
e4343d78149c8b9a3a1dd744e0e274bc,7be396f104a712e5cada0d53a1ce3417,delivered,2018-01-18 23:18:25,2018-01-18 23:30:34,2018-01-23 00:21:46,2018-01-30 14:46:49,2018-02-15,aab078892c1dd014f687f3665730def6,2018-01-18
34ce7ddc1fbf9185fc40a6b30fdace6c,e4b3914855484b3bf77b28486d0247bc,delivered,2017-05-11 13:17:27,2017-05-11 13:25:38,2017-05-11 14:50:09,2017-05-22 12:22:23,2017-05-31,bb4bfd71186140b526b7b38c44e82c84,2017-05-11
1ae00ef09991832a6fa6c8203c186b3a,8fc0ac744c605f43f90c13d259fc653e,delivered,2017-11-21 19:00:40,2017-11-22 02:35:02,2017-11-22 21:28:49,2017-12-09 17:05:02,2017-12-13,ebf30ba6bc03fce061515a388c2a3dd0,2017-11-21
a567a2572a97a9731794566e93368a06,8b7aab2116006a1fc6840cbb745b5d56,delivered,2018-04-02 11:25:45,2018-04-02 11:48:44,2018-04-04 02:12:42,2018-04-06 19:08:47,2018-04-18,f3032447144c63a7957b230edcf7a7ab,2018-04-02
020347f6d056bb4209b3ee4711d25f1a,6ceae544a7b14267290dbaa361e511fb,delivered,2018-07-24 16:36:59,2018-07-26 03:15:18,2018-07-26 14:01:00,2018-08-06 12:36:47,2018-08-16,d2a99116b467ff71d74438a6f3827c94,2018-07-24
b247e9e61aeaf7a0176b58b04e321e8b,cc35391e93d0dc939f561f411c5051fe,delivered,2018-01-08 21:16:47,2018-01-08 21:29:40,2018-01-13 02:15:51,2018-01-24 15:46:40,2018-02-08,55bf21e5f33ee80015034d796c288aca,2018-01-08
29e364dfcbd17d9ebd50456ac1cdd335,4b4e11c84fed713098490bfed5839f33,delivered,2018-02-05 22:14:39,2018-02-05 22:30:30,2018-02-06 21:07:57,2018-02-17 14:08:11,2018-03-05,28f1b1ef2a53e1e27904a5dc9f6d5e7b,2018-02-05
27dc874d0fc1a19c74ec77ca706be968,f70caac357fd937a7c229b019eec9110,delivered,2018-07-02 07:52:38,2018-07-02 08:10:11,2018-07-03 12:53:00,2018-07-04 22:03:25,2018-07-18,d014f51b7dd542baedb3b0699a2a53ba,2018-07-02
757b85709c71afdd65579b82b1f5401c,8434c341761f602a26ca1f2b6ee6cee1,delivered,2018-03-18 13:35:43,2018-03-18 13:48:04,2018-03-19 23:51:44,2018-04-06 00:16:49,2018-04-16,40e57165f0bb1b528de29eaecb7fa245,2018-03-18
06a55b1772ae6b58d1483030c97629ae,4814047063552c6302028eb70534a289,delivered,2018-03-02 18:09:49,2018-03-03 02:50:39,2018-03-07 23:09:19,2018-03-13 23:03:33,2018-03-22,5b1702b9c8d090a3f8a64775bed6021a,2018-03-02
ae732f4ea355fcf53ca3064153c276e6,2fe1e45308747a49753fc6a495d6cda7,delivered,2017-10-07 21:37:21,2017-10-10 03:35:42,2017-10-17 17:19:03,2017-10-20 18:23:50,2017-11-06,0189137aa093295df2116467b8201d66,2017-10-07
87db8617d2382ef822c02612327f52f3,dd44ef056d747fd1dcec4794c2579837,delivered,2017-07-05 15:07:49,2017-07-06 03:15:58,2017-07-06 13:34:34,2017-07-14 17:36:49,2017-07-27,7be7e4be876f066bf1166355bea0a522,2017-07-05
a2714ecbf6eeb3bb9cd7dba6dc1c5e82,5fe0562353e8f0b6c0c6b55cd0f58fe0,canceled,2018-02-14 18:01:38,2018-02-14 18:20:40,2018-02-15 17:27:27,,2018-03-06,0eb85c748bb33072cb864a7c8b54aa97,2018-02-14
45ccd2f1dba595badc92a8c34c88381f,9f15859f6d963a90bae5f05b242cce4d,delivered,2018-05-25 12:51:58,2018-05-29 03:55:14,2018-05-29 08:58:00,2018-06-04 18:04:13,2018-06-19,a1cdbc5dca5586402ae4d87f099258a0,2018-05-25
039681a3b797611f717a3232e87f60ef,b7bc51bbad15f6c8242cb08a9dceeb15,delivered,2017-12-01 09:10:28,2017-12-01 11:31:08,2017-12-01 17:48:57,2017-12-13 14:47:35,2017-12-28,745c617eae511cb90924075d841e7b95,2017-12-01
799934ebdaf707f09223f71cb9e34305,da3f5b022a86cccecadb183b099d4eff,delivered,2018-03-01 12:57:44,2018-03-01 13:10:46,2018-03-05 22:38:36,2018-04-06 18:56:26,2018-03-21,c1133ec81daffffd4871e9353a3c8fb3,2018-03-01
9dcf2d215096fef19c7e4a8a7d6fb1c3,47c6be885d341b573908326d75ef5907,delivered,2017-05-15 23:06:06,2017-05-15 23:15:16,2017-05-19 19:06:52,2017-05-26 11:33:31,2017-06-06,93b2891e6c250ac6560958b7ebb273fe,2017-05-15
4ebadc22cfcf79aee972ae7009d6b2d7,5347865507b517f086a086f7b017a1dd,delivered,2017-07-30 15:49:54,2017-07-30 16:05:55,2017-07-31 10:59:05,2017-08-03 16:51:14,2017-08-22,b6eb4313058b67cea2804cb3f45c7d6e,2017-07-30
563d936ee2d2defb115a6eadf4a7d65f,e9aa605f6ee9230f75d829a0923b8458,delivered,2017-11-10 13:32:02,2017-11-11 03:06:51,2017-11-14 14:44:53,2017-11-20 17:32:03,2017-12-04,20a385ca6d1167ad46c8fe27adc894ba,2017-11-10
3aa02c25c6bd28d27a4c961ce20c327a,18756b8f42ca01e278e8a6986d58cf15,delivered,2018-02-26 12:08:58,2018-02-26 12:29:07,2018-03-01 01:08:57,2018-03-06 19:27:35,2018-03-20,b4681c02559d25cc1161a14c6d266ce6,2018-02-26
6304164a7279cadbe75ba08fcf6357d6,e8d78183041d8ac4f747ec2207a0a2b5,delivered,2018-07-24 10:54:55,2018-07-24 11:44:41,2018-07-26 11:45:00,2018-08-02 15:08:38,2018-08-23,d1f6f0484c7664289b4690d597ef4333,2018-07-24
a50aa8b40d7c388a14e6fe4ec5528ec3,52aceafe10a008aa9d22dfcb077b4c87,delivered,2018-05-26 09:55:09,2018-05-26 10:19:13,2018-05-28 10:02:00,2018-06-12 23:28:39,2018-07-11,d859de81647737a5d45e072205d35497,2018-05-26
19938b0f4dd0796e7c2d07f8a406add7,752103f8ede569f37f10eed1061e8920,delivered,2017-02-13 16:15:18,2017-02-13 16:25:09,2017-02-14 10:52:51,2017-02-20 12:41:22,2017-03-14,61c8ed3d93acd67d5994491208fea2dc,2017-02-13
854f7c88b0fc0c1a45d66a0bf99c90b7,8fd475ce403409d1f2e6266192b35e7b,delivered,2017-10-12 12:11:18,2017-10-13 12:27:44,2017-10-13 19:56:41,2017-10-18 16:07:29,2017-10-31,d9499e0d8b4458a7c30c627b33a4795b,2017-10-12
fc03cdcda715afc2628625ea2cdaffdf,972b476f4fcd4d86bd5cf2db61ed7370,delivered,2017-08-30 12:07:13,2017-08-30 12:15:19,2017-08-30 19:32:34,2017-09-22 17:04:13,2017-09-27,df0752df1bc63723c539eeef394808e7,2017-08-30
854f8cb8dacdc3abc4cce7a7df6fcc1f,58512a1043fd8047a4f96d5fa665fd2d,canceled,2018-02-02 09:09:27,2018-02-02 09:15:27,2018-02-08 22:06:59,,2018-03-06,daba2e7a00c149161c68cbb18db656a9,2018-02-02
a4fe2ae99d3fcafacc6b88fb848d8eb4,5169edf26de744834d951d7481bb89b6,delivered,2018-04-29 13:26:07,2018-04-29 13:51:09,2018-05-02 14:14:00,2018-05-04 22:37:27,2018-05-23,4edee17e45aafdf0c87af0d5501ad974,2018-04-29
500f1d7b6148a81d7178121caf651e3d,0dac48fbbab7c46ad058c8be85977e84,invoiced,2018-01-09 20:12:56,2018-01-11 02:48:26,,,2018-01-29,f5f97fb8cf2cf88369faede2ef900aca,2018-01-09
8a601ac58a66e7a37b56294b81c2b373,dbf371c0a6ca1ab9a8d156fd12c8f8d1,delivered,2017-06-11 15:49:32,2017-06-11 16:02:32,2017-06-19 20:33:53,2017-06-29 12:16:23,2017-07-28,9d792a9ca9595172b8d35a2428ce6c11,2017-06-11
020e6f6dee3bdcf543b857eb97373956,fd2f069f330e8205fb45a29fb37ec0ee,delivered,2018-05-05 10:39:11,2018-05-05 10:55:26,2018-05-09 12:15:00,2018-05-11 01:16:36,2018-06-13,344cf133c2248f9601dc410b0dc15322,2018-05-05
c169a9e130193e8343151c84accb258f,77e912c19fdfce2abed4fff5c47e5527,delivered,2018-06-07 23:17:16,2018-06-07 23:35:26,2018-06-11 14:16:00,2018-06-20 18:29:58,2018-06-28,27a41f17fc49b7ddcddcef1e61d343cb,2018-06-07
de5518f86eca3ccfc00bb9ba13cdfffe,97300b8bea30b34f84ac6b6244ebeb55,delivered,2018-06-27 10:45:14,2018-06-27 11:16:06,2018-06-28 13:03:00,2018-07-06 12:54:56,2018-07-30,93efd5c464b05e2226d1e40469ae152c,2018-06-27
46fddecb6bfd9977d21332483ca3fb5c,226a2c47a0fdae2d00888c49d64bb2d5,delivered,2017-09-24 19:22:44,2017-09-24 19:35:10,2017-09-26 12:41:37,2017-10-03 21:42:21,2017-10-25,8c4bb387181d6ffd33dc3d334fa315b9,2017-09-24
ba50eb882d0ee0f257aeaa649456821f,2a1df0e151085060e6623eb067acf959,delivered,2017-11-24 02:52:16,2017-11-24 03:09:38,2017-12-07 17:21:32,2017-12-18 20:12:07,2018-01-04,7996de896b3565c4db6725a683180a7b,2017-11-24
78b4b4df4e8811a7389f543cc5475f40,9f2fc58f12ef0419dd506bb2eb65cd31,delivered,2018-04-16 15:09:48,2018-04-17 05:50:10,2018-04-17 18:26:49,2018-04-18 18:28:27,2018-05-08,a3e24c689b416a440903aeaca4f22013,2018-04-16
4d7b4c89f8c9bb45857a3fa3eb4f0272,5b2028c3bda0945340b62d46a8d74dc7,delivered,2018-07-24 01:48:21,2018-07-24 10:31:19,2018-07-24 14:43:00,2018-07-30 12:16:34,2018-08-10,0d17faf7d114c7cfc0c9fd4214eee20d,2018-07-24
dd800b5dd3395650111f9a4539000e7d,236c0490b8ca680df0093921b3d182f5,delivered,2017-11-24 07:12:24,2017-11-24 07:28:30,2017-11-24 20:11:54,2017-12-06 15:05:51,2017-12-21,22259e5811897acb32be121c6c959644,2017-11-24
35478bb4a9d91878bd6e7dce09e52bf8,2b7c32503d83bc41dd123370fe5d81dc,delivered,2018-02-22 15:11:35,2018-02-22 15:30:40,2018-03-01 11:59:06,2018-03-02 23:04:03,2018-03-08,564cb124d13d16afc61936ea12a17c33,2018-02-22
5b1f569ced504719f147f0f25808358d,e3b0ae006d2713db8338fb7557d9f322,delivered,2018-03-16 13:58:32,2018-03-16 14:10:57,2018-03-16 22:49:44,2018-04-17 20:04:07,2018-04-13,afa5bc3be09e44cd50dd53d8c112906f,2018-03-16
4d2280f2d019f91aa6cb3e4e4188d984,2832de5584863f66a54e271f2988811c,delivered,2017-10-18 14:13:08,2017-10-18 14:28:17,2017-10-19 14:48:38,2017-11-27 11:59:00,2017-11-16,0eed530520c4e0d16bb7a48c219bb8c6,2017-10-18
6d230bed2f78fb2634dc7b6910c036d1,bca8392c9290af0afe8f82e3d02e6456,delivered,2017-10-09 21:38:35,2017-10-09 21:56:17,2017-10-10 19:56:09,2017-10-11 22:33:48,2017-10-20,a9d935a890e7b3d7a15dc0ed603b1af9,2017-10-09
49c534c4015249b8c5faf61de763c6e8,e77388513eea246317ea08bd3dd9062a,delivered,2017-07-30 13:17:00,2017-08-02 08:33:32,2017-08-01 22:12:50,2017-08-07 17:03:31,2017-08-31,0feedc188e1e6a038f905a4166de6458,2017-07-30
87a635f625b39db6169bd9ad1bc63925,de05e894924fb7aaf5fd64556425578a,delivered,2017-09-24 19:32:04,2017-09-24 19:45:30,2017-09-25 18:07:52,2017-10-04 21:37:30,2017-10-23,c7f5362054d9e99c75f14f95c4c5d6da,2017-09-24
4d65b53f48c951380c38eb2aadc99138,03377b1b4b82e780549eeea3cac8f25a,delivered,2017-05-01 18:22:33,2017-05-01 18:30:20,2017-05-02 14:15:42,2017-05-11 10:47:42,2017-06-01,d5bec12f4115d7cc77dfc90b598becd1,2017-05-01
eb2783fdb369d57e19ea74d5247c0816,25706538864f0f70a77b2caee74b85c7,delivered,2017-09-11 18:57:07,2017-09-11 19:10:12,2017-09-12 18:58:38,2017-09-13 22:09:02,2017-09-21,a81cf979d70adcc990d2f87503b8c19d,2017-09-11
7791eb26e081ed5f8dd15b40c45393a3,7936eb4ddff395a867c29f51b6c25ee1,delivered,2018-02-25 21:01:07,2018-02-26 09:35:57,2018-02-26 22:44:43,2018-03-05 15:35:13,2018-04-02,25f3cf83109f636d52d288fa4e797111,2018-02-25
a24de6b0871517bd5771e0b4781ad5f9,813383030172c9bce8bd0c669ba166d2,delivered,2018-06-18 22:26:56,2018-06-20 21:18:22,2018-06-21 15:32:00,2018-06-26 12:58:47,2018-07-18,547eb5644ab32abe37807cb3b132c292,2018-06-18
af88e18cdef0e6a040d51ed74427f9a3,1db165d1cb219c3198f33c8ad87312e8,delivered,2018-06-28 12:52:35,2018-06-29 09:50:18,2018-06-29 12:02:00,2018-07-09 17:08:41,2018-07-20,7943c7787c8aba4d866593051aa9777a,2018-06-28
89aa569daca24dc756b7e9c962621bf8,aa2dde08a5b022c877a057d0113a9baa,delivered,2018-02-24 08:41:31,2018-02-24 08:55:50,2018-02-27 19:29:03,2018-03-09 17:44:41,2018-03-23,090f8085944a81fd88eba01c52acae1b,2018-02-24
b4546ae2e1dcafe9a6afa714b0ad9921,319e8b6e1c689ed702bd3b73bcf972a3,delivered,2018-05-08 11:55:32,2018-05-08 12:16:49,2018-05-08 12:46:00,2018-05-16 17:03:58,2018-05-28,1236499cbe289553011ac3dcbb3930e9,2018-05-08
2646f79bb52c439205971a6cc6d95ff5,d53f997545472e4212417f7a18b8af2a,invoiced,2018-07-14 14:00:35,2018-07-14 14:15:08,,,2018-08-02,203e60579ad9b8a183d7144651dbf2ef,2018-07-14
700e518b5fbd250d76c38bbca154a193,c96af2864e087c28e8f562046727fbb5,delivered,2018-05-03 19:59:30,2018-05-03 20:12:52,2018-05-04 15:04:00,2018-05-07 23:04:21,2018-05-18,1bb3f5602a2772c2d9ae029357b4818b,2018-05-03
d75f81a722e2725c03b9fc87373305ab,e501a79db5a18dc9f18cdc3956e59fc5,delivered,2018-07-22 23:20:29,2018-07-23 12:31:34,2018-07-24 11:46:00,2018-07-31 13:38:35,2018-08-21,7921531d800b80f9bdcc78c66d088537,2018-07-22
cec3fc5de594e2fdec6ca3becfcbab46,6d89ee9aac9ab6950ba2add7309ba6e7,delivered,2017-12-10 14:48:26,2017-12-10 14:57:34,2017-12-18 19:35:48,2017-12-21 20:16:56,2017-12-28,9963c7b63b74a97221e7552de0cba703,2017-12-10
ffdce235aaf8a4e381ba694a4da99221,35da61fea067d2343fcef9efa970944f,delivered,2017-12-25 16:50:02,2017-12-27 06:26:36,2017-12-27 20:47:54,2018-01-03 14:43:31,2018-01-19,e43227dd90b1d76fca2c870b657bb453,2017-12-25
deb46eedbf903626782bcc806f26df87,ae50974f7ba184e72f70876f964fc6a8,delivered,2017-12-03 21:38:37,2017-12-04 18:30:43,2017-12-06 01:36:43,2018-01-17 16:39:18,2018-01-04,cc66d686646ac0bc13da9ef43a8525de,2017-12-03
01e1617e546dc1fd372e089ab515ae34,3e7394d8b265e9ff64b31f047cc71fd9,delivered,2017-09-17 19:15:28,2017-09-17 19:25:12,2017-09-19 19:25:14,2017-09-27 18:56:34,2017-10-06,9ddf8df717339b071932437af0e0f7d5,2017-09-17
021d0261c214591da7db51193c9aeb29,af9e6b10595811f8cfa732c179697ac4,delivered,2017-09-20 05:02:16,2017-09-20 05:15:07,2017-09-20 21:20:11,2017-09-21 16:18:28,2017-10-02,b51a80d6d26f9746763c4e3146b81156,2017-09-20
8e231eb804b052ee611d6c4a9300e10f,96d2f53797a8297aa57abd73dc80e96d,delivered,2017-06-19 22:23:37,2017-06-20 15:23:25,2017-06-22 14:32:42,2017-07-04 14:39:31,2017-07-13,4050d7329dec5a860319b7cabc183827,2017-06-19
f264e75375a41310e31722cb8c28cb8d,d486feef34e5c0ddfe100703c228574f,delivered,2017-07-18 14:55:11,2017-07-19 03:55:45,2017-07-19 18:56:34,2017-07-26 13:47:43,2017-08-09,6d70d668290435db5a86688f003e59d5,2017-07-18
942c437934a994c52629e74e23787f26,c4f5786620762dbd61ce2ee9a532a5ff,delivered,2018-01-04 18:01:53,2018-01-04 18:11:18,2018-01-05 21:29:02,2018-01-22 22:05:11,2018-02-06,4eade09ee317668a5b03af52901fadcd,2018-01-04
3adc4c795d905a8b0b656f1737f0ff45,24940b75487e42bff2b7728fc6817382,delivered,2017-12-26 16:09:06,2017-12-26 16:17:29,2017-12-27 14:03:37,2018-01-08 22:09:34,2018-01-31,685da5759b005b92d21173a0f4ab5f9b,2017-12-26
3b550d526029241325a94aa30a60cff0,ba94d08242444ec7bb6504275a6d7c4d,delivered,2017-09-08 14:15:39,2017-09-08 14:25:18,2017-09-11 16:12:21,2017-09-13 15:07:45,2017-09-27,47a164a775858920248b4269be24a00a,2017-09-08
df068f6cc2bc485b63c68ddaa02a59e2,cfd23bb45ba417019ec8a8cf6345f2bc,delivered,2018-04-07 02:09:22,2018-04-07 02:27:24,2018-04-14 01:04:08,2018-04-28 14:42:01,2018-05-17,f552f80a72c916e4fda328cd5db59a6f,2018-04-07
8ff6ab5092f178654b69b95482c18556,c34801180f2cd4439751f2ecb18ed780,delivered,2017-11-12 00:26:11,2017-11-12 00:47:53,2017-11-17 12:23:10,2018-01-16 23:21:21,2017-12-12,902bf1f58c1a718f02d1703929d08fd2,2017-11-12
5f8b2bc14c6a2b44cd5c1131aeb55ae3,7450b013f57c2f09987d9bbfdd226837,delivered,2017-09-20 10:08:50,2017-09-22 05:36:19,2017-09-22 20:09:47,2017-10-04 15:50:30,2017-10-11,8fd0c211c2bda8cad806a38f29f743c2,2017-09-20
1797ee9d6bb9bd0edfc40d6dc7320c8e,e64de5d804d3158ba8baf701952683d5,delivered,2017-10-17 16:58:18,2017-10-17 17:14:24,2017-10-19 23:05:05,2017-10-24 21:25:47,2017-11-06,bafb028d76909431de5d03693482a0a9,2017-10-17
3082f4b582ef439cf6f04f2256ef546f,103670c48387c7c93f137fbf9113c623,delivered,2017-12-16 10:48:43,2017-12-16 10:55:30,2017-12-21 23:07:21,2018-01-05 20:39:15,2018-01-15,aa311e0f9c16d9456d971c5567d189ff,2017-12-16
373e8a6f20402ca46cedf50241ed878b,641225fde4de7cca971a1d59354adfe5,delivered,2017-12-13 13:52:38,2017-12-14 02:12:37,2017-12-14 18:45:51,2017-12-22 12:42:23,2018-01-09,d7b4f3c9c89ba771ef099693c61d7085,2017-12-13
c1591a9316b2fcc4c98ddcb8aac1e929,a0becb2ea14407e097833407c1e23fc9,delivered,2018-05-19 19:38:01,2018-05-19 23:30:32,2018-05-21 11:43:00,2018-05-25 13:28:22,2018-06-08,0ccfd1c3caa127d3dc2567ec5fc1072f,2018-05-19
14fbf806b3437830413ce53a21371d3c,3cd90f449b0a4bf6c363bddd2aaf2418,delivered,2017-12-22 08:57:12,2017-12-23 02:12:40,2017-12-27 20:05:04,2018-01-04 21:19:18,2018-01-22,e47c87591324f469b344760bf1319322,2017-12-22
0093cbf16a6afb7f0ab7cc821b6f9e92,dce4e5a6bad0519b5c92cd5c4bc880d5,delivered,2017-11-11 13:05:52,2017-11-11 13:26:57,2017-11-16 20:27:16,2017-11-25 14:46:58,2017-12-08,89b30dd291178926f8564ac63b8d663a,2017-11-11
c651217322b400d1c7f2fb8230870721,f4984d9f9ce9b3201db4932ea329cb40,delivered,2018-04-20 08:31:40,2018-04-24 18:14:49,2018-04-24 17:04:24,2018-04-28 16:46:49,2018-05-14,02678f5b6207663512dd9cd96af14f0d,2018-04-20
cb52e15d9560e5dadaf5732671a919d1,15427398de8b7e909a0f36da6d3d1780,delivered,2018-01-12 14:46:48,2018-01-12 14:54:26,2018-01-16 21:03:13,2018-01-22 22:34:17,2018-02-15,3cb0a02ec42f3c3850e396077ace0c8f,2018-01-12
bc86e3292b57c1f04887157a40cccfc2,d014e48c9b9e60f7804f0a43d4891b30,delivered,2018-06-20 18:41:26,2018-06-20 19:00:27,2018-06-21 13:23:00,2018-07-02 22:12:49,2018-07-24,f99725ab98ff67b04beabcdbff645ee7,2018-06-20
bfbe4da70051b268f60475b51581c663,e71fb5fc7c32a6b9b99faf76cae32bfd,delivered,2018-07-06 21:05:58,2018-07-06 21:15:18,2018-07-10 10:38:00,2018-07-12 18:18:53,2018-07-19,72089ac341cd2bdcf9873264ae7e9a33,2018-07-06
05608987284e4c496bec56c52fdb0a6c,8f5af572009e7490315259d1da83eb09,delivered,2017-03-15 20:21:03,2017-03-15 20:21:03,2017-03-16 15:32:58,2017-03-30 17:33:24,2017-04-12,4a06f217ed0b9f9376564219499d69b2,2017-03-15
1f137a14de43d022802dd2375ff30e87,47521f9c627b3ad768f11779fc0f1fe8,delivered,2018-04-30 18:55:25,2018-05-01 02:36:31,2018-05-04 15:49:00,2018-06-07 17:42:13,2018-06-01,fe6600d14249f0e6e1d35ae70ddfc42b,2018-04-30
d56bf2b8f9b6cdae985b4a4904d98a07,e2ed480f78062552abbe7d7ce1fd9dcf,delivered,2018-03-24 22:02:26,2018-03-24 22:15:24,2018-03-27 01:11:23,2018-03-28 20:14:43,2018-04-06,ed0194ae2851ca488607134c34708713,2018-03-24
3328fcf7fefe319b350bec31d74bfd46,47ef3da26d1d60abc77a2a3eb050991c,delivered,2018-01-24 12:15:01,2018-01-25 12:18:59,2018-01-30 00:58:51,2018-02-19 22:32:08,2018-02-21,846e609b82156807b1141e2f4e7e29ac,2018-01-24
c9edb7bc5d1bba89d462a4f94c79c078,ec2d40b48af443ce4251d17d933f42d5,delivered,2018-08-03 23:53:21,2018-08-04 00:45:17,2018-08-06 11:07:00,2018-08-13 11:54:36,2018-08-17,a1115d825bcc8a2878f31514a3e40d93,2018-08-03
a04fb6341ec58dddcf7ecaa4c6322f55,3505f88cf7163bd5119bee06799d2ac9,delivered,2017-10-10 11:59:35,2017-10-10 12:29:46,2017-10-11 22:08:53,2017-10-23 23:04:02,2017-10-23,dfc1e54363f2d7b9b53e80d68e094f37,2017-10-10
941ebebbc2c3685498a892e2a29237c9,aa401ab0f146d2ed8ba1e68f8c818243,delivered,2017-11-26 19:47:54,2017-11-26 19:54:38,2017-11-30 00:03:50,2017-12-14 23:04:24,2017-12-28,7d2e246c38946e89eda0c9c1288fc0e3,2017-11-26
839990d3678a7b463cd0f5c2f549a79a,6ca83daad049ed396d70cd09866c8073,delivered,2017-11-25 20:56:52,2017-11-25 21:56:37,2017-11-28 19:22:16,2017-12-07 14:22:15,2017-12-15,ecedfb89aecec8b2fc312091ad90feb2,2017-11-25
059a13b49c0fb6d21e423fad48ad1c44,0d50229d0a7136cf545013bb7ec32f1c,delivered,2017-03-03 11:55:51,2017-03-03 12:10:44,2017-03-06 08:57:04,2017-03-16 10:37:34,2017-03-28,5d180ffdc0b416638fc305af59e5fce1,2017-03-03
de0a003330b41a595051ce9986bc7799,8e1026d431a055944bb4b806ae45ce7c,delivered,2018-05-16 19:57:42,2018-05-16 20:16:26,2018-05-17 15:19:00,2018-05-21 15:11:48,2018-06-01,e2eab1ff0a556609fefad08716e20165,2018-05-16
ed0c1b3fab332408945a98ebf6224bdb,cec25e74aaf4118c600a09a96365b487,delivered,2018-01-08 17:04:25,2018-01-11 10:09:02,2018-01-11 19:54:51,2018-01-22 21:08:43,2018-02-15,f5b4f2242dc509a136249ac82cb9a285,2018-01-08
37b9002ba4b83202d6a604f34e8bbb5d,25b32213901a2f413cb3c9896e4d164a,delivered,2018-05-10 08:30:31,2018-05-10 08:55:45,2018-05-11 16:13:00,2018-05-14 11:28:40,2018-05-23,890d10925f88c02f0bb9786ac6ffb684,2018-05-10
9bd77eb694253d1afc5b7e3ac6db55d1,af9c734f19c172d4ee125c802ccf473e,delivered,2017-10-04 08:34:26,2017-10-05 02:56:38,2017-10-09 22:05:25,2017-10-18 19:34:03,2017-10-31,a510ff24bca6c62023fc9b6be4082eaa,2017-10-04
98c977c116f7779360e9fecffd3860b6,e144d625b739ab69821471cc91327926,delivered,2017-08-28 20:24:52,2017-08-28 20:44:54,2017-08-29 18:42:19,2017-08-30 13:27:51,2017-09-08,74cb1ad7e6d5674325c1f99b5ea30d82,2017-08-28
dab4d0e2e34ccf6d7136c2a702fb5a5f,48ae3070d7a4aabfeb92cd766d8d15b0,delivered,2017-02-13 10:18:19,2017-02-13 10:30:21,2017-02-15 10:44:03,2017-02-24 23:15:45,2017-03-24,7959ffbef5378bff095bae2150070250,2017-02-13
461284c65054e6492ba30c4ae2ca1a26,f0214ebcddaa587605347762769839fb,delivered,2017-06-24 01:15:34,2017-06-24 01:25:11,2017-06-29 09:04:24,2017-07-13 19:25:40,2017-08-01,e3331f5797eca6e036d61f9d35c54255,2017-06-24
34215cc5cb67e2f9336c1246166da912,d98480be80c2ee41a16df48653cb7d6a,delivered,2018-05-15 13:01:45,2018-05-15 13:30:48,2018-05-16 14:09:00,2018-05-23 20:32:35,2018-06-06,2174d98fe177767658d9268eff1eb9ed,2018-05-15
f0aa70aa3ed2fbaace3cca0919bbb11c,b6e67ca372ab6c9e984cb8613df7800c,delivered,2017-06-11 08:30:14,2017-06-11 09:02:35,2017-06-13 15:35:07,2017-06-14 16:01:14,2017-06-26,be7a2a385dd631c877a0b6952eda9398,2017-06-11
d170469f4f06bfcbc0b1c5f726d55920,642b1a1cc1b8e9a7c429812cb1d49505,delivered,2018-05-16 21:20:12,2018-05-16 21:36:04,2018-05-17 14:02:00,2018-05-21 21:33:46,2018-05-28,3e0d3081398ca23a7922c49d05e49106,2018-05-16
15564b81a39383f08dc90fa1fac055bf,c267b23fea7c2a54a6a7b72ecee7eaff,delivered,2018-03-27 14:21:04,2018-03-27 14:35:12,2018-03-27 23:42:06,2018-03-29 18:34:32,2018-04-18,c30155ed71e24e98a0c853fe0d51c3f9,2018-03-27
b97811f6db9883c21f70f10be990b22b,d68f1a91d75b0f64bbba94060bc54bdb,delivered,2017-06-19 16:56:09,2017-06-19 17:05:12,2017-06-22 15:59:35,2017-06-29 14:05:41,2017-07-13,58075e17e770fc08571c3e0f452f6a11,2017-06-19
6362a7fa249232a216ff4ed1cec9f7b3,ab85203400c4ddb2933ef58e6d6716f9,delivered,2018-01-28 22:23:57,2018-01-29 22:30:12,2018-01-31 22:51:24,2018-02-15 14:52:27,2018-02-23,5c1f384911d84580a244b2fa4d8c950f,2018-01-28
0ed4f17967e8f572b0d7523d705aeabd,9add6a6f2263142f6bbecf2d0865b23d,delivered,2017-12-18 11:53:35,2017-12-19 09:50:58,2018-01-03 20:04:57,2018-01-13 15:27:10,2018-01-17,d7f3402390973a7dac1f4c618889551b,2017-12-18
734b5a25b4318e6840301f241811ad1b,4e64b967799cd7d6db22d2895b3bbc4f,delivered,2018-04-26 08:50:19,2018-04-26 09:13:11,2018-04-26 13:49:00,2018-05-03 20:42:11,2018-05-24,e16f14b5422c53eca00a3baee54d60ed,2018-04-26
fcdd373db44c238886a0ecf5ec332b95,b4284429dbdcf5d197a909adf3362caf,delivered,2018-06-03 23:56:23,2018-06-04 00:10:32,2018-06-04 14:18:00,2018-06-15 19:12:42,2018-07-13,a4d2404ffeda3510553f1f51392ae47d,2018-06-03
dbf5bbf29b4a8f8e7e6f3584c8dba6d8,dd4c0e8d44344042d262d6afa8efcc91,delivered,2018-03-15 09:21:46,2018-03-15 09:30:33,2018-03-16 17:04:11,2018-04-02 16:31:32,2018-04-04,b7a539004edc5f02cfa5797bdd8b4832,2018-03-15
ee1a60d0930166de412a27e2af280f9c,eb66077f255e1f15020a2904b1f7f24e,delivered,2018-06-14 14:17:05,2018-06-14 14:42:30,2018-06-20 15:03:00,2018-06-21 16:48:20,2018-06-29,34aca7c363ce095f7be0b09d7924f21b,2018-06-14
01db310c16db46c62c3d4e0857990f32,cd042ac503b01b08c0c1e582bb978154,delivered,2017-02-13 16:22:39,2017-02-15 02:43:18,2017-02-21 08:34:01,2017-03-13 11:14:13,2017-03-29,236655441ae8dd4485fd328d918186fa,2017-02-13
0a275b76a325d0ea648f62a087597d85,ba41199b46562b87c3d00a2f85bdf386,delivered,2017-08-03 19:02:29,2017-08-03 19:15:20,2017-08-11 18:47:55,2017-08-15 15:23:42,2017-08-30,51f2fbf8f12d68d2567a247fb4829c79,2017-08-03
937bb835b909258e3fd32898753b0cad,6f5d085fa90e41ad46b2f5623426febe,delivered,2018-04-27 21:17:37,2018-04-27 21:30:22,2018-04-30 18:48:00,2018-05-02 19:51:05,2018-05-16,32efa507b1a360412dee7ff30905ebdc,2018-04-27
75441fa4c89fbbba02fa9fdfd5729595,1580b820b625635d138a7995ff9e5ee0,delivered,2018-05-16 07:41:56,2018-05-16 07:56:22,2018-05-17 11:42:00,2018-06-04 17:44:35,2018-06-06,1ea4618aaa18d40f46187da578a907ec,2018-05-16
fd079c0a24ce2138def202fb00f1ae38,4e97d722adb4780333d998d42f91df9c,delivered,2018-07-12 20:24:08,2018-07-12 20:35:21,2018-07-19 11:40:00,2018-07-20 19:40:46,2018-07-24,2d6699bbb3eefdfecd2f3b9038e216d0,2018-07-12
511618fe3d5724a254ffb7ebada30e0c,95c6b87b46833bf235a0e433df10216f,delivered,2017-07-21 20:15:01,2017-07-25 03:43:50,2017-07-26 10:49:51,2017-08-03 19:15:32,2017-08-18,6c6ea6176c1b5df4d99dfa437f2511ad,2017-07-21
8f0c341c40542ef2e5fee0d1ed7ba05b,d31117caa8b76119d6e8c9819f68aa5d,delivered,2017-12-21 09:21:23,2017-12-21 09:34:17,2017-12-21 18:18:47,2018-01-04 02:48:38,2018-01-16,f95de29d9e810e69f55626ff1bbd4d60,2017-12-21
f697d75c89c805baa9e171a20f34a58b,2c6175e58d7a5a280f53c095ad1dbe97,delivered,2018-06-27 18:07:00,2018-06-27 18:15:13,2018-06-28 14:31:00,2018-07-03 21:27:52,2018-07-25,47f60d4de93f05583e0d401dd8e88d4e,2018-06-27
7f5fffa3eb208b83138281c2a012dd7f,172477606e97c0d64d80f90a7c8b3703,delivered,2018-02-13 14:53:47,2018-02-13 15:07:26,2018-02-16 00:22:31,2018-02-20 01:09:09,2018-03-02,20b1d1ac5cd3af10f2538fb45b356524,2018-02-13
a721e26ff7bd0e11f75933623f5eb2d5,0e9c9ee87acb98a66f2f056c5d49adc1,delivered,2018-04-04 21:44:26,2018-04-04 21:55:19,2018-04-05 20:21:54,2018-04-25 00:38:43,2018-05-07,426a9c4b189f4342ea12e7cc9d48a883,2018-04-04
cf774fe62d37125e7b9638ef68f872b6,686fa334d4d911e9ad2ab7322363815b,delivered,2017-12-24 13:19:17,2017-12-27 07:27:54,2017-12-27 18:26:55,2018-01-15 16:06:54,2018-01-30,21ff6b67205558381cfbec10ee2fa4e0,2017-12-24
79f972ddba6969e1903a32a2bbc78886,b04d041da05c2704d29c6945333cd08d,delivered,2018-04-17 16:57:53,2018-04-19 02:32:11,2018-04-19 23:28:42,2018-05-11 17:42:08,2018-05-24,627d075513dade14e0fca3b59dae6614,2018-04-17
5fe3264defad0362e5f017bda3404062,9391b0dc774425a1c033b640f5bf435a,delivered,2017-09-23 18:09:25,2017-09-26 03:24:46,2017-09-27 19:38:05,2017-10-13 17:53:41,2017-10-20,c22cb2aff1533603ca5e491b409776cc,2017-09-23
d656f5c86159b4cc6d5a11af77d7efde,6d08a140cd85228349360a6b914ea47f,delivered,2017-06-13 11:08:44,2017-06-13 11:25:19,2017-06-19 16:56:57,2017-06-27 18:32:53,2017-07-06,db9b63e149f67cf632ad60d9f7718e0a,2017-06-13
5e41827b759a0bb0ed7c166e8f9f43e1,7bced3969d47023b7ab580e4cfdda7ed,delivered,2018-06-28 12:39:44,2018-06-28 12:50:26,2018-06-28 18:59:00,2018-07-05 18:54:47,2018-07-13,05f6f08be56b85f76d8227a3a1e3e3ee,2018-06-28
2772cb7ffe44f20a3bcb6fc52a9c3370,d1af1251ff8b9109624062f710192be5,delivered,2018-01-11 22:03:32,2018-01-11 22:10:37,2018-01-15 15:51:36,2018-01-22 22:16:51,2018-02-09,6bd7aa5ab027df39859fb839f21ef3b0,2018-01-11
f4eef947e4385f95c5a7184a689fe241,f59463f6531124e7598a3ae111a753db,delivered,2017-04-08 18:03:40,2017-04-08 18:22:28,2017-04-28 13:39:08,2017-05-15 16:27:44,2017-05-11,6c8667b7d77b711966f283f8bb5ed08c,2017-04-08
6a09c972c5374c18c043270ddf09b641,e5a425ad8699dd021f97ac837591cd70,delivered,2018-08-14 17:47:58,2018-08-14 18:44:07,2018-08-15 15:00:00,2018-08-16 15:21:27,2018-08-22,c30b0c608dcfd2de51f2a181ba746b5c,2018-08-14
643a4b4184a5186bbc7ef0a52db34906,3c0c18b834b8f01bc414c2a3f4752fd1,delivered,2017-09-29 19:26:41,2017-10-03 06:34:20,2017-10-05 19:17:51,2017-10-09 21:05:27,2017-10-17,30850e63ba3763fa8a2a1bfd2fd007e4,2017-09-29
0c5f4de2e1c08a6da891feaafcf35d1e,400bdea7f3cee3d1d54dda43b762d369,delivered,2018-05-09 18:58:23,2018-05-09 20:55:37,2018-05-10 12:01:00,2018-06-11 17:23:01,2018-06-05,d2c30c00f9787faf7349ea558c153613,2018-05-09
ca2bfe1c1e0ec49a98d9e9f94a39c06d,dc0ebf834c63bbe1c8f51c32827a7ed0,delivered,2018-06-18 13:32:10,2018-06-18 13:55:46,2018-06-18 15:03:00,2018-06-26 20:29:27,2018-07-13,3da1471d9a4c0646efd8e5809f5d25da,2018-06-18
d8393142319e943a9b883adab79e9561,fc3bc2de4e93457488be678d6a346653,delivered,2017-07-30 17:02:31,2017-07-30 17:15:19,2017-07-31 15:15:32,2017-08-03 17:43:16,2017-08-11,06e8b8f76826ff96623978cb4d3ca074,2017-07-30
50516ea7f0e69111faf523c5d7900c15,c6eebc8cc5774b32a684d0437542ba9c,delivered,2017-12-07 14:54:19,2017-12-07 16:05:28,2017-12-09 00:54:27,2017-12-22 13:12:20,2018-01-03,ee7aa68d6697786887c40c6dfe41a534,2017-12-07
2d9d56fc9b7bd4d074391577ac282706,fdf4c60c463da690eb528d6120be147d,delivered,2018-02-01 21:12:42,2018-02-01 21:32:10,2018-02-05 23:15:30,2018-02-19 15:39:23,2018-03-07,dbfbd0d6ea9f67b91fb46dce7b55a4f7,2018-02-01
d0669b64153d2b6cf4cf2b6a11281c4f,4f0ac8ff29c955fdf64f1b7448831a07,delivered,2018-04-24 23:21:03,2018-04-24 23:30:23,2018-04-25 13:48:00,2018-05-04 18:28:31,2018-05-17,824cacc14083f4097e6d4bad5698b456,2018-04-24
7b13c77c64a9a956500cbf1a9a23798d,45d942b1af5529f8990f27848a40e645,delivered,2018-05-17 09:24:18,2018-05-17 10:38:35,2018-06-01 09:04:00,2018-06-07 19:12:50,2018-06-05,abd7e9db219836e58c3fca4965dd14e5,2018-05-17
ba58944fed9eea8a43f9fc3b2cdca75f,da9ef0f242177bd1de0ce7394f41a6f6,delivered,2018-06-16 17:43:34,2018-06-16 17:58:38,2018-06-18 13:12:00,2018-06-22 13:34:41,2018-07-17,d96579e3cfb6d4f233fc048ecc6c0b12,2018-06-16
77eebc56e710b7d5e02097984981cd76,38e3937c97e049632e77de6d05648412,delivered,2018-05-29 18:10:24,2018-05-30 14:17:00,2018-05-30 14:05:00,2018-06-04 15:24:56,2018-07-17,95a0e14dee86eb0eeec5263fe5fca796,2018-05-29
649a1e8e34e85fc2892b907e6bf7ddb3,a8ac32b549f5f10fdcdc0d5c7cdd2df7,delivered,2017-12-31 11:05:02,2017-12-31 11:14:24,2018-01-02 13:34:50,2018-01-04 23:05:26,2018-01-18,2674aeba762a1b689410d5a4e705e323,2017-12-31
54802d33f22620ff142f94fd4fe18b25,e97a610088134f06228ff807008f5b55,delivered,2017-02-02 15:18:39,2017-02-02 15:30:19,2017-02-03 10:39:25,2017-02-07 11:11:38,2017-03-09,081cce81ce8725d7afa97ee82bce9577,2017-02-02
b1629139e38e77931c032720fff0c091,357021c0b7dd2932d05c91cd16426909,delivered,2018-01-11 13:38:23,2018-01-13 04:54:20,2018-01-16 23:34:11,2018-01-24 21:35:11,2018-01-30,37e5b54f2cdd31e3aa377f765c6bbe39,2018-01-11
ab53b19e9f59776c6556ebf49e85a52c,3cc85f62deb4a6349f8f6ecd7d688eb2,delivered,2017-10-04 01:15:28,2017-10-04 01:33:52,2017-10-06 19:08:24,2017-10-11 20:58:38,2017-11-01,98383a4f4539bb851ea5810e9d35990a,2017-10-04
ec4f4f7e31b79905b7626cbbdf077813,eaa3bef3175bbdfb86ea8310d25abbac,delivered,2018-05-03 19:11:29,2018-05-03 19:33:44,2018-05-07 11:21:00,2018-05-11 17:32:03,2018-05-15,e249b6c456edd4e50b70e5b19a57b180,2018-05-03
6826d3cfe92e5af877d3d2088f03d8c5,d153b079da001f9f47758f5b44040460,delivered,2018-07-13 23:01:20,2018-07-13 23:15:06,2018-07-19 13:40:00,2018-07-24 16:28:00,2018-07-31,9a15238309e761acead5d7f3aa886baa,2018-07-13
a543320aceee9be9a814f4808aacaf3f,725ab1386add4f257ae6b635da68daa5,delivered,2017-11-12 01:39:16,2017-11-12 01:51:08,2017-11-17 19:41:41,2017-11-27 16:53:00,2017-12-13,1364f1e5d7496beb9db686399c7e41e7,2017-11-12
d82255dd8d216b8577f8f2527ce817a1,65d82c4a61c5d879633df01f1352ba2a,delivered,2018-05-03 11:05:17,2018-05-03 12:32:12,2018-05-09 14:11:00,2018-05-24 21:44:23,2018-06-04,9d8d6c0bbaaff906a6aa2a8f184b2834,2018-05-03
336d43702a934d77766b523ef3308ba6,e3312db97d85d35a74e17ac783bff72a,delivered,2018-04-19 21:27:20,2018-04-19 21:50:14,2018-04-24 00:22:51,2018-04-26 17:23:33,2018-05-14,428fb2f8e861bae7c28b798aa8e32bf3,2018-04-19
c105dc345a895fe1dc4c94717b232046,08e91c074733311e5056cda3a7bc53a1,delivered,2018-01-25 18:57:01,2018-01-26 03:16:50,2018-01-26 14:36:18,2018-02-07 19:09:16,2018-02-19,b23015faae83c812ac84439768b1f3af,2018-01-25
85b34a1af5137701810e71076fa9cc33,a049db073f7fcbaa05e0b4ebabba07a7,delivered,2017-07-24 18:01:28,2017-07-24 18:15:22,2017-07-26 10:47:43,2017-08-01 15:03:01,2017-08-15,f3010a273ccaeb2fb39e7d62fd8741ea,2017-07-24
3d8c679ea369975a1e4265dbc2289f72,1e097438e43714589170b9bf6b41052b,delivered,2018-07-22 10:16:39,2018-07-23 11:31:35,2018-07-25 13:55:00,2018-07-26 13:34:00,2018-08-16,8f48a3e77f9cc4c4116cdc406c30625e,2018-07-22
6ce2f6c46900d2944aa402979ff81e6c,efdb7165e1cdb1a60f09f771135412f1,delivered,2018-07-23 12:55:39,2018-07-23 15:31:47,2018-07-24 09:33:00,2018-07-31 20:02:25,2018-08-10,debc4c56769110ff8fb90c5a53453199,2018-07-23
58e27f23b4e77996bbcfc79b51373c76,d5db211c4387fafdaead20b35f64ce3b,delivered,2018-01-10 14:06:16,2018-01-10 14:18:25,2018-01-12 21:06:31,2018-01-15 19:51:58,2018-01-29,eaaf8e14e1d9f3f83db5ec5e73913ea1,2018-01-10
a0fdd81ab04852a128e1ea844ccbda3f,9f911fcf9d7f4c22e303f38f5d4b9ed5,delivered,2018-04-19 00:19:51,2018-04-20 07:32:13,2018-04-23 15:28:41,2018-04-28 00:48:38,2018-05-18,cea7ed35ee5934e0d0746f8ee15148f6,2018-04-19
252f06dcd7681afcebd85eb7ac245b03,6652a9f23322cac2d52cee9daca89c98,delivered,2018-01-18 14:39:53,2018-01-18 14:56:20,2018-01-19 18:48:45,2018-01-29 15:18:56,2018-02-15,f182ea41f7c1e028fea75c39ba16e794,2018-01-18
3c3d212226b96bb33fdc655e5b7f29d9,dac45a37ffb988682a29b7f846a95203,delivered,2017-05-22 11:21:49,2017-05-23 03:55:24,2017-05-23 15:49:54,2017-05-29 11:37:41,2017-06-13,cdddd3dc1083b83c6cf40e64b850f7da,2017-05-22
b38a6a796d97abf00c33609a618732b2,24d300099173d05c70c2d046c9686a54,delivered,2017-04-11 10:49:20,2017-04-11 11:02:10,2017-04-11 14:33:34,2017-05-02 17:05:54,2017-05-15,bb2752b7d01f3ca96013294e39f3e20f,2017-04-11
66f4d4cb45642e879ba8c00484e13aa8,5573b74621b2e7ef7db25cae88fa62ed,delivered,2018-05-07 16:39:05,2018-05-07 18:15:23,2018-05-08 11:19:00,2018-05-15 19:12:31,2018-05-24,7cada585114074c655b5319bc4e2a569,2018-05-07
d10d423267ce9757b2dca711dc20fae5,bad7c65e663ea4a7ce139684e5fbf63f,delivered,2018-06-26 21:41:47,2018-06-26 21:55:20,2018-06-29 09:42:00,2018-07-03 21:32:55,2018-07-18,624abb63920f851f632e0094ebf8cc2d,2018-06-26
01405161cfdf60dd80df1f393a2796d5,50a5ce7e867f2fabc3eb4703dfb432df,delivered,2018-08-09 21:16:21,2018-08-09 21:30:14,2018-08-13 10:05:00,2018-08-20 12:19:03,2018-08-24,23be4b5b1e9add3f80da9607e9de5775,2018-08-09
a7a7cee8db5a07311875dd616cbad673,28e00e24d35fe6db0b53bfe88485ba26,delivered,2018-08-05 08:12:05,2018-08-05 08:24:20,2018-08-07 15:00:00,2018-08-14 06:32:44,2018-08-20,0beb1b192f2d5650c944db52840677f9,2018-08-05
2502637317f775ba447bdb648a18f213,fdee1c008d209f16a3e03c17ad4e2bf8,delivered,2017-09-12 19:28:31,2017-09-13 19:35:17,2017-09-15 17:57:39,2017-09-21 21:04:16,2017-10-06,fb5e89c121d9569d1a58e0afb54da971,2017-09-12
6ae112d3d80d830e6e97b777b24b4c56,270559c34997160d7d5580a68722d1de,delivered,2018-07-24 09:03:34,2018-07-25 02:50:16,2018-07-26 11:54:00,2018-07-30 16:38:37,2018-08-07,1a27a558aac4c4bfe3642b8c9bffcf4f,2018-07-24
726714fe5c6124b8501feb36c5b89896,baab884348d4ad90d893b3551521aaba,delivered,2017-02-03 23:26:40,2017-02-03 23:41:43,2017-02-07 11:37:59,2017-02-10 08:29:03,2017-03-22,37cc3e75e39bb11d75a1982ac0d07c17,2017-02-03
c90735c78d397563ca13855251a0b5cb,b95d13b18342b38a42c82dce122ab381,delivered,2017-10-17 22:10:33,2017-10-17 22:26:40,2017-10-20 11:26:55,2017-11-03 15:23:40,2017-11-10,e50ae92018dfbfec73fd020efb5ecfcc,2017-10-17
96c4604cd628d2deeba98d012743a455,ce6b160f2d93188fdd18287c6f4d2aaf,delivered,2017-06-08 21:06:41,2017-06-09 23:33:48,2017-06-16 13:37:50,2017-07-04 16:11:21,2017-07-13,52ca2c3eb36adc5992314aa32aa16be7,2017-06-08
0ffe5d0885533af26c298b2384eabda1,a9e941781c7ba1cd1971a59ad6bac893,delivered,2017-09-15 22:01:18,2017-09-15 22:40:10,2017-09-18 15:37:59,2017-09-22 18:10:13,2017-10-03,8a903ee0bd04bbe335fc0fde7ae1c30f,2017-09-15
69098b68934037a3789cf7a303bf7b77,f0084ae957a65d0147411c9dd76b0804,delivered,2017-11-14 09:41:18,2017-11-14 09:55:58,2017-11-14 21:47:53,2017-11-21 19:12:45,2017-12-04,310196abfa8b801362582df6b1c28030,2017-11-14
21b6d1e7385572036e50357aacbddf0d,4b9e74c671c9e22420ad0508905c6c4d,delivered,2018-04-10 19:26:36,2018-04-10 19:49:51,2018-04-11 22:42:12,2018-04-12 23:41:46,2018-04-24,12eff0e61755ca04d9dc8d663a0fab36,2018-04-10
0fb5a3160f044b869ebab3a1d50f0471,63d6b822c9b82abb95d18d43cc3f79c8,delivered,2017-09-02 05:21:17,2017-09-02 06:41:01,2017-09-06 21:26:39,2017-09-17 14:42:00,2017-10-09,0c75c5ef968e1e8a53c91277d2417ffb,2017-09-02
b11b5fa23629054214fa15a68c0cfe73,4b1a814941557a1815eafbecbba17199,delivered,2018-06-18 20:30:39,2018-06-18 20:56:49,2018-06-19 16:32:00,2018-06-25 16:41:30,2018-07-16,62478e432992b8756cad2d8b6fffb06e,2018-06-18
924aa21372f93d04910e55caf9237b00,1bdac4a3a34433f841a6006a6cc5a392,delivered,2018-03-22 20:51:19,2018-03-22 21:07:36,2018-03-23 22:42:08,2018-04-13 17:16:46,2018-04-18,e6cff75a2611a9dcf86f9a62c5ad8195,2018-03-22
082a40b17edc8dee91ba95b20b555815,c8669d1d4882bec78d15af179426f1c1,delivered,2017-10-07 21:50:31,2017-10-09 19:14:37,2017-10-10 15:57:59,2017-10-19 19:25:08,2017-11-13,ccdd9f1a4ed4676d48365d27651a7a1d,2017-10-07
5b5b301c2306435fbdcd698f1c3a5ab0,22053a23a1d965f983d462b3ad3cccba,delivered,2018-04-24 11:23:35,2018-04-25 11:31:29,2018-04-25 13:58:00,2018-05-02 23:42:26,2018-05-30,6e8f80c1dc7e94f0b40485163cc07068,2018-04-24
dc10959ac4ed148a4ca7be1f2b7dec38,c211dc427e93a1912593defa9220ca62,delivered,2018-03-21 22:31:31,2018-03-21 22:48:22,2018-03-23 20:45:05,2018-04-03 21:23:21,2018-04-30,7a2fa9584d8792de34317f511a68e175,2018-03-21
cede6783681ee6ca1c00eb85d602ead4,47d0c23e290eef04ba210fc4ef687691,delivered,2018-08-16 00:46:24,2018-08-17 03:15:21,2018-08-20 09:27:00,2018-08-24 16:58:44,2018-09-03,ba66e5bc2e087243b725c956f1765196,2018-08-16
85a525f63659815ea2974c9fdc1c85b9,18e60ac17a63a5f07b52c9dc037ab20a,delivered,2018-03-02 17:11:54,2018-03-03 02:35:35,2018-03-08 18:56:40,2018-03-09 19:41:54,2018-03-21,b7fe26132b235af7fcd86605c21b0aa2,2018-03-02
be04ca2f1365ded8bb52c193a32e33e5,0e35139ae7579cd29b171f419e64e40e,delivered,2017-08-22 22:19:38,2017-08-22 22:35:15,2017-08-23 19:20:04,2017-09-05 20:57:40,2017-09-14,ce435e091ab85189e2309a15b4416b44,2017-08-22
c12f5561ebbafe496b47371c0271e839,1f214d9540752e0a04a499a0f30ab877,delivered,2017-11-15 17:58:15,2017-11-15 18:11:06,2017-11-17 17:13:49,2017-11-21 17:45:00,2017-12-05,6469f99c1f9dfae7733b25662e7f1782,2017-11-15
ca664b8080d78526b0e1f39b46d9ab3c,e4e82384de3c12c42a6dc003a8b9717a,delivered,2017-05-21 19:53:52,2017-05-21 20:05:10,2017-05-22 09:46:39,2017-05-25 07:43:51,2017-06-19,1c6a77e77e31c3f700232ba710b4d918,2017-05-21
bb411f818d648fd911d5c0d473ebcf19,059ad73fd0f5ce04b6875dbe88c3fcf5,delivered,2017-05-25 13:18:45,2017-05-25 13:30:19,2017-05-26 12:06:36,2017-06-06 11:17:16,2017-06-21,ffe4c3aa14d4702fb11fe5b3c4dd755c,2017-05-25
9d54b7013ee149b8457d484c63fc02ce,14310c9aebd9330fab7c32604f926c41,delivered,2018-01-11 12:21:25,2018-01-13 04:54:58,2018-01-15 14:52:00,2018-01-24 18:52:48,2018-02-15,a0a42c4599cce684b3537bb863608e9b,2018-01-11
460ef4237e6579e9b59b6b313f96b825,2472a0dcd32a7a004f34018c998ce7ee,delivered,2017-03-19 22:22:35,2017-03-19 22:22:35,2017-03-21 15:08:34,2017-04-19 14:44:22,2017-04-24,5d86f8d85d7a325b8ad02dfc95d015cc,2017-03-19
6178aa2d0a4a19e5c27c9086dfffee18,80daa5cf717bc359cab1de3b48034771,delivered,2017-02-18 14:29:14,2017-02-18 14:35:11,2017-02-20 13:04:20,2017-03-16 09:45:49,2017-03-31,024ab36a6207906cf0d2767466419017,2017-02-18
7ad26c8f2f119d81460033a51a648dc8,ae927b68dbd3fa99d797a3e716fa5360,delivered,2018-05-08 10:48:38,2018-05-08 11:09:38,2018-05-09 10:13:00,2018-05-17 20:28:44,2018-05-28,45461b3e087473c799ce5bf53c50f929,2018-05-08
688904e4bf47962bfa787f67c04ec8ce,8a6594d563690312b163bf42459162ba,delivered,2018-01-21 22:40:20,2018-01-22 14:03:15,2018-01-31 20:33:13,2018-02-03 12:33:08,2018-02-06,9a9517efc14f6c0becdc563706598cbd,2018-01-21
37b2bceb2db60f10b24b1699aa3ad7c1,747a712e7fb2cbf2f0c031edd555f6ec,delivered,2018-02-25 09:21:24,2018-02-25 09:30:41,2018-02-27 18:36:07,2018-03-09 01:07:26,2018-03-21,4a86360d1150d82f8928640d7355653c,2018-02-25
7c0c61f5d61aad026c439caf370a92f2,91d39abe6855463cc3c87bf364c3b43b,delivered,2018-06-03 16:18:39,2018-06-03 16:30:50,2018-06-04 14:33:00,2018-06-12 20:38:37,2018-07-05,291d020953194db1b8578ff8d9959c62,2018-06-03
e7a653f38cb6073d04fbaff18f35d6c3,02c485a8c59f6c74791e5498f5e7cfb9,delivered,2017-10-21 10:59:33,2017-10-21 11:14:18,2017-10-30 21:24:59,2017-11-08 18:41:26,2017-11-16,d2f54fb3a1b7d45ce6ff62a7c19991b6,2017-10-21
0402c01cc0985160e52a67f202177b78,2b7afe354de1dcdef5e609aa74b1c606,delivered,2017-09-26 12:48:14,2017-09-27 02:49:47,2017-09-28 18:02:57,2017-10-01 17:19:50,2017-10-13,6a64e2cf94a5779760698c1e25a2852a,2017-09-26
0c01eb5638db2110eb5a7d1c0581aa09,dd311e90965698c65649b0ee6793432d,delivered,2017-11-25 13:12:30,2017-11-25 13:33:58,2017-11-27 20:14:47,2017-11-29 20:22:06,2017-12-11,926c8d39b0f9a9cfa922b4c26067466b,2017-11-25
577741df3a9a24834a116ed4b278233e,9e89c236659179966723613317e173aa,delivered,2017-05-10 21:51:44,2017-05-12 02:55:21,2017-05-22 18:52:44,2017-05-30 11:20:07,2017-06-13,7df02dba351998a9a24edc56d9c35557,2017-05-10
9b049a52ac663a7ddfa0302f5e230057,a79784beb25fbff75d1c62d68c1691aa,delivered,2017-07-21 20:00:27,2017-07-21 20:15:13,2017-07-24 16:02:40,2017-07-31 17:36:11,2017-08-14,524840dafddf7865ecdfbc2b364a65f2,2017-07-21
72d6593232a560afaf566d6a200fe3d1,e7dfeef23add90c8cbc8fc077c950a1a,delivered,2018-02-17 18:21:17,2018-02-17 18:35:22,2018-02-19 22:51:08,2018-03-02 19:12:22,2018-03-13,87dfb65b58db8ea156b8c85b1100aa67,2018-02-17
4155b1b0ef6538b1c18db62c4935b752,db88c1b5e13678ba205ab7743da9a272,delivered,2018-02-17 20:52:39,2018-02-17 21:07:05,2018-02-20 00:48:30,2018-02-22 19:29:25,2018-03-06,bf8a865cfd975450c959e09370173492,2018-02-17
d8970edba4396fca8d53449f1942a530,b48e9a32f934ca879a11ccc405e5d694,delivered,2018-03-13 17:10:16,2018-03-13 18:09:58,2018-03-14 19:03:55,2018-03-27 20:53:29,2018-03-23,ddef99b45a7dfb5297ae04185fd03f8b,2018-03-13
7497a05fc173872d55f1e764de3c3a5f,f35ba86362d6c83789c2c3260fa02241,delivered,2017-10-19 14:11:44,2017-10-21 03:07:27,2017-10-24 12:24:50,2017-11-14 19:02:46,2017-11-08,25f7febd13455327260856a1039ba478,2017-10-19
e2456fa3a339b1e8aa3ea8045a1ead4e,12884df92231ffd06d822698027ce61a,delivered,2017-11-04 10:11:43,2017-11-04 10:25:45,2017-11-06 19:32:20,2017-11-16 18:49:49,2017-11-28,e279ede4d0a73bc22e97ce519415dcd4,2017-11-04
3dbcc6a75a92370a581e5b39efdc1b0d,b076d33913c27684d0485cc0110d9e0c,delivered,2018-06-22 19:39:26,2018-06-22 20:37:25,2018-06-25 10:43:00,2018-07-02 19:28:25,2018-07-18,c2a444c39a2d87b50039f910db917e3d,2018-06-22
46795c1677a7a4a3d2f8687940051b57,759b49e64e1f3390cdc213ffd74876d5,delivered,2017-07-18 11:28:33,2017-07-19 03:45:45,2017-07-24 19:33:59,2017-07-26 03:07:53,2017-07-31,0116f610fa1418cda75e0d96e1639a03,2017-07-18
0e02536713cb943858f5cd5b34f43e4c,448bb5b3df0b636fcc39ecc2ebd20b5f,delivered,2017-06-30 10:12:50,2017-07-04 04:24:40,2017-07-04 15:43:43,2017-07-17 18:37:07,2017-07-24,53656bdb8960bf078c8a49df53c0ea4a,2017-06-30
caef95fb90109cd1a4bdf9197d937e41,327950402467e8f955ccce468c81a566,delivered,2017-12-14 17:29:54,2017-12-14 18:01:37,2017-12-15 23:52:08,2018-01-02 20:44:29,2018-01-18,81e260288b8f6969e6ee5d5dfa7284bd,2017-12-14
9695692d040abab63df40b68c2905278,22245e5e8a9b0a5f9ea62d9aefc4e5fe,delivered,2018-03-26 08:31:15,2018-03-28 02:47:23,2018-04-13 17:04:02,2018-05-08 22:58:27,2018-04-26,fdfc9e2e8e67be832f8ef6ca4e0f2be7,2018-03-26
2a08278777d9f1a73321180ce445b630,175ddd0ce13ed60d0220017aecf71f88,delivered,2017-08-06 12:19:50,2017-08-06 12:30:13,2017-08-07 16:50:33,2017-08-22 15:30:15,2017-08-29,d9d038353abdad5717e9d11c1748736d,2017-08-06
a92232b41fcd16d21f69ff9d11648bbe,1eb56edd49bc10e943716ab0188dd6de,delivered,2017-12-05 13:37:09,2017-12-05 13:53:46,2017-12-06 17:16:39,2017-12-19 23:56:44,2018-01-10,a94ee4590dfa55d48034194a05c491ac,2017-12-05
f4e54cdf400b12ba277e54ad81f0a19f,1ff82333c32e212750019462faf67a86,delivered,2017-08-09 13:29:08,2017-08-09 13:44:11,2017-08-09 20:46:14,2017-08-15 19:14:37,2017-08-29,594ac9b39870a38d645e8e8171a87638,2017-08-09
94174e78ef007320fed36f2d862f3fcb,f13b4986e0330117627659161671789d,delivered,2017-05-19 15:48:13,2017-05-19 16:02:58,2017-05-22 13:46:07,2017-05-29 04:05:20,2017-06-12,4d7c031660b3c9fdb59e06575b37b737,2017-05-19
aeb6c6dcbb894bc3055802e5a7c5d271,58636319a78146d1c98f4602f0839597,delivered,2017-12-31 02:09:21,2017-12-31 02:27:25,2018-01-02 19:21:44,2018-01-08 20:30:35,2018-01-30,9f22fc34b3a0ddb490ca358d91062097,2017-12-31
d257669899c7081651e2d8e3481b3c12,280e3ea6cde9285315940929e0f58320,delivered,2018-05-21 17:40:47,2018-05-21 18:13:37,2018-05-22 12:50:00,2018-05-23 13:07:54,2018-05-29,2e5f620c03494a9acb00b574c5764b69,2018-05-21
022f80b8a6f58b11018082b505f15c38,e55ddd4fde4608bc77a6494772b5bd3b,delivered,2018-08-22 14:40:48,2018-08-22 14:55:15,2018-08-24 09:56:00,2018-08-29 22:48:43,2018-09-10,ab2ed50befdb3983c871c3aa3f542964,2018-08-22
9858ff80b8f867c868a4c476eda9122b,cdd087251239c75444a11351151dfd21,delivered,2017-08-16 13:27:32,2017-08-16 14:10:18,2017-08-18 14:48:00,2017-08-24 22:04:02,2017-09-08,a4168a1c5920fe8149605a248bc01c0e,2017-08-16
55145ed5b3a494a64bc8a013c511191e,0d690774ebd4f0ef28e766685ee29d87,delivered,2018-07-16 23:35:33,2018-07-16 23:45:12,2018-07-17 13:47:00,2018-07-25 23:56:23,2018-08-15,49f8f2dffe67c9b429827fdb48bdffc4,2018-07-16
43fa19cdae4655a407330330e95f5d18,2cde3641a0fa8cee74532f47099756d3,delivered,2017-11-22 08:38:21,2017-11-22 08:47:55,2017-11-24 22:21:43,2017-11-27 18:32:44,2017-12-04,b409a7fa941977bda70756b382c937c8,2017-11-22
086d49a75db554056a171c0c706a7e18,a82b9b34045d89be1440c237620e3261,delivered,2017-11-06 15:04:33,2017-11-08 03:46:07,2017-11-16 10:21:23,2017-11-17 14:51:32,2017-11-23,1d9f8ceef15c2c222c7452f380371627,2017-11-06
eb0a5f98cb58483586efdafd5cb6963d,d793810b776858ccfd8614ed824ce1c4,delivered,2017-12-04 10:16:49,2017-12-05 10:03:16,2017-12-06 15:29:02,2017-12-18 17:47:40,2018-01-05,6ddba74d84d5e4eda2d993f44dd8807e,2017-12-04
c6a5f1a0e18d1cad856f95794462ecbc,d72181923840c8895462ab0fd7937918,delivered,2017-09-18 23:16:10,2017-09-19 22:10:20,2017-09-20 18:27:50,2017-09-26 19:23:06,2017-10-26,3d16d54112c57c93d5bfaf6b395b3f0f,2017-09-18
728ac4a3b9966b64c57f28c4d300ed21,407f9081e71876a6e460ea133de1a514,delivered,2018-03-24 09:54:40,2018-03-27 04:10:17,2018-03-29 21:58:55,2018-04-04 16:51:59,2018-04-12,1fa44cbd73858648c8e08aa34698e181,2018-03-24
15226cfb3e9f4ad163d09f493688204b,ae78ac4ebb89e08c5e0423bcfa0b9cc2,delivered,2017-04-08 20:40:11,2017-04-10 19:22:18,2017-04-11 10:53:51,2017-04-13 10:36:49,2017-05-02,fd5a35e4c44d8ea5646ada47ab50a2d1,2017-04-08
8dbafac7422903530bd67f9cc974a094,531eafaf2305e3496674cded18b84cf0,delivered,2018-08-17 07:32:27,2018-08-17 07:50:13,2018-08-17 12:01:00,2018-08-22 17:12:24,2018-08-31,42d375c653e53f11d9555ece299a0ac8,2018-08-17
c29713133e5e33937af1a6e1e1370552,906614004e38a1e922ff033563bfdcf2,delivered,2018-05-28 17:20:02,2018-05-28 17:35:09,2018-05-29 14:22:00,2018-06-07 18:38:24,2018-07-19,63cfc61cee11cbe306bff5857d00bfe4,2018-05-28
993628d27f2ae9981422ecb389adfa59,edb2388a9a41189e035599ca654a80ba,delivered,2017-06-29 09:34:50,2017-06-29 09:50:12,2017-07-03 14:42:55,2017-07-07 18:41:55,2017-07-21,2d2dbe464c4901500b3a3ca4efcb3425,2017-06-29
905ab4b896d3d6b60de1564cc077c327,7dd639cfda3661ad77858968c9e8e625,delivered,2018-03-14 01:20:55,2018-03-15 03:30:48,2018-03-15 16:42:13,2018-03-27 17:32:58,2018-04-04,8507dbc4697f8191a505be65e17a00c6,2018-03-14
f46a84975b5e1924b04413f4a87af6d5,404fc488aa0d7e35e8544b3f6210aa10,processing,2017-02-26 21:03:46,2017-02-26 21:15:08,,,2017-03-24,2600a9deb99beb4563828a6420c7784f,2017-02-26
8fb3206a2aad4fc77eca4a00d41aa1f0,1476fa2099fea1b4af65f6fa6390473b,delivered,2017-11-24 16:13:30,2017-11-24 20:13:28,2017-11-27 20:16:47,2017-12-13 18:04:09,2017-12-15,5faf08b2fa62c3ccea6a072271dfbfc7,2017-11-24
dda427569144edf4a458f8fed9d5ca4a,f3e2d62c0fa412bfb895c3ce908a13c0,delivered,2017-09-05 13:26:50,2017-09-06 02:50:33,2017-09-06 16:46:51,2017-09-18 17:23:51,2017-10-04,d38fbef1736e1ae87e8ed4e3759887f9,2017-09-05
3018cabe571cb8d2600f671021243e3e,86b3146187671c293c9d02862a8adf2d,delivered,2018-06-19 20:16:26,2018-06-20 02:55:23,2018-06-20 13:43:00,2018-06-23 19:16:34,2018-07-16,454e072b6a4585efe18fff386c7ab302,2018-06-19
27862fa69c55efccf16a971d36a8f7dc,af1339173bb8d84608292ee35fca9f8d,delivered,2018-08-18 10:11:14,2018-08-18 10:30:25,2018-08-20 16:49:00,2018-08-23 14:44:46,2018-09-04,425c559c26283940cbae21e5641e9bdb,2018-08-18
b82c29ee4251028bd0891ef9e3fe53b9,b1b5faab08ffa791cf9c437650e44232,delivered,2018-03-05 12:29:59,2018-03-05 13:20:29,2018-03-07 19:18:55,2018-03-08 20:28:32,2018-03-15,dbe1af764dcabd00ec0e60e989c1a46e,2018-03-05
8a37cae0305cc1e69d6f5d0629719e9a,dba5c5d9224fbc1791410059bcd839c6,delivered,2018-04-11 13:33:04,2018-04-11 13:50:35,2018-04-12 22:08:45,2018-04-18 19:58:42,2018-05-14,e2dd3f430fbd6082c265b8d1909377b9,2018-04-11
ec1fa684ca945b6c0f063f43d4506e9c,8d5c6a9a33fee1d447875ce5b67fe43d,delivered,2018-06-02 19:28:06,2018-06-02 19:50:18,2018-06-04 13:34:00,2018-06-14 18:38:26,2018-07-20,1c17be9b50e8816082532bfe18e0cd8a,2018-06-02
6dfff5dc8b9368cf190410e804128695,eab5e0e258310f3454b56e95368ad183,delivered,2018-02-16 01:01:23,2018-02-17 03:47:56,2018-02-19 15:52:57,2018-03-13 00:29:47,2018-03-19,4e345c0225c3cf47f7331d211ab27a0e,2018-02-16
3fabb6abad830a556447ea8e809ae9b1,3338b065032f601234e8696a96ae03dd,delivered,2018-08-11 14:06:52,2018-08-11 14:24:23,2018-08-13 11:15:00,2018-08-21 12:59:41,2018-08-29,714730d7c3728ff66a78c4534e83f132,2018-08-11
23bd4c7d83fd48f908879d5a1aa32bf8,f5c1a4fafa3aafcc044513f848e82cee,delivered,2018-03-29 18:54:11,2018-03-29 19:08:17,2018-04-02 17:22:40,2018-04-27 20:48:40,2018-04-26,2cc63ed1634fbefdef65393d23c84fc2,2018-03-29
765bb3ceb5fc35d9d71f6807ce32426d,5829e40d511bf2a1536514019d77bfed,delivered,2018-02-15 22:43:41,2018-02-16 14:32:40,2018-02-21 02:00:04,2018-02-21 19:22:05,2018-03-01,6a3a03f3c7afeb25ce61700d914a841a,2018-02-15
fc8e80016b6a2c96e85ae7ebf6f33ae9,e8bae80b6c9c8ad014501172ca7c986e,delivered,2017-07-24 14:10:51,2017-07-24 14:25:11,2017-07-24 19:32:20,2017-07-31 22:04:45,2017-08-11,1b1899b30866142fcd415962fe36fabe,2017-07-24
0fd56515a590720800123e3d872a1a51,283d0eb4207a04813b9606c33832b7c7,delivered,2017-03-28 17:37:00,2017-03-29 17:45:10,2017-04-07 12:44:04,2017-04-12 09:14:10,2017-04-26,db98683c0f4cba7460c2685789c58c91,2017-03-28
8739e9af84732511bb0aa4d209952224,3c16096284287ba9de20ec8a264bc4e3,delivered,2017-06-18 16:19:10,2017-06-18 16:30:16,2017-06-19 20:37:46,2017-06-27 17:02:42,2017-07-11,2ebb5832820d8d25809f1ae3283491fd,2017-06-18
43736bccf6ffc94468ff0707c5daf8be,3cf4c1307b158a195d3b7914fe3dd139,delivered,2017-08-15 19:35:20,2017-08-15 22:05:33,2017-08-18 13:29:04,2017-08-21 23:10:02,2017-08-31,443587797c5b05546bb03e4e5bc0f3b3,2017-08-15
d71d788e16267fd619e7cbaaa86e966a,c125af60bd62644995ab41addb188add,delivered,2017-12-19 21:21:02,2017-12-21 02:12:02,2017-12-21 16:49:37,2018-01-06 15:58:47,2018-01-19,bf9b4ad360e8712188280690a00880cd,2017-12-19
a80fa61306ce8d33073362ede148e9ac,6441eb0c7137d32b8796372cda922818,delivered,2018-05-18 23:28:12,2018-05-18 23:53:42,2018-05-22 12:05:00,2018-06-05 21:18:59,2018-06-04,481060b29de0e9b3d7f4b2991cfb0767,2018-05-18
07d731b81475104eea3237055f7c0c39,49af477f51eb0910db1d2c9cf8301ea5,delivered,2017-11-26 12:03:44,2017-11-28 03:31:27,2017-12-01 21:56:41,2018-01-03 21:56:50,2017-12-19,e3ad4e23b9a9ea0760eca68158b6ebc2,2017-11-26
dd563e7a7841c760917e0cf6aee3740d,c98a33e7863890a9d65db5297db8d542,delivered,2018-03-13 19:31:12,2018-03-13 19:49:47,2018-03-14 22:46:22,2018-04-05 23:38:21,2018-04-06,80aaadac7773e596a55acf3a7518530e,2018-03-13
c6145367b8875991548124ffeb6d11d3,5cd3ba919ef4f8bd611fe4f2b4ba9f9e,delivered,2018-05-08 17:54:09,2018-05-08 18:14:26,2018-05-09 14:22:00,2018-05-18 14:22:18,2018-06-18,7836f08f708ea6b6c44204ea95a1e4b0,2018-05-08
74b1e5115fb6a89e2e7401e1bcf6fe59,fa84d009769a2e52b38a122fb532de71,delivered,2018-05-31 23:41:58,2018-05-31 23:55:13,2018-06-05 14:01:00,2018-06-12 19:07:50,2018-07-12,55d679620ef456d2798cb896be4fc76c,2018-05-31
88533cdc749b41efefe8dac52721572a,38f15cd67a5309b8e16cc2c5c9d09121,delivered,2018-03-15 14:44:52,2018-03-16 03:45:27,2018-03-16 19:28:44,2018-04-30 19:06:48,2018-04-19,6fb89b1fac60d1740ac215214e5edaa0,2018-03-15
bff91283b9a8721d0491825a37e59d89,3008ef16956251f42daab39f8e3a87af,delivered,2018-03-06 09:57:20,2018-03-06 10:10:26,2018-03-06 22:54:41,2018-03-24 00:32:15,2018-04-02,3e309610ac2bde864374c18e8d8fe8f8,2018-03-06
4a16403a2f6d6324c545f6b70581c2c9,6a2ccd604a2ab71df8ed90f9eae7390c,delivered,2018-01-11 09:22:41,2018-01-13 04:55:06,2018-01-19 21:42:15,2018-01-31 00:38:09,2018-02-01,3832efdd7e69e23b2edef317d96539bc,2018-01-11
4845232ae57f7a4425c4a12adfa8cd06,ea5a9cfca9c32849e101542a93f28fec,delivered,2017-11-27 11:09:04,2017-11-27 11:35:26,2017-12-06 21:22:27,2017-12-18 21:38:56,2017-12-26,5a87cdfb4b05852cbb63bce4ee13636c,2017-11-27
501fa503297c10bde871ab325df28a23,8428f774d6ce7cd3dc2eb43f2c7a461e,delivered,2017-05-08 17:26:08,2017-05-09 16:22:05,2017-05-10 14:36:57,2017-05-11 11:04:16,2017-05-29,db8b0735297a8a3535ff6dd8262a5de7,2017-05-08
aaf89e8d7cbbf9a40432e9e1a9c880c8,436ed42873ae3e3fd1bc58187e3a72d8,delivered,2018-06-22 19:40:27,2018-06-22 19:57:34,2018-06-28 14:06:00,2018-07-05 16:18:46,2018-07-19,bf282d90b011475bd694494915be712e,2018-06-22
bb20431838257fa1e72436dde825b775,34370e8e880fc8e2110cc419e0b6f5d7,delivered,2017-09-23 13:31:38,2017-09-24 07:46:15,2017-09-25 19:32:45,2017-09-26 18:32:28,2017-10-10,b41415e114d6e6b8b832499bac1b1ad9,2017-09-23
5c0e380378173f527a28ef4ee84cd65f,3f94bcd8f02a112df65eb3f1957f1d75,delivered,2017-06-07 07:58:09,2017-06-07 08:10:13,2017-06-13 08:16:38,2017-06-28 12:32:01,2017-07-10,b9ef25bf13fcd0d6955dd138bd5d0990,2017-06-07
df5f436b9325e3e1716be74b6c5ce828,d23b9cf616bbf50601b8c00f9e390142,delivered,2017-10-05 16:03:35,2017-10-05 16:14:26,2017-10-06 20:36:11,2017-10-16 22:53:36,2017-10-30,5b63c1c49d44b7ae4978726dd557dde9,2017-10-05
8ee92e454fa78d4960e68a1520891e9d,e31e1e25783468eb55c5e81cbb4bce0b,delivered,2018-01-24 21:32:26,2018-01-24 21:56:44,2018-01-29 17:47:35,2018-01-31 23:12:07,2018-02-09,cf81f79e7d4c75a3f4ee67cb7995ea11,2018-01-24
1028f2778958e0ab0d9da92e14de14d1,687dbd86d1a4c0dbe89918c62ddb1387,delivered,2018-01-15 16:50:56,2018-01-15 16:58:24,2018-01-16 21:19:13,2018-02-15 19:04:07,2018-02-08,cb902e7df3addaf0a15a6ee5d9357a3d,2018-01-15
5e114d8e3840661abc3d9c4820f427b3,b7bf7024fbd5f37207415a82f73d70e6,delivered,2018-04-26 18:01:20,2018-04-26 18:15:09,2018-04-30 07:37:00,2018-05-04 18:19:56,2018-05-17,16fa21bb47836bc052c05c338032359f,2018-04-26
51a4d80c45232e938d7504001271af64,dafdad1b3be4401d27d372226043843f,delivered,2017-12-03 16:28:56,2017-12-03 16:36:22,2017-12-04 20:35:23,2017-12-13 18:50:00,2017-12-29,e25423188f57d62754768e9e4c65115d,2017-12-03
53b8913fe5c632a9aa10069a33aaceb0,ea2d195c0d7c95afc15093ee66bc518a,delivered,2017-11-09 21:46:25,2017-11-10 03:10:37,2017-11-16 22:39:29,2017-12-05 19:03:35,2017-11-30,8f9c0dc510c12654a35d2add7a6c5d34,2017-11-09
e2b92ef79481a683cdb098a9cb6195f4,d3129719f3163141d962102dc94f3d1f,delivered,2018-01-15 15:41:29,2018-01-15 15:52:30,2018-01-16 19:08:43,2018-01-22 20:21:03,2018-02-09,e95f374ce00e2495c1c84aac429610d6,2018-01-15
92af9bafd80bcd2636471ac01bc77f60,240a8b56938c17a84ffdbc98516c9468,delivered,2018-06-03 15:44:38,2018-06-03 15:55:14,2018-06-06 13:43:00,2018-06-10 17:08:27,2018-07-05,564f521732e1fbf5424fa01f0a5d41ff,2018-06-03
8263c0100d43d23c390ca0c972e63b25,bc4d026da89c7219af0e37f31d6b1ea9,delivered,2017-11-09 23:46:32,2017-11-10 00:47:45,2017-11-10 19:09:59,2017-11-21 20:13:15,2017-12-06,f35f8afa21f524f1501bd096a6c6961f,2017-11-09
eb91c7ed6338d0cbeb9c25bdf152de4f,a42621f6a9708043c1057996263b71d6,delivered,2017-07-23 18:02:21,2017-07-25 03:45:29,2017-07-26 10:49:51,2017-07-27 18:13:31,2017-08-11,d056e36c3b8bfbf4d6c50d79e4b7c7f3,2017-07-23
e412969c1f2644860cf80035bffa2b5e,acaaece174d16f34c228f574951d3d36,delivered,2017-10-21 20:08:21,2017-10-21 20:25:48,2017-10-24 17:50:43,2017-11-03 16:41:47,2017-11-13,6f1eb4c37c00902b79f44527dfff1bb5,2017-10-21
f99f378d18912c456349267972a22691,8c0ebc83c2e972b8353e62317145867b,delivered,2018-05-09 23:58:28,2018-05-10 00:14:21,2018-05-10 11:25:00,2018-05-16 14:29:01,2018-06-01,e6a842f26a52b4012fa34ab9048e2fb5,2018-05-09
db2591092d4d4eefdacc5957508a3af3,368ef47600586c4e34622f08d6ef08a7,delivered,2018-07-19 20:57:35,2018-07-19 21:10:16,2018-07-23 12:36:00,2018-07-24 17:46:52,2018-07-27,e67af8925065dd06c328c843eecf1328,2018-07-19
7e77eb1830c5ca91d26012b8e0fed483,d4a482cbaeecc8d8bf7c2e5d38fc5898,delivered,2017-12-15 11:24:06,2017-12-16 02:51:45,2017-12-19 20:04:31,2018-01-11 19:04:24,2018-01-11,dc1ebb3411fb6921b469b113b93ff80c,2017-12-15
0807e3831ca17d1d980903674c61d019,0e24c21be3703d83ec0cccc0a4128d03,delivered,2018-05-30 19:55:32,2018-05-30 20:14:37,2018-06-07 14:50:00,2018-06-08 17:36:38,2018-06-25,c9029d82198cdb73c48cb62dc4b37b67,2018-05-30
8e86d037d2ec7854bba6284003d84672,16593d8c9e05fcd602effad7a631101a,delivered,2017-06-28 22:07:22,2017-06-29 06:43:51,2017-06-30 15:56:30,2017-07-11 14:02:53,2017-07-28,0aab93bf32adf16dfe1ee0fe02b85675,2017-06-28
d8ef09348b56313fe0bed98e79378ea2,19c258f4f29f4a220bf753969d8e72de,delivered,2018-02-13 23:13:50,2018-02-15 04:11:23,2018-02-20 18:17:06,2018-03-14 18:41:43,2018-03-07,a2681e61ce4cd09c84e028a4963812da,2018-02-13
8366bc5a7f299fe8b982e7e3e4aada34,0c069b7f921d428000da0ab8b26b629d,delivered,2017-07-22 18:11:30,2017-07-24 15:15:19,2017-07-25 22:41:41,2017-08-07 18:35:56,2017-08-24,86c56da9eed3fa930aad2444f1232a06,2017-07-22
d78332a90347977084cb14932f97ba95,d7f6cbf809ad881f0c9e47c7b1b466cd,delivered,2017-11-16 21:22:57,2017-11-16 21:35:30,2017-11-17 16:28:53,2017-11-29 19:12:57,2017-12-05,eaf8b1aa185199a62be13fe370e82ad1,2017-11-16
818887518017b2f4fee789ce35090bec,14d5fb1a68df603dfdf3cf4d7b75306f,delivered,2017-06-01 10:48:48,2017-06-01 11:03:16,2017-06-26 13:28:56,2017-07-03 15:47:36,2017-07-12,c130bf40aa6d3bdb444b04a8d78adf5a,2017-06-01
bb004371887666040d4ca5e0b002bd08,3332198d8f0107505a5d724f6bf20c9d,delivered,2018-03-21 22:34:35,2018-03-21 22:50:24,2018-03-26 22:38:56,2018-04-04 22:12:54,2018-04-10,220eab5a5583419cbe92c023d67eb382,2018-03-21
6d76568d08aee5f1128bd0fb92071349,6311aafaf7186f5608e95b78e7f7a7ba,delivered,2018-03-31 08:37:18,2018-03-31 08:50:15,2018-04-19 01:21:22,2018-04-19 17:51:09,2018-04-26,d71c3f7cd026b2df577188d0a806a6d0,2018-03-31
827440c00ada8331c87737e4c4fbcd2e,bc0c0aa08ab385899161812b5afe630c,delivered,2018-04-23 22:20:20,2018-04-24 22:15:11,2018-04-25 14:33:00,2018-04-30 22:12:54,2018-05-10,b1d9f81b023fd5b77dd2c7ba691ad2ef,2018-04-23
0e6cacd64f68d4bc8b0cd488367ac297,dade98c46f47b797913babfbda567f24,delivered,2017-12-03 22:53:14,2017-12-03 23:30:58,2017-12-04 18:12:19,2017-12-13 01:13:03,2018-01-02,e1b59a2032b34097d0c1c8d320f40832,2017-12-03
374fcc5350e3372ce0d7cab981d7de90,8b5a55f1ca276fe752917ce68a971407,delivered,2018-04-23 10:53:41,2018-04-24 18:34:56,2018-04-24 00:14:49,2018-05-02 17:44:27,2018-05-21,16a23480d3c92eb40e134844d52aa63e,2018-04-23
9d586d139683c3c3f1d1f3f94ff24ec1,e25b66d47c973a4f01ff072edafc907b,delivered,2017-09-20 11:42:55,2017-09-20 11:55:16,2017-09-20 22:46:14,2017-09-29 17:00:13,2017-10-18,605b40d35e7f2d42bc4c81765374cc6a,2017-09-20
1e1003e2b7b4e699106ba079128f429a,0599ec2b8c99941483dfb9ae2e8e3b5b,delivered,2018-02-28 21:44:40,2018-02-28 21:55:26,2018-03-02 21:42:41,2018-03-23 15:49:43,2018-03-27,ca4f8919171814b7300040d583411a11,2018-02-28
f30c0d72637900696232641e612e3220,f7676a8b1b9377d36b7e7699afcb8bc0,delivered,2017-04-05 10:27:07,2017-04-06 10:42:25,2017-04-11 13:41:35,2017-04-17 10:42:26,2017-04-26,2f6917bcb5f9a60c2f7aa22740393cf9,2017-04-05
833915009f90346b046a4f6cc9df0497,360049d2896a80d7e24f60c1deb01ebb,delivered,2017-06-25 18:37:18,2017-06-25 18:50:14,2017-06-26 18:47:54,2017-07-06 12:09:45,2017-07-21,3f6a946ec3ed53c151d8b1eb1cb0336a,2017-06-25
ba1ffea739c021afe21346cf0cc9264b,2b832cd4b84a4df8934118d2d0c3dabc,delivered,2017-10-18 10:51:05,2017-10-19 07:35:32,2017-10-19 20:39:48,2017-10-24 19:22:40,2017-11-06,c455af0b11af006ce8f31ba25adc2271,2017-10-18
a244dfc2d80e0857a17cfd3b58ee9321,78271239f7403a3148b202c9f1b26036,delivered,2018-06-12 17:38:40,2018-06-13 17:39:28,2018-06-15 15:45:00,2018-07-12 20:38:39,2018-07-11,20a3c1e0136c34a8768e56e31d9b13da,2018-06-12
c8c7f84df4c4b48520089a0dfe754202,0678d657154ec23a58e4164c46cd3640,delivered,2018-03-21 10:53:14,2018-03-21 11:09:03,2018-03-22 00:21:53,2018-03-22 16:32:16,2018-04-03,bfa6911e057405458ba98685a417ffab,2018-03-21
35f4c21fc613b36a1a2e893f424280bc,0743ea62d3ce82636779604483a23f9c,delivered,2017-03-14 11:20:16,2017-03-14 11:20:16,2017-03-24 10:04:57,2017-03-28 11:58:11,2017-04-04,22617b8dd0df998212a6638a97a476a9,2017-03-14
c73a56b991707be0c940896c7b7dd98c,59aa326c54df5e8a6d4d66d3ac319127,delivered,2017-05-04 13:48:12,2017-05-06 02:25:09,2017-05-09 16:19:45,2017-05-17 10:28:03,2017-06-02,f8628a4efe561643a0bed9b9e87864af,2017-05-04
cfa2b603d428bb936f63a21c3f2b99a9,7fcd6b7b791146f4809358b38920a6ee,delivered,2017-11-02 17:23:21,2017-11-02 17:35:28,2017-11-07 19:46:52,2017-11-10 21:44:33,2017-11-23,e3e71c3b7aa717572a4c6f4cb48fe71d,2017-11-02
7c7a36eb998ff964a38dcca485c7bb24,774c54ab7b502925eb6d1afd0c68c6ba,delivered,2018-06-21 12:43:37,2018-06-21 21:36:29,2018-06-22 15:16:00,2018-06-26 15:38:53,2018-07-19,3d8f63e51c1f45ef00bdc81d965b6f37,2018-06-21
4d75d08bc683f9d7e7bb230a401a2165,e79b5d781ba41620987594b6efefa45f,delivered,2017-11-17 23:05:59,2017-11-21 03:53:21,2017-11-22 21:03:28,2017-11-28 21:53:03,2017-12-07,742360b6a7ab7b719b091f24c03bc2ce,2017-11-17
ce1d8e2734844f085e379ebe4c653994,76b08b441e3d13c09ff7b38512943aa0,delivered,2018-03-16 09:22:16,2018-03-16 09:42:47,2018-03-16 20:02:51,2018-04-21 00:52:24,2018-04-19,210efb065b195418d0b604e122f5da9c,2018-03-16
73550eb25b684cc23adaf231e49609d0,a9e26da0b2909a6273acbe43e4b6af99,delivered,2018-06-13 18:50:41,2018-06-13 19:21:46,2018-06-14 14:30:00,2018-06-18 19:32:45,2018-07-03,cfe9150bbca5290c731195fb63196623,2018-06-13
b45e33527c11959b80ea6d7c471a34cf,b0bb9bbd58b0d9380fcfda42355e4089,delivered,2018-06-26 13:21:07,2018-06-26 13:37:27,2018-06-26 15:03:00,2018-07-02 15:56:51,2018-07-27,3129ff2f82dff6e27510f8169e40ea2d,2018-06-26
45755149572c323be55506b108bcdbf9,332075f1afb4ca1099819b4379bd2e8d,delivered,2018-07-31 16:35:46,2018-07-31 17:24:21,2018-08-01 13:47:00,2018-08-06 19:50:55,2018-08-13,791f2253e254ec795277b1effec927c6,2018-07-31
e552cc00ce34ace475b05e3dcc85129f,833038eb50e5c4123e32d4db0946f7aa,delivered,2017-11-27 17:30:17,2017-11-27 17:39:32,2017-12-01 18:13:44,2017-12-27 21:12:33,2017-12-27,bd52d7329e724f1496e265f10d0f407f,2017-11-27
bd5232c968db4fe262e6df58cd3b5e86,fda185b008fefd2163ccfcf0d1d116b7,delivered,2017-11-15 22:46:07,2017-11-15 22:55:39,2017-11-16 17:25:05,2017-11-25 00:42:48,2017-11-29,de34b16117594161a6a89c50b289d35a,2017-11-15
f6c9fe3ff737f5568e352b5b2afcf112,b354952c4607431ab98d03af79f6d967,delivered,2018-08-23 19:28:09,2018-08-24 19:25:09,2018-08-27 14:46:00,2018-08-30 16:58:52,2018-09-18,cffca7ea4a5515acdeedabab22be8d38,2018-08-23
45046e1ecaba60bb78aab9cee0da08f5,78dbd9bbc19efcbc2dc802f2fcf30d9c,delivered,2018-02-24 21:51:40,2018-02-24 22:08:29,2018-02-27 19:26:30,2018-03-21 22:41:44,2018-03-19,2161aebe2d9d920cb9d7ae3c8aa39940,2018-02-24
bb27293f7b2e1c705bf345fd57ecd0dd,d4a19ca31d0808ee188fb0b6c27f96cd,delivered,2018-04-18 19:25:22,2018-04-18 19:35:12,2018-04-19 22:19:45,2018-04-26 20:36:26,2018-05-14,63912a9f793170cc216899d8b90a9c0b,2018-04-18
5b57f1611ce8186213ff0f850df43fc3,cd2b0b6fa9ebbfb21e1f95f5ec70db2d,delivered,2018-03-15 17:54:17,2018-03-15 18:09:46,2018-03-16 23:49:37,2018-03-28 17:51:56,2018-04-11,c04dccbb7aa2e6073045c4c85d4c3078,2018-03-15
de4127c6a206a16556d30c1fdeb8a9e7,06021ac4f1fd77a98585c3b7eefbb379,delivered,2017-04-09 15:03:02,2017-04-09 15:15:05,2017-04-11 14:06:47,2017-04-20 07:09:51,2017-05-11,9ff582cf8695a03e26caf77bb3cee96a,2017-04-09
38cafbf33f703cea7d7266c456a3fdf3,6a7aa1cff48701b0ece001860af2ef33,delivered,2018-02-21 13:26:13,2018-02-21 13:50:18,2018-02-22 16:04:44,2018-03-09 16:02:33,2018-03-14,62e953a8acf6b57f1c03e198cb2329cf,2018-02-21
71f28f100b9563aab8eeba751790d889,c237a4f892abb1f58237158e99be7611,delivered,2018-05-16 21:10:10,2018-05-16 21:35:56,2018-05-18 14:53:00,2018-05-25 23:46:20,2018-05-25,57c36350a705713d97444e8e4a3ba75e,2018-05-16
92bf30cf8f385d2a50d5532b07585a1c,9c1dc8547ae035651697c2a4666b4836,delivered,2017-06-24 17:22:45,2017-06-27 04:15:26,2017-06-27 08:01:24,2017-07-05 13:27:41,2017-07-18,27ab7b3eab2e63cf1516f522417bd6c6,2017-06-24
5b1b26d3f1b67defc956d8ae1d95d407,33017f6301984878b3e298594e609e81,delivered,2018-05-09 21:49:05,2018-05-09 22:14:22,2018-05-10 15:33:00,2018-05-24 18:06:39,2018-05-30,6bcad241f805d00dd573561ae6bfc8c6,2018-05-09
1fc5d622399fcd0bdb8d79644854448c,5ef9f4ad85f059d9eed644040b65fdee,delivered,2018-07-05 20:06:44,2018-07-05 20:31:52,2018-07-13 14:51:00,2018-07-20 17:12:10,2018-08-01,b9bce68a511955f11b0ac1ae7d436bd2,2018-07-05
92914b2daadca6d6a669a963ccc42c2d,c77563ea16ea98ab9e12a9c62d637bd8,delivered,2018-08-20 21:58:31,2018-08-20 22:10:23,2018-08-21 14:50:00,2018-08-22 23:42:47,2018-08-23,3d2ef5f086d6689fb4d917d3ce727fe7,2018-08-20
0e7f54fcc4ef51dfa161ca4d81a673ba,f27b8074a044417bf93a29e5dfb0f54b,delivered,2017-11-30 00:07:35,2017-11-30 00:18:26,2017-11-30 22:42:56,2017-12-18 20:28:49,2017-12-22,3143f2c10da2df38f987eb62ac9c7b53,2017-11-30
8d6f247153477b8878975aa0fbde4b5a,2394d012a2494af9af1071537d9b3278,delivered,2018-05-27 00:47:00,2018-05-27 01:11:06,2018-05-30 13:44:00,2018-06-05 01:11:35,2018-07-12,0ce32026ed1061a1e4d9c30976481325,2018-05-27
cc148d29bb66a4e22215c2c27cabef9e,fe1e86b748fa492c6a59edd0cd4b18db,delivered,2018-04-02 00:23:20,2018-04-02 01:09:38,2018-04-03 02:33:06,2018-04-12 14:18:28,2018-04-27,fe5b50581a1dcd4707df3fc10376329d,2018-04-02
f9caecc41dc2d3c623aa7b362611fdd2,2df9fc063bd388d8bd8a509ce6cbd7a3,delivered,2018-08-08 08:51:08,2018-08-08 09:05:17,2018-08-14 15:03:00,2018-08-18 00:46:32,2018-08-23,e6488d17c6c6331cdc09695741df024d,2018-08-08
b1bb317f7d7fdeefca25499d3e62cb48,baffd01d37d60eed6f4980ed9989b397,delivered,2017-03-25 18:02:37,2017-03-25 18:15:08,2017-03-28 19:05:34,2017-03-31 13:23:59,2017-04-20,a7a6d8b62390ec8014d5a46ee36644c4,2017-03-25
b795eb32cc08082ffd6f417bfc0686f5,6a4d18f8353e0a76b4bd557c48bd7ad3,delivered,2017-08-18 06:29:25,2017-08-19 13:35:07,2017-08-22 20:28:01,2017-09-05 22:53:37,2017-09-22,d2f9fdfb4e3b99ad3e7a41588bd942d2,2017-08-18
f8f5a64c41c130ac24bbdd4421d97f6f,07dc52724b55fe329c0f84c458f48505,delivered,2018-01-22 19:28:16,2018-01-22 19:38:22,2018-01-24 00:23:39,2018-01-30 19:16:19,2018-02-16,ba51a12e1c5dadd8f3807b3f57a9437f,2018-01-22
252d3b25e5ac9ad8f2b5f7624ed39f41,6d682f511e7be36a300a8ab20d1053c3,delivered,2018-03-05 16:58:13,2018-03-06 08:30:41,2018-03-06 19:59:07,2018-03-16 00:26:28,2018-04-16,7edd5a6626e4ef03e8549ddf93398b15,2018-03-05
08e5962f7b156426e52078f8504e9b9e,5a4b54cb9d4df46629f60281d0d001ef,delivered,2017-06-02 17:12:42,2017-06-02 17:25:07,2017-06-03 08:03:06,2017-06-17 10:12:17,2017-06-30,5e5cac364816ad08a35bde088db40268,2017-06-02
412d792bed01aa8c9d9bbc92e8e5e1ef,9cbbf92f4988d72292de43d3b2c613ef,shipped,2018-04-02 17:29:57,2018-04-02 17:49:16,2018-04-04 17:26:31,,2018-05-07,551e541ae4351dbd9f96875b089c2c1b,2018-04-02
5839a2f55ef25b35fe1f167612acf405,29595f742e9d97c97b688cbae3d8f175,delivered,2018-05-02 10:14:16,2018-05-02 10:34:17,2018-05-02 15:21:00,2018-05-03 23:11:44,2018-05-23,5318790a29a18ff4d5e7f64752b77a8d,2018-05-02
cadd4c5765abf658117f2cc7e2a639c2,939c6ecf27d8c32e7956b4a2a468326d,canceled,2018-08-10 21:20:04,2018-08-10 21:30:18,,,2018-08-24,fe362d146a84f9000664211ac929b9d5,2018-08-10
d1bcaad05390878b6dc5d858a720965d,d74acd32a7cf671f67842dd6db1f6460,delivered,2017-12-05 21:21:27,2017-12-07 03:14:06,2017-12-07 17:09:44,2017-12-21 13:44:43,2018-01-02,5f0288c251a436f852c72bcfba96ab21,2017-12-05
756c0f17f43e6ff72973bfcbf12b37ed,eaf693be16687cdaafc2b059b938efdd,delivered,2018-01-21 20:59:58,2018-01-22 13:59:10,2018-01-23 18:51:35,2018-01-25 21:35:36,2018-02-14,ab126864b391ef4fdf42ed349a82acdc,2018-01-21
4839cbb2ed51cf281dadeff495e39d6d,c5284669b32f3b2e20216a64681515f8,delivered,2018-05-02 15:38:02,2018-05-02 16:19:27,2018-05-03 11:59:00,2018-05-11 22:22:27,2018-05-25,dc2ff6c35495611dcad68f90fc9036f8,2018-05-02
e9583867c3868714af8937a417c1adc5,76438d399d73b678a7088f5eedd20478,delivered,2018-07-23 08:58:32,2018-07-23 14:31:34,2018-07-24 13:59:00,2018-07-31 21:34:34,2018-08-16,58b543fb88ff2dd1af70029acb7fedf9,2018-07-23
868c2bcb3623c43e2c25a0ebedbc3f12,2168d2d4dd69ec09a3693345212e5c05,delivered,2018-01-23 09:56:10,2018-01-23 10:20:12,2018-01-24 22:03:58,2018-01-31 23:35:51,2018-02-19,a6ae0bdbf5d4597db98f2f5fc9fd49b2,2018-01-23
132ab6f8e1c86c21b064ee8832129bb1,78d5661572968e9b17462be561afa42c,delivered,2018-08-17 16:53:48,2018-08-21 04:35:20,2018-08-22 08:07:00,2018-08-27 23:32:33,2018-09-12,904a6a8c41db7927d4bb241b306e539d,2018-08-17
5c76d1348426fdd99247825f50c45a2d,c4f1698f4fe9cb800d734f89e278a760,delivered,2018-08-01 21:27:12,2018-08-01 21:44:02,2018-08-03 12:50:00,2018-08-14 14:16:37,2018-09-12,d5f31c1c96b0bb8b7327b7990bb5464a,2018-08-01
c3ef338cafe4112c78da13998b641c56,ea9109262709843259a06d967b25ba10,delivered,2018-02-23 12:32:07,2018-02-23 12:55:40,2018-02-28 19:08:11,2018-03-06 23:22:21,2018-03-15,ff29c7185e468fcddffbbde2c668de2b,2018-02-23
87b314ae9dc134ce22cac9d7d3be2678,e3673d5b4a29bd3532b284fcf945c4de,delivered,2018-02-04 15:50:52,2018-02-04 16:09:43,2018-02-08 00:28:50,2018-02-09 13:15:07,2018-02-21,5b5cd61b458c8031542c032835901bdd,2018-02-04
db3fd10393c002f66ac4556352012620,b50566c96c677bac3d56b245a055adf6,delivered,2018-01-21 22:32:30,2018-01-22 14:03:09,2018-01-29 18:14:36,2018-01-31 13:57:01,2018-02-06,76fca38ece69dfda0d52f1043a5a9a23,2018-01-21
7d39dfbe41d0fcf4a1bf8a09cfd50a31,7535ae0b4ff238e6aa4492565c3b5e98,delivered,2017-09-29 09:48:18,2017-09-29 10:04:14,2017-09-29 16:43:39,2017-10-09 22:38:17,2017-10-30,0a5df23b922b9998bb7378f1ac03c98a,2017-09-29
1c237d047b076fa847dacdb1d5921a47,b1490f84c4f471b21a23e59d56a17d8a,delivered,2018-05-13 22:25:31,2018-05-14 22:37:35,2018-05-17 15:06:00,2018-06-05 14:17:56,2018-06-07,413217b7e5821c7a83eb60dc03a09045,2018-05-13
1577a74e526c643276397c8e3069b37a,226b860a6fe1971bfbf3b36a7c54e4ce,delivered,2018-08-20 22:18:00,2018-08-20 22:30:13,2018-08-21 14:15:00,2018-08-28 17:36:48,2018-09-14,78bef0347251a744f11157bb3cf07471,2018-08-20
b12634fbd8b98d3805320cca29dbdc9f,c06a227883de6f65aece7cea8c17f190,delivered,2018-08-13 00:14:10,2018-08-13 00:26:37,2018-08-14 14:01:00,2018-08-16 20:48:28,2018-08-28,419bfb14302648d06e8786d945bdf203,2018-08-13
674507ad1e2b89ca471e872c4e8ef113,2d1463ad7008ad1ba1f334a900de13be,delivered,2017-08-24 21:26:52,2017-08-24 21:44:14,2017-08-28 18:13:46,2017-09-04 21:13:06,2017-09-18,0333b2fc6ba7014702e08ef613850270,2017-08-24
360b6094e5355f969c2a33624292867e,0fba33b27b39bc65c41c41c9b4048455,delivered,2018-05-16 18:47:04,2018-05-16 19:14:07,2018-05-23 13:46:00,2018-06-05 17:02:55,2018-06-12,1c91783c053fa087ebeb04cee81e8942,2018-05-16
e5978d4286e00083d3b022a3a7bdf137,d8d3d674f43c5560421fbc2c2aaa06f9,delivered,2018-04-09 12:57:04,2018-04-09 13:10:50,2018-04-11 18:21:34,2018-04-23 15:44:52,2018-05-04,59d6f9df72919eef1dbee2072d7bd572,2018-04-09
849bc872dde848fe9c7f2748390f31c8,6cdb61a096cb828cac0bc91380a2362c,delivered,2018-03-01 12:02:48,2018-03-01 12:15:34,2018-03-02 21:39:45,2018-03-12 23:42:21,2018-03-19,d3147419ec94a159d6dca192bec3fc53,2018-03-01
64a1e97cc0f745594490ea6b38f6a7fd,2806ab532d0c19b43f4531225060906a,delivered,2017-06-22 20:08:45,2017-06-23 20:15:36,2017-06-26 14:56:41,2017-07-03 12:54:43,2017-07-14,d2706b3165d8ef2d5c4f4870740330e7,2017-06-22
74b4e28e0e0a0715ca63940014536bb7,9733e9fce3789a3aa04dc63e1153f8b6,delivered,2018-01-26 01:01:58,2018-01-26 01:13:41,2018-01-26 18:29:18,2018-02-06 22:22:02,2018-02-26,404d8f4801d857e0ac94751b9c8d3238,2018-01-26
609fe250465553b45a01fc8de7109383,0ad37f50dbe78d9c1292f4ab3217dea5,delivered,2018-06-12 19:02:06,2018-06-13 02:36:40,2018-06-13 07:33:00,2018-06-14 22:08:10,2018-06-21,9577832effc61fd2df9e05cac75f04de,2018-06-12
f3e9704a02860f7bb02454336cd57834,afcecfc07b494b0a0cb85728dd093df9,delivered,2018-04-19 10:06:29,2018-04-19 10:34:22,2018-04-20 20:42:32,2018-04-24 19:09:47,2018-05-03,3887aff2a464766b7fb0ad38f0652dea,2018-04-19
8a796adc727ce2def3b4d4f222e30ce6,b1f4f4e81ad76c9d2da73a73a8cef3f6,delivered,2017-08-09 16:06:07,2017-08-09 16:23:40,2017-08-10 21:42:04,2017-08-11 15:22:06,2017-08-29,4a5291179ae8f9eabd570ac00bffb742,2017-08-09
652436e8f3a1ba0f1eb9798fedb75426,2b4b2c2223ceca2593a554d15f3f731e,delivered,2018-01-03 09:56:14,2018-01-03 10:06:34,2018-01-09 18:49:19,2018-01-22 19:38:05,2018-01-30,19b3f79ce298007c45ea4588ee2afd6a,2018-01-03
3361322f379261e1ef7aa6e8e86c18dd,f4cdb4b57e2493aba25a939692923d63,delivered,2018-04-09 18:50:21,2018-04-11 05:50:45,2018-04-11 18:49:22,2018-04-20 18:23:33,2018-05-10,2943dcc45c44bdaed3264d350d13ca20,2018-04-09
c036e48c4fbf6d2e625518af7ff23b5d,9466463926deb31a27a228bf57ed8889,delivered,2018-05-04 13:31:43,2018-05-04 18:16:15,2018-05-07 14:18:00,2018-05-11 17:13:10,2018-06-04,6f906d39e0edb923fd2c59f9363a5dff,2018-05-04
2d26f440845a3b31ac584864e2d1a82e,9e67b6474f7e8370b6340375aefe9692,delivered,2017-07-03 09:28:22,2017-07-05 02:55:20,2017-07-05 16:19:39,2017-07-10 18:43:43,2017-07-25,8c2cf5d0097a91733aef2b1e98a1983f,2017-07-03
5f3ce710839dcf62389d5187ece2d4e8,d59ce90b80e83bccfbb9e9467b87ede5,delivered,2018-07-25 10:40:38,2018-07-26 03:10:17,2018-07-26 14:41:00,2018-07-28 01:12:37,2018-08-03,4d46468a975352fcca7ab6e1d828fea8,2018-07-25
d76473e476b8f58cf984cd8208c9a987,8a177e6f31f93315bbd72a15fbffc5e5,delivered,2017-09-10 16:35:40,2017-09-12 04:23:55,2017-09-13 12:57:43,2017-09-18 20:14:05,2017-09-27,d308bb317027c30e3f32b7c9471a3fe0,2017-09-10
8030ea400239674937d96cff6bf0c321,fd49e9ce1d624c2b1dab02c05ae03838,delivered,2018-01-11 18:24:34,2018-01-11 18:33:43,2018-01-17 21:07:11,2018-02-08 17:57:41,2018-02-14,9f872ec70ea057ea42d0bc6481e47e53,2018-01-11
752df1d3d4248c9dc8cca21cd6b42675,e67f669e175f3572055f89dfb87d7c8d,delivered,2018-03-12 17:42:36,2018-03-12 18:09:36,2018-03-14 19:46:22,2018-04-02 23:58:52,2018-04-05,67e747b902c2d5c2e5a266b00d965145,2018-03-12
b0e0bf79d71fa84a382583eb2a57b978,73e2839af8f94a849650a03aa0f61672,delivered,2017-09-16 22:37:39,2017-09-17 01:10:10,2017-09-18 18:09:50,2017-09-27 21:37:59,2017-10-11,a568272296f24447991f33f62d7a7f0e,2017-09-16
0072847849eafe70995fa51a714c81ac,727dc68f327d34b77009f5d3da5250d9,delivered,2018-05-14 13:44:52,2018-05-15 04:52:44,2018-05-17 10:45:00,2018-05-22 22:23:37,2018-05-29,bb7422969f2b502894c5b02697ba986d,2018-05-14
996205a42aa5c733caed84046b376508,ab5e1a024592e5a0a1cb60c2d26079f6,delivered,2017-06-14 14:43:07,2017-06-15 06:42:51,2017-06-16 15:29:12,2017-06-22 18:34:39,2017-07-05,8807f164ba3973e38aaee77dbe9ed0d4,2017-06-14
b8125d4b9b962404025be64a098d0124,ae073273f107a1dac78d8827d9a83c1a,delivered,2017-12-06 17:49:36,2017-12-08 02:37:29,2017-12-08 20:28:33,2018-01-04 17:17:35,2018-01-10,636f7b883805db5bba8290bc027ce8cc,2017-12-06
e23ca832ba25d2d20b0ebacdfe401989,320820724a43fe701ae97500b3760a81,shipped,2018-01-24 14:17:10,2018-01-24 15:16:07,2018-01-25 20:15:08,,2018-02-23,ec47d45e77a677962e787aeb85e648b5,2018-01-24
75b6094b344868fa3b2cd9cdd9fe9ff6,0d2dc601197003690886eb7c6d5c5067,delivered,2018-03-06 21:31:55,2018-03-08 02:15:32,2018-03-13 19:05:02,2018-04-02 15:37:41,2018-03-29,97d61292cc16e9d8ca260597a89bd70a,2018-03-06
433c1d6f7fd7b4f0fda2d4ebfa84036e,aa12606424f4f403f0888463eac51a04,delivered,2018-02-28 12:19:46,2018-02-28 12:48:36,2018-03-05 12:33:28,2018-03-15 02:58:32,2018-03-19,6e6aa6f3b81188e04c900de2e6a5007d,2018-02-28
7d38d0b8ab96504f2f2058ac3f01710f,16b1ae6ede88a77e625443ab2ae0da09,delivered,2018-07-06 20:27:56,2018-07-06 20:50:56,2018-07-10 11:30:00,2018-07-14 14:12:34,2018-08-09,2f5363def350b4982ad15a60b8f43202,2018-07-06
a979479c1af57af858b45dfd2d67ee04,072fd8216633baba841520c47e686b04,delivered,2017-05-07 13:05:14,2017-05-07 13:15:18,2017-05-12 11:50:00,2017-05-23 11:34:53,2017-05-31,ac64c33e439eba6713e1743e070ef50e,2017-05-07
ddc57d09a9d61d33de3fb2ddf173f31f,2a6d5a478175621ed3c2c16c8e6a9e44,delivered,2017-10-18 07:50:29,2017-10-18 08:05:39,2017-10-20 22:14:31,2017-10-31 18:23:52,2017-11-14,a032b14f64dfc9e335cb3ccc402b0507,2017-10-18
2ce188fdc7fb58e72c2adeedc6419827,e5ad7771f118319b46602d7cf60a7184,delivered,2018-04-02 19:37:10,2018-04-02 19:48:17,2018-04-04 17:51:01,2018-05-04 14:19:53,2018-04-30,60fb616bb45ff65e4c9485500d612a1b,2018-04-02
cdf3be569e5ffb3e78f84d92c20336a7,35e298c87eda487ae60b5d6e1b34e4ee,delivered,2018-07-23 22:33:50,2018-07-25 02:44:26,2018-07-25 14:54:00,2018-07-26 15:41:46,2018-07-31,91c8aa24bb4b5629d27b66a2dff9ff10,2018-07-23
93c8584e09f563c471ff61f202243841,bbbc48c0ead42813a23aaa6904d47df1,delivered,2018-01-20 21:23:19,2018-01-20 21:41:17,2018-01-26 19:22:45,2018-02-28 14:04:47,2018-02-19,22a8d8ed57d5c63a89f4b560fce4a4b6,2018-01-20
d0d17a407c7f31de95587389db1cad3d,9226251eb510cad129afb79ef23e4ca0,delivered,2018-02-09 18:08:32,2018-02-16 08:20:24,2018-02-21 18:47:32,2018-03-01 22:05:08,2018-03-15,758a69659d40f1aa72a925148e9b6762,2018-02-09
2fe2b3f315aee60c3f8f15af8d3e0ab6,e5dc189e17c8e7a8830dcde5a05e5a7a,delivered,2018-06-04 20:47:59,2018-06-04 21:12:34,2018-06-05 09:05:00,2018-06-13 17:52:57,2018-07-17,ab93d7d728d1dfe693c9b5d38f7334d4,2018-06-04
20e4793779b086b53af56a8ea4b94f71,427a0da943989d4f9160080ec47d727d,delivered,2018-07-26 16:37:10,2018-07-27 02:24:07,2018-07-31 10:41:00,2018-08-02 19:11:45,2018-08-14,57cce8aaddd9bf6acc0d54ffdd68a0ac,2018-07-26
e93561a5404a0ecc64f56eed482e05b1,10c155b954e1a9bb97996ba6d87175b6,delivered,2017-12-27 19:22:15,2017-12-27 19:29:32,2017-12-28 17:02:51,2017-12-29 12:26:17,2018-01-16,3dad96d340e339f8730b01c9b679fa35,2017-12-27
4365613066af1c4cbe81160706a082f4,ab880a095ff46e861877d7b3dbac4e40,delivered,2017-11-15 11:28:58,2017-11-15 11:46:35,2017-11-17 12:38:59,2017-11-29 02:32:51,2017-12-08,14174936391c072a504c204d1ffb0f8c,2017-11-15
c6f52d94c1f44ee12e0fecf4b347bdc6,16945739bbf3e4f5c2ab429606de8267,delivered,2017-11-05 14:13:02,2017-11-06 15:31:06,2017-11-07 18:18:55,2017-12-08 17:46:47,2017-11-27,d78c12d22bb74c07f4a55c5c3a76b39d,2017-11-05
9ed3fcbe70866599d450a2a00492f7e7,7e4d1afd1fec265867e64498ae218c8d,delivered,2017-11-21 14:38:18,2017-11-23 02:56:24,2017-11-23 20:12:02,2017-12-11 18:53:21,2017-12-15,a1edcb10815f406ded1350fa047c7a0d,2017-11-21
40f6e7101c9bdc9aa16832f25ee7ee2c,6244beabb7ede1ed41989186f653af57,delivered,2018-05-13 18:46:18,2018-05-13 19:12:29,2018-05-14 14:24:00,2018-05-17 19:28:54,2018-05-28,8de8da511de38abcba9b0ef8e8d3c94c,2018-05-13
8bb932f44e796fe5ea0bb0707157461b,8daf98257fcecfb8357d9f64011b654c,delivered,2017-07-31 19:18:42,2017-07-31 19:30:21,2017-08-02 01:31:34,2017-08-07 21:15:30,2017-08-22,65fa0f49b0dc94ffcba412b2b11336d0,2017-07-31
e9781329bbd9648bc8c210acc30c130c,e9137323c426e06652900161e3b0a105,delivered,2017-03-27 21:44:45,2017-03-28 03:51:27,2017-03-28 18:54:43,2017-04-17 12:24:30,2017-05-03,185f17e202f433ac9dfd82eb917f855a,2017-03-27
753ee7a9d729f6973ec8d4ceda33b77c,5d36915c45e0477d64947da4f88ef7ba,delivered,2018-04-16 16:45:38,2018-04-18 03:52:06,2018-04-18 20:46:27,2018-05-15 21:44:49,2018-05-14,1db563d683954f492d7898c99e5e215d,2018-04-16
6aefae2f6010e130e87f27ff4ed31a8d,7de20d53b87c404f4b3bb9f1e69618bc,shipped,2017-12-01 14:38:00,2017-12-01 14:49:44,2017-12-05 20:48:41,,2017-12-28,69f2934ad8b50cc05587a94cc7d68fc9,2017-12-01
23e328eaf02d129b3928e8012ffe85fc,8cbec74069338f4a6de35baec1987246,delivered,2017-08-28 15:22:35,2017-08-28 15:30:18,2017-08-29 17:48:03,2017-08-30 17:37:29,2017-09-08,6940e424e41600ef36c79b6d8b4a2ecd,2017-08-28
8b8ee8d115e160bfafaf37cd37a37010,f7b60e9670d04d37bf3c9762987895ec,delivered,2018-04-09 20:12:23,2018-04-10 03:50:26,2018-04-10 19:59:44,2018-04-18 19:48:37,2018-04-26,6ea990590352acaaac9cec513447359d,2018-04-09
577b75217094b43a3e032b217d67f70f,1f68ee73eef4d1f5d6f533099725036d,delivered,2018-04-08 12:28:53,2018-04-08 12:35:20,2018-04-10 20:15:44,2018-04-13 21:40:36,2018-04-30,a8b2f3083abb2ff207e898eb1886c7dd,2018-04-08
d2ccdd8d747d4abf9c77b65728010ca8,a607a40578d475dd721c368a45726422,delivered,2018-05-19 12:53:28,2018-05-19 13:11:24,2018-05-22 15:26:00,2018-06-02 18:23:23,2018-05-29,1fe7ae92af636ff146a72d3e794c72d1,2018-05-19
c0b7fa0a374f7d9ed01d813a0aa67f71,3c5aa91b09e66fd7095a2bfd7a3181f5,delivered,2018-01-24 23:41:21,2018-01-24 23:55:04,2018-01-25 15:32:51,2018-02-09 12:41:46,2018-03-22,4d800b032955ff2dd5f996ef71fd0358,2018-01-24
afdf5d11a1c37549e30f85db6b752347,7d5fa37fd94e38cbbfb67d2296a09a10,delivered,2017-05-19 20:55:36,2017-05-19 21:05:14,2017-05-22 10:06:07,2017-05-25 14:19:41,2017-06-08,528ccc4c5e065040405898258ec5d69d,2017-05-19
c7a60c45b05ec8fa2477a5291f1e8220,b0e3cb6a4f179d4ac6adc91841a16b9e,delivered,2018-03-20 10:24:43,2018-03-20 11:31:03,2018-03-21 18:48:46,2018-03-23 23:38:41,2018-04-02,7abad1d4c0e8640412e8d2073741aa50,2018-03-20
83fb83d45702e06d5d5ddbcfd0b8d2a0,25d32598e801258a7a8ade492cf3a836,processing,2018-04-30 19:08:15,2018-05-01 02:36:53,,,2018-06-06,635a8b0dcf906d60e2989f48140028ac,2018-04-30
0c2bc0e5935dcca29a9e0cc2e5236a13,b6615ef3680b677d2459723631d7cd3c,canceled,2017-11-09 12:11:56,2017-11-09 12:31:22,,,2017-12-01,585368798753fb4f57e8510b5ba471dd,2017-11-09
5b5d782bca63dbe7af94679f334e3b6a,9a1828943a13d0be0a84faf9c01fc5fd,delivered,2017-11-23 11:19:31,2017-11-24 22:32:26,2017-11-27 14:44:58,2017-12-04 19:07:27,2017-12-15,63d034bc32d0d96dfb982402a5f1f439,2017-11-23
165d95b7e2ca35a58dfbaf646cd14d81,0bee63015f7900ba02c9b290aa59686b,delivered,2017-12-08 13:13:22,2017-12-08 13:30:35,2017-12-11 13:23:20,2017-12-26 12:18:01,2018-01-08,d652d11973d7a734be8ad35da56b4e6a,2017-12-08
8bef8b88b9465aa96b8b93eff0525da0,12972b8f7cf1281794beef6967407023,delivered,2017-06-08 08:27:25,2017-06-09 02:22:56,2017-06-13 12:08:59,2017-06-19 18:12:41,2017-07-03,0206119a2f332d97fb68a9c1f592b2dc,2017-06-08
bd5d52497dd09bba18a9c06890c2e2c5,b81903860cd300ddda44b87124a88002,delivered,2017-08-06 22:26:37,2017-08-06 23:20:09,2017-08-08 19:11:59,2017-09-05 22:07:08,2017-09-06,6f20fdcd011ba2d7b1d0eb7315e6a7dc,2017-08-06
9b0608ab7dcbc73db0b62291f23c55bf,b1f944564a9a2587451f9a1db9bc6459,delivered,2018-08-03 16:52:32,2018-08-06 13:35:09,2018-08-13 09:31:00,2018-08-23 18:36:38,2018-08-30,5e99be6456fee291a84af71e58fdb40e,2018-08-03
a4a4243e6aa0b17774fc8f9c4ebc9fd0,7d4a3f1246681f2d6e914881f402e51e,delivered,2018-03-15 16:38:10,2018-03-15 16:50:34,2018-03-16 18:07:45,2018-03-19 16:14:48,2018-03-27,e3bcb0da48d9c6d2d6f65ebcf46a3fdb,2018-03-15
b3dd5b90145b576a279167630eef9def,ecbbe3ed9ad0fdcc1d1e698b2554c986,delivered,2018-06-19 16:16:10,2018-06-19 16:45:36,2018-06-22 13:56:00,2018-06-25 15:17:48,2018-07-13,fb2c5015c63a4dab28b65c5e0d9b95ec,2018-06-19
42402b96f1fc090bc35a2a5e8fcd3d36,8f883e53bf1f50f31bc9e2f4fb8c980d,delivered,2017-12-04 23:09:57,2017-12-05 10:30:51,2017-12-09 09:53:09,2017-12-18 18:37:09,2017-12-27,94fe756b3e56a9bc28dcf7f832f0e11c,2017-12-04
99d63f07f1159c807e4175e692a8a815,6e660ca85210c89e215463852d16f236,delivered,2018-07-08 10:36:42,2018-07-10 08:35:24,2018-07-13 12:25:00,2018-07-23 14:19:10,2018-08-02,c930602fc2e14c47e0939aa7a88f3740,2018-07-08
9cd1a38b56d3067cee2bb38aaec7a267,78ff7cba2d0c2c6c1dda40ac4ae7becd,delivered,2017-10-17 17:06:34,2017-10-17 17:28:17,2017-10-18 19:13:35,2017-11-13 18:07:48,2017-11-21,d307f45c2789a35ab3911a63535d73c5,2017-10-17
336849260da128bf88be93e5bd4d15be,e9ffe4fb0e0faa5fea4a6d6ca0e99e9d,delivered,2018-05-09 20:08:50,2018-05-10 03:09:51,2018-05-10 12:07:00,2018-05-15 18:42:08,2018-05-25,51123f60f2dbe85dbe20ed0eac8de0f8,2018-05-09
fedc929029b296446e7a6d15adef783f,ac6014e18042c49a2c39d75c2604c2bc,delivered,2017-11-26 19:45:05,2017-11-26 19:54:36,2017-11-29 22:57:05,2017-12-26 21:26:59,2017-12-28,7d2e246c38946e89eda0c9c1288fc0e3,2017-11-26
bcb07f342ee49373aba52b75c41515c2,af7fb1aecf06b1415f21521ac9a8c13e,delivered,2018-02-04 04:04:07,2018-02-04 04:15:28,2018-02-05 23:12:08,2018-02-24 14:54:04,2018-03-09,b6b82bdcc537078c30b507632309e9e1,2018-02-04
f934d80ca76365bd394059be22a837f5,7402d0004e0c1b74eb4d6bb7bdd96993,delivered,2018-01-09 14:04:41,2018-01-10 10:32:26,2018-01-15 20:29:47,2018-01-22 17:27:02,2018-01-30,e7d168b099d8daa84eaa46c3d39dc86e,2018-01-09
b89c9e2ac77ef9607ebb358648a5b1df,422bf34195aae2cfd8ffb97d6faccaa7,delivered,2018-02-07 13:50:27,2018-02-07 14:10:04,2018-02-08 19:54:40,2018-02-19 18:56:34,2018-03-14,91abc55666d21b694f943f540b4a0fd8,2018-02-07
2eff76a325fc7035ebbd93657c4f61a3,08beeaa5c7bacd3b0af94874563893a1,delivered,2018-04-05 01:30:10,2018-04-05 01:47:33,2018-04-10 23:19:06,2018-04-14 15:48:26,2018-04-20,0946262550402fc07495e24ad9f252f2,2018-04-05
2b15043612beef9240f3a17d949c09c9,5ded08ec5fb59608fef0cf41593f6f36,delivered,2017-11-29 18:15:50,2017-12-01 11:31:52,2017-12-01 22:22:23,2017-12-20 01:51:33,2017-12-28,313cd367cefc0b138d5329ea84ecfdec,2017-11-29
9ae081992e9b8d305a8959fa5507ffe9,3686d7b969e7ed67da23f8db45a49954,delivered,2017-12-28 16:12:19,2017-12-29 02:09:10,2018-01-03 22:37:09,2018-01-09 18:09:33,2018-01-23,f1af165ee740202e4fb3a3867d9e6aeb,2017-12-28
f9899b702b4c536b09ae0efdb5023a71,45805ddfeeafcfacf248b9da2c25dfec,delivered,2017-11-21 20:28:44,2017-11-21 20:47:00,2017-11-23 23:33:02,2017-12-01 22:51:15,2017-12-12,6f2f8c29381369806e0f93391ad6812c,2017-11-21
02014f2495eef0e869616829d481d743,f0d62fcceaafaea74a143d7fce54f1f4,delivered,2018-08-22 10:53:16,2018-08-22 11:05:25,2018-08-22 14:44:00,2018-08-27 18:02:08,2018-09-04,46d2e80a1ca0ee7a62db0ab302e8b4b7,2018-08-22
f5eb2c9c8751b09f7637a10a9c40aef2,dad721ade2b490dbcc54e62212129467,delivered,2017-12-11 11:18:46,2017-12-11 11:31:50,2017-12-13 16:52:19,2017-12-22 23:28:37,2018-01-18,401da002e87b8f5700cb44af044ca0bc,2017-12-11
4b302339bcd1d3aaeb9b3cde326326f2,329b7eb09d495661adbfb762e90eac15,delivered,2018-04-19 01:21:08,2018-04-19 01:30:23,2018-04-21 00:11:53,2018-06-08 02:16:58,2018-05-24,e4834c6feedd40a5d115c5734e0aa7e8,2018-04-19
8accd50880b882387ddd4a36d0b1b7d4,ba53b621908f52203a18cf2fc0af3fea,delivered,2018-08-18 21:08:29,2018-08-21 04:49:52,2018-08-21 14:50:00,2018-08-22 23:28:31,2018-08-24,43c76d8449efa11b096323bb6ed593e3,2018-08-18
c64e8dfa7c7a1071f1c8d9d3ae2dec11,64971fd864d5811886919f084a3d4ed4,delivered,2017-11-10 08:14:20,2017-11-10 08:26:32,2017-11-10 15:17:04,2017-11-23 17:22:09,2017-12-11,bc8a30aae4a53bfce1386c66f14f31a4,2017-11-10
d9647302d75348f06e63f8444ef95544,61f71a5cf65daa4b54206e887828f250,delivered,2017-10-29 12:39:23,2017-10-29 14:05:18,2017-10-31 18:37:12,2017-11-07 17:57:52,2017-11-17,69ec8b9315b21409a9e1619ecda8c8fa,2017-10-29
9147e4f91a0a2071875cf411ec60a10d,d65d94358b0f8e89ecdc82e534e28c44,delivered,2018-06-02 15:35:12,2018-06-02 15:50:02,2018-06-18 17:05:00,2018-06-21 00:14:46,2018-07-12,1b656b2f23af5e1ab13d8f067cd49527,2018-06-02
b0f595976cc8465db878685b2a613f5f,825ed834c2f89dca06a2e5b4fe0af049,delivered,2017-08-13 08:42:15,2017-08-15 03:30:09,2017-08-17 15:01:47,2017-08-30 17:22:30,2017-09-14,be64d04f720e2c424f8d0e15765c1cc1,2017-08-13
344d7792475d51c5c3b9d41758ef8f44,f381bd655bd0626bc05a777cfeab57fb,delivered,2017-12-26 21:57:46,2017-12-26 22:05:25,2017-12-27 15:29:01,2017-12-28 21:34:09,2018-01-19,fc719c11b4dce594f47e1f9aa739a3a2,2017-12-26
ee0829e4d1cc7547c044b8643c14da38,4a6ca65e203304ab05746357bc7b61e7,delivered,2018-05-10 23:46:41,2018-05-12 03:32:37,2018-05-14 15:49:00,2018-05-18 21:08:01,2018-06-01,7aaa326690fdfbb1086e6b6cf4a6206a,2018-05-10
d8159fecf6cf88c5f33174f70c304037,f429f9964ed2bca9c7afd3146d3f2710,delivered,2018-06-03 20:14:44,2018-06-03 20:31:26,2018-06-06 09:56:00,2018-06-07 21:08:06,2018-06-28,865e03ed41ba79267dfac2e47b31ea59,2018-06-03
f2d87ed38676765184a73e871a9e3ece,3739f75c5836f6b41beb45a988b32888,delivered,2018-07-25 14:20:31,2018-07-25 14:30:27,2018-07-26 09:28:00,2018-07-31 12:58:48,2018-08-09,8e42ecde9a50c9ff5f89b58d7566bb88,2018-07-25
dbd09ba24edf3ae2e7ae63685ff34195,c09970e56f5d00bc2f622b118574113c,delivered,2018-03-16 15:14:40,2018-03-17 02:50:44,2018-03-19 22:24:26,2018-04-03 21:22:40,2018-04-12,da781728efa581d1eb0906cf3a064071,2018-03-16
b89601b4491425014432a96e02034092,be803b9fe5a431219ecfd15e355099a5,delivered,2018-01-18 13:21:16,2018-01-20 09:07:45,2018-01-23 19:28:12,2018-02-06 17:58:43,2018-02-08,12655f5ad85082fdeebd425a6c97d420,2018-01-18
cb891a8a4daa2130941d2458f013b1b1,a1fe058e09f7cc693afdd283b2923421,delivered,2018-01-31 16:32:15,2018-01-31 17:35:31,2018-02-02 20:08:50,2018-02-15 19:35:30,2018-02-26,90dc9fe88420bfa6d4c6fc121b6b2afa,2018-01-31
fa292754654f17a208c5436bbfb8e18f,5f7fe825c7b61d758869be903523f6bf,delivered,2017-10-29 20:49:54,2017-10-31 03:50:37,2017-10-31 16:53:47,2017-11-08 18:56:35,2017-11-22,a5642c7d744bd5a4732b82feacde4faf,2017-10-29
43da1954a3ab906e70d25dff8fd0a3a0,4433a42a21cf55f9f413f4063c244dd4,delivered,2018-08-05 14:55:14,2018-08-05 15:10:23,2018-08-14 11:46:00,2018-08-20 15:48:37,2018-08-20,886583680443fec2ba8b1426cc6facde,2018-08-05
6e3aff29a0578d221332c4feecde19b2,201e5d199882bc09584e409388babd6d,delivered,2017-03-31 21:29:33,2017-03-31 21:45:33,2017-04-03 16:28:21,2017-04-19 11:52:17,2017-05-04,44cfd640c0a365e92c886d44849121f2,2017-03-31
0cd19e832fefb17664d1a294b90ad192,7fb9bf1fbf9d6a97da563a1ee652e7bd,delivered,2017-11-16 12:33:22,2017-11-16 14:27:05,2017-11-20 18:47:49,2017-11-27 14:39:39,2017-12-06,f6fb0a1d82180937a765dcc6ce6bd9a0,2017-11-16
e73404e5e601309d2147f91268cc3ac6,4fbc3c1d3a81df1772e3a8a5a72f4487,delivered,2018-05-18 10:37:14,2018-05-18 10:56:44,2018-05-21 06:47:00,2018-05-29 17:04:45,2018-06-07,8000b5f860f492f48c234b7598558c06,2018-05-18
73cc28d48ecf54949b91163a0f7d3351,2e611ee9dde59daf5acfb7471bdd0180,shipped,2018-01-28 16:15:46,2018-01-30 03:47:26,2018-01-30 21:51:35,,2018-03-01,ba00e642078cc9730c38ea5686e071a4,2018-01-28
b6d5def32b42c4da4683c57a8e43fbbb,21643e2f47403dc261b9e09bb5937c21,delivered,2017-11-21 22:07:03,2017-11-24 12:52:51,2017-12-06 12:18:43,2017-12-08 23:43:04,2017-12-07,135316b82ecf679107af3ba0c056824e,2017-11-21
c069094e56b975a886bc7c6817fe0887,a6e84bb95b4d5ce9a5230c99145e07e1,delivered,2018-08-20 16:19:23,2018-08-20 16:50:05,2018-08-21 09:51:00,2018-08-24 21:47:28,2018-08-31,f11195d33c7c362f912c95d500a7012e,2018-08-20
e9b0fa065e571c5a22a09c8d3b7e8fe5,3b30eefea5f103cc76b5a4fdeb9851ba,delivered,2018-06-20 10:14:28,2018-06-20 10:44:10,2018-06-25 17:50:00,2018-06-29 18:03:17,2018-07-12,989aabc133cd6097fb2fc9c4a919af4b,2018-06-20
36771b8397722fea49a6ea5a0255c985,d0f6ac8b0f2bae53a8b2319b222862ab,delivered,2018-05-09 22:32:47,2018-05-09 22:53:50,2018-05-17 15:33:00,2018-05-21 18:04:24,2018-05-21,4c3e4294b5475801f151e107b85809b3,2018-05-09
0e4a4de1d15b6df8d4335fb2db61667a,894bc3b57706081b775d54a4756654c7,delivered,2018-02-22 15:33:48,2018-02-22 15:50:31,2018-03-08 19:58:30,2018-03-21 21:28:39,2018-03-16,85189d642c11e7090cb2f72fed68ea42,2018-02-22
c9f1715aa7997f1ebfb8560a516d92fd,e6ce0210d5c09eaa9eab5a68f5916f35,delivered,2018-08-06 20:34:01,2018-08-06 20:45:15,2018-08-15 14:10:00,2018-08-24 17:07:21,2018-09-20,f781ee5a8fe2e54e92c1b3c808b3a088,2018-08-06
9fe3aa695f82b14c91be17f23b17ef31,d0a96174092cc6ef4f7671d3bc8c6bf4,delivered,2017-05-30 11:47:48,2017-05-30 13:07:50,2017-05-31 09:44:07,2017-06-12 10:19:44,2017-07-04,f17157bff18a06db593ed76323701583,2017-05-30
e9d858520377b7880e64c65e98d463bd,5f178138c04080d46e3dfe3852442835,delivered,2017-02-16 19:36:07,2017-02-16 19:45:13,2017-02-20 04:34:06,2017-03-07 16:53:41,2017-04-18,5e1768281609329bfc76f4c382607fa8,2017-02-16
74766833602d4588ebc3bf1b1fe55e98,26eb0b7a187dadf0037ab5a2b81d0d5c,delivered,2018-03-02 15:12:58,2018-03-02 15:29:05,2018-03-05 20:04:31,2018-03-09 18:03:04,2018-03-29,e2193db5f97b80eb58d431e84a70b88a,2018-03-02
c80521d90ae69387548a487d1cdc516c,cb957c2b54ff57da8b57bc5c6e0a3f14,delivered,2018-06-20 08:09:15,2018-06-20 08:56:24,2018-06-20 14:19:00,2018-06-25 13:32:56,2018-07-16,b464eecf5aa94f5c7f2a177306c00382,2018-06-20
b3717753b7626004c921e350a7638879,c6c8563d6eada54426aac104e963f40a,delivered,2018-07-02 23:30:46,2018-07-02 23:50:01,2018-07-04 10:57:00,2018-07-12 20:32:16,2018-08-10,d1b8c254ecd7c331500ee991a8623c54,2018-07-02
9d441bf4d514cfefd95dcfd2b22dca0e,4c3351d2b41593f41ee70e5cf0e13518,delivered,2018-01-06 17:24:36,2018-01-06 17:37:19,2018-01-08 17:05:48,2018-01-09 18:42:11,2018-01-24,57f28663f0420b0a39c14f24750b3db4,2018-01-06
8c572f3e9b363e7ef4cc144968a64e9f,ddfd821febf66adbfdf21542a5358209,delivered,2018-08-01 18:17:39,2018-08-01 18:44:04,2018-08-03 15:10:00,2018-08-09 23:03:09,2018-08-13,2ee27a6992275f12e9b8320102979055,2018-08-01
492e7cf9df2e0665bd893b5cbbcca6a3,a3fb21cb5ef07072669662f3850adfc1,delivered,2017-02-06 20:25:50,2017-02-08 03:15:18,2017-02-09 13:57:28,2017-02-13 08:53:54,2017-03-07,b024e4d22678962774c98c7c198ea66d,2017-02-06
b1e4c6a1e5aadfa638df88ba7b685cab,4d13207d49606a5912586b4306719447,delivered,2018-04-13 20:34:21,2018-04-13 20:52:45,2018-04-16 22:28:33,2018-05-12 15:32:07,2018-05-10,008ea5bdd1a99fb584cce7739349da75,2018-04-13
58dad265abd075b5830c3e3824956231,8d4bbf93c8318bfc6e7e3aab2f101f84,delivered,2018-02-16 15:41:37,2018-02-16 16:20:26,2018-02-20 13:59:30,2018-03-01 02:07:59,2018-03-08,6a41171c962a6356e8ea95518821dd45,2018-02-16
3df5a05b33678524de6fef39c6cd810f,8402fd73c4808d078a2a8b3b1bd721a8,delivered,2017-08-18 21:22:31,2017-08-19 21:25:01,2017-08-23 18:37:57,2017-09-11 19:44:24,2017-09-18,19c5627fc06c348a733877494c013db1,2017-08-18
793c05f561c41e8fb6599c92be8d0afd,c2aeac174bd1b011b11f03cad2a9179a,unavailable,2017-08-11 19:18:12,2017-08-11 19:35:06,,,2017-09-13,e6ccad19d884639f45d790c91e981d53,2017-08-11
7081dc8aacd1f126eacaf66497364578,d399e431e970637a174aadff3eb35990,delivered,2017-02-09 21:19:01,2017-02-10 02:55:24,2017-02-10 15:47:14,2017-02-14 15:22:48,2017-03-15,e1ac07c60a37ca863cdaa8bde2198611,2017-02-09
3efb7f6339ec54c071e9fa5feab78356,d9dfb0c45526f228a5e68b9b4ca40738,delivered,2017-04-28 00:43:40,2017-05-03 11:32:52,2017-05-04 12:58:58,2017-05-08 15:28:57,2017-05-24,cc6677bdee3b6e93655465f3bfbd2cfd,2017-04-28
67d748688b1f3b7e4ecfd613adf5382d,cd6689180f7e656793d39dedc25aa21f,delivered,2017-05-19 12:49:07,2017-05-19 13:02:30,2017-05-23 07:13:36,2017-05-30 07:49:40,2017-06-08,f969cb7ce78b54dfee9077eb04c43ddc,2017-05-19
5a89c5077684b44a0094ed4aaa70a234,ac106ae9d5ca35e4a7afa11fb83f11de,delivered,2018-04-28 15:31:43,2018-05-01 05:32:44,2018-05-03 06:32:00,2018-05-04 21:48:57,2018-05-14,8f69c0c0d2484f27231402b2c09fd326,2018-04-28
bf5155dc24b8690b94d2a021bb3c5a9c,08028c13a908b120d56eff9d7ebd27c3,delivered,2017-06-12 18:34:07,2017-06-12 19:02:30,2017-06-19 17:43:38,2017-06-27 15:04:55,2017-07-12,3629c99b2eeb7ce39e112a13db76a08f,2017-06-12
6bc46484a5da408562e929b630a3e950,5ca641d05080ed9a120ac4e35ab18173,delivered,2017-11-26 22:24:44,2017-11-26 22:35:29,2017-11-30 00:15:56,2017-12-21 19:12:59,2017-12-21,33a6089098e9cfc00d0c2d38f4fa3db9,2017-11-26
e9be4915bddc1b3959b291b443ed9fe3,1323eac79bee9f610f5f5ffb578c11f6,delivered,2017-10-01 11:23:44,2017-10-01 11:35:10,2017-10-09 21:52:20,2017-10-11 19:15:31,2017-10-20,03b27a1d3cc8dc5a00cc993e05c71d07,2017-10-01
b62f088b105938198ca85cfd28e93efb,e0db0394d5cb8befcb6dbf57b1e7aa61,delivered,2017-12-08 11:01:54,2017-12-08 11:14:24,2017-12-11 18:12:38,2017-12-19 22:10:58,2018-01-05,401fabffd89807919df5e20ae723b249,2017-12-08
0a1008edde05c441150b3142521df760,e8430195f2db14c574e72de0d1d7c735,delivered,2017-09-22 15:06:29,2017-09-22 15:15:20,2017-09-26 12:29:07,2017-10-05 18:25:35,2017-10-19,63f802c944ae93d5572534d787304237,2017-09-22
4aef3f299b3b56a9e29adf7362dfc3f4,c8ca4bcdd8d22697394008267108810d,delivered,2018-01-18 18:10:11,2018-01-18 18:19:37,2018-01-19 21:07:14,2018-01-26 00:13:08,2018-02-09,972298fc739479c1371372eba95dfd88,2018-01-18
e11c81f63f7e2ef0a0a22cbc781e8099,3d563f75e0e9a0ce00da6f3971e87176,delivered,2018-08-06 17:05:42,2018-08-06 17:15:19,2018-08-08 16:25:00,2018-08-14 19:37:46,2018-08-17,c35a2c4f4bf555b012e91c179023750c,2018-08-06
c267d7fb58ab601842b584dfd70de03b,46b3969f61f870443c2acce55900d3cf,delivered,2018-06-12 20:30:03,2018-06-12 21:03:41,2018-06-15 14:48:00,2018-06-26 19:04:37,2018-07-04,7c5dfaa81bfd0f0349fc47b92b3202f1,2018-06-12
e8ea9d1180aed78c71b3a9361bcdb9cb,add72ef6c37408eddeec3a287b2eba21,delivered,2018-03-11 23:42:04,2018-03-11 23:55:30,2018-03-12 23:41:25,2018-04-14 16:03:16,2018-04-13,df5eba035e5dfa3a9d43a362db065d07,2018-03-11
922c88e7a4c04efc1aa1b468c8b7b54c,783036ef3e00118bd0cc80b146a4751b,delivered,2017-07-04 14:32:09,2017-07-04 14:45:12,2017-07-06 12:22:15,2017-07-11 18:45:29,2017-07-27,ea857642c00aaa1a47057bd262d2e6f1,2017-07-04
f3a11dab21352ec16a6d038ce9958381,fdfc6249ca397559e4e9530c0fef9cd3,delivered,2017-03-06 10:52:31,2017-03-06 11:03:09,2017-03-13 10:19:07,2017-03-23 08:58:51,2017-04-06,6c972fa0695bef346e2d556e89efce27,2017-03-06
30e306d7092ec3bf44efabf012cdd06e,5348aedd847fe3951a231608c55fc089,delivered,2017-04-12 16:45:59,2017-04-12 16:55:20,2017-04-13 14:14:23,2017-04-24 10:51:47,2017-05-11,a9ad87d8be80f58819a2f5872e17d6be,2017-04-12
446fdc806b0c1bade7477c8adb83b9e7,f1afd1b05c94e42923ad3cfa6d34c344,delivered,2018-03-05 21:42:32,2018-03-05 21:55:24,2018-03-06 18:16:56,2018-03-08 21:48:26,2018-03-15,41d57ab847e5ccbe403f46b07ee577d6,2018-03-05
eb3fabeabbe68b3abea891b6751aa77f,81b305536a2f14bebe526bec02449c97,delivered,2018-06-14 15:47:45,2018-06-15 02:37:00,2018-06-18 13:07:00,2018-06-27 01:09:44,2018-07-05,00c05fe9d2f8b245f1f86fe559175f24,2018-06-14
f399b1b1cbfba9dbe26183ac60e6eae8,42c45216092625f6735c0499e3e75f07,delivered,2017-09-26 10:03:10,2017-09-26 10:14:12,2017-09-29 21:13:21,2017-10-11 19:13:35,2017-10-23,e0c99ffdcd8891130985ac90cd2d8eec,2017-09-26
d264d651c8218bc064f4b44d3c06d9a3,ea66b28b66ee0d9ed6cc4fee30a704bc,delivered,2018-07-25 15:34:15,2018-07-25 15:50:17,2018-07-26 12:57:00,2018-07-30 18:41:49,2018-08-13,aecb58a40bd7dffb5623df12cd8f4837,2018-07-25
dfc1b4e359ebb9f33946b6301b1d8ba1,54ece387a84149502ff004cc7ea25f60,delivered,2018-03-05 06:37:22,2018-03-07 02:49:04,2018-03-07 23:28:31,2018-03-18 16:26:18,2018-03-26,5b4b5220f4e3dc7de8aa8bc3559268ca,2018-03-05
f64a76cad36b9c69a34699f1858db432,a1b1a82720dbe747e7d52590721f73ac,delivered,2018-01-28 10:08:21,2018-01-28 10:17:22,2018-01-29 20:17:15,2018-01-31 16:22:56,2018-02-14,18b8c715fe5ac0ce98a78eca978c5f4b,2018-01-28
10df64697a9e72c7b248dbffe386f74e,8f288d91d4f704558cc0a064919bcca9,delivered,2018-01-27 22:08:52,2018-01-27 22:35:23,2018-01-30 19:35:25,2018-02-23 16:04:39,2018-02-22,975d5d47c685c273279db384704a5f34,2018-01-27
02bd584dedf7373cb07b6540cadf9a76,e20a0968702ce304cc5f98ad6094ee18,delivered,2018-08-04 21:43:05,2018-08-04 21:50:14,2018-08-08 14:37:00,2018-08-14 17:12:08,2018-08-28,1b347d3fb70074212eea755ab9adf0df,2018-08-04
b9763fc50599a4ba2c2405513546d844,acb6f5070c34dbadd42a7dd6b18f6590,delivered,2017-02-08 13:24:01,2017-02-08 13:35:14,2017-02-08 14:42:55,2017-02-14 07:36:22,2017-03-09,727426deca1feb458f37d6aba4ecf3aa,2017-02-08
9ce03263783d6de468ef6a6debdbe92a,5e1de778ea1bea7c3d6f4c899226b7fa,delivered,2018-06-07 10:57:37,2018-06-07 11:37:01,2018-06-07 11:26:00,2018-06-16 12:26:21,2018-07-27,4a371496a07fc9aed03d55fd43447f60,2018-06-07
bd6423665c409db201f2193150cc8a83,f6f8afa3c76a31ae8b3f3dfea2083c15,delivered,2017-12-10 13:53:34,2017-12-10 14:10:30,2017-12-13 16:53:28,2017-12-23 19:37:31,2018-01-08,9aa94e5f705c28e44bf163b818252cc5,2017-12-10
be28f879f9c5e345df9e5b5fb441e6de,05787fcd7b77ceb360bd59963a6d7aa0,delivered,2018-01-04 12:58:13,2018-01-04 13:29:06,2018-01-05 19:25:02,2018-01-22 19:03:57,2018-01-22,678f55620ea0eefc503bc2ba3f5e20e0,2018-01-04
0beb6d45320a3ecbd50c0b5fc7d8dccb,351ad5281a1ebe833af7f4fb1f203aa4,delivered,2018-05-06 14:25:11,2018-05-06 14:35:12,2018-05-07 14:17:00,2018-05-17 17:25:30,2018-06-12,a156e873ab29b82c3e8c659399150d2c,2018-05-06
4800f69c8e5130af7653664ac4172dad,5ec51ac5cf1afbeda642df917990bf74,delivered,2018-02-11 15:44:06,2018-02-11 15:55:23,2018-02-15 22:23:15,2018-02-16 21:56:29,2018-02-26,adfab14b1330a09381c6caac8c5e092d,2018-02-11
105a17b015064cf48113e9593c2ad700,802afc498fb100ca6ee8ef029719e141,delivered,2017-11-27 15:19:38,2017-11-27 15:26:27,2017-12-01 15:19:03,2017-12-08 23:28:24,2017-12-18,1199ef97a7ec9785fec893f207e601ef,2017-11-27
530ed5c74fd86562fe50456702b65599,39e94a0d2fb045f0489dd7aa5e2b4533,delivered,2017-07-14 09:51:59,2017-07-15 10:50:19,2017-07-17 19:12:03,2017-07-26 17:53:48,2017-08-17,ced0a26d73de4cd5010055239b19b29e,2017-07-14
ec1d3a645b2a221446df31f1dcbda3e2,c0b14a9776882d6ae80ac4db31ef2172,delivered,2018-01-11 19:50:54,2018-01-11 20:07:20,2018-01-17 17:22:01,2018-01-21 12:24:44,2018-02-06,490dc0adf6312772782d01f664177309,2018-01-11
b99b9831e4b244971d7fee83d5a69ee0,60401138424ae83a86d350a14011cc2c,delivered,2017-05-26 16:13:17,2017-05-26 16:25:18,2017-06-01 13:57:44,2017-06-12 12:52:53,2017-06-20,c34aca68734dc3570afaaa0fc4fe8e54,2017-05-26
770d331c84e5b214bd9dc70a10b829d0,6c57e6119369185e575b36712766b0ef,canceled,2016-10-07 14:52:30,2016-10-07 15:07:10,2016-10-11 15:07:11,2016-10-14 15:07:11,2016-11-29,59a7bb642795ddc85534fbd5f7360334,2016-10-07
ad270676ed8a3174f472811e0144761d,9a6458f67b94f41958d49e92dad980af,delivered,2017-06-11 21:00:35,2017-06-12 17:15:13,2017-06-16 11:55:25,2017-06-28 13:03:15,2017-07-05,0b38d15b16dad21edc22d2b9df5b0cbe,2017-06-11
fb8705064d6146e5fdc372b0fc2bf60a,d0d47db5ad7c0d4e67ef8587667fe9b4,delivered,2018-05-02 21:26:53,2018-05-02 22:34:48,2018-05-03 11:13:00,2018-06-25 17:48:54,2018-05-28,a8bfc5f0c511a76ceed6b30b1d03efa6,2018-05-02
b38b59f8e68e516569507e83c2d55c58,72626ae78a09de49d28b9f612c78f31d,delivered,2018-05-11 16:45:10,2018-05-11 17:08:26,2018-05-15 11:22:00,2018-06-01 23:32:35,2018-06-01,4d7a68614d54899cdcd668cacf3c919a,2018-05-11
7743b506a4c2e87e3f5af919334ea71a,b0b613e9e97d82c42795abe6687ab472,delivered,2017-11-07 14:14:38,2017-11-07 14:30:47,2017-11-08 13:09:00,2017-11-17 17:48:23,2017-11-30,a3d0d7369347537badfd5baa917348db,2017-11-07
51b808ed0e75c3a1106b08d3afe4f655,6995a9f0b24e058dc141caeac9320539,delivered,2018-04-11 17:54:26,2018-04-11 18:10:59,2018-04-12 22:31:36,2018-04-13 14:33:11,2018-04-27,784f6e74c5ab69df17669d2aa30ebac4,2018-04-11
f0f60334ebc0d94a89bfdf1d401308a0,19140d8fdce1418ec14108400b6bdd72,delivered,2018-05-01 10:37:32,2018-05-01 11:17:49,2018-05-02 16:58:00,2018-05-24 14:32:40,2018-05-25,59b565d3b00cd765305cfa0b574ce74f,2018-05-01
0f934deb4f74bf5bb7a58232d12040dd,87c5e6216d546c37debb656dc3372eb4,delivered,2017-12-07 11:27:00,2017-12-07 14:42:16,2017-12-09 00:27:07,2017-12-18 22:55:00,2018-01-02,afa70e82ab83aac4042ab11185a61362,2017-12-07
bad77ee7480612102102403c00cf825e,82c556ef20ad817d0970931f3e3a63d5,delivered,2017-08-22 16:07:06,2017-08-22 16:27:36,2017-08-25 16:18:33,2017-08-30 22:18:06,2017-09-06,de4935d8e9146e4818ea835ee55a5a9f,2017-08-22
288b02fbf09f1c9f2ad1e4ef18124c1e,539c396e8ba2bd4ed701c8b6c80ffa3e,delivered,2018-03-05 21:52:15,2018-03-07 02:28:51,2018-03-13 00:05:32,2018-03-20 10:12:31,2018-04-03,7849336c1b7785f258ffef06aedbd216,2018-03-05
e6461bf12e723ae0324f5248219b54e6,989ef866c6bb297451a72dfc2ccfed23,delivered,2017-12-02 20:28:47,2017-12-05 09:30:54,2017-12-06 00:09:20,2018-01-04 22:36:54,2018-01-10,a7f5373919003347aca47cfce7c26997,2017-12-02
05a5771b1afac9163e7cc298fc97263a,539c53212dac6304e4fa970272abe6e0,delivered,2018-02-23 19:49:40,2018-02-24 07:07:47,2018-02-27 17:24:17,2018-03-18 16:26:28,2018-03-15,913210f4f11bdd83067551a71f42c127,2018-02-23
cc7e4905f056ded0f8987d5599129cf7,e55a300276fbb9cc2de0149b920feddc,delivered,2018-06-14 11:12:49,2018-06-14 11:42:37,2018-06-15 10:15:00,2018-06-19 20:50:29,2018-07-12,0d65388c9e48d0d0c08775d0ff96d8d5,2018-06-14
14a074fe3d79fc38758adda996f83e00,ccd94a43aabce2b984aa4945839059c2,delivered,2017-10-23 16:19:19,2017-10-23 17:07:43,2017-10-26 15:08:10,2017-10-30 18:43:01,2017-11-09,8f5fc3ccd38b6da189a75cb435c77aad,2017-10-23
3087dfec43100fd80fab47b128aeaea9,f5e44f62177b59d9938207502e8a44f3,delivered,2018-03-06 13:08:03,2018-03-06 13:29:58,2018-03-08 00:52:20,2018-03-15 18:03:10,2018-03-22,4dfa664ad35b6339d354f3b932466299,2018-03-06
d0e60fe0d150be98baa246426889d6cb,55311e340fbb8c4620330ff5a576f179,delivered,2018-05-27 13:23:48,2018-05-27 13:49:46,2018-05-28 14:03:00,2018-06-07 23:10:47,2018-07-18,2f4b12b7c1337b764b0df07e46984191,2018-05-27
7787da2148a7cb3d33fb258e674f8a3e,c8a02fab716a574ad3bf2324a3bd5179,delivered,2017-11-26 00:28:42,2017-11-26 00:52:55,2017-11-29 23:24:44,2017-12-13 22:05:08,2017-12-20,fa42cf768048ae508f121344760c718a,2017-11-26
8e83e34d39ed0235b3460da4bd082fc8,08e9e9af9d6d0393d4f6b8c331adc6e7,delivered,2018-07-19 23:57:54,2018-07-20 00:10:13,2018-07-24 16:00:00,2018-07-27 15:26:46,2018-08-14,bd72b276b5a309fa4356e528f62f1e32,2018-07-19
b445d4e5a6d99bba5e51592e7263b560,e66b5747ab7f1a418d2cb5eee404017e,delivered,2018-06-23 10:08:25,2018-06-26 05:12:49,2018-06-28 11:23:00,2018-07-03 16:25:42,2018-07-23,8d35dad880f56eb905e3d127871cac6f,2018-06-23
8aa5b35619d1aeb3068187d868c9aa41,127854ffab09fbc17666c0783a1f1159,delivered,2017-10-04 10:26:37,2017-10-04 10:49:42,2017-10-06 15:34:03,2017-10-13 20:56:38,2017-10-26,101810d5a28d9391b52c5c2bc3dfab08,2017-10-04
b277c79061d5d57c196e249f373abccb,3d2a4d705b7d68ad838c79434ff1b628,delivered,2017-11-26 20:21:31,2017-11-26 20:32:56,2017-12-01 00:16:57,2017-12-01 21:59:39,2017-12-11,694f0959d88aa11f4053225e70ff0fd7,2017-11-26
adfe887c44baf1c0b4e6f5e8c533afe3,b3a8bdc1ca87498e8eaad4f931e61171,delivered,2018-01-06 17:14:40,2018-01-06 17:26:48,2018-01-09 17:55:11,2018-01-15 19:45:13,2018-02-06,7d1439ab00dd111fb719c88fd13f580c,2018-01-06
cc61a8a634ed495116b2ce1fc8d1a1e1,bbf8f328e19099524bfbfe53ecf2055c,delivered,2018-02-24 12:00:07,2018-02-24 12:15:30,2018-02-26 23:43:07,2018-04-24 20:54:46,2018-03-16,8aaf15ff9fc1158fe89e61e539a94b7f,2018-02-24
eb72f50f943d8b05355b3e50cda1892c,7556d0bfbb7faa8478c1dad423343647,delivered,2017-03-06 14:50:09,2017-03-06 15:02:58,2017-03-07 14:18:34,2017-03-13 11:23:13,2017-03-29,9c3beb01117930a065614b88c1743192,2017-03-06
0566f139f1d1dff8ebfb3b1233ef4dd0,15d17b993d1a4710e1d4b2718b2f1821,delivered,2017-10-16 12:55:19,2017-10-16 13:14:15,2017-10-16 20:34:07,2017-10-20 17:28:51,2017-11-09,006ec5b170182812131c7d9b219c036f,2017-10-16
1e7aa16222b1c59810585e0dc2bf73ed,ddb4dbe493f605112185f028ef0564a1,delivered,2018-04-04 21:59:35,2018-04-05 12:30:13,2018-04-05 22:56:40,2018-04-24 21:12:32,2018-04-24,8a6576a903e4f08ec252fe824c7e3eaf,2018-04-04
8ba6f2691ae9f61ed7266e78a5f64233,4f07ffd62696e75846ea2fdfd05800ea,delivered,2017-09-05 12:33:49,2017-09-05 12:45:25,2017-09-08 20:04:09,2017-09-19 17:28:12,2017-10-04,3387a508530615c881c320ba783cd80b,2017-09-05
f7a6a012fe2322e9fae5ad8b10385f15,e05a02673fba8ce5e037b1eb50afc64b,shipped,2017-03-29 13:53:37,2017-03-29 14:02:41,2017-03-30 14:56:24,,2017-04-26,ba9c53d797b02ac139e8c55aecfb698e,2017-03-29
39a88f719920998e92f0d3f7b32040fc,3272ae5d1173300820b43935539b3603,delivered,2018-01-23 19:31:31,2018-01-23 20:03:58,2018-01-24 17:53:26,2018-02-15 23:08:19,2018-02-23,a40d056ca31c723ff7a52e4abbe55495,2018-01-23
8a3756b420f3c23e6537a19e9d61a102,baab2b58bcdf3653827e7fc183f98fd1,delivered,2017-06-17 23:03:05,2017-06-17 23:15:09,2017-06-21 09:17:40,2017-06-27 13:36:35,2017-07-11,eb8367e178d144706a4ff3da62d284cb,2017-06-17
56c52d234b22892f3821750d97e57052,300f546c25d3587ad236a4d732c8031c,delivered,2017-11-25 14:02:49,2017-11-25 14:17:45,2017-11-30 16:59:08,2017-12-06 20:17:31,2017-12-11,803911f2e60553ddd6c785a6bfa4460f,2017-11-25
1031ac71b203bb98af456f6abf3c8862,9385cf864be9db1cdf47e4f45d3bbc6b,delivered,2018-02-13 15:32:19,2018-02-13 15:47:52,2018-02-14 15:34:00,2018-02-26 18:52:38,2018-03-09,8a29c9126406388e0b4c97b8862201ec,2018-02-13
2ba1f687634de479f8b6f7c483597793,821208246445cf31f4aae41554db9df1,delivered,2018-03-11 20:31:50,2018-03-12 08:35:27,2018-03-12 17:18:54,2018-03-14 19:24:53,2018-03-28,c4cb3db2617e63350cc99480a8a62c45,2018-03-11
7af99279a8af75b4b281a28927b84b81,fa4616bdd46797a26d41f1189ffde2d1,delivered,2017-02-24 19:20:34,2017-02-24 19:30:13,2017-03-02 16:14:48,2017-03-07 19:11:54,2017-03-24,1b8cd5471b18f9ff8376d7ebf26a3a59,2017-02-24
dcbec508f4fc195063833b2054995d32,95812584e3c64de9b6eb7ab962162255,delivered,2018-04-08 13:15:48,2018-04-08 13:30:26,2018-04-10 18:21:24,2018-05-24 20:05:28,2018-04-30,15f1e463f772f0f6739d6e1a869e7725,2018-04-08
1871b7e8d5edaa09867ed17d91b0d9e1,03b244a1b54133315bbb99ed870d07c3,delivered,2018-01-01 23:22:57,2018-01-01 23:32:22,2018-01-08 21:28:25,2018-01-16 23:48:00,2018-02-01,048018b271de8a57850a736e1decab48,2018-01-01
8eaffe8ae14ef70bec07c3934e06500d,223cbd7350ea2f7d4ed8c5fd1b812bbd,delivered,2018-05-09 14:54:32,2018-05-09 15:15:23,2018-05-10 15:51:00,2018-05-11 23:28:44,2018-05-21,4cd64dcd2c1a52cc6df6dea264c8a5c4,2018-05-09
0ed2425a77fed414a8d12ca5f1804670,088935be5a63fd4166d69f633d2d1156,delivered,2018-05-02 14:32:24,2018-05-02 17:53:55,2018-05-04 10:38:00,2018-05-22 19:18:37,2018-06-06,1d2dc2623f26166029397bb81880dc35,2018-05-02
a7369745f22345ef2b1cbfc57e4e0a73,e3e00b7ea484ae1ef4b76737e3ec56fa,delivered,2017-03-06 20:08:47,2017-03-06 20:23:02,2017-03-09 08:42:49,2017-03-13 11:04:53,2017-03-27,00446a03d7a34d191507c9e42870d0a5,2017-03-06
a2b29ceea06f28d1c71db5b2c9529820,cec814e6cabd3f32f9b9034230911881,delivered,2018-07-23 17:39:59,2018-07-24 10:31:20,2018-07-27 11:26:00,2018-08-07 15:08:44,2018-08-22,f495d4e398dcb42bb1d1da6c47a532da,2018-07-23
9c40a111cc4f36ac3f23328139901312,55e8be09219e4bc9dd78f8596b1d03f7,delivered,2017-02-11 12:54:48,2017-02-15 11:33:15,2017-02-17 06:35:59,2017-03-02 07:54:00,2017-03-10,bf68fbac483c0a39323fa1516bdf039a,2017-02-11
3e4fbccb16133fd341f745f8be520648,7d5b411bd834a0869611a61e01a7cf15,delivered,2018-07-26 16:14:02,2018-07-26 16:30:52,2018-08-01 16:30:00,2018-08-07 01:08:34,2018-08-17,695a8d041b1d12210b6d29b0637004d6,2018-07-26
817f6bab5398dc6c74b74ac820418d16,4764d14d044d8a476a85262a3bd65273,delivered,2018-03-17 18:18:01,2018-03-17 18:31:46,2018-03-22 01:09:46,2018-04-05 14:28:29,2018-04-09,302754b2edd8002c9916b2e3f119bc67,2018-03-17
a852cc31ae30e70e308d7e21bcc47990,d4d3ce7e6e51f287f5c2d896b0b07bae,delivered,2018-07-28 00:54:33,2018-07-28 01:10:07,2018-07-30 17:09:00,2018-07-31 14:08:56,2018-08-07,e5f19a93cf85b13edc0376d90e4a0ba5,2018-07-28
5d0d28b0a5db80fe44a0ac53bdb979dc,61fad79bfe55baa042c5fe91d8aa337f,delivered,2018-05-12 10:22:05,2018-05-12 10:35:21,2018-05-15 15:03:00,2018-05-18 20:49:36,2018-05-28,01ca0680cddb7f4c71e3235f08cd16a2,2018-05-12
444134534ff42a9631f932653df1d132,aaacfb9e51198232140a75af0e77c875,delivered,2017-08-04 17:30:33,2017-08-05 17:35:20,2017-08-10 18:36:18,2017-08-11 12:38:05,2017-08-17,dd6e665621eca3de5e37b072f7d50f0c,2017-08-04
be55f985440dddd650b389a55db8e49c,3304fe2035fb46edc7c6d2b2d86e17d1,delivered,2018-05-12 18:59:59,2018-05-15 04:34:58,2018-05-17 14:37:00,2018-06-06 14:46:41,2018-06-08,7f590b5e0b14f297072849dd46820174,2018-05-12
617700c0f437adbb60d8ab8ea6d9e3ab,a988ea25d99e3bf1cb59a94c3450bdb2,delivered,2018-08-02 21:51:19,2018-08-02 22:24:14,2018-08-03 14:10:00,2018-08-14 23:17:28,2018-08-17,a0b5c0d19b4f543e7d64912aadc96424,2018-08-02
800041272b068eed258fd7c9120a26f4,09a3bc3236329de95ec9cae4f72cecf0,delivered,2017-06-12 15:13:07,2017-06-12 16:00:06,2017-06-13 13:13:14,2017-06-19 12:24:46,2017-07-05,ca997cc72a8900d11058f233cb67858f,2017-06-12
b674e463ea07d8a8fac9951be50283f1,cdd95abd40476a4f5f391bbf0edb3735,delivered,2018-03-04 21:37:02,2018-03-04 21:50:28,2018-03-05 17:41:31,2018-04-02 17:37:50,2018-03-23,fd095bb7ea8bf82fde1a1c1006d4774c,2018-03-04
7441a7966b3ab1db2240ade4023df809,c82064d38030650cef4059e13d90ba39,delivered,2018-03-17 23:09:29,2018-03-17 23:27:51,2018-03-19 17:43:23,2018-03-27 01:42:12,2018-04-06,01a2ad01e93ccfaf7eaff9bda6f2320c,2018-03-17
0689012a897b2ac50b37994d77898bc8,c2676f47437c3ea66442e39a07605d77,processing,2017-03-08 10:44:37,2017-03-08 10:55:21,,,2017-04-05,8ad37a8e909b633be54a0dc3e94c7a04,2017-03-08
aa4c67f35e4d7127d9d9994164383ffb,f491695f1f6706acf407993fb133ffce,delivered,2018-02-14 23:57:42,2018-02-15 00:10:35,2018-02-16 23:56:32,2018-03-03 00:18:45,2018-03-09,2f6acc3b853beafff4f8cfc7db237278,2018-02-14
be6619cf0f41dbf6491aafc3b5a0d638,51f6210c02eb2afeda1b62f940bc39b8,delivered,2017-11-08 22:49:54,2017-11-09 05:31:31,2017-11-22 01:48:36,2017-11-26 20:37:34,2017-11-22,3490168e3acaf7c79dc72a00dfaa500b,2017-11-08
1b6c00256bc49004b1d059039306c08e,37e8d4bfba774a6a343e5c89275e969d,delivered,2017-12-04 17:01:06,2017-12-04 17:46:50,2017-12-05 20:39:06,2017-12-11 15:42:49,2017-12-20,da2b78576894a7f95d45bfd20250cc54,2017-12-04
a0f8cdef3a3387782a94be2247a45238,7f43eca0e0fbe513128a735c72985870,delivered,2018-07-02 05:11:53,2018-07-02 05:29:52,2018-07-03 11:58:00,2018-07-09 21:51:36,2018-08-01,829b3c40e0691e56247d62efc99b9275,2018-07-02
22caa724849d26dec4cd73ffc70bc133,983286740ff2d1fd74d499fd1a711de7,delivered,2018-06-20 16:51:23,2018-06-20 17:21:20,2018-06-21 12:51:00,2018-06-28 13:48:32,2018-07-17,a2b6e488aad29c0bb3621a5a9c5a9d41,2018-06-20
5a2cc0ecbae1c95bdaba1c3b0f5c6adc,c8bc9439b5f45f3387c3671e2f13ca6d,delivered,2017-09-15 21:09:57,2017-09-15 21:24:44,2017-09-18 21:47:37,2017-10-09 20:08:04,2017-10-10,a52ab8fd8e71a5ccb67f02e593ab7b3c,2017-09-15
91aabcab64d026c696b559aae16dd2c3,c4c06efcc379ca2350749a9e766a3c64,delivered,2018-03-30 16:38:04,2018-03-30 16:50:17,2018-04-04 21:26:38,2018-04-05 22:07:30,2018-04-19,79acbcd8b05b39a738b2bc6c8a28f5cf,2018-03-30
53007e0777fa3fb5e536c05a83b50198,8ee18a8c822e4287befa0590bcd202a6,delivered,2018-04-05 12:29:29,2018-04-05 12:48:19,2018-04-10 23:37:40,2018-04-23 13:51:52,2018-05-03,5c6488b7d12685827ce60336f56dceaf,2018-04-05
710d9b541d2ae52ef56ef33f5e1b795c,8f9cdc2bab0d953cab1e98d25253d8fe,delivered,2017-09-27 13:45:14,2017-09-27 13:56:24,2017-09-28 15:44:41,2017-10-06 22:28:04,2017-10-25,339c527109c4c03e8e09bd4b593dab5f,2017-09-27
73863aca434e1d117e45109bea6f1937,f3f7e581618408da1e8d5ebe236082b3,canceled,2018-07-29 00:05:24,2018-07-29 00:15:14,,,2018-08-15,b12294f6bca2370dc2f2a46cdc484076,2018-07-29
a44e04ddb3679ae302d3a586f69a6bf2,248dd234449ae68be3b93a1eba9ff33f,delivered,2018-02-19 22:35:15,2018-02-20 22:30:35,2018-02-22 19:13:09,2018-03-01 21:48:15,2018-03-12,916792a184efb5fb9fb04406a4e174b3,2018-02-19
90dea0577f835cee1385c71345f7a1d9,81d302f82bb3b158fba1d63e779461de,canceled,2017-08-30 16:05:34,2017-08-30 16:15:23,,,2017-09-12,8755519aac69312c193111ff21e42b30,2017-08-30
462240cb1ec4e5db517e73fff57ebfc0,143fdaaf1a8b9e8905183ee2714d3647,delivered,2017-11-27 18:39:56,2017-11-27 19:12:04,2017-11-28 18:35:42,2017-12-14 18:56:14,2017-12-20,66cf8110aa095f9456d89b7ca697d3a5,2017-11-27
d8fdddcd258b88c4919c52ce44756a39,c796c9785a45472c03b45277e6e4c2c3,delivered,2017-09-30 10:43:41,2017-09-30 11:20:12,2017-10-02 14:46:52,2017-10-04 15:54:26,2017-10-24,d4249bcd094470f3628d3ae817095128,2017-09-30
621419fdba0dc2eb4a35f91fc6c74c27,82e84768dd919d3a1df7f533e6d78be6,delivered,2017-06-19 09:15:45,2017-06-20 09:23:41,2017-06-20 15:30:44,2017-06-22 15:42:52,2017-07-04,9d7d5b2f4930fc4e18cabde5e5dc2b21,2017-06-19
82e5aab7d622b1d4261097b4299d02b9,86e59ec2cd8b5df5094ce062df9063be,delivered,2018-01-14 13:38:18,2018-01-15 13:34:43,2018-01-15 22:26:47,2018-01-24 21:58:59,2018-02-05,2f414e61d7f10449279a2f237ee20961,2018-01-14
7d98d1e2ee124ce999d8de65a391b73e,666b7bb54abadd1d317677a03e666c22,delivered,2017-08-31 09:45:20,2017-09-01 02:30:18,2017-09-06 16:47:32,2017-09-11 20:12:19,2017-09-19,9a7f008e7c9c792d655b815d5596ea51,2017-08-31
829d14a0e060598e3de477687e72a312,e9837d053b096d1d743efcaaae03cb95,delivered,2017-07-31 22:17:36,2017-07-31 23:25:11,2017-08-01 18:17:44,2017-08-02 15:57:03,2017-08-11,053b7090271ed4dacbfe0afd6382bbab,2017-07-31
3e77cc9aa8ac4a0ff4ced987e8044383,d124c1a4119ada6806f25591ee14e019,delivered,2018-01-29 12:09:27,2018-01-29 12:38:29,2018-01-30 22:04:32,2018-02-05 20:58:41,2018-02-26,6b2c1770ecc44e0aabd7d066605c0534,2018-01-29
7ee45000199ae00051ea0d2b996b66df,6191e4aa85f059f9a7c75f5ce1c72835,delivered,2018-08-20 21:09:06,2018-08-20 21:30:21,2018-08-21 14:07:00,2018-08-22 22:59:38,2018-08-23,211d4cb1670eb582754334d7f7d84c13,2018-08-20
ea47d67848331b928432c6a94c2f543a,4dc69f5a7144b4414b97fbe35696af97,delivered,2018-01-20 02:48:11,2018-01-22 15:12:52,2018-01-24 23:03:44,2018-02-21 21:22:17,2018-03-14,027b0a2a0630aa7439875c30b987bf99,2018-01-20
77e63cacbf44d28c73e6ad56e430f477,b95f89c4a889213640af2f83af3220c3,delivered,2017-12-01 00:13:14,2017-12-01 10:31:08,2017-12-01 20:07:02,2017-12-17 13:09:02,2018-01-02,1f9c999a258e902ad91126ccfce5242f,2017-12-01
ffe146c862ce518ad378598499bf9204,f813294c06241ae2660aa359c74e1d5f,delivered,2018-06-28 21:44:06,2018-06-28 22:10:03,2018-07-03 13:39:00,2018-07-14 07:04:34,2018-07-26,1bf1788a9e4d31061c61c925634002e6,2018-06-28
3303ae257c7df7d22445570e801fbe6e,af103b3a9791e738f592b8fe4da31c40,delivered,2017-06-13 09:44:27,2017-06-13 09:55:15,2017-06-16 16:28:53,2017-06-27 14:19:09,2017-07-10,5f4c641eb4f29caf4b297af7b7f9c418,2017-06-13
bef00c92231206983bc83df7ba17289a,705f31452e63ede0e5b4c1ac26991061,delivered,2017-09-19 14:35:08,2017-09-19 14:50:13,2017-09-26 19:22:24,2017-10-03 12:48:53,2017-10-27,baaf28810e4130649aca37365f83f7c2,2017-09-19
bf8a280eefe359fdbef7d51a81ac074f,31e2810840f6394ce0bf49779a0bc7de,delivered,2018-02-20 10:46:33,2018-02-20 10:55:31,2018-02-20 23:35:12,2018-02-28 00:39:11,2018-03-13,42d065c4f84791db1e9e6241922968cf,2018-02-20
7474d7f84129b6a4fef9e0cb53e2a081,108b9f81ac5b441daf5927b6f402951b,delivered,2018-04-12 19:29:44,2018-04-13 13:29:50,2018-04-16 15:44:43,2018-04-18 00:02:12,2018-04-30,ec89bfe816b83adb0613e1ac25b41df9,2018-04-12
59d03af4f73a43b604389724e4bf2be0,1aea733807a5066afa72c90bf8e81b15,delivered,2018-06-10 20:02:36,2018-06-10 20:17:48,2018-06-13 11:02:00,2018-06-21 16:19:50,2018-07-17,6ddf18b326e8b5be9511ba8583c5359d,2018-06-10
4be15c7abcf23a32b92fdd6fe0859ed0,3926b3687da46e8225d5120e6b086ad8,delivered,2018-02-13 01:34:10,2018-02-13 02:07:27,2018-02-14 19:36:26,2018-02-21 22:13:19,2018-03-13,25f7984e57eb95aaf95352962df14587,2018-02-13
eec2067eb71189cfcb944c23485d912c,d2d1149622911b7c1702c20c92b8ed38,delivered,2017-10-24 10:44:15,2017-10-25 02:08:43,2017-10-25 20:37:04,2017-10-30 21:16:59,2017-11-10,10674cc49bd68773d186d496d8ed071d,2017-10-24
4a21e3eb07861993fbaae74314b0d224,ffc0c21bf66cb129c62d8f89ed19c26c,delivered,2018-07-22 16:56:59,2018-07-23 12:31:42,2018-07-23 13:27:00,2018-07-30 16:42:11,2018-08-15,2be7d578854588f75b1922cf7627e1be,2018-07-22
2d40e4509fd3b132931c957812969adc,f3f8de553908bdd20818ca14138343c7,delivered,2017-10-02 18:14:49,2017-10-02 18:28:09,2017-10-05 10:23:53,2017-10-19 18:34:05,2017-11-07,8939ef635a33bf463e9fecbc15125f33,2017-10-02
cdc8b4ad3c6deb7fc303fb91abe7bc0f,9cec1fab93e0ea9b843a7c36c5c8316d,delivered,2018-02-15 12:54:37,2018-02-15 13:10:27,2018-02-16 21:17:59,2018-03-13 23:28:28,2018-03-12,9bee831a35b2b7863b12879207ad4e8d,2018-02-15
99316aecfb3e31190e43714f7643a49b,cf72b318eb9cd0e7712a2c1bca227789,delivered,2018-05-10 22:27:24,2018-05-10 22:57:24,2018-05-11 14:53:00,2018-05-14 21:21:55,2018-05-25,d647ac91ff870deee189d7cd0cbf2380,2018-05-10
80d73004530edf9f79654ad0cc012f0d,d6dd14b0c6ddb5b124b774c49ced720d,delivered,2018-02-18 18:26:37,2018-02-18 19:30:29,2018-02-19 20:17:42,2018-03-08 21:48:20,2018-03-16,863bf2bf5b06079d2a1d51d085a32bca,2018-02-18
f4717f2753751da5c2494961edb24386,58ebc13cbd9b3a6dba5a0b3fb3455db3,delivered,2017-11-29 14:27:34,2017-11-29 14:38:23,2017-12-05 15:37:13,2017-12-09 01:09:14,2017-12-20,6b71e033c0b7dd9a82dcacc6a24f76fb,2017-11-29
983ca2708d1c50ac99ed54a30ae38d0f,a332a08774332cf3a10b73e79d8a5d93,delivered,2017-02-02 11:40:32,2017-02-03 03:45:21,2017-02-08 15:25:17,2017-02-13 08:57:45,2017-03-13,10964dddd89c3cfa2d985eec1c519870,2017-02-02
d11661ab8e0adbc1967bf4bb44c60b2c,6e4cfcc4784ce86f8ce3671c2ebca031,delivered,2018-01-20 20:58:15,2018-01-20 21:22:19,2018-01-25 21:41:45,2018-02-05 19:33:04,2018-02-20,6eaf87256f82b550588ce46d05eef503,2018-01-20
429f9f7849e2149c03ac3e4ba5659050,b5bc395b6c0cc16a6432e87867c0d5a8,delivered,2018-04-03 14:23:55,2018-04-03 14:35:23,2018-04-04 18:51:51,2018-05-04 10:16:48,2018-05-28,1782f9fe99daa3cf55563602e32d505a,2018-04-03
009fa9bd0d92710e840793bfefa80867,ed19fa6ce948d52be769926c2baaa17c,delivered,2017-06-14 09:44:30,2017-06-17 03:50:11,2017-06-19 21:14:50,2017-07-08 17:26:30,2017-07-11,0124721bc33e0aa6772b42d4ccfd01db,2017-06-14
d27806c15d0457fd42413dcf53cdd340,a1db30418837f238cdd66352eea4f1d8,delivered,2017-06-19 19:39:16,2017-06-19 20:20:05,2017-06-20 10:30:30,2017-07-03 17:21:32,2017-07-11,6b90e5cc5324227c6488caa0f282a28a,2017-06-19
078c2d9bb7e5905e870838448db0d3b3,0a3459f8f647c54834ba504e02519cbf,delivered,2018-03-25 11:28:16,2018-03-25 11:47:34,2018-03-26 20:31:39,2018-03-28 15:48:52,2018-04-13,1f706bf3d8588cd35fb75513b2fcd780,2018-03-25
e90f4f7e0953d4031b08ade067de9e67,bd3a507ff02b1cb5e3b209c7d745e93f,delivered,2017-03-04 16:02:45,2017-03-05 16:10:10,2017-03-06 11:08:11,2017-03-14 12:48:43,2017-03-23,b599641f400f126013e160894bd409e2,2017-03-04
1441bdf56d9316c4649d04ecf5055bf5,0c5bc9b483fd56c74379ef5d96bfe494,delivered,2017-11-30 14:53:50,2017-12-01 11:31:27,2017-12-05 20:38:42,2017-12-13 19:22:04,2017-12-28,6b88a221ce37fa2bb4f67acf27e56716,2017-11-30
351a4161d1abb1089cd923ba455f46cb,137405e93186f07fb1006c5015695907,delivered,2018-01-18 15:26:35,2018-01-18 15:36:30,2018-01-19 22:42:18,2018-01-25 19:22:40,2018-02-09,effecf2e702b13058b6ca07a0a649691,2018-01-18
3612774010df99c2dbad4a7dbebfff59,a400ff8a1b6512b2d1f9fcdaf5e222a6,delivered,2018-07-23 15:59:04,2018-07-23 16:46:00,2018-07-25 16:23:00,2018-07-27 15:32:58,2018-07-31,d9e06320bc4c013895d433332e0b0536,2018-07-23
efdd6716d5125862a11d4e354bd4ec3c,3630110a4717d9f7969032afa285b469,delivered,2017-07-27 22:39:53,2017-07-27 22:55:20,2017-07-28 19:45:45,2017-08-04 14:32:19,2017-08-18,3a56452dccc454b0a79012761fc871d3,2017-07-27
853e167f64c749528b3b531bef12850c,6d1b839adf629f558b435f4a4f3f83a3,delivered,2018-07-13 18:59:31,2018-07-13 19:15:13,2018-07-16 07:31:00,2018-07-24 19:08:57,2018-08-02,cbb05fd914ebbac1d925e9740c2e797a,2018-07-13
39b7a4274b467163628ad2c5736f9209,6c314ea2a148caae05d1a3adcf134502,delivered,2018-03-18 11:23:33,2018-03-18 11:35:49,2018-03-20 23:02:49,2018-03-23 19:58:41,2018-04-05,6028e78169ba95cf37c0efb0f10e75e3,2018-03-18
97ced3e3cf95caad623ab243c019a554,780aeac9aca8a8b475c06d5e58543c9c,delivered,2018-02-08 17:37:00,2018-02-08 18:32:25,2018-02-09 23:06:44,2018-02-28 00:28:29,2018-03-06,7703292af24d5d7a48b5ce49667f8504,2018-02-08
3f41fd6ddaad5817115c0d99360ad3e6,decec7e48f3d663f795b78721893f388,delivered,2017-11-23 11:12:16,2017-11-24 03:12:47,2017-12-02 01:58:21,2017-12-11 20:35:56,2017-12-14,a96f5d509dc3ca9346055e773006bfd2,2017-11-23
6c187850c87a918e0ac628d5ffd4d75a,6b39b1d56b466e46aeb889194235e77d,delivered,2018-04-04 19:51:29,2018-04-04 20:08:43,2018-04-05 19:49:26,2018-04-10 18:07:44,2018-05-02,2755ddcc281dce018ef19e1f8e54716d,2018-04-04
54aba7d2489d6b8a6bc2fa1a54a1bb69,4b89b43382d62c52876fdc2d67bbaf16,delivered,2018-04-12 15:15:43,2018-04-12 15:30:49,2018-04-13 16:37:40,2018-04-16 14:06:54,2018-04-30,ded27622921b68897221d5620b773b4f,2018-04-12
4ec7da00b00c04936796489296dbb9e7,557d2a7a51948f32c7b9027084d8c2c8,delivered,2018-07-26 13:43:19,2018-07-26 13:55:17,2018-07-26 16:03:00,2018-07-30 14:11:52,2018-08-15,a891da9e957092d973fd1fed28afc774,2018-07-26
508d8fa044fdaa4d8faff57a4e72e64a,1596f3450e07b5743263cf514cb9c829,delivered,2017-08-02 15:34:56,2017-08-02 15:50:07,2017-08-03 20:03:12,2017-08-14 16:59:56,2017-08-24,f129ee560484c2c2f35abe2ea5c3e166,2017-08-02
81039bb5e28d76cd6757558d5800a617,ec91e560b9b86807cdf13ee64279176b,delivered,2017-10-03 02:09:52,2017-10-03 02:23:24,2017-10-04 14:56:16,2017-10-10 20:22:14,2017-10-19,9947c0ed8bf41cd508a78da36abc1d41,2017-10-03
3892e6d2a2c4ac6ff5b68904a08e2099,9bf783bdfc2d399546513a3aaadca64f,delivered,2018-03-24 12:12:45,2018-03-24 12:27:34,2018-03-26 20:34:55,2018-03-31 16:41:43,2018-04-12,8c9f6ab6e911d44c9a96b51bdceb7f54,2018-03-24
65a49f4b0f6710e547044ccfad802e53,f60b5142b9fc8bf70c998e2eb28d9024,delivered,2018-01-29 13:17:57,2018-01-30 05:31:37,2018-01-31 22:58:02,2018-02-01 13:56:05,2018-02-14,46d8cbad99a81795a10171a0db3a0def,2018-01-29
37a9cd356ab386c137066c705c927937,7365b52db410252fe2550d7897a79a6f,delivered,2018-02-19 11:32:25,2018-02-19 11:47:37,2018-02-20 19:16:41,2018-03-06 16:36:55,2018-03-13,7257ee278349b6189c1f05380e328395,2018-02-19
1ba88e3e2b2311150e8609fbb731ac99,cb3e3dbb6bb631dc9cd99180e55119bc,delivered,2017-05-11 13:46:17,2017-05-11 13:55:19,2017-05-12 18:26:04,2017-05-15 12:06:35,2017-05-31,71e280dabe3303a8d137284d61acac27,2017-05-11
bc5a4e5f24b16e6c03294f5f113930be,70138f96db51881f3619af1ffd1276ab,delivered,2017-06-27 12:33:47,2017-06-27 12:45:27,2017-06-28 12:41:06,2017-06-29 15:28:44,2017-07-10,47bd37533335ca8fcfb008e49157199b,2017-06-27
4266cc59dbee85121deb59ebfcf36eae,7e4a91675986931608b18f4ade346efb,delivered,2017-10-05 13:16:25,2017-10-05 13:28:15,2017-10-06 14:10:04,2017-10-13 16:59:00,2017-10-30,6469f99c1f9dfae7733b25662e7f1782,2017-10-05
699d4a05ee53f6603330b248226c6fdc,95eb0667cd630efb5b9b8d31cd52450e,delivered,2017-03-28 13:13:45,2017-03-28 13:25:18,2017-04-05 16:33:21,2017-04-11 14:35:44,2017-05-02,a37886f08d7388949c837444617bb1bd,2017-03-28
4079df924e51e553825e62f9f8995d59,73f958ad1ba68bf3c7f01cae085ed153,delivered,2017-01-24 14:22:33,2017-01-24 14:30:47,2017-01-25 08:59:17,2017-01-30 10:38:48,2017-02-21,3ed5e288eb859999092ba5da0c1b3128,2017-01-24
b7b4b4fa31e517b9af7706d637d3de1b,9f56f65891ef11f332bda66952a48874,delivered,2018-08-09 14:52:58,2018-08-09 17:15:13,2018-08-14 18:00:00,2018-08-20 23:48:25,2018-08-27,8c93f951b7b9bdd9a00c3da5b6e2ed65,2018-08-09
b6bf0977a04c2f3b84bf63aa0d308b5e,a5fbdec2c17bfe055e28024387bc8f99,delivered,2018-03-01 14:21:25,2018-03-01 15:10:31,2018-03-02 15:53:13,2018-05-03 02:43:43,2018-03-28,824fcf573a9993ef9ae8ebd184f86cfe,2018-03-01
9e9bb251429e37919252cfa83702d18e,5afb0d90b4304a930a1fafd5f6188b8a,delivered,2018-07-02 18:39:08,2018-07-02 18:55:09,2018-07-03 12:59:00,2018-07-05 20:37:22,2018-07-24,92d78510dc1a9475547b4f0bd153b978,2018-07-02
4f586e2756d31db4f5d770d170dd51ae,9b7822c67a91b431e9254007b587214d,delivered,2018-05-01 20:45:44,2018-05-01 21:12:28,2018-05-03 15:05:00,2018-05-11 11:42:03,2018-05-29,9d0ac1cdbfc919d676e2c2377abb32c1,2018-05-01
efe9725dbc15f09b8e8b95c6331655ba,32e3df990cf96c966d073b0e42b27cda,delivered,2018-06-01 09:49:41,2018-06-02 03:31:50,2018-06-05 15:15:00,2018-06-11 12:56:55,2018-07-04,815c9ad0cc399929a7d27cc7a4954a0a,2018-06-01
ffb18bf111fa70edf316eb0390427986,5c8f393ae866c2a2d2e775dbc2409a59,delivered,2017-11-27 13:29:05,2017-11-27 13:39:22,2017-11-28 22:15:05,2017-12-05 18:38:53,2017-12-21,d87ea5e1e23e42953de9a2e6aa31c80e,2017-11-27
53e640f0c1485f3c0793cf647b975c3c,98ba5e7a2a5422d51cf5e6317a569549,delivered,2018-05-20 16:19:31,2018-05-20 16:35:20,2018-05-22 07:58:00,2018-06-02 18:46:21,2018-06-08,a27046d6ea3697a00791a8010134a53b,2018-05-20
5418fbfe1d6b9bb5db019dc709dac182,6eaa8d4528e1d01b58e4c64762314c0f,delivered,2017-08-17 18:37:40,2017-08-17 19:25:11,2017-08-18 18:22:41,2017-08-24 11:47:54,2017-08-30,c151cf4887475b0a78ab029c65c924b0,2017-08-17
896ebe72d716ef0ff2bf8f7a74c94870,a971ad3dd2bb014f351fdc75305597b9,delivered,2017-03-15 13:57:41,2017-03-15 13:57:41,2017-03-21 15:33:08,2017-03-29 11:42:51,2017-04-10,d763e1a90d84323be3e28d0cc0c20d02,2017-03-15
af44ea15e758ded763d79c76a2354bb4,554d280c6ca30e9c4b2dba7bf368ef53,delivered,2017-12-22 15:07:12,2017-12-23 02:13:29,2018-01-02 19:56:32,2018-01-11 01:29:13,2018-01-29,94b0e6cf1246813b99b6c17f7a162197,2017-12-22
1fe85ed3aac60c497e9a22a39fcd715a,890397d5fb4326b5d6360d28a3e5f204,delivered,2017-07-06 04:51:49,2017-07-06 05:03:40,2017-07-06 10:51:19,2017-07-18 20:27:49,2017-08-11,093d6079e0cf6e5d4d9a646c52f25baf,2017-07-06
7634d13a219590375d843d1680c21e70,dec5253a92372b0843e9c47d24766ea7,delivered,2017-04-08 17:24:31,2017-04-08 17:35:15,2017-04-12 16:25:00,2017-05-10 09:48:33,2017-05-12,51c8f7c28521a11bcba80729a0a3f570,2017-04-08
11cfb7ef8394269889a34ee7832fe16c,3499bb8409c2d9e2a4aca403d60d4a15,delivered,2018-08-20 22:23:51,2018-08-20 22:35:14,2018-08-22 10:06:00,2018-08-29 19:32:17,2018-09-05,14f477af61849ecffcb740c29544b379,2018-08-20
417530b1f1b63eccef9e9a975a5c9a45,cc1c7dd9bad8239fef33da83dd813f3a,delivered,2017-05-09 20:30:44,2017-05-11 04:10:13,2017-05-12 14:10:53,2017-05-19 10:06:50,2017-07-17,f9ee361ad3915beb49282031641143df,2017-05-09
ac8f8a6e0d980aae7905fb9b3480078d,c03efef1b396371beb5420daed386df9,delivered,2017-06-25 15:28:35,2017-06-25 15:42:49,2017-06-29 16:42:12,2017-07-07 17:07:54,2017-07-25,8351ff0f6b9dd7e92b2c808007ce7408,2017-06-25
ca65e3c6e57d9268c00fd2a65cbd14d0,3ba2431d39a1755e6f02841aec4c098f,delivered,2017-06-06 15:53:22,2017-06-06 16:02:49,2017-06-07 15:12:59,2017-06-08 12:05:56,2017-06-20,12fbbfc4971d89eb3690e796be384af5,2017-06-06
909b69f5894c4b1a14264b64f98b4e10,ccfec7e88d306fcd3e0faa0ba235ac7b,delivered,2018-08-03 21:53:30,2018-08-03 22:05:14,2018-08-06 14:10:00,2018-08-21 17:14:34,2018-08-17,d892383aa36040299858ad9cc4bcee30,2018-08-03
454b13a7e00832755bc136026c5d2ac0,f8a7354efb295bc618ca386a32460e0d,delivered,2018-03-12 13:56:33,2018-03-12 14:15:58,2018-03-12 23:11:09,2018-04-04 16:03:40,2018-04-03,bf17a21b9d5c86331548e065953ab319,2018-03-12
4e839b1ce670c701bd83a9d9aeb58969,022bc7ff7c20f7f9343a9fd58bcb3870,delivered,2018-05-01 15:09:52,2018-05-01 15:35:06,2018-05-02 13:51:00,2018-05-07 18:46:35,2018-05-21,2ef9e79cf6bf3c0dac3b48c8dd46259e,2018-05-01
8d73d05fe1d2142179985e04712e8485,36edf7315742a7ef878b09d974a697e4,delivered,2018-06-06 22:00:28,2018-06-06 22:12:32,2018-06-07 14:08:00,2018-07-28 16:52:34,2018-07-19,1d5bf38084a1b6251519e2b7cf9a54e8,2018-06-06
0501724b4f41a7c8ab490d4beacf4d07,6c7036cdcea7624d1a6060bb8a2c72ac,delivered,2017-11-13 17:14:17,2017-11-13 17:27:10,2017-11-14 14:39:14,2017-11-17 22:19:32,2017-12-01,8bda166f761e878cd34885f752896437,2017-11-13
1b5afefbbcfd69807bab110d1ffe7cda,85ef70e333c50fc4d005b3696dd34bf9,delivered,2018-05-07 21:42:08,2018-05-07 21:55:08,2018-05-09 15:09:00,2018-05-24 21:58:57,2018-05-28,d44eebcdb4d3d091f61bcb211b9129e3,2018-05-07
0683ead91c16a3b8964141bd93ec4edd,714e373b4d8a9a18a7f5fdb022bafae6,delivered,2018-04-02 09:28:28,2018-04-02 09:48:29,2018-04-03 18:40:47,2018-04-04 19:51:54,2018-04-12,296318aec364cb8bf2427a7e54d9f5c3,2018-04-02
ae6144c470984a7dcd32074f5d981973,cba3093db3baa32369a1d7dec3b568ed,delivered,2018-06-04 16:55:09,2018-06-04 17:10:55,2018-06-05 13:32:00,2018-06-06 16:33:37,2018-06-28,2e622dd59a21e1155c8796a0a71d2d56,2018-06-04
030c7ec55b04c23a239cd70bd9750e18,693183c6c2250fb4f5114820f86791a0,delivered,2017-05-15 21:29:38,2017-05-15 21:42:56,2017-05-18 05:34:54,2017-05-23 17:51:47,2017-06-02,97b2d5bb4efa38e719b68769a462aa9d,2017-05-15
d67954930a77c40b72e9ee69fa019a81,a76357caf01b7c00b203d627378240a2,delivered,2017-08-23 12:59:04,2017-08-23 13:10:46,2017-08-25 11:54:55,2017-08-29 12:21:55,2017-09-15,008d17333e414049279c7822dfd5f019,2017-08-23
3aee81e01f24405a40616bee07415a45,3d14e5ffcd2a7d420f8179cef490c08c,delivered,2018-02-13 17:14:48,2018-02-13 17:27:30,2018-02-14 20:33:24,2018-02-22 00:04:37,2018-03-05,3b66cda83c35412850dce44d6cb3dc78,2018-02-13
4e5128aa6e63f380424a245a12444fae,e6e13fc085719134e62cd5f74902b352,delivered,2017-11-16 14:21:52,2017-11-16 14:35:27,2017-11-17 16:58:24,2017-11-24 19:04:38,2017-12-08,aefa196089a576f2f12e20483d2a76c3,2017-11-16
0d758f79408829d623e331723ac19569,a88d6106a6f0351a07bd7c3532e35309,delivered,2018-05-08 23:17:15,2018-05-08 23:34:27,2018-05-09 15:43:00,2018-05-14 15:19:26,2018-05-18,6217b2ae0dfc1034e067dbeb5f760823,2018-05-08
66fc98f7d344e1e2073260292fbe6e4d,c3b9f8382596a16424bf4be335e84fd2,delivered,2018-03-06 07:59:45,2018-03-07 12:35:42,2018-03-10 02:06:54,2018-04-03 14:57:53,2018-04-06,8cd791781804096ed564baaefdcc722d,2018-03-06
14b0bbcd9df43c7c4f332b485e84faaa,2a16167dcea2edc061e897479c84ad37,delivered,2017-12-10 20:02:42,2017-12-10 20:14:31,2017-12-18 17:19:30,2017-12-27 14:04:13,2018-01-09,c5f4747f3d0eef0ba6dca2bdb61c0c02,2017-12-10
78cf50046b61f1f374ab7dc4a12bd20d,52dec57d26ea560ce974dc4afdfd21eb,delivered,2017-08-10 11:31:45,2017-08-12 02:51:10,2017-08-14 20:53:49,2017-08-22 09:49:53,2017-09-01,82dae8f2418845de8de1b8ebbb41a132,2017-08-10
d5b98f30a5e1df17359cc0588f14b5ae,605290d36a17bf44c7f1cd478338e0a9,delivered,2018-03-20 08:59:49,2018-03-21 02:51:02,2018-03-26 23:19:34,2018-03-29 02:33:33,2018-04-02,9ba58531ff79372adc4b2f21ddeb236b,2018-03-20
ea72383cf738914448322568a400d37c,47316fa242f0c65bec67203b226fc4a7,delivered,2018-02-10 15:14:37,2018-02-15 04:11:05,2018-02-15 20:21:57,2018-02-16 21:05:21,2018-02-26,4368b6d00daadcf1c3830ceee322ef4f,2018-02-10
65d94fd101d96f0d048472f89b348703,c56ac40c3685486f321027a4c3b3adda,delivered,2017-07-10 08:32:20,2017-07-10 08:45:12,2017-07-11 14:52:26,2017-07-17 18:48:22,2017-07-21,7cee611a3f3c1f9850014a3e83cced13,2017-07-10
3bd3e7a970612f2a863088c909ef42f6,9be137a9e96c87d767e4c400c3e5c628,delivered,2017-05-01 14:02:17,2017-05-03 11:42:45,2017-05-04 09:59:13,2017-05-12 15:11:23,2017-05-25,1598b9b386b0ea6a432b672f8c3cc843,2017-05-01
f432a241fd23667f1e00486f42634d9b,05a0af0b2fb1454dd6d697eca5e7a1d8,delivered,2018-07-27 09:49:19,2018-07-27 10:24:13,2018-08-01 15:23:00,2018-08-06 14:42:37,2018-08-16,33ede6358f72431c7089ee96f2cc74d9,2018-07-27
698c205b3d4d82b6ddf90c51b96119f2,d8b1dd7d7e9ebb52c8e97ba11e49350b,delivered,2017-06-12 08:57:04,2017-06-12 09:05:18,2017-06-16 13:03:18,2017-06-17 07:51:01,2017-06-26,4c3d123168c78dcca6cde5a7274430a5,2017-06-12
dfdf713f169a1ba9bbfd41f67179e07a,2946b54f698c047983290dd6af2e1b4e,delivered,2018-04-02 21:36:47,2018-04-02 21:49:11,2018-04-03 20:28:26,2018-04-07 12:51:54,2018-04-20,4e6d3611cced02bd8c573c69596e1361,2018-04-02
a7e30722ecb34ffbeb0fb198ff547677,48917c6bc62665546306ddf9da1170f4,delivered,2018-02-08 22:53:00,2018-02-08 23:08:31,2018-02-09 17:59:49,2018-02-16 15:42:37,2018-03-02,5f6549c5d0a8d5d6e86dafeac7357d30,2018-02-08
eb42c48708824a17f51b6fe934728fe3,869619cca057d589916befa7d5c6a04e,delivered,2018-05-02 21:57:10,2018-05-02 22:35:01,2018-05-03 14:03:00,2018-05-20 17:08:21,2018-05-23,1bc53743a13c9abfed7d5d432e590c23,2018-05-02
e4125f8d1a61bdeadda581f9b282f7d0,530e4206f359251c5d5a12daec061037,delivered,2018-05-21 10:41:20,2018-05-21 15:32:16,2018-05-22 14:44:00,2018-06-01 20:44:37,2018-06-11,4f19b9967c3e5b5e63dceb94b5bb2223,2018-05-21
3965d237f920eb15e1f335fa04a352a6,739b17c073548a59b868bcba2fe0038f,delivered,2018-02-13 20:17:10,2018-02-13 20:25:27,2018-02-15 21:12:44,2018-02-16 21:06:13,2018-03-02,195bd2de4ad0dfec423973cc62dd77ad,2018-02-13
6398f5a8f74b7a09697d4417628dd212,39efaf3a07f73a8ffe04a44f61c27fd8,delivered,2018-05-07 10:08:06,2018-05-07 17:17:40,2018-05-09 12:08:00,2018-05-16 16:40:31,2018-05-24,21374af3df5985c2b10620a6b8c71542,2018-05-07
69253c0e2ec746a1f5a1ab71985605ba,53672b98e89f2efc5843c2c0811e8205,delivered,2018-06-09 18:05:46,2018-06-09 18:19:09,2018-06-11 13:36:00,2018-06-12 16:18:38,2018-06-20,31bcfaba742a273603909936ef4a5b75,2018-06-09
d5dd1655174fa071eda9b9d3b6e9e4e5,99e0d264323d48ab8442c307fecfc947,delivered,2017-08-29 18:19:15,2017-08-29 18:30:21,2017-08-30 19:52:47,2017-09-13 21:42:05,2017-09-26,8c8b21e9534948db376200dd8de97c98,2017-08-29
fbffbaaa30f4077e87ec6acdb835b278,a31e61974efff601345e65e5d6b7ff31,delivered,2017-07-30 17:58:26,2017-07-31 07:05:07,2017-08-04 20:04:17,2017-08-03 20:30:00,2017-08-18,fb47a6c6b54098aba06e41b834360c4c,2017-07-30
6db058553902cd2054887f510d4ecf28,cb1169f09b2fa517b0255a65e31bc9e8,delivered,2018-01-15 22:09:03,2018-01-15 22:16:22,2018-01-17 18:33:22,2018-01-22 17:14:29,2018-01-30,848e4afbe2694186332b34dac9909092,2018-01-15
1f612bff4d56e027d312b7e884ed03b1,56199d1df1c8206721f0268522e80831,delivered,2018-08-10 07:46:01,2018-08-11 02:44:33,2018-08-13 10:44:00,2018-08-14 18:52:45,2018-08-27,36332743565d2d80c0ab9ae2f448ef32,2018-08-10
3e1897c6193a83db67bca47e9cd163f8,83cdba529e4197c9cf79b45fdcb4fbc6,delivered,2018-03-02 15:05:43,2018-03-02 15:29:03,2018-03-05 19:56:35,2018-03-22 20:59:03,2018-04-03,5b7457a521492ba35573e2ea4c2e364a,2018-03-02
bb23ee96defc419b4137ae66d0c0e44e,31d3659dde39e27a3ad1ffe5335ac5ba,delivered,2017-08-23 16:17:38,2017-08-23 17:34:50,2017-08-30 16:35:13,2017-09-11 21:36:37,2017-10-03,9bc158770d28e135f48b0c3fb2c21d27,2017-08-23
31112043c409fb9c7429a94904d314bd,7cba9d30b0b27d8d6ebf7a7a2a33aef1,delivered,2017-02-06 01:24:51,2017-02-07 06:50:18,2017-02-09 14:41:52,2017-02-14 14:27:10,2017-03-06,0edaaecdc1f6ec771fe82abb539ef309,2017-02-06
7bb9a1e9e98af42c684ed6e737d0209e,aaf1b6203617efde26a4a91a78ee2fc6,delivered,2018-04-18 08:18:57,2018-04-18 09:10:53,2018-04-19 19:28:36,2018-04-26 18:51:58,2018-05-09,b926f1c1b41e0c4664d00400586a4b78,2018-04-18
07d60a76803db63f0ca6708011e8cf9b,58f28288856f391fd920e892adde9393,delivered,2018-04-13 13:45:45,2018-04-13 13:55:14,2018-04-17 22:08:49,2018-04-28 12:54:43,2018-05-03,71a26c172a544ccc789674f1fab9d951,2018-04-13
f93b3cb75ff8589459a1280b46c3b6b4,5b90f32250ae148d5e833a5add2c9adc,delivered,2018-05-22 16:17:23,2018-05-22 16:57:57,2018-05-23 14:13:00,2018-06-06 20:32:43,2018-06-14,5d5605b616dcfacbd94d72a7fea8ae1d,2018-05-22
19dfd69e0181a3b819c8de433823ee61,47dcfad9a855e71a4780ea5b464e82c9,delivered,2018-05-02 12:18:10,2018-05-02 12:33:41,2018-05-03 16:28:00,2018-05-08 15:03:16,2018-05-22,7148901c6dcd9d2f754402e2f7e634e8,2018-05-02
dbbed4924867c581971797d61fd69230,1ba528f37985c821f99ecaf28db21d81,delivered,2018-03-26 22:29:08,2018-03-26 22:47:26,2018-03-27 20:56:38,2018-04-04 17:05:32,2018-04-13,2e01258d69e065fc1280cf585abd2754,2018-03-26
28828f489c91c1e32c3840fdd57d5d43,f86df632fc1df8cff19cedf257056e5f,delivered,2018-08-12 11:16:23,2018-08-12 11:25:08,2018-08-13 15:20:00,2018-08-21 20:31:48,2018-09-03,5c0e24fc9e6c3094e6e43ae5efd4123f,2018-08-12
8f3530f8fd2a677f9f081442a10d1ca9,e61468172636d28de88782eb856c7719,delivered,2017-03-06 23:24:46,2017-03-06 23:35:17,2017-03-07 07:32:26,2017-03-14 15:18:04,2017-03-29,5b59181def4480a0b80a426ca8c2dc3c,2017-03-06
b545fbbd1cf26fdd3bbd1dbef6711f5d,c6115051e3b73e42d077737f473a69fe,delivered,2017-05-23 12:14:26,2017-05-23 13:06:03,2017-05-24 15:08:47,2017-05-29 10:04:33,2017-06-14,1dae5e9498ca4d75b926a415322900d8,2017-05-23
1164c7cd1bc7ce2567ff3159aa3cc51b,6715bbc64ad26fd7b362df3fb6d78566,delivered,2017-12-18 09:12:41,2017-12-18 10:14:27,2017-12-18 18:35:19,2018-01-15 20:56:26,2018-01-12,1699973a2d62d4b25f3a74da61e22539,2017-12-18
22e99a329dbbe2d33ea6b6a46aa7e011,ab7a0ab7334e40030aad571444cf4a26,delivered,2018-04-28 07:47:49,2018-04-28 08:13:20,2018-05-02 14:28:00,2018-05-03 18:36:45,2018-05-09,475a96bad0d5e8d6fce844081747d55a,2018-04-28
ff36dfa12cb7e25f1e145ad701e2f994,554821b02a376daf0dbc6a9468c6405c,delivered,2017-09-05 22:06:27,2017-09-08 13:45:11,2017-09-08 19:52:05,2017-09-20 16:50:22,2017-09-26,826d860f77a0ba6e3e7c83e57a0ad778,2017-09-05
5297d2383ed2427349be6b01e151ddf7,af9b97ed135fd52d2ada64faf8a659a5,delivered,2018-02-07 09:24:28,2018-02-07 09:35:34,2018-02-07 20:09:16,2018-02-22 19:06:17,2018-03-08,696d6207ec2e5fc00c63bef587938c2e,2018-02-07
4461758febf28f20a599646b502ddbec,f0f34532c0f49c3a349e2fe20758d1d7,delivered,2017-03-29 10:21:02,2017-03-29 10:30:21,2017-03-30 06:32:44,2017-04-12 16:18:03,2017-05-09,368ff642743e064394117853fa4faafc,2017-03-29
ab0d2dfd951cc21617cac17585f351ab,13ac63cd7d4fb4f7f3a9d07efc803b54,delivered,2018-02-22 09:27:40,2018-02-22 09:49:25,2018-02-22 19:07:58,2018-02-23 22:29:17,2018-03-08,e418d41e6471f1d8970eabfb2003bb52,2018-02-22
47fd73d4c6ac6514ecb8b7429d90d0f4,ec29b40322baf8525c3d1460ccfb6f14,shipped,2018-04-10 12:23:49,2018-04-12 07:29:19,2018-04-13 19:06:50,,2018-05-07,e302d90b099cace8a2e3d9d46483b9de,2018-04-10
1d25c59982ba58d4b0868f23c114f4be,310822f701b4f2b70c6d9843a0065078,delivered,2018-04-02 14:02:33,2018-04-04 03:08:54,2018-04-07 01:18:25,2018-04-16 16:38:45,2018-05-04,a2b50b2b016ef5a491f853c97cada425,2018-04-02
31b639279dcb50e0d972f6543481e2e0,e192614bed5eb7c4855b7e6ac3bbbd24,delivered,2017-03-13 11:06:50,2017-03-13 11:06:50,2017-03-14 10:06:05,2017-04-05 12:48:39,2017-04-07,dd993363928d10ad8aa88d528ba46d79,2017-03-13
2315c6b3f23fdb4ea2dfeaa8f865dc50,826e35bc02d6756a7248bfa8f8fae2cf,delivered,2018-02-01 15:08:27,2018-02-01 15:34:48,2018-02-02 20:45:03,2018-02-14 19:28:34,2018-03-02,9eb439cf9d2dfb2719d4b3b85f8e1177,2018-02-01
740d8c42d095b801a185f7b8aeb4f9b1,905d495c51041b7d72f23d18e6060fb0,delivered,2018-03-14 21:03:17,2018-03-14 21:10:31,2018-03-20 15:35:48,2018-03-28 20:17:40,2018-03-26,a569478fd806a92eb0fe92543705629e,2018-03-14
d568698e0ce60cca292f739e9a60e8d0,64058e47b0b554f449a7c61c432b56f0,delivered,2017-11-03 08:44:37,2017-11-03 09:06:04,2017-11-08 18:57:01,2017-11-18 01:05:00,2017-12-05,b0d38d8b148c01bf1722a2f706b00d8d,2017-11-03
e088317b8ae2544100b69e8e3dd0d3c5,83fecb7abdc00fe32d516ec12625ff01,delivered,2018-02-03 19:47:04,2018-02-04 00:09:38,2018-02-05 17:14:17,2018-02-20 20:09:19,2018-03-12,057ef0b5aa3ce2afa4394072a4d11c7e,2018-02-03
db5be41fbd2f5f305ddc8ca9c3dc473e,8c60cbeede31c2cc774d1e3077ae9c2b,delivered,2018-01-30 14:32:13,2018-01-30 14:55:12,2018-02-01 17:39:00,2018-03-07 17:33:10,2018-03-08,71efa6cc80fafde36d5ef1f7226efca0,2018-01-30
8377e4fefc687781d0b8b68780e2e584,351fd12ee349b042954f2274be04cea0,delivered,2017-09-29 15:00:13,2017-09-29 15:14:15,2017-10-03 16:22:55,2017-10-18 20:52:57,2017-10-31,0cd86571e115820ac47203caccebaae4,2017-09-29
f5f23aa3df06d76ce187b4209ea338ea,c1e494d6f24ef8ff4fef378b4faefd2e,delivered,2017-08-20 16:31:57,2017-08-20 16:45:17,2017-08-23 19:09:47,2017-08-24 18:27:31,2017-09-01,2cd88fde26dd9dd77c5d67aa1678770f,2017-08-20
0fad48ba2bd342255e22306b075915d4,0e942c2fb7b745fb2cd49f4622b0f5b6,delivered,2018-01-03 09:43:16,2018-01-03 09:51:29,2018-01-05 20:47:48,2018-01-31 16:12:41,2018-02-06,db5a09d60539b4cd0e7a45ac4a5099db,2018-01-03
5cbfca5949dfb13ee9e578f34258c821,19dba184dcdce803364d6166413650ee,delivered,2017-06-14 08:37:39,2017-06-15 02:55:11,2017-06-19 13:04:24,2017-06-28 13:28:30,2017-07-13,adddad3f8f29debdcafc57d768c540ac,2017-06-14
f8f8dec47bdff39b27b7f270c51977a5,0a7067041afc571451c8425a1e7027f9,delivered,2018-04-13 16:44:53,2018-04-17 06:11:34,2018-04-19 00:11:10,2018-05-12 01:03:47,2018-06-04,c6cfe482a1da1767c03e42427013b92b,2018-04-13
abbef8344e1fa422d2c70c1f00ee8317,556ef1455006f752a6a3d432a8a8791d,delivered,2018-04-03 09:52:34,2018-04-03 10:35:14,2018-04-04 17:31:16,2018-04-13 20:32:17,2018-04-25,1436bf5433bdbe653f97f153c2ea88af,2018-04-03
73adddab7cd7e4f606280f98c137656a,b9f6e6bf653a8bcdae17201cca6f08d9,unavailable,2017-07-11 09:23:29,2017-07-11 09:30:53,,,2017-08-04,850a172dd946b18ddca4a71627fe32e1,2017-07-11
50c3d37e28dfce6e14c561271a804112,4821ae6587f647ea233550de71fbc093,delivered,2018-04-09 22:02:14,2018-04-09 23:15:21,2018-04-10 20:02:42,2018-04-19 20:08:38,2018-05-04,cba28ba69420c0e8103b8757970a1f03,2018-04-09
b1e786caeddece12e5efd30580eaaabc,7241aae1af5ffcdb5411a9d23be378ea,delivered,2018-04-20 08:04:26,2018-04-24 17:46:25,2018-04-23 12:34:51,2018-05-02 21:38:37,2018-05-21,0cd7d20504975ef3cd878aaffa80e482,2018-04-20
16841c9446266366004dba2af55469d9,20d4138ec5c459f8c6e823676b3bd40c,delivered,2018-05-21 21:28:57,2018-05-22 00:16:46,2018-05-22 14:59:00,2018-05-23 22:58:26,2018-06-01,803f2bbf81ce652d3a72f4daa873d9ca,2018-05-21
89d3b46e266c588a70dcac017b613004,904eeeef5ba22055a58bcff52f0a82e9,delivered,2017-08-18 21:44:58,2017-08-18 21:55:10,2017-08-22 20:04:37,2017-08-28 19:45:31,2017-09-08,b19c72269fdd8c0422f87dc9939bc6f7,2017-08-18
b65df09993493fd5f15bef98f1a348fc,684313a21b6b8e984f57771f36d7e03b,delivered,2018-08-15 11:02:31,2018-08-15 11:15:20,2018-08-16 13:11:00,2018-08-20 21:56:29,2018-09-18,37545fcae46b8fcf901d198ca10d82ab,2018-08-15
5fc65d39393a0107a062195fdc96ad34,b738e54deb887952988fe0b9e7bae515,delivered,2017-08-25 19:11:04,2017-08-25 19:26:20,2017-08-30 16:24:39,2017-12-18 23:19:20,2017-09-12,d92d6e13a2e96880dc2d6a27e08bf3a5,2017-08-25
a492f7ac2f020f3819f95562c5af5849,102d1e447c19b8c08aae5ba8fde0b4bc,delivered,2018-04-14 21:25:50,2018-04-14 21:35:18,2018-04-17 22:48:32,2018-04-18 23:08:26,2018-05-03,010ab6653f042ebb8e430f1718f61147,2018-04-14
8864f53906fdae626b651c2eaa66981b,b2099fe288a182de6bc01a69b3975e8a,shipped,2018-05-04 22:08:40,2018-05-04 22:29:50,2018-05-07 12:14:00,,2018-05-24,e53fbafae7d17fec8e21129a37dc4f27,2018-05-04
98581968a67aa2f3caec55918077f7c4,d3df45df0a0ad1b9cb85d24d84ff9b0c,delivered,2017-08-26 00:59:30,2017-08-27 01:05:09,2017-08-28 14:47:52,2017-09-04 19:14:17,2017-09-18,64ddf80267f31777fbe7ac31cfd0e961,2017-08-26
9d747ac28c9c16805493c802a6ebafff,4ffeacfa8b6ea5a14800c504dad2f46a,delivered,2018-01-18 18:55:18,2018-01-20 09:10:02,2018-01-25 22:06:44,2018-02-01 02:41:15,2018-02-06,6db237ce2f0442b62f401b0939ee970d,2018-01-18
19512a70f62306416782f963d55c8b26,e914087f4bedebda8f0dc92e4d095d16,invoiced,2017-01-12 15:05:52,2017-01-12 15:15:10,,,2017-03-02,65fa3afefabe02a33f88a6c0c7c17867,2017-01-12
cfea8d218fdcd01ec074136ce618bda9,65fa4d77ee3d07d58421d02655d671b3,delivered,2018-08-18 01:58:08,2018-08-18 02:10:08,2018-08-20 14:31:00,2018-08-23 19:52:48,2018-08-24,bd49106ea3278f03706622c9d1ba3b65,2018-08-18
d4d39612c58e84f0170e65b277f676af,223dd22100d71da536fc0535c601591e,delivered,2017-11-30 11:25:11,2017-11-30 11:42:22,2017-12-15 15:33:29,2017-12-22 18:57:33,2018-01-02,48a71ddca5efebd751f194943be40ae9,2017-11-30
8718a4ef6a9e45012bb3e595f0b5286c,56cb51bbf3ef8092a28e4d90f3f00030,delivered,2018-07-19 11:16:41,2018-07-19 11:30:20,2018-07-20 12:42:00,2018-07-23 14:38:47,2018-07-27,e9dc105c3da1d2c71a3540f37385d3f7,2018-07-19
b5b0356c157cc9bfa4ec67e43d7abc09,6640da9a0b84cb913692c909108f2dfe,delivered,2018-05-07 15:21:26,2018-05-07 17:17:17,2018-05-09 12:31:00,2018-05-17 21:38:37,2018-05-21,896d1de66758324ec1c3007858f1da61,2018-05-07
cdeb95d04a566b4de93cb6ae160e1123,1be71d8de2deaa2f0956d9a4feea789f,delivered,2018-02-22 09:11:16,2018-02-22 09:29:22,2018-02-23 19:24:56,2018-03-19 23:05:03,2018-03-26,e70fe8964603488d933fcf4fcf3aadfa,2018-02-22
6f3a2c8b196fb74e743e30c4cfa59ccb,16e8e5c6fdaaee75dd2fbbcf3b94eba5,delivered,2017-10-06 10:40:27,2017-10-06 10:49:34,2017-10-09 18:50:25,2017-10-23 07:57:43,2017-11-07,1fea3244d38e951f0196b2728aee3bdf,2017-10-06
4e2be877bb8fb4d51fc622a758abb7d9,e7bef903c09a6e9ff6fb5ab8d63dc867,delivered,2017-09-06 22:34:59,2017-09-08 09:24:23,2017-09-08 19:39:53,2017-09-13 18:32:13,2017-10-16,943122196559e5670da3a9ec039a9005,2017-09-06
84a82cb26c0c8d39d352cc2912a91d99,e8a66f71ad5ec868c9dee1236ea13cf7,delivered,2018-02-07 12:20:43,2018-02-07 12:35:35,2018-02-09 16:28:27,2018-02-15 22:19:08,2018-03-05,1fbf045f2a212b04d5a349bc0cf87657,2018-02-07
931a7f45ef485e51b067265a84a19d58,e0a3977e540c8d98f1dbd906c712ad33,delivered,2018-03-19 19:42:22,2018-03-21 02:48:54,2018-03-21 18:46:56,2018-03-26 14:49:04,2018-04-05,2e1e6ded834ed1042bc87fe57dea2417,2018-03-19
7ae3a62a49f6479010163c2153e9bece,07baee9bca216c9d7038531952346682,delivered,2018-05-31 12:11:49,2018-05-31 12:30:55,2018-06-12 14:35:00,2018-06-19 21:22:41,2018-07-05,07a4e0e7b1830637918621fbd75c6c09,2018-05-31
648b4f683ccf074ebe65a73c8096dd18,af31707164ec1f5c09c2bb2749f4f36d,delivered,2018-07-20 11:20:44,2018-07-21 18:43:55,2018-07-26 13:15:00,2018-08-04 18:46:37,2018-08-23,2bcbc94dd2ff7b15765fd1f97e2f34c8,2018-07-20
8e9941b8e8a7f1995a71e0b55a74205d,5e227901f5fc992286696b82a67f82a9,delivered,2017-10-02 22:53:02,2017-10-02 23:08:32,2017-10-04 14:44:10,2017-10-09 21:19:10,2017-10-26,3e2bdf994900b28097d638cb91bb6cb3,2017-10-02
b45e0eedd6fb6570b2fc15416a437431,8df60b7d9981b6f6b7875b741d2e13c3,delivered,2018-04-08 00:54:51,2018-04-08 01:10:12,2018-04-10 23:37:35,2018-04-13 01:04:43,2018-05-04,60cf58e67dfbff6cce6b91b4aa72df9c,2018-04-08
1aee3456393950993d316010ffc4088b,dd4f0fe50c8b7c85ef603903c5e2e383,delivered,2018-01-18 09:26:15,2018-01-18 09:37:27,2018-01-18 19:13:13,2018-02-03 16:35:45,2018-02-16,6f14e7220dd419f2659f0aaf9430d9af,2018-01-18
cf02431ed62ac1e9b3e2572201295463,b6f349df1779e320a4552cef211e5d5e,delivered,2017-12-23 10:07:49,2017-12-27 04:07:42,2017-12-27 18:28:45,2017-12-28 19:49:23,2018-01-16,6de78a9681ca952a92d3bca63e44f9c4,2017-12-23
6d805885f6f2c426c2c589089c9dc332,46a8c0bb60e620c421f5828b3724e633,delivered,2018-01-15 12:50:45,2018-01-16 12:52:06,2018-01-17 16:18:15,2018-01-25 22:06:40,2018-02-07,2b82f8ceda6a7f661e87120a73ed915f,2018-01-15
4fc714d903314beff16d93bd2e75f612,3f63fb49ebef23d07c3ceaf4855572d8,delivered,2018-04-17 18:41:47,2018-04-17 18:55:17,2018-04-18 19:46:24,2018-05-18 21:42:59,2018-05-24,54c4d82847d7703efd49194c7a307604,2018-04-17
c30f0c45d2f4db0380c100d5193d07bb,240f405164f8742968b0a3b32799317d,delivered,2018-07-08 17:21:36,2018-07-08 17:35:16,2018-07-10 08:52:00,2018-07-14 15:39:21,2018-07-30,65b2a81f1c849b7d6bb208c7465abbe6,2018-07-08
4f3fee0fa922d1575e5b0e5f6a160629,5f84815b21791e9b328de9cbc5d74bd8,delivered,2017-07-17 14:20:37,2017-07-17 14:35:18,2017-07-19 17:52:46,2017-07-20 19:04:50,2017-08-02,f119785e152d8928015f54a63bfcb284,2017-07-17
05ca3bba2e4c3bc5c601b57af96cf3cf,b8cdbd2d79fb877b224b27ff548c297d,delivered,2017-01-27 14:24:28,2017-01-28 03:31:34,2017-01-30 08:34:54,2017-02-22 18:15:45,2017-03-29,717018d40515ebcca772cad60799b58f,2017-01-27
982220161ff9c42b0027046477302c9b,312825924a113aa7fc4ee026791455e0,delivered,2017-09-18 11:27:23,2017-09-19 03:44:08,2017-09-25 22:22:27,2017-09-27 20:49:58,2017-09-28,8a3e2983c35b5d2fb78686794986f7da,2017-09-18
8d5a48899e1fc850ea09b99a03b0e88f,8e15fe472af5cb96afc1bc948b022b65,delivered,2018-08-08 16:29:48,2018-08-08 16:45:07,2018-08-10 15:29:00,2018-08-14 18:31:56,2018-08-17,f8bed9949862a9a3bd41f28806773fed,2018-08-08
b2e30468e2617cbbfd33f48dea08e31a,58b6f835fd008037b8161b24b9d346ef,delivered,2018-03-30 21:19:04,2018-03-30 22:07:34,2018-04-02 18:35:32,2018-04-04 23:05:45,2018-04-12,3deff983c698d1984b4f4849912c70e3,2018-03-30
46984ee8227e1926e055327b55ad576c,c1affa46f9f3b514555259049a0307b9,delivered,2017-12-13 17:35:26,2017-12-15 02:17:39,2017-12-19 20:33:02,2018-01-05 22:24:41,2018-01-22,12ab9334b1240d6d037f2b0102a49571,2017-12-13
bc9a62db1d9702fe1386b1736e5fe417,fc1785868494a5351ce1056f9aaa1c33,delivered,2018-05-14 22:01:14,2018-05-14 22:15:15,2018-05-15 15:39:00,2018-05-17 18:42:20,2018-05-29,66ed8fc8280da450ff40c37129f4139e,2018-05-14
847c4f7a159896d773a9fda57e39963c,d340e6f94b3b66a9ea4f08f257db1889,delivered,2018-03-25 18:29:09,2018-03-25 18:48:31,2018-03-29 19:38:41,2018-04-06 22:06:35,2018-04-12,6288acc353015e98c637627bf59b5671,2018-03-25
f7fa5cf8386e51037856df1add3e1228,be22f11baf346059cbe6556ef9c69070,delivered,2017-08-11 13:45:15,2017-08-11 14:04:05,2017-08-14 12:30:08,2017-08-22 20:57:57,2017-09-06,000a5ad9c4601d2bbdd9ed765d5213b3,2017-08-11
19a7af33e44e10f9660d4f8e9d979651,7aefa0c15552ee42410371aa80e29154,delivered,2018-06-03 20:47:21,2018-06-03 20:55:35,2018-06-05 10:15:00,2018-06-29 17:00:02,2018-07-17,17160c7fbbc329f3654b5c54b0ad2dd9,2018-06-03
418b064f8c759c498dff85001d3428f7,5eed10cc8c372ca465dd35f531fd0338,delivered,2018-06-04 09:35:03,2018-06-05 09:32:29,2018-06-05 11:51:00,2018-06-11 20:37:42,2018-07-11,3806043cbed23b132f38fe787001d702,2018-06-04
672dc03dcc685159a0030d6a0adb95af,61edc0b04b71544bd3c11a085a0e5463,delivered,2017-02-13 11:10:35,2017-02-13 11:25:15,2017-02-13 16:15:27,2017-02-15 16:43:58,2017-03-10,e6184871390c6d52bd81c46527418d7f,2017-02-13
b4eb90d259a894fde9db24f991797b6b,aba01eb10d088b9a4412b060884c5812,delivered,2017-02-12 14:18:21,2017-02-14 03:45:15,2017-02-14 11:19:24,2017-03-01 12:44:03,2017-03-14,e2d7be47cefc3f70365e016267333054,2017-02-12
4fc3e7aadb8db1172a7c3bbb29d6295d,d71ad0d7565ff4416f25fb0572a31b2d,delivered,2018-06-03 10:41:29,2018-06-05 04:12:46,2018-06-05 13:59:00,2018-06-13 15:48:42,2018-07-19,c94a4fd71d10049438367c2a3f6b695a,2018-06-03
5d9aa8310b11548297163fbfa1f78184,8b9d825eb2ddca0f1f954bc399afd3f3,delivered,2018-02-19 15:42:28,2018-02-19 17:40:22,2018-02-22 15:43:00,2018-03-02 01:25:57,2018-03-16,c48bd8f816f2bd5a0907c9f303bab43f,2018-02-19
93fc25a3df1ceb609f6d18ec3ad2470e,70a7d9a713b9e36b8f59cf061e4060d0,delivered,2018-02-24 20:33:32,2018-02-25 21:08:02,2018-02-27 18:37:42,2018-03-27 00:25:47,2018-03-16,f9fee89d4306d2a370dd77b85528c476,2018-02-24
6907ea7150759a085c8ed75a55aeb90d,e69714d6b494f7279512327ebcc01889,delivered,2017-05-17 11:36:51,2017-05-17 13:04:02,2017-05-18 13:27:32,2017-05-22 10:31:38,2017-06-14,cad51aa032a0834a45c27586bce31d1c,2017-05-17
e468907336f429e8433655cfcd02aca3,f5fb607023e0fc2c3b8443697e399403,delivered,2017-08-16 19:08:40,2017-08-16 20:25:22,2017-08-18 16:25:33,2017-08-25 18:06:59,2017-09-18,be3da48e295c9a57802428091062a528,2017-08-16
c05b9a60de6b80604843d2f4d40c8a67,559c7dc3c6e74dde85904855ba4160dd,delivered,2018-02-23 13:48:02,2018-02-23 14:09:52,2018-02-27 13:19:52,2018-03-19 18:06:22,2018-03-20,2a393a5dee1588a253bb682ce017c9bc,2018-02-23
1e73ecf14966e33e06e79c339fb3f7cd,4d6a2339ba829456960bc4a6ac74eec9,delivered,2018-05-28 16:37:29,2018-05-28 16:51:38,2018-06-01 14:09:00,2018-06-08 18:54:47,2018-06-21,1bcfec72dbcdc2a128b0a840d1c541df,2018-05-28
9d14efbb0c50e58aa2098e5338df7575,3213a8e8a735e9c3f003f19d6db1287c,delivered,2017-08-24 09:42:48,2017-08-24 09:55:17,2017-09-16 14:42:06,2017-09-19 20:37:57,2017-10-05,4b660440e7a342e9b30bdc0a3af5c5b2,2017-08-24
dcc529ac8f2824f74ffa4a42dcec638c,14475fadcb86e53123bfbe43d0d69380,delivered,2017-11-29 10:51:21,2017-11-30 02:25:37,2017-12-06 18:39:23,2017-12-19 18:49:38,2017-12-27,a32a8a96441eba200ef870b4dd1d3139,2017-11-29
8bc835be169be964f492f42b517b0a3c,d9919a807634bcd9e9e474117595f7d9,delivered,2017-12-01 12:30:13,2017-12-01 12:38:39,2017-12-08 03:07:03,2017-12-12 23:24:51,2018-01-03,b60ebccd69ad3836830dd0e407c4cd13,2017-12-01
9e1ec0af4a9a7144a46d158211aaeb12,d23e7476aa196892275c090b88e46355,delivered,2018-07-22 17:25:49,2018-07-23 12:32:17,2018-07-24 12:12:00,2018-07-26 15:55:45,2018-08-09,bc34dfc2112c786012b2b6a5e2e5c5e8,2018-07-22
d5d5a70a76401ecc139ee16c5299df4d,11529689a3fdf79b53cf853daf570b16,delivered,2018-05-23 20:29:40,2018-05-23 20:57:21,2018-05-24 15:14:00,2018-05-30 17:21:33,2018-06-11,1b5a1fb128d2fb23ffc39090575c46ad,2018-05-23
b52d00911bca95129c6468a48c807de2,e3594043f88c95220d9cccb2e97708fc,delivered,2018-05-10 18:57:45,2018-05-12 03:35:08,2018-05-14 16:00:00,2018-05-17 20:22:21,2018-06-07,ac86713c0615ab098f86fd13d57bd83a,2018-05-10
37d3bc50f9b68c2cf127f18154258e47,225b23abfb70a69b61659db685b57bc0,delivered,2018-05-18 12:14:55,2018-05-18 13:05:48,2018-05-18 16:45:00,2018-05-23 13:58:29,2018-05-28,15082f95929d5bd7952e2e5e96b0011c,2018-05-18
9aa70c8fac4649c143933fedf26730f3,0a2925db137872f11303a21dfde59d99,delivered,2017-10-31 17:05:18,2017-10-31 17:32:17,2017-11-01 21:57:00,2017-11-08 21:39:49,2017-11-22,da90ce986b770be13138f9bb6ebdab7c,2017-10-31
568392c8ee5c7a3bcb175e386ae76e90,6fc83638ac91b73a1439370e4d95a733,canceled,2017-08-25 00:21:59,2017-08-25 00:30:14,,,2017-09-19,e4e117613ae7c3bf57fec230026bf518,2017-08-25
93f0b28291bddb8a70034aa5138ddf24,0bb40a0d7f0a7d3380f5543254ee0dbc,delivered,2017-11-23 19:55:23,2017-11-23 20:07:23,2017-11-28 00:55:45,2017-12-15 20:39:04,2017-12-18,db2f1a41ca73d34699805d7f4c1d4de7,2017-11-23
56e2e07e6e0f8e73a5f1c73bcb74f270,2f1be06e5cfe062d929943f22a44e816,delivered,2018-07-05 21:00:51,2018-07-05 21:12:09,2018-07-07 09:17:00,2018-07-12 20:21:22,2018-07-24,8038505867c69488c5dbba1ebf144739,2018-07-05
7f9bdca299c6f4c8f906bf2d9df27ae0,3a548818d8a92c6e2fe22eca6596148c,delivered,2017-10-27 04:55:38,2017-10-28 03:05:58,2017-10-31 21:08:29,2017-11-08 22:06:44,2017-11-16,0c10e674d1504f959a7f2e504148c296,2017-10-27
a2dbd93b24fc7f52962452e1920d2ec4,a3aff8d67c9d400f130d4c0df6c83939,delivered,2018-07-23 17:01:07,2018-07-24 08:31:37,2018-07-24 07:03:00,2018-07-27 18:31:43,2018-08-22,744b3c3f9726f16a6817b60a9c52e60f,2018-07-23
a939c9ef7e0c882d536f3f6235b3515b,dbb1c3c263d6de50cc802113fc0a8484,delivered,2018-02-07 18:21:31,2018-02-07 18:35:25,2018-02-08 22:33:33,2018-02-09 20:47:49,2018-02-23,032f099a21c8761425cdc7430b97fbc8,2018-02-07
b32d875309c45ab9e5217b42c8b9e070,f22dd3455fe4aa5f8f9b54df99d4bce8,delivered,2018-02-05 18:11:49,2018-02-05 18:30:02,2018-02-08 22:53:05,2018-02-27 22:12:58,2018-03-13,9bff77a776574edf41418ddd01bcbb4e,2018-02-05
91dcd3e6ecaee5bd1d977fefc7b26bb5,8107ef7300d9c68b78a1e6650fd8cc61,delivered,2017-07-23 03:38:39,2017-07-23 03:50:10,2017-07-24 17:26:34,2017-07-27 17:49:46,2017-08-11,309ad0882e18729b77dbe9b6bdbb2165,2017-07-23
f14ad4bdd2fd477e4a9cb6e6c990d79b,3434214025d5538f19d354ec719ea10b,delivered,2017-02-05 19:40:37,2017-02-05 19:55:07,2017-02-06 09:06:37,2017-02-08 16:03:01,2017-03-01,4615ce41a3b06fd6569ec0103d6ffcfd,2017-02-05
f0da5a090ddf3d220d76c0cd17fb2775,3e447059f00665f172056b3a9a6c1836,delivered,2017-09-05 16:07:07,2017-09-05 16:15:16,2017-09-06 18:06:13,2017-09-18 18:06:57,2017-10-02,5a82977c06bccb651c66e206318d19b4,2017-09-05
14a614ee08193a408e0155cba2279c6a,8916153532206b393aca93fe8081a5b1,delivered,2017-09-21 22:28:04,2017-09-21 22:45:29,2017-09-22 19:32:23,2017-10-06 21:03:45,2017-10-24,7d5ec91561d364d02684648336613da0,2017-09-21
6f6ac7ec249334cdbb46329d2a381d81,a16521d3d0a57b3e8d3765268cbbe97e,delivered,2018-01-13 21:59:42,2018-01-13 22:10:20,2018-01-25 16:13:12,2018-01-30 15:36:16,2018-03-22,613db60f8eb01a6fe89ad6e8574126cd,2018-01-13
4370467d3d9de99a4f75e1d8abf9090a,bfeb9df23321749fe2314b8a4925c8a1,delivered,2018-04-13 14:57:24,2018-04-13 15:13:22,2018-04-16 23:52:11,2018-04-23 15:26:25,2018-05-10,fa3f62acad56a9478d8ece5275b6ce81,2018-04-13
bebfce59cea8500ade1ddffe679b422c,01271eb2284947f2e2abbe53fa15730a,delivered,2017-06-17 18:02:28,2017-06-20 10:45:09,2017-06-21 19:03:06,2017-06-29 16:45:56,2017-07-07,0934600022d7017b02d95ef574d80d02,2017-06-17
125f493c9aa37e5e79a34e7b602da0a4,d516dd286ce60a28390c588e113a6a09,delivered,2018-08-13 20:20:48,2018-08-13 20:30:16,2018-08-15 13:01:00,2018-08-24 14:52:16,2018-09-05,ba65feca097c2a0bc64e2038fe08310c,2018-08-13
e651ecccf9a0e719ab06620a6944e421,f7f8a220524d56e78d3621f2c47bb90a,delivered,2018-05-14 20:22:09,2018-05-14 20:38:03,2018-05-21 17:24:00,2018-06-07 16:08:57,2018-06-07,f6fccceee418fcc63939b6bb5e20128d,2018-05-14
eb7469eb92114d9ad0fec862b33ed95d,3234e6c13c6fd6f5697f19fbafe83d10,delivered,2017-09-19 19:30:07,2017-09-20 19:35:20,2017-09-22 16:45:42,2017-09-27 14:22:48,2017-10-05,5adfdd0397ae5abe3fdf520b61ca5d96,2017-09-19
fe9fae71b4fa7d05f1934adc54391f8d,fa9db18cb6fd65d306a4d710799111a8,canceled,2018-02-15 15:28:12,2018-02-15 15:46:54,2018-02-21 19:59:14,,2018-03-07,786abe8655280c105e08af1030cd3738,2018-02-15
53d32a37a873746a00d313f6ae4b54d3,c6cebe6d701f46a67554d705dfadc7cc,delivered,2017-12-13 19:58:48,2017-12-13 20:09:19,2017-12-14 21:28:53,2017-12-23 18:19:07,2018-01-17,f5975a81edd00f38d94f9db35f5b4782,2017-12-13
c29600634317756bfcf50e9c125f5096,adf1aeb555b2a925a5fde736e8dbdcf3,delivered,2018-03-21 22:46:28,2018-03-21 23:08:14,2018-03-22 18:56:59,2018-04-04 15:19:25,2018-04-19,4fbce43c100439f120924bc4ca6340a4,2018-03-21
972f0ddcdeda929765cf56d9b151d013,8fc560ec6db751f25393ee292c5179bf,delivered,2018-05-04 00:12:38,2018-05-04 00:31:11,2018-05-07 12:49:00,2018-05-16 19:47:56,2018-05-28,f2e86a16e1f2d34996a2451342b0a2b1,2018-05-04
79f5d148d1ff5ef1e6cbf9ac6d38f7dd,b8784b9b324a424247aa76e81211c4ff,delivered,2018-03-23 18:51:09,2018-03-23 19:08:11,2018-04-04 23:38:49,2018-04-21 16:16:41,2018-04-25,40dc506cf700d87a3465020f6f21dbe4,2018-03-23
9b9db79c99db350f6f1acf1359e9abc2,da6d503faa3d6dca23421ae57133ecc5,delivered,2018-04-19 14:41:53,2018-04-19 15:11:10,2018-04-27 14:15:00,2018-05-02 18:12:55,2018-05-15,7c8dafd3460042237bf73c7460d5fe17,2018-04-19
66e8ac9d47e54dcd2dd60c629b309013,213d35a2dc913e03096fde29f8a4aca7,delivered,2017-06-30 23:20:08,2017-06-30 23:30:20,2017-07-03 11:52:56,2017-07-04 13:56:40,2017-07-13,fa69a67dca281e51189860e1e8e8349a,2017-06-30
e71f1d602c3b94eb593d48a61a2163fd,7f02a8230a3ff5c0888ea3a2c8ae618c,delivered,2017-09-01 21:42:51,2017-09-01 22:07:51,2017-09-07 00:07:44,2017-09-15 19:42:03,2017-09-29,f61d858404cc299afb3a89451a92f91b,2017-09-01
a7440cf5201c30463ff889fd4a6088ff,782b4c4357dfe07b3677309d0ee61120,delivered,2018-03-29 11:43:29,2018-03-30 11:47:13,2018-04-02 20:37:42,2018-04-05 16:52:12,2018-04-19,6cf5a61d865d979d060812cdb48ce484,2018-03-29
5a40c1e92e3512536d5910f21f5e1856,c512d7bc9c2e0fcd3f3d38c15206b052,delivered,2017-08-18 23:10:23,2017-08-18 23:25:09,2017-08-23 18:51:45,2017-08-30 18:34:20,2017-09-18,5c81b3f2ec597733ddbbbf183d58c844,2017-08-18
5c8ce05c64397c5d1c67ab8ab448ed40,fcc3fb30171d96c085ddc50e5809af46,delivered,2018-06-13 09:29:02,2018-06-13 09:56:23,2018-06-13 15:49:00,2018-06-26 12:12:09,2018-07-20,308c2f67178f4f7987ffe371abd7cba0,2018-06-13
f64e25d4978b16757ebf945e3e00b85e,48bad7bb9763159799f5067cbd3dfffb,delivered,2017-10-01 23:39:26,2017-10-03 04:05:11,2017-10-06 22:44:57,2017-10-13 20:12:20,2017-10-26,676357efa7723d02401490e2da235225,2017-10-01
d8175252a4e35affdae9e3d36cbe3e83,fac8017d2afbb23689d675200ab9f5d6,delivered,2018-01-26 11:50:23,2018-01-27 11:39:26,2018-01-29 22:16:32,2018-02-10 16:29:05,2018-02-21,bcc594f079ca81fa878026017937fa6a,2018-01-26
3aee056d5b3555ca96a8090761a712b6,4e14f46d40953ed4867254435e69c5be,delivered,2018-08-24 10:35:52,2018-08-24 10:45:48,2018-08-27 15:18:00,2018-08-29 14:24:47,2018-09-05,d9e174cb2e2c1afff0283d83c4b4c668,2018-08-24
7f9df823add120adeb81bec9c2c421a0,6e6dc62a9abb771cb96614a627d5cf4c,delivered,2017-09-22 15:26:28,2017-09-23 18:44:28,2017-09-25 14:37:50,2017-09-28 18:48:56,2017-10-16,b35290b39d5d7004aa3cd32858dc0053,2017-09-22
e94d1eb8ca17c24d3724455962b83532,c342d658b0fb72808f00310ed37e63dc,delivered,2018-02-16 08:07:07,2018-02-16 08:27:03,2018-02-17 00:09:45,2018-03-01 23:21:42,2018-03-13,27cf1cd9a118717ae3badf8adef10140,2018-02-16
410e41c4507bab680c202520e09d0f45,9925489a4232af07111f26db403ec8fe,delivered,2018-03-12 09:38:11,2018-03-12 09:55:29,2018-03-15 00:08:48,2018-04-05 23:56:40,2018-03-28,3ea9b55e60d8d47ba74d9f232aa1df1c,2018-03-12
88341acc29a62edca27bdefc22a97670,796250d5ab26277f5ae5951b76056972,delivered,2017-06-28 10:30:03,2017-06-29 10:35:20,2017-06-29 13:58:17,2017-07-10 20:02:53,2017-07-21,ac67e3fa6a28e9d07ab5d9ffc5f677ee,2017-06-28
a5fbd128ce1d7a0a314bb56704e0b4cf,8de51b724d34d1286822bf919129a639,delivered,2018-03-31 08:45:27,2018-04-01 08:46:52,2018-04-03 12:57:22,2018-04-05 00:32:53,2018-04-23,9e633ebecf3f54d6e2acf943e9431583,2018-03-31
c51603ecc4ee580792fb5970c88b2421,4336b966ce28726a90ca0dfc3accdfac,delivered,2018-02-07 10:29:39,2018-02-07 10:50:22,2018-02-08 19:39:03,2018-02-24 14:42:27,2018-03-08,24adbd7fdcdb53fd8d8694f1e1ee2592,2018-02-07
500b81d8def329a51bfbf84cfaa693a5,605389b53f86bde02fd2e6a695cc2874,delivered,2017-07-23 10:27:02,2017-07-23 10:43:17,2017-07-26 02:33:18,2017-08-03 15:30:03,2017-08-04,609f2bb2641c2e488be900b9fb72f9bf,2017-07-23
b259e69b3ba911e0517d03ba13aa5b9e,a16e67c974d246977ab8e252636bc1bd,delivered,2017-12-15 23:07:31,2017-12-18 16:12:52,2017-12-19 18:04:14,2017-12-27 17:04:19,2018-01-16,984ce034c45ce48a43b46b58082edfab,2017-12-15
5261141ee2f17f6a0dcb5f7aab6acaec,ec47e17cccb7d09149ab2628270be3ee,delivered,2017-09-06 12:34:47,2017-09-07 02:44:01,2017-09-11 20:59:58,2017-09-13 20:23:33,2017-09-27,77ff6babd6fbffa27c787adf3142c8f4,2017-09-06
d75796c30863b988b36022bb5f1b8e16,1094b61df6105474c8fd6bf2e9df164c,delivered,2018-03-17 11:40:05,2018-03-17 11:50:43,2018-03-19 22:36:26,2018-04-16 19:48:43,2018-04-06,9dfcb42882951698dbe204fad100581e,2018-03-17
0b127810f86631fa896fd74a421045f8,8324febfdc14e00556da88cb6d151901,delivered,2017-08-28 17:09:05,2017-08-28 17:25:02,2017-08-31 20:36:39,2017-09-05 18:23:22,2017-09-25,139093b1c6e7e3108ac0469ce43bfb99,2017-08-28
31a1a43e09fe1f26cdcb077099cadf82,b6bdcb76ab8bf3b240c3db7974b0656e,unavailable,2017-09-13 14:46:37,2017-09-13 15:04:30,,,2017-11-01,77526df5e388c0012e2d83a8351eab12,2017-09-13
b8358512248715e30bad4e6e7bddd4a8,a6204d88122211f0d1bf6ffc9d5796b8,delivered,2018-04-11 21:37:00,2018-04-11 21:51:17,2018-04-12 17:32:48,2018-04-26 22:16:35,2018-05-09,97be91a9b0d14dafc284e0f6ec4b2529,2018-04-11
c4b4d00148bd70871b88bfa8c318b557,53fbb5977b5be09d58bdbf09c0f73f16,delivered,2017-09-18 06:13:23,2017-09-19 03:50:34,2017-09-19 17:09:36,2017-10-03 16:52:48,2017-10-04,b19bca3a7e6091b6d3e744546205a1d7,2017-09-18
f1ed92b2528df59a68e567ead15889f3,0eccbe00ed4a0a2dc61fcf5a3a37d8a0,delivered,2018-07-26 23:54:56,2018-07-28 02:44:36,2018-07-30 12:02:00,2018-07-31 15:50:55,2018-08-01,3624922ce5eb67c51426dadf911508fa,2018-07-26
045797b656bf633566b0bcff412442a3,f8db74f90cb69ee798432c01baf38009,delivered,2017-11-29 11:27:38,2017-12-01 11:32:44,2017-12-02 16:35:35,2017-12-23 01:05:55,2017-12-22,504008f73e607b2e88d3f176da96cb06,2017-11-29
6efbd8421b279564f46ea058cb1f8f42,f959e95df30671a5677044adcc37c138,shipped,2018-01-09 13:56:29,2018-01-09 14:09:28,2018-01-15 22:42:58,,2018-02-15,ef749f395e630b466d1fbe81f1864c10,2018-01-09
dfd3adb2216c0276e57ee1560ac58210,874bde568cafaf8bab032b2c4ec6df66,delivered,2018-01-29 14:10:27,2018-01-30 04:31:13,2018-01-31 23:16:43,2018-02-19 15:18:05,2018-03-05,2f7e7c1e0ffc11d52f04d25e18b267b2,2018-01-29
a770d40cdf2c021395ec08fc745da209,cf4271010037d613e43331402384fd04,delivered,2018-04-11 10:46:44,2018-04-12 08:32:44,2018-04-13 18:44:33,2018-05-09 17:35:31,2018-05-07,04fef02b944a43b65db43c0f8c971253,2018-04-11
8a5106f01d5d240ca9e315aaf00b8b6d,bcc66c63c40a91ec968cde5216d0af0d,delivered,2018-04-30 19:28:33,2018-05-01 02:37:31,2018-05-02 14:39:00,2018-05-07 19:11:03,2018-05-21,7eb0ca8697684caff8ca64811bdd4af5,2018-04-30
ae2f641980402067f94b8dae36ea297f,0ffbb5c6cfa7c87b6e40a2d72774ed70,delivered,2018-06-11 06:42:56,2018-06-11 06:57:31,2018-06-11 12:04:00,2018-06-12 23:41:46,2018-06-20,66b36e6494e539169ad9de30673fd877,2018-06-11
9d38c8920b5f04a68487b50ea022b36f,a7bfceb8895ba1f6c3582fa32fa53bca,delivered,2017-06-28 22:39:04,2017-06-28 22:55:17,2017-07-04 16:33:23,2017-07-10 09:48:37,2017-07-24,0957a63bad23ff7aa7cafb23444dd42a,2017-06-28
57eeb1ae64d1ca34bebe90920670cfb9,d8ca929efa35ce0ce7386db3d0f3f7b2,delivered,2018-08-22 09:16:34,2018-08-22 09:30:33,2018-08-22 13:56:00,2018-08-23 20:42:36,2018-08-31,14dae59b1edc9d335b0cafd0f9bada06,2018-08-22
b9dcd29b81f45fd68a5489a381a5a3fc,ced6cf19feb0014bb0c3d2b41efbafce,delivered,2017-11-06 15:42:01,2017-11-06 21:36:03,2017-11-07 21:07:41,2017-11-30 21:53:51,2017-12-04,c97d551073edc0d8962ce1a32e0c4d7f,2017-11-06
310adadfb2b68c5607467e7f7f419491,90038e42991bf6afe44726e2354976b8,delivered,2017-11-24 15:05:30,2017-11-24 17:20:32,2017-11-27 23:18:54,2017-12-05 17:14:50,2017-12-26,9049239af5286d15d1146763916f5ef4,2017-11-24
c52edad050bea3d2f56fbc6be373c44f,91105b71b2fce387050df6f91fc0fcef,delivered,2017-01-24 18:22:14,2017-01-24 18:35:14,2017-01-25 08:07:00,2017-02-14 17:15:40,2017-03-13,a664475b319be56b8b754e8bdad7615d,2017-01-24
5dbc96f238368d57f89d21fe807f6597,94ecff39a1976a2109c62957ccda22f1,delivered,2017-11-06 16:40:45,2017-11-06 23:31:54,2017-11-08 13:24:48,2017-11-09 20:52:51,2017-11-17,bdbf120a9e9c361afc155b0c6c0164bd,2017-11-06
873d881b77cf19f2dc893b76bb10eedb,88baf52788899093fb71f949ca720b96,delivered,2018-01-09 23:05:46,2018-01-10 10:31:55,2018-01-11 17:49:13,2018-01-22 19:49:06,2018-02-06,e8c5cc08e31f016c1df8f84439be426e,2018-01-09
85dc53a764f73c3d7d067f565a5b4a52,20e9c8c84ad8bd6aaaa1d267e0501b06,delivered,2018-04-25 17:45:00,2018-04-25 17:55:25,2018-04-30 14:26:00,2018-05-08 18:48:45,2018-05-29,44c3924e7e7ec419f30d21093fba9ba2,2018-04-25
eb61a0dc3ba358b0ee217497c460c277,24c8bb9a3191c563c780d12251f1b8ba,delivered,2018-01-12 22:44:44,2018-01-12 23:17:29,2018-01-18 17:54:56,2018-02-02 01:27:52,2018-02-14,83806619a5ecb658ee655b8a8544350a,2018-01-12
7d59ebe884b00b759ca0108a96bfb52f,befd7cfedbfee78c1165d05a1d3c40aa,delivered,2017-12-07 21:47:59,2017-12-12 03:36:26,2017-12-13 21:14:49,2017-12-22 15:17:02,2018-01-03,de83dd8fba05d9a32e69a2396832c975,2017-12-07
eb5201600668a3cd864c0b28f54c212a,87cedb842a784e3a1093f953da01afd4,delivered,2017-08-10 17:14:36,2017-08-12 02:55:24,2017-08-14 14:53:31,2017-08-15 17:32:54,2017-09-05,c4063084f01f085897c04bcbd81fcb69,2017-08-10
5997512fab61ce978490135668b02aa9,9c159f3aa83cd57f79f8241e0a7f0628,delivered,2018-07-24 16:44:34,2018-07-24 16:55:26,2018-07-25 08:16:00,2018-07-27 00:32:21,2018-08-15,a262442e3ab89611b44877c7aaf77468,2018-07-24
c08f4e8a8abee08ea51d5ead6f24b126,3a3899143b64ff601e69a8ff2b31d7b8,delivered,2018-03-19 04:00:49,2018-03-20 03:28:29,2018-03-20 20:12:39,2018-03-26 18:38:27,2018-04-12,0898ad110be2b886ca30d26d274b1496,2018-03-19
7db9d39a5077a2cbe00cfad310d2a938,c8989858ca604ef323b30deed0422d02,delivered,2018-04-30 15:45:35,2018-05-01 02:10:50,2018-05-02 14:45:00,2018-05-05 16:14:26,2018-05-18,738062998bb2f6f3c570fcbf82a86c49,2018-04-30
fc94ca74e236e7bad0e7a33cd62dc474,a807bd3f8b7f9925b6eb9d07c0f3387a,delivered,2017-05-08 13:12:30,2017-05-08 13:25:23,2017-05-09 13:27:34,2017-05-23 10:27:42,2017-05-31,a1106332be118915070243f76a7b957d,2017-05-08
92dd2476d7296d1f17c077f2dd00e94d,be474ef1f732070de88e2a9f53fcb7b3,delivered,2017-09-19 20:01:20,2017-09-19 20:10:21,2017-09-20 22:57:44,2017-10-13 23:22:53,2017-10-06,b5a46e88a47a5a0978889d4f3799b178,2017-09-19
0f1a032292563a581f27eac807f97a05,a110c68760b1054980e969c1c84c58ff,delivered,2018-07-25 21:14:25,2018-07-25 21:25:10,2018-07-26 12:51:00,2018-07-30 19:56:28,2018-08-14,b5b2a7fd4d491c96d488db899e42e0e2,2018-07-25
673d4bba118413f2327211eb384501a5,1d613c182f9ed2a229eb3a353a983cfc,delivered,2018-03-04 22:12:59,2018-03-05 15:29:19,2018-03-06 23:21:32,2018-03-19 19:06:48,2018-03-22,f8922caabbfa44d8390f53927da1be30,2018-03-04
7f93c9634dcd85e4d1384f583a74ea58,0be9b4ddd7658cd89af3775f8109da15,delivered,2017-12-05 22:34:56,2017-12-05 22:50:44,2017-12-26 17:17:07,2018-01-03 20:25:24,2018-01-11,7d11793f8c691eecbe91eabf56d0f3f6,2017-12-05
f7d88630da18acd4a11e2ade9eb1bb52,c2304c43f9667f96129dc90ed8306804,delivered,2018-05-05 14:32:51,2018-05-05 14:53:34,2018-05-09 15:09:00,2018-05-10 15:19:23,2018-05-15,c32695a26bbb6100f0f43bdf83f313a7,2018-05-05
d189b98b9c4f5325db664c5455fe927c,026eefd00c7aeffb5427f54dd51b6894,delivered,2018-04-25 15:44:24,2018-04-25 16:35:25,2018-04-27 08:02:00,2018-05-03 16:26:36,2018-05-17,97baac352df09695ba2b2b56632ea149,2018-04-25
4d44c133003f6cbd3274978464e57577,9fe0f9477c980eb8fad60ac72af89fce,delivered,2018-03-21 21:35:37,2018-03-22 02:51:10,2018-03-22 18:38:49,2018-03-27 00:56:57,2018-04-03,c600ec98a2eae1056c996fc980dcd732,2018-03-21
21c1039048f32ccc62b779bcfd5ac43d,2438e864016131132168049ad3633da1,delivered,2018-05-02 14:07:29,2018-05-02 16:19:39,2018-05-03 12:45:00,2018-05-07 20:48:29,2018-05-22,5b74b56a35acf00c721835c355c2c47a,2018-05-02
7b7e3ed4365b8e1e3f9ad98617b4b64f,4b8e43dd853460f32875d71e31d949ec,delivered,2017-09-04 18:07:35,2017-09-04 18:24:03,2017-09-06 20:48:32,2017-09-20 12:10:48,2017-09-27,0e06af8004ffd01a3461e768f9f659aa,2017-09-04
e356a4ff99aaf426f6f7dc94c846f398,2cb95d89c110390060d8bd948f5ce047,shipped,2018-02-03 17:55:52,2018-02-03 20:10:14,2018-02-05 20:14:42,,2018-03-08,50f3a4851afa925817127dee3083e9d3,2018-02-03
77787bddc1466e4041a18a6109163e72,378acb1d4018a2ed442626f99a1e68b8,delivered,2018-06-22 13:52:43,2018-06-23 01:00:21,2018-06-25 15:31:00,2018-06-30 14:44:40,2018-07-19,075b7002d0445c874a542f6841d99bac,2018-06-22
7514404922bc617c41f9b47f003a3350,7a3057da37cb5d48e6f526f1877419a4,delivered,2018-08-20 16:38:45,2018-08-20 17:10:33,2018-08-22 19:09:00,2018-08-24 18:58:34,2018-08-27,7ad04c71bfca958e6f2ec44bce34e2da,2018-08-20
082da800c206687336a039aa7269d303,ed18a0580d4fd2ca6fb30b5ecd58b5c0,delivered,2018-05-02 13:10:10,2018-05-02 14:42:51,2018-05-03 08:34:00,2018-05-08 12:58:28,2018-05-21,b20e9ca74f03a90be117bdb9da13573e,2018-05-02
1d432ff6ecb6a501752815ce48038a89,5036f826fada2fdba151a9112545e883,delivered,2017-06-14 15:47:06,2017-06-14 16:05:12,2017-06-28 10:15:56,2017-07-07 11:41:57,2017-07-27,a132c0c285d1c5edaeb7180877baeab5,2017-06-14
eaa4712e8612ed4b8989c08e09fee1f7,e1eb93f77c516900843a8b7827abe866,delivered,2017-08-06 12:59:21,2017-08-06 13:40:09,2017-08-08 18:42:50,2017-08-17 16:19:41,2017-08-29,fc1d4511ccd19505c9910e95cd5aae33,2017-08-06
923bd0dbdf3223a889b7548f25d973fc,2225cd8a014f6e1c1bbdab7ee5de2aa3,delivered,2017-08-09 13:04:46,2017-08-09 13:15:16,2017-08-15 21:33:56,2017-08-16 20:23:35,2017-08-22,01b531d9fa14ce8894156d72f7ee8b92,2017-08-09
f26d4637c4f560f72ba7feac1675c100,5ccd6e80fc5cdbdf4da5fe51a3d126d0,delivered,2017-12-02 21:01:30,2017-12-02 21:17:21,2017-12-14 19:19:00,2018-01-17 22:41:45,2018-01-03,31127406f4f4cabe57b756540218c700,2017-12-02
41899aec8330792ecbdbeac7eaa6ddee,52a01d34b646d9581ac2464a917ee955,delivered,2018-04-23 19:31:03,2018-04-24 17:17:16,2018-04-24 22:31:42,2018-04-26 22:59:36,2018-05-14,5beff8c25577d625b070c330de632081,2018-04-23
202effd51a18d9717266ec1935672741,13ebf1b1ebcb8ec336d5ca82619ee10f,delivered,2018-07-19 22:24:37,2018-07-19 22:43:04,2018-07-20 10:25:00,2018-07-30 14:26:35,2018-08-14,506e75b37532165adf8def1540e82f46,2018-07-19
ec5370bb4b60ece613591700eaf1f5d0,4bcc80146ca13e3d9b20a64dfe874d1e,delivered,2018-01-17 00:20:07,2018-01-17 00:32:37,2018-01-18 19:13:35,2018-01-25 12:19:01,2018-02-07,8e86e409ccc55148e0f8b73dd7d7db48,2018-01-17
97400d97515bc5f8457c78d57a53ee5c,358f8584c61ba2913efea575fcbbcf53,delivered,2018-01-26 10:07:25,2018-01-26 10:19:16,2018-01-26 22:33:20,2018-02-08 17:47:33,2018-03-06,64eef43fc64eadc40c6c2f3bcda28908,2018-01-26
9d90f18cbc370ff8636d7b5db6ae36a1,8f2ce98b00c29447f29b7b384c7a9640,delivered,2017-08-15 10:06:25,2017-08-16 03:26:12,2017-08-16 19:54:37,2017-08-28 21:54:32,2017-09-15,c04de8425949ac25b8cb527f97efb1ec,2017-08-15
43ffc9065f8cc9f90df31987043188d1,6f6da18312d149f2f0c84b624212dc18,delivered,2018-04-20 13:30:56,2018-04-24 18:40:15,2018-04-24 21:06:55,2018-04-25 21:29:43,2018-05-07,78ce7d4dade98f09fbc0f259dcb84230,2018-04-20
076a94fba0a6b3a82345423e9f1bd3dc,b1373bd6563737bf205587f4d78859cd,delivered,2018-02-14 17:28:57,2018-02-14 17:35:37,2018-02-15 22:53:32,2018-02-27 20:54:08,2018-03-27,f5fefa59acbb79c5502aea78f8d4e07c,2018-02-14
05739db46faf3be7dfe1b0f0ec37689f,5a39602202cb2bb7fe86f395f7f25252,delivered,2018-02-22 13:18:58,2018-02-22 13:35:21,2018-02-26 09:53:06,2018-03-09 01:22:26,2018-03-19,4e36352fdabf91ffc9777dc7003fb30e,2018-02-22
58b08002b3f04ddb29d32fea1465db0d,cc58f94cf8ce6e65e9cc606564687dc8,delivered,2018-05-09 00:21:58,2018-05-09 00:32:50,2018-05-09 12:26:00,2018-05-11 20:13:34,2018-05-21,469635c71e4ba037a4e9d3aea6c86d18,2018-05-09
94a4c515439bdf79c3380fd5372f516c,da181e0b77b202c246e47de9c723ddf9,delivered,2018-07-21 16:04:17,2018-07-21 16:15:12,2018-07-24 15:04:00,2018-07-26 16:03:47,2018-08-01,77cb7e6834fcba5aedaa7c92d17504e2,2018-07-21
3b6ba183ec307f2e980a01e66f596821,55858b24b1b18a4e50fce22b11a761bf,delivered,2017-05-10 18:58:00,2017-05-12 02:55:15,2017-05-15 08:13:46,2017-05-24 11:45:08,2017-06-09,76cca28d235a78bd9586ab30156eea16,2017-05-10
4351905382d9da2470629f5e764540d6,eb85f29a90f996e97213a1f66ec2575b,delivered,2017-08-22 22:46:59,2017-08-22 23:06:58,2017-08-24 14:43:53,2017-09-13 15:23:50,2017-09-26,5cbabf2e80a988ae9bdfb7f3c6eb9ffc,2017-08-22
460c774494e4c1e4a5a4c6f05f29e2c5,d2b75b78a075322d2570b2de5b0d2a57,delivered,2017-08-30 11:41:01,2017-08-30 11:55:08,2017-09-01 15:24:39,2017-09-08 20:35:27,2017-09-21,8ef9add628931053f28350c0ad4bc7f7,2017-08-30
197979ae89666596c6a65ba20fb220ce,6f66591b4efe7a98a0886c99fb778133,delivered,2017-09-16 20:30:50,2017-09-16 21:04:58,2017-09-19 13:20:01,2017-09-21 17:14:25,2017-09-28,49d602890c664bcee124fa70e94d9fb1,2017-09-16
33b0ee1d4d2eb8a3d134a25b7d73bc9d,1759c1aa84b35213f9dfbf0b1c54a51a,delivered,2017-03-12 14:56:09,2017-03-12 14:56:09,2017-03-13 10:45:37,2017-03-20 13:34:37,2017-04-03,6c2c328519bae722195d90a1479b5e73,2017-03-12
38eb06edd481856d589bd3beacced42e,94411d511cb2997df74f9984543492e9,delivered,2018-07-18 17:10:05,2018-07-19 11:55:22,2018-07-23 15:19:00,2018-07-24 13:23:43,2018-08-02,b77a6fda8d224e6c228f95918b1d0855,2018-07-18
ad6818238027865546d128b11c22061f,8285e4ac7f898cef79ac01ca8db2dac9,delivered,2017-08-28 17:37:12,2017-08-28 17:50:17,2017-08-29 19:55:53,2017-09-04 19:21:51,2017-09-26,010513009a288e24dbbc8183d5bcd4e2,2017-08-28
56049934681bbcefb4f6707731ba95a8,0e832922e5fe5c68f3122594afd86952,delivered,2018-02-25 14:32:13,2018-02-27 03:10:29,2018-03-01 00:35:22,2018-03-26 22:05:59,2018-03-16,b8def7c08f7ff258221301dd35f9005c,2018-02-25
44eacc9d7484241cf20d888aa331b854,a2cb36ff1d8fa877776b2a7db00e79db,delivered,2017-06-12 17:05:47,2017-06-14 02:35:31,2017-06-19 10:51:48,2017-06-23 11:24:47,2017-07-03,751fb06f94064c6a4b16cd407f9540a3,2017-06-12
bde3f99beee2c5c327b399fb066e85e4,b371b405bf0f7b811b602766c476c8e8,delivered,2018-04-17 15:17:57,2018-04-18 04:15:10,2018-04-19 17:12:52,2018-05-02 15:58:48,2018-05-09,19c9e834b637b0d3dc1a262d3533be39,2018-04-17
785cf8b7a54061565b6c0cc6cfff956c,66df73c74be57471c69e6e20c9490a90,delivered,2018-04-25 13:22:53,2018-04-25 13:35:22,2018-04-26 09:29:00,2018-05-09 11:12:28,2018-05-28,f55be2f0324b5b12eee35c1a9379b20e,2018-04-25
a72128c306bd3fde78eb4f32b6360d86,0455d45b64061c4e759e04cd9101f5fa,delivered,2017-03-06 13:08:25,2017-03-06 13:25:14,2017-03-06 15:12:22,2017-03-08 09:52:54,2017-03-23,ff9bc66daa6702543b16f3c4897e300b,2017-03-06
e5ee38b54f1a799f6e122d67768cc1b2,225ebef5545fbebaf3d70c1c460a5859,delivered,2017-12-23 16:28:14,2017-12-23 16:37:23,2017-12-26 18:04:16,2018-01-11 16:13:33,2018-01-31,6d16033b6ec1b05ed1fac5f92a7bd8fc,2017-12-23
0e4b1ee38c10f79bb6eaffa7c60ae724,359154f73b6e8ebb538109ed96becdd1,delivered,2018-06-24 11:39:03,2018-06-24 12:14:34,2018-06-27 10:23:00,2018-06-29 20:48:55,2018-07-12,cd0e1d42225b7f4cf78a382e4f57e704,2018-06-24
3a0b83e4ea6805a8d9c32b4c13b4112d,610c39e34a4a0f1215329b12d9a506ce,delivered,2017-09-10 19:12:26,2017-09-10 19:30:23,2017-09-12 15:35:07,2017-09-15 18:47:55,2017-09-27,a9a852a3533326b04e1e7e9bfac1f0a2,2017-09-10
cffa313cdff9d1f11d1a4d18be00369f,77a15f7a0bb69e8b0aecf36b112f9be0,delivered,2017-12-12 23:41:30,2017-12-12 23:49:56,2017-12-21 20:27:48,2017-12-27 17:18:09,2018-01-10,3d4cd13fd525234c1c4a2304fbe769e0,2017-12-12
89b8ad4ff7b96f3b514eb7d8c71d771c,52864cff1a756a9d83a2f4ef43e3bc9d,delivered,2018-01-11 14:18:35,2018-01-11 14:30:29,2018-01-12 21:29:16,2018-01-31 11:58:46,2018-02-16,219852e42e8c95717595c0b7de171b15,2018-01-11
e8fe4d0ad665d8d3978e9a8e1bfcf686,5a16b379b53c2a6628ec9dfcc218bc63,delivered,2017-05-05 20:00:53,2017-05-05 20:15:17,2017-05-11 10:14:54,2017-05-17 10:42:00,2017-05-30,d18226975e699290279749eb64a11da2,2017-05-05
bb5229662821e68be478acdd18eea342,ab8cd40514830fe7877cb2020eec6254,delivered,2018-06-02 12:54:12,2018-06-02 13:10:14,2018-06-06 08:20:00,2018-07-04 12:31:04,2018-07-17,9dcc1f5a9a8efb985ad3649fa4e3747c,2018-06-02
95aadbdbe739cc0dc82c8ae4594c0840,11cf3782d686a2a5ffca194357a9bca4,delivered,2018-06-25 23:40:05,2018-06-26 00:57:42,2018-06-26 14:06:00,2018-07-02 16:22:30,2018-08-07,e0190717000bea19466d454b66041fc4,2018-06-25
64cfbc6d10f3a5091889f0fab6233167,3cabcdcf200795a34aea30893f5210c8,delivered,2018-02-20 13:14:39,2018-02-20 13:28:07,2018-02-24 03:44:55,2018-02-27 00:59:01,2018-03-06,437f0e5e32a91015c921a307fcaf8938,2018-02-20
b775461d5210de56e464cec14c813e28,59b142799358cbb79e045d6db8cc1ae1,delivered,2018-04-20 08:09:12,2018-04-20 08:32:08,2018-04-20 23:03:47,2018-04-24 21:08:59,2018-05-09,4ad3fc10f54819c39ecfcb7eb3eae348,2018-04-20
c79b866af7c3d1b58adb819559fc2887,96d08143f5ca32f2205302e4820dd450,delivered,2018-02-21 22:23:43,2018-02-21 22:35:33,2018-02-23 00:42:15,2018-02-28 16:16:56,2018-03-21,75370859ee53dec16c7b5650c0bb26a3,2018-02-21
38ac0cc1879cabf9cb23a2e8f217acfe,5fc34cc05aae2598fc6100012d44056c,delivered,2018-02-14 13:11:45,2018-02-15 04:40:36,2018-02-15 18:59:12,2018-02-16 19:17:46,2018-03-07,f962acaaf9b23a9b3948e34431f842c1,2018-02-14
de6208f5005c5c2719228610b5975a5f,95528671663e0810979dfd066156f00c,delivered,2017-10-28 01:02:07,2017-10-31 03:50:33,2017-11-01 18:03:11,2017-11-03 21:19:51,2017-11-10,a656863f6ac6a31a997514e757a236a3,2017-10-28
64abe32989d9bd84b32a370ecbe1cea5,c42878a76e92a46632f248e1f6407d7a,delivered,2018-03-19 11:48:01,2018-03-19 12:10:07,2018-03-20 17:48:41,2018-03-27 19:13:45,2018-04-12,b219aac4fc62066420186a0a97c10681,2018-03-19
d601e6f65e3bcb215434cc89fd9b2f68,1f644d50069ed395d45d2c18e3e4ceb8,delivered,2018-05-11 17:22:20,2018-05-11 18:07:02,2018-05-15 15:03:00,2018-05-17 23:27:58,2018-05-24,4fde90ce819fdf2427f6c37e7bc84a03,2018-05-11
ddaa89a57ddbb5a6a13354725dda9140,c3947473905e62657d38b7459a6a45b2,delivered,2017-11-18 22:47:09,2017-11-22 03:15:30,2017-11-24 18:54:49,2017-12-07 21:42:24,2017-12-22,0a247a228e8d48fc8afbc28c2e8c1691,2017-11-18
5e8e7ebdd5b541e43630e5095c5416a4,ebdbec986bf33dc7843681718d382b43,delivered,2018-07-01 21:53:54,2018-07-01 22:10:03,2018-07-03 14:57:00,2018-07-09 19:12:40,2018-07-27,be5b965f788181a964dce407b5334d15,2018-07-01
edb858219a0b7155ce5b977c044ef9f9,cea73672ed36824ffda53dada3a1c8ae,delivered,2018-05-21 16:04:16,2018-05-22 08:16:15,2018-05-23 13:01:00,2018-06-05 23:34:22,2018-06-04,1b71ebf2ad9a9e67469d5e7af4ec80c7,2018-05-21
5038c933890c38bc50053e46b4abff17,9a9b783d700a575ef15b54a26b76d244,delivered,2017-03-21 20:16:36,2017-03-21 20:16:36,2017-03-22 10:12:48,2017-03-27 14:29:43,2017-04-11,f2ba66a2a2704983864ee770bb9afdb6,2017-03-21
e95356181d857128f9a0eb779ad36381,c537f0d34b6efda16e4fc501fd2c8111,delivered,2017-08-17 14:04:00,2017-08-18 02:30:43,2017-08-21 22:09:03,2017-08-24 21:25:54,2017-09-06,be3da9bbea9a6bf0178db88886b71993,2017-08-17
2eeb8e6a0c5f3787936ab06ff6dfc54f,6c3e9edd435212d79004e2328c4fe0ba,delivered,2017-11-06 12:03:52,2017-11-06 14:33:30,2017-11-09 18:14:57,2017-11-10 20:56:57,2017-11-22,90e57819e51c6f3f589ee122451616fe,2017-11-06
a9a6b38d59cf5f6c56d86dc3513a9bb9,19a12c0cac7193deaef2d7040b4f4bd4,delivered,2018-08-20 14:31:33,2018-08-21 04:50:24,2018-08-21 13:51:00,2018-08-22 21:43:38,2018-08-23,012ab8ee5f7d76005d838758e9a9452c,2018-08-20
adeb027377d94ee52af43ea1f3c53d35,36bce2699b4c741f2bb5676ea3d5aa88,delivered,2018-05-19 10:15:35,2018-05-19 10:30:48,2018-05-22 13:27:00,2018-06-04 21:58:37,2018-06-08,58ce9a8de9253db797fd876efba39366,2018-05-19
1d45f1b6e12afefd21dbbe53c2b858e4,bd3dc4083da5a8bced4bdf8d47a97b68,delivered,2018-06-19 11:21:42,2018-06-19 11:35:20,2018-06-20 15:59:00,2018-06-29 18:39:55,2018-07-17,b03af63fde19b07d5aa04d6a71ed6f11,2018-06-19
f3d5876234a5858786970f692f06c3ad,d904f9160d1d66c620b81536ec9399e3,delivered,2017-11-03 15:56:17,2017-11-03 16:30:26,2017-11-09 00:46:44,2017-11-24 20:29:15,2017-11-30,0cf744fa8ef832c2bd5f9208629d3967,2017-11-03
986dae5bc78169ebbf74f5d5f79924ff,3b6f584d425941c2dd51374691d45dff,delivered,2018-06-05 19:28:28,2018-06-05 19:54:50,2018-06-07 06:42:00,2018-06-11 18:55:45,2018-07-03,28f8c4895aee05aaa7b148157ecc5b1e,2018-06-05
91470888d3c2a943e6ca5533ac6d86c1,d6c2bf5d2cbabde0e7c30035efcaed6c,delivered,2018-05-06 11:32:17,2018-05-06 11:50:20,2018-05-09 14:44:00,2018-05-15 21:22:45,2018-06-11,6d8734999c9a319fbd07cf691274a58a,2018-05-06
d3244b7027fc12dbc070c6994d29ad50,0d7632a160295b6f335a091a24a15cca,delivered,2017-07-09 16:57:55,2017-07-09 17:10:20,2017-07-10 17:29:46,2017-07-19 19:18:34,2017-07-28,0dc3a4327bacc5b339d49aa33120365b,2017-07-09
5492e5f6cccb69b3bfb5b0c1242e69b4,b590f36d80cdf38b073103b882dcb2b3,delivered,2018-06-27 14:20:22,2018-06-27 14:32:24,2018-06-28 09:04:00,2018-07-05 14:48:10,2018-07-19,f230d1849c8edb84787aaf2e01aa965a,2018-06-27
e7b57c0060c5ebff9747044e5bde97a3,2776f550a963e61e066dd72affabfaa7,delivered,2018-08-04 21:59:25,2018-08-07 04:10:18,2018-08-07 18:13:00,2018-08-08 22:14:59,2018-08-10,c632e20fcb1d14b0ce7162f6f5aad738,2018-08-04
50013835d7b14aefb452825864d3e414,66ab9fd5f2a463fcfa0995c05f46680c,delivered,2016-10-04 16:08:52,2016-10-06 15:53:12,2016-10-21 14:38:42,2016-10-21 16:19:17,2016-11-24,1ab766d3d553649d7d8c7e2bb60f5c9d,2016-10-04
94257b7c9b794f53994f042c218d8799,6d036be2310d04cd23d731538e7379df,delivered,2017-06-24 19:28:58,2017-06-27 03:55:21,2017-06-29 14:38:30,2017-07-05 17:03:08,2017-07-26,920df3435f8c6487bd257a04369c09be,2017-06-24
3e361d7bc7d141fa6c9930d4f9572213,12da09f67672845a6146a035833a085c,delivered,2018-06-24 18:56:36,2018-06-25 19:02:34,2018-06-26 06:49:00,2018-07-02 20:48:06,2018-07-25,903719a214a19631baa8efde50dbadfd,2018-06-24
1c119597703b882a5b24ab9139a9a53a,3b8eb22566b6418053126fb22728bad1,delivered,2018-08-18 10:03:37,2018-08-18 10:15:13,2018-08-23 19:02:00,2018-08-24 15:59:29,2018-08-30,91fb82fe3e8b269f82616f53f2a4a690,2018-08-18
87da4e556d02332032278169c291d571,f2ef84434d98ce96654d95fee7deb7be,delivered,2018-01-28 14:34:04,2018-01-28 14:50:29,2018-01-31 19:48:45,2018-02-02 21:08:40,2018-02-14,21a451fd339c60664a3e4bc19ec4f61a,2018-01-28
86c8154436a001a69512c9275126aea8,02d7783e7f62f71b0209a3157ed29295,delivered,2017-08-24 12:52:32,2017-08-25 02:50:21,2017-08-25 15:46:37,2017-08-31 12:50:11,2017-09-18,9e3d58be538ba20116dc9aaed51a38de,2017-08-24
19cafdf7469104c432959892a04920a2,99e6d3283c13d53d86d6c0a026fe0bf7,delivered,2017-10-23 13:32:59,2017-10-25 21:07:15,2017-10-26 19:09:18,2017-11-08 22:32:46,2017-11-22,3b3f806b98cb473d88222157c02b36da,2017-10-23
99a2615edee73927284d4b8b81f7f14a,5fc94afe3011b978b89cc74c0a3fd96c,delivered,2017-04-07 23:21:05,2017-04-07 23:35:10,2017-04-10 09:47:38,2017-04-12 09:56:11,2017-05-03,2ba1a2112bd77282cdabc322c353ff1d,2017-04-07
3b3fa4755e2966230cf01bf2899a7b5f,61beb5a6098a8ccbc7c824d315318ec3,delivered,2018-06-11 01:07:54,2018-06-11 01:38:27,2018-06-11 14:35:00,2018-06-16 13:28:49,2018-07-12,2c81cd286b6175391eb4bd47d0c41878,2018-06-11
3b0a023614a9b0c9d8f4bdbc98bd7b0c,713477f27e9bcb84f9449e11fb6378ec,delivered,2017-05-22 15:14:26,2017-05-22 15:25:15,2017-05-23 15:48:58,2017-05-30 11:33:29,2017-06-14,8a925d6a1e031105535d10099158dfa2,2017-05-22
c6eb12496a2291952b77b1249eaa9a94,d080fa5f9e3d29b16b7f2a70c897188e,delivered,2017-12-02 20:26:33,2017-12-02 20:35:32,2017-12-04 18:06:34,2017-12-13 14:53:54,2018-01-02,27d25e600109af78787b2f8c2df7fccb,2017-12-02
616e6d0ca11adb3e6d834612726f67f0,5ea02a7e688f1ce6dbeccc48a7d45003,delivered,2017-11-24 15:54:19,2017-11-24 19:39:20,2017-11-27 20:38:30,2017-12-07 12:03:54,2017-12-19,ff53fbc38381a88c6f7146a7f3f1245c,2017-11-24
4ac61ca13c944e7c498a7b0a65f8dcc3,44022acdfb3728a614114a1dd896c8f2,delivered,2018-02-09 16:10:27,2018-02-09 16:29:26,2018-02-15 00:09:39,2018-02-20 00:23:51,2018-03-13,ef0efc1944d3c2469876fbd10eb5cca2,2018-02-09
718657cc80e6e1cd6bb1277c4ced4eab,c66f24e36c6fd9e458f4a0dabdeb47d1,delivered,2018-04-29 11:51:30,2018-04-29 12:13:16,2018-05-02 14:15:00,2018-05-08 18:32:53,2018-05-28,c69d05231b1d37cc4cd29b1181fe0aff,2018-04-29
68329ea019781f360d7d04e9edd2825d,4add16f5c8c1c24e0ef26730ca5b5d1c,delivered,2017-05-15 00:31:53,2017-05-15 00:46:01,2017-05-16 12:39:48,2017-05-23 14:19:48,2017-06-02,3e405d6de3c4ad057fabc8a03be353b0,2017-05-15
95adaa1525c1ed7ae7e428c561ec0493,31be798fe24a0cae8ce9a780b53d9757,delivered,2017-08-27 12:57:18,2017-08-29 04:51:06,2017-08-29 21:44:47,2017-09-04 19:24:41,2017-09-19,28e52af2f578c8b16e5de289ac09f1ac,2017-08-27
b3e8f5b15b942cacd19dba17d7179867,059899061ea1269601e9beffb8d31189,delivered,2017-08-19 21:08:58,2017-08-19 21:25:08,2017-08-21 21:15:36,2017-08-30 18:35:14,2017-09-15,16bd2490eab76fccfb60ad76e90c4ca1,2017-08-19
baa7b830de0ad8d2e0b18ebe21372cf6,c47e44b0ca209929cc67d0e45b62781c,delivered,2017-07-17 20:04:53,2017-07-17 20:15:24,2017-07-18 16:18:08,2017-07-24 15:44:01,2017-08-04,84a970f5003150a26ba0cec70be40102,2017-07-17
055bef2dbc886956379d21a556e11ff9,c11d593808566de4220559b14b75be36,delivered,2018-01-10 11:40:26,2018-01-10 11:46:27,2018-01-31 19:05:33,2018-02-06 17:27:45,2018-01-31,b7ec4ff317e1a7bd2c48e86db67105f9,2018-01-10
c96bb2323dfac3672b0a52e5add6b1f8,d73e02185ff717a508033f6befb48778,delivered,2018-03-15 20:33:23,2018-03-15 20:48:45,2018-03-16 20:37:46,2018-03-26 16:48:59,2018-04-05,93b4278bf1261e2e9880fedb439a73c5,2018-03-15
8d05c02e45305ca61aaa097d40313382,e83d0ca01e9d1634e2005ca703095564,delivered,2017-06-28 18:00:11,2017-06-29 10:05:16,2017-06-29 14:44:39,2017-07-05 17:39:56,2017-07-20,adf6e13fe35d4626f4b6654c2fa99f71,2017-06-28
d691a7cd6c98cdda10a6861436c2f000,e89521c12ed7a8a782acfd80881f3b3e,delivered,2018-08-09 11:47:07,2018-08-09 14:30:18,2018-08-10 13:55:00,2018-08-23 01:07:48,2018-08-29,7249013c9e600dd351fbb2c074d85c6b,2018-08-09
fd03ffe30a095fcca266721a91c74266,5daf11ca34a2ec028a098765aa3c891e,delivered,2017-06-13 18:31:37,2017-06-13 18:45:12,2017-06-19 13:48:59,2017-06-23 11:05:14,2017-07-17,ac2d0feec62a1ba0b5d7284220faa403,2017-06-13
3b4548a30d5cce3104af1dfd6979970d,1ec1d4db9364df06dc16ff3227081aa4,delivered,2018-03-07 14:48:52,2018-03-08 02:11:11,2018-03-09 17:42:44,2018-03-24 22:08:57,2018-04-02,9de338ee99d36625c47f605e36e158bb,2018-03-07
632531ed16e28e070dea1b54fc644fd4,9a03c663828a5e27b87a2cf6371f45bc,shipped,2018-04-11 10:46:44,2018-04-12 05:35:20,2018-04-12 21:58:29,,2018-05-22,a5c38c4617276bde11eaa20396bc0859,2018-04-11
91dd888a4b337fbe66398fb27c88a04c,6ea29ae62679c8330d931490b5d00011,delivered,2017-12-13 11:18:13,2017-12-13 11:30:55,2017-12-14 15:36:45,2017-12-19 16:33:21,2018-01-09,3eebc80e8df96d877c2cc23900714e80,2017-12-13
2c648e5080cc33426153580987a3494c,94787c7bde8d5f90645991d7d61a0b3f,delivered,2017-09-27 23:34:08,2017-09-27 23:49:18,2017-09-28 17:54:54,2017-10-05 17:55:47,2017-10-23,06d4334ea4015768bd38c2d5531efe95,2017-09-27
109a35c1841b46949fe3d7858f67ef1f,b0849c728a665c75ff6656e6b32845aa,delivered,2018-06-09 10:45:43,2018-06-09 11:11:17,2018-06-12 14:15:00,2018-06-16 00:28:36,2018-06-28,552dba3033a5799623de5709d29ad227,2018-06-09
17e71fa8bed3ecbe0d18f738ecb618e0,d09f20ff5b8faa599011fab2bf2a1ab6,delivered,2017-08-18 17:57:18,2017-08-18 20:05:11,2017-08-21 13:30:00,2017-08-28 17:12:49,2017-09-15,9d80519e08456666caea8e3d582488f2,2017-08-18
f06120a41d72cbe0e5d52f7dc5c52072,25eab0a668582f49dec930e94eafa7ac,delivered,2018-07-29 00:47:26,2018-07-30 16:24:53,2018-08-03 15:02:00,2018-08-08 13:56:24,2018-08-09,642f52b54322cbc08c9e4fa66e9e9b58,2018-07-29
78be9d9900545877cde2773eb0cb05d7,da874d805c9bee954668d8a5da986933,delivered,2017-11-24 13:46:10,2017-11-25 04:59:23,2017-11-27 21:20:06,2017-12-15 10:28:57,2017-12-21,d7f6e09c024c6e524d8db719622b7446,2017-11-24
6c240e91c9702ad9f9837dc329aaf475,a6539a023af66941ded3f5f9a6bdf0b0,delivered,2018-02-17 19:08:27,2018-02-17 19:30:26,2018-02-21 21:27:53,2018-02-26 21:43:39,2018-03-06,c8c875efc4190e4d9600407ab1af59d1,2018-02-17
ae101f141494b1098855d1145e80341e,d9a4bdd52fc01c93c7807c89e0c67f3b,shipped,2018-07-01 22:22:57,2018-07-01 22:35:20,2018-07-03 13:53:00,,2018-07-26,67b244a04cf53ccd49b123a9941f6f9b,2018-07-01
f01de19516748496ecf55ffc821fad6f,81ac7a23980df2f68aafd3092459d8d2,delivered,2017-11-25 11:38:38,2017-11-25 11:51:40,2017-12-01 00:20:02,2017-12-07 18:35:53,2017-12-15,64f97ec22b15b992022996ba8a89e7c3,2017-11-25
62a6791b270d5f309cfe9671c0eca61a,42a3b267e4578c806e2f47fd25818af5,delivered,2017-12-01 08:13:46,2017-12-05 04:12:04,2017-12-06 19:43:33,2017-12-18 21:24:56,2018-01-04,f832d8f651b17291aa60556ebdbaea2d,2017-12-01
47d31d84d5649bc830782ef347952048,3c0ecc8a742c08f13fe380e4a7e5145d,delivered,2018-03-25 18:37:26,2018-03-25 18:50:32,2018-03-28 18:03:42,2018-04-11 00:06:45,2018-04-19,8fee6c26425eea3f0e42bbdc24f532e3,2018-03-25
6ddabf2a8041dce9c002843951566c40,b13d2760d38f105bdc7647c63b130e0c,delivered,2017-06-17 14:34:41,2017-06-17 14:45:45,2017-06-19 20:49:54,2017-07-01 11:22:08,2017-07-13,0e886f63fb3e1d3a7c0a56bbab8724c7,2017-06-17
25b0aadbfdbdc6fcc91820762f6aaf35,0d93e3fecae11d6f2348610c93841603,delivered,2018-08-15 22:57:05,2018-08-16 22:50:22,2018-08-17 15:24:00,2018-08-24 00:03:38,2018-09-05,4f1a8d703d88162a87bf13b50ef9c75f,2018-08-15
eb515c77499aaed890c1c8e759ec8337,51e9c53f076583fdfc867b55eb64d93b,delivered,2018-02-21 14:20:07,2018-02-21 14:35:38,2018-02-26 21:16:47,2018-03-14 03:22:10,2018-03-29,a3154bdfb940ca86374ff77668cd0328,2018-02-21
09e7742cede3e38bad12bf8e4e015d6c,2440bd5050e5264f2759bbdcaaec1b5f,delivered,2018-08-01 22:52:54,2018-08-03 04:35:23,2018-08-06 12:24:00,2018-08-09 16:51:19,2018-08-17,1866e928e2fcaa6ceb5c7cafe4e65c6a,2018-08-01
00e4050fe32e786290a29c61141e979f,9732d83dd0a2e6aa4a1ff900eca36c81,delivered,2017-08-12 12:24:41,2017-08-12 12:35:22,2017-08-16 19:03:49,2017-08-24 20:29:57,2017-09-18,78774ba79d649db8da39ea74e4aff736,2017-08-12
560691faf05a5433e9617b9582948175,d6658fb848aa2854c95128fd08d39c52,delivered,2018-05-09 22:32:05,2018-05-11 03:10:29,2018-05-11 15:02:00,2018-05-14 19:27:28,2018-05-17,410a0462acba9ae869f84450fae8a4ea,2018-05-09
0e889e74cffcea6930673d6011321633,067ccd26a1e4082be06995121d90c1db,delivered,2017-12-05 09:21:15,2017-12-05 10:48:17,2017-12-06 23:27:16,2017-12-10 14:37:35,2017-12-28,b6fcfe26e042fcd4a0640d77c091eda5,2017-12-05
46b3fd7575085d6acefa04739e8c03a5,1c26fa5d7e1d256fb6edecc2084c58ed,delivered,2017-12-11 23:18:40,2017-12-12 00:05:07,2017-12-14 11:38:54,2017-12-19 13:29:28,2017-12-28,0a1e4a191a6f6ac114e07fc0058bf711,2017-12-11
5dc05f32211efb743fde17f226adfb6b,d0a06220865cc230d39188471bffd4f6,delivered,2017-08-11 16:25:03,2017-08-11 16:35:13,2017-08-23 20:57:40,2017-08-29 20:42:56,2017-08-28,3a649b3c6b379a427fa6f4a5f646a43d,2017-08-11
c546b3619cf94e3bfdffe96c5431122a,440ffdb6d21876debb78e680829db3de,delivered,2018-02-20 14:14:22,2018-02-20 14:30:29,2018-02-26 21:12:43,2018-03-05 15:10:27,2018-03-12,210dcea2a85d062056e87c700b0dbe03,2018-02-20
82532c4ff0d663ca01d2a9fb7d7123bd,9342c29170ee859b4ddb776b49fc0058,delivered,2018-02-17 09:10:38,2018-02-17 09:30:25,2018-02-19 23:08:59,2018-03-09 16:08:28,2018-03-27,91a0ec9e7df24b8cc41140debdcbbf1a,2018-02-17
f6eb8b6dbe3e8d62dfa502ba34413b4c,0efdf64a4ce7cdf1560f30c1aaf777db,delivered,2017-12-18 15:04:49,2017-12-18 15:37:27,2017-12-20 21:24:49,2017-12-27 14:17:08,2018-01-16,82554380744204d9f429b1bcb3f6024d,2017-12-18
17e3d1534284361efd337a39b62cce8d,9f6e2202869cbf505420da86479ee290,delivered,2018-03-07 22:26:54,2018-03-09 02:10:38,2018-03-12 20:57:45,2018-03-27 16:14:37,2018-04-02,cbbaea5202ef9862de6f593cfe06c23c,2018-03-07
145b75a554e404852b520d70c50c9f9c,417caa83b98e9b42752f0e84711fa107,delivered,2018-08-03 21:46:07,2018-08-07 04:31:13,2018-08-08 16:18:00,2018-08-14 19:21:40,2018-08-20,04ff08a6fc4cc4a9704ec3c21a89755c,2018-08-03
9f6db5df970e4f6210f284243da63804,a8d7ec51a5bea284fa021ca02a441b03,delivered,2018-02-28 07:59:44,2018-02-28 08:10:37,2018-03-17 00:08:28,2018-03-27 16:16:41,2018-03-23,e961ec549578a2c16396bb6e658ceacc,2018-02-28
64c4f910545582c5d0fa5bed30292b4c,ef14bc7bc7f8a385f119d6d67e9d7fa9,invoiced,2018-06-03 10:59:22,2018-06-03 11:10:46,,,2018-06-28,fdd6bd902f6948b21330b111b89ccc4b,2018-06-03
f7a395a125a7e8815b2b8c19bcfd6967,0ed7a6b94c234ca60cb9c4812c1fd044,delivered,2017-04-15 18:35:59,2017-04-15 18:45:15,2017-04-19 07:37:56,2017-05-03 14:09:45,2017-05-24,6d97028799b1d0a91160e11d45cfeb7b,2017-04-15
72cf33fff7bb8bd500f48fba15e3d3b8,289b34096f3531130889189eb2f4a372,delivered,2018-02-04 23:26:31,2018-02-04 23:35:30,2018-02-08 21:36:42,2018-02-14 19:16:07,2018-02-26,39a7ce86511cf4b34a90dcc0cd3157a5,2018-02-04
bc02ddc545587c6eab5bb1a8c6c45f1b,c85bcc5a4c098769d6bbab6b77f61cb8,delivered,2018-01-22 01:13:04,2018-01-22 18:57:14,2018-01-23 23:40:32,2018-02-09 02:43:12,2018-02-14,9065001c21c6240da6fa642651772e60,2018-01-22
57d74bf069e210bac3ce7a0892c54234,8ff8e5b0676fc679a45f4fae3854fcd7,delivered,2018-03-07 00:09:49,2018-03-07 16:29:28,2018-03-08 20:01:38,2018-03-18 19:12:35,2018-04-02,353f7ad01ca05be7416d4d65682a0077,2018-03-07
a8c92467b395f106cc93c91b6eb782e1,39523c1ff374843be2ac90cae00e8e04,delivered,2017-02-20 21:57:03,2017-02-22 03:22:55,2017-02-24 14:52:35,2017-04-02 09:50:07,2017-04-10,8f9f1a0464f6ab0e25650be9849b086d,2017-02-20
f6aacc375c3b2864cee85090f378312a,6d2a480a3bab280215151ca1060ae429,delivered,2018-03-11 18:52:11,2018-03-11 19:47:48,2018-03-13 22:19:37,2018-03-19 23:32:44,2018-03-22,63b4253e688c57bdaa18741b3fea5a01,2018-03-11
8ba268235fbb748f118500dc2f8f9781,1e338a26b653fb3389509b3a29e02174,delivered,2017-12-09 21:53:29,2017-12-09 22:10:54,2017-12-13 23:03:55,2017-12-19 22:43:47,2018-01-10,00d8411c0f5ee4e0a9b8900ea483680e,2017-12-09
27bef9e280946001761b32ae6463dbe0,226f45581c1b5fe6ab7ac0d9e060a2c4,delivered,2017-08-10 15:28:01,2017-08-10 15:43:42,2017-08-11 13:52:34,2017-08-14 20:47:41,2017-08-23,39791463fe4660b0d147813e963801e4,2017-08-10
b5bdf19b8bbc9d7daf5eb8f087a8895e,59ac3b9e18d9d220e42331311e4e29ef,delivered,2018-08-26 22:19:40,2018-08-27 22:23:59,2018-08-28 11:00:00,2018-08-29 17:32:07,2018-08-31,993ac39b14e1d7d2f325adbd31b831ab,2018-08-26
02b57854fda246aca8459d17f5ccbffa,6e09ac4a8bfc2f8b85c97ad3eeddb910,delivered,2017-09-28 13:18:59,2017-09-29 02:14:30,2017-10-05 18:41:33,2017-10-08 14:27:27,2017-10-16,ca87878556c542ff2b97bf6dad742fdb,2017-09-28
a23fbd072d8da0e629163b930de177c8,5b53e12955fa1570b673247759a6184d,delivered,2017-07-11 14:51:12,2017-07-11 15:05:16,2017-07-12 14:32:51,2017-07-24 21:06:37,2017-08-02,5b15c412f2fc558104a7f8690e418e03,2017-07-11
178a419a329f2b4bf50a68f7357f8fce,a6a064b2b06b92a3b264c075a804d4e7,delivered,2017-11-02 23:06:11,2017-11-02 23:15:59,2017-11-10 18:39:06,2017-11-17 19:13:00,2017-11-27,8d3266319640415bd80cda87f8dd1990,2017-11-02
e5f5689b67b74eb43cb33677b9595f5d,80b7b8a1805fa231354410ca34138c7c,delivered,2018-03-07 17:20:39,2018-03-09 02:31:25,2018-03-21 00:04:11,2018-03-22 17:18:38,2018-04-04,49482ea59e5df9ca522b982c7518dcaa,2018-03-07
d48417cf367104ba861b31d6ef9d9528,ad4c86ef721a1c9933ba224773652bdc,delivered,2018-06-07 16:16:12,2018-06-07 16:41:24,2018-06-08 13:43:00,2018-06-15 18:36:44,2018-07-03,6f118973063f0f04f26bc6b00acf2cde,2018-06-07
2d7eb01778411aad90ac1f9b50187b07,58744880b7ff3ca8c7f5fdb3c6eee4a1,delivered,2018-03-25 17:23:39,2018-03-25 17:35:24,2018-03-26 20:42:18,2018-04-17 18:07:55,2018-04-20,5a195ca956840994196d99cdf5575734,2018-03-25
cc43a0291c8a1508aa42c1f78ddd204a,565673b18f31af7c61f92faa9e228b91,delivered,2017-06-19 11:36:42,2017-06-19 11:50:12,2017-06-21 18:17:57,2017-07-04 14:28:55,2017-07-13,65f770e7ad7a56c2170417c1c9e359b7,2017-06-19
d43df0b37313a8c9a453c321ce6084e5,a7d162019d5a4cfaeb490e2db9b4c251,delivered,2018-08-07 17:34:30,2018-08-07 17:45:17,2018-08-10 14:49:00,2018-08-17 01:58:44,2018-08-20,9155d337b80f0c2b73519b61ee0b6437,2018-08-07
b10350ed7f626af6db79354ad0e056c1,b877f2518fc1d9824b0da20c2e4b60a5,delivered,2018-05-23 10:05:52,2018-05-23 10:18:06,2018-05-28 12:55:00,2018-05-29 16:40:43,2018-06-06,821deb5672820bdeb4f4a02ba483a613,2018-05-23
b6b3f7398f91d01cddd86f40d894e688,5bf2e493a04e3009683b0a6e960bfd92,delivered,2018-07-26 19:28:32,2018-07-28 02:44:40,2018-07-30 13:05:00,2018-07-31 22:32:40,2018-08-03,b9a662df058a7c5fbebeb0b2317ae20f,2018-07-26
066e583c1ef730d7f1685807bc618cf7,dfec7cb1347f76c3ce993ccde152e6f7,delivered,2017-05-28 08:42:18,2017-05-28 09:20:18,2017-05-29 12:55:49,2017-06-16 16:33:57,2017-06-29,b0f47d39f0e55621071ec1e93ca6b74d,2017-05-28
23922e17c7f2bff630c5cfeff23b1551,0d3377ae70b37bda8cd55a64e69718e4,delivered,2017-12-27 22:50:54,2017-12-27 23:07:59,2017-12-28 15:45:48,2017-12-30 00:02:47,2018-01-18,4b153f24b34c0393c27027a43495345e,2017-12-27
22cbb862caaa697ec27060c8112bcb10,f624111ab4517b23aab17423cc655449,delivered,2017-08-18 13:21:04,2017-08-18 13:35:13,2017-08-18 20:38:56,2017-09-25 14:10:25,2017-09-14,4614fee469e2e0295a27cef0bfb724f7,2017-08-18
ba3a3c2c3f3e81e02369b68c93922193,26202d9135bddbb2c51320f58bfbc92c,delivered,2018-01-14 23:29:25,2018-01-16 03:34:49,2018-01-16 20:35:42,2018-01-26 18:06:48,2018-02-06,2905b849bf0a00d6a7ba32923aa3db3f,2018-01-14
eec1b2584ccac529785cee8454007b86,a44c6bfa12787e807a919f755419edcb,delivered,2017-05-31 13:23:12,2017-05-31 13:35:10,2017-06-02 15:04:36,2017-06-08 15:03:16,2017-06-23,1953527a2476d4e701c4bfaaf80890aa,2017-05-31
cc7bd0bcbb309edb2cd6fd9e87e70fcf,ea49739b49be01118317aafb67cfd734,delivered,2018-08-02 19:45:57,2018-08-02 20:03:54,2018-08-03 10:31:00,2018-08-09 00:12:41,2018-08-14,b680711d9a869502a6966a7892ab97cc,2018-08-02
bac2a0865fcd2f0a6d08ea425fd888c3,dbc2118022733d001af07ccb8a0df0d9,delivered,2018-06-04 13:27:54,2018-06-04 13:51:36,2018-06-08 12:45:00,2018-06-28 15:19:38,2018-07-13,686c77bec96f5d95a5633726eb32d4a5,2018-06-04
61533cd20b6e0d2b003a57dd6b78fddb,b444e11307ca74582c1afbe4fbc3062d,invoiced,2017-12-14 18:53:55,2017-12-14 19:10:24,,,2018-01-16,e9af3346037b93ff6da00c65f3122ada,2017-12-14
4f519ece529392f7272828e7c16e1a78,4e58705c154cc734bd02c659f9079e16,delivered,2018-08-25 16:41:38,2018-08-25 16:55:25,2018-08-27 13:37:00,2018-08-28 18:42:37,2018-08-30,7bcbce4f3beaeabbb1207934260de958,2018-08-25
1f55d59fd95c97d28af581c3c7b4f267,3950e328dbdb596aeb142021124a6d77,delivered,2018-08-01 23:23:42,2018-08-01 23:35:13,2018-08-10 19:07:00,2018-08-14 15:56:46,2018-08-09,a550160d4bf1400ec60ce91d064ddbf4,2018-08-01
f13d3d8076b01ae10a38dc2b57e9f17b,de1fb762971b0f856211554c3d21d05f,delivered,2017-08-05 15:48:48,2017-08-05 16:03:16,2017-08-07 17:47:34,2017-08-11 19:15:34,2017-08-29,4f1af1d1058a993e028f7d0851bdee56,2017-08-05
1c6538c8fc11f02d495ed84516f5c645,a3cfe1fa5dc5b58a54aef0aa5da71b45,delivered,2018-04-30 14:17:06,2018-04-30 14:32:34,2018-05-03 15:21:00,2018-06-05 23:21:01,2018-05-23,907dab97b590255644b9314ad0e0538b,2018-04-30
14cb3b3caf8abdd2361971932a664cf5,20c5793de26452510ca4dd8d6d27ddbd,delivered,2017-11-05 13:43:51,2017-11-05 13:55:53,2017-11-07 17:13:53,2017-11-23 19:59:11,2017-11-28,fc86194d31d21e9c13ac0055f0c9e27d,2017-11-05
3ef2e89270f0cb8a5461840c19c713c2,3ab2e37cdcb21e030531f957ebf7037d,delivered,2018-08-18 11:57:34,2018-08-18 12:10:47,2018-08-22 05:13:00,2018-08-30 05:04:09,2018-09-03,df71d73f8b73f0763aad87be12ccd8a0,2018-08-18
b72ec6f8875de6599a06f6bc2ca456f7,cf8b62888bfc40a25e1fa6f34ad8d2d6,delivered,2018-06-18 15:56:54,2018-06-18 16:41:13,2018-06-19 14:13:00,2018-06-25 20:34:44,2018-07-12,8830c3f65754bdb556fd60f2a95a11fb,2018-06-18
dbe0b2da93e4487aef10a366e1aa6efe,23e88ee909789107edba129499a41e22,delivered,2017-07-12 07:44:44,2017-07-12 08:03:19,2017-07-13 02:05:44,2017-07-19 14:53:34,2017-08-01,84c1f57eaafb99e5181ccbbd6e7fe54d,2017-07-12
bbb7e3b704844468f580cf9f68b0ddd5,c79a8458c63c18d441ea3a4430211eb1,delivered,2018-07-09 16:51:25,2018-07-11 03:06:05,2018-07-11 15:03:00,2018-07-12 20:32:26,2018-07-18,e9bb5d0ac79a63882095a40f73278138,2018-07-09
542ba8266da1910cd2215aea677465e6,02dc555ff9dbfd338f0206448408c8cf,delivered,2017-12-05 19:05:00,2017-12-05 19:30:48,2017-12-06 21:17:12,2017-12-10 14:17:14,2017-12-28,2fb1dd4f2ed092c36907a880bc0c77ec,2017-12-05
50bc77ecaaa29748406a1e7fe4fe22fb,e5560d6c017f8554674633d6e42feb3f,delivered,2017-06-27 11:14:14,2017-06-27 11:50:16,2017-06-28 14:37:52,2017-07-03 14:19:30,2017-07-10,3c076c29bafcd10c6ded9bf3e69a74d6,2017-06-27
a982fa6447231167540497f3084efea4,404ac566795a813df33daf72f98594cf,delivered,2017-12-07 07:18:12,2017-12-07 07:30:00,2017-12-11 17:25:04,2017-12-14 18:24:59,2017-12-26,b3a480eff18e1376172539c45a64fe19,2017-12-07
122d77201f2281c9420f54d73240b310,17123dccf4003deea7415632427c9b49,delivered,2018-01-27 20:48:45,2018-01-27 21:17:07,2018-01-29 23:09:19,2018-01-30 21:13:09,2018-02-14,d48bc392ab12721e76bcb5ff6f4d5520,2018-01-27
e005be792ff63719b707213974186c8d,851847baa2edb97deb7a8f7fc0c7df21,invoiced,2018-05-10 16:58:03,2018-05-10 17:15:14,,,2018-05-29,eb06afcc8b8bb118f5d1dbdc7507fd7f,2018-05-10
d9e44c3fd2ce16086619f299e92e12d8,213573df8c484028f3492fa3548074da,delivered,2017-05-06 20:11:10,2017-05-06 20:22:14,2017-05-10 10:08:52,2017-05-17 17:34:14,2017-06-02,06a52782a04f0086d16b9c22d0e29438,2017-05-06
0bb9de1ada893b1bb35472e2bc19cdd4,d0485f6114ffc58117a0f1086fd80af5,delivered,2017-07-25 14:53:37,2017-07-26 10:45:12,2017-07-26 18:15:43,2017-07-27 20:02:45,2017-08-14,1b299396788f3826a1428992dd5ea3fb,2017-07-25
d80776183a62be9d9a9eb2dd9b8e92bb,80fb4591a82a055c4f9c11944ab2abbb,invoiced,2018-04-14 12:13:29,2018-04-14 12:31:53,,,2018-05-15,cc49181ad138e498cb6b0647924e1429,2018-04-14
ca5f84c834ef797682187652a17cf463,7f157d0a78b251ba8904237c0851e3e2,delivered,2017-06-11 21:16:09,2017-06-13 05:05:15,2017-06-16 12:49:26,2017-06-19 15:38:02,2017-06-26,499e1ddbf2c2567324f4d3733eaeedeb,2017-06-11
68d8b4fcc77dcd06eecb59b08dc28d15,7cd022f49c80185e8ff8208adf611409,delivered,2017-05-31 22:48:44,2017-05-31 23:02:20,2017-06-01 10:20:09,2017-06-14 14:04:11,2017-06-23,be1a2721d896d969ea8c0fd4ec0f2ff0,2017-05-31
71717b68820ab37f844d6799422804d7,7dbafdf9724d2baeb787a3ed3ebd7bf1,delivered,2017-07-13 21:03:44,2017-07-15 03:34:23,2017-07-18 18:03:07,2017-09-19 14:42:08,2017-08-09,ca994abc57b0bd7981d91d0061b3d8d6,2017-07-13
c2ffd2b7ac929dd7d29b32d0c9db8ec2,0c1f4e7cf5b4d4254e19925c2464615d,delivered,2018-07-04 13:05:28,2018-07-05 16:31:01,2018-07-05 17:24:00,2018-07-10 18:57:43,2018-07-26,fa0a8fe08fc2bff3b94c78cb442552de,2018-07-04
efa7f60c6fa051986a5d8f220106b74f,a271788c6bad8633d39fac1fb388f677,delivered,2018-08-20 10:39:27,2018-08-20 14:55:33,2018-08-22 14:17:00,2018-08-27 15:49:30,2018-09-06,ce2edf6f5fc654e01e3d1a72ef1614d8,2018-08-20
b29588205754e6941a713c653618a04b,375df09b883bc317143edfa312d37771,delivered,2017-09-12 14:18:39,2017-09-12 14:30:36,2017-09-15 18:35:07,2017-09-21 21:47:57,2017-10-10,df76d1efc22b15300619dd981a0c3d1c,2017-09-12
9e0ca19fb3cd696e318f58f0613ee8b1,98f2b622ceae79b38a3ae781cc1d968b,delivered,2017-01-30 18:18:36,2017-01-30 18:33:48,2017-02-02 10:43:40,2017-02-07 16:38:08,2017-03-03,f470726b512325dcb4e26874f338cd83,2017-01-30
00f33ee62c15223679d3550e751c37cd,2c499841f2c353053fd296844c4908f5,delivered,2017-11-25 16:17:29,2017-11-25 16:32:38,2017-11-30 15:25:13,2017-12-18 18:09:50,2017-12-18,7d70830062fb69cd2b3f095aa6ad8fd0,2017-11-25
64570ade1d7db4b051bf5387c94bc96c,068a6193792ce340374afefa699e8880,delivered,2018-08-17 18:16:56,2018-08-18 02:49:54,2018-08-21 16:05:00,2018-08-22 19:27:38,2018-08-27,be98ec008d2c33c772e14b5ae7a54461,2018-08-17
2df1ebb1aa609632517182df5fa53a6c,ccd6e76019d2015085616b277a461ba3,delivered,2018-08-15 06:13:58,2018-08-15 06:25:16,2018-08-15 15:12:00,2018-08-16 20:17:54,2018-08-21,5523dc4bddbf8978048e5571b0cb5f87,2018-08-15
654bb3bf5756b75c4b37dd9fd7170cf6,22aa400bd51a0858f743c1e4123d1fd9,delivered,2018-04-30 20:25:31,2018-05-01 03:15:16,2018-05-02 12:44:00,2018-05-11 16:24:29,2018-06-08,d4f091ba355fc4b85deeeb833074ea9b,2018-04-30
bde6e20289749eb6e7fc368efae2b87f,bfac8740e5c2bc66bf3779ac81680d3c,delivered,2018-04-24 17:21:16,2018-04-25 08:51:55,2018-04-25 14:30:00,2018-06-14 19:34:34,2018-05-25,8bb31750d3168b3e096a38f5616846dd,2018-04-24
523e4c5c14788a136fa42fa8fadbb06d,67546a73c9ca51d064c316a7fb0c7c05,delivered,2018-06-09 15:08:13,2018-06-09 15:40:07,2018-06-11 16:32:00,2018-06-27 11:52:29,2018-07-30,9c39d6d5e336ed687d88a118c77a9dd1,2018-06-09
655b197a54244b0cea99f6e7113b8be5,d5814cdd473ea0c5887755eba601278a,delivered,2017-11-11 11:05:00,2017-11-11 11:15:21,2017-11-16 21:38:36,2017-11-24 21:42:38,2017-12-01,0c8fcc840b46dc526a5a0cff516425a7,2017-11-11
a0e07b356a3bbcc4c780060d24bf5a10,f47753854c975a0f97892fe1ede2e688,delivered,2017-11-24 21:03:03,2017-11-24 23:56:58,2017-11-27 16:57:47,2017-12-05 16:39:02,2017-12-19,37562a9a26f9bc39d68a454fe1435053,2017-11-24
cf6452b3b5328de1ec580502fd48fcd7,5928ea9c80d9614d8a17a6e4f13de9ee,delivered,2018-08-25 17:01:09,2018-08-25 17:15:20,2018-08-27 14:24:00,2018-08-28 20:15:49,2018-09-19,773427e58e9396f234a16271a8fa4947,2018-08-25
cface3d9f0cffca04d1a90e042db06a3,c91b4e8ba054b6bd242bb17bcf7913bb,delivered,2018-05-10 00:18:58,2018-05-10 00:34:07,2018-05-12 08:09:00,2018-05-25 17:21:26,2018-06-05,90aca9bc627fecf7f80ad801a9008640,2018-05-10
e59c78cfad351e5c5f726c16b424eab8,3224eb35bd48becd010cc9ce820974d5,delivered,2018-04-13 15:21:31,2018-04-13 16:13:13,2018-04-16 15:02:48,2018-04-25 14:49:08,2018-05-21,d35126a4e78f10f881360f8f0492a656,2018-04-13
decd1adc7d738abad2902c966c3ef697,f8065481b7b66b8eda00febe4e98c61e,delivered,2018-04-18 15:40:53,2018-04-19 15:49:01,2018-04-20 23:16:45,2018-05-01 15:04:50,2018-05-16,c5289f54519ba36da39fe8944d57bcca,2018-04-18
f20142c58be62ba5f9175df74670dcb5,97017b21b91c3f6d661ccaceee407af9,delivered,2017-03-27 21:33:04,2017-03-28 03:56:27,2017-03-28 14:16:44,2017-03-31 10:53:15,2017-05-03,962788752868b9b9b107fee49034fba0,2017-03-27
2343154aea8ab8651aa8c95f4ec40846,fb3ccb2a75623bfc0465582ad7183f84,delivered,2018-04-24 11:14:29,2018-04-24 18:56:37,2018-04-24 23:17:31,2018-04-28 15:12:45,2018-05-16,ef8bbea7b92074a10e37282d25a55784,2018-04-24
b81a52facd8a7b45a8227755b5578bb5,5948ff4072bd82cda63daa1eb382e9a6,delivered,2017-07-15 17:37:28,2017-07-15 17:45:18,2017-07-17 19:52:48,2017-07-24 17:16:28,2017-08-18,063f16fb8a42f6117a739b39f11acb5f,2017-07-15
9b9aa5db72804ef29d7a80d931b6acc4,5665039481515f466963672ab6a5c743,delivered,2018-03-08 16:21:09,2018-03-08 16:55:55,2018-03-09 22:31:57,2018-03-17 14:05:38,2018-04-05,99a025f49d0948c8e4da719e3d2f6238,2018-03-08
3dfed5df223cdf779934a6ee871638b8,8e13b94866f3b17a0b57139b90df1a4e,delivered,2018-02-20 09:34:24,2018-02-21 06:20:11,2018-02-21 20:12:12,2018-02-28 21:42:30,2018-03-21,b778de6d690edae39654f4444e081771,2018-02-20
e731304a0fda25d2138155bbfe558bd7,06b1a1aa298eda35cabb263be4848848,unavailable,2017-11-28 19:00:04,2017-11-28 19:11:32,,,2017-12-18,bd4837ddeb9aa63bd4d50ff3a13388af,2017-11-28
79628bec05987a8b38465bfb42775c11,0bc0e9e36ef7cc3a227078978ea75d43,delivered,2017-09-20 00:01:18,2017-09-20 00:24:42,2017-09-20 22:03:50,2017-10-02 21:04:22,2017-10-09,020f91981e05247250ccaa0ba69364d6,2017-09-20
615138ca15a2a7fe3059d1fd8ac364e5,7b92748fe6ba57a8dc7ca8d421790d16,delivered,2017-11-18 11:48:52,2017-11-18 12:06:50,2017-11-21 16:09:07,2017-11-28 21:17:00,2017-12-12,59f83de84dbeef60a402146e31d8c517,2017-11-18
973b7f50240979971b3f5f8913d09e23,12e248f83f2e7d0dcf7ab2dd25e3e609,delivered,2018-01-26 19:50:57,2018-01-26 19:59:21,2018-01-31 14:55:14,2018-02-03 00:06:48,2018-02-09,573933fa7b6b10b6882a68726a09104b,2018-01-26
384ccfc60303d6c6cc45651300f67a7e,789df2af56cf6cc537c07d65850675e5,delivered,2018-03-26 12:39:35,2018-03-26 12:50:28,2018-03-28 19:57:26,2018-04-11 18:58:30,2018-04-24,3f55e2796985b6c5901d097fb3685c72,2018-03-26
dd50520e43525f813b7b2de2422b29ac,9decfe914680409a310e0ecf933e4d48,delivered,2018-07-22 18:19:08,2018-07-23 12:32:14,2018-07-24 12:43:00,2018-07-25 15:56:27,2018-07-31,1dc10db37be09f940b982da2975f2007,2018-07-22
da7843573e4914d76380f7f0a86995a3,623c17e07c5e96500e6d27890ed8e15e,delivered,2017-08-18 16:58:56,2017-08-18 17:30:19,2017-08-30 18:23:47,2017-08-31 20:15:18,2017-09-13,0e1fa5cd2af87ccd95441ed049c41e84,2017-08-18
d5f3b6e7ae8e5aa83021d755e9e2c451,cf114462e0c03dc644e1235123758153,delivered,2017-11-22 21:16:35,2017-11-22 21:26:35,2017-11-23 16:07:06,2017-12-07 10:04:08,2017-12-21,2d9a8b2826ea60dff46c9d4c6360c23f,2017-11-22
4a71c671955d20b872ceb6758387a3e5,a62372744da29668e0df550c55655cf4,delivered,2017-11-28 21:53:20,2017-12-01 12:31:31,2017-12-07 19:49:03,2018-01-08 18:22:45,2017-12-19,e58e049eea2419a34274619f798d0cd4,2017-11-28
63df9c400a34f212a2b147cec366dfa9,66864c22377ac8bb2a1ce9ecef8f1f7e,delivered,2017-12-05 16:36:42,2017-12-05 16:56:29,2017-12-07 02:08:54,2017-12-28 20:53:19,2018-01-05,f38bfa3a372f4bd9504025b2fcd6dfc5,2017-12-05
526fc45095e2adeba18063d4c0700d3c,3e1b1881c962d19e237ea65b3f06fdaf,delivered,2017-10-04 13:12:00,2017-10-05 02:44:40,2017-10-09 21:35:59,2017-10-18 22:22:17,2017-11-06,6dc91982f7a9db03fb1e65fe59d89b1c,2017-10-04
c96209cd1d43d071d3bdf48d299b7aa5,06cd112a475fd4d834eff32968147050,delivered,2017-01-05 15:37:58,2017-01-07 03:45:27,2017-01-11 15:47:40,2017-01-16 15:18:08,2017-02-13,527cd2850ef91088969ffbef0103dec3,2017-01-05
a0ef08378f02efac03e5905cccb1644d,16cd8b1c85d5f1e24bf0d47a9056eac8,delivered,2018-05-20 12:55:33,2018-05-20 13:10:29,2018-05-22 17:05:00,2018-06-16 00:36:30,2018-06-07,682613703776d670ddec3f2c4b99d337,2018-05-20
78ebe5bf2d56685f5b1e6895cfd941e2,90924f3be1f51b95a42a023072592755,delivered,2017-05-21 18:11:11,2017-05-22 18:22:46,2017-05-24 12:14:23,2017-05-25 13:41:54,2017-06-05,8dec6b22ebdc2dd9cd60d5503c916586,2017-05-21
db0335818a0e49d9d5bbe1ce0a99310e,8e9bad01be77e446634b85d8b7261ef9,canceled,2017-11-15 07:45:44,2017-11-15 07:55:26,,,2017-11-30,f95ccde28c7613a61e9e40681cac6104,2017-11-15
7748d80d05e319f5be1fa102c4c33886,f01420e1e93a5d587f0e5b63bb9a83f4,delivered,2018-03-25 17:23:26,2018-03-25 17:35:27,2018-03-27 04:08:55,2018-03-29 15:05:54,2018-04-06,1d6cfe525e0e02d3557361134f18ac44,2018-03-25
8ad2cc00eef89bdf0cb90d5bff14d90e,315cc3a08ccf817f0ef2437d5c57bace,delivered,2018-01-31 16:13:00,2018-02-01 03:12:30,2018-02-01 17:15:50,2018-02-19 17:37:11,2018-03-08,3d5abcd270843a521e72506481816dbf,2018-01-31
33879dc5903bc67030ad66df59c6aa4c,3f598829e053eb7da1ecb6ac78378310,delivered,2018-07-12 14:14:51,2018-07-13 15:04:09,2018-07-16 13:37:00,2018-07-24 12:11:57,2018-08-01,2a4840077c0baca02a02e5f8228d148b,2018-07-12
0b40648d6c533ac73822cb32caf5cfa3,7010333c051d9116f2df834f27ed380f,delivered,2017-08-15 11:08:17,2017-08-15 11:35:11,2017-08-21 15:14:51,2017-09-14 20:17:02,2017-09-15,2bd5a30d87455c3dc885897d5f561bc8,2017-08-15
93c37018f6965594a445636285767c52,e5ab8e98638fb9fff7458efce3a61325,delivered,2018-06-06 15:07:13,2018-06-07 03:12:29,2018-06-07 20:07:00,2018-06-08 23:05:53,2018-07-12,10d98dff41dc59bab14467dd908f904c,2018-06-06
3b075cdef3ce549b7e7b8d6b4678ebd8,4d241930b5a4587fb9738efd3a3ee4fa,delivered,2017-11-29 22:12:59,2017-11-29 22:39:57,2017-12-06 11:27:00,2017-12-11 16:53:21,2017-12-21,56357cad975389d1209d8eb2c29a99b4,2017-11-29
a85ce89cbcc514dfe135de0036be45db,4457d60c844b9cec4abec3a9507f23a5,delivered,2017-08-21 16:17:56,2017-08-23 02:50:25,2017-08-23 15:33:02,2017-09-19 10:52:56,2017-09-13,a8563d0be40211e2527f8b80c24f4845,2017-08-21
0f769c3e8665e800faa37fd711fee252,d3fa29ddb32982917d99b75a422e7e2a,delivered,2017-11-24 09:47:20,2017-11-24 11:13:33,2017-11-29 00:11:19,2017-12-01 00:48:36,2017-12-14,aef364019ee11174e721527b1f379acb,2017-11-24
f2360b8c94f4bc5d80a4010d680ff61d,124b57305a3e815c25f7e2f5f53d8c79,delivered,2018-04-11 20:21:10,2018-04-13 02:15:33,2018-04-13 22:58:39,2018-04-23 17:57:39,2018-05-08,bf8195e0faf7723e9c14affbfe36a4ba,2018-04-11
96cc8c42014ddb42a775da9a45ae3f76,a996449b1a83201ba86b95b20cfed295,delivered,2018-07-16 20:34:58,2018-07-16 20:45:18,2018-07-17 14:23:00,2018-07-24 18:28:50,2018-08-03,5f8c6f3a4b96dc87a47c35c5bb018c19,2018-07-16
c22cb502f983d9e8e08a8b6cf5e78727,68e503ebee5eda0752c5786383d3969c,delivered,2018-04-23 13:40:37,2018-04-24 18:19:24,2018-04-24 18:46:44,2018-05-02 19:21:23,2018-05-17,1774795bf26aa7a6d42cb26556812e6a,2018-04-23
2081951727bfe945199ff7bea30cbd1a,eed088d4b99839a66f46721d55b7f388,delivered,2017-04-13 13:15:22,2017-04-13 13:25:16,2017-04-17 13:49:47,2017-04-27 14:11:45,2017-05-15,71cf185501f00b71b8484855434b852e,2017-04-13
94c71635b9b6045f84dd6cdfd105d2ce,df8ba36985499adbec368f3486626d25,delivered,2017-11-01 21:31:57,2017-11-01 21:45:22,2017-11-07 19:08:50,2017-11-11 12:41:16,2017-11-29,811a64d5765612c8b8727cd2990e77e6,2017-11-01
3b217ebe4d179dfb38b00c9047569dd9,3936d43a9f6abb98e86943c6c7e5de2b,delivered,2017-06-26 12:41:29,2017-06-28 02:25:26,2017-06-29 10:55:54,2017-07-05 12:51:48,2017-07-21,880e2166e57226e7095960e71316ba83,2017-06-26
1bbf8613dbcd3a94228f1a5aa30cdfe6,67b3adaaaf04d61ffd3fbfafc0d6ea74,delivered,2018-03-05 08:54:59,2018-03-06 04:20:32,2018-03-07 15:05:22,2018-03-16 01:06:46,2018-04-04,3091200f8c2e1070cdce20e0446f152a,2018-03-05
7f55441ba7752b1d62a6865091ed18c4,551105c58d9e76aaa04e67d90d1deff4,delivered,2018-01-11 22:21:10,2018-01-13 02:31:34,2018-01-15 19:10:46,2018-01-19 21:18:28,2018-02-06,685cf6f21022e128820e898b197f7263,2018-01-11
f6586a410980be02b8a408eb2d0a5c21,ca5c87a30556fbad0671e0b2f9a57915,delivered,2017-05-16 22:42:57,2017-05-18 02:15:42,2017-05-18 14:49:26,2017-06-07 08:48:00,2017-06-22,bc68dfa77e201dc856450d8d919e8343,2017-05-16
0655a10c9ee5cb0fa451edebb94102be,3727a3314490e397e94c7d276ba8aca8,delivered,2017-12-30 20:37:52,2017-12-30 20:49:21,2018-01-04 23:09:08,2018-01-08 22:36:39,2018-01-24,beb157320e40bb48646b3671f8ca8f84,2017-12-30
08f70652fecc748f3ab45ccaac355cb1,6fd906d0a040625ef90f40d64c601cb3,delivered,2017-10-09 22:08:45,2017-10-09 22:26:23,2017-10-11 13:37:36,2017-10-17 18:27:29,2017-11-06,65c208081a82865d2ef3bea8fc98c599,2017-10-09
f8d18c37a2ae5b1c3f3ec8002a0d0cc3,de8b77d620db2066418a56ce3a1d4f81,delivered,2017-06-29 17:19:23,2017-06-30 03:10:18,2017-07-05 12:25:15,2017-07-07 17:12:04,2017-07-12,3a9daaa5430d74c1353d205d5a98adbd,2017-06-29
519203404f6116d406a970763ee75799,1c62b48fb34ee043310dcb233caabd2e,delivered,2017-08-05 08:59:43,2017-08-05 09:10:13,2017-08-07 18:50:00,2017-08-09 15:22:28,2017-08-25,8d50f5eadf50201ccdcedfb9e2ac8455,2017-08-05
96acc057158c055d3508b8379df12cea,d29d92e86e87e8732c9558570df752ca,delivered,2018-07-10 09:46:48,2018-07-10 09:55:16,2018-07-10 15:06:00,2018-07-13 00:06:52,2018-07-18,2ca27ef6f20adeabb3c9c3e43e7ad17b,2018-07-10
8208bbf85f1571dd07e86e66adddc395,2d66a2bd5d2f5e44de62a3d365b5fd13,delivered,2017-07-04 15:24:40,2017-07-04 15:35:10,2017-07-05 12:25:51,2017-07-11 20:35:42,2017-07-24,5049c2e7d068d415c5bdbe2a22532de6,2017-07-04
90feb1846fa42bbfe6d411d2d018d194,02afc864fbc233378368b0c0980f576c,delivered,2018-05-23 12:38:04,2018-05-23 12:54:49,2018-05-24 13:23:00,2018-05-25 14:12:05,2018-06-08,7c2f052b624ffd95256127dd8236903e,2018-05-23
e7e81487cee935dda2f15d591657bab2,0c2d410b960c5762f9c574cf779cbc02,delivered,2017-06-11 13:21:04,2017-06-11 13:35:19,2017-06-13 10:26:50,2017-06-14 12:45:03,2017-06-30,5a21363c92f912e70cb482c96bc03af3,2017-06-11
9c2ee43dbe7a65d216e05e432da1f3c2,c3fca3a8fb26d630358f6efa310f5cd0,delivered,2017-08-14 11:04:20,2017-08-14 13:31:45,2017-08-15 15:33:15,2017-08-18 19:41:50,2017-09-06,ee9d97a7d28183a3d93aefb807e48524,2017-08-14
2f7686472526a14dea7833c54aea6a70,90e96fc65e2b0b97264512ed783f86e4,delivered,2017-11-25 18:35:17,2017-11-25 18:51:47,2017-12-06 03:52:05,2017-12-16 00:22:08,2018-01-02,dc813062e0fc23409cd255f7f53c7074,2017-11-25
f8ff7718b4af94066e8301cc10c1cb7c,f6814eb4c562f4fccdfb7f5fd1ef7335,delivered,2018-05-07 11:00:51,2018-05-08 04:55:27,2018-05-08 14:14:00,2018-05-17 22:12:44,2018-06-01,3e7bb77746c1489704b3e041860dfb6d,2018-05-07
90214a4751f75ee8783bed5037f9b0db,a782abb7735faf6aae9beef3c0fb03eb,delivered,2017-08-07 19:27:17,2017-08-07 19:35:16,2017-08-10 15:17:49,2017-08-17 16:57:51,2017-09-06,1829912005bf614b746ee2e4c64e5f35,2017-08-07
2e66dd346593941760c467271183f53c,d0af0c50613380ca60a62b618f159a6d,delivered,2017-05-21 18:49:12,2017-05-21 19:03:34,2017-05-23 15:49:01,2017-05-31 09:04:17,2017-06-13,621c4f5194cc9529e9827dd71ed4dc10,2017-05-21
b3edcb85453179d7aff0cc5180ef4880,a0c67776c295e9b4a2b4884c6a24c76a,delivered,2017-04-20 12:47:52,2017-04-20 13:10:28,2017-04-27 11:08:34,2017-05-19 05:27:35,2017-05-29,73a713cc2b4ae1249774ad9be90abd91,2017-04-20
2b161ac439724fda87d03abf890234b5,a249aacfc4fe9ddca6b51c542c60e7ce,delivered,2018-08-14 22:53:03,2018-08-14 23:04:03,2018-08-20 11:46:00,2018-08-23 17:45:52,2018-08-30,ecfe915a07182f93120e1f4f1e4be664,2018-08-14
5a176f6453eb05d7087014b012940727,e5bce7b172f1147a069faf1b9ba56d96,delivered,2017-11-23 19:21:19,2017-11-23 19:33:02,2017-11-24 23:18:36,2017-11-27 19:38:36,2017-12-13,3daecf8142fdd6c03cf4825284d1bb5f,2017-11-23
c5b8e6bc67cded6cf23ac6fe3ba57d02,dd97288d2d72ce4794ef298dd308e1e3,delivered,2018-04-30 10:55:09,2018-04-30 11:11:13,2018-04-30 15:09:00,2018-05-07 14:17:37,2018-05-25,a8ad190dbcf7b411dcba3d4518334a58,2018-04-30
c5f102432d2d19f7bb18da99dc9456f2,a76f96039659c775b20e3c92888f4aa5,delivered,2018-02-02 14:58:49,2018-02-02 15:18:11,2018-02-03 14:43:55,2018-02-07 19:51:44,2018-02-26,5da264f08040433bc988272c8c9cea5e,2018-02-02
40753325f836f577dd8bab3f0e5807e6,e13f009104ff6db9e8722ff60788a3c7,delivered,2018-08-16 20:34:10,2018-08-16 20:49:42,2018-08-17 14:43:00,2018-08-23 00:12:09,2018-08-27,95f225051e0d3ec011afce7cc422668f,2018-08-16
100782076fba4576e769cf3d0a6aafd7,82da44fcf645d90efd687532e453b681,delivered,2018-02-20 15:59:26,2018-02-21 06:10:05,2018-02-21 19:28:04,2018-03-02 15:18:54,2018-03-16,3142ed5ef9fadb55dd02df21e80a5f6a,2018-02-20
c513aa3d06f7b36a3e3a95d73e91374b,75d15ae1dea3e7bfb4f9da6a616f3e8c,delivered,2017-07-05 14:30:37,2017-07-06 03:23:49,2017-07-07 20:48:34,2017-07-17 17:04:27,2017-07-27,33887de4578c82fbd015089f00d1aca5,2017-07-05
6a77d42bc7b71e63ef4a9209e2a3ce74,af4b49ff1d866fb55f0550973e676ba3,delivered,2017-11-22 14:46:56,2017-11-22 14:55:27,2017-11-24 20:51:58,2017-12-02 16:28:55,2017-12-11,2987e507bfd6ab9030d0191d80aabb63,2017-11-22
513d0aea6e84d49ab30dda9ab70053b1,09703c9d52696df6b0c0f4dd1c8729f8,delivered,2017-03-15 08:08:39,2017-03-15 08:08:39,2017-03-21 03:08:12,2017-03-23 12:58:35,2017-04-05,44dea3dd3d776aad6275f1417e04f4c8,2017-03-15
c2646971872aa9667e99e3b4545dc747,5745218a667013d784c68fdc707cdd16,delivered,2017-10-16 11:32:05,2017-10-17 11:45:19,2017-10-18 18:32:33,2017-10-26 20:55:17,2017-11-10,4fc733248ff167414a5bb951a7e306b2,2017-10-16
0cf808a0c021f642770317ad30665b02,5722fd06493f8c727ba151a2e0bc40f7,delivered,2017-11-08 18:40:21,2017-11-10 03:06:58,2017-11-10 20:17:03,2017-11-17 19:53:34,2017-11-30,a62b2006c8fff72dc98874abcfabca45,2017-11-08
0e252f244129af793f666f4b89a83478,2c24d7d6e7ef2aac9dadd2152b12e072,delivered,2018-06-12 11:26:51,2018-06-13 02:59:26,2018-06-14 16:27:00,2018-06-19 20:34:45,2018-07-04,91f46965c6d0d290607f08caea49a09f,2018-06-12
66a78e85c6861534eb1d18df457530db,f2e41456f21d09a4a1177f2f24ef26c5,delivered,2017-12-04 11:48:54,2017-12-04 16:31:02,2017-12-05 19:12:36,2017-12-19 17:36:51,2017-12-27,e22811412d27c1cb39969f35bf4dbbb9,2017-12-04
99ed5bfea4c7e7191a2412698fc7abbb,f8ead8fa77e496442ea34c58340a7f5a,delivered,2017-03-04 10:22:53,2017-03-07 04:23:25,2017-03-08 09:42:43,2017-03-22 10:16:01,2017-04-12,c6df3869c263531ebd51f0454a353605,2017-03-04
f00f18b889a2223a359c04fb790de5c9,0126adf5308223f7cba2e84f97ac0d9b,delivered,2018-01-09 23:15:23,2018-01-10 10:31:51,2018-01-10 17:18:40,2018-01-15 17:07:08,2018-02-08,d2bdde0a0acca76c25b5501424289355,2018-01-09
4722880b47a0cc081c878a5a1ba8fc21,f60469d80235aa2920161757357321ac,delivered,2017-10-04 09:10:06,2017-10-04 09:28:11,2017-10-05 22:32:37,2017-10-09 18:35:51,2017-10-31,e433513800f5ece11361212094c9b960,2017-10-04
c8ff0e33e2f8df953767f28065a3a6e0,5ff80d15decad784ce17e900e5538412,delivered,2018-06-07 22:02:48,2018-06-07 22:16:20,2018-06-11 12:02:00,2018-06-23 15:15:36,2018-07-25,e06344f0bea5fd3d5c7f99222d0cb13a,2018-06-07
54740211161142390c454785bc1e9fbb,ae2e3ea908fd49252f4ffa4ef16c5988,delivered,2017-07-16 14:14:35,2017-07-17 14:23:12,2017-07-18 18:44:41,2017-08-01 18:29:43,2017-08-14,c4152734eaadb5071714ca60a076b036,2017-07-16
31ccabaa81946cc788f8ee01c7fc5525,c158125265d0f5dbe154dcab88dcf37f,delivered,2017-03-17 19:53:42,2017-03-17 19:53:42,2017-03-20 10:14:14,2017-04-03 16:00:07,2017-04-11,b7d078abe32fae8466470a07284d4b27,2017-03-17
ba6599a593f0007d9c2ccba953adf20a,fd05d735f77ead5f285db7dc288d65d5,delivered,2018-03-16 23:05:40,2018-03-17 23:08:42,2018-03-21 15:38:39,2018-03-23 20:34:10,2018-03-28,278a0b2286900f7a9425916024acacd5,2018-03-16
dfaa4ce943a8dba10b754befb76fdb49,dcb6e7bc4e65d815025d0aa14349a4ca,delivered,2017-11-26 15:11:19,2017-11-26 15:17:28,2017-11-27 17:11:17,2017-12-02 16:39:45,2017-12-18,a1864cdd58debf5031958069ee937742,2017-11-26
228aea2abce77cb021f85db4a81df1bd,89a482b543077d77ed7aab69e3f1d985,delivered,2018-03-19 10:10:12,2018-03-19 10:27:16,2018-03-19 23:28:31,2018-03-20 16:25:57,2018-03-29,2b6215c6984a83718626d4243137037d,2018-03-19
eaa1ec29e80922b380dab691b8bd458a,83e73ddec875e2e8165a939b585b3c2e,delivered,2018-04-13 11:43:45,2018-04-14 02:15:26,2018-04-20 01:48:43,2018-05-02 19:08:54,2018-05-16,0d546a8aca21d58ce6c480a7747aa308,2018-04-13
1e7d25f611e794f9614dd3e10a8596e7,8be45a1114ff0e79615f7b8189aec7df,delivered,2018-08-01 19:43:06,2018-08-01 20:30:23,2018-08-07 16:59:00,2018-09-21 15:55:02,2018-08-23,86355a1e848c20a89a37c1c0f2cedf15,2018-08-01
e94d8ace7446337ba22419b2218a8303,ac7da4a3dc343dc8522183f3cc54a42b,delivered,2018-05-03 10:27:48,2018-05-04 08:30:50,2018-05-04 12:46:00,2018-05-07 15:15:04,2018-05-17,41ed027589909aec702878ba6fc0ec8e,2018-05-03
f2a871697115fe3d0619068a8f8eec25,3cb7adc7e73bae83c6f907892e6b0784,delivered,2017-08-07 17:55:40,2017-08-07 18:10:18,2017-08-08 19:17:01,2017-08-10 15:53:17,2017-08-29,778d0dd58a6a32641db8c481e48ab473,2017-08-07
b895dc7b63a9f75621e6cb8ed54cc896,da1458f8b69f70d86657fd60c7304b98,delivered,2017-10-29 16:35:40,2017-10-29 16:45:42,2017-10-31 16:48:40,2017-11-10 18:28:52,2017-11-28,872dbd4de8fa62427b55ca0c978d0841,2017-10-29
682dc4cd6b8eeb68f00866564d1f546b,b8e0c8f25d5bea287cd56666f678d57a,delivered,2017-10-04 11:06:48,2017-10-04 11:24:29,2017-10-04 22:29:47,2017-10-11 20:03:46,2017-11-01,4e179ae9aade52198ffa009def811e24,2017-10-04
d3f9ddd38c360abccd5a079173772acc,770bbafb8ab5ce77d87e89ee460f1b1d,delivered,2017-03-02 21:57:49,2017-03-02 22:05:20,2017-03-03 11:35:52,2017-03-10 12:38:00,2017-03-23,8664bccb45764bda2a258145c946ae0c,2017-03-02
ebf78ae12a9ecd09503c7d2f5c46e77b,f40e11fcab48bea5f847eff467a841a0,delivered,2018-02-04 17:11:27,2018-02-04 17:29:36,2018-02-05 18:13:09,2018-02-16 02:43:35,2018-03-08,15b7e0241ca7d100323c22175cb50d74,2018-02-04
aa9216f0e8af39eb6edc7e44fafabb41,24ef921a5c32a36263d909a364456f0f,delivered,2017-07-30 18:06:08,2017-07-30 18:15:25,2017-08-01 13:06:02,2017-08-04 20:07:42,2017-08-23,1992146816d350e4fe382d9dc72932ab,2017-07-30
346bba8e6dd662d8c448e4ee971991e9,576b665e3c134ca0f376fd32ad15baf0,delivered,2017-09-28 15:40:29,2017-09-28 15:56:15,2017-09-29 19:22:45,2017-10-06 18:38:18,2017-10-25,3ace7c0bfd3b7b0ac0766c4e90e741f1,2017-09-28
0b3d6a94ff1d643af663f55ca8418520,9abc3d571a784146d4f60c6a45ca1cee,delivered,2017-12-14 08:27:10,2017-12-14 08:35:29,2017-12-15 20:16:48,2018-01-05 16:09:20,2018-01-12,bce11bb3c53f9d7c5d4196a88e27937a,2017-12-14
bff7e590732738aa522782dc42dc7705,a4952f2f27f9fd084ec13468dcdf677b,delivered,2017-12-04 23:48:45,2017-12-06 02:39:03,2017-12-08 02:21:23,2017-12-22 22:32:42,2017-12-28,20baefa0a13cbd3d8d4dc04e070e1432,2017-12-04
e0e8821153a77c23ac4dd81c2e687ee0,4943c6655224636d4a8c5de030ce6aa5,delivered,2018-02-26 12:19:29,2018-02-27 04:31:23,2018-02-28 20:39:05,2018-03-09 19:04:54,2018-03-21,8d1ee5ccc5cf848f54400ddfd217285c,2018-02-26
28f3ef4df1e409cd6f55d7d67fc81a9f,22272f1666fcfc5100100e0c7a41e738,delivered,2018-08-16 08:42:47,2018-08-16 08:55:25,2018-08-17 13:51:00,2018-08-22 17:38:33,2018-08-31,5ea62f0f260b8f62b7f84dd3d5219a30,2018-08-16
d529d4dc2eeac6ba7abe986a604d7deb,fb8ac10d5e8b76988d085ca9f7c01759,delivered,2017-03-26 20:04:35,2017-03-26 20:15:19,2017-03-28 14:23:36,2017-04-08 03:35:44,2017-04-13,d3bab55c464bb4112984724ab47416ed,2017-03-26
a2ccfabd53f695441e4e9412ba9f8c63,e19ec9633dd14e28d7a23a4fcad2a945,delivered,2018-05-03 17:56:34,2018-05-03 18:15:31,2018-05-04 15:29:00,2018-05-08 14:42:18,2018-05-18,fba088c00c6128006534056c7b4b3a85,2018-05-03
9c5946cb456fcbf4dedc85d24f5d8703,7f3b3521f54bc529e7b6f13644b3c352,delivered,2017-09-14 20:20:39,2017-09-16 09:50:34,2017-09-18 12:27:22,2017-10-09 20:38:13,2017-10-11,4e796bffd86c993624952426113aa379,2017-09-14
5f156d65bf7998fce0ebdb3a046e78a3,aae8fcc018dceb4958fd6d509b6b6434,delivered,2018-02-03 18:10:49,2018-02-03 22:49:43,2018-02-06 01:18:40,2018-02-28 12:53:41,2018-03-08,39363d99130292ad55661d56e3e963f0,2018-02-03
74fedc6aa056c9359846751fe21a8676,eddc5ddb5496488dfdf0c96258861610,delivered,2018-07-13 08:47:39,2018-07-13 09:04:01,2018-07-24 16:07:00,2018-07-27 19:24:53,2018-08-06,a77624d942e45fee80179e4359203d0b,2018-07-13
01c79ae32ef95b276907d99e83fe57e5,99e2b41b1cc2e2779110f22a874e0416,delivered,2017-05-24 20:08:23,2017-05-24 20:22:49,2017-05-25 09:27:11,2017-05-26 15:31:55,2017-06-13,5edb5e94dde197f8fd914eec2975b891,2017-05-24
1cc90ba7cdaf9aa16996e79713f8c671,a45e01a41237e2822157c127653f4c7b,delivered,2018-06-13 19:59:05,2018-06-13 20:21:56,2018-06-14 11:48:00,2018-06-18 21:41:54,2018-07-04,26170a5e8f31f5e09213541d2adba760,2018-06-13
80a516f4d571d5fce4d688cc931b106f,48ddea2904873f05d8f627b165dc8a77,delivered,2018-04-07 19:20:37,2018-04-07 19:30:15,2018-04-09 21:46:37,2018-04-19 22:16:35,2018-05-02,6610d515513db539a1f5db20300a5485,2018-04-07
69b2e89973ca9e2166ec86ca5d88a388,2d42e06374e3d7bc579ad9df2c1053ed,delivered,2018-04-11 10:48:29,2018-04-12 08:35:28,2018-04-12 19:35:01,2018-04-13 19:36:53,2018-04-27,205ae3e9ccc20cdb70fef4909dc72140,2018-04-11
14653f2c907e27b1222157246d382c28,120dd4afde62b0c8dfe915a1597950bd,delivered,2017-09-20 17:30:42,2017-09-22 04:17:17,2017-09-22 21:22:50,2017-09-28 13:34:12,2017-10-11,ed510a972b13863d3995f871a69228c2,2017-09-20
b20b3160f32a91237bbac959a1b466fd,39c2bfd1f126f175ebb6e37c7069b522,delivered,2017-12-27 18:30:27,2017-12-27 18:47:16,2018-01-02 17:52:04,2018-01-23 16:58:46,2018-01-29,309f02616f34bbcfe2f58d13818685b9,2017-12-27
9a439ff6164772f13fa6a5191be3d29c,f974ad9260c7d7e235f59817a2b45a47,delivered,2018-05-02 16:14:24,2018-05-02 18:31:26,2018-05-08 07:44:00,2018-05-14 23:04:32,2018-05-24,356732f532ad1175f61e2b4c537db16b,2018-05-02
7d8d2dfe79978690805299920334577d,cf163daea5f13a20a83e836a2bccf1d6,delivered,2017-12-06 11:26:39,2017-12-06 12:03:55,2017-12-07 17:42:42,2017-12-11 15:32:59,2017-12-22,575663cd603bb183e0050561f801e4bc,2017-12-06
ee9df944ee0ef8a7fdfdce6eb400a5f7,0b5fa65bffab4bae44dbf000ed874ab2,delivered,2017-09-28 05:54:04,2017-09-28 06:07:33,2017-09-28 18:48:56,2017-09-29 18:53:29,2017-10-20,ac43d10842889f8c06b6c615be7085f7,2017-09-28
b7aa83a69a04aa716998638c25f6a365,ba2d08d01fd5d5dfd8c61b405054419c,delivered,2018-07-24 09:53:01,2018-07-25 07:04:28,2018-07-25 13:27:00,2018-08-02 17:37:01,2018-08-13,9664301d1d552e283292f25928728393,2018-07-24
0c7f49fc339a1aa66222dc4af4eeafd7,ea6197a226b1b7b0f681eb146cb70665,delivered,2017-07-04 09:35:30,2017-07-05 03:05:17,2017-07-05 14:14:28,2017-07-17 11:29:30,2017-07-26,43d8a0473c80d3f374a6417572d8dd14,2017-07-04
7368d87533725a6bef612cdc83678f4f,4dd6b4d96472044939e2bf6143a90712,delivered,2018-03-31 12:48:27,2018-03-31 13:08:40,2018-04-12 19:22:47,2018-04-20 19:32:53,2018-04-25,348d2d19d28a3abf896ed5e58fc34069,2018-03-31
c25915645324f8ebbfa289b765eb6e8b,c64f3bffb890c1e1d87c3ea5756a3df2,delivered,2018-02-20 20:09:21,2018-02-22 02:31:14,2018-02-22 17:35:47,2018-02-26 17:37:35,2018-03-12,ef08fb20f72c7fca4d0890d03f408d06,2018-02-20
48acec853641fe35696ffb5b01c44dd9,ba0083b9f813e6e5830fe651ce796037,delivered,2017-10-03 13:02:57,2017-10-05 14:44:31,2017-10-09 11:32:44,2017-10-17 19:28:15,2017-10-26,e7b61f12c2387e58ab1d7d84b8eabb59,2017-10-03
90f554c89892c8a1cb25b9c27ebacfbc,077b8386d9cb1fa9cab7a5b561c4bf90,delivered,2018-02-07 14:57:06,2018-02-07 15:11:16,2018-02-14 22:08:13,2018-02-27 17:48:32,2018-03-05,ce04aa79c1cd4dc215fb33b446b8e27d,2018-02-07
8e1424bf1830e231bfb035b447af7a93,e93b7766c1c641d30a535fe9973895bd,delivered,2017-03-20 10:10:12,2017-03-20 10:10:12,2017-03-20 12:52:56,2017-03-23 08:55:32,2017-04-06,267ff442736c1c9dc9a4b4d5d9205f7b,2017-03-20
99564fb7290396571ca59529ad9e71f3,a407bb03f91e9417a3b25ac7bfa0d3e6,delivered,2017-12-03 21:54:29,2017-12-05 04:11:56,2017-12-05 18:59:13,2017-12-09 18:09:03,2017-12-27,3310988a92663b1bb728e6764cb1723f,2017-12-03
ebd33d4995d183ba4c6ed1e273816aa7,64a8756f577e219a3752509a837ce067,delivered,2018-08-21 08:49:35,2018-08-23 19:05:24,2018-08-27 09:50:00,2018-08-28 18:49:47,2018-08-27,e2ddff1bf91c0d4071fa08a29cf9a058,2018-08-21
4a500df6bccc8012825a767ea8d04a28,56df129e93c8aa3737ae0ddf7d837459,processing,2017-10-11 23:22:26,2017-10-11 23:35:59,,,2017-10-31,0c6adab7ffd144f49033bd18fc6f57fd,2017-10-11
5bff01e3dff7247fb0b9e27535303846,742b29eae357e8f8e7476d97d22c2460,delivered,2018-01-01 16:55:41,2018-01-03 04:29:13,2018-01-10 21:53:16,2018-01-17 20:34:06,2018-02-06,4d395e48992475448a86af6f05250b3d,2018-01-01
9c047f1058da1c399c10a1526f528855,a9d834dcb51c8a975d1afbc2212bfb5f,delivered,2018-07-07 15:44:44,2018-07-07 15:55:12,2018-07-10 16:33:00,2018-07-13 20:38:53,2018-07-25,14cf7b9dfb9a5edb2095dce25379772a,2018-07-07
b2be2e2f35e143f8895228b3c9b83eab,a454b5b99a00a91c20469603d40db036,delivered,2017-12-01 12:17:53,2017-12-01 12:38:26,2017-12-01 21:52:35,2017-12-21 21:18:30,2018-01-02,60a1ce7b08c87a188edd648c00f61b0e,2017-12-01
fd85f9c9bfe9cc5b55c648a96a4f2598,2fe74cd469ff73b77342fc789332b598,delivered,2017-07-04 15:26:25,2017-07-06 03:23:59,2017-07-06 13:34:33,2017-07-14 18:55:36,2017-07-26,dbf9a448b02e33487b11d7e2ab34d26c,2017-07-04
d09e3fd9caced8c85a2db6da7c0fbcdd,3efba37b349cdd2c2d8871234011eaa6,delivered,2017-07-17 19:39:03,2017-07-19 03:50:39,2017-07-19 19:18:33,2017-07-22 14:26:30,2017-08-10,bb6b68d6567e65d288ae52b2a2d7e486,2017-07-17
f4544b707c2c9583440b3ea50b0fc3a6,d370d6f041fae5a0479e426d477fa3f5,delivered,2018-08-24 02:13:16,2018-08-25 02:05:09,2018-08-27 14:14:00,2018-08-30 15:41:27,2018-09-05,7a7624599a4cb965bc69cd179b850be2,2018-08-24
9490f95bd06a2f4597126939a670b02e,10c2e6b7e063f2b3176585b6c8d778d4,delivered,2018-08-09 14:59:56,2018-08-11 02:35:18,2018-08-13 17:06:00,2018-08-24 17:20:11,2018-08-23,584346d237bc1c383739317dc24ea75f,2018-08-09
5ad18603db1db0f10865419cd46d17d7,26854bdbd7994fb56d6c8108aa7a95e5,delivered,2017-06-05 19:22:09,2017-06-05 19:30:19,2017-06-07 05:40:03,2017-06-19 18:09:55,2017-07-04,1f1d8d0ec01ab143642c72a223f1d809,2017-06-05
6e23efed2925ed4ed5a1f1d9e14aef78,94a369742b38e698214f0c6587f324aa,delivered,2017-11-09 08:42:35,2017-11-09 08:50:36,2017-11-13 19:13:03,2017-11-18 15:57:52,2017-12-05,e3753196e6a35f591e5bc087ec011abc,2017-11-09
027ae252d37e5527c2e109e268b222e2,059571e02973e94b854b30987635dcb1,delivered,2018-05-19 22:18:39,2018-05-20 22:18:42,2018-05-22 15:29:00,2018-06-04 19:26:41,2018-06-08,d5e4bc3ab51abd788eaf77fce19a12d3,2018-05-19
755192d3be0310a52e52cd72bf6f12f5,12e37c24d128347adec3c0ca35588abd,delivered,2018-07-23 15:30:12,2018-07-23 16:05:04,2018-07-25 14:10:00,2018-08-09 15:03:10,2018-08-16,89a9963906dffee00f5c90c369f5b2a4,2018-07-23
4854af5348bb406f4929fbe225112925,fd8a1ffe33a6ae6e7f9c21f08df6b62c,delivered,2018-02-14 16:32:28,2018-02-16 08:10:33,2018-02-17 16:18:50,2018-02-22 22:22:06,2018-02-26,a8ed8d0e49d14ec62d0642d6aebadff9,2018-02-14
e328e23027b916218c9fba2f6cf9b682,09d1727d1983e1c41381405fbe83753a,delivered,2017-11-20 12:47:46,2017-11-21 13:46:45,2017-11-24 21:46:39,2017-12-03 20:22:22,2017-12-01,6f22857001b77949eb8110295fced3ff,2017-11-20
58cd1eb79e3ed5abe07691143092d982,5de4c139e8bfb982b5fcdce367a5aafe,delivered,2018-02-27 17:51:03,2018-02-27 18:10:30,2018-03-01 13:35:29,2018-04-13 18:38:46,2018-03-19,2313a05d4b08ad58b737b4d9df881419,2018-02-27
c50c2e8e1b1c816c419c308b30e0420c,7681b6f030e2fd99e790f9778da57c12,delivered,2017-08-08 16:25:28,2017-08-08 17:00:11,2017-08-11 12:57:53,2017-08-18 18:00:02,2017-08-28,645c064b2cf41286c90e403b61eba047,2017-08-08
8f00691337d685f6b20b93cb491b983b,f7370bf5c8d82b2d0dbc9190882f0605,delivered,2017-06-04 06:51:47,2017-06-04 07:02:25,2017-06-06 10:55:41,2017-06-07 08:07:31,2017-06-21,98bcb3bb5dd499d5766fe7cd1ef542b5,2017-06-04
71c9bb80d188804a5aa96f2380227453,602cd37236aba223c5f8e60983603b3e,delivered,2017-06-13 12:32:12,2017-06-13 13:35:26,2017-06-14 13:52:05,2017-06-21 17:02:39,2017-07-14,c77e23eaf95f4eccf648bd5f480f1ea3,2017-06-13
5915dc29c92ade2a2713fa949d9dec00,3d2186a3eb0c590c87ec680286f66ab5,delivered,2018-08-03 08:24:51,2018-08-04 04:05:28,2018-08-08 14:58:00,2018-08-17 00:32:25,2018-08-24,f703ca9256394a6670c9abf135cfe4ab,2018-08-03
c39b4b096477122be2548ca4b4462b21,cc4d7af7a584bf8b5bca2dca7e2200c5,delivered,2017-12-24 19:01:26,2017-12-24 19:12:23,2017-12-26 21:22:17,2017-12-29 20:32:40,2018-01-30,985fccdd64c8bc1481a38522081a199b,2017-12-24
1958f9c53ded478c55050913c2367266,48adc72445a356b2021e9417287f0dd7,delivered,2018-01-03 22:33:07,2018-01-03 23:19:19,2018-01-08 19:20:13,2018-01-13 02:18:48,2018-01-19,0d9ecb9ba540f4b7d8f3c115d6fb4a3f,2018-01-03
3f80947ce4ab2d28cede3db5c92e44d7,93dd5f88e0f7e9a8f74d27a4b90879ab,delivered,2018-05-08 06:55:21,2018-05-08 07:09:54,2018-05-08 15:18:00,2018-05-09 22:08:54,2018-05-16,eed149db664684d4c477897cb874b390,2018-05-08
6f6d91ea79d97db04db43258c8ff148b,4fd89297e50c29c4ab0cb42acb820c9b,delivered,2018-03-19 15:15:53,2018-03-19 15:25:31,2018-03-20 20:33:34,2018-03-29 15:19:11,2018-04-12,131d4febf78fdba6b3b682d856412ee2,2018-03-19
2d33e2f321b7f676de5d3ab87c08d1ab,ffbc52ac99e6184f3961fd791be5ff62,delivered,2017-08-06 22:07:14,2017-08-06 23:03:18,2017-08-07 17:03:09,2017-08-15 16:03:37,2017-08-31,c901c1eb28541e5408bc209979abf4cf,2017-08-06
8d28e43aa8a24c8f9a2ac2358f86151e,15ae0cb93a9732892dbedd426f0e0e96,delivered,2017-11-21 13:56:31,2017-11-22 03:11:57,2017-11-23 18:18:55,2017-11-27 21:09:58,2017-12-01,ace5e84de1329d5ca890a49ecbe8881c,2017-11-21
5b845522fbf6a862baf68d7b2d0b0313,40627cb941130b64374d443514c5d047,delivered,2018-05-15 14:57:12,2018-05-15 15:30:35,2018-05-17 11:35:00,2018-05-21 19:19:51,2018-06-06,70b478486cffaf48f2231b04c1d923a3,2018-05-15
e8dea63f68386b3d95962ffb4dc4aaea,ded50ece6ca79604dcec2000bde70ca5,delivered,2017-10-17 19:26:08,2017-10-17 19:45:53,2017-10-20 17:03:32,2017-10-25 17:13:33,2017-11-29,39dd5bab7e7e62b981d41365c04d78ce,2017-10-17
338be6220254203898339bb8b6021138,fef6ee8cb0a99f0fa68808e0fadca078,delivered,2018-05-17 09:53:34,2018-05-19 02:58:57,2018-05-21 15:32:00,2018-05-31 00:19:44,2018-06-06,886c8a8c924043f8fa45387ddd9a16f7,2018-05-17
16ee199eae699a717d29b7135597f94f,23f7f3f474507051261761742f88c5cd,delivered,2018-04-11 00:59:59,2018-04-11 01:10:16,2018-04-11 15:41:44,2018-04-17 22:18:26,2018-05-07,7b6bf80f0c99bb591a52bd8785b0e6ef,2018-04-11
7dbfdea1e79e8d8b6d378f9e07416e74,da056635486469f6a869224f2046ef0d,delivered,2017-10-28 19:53:46,2017-10-28 20:05:47,2017-11-03 15:33:08,2017-11-14 20:58:47,2017-12-19,77a365de3c00f94307bc358d65f2d2c6,2017-10-28
0af4a846cbf75b456c934b786d683618,7194be434cc4eb4eb1a7a44bb4e9e24d,delivered,2017-08-29 20:25:15,2017-08-31 02:44:40,2017-09-01 20:07:41,2017-09-11 20:11:24,2017-09-25,c83a0fac41694e3ff9ccd2bd61a1a892,2017-08-29
22c2b8497506479028918303045751dd,a76e74102c5779eaca55a3f9187ea2f2,delivered,2017-01-12 22:24:48,2017-01-12 22:35:21,2017-01-13 10:07:57,2017-01-19 10:42:37,2017-02-20,6ce2c010b9675d72eb43d7d311d9423a,2017-01-12
0f62234641212cb7b178923f7820d1e1,8229f2587547772e502374973b00ae95,delivered,2018-06-18 10:39:49,2018-06-18 12:18:35,2018-06-18 12:26:00,2018-06-21 19:22:13,2018-07-11,e23e4de041e2393f94218b2b793efe40,2018-06-18
768e562205a3f907b620aa6f945f596c,f7ceef0c0b1744d217b4b095c8a461f7,delivered,2018-07-10 17:25:18,2018-07-10 20:31:23,2018-07-16 09:15:00,2018-07-23 19:58:42,2018-07-30,044899835b5fd90a57ca2c33eed35010,2018-07-10
c4d4197abeec6caeaef01372a05ff714,7b1d2286eac4c621d4c25dc9347c6dbe,delivered,2018-08-07 07:23:36,2018-08-08 03:30:21,2018-08-08 15:10:00,2018-08-14 09:34:40,2018-08-22,707b8f5939d2711713ecdcc5c40e77b8,2018-08-07
fbf5bc2dbcebfcaf6cd32cf61a87e28c,c4da03f92024bc6f58a152fc2160242f,delivered,2018-02-27 19:17:20,2018-02-27 20:00:28,2018-03-01 22:09:05,2018-03-02 22:33:27,2018-03-14,cd44c00da418c17f52ffc4fd14c0495e,2018-02-27
84b00ddee11d116c7f9194d7bcc43611,cf02015fe41754704ea76138d646a4a2,delivered,2018-03-24 22:01:59,2018-03-24 22:15:25,2018-03-27 22:22:26,2018-04-07 11:12:51,2018-04-23,204cd7eb9847685d8ca9a2507659bd7b,2018-03-24
62c0a0e72baba526d6f9c2855f8b6b97,fa9bad1e16c46aacf561f2240fd0109c,delivered,2018-04-01 23:02:25,2018-04-03 05:10:34,2018-04-03 20:32:50,2018-04-04 22:08:53,2018-04-12,b3a6549b3cd47a7117094faafce8b10d,2018-04-01
e27f8086e3d62693b719af33a78cffdc,95129f5993ceb68c165a5d9be08c1926,delivered,2017-04-12 16:39:44,2017-04-12 16:50:20,2017-04-13 13:09:14,2017-04-20 12:24:13,2017-05-04,e40e7d0ef640e2610a16944557d8b32a,2017-04-12
cbe61fc846838bb8eae2e56a9b72c2b8,20fa4475b86a9837d5df79c3d70b4188,delivered,2018-01-05 14:58:55,2018-01-05 16:32:07,2018-01-05 23:25:33,2018-01-14 16:03:33,2018-02-05,7b40a26de3115862bcc1aa55c47ac6d4,2018-01-05
39767f4e322daad6653874a11561f42d,cd7022d0579d67f69f0fe2e40dc254de,delivered,2018-03-24 11:54:51,2018-03-24 12:08:19,2018-03-27 03:14:33,2018-04-06 17:22:29,2018-04-06,ac2606825161d003acfbe4f43af273b1,2018-03-24
7488261a98cd6d7cf4407a8d6ed81095,641e3183819490fc29ced77d639e9379,delivered,2017-11-25 00:21:40,2017-11-25 02:32:30,2017-11-29 16:42:57,2017-12-23 16:12:39,2017-12-15,bb8486cad0e431659227f6fb18fc6a72,2017-11-25
79c6130ca63ec6a1dfbf2b33fa9a87c6,e288a3817dcd19a0e405fbb94162cf79,delivered,2017-07-17 23:03:02,2017-07-18 00:30:50,2017-07-19 16:32:18,2017-07-26 17:22:32,2017-08-09,0997aeaf5c1217760c1a8e33e6770695,2017-07-17
844a232f16369f45c236e32ac3132d6d,295c3b5cdf25c4481516fb914d536c90,delivered,2018-04-09 16:10:46,2018-04-10 04:29:29,2018-04-11 18:32:49,2018-04-24 14:55:37,2018-05-04,0b499f266a41336a01ab301fb94663cf,2018-04-09
0626a1c665314a1d0bf29ab063d5af74,9c5147ae1632464089388bb16252ffd7,delivered,2018-06-06 10:58:21,2018-06-07 11:15:51,2018-06-08 14:25:00,2018-06-13 21:26:19,2018-07-12,6f0bde330b4cfd106b6c77c053f8a238,2018-06-06
b044c65688e70eb150a89745a0016177,8c2b715bf064c3e88d99dd7da3e97f7c,delivered,2017-07-03 21:30:10,2017-07-05 02:50:20,2017-07-07 15:41:58,2017-07-25 14:42:13,2017-07-25,966a81718c4d465a6e026c04cbc05d29,2017-07-03
de91fc52c5e64360685e51f75ceeeb2c,7b7c12e64b5479d94289a5773a0a1cd7,delivered,2018-04-01 21:25:00,2018-04-02 08:29:08,2018-04-03 18:03:07,2018-04-23 18:05:26,2018-05-08,e645249b9f48b351863e2789a0a72ff0,2018-04-01
581f021ef2330ff3652bfa78e58046ee,3ea603c7a89cdee5be3922da063ddafb,delivered,2018-04-29 11:21:09,2018-04-30 11:15:30,2018-05-03 19:15:00,2018-05-07 20:18:44,2018-05-17,5c0cc611749140dfbf5a54a785e443d6,2018-04-29
5e4264d346083d24d1dc20b9f656a728,0b70631e89b09a3dc8acc7d20d595b18,delivered,2018-05-14 21:03:30,2018-05-14 21:18:45,2018-05-22 13:20:00,2018-06-11 18:06:26,2018-06-06,62dfd7fb99b98c3ff0bcd6776a261549,2018-05-14
b8b7561e1191a899ece8259bc042117c,ba374a502cf67129ee00fd91ecd6f77f,delivered,2017-03-20 14:20:30,2017-03-20 14:20:30,2017-03-24 10:44:01,2017-04-05 13:27:40,2017-04-17,e39861a1588dc39e557af682f2b26efa,2017-03-20
954cca2a7fe6e627321fc51e16f2d043,13bd774798d2cc85cf4b6220a9dfbe77,delivered,2017-09-07 09:51:10,2017-09-07 10:05:59,2017-09-08 18:10:40,2017-09-18 23:12:36,2017-09-28,5ecfa32c4906c73a5d39ccf8fb517a4d,2017-09-07
93d46ea758b312e44cd1611c3ac69f72,5d5321e98535682e43d2752b3f038f25,delivered,2017-03-20 13:14:24,2017-03-20 13:14:24,2017-03-21 13:38:01,2017-03-23 14:59:54,2017-04-19,47011ded765f5388dba9556c996adbaf,2017-03-20
4d40fda96f0b038987f7fcfe84a83c56,f407bd53d45d3a98deeccdc75c8a68e0,delivered,2018-02-28 14:54:26,2018-02-28 15:35:31,2018-03-02 21:43:52,2018-03-08 18:34:48,2018-03-19,6b4b795583bd096b98754505f1a77f1d,2018-02-28
3a33027df93ac0a949a75fae9571b2cb,70384b9ad39a6ded2fea90739122ae76,delivered,2017-11-26 17:43:38,2017-11-26 17:56:14,2017-11-27 17:26:55,2017-12-14 22:11:09,2017-12-21,cd080c1dbd3c23b0e155437547a1cb5e,2017-11-26
fa8ba64335831e92f3a3866f8fdc9e56,d76d31867325831b69004537e58f7e2f,delivered,2017-11-24 18:28:18,2017-11-24 21:37:47,2017-11-25 11:03:39,2017-12-02 18:18:53,2017-12-14,3db6e5afa8e8178a29afc729855315e2,2017-11-24
7a5133e37b23788a1c14302332ad39a1,892448a24872aecc5756ec5626a3afc4,delivered,2018-04-30 22:18:55,2018-05-01 03:32:38,2018-05-02 11:53:00,2018-05-03 18:32:21,2018-05-11,52b1d60e8a4c2908751d80c5b2fc9070,2018-04-30
18b63a7615ed42ad3069b47278bdb298,5373c55da34967b583bbb58b41d48e6c,delivered,2017-05-23 17:54:55,2017-05-23 18:05:07,2017-05-24 17:27:53,2017-06-13 14:44:32,2017-06-19,4f8f02320c861f69ba365560a42a5f9a,2017-05-23
5fcff0359223b0a176d984d231217b7f,42916f80ce60d80745efd7c305d35b98,delivered,2018-04-27 13:40:19,2018-04-27 13:53:05,2018-04-30 11:06:00,2018-05-15 14:09:47,2018-05-24,049f091afb6a6679245c4668db080336,2018-04-27
0e3cde74cd1f1eb5169e698242b094b9,06b96b78945c7693a6b18b00b3bac683,delivered,2018-01-11 18:56:24,2018-01-11 19:07:20,2018-01-15 10:38:36,2018-02-02 18:37:30,2018-02-06,5c0eb0666e8c956db223d20b1f8106df,2018-01-11
54cbcc71d2297c81a5f7e90e5d17cafd,834c193325b5706d645c66e34ef025c1,delivered,2018-07-15 10:26:13,2018-07-16 10:24:20,2018-07-17 14:49:00,2018-07-20 22:26:28,2018-08-06,ccab947eb16eece39341468f6273fec1,2018-07-15
792f1532bbdaff5ccc712b2555ca442a,1e42bebf128ecca7f91a96aca2272f7f,delivered,2017-11-01 14:07:41,2017-11-01 14:31:34,2017-11-04 15:19:49,2017-11-10 22:41:08,2017-11-24,cf8b814a6c0a336488440154bebfb046,2017-11-01
e15b045cc5ef21643887f0a5d22327b7,9fd8a2d7ba5bb7f2653050c7c2b83115,delivered,2018-08-12 19:11:01,2018-08-12 19:25:16,2018-08-13 13:06:00,2018-08-20 20:03:31,2018-08-22,c7379a6f3773da231b6be671da0708ab,2018-08-12
1397417a57ad1bbfe8d639df8cdee908,fc9fdbf5a26b1399e70bb3666cf7f9e6,delivered,2018-07-02 18:16:59,2018-07-02 18:31:03,2018-07-03 15:06:00,2018-07-09 22:32:16,2018-08-09,5d323409404dee6bdb0f6cf9ef828dae,2018-07-02
84fb4cece2ca6c0f9d40c92a25e95a8a,ba5596aeedc9f98c563b28d099f01d3c,delivered,2017-03-31 19:09:24,2017-03-31 19:25:06,2017-04-07 12:47:59,2017-04-12 13:08:15,2017-04-20,20752f731789b90285aa5bc78c6b8ade,2017-03-31
0286dd0f954cb641dc3eb5db5e4467e6,f098b709bc90c53838898e66da197e4a,delivered,2017-12-09 09:40:48,2017-12-12 04:09:22,2017-12-13 19:47:59,2017-12-21 21:16:58,2018-01-10,27dee3bb3d5d400ddea5b3cad3b11425,2017-12-09
755eebcb667b0fc5148bdcee47fe9f28,5bf5c7cc1ffdd2a2b72a8a7a3c780beb,delivered,2017-05-12 08:47:47,2017-05-13 03:02:49,2017-05-17 09:23:57,2017-05-22 16:13:40,2017-06-01,c343ddf04be95e21ef83a4bdc770fd15,2017-05-12
1b764528e41e55c86cae49fca1d5bf18,56afb305107dc22aacbdc241e29c6791,delivered,2018-06-12 07:59:50,2018-06-12 08:17:55,2018-06-13 12:58:00,2018-06-15 19:18:09,2018-07-05,cfe6919a3b4f4aa08c1c885305893540,2018-06-12
7711d25c50cf5322589706aaf0458117,ea3d26a484fac72fd517ff2455ff3cf0,delivered,2018-08-09 20:24:28,2018-08-09 20:45:12,2018-08-10 14:49:00,2018-08-16 12:52:37,2018-08-22,26d8e97a00c1077e9032499763d72d3e,2018-08-09
b88bd20c39bb3b635715d1dbd01044ba,c0768d2b897641f8c151917b62432088,delivered,2017-08-17 08:24:50,2017-08-17 08:35:09,2017-08-17 18:25:21,2017-08-22 22:07:29,2017-09-11,747e448ad66072290ca277f7da9a5417,2017-08-17
78ea241c511db7faf8d464cb4c58d87e,7ba6760dc784ed6b1aeabe0500dc40b8,delivered,2018-06-05 09:41:08,2018-06-05 09:55:11,2018-06-05 11:07:00,2018-06-12 22:47:42,2018-07-25,43ab9c9a6949322fe863eb26fd0bcbac,2018-06-05
cba1b88e10f4504583b2b9750ac67e03,ad35def6d6e9fb6f4c678377fbf8843c,delivered,2018-01-15 12:20:42,2018-01-15 12:28:19,2018-01-19 20:14:50,2018-01-20 16:23:10,2018-01-30,b6db71b4e9d0824120740ffab98ff697,2018-01-15
503ef248be94702d1a7c1d401223f843,23c7424729eb57ba864ff773fd1d0111,delivered,2018-01-08 23:43:28,2018-01-09 01:28:09,2018-01-09 18:06:19,2018-01-22 17:59:11,2018-02-14,70d702206149f821623272ac49636774,2018-01-08
50d106ba3cf9cbe0e44dada341e190fc,f44b3055bdec3b3f0dad474eb14f83c7,delivered,2017-08-17 17:36:22,2017-08-18 02:25:19,2017-08-21 21:09:27,2017-08-25 17:36:52,2017-09-06,1c8518aa5d014960d04a7de420c97aaf,2017-08-17
7e95334097aff5b45c6ff379ab492cf3,ec9ce7b1073d223d7c299973c4dbe98c,delivered,2017-10-22 16:37:18,2017-10-22 16:56:25,2017-10-24 20:51:24,2017-11-01 17:07:40,2017-11-17,98bf52842dfe834fbbb35d42870c9065,2017-10-22
88a2948d780f9ee2d226ce38913ee895,53340559a9e75cb55dbb6790bd78173e,delivered,2018-05-20 22:46:36,2018-05-22 01:36:41,2018-05-23 14:10:00,2018-06-07 20:57:29,2018-06-19,b8fb9a0edb1d28b0c4207834a5b2a90a,2018-05-20
38559c61343c85697de47177896737e6,c5f5dc28141194efa39a80a4bb9d72c5,delivered,2018-03-20 19:39:40,2018-03-20 19:50:31,2018-03-21 19:23:31,2018-03-27 20:03:50,2018-04-11,db486c9396b53168ec55576c2c87625b,2018-03-20
d5cbbe1602100752cd72f9630321613d,d6f64ae60a50240b7d2dfb4bab157856,delivered,2018-01-04 11:55:05,2018-01-04 12:09:08,2018-01-10 16:09:53,2018-01-19 15:38:43,2018-02-05,f8807399e3dcf4f2e591d82e30dcd7af,2018-01-04
90ab3e7d52544ec7bc3363c82689965f,7d61b9f4f216052ba664f22e9c504ef1,created,2017-11-06 13:12:34,,,,2017-12-01,161e5b2b4513edb336986a8909218365,2017-11-06
bfb6c9ff90e48e59a7de1a1686fd181d,d7a7b1c5ebddaa7525ccd4d9c5ed537b,delivered,2017-05-25 02:07:32,2017-05-25 02:15:15,2017-05-25 10:54:42,2017-06-01 15:27:31,2017-06-07,59a58d88988577c86cf8a9e5570351d4,2017-05-25
42e0016d4e9741a353d671930aa9f3d5,22d71d5bfb32603ec8ebdf2bf6bde858,delivered,2018-08-10 21:12:22,2018-08-10 21:25:20,2018-08-14 13:15:00,2018-08-20 19:59:01,2018-08-29,d6cc0da84bab73e02c4a3afaffa8abe6,2018-08-10
280f9004a1b9504ffc4f40635f13e5f1,3fc2d986e3b129738a02d3b22838d234,delivered,2018-01-11 18:19:01,2018-01-11 18:28:23,2018-01-17 16:13:51,2018-01-30 20:47:55,2018-02-22,69827bce9374cf37526f5ca6ca1968c1,2018-01-11
f0e99a13bd301f69aa29160ac8cd864f,0677048b122422b313b96967d64e8cb6,delivered,2018-08-03 23:17:41,2018-08-03 23:30:14,2018-08-08 15:23:00,2018-08-13 16:26:45,2018-08-21,d0bd3c33ffe8ebc807b6e0c06b945bb3,2018-08-03
30f3a5252d3d97a113cefc74796f9fec,0f80e191c93db94bca6006c000ad3989,delivered,2017-01-31 11:34:42,2017-01-31 11:45:14,2017-01-31 13:42:51,2017-02-08 09:54:37,2017-03-13,0a4a1fea1f5db13269ec792542f58d70,2017-01-31
77af7c0b651686586766ad39c110536a,dc5691f472afce37cc972599ed3d9c72,delivered,2017-09-10 17:11:38,2017-09-10 17:30:17,2017-09-11 13:43:40,2017-09-18 19:14:53,2017-10-03,c61749ca6db1c427aafc3f4345d79f35,2017-09-10
50dd2a49e14604137b84567d5c9e0c8c,1ede25f1583f9a3a558b5a69f1931459,delivered,2017-07-01 16:52:31,2017-07-01 17:05:07,2017-07-10 19:48:02,2017-07-14 18:14:48,2017-07-21,f9a58ecfdfe297ff568ba65174d837cb,2017-07-01
5703c825c39cb1235c7e8a3be949054d,094340afa1c674f88c7ffde85d6f9644,delivered,2017-11-29 19:51:43,2017-11-29 20:09:50,2017-11-30 22:52:54,2017-12-10 17:27:26,2017-12-22,53fc6138881d003807518bb2f5041c07,2017-11-29
1600c77ccd20164d6da4e2285d3ced92,51b4fb94719b87aea1f164b9640212da,delivered,2018-02-02 15:16:38,2018-02-02 15:30:26,2018-02-08 18:18:37,2018-02-20 01:39:53,2018-03-02,12baee67e5d699cca14a138486cb7e1c,2018-02-02
5f208894ebd77e40a78e3ae42e67d828,2e489bfb9376d587854d12d77da09884,delivered,2017-09-10 12:14:04,2017-09-12 04:25:56,2017-09-13 18:25:59,2017-09-19 22:02:48,2017-09-27,aba81feeb0cd8678f3fa0d8326a921f2,2017-09-10
b67a584082fe23b966934beacd6413b4,9929e71f5293f941b8bdaf57b20e5d85,delivered,2017-12-03 15:38:37,2017-12-05 04:15:36,2017-12-07 19:58:28,2018-01-08 12:44:26,2018-01-05,6c9b828f9149c5b438a70cc61b02c1f8,2017-12-03
1f84f9ceb5c60dc9d3ecb4bbc0555dfa,c2f95153645e6d3add0e3c41a8689bfd,delivered,2017-10-23 21:21:17,2017-10-23 22:28:20,2017-10-24 22:33:17,2017-10-31 18:40:04,2017-11-17,06256d698070aaf9bf914a87eef1e87f,2017-10-23
0a9716da94d89975e6637874280aadad,37a666dbb2abfacc9f41952996a06793,delivered,2018-01-06 09:59:00,2018-01-06 10:07:12,2018-01-09 23:47:26,2018-01-10 20:51:54,2018-01-26,975362d8244917265887d77cb0156ded,2018-01-06
b7f9ef5debe4cc9e54333fa441e8dfd4,7e88b6b03a09804d9fff9242bf2b14c5,delivered,2017-12-09 01:16:40,2017-12-09 01:29:08,2017-12-14 15:29:08,2017-12-26 18:05:20,2018-01-04,dabdf41647cd0e4bde8f4632d1891d8d,2017-12-09
6d49ef945903365b72a86294b54b948d,77980d44bc9f65a31b9f6f132a345416,delivered,2018-08-18 11:33:55,2018-08-18 11:51:09,2018-08-20 11:55:00,2018-08-24 15:24:44,2018-09-17,0621ad7376367fb506403a29c8f7a603,2018-08-18
4135e423780812a949ddb2f5e3131e9c,23d6ab7b1056050fdd1fd32ac7633fb1,delivered,2018-06-11 12:06:52,2018-06-11 12:38:12,2018-06-12 14:15:00,2018-06-15 14:11:49,2018-06-28,50939f81b1376f994c053cf23c9e04d4,2018-06-11
5525c00bfd980bae1cac46f7dcf88224,d2697a7d9526f4714dc4b718cbebbf82,delivered,2017-01-31 11:22:14,2017-01-31 11:30:17,2017-02-02 09:43:43,2017-03-14 11:13:56,2017-03-09,e979f8af7c5e1ecdf30bbeee7461a063,2017-01-31
2b6908be5cc36a149ec9cb0bcdaf3866,c690c7dda7366ab3855de3bd40381f19,delivered,2018-04-15 23:55:50,2018-04-16 00:13:18,2018-04-16 23:09:03,2018-04-17 14:38:50,2018-04-26,6645724f3e3ee27f91f12f122f879331,2018-04-15
88870e81393712b6285956d4a69f3ca4,daa76c410e512d241e0571c40204ef2e,delivered,2018-04-17 09:05:11,2018-04-19 02:32:43,2018-04-19 19:41:57,2018-04-28 09:56:57,2018-05-10,8ee2c847e37f60f23bac367ca01264de,2018-04-17
68cf478815ffa4303ea186d76a791cdd,7dac63a33586b73a5c8a449641d77596,delivered,2017-10-30 18:43:07,2017-10-30 21:31:38,2017-10-31 21:35:38,2017-11-06 18:02:58,2017-11-27,29f0412128aa2713aac662a2c36d97c3,2017-10-30
e833d2324ca8e55d593c0d9d8806c227,df87738c7380c1152c9cbb6bcb4b6a5a,delivered,2017-02-07 19:50:11,2017-02-07 20:05:15,2017-02-10 14:29:05,2017-02-15 12:37:50,2017-03-06,75ebac4a082ea5f364c4371f34ed2bb0,2017-02-07
1a94ab8fa44ab78eedc4ec633f54cc02,1f1c0fc99d7fd3f7c17d0db0039fbc9c,delivered,2018-01-19 03:30:43,2018-01-19 05:32:47,2018-01-31 10:17:06,2018-02-22 21:13:16,2018-03-02,e3ef84cf39eff855c409b42542ce9be9,2018-01-19
23d28fc0db1e1bfb7f1e68be9baa069a,0de7d44b44cfc0a0b7d77808e2026bb3,delivered,2018-04-25 15:21:49,2018-04-25 15:35:11,2018-04-27 11:55:00,2018-04-30 20:42:04,2018-05-14,a680f5461bb83d875d5253e34b5bf28b,2018-04-25
68eb31d36231dd3fc97baf5cb6f73103,fc2c4598b5694563811540d01c98fbf6,delivered,2018-06-23 17:24:16,2018-06-23 17:38:04,2018-06-25 17:01:00,2018-06-29 20:12:28,2018-07-23,88d6f82c6e7cfdc3313f53a6836f3138,2018-06-23
4a81bd2160d16f8b9323ad482891284d,7031299b4e554c4c88cf92dea380afb3,delivered,2017-06-16 08:51:44,2017-06-16 09:03:12,2017-06-19 20:09:35,2017-06-26 12:17:58,2017-07-10,ac987d464574ee0f743f9b630f937a27,2017-06-16
8d644a85179a2e3720976b5ce7d8818b,cbcaee49648cf4a8c49003733243adf5,delivered,2018-07-18 17:47:14,2018-07-19 08:50:22,2018-07-20 13:44:00,2018-07-23 22:56:30,2018-07-31,50fa59b60b7f5b5ce7a250c215cc091b,2018-07-18
e56d6e36145ccad4895538d379ac3552,b97925383862944801250c9bcc43bd10,delivered,2017-08-17 20:01:07,2017-08-17 20:44:27,2017-08-18 20:08:01,2017-08-24 18:08:13,2017-09-14,8ce938b7447a8327dadf2a50c43ac271,2017-08-17
8791ee44f46577057a684a381d2ded13,0300ae7800b82af58b1f3526991cd98d,delivered,2018-06-25 23:33:24,2018-06-26 00:35:20,2018-06-26 15:53:00,2018-06-29 17:51:10,2018-07-19,7da0ec7dd950226777c1931bbc002769,2018-06-25
3d5ac3886057103d59fc294cef2677e6,926c2d5207d5bd5ad5e003c776ed54fd,delivered,2018-01-03 19:01:41,2018-01-03 19:11:23,2018-01-05 21:38:20,2018-01-30 21:07:14,2018-01-26,e9fef6d991140bdee29d828a7d4e8471,2018-01-03
71bdcc58db48fbd3f6aa39889aab2e8c,458727956b378f1d200041d2107e97dd,delivered,2017-08-08 19:01:41,2017-08-08 19:15:16,2017-08-10 20:04:27,2017-08-19 13:57:29,2017-09-01,85ed42f17cc8222ffa1a1bb6c5c2b4f9,2017-08-08
b892643960f1cfea9cc00aeb42097a4e,5ddf228047c20d7d18bec7c7c32f81fd,delivered,2018-04-24 15:17:51,2018-04-24 18:33:46,2018-04-25 12:04:00,2018-05-04 20:22:10,2018-05-18,55f8fb3a399773c4a452881895330a84,2018-04-24
aaa6f66c3f76dbaecfc60183d6a248ed,c353c61f1db7085071135afad6006ff3,delivered,2018-04-13 21:11:12,2018-04-13 21:32:33,2018-04-17 19:02:56,2018-04-25 19:42:20,2018-05-16,7f0a32f4af1dd3e5f0c45a633ace40ba,2018-04-13
8378137868c479b948c8712cac81f79d,9eb27cd8e9d5d572e11f99ab3f3530bc,delivered,2017-11-19 19:19:21,2017-11-19 19:35:28,2017-11-23 20:59:04,2017-11-30 22:33:26,2017-12-27,1f63a40f124533574ff2c7b9b9ba8b0a,2017-11-19
5e59c927dc00fd6d6f9661fd8736989c,a7ae8cfbb255712ae4be978b7bfab901,delivered,2017-05-11 08:38:46,2017-05-13 03:05:25,2017-05-13 10:40:25,2017-05-18 10:10:11,2017-05-31,e14705d2e06ab8ee7c665f21c72f874f,2017-05-11
6e15cbf7d3e8a1099a5be2702e863ef1,6b5657ba9faebbefbf9a2fd894ef803d,delivered,2017-12-27 21:32:39,2017-12-27 21:46:48,2018-01-04 20:32:16,2018-01-12 13:38:53,2018-01-29,9ab07eee6529c92a7eaef7a17ec0fe11,2017-12-27
26543fb8b34f4547bcbbd431f998ee76,7b795a9df1fb7368c9c00514370d5c4f,delivered,2017-11-08 16:12:36,2017-11-08 16:30:48,2017-11-09 15:18:46,2017-12-06 12:48:29,2017-11-28,45d7843cd73eb1cdd0af569b6b6e626e,2017-11-08
1afa51208ad0fe3d17577387674e6924,dd290c5dbab7b967fe68512586e8a77c,delivered,2017-11-25 23:59:25,2017-11-26 00:21:23,2017-11-28 13:26:54,2017-12-08 19:09:46,2017-12-21,4fea8996c9c5f0d8486715e0bc944fde,2017-11-25
814823738ce02d399f917f00e77393d5,5be55e6c0084aa1937b6a7e207abef2d,delivered,2018-08-13 17:09:30,2018-08-13 17:24:22,2018-08-15 13:05:00,2018-08-20 20:28:53,2018-08-29,c864fe0c9f4b9010508388922c2b21ae,2018-08-13
42cba4864b46e647175a24df49b1426a,313da4e668f47725525d85459b580bde,delivered,2018-08-03 13:59:26,2018-08-07 04:35:17,2018-08-09 09:56:00,2018-08-15 22:56:27,2018-08-17,1bffb251ab9271a8f618dc633e766d6b,2018-08-03
5a644da87ff0e3010f70d585f486e115,26c5ed84816686663128adfb3472a340,delivered,2018-01-11 19:15:06,2018-01-11 19:27:48,2018-01-15 17:06:44,2018-01-24 13:42:32,2018-01-31,b1cf093d4733621933034b69fb155947,2018-01-11
e78dfb6eab229b4cf81d3f6bcf0c9e49,ee618af7185e0ce4bd6fca363a6c91ea,delivered,2017-07-07 23:25:18,2017-07-07 23:43:02,2017-07-11 21:39:50,2017-07-24 19:52:07,2017-08-04,ed7bb46288e9f13ef21b1f12c8de6357,2017-07-07
feded510efe2a76dd134d8533af626f9,9d1d52bebfd0301df6fe080e8a4a681b,delivered,2017-05-16 23:52:28,2017-05-17 01:25:14,2017-05-18 16:23:10,2017-05-25 09:39:46,2017-06-27,e6fa41583d01bbb9ca431231806205a6,2017-05-16
6eb4105b2eba30c0d6f8e720d3909cbb,98a13a25160f30babbd81bb1d9b3e61c,delivered,2018-02-21 14:24:19,2018-02-21 14:35:29,2018-02-22 01:23:05,2018-03-02 19:42:51,2018-03-19,44f80f943d7ac5d486482b715019014c,2018-02-21
bdabf4d21213c2844d0b672d8fd72054,4d5a3f2707cfa16d395c679bea6c204c,delivered,2018-02-25 14:48:11,2018-02-25 15:07:38,2018-02-27 23:03:38,2018-03-29 16:28:56,2018-03-26,e399db816ed3a4918576d99641c3668b,2018-02-25
7440954562ac54f803e472bc3491287d,2d7383575380d46c2721ddb73caa7e15,delivered,2018-02-16 17:13:02,2018-02-17 09:35:22,2018-02-17 20:42:02,2018-03-01 22:22:55,2018-03-15,45feb3b8564d79410fd42657d23431e3,2018-02-16
061295e635460bf36f1bb41bd54fd2d2,d5e09a8184614ddda310dac5e19e7635,delivered,2017-12-05 12:49:56,2017-12-05 12:59:22,2017-12-06 18:42:57,2017-12-19 19:58:58,2018-01-10,49e6749fd8bf4a9218457eb19a92e200,2017-12-05
69b018bee00243bd10c2f8634e068f78,143352eb1597de8926f839bf52f82ea0,delivered,2018-03-12 11:25:04,2018-03-12 12:35:31,2018-03-14 16:04:58,2018-04-27 23:12:43,2018-04-03,023d978a84bb97e195d5562279a7b285,2018-03-12
a14c872deca4d99bf8414d3dfb72bc34,624d6818e6c15b72bff858f9ba8be4e9,shipped,2018-04-06 15:01:45,2018-04-07 02:48:14,2018-04-10 19:04:01,,2018-05-15,8fd2ec00d1f8ef8518ff15330395991a,2018-04-06
2aaa173ecc917a0e748a8e8ad584534f,66b14b570f80d68efd68d0d0af74447c,delivered,2018-08-05 20:41:55,2018-08-07 04:44:39,2018-08-07 14:32:00,2018-08-10 21:21:01,2018-08-20,25cc177af76414e81821879fc131bfd0,2018-08-05
c0624f728b31f0d7f5bafce9731a953c,7169e91fb9f3317bd7929572a3a34494,delivered,2018-01-08 09:15:54,2018-01-08 09:28:17,2018-01-13 16:06:44,2018-01-18 21:39:11,2018-02-01,15f9e82ecf1ddd1290df50887a8ebd6a,2018-01-08
3c630824cefd356b7289838656c9cdbc,199ead1f7765436813bea595273e98f9,delivered,2018-07-28 17:40:23,2018-07-31 03:55:07,2018-07-31 11:17:00,2018-08-01 16:12:51,2018-08-06,67c573c5421c4980f01fdc8bbcd59ed5,2018-07-28
7948985f993a3dba42989d5ffef9435d,9f147f7fe7e0fff905dfb5012ec986ec,delivered,2018-04-23 17:56:07,2018-04-24 18:45:12,2018-04-24 18:41:14,2018-05-07 23:05:11,2018-05-22,22a120452c75109b8e3e6563074fff01,2018-04-23
65a7c3111cd734466eb706d544e6fae4,94dc5118a4bda894002d294ee615a4e3,delivered,2017-03-23 17:36:38,2017-03-24 17:45:13,2017-04-28 05:37:51,2017-05-18 12:24:25,2017-06-28,628ae8584a1c192e60498fb6983bfd9d,2017-03-23
c092e9c7bbaf416a8c58147e55fe03fb,5c4d4da9f70733a33d73849986f3a6ad,delivered,2017-11-09 23:10:28,2017-11-09 23:26:47,2017-11-13 18:41:10,2017-11-22 16:48:21,2017-12-05,c0a7d0334d2894554a227c665b0b3506,2017-11-09
b79ad0abdee66423cbdc69a208d69a68,eea52f4fb81d1791fc85421c0cd3131c,delivered,2017-11-05 20:07:15,2017-11-05 20:27:06,2017-11-07 10:32:00,2017-11-14 00:58:27,2017-11-24,0a04ef49753f87dcfed8d37f19f8dea4,2017-11-05
fb11e3f2905ee0f75ef24f40def76252,1ce361e264c832e9920f1000dd243982,delivered,2017-03-19 18:25:15,2017-03-19 18:25:15,2017-03-20 10:14:17,2017-03-22 06:17:51,2017-04-10,ac5e2c0c69290b3fb44f7c584ff3af2f,2017-03-19
de45539c23bf4e084f623d8d339c00ea,4e6ce144b719062e3c2ded3c3ef3ac64,delivered,2018-07-02 18:05:52,2018-07-02 18:15:17,2018-07-04 08:37:00,2018-07-05 20:33:36,2018-07-16,b88d17575498e50b2bd8228844c35309,2018-07-02
ea869217e833b69a06a197ebf6bb762d,07a13922ff9bce298cdd61bef4c98fbe,delivered,2018-02-06 17:08:00,2018-02-06 17:32:30,2018-02-19 22:28:31,2018-03-12 10:55:41,2018-03-19,4ca44a27ba34f607ea3ae793a034ab02,2018-02-06
091119d8eee03ee2736786df622f1e81,28fdb0f4d733ad48a41295bb90f339cf,delivered,2018-03-07 19:17:58,2018-03-07 19:30:49,2018-03-08 21:55:24,2018-03-20 12:42:12,2018-04-03,9fa4143876580e51a6932d41442a15b8,2018-03-07
49948abfb7336062720db01329a38578,64b75f52eb55bf78f920119c0ef47320,delivered,2018-05-14 11:42:48,2018-05-14 11:58:45,2018-05-14 14:44:00,2018-05-15 19:39:02,2018-05-25,5a4718628c0b05c0b2871f64caf90842,2018-05-14
86cafb8794cb99a9b1b77fc8e48fbbbb,c11c31965ff02cc1d7132df8edfcbc22,delivered,2018-04-11 01:06:37,2018-04-11 01:30:23,2018-04-12 22:56:27,2018-04-13 22:41:44,2018-04-26,ad353b4fb0e294adc4eda48af73e68a6,2018-04-11
af524958ddebae54e99bf50866e0bc29,612651ffa100f3481fab324e1381d747,delivered,2017-07-01 19:46:53,2017-07-04 04:24:34,2017-07-04 16:51:44,2017-07-26 19:49:31,2017-08-02,230fedab42f7955784bc36ab58883f72,2017-07-01
91fbfca0bd7fd5a76315a897d61f0f8f,32d734648d03742ae39dbea3bb0f236f,delivered,2018-05-09 01:11:39,2018-05-10 01:09:36,2018-05-10 12:56:00,2018-05-18 15:38:57,2018-06-04,ccd9c698ee9af9f1d1343e8ecc9956c7,2018-05-09
bab2cfd3d45cf84d1d283c632aa77517,b5de2aafeaef5ead4f3fee6cf8f41ad5,delivered,2018-06-21 17:06:21,2018-06-23 02:20:16,2018-06-25 08:38:00,2018-06-26 19:41:42,2018-07-16,2b5f358d18ba39a7e1b2f702b598eae9,2018-06-21
6dac82bff64207fd718220d97afd6554,cdd3c5886b7ceae47c258c5104c69a4c,delivered,2018-08-17 19:47:46,2018-08-17 20:10:00,2018-08-20 14:24:00,2018-08-23 18:21:08,2018-09-03,554f20b1190198361a931b75a6fda43d,2018-08-17
295b0d5e43bcba38d1f33206d5a40594,118a36bafb2594116f414e108b340da7,delivered,2018-05-04 10:11:28,2018-05-04 10:32:27,2018-05-04 15:06:00,2018-05-10 23:05:16,2018-05-28,f4d09775207d6e7911b36c1b43d1686f,2018-05-04
9e56ad5aa7b82470ecf52af83edbe7cd,e7a349570ea2a4f47b50b2db820cca5d,delivered,2018-06-26 14:52:13,2018-06-28 02:15:48,2018-06-28 11:57:00,2018-07-03 09:14:41,2018-07-31,df899509737ca53995e009b6642bb042,2018-06-26
461206d002bda8c6925c7b3f27ed29c1,a67c083c721ef266221c844ae8956daf,delivered,2018-01-02 16:22:19,2018-01-03 04:37:27,2018-01-05 14:17:20,2018-01-10 15:44:05,2018-01-24,214bd392f589811498bff8472e913822,2018-01-02
4b5bd8e6ef37808d82dab7b2a81b18d4,5ce71cdf0f83ff207aee90e0069e1f42,shipped,2017-10-02 18:47:29,2017-10-02 19:05:28,2017-10-04 22:38:58,,2017-10-24,cb666b9b7a62b6613db96d13c58f7292,2017-10-02
3b67413a225423c7c571ac1f07bda044,fdfd06ba6f7c1fb14143f4890f6179bf,delivered,2018-07-21 22:35:28,2018-07-26 23:32:14,2018-07-24 15:09:00,2018-08-02 21:18:40,2018-08-10,b58a4c3eb2889d8032cefee7d6e24b16,2018-07-21
eabed9663301465ad2a903c519caae63,9f9587941a9fbed8cd27d38cd793fba2,delivered,2017-04-22 11:33:13,2017-04-22 11:45:13,2017-04-24 15:58:20,2017-05-03 11:21:43,2017-05-25,738d1f30c0d3a701d0cc80a2bc0c8a2b,2017-04-22
667193ac90447ff11c01fa504f18a4b1,a566b0041f91bec5f9633116d0f3d354,delivered,2017-11-28 14:16:57,2017-11-29 02:21:53,2017-11-29 20:21:48,2018-01-05 22:08:01,2017-12-22,c8d6f11697fffdc585f18b79bc71e308,2017-11-28
a19f578b12bca98c69170dff3d7b9599,2f2dbae2eeb2f76a1f1201875073624e,delivered,2017-03-15 21:23:47,2017-03-15 21:23:47,2017-03-21 09:11:46,2017-03-24 17:28:05,2017-04-06,9c83d49fec239226cfb7eb08c85af10d,2017-03-15
6463c23b6850a055b0facc3baa597e91,2c9f984472847a993724a86948aff4e4,delivered,2017-10-11 12:13:09,2017-10-11 12:28:17,2017-10-13 16:29:05,2017-10-18 18:35:00,2017-11-03,a28d41e6ea6062bbed392667541bb78f,2017-10-11
60751e744ac01225d93eb8bd65592ff0,124d228fbb63b271ac5a81ea36b43f39,delivered,2017-03-16 14:59:52,2017-03-16 14:59:52,2017-03-22 08:29:48,2017-03-30 14:38:00,2017-04-18,2e2bc9cf9d8b2a3f099754a6f97b1fa6,2017-03-16
8ac618028633e98678ec484cb98a073a,e7f624afbdeb3915d810f2d8c483c345,delivered,2017-11-27 01:26:52,2017-11-27 01:37:24,2017-11-29 17:57:53,2018-01-08 22:39:20,2017-12-15,e16d2d606a19a9dd1aeb5fe4fbc79b4f,2017-11-27
5abdfb6d65a94da27f6cfb009d417f6b,6fe3189a52c5a26a8980af19d26b30d6,delivered,2018-05-09 22:42:30,2018-05-09 22:55:25,2018-05-10 14:48:00,2018-05-19 15:56:29,2018-05-29,c0488ece146b98c1fc2a0a11d49ec7ad,2018-05-09
c54125146b0e42fbe85ada6802c51f30,eb1992e3905f9f9085b031e36b98e4dc,delivered,2018-08-12 15:37:11,2018-08-12 15:50:11,2018-08-13 15:19:00,2018-08-16 21:42:05,2018-08-27,087c3d4ea19cbc0a3cf624d69ae9dd54,2018-08-12
8f20a2bcde63b6e9b1d88a8b7bb9ca53,7107fc539b88dd4fb7fab4e60f9eeea3,delivered,2017-06-09 19:13:08,2017-06-09 19:22:07,2017-06-13 07:45:48,2017-06-23 10:57:28,2017-07-14,076b7055bea51da430d6a6fa054e5075,2017-06-09
3f53cb579bd18271e2770a9d9fadc63e,6f62cca544282a538bbae512ebcf0b9a,delivered,2018-01-28 07:10:53,2018-01-30 05:31:39,2018-02-05 09:59:29,2018-02-14 19:38:47,2018-02-20,92825da6382fc675e5be0b14da34e627,2018-01-28
6e0261934103e060a0bed9e878373374,66a470a0e1d8c76b9a21cb40912bca2f,delivered,2018-01-17 10:11:03,2018-01-17 10:18:25,2018-01-18 10:17:25,2018-02-02 18:46:55,2018-02-14,7411c8ffce71eae65fdba20b924fc6f1,2018-01-17
69cb53f8c670d38d607fe3083b4fbbcd,eb3fca4e06e504332655bbfc8b689609,delivered,2018-08-10 19:49:38,2018-08-11 02:35:49,2018-08-20 13:31:00,2018-08-21 18:41:50,2018-08-24,de0d902c8497c4a8103a81afd8cc5b5f,2018-08-10
f3a1afc2437c5eb6c3ef3d974cf47d08,8713490761730338d44c032437698048,delivered,2017-03-27 23:51:01,2017-03-28 00:43:02,2017-03-30 10:44:57,2017-04-10 22:58:17,2017-04-18,827a10e098173d0c076b5c2cda7fb92b,2017-03-27
c274216562a0ca3b0f14b7b46b8f7f4e,2f59e6ae8264da17adca44753f354ef9,delivered,2017-12-14 07:11:39,2017-12-15 02:16:05,2017-12-19 18:33:04,2017-12-29 00:19:00,2018-01-19,2a84e8f124c11dc575348124fa047943,2017-12-14
cae09e797a12dd266a6b4ef0a4185910,176dea972808adbbe398302c3e8e0b30,delivered,2018-01-19 09:36:02,2018-01-19 09:53:12,2018-01-23 23:57:03,2018-02-02 15:48:40,2018-02-20,38e4b76a96f526abc134b97f67b2cecd,2018-01-19
ef45721e5184380ab98c58de39230c42,63fc3cc680cfe86e7325de3069d53cbb,delivered,2017-11-30 13:30:03,2017-12-02 13:52:22,2017-12-05 00:39:35,2017-12-07 19:47:57,2017-12-18,b4164b841c4e53cf0ee72a5f9096d420,2017-11-30
0f12cbc174814d0b137bb00d87bea3ee,cafd020d75573a79a7cb037f87b31515,delivered,2017-07-02 12:59:35,2017-07-02 13:10:12,2017-07-04 15:37:33,2017-07-07 18:11:12,2017-07-14,9f735d60e4d6d3ec348d7bbdb550eb43,2017-07-02
fe0972da0b118700eb5b1a5063476738,da77bdc7a9873008349cc29b5e877ae6,delivered,2018-03-01 08:23:50,2018-03-01 09:09:15,2018-03-02 21:46:37,2018-03-05 20:15:08,2018-03-13,4133b4c6a467916af84d6c15cd5aabe5,2018-03-01
4d5bae0860712936c87891ce32cf0d76,9fb00a5e93d15b7cd3b848b9e904e4b4,delivered,2017-02-13 18:00:53,2017-02-13 18:10:23,2017-02-14 12:29:16,2017-02-21 12:21:37,2017-03-16,fe947af6540d580b9703d0332d04f0e3,2017-02-13
1d3e89c83af0905d749a8d07aac56855,e81e7f31e6b27c161760c4088585d3ec,delivered,2018-08-14 11:53:21,2018-08-14 12:10:11,2018-08-14 13:49:00,2018-08-17 17:58:45,2018-08-30,2d7219eeb76e3ac39948aa84f4b0828d,2018-08-14
4f5310c68c4e9a2c3d5bd708df07d212,7d5d4cb3f861bdf4c9b730fe41e771cd,delivered,2018-06-21 22:30:13,2018-06-21 22:57:13,2018-06-22 10:38:00,2018-06-27 11:41:56,2018-07-13,7150ba1825c38f6cece61fdf80e9615f,2018-06-21
6f17dbe0baf3d45a1ddf91bf756dc359,56b6ff1140f9689464ba8e3bf8b9749e,delivered,2018-07-06 08:27:50,2018-07-07 04:50:14,2018-07-10 13:05:00,2018-07-13 15:14:44,2018-08-03,1d464a573b534c8c1ce8b25ac956effd,2018-07-06
493ba21a937e956c5e0e4e26c9f1b7f9,408d74d06be5d5140bb933f248de1342,delivered,2018-07-15 09:56:32,2018-07-16 13:30:36,2018-07-27 07:26:00,2018-08-02 18:06:41,2018-07-26,8fc8e0f5ea35f5b26e2e54f23aa2b272,2018-07-15
42274fe831e72c2936614e49ba46d9bc,b94081252e6426e1f737d627e974142e,delivered,2018-01-19 19:51:57,2018-01-23 03:36:53,2018-01-26 12:29:09,2018-01-30 13:23:45,2018-02-14,846d4b5fc92a186683ea4d89723294b1,2018-01-19
92fe9f93b7bb7a99f55be01fcd629140,c48354807076a9621832dc2144c3ce08,delivered,2018-06-04 16:08:03,2018-06-04 16:29:53,2018-06-07 13:53:00,2018-06-08 14:08:58,2018-06-28,9647d92925a762b173628a0f396a9fd4,2018-06-04
65d519114847599fa70eb2575fc38a15,1765628d55d5b0e3edbd16320eb576d7,delivered,2017-08-27 02:56:31,2017-08-28 03:04:11,2017-08-28 17:23:54,2017-08-31 19:42:43,2017-09-14,b157d45094580a4a5a90af5331351c13,2017-08-27
51d1ab11845cf149f0b42a66dcea1ac1,aa48a7bcd1bdf28f822046696a7f4dfa,delivered,2018-02-25 20:45:09,2018-02-25 22:00:39,2018-02-27 17:43:06,2018-03-05 20:47:45,2018-03-16,f6fdb1939fca58af1dc79c466f9fa3aa,2018-02-25
2dd1b3fcb05d15852bfc51a0a8405381,1b730e245b9e48cc3938dd8aa2dfebc4,delivered,2018-08-10 19:29:10,2018-08-10 19:44:31,2018-08-13 13:17:00,2018-08-18 14:17:33,2018-08-30,6fe9dc85cc39c201968bb903477895cf,2018-08-10
c6007f8fb6a4e182373f412b2ee462bb,f5fd359780c6c132348b31e90805b3bf,delivered,2017-10-11 09:18:23,2017-10-11 09:28:16,2017-10-11 16:12:50,2017-10-18 18:18:57,2017-10-31,c09226be110833acdbb4427028782cb6,2017-10-11
82eac7c627107b7699fb95a7c5961127,bee721b303a846631fb342854dd624e9,delivered,2017-11-26 09:29:07,2017-11-26 09:54:21,2017-11-28 17:49:03,2017-12-06 20:51:36,2017-12-20,ee4e692108181331c0fa8390d5cb2ec3,2017-11-26
23185987a928a964abc85b9dec1f39e2,8915506d8d59fa7dd9213f136fce84f8,delivered,2017-09-23 15:31:05,2017-09-23 15:44:36,2017-09-25 18:55:46,2017-09-30 13:23:55,2017-10-10,fbf33576e27c0170109e425d4dfdde12,2017-09-23
1edb4efa70d2b132ba169e874a344588,e15a3239b1f0fc47edb0e438bb849eef,delivered,2018-04-27 22:31:02,2018-04-28 22:31:23,2018-04-30 14:47:00,2018-05-02 18:19:25,2018-05-11,30a6fe0537368fb68e085386c573a7c9,2018-04-27
beecb33087d159cc2dc627ff4a1fb9e1,83730488524b0398123e465b5b9b3e7b,delivered,2018-01-21 01:39:34,2018-01-23 03:52:42,2018-01-26 20:27:05,2018-02-05 13:29:43,2018-02-15,a13349a415096604155fba765fa21b34,2018-01-21
392139c3311c506adf32de8492011f15,f5d1b27f73d5f8ee3a0f4a4237cc1d41,delivered,2018-04-18 11:14:20,2018-04-18 11:31:44,2018-04-23 20:54:44,2018-04-27 22:41:56,2018-05-16,eb2dbcd5b5279a3ae4a346ef9e10e8c0,2018-04-18
463270aee6f932c94319683e66e7e59d,4a447c627d4ea252ae512ba273c6d5e2,unavailable,2018-04-17 19:40:26,2018-04-17 19:55:17,,,2018-05-14,835f68eb26d8db3fc6379e7553eb77ef,2018-04-17
0f97133226253ab3a950e71d636a957f,fd926c6c56bc716a43189cec4fb37854,delivered,2017-03-22 14:02:21,2017-03-24 01:42:58,2017-03-24 12:59:49,2017-04-10 12:51:52,2017-04-12,c544d0dda7c26db867857891475e918a,2017-03-22
dd38b886d39ef65944147719095164eb,0431efe603d40ebbd845a573ba0e25bb,delivered,2018-06-27 10:27:19,2018-06-27 11:06:46,2018-06-28 13:32:00,2018-06-30 00:11:29,2018-07-12,196d05613ba767404e4e690ac84861fa,2018-06-27
5407dd425b0427513c6f63025414fb33,85c95113b1158d7ec148427c0a223c92,delivered,2018-08-26 21:12:52,2018-08-27 11:35:18,2018-08-27 14:39:00,2018-08-29 23:04:51,2018-08-31,373b58bc6a02d3603399480b5a9ae434,2018-08-26
a42f5a19988bcb397ae627a3a72eb735,bafa1579d04b177aecfc4ae43af01b18,delivered,2017-08-27 16:38:29,2017-08-27 16:50:13,2017-08-30 19:22:17,2017-08-31 15:41:41,2017-09-08,4926c6843cbc9a66f0524e37ca0945f5,2017-08-27
5dacb51b4933fe7d6cf500c8e576e333,3544f5570b5b852f65909e56d8a4abf8,delivered,2018-06-28 12:00:52,2018-06-28 12:15:16,2018-07-04 07:59:00,2018-07-11 15:47:44,2018-07-20,49f56398db5548ac2551a12e96d4d19e,2018-06-28
c5c1bc50dd24bd493ca543401aa6d592,973769db015fccb0984873fe8ae93ab3,delivered,2018-04-20 20:33:06,2018-04-24 19:25:49,2018-04-23 22:11:38,2018-04-26 22:14:48,2018-05-14,8a3b173945cf5ca785ee16a038d0b794,2018-04-20
d16cf2288861412bc266621085b73055,b82c4220110dc5c1c3d7f067aa9bd065,delivered,2017-06-13 20:02:01,2017-06-13 20:15:54,2017-06-14 18:49:45,2017-06-26 14:45:49,2017-07-12,1355c77463743fb99dab7bcc301e37b5,2017-06-13
cfd5d5311ae38742b4ecdbcf4c3662a7,8219dbbbff05552e56dabd762e39de3a,delivered,2018-02-09 18:55:54,2018-02-09 19:08:12,2018-02-15 00:32:01,2018-02-21 19:52:00,2018-03-14,f1485c238a50f4d2a48be2fcd6c22a61,2018-02-09
48e57ab120e323dcb9b330fe88adfd87,401adc576bb58618a2b3d02f760cc4a1,delivered,2018-03-26 13:32:27,2018-03-27 03:35:08,2018-03-27 21:49:00,2018-04-17 18:14:51,2018-04-18,1ed9f26912354b9e99664f00f28cf5b9,2018-03-26
937592924b66482b823ee7ecd185d0ff,0fbd856ba1d4961786fb54bd448eb7fe,delivered,2018-03-31 19:17:43,2018-03-31 19:55:18,2018-04-02 19:10:46,2018-04-06 22:05:04,2018-04-18,96328ac15f58fbb232fe14b182103382,2018-03-31
2882e815bbb59314e58194adf2fe61e3,1cc48f15ae29278a2ae5fd4ace4c97fd,delivered,2018-04-24 23:49:23,2018-04-25 00:11:09,2018-04-26 12:58:00,2018-04-30 22:59:28,2018-05-17,a758c349af1bae3fec50e5d0d7c536a3,2018-04-24
0b33796d2382e9a9fde619a584ba7216,68c54dbda8f6d832d974c45a869031c2,delivered,2018-08-26 11:59:34,2018-08-26 12:10:14,2018-08-27 14:56:00,2018-08-29 22:31:47,2018-09-05,4470a1898b6f224ba5065ee72a9b7900,2018-08-26
a3196fcf306076770911dcf50b642454,c37b71524043e5e4c9756394d4608244,delivered,2018-03-22 21:58:46,2018-03-22 22:10:46,2018-03-27 17:06:40,2018-04-03 21:48:46,2018-04-13,9ae392bcade0a240bbf5b50307662d63,2018-03-22
e2bdd50123225ac6e08ff517b00fd06c,fe4869851c79359d114ba6ae40984e4f,delivered,2018-04-01 22:29:55,2018-04-01 23:10:15,2018-04-03 14:34:45,2018-04-17 17:06:38,2018-04-20,79c42890cfebc7d335335004a15bcaaf,2018-04-01
44a3722417745e1a99c297ced13c7b85,eb1485636d09be205400230836ca6391,delivered,2017-11-11 22:15:28,2017-11-11 22:30:21,2017-11-14 21:58:39,2017-11-25 01:12:44,2017-12-11,7ed179be56d4931f8f8c4140eb5d5c93,2017-11-11
682a34b810b30b9d81683fa8ad2113d5,8ad8a191b4613c49278c97ae88f993ca,delivered,2018-01-08 13:42:41,2018-01-09 07:18:31,2018-01-09 22:59:04,2018-01-18 00:09:01,2018-02-09,b52eb9c439c9dd2a57c4ab99c3405e53,2018-01-08
c13a31bdadbbd5f75b449c0ad554088b,636bb425fbe0392f59b1f687a7c34d50,delivered,2018-07-25 08:32:23,2018-07-25 08:45:09,2018-07-25 15:37:00,2018-08-06 12:34:31,2018-08-10,5389a42a672b7d0dbe349b5bd6b2a566,2018-07-25
ef24d89a1994d468c2903e3d2dbfae56,b16866ec831fa280adc36a71f6a30dbe,delivered,2017-12-16 09:25:10,2017-12-19 09:37:28,2017-12-19 21:43:32,2017-12-27 19:07:07,2018-01-12,004a432489f6630c6dfd3fc4454603f5,2017-12-16
2c5694feea13be5112a5023228135940,7a5d50a89a0ad890e129b405db3805de,delivered,2018-07-07 23:47:15,2018-07-08 00:45:45,2018-07-11 07:34:00,2018-07-16 15:45:58,2018-07-30,68eebf6104e7e2e750a29c06cb39e448,2018-07-07
aa9e7e290697c3c9494307fe13cad72b,b97776786873f881069e64b28947cade,delivered,2017-07-06 08:48:23,2017-07-06 09:05:12,2017-07-07 13:09:05,2017-07-18 17:43:36,2017-08-09,a3b2490482986f1638e702550961658d,2017-07-06
3bfc0203088a0e595525c78127c2706f,8fbb8d23c7ba8c4375e6eb948709754c,delivered,2017-11-22 22:26:53,2017-11-22 22:36:22,2017-11-23 19:37:01,2017-12-04 19:07:08,2017-12-12,b84bf561f02516359bcd53fd92dfe875,2017-11-22
0c23c36327d99027c61ca570921b0fb7,84936b26581d8bbe95b82c100ba14cf5,delivered,2018-07-21 13:29:40,2018-07-24 11:33:12,2018-07-25 11:56:00,2018-07-27 18:28:22,2018-08-07,0777b150d37cc8c65e506f3885292681,2018-07-21
5afa996de851bd409a84c61745106947,737a7651cb45d8669d7b056c7c0f9444,delivered,2018-08-07 14:24:03,2018-08-09 03:44:52,2018-08-10 15:23:00,2018-08-17 19:41:06,2018-08-27,a5b002dd1d73428332e6679c7a98f1d8,2018-08-07
ee1de1bcd287c6d9584b5e78d1b534be,491689eb90a5e67c0967a80dcab074f3,delivered,2017-12-01 11:05:40,2017-12-01 11:30:59,2017-12-07 22:18:30,2017-12-09 17:21:55,2018-01-04,978c8ffba59f7650d77198236ada2e26,2017-12-01
4e9909164c9d3f4d58d9428b6e09d523,e02c5d44fb7541a69f8af6a52d1b35a4,delivered,2018-08-18 19:14:55,2018-08-18 19:30:09,2018-08-23 14:30:00,2018-08-29 18:21:14,2018-09-25,fb2e61d7fde80aaec74b84f503b4352e,2018-08-18
e5b2ed06cede059b5085e68c5225d993,e6882e9b4d8cac7125a6d98947ae0bf3,delivered,2018-01-05 12:59:02,2018-01-05 13:10:28,2018-01-10 18:49:38,2018-01-26 00:26:56,2018-02-02,d3a4983975d6d586bcae0a4e432d9732,2018-01-05
60c5d3b8318f48d8a751a2d510c5a88c,1667c9660e2d8494588daa01cf9e3f86,delivered,2018-05-15 18:05:49,2018-05-15 18:34:38,2018-05-16 13:46:00,2018-06-06 15:44:58,2018-06-14,760caff27799b863021f2591c828dad7,2018-05-15
c4f67dd915abee56ff2c2bd41bbbed24,65005249e480233f5dcacfca69ab372c,delivered,2018-06-24 16:33:26,2018-06-24 16:54:37,2018-06-26 09:28:00,2018-07-13 11:59:40,2018-07-24,e733e6f3b97c43e8ad8b380d9675c554,2018-06-24
b55194d272b7e65501f2d19906f38060,271ce99781ce163e49fba6e260a1d27d,delivered,2017-12-01 06:57:04,2017-12-01 11:31:11,2017-12-04 16:25:31,2017-12-12 16:24:59,2017-12-28,9a1b0b7614967e0ed49dce75c4a285f2,2017-12-01
4d552c5c82094dbeb98a8048f8b31adb,f8ead8ee59c35cd73f3960fe570bc5fc,delivered,2017-10-07 11:03:08,2017-10-07 11:14:12,2017-10-09 22:09:49,2017-10-16 23:25:57,2017-11-06,60ad2dfe15162be5e47aa1ca1429130a,2017-10-07
acd76a8508680cbb5d4c04707be03f87,7a2ffc93e2f9aac4cd2c0e4564446777,delivered,2017-03-13 15:48:42,2017-03-13 15:48:42,2017-03-20 02:15:36,2017-03-27 12:54:35,2017-04-11,e0c2cbde9fde866b41bebc21b2b2c9af,2017-03-13
332bd11885d05706808d2941958750a9,d561be8fcdf9f945abfe5f09806f3549,delivered,2018-08-16 12:41:01,2018-08-17 08:55:21,2018-08-17 12:05:00,2018-08-23 16:58:54,2018-08-30,2e117084eaafeb9b19031f6791e9d51c,2018-08-16
0e082c9595209f2c00439a05c63561fb,ed6fcc0b293e7864b2713bdefd4fd460,delivered,2017-08-21 02:21:08,2017-08-21 02:30:10,2017-08-21 17:46:53,2017-08-22 21:24:56,2017-09-11,9ce5d1f51dc3820878f63ef6da296d46,2017-08-21
66f3359b47e8264aac9b1ab1f7bec4d3,3135801869ea8e2206ce08a16ffad3bf,delivered,2017-06-22 12:44:03,2017-06-22 12:55:22,2017-06-23 12:55:55,2017-07-13 10:13:45,2017-07-05,2805ad52438fd994db4dc221d7f57a07,2017-06-22
ddc6397d6300a0416f6f40c48f6aca70,ff682feefd003038774bac996140956f,delivered,2018-05-19 18:10:31,2018-05-19 18:32:34,2018-05-21 08:06:00,2018-06-07 21:22:04,2018-06-13,62a0ad567cde364cf1f355fd82b0da7e,2018-05-19
442a41b00a8a8bda35511fdf1eb65cc5,e42e2e8642f9c09100b6667e321c2811,invoiced,2018-07-11 22:27:32,2018-07-11 22:45:43,,,2018-07-20,f84487fed78baf25458828c99a2daa5d,2018-07-11
455a25fb79e199f6568a9965cc2ad66a,7b9822271e0d86d065661726b72c2c85,delivered,2017-10-01 13:53:46,2017-10-03 04:07:29,2017-10-06 20:33:45,2017-10-13 22:45:37,2017-10-31,9f28edea600965dc405de3c23d9f7f9a,2017-10-01
26f35d2f228f74c5c9ca3a74c3a88d7c,a04b42b4fd7b36ef879752176cd57557,delivered,2017-06-11 13:38:21,2017-06-11 13:45:15,2017-06-14 16:19:39,2017-06-16 12:05:06,2017-06-26,9c66139f2ce43127c1e2d5acbaa2c3b7,2017-06-11
36989eb07a0de2d3d3129eea35553875,aadd27185177fc7ac9b364898ac09343,delivered,2016-10-04 13:11:29,2016-10-04 13:46:31,2016-10-08 13:46:32,2016-10-11 13:46:32,2016-12-06,f176923a0a4ab546c7287791ccb82193,2016-10-04
7f630339b7d16d7f1a6c058f630c1810,f967c25871b87b8bd465b80856cd4bfd,delivered,2017-07-18 16:42:37,2017-07-18 16:55:12,2017-07-19 14:17:00,2017-07-27 17:07:01,2017-08-07,7b249d4e6e82ccf577cacb9a441de3f5,2017-07-18
814285c4ea443c9cdf551361bbfcc83d,a27aa9e97a539fa2a0fbb84e7bd256f7,delivered,2017-11-24 22:13:33,2017-11-25 00:37:56,2017-11-29 15:59:43,2017-12-11 18:29:09,2017-12-19,fb84d8acab66aa9457ef4cca0737b76d,2017-11-24
5772e7bcf14445f0aecc59de975ecaef,7b3e9422b4c8dcb4f68ce2a0227a1959,delivered,2017-07-26 14:41:36,2017-07-26 14:50:17,2017-07-31 15:37:45,2017-08-11 17:50:17,2017-08-29,40a8eb09f689cfb16640682009d7403b,2017-07-26
2e59e4db9ac621c946e8451c300f1317,61d359e1107b398326e830d479b466de,delivered,2017-05-17 11:27:13,2017-05-17 11:42:27,2017-05-17 13:52:39,2017-05-22 22:13:59,2017-06-06,9d6b593b8399ee7f6b76d3aa6f69d4f4,2017-05-17
93430185e43190a6a3f456ac4cd38c21,8313eb26bc4c26a2a3dd287ad29a8e6e,delivered,2017-07-22 15:21:16,2017-07-22 15:35:16,2017-07-27 14:46:03,2017-07-29 13:58:50,2017-08-04,50a946e62b9dbc213b7442bf29aa61ee,2017-07-22
755f8f33280efbcfdfc8fe696de7ab9a,77909ecb9985cb412898f220fcb008da,delivered,2018-03-22 16:13:54,2018-03-23 02:27:56,2018-03-23 21:28:35,2018-04-14 15:32:06,2018-04-13,7ac8fd2956caba82317721767b7a12f8,2018-03-22
dacb5451d8212730dc1a84aa53330a58,043f84c471d1141aa553fc893c6fa14c,delivered,2018-02-06 12:12:03,2018-02-07 02:55:54,2018-02-07 16:48:35,2018-03-15 13:38:54,2018-03-13,d151103473f01802b68edc425be42124,2018-02-06
5caf5fb0686c880b74eb3b01aa82c50f,1a90988c0f84b38f929c3700bfc2b122,delivered,2018-03-06 19:57:26,2018-03-06 20:10:50,2018-03-08 00:23:28,2018-03-16 17:50:59,2018-03-26,f1d4d4fa44bfaac776ce5b9812ac66d7,2018-03-06
eb64b58a232837a289266be299ae35c9,d43d753751aa25b79c0d8abc9ce4fa2f,delivered,2018-05-17 17:07:37,2018-05-18 01:57:15,2018-05-22 06:53:00,2018-06-09 02:18:46,2018-06-21,c20482747bad2b33e3863380852f306c,2018-05-17
0b886faaea82e30898a5dbf0ffa73e51,4df063e444386a404859f4d9bdbb5063,delivered,2017-10-14 20:30:30,2017-10-17 03:49:22,2017-10-17 23:02:57,2017-10-26 00:44:00,2017-11-03,04ed3786fa70d5e5c5da56dfc7cf45aa,2017-10-14
5ec0629d25d2736b943c5607137c5182,024d9375532751f84d5bb83ac936b3f8,delivered,2018-06-23 12:14:03,2018-06-23 12:34:56,2018-06-26 14:13:00,2018-07-02 18:50:59,2018-07-17,c9d749b8bec5051db8a1d50a7a9f261e,2018-06-23
48d30a78681848a5caa890b0acc9ad72,4edf532487459eda21dd6ee099adf329,delivered,2018-03-15 20:58:52,2018-03-15 21:10:35,2018-03-22 11:04:25,2018-04-13 17:54:37,2018-04-10,a8d344109edd5d56bed40ebbc3119129,2018-03-15
99021b49ffd0cada43b75ff6410b7220,94de4a73d21c497efec22433a67a6804,delivered,2018-04-30 18:55:27,2018-05-01 02:36:12,2018-05-02 14:43:00,2018-05-04 16:26:47,2018-05-16,b15c1253855f895971bcdb65b9289476,2018-04-30
7c46b5ee3a6b6152b85d5d245784bc25,184ab3d6d53ad7db0f980d864012d5df,delivered,2017-09-07 10:36:54,2017-09-07 10:50:07,2017-09-08 20:00:03,2017-09-20 17:36:17,2017-09-29,0122d73327d9135f8088572c7d7f5d54,2017-09-07
8217a590b5344050a87f2e38d9aa0cf7,b6b56e9f292d6bee01d74ee5dd2e4b73,delivered,2018-02-03 22:21:59,2018-02-03 22:35:28,2018-02-05 18:41:26,2018-02-15 01:37:36,2018-03-06,09561c93d1847da6b8c733c10a97a5e8,2018-02-03
f0d11024591943c8ebd0a97abf1e6b5c,2d25b4b19f9b3e7e23827db330bf528e,delivered,2018-05-10 09:42:41,2018-05-11 03:10:23,2018-05-11 12:04:00,2018-05-24 14:42:39,2018-06-13,adab55f053f73aa95c41b67a9513cf8e,2018-05-10
1ea0993dbee417148367f2243ce047ec,02b2b9ae976e3d979e488606fdac435e,delivered,2018-01-27 11:20:42,2018-01-29 22:15:25,2018-01-30 18:08:43,2018-02-17 00:04:09,2018-03-01,73f15d83843384b72bbc47a7f85f69ab,2018-01-27
e2b81f0134f91f1be92e48ef39ee0d99,c891f94087a1bcda077d185cb4edfff5,delivered,2017-06-18 18:40:41,2017-06-18 18:55:06,2017-06-26 14:55:48,2017-07-07 16:49:33,2017-07-27,a6f30d82f17aa1b45503e1d1305ae44c,2017-06-18
cb4b8586416200f4f78647bb9b690543,bd46ef0523578ea078328cf1e798a4b9,delivered,2018-02-05 18:42:01,2018-02-05 18:55:38,2018-02-07 23:04:33,2018-02-14 20:07:52,2018-02-21,1e12dc75b27b5035188bcc5f7d15ca2e,2018-02-05
fdaa819b4c4dba8f7ed72e2d1102971c,430bbd24755cc4be5a426827ce2f7e4b,delivered,2018-06-17 15:21:47,2018-06-17 15:40:46,2018-06-25 13:48:00,2018-07-03 01:08:50,2018-07-18,2b1033515a55b95923160535724bd8c3,2018-06-17
c8e3106879ca183126a8033f35d62bfe,ad5a008e1d77152cc956b926f893b603,delivered,2017-11-26 22:54:04,2017-11-27 14:21:45,2017-11-28 20:48:45,2017-11-30 21:33:06,2017-12-11,2b0d81cdff284aa5565fc33816b1521b,2017-11-26
af5eca8e6b44dcb050c7a8ecb66fb6cc,db2213c437bec3b7db3bc07b6ea4b35f,delivered,2017-07-05 20:57:09,2017-07-05 21:10:13,2017-07-06 14:45:51,2017-07-07 12:49:43,2017-07-18,7bd99d7b533ef664e60b69eed6356d5b,2017-07-05
219011b6543055a960c7dd94cc5e0770,9b9fc5bf9794aa5a631da2499da279eb,delivered,2017-04-15 11:47:49,2017-04-15 12:02:54,2017-04-17 10:43:48,2017-04-22 05:27:56,2017-05-09,17232dfe6b4883dfd9f9728982a468f4,2017-04-15
39440d3f8a70fc392a19f6a6fd1af993,6f715b0f57a3f9763415e74d205782b4,delivered,2018-08-19 11:30:36,2018-08-20 11:32:51,2018-08-20 13:06:00,2018-08-29 22:03:14,2018-09-12,fdf7b49f4bedd8101fbc65d180c1fa48,2018-08-19
d121027be5b028cea6170824da6bdbb7,345e38cd989db3d85c8709398b975141,delivered,2018-02-10 11:38:38,2018-02-10 11:47:54,2018-02-16 00:38:44,2018-02-22 21:59:19,2018-03-08,5c90dd83d9b96adaa967dee08d721f34,2018-02-10
15b9bbc3bfc272e14a8da450ed7867c2,8242a1cee3edc3b94095009410aa4118,delivered,2018-05-15 14:07:20,2018-05-15 14:35:33,2018-05-24 12:24:00,2018-06-10 18:17:40,2018-06-08,5e732fcaff5c30c596874db41704415c,2018-05-15
33b4b136d93aba3984987dc2c213713e,018bd804612e66267d4dc4ac8f8b98c1,delivered,2018-08-14 18:46:06,2018-08-14 19:04:18,2018-08-15 14:18:00,2018-08-16 18:26:46,2018-08-20,7790c5e57083e41620d71f9824c64eca,2018-08-14
ce2d26887805bd860b4ed0368e29ae95,7ff5f98578a06497fbc4570758e05eb1,shipped,2017-07-23 16:56:53,2017-07-23 17:10:16,2017-07-25 11:03:59,,2017-08-17,075bd6bbcb5b72fdf182f59e501add75,2017-07-23
660aaf581bff579657fa00152ba11a7a,00efb24cd00f8eda8e85e3c3e0f2eb66,shipped,2018-04-15 18:09:08,2018-04-15 18:31:05,2018-04-24 01:51:56,,2018-05-07,927e342e5416289ef96f6097d6494235,2018-04-15
b58d52e3a578620cf3e4cd9b2b5a0516,fe7217b7ff946d143c80fd4852c32836,delivered,2017-12-04 13:15:11,2017-12-04 16:49:18,2017-12-05 16:32:43,2017-12-19 15:43:35,2018-01-10,49bf911a5666e781425b4fe91495454d,2017-12-04
a016702972f9a03256db6aecb30ba538,6a7a60f2de054b1783ac690620679578,delivered,2018-08-05 15:09:19,2018-08-07 04:10:23,2018-08-09 08:12:00,2018-08-15 09:28:33,2018-08-22,37ee946073f13847d64af1e3bc984da7,2018-08-05
6c721c8ce1b433e68655575af4955976,1ea07fa33f6aa42805c074d31c82f590,delivered,2018-01-11 12:59:51,2018-01-11 13:12:19,2018-01-12 21:03:21,2018-01-24 18:22:17,2018-02-14,0beeacb8096bdcd8b00d9630eb264192,2018-01-11
8ee3616d5dd7807654cfa5658895cff9,f0c3b92019e378a971f4e17e5885a0dc,delivered,2018-04-12 11:21:09,2018-04-13 02:32:26,2018-04-16 22:23:24,2018-04-17 13:38:36,2018-04-30,4085ed7290215b10cd71708101f5aef1,2018-04-12
6bbd90ca863235a9127bcc432f30af08,c16bec2b01fabb4f62303a573abfc285,delivered,2018-05-22 13:46:56,2018-05-22 13:55:34,2018-05-23 16:48:00,2018-05-28 14:28:28,2018-05-30,3ee6e9979973bf7bf53518c4978cbae1,2018-05-22
c8c684d11191f71210df7c6a22115def,a072679ac4ac4d56f1aaff9e763836ed,delivered,2018-02-26 17:19:24,2018-02-26 17:36:03,2018-02-27 23:52:21,2018-04-03 11:38:29,2018-03-20,d632eddd34f00aa9d19613ba9cef6294,2018-02-26
d17cef1f461b1a777ffe306534d10b02,e2157b635c16457dc9918ab3de181461,delivered,2018-03-09 15:17:28,2018-03-09 15:30:42,2018-03-12 22:07:26,2018-03-29 01:41:37,2018-03-27,2a59d89d0b8ff33ea0830057b43aebe9,2018-03-09
b9a505c23bb00c07421e4ef2c9381e5b,6cd80ca371f4be9a7bd93aefcf6dfcb7,delivered,2018-07-16 20:54:03,2018-07-16 21:10:12,2018-07-17 10:35:00,2018-07-26 18:21:28,2018-08-06,8ad26fa5294b5843055e1d1aec0eb1d8,2018-07-16
94e51ec4177923b1a9f4deb3c5187035,5efc5047589fa989a362c98f2137de01,delivered,2017-08-15 00:14:11,2017-08-16 00:35:23,2017-08-16 19:23:22,2017-08-30 16:58:14,2017-09-06,604f66bd0b6780864d96e5552b601095,2017-08-15
10910627bade59f9426abd86cf292846,264b3478b46ef33ccb784acbaa3c9142,delivered,2018-05-15 15:25:06,2018-05-15 15:35:24,2018-05-16 10:55:00,2018-05-17 22:04:37,2018-05-24,3792b591c5fa50a7e1cce6087fd02bec,2018-05-15
f67e4bef168cedf6abbb72fb0d9909c6,cff7d309b878ba3fc6bc7093c68fb8c7,delivered,2018-01-17 13:46:16,2018-01-18 02:11:20,2018-01-24 18:02:44,2018-02-01 23:29:50,2018-02-09,45f8be2dc969e5daae73e29683a96b2a,2018-01-17
31a8766241a787028fc15329259dd644,38feb76a2d5be48d28f3cb600f7ae220,delivered,2018-02-01 10:08:33,2018-02-01 10:15:32,2018-02-05 19:24:30,2018-02-14 18:29:04,2018-02-26,db305eead40b07047378cdbf9d8ac91a,2018-02-01
bd1e47bffae57a3de85b034cb9d7a89f,633fd0b12f89cd6869975b2e7c393335,delivered,2018-08-12 09:56:51,2018-08-12 10:10:10,2018-08-13 13:26:00,2018-08-22 19:16:34,2018-09-11,049c34513997e3c610f0449f2829d848,2018-08-12
e32a5647b61199db6ed9118d2de5ee5d,acf5ff42d19e917a14f2da1e8b81cf9e,delivered,2018-02-08 12:57:36,2018-02-08 13:10:31,2018-02-09 17:52:09,2018-02-21 18:59:15,2018-03-06,dee19bd0f0519deb0b5cb50e2f1da9dc,2018-02-08
bf1291114442efae296ac5f7bfb3d195,f16962e130603161149712806cdd212e,delivered,2017-06-25 19:47:17,2017-06-25 19:55:10,2017-06-27 13:52:08,2017-06-28 16:46:32,2017-07-14,0dd50bd086d180525b369718e1fa74b1,2017-06-25
6f748695717d537b882406da58acefec,b31da288a5d93df0b87661fae41bda52,delivered,2017-01-12 20:28:10,2017-01-12 20:44:31,2017-01-13 16:51:48,2017-02-14 15:07:50,2017-03-02,ff8b95898b5d2ce400ce59b28c40bfbc,2017-01-12
0c9f4cd9a2f5e3783d9ec0f4daa33741,3bd34d2695b29daf46c726ca65adaa76,delivered,2017-08-28 09:58:45,2017-08-29 13:45:18,2017-08-30 20:10:49,2017-10-14 13:35:40,2017-09-21,2902aa119b0d5e66be473e52db5d52d6,2017-08-28
2398303669883856391bb4ecd9a5db0a,4bd0a701ee517a0fcba6220743b7dfbe,delivered,2018-08-21 14:02:41,2018-08-23 02:50:16,2018-08-23 08:19:00,2018-08-28 19:20:56,2018-09-21,397a4356d59c9e071dac70a4b83ec753,2018-08-21
62e8878bf54a37544cf066414f3a2c72,a9bb25e5e037a48e105498de8c4042d9,delivered,2018-03-02 15:27:05,2018-03-03 02:35:37,2018-03-06 17:33:11,2018-03-16 22:12:59,2018-04-04,c938ef28fbb9211f931fae0931d0f053,2018-03-02
85a08640d88815b0ede472adb059d337,72fbca98280bcd9d6131e02416d992f0,delivered,2018-06-29 08:25:50,2018-06-29 08:35:13,2018-07-04 08:37:00,2018-07-05 21:36:20,2018-07-13,2aa8d8ed84f5c0b179efdc88fdd6ceb3,2018-06-29
0a979eab29ef830d6363887a00907fb3,48fdce8f3b86a9177f826892cc29b8ec,delivered,2018-02-08 15:02:47,2018-02-09 10:11:33,2018-02-10 04:16:42,2018-02-16 20:43:59,2018-03-12,2edbc56cb0ca4af60be547d9a7d48895,2018-02-08
e3c6b0e299f89807d09492f4404f8cc6,324f0fb44bafb7a6d6d23aaccd7a9f34,delivered,2018-07-22 10:44:26,2018-07-23 11:30:58,2018-07-24 06:51:00,2018-07-27 17:22:00,2018-08-06,d37cfdb725ce904cface650ae8b24c9d,2018-07-22
91711692ae6735d80d347c000533637f,022c68d559d62cee79d2a5a4bd567feb,delivered,2017-05-02 13:39:55,2017-05-02 13:50:19,2017-05-03 10:57:44,2017-05-11 09:24:00,2017-06-06,c9f05e63d6f7be87c57ae3cbacd727bf,2017-05-02
6f8c31653edb8c83e1a739408b5ff750,30407a72ad8b3f4df4d15369126b20c9,delivered,2017-08-01 18:38:42,2017-08-01 18:55:08,2017-08-02 19:07:36,2017-08-09 21:26:33,2017-08-25,e7c828d22c0682c1565252deefbe334d,2017-08-01
5ccf62709f079c27307f316fdc2e794a,b30ebfccb79dd342c844951b58af71ab,delivered,2017-12-08 16:15:26,2017-12-08 16:33:24,2017-12-11 23:37:37,2017-12-19 12:22:27,2018-01-08,bc73ec741e60dfecfc072938cbcf50d0,2017-12-08
5fe18112061d552a439bf8a33e638468,0e1b2ff4b8a1ef60fd78f8c3e7df6d4e,delivered,2018-02-27 11:37:15,2018-02-27 11:49:49,2018-02-27 22:28:59,2018-03-07 20:48:53,2018-03-26,d752778abfd1b651a40c399fd307a5ba,2018-02-27
6c6de9251e9be0fba786819778705796,c1a4802d6a1a6c5eac355f26af6f8f5e,delivered,2017-10-25 13:00:10,2017-10-25 13:14:42,2017-10-26 21:22:39,2017-11-07 18:33:09,2017-11-13,7a0831fe6d6dc864eb02f300a083f427,2017-10-25
5fa4923e35eb4c0d471dc44378b1215c,34719522510c9db1f9599a1dc98d61a5,delivered,2018-01-10 17:02:12,2018-01-11 02:48:46,2018-01-13 02:17:19,2018-01-15 17:49:05,2018-01-29,619384cde3f360023bb190ab688f1926,2018-01-10
9f7acee13d271fc4082692dd7d0485c5,da78567acd7705268aed9990c5b148a5,delivered,2018-05-08 21:51:17,2018-05-08 22:14:49,2018-05-14 07:02:00,2018-05-18 18:26:30,2018-05-28,cf7205f6768340c2eb8a710a43ac607c,2018-05-08
18b5c5e3d06b8ffb3935759ce29393f3,ab95418b637c62c3f1eae85f50c29c21,delivered,2017-05-26 20:06:30,2017-05-26 20:22:17,2017-05-29 11:55:55,2017-06-13 11:48:31,2017-06-20,c627dee70494f392ae336ea20e9fc3d1,2017-05-26
c75eebf08446545f765d7cfc1ab89342,f971a3a1f0bff189598bbfb8b62466aa,delivered,2018-07-01 11:15:50,2018-07-01 11:30:28,2018-07-02 16:04:00,2018-07-04 13:29:02,2018-07-16,5899c283996ee4c68070c035065316ac,2018-07-01
8a4398f9b38e8023cd570362226cabb9,fd064e0e937391f82a81598d9de12c85,delivered,2017-03-07 05:48:44,2017-03-07 06:02:57,2017-03-09 08:58:52,2017-03-22 09:58:41,2017-04-12,5138b1127c1a441503581ba9887ea716,2017-03-07
300acffc653419f09eea9de45afa0460,302b06db224fdf184b7815e96b72d9bc,delivered,2017-05-05 21:35:52,2017-05-05 21:45:15,2017-05-08 15:45:28,2017-05-31 15:05:09,2017-06-07,54b670454d07c49747954868ee162ec7,2017-05-05
01c998b70e420ec36563386a4b71c6bc,598f0ad85bfe5c15f18b219ad41a2167,delivered,2018-01-23 13:47:46,2018-01-23 13:57:28,2018-01-29 19:04:09,2018-02-14 22:51:23,2018-02-20,ec15af4d797ff5fcedebd6f1e9199fed,2018-01-23
5b2f8cfd2fc117b59e6a0247d77f07d1,ec251fa96058b74b101b87f413fcd120,delivered,2018-06-05 17:11:13,2018-06-05 17:53:44,2018-06-07 14:43:00,2018-06-13 22:31:10,2018-07-11,f9ee5e600b409b4e43f84d3b9bd73519,2018-06-05
d8f3f6f587c473f30872ffdf8170fc6c,08c107b0b78e43fa0195263569937873,delivered,2017-12-11 13:16:13,2017-12-13 02:49:46,2017-12-13 18:13:46,2017-12-19 18:22:39,2017-12-28,7dbbdc93804b04b7ca7f210269ae253f,2017-12-11
a598d09b856449e0bf8798180ce4a2a2,5136f67979625c2a7a41a1b221d53b94,delivered,2018-03-20 15:28:49,2018-03-21 02:56:02,2018-03-26 23:31:05,2018-03-27 17:03:41,2018-04-02,0856fbf6bca8d3b00383761520bcaa0b,2018-03-20
330f4c4ce3d46e9f892b06e6f0bc9aad,14b614cf1dd2da6594c658a69fbbeb54,delivered,2017-01-30 22:18:53,2017-01-30 22:32:45,2017-02-01 15:34:22,2017-02-09 10:14:40,2017-03-21,7f1a50bd72da35adfd13f3c367cc2eca,2017-01-30
de829fd7475239b4c3110ca7660f971e,14cb060b0482a83fa6609d36909bb3eb,delivered,2018-08-15 22:13:57,2018-08-15 23:04:17,2018-08-16 13:00:00,2018-08-20 21:47:42,2018-08-28,b40ede6bb2a1753ece945a548908b4c2,2018-08-15
79c294f3f4e5a5957b8a02e8a7c8cf17,bc1cd5120f7f6894c5164a38d880739e,delivered,2017-10-20 21:51:50,2017-10-20 22:05:54,2017-10-23 19:42:59,2017-10-26 21:09:00,2017-11-08,162588c7876967e252a13dd64ecb3d89,2017-10-20
5ec91483e95a827de47b9b592f44d893,3b56ff9de63e4c2fa73c05d315e51720,delivered,2018-03-29 15:57:41,2018-03-29 16:10:08,2018-04-03 21:05:28,2018-04-12 16:13:12,2018-04-20,4945ad8dbe405f4beed15ceb12e2610d,2018-03-29
233f0d86db908dbeb6c2ae5675b31e71,bbeb2d228004bb46b49889f614f80c48,delivered,2017-11-15 20:55:55,2017-11-15 21:10:33,2017-11-16 14:17:50,2017-11-21 13:58:32,2017-12-11,38a3c2eb6f3a9c08efff963c5a551a7c,2017-11-15
fe05c6dcaf512456a03860df06cc034c,437dcc2bd3f47c77e640b63a067d408a,delivered,2018-07-16 08:22:32,2018-07-17 07:31:34,2018-07-18 13:28:00,2018-07-23 18:21:32,2018-08-08,4ad4d9be004941fb8e0ffd31ddbf1f3c,2018-07-16
56086e96a54fabdcbfc3c78440bde7c4,37328df0ebcfea7a5217b32e1ae23776,delivered,2018-01-05 18:12:09,2018-01-05 18:28:09,2018-01-06 16:04:03,2018-01-20 13:46:29,2018-02-02,1fa154efa0884dccbc8a82285623f8d4,2018-01-05
251a3d3baf58424356225283feed770f,6702e5e1b4f9af9cffd902369dda2925,delivered,2017-06-22 13:35:18,2017-06-22 13:45:22,2017-06-27 08:53:15,2017-07-10 21:44:47,2017-07-28,103d433edbba5e1aa063bebf741e07f5,2017-06-22
c36b4feac86d66f1ad82c82c388f187e,cbe9f8fd52e2a3803cc739bb06a17e18,delivered,2017-04-05 10:13:32,2017-04-05 10:23:21,2017-04-06 08:44:22,2017-04-12 14:05:48,2017-04-28,60b3d2418fcad738b94496174bbd6880,2017-04-05
95d825d3c9ac0db6ca8f1e567cec7586,335acb5307e077b6832f5e77c451a93b,delivered,2017-03-14 16:47:29,2017-03-14 16:47:29,2017-03-16 15:01:47,2017-03-22 08:49:24,2017-04-04,1554075502074ad04303237019d98182,2017-03-14
c1bcd85491d0472bf5d90c9890197a75,369e8d5b3fb4177c3c9a6623f408cb1e,delivered,2017-12-02 19:15:04,2017-12-02 19:36:32,2017-12-11 20:05:28,2018-01-06 16:24:53,2017-12-20,58e51ce458bcef2c1270b31b85a4df9a,2017-12-02
5996322816675c956bf3f370bf0ff4d1,cf2ce3864ef4dd04822db087e540d2a3,delivered,2017-11-27 18:15:04,2017-11-27 19:01:17,2017-12-07 16:05:07,2018-01-16 11:58:40,2018-01-08,ff3a61dfa02c60ce76c6334cff4c0b11,2017-11-27
4ce789d7705c17767436b6931e654637,e384138611b6bc0b16b651897b5c7f77,delivered,2017-12-12 20:56:42,2017-12-12 21:11:32,2017-12-14 13:43:43,2017-12-15 20:23:41,2017-12-29,894ed547f3b81ac5441d3c3793e6727b,2017-12-12
8f056cc6f955f6980089a1941b682c7a,104a2c4dd474047d0e06b3b120d5a740,delivered,2018-03-18 18:40:01,2018-03-18 18:50:28,2018-03-19 20:27:27,2018-03-31 15:42:36,2018-04-09,8abe0339dab5697016e9fa16b2956d5d,2018-03-18
f611b669f06123c801cb15f4af16ac14,e0db23438c1fcbcc82885a1ce40b0bfc,delivered,2017-02-06 21:45:30,2017-02-08 03:25:25,2017-02-08 09:53:45,2017-02-17 11:52:03,2017-03-09,acfdaf9a5e0116db79c9ca3fe3b082d3,2017-02-06
6e92a04973cb201200ecb4d6f82bb5bd,dc74aac682ad015d9b0e0fa85182e16f,delivered,2018-03-02 17:45:24,2018-03-02 18:15:35,2018-03-06 15:32:34,2018-04-11 17:52:32,2018-04-02,f9e561dd457ec515893e8060347388bf,2018-03-02
d08c5166c66141d063d3f11027334ac9,5532fe32bfed171f1ed8fa7c0f5fdb67,delivered,2018-01-14 22:47:28,2018-01-14 22:56:22,2018-01-15 20:56:43,2018-01-17 19:14:22,2018-01-30,c47805f9e5a11936425363810eb261e9,2018-01-14
fd5c73fb6edc88486582bf0a0bb989aa,c348e5bd22ca24a447a221536c71d8b3,delivered,2018-04-09 11:34:37,2018-04-09 11:50:20,2018-04-11 20:04:57,2018-04-17 18:12:47,2018-05-02,efe7f5948537f8e56c2c6b665cad9a34,2018-04-09
d00fc126358622ba5ae0ba1a334b3bc5,a596a519d885d2cd292e329de18406f6,delivered,2017-10-17 00:04:06,2017-10-18 00:08:05,2017-10-23 17:52:46,2017-11-10 23:41:40,2017-11-03,405f6492f9044e2046871cab35da8702,2017-10-17
40df325dfbb83b29d6b1ad21ab997c10,c358ba3b6586cfe86c59d44af141dbc2,delivered,2017-12-28 02:52:36,2017-12-28 02:59:23,2017-12-28 17:05:32,2018-01-10 19:56:45,2018-01-31,e6dad6995380749fc3e8f0178b5873c3,2017-12-28
69aa7c6140efd63150254b0fb1340fc9,4231adc0342d4df0ed221d4dcc6dd867,delivered,2018-08-03 09:47:51,2018-08-03 10:04:17,2018-08-08 17:06:00,2018-08-23 02:27:46,2018-08-17,0ba2d4bde4aae17b0544d89c992c5abd,2018-08-03
d142143fa24d4a2bef6ed627060e7754,c17d2be37ef7d75f89a60427c9509ae1,delivered,2017-07-18 12:13:01,2017-07-18 15:03:35,2017-07-20 14:33:33,2017-07-27 20:53:43,2017-08-14,2818ca3e861f7bc77e4acfdc1b161a9f,2017-07-18
46ab0d006e1c391cd1633fdf0d416983,80c6c2c72b6a846b395f3a58a2431e7a,delivered,2018-03-09 04:07:11,2018-03-09 04:28:33,2018-03-09 20:06:35,2018-03-15 21:08:46,2018-03-27,c41888578ce42b42a96f107a21c2b3cc,2018-03-09
62c2d78676c10f5c78087b70543d2b16,0d322d00e59c4e1f3487753c793d89a8,delivered,2018-06-28 16:27:33,2018-06-30 02:52:30,2018-07-03 11:29:00,2018-07-04 17:46:34,2018-07-12,07edb6092d391eea668598f604cb8a80,2018-06-28
bf79d036f5374ea92a94c50341ada3da,42da46ef0cdd769b68cea0d88b6bc5ec,delivered,2017-02-01 09:08:09,2017-02-01 09:21:08,2017-02-03 17:08:04,2017-02-07 11:28:10,2017-03-14,ef057d5e1e98631079064c5b892de94c,2017-02-01
ada6146d9553232fb9b561d1e5105b11,77dcfcff30320d1bd63923be4386dd45,delivered,2018-01-18 22:48:55,2018-01-20 09:08:35,2018-01-22 17:58:38,2018-01-23 22:10:34,2018-02-02,2884368bba31a6960805867d52547bc0,2018-01-18
c9078b2ce6167917416ddd9b7c40b5f5,6375f48d885428bd1c84628e80583a8f,delivered,2018-03-03 19:10:32,2018-03-06 03:35:37,2018-03-06 20:33:02,2018-03-22 20:22:22,2018-04-12,8fff3d0ba4d200a40eeb91dfccac0631,2018-03-03
4382f48f29370e70ec4ef6aa3578e1c9,e5cede01799d43206f0e40fcfe683457,delivered,2018-07-29 21:59:48,2018-07-30 18:31:39,2018-07-31 06:14:00,2018-08-03 22:09:34,2018-08-10,59f5e5c0ff8a1ca7026faa8c316693eb,2018-07-29
a83c50dc6af9424ae926506ebac55807,32e5a91de170f83d02e01af03c9179a0,delivered,2017-02-06 16:57:03,2017-02-06 17:05:18,2017-02-13 16:13:05,2017-02-21 11:23:39,2017-03-10,7c33cd0526679e24b19146dbba7c9266,2017-02-06
9cf6e3606af3b114428d4fed81663328,78f0a23ab766cbadc53402d12b7ae0a5,delivered,2017-10-02 17:59:25,2017-10-02 18:14:19,2017-10-04 11:13:47,2017-10-10 22:15:49,2017-10-24,04fc5f7b626b7d8082d4a81ec33f8b83,2017-10-02
bd894349358da79873bd34c1a65386d4,fed77c9c964215dcfeab228ecb2626f9,delivered,2017-11-28 17:19:59,2017-11-28 17:36:27,2017-11-30 13:47:56,2017-12-16 03:32:21,2017-12-20,efe2f8d9465e7ab21eeb641363a7834a,2017-11-28
510c73928b73404e2d64851f6b4bfdc5,4359218ab99c76acaab0ab7a42ecbde1,delivered,2017-11-18 10:28:38,2017-11-18 10:35:43,2017-11-22 21:18:29,2017-12-11 12:48:28,2017-12-18,981665ad276011294ada8eddaaa56d8f,2017-11-18
fc893e13a220f3fb9b2108b582e773a0,8995948deb6e45a15df3420710e7f836,delivered,2018-04-11 10:48:14,2018-04-12 08:32:18,2018-04-13 19:22:48,2018-04-16 16:57:30,2018-04-24,4ff5e0678ba1b06288c3f92d26e3e20a,2018-04-11
e69e74f39691b8c09d8660c8e000ddd2,53eb76954510c8d2cf430ee48ca94a88,delivered,2018-08-02 16:17:20,2018-08-02 16:31:02,2018-08-03 13:53:00,2018-08-08 14:17:35,2018-08-09,6d8233fd7ed301850f5d518f841d86e1,2018-08-02
7fa29c5dbd1f9eec7b00227f5c389220,eec74815d488bfc5f2c9b9a2d919ea4a,delivered,2017-07-15 20:43:13,2017-07-15 20:55:14,2017-07-17 17:29:29,2017-07-24 20:05:44,2017-08-04,3a27aeed5e91687035a9f1c174ab7e81,2017-07-15
dc72db753eb60af9ec0bf9afaf60f36d,3ea02d8ec736f8f94fcdcf7d43bbfb92,shipped,2018-04-10 18:54:26,2018-04-10 19:10:21,2018-04-16 21:57:47,,2018-05-08,ee9fa38c643909a071e36c85d3cd23e7,2018-04-10
576b3b33dc81c4368f8256613418a197,74d42649584dc3dca22a3f1f27232c53,delivered,2018-05-26 12:04:00,2018-05-26 12:30:13,2018-05-28 11:18:00,2018-06-22 19:32:01,2018-07-19,b907a2c276396f7809f7f2e9db4cbe59,2018-05-26
1a783a61e77481647e463b2ea0f911a2,697cea79f32e1063d631e0d4b171f94c,delivered,2017-10-10 13:29:48,2017-10-10 13:49:23,2017-10-11 21:53:44,2017-10-23 18:12:03,2017-11-03,9e14af44fad0199cc0d905415324b233,2017-10-10
605b496ab2cd71fe8105952dafc16227,abb8d1e0d880ced1635658db8459d3e8,delivered,2018-04-18 10:12:10,2018-04-18 10:31:41,2018-04-19 20:28:36,2018-04-20 21:05:38,2018-04-30,67c9267ec35d851aa2f6581a4c2a3091,2018-04-18
d6935883de7964fcdc68585bac9166a7,ff0f3edd2b8fff9ba615091f7bc4e94a,delivered,2017-07-20 14:45:34,2017-07-20 15:04:09,2017-07-24 14:33:32,2017-07-26 18:22:36,2017-08-11,d913b49db2851e510118846c081d4c3c,2017-07-20
cb392984e12bc8b50d40dbf37f39e607,0163a9517d96e283b1a883de0e71c826,delivered,2017-06-25 16:44:15,2017-06-27 04:25:13,2017-06-28 12:05:59,2017-07-05 16:49:34,2017-07-14,243bf34f2f9c8c7b941e3ad4783a4b10,2017-06-25
e630382ebe09e682fd9032c7d269f62b,f41cd30821b697ff6f6e7795504222e9,delivered,2018-03-30 10:50:57,2018-03-30 11:30:20,2018-04-04 01:16:42,2018-04-12 10:38:38,2018-04-25,dba70adafbba5fd446cad12d2c588638,2018-03-30
0dc7533a0c0ca1829f5a42eabed32f0a,d1447849bd806efd6282988355588728,delivered,2018-06-19 22:58:32,2018-06-20 22:59:20,2018-06-25 13:32:00,2018-06-28 15:36:11,2018-07-23,6a71207bf8784292ad3f6e107ab57755,2018-06-19
de2e0be3395e374e584e529164aa90d7,86a8fb1aaab0081f723b823cf8e1f544,delivered,2018-04-04 12:33:34,2018-04-04 12:50:21,2018-04-04 23:16:51,2018-04-09 21:59:43,2018-04-26,2dacfd33c9ad4c5d6169fb07101ba0ee,2018-04-04
b67f6518481ab5413b3ef3c6790bd80a,404b2eb61444fc048a4f341afcbc0177,delivered,2018-02-08 19:56:39,2018-02-09 02:50:04,2018-02-09 23:19:01,2018-03-07 23:54:50,2018-03-14,507feb960058acbf7bb1a961d3bce079,2018-02-08
e3b8f30edc738fdf0897de9bf8b49d56,05d60fc26b194e6dc23ea70547c7133e,delivered,2018-04-11 17:51:02,2018-04-12 08:32:19,2018-04-12 20:02:03,2018-04-16 17:38:44,2018-05-04,358a2da45489b6ab0f76b49379f8da3d,2018-04-11
02e151e3ad2aa3f8e99de08c81a93c2c,2e59f355ea7b6170c754758463c9fd3a,delivered,2017-06-23 11:36:02,2017-06-23 11:50:15,2017-06-26 16:35:15,2017-07-03 15:12:04,2017-07-24,6a05bcfd431dfae78ac8e99ea5e9c666,2017-06-23
fac93ab061de252fc2dbaaab7d9f9eb1,129a7bc3c739aa7408c39e551839a416,delivered,2017-04-29 20:02:54,2017-04-30 06:35:15,2017-05-03 14:59:47,2017-05-05 09:24:28,2017-05-23,12f2af906b5bda16e5746415742a0250,2017-04-29
9b4c1520f96ed1e13a3d6f8c2aba947e,8f72fcb39cd1b4d93e94f8f1f67d4a3f,delivered,2017-09-27 00:01:47,2017-09-27 01:33:26,2017-10-03 15:38:07,2017-10-17 13:36:34,2017-10-25,f005d0f6f3c9e871276188e6662e7e9e,2017-09-27
b951bb66b451384026a3308f84f1eab9,ab9cefdc87045d3caf9d99f66f9cabf7,delivered,2018-02-27 21:43:37,2018-02-28 21:48:16,2018-03-02 18:05:47,2018-04-21 19:03:19,2018-03-19,7176b91ce64e297a2d28219b05c424f1,2018-02-27
9a25279f96f2403819fb2c4879143408,7c4afbffcbcec9554ef4e4d72654ff4b,delivered,2017-12-19 22:04:52,2017-12-19 23:11:48,2017-12-20 18:49:14,2018-01-06 10:38:49,2018-01-15,9c2cc68777b4f5eba53b0efba3ed1391,2017-12-19
43b496a7732ace398ea4eb3bd520ab22,41021cf729eff1a1ef1f51f09fa39bea,delivered,2017-09-09 22:44:37,2017-09-09 22:55:17,2017-09-11 17:08:01,2017-09-18 20:34:47,2017-10-04,9186963d441c85d9a781413da96a7fb8,2017-09-09
31725408e39733c6fbccf9559d25f0e4,6638d6c704daf2772787e6c5fdac4a3b,delivered,2017-10-25 11:42:39,2017-10-26 11:37:49,2017-10-27 18:49:46,2017-11-09 19:40:20,2017-11-22,fbd11c96273ccf29c8e3078c5308f837,2017-10-25
0a6b7c79b8c67dedc51f2dea7b4e1e59,929e8b8500b8ccb7bfa2b1acf29a9459,unavailable,2018-01-13 13:27:33,2018-01-13 13:39:19,,,2018-02-21,678ee6189dd845150447a3c493de93f3,2018-01-13
3e7bc2221b2c46fafa06f741386784fc,f651fadf067034d6d5a186390b45289a,delivered,2017-07-12 22:10:05,2017-07-12 22:25:14,2017-07-18 16:57:53,2017-07-24 19:27:37,2017-08-03,1573b77edd530a9750e7245acb45ba67,2017-07-12
2d5a9031ce30f2732d18bb3722b887a4,1fa1869a410018e63e73c5a1fe358492,delivered,2017-05-22 14:38:48,2017-05-22 14:50:07,2017-05-24 12:39:46,2017-06-01 10:55:31,2017-06-30,eaa290405cf65ee6d656ec9c4000b297,2017-05-22
b6777988359768bf8f2390aa6d072be4,89be8c52816ae302e2651016521de879,unavailable,2017-10-30 14:07:30,2017-11-01 03:31:21,,,2017-11-23,8f2e3e0a811f811c660831f3187e10a9,2017-10-30
8ab806ee10c5bea563190cd4b77c1f37,9608360c7bbb4f54ed8f146749f434b4,delivered,2018-05-12 18:53:33,2018-05-12 19:16:43,2018-05-14 13:58:00,2018-05-16 17:12:28,2018-05-25,7bc209195f4356a7a1bea27a2a80265e,2018-05-12
4b156097ed5516456bec1b582279acf8,98c7df0a28c0bdabac4c8b71bad62bbb,delivered,2018-05-26 11:44:37,2018-05-26 12:18:36,2018-05-29 13:23:00,2018-06-11 20:05:04,2018-07-16,fa980c101c0dcecaecd3a1b5984c6b5c,2018-05-26
e940dfc11f35a222dc7dd0e6700aecc0,324eac4ceebc42547e8fcd67e05ca202,delivered,2017-07-12 10:50:31,2017-07-12 11:10:16,2017-07-13 17:06:05,2017-07-26 16:22:33,2017-08-08,7305430719d715992b00be82af4a6aa8,2017-07-12
876c8ccfb730dd9208e4396dc70f12bb,b6c3e25b416d1c61d86474fc9ae679a6,delivered,2018-04-12 18:47:11,2018-04-12 19:13:18,2018-04-19 19:19:22,2018-04-20 19:38:39,2018-04-24,43b94280bbe89d3bbbbdd8b978686846,2018-04-12
d5cb12269711bd1eaf7eed8fd32a7c95,f1622b5b691cbc9c39f10ff359043335,delivered,2018-05-14 17:00:31,2018-05-15 17:37:52,2018-05-16 13:36:00,2018-05-18 17:12:51,2018-05-29,d58f7cb9d4f025430011a96c1a7c1c7d,2018-05-14
1590f37cad06b14cb123f6a45b2bdf4c,1d9185a63d204e8a36a36edcadb69a95,delivered,2017-03-28 14:27:14,2017-03-28 14:35:22,2017-04-06 10:54:03,2017-04-15 13:55:35,2017-04-17,669666eb69c24cc2c1c19c0939e442e2,2017-03-28
f45d992f8c9a6be367fa7fa47feb268d,b5733ce0a21606ab2fae67325d0b3fd5,delivered,2017-11-07 21:50:08,2017-11-07 22:09:08,2017-11-10 17:59:03,2017-11-25 12:56:50,2017-12-05,15bf4295fc50b9e09b674a2dbbdade10,2017-11-07
1849f999e825151d7fd632cd119ea64b,70ef4661cf83920a58053995d19f07e6,delivered,2018-03-03 20:56:48,2018-03-03 21:10:30,2018-03-06 02:20:38,2018-03-14 23:28:23,2018-03-15,8e760b95b90bce0f93b3431de7baafcd,2018-03-03
1d1a241bc979244649c42261b4edf004,c4afc968646c76f10008f7c941f81f09,delivered,2018-03-04 16:33:52,2018-03-04 16:48:40,2018-03-05 22:53:05,2018-03-14 19:48:35,2018-04-10,69e1e5cf676b8e2c20d311beb5739106,2018-03-04
dc3146686b7c516346445d58e2113e43,fe9757c08271007ee20b169fb0ab2843,delivered,2018-05-12 15:28:29,2018-05-12 15:59:50,2018-05-14 12:45:00,2018-05-15 15:52:50,2018-05-24,affea8e2de038d2f1f4e8875a265c83d,2018-05-12
03b936f126145f2bb36600400aedb13a,f1f51e74435d2a80493b83c3d90598ac,delivered,2018-02-18 08:42:06,2018-02-18 09:46:25,2018-03-02 21:53:34,2018-03-24 15:09:50,2018-03-14,89d6eadf848c5a7a841cac7886cba3f3,2018-02-18
d3137f0d4c2ad2e593c900f406f344a2,ab704393de67bbc46d712f1d44bcf326,delivered,2017-09-10 01:10:18,2017-09-12 04:45:52,2017-09-14 15:45:36,2017-09-19 21:27:04,2017-09-27,d2844ebdb02dcd3f522dc721d6655b60,2017-09-10
6389c29392c5959831de3e0875ae1cb3,f56b1e83a495532db3a3f953b856c280,delivered,2017-07-15 10:52:04,2017-07-15 11:05:16,2017-07-21 19:12:14,2017-07-27 19:54:31,2017-08-04,b0164212434295e7e87590bb18e5371c,2017-07-15
2bcf195f4b476e9e1a4bd6d139db37ea,c630eb58d4776ae146e9b25b93caa58f,delivered,2018-05-18 16:58:03,2018-05-18 17:15:30,2018-05-21 09:32:00,2018-06-06 20:44:37,2018-06-07,19f8f9892bebd09d55d0b148287a4b00,2018-05-18
80676617af8e89bce2394d4e7fa87cfe,aac46f6e29f3a08ca467112ee8a6b0f3,delivered,2018-04-28 10:38:55,2018-04-28 10:53:40,2018-04-30 14:43:00,2018-05-08 18:34:49,2018-05-23,d0907ba49a33e4020c5280211faef6af,2018-04-28
d6d59c5812d95b8d6500ff342ff60d48,a0302ff99a88b577e90a3e823e23f03a,delivered,2017-09-21 13:09:12,2017-09-21 13:25:48,2017-09-25 15:58:13,2017-10-04 14:57:04,2017-10-13,92fea634eddb405535b8d251f1b0bf4e,2017-09-21
bcf4d80488b9f38a8d2649960da26771,f564b984ce7a01925073c4c5494297bd,delivered,2018-05-07 22:10:03,2018-05-09 03:33:44,2018-05-10 16:12:00,2018-05-15 17:58:54,2018-05-25,628c60c3fafec90dacf2ea3618519d3a,2018-05-07
88bf5b4aa46a6a1db2d81f68b8983a42,6b53c8e698ffdea3353ba3339aacfa95,delivered,2018-03-06 10:19:54,2018-03-06 10:35:35,2018-03-07 23:04:48,2018-04-18 12:41:46,2018-04-10,184ff574579b06c07152f2ba4ae74106,2018-03-06
06c17d1278ee3d265f881df4a58f11d3,4e5235534f808b754485c20dd4380e37,delivered,2018-08-14 13:01:18,2018-08-14 13:15:21,2018-08-15 12:49:00,2018-08-28 20:04:07,2018-09-10,066ebf6c0b5642ed5ec6a1e7e3f03e12,2018-08-14
d185b3d0bd26a99d5c96601c1fcd2fc7,10af370476c83fd83030e8c170e52466,delivered,2017-10-18 10:14:50,2017-10-18 10:36:24,2017-10-20 16:07:58,2017-10-23 15:43:13,2017-10-30,dd92479c2bb42ffbdc755b0b67974ac5,2017-10-18
b5968d622fd956659480afc3320a104e,322f2569c4dca8ee5119d0714fc09c1e,delivered,2018-01-10 21:06:26,2018-01-10 21:13:26,2018-01-15 17:35:34,2018-01-27 14:37:48,2018-02-02,dc352a59954067bae905d7abdd47ae49,2018-01-10
f1daf5f42c9fb7827c086e695b3878d7,226c533210b6fceb3ddfa7027f0c4df9,delivered,2017-11-17 08:36:53,2017-11-17 08:46:55,2017-11-17 20:51:54,2017-11-24 20:58:48,2017-12-12,1a3ac305af5c5965207a0c811197266d,2017-11-17
09ea2181de5a14e01d90b6ff01835a33,65e12813d36c9d1e94fff60fc037a117,delivered,2018-04-02 09:54:13,2018-04-02 10:09:04,2018-04-02 20:32:25,2018-04-11 00:32:31,2018-04-18,0bb0bf5f78b329ed01145551d20c94b6,2018-04-02
3b4495ee12b140977975b7ef18c904aa,3923af2f4604d8f1df2d24eb23b9175d,delivered,2017-09-12 11:50:12,2017-09-12 12:05:15,2017-09-14 17:55:30,2017-10-04 22:09:56,2017-10-06,a456b1e7610f3ba8610159094d2f0031,2017-09-12
9c90fbe071e26ccef32878449010af00,e2c58f1e51bd85bcbd584fa798847e49,delivered,2018-02-09 17:04:45,2018-02-09 18:00:22,2018-02-15 00:22:34,2018-02-28 20:58:44,2018-03-07,69af5b34eefd62df6f605f2effc5524a,2018-02-09
ac00d3859c095d282f6bef69e0ed1b38,503d0a7d55227b38ccce96ec23251f5a,delivered,2016-10-06 18:03:01,2016-10-06 18:32:03,2016-10-14 18:00:00,2016-10-15 18:32:03,2016-12-20,b2639226e3ba85c1e40abf59a40d5b66,2016-10-06
5f7811f83d3d9d0aa1f4c9bcd1cc1a12,f37fb2c140fb551fdb28892bf23f6146,delivered,2018-08-15 19:48:02,2018-08-15 20:04:02,2018-08-16 15:34:00,2018-08-18 17:18:43,2018-08-29,f429f18c8b5e0c030b65f23eab1726a9,2018-08-15
ec46fa0c63f83339ec26fb20a159d488,7ee00ee969c57da7ce91d3c4009be0ab,delivered,2017-12-14 01:07:45,2017-12-15 02:15:53,2017-12-19 20:49:03,2017-12-28 01:24:46,2018-01-23,ec9a30a92b3423b220081c7f51e7d119,2017-12-14
6886aae7a8428ce1fa707bc8fb70acf8,a259e2eccc91a131646b5dfa00988496,delivered,2018-03-18 17:17:30,2018-03-18 17:30:49,2018-03-23 18:39:01,2018-03-28 13:59:05,2018-04-16,06084871c1437f5d23f217c8164e16c1,2018-03-18
df32e509e806944de5c4b9141d1565c3,423b4f94d0273da200ab86fa28715b1b,delivered,2017-03-30 06:24:14,2017-03-30 06:50:08,2017-04-03 08:22:41,2017-04-07 17:45:57,2017-04-28,f1b56b1ab7b11a50740a47cd6ade6715,2017-03-30
5ac4eee743a86a4f0d1b7ee150d1bb34,bc64e5a7d927cba23c4b58e8c417c2f9,delivered,2017-11-26 00:10:06,2017-11-26 00:32:47,2017-11-29 23:24:46,2017-12-27 11:47:59,2017-12-22,6ba1e330c45ba596ef371ce2092c6dbd,2017-11-26
04e289ce03d58b279959796d73dee219,e96eebd81a229dde6b3fb15b0936c2a0,delivered,2017-07-28 08:29:08,2017-07-28 08:45:33,2017-07-28 19:52:40,2017-08-02 19:39:59,2017-08-21,d53f29401f59a2af7223b447958050e2,2017-07-28
125e97537241764b49f9051540737feb,a45395f07a92cd548dea90cfaabfce8a,delivered,2018-08-14 20:41:50,2018-08-14 20:50:30,2018-08-17 13:29:00,2018-08-27 18:06:35,2018-09-03,f77a1e9be64e211bccfe17f18f77ba99,2018-08-14
9ab5804f143a0859cfc1b3a0ca126e6f,7d9d6c4d34962c84f0d06f33b5db1514,delivered,2017-11-24 08:18:54,2017-11-24 08:31:57,2017-11-24 21:09:30,2017-11-26 15:34:53,2017-12-08,a43b5a68a77263c347ad270b635901be,2017-11-24
de0daebf5103477af7117c12c057b772,b6dcf411c45cbe8e176562028c22851f,delivered,2018-06-08 14:24:32,2018-06-08 16:30:51,2018-06-11 11:49:00,2018-06-12 17:38:53,2018-06-19,3b8e55d989da7e111ac23c543bda2a79,2018-06-08
e4be13e2fd66a70ce8fb95ce428a8709,5d4ae5d223a0e0651cf67856cf17cd06,delivered,2018-04-25 08:57:16,2018-04-25 09:10:28,2018-04-25 11:54:00,2018-05-21 17:26:29,2018-05-29,30a276fc3eacdbb80f28e6164005db8f,2018-04-25
2ca4efdc485d435bf550022118cb95db,6e6df7996166b5783047dde933d16116,delivered,2018-06-11 21:36:24,2018-06-11 21:59:57,2018-06-15 16:35:00,2018-07-10 22:08:44,2018-07-24,2df75a8117cee664a9c8dc4b6cee1843,2018-06-11
93ce5dbe519fd117a153211be6475a39,23a6843fde89b7a73271d0b7d7ead49e,delivered,2018-04-10 07:23:55,2018-04-10 07:35:23,2018-04-11 20:21:59,2018-04-12 21:21:33,2018-04-26,fad2bf8fa1bdfc125781eb6c62b5ad81,2018-04-10
d2e35b4e5cffc778521aa3b668c29bcf,07c031e9f5c32ee5a8d05a52e646eb2d,delivered,2017-10-05 11:41:02,2017-10-06 02:35:26,2017-10-11 21:02:51,2017-10-24 00:19:47,2017-11-07,78b0fa5c25eb7869d20074cddfbcfa05,2017-10-05
b737d0aece7ff528ec36941e12664817,f396efa1786c7dfc9742d2512ff88f0c,delivered,2017-12-31 05:24:30,2018-01-02 16:08:58,2018-01-03 21:12:52,2018-01-16 16:12:55,2018-01-29,954374e93a9fe26229f11c514081053d,2017-12-31
248aebbd996d29fa9e2c5fbe3d4bfd38,51a7b3b78432b359289f8a40fdb04e97,delivered,2018-06-22 21:14:45,2018-06-22 21:58:42,2018-06-25 14:06:00,2018-07-03 20:32:44,2018-07-18,d17e8aead592569df42ea0ac7c69cc99,2018-06-22
87ad518d2d4ad356d66440d337c509de,3ea459499d86aec66f0485a32ae6868b,delivered,2018-08-06 16:19:35,2018-08-06 16:35:15,2018-08-09 09:56:00,2018-08-16 15:11:56,2018-08-23,7776df56786edf5e0f5cdb708d07ad97,2018-08-06
e20f1823b7c3cea563148b3d9864132f,867375159eb6b26b2c4215966b2206a1,canceled,2017-05-16 22:17:00,2017-05-16 22:25:13,,,2017-06-12,0c759852aff64baff4ae4d943f50af93,2017-05-16
1da92dd75ffc36cc14317d51cabcc67e,02fa11df400d8458c3bfe07f7273c894,delivered,2017-10-06 16:57:08,2017-10-06 17:14:11,2017-10-09 19:43:32,2017-10-18 18:04:15,2017-10-31,37f9711adee5be5ffdff5b728b8eb529,2017-10-06
31e20f393d978aab31a2c05963f156a3,5975709105828e59aa92011e083dd9d8,delivered,2018-04-18 09:45:32,2018-04-19 02:32:08,2018-05-09 08:01:00,2018-05-11 18:54:45,2018-05-04,b824091af01a40adff77d9f77a8e9eca,2018-04-18
e70405e60d48ff7771de55e6b39a09da,0781f7137f42f48c0121b25b06a9587a,delivered,2017-10-30 11:54:58,2017-10-30 12:10:23,2017-10-31 22:09:32,2017-11-03 21:33:26,2017-11-10,67ac6cb44629d3f7b3183a375232a658,2017-10-30
8cf69b251bfcd650555347d7752a3625,c77e6863cdbccae4fe453de9d000b858,delivered,2018-07-09 11:20:01,2018-07-09 11:30:18,2018-07-10 12:08:00,2018-07-24 23:51:18,2018-08-02,1d39a7704cfb79b7cd820bc83e3de161,2018-07-09
a6017d04cfa5f1b3bda082a341338f98,c4906d9f23c3ff2deb2941f5767f88d2,delivered,2017-11-13 14:40:45,2017-11-13 14:55:27,2017-11-27 13:18:40,2017-12-21 21:41:29,2017-12-08,2f2291efd963e5eab2cf9bef51264c2f,2017-11-13
add60b533a3e4c356398fde8b7987eac,fad05c6edc4b2f7ec246318da04cfd72,delivered,2018-05-04 15:05:29,2018-05-04 15:15:26,2018-05-07 15:36:00,2018-05-09 19:14:29,2018-05-14,150848e4c31cad2bdae9dd49fe8c9910,2018-05-04
9fb81511dfc1d6959ed1052930efd8a6,b240cbf2b50a10ee1f80b42c56b99069,delivered,2018-07-17 11:16:54,2018-07-17 11:30:21,2018-07-17 14:19:00,2018-07-24 01:03:27,2018-08-06,c47ec91fad63554dd8fe3e33188faf7d,2018-07-17
3f9da547c613941c5743b7e033c6ad31,3cbc2f75bb5bd1f95dd67b5d1555a399,delivered,2017-08-13 21:11:28,2017-08-13 21:25:14,2017-08-14 20:01:27,2017-08-18 17:42:55,2017-09-01,1f0509052d3043f28b3b508a7cebfc31,2017-08-13
b3ea3f6381d1b6d2683698960134fe13,fbb6b1c7deb81cb55bd3c0ccf3414912,delivered,2017-07-28 15:38:34,2017-07-29 02:23:49,2017-08-01 18:17:45,2017-08-07 17:35:55,2017-08-22,4620aa87a466822bd4bd3f69e01e1d5a,2017-07-28
35e622ae03fe40ef5476f73b37919c0b,d42db8cdbda56f4cef9e43da03e57c06,delivered,2017-06-27 15:44:20,2017-06-27 16:04:06,2017-06-29 10:51:54,2017-07-17 15:33:40,2017-07-19,723afcd545845aa67d074cdf44f7a4e9,2017-06-27
6263f4308c3fde5104a2ead5e90dd41c,9b60903477438fec2ec05885d5a48fae,delivered,2017-06-28 09:39:43,2017-06-28 09:55:08,2017-06-30 14:23:45,2017-07-05 13:14:37,2017-08-01,48cb69c1578e5fc47b8bc862cdbebc09,2017-06-28
259bf446f0b02fe474a518edf7a1862b,42cd1ae38937085bc5fbf0bfada57af1,delivered,2017-05-16 10:42:30,2017-05-16 10:55:12,2017-05-16 15:31:00,2017-05-22 15:26:00,2017-06-07,c4eb99d1b5513defdeb43b8b22dd3de1,2017-05-16
f626e77f9c9ecc457412d1dbb20dd314,6e5c2ca6254c012dee3cc2657ee7140c,delivered,2018-06-24 23:20:06,2018-06-24 23:35:17,2018-06-28 14:06:00,2018-06-29 21:03:46,2018-07-05,82acc32446cfc2621ff1b9ec29348c5a,2018-06-24
2b257925e49cd73ec3e98ab5eeed690d,5a67a288c4fb57c40eca425c8a20158a,delivered,2017-12-05 19:08:47,2017-12-05 19:30:49,2017-12-06 22:13:31,2017-12-12 02:15:01,2017-12-28,6dc3035e9287f4e0cb29cea550b71a1a,2017-12-05
26ebbef3221e8b51c61400f22bd4956e,8df6ff33bdcef4ec159bcedbbf6d0283,delivered,2017-06-15 21:46:23,2017-06-15 22:03:00,2017-06-21 16:30:11,2017-06-28 12:36:34,2017-07-10,9d5bc7ae708e8876bfb90be1d4f1f7cb,2017-06-15
9ff3f5e7cee88825b32940649a3a2162,33317e517270fa92b2001b0dbdb64362,delivered,2018-07-17 14:20:58,2018-07-19 02:42:42,2018-07-19 13:56:00,2018-07-24 11:46:23,2018-08-14,fc27ae83454914d1fa338583117993ef,2018-07-17
f7ef6a6afaeb05b9f32f440bf4ef732f,5aa439f5f53153b4ba0aca0c5a39fcf6,delivered,2017-09-30 19:28:10,2017-09-30 20:14:17,2017-10-02 17:32:25,2017-10-13 17:33:17,2017-11-06,3872dc3409c953b02afd0feda0b1d812,2017-09-30
881a5cda3b897b035971e3fcfce58aa6,aabb289abf4c3277937c216d0729f36d,canceled,2018-01-31 16:16:21,2018-01-31 16:34:19,2018-02-02 19:04:47,,2018-03-01,3e4bda3508f163eb549f0f146b08ed7f,2018-01-31
46da9ca70ba869541332f73b43acad1e,2ad313a8287a197d9b303c380a6981db,delivered,2018-05-26 12:16:34,2018-05-29 03:15:22,2018-05-29 14:08:00,2018-06-02 16:32:37,2018-06-20,b986b28a12282612297a578e8d0536ef,2018-05-26
a471d7920ba6d0cf639d0d0cf7fff25f,405e4bf2d57bb2ce60e05d522d0b0631,delivered,2017-03-11 19:00:13,2017-03-11 19:00:13,2017-03-13 12:58:30,2017-03-24 12:00:02,2017-04-10,196276c2651ca4783688aa741b72d540,2017-03-11
482e206fff82661add35d3aeab19fd93,22751df9d8e0530108d0997313791666,delivered,2018-07-14 15:26:48,2018-07-17 07:31:30,2018-07-18 15:16:00,2018-07-23 14:26:49,2018-08-01,b4f0bdbb56a54eb5892c623801e9a049,2018-07-14
713e88330db7e1d5390f3268287272b4,8718d4a503631c298cee26422d89442e,delivered,2018-02-25 23:22:45,2018-02-25 23:35:25,2018-02-27 19:26:33,2018-03-05 21:22:18,2018-03-19,591dc0f2de23dca0916a96a86476dc24,2018-02-25
1ea7acde8dacf11a098d0b85b13cdc0e,281fb8b9868caf9889214e5a8d56e271,delivered,2017-10-27 16:21:02,2017-10-27 17:31:13,2017-11-01 00:07:57,2017-11-06 20:17:37,2017-11-22,4e5a10bd8f468ee5acc890961a2b7ce4,2017-10-27
c819d9ce6576bb453e886c2e95aa5697,3af6cebe5d3701bd4f3b5fc04e34acc0,delivered,2017-08-16 14:36:34,2017-08-17 18:05:46,2017-09-15 13:19:52,2017-09-25 20:57:38,2017-10-02,918c2334c6537fd745c6aea1e3fe54f8,2017-08-16
f3d2fb271269ba8f728d079575258095,f868fe1bf45c95f76ed9626126de5f8c,delivered,2018-02-08 13:20:46,2018-02-08 13:35:28,2018-02-09 20:38:58,2018-03-12 22:16:27,2018-03-15,93427465b223bc8292b51bb86077b695,2018-02-08
27a7ac440630f9de788e4d66e72c6424,5679e316d4dc59bd429d5851c36ed6c4,delivered,2017-04-21 21:38:07,2017-04-21 21:50:19,2017-04-25 15:37:33,2017-05-02 14:54:34,2017-05-15,31e53ad1c93542be3d4eed51f677cac0,2017-04-21
f9862e3b43676dc2c34c7293f50c1cb9,d93817496c87018a015b649618dc7b71,delivered,2018-03-03 19:48:56,2018-03-03 20:09:31,2018-03-05 19:51:22,2018-03-20 00:23:36,2018-04-02,8801f29ecc73d133bbff0191a795fc24,2018-03-03
60639cf6e21b03e84ac060960347b628,8c638ad656b786e7a8550ab28c3ad4b2,delivered,2017-08-27 10:21:32,2017-08-27 10:30:15,2017-08-29 11:10:31,2017-09-09 16:17:56,2017-09-19,99c9cd802ed7712af954de561997105d,2017-08-27
84ce3bfa332a0a5e57045f91f6dce21e,bbb9f5a943f8a29dfe08dfa1d45b1415,delivered,2017-07-29 00:23:27,2017-07-29 00:36:52,2017-08-02 19:17:45,2017-08-10 21:27:55,2017-08-21,9861a06ae5688c18743a3645c8d40177,2017-07-29
5f498836a73a6ef414a303556f3f83bb,a5c29c5041ae005b9b27fe575835ef3b,delivered,2018-04-25 21:28:23,2018-04-25 21:51:16,2018-04-27 16:00:00,2018-05-07 22:36:48,2018-05-22,bab54c4c3ab75f52ba0c2ec67d355708,2018-04-25
b2e2410ac54dcb51230fd94aef5bcd2c,04776bfb2aee6d25a15f65b172c0d92c,unavailable,2017-07-31 20:46:54,2017-07-31 21:10:20,,,2017-08-23,ab5c0372450f2b1adae913d65a267f9f,2017-07-31
b66e31de6d25d8b51cc5c4f0535f55bf,0c79d230814815f24c232a4ba3efb445,delivered,2017-12-27 19:51:59,2017-12-27 20:07:19,2018-01-05 17:27:07,2018-01-17 18:32:12,2018-01-30,fdab2167bfe7fa4465798b849eb777bf,2017-12-27
357699224271146ddda4a57375993805,9bdf60de7db54cde7c28804b02fb72b8,processing,2018-01-22 18:14:24,2018-01-22 18:33:56,,,2018-02-22,3797de5ad80619a55a3c0a8a034f5ae6,2018-01-22
f565b5276bd106d6f173c196568826d4,7b6d1cb3dfe690a0b491f784fbd9db64,delivered,2018-07-10 10:42:17,2018-07-12 03:26:14,2018-07-13 14:35:00,2018-08-21 21:41:52,2018-07-20,8929ab973bbb0ecd1863021a1a6029f0,2018-07-10
b6f5d41c260425b5a3d5919bcb1ad8d8,48f33d2f74cd85093145532d5b9b14e9,delivered,2018-01-22 12:01:15,2018-01-23 03:36:51,2018-01-23 23:48:28,2018-01-25 19:02:51,2018-02-14,41b94377e08ae2e71fd3396ee15ce0de,2018-01-22
8d29abe41d9157240194d0210b529771,ed066dda2388fced0086629ab3d0c23f,delivered,2018-02-18 20:55:44,2018-02-18 21:55:26,2018-02-20 00:17:08,2018-02-28 18:38:34,2018-03-15,b619178eb4f697c3283943612910230a,2018-02-18
c1c72f2ef4448fb419f0f87a2d092003,7bab8a4106e1d9feeaae4b19d63857b8,delivered,2018-01-14 16:05:15,2018-01-14 16:17:47,2018-01-15 22:29:42,2018-01-26 18:03:57,2018-02-19,713dce1a59dcbe31feec9b36073fa6ba,2018-01-14
5b16a76486ec63a9f3e0460bebc4f63e,5debccf4a73e7443ca65bdc18b606e86,shipped,2018-03-23 13:06:30,2018-03-23 13:28:22,2018-03-28 15:36:28,,2018-04-20,7f6f8ddf2b64ab5ace690797e89875eb,2018-03-23
69eda667e556fbf004a1c26468e91d35,837d37e337467452b7d2c2068816177a,delivered,2017-12-12 21:11:22,2017-12-12 21:32:32,2017-12-15 23:28:43,2017-12-26 20:09:36,2018-01-11,b51e45b33a49debdfd22dcb3543f453d,2017-12-12
65a0e23dd4d092969ffca27ae31db180,d91a7750133a9d5ec389b604ddcb534b,delivered,2018-04-26 08:19:21,2018-04-27 03:10:29,2018-04-27 14:44:00,2018-05-07 21:49:49,2018-05-30,b06262e8f98cc47f6c04ce5f42dca33f,2018-04-26
9fb6e7ca3a34e0500eb810d98b00b81d,6a9cb951f5f44cb1c5f3f2a34dfe16e8,delivered,2017-01-25 18:22:36,2017-01-25 18:35:18,2017-01-26 14:54:01,2017-02-06 13:12:56,2017-03-14,860052aea27ab400cbe474e6956013fc,2017-01-25
5bc4d0aa53124192dd06058bdf74a6a7,ad1e6270f2b9ecef0068bacaf3357338,delivered,2018-03-09 18:04:09,2018-03-09 19:08:29,2018-03-12 14:51:40,2018-03-21 18:20:37,2018-05-04,b563e67983132284e5f6cde72d2d308f,2018-03-09
c85fe66e2c1cb66a9461604acc956de9,392ce97e67ef1251a2edd3b9f6aa4c32,delivered,2018-04-20 00:33:46,2018-04-20 07:51:23,2018-04-20 21:42:08,2018-04-23 18:38:44,2018-05-08,ac79ea6ea2242f660953c7c97d549a98,2018-04-20
84f5e6c0a0e3155e38c00f434ba90ce8,0cecd74a34f636f301b750123dd4dd3c,delivered,2017-05-06 20:11:11,2017-05-06 20:22:13,2017-05-10 09:47:45,2017-05-17 14:03:42,2017-06-02,06a52782a04f0086d16b9c22d0e29438,2017-05-06
03a11ed94a7381584b86c4968625207b,c5c6a0a05aa9b46c6e725e72a557c00b,delivered,2017-12-21 15:46:46,2017-12-21 15:55:32,2017-12-22 19:08:57,2018-01-03 18:44:04,2018-01-18,3ed2ed22a2a616bd2102cef0a8d9dbe7,2017-12-21
cf7b757fbc81196ad9916c519c092321,967f07926e114ea00b83b7eb86a81aa8,delivered,2018-04-20 11:41:46,2018-04-20 11:55:23,2018-04-20 22:28:26,2018-04-26 22:08:28,2018-05-15,498d439886cc7688715f678c90c7004e,2018-04-20
e84db8af8d16b9c6664ff223557618aa,9ad7c591767cfbf97521cd1a72ff7be4,delivered,2018-05-20 15:32:18,2018-05-20 15:50:19,2018-05-22 13:29:00,2018-06-11 12:32:46,2018-06-19,9c2e4f297a612df6ec78bae6dde64e64,2018-05-20
b382d7235f663379d5eb74493ca12981,f9666dd82bb4775054d1ca54fd32760a,delivered,2018-06-23 07:09:20,2018-06-24 07:16:12,2018-06-25 15:18:00,2018-07-04 21:51:09,2018-08-02,1a99ec6b475ac15e5740d4050153dea9,2018-06-23
2697851a8696a6d7c13a64e8a9bafaab,1572a8eac493953576b6e08ace73594a,delivered,2017-12-18 15:06:30,2017-12-20 11:51:45,2017-12-21 15:27:10,2018-01-05 20:32:50,2018-01-19,1967f29e41f6a2550554ca05b5bf4b52,2017-12-18
b6d9bbae927316b9d3ee6c571e0e2b29,4fd7e58e0d98fa37ecd1fbc0042c67e0,delivered,2017-11-13 22:35:14,2017-11-13 22:50:45,2017-11-20 19:48:57,2017-11-30 00:24:37,2017-12-07,1b1b389ab042036dd481a37ecf903f75,2017-11-13
8b24ac1b82b802b6b9ea3c31435a91ac,fd9e470681250f6e4f164ca3ea31157e,delivered,2018-05-27 16:27:37,2018-05-27 16:55:26,2018-05-28 13:42:00,2018-06-11 14:48:47,2018-07-23,2cb4008d4c505f8c81f8b0d088339f86,2018-05-27
37d771671deec34e8685db30cf503d2d,6bc8bdbe0e04893baa7dc040bc8b15bc,delivered,2017-07-20 17:44:47,2017-07-22 02:25:17,2017-07-24 16:05:48,2017-07-31 19:12:41,2017-08-09,581a00a97ab491d8888bfc8af3247c8c,2017-07-20
1d5d115e7464f3ec6686c8b290973878,9da65d090cc7853012b5f487e658bb97,delivered,2017-06-13 00:03:08,2017-06-14 02:15:46,2017-06-14 13:34:38,2017-06-19 21:47:33,2017-07-04,392f7c62985d3366fe566eb2de44ec46,2017-06-13
c57ae5ddbc1ce170981df1880afd9dd1,1a068512222fdd5c59a9c33578bfcebe,delivered,2018-05-14 17:17:20,2018-05-14 17:30:45,2018-05-18 17:18:00,2018-06-07 18:22:08,2018-05-30,8408a1407d6f4f6e65e2e655f3c31492,2018-05-14
aa1912713ec494655ab9e96900cc3004,83fb8d25e88be5dba999342b595c4ad1,delivered,2018-07-16 09:22:49,2018-07-17 09:31:03,2018-07-19 13:45:00,2018-07-27 12:51:46,2018-08-15,2f0f9b08325cbd71c67260e94b7e9deb,2018-07-16
870a3cfbe4dab0f499a636a9fdeef87d,afb7c64474a22bed93447022809af886,unavailable,2017-10-08 09:22:19,2017-10-08 09:35:28,,,2017-11-01,2b48590aa71b8482605b133a3fa65b59,2017-10-08
4e2a8ecdaf9ce150d44ab12a6ea1c621,6ea3afed1e06ef8068705aac32a1cf9f,delivered,2017-11-24 09:03:59,2017-11-24 09:15:29,2017-11-24 18:03:29,2017-11-27 21:12:32,2017-12-08,3e1ef0f8ac31f525f5d54bc570aaa02b,2017-11-24
69c4fac0dd4defce2f7f1fbf200d25ac,9dd63d86de8d079954d0f8c4cb8a6aff,delivered,2018-07-23 22:36:51,2018-07-25 02:45:17,2018-08-01 15:07:00,2018-08-09 17:18:35,2018-08-22,ad5c2d22aefd6982c12d1f3bb2e3fe79,2018-07-23
071a4b7cb627e6acfcbde9c7ec233893,65e76b6196e163f93011170f498258b6,delivered,2017-06-07 16:32:26,2017-06-07 16:42:30,2017-06-08 15:47:47,2017-06-16 11:07:01,2017-06-30,1dd36a22ab6a96634ddaff1be203eb52,2017-06-07
25d0b5f3b18171a316c74039473013aa,66b908567e8c8d5efc047d3df29ea72b,delivered,2018-06-23 20:30:49,2018-06-26 05:15:16,2018-06-26 15:03:00,2018-06-27 14:46:47,2018-07-05,10c610ac48f0692d8a8208f4ea2bb0a2,2018-06-23
75d5d3d16567a27eefc5752aeb063072,9909994172bb92df37805f2d2442faa1,delivered,2017-05-19 15:41:14,2017-05-20 15:50:07,2017-05-23 13:16:39,2017-05-29 14:13:38,2017-06-12,88ecb91d6d5e47ebdc2129cd046b0935,2017-05-19
1bc1acc1a9efde3aaa00688fc9d33d2a,a4a012ed505920af7e837c4d3e385d34,delivered,2017-05-10 19:40:40,2017-05-10 19:50:15,2017-05-11 10:05:44,2017-05-23 17:19:49,2017-06-01,5c4b7aa014e584d78525c38717510f01,2017-05-10
3020672893fa4aa5b9a077aef902851e,8626e57862a050c15c876163ee417754,delivered,2017-05-15 22:01:21,2017-05-15 22:10:18,2017-05-18 11:20:42,2017-05-24 11:57:33,2017-06-06,418ee6e3b8f19158d67d5039f19783b9,2017-05-15
8beb59392e21af5eb9547ae1a9938d06,bf609b5741f71697f65ce3852c5d2623,canceled,2016-10-08 20:17:50,2016-10-09 14:34:30,2016-10-14 22:45:26,2016-10-19 18:47:43,2016-11-30,f9af3bfab584769f34c314b222d34263,2016-10-08
e160178b51f7ee94f6feb650d7d7bba2,d3fbf13e2d582b82826670a3cdac2fb8,delivered,2018-03-30 20:29:47,2018-03-30 21:15:28,2018-04-03 01:39:47,2018-04-18 20:40:57,2018-05-02,54b247563a5b7bd15dd70870b6ffdc6c,2018-03-30
a539f2112c00901f99400581d41ae0eb,e370a74b55f19bf8ca82b0dfd5b3e396,delivered,2018-06-04 11:35:17,2018-06-04 11:51:23,2018-06-05 07:02:00,2018-06-11 18:52:45,2018-07-24,994f35cccd7d6b7f580cafe87e5d08cf,2018-06-04
2ffc6b5ac3d28600297371ae9a1a960d,009e30667771830117017cf8581b98a5,delivered,2017-09-11 21:44:38,2017-09-13 03:15:19,2017-09-18 21:47:33,2017-09-28 21:39:58,2017-10-06,6a1250106d0de8395377553e4dd2b5fc,2017-09-11
8d32bc48e3a459779502bdd1ee5d2f9d,bc6bb91e85817e9c9eb15e43a2689422,delivered,2017-11-17 19:41:56,2017-11-17 20:10:44,2017-11-20 22:19:51,2017-12-14 02:13:35,2017-12-13,a7f21962ee442ec52c91735038a19d7b,2017-11-17
94a475eca54dd55d7b506fa56a0e1695,7f8d90a7ede6e6e0df5f3dc68510e1de,delivered,2017-10-22 07:27:29,2017-10-22 07:49:11,2017-10-23 23:17:43,2017-10-31 16:03:07,2017-11-14,88b0e78122cb9c9ba7d9048eb23fdf72,2017-10-22
08d19d4c103470970b2f830e48e2d3a2,b419379d557fd4ee484ba77e2603d523,delivered,2017-12-04 15:33:38,2017-12-06 15:31:55,2017-12-08 02:33:45,2017-12-19 20:37:54,2018-01-02,7f36635c84fec36fa263349a7829163e,2017-12-04
b5b9c285b121f832e405d1de17e9db46,8b8d0640fdd20059025e46eb3f6968a8,delivered,2018-08-09 12:38:42,2018-08-09 15:05:13,2018-08-10 12:43:00,2018-08-17 19:26:25,2018-09-05,0d8b40b520a9158a913bf7fc15c82ea0,2018-08-09
5f9f506121fbb5873e965264b8dd76bc,2899a15d86ca65cd24d1fc9a0deaf800,delivered,2018-05-31 11:50:32,2018-06-02 03:11:31,2018-06-04 11:23:00,2018-06-12 21:33:08,2018-07-12,552f083731f3a6cd1febdef2f0e8e44a,2018-05-31
4d87feffe740c5cd3c00ed67233c29dd,8fd9d1d1e2e21f8a83e5e7870f3b358e,delivered,2017-07-31 13:52:12,2017-07-31 14:05:27,2017-08-02 19:58:59,2017-08-09 18:15:07,2017-08-29,33c10edbbbee94340648625b58ad8b6c,2017-07-31
cd8922055a46d1a0f9e987d3a8702178,c55355e7b977437c0e3bd30e169b66c2,delivered,2018-04-26 16:45:12,2018-04-26 17:52:18,2018-04-27 09:11:00,2018-05-10 17:46:43,2018-05-23,ae3874e39dcedb5abcf8ec6c24e51bb8,2018-04-26
68d1af4ddb903ed2dc66559f1d6ccb6d,b268037507b48f744a490734e38f979d,delivered,2018-03-18 14:11:27,2018-03-18 14:28:16,2018-03-19 21:46:32,2018-03-23 20:50:31,2018-04-17,2844d2ba82e6c440d726f35f6e11191d,2018-03-18
3dd189079200a1a247bc4a01d16e7ebb,2f3e2d8073267f019f4b470612a159ac,delivered,2018-03-24 17:52:07,2018-03-24 18:07:59,2018-03-27 01:08:49,2018-04-02 21:38:47,2018-04-23,176d02f8cd5f4b1be1486d07509ee2b9,2018-03-24
53035288acc866ee15423b4293722b46,12ea47b284521261ac272de65bbb3506,delivered,2018-01-19 09:43:55,2018-01-19 09:53:17,2018-01-19 19:06:48,2018-02-08 23:39:28,2018-02-21,b2d586d74e65779de4810d7e17d33a6f,2018-01-19
ce46f08ba784f28bf92d234241303003,a514585df32ebbf46414cb2c506b7392,delivered,2018-01-05 16:24:48,2018-01-05 16:35:30,2018-01-10 00:15:15,2018-01-10 21:08:02,2018-01-24,5b4aa71818edd3af90c3118ff11eaf6f,2018-01-05
ede16745f047fc093b284c4947784851,277b0953a979a9ec5ed390b2dada87d0,delivered,2017-04-20 09:25:24,2017-04-20 09:35:23,2017-04-24 10:27:35,2017-05-03 11:42:08,2017-05-16,0fa1d90ef1f08401cd05e088d9930ca4,2017-04-20
6d07ebee9c7fa9c4749c7265c987bf0a,4bfed7ec90de2a498c6aaaf4ce5e4518,delivered,2017-05-22 09:06:09,2017-05-22 09:22:28,2017-05-25 09:58:30,2017-06-02 17:42:43,2017-06-16,e4cd163f17c45803ed4e0432ea78d10b,2017-05-22
c69fef70b78954f8127bf1940e002ac2,37b1bdc19b2c6a072058169f085d344c,delivered,2017-09-24 17:36:25,2017-09-26 03:35:27,2017-09-27 20:08:18,2017-10-03 19:44:01,2017-10-19,2112a0394549033611b13d8056a1698f,2017-09-24
7477146d0d3adc1305846034436657ec,e4a55eed69fa7e98992be7fdc783a67d,delivered,2018-03-25 18:29:20,2018-03-25 18:48:22,2018-03-26 22:39:07,2018-04-24 20:08:41,2018-04-24,8c339a37cefe5212f730a44ec8e81767,2018-03-25
6dfce09652603d20237e1bc7caf8fd38,7351112249105109b7979df7a2fa2e59,delivered,2018-05-03 08:57:15,2018-05-05 03:33:39,2018-05-08 15:37:00,2018-05-14 11:58:52,2018-05-28,0d73f391122f11e944b57b07632a3b3e,2018-05-03
ebe2d3846c34a8a3acd056896bf32b17,ebf1d81904ce6ff1b68360ba92e5085b,delivered,2017-03-19 22:36:44,2017-03-19 22:36:44,2017-03-20 12:46:13,2017-03-29 12:10:58,2017-04-10,730a79a0ce8ea60bc99b2f20de3254de,2017-03-19
33621dd1b751a02342dc065c32f1c96c,2be14928b31b20bf6788d731a1bae71f,delivered,2018-08-02 19:39:53,2018-08-02 19:50:22,2018-08-14 11:39:00,2018-08-15 20:54:31,2018-08-10,645a04fe8ffc2dc4ad44f194a455cfdf,2018-08-02
0ea7c4f19490b13285f00729f7f9b276,46734ace53678d89eb4c725317503e26,delivered,2018-05-15 17:45:46,2018-05-15 17:55:25,2018-05-16 12:56:00,2018-05-21 17:37:46,2018-06-06,a80153762f273240190493c26154bd87,2018-05-15
a4efbda58af31645539bafc75617196a,6035ab6f7cf530e8bc5d557c4ba1a6a2,delivered,2017-12-11 16:45:58,2017-12-13 16:39:26,2017-12-19 22:17:08,2017-12-22 14:25:17,2018-01-04,a48719101510da79aee51f11b1cd9a82,2017-12-11
d56e764f8fe72cb1656efbbc36d504d1,ec33d3fc0f4da0b41f352f62cbaed8dd,delivered,2018-06-13 08:46:13,2018-06-13 09:15:35,2018-06-18 15:49:00,2018-06-22 21:54:45,2018-07-18,a6affac0f40ec67759b4452a848445a9,2018-06-13
bb7cf7d6dbc99d0fd7bf5c103862d714,8b0c1ccac39f48b8c9394e460e30297d,delivered,2018-04-25 17:17:26,2018-04-25 17:52:34,2018-04-26 13:07:00,2018-05-16 13:32:30,2018-05-22,ccfc40714263ef353cf9704bcf4d84d3,2018-04-25
7ed823f248a9cadcbe22557af49a9be4,8ae2a65f966319256ceb39139a022208,delivered,2018-01-31 15:12:13,2018-01-31 16:00:39,2018-02-01 19:34:36,2018-02-15 19:33:26,2018-03-02,1a4b8bff74c6db98f76b3a0ec45062f8,2018-01-31
49325c2deee76676f1abd4811847e835,c76b22e8e66ca9c990456b48dcd8f64a,delivered,2017-12-06 07:35:30,2017-12-06 07:53:31,2017-12-13 00:57:48,2018-01-10 20:46:47,2018-01-05,fe702f5f24b432afd18e24f53feb9bbe,2017-12-06
0a9290cec2889b113c83f052547448f1,710cca84f93dad4ebbfff1220d409458,delivered,2018-01-06 15:32:11,2018-01-06 15:46:49,2018-01-16 17:18:44,2018-01-17 19:40:53,2018-01-24,14cd2a6afa543e633f7ef344caafbc9c,2018-01-06
9f97d58ef622c6157a17950ab866a5c9,f19b781c401819a9e33140da6fdcf8fa,delivered,2018-03-27 07:30:38,2018-03-27 07:46:50,2018-03-29 02:23:42,2018-04-02 17:52:16,2018-04-13,e0ac4b0e56e5c5572bba260074468013,2018-03-27
b31ee936a88cbd1d2c24a2e61db2c18c,50b2c0862868194601674a9dd330d234,delivered,2018-05-06 20:37:58,2018-05-07 09:56:32,2018-05-09 11:32:00,2018-05-15 16:52:14,2018-06-04,f6160b5a0288386a39be748d232bdcad,2018-05-06
fbacb2717f779ec85691cc7fcec4f1d7,e217d743b426efd03312d4a04d1dedfe,delivered,2018-08-07 22:09:21,2018-08-07 22:25:16,2018-08-22 09:02:00,2018-08-25 00:11:29,2018-08-27,60652323a3edeb46c166db5284202d6d,2018-08-07
aa9b1d8c2b53c8780216ea7c3b88452f,37dab02dba724717bf07e823bcc44742,delivered,2017-04-10 16:44:31,2017-04-10 16:55:19,2017-04-12 16:08:12,2017-05-05 06:27:42,2017-05-08,6874d746fe41f4483251e73539dda86c,2017-04-10
50997e4944fb68c2da4386a8dedbd498,941494ba3e1f131752d61d98c4c0c622,delivered,2018-03-19 13:03:36,2018-03-19 13:49:58,2018-03-20 22:33:36,2018-04-14 12:41:31,2018-04-11,3b17560bbda3f61408c00babc964bf1a,2018-03-19
fdad9ac63eb92d4413a159106156cab1,709e829ebdd2e9ef3155756eebf8469c,delivered,2018-06-19 19:43:24,2018-06-19 20:16:17,2018-06-21 12:03:00,2018-06-30 13:46:28,2018-07-24,b2b8b0a33094a698d88668418271ff14,2018-06-19
3d2f2b0dbc402e2cffef16352788e9e1,e9fcf423a3dc8ffe1035de8904626e86,delivered,2018-08-15 14:02:53,2018-08-16 03:30:19,2018-08-16 20:54:00,2018-08-17 16:41:25,2018-08-23,9208ce69207484b05fdf552ee6c7d297,2018-08-15
430d9c263b0c59e3ce1ad49cb55e0531,ad3be614a606a68a2c27951d9a0530ae,delivered,2017-04-26 13:57:14,2017-04-26 14:10:21,2017-04-27 08:37:32,2017-05-05 15:57:47,2017-05-22,7424e86c21cb1b270c0676a2c51bc136,2017-04-26
894ae039f9d4d37b8b28e3c970326fc4,4d3a8a955c127a274e2b0c612ef213b2,delivered,2018-01-04 20:13:50,2018-01-04 20:31:46,2018-01-06 00:07:45,2018-01-15 14:52:55,2018-02-05,91c1b81fabfca29e69c9e7d5a3805efc,2018-01-04
e1b358b636a10cd4b06cc54a7960656b,5353fde9ed9edb8674d149c924d8e78d,delivered,2017-03-22 01:47:48,2017-03-22 01:47:48,2017-03-22 11:53:36,2017-03-31 08:23:18,2017-04-10,e5398c88a6bf3186c02641771e03dcc1,2017-03-22
7371767ee0b71bfe6d023e7525f3cdec,1ac9a0736234e09e7cd9a9937993de11,delivered,2018-05-09 19:33:23,2018-05-09 19:52:35,2018-05-14 08:37:00,2018-05-19 13:28:50,2018-06-25,8fbed3a01c5bb83fc9bbdf640988246c,2018-05-09
f67f6b887c390a91e5077e54f3fb5823,7c6650dbe201ce4be3cb25392966dc3b,delivered,2018-05-16 21:16:14,2018-05-16 21:35:57,2018-05-17 13:18:00,2018-05-21 21:32:24,2018-05-30,065db70d867514639c1889ea5f6b8ae2,2018-05-16
dcab0edc586a9707944e662c0ce7d3b2,ca1ef3e4889588c88d7fc1f80bc06e05,delivered,2017-10-10 08:10:14,2017-10-10 08:26:23,2017-10-24 17:47:56,2017-10-27 22:16:17,2017-11-14,8b80399e05f96f4f96df8c99714e227c,2017-10-10
356725db39df6e32c250f1b4f1f78d9e,8309c7cc18fb32c9b5678db4f66b6bec,delivered,2018-05-28 19:07:44,2018-05-28 19:29:03,2018-05-30 11:22:00,2018-06-04 18:37:43,2018-06-29,e9795a52cdd61b57683cffdd4fc89074,2018-05-28
ca4670b0ef79d3821a94001e51a0becd,754e43d7f87712e5c6b652f9a02227d3,delivered,2018-03-27 20:05:42,2018-03-28 20:07:32,2018-03-30 00:27:44,2018-04-06 19:47:48,2018-04-19,be9edc2e40c03575199b64fa20e398e9,2018-03-27
6d207818bcd4cc24c3dcda21dc7ceb1f,a712ebf5bf5ad342a5ada632582d477c,delivered,2017-11-09 21:09:16,2017-11-09 21:31:40,2017-11-14 11:54:49,2017-11-24 20:12:08,2017-12-08,9638cc22a57fed145c4f14dd4ad23940,2017-11-09
9698ef73f56e1b499f56bf40ef93b0a0,98f6d35d8cb5a1d8a803cf8d474767a7,delivered,2018-02-02 22:07:28,2018-02-02 22:30:39,2018-02-05 22:56:59,2018-02-10 13:04:05,2018-02-26,80e00a7b9ead7590bf05116f0237c896,2018-02-02
c42e30b51c34dbcb30e27a10e1ab33bd,91b3deacdba9b650ea72228fb725b801,delivered,2017-08-28 08:46:04,2017-08-28 08:55:25,2017-08-28 20:33:50,2017-09-04 19:08:03,2017-09-18,149c19901ddcd1057deaabc003004a12,2017-08-28
d2927bf34d3adc3b878e226b7af91519,d690d2607d75af662854e115e5aaca9c,delivered,2017-12-16 17:33:23,2017-12-16 17:51:19,2017-12-18 18:21:45,2017-12-21 14:53:16,2018-01-12,69768afd389429f6ec48199e5fb8e61a,2017-12-16
9f4dc9b14ebdb349537c57ed4e469c28,86042c8472794b41d03cfe051f3bd9de,delivered,2018-08-15 15:39:02,2018-08-15 15:50:22,2018-08-16 11:48:00,2018-08-21 13:52:44,2018-08-31,e34db2a708052454521174717265adc5,2018-08-15
79cf912a5400bc81afe059c04cb42e29,cf38a9bec793e2d3c5fcf95ff666d925,delivered,2017-09-17 14:21:50,2017-09-17 14:35:12,2017-09-18 20:13:09,2017-09-29 19:45:10,2017-10-17,322c79bc3dc8374b09c634fcc4e338bd,2017-09-17
955d6e7631995ef924924d6ae1144a38,d1ae2693cea4de1a7763a73018e7a6a0,delivered,2017-06-16 08:56:53,2017-06-16 09:05:21,2017-06-26 09:32:09,2017-07-03 15:45:04,2017-07-06,7ce9a02cc6b241bd7f703e630b75525b,2017-06-16
157cdf5ef06664d53e7449d529e2bad1,4d42a6dacf1f5e10081a913a9335c458,delivered,2018-05-16 12:43:42,2018-05-17 17:35:11,2018-05-18 13:58:00,2018-05-22 18:14:37,2018-06-07,f91f07bd1ccd414648823c70a3f0ea6c,2018-05-16
d10e793014e73d34ac716fc8e8b721a2,e60ec15a7023a30e9edf3b9af2c7d0a4,delivered,2017-07-12 21:43:49,2017-07-12 21:55:15,2017-07-14 20:49:31,2017-07-26 20:45:33,2017-08-03,1b51e96350d407160fd2d2449c59ecf8,2017-07-12
638fa07954d987db6c7cc971c365eca5,bb6d19b76e0f5f72f87d72c33ade1136,delivered,2018-02-20 23:02:50,2018-02-20 23:15:30,2018-02-23 23:11:58,2018-03-02 15:09:05,2018-03-19,5bad02ee81a2002eb3b5b84d32bfc15f,2018-02-20
e0e47d80d9dc5f2b0ca6ce6427733c35,d6674bee6e13d7654aea0261d0054fb2,delivered,2017-07-03 11:07:28,2017-07-05 02:55:27,2017-07-06 13:06:50,2017-07-07 15:05:52,2017-07-14,6ea4ac2e1819008bf42851bd9fb9ea09,2017-07-03
08c30c203ecbdda69311c1dba85abfa6,b780a7d8b32ede7bd4edd751c7765172,delivered,2018-02-05 18:54:26,2018-02-05 19:10:35,2018-02-07 00:15:41,2018-03-08 22:28:23,2018-03-05,41870f4536c0b2734b7f5eac01b7fc54,2018-02-05
2e82d5a49fc8bc6fd1676b727079b7c8,312717df001c44ebdb42e350eb3d20b9,delivered,2017-08-23 12:56:01,2017-08-23 13:06:27,2017-08-23 20:09:33,2017-08-28 19:32:00,2017-09-15,08b4c336c9d41a15dfd9259c6ad8c93c,2017-08-23
060653209bfa61cf4b308a00e3861875,a0d86b4a22f02ed0ade308b69e91bc89,delivered,2018-05-28 23:18:32,2018-05-28 23:30:14,2018-05-29 12:29:00,2018-06-12 22:12:01,2018-07-11,b89ecab6b0fc4a02fbdf36fd2839e3a6,2018-05-28
d822122b00c0dbaddd3694846fdc262c,f8b93f98fb0526f8f7734cc352eee0fc,delivered,2018-08-20 19:58:51,2018-08-20 20:10:27,2018-08-22 08:52:00,2018-08-27 18:58:30,2018-08-30,9e66b89a58cb299d58bca3a8018476a6,2018-08-20
ff229c2bb720b61c11d51e0249799aba,9130678dfc845aa2faa851e82cf45b83,delivered,2017-10-28 20:49:40,2017-10-28 21:10:07,2017-10-31 15:17:33,2017-11-07 21:11:41,2017-12-07,a75dd89fc517f31bf5e3854155d78fdb,2017-10-28
010fadb12341d8253d920362fc8f7a16,135bbed7ce32647898c18ba5907cb80a,delivered,2018-02-09 17:28:05,2018-02-09 17:35:37,2018-02-21 21:13:10,2018-03-05 23:49:02,2018-03-06,de15baf007da0ecdb27570fb46fddef9,2018-02-09
b7c400fbb50b45a369d320a0b1dc3040,8e629a5723d765dc730dca02216d0ebe,delivered,2017-11-01 14:43:54,2017-11-01 14:55:16,2017-11-03 21:28:18,2017-11-11 17:51:35,2017-11-27,e4f70444be096c3988db17b185baa29b,2017-11-01
768fa69faa8e49e877dd1612013472f6,ffa9419903b6e1ed6f0692ab2695de94,delivered,2017-12-07 20:52:55,2017-12-08 02:54:10,2017-12-15 18:13:45,2017-12-22 20:37:42,2018-01-08,85b5952062ed4d7e6447f7493de43548,2017-12-07
474871bbd62988ab38f2d15c093f3233,73dc166bf11b159b151dfe72a96dace9,delivered,2017-07-05 14:38:05,2017-07-05 17:39:51,2017-07-07 15:11:25,2017-07-10 12:56:26,2017-07-18,e5cff2445bfad667574341f4817e3a3a,2017-07-05
cb4e5fca9b25bcc00d9d7d7ba9f4eac3,c8f0cf5704e76a3b2cab1e1cc12cbdf2,delivered,2017-11-24 20:59:56,2017-11-24 23:56:54,2017-11-27 18:23:22,2017-12-05 19:43:34,2017-12-18,208913894f903ccd55056a8343488333,2017-11-24
d12824c34f6e0552f57e8d8821242084,6cc7634e5230927a764a9047700c9bba,delivered,2017-01-25 22:54:18,2017-01-26 00:35:25,2017-01-26 12:04:05,2017-02-01 11:32:57,2017-03-06,648f4c0ea8f7710f2b99375dcb1707ca,2017-01-25
fd042392e06a76d51f027c8659ff6815,798a392e3a33f98aae3037e1c5ad78d5,delivered,2018-03-27 09:49:57,2018-03-27 10:07:15,2018-04-02 18:58:36,2018-04-05 14:56:47,2018-04-23,b54e8c6e4f1176084618d9b6d29b6b5c,2018-03-27
da30a0f292c1564f3957b348353eb52b,1301c6bcbf5a72a743d8919124e605dc,delivered,2017-09-01 08:46:26,2017-09-02 11:55:21,2017-09-04 17:30:21,2017-09-14 18:30:07,2017-09-26,66179a6544629c0f3465898fd7db792f,2017-09-01
cf48dd7cb04dee070d71d4804cac6272,1ce48e2220cceaec2d73107d3deafc55,delivered,2017-09-11 16:48:06,2017-09-11 18:04:49,2017-09-12 19:22:20,2017-09-24 12:29:54,2017-10-02,2db03deff30a590441f2e5f5175797b8,2017-09-11
939285ea068d5f0ca82bb30d91ece26d,bf0f0b6a9c9b8335298ce8b0de9aba71,delivered,2018-03-17 20:29:57,2018-03-17 20:50:40,2018-03-20 13:42:40,2018-03-29 00:51:31,2018-04-05,d2e42523131015421c8d83220ea9ae4e,2018-03-17
dcc07c60d0b67d006e3b736ed1c75e69,27563bf5129789dbb7d729bf7721ff0a,delivered,2017-10-13 20:18:26,2017-10-13 20:28:19,2017-10-16 20:34:05,2017-11-18 15:56:33,2017-11-06,e25eebddc34e662284c0af8f3be94ee7,2017-10-13
b3bdefda94bff94d51ca243ace24aa45,73e7457b5cf5402e5049b33846da545b,delivered,2017-11-24 22:47:54,2017-11-25 01:13:52,2017-12-01 22:47:54,2017-12-11 16:38:53,2017-12-14,c8a01fb0f131793706dfc2388e6456cb,2017-11-24
0dfba10b17bfeb85f083652263d258ee,efcec2d45a82de3621e2867afcd94561,delivered,2017-12-14 21:32:46,2017-12-16 02:51:30,2017-12-21 20:33:16,2018-01-05 19:49:36,2018-01-09,d09287e3336e8a2497bb3a39d38513cf,2017-12-14
6abcaedd175c7aa362cb758f3f728053,346564320ecd94d8ef5ba883774304b7,delivered,2017-08-08 18:35:02,2017-08-08 18:50:19,2017-08-09 19:15:11,2017-08-16 19:43:43,2017-09-01,4e6703b1d9d680eff81fcfd48f5d1d68,2017-08-08
a303f65e39cc18fa50d33767fd278543,4f9aedfef4f40b043edf00b2556cb1ee,delivered,2017-02-13 14:28:35,2017-02-13 14:43:02,2017-02-14 08:30:22,2017-03-07 06:52:26,2017-03-10,08c1b64fbaaeffe33ffb68f2629effac,2017-02-13
c4f4ee4a762d4a787e43c9b8eecaf3f6,3955e9bd50f72fbd4168cae28cbe8a28,delivered,2017-12-01 21:26:27,2017-12-05 04:13:59,2017-12-05 16:34:51,2017-12-19 21:52:14,2018-01-03,c2f003b20b6c9473154ef8c7bdced5d2,2017-12-01
3981758e39dcdca8ccad652405af0974,b0daafe7a7f8cd393321fdb6f391e41f,delivered,2017-03-02 22:09:49,2017-03-02 22:22:15,2017-03-06 15:32:26,2017-03-08 10:27:41,2017-03-21,4c7131b6f8081f1fabb06d2f532d2743,2017-03-02
d2b0e9ad3eb702103a07a98fb24ef49c,3e85b5da17c2db572111e477730e5179,delivered,2017-12-13 17:12:13,2017-12-13 17:31:27,2017-12-15 17:04:39,2017-12-19 19:42:36,2018-01-02,6e90b8bc3398f3bec616203e99bb969a,2017-12-13
d4e8d3bb5e3673ed68ac154fe86de946,63155d2512ff588adce41f3fb43f6a6d,delivered,2017-10-24 11:15:05,2017-10-24 11:29:30,2017-10-26 20:52:47,2017-11-03 18:57:44,2017-11-29,f55304849386dd15f067691bd606d75a,2017-10-24
078f6e79012194cd9eb77b10f6753d77,07e01746e8b90bfb4cab6ef323d33ab2,delivered,2018-08-05 15:07:09,2018-08-05 15:15:15,2018-08-07 12:47:00,2018-08-09 20:18:49,2018-08-24,1b4f9a1919551dbf3bb3d0151557ad73,2018-08-05
30433431f5393fe9934458f0f02e04e8,d987c893b8289f93fe16dc44e8410eaa,delivered,2018-03-21 16:18:04,2018-03-23 02:27:43,2018-03-23 19:57:44,2018-03-28 15:35:02,2018-04-03,804a9029cb64df6f7fafb8c1280401f0,2018-03-21
a9433e2f724570bead3613996a8857f7,002fb8fc5ce64f8422fa2fe79986c783,delivered,2017-11-26 23:15:12,2017-11-26 23:32:44,2017-11-29 18:10:05,2017-11-30 22:05:20,2017-12-11,c209709f857255c80d07a0be8c630b0d,2017-11-26
3c01e6d17f8090499836aa8841c2c587,f4a2e155eff15f4fd20947ab24b86cc1,delivered,2017-03-29 11:10:35,2017-03-29 11:22:31,2017-03-30 16:34:36,2017-04-05 13:38:00,2017-05-04,30260bec6bfe6eacffa19e1ae6b7adbd,2017-03-29
a7ce5e5684c181d2989559f9d54119dc,e2570e11a6faf5b6d2c16d1749fcbb39,delivered,2018-05-06 10:19:10,2018-05-06 10:30:29,2018-05-07 13:31:00,2018-05-17 22:27:36,2018-05-29,117ef2545470f2d94a9caacbe2120347,2018-05-06
2d26e963bdb342dbdae1fad7ad2ea511,d02dd1824902a30960455283214432b0,delivered,2018-08-14 12:35:00,2018-08-14 12:50:18,2018-08-14 12:23:00,2018-08-21 19:18:51,2018-08-27,e839a76df26cb5363c65e76beb9847e1,2018-08-14
50095280c67784024321b92405711172,43a9d2a398e6cc3fb4e10a766d0458e5,delivered,2017-06-12 11:43:39,2017-06-12 13:06:45,2017-06-12 14:04:20,2017-06-21 16:13:06,2017-07-11,d885651bcb6f18086efa2639cad39629,2017-06-12
8328f0c360b46dfb1b46a1e9825c7fc1,5c07b546af2a42f6928364333d76b067,delivered,2017-10-26 13:36:21,2017-10-26 13:50:01,2017-10-26 22:03:50,2017-11-09 17:56:50,2017-11-24,221c3292d151e7301d985ea6f605cd22,2017-10-26
e10784ce2ff19f0a34f8b748efac518a,1b19988b0ffce8dbf14f2b435900108a,delivered,2017-09-11 22:02:23,2017-09-11 22:15:15,2017-09-12 20:17:31,2017-09-28 19:55:21,2017-10-05,9a8b090e79f7b1e06088a608d69c2111,2017-09-11
de0e984a881ce75f0f313038b3b3bda0,910c45960d27ad2fb3194086b0fd5ef4,delivered,2017-12-01 15:24:47,2017-12-01 15:34:25,2017-12-06 00:56:29,2017-12-11 20:34:05,2017-12-19,0bd8244133096b90feb71dcb6e496ae8,2017-12-01
c830cc216aadfbfc979193cf372cae2d,9bbbd8b1e256e236f1d77b4fc5f4a17d,delivered,2017-08-09 15:02:38,2017-08-09 15:15:09,2017-08-14 15:47:49,2017-08-18 19:23:03,2017-08-29,6628b7edac9b0cedad21d9be3b179ba0,2017-08-09
a55e31edbee6ade731e6ab84a7a9438c,2cfd59e81258af0f2df1cc80b3e7b5ad,delivered,2017-09-28 09:15:13,2017-09-28 09:28:12,2017-10-05 19:44:59,2017-10-06 20:12:49,2017-10-23,5be503e38e533742b939bdcb421ef385,2017-09-28
240bcc288ac170fb535833fdde280ed4,04db714126e894b75fbfb664a136a497,delivered,2018-08-21 16:50:05,2018-08-21 17:08:39,2018-08-22 14:50:00,2018-08-25 11:18:34,2018-08-28,95925cca0fef7730a06810c4e852ce5e,2018-08-21
c1872cd219ab83c3a9a63cdc2f75a518,04750bd159f6ee54d7ad858b8887128f,delivered,2018-07-23 14:39:58,2018-07-23 16:00:42,2018-07-26 13:26:00,2018-08-03 19:12:23,2018-08-13,bfcc6bd0edfda4e6c7926e6c5924ec3d,2018-07-23
31b2fdf38a3bfdf9a67d997242c65ed8,fdfc52a03c18d8cef9aa5e39e9f18217,delivered,2018-02-12 12:07:43,2018-02-12 12:28:06,2018-02-14 22:22:54,2018-03-08 15:59:31,2018-03-08,e6df49d59361c5f3ae92c0053feaad59,2018-02-12
ce338e075a36068051ecff6802ab64ef,10276990ddd572aebd466ac9e10b08c6,delivered,2018-05-09 11:31:26,2018-05-09 11:51:17,2018-05-10 12:39:00,2018-05-11 19:02:19,2018-05-18,ed64cf9aa7a7028f4a7ba14dbc08de41,2018-05-09
485914ef00e7380b8bdb51abfde51863,dcbe0f17d2d379152bb4bee559af0f97,delivered,2018-03-15 17:28:03,2018-03-15 17:50:49,2018-03-16 20:05:07,2018-03-20 18:47:19,2018-03-27,707fcf9765f65a6f84dbc5acb1d5f7ad,2018-03-15
4600963d4b12ee01d7393b723a34516f,c4323ed2364aa7cc92db81c5fea0007a,delivered,2018-01-24 00:23:02,2018-01-24 00:35:35,2018-01-25 16:52:59,2018-01-30 00:51:39,2018-02-08,196fb9c6acb3d8e681f6691d596a21fb,2018-01-24
ff67a8af06a0fd9a0493480efccf9bda,3f2453371a3c5ba06c3f468aeecb5c70,delivered,2017-09-13 10:45:29,2017-09-13 11:35:16,2017-09-14 18:59:33,2017-09-25 21:59:41,2017-10-05,b5a5813998234eb8b624435640e3fec1,2017-09-13
7af70833de99c5d7aaa2e6b76f1cb21c,ac4ff3afd60f2218b814a3d29582f313,delivered,2018-06-12 14:29:38,2018-06-13 02:18:48,2018-06-13 15:15:00,2018-06-22 20:33:57,2018-07-12,35ed1ec9fe1142dcf104748073c6fdbc,2018-06-12
01b4dfef1c8848e8c0431ce17f5f72ea,1ba23b73f82990c2de74ebf5a28838b8,delivered,2018-08-04 13:58:22,2018-08-04 14:10:16,2018-08-07 14:53:00,2018-08-16 18:38:36,2018-08-23,2683999c7b3dc785684105f447db1f6a,2018-08-04
0ee0bf166bf18f991a111ecfe817c951,0c74ae4dc7cfc64d2850f5c612bf9411,delivered,2017-03-11 07:26:17,2017-03-11 07:26:17,2017-03-13 09:35:05,2017-03-20 10:58:28,2017-04-03,a0aca7b3db05546e683192165316eff7,2017-03-11
587a39d6ab7297ee16b3d5ebdaa0f776,69ed85715d3bff3b648ef923daed0056,canceled,2017-01-11 18:32:24,2017-01-11 18:45:23,,,2017-02-21,29f7c5991de58cbc11aaf2f023cf28c6,2017-01-11
08c72944eaad657c973c51fba479d655,d037da3652b6055f3334ce9e9bdaad01,delivered,2018-06-06 14:22:34,2018-06-07 02:35:21,2018-06-08 13:49:00,2018-06-19 21:04:06,2018-07-18,fb4066be70ca3889392cd6d718fc5078,2018-06-06
7f9fc8aa08f1a4a7f9ee303ad5c6a22d,abc20b5351a51ecd2d4ee21f374e53cb,delivered,2017-12-23 21:27:48,2017-12-23 21:37:34,2017-12-28 18:37:41,2018-01-16 19:52:13,2018-01-19,80529a00ddbcecac077c8991a832ad88,2017-12-23
e5db5ce380f52125b3748bf78fdc7971,16d7166c22587cf0e485684ebf444c49,delivered,2017-07-15 11:13:09,2017-07-15 11:25:21,2017-07-17 18:24:53,2017-07-28 18:16:25,2017-08-08,29c35f5d358a3c39cdafa48c1a947cbc,2017-07-15
dc03f474e6aa58b6f44b644ebc988d49,86b2f5f050ab62aca0e610712f13a54a,delivered,2018-06-11 16:45:25,2018-06-11 17:19:49,2018-06-12 15:06:00,2018-06-13 19:04:33,2018-06-20,5ab8765a80d569300c437a9a4537d251,2018-06-11
7a10425bd53603cfa8f0a9d68b6aeb6e,4167431bb838ed4cf71b635e0f118b6d,delivered,2017-12-17 12:45:48,2017-12-17 12:55:37,2017-12-19 16:22:41,2017-12-21 18:43:23,2018-01-05,d0b6b7017e4c599bbfafb1f4a2a6a2fa,2017-12-17
47c29eebd9fb0e4d67c674f78e396be4,2106bd665826da836965bbcb2f5f1243,delivered,2017-11-03 20:50:46,2017-11-03 21:10:22,2017-11-09 16:12:39,2017-11-15 13:58:41,2017-11-23,d1690fc33a52a1ffdc2ecde9ee88d7c9,2017-11-03
4cab646fdec6d36f60c2febb8a595b8e,277d5d2668f2e1413803830255aea28f,delivered,2018-01-23 10:32:07,2018-01-23 10:59:12,2018-02-15 20:55:01,2018-03-05 18:21:51,2018-02-16,09828ca58472c5bbf68fb4bf44cf0b5f,2018-01-23
6069d670a99ff4a072176b1061fb5bdc,fed0deb0907fca94424965a141873c39,delivered,2018-05-20 15:23:41,2018-05-20 15:39:17,2018-05-21 16:13:00,2018-06-06 20:08:40,2018-06-07,5469283b0d7eeb7ff996a1bcaf3ce51e,2018-05-20
933b44007775d08defe992a330429cbb,3d9c22a39fee392194612db64a489ad9,delivered,2018-03-19 09:46:20,2018-03-20 09:48:13,2018-03-23 15:22:57,2018-04-05 17:05:05,2018-04-20,05ef855308303397f1427f29470bb6ab,2018-03-19
cd5343ffb012a7157ddbcf5720100c01,c6ae270b58b4692321a73aa741d183af,delivered,2018-08-26 12:38:57,2018-08-26 12:50:18,2018-08-27 14:18:00,2018-08-30 14:38:54,2018-09-11,4d7b6c39aa3c7b53acb8058e4094a593,2018-08-26
664411dc25ffd21164cc72805f249313,471f625b14c432a5c0944bc2cba5aef9,delivered,2017-10-04 00:43:21,2017-10-04 01:01:59,2017-10-04 15:37:36,2017-10-13 23:05:42,2017-10-26,1dff60947ba05acddc2703b32bb118d6,2017-10-04
73ab919f6023d8c8a68fb70d0b08a28b,7911c4a4ae2d5749ce6f3e40fbdeb5e5,delivered,2018-08-02 15:07:15,2018-08-02 15:24:03,2018-08-07 14:32:00,2018-08-15 15:21:47,2018-08-28,20802dd4d187913c6d5b2b8f605bb817,2018-08-02
84521dd5e0868005d249eb084742a127,bb5d58576b061cb88c8de69676bb7d8a,delivered,2017-11-14 08:32:35,2017-11-14 08:46:25,2017-11-16 13:58:47,2017-12-03 11:26:31,2017-12-05,7cf613c023176a33d36c5b2de7ec8ef3,2017-11-14
1c39bf040d6c444d6b306bae83f9f49e,c358851c04b7a8a4d1940b1f3a316dbc,delivered,2018-03-25 00:35:24,2018-03-27 03:50:38,2018-03-28 00:13:31,2018-04-25 18:28:38,2018-04-19,ac9b75702a29fecffab5f975e5f0a630,2018-03-25
bd4e7bc5d050cfab04d0b18702b654d7,57020ab4930fda0c90292f4c4d7b6d25,delivered,2018-03-29 12:52:04,2018-03-29 13:07:33,2018-04-02 15:52:10,2018-04-13 13:28:30,2018-04-20,28ca7886dcc1eca0abce985024b29b4b,2018-03-29
7923b147e6c1c8ffca005ad49e4a4c5b,02eb2cb944f2c276dd99a325eb741cdd,delivered,2018-04-26 17:31:51,2018-04-26 17:52:26,2018-04-27 10:39:00,2018-05-08 23:38:46,2018-05-24,111ef6f75d611570a0be3f092ec1378c,2018-04-26
84ca1ce0b502782387a2afcd5a8e9356,52a893aacffbc06f9c3016e3664c745b,delivered,2018-03-02 13:08:30,2018-03-03 02:51:11,2018-03-06 01:52:46,2018-03-16 17:51:59,2018-03-20,14016c4d7be528f22d08f343f2e08219,2018-03-02
dafa99d3aad16f19a8309819438cf7db,83e13b29bbe822b83e6584f42be5b07f,delivered,2017-06-03 23:32:38,2017-06-03 23:42:28,2017-06-06 10:23:54,2017-06-09 17:14:18,2017-06-28,9ffc453c57b9d9e1100157367d502726,2017-06-03
681c2cfadee8433325e2fbab33593cd3,b2bccc82326a6f4bc22b66371c027d60,delivered,2017-04-01 15:08:20,2017-04-01 15:22:24,2017-04-05 09:48:15,2017-04-20 10:08:12,2017-04-24,a298cb329fd2b41fbb02a0e66a7c27ef,2017-04-01
71bd2fa6e6df2e5082610ae574d0b86b,86de79290dd6beb224550a677078e61a,delivered,2017-07-22 21:42:47,2017-07-22 21:50:16,2017-07-26 03:23:32,2017-07-28 18:55:09,2017-08-15,185a86a2dd9471ab2730bfadf29a7abe,2017-07-22
e219372f6da65b22dd2e19af454261bb,5108304959a328833aaeffce6203747e,delivered,2017-12-23 16:34:29,2017-12-24 16:29:17,2017-12-27 19:35:42,2018-02-02 21:15:10,2018-01-19,9fb01210be3f425e154cf19d8fdcafc1,2017-12-23
e4175c48cab7af2bed0f9d9001f006af,6506edb17b5013a8f83112e5b76ec0e9,delivered,2018-05-15 18:55:23,2018-05-15 19:12:44,2018-05-17 14:45:00,2018-05-18 19:03:02,2018-05-24,7ebdbdb58c8897d6f84dba51360f6a62,2018-05-15
a2123f20edeb61246582bd593243e72c,201bf1399b34d7882aba824e7fcd79e6,delivered,2017-08-14 12:24:03,2017-08-14 13:05:14,2017-08-15 17:52:37,2017-08-28 19:00:15,2017-09-01,8ba5ac27c02fd729700bc702c3912422,2017-08-14
364ea3582bbe134bec58a6e192aa6390,f877c69fd193f8751c04f0fb24bfcdaf,delivered,2018-06-22 10:33:45,2018-06-26 05:37:14,2018-06-26 17:14:00,2018-06-30 11:11:48,2018-07-19,2155332110df74d70f8781ced4fa1ec4,2018-06-22
a824d8daf564c79aa91695c4126d0a06,0571f7b90c34aa2014e05f5742761b6e,delivered,2017-07-10 08:43:10,2017-07-11 04:15:20,2017-07-14 20:07:47,2017-07-31 20:26:02,2017-08-03,4f0796abcd4916b6e64ad5bf769de883,2017-07-10
5ea01f5660c8d089b604b2d1ddaab334,6a6080efe1fe4bd44070465cb7375c5c,delivered,2017-08-14 18:20:04,2017-08-15 03:55:22,2017-08-15 18:10:43,2017-08-16 16:38:45,2017-08-25,4b3509f1f2830343367b55d02e003b8e,2017-08-14
7a627462a30fe10f41a14f7f84bd4171,1dc95fe76c27015a96c7965850177230,shipped,2018-04-19 15:32:13,2018-04-20 07:32:03,2018-04-25 09:55:00,,2018-05-15,e42391366b9c515a5c820d9c143ed429,2018-04-19
e2b99663c1c172f743e86cd9b29b96fc,8212e78cced469979b64d5ae33585470,delivered,2018-04-24 21:04:43,2018-04-26 03:51:42,2018-05-02 15:11:00,2018-05-22 19:36:31,2018-05-23,433da2a65199263e92acbf05f38b2445,2018-04-24
ca4e4f1d5628ad06990d771aef8b9c44,b007cab338800fa8d6fd169d12100343,delivered,2018-04-23 19:43:55,2018-04-24 17:22:56,2018-04-24 18:58:00,2018-04-30 14:35:30,2018-05-25,a7e64935085e0648deee205f6cabf323,2018-04-23
62c8cabbf08ca09f4141500d262a269f,dd1fe8aa6b0a4e2f807d85340113f9c9,delivered,2018-01-12 13:21:34,2018-01-12 13:33:27,2018-01-17 22:19:31,2018-01-22 13:37:44,2018-02-06,bef0e940756e81186c0127ed9adeac74,2018-01-12
54369f1e37831273ce26f463ca306881,30ec61f9cd0da982b4905051e0faa785,delivered,2017-11-30 13:33:22,2017-11-30 14:38:21,2017-12-07 11:55:45,2017-12-13 19:59:47,2017-12-22,5b3619dbe8789d4d059f8e5725d77a13,2017-11-30
b6e50b69ddbd5210737d0c881056771d,2e72ee00f14fde45636abbdc4f3b08cf,delivered,2018-07-23 17:40:13,2018-07-24 10:31:27,2018-07-25 15:09:00,2018-07-31 01:56:35,2018-08-16,b7ffb665ff10cf09ed37bf18682a9f5a,2018-07-23
fa98b69fc0f7e0d07b0f1a54cd42ebfb,97cf93f1a7996669346c33146a8c5acd,delivered,2018-07-04 09:21:08,2018-07-05 16:13:19,2018-07-04 12:19:00,2018-07-07 14:03:57,2018-07-26,903500741674feaa683f777863b8565a,2018-07-04
7a5f69256be6f46a920fd29453aecd15,ae6a700eaa60e0dcc1165f90e391a8ae,delivered,2018-01-13 21:12:44,2018-01-13 21:29:40,2018-01-15 13:48:21,2018-01-23 22:37:41,2018-02-19,e567d742c4bcefa278fdeb018074f155,2018-01-13
3464107c541f0583d599cc7d335cb9c7,3393bd1427bf03f06c6920825a192337,delivered,2017-04-25 23:34:07,2017-04-27 13:33:18,2017-04-27 11:53:10,2017-05-12 15:24:45,2017-05-12,6406900bd672531a574723c352ef944f,2017-04-25
74c766653bb08b7e5e2d66388adb406b,57209ea26353a908b799bd553103dc6d,delivered,2017-11-24 21:28:32,2017-11-25 00:21:40,2017-12-05 13:52:59,2017-12-16 01:44:50,2017-12-27,e53ee06537ba3d5945e6d41375f0225c,2017-11-24
beff38e75b4e29421672a5a3a531bf28,a574e0d61e058f387df22f819b98c931,delivered,2018-01-29 15:46:48,2018-01-29 16:10:48,2018-01-31 19:48:34,2018-02-09 19:39:01,2018-03-02,af0ebbae13f308394b2fcf4e4a8b7c38,2018-01-29
f9022d41bd1362ddd75ad882b31304cd,685e99880da8c8ff3f6d6078681c7b46,delivered,2017-11-23 08:53:23,2017-11-28 11:58:38,2017-11-29 16:39:04,2017-12-08 20:08:57,2017-12-11,6f0439326aafc4f70f3a90c62e059290,2017-11-23
f39a14ab481180abf02f9b79bacb5b78,46dd1c965a3df32d5d760106ecc02afc,delivered,2018-01-03 15:05:35,2018-01-03 15:16:34,2018-01-08 17:47:12,2018-01-09 20:44:13,2018-01-19,611ec4b5acd5f2b7ada09c9e188b695f,2018-01-03
6fefe7f276220450fc08b7c974e21fb7,c9062728d2f9e245f3945d071434755d,delivered,2018-07-08 18:27:36,2018-07-08 18:45:18,2018-07-10 15:23:00,2018-07-11 18:32:48,2018-07-19,557178c8b75b68502d9b59e09d09db8b,2018-07-08
1779a7a77ac96ef5beebc0e30b9243cb,3908618aced0fee488ae029c752415f0,delivered,2018-02-04 19:17:19,2018-02-04 19:30:21,2018-02-05 19:42:00,2018-02-19 19:43:05,2018-03-13,e24b5c475b2598b7fcd7b55457273712,2018-02-04
e1d6a83cd8b98c4eb29f2bb0f5a07138,766f0c0455e84a2e4f8b2bb5146da1dd,delivered,2018-01-14 17:07:32,2018-01-14 17:17:39,2018-01-18 15:49:09,2018-01-19 14:23:17,2018-02-05,c42ff663847c9b63620e0cb9e4348684,2018-01-14
ca2e903694060ebba7122c9c4c7087db,d311c628443ba6c53505941a0e1b183b,delivered,2017-08-15 13:42:29,2017-08-15 14:30:15,2017-08-17 13:03:34,2017-08-24 15:14:54,2017-09-04,14afe9d03d873d13efc3f5838bcf635f,2017-08-15
ccb6a32d73d67e9bc5000d01bf776b52,1bf99cf832342c829e425a2c1a0848fb,delivered,2018-02-01 14:59:44,2018-02-02 02:54:24,2018-02-08 23:25:43,2018-02-14 21:40:02,2018-02-23,84ba85d792b2744be79a7e535724a9c3,2018-02-01
13367e74393271c3cc6d4e43540ef547,ac68fcce5f4ce4464d340e620f7808eb,delivered,2017-12-17 08:26:41,2017-12-17 08:33:35,2017-12-18 23:21:53,2017-12-21 16:07:39,2018-01-11,77edac68584602ba53aa7b9426643623,2017-12-17
8333c49adbe3515e032c472789e8201e,5de2b0c34e38970be54f630328573ffd,delivered,2018-08-15 19:12:20,2018-08-15 19:25:12,2018-08-20 12:28:00,2018-08-24 17:04:23,2018-09-12,a94620256fe489d233badf3a8e492781,2018-08-15
7c070f202157d1ea06a594ce4ca7f0e0,fe10ffd8e45212b501b6f0753ef1e930,delivered,2017-09-07 19:56:05,2017-09-07 20:10:20,2017-09-11 15:00:09,2017-09-12 17:34:06,2017-09-20,1f6b5e8bdb35c6c1c6f4611cf5bf1247,2017-09-07
9781e29fd25f44bdbbace82bef3dcd8d,2e7db15a94eecd7e624bc265133605fb,delivered,2017-06-27 11:07:39,2017-06-27 11:45:43,2017-06-27 17:27:50,2017-07-06 15:07:38,2017-07-10,b1c56d60934f1f0ea656c0b475d865cd,2017-06-27
c37cb17f3802e061e745a83732cb1503,ab8f2b129e54dcdcd7b472dfd41f4712,delivered,2018-05-05 15:59:52,2018-05-05 16:13:44,2018-05-07 15:40:00,2018-05-08 20:37:44,2018-05-18,b37c8b47a52b54d374678d4703a05ab9,2018-05-05
3ba7bbd7b7686df219611578ece6918c,f3dfadecc341dcdcb6c252a55192041c,delivered,2018-06-23 08:11:51,2018-06-23 08:35:04,2018-06-26 14:30:00,2018-06-27 19:51:00,2018-07-13,0e36bd42725ec605aaddcfd429bab80a,2018-06-23
d3a0f468db524dedfb22ab7ef248b16f,839490da81c03456fbeec08f5451522d,delivered,2017-11-12 12:24:07,2017-11-14 03:36:16,2017-11-16 22:09:31,2017-12-03 14:22:00,2017-12-05,2c359c1f6018a4df4529036d3d34a96a,2017-11-12
92067448c4d19cbdc8e0f8dd683e63b8,6c95355bb9260a9b0abbe3e226bd7a16,delivered,2018-05-03 22:41:07,2018-05-03 22:55:14,2018-05-07 09:17:00,2018-05-10 20:42:42,2018-05-23,229eb22d6cd2e70148026fe758adf054,2018-05-03
85eb5489e874a057b18c8b01ef44d1e5,fd37618b280487ff41f7d9d62cb35552,delivered,2017-06-27 20:38:43,2017-06-29 02:50:31,2017-06-30 17:08:51,2017-07-17 20:42:22,2017-07-25,dfc012fa53c40e8c2cc21d79d46741fb,2017-06-27
f1cefe8e64d1771be13b8fd8360385e3,11ab17e4c92e820e3f148f8d420736b3,delivered,2017-06-01 08:51:21,2017-06-01 09:05:18,2017-06-01 12:32:26,2017-06-02 13:15:12,2017-06-14,a3714f108a1502cb543cb3ea3b9942a0,2017-06-01
9557c06b25706a833b8edf4783ea5661,3b02ed61740c727eb497d5e1cbd0ae84,delivered,2017-03-16 16:20:49,2017-03-16 16:20:49,2017-03-17 11:03:35,2017-03-22 12:27:50,2017-04-04,d27356e393b363f84ee3ed6ef7c6ff2b,2017-03-16
8c942d6d0cb6781e00df7a3fafc8ef86,a7a0279b817df69edea8249af6e3ea22,delivered,2018-07-31 17:11:15,2018-07-31 17:44:29,2018-08-02 08:23:00,2018-08-06 18:41:00,2018-08-22,60754aba0b3c184232df3cb2145ba1bf,2018-07-31
aafbb7deb8b53a1b559f530bd24ea506,98dcc87c8e097dabccf8a3f16d976bfd,delivered,2018-06-05 12:46:28,2018-06-05 14:31:42,2018-06-06 14:30:00,2018-06-11 18:06:31,2018-07-11,cc098c98c55f192a233aca3265bf584e,2018-06-05
16bb135426aeb9e6eced38e8a84ab9f0,ceb603f2fcd425362163a1502adf2c88,delivered,2018-04-16 11:16:54,2018-04-16 11:31:31,2018-04-17 20:06:28,2018-04-25 19:58:46,2018-05-23,946e695142813691e5d34b7cf90ed4d5,2018-04-16
bcb9cb204fb7137dcb5dc3fdb94f11e5,75ecb22a47dc997aad56a99f05c74c49,delivered,2017-07-17 19:27:39,2017-07-17 19:43:01,2017-07-18 19:15:49,2017-07-19 19:57:30,2017-07-31,47a279311bce8a2d845848262dca2838,2017-07-17
75d828fcad4255d3777465dc3050a8f5,49eba0e67920f32999db394895d656f4,delivered,2017-12-28 08:41:57,2017-12-28 08:47:20,2017-12-28 16:29:15,2018-01-05 17:03:26,2018-01-29,fd423df38d5ede9f0affa56544b49f44,2017-12-28
e99e0a939c251c9b2a412fd3136ce0ea,0cab59ec041d1c823de68602b879072a,delivered,2017-11-10 17:59:35,2017-11-10 19:07:52,2017-11-17 17:25:46,2017-11-27 02:37:45,2017-12-11,913e4a0664572d0652473b98b808e7b5,2017-11-10
9e98bdb07065bc0ef966530ecdc91ec9,40b0a541aebe1001973a84d4109de91c,delivered,2018-07-25 01:46:26,2018-07-25 02:04:17,2018-07-25 12:27:00,2018-07-31 22:07:31,2018-08-24,2f1285ef465dd07f5dce44b512e20759,2018-07-25
3bb2984ffaa10a2158edeb25f12d9a2d,a3c66f416db7ca66ddd3f18c16a1ea9a,processing,2017-08-29 09:16:06,2017-08-29 09:25:42,,,2017-09-21,5d7b9bc0151ea6da069ba1fd84125fff,2017-08-29
470dea50dbd9c5e77735b49bd904af6d,3fdc2cc5cf1d6a348be7b362866d4e09,delivered,2018-06-01 12:05:34,2018-06-01 12:32:08,2018-06-07 14:57:00,2018-06-08 23:22:57,2018-06-26,4b7b6e49a26c6a858d5c07a0c34dca7e,2018-06-01
bcb6134869795ad066027719f33af2d7,3431cbe244e35b43d22a485ed8752e5c,delivered,2017-11-21 09:41:31,2017-11-23 02:47:40,2017-11-27 23:58:37,2017-11-30 21:06:25,2017-12-07,3d160806c25854c391cbd9124185b45c,2017-11-21
afbf35931e267fd7988736eea16cdb9e,2521a12c6bff747f076e24ab251f7392,delivered,2018-05-29 22:50:33,2018-05-31 03:35:59,2018-06-05 09:22:00,2018-06-08 14:49:07,2018-06-21,e77d703d295d21601b46b7699b1e3633,2018-05-29
d9188a09f83fb2125c314edc1c7c933a,789f50c05b37177c61cdaa0a4b2777a9,delivered,2018-02-28 23:23:22,2018-02-28 23:35:45,2018-03-06 22:49:01,2018-03-25 15:06:01,2018-04-06,649433cccdbea17f1d02a30bc8ba8673,2018-02-28
4753729129b1fb01e144eede1831edb1,d335fb5b83260747ca49f8d159009e09,delivered,2017-08-06 00:57:46,2017-08-08 04:05:36,2017-08-08 18:32:20,2017-08-17 20:39:59,2017-09-06,186c51a6532c2c00f99b40480067e725,2017-08-06
16039d1d033653b9caeed8198b3142da,f32aaeb1f3f623590bba03167a1e4b67,delivered,2018-03-08 16:07:03,2018-03-08 16:54:56,2018-03-13 21:28:39,2018-03-16 15:36:52,2018-04-17,4b474bf572d77ca380a024397a8dad31,2018-03-08
70c93925111cd037297909641f16f2f4,83af78feee85c5d2545ebd143de193f4,delivered,2018-05-15 13:26:15,2018-05-15 13:55:00,2018-05-15 14:05:00,2018-05-22 19:57:38,2018-06-26,b3c889172aad7d04f662e9d837340a28,2018-05-15
d9f2ee12d57f465026b7dd57c016c8bf,ebbd756cbe9b47eb7c826b4736e96c43,delivered,2018-03-01 13:32:52,2018-03-01 13:50:49,2018-03-02 15:39:43,2018-03-24 18:17:38,2018-03-22,48f020096ab48b177a0f2b0a66d03657,2018-03-01
0e8d01612d9142229f68faabe6a0c51c,4646bf4b66367ae17eff07651ec2634f,delivered,2018-02-19 09:58:35,2018-02-20 09:55:28,2018-03-02 21:09:39,2018-03-16 03:41:42,2018-03-22,63596b233c9b675b7b3b20f512d249ed,2018-02-19
1ddfa120c8ef1f70ac2fa0aefb241675,f96828ffdda6ff5745cd9ae5454323b6,delivered,2018-03-01 21:29:07,2018-03-02 16:49:08,2018-03-05 22:59:02,2018-03-26 22:22:09,2018-03-19,c5ca1cfb65694c7abdb42366705429e7,2018-03-01
88147bfe4762e9d0e545871dbc994734,e948953cbdd0ebdf270937ab3d5c1a5a,delivered,2018-05-28 23:06:44,2018-05-28 23:29:47,2018-05-29 15:38:00,2018-06-05 23:04:57,2018-07-05,73f97c6a5af65a71194cc2265ae82501,2018-05-28
e98de168acf11b1a80cea2ad5e8a5c61,fa5aaf3631ab1075fcdb95fa8e10cad5,delivered,2017-07-06 16:33:09,2017-07-06 16:45:11,2017-07-12 19:27:56,2017-07-24 20:11:53,2017-08-07,ec0f5b4fe392d71f361112c1b508b707,2017-07-06
0b2a26edc4451c98cc27d3bcb28d8766,a33aa4395098f8b30755738b398ece95,delivered,2017-06-06 22:24:19,2017-06-06 22:35:25,2017-06-08 12:23:49,2017-06-13 12:27:46,2017-06-20,6404d0227d0bf382e56d1d26373d467e,2017-06-06
5f7363eba95d6b80c0b0d44e53193e0b,1bd05d9a0031e8461d15550893d9b85a,delivered,2017-05-07 20:47:31,2017-05-07 21:01:56,2017-05-12 06:23:59,2017-05-29 06:04:02,2017-06-12,13abc50b97af7425b5066e405d7cd760,2017-05-07
4647f189e31add16ebebc6f67a6b6dc1,d2b82dc17fa9036f3f7608c89e3f27cf,delivered,2018-06-04 19:27:14,2018-06-04 19:53:02,2018-06-05 13:15:00,2018-06-12 00:26:41,2018-07-13,c7933dccab945c35bc980f4035aa0e8a,2018-06-04
5ee63c8c9ae2e5c38791b35932cf4c69,62f766c82849282806bf2f62ca86432e,delivered,2017-05-09 11:30:18,2017-05-09 11:45:13,2017-05-19 19:32:55,2017-05-29 08:13:56,2017-06-06,83aca63b2193ea126b287f3ae61528d9,2017-05-09
0ced505a94fa52355ca31070c281df6e,fa0a0f986296d5201a58b9b0c4b36d0a,delivered,2018-04-20 09:46:31,2018-04-20 10:10:11,2018-04-20 22:38:42,2018-04-23 21:32:18,2018-05-09,c6210e4c6ec38bcfa958c65160af7262,2018-04-20
3c888e8444c04cf2fea3d8b2db0195ef,f2ab252accb7913d65a397454e010e95,delivered,2018-08-21 15:12:32,2018-08-21 15:30:31,2018-08-22 14:27:00,2018-08-24 13:52:29,2018-08-28,9279876eaa8bcd6f1ad8f02678ea251a,2018-08-21
f521316c3f7b3dca86fee711afb2ab40,33a80b6e336aef84a793ecfb1b6361e3,delivered,2018-05-18 11:30:17,2018-05-18 13:26:06,2018-05-21 13:45:00,2018-05-24 11:26:53,2018-06-04,e6c1bcc2640a9ca6016be5d45c7517b2,2018-05-18
dc29ff8af44169bdd140d5e40575da43,fde106d687f66d052aa9b6b169f250d0,delivered,2018-05-22 18:00:58,2018-05-22 18:37:12,2018-05-23 14:39:00,2018-05-26 13:28:35,2018-06-05,d0ed0d8dd6a919b2aad302fa1cae682f,2018-05-22
aba17b8bf8ad8249a87ff4c21a5569b9,1bd769ab11ed47fa02eb91e4c56d5344,delivered,2018-01-09 16:53:05,2018-01-09 17:09:02,2018-01-11 19:03:57,2018-01-18 18:56:56,2018-02-07,e18710d3789036872914c059859fd728,2018-01-09
6829390c4a5d4739d067ac8ee4828d8e,0b84194096e4c860bd0cc790b95ceb9f,delivered,2017-12-18 00:33:31,2017-12-19 09:31:04,2017-12-20 23:42:44,2018-01-10 15:28:05,2018-01-19,9dce7716537cc16887de3a7b3d3357c6,2017-12-18
fc71a3c2d48575dde21534b197ce5d2d,81491a87178be12ebe301758e85f9c55,delivered,2017-11-22 19:38:27,2017-11-22 19:47:25,2017-11-23 15:51:39,2017-11-30 15:19:07,2017-12-04,69077f31b92af4dc538b15a98126bfae,2017-11-22
72275f04ff971b931deb9570a6fd85f3,f301287eebe9e9f4b15d724cd7704fd2,delivered,2018-03-23 17:10:34,2018-03-23 17:30:30,2018-03-26 21:58:43,2018-04-16 20:17:35,2018-04-16,6256bf8af16c17008022e314683e77e3,2018-03-23
961f692ce5a2ba7cc51c00f59ea72d5f,40b021c327c38680d5256cd686164a87,delivered,2018-05-27 14:56:55,2018-05-27 15:11:05,2018-05-28 10:42:00,2018-06-05 00:23:36,2018-07-18,e4165e1abf618171397a92ad26e37fe3,2018-05-27
f3af8efd535804214ce63f6b29386312,08972c9a494a9ed1a7a73df4d0bc5b58,delivered,2017-08-08 13:20:59,2017-08-09 02:55:17,2017-08-11 17:16:09,2017-08-21 18:44:31,2017-09-05,4b6e5fb7eb08b701b5799a8c84b658b9,2017-08-08
22a0f64560b6a90eb7175a87387a1aa1,5e5d0d5a01a3e4809c36751fd5f0a6ff,delivered,2018-04-21 14:36:39,2018-04-24 18:04:42,2018-04-23 18:03:44,2018-05-03 19:36:32,2018-05-24,bc7070f481ee7f990d05645eb4d2efa5,2018-04-21
ebd95cd19ccd84ddf08373b40822f990,a82e9ff0e0827b81ee686925681c9722,delivered,2018-05-04 12:02:29,2018-05-04 12:15:16,2018-05-08 08:51:00,2018-05-09 15:55:45,2018-05-14,09320b4614f577698039dd7b1be2c0b3,2018-05-04
3d84b75178b37121a262cb6f3d30e6ba,76354bded57ab0e72bfe46b0a09fa2c0,delivered,2017-12-04 09:18:32,2017-12-06 02:50:06,2017-12-08 21:16:58,2017-12-19 17:56:30,2018-01-09,84962c23f676d019f5d37639270d0ea4,2017-12-04
8c48de2f61b3d074a30c7268fb8ca85b,5a57b1a20de176ef2c2e643e33c6a035,delivered,2017-12-04 20:42:58,2017-12-04 20:54:53,2017-12-07 19:32:49,2017-12-15 18:23:33,2017-12-27,0744ac42e60e9361733a3b8655a2760c,2017-12-04
330e569ae25de4796afa6bd4edc75876,a71715f0041fb658c3cdd0bd54b446b1,delivered,2017-09-14 10:34:08,2017-09-14 10:45:19,2017-09-19 14:07:07,2017-09-22 14:09:56,2017-10-04,2aa618954804207ccf08ec91e7d8af2a,2017-09-14
0b4d60b8c7aa289e337094f0fb7ec296,e97303ac299ae39d14bf9bd8bbb2a1ca,delivered,2018-07-17 22:35:29,2018-07-19 02:42:33,2018-07-20 10:16:00,2018-08-03 18:12:57,2018-08-09,4dd1b10247e8e0e4387db762e20a2b50,2018-07-17
518d8ea442ea12acede1c064a54cae32,9242bfaac795e3df1a0ed8105dd3fd86,delivered,2017-03-01 14:04:00,2017-03-01 14:15:17,2017-03-10 08:58:39,2017-03-27 09:12:50,2017-03-30,95f6791a1ec23d95cd3a3103aa63b2f0,2017-03-01
39862f3bc75e8a104d1bd7bbf6255668,463ef6b28ad67319dfc24086d473a64a,delivered,2018-03-06 08:34:05,2018-03-06 08:45:27,2018-03-07 22:23:46,2018-03-09 16:24:35,2018-03-16,74bb46c4489b46bc77828674c4af795a,2018-03-06
56703a55199f4784c80fe5e5de71c532,6629da21929dbb3173791eb977b64d8b,delivered,2018-07-15 00:25:32,2018-07-17 07:31:30,2018-07-17 13:07:00,2018-07-18 16:51:29,2018-07-30,97107c892093c359b94a37cf51e09d27,2018-07-15
9d9f7fce2886a9587f0a42a1366a1392,33a8963fe310d610c7a1b0da4dc974d2,delivered,2017-03-30 20:43:30,2017-03-30 20:50:16,2017-04-01 07:27:01,2017-04-13 13:06:03,2017-04-28,cf26c0ed98d29abab5c9fe2643f88d19,2017-03-30
ca01c525c19a77269bb9ab052e2a3eab,aa46592adf8954513da919ad33da2583,delivered,2018-02-15 14:21:12,2018-02-16 08:30:58,2018-02-19 23:31:18,2018-03-01 21:06:41,2018-03-20,ef1f687d69a777112a0028330e9cacb7,2018-02-15
89df20c6ed881fc9d841a717c76a212b,dc0601b04f43f219b2cefc8025fe4673,delivered,2017-06-16 10:33:12,2017-06-17 10:25:15,2017-06-20 10:54:02,2017-06-21 18:06:29,2017-06-29,b47eca1faaf4b9de38633feca02857b0,2017-06-16
bddefbbabdeabb0d94eff71a795f5ef5,f129f917dbb46b91a85be24af8fceb4f,delivered,2018-01-19 16:39:54,2018-01-19 16:59:56,2018-01-22 14:33:39,2018-01-31 11:26:41,2018-02-15,53e1ce362c6dd77493eaeeba9dae986e,2018-01-19
1940003dc4662f79dd29e9070a02a7a7,3344967f4b85b3546302e472681d552b,delivered,2018-07-17 14:10:40,2018-07-18 02:41:46,2018-07-27 16:35:00,2018-08-02 17:58:33,2018-08-09,043bf08714e3d2649e99956601f2dacb,2018-07-17
13b194db506615d16a862e66b0a2f6e6,8cc6453c57a83e84ab84f67dac770a1c,delivered,2018-07-18 17:11:10,2018-07-18 17:25:12,2018-07-19 15:57:00,2018-07-24 15:32:09,2018-08-13,51de43e549fd253dcd6192faf7e3f721,2018-07-18
f8f39c04af57100b2067941cddcb9376,a08554ba3f0715d9ada0d693dc036a3c,delivered,2018-03-18 16:34:18,2018-03-18 16:45:35,2018-03-20 19:26:28,2018-04-21 17:32:50,2018-04-16,2534c6d7f97ef2be9334b54b6a0d50bc,2018-03-18
c7381c0615627260eabd7cf94bdad2c2,8224427727aed017222978cab5959481,delivered,2017-07-16 14:24:28,2017-07-16 14:35:27,2017-07-17 17:42:34,2017-07-27 17:55:45,2017-08-08,5f02f639e68958841d127dbca28c4894,2017-07-16
96f5dfe006638550afa4d6390fc074c1,b16343b95f5346a9933144386af4caab,delivered,2017-12-12 18:51:47,2017-12-12 19:09:46,2017-12-14 22:07:12,2017-12-19 15:52:17,2018-01-02,4458faa1e4fbc76c9042d5ded0b53244,2017-12-12
e41decb502eacb9caa6a9b4cd9c75e3c,22ca8527cf04c5dead4fc42f22dd8564,delivered,2018-01-15 10:00:52,2018-01-16 03:51:14,2018-01-17 19:49:23,2018-01-18 23:55:53,2018-01-30,7296cca32b0c1444cca995ef502b81c9,2018-01-15
2d08fef3d5af150cd56996814ad895d1,c3a7a7b4bd95621678748140d8dbc7c6,delivered,2017-05-10 21:15:10,2017-05-12 02:55:13,2017-05-15 06:22:04,2017-05-27 13:05:39,2017-06-05,e8b5ab551715d3927b6a2a55f65f84e3,2017-05-10
f68f706f1fd4d58751c3fe2c65a676ca,1f79c7cecfeaa9f81081521e4f84a1c6,delivered,2017-12-07 16:33:04,2017-12-07 16:51:50,2017-12-08 19:04:13,2017-12-10 14:49:02,2017-12-26,0367726c9478b302a7cb4b2b67f7317b,2017-12-07
fd2e2592fb4e38a40b8335d29c93c8c0,98d5e9f64870f7a24c3cca3f403da3cd,delivered,2018-04-26 11:32:03,2018-04-26 16:10:55,2018-05-03 14:22:00,2018-05-04 20:52:43,2018-05-10,d9897e06cb39498b23472715861ba42c,2018-04-26
9512251cbae0778ea863f6242d3e5789,fed67945c09986de880e4b3fdd1d3f07,canceled,2017-06-15 17:34:29,2017-06-15 17:45:18,,,2017-07-05,7d7ad5db91f5354ba6993f053d38c4f9,2017-06-15
3a41d8f16d339184975dcab294e74d46,c5c85ffbb114815b7956eb31a43812fe,delivered,2018-01-15 07:52:31,2018-01-16 14:51:30,2018-01-17 20:23:40,2018-01-19 22:26:54,2018-02-08,a7654b2dfca57d8537c64bb2b3844aff,2018-01-15
4ec57b5a1be421a2a793a22237120c24,0137aedb5fd652186dbf05e49d78db59,delivered,2018-07-19 15:12:56,2018-07-19 15:25:17,2018-07-20 13:13:00,2018-07-25 21:51:49,2018-08-02,ccab3a81489119980484135893a540fd,2018-07-19
a3bebc15aac7ca437c445ca941e5d152,011caa1d64812e93260454d6e311f330,delivered,2018-08-17 09:26:44,2018-08-17 09:49:50,2018-08-17 15:24:00,2018-08-21 22:52:34,2018-08-29,c5799e9491cef7d6fb8ba352e09f0f37,2018-08-17
e57d5707be958772890c6933f30e7e21,a81d4356ec39d9b97f8a4a515b4cdc76,delivered,2018-05-07 23:59:33,2018-05-08 00:13:36,2018-05-08 13:21:00,2018-05-15 20:57:43,2018-05-29,7fe53ce6ebcc4a93719884627ab3f66b,2018-05-07
707c32742d844a6836e25e461d6b0e01,584f2538cdd4abe007b590d71bf92b6c,delivered,2017-06-27 17:20:58,2017-06-28 06:45:20,2017-06-28 16:57:26,2017-07-04 16:32:12,2017-07-31,46d70c68b61455ad44deed17d18050f1,2017-06-27
239a0e07e6d82c443b1ac00860f30c27,f8873f4252a598c7e5cbf3206ebf6405,delivered,2018-05-13 18:34:31,2018-05-15 03:55:51,2018-05-21 16:34:00,2018-06-07 20:42:04,2018-06-01,803d354a2fa0cc9283da86a9a7307dd5,2018-05-13
fc66f65bd879bd459e1cb14324335727,18831a00cca3d14bdfd8af6ae001d417,delivered,2018-01-17 16:49:16,2018-01-18 02:13:13,2018-01-18 17:21:38,2018-01-24 14:28:15,2018-02-07,fb371ed530387b49b5618f75cb1c6886,2018-01-17
68c7e05efd75f44bc692682d695a480d,13532365e3b2efec4b9ee9ae6a0bf360,delivered,2018-07-13 13:42:14,2018-07-13 13:50:21,2018-07-18 14:58:00,2018-07-23 19:11:53,2018-07-27,60d2dc24e6a89bd218f646df03674e5b,2018-07-13
08804ff605210017ad305e46cbd4e3c8,2dd2e0daa048c8e7bdf18c2fca50725a,delivered,2018-08-06 12:26:08,2018-08-06 12:44:19,2018-08-06 17:57:00,2018-08-11 14:59:40,2018-08-13,7361b9114e6a9c55744f01645bbf62b4,2018-08-06
374d4811c6f3657ec62ffec582801ccd,3e9aca248d1d381339c86c8682cd7647,delivered,2018-08-03 17:53:36,2018-08-03 18:24:00,2018-08-08 14:21:00,2018-08-14 14:32:03,2018-08-17,ba91ddb8d6474f175375b4ced893eef9,2018-08-03
057bf0876d1b4a1d8b70b8f3e74e8763,6ec543ce9dcec8d8c8ccef9b30e3f5e0,delivered,2018-01-21 16:44:13,2018-01-22 16:39:21,2018-01-23 20:57:14,2018-01-24 18:18:57,2018-02-06,67560a78f5e66ffa4fc5f6a7a59b3b28,2018-01-21
7de22a4935b90873ea2bde9e05fef9f2,a07ad7b210c0679a3f6f399d7be81647,delivered,2018-02-10 22:28:49,2018-02-10 23:35:35,2018-02-16 21:04:04,2018-03-06 22:12:04,2018-03-09,7c5220bde3705831680f688799a973d6,2018-02-10
1cd94ec5da3b3b76e199b3d79666bdfc,d9e285d36e3ae26036cb309ef5f65c76,delivered,2017-05-21 21:22:31,2017-05-21 21:35:19,2017-05-22 10:06:37,2017-05-30 12:30:09,2017-06-13,ed9ab198380446cd2c36517f5c3898b4,2017-05-21
0d80d0e27b1dc1e7eab3528b17464069,1c0b212adf187d17ce8b977f1283eea9,delivered,2018-08-21 19:44:49,2018-08-21 19:55:14,2018-08-27 15:27:00,2018-08-28 22:21:50,2018-08-30,d7836df5fb04a1e677a6d091e5a14380,2018-08-21
a3680a328f9d1e30589963d953d29d61,9521a0527be86bc0764fb3b817109cce,delivered,2017-09-05 22:49:05,2017-09-05 23:10:15,2017-09-09 13:23:13,2017-09-12 22:53:28,2017-09-22,ada6236b6bba2b0c3588aea846e43afb,2017-09-05
02b2c02d27d60c0e658675335ca80216,9d467d901959584e227cdeb1dd1e0c62,delivered,2017-08-05 12:57:02,2017-08-05 13:10:18,2017-08-09 20:07:44,2017-08-31 18:37:37,2017-09-05,0a9d365af1a48bc62a840243cdfcb4e6,2017-08-05
759aedc35b7caf0ca563b0b72614e9d5,d73fb9456214facdcf1a9e14d7667e18,delivered,2018-07-22 13:28:55,2018-07-24 11:32:46,2018-07-25 15:52:00,2018-08-09 18:08:38,2018-08-09,613ec909841aba715418f8fc5459b0a9,2018-07-22
29bd235b1e0eee8c72af9375033b5f8c,52e73a5d0a1d4c56b090cd70e0d678ee,delivered,2018-08-06 12:30:02,2018-08-06 12:44:20,2018-08-07 12:51:00,2018-08-27 13:06:43,2018-09-04,b43530186123fb6d906380c873fdd9e6,2018-08-06
871f526d138c30fdbcecbcf72a3588b5,418f9db43776a18cbe728a0b6e5c8227,delivered,2017-07-26 09:53:41,2017-07-26 10:05:46,2017-07-26 19:14:45,2017-08-05 12:42:07,2017-08-23,eb60c265cdc00ac9506d2271ce87cf81,2017-07-26
9fe660037a9d47d9497e2b45f902d869,18d11dc3fad6c82dfcec94b649579acb,shipped,2017-11-02 15:28:41,2017-11-04 15:10:30,2017-11-07 21:13:05,,2017-11-24,5bb8a67ac07b79525183f566a4bd4af1,2017-11-02
1ddf18d3e2bd8005383de4ce76165fd4,c7bf8b7df7cc634b65d6a6bf11613309,delivered,2017-10-30 16:34:07,2017-10-30 18:33:03,2017-11-03 11:53:38,2017-11-06 21:12:02,2017-11-21,2901d2d7547d29d86ac308bed5b509de,2017-10-30
564389e5695ed5402107bccb414d99c0,dbb55d260b704fb87b25b2a678e96c6f,delivered,2018-05-03 13:26:39,2018-05-03 13:52:40,2018-05-04 15:05:00,2018-05-07 17:25:48,2018-05-18,a48b65231305e2ea83c75cb7af34d740,2018-05-03
a2774eabce91067c32cfb2813ac902ad,3737a929359d1e964541489e0c0e3841,delivered,2017-12-04 10:10:12,2017-12-05 11:23:46,2017-12-08 18:28:51,2017-12-13 22:11:41,2018-01-05,51b61a36c3d2972ba2a10db944ede6e2,2017-12-04
9a10d7c2100d6cd74a5e9074cc23518f,c4094934d8660b71c232b7c0ded1b6de,shipped,2018-01-12 14:15:43,2018-01-12 14:28:27,2018-01-16 14:22:17,,2018-01-31,6f7737a9626f947936936b1b5b44a2f9,2018-01-12
3e913a9dfc52c9a6dcbfc18c5ded61b8,51432bd945666f867e57877fa8ae26c0,delivered,2017-06-27 13:53:48,2017-06-27 14:05:46,2017-06-29 13:58:18,2017-07-11 17:41:59,2017-07-24,38538d28ef9d511b4e9517a5304c85ef,2017-06-27
6a9dce70e1b41a16991dad71dcd0411c,971fd009ce5e29b97e62d92f418138f4,delivered,2017-11-28 09:31:07,2017-11-28 09:39:25,2017-11-29 18:27:13,2017-12-14 01:19:11,2018-01-04,dcee1e44ded6f1bfc5b4988d771243da,2017-11-28
abbc0add533d31e83195d03eebe028f8,84fc915ffe98d917a067b9096655997b,delivered,2018-05-23 18:21:24,2018-05-23 18:36:04,2018-05-24 14:17:00,2018-05-30 20:28:39,2018-06-20,4995ab8d8bc03be253ed31999ec06190,2018-05-23
d5ed14d56a32bdc31d25faabc33e7b7a,d173bdc28ffe8491a9b9b4b21eb06975,delivered,2018-04-23 09:19:20,2018-04-24 17:25:07,2018-04-23 21:42:47,2018-05-02 15:17:04,2018-05-24,60fcf26bfb4b91b3a214db5c6d207fc3,2018-04-23
1728325be5eb1de748928d1e52fbdc29,df30c4f02bbf3022352c33d573a32879,delivered,2018-03-06 12:03:03,2018-03-06 12:16:01,2018-03-08 01:09:14,2018-04-03 19:04:41,2018-03-27,da80b18e3d7c0671d30c9f36bfa64010,2018-03-06
c6c0fe642aa710096f0af8a080c1a85c,067f45ab00b8417ea9d95d1f42f6a41c,delivered,2018-04-07 15:39:15,2018-04-07 15:55:17,2018-04-09 20:03:06,2018-05-08 15:06:37,2018-05-10,26b0aa1978f09039fab41c4e4ed32299,2018-04-07
ff7f5fd520c590ecb28347614bf26ae2,c97dea389274283c7b7407ae8cf809f8,delivered,2017-03-04 14:23:12,2017-03-04 14:35:16,2017-03-07 18:37:44,2017-03-17 11:24:06,2017-04-04,659b895fc430805f484d0beef89bf146,2017-03-04
71c948e9e7c4785f6d297557bb86799d,aacef40deda591399d6f85e556b9c9e8,delivered,2018-03-21 09:46:54,2018-03-21 10:08:06,2018-03-21 20:35:44,2018-03-27 19:48:34,2018-04-03,61115c53ac35584b96e5cb7bb91ced78,2018-03-21
6ba5ec180235f8b95042925408ed3bd0,bb9ae08977cdcb7fea21891f23631993,delivered,2018-01-16 23:21:40,2018-01-16 23:31:27,2018-01-18 22:52:52,2018-01-29 18:36:59,2018-02-16,25cac425f64ae1b78c60c2afae3ec384,2018-01-16
13651aa318d6af9df5257a5dfdc20f3c,07a41bea02321e3258b602c6f8dd4ff4,delivered,2017-12-05 13:56:28,2017-12-05 14:30:59,2017-12-08 00:33:36,2017-12-28 20:29:09,2018-01-15,71048f40f553973d48d6fe35d01a3afb,2017-12-05
32041c13aeb87f7faadf1f7e8344263e,995f14aeb42a8b9d82c8891260523411,delivered,2017-10-28 01:27:17,2017-10-28 01:46:35,2017-10-30 20:07:47,2017-11-03 18:27:42,2017-11-17,6979369472d4a8eb7d189556fca18db0,2017-10-28
fdc9d53919c301a0d27f2aad205c5aea,c72574999d02567190f02835c3af476a,delivered,2017-11-26 01:02:57,2017-11-26 01:10:56,2017-11-29 15:06:55,2017-12-14 19:35:11,2017-12-18,7d19f93ed7e2ea8211975b68525b0598,2017-11-26
0bcf4c7784f314d5c92bcfc30b7813e2,2e0c8e22fced1b114c5f5ed439912ce1,delivered,2018-04-21 07:48:49,2018-04-24 18:40:40,2018-04-24 00:16:49,2018-05-08 19:44:55,2018-05-21,deb5db1c13c1339a7b52c302c411059e,2018-04-21
abc7bf320a2a81a63b1567171b3f4482,bf43e6b74f7c46f38f7b4d40e02b4b4a,delivered,2017-05-15 17:06:19,2017-05-15 17:30:22,2017-05-19 14:39:28,2017-05-23 11:22:39,2017-05-26,ea6000c52c03ccc5d428a2583d056b09,2017-05-15
9418f431efb128232722a4b4c410d08b,9d2c0f3c2ae02ed2417fcc7f49fa747d,delivered,2018-07-14 22:52:52,2018-07-17 04:31:40,2018-07-18 13:24:00,2018-07-23 14:20:34,2018-08-02,b87e9302c8c49829475220942bb14088,2018-07-14
449f3475482b3e2a83e3d08eaa99d77c,b9729467688cd631768cd55a71ee1a09,delivered,2018-02-28 19:27:20,2018-02-28 20:20:51,2018-03-02 00:22:06,2018-03-11 11:25:19,2018-03-23,df54eff9f8b2197b93e71675437442ae,2018-02-28
259ab6d981e68ad563951cdfe524f86c,92d6ff70b9588adfed1f220f872520da,delivered,2017-05-17 16:00:45,2017-05-18 02:26:04,2017-05-18 08:11:45,2017-05-26 14:45:53,2017-06-09,a48d5ca50a8523fb01af7d907947781b,2017-05-17
3be022c04922f96b5df70e2ad9e2c852,8c2c2843abb880842d1b6bd2fccab395,delivered,2018-03-04 02:07:22,2018-03-04 02:30:49,2018-03-14 17:13:02,2018-03-21 19:04:21,2018-04-02,7c5d1cbb0257bcd089a2c229efd0c356,2018-03-04
af4f0dc6b4ccb0aab19367dd0d19ffbb,5825d0a5afb4964036925cf2441a44a8,delivered,2017-07-12 10:23:17,2017-07-13 03:03:46,2017-07-18 20:32:25,2017-07-28 18:12:46,2017-08-11,2971fecc1b5bd78e03a5b67351603e5a,2017-07-12
afcee0adfa39a03591a13aff66b87cb7,fdf346d1caadaed88333734da63d3357,delivered,2018-07-31 17:02:44,2018-08-01 03:31:42,2018-08-02 14:39:00,2018-08-08 16:04:35,2018-08-16,c0f632d700d5bd657771cd95feac9d80,2018-07-31
2efa8cad37f73bd607920b772a59b715,91c9fc1d296a37a38a3f6bf21b818b5e,delivered,2018-01-03 23:02:20,2018-01-04 00:56:44,2018-01-04 16:22:12,2018-01-12 20:29:01,2018-02-01,bc045eada5e649cb9c71d8c4aeee4a55,2018-01-03
bc535ec5ab20f26f4b9dc626fc4f7bf8,07b49e1f48e3b25898e300705a980b55,delivered,2018-08-01 10:25:10,2018-08-01 12:30:48,2018-08-13 09:23:00,2018-08-14 13:38:25,2018-08-09,698657c808c9bfe87b9330cfcb796d63,2018-08-01
42a2b3e3880278bbfd48a514c5bc77fe,668c72de37d65166a4ef67f66da10504,delivered,2018-04-02 17:15:25,2018-04-02 18:00:11,2018-04-05 21:12:03,2018-04-10 20:47:36,2018-04-26,aca2ea577306b79f86204117d99edb65,2018-04-02
403e2f13e63c21240eaa9840fe6d95ec,1eabe81c2776591d3fd647bec734d381,delivered,2018-04-07 17:16:21,2018-04-07 17:28:14,2018-04-10 16:52:49,2018-04-13 18:35:26,2018-05-07,c1151a3dc74d70468aad2e6ac8b324f4,2018-04-07
2cec29f99109ce2923276bf06e615401,5ffda919f6e027b6d74388452ec99a18,delivered,2017-11-23 13:48:08,2017-11-23 13:56:51,2017-11-24 21:31:54,2017-12-12 20:27:03,2017-12-20,d27d15f0c73d0e23b77d6e6471fb9d21,2017-11-23
8d99860c3f335f2c5790a0c85105019d,de5507e5bbd54d137188ab6ac67bbfe8,delivered,2018-01-22 11:58:44,2018-01-22 14:18:59,2018-01-24 17:49:14,2018-02-01 19:41:41,2018-02-21,e98361dd2cb06f5b7a87650bda08815a,2018-01-22
222e2e919b398d9f76f574166e305c62,e5cd3e75fe2ef1e3464a4a038f81fd48,delivered,2017-11-05 22:14:30,2017-11-07 01:36:15,2017-11-07 19:17:28,2017-11-16 22:57:01,2017-12-04,b413c4606ef07dbf8eec895fdff606d9,2017-11-05
4a61de88a0c36302508ab48724c9c933,bc52d9d25596d42ee5bf3af7045b7bbf,delivered,2017-08-04 14:41:25,2017-08-05 14:50:16,2017-08-09 15:12:45,2017-08-14 18:16:10,2017-08-24,a320802b7da5d1492c86bd42eb6b188e,2017-08-04
62d3014a7e5b4f51c5f2bb713775aada,041318f3b224ed1865ecbd61cbd4c77b,delivered,2017-05-21 15:57:33,2017-05-21 16:10:12,2017-05-22 18:34:56,2017-05-30 10:52:27,2017-06-26,1e497c35c31d2c947d234488eac62e87,2017-05-21
9f36a6b11ec95b4f8586000d49dae422,c40329c5ca94144e1c4a130166521b66,delivered,2018-05-08 18:54:41,2018-05-10 21:51:06,2018-05-11 12:52:00,2018-05-16 21:28:29,2018-05-29,9d95d5b59bb358271f0999a86f02c074,2018-05-08
c9151302a710db6b3fd4aa4d140bd264,387eafcfbf773b220ffc46360520e32b,delivered,2018-04-16 16:58:49,2018-04-16 18:15:07,2018-04-17 21:51:04,2018-04-26 21:55:24,2018-05-21,54169f597fb9701f6c8e887fd4e803f7,2018-04-16
707b1eade17fb8a0c67c686946879f54,ba2ec26643e8bfc429f87c86613191fe,delivered,2018-05-16 23:20:20,2018-05-18 05:16:38,2018-05-18 14:35:00,2018-06-07 13:56:49,2018-06-06,ad7ed1cc719d4af01a3a7e500d94c603,2018-05-16
276566d4177aa73785edbf9d6364925e,bc5c23727d81fee31942495ddecec14d,delivered,2017-03-16 19:05:03,2017-03-16 19:05:03,2017-03-17 14:10:07,2017-04-05 15:47:36,2017-04-06,93ce42779f1b4ef4a6329e31960d3d5a,2017-03-16
0e24f70accd4e5573b5173a35a773e5d,bc76c33e5eeaec955b0b3e70e77836f5,delivered,2018-01-28 14:09:10,2018-01-28 14:18:26,2018-01-29 22:10:37,2018-02-05 19:48:58,2018-02-20,654cc929ca2960a54b79cff7bd9b319f,2018-01-28
962d7424fa1ac4663ef72969ce322fd8,9c92386cbe5876b71907d3bc7a17a6df,delivered,2018-01-18 14:29:05,2018-01-20 09:10:52,2018-01-26 09:32:46,2018-01-30 18:57:02,2018-02-21,c943b97fd7f42adbe09abb3db9fa32bb,2018-01-18
50a6272e4de975f1b97fca4f68157f84,9f0d658ef3d6f96143d992b4496304e5,delivered,2017-12-16 09:40:04,2017-12-16 09:50:47,2017-12-21 20:47:06,2018-01-08 15:19:40,2018-01-16,e30301a795004ac814b1ef8be6d5cb51,2017-12-16
b6e98ad9c6e0c58c16cd60eafd17c2f3,97375563baa137812bfe0f2b2131fe86,delivered,2017-08-13 21:47:21,2017-08-13 22:04:09,2017-08-17 21:23:39,2017-09-01 18:03:33,2017-09-08,e983be91f5b9e5ed137564358d1b6535,2017-08-13
e31baadb00ecc47a1251bce82d64280b,b451dc8c2ff1cbbbf4dd6082c170cd64,delivered,2017-11-03 12:12:30,2017-11-06 08:56:13,2017-11-07 17:35:06,2017-11-09 23:02:43,2017-11-16,3c3e2383f230b811b2532df1bdffe08f,2017-11-03
b8572787e40305c2a619dba4a1d78820,6d5a8a61907ca7455a4b282be18d298d,delivered,2018-04-19 14:08:57,2018-04-19 14:35:11,2018-04-21 01:38:35,2018-04-25 15:59:44,2018-05-08,85dcd445d914b557020d4a16c40d7a5a,2018-04-19
55237a86ff63f2db34b6b47bbb3d694f,8ff586e977b363b0fcd27dcd42ba736a,delivered,2017-06-02 13:51:20,2017-06-02 14:05:18,2017-06-06 14:52:21,2017-06-19 21:47:36,2017-06-27,14a43dcb372c4c12cbffd15b122bf0de,2017-06-02
9885b9682bcb820c6a33464aa0bc683f,02b168b03c95daba8c837ac1d2f85670,delivered,2018-06-20 16:14:36,2018-06-21 18:20:33,2018-06-22 10:56:00,2018-06-23 14:48:31,2018-07-25,d5ea50c98aa40018a98b94aa503c815a,2018-06-20
ecf6789fa93718435fc6279a4c051917,4d3ef4cfffb8ad4767c199c36a4cfee6,delivered,2018-03-03 16:51:20,2018-03-03 17:05:30,2018-03-07 02:47:43,2018-04-20 20:58:44,2018-04-04,6ba00666ab7eada5ceec279b259e44b5,2018-03-03
79a0ca36f845e0bf7e0e21441e0da0ba,5215f8b7b9bab10fd167836e7a7c8964,delivered,2017-05-31 22:18:19,2017-05-31 22:30:19,2017-06-01 13:52:55,2017-06-12 14:57:35,2017-07-13,d36c8434821644b0897073d28f6fa7c6,2017-05-31
663273652c0d094eb5880f00867434c7,b0618d9432fb33cf0122b6af623ab522,delivered,2018-06-11 14:54:53,2018-06-12 04:57:40,2018-06-12 13:42:00,2018-06-27 18:14:36,2018-07-16,07aa709e5a8e3098dcac56ff00c47434,2018-06-11
911a1257a699f1b61ec55aa88eace3bd,295b66076a7255133bdc1adbb056162e,delivered,2017-12-02 03:45:01,2017-12-02 03:58:26,2017-12-06 21:41:56,2017-12-21 17:38:34,2018-01-05,2558bbba1bea96f3f4de39bc5426d173,2017-12-02
644abcb389602a2c6e3a542e106ab86b,7a1026a3566184b089a35c3841d436f8,delivered,2017-04-28 19:07:28,2017-04-28 19:22:53,2017-05-02 12:08:55,2017-05-12 15:24:46,2017-05-24,1d912ce5ff822275e79ac05e2644be7a,2017-04-28
dac20199c3b53e630f19bf3dc1744bba,03326ac6bdb11c844b82c85df77525cb,delivered,2017-12-01 08:41:02,2017-12-01 11:31:23,2017-12-05 22:56:55,2018-01-12 20:59:18,2018-01-08,0783cb00028b2271dca70a603e36a447,2017-12-01
b301751e61d9c2d768c0e4cd484844c2,2fd2ac7a82e4a187eaf6b9570b2ec301,delivered,2018-01-11 14:15:01,2018-01-12 03:32:26,2018-01-20 01:07:28,2018-01-26 18:29:17,2018-02-08,ff189da0a16b4d9b00c3c56553e45d82,2018-01-11
b2055cac51ad40754138bfed4d778344,2fc9485915fd5cf440eb9f686d60ac46,delivered,2018-08-03 21:17:48,2018-08-03 21:30:17,2018-08-06 09:19:00,2018-08-07 16:18:48,2018-08-09,d3825147a5671fc987925a4da1b15ead,2018-08-03
1e6582156af0035606a446213730ca65,a22a8f7e1b228736f02555a035994f27,delivered,2018-05-25 19:17:51,2018-05-25 19:38:36,2018-05-26 07:56:00,2018-06-05 15:13:50,2018-07-20,815a99cb9852a1011da9bb7f2070b93e,2018-05-25
d289934bddf878e1cac62c95c8ee5402,4498cfb1d873a0d5a66735f01cbe8246,delivered,2018-08-15 17:53:14,2018-08-15 18:10:15,2018-08-16 12:50:00,2018-08-22 22:41:16,2018-08-30,f4bb7e15b8197cc177adec7d3ca5923c,2018-08-15
9fa34daa1767b075c5a2490c9e8b403e,f8800c3575e2aacb856af1b2b8745e0b,delivered,2017-05-22 19:46:08,2017-05-22 19:55:08,2017-05-23 10:38:00,2017-05-30 15:37:38,2017-06-22,4e50136e8b584a0778f12acd53b590bd,2017-05-22
65f87722388463aa7d02023c8f5b11ab,92c2c5b759c20b4d91edd17b0b8572c7,unavailable,2017-12-05 16:00:46,2017-12-07 15:54:29,,,2017-12-21,ad72e0a5e2fcd9b5a2893b5488813e62,2017-12-05
dce4968a8e46a08de010a63c833f8c89,acd30a9c92907877ca0b1fbbacfaa055,delivered,2018-03-17 19:07:43,2018-03-20 03:10:42,2018-03-22 20:32:22,2018-03-28 21:09:06,2018-04-05,56b2d85788f3b0a6bb69d618a5684e1a,2018-03-17
613642e8ff12626da63befddef26efa4,e45f291e6c2b5aeff4858a3bd9a59fe7,delivered,2017-03-01 10:50:52,2017-03-03 02:15:47,2017-03-03 12:30:26,2017-03-08 16:35:16,2017-03-20,4462b054b8d56ce4cc289435843d38cc,2017-03-01
83b944375b2d2c1ad0e9cf45754f4936,a2392761e41169375f4e7ac6b9d1b548,delivered,2017-08-02 16:46:54,2017-08-02 17:05:20,2017-08-03 21:39:30,2017-08-10 18:52:59,2017-08-22,ac2245a91f23c10b0337a64ef66ace3a,2017-08-02
52c8fe0f0dc37807e452b5f695c2eb77,e02193584f54356ced74568c39966cdd,delivered,2017-12-14 21:08:59,2017-12-14 21:38:36,2017-12-15 19:57:43,2017-12-23 18:39:03,2018-01-10,fb3a2a76d5a443d3fb12048642c0dfc3,2017-12-14
74b9959056734d2fa68d5570ea482664,f8fe44962522b924e8ec219034dfe81a,delivered,2018-01-15 23:24:52,2018-01-15 23:37:21,2018-01-17 22:21:30,2018-01-27 14:48:53,2018-02-14,ea9b6e80b1f0c7dffa5f4c3dbd681db7,2018-01-15
01dd288e8605af239a3a35e550e89235,0a88fe358661f9b9cd87d419e7bffcdd,delivered,2017-07-26 07:51:14,2017-07-26 08:05:22,2017-07-26 20:39:54,2017-07-31 16:26:49,2017-08-21,655456320877a5b071dfa4ac10bfa161,2017-07-26
0cedce314f08f29c07de4eff348e16bc,b817bff4fb17d66f0e9f00c5a0a2553c,delivered,2018-05-30 14:03:51,2018-05-30 14:16:56,2018-06-01 15:05:00,2018-06-12 17:08:50,2018-07-12,ab46e99101c7a6f9beff3e8b77fceeb2,2018-05-30
b6144031396a6d8e9f9f10d110f5449f,421dade77b18dae3277a91c125a5d7e6,delivered,2017-12-30 14:00:04,2017-12-30 14:08:36,2018-01-04 23:54:30,2018-01-06 00:53:05,2018-01-18,d71806d82dffc97822db1ac8f5c3e9a9,2017-12-30
264838181624ad76b573c373a9862598,43f2176981dddf6c658f92c81be1dc72,delivered,2018-07-21 08:53:38,2018-07-21 09:10:09,2018-07-23 11:26:00,2018-08-09 15:56:28,2018-08-09,671bcf6087437b77056bd95e29ba22ec,2018-07-21
11d91b6084c2ad87ceb2d91af4483714,594145332c1e791191934fdf8a5c4589,delivered,2018-01-30 13:40:53,2018-01-30 13:51:29,2018-02-07 17:41:51,2018-02-23 19:59:01,2018-03-02,e1dcab951326dda56ef643f96c5a674b,2018-01-30
6618ba440a8c54ff6e7dfcf5c7300265,38d52de4844d8632a80ebf998942116c,delivered,2017-05-27 19:51:58,2017-05-28 20:02:37,2017-05-30 15:26:51,2017-06-02 15:19:08,2017-06-27,f93ea08ded32a5b926f9dd98c1dbd61d,2017-05-27
f3584b023b097595c8e2b0b6fd51a839,c59e684f832f832056ceee2c310cfc7f,delivered,2018-01-25 21:10:57,2018-01-25 21:18:23,2018-01-26 23:38:48,2018-02-06 22:26:16,2018-02-26,ca77025e7201e3b30c44b472ff346268,2018-01-25
1e5958074c0e0c8c32ca98a2155b4ac9,11b6651e83500aee07a2a5b39c329ad1,delivered,2017-12-09 06:52:41,2017-12-09 12:19:31,2017-12-15 23:34:10,2018-01-13 12:52:04,2018-01-17,208582040a31eca9d5d75cb772f0a5cc,2017-12-09
b85337255e10104e080de3910e8a3cd7,192f8a34932921270eeae48aa340ee52,delivered,2017-06-11 20:03:06,2017-06-11 20:15:08,2017-06-12 14:56:49,2017-06-22 13:02:54,2017-07-11,bc53a865b27f8a5b0964062e19a934f5,2017-06-11
c9658b7487e1dbbf57f82493f398ed15,6be73b0eb0bb8396d3e5eef58af338e6,delivered,2017-08-13 15:39:54,2017-08-14 15:35:10,2017-08-15 21:27:26,2017-08-21 17:22:37,2017-09-01,e6e1984407db651a5305c6c57e0a11d4,2017-08-13
1fc1b67424adbd232ce0356571679bfd,a6aa237d1c215f52284dafb8886e839b,delivered,2018-01-02 20:13:01,2018-01-02 20:32:06,2018-01-03 21:12:59,2018-01-09 03:28:44,2018-01-31,5a0487acb3ccba0b1bc9ee728c4130bb,2018-01-02
bfc8542b30ac37f22fb53ab41e8fdf20,918e7a54bf36d024fb73d4a6f16ee6ea,delivered,2017-07-04 21:28:10,2017-07-05 17:42:57,2017-07-10 19:32:22,2017-07-13 16:35:36,2017-07-28,5c19d1832e57e9c8f2767f985237e9a7,2017-07-04
617ac8c25042d947ab469129213fa435,2ad205cfba7e191089b244afc271ffc7,delivered,2018-05-14 19:05:26,2018-05-16 03:15:12,2018-05-16 16:32:00,2018-05-19 13:38:49,2018-05-30,1458e8048a02a286abe93ab981f5be0a,2018-05-14
f577c78346131418552c3d7fea582723,06d338952a08988a496796c25a61d12d,delivered,2017-09-11 11:41:16,2017-09-11 11:50:51,2017-09-12 15:46:02,2017-09-25 20:47:38,2017-09-28,3ab0efc5b3ecd6ede7565b1f7d7516a5,2017-09-11
70d7affe471e6f94c28682a3bd9b5552,af3d832d3c7934231709ceff958cc40b,delivered,2018-08-04 13:59:01,2018-08-04 14:31:18,2018-08-07 11:15:00,2018-08-08 16:31:59,2018-08-10,410be97e8f53fbf298e813b543e52b57,2018-08-04
dd16e5eb87375ae00ddc33be8f099ba8,1b6437c30473929367a4bff8dd3ab77a,delivered,2017-11-01 16:34:52,2017-11-01 17:31:14,2017-11-03 20:48:52,2017-11-10 18:58:45,2017-11-28,e6f14cc50b766632514e291ea5588d04,2017-11-01
431e70e0fb93448af0d2e42e6af75e96,e9c9f533d706b13484dde6fc7e97412e,delivered,2018-04-12 17:01:08,2018-04-12 17:13:45,2018-04-13 22:32:17,2018-04-26 19:22:01,2018-05-22,e82911463de17b3158590329c159da51,2018-04-12
e356148aef41329b41d13a234a0402db,14226c38a696907d6d3a30f1d1b8a231,delivered,2018-08-23 08:53:13,2018-08-23 09:05:14,2018-08-23 12:25:00,2018-08-29 16:41:50,2018-09-11,4bc2330b457b3ee80867b82aa262ec7a,2018-08-23
0a89bc2ec7e822a78b0cef45518d6217,a80a94cf8bd343cdd10d03d8b37ad719,delivered,2017-11-13 23:44:17,2017-11-13 23:55:29,2017-11-14 18:49:15,2017-11-24 16:21:26,2017-12-13,d32ff0b76e8658da2ab1d56794461ca2,2017-11-13
9d08114eba8cc347f5073bc95311a728,923658690a8fa2d7cf18e3e9937f9e40,delivered,2018-02-12 23:47:54,2018-02-13 00:08:04,2018-02-16 00:05:07,2018-02-21 20:18:10,2018-03-21,904089b4cfa95d92587b5d9e9e12ebaa,2018-02-12
3bfcb67badce1259bcc45c6fd1daafdb,cafd195f26f4ca44012b5ceee8cc5b8b,delivered,2018-02-07 20:01:51,2018-02-07 20:15:31,2018-02-09 21:41:57,2018-02-14 12:08:45,2018-03-06,713a676a6d14aadc8cd4106a69013282,2018-02-07
b9b7f9bddf7affffff1c6da14e8144b0,a46d903e312bcaabd937e93363cae46a,delivered,2018-01-10 22:20:37,2018-01-10 22:33:46,2018-01-17 14:27:11,2018-02-03 07:12:40,2018-02-09,f5315bcc90298345eda0940a36cbe553,2018-01-10
ad1b9aae3e8a03190849a015fd26429a,e22aed657258e707c7bfdaf734971ba0,delivered,2018-07-24 21:24:13,2018-07-25 21:15:22,2018-08-03 13:21:00,2018-08-08 12:18:44,2018-08-21,0241fa2e9adf0576cb0f845377d05c03,2018-07-24
af83f5e5f987977b6420b4763517beae,1eabab60895d7199ae261bc0b489103b,delivered,2017-11-23 14:34:33,2017-11-23 14:49:37,2017-11-24 22:10:19,2017-12-05 21:24:54,2017-12-15,3ae00120dc6ef7c9b2bd9d255680e721,2017-11-23
f728a107d250094ad6878ff631492b3e,2c3f1477984c40ac05ae4324d06e379d,delivered,2017-06-05 11:19:40,2017-06-05 11:30:13,2017-06-06 16:46:31,2017-06-19 19:47:18,2017-06-28,3e8d755443b8998a6eb6eb9670b1e131,2017-06-05
c7c3a00f3958f5ce595a95a1a98672fa,da5faf362ea5bf19120d84fa6e8cec46,delivered,2017-08-06 15:41:18,2017-08-06 15:55:17,2017-08-08 18:42:50,2017-08-11 22:10:47,2017-08-25,6560eb332e62d95b9408f77386caf194,2017-08-06
ef499cbb85da7d399c43fe2eac17d076,fff55ba8dffa552b6fdfd86c2e806459,delivered,2018-01-24 17:29:00,2018-01-25 18:31:19,2018-01-27 00:07:09,2018-02-07 20:27:46,2018-03-02,d841aa88115365f9065248b6e49aaa2c,2018-01-24
110f6ca5866b291c8689e08bebf7f8f8,96fd06edf4a19ef74e5316052553b842,delivered,2018-02-14 11:43:52,2018-02-14 11:55:28,2018-02-16 18:53:21,2018-03-13 20:44:41,2018-03-07,b74721ba5a1ebdadc2c934e21b7e208f,2018-02-14
a4d5a2db8b3c359fa6da4c7836730c57,37cc3556e6997fba7ef6c028a9d233b8,delivered,2018-03-26 09:47:12,2018-03-26 10:08:27,2018-03-28 23:18:52,2018-04-09 18:00:51,2018-04-24,c7b06711a01c6120b23f584005cf7613,2018-03-26
12acc7b15e7e65ef48a7b01d3f42f1ae,3f81967fd64049341ca6b424b74064ec,delivered,2017-10-06 23:23:02,2017-10-07 01:25:19,2017-10-09 19:23:19,2017-10-24 20:03:23,2017-11-14,dc813062e0fc23409cd255f7f53c7074,2017-10-06
5278f92718cd6d3de89da59a99515b34,39c4545c05884339f82340bd79a8a679,delivered,2017-12-01 14:42:23,2017-12-01 14:54:23,2017-12-04 19:53:53,2018-01-03 14:10:29,2018-01-04,d8f5ee4b76c82faf04e01c0b5bd5e9ed,2017-12-01
e0281f23b49ca718b12ff1af3140db6d,aa8ae15ce20e0627991d9c3e7ac0dd14,delivered,2018-07-30 11:15:51,2018-07-30 11:31:14,2018-07-30 14:21:00,2018-08-02 16:59:43,2018-08-13,21ca0625d6f2e5f1560bb614095a4cae,2018-07-30
b6424e8ce7a66029b94b1221473c995c,17cc2e171c850fc31881782241caa4e4,delivered,2018-06-03 20:07:57,2018-06-03 20:31:22,2018-06-04 13:17:00,2018-06-08 19:21:46,2018-07-05,cf88f76153de49a51c20dda4fd422d44,2018-06-03
a911878b89655a6ca2a33ed01e1c8d3d,19f1fc491b7b350f93bb538f0cd48912,canceled,2018-03-05 09:28:19,2018-03-05 09:48:20,,,2018-03-19,a7833d728ffd7f7c2b419b749aa04e28,2018-03-05
1dbff949801376b8795a093d31cfe205,0cbd2df3d6e9d8b1eaf5cfefc44886bc,delivered,2018-05-16 14:50:54,2018-05-16 15:18:42,2018-05-18 12:10:00,2018-05-21 17:14:08,2018-05-28,1de8fb735d8252498d9a2f82a68c57e0,2018-05-16
3d4bfa3de7e617f61d1ee3c87e95b204,5e98755f49cf29e4e9e87d81d2f86db2,delivered,2018-05-28 09:26:31,2018-05-28 09:52:14,2018-05-28 15:16:00,2018-06-14 00:46:38,2018-07-16,8959d4251989df68934d67c1d32c5718,2018-05-28
ad9416072d65f536085a082274c80156,29f36192ba88e82563010d150f11cd90,delivered,2018-04-12 21:41:24,2018-04-12 21:55:13,2018-04-13 21:47:28,2018-05-02 18:51:39,2018-05-14,bf783db8369def80ea473a2dcabf7e67,2018-04-12
46ca5520b760899050553edaf87845fe,0120f40c1cfb22b538c7f78c8b5265dd,delivered,2018-05-17 08:48:05,2018-05-17 09:18:22,2018-05-17 15:17:00,2018-05-19 00:41:41,2018-05-25,b30f58f68baf0fa247393795de45169d,2018-05-17
63e4d9a8a382e43251ec90778af9db66,3eb74c12d592264782e26883dc7c6744,delivered,2018-04-26 21:12:18,2018-04-26 21:31:22,2018-04-27 18:59:00,2018-04-28 15:21:21,2018-05-15,60320fe20582b338f19257abf3fdaddd,2018-04-26
06cc571b0a86a28fa19139270e4d3aea,6c94244091c0ea6ecf242283e1455871,delivered,2018-04-11 17:29:35,2018-04-12 11:31:23,2018-04-13 20:36:32,2018-04-25 18:47:12,2018-05-16,6e7932d65c10afc9c622770cdf6e9d1c,2018-04-11
5b57e9de57b0d980b9a9049aeacc5955,953a4515d1eff98c3269cc3c42fcb779,delivered,2017-10-30 18:33:41,2017-11-01 03:35:21,2017-11-08 19:05:44,2017-11-13 19:32:03,2017-11-13,61a9153088a4f16da81e88b864f7f0e7,2017-10-30
efaeae23ce63af9377c93a7458a9011b,ea1cf488496888420bb499ec65e8349e,delivered,2018-06-30 20:53:06,2018-06-30 21:10:10,2018-07-02 17:18:00,2018-07-11 22:18:49,2018-07-31,bfd925a28d2db208b5c8940f856f7728,2018-06-30
839a61f2e7b3eb740c0cd5621dc3fc8a,a00153cd524cd6264bfc9caf183726ec,delivered,2017-06-08 16:55:55,2017-06-09 02:25:22,2017-06-09 13:51:20,2017-06-22 14:56:51,2017-07-05,8fa5ac8b4ec110223ff69c0eb10334d1,2017-06-08
8cb9dee4f1dcfd13f7dbe690e29570cc,b2d9f8e504f557a08b70facea3e5e167,delivered,2018-07-19 18:05:03,2018-07-21 03:10:22,2018-07-23 11:26:00,2018-07-31 01:18:29,2018-08-07,126e175452900c7f9955d5a70bf5008c,2018-07-19
362d05992700eba655eb66eae33e4d65,59f7075aab4387806b4268980afe1891,delivered,2017-04-10 15:23:41,2017-04-10 15:35:07,2017-04-11 07:08:00,2017-04-27 17:38:32,2017-05-16,980c131b2615eecf930d0f49b0eae720,2017-04-10
eaab44d4e74c7fffbef5ea53e34068a1,f12c3ed51e54cde5e656b7521495af82,delivered,2018-05-16 23:35:50,2018-05-17 00:56:16,2018-05-21 08:52:00,2018-05-30 17:49:52,2018-06-04,61874f8c7b44358a1ccea938e70ad6c6,2018-05-16
4381b4b79d51e72e0eb56a2fd1aea7b9,9a13a74d558446411f150f9d0e0fc8e1,delivered,2018-05-18 14:39:06,2018-05-18 14:57:40,2018-05-18 13:51:00,2018-06-07 15:21:25,2018-06-08,a4de894614ba705c21f2809f9eeec878,2018-05-18
b6e1fc67adee494c3288b775cbae5227,9ce10032cfbf7d2dd3cfe41c48625e59,delivered,2017-07-19 14:17:03,2017-07-21 02:50:14,2017-07-26 18:32:44,2017-08-04 16:42:59,2017-08-10,2f87954d18290f96cba6736b8ff5f6fa,2017-07-19
a04b6ad9c324577c000835fca4587931,84da725dbe39aa4d9c3005e868b26b0c,delivered,2018-02-08 08:43:00,2018-02-09 02:50:32,2018-02-19 15:09:22,2018-02-27 18:51:20,2018-03-07,9742cc7599fb25ee8555efc615ff013d,2018-02-08
ad27f40c6dd9ac7017b460bb1ad492f3,067b4d25cd355be5e70f7e0b62f511b5,delivered,2017-12-25 19:26:11,2017-12-25 19:33:21,2017-12-28 01:09:06,2018-01-05 22:24:24,2018-02-05,b6419866d526c1e55c3228280b50d6f0,2017-12-25
61c6a9da54016bc445060257391cf4d2,7bdbac2a334337f0613810f763a22cd9,delivered,2018-06-20 08:17:48,2018-06-20 08:38:20,2018-06-20 11:25:00,2018-06-25 19:02:32,2018-07-20,e093797de713d89a400499dbacc6532a,2018-06-20
1cf13598b7e6449603960c24184dee24,5a530074a06a772c8a9a6bb90151f04d,delivered,2017-07-26 09:44:12,2017-07-26 10:50:11,2017-07-26 19:47:51,2017-08-04 19:33:04,2017-08-29,5596da0d33997ed7cd9020fa7af0649b,2017-07-26
c570fdfe7c52f1a15c7f002b4dc46f6f,598e9e9241218986a88156fb2c51c7df,delivered,2018-08-20 19:21:03,2018-08-20 19:35:09,2018-08-29 13:44:00,2018-08-30 19:36:44,2018-08-31,5fb8f5b784dc8f85eaaef76b91faf431,2018-08-20
158986977fa0c5043a8200b6b4563979,a1746e37af49aa5afd6b195baed286eb,shipped,2018-04-11 00:34:32,2018-04-11 00:50:44,2018-04-11 20:41:54,,2018-05-09,fffcc512b7dfecaffd80f13614af1d16,2018-04-11
a5e12034f7049fdff88eb0b0a966a6df,dd6fe70c4b8eb1d8ef08330f8c4d7fae,delivered,2018-04-12 20:24:31,2018-04-13 12:34:19,2018-04-13 22:48:33,2018-04-25 21:19:20,2018-05-09,749996cec950efb90d14df23bfb9cf27,2018-04-12
9539ef8ecac29b0493590ef16cb8344b,9233e7930b00fb3cea4494cb15cfcb08,delivered,2017-05-19 13:35:36,2017-05-19 13:50:18,2017-05-22 08:34:58,2017-05-27 10:39:41,2017-06-12,0c323a2000ed807d998a8022fce32ae9,2017-05-19
7d63f6eebe0dba6fbe9a8c9b5d11aa96,bf00c57dea34fb09f3156995b583f6a8,delivered,2018-02-02 14:42:52,2018-02-02 15:17:57,2018-02-06 16:18:28,2018-02-10 16:05:32,2018-02-26,7289eb6c836623d8538893307fea6475,2018-02-02
34d0587652282a8e4f05da5083e1f276,571bc28cad276e1be2a13b7ecb386a44,delivered,2017-08-29 23:47:39,2017-08-31 13:50:09,2017-09-01 20:07:40,2017-09-13 10:24:49,2017-09-27,54f8af8e578927c6f2f8631e28c91db1,2017-08-29
92ecc22dcdb92188d9866d8b120c5428,1c14557efe31e653bb8541d684865668,delivered,2017-11-10 13:14:22,2017-11-11 02:55:46,2017-11-16 19:12:30,2017-11-18 00:21:00,2017-11-24,e9c54f3e386d135ff64806adb680920f,2017-11-10
5825f62edda362144cd0c349124fa927,69572b6a8713a15e9f1fa80b1620daf4,delivered,2018-05-09 21:14:39,2018-05-09 21:34:11,2018-05-23 14:20:00,2018-06-03 18:11:59,2018-05-29,7a78c6e53163e36c68d2f22f5909b0eb,2018-05-09
09356cee7d8fee33dcb3ee80c1ccb14f,b417a9a4c05c243aacb8d35106ed5361,delivered,2017-10-12 16:26:24,2017-10-12 16:35:44,2017-10-16 22:37:50,2017-10-24 21:23:26,2017-11-03,bffc4415e44bfe97f6a0267d81c294fe,2017-10-12
0c7561e19f14900c9c63487cc532f384,17c5a9997801ff12fa6faeaae9748630,shipped,2018-04-17 23:32:12,2018-04-17 23:51:37,2018-04-18 23:32:30,,2018-05-25,57dcd276abe018f38820b05470c100ea,2018-04-17
b3a2890a415faf6e555b875a8bf0f64d,332e8b08adaad28495a0829e0f46aa90,delivered,2017-11-15 12:19:30,2017-11-15 12:30:28,2017-11-21 22:33:07,2017-11-27 19:14:59,2017-12-07,2b29bb53f12c7ce566f012717a50a746,2017-11-15
e413fcce1c572bf00dbaa61203d45afe,3e2bc5a52f6f117478085f667ec285e3,delivered,2017-04-10 14:44:46,2017-04-10 14:55:16,2017-04-12 10:22:29,2017-04-18 19:55:03,2017-05-02,d4d86ac8af2a2611d9b360d28d4321dd,2017-04-10
3f53ab479c257a4c6c027d24e4a2ffee,03b75b4bb4d5f3145ec04664ddd53183,delivered,2017-12-17 18:25:58,2017-12-17 18:37:28,2017-12-18 19:52:45,2017-12-19 18:07:32,2018-01-05,f2d7e42571dc36cf945d2f671c177cc3,2017-12-17
2369c5b46de8023f54b0ffda76b5b033,09c9a5bac2090a35911123fdde817548,delivered,2018-04-15 16:23:42,2018-04-15 16:31:48,2018-04-20 00:25:41,2018-04-23 14:46:25,2018-05-08,75040767e7960d1480e126a186faa0f1,2018-04-15
885a4bc7ab1c81c53d7ea58b81bb90ef,607564faf101428f9bb69ffe578dff50,delivered,2018-08-04 15:55:29,2018-08-04 16:10:19,2018-08-06 13:19:00,2018-08-13 21:38:53,2018-08-21,c6d5793d0b594c9c3599c407f62458d6,2018-08-04
13f39faa772c108e863effadedd16a06,3e95b686c13d08206b2c07b838b65372,delivered,2017-12-04 09:54:25,2017-12-05 10:03:24,2017-12-05 23:36:37,2017-12-13 20:22:28,2018-01-04,3c198b06bd7a62f3e890000982a03f79,2017-12-04
12919bed2aced6d1fbbf96349b870522,e590e4a40e69ca1157be43adf2809413,delivered,2018-04-28 15:24:58,2018-04-28 15:51:26,2018-04-30 14:12:00,2018-05-03 15:28:51,2018-05-18,5403ae0e9f9257f39ea6ea9bc2ea3263,2018-04-28
5976280bcb9e91bcff848a26a932af9e,2f902ecc9673532b130b276c7c5f572f,delivered,2017-07-21 16:27:42,2017-07-25 03:30:33,2017-07-26 03:07:42,2017-07-31 21:46:58,2017-08-10,7996dcbf7b4e849fac211573e557e965,2017-07-21
7bd985354ccd17973f86e73806cda364,2f0c6507b587f1eaba8a9d3109cb830c,delivered,2017-10-09 14:10:57,2017-10-09 14:27:30,2017-10-10 16:49:00,2017-10-17 19:30:00,2017-10-30,36bc3795e815018d3e343fd526c1b6fe,2017-10-09
6f6938612fdf53d7b863eec877c1fbfe,f0bbb754a5855f669094d5049c09c548,delivered,2018-04-10 18:27:06,2018-04-10 18:35:14,2018-04-11 20:50:30,2018-04-17 18:06:46,2018-05-10,30a7c7292c38ac22477fcb75306ac4ef,2018-04-10
fa99f9d0ca69a5d2bc4c66f71e31918e,1b4882c34491435a12de614bb4fcce03,delivered,2018-06-26 18:43:01,2018-06-26 19:04:30,2018-06-27 12:04:00,2018-07-03 21:54:51,2018-07-23,a297a4fdb23af830bd780bd848858017,2018-06-26
e677510e2924d4e0abd70deded2cb95e,d5eab42c34326d5501a83b95468c2265,delivered,2018-07-08 19:59:16,2018-07-08 20:10:19,2018-07-10 19:50:00,2018-07-12 17:07:49,2018-07-19,e15ae7c3517bba339ef9889a7fd8b1a8,2018-07-08
0fba53cb4e9429e38cd2750c32fa24a5,90cf9029b6b6b9469c7f0f9c82a59da3,delivered,2017-11-06 15:40:30,2017-11-08 03:46:03,2017-11-08 23:11:58,2017-11-10 17:42:07,2017-11-17,37d35206031031985cbe5577eacbd0f1,2017-11-06
033af049cbcadb2511579b127ba27582,b1e9b2988dc3522049789d4794c3b46e,delivered,2018-03-13 22:39:15,2018-03-13 22:50:32,2018-03-14 19:24:42,2018-03-19 18:28:45,2018-04-06,3deb7bc22f1b3296b00e84e35a7df74f,2018-03-13
270087d97c6abc409514129d62d3a513,d412e4c4402192731f840c6efa07f3b8,delivered,2017-08-31 13:43:07,2017-08-31 13:55:17,2017-09-05 09:24:38,2017-09-08 18:26:09,2017-09-19,9ddce50308ba6fe94be1f939e2f30235,2017-08-31
2c7051c176c93c8ebbf5f8a23dc16e9a,ffde74a56e489b52112c7dbfff53d191,delivered,2017-07-04 21:32:20,2017-07-05 17:41:33,2017-07-06 14:26:06,2017-07-27 17:32:34,2017-08-07,f71e54b79ff6f63bd5fb1e90fa9e42c1,2017-07-04
9b7d6205af920c44be164e65895c4262,992399e000066a051a942f33f4501830,delivered,2018-02-05 12:16:57,2018-02-05 12:30:22,2018-02-05 20:57:05,2018-02-16 11:17:21,2018-03-08,1c03430fc6888907e9b29933307ccd78,2018-02-05
e9555dc20eba7e4e62210df1f438ea00,a69ec5f1dbf0907aecdb6eb748f70036,delivered,2016-10-08 11:33:25,2016-10-08 13:19:54,2016-10-12 13:19:54,2016-10-15 13:19:54,2016-12-06,0a02ba4243b1b0e048a3841d5758d113,2016-10-08
9e6e27636992efb64ea41832caa1ecd2,294224ab77ae8aaa31754ec26833ad8e,delivered,2018-04-30 16:52:39,2018-05-02 09:33:07,2018-05-09 13:40:00,2018-05-21 17:28:51,2018-06-01,44a269be45a77a86a2bc02877a8007e2,2018-04-30
a96843a8dacaebe8ab691a745032daf5,92de9528e4b8f2568745e095beb94aeb,delivered,2017-05-14 15:56:59,2017-05-15 16:05:18,2017-05-16 12:19:47,2017-05-23 13:47:53,2017-06-14,2d48cce6ed77d4963cbf11a7bbc979df,2017-05-14
b0d51bb5e23f53c3a6bb262cd435abd8,d34fd89980ade52d9649cda228f19178,delivered,2018-04-13 16:07:16,2018-04-13 16:52:23,2018-04-17 19:41:47,2018-04-24 17:58:34,2018-05-08,f4a34603fe4cb4c82037df6f28b7e511,2018-04-13
a3f91830d0e848e2824d4c772ebb7772,f985fbb6e309bce26a0523005408b5a9,delivered,2017-12-01 12:33:53,2017-12-01 12:52:31,2017-12-04 23:03:34,2017-12-19 19:03:12,2017-12-28,7ed5293a63918255d94117f23d036741,2017-12-01
ccce59b16257bf1384f3cd838824ac18,d52c717e770aa40d3c16072c3f2009f0,delivered,2018-03-12 12:58:00,2018-03-12 13:10:36,2018-03-16 01:08:38,2018-03-28 17:52:03,2018-03-27,55e12131e118275363fb4329662db57a,2018-03-12
417beda39306d49016d061e343c27dde,9f7ce73102ee4610f94a8c59cb1784fd,delivered,2017-11-24 20:50:51,2017-11-25 17:13:20,2017-11-27 13:41:56,2017-12-01 21:42:14,2017-12-14,d2e5627ca85062ed9d37b97e40a3aaa3,2017-11-24
d3454c86a9d5b5a519364756eea7e275,9a31b13d9e10e2bfae980026d4d10278,delivered,2017-07-19 00:12:19,2017-07-19 01:10:13,2017-07-19 13:37:40,2017-08-08 18:52:30,2017-08-18,271581db361c185cb5b18e78e1ae4427,2017-07-19
148540b1480015f3bc53f7f534d42652,a103e83f0190404e10491c929ba9dc74,delivered,2017-11-25 16:35:48,2017-11-25 16:51:54,2017-11-29 13:26:46,2017-12-02 12:17:39,2017-12-19,d4f4388f03135036533aca8e7b4b40a0,2017-11-25
6a8eb263ce16a204a4531e80e9bc83c9,ba686a58d61bb51decf9bbcec00cc130,delivered,2018-08-08 13:50:21,2018-08-09 03:35:11,2018-08-09 17:10:00,2018-08-14 14:49:40,2018-08-17,0f55c87763a0f9f303b01d292b4ca0bb,2018-08-08
141898361bb0d46d63ed9006323b19a9,446e77d0777423a19d093d39b7ef75ca,delivered,2018-05-08 15:33:58,2018-05-08 15:50:50,2018-05-11 08:45:00,2018-05-24 17:36:23,2018-06-01,43573e0c04f5af33469eee293a30e2b7,2018-05-08
e69a8cc400ec0d55147d287df178cfe3,f250157af1ed266f20280d20eac5d751,delivered,2017-12-20 10:08:46,2017-12-20 10:17:36,2017-12-20 17:57:04,2017-12-21 22:38:45,2018-01-09,ee1a82339774f6ad3fa1a99f96d53cb0,2017-12-20
6aaedd714ad6929fc4df8d51bd4cfe9a,b24e99c21cef9de4ad6b940683949ce0,delivered,2017-02-08 22:58:15,2017-02-08 23:10:14,2017-02-10 05:24:05,2017-02-20 16:23:56,2017-03-09,8d97ec3fada2f08485838b53e2d70bcd,2017-02-08
081d8e7957ea9756d18875b8505c2886,b09217cd25a81dffeccd1aeeb66fc004,delivered,2017-12-28 18:48:01,2017-12-28 19:30:50,2018-01-04 20:22:16,2018-01-16 19:22:30,2018-01-30,ce65851fb270ae61e30e5ac93e16c3c6,2017-12-28
1f2b13f5168b0700a870188e1e72fb1f,bb3288e699de01779884fda1c43734d2,delivered,2017-09-24 15:32:42,2017-09-24 15:50:20,2017-09-26 19:04:17,2017-10-04 12:47:36,2017-10-17,abc017d3113db8f1188effb0fdf80a76,2017-09-24
a9231cd2833cf50f90aae1a75dc7cc81,1586b0d408bbbf16b93d0fce9468894e,delivered,2017-02-17 10:32:58,2017-02-18 03:15:13,2017-02-21 09:33:45,2017-03-07 08:23:53,2017-03-20,353ef6cd716554aeacd247e61dd18c4e,2017-02-17
95a46ee84acaaabcaa312cd198120bc3,277f75ffd7746b6bb5995478da29cf8f,delivered,2018-05-17 18:32:53,2018-05-18 00:37:28,2018-05-18 14:29:00,2018-05-23 13:04:02,2018-06-04,df51e988b63ae327661ba775e3bbaffa,2018-05-17
318fcffc93b531c0230bb8c1ebd018c4,af7cff7c0a295ee40511ec0fcbd27d18,delivered,2018-07-19 13:34:13,2018-07-20 13:25:17,2018-07-24 14:59:00,2018-07-27 15:08:31,2018-08-09,fa2a54ebc9df126df892f33cb604e79a,2018-07-19
f9acbb9c41a974fa5fdd57e6bf85846a,fdcdab30bfa02a13cba1adeef408d4b5,delivered,2018-07-03 09:03:34,2018-07-05 16:40:33,2018-07-04 11:28:00,2018-07-10 17:07:33,2018-08-07,1062069afa25a490f187737cf2768253,2018-07-03
6d081f01954b384717392a20f7230f6a,0648d2dc9982b77534b6cf12e660fe66,delivered,2017-06-25 19:57:47,2017-06-25 20:05:16,2017-06-27 09:43:46,2017-07-07 13:49:46,2017-07-07,56d55a86dc7b29b7bcbdbc2f07d0cfd8,2017-06-25
a35936917bc53a9d8389a31035869711,5795eb268a358058e245b83429d1cc8d,delivered,2017-08-01 21:49:11,2017-08-01 22:24:05,2017-08-02 20:32:55,2017-08-16 13:34:02,2017-08-21,4c0c3fcaf24ccb9aa352452e2588491a,2017-08-01
04ac671da9c58d9111811d06df6d2513,775c4699698b1ee74e359daff3e7468c,delivered,2018-04-22 19:30:11,2018-04-24 17:51:00,2018-04-24 00:03:29,2018-04-28 15:41:49,2018-05-16,33d32e24685b7eb8a64f475c476af5e8,2018-04-22
17a0d6c98b2dc14bfc378f1ebe19b11b,db55e22111b4944405ed812da9fa96d2,delivered,2018-03-29 19:42:55,2018-03-29 19:55:19,2018-04-02 15:35:05,2018-04-04 02:05:23,2018-04-11,d0483da4154d89d9654d16a60060ff0b,2018-03-29
a954cee8e5a8a5e41db8a2bf64e5c181,9a5326ff4df6a2b2c11f843c2909d5d8,delivered,2017-08-17 14:51:06,2017-08-17 15:24:54,2017-08-18 14:33:01,2017-08-22 18:36:45,2017-09-18,f6b691512c970dd81434e6b437c66cf7,2017-08-17
1a96285240504cd5e3470a6dfed32e4d,1e47adc3adf1d905c6db3afb5592a8f8,delivered,2017-08-31 20:11:17,2017-09-02 03:04:33,2017-09-04 22:12:31,2017-09-18 16:33:35,2017-09-19,a031874ba94db25193265b3739c45ddb,2017-08-31
357faf30d677dbe3c31a345f7026a6bb,ae0b6f32627e6336a10fda276da71881,delivered,2018-03-08 22:19:41,2018-03-09 01:21:45,2018-03-09 18:32:07,2018-03-20 11:07:31,2018-03-29,26f06401a5374fd3d26b6eed06af675f,2018-03-08
9887daa2e1181336df4be8ea011d196a,9fe2f3fb24c5a450e4d649be659b692d,delivered,2018-04-03 10:52:08,2018-04-03 11:10:24,2018-04-04 18:58:38,2018-04-09 19:54:48,2018-04-20,cf20925bdb604a32a9862a3757fd6ff7,2018-04-03
458c3dd955b92e9289432f66ec35cf10,940b73d9af5cce19e400b7bc0fa9c48d,delivered,2017-11-17 15:28:37,2017-11-18 02:09:31,2017-11-20 20:18:49,2017-11-29 00:56:52,2017-12-12,227470d09f55bb503c07f9450457ff2d,2017-11-17
a69fb30a9523caa379e6031fd0c3a4d2,10a91148fa13611b75851e906551f77b,delivered,2018-03-31 15:43:51,2018-03-31 16:27:33,2018-04-03 19:08:46,2018-04-05 21:08:24,2018-04-12,d21712a24d0df3df39705cc77271b988,2018-03-31
a8f181d60a5b59513087247b0c3cb348,fc8c9486f62ba58809ef98a465da3307,delivered,2017-09-30 12:04:03,2017-09-30 12:14:21,2017-10-03 13:33:37,2017-11-03 17:51:42,2017-11-03,428a648759c323cbcd1daf533ad1a0ee,2017-09-30
f0ccded2c86244f755de08ec831108f7,6811eb8a30301283e739fdea3532ba97,delivered,2017-11-24 21:54:29,2017-11-25 01:31:48,2017-11-28 22:31:49,2017-12-05 19:29:32,2017-12-19,ff90c1bcac3301dafbe63f262480675b,2017-11-24
69cc55eb653cc27eea935e7a0d26b83a,b867c3da44a39181b0c4a1ef9c644673,delivered,2018-04-21 08:00:56,2018-04-24 18:25:47,2018-04-23 23:28:33,2018-04-28 01:54:46,2018-05-28,a4740e809e3d5ef5731e07bad80990f7,2018-04-21
c37d7909bc3c1037311795c9056acfc6,7f32b15eb2186290931b86a68f04807f,delivered,2018-05-22 13:06:25,2018-05-22 13:35:57,2018-05-22 15:27:00,2018-06-01 21:54:37,2018-06-11,0b9ae040f85e7cc54f7c20efd637c859,2018-05-22
27b102abaa3085c3b20a4610c892d795,5cf6a645acd4bbae3da587beadf43de4,delivered,2018-04-16 10:46:08,2018-04-16 11:52:27,2018-04-16 21:53:26,2018-04-17 22:14:36,2018-05-03,6f4fb141a2b38e490485fadd90bfbb86,2018-04-16
fffe41c64501cc87c801fd61db3f6244,96d649da0cc4ff33bb408b199d4c7dcf,delivered,2018-06-09 17:00:18,2018-06-09 17:10:13,2018-06-11 14:11:00,2018-06-14 17:56:26,2018-06-28,cd76a00d8e3ca5e6ab9ed9ecb6667ac4,2018-06-09
ae0b49f902be4012d913509645004e98,4d0cb78577848977158c7755edae4fe1,delivered,2018-08-02 12:06:11,2018-08-02 13:05:11,2018-08-03 17:05:00,2018-08-14 22:54:47,2018-08-28,d025012962ca2ba8ca4246a5a60003b1,2018-08-02
ad5a3cd2c183c5d45c24930fd68b58a6,683a74c85d1adc0b826dc6edc23587b4,delivered,2018-02-21 11:17:36,2018-02-21 12:15:33,2018-02-22 00:04:32,2018-03-07 22:42:12,2018-03-19,c7ec2bc1cfd0047fd1c6023fa0d25424,2018-02-21
b23f8178f3b6555a78a4ad844ed11c57,72304a5b10384c9f55714eb77abb1965,delivered,2018-03-16 11:23:06,2018-03-17 02:50:45,2018-03-19 23:38:47,2018-03-22 19:23:42,2018-03-28,86c7ca0abbc14188bf9f946e10702f95,2018-03-16
1ff4c20b2df8bf57ff19a6914f21340f,d48ba4f85199917958edc58ebcfc4577,delivered,2018-06-06 16:18:03,2018-06-07 03:12:28,2018-06-08 14:11:00,2018-06-19 17:38:39,2018-07-23,7b76603d8de22c5b7455ea09245ec50b,2018-06-06
8734de190473a38f024d7d620012510b,93f981296c84d4bb5e58924a81e11e0b,delivered,2018-08-16 23:47:07,2018-08-16 23:55:14,2018-08-17 14:02:00,2018-08-21 14:20:38,2018-08-28,873d98d2e001445b2f97b8a33d8b1bbe,2018-08-16
2457f30493cdc677ad02b57dd6d17285,15e004d388d75132c9f43433c4073f2a,delivered,2017-01-22 17:02:03,2017-01-22 17:10:17,2017-01-23 10:20:32,2017-01-30 19:12:42,2017-02-20,4c7c157b7ca1593ff4b83309db3a3255,2017-01-22
7307b10c1d2a536f3f07f18be33d9de7,a58271108e349e574b143bfd78c21e02,delivered,2018-02-07 22:21:56,2018-02-07 23:32:16,2018-02-27 22:49:55,2018-04-06 22:32:38,2018-03-08,5f84e9043a925cb8a774a6617399bb93,2018-02-07
b3271f5ebce80cbecb67c5b88487a44a,f54cb508ef48caa49036a5598c5068be,delivered,2017-05-07 21:49:23,2017-05-07 22:02:07,2017-05-09 11:17:13,2017-05-15 11:22:26,2017-05-30,3d66092b77465cef9b5ee637b2c0d8c7,2017-05-07
0fe71fb21be89a6d57f98ae7c65d80cb,0c3e6bbb4d61582f912d3acb1adb8981,shipped,2018-03-20 10:06:38,2018-03-21 10:10:25,2018-03-22 20:52:42,,2018-04-24,29e75e47742d649bc32e8f00133314d9,2018-03-20
4cda214be361d0c1d78e4beaac96496b,560bdee82cd21f8162ea1a5cc8690ca3,delivered,2017-10-10 17:29:05,2017-10-10 17:49:20,2017-10-11 21:35:41,2017-10-16 16:24:48,2017-11-06,143c7038d63b0d2617562ac352c31c78,2017-10-10
774ed7074481469e47592b5b0502efbe,4ac7f610ebe23641a39298e180ea2604,delivered,2018-01-08 11:30:38,2018-01-08 11:48:50,2018-01-08 22:37:29,2018-01-12 22:16:01,2018-01-31,5494162aeb7dddd48b95a307a468b9ff,2018-01-08
933a4d6f0739efd8aa68decea5b411c6,1b12b08776e3b17ca4a596ef872cce0e,delivered,2017-03-01 14:55:51,2017-03-03 02:22:34,2017-03-03 10:08:11,2017-03-10 11:36:39,2017-03-28,562c19b096d4d6f3a5bee07d8d8ea10d,2017-03-01
a0b07440df74d649da932c50deceeb54,a399db519e544aae00c545623a6b016f,delivered,2017-11-24 16:50:58,2017-11-24 20:36:35,2017-11-30 00:12:53,2017-12-13 15:21:36,2017-12-27,22e723bf3b9797bc5f50e36bc66fa851,2017-11-24
8ee8d07f430f05cc64d93f3c70bd41a7,321aecf88cdc48361653a5688ee1a954,delivered,2018-05-14 13:21:20,2018-05-14 13:35:22,2018-05-16 14:54:00,2018-05-17 16:38:50,2018-05-22,9b2e5141359d852b0a69e5ab37c7d737,2018-05-14
b3b6a35d33a79057c835f4d65c03a2ea,3d961940e450f7b2b5690cbd0ee5fa15,delivered,2017-08-17 15:24:09,2017-08-17 16:04:58,2017-08-21 14:23:14,2017-09-11 20:47:26,2017-09-15,72ac8059a9a54b1b87b8df2fab9510aa,2017-08-17
8d4c86f7bdc1beb6537f9c227dc16e76,cab1020e65f0807262252b3f21c8598c,delivered,2017-09-26 14:01:30,2017-09-27 02:56:52,2017-09-29 14:28:47,2017-10-12 13:16:29,2017-10-19,e9d6e9c04dc488718ceef8497b117373,2017-09-26
106ba1f32b6a3c0abf4d2845e03b3ab8,5f583bd5c920b2bed0367740a4324d4e,delivered,2017-05-31 09:45:54,2017-05-31 09:55:18,2017-06-01 13:16:41,2017-06-19 21:08:06,2017-07-06,8c3b6813badbdabf3d3a95a532522789,2017-05-31
67f755ebeb35fe46f6e389a1148a0f22,8c227dd7fa82ab7e110071418ac859b6,delivered,2018-08-16 20:06:10,2018-08-16 20:15:21,2018-08-17 14:16:00,2018-08-21 21:23:50,2018-08-28,9bcde0680c919dafc624bb445db28e7c,2018-08-16
0f2d5ecfa7bf7c7319f63e1ac4267b1a,f344c8cc5caaa9b1b529f699cc8900d0,delivered,2017-08-03 09:53:53,2017-08-04 02:23:39,2017-08-04 20:15:29,2017-08-21 20:07:45,2017-08-29,473e47de43fbdbf38eedc6869e7624fa,2017-08-03
a7b9ca3e1958817f0415ebbf1fef3941,c28f8e0e6f19fbeb9d27cc038e8e957f,delivered,2018-03-03 11:35:51,2018-03-03 12:29:06,2018-03-23 20:50:35,2018-04-18 18:28:45,2018-03-28,490d506e89c13c85d52896cf4364ae76,2018-03-03
cb3d8a1cca3468a5e99f78eaf49bce40,4481945a0554d214e5a43452060d68a9,canceled,2018-07-14 00:52:45,2018-07-14 01:05:10,,,2018-07-26,f53d78cb2bef71faba48e1e1b0316871,2018-07-14
c7c2fba00608a1ff64db7dccdfff901d,cb76227f1e96fa31a4b71813c1053696,delivered,2018-03-03 15:57:20,2018-03-03 16:08:49,2018-03-07 21:08:53,2018-03-20 22:42:45,2018-03-21,9948a1e99eefea54ce07e81c7787e8a5,2018-03-03
eaec9353fdfdae46bfe3cd8dac18b0c8,ac20409a5bcf2810040956b8fb803c70,delivered,2017-12-20 15:47:46,2017-12-20 15:53:20,2017-12-27 21:23:49,2018-01-11 14:06:27,2018-01-17,657dec397f46d84dbe64df2b0389b3cc,2017-12-20
99f0ceec90cf2c8545d450a651c76ad9,e6939985f0edb369553bd11344c855ee,delivered,2017-11-13 14:13:52,2017-11-13 14:31:15,2017-11-14 22:11:53,2017-11-21 21:06:30,2017-12-04,c58c44e660b41ee64c4dfdbf58253d96,2017-11-13
678e948d6ef6324c0891d0c714d23946,66b0c56bdeccde8a05900cb7efb2e1bb,delivered,2017-09-26 07:28:53,2017-09-26 07:49:15,2017-09-26 21:56:00,2017-10-03 20:27:33,2017-10-19,fdc66fe3bce0450c90ee4dafd14a0fa0,2017-09-26
b93abe6c29d3e10323f13afd27ffa9d9,7ca7b39b4d4978ef0a4709d4fd022801,delivered,2018-02-05 16:02:44,2018-02-05 16:15:46,2018-02-07 00:09:47,2018-02-17 16:08:17,2018-03-06,18bc47d32d84f5af7ca20509a0bf3673,2018-02-05
58f065048108c8f53b8fe8255fab3aac,ef9a972eb27eed728e810d7f569d4f6b,delivered,2018-02-13 20:24:59,2018-02-13 20:47:16,2018-02-15 19:33:08,2018-03-11 19:11:52,2018-03-07,f29e3450543a53a40c9c5f9d23d3c929,2018-02-13
5bc2858d960c9a5452d2f76492bfd948,8f5b434196ad2f7198ad310e0da08dbf,delivered,2018-07-16 11:03:07,2018-07-17 04:31:12,2018-07-17 14:11:00,2018-07-25 17:42:29,2018-08-08,60f9b5f98b5be3d7503cd980d77f6a5b,2018-07-16
70337534367fb81be994632264ee8f9e,8bc4500b8daa17dc6179adbc6a8ab9e6,delivered,2018-02-26 20:36:25,2018-02-28 09:29:23,2018-02-28 20:09:54,2018-04-13 18:18:29,2018-03-26,c36010361f43c8a8763c8751f7cda176,2018-02-26
6b6691a02fbc1d93db80af20e602b8e9,d4dd945fa58de986fe8b0fb39cc5f5fb,delivered,2018-06-13 12:49:43,2018-06-13 13:17:05,2018-06-13 16:51:00,2018-06-20 16:05:24,2018-06-26,90c39917dd6b60958fa4d82444b91789,2018-06-13
9cb058ec33cf6725b0fc1cf24525af9c,f3191db55e494d3b2261cde6f338cebc,delivered,2018-04-02 08:47:49,2018-04-02 09:08:50,2018-04-03 00:27:34,2018-04-13 13:22:32,2018-04-19,d6f513457bd5d3f69de2f1757001fa67,2018-04-02
4d33c3b8db205a116cc13b56b4cbf5cd,4c8d593df3cc547ce94aebece40f0aea,delivered,2018-08-01 07:10:31,2018-08-01 07:25:06,2018-08-02 16:31:00,2018-08-04 00:48:39,2018-08-22,8dca83ee79d162583345a8d6c98572f1,2018-08-01
4e61d7c6f86143c04ee80dae4955fd92,b7c8e76e67ea70f6aaa55aa9f847c0c3,delivered,2017-12-18 10:28:12,2017-12-18 12:45:34,2017-12-18 22:53:21,2017-12-27 18:43:40,2018-01-16,bcdf4386a30ea0fdeba75d11960d7918,2017-12-18
93cdd227e63b8b0bb8bcd95f462ef565,28b07564e377b397c3f81101b4f71377,delivered,2017-11-14 23:07:15,2017-11-14 23:27:03,2017-11-17 12:32:26,2017-11-27 15:42:08,2017-12-05,bdb22d4c0d396705deb190186e96b5cd,2017-11-14
af69a0637aaba8092dfd96632cde5c69,2b6f9a5c8518090032e4fd1114cbdec0,delivered,2018-05-02 18:42:00,2018-05-02 19:15:29,2018-05-04 15:25:00,2018-05-08 16:14:28,2018-05-23,44c321f7e47e5e46dd08da79f48c511b,2018-05-02
58317a8b3dfbcadbd945cb80dda94304,f559081f10290cf844cd5875a8524e18,delivered,2018-05-30 01:23:02,2018-05-30 01:33:34,2018-05-30 10:23:00,2018-06-06 19:05:58,2018-07-20,7a2c6e92264ad14c7b32843979ff2925,2018-05-30
490566f702bcd9c328d15da3a01706fb,d3e64fd2e5a062acc0c4eed5847143a0,delivered,2018-08-02 12:07:33,2018-08-02 13:10:24,2018-08-07 15:03:00,2018-08-14 22:51:10,2018-08-17,83b16f874d0dbf1553a9e556925dcad8,2018-08-02
3cc57d3144ae8df639a05eb5783f872f,34ed1c016090a8eb4ffac078c2abc343,delivered,2018-07-31 20:37:46,2018-07-31 20:50:14,2018-08-01 14:32:00,2018-08-03 21:51:43,2018-08-15,7f4ecb1b7d84711ba1f4cca0618ba63b,2018-07-31
ca376f8f4042e61688af8cfd32d4e80e,b7f5174046bcdba1e99c45d5227ada9e,delivered,2018-03-02 16:35:38,2018-03-02 16:50:31,2018-03-06 18:56:56,2018-03-14 22:44:51,2018-03-29,4f702b8f49f94571f343fddebd29fa3c,2018-03-02
671ac88df4b1b29a8c7a049140189bcd,46c370da1eb308908760b4b8e7a34675,canceled,2018-06-20 20:54:17,2018-06-20 21:18:18,,,2018-07-05,56f79e7fa10370a6acc1f70e805b6cc6,2018-06-20
df5f09e5abe6a879e4c73dab4eacc0fd,660bdc1f7809a4786ed1852b82b8addd,delivered,2018-02-24 11:56:59,2018-02-24 12:08:12,2018-02-26 18:19:12,2018-03-19 16:48:37,2018-03-23,20ea30acdf93b85fbdd5e0c3df0b51f7,2018-02-24
922d3b9f79fc080553f7a7e877c86bf2,dc1fa8bf46a0b4afeb55416fbec4e690,delivered,2017-11-20 11:45:45,2017-11-20 12:11:31,2017-11-21 18:41:38,2017-11-29 21:37:51,2017-12-07,53d6b9cc99f62289555aa1666c389282,2017-11-20
249e44947c66e3b0e46b3ba2f38d846d,22920e925fcbdd68ef776651f8c53cc3,delivered,2018-04-30 19:56:03,2018-05-01 02:55:24,2018-05-02 12:20:00,2018-05-09 20:14:48,2018-05-29,891778c525b6b0b4b973991aaa00f622,2018-04-30
0cc217cdcf3d4c3aec8a027679e21f89,cee2b2ed35e8bd1166ed5a4f0e45ddab,shipped,2018-06-13 21:57:43,2018-06-13 22:19:21,2018-06-14 14:13:00,,2018-07-03,3e4247d5dd8263bc06d82dd727b51dc3,2018-06-13
b59620194f1a281eb142e191d597aadd,6d25b4f566116a84edc38137ee437bcd,delivered,2017-09-02 00:14:09,2017-09-02 00:25:44,2017-09-05 11:58:16,2017-09-12 19:36:51,2017-09-26,c9900a8a1136563bb927539e5a5681ee,2017-09-02
37efcc525f7ea02668d6bcb7f8a2df11,627998518e729736c68e0040bd2caec1,delivered,2017-11-18 18:10:36,2017-11-18 18:26:35,2017-11-21 12:59:08,2017-11-29 22:39:00,2017-12-18,fb5ad6c23182ac9a66db83611b62b18d,2017-11-18
e1cefbb06b22dd8349b9f4797a338b58,71fc1f0e4c7d6e6d567898f0e825ef29,delivered,2017-12-20 11:45:55,2017-12-21 11:50:23,2017-12-23 00:24:08,2017-12-28 18:10:52,2018-01-15,0424daa71596f2bc340f965a82393205,2017-12-20
137d0174b6161980026a858b907762fc,bdb76be5d5a9873dfb4f392ccf7aa962,delivered,2017-12-29 13:50:00,2018-01-03 04:11:27,2018-01-03 17:52:40,2018-01-04 19:42:13,2018-01-22,8b711b2d774983d4649618d8c84656b7,2017-12-29
d7c70fb2bee123c2d2e46338c1b35f1c,8201dcb45400a528803f590ee1eb8bc0,delivered,2017-09-05 19:01:38,2017-09-05 19:15:12,2017-09-06 20:54:02,2017-09-19 20:37:03,2017-10-03,ada7f29a80cc8d907661a127454730e3,2017-09-05
b8e89b6c4b552e3302842c82c3d3690b,cfa0018ea537f7a14133c72d679afd74,delivered,2018-01-17 23:55:52,2018-01-18 00:10:37,2018-01-22 12:09:11,2018-02-08 19:40:38,2018-02-16,a91913d94fec6055b4b00fff604deb12,2018-01-17
4b32a4cdfc1b80066a8ee3a4b7a2094f,eb41a1c7f87e6e71b1db055df78e913a,delivered,2017-07-25 22:20:16,2017-07-25 22:35:15,2017-07-28 14:52:11,2017-08-07 20:44:03,2017-08-18,8f7c83c18daa73abc6d1f398552e547a,2017-07-25
3ba9c7e03e16689f18c77e2f5efd2af4,26e51150dfad8e72cb6698c93cb3afb1,delivered,2017-11-18 14:51:54,2017-11-18 15:06:44,2017-11-21 16:17:00,2017-11-30 15:31:50,2017-12-19,96d266e850aa2d7b9322edbd4554ddb7,2017-11-18
8d24e39cc7ee4017efd53c88a131b000,da6bee092c65d53d6a2a8a3b51d6cfd4,delivered,2017-06-13 11:34:47,2017-06-13 12:03:59,2017-06-13 16:17:08,2017-06-23 12:42:40,2017-07-06,15b002c1c3d9aeeaf558ae983635bf85,2017-06-13
3d4c0bee5a287df3c005b08aebb13911,ba160084e4df378993113c061b5fdb9c,delivered,2018-01-13 19:18:48,2018-01-13 19:29:43,2018-02-08 21:09:11,2018-02-17 02:32:26,2018-02-26,fac9eb2c3c550f64f779646726710b59,2018-01-13
d91fb0012308a7be17b8f4fb3534619f,19e9d692537065788a675ee5b1d3648f,delivered,2018-03-15 11:30:37,2018-03-15 11:49:59,2018-03-16 22:21:51,2018-03-18 12:28:28,2018-03-27,626876b36b0b5f14615c4d904f6ddb6c,2018-03-15
fae98fd8dd9729af2c8c95e16f3719a0,4a0fe2daf258db32318f5e80470078cd,delivered,2018-02-27 18:19:54,2018-02-27 18:35:32,2018-02-28 23:32:39,2018-03-05 23:32:07,2018-03-21,63fac7c4c3cfafa8fb86d88bc2022ffa,2018-02-27
fd814f791bd23e12edad7656f27a8310,aaf90b48c468223f8e602d937b2175de,delivered,2018-02-10 21:46:00,2018-02-10 21:55:24,2018-02-22 01:33:44,2018-02-28 17:23:17,2018-03-06,9623f3f91ec327fcbfe8bab241e55b16,2018-02-10
3cd3f3794a6d2adae68996a620bfb813,c7b0aa8f130eb64ddf65a2ea8dba85be,delivered,2017-06-20 11:36:56,2017-06-21 11:45:14,2017-06-22 12:42:44,2017-06-23 10:46:35,2017-07-04,5eeb8705e59bdc27e7ff8cfdd3cc4012,2017-06-20
0bec54b12e30ef962cea0714ea592545,d80fe862fc842cc85b3548679f505116,delivered,2017-10-19 21:07:40,2017-10-19 21:27:56,2017-10-20 13:25:26,2017-11-06 18:48:51,2017-12-19,075c38f7a650b0dc822712c7a58e93d4,2017-10-19
64a6cbaf0304bb145b7eae00fbbac35b,310ae0c5db4a725df3d7c74f27b403b2,delivered,2018-04-05 15:18:52,2018-04-05 15:30:22,2018-04-07 00:56:31,2018-04-10 17:52:06,2018-05-08,ac632f3aef3b65fdd24382d53636a308,2018-04-05
29b19fa421fe74d9add3a5988a5231fd,4a4a3cc29d727a8112ea6e4887174028,delivered,2018-05-14 22:50:22,2018-05-14 23:17:45,2018-05-15 12:14:00,2018-06-11 16:36:39,2018-06-07,0ed8c7592072d97553e58ae0f2c3fde5,2018-05-14
36f63f07e3c52585c8eb2795c466b3fa,400083d12b8d97a4a5eac5e61b2dcdc1,delivered,2017-02-05 13:58:46,2017-02-05 14:10:14,2017-02-07 03:38:32,2017-02-16 11:42:56,2017-03-07,ce97b9e2323a1219446848d8043f0d22,2017-02-05
9e659002324793f036fbe26aa8b5d049,d55a3f55879da02a6ee51d6b615a2200,delivered,2018-01-29 23:37:15,2018-01-29 23:55:26,2018-02-02 18:14:59,2018-02-25 14:19:48,2018-02-21,48d7af9c83fdb108d33354efaee0c5e9,2018-01-29
c19f01711a28636df6bb57d440865c76,65d99e66b6e608240d1bdd2743bc5a1f,delivered,2017-02-01 22:23:47,2017-02-01 22:35:33,2017-02-10 08:16:59,2017-02-14 10:54:38,2017-03-14,c3aa62e735ff564b7035699bb458acd7,2017-02-01
0fa61e1ac47c12200902e1f9d6b0e6ad,5ee14eede4d713df2ad505dbd0a2b3df,delivered,2018-04-16 21:44:44,2018-04-16 22:32:33,2018-04-17 20:03:00,2018-04-20 12:42:15,2018-05-08,ee9fec1e0429c0ecfc26e769ead29355,2018-04-16
8286f9f7b6a3079e7949956418237d99,4f5b0c80c1169bcedaaccd68aa3257f6,delivered,2018-02-23 11:35:10,2018-02-24 11:30:35,2018-02-26 19:56:40,2018-03-05 22:04:43,2018-03-16,24d46ecc9374c93de03e9120db443b70,2018-02-23
b45e88e636c88f0aa9ba543bf538fa1d,236f7b080d8547793a424de49f9589a0,shipped,2017-05-12 13:06:00,2017-05-16 03:31:03,2017-05-17 11:07:37,,2017-06-06,e764320fcdd6abaf4e20e88f024610f5,2017-05-12
b77827128d71dd90667727cb430e3d5e,93fa5e2415428362ac623bc88ac0f689,delivered,2017-10-04 22:09:37,2017-10-04 22:24:14,2017-10-09 19:27:02,2017-10-19 17:03:52,2017-11-24,b1c9793b7941a88eb247b7fcdf12c65d,2017-10-04
1434f15909999c1562d1c4a24a4409cc,6fd08fa27ae00ae1767b76668d46451e,delivered,2017-10-22 12:57:36,2017-10-22 13:14:21,2017-10-23 17:20:00,2017-10-31 17:32:19,2017-11-13,24e3176088f411887030891a3475f34f,2017-10-22
1e65b448bd96abe8434d64bc0ae4d609,7ef506b26788845ee213aa6914da6ff0,delivered,2017-08-21 17:06:20,2017-08-28 18:45:12,2017-08-29 20:52:18,2017-09-15 19:07:56,2017-09-25,52364d6ab04d39040efa6c5c76ece23b,2017-08-21
893e42bf7cf97596e55c45e7788451e4,2ea1e70e814723a2f9001e9411c2ffba,delivered,2018-01-02 11:43:50,2018-01-04 05:16:19,2018-01-08 20:13:53,2018-01-26 16:54:15,2018-02-09,a5a191cbd20e781e068420f6590212ee,2018-01-02
d79ddb434f71cfac3f5307ba5bed7fa4,2d2622ca8b7ae3317a869976c5513dc5,delivered,2018-01-09 09:33:17,2018-01-09 09:48:56,2018-01-11 19:49:45,2018-01-15 16:49:12,2018-02-02,01b51b6ca4757ff714f2a54043e5c7b4,2018-01-09
46e4d123d255804919f2b94c04130164,3cef296eeb5eabb08cf17d1fee573467,delivered,2018-01-13 15:19:59,2018-01-13 15:29:03,2018-01-15 21:12:54,2018-01-18 15:54:53,2018-02-05,c5f0ff39ec5c786fe420616211df95a1,2018-01-13
d70e8cbc1daa0295b64e9d465b8835a5,30d56add1d4e3d0f75a2069bef6f269b,delivered,2018-01-09 15:38:54,2018-01-09 16:20:31,2018-01-10 17:47:08,2018-01-15 17:34:22,2018-01-30,882b53e2cba717cbd1d8f2100c72f91c,2018-01-09
9345b6d9c1df4782997d1f2157647d63,c65dd94e69fd51ea41f87abcc2f1a318,delivered,2018-01-21 11:47:02,2018-01-22 13:47:51,2018-02-06 17:13:13,2018-02-07 15:53:09,2018-03-19,c9757aa35276c00b9c0536eec8c9e1e4,2018-01-21
749301535fc8f3a2576d3c52fcbc886c,4ef4f99132bc7ad0d21bb0a7487d1fce,delivered,2018-05-06 12:17:09,2018-05-07 16:12:54,2018-05-09 08:31:00,2018-05-14 15:56:52,2018-05-28,6a60761506f8e88ac227c68f2ea09864,2018-05-06
89e45e1dff3201529f9f95be3a986e8c,ff48f1a9014cdfc6f9cbfc1d0ac2b525,delivered,2018-07-23 12:07:52,2018-07-24 11:32:42,2018-07-24 18:10:00,2018-07-26 20:58:55,2018-08-02,a48a1b0b5708e03743e9564390772ed0,2018-07-23
7adfd8b0248ded6b457f8824ccb83868,140904bad39d04d7e6ad4b4d82e1dfde,delivered,2017-09-20 23:34:17,2017-09-21 18:04:35,2017-09-27 17:48:05,2017-09-28 18:07:57,2017-10-06,5802e2beb1b61c3ec744d5780f0600bb,2017-09-20
728d0d2a7f33afc28a73a8c3205072b4,540740333023daf16cb9792b6fa2f03a,delivered,2018-04-03 13:05:59,2018-04-04 03:29:42,2018-04-04 20:17:25,2018-04-20 13:33:12,2018-05-10,01196e80f5309cb251220a6a5b3f57f5,2018-04-03
4579adc6cf97f147f82693e0b25e3cec,c24079076289d150dc154ff63aa67b0d,delivered,2018-04-27 09:33:26,2018-04-27 09:50:17,2018-04-27 14:28:00,2018-05-26 05:56:29,2018-05-25,ba98641577fca3afb04c3d592fe9d23a,2018-04-27
e19a8635d806af6ae2d20b3de998b0c8,67a6887d8952c16de0e49e6ad2d6e2a4,delivered,2017-10-03 10:38:39,2017-10-03 10:51:44,2017-10-03 16:05:19,2017-10-06 18:28:02,2017-10-27,e1a3369d056da99d86a2a35b3eb18ac4,2017-10-03
2d5abff139e8101029312b689bfeae7a,662ab7afd6f9c9dfd5677cea9867f742,delivered,2017-12-01 17:30:00,2017-12-03 12:53:15,2017-12-04 19:33:59,2017-12-07 21:53:18,2017-12-19,018ccb97f791b89dc7ae72b4a114b00a,2017-12-01
03350e641d4d30d50b38c2e3030cd394,ef14d93cbf59599d4a12cec56b1962b1,delivered,2018-08-06 22:50:51,2018-08-06 23:05:10,2018-08-07 14:59:00,2018-08-18 12:22:32,2018-08-22,353abbc2c1236d9879d97de370db0980,2018-08-06
498e4c5508b686018306d8d363bc9d18,bf9a6df07d36ad102a5bb34767855b44,delivered,2018-07-20 20:25:35,2018-07-21 04:05:24,2018-07-23 13:31:00,2018-08-02 14:51:51,2018-08-21,765a9027d2ee6f5151e958a3da143286,2018-07-20
abb73303c54ebbdc9aa8eedc2e709572,b491d2051ba6d14b89800353c6e5c01a,delivered,2018-04-17 17:48:12,2018-04-17 18:11:08,2018-04-18 23:32:23,2018-05-02 15:52:04,2018-05-25,4e2d666f4bbc94a8ded712172a433d65,2018-04-17
e7d942c97ee9fd9ff765a96b3f34c48a,444a1621608ff176511eeb4776a7fb9d,delivered,2017-07-02 19:40:54,2017-07-04 04:45:11,2017-07-05 15:16:31,2017-07-18 12:18:18,2017-07-21,b6d6c02bf6afe006154a38cbd78e4d6a,2017-07-02
3d48d7055649a7d98f6a19f781314830,55b310ca8e15aae5537a5a579e8f26ed,delivered,2018-03-15 15:05:33,2018-03-15 15:15:41,2018-03-21 19:32:56,2018-03-25 15:33:12,2018-04-03,ea38ca2d5985fea5ff1c51a9ce4ed5d7,2018-03-15
3ba2d0012b1f34bc6ccbc31c4ba69f93,f840f0447008c6176811942645f9a30f,delivered,2017-12-31 10:51:36,2017-12-31 11:07:28,2018-01-02 17:45:59,2018-01-06 17:33:05,2018-02-05,0f424f4c18f96da61b1ecc28281a319c,2017-12-31
23e11352f110006a5cd8995c2ff3cd2a,cbcc198a933ae87960f5c4cb5f877769,delivered,2017-11-20 11:47:06,2017-11-21 17:58:26,2017-11-23 16:11:39,2017-12-04 21:35:49,2017-12-18,d15fb07319a69b9ddae13ea902e9b15f,2017-11-20
b4423cdd0316fb3064befb92d164de96,05a9e7f2eb9b68b7b7a74696782af52b,delivered,2017-09-13 17:23:32,2017-09-14 14:30:22,2017-09-15 21:17:45,2017-09-21 20:15:06,2017-09-29,09c6a4fcd6627d39d373e22df24b54a8,2017-09-13
a56dd0288c36351da4eed1f4c1c2ec09,bca253b7b38bfe69a1c54291927b9bbc,delivered,2018-05-21 13:56:18,2018-05-21 15:58:44,2018-05-22 15:10:00,2018-05-23 18:32:46,2018-05-30,c360c6aaf06a53d43f3479387a992467,2018-05-21
94895f7d1c2013757411b7ea098bd37e,b17f8ea7afaf8cee082eef734a05b772,delivered,2018-08-14 16:06:30,2018-08-14 16:44:03,2018-08-16 13:57:00,2018-08-20 21:47:47,2018-09-11,f7e480501b0efba0e54a019ad06b04f8,2018-08-14
2d7d78a1457c3765a5ee5dcae46046fd,cfa7b404a200ed9ca8df16515b5ac0b6,delivered,2017-12-01 09:21:34,2017-12-01 11:30:56,2017-12-02 12:22:32,2017-12-07 16:59:11,2017-12-27,c450d45f5d533d91e3dd695b08b55a36,2017-12-01
0cc64cf0340c6a2e2a2157f49454b639,451ac6258b909f1026bacd12f5a58e47,delivered,2018-03-28 16:48:44,2018-03-28 17:08:01,2018-03-30 00:11:53,2018-04-02 22:52:11,2018-04-24,d8aa989e502c162456da4c7da11d7bc9,2018-03-28
408e91bfedadd9e3a02ea46af7e6cb4e,25cdd696ed4c3f8f9b78a59a6b5cfcad,delivered,2017-08-01 09:32:24,2017-08-02 02:50:47,2017-08-02 15:17:06,2017-08-08 15:37:42,2017-08-15,0b5d59d4daa94a3cdb4b083bd0439072,2017-08-01
38b1a471932ac62050bd8c14492af2a3,84abea7c34696570a6c1f3a7839f2ee9,delivered,2018-08-06 21:00:17,2018-08-06 21:10:24,2018-08-07 11:06:00,2018-08-10 20:11:45,2018-08-22,991d8d6fd4f06905faf01b1a17505535,2018-08-06
adf7f5b036037967819357c0f0bf784d,6e8e627715e129ebad7fc89ecc2990e8,delivered,2018-04-10 15:37:11,2018-04-10 15:50:36,2018-04-12 01:32:58,2018-04-12 17:50:30,2018-04-26,13311146f695cf999bc37612c1330cdb,2018-04-10
b0cd3123ecc7babec23f9cb415bc6db6,6737682696919bd8d9f5cd4894676348,delivered,2018-04-05 22:37:33,2018-04-05 22:50:14,2018-04-07 01:03:30,2018-04-19 23:45:41,2018-04-24,6a40e308587d00948b7219535e9e556b,2018-04-05
6c6c1cd344b7aa200899204dec8c4a19,155044657ac8ff9f7187c39575a865a4,delivered,2017-09-14 19:08:45,2017-09-14 19:24:43,2017-09-15 15:45:53,2017-09-18 17:02:31,2017-09-26,03d4953a455f8489e712ea80699de878,2017-09-14
ea55dd40acfb6206bdf910b5e903ff77,b2e560f4f7541aebd3720c41ea3b2544,unavailable,2018-01-06 01:06:13,2018-01-06 01:16:29,,,2018-01-24,de34b16117594161a6a89c50b289d35a,2018-01-06
ca3625898fbd48669d50701aba51cd5f,0d861a5e4dd6a9079d89e1330848f0ab,delivered,2018-08-12 02:11:20,2018-08-12 02:25:07,2018-08-13 11:15:00,2018-08-21 12:18:48,2018-09-13,c8ed31310fc440a3f8031b177f9842c3,2018-08-12
ce44954b3198c35bbf785d9c95e28aa5,5624a5aa279ebf6c6e63676a1c14c249,delivered,2017-06-10 16:37:23,2017-06-10 16:45:12,2017-06-19 15:05:45,2017-06-28 17:11:54,2017-07-07,f23ceb8f983987bd6b0f3bde040fdade,2017-06-10
b3ccff708b4d00e9f5ddbbadfdf427b3,aeb04df5f92479711fd4d147f5a993c3,delivered,2017-07-05 13:45:16,2017-07-05 17:41:10,2017-07-11 18:47:49,2017-07-19 23:17:56,2017-07-31,8362d833c1b53d7c08ff61c9d9932225,2017-07-05
76a8a2d403c21555c48ffd596ba88b14,ecc0e4274407b3610d3788fada52bf96,delivered,2018-06-27 20:42:39,2018-06-28 16:50:37,2018-06-29 12:13:00,2018-07-04 16:33:04,2018-07-25,09724c5adca7283165ae69a30aa63d5f,2018-06-27
50da05e57f65f5b3704cf0cac94bfad0,e8856f4e0d925e70df96824c0f1e0c23,delivered,2017-04-24 23:23:10,2017-04-26 09:35:52,2017-04-27 08:06:30,2017-05-03 13:39:46,2017-05-15,93ff1fe457e3f7401765b02a1d2b7758,2017-04-24
575c5e709dbf9b5b4672e38d7972e728,085b18e815f2a1462b5d7b72a5dfd12f,delivered,2017-10-10 13:17:32,2017-10-10 13:50:32,2017-10-13 15:58:14,2017-10-19 21:32:44,2017-10-27,7d0f14e3f7944c2a815e0e24b3ae74d8,2017-10-10
384b106622904903b1b9425b14f7dd0c,b730b5bb73f94addc7bb956258e7b422,delivered,2018-02-01 05:53:37,2018-02-02 05:51:13,2018-02-02 17:44:24,2018-02-05 17:45:44,2018-02-19,6f2780a03a51e3809a3dfdcf330af486,2018-02-01
969fdc39db9756c2248743d1471f96f5,292e9e4a8662e772f1279f7fdc4ad746,delivered,2018-07-17 23:57:04,2018-07-18 00:10:12,2018-07-18 14:40:00,2018-07-31 19:18:50,2018-08-06,03fbe2c196c3f0812a34c264dcc617a2,2018-07-17
e09363048c9d0c0d860481d999934bb4,29c5a310a777e48df51e2b584f859b99,delivered,2018-02-27 16:42:35,2018-03-01 02:50:40,2018-03-01 20:35:42,2018-03-16 20:43:41,2018-03-26,de93854a8cac4d675be78481ebdcae8c,2018-02-27
30ab10f32069755262133fbe9579be9a,15ad51c10df4baff79f9bd1861ecf96f,delivered,2017-07-07 15:54:29,2017-07-07 17:50:08,2017-07-10 16:42:41,2017-07-31 13:37:32,2017-08-11,db3e57e17759bdd89b6c78ab1abd395e,2017-07-07
af42a8855a3f0b15c3878111efa19ba6,c631648416d171bac17536b0e588cc93,delivered,2017-06-08 18:45:48,2017-06-08 19:20:10,2017-06-09 12:34:16,2017-06-19 11:04:13,2017-07-03,9cb9e18ccdf5fb9abd08122545888873,2017-06-08
14a827496bbb61022f55a1c4ca62ac60,b8a0ae0eb9ed76529f4d262fe3bc3310,delivered,2017-11-07 20:24:40,2017-11-08 21:15:28,2017-11-09 19:18:39,2017-11-22 17:11:54,2017-11-29,2ccfac3d2d47192d87f701dad23f82af,2017-11-07
c33c7bd863246588e74b5371477857ff,cd5099b0fc495ab22cd35f7a060e395b,delivered,2018-02-02 17:24:58,2018-02-02 17:35:30,2018-02-06 23:16:48,2018-02-17 15:47:06,2018-03-01,cd1387715a82cd426b209704a487a335,2018-02-02
19d384f8370ca0d66c6c059da4c127cd,c4d5a7f1bfb1a15e89c93a2374e2a314,delivered,2018-03-24 13:12:01,2018-03-24 13:27:36,2018-03-28 00:44:37,2018-03-29 19:12:24,2018-04-23,5b5ce79e2d8f0ab28fbcaa8046087b48,2018-03-24
18c4a899f72e91da02c87e3242cfbe77,832c425d805ace936e71dde2ba4a9868,delivered,2018-02-26 09:28:36,2018-02-28 09:15:26,2018-03-02 17:42:53,2018-04-05 12:18:35,2018-03-19,aacc4126a6d3c9b69902b484ac54754b,2018-02-26
4bdb3af7b8d5db206e5ea7b4f964ba4c,7a5f00b8eaeff82f1d3be0ff6ef8035e,delivered,2018-06-30 22:25:00,2018-07-05 16:05:22,2018-07-03 13:56:00,2018-07-06 19:08:10,2018-07-25,b0d60f871dec79cae101d9e74c816407,2018-06-30
0d0134057a1e1269759c85b8a1696966,58cd250478f171fdcf35dfdb24fe02c9,delivered,2017-10-19 13:45:17,2017-10-19 14:14:16,2017-10-20 16:06:38,2017-10-27 19:57:57,2017-11-08,baa247804f57ccad00c17a8676574c8d,2017-10-19
a862ecff56ca6a3060e2754e31633320,ed192529f494e06fdd0f5ed6d97f1c56,delivered,2018-05-15 17:19:59,2018-05-15 17:38:14,2018-05-16 14:07:00,2018-05-22 16:34:33,2018-06-13,e246b874e1e1cc806156721be6c2f7b0,2018-05-15
e085a1b1ca9ba6f5fbde50295ce6b357,2ef522c87ac1508af9b31a67f36d4f3b,delivered,2018-07-27 13:43:02,2018-07-27 13:55:16,2018-07-27 14:03:00,2018-07-31 16:32:16,2018-08-10,ca16b60eec34dd3ad011825ff421add5,2018-07-27
a0b5c0a93889a160e7f4638322b9959c,6104e28eeabc55665817b8897914fbc9,delivered,2018-08-15 12:25:40,2018-08-15 12:44:15,2018-08-15 14:22:00,2018-08-21 10:48:41,2018-09-03,0516bba904d04d458f7b5759d84c87d4,2018-08-15
adc253f1977c81c2c29dc7b9dd23d538,fb4efec576433fef8284abcd8045ccbb,delivered,2018-06-28 09:45:58,2018-06-28 22:15:16,2018-06-29 15:45:00,2018-07-05 19:41:59,2018-07-30,8cceda9d14b22d0c1821475bc85c685a,2018-06-28
6c6fa28d797aaeb6b8d918dc102129af,09346ec9309d948658f658d1ae15d43e,delivered,2018-02-18 14:00:10,2018-02-18 15:06:45,2018-02-22 13:44:57,2018-03-06 00:05:33,2018-03-13,4434e1cf18f189d86a659cf9ab3f57dd,2018-02-18
be1b9fcc29d5416fe7ffc86782720aaf,926850cd530936100af53811884a6c4c,delivered,2018-04-24 17:11:49,2018-04-24 19:10:31,2018-04-25 14:31:00,2018-04-30 23:46:46,2018-05-16,eb9c037ec1ac4e30473bd568c0641556,2018-04-24
c0bfe4e5019c615b222f764dc9c20f51,e82e30a2e3e9732eb7ee6ccfab2ed181,delivered,2017-08-27 19:26:46,2017-08-27 19:35:27,2017-08-28 19:23:34,2017-08-30 18:58:11,2017-09-14,3172f4a1df0fed35b6fc6d99e7660d30,2017-08-27
ead6e94505588441e5b1137582a2a1b1,371d4dbc5b397a2d011aeeba1580f194,delivered,2017-11-26 15:24:50,2017-11-26 15:34:30,2017-11-30 22:47:37,2017-12-11 22:07:45,2017-12-14,92ebe191297a15dbd82c79561d5e1bdc,2017-11-26
7643fb0ecfc2447d800aa40f62ef7fdf,52b70e1407555bb7531ae05aa2c4ccbe,delivered,2018-01-15 17:12:41,2018-01-15 17:29:37,2018-01-16 17:19:39,2018-01-30 15:16:45,2018-02-08,5376307841b8790f853a1a3bd943b6c9,2018-01-15
67642a6b87ab5c8cdfffd5b81da8a501,3e6dfa790a707f380c06b3cc7377d744,delivered,2017-11-11 17:04:27,2017-11-11 17:26:16,2017-11-16 18:12:00,2017-11-27 20:32:57,2017-12-08,62427dae018e2e825db2d1b95522d5ab,2017-11-11
e673b9f72a66b7dcb090a3a488f17649,98fde29996fb49a66c8c157e9f42017a,delivered,2017-10-10 11:29:58,2017-10-10 11:49:23,2017-10-10 20:21:44,2017-10-11 17:03:13,2017-10-23,8dedfd6a6b9fbd42c529eec79521c34d,2017-10-10
c4a75a6df3e234dd684c7a6dd7e7b1ac,f4b0eb8851d99f6697be4118cb4870e9,delivered,2018-07-16 21:36:58,2018-07-18 04:41:41,2018-07-18 15:49:00,2018-08-01 19:37:30,2018-08-09,cbefdbda626423674030c1ce61a477e9,2018-07-16
fffe18544ffabc95dfada21779c9644f,b5e6afd5a41800fdf401e0272ca74655,delivered,2017-08-14 23:02:59,2017-08-15 00:04:32,2017-08-15 19:02:53,2017-08-16 21:59:40,2017-08-25,eb803377c9315b564bdedad672039306,2017-08-14
74d57affde20203d533384dafa37f324,52f02704d86432ee5cc102081bd388dc,delivered,2018-05-26 11:33:28,2018-05-26 11:50:58,2018-05-30 14:59:00,2018-06-04 15:28:52,2018-06-20,71b0fb23e063e93bf045ce737c5443a1,2018-05-26
c603557da211df150d679fa72fdf25a3,252c6185f3c1f1fa5a201249fd902885,delivered,2017-09-13 18:30:53,2017-09-13 18:44:16,2017-09-14 18:56:44,2017-09-22 20:52:23,2017-10-06,1e07ee3569fae88ca100375928a7cd35,2017-09-13
a9f7beeff5d3fdb2859b22c0dfde51ce,46b492d7574bee33a0b7377fa41d14de,delivered,2017-11-05 12:31:17,2017-11-05 12:46:11,2017-11-06 21:19:39,2017-11-07 13:03:58,2017-11-17,0f521a5df860500124a598e7a0db89b8,2017-11-05
80e834c250ad9420643210e6f3b5bd37,e2cbdb854a28ff842deb8592e8ef834f,delivered,2018-07-22 20:07:43,2018-07-23 12:32:03,2018-07-24 07:15:00,2018-07-27 20:39:21,2018-08-09,782192ec1b37a38c2cbcb0b1c99d87a7,2018-07-22
0a6667b832116a7484ae779b7b0b91c0,40c8f1f2aea77109365cfada5b3bebe2,delivered,2017-09-11 10:31:00,2017-09-12 04:45:47,2017-09-12 16:37:37,2017-09-14 22:20:09,2017-09-21,78b1e4cd6a09a7fd92260188ce1edd0d,2017-09-11
beb0371fd8e15514a2b14b1f2e023606,3db50d8c368d2073ee54b4f3aec24564,delivered,2017-10-15 17:29:41,2017-10-15 18:08:13,2017-10-16 19:58:55,2017-10-19 21:29:45,2017-11-09,e7407980bf801dc440dfba1d36dc6ff9,2017-10-15
661ab45d56f3c1ea4a2798d03710e3c4,f2f44651bf72c2b3ac527a8ccc57c796,delivered,2018-01-23 19:47:19,2018-01-24 19:37:22,2018-01-29 23:28:52,2018-03-06 22:09:20,2018-02-19,02b201bcaa62f2e65294692b30fdaa4f,2018-01-23
f98a633c73840753516ca92e24128574,d30f1d7a3fa4dbd466d76ae3c8082599,delivered,2017-08-30 21:34:51,2017-08-30 21:45:38,2017-09-01 18:43:50,2017-09-13 21:36:53,2017-09-21,ac866b5de5d174d371b4bc646bb1dc28,2017-08-30
9afe864f4e1be97abaf15a8107361413,606a373040ab8900cd368e44e6a7bb9b,delivered,2018-05-13 18:08:30,2018-05-13 18:32:14,2018-05-14 10:50:00,2018-05-18 13:12:44,2018-06-04,15830e3bb000855aa09f415315a6f37d,2018-05-13
71d33900d3db33c09ceff19ffc7ec460,e6e46fddabfda88207cc899d3231ce05,delivered,2017-05-14 11:48:09,2017-05-14 11:55:10,2017-05-15 07:34:39,2017-05-30 15:52:05,2017-06-02,3686ba65138205251eb8b2940b1f198d,2017-05-14
1f9ea60ec073f4edd0551763f608a2b2,eb9ac2d36f9e49d767195ae6769f27f4,delivered,2018-03-25 11:42:29,2018-03-25 11:55:48,2018-03-27 19:59:43,2018-04-02 21:57:03,2018-04-20,03a7ce913dd0cfe59f041029fdd9f326,2018-03-25
f245b1d57bf493d0db1e6118927db48f,817aa876d933bd2806295a5e44ce3f85,delivered,2017-08-28 15:53:56,2017-08-28 16:15:19,2017-09-01 19:42:20,2017-09-18 18:23:04,2017-09-15,248fe532b39744287cb5a5521a5c5d3a,2017-08-28
87545237ca3b1b733979d51fe73f8705,2c0509f68bb1ee9b27cb1786a9512d85,delivered,2017-04-08 12:38:02,2017-04-11 04:05:27,2017-04-11 12:25:13,2017-04-18 14:28:14,2017-05-04,b2a078cc9dd250ebef40f4e3d4e1d19e,2017-04-08
5a7b5740e46471f028be84f6424ca854,7f0d13232891b5b5facf3582456d8ebe,delivered,2017-10-25 13:44:07,2017-10-27 03:06:58,2017-10-27 21:04:21,2017-11-06 20:46:49,2017-11-16,a79f018f214e99a7551fd6efea6e2c4d,2017-10-25
96f4cc5fae35d1144e51ae9aec601f4b,3f2e4716a82393a3277d0ca84e9392ca,delivered,2017-12-17 20:49:06,2017-12-17 20:57:21,2017-12-18 22:13:44,2017-12-20 18:07:25,2018-01-05,4993ac622709f72e8eae01b5878e5c4a,2017-12-17
072b97d5244a16a4573ad547ea7d15b4,bdf54f7d1694971f430170fca990f2ef,delivered,2018-04-22 20:07:53,2018-04-24 18:35:38,2018-04-25 09:18:00,2018-04-30 18:32:07,2018-05-16,2530578c7db988c97b4afd8a3d44cfd2,2018-04-22
d81f982649f082683c9221af29ba1b51,9d47cabccbbfc9e98cde0402fae92cb3,delivered,2017-08-07 09:14:30,2017-08-07 09:25:13,2017-08-07 19:43:55,2017-08-10 18:32:46,2017-09-05,c0118e2c0a037c31aeca71d0b81f66a1,2017-08-07
e5c5696c3d5677d8344d887b87836487,e7c34b715991e5904f6556017a3dde8b,delivered,2018-02-25 19:26:11,2018-02-25 19:35:30,2018-02-26 19:35:45,2018-03-19 17:37:04,2018-03-22,bd37d10824f0024e6926f9c2040d295f,2018-02-25
aead5f6413ef9943082b3d3cfd37ccbe,2571d368d88ba3b8a3d8c8ac46744bbd,delivered,2018-06-22 13:20:25,2018-06-23 01:40:06,2018-06-28 10:16:00,2018-06-29 20:12:57,2018-07-13,b574d2e60bfb58f4e0986def9b3d7b07,2018-06-22
dae2457b7553ecd04b2141637d26f78e,3215e826a9197694f39b117ea398f7c0,delivered,2018-01-14 19:46:54,2018-01-14 20:31:01,2018-01-22 22:43:24,2018-01-24 17:13:06,2018-03-05,54d7ec78f72eec1208f2767fa4731632,2018-01-14
568337b4978bd295de7988937a5e2e83,aa00aa7ee7693323b5bf11d16cb5787f,delivered,2018-03-23 19:26:13,2018-03-23 19:35:37,2018-03-28 17:50:49,2018-03-29 19:06:33,2018-04-06,70f404c186e217fb8653a8ef353b7808,2018-03-23
4f16114f4cf6e0fbce58e1a335360dd6,7cb0f023081168c64df95ea05a7faf13,delivered,2017-11-26 17:57:38,2017-11-28 03:46:24,2017-11-28 19:37:09,2017-11-30 13:04:54,2017-12-11,92912f2f697286b095b0bfdcfa32dc87,2017-11-26
2e1124c96e6020420725d0f91ee109f8,17088b6798f3791e71000e09bec42f53,delivered,2018-08-14 21:20:40,2018-08-16 03:10:20,2018-08-16 12:41:00,2018-08-24 13:28:43,2018-09-18,dbbc5297c88f9b640386384070c81b7e,2018-08-14
c62927ace244ef7506c5f27952c158aa,3a6cd1ba814bc549ad4646d791289c13,delivered,2017-05-28 12:14:35,2017-05-28 12:25:23,2017-05-29 15:00:11,2017-06-09 12:12:49,2017-06-21,e7c843b4d40173d8a5fbee9db75fce55,2017-05-28
152b2e1ff936a6b9f522132cf806f2e2,1d0436d51f94ba63899c1c16aa7f51bc,delivered,2018-03-13 10:32:40,2018-03-13 10:48:02,2018-03-15 16:21:33,2018-03-22 16:28:57,2018-04-09,b301c5f01b5580a005e77435e073db77,2018-03-13
47273c48a7c7bb72eefff6de63be0b9b,18fe8875aadc2329681fc8e335d0a984,delivered,2017-07-28 23:20:34,2017-08-02 08:33:52,2017-08-01 14:00:00,2017-08-09 18:46:03,2017-08-23,215249ea52969f99e3f52795667f0f83,2017-07-28
d5d3b4b504a59a416704978bb72fce3d,9fe0cd1d9873dff9f76b9dd37009dc5a,delivered,2018-07-06 15:33:58,2018-07-06 15:51:08,2018-07-10 11:09:00,2018-07-12 22:14:38,2018-07-19,9f3495fec7de50e7f0e31d3f1ed3c526,2018-07-06
45d529cd3cced900c59bb90bd0a19ea1,ba42e1814205f030af1ecffbd2450712,delivered,2018-04-29 19:19:56,2018-04-29 19:35:30,2018-04-30 11:08:00,2018-05-15 15:13:39,2018-05-24,067aababad1d4ab2de52be25c7bc56f7,2018-04-29
399dc322c208425b2153b18060a25701,45aab0fbaef47a2e442d11e935033bf7,delivered,2018-01-21 12:28:49,2018-01-23 03:37:52,2018-01-25 17:02:48,2018-01-31 21:48:50,2018-02-16,27b538d46f75b2f6b7596fe86d04cf9d,2018-01-21
64b81667bcaa20ee36e42ba4997349f5,4aed2bbfa47e5b6053f2f2156ea28e17,delivered,2017-07-16 15:47:15,2017-07-16 16:03:33,2017-07-17 20:05:38,2017-07-27 16:43:59,2017-08-08,eba1e1b2d7ea6c818c254843e6c1a07d,2017-07-16
b8dabd1b3ebaab3808cbf73107a61a6b,9f07c4abba1bdf08f06ce4710331d778,delivered,2017-04-09 17:50:43,2017-04-09 18:01:57,2017-04-12 13:05:51,2017-04-20 13:24:23,2017-05-08,9aa827c8f91b60445792293946670ef4,2017-04-09
c6545a889bb2c26ba1f237d5d67b4908,614ab300812ac75424d354d4e99ecc35,delivered,2017-11-27 14:07:19,2017-11-27 14:30:53,2017-11-29 15:28:40,2017-12-06 22:19:20,2017-12-18,69e4e4d53b15424185b03157e1310a54,2017-11-27
738160e1aad4624cf632d3c29d428bfb,3e66d46ea1ea4b0c41a363bb6d9b7c86,delivered,2018-05-22 19:54:06,2018-05-23 01:18:09,2018-05-23 13:39:00,2018-06-05 14:45:14,2018-06-11,5950eb8fef0ee900da7fb4809ed0dd4a,2018-05-22
da69511456c7023cd57b53b888f9ab27,c2bbc83c60864126b38449e6094bb966,delivered,2017-10-15 09:53:15,2017-10-15 10:07:06,2017-10-16 19:42:37,2017-10-19 20:37:51,2017-11-03,deacf20ed832ecb2260955a369773c76,2017-10-15
9c94a9a237ea316d0943b5b635bc2598,1c64b273ebdd76fbaf24ce59c3f24ec8,delivered,2018-04-14 09:55:41,2018-04-14 10:11:27,2018-04-17 16:52:43,2018-04-25 17:34:53,2018-05-10,81d9488f92ca51f0a21338888015c189,2018-04-14
4a0b498204bb56ab863db1f1acd84288,28c28a770c60db37d33d17a2823dcec6,delivered,2017-07-20 17:52:10,2017-07-20 18:05:23,2017-07-21 15:13:35,2017-08-07 19:22:05,2017-08-11,6f707f7ff3ff2e09322bbd375d31058a,2017-07-20
43e6d698fe37c6ba287d6b20d552a8aa,ea86b67280b47ccf7168049027606125,delivered,2017-07-07 07:50:28,2017-07-07 08:06:29,2017-07-10 13:11:59,2017-07-20 19:42:35,2017-08-08,40cd90051be76f2ab8062eb2fcb2db4a,2017-07-07
359d387a5354eedce6105f09097195d2,0512c36c5e46fcfaa89c0fcc385d5ea4,delivered,2018-05-25 12:32:25,2018-05-25 12:57:17,2018-05-28 17:16:00,2018-05-29 20:10:53,2018-06-12,a4ee8b6fb45852f415f8291847dc5002,2018-05-25
96e427c3f1f84bc2ae037b8ca5d22110,b0a5d29291507b28fdeb2bcdc8141810,delivered,2018-05-06 23:24:22,2018-05-07 15:13:49,2018-05-09 16:18:00,2018-05-16 20:56:56,2018-06-05,20deda6c299ef7ba54763039eb4f2ff2,2018-05-06
bfad36ec8c862bac39b68d9490a76052,3aea78863339fe213efa7be1ed4299e2,delivered,2018-02-06 14:01:43,2018-02-07 13:55:39,2018-02-07 22:48:36,2018-03-01 23:08:45,2018-03-09,482be954c9c0f36c8f97df55f7359a8f,2018-02-06
4b87f012cca8b66163cea1b82d4afc2b,ab83aec447125dbf18edfd78471b9a0f,delivered,2017-10-11 19:05:29,2017-10-11 19:25:38,2017-10-13 18:12:33,2017-10-20 19:47:48,2017-11-03,9c96c91622cb35449952fbd419a6dced,2017-10-11
32ed6bdde31ea634e11323317933d24a,1806e78975e603273e7b1c9e0ce26262,delivered,2017-06-06 14:21:48,2017-06-06 14:30:26,2017-06-08 14:18:43,2017-06-19 21:09:34,2017-07-05,2e1b5569fcec6206569aa716d37afc86,2017-06-06
f51a08065b6699643aef19598fb9c9af,44e35ae6c8a2c24251e3efa3d96cf0cb,delivered,2017-08-31 15:50:24,2017-08-31 16:04:38,2017-09-04 16:15:12,2017-09-18 18:08:12,2017-09-26,ea94f7a5177a14fde12ff625b03dcd7a,2017-08-31
9479e50557f3b752df0424164eb69604,d5c138f172735c1c1577c1ebdc267782,delivered,2018-08-20 08:00:47,2018-08-20 14:15:25,2018-08-21 11:24:00,2018-08-24 15:12:00,2018-09-05,64279f54b703d1be3569d25f64dcbc6d,2018-08-20
cb9a5082043451c06352296e509cc24e,f72661bdcf57a1ace81791c42c20754b,delivered,2017-08-08 11:44:02,2017-08-08 13:00:14,2017-08-08 21:53:44,2017-08-09 15:18:23,2017-08-21,0875b9b3ae971f2075c8bcaec7ee0737,2017-08-08
bc8de2ce88f2522d4df000c2af088a11,741e403b68cd957402bdc4627d4d3101,delivered,2017-07-19 20:01:12,2017-07-19 21:05:17,2017-07-20 22:07:59,2017-07-24 18:39:24,2017-08-02,444ba8eebdbffe9a9a59e862be540612,2017-07-19
fe00e26eb05c951aad5cbc6b7f602edb,28ae744ec6e6b95d5cb8e45738080605,delivered,2018-05-23 11:46:15,2018-05-24 02:18:25,2018-05-24 17:08:00,2018-06-06 20:22:10,2018-06-20,f30ff190c43e37f23415cf8911aedef2,2018-05-23
4f8c25939ba36d08d148252e8b3846f1,2d39c751e91d476e9ff8b770eea07a99,delivered,2018-01-06 19:11:08,2018-01-06 19:18:20,2018-01-11 17:59:30,2018-01-23 23:26:40,2018-02-08,55a4c5ebfd8fcc86eb83882fa0464977,2018-01-06
ca0869c7a30172e146311fba95983c2a,ba23af9fce8e769f3585a865191154d2,delivered,2018-01-16 21:28:23,2018-01-18 02:11:51,2018-01-23 02:09:07,2018-01-26 23:09:20,2018-02-08,a9d7acee4c52b9f771c87b3742da7b03,2018-01-16
897bec88b385ac71b7a32e9d9097164a,26ba9c75a2c176cefb3311caae8af3bb,delivered,2018-06-05 08:03:03,2018-06-05 08:12:48,2018-06-06 17:29:00,2018-06-12 18:12:13,2018-07-11,04821927835e6a040f8a83ba4d54d998,2018-06-05
45da19cff07c4148ba32b1a6bb8d87c1,db704f7d5f899dac38fc1465f266694e,delivered,2018-05-03 21:20:51,2018-05-05 02:15:22,2018-05-09 12:03:00,2018-05-17 18:38:42,2018-06-06,2c75af924f40be14f1ce86edf46b0ba0,2018-05-03
9cb8f0af8d94e8eb6c245e305a1ee8d7,c58f80dae9018187e447c7d13c29100f,delivered,2018-03-09 11:21:11,2018-03-09 12:00:21,2018-03-09 23:41:56,2018-04-16 20:28:48,2018-04-04,d142b07a8b054198e13aff9c5a9f8b01,2018-03-09
270405232941d7da4e2b02fb8580f571,95d1f99786856f94ec5bcd00146d0e06,delivered,2018-07-06 16:02:38,2018-07-06 16:11:24,2018-07-11 14:28:00,2018-08-02 19:11:44,2018-08-22,cfc4fac78a42d7473d302f45a3cc2531,2018-07-06
c2e69397a4831c2a5860d032ddbbe8f0,ab3ea8185215696d5f1f67315316b167,delivered,2017-11-08 23:03:48,2017-11-10 03:27:05,2017-11-10 21:58:48,2017-11-21 17:09:13,2017-11-30,8b4a48873b894bf55ec077439584a8d8,2017-11-08
a64eb25e0dd8c44b06faa35ee742d6bb,145fda1b310e393e91cd50c00625d18d,delivered,2018-05-02 20:23:55,2018-05-04 03:51:50,2018-05-07 13:50:00,2018-05-11 17:08:56,2018-06-14,22bc71854eea9371852354dfc4a34f54,2018-05-02
d7b5d2ab1f5ac54aebca769d1d8f8a44,fb5c5195d3890f19b9b31002364311ae,delivered,2017-04-05 20:49:03,2017-04-05 21:02:43,2017-04-06 11:22:45,2017-05-18 11:16:52,2017-05-11,ce44e2bcca4bb93fb8b8d8ad07a75e65,2017-04-05
bf7dc02ad247527a27900abb19306a3c,96d93b5cda637617dcceb8e7059b19c9,delivered,2017-09-09 08:33:15,2017-09-09 08:45:12,2017-09-14 17:12:06,2017-09-19 18:42:16,2017-09-28,8ae3278d853e838e308cd77922061cfd,2017-09-09
99ceb37bf4c899aa443147118a509e3a,8e54b5b1e4935a0aed2ac2bad2b0995c,delivered,2018-01-17 19:46:16,2018-01-17 19:53:21,2018-01-18 20:52:30,2018-01-29 15:52:49,2018-02-07,5c6c284fd3894c5b1619cd7871e825e6,2018-01-17
06e084d4ca3391eeec0a110051d0cb29,45456cdd69ea63fc765c59119c064829,delivered,2017-10-17 22:17:02,2017-10-17 22:28:16,2017-10-19 17:53:26,2017-11-06 20:09:37,2017-11-22,f332ff19c6fa950c88a4598d47a93dfe,2017-10-17
85f900f229f817bf7e71ed0c9fdb4fa3,03933bd8f668c8444d5307d9d5d171eb,delivered,2018-04-23 17:22:26,2018-04-24 18:23:50,2018-04-24 16:47:49,2018-04-25 18:31:51,2018-05-10,9a0ee875afc94eecc7f41411782c13b0,2018-04-23
4bfc4fba07fff7db47e3017b9fe22ec6,249e70671556949c5abcfb6fff31af41,delivered,2018-03-06 22:36:06,2018-03-06 23:20:24,2018-03-07 23:36:38,2018-03-08 16:18:34,2018-03-19,2ec42f8d47796dd5c20d9e35a56397d2,2018-03-06
78643aa2e6713842c48dbd56fe2bf257,c99b0302e515be98bb31ac972f1d9379,delivered,2017-06-29 09:34:51,2017-06-29 09:50:12,2017-06-29 13:41:15,2017-07-06 15:38:54,2017-07-28,88cf5a1158e80342ac26f64e41a8cf1c,2017-06-29
1061bc32577c6b8beb107bf1b5a65175,33d1704b767156cfd686807522b86dab,delivered,2017-10-18 12:20:20,2017-10-18 12:28:27,2017-10-21 16:46:53,2017-10-27 19:05:24,2017-11-08,4df175730c8f2e007c28811903e84ad9,2017-10-18
93f5bba371d2fc9de34cea400e4f05ec,5415e7754e47d4252917df22db44f1f7,delivered,2017-10-16 15:29:03,2017-10-17 04:14:59,2017-10-23 16:38:14,2017-10-25 21:07:36,2017-10-26,dc673187e91a799814e3ba58243200f5,2017-10-16
d441cd7f8afccef29e5a0c8e3021d0de,54a4c64c93287805c37daacbcaaf43d2,delivered,2018-08-12 21:53:18,2018-08-12 22:05:11,2018-08-14 13:21:00,2018-08-17 17:08:36,2018-08-23,f0d52b021dbfdb9814121fe4b10e4533,2018-08-12
97ae631fa495a9b1e3a4b4f14379846c,d5274e418a2364b48a3399c4fadccbf6,delivered,2018-08-16 14:01:17,2018-08-16 15:05:28,2018-08-22 14:21:00,2018-08-27 18:41:26,2018-09-03,74bbd00f6ed06b3d6dcc9dec469ccca4,2018-08-16
0ccad283af81aa4910d7cd1e092326d1,4fd707ca46413cc24f686cddf08ca175,delivered,2018-02-22 08:18:52,2018-02-23 02:09:03,2018-02-27 18:09:24,2018-03-14 23:21:09,2018-03-19,aa7ec8eed57b57cba3883423af243b5e,2018-02-22
cb23b55fbda69bd2ff574bf553b47e8c,12f4fcac9258a27da9af48d59cc491e3,delivered,2018-04-03 10:15:31,2018-04-03 10:30:19,2018-04-03 22:19:31,2018-05-11 19:09:46,2018-04-23,8eb802e5a3d2c10e013126ac11954e20,2018-04-03
293ec51a1a182acaee7fab9845e8cfc4,a85af76ce632c736a185276682bfcd98,delivered,2017-07-07 18:13:59,2017-07-07 18:25:19,2017-07-08 11:46:44,2017-07-12 21:05:03,2017-07-27,1267b14027491ad79c2430cc99b48a30,2017-07-07
268c7ddac25f29e6e3b002a768eabab7,8f43a31cc6a96929674bd1e06da4d3a5,delivered,2017-08-24 12:21:35,2017-08-24 12:30:14,2017-08-31 19:29:11,2017-09-05 13:17:58,2017-09-14,71be5c9f1c5ae72263a8dcffa85a054b,2017-08-24
74b76ba8050a344dd92244b594b7c573,76450ab5f073123d0790b5e02e217694,delivered,2017-02-22 15:57:21,2017-02-22 16:10:18,2017-02-24 07:08:45,2017-03-07 09:49:04,2017-03-21,73e9e622285ad6db0576f2d88789564e,2017-02-22
2d759f2f4fc0dc05845a71118b1870e1,952f3c5b88acea4882984111a06c8dfa,delivered,2017-11-20 11:45:04,2017-11-21 03:46:30,2017-11-21 16:26:51,2017-12-06 20:51:38,2017-12-14,374375f8a47d9782455287c7b799ed26,2017-11-20
121cd10b6fc65a5c63862de57945f732,79429af0e8a782aa94d5abe05f3f4b13,delivered,2017-08-24 17:40:06,2017-08-24 17:50:18,2017-08-25 17:41:00,2017-09-01 21:33:35,2017-09-18,d3bf1bc92a7797c8de91897bb0e0b3a4,2017-08-24
c7474786cc1c0759264e3e6c464d21c6,84971871f375aeec76feee2a773d164c,delivered,2018-06-18 15:32:05,2018-06-19 04:16:51,2018-06-19 09:24:00,2018-06-27 01:11:52,2018-07-17,e7b35481f69de0c49f87fddcdf4dc273,2018-06-18
ec88fe39f596d3326cf0d10ba7927811,b7d128f4be4acdb1542687fe78eebbbe,delivered,2017-10-08 12:23:25,2017-10-08 12:35:12,2017-10-19 20:13:17,2017-10-24 18:18:17,2017-11-10,ac8d08607a8fac7c6d887fc378838142,2017-10-08
0482c10b78fefa5a30abb519aa9dee93,0355b0162c38169d5cf921cb9ba5ff19,delivered,2017-11-06 10:29:49,2017-11-06 11:31:01,2017-11-07 15:11:20,2017-11-13 18:34:48,2017-11-24,0da12f504835aca6dd7ca0701c736219,2017-11-06
2c9a4bb73b123a0d370e12b5bf22b0d7,3f49f4889e6b770c7864854ee9b552fd,delivered,2018-08-06 11:23:19,2018-08-06 11:35:18,2018-08-07 12:13:00,2018-08-10 19:42:31,2018-08-20,8e06c5fa3e89b2100b17357c309799da,2018-08-06
65bb139b1cb6db9d99a350fa4a7d68f0,5855110e604705924d9b962fbbf732d0,delivered,2017-08-08 19:42:43,2017-08-08 19:55:18,2017-08-09 19:27:57,2017-08-12 14:14:37,2017-08-21,46ac99709b2497c52b0b8ec5301982ee,2017-08-08
b2db15e922c61cffddb3d11773125084,aee3496751269f709691dcd669839fd2,delivered,2017-11-06 23:40:19,2017-11-08 01:26:18,2017-11-08 23:17:58,2017-11-14 22:03:16,2017-11-27,269404584333ceb567d7ffa0c068699d,2017-11-06
af3c2eceb3e982cca67b0bc26d5063d7,a335d0ee835610ce1355d57d727b54a1,delivered,2018-02-23 23:37:23,2018-02-23 23:50:39,2018-02-27 19:43:02,2018-03-17 12:21:46,2018-03-22,5fabe651857dca3672e8e033daa69cca,2018-02-23
b8dc2885c69be5975d9afdfd36b03297,1c5919078fcb6b7ffe5074a3088e651d,delivered,2018-03-29 17:51:59,2018-03-30 17:47:33,2018-04-04 13:38:52,2018-04-10 22:37:40,2018-04-11,623ecc5940e98f0b1aadfa42a621159e,2018-03-29
12581c5de9b60bf327002c906dd03e17,149aa6e315ac2e3c0b7e804a23e3f8cd,delivered,2018-05-21 20:44:03,2018-05-22 22:38:03,2018-05-23 07:54:00,2018-06-12 14:33:24,2018-06-05,56dbd502ac5ebc9e4de6fc7c42213b3e,2018-05-21
e57b0e7770a5b0018b9825dd05fd48c7,e532d763048b5c1fa38dbe3c03646d1d,delivered,2017-03-20 10:16:28,2017-03-20 10:16:28,2017-03-22 06:51:55,2017-03-28 16:18:00,2017-04-13,bc97ea4632786430a3eb32f1006c2e60,2017-03-20
493264ead614f3a1fed5ad555318b37f,22cbf19ce7079d172e726a74f0c5a65d,delivered,2017-09-20 17:57:24,2017-09-22 04:15:15,2017-10-02 15:57:43,2017-10-11 17:22:46,2017-10-24,81d8b17208155d42ea777ae70f9bff84,2017-09-20
1916e2d2cdf16f040d6dc7ca1da2f710,328b7317f9f2036922f29871e0c05456,delivered,2018-02-15 10:47:41,2018-02-15 11:07:43,2018-02-16 23:46:37,2018-03-09 20:03:42,2018-03-14,b906923870fdd2768303071d36393bfe,2018-02-15
6ad40910813e5836d9698b103b222e65,3b0083b0418552bc7b8a1a083d03b56f,delivered,2018-07-23 23:48:21,2018-07-24 20:44:16,2018-07-26 12:41:00,2018-08-01 11:03:56,2018-07-31,2fe5af51eacb6ecea9d47314c8e521ff,2018-07-23
d430c6c36d198f044555a51a5cbd4e68,5351c1e4ae199735063d6406cbd4b4f4,shipped,2017-07-30 16:45:22,2017-07-30 17:03:22,2017-07-31 19:42:24,,2017-08-30,94c0771ebaeaa71de6392e2f1e6e4328,2017-07-30
fba15b6166570bdffa6d84b98e0c11ba,647fcb132a1af0014cba5d45d57d93f2,delivered,2017-12-12 14:01:23,2017-12-12 18:51:39,2017-12-13 21:16:11,2017-12-29 21:28:42,2018-01-09,7fc2e54bf3d557c5085b650c943d0fef,2017-12-12
a0fa0b83af43ae62c675850384f13cdc,53d1d47296ea5f33007601cd0e58d2a2,delivered,2017-05-27 19:48:13,2017-05-27 20:02:05,2017-05-29 11:15:37,2017-06-07 16:41:23,2017-06-21,5c97a78a32251458dac4d675c872a9ce,2017-05-27
85bdbc455bb7860735bbc573bdc5eb95,61c00670f96298073332498edd20f4f3,delivered,2018-04-02 20:36:44,2018-04-03 16:49:22,2018-04-04 23:16:52,2018-04-09 21:41:44,2018-04-26,f349b18d0d0d9af0b098b59d15107ba1,2018-04-02
a2e554ce08ca39827cf3de0d0f5b36f4,0a4fa9d3cf031a8a4cdf08879cdd74c5,delivered,2018-08-05 21:27:37,2018-08-05 21:44:25,2018-08-06 15:09:00,2018-08-09 16:48:37,2018-08-23,8e6c00f85f4114571cb7f9387a46c392,2018-08-05
f6fb9f9b74dfe24666363e2b3dcd2dd2,0447d86a923f286dcdecab2c0240722a,invoiced,2017-11-21 18:03:54,2017-11-21 18:10:20,,,2017-12-14,788d35a7b2d874b34779c8af1e0f23ef,2017-11-21
e36c63ea06394d310e4b4ce9334c0392,9be0b5613b936b25b6a08a55ef737919,delivered,2018-03-31 16:15:43,2018-03-31 16:27:28,2018-04-03 17:34:40,2018-04-16 19:58:46,2018-04-19,d2465d471f76cc390d699f508495c2eb,2018-03-31
320a231a883ad030cfb2dead6f7bce85,cf6ebe00d7f37554fa8c871f776dd0bd,delivered,2017-09-20 21:12:23,2017-09-22 04:11:08,2017-09-25 14:33:04,2017-09-29 19:44:56,2017-10-17,51c4e19e22e3f73a2428ada2b6e8edcc,2017-09-20
2e509a0f39264c5e18d820911b16990e,46f57e51eb456cbaaaf90c702d03ea3b,delivered,2018-07-12 12:01:25,2018-07-12 12:10:19,2018-07-12 14:09:00,2018-07-24 19:28:54,2018-07-30,3bb7cc89fe4584b9d1a88c01bc5f3f81,2018-07-12
bb931b0509f3198e76b0e87ef16db694,e352109d03e19b783b09b739a370a5f3,delivered,2018-08-13 10:27:47,2018-08-14 04:05:42,2018-08-14 12:50:00,2018-08-20 15:48:37,2018-08-23,623f793edcfd07606238ea16fad4fc96,2018-08-13
dc35d914cb83cf05c85cdceb99c77989,3e862ecfb2ffaef14a4f7a10377a14bf,delivered,2018-03-09 15:01:01,2018-03-09 16:10:06,2018-03-12 18:32:52,2018-04-06 20:56:56,2018-03-28,a0473c784973eb981e835a87128c35ca,2018-03-09
30e7e338d14fc95a5aac82ae9cdcf2c6,a34be8fec22c6752e175b190fbf6d712,delivered,2018-05-04 17:01:31,2018-05-04 17:10:32,2018-05-07 12:31:00,2018-05-11 00:08:45,2018-05-29,8dff28537306faa453b6696981d6747e,2018-05-04
65cd98722f032097d67a7f2d9c97e503,58e372cf770f91c3f6ccff91e83aeec3,delivered,2018-07-15 21:54:03,2018-07-15 22:10:15,2018-07-24 14:13:00,2018-07-27 10:24:21,2018-08-08,ec2f6b63a78680026777526c6d4e6891,2018-07-15
e2fffc00c9decdb32b25e86a37f3ad50,7c7401a534412cfa74c30efe54616ca7,delivered,2018-01-25 20:00:27,2018-01-25 20:16:00,2018-01-26 17:32:39,2018-01-29 20:32:30,2018-02-19,7be95e5a6ce54f794576924aebf1e22c,2018-01-25
9d96a9e98c3d858bd5671f4063710829,ac45ee3e11fd372c565f108ca5b4c10d,delivered,2017-06-15 21:27:33,2017-06-15 21:42:26,2017-06-21 14:00:17,2017-06-27 23:22:04,2017-07-10,425391efe8e074a8daca1ddc620f1e20,2017-06-15
75df014e897510b97edbb6261ef40f82,61d1d67b171087d5bfcc5afaa0238c31,delivered,2017-12-13 21:34:31,2017-12-15 02:17:31,2017-12-15 17:33:58,2017-12-18 22:03:45,2018-01-04,9cc5a07f169a1606fd347a56683e6ea6,2017-12-13
7fc7535937ccf9f5b27d59d19c0ae9ee,34b3369d418f5343cb411ef62cd8d40a,delivered,2018-05-13 22:13:00,2018-05-14 13:56:56,2018-05-15 13:44:00,2018-05-17 00:28:45,2018-05-22,a3273cc5b69f034bf090c924b75c725d,2018-05-13
b3f55c2eb15cabe65b19af738e82b37d,641739b5e7243b3ea4c5cbf62bef17ff,delivered,2017-11-20 11:46:04,2017-11-20 12:07:06,2017-11-21 21:57:36,2017-11-30 22:15:27,2017-12-13,dda9c81c8e704e50434c436a3a178ffb,2017-11-20
85abe9ebac688730f1c3591c1ca2a167,4058d823a6156dd8f9a068750310bac5,delivered,2018-05-31 20:13:28,2018-05-31 20:33:08,2018-06-01 10:01:00,2018-06-02 16:08:36,2018-06-28,3381bbc6c746aa5ff869359fb016c9f7,2018-05-31
7c88ddf8606e3f7894758e90a6bbc399,dfce4481aee6a265f49b2645535fbc13,delivered,2017-08-04 16:21:55,2017-08-04 16:43:10,2017-08-07 18:47:36,2017-08-21 16:02:58,2017-09-14,447a91b1f9f2ace3fdbac8745a95369f,2017-08-04
8c3d752c5c02227878fae49aeaddbfd7,00046a560d407e99b969756e0b10f282,delivered,2017-12-18 11:08:30,2017-12-18 12:45:31,2017-12-18 20:55:54,2017-12-26 20:58:33,2018-01-12,0b5295fc9819d831f68eb0e9a3e13ab7,2017-12-18
f3b19f3b47994184f1b86c4d33f4d279,046a1632121428f36355b411b7e60bee,delivered,2017-04-23 16:59:34,2017-04-23 17:10:21,2017-04-25 10:17:26,2017-05-03 18:42:34,2017-05-17,31284ff65b82dd9571b788b1c3644fb4,2017-04-23
ea20ef3a1e2a7b607b1e3a99f9c660bc,cb0aedeaa6806eb9cd79fd0fce02ca1a,delivered,2018-06-02 10:24:14,2018-06-02 10:35:22,2018-06-07 14:14:00,2018-07-02 19:05:10,2018-07-30,a29f167de2fb28040df2f20035e51cb9,2018-06-02
427bdcc4eb03caf53fde12f57a84d443,0f5cb52a437e2f6062863423966ccb54,delivered,2018-06-06 14:47:29,2018-06-06 15:12:55,2018-06-07 13:29:00,2018-06-13 18:45:38,2018-07-12,df7491b778a4f160e6d0441eaeb59856,2018-06-06
444a494f39275142d9c75bd7307cdde1,79144f1b9488d523464997d56bbb6463,delivered,2018-02-08 17:00:48,2018-02-09 13:56:24,2018-02-16 16:35:30,2018-03-07 01:42:08,2018-03-06,1c2ffb8da2251634b36f29e272532134,2018-02-08
e365857ddb17a012e5120ac8ff489d5a,ac1e3b5b6111c2cfa405cf267cab3942,delivered,2017-11-24 12:33:04,2017-11-24 14:52:55,2017-12-05 01:57:03,2017-12-12 18:15:47,2017-12-14,30671808d6f5ac8b966de1a9e2fb9063,2017-11-24
d9e5efc8095789e6ed44f7419f794928,e3f6b4dae63c01a950abb74a779acd41,delivered,2018-08-16 09:59:14,2018-08-16 10:23:55,2018-08-20 14:43:00,2018-08-21 21:56:41,2018-08-24,fae7f4b13ec5faa2043dbdf28edce2ab,2018-08-16
3805a46a72cba13fc8a3920d6da681c7,34aac70467b94f3f31782b481073faaf,delivered,2018-07-02 22:25:26,2018-07-02 22:35:16,2018-07-03 15:50:00,2018-07-11 16:11:43,2018-07-31,bbae933638e0c8b2d9d09f85657439f9,2018-07-02
0641dec5794661d69c598d2535bc0b40,55c659609e77669f57655706b9777eb9,delivered,2017-07-16 17:08:08,2017-07-16 17:23:24,2017-07-17 20:33:42,2017-07-26 19:12:30,2017-08-08,99b2422f82c69dc544750a945b5f5406,2017-07-16
2f5124f516a7f5e4095ef4325d67c511,2d2259e2fbd96d9aae631389a1d22cf6,unavailable,2017-12-19 20:36:22,2017-12-21 02:12:11,,,2018-01-16,683cda1913456fb0cca302892b37a052,2017-12-19
663ea079977e933b9c2c27fe78b93629,2aef1e92b65aaf92fe0c6b5cc45f2060,delivered,2018-08-23 10:16:18,2018-08-23 10:30:15,2018-08-27 14:48:00,2018-08-30 13:34:51,2018-09-17,ca0a764300b58f2eef1726377e8e2766,2018-08-23
8b5512b2679b86761e6aadc28ed91762,ee2eee66d80a60f1761eedb7599a971d,delivered,2018-08-03 14:39:54,2018-08-03 14:50:14,2018-08-03 13:57:00,2018-08-22 18:03:43,2018-10-01,841397dd40072d8e2135cb0725d74ad0,2018-08-03
02c8875e5351540e76019fb7429e163f,7cbc9e8aed4560ebfd0195b5aa3be49c,delivered,2018-02-15 15:11:35,2018-02-15 15:27:14,2018-02-22 20:38:07,2018-02-23 13:48:59,2018-03-02,e1224167b1a3f92781c2ff55b0b794be,2018-02-15
f6af781541c4243d56cfd0e0bb073c21,332d9f65c4a4276b63f26a7ecea2efb8,delivered,2017-06-07 22:43:46,2017-06-07 22:55:12,2017-06-09 18:54:40,2017-06-19 21:51:26,2017-07-07,f9feadb2a1d47d6140a91f74d277303e,2017-06-07
96ac66ccf47cd62c9c986b5f551b260c,f9f037c3cba231a1f0b15a436dddf77d,delivered,2017-06-29 23:19:39,2017-06-29 23:30:23,2017-06-30 14:33:57,2017-07-06 15:26:49,2017-07-21,f9ecfb757755e4e8a017f14a27d1b736,2017-06-29
67fa9997945e53898352ceff7d7b37a6,140bc967eba0b06a0d1ce15242b1fe62,delivered,2017-07-01 22:22:43,2017-07-01 22:35:14,2017-07-03 13:39:57,2017-07-15 15:07:21,2017-08-04,59dcf68b1954f776983c28fc92b6a935,2017-07-01
3d062cd73698941c34fd1917e8f39482,ba5cdde41a363eb9644384100a76383c,delivered,2018-02-13 19:29:31,2018-02-13 20:07:32,2018-03-07 14:44:27,2018-03-07 23:38:59,2018-03-08,cc65eb813834c75435f7c5136c3c1575,2018-02-13
3aa8bb26ca992439ef2b340e0de63e78,aa7ccffddf3662882e50e67dbea2f385,delivered,2017-12-07 16:48:12,2017-12-07 17:10:40,2017-12-08 17:59:12,2017-12-28 21:45:22,2018-01-09,a0b4713c96aeb3aff3b23412e63d5f75,2017-12-07
d81092e5b4741adbb395bb5aba884c36,78d035468d20932fde6cde700713c2f6,delivered,2017-12-06 14:56:40,2017-12-06 15:12:03,2017-12-07 15:58:46,2017-12-16 12:47:14,2018-01-04,c1b3e1ae703adeacf2802d1bd761c9d8,2017-12-06
05d3e8073cc594f353b950b312fc207c,afde51cecb61ed0a18a8c3c1b6ae5b58,delivered,2017-11-30 20:39:25,2017-12-01 10:30:57,2017-12-01 23:43:07,2017-12-06 20:51:59,2017-12-28,71915dcc84d0e4eb3e0328b4ae1fcbc9,2017-11-30
135118d8d6f93cb3d6839435e5b6658a,4e6d10bcf05cedb6e0cd96954941c875,delivered,2018-01-04 08:33:01,2018-01-04 09:03:42,2018-01-08 13:34:24,2018-01-12 20:59:19,2018-02-05,e00c399775b2ae46b2454ffbd9770ab8,2018-01-04
09a02e80ddcc4cb25f8ca5e46c1020ce,ef0097d76f780cd9e2e00fcc456fb344,delivered,2017-03-03 20:39:32,2017-03-03 20:50:15,2017-03-07 07:22:09,2017-03-13 13:14:59,2017-03-27,4d4a47dd2222949b57335fbe74d9448e,2017-03-03
1a54edac5c05d136c2dd2203344e314e,2c255a49a69bc58dd3e08c4e3fd4def9,delivered,2018-01-19 23:18:00,2018-01-23 03:53:05,2018-01-24 14:22:41,2018-02-06 23:04:40,2018-02-16,4004558a5632322cec6dfba9cd8f3cf3,2018-01-19
7f02e78977f659514653ffa00dd65a08,d0d0a0ed305faf78cbb40c90f360351b,delivered,2017-06-14 14:38:17,2017-06-14 15:05:14,2017-06-16 18:44:46,2017-06-28 13:52:34,2017-07-11,c9cab74be920f0f9e0c11816b2784a4e,2017-06-14
aa447b34c5c14dc2b2dfe8fc943b0687,9332fab6aa1e64633f8da103639d51ef,delivered,2018-05-15 10:08:10,2018-05-15 10:55:15,2018-05-16 12:33:00,2018-06-05 10:13:17,2018-06-05,151df37be743c72ef08c3934db54d338,2018-05-15
bb4bfc8351c7a9340b9fadd09e26be8d,5437187d982bf848574521be6e2f15ed,delivered,2018-07-12 10:15:19,2018-07-12 10:26:05,2018-07-13 09:11:00,2018-07-14 15:29:41,2018-07-20,2e4fbd9d1d988bd69581e1e52b9bf606,2018-07-12
2ada8b30eb972328779ee8f9ffe37d6d,ffe6224c02307bc5fd2e5c7566bd674a,delivered,2018-06-22 22:14:51,2018-06-22 22:37:30,2018-06-26 14:48:00,2018-06-28 16:48:34,2018-07-17,6a316d035d582311678aa9697c9b31d2,2018-06-22
89c55bd386693745979c858f5a2694b8,49f09bb936129236bb452d7dce227c7b,delivered,2017-09-14 13:19:13,2017-09-14 13:30:21,2017-09-18 22:47:49,2017-09-25 16:32:52,2017-10-02,c816a2f9ad2ff2328aa169a5926cfbb8,2017-09-14
0d6a0453c500662c5e131395aa113900,fefda5eaeaf28f4982a6a46228c3eed9,delivered,2018-04-25 15:13:02,2018-04-25 15:30:14,2018-04-26 14:13:00,2018-05-01 00:52:44,2018-05-09,6dda44e41ec81153d34403cdd3c5e611,2018-04-25
8085aaa6e2ee2116465a459fdcde64bd,18914bacd6f0cb1785f7970be42fa83d,delivered,2017-12-05 19:02:24,2017-12-05 19:30:50,2017-12-06 18:12:35,2017-12-22 16:52:55,2018-01-05,cbddc85ed8c77a56bc0ba0cfbf057242,2017-12-05
10d44ee4790bc142618db5b1e687d8de,88d9faee23bcd101ae15648770a10e88,delivered,2018-06-21 11:06:02,2018-06-22 02:58:21,2018-06-25 14:46:00,2018-06-28 16:54:35,2018-07-19,fae9bd6c8ac1681e211b1fce5c4814af,2018-06-21
8aa9f9fb8d016c8abd90a65dcd7f2ab6,18c97899df0947157d3e829e27aeaba4,delivered,2017-01-24 21:16:24,2017-01-25 21:25:09,2017-01-26 16:34:40,2017-01-30 12:24:40,2017-03-01,d059a0ec4c911c7abb10602099670325,2017-01-24
fd7b969d5c0e4e9fd1b64259682a2aa0,6e64aee37916eb04dd628fdc4f4174a2,delivered,2018-02-03 18:03:45,2018-02-03 20:10:10,2018-02-07 11:22:16,2018-02-15 14:43:53,2018-03-01,a85c55413d197ae04c5ca191023f7e3d,2018-02-03
0cf68e3d525fbc20d4080a496006a8d7,bf7c8726d222f0d68a701aa4eece685a,delivered,2018-06-11 21:26:12,2018-06-12 21:42:58,2018-06-14 14:05:00,2018-06-18 15:33:25,2018-06-28,7a1d1f8d5addd247654cb07ebea65d75,2018-06-11
184cc3e09f63ccf3f0de8067b3badfb3,6e5579939594a12931611fb2b455b08d,delivered,2017-03-24 20:59:38,2017-03-24 21:10:12,2017-03-27 08:09:45,2017-03-31 14:42:37,2017-04-17,97258e1c1f77f32358eccd1c9ee5954d,2017-03-24
d58d1cce5f4ddbf91dec67d59eadd035,4db55f299675aae7e60ea54e437bd750,delivered,2018-01-12 12:56:54,2018-01-12 13:08:56,2018-01-13 01:35:32,2018-01-16 00:07:08,2018-01-31,b65381b27858a3c87f83c3f987d5ea52,2018-01-12
7fd6cd7e778c71e9b3721599948c104c,e8d04906f39accaf787450a1fbf3ad60,delivered,2017-05-01 21:16:52,2017-05-06 21:32:39,2017-05-05 11:22:24,2017-05-16 08:34:32,2017-05-25,564e41612fe5386af042e5f4977ffa28,2017-05-01
a31fbd130ab869e3edde0fa6549993de,7e51ac3b5f62aacfd31abde7f683d147,delivered,2017-06-29 13:44:55,2017-06-29 13:55:12,2017-07-05 16:05:16,2017-07-05 19:45:52,2017-07-28,bd0944c89dd1d5ed13dbd6ed22f6ab94,2017-06-29
7f1a31c40930c708c3439ddaff502b79,b4a9a78b5a1cd18b866c9dd6b4055765,delivered,2018-04-01 12:31:35,2018-04-02 12:30:21,2018-04-04 18:42:15,2018-04-05 19:48:30,2018-04-12,104d7176a59fd82e3c447072c40141d7,2018-04-01
dc3c5cc14cf6712c4e47880da72f341a,a49eca945e3519379c12d1a20ad83f82,delivered,2018-07-15 07:36:51,2018-07-17 04:31:35,2018-07-17 08:51:00,2018-07-23 12:21:50,2018-08-07,161a927c39ab276c394039d5f64c9c99,2018-07-15
c12a72f72509bcc1317ee119c5ade35b,fba9df63f86cae646f8d1a1f8c6bb85c,unavailable,2017-11-28 12:03:07,2017-11-28 12:14:48,,,2017-12-19,1f875cf1c019a2c1c29d14fa0602d793,2017-11-28
be49c4e4b3b0f04ec7752ea004feec8c,5cf67e8b0f3046587f30daa2ae1c3e69,delivered,2018-08-05 14:07:10,2018-08-05 14:24:27,2018-08-06 15:16:00,2018-08-10 13:32:27,2018-08-15,bebceda153d5cfb9db143960f3815ec3,2018-08-05
a9029e5bd9332bbe973f3680152fb397,19ad08b3871b3ed5c9bc241a8b4644b3,delivered,2018-08-14 15:32:22,2018-08-14 15:45:22,2018-08-17 12:50:00,2018-08-25 14:26:38,2018-08-22,d3caf5d529e2e6b541e9f9d585c48413,2018-08-14
20ed2a2a62a766cbb3f2636a85ce3eab,ee4924a569bd574dd0b2d9b86fa0e773,delivered,2018-07-10 13:20:06,2018-07-10 13:30:23,2018-08-01 13:51:00,2018-08-07 19:55:45,2018-08-02,4d6ca53037b523badc95efcb1c6bc8f1,2018-07-10
55be669b624a706853ba200519c57acd,3782f56019b01ac198bf586c13dc039f,delivered,2017-12-25 21:47:30,2017-12-25 21:54:21,2017-12-27 13:45:04,2018-01-19 00:18:27,2018-01-30,ef5b139f9a52a8caf6c3bac2bb5db2c5,2017-12-25
ceecd8159f59fa02f847abb28716bd09,23dc6b4a81c5e5897ca541952fb936da,delivered,2018-02-07 10:38:48,2018-02-08 13:55:30,2018-02-09 00:49:01,2018-02-16 20:57:48,2018-03-13,1aa871c2ab8bdb23375c428ad1c3f3aa,2018-02-07
e153f584d70397c494b74b0dab983728,de0029f32ce5af88c35451d139bc5d65,delivered,2017-05-24 18:41:23,2017-05-24 18:55:14,2017-05-26 16:12:41,2017-06-06 13:55:38,2017-06-21,211e999f66da3c5950fdc055c9799d59,2017-05-24
30f5bfc25003d29ee5207083263d3ee6,969769c94ebf3a6fa4c36060dbffab4e,delivered,2018-07-23 17:21:43,2018-07-24 10:32:28,2018-08-03 14:35:00,2018-08-07 21:47:32,2018-08-16,1d7e8be24bca64576da891970638bfe3,2018-07-23
8e79eeb59f5108d06a807743a3482bfb,fbfebde26d0e73345094b962c8209a1e,delivered,2018-01-17 13:44:31,2018-01-17 13:52:27,2018-01-23 11:28:57,2018-02-09 20:57:58,2018-02-15,52d16f850d28dac88f88803c3de3b0a1,2018-01-17
9057b899f36887819dff05586e5d11e1,1c0424aaab000351a8ab54c5a343101a,delivered,2018-08-07 13:22:04,2018-08-07 20:05:01,2018-08-08 14:47:00,2018-08-13 17:12:13,2018-08-23,9fe07404a97e688ba9fc3dc107f094e5,2018-08-07
46e0dd5cd4dd2530f0e9563886d82e09,6b57e6a310995d960e19f631db8459c3,delivered,2017-12-18 08:37:49,2017-12-18 09:38:23,2017-12-19 23:27:02,2017-12-20 21:15:15,2018-01-05,124bc4ca06659f7567ba311be37f2aca,2017-12-18
f275879ee3e5b5f212e1d4079ab21ec1,fc2f56601bbd8434a91b963b8ac49f35,delivered,2018-03-06 14:25:20,2018-03-07 02:15:29,2018-03-07 20:45:04,2018-04-05 20:47:43,2018-03-29,a1f6aec75e41168caba548372f245c68,2018-03-06
67ad8e83f26ed7bac15a552eecc412cb,a4af3a9be469b173ddda8880112a8af5,delivered,2018-07-07 17:22:26,2018-07-07 17:30:13,2018-07-10 16:31:00,2018-07-13 20:41:40,2018-07-25,2c1abdacdc7474484532eb334dbfcb13,2018-07-07
1fd20dcd28f95b7f60b8b09212db9f30,2730b508803cd84b892f1a6f93da0f70,delivered,2018-06-05 13:12:33,2018-06-05 21:53:10,2018-06-06 14:07:00,2018-06-15 15:03:51,2018-07-16,c1a3b5e9fc0e5ec53a4338401b2c6caa,2018-06-05
334e118f51cc0e200822d5f117db5f19,3dac5699934ea2362f24a47eee4bb66f,delivered,2017-08-31 09:24:13,2017-08-31 09:35:15,2017-08-31 18:19:00,2017-09-01 19:59:53,2017-09-19,33f95dd167f149460ff8823a314e5ea6,2017-08-31
0870e65cf1b3551a87735b85ee9dd147,8a3ff5438e69e032936ab47f419c9576,delivered,2018-05-23 23:17:40,2018-05-24 11:53:35,2018-05-24 15:03:00,2018-05-25 18:41:46,2018-06-08,02a2144d4ae1760a74cedd6b5bfea147,2018-05-23
ae6feb20cf51351ef91ecc628da2c6e6,73161c7781b0dd1b80d67795ddb2eae3,delivered,2017-11-10 15:25:49,2017-11-10 15:35:46,2017-11-14 21:38:56,2017-11-23 17:52:11,2017-11-30,cd1e749cb3d6d9905f79fa9d427451c7,2017-11-10
4d5779c1406a8459afe82091e0dae935,bbe883b13f1341dded5fb286bca6a1a3,delivered,2018-07-26 21:38:46,2018-07-28 03:35:09,2018-07-30 13:17:00,2018-08-13 17:02:36,2018-08-29,9010ee092258b05c97a2ee2755ac54b1,2018-07-26
59b67c775c6a905fc4faac69ca74b5cb,aba2b5ee08c838ca0d89220cba929d11,delivered,2017-11-29 11:03:40,2017-12-01 12:31:35,2017-12-07 15:22:42,2017-12-13 17:27:16,2017-12-27,eb4c7dfbd6f9453d65d48b21efcdfcf7,2017-11-29
304eb677297815981a2cf4f53af3588a,58c9b393766ef57c16d45f7736333b3d,delivered,2018-02-20 13:39:44,2018-02-22 02:30:48,2018-02-27 00:18:37,2018-03-01 00:45:57,2018-03-06,680f0cd9dc55b9cbf4ab63649fafef44,2018-02-20
600f8e805d1ed7fb72f4f33e3ea812fe,a2db663a96649cbb12a8df657b52ceda,delivered,2017-11-27 15:23:37,2017-11-27 15:30:23,2017-11-28 23:33:54,2017-12-15 22:53:09,2017-12-28,7b69c3a90129e6eb613e03f418ff3f74,2017-11-27
2d82dd44bd4ea2cb852068142568d5ce,83f88341610abb047d8cfa4f0e19dc91,delivered,2017-07-09 09:59:04,2017-07-09 10:10:22,2017-07-12 16:53:01,2017-07-24 23:28:46,2017-08-01,c5bbb7acfd67acf6c23a21f910404f40,2017-07-09
1fb28905c05d166e536359d8f87de8ad,30b0e5b92581e38246993fe1808bdadf,delivered,2018-05-15 13:36:40,2018-05-16 13:33:39,2018-05-17 15:34:00,2018-05-22 20:03:32,2018-05-23,ab4f4c7e4c8db698d574957a76b94bc2,2018-05-15
8c802dd7e15769c1bb543be2b54ac9d4,2cee507abb562913583ad369e36ca57b,delivered,2018-07-16 21:46:38,2018-07-16 21:55:17,2018-07-19 06:06:00,2018-07-24 17:43:38,2018-08-07,2fcf18dff9662f0e6e8471f786b6f7fd,2018-07-16
af95781f6255cd40abd71198c2ed8ccf,d498c7b6c3a02dd3be0236f38769af04,delivered,2017-11-23 12:10:42,2017-11-23 12:19:02,2017-11-29 22:34:44,2017-12-06 14:48:48,2017-12-14,0af52849be97b0c8316e1d6f342dc7d5,2017-11-23
e271e657e4d6b7cd8627e5ba90ad3929,01a353696002ba824955de7bfac767b3,delivered,2017-03-10 12:46:23,2017-03-10 12:46:23,2017-03-17 13:23:37,2017-03-22 15:25:22,2017-04-04,35203809e988e444407e13fcc4789970,2017-03-10
a72d5b964207fa70e4ac5ce9efd33c96,01bd3cc201383c0055f6b128fd089f1a,delivered,2017-06-01 16:05:28,2017-06-03 02:25:18,2017-06-05 14:09:39,2017-06-09 07:25:46,2017-06-29,e031118eb65330b4c180522f2743cf51,2017-06-01
f1f77c2644fb432824a8e7183f325b11,6d18a9e76b7b95ff185b3ac7849f81e6,delivered,2018-03-04 10:33:55,2018-03-04 10:48:57,2018-03-07 21:10:08,2018-03-22 15:54:46,2018-03-28,969cab75f6090ab67fbea22a55e1c63b,2018-03-04
174b81b8891c8236be516fb8097f729b,144bb6dcbed94956a8473aad73f0987f,delivered,2018-06-30 07:43:15,2018-06-30 07:55:10,2018-07-03 14:08:00,2018-07-11 01:14:18,2018-07-27,84c6b62a0ae42363ad632eff734eec12,2018-06-30
c1d2b34febe9cd269e378117d6681172,8912fc0c3bbf1e2fbf35819e21706718,delivered,2017-11-09 00:50:13,2017-11-10 00:47:48,2017-11-22 01:43:37,2017-11-28 00:09:50,2017-12-19,9eae34bbd3a474ec5d07949ca7de67c0,2017-11-09
2b05f56f631529c762126ac8d9e572d1,c04b625103f905855eb698be5011b29f,delivered,2017-07-29 21:44:35,2017-07-29 22:03:20,2017-08-01 17:42:19,2017-08-16 15:41:53,2017-08-24,e11eed456671b18c2ea5e399263c8c4f,2017-07-29
68a688be62a4e82e6f8450c215d3fdae,e9957015777b9fa682e9cab2e94419b3,delivered,2018-05-08 21:08:36,2018-05-08 21:34:12,2018-05-11 17:09:00,2018-05-18 15:18:53,2018-06-04,70fc429b7bf128070c74d50e27d0c6a2,2018-05-08
7d132a063e085c4275230bf581daaae6,640db86c894986981e4fce284a579f31,delivered,2018-01-26 22:48:15,2018-01-26 23:18:21,2018-01-31 02:55:05,2018-02-07 23:33:30,2018-02-19,fbe97b937dff6aebee527e8a9704a461,2018-01-26
bd47f29a1a6ede24f9dd4d5ca6027dd4,c3627b8c3533bd55a1b19e6fd705bf82,delivered,2018-07-16 15:34:37,2018-07-16 15:45:19,2018-07-16 14:29:00,2018-07-24 09:41:51,2018-08-08,132915b8d97c40628ef8141a01e0ed4f,2018-07-16
25ad7e1f73b3d882afca3825580afaa2,c36408f4223117ff8c199c4660b856b1,delivered,2017-06-07 19:32:16,2017-06-07 19:45:11,2017-06-08 11:58:03,2017-06-19 18:40:53,2017-07-20,0f38be261b1ce88f9d58567d75202548,2017-06-07
8b5ddca535bbca0d4282b4e82248089e,e3ffa14bb67e94d44caa315f274c8781,delivered,2017-09-15 00:36:44,2017-09-15 00:50:11,2017-09-18 19:07:42,2017-09-26 18:26:51,2017-10-16,143d80042f55ced48a31f38d6a0cf1e7,2017-09-15
e15e937a644b742c6083b44d0f9a0ab4,0b55cfa61c39a208b1326f98e265dc32,delivered,2017-09-12 20:38:12,2017-09-12 20:50:22,2017-09-14 17:57:30,2017-09-19 20:03:00,2017-09-29,e28538e3001edb06752b7fc98b6ed97e,2017-09-12
882f92adde58820c4ae257ec5c31bf16,bc5b6f600a67c45909778ad4c2c6ae18,delivered,2018-08-14 21:58:07,2018-08-14 22:05:18,2018-08-15 15:31:00,2018-08-16 20:50:27,2018-08-20,ef410c47887860cc88f0dd82ca5dc6aa,2018-08-14
882532a9d3af41e668e0d305aa7bfe2a,24028518ee858cc4f850f074cbfe803c,delivered,2017-05-23 00:18:53,2017-05-23 01:05:19,2017-05-23 10:19:33,2017-05-31 16:12:17,2017-06-23,2cbd0beb1dd4199ac66be37f3a4421dc,2017-05-23
3241efb4bf616d6fc2d9ff3803b06a46,ab9fcafc7cc99c1bacb2ba5ef4442d13,delivered,2017-11-04 00:25:12,2017-11-04 00:35:28,2017-11-07 14:26:36,2017-11-25 19:05:13,2017-12-11,659bdc990055d4604a50cd848a43b9a3,2017-11-04
6180176978a92ed9fd65b8a884601955,0d01493e2f68de841f72c2e405dc001b,delivered,2017-05-21 17:42:20,2017-05-21 17:55:15,2017-05-29 13:42:15,2017-06-06 07:11:11,2017-06-14,5872cd5d8b72222943e80c9ad03058bd,2017-05-21
917ca364b9fb9460dee6ea613ee2a5ab,85c01e2393b32c57d22f4db20020da31,delivered,2017-01-25 15:12:59,2017-01-26 12:50:29,2017-02-02 11:07:52,2017-02-15 19:12:52,2017-03-16,ce88d6a35796ddae6e12cc1206efcb38,2017-01-25
54082a3f0c13598bb5c2b3bb78bbbee8,6202c26af8ecd3ebdea24151802939fa,delivered,2018-06-20 10:39:52,2018-06-20 11:08:25,2018-06-21 16:21:00,2018-06-28 10:28:31,2018-07-20,59e6feff6b7bdc0b1b875e377e4acce0,2018-06-20
91dad651e3d842c93cdda01facf8a74f,05d0be2e670fd919d30625098bb1134a,delivered,2017-11-18 14:03:00,2017-11-18 14:15:57,2017-11-21 13:58:49,2017-11-26 15:51:43,2017-12-07,431e90a312801ec83f9a1b914c9c6a6a,2017-11-18
0a06917fb1c4d93dddc71d9ca7dd8790,57454ea60e4bcecb01d39cdf69d4b275,delivered,2018-08-08 21:30:18,2018-08-09 03:44:59,2018-08-09 11:57:00,2018-08-30 00:16:23,2018-08-30,b65db3f838c1bdb9bbab3fd56b9d6977,2018-08-08
c5d1a6481a4fb3684588a2c7fc970918,d81352b3fa189b687428ee79b94491a7,delivered,2018-07-15 09:57:16,2018-07-15 10:10:10,2018-08-02 05:27:00,2018-08-09 15:58:37,2018-08-13,aff1a2ccef42609734df1e8ae42feb91,2018-07-15
4e9326cf30a794635ef805fca2801aaf,4d1bb864d2216b84ec6b54fdfa3694fa,delivered,2018-01-03 12:14:49,2018-01-03 12:26:52,2018-01-05 17:17:44,2018-01-17 17:34:48,2018-02-01,a647801658ecc65c5bd7555564398b82,2018-01-03
d8b1b374baabf8ba477823087ddfb1a2,a27ccd54971ea41b405fd5560b6cb8f1,delivered,2017-10-15 17:10:15,2017-10-16 12:56:32,2017-10-18 21:04:28,2017-10-27 00:07:55,2017-11-07,dc8424be33dd1873250680c85a3b9376,2017-10-15
d3af64a47d8c61129648bf0d3d695842,eaa2eb92cb3d0bbf3b5492946f3caf79,delivered,2018-03-20 16:19:37,2018-03-20 16:35:37,2018-03-21 20:03:50,2018-04-02 22:41:37,2018-04-13,871835b56495eba643a02722f152f2eb,2018-03-20
32d8aa395f9c9f357e1e3f7b214b9082,d8d5514df601db9674d6629aa69987c0,delivered,2018-04-03 14:33:52,2018-04-03 14:49:11,2018-04-07 00:51:57,2018-04-30 19:12:26,2018-05-04,3f75097158fca0329354ccb3d7435913,2018-04-03
0e8f4c0385a96b68bd717e0e2ceb6898,9567b213dce8ca5f537da23f29cc2de4,delivered,2018-04-09 16:22:45,2018-04-09 16:35:27,2018-04-10 23:48:25,2018-04-16 22:36:30,2018-05-11,2cc5e9836adcd4b99becfa91bd370781,2018-04-09
216720f8251b8f0ed3800a7de50ae44a,589b3c2e820cc79d4fcba7581e4099dc,delivered,2017-12-19 23:29:47,2017-12-20 00:33:20,2018-01-08 20:54:39,2018-01-10 18:51:33,2018-01-09,6235498857021685bb9928ad1b4f7ccc,2017-12-19
40d158e9f78f7dd903dd0490fd1baf40,ec22baf60e1cd69bdca2844eae245dc3,delivered,2018-02-04 23:00:07,2018-02-04 23:10:24,2018-02-05 22:17:24,2018-02-07 18:45:54,2018-02-21,a79179c871090df76f94231a9d40e55c,2018-02-04
70b125b1e127de57a1145f484705786c,0f6798f2376fb8eb072c4954e4650bf7,delivered,2017-07-16 19:32:18,2017-07-16 19:45:11,2017-07-19 18:57:44,2017-08-04 17:46:11,2017-08-10,a56badf4b7de38af642df3a2470378c0,2017-07-16
1a71051dfe3a0641e6feafe991adbdab,c51e08ffb18c1f0a3a6bd1302aa323dd,delivered,2018-07-22 10:10:57,2018-07-23 11:31:46,2018-07-24 14:37:00,2018-07-31 01:28:43,2018-08-28,eca47d88709730dffaf3f221a8f3e89b,2018-07-22
3dba30e64d1c1097a281254b499f25fe,0c5e68cf2c4cc1d8caee6a12ac6e1d58,delivered,2017-02-22 09:42:50,2017-02-24 02:45:43,2017-02-24 14:16:24,2017-03-02 15:22:26,2017-03-27,ed91bb51c077a785ca72d2bac34335b6,2017-02-22
28cd3c544253ce946b65fbba1e51b05c,7c5ffd6d315db34ffca31349e26f9cd7,delivered,2017-12-05 19:01:43,2017-12-05 19:15:20,2017-12-11 17:19:08,2017-12-27 23:22:40,2017-12-28,49616117027655eef4fa46a4db852ed0,2017-12-05
d77216a3568824e12f455a229454fe60,9aeb99fe106f300fedf58b21dfb9631c,delivered,2017-05-19 08:01:08,2017-05-19 08:10:16,2017-05-22 11:47:43,2017-06-02 13:23:53,2017-06-12,684689f222c50c8fde9be4231b6bf5c7,2017-05-19
1fef84eb15d7b166c3e3008a8dd48ef1,0e32e68dc972a0647c0b50affe1f6f5f,delivered,2018-05-03 12:33:06,2018-05-04 12:31:37,2018-05-07 07:19:00,2018-05-14 20:13:06,2018-05-23,cfc6b57f63e26d893f225263009fc719,2018-05-03
9820cf94f2ea4678a6f6b7aa8042f20c,b048d250c5ecfce8ec9a757765997c03,delivered,2017-06-02 17:17:56,2017-06-02 17:30:12,2017-06-07 16:16:37,2017-06-19 21:14:27,2017-06-23,8bd5a8a7c15f14530ffb078a2bfbfaea,2017-06-02
eb8243aae992ce5262d8bfc305cdf6af,c4c7b10a5f7686751fc3584c09f8001a,delivered,2018-04-24 14:53:22,2018-04-24 18:22:19,2018-04-27 14:59:00,2018-05-21 19:14:32,2018-05-18,4cf7d1ae3b7009c036b9ba011c2035c0,2018-04-24
4d9f7ee0798052190a19d19bb0f31a40,46b8d6f92df858df6185ee301ede80ef,delivered,2018-08-13 09:36:38,2018-08-13 09:50:20,2018-08-14 11:02:00,2018-08-23 23:52:41,2018-08-28,7cc7d622f03de2065576bc49db8a72d0,2018-08-13
b847874716fdb4908836e6300292db03,d49f34488544f5673224c7b359f4a17a,delivered,2017-08-13 17:50:46,2017-08-13 18:04:06,2017-08-14 20:56:31,2017-09-05 20:02:37,2017-09-18,f73347a64287da437d88fdb2738c5236,2017-08-13
fa4dc5d499f35cf8ea22c543c6a36c10,9e371ab50c3942d37f30e64722e149b2,delivered,2018-06-21 21:04:53,2018-06-23 01:15:45,2018-06-28 14:59:00,2018-07-04 20:02:17,2018-07-31,c37cc6c1a59d81460a3059744f7ada1c,2018-06-21
9f106eaab8eb09ea2d05a1c71f8be831,95e0a0f1f6d04910bb926a0b8550ff92,delivered,2018-03-05 18:12:19,2018-03-05 18:30:59,2018-03-07 00:09:36,2018-03-20 01:58:41,2018-03-22,f4a0717ef62b420c88035069a1e8c212,2018-03-05
066f62cf2a2ba7b1d0012bf6d4f5f0b3,1f822c22c8cf0ad7766811f866810e46,delivered,2018-06-22 19:47:47,2018-06-22 20:37:40,2018-06-25 08:06:00,2018-07-04 18:44:55,2018-07-23,b40f6064ebe740442578721fd3f0e91d,2018-06-22
5ad6b16f8a1d20ec9eaf8f9340406f0d,15f0cf4389f8e32f18093e4f983a3f51,delivered,2018-06-27 00:05:10,2018-06-27 02:28:46,2018-06-29 10:40:00,2018-06-30 15:51:28,2018-07-12,71334060b76654cc2d3fedf3bfe0873e,2018-06-27
e46e94a05d2d44bd56759d2e056649ea,91dabf9347495618b632ea7397fd4eb9,delivered,2018-01-12 12:00:48,2018-01-12 16:35:33,2018-01-15 18:24:44,2018-01-22 14:48:58,2018-02-06,0eb37cca7a83f5b37301430da0800d34,2018-01-12
30ecf79cda763f44c9cec9c8a4bc5870,0bf3dc9afa5fae5365b7bf3f44904704,delivered,2018-01-04 22:41:11,2018-01-06 02:09:28,2018-01-09 23:55:03,2018-01-10 20:23:23,2018-01-23,a651ae23be31e21922b96bc68e3e8507,2018-01-04
295f0c892077fab482adb25cfc37aa79,f89b57f80359481e71b0cd3001268136,unavailable,2017-07-06 13:31:05,2017-07-08 00:15:34,,,2017-08-07,d04b8fd0acfc725ef9186b1e3d121cf0,2017-07-06
ff701a7c869ad21de22a6994237c8a00,8f6d16c31abb30b7b4650272cb0014a3,delivered,2018-04-12 19:47:40,2018-04-12 20:10:33,2018-04-18 00:41:29,2018-04-20 17:48:39,2018-04-30,ddb2249e0316d365ceae561c0f011bce,2018-04-12
0930362b6f24dc06ace9869ac3d05a72,570c80022b8e52b1c9ff467a601f9358,delivered,2017-11-24 10:16:53,2017-11-24 10:32:38,2017-11-24 19:17:42,2017-11-26 14:28:26,2017-12-11,a755962e94b9e839b75ea07b3bc8b46c,2017-11-24
de512c8ca504a59f99fc9baadb837507,57210fcf293fab7b885ef8eb44591639,delivered,2018-03-13 21:31:57,2018-03-15 03:29:30,2018-03-15 22:49:26,2018-03-23 20:17:28,2018-04-16,70cac6fa12f89255500c23a0194ec9ce,2018-03-13
26d5146a6a102a692d0b159821a3d520,590f9970d3a259fef3bd11c3f0207f91,delivered,2017-07-09 10:09:54,2017-07-11 04:15:30,2017-07-12 14:52:14,2017-07-26 18:46:19,2017-08-09,3d703b3bdab1b0a16ceab2019745ca2a,2017-07-09
d54005052afdbf06d7a1d39cc9e45f92,9ac5cdcba84c5425f84b159685728624,delivered,2017-03-14 22:44:28,2017-03-14 22:44:28,2017-03-20 14:03:37,2017-04-08 01:38:49,2017-04-17,d1aef037cd06ae9e8018d05efd0ed17a,2017-03-14
72720cd963d6632b6d378ca9baca8963,7516a5549a2ed8cd17c45e49e82544a9,delivered,2018-05-01 22:06:07,2018-05-01 22:16:32,2018-05-03 13:00:00,2018-05-09 23:55:59,2018-05-28,e84816f3b4a3b7a82041c8f43845b097,2018-05-01
392abee0f881388ab93e4b6b5fd60177,428f696c9a8641d3e9a0ec0febd9a4bd,delivered,2018-07-04 23:48:36,2018-07-05 16:11:04,2018-07-05 13:56:00,2018-07-13 12:06:28,2018-07-19,668c2b10912e695e0a4fb637688171e6,2018-07-04
dad151e92378667093156fc66f981742,5d86fbca7c39699079b3d456e7040af5,delivered,2017-04-21 20:05:40,2017-04-21 20:15:08,2017-04-24 13:08:46,2017-05-09 09:26:55,2017-05-24,a5c30a5645d62469cf66c50953f84ad7,2017-04-21
9811e9a18a958540d5b173727b2edf95,5ac358d3a472d17707c45cb260a464ae,delivered,2018-02-11 16:09:29,2018-02-11 16:27:47,2018-02-14 23:38:31,2018-03-05 22:44:00,2018-03-15,4a60e6616338bd66ae2547114d01b4bf,2018-02-11
a75a520af41db90aaec791d73546b4af,a5bbb5992919a26a0652b78fd8d369a0,delivered,2018-04-23 14:48:58,2018-04-24 19:24:13,2018-04-24 22:26:44,2018-04-27 15:33:27,2018-05-10,6b930bea0ffc115fcc469350bc3ad875,2018-04-23
06bc7036f4e52afa8213176211d6ebba,5509fbf0865111b1607f03e136a4d735,delivered,2018-08-07 11:08:37,2018-08-07 11:25:11,2018-08-07 11:33:00,2018-08-11 12:16:24,2018-08-22,8ac7bb3fc186c6606dc0ef6d8ac77569,2018-08-07
ab0e35dd7151f7e3d72931b940b6a335,729862db9ace71f44613602b0bb1ff40,delivered,2018-06-18 10:32:17,2018-06-18 12:02:15,2018-06-19 09:11:00,2018-06-20 20:06:37,2018-06-28,7254031d284f03352f779f6a00daf755,2018-06-18
5a610ef4a49d9be48df16a1026f225f4,af3d9d4c28530825f0ced435b75abee4,delivered,2017-09-02 20:12:12,2017-09-05 04:44:30,2017-09-08 18:32:24,2017-09-19 20:21:38,2017-09-27,b42766cc24e1c63a499ee07ed3d72b5e,2017-09-02
eb951538a1e505560662159b6b4ef965,ff162456f8b57af09e181c4e1dfbfb38,delivered,2017-12-01 13:06:50,2017-12-01 13:18:39,2017-12-22 20:34:46,2018-01-09 17:09:12,2018-01-04,2ed0e4f6c18fdb9edb131c62afef644f,2017-12-01
ef519547cb72d3ac42ff707948fdb963,b1f0a629f39ec410be67ab09638095c4,delivered,2018-04-02 17:49:06,2018-04-02 18:09:53,2018-04-04 00:12:53,2018-05-20 17:36:37,2018-05-04,c8c66a09a6402e1799afa3064a0ade6e,2018-04-02
3c86b0f3acff06bcd6f7c6577ba4bcd3,efdd9e894ef573b7168acb6b0d8a5d1c,delivered,2017-09-28 16:14:09,2017-09-28 16:25:22,2017-10-05 20:34:59,2017-10-10 21:04:31,2017-11-06,cefbb894f68d9620677a76bb4a010eb6,2017-09-28
509cbbb4be7bf37477a52cd2204b30ff,2adbfd185ec2db71abb59a54b08c91ad,delivered,2018-07-15 13:39:42,2018-07-15 13:50:13,2018-07-16 17:09:00,2018-07-21 13:03:50,2018-08-01,aeb171012a7d0d7169ae0867850c56a9,2018-07-15
ad61bdad0a6d5fac6af829eba1fa4e84,c608f7336568970b364efe2928979019,delivered,2018-08-02 15:16:58,2018-08-02 15:30:19,2018-08-07 14:45:00,2018-08-10 23:58:34,2018-08-21,3f66d7e007ef728aa55bbf88f8c55034,2018-08-02
c791c3d6d6bdfe8c90a3016bc03ec79f,95c4955ffcf0b0dc52dc62548640fa3a,delivered,2017-05-28 14:44:21,2017-05-28 14:55:17,2017-05-31 07:43:57,2017-06-08 17:16:31,2017-06-21,cea1fcef49930f7062b64442b521f6b3,2017-05-28
317ae4dbfc62c822d3176c9579b6fcf7,0cbb7ef495187671b7344854d856afa0,delivered,2017-03-23 13:56:33,2017-03-23 14:05:10,2017-03-27 16:08:25,2017-03-30 16:47:50,2017-04-11,6957ef7bed7dbd76c9c2fa39bf07dfbb,2017-03-23
f50654324d7bc3b79e01a02199fe1585,4e9cb4e5f4db18cf45e19c7a20951349,delivered,2017-12-19 18:12:02,2017-12-20 06:57:37,2017-12-20 16:03:08,2017-12-27 15:42:39,2018-01-15,50cd97d731f3f5e3f321673c2671a23d,2017-12-19
4277cdb7e2125bf7bebcd908168f90cb,8018a24d4321fb2fa4f207aedd99fe61,delivered,2018-03-19 11:12:38,2018-03-19 11:30:47,2018-03-19 23:07:39,2018-04-02 19:03:24,2018-04-05,3c7fb2da5925d93bdbd0397e868a89a3,2018-03-19
221acf4033f18fbab8e09d105429367f,a7b181108ad1e930bc3e161c9b60e9b7,delivered,2018-08-07 18:17:10,2018-08-08 18:10:20,2018-08-14 16:04:00,2018-08-23 15:25:03,2018-08-23,2fe6c4529825d758b955ef6537b105c2,2018-08-07
7ac766e40565c0fcc2a226dfc3f6d89b,26231b2ef9060281897325d10a249038,delivered,2018-02-26 15:16:34,2018-02-26 15:35:33,2018-02-27 19:46:32,2018-03-09 18:56:38,2018-03-27,c5bbd4c15b75bdaee2e3315b5929d4a4,2018-02-26
e036d5cb35906e7464ee6e9b06f99915,71fa68b2e3f0b0a43d8d13982a622583,delivered,2018-01-16 14:25:52,2018-01-16 14:37:27,2018-01-17 17:42:53,2018-01-22 15:47:42,2018-02-07,9c2b33e1cfd4821267ba2ff54fa4c2c1,2018-01-16
0a2ea907b178650afcfcab07e55b70f6,b46839430059483e717277d030ffa798,delivered,2018-04-11 15:36:32,2018-04-12 07:30:11,2018-04-13 16:26:54,2018-04-20 22:41:59,2018-05-11,0dc1fdfbb056ae8f79c53bfe3f2bb173,2018-04-11
d5d6f9b551159c1891545df759887e9e,185128ce43d5c5bf6f13b2dba3386df7,delivered,2018-02-07 21:02:40,2018-02-07 22:05:30,2018-02-08 16:28:45,2018-02-26 20:22:17,2018-03-28,4cc8d0ec7468ce7c4a92e850bbfd4e29,2018-02-07
f94749b6934a53ff309b819484b4a72a,aed2676c652ff5f31582ecfc4597538e,delivered,2017-06-08 19:54:12,2017-06-08 20:55:09,2017-06-09 14:33:49,2017-06-14 11:39:02,2017-07-04,3248224e584293824dd0bdcca81692d0,2017-06-08
f9b2c72f5d0ba6455790c6e26e4551b4,b8bc981e72ff341c483d72babe5f4ade,delivered,2017-02-07 23:53:13,2017-02-09 02:43:25,2017-02-10 10:06:19,2017-03-03 14:03:27,2017-03-08,666f0bd40f93693baf9c36b4508b36c9,2017-02-07
95e4477d8423c69a93c55d840e02d9ba,42048dec015103c5b5715657565ec274,delivered,2017-01-28 23:55:20,2017-01-29 01:31:04,2017-01-30 16:14:36,2017-02-10 00:09:16,2017-03-17,9baf1392eba0e3765864edc27c11a9a4,2017-01-28
3402a73003b0c17522a252fbd7603aba,62d95451cf4bd1e5cba9bd985a0036bf,delivered,2018-01-21 12:52:56,2018-01-22 14:21:22,2018-01-24 23:10:17,2018-02-02 18:29:06,2018-02-15,e6172f3a0024da5731b8374590522981,2018-01-21
ba772856bdab971f8c7eae9e03cf8706,c4c4d26a00f19c91e319f41dd10170e9,delivered,2018-08-12 20:58:37,2018-08-13 20:55:31,2018-08-14 15:47:00,2018-08-17 20:28:26,2018-08-23,1fcc793560d2d5f8b2ecf1229b215305,2018-08-12
4992400f9fded5aade587f7043a954a0,9cab57b39cbf555d0af5d7ab09adcb2d,delivered,2018-03-05 11:06:05,2018-03-06 04:20:28,2018-03-08 19:58:29,2018-03-16 20:07:16,2018-03-21,d9227a296d4744630d525474d7a69a11,2018-03-05
db88c73b909a8dedc34e77d84f2ec323,c93b99143247d309d9fa3da7064ad32c,delivered,2017-12-12 20:55:57,2017-12-12 21:11:33,2017-12-15 17:18:22,2018-01-03 19:28:59,2018-01-12,551dd1a720761be07c14ce4a8a7425ec,2017-12-12
a0a8509664c6583fbd77dc8ffa673662,c6ed2e16266071745f007c94a8c009ea,delivered,2017-07-22 13:36:00,2017-07-22 13:45:12,2017-07-24 19:45:34,2017-07-26 04:34:33,2017-08-04,09ce774e4a770d324983a0de76dc3ff7,2017-07-22
d61e579dc82353a7160f9fc870376460,243ec46b2d1ede1c56821491f256d7c7,delivered,2018-08-12 20:30:51,2018-08-12 20:44:20,2018-08-13 14:16:00,2018-08-16 14:02:58,2018-08-24,ebec19ef82a1e635967cd50a037d41d7,2018-08-12
33d6102f076f9a6130c98e71ff77197f,8aaeb0d59652914da703bb9c4d50c210,delivered,2017-11-27 22:21:26,2017-11-27 22:32:21,2017-11-29 00:33:52,2017-12-05 14:23:38,2017-12-20,5d750af34ebe6245a6259c83989f07da,2017-11-27
4412edc425c04a3e8eede540f84ecf85,5d8d380a9f1a59c239e1ab33d2e61cf5,delivered,2017-10-26 15:33:42,2017-10-27 16:35:21,2017-10-30 20:45:47,2017-11-08 21:21:19,2017-11-29,5d3baed209d8360a3460b3f313b04240,2017-10-26
8c98ef4533089f5c372b7c3ae3b53851,69b2c07bd32a5aec7a387c7fe5bba908,delivered,2018-04-12 14:26:22,2018-04-14 02:31:41,2018-04-17 16:38:36,2018-04-24 16:11:56,2018-05-07,34a6d7fd00a8cf0d423e81870e1f0880,2018-04-12
43d33927e13df71f3cf0e5782b0ff7c2,d1769e6e29140ef276c48bb7260783ae,delivered,2018-07-09 02:23:37,2018-07-09 02:35:10,2018-07-10 14:48:00,2018-07-13 21:03:10,2018-07-25,e829d4dd2a59a06118e8a69a9a5f403c,2018-07-09
5e8dbd59abee490ba3f319a92089c668,4581c014bf50140e2b6b7f4969261b57,delivered,2018-06-25 18:35:43,2018-06-25 19:02:31,2018-06-26 09:27:00,2018-07-03 22:54:34,2018-07-17,02379fc0d5e683d41ccde86f75bbfaf4,2018-06-25
55c22802abda3dda5ccb0d14c0123915,8c6b7e64f89548cf3c36b786f3b1ceba,delivered,2017-11-26 07:48:43,2017-11-26 07:57:29,2017-11-29 22:37:46,2018-01-02 12:19:24,2017-12-20,10b7eaf694e83f546780ae4023d4bc17,2017-11-26
b2645c2a65c62e9c18bf2a83d10203b6,ca39c165e8c9a7fd570b537106452030,delivered,2018-07-12 10:27:03,2018-07-13 10:25:07,2018-07-13 15:18:00,2018-07-23 21:18:05,2018-07-31,108a66846771910748a726a8073ee888,2018-07-12
1d21ce7916bb1ee2a44de0a37a92c8c4,740d9510e658b43a2a7808c0891af047,delivered,2017-05-16 20:38:47,2017-05-16 20:50:14,2017-05-17 13:52:05,2017-06-01 11:38:00,2017-06-19,a60ad61c995eba0a1ed04f57d29d49b6,2017-05-16
fa80b749949aa00910e069eb9b83be29,4fe1cde83a4f943a42159c63387db5f8,delivered,2017-06-14 09:39:56,2017-06-15 03:10:24,2017-06-16 15:44:29,2017-06-22 11:32:39,2017-07-11,688b34f50cc0c919f29f8833e177302a,2017-06-14
e32a6fa7755b372afb5f1bdd5f65b6b8,eff8807bc98dca3377b9a74b2fbf24d9,delivered,2018-06-14 19:12:05,2018-06-14 19:37:34,2018-06-18 19:43:00,2018-06-19 22:11:58,2018-06-26,e37a0a7ff809e3d4adac1db857db4fb8,2018-06-14
8931f3424faa278c3e45084b9a3db2a5,59606088131f94d6e5cd764404377a6c,delivered,2018-02-06 13:08:49,2018-02-06 13:35:10,2018-02-08 19:28:37,2018-02-24 01:16:41,2018-03-07,b7d43205ccbbfa5a21228ae774a2e70c,2018-02-06
c844fe47e745e3199e1f985e6dec1618,1f5bda3dce0e8818a518c084233e8efc,delivered,2018-05-06 10:53:30,2018-05-06 11:10:34,2018-05-07 14:25:00,2018-05-08 19:57:20,2018-05-17,e5a612b2f956d61300879aaf63adc753,2018-05-06
f4501c0e013275ff49c4a0c3d16c50ee,377f47be1e40177751881844802d210e,delivered,2017-03-23 00:48:00,2017-03-25 02:11:05,2017-04-08 03:26:49,2017-05-05 17:05:10,2017-04-27,80a79cc2204c8706b2bc91c61e067079,2017-03-23
1384f5f2f4532f5b9fa0f6cadafc93cf,b699abc1a43849f50a8b15a9b7df2978,delivered,2018-08-01 10:17:18,2018-08-01 11:00:11,2018-08-01 15:23:00,2018-08-14 18:18:44,2018-08-22,3f79d63e7e3a081e08233f0c8fd9352c,2018-08-01
e77e25ad4185ce8fba142eafcd1442da,33a4d61b0f6957f323a1eb332b0af535,delivered,2017-12-10 18:59:31,2017-12-10 19:10:10,2017-12-12 22:33:28,2018-01-17 20:53:14,2018-01-11,a653b64c7e0c3dc7f8e94cb6d7781af0,2017-12-10
335339ec0db35157e0c110604ca053d2,f5c5d4595c2323c846d61ba4adcd7aac,delivered,2017-10-16 19:20:12,2017-10-17 09:49:11,2017-10-19 19:10:04,2017-10-25 19:37:56,2017-11-09,fbc84cd5bb7758a11acd206bc89d880b,2017-10-16
deb53c75e6fc731052963598e2553698,72635e45d44567d9e5abd4ee714f8d6d,delivered,2018-04-23 21:07:39,2018-04-24 18:15:24,2018-04-24 22:14:01,2018-05-09 00:22:30,2018-05-16,6db338b8c4668e9e6045c00f4666cda0,2018-04-23
98771387311d5662831d6b31e5804bb6,278cdcc821349ff6f7adaa126b4e8e8e,delivered,2017-06-01 22:05:50,2017-06-01 22:22:30,2017-06-02 15:30:06,2017-06-19 13:53:02,2017-07-06,a36ec8d57794b8e0055807067cc66117,2017-06-01
c8de7faa920cdcbe41252449a3fd36c0,8f5777a90b7294397d8f7c2c8e95157a,unavailable,2017-07-06 16:18:36,2017-07-06 16:30:28,,,2017-07-19,dfb89f9eb8bb1467b559e889a423a152,2017-07-06
79d99d8498728081a42a978071007d45,4bba0610967c84ba4b4c40c7f0eb0373,delivered,2018-03-24 22:23:03,2018-03-24 22:30:25,2018-03-26 21:52:55,2018-03-29 20:48:41,2018-04-13,56d8657415db763795b16dd5b0a8626b,2018-03-24
40b8e198f9be930c141b807fe417dd07,abd4f44cab431f33b0c4f242377666f4,delivered,2018-02-01 19:59:24,2018-02-01 20:14:04,2018-02-05 16:52:52,2018-03-02 20:29:24,2018-03-12,9b5ea59cba26d0b2742910556dad49c7,2018-02-01
c7536eb5732f2d108709a935a97da95b,0a95891690ce6cafb5d1fc15c45f479b,delivered,2017-08-03 14:18:26,2017-08-03 15:45:31,2017-08-04 15:37:40,2017-08-10 17:03:05,2017-08-25,92acbadf09aac30d9f6aba99cc8690fb,2017-08-03
dadeb032c1f01467182f4f0716bdd141,ab1696e7c2c629e56ad0edc9daf39330,delivered,2018-08-07 14:39:17,2018-08-07 14:50:16,2018-08-08 14:44:00,2018-08-15 19:16:39,2018-08-22,ae6cc36c6ffd4f5f3908dd1391636f22,2018-08-07
33d1caa11447f543a41df84bd30a0568,fee3a7207a4a940e951e244a13ffccea,delivered,2017-11-06 21:42:52,2017-11-07 05:31:33,2017-11-07 20:38:06,2017-11-20 18:21:50,2017-11-29,b86b13f832d20a80daac6a473cb62457,2017-11-06
1c1f7eae34c850ca47fe6b8305995c79,5f2084f0ea46590ba9155c03bb9dc978,delivered,2017-10-31 18:15:49,2017-10-31 18:31:11,2017-11-01 19:47:44,2017-11-10 21:28:51,2017-11-17,ea3088c758e3a445742e64143a322128,2017-10-31
69be57561906ffa69960e7b887be6719,8e3e7c43dd9f8ef3838c6b01a2a4621c,delivered,2017-08-21 22:39:43,2017-08-21 22:50:24,2017-08-22 19:34:29,2017-08-29 19:03:07,2017-09-13,fc1bc473b3506bf107744bfdba070cb2,2017-08-21
dd9fecc31cf97e9554b2d027d01470f0,55380b74ede45d9a38c44ae7bfeb2347,delivered,2017-11-23 18:12:57,2017-11-23 18:25:31,2017-11-24 20:56:55,2017-12-01 20:25:05,2017-12-21,3287c8d7de9f84b2d37b691678dad1d7,2017-11-23
5bf8d66f260e15878a0e458ba4f33158,a1e1b403d6937285d784ddb927a60587,delivered,2017-08-21 12:44:35,2017-08-21 12:55:19,2017-08-23 20:25:17,2017-08-28 15:39:51,2017-09-13,3170ebd8b32a5e2102c9d75e0a7f6d74,2017-08-21
2ffc1bd0212c5ba712e1da786b4328c2,a40bcc58beb1ce296a0b7ad7cb0ec0b6,delivered,2017-07-28 21:14:50,2017-08-02 08:32:33,2017-08-01 18:39:25,2017-08-15 22:09:41,2017-08-23,8180249002c05564494869d92a7cfd9d,2017-07-28
c8ccd366bbf35430786a86ef073322f8,88957154a87ddc5981b986ce8891453b,delivered,2018-05-08 07:41:27,2018-05-09 03:35:19,2018-05-09 12:10:00,2018-05-18 18:12:07,2018-06-01,d7241ab927206d28af21ddc3970bc6c9,2018-05-08
7905195351d6b5454db9c308ab72288e,bd4c91149540cc1420e2bdead839f3cc,delivered,2017-05-11 13:32:48,2017-05-12 13:42:55,2017-05-16 09:42:43,2017-05-26 13:04:59,2017-06-16,d90ad5d193792bb1ea740bd2168f2414,2017-05-11
9b4ca0b8323b1def628d45867d69ba54,32018577a9de50fb2ce98318e64b644f,delivered,2017-03-28 22:05:00,2017-03-28 22:15:17,2017-03-31 12:33:45,2017-04-09 00:25:38,2017-04-19,05f5af0b8213fa1b6e28e7ed7a47a300,2017-03-28
a7708ffa8966514c098d15e1abfa6417,360782688ff472f1adbd47a85861751e,delivered,2018-04-23 19:03:35,2018-04-24 19:17:45,2018-04-24 16:22:36,2018-04-25 23:02:39,2018-05-15,c67329fd07872a68d6d6d1f1626a0760,2018-04-23
588e7e0d12441120556b3eab625514aa,23e0317302b368c4a95fe1b35ab76710,delivered,2017-12-11 15:24:04,2017-12-11 15:34:25,2017-12-15 00:13:46,2017-12-16 14:19:46,2017-12-28,073037acc049d2be44730a7e39836046,2017-12-11
b5da536992b01709ece25ec74fbd0ebc,a8a69725fa8daeaf353b71d2bee13b59,delivered,2018-01-25 18:55:20,2018-01-25 19:13:15,2018-01-26 19:19:51,2018-02-07 23:18:19,2018-02-22,fe698f543a90dd31d997b24dec8c20db,2018-01-25
f56aac06c584c08550fdb69eb163f1ea,2829fe86387c0b79dca569d745617847,delivered,2017-04-25 11:39:22,2017-04-25 11:50:18,2017-04-26 10:08:47,2017-05-03 11:12:07,2017-05-23,60a8028f57ccc179fce9ad57b5dc9ab3,2017-04-25
aed488062a3d349252ffe2961e214551,4479ae32bee6820fdc3d2129c2fb5d10,canceled,2017-10-16 09:09:13,,,,2017-11-08,2aeacfcc6007cee63c9c430b67662796,2017-10-16
f57c8a776138b35f3f50d2d2e6caa7f2,e43f5c61528c73c0175b54343f6b425c,delivered,2018-06-05 23:31:06,2018-06-05 23:52:36,2018-06-07 07:03:00,2018-06-14 17:46:51,2018-07-18,f9e6c70b74217d54d7ecca3c83b5f779,2018-06-05
912d6ebade30677cea365478156ad6d7,dcc62595de53eb5ee8f039650d7a7e2d,delivered,2018-05-10 10:19:38,2018-05-11 10:17:40,2018-05-12 08:18:00,2018-05-18 11:52:43,2018-06-04,78a4bafc5da008bdc6f65b2e9780e167,2018-05-10
1112bad3c4cd355a36c9d51e7e8e57d1,5629e64f4d9749f0cd9f31b3f7a8ab1b,delivered,2017-03-13 19:07:07,2017-03-13 19:07:07,2017-03-14 14:18:10,2017-03-22 08:48:07,2017-04-10,a89fda3959d8c06361efbfe9d530377c,2017-03-13
81bb996b53039ded9ba61d24c49f80d5,cc6e76aa7960a929a8fa18cb9140b307,delivered,2017-11-12 22:50:05,2017-11-12 23:07:39,2017-11-14 22:26:00,2017-11-22 00:51:23,2017-11-27,07250301b3c54037a8b207c75e66e49d,2017-11-12
6895a2cb864a4bdb6ae98c2328666108,a2226a8dfaff33b185df6b024e62b443,delivered,2018-08-05 23:10:33,2018-08-05 23:24:20,2018-08-16 13:49:00,2018-08-22 00:42:49,2018-08-16,276175229d0061ba2c4e4c6bc1f93d10,2018-08-05
cae658eaa7b31300181f816fb895190c,4d587cf9893af6219038ca647c84fe88,delivered,2018-04-17 00:15:04,2018-04-18 02:11:25,2018-04-24 17:22:50,2018-04-26 17:59:33,2018-05-04,0e81b6a7e11ce0ddc1d020d358f5edc6,2018-04-17
5691d5b2dc401642dfe8f226d5bff11a,e548ae5960bdd8a3ef1dc2a5740d54f4,delivered,2017-09-11 15:15:42,2017-09-12 04:26:11,2017-09-15 17:18:10,2017-10-05 17:35:20,2017-10-11,56e9a3a5022bbe8eb275218e80c8d959,2017-09-11
4c4eee79c7840ec8454f89b456967067,808f31b30bbe88397edebff7fd6f7f08,delivered,2018-07-28 13:21:09,2018-07-30 20:05:12,2018-07-31 14:07:00,2018-08-01 16:19:07,2018-08-08,803835af9c83a4c9d3c116cd4628de5d,2018-07-28
c566fd2719c6f9e102a841c474cb490c,2ab251c4e8580a85814a7f81f26c58cf,delivered,2017-12-12 16:52:40,2017-12-12 17:08:53,2017-12-13 23:28:34,2017-12-26 17:52:45,2018-01-10,af5fd2c262af3311c430ff0bea378836,2017-12-12
136c36bf83629aea3290644dabe72471,4ebf1d89f4d3896e546f40e32bb1edde,delivered,2018-03-31 20:12:04,2018-04-01 20:10:21,2018-04-03 20:11:10,2018-05-07 16:29:11,2018-04-26,71cc7b5f72e48acda1a06282202df804,2018-03-31
c00b90f6bc9d5a080080d5c3f852f50b,13e93179474d50127682b5c097234f31,delivered,2018-08-06 02:26:08,2018-08-06 02:44:11,2018-08-07 15:59:00,2018-08-13 13:06:57,2018-08-17,5b1e08010c71227dd7531a2defd33b33,2018-08-06
8cfce4714e95e2ee39602c28ff8270fe,ba7ba28196d8d587efb0976309c93928,delivered,2017-09-24 23:32:52,2017-09-25 23:49:16,2017-09-26 16:46:36,2017-09-29 22:13:30,2017-10-17,14f66befd4b75f7d7340cd3985615cb2,2017-09-24
88cd8bb48fb54b0e7a42902d1383f847,865759cd610a2badf3cdbf9f717a46d4,delivered,2017-09-12 17:22:15,2017-09-12 17:44:53,2017-09-13 19:37:17,2017-09-15 19:35:50,2017-10-10,2351e74f4857669771f7362e5faaa54b,2017-09-12
d07ea9203ae0a6ea15a2eacc87b4c0f7,2de12a5fa829fedc2d04da8db32bae05,delivered,2018-02-15 08:21:05,2018-02-15 16:50:39,2018-02-17 01:16:41,2018-03-11 13:18:49,2018-03-22,dc0274a25d881c813da7d55b7faace37,2018-02-15
fb4e36a839ee2e8a134cdf32bf9d9585,71cb93d1f8f5fbdc23927934cbe990bd,delivered,2018-02-12 14:23:38,2018-02-15 04:07:14,2018-02-16 22:58:47,2018-03-08 16:06:54,2018-03-14,ca6a4f278f7042f593c045d7c909cbf1,2018-02-12
df6a6216c9ad1e49d9d48201dea50a9d,3f393dbf92325c1adc3e28d4bb1db009,delivered,2017-10-17 11:12:08,2017-10-18 02:58:52,2017-10-19 20:00:36,2017-10-24 18:58:50,2017-11-10,6c8a8b5c2c42e45209b290231132c085,2017-10-17
39742381ff00946ff3ec36900700013b,d1cbc01cccaa606de862c4149f879ce5,delivered,2018-01-25 08:11:16,2018-01-26 03:18:37,2018-02-28 21:59:17,2018-03-15 20:38:25,2018-03-13,b316d4be83b834a6fbd884a542fa9da1,2018-01-25
3f4d752085db597cc5c802381e0a2488,8d2aff17abcb39e9ed83d6042aa07df9,delivered,2017-12-13 15:17:16,2017-12-14 02:12:33,2017-12-14 15:04:03,2017-12-27 22:24:04,2018-01-11,26c4adad5125842e6e6663a163ab8136,2017-12-13
58527ee4726911bee84a0f42cdd797c1,b7d68eb92ede54186f0385024c0481bf,delivered,2017-03-20 11:01:17,2017-03-20 11:01:17,2017-03-22 08:50:27,2017-03-30 14:04:04,2017-05-18,a06f383add4d40457f1909b67ce6b7fb,2017-03-20
21fe49b64fa913953b308f40345336cc,c1db33fc905215ed34f7c5a82295ffc6,delivered,2018-06-24 21:46:11,2018-06-24 21:58:40,2018-07-04 07:11:00,2018-07-11 21:48:19,2018-07-25,8017fca2ece34ed64ef67b7f16cd51fe,2018-06-24
cd07e3ceeebd529181ed30afdf30d43f,3c96cfdac2bce85bd05840b62c0e2e8e,delivered,2017-04-21 16:37:49,2017-04-21 16:50:18,2017-04-24 17:44:09,2017-05-03 14:32:54,2017-05-23,0299fedc3f190307e87f32483a9ba4fd,2017-04-21
eaa10b1bfc8e98b22d99dc4e96ef6a83,390998295b49e0086703894e31d9e512,delivered,2017-11-23 12:43:40,2017-11-23 12:59:30,2017-11-30 01:42:39,2017-12-05 18:48:57,2017-12-15,f42b136b817fc56506451c4dcc4f2b0b,2017-11-23
ba38b1323c46414512597408e6ec5b9b,68eee47eba208eb966151f2af399b896,delivered,2018-07-27 20:50:17,2018-07-30 16:05:18,2018-07-31 12:42:00,2018-08-03 19:28:28,2018-08-15,d6252b83365994340e1f8836d62eca87,2018-07-27
01490a4bdacbafe6de009b317a0c8bf6,f9dfd7942a2d7f1588b7638a9bdc8ff1,delivered,2018-06-12 13:46:53,2018-06-12 14:04:57,2018-06-13 16:28:00,2018-06-21 23:38:52,2018-07-12,ebf40c0db4fe06ddd15a7a44238c986e,2018-06-12
6b506a5bc7adc856a6d3fac12bb3b877,30284e641f2237dab5510161208157bc,delivered,2018-06-13 14:57:53,2018-06-13 15:25:03,2018-06-14 12:28:00,2018-06-18 18:03:38,2018-07-04,422616cba3b9cbd1234160c644e4dbe3,2018-06-13
e6a1e246119f970eea939974b1ea7651,f30966ab3f2e6572e194eac4b06d1506,delivered,2017-03-10 09:42:57,2017-03-10 09:42:57,2017-03-14 13:14:01,2017-03-20 12:05:55,2017-03-31,82fef3a0d35fbc616d77f7e7fc4795c8,2017-03-10
d592b82802bd7cdce8d3e8b48e07cd58,3f5701195d1f5ade3e5ae9482962b89b,delivered,2018-05-05 21:46:42,2018-05-05 22:13:07,2018-05-09 15:48:00,2018-05-14 17:58:40,2018-05-28,d889324bdaa9adb0838360d9d4c0bb09,2018-05-05
8010be962c553ac2ed4a5cf591ccc971,e67393f6b61b76b3990813390f4a4101,delivered,2018-06-19 18:49:14,2018-06-19 19:18:42,2018-06-20 14:25:00,2018-06-21 22:27:48,2018-07-04,12fda8735672ba464e75d08f06504a42,2018-06-19
9b30bcabc00edde5c8117aea83c1c11d,e97b754af1f2cabc36f6004f44f5b62c,delivered,2018-05-13 09:54:29,2018-05-13 10:13:09,2018-05-15 14:20:00,2018-05-22 15:18:36,2018-06-05,6ba4ed1f1e8ec7b4f60ee85996fd5016,2018-05-13
c7ec0aef506b16f956082d33b51e9aa1,401f18788389eeaf3bc1fe8da020fea0,delivered,2017-05-15 09:48:46,2017-05-16 03:25:20,2017-05-16 14:01:59,2017-05-25 12:42:13,2017-06-02,5331278432c1d2f87ce463412a344d1e,2017-05-15
7fc9c416ca9144971f5486875181bdcb,b3388d15f35b31ea10a16f59a651c9dd,delivered,2017-03-02 20:27:22,2017-03-02 20:35:19,2017-03-03 14:57:05,2017-03-13 15:34:54,2017-03-23,f2e48e534a839b28b599e1e54ee29747,2017-03-02
d65f26752fd6834bfb0a567b581dde3b,85d00c84cc236fdb8d5a58a0aed680ac,delivered,2017-07-25 17:40:12,2017-07-25 17:50:23,2017-07-26 15:17:45,2017-07-27 17:53:52,2017-08-22,c8cfa46e5d1f306b819532624342debb,2017-07-25
e9097b40952a79c27bb515bbfd4d488f,39416978729e589e3483e49937aab4e3,delivered,2017-10-01 18:21:38,2017-10-01 18:35:23,2017-10-09 18:35:14,2017-10-16 19:48:36,2017-10-31,71609c7488eb88baf20d78323d37fa4e,2017-10-01
399245c562fb9bbf701ec413495ffb35,e5492201e8dd8b9bdc7e8df7a85c6514,delivered,2018-01-10 00:28:24,2018-01-10 10:31:33,2018-01-10 21:48:40,2018-01-22 20:26:41,2018-02-08,dc80a79483121fee90b0d2f53d1054f5,2018-01-10
64ccc97757023bd10bf48bed7f1e14e3,fb6966f6b07c089be66da41fcadd4b9d,delivered,2018-05-31 10:42:31,2018-05-31 10:55:10,2018-06-01 13:51:00,2018-06-12 12:12:10,2018-07-16,79dfc79d89cd016b2b9fb010a9cce86a,2018-05-31
881b1412b8cff1e5c88e905fdedd7605,8dff15b503617623491e9bbdd7e6d977,delivered,2018-01-19 13:46:15,2018-01-19 13:58:24,2018-01-25 21:37:21,2018-02-06 16:41:46,2018-02-09,2012db34ee78af8a52551ac4850def91,2018-01-19
8b50f9105fdc81f8430bdd9da8c3d6e0,f8eebb1348f680433fe47d8ed5c595b3,delivered,2017-03-02 14:39:09,2017-03-02 14:50:10,2017-03-07 12:19:59,2017-03-22 15:54:07,2017-04-04,7f6b0883d50738296c75dba682da3a3c,2017-03-02
181544d1a7128358afb29daed7793e9d,94a1edc9b4a40c9f4b302c839f71db90,delivered,2017-07-16 12:21:41,2017-07-16 12:30:11,2017-07-17 19:49:59,2017-07-21 19:51:26,2017-08-08,b7513537961909a7579cd284aa165fd7,2017-07-16
e07be9c830655179490e2a5315782e71,2ce6b846941803ad4a9e4507db07b9f8,delivered,2017-06-03 22:32:25,2017-06-03 22:42:27,2017-06-06 16:24:26,2017-06-12 13:38:34,2017-07-03,3d7ec5ac1aa5010c30977a1caa10a735,2017-06-03
ea200c2f72468756bdc5cd200dbc7a8a,f97c84f50ac8fe5eecc8a0f267c674f9,delivered,2017-05-24 11:22:48,2017-05-24 11:35:22,2017-05-24 13:32:07,2017-05-31 15:57:48,2017-06-16,8fe6ccf0f64d9f15b6286394e4fc9942,2017-05-24
c39c97c1d22e4a4486ce849afb668211,baad4f33b8b48413580c54156a4172b8,delivered,2017-03-01 17:24:54,2017-03-03 02:25:34,2017-03-06 13:42:36,2017-04-03 14:13:01,2017-03-22,0b191e9e440cdcf2eba532c22aaac441,2017-03-01
5907e533018f059b3a3c50af1855e2dd,24cf997feed504c418db4c0ea1bb9585,delivered,2017-10-14 11:45:17,2017-10-17 03:49:36,2017-10-17 17:56:54,2017-10-24 16:02:18,2017-11-01,14869ab92f14cc8a93469a18e39d2294,2017-10-14
7d65e9176091ea193a460d908ee39737,197b14f985f4eddc23ec1ca34aace99b,delivered,2017-06-30 16:18:07,2017-06-30 16:30:19,2017-07-05 08:21:41,2017-07-08 14:30:27,2017-07-24,55ab20e989d0c5b1525c66e47af087a9,2017-06-30
d19acda84401ddd96d382870335feb6b,d635661dadc4ceacc797f3ddb3e02b0f,delivered,2018-02-12 13:34:16,2018-02-16 08:07:03,2018-02-17 16:42:44,2018-03-06 01:04:26,2018-03-16,13b9ff0b6ee2efabcd266b7ab0d3d1c5,2018-02-12
22561cc73693742c65f9e31bd0e8df08,93e314b682a2da481b45a81ccdf91ef2,delivered,2017-05-23 08:58:15,2017-05-23 09:10:17,2017-05-31 16:08:42,2017-06-12 17:13:22,2017-06-21,3e3bca450eb65febb63301472b833f4b,2017-05-23
4660bb9edc05ee0d35c8aeaa896f3300,07b7a2a5a3ebe3920967901fd96c0a5f,delivered,2017-11-13 12:05:59,2017-11-13 12:15:46,2017-11-16 22:38:34,2017-11-21 17:03:32,2017-11-27,34adb50767b04238054ca1f76ceabe58,2017-11-13
94f8ab9447f8eb39ed2c902712caf1bb,cae59be8fe9ba743966352a06bfb1440,delivered,2018-01-24 11:49:08,2018-01-24 11:59:47,2018-01-25 15:47:58,2018-02-02 21:52:17,2018-02-21,7aae9564db1f3d4197e8a795a6eaec81,2018-01-24
d8a8ca4fa9960f350db09ddea8861f05,5006cc988e09a726aa077517484b1191,delivered,2017-12-17 15:40:16,2017-12-17 17:13:42,2017-12-20 23:19:00,2018-01-10 03:37:43,2018-01-23,d9ce62d1130ac5f3dd0e496e74d22fd7,2017-12-17
df96405a326379bfb427ce857d3f2e18,581e395f4d2488efa418f9d0a0f0e08e,delivered,2018-06-03 19:05:17,2018-06-04 19:12:31,2018-06-05 13:32:00,2018-06-09 14:42:43,2018-07-05,e7f94a60a0a86874a5ed4fbcd3e7f602,2018-06-03
3ccf4608263e69b81c4735e7cabd7aae,a490a2ddb8c33828bec55cefb78f3117,delivered,2018-06-10 12:32:47,2018-06-10 12:57:06,2018-06-12 14:37:00,2018-06-18 21:32:53,2018-07-23,9a3169574d60f23140c5c4f04d8abd08,2018-06-10
d153b78750c904577222dbe5d1c066fd,c85cb76a752240ef85eb1c51ef964fee,delivered,2017-12-14 18:14:33,2017-12-15 02:17:22,2017-12-15 18:22:41,2017-12-27 18:24:43,2018-01-16,fcd144063af9253a9b51e1cd805c33ab,2017-12-14
99500821b9a347353e010d41c2204481,76dc7e04e0b2d035598d4d8c99d619e9,delivered,2018-06-11 17:31:50,2018-06-12 04:57:16,2018-06-12 11:47:00,2018-06-13 19:32:23,2018-06-20,d4066e00dbb3a446654a014755484d14,2018-06-11
5ca576efef06ad46cc98cb34e358ba42,5bca1d1998fd0bcbfb2d499cf1e6fb0f,delivered,2017-11-24 11:56:25,2017-11-24 13:52:48,2017-11-28 22:51:33,2017-11-29 20:13:52,2017-12-08,b42081937f404adf46c9f329211ade6b,2017-11-24
2b2021afc839498368ab00d64c9f1912,1267bc0a6f110e3e057dd92eb0163c61,delivered,2017-11-17 22:22:19,2017-11-17 22:35:28,2017-11-21 11:51:35,2017-11-29 01:02:44,2017-12-06,55ce1aaa65b4081195ba9db510eb86cb,2017-11-17
484f11db440188250fec53abd4283294,cac2887e5ce19f87ea3b5bfcc51dc9aa,delivered,2018-07-01 13:12:55,2018-07-01 13:30:30,2018-07-02 14:40:00,2018-07-05 18:24:56,2018-07-27,a68aa5b6d22ffe2ac0fc2cb41a383072,2018-07-01
41d29c3ada71413bc68d0452a9f4e902,da322652988cfaabe9fd73dc95d5d7c0,delivered,2018-08-16 07:55:55,2018-08-17 07:50:13,2018-08-17 12:23:00,2018-08-23 19:48:45,2018-09-11,8cffe951d8368bd81eaaf6fd1910319e,2018-08-16
844b8b73a94f61b9ff8dc1e88c081365,cb39dede73ee667f5b58944fab009ff3,delivered,2017-07-17 22:20:47,2017-07-21 10:55:22,2017-07-24 10:56:42,2017-08-01 19:59:29,2017-08-18,a942ba2a7bed631c5d4ec4d756b9df90,2017-07-17
e275f303e1879be6ec887af2fb5d0e3c,d1e63948af6f1051c491d33006f88e60,delivered,2017-05-19 09:30:14,2017-05-20 04:10:22,2017-05-23 13:00:56,2017-05-30 07:14:09,2017-06-16,df9451fb506af423b93c08fae06ba9ef,2017-05-19
b36f3343300f81c5687549dbf17aee3c,bb9ceaa5b2382421b18145b311926f24,delivered,2017-07-12 09:24:20,2017-07-13 03:05:20,2017-07-13 15:11:55,2017-07-24 22:27:45,2017-08-11,ca8bcfefd75fadc388de1d01ede3b9b4,2017-07-12
2799d1147975330e011d0040e6c1f964,108c277b95a45f849313ac0796f32b59,delivered,2018-07-31 12:47:42,2018-08-01 02:44:15,2018-08-01 12:39:00,2018-08-06 22:04:32,2018-08-14,4102966ccae17fb0464ea2211196a681,2018-07-31
e93728e408aedf27cdd31aaebdca3638,b2e1d8e77913616416eda2a44f3700ea,delivered,2017-07-05 17:08:54,2017-07-06 07:23:38,2017-07-07 19:37:52,2017-07-15 14:08:23,2017-07-27,ae5aa0b038e5c25f9444f5a2a82d0d94,2017-07-05
10b4aca7d76f1ff55e0dfc750e4e0016,a6c74361455bcc767fd48b27143c01cd,delivered,2018-02-26 09:30:09,2018-02-26 09:50:01,2018-02-28 18:42:39,2018-03-27 18:32:50,2018-03-21,d373cedd67c7c68ae7bf3dba39594d56,2018-02-26
67ff64203c34a9d3f2bf38605aa66bd5,1aa313d943e1ae64bb9b33c359537242,delivered,2018-04-30 14:27:03,2018-04-30 14:54:52,2018-05-03 14:37:00,2018-05-10 16:27:49,2018-05-25,25c46fa36f945166a4cfb056ec733e30,2018-04-30
47f7e96d69bc1d93a7043b9d4da910ba,560e59375e38178f7c0835d9aa0c8cca,delivered,2018-05-16 01:55:34,2018-05-16 02:44:02,2018-05-18 19:00:00,2018-06-04 20:37:33,2018-06-04,5aada67971539e52689adbfd30b869da,2018-05-16
ec3321f3f4d722104c66e3935b6f1d0f,1eed103f8b907394cdd735079da8a6c9,delivered,2017-02-12 21:24:43,2017-02-12 21:35:17,2017-02-13 09:55:41,2017-03-02 09:45:00,2017-03-22,eefdc5d56151be8695518215e2598a56,2017-02-12
312ca70771f7faab638a5aefeaaea172,4ef23a9e5190fa352f84490ee17efc3f,delivered,2018-07-18 11:10:20,2018-07-18 11:30:16,2018-08-01 15:38:00,2018-08-04 16:46:24,2018-08-20,31c8bea35443dd560ea09d74e7970583,2018-07-18
1620281609b2789ef7989b3265834051,b1613a26b17d0c9daf86159797bf1cf9,delivered,2018-06-15 23:32:07,2018-06-16 00:00:50,2018-06-18 13:01:00,2018-06-19 15:41:21,2018-06-28,c4effc584d76195ec38211de5bb86990,2018-06-15
5f321b4a49def66a561530fce7c03bab,7bd90e3c2661bf832337d0c1f8837579,delivered,2018-02-15 19:50:28,2018-02-16 07:50:33,2018-02-22 21:04:46,2018-03-07 19:04:22,2018-03-02,a8ea73a85a39739cadea6bc3faa31440,2018-02-15
c24d5cfbabc3f3d25c944b62f3501bc2,6f31890dab6b8c8287e5a0d7a58c7302,delivered,2018-03-08 09:42:51,2018-03-08 09:55:32,2018-03-08 19:20:42,2018-03-14 01:52:29,2018-03-20,4f202913eca1279994ea1a1709088921,2018-03-08
ba0a364cb39fced1809a921478499aa2,78783cd0f4085749b3c1b5eb9abc6d09,delivered,2018-06-27 10:08:49,2018-06-27 11:06:34,2018-06-28 14:29:00,2018-07-05 22:28:40,2018-08-06,7ee397d3532b08254b5d9ef4e8c129a9,2018-06-27
9562a9640c9bea4e43a21cac378d8781,5b826d45bac1f4475b031f62e649668c,shipped,2017-05-06 19:58:48,2017-05-06 20:10:15,2017-05-10 13:03:24,,2017-05-31,cd89e1b4b06880d8ea145f4b3da8e4a5,2017-05-06
517edfde8ef25f2a7f7da80e82c77c27,8699d0149c8c7df92b6a8c3c0a272639,delivered,2018-01-05 09:57:09,2018-01-05 10:09:37,2018-01-09 17:51:52,2018-01-23 16:02:56,2018-02-14,823166bc0cc518f6b1b0e9de80c691b6,2018-01-05
a7de1e9511d55d23769ec956fbfe66a9,8d6d565a25780b89431c626e4623259b,delivered,2017-04-04 23:52:03,2017-04-06 02:46:08,2017-04-12 14:18:03,2017-05-15 08:59:48,2017-05-10,3ff672e35097cfd7e1cc43ef64cf4906,2017-04-04
d1936bb071d6e11d422953971e927cce,67e07b82c21be1ff6a01781a136d127a,delivered,2018-01-26 01:17:17,2018-01-26 01:36:34,2018-01-26 17:36:28,2018-02-05 17:53:19,2018-02-19,0aad3799f4abdb509390ae56d26a721a,2018-01-26
723f134709c05ce129d5e45847a1be3a,49c3d6099eea27d72bfb0aa0a52f6a87,delivered,2018-02-18 18:58:10,2018-02-18 20:26:48,2018-02-19 20:29:58,2018-02-21 13:15:07,2018-03-06,2b996fd3151010998e8fd8e21b667cc3,2018-02-18
9561a9943b36636b3756df14b0aa72fc,561e1c8920d1c28000d4dc7e94edfbf6,delivered,2017-07-19 08:55:10,2017-07-19 09:10:18,2017-07-20 13:29:38,2017-07-22 11:42:53,2017-08-01,67114d907d1b9354a57f0e9e6add4bf1,2017-07-19
3d1f855ec049b6a053eb6bd7aa3d19df,816a87e60d13ec9087b3d07a5e0fa654,delivered,2017-10-16 11:08:56,2017-10-16 11:27:26,2017-10-16 22:26:47,2017-10-24 17:29:57,2017-11-13,0656bdd26ca8bcf34f0c7a14ee5f0c32,2017-10-16
3b6f2bb4fdd0cd8b7b28696a70e0acc2,c4270f9c273e2970e913382fac6e20ed,delivered,2017-11-26 23:40:09,2017-11-26 23:53:37,2017-11-29 20:04:46,2017-11-30 16:52:39,2017-12-11,dae236c4966ba83f98b8e5f85165c27e,2017-11-26
7b47cd1ed3f005eeff2bea8a9c18fae7,29b9882a15ca2a894fdfbcbf4e66325b,delivered,2018-02-05 10:50:28,2018-02-05 11:13:02,2018-02-07 00:12:30,2018-02-23 17:07:12,2018-03-09,f60ba73d49b1d6a3d339684e03793bbc,2018-02-05
6ab3d725c7575fd524f046d5057a44da,a261571e982fcbdd11ed1e4814f709df,delivered,2018-02-01 14:15:08,2018-02-01 14:29:12,2018-02-02 18:36:18,2018-02-08 22:23:05,2018-03-02,e876149e8061c041c42de31b4b74da37,2018-02-01
366b4b0bfae819ac43feb2b2ef5821e8,7190c53ba54025067bfe7b212fdfc8b4,delivered,2018-06-24 13:21:50,2018-06-26 05:15:19,2018-06-26 15:25:00,2018-07-02 16:22:17,2018-07-20,756b2ace8f6224221515a79ad73f6d8e,2018-06-24
60d87c3a8975a3933f54d91664de9a7a,cb14df7a6a93ae67b6b89d0debab1326,delivered,2018-08-16 00:32:20,2018-08-16 16:39:43,2018-08-17 12:03:00,2018-08-21 10:32:17,2018-08-27,6ae0c4c53fc40060aeb822ce9ac194a7,2018-08-16
f19bd634b5b6ef35a112602a933e9cc4,344a93991158c917a840a7c70dbc0a46,delivered,2017-11-28 16:25:02,2017-11-30 02:22:20,2017-11-30 21:31:57,2017-12-01 19:08:47,2017-12-12,f58644af9de7c40fb8809b0b74a017b8,2017-11-28
86094cf4e776979d2305a73969320bb9,58141056219410baed43847ba2cb0928,delivered,2018-03-06 10:02:40,2018-03-06 10:15:35,2018-03-13 00:17:31,2018-03-19 18:47:05,2018-04-03,c2496101b8a1f3fc755babe2fd3a414b,2018-03-06
b461f0f8c7be357bc05c14cd986305ca,60e6513bf216e72ddd1979f81a2945c4,delivered,2018-06-09 11:53:43,2018-06-09 12:20:11,2018-06-12 14:20:00,2018-06-14 20:18:24,2018-07-04,3d3a1c1da33b0c79f31d7600af34c267,2018-06-09
ccf1f49fad1e7cc6c926b067a0cfea00,1e8cf2e3b4f313dcc79f5dd092220f60,delivered,2018-04-23 18:03:27,2018-04-24 18:38:35,2018-04-24 18:18:50,2018-04-26 02:46:51,2018-05-03,c62e4182e8bbda08640afddbd6e9473a,2018-04-23
287c1aa07bb73d458030893e16ed9312,79ce39c174104d81e55e38e2912d437c,delivered,2018-06-20 15:28:37,2018-06-20 16:01:21,2018-06-21 08:46:00,2018-06-22 14:08:30,2018-07-03,428527b5e7151a74d2d1c4220e92d385,2018-06-20
c659935fdc19ef6b13aa33fb990a2f81,3492a938c440c581be2cba2e6b56222b,delivered,2018-07-18 16:46:57,2018-07-18 17:05:13,2018-07-19 11:30:00,2018-07-24 19:32:39,2018-08-02,5800f1507380af3b594684ddde401a93,2018-07-18
02bbf7328b514a90bedde6541c213811,0922b25ec5945d89980e65bde3d38f51,delivered,2017-04-05 14:33:07,2017-04-05 14:45:16,2017-04-06 15:43:05,2017-04-10 14:12:40,2017-04-26,ed7ecb1bd52fef9f35d06b0f09c79539,2017-04-05
3580fbd460098a41fb19ad93e010e638,01016b17e79a0a428384c6916b426aed,delivered,2018-02-26 17:40:12,2018-02-26 17:55:33,2018-02-27 22:09:29,2018-03-26 21:42:17,2018-03-22,e47c583b91537b2dabc8c565a807b618,2018-02-26
b5cfa6f99f4b2a76614484c0dfc6bcd5,3d3c806e48c5fedc9db509c647842c5c,delivered,2017-04-20 00:28:39,2017-04-20 01:05:58,2017-04-25 09:45:50,2017-05-08 11:40:28,2017-05-25,be114997aa2e6f93827c7ee261e550c8,2017-04-20
caa18d06d1387d719412906fd4cb2063,861f08d323559a297fdde819d7e702bd,delivered,2018-06-22 15:17:37,2018-06-22 15:38:34,2018-06-25 14:17:00,2018-06-30 13:14:51,2018-07-16,335b9c65e43e3f448a5673f37957a9d5,2018-06-22
deefc8712615b2422c59328bbcba7211,9e805b75d4ed5080a57a3910d09276f8,delivered,2017-03-17 21:18:04,2017-03-17 21:18:04,2017-03-20 09:57:25,2017-03-28 16:17:10,2017-04-07,962ac7d07a0662bc22cc78bf82176ffa,2017-03-17
bd25d6ca53135c74689cd7adae87506c,d1c7f292317699dc2a6c186df1d4ec33,delivered,2018-01-05 19:04:27,2018-01-09 07:16:59,2018-01-26 19:12:39,2018-01-29 22:34:04,2018-01-23,c5a134bf523ac8f72912a0373bbdb314,2018-01-05
6feb1191d85c6196e2dde76966fdb45a,c06c587a571e55dfa11441f4a93a822c,delivered,2018-01-13 20:31:15,2018-01-16 03:35:46,2018-01-17 13:09:54,2018-01-31 14:22:08,2018-02-16,8c27db3ffd2f6f5832cb6d14a6045139,2018-01-13
67ca959c49356f3b0b6ec2b340cabccf,c1ff6f7675e7a6e99ddefdf9c2636118,delivered,2018-01-15 08:39:00,2018-01-16 03:50:18,2018-02-26 19:37:19,2018-03-10 11:28:40,2018-02-14,c36600dbc9c3b58dd96f804abf621b2a,2018-01-15
54124d9826c024b4b20d530b6bf4d6ee,dccdf9c858cf2a30d65e220f903afcc6,delivered,2018-05-21 18:18:25,2018-05-21 19:16:08,2018-05-22 15:17:00,2018-06-05 10:58:49,2018-06-14,ea6a94cd85b23ecdff2abe6888bc688e,2018-05-21
8f836421e8adb99ac1f8075c27949f7c,46fa9624d8685c23181067afeb9d39f2,delivered,2017-07-17 21:16:37,2017-07-17 21:25:10,2017-07-19 17:39:44,2017-08-03 16:05:52,2017-08-08,e035bc2dd00f7c7a6f6ed2effeae9e69,2017-07-17
fdbe86571218c28f0e4259b726b1bd0b,0eaa821dd1e028e0076b3b1b52b925fa,delivered,2018-04-22 14:04:10,2018-04-24 17:13:10,2018-04-23 19:17:32,2018-04-28 19:34:58,2018-05-17,a9d6f77c565242fc83b7cc768da647bb,2018-04-22
e01023596310bc78e2726329569e3d21,75b6f2177527893e0fa037a3f3b51750,delivered,2017-11-04 18:01:05,2017-11-04 18:10:24,2017-11-07 18:44:53,2017-11-13 22:46:52,2017-11-27,c54b688917ba01fd1529c189c1f593d3,2017-11-04
26ccd00e36dcb6270f76feff4f6dd560,4b14bf7f9a0fd13d8e7073cd3de6b3e7,delivered,2017-11-27 20:02:16,2017-11-27 20:18:44,2017-11-28 22:25:02,2017-12-01 13:27:34,2017-12-15,cdd01b6adeb9f518a632f5fb3a811e02,2017-11-27
20415fe2d2bbc0e8cd136855c2d3f149,20eda7fbcb57c4fc74b34177112e0ba3,delivered,2018-06-07 17:42:46,2018-06-07 17:59:06,2018-06-08 15:09:00,2018-06-11 22:35:37,2018-06-25,cf30949fd7be59e0a2bc640745ba5165,2018-06-07
6366ce592c90a36450778259cb163cc5,2879382709b32eba5901afcb5f2b3b65,delivered,2018-08-02 15:58:56,2018-08-04 04:10:38,2018-08-07 14:06:00,2018-08-20 17:52:56,2018-08-15,158629476b814e89f2656e152007f567,2018-08-02
b71a346a5ffc19181e7d858997b31360,d7807626037093a489ab8dd97adca42e,delivered,2018-03-18 07:12:03,2018-03-18 07:28:17,2018-03-20 00:51:05,2018-03-22 20:33:22,2018-04-11,ce6a974890e845f46d85d8b1f222657d,2018-03-18
45e6fe309ebb856da45864abb8c53ff9,8a559a1732fcb3e7873b5a56267568c3,delivered,2018-06-15 12:27:09,2018-06-15 13:41:00,2018-06-15 14:07:00,2018-06-18 18:26:38,2018-07-13,b9251f9f5e1811ec4dd0e59e8e538141,2018-06-15
7fe2184e6a2c80fe87a7ec1008364829,b2587a3b676c761cdc67e28ebae0a8fd,delivered,2017-10-16 15:55:43,2017-10-16 16:08:18,2017-10-17 17:56:56,2017-10-20 14:25:00,2017-11-01,ff914e64520a85d586eea79f44078f58,2017-10-16
626add0c9183e7802564bf732e183dd1,60479a632599df7b8bbb349bf4399d5f,delivered,2018-05-05 11:00:30,2018-05-08 03:55:32,2018-05-15 19:03:00,2018-05-18 17:32:21,2018-05-17,232108769b54310413984f29c3c8011a,2018-05-05
e35e63b98848e494f75ce91dbef9cf11,96ea57fa9cfeebd7fa51c5cc238c6126,delivered,2018-06-28 15:24:35,2018-06-28 15:51:37,2018-06-29 12:50:00,2018-07-04 23:31:51,2018-07-18,f156ecff8cfeef747e99c7b70a1c8c71,2018-06-28
adb029a9e8ea33a3451d05c43f495905,a75491ead2b5fa442815f856912b31e2,delivered,2018-04-30 11:28:41,2018-04-30 11:51:15,2018-04-30 16:03:00,2018-05-02 18:07:33,2018-05-15,b2ec6c02427a6a6f3ccf71fdbef44c22,2018-04-30
13ff6e8d3b4edc9c04197d2945488442,1e5de4c68af6db5151b970cd48dde46e,delivered,2017-03-19 10:13:18,2017-03-19 10:13:18,2017-03-20 11:16:42,2017-03-24 14:43:40,2017-04-06,30e54b68d6303045310f552b7b46ac06,2017-03-19
894f91c1c79ed1df3d678edb9970e88a,86026411ceb03f946a2ee941191ee906,delivered,2018-01-07 16:58:20,2018-01-07 17:07:10,2018-02-14 20:36:32,2018-03-01 17:52:32,2018-03-20,104ecbdcb645f2c124125cf58db3051d,2018-01-07
4307e89df5cb485b0b67e0f91025703f,4ef9da47696b0911b817923eece66552,delivered,2017-05-18 15:32:14,2017-05-18 15:42:35,2017-05-19 09:28:00,2017-05-26 14:39:24,2017-06-09,8ac795e2c3b0c47d8b67916fc93edccf,2017-05-18
9fa27c6b7743512d1d967acfa2301a00,5b8c0cfaa1c0eb993a464dc9d9d0384d,delivered,2017-08-08 12:22:23,2017-08-08 13:20:09,2017-08-08 19:20:15,2017-08-14 20:39:57,2017-09-13,6953fd5f6080644ed2980e37abdb800c,2017-08-08
52aec34b3aedb6f8fd1196c22af30834,bc0dcfebed0d1e25368598f3211470df,delivered,2018-05-07 20:21:31,2018-05-07 20:35:23,2018-05-10 13:27:00,2018-06-05 19:33:19,2018-06-05,212a93576ef1b1d4e58bea16a603b884,2018-05-07
4509039a1ebb56dc11e06c719432b76f,97795c829cac9e27181af4d67c47c7fc,delivered,2018-03-02 10:27:14,2018-03-02 10:49:59,2018-03-06 20:12:46,2018-03-29 01:17:32,2018-04-09,10d79725f59087e68938f9743b368a4e,2018-03-02
dc103edeb857e3480e63f64cd8f7411b,6fc625da2b7ec57da6deb70a50cf50bc,processing,2017-09-23 11:23:43,2017-09-23 11:35:23,,,2017-10-24,863f33ad6779954e7c3610131753e846,2017-09-23
8e3ab8811f9c3a04413aa4e14f84b872,6255375724659cd90a2cefe829af62c8,delivered,2018-02-28 13:08:04,2018-03-01 02:48:56,2018-03-02 20:15:07,2018-04-10 22:41:47,2018-03-26,07b3cc9e278b9c22d79ba277ffbd3ef8,2018-02-28
a47bf2de96db0109440cc21208edcc4f,0875fa3920dc15daafa737cbfa1392e2,delivered,2018-03-08 04:03:00,2018-03-08 04:15:27,2018-03-08 18:51:37,2018-03-14 18:51:56,2018-03-27,c1c17398c133e0b88ab63b2e29dbb2bf,2018-03-08
d3b4696e5703c926ee140816dd2a5e37,378645474a773554c43bd3bae5ae7ffa,delivered,2017-05-02 06:47:24,2017-05-03 11:25:58,2017-05-04 12:58:04,2017-05-18 06:49:49,2017-05-23,ef665f631bc7ece13b08c8b6805fba73,2017-05-02
e3d8160bbec52fde1232633f278d8626,c3402110088600cb6dc91977d1e53955,delivered,2018-06-24 09:25:23,2018-06-24 09:56:24,2018-06-27 11:25:00,2018-07-06 16:16:18,2018-08-09,77223a02d3cac0844c9aa9ae113a517b,2018-06-24
9d9f932c7a747d08ec9b2c5e3e0ffa84,76d3872c6c68b6e86f64d0c63f54731a,delivered,2017-07-05 21:21:07,2017-07-06 06:45:22,2017-07-06 13:47:44,2017-07-21 18:47:53,2017-08-07,3705a866c475537dcafdf82221719e7f,2017-07-05
4ca93a3dd92c3b6871bd6ebad444a518,a3fd157f7e33775466211eef291866b8,delivered,2018-07-10 09:00:06,2018-07-10 09:15:08,2018-07-10 15:54:00,2018-07-13 17:08:55,2018-08-07,39ee801c4e1b061c236ef61df1152cc7,2018-07-10
a16737dba8d598dafad8bf6542bef687,6e1a86d11257e641e07719f9ef0e401e,delivered,2017-12-13 10:11:17,2017-12-14 17:31:57,2017-12-15 17:48:42,2017-12-18 14:38:32,2018-01-02,530f69cd3d39aa59fb444f2533130b93,2017-12-13
6d21ed7585cca6643688d729d0cdfce6,363fdfe27ca1b8ab15eefb9adf941c37,delivered,2017-09-13 19:17:04,2017-09-13 19:30:17,2017-09-14 19:46:48,2017-09-21 20:48:38,2017-10-05,962b9e78a586d8de5567a5290c2d65f4,2017-09-13
36e2905ab14ea657095b38b36727ad07,ecf15a4ce074b969c7085a5e2675f3ad,delivered,2017-10-20 17:41:14,2017-10-20 17:56:34,2017-10-25 11:53:09,2017-11-29 15:35:14,2017-11-16,e52a27f1d91963f254defc50f42d4f6d,2017-10-20
b71252e0550c2a38a915c48e7e62789e,1ce7c8ae85f9c75f2941b5f3630a2ae1,delivered,2018-01-16 21:50:55,2018-01-16 21:58:40,2018-01-22 23:58:50,2018-02-09 00:33:58,2018-02-22,a9995ac16e034f8514bcb9e6ac5c8896,2018-01-16
9c3059c9036686226d8c445338bfdcc1,b66c181dc925982fab4b74e0e0fd5122,delivered,2018-08-20 09:22:38,2018-08-20 14:51:56,2018-08-21 13:09:00,2018-08-24 22:32:44,2018-08-29,cc880daadf0374cbe3853c29e9990685,2018-08-20
c2911ae423d7c8d3766951c51723af34,1eb9da3b7693eaaba1fd3cfbd4d40b38,delivered,2018-06-27 15:40:20,2018-06-27 15:55:11,2018-06-28 14:48:00,2018-07-03 17:58:32,2018-07-26,5863e52440f83fb840f303d5c191557b,2018-06-27
bc10788436288a29d001a6ec0e76f677,dc4158ce77a389b5672ae596ee0da730,delivered,2018-01-15 22:32:45,2018-01-16 13:55:31,2018-01-18 19:13:37,2018-01-25 22:10:18,2018-02-02,0849ec6b60b2eb0524e162019b1e1fa5,2018-01-15
46b6741ad3894b35c9345747e8a326a3,1f8f1074660df76525ee98ce30443b88,delivered,2018-01-25 17:46:01,2018-01-25 17:54:29,2018-01-26 11:39:51,2018-02-07 22:15:47,2018-02-19,01b0e4e53ea06107438b0738d8d670e2,2018-01-25
52f89521400b32703e434cd646403475,028c802f8a68efdad4e27931e37e859b,delivered,2017-09-05 18:44:06,2017-09-07 10:33:21,2017-09-08 20:27:55,2017-09-14 20:37:26,2017-09-22,d9b8aebd2d5cd4d5338b1e6dc480aef8,2017-09-05
3e776417570f21480752629ab325af0a,901ab2808034698c2243e3f9c2dd600c,delivered,2017-10-24 13:51:32,2017-10-24 14:06:35,2017-10-26 12:15:36,2017-10-31 21:27:54,2017-11-13,92c1c8990f0d4dbe14564ddf2b2b82ab,2017-10-24
78ff4e2150a4d62c899729924518c667,fdcd4f45e64fb171ac37d17e86921672,delivered,2017-12-04 15:07:09,2017-12-04 17:07:57,2017-12-06 16:59:12,2017-12-21 17:44:23,2018-01-08,b59e4bb4efe81ba0f7d30cff6734f9a2,2017-12-04
692f4207d359fbf24d641b1470721130,eb7da1cd8b8d48a43fdb3d86f34beff4,delivered,2018-06-04 12:10:06,2018-06-04 12:31:17,2018-06-04 11:04:00,2018-06-21 21:56:34,2018-07-17,41bcd3882167cab0e3e3dafb0a292473,2018-06-04
8d23fb4e17833d8bf866d3ae3481a3cd,6e1291c1d47555fbfbf4fcfbfc13fb17,delivered,2018-07-24 08:48:10,2018-07-24 11:23:57,2018-07-27 14:12:00,2018-07-31 11:16:41,2018-08-14,4746c99fe8b7985f53cb6885c456defd,2018-07-24
25c3705135caa85f274dc20b48e13104,b36c7156c67dba47caf8b45b81ce7c29,delivered,2017-11-26 22:26:04,2017-11-26 22:37:28,2017-11-27 12:44:09,2018-01-03 18:09:05,2017-12-27,7d7341e000e9fc93c15dd713c7c5aaa9,2017-11-26
3e22362ff8073375db0a40770f897f7b,dbcf0f4003459921b6ee8298d3fbd73d,delivered,2017-11-13 23:07:17,2017-11-13 23:16:05,2017-11-14 18:47:10,2017-11-23 20:07:00,2017-12-13,4926bcacdb23d99c4739af347a827ead,2017-11-13
5ea87cd245f8b1b4948bda755b188b98,712d389aa813610d1abef424f660118f,delivered,2017-11-27 16:27:06,2017-11-27 16:39:52,2017-11-29 13:36:39,2017-12-18 13:22:46,2017-12-22,a52b533d77c10633792b3aefce990d12,2017-11-27
95f5c913e50f7b1edfe05e8a38ba88d4,031cb9fac5344bf6def68aacea5eafec,delivered,2018-02-17 19:01:38,2018-02-17 19:10:31,2018-02-19 23:12:12,2018-02-26 18:43:09,2018-03-19,f95407bbebadeb8eb236153ba339e998,2018-02-17
fb12ff6f5be15ffae684b3cc37abdf24,72f24bfed37917f0582eef35300edfce,delivered,2018-01-11 22:24:15,2018-01-11 22:34:24,2018-01-12 14:54:53,2018-01-23 19:19:13,2018-02-09,8438fe2ac6000c86da26409ec7308dd7,2018-01-11
71c5d16c2149894838dfbb922947cafd,1050cf3840c2e8ec699c850f1b36c767,delivered,2017-05-21 23:14:29,2017-05-23 03:35:14,2017-05-24 15:56:55,2017-05-31 18:17:50,2017-06-09,2082ae0cb6b125927b782602fd2df100,2017-05-21
780d2033f54e261503435dd8a2873909,8639b075755e125011bbdf07da15f178,delivered,2017-08-16 20:23:46,2017-08-16 21:45:38,2017-08-21 13:56:47,2017-08-22 18:04:38,2017-08-29,5ed9326877bf38c32c289ee4fd32eb76,2017-08-16
840ce4344469adc0ed090ea6de49e6f8,10380cd082f966292ee4e02f71bcc91f,delivered,2017-11-26 15:29:33,2017-11-26 15:54:37,2017-11-29 17:48:48,2017-12-15 00:09:22,2017-12-20,e1729dcf4518b4ef2913ca065173d641,2017-11-26
e47696af59942143e9e58d36f8a036a2,4b3b94241a1988685ede1e51288b985d,delivered,2017-10-13 14:14:14,2017-10-13 14:46:26,2017-10-16 19:42:21,2017-10-18 20:38:36,2017-10-25,fdb65db26eacee363b0db34bdd321a06,2017-10-13
5be3e2ea8dccd8c98b2efd063627a10a,38ec435a57977a6b11afffc1c109a5c7,delivered,2017-09-14 11:04:24,2017-09-16 10:25:16,2017-09-18 18:19:58,2017-10-04 20:48:43,2017-10-11,f22a63258658c4def04d2fce3bbd68ff,2017-09-14
c14323552816050d396da49c9f23ae1e,7cb980ea48f7332f0c397cce1a900e59,delivered,2017-11-26 10:24:33,2017-11-26 10:36:23,2017-11-28 22:21:57,2018-01-03 17:24:01,2017-12-21,71ac63cf26120dafb6d3c73aca37376f,2017-11-26
4d06a731cdfaf790a65798f65ec6ccab,23d98526b606143a1b0ac1bae2457bfc,delivered,2018-01-24 09:13:19,2018-01-24 09:39:28,2018-02-01 00:46:58,2018-02-05 17:11:54,2018-02-23,93b3ffa54afd9c20cfb35f3ce2e8e82d,2018-01-24
129b63bc323d7b5b2965a143b2e72cc7,b1aa2abda32e707cb5c7ab57203e4fec,delivered,2018-05-30 14:33:24,2018-05-30 14:57:24,2018-05-30 14:33:00,2018-06-08 13:58:41,2018-07-05,48c2229733623563729e93ee56baea97,2018-05-30
a7574f814a7edc20c97765b6086735ba,4ec96f8e20985196e4bf474a65293adf,delivered,2017-12-05 23:12:11,2017-12-05 23:30:14,2017-12-08 14:53:19,2017-12-18 20:47:05,2017-12-28,ac8d8e9cf18c3f48c3fe17d7910a8902,2017-12-05
cf319c0d69f01423a802cc9a95212e3e,9257e7f34e66593a7e9fe6b654e38044,delivered,2017-08-12 21:46:31,2017-08-12 22:03:53,2017-08-17 21:53:32,2017-08-29 23:22:41,2017-09-14,1f344e658ffa196ea41358e684ff9085,2017-08-12
7ae184e266d3d177c278f71f228b5ec6,670e4a4f769d3645007a5ece3e9a7c2a,delivered,2018-02-23 22:43:33,2018-02-23 22:55:23,2018-02-27 00:49:08,2018-03-22 18:32:48,2018-03-22,bcd14224f909d2162f4b95f47b5b6b88,2018-02-23
49646cc607d966ad032b9657f07aacfd,d44cd2f8ecb3ef1eb66441776c1cbbf8,delivered,2017-12-06 14:45:21,2017-12-07 15:32:05,2017-12-08 16:37:34,2017-12-17 16:48:32,2017-12-29,d6bf80bb76944314ae6b5d0d5cb77e25,2017-12-06
a795d23a5dda16a79cabe752ef263cf7,97091f48563cf12e2e81034e5e6f124f,delivered,2018-06-19 18:59:37,2018-06-20 02:55:35,2018-06-20 14:18:00,2018-06-25 18:36:59,2018-07-12,c4e1f9b885e92146f6849a7a8cffee9f,2018-06-19
793fa5780240b76760e4ddac10cfe540,4e086f7e9dc0292c1e8e9e5aba786313,delivered,2017-12-08 09:35:32,2017-12-12 04:09:11,2017-12-14 21:35:17,2018-01-03 18:13:00,2018-01-12,f04262ae7b441d112b817c6ff5dd6b60,2017-12-08
383d164e3fb3bd64ffdc196f34f2d8a1,15c0394dfabecf5cd991c5bcdbfcf3dc,delivered,2018-07-13 11:30:23,2018-07-13 11:44:09,2018-07-16 10:58:00,2018-07-20 15:13:56,2018-08-02,3f02edfb1cae00377b6bebaba4767815,2018-07-13
3908d6bd42f21f56dd7cabf2797b5b0d,f5fdd55b3554912a678918dac3f16dc5,shipped,2018-07-22 23:45:00,2018-07-23 12:31:35,2018-07-24 11:02:00,,2018-08-09,36cd1438569a7617fba172c014dc48dd,2018-07-22
82383d6d5aa835a4c02cf0c9d56895ce,ac96fff137547e21caa549300bfae114,delivered,2017-04-02 19:28:19,2017-04-03 17:15:08,2017-04-05 12:22:01,2017-04-10 11:19:57,2017-04-24,e81ef5982b279bccee91dd084b3652ca,2017-04-02
9553913bb01853f78a265724d13eda3a,0da511c15dd976bb8df4ece33cfc38dc,delivered,2017-02-23 23:49:22,2017-02-24 01:05:27,2017-03-01 14:53:57,2017-03-07 09:38:54,2017-03-20,77a0c1a957bc24577d9ebee73c3a4b12,2017-02-23
0cb3c0cb279f04b99a10ac141fa8586f,dc89e323825a3ce463ee55c80e2288bb,unavailable,2017-03-06 13:20:19,2017-03-06 13:30:17,,,2017-03-27,feb643dc81ca576d83810f147e0e089c,2017-03-06
d18941a914e7a203e714a20432c05a35,dbc9d5f0f7b887d9ff2a335aa790e5c0,delivered,2018-03-05 09:46:44,2018-03-05 10:09:29,2018-03-06 00:23:08,2018-03-07 09:32:33,2018-03-15,ae34c047daead32e39200cad49c76ac6,2018-03-05
a8fe5267370ed0ed458f4fc1a032bf7e,30439b4195a59628af126119eea46514,delivered,2018-07-24 16:02:10,2018-07-24 16:40:09,2018-07-27 14:12:00,2018-07-31 20:20:38,2018-08-14,4186760e2896ae243f51302b4287aab8,2018-07-24
febcaeb2fad6add5829ac1d090ac26be,41a84693075e67aa8f408fb362532bd3,delivered,2017-04-19 14:02:05,2017-04-20 02:50:10,2017-04-20 15:47:34,2017-05-02 17:56:33,2017-05-10,08d9c598bb8eaf10cb62de8743666859,2017-04-19
9177fe6f8c324410d13aac7a2ac35f33,be3f869e5f23c9a78825aca606db919d,delivered,2017-10-10 14:34:01,2017-10-10 15:50:25,2017-10-11 22:22:24,2017-10-20 12:56:16,2017-11-13,844c28875030ef00b87f151670795da6,2017-10-10
e86b5488ccde343ba8b2e2c72eaa74df,8072fe56abb47a1b7d193a7ee5eac857,delivered,2018-04-16 14:55:57,2018-04-16 15:12:38,2018-04-17 23:42:16,2018-04-20 16:50:49,2018-05-08,f9a82d85cd2a33304c576595d7017850,2018-04-16
ba207c0bbc57d7da1d6ef7ebc895fec4,f96fcb934eb3b01321a00d5a271215cd,delivered,2018-06-14 07:49:19,2018-06-14 08:16:48,2018-06-18 15:04:00,2018-06-25 19:08:40,2018-07-17,76bae8e81eac76807bc745dfc702e009,2018-06-14
1706a936242c6f493108524653bb81a6,e75cb50ef20e994f32b103533e1104c9,delivered,2017-08-02 10:36:10,2017-08-02 10:50:29,2017-08-03 18:09:55,2017-08-04 20:11:58,2017-08-22,327f501d2d5d03cb32e6b696f28963c9,2017-08-02
d31eb970bb1acce19ffa95359ac4de15,18796ca7e8c4ac5d37266b3015a4de85,delivered,2018-07-02 09:10:01,2018-07-02 09:30:31,2018-07-03 12:41:00,2018-07-06 18:44:35,2018-07-23,4fd505ba98d88cdc385ae5f4f916b827,2018-07-02
ae6bf543002a1635b6158f90b3fcdeb7,4b8449f6f267ff67d74a83a4441dd7b5,delivered,2017-04-22 14:44:46,2017-04-22 15:01:38,2017-04-25 08:23:10,2017-05-05 15:06:01,2017-05-12,638f94a5b338750865b41d709135d045,2017-04-22
1ad1ca4550bd6dbd299d8538a86e5400,30f9adf897b5a65c80f9a9fb5bd03234,delivered,2017-04-01 09:50:09,2017-04-01 10:05:10,2017-04-03 12:57:58,2017-04-06 13:28:47,2017-05-03,5dbcb21f1c87086be75be5245226e4ab,2017-04-01
0ae310aba8893f64631cffc380d5db8b,d014f11f50846fbe717e15184b8f0b31,delivered,2018-08-10 16:23:39,2018-08-14 04:50:30,2018-08-24 13:50:00,2018-08-27 16:37:26,2018-08-29,5590344046361f50100e9faaad848e0b,2018-08-10
9ec0685021a7d9f772fe98f38a090b47,8e646577bb113d5a94d2a4eb50d1ee01,delivered,2017-12-16 12:35:13,2017-12-16 12:55:32,2017-12-20 13:37:14,2018-01-03 20:32:29,2018-01-11,26a02d604112e271e4b6625c7a637ea0,2017-12-16
fde8ba9ac93d634f0221d048bae1dcf3,8e8100cecf5d8edee177276a3006d02a,delivered,2018-02-21 23:12:46,2018-02-22 23:28:23,2018-02-23 19:04:41,2018-02-26 15:03:42,2018-03-07,89631ddb66cd1a9e4230b70178c37e2d,2018-02-21
85fb2e780af6d2ef3dcf0510d609c40d,394c6447e3d17c78ecd127f7734463a3,delivered,2018-02-26 14:52:41,2018-02-26 15:15:40,2018-02-27 17:14:26,2018-03-14 00:21:27,2018-03-22,356e0e85294322aa8ec25ffafe4b1380,2018-02-26
e573bcbd71e063eb151e44500cd89360,9b6d99e4fad63c0af01caa003bf8227b,delivered,2018-03-07 13:46:57,2018-03-07 14:09:09,2018-03-08 19:04:37,2018-03-26 17:45:40,2018-03-23,fd82070a19eaaa47a5db0ea3f3a339a7,2018-03-07
ec34bd0a791739da564496a38882264d,624749036bfae442781324f12b6b2b39,delivered,2018-02-21 17:51:40,2018-02-21 18:10:01,2018-02-22 18:23:47,2018-03-06 21:59:20,2018-03-23,ca24ff5e9f0d52b4a99b8dfdea563369,2018-02-21
494a9c2e25b72a3d3ba5c1a4adb9c421,b2e01250b17d8fca9d35ea77baabbe15,delivered,2018-08-20 22:09:12,2018-08-20 22:29:30,2018-08-21 10:29:00,2018-08-25 22:03:50,2018-09-05,5c43c65dc3caed3683f10ab4902232bd,2018-08-20
d3514b69ed01da5883fcaaabfe29453b,b7ebbdfdbca5c7d51cef656d8e440da2,delivered,2018-02-15 12:00:02,2018-02-15 12:15:32,2018-02-16 14:39:33,2018-02-24 13:13:27,2018-03-12,70bf9fbc69f5912e6be8d044c07bf325,2018-02-15
5b738ce26271347810fcc1f0b853fdb5,b0d1abe142f1ec821ee552bbbc810db4,delivered,2017-10-19 01:53:12,2017-10-19 02:18:26,2017-10-20 16:06:38,2017-11-01 23:34:54,2017-11-14,cef121e12a2ebf75005a425f686c6f5a,2017-10-19
2608e8f1fa4c7e37526b68e2fd2e6d10,519a15e6969240c16ef4437b4c650dca,delivered,2018-03-22 10:59:41,2018-03-22 11:15:51,2018-03-23 22:39:39,2018-04-03 14:28:48,2018-04-16,0afe0d25827d743170ee9033404709d4,2018-03-22
6afe12e2152d9339a25453d2d45003f9,dd0f18b4fe0b74763df877469e7569f2,delivered,2017-06-03 14:47:42,2017-06-03 15:02:25,2017-06-05 13:52:57,2017-06-13 15:44:11,2017-06-28,2ba2a64ec7aa8e278ddc59615dcd4dcc,2017-06-03
c9cf685a5970016a369f50c8f42e87b9,3c65db2e0ff1b2c65304964e61bdf190,delivered,2017-02-10 16:11:04,2017-02-10 16:23:07,2017-02-13 01:57:38,2017-02-15 13:07:38,2017-03-17,eac6dbc8ecd0a2f08ed8e53d18f0e0d0,2017-02-10
33b7a15ce8edde0ee1be98069f2f5fc7,8a7885bcb5c0606ad22f2629a9182593,invoiced,2017-08-31 23:17:32,2017-08-31 23:30:11,,,2017-09-14,c64bcc08b5390ae3c789aff9c39b8597,2017-08-31
e9f5a7b6ba6d2c2d62ba0ad5109453f8,140727696844603ee336dae15c30fdf6,delivered,2017-11-05 00:51:56,2017-11-05 01:40:20,2017-11-06 22:05:19,2017-11-22 22:16:56,2017-11-30,0d4f16ef5e1cafae6327a3440c180629,2017-11-05
4361f88ae145c06b0eaec9d443ca1253,07b4d9c2c43df16aeba881eb2d83d5f9,delivered,2017-06-25 17:59:08,2017-06-25 18:10:07,2017-06-30 16:55:48,2017-07-12 18:13:56,2017-07-24,2b65f0a312702ec70ef4b8def9aba881,2017-06-25
0ab14c7f000642be91d882357d38b8cd,2323ebd900ab72b5f72753720d4a773d,delivered,2018-05-08 19:50:04,2018-05-09 03:51:45,2018-05-09 14:06:00,2018-05-15 20:02:44,2018-06-04,0356f958b9250c6ef4084945c9e395a5,2018-05-08
a9d21182da34ce17091420d35f22834a,0c5eb0e9e15cf4e836c7188ece714fcc,delivered,2017-08-23 14:20:25,2017-08-23 15:07:11,2017-08-25 19:03:28,2017-09-06 19:45:42,2017-09-20,a20ba663a5abf7b8341d5ba64f23775b,2017-08-23
482da3676133323daf4d73c1125ed257,1dfdb42bfd4f2398238591ee6237c348,delivered,2017-07-08 03:17:37,2017-07-08 03:35:25,2017-07-11 17:04:38,2017-07-20 21:03:14,2017-08-04,a65744d56287db1bb21542c3e199da64,2017-07-08
f37bdf37547266e7d6760e52bc87dfe3,8860eda9f0c775c17cf854564eab3418,delivered,2017-07-25 16:49:56,2017-07-25 17:03:22,2017-07-26 14:37:38,2017-07-27 21:34:07,2017-08-07,c6eefe8e9d3cd8a9ef18730a674d9add,2017-07-25
bda2bdc90adfc917e17c05a6612ddc63,1bd51f72963d849adbe7640fa2070952,delivered,2017-05-11 05:57:16,2017-05-12 02:55:23,2017-05-15 09:05:11,2017-05-20 12:57:53,2017-06-05,68ae819c73eb9de8d35cd66a147f0a68,2017-05-11
12582224cebac18145db6690144db314,5b2753ef501369b29a72df5ea1b68139,delivered,2018-07-30 14:57:33,2018-08-01 16:31:30,2018-07-31 19:02:00,2018-08-01 23:12:46,2018-08-08,4bf6a57b3515187009d7e1a803781833,2018-07-30
5f1ade32bfea596b4d1ef813fa5afb72,a0522bb0aa2334c442b05fe4c48eafa4,delivered,2017-11-23 04:01:05,2017-11-24 03:09:55,2017-11-24 22:11:09,2017-11-27 18:24:25,2017-12-05,75601b822d1a4ecb373d3142c7b3acf2,2017-11-23
a92eaaebe6f960031fa903ce6be59458,964a33cad7562c3cecdda9ce8edb33c3,delivered,2018-04-11 16:07:36,2018-04-12 16:09:36,2018-04-13 19:33:32,2018-04-23 16:22:54,2018-05-21,1b9c6d410a64d0d531eb264003132692,2018-04-11
0890110313bd12b08169c1b6bd56bf4d,06f8cc01ccc3b88ee6727ab815eca7c9,delivered,2017-12-03 18:12:23,2017-12-03 18:32:17,2017-12-04 20:12:17,2017-12-14 15:37:13,2017-12-20,90fe78558590c46665e648e4f2bd9272,2017-12-03
a2ca5377628d6a20bacb91260767bb69,69ad2710e68c0c7cbd5ed2e76ccf0ada,delivered,2017-11-26 17:10:03,2017-11-28 03:32:45,2017-11-30 22:34:48,2017-12-13 17:42:37,2017-12-20,c91c021edc02c2af424017d01223f8c8,2017-11-26
7e0daf18179403f72436b21a1684a047,296d217e9be3aab5ddf01a7e26102458,delivered,2018-02-27 09:52:42,2018-02-27 10:28:49,2018-03-12 18:38:38,2018-03-19 20:58:46,2018-03-21,758ccbbf8be7c6ef2efb9b4ed671e82a,2018-02-27
7ed963a87535f8fe1d31b16eefecce7b,bab64fc4c1b4618e9466c1c88f74973a,delivered,2018-08-16 13:52:25,2018-08-17 03:15:11,2018-08-17 16:47:00,2018-08-21 00:31:53,2018-08-21,ab671212df2e019e3fe8e3e18cd60cc6,2018-08-16
accf01093c34d22b41b9ac3fc0fa8894,ecc64422fc766ad378ac0123d5e64df6,delivered,2017-10-16 17:44:47,2017-10-16 17:56:29,2017-10-17 16:56:44,2017-10-25 18:17:44,2017-11-10,b2d356d496455505767dd444dcfa2089,2017-10-16
ceeba269d5bac0789567137ac2e6d57f,6fb5713936cb9444969c88b385cc74fa,delivered,2018-08-18 20:06:13,2018-08-20 13:09:51,2018-08-27 14:08:00,2018-08-28 16:06:31,2018-08-28,f235dc2756cefa86c633b30cb510ae26,2018-08-18
c3d312efaba704532c277f632796b258,12be4a33e498e84ceaaceceb1590df29,delivered,2017-11-05 15:14:56,2017-11-05 15:26:12,2017-11-07 14:41:18,2017-11-14 22:42:51,2017-11-24,8627dec75c84b5477661ad7af63c95e8,2017-11-05
e23c2f015311b3a6b0c33082a2bd4da2,7affabc7784fc1c26db3371a0d46d69d,delivered,2017-07-21 15:52:45,2017-07-22 02:15:13,2017-07-24 16:22:24,2017-07-28 19:25:26,2017-08-10,e5faa97d70e3caa00f3e804c479e9b4d,2017-07-21
7fa33625c8f2f1261457912cf60077ad,5a15f2faee1402a7a587641c107b5e10,delivered,2018-04-01 15:17:56,2018-04-01 15:30:09,2018-04-03 14:32:59,2018-04-10 00:37:36,2018-04-23,6766edce443258b3bd49f1dddd519d42,2018-04-01
6584fc3ecce7158ef3a687466cfa1bb6,faadcdc4566112a40490c1d6a254d22d,delivered,2018-04-30 01:23:17,2018-04-30 01:50:08,2018-04-30 15:14:00,2018-05-02 19:41:37,2018-05-16,f3ce970b08eea185fb76dabec059457e,2018-04-30
1aa720b6963ff9b4b5bff9bc48b49a89,a0c6454f5412428aa4c023e32c08ef4b,delivered,2018-02-07 01:24:27,2018-02-07 01:35:21,2018-02-08 20:12:26,2018-02-14 18:11:57,2018-02-26,5a6b37816cefa8497b74b1ef78dbb202,2018-02-07
8f118ea8f1f2d5c3e18488776e2caca0,37204dce6176388ecac98abaa15b2b47,delivered,2017-10-19 13:58:09,2017-10-20 09:28:11,2017-11-22 22:42:44,2017-12-01 00:18:32,2017-11-09,a75cbbcfb919051f3b84829ce005ee71,2017-10-19
e11041ba5d434c8bcb7640e75a52f106,446540c9ca2417bd019af1774d7e0dd8,delivered,2018-06-01 09:26:53,2018-06-02 03:11:38,2018-06-04 13:51:00,2018-06-13 21:08:39,2018-07-13,6cb756e739c23e79a4968916ad7899f1,2018-06-01
d90d49263be4b2c4af68184313640fa6,6641298d321d22e65eb566f75c79babf,delivered,2017-12-18 18:03:42,2017-12-18 19:35:20,2017-12-20 21:13:00,2018-01-17 17:38:25,2018-01-16,a16aec016f79f85987a98641a474a561,2017-12-18
4daf6e58465b705648162ccaa80a9ce1,d387ac3ed97114d37e10e8c6a5949341,delivered,2018-05-16 09:55:57,2018-05-16 10:12:41,2018-05-16 14:08:00,2018-05-21 19:04:18,2018-06-11,679e485e4c0ec522fea92b0487036785,2018-05-16
dfab4854076442f7a5a0e322ea7b6a5a,8b6f2427e98e7c98770f5edbf05e696d,delivered,2017-11-09 21:18:39,2017-11-11 14:10:34,2017-11-14 21:57:01,2017-11-21 18:58:53,2017-11-29,3dbd379ad1ac719a420c62b40867ff3e,2017-11-09
8b0bfe5491af8bcf2015a54522f50a9c,6f81dd1ed6edcdbab286f2604af545b3,delivered,2018-08-01 15:56:40,2018-08-01 17:04:04,2018-08-08 14:38:00,2018-08-17 12:08:47,2018-08-20,9a599d443e9775f7c16096d465a5a3a2,2018-08-01
0bdb173bda4bf7e4109fe707c309252a,35e78cde5b0035c5619904e902c385d7,delivered,2017-12-01 01:54:12,2017-12-01 10:31:10,2017-12-04 16:03:09,2017-12-09 15:32:40,2017-12-28,a419dd7dfd2ca5800069304fde68e3b9,2017-12-01
ab260012c90cd3ee59bb8d18b97b851a,566782b45e70b898cfccd745e3fa1223,delivered,2017-12-02 17:41:47,2017-12-02 17:50:39,2017-12-05 20:22:13,2017-12-08 00:14:30,2017-12-20,1fe8fcbefc8f04ba316f4afd0b034a67,2017-12-02
bc488184689ceaa10ede9045693eb6bc,9f494ea8a1d67d1e6e22813311751679,delivered,2018-04-03 11:35:18,2018-04-03 11:49:03,2018-04-09 19:31:29,2018-05-11 19:36:55,2018-04-30,2f0ce2fb407114dbfa866f22c7cf9e9d,2018-04-03
c6068d7bd43960fb4924a456c897d52a,83e393dd2060dde37fa6b202cfef671a,delivered,2017-06-05 16:05:04,2017-06-05 17:35:13,2017-06-07 13:14:38,2017-06-08 10:06:38,2017-06-22,442b18c9c5a6bc787c899e84145d7816,2017-06-05
8f4a99f661ae72e850cb5b49d427f53a,bffe95eaced8211ff93c562d5e6c0057,delivered,2017-02-05 20:43:42,2017-02-05 20:55:11,2017-02-08 11:23:30,2017-02-10 09:24:38,2017-03-03,44e82f98a68d616f4e5cb53cd3d9018c,2017-02-05
77265921b538b8258ca73fd168e46ab2,7bbd0991ce7abc02edc027353b6e3f73,delivered,2018-06-10 12:43:02,2018-06-11 12:57:00,2018-06-21 08:25:00,2018-06-25 16:12:34,2018-07-13,403154a2422a93ddc845eef120374d97,2018-06-10
f948e30320e56a553862b62e5ec37efe,2bf0486fc0f5e5a9268f10be44770dcf,delivered,2017-11-23 19:32:52,2017-11-23 19:48:14,2017-11-27 17:27:07,2017-12-22 00:47:48,2018-01-12,629c3439b272f468752616589fc28604,2017-11-23
7e72165c5aea9996c625cfe62c8e1500,06db786002c0a85b36bdaca70b9fb4fe,delivered,2018-03-04 12:00:53,2018-03-05 12:09:07,2018-03-08 18:33:15,2018-03-23 16:55:20,2018-04-02,04c504443b45059127d2246e15d8da61,2018-03-04
4775567ae3272cb6959f86906190f1a5,f1e209d5fcf6fe141de83417dc8e092d,delivered,2018-01-25 21:18:59,2018-01-25 21:37:57,2018-01-27 16:46:34,2018-02-02 21:05:09,2018-02-20,4eb4216fcb7b1da0b9ccc2ac433892f2,2018-01-25
3952808713e11b033a67e9dddb6872f9,beabad0a90f659fbd73b571183bab1ec,delivered,2017-08-08 09:04:21,2017-08-08 09:40:08,2017-08-08 18:06:51,2017-08-11 16:43:06,2017-09-13,c9e70f489d81d99aa85136bae90b4427,2017-08-08
426f2f3ccc70efae7805f823a379f18e,b48b99768a6b07498f48702432f2b602,delivered,2018-07-18 12:38:53,2018-07-20 05:03:20,2018-07-24 05:53:00,2018-07-27 19:51:32,2018-08-07,825510f293fda7a24adde84a2025318a,2018-07-18
64307ceb91666760cf3ff463618302fd,c0a44bf37d5601228051fc07852f951f,delivered,2017-03-21 19:25:22,2017-03-21 19:25:22,2017-03-22 11:23:35,2017-03-27 11:30:19,2017-04-11,00cc12a6d8b578b8ebd21ea4e2ae8b27,2017-03-21
e134ae06c15446b35a78fd10c4d26155,306047e705d4a27a88e2419bb9f6480d,delivered,2018-08-06 11:19:10,2018-08-08 03:05:29,2018-08-08 14:41:00,2018-08-14 11:03:43,2018-08-16,6a913f4df8666d4ee42547e14ae1f1c1,2018-08-06
ff38e180176d38e46f43488a0571d6c2,f3bd6b976e5545bb49c4b004c37c21ff,delivered,2017-11-08 15:38:42,2017-11-09 04:31:07,2017-11-09 15:58:03,2017-11-14 18:08:00,2017-11-29,7a43409c4c6353f9e034bb5f4881e1c2,2017-11-08
4db771b122558d0298a38db86178edcd,d52c345d18c7f6fc9973c1855f012f31,delivered,2017-09-20 10:28:07,2017-09-21 02:55:32,2017-09-21 15:33:04,2017-09-29 21:16:42,2017-10-16,fd807a27ec56e367867599f143e71c77,2017-09-20
4b375478e5f18ae9c221ff36518282e1,37321ae3107bfec4b546019aa642db2a,delivered,2018-05-25 10:55:11,2018-05-26 02:31:36,2018-06-01 14:39:00,2018-06-12 22:13:44,2018-06-26,49c6b1ee895e59043bcd5e2135f08355,2018-05-25
c29f77479a4983291796c220560a9646,9231bdffb372a445bf9d58a34556be01,delivered,2017-03-06 12:54:55,2017-03-06 13:11:08,2017-03-06 14:54:29,2017-03-16 08:16:00,2017-03-23,d73f08bb135f1156f3d3774631cb5b3d,2017-03-06
64aa186c83c16e6eb70b837e8b86717f,eb7fe3ccac51e8e7a1eebe5d081da2ab,delivered,2018-04-09 21:34:14,2018-04-10 00:11:55,2018-04-11 18:42:15,2018-04-26 18:46:33,2018-04-30,2ae984d7aa6f5c0542ff3a239cf44e52,2018-04-09
95293775dce224126685f5a197af2a2e,4c5696df98bd6f243f9015440784bf95,delivered,2018-05-14 12:32:48,2018-05-14 12:52:25,2018-05-15 15:36:00,2018-05-18 14:09:55,2018-05-29,a75210f03380874d8d55f800f27f6b34,2018-05-14
ad165bf10431f5387bca7987e9be3905,266521c7363e77c06795d3eb61f0bef5,delivered,2017-10-22 21:04:27,2017-10-23 21:14:20,2017-11-08 21:49:27,2017-12-02 03:28:45,2017-12-14,9f26bb45854e98f2cf177e36ca1b27a6,2017-10-22
9fce32b2462806d89f08af02712223fd,0918b14504ba2753bea2ea8ac64c77d6,delivered,2017-12-08 13:19:14,2017-12-08 13:32:19,2017-12-08 21:09:20,2017-12-18 18:35:09,2018-01-04,00b0d21952ae29dfe79db614512a27c2,2017-12-08
ea0a8e84904a16c83a6956a171c88276,7e1fad5c261e84cf8bd9d3f2f5e4e7ef,delivered,2017-02-16 19:56:32,2017-02-16 20:05:14,2017-02-20 14:48:58,2017-02-24 16:47:49,2017-03-17,eded75e5d70931a1afe1f94213896eeb,2017-02-16
e6604d0d52456fe3a3fdf965b7b924f7,cbf69f717458bb7247b1e74679aeea14,delivered,2018-02-17 19:58:20,2018-02-17 20:06:53,2018-02-20 00:39:06,2018-02-21 19:29:11,2018-03-13,0f5e2b309f99962302bb03e95d0f4b7b,2018-02-17
fa5927f07ada4f44128f6d9fab3b70f6,8af801d95c9bc9bd7cfa7845826e4b72,delivered,2018-02-02 10:18:13,2018-02-02 10:33:16,2018-02-02 21:36:24,2018-02-24 10:53:14,2018-03-08,40d1b774d9f5917163eb39116957442d,2018-02-02
dd21beb23190fb08c8532bb31cd28b34,ae90fb51bbb3bc7230dae1122a4e1e24,delivered,2017-10-13 11:30:09,2017-10-13 11:49:27,2017-10-16 20:33:31,2017-10-23 18:15:07,2017-11-01,9e30b232ba6ef1aea396bf9c64b71e89,2017-10-13
cbedf17aceca757bfcb74be595ae40ce,6fcb5ac7b4954d40331c7e378f0f1c86,delivered,2018-02-07 14:53:56,2018-02-07 15:11:13,2018-02-15 20:53:20,2018-02-23 00:25:23,2018-03-13,36444531764d5aa765254bef0b4ab722,2018-02-07
ef34fa79f2069138c745dba034f9169a,0f8ddd1dabae868a29579688d8f9ec6d,delivered,2018-06-25 19:03:18,2018-06-25 19:15:23,2018-06-26 14:16:00,2018-06-27 17:51:42,2018-07-05,e9e140a3deea5a49e0d08f9a5eecfddc,2018-06-25
fd9ec02005605e0b338a29e03bc6eb30,52d0eb41ffcf119a72e14186f7511ae8,delivered,2017-11-24 17:12:57,2017-11-24 20:52:33,2017-11-28 04:01:51,2017-11-30 18:32:49,2017-12-19,6df955547d063a47782dca6c84ebf5c7,2017-11-24
b1ae5dfeac85b9d126aa862b10bd9544,da4486c297ed3a392e9979cd4c0cdea4,delivered,2018-05-07 11:03:26,2018-05-08 11:55:24,2018-05-09 13:28:00,2018-05-17 19:58:48,2018-06-01,7bb289562c6224e0d4d34f513d0aae89,2018-05-07
427b93d447dc29957700648673d6256f,86a87a55cd26811ac9fd57d6f5d06954,delivered,2017-09-03 14:50:19,2017-09-03 15:03:39,2017-09-04 20:37:45,2017-09-08 14:57:46,2017-09-28,71557f36440c943ec0c4bdfcc75c96d0,2017-09-03
70e38e6c6f3ff404a97ab901da03db56,212f576916b4e40f8e31ead6a00e09d5,delivered,2017-07-25 20:49:17,2017-07-27 10:25:10,2017-07-28 19:52:42,2017-08-02 18:47:49,2017-08-16,64ed791f8b34fec8a62e616557babea8,2017-07-25
ce9c02c63ccfd380ecd3ccf5e8894f96,af8fae4852aa055ff45560ce82718a98,delivered,2017-11-07 16:17:08,2017-11-07 16:35:26,2017-11-08 20:55:04,2017-11-13 21:34:07,2017-11-29,661d5fb4ba175a473be68268caed1651,2017-11-07
dc176963313df28e26c74cddb9ed665d,443baba5542d157cc4f92ad95caea775,delivered,2018-06-18 18:12:07,2018-06-18 18:38:00,2018-06-19 15:42:00,2018-06-22 15:37:46,2018-06-29,db799b502d35711fc090b4a9d68ca21a,2018-06-18
d2d240860510d69b59a0ff9624d195b8,e1abbef0515418ab421fee19fc658417,delivered,2018-05-07 09:41:29,2018-05-08 07:09:48,2018-05-08 14:22:00,2018-05-21 20:52:00,2018-06-07,cc44d1f72587f44e3af25f68f1db8cd2,2018-05-07
2a86b167faca061eb024043376211562,aebbcf055af0fcf7d6be0c24d3add3d2,delivered,2017-08-18 18:56:28,2017-08-18 19:10:20,2017-08-22 15:08:22,2017-08-29 16:44:36,2017-09-22,ae7e279cb20e5a8110c719820c4805d1,2017-08-18
619dfdf03a86cb08034d2050d1967b17,6ab1b8e2b3800bc249984172a1f19f21,delivered,2018-07-23 19:41:14,2018-07-24 10:32:07,2018-07-24 14:33:00,2018-08-03 18:11:32,2018-08-08,f2e8acb0a6364c06239b993fe1b21fd4,2018-07-23
0820ec4a663815afde264b1f4cbfeccd,2abb163a3747d41bdb536e460f40deb4,delivered,2017-12-27 13:12:11,2017-12-27 13:27:36,2018-01-02 17:44:40,2018-01-08 13:27:47,2018-01-23,c95700aca24efac8baa41689f42adcb9,2017-12-27
ead9c15a852438a4165d9e4db49762a0,79a352b2df05acb7c28bbaa604eb20c7,delivered,2017-06-22 11:03:51,2017-06-22 11:15:23,2017-06-22 16:15:45,2017-07-06 14:17:48,2017-07-20,b15266f26fa532df5e1db846aa0a7ed8,2017-06-22
544789a536e56050d352f95b48062912,caad6959ea0c0fec14ebfe8bb44a985f,delivered,2017-10-15 13:32:54,2017-10-15 13:49:31,2017-10-16 18:32:50,2017-11-04 12:48:37,2017-11-03,cfacbd72d80d18ad557d6c8a725e97dd,2017-10-15
346222690118b5713fed10ff0c262bda,c297e17b11dce86ab05956099fd565df,delivered,2017-07-25 01:53:48,2017-07-26 02:25:15,2017-07-31 19:24:49,2017-08-07 22:03:57,2017-08-16,82550d862db88ffac284571dc04b8497,2017-07-25
812513d7e666354019acd59c823bd0b5,79a8d929b59a590629d79bd9650425fe,delivered,2017-12-19 21:35:00,2017-12-21 02:11:55,2017-12-22 20:41:48,2018-01-10 17:12:05,2018-01-18,1be642eef7d6e2309e8f16af00ac1ac9,2017-12-19
b9dd50946ccb67dc7d9720f5c1cf41f9,5e93b0062ac34436d51db9baf96e111a,delivered,2018-08-15 19:05:50,2018-08-15 19:15:18,2018-08-16 13:50:00,2018-08-22 23:41:43,2018-09-04,8f93b4a77ed604eedc3d23382426f321,2018-08-15
badf5ea923341f29be3b4a8c59789a2c,8b17c3136acaa0d568207f282c9434e3,delivered,2017-04-20 18:39:41,2017-04-20 18:50:11,2017-04-27 05:37:03,2017-05-15 11:21:45,2017-05-10,a09906dd85f5e7618f20601b97ef3d4a,2017-04-20
2fec4859f3e4539cc0daa66bbd82f26c,21abfb2740ebc48d9a95f43645f0e477,delivered,2018-05-12 19:26:40,2018-05-12 19:35:27,2018-05-14 11:01:00,2018-06-02 12:18:36,2018-06-12,ab5e6fe24482b177fbb4c09c9c06d8e4,2018-05-12
59ff2ee65c8cc0479240e487a0fc6677,0c1ce3452644c2df44c0162383acdd45,delivered,2018-02-15 22:14:25,2018-02-20 10:50:36,2018-02-22 00:13:01,2018-02-28 23:52:46,2018-03-15,2e4172f7fd898dac91afe1173e9cfc37,2018-02-15
e372925efa5e2bebc75122fe5ecf11ab,6ef9293859bc2196ec83b03fc2d54249,shipped,2017-11-15 14:05:12,2017-11-15 14:15:54,2017-11-17 21:16:55,,2017-11-30,75dcb0d962fe29f930d6a38e1d0a0b2a,2017-11-15
1bdc66f51db19484352427af89377129,c36f844b1efa80b3c0eb9c3a909dd36a,delivered,2017-11-07 20:46:04,2017-11-08 20:46:45,2017-11-09 16:12:01,2017-11-14 13:12:29,2017-11-28,372fd0b0c5639c2ee48401110b6918f8,2017-11-07
2c115ba9e25f2b8932ec710356d9eca9,50cb9d021d1b098d40d98fc0ae2d3bc9,delivered,2017-03-28 17:10:35,2017-03-29 02:22:38,2017-03-31 09:39:56,2017-04-03 18:24:42,2017-04-17,be613a35923fa92b794676311bed9b89,2017-03-28
92599308ba8d89889268df82c199bae4,a33beafb12aa1f0e9e006b2446826721,delivered,2017-11-26 20:38:54,2017-11-27 10:35:48,2017-11-29 17:56:42,2017-12-17 19:18:47,2017-12-15,22f05da842a3f31856aeb242207abb0c,2017-11-26
2b857e133a619f873130ee050ffa17a1,d23d4ff3ee87b209605f43e680f575b6,delivered,2018-01-12 19:24:28,2018-01-16 03:51:20,2018-01-17 18:32:09,2018-01-31 22:33:25,2018-02-14,0486bdea74c94f740525600b53159252,2018-01-12
fc0d78109239dcb41dc110f375f1b397,b6cb5664bfdea1f33dc4fe686546d40c,delivered,2018-01-21 20:30:44,2018-01-22 13:58:45,2018-02-08 00:04:51,2018-02-14 21:18:07,2018-02-23,b07c23b8b7ecbbb6447664ff0baf2376,2018-01-21
3142b77fc8c5d3b848943f5727c3901a,ef6ae9c605a12e4d51a8d2c6637f5603,delivered,2018-08-03 00:03:09,2018-08-03 00:15:12,2018-08-09 19:21:00,2018-08-10 23:06:42,2018-08-10,ec9eeb5f0599d9b4c013910666b563d7,2018-08-03
fca2aaefc989d1a8eddc4cb03b160eca,3f4b4c9983562e52391fcf43be759d3a,delivered,2018-03-13 11:29:18,2018-03-15 03:10:25,2018-03-27 23:27:36,2018-03-29 18:17:58,2018-04-10,5835494e5add24ed02f3e2339be0d60e,2018-03-13
b9138517d788504f3732765e32ffc3d7,5288e45224162bdb75c2c4147aac76bb,delivered,2017-11-26 05:27:45,2017-11-26 05:39:25,2017-11-27 20:47:47,2017-12-21 00:23:31,2017-12-21,c3dfc74f664071e8befbca344dc4de3f,2017-11-26
b9e191cae053d808e4c2573a0a241dab,d20bb6bc2efe556cf5222d6b177cbbb4,delivered,2017-12-13 00:05:32,2017-12-13 00:17:23,2017-12-13 23:35:36,2018-01-11 14:40:15,2018-01-09,76b45ab62a0c9c730d33b84745c3e875,2017-12-13
6048533001f5fce8b89fa52898d99047,77fe44efe5b14555df44f027cae1cdba,delivered,2018-07-21 16:12:43,2018-07-21 16:25:11,2018-07-23 13:56:00,2018-08-07 18:46:53,2018-08-20,bda58641cee65da823757597c5734fdd,2018-07-21
400cc24139a5537aa97037fe4d5f3fc6,589494aaece09fa91b85ff15fe6dfe9e,delivered,2018-01-07 14:15:51,2018-01-08 14:47:40,2018-01-10 18:40:17,2018-01-29 15:35:06,2018-01-31,2e6d161f11b24170c9c174835720d0b9,2018-01-07
a8aa1455a58ed250938c0f20158244a8,e7f85c87d7dfa7ed0a1e43148b2005af,delivered,2018-08-07 17:23:10,2018-08-09 03:45:17,2018-08-09 13:09:00,2018-08-15 09:11:36,2018-09-14,d91da6adf28c3ef0597453b582f68e66,2018-08-07
d95df03babee2bdc78de99d217ee867a,46802b380d9091dddd4deb291bfc66e0,delivered,2018-04-30 01:00:22,2018-04-30 01:10:48,2018-05-02 12:08:00,2018-05-07 19:08:40,2018-05-22,b9ebf48de73507069861a04b7bb61cfd,2018-04-30
be2e480f8eeb99966d2a97c281ca2b36,b5b80bf2ab4ca94105e156747166139f,delivered,2018-02-23 17:45:00,2018-02-23 17:55:31,2018-02-27 10:53:21,2018-02-28 20:05:00,2018-03-09,649e025eb82076fab5ecf308177cd865,2018-02-23
fb3d9a7dc344c0c035d8c5c808d428d3,48016e0bf6e4209554ce69185c1bd90f,delivered,2018-01-24 22:07:05,2018-01-24 22:14:28,2018-01-26 15:18:26,2018-02-05 23:18:33,2018-02-21,b7264fc4a833af14b0ee1e78d2982f0d,2018-01-24
1636b85eb28fe7afdeedc55ec96536cd,dbb094b39f0bda5d830e3c902cc05b72,delivered,2018-07-17 09:01:39,2018-07-19 02:45:13,2018-07-19 13:33:00,2018-07-25 19:50:53,2018-08-01,f1d2174eebd85cc996664b37166d9fc9,2018-07-17
3329f64391fb9614f91aaa7be306c8bb,9ea91a3b05b418366cf2d6c143e5868e,delivered,2018-07-29 14:00:11,2018-07-30 16:05:14,2018-07-30 17:13:00,2018-08-03 18:02:49,2018-08-29,41cd7ce01442f4b1844ff9e934a1fa48,2018-07-29
80aa84ef8c5e289d84d1735060740d61,4b7ca6deb3bc514e16e5433c631e5a90,delivered,2018-08-07 15:14:01,2018-08-07 15:30:36,2018-08-08 13:01:00,2018-08-15 19:11:26,2018-08-20,c4400fe1b753b93aff1f0021bd76b1b5,2018-08-07
3b7d1e0e59ead2c1080ad04f835423b9,63fe2f57f250fb9bf39a4180e871c24b,delivered,2018-06-20 10:12:32,2018-06-20 10:44:03,2018-06-20 14:54:00,2018-06-25 13:28:53,2018-07-17,ba3dac9f9a3b7b117211a36739e40722,2018-06-20
0c79ffcb0fed5ff297c2a68be02f4f8c,1cb3b337875d7beaec095a3d988fd216,shipped,2018-07-19 08:22:46,2018-07-19 08:45:11,2018-07-30 13:42:00,,2018-08-14,4a338466140e0d0a7bd02da80d904f0f,2018-07-19
5fc0077c7ba092d24743a55d05cad3fa,9dd67cd8c4589e31802e8e02c24b3b64,delivered,2017-10-31 20:56:17,2017-10-31 21:06:46,2017-11-10 08:43:58,2017-11-16 20:50:32,2017-11-29,867fec8a9fe43122723dc81f7116c254,2017-10-31
6c8a4caa6d2814e7eced82b426f9c428,87c249df7c0436a1c410e4e4bfbe1cd6,delivered,2018-01-30 20:45:59,2018-02-01 03:12:33,2018-02-05 23:54:44,2018-02-15 00:38:39,2018-03-06,9e98058daf211d4d993b00343d65d561,2018-01-30
aafb89f11bef342ec3ca3571428ab77b,d4920319900d6186b42faaac5234357d,delivered,2018-07-30 18:43:26,2018-08-01 03:32:22,2018-08-01 12:10:00,2018-08-02 21:56:38,2018-08-03,0663560ff02c3f762ebd29af677175f6,2018-07-30
d2effb4f63d9db72e65ef6317fd3cd6c,1e1a73be62bcc1e2641423d62a4d8c35,delivered,2018-04-06 12:14:51,2018-04-07 02:50:14,2018-04-16 17:43:23,2018-04-26 16:56:59,2018-05-11,e0d4a556aefa0376be2a542bac25ee8b,2018-04-06
7444c79a0b66416c25448e4c95faef24,c049ee99288d2f8cac1fc801847bcdff,delivered,2018-01-17 10:57:14,2018-01-17 11:10:44,2018-01-22 17:13:48,2018-01-30 15:46:40,2018-02-16,6236c512aa4d406e16299d1d9a5f84f7,2018-01-17
d5fbbc2e51c9e93de3502e15b4159d46,a5942cce62180f9c3f7ea610f1e8bd8e,delivered,2018-04-06 07:33:51,2018-04-07 02:50:13,2018-04-09 19:24:21,2018-04-17 21:04:13,2018-04-25,14f15be8609809064cbc91c44b2e9044,2018-04-06
626389ec53cbe508339cbc2ad3a4787b,d88eebd3a037a6f876bcc103d794fef7,delivered,2018-05-10 09:26:52,2018-05-10 09:35:23,2018-05-14 14:32:00,2018-05-15 17:12:26,2018-05-21,6a7ab554bd7fea69443fe5794ddd1ee4,2018-05-10
e682e9539c5643a19c747047530825e6,fc05c6c04fd59a8f7a6833f912276f7f,delivered,2018-05-02 23:21:09,2018-05-03 00:50:14,2018-05-03 13:45:00,2018-05-15 17:36:55,2018-05-28,023609b602b585ea3aaffff453cd0edf,2018-05-02
1df7ded3518147b95eababb6620f007c,f4e4f02c3647142fb9d59c3871691656,delivered,2017-08-13 11:49:43,2017-08-13 12:03:44,2017-08-16 15:20:03,2017-08-22 21:28:33,2017-09-08,6aa14366984bcc5f1ea760928283d451,2017-08-13
5b7078954da6923760467cf39ac91bc0,33a04ce7a2ad7df05942c7954e485a1c,delivered,2017-09-17 11:00:01,2017-09-17 11:10:17,2017-09-18 21:39:01,2017-09-19 18:11:40,2017-09-28,5efc4f7cfd77f13ba84f279a14e10070,2017-09-17
aee59dfc7dd589a60400818c624a6f91,45b209938dccf191d33989996400173f,delivered,2018-08-25 00:59:40,2018-08-25 01:10:11,2018-08-27 14:36:00,2018-08-28 21:52:42,2018-09-04,4945b2ddf9cdb29a36b21804a7e42ee8,2018-08-25
21746a2a0ab90a9d0916af6e1026fd24,603e50de0ef4f37f6a079735ca71fb05,delivered,2018-01-05 18:37:18,2018-01-05 19:32:08,2018-01-26 16:21:49,2018-01-31 15:52:26,2018-02-07,3797de5ad80619a55a3c0a8a034f5ae6,2018-01-05
63e6167831e2896f74d9227af41b1431,8d8978fdd03f6e34ba26df8fa47df752,delivered,2018-07-31 14:59:05,2018-07-31 16:31:47,2018-08-01 15:19:00,2018-08-07 18:54:40,2018-08-17,bac7b4b5798499ae07479beff94d2187,2018-07-31
799964b5666f130721bec3cdeb97270f,a8964a039cb8b2f64c82ca3ffe3a46f9,delivered,2017-05-29 07:52:30,2017-05-30 04:55:14,2017-06-05 09:52:01,2017-06-14 14:53:57,2017-06-19,5d3f4c134fd624f70c76e47d1ed81903,2017-05-29
9a9b66a3afe31a34ceed0cf919660632,7bd7571ed5c2d9e8026da682d71e633c,delivered,2017-05-12 19:05:21,2017-05-16 03:42:43,2017-05-16 16:42:09,2017-05-25 10:13:57,2017-06-01,cf721f942ddf3f441d8226f871c10a36,2017-05-12
aba8a6306a353cb28d5358c585fabe75,ab526fbb76ec6ab73bd3d6ce7d46a4e1,delivered,2017-09-10 21:50:02,2017-09-12 04:50:27,2017-09-18 15:05:06,2017-09-26 19:21:54,2017-10-10,b4dd7acd666df39bb1efe05c27690a92,2017-09-10
7344405ad701aae9932fbabba0faa522,5d333f71a8e4d495a82fd170d4fbb455,delivered,2018-04-09 13:11:49,2018-04-09 13:29:51,2018-04-10 20:42:15,2018-04-24 18:08:57,2018-05-03,a244f4cea71a8cf4446a8148c6fb5bb2,2018-04-09
a0b862a69020ac0160aabd2acb06f8e7,5707b61fe695848897df1da746a1fec8,delivered,2018-05-15 09:31:20,2018-05-15 10:54:51,2018-05-17 17:00:00,2018-06-04 15:33:11,2018-06-11,577786ab410d98d13e0a00878cd9e8fa,2018-05-15
c0b3a6ec68db87dd98bb317ea6835608,6d97521e6f45280a193f48c4b7cd5ee0,delivered,2018-06-08 13:41:47,2018-06-09 03:13:13,2018-06-15 14:43:00,2018-06-21 16:38:27,2018-07-03,befbeab8f1517ed8323e81acd8d4d289,2018-06-08
88df6b44c27501b5e7af076d193440dd,d022e4875848a3dc2c845457fcd70697,delivered,2018-07-25 19:28:20,2018-07-26 14:35:20,2018-07-26 16:03:00,2018-08-02 18:03:42,2018-08-13,ec9f709ddeed0cd3ea2b20ee96f25e44,2018-07-25
be74db37c6be2764570dc81e103dc60b,35e459cd733a3cb6d98f593fcc9d67db,delivered,2018-01-29 06:24:06,2018-01-29 07:08:57,2018-01-29 23:34:40,2018-02-05 19:56:54,2018-02-20,9c7fdd0eeb3acb01cc518ee63ddfeea5,2018-01-29
a1ad76f125118edcc2ba7035e9a59c7c,65d9f34a0361382394c7ede678879c0b,delivered,2018-08-06 09:45:21,2018-08-06 16:44:27,2018-08-08 13:21:00,2018-08-13 21:14:33,2018-08-17,dc7329494bcf58a353c1fece65a73aef,2018-08-06
4ca8a781d1f4b13e966bf35cdc333f56,41c8f4b570869791379a925899a6af8a,delivered,2017-10-13 10:04:59,2017-10-14 03:46:19,2017-10-20 18:57:47,2017-10-25 20:52:20,2017-11-06,fe3634ccefbcdb0537b45fd589e32e8e,2017-10-13
9c82bca31120157620aa240857a67802,2fd668066707019f4285319a7907a0e4,delivered,2017-09-18 11:18:00,2017-09-19 11:28:14,2017-09-21 19:17:50,2017-10-06 17:22:18,2017-10-17,7aec3230543c29dc6509a5e49ee12b46,2017-09-18
c431b1ec043729734d48ba14702aa191,a7d28b727cf279bd88cb9f9f35dc65b8,delivered,2018-02-22 18:50:43,2018-02-22 19:27:48,2018-03-01 18:54:27,2018-03-15 00:18:22,2018-03-20,b4af97cdc3a4b4989ec5c615b0e5270b,2018-02-22
d8ec5b1e258fdf9fb57488233fb97070,ed4d18bb366ea3a34a6d5f5350c3320e,delivered,2018-04-02 11:42:32,2018-04-02 11:50:19,2018-04-14 00:18:28,2018-04-26 20:52:51,2018-05-09,351e8eac3f1dc8843d6c2f627ef66179,2018-04-02
ffdab5e1596138d37793566aa1424d0c,58f5f08f888dddeeb13e21d686545c6d,delivered,2017-05-02 07:26:40,2017-05-03 11:33:46,2017-05-04 08:56:25,2017-05-11 09:41:25,2017-05-29,d7173ad3f94725a395d32d6dfe691689,2017-05-02
d0c9dbd8a44871e5b5624050cb44abf5,7f285c3bd75a14487c379f22ea7b41c0,delivered,2017-09-10 19:53:37,2017-09-10 20:10:10,2017-09-15 20:22:17,2017-10-02 16:13:32,2017-10-10,967eec03ad3bfc2098130f019f28b353,2017-09-10
18d5cd9804d2eb8424721a25397b7ae4,edca01260dba3857ff20e72ba3b45ebe,delivered,2017-11-28 11:02:44,2017-11-28 11:31:20,2017-11-30 18:04:12,2017-12-08 22:10:05,2017-12-18,f50ea073b9e21c4227d09a5375042166,2017-11-28
d237eb0a6caf6cc0d9cf5ba7a815c077,115847c3660c596c1bc526c4fd0c5b7c,delivered,2018-01-10 15:54:50,2018-01-10 16:10:08,2018-01-15 20:28:27,2018-01-23 22:24:03,2018-02-09,1406bd9f0504fb06ecb39e6a7bf0c211,2018-01-10
21c7a9262770a699c3144f54152e0b27,572cc30201459bbb8b5c235a2a6cf6bb,delivered,2018-05-04 10:35:48,2018-05-04 10:52:08,2018-05-09 15:48:00,2018-05-22 20:12:47,2018-05-28,0b408683be00fee2e8dbfbb37d371f9f,2018-05-04
94e43121a0232434f1ee7c1888f2cce5,340fcfd738e48095daf5a9afec990096,delivered,2017-02-28 17:39:47,2017-02-28 19:20:28,2017-03-01 15:07:57,2017-03-13 07:06:42,2017-04-04,e63bca828db25447c5563f2f580c7dda,2017-02-28
4013aca81e3b0b07dc5b15549beae602,d3b0d480bfab67976244e1c05e9ae706,delivered,2018-02-17 12:16:51,2018-02-17 12:30:29,2018-02-20 22:42:02,2018-03-06 03:13:43,2018-03-21,eb31e20290f2470bfb2b0549f1f8582a,2018-02-17
54c1bb9fd5410f38a13229f44d9b7e67,24e944da91a76314aa9037020d9b3964,delivered,2018-08-12 23:44:30,2018-08-12 23:55:13,2018-08-13 15:24:00,2018-08-14 21:18:40,2018-08-16,5582ad5016d37d31c654c108b34cc54d,2018-08-12
b257713d1922be564a498b7dea2969a8,75bf36ee775028334160d2d39552d9ae,delivered,2017-12-04 23:02:44,2017-12-05 10:30:42,2017-12-07 00:33:35,2017-12-20 21:39:10,2017-12-27,c541ea293e0bd4106849affde749700b,2017-12-04
a5cb9da004bf54e017f20e3c1f8629f7,881210811d1ce41016bd38b955990fd5,delivered,2017-11-06 07:20:25,2017-11-06 07:30:52,2017-11-09 10:11:31,2017-11-14 22:14:03,2017-11-28,d9eb68c5371db8543ced02a5937b9805,2017-11-06
76a0b6b419b6d31150e11eca6f2cf5d7,31f5b3b9a371f8b6675dfba99bcc61c3,delivered,2018-06-15 15:52:06,2018-06-15 16:19:26,2018-06-18 14:32:00,2018-07-06 12:04:15,2018-07-17,aebc019034895515ebfcdd8fe7fa766f,2018-06-15
b806f6c6c8d0b8ccc7ad577af2a67233,a5ce07bfa76c3a52de8813b4666d87d7,delivered,2017-08-17 10:22:02,2017-08-17 10:44:19,2017-08-21 14:54:51,2017-09-04 17:42:34,2017-09-11,b4cc0978171b6a158365efa394bfe0c0,2017-08-17
2eb868f2f7abdf4284337d1cdeb7399b,628dc39381786ac5f638abd41f96f35e,delivered,2018-06-26 20:15:31,2018-06-28 09:31:23,2018-06-29 14:15:00,2018-07-09 20:32:51,2018-07-25,93a1b58fd7ba6d819a6ee10e56d5d96f,2018-06-26
9f76e95321ab8f7aa87cb1ec8152b38f,529906e040afd74948661743fb67bed6,delivered,2018-03-30 14:59:18,2018-03-30 15:47:11,2018-04-02 17:08:29,2018-04-20 22:08:41,2018-04-23,b6a5f5695bf26e8f503a23a27e33684e,2018-03-30
b9b6258fd7df83978bd49c201c288953,44396769f53f5560ba348bce5147c79a,delivered,2017-03-01 08:32:00,2017-03-03 02:30:32,2017-03-03 13:41:57,2017-03-15 16:27:56,2017-03-24,00a218ea82c458456098caa1c4a7e796,2017-03-01
e316d83fd9aaec07226cb3abfcf342d1,ae675ca1c9b7dea1cf9d85d2bf5af9ea,delivered,2018-07-25 16:12:07,2018-07-27 02:24:26,2018-07-27 15:00:00,2018-07-30 17:57:35,2018-08-02,699cb38722c24d1196730b383683ea43,2018-07-25
ce943243f0c85ae46078241f00eb17ac,b603ceee2b1a9b3303751d048030bcf3,delivered,2017-10-23 14:15:32,2017-10-23 14:35:30,2017-10-25 16:47:39,2017-11-02 13:51:34,2017-11-23,0667bb0a00fe1219421427d5ec80f653,2017-10-23
f1b1b5d6b3ec1564b2c5ac226d0d62c2,91737efb8ad05ff2cbb2636368f10a4d,delivered,2017-11-20 22:39:54,2017-11-22 12:48:59,2017-11-23 18:02:53,2017-11-25 12:22:50,2017-12-01,695a55275fe6b007b1b6d782c3170530,2017-11-20
3d95793cfeffacca98e2027eb0e33dc4,a5651fac25354ab0b049b9db15d5af5d,delivered,2018-03-19 14:49:56,2018-03-19 15:17:10,2018-03-20 21:25:52,2018-03-21 22:14:20,2018-04-02,524aaabd7aaf0703bd67892048d557a5,2018-03-19
acf4b337d94686e3ff709ce923bc2e47,97d4270ba979285c0c6500fbaf1e7da1,delivered,2017-06-09 16:15:38,2017-06-09 16:30:14,2017-06-12 14:32:24,2017-06-19 16:22:20,2017-06-30,00444f48f6c9b55657e49435ce3a97ca,2017-06-09
b271c16a0aead24e9b27536f86910946,127a1f9a2ba1c4e217c8fdacb8415b56,delivered,2017-06-28 21:57:45,2017-06-28 22:10:14,2017-06-29 17:16:38,2017-07-04 13:32:11,2017-07-21,beee6288e6a0518ad60c58f2179b33bc,2017-06-28
4471fc5ecfbb3b7fec1044fc6e6f6851,50756c38c6f7edeeacaaa63c6682ddb0,delivered,2018-08-08 18:02:19,2018-08-08 18:15:21,2018-08-09 13:37:00,2018-08-16 15:04:06,2018-09-06,c148e9b2cf4a2b58b7edefc55863c818,2018-08-08
4b8e7900278770ffef6b0da3d58dff9a,61c764d372cce2bd1346153a1ddef9d7,canceled,2018-08-13 12:56:01,2018-08-13 13:05:18,,,2018-08-28,7c27d6df62d60292efe98c3b42d00ec0,2018-08-13
f43dce59f4547d6918c7b2360f27698f,ade3f0faef221a3b741b2e56face5c3c,delivered,2018-03-05 22:46:21,2018-03-05 22:55:35,2018-03-06 22:09:48,2018-03-09 01:46:21,2018-03-21,c4817a6a08e1d6d902b3d84628999fad,2018-03-05
7b4cc813e327ec14c78f547a763f46b8,725ba0268900143556050bd3513a3369,delivered,2018-03-08 15:59:45,2018-03-08 16:31:38,2018-03-15 19:46:25,2018-03-29 23:23:20,2018-03-29,6c1a470cc3b59370f0c874af9d0959dc,2018-03-08
50a980068f11953231ad1d03fb1769b4,0e08b8b40723f94a0fd1713feabfdcac,delivered,2017-03-16 20:38:37,2017-03-16 20:38:37,2017-03-18 10:36:58,2017-03-28 17:55:00,2017-04-17,5e0bab9d40f07a7b5f8555b15eb5703b,2017-03-16
2da624174ee4d329c69272718b2ba558,ea2beedba4b1cd18d537cc5ee1fe89f7,delivered,2017-09-18 21:14:10,2017-09-19 03:45:50,2017-09-20 14:56:12,2017-10-02 19:37:34,2017-10-17,1be1ba71bc536b8ae23ae5bc2a21dc1f,2017-09-18
bd69cd564f711eddada0e30038e89558,d9f898812ce971d417c2ecd100b60c32,delivered,2017-06-24 20:03:04,2017-06-24 20:10:29,2017-06-26 18:43:29,2017-07-06 14:52:57,2017-07-26,209d7897e0f660d10ff4cf99b7aa1dda,2017-06-24
e1cf77d2496e5b490b421f882d2cb6d3,a3ba7119f6a86d7db5e045d44ce6b25f,delivered,2017-07-05 22:32:46,2017-07-07 08:45:13,2017-07-13 18:25:31,2017-07-25 18:49:23,2017-07-27,84f927b0e1a54ce02b8d692e715d084a,2017-07-05
3157a4052d9fe8c58017857eac745f0b,3ca65f7aebcfa85e573e21b27457270b,delivered,2017-11-25 21:08:11,2017-11-25 21:56:34,2017-12-01 21:07:19,2017-12-27 16:36:50,2017-12-22,82f9f896a5c5d28fb1e98ce844e5f77c,2017-11-25
167cb68a4f380e669cbdce2a8a4dfb07,22b5712522c61f4b2b136a8df7a73234,delivered,2017-12-07 22:06:48,2017-12-07 22:17:21,2017-12-12 00:28:44,2017-12-15 17:06:48,2017-12-27,987a22759047f7c0daa2cc0459201b9c,2017-12-07
b2270b13a48230d3898b0e5a2abcac01,c2a7fc350843a4acc78dbbf7bf923755,delivered,2017-10-16 11:15:09,2017-10-16 11:33:48,2017-10-21 12:42:03,2017-11-01 19:18:44,2017-11-07,f271e06fb4ffba772ece27465430539f,2017-10-16
70a88919704ffacda73f3c50ef230490,b48854953f26f7ef73fcad592b79e418,delivered,2018-04-19 10:14:08,2018-04-20 10:10:35,2018-04-24 22:28:45,2018-05-02 12:54:26,2018-05-17,154f6cf6238fef6a08dfd088b4694c97,2018-04-19
a7913947a3d9509dc24a8b9282b2f907,e105b208f0d31f92c935f406b1a82dfe,delivered,2017-10-07 17:51:56,2017-10-07 18:05:07,2017-10-13 17:13:23,2017-10-24 20:31:27,2017-11-03,b94d9dcc0f4f0ac4d36b8ce9de6d45af,2017-10-07
0e1670a6f68c72266681ed85b4e4f73a,d3bd738261705a7ca540dad36d95623c,delivered,2018-08-22 11:05:15,2018-08-22 11:24:34,2018-08-22 13:16:00,2018-08-28 02:14:48,2018-09-10,e212d08343dafad3c0067bff58799298,2018-08-22
0a79d1506c2e0249c9aff8723bcf51e9,a995c91194ffa9252517fa251995adf9,delivered,2018-05-18 12:35:01,2018-05-18 12:57:55,2018-05-29 09:26:00,2018-06-05 19:05:10,2018-06-01,e093c00d1a7972c2a479ed40e648ee00,2018-05-18
bf0310bae1a889330a16496d6f7b8628,0977ccfa0b60832ce18f226b73853918,delivered,2017-07-31 13:43:10,2017-07-31 13:55:23,2017-08-03 18:03:16,2017-08-21 19:13:26,2017-08-22,c7f92ff58170af8b2f1aaaed398645b2,2017-07-31
677cf6c593931b083ffbbb060a9c6ce8,372c98a82300263bd02a4a56e2cc9526,delivered,2018-05-19 11:12:49,2018-05-19 11:40:18,2018-05-21 15:56:00,2018-05-30 21:07:27,2018-06-12,4de5c5c1883cc36a28b9bab21caf6ab1,2018-05-19
1e7bc4fa92ad71dd2603c7582ebeabf8,ca693ab312ae43e69370a1df11f190e3,delivered,2018-05-13 23:02:50,2018-05-13 23:11:59,2018-05-14 11:18:00,2018-05-22 19:26:42,2018-06-14,eab9e92710c0f8b5e20b9ed534e571b7,2018-05-13
04127548fb3634e50ad03765c05cdc68,0eab5c860fac0aff7a9ef8f11deced68,delivered,2018-02-04 22:20:29,2018-02-04 22:30:31,2018-02-05 18:41:27,2018-02-06 15:45:49,2018-02-22,8b4fb50121e80492650750b1f1356b83,2018-02-04
63bd88cac1061f6574789bd7921dd5f2,dcc9471f85f00b6979b79ae8557274c1,delivered,2017-06-26 01:27:16,2017-06-27 04:05:30,2017-06-27 09:43:42,2017-07-17 20:33:48,2017-07-10,de7ecd21dd7491f198b39778ea19b3af,2017-06-26
ec6fe04836bc8811fedf31b14bd8b549,6182a785dace3f1c11aac6b47aea7602,delivered,2018-07-05 23:04:11,2018-07-06 14:35:11,2018-07-09 14:16:00,2018-07-13 20:16:47,2018-08-01,e934334d7f917d3356a4ee96fb171e83,2018-07-05
8237160b16b119b5390f8072691974f0,626d50c562d845df45eba106562c4d35,delivered,2018-08-01 13:37:13,2018-08-02 05:30:46,2018-08-02 14:03:00,2018-08-07 22:33:49,2018-08-23,cf56ccfd32ac8a510501a6fa69972c74,2018-08-01
22751a6069364ffc60a6e707a9e5c4ac,2bb79cf161d645f06386e045f246be2a,delivered,2017-06-27 21:30:59,2017-06-27 21:43:40,2017-06-29 10:55:53,2017-06-30 14:27:39,2017-07-11,7717a8d29d5ec4b7159cd70f645fe241,2017-06-27
0e344e615390f8528b42e277875f0ba0,e412f9590fd38d32d9f632746e24c310,delivered,2018-05-09 09:16:24,2018-05-09 09:35:34,2018-05-10 10:55:00,2018-05-21 21:26:24,2018-05-30,bb6b4ecbef372a272df5780216900f1a,2018-05-09
1f7d0a7602cffab1da326530589809f2,569327527cce82be5f04305ec17301ef,delivered,2018-04-20 19:49:15,2018-04-24 19:26:43,2018-04-25 11:08:51,2018-04-27 20:51:25,2018-05-15,a2dcbf95e38f40a62d78210ec47668b2,2018-04-20
88c7831d968f7cd33c64d1733cb90510,ea7becdb889ee3d9418066a63f95871d,delivered,2017-11-14 17:13:48,2017-11-14 17:27:46,2017-11-21 18:56:52,2017-11-25 19:52:51,2017-12-04,a408d11b37d0e58052343c66fa7ff65d,2017-11-14
46c940200f4d91b4cf260d705849bbe2,e64b4dc9257cbe575f5688fc6986fe65,delivered,2017-10-12 20:05:32,2017-10-12 20:27:51,2017-10-17 15:23:14,2017-10-23 11:27:42,2017-10-31,7957a29b4c8a938a57bea3af07211dd0,2017-10-12
cff5d131d68af2eef5268034defe07ca,244d30900be58e7912de872ab6f81f5b,delivered,2018-03-12 02:52:58,2018-03-12 03:08:31,2018-03-27 19:18:54,2018-04-22 13:14:48,2018-04-16,589b1324c95d075ec473d44d421f840b,2018-03-12
b1c978cd633caac1ce86e36b61e8aeb3,a0b4c2bc4ad1865c4943b8bdbee449af,shipped,2018-08-15 18:48:07,2018-08-15 18:55:15,2018-08-16 12:16:00,,2018-09-06,dc34bc2c2df6e185a1c967437f3b68b3,2018-08-15
d94f4fe5fee370911b2bdde33dadb1ac,dd19f165f47b245203fbf13563af85d2,delivered,2017-07-24 19:48:40,2017-07-24 20:03:32,2017-07-31 18:56:31,2017-08-09 20:53:54,2017-08-29,6834d4cc5589a427ebb59e2e839b85ec,2017-07-24
40fd2a55eacc12019cc034c4cc15674c,0c3f432e2cf7ebb3a2cd874a8da89541,delivered,2018-06-04 00:24:10,2018-06-04 00:31:24,2018-06-05 13:52:00,2018-06-22 21:41:53,2018-07-13,7cad90d392c7fd3054ab4c48eaf771e4,2018-06-04
3a1c666f27c3d419d79a79a9b1a5af11,bb3342921d11b66656454f40f1c34650,delivered,2018-01-06 11:11:00,2018-01-06 11:18:25,2018-01-11 01:44:31,2018-01-19 20:23:02,2018-02-05,b10723759be6e098b3da24b991c99ddc,2018-01-06
341cce59fc24a0f0cd59c5f25282b1ca,dc2fd15d2dbf52095072ff3e9938cff6,delivered,2017-03-27 14:16:43,2017-03-27 14:30:13,2017-03-27 14:41:28,2017-04-10 06:05:09,2017-04-25,4f8ed0258f7e14b7d4bb818443cfa3c1,2017-03-27
dee55178829a36ebb42b7a3aba84c244,98b3d5c8013d7df82b5bf113d965489f,delivered,2018-03-09 13:30:23,2018-03-09 13:48:07,2018-03-09 23:28:52,2018-03-27 16:58:30,2018-04-03,f97efb54c489304d41f4f20206027c72,2018-03-09
cda39e972551602661cd5e8908ee82b5,9937a5e470c80919fea6199a76d8bc8f,delivered,2018-06-23 10:35:04,2018-06-23 10:58:54,2018-06-26 14:17:00,2018-06-29 22:12:10,2018-07-17,0db307a3bf5f0cf05e7a62c6c3bb942d,2018-06-23
3b43a1faa9745dfcd8ef87937f4cab08,dc993ef2360509ca5a8fd7c78b2441d6,delivered,2018-07-11 21:26:10,2018-07-11 21:45:58,2018-08-02 07:18:00,2018-08-10 01:47:32,2018-07-31,9f9a1cd9db5d99427cf4ac49f03bba4e,2018-07-11
19c12787aa9334d1ccac97bfab56e576,837ccdfb355e992a4a30a7cb9f79b4a1,delivered,2018-08-04 18:44:03,2018-08-07 04:50:27,2018-08-15 13:50:00,2018-08-20 20:23:45,2018-08-27,b2c342b926207abe8fe789288fe5fec8,2018-08-04
458fd3c506b852c0ceeb6e7c195ea437,c667d4a9f7b5fbc11fd2c610f27f731f,delivered,2017-04-23 01:25:11,2017-04-23 01:35:12,2017-04-25 08:14:20,2017-05-08 13:53:14,2017-05-11,03328ae8254588f1ef1821f52accaf90,2017-04-23
ef0e9ebf18b0033d57b60ee42b12d65f,4bd4059b4062a3f96f0f4f88af70fb91,delivered,2018-07-09 18:43:40,2018-07-10 18:45:36,2018-07-23 15:59:00,2018-07-26 17:42:04,2018-08-07,76d76cd68a25d9a8b6b99dc4194aaf0a,2018-07-09
50049a00b862d9b72dda26d6e7c38d6d,b2e34f6581fc7955943b4d7ff3fedc18,delivered,2018-05-17 17:05:15,2018-05-18 17:15:10,2018-05-21 13:43:00,2018-06-05 18:22:52,2018-06-05,a8bfaddc94bd785d9bc7a1a2c56d3795,2018-05-17
a93a771dcf97a2cca0be3bb159792b1d,e3ca18360b0fc556eb8442c18a5ad58b,delivered,2017-07-21 12:15:01,2017-07-21 12:25:18,2017-07-24 19:06:43,2017-07-31 21:22:04,2017-08-24,2eceb3bb54b38d219cd6a8a2245a5e2a,2017-07-21
d53d7b60c29d9e2fba820bfbe027df12,73e311686e5dc3940033eeb56edebd69,delivered,2017-05-25 22:17:18,2017-05-25 22:30:18,2017-05-31 09:57:23,2017-06-07 11:32:03,2017-06-14,58a435aa17b7527d3622df9290bb4d6e,2017-05-25
182680afbd9247820be311a34cafb4e9,4e59370bc614afb54393c2f03dda271d,delivered,2018-03-01 10:44:44,2018-03-01 10:55:33,2018-03-02 18:42:53,2018-03-05 18:16:59,2018-03-13,5aeb954efaab26e8df9dc937c322cbbd,2018-03-01
78b9793627cb45328b53a69cc525fd22,2ec52dcac1e5ca46634a06ed6fca36a6,delivered,2018-04-27 12:11:47,2018-04-27 12:32:10,2018-04-30 11:23:00,2018-05-04 23:47:50,2018-05-25,b40a502883cfbd1065c35f9f72b2a3e5,2018-04-27
71b63cb24c0cdeeb5604ab4b0e891c87,32ece394d77dd72f01b91196e85994c9,delivered,2018-08-04 18:02:45,2018-08-04 18:15:14,2018-08-07 21:27:00,2018-08-13 19:32:28,2018-08-14,f55861837ea772597cfb7c30eba2634c,2018-08-04
166029aa4dc1bed21f0d50ebdb4ef286,d1ec48f722227f712bd7c376e194dcc2,delivered,2018-04-02 09:09:45,2018-04-02 09:28:31,2018-04-16 14:02:55,2018-04-20 14:26:33,2018-05-10,5fff3ec8fc85df5fe57190fd9b6543ed,2018-04-02
43836bb9e5c73e492e6361c1c5af52f0,ca8b751a40a816dc8d14138ff9d81ad4,delivered,2017-12-13 15:09:31,2017-12-13 15:30:31,2017-12-15 14:03:49,2017-12-16 20:32:31,2018-01-02,56e0b1ec39c663f613da206d0e8167cb,2017-12-13
b5f211fa89c1521c13362d1adb004aed,d962bd2ab8e3cbb417a6d31fcfe313a9,delivered,2018-01-03 17:12:03,2018-01-03 17:26:36,2018-01-09 00:18:57,2018-01-23 16:23:40,2018-02-06,a5840b8c3fc4c197e65b8016cd02d688,2018-01-03
ace9e58d098308e5868584b8138e180d,45b93658b1d8b816730299c97a02a857,delivered,2017-11-29 18:05:22,2017-11-29 18:31:00,2017-12-01 19:41:59,2017-12-04 20:09:53,2017-12-18,5218893e6cb3795322e7bc6af4457978,2017-11-29
31f6c998a06ef0003c3355f042b8488a,f6213d96fa0cde54d863dd5d69444587,delivered,2018-07-25 11:23:17,2018-07-25 12:00:07,2018-07-26 10:00:00,2018-07-31 19:28:48,2018-08-13,9369070284424eca0fc33f978f2e8d0f,2018-07-25
2e8a8d29b0f567fe40d69ed8342959e9,01ca0c5af5349f53a4087605008e9134,delivered,2017-04-04 12:52:36,2017-04-04 13:10:49,2017-04-06 16:01:53,2017-04-12 13:34:42,2017-04-26,a6613158ea14aa56bfa17e0d5181a735,2017-04-04
97e11582eb8cdd7b83e35a4243d81f79,119e936a72d10c6ea12ab6129ffd9a79,delivered,2017-12-15 14:35:37,2017-12-15 14:52:53,2017-12-21 20:45:07,2018-01-12 00:13:38,2018-01-15,7b9ff92eb917af9f81bcfa998b63b790,2017-12-15
d84a72d286117f40da5a05597f25d58d,cd4bdf5e378910a9e4954796a519dfdc,delivered,2018-07-11 12:00:06,2018-07-11 12:10:16,2018-07-17 14:16:00,2018-07-20 17:51:57,2018-08-07,c8ec36160dbdb80f55d3e944d2d3240b,2018-07-11
d346370ba346967892986f57438f7765,0068a2209e2c7631566539fef4331bf8,delivered,2017-05-19 09:39:23,2017-05-23 03:31:57,2017-05-26 13:55:34,2017-06-01 11:41:38,2017-06-12,43f7616a8f37a874ee893f0dea3ba593,2017-05-19
f775d07070d41cc84bca7d1ced815c0f,3ca7336825e4f7874df2c588dac596da,delivered,2018-07-17 15:25:27,2018-07-17 15:41:35,2018-07-19 10:35:00,2018-07-20 22:14:54,2018-07-25,b5e851d6762e33a0e26dcfce343cbf61,2018-07-17
e3111d19cd703ecaa907dca4af37c0c5,b7d2aeab34464ec6d06fb35c0752c93c,delivered,2018-08-19 19:31:11,2018-08-20 12:55:34,2018-08-21 14:52:00,2018-08-27 22:08:31,2018-09-11,c263ffe67f934e522d0a4cc6e8c7ff8d,2018-08-19
cb82f50adcd9978f835fe94951603fad,8dac7b837322f0519cab6ee542842cd7,delivered,2018-08-13 08:08:16,2018-08-13 08:24:21,2018-08-13 15:19:00,2018-08-15 20:51:17,2018-08-23,0ea7111a8876afb0b76bad91309465f6,2018-08-13
3aa3900b1d05d92125d0005db04a014e,2ef0facb8ad8abc10408c5ae20782bf8,delivered,2018-03-29 11:28:31,2018-03-30 03:10:18,2018-04-04 19:58:46,2018-04-05 20:48:28,2018-04-11,327a48c6f5aa9ae7cec1faa4576bad5d,2018-03-29
9b91a8a7af98d4f7ca653cbadc15b556,b200f456b569cac0119c515ae68e36eb,delivered,2017-08-08 00:58:46,2017-08-08 01:15:10,2017-08-10 20:51:36,2017-08-16 21:58:58,2017-08-28,a41a399cd15106cc2308f2ea468e231b,2017-08-08
da8b28740e0c2eab5292d17c3cbb853b,36ffc4b2179b9dec36fcfe0595c28bf5,delivered,2017-05-03 08:28:44,2017-05-04 10:22:31,2017-05-04 11:51:15,2017-05-25 12:14:16,2017-06-05,0139884762afa50d78fe480646fe92b5,2017-05-03
146344c554458a6d7e2f92948e52e8b8,83544d0319d25a8e7c587c7116a19907,delivered,2017-11-27 20:41:33,2017-11-27 21:00:38,2017-11-28 21:58:30,2017-11-29 18:28:39,2017-12-11,5a5dd627a94c1bc236e9386eaeaa848e,2017-11-27
89deea851a216c7ca2da994e5799c9b0,79dd6d239bf598a7bbec4b0465cdaf15,delivered,2017-06-23 16:23:49,2017-06-23 17:30:19,2017-06-26 16:52:13,2017-06-30 08:15:36,2017-07-13,b91f66c680ece6d17ff2503ea144feff,2017-06-23
e12f5458c6b4f349a97fbf22e08d17ac,0b7a30ba373aeb55cf28add5b5477956,delivered,2017-08-01 12:57:02,2017-08-02 03:03:55,2017-08-02 17:47:19,2017-08-15 13:54:33,2017-08-23,8c8173e547e020f411aa55b2fceed861,2017-08-01
3f925ae7ffff56f13e03e8bd5711ca70,2f55c214219aff9e61c70c1edba35df8,delivered,2018-02-28 19:35:02,2018-02-28 19:50:02,2018-03-06 21:29:02,2018-03-08 16:08:31,2018-03-20,a9c5e655e836bdbf3127b90a32cd9182,2018-02-28
d39b2823c7beda9e56a1783db04df596,83353be61700ed54d5e9d1b3f0dbc4b8,delivered,2017-02-02 11:58:17,2017-02-03 10:35:11,2017-02-03 12:00:59,2017-02-14 04:54:56,2017-03-03,211e942aae3695180382d77ed1dde7e9,2017-02-02
63514fae43596b11a770416049c86856,ec3b6e11ab1c02f49de9f09baef9c9e7,delivered,2018-07-12 10:59:24,2018-07-12 12:06:05,2018-07-16 07:47:00,2018-07-23 20:56:34,2018-07-27,5b2402c844755fa710ac2144f9db61c4,2018-07-12
265a8ba29224f47c0476cfcfa6986f77,3ab34b58a6acdf365419d7e0938425ed,delivered,2018-08-02 18:05:00,2018-08-02 18:15:23,2018-08-03 15:43:00,2018-08-10 19:08:53,2018-08-15,76ad0d32f1eb7f899d6ff2807e4482a1,2018-08-02
eb89fab6743f52417dec1e885261e10a,7bff96d37d8c7bf818e55b9d72a1b204,delivered,2017-12-12 13:26:09,2017-12-14 02:12:06,2017-12-15 21:21:42,2017-12-27 22:29:15,2018-01-12,b83b8ef747f88daca292479d4f23235b,2017-12-12
64607b4e862b1084d71a7ee6d8b2622d,e9b534eb32a1f7df2cbb3a2912364a29,delivered,2018-03-06 10:41:58,2018-03-06 10:50:35,2018-03-08 14:06:20,2018-03-20 21:45:28,2018-03-26,a286380edea73341e7bc2e88e703e031,2018-03-06
1e8ff8bb172260d3d1b60936246867e0,a95312ffd04423192ae11e4b7ab7ee64,delivered,2017-03-05 21:27:29,2017-03-05 21:35:15,2017-03-09 08:43:41,2017-03-10 13:44:50,2017-03-27,44491fdcc43feb4c05efc30bff6a07d4,2017-03-05
9341714d42d6bb575c75707728fd6fcf,46d111fc5e3cb182e30c0200f940c0af,delivered,2017-11-27 14:37:18,2017-11-27 15:02:47,2017-11-29 00:27:08,2017-12-07 17:44:44,2017-12-19,7fbe2666270ae3bee3dc37847b15afaf,2017-11-27
43cf2ad64d9ba181030a47b6a7cad49f,9848fbc1dfe5dd0a731691354340178e,delivered,2018-06-12 11:15:16,2018-06-12 11:40:00,2018-06-12 13:06:00,2018-06-20 23:36:31,2018-07-11,770aa52bc6308f4c062d70807f5fb730,2018-06-12
bea5dc01a53188cc309de4fc1f309025,f282cbe422bc359ad69d0f7a16d6138b,delivered,2017-02-13 17:16:43,2017-02-13 17:30:18,2017-02-14 13:24:01,2017-02-17 15:55:07,2017-03-14,580b560f0f8ae08a6c203ef6c55c9b4f,2017-02-13
57923ef279c2f7dacdb115f87a1f6c57,e309e1d5483ae7c3229dce0ac8251fdd,delivered,2018-05-10 06:59:35,2018-05-10 07:15:18,2018-05-10 14:00:00,2018-06-04 20:24:31,2018-06-07,7674d7447392f12c0aa0743d1394f6f7,2018-05-10
af45c3a8c24539daa13f4ca8d2868464,74a1165008ea096720318c1f779adc8f,delivered,2018-05-02 19:28:24,2018-05-04 03:31:51,2018-05-04 14:11:00,2018-05-15 19:29:43,2018-05-25,872625584c36a248508359fb7022cd03,2018-05-02
a866b07e589705b11b38db08e93e6f5b,45d69248583acb20360cac1bfc1bbf2c,delivered,2018-02-16 15:18:45,2018-02-16 15:30:22,2018-02-21 23:49:06,2018-03-03 17:51:22,2018-03-14,35a537b3d1e5b3ec614e38cb3726d59c,2018-02-16
ac72d34ecba515d07fd0adc8747e1d94,d8ea195b140dbf4f97812f4848f4676e,delivered,2017-05-17 15:33:47,2017-05-17 15:45:13,2017-05-23 07:13:36,2017-06-03 11:22:35,2017-06-08,18f4b2b0a9d6b393ffea532c2b8d6e55,2017-05-17
b53a3bae66c300d0757b9e094b326264,f80399585626ce586b63e4afaf6ade7d,delivered,2017-12-11 16:33:31,2017-12-11 16:52:10,2017-12-12 21:58:44,2017-12-29 16:14:49,2018-01-09,3474afad3a0e7ed51985c504e936258d,2017-12-11
67f9754feffe51587eed05ba198d21b0,0045ac1c0957bc92e109f71e4941fa49,delivered,2018-06-30 11:49:28,2018-06-30 12:10:20,2018-07-06 10:31:00,2018-07-11 21:03:43,2018-07-18,7ad12bd39f33737cb4f634c8c44af118,2018-06-30
b2d8f25001ce7046b4e70b6bbc1525c2,ee37012fa6baf3f9535047b1d3f41d03,delivered,2017-06-02 18:41:56,2017-06-02 18:55:05,2017-06-05 11:36:50,2017-06-13 11:59:50,2017-06-27,d450425b9255b9aa6a4ab3896242d6de,2017-06-02
76ccfd1f50385cff04dc3ba521500b47,140bf51a12fef6c8bb0ae5c195f502fd,delivered,2018-01-26 15:52:21,2018-01-26 16:19:25,2018-01-30 21:46:54,2018-02-05 13:45:58,2018-02-22,a6c22e1aef01b2630980a308bfe91422,2018-01-26
d0848e46e16c282e0590623021ba6940,5b4489210a3c398e04cae27e1179bf3f,delivered,2018-06-19 17:38:32,2018-06-19 18:04:19,2018-06-20 14:44:00,2018-06-25 18:36:38,2018-07-12,52aa0755ad415270afb55d873f4cf425,2018-06-19
44364d92617dfb4a39ce3bff4ecea2fe,a5564b0b97776f800b3b4f462d8eacaf,delivered,2018-03-21 22:51:28,2018-03-21 23:08:11,2018-03-22 21:06:51,2018-04-04 16:24:53,2018-04-25,8d1053da497baa33eb8a13e8147c4846,2018-03-21
c8a4d0038f3ec7b553ecf27a699d6293,c05f7dfb379e0886e4c33bfa7904d93d,delivered,2018-03-23 18:58:02,2018-03-23 19:08:18,2018-03-28 20:33:16,2018-04-12 16:38:41,2018-04-13,15a157b99c6283ba440102bd2b85addd,2018-03-23
3e9c4deedb763bd5083a91afbc7c7257,bc05e5ea87ea7d4c3fb7acc1821c7ceb,delivered,2018-04-28 21:17:42,2018-04-28 21:32:33,2018-05-03 16:38:00,2018-05-30 20:37:41,2018-06-18,2a7e9cd3811dc14840daf1ea5c7279e4,2018-04-28
93ade3a3a8c88b0def11b5365dbe7ff7,72d60bc30c5c827b3be3e3e77b771ac5,delivered,2017-10-13 14:58:57,2017-10-13 15:35:56,2017-10-17 16:24:01,2017-10-31 19:44:06,2017-11-06,a20c851e6434f1e7b943de9d1c2956d6,2017-10-13
c5cc5507fd7537da058bf67fb12d28af,28fc063939dc4777a226f3444553bae8,delivered,2018-02-26 17:17:08,2018-02-26 18:00:26,2018-03-01 21:36:31,2018-03-26 15:06:52,2018-04-11,f1c9156829d22346161f6d319013b1a2,2018-02-26
1c0e2a041cbb546001e7259526d26e67,922881c74bf4747371821f55d4c1c5e5,delivered,2017-04-22 12:16:19,2017-04-22 12:30:22,2017-04-24 11:10:19,2017-05-11 21:45:52,2017-05-23,767c4bbed66053b2518a32b5948ca5ec,2017-04-22
04f026e6517b3845e4ea1a9d0328adfc,d6f6a039d3fcbeb5392bd0739b5e1833,delivered,2018-04-18 11:12:39,2018-04-18 11:31:41,2018-04-18 22:11:47,2018-04-24 13:48:51,2018-05-08,30a4b6d183ad53b918e06a860cf53eb8,2018-04-18
988c500d743d7a2cf2e9eaa824a66780,8de6f82868b08133400ef13f255812d2,delivered,2018-07-09 21:31:15,2018-07-09 21:45:13,2018-07-10 14:55:00,2018-07-13 20:51:09,2018-07-24,ffb6123b45cfa6e6ff5ff94d404283b7,2018-07-09
aabd0a7ecf741520be60dc59fc6002ee,adcda79effeaa7398aba44f473e8aed8,delivered,2018-08-06 14:51:08,2018-08-06 15:05:12,2018-08-07 15:08:00,2018-08-10 01:03:39,2018-08-09,072f8e24300dc9f9c23030f1ebc079da,2018-08-06
dd4d421872976011ae063357e010a0cd,e67d7a7f5c958be8a6c11175170beab9,delivered,2017-10-14 20:30:54,2017-10-14 21:06:25,2017-10-16 20:10:46,2017-10-22 15:55:49,2017-10-26,89fc67cab2352b5c35e96e98883f713b,2017-10-14
4eeb749b1bc5823fb7ef6af9282ee537,a79296ec3a43e42939b3487262c25449,delivered,2018-08-21 22:09:39,2018-08-22 22:05:18,2018-08-23 13:13:00,2018-08-24 21:47:49,2018-08-24,25fb8daf9c2b65823d6091521a31587b,2018-08-21
8c7aba5d415316a216626dfdc9e5aa42,6385c6427526bce07ccbc4e236ecf817,delivered,2018-05-08 18:49:32,2018-05-09 03:55:22,2018-05-09 13:45:00,2018-05-17 14:58:41,2018-05-25,0ac4a9460c1baf3051ffec5c9021a499,2018-05-08
87e83011a777a162b7aed42805bdd778,8a0328c1725d500d478f883180394253,delivered,2017-05-30 12:28:49,2017-05-31 13:08:19,2017-06-01 14:00:34,2017-06-08 07:18:30,2017-06-22,b642cb0ef1ddecffd8d89fbd90300c84,2017-05-30
50c561609b802ec8d508a9f48c669918,3fe89a08445d29487b8766af9207a44e,delivered,2017-12-01 21:44:31,2017-12-04 18:30:51,2017-12-20 13:17:57,2018-01-05 17:58:23,2018-01-05,09bf8d9eeaf0516be20397d0a90ddbd2,2017-12-01
2934b40bb9305d3b5d74747be3181435,9a6f678fd57a40dc5010a7651ef0b916,delivered,2017-07-11 00:54:27,2017-07-11 01:05:12,2017-07-11 20:12:52,2017-07-12 19:52:04,2017-07-24,47af48035b043521ae27cb5061276ee1,2017-07-11
12f0d35d150a1645900980264e766cc6,b3f4c935e5e55ebf855699e8bc3c48ae,delivered,2018-07-03 19:44:29,2018-07-05 16:32:47,2018-07-04 14:59:00,2018-07-07 17:28:48,2018-07-24,b2c20fdcb205a660b8d04f1f844bf220,2018-07-03
7256c798273af7d120d1f9e274e914f7,018546fb1415356fd93cbd77a4338124,delivered,2018-03-17 23:17:46,2018-03-17 23:30:36,2018-03-19 22:23:41,2018-04-26 11:36:42,2018-04-17,eb1dab35f5ba80585bfcd98655da9bbc,2018-03-17
5778366745f5c8c33f8c7f0432373788,52ab4b83a98a7f5f31686806aac50ba5,delivered,2017-07-20 22:51:02,2017-07-22 22:50:10,2017-07-26 21:52:10,2017-08-01 22:47:36,2017-08-09,f33b0a87c25c58d1b8ad7f30eb0645ae,2017-07-20
568e71250d146ee4bf4b6f85617c6843,0ed1c626189e974a2ba199c5f7c23bbc,delivered,2017-08-27 18:27:06,2017-08-28 17:04:55,2017-08-29 19:26:08,2017-09-04 12:04:40,2017-09-14,c852c37a0dd33cc595d331ddd6ce95ac,2017-08-27
3c5939ce763419f5942f27acffd072e6,a3a70ea035d8bbbbac5749753bd89f2c,delivered,2018-02-22 09:54:40,2018-02-24 02:50:39,2018-02-26 21:39:30,2018-04-11 19:56:32,2018-03-20,3d50a44231c2a153219cef76ee3e445d,2018-02-22
742d23b61a40b16eec4c1c5998da1c39,fcb421b5267b4d3d6c0de51199351a7d,delivered,2017-05-16 19:29:29,2017-05-19 08:42:30,2017-05-19 12:47:52,2017-05-22 06:32:55,2017-05-29,77ff4cbe33c2383a5d02832cbd3a063a,2017-05-16
1b39d154e72f232a67b97d1d2545d527,67b653733fd05d8f600e4bfb12d70964,delivered,2018-05-16 23:26:04,2018-05-17 00:17:25,2018-05-18 14:26:00,2018-06-04 22:50:32,2018-06-08,ecf32fa1f526774d8630f3052e12efc2,2018-05-16
6ebb39e4d90eff5c1099de688d9b4f94,01503d0b64036165c2f202b538de9308,delivered,2018-02-24 09:37:59,2018-02-27 04:31:13,2018-02-27 22:32:49,2018-03-05 15:35:17,2018-03-23,24b7abbf33bbdc59f1a7bc607e71e119,2018-02-24
26f1a21b851baef4f3bb1ea83c9ba962,260fe44efbc70e6a2d4dfd6b90d9f261,delivered,2018-04-24 12:58:22,2018-04-24 17:22:39,2018-04-25 14:08:00,2018-05-16 16:25:24,2018-05-18,9a89f6c48822efee307aab691b039fa8,2018-04-24
c97b6271a445cec849420383547b34da,02b83a1a2a215c7f7629c8fe41a7cad5,delivered,2018-08-08 20:21:07,2018-08-08 20:35:22,2018-08-09 13:22:00,2018-08-13 15:57:55,2018-08-16,8c90ebe331bd64b98d2e2a5ec902aa35,2018-08-08
3b62cf19155645bbcd58c9b11c9efce1,8f48e4ceff5e23adddb082418b0b97a4,delivered,2017-08-03 16:16:50,2017-08-03 17:00:15,2017-08-04 16:59:58,2017-08-15 17:52:46,2017-08-25,116823daa8abb95786c5908fd8087b9e,2017-08-03
014a0793ab3d930d6f3b206cee474af4,70bed66339acf5dfede1a7dce682a6c4,delivered,2018-06-24 22:49:54,2018-06-24 23:17:55,2018-06-25 06:39:00,2018-06-27 12:51:00,2018-08-02,b199c14d92a878257669851b87779293,2018-06-24
c25bbd8045abef9208c581196c86d350,7824cd93dcb0b5c13456cee269eb36ba,delivered,2018-03-28 16:30:18,2018-03-28 16:47:54,2018-03-29 23:03:30,2018-04-11 18:51:50,2018-04-16,c07353ca33ef63699405ef71e6dd3bb8,2018-03-28
b0bf00faa32149ac7d0400f67ce3d3b0,cc97def3bb60f41423a0f94ca6b18524,delivered,2018-04-05 12:14:30,2018-04-05 12:28:26,2018-04-06 00:05:11,2018-04-17 21:21:56,2018-04-30,a107fc818e4371f66763a6ce88006fdd,2018-04-05
a2ddc3a9833596493103ec4890b9871c,41530b51298c637fdd179f93c1c9afbb,delivered,2017-06-14 10:21:54,2017-06-15 03:03:41,2017-06-26 18:03:52,2017-06-30 14:51:49,2017-07-07,195977225dd5b24820770fb1883723b2,2017-06-14
98169d491f3bb7988e9a5aa45f9dc8c0,28add1b0e2f700068068ee49b89a7611,delivered,2017-09-12 08:42:27,2017-09-12 08:50:21,2017-09-13 19:14:38,2017-09-15 18:48:05,2017-10-17,dc82ed30e10a16d0b9e88290fa45cc8f,2017-09-12
8484c5fe4c5e00deaa868795d62d1db9,7d9a689797eeccd6d8e1da49e6c0ce0b,delivered,2017-09-13 12:37:57,2017-09-14 02:50:31,2017-09-15 21:24:47,2017-09-26 17:14:23,2017-10-03,cbd08b04b3f301152b7570da5e9c8cc4,2017-09-13
7f71c35ab1193f2ad44d9359a7a0f1ff,0a54533958d2154acac19127918beec0,delivered,2018-05-22 19:36:59,2018-05-22 19:58:06,2018-05-23 15:09:00,2018-05-24 17:28:37,2018-06-05,913f8552bc5e548a50dcc9459ca8c709,2018-05-22
77ac4951da6c2361c816314422cf20e4,30c5318a68855cc49431b12a237fe8a1,delivered,2017-07-11 12:28:33,2017-07-11 12:43:21,2017-07-12 19:41:41,2017-07-13 18:38:00,2017-07-24,cb4c4eaff1202e4326028e458372f3e8,2017-07-11
8f505b97d690e877f34131b13f828667,8f05d87aab36238f3b226c49a39e83ae,delivered,2017-11-14 19:11:32,2017-11-17 04:15:34,2017-11-20 18:55:05,2017-11-26 19:25:24,2017-12-08,9082dcf13bb5feb0e686d709eb35d02c,2017-11-14
afa18fe18903345a7bd38e285f0bca70,3e3abacd0cc5ddab9352b2b9cc3bfab6,delivered,2018-07-20 21:39:43,2018-07-20 21:50:18,2018-07-23 13:27:00,2018-07-26 21:20:59,2018-08-03,83777094b4f10f1cd007f58ae73731df,2018-07-20
51be998db4a4853bbb4aa99da629b94c,35addbf15264e475a9c766fbf3c3e476,delivered,2017-05-29 15:22:27,2017-05-29 15:30:16,2017-06-05 15:56:28,2017-06-08 17:36:31,2017-06-16,b9dc290e2630ea8e848b6c96dd637598,2017-05-29
5525404ad9f5043e1164e6833b2c24ca,620a6ed652d20f54b917209d9626fd69,delivered,2018-02-20 16:06:00,2018-02-22 02:10:25,2018-02-27 00:18:49,2018-03-09 13:58:28,2018-03-16,f46ebdbd5c48c0683980a759b8937912,2018-02-20
714f94b6231908bda17ea75f8f9e7c11,ba0bea7f44a1a453f3375c06bbc9ffcd,delivered,2018-05-04 08:21:22,2018-05-05 03:15:13,2018-05-14 11:02:00,2018-06-12 01:42:30,2018-06-06,20729fb5a6c4c0afff17154acb2852c1,2018-05-04
9cd3b6a2b07667e425975a219b4fc382,f44729d81505dfc0b3e20396543f15f1,delivered,2018-05-08 20:38:56,2018-05-08 21:11:41,2018-05-09 15:08:00,2018-05-14 20:28:34,2018-05-22,9a7d312ae2eee37656e65017b1974fc5,2018-05-08
9eece2f7708adaddeabd82f4f0a02be2,baad5e4d34d5785fb9530d6faca59d15,delivered,2017-11-12 15:06:10,2017-11-12 15:26:07,2017-11-17 20:48:29,2017-11-20 15:22:52,2017-11-28,4a4f372f6cf1fca267c8d3d46b8d32bb,2017-11-12
3d2538dbdbc283f9cb3e187912cf770a,325b5d790e8073f024106b02c6506918,delivered,2017-10-20 23:19:10,2017-10-24 03:14:09,2017-10-24 21:34:05,2017-10-25 22:48:59,2017-11-01,dec9c2c251e8105696bd997b2300d237,2017-10-20
97a7c1a54e3b84c6e2a2208198f48393,1842254f8f4673251a9953dc8d5f0fa4,delivered,2017-05-16 07:31:37,2017-05-16 07:42:32,2017-05-16 10:50:14,2017-05-22 17:15:10,2017-06-05,31d958dffbf0b744375b5ff0393e6fb3,2017-05-16
3d565e5b4a2b7158e738fb3cb2056499,23cdebe2d968c734d7fcc9b18fe92a6d,delivered,2017-05-26 19:18:40,2017-05-26 19:30:17,2017-06-01 11:48:30,2017-06-09 15:04:31,2017-06-16,cf09825386f11bb2eda69c1f6e7e837d,2017-05-26
d9715bd8635503e2e6bf01a078df8c10,aec725772b56e7153b8a488c13d78468,delivered,2018-04-09 20:45:28,2018-04-09 20:55:38,2018-04-10 17:07:28,2018-04-17 00:28:21,2018-05-02,da9a03e098e776cf14b358ef2b648374,2018-04-09
19c37103c79e5f4a03f5fcc5b1fe97e7,3caadfc7a9d597bc39c06f5687229471,delivered,2017-07-05 21:40:03,2017-07-07 02:43:51,2017-07-07 18:08:50,2017-07-20 13:10:15,2017-07-27,db8498cfd68ffdcbc802908ee3232e9c,2017-07-05
17aa9a5c5b88ebd15ca795d8058eccad,6edea7df6a0f1cf05f87207421203b9a,delivered,2017-10-19 18:40:36,2017-10-19 18:56:55,2017-10-20 21:24:10,2017-11-07 21:32:28,2017-11-13,a112679f7d5389c219d7a51b60f12f18,2017-10-19
ad68ada2adbaeaf13d4da68703e0a301,803694c5bc5970e4eed265e5d31127c1,delivered,2017-11-30 22:27:53,2017-12-01 10:30:56,2017-12-05 19:12:33,2017-12-18 19:29:19,2017-12-26,a8f45d45018f85436e8d2b199e3361e7,2017-11-30
34fc07c730847e0b63265acd9b7be198,cd231250cef44820e21c182155927cc8,delivered,2018-05-02 19:26:50,2018-05-04 03:31:33,2018-05-04 12:28:00,2018-05-10 22:19:26,2018-05-28,aed1f8465914d50cf2bd3b1792da3341,2018-05-02
d2ae87feb1ea088e9e6d5621efb22dd2,b886756a285d85972dfb79475275e9bd,delivered,2017-08-30 11:42:42,2017-08-30 11:55:12,2017-08-31 16:30:15,2017-09-01 18:43:49,2017-09-12,80807245cb806af52a60c9d997bc8a0c,2017-08-30
9703eb84b4433601ca6171b79e26ce1c,65d9c386ee0eb43e165aded25bff79d7,delivered,2017-08-25 14:04:12,2017-08-26 02:24:50,2017-08-29 20:22:37,2017-09-11 17:49:59,2017-09-19,1f3134e247f3bb66b9aaecd65382c587,2017-08-25
002611a77fe03d076285fd4ca95db77c,2b6cb6a4852a866c3b71dcbc7c5a2fce,delivered,2018-02-27 17:46:23,2018-03-01 02:49:09,2018-03-02 03:12:49,2018-03-22 19:03:31,2018-03-26,c01bed915357c68393943dd8b7a51655,2018-02-27
0a1ff79efed81178cd6303f7704e96da,87b562396562e68f82047746fe64b167,delivered,2018-04-09 14:33:46,2018-04-09 14:50:42,2018-04-11 14:18:35,2018-04-25 20:21:05,2018-05-08,48150eaf37eff0132bbc9163274820e7,2018-04-09
4f899ca2d40460c7af01f7edb20f9bd7,299506f02772452aeb1f6f1d27b7b0f8,delivered,2018-03-01 13:28:09,2018-03-01 13:50:51,2018-03-10 00:28:50,2018-03-21 16:50:59,2018-03-19,a7e1126d69a7b1be1f1ed6edc62191ce,2018-03-01
11b33f091608b48c86184dcfd339dc9e,ad0cff75dce98e304964d36a660ca06d,delivered,2017-12-21 04:47:03,2017-12-21 04:59:32,2017-12-22 20:57:01,2017-12-23 16:29:26,2018-01-10,25bd804c580bc1ee0c93d073fae09a84,2017-12-21
500da3334d495dbdd1c35b6d1a33c004,bcccbf3c3d4f4b9c15bace9a340ebdd7,delivered,2017-09-26 21:25:47,2017-09-26 21:49:43,2017-09-28 17:40:12,2017-10-18 13:47:59,2017-11-01,3fd4500414d3a4a5abb9a2083bfcd832,2017-09-26
f6b9db7ac3bc6be81597b909a90978fd,5961bc3b38a25ff2df5f3d364232c0df,delivered,2017-08-22 19:57:12,2017-08-22 20:10:39,2017-08-29 20:44:51,2017-09-08 20:13:08,2017-09-18,a5515406a3c7f2d1806bf387412d6805,2017-08-22
d8a8159f236db0b16fc43e3ceeed32be,fe20e5d9ad97fe0bf421a94b7a17da6f,delivered,2018-01-11 22:44:31,2018-01-13 02:05:31,2018-01-16 19:42:57,2018-01-17 22:28:38,2018-01-30,fefb51ae967d1697fdbd24f37d6086b9,2018-01-11
51efa345a1180ca3879442a31b0a265a,904805ce22729b9b724813c35df3973c,delivered,2017-05-20 01:57:17,2017-05-20 02:10:15,2017-05-29 12:45:45,2017-06-24 10:23:54,2017-07-19,c7e752293cad3fb436b2263636640014,2017-05-20
f2e5bcbd102cd01f16e0239684fd2fa4,b2b6830d17c40f00785266367991bc0d,delivered,2017-12-25 22:15:44,2017-12-25 22:27:15,2017-12-26 18:39:23,2018-01-15 18:47:37,2018-02-02,97bc69433fd6d2e3fe202953afb8d6e9,2017-12-25
fcca6c3fefb03709360cbcc79f2ff73d,8d6f8996611cdb40523b0d0f5a01192f,delivered,2018-06-27 07:09:47,2018-06-27 10:51:56,2018-06-27 10:18:00,2018-06-28 16:22:29,2018-07-12,06d92e7ceaa0b87b635e8354f34c24dc,2018-06-27
07da7d9fe6a7a8388af1f996b3bb0472,77ed46145075364809e072ff0cb625dc,delivered,2017-12-18 21:18:04,2017-12-18 22:14:29,2017-12-19 19:33:52,2017-12-26 20:34:53,2018-01-23,dc011171327975b1279ca5bc4340e9ad,2017-12-18
add699884e555b7dc441e33f35ddade0,89973f1f8bf114f269edc752c90205ec,delivered,2018-05-29 13:50:59,2018-05-29 14:11:40,2018-05-30 11:00:00,2018-06-11 20:37:39,2018-07-11,52387f8339f0404a18ce6c12139bcd6e,2018-05-29
c8fa48f1b2af19f06cd1ca3b5533bd0e,91b81b40f58d76adb310d312bfe6dbde,delivered,2018-07-03 09:10:24,2018-07-05 16:30:49,2018-07-05 13:59:00,2018-07-13 19:06:45,2018-07-27,e94dfce2c86ef972bfe79efc639f20df,2018-07-03
3cc50a462016d06a3cebf8f5731d3ee6,275232a5e605bb6d1f97eb77679bfd0f,delivered,2017-11-23 20:26:23,2017-11-25 05:19:24,2017-11-28 19:08:30,2017-12-06 22:37:16,2017-12-18,7153403a296f164c68e2444eb97a3a05,2017-11-23
2e3d2ade3d9a549848f6a576ae8f9da2,f08339cfb2ba529657df3cbd1d94e895,delivered,2018-07-25 13:05:52,2018-07-26 12:55:21,2018-07-27 14:51:00,2018-08-02 22:58:32,2018-08-10,ec60b148601d9e3276b8d6b4b3425e33,2018-07-25
05f9e5c577faa3a272454a2ceed5c64d,2a1ea3b265ba56bb61bb9a4aafd506f7,delivered,2018-04-14 20:23:39,2018-04-15 20:30:47,2018-04-17 17:08:33,2018-05-25 13:20:50,2018-05-15,7ddfedfa64d35272464a0a4401abbe0e,2018-04-14
f02e403f6f0d04b6412c5ef370b0a052,3c091938eb975e0dc733c67ed6a20556,delivered,2017-11-14 10:55:16,2017-11-15 02:55:37,2017-11-16 14:12:43,2017-11-23 19:42:17,2017-12-06,620c822ff022d0ce9d277cefa05aaa45,2017-11-14
a3cf24eff0b2bd4737149569c12c4ef0,92b0f411a55161c19c8001f8ec75dffb,delivered,2018-03-05 19:28:16,2018-03-05 19:35:28,2018-03-09 16:01:46,2018-04-03 22:26:43,2018-04-20,8f6b853d7bd8510f486b322143086678,2018-03-05
c031499c4cbb79432ca006cef2104302,0baab1610b0c82a7ae994257ffd792dd,delivered,2018-01-27 22:01:00,2018-01-27 22:13:28,2018-01-31 20:53:38,2018-02-14 12:38:33,2018-02-22,3dea74ce7048f43ca3a2338f34f1bdcf,2018-01-27
47dc0ac51de82d69a50b926808fa9720,c7041f9f3e88d79bf3c9f3bd1d9e6786,delivered,2017-05-21 11:53:21,2017-05-23 04:10:24,2017-05-25 09:32:50,2017-06-09 10:49:31,2017-06-05,dfbf50eeb9fe8d91e69b973266cd8063,2017-05-21
f04e5abb2044dbb28bbdd9aa470e4e8a,7b34893f52edb267bde212630697b87e,delivered,2018-03-07 17:19:30,2018-03-07 18:01:27,2018-03-09 22:16:23,2018-03-15 22:56:45,2018-03-29,05d7600f5c526e0722b3e07059588bcb,2018-03-07
c99763ba8bcad2845131b6e9d2f203fc,781fa4901df881dd232d4c813b933cf1,delivered,2017-08-27 17:51:48,2017-08-27 18:04:34,2017-09-06 21:25:50,2017-09-18 19:57:42,2017-09-19,1058b6fc88985f43145ba22a83a00cdb,2017-08-27
02c6f38cbd2d15df19cf2621019823fd,2cd1a450888a4cc3d4b8c5ed6482fe47,delivered,2017-07-06 09:08:36,2017-07-07 02:55:18,2017-07-11 20:32:08,2017-07-18 18:42:10,2017-08-01,70021e69eaf8a1b1ef870f5ac0682185,2017-07-06
fec1d349e48ee1bf9ca3fb0ffa9c8051,73815b917619ee6bf2b4b1849573c3ed,delivered,2017-02-23 21:39:24,2017-02-24 21:45:14,2017-03-02 09:28:45,2017-03-08 13:48:40,2017-03-20,9f7d6f9a439d7cfa775bb4eed9bfa405,2017-02-23
d9d4a02bb9f1087deec1dae728740cdb,15649dc883a22d86b0e9dd1466d39057,delivered,2017-10-12 15:30:47,2017-10-12 15:49:25,2017-10-21 11:56:44,2017-11-09 20:32:36,2017-11-01,8d3acb53746f1c8dd196754af01a6f90,2017-10-12
917e10fa00bd5acea0532dac72f09e68,d6e06531baf59b2a49ac89e25a371b1c,delivered,2018-03-22 14:57:57,2018-03-22 15:15:31,2018-03-23 23:28:43,2018-03-29 14:03:31,2018-04-12,068ff974f073fe7049744f42edd77565,2018-03-22
fd8ca4a133991717f16d0e8e32f01ea5,5bc80b3b16512dac479fd0659856a37e,delivered,2018-05-09 23:04:41,2018-05-09 23:15:17,2018-05-10 14:48:00,2018-05-23 18:58:29,2018-06-08,05070af7901271883b8a2364b78cc55f,2018-05-09
667a47b3d52c6e88390b50708a061561,ac3bec5029595891991d409e6a428c29,delivered,2018-07-28 13:10:24,2018-07-28 13:44:35,2018-07-30 12:46:00,2018-08-02 18:16:50,2018-08-15,ca000e16dc158b58dde340b818beeb83,2018-07-28
284b41fb8245e3c8c07c32ddb7572217,e399494c4a16c311b455c8ee01aff5f6,delivered,2018-02-15 09:11:58,2018-02-16 07:50:50,2018-02-19 21:41:49,2018-03-02 18:33:06,2018-03-08,76f72a7ec470588bb7a8fa3fe3887ae6,2018-02-15
b1a7bd6a9d10076c91e88bc510406b46,042b53f9e609289d8f6fcbd59b4acf63,delivered,2018-04-01 00:27:33,2018-04-02 00:30:00,2018-04-14 00:06:28,2018-04-26 13:04:13,2018-05-07,f722ff3c670cc731721553596b8de3a8,2018-04-01
7453ef59db78206e7036df2120481509,15763cae6157b08e4d71d8500d5793e9,delivered,2018-07-09 21:50:54,2018-07-10 09:05:27,2018-07-12 11:38:00,2018-07-26 20:24:41,2018-08-02,f06d35a600b606329886d392afda66c7,2018-07-09
8bc4af714d330b4c50ddabcce0550857,4c6e449385f395b15ff0c965aa99d400,delivered,2017-12-04 19:30:41,2017-12-05 04:12:24,2017-12-06 22:17:06,2017-12-13 22:14:52,2018-01-04,0f0ca903ef374e6e561ebbecbddc28c2,2017-12-04
edf6ca78e2f6def9edbec6b61c2194bb,da650708e2f0b63796c04b0f05080902,delivered,2018-04-17 16:58:12,2018-04-17 17:10:50,2018-04-18 20:36:42,2018-04-24 19:36:46,2018-05-10,feff605547c0afb8279c7278941a1b6a,2018-04-17
abf9950af8a882a28b85426d81ea7c0f,e92a9266b68760ad4d246fe7a7c24a78,delivered,2018-02-09 18:13:56,2018-02-09 18:25:28,2018-02-20 20:35:16,2018-02-27 22:39:09,2018-03-09,a3c776e946f1056964f85942ce783c40,2018-02-09
0bb34cb6a7308c8a0be897369360bcd6,dfd31f8e07d6a7078ae3c8119cef1c2e,delivered,2018-04-04 13:47:32,2018-04-05 13:48:42,2018-04-05 23:55:18,2018-04-09 22:32:13,2018-04-27,60037f6454b51af266bb195271583c42,2018-04-04
78ee9d46bf8b130d3b16715c5022413c,1fcab6511187a5fa06953d7c28afe307,delivered,2017-12-12 16:04:12,2017-12-12 16:16:29,2017-12-13 23:52:49,2017-12-18 18:49:50,2018-01-05,256cba0de7ee638954ea43ddc709a49b,2017-12-12
dc8a0e6deb56f56aec40546b51c53266,2f9798fb3d3620d8515475f0949ac978,delivered,2017-10-18 20:10:24,2017-10-18 20:26:22,2017-10-24 15:46:44,2017-11-03 19:38:04,2017-11-13,cc066a9d64aa03bfdf5876e4fc0bdd61,2017-10-18
656dbb4c6b66cb06a7ffd47823b6345a,1c1f87806ef329fd59618c8f50a3ef1d,delivered,2018-06-08 11:15:40,2018-06-13 23:32:29,2018-06-08 14:40:00,2018-06-18 21:40:48,2018-07-04,fd7273e314335d958212790b2a49a38f,2018-06-08
229c6f4c4900cdfacac89de57227e7cf,9bb66aaab74a7cb0074d00fe363be1e5,delivered,2018-01-17 20:43:27,2018-01-19 16:59:48,2018-01-23 11:18:01,2018-02-05 20:37:08,2018-02-19,b51758f21aacb03b8c540166ac912c92,2018-01-17
55bec4dbd259b205d1705c846cb8114f,bc34487eb979ebc8d9903ff8c30960a2,delivered,2018-07-18 16:01:20,2018-07-18 16:10:25,2018-07-19 11:11:00,2018-08-01 21:50:56,2018-08-09,04b77c8cac8753d9c354acb94fd75233,2018-07-18
f06d767fc2a50ef403402d3ce1d5c7c8,a131489364a9e1b312f4d73c52299dcc,delivered,2017-12-30 10:29:21,2017-12-30 10:38:17,2018-01-02 23:16:15,2018-01-13 14:15:20,2018-01-29,0d3822dab084130129d8408887b23fe7,2017-12-30
d2ed261659527fede5c1fe6fc288c366,e2ee6c95afa33fb8a44f3539e9eb5ebe,delivered,2017-11-13 23:25:24,2017-11-13 23:35:39,2017-11-16 18:09:12,2017-11-21 17:23:08,2017-12-01,900d20b0dbc4b3b72bcdcbc78931f477,2017-11-13
e48db3b231e0ad61656e81b4c9311dad,b974507e8ada31a7590a68117ce93e08,delivered,2017-01-31 18:44:31,2017-01-31 18:55:15,2017-02-06 10:16:11,2017-02-14 16:27:37,2017-03-15,07dd74ef623ff7a379e0f59577a35a2a,2017-01-31
ec9a45db197262577280e38de1889f3f,41ab2e5e7d423b1a7796f181cce560cf,delivered,2017-06-05 19:43:28,2017-06-06 13:25:39,2017-06-08 09:55:42,2017-06-19 18:46:43,2017-07-04,d38ea3b2fcc900afabd4423cbf900924,2017-06-05
abff5d60e5e2c3597532dd698c8b7e1d,73d003b6671d9702bf0a757cc4571529,delivered,2017-07-25 12:34:16,2017-07-26 02:15:32,2017-07-26 18:39:32,2017-08-02 21:25:51,2017-08-18,64c1f6578fc8defe1f9f6491c2d0f0ed,2017-07-25
92e0a2b039d9ce627cbcc94ecf879f87,1ff8a1ae692a49c3204aa327a2c9cc7f,delivered,2017-11-13 15:19:44,2017-11-13 15:31:35,2017-11-14 19:58:58,2017-11-22 21:56:49,2017-12-01,81b0a5ae9245278a64c16a45ab1916d9,2017-11-13
6ac81ce742f436d1d7de699cb7355a81,8d16aed7e93d43028371270fe228b822,delivered,2018-07-25 13:25:22,2018-07-25 13:35:17,2018-07-27 12:12:00,2018-08-01 18:34:34,2018-08-22,2e737bac763d766ec41abbefa2533872,2018-07-25
5db3a02e1307a5ee2ee228738a72d4d7,59ff2a7b48eecca51957c440128ea697,delivered,2018-02-11 11:23:29,2018-02-11 11:35:22,2018-02-21 21:25:00,2018-03-08 12:31:42,2018-03-07,99ff6f6a7510ff6b7d004a11098c5e5f,2018-02-11
51e99264659d47b097309553e1d580dd,c0b973b939fe3dfb9816e50acebcd597,delivered,2018-05-21 08:47:36,2018-05-22 08:34:07,2018-05-29 14:09:00,2018-06-11 20:36:25,2018-06-21,b06968521aa836f6abe18102493466cf,2018-05-21
eec5a5f87ba565c451bd208e03ed3b2a,ee314c2fe1e72ee78535c5564f24e8aa,delivered,2017-10-02 22:38:35,2017-10-02 22:49:28,2017-10-06 18:39:05,2017-10-17 01:19:27,2017-10-24,7ee4bec16532217458a73df82cd3eb07,2017-10-02
3a970d6ac33a077a7c041912c4d8d560,d4808f8089e802626c8eff03e6e057ad,delivered,2018-01-24 19:38:51,2018-01-24 19:57:24,2018-01-26 21:34:00,2018-02-06 17:31:39,2018-02-16,d0d24ba582f1ce827101a31016699b10,2018-01-24
b89a164ebd4447db59b194c2b4fc90fc,400d32a746957150cd0cfba06292d6eb,delivered,2017-09-22 19:46:46,2017-09-22 20:04:09,2017-09-25 18:32:49,2017-09-26 18:18:02,2017-10-09,443f448c4d85ca3947e9b0eb4cdccffb,2017-09-22
92841cc24435590294fb25f6938e295e,326d2b73d71fadf278bb58a956acaeae,delivered,2018-05-16 21:36:57,2018-05-16 21:54:52,2018-05-17 08:00:00,2018-05-22 16:07:47,2018-06-04,49343026d5db179532d1881e55e9127e,2018-05-16
abfd1269870ad7d9a39d6bdfd5e77ad8,73678760a21b17d7d3aaa15b4041c6f4,delivered,2017-11-25 22:59:58,2017-11-25 23:12:26,2017-11-28 15:41:43,2017-12-13 17:51:40,2017-12-20,facd143a1c2cac94b0a2593b9635cc83,2017-11-25
6153dde2f6f01bdd93c35be85fed898d,f92002d38cf42e7f91042c9cb948c326,delivered,2018-07-22 15:14:33,2018-07-23 12:32:13,2018-07-26 12:17:00,2018-07-28 20:24:40,2018-07-31,4b939e88121ef0cdc6aa0af6d6435337,2018-07-22
5ee618be393518b59506e4a5a6e6d064,e9d118d97d5f24cfbc5a96f1a057f083,delivered,2018-06-13 13:33:41,2018-06-13 14:31:25,2018-06-15 05:05:00,2018-06-18 19:42:03,2018-07-05,4e835811a556582a8850b17260c0ba66,2018-06-13
a6ecdcdd328d131fadda339f95ca1705,93fd2b69b9d0c330e9749b323402e41f,delivered,2017-05-06 16:14:56,2017-05-06 16:25:15,2017-05-09 08:18:51,2017-05-11 16:27:56,2017-05-31,1d1bbacbb7e6e4fef4fe1c849b6dd640,2017-05-06
2fcd7fa5d8729fd6dddd51369b36edcd,031c996d15d1e1b6bfe5abb0e4583e9b,delivered,2018-02-25 05:15:59,2018-02-25 06:20:26,2018-02-27 22:09:38,2018-04-16 20:42:01,2018-03-21,7f6528e4fc39d32ad83a406d6334324c,2018-02-25
bf4f668d122d55a591b4b205aa25d13c,ea6c726a9ca86a098522ed490e0004f2,delivered,2018-02-12 17:55:42,2018-02-12 18:08:15,2018-02-16 01:08:57,2018-03-07 00:13:29,2018-03-14,f32e92175db531d4aaa6969cffdf7d2a,2018-02-12
66f09793372dff42b079b7578f7157ee,e16b9b83c234182b056d65f982e5225d,delivered,2018-04-29 13:33:31,2018-04-29 13:51:04,2018-04-30 15:03:00,2018-05-02 18:31:58,2018-05-14,b3d12d6b56fce5999e5949387d7a1738,2018-04-29
efd2e87c44bebee6e88c8677e9e94448,8ff8fae111c2721dcbbeb6aa5ae9dd1c,delivered,2018-04-14 12:04:50,2018-04-14 12:15:13,2018-04-24 02:08:32,2018-04-27 20:03:25,2018-05-11,d1c49f1d40160eed3f875a868e779c7e,2018-04-14
e74059734326eb12073dc5cd441fccb6,80ab4585890fb5396fa66cb58066447d,shipped,2018-06-14 09:34:08,2018-06-14 09:58:15,2018-06-14 14:26:00,,2018-07-13,489811a1e379cc8a07939cfcdc43ba4b,2018-06-14
119b6b27a344f78d540a9fd0f01cfcb2,deebff8a88f096e12991c0f1caa309d3,delivered,2017-06-01 18:11:07,2017-06-03 02:22:42,2017-06-08 08:56:36,2017-06-19 15:13:17,2017-06-26,41251389de15d4a2b491917261469c90,2017-06-01
334c65aeb7365a6d5acee2e43ab3b2d2,9b208d7e04cbcce3ee8db0e48376ba02,delivered,2018-05-15 14:03:08,2018-05-15 14:35:43,2018-05-16 13:54:00,2018-05-21 17:18:54,2018-06-04,5d107b2273cde9e18c6977a4d14bf83d,2018-05-15
24f0c9ab155a9acb341bd5ad8aec7c12,b6635863d833ab6661d784ac6055af1a,delivered,2018-01-23 23:08:12,2018-01-25 02:58:28,2018-01-25 16:19:16,2018-02-06 18:46:52,2018-02-20,6cea7344eaa5c7532f8b12282b4b2735,2018-01-23
6ded814a50d02c15369b8b7fdff6a3e5,96c221428626e9522b8df0d8af8c9b57,delivered,2018-06-01 17:51:35,2018-06-01 18:11:15,2018-06-04 10:24:00,2018-07-04 21:08:42,2018-07-19,e8987de03af9262e38106a0e866943be,2018-06-01
70607d8252a17da1eece85cc656be12f,07f9050ef14834cfce65424d0b3c0ade,delivered,2017-12-06 20:05:15,2017-12-06 20:17:27,2017-12-07 17:18:50,2017-12-11 23:23:04,2017-12-22,567a79be95a1da701d04a79c3c49a8a8,2017-12-06
ae820ecd285ee7d0db7eac6f69049b36,d97fad07a651f184b161908a56958e67,delivered,2018-05-11 13:19:52,2018-05-11 13:37:03,2018-05-15 14:20:00,2018-05-22 21:33:34,2018-06-06,234d95ca4b3faabb37d79dfb5e85c8ee,2018-05-11
0a50b1ae078d9638440048842b7cd5c4,030c88df740faf58e3bbf38fe25c1743,delivered,2017-09-28 15:57:29,2017-09-29 20:49:24,2017-10-05 16:43:13,2017-10-13 23:24:57,2017-10-27,940aac34d4cc9e76c04cb2df90d0a957,2017-09-28
89f8602d413491ac3de45d5b5ea6406d,3538091afd540ab6e463b49ddca8ff86,delivered,2018-03-19 23:34:53,2018-03-20 14:55:36,2018-03-22 19:09:34,2018-04-11 16:52:49,2018-04-10,1aa50792e49c769e545f641c0488cc0a,2018-03-19
a1febcd7f2bb8c5d385172a4fb4c7abe,f0063eff5de6c74e859ef5b403316c53,delivered,2017-11-07 21:34:38,2017-11-09 04:31:05,2017-11-10 18:25:02,2017-11-21 22:26:52,2017-12-04,a49e0376009f52b244fc67052627ad6f,2017-11-07
d37e5fd46260d155c82da890cb64e7c9,e8cca4cf04f8a171b797aa629b5f9818,delivered,2018-04-17 19:40:59,2018-04-17 19:55:18,2018-04-18 22:16:26,2018-05-08 20:58:25,2018-05-16,2ea636f2cc4a323cdcb8807356e39356,2018-04-17
73d609151d68d82b9e930d9e14458b61,d5842d939b29486593a603af0718d347,delivered,2017-04-07 16:55:46,2017-04-07 17:05:20,2017-04-10 16:34:59,2017-04-19 16:45:54,2017-05-15,2099df74d91e10c00c34ad14edda6bd0,2017-04-07
4b1fd4c19cb4a9c1dc657af8a028d002,810c7f3d2980da39feb31e235cc6875b,delivered,2018-02-07 12:57:23,2018-02-08 11:50:32,2018-02-14 19:59:04,2018-02-24 01:19:54,2018-03-22,922c1c5eb059cd3049ea55e5b03d33b5,2018-02-07
56bbc7d92e6e74b8782abbf5ee336a92,683d4350de84ced70a81bfb3cbd124a5,delivered,2018-03-30 10:40:22,2018-03-31 10:35:14,2018-04-13 21:02:23,2018-04-16 18:51:48,2018-04-27,edcb67f66dc6757acf487503c8b202aa,2018-03-30
a00a8c938ecc721a55b033b93e8deeee,a0f778ed638bdec7e0111278461d4298,delivered,2017-02-21 17:44:37,2017-02-21 17:55:07,2017-02-22 13:51:26,2017-02-24 12:28:01,2017-03-20,30de487f7843e6211c6c17539fdd99d8,2017-02-21
dc9a03dbf9afa19253012ac1391cc00f,2675b80d5228e7a25bacab60bbad136b,delivered,2017-06-11 12:13:18,2017-06-11 13:05:46,2017-06-12 14:26:58,2017-06-22 15:14:49,2017-07-05,9bc99cda3e247b8f685244d7d6c56a90,2017-06-11
7d7f3cbab666fd1e2f103d28b2c9bc64,7ad723676801aa4af929c35a4adfccc6,delivered,2017-08-23 10:59:45,2017-08-24 14:26:01,2017-08-28 16:16:50,2017-09-05 22:13:16,2017-09-26,9146de9c43fa373c4ce8af26c8db8336,2017-08-23
bd23f37e365507db2b5b5b624b413315,3f7e2ff85b0210e92f5b1d447b687526,delivered,2017-02-28 18:50:42,2017-02-28 19:20:18,2017-03-01 15:51:24,2017-03-17 10:27:59,2017-03-23,8631dc0d778a550f06636525e6170b5c,2017-02-28
e1d639704794372882078d60df591264,a6e559ec06e9b44d48ea61550d678be0,delivered,2018-07-20 10:26:30,2018-07-20 10:35:17,2018-07-23 09:01:00,2018-08-01 22:03:42,2018-08-07,a5f126f2eb313f751c8c48ea60849c63,2018-07-20
f1f4bec57caa5671e6bbd650b5872beb,d35fcaf8e2d179c2ad758ae8beadc501,delivered,2017-05-22 19:19:11,2017-05-22 19:31:04,2017-05-25 10:43:07,2017-05-30 15:24:35,2017-06-30,d1de970e55628757787079d4ab41cab7,2017-05-22
7416d9c6f5591dce41f59d37ad4bb455,40fa92ce8b219824246c14322273f980,delivered,2017-07-11 14:37:55,2017-07-11 14:50:22,2017-07-14 21:03:55,2017-07-19 16:27:56,2017-07-24,e2ba2aff97b083863989a4d16384f5a5,2017-07-11
81a091e3899d0cf00a11d67dbefd9ad8,c34a9286b9228cc5cb648c5322bf6b60,delivered,2017-07-28 18:25:45,2017-08-02 08:32:02,2017-08-02 21:14:24,2017-08-10 18:17:27,2017-08-21,76d25c923545a80b248eb4d48ac417f6,2017-07-28
917d66c0042ba4ce09a08ed7023da134,8c226d629a25b1f978d0d9755a20194b,delivered,2018-02-08 21:46:05,2018-02-08 21:55:27,2018-02-14 20:42:43,2018-02-20 12:45:37,2018-03-06,939be622dadb186622cf34a05b469424,2018-02-08
2873848ac91aacd7879b4ef97d16a609,1f41af4ec95a7ff53a851760a3dd9ca5,delivered,2017-07-15 11:02:03,2017-07-15 11:10:19,2017-07-19 16:42:28,2017-07-31 16:51:59,2017-08-04,f771752b8e06b8ef4e307c5d180e7135,2017-07-15
03e99d63b25fc441524d77bda33ab136,db157e43885bae83e589dff79ed78d87,delivered,2017-09-02 10:36:02,2017-09-02 10:50:17,2017-09-04 20:45:55,2017-09-12 22:32:44,2017-09-29,52da369489ce73cfcfce100675196aaf,2017-09-02
acadc00c2b280644767e83d013d3f47c,f0421b00c0b2d8c5b87222c9b430eddb,delivered,2018-01-12 23:10:11,2018-01-13 00:07:17,2018-01-17 18:03:09,2018-02-05 16:18:08,2018-02-21,87a34c896064556e0b26c3f9584bd1e7,2018-01-12
4a8f891261e65e3492bec04649cbaf57,bfeae3a6ba2dd0e5ae0a6271f8b0355e,delivered,2018-05-08 12:06:54,2018-05-10 03:09:52,2018-05-10 15:28:00,2018-05-14 16:21:58,2018-05-29,0673f745328ddafefaecec22ad5d4c84,2018-05-08
1336f606c90f42fa3302dcff60ea0164,ca6d2d41a751a2d03f9864958b89e448,delivered,2018-04-12 09:32:11,2018-04-14 02:13:35,2018-04-17 16:52:42,2018-04-27 00:26:30,2018-05-02,5534020cbae3531951434df7fb1786e7,2018-04-12
824abb0e495f59750ecceff64e86459c,4621a8ca6e0258e9915ec96048cd8530,delivered,2017-11-10 12:37:39,2017-11-10 12:47:15,2017-11-14 14:06:35,2017-11-16 23:12:19,2017-12-11,7c763d069eb3926fc65593030d5c99a3,2017-11-10
9bd5312d12f48b04a460f702baff3d8c,4d145fd1d3245cbb3697dd41b4bcf19b,canceled,2016-10-06 20:43:30,,,,2016-11-16,fa57a93088b5154400f24bee58fdf772,2016-10-06
fccfd7d65e6d0ffd540eebaf81c2a29b,68c31b12f27434b3b34df858064dd050,delivered,2017-09-18 22:55:10,2017-09-18 23:05:15,2017-09-21 13:28:02,2017-09-28 18:51:49,2017-10-17,7d31f8ad4005d4f7c0e91172b40dfac0,2017-09-18
de088e6f998f5de89b21882cd761baea,15202e50db249d6ac603e8cd4f0f7d32,delivered,2017-08-07 20:41:30,2017-08-07 21:23:37,2017-08-09 21:32:50,2017-08-22 18:34:10,2017-08-31,28da9098d5696a038d59a8f3b339308f,2017-08-07
7dd14a0d3250425a092bcd0553dfff96,7b95b3bd6da3eba1efeaa958970e5dfc,delivered,2018-03-26 11:49:51,2018-03-26 12:10:37,2018-03-29 23:10:51,2018-04-12 19:38:40,2018-04-26,bcc647c8b6f39dd9a18aaac23749549c,2018-03-26
5480f040b65927b72574473cce844a76,3ae0ee80becb5e9de195f3cdd8487ebb,delivered,2017-08-30 17:53:35,2017-08-30 18:07:47,2017-08-31 19:32:28,2017-09-11 20:29:52,2017-09-21,6e78e2666b4b338a66581a849a2de1d6,2017-08-30
9a25f8f4708b9143f6583aecb14d9558,c10bfedb98006b4fbd246a0c0517d3cc,delivered,2017-12-11 18:01:05,2017-12-11 18:31:28,2017-12-13 13:26:53,2017-12-20 18:35:17,2018-01-04,1602747068caf924d678df48e2232494,2017-12-11
2f80f814bc64931dfec546e11216cbef,ae38ef6cb160d7a30f766262bb1f87de,delivered,2017-03-01 18:05:25,2017-03-03 02:15:46,2017-04-13 12:47:51,2017-04-13 16:54:01,2017-03-22,bff1bb8008c9efe91e06e8a8c3845379,2017-03-01
2a77486c2acba8e720f37dbcf59da02b,5f7c9cafb2507ad4331d213079528c08,delivered,2018-01-25 12:40:43,2018-01-25 12:59:34,2018-01-25 23:07:40,2018-02-09 21:38:53,2018-02-23,e72f0128ead8af7394aa5fb50f2639ee,2018-01-25
96637aa17954c0d0eb8fdb2571cf7342,f903d45628e30613796b655e228d612e,delivered,2018-02-18 14:21:01,2018-02-18 15:26:47,2018-02-19 18:22:47,2018-02-22 20:58:50,2018-03-23,7358b89fc42f4a8e7b178e52f2300b59,2018-02-18
2560c2a66dfe3341ce8a57a8e268a5c0,d72a1badf2ff0224f537c351bc0fe0be,delivered,2018-04-15 22:51:45,2018-04-15 23:10:00,2018-04-23 23:45:00,2018-04-24 16:04:58,2018-04-27,893fa3290bd7ac6e51d37553aad4dc68,2018-04-15
bc1b17c4df3e09a8dd95e9db2ddd1772,0632cb63610a5d7d5da9a4fb595dd101,delivered,2018-06-13 15:41:12,2018-06-13 16:19:51,2018-06-18 11:55:00,2018-06-25 16:32:29,2018-07-19,df63b769c1d1fdecc40cfc343cea50c6,2018-06-13
3cbd4333ba67528bd122a8ad17b73821,8f94704bfa222cc9bb083685a9e8e83a,delivered,2017-11-19 21:06:33,2017-11-22 03:26:00,2017-11-23 21:51:36,2017-11-28 21:47:40,2017-12-07,f1468ba3556b19cb648df9c4a8e9a6ea,2017-11-19
c01a11381559251411c136d6a8b1ee48,210b08387f3c6ad661e503e31e713a72,delivered,2017-05-08 17:24:01,2017-05-08 17:35:10,2017-05-09 14:19:21,2017-05-22 09:17:34,2017-06-07,6a1878cd0396230b45a84e2fe8c2492b,2017-05-08
45211f00dfa76aed1c20d6910d973222,903ac1be571f2dc655f9083ffc936ce6,delivered,2017-10-30 15:35:32,2017-10-30 17:31:35,2017-10-31 20:36:37,2017-11-08 17:34:39,2017-11-24,52b1fdfdf380aedf492dd30f91da40f3,2017-10-30
44d079b84edcef02c872e157438940e7,45acbc0c78c9f43f006f7aee4ebf5bb5,delivered,2017-06-15 10:04:31,2017-06-15 10:15:22,2017-06-16 10:39:32,2017-06-23 10:56:55,2017-07-12,cef1d9676dafcd1c21483e3acc8c77ba,2017-06-15
01e84dcdea7f8180214c9cf9f058f0dc,808cfcd5c83849bfb0c7bf25edd97b2b,delivered,2017-10-31 11:10:46,2017-11-02 02:46:27,2017-11-06 18:38:27,2017-11-09 20:09:45,2017-11-17,646c703dd1be852b9cee57b21b4a5a6c,2017-10-31
95962f933dc8f1cffffaf4fed75d2a5f,6b5d57455338ea24dab031125c3ef1ce,delivered,2017-12-11 13:46:57,2017-12-11 13:58:42,2017-12-11 23:41:41,2017-12-21 22:16:46,2018-01-04,0fb6d4d58f946baa004b32246805b5c9,2017-12-11
fdcfac31e5f5d7565dd18cf903696ece,2d7b04120ef4ed7a3903b6c54dfd6c7a,delivered,2018-04-15 04:30:11,2018-04-15 04:52:26,2018-04-17 22:35:47,2018-04-24 21:52:39,2018-05-09,b5599205c271f90250763ecfa88b4b21,2018-04-15
e4d06000ac16498e7b6b7614cf7a4b09,1a60a8db259932e22cdc14ac1cc25df0,delivered,2017-07-19 11:37:33,2017-07-19 11:50:24,2017-07-21 17:17:22,2017-07-27 22:12:27,2017-08-14,c76f547a793785af9f76adf03f70fc44,2017-07-19
b1b6c6679301e883c54342f1610a5360,16b44956cca18a175a2cab5956fea5d5,delivered,2018-01-27 19:08:43,2018-01-27 19:19:42,2018-02-15 04:26:38,2018-02-23 19:43:08,2018-03-12,83cc20f499bd28eb1a6a942d168ae275,2018-01-27
d1115d0ed9dd324d055881a93441ee7e,878c7c46a4ed1541fc57e28a26d4d1e2,delivered,2017-11-24 20:02:43,2017-11-24 23:15:00,2017-12-04 16:08:48,2017-12-16 17:51:23,2017-12-20,1379aec5b0053aee83a5322092c413be,2017-11-24
5d38e21bcfe6ead5e9e882d4f8c828b1,77288bb8fa44aa8f566bee266398f2ef,delivered,2018-05-29 17:31:32,2018-05-29 17:57:21,2018-05-30 17:32:00,2018-06-01 19:42:35,2018-06-21,d185252d516169e29b64740f9dfaa8a9,2018-05-29
8855d9953624485990826e20fc9fc2e1,327833ddd43a3952b221f5b766739851,delivered,2018-07-28 17:55:27,2018-07-31 03:50:29,2018-07-31 12:58:00,2018-08-03 21:36:50,2018-08-20,08d7e52bf78f5fa7e4a0fc47d7c4f9a4,2018-07-28
f961f6ff8dc846665af87a48ff57069c,830ae12e8094f25ccbcac7f66c713ab8,delivered,2017-12-05 13:17:30,2017-12-05 13:30:45,2017-12-06 20:12:57,2017-12-14 02:33:23,2017-12-21,58ef66208225145b718a2c28869ead2e,2017-12-05
4b5f8550e687d71b64917312c8574b4b,a172fff2eeeec9bce6fd35f572e3c6c0,delivered,2017-09-20 15:37:43,2017-09-20 15:50:57,2017-09-21 21:10:40,2017-09-22 15:57:26,2017-10-05,c7949a6277c97b60304962a7c5409a0d,2017-09-20
1c946a77dee2c18c44a0a63296f128a5,5d25ae663725ff1ead4d0f72da228aa5,delivered,2018-06-16 20:14:00,2018-06-19 03:57:07,2018-06-21 14:42:00,2018-06-30 10:18:36,2018-07-17,815e951e0c7428149f938451582c7bae,2018-06-16
fc47141e198b2f83882cef0cbbea6886,1e3a55090ca74ba9eb7030a2d7994569,delivered,2018-05-30 23:59:35,2018-05-31 00:16:46,2018-06-06 14:03:00,2018-06-13 17:41:33,2018-06-26,7041adb612e851a1f988e9c426e1a97b,2018-05-30
3579ad4440247fd01709d8583ae2c137,0c2350ac90a7c2d4a6f04bf7fa330125,shipped,2017-11-30 10:31:05,2017-11-30 11:02:21,2017-12-04 21:22:06,,2017-12-26,c11b245955c65400b8302d44954906ed,2017-11-30
2fe02e6dc8bbbc397f61ba774414fa2b,ce58da87cd57a008be247552d15bbad8,delivered,2017-09-08 20:30:15,2017-09-08 20:45:08,2017-09-12 15:36:54,2017-09-20 17:17:59,2017-10-03,1d42b9fcf0862053d660cd42b54dc155,2017-09-08
82171257a2cb92f1a042bbca64864a08,1f8ba8b0f133a1c149229baa78d0ec49,delivered,2018-02-28 12:33:09,2018-02-28 12:48:37,2018-03-03 16:56:55,2018-03-16 15:19:34,2018-03-29,b76fa65d01d7c65222cae9a5a97595fd,2018-02-28
2a7c74e0d94688e2a05240e3831ebb84,67ff305632dc87a289e2622e79b8e314,delivered,2017-10-23 15:16:58,2017-10-23 15:28:25,2017-10-26 19:35:10,2017-10-31 22:23:42,2017-11-16,5ff44baa610a4b9c52d442bcfb6d8863,2017-10-23
1d7a6b5b87fcf498f7748f4790faa745,a6889c3ee5e603ff3fe0a580721e2a97,delivered,2017-12-05 10:27:20,2017-12-05 11:05:34,2017-12-07 18:58:47,2018-01-03 13:09:22,2018-01-08,7a4591dcf645dd250996956667f6b160,2017-12-05
0803296b40e2392a6d35771832ca1d7a,8305f05c711e3b117730f542d8d6deb5,delivered,2017-03-09 10:36:58,2017-03-09 10:36:58,2017-03-10 10:09:39,2017-03-24 17:26:58,2017-03-31,42c48734de8c368e46b2c1f21101148e,2017-03-09
e2b56835030c81195a5f1d65a17a2c1f,f2ee282dfaf98e24c28fa41c2a7f28d3,delivered,2017-01-28 14:18:45,2017-01-31 04:32:47,2017-01-31 13:54:37,2017-03-03 13:05:15,2017-03-22,36c609d445f089d31d4f0d39a93db684,2017-01-28
eaa3f732b5a4f293f5063246bd5dd67e,34ec582035f4cb42bea43bfa1335c204,delivered,2018-08-21 12:01:19,2018-08-21 12:10:35,2018-08-22 14:51:00,2018-08-24 20:08:46,2018-09-06,8cf85514c748be75d35ace9a4cbc5c7f,2018-08-21
38abfeb6bcb069a97c3d5e8100f94715,ce0914328932472d11605cd48a1a99ea,delivered,2018-07-16 10:22:16,2018-07-16 16:30:53,2018-07-20 14:43:00,2018-07-25 19:18:22,2018-08-09,00e130c15fdc51673742f622aa7eb63c,2018-07-16
3ebcfe0e628a860eb240b63084495439,9737559a7914a851aa3edce6312afdc1,delivered,2018-07-13 20:12:46,2018-07-17 04:32:18,2018-07-17 11:42:00,2018-07-20 22:43:36,2018-07-27,445642b02794d88371dc24b5cd446f91,2018-07-13
0d4a3f1765974c4b0f1f07bb6ce1bda3,9718ea5126caa70bc31533a0e17f95be,delivered,2018-04-26 09:49:05,2018-04-26 16:10:50,2018-04-27 15:04:00,2018-05-01 00:42:29,2018-05-11,27d8c25e451916e60d7935b78ee84b3b,2018-04-26
6e19c0ff384b7d4685333ee0a9342f21,6ea4abbec741ef9f6bb96b8838e2945f,delivered,2017-10-28 16:55:50,2017-10-28 17:43:06,2017-10-30 15:43:55,2017-11-07 19:14:56,2017-11-23,339b5850047c971c8a948d8ec252551e,2017-10-28
ae7a6fcae37c4fd96e077ee1fde4d819,b38d194bab9cd3c2d826174c0fcb0b18,delivered,2017-07-14 14:30:55,2017-07-15 03:35:20,2017-07-26 03:17:56,2017-08-03 19:35:47,2017-08-11,5a7d5a787e29740d5655145a9aa59f70,2017-07-14
50bf77081d0fdd2e57dcff0acf8fefeb,6517a4169cc7d2d3023f15f279690686,delivered,2018-02-23 18:18:29,2018-02-23 18:30:41,2018-02-26 18:13:40,2018-03-09 00:18:29,2018-03-19,e88b14e28d506b282a9a54db6e999ff0,2018-02-23
fb18685c951665e941f2a327f25a2976,f51d026d5d87ee1bc3bd4bf666055674,delivered,2017-08-08 22:39:06,2017-08-10 03:15:52,2017-08-11 15:56:00,2017-08-18 21:33:08,2017-08-30,75a78c7bdba419976e9e26166045c004,2017-08-08
c7f9a63be296b2be1bb5ad47c7d61dd2,7a7b07ccd2c458632d0b5fa19c5d0d94,delivered,2018-05-12 12:18:52,2018-05-12 12:34:17,2018-05-14 14:26:00,2018-05-17 16:57:56,2018-05-30,452b1e9804b91f0291d87f81a595e4b3,2018-05-12
2c049735a0947b4e13924963336e5b3c,fd6f61091eaa73b3f00aadc3e396c306,delivered,2017-11-25 13:55:57,2017-11-25 14:16:42,2017-11-28 00:48:23,2017-12-06 17:13:05,2017-12-18,cf46a2e9019dd5c247afb82c68c7e28c,2017-11-25
453637208a3014cd3d936c57865c0f53,7c55afb8e947ecdf41349e7eba5469fb,delivered,2018-05-15 21:45:58,2018-05-15 21:55:24,2018-05-16 06:34:00,2018-05-21 18:09:44,2018-06-01,9000f76edfa3f6bda50e6ec2d3cf0b1f,2018-05-15
1cee73866d7513dbc499639d14020ce4,af6b5c7327d3dc4e1c212fa747706713,canceled,2017-07-24 12:52:27,2017-07-24 13:05:20,,,2017-08-14,af8fb50b5c5da2eb745f47e2dc93c0e1,2017-07-24
7dad3e4c9e11293ca4d3722f21378aca,d15003ad70a7b2ab161ce123726d8048,delivered,2018-01-05 12:11:48,2018-01-05 13:47:25,2018-01-05 20:49:03,2018-01-26 18:27:32,2018-02-06,46df035936a01945ecb6227ee2f55215,2018-01-05
7f9e8cb77e9702ff5d15ca7dbca58cc4,f66493b3020e1a19ee2b9cea6765c871,delivered,2017-11-07 20:10:36,2017-11-07 20:26:17,2017-11-08 17:11:20,2017-11-13 17:49:18,2017-11-29,041b7e4ea440a4636a6c77ca8397128c,2017-11-07
23d00a56e9a6088d2263041613defe1a,d0f4990e0c61ef713a886046f56ff6f8,delivered,2018-01-29 14:38:46,2018-01-29 14:55:28,2018-01-30 17:36:56,2018-02-26 19:23:22,2018-02-21,272ae7c68e598bbcf51adb585c1d01d6,2018-01-29
73b3f1016ed8574c8260d57ac56522ee,015d22bc2ece484d2ec7a18dca4bfd66,delivered,2018-03-12 23:16:20,2018-03-14 02:50:58,2018-03-14 23:21:15,2018-03-19 22:34:49,2018-03-29,33e70bd20cd3b69d8291b372cf022ea2,2018-03-12
44f9bb85e9dfb3f106dd017fbd8b8006,213133b1f3d6d32a0380333e4ff1102c,delivered,2018-04-20 22:20:00,2018-04-24 18:10:37,2018-04-23 20:08:23,2018-05-01 16:02:34,2018-06-01,7ffb203f52eca80e4b0c77a6b7cd38f3,2018-04-20
6a5743b4fba3fe11bd82fb9a759f703d,5b50a17129a0fbaa9501a3ff84bca338,canceled,2017-10-05 11:39:07,2017-10-06 02:07:18,,,2017-11-07,c625bccb0f1705abe12c83449b934bad,2017-10-05
2ba82c07689c3a256a124747f1289937,e348da1d14e23c916f2515e3921e4501,delivered,2017-10-24 18:32:24,2017-10-24 18:49:59,2017-10-26 17:33:43,2017-10-27 18:30:08,2017-11-06,8c5eefe95d70cf1282f2e47f209d50fa,2017-10-24
cf5e87e100797719b34cfb5855313b85,8928256d81a0cfd9f31f2def440f2f7e,delivered,2018-06-11 11:16:38,2018-06-11 11:40:10,2018-06-11 14:15:00,2018-06-20 20:07:31,2018-07-16,1b4b9046d53507f128e098e88169d1e3,2018-06-11
6a146f011803fde4127315fd933cc48a,e25a9348be62d74fb83085a98eca5e25,delivered,2017-05-16 16:14:09,2017-05-16 16:25:21,2017-05-17 12:06:07,2017-05-22 14:46:40,2017-06-07,f84a99a71347da8c4956f56a987211ba,2017-05-16
a190e742e89ce74773221a6d4cba6f10,bfdd83e144a491776d882b2743b93704,canceled,2017-03-25 05:12:19,2017-03-25 06:25:10,,,2017-05-05,75313f5c563454af28ad2467c0cc47b9,2017-03-25
97f2d3fa09c8f66f8d26e81695161515,29706dd8a6c7fd616521a0d9611316a6,delivered,2018-06-05 16:55:20,2018-06-05 17:15:23,2018-06-12 14:39:00,2018-06-15 13:28:42,2018-07-17,1c7ae978da969177abfeea258abd8cbc,2018-06-05
a36b30ffa314719ec4905208a46387cb,9b505de3fb7c438e77f1a1bf5cc17678,delivered,2018-01-15 09:56:10,2018-01-16 07:09:59,2018-01-16 16:39:12,2018-01-29 12:14:58,2018-02-23,c0d5a5204d16b451af87304f5fa6da60,2018-01-15
186bf8bd19e28345e618ad39706928bd,12fc379ba141a5881d614399dfaa214a,delivered,2018-06-17 10:38:59,2018-06-17 11:00:57,2018-06-18 14:19:00,2018-06-25 20:42:10,2018-08-02,b41219e27b06fa15f910c4442b1457a8,2018-06-17
ff8bdeef9673478654432c723a74309b,85d3b8bc192815c053a302118e117d92,delivered,2018-02-21 08:47:48,2018-02-21 11:59:37,2018-02-22 20:08:48,2018-03-05 13:13:59,2018-03-13,6fc65fe658e048a790cc354ef865ce3f,2018-02-21
35a23162541ebaf7dafa1a7f30cfc9ee,6a381a27ed2ee89da9e87283aeed6387,delivered,2017-07-31 19:51:48,2017-07-31 20:10:12,2017-08-01 18:22:17,2017-08-02 16:25:42,2017-08-11,1e1eb1db601c9808121752d0d751bd34,2017-07-31
d9bde3a634ec04252eceffc6bef25ee0,b08f0b7d2087f0649c16b1215d467d81,unavailable,2017-02-16 17:46:10,2017-02-16 18:03:27,,,2017-03-21,bd0e071c4b6cf2a2e8a386923dce973e,2017-02-16
3525e0e57f9d276d522d570bd46cb39c,780a6f1f890da521b37306aa08a6c4ea,delivered,2017-08-28 20:24:53,2017-08-28 20:44:58,2017-08-29 20:37:45,2017-08-30 16:17:59,2017-09-08,74cb1ad7e6d5674325c1f99b5ea30d82,2017-08-28
eb3042b24ee09562fc9367cd1c24947c,c84260b7f095d358bf8725ea674e334b,delivered,2018-02-07 15:15:13,2018-02-07 15:30:09,2018-02-08 17:44:12,2018-02-21 16:11:57,2018-03-14,7d1896f17c7534a97baf63bc24855d71,2018-02-07
acf46500e7a3027d1314833501c92fe1,19e8f4d4466c9f0a4b63bf4d4e64c49f,delivered,2018-02-06 15:52:42,2018-02-06 16:11:49,2018-02-19 13:28:51,2018-03-09 14:31:15,2018-04-09,afd1d935d9e884123a53e967f2a0a282,2018-02-06
bc8866dda1be8cd6c2c25531c5e5a9d1,becbc336d10b4a9302b0b551d5aa35cf,delivered,2018-03-27 16:19:41,2018-03-27 16:30:19,2018-03-28 19:23:30,2018-04-06 23:16:43,2018-04-19,8002e8b4e00d5813d58447b9c916c164,2018-03-27
3f44822628f0c503e75fad73768c844b,daf49c01292933b5775c2432f4798801,delivered,2018-01-25 02:55:10,2018-01-25 03:16:40,2018-01-25 19:19:08,2018-02-02 01:45:36,2018-02-09,c345e370ec852ef4ae9ef751a62b56be,2018-01-25
3c3176ab41411c8dfb63696074915868,5d0529e7825d35f43ac5c524454e5a0c,delivered,2017-12-20 11:47:39,2017-12-20 12:10:44,2017-12-21 22:06:47,2018-01-11 19:58:56,2018-01-19,bc4f1949185e69cfb92f8ed86fc8cf58,2017-12-20
d813035bf048e38cbc188dec25b228c9,7c60c84731b8e58a42689eaab73eda48,delivered,2017-11-25 00:04:49,2017-11-25 03:10:47,2017-11-28 23:18:47,2017-12-20 17:18:23,2017-12-18,61f9b57e50dee129206e099681f0ef03,2017-11-25
0181409c6498f79e161dde79c2a7dc59,55e0503dded8ecd07b56fd84bf06a342,delivered,2018-08-01 15:05:14,2018-08-01 15:40:11,2018-08-03 13:24:00,2018-08-09 20:03:13,2018-08-14,747c1b1b035efbd0ccfc9e704382f6a1,2018-08-01
f2c779d9e158d2f63b66a26883fbedb3,7b0f60c42e336230177a50e06afb66a2,delivered,2018-04-01 17:57:22,2018-04-01 18:10:14,2018-04-05 00:05:21,2018-04-09 21:32:08,2018-04-25,86132fc897dc1f9fdc537d4e34e9adef,2018-04-01
a9686c0571545415d88bd292ad5ea792,badcb16575af12e8b9dffb5ff5ac652f,delivered,2018-01-09 18:30:27,2018-01-12 13:48:58,2018-01-13 02:33:26,2018-01-16 01:24:26,2018-01-26,07956f7094f471deeac069594a73c44c,2018-01-09
76b8ef6b0f6db30a373e60af37961b2f,ac297eac8d48f3561ed2f5f84c439cfc,delivered,2017-07-18 11:11:07,2017-07-20 02:15:44,2017-07-21 19:41:24,2017-07-22 12:11:59,2017-07-31,81865792a5df52436b4e759b4ba21412,2017-07-18
d3458eb6736b9c95163fd28cf79e4769,47635932256cd809207e385adafc9a88,delivered,2018-02-04 23:06:31,2018-02-05 23:10:38,2018-02-07 19:55:00,2018-02-17 14:17:53,2018-03-06,2b5f63958f12a723584fce3902b8a6f8,2018-02-04
82857312ad869f872b950b616dc58273,c8e6468dc0ef9ffaf13b7d8ff21f694c,delivered,2018-07-27 11:33:29,2018-07-27 11:45:10,2018-07-30 16:27:00,2018-08-09 00:15:24,2018-08-29,12c40c03555116b42dbbe7264a597d35,2018-07-27
d8986b24f588127c8c64a974631b0024,14e6336d457dfae4a1c4f1d201c5bc34,delivered,2018-04-06 21:37:43,2018-04-06 21:49:24,2018-04-09 19:52:59,2018-04-11 21:47:48,2018-04-19,d59ea3f130f81b52c7ea9ebc91b3db65,2018-04-06
739e19153280cbc1a87c1a84be1ec4f6,d68fbba69b64a9930c8030189256149b,delivered,2018-02-15 15:45:17,2018-02-15 15:55:51,2018-02-16 23:32:44,2018-05-07 17:22:47,2018-03-02,726a725b5a915ef55f4980e5cc7d250b,2018-02-15
8a027244dea2edca1449d9150e74eb45,44a0d7ad2e2ae7517322fcfb0f51ae48,shipped,2017-01-31 17:57:18,2017-01-31 18:05:26,2017-02-06 08:59:04,,2017-03-07,5c82413b70d65c90e4f9e465c303fc82,2017-01-31
055ad36ee30e9948bbe9baba852913b2,bb39a7d8837917ec378363316589ab88,delivered,2018-03-15 17:50:14,2018-03-15 18:09:40,2018-03-21 22:51:18,2018-03-27 22:56:31,2018-04-06,5c7255bd0431758b1d92ca387145a7fd,2018-03-15
d715d369c36bd59d99abd5ed62940530,7de0835c86a91b038913a48c54d67d4c,delivered,2017-08-16 22:44:46,2017-08-17 00:44:37,2017-08-17 17:03:49,2017-08-22 20:26:53,2017-09-12,c962775fb252a325ae5206df9e9db84d,2017-08-16
4de2e524ad6dfd8abeefa2b8aa37d4f4,7678332c9841a05031112bc423ee10f1,delivered,2018-05-14 15:14:04,2018-05-14 15:33:16,2018-05-15 14:13:00,2018-06-06 16:11:52,2018-07-05,47a9a95731329f6dfd6c8fa99d8cde75,2018-05-14
d6e13d9dbcac0f23c77ddadcf957ce3a,ea613c2701983579d7a26c1ba1d6aa39,delivered,2018-03-21 20:43:26,2018-03-21 20:50:30,2018-03-22 20:02:45,2018-04-04 16:54:34,2018-04-12,6b6ad67b1e1598c2ab506a6a9a68f3cf,2018-03-21
0dab9a07f01db0bee87c3affed50eccd,b140d40f39de3e9108b1b4099ce546cc,delivered,2018-03-09 09:28:30,2018-03-09 10:20:28,2018-03-13 00:08:31,2018-03-16 18:18:39,2018-03-28,0bebdeabb5181c812f78c9783442a36e,2018-03-09
f3e92f44e615fe19fd17a8c517224040,b2c9e4e33013d7ebd1fe68e94efc16d7,delivered,2017-09-10 16:33:49,2017-09-11 16:25:26,2017-09-12 15:39:58,2017-09-18 15:02:57,2017-10-03,41e3c68264f86d0b5e3650e3ed2ff8d9,2017-09-10
4375cac0cfa2a87273ea83c661bdfcca,dadf64b251403ae6f5a9edd7b6fe76d3,delivered,2018-07-31 11:43:33,2018-08-01 14:05:12,2018-08-09 15:24:00,2018-08-17 20:32:22,2018-08-10,36c376ed4b37b55c76d73b4f75086c6d,2018-07-31
5d40262c2593865bc7041b8b6c67ed91,933db4cd5ef861746aa1a6d64b777696,delivered,2018-01-24 12:05:17,2018-01-24 15:08:01,2018-01-25 19:15:21,2018-01-29 19:58:59,2018-02-16,e6734ca431496b33539fdb3023997dd6,2018-01-24
63bfa2fa974302f74839f89adc439305,ac4fae9ec5c19c64ddb7247212927864,delivered,2018-02-06 09:34:21,2018-02-06 09:50:07,2018-02-07 11:18:50,2018-02-23 23:57:07,2018-03-06,7370a0c1920f4a92e1f09463099e9b42,2018-02-06
ee07e83c0d2cc891e7ff4f5472475ffc,5827bcd580d9c0a637c3482454a6d0cf,delivered,2018-05-15 15:10:39,2018-05-16 03:15:01,2018-05-17 09:54:00,2018-06-01 19:07:50,2018-06-04,13b24f56b9674e5e23114942befa7c1f,2018-05-15
8ea33c8a1daf30c76ff35b6574d8fe63,bb2f3dc7e92dac1fa88135b0447c52f6,delivered,2018-01-09 15:42:18,2018-01-09 15:54:33,2018-01-10 19:28:29,2018-01-25 17:57:10,2018-02-08,c4b58ddee855a56757356bf746f41d31,2018-01-09
0bf144db6ca7ef970a25b6a720947622,964b34423c822e9bd9831635ccc83db2,delivered,2018-05-29 16:36:26,2018-05-29 16:51:39,2018-05-30 14:55:00,2018-06-12 16:18:30,2018-07-19,e49eafd7e69d43b8d86f6b5590fafd02,2018-05-29
3993ec583d077dd338c870d8b1f8d213,0c48ca9e62f5ce6d270c3740c5f48cda,delivered,2018-04-03 21:07:26,2018-04-03 21:28:22,2018-04-04 23:40:31,2018-04-06 23:57:37,2018-04-13,0915709aba5b9fea574a1347b513803b,2018-04-03
66c3589804f5f5a67eb867cd5717a537,cb3dbfb1083ec9e912a7a1a359f2f30e,delivered,2017-07-03 14:38:38,2017-07-03 14:50:20,2017-07-04 14:22:03,2017-07-10 21:34:53,2017-07-25,cab65bb0e4a953094c0a29d69bcb53de,2017-07-03
f8255f2c9dfe786bd8418b4a121bb914,ee7a0ffbe8af7beb6d296f08e75b34dd,delivered,2018-01-09 22:17:28,2018-01-12 22:30:26,2018-01-16 23:26:28,2018-01-17 12:23:00,2018-01-29,f3bed344a908c5423cc382d893b14e2e,2018-01-09
9b95a53cadb5a007d0928bd00265ea08,5686c502f1da3eb97a6b7624efcbee25,delivered,2018-02-27 16:35:46,2018-02-28 09:29:26,2018-03-05 22:43:01,2018-04-05 20:29:39,2018-03-29,f7418da0b5217827ec706c9c0cd8a886,2018-02-27
82eba8671de9a5c76c7f3edfcd993955,b271ea3ef36d51fd166de2229cd996ed,delivered,2018-01-08 19:55:12,2018-01-10 10:32:28,2018-01-10 19:23:48,2018-01-22 16:42:31,2018-02-14,1d14f81e092b9105f4c2dada6c52a530,2018-01-08
0094d4660e323945f84f5c29eb348aae,b2381a85f8237639da2719cd5981b007,delivered,2018-01-24 22:05:42,2018-01-24 22:14:25,2018-01-25 18:22:43,2018-02-05 16:04:17,2018-02-23,576a1f3bd1b073f5a84b23075a37b90e,2018-01-24
10d8aba5bb573732e70c33750c88790d,e312fbc885013d51ef2a9e03f4946306,delivered,2018-02-14 21:12:40,2018-02-19 11:50:55,2018-03-03 00:39:39,2018-03-13 20:03:41,2018-04-03,4a97f56b71cae19d77d1678d9ee5b577,2018-02-14
f39bb68c8abbb3419ca5cb047c27d3bb,b2f6af7a0af5d04c4f852116d6ff5d99,delivered,2018-01-04 15:14:51,2018-01-04 15:27:21,2018-01-05 17:23:21,2018-01-24 21:03:11,2018-02-02,e17e26d3b445ddcb3831da1fc9df3ed7,2018-01-04
69e9045bc98231a8e6e85723d88a9833,4622dd3775c03fcbaa3d4050ab4b0343,delivered,2018-08-15 00:26:03,2018-08-15 00:44:10,2018-08-15 11:55:00,2018-08-27 21:22:58,2018-09-17,9414b67cf7f338e04d81f867351fd11c,2018-08-15
3c3ca08854ca922fe8e9cedfd6841c8a,88c36fbd3df96094f90f0315e1d2dd90,unavailable,2016-10-08 12:13:38,2016-10-08 13:21:35,,,2016-11-30,e629cd3ff381ad0a234016fa7dd76f46,2016-10-08
ca9e38465ee744b1f2f686ee2682b158,92b470f48f1dc2cd557b6bdb7c74160b,delivered,2017-12-09 12:58:29,2017-12-09 13:30:51,2017-12-11 15:23:04,2017-12-19 17:33:32,2018-01-04,d8bcceb978bb850ebfdaeaccbca29b79,2017-12-09
8f21638fa75afaac7bd3062113867201,bf712ab6c95d7b52d58d6cd38dab17e3,delivered,2018-05-13 22:25:20,2018-05-13 22:35:22,2018-05-14 13:44:00,2018-05-18 20:58:48,2018-06-01,ff954519e2c82aa365ccf6f30fb0c259,2018-05-13
25c2eab805f9b909edeed8b42bd4a0dc,ff319a4ce17236c6a104237b7970f479,delivered,2018-06-20 15:49:02,2018-06-21 03:38:35,2018-06-22 12:48:00,2018-07-06 18:11:02,2018-07-27,bce3d9fbc3118cf5c815df937164e337,2018-06-20
d88a225d12c6ae71beab5cfa2e6e0b24,2a11d48d4cb690ef0aadeff37d522201,delivered,2018-07-28 23:06:54,2018-07-28 23:24:13,2018-07-30 11:28:00,2018-07-31 16:21:50,2018-08-03,ca8121582de394eafe3a30ca1866557b,2018-07-28
415d3ba51a2cf1ed6c5b722c94f9c4a2,37b6959fcd4fb9fbb65bc225f914d710,delivered,2018-04-04 10:56:06,2018-04-04 11:09:56,2018-04-06 22:08:21,2018-04-12 15:22:55,2018-04-26,6e188d726c9fdde62cfc861bc7ce5e18,2018-04-04
70e2326f6a9a2355015239e7c9243524,92e3884d3ddba44337458d280298fbb7,delivered,2018-03-08 10:15:53,2018-03-08 10:30:34,2018-03-10 01:22:22,2018-03-21 00:38:52,2018-04-02,d32d543f196fc61fd98683a3ca5778e9,2018-03-08
3dc511a6a370f41fa09b3fda8cb43185,563c9edb84368a0b4549c5fe109ea12b,delivered,2017-05-09 10:56:49,2017-05-10 11:02:36,2017-05-12 14:24:51,2017-05-16 15:20:37,2017-05-25,c828fe6a294e7fc4aff1453ff182e70c,2017-05-09
46805b9f1abaf7cefb3f2f99b40651f1,620c8fa2ca0e1e911caa7be15c394854,delivered,2018-05-18 17:30:41,2018-05-18 17:55:33,2018-05-22 06:15:00,2018-05-25 22:26:26,2018-06-06,617c6920a1da81840bd9e2992fd35ff6,2018-05-18
89d0d767b2ae9218a978c6b9178d6dda,f43a7965a53bb429e61adf64e43df9b3,delivered,2018-07-20 10:12:58,2018-07-21 03:10:19,2018-07-23 16:28:00,2018-07-27 16:58:49,2018-08-17,d07326d62abf76e05173deb21e7ffd2d,2018-07-20
6066a9bffba977ef146cf6f56ce9bd5b,393810522bb0c8b9f4d64845cba11e7c,delivered,2017-12-18 19:58:36,2017-12-20 16:10:41,2018-01-26 20:32:12,2018-02-05 20:58:26,2018-01-23,dcbb6d432605b9f93bd9209c290b800a,2017-12-18
666ecb70d41cfad51e40ba2aa0b60f1e,26adf926f98621938dc6fa94af24bd4d,delivered,2017-03-31 16:07:18,2017-04-04 05:55:21,2017-04-06 12:05:56,2017-04-12 17:49:43,2017-04-20,9c89a3ac8a99c9c3e9bb862054a039e1,2017-03-31
33601176ba1e6413735c8bfbb6212d58,7fc4245909ec68ef92a4292736e40a4d,delivered,2018-03-05 13:26:14,2018-03-05 13:35:44,2018-03-07 19:53:30,2018-03-14 21:03:59,2018-04-10,7e1cad5a1f99978e2430d6e442156468,2018-03-05
9170baeaa1c087cd62fdbd4a653ac556,3e3b46e6c6074648d383eb1024aaab91,delivered,2018-01-17 17:58:48,2018-01-17 18:11:21,2018-01-19 00:16:28,2018-02-02 00:27:52,2018-02-14,8d24aeaaee9616135ff4b7f8d66b1acb,2018-01-17
2b8c473cd98db15a4dba491449cba4ea,6f42eb897cf003ae9f1fcf351a0890a3,delivered,2018-01-14 04:12:11,2018-01-14 04:29:01,2018-01-15 23:22:48,2018-01-22 20:51:51,2018-02-08,f15f47763facd3d98197bd15e7ce595d,2018-01-14
dc20710a4582a12ed1eb1504bd916272,5b4650bd59b6448a8c97c16df472c6e2,delivered,2018-04-02 16:32:05,2018-04-02 16:53:02,2018-04-03 19:30:55,2018-04-06 20:32:16,2018-04-18,928c4a731accb535e97f15703d78718c,2018-04-02
5f476a80b69ebf2744c36c282812abd5,9d2ac55f79eb6e680f3ebbd5c6f47b9c,delivered,2018-01-24 18:05:14,2018-01-24 18:31:58,2018-01-31 17:48:56,2018-02-05 19:26:45,2018-02-09,2c3315bf85685cb0ef5c90510473cdae,2018-01-24
d27e244ebc24f5dccc83996e2ba9abdd,6608a051ed8bb2a7d20e11032af0ae5a,delivered,2017-10-09 20:14:46,2017-10-09 20:28:37,2017-10-11 21:41:27,2017-10-19 21:26:25,2017-10-26,39222adaf3afa52f9d914fd23aa9096e,2017-10-09
cc69d0cbc95281b9e751fe0f694ecd7d,94507d453b349656ca0d44a4b4ee0bee,delivered,2017-10-23 19:22:56,2017-10-23 19:35:16,2017-10-24 21:12:49,2017-11-03 14:43:00,2017-11-10,53109fba069dae102c517a6ba9aad9a6,2017-10-23
269bbdf003d4126d5687fbaf9542813d,e25c42203e27abf33139b1caa9ba1990,delivered,2017-12-21 22:26:26,2017-12-21 22:38:32,2017-12-22 18:53:06,2017-12-30 09:46:25,2018-01-11,6539859a471f303b2528282446111d88,2017-12-21
7572fe7b30751ace9cc7e99b5f3dfe2f,da7dc15b6dc174ec1ec6949c73dcae60,delivered,2018-03-06 22:41:47,2018-03-08 02:15:41,2018-03-08 18:51:18,2018-03-28 22:05:45,2018-04-02,d60e1050502356d7ddd0ff009257d415,2018-03-06
79617f3124fcf7a760316d99421bd30f,20c75fffe6b40dbb0972b96951be2c4a,processing,2018-01-11 11:45:10,2018-01-13 04:55:06,,,2018-02-06,743c1d6d376c4b17b364149592f739d7,2018-01-11
f0ea1a5c37278e95cbd4d8684c999341,bd8169f755cde48a9af07b31e2649535,delivered,2018-02-26 14:25:25,2018-02-27 04:31:01,2018-02-28 01:45:21,2018-03-22 18:48:45,2018-03-20,f67b776d55b499ecced2eb7dc07f9f75,2018-02-26
731739da258b5bf19d913f4c7dc53a3f,38e2dbe5056622691a88ae5de4e21b99,delivered,2018-05-14 09:19:19,2018-05-16 03:14:48,2018-06-04 08:52:00,2018-06-16 01:22:34,2018-06-13,68d5ca3060848f1b0171d97268b7b830,2018-05-14
1b00085d9491b54da228042e4a5bd26a,6e407e29c113a47cfbe2fb594111c942,delivered,2018-05-31 19:55:38,2018-06-02 03:31:50,2018-06-04 07:19:00,2018-06-13 21:22:03,2018-07-05,543e5f38034b1a64725784911ee2dbe8,2018-05-31
92f4f749aa508d58dee50d9ccdb6c9dd,5daf8a84ec87f4988b337626369c4dba,delivered,2018-07-15 07:33:32,2018-07-15 07:45:08,2018-07-16 14:55:00,2018-07-24 21:36:46,2018-08-06,c02250fc9f9a3ef97113f4cc1da3a89d,2018-07-15
f039d9e86fb732c181b3ab58957e9b70,2bbb9590503bace9c39a2d9df377d06a,delivered,2017-07-31 18:20:01,2017-07-31 18:30:24,2017-08-01 17:17:31,2017-08-03 13:37:58,2017-08-11,0772c2acd7aaa2b171bd7a87fae1af6d,2017-07-31
89213fd88487a78eb20c786df6abc9fa,46a4ac4dcaf4f17c44f5d7c5a5afaf86,delivered,2018-01-16 18:56:38,2018-01-18 02:11:33,2018-01-19 21:08:15,2018-01-22 18:56:40,2018-02-09,ae8ba97274b08fe1156b1d5d3ad32983,2018-01-16
2833a586d04517b0c18e17c24ae684c3,ef6b9ad0f75a3e32cd2f21dc4c520de2,delivered,2018-08-11 13:48:30,2018-08-11 14:04:21,2018-08-15 13:50:00,2018-08-23 18:03:00,2018-09-11,79a515575bfb55b9ab59c9595df5cf8b,2018-08-11
8cf61a0f8eed49e1728caab2510e796d,936eec24610ffb239dfdef99c2411122,delivered,2017-10-11 00:28:36,2017-10-11 01:04:18,2017-10-13 13:41:27,2017-10-20 14:18:45,2017-11-03,507867d3d755ceb1ddf5dac3932b23cc,2017-10-11
9bcc43446a687456408f7c92cf486f48,1b4fbf469a7ab0237b99420da733202e,delivered,2018-01-09 18:17:46,2018-01-10 10:32:27,2018-01-10 20:18:33,2018-01-24 18:44:26,2018-02-02,01e4cddc3a56ea6684510cf09f4d0411,2018-01-09
63c0020ee1a88750c12f6632247b323b,f150c44e74986cdab66be9df3536442c,delivered,2017-08-16 15:50:30,2017-08-16 16:50:32,2017-08-18 16:55:46,2017-08-22 18:13:31,2017-08-31,63fe1f56eabeca9c62845459158c8c5a,2017-08-16
64b1b04fd2e730b9a1343c10ec097c05,7db55470327638be17a6dd458740758a,delivered,2018-06-18 11:21:44,2018-06-18 12:18:58,2018-06-19 14:25:00,2018-06-20 22:22:21,2018-06-28,384e78e7415eb6102b9fb2ac02bc02a1,2018-06-18
c7ba15ecd1fd8d61a97c320e8d28f41d,c4d487c947c5ad7ea920219a141c75ce,delivered,2018-06-04 12:17:30,2018-06-04 12:31:16,2018-06-05 12:09:00,2018-06-11 21:53:36,2018-07-05,1a4776fd1e8c769d9a0a7b0e74d2564b,2018-06-04
763267a38e350372137bca040ef8cf66,70b61c3475990997e7c37c16c9fae89a,delivered,2018-06-20 00:46:19,2018-06-20 01:59:00,2018-06-21 12:17:00,2018-06-22 19:56:47,2018-07-05,4c05c9047ca20a39f7f42e75d3094d69,2018-06-20
ba2e16aeb4e0a8e7f3d8eaf0ed7589e2,ddfe6fa346e2662d9327d02b663e7a98,delivered,2018-01-24 13:08:48,2018-01-27 02:41:25,2018-01-30 14:25:03,2018-02-23 01:08:50,2018-03-16,9b40df00b55151680dd60cf0a1c7ff51,2018-01-24
305c62b54948504b5a6774e13eaec4e2,393aae05549738ac7aaf9eea48768622,delivered,2018-08-20 17:41:14,2018-08-21 04:29:32,2018-08-21 13:07:00,2018-08-27 18:08:55,2018-09-13,ed61830f49acb8f6926d5bfad923fc57,2018-08-20
86c823711fbd24d6bbbf77db7f93bcea,dc109143a854eee7071a9b8f222ae38d,delivered,2018-04-25 08:41:26,2018-04-25 08:52:09,2018-04-25 19:05:00,2018-04-30 17:22:39,2018-05-14,6dac31e4416c33f03a0d3069f7bc0c4c,2018-04-25
957ae16eb95929758c00d37bb8169b6d,3050b0a7a0f1de5eed8db1c7d211cb13,delivered,2018-02-25 17:55:26,2018-02-25 18:10:19,2018-02-26 19:41:57,2018-03-01 21:37:00,2018-03-16,1cd02a0083eb89fe0755ce78c026de28,2018-02-25
f2120851611e040d268c3be41ac51228,4428f44a71d4ed03fdaa62d4ed852f12,delivered,2017-09-14 19:23:28,2017-09-14 19:44:16,2017-09-15 17:18:59,2017-09-18 18:08:10,2017-09-26,3aaafeb4d8f3e1c48c172b1894f711c8,2017-09-14
6deb7a78bc1450778b8dd23455fd883e,97e2d4f46c1eedca1005f8a981f906fc,delivered,2017-07-11 21:39:21,2017-07-11 22:10:18,2017-07-12 15:17:35,2017-07-19 19:15:36,2017-08-02,8483bc5a480ea8769823bd5e723afef6,2017-07-11
79da07eae09f99db2aae509b6837bd28,4fa0515be30be843039b8c064e3e8cb3,delivered,2017-12-04 16:06:52,2017-12-05 04:18:29,2017-12-05 19:46:38,2017-12-07 15:58:53,2017-12-20,a9411bb77ab13d6e4bf09d0365f0dd7f,2017-12-04
4c05288ce87fd35acbaa04fec7070339,0a939b926ba6773c282fbce261082f9b,delivered,2017-12-01 13:45:09,2017-12-02 02:52:19,2017-12-06 13:07:47,2017-12-19 20:19:11,2018-01-02,e187a4f568431067618a5d9c8f73652a,2017-12-01
4f0695330f3816ef294bf1f4b18f4f2e,a905baa530258422594f1b05615bd225,delivered,2018-03-29 21:28:04,2018-03-29 21:35:20,2018-04-12 23:36:29,2018-05-08 16:52:07,2018-04-23,c80da60feddb7cf8325bd104032e314a,2018-03-29
49578bb8b28dae340b70b481fcca6415,6079f16eab5139a458a54e9ca94b22f0,delivered,2017-06-26 17:26:02,2017-06-26 17:43:16,2017-06-27 14:25:47,2017-07-06 17:09:50,2017-07-18,73b4c987cb1f7a278751f2d1f60d4305,2017-06-26
dd5e372b1df85452baaadbf338672c6e,a634dbbdcb46370674b7513811bb56db,delivered,2017-05-22 08:38:31,2017-05-23 06:35:14,2017-05-24 12:14:24,2017-06-12 10:57:34,2017-06-27,933c39b91054168880e0c148bb686dbe,2017-05-22
2aa1011e5de2cbb1151cf46e2a6e084a,b250d390781eea6c17b3599c22fb3f67,delivered,2018-02-01 21:22:59,2018-02-01 21:35:24,2018-02-02 20:42:54,2018-02-05 20:46:51,2018-02-19,18a4aad0c366c90f1486e4f8abb98d77,2018-02-01
736414f61ce49a5c19e5b4700fa96d92,c1bbbca099a49008eae79eda6018bf80,delivered,2018-06-08 22:55:30,2018-06-08 23:13:59,2018-06-13 12:37:00,2018-06-14 20:47:24,2018-06-20,c4370879aebf422c8e6c6083e015fb1f,2018-06-08
c8097c4a079d36884044cd13c0df3452,24de916f5673576a34a53802514a1350,delivered,2018-08-03 09:25:52,2018-08-07 06:05:33,2018-08-08 06:01:00,2018-08-09 17:41:53,2018-08-08,6ca72e10ed21fc12e5be15d7812c7eea,2018-08-03
ccfd8f95a0f8afbd89652a2b414fe82f,069f6d7625c8285eee5bc8ec0718b545,delivered,2017-05-28 18:47:07,2017-05-28 19:02:16,2017-05-29 15:44:51,2017-06-05 15:55:54,2017-06-22,3ec35f267b1d2635a9e7a28752a568ce,2017-05-28
b0c04ea907df18b10625b845cb6ddc10,95c1444daa9e7372d604f64f3ee1a567,delivered,2017-12-05 10:19:57,2017-12-05 11:05:33,2017-12-06 21:53:21,2017-12-28 00:29:04,2018-01-10,b87b4adb59a1927310f7eb20b9b622d8,2017-12-05
789f93d4c1a2b2a5b2341d5609532a6d,2cc0306551b1482603053de8ae5719fc,delivered,2018-06-07 15:30:41,2018-06-07 15:59:54,2018-06-11 07:01:00,2018-06-21 22:19:45,2018-07-20,db29ffc97121074b3434b6c2b8f5bb10,2018-06-07
d5b46fd2be0ba3bf45e214644d17a97e,b5ea26f9ab823a7c6ce7f684dce02b48,delivered,2018-03-19 09:44:19,2018-03-20 03:28:38,2018-03-21 19:56:21,2018-03-22 22:08:58,2018-03-29,23984a33d8788f851566e4b2fe549956,2018-03-19
bcec508472612cae9bd4a21d333da376,3484ac4cd652920526c88e742b747efc,delivered,2017-10-15 22:18:32,2017-10-15 22:28:30,2017-10-20 22:05:49,2017-10-25 22:54:53,2017-11-07,04d19063f4715806f2bbde7b090fb702,2017-10-15
52689df16b83773c1004b27478ffe49c,1977c51e28ceb34090390b2363042d8c,delivered,2018-03-19 13:24:33,2018-03-19 13:35:42,2018-03-20 20:51:29,2018-04-09 16:27:32,2018-04-19,5175532eb0462d3fd296a35cf5e9d217,2018-03-19
c52137e846f3510e2bd54dfb76a006aa,94f363af5500c3c1ae8035e6512fe214,delivered,2017-08-15 15:20:34,2017-08-16 03:30:09,2017-08-16 19:12:24,2017-08-24 20:52:30,2017-09-13,81d8cee937b8801fdd1fb928e3011544,2017-08-15
72bd20539e6d9960af5e49e9c7d70896,2c9796f749bbe5a66e0b9039e83ce6b3,delivered,2018-01-15 14:26:05,2018-01-15 14:33:23,2018-01-19 13:30:39,2018-01-30 16:38:40,2018-02-14,67d36cf9d1809a15d33e6da85a7207b3,2018-01-15
ad716a0d2ae795dfccfb3afc5d40a6e9,ceb4051c6ffa6d84505741c5f96093f0,delivered,2018-07-04 20:46:18,2018-07-05 16:18:56,2018-07-05 13:15:00,2018-07-10 18:38:43,2018-07-23,0cbb9b3e9e62de51c41fa0e8775a059b,2018-07-04
037ded3ba29ebe9a96acb1177cc52b51,b4bb8edf40ac2899a46919469fd8d21b,delivered,2017-10-26 15:07:45,2017-10-28 03:07:07,2017-10-30 19:51:42,2017-11-03 23:21:31,2017-11-17,621cda1295f19fcf9e434c7ff460747f,2017-10-26
eef74475f10dcef7d91f261873e054fe,1827d789e39a14dd9429ef5c98225c87,delivered,2017-07-18 10:58:31,2017-07-19 03:55:21,2017-07-20 15:57:36,2017-07-24 16:49:34,2017-08-11,f7160a9c652b910d9771ad9eb2998da2,2017-07-18
6f6adb6239aa458699f94784b3bb978a,fe58bbe7df40b2146ac3b2c65852ee03,delivered,2018-08-07 23:19:34,2018-08-07 23:35:14,2018-08-08 16:13:00,2018-08-14 20:03:00,2018-08-23,423d40b193638955a782839886648464,2018-08-07
80033798e6e3df555110ccfb54fca308,be92c9ed86442988b4c15f71a8f351c0,delivered,2017-12-19 14:16:19,2017-12-19 15:31:48,2017-12-20 21:03:29,2018-01-11 16:56:56,2018-01-12,4edd4485b67febe51eaad746f26c0a74,2017-12-19
7cb79f6f40b26d3d858736252d254ca6,9ace60d444fcf82c7a1fc0609e8de2ba,delivered,2018-01-10 11:13:06,2018-01-12 02:35:33,2018-01-13 02:51:30,2018-01-29 13:46:56,2018-02-08,1041688b50cfd8ef6df6086a1746a30c,2018-01-10
b8032632cbd7944f63573ccb8e2f5558,7c1500b28e5c6b0826b0d870fbc5cb72,delivered,2018-07-20 08:52:36,2018-07-20 09:15:22,2018-07-30 14:17:00,2018-08-03 20:18:28,2018-08-22,5fd3e50cd600d076eda5e076611c35c6,2018-07-20
5b47fae4d8705a2c6e470bef311073e0,c74a2fe2283e8a8bb7129c75ac770162,delivered,2018-08-22 16:41:47,2018-08-22 16:55:27,2018-08-23 15:23:00,2018-08-28 15:41:49,2018-09-04,4f707a6d68a8bf72f76ab07cfe1b108f,2018-08-22
ee54096fa354f3c094340f246236f025,a2df00b7bcbfecbcda4f943fc341031b,delivered,2018-07-24 16:15:04,2018-07-24 16:31:26,2018-07-25 14:53:00,2018-07-30 18:16:50,2018-08-08,e164d5c9e9908deb8ccfe155c4321d95,2018-07-24
d31bf98bc1f5a409da2c22085a8a7140,e8e590158e7dfae95695e062bc018845,delivered,2017-08-15 15:52:37,2017-08-15 16:45:03,2017-08-19 14:47:28,2017-10-09 20:05:18,2017-09-06,eb3140d8a174e19e3c9efe4e393bed1f,2017-08-15
3de337ef9b7afb31444752b9b6383b1f,b4315a3ff2acdccfc7734e953788bcde,delivered,2018-04-26 08:52:17,2018-04-26 17:31:44,2018-04-30 06:25:00,2018-05-04 12:57:43,2018-05-18,ae956fdd287e1f55658ba51db1b66758,2018-04-26
296208cb125865ac74241ae82932093e,e7de5bb1a046dab796306f7c85bd014f,delivered,2017-06-09 22:50:05,2017-06-13 04:35:32,2017-06-16 13:33:09,2017-06-26 12:16:06,2017-07-06,61a0b7b68abf22ee39093cafb08133cd,2017-06-09
fb7ead2842ee0acaace53d1476d0b7ca,a39897d5d7e162e264d712bf187c353b,delivered,2017-11-05 11:13:39,2017-11-05 11:30:24,2017-11-08 21:38:44,2017-11-13 18:32:18,2017-11-24,65c6b170ceaa4ae3ee5bd6c46c0df5fa,2017-11-05
3482fd5db03ecb3857123956a9eeb1a0,c4e54a5eac971c57497df50e7a7a3c00,delivered,2018-05-09 22:29:44,2018-05-11 03:50:31,2018-05-14 08:37:00,2018-05-21 21:04:05,2018-06-14,128879fb7a67cfdb05d5e1fe5a37e989,2018-05-09
51ec62622b0b1e86fc4a3098424576ea,95aa8f7723da461743071de842af7fd2,delivered,2018-05-02 15:25:10,2018-05-03 15:34:53,2018-05-08 08:17:00,2018-05-11 21:11:52,2018-06-05,2651385161e5d3c37c118e9cd95a9101,2018-05-02
ab292f6c11a661dd97feca37ffe7b162,d0ce4181898b96b8fc24e7c5c48c9761,delivered,2018-04-07 14:42:53,2018-04-07 14:55:09,2018-04-09 21:36:48,2018-04-10 23:32:21,2018-04-19,97fddff431b6f155567743240e06723f,2018-04-07
1e8c4aa0871777d9ee5169d3a6522575,94ee6021bdba29d170096b11229abdc6,delivered,2018-02-25 19:31:36,2018-02-27 04:31:01,2018-02-27 18:52:11,2018-03-08 00:39:38,2018-03-21,ae254c1e6f7c4a1cc201f92b11c2b671,2018-02-25
f30e9b83b1b7557b48c20dc8cf2e383f,8b0c6a16ffaa6a3242da476acb35704d,delivered,2017-07-07 11:39:44,2017-07-08 03:30:22,2017-07-10 18:16:10,2017-07-20 21:45:43,2017-07-20,ce81cc2da4ecf56095a85747e45cf307,2017-07-07
ccf2c1980921a53b885e2b75c8016ea0,e38405bcd1c6689c8d6633465f927362,delivered,2018-08-10 17:04:53,2018-08-10 17:24:31,2018-08-13 15:41:00,2018-08-14 18:07:35,2018-08-15,68eda43465aed52e460e912f9bb53707,2018-08-10
91f59a50120921da1da1a8e12b4109ee,de9902597f3249fc6f5e21dbff52bf1c,delivered,2017-04-16 20:39:21,2017-04-16 20:50:15,2017-04-17 13:37:58,2017-05-01 11:33:19,2017-05-25,cbb378199d53e2636dde1dc3fadddfa6,2017-04-16
0ed5043fe7d3f4f88353697330bbc020,ee3677ab84c1a1241efb3116201c583a,delivered,2017-10-11 10:22:56,2017-10-12 03:00:11,2017-10-13 19:16:35,2017-10-25 18:59:59,2017-11-07,b088bc1ec6539752bf408ac1d9c694da,2017-10-11
cad185f8e286822c1fd551bcfc659ad8,947fb484a23e534236b4e81edb291b7e,delivered,2018-07-23 21:36:29,2018-07-24 10:31:22,2018-07-24 15:00:00,2018-07-30 20:11:16,2018-08-06,22c2155762f4b698b0d96fe900863bdb,2018-07-23
67e3d81838ef7ed9d7251f0514c235bb,1eda791a1fe86253dccbe537f2b8d517,delivered,2017-12-05 20:46:08,2017-12-05 20:54:34,2017-12-07 19:12:16,2017-12-19 20:42:34,2018-01-05,428f4d2caf77956d3a33c5f876d81b41,2017-12-05
65b923f47b964f5e6be363f33a1cd0ed,c0dfb57c7c700f11633aba234dcce6b7,delivered,2018-05-14 22:06:42,2018-05-14 22:37:28,2018-05-15 12:01:00,2018-06-02 14:28:41,2018-06-01,e37c7922c3b3cd5bb95ae883c2a86ffb,2018-05-14
95cf53396116b5dd518b5ba1c11a0bb5,3b2e666d92ce663a2f35ba3a6bb5df6a,delivered,2017-04-21 19:31:13,2017-04-21 19:45:10,2017-04-25 13:08:20,2017-05-04 16:46:54,2017-05-19,4113a7e912e87f632986e0562da140c7,2017-04-21
ad07fbbd9ee2c6dead53c1af4ba90f02,4de9ad1196d093560d7f48d6b0a43b38,delivered,2018-05-17 18:00:51,2018-05-18 03:16:13,2018-05-18 13:37:00,2018-05-21 20:34:40,2018-05-28,c46fa8c9c75c044631a113f4d5a10528,2018-05-17
59754064fe4ffec6c0149904a6573d81,79a56011969e883c937c20c880433c52,delivered,2017-07-25 23:20:06,2017-07-25 23:30:15,2017-07-26 19:06:13,2017-08-05 15:54:34,2017-08-24,fc6c4366d8c7ff8b035b3c328b641c74,2017-07-25
c4a8083dac0f37da8bdc5db37c89bdcd,178cf970306cdf3e11914807903454f1,delivered,2018-05-19 14:10:17,2018-05-22 08:34:04,2018-05-23 11:56:00,2018-05-25 16:15:39,2018-06-06,5e21096c66a37c25f168f48ab3aa83ab,2018-05-19
553a0f2feba6fd288aaea2986ca2f94a,b8943e6abab6d4cca847bbc623b441ba,delivered,2018-02-14 22:53:18,2018-02-14 23:55:32,2018-02-15 18:32:43,2018-02-20 19:49:15,2018-03-06,6b3962560795eb0786cbd04427048d13,2018-02-14
f1708e42407809453b1cd03f25c055e5,5775d90cbeeb78fe39287105d3373b51,delivered,2017-11-24 16:16:55,2017-11-24 20:13:17,2017-11-27 19:44:01,2017-12-26 20:10:23,2017-12-21,e719553726c32083e14d368222557f1b,2017-11-24
7b29aa7d6508036d7400781ca593b58f,c672861bbdf2364414603b0b8358f2d1,delivered,2017-05-24 14:12:37,2017-05-26 02:42:34,2017-05-26 11:15:32,2017-05-31 12:49:57,2017-06-20,d53af683b67ca470910f533fff9b2814,2017-05-24
6d7c5064e6d1d2c4607b81368bbc7595,d03e65b9486e8e26d8858eb5da971f90,delivered,2017-04-28 08:58:36,2017-04-28 12:01:07,2017-05-03 15:59:49,2017-05-09 08:49:42,2017-05-30,d924b89e92b39e420aae895e56059f6d,2017-04-28
068b6cedb09dad00249cb7fc310bc067,fa59e6fa00387c862015f023358f6c6d,delivered,2018-05-12 23:23:09,2018-05-12 23:35:13,2018-05-15 08:51:00,2018-05-23 16:32:35,2018-06-20,96fcd8f62741aae35a3c9f9845c049e1,2018-05-12
b13a02b747c3ea81a898b68bdd345367,6036812b0a8c3ad5b28b0036920ab102,delivered,2018-01-18 12:24:46,2018-01-18 12:37:31,2018-01-19 18:07:00,2018-01-29 22:13:51,2018-02-09,5fa745231bdc900b31b2c2aeba095f76,2018-01-18
7b9993b735d04c56ac0c688400deb500,404a808ea732a8bb8c4552e6b2397375,shipped,2018-08-12 14:15:40,2018-08-12 14:25:08,2018-08-14 16:53:00,,2018-08-29,2934eddaa1eb7e92a038176dec91e73f,2018-08-12
ef7193be9327247ca4dfc71593b50196,e8cb86726cc33aaafe6630c68ef7c3a3,delivered,2018-05-18 12:39:30,2018-05-18 12:57:39,2018-05-22 14:04:00,2018-05-23 15:48:38,2018-05-30,50f9eb27174dda04db16bb6395012a04,2018-05-18
331839482e221dce28b19df7d740fcfa,142929146a68c3f7af318fa7908b9e14,delivered,2018-08-07 09:07:20,2018-08-07 09:15:21,2018-08-08 14:33:00,2018-08-13 15:54:50,2018-08-16,96d22e8028e8282c16059657709efd97,2018-08-07
fa0ee03f451f7e7f2df9fda0a1496bc0,6d12a6dbd030b8d275129c59aca0b128,delivered,2017-08-16 13:13:45,2017-08-16 13:50:06,2017-08-16 20:23:02,2017-08-18 21:52:16,2017-08-29,8f1ea649db3ab9cad5c2e693070282ec,2017-08-16
cc2ce6ac5707f22bfdf4b6c8d086230d,21da586f15d2ef58e078fcaf93531052,delivered,2017-02-22 23:49:42,2017-02-23 01:02:31,2017-03-08 14:15:53,2017-03-15 13:09:39,2017-04-07,b215ddb53799c3a910f361f7d2d5d834,2017-02-22
d379106e33d9ce768889ef816526d215,12cc3483aa642a0bec778f15ed0b2738,delivered,2017-05-02 19:46:30,2017-05-03 15:10:17,2017-05-04 11:19:53,2017-05-17 09:17:39,2017-05-25,a595e9ab24a7e30e311b9b56aa5cb280,2017-05-02
31a2886d02ad2127bfec204da2e93b66,28738edfba72391be47d697e6e7e5770,delivered,2018-07-25 10:27:00,2018-07-25 10:35:17,2018-07-25 14:53:00,2018-07-27 01:27:37,2018-08-02,e839774c9d31569dba47946296e58b33,2018-07-25
7922e481eb24d257ec8c04c6ca0ce170,d37974b9f02387c679655b3e8cdc3cdf,delivered,2017-11-20 17:47:32,2017-11-20 17:58:19,2017-11-22 20:48:24,2017-11-30 13:41:17,2017-12-01,65741a13db13528c804a1c1815cb86d0,2017-11-20
fa5a7d839b49e173198586f7366939cb,e460ba12cfe10be96050e2857acf1486,delivered,2017-06-03 21:20:21,2017-06-06 13:23:24,2017-06-07 13:23:18,2017-06-12 12:04:33,2017-06-28,6a1ad41ff798697a116a2c59e5114eb1,2017-06-03
620b3433404a08b299e50c716866a4d1,2177a05cbb649b8d6fde28b55e237a71,delivered,2018-04-01 17:28:50,2018-04-02 17:29:15,2018-04-03 18:48:20,2018-04-12 13:41:41,2018-04-25,a93d53df97ef9b5c960bfa7bf49605b5,2018-04-01
347bc72bacf7a7b2b2293708ed82ff0f,8a7cb9ea3bb01a16c4b51f5735f7188d,delivered,2018-02-21 21:53:33,2018-02-21 22:10:25,2018-02-22 19:52:28,2018-02-23 22:52:26,2018-03-07,844d26fa039f6a16a2496ac8fff21af4,2018-02-21
e4ebdc36e9be01cc621e8e30394d3eb0,870416fd076253d6bf016f898007b4e0,delivered,2018-01-03 23:31:19,2018-01-04 01:07:48,2018-01-05 00:18:11,2018-01-05 18:55:34,2018-01-30,95491ad3bfe9015696e52711fe5bddf3,2018-01-03
9d4267186d4e276d018cc7c90291768e,31d36019e4c5774abcb6d8cf3f0c7d63,delivered,2018-08-16 08:44:24,2018-08-16 08:55:27,2018-08-17 12:32:00,2018-08-22 00:58:39,2018-09-06,64819f4e9718cef3c90128dafcfaaac5,2018-08-16
21740bea241f06ee46a7febe29061c31,faaad19c113774874c944e2e1e1024d5,delivered,2017-11-26 18:36:18,2017-11-26 18:53:59,2017-12-01 19:48:31,2017-12-21 11:58:58,2017-12-20,0a922af2b54e23bd45ac7c90ca77e3dc,2017-11-26
83cbab9daaf549182de4705ab0ca54ed,3ffb10bbfb87f808e1c8665cd4f83ba8,delivered,2017-02-19 12:50:41,2017-02-19 13:02:56,2017-02-20 16:22:53,2017-03-08 14:53:57,2017-04-12,68730a178e52aab1ceb8e4e58267eb1b,2017-02-19
cb0bac4d77dd88efafddb7a974286b27,fe3255f9b7d1a94bbeb7b1dc737043ec,delivered,2017-12-03 10:54:57,2017-12-05 04:11:53,2017-12-11 23:12:41,2018-01-22 18:51:43,2017-12-29,b6e57f109398c45b9d28d4c892e3eb1e,2017-12-03
9c85518f7f627b297892da0556f299bc,a5198834e9ce4bff80198fe5d5c4f25f,delivered,2017-04-11 21:07:06,2017-04-11 21:22:20,2017-04-12 14:48:17,2017-04-25 15:38:21,2017-05-08,8a8fc46830cff51b8f5374e74dd21e7b,2017-04-11
cd49d0987575fc21d96fb52e37b16191,04c6985fb618f4fba64adf76dc2dc855,delivered,2017-09-09 15:06:51,2017-09-09 15:23:54,2017-09-12 15:46:51,2017-09-19 17:42:00,2017-10-09,d81e95c47defd78bd56894ce015396c2,2017-09-09
30f95ea478d6e49bbf813ec20e149cd2,38d6cffeef5be009846ee63f2328d680,delivered,2018-06-27 10:03:19,2018-06-28 09:10:27,2018-06-29 13:53:00,2018-07-11 18:43:56,2018-07-26,669dd06846ae9e7d1634981bdb2f08c6,2018-06-27
196023b0ecde715e3a41bd00ca208a9f,fdd48a32f403170cf965e38c9400b139,delivered,2018-08-13 22:49:40,2018-08-13 23:04:07,2018-08-15 14:58:00,2018-08-20 18:24:30,2018-09-03,a8a6a983a79ea83ce762f18712d9c058,2018-08-13
645ae1a102627b74a009fe24909476c8,f0b8143c9bc649024e71cc9124ac606e,delivered,2017-11-17 13:16:48,2017-11-17 13:55:22,2017-11-20 23:07:43,2017-11-27 18:44:03,2017-12-07,49afeec74ee36fc6e5582ccd16111a14,2017-11-17
40cb5e00d417c4057d5253c48b887267,a9b2194390d054ffd7461fa373923e7f,delivered,2018-07-19 22:16:58,2018-07-19 22:25:16,2018-07-20 13:57:00,2018-07-27 20:11:48,2018-08-07,6a6a7141119ceaeca4dfbae7a580a515,2018-07-19
b27d08e878eb286e33958ca95ba5bd04,9184ad51abea1dfda9fd888af61f8e0d,delivered,2017-09-07 08:36:17,2017-09-07 08:45:14,2017-09-12 23:10:05,2017-09-15 21:54:46,2017-09-26,877ba579dfbad5e9aac58a2477818afe,2017-09-07
ecfc862cb2fabd3d5f9c86117a9baff0,5bb03a9d99d476e8634520ceb63e08d6,delivered,2017-02-05 19:13:56,2017-02-05 19:22:06,2017-03-16 09:43:39,2017-03-22 12:24:48,2017-03-09,7d3f05a59e12f40b983acdf318638b4a,2017-02-05
578fd2f519e7343bed8dff61f0af122a,163813ee16d084d8f3278a47fe0adcfb,delivered,2018-04-15 19:12:10,2018-04-17 05:50:39,2018-04-20 21:24:48,2018-05-02 11:42:25,2018-05-09,40b595c47c70efd125384067ae43c8e8,2018-04-15
42718c52ec1850e375a3249237f13b9e,44131c9072bf84712a273a3f8c8a1081,delivered,2017-05-19 00:35:06,2017-05-19 01:25:17,2017-05-19 09:46:12,2017-05-22 09:36:49,2017-06-01,2414a555c8788e1191177c84382f0233,2017-05-19
78f8aa2ff4291290af1db54c0e87de6f,620ca2e5846d5dc1c8992cb4ecf74cfd,delivered,2017-09-12 23:38:32,2017-09-12 23:50:24,2017-09-13 17:27:54,2017-09-14 14:54:47,2017-09-25,eac6dbc8ecd0a2f08ed8e53d18f0e0d0,2017-09-12
de1155d4a154cd0fc4d60cff122def50,7c27963420faf8b9d0724ba01e8c7e44,delivered,2018-05-04 16:27:56,2018-05-05 09:10:18,2018-05-07 16:19:00,2018-05-30 15:22:34,2018-06-07,915a1e89d92c0795ec4cd266729d4328,2018-05-04
00a870c6c06346e85335524935c600c0,8a4ecf2e2fa5faaaf02827b368c0c17b,delivered,2018-05-09 00:10:08,2018-05-10 00:14:29,2018-05-10 12:07:00,2018-05-17 01:04:12,2018-05-24,6e73ccb686c79f2406264857ad8f19ee,2018-05-09
621d22173590d292319c7a2f72ce76f6,6b9ee4546cd2f41bea3fcdaf318d04b7,delivered,2018-05-18 12:24:25,2018-05-18 13:27:12,2018-05-18 13:51:00,2018-06-02 14:12:11,2018-06-05,68a86584e83424bd03a1af57d79c693f,2018-05-18
824ea549426913275fcda582fe4fc0d1,7b774380043fd2a7942ff8b396b4807c,delivered,2018-05-06 18:23:47,2018-05-07 09:15:23,2018-05-08 13:58:00,2018-05-14 17:29:06,2018-05-29,f77360eb621a7fe494e5feaa79862075,2018-05-06
c98c07a025d81c2340fa5495602c2312,0054f2f885ca69abcf4935c9506d7851,delivered,2017-03-31 00:01:44,2017-03-31 01:15:19,2017-03-31 14:51:03,2017-04-06 10:12:27,2017-04-20,4f25ec76e8c86ded17aa0c58f236df0f,2017-03-31
ef1f03f43bc6cbad70025fec6b2d369b,ced97a9646c3faa02d66ac532db985cb,delivered,2017-12-23 16:04:44,2017-12-27 04:14:50,2017-12-27 21:55:50,2018-01-03 14:57:23,2018-01-15,c5df9a025c46a0cab9181e382c9ed0e5,2017-12-23
daba32f13e003a4703e784cd05cc1546,192db3ff008dd51ac5687b2a37a0b02c,delivered,2017-08-18 12:38:26,2017-08-19 02:10:31,2017-08-22 18:03:49,2017-09-04 20:07:37,2017-09-14,1f3d63280f3cdf6f36abafcef82479ae,2017-08-18
85a0537b1cab74ec5a1525c3e60c6467,46c848799c224c04ce2958810c0240c8,delivered,2017-11-23 14:40:52,2017-11-23 14:49:12,2017-11-29 22:48:24,2017-12-08 18:48:47,2017-12-19,6070648088bb76e7e116758de272ef7e,2017-11-23
6a8677aeb56b8ee0d1a74e0435772e31,cc8b0570332e15f77abf874fc2da154a,delivered,2018-02-07 19:56:07,2018-02-07 20:15:28,2018-02-09 19:05:30,2018-02-17 14:58:49,2018-03-06,5243d15988ba986bcf948d51c18f7d83,2018-02-07
c6e881cc0c5529147cfb07d33ec5293c,e4a3eb8317fb4ee1e9ff88f3ee5dd0c4,delivered,2018-04-03 17:13:57,2018-04-04 03:10:30,2018-04-07 01:18:31,2018-04-10 16:45:40,2018-04-26,b0ba131e329d93638282d082f5199737,2018-04-03
d4f63c1e71dd7a25aaf45fd89286d760,c385a910d2506eb4c809fbd19f8562a8,delivered,2017-09-05 14:35:58,2017-09-05 14:45:17,2017-09-05 21:14:50,2017-09-13 20:41:46,2017-09-22,d559550f028bc18d0403a7351574b4eb,2017-09-05
8fc75fa394f1ce5c0fd2775a4ae94c2c,bb678932adf8c3450d4b00d04a04dcd3,delivered,2017-09-05 09:03:02,2017-09-05 09:15:22,2017-09-12 16:44:38,2017-09-13 14:38:13,2017-09-18,7754f8e63c3845e9f61686357c69ed6f,2017-09-05
ff1d9d97d4672ad87547f712e335c246,2f776459b72b9130376ae424558d2613,delivered,2018-01-08 22:34:05,2018-01-10 10:32:30,2018-01-15 13:14:02,2018-01-18 23:12:01,2018-01-31,076ed2ec698061670b0f6103217708a1,2018-01-08
d699c734a0b1c8111f2272a3f36d398c,0c7e5a2123d793a5b2059cca7f650dc8,delivered,2018-04-22 13:17:43,2018-04-24 18:35:56,2018-04-23 20:46:40,2018-04-26 21:47:45,2018-05-11,00db0070b3c3bd0215072323c8499407,2018-04-22
7e4be1fb343cfb05e87f6a4394420b55,25bc0175958db929618e5672430dbddb,delivered,2018-05-25 09:06:36,2018-05-29 03:14:41,2018-06-05 15:51:00,2018-06-07 02:33:13,2018-06-14,53c5d1c21059d7f777804da0d7263c69,2018-05-25
10a045cdf6a5650c21e9cfeb60384c16,a4b417188addbc05b26b72d5e44837a1,canceled,2018-10-17 17:30:18,,,,2018-10-30,87ab9fec999db8bd5774917de3cdf01c,2018-10-17
b541ddf0b037dc357b232eac15bca4a7,a9747726d8eee30a4508fa88cd8a20a4,processing,2017-11-08 19:49:12,2017-11-08 20:30:58,,,2017-12-08,3ef631133c6cd69283463c9d2302ecc5,2017-11-08
f789a918deafa2b5038816382156c930,17faf204cfffe187f6cd7c7b0e878cbf,delivered,2017-06-30 11:58:27,2017-06-30 12:05:26,2017-07-03 14:32:37,2017-07-10 18:14:54,2017-07-24,7450653b60f9faf0688c2327fb10b540,2017-06-30
637789b606a0ef62ab4c16dbeac12324,b845e05f89bce49c4cbe5377b63e9e86,delivered,2018-02-27 15:23:08,2018-02-27 15:35:40,2018-03-01 18:18:34,2018-03-07 22:53:07,2018-03-20,0a6071598b19e6244a86c4b20e6c63ca,2018-02-27
1000fcfbd3d7ba209ecd4e6cbddf839f,6d0a1202f51fe7aab56facf944770117,delivered,2017-12-04 16:18:28,2017-12-06 16:16:26,2017-12-08 21:38:47,2017-12-18 19:19:11,2017-12-20,2d6406ef6004f670d7d4fdf0d7ee1e32,2017-12-04
5f55e6b524e35858ebe24f6f9a5491e0,a8b3d541a07fa18f40425defa788532a,delivered,2018-08-01 00:05:21,2018-08-01 00:40:12,2018-08-02 14:14:00,2018-08-03 11:08:43,2018-08-07,32487d3d5098e884a1c85ce855234fb3,2018-08-01
81db77f7fab05cb60fa338aee13d08c7,ec6596fc77814f52f27d1cbc1eaf2a1b,delivered,2017-11-24 22:38:00,2017-11-25 01:33:21,2017-11-28 21:33:38,2017-12-21 19:13:12,2017-12-27,a28138fddb72ab77f5d98a42652ef078,2017-11-24
a21488f55d20f5d8ff41c2f3a2408cb6,bba6648207f3ea081e1dc431eabd276d,delivered,2017-09-04 16:06:01,2017-09-04 16:24:36,2017-09-08 15:06:51,2017-09-18 19:16:55,2017-09-22,1669ec988d290112f29247d4c993d343,2017-09-04
27fb2154c341bbc730063b1d16844616,999e3c7a67f519385382c467f76c5393,delivered,2018-05-21 12:45:43,2018-05-22 08:56:50,2018-06-07 14:01:00,2018-06-15 15:12:32,2018-06-21,6a53109a98162e696df52f83d20a2c03,2018-05-21
19f7f56c6be510246f52557f78c2d0d0,ed52ab328378a443237a02204d369a87,delivered,2017-11-26 12:13:36,2017-11-26 12:34:44,2017-11-28 22:28:39,2017-12-01 21:19:05,2017-12-11,07625e5c7bcace9cf2684fe99719ec77,2017-11-26
82c08d39d308cb94bad8fc71b0b7b257,ee3424ba724cb6d97ba9785339bb5ea5,delivered,2017-06-30 11:07:59,2017-06-30 11:23:38,2017-06-30 15:32:12,2017-07-10 16:22:36,2017-07-24,60df0eff8aec242799c7367bde2d3571,2017-06-30
a4319b6643948acd1eb9e4e0c8b0d473,a73f82fba93cdf03b47dadcbf69fc312,delivered,2017-09-19 19:50:14,2017-09-21 02:46:07,2017-09-26 17:36:57,2017-09-27 17:25:25,2017-09-29,a0f3a0c053ba7501b10fb72e038bcc1b,2017-09-19
2ce78bb2c1b4f43ed4cbdb05d6c87907,638f52c07d956bf960e34befb98a0657,delivered,2017-05-18 15:14:03,2017-05-18 15:22:46,2017-05-22 10:29:56,2017-05-31 14:48:00,2017-06-13,4cbb476250963d1e4f10b0a7b43f5c1a,2017-05-18
716ae039823c5b809fbf98d24626922a,bc781ab7ea64681deb7a011ec776bb0e,delivered,2017-04-04 21:53:37,2017-04-05 22:02:38,2017-04-06 07:46:16,2017-04-18 13:37:46,2017-05-09,0b8b2910c3f96a74c660a10433187042,2017-04-04
54c4b0926f9b4aeb54164306d1374e8f,a5931868ca3c3ba7b8b15801b97fec1f,delivered,2018-01-06 12:28:22,2018-01-09 07:16:30,2018-01-10 21:14:47,2018-01-16 17:07:05,2018-01-31,f362efb7a720cb6e29d93e4e1248dce1,2018-01-06
205fc1dde4304cae4a504a6fa594a318,01c79f3ab2bd70b64e01c67a91843303,delivered,2018-08-09 12:13:17,2018-08-09 14:30:29,2018-08-17 12:50:00,2018-08-23 17:51:32,2018-09-19,fe4d5c2905fb936e27cf35ec0ade8403,2018-08-09
7cf64ae8137941a44a6300e23b7e25f1,d618be7012b16037155ed0671bac9812,delivered,2018-04-08 20:21:13,2018-04-10 03:49:57,2018-04-11 23:53:40,2018-04-24 20:07:54,2018-05-08,d26b0ddc928fb5deb9575f6fe1c8be8c,2018-04-08
22944b4163f09171dfb645a94b87e645,1ca8fbb672ef5cb9bc289196bd4c3044,delivered,2018-02-03 12:00:03,2018-02-03 12:15:28,2018-02-05 21:56:38,2018-02-14 22:23:19,2018-03-01,9081da7e753c0b9cbcda952e825d4ed9,2018-02-03
1da44207e99dbf6f88a322548bb43aab,211e24a3bea5fbbaa50ae668bb65fa76,delivered,2018-08-19 12:01:33,2018-08-21 04:50:20,2018-08-22 12:49:00,2018-08-24 01:23:47,2018-08-27,969fc1479dee95080c6854fecd1b57f5,2018-08-19
be09f109e6aa72ccad1f72f521f8d525,c8c236ed3d37d2c3f9c82ab51b5482fd,delivered,2017-01-29 20:03:45,2017-01-29 20:33:32,2017-01-30 16:54:28,2017-02-13 14:06:11,2017-03-15,18eaafdd580e724d84a7ea1d710fd88f,2017-01-29
5474faa7029031dfd837567d8f48ce5f,3f963511050337e3eeda3727a9970b5a,delivered,2017-11-22 13:41:21,2017-11-22 13:55:25,2017-11-28 19:48:43,2017-11-30 21:22:04,2017-12-04,95f6816337a403ab81b562181ae89f28,2017-11-22
d03665e5fcb519e311e5609b2d0d2282,a4a8a7eb8cab3c01aa0b137399f4ed51,delivered,2017-12-17 22:14:16,2017-12-17 22:33:04,2017-12-19 20:48:02,2017-12-28 22:23:23,2018-01-31,aac5150d3432a86537ef62274e38c4f8,2017-12-17
7618b897317b5a4fc4f1b15666f3e24b,dad18fc78e3b2c9cb4e189e80563d2e1,delivered,2018-05-19 23:15:03,2018-05-20 00:35:10,2018-05-23 13:00:00,2018-06-05 15:08:28,2018-06-25,ca4a283fddc866a53908a24399a7c711,2018-05-19
3fffdbcdd7ed6b3acdb0bdbc5c96df52,56993e1faa560e969e0ba199573545f6,canceled,2017-10-29 16:25:52,2017-10-30 16:31:24,,,2017-11-28,a01bba36c189d1da1a4ad875bf587a35,2017-10-29
d7254b8b021b5a531c35571bdc25abeb,331fb1ecfc14f5f59502d287e4e25c0c,invoiced,2018-05-14 15:12:30,2018-05-14 15:33:40,,,2018-06-06,a29fbd5ed727c8caf4d520eb5c69eaf4,2018-05-14
259db13389bfe3716dd43778b0421777,40ace4550b2427f298fce14235349f25,delivered,2017-02-15 07:51:32,2017-02-16 02:23:30,2017-02-16 15:03:10,2017-02-23 13:04:58,2017-03-24,cc3a211cebe0b800145520aa1b44082a,2017-02-15
d33ed17c28104a5821b0aed3fd7323d0,6cd040460d7a32fa711a4da0dc30f187,delivered,2017-11-03 16:38:02,2017-11-03 16:50:50,2017-11-06 22:31:22,2017-11-16 16:21:08,2017-12-04,a0701efdde78341b097d00c789d35b97,2017-11-03
db84db337289e32d68a15a944ee524b0,31d301f727179ae52ba29009bb5add70,delivered,2017-06-15 21:01:21,2017-06-15 21:10:13,2017-06-19 20:03:24,2017-07-06 09:47:25,2017-07-10,0cab77b0fb4a471a4752934d92bfe76e,2017-06-15
05d43265b79289692a382c9f2a6c1547,3c6ea1acabe8c875fd3484d5e34d10e4,delivered,2018-08-26 04:53:46,2018-08-26 05:35:13,2018-08-27 14:07:00,2018-08-28 18:57:01,2018-08-30,8db23ea8429b2011a538fcbeca947904,2018-08-26
79b15d097ccbb1f4c75763ad07a8d543,1fdde0a24922523791641ed04bd9c5c0,delivered,2017-02-14 19:49:42,2017-02-14 20:03:22,2017-02-15 08:18:02,2017-02-20 14:24:18,2017-03-15,49bc0626a157c65e73517de0f853caad,2017-02-14
9b3430b6fdf31ecd9d2ddea5dd58aab4,b883f3ec183aff519703556b87fec08c,delivered,2017-11-08 11:06:24,2017-11-08 11:16:31,2017-11-14 21:21:55,2017-11-20 17:52:04,2017-12-06,7665719965d712b599391098a927b70b,2017-11-08
5d90c606cb92f1bd781a311d5ab61a75,e9464eb5ddf959cd6eafd176ca44eda7,delivered,2018-06-26 15:38:26,2018-06-26 15:56:46,2018-06-27 10:49:00,2018-07-04 14:33:55,2018-07-31,5bf5cb76ead623eecfbb615527fc0c68,2018-06-26
e641155b00bb2461d65e69ad8dbabb47,431a8f322d160d680e0bf63712bf812f,delivered,2017-09-13 12:58:42,2017-09-13 13:10:26,2017-09-14 18:37:19,2017-09-18 17:16:44,2017-10-02,13321e8e323907f0754dc3c417fa9469,2017-09-13
5acdf5459cd1a4cf55f54554391f0865,bc1660cd7177c9456a115888eedb18e6,delivered,2018-05-03 17:21:13,2018-05-05 02:53:41,2018-05-07 14:08:00,2018-05-11 21:48:33,2018-05-21,d7052835447aa0d6a02aaa5d3b8f51d5,2018-05-03
4912377c02eb84d181d53e98e010124e,611403f0a97f08c990860b6932d213f4,delivered,2018-03-29 19:17:49,2018-03-29 19:30:27,2018-04-03 12:37:25,2018-04-07 14:38:46,2018-04-17,c0118e2c0a037c31aeca71d0b81f66a1,2018-03-29
7f96bf9d2b7643f96bcb99c0a616a5ba,b4770ac39b732e3459007b4b1c0648ff,delivered,2017-12-11 23:00:15,2017-12-12 00:05:06,2017-12-13 18:32:33,2018-01-30 10:08:01,2018-01-05,f5f15c8949c8f718a040c80f462253a0,2017-12-11
be049b6fa688493e1676db5fafc0bbb3,15ba5913a2d5f80e06202cf53444d565,delivered,2018-05-03 17:43:11,2018-05-03 18:14:54,2018-05-08 14:48:00,2018-05-14 19:52:50,2018-06-05,bebcc6c45c54364adef4a5ea694228bf,2018-05-03
abbfeb15e92b49fc3961aab15d3d25f9,f83f9c93730ab1ecce11b887c0b6be5a,delivered,2017-12-06 14:57:22,2017-12-07 03:14:48,2017-12-13 19:16:16,2017-12-18 20:42:39,2018-01-10,492fdc6f5fc7867c939999b7f5fea60e,2017-12-06
80e1ae11ef8bfc49872b25776d1cff47,0cede16ccc38deda442181edce152733,delivered,2018-04-24 21:16:09,2018-04-24 21:30:35,2018-04-30 17:10:00,2018-05-09 19:52:02,2018-05-21,648d59cbe9009f8ef04a6923c8659fa5,2018-04-24
982c14be246edd28bd7242b39eac563b,d60b88f11d0f20aff9830122c0db3ef4,delivered,2017-12-12 22:06:08,2017-12-12 22:15:22,2017-12-21 05:28:51,2018-01-05 18:54:36,2018-01-12,212260ce07f4c5348233de57ef98108d,2017-12-12
9e7147a6ff3d5299da2672e1c64c9c49,69c44cafad4d74413ddd820f77d755a9,delivered,2017-07-01 16:55:23,2017-07-02 16:45:10,2017-07-05 16:36:32,2017-08-11 18:57:03,2017-08-04,b2e2fadc1c50fcc84b22aa326c648b83,2017-07-01
a8efa4edb9c660aab65cfeb8c5375d81,78c5527bec943e1f5dbe53814001c479,delivered,2018-01-30 14:46:20,2018-01-30 15:11:16,2018-02-05 18:57:52,2018-02-15 18:35:46,2018-02-26,38debf1cb87d849b5975b2bc5fd85c64,2018-01-30
21c62929864d549aa9caca4f25b7e053,402e0fd24c4856dccab60decfb4a7d94,delivered,2018-04-05 10:37:05,2018-04-05 11:50:14,2018-04-10 20:32:38,2018-04-16 19:11:15,2018-04-23,af192e15a3c469fc9691b42380a457ae,2018-04-05
98c9c5c7df242bfccd1ad3510eff89f2,2879df7ed1e90a3f0bad2a69eaa904ba,delivered,2018-02-02 16:45:13,2018-02-02 17:43:16,2018-02-05 16:07:45,2018-02-20 17:22:10,2018-03-01,7295713e93df7db1a459e49cc02013ab,2018-02-02
28a1f9cca638114ce8fc6ddfce2b7d52,628fc0c76ede71d2eb3890f876ec85b1,delivered,2017-08-25 08:10:43,2017-08-25 08:24:18,2017-08-25 20:33:30,2017-08-28 16:59:55,2017-09-08,6843a7c5d293e73ab7f65351bdd0c7a2,2017-08-25
bcd894d1c63a81b9b1872a8b9579f546,b94a28d76c3a1186c1d20f6b23d5f6f7,delivered,2017-02-17 11:27:22,2017-02-17 11:35:22,2017-02-17 15:06:37,2017-03-17 12:34:28,2017-03-20,ffa46fd1f769dfbdd6c039550b420949,2017-02-17
e4dfcaf56a2c7a993710bbc5d10a3d06,d2a88d4cd954a41795819308c136a315,delivered,2017-12-31 14:54:13,2017-12-31 15:06:26,2018-01-04 23:09:24,2018-01-10 21:05:18,2018-01-24,0c9370f31e3bf20c068a9d9ada3ea903,2017-12-31
0bd044f3b358bb88951e3ea66eadcc70,a692cee8697769980ec9fa9f5170fc11,delivered,2017-09-13 11:34:35,2017-09-16 09:05:33,2017-09-18 18:20:00,2017-09-26 16:11:37,2017-10-04,7bdd2afe54413931b55737d9c0a0840e,2017-09-13
e1fe072ef14b519af1f0a8ed997c1301,758b633d88b82063db189810084f4ea9,delivered,2017-01-05 15:32:59,2017-01-05 16:15:16,2017-01-06 13:45:22,2017-01-12 14:13:19,2017-02-15,4b3207464f5f7a48a7f63fa0b1251d86,2017-01-05
9f746b29d9c50effb250e5b99c2c8874,68aabe09a8f238550a40b8220c176f46,delivered,2017-08-01 22:49:34,2017-08-03 03:05:59,2017-08-04 22:26:44,2017-08-07 18:53:43,2017-08-15,32e7e039fe1e643c942653d992e1abb4,2017-08-01
ba714b832c8a26b8b6ce921e0ecbc886,44e901b8be5f6dd05a27589aa95f7679,delivered,2018-05-11 13:38:26,2018-05-11 13:50:59,2018-05-11 14:33:00,2018-05-18 14:19:04,2018-05-30,3f40b85d9ff61edac538c6092e434d77,2018-05-11
34d0b73ffe40c22d8537270e7ffe7517,bdada23b09891540da8555ab278a5fa5,delivered,2017-11-08 19:50:12,2017-11-08 20:30:57,2017-11-10 23:05:50,2017-11-17 16:47:05,2017-12-06,c28303a34749f370337038914e7453e5,2017-11-08
2fe3e3ee7c1249743f3c7391c05042b3,d711fca0d2d48b5a43b009956e220042,delivered,2018-02-09 18:22:59,2018-02-09 18:35:24,2018-02-16 19:58:57,2018-02-26 23:38:40,2018-03-07,951008c1c9df3fe4fead603a9afdcb3b,2018-02-09
5cc85e983f530b29858b3da0bfbc7228,b9b78d5b4aef308f92fbe5332cd81386,delivered,2017-09-01 01:08:15,2017-09-01 15:15:21,2017-09-04 16:18:08,2017-09-15 22:23:53,2017-09-20,3f518f50ece5918cffdb4874032f7b34,2017-09-01
72a8876d36ea688596ca2cebf30675d7,2d271a75cb4a820e42f0f3cdf7493f3a,delivered,2017-09-29 14:47:14,2017-09-29 15:04:35,2017-10-02 11:22:26,2017-10-09 17:36:50,2017-10-23,dfeee325a32f7d6aed3269768917e87f,2017-09-29
eaf2e70dfee5cc04c4cf2b2b5d99ff6a,7e6419409fd2936eb5d27e8aa17ab952,delivered,2017-07-25 20:32:07,2017-07-25 20:45:10,2017-07-26 18:49:46,2017-08-01 20:29:46,2017-08-14,f9d30e6232d21165bce78ced078edf70,2017-07-25
8dd1e8dc5df5298f67ade481b8b652c8,dad0f2e41b6b4b85070b49287a994d37,delivered,2018-01-28 18:43:24,2018-01-28 18:51:26,2018-02-01 20:42:01,2018-02-14 21:22:00,2018-02-21,a9e070f61d35aa13e420c8597b5ccb3d,2018-01-28
b1b25c32832c6654e6cd3f949355a561,7d8e5933121d2d2447c2ef6a6a45d898,delivered,2017-03-20 23:51:25,2017-03-20 23:51:25,2017-03-22 13:32:10,2017-03-27 15:53:00,2017-04-10,289a710648f30710292bba72d36da187,2017-03-20
0d68ee25f75190aba2b49bf9f25f8f6a,a99b357b78ddae5103238dedb322cf49,delivered,2018-08-11 11:20:07,2018-08-11 11:30:11,2018-08-14 10:22:00,2018-08-24 20:12:55,2018-09-12,44e138a6fbc2aa209da0337fe56563b7,2018-08-11
ef21cb9d3fa728f51493d679143b7834,a684554378131af35310b25179278c1c,delivered,2017-11-25 13:16:54,2017-11-25 13:33:22,2017-11-27 23:16:44,2017-11-29 23:03:39,2017-12-21,8a7ca7c42a01da47e01b72adf08354e9,2017-11-25
bc045a5fb4a7e572cee50d982efd14bb,aaacba86f75fde5882829ebf2519fe79,delivered,2018-02-04 22:41:59,2018-02-04 22:55:26,2018-02-05 23:34:18,2018-02-14 16:42:36,2018-03-01,932bff5060cd624d7cc8d120d302f65d,2018-02-04
be5d667e97f0b3bd94debc7b946aecd7,932de5979e3351bedd7e46e9864c41b6,delivered,2018-02-26 17:21:41,2018-02-28 09:56:03,2018-03-19 10:11:44,2018-03-19 10:11:48,2018-03-19,b1b03100d67e2c8e2a54945e5860496e,2018-02-26
fdac95c75507c9e6e22b058769814a51,64bbbe474ec949a60a0a7a0731d9544e,delivered,2017-06-22 18:04:14,2017-06-24 02:23:04,2017-06-28 14:58:56,2017-07-03 10:03:43,2017-07-14,1e7383de60b7725b15ba8ccbc0fae3c2,2017-06-22
43ad91c37e773a2fc263fd0f7c48b1c0,3468e012ad483ea43c521406841b62a5,delivered,2018-07-21 10:10:09,2018-07-21 12:45:11,2018-07-23 12:48:00,2018-07-31 21:56:42,2018-08-17,e5f09d250da9f4af65809ff0d6df13eb,2018-07-21
ea921667f0ab37edbe094d0e67c9d454,327d7f521d79dedd1ec483d0ba129414,delivered,2017-04-06 08:52:35,2017-04-06 10:02:22,2017-04-07 10:25:15,2017-04-17 15:04:49,2017-05-02,06cda0f6b654274ef36983dc027aecaa,2017-04-06
4439ae87a236a720d52416f0f5b816e7,b8f9780d616aaacbbeebe26992a38ab6,delivered,2018-05-17 08:35:37,2018-05-17 10:38:34,2018-05-17 13:37:00,2018-05-18 19:14:35,2018-05-28,6f8e7d40046694539c87b98cb5096a28,2018-05-17
9d0e0cc4232165056ade2cc2d2bae530,886069eaa0c282b93526bdf694eab36a,delivered,2018-03-04 20:34:07,2018-03-04 20:48:47,2018-03-05 18:06:15,2018-03-06 20:09:23,2018-03-22,fb374f34f7d4e3c48faeedce48df63ff,2018-03-04
3b981944c4d2df767cc524ebcb06d7e9,ee3efd144d308f6409b291bbbf3a699a,delivered,2018-06-12 17:30:23,2018-06-12 18:08:57,2018-06-13 14:48:00,2018-06-20 20:12:08,2018-07-04,e4fae7c719983b63017bd3777af312c4,2018-06-12
97a25cc4e813283eff216448e5e0fcb7,391fa205bfed5897353ba3f0814c1d1f,delivered,2018-05-11 17:42:16,2018-05-11 17:55:24,2018-05-15 15:03:00,2018-05-16 17:51:38,2018-05-24,fe4a8b4ea6b3cc43d2f5cbb406da6d73,2018-05-11
19808643dfb101952f68edccca618526,952e55498d185a919ffe34225cdb6032,delivered,2017-11-24 07:41:15,2017-11-28 03:43:22,2017-11-30 23:51:21,2017-12-19 19:20:41,2017-12-27,4758b959cb2bd61f4dca85be6acf5c37,2017-11-24
242bbb3b84eef5d7f4aa6ca1921e04d6,bb927840905fdf4b8f78c55f50bd64f0,delivered,2017-11-05 19:14:32,2017-11-05 19:26:46,2017-11-06 19:48:49,2017-11-10 18:31:24,2017-11-28,d27a98f493218188dbeafb7a4afff8fa,2017-11-05
001e7ba991be1b19605ca0316e7130f9,b6a1445ee505f3a95c827e7a5188ad02,delivered,2017-03-18 11:47:37,2017-03-18 11:47:37,2017-03-20 10:14:45,2017-03-28 14:23:33,2017-04-12,100bf2da12cc1fd1b556507aa87bf3a1,2017-03-18
6a3bb0cd9859ea8af859bd024ccb959d,1e8c548eef0854e00134eb5ca82d2670,delivered,2018-06-11 21:18:12,2018-06-11 21:40:52,2018-06-12 14:59:00,2018-06-13 19:27:36,2018-06-20,40bbfd65a90c6d69ed840a195bfa4312,2018-06-11
2b2e646f2556658e3d06c53ee0465153,d345248d0461cfb967ec4c9b02feb77d,delivered,2018-04-18 14:48:57,2018-04-18 15:11:27,2018-04-25 08:14:00,2018-04-30 18:28:39,2018-05-15,c65e4c1159907cd349e6b6e6c2fec285,2018-04-18
663daea291a5e96f0bc5db3b67a72b5c,71a06801bc27c0d2314e8c7deab81adf,delivered,2017-06-07 22:27:49,2017-06-09 02:30:34,2017-06-09 16:02:48,2017-06-19 12:22:24,2017-06-28,1e6b20395bc9690fe6735e6b6e0d2791,2017-06-07
3ed6a9a1b212121d7c0fde10bc8a65f2,25fb0e680ef70980bcd26f8a2729c794,delivered,2017-02-13 02:45:53,2017-02-13 03:02:50,2017-02-22 12:18:57,2017-03-02 12:42:14,2017-03-17,8256d76e17831256264dd7ac35024705,2017-02-13
5e002a958f5d0bd67227e52e2de7b450,3c0e79dd7a2fb999607a27161a484efb,delivered,2018-02-20 15:29:45,2018-02-20 15:48:44,2018-02-21 20:52:39,2018-02-28 22:29:04,2018-03-13,0ebafc630782e0a970a68e9fa8d74995,2018-02-20
379fed4a1ab7b5a3e8126fe0b76b9ebe,88d527116cfe395e822beea99fc73c12,delivered,2018-07-27 12:44:03,2018-07-27 13:20:11,2018-07-30 12:02:00,2018-07-31 14:53:55,2018-08-01,488b6351e048ce2bb695d12612dc33da,2018-07-27
1d6efdc47fc22d96340ff4b18566ef54,30f61268324b4137284bc56fee3f63cc,delivered,2018-08-15 08:52:48,2018-08-15 09:05:07,2018-08-21 13:47:00,2018-08-28 14:35:46,2018-09-18,5f169f1ca0d38f41c8bcf72ad1d8fb1d,2018-08-15
a2240447ddd7e5f9f6572b364e927009,3c01c0ac05ae7682df07dd707e4d49cb,delivered,2017-09-25 00:12:19,2017-09-25 00:25:17,2017-09-26 19:07:43,2017-10-01 17:37:37,2017-10-18,f23b862c391144dbb054efae4436e2e0,2017-09-25
03489476aad23c09fa16e1c46ad38044,8638f9c20217d9ca8eaa2bd445316c7b,delivered,2017-08-27 13:54:23,2017-08-27 15:04:09,2017-08-29 17:17:10,2017-09-02 15:52:32,2017-09-25,b84d0234fbc20556e933bf38acbcd21f,2017-08-27
2f70d6fc23a1899fd564c990dfcf51fc,927b5dc6871a9349fe880e674f2bed6d,delivered,2017-09-04 14:01:22,2017-09-05 04:10:19,2017-09-06 21:36:53,2017-09-11 14:57:26,2017-09-15,0066b328e72fd82fd7420bf849c0e8b4,2017-09-04
b46fff4b68b745db1498b3a260aaed5c,5845a34267863dd54bddd1579854ddc4,delivered,2018-08-05 09:36:09,2018-08-05 09:45:07,2018-08-06 16:59:00,2018-08-10 02:28:29,2018-08-21,9c47d2a6bee13d14391057197fb4def3,2018-08-05
3acbf8d525d03b71546282c532a3dc6b,b70d5f83bd11f46b13a82b2ee6392eb2,delivered,2018-01-17 21:59:08,2018-01-17 22:07:22,2018-01-18 21:03:20,2018-01-24 15:38:34,2018-02-15,56e4f649cb3c7534c9a74660a8c804fa,2018-01-17
2425bfa4b884a961d340ba2616f3be4e,e8bf6cb43a7dfdd51f49f81373b2854f,delivered,2017-03-16 10:48:27,2017-03-16 10:48:27,2017-03-20 10:26:57,2017-03-30 13:04:39,2017-04-10,405769fdc16ce7a1c0b26f91e96665b7,2017-03-16
dc7be13b2ee660f092e641982b4dfb69,7f5dca9152f748239a118f4462ad2c26,delivered,2018-01-21 08:17:29,2018-01-22 13:44:12,2018-01-22 22:09:49,2018-01-24 17:10:28,2018-02-06,286d8f01f94a8061cef05c7c49efd8a9,2018-01-21
6e9bb8c33064b3a94ab38ff1e71aa9ef,5332e4edbeef6f8ccb4bb0e9c7dd983b,delivered,2018-05-16 14:42:39,2018-05-17 02:55:31,2018-05-22 13:40:00,2018-06-07 16:26:59,2018-06-07,150e3c0ea68f0d5600f95f718dfd16af,2018-05-16
9e8d7ab8137bcd3cfeac577dddf35592,771460028f9bb4394935112dac04a6a4,delivered,2018-02-23 20:18:01,2018-02-23 20:27:49,2018-02-26 19:59:08,2018-03-23 15:03:07,2018-03-15,2f8e81a14c6c33ac220ae426c2762bd4,2018-02-23
c6f232800bcc02894a679417a1a93822,6dfbd0fd8391e9ae18140ebf6304989b,delivered,2018-06-24 23:39:16,2018-06-24 23:57:47,2018-06-25 15:16:00,2018-06-29 22:36:34,2018-08-03,d3742f1936109883f8b0f5c07de69010,2018-06-24
a4f71a0d584883f990018a219bb7dfb4,ef21c78da6a79f7c34a9e2ca1c0ae880,unavailable,2017-11-03 18:44:49,2017-11-04 06:10:24,,,2017-11-29,4f4cfd4238efefcaf3e6905ac8bb9e76,2017-11-03
773d4900b39c0f2c4987028481b98b34,988f1b1b4d7922adb1b70297950c5da3,delivered,2018-03-04 13:46:32,2018-03-06 03:35:31,2018-03-09 15:22:20,2018-03-12 20:57:25,2018-03-19,9b52ac9b6af1646f9370e15052f6c639,2018-03-04
0b76ed588a46e17ca968f7fcafab6c5f,779d2c4b51f1e1d7633a0971d70e979e,delivered,2018-01-22 16:27:29,2018-01-23 16:31:30,2018-01-24 19:42:45,2018-02-06 19:46:45,2018-02-20,4d6ab5bca155ae8db181e5f35ca89cd5,2018-01-22
19fb3160f1bdded8463061ab9385fbfc,addaf501d74472c8a4067d75c9606a37,delivered,2017-10-27 02:37:22,2017-10-27 02:50:09,2017-10-27 18:43:03,2017-11-16 22:32:24,2017-11-22,26de5f37a3eed5aa543737695f3ae0c8,2017-10-27
8ff03a9b59885483e679e9bcbcc60ae5,398d2b6902f0fee49283542ace401aa0,delivered,2018-06-08 18:18:46,2018-06-08 20:32:01,2018-06-11 13:24:00,2018-06-19 14:34:55,2018-07-11,76eac5f3123033b0d1c4afa420c65dd6,2018-06-08
210815e915694747f4d7f75010d5a665,987b15cf895b62d1fe337652f44f802f,delivered,2018-04-18 18:58:54,2018-04-18 19:12:57,2018-04-26 13:53:00,2018-06-08 16:53:49,2018-05-29,5ecc0af8adb07684da096d602bdec28c,2018-04-18
f89be3ed1cd9bd6531cff9ffea1c8546,ab9bbbff9759ecceeebcbb363cb484ed,delivered,2018-07-15 21:58:48,2018-07-15 22:05:24,2018-07-18 13:04:00,2018-07-24 14:51:57,2018-08-06,0dfa4719268ebf5d5fe164e4b7173dec,2018-07-15
403eded18ebb5bdaf010eb9050036fa4,7d118844fb2bc2f03cae5ed0e7327b62,delivered,2018-02-16 20:57:11,2018-02-16 21:10:27,2018-02-19 20:03:47,2018-03-02 17:33:48,2018-03-16,ad9fb1806c3a819b09745af024790126,2018-02-16
11c282981ca238ce75b48aa5a75bdeea,17d627c71b0f9cbedddb818f3be57921,delivered,2017-12-06 20:10:46,2017-12-06 20:32:26,2017-12-12 21:57:08,2018-01-04 22:18:01,2018-01-04,a3e5e237c5c0469d6a5db312af565b9d,2017-12-06
5d897972f7c8ca3878faa6d297a0173e,8696813c751f4e6bf28e6330e4b00104,shipped,2017-05-13 15:44:13,2017-05-14 15:50:15,2017-05-15 15:30:14,,2017-06-13,8cb4a8458ba800f78e1c69126332542e,2017-05-13
b52f66917d5dcb9b040622761f939b97,05b061099c358258e9ab7344cbb3a749,delivered,2017-05-29 20:39:57,2017-05-29 20:50:13,2017-05-30 16:12:59,2017-06-05 12:46:41,2017-06-28,bdb24501b24ad112c2e75f06ac91e92a,2017-05-29
9790041c37fe439f3ad230642670a149,85c6f198808c7f17373e37ea59b00e89,delivered,2018-01-22 17:10:42,2018-01-22 17:19:19,2018-01-24 18:52:39,2018-01-29 17:49:05,2018-03-02,c7df12cd34a2adf27cc42fdf2951ab0b,2018-01-22
9203da3a0188ae9cca20e56ccbb1bb93,f1a65c10185708a874f5f02d1153e003,shipped,2018-05-02 20:25:15,2018-05-03 20:31:09,2018-05-04 12:31:00,,2018-06-05,6a175b1576231d08128660bca2b7ecb6,2018-05-02
c387679d4cea1d6f624cec1542b9d359,76a1b8441dfc958f668898b0825fd102,delivered,2017-05-25 20:02:05,2017-05-27 03:02:42,2017-05-29 11:06:53,2017-06-05 12:23:39,2017-06-14,69960b64ad0d5746057b6f2c17f40db8,2017-05-25
b53daded44cdc3c3f3e1962c34ebdbf2,30577af64fd5fc68789a2f1d14b848de,delivered,2018-08-13 13:11:27,2018-08-14 08:55:28,2018-08-17 15:54:00,2018-08-22 18:53:51,2018-08-27,d1074e8f542a2d2679a819486bf21e59,2018-08-13
89ca1c6fae0e21f0395c0e3b1d89914e,07b23777533ca4b2107867f3ae97dce5,delivered,2018-03-20 16:27:48,2018-03-22 02:50:32,2018-03-22 21:32:14,2018-04-23 15:33:02,2018-04-11,222d4ec6f01f033c75dbac629c71f02a,2018-03-20
d9315248c746eae375828adf46ae3eca,7179ad6de5e40459dd6d155a79e0a8b8,delivered,2018-05-18 18:01:10,2018-05-18 18:19:26,2018-05-22 14:29:00,2018-06-06 20:26:25,2018-06-07,7fde21d6df63db6bdf76044b11ea1a79,2018-05-18
55eda25190659fb615a61fbbaa14013c,c129172a7b1a93b029911b83f0d49471,delivered,2018-05-16 16:44:38,2018-05-16 16:57:07,2018-05-18 11:18:00,2018-06-05 17:45:36,2018-06-11,534c5b8984cfbfdbc14d090ea1c5cbfc,2018-05-16
a3e4fb1d4c4c04deb731bae74f190339,82f7c186aba09154512a00de43c9502b,delivered,2018-03-17 17:01:02,2018-03-17 17:15:31,2018-03-19 17:03:02,2018-04-11 01:20:45,2018-05-02,b2f19722e5bad6a47b7a4b2967e8f683,2018-03-17
97ca549aa4a8d582d149002b880984f2,c7beb17a33909571d5a71b10f71b42ce,delivered,2017-09-26 09:11:45,2017-09-26 09:24:25,2017-09-27 16:58:06,2017-10-08 19:00:03,2017-10-24,c08baa0f88dcd77e1e66a267b58456dd,2017-09-26
315f64b276d746cc513f5579beb023cd,8bc28e85d4fd1b9141dbe7aa12ff5dd3,delivered,2018-03-02 09:47:42,2018-03-02 10:09:48,2018-03-08 00:38:40,2018-03-24 15:18:46,2018-03-27,405f59f925c8fd8a9a1ce7f2aa1fe7b1,2018-03-02
0e530f6be154c9d7e7b12f34153b0fc9,412144cf41fbb4eea53503a743dbb638,delivered,2017-03-15 22:36:29,2017-03-15 22:36:29,2017-03-17 11:53:38,2017-03-31 13:49:55,2017-04-13,af5db90ed4d85ebdf407c1507f5e3f3c,2017-03-15
d6ca1bec2f56a21f948613de255ac819,6c8517970908e8f1ea1eb8748e7fe6ea,delivered,2018-06-02 21:51:43,2018-06-02 22:11:38,2018-06-05 10:53:00,2018-06-06 23:33:10,2018-06-28,f26c85cba2922b73d13abfb7f2425a01,2018-06-02
ba65d70e8d6eebcfd0cb5d88c2497383,426ebfb18cd8d9be56b96b750c43375c,delivered,2018-02-07 13:57:59,2018-02-08 07:55:34,2018-02-09 19:34:06,2018-02-18 21:06:29,2018-03-08,0f9332d672a06633b36446b9eddc3640,2018-02-07
eadaca4f30575b6c3a4c4efebce9d252,b1e23a1a09fe2eb966159a77c524a828,delivered,2018-02-05 20:07:17,2018-02-08 08:56:14,2018-02-09 23:56:40,2018-03-20 00:41:59,2018-03-08,2a4361333837befa20e4637ba9d9ad80,2018-02-05
4b707ea4e7c08fa1180bf92bede67da0,1eea1a72f29237e9df4cf1025d118b04,delivered,2018-06-18 12:05:30,2018-06-18 12:37:20,2018-06-19 14:07:00,2018-06-25 21:48:22,2018-07-11,e90afe2da9e3db075bae22fb36d71f9b,2018-06-18
9023f19129c14dadfacec1394f255de9,a419883e5bb40642decd2eeea734da73,delivered,2017-08-19 00:15:41,2017-08-20 00:25:57,2017-08-23 15:16:34,2017-09-04 18:07:53,2017-09-13,c1064cacd1347c63effc6657998eac58,2017-08-19
f723bed53ca7e20f8a052677b83983e6,13e8322a6c779a53d2e57f269f720691,delivered,2018-07-19 19:38:45,2018-07-19 19:50:10,2018-07-23 06:59:00,2018-07-25 02:14:37,2018-08-16,fb92f4e7893526f1a0f301123f9d1a64,2018-07-19
39a2adce13ad153c1153a05130f65727,c0a56dec29214ca8e10a81ae440b6c5a,delivered,2017-10-13 19:10:58,2017-10-14 19:26:03,2017-10-17 20:22:42,2017-10-23 22:16:52,2017-11-06,53d9311d650a3e6bdba4696a36ac72f8,2017-10-13
72520be5b5b4c32b2ada295436e4472e,76e17b3467f6f930eaa9a1ce94ecf27a,delivered,2018-05-16 14:14:03,2018-05-16 16:31:25,2018-05-21 12:25:00,2018-05-25 00:44:24,2018-06-01,fe8282f689a7aa3d630b7a37a439de01,2018-05-16
a6f118bcb8721211afbb36e4a1e63610,e09c6265f1f8647749be9898aa511e98,delivered,2018-08-16 11:22:55,2018-08-16 11:35:12,2018-08-17 13:59:00,2018-08-18 18:04:33,2018-08-21,59e9260732bd3ec2fbb4bebd61acbffc,2018-08-16
1637fe3bb334a5aa79e8731cc76891b5,e837a3746937ea3957c5c12deb313036,delivered,2018-08-13 15:59:07,2018-08-14 04:50:16,2018-08-14 14:33:00,2018-08-15 19:03:16,2018-08-17,b9a6cc06e014f28e0ecd1d8f5eb84ac8,2018-08-13
f5068e06e9de577bdbfcb519ff9fb5c5,0f785087559e9facc142d63b1a81d70b,delivered,2018-01-10 08:45:23,2018-01-10 10:32:02,2018-01-10 22:51:41,2018-01-23 09:48:44,2018-02-05,6e4afe450ee7ad953724331f32967158,2018-01-10
c16ce7cb8754c1a23b18dda94ca20b02,a15bc01a5b7926fc4baf9c24a83919ae,delivered,2017-10-26 11:48:27,2017-10-27 06:50:06,2017-10-27 18:58:41,2017-11-08 16:12:23,2017-11-24,f04c5eac3249bc347f155884150e0180,2017-10-26
76f27a60facc0c9b7ee8344eeb60c7a1,f12d12275ee0e3b03bad2fa39ca732e3,delivered,2017-11-24 23:59:24,2017-11-25 02:54:32,2017-11-27 23:12:04,2017-12-05 23:46:54,2017-12-18,845e308a79e5ea49e577406abaed2844,2017-11-24
bcc786c10284d63d8d4c8a0a8c98428e,5cd7b9a71c9e3e244d8415f996c091ac,delivered,2018-02-02 16:36:06,2018-02-02 16:56:06,2018-02-06 01:04:28,2018-02-15 17:22:56,2018-03-08,9ae071d69456c929fe775a0eaa90cf77,2018-02-02
db92613c074f00e53066388d48ad7512,27a75731e54e65943d86577cbe7b2d08,delivered,2017-07-19 19:37:19,2017-07-19 19:50:19,2017-07-25 19:39:28,2017-07-26 20:33:33,2017-08-03,ec99f30f38afadbfbae32d5883734ded,2017-07-19
d3d01ef12056c188efd982d9ef923a8e,f146f93b48285479951451471d9edceb,delivered,2017-04-12 19:16:13,2017-04-13 02:15:09,2017-04-13 15:48:01,2017-04-20 17:10:32,2017-05-04,41ba62269e96e7f7ad4253c6f0edf1aa,2017-04-12
27bb59120b021cf6ebad6ea92f289d53,905e293bc89899eb20502ddf4c1ab279,delivered,2018-07-07 13:00:50,2018-07-07 16:05:50,2018-07-10 08:18:00,2018-07-30 17:05:18,2018-08-06,28c870d973fef4cc44351a68ccdd1d0b,2018-07-07
8f721642e759e681c6f467408a4edc47,6c4d1f47d8330211a3fdc593f51c2d34,delivered,2018-04-19 10:49:38,2018-04-19 11:36:47,2018-04-23 21:28:50,2018-04-24 22:04:16,2018-05-08,27ec5a5eab464ef187941136d80863d7,2018-04-19
a400b16a97414ec974f5a6910c28dbe5,682a5ec271640280d52832cdef1f1b57,delivered,2018-08-10 20:00:30,2018-08-10 20:10:18,2018-08-13 13:12:00,2018-08-20 19:03:34,2018-09-03,7c539e737a76fee1efafa00b105ab6d7,2018-08-10
4724d70419b2219c68e4ae60a03738f7,61cf203eb54db88ac8160700870481de,delivered,2017-02-06 12:20:35,2017-02-06 12:32:45,2017-02-09 04:13:53,2017-02-16 23:32:17,2017-03-01,8013deb00b5333bc668f40e6018292aa,2017-02-06
a15fc4ce7d1b1cd6ec005a2f267758d8,ab2edda563a03f3767a676f16b29f45b,delivered,2018-08-14 14:29:53,2018-08-14 14:44:19,2018-08-15 09:57:00,2018-08-20 13:58:31,2018-08-23,cbd74ad8bdf05d0b7284fe30d7473f2e,2018-08-14
100afaca9622960d56d99608309cd46b,3f75db6a3db29236e3e7975d66f376af,delivered,2017-11-22 21:04:23,2017-11-23 08:59:19,2017-11-24 16:52:11,2017-11-29 19:44:54,2017-12-08,f1816d8658fab00ae01119967614b514,2017-11-22
99ebf2356ee846e0509062456a454157,653d1bb20bc75577254028ece6cdf1ef,delivered,2018-05-01 21:43:31,2018-05-01 22:16:21,2018-05-04 13:16:00,2018-05-11 14:38:51,2018-06-01,de1fc2bc7c7a4ba4d87b67dbeebd6610,2018-05-01
10c41c0172ecd7694a6aa595629ce73d,14221eca1803e8feece63e0b10c6bee5,delivered,2018-02-07 13:58:35,2018-02-08 14:15:47,2018-02-09 22:41:42,2018-03-05 12:47:33,2018-03-08,f223b9bd7465af0a98824f10086c88fb,2018-02-07
0ba49faaf02e7dc9210e94cd777d1880,32f5f0b501cc2cc5753fab31971f2385,delivered,2017-12-19 23:47:35,2017-12-20 00:51:42,2017-12-20 20:33:18,2017-12-27 20:44:54,2018-01-15,77705170751a28565993fdde0bb73234,2017-12-19
20012c4dba68323c61f4536de28ed1bb,e26e08c2affcb04408e2f30cb37abbaa,delivered,2018-01-25 16:27:59,2018-01-25 16:39:25,2018-01-31 23:28:44,2018-02-05 15:54:53,2018-02-22,e2b062e8d4636ab2d99a8e675d7f7f3d,2018-01-25
fc0cb35623426de0611d0d45c4ba4f04,4cc0feb813529048d5f404e4ab50d1ba,delivered,2018-05-12 11:15:34,2018-05-15 04:35:06,2018-05-15 14:28:00,2018-05-18 19:34:48,2018-05-28,b3d742d345f6bee2afa252e0adec8a20,2018-05-12
3e50ccb3e4c2558e4235db553f8dc2b1,94b1e925c0b906a75bd2464a24243db3,delivered,2018-06-09 21:38:58,2018-06-09 21:51:02,2018-06-11 21:56:00,2018-06-15 01:26:37,2018-06-20,5363a5cf51015b74dc3fdac330f8af9f,2018-06-09
3f7adef1231a477e6ff24caefa8afd63,6647c7485d0a91fe4b176db1016d999e,delivered,2017-12-10 22:05:44,2017-12-10 23:08:49,2017-12-12 21:18:56,2017-12-15 16:33:00,2017-12-28,3de8d57dc110ecf3f7c2478627819138,2017-12-10
50ef70ab0e17f1d235cada82f7189bbb,a46a646a753f6ff3ddca8e7532a6889b,delivered,2018-06-09 10:24:21,2018-06-09 10:35:22,2018-06-11 11:58:00,2018-06-18 19:03:46,2018-07-05,939550a2c0964d6ad3d9974d3e626d0c,2018-06-09
d166f67781b7bd0b6a57efe3bb9c6f37,28f4edd235a1d069052e36b8e79ae217,delivered,2017-05-30 22:08:34,2017-05-30 22:22:46,2017-05-31 23:32:44,2017-06-14 17:17:44,2017-06-26,83c079de3b4108878cfd7b2c16154e82,2017-05-30
14a660c68eba46744faaf9b97ee7bfbc,356a7b8a722cb4c3b2041c0807c1ed8f,delivered,2017-11-24 15:38:53,2017-11-28 12:37:17,2017-12-04 20:34:18,2017-12-19 17:38:03,2017-12-21,e5dbfc983f1bcaed1c1db5c2beb7a423,2017-11-24
b71ab64303680993dd9892f9be490bfb,36c408645c6efa404b9ebd60139e68ca,delivered,2017-12-07 22:50:27,2017-12-07 23:12:07,2017-12-11 18:12:58,2017-12-28 09:58:53,2018-01-05,ec0684fb0d0fab4e257d758cf523572c,2017-12-07
40162ae5bb70d47120362293259bedb9,ae1815c0cb3a8c3bb4d78441b58783bc,delivered,2017-06-12 20:35:11,2017-06-12 20:50:19,2017-06-13 13:26:26,2017-06-27 13:59:40,2017-07-05,8cbe7a34a4ffbd77bf1e3ef1b52f2dcc,2017-06-12
f55846241ee01e6a5d8401e58d5b6c77,96ef8fb77cc2818a55b9f63961183f4a,delivered,2018-07-05 10:50:14,2018-07-06 03:11:22,2018-07-06 11:53:00,2018-07-13 19:41:59,2018-08-02,25d87acf54fe69af6859efb0711ae487,2018-07-05
194a5d341c8262e8c0adbaade970ed2a,aeec4d2f2951cc7132dd0a1186df6bb3,delivered,2017-09-29 10:02:52,2017-09-29 10:14:13,2017-10-02 14:18:05,2017-10-06 22:13:10,2017-10-26,c625980241a0b455133fea39fa500fda,2017-09-29
b56c08deae453133c59a527bb26c1a0c,020d4e12b05970e098dff43d6589d7e2,delivered,2018-03-09 13:45:03,2018-03-09 14:29:16,2018-03-13 00:02:18,2018-03-27 19:34:50,2018-04-04,b7127bf565643c3a29b42c1e2d309a99,2018-03-09
a771d79ec4b8d059bfb6e773f290cc1d,cdbde24991a0b156e7608bd872df8747,delivered,2018-07-21 08:57:30,2018-07-26 23:32:34,2018-07-24 15:52:00,2018-08-02 19:37:52,2018-08-16,e73dfc1e995ee8fd46663d6fa7136312,2018-07-21
42479ac38bbf5cd9ae3c7925876075d9,673f451239ecd7f7dc3d4ae5032a699d,delivered,2018-01-14 18:19:40,2018-01-14 18:28:34,2018-01-15 22:38:31,2018-01-17 14:32:58,2018-01-30,bb0ada7e70afd83079b2b9b664f898da,2018-01-14
e433edc92cb5e3ae5515301b3309e303,bb6a81fae449a2e3e9e681597076c571,delivered,2018-02-25 13:06:17,2018-02-27 03:31:02,2018-03-12 21:34:32,2018-03-19 22:36:35,2018-03-20,a5c93e7b12545f61cbf92efa2d77f1f3,2018-02-25
379281cb6937d39c00978dd24e8a71bb,b0da8feada4c6c91411715ee38b551d9,delivered,2018-05-24 16:58:49,2018-05-24 18:23:19,2018-05-28 13:04:00,2018-06-08 14:02:34,2018-06-20,4f1df93bf3331cbf67d4e0f6075d1dae,2018-05-24
cf38c31c188359d5573787afd3004356,7cae46765ea9901232b5d7971ada3524,delivered,2018-08-22 16:51:32,2018-08-22 17:04:38,2018-08-23 11:05:00,2018-08-24 18:58:33,2018-08-28,6d55b6103f942a114679dd75e8bcf719,2018-08-22
de6ecf000012d5db3960671b364f9c33,d1d142ee7d202450c0699834ea26a031,delivered,2017-07-03 16:50:27,2017-07-04 08:23:57,2017-07-06 17:13:00,2017-07-21 17:21:31,2017-08-02,bdb62e5c5b9046614717e3aa6194c686,2017-07-03
c711de196a80086f6a5e179979fa4557,f28e7f3b63f96a1cfa3898ba6ca4ce65,delivered,2018-01-05 16:13:45,2018-01-08 15:37:30,2018-01-09 22:43:43,2018-02-01 02:33:08,2018-02-05,d796d683a934a71389315b24832b3470,2018-01-05
014fc889637133d9075190ba873dfc03,20296443465a67e0ac27c5a61f685453,delivered,2018-01-18 14:36:40,2018-01-18 14:55:57,2018-01-22 22:41:39,2018-01-24 17:13:08,2018-02-02,b0cc15ee23845ff07ad13a3af4f34a46,2018-01-18
54cddd83908c41b0827527921ecd4efb,fed52b16378d5a6a91126dc5ebec1c97,delivered,2018-04-06 15:31:13,2018-04-06 15:50:03,2018-04-09 17:12:29,2018-04-24 17:36:47,2018-04-25,c019d6df3006005dda2d7a09cb95cd70,2018-04-06
ec185b109151e5f34dc3fd3cbb3398ad,49c6eab5ef3937e831f930b435a865c9,delivered,2018-06-19 15:48:11,2018-06-19 16:25:23,2018-06-21 14:22:00,2018-06-28 19:32:47,2018-07-16,f6e24a8ed9e6015242b1f988eabaef95,2018-06-19
69916f0664db53d3c547f4a5644f701a,cb97954d835d52a03489a8ac745ca046,delivered,2017-07-04 17:43:43,2017-07-06 03:23:45,2017-07-06 15:25:14,2017-07-13 20:59:46,2017-08-04,60a86c2edc885538d3af59fcd44bc37d,2017-07-04
5b0abacd375bd7093422a42eaf889d7d,51154f38c84e78ea286ae12b3815b74e,delivered,2017-04-10 22:39:25,2017-04-10 22:50:17,2017-04-11 13:29:45,2017-04-18 13:05:54,2017-05-02,23f96accb30941942f28b43abe179046,2017-04-10
8767f36960352a7d9b94e1857a45c981,31b1a8a4bc56ec61e5a3bb174d4e5318,delivered,2018-05-28 20:59:27,2018-05-28 21:16:27,2018-05-29 13:14:00,2018-06-06 19:06:24,2018-07-04,b4b92c6343a1b84d085bdb4518b78d1c,2018-05-28
a00b897f3877d33635b6c8c9b8ef5984,3abcbb18503daf89323e9588fd12dfdb,delivered,2017-12-18 13:49:03,2017-12-19 09:51:52,2017-12-20 22:43:05,2017-12-22 23:48:54,2018-01-12,545473280a6a2d5139ffec53a0b93a9f,2017-12-18
46f0668d5961419489c708d57e9e99bb,b7204e7f766871c1b9e3f0ca7d745076,delivered,2018-08-01 08:10:26,2018-08-01 08:25:13,2018-08-03 09:47:00,2018-08-07 15:31:51,2018-08-21,f4db22627eac951b3227c89fe131433c,2018-08-01
f6e9580f8deef178a36961e557370459,a58a4c91075481981cc978bcdeec27fb,delivered,2018-01-14 21:10:16,2018-01-14 21:30:01,2018-01-17 20:37:56,2018-02-01 17:31:42,2018-02-05,2e38bca431661c403a3756836fd73071,2018-01-14
46f4a081ff99f052875639e33bf5d1d5,f86397554a5832c14ba104c85bbe7c39,delivered,2017-10-09 20:39:31,2017-10-10 20:49:57,2017-10-21 12:42:01,2017-10-28 10:08:42,2017-10-26,1d71bf5e229fe3adb525f21057517ba6,2017-10-09
4dee9311551fdbf93257d21271e0f1eb,b75ed88769f013db7e68d0edd67afce6,delivered,2017-11-14 11:50:16,2017-11-14 12:06:42,2017-11-17 14:13:00,2017-11-24 19:39:32,2017-12-06,467f5246de46dbcd4fc10271374c37bf,2017-11-14
1f146ef2973ac65116ed3fcd8c27d507,84719aec15dc5adfdc2b8d167619f343,delivered,2017-08-03 19:56:56,2017-08-03 20:10:16,2017-08-04 22:17:29,2017-08-10 18:32:18,2017-08-25,26d86a89365a010c1be9f55941ec2426,2017-08-03
c11c9be46e58763df468f1b5521acf37,5e840ce3316b0e8d7d4722ffd91775a2,delivered,2018-02-08 14:19:47,2018-02-08 14:30:30,2018-02-09 00:04:41,2018-03-06 02:56:15,2018-03-13,b480b292d507cfca0e1e9016ecd4dbd5,2018-02-08
f663cd54c8e0dc104d710bec68d600ad,5fb9e91fe042e31899759eaaef232c4e,delivered,2018-05-31 13:16:15,2018-05-31 13:35:20,2018-06-12 12:25:00,2018-06-13 18:28:50,2018-06-19,a4910224c55bd5d79612f843fcef1976,2018-05-31
7febb62dd1fd8962d1065fe5ffcacb01,b709a76dcf1fbb025469a62ba294ab0f,delivered,2017-11-07 17:22:00,2017-11-07 19:15:30,2017-11-08 17:59:02,2017-11-21 19:41:57,2017-12-05,4cd1a7f6c61d7ef23f654bcc8d6476f1,2017-11-07
9f0c13b24f453a9e258b56bd898c90ed,6283f75903e27897d42387f049a99379,delivered,2018-06-17 10:35:13,2018-06-17 11:01:06,2018-06-18 13:28:00,2018-07-06 15:06:42,2018-07-20,08bb3cf995cc833f1d3a49bccdfb8f46,2018-06-17
aa05f92f41748b3327711e6cc9ee9fc5,560eb8573a085b95bc6c26afa74ff45b,delivered,2017-10-02 20:56:44,2017-10-02 21:07:23,2017-10-03 19:28:18,2017-10-16 16:48:04,2017-11-16,412c581c63cce7bdcd3fc76f9b9f5350,2017-10-02
a6bf5dacdd39006545530c216e48cd9d,a9ace71b0345a6f1a1a36e0baec156f2,delivered,2017-08-07 19:38:03,2017-08-08 19:45:14,2017-08-09 16:47:55,2017-08-18 18:19:28,2017-08-31,ca0cd3df6d6d19d7f9a1b95c0465b52f,2017-08-07
19bf02099b31db3f2f5d1bfb4fbf49c4,ad3aae554288c46c86360f95b3dc79aa,unavailable,2017-11-02 14:44:50,2017-11-02 15:05:46,,,2017-11-16,449865938212a6f6974766a5011247a8,2017-11-02
2af637f73b0d20f5ccc52704b0ae766b,65285bcee139a301804fe5f216243c9e,delivered,2018-06-02 17:28:29,2018-06-02 17:50:13,2018-06-05 15:33:00,2018-06-11 14:08:52,2018-07-05,ae7d1a576a01b2e32e52052cf544acc4,2018-06-02
9da5902b9f9210f370a81ff8edeafe62,368cbdd696020410f70f2dcf1ec31f72,delivered,2017-09-11 13:01:11,2017-09-12 04:26:14,2017-09-12 20:13:06,2017-09-18 14:22:44,2017-09-29,5bfb289793467d2fc6dd76b8643bd5dc,2017-09-11
a009d7c1bdc1d3695519bee1519a07b9,b265a66c9a306642b1ca3d770f8f3c20,delivered,2018-04-02 00:14:15,2018-04-03 07:08:23,2018-04-03 18:58:57,2018-04-12 21:46:47,2018-04-27,1ab3407aad9c472232e3a1a91f98c45c,2018-04-02
ff74eadad84626e98512334e5296adeb,a5c3fc2737b72cf22b861fc1a2a49739,delivered,2018-03-03 20:17:36,2018-03-03 20:28:45,2018-03-06 17:39:47,2018-03-09 13:17:29,2018-03-19,8746d64253b840c27f56ccc4d7eaca2b,2018-03-03
abf13b8dcb8e2e64effdbee05189e67f,8a3f837400df24b6818eb20407116034,delivered,2018-04-11 23:34:10,2018-04-13 12:50:35,2018-04-16 12:52:37,2018-04-20 22:49:08,2018-05-18,b02f86efc565dbc764caaae2e962fd1a,2018-04-11
d1e5237eb0c4c0217788a139ec5b1be8,1e126171f67fd52ffcff334f4a08d5b7,delivered,2018-04-11 12:19:56,2018-04-11 12:37:16,2018-04-16 22:10:40,2018-04-24 20:22:14,2018-05-21,302a7e3d258e16038c0a259fb1dd6d60,2018-04-11
79703330f9510623f0ef157d661011c5,4d47256b68384c4d94ab6f64b0b25e0a,delivered,2017-05-10 00:19:05,2017-05-10 01:25:15,2017-05-10 13:39:50,2017-05-12 10:37:55,2017-05-29,cf8ab18d79df5b9a7707e972e77c460c,2017-05-10
996cd9e097ee0f1de35f36b640ef2364,43120eb3c2526e5eba344d7b8514c7a0,delivered,2017-05-01 14:00:06,2017-05-01 14:10:16,2017-05-02 12:03:37,2017-05-09 12:23:51,2017-06-12,b63d9860c48fa7b3688fad6d5ffcd6a4,2017-05-01
fb1ed0a411ea8819f0de26fd7736873d,c8e657a3fb2421cdfda734babda66e37,delivered,2017-05-19 07:31:42,2017-05-19 07:42:45,2017-05-19 13:07:20,2017-05-25 13:54:43,2017-06-01,a57010ebc7bbdc86b879da2a6ec48c53,2017-05-19
d244f2083d5bb47133c5b240a8f6013d,987792d50bb54634e7d921c843a4c0c9,delivered,2017-06-11 23:09:59,2017-06-11 23:25:17,2017-06-12 12:39:27,2017-06-19 18:50:02,2017-07-10,c2693a7cf9b97a0d610da608731669c8,2017-06-11
b77af0f085899f41789146b20028f90a,8880f6287b06f77a5a03afbb32351be1,delivered,2017-07-28 07:33:38,2017-07-28 07:43:22,2017-08-02 19:09:27,2017-08-11 00:55:05,2017-08-30,11a8eddbf65116648831aa5a01944c0d,2017-07-28
e37feadc571ee63dee76cb4421db723b,254f8b79f6adba215152f0b3c57fecd5,delivered,2017-03-15 23:17:08,2017-03-15 23:17:08,2017-03-16 09:55:26,2017-03-21 11:25:07,2017-04-03,7084c3cc2953cc5cbf35b92fff1e71cc,2017-03-15
5698301facad559e3efdf43331ee9fbb,21c6948e51a6ba4b7c7cf23a5bbfbf68,delivered,2018-07-31 21:12:24,2018-07-31 21:31:35,2018-08-02 07:59:00,2018-08-06 19:27:40,2018-08-14,37466c67c3becb974e230f418df28055,2018-07-31
71bd2b49a4e92c385e1c668b56aea592,3b95c4229bb6dd69d0a37d4ad447cd5a,delivered,2018-08-16 10:59:55,2018-08-16 13:44:21,2018-08-17 15:38:00,2018-08-22 15:18:39,2018-09-04,072d62b795f5ddb501c3ed1d5c5079ed,2018-08-16
5dc415d2a18c5bf06c2525fae14fb537,6f8f59c663734b3f188aba68f54342c3,delivered,2018-01-02 13:08:31,2018-01-02 13:16:26,2018-01-24 18:09:24,2018-01-28 13:13:23,2018-02-02,fa82add3040266ce63fb186c845f56ef,2018-01-02
2ed2aef2fa258dd0d58efbaf2eba622a,2baf7b990d434514d27a86ea5bca2864,delivered,2018-06-21 21:51:36,2018-06-21 22:18:00,2018-06-22 11:10:00,2018-06-28 21:11:11,2018-07-18,9a1c33e3a64a4a56497a230e5a153ef7,2018-06-21
f9682c67b4be66779d1ccdb17aee33f1,13e56bf1c485ef13438118c361f92527,delivered,2018-07-03 22:53:10,2018-07-05 16:40:50,2018-07-04 15:12:00,2018-07-10 01:22:24,2018-07-25,d6c6b796206305b682a65170c45d26e3,2018-07-03
c269cce123fb9db14b5d2cbe52b36ea5,8cd37167a058d200beb23cb47ee2e59f,delivered,2017-10-30 08:48:43,2017-10-31 03:50:29,2017-10-31 16:48:43,2017-11-08 23:25:04,2017-11-17,299458bde82cede9e6b3e94633bdd963,2017-10-30
e74930a3631aba0e06d1a0ca1bb470b8,754d65c709a58ea22bf44aa56b4c3e40,delivered,2018-03-15 15:33:52,2018-03-16 04:15:15,2018-03-16 22:28:45,2018-04-14 13:24:46,2018-04-20,7a577b09a683cb8c28c168b2c0acec61,2018-03-15
36e2a95392e7e15e80e0937066007a56,0e7a526b73f0342ab3cd037f4b4a2249,delivered,2018-03-16 16:33:19,2018-03-16 16:50:33,2018-03-19 22:57:44,2018-04-10 14:28:32,2018-04-12,c9aa80e7fe729bf28c9cc28e48f8a5bd,2018-03-16
a711032f5b2df3b039238b1a273076b8,9393744f4214f430a813fee1316567e2,delivered,2018-04-04 18:08:41,2018-04-04 18:15:19,2018-04-07 22:03:07,2018-04-22 21:05:11,2018-05-03,927c1b4bd2d326409fd16eeedaa9ea30,2018-04-04
58fa3cd471625c6384fc92e41508b3a6,708e93cac3d323459af22061a0556f26,delivered,2018-01-11 17:17:15,2018-01-12 17:09:19,2018-01-16 00:18:27,2018-02-02 17:46:21,2018-02-09,24778d486978a0cc32ba430ded33ff1e,2018-01-11
a372fdd360569fb483549dd211ba9da4,cf95dfe51ec731b2c0f9989fa7552591,delivered,2017-12-30 21:12:07,2017-12-30 21:19:18,2018-01-04 22:38:12,2018-01-29 19:56:51,2018-01-31,f4aa6200cc73de4d2eec1ff37a131a18,2017-12-30
e0e0ed26ffcd10565fb073f96045d4f1,8e11f6a9bcea2c1c95a7ff11b0316b22,delivered,2018-08-09 15:42:49,2018-08-09 17:25:14,2018-08-10 12:38:00,2018-08-14 20:22:23,2018-08-23,563b980dde8fd13268c0fa66541c141c,2018-08-09
5c8f5c5b673cdee6d10b29d06ddf0c13,73266b890f2a488defa51ddfe4ec9be3,delivered,2017-11-25 01:17:19,2017-11-28 03:42:05,2017-11-28 19:36:08,2017-12-04 18:12:25,2017-12-19,979851d650459bc5f67ad8ebccd5829a,2017-11-25
0eccc15fe0cf8638062ecf10382350f1,21078c8fac1a0e33a4ff86590d39e060,delivered,2018-05-29 17:14:23,2018-05-31 03:35:58,2018-06-06 10:53:00,2018-06-18 20:17:36,2018-07-05,15a7cf878fc7763ee5e06a4daac49c9e,2018-05-29
87d127f1245b38bd026c3ad2b6258c22,83604e527c9f0078373811a78d975402,delivered,2017-12-29 22:18:01,2017-12-29 22:29:25,2018-01-02 19:18:47,2018-01-04 15:59:54,2018-01-18,f0171b36faf1ce03f0cd9b9599af78bb,2017-12-29
17c27a26080bebdb67c4807b9b51b8ff,02d93c4e652308b5edeee1ab3e13eab5,delivered,2017-10-10 22:11:21,2017-10-10 23:08:21,2017-10-11 16:05:18,2017-10-27 22:04:28,2017-11-09,b2377deab9b0f65aed08b2baf26467b8,2017-10-10
16ed456866d66d9108a13a17374364c4,2a85262d5820f1bc5e59867c55cea931,delivered,2018-02-09 20:04:45,2018-02-10 20:28:28,2018-02-16 00:22:13,2018-03-27 22:33:04,2018-03-06,3f1cf8ad86bdbd1f5d8a20bf0660d60e,2018-02-09
dfc5bd74d2e77292cdd66e032ac3cae2,609eaf3a9736c26e1956c125c5cda487,delivered,2018-08-21 17:43:47,2018-08-21 17:55:19,2018-08-22 14:10:00,2018-08-27 22:28:46,2018-09-05,65c413f2ef25d30506eb87aee5c2563e,2018-08-21
063f2375ecf74934d05e78a476f92cb5,50c98ff80c62d9255b10fff5f2fb57cd,delivered,2018-07-08 10:20:36,2018-07-11 03:45:49,2018-07-19 09:40:00,2018-07-27 16:31:06,2018-08-03,68b2f280dde54a7a08e32cdc98a41caf,2018-07-08
588c0e3b460d83b9cd8a270edc0f4da0,6c8a03b35eb1de3c0012232b0ff0522d,delivered,2017-11-07 12:44:04,2017-11-08 13:55:55,2017-11-13 14:24:35,2017-12-08 17:44:54,2017-12-05,700a5f7e65dfd8b3fb6be10dff7e1065,2017-11-07
daece90b61801c766fe21e0922574566,acbb67302cc6dd998fbe9f0d24633164,delivered,2018-04-26 10:24:43,2018-04-26 10:50:09,2018-04-27 15:51:00,2018-05-04 11:18:42,2018-05-21,9cb94124fb0fda10d04fccc5477573b6,2018-04-26
f30fa14e2b0495b15843f4fa7e1287b1,039afda3072825c183a2ec67468cf1b7,delivered,2017-03-11 00:27:23,2017-03-11 00:27:23,2017-03-14 11:42:48,2017-03-17 13:22:18,2017-04-10,b30dc2706c2d00ef71ed80a75eb242f7,2017-03-11
b7c0da6da0a4987fd0b793c77ebbb06a,f48021d46a7c5b0a77b16ea28981cfd8,delivered,2017-10-31 21:51:02,2017-10-31 22:06:03,2017-11-01 15:52:18,2017-11-09 23:46:45,2017-11-23,176aa9e3397ca9f9c2f8415db97d3caf,2017-10-31
4e71da193c31f98d4b7c85960d89cdd2,fc3461ec6d216082b26ec3018c687c1c,delivered,2017-07-18 17:53:14,2017-07-18 18:05:54,2017-07-20 20:06:03,2017-07-28 19:17:33,2017-08-15,42779538173a32e16270a30221b35c74,2017-07-18
7cfdf7265c9572fc7b7cbd3b9cc438b7,00791d8bb3acb245dc0b865656e18fff,delivered,2018-08-21 12:20:32,2018-08-21 12:30:56,2018-08-23 06:55:00,2018-08-27 19:18:43,2018-10-02,56b6eede1b10925212f054a7ba614796,2018-08-21
4123a46501472ba0fa021d7532462e27,bc1cfdbdfa0e1499a18607f73b802427,delivered,2018-06-29 14:12:57,2018-06-29 14:31:54,2018-07-02 14:08:00,2018-07-05 18:22:03,2018-07-24,9bc4ef23c74dcd13aa52c0c7f9dd8c65,2018-06-29
d7b0fbace1976ca8aeb0e670bfcaf77b,de8eb4cf6668c16796ddc54b1ba9d7f1,delivered,2017-02-26 14:53:38,2017-02-26 15:05:17,2017-03-03 12:17:45,2017-03-13 12:28:10,2017-03-30,da8f0964f0ff267e4bec8d4db6648ed0,2017-02-26
a8c403407745aac434946d5058faa6a6,ece32f7a106669d2eae9af403290a97b,delivered,2018-02-05 02:12:23,2018-02-05 02:29:44,2018-02-06 21:52:44,2018-02-08 18:42:47,2018-03-01,7f0931655fd8d40add0f47fc6f0e3b20,2018-02-05
f575abcdfc41c92620209cde9f332da2,3687dde094f4851637819478d3b91b6e,delivered,2018-04-18 15:36:18,2018-04-19 02:32:34,2018-04-19 22:55:21,2018-05-13 18:18:40,2018-05-21,0908bb620f83d7f5b5ab9f3f6c24a9b9,2018-04-18
a25a1aa8a0c5423cc8e581b616050539,a7bff776f2bba5d3d056db8e90775dae,delivered,2018-03-05 15:16:28,2018-03-07 02:49:10,2018-03-13 18:08:26,2018-04-11 20:38:35,2018-04-05,11e77fd0f5c56b4620a19f7ecbec0373,2018-03-05
11b60d2ade27b3b62de1a84efc95ecdd,3b704509d9f2dc2bda994980f4e94f59,delivered,2017-07-13 09:48:05,2017-07-14 06:43:53,2017-07-14 18:34:25,2017-07-27 19:45:04,2017-08-04,c80f825a1180d6e778a9c96459aa5ada,2017-07-13
17c13a317d710c0c018bc54017be9748,9f34c29227ab93336545ccb44ac5d92e,delivered,2018-02-19 22:31:34,2018-02-19 23:35:22,2018-02-20 22:58:49,2018-03-14 22:56:22,2018-03-22,bf9d1e2df54a068d1a9ea18fa1f22491,2018-02-19
61a053bc86c758ab5c4bdf7cd5526344,fb0eac929cf594b28afc7babefa7dc56,delivered,2017-12-17 16:12:03,2017-12-17 17:13:40,2017-12-19 20:46:59,2017-12-26 21:35:46,2018-01-11,bd81b8a5591e3b0c3402ff5889353eba,2017-12-17
bee2b7c6076a73bf21b6fef8fccd6691,1b783780ad0009e60bf782fdb39b92b0,delivered,2017-10-10 13:38:00,2017-10-10 13:50:27,2017-10-18 20:44:58,2017-10-23 15:26:51,2017-10-23,9dbbea7af339a71fa00816b6fa789208,2017-10-10
9cd2736eb96c50673ad7bb77faacf085,2b9aee680f290817677da223b212f7df,delivered,2018-01-30 21:34:22,2018-01-30 21:53:42,2018-02-03 14:45:00,2018-02-15 14:19:25,2018-03-01,c9f630948a29571339069519adb0630d,2018-01-30
9a644b0665b05efe4a2f28604a10df23,e919fefa92c39ca09b28cd2f12487191,delivered,2017-11-18 10:30:47,2017-11-18 10:51:17,2017-11-21 15:59:55,2017-11-24 21:27:44,2017-12-07,b05376de50b6142f656575ac6856af85,2017-11-18
726050586b99cf152bd2d7ea5065b7dc,d6ac765eb88dac1e9afcc6fae60c5e1d,delivered,2018-04-28 10:07:38,2018-04-28 10:29:35,2018-05-02 14:36:00,2018-05-08 20:24:54,2018-05-28,c00c3c4e673ee04fa2bdcb0b090aec70,2018-04-28
0b77e4a3c5557d452990e1cd1136f0b5,bde5733ad57dfbe76eca8a4983847114,delivered,2017-12-17 15:48:33,2017-12-19 09:51:25,2017-12-19 18:52:39,2017-12-29 14:22:11,2018-01-11,0d65711a98267875c8ac69b583e1e962,2017-12-17
265dd67c951ed49718e284b11333e376,83926b712b383efbab4d2ecc4a3343a8,delivered,2017-07-13 13:28:55,2017-07-14 02:15:22,2017-07-14 20:15:54,2017-07-25 22:03:03,2017-08-16,c1c93c947ae372295753fef3285c2d61,2017-07-13
e28af6871de556face371e45277e28aa,0309690623536dfb91d1ba2154c69507,delivered,2018-05-01 12:24:00,2018-05-01 12:35:17,2018-05-02 15:13:00,2018-05-04 18:28:40,2018-05-15,65add562a547172ae1df60bee8f0b0a8,2018-05-01
bcf2e0138ecf66a8688ab369b802d57a,a6a4a92ed2dfb40d31282925d93feebd,delivered,2017-09-19 01:02:44,2017-09-19 01:10:20,2017-09-19 16:47:01,2017-09-20 17:21:48,2017-09-29,6469f99c1f9dfae7733b25662e7f1782,2017-09-19
8736b69cbb962e5cd374e33521430db9,086996a8ac3477231df1f33d2698933e,delivered,2017-02-25 11:27:44,2017-03-02 04:05:21,2017-03-02 13:38:41,2017-03-08 17:25:41,2017-04-03,b6a33694a61ce90b222b3d23d9ba5f4e,2017-02-25
cf6ed66599cd48144b174a41097963eb,782f2405f1685183416ae504fabdc09b,delivered,2017-02-15 09:55:56,2017-02-17 02:05:22,2017-02-24 06:34:07,2017-03-01 15:29:01,2017-03-16,8fe5c792667c648a71624f6ecbb174e2,2017-02-15
ee322441ebc09f27527228ba13b2a9ba,61fe1c02cfcba0af06caa5685fec84df,delivered,2018-03-31 11:50:10,2018-03-31 12:08:44,2018-04-05 00:14:30,2018-04-13 16:58:53,2018-04-20,d821ebfbfed26c688e0f3161f9ec5f9a,2018-03-31
e055ea75678450065cbfb7af8fc4d16e,9ffc09532c583dec3640470a69d423f7,delivered,2018-03-22 10:37:12,2018-03-22 10:49:33,2018-03-26 23:09:04,2018-04-03 19:47:11,2018-04-16,7e6c2778b54ad2dd4f5832646556873e,2018-03-22
a296d4fb5d1e460c4834cd4a6da871d3,8f4a2aae4e1857316913d995047dd100,delivered,2018-05-21 10:57:39,2018-05-21 15:31:55,2018-05-22 14:12:00,2018-06-08 17:20:40,2018-06-14,9677f00a5ddfbd6b9ea12f180d14c911,2018-05-21
fcf9b8fad0bf8c9ebbe6ac43a434d0d9,38488c59ca50203c33c42971cb795edb,delivered,2017-08-04 11:17:00,2017-08-04 11:30:14,2017-08-14 15:58:16,2017-08-28 20:07:31,2017-09-05,82cc038f19c1db3817885aac7fff71e2,2017-08-04
d52b1795d584c884bb9c831365a62599,25d21d871c5b1e6193de2b420828b6c8,delivered,2017-11-25 10:40:57,2017-11-27 10:59:28,2017-11-29 13:52:03,2017-12-05 22:42:13,2017-12-20,a3c0fe904d6f4e0859ec129508377600,2017-11-25
dd080c5aab990b09aebe68a9388942ed,39d259d726ade44a7e8f52bee95b3726,delivered,2017-10-18 15:25:12,2017-10-18 15:36:00,2017-10-19 18:42:30,2017-10-26 21:52:14,2017-11-06,73d1326ea19116c80b3a05fac829074e,2017-10-18
d0caf7e56d00688a96b150cee9afc889,38631c3e9dcee572c99e01ab39a41738,delivered,2017-11-28 12:01:28,2017-11-30 13:31:19,2017-12-02 00:09:16,2017-12-08 17:06:47,2017-12-22,0306523eba173aceb52ad42fbaadcd0e,2017-11-28
7a43439d03078dce6fa291258b5d9796,8bf4cd387c05a3f413601e3aeacf4765,delivered,2018-07-03 20:46:02,2018-07-05 16:40:38,2018-07-04 14:02:00,2018-07-05 23:59:48,2018-07-18,2b548cb5fbdf6491a985532146619161,2018-07-03
69840aae60642aee7093192b37961c08,5c51fe11e0c3a016201653955c6090ee,delivered,2018-07-05 00:58:05,2018-07-06 03:11:21,2018-07-11 10:39:00,2018-07-14 00:04:50,2018-07-25,906a8a4ec9f3d4c3e64fa6d1c4fe6009,2018-07-05
f5139e1e815c2c43601a4525c4716188,8a2d4106bb0fe89154f1b097e5e19846,delivered,2017-04-17 20:22:59,2017-04-19 02:45:33,2017-04-20 08:35:38,2017-05-28 08:21:46,2017-05-11,c2f5d355bf122dba8aaf0c428073aa85,2017-04-17
677c865b89aa97e7dbeb4bfbb50bbcfd,529d3f46584a8fa9027777a9c7d5a1fc,delivered,2018-08-14 23:08:33,2018-08-14 23:24:13,2018-08-23 12:51:00,2018-08-24 23:42:42,2018-08-31,e1881c7d99c20ca24a49cf18f115db40,2018-08-14
f781dacd75aa73166785a35929546894,6fa16a8d44a2d9a89710e9758688c7f2,delivered,2016-10-06 08:58:04,2016-10-06 16:08:04,2016-10-28 14:12:59,2016-11-08 13:08:37,2016-11-28,840048bff3cbd6d92d97a3816521222e,2016-10-06
6bfac9a0bcb72747337ef88822279264,b19eacac05a3fa6c61ea12d1a138e048,delivered,2018-02-12 22:46:28,2018-02-12 23:08:06,2018-02-16 01:15:06,2018-03-01 14:31:23,2018-03-08,858732dccff51c5fe08356c4728f2e41,2018-02-12
8e62788b1e26aaa3f5786c80788880e7,f653c60411d7c29ee2524922d2f5e39d,delivered,2017-04-04 10:34:49,2017-04-04 10:45:12,2017-04-12 07:58:37,2017-04-19 13:37:24,2017-05-08,96e7781aa131bc5f59f6d00840e73b20,2017-04-04
8490980aaf59839a601c4184474b9220,94da0318e77932de7618aa1aead5fa77,delivered,2017-10-26 13:25:03,2017-10-26 13:49:27,2017-10-27 17:35:59,2017-11-03 14:34:51,2017-11-08,48cfb1ec8875f03ad35e4b714d1450b3,2017-10-26
73ad0cf325e9300090db7df611ff9cd5,dbcb1324edbae3c217680ce32b431219,delivered,2018-02-15 13:13:28,2018-02-15 13:47:18,2018-02-15 22:53:32,2018-03-13 23:51:34,2018-03-26,2dbf84e156e94983506643bad98b75a2,2018-02-15
977f5221b08a45da8fe709f381bff244,b854502abd65c2e5671d647a47e53ce7,delivered,2018-03-15 11:48:50,2018-03-15 12:09:50,2018-03-16 19:37:33,2018-03-27 01:47:23,2018-04-05,f4cd46b03c2a57ccee26a2ec82631daf,2018-03-15
c0ce66c3dd07402eb250615c04b32b04,5dd80bdac6682cd84f82271ba232afbb,delivered,2017-06-06 09:16:33,2017-06-06 10:02:21,2017-06-06 16:24:25,2017-06-19 16:42:25,2017-07-06,f464aa95cbecb86320856dd2073ad052,2017-06-06
7856ac3dde097902ad5fc94c787045c5,cab529ea499b05123eeaf6901f7be818,delivered,2018-03-11 00:31:21,2018-03-11 00:48:23,2018-03-15 22:22:20,2018-04-03 00:58:30,2018-04-03,7d0b9f174ed5e7334a04cc042152a6fe,2018-03-11
9d158e6d758e314a85584c5a6c9e5b8c,53fb0f39bc6effe2c89be509e2a9f6bf,delivered,2018-04-01 09:13:11,2018-04-01 09:27:16,2018-04-03 14:41:42,2018-04-13 17:56:35,2018-04-18,4cb03f90958ee63fa3fe34de22a04110,2018-04-01
7858a830420b9bc393b55bcf268eeb36,bdf4c05b0e0134b6f6ba6e7c7793849b,delivered,2018-08-05 21:12:12,2018-08-05 21:24:27,2018-08-06 16:52:00,2018-08-09 17:58:47,2018-08-28,3cb378e234a3ccc64f737a6bc4cad150,2018-08-05
f8d5d7ba22e58d80d291b95ac9de9f8b,d301984d2822130093f2d97255ba7f23,delivered,2017-08-30 19:45:25,2017-08-30 20:04:36,2017-09-04 17:22:50,2017-09-05 14:47:51,2017-09-18,9d31457a03125fc870787a251760315a,2017-08-30
2ee7854c6d1ee4b64e27764b46dc99ca,5d3c9530c128a383ad3335377d9654e1,delivered,2017-09-14 12:37:20,2017-09-14 12:50:15,2017-09-15 19:53:34,2017-09-19 13:38:40,2017-09-26,29ec863e9db5d3362ee2118c277f8d66,2017-09-14
52a3cfb8a44b79a2e8d6e52ea5ff5b13,245a51ffde7f4ad67eff5083ddf0b3bc,delivered,2017-07-03 23:50:35,2017-07-04 00:05:07,2017-07-04 15:45:12,2017-07-18 19:36:33,2017-07-27,a6834e35652683d67adaaa455b1214ef,2017-07-03
8e5a8b1f6cf7513edaf3bf7c5573ebf4,c558d21ca617433df233c7af51f35a08,delivered,2017-05-24 12:42:59,2017-05-24 13:05:45,2017-05-26 09:31:28,2017-06-19 20:35:58,2017-06-28,a61a2c177e2030b5de97b141200b8603,2017-05-24
ab98ff74321e38f5374c79cd84819ec8,cef4764b4390fa072851cb108ed91f35,delivered,2018-03-16 15:41:04,2018-03-16 15:55:28,2018-03-21 01:26:42,2018-03-23 13:45:48,2018-04-12,cf42a8c1a61f7148c0f031a53c5d17da,2018-03-16
48a9ea3e1c382a1103caddec631502f7,0fc162891a4bcc7de1e9954280f2383e,delivered,2018-07-31 14:22:44,2018-07-31 15:31:29,2018-08-02 06:48:00,2018-08-06 13:07:56,2018-08-14,941c731b8ffe27940e64d4b4793a2cd4,2018-07-31
d23640d83f7d582c4328ffd875e14966,cf93bb457c9af40c84cfe73ae4723fec,delivered,2018-01-05 09:58:59,2018-01-05 10:10:30,2018-01-09 23:47:36,2018-01-16 16:52:44,2018-02-07,433e177c54376b623d0c9608b2d2d395,2018-01-05
6d4c45be223296bf5be3d2612fffcf3b,941c7cfc5b79c2c5acac2328e67460d7,delivered,2017-11-05 20:48:06,2017-11-05 21:07:08,2017-11-07 18:47:34,2017-11-15 16:48:07,2017-11-29,be2020ecbdb297610a13fd963cf78f31,2017-11-05
34757b625ecbf90b9c55b00da1040e66,e77a5ecefb294ce09aa81b5fc5268a2c,delivered,2018-01-08 12:15:21,2018-01-08 12:28:23,2018-01-09 19:48:31,2018-01-17 15:39:15,2018-01-31,17dcd0231c9282cb6be4216af1df4d3f,2018-01-08
711e5b95c43ca76cf4fb0e1f11b8b01c,cd9acb47a7af96ec0fdbdfe23ebe4e81,delivered,2017-11-28 17:30:47,2017-11-28 17:55:12,2017-11-29 17:36:50,2017-12-04 19:43:10,2017-12-18,7befb473ceae4fbda63c9fdf7b07d8d5,2017-11-28
a71e035af8a7f877b332469b55442115,e711cf2fde27bbee7aca748226b774e5,delivered,2018-04-28 20:19:00,2018-04-28 20:31:15,2018-05-02 11:12:00,2018-05-16 00:08:19,2018-05-29,7a6d915c4be2846f9a35bc0065b55b00,2018-04-28
836f05665160acaa74d19db5d614994b,b13fdfd6831cacb296b0d4f2b2146cd9,delivered,2018-05-09 13:32:18,2018-05-09 13:51:16,2018-05-09 15:18:00,2018-05-10 15:53:02,2018-05-23,4bb650d8f6286bf0285775fd44e715d3,2018-05-09
832d3418e6261c3434ee55bbf32b7c40,7d607364c22c9118984a8ad7aca71f1f,delivered,2017-04-03 17:22:08,2017-04-05 02:42:55,2017-04-05 16:16:49,2017-04-18 12:39:57,2017-05-03,2f5c9fc06867ca73847b7affeb2b3566,2017-04-03
82448518c158621499c410430165ac1d,31f7caf6048c2812f46119498a28d6d0,delivered,2018-07-25 10:58:23,2018-07-25 11:15:11,2018-07-27 13:56:00,2018-08-02 17:07:43,2018-08-22,feb77fc3007f38e928e1b5b13835d296,2018-07-25
b9834f31cd639800af7f7186144695e9,5891a669860ff528415efe6678c95f53,delivered,2017-12-30 23:53:28,2017-12-31 00:31:26,2018-01-05 19:13:08,2018-01-08 16:23:04,2018-01-18,f7d86e04c9c498efc7b73a6a1bd44629,2017-12-30
3d98513a866612491197796c741dd71e,9d551e21c348c49974415bb2e8eeb4b2,delivered,2017-12-17 09:20:56,2017-12-19 09:30:55,2017-12-19 20:37:49,2017-12-27 17:32:49,2018-01-11,eacdd9d5e91a0cbd813b4ece385b5975,2017-12-17
2552e1d6ef4a4a91c1bcc69dbdf4d952,2f72926e540d5cb67d8b1aadd273b445,delivered,2017-06-07 21:10:13,2017-06-07 21:22:32,2017-06-14 16:26:53,2017-06-21 16:52:52,2017-06-28,16af24ff6522cf97fce5e0579a001054,2017-06-07
2804400973412de4efdaf1399281199c,b29c3d10654537da46f9c7c3ab921972,delivered,2017-11-13 14:42:35,2017-11-13 14:55:27,2017-11-14 20:59:14,2017-11-23 17:54:42,2017-12-11,15137f519afb6f361104b49a67c949dd,2017-11-13
c26d8022e70e332fc205684fbc850c12,b6d61a3a2355b4681cb37e28178f7f81,delivered,2018-03-12 09:13:12,2018-03-12 09:49:09,2018-03-12 18:56:32,2018-03-13 19:54:40,2018-03-22,8cd9e7d93e2b21189051bbb681dc73e9,2018-03-12
74fb5413e6636d0aa1aa883054198a3d,b3a49a6c7779d9575aca8a05bcd5ccb4,delivered,2018-05-09 18:51:03,2018-05-11 03:37:46,2018-05-22 05:51:00,2018-06-15 02:26:40,2018-05-30,089e0b8881ba4daa4ead7b2332dd16fa,2018-05-09
2e13edafaac2c078f2cdbfa481171fd0,220683a5c2ed4acb41982896af840226,delivered,2018-07-25 16:46:37,2018-07-26 05:35:14,2018-07-27 14:28:00,2018-07-30 16:14:34,2018-08-10,02a2094b273efc30447d706e9fc9fceb,2018-07-25
f739420f9b91dd858253248c207e05b9,2bda8512f24c2aebcab5ce1c27b4c955,delivered,2018-03-18 15:35:58,2018-03-18 15:50:28,2018-03-20 23:44:43,2018-03-26 20:51:26,2018-04-09,84e7ddd9132acb13fbd8a6365833e362,2018-03-18
2dbc4c66728ea83e323443d858586881,1a3ca894c970199dcf200ad85dcaeec9,delivered,2017-06-15 15:25:22,2017-06-15 15:35:12,2017-06-19 18:53:49,2017-06-27 21:10:57,2017-07-13,ed248f230ad6f526072443912b8351e9,2017-06-15
92b6be4c73b22c23eefaf4a517456d7c,fd64f38c79dc5ee7d0f88a532a311d0a,delivered,2017-06-19 21:56:54,2017-06-20 06:42:49,2017-06-22 13:19:19,2017-06-28 15:29:40,2017-07-13,0573d0e58acad0252c134f6f8b5e20ec,2017-06-19
090ece27665c1cc89eda287f8e834e11,97f6f6eb7e2173cf88b0dd5b78b80070,delivered,2017-10-30 18:25:17,2017-10-30 21:31:40,2017-11-01 17:57:45,2017-11-06 18:58:26,2017-11-16,57b555c68da8a376b55460b582088d03,2017-10-30
7898dee2ff48e01ffb2b651e56d8b504,2e8e0bf9b784fb7069b6705ec26b0c87,delivered,2018-03-21 17:43:41,2018-03-21 18:09:23,2018-03-23 12:05:27,2018-04-23 19:46:43,2018-04-11,50f0cd4b360ce6c7027e4a7055592d36,2018-03-21
30f757bf1610a35332de6044caf5fd2a,4eb0e95d514bcd1758cee54714353cda,delivered,2018-04-26 12:54:05,2018-04-26 16:52:52,2018-04-27 14:25:00,2018-05-18 19:22:32,2018-06-01,7b253f206e5eb24a141cf9a5c4965e17,2018-04-26
ad15d9b5c97ecfcbdffbd8148ef3e0a1,b653b48ee092138291d39bc49f1632f2,delivered,2018-01-07 20:09:08,2018-01-07 20:27:28,2018-01-13 01:21:36,2018-01-22 20:46:19,2018-02-14,2b6ce149982204423f4efac29701255a,2018-01-07
f1ea8b66e6bceacb9d56a84505f36dd1,ebfded4f6875004a5b269c5683a64ab3,delivered,2018-02-13 18:45:25,2018-02-13 18:55:34,2018-02-15 19:46:10,2018-03-02 18:29:02,2018-03-13,4f68539934cb2c65aa146ff5ddc62646,2018-02-13
ba91b4b93947b208ec698475173402b7,ff84a9059c97689052afa88a20cfc52b,delivered,2018-07-23 20:29:21,2018-07-25 02:45:14,2018-07-25 12:53:00,2018-08-07 20:14:00,2018-08-23,f49648ab5a664113a468bd313a57278d,2018-07-23
36d86e93a8ee82cc4a557ab486743d88,151d22e83155b177a9c09441a522242e,delivered,2018-01-16 11:57:09,2018-01-16 12:26:03,2018-01-17 22:51:46,2018-01-19 18:49:07,2018-01-31,cb03401949a315a817278c3caeef1dac,2018-01-16
c405c0976781fec4b0a89f6815abbc15,b25160fb0acdfdc69ae0c7fc1adbcda5,delivered,2018-01-29 17:16:45,2018-01-29 17:35:35,2018-01-30 23:06:21,2018-02-02 13:59:01,2018-02-21,708b964701be3d0efe2e00e0d998270c,2018-01-29
15df7a02fcbb09063980097ca2adb931,9cd4409a198043124fcfbb7e7961c474,delivered,2017-07-29 13:49:03,2017-07-29 14:03:15,2017-07-31 15:22:53,2017-08-16 19:09:36,2017-09-06,872892ae6c30c41e69dab751514d5838,2017-07-29
81b8af3e29c26237d24fbeee21ca2b18,2e70fb007f814f4e0bc167ca49d271f6,delivered,2017-12-10 09:22:54,2017-12-10 09:33:25,2017-12-12 12:44:39,2017-12-23 13:53:23,2018-01-05,2271b98c96ef2dbe4241cbbde7c8c12b,2017-12-10
47ffc77abb4af7886ed6c2e0871040ae,6a57b4cb07a55977a176d4a30a882082,delivered,2018-06-09 23:19:42,2018-06-09 23:38:24,2018-06-11 16:17:00,2018-06-20 21:34:30,2018-07-23,46b52cfe48b6e0ad44df00fa06ee853f,2018-06-09
8ddbee86a9602f49e8e932c46cfd751e,c9931c1296efe0ae1f2f8a4f032317bb,delivered,2018-07-24 10:26:16,2018-07-24 11:24:56,2018-07-26 14:14:00,2018-07-27 17:43:42,2018-08-06,e41a8efb5ace46bf64966f63665a8cc6,2018-07-24
93f09cc1052604f96116493cbf93606b,75c610c81bc7d8a4d8f1629725bfb2db,delivered,2018-07-29 20:40:06,2018-07-29 20:50:21,2018-07-30 13:40:00,2018-07-31 16:32:53,2018-08-02,55b488a273c6ec9ca293736e9a69d0b3,2018-07-29
c18471a2fcb0a25a2cb68f0df3fd8174,8191feccc07e2666f6f267d83d920351,delivered,2017-09-01 23:24:45,2017-09-01 23:35:35,2017-09-08 20:52:55,2017-09-11 13:58:32,2017-09-14,3528aee5bd075d62e4c6eba9d5e97362,2017-09-01
d5d3ec988fdf9d0896092f00c1c54fa0,acfcdc1935acea5eecac434820116ce3,delivered,2018-05-06 19:31:23,2018-05-07 09:31:35,2018-05-07 14:44:00,2018-05-19 05:38:48,2018-06-07,8ea52369786ec21e6858ad0ee6e5e100,2018-05-06
d7af03d172cfda274c7a7083bbaca11a,f7e7801b2e6ddc11047c166b4f440769,delivered,2018-03-21 12:40:53,2018-03-21 13:27:59,2018-03-22 19:36:49,2018-04-09 11:56:45,2018-04-17,043e390fa0564f9b0b09d8220010413c,2018-03-21
7ace2ff7c617d34526c14991b996436b,bed3d34b65b77c792816aedb7af9ca79,delivered,2017-09-13 22:37:22,2017-09-14 22:35:12,2017-09-15 20:05:38,2017-09-29 17:42:21,2017-10-06,6fe392a3a48c89639c7d065cd6ba9eb8,2017-09-13
2ee6def4881e350b9ebc0f96b08cdac0,b486f1603eb026a5be2e007761fd803a,delivered,2018-05-11 08:42:16,2018-05-11 08:58:10,2018-05-14 16:40:00,2018-05-18 18:43:39,2018-06-01,eb57648eae0a9d1ef1d52a6945cbe966,2018-05-11
584c2b6afebd2ec8c284ee84f4c79ebf,b962d24bb3c12996d839400f1dea145e,delivered,2018-04-02 20:24:21,2018-04-04 03:08:53,2018-04-04 18:46:54,2018-04-12 18:51:51,2018-04-25,8020122f905630db7791d7f176b7982e,2018-04-02
b1c3ca267130eac320fb60d3340f528a,0f8291de5ba3ebaf8fab41277da00105,delivered,2017-10-03 22:57:09,2017-10-05 02:49:38,2017-10-05 20:44:59,2017-10-15 15:58:33,2017-11-06,fdbb6178e0fae91c15cda0b59d437487,2017-10-03
5c97cc0de518333940b05d3c09558004,e3a14f2e3a483c69d51b7bfa3b3eaf2e,delivered,2018-01-08 22:41:06,2018-01-09 07:24:55,2018-01-09 17:54:03,2018-01-10 13:07:55,2018-01-24,84553df72dc385246856f0a63763dde7,2018-01-08
09d8a4bcd943fd4bfc7dd6b64b7c328e,a63cd43af25d2eaacd280e01a4eb2f6d,delivered,2018-05-27 09:24:57,2018-05-27 09:50:24,2018-05-28 14:08:00,2018-06-12 20:19:32,2018-07-03,428554f87c2a1983bbd21e3123aa5159,2018-05-27
5f7e1556c341ffba69159bcbce87f2c9,8636aa7094b64c56c828f025018a6a44,delivered,2018-02-14 20:06:47,2018-02-14 20:15:37,2018-02-15 23:34:21,2018-03-02 15:37:49,2018-03-09,b34389df1fe2ddbd7389c4cdb085294a,2018-02-14
9c906865a38a9cbaa3d82e02f19b2d5f,18a11e85ef79b85255bd338e204b10e3,delivered,2018-01-31 13:52:30,2018-01-31 14:42:34,2018-02-03 15:17:03,2018-02-09 17:14:58,2018-02-16,d340ab58a3123cfb267c30954eb377b5,2018-01-31
c11770b0aaeeaf11800205df9b333d78,c10293503cfc09263957dd13d04842fc,delivered,2018-07-23 12:09:30,2018-07-23 14:44:08,2018-07-23 17:14:00,2018-07-27 12:41:44,2018-08-10,9af4bfb061d2b598f4352e22dfd145bd,2018-07-23
6e68e16808c71dd5b138917fee48bce0,0522feb4f362f150e2bb2ebf3f47cdac,delivered,2017-03-28 18:58:02,2017-03-29 06:35:27,2017-03-29 15:48:11,2017-04-03 15:44:12,2017-04-27,dc3ce43b568dfb0a72e30d59e0f56e5c,2017-03-28
afd363f0f987b7f9bf8e2e1b3cb543dd,85d38a7cf0bc297a30b63f4e174e88aa,delivered,2017-12-12 18:20:17,2017-12-12 18:31:45,2017-12-13 21:48:28,2018-01-04 20:08:40,2018-01-10,3b2f42365608ca7459d33634286e9e03,2017-12-12
2cc8d5dba04e5be26d748ef75e708770,217dc0e0ba8d055c0d40efa62678a8a1,delivered,2018-07-26 17:38:51,2018-07-27 17:31:40,2018-07-31 06:28:00,2018-08-02 18:45:31,2018-08-16,c455bfe3f70f6325f0d1e1ae6569ec5c,2018-07-26
d94b232e72e4c7c22f765be9ee391b3f,8fa8552881171e7ce9b050e320e6fcd9,delivered,2017-02-02 22:08:40,2017-02-04 02:10:23,2017-02-07 15:43:38,2017-03-08 14:05:06,2017-03-13,acce37be3303de0f1c5e706dd9e45b85,2017-02-02
37eba161f3994d1eec4b755ba3565003,93cd96511720c79840c463a530e84fe9,delivered,2018-02-06 13:07:55,2018-02-06 13:15:38,2018-02-07 22:27:00,2018-02-22 22:35:43,2018-03-06,c2ddee887c6027dd5d19603be6cfc6c6,2018-02-06
2816b0ec050fb4a136c32a6bda007a91,ffa6d90c36a9c7004692ca50761c69d6,delivered,2017-03-27 16:26:18,2017-03-27 16:35:19,2017-03-29 16:27:26,2017-04-04 13:57:53,2017-04-19,874c93d867b18eb09a5e2f071ee89458,2017-03-27
a29c25c2c9c3100daf48a25880312c23,00f394e6fc446865ac4097b6db69ef4a,delivered,2018-08-01 02:02:28,2018-08-01 02:15:06,2018-08-01 15:35:00,2018-08-08 18:58:43,2018-08-27,ab1d731d10eee8bf32306f5452eb770f,2018-08-01
f5dadfc0f0df0edb5369672f81eb7095,d5a0064fd4c9034929991d1aa2f5ce7b,delivered,2017-11-17 19:41:48,2017-11-18 02:35:30,2017-11-22 16:10:24,2017-12-02 18:38:16,2017-12-05,6d983c87bdeb0ca15734c8bdaa79a2ea,2017-11-17
5ce5c77d5c50ab039bc32abe92af7bbe,73f6228488880970bc53222adc55517e,delivered,2018-06-13 11:02:59,2018-06-13 11:17:13,2018-06-13 14:52:00,2018-06-19 15:22:48,2018-07-05,5c6d0926205f0f19b961bc824eeb1f9f,2018-06-13
c47daad9ca0c3eb7d59ae53bef0e9741,a791cb1fd082904ada37a7199b04cbf1,delivered,2018-07-30 09:13:25,2018-07-30 09:31:16,2018-07-30 15:46:00,2018-08-02 15:12:07,2018-08-07,3a4f4384f7eb8a1b73bd5d0ff73cf463,2018-07-30
5bd4ea94edd60fb87f226330b569b2c8,85484492209de911aa67ec357553fa5e,delivered,2018-03-01 11:24:41,2018-03-02 02:10:55,2018-03-02 19:42:31,2018-03-16 00:32:30,2018-04-03,d1811afad85c3fa7a06349feaf60e024,2018-03-01
7ff0a233ca71abe5b19f93af5b8f3440,f83fe3dc158f7a731bacc84356f5c5b3,delivered,2017-11-24 10:53:41,2017-11-28 03:32:58,2017-11-30 19:43:26,2017-12-21 16:12:42,2017-12-20,2702159cd4dcad176e94484d993e117b,2017-11-24
f0a795dac0e5cf6a6f98cdcab173ffb8,0b31586b5082359faf1b2861230a17b7,delivered,2018-03-26 19:05:56,2018-03-26 19:15:19,2018-03-27 20:44:25,2018-04-02 22:02:59,2018-04-12,4934acb6cb4376bcd391ce359a915564,2018-03-26
fb8616e60ade994289f5e25077397fc5,fe61004a24f1701cdf06662c4f4a0f00,delivered,2018-04-02 14:27:17,2018-04-02 14:51:24,2018-04-04 21:32:39,2018-04-09 20:57:45,2018-04-20,d512b4f2972ecf63414832d0a914538d,2018-04-02
a69ec1a52a9dc2098fa6fbe6a47545a7,909e605a5ecf709a35b217b52ac2dbf6,delivered,2017-12-11 01:05:34,2017-12-11 01:15:25,2017-12-13 00:18:34,2017-12-29 14:42:13,2018-01-08,26d56e2bb6e04f6178fe73493986dff5,2017-12-11
92abbc3feb3045ffa00bc4cb5f18859d,d3e7a2e718763bc9e45a21dddb24e1db,delivered,2018-03-18 18:30:57,2018-03-18 18:47:31,2018-03-20 19:28:24,2018-04-15 14:54:28,2018-04-17,32f1aedef834cf043d84f67405daab68,2018-03-18
171d4e3d9d9ef65b03328734b287170b,b819b2235f64c639223a446ccc826b29,delivered,2017-03-27 20:23:54,2017-03-27 20:35:24,2017-03-28 15:07:43,2017-04-10 16:17:56,2017-04-25,d26795e02bb7290f41bb487ef48d6e2e,2017-03-27
ac08c0b67890296c7c7c10f34b81eea4,7105356dc50e5957845dba6fa7ab78c5,delivered,2018-02-08 18:36:31,2018-02-08 18:50:42,2018-02-10 04:16:43,2018-02-22 16:39:51,2018-03-13,623674d39fd0350df92b1f91c469ba39,2018-02-08
7dae8e764e7cce9b6197c024b802e5d9,d7f4db9577676d4fc9605033b96615e3,delivered,2018-05-24 16:44:11,2018-05-26 02:32:03,2018-05-30 10:20:00,2018-06-06 17:58:06,2018-06-29,9d967bd9d9c0e86d41b4342e1aea122b,2018-05-24
6bc9f3b6522892d5b2b27203ca6caa67,6ad73d2df1e18571f3ec002dc69e21b7,delivered,2018-07-27 12:10:13,2018-07-27 12:25:08,2018-08-02 10:37:00,2018-08-14 23:28:35,2018-08-28,3f2f5c51b7b76041f4603a33094928fd,2018-07-27
9ea96bace1093d93e7fcbdfabc1dc830,ba3ed9938cfdcf9b004312a8dae52dfe,delivered,2018-06-28 14:33:53,2018-06-28 14:50:53,2018-06-29 13:20:00,2018-07-03 09:49:36,2018-07-26,be4c3fb588f873a5c6b7e0127f1ec1ff,2018-06-28
8535a444df0f0b8ceb9016ddc7d49e36,3b11a5dff37eab713617c1fd7ea74aec,delivered,2017-10-19 14:43:17,2017-10-19 14:56:22,2017-10-20 17:09:52,2017-10-27 18:42:24,2017-11-14,98adb74b3dc3b9109201a9f8a5d091b0,2017-10-19
917f26ec1c625573e0d0aee8b162d3e0,8c5b2197015c09449bd9af3db8405e9c,delivered,2018-08-22 10:40:19,2018-08-22 10:55:23,2018-08-24 12:50:00,2018-08-30 15:51:18,2018-09-04,d5365c0186904b03d44ed1fd3750cb96,2018-08-22
9125511aacfcb388d1dacfca282e8f13,2b4c9493247e124aad7ff80ccf25d972,delivered,2018-05-03 11:02:16,2018-05-03 11:54:24,2018-05-09 08:27:00,2018-06-01 10:52:03,2018-06-06,701f3fec1052de3d3086ac32d8efcdae,2018-05-03
2d48a0bfbce1c7340ddc2571ed138bd5,41c34c255ad1afe994d16365b81a200b,delivered,2018-05-22 14:02:17,2018-05-22 14:16:45,2018-05-23 14:28:00,2018-06-04 16:03:15,2018-06-13,c5a013d287b0cb15bd4e3d8ce02a676c,2018-05-22
4d0b1ea51ea051ef9f4765df8148c0cd,f83ba5b7fa884a9b50fd4f6ca4826c42,delivered,2018-07-31 18:48:44,2018-08-02 05:05:11,2018-08-03 16:25:00,2018-08-09 15:32:18,2018-08-27,1dc294a89ee8ad59868a1954e1c93ab1,2018-07-31
e312ba43fd734e1f7ef7a68593aec5f5,d4bbaf3940c858a6d2df292ccac7a533,delivered,2018-06-26 17:39:34,2018-06-26 17:59:09,2018-06-27 11:25:00,2018-07-03 19:21:48,2018-08-01,3cde83f9790d8033b4a0ac7e7202f5c6,2018-06-26
e0a6d364e678462da40d8eb5d9e9b219,122001ba154051a8901c494d8a33b10d,shipped,2017-06-02 21:52:47,2017-06-02 22:05:11,2017-06-05 15:13:23,,2017-06-16,a8299d036db2e7c2ad0b683859a41b52,2017-06-02
8da66baf68f49a58324e0e8297d4f1b8,14c0eda93d3dc8b6f42b925e9edcbec1,delivered,2018-05-15 19:27:20,2018-05-15 19:36:28,2018-05-17 13:30:00,2018-05-23 17:57:21,2018-06-01,768572c06a90c7efb2895dad6b55a107,2018-05-15
4e7994addb0e4622199601af5b9c9ed3,ddaa9eb11c47f72970f6ea1de0b480b6,delivered,2017-08-25 17:53:24,2017-08-29 04:35:56,2017-08-29 13:36:13,2017-09-06 21:06:10,2017-09-20,0ea353565cdde00e1d8352a08290a352,2017-08-25
82c9b75b983ba57c02a16c38ed258c79,93a5b971a6ea00235f3a66a6f1bc7d41,delivered,2018-04-18 13:38:48,2018-04-19 02:32:01,2018-04-25 14:21:00,2018-05-08 16:48:38,2018-05-18,b51991f256324aac39d7c5a45030eeaa,2018-04-18
303c1a4cb953c69bf9ad12194dc3d44d,9ca6973ed81e70d17e179628ec6d47e5,delivered,2017-03-23 23:44:32,2017-03-23 23:44:32,2017-03-24 11:04:20,2017-04-03 15:03:44,2017-04-11,573835df26ec74b80cb57ac9a9d69022,2017-03-23
6cd0fdda352bd163cf0796d835df0630,d9adb99127f2778c4d837a7ad4264aba,delivered,2018-03-20 20:08:55,2018-03-22 02:50:07,2018-03-23 23:06:49,2018-04-09 15:21:16,2018-04-11,997bc7e61f36a32a53ecd24ae0b9aca2,2018-03-20
35642e42741af129914f2cd0ab468289,0595b78f035ba66c697b15dc3f2dde04,delivered,2018-08-14 18:58:59,2018-08-16 04:35:11,2018-08-24 05:55:00,2018-08-27 23:31:57,2018-08-31,af54c4ff3daa51ba005c4a027535dd16,2018-08-14
6c003dbcd92ab0248de7f8f2fc91fb48,edc88432bf299fcf8e62852c3562b55c,delivered,2018-02-01 12:15:29,2018-02-01 12:29:44,2018-02-02 19:36:35,2018-02-26 22:46:46,2018-02-26,13c73fb9bc5772eebe0220f64d70550e,2018-02-01
f06059b8f4dc49c4f76378b7715a63b0,65f1b4bd7d1fdc72609cf60263022c98,delivered,2017-11-03 00:16:32,2017-11-03 00:30:40,2017-11-08 21:32:37,2017-11-16 16:29:10,2017-11-16,de34b16117594161a6a89c50b289d35a,2017-11-03
2bcb35eae24dc9a57f35090df6a7cb67,6a3371f582b157ebaf97408844a22269,delivered,2018-02-26 10:34:45,2018-02-26 10:50:48,2018-02-27 20:14:51,2018-03-07 17:38:11,2018-03-26,318013181d2cfb137b0c39489e36a7c1,2018-02-26
f70949d16657f92be440c72a0094053a,474267d71ac1627b776027ca72c2d64e,delivered,2017-11-09 18:19:28,2017-11-09 18:30:44,2017-11-10 21:54:29,2017-11-13 17:09:44,2017-11-23,cec0a492aeb0bdd76f1eec9daae66740,2017-11-09
9d9e45dabd84047591a4b4696b261483,74dee40474c07d57704772fcc2d5e839,delivered,2017-11-16 12:56:36,2017-11-17 18:29:01,2017-11-23 00:33:43,2017-12-06 21:21:53,2017-12-14,777191628636ef384e6d67247c05b97f,2017-11-16
67118db7c6bb624924e2d3f7d1db78d9,b8804bcdcee635741225404dd39fca68,delivered,2017-12-02 08:53:29,2017-12-02 09:09:14,2017-12-06 16:59:36,2017-12-15 13:25:21,2017-12-29,ec1b2971b82c740f81fa3123d6eacb8e,2017-12-02
289bd070da69f4fc36ce78622dd4b2fb,b15995cf87f15dcf3002e0d040a4a734,delivered,2018-04-19 14:44:06,2018-04-19 15:38:25,2018-04-24 21:39:05,2018-04-30 18:26:08,2018-05-16,cf10b27702ed24968a58b5d368a8c732,2018-04-19
61a689b9ff547322cd08d17069939e86,dafde71460a8cb1b3c205fc8825cdc53,delivered,2018-04-06 12:25:07,2018-04-06 12:35:18,2018-04-09 12:13:24,2018-04-12 23:28:43,2018-04-27,104c0dd86a6ff7f2dd9aa0d4e2a5411b,2018-04-06
8fb073bd98473a883fac5e1e3d096b76,d97a821ed3b2773e2c08b1fd616ff50d,delivered,2018-04-28 10:29:19,2018-05-01 05:32:41,2018-05-02 12:36:00,2018-05-12 18:40:51,2018-05-28,239f3f327916b980f80d1bc5440a1c45,2018-04-28
ab8c4bf0204081a450dae1139f6eacb5,52003bd1d28ef8b5dcbc44f335efd98d,delivered,2017-12-11 15:13:03,2017-12-11 15:32:05,2017-12-15 14:16:09,2017-12-18 19:19:16,2017-12-28,769c31b58146e21b6142ba3f6f1fbb43,2017-12-11
a101d3bd689d468c6219db22012a10d9,8b99ffe0042d58087de80897bcbaa18a,delivered,2018-01-11 08:05:39,2018-01-11 08:14:34,2018-01-16 11:52:13,2018-01-22 19:36:39,2018-02-19,d2ec333647ea6aa1135aa643641c6f8a,2018-01-11
271f637085c45e7e58268625604724a9,92c79ee0697a68bcbd251dfc2c2fc779,delivered,2018-05-15 13:04:20,2018-05-15 13:31:25,2018-05-23 14:23:00,2018-06-12 15:22:59,2018-06-06,d26c616e241736e0c1c1ab14150239e7,2018-05-15
9f98fbb9d688c4f3356987801b19286d,bed2a32eb38ba91a0e37af99439f50a8,delivered,2017-06-11 16:37:43,2017-06-11 18:42:36,2017-06-19 11:48:45,2017-07-04 14:41:55,2017-07-14,6e968652933d10e7a77047574d87e54a,2017-06-11
f5656080276fb2a6196e02f88ab4b211,bd41fd4fa2730e255ddd4964fae8e06a,delivered,2018-03-03 10:29:16,2018-03-03 10:48:46,2018-03-05 20:21:51,2018-03-12 23:25:56,2018-03-22,3b6577dc371a8aad49d7b124b01d3d92,2018-03-03
e97c5fb2b1ca5b5fd19f2c910a274e33,3639a536d60aa45e10e420b984b212b5,delivered,2018-08-07 18:31:32,2018-08-08 03:05:15,2018-08-08 18:21:00,2018-08-13 19:08:56,2018-08-17,07ee1c167ed532ec5d1325758f063f8d,2018-08-07
528b0083da2525b0b97d6dbc99b389be,cb2c88e5ad4d744983c78052fa7eeb89,delivered,2018-02-26 11:09:37,2018-02-26 11:31:06,2018-02-26 23:12:29,2018-02-28 15:34:08,2018-03-12,87e84b95aff26b8c8e22bd63b6513f0d,2018-02-26
91f4e99c026618f89b29bdddede02490,7d55089905aacc707679cc11a43c5ed1,delivered,2017-08-12 21:53:45,2017-08-12 22:05:25,2017-08-14 18:55:56,2017-08-24 17:13:12,2017-09-05,722e107e3d0f6ff698392d4bb9488d87,2017-08-12
8423e43ec224fbf61f9a4240ac0c7bac,7403e80de52e65fde43ceda8a93fff95,delivered,2018-02-14 08:11:19,2018-02-15 03:55:46,2018-02-17 01:56:58,2018-03-05 15:28:38,2018-03-26,9cebf2826bfedb8de4487a60404fbb83,2018-02-14
020500486b7211f5ef873ba8ffd58cd0,fd458d0e1786001b290de9b01dc9fa9c,delivered,2018-08-13 21:29:51,2018-08-13 21:45:13,2018-08-14 13:14:00,2018-08-20 21:41:57,2018-08-29,b553fe14a56ef1176c1ab86fbaefa2df,2018-08-13
1682b18a188c5ffb35aa6fc06c836a78,e2bbe53294315e37378493e18a996cab,delivered,2018-02-04 20:38:51,2018-02-04 20:56:13,2018-02-10 14:15:54,2018-03-01 19:35:41,2018-03-19,17da0ccbeb1e69e644eec953d4a286d3,2018-02-04
22b4520d15a9cee803bbc1d042cd88d9,8a1131b2781ee44d9a21498ecbaf1d9c,delivered,2018-02-16 17:27:10,2018-02-16 17:47:36,2018-02-19 21:58:28,2018-02-28 17:13:56,2018-03-12,60d23aecbf66b7f5058003a86e89232b,2018-02-16
e3f6de94179bede8675ff97d0f3f3245,e7be4eaa39a7bd5d8f48f7810f07930f,delivered,2018-03-19 06:48:59,2018-03-21 02:55:53,2018-03-26 19:37:18,2018-03-31 16:06:39,2018-03-29,e3df25e0f8e4d6bec5a790796d3f90c0,2018-03-19
a67ab576f5aab60b3a2d39cb3a94c620,f731689ff400d169f1c568418ef8e856,delivered,2018-02-13 22:54:18,2018-02-13 23:07:36,2018-02-15 17:29:13,2018-03-06 16:49:05,2018-03-14,3da7e3dcc638adedd63b988ce7b9b820,2018-02-13
226975521c585d7bb98996f83ccdde59,d0dd4d814496baab67aa8169452c7389,delivered,2017-06-26 16:15:10,2017-06-26 16:30:08,2017-06-27 09:45:35,2017-07-05 18:05:35,2017-07-18,9e37889f07854b8ae7d49bcbb49ffaf2,2017-06-26
df9cb95519f5099c6717f4f8b8633802,eb4d2893124da6af86565933a36c24c2,delivered,2017-12-02 07:43:01,2017-12-02 08:56:54,2017-12-04 22:53:04,2017-12-09 20:16:50,2017-12-27,04a5bea78392f0d2da9fb2d6848428db,2017-12-02
8b353b3ac8bd5c8a07201989bdcb8f93,4df0de6547b0163039e798e47f8575e3,delivered,2017-11-04 03:19:27,2017-11-04 11:50:20,2017-11-09 18:29:41,2017-11-13 16:36:41,2017-11-27,74d4c0cfaf825cd15b80dd167bdfa9b4,2017-11-04
d13968a3d7333c0ea002f500594b9925,bbdbb5e8f166a1ccfa9d1725e5d13476,delivered,2017-04-25 13:46:24,2017-04-26 13:42:25,2017-05-05 11:38:53,2017-05-12 09:38:30,2017-05-19,b74836b64aef848ce03435c3f897bfaa,2017-04-25
1c3f752b9a4d09bf1e016439a427d5f8,7fe022a904d647429c6e08a8f34c9b22,delivered,2018-08-17 23:21:15,2018-08-17 23:35:14,2018-08-20 13:59:00,2018-08-21 19:36:43,2018-08-23,931a4a1a3e2cf8b4b4d33922f1469dbe,2018-08-17
d8bb2fcc20893860be66137f4cb84b0e,582dcc512c0dd7958599826862d45200,delivered,2018-02-23 20:54:22,2018-02-23 21:27:42,2018-02-26 18:13:44,2018-03-06 20:35:06,2018-03-22,3f5227d5682445d819eabc3fddfe4924,2018-02-23
02b63408e665194f2794a94576001e56,5d1c53a804c8763af74543c19b392fc1,delivered,2017-03-16 08:53:48,2017-03-16 08:53:48,2017-03-16 18:07:54,2017-03-27 14:43:14,2017-04-06,ae153c43e70fe7ed191a0e437bc5e5b7,2017-03-16
e56eaa15f5d9c288f33592ab67c02692,5019c820100e38e2e46aa80ed4916fea,delivered,2018-08-06 22:27:04,2018-08-06 22:45:02,2018-08-10 10:00:00,2018-08-20 11:47:37,2018-08-14,9d38fda947a47912232fb3ebe5ab04c4,2018-08-06
6001610df104b259c270c49af4b093b8,dea417d7876a6d1cba3ba9cf7195c1ee,delivered,2018-07-21 12:40:17,2018-07-21 12:50:18,2018-07-23 08:07:00,2018-07-24 19:27:26,2018-08-02,42d81ea8afbce2c81d75519706028a12,2018-07-21
2815b09b0ef8120fc030b88ac5acfe43,d02bdea0d57251487cb6f77cba5c5e93,delivered,2018-03-17 06:34:39,2018-03-17 06:50:28,2018-03-20 03:01:15,2018-04-05 12:48:54,2018-04-10,fb092c0e31014593d51e9f7b20ba46ac,2018-03-17
e6b23db78d4473c921fb9315e04b5c0f,b437d9c273c650bab9acd69d44243620,delivered,2017-04-20 20:47:53,2017-04-20 21:01:54,2017-05-04 11:36:47,2017-05-17 09:30:02,2017-05-12,215cc7a64ced864fbf12245648838fcd,2017-04-20
67519e1fe10bb3e4a5b416a24f846f8e,f8291e8b8489bfd516ec56628058a810,delivered,2017-06-07 10:33:25,2017-06-07 10:45:36,2017-06-26 16:43:53,2017-07-03 15:08:47,2017-06-28,87da014df37ac571be8a9f6a9129b02c,2017-06-07
eda1c58c902319868f5053e8fda15c2e,107867196b9d0e75ebed00d7ca3b721d,delivered,2017-09-11 11:41:21,2017-09-11 11:51:14,2017-09-12 21:14:28,2017-09-13 19:08:00,2017-10-16,024bc6c3997170f0ca30edba8ba8aa55,2017-09-11
2c9ef1099d75918095356bda34b2d4c0,8c551766dbe7cb34777c4e221a6189ef,delivered,2018-08-24 22:21:24,2018-08-25 22:24:03,2018-08-27 11:49:00,2018-08-30 23:08:27,2018-10-16,57599e9341e1ce4306e39daa2af248b2,2018-08-24
470eed9d88c44139c5ebdef340974c3c,f2cf42d4e28d675447e5d6125721a496,delivered,2018-06-13 21:42:24,2018-06-14 02:17:47,2018-06-14 14:08:00,2018-06-18 14:58:57,2018-07-03,964b32a2a7e81683007aa664771a6ec0,2018-06-13
8aec3a066f732dd927ec8fef1752415b,b7b5ad68f00d874d39c51a7166e4ddec,invoiced,2017-05-11 09:45:36,2017-05-11 09:55:22,,,2017-06-01,99b3c5413ffb9d648a2f3c8156a023fa,2017-05-11
a0d9d006e35f0bcdcd62b6a56157ae3d,5104c50bda35e82173298dfc7734a719,delivered,2017-11-06 17:11:14,2017-11-07 03:31:09,2017-11-09 18:47:49,2017-11-11 13:39:02,2017-11-21,f3e45727fafa5c1b70c7d2dd052c11aa,2017-11-06
dec9169d4f8c2e229d7421e28ef70781,acffc70df5f0a2ddc0e094eea7f5f069,delivered,2018-08-28 13:29:17,2018-08-28 13:44:22,2018-08-28 15:30:00,2018-08-30 17:51:57,2018-09-13,b6bc6eaab9eb9a657eef5c57a601713f,2018-08-28
ad4f45ebcf8664ef5e1bb5073359f9f1,034b85c0cd0d7d391cd93e2857f773be,delivered,2017-07-19 14:44:05,2017-07-19 15:10:27,2017-07-25 22:48:22,2017-08-01 18:52:22,2017-08-17,34cfa0a845877b3bf6657c9f098fb421,2017-07-19
75754d7bcffc106c7017989bd4b40873,c7d332c9700e825231e256419e58df3a,delivered,2017-05-14 22:46:43,2017-05-14 22:55:11,2017-05-18 14:23:29,2017-05-25 09:23:39,2017-06-12,36445bb429c8bb13c3f8cd6794723647,2017-05-14
8c64e3e8dd3f04f78d3b5c994ae506f3,0474f888bb532eb4cc657abfd37c9d44,delivered,2017-04-25 18:51:59,2017-04-25 19:05:08,2017-04-27 15:10:00,2017-05-09 12:33:44,2017-05-12,413ce1f9ef6d348584397f99571faccc,2017-04-25
5dd868edea4ee3363563534cd18187f1,d6f09cc4465ad621560935110826dcaf,delivered,2018-03-06 14:30:40,2018-03-06 14:50:58,2018-03-07 20:36:54,2018-05-02 21:56:26,2018-04-06,7e5561ad5c5a136c9768371b733462c9,2018-03-06
4c9fe44922012f11eb3505ecd89cb126,59a214c68e2eed23ea72b5cb766f8abe,delivered,2018-02-09 01:05:22,2018-02-10 01:05:26,2018-02-14 19:21:45,2018-02-22 21:04:42,2018-03-08,ddba3ed2cacf896e5c54dbfb22499e15,2018-02-09
a33d16c09dd48c17ac858d779e6127a3,3a3c64dfa633b2c7d3d356b8077c9ccf,delivered,2017-12-05 10:18:04,2017-12-05 11:27:04,2017-12-06 22:47:44,2017-12-17 13:51:33,2017-12-28,e45b77caac022beddffc8357ffeb8448,2017-12-05
c87cc78ca07ba880ee80a9a881583a0d,2c3a5a8070c4cc1e87474336b9f68cbc,delivered,2018-03-15 16:59:32,2018-03-15 17:15:48,2018-03-16 19:45:01,2018-04-24 01:16:37,2018-04-06,03f0c74d63209a537c87c988f204c2b2,2018-03-15
f23a721a16f4bf4439daf9d03ed9d1df,3bc312c8ed3eb52d73b528fee8289b0f,delivered,2018-07-18 17:14:41,2018-07-18 17:25:15,2018-07-19 13:53:00,2018-07-20 19:38:30,2018-07-27,073d35c8464f7424060c41581bb922d5,2018-07-18
d8eeab46fdc56c1066b44166186c2465,c742fd30a8f25a336aae36c5b15ee436,delivered,2017-05-07 22:27:56,2017-05-07 22:42:01,2017-05-10 13:27:20,2017-05-16 14:48:20,2017-06-02,c514b0de391481a9854273b7529cf692,2017-05-07
c7331c9cf37d4a3f6b0fbf4bf4c543a8,05425c98e35d762211742df2a2b30af0,delivered,2017-06-12 16:40:45,2017-06-12 16:55:19,2017-06-21 18:12:41,2017-06-23 10:38:02,2017-07-03,87a7c3090f96d9da963125a0d7f8193a,2017-06-12
f911adf78cd1ef94a8412126ab558e81,79441b4da42dd98d65a70692692499a2,delivered,2018-04-03 21:02:03,2018-04-04 21:09:17,2018-04-05 19:58:35,2018-04-08 16:57:42,2018-04-20,d8a018ccb2ed0b06d0b301b496113985,2018-04-03
52dbb0b466455091f16336d2774c70f2,7fbcc0b4261e7dd30c055450dabb2630,delivered,2018-08-16 20:58:56,2018-08-16 21:10:13,2018-08-20 16:03:00,2018-08-28 17:46:53,2018-08-29,e8dee9ef84844514885d71055d2864b6,2018-08-16
63feb73dbeecb88b203169646aaf07e9,0f7e4e6eb677ee7082ac61e7e190aa42,delivered,2017-09-22 14:04:30,2017-09-22 15:00:15,2017-09-26 17:30:03,2017-10-04 15:46:12,2017-10-17,d9c528dea1e5035e1c94ce8f14c6ed0b,2017-09-22
628b831e2fdf2322f2aab4ab14fc9cbb,65471c6b61a3b6c236f8900f2582973c,delivered,2017-10-03 15:17:12,2017-10-03 15:36:59,2017-10-04 18:27:56,2017-10-17 20:42:04,2017-11-06,10c4eb850774c7549ac6cb061ae4a68b,2017-10-03
41198153e6f03c2e9df96d8a5a78a6fa,8694fdb4ebccba5f0bac1ee90edb5bdb,delivered,2018-02-12 14:14:29,2018-02-12 14:27:40,2018-02-20 23:42:18,2018-03-02 12:06:06,2018-03-14,0ecd3ca191dadcc6c5f04db2afa63e6f,2018-02-12
042c384c3edbe39a47895217eb5e90a4,c54f1cbae6276adf60d6e66d6543a1ee,delivered,2017-05-03 13:36:26,2017-05-03 14:02:33,2017-05-04 11:00:49,2017-05-08 10:13:00,2017-05-31,900403954518736c75167e1536f5a9a6,2017-05-03
6fd1dd6138481494d4b90327ceca7dee,7400c32a9fb8f4924175bba5cf10e030,delivered,2017-07-11 12:26:18,2017-07-12 02:24:56,2017-07-12 19:33:51,2017-07-21 21:22:20,2017-08-02,5759af06a0cbecbd1787b47c5a615543,2017-07-11
4c69bbdad86856084206eaf2d9349122,cfd6f06e347f3a8389a5fc487a6a3c7e,delivered,2017-05-23 08:23:07,2017-05-23 08:30:21,2017-05-23 10:10:17,2017-05-25 10:29:56,2017-06-05,d77f9e20bf24f723cb3d4472a1d1b837,2017-05-23
9a79820753183f9ae199a37da007e914,5248c29eeab9341e2a39a0ef656147c6,delivered,2018-02-01 14:02:18,2018-02-01 14:15:37,2018-02-02 16:44:36,2018-02-07 20:34:53,2018-02-23,d99fc08319dbc8845e2a114877462ff7,2018-02-01
c186f4babae2b9ffa3ecc0176980acdf,e052a735fc6427b480edfe564268e3e6,unavailable,2017-05-30 20:29:08,2017-05-30 20:35:33,,,2017-06-22,8fac120637b2d22be0d6b83111d7c352,2017-05-30
f82bf77eee094dd4e9b9e44b9f7bc246,8e243644561da4b5822473dcaf36a894,delivered,2018-07-31 11:48:56,2018-07-31 12:31:14,2018-08-01 11:19:00,2018-08-11 14:03:26,2018-08-24,552f9632aafabca9f9013740161f8db2,2018-07-31
6a9db674b7643d03e5146b915949dbbe,cdd8b9be885d9c09db60c04815022ff8,delivered,2018-05-11 18:50:21,2018-05-11 19:08:21,2018-05-14 14:11:00,2018-05-29 18:23:35,2018-06-14,10802ca4d040d1050857e990f25f32c9,2018-05-11
e59d996230b76b38e2cef5e0ab85d6c8,c95f441349c34de1fa4f9b0b7a25d9e0,delivered,2017-04-10 00:28:41,2017-04-10 01:02:52,2017-04-11 13:15:43,2017-04-18 16:47:41,2017-05-10,8df6068022670c985907a54753c367f9,2017-04-10
288ec48ad5ea4c98afe99ea53d523b78,fec424751aa87f5451286fc3d532fae4,delivered,2017-06-18 14:27:29,2017-06-20 10:43:46,2017-06-26 14:48:16,2017-06-29 17:09:46,2017-07-07,e8a195f60d266e458b02b0e57e85815d,2017-06-18
2a16183656d9858dd244568f629e8c13,4bcdfec47d428bc21fba087afa21d416,delivered,2017-04-20 10:11:32,2017-04-25 21:36:57,2017-04-27 08:06:29,2017-05-05 13:48:07,2017-05-16,d2ead5f3b6dafb8602e5570e3f5038fe,2017-04-20
dadb8dd1ec0c5e2a6e53a6e4121d7938,0ab6ad4341f96228118680e0b3ef1848,shipped,2017-05-10 15:42:18,2017-05-11 06:35:28,2017-05-16 08:54:07,,2017-06-01,ca042e1c4a76949e979abfb74159e9ab,2017-05-10
14f926e78fd90329d77b9d42fbc1339b,b05d4270c1c9faa55359c25e604a669d,delivered,2017-04-07 09:45:56,2017-04-07 10:03:12,2017-04-12 12:18:14,2017-04-20 12:24:15,2017-04-28,3f6ac9a49767899814866524054ba779,2017-04-07
517361059b3e86b99853e7d7c7e7c954,33fc4d0bc9a28d73dd0439bb9e93589d,delivered,2017-08-10 07:59:26,2017-08-10 08:10:14,2017-08-10 20:03:23,2017-08-11 18:52:19,2017-08-23,f2c2274ac4659516f4eb524b522883ca,2017-08-10
61f6ae0e872b9606ece03b676b113436,fd0378f2a2b488cabc3c85bbddfeae6a,delivered,2018-04-21 19:18:32,2018-04-24 18:13:59,2018-04-23 19:18:00,2018-04-27 20:48:39,2018-05-17,5b8f3fe73552d160b27f783f51d40941,2018-04-21
212754a30f758c661afd6430bc7841fc,1dc00a26f0c615d12cf874964e187c14,delivered,2018-06-30 20:01:17,2018-06-30 20:15:11,2018-07-02 14:42:00,2018-07-09 11:51:14,2018-07-24,aad9e42d77152c08c86c7313709b86b3,2018-06-30
b9942ad6dac0292bceb320c89a3c9736,bfe5554fa64e090da51911511e22c72a,delivered,2017-08-08 11:00:35,2017-08-09 02:55:44,2017-08-10 17:42:12,2017-08-23 17:52:58,2017-09-01,4f2aaa36996969aa483891d275816f43,2017-08-08
932024863e3e5b0786812de5188d8ada,81ac84cee86bc217c8b2eb4d8cb08b5f,delivered,2017-06-24 10:13:58,2017-06-24 10:25:12,2017-06-26 13:32:27,2017-07-03 12:13:47,2017-07-14,a43931660f8bbcc1c64db8ddf4b10dff,2017-06-24
21a0fa6ad3d045d3cc42f973e3dddc0c,08f602de759c88260240b8fae24fe91c,delivered,2018-01-26 12:02:40,2018-01-26 12:21:41,2018-01-26 22:33:25,2018-01-30 16:44:06,2018-02-19,8d0b44e70c3b0ccfb0f61ffafa0b5ad8,2018-01-26
13755e9cd8234edd7750fb497caf403e,347a5aa5d381e31e52b84bfcae3e1eac,delivered,2018-02-09 13:45:49,2018-02-10 14:31:46,2018-02-14 15:29:03,2018-02-21 16:32:47,2018-03-08,51fb62110fde8d22e80023732c46ef38,2018-02-09
53be479f3b3486d26abed234b365a359,0928c1a893356a97b2191a1e812c9914,delivered,2017-08-01 09:24:06,2017-08-01 17:35:16,2017-08-10 21:42:14,2017-08-22 22:02:58,2017-08-31,3a205021b542565ebf170c0ec55783d9,2017-08-01
4c888e6e352d77cd1e8beea1f03985b7,ff4229765dfb3bec46909cd5856eaf48,delivered,2018-07-22 07:46:57,2018-07-23 11:31:49,2018-07-24 17:10:00,2018-07-27 20:16:44,2018-08-16,08642cd329066fe11ec63293f714f2f8,2018-07-22
67d760ec323d2c9f0292ec4cdafc676e,d9b82559f506833a5b2c6399d157059c,delivered,2017-10-23 19:56:29,2017-10-23 20:14:23,2017-10-24 20:04:54,2017-11-09 22:18:58,2017-11-14,26ca20ff263502c115769540069e351f,2017-10-23
a2e41b2178698dc2a57817361a869d1d,f1e670dc0f4e42fa6931d6f01d7b479d,delivered,2018-03-20 18:15:18,2018-03-20 18:28:17,2018-03-21 18:57:24,2018-04-05 20:14:38,2018-04-09,0e8e39f29af13332fc090aa842216645,2018-03-20
ca3d808e6235ce46e0cc743b8f29e372,9a98cd1afb79391f62731cbe528e3b4d,delivered,2017-04-27 09:46:52,2017-04-27 10:03:08,2017-04-27 11:55:48,2017-05-04 18:03:57,2017-05-25,7320689f3bebc768ed2d9703881f35f2,2017-04-27
3afc0f9406e119df79d4b5ea3b236712,167650b03a6ed2dfb29d815f78a1497e,delivered,2017-10-14 16:26:11,2017-10-16 07:14:09,2017-10-17 14:24:02,2017-10-20 20:43:30,2017-11-08,892981a81e102cbeaeb417f31b8213f2,2017-10-14
d869e173d8657184421f2f2a939f9e24,da395ed894bef0bbd15dbae4d55cb329,delivered,2018-05-03 21:20:33,2018-05-03 21:33:17,2018-05-04 14:10:00,2018-05-22 00:39:30,2018-06-06,c13178109115ef2add748b4656df9a41,2018-05-03
701a1cb9e6b39469d8ec105565f33277,ad861c03c20f93e79e41272a404359b1,delivered,2017-09-11 17:19:49,2017-09-11 17:55:11,2017-09-15 20:05:49,2017-09-28 15:06:02,2017-09-29,b4cc0294340db4dbca5979a257d7053d,2017-09-11
9dbdb4ec80d02c90c7e93c786592629c,d1cb2625f14be96803f06df4a3e1c015,delivered,2018-02-20 08:15:47,2018-02-20 08:32:40,2018-02-21 12:11:47,2018-02-27 21:22:13,2018-03-13,275deae456736907714657da05714eff,2018-02-20
baae15c2efd2579179845011212e9889,b1977c0fa13c254c01e6ed05bd919c70,delivered,2018-02-22 19:18:14,2018-02-22 19:30:36,2018-02-26 20:51:36,2018-03-13 19:08:35,2018-03-16,b993d4a9ec8b4c228d148913fba007dc,2018-02-22
a957bd5128480b4ec4c8762e9bcf3a13,111a041b14bdee7fef1974bdcdfa00ae,delivered,2017-02-01 16:03:51,2017-02-01 16:15:17,2017-02-02 13:05:40,2017-02-07 11:12:24,2017-03-08,de96761adee84ff3e0a238d31ce41abd,2017-02-01
5065dc0da187940cd74472e443c1ff65,6235bf8cbae5a82b1c00e4c9d80b440d,delivered,2018-07-24 17:38:40,2018-07-24 17:50:10,2018-07-25 14:35:00,2018-07-26 20:31:50,2018-08-01,2c35043ad8f1d00f47150c486b585d8d,2018-07-24
fafff116dd16dce96698db22844e3146,cf72101ceed03445f4484b48896b4b35,delivered,2018-08-12 20:28:38,2018-08-12 20:45:08,2018-08-13 11:22:00,2018-08-16 19:03:55,2018-08-27,1e9d50e8cc7efe73697d7f8a5029f806,2018-08-12
9b7e31b52614093d8662625b545aad40,662bd2ea971f732c950391bcdec84eda,delivered,2018-01-12 21:55:37,2018-01-12 22:27:57,2018-01-19 01:58:57,2018-01-27 00:41:34,2018-02-07,aa6d2cdcf78bb23f7f2f89038b3d5d60,2018-01-12
f74be888995a543e2047e942e08a9960,bf72f7754763965018f2af8e657c4fb8,delivered,2017-03-25 09:03:09,2017-03-25 09:15:09,2017-03-27 15:39:58,2017-04-10 23:52:47,2017-04-27,b10ad793f6d2cc31b08a3b8366f3d251,2017-03-25
f2e5669825f172e1d2dfa79abba36ff5,ff7505a145a2f4880c36a4274005840a,processing,2018-04-15 10:40:05,2018-04-17 18:11:22,,,2018-05-10,a77d6abe43884b4686d97faf8d8a866b,2018-04-15
f2b250d8c9c73b5b3e16e64e8448c3d2,81e0228f8bd56ff52f1f494cf52f25d1,delivered,2018-05-09 09:35:01,2018-05-09 09:51:30,2018-05-15 14:12:00,2018-05-18 15:36:42,2018-05-30,3a4acf4c4c97cc25075d29f8d29f405b,2018-05-09
79f88e060632989f23cae0e00e7381ef,01531516bcefc94ae2fdde494db9fa3b,delivered,2018-04-03 20:38:15,2018-04-03 20:50:21,2018-04-04 17:58:44,2018-04-05 19:10:52,2018-04-16,34975d20364a131ad6c6339c4f5c786f,2018-04-03
44c339e34fab21675d63cd6eca337696,eb7b6d66f9d08514886711ed0c152ff7,delivered,2017-11-22 09:35:44,2017-11-23 02:51:57,2017-11-24 23:51:39,2017-12-05 14:08:59,2017-12-18,d7431cae71227169e2c46d240285c24b,2017-11-22
ba8b9d2af2cab78e1ea29076e3b2b95d,2713a21879b222ab38ade5733139232f,delivered,2017-07-05 08:07:26,2017-07-06 03:25:39,2017-07-06 09:26:27,2017-07-07 18:57:19,2017-07-18,d578639b3381f6d6afa8f049337ab68b,2017-07-05
37b53df6076f992c15ff3316a0602a3c,53638bcb338ed531c59d59da7db924c9,delivered,2018-03-13 11:30:31,2018-03-13 12:08:06,2018-03-15 17:44:35,2018-03-28 19:52:48,2018-04-05,df6e477a83ad9c62375233b5f5ef0f44,2018-03-13
ad072acf8137f54f0f17fe47c2909a8c,6b06609451b5487a70f7f56fd57619b1,delivered,2018-08-16 16:49:11,2018-08-16 17:09:15,2018-08-17 09:26:00,2018-08-20 21:55:25,2018-08-23,fd1a042167fd11c95c2e89342924c839,2018-08-16
4f4203f1d877a50d4bd8f02bcb346f63,67ebbf856ce5aa3393b48c2f4562513f,delivered,2018-03-05 14:53:36,2018-03-06 04:20:28,2018-03-07 01:52:35,2018-03-18 13:46:29,2018-03-28,74898b783aeb9dc4f3654bed9c1c2683,2018-03-05
9644729cf104f7870436481d24456834,4db36b53a65b2205be83987ad42f2e54,delivered,2017-08-25 16:40:54,2017-08-25 16:50:11,2017-08-28 19:08:26,2017-08-30 13:37:33,2017-09-08,5bf730cf1219395b0dd14b2f6d6c1657,2017-08-25
9458f512472606de1d13e5e0956e72cd,456357e2997d47334ff9607ecdf438e4,delivered,2018-05-15 09:20:25,2018-05-15 10:15:39,2018-05-15 11:04:00,2018-05-18 20:13:50,2018-06-18,149f2922b11ab08538112ff181000710,2018-05-15
de76f809479b8391b6166b1448d83f3f,efe064b5515dd171c84ebd7ec64ddd2c,delivered,2017-07-03 15:56:09,2017-07-03 16:10:07,2017-07-04 13:57:32,2017-07-06 18:33:06,2017-07-24,1403b49485b8aa0a7880c320ad233fda,2017-07-03
ebfce1854c277686a8c92ad97edf639e,b50a4557080ba39afb6448b17df2c06a,delivered,2018-06-13 09:38:35,2018-06-13 09:57:29,2018-06-13 15:56:00,2018-06-15 11:53:57,2018-06-25,7a699cfe217c189555851d6083240b11,2018-06-13
54f6bfdef1d09a3f1d99b3914c93aff5,7e846e65b193a11f56726a314cafc000,delivered,2018-05-07 08:54:15,2018-05-08 04:55:42,2018-05-08 12:17:00,2018-05-17 13:04:46,2018-05-24,6d70cca58dfa696bb2221b603684510d,2018-05-07
84723155dd76b3421923b038f617954a,6d4383b15f32a02ba877306f23f38588,delivered,2018-05-11 11:40:42,2018-05-11 11:55:16,2018-05-12 09:05:00,2018-05-17 20:04:05,2018-06-06,9cd5e0fdd79e38f97953f786d8939901,2018-05-11
5647d0b595dc6c674c8a8024e0cc51ff,1b3a1a50d314c1391f50bb4f059cbb43,delivered,2018-01-16 20:24:03,2018-01-18 02:11:39,2018-01-18 16:49:01,2018-01-29 20:19:03,2018-02-26,46fcf6185f6e3b87d1c83c647d0e87d3,2018-01-16
fd7ad9fe2a5c9cf444bd25691f4900d9,12d0b44639bd33370315a182ab78a18e,delivered,2018-07-29 11:05:31,2018-07-29 11:15:17,2018-08-03 13:51:00,2018-08-20 13:22:31,2018-08-16,ca29927a591eaf66ee107a933181c33b,2018-07-29
f282ce44705a84bdcd2784a5c18ffefa,450820a56bfb633a586ec2d5d080a88c,delivered,2017-10-23 09:02:56,2017-10-24 03:15:02,2017-10-27 19:42:30,2017-11-03 19:22:06,2017-11-09,b8fcc5898ccb7c900ac83bdf6afe8c72,2017-10-23
61cc521d6e411ba1d58a700c828665d6,718f0610afda348fc62b2bba11e8ddf8,delivered,2018-07-31 16:16:02,2018-07-31 17:31:11,2018-08-06 14:40:00,2018-08-13 13:26:57,2018-08-10,a1812e70a075e9ac3e1f6d5902a72e4a,2018-07-31
f10195234ad39996bec1241fe706e49b,e018efe31a675270f8e48eeb12b2c291,delivered,2018-02-15 22:13:45,2018-02-16 14:32:01,2018-02-19 13:48:44,2018-03-01 20:13:37,2018-03-13,9d0396c38ab1738aebd1c39754a4fd69,2018-02-15
26a887fe1515ba3501b5154e443ca899,ecfb9ec7bad30c391472451deed6aa92,delivered,2017-05-29 19:02:29,2017-05-29 19:15:14,2017-06-01 13:49:44,2017-06-05 14:21:20,2017-06-23,95a3ac562ffc17755618fb67ce57ef9a,2017-05-29
d23ae4bbdb6fd93be053d2a8e42ac668,1ceec16d5b826fcb4d1f449d4383866a,delivered,2017-10-10 10:12:17,2017-10-11 03:26:38,2017-10-17 11:37:57,2017-10-24 21:22:30,2017-10-31,c972f4b6f905c46ccfb572eac4117f22,2017-10-10
edb2a55c055efbb898171ec9fd840ab9,193fc54759c7948c87e0795ada003c69,invoiced,2016-10-06 16:34:16,2016-10-06 17:11:59,,,2016-11-28,2dd087e327b9bdff4f2ac6cf855a3b06,2016-10-06
d17cd10dbb5981e9a2ba4739a202da55,9b59ab6cfb7bd290c9a9ed9e86d2ec99,delivered,2018-02-14 22:21:40,2018-02-16 14:30:18,2018-02-16 02:09:01,2018-02-26 23:06:32,2018-03-09,08a8951a9497c7b36690985dab879a64,2018-02-14
f5d97c18a8bda6c516e7c61c9d1a6a27,d6ff0729a04abfae28187d09d16d1c3b,delivered,2018-05-18 00:32:30,2018-05-18 04:14:29,2018-05-18 12:51:00,2018-06-05 13:24:22,2018-06-06,9461c533a42feea7269efa908bbdef48,2018-05-18
ffabc9986c47883e4eb2d89a5907c2cd,a1c94ad12e202cef0fa337db69649b11,delivered,2018-01-23 15:17:56,2018-01-23 15:37:21,2018-01-24 21:18:43,2018-02-02 00:49:01,2018-02-20,d7fff0b83ba7241e5609f7334ee6a9f3,2018-01-23
8bc9548dbe844e1bf48ac197c5609045,d4dc57fd18dfe3e30be4d066d873d388,processing,2018-07-23 18:03:03,2018-07-24 10:32:19,,,2018-08-13,58d07c7e7f8a64cc18b9da5aacf2acbe,2018-07-23
de73bf52fe9c690e54d761233b780398,aee5dabf67a188a9442000eb5dd69901,delivered,2018-07-18 16:23:04,2018-07-18 16:35:25,2018-07-19 19:25:00,2018-07-21 12:39:43,2018-07-31,351203e95c60363df1581285831fb38f,2018-07-18
14a031b045ef8ce4a2b6e08d1fc5623b,3db52e3334a367302e47c5ff2b8295a5,delivered,2017-09-28 21:04:26,2017-09-28 21:15:14,2017-09-29 19:35:44,2017-10-17 23:19:17,2017-10-26,d6521c1b9ecb22aa021e3b44b8a4483c,2017-09-28
20aff577f80dd98ac1b754e482d0f0cf,9182fb6c7322675e7bc5c4e2e9365c21,delivered,2018-03-17 13:35:11,2018-03-17 13:50:31,2018-03-19 19:52:54,2018-04-19 19:41:40,2018-04-16,e8b2533790b9d61da60decb8acfeebd4,2018-03-17
7aaf9721911fe977bb8e6640c442aeb4,6e62287af5611e444bfec7acf45c8476,delivered,2018-04-12 11:19:06,2018-04-13 02:31:55,2018-04-13 17:58:44,2018-04-23 22:10:39,2018-05-11,e9ffbd035ad1dac5ff0204abb377b73f,2018-04-12
a1edad7cfd5d204dd6addb0d596523ee,d920a66344bc61bb78726f3802109af6,delivered,2018-04-02 21:16:41,2018-04-02 21:30:16,2018-04-03 18:23:06,2018-04-04 20:12:42,2018-04-12,bf9c1806d51b1fe67171bcf0716b940c,2018-04-02
e19e1e2a27811ece579c1b8178b7e90a,c2651e70309e04dc650bd6553b4bca68,delivered,2017-02-13 00:28:28,2017-02-13 01:02:38,2017-02-13 12:06:55,2017-03-07 07:00:41,2017-03-14,b99a1d19a11d50d07073cf7b2baeb155,2017-02-13
0f7ed09b98de20ce43a56ec76b674951,f0bf9c83d2300d6c12ce06e16976b267,delivered,2018-06-19 21:48:53,2018-06-19 22:15:58,2018-06-20 15:42:00,2018-06-27 17:48:21,2018-07-17,40db5f27c7d20d10678ffef11beaf321,2018-06-19
86e3cd758798428e744624843dd7ad04,d876994ba7c95ee3f1041ed42fc4bbba,delivered,2018-06-29 11:52:32,2018-06-29 12:31:27,2018-06-29 18:52:00,2018-06-30 13:12:49,2018-07-13,ceacc242acd679abeeaa2353b76b99de,2018-06-29
29215b35ce6dc3c65c05c30d6e736e65,aa86e106ec68532c2b965a16693440eb,delivered,2018-07-31 20:54:09,2018-07-31 21:05:15,2018-08-02 13:26:00,2018-08-08 22:34:52,2018-08-22,92728d7e8084a741f4fcb49708a0b78d,2018-07-31
a7a423a542937b74dff48feaf2dd1126,247a290f66ea274a4e123ba15e1b086c,delivered,2017-07-21 19:03:50,2017-07-21 19:15:12,2017-07-24 14:47:27,2017-08-28 19:46:34,2017-08-18,7b627f49e4baf01fba4645b2a681a356,2017-07-21
b34e632947c7a44b7afd9eaee92f7dbb,9436ddafba22b7bce5b50f2a4ca57246,delivered,2017-08-06 12:21:39,2017-08-06 12:43:07,2017-08-07 18:57:44,2017-09-19 07:49:51,2017-09-13,226587d259aeca3cfe9ba63b4b4dbde9,2017-08-06
ee23b3b765cd771cec0d54bebd5364be,3116c5576bda81bb8f64749488b22dfd,delivered,2018-01-19 19:59:30,2018-01-19 20:17:06,2018-01-22 15:47:08,2018-02-22 22:42:49,2018-02-19,c7503490a69fd749eb5d6abfea9963cf,2018-01-19
f4f27728bc1b0f7edcf725ffdcdf7ce4,0742a36c7ba2c76b3326f3d6acd9fc7c,delivered,2018-08-20 12:34:50,2018-08-20 15:35:42,2018-08-22 13:27:00,2018-08-23 13:54:29,2018-08-27,c694ffd0ff6d172ecf34fcd4202c8693,2018-08-20
c27efcd088787bad815507fa7f5bcea0,5afa275509eaa44b988714f0e5e469f1,delivered,2018-02-18 16:04:11,2018-02-18 17:10:19,2018-02-19 17:07:46,2018-02-26 20:09:14,2018-03-14,2d9d5d0a28c03c50b212ce7a83962911,2018-02-18
8f753686e2b205ad19e9cc220b649df3,bcde3555c10846d1a1cd8b8f3aa52be5,delivered,2017-07-07 10:36:14,2017-07-07 10:50:10,2017-07-12 19:48:47,2017-07-26 19:49:37,2017-08-02,e17100e5f754e681989cb32b82ce4ad1,2017-07-07
f9030dd093087acc37d712775c8797a6,1d7852b3b0ded01a3191e87722e07978,delivered,2018-06-09 19:54:25,2018-06-09 20:19:00,2018-06-12 11:12:00,2018-06-20 18:07:51,2018-06-29,70d335f2448e9c119c2a4347b1e4dfe9,2018-06-09
f69843916f3825d8be14b5e45ee2df33,e9152bf445e52c00ab0107392a3c402d,delivered,2017-12-28 17:59:23,2017-12-28 18:10:41,2018-01-02 13:32:49,2018-01-15 18:48:46,2018-01-26,1ac6962432cf981c87ce93a5dc5f212d,2017-12-28
1235febb7f139ccf94d83ff97ae8e889,e0d5a315da0f60a087a75e90d13ebc85,delivered,2018-05-10 07:40:41,2018-05-10 08:55:40,2018-05-16 15:27:00,2018-05-22 19:22:40,2018-06-14,2004ba7732339d9be65f2236d8887ae4,2018-05-10
510a5c60f473c07f3cb21d6506c0b4ba,400662918a1713f22ef6c1e3de648609,delivered,2018-07-15 18:50:27,2018-07-15 19:03:56,2018-07-16 13:31:00,2018-07-23 23:09:09,2018-08-02,f7e28f830383c4c1eb60f8c067e95c9b,2018-07-15
fd9f784391898343d5de70ad1eb32d74,8535ac05b512f0e86671379acbe06517,delivered,2018-08-07 19:13:10,2018-08-07 19:25:17,2018-08-08 16:13:00,2018-08-13 17:28:39,2018-08-20,ad5fe24bae335b3502a8731533351598,2018-08-07
113a6eed8d2bb5da04399d939b38659a,9a16170772dda32307c89603f96868df,processing,2017-12-17 01:25:39,2017-12-17 01:33:26,,,2018-01-18,58af7b0b72f45b97b9b9ee96dc1b700d,2017-12-17
f96682f8b83bc89372ebcb2164502266,26b4925c0de7714430d267979bf3bb3d,delivered,2018-06-07 19:03:38,2018-06-07 19:17:03,2018-06-08 12:29:00,2018-06-13 21:51:37,2018-07-03,23f6069325722e056eb6826433d1943c,2018-06-07
9b8ac5a3f09f1af11380aa4451dc2ac4,0af2831dd8e096d67a27ba7cfba20f78,delivered,2018-08-08 15:40:33,2018-08-08 15:55:14,2018-08-09 05:57:00,2018-08-17 19:56:47,2018-08-24,e61f0f032bc92cadf0ec55f9c1c8b5ec,2018-08-08
189e8f0e3028e1de97281fd91d4318fe,926305ac1f7842d0f962332060d9d48a,delivered,2017-04-25 21:18:48,2017-04-25 21:30:34,2017-04-28 09:14:14,2017-05-03 13:30:11,2017-05-19,45b98d22391bfd262db44b1c4085f76f,2017-04-25
3ee62ebf18aabbf553dfaa8dc35264f0,977f68b5639d23dfb7faf9aa823566b6,delivered,2017-03-07 00:01:04,2017-03-07 00:32:46,2017-03-07 08:16:53,2017-03-20 17:28:05,2017-04-05,66a77ba2e8fb1b11cfa1a94a82f551e9,2017-03-07
08d0b596c492f5a5041d003063f18320,15e30062d5439bef7f97946eb4999f22,delivered,2017-09-10 22:34:32,2017-09-10 22:45:14,2017-09-11 21:03:44,2017-09-22 18:44:04,2017-10-03,b76200bbcb6c2d27fe74e809f361c52f,2017-09-10
8210bb31459a84e6b7e5c42367d1c127,1dc9101f2d3193e393d256dcfb50b527,delivered,2018-06-13 22:45:42,2018-06-13 23:18:38,2018-06-18 13:56:00,2018-06-24 12:36:34,2018-07-12,f88942ffa9a0e456aaa64943dbfb2daa,2018-06-13
8505cbf7005b6ec865878f42abdb291a,435bbbf7a1d328975b15ebb8eece0d8f,delivered,2018-02-18 18:08:34,2018-02-18 19:10:25,2018-02-21 23:22:18,2018-03-01 16:19:37,2018-03-14,6c1dfdd76e89876fa9ea40e2dc2f7879,2018-02-18
d0e25f97b5c712b13e725c274a17f44c,3cbc10c378a99a32e776a9f5798ddc2e,delivered,2017-10-17 20:16:38,2017-10-18 20:26:21,2017-10-19 12:40:00,2017-10-31 18:14:49,2017-11-13,7bbb72600aeb53240baf8c52b5239758,2017-10-17
2dae77f82d0fb01696161694e6db31bb,3675394f0009e5824a8267c5e1ccc2b2,delivered,2017-09-11 19:20:33,2017-09-13 03:25:10,2017-09-13 21:06:58,2017-09-20 14:55:00,2017-10-05,2ac6f6d09c75bb721defa2eb7a4f52a1,2017-09-11
81e8e3e73614d2d9f9a6807acc7d87b0,527517d6ff823aecd0c4c8466c69b614,delivered,2018-04-16 13:25:06,2018-04-16 14:33:04,2018-04-23 20:36:36,2018-04-25 21:56:41,2018-06-01,b3d28fc58af662712be9eec577ac3c2e,2018-04-16
44ecd2ebe54e3c23da26345bfcf1c919,6f18119032437dd6fa1c7df272d2d9e6,delivered,2018-06-09 20:13:49,2018-06-10 20:17:26,2018-06-15 13:06:00,2018-06-20 17:12:25,2018-07-17,c01158adcf91ee8f143d12388abe5f22,2018-06-09
2ad5b7ca9c86553e0804ec604fdbc462,29250bf22b33e1aaa5b19b78e7593afb,delivered,2017-03-24 22:00:06,2017-03-24 22:15:10,2017-03-27 11:35:06,2017-04-04 14:47:54,2017-04-17,511b4bb3561723c152c7b823cdf9eb44,2017-03-24
8d4c9cc7b0041efac926c3c47db0536e,51178a6360e9cecbcc2ac5e4bf423883,delivered,2017-08-08 18:26:58,2017-08-08 18:44:42,2017-08-09 19:46:00,2017-08-25 15:26:23,2017-08-30,45d7d97bd1be1aedd42ab9178b85a1be,2017-08-08
9c83e5ae8ff2b5cad999c3dc6129a888,b16ed08790d757ebcbc3533101fb1ace,canceled,2018-03-03 09:44:30,2018-03-03 10:20:20,2018-03-05 19:19:03,,2018-03-15,ea8a37a119980ee4681e28145b39bb3b,2018-03-03
c90d12e5994094efc0ee48807d875750,d4803d4990450b07bb8241bbe150cd31,delivered,2018-04-09 17:13:16,2018-04-10 17:32:22,2018-04-12 15:47:52,2018-04-23 19:32:27,2018-05-03,79c561518691c6ad8ebc2b382a7c575c,2018-04-09
da532e87f26c130e0b3184bdd837982b,e2b825de6fb1e640dc7d4c0a43496e97,delivered,2017-09-12 22:20:18,2017-09-14 17:44:11,2017-09-15 19:44:40,2017-09-25 18:23:03,2017-09-29,d94c6f7934657234a8a77b2879d29fb0,2017-09-12
046af6e24851f4a0a0e7849112980219,bb50620b77290f46cb4b87a5351c69b1,delivered,2017-10-14 16:01:55,2017-10-14 16:14:20,2017-10-16 20:18:05,2017-10-20 21:22:14,2017-11-03,e52bedf8a615b87f8c6a4cec0cb3a600,2017-10-14
149527456e31a9346b43cf61e5910f2b,dd9f8feaf3346e1f9f51bfb836a97151,delivered,2018-04-29 18:38:23,2018-04-29 18:54:24,2018-05-02 12:48:00,2018-05-08 05:28:35,2018-05-28,e99088a8e0c9471dd52bdf75b2f2d72a,2018-04-29
601d101f152fdff51e7ee9d43af78d06,5707eae9fa7163a38f01a3147b1b046b,delivered,2018-08-14 19:44:00,2018-08-15 19:44:00,2018-08-16 12:04:00,2018-08-20 22:15:36,2018-09-14,319cb8b5ea49d6dc93c38d6d49a5e6f3,2018-08-14
e5ce6669afa4ce905d1118fc127ecd6f,21e7dd70f802e8dd48a3c62e0559d539,delivered,2017-12-20 10:36:33,2017-12-20 10:51:05,2017-12-20 18:44:54,2018-01-03 18:42:01,2018-01-18,dc53ea76e9cdcd736e996ee4c8c5ea4b,2017-12-20
059f6abcb045619604ec4af08b4b5456,945ec7d09d4a36769efbdae2d9be7f8a,delivered,2018-01-29 19:05:16,2018-01-29 19:31:46,2018-02-02 17:29:09,2018-02-17 14:22:47,2018-02-22,d37b5d5b492f667ea230e377a97fe859,2018-01-29
0078a358a14592b887eb140ef515f5ab,e1f35a414cbae52d09c294b3e58c3e89,delivered,2017-11-06 15:42:42,2017-11-06 22:36:39,2017-11-08 12:24:40,2017-11-21 19:04:54,2017-11-29,a6f9ff98ef3cedac9d8a2b88afc89972,2017-11-06
705e297aabac0f1fae1db3971e90952d,96e664af0b18d12494b2a31ab2642c45,delivered,2018-06-12 19:05:27,2018-06-12 19:28:35,2018-06-14 13:20:00,2018-06-25 17:32:07,2018-07-13,fe5ccd1f354e6e7a8009f492c6f31426,2018-06-12
b64c877d24e9ca2418150a159d754371,759a37244e0c5d737342df44b0fa0fce,delivered,2018-01-28 10:45:25,2018-01-28 11:20:00,2018-02-06 00:54:47,2018-02-22 13:32:58,2018-02-23,cb2a61891656f6a945b89f3c4028a71f,2018-01-28
1e2086f9f7f6c651d94e82b37518bd11,e069b92fbad9733a003fb527f9f955cd,delivered,2018-05-20 22:50:53,2018-05-20 23:10:13,2018-05-23 12:57:00,2018-06-06 16:48:51,2018-06-07,96701d73665eab8fc6fecb9863266efe,2018-05-20
2a358c47c330a979b1be5fa20e6dc96e,aa205b10893ed2b1a174c2c830778224,delivered,2017-08-10 09:23:42,2017-08-10 09:35:24,2017-08-11 21:11:53,2017-08-22 19:03:00,2017-09-12,53d7110d90950f5cddd3265216eb3edf,2017-08-10
183d416a1d37c1edc47a83e0030c8ac0,79da37dffe50e32dd34b9b7793acc919,delivered,2017-11-15 09:12:16,2017-11-15 09:27:26,2017-11-16 20:56:44,2017-11-24 21:47:03,2017-12-14,2c01efdc6e5492f03d8717babc633611,2017-11-15
d2b4111f671e5684fce7ed930aca23cb,2711241c35a51e041b97251cf643dd2a,delivered,2018-05-07 14:36:53,2018-05-07 16:34:05,2018-05-08 14:29:00,2018-05-15 14:42:23,2018-06-06,486d54a658b4d345523e6db02138f15e,2018-05-07
a4ad6c9d90cb5eeed405fd63e9b371d6,4d02b479bed2ee6d0af7d1d2f856b9c9,delivered,2017-06-20 12:01:22,2017-06-20 12:15:28,2017-06-23 13:14:13,2017-06-28 13:47:49,2017-07-10,b9b8f4723899539ca19662bc944da6b8,2017-06-20
f401cf78045d08ff9b4b96a76d4424b9,543e5454fcc4e254ddd49c7860648a7d,delivered,2018-03-10 11:06:19,2018-03-10 11:15:24,2018-03-12 16:28:39,2018-03-18 10:18:27,2018-03-22,b4326179b03c9ec3794de963bf6e2f76,2018-03-10
984238b9906320ee4e847b98f9f2c699,84cf6a7be7808987bada0a2236e8112f,delivered,2018-06-05 11:54:21,2018-06-05 14:31:39,2018-06-06 13:28:00,2018-06-07 17:18:51,2018-06-29,55d0866a5a9ca7b018a470dc715c693c,2018-06-05
bf672a8c61b5e33bc9cb66dcfe53eb64,4fb5fe5e39751c4114775e26be2cfc0d,delivered,2018-04-06 07:03:39,2018-04-06 07:15:08,2018-04-06 23:28:39,2018-04-09 23:05:13,2018-04-23,5169463766d5b40064718372391fe326,2018-04-06
eeefa455d74943dff6a84508fcab8542,2025622039816f8d382f25f69c86efd0,delivered,2017-11-15 12:41:09,2017-11-15 12:50:31,2017-11-29 15:47:38,2017-12-18 15:38:04,2017-12-08,9fc1f0346a172656f5cf3317609806b9,2017-11-15
2a2bc83b78d61f7b6c3a3e00c9b94956,faac83b2c331891dd609c7b3626aed85,delivered,2018-02-26 21:13:22,2018-02-26 21:29:12,2018-02-28 23:04:23,2018-03-08 21:18:29,2018-03-19,132f423dc424a05048538d51a18301d2,2018-02-26
8f93df4da4cf61d8677c0d0913735f0a,e8d272f5edf25b4c9b3ef7d66ca2688c,delivered,2017-11-30 17:03:35,2017-11-30 17:20:07,2017-12-01 22:07:16,2017-12-07 17:31:51,2017-12-22,358973fb9d5b4a20ef8306eaff96285e,2017-11-30
a708e05eb2ffa51665826471263f190e,bffbbc61efcd1b9c5994919daea899d5,delivered,2018-04-02 19:47:55,2018-04-02 20:09:28,2018-04-03 23:05:32,2018-04-05 16:41:43,2018-04-12,69b23e9e9119726bcfc3731b5e70d9f7,2018-04-02
ce36c78536d03e75d82fde293b7e1430,0950fe2a7eda69cb626c908ef124902d,delivered,2018-03-07 11:28:23,2018-03-09 02:15:41,2018-03-09 22:31:56,2018-03-15 22:48:36,2018-03-26,7e2058b254632a5805d0b16da6aa82a9,2018-03-07
19dbcec063de59d65db1584c91ff94b0,efc51786b2f3e9205f321e49a71b8adf,delivered,2018-07-29 20:22:09,2018-07-29 20:35:14,2018-07-31 06:44:00,2018-08-06 20:32:00,2018-09-05,5be2f401ff4c32131a4f6ea1633f0a84,2018-07-29
ede12c5ebde30b74b530b13251f2951d,d1182ddec371df8bf4e58ac7f4657483,delivered,2017-12-11 21:34:02,2017-12-11 21:52:18,2017-12-14 22:19:43,2018-01-04 17:35:42,2018-01-05,5d099aec009718cb724dd2f3b66d711c,2017-12-11
ad3dafe2480678851b0a52f6d5ac00a3,88c7e37182ea710c3b8a2163d5402768,delivered,2017-07-22 11:50:29,2017-07-23 06:43:13,2017-07-26 20:55:53,2017-08-02 15:35:51,2017-08-17,f5b8b538be876b72eed481df8b75ec42,2017-07-22
1a5303d4c0d2c69405f74c3c005a5ea4,aa84f57b9e3aa99a1a4be15f47504bda,delivered,2018-01-03 13:15:09,2018-01-03 13:27:55,2018-01-04 10:46:22,2018-01-10 19:58:48,2018-01-26,2ac5e7e1668d672b41e9000fb19bee20,2018-01-03
c35c657f8ce103ef7cf3d10978f4307c,801c34b056bafd8457305e6fe54b9ddd,invoiced,2017-11-10 20:27:14,2017-11-10 20:35:34,,,2017-12-08,8913f22c1a09304d18ad942d5e8897fa,2017-11-10
e4f57706cb8a6fe9b5b33f944807fa03,e160fedb0e31d9f1012c4e023162e923,delivered,2017-04-22 20:29:38,2017-04-25 08:02:33,2017-04-25 13:28:52,2017-05-02 13:23:51,2017-05-12,b1e4ccc7e30b0cc3829045cd68406769,2017-04-22
10adafadd4cc3289bff103ee8d2db9a0,1495c7e441ebb6a484fd2c4859c02850,delivered,2017-09-11 19:02:55,2017-09-13 03:45:22,2017-09-13 14:29:09,2017-10-06 20:00:17,2017-10-25,afcde4ad41477fa81f6f88dae6734ef6,2017-09-11
634da260923e5e4f5fa538c657e77b6e,555a95c85c9d26f277b82d07879cc620,delivered,2017-12-30 14:11:03,2018-01-03 04:29:43,2018-01-04 19:53:30,2018-01-11 18:11:37,2018-01-24,a56aee3c30b2685f226059c5fcc3c1fe,2017-12-30
660cb47a0b4b671c86901a47f7dbc91c,16faeb522c87bb758b216abeee3cf4a2,delivered,2018-03-12 14:04:19,2018-03-12 14:15:40,2018-03-14 00:14:49,2018-03-28 20:03:15,2018-04-03,d8bac788d842fa66ab0f6ef346595b8b,2018-03-12
33ae336da56e5f632a69e131c877815f,af6f22c83206abe82bea28ddb4769513,delivered,2017-04-08 19:19:32,2017-04-11 03:45:21,2017-04-11 12:18:25,2017-04-20 12:28:58,2017-05-04,c08a021fcc80119586d4349986adc75e,2017-04-08
828ec0fd3fcf6cba19936aee52687ef0,c3036aa75fc90c5000fddc9ec49012eb,delivered,2018-05-22 10:51:43,2018-05-22 11:14:23,2018-05-22 12:53:00,2018-06-07 19:41:51,2018-06-13,5ab35d6d6aba7f349340cf14561c8958,2018-05-22
3dfc13832b153601db135cc36760ddb1,0f9155cd31568214cb42138c1fcfd863,delivered,2017-10-17 20:39:36,2017-10-17 20:49:15,2017-10-20 11:33:00,2017-11-16 16:37:31,2017-11-16,a0d70497eb607ebe2b879e4825489963,2017-10-17
7c1157b0ae1b27fe44017fbc2ccdb8a3,33b51aa80282e03b34f09cdb0a0a906d,delivered,2017-12-01 17:30:04,2017-12-01 17:38:22,2017-12-05 20:04:36,2017-12-11 23:07:25,2018-01-04,f9e1da122e0b07dd8b2f97182ce8ee0e,2017-12-01
94edaa9af5c54b9d05b8f3ae40bef478,86a571352e8ebe54cf6b3905ab01f0eb,delivered,2017-12-12 09:56:07,2017-12-12 10:50:27,2017-12-13 17:07:43,2017-12-26 18:58:57,2018-01-10,ed1e9f702cedd89b9225d60ca575b838,2017-12-12
cad4f1f1630718b17426b3f335d0404e,3a44b68ab84f6287350e8e97bbb6a3f9,delivered,2018-08-07 20:48:00,2018-08-07 21:04:50,2018-08-08 14:05:00,2018-08-20 22:11:49,2018-08-14,6a6cb845c817bd5dadb35ab8cada50f2,2018-08-07
ff67e2e5931af358c3dde42b54ad658d,4def32df5aeb5b3bf805abc1b3ab3a68,delivered,2018-08-21 11:40:08,2018-08-21 11:55:25,2018-08-27 08:35:00,2018-08-30 20:18:46,2018-09-12,f41211bb7afc0625f4a81ef5adfbf092,2018-08-21
59fa657243310e5db82d2c476568a74e,99f02f36decdf29cda02e67aeb589305,delivered,2017-07-23 11:08:03,2017-07-25 03:30:12,2017-07-26 18:34:41,2017-08-02 21:50:05,2017-08-15,e8178405cd0d9b7ba864a3839f09f12d,2017-07-23
420652c95bb5904543369757b02c0b20,c337b28ef413855b98d9ed149c211aac,delivered,2017-10-17 11:50:53,2017-10-17 12:07:38,2017-10-18 20:17:35,2017-10-23 19:30:04,2017-11-06,6d69b70b7a121c20c34305893508d59f,2017-10-17
76bdc8518c9c3ef50f9a240b93f97987,186b3bdd7ccd6d69121a2ba60632a1f7,delivered,2017-09-03 10:25:25,2017-09-05 04:44:22,2017-09-06 11:04:36,2017-09-16 16:12:14,2017-09-22,50312262f27f50e9fd7004e71cf3a332,2017-09-03
9d81bb437ca5583e95a56300b3576228,1e9d3655bb1078f29527381ed32c85d4,delivered,2017-10-13 10:26:25,2017-10-13 10:49:33,2017-10-19 22:27:45,2017-10-25 16:57:51,2017-11-14,efcac27a9cb4afabc3e8769a348e739d,2017-10-13
c41deac864c11ed028c447061d233e3b,9d3ca2bdaa191d1909163cfc7d660a9d,delivered,2017-10-08 16:09:30,2017-10-08 16:25:58,2017-10-09 14:57:01,2017-10-14 15:10:20,2017-11-14,1f904ed63c7126a173521eea1b290102,2017-10-08
b8e766640caca231ccff0ad5eed8d976,40f2edefab04c428afda7406f7c5bd35,delivered,2018-07-11 18:52:43,2018-07-11 19:05:58,2018-07-13 09:14:00,2018-07-27 14:46:24,2018-08-01,932a9ecff3ca5b01c3392a5005bc4ced,2018-07-11
cb6c7e4c5890bba3ee99ad3f97877d9a,4e5b349fbc6fa7c3f6b816de96c75420,delivered,2017-08-28 17:15:24,2017-08-29 17:25:55,2017-09-08 18:31:38,2017-09-11 21:23:07,2017-09-08,6f3b23f95ebabaeae8ac269dbca7780a,2017-08-28
1335e6bf7ad8b92c81ed42b620054feb,a3498b7c08ca2cf6943388c3768d3e94,delivered,2017-06-10 06:16:07,2017-06-10 14:10:16,2017-06-14 14:17:28,2017-06-16 15:02:43,2017-06-26,9b9c296f97467939ca1883de2e37ee7a,2017-06-10
70633832cd39706672d40a47536c2387,af273ec2f1c734a0f60ce845041a7a58,delivered,2018-01-10 09:54:05,2018-01-10 10:31:45,2018-01-15 17:09:02,2018-01-22 15:22:24,2018-02-06,c4b1575cb88a7433eec9fc16557a958f,2018-01-10
e1bf6f2fc7393244c6207bfb0894e512,0c1e0458ba5d882b1b85cf1b80528ef3,delivered,2018-01-12 12:22:33,2018-01-12 12:33:31,2018-01-13 00:58:46,2018-01-30 20:58:59,2018-02-20,f979c9d4e25cb1df2e513a3e498b9505,2018-01-12
5017c6fe52a9453dfd3bf1327ed588da,fcbb4e1555e5e2b345e028e4f8eea8ef,delivered,2018-04-05 16:13:05,2018-04-05 16:28:53,2018-04-11 01:36:50,2018-04-16 16:38:48,2018-04-30,371f3c9addb776f046b31f363f2abaed,2018-04-05
6f4822a6ea32489ed368e0ed3276a3b1,ef1c89da7452383e32640044013e8382,delivered,2017-02-20 13:35:27,2017-02-22 03:10:17,2017-03-01 08:43:48,2017-03-22 14:45:43,2017-03-31,fb5326fd8dd9f7f52bae66d01fc54936,2017-02-20
7efbb24e555922671a42a89180286583,17d00a6f67b69339cddcd4fc49c84f9f,delivered,2018-05-30 22:12:22,2018-05-31 01:50:15,2018-06-01 13:49:00,2018-06-02 12:41:01,2018-07-05,c65b063059376146a029cc02d2d4df6f,2018-05-30
cb40a144b2a39d4d5111f04b9a57ca92,c456a4c5171018fd21723570cdbbe3a2,delivered,2018-04-17 00:32:13,2018-04-18 04:35:07,2018-04-18 21:49:27,2018-05-03 12:12:27,2018-05-21,44949c1c7548b4c1ca16261e9138d9ad,2018-04-17
633382b6e9abe0085b19aa12edaf7e08,2d00fe84cd1a1a9f9477fb93510f323a,delivered,2018-01-05 09:45:00,2018-01-05 09:51:30,2018-01-05 21:29:03,2018-01-11 13:27:11,2018-01-30,4668460b651eca503face6f51512ae96,2018-01-05
85f591c5c63ddf9847b0edf8bb1a1145,b7d6d5ec3450353a4cd4d28480f5955f,delivered,2018-02-04 09:26:55,2018-02-04 09:50:20,2018-02-06 20:42:44,2018-02-22 02:03:56,2018-03-05,ed0e5042129d54b831594c49a39cacff,2018-02-04
5b170e2ca414dba1a026afb280420501,6d15ef9e2f0770889d141b9ac5ee4487,delivered,2018-07-25 06:18:20,2018-07-25 07:24:24,2018-07-26 13:49:00,2018-08-07 16:38:51,2018-08-15,0f3a5db8a7909671d8032ffb079c1509,2018-07-25
3c4f9e52d069bbf6d9dd15cd45ab6ef2,c90d3814b845507d21040d903e892a8f,delivered,2017-10-30 16:52:07,2017-10-31 03:55:25,2017-11-08 21:48:40,2017-11-10 16:09:08,2017-11-17,27b3bf351163c685a799c2bc22fc6ab0,2017-10-30
af4ba52bdae047d914272a2625e97f91,282886fbc1ecb089773a8b5199e59bcb,delivered,2018-02-01 11:01:53,2018-02-03 02:53:29,2018-02-05 18:05:31,2018-02-23 16:49:07,2018-03-08,68454dbbc379cc4609e578fab1e0cca8,2018-02-01
0cae3692c0412d717beb36ce3faebcb0,a6dc8c80c0a118ee2500ba81bd939cf3,delivered,2018-04-29 20:28:53,2018-04-29 20:54:40,2018-04-30 14:07:00,2018-05-10 18:19:34,2018-06-07,674e2cf1e34b5485037bc74aefb8ff43,2018-04-29
973c60b5a6b596a9bfe6a48569a9ef50,ebad54752a112f71699fed40ec030f3e,delivered,2018-07-23 11:00:49,2018-07-24 11:33:18,2018-07-30 14:46:00,2018-08-01 22:21:36,2018-08-08,d6c3cc043db0d3a97f2c39fe9fdca1be,2018-07-23
617b88590cdd5883e40eedd5ecc48026,91e90f07388bd1b260d8f1f17322073e,delivered,2017-07-16 20:15:12,2017-07-16 20:25:20,2017-07-18 21:39:46,2017-07-25 19:14:21,2017-08-08,b1c87d9d8e4cd9cf520b8148e804c896,2017-07-16
94d2de9ad08d15bd3e714a984bd09bcb,79de7628f4e126069110cd01e0cafa0b,delivered,2018-03-09 18:18:40,2018-03-09 18:35:31,2018-03-12 17:21:45,2018-04-20 20:54:52,2018-04-12,1674dc345a3197c7f6ec07b4fb3eb878,2018-03-09
1f668cb933ff919d9c0f22d752b4503a,322aaaa7739d96945945dd3ea7f0e18f,delivered,2018-04-07 20:11:54,2018-04-10 04:29:32,2018-04-11 14:41:41,2018-04-12 23:38:31,2018-04-25,808612ec48f7991b74be2feb0315a3f3,2018-04-07
cefe2d9b76da44f395498c94f7f516c7,5d2ecc47dc9030d919de8dda2bbc3a97,delivered,2017-12-17 01:09:11,2017-12-17 01:31:09,2017-12-19 17:32:29,2017-12-20 22:19:37,2018-01-05,e945bd6ead612da3f86f3a6ca06543e0,2017-12-17
3ae4da572301245622989f97c1da93d9,56e49231a1e313e37d5ee61be9baf955,delivered,2017-11-21 12:08:25,2017-11-21 12:40:54,2017-11-22 23:06:58,2017-11-27 12:26:36,2017-12-12,ad05bd7a91904a8be29ab555bcae36b9,2017-11-21
d796fb3fcd8046bf2eedc21bcb2e407a,a39dbb4718635898676c68015e5c8165,delivered,2018-07-31 17:19:00,2018-07-31 18:30:52,2018-08-01 14:08:00,2018-08-07 19:41:57,2018-08-17,7cb70acedde27a8e2356536f641df7d8,2018-07-31
0f70e4c5d553dddd723cb3ebe01cf6be,a988956c7348d95b201fe559d3bbb3d3,delivered,2017-08-28 13:17:43,2017-08-30 02:11:22,2017-09-04 21:38:12,2017-09-08 15:50:00,2017-09-18,9b904e62aeea8fe0552070621e5c968c,2017-08-28
85f56614259f06af1f2d8233109511b4,ca1cdd20afd582a805c787951ba0a30a,delivered,2017-03-15 17:15:12,2017-03-15 17:15:12,2017-03-16 06:37:39,2017-03-23 17:04:28,2017-04-06,fa7742512a1082c1223e467a3f038b41,2017-03-15
a9506e4af5c19ca12362961efdefb20d,7322e04a8cee7f728d698f4666645567,delivered,2017-01-25 22:16:53,2017-01-25 22:30:26,2017-01-27 14:21:21,2017-02-02 10:29:01,2017-03-02,09a3196b73375086b541e01cc3269738,2017-01-25
510ccfe4dbd8df0f0b94b239ce6e01f8,6d4eb3e8b01422ec8ecf52aa0f82dbdb,delivered,2018-06-03 09:48:48,2018-06-03 10:09:58,2018-06-04 15:16:00,2018-06-09 19:16:33,2018-07-05,3d85776597e4da18f564e15b8dc273bf,2018-06-03
50eff1a80cf88f66d317710f1b036b36,db2cf4866a8f96d08f711c99f9d5cbc3,delivered,2017-04-06 15:04:25,2017-04-06 15:15:22,2017-04-11 11:27:19,2017-04-13 12:24:40,2017-04-28,bbed9cd869f4fad214a79776336b932f,2017-04-06
cc6995f103edcfb65e48d731aec60c1d,6cc1ba86426fb7736e66306b0de7e304,delivered,2017-04-10 20:11:58,2017-04-10 20:22:45,2017-04-11 14:34:39,2017-04-13 13:45:07,2017-05-02,53beace9d0aa08b64d759d5f5a66550c,2017-04-10
08e83756399f8394bef75d0441b17b57,022d8582868c8ee0a200885b357c4208,delivered,2018-04-29 19:42:48,2018-05-01 06:12:48,2018-05-02 14:30:00,2018-06-13 12:32:16,2018-06-04,99d3330ae1fc9b7c7e8218c1b6304904,2018-04-29
49c5be16afaa3d998aca1f3b5ecbc980,8bc8b6fcd770d363dedc5d3725f83c3f,delivered,2017-11-20 11:47:15,2017-11-22 03:07:55,2017-11-22 22:04:51,2017-12-04 20:18:31,2017-12-13,a8bfabf7c4cd45718146d9c98c6e148c,2017-11-20
923edd16abada2893b886d3757c73ffa,fe4d81bc8da17c071449cce9d7023407,delivered,2018-07-04 13:27:14,2018-07-05 16:16:59,2018-07-05 17:24:00,2018-07-10 18:12:33,2018-07-27,27b92787633925ba1e1aaed123d955e1,2018-07-04
f8dc82b0d1ce6633002e0e0d2d17282f,48953746f0a26f3f37132e5bea883b85,delivered,2017-05-25 00:33:44,2017-05-25 01:25:22,2017-05-26 08:36:26,2017-06-02 09:33:15,2017-06-23,409379e6e577c89589dade402e6c2522,2017-05-25
3f1f171acadae2240a8927ff0867af9a,5db443877524f04312886fad87e08e49,delivered,2018-01-06 11:53:29,2018-01-06 12:08:15,2018-01-11 10:56:48,2018-01-29 20:59:06,2018-02-07,7341bdcb6db9240e3deac79bd1bee854,2018-01-06
d899038e9957d3d2f73bf50547f78d04,ae2fb83f7060f4d1dad71255e97345d7,delivered,2017-06-27 11:20:27,2017-06-27 12:10:22,2017-07-04 15:44:59,2017-07-11 19:21:53,2017-07-19,ab0f956f72812ae4636be4e15b58031e,2017-06-27
35c20257f4ae4439e4560d6e5ad5c658,7bedc4b5a1d3909da4c37de13206b87f,delivered,2018-07-02 10:27:42,2018-07-02 10:50:09,2018-07-03 09:51:00,2018-07-11 23:21:23,2018-07-30,b3016a93c77db25df41b3009409e04bc,2018-07-02
29022c1010dba6fda58abf8d59d4258b,5fb1f562bb86b93ab8d78d66f01986d6,delivered,2017-12-01 21:24:29,2017-12-05 04:13:16,2017-12-06 21:38:35,2017-12-14 19:51:57,2017-12-27,517a2ce2e31512531ed751d19c09cdae,2017-12-01
f05ae607a2f78a91958f765f204e098f,cfa0b544b9d4e774773fc6ec59ee2fa7,delivered,2017-02-14 12:20:37,2017-02-14 12:32:47,2017-02-16 15:03:10,2017-02-22 14:37:58,2017-03-15,05915465847795db99787e08bb715603,2017-02-14
e387acf12982c1b307ea89d69c292345,82d27dfab5d50815436721c1fa587182,delivered,2017-06-03 12:37:02,2017-06-03 13:05:37,2017-06-08 15:41:36,2017-06-19 18:37:49,2017-07-04,7cdbe3c9809328e8ecf8264fb63356da,2017-06-03
d0dfc91485df79d57bca8e69971f9164,3103c5ca3a3473888a6b51221536bb0f,delivered,2017-10-30 17:18:56,2017-10-30 18:33:04,2017-11-03 19:23:29,2017-11-18 17:16:50,2017-12-01,072f8721de73173db4c120e6c6d40ee8,2017-10-30
6a3cf68b5d00317f1869cd638dc6889c,db04047cc9d602038629e2af01857a24,delivered,2018-05-18 12:31:19,2018-05-18 13:27:12,2018-05-21 08:42:00,2018-05-24 19:04:38,2018-06-01,4eaec6309616b293afa6b7020dbb338d,2018-05-18
e58ac2a3d13a940b460ccc4299264f37,a31e9efdd03a113a21348ab6843d7e3e,delivered,2018-06-13 11:42:37,2018-06-13 12:32:29,2018-06-15 14:56:00,2018-06-27 19:42:05,2018-07-18,882d59c3ace999741afe78c8a1462e30,2018-06-13
f14a9b375fa15329cc541a846cfb03fb,d0d33cd9e51cbf33e9f855370e6805fe,delivered,2017-11-25 01:11:14,2017-11-25 03:51:39,2017-11-29 20:22:02,2017-12-03 16:32:29,2017-12-11,9bf032ef1c7d2b93eed4916983d7eb71,2017-11-25
fec5c44b191dacb759c39338c8c934a0,6f876d87bb2552c9b2063e96228ec5cd,delivered,2017-11-20 13:13:45,2017-11-22 15:47:22,2017-11-23 17:56:53,2017-12-27 19:22:45,2017-12-13,9e2b2b5613fe2b1868be992967ebee82,2017-11-20
4a359800ff0688de3eabc92972987238,7d6a15dac3171fdcfc217ffa8c09ec36,delivered,2018-05-07 10:17:11,2018-05-07 17:30:51,2018-05-08 16:13:00,2018-05-10 20:20:57,2018-05-23,1c628081cb579ed6035b9aa8614e69f4,2018-05-07
26d26e749356ec5a267c065241ea05e7,3d4468ce8d2cbae5ded23093c9e039e2,delivered,2018-03-06 11:03:36,2018-03-06 11:15:52,2018-03-07 22:13:31,2018-04-04 22:04:51,2018-04-09,bdf7458b78fc3a9cc62e71cb779d0452,2018-03-06
276473cdf80e80d33281cff1b5581166,a829a6f302fc834aa65e2af9f306c7ee,delivered,2017-12-13 22:32:30,2017-12-13 22:38:30,2017-12-20 18:36:57,2017-12-28 20:52:04,2018-01-08,b74e1b702807465ea2fa76335df35ee7,2017-12-13
946f3e7b0d6366f4485b948f11d01ee5,0e6e8c5b4485a66e6168154d4ea445f5,delivered,2018-08-09 07:25:55,2018-08-09 07:35:14,2018-08-09 13:50:00,2018-08-13 18:14:47,2018-09-11,188fef954caac5f041726349d2bd8a6e,2018-08-09
312be9a2f296750320ccfc0223531b30,890e24d018b4a6032a34c9866a11c983,delivered,2018-04-25 16:52:37,2018-04-27 03:30:56,2018-05-02 11:54:00,2018-05-07 20:12:06,2018-05-18,4e125b3c4dd0fea8a12e0cf16e203e3b,2018-04-25
ebf58142d429fa41ece5f8e0308d8908,caa7acaaf9247a8f90b437b81277b419,delivered,2017-07-10 13:56:25,2017-07-10 14:10:09,2017-07-11 18:36:33,2017-07-17 16:41:39,2017-07-28,125a762f275908012b288be69294a3a6,2017-07-10
ddce482cc1785da2ee00c010675508d3,b59d54e1dc0ed83815e549c06a66de00,delivered,2018-05-05 17:25:59,2018-05-05 17:35:17,2018-05-07 15:32:00,2018-05-10 20:27:28,2018-05-22,09c24fd0455b599da7e5a34570ef0ac8,2018-05-05
4d8f7c7261c4de9e113b8d390125fdcb,e5fbe24aa488ae15c28edef16efd1a4c,delivered,2017-02-26 14:14:18,2017-03-02 03:42:05,2017-03-03 17:00:30,2017-03-09 04:57:50,2017-03-20,722f2e40c3daf3ea25f5533d3067d0d3,2017-02-26
d9017242fd88c2d6c9c356ea697dff58,c9502c24f6357c5e81ffffffea56cf7b,delivered,2018-03-29 18:41:17,2018-03-29 18:55:20,2018-04-03 21:07:21,2018-04-13 15:12:18,2018-04-20,ea3e8c190f5c875ba2c4bd077c6459e6,2018-03-29
243b66cfd676e63e7db35e7341acdf7b,d38ce923b0fb0571bca2241dbfa40265,delivered,2018-02-07 00:08:13,2018-02-07 00:30:40,2018-02-07 20:07:58,2018-03-19 13:47:45,2018-03-08,6bb13d51f444da61e34ecfdb1e86c9be,2018-02-07
ce07c393d8aef25ec77567483aac364d,7ed47aa10ea881d4e434bfbd93dc4443,delivered,2017-07-05 19:24:25,2017-07-05 19:35:23,2017-07-06 14:41:22,2017-07-14 20:57:46,2017-08-02,2ba62c4e0e3feac5e9ada9cb1e7ad001,2017-07-05
22c95bbadd1ed008fe46549ad83e820c,28c286b1524136196892633baf063295,delivered,2017-07-19 17:37:42,2017-07-20 06:43:18,2017-07-24 19:27:36,2017-07-27 16:19:29,2017-08-08,37e3b2eb704fe29aa27971ed1a123029,2017-07-19
5dccad03ac8016afdcdb7cc0227ec9d7,bbec89f3ce9883659829232500271d87,delivered,2017-01-25 15:10:14,2017-01-25 15:25:13,2017-01-26 10:06:22,2017-01-30 12:58:42,2017-02-22,55e4961112ecf48f62b785a19694ad5d,2017-01-25
f0af6d20649a1a4e1d876620b3e1129e,be07de9ad4a2d695556d343ba8caf439,delivered,2018-02-14 16:10:54,2018-02-14 16:35:41,2018-02-16 17:08:26,2018-02-27 13:19:15,2018-03-09,d46b039e6abc95be9582e7ba3bc43dcf,2018-02-14
85ff3bf317fb5e2bf00cd9e4ec456b8b,028f2ba19d9bc8715701a3b939a501d3,delivered,2017-04-01 19:11:15,2017-04-01 19:22:43,2017-04-03 12:26:03,2017-04-06 13:24:16,2017-04-24,68489d556c2be403e9a2d36f50d99bdb,2017-04-01
817d88483f5ef3f2c934506d7d890888,ea96be5147863f2b3ae58b00983a6d09,delivered,2017-10-29 22:57:07,2017-10-29 23:10:17,2017-10-30 20:25:15,2017-11-06 16:35:29,2017-11-21,71a92c4502fc684eb2d5dfde66931cf4,2017-10-29
5d97e5c1271e63ad96d16752ee92d4ff,54ee05d8abf5d1dd8007356cbc844f75,delivered,2018-06-24 20:14:29,2018-06-24 20:39:42,2018-06-25 13:13:00,2018-06-27 13:12:56,2018-07-19,0dcc90439d678fec5d09beb903833b4a,2018-06-24
e0f57f06590a2aee981778faa5b7c80c,4f88e94ab992ddf656d58ed3c10360b9,delivered,2018-07-09 12:06:05,2018-07-11 03:35:22,2018-07-12 11:38:00,2018-07-26 18:28:23,2018-08-03,f72119f1bc46f7a0d23837aacff50fdd,2018-07-09
295ad751198b4f1a2651400773795227,094c6b161507d7a620db1174dd826493,delivered,2017-07-27 13:53:53,2017-07-27 14:05:15,2017-07-28 14:07:01,2017-08-02 19:22:13,2017-08-11,4c3ba6b513e65e73c9186aca5e29fefe,2017-07-27
50d9186d77acd4105e6dc1098ed0a28c,9327c23f869799b09aa3579c3dbe3516,delivered,2017-04-24 14:23:38,2017-04-24 14:35:16,2017-04-25 11:10:49,2017-05-03 13:16:03,2017-05-15,9154ece329f3c5af30b08af0de64ce99,2017-04-24
8b9c6ff3e8b2603f52a401024523d642,c80e048ea4382bc53e00921d38632175,delivered,2017-05-08 00:45:17,2017-05-08 01:02:06,2017-05-09 15:23:38,2017-05-11 15:33:59,2017-05-29,ae74c314b9c383e5d7bcd99d54ffbc71,2017-05-08
6ec1bea8cbcef0a1b81bc9b7fbd37ccb,e6b5e20566e5c72cbaab04f91dec9c85,delivered,2018-08-07 05:42:46,2018-08-07 05:50:08,2018-08-13 09:24:00,2018-08-27 15:28:22,2018-09-18,8ad270ff4a5557d1a05e24abb6292017,2018-08-07
441972a5bbd51a10459a487402076942,b79fa9dfed0c3d624b70fbd0ca2469de,delivered,2018-08-23 22:37:44,2018-08-24 00:35:13,2018-08-24 13:19:00,2018-08-29 18:03:26,2018-09-04,4ee41b2ea43aadfae757447904989dec,2018-08-23
fbecebecbe32df9dc3411b1e35b5484c,7f9f88f14a8f0dc733a5e371af98abac,delivered,2017-03-20 18:22:46,2017-03-20 18:22:46,2017-03-21 13:35:58,2017-03-27 12:30:15,2017-04-12,88605124228c3a9f950be69ad4911e7a,2017-03-20
9e22b00fd1b9f036577e8c517ea0a5d4,5a7346263920ecab0f88da703bbaf3b1,delivered,2017-12-01 13:45:30,2017-12-03 13:52:24,2017-12-04 21:22:58,2018-01-03 21:36:42,2017-12-27,0fb360a422d2297dcf21d4d7b91028db,2017-12-01
07d9d11b0175952638ddd53d7855f8a7,a1c779cddccf5ffe60e543d3ce0dc477,delivered,2017-11-22 16:40:23,2017-11-22 16:48:33,2017-11-28 19:48:46,2017-11-30 13:49:03,2017-12-04,12e7867bb47d014edf9f37ce4c609621,2017-11-22
1c38314597f39a117548efb308041b76,39a23021e4ee2efd04ea8decaff7b328,delivered,2017-12-11 15:43:06,2017-12-11 15:51:22,2017-12-18 18:35:20,2017-12-28 17:43:32,2018-01-08,5f47d521a652fc3d231a375e53ec64a6,2017-12-11
06caf4b0e55d9bc015a91fa77432a1cb,e42b1319fefce9bf37acf91a0ac8c1a9,delivered,2017-03-11 11:42:16,2017-03-11 11:42:16,2017-03-13 14:54:54,2017-03-21 10:58:09,2017-04-06,11be14f7e9b9fa3e079997407a648847,2017-03-11
1330176f6500125ff6e8e10922fb714c,89479f50ebac0687b3d8d0ac9f1193b1,delivered,2017-10-18 23:24:58,2017-10-19 00:05:28,2017-10-20 17:52:05,2017-10-21 17:34:44,2017-10-30,3136561f1d9af758ada21e74d3a35e81,2017-10-18
6616fa4c89b8bf2a7e17271cdc542fca,19245d7a8dfb1639e01f96c455fb05b1,delivered,2018-08-17 20:47:06,2018-08-18 03:09:38,2018-08-23 07:11:00,2018-08-28 16:09:37,2018-09-25,19ec0b29446735170b035f6d2abcd667,2018-08-17
06f544e5c7afe6215b9e2a26b4f08442,26d283dae44fbc9eee874cecca589853,delivered,2018-04-12 10:23:19,2018-04-12 10:35:13,2018-04-17 19:41:03,2018-04-24 18:41:15,2018-05-08,013dd47ed31ce4de00cb434b2cae5386,2018-04-12
2db1d0694f169b74b5bbee207ca7cc64,643851ccb6d55c6d549393aac4aaa4b2,delivered,2017-10-04 09:35:11,2017-10-04 09:56:20,2017-10-10 15:58:19,2017-10-11 23:10:54,2017-10-20,24c3223c7a70060b70168a0d8594c8a7,2017-10-04
401ecf90579c9023a8f503e3a58cfa77,3a67fbf582c0eceb6d18beca1fe47a1b,delivered,2017-10-23 22:15:15,2017-10-23 22:28:26,2017-10-25 18:14:32,2017-11-03 20:32:34,2017-11-17,90c205b0bed658a20ba141d2960d6811,2017-10-23
8fa279b262d80217668f5711737ac83b,e620fbdf4316bb301fdce0325c0e0c2c,delivered,2018-03-27 10:33:45,2018-03-27 10:47:53,2018-03-28 00:32:47,2018-03-29 18:29:38,2018-04-09,ddaec4aabe32eff2999c877135121c7f,2018-03-27
581e5298655b47d098b024c86e9239e3,43fcb18424838d79a2627f6bc5f04de3,delivered,2017-10-07 11:30:13,2017-10-09 15:49:44,2017-10-10 17:47:33,2017-10-17 18:56:38,2017-11-03,a99ba58d7e87be80b60ee7ba50958f26,2017-10-07
6dcf0aeb8b1eb4021c26e1d0e9394979,8d10ccfe7c979ef982e4964bbff62637,delivered,2018-08-09 20:37:34,2018-08-20 15:59:18,2018-08-14 13:05:00,2018-08-15 19:06:29,2018-08-15,8d43f7b8f33f60fb6ae5ec21072135b5,2018-08-09
e808b609d07ef4f022d702b20db24137,33a60f5a90dff8048b927768019d1d23,delivered,2018-01-14 20:28:50,2018-01-16 03:51:08,2018-01-17 00:17:00,2018-01-27 04:58:40,2018-02-14,b7c353584ecc53175529d47389ea8a64,2018-01-14
a06e15e85714e87cb14e805b04c476f2,c9e39e587b892b00ef702d57de1cf299,delivered,2018-07-21 13:47:04,2018-07-23 11:31:49,2018-07-24 13:18:00,2018-07-27 20:42:44,2018-08-07,f0fe4ee68e4a03068e981e6481bb9e1e,2018-07-21
e889c2950b88a166b9da5f7e995872b7,bd2fe6a35c295706596da2439a669278,delivered,2017-05-08 20:58:38,2017-05-08 21:10:21,2017-05-09 14:08:05,2017-05-15 14:38:53,2017-06-01,e53763fd1b993887e2d1d3757d9783d9,2017-05-08
09545768adc993877dfa9a4024b360c2,6dee66a764300a20244d9cf65bd47268,delivered,2018-01-13 12:05:26,2018-01-13 12:13:29,2018-01-17 19:06:41,2018-01-25 17:17:08,2018-02-01,445929ecbbdda5bc15b0283394bac0f4,2018-01-13
343c79502b5f394194fbf53ba4a561c1,be637891046ac0508dcef34ab3a739a6,delivered,2018-07-20 09:58:23,2018-07-20 10:15:09,2018-07-25 20:09:00,2018-07-26 15:32:45,2018-07-30,13fcde5e09fc80145f4eb5648441a5c0,2018-07-20
6da86c30ec11a9b1443f7a1b00b03011,4bf467566a4cd8493661006d516c5b2d,delivered,2018-03-30 15:28:44,2018-03-30 15:47:06,2018-04-04 19:48:40,2018-04-13 12:28:29,2018-04-18,87df20b0173b7177bdf6eb765728cbe7,2018-03-30
dfa28d8e8d39258262ca8e4fe6293a78,11ca735fecae936dacfea16499b4b4d7,delivered,2017-05-02 23:26:03,2017-05-03 15:42:18,2017-05-08 16:05:09,2017-05-17 10:14:46,2017-05-26,b5be7a62bae2b8f3b867d2e9ba629a59,2017-05-02
9399731dd679003e21c7f24ad39ffa32,bb98e27058a8d72162176e336a2b97a2,delivered,2017-09-07 20:12:30,2017-09-07 20:25:11,2017-09-11 20:05:23,2017-09-21 17:54:38,2017-09-28,22745c06a87ddc1142c22ce98c5bf8d1,2017-09-07
dbeb01520fa5b47df830feb1a9a1ac95,4bbb5426eea4b9ecab0158949f4e0e9e,delivered,2018-03-13 14:14:45,2018-03-13 14:47:53,2018-03-16 18:32:36,2018-04-05 18:04:46,2018-04-09,2620cc038af4151e5b9c53db3777178b,2018-03-13
ab9a3c29c4b67aaca311cad95058153a,84c25336ff90f2e2b233e6df15840570,delivered,2017-05-11 13:56:39,2017-05-11 14:10:18,2017-05-12 12:43:00,2017-05-15 07:13:50,2017-05-19,d20f34444ce44ca683d46e9da98456e1,2017-05-11
71f500b84266602e89447c7eab602ddd,aa743174847b78266e47461b8bcd1bb5,delivered,2017-06-14 22:09:08,2017-06-14 22:22:34,2017-06-19 17:06:40,2017-06-28 11:47:55,2017-07-11,b91103208abd5c826bd0bc26ec99c1a2,2017-06-14
1d48ff4287c2ff4e757091486fa7c6d6,477d719a72a56246c2832dcdd7070a42,delivered,2017-03-13 10:40:07,2017-03-13 10:40:07,2017-03-14 08:11:51,2017-03-22 09:48:55,2017-04-05,a7d017700ec815ffc92b9b6be6856721,2017-03-13
121191d52387cd00dc63011edaeb8af2,5a9e77d4c84d33657bad0c365b65351c,delivered,2017-10-27 17:00:33,2017-10-27 17:32:14,2017-10-30 18:45:26,2018-01-09 18:55:47,2017-11-21,a008c26faa031a0b5201160fc324a0de,2017-10-27
1323da2fac3c4ba9cee60f86d170f816,30a740aa49694c824429bba81acd607b,delivered,2018-07-09 19:45:57,2018-07-09 20:05:31,2018-07-11 10:58:00,2018-08-28 14:58:42,2018-08-06,3ad71716d2f8132d4355a69ee6f58a77,2018-07-09
289cbae847c6623b3a488df45f472c66,7ca8e352c87e204812761e7dc7f8fa54,delivered,2017-09-21 22:00:29,2017-09-21 22:48:18,2017-09-25 14:04:34,2017-10-10 18:28:03,2017-10-18,f3705cea51b431dfb87a53e0220b78fa,2017-09-21
effbd7f83c0f10ef73b5704c87b1d168,6bad775225df69f839c683ea6a9833f8,delivered,2017-09-13 14:54:31,2017-09-14 02:43:56,2017-09-14 19:24:53,2017-09-19 20:32:32,2017-10-05,c8f4625cc170e6e1e33a9d8f537e375b,2017-09-13
add4a7fe1b17829ea0b43587b44c1176,dfeeaacf3ac43668f3a468f71b2cf65b,delivered,2018-04-03 14:44:44,2018-04-05 02:10:32,2018-04-05 21:51:50,2018-05-16 23:21:33,2018-04-26,517d85d28f91a6893561a65721b3fe0f,2018-04-03
ce8157b7dce9a36c6ab802ad73f494e4,1958a7ca6c1d652df51a65950e9a0628,delivered,2018-08-14 21:18:41,2018-08-16 03:10:32,2018-08-16 14:14:00,2018-08-23 19:58:54,2018-09-05,9635cc2dc37d7d02dea728765b4055f2,2018-08-14
9c14756d0113f66be55ca07456df3393,579ed05e977f9e95c98a761d7ecb086d,delivered,2018-07-10 18:35:18,2018-07-10 18:55:15,2018-07-11 14:48:00,2018-07-16 13:31:22,2018-07-24,df8f9ee9252077c6c592dfaf51560179,2018-07-10
c89817240e09ddf1fc2d8ecf05464107,807df231549803cc45b10dc50ad40322,delivered,2017-06-15 16:48:03,2017-06-15 17:03:06,2017-06-16 17:19:41,2017-06-26 13:46:03,2017-07-20,0b253be9da605679d20fa8583851d80d,2017-06-15
1bf716344048611744a7865ea63047a9,a76edae0e8b3aece206b4b1ad4d20951,delivered,2017-11-12 22:30:37,2017-11-14 03:46:36,2017-11-14 17:02:21,2017-11-24 13:27:03,2017-12-13,b0abab6190c6ff2b68e85a1eaf0c1f74,2017-11-12
028e8f5a96db8d372890e03d22829e9b,c09962ce82ae80e545818b93530aab09,delivered,2018-04-18 17:15:44,2018-04-18 17:58:33,2018-04-19 23:21:25,2018-04-21 00:11:03,2018-04-30,47b38e3ca4ce43247fdfc425e3dae292,2018-04-18
30597e915fa41c74c59cf5f8ce640d3d,7d4024a33d15af87c7e47ee51976b556,delivered,2018-07-09 08:54:04,2018-07-09 09:15:15,2018-07-11 15:55:00,2018-07-19 18:51:43,2018-08-10,92192378ac0be15fe85e3ac5e188df1b,2018-07-09
b27ffd98b450ba9120b7ebd8d6bb75db,dbd324a50ece1c09a1d090c01a10733b,delivered,2018-07-03 12:18:23,2018-07-05 16:18:41,2018-07-03 14:55:00,2018-07-06 19:12:04,2018-07-17,a328b65e7a42714904e40433f231d01f,2018-07-03
c99ca23474e04e001665cd9439b59dca,03e6182153ba8bbdff8a0236ee161c8f,delivered,2017-10-23 09:54:52,2017-10-24 10:05:59,2017-10-27 18:47:43,2017-11-07 18:09:13,2017-11-14,e96ea4cb3453ea98a7d774de540651e6,2017-10-23
9135c65d6b2718f079e23287d8459be2,502ded0eab5766a83294460c72d9a2d5,delivered,2018-05-14 16:01:23,2018-05-15 05:14:48,2018-05-15 19:03:00,2018-05-16 13:28:52,2018-05-25,f6b12abd5112545273ecbdc84f6cf35f,2018-05-14
db26f26e8c17de720f2aa151af77f904,3ca3a2454f257793dba696f71c8f732a,delivered,2017-10-24 12:21:38,2017-10-25 02:08:26,2017-11-01 16:14:42,2017-11-03 19:07:30,2017-11-14,d5542931541f79608376ab83b34c9b1b,2017-10-24
7e2abfe12599364389f3fcb145141030,efe242eacffaae25b7148f5758be7d8a,delivered,2017-06-08 17:35:47,2017-06-08 19:20:13,2017-06-12 15:30:37,2017-06-19 21:03:48,2017-07-03,e80aa862f8853045f690e7873edcaa98,2017-06-08
33f3e269b872b41e5f90b01a92d454eb,96b747e34fa89b37565693617f5e5a00,delivered,2017-08-06 20:04:28,2017-08-06 20:23:14,2017-08-07 20:21:44,2017-08-09 21:03:08,2017-08-25,f022aeda339304258c002fffb115d737,2017-08-06
4d0a6e1b497dd61e14d0f00c47e11a2c,bc24331464260dc480e8381acfa73e9a,delivered,2017-04-25 17:29:23,2017-04-27 13:15:27,2017-04-28 10:43:53,2017-05-05 09:06:44,2017-05-17,fb83c342d48ae2f55e1a58a21694f293,2017-04-25
6ae81f46190acfedd354db1a69ecfb03,3f6df3e18533041a83b22eb7b412894d,delivered,2018-04-24 21:08:13,2018-04-24 21:30:32,2018-04-25 14:09:00,2018-05-07 22:24:33,2018-05-23,c2caa0781cb9eae063d8d0f81295ccab,2018-04-24
84300a0c4b27875cb77c89f5383df360,9223ff8bfb04f4673127a750e6812cc4,delivered,2017-11-18 13:20:25,2017-11-21 04:10:02,2017-11-21 23:07:49,2017-11-23 22:26:58,2017-12-01,e5550ff5cb99a3ac6b3c11b9e053ce22,2017-11-18
9c7d894f9c1a1bf24922e113909eb640,95eac8c15a91cd486f94f12debfe6b16,delivered,2018-07-27 08:17:56,2018-07-28 08:15:13,2018-08-15 14:10:00,2018-08-22 23:14:47,2018-08-31,d779489889027d588524e77125599746,2018-07-27
21030293cc104b1a83a93d3fbba3bd6a,d52d50587f75df7c5afbe0c57ed48029,delivered,2017-07-19 10:37:15,2017-07-20 02:25:47,2017-07-20 23:11:50,2017-07-28 18:38:56,2017-08-18,9a39c1a793a148452f4d0fd8b85a1c20,2017-07-19
1f2638f8b42427da20d04f8fe55f4588,6f6071e303bb66bbc2ebee2358bc3309,delivered,2018-01-20 10:07:10,2018-01-20 10:19:12,2018-01-23 22:29:41,2018-02-28 20:56:44,2018-02-23,87ea2314191dfd4a1f88c0eaf01b7b2f,2018-01-20
47960ca020072a5fa5a8371f0efead69,5bfd150544af5c2e3c71497022bd60ce,delivered,2017-04-05 12:04:57,2017-04-05 14:10:11,2017-04-06 14:43:43,2017-04-10 12:00:01,2017-04-26,0449f7e02f26796da5f6c9d6abb177bc,2017-04-05
bbcc1c8c6b1353a43012bfe1b7380a29,ee55172c933983bf29aac9668a6b3271,delivered,2017-10-27 12:03:58,2017-10-27 17:31:14,2017-10-30 15:58:53,2017-10-31 15:33:47,2017-11-06,753aed13adf95f597a521544d58c2a6b,2017-10-27
850f7e5523f86d76fdee921da3dc9895,504e1afecfdc611577b546d5fe69436e,delivered,2017-04-19 15:38:01,2017-04-24 23:32:57,2017-04-27 08:04:34,2017-05-08 14:34:21,2017-05-16,f0313b8b584e00edefff64002051ef59,2017-04-19
a2087914bc836b0a52e2369d6f30fde4,4c53ad7e6017d3edbeb1432f683823f7,delivered,2018-01-18 08:15:16,2018-01-18 08:31:23,2018-01-18 22:44:35,2018-01-31 00:41:42,2018-02-22,1d5fd6e985ad77152f8559f15f085fd8,2018-01-18
d5691ee416fbe1f2d1b061319de61570,b64ed91eab98972150bdaf77ca921934,delivered,2018-05-11 06:47:44,2018-05-11 10:17:49,2018-05-12 08:55:00,2018-05-15 16:44:55,2018-06-14,3da7750bf3c1dbd724624a60a9f5942b,2018-05-11
fea5a7b9dcb6be7d730de9835ec5e7ad,85c1fbdfde1ce1474f486c1cf18caf90,delivered,2017-11-24 12:48:04,2017-11-24 14:58:30,2017-11-24 22:33:52,2017-12-03 09:51:47,2017-12-21,9133fd47fd5099536bc0440bd09e99fa,2017-11-24
f2f6707b2576619925ea0e63103975c0,84f02549f018546d35266595560f789c,delivered,2017-04-14 21:01:15,2017-04-15 21:05:11,2017-04-17 13:41:54,2017-05-02 16:05:52,2017-05-11,10954d17b6a7747b1075f867ea7788fa,2017-04-14
1aa3c5dc3d9668e8fa8a0af87a8dbe55,c41a78e907140c86415c4c480cdf14b9,delivered,2018-07-24 00:38:16,2018-07-24 10:32:25,2018-07-24 14:56:00,2018-07-27 20:31:03,2018-08-14,a63810aeb9ec25fa0f4ae02554503513,2018-07-24
b9db568c807b745666940333af1f8618,40a3b852bc7f051670b0ad197fc59aca,delivered,2017-12-15 20:34:39,2017-12-19 09:58:28,2017-12-21 10:58:48,2018-01-03 20:53:16,2018-01-12,fae6cd4c8008e488b84c58948828b46f,2017-12-15
5c455e9a6d56d30c1652aea99d744e5c,9d50e47ff447954c63bef2a5a68fb350,delivered,2018-05-13 11:28:24,2018-05-13 11:52:30,2018-05-14 14:25:00,2018-05-19 00:17:37,2018-06-22,d1e6c8c7d7221901a3ba73196f98b9c5,2018-05-13
d062df7045ef15cdfd841bb52d798a0e,e9c9e8edea5b2c31b8ce06f9ff086ce4,delivered,2017-07-09 19:10:21,2017-07-11 03:50:41,2017-07-12 18:03:33,2017-07-26 20:34:03,2017-08-11,91cd9a69d709b23d9682fe8d4baa458c,2017-07-09
3aa2ae7ecf5c78c8928b540fed47058f,c8a0c590b4825ffdb2bd8a5a18d5aec9,delivered,2018-04-17 12:09:50,2018-04-17 12:30:07,2018-04-17 22:32:11,2018-05-04 20:42:31,2018-05-18,bacb93ae220562bbec5b93899bf028d3,2018-04-17
5471d5c0cbff5d04724a56e49cd4d308,a6d538e158ddb434374047d413315beb,delivered,2018-07-18 17:53:55,2018-07-18 18:05:33,2018-07-19 08:36:00,2018-07-20 17:27:30,2018-08-10,4f70c5d11e22eed7ab439e3ca2189ea2,2018-07-18
4e790ef1ee5dca2f0de38704d806e45d,2bc33799adeccec1a65fa254bdec653d,delivered,2018-06-30 01:23:27,2018-07-05 16:05:22,2018-07-04 16:03:00,2018-07-11 20:40:27,2018-08-08,9e7453e2a414383f36e454635fa56a96,2018-06-30
2fab4de591dc7b69eeb8afb9a976ba91,92deb673372d5166b7bc5db819269c6b,delivered,2017-12-05 19:00:57,2017-12-05 19:30:21,2017-12-06 22:45:53,2017-12-10 14:37:47,2017-12-21,bc43178baed117c53a910e91d4f9a014,2017-12-05
672222c1e1bc8818069538d8c8c046a9,ac8cbf914049a7b20272a10f768ba6dd,delivered,2018-08-23 08:18:00,2018-08-24 03:24:24,2018-08-24 14:10:00,2018-08-27 14:32:23,2018-09-06,91352e06066eef42b60b24049ccde4fd,2018-08-23
d540bc0befa1449d8763e87cd48655c2,46f54b37f0933babe0222df0744290bd,delivered,2017-11-07 11:38:57,2017-11-07 11:46:47,2017-11-10 19:12:22,2017-11-11 16:24:36,2017-11-22,0b209d54ce95005e6dd01239d4146ec2,2017-11-07
8f8634cbfb1b971fbea53d83c59105b0,6208d45dfab61d93d63c82f085d7617d,delivered,2018-01-10 20:41:45,2018-01-10 20:50:39,2018-01-11 23:39:17,2018-01-19 22:18:29,2018-02-02,92bed6ff4d53aed3ae8d1c28c07f82ae,2018-01-10
2d1f07a3af3df1ddc97efd57a74be3a9,c2f8f353739798ad5faa45e74f1fd23b,delivered,2017-11-26 22:11:09,2017-11-26 22:19:34,2017-12-14 22:18:14,2017-12-28 22:07:17,2017-12-18,c9a7f2bed0012cc279765776b0d8dec4,2017-11-26
35c136a4dcd64f2fe2f287bec7cc3f07,ac755a7766e38c0d035e20c0bedc02f7,delivered,2018-05-15 12:49:03,2018-05-15 13:14:13,2018-05-16 10:38:00,2018-06-02 20:38:33,2018-05-29,09893d0d5863460e0c8f6c369313452d,2018-05-15
a2aae14e6eb568f6c2f82c7cc1d5e0f2,451e697f12e5b64eae4580d365e6260e,delivered,2017-03-18 21:58:15,2017-03-18 21:58:15,2017-03-20 11:07:27,2017-03-30 16:05:32,2017-04-12,bd95d579644675df7618e1740778b7d1,2017-03-18
07808f3f87407774955a7ceb2f4fe5d2,a40a9cca30df7d2a36fdba0dfc4b03e7,delivered,2018-08-01 18:54:32,2018-08-02 09:15:19,2018-08-02 14:51:00,2018-08-06 18:22:36,2018-08-20,4851463625df0c8c8e3e60f6119673aa,2018-08-01
6a0353f4ad7ad24435f69ac334ef2be8,f3383234c4a4f61a985c74817ca24b15,delivered,2018-05-13 19:49:33,2018-05-13 20:13:10,2018-05-14 15:16:00,2018-05-17 22:08:32,2018-06-01,ebb7468a67994575404a9cdd27c09b67,2018-05-13
8eb78d502d1023cb644668137fc7efce,5b87dbf9c24436c97c4110980429159b,delivered,2017-08-03 13:10:37,2017-08-03 15:25:20,2017-08-04 18:52:57,2017-08-07 20:28:04,2017-08-16,ac3edc622297313093d24eece0b1fb5b,2017-08-03
775eb0ae1891c8dd8f12c2f8c6850006,a47703d55341244bf9e82521834ad64a,delivered,2017-01-27 09:20:04,2017-01-28 10:32:02,2017-01-30 11:38:21,2017-02-07 11:58:55,2017-03-16,482b83576bf1699dd0a448805e211146,2017-01-27
40bd3f61e145286843c42286ac7bab0e,268df4ebbaeefe4a9d54c3ebd1dcfc97,delivered,2018-03-06 22:59:29,2018-03-06 23:15:26,2018-03-10 02:11:51,2018-03-20 17:42:31,2018-03-22,65642d132e2747e10e1d2d00005aa20e,2018-03-06
53354e0184a8a43cd9f722bc2af844cb,72c9c557e2d3ec9541774fab6b71f666,delivered,2018-02-27 14:25:43,2018-02-27 15:20:24,2018-03-01 23:24:57,2018-04-02 21:38:43,2018-03-19,63a6598e9e74c944ecd841f45d54e0e3,2018-02-27
f7a20a4ac3d03d724e4676315f5e2292,ca4de62bd0d11bc55ae4330d530aefe1,delivered,2018-06-24 09:13:02,2018-06-24 09:36:54,2018-06-25 13:54:00,2018-06-26 14:31:59,2018-07-05,19910c841d1a94e48ebcc0fe8a49d07e,2018-06-24
fddbd183387b5c9bcbafbd0fe965301f,bade46d49478a63c01dca6a9ae49dfa9,unavailable,2017-09-23 10:25:00,2017-09-26 03:24:31,,,2017-10-18,ab1284d4947ed16ddcc55a7f06f13c63,2017-09-23
d981eec5ada61eb4066985278057dd19,676ea4c495818f6654dd38d006cfb1d7,delivered,2018-01-20 21:28:19,2018-01-20 21:41:17,2018-01-27 15:58:47,2018-02-01 02:42:45,2018-02-14,d23337e4a6bbc364653ae07bde6f0cc1,2018-01-20
440d0d17af552815d15a9e41abe49359,7815125148cfa1e8c7fee1ff7974f16c,delivered,2017-03-07 23:59:51,2017-03-09 01:11:33,2017-03-15 13:00:08,2017-09-19 15:12:50,2017-04-07,f0785d41d416fa827f24c4b95d066b69,2017-03-07
9b7a83861460257909d451bdab55a720,61dd7b5fa2d0506e64e67ce18f3714fb,delivered,2017-12-08 12:19:26,2017-12-08 12:32:29,2017-12-12 19:12:49,2017-12-28 16:53:53,2018-01-05,70dad00a4a0de4b6ff4e7757f3a75c9e,2017-12-08
9eb558dc91f57ce1f1fb9ebc60bf8963,8d7a21a72282d71b2bef61355e5f1b88,delivered,2018-02-06 12:48:56,2018-02-06 13:08:28,2018-02-09 23:09:39,2018-03-02 20:56:47,2018-03-06,a1b1a0117238e884965678ce035f10d0,2018-02-06
790c018ecba60024d3684643535f0e69,0de1afca49564cb391fdff84096730e7,delivered,2017-05-11 18:33:36,2017-05-11 18:45:10,2017-05-12 15:58:46,2017-05-30 15:23:14,2017-06-08,6db5f8e9eb0f70a9af987b9c9af4748e,2017-05-11
be68a2bd0ec703cf10253c611bfda5d4,f170321e9d98109bd05c9669e71fc4b0,delivered,2018-07-03 09:23:56,2018-07-05 16:30:42,2018-07-04 10:46:00,2018-07-05 17:18:41,2018-07-17,65505e16f06b283146c7ee3c12d3ed40,2018-07-03
a1f23fda3d0d3b220ff9fa6472233fdf,9e6531ec2ebbf1bc5971bdddd96e67a1,delivered,2017-03-23 16:56:19,2017-03-23 17:05:29,2017-03-27 12:38:40,2017-03-29 09:23:43,2017-04-13,3f0fc819e0772c79adc298b081dbae04,2017-03-23
ba242a1dd9c9df31f97af85c25e0e1bf,e01fb276effc1ae50c020ac93fd19a1e,delivered,2017-12-23 19:54:50,2017-12-27 04:12:12,2017-12-28 18:33:03,2017-12-29 19:37:59,2018-01-15,ef66a7ecc4470c581d1380081e1182eb,2017-12-23
26a353e90b1f35895b269ad0a5cdb114,fbf5039b1d330e60055aa9f3969d3434,delivered,2018-02-01 00:33:25,2018-02-01 02:10:31,2018-02-01 17:58:44,2018-02-05 18:57:03,2018-02-23,d92087333b9c4afb7f6ec9d1258e2ea3,2018-02-01
558269f572e3a3884ce996dc0d4f1426,d9d47075a966a2dd646104b7b6f59860,delivered,2017-07-30 22:52:29,2017-07-30 23:22:55,2017-07-31 20:14:46,2017-08-07 22:22:13,2017-08-18,f676ed47d492247956088aae351e1bf9,2017-07-30
50ca437944c60d3b838ce51d74a464b8,4e14b1a6a95b6aedafc0905c5e914dbd,delivered,2018-01-07 21:20:11,2018-01-07 21:28:31,2018-01-08 20:41:14,2018-01-19 20:51:15,2018-02-08,ced5b4e51451a5a29396804556132e2d,2018-01-07
9a33f135e8d643d4d9564b293135b5da,60da99f6b9c64ff876a9eb5352eb0f3c,delivered,2018-02-18 17:53:53,2018-02-18 18:55:33,2018-02-19 16:38:53,2018-02-27 04:15:12,2018-03-09,b6d1c110073034dc955ff7da0115bb47,2018-02-18
346c08d9fdf400dec430232945c32e7a,c6ed2d5ce85536b556812f7679cf4658,delivered,2018-02-28 20:19:44,2018-02-28 20:30:31,2018-03-02 16:22:48,2018-03-07 19:28:27,2018-04-12,0d089f131fe082d4654d095e6faab24d,2018-02-28
25f0e2e1bdd2acf4c251364f1f6b4c0d,71e08a79efb43d1bc0c00e915e38863c,delivered,2018-07-18 16:22:23,2018-07-18 16:30:31,2018-07-23 10:01:00,2018-07-26 18:20:54,2018-07-30,8dc0972c55bd54cbc4dfc0604aa4644e,2018-07-18
e58f710ed41fb682576f68826c0589b9,fb9efbf986947049d3a3ffcc70708be3,delivered,2017-05-29 20:57:56,2017-05-29 21:05:20,2017-06-05 14:57:52,2017-06-16 14:35:32,2017-06-28,28cb4a455042c8a6ace6790c108b23ef,2017-05-29
2940960e08448a8a6fa88c7f7803f2d1,7be5e86707d943ee604ea69e6b61dcd4,delivered,2017-07-20 12:11:54,2017-07-20 12:25:11,2017-07-21 16:43:47,2017-07-26 19:25:46,2017-08-03,428584fa93069fef06470c13c4976e81,2017-07-20
4b8551fdf4362d88d520a66e6132b2ba,4433016c1227b1af56659370b5bb61d1,delivered,2018-07-26 20:20:14,2018-07-26 20:30:13,2018-07-27 11:51:00,2018-07-31 17:31:14,2018-08-16,38a3c9dc08bcc55b0a95377544598efb,2018-07-26
7ae9706fae7d40d10193ccda71fd0a62,8651fcbb0eaad7b6ffe7a7b2dad93ca7,delivered,2017-07-15 00:52:01,2017-07-15 01:05:10,2017-07-18 13:37:38,2017-07-21 16:02:49,2017-08-17,8c805717c9141f56a01fe9b6b3f5dcc6,2017-07-15
88f429aa6b53507756ba75c293cc4040,63023603f26335e2f28e089a0143d945,delivered,2018-03-27 11:14:25,2018-03-28 02:48:04,2018-03-29 00:58:33,2018-04-09 20:28:45,2018-04-23,efd22f5f8fc7e5035a4f48bd92c0c69c,2018-03-27
a45006ef91228905575d115da011049b,69a8412a11f514c90ac72e76225c28ca,delivered,2018-05-16 17:49:26,2018-05-16 18:16:19,2018-05-17 13:55:00,2018-05-23 14:48:41,2018-06-06,2cedccf5607a7bcf86f8db2805bf713f,2018-05-16
1adbc05f8bb9f7f40e1566992a9b5e8d,ca90771e164c2fb0236f757caa80e13a,delivered,2018-08-19 09:35:34,2018-08-20 11:10:28,2018-08-21 08:03:00,2018-08-22 14:05:05,2018-08-27,64ee3e71d9a27034db0c6a48c29d35d5,2018-08-19
845b62fbbe4d5781455b7da5d4989afa,141c3b99aa115d4e6f5daf17fab78656,delivered,2018-08-16 10:45:03,2018-08-17 03:29:53,2018-08-17 12:05:00,2018-08-30 22:41:45,2018-08-30,8872b784e55aac02ec982170ed7f25ce,2018-08-16
297e551552467114902e52c9509d4d64,92b41d8cc0de13afd2fed016933b8c8a,delivered,2018-01-26 16:09:05,2018-01-26 16:19:50,2018-01-29 21:54:41,2018-02-05 18:34:59,2018-02-26,f92cc22112f67a73bd0504d67aad3ef8,2018-01-26
3c5aa0dc3566dd7512023da4920de6d3,9f3ba5021e7a34b5e5eb9dc0dbf866a1,delivered,2018-02-01 20:21:45,2018-02-01 20:35:25,2018-02-05 15:05:05,2018-02-09 15:08:43,2018-03-02,a7751ca7aa429b41cf9065a425d52aea,2018-02-01
06b7df1d1d3dd3e36628fc7078908592,34711868e1dd19543a7394d23b5313c3,delivered,2018-04-28 11:34:46,2018-04-28 11:50:42,2018-05-03 14:32:00,2018-05-04 20:04:33,2018-05-14,536a339a5ffdbf5f3cd369e2a0abeeaf,2018-04-28
6fff8d853d0647fc94776d0cfac0dc79,76ff8620a5c98e0bb71ebd0b2ab97af7,processing,2017-11-06 22:21:20,2017-11-07 07:30:43,,,2017-12-04,b1fd7f78dc2341d5bede5ecf7dc953cc,2017-11-06
b888a76fea30e300ec8c6c53d8033583,684e5b66fff2abf39ee1152a232af462,delivered,2018-01-31 02:13:53,2018-02-01 02:30:41,2018-02-01 19:28:43,2018-02-08 20:38:41,2018-02-19,9f37b1215df84eae065524290b66cba6,2018-01-31
acfac8c9f94e0be9caa5f1a39e946840,8077a88989887c07d262fc34020d6fbc,delivered,2018-03-24 15:25:10,2018-03-27 04:08:34,2018-03-27 20:04:54,2018-03-28 21:32:23,2018-04-20,51082a58e90e77fcfd77b7673d6b0f06,2018-03-24
de5b9ed8a33e27633d1c4a31445dddd1,b371160fd327e88b578d64afeb088756,delivered,2018-04-20 13:50:27,2018-04-24 18:40:05,2018-04-23 23:10:35,2018-04-30 20:28:28,2018-05-14,8070db3b8885dcc18e798b4ab9da2050,2018-04-20
b5129d89b2b35c7c038c6e7eb0ae3e0c,fb775d2d77b7985d3d8f096fe90712a8,delivered,2017-10-14 22:54:40,2017-10-17 04:08:38,2017-10-17 18:43:43,2017-10-24 18:41:21,2017-11-01,c483c01c15942461b7858b70380a5002,2017-10-14
8616397296bf3ac1cc07c21a5c457894,053fbd86c4da63d8983a3246fc3ae18c,delivered,2017-11-18 16:20:51,2017-11-21 08:06:27,2017-11-22 23:48:50,2017-11-28 18:28:58,2017-12-19,9ecba8c06988a5b29202735b599903cb,2017-11-18
dbdcb70ae949e4cce08f59bfa7e4604b,26d5bedd5fb76310f6bcc9960496668f,delivered,2017-11-26 22:32:30,2017-11-28 03:42:24,2017-11-30 06:14:36,2017-12-07 14:58:45,2017-12-11,516cfa9d1d99affadc1e170664de689f,2017-11-26
9c9434135a5470caf1949e3cbf488d37,ee91aa7ddc7d5f784c3fecc0b553ecc8,delivered,2017-11-16 12:18:00,2017-11-16 12:31:06,2017-11-18 01:07:04,2017-11-21 20:43:02,2017-11-29,2a48860e7a8aa50f094a56b5debe3d6f,2017-11-16
12bc94612964e0cd17a45a286899a3d1,3e7b27ea0ed76844746a0aaefdc2b154,delivered,2018-01-06 06:08:40,2018-01-06 06:16:24,2018-01-08 16:25:11,2018-01-09 17:53:17,2018-01-24,1e1a14c38ec99da6b2d8a321b14b62a6,2018-01-06
a3b53b3e29cbb1eae203156848b4407f,566fb5b0430aa2669f67cf0e0d2af8cf,delivered,2018-06-04 14:42:08,2018-06-05 04:31:13,2018-06-06 13:35:00,2018-06-08 00:07:54,2018-06-28,351b88d7081aae040f1eab3ec16eb00d,2018-06-04
4fb03ddd24b3d883bf20f5f196c53890,a4e4eb0b5a6fc9aa1839273af0f6406f,delivered,2018-01-16 18:41:05,2018-01-16 18:51:25,2018-01-17 20:27:08,2018-01-20 13:06:04,2018-01-31,03cb74bc26bf2d9c14f52f31a42b97c3,2018-01-16
c90ef87499ee07a754b9ee41fa82463a,d41f2d4a3324e237b69a1a821ba9ea64,delivered,2017-07-26 16:32:53,2017-07-28 08:45:23,2017-07-28 19:16:36,2017-08-02 18:04:34,2017-08-22,05efa0679eff95e1042131c93776e6b4,2017-07-26
5e1634961496211a38819595cbde5862,e25aaa002dbd4d61f2454849e3cf4e8b,delivered,2018-04-04 20:29:34,2018-04-05 08:10:07,2018-04-05 23:08:56,2018-04-12 23:24:40,2018-04-26,e167a79f36ed5e532eb9f9f5e55a880d,2018-04-04
cb4591b9a09b86b55be10a9ea234de8c,1e49d70b227359f77399581bac643bfa,delivered,2017-11-25 09:14:23,2017-11-25 09:33:12,2017-11-29 22:44:42,2017-12-28 23:26:52,2017-12-21,24fb2954f8c6cdb4b900ed8db6dc88e2,2017-11-25
3dbe04fd06c3b63be0dae1902b9013c2,10eb2de5cca510cc1be07bee1a562565,delivered,2018-05-23 13:31:42,2018-05-23 14:14:21,2018-05-23 14:33:00,2018-05-25 17:04:58,2018-06-12,e6222ff3bef8e991d25a3477d3f8162b,2018-05-23
e33ae8b905bb0354b42f585bdfd3ab0d,4eccfbae6ae2126a462a53d2cda99572,delivered,2018-03-07 11:34:38,2018-03-07 11:50:27,2018-03-08 05:12:07,2018-03-28 16:28:48,2018-03-28,c0f139fe95b95fe9648723696465c72b,2018-03-07
a1237d295641cb8fec0be746ab923b79,02bfa7864b9a06a122b976e47a743353,delivered,2017-03-02 09:23:19,2017-03-02 09:35:18,2017-03-06 16:42:46,2017-03-14 16:45:08,2017-03-29,ca1e8f7cd3d61fe4da5887c3253095ac,2017-03-02
62adfd8a504d828f9dc9c184f2a236b8,a229cd12b1e7e3f996d5dd21e0420f4b,delivered,2018-06-03 19:44:12,2018-06-03 19:55:21,2018-06-04 15:30:00,2018-06-07 22:48:37,2018-07-11,07df27b714016cb827c99ec2ecd5ebfb,2018-06-03
35ed6b2bbd7deca1e23166bbe62f49ca,a548f8cecd44d195d61bcfe24dd880ad,delivered,2018-02-12 20:44:41,2018-02-15 03:47:57,2018-02-19 18:49:54,2018-02-28 22:06:44,2018-03-09,e9971332fe28c52652fc0c34f5132737,2018-02-12
b4fda650261665b8a8e0fd3cd7b00177,84865690c08a970b6f1d9c2afdb44380,delivered,2018-06-15 12:09:05,2018-06-15 12:45:35,2018-06-15 12:59:00,2018-06-26 22:56:41,2018-07-17,49b66a580e2946bdc64db77cc4c1754c,2018-06-15
9447b988b56b35f2751938d13cac2b43,e15a22961c6f226bcbc487534bd288f4,delivered,2018-04-26 16:12:45,2018-04-26 17:09:59,2018-04-27 14:04:00,2018-05-07 18:08:54,2018-05-17,bfae204aa758b16e2abc5245142c6de6,2018-04-26
1b34ffce967c05f131db610cabde984f,829ac87220f69e8e77ce44c3f4110288,delivered,2018-08-08 19:38:15,2018-08-10 03:15:26,2018-08-10 15:27:00,2018-08-14 11:42:42,2018-08-17,ddc5c502bf2c3d88d51f22ec90c41dc0,2018-08-08
d9979ad46266bbd78c21760fd28af8ec,f102a893dd9c1529f6f5e6b9aa9bebaf,delivered,2017-11-24 00:24:57,2017-11-25 03:33:43,2017-11-27 22:28:42,2017-12-07 19:37:00,2017-12-14,971bdcb3edc4371c0b34987a91feac02,2017-11-24
d2cebfc5f806510626e7c16ef6413ae8,d61f1bb2f426b1574f8f4542ed70f00b,delivered,2018-05-17 14:48:28,2018-05-17 23:31:18,2018-05-18 11:45:00,2018-05-21 22:34:29,2018-05-30,24ff41997b5dd6b39d3dd6a38de4f9ba,2018-05-17
78d7cdfcab0a42ea5428365d6ad0ff34,6b4b61ebc9f99f1e03209745ac55f447,delivered,2017-05-06 13:36:32,2017-05-06 13:45:15,2017-05-10 16:58:20,2017-05-18 18:56:32,2017-05-31,f6285dcb8439182dfcb4c580260a9f8e,2017-05-06
3679e0339c071380b211099f6dfb8729,4aae2c17ff62c0062f9243a0e7e43976,delivered,2017-06-14 22:20:35,2017-06-14 22:36:47,2017-06-22 06:59:29,2017-07-13 21:27:30,2017-07-25,22f0a2eef66bad5348fa0a1424a2f403,2017-06-14
45740a308b5fc8b1b65daa77e9f6a8a7,bb289a608c37486d57ba8130910b5135,delivered,2018-01-05 20:02:56,2018-01-05 20:12:24,2018-01-09 23:58:47,2018-01-16 17:03:20,2018-01-31,de77fdb5b021bf7600e50591f2834338,2018-01-05
f894a976b2f88c235756d17fde814a4c,e300712bbfeb74952732bfb9a54912e5,delivered,2018-08-20 15:12:17,2018-08-20 16:35:19,2018-08-27 15:05:00,2018-08-29 19:12:33,2018-09-04,7d89fe793aa164403292b607a6adf735,2018-08-20
81bee7ecbeae8e9b41bef6d41b146b12,e30b9a646ef5cf66d213d172db4d402f,delivered,2017-03-15 22:26:48,2017-03-15 22:26:48,2017-03-21 11:34:34,2017-03-27 18:14:00,2017-04-05,41fcde2e5684d372a4a108af50802381,2017-03-15
f2bfe3600bb3d144185db9ec70d8467b,fe5127e14a7785cb3c0dc9fec103e878,delivered,2017-08-25 08:18:51,2017-08-29 05:33:21,2017-09-04 18:44:58,2017-09-18 23:09:08,2017-09-29,22f31f20c4b5140c2a77e9ee93dc626d,2017-08-25
0227da6a9a5c5d03b593cc9c2bce3463,b27329504d3818ef391c0d13829964b3,delivered,2018-04-11 16:30:28,2018-04-11 16:51:09,2018-04-12 20:35:37,2018-04-17 18:58:47,2018-04-27,a1341a488875fa4db05a8fcc0e3c8ec2,2018-04-11
e02dfcd5979ef519870fcf1404cbbace,6c9a6cb0e96d599e4bbbf58a8792507c,delivered,2017-09-20 13:52:10,2017-09-21 02:55:37,2017-09-22 19:53:17,2017-09-28 16:42:30,2017-10-11,6202c5845cda18b2540b7e0c3883840c,2017-09-20
407ce0da1b714dff0e358c57b4d7bd39,607ecb7e5c06442a5e85f7163b66bbf7,delivered,2017-09-27 16:28:43,2017-09-27 16:49:16,2017-10-02 15:04:10,2017-10-06 21:42:15,2017-10-24,4888a22959eb15316d48792aa7a4a88f,2017-09-27
282c19328edcd28ae2d11f5aadeacf8b,b568884bb859574d2fe648a31738788e,delivered,2017-05-05 13:34:12,2017-05-06 02:22:23,2017-05-09 15:39:34,2017-05-12 13:16:46,2017-06-06,c25739cac286889216e3d8e7df18c03d,2017-05-05
32c9341f8db9bec4c2ff5bbb038c0656,74ad5dd7aac0a613b5f84ec54e200aba,delivered,2017-03-28 14:32:09,2017-03-28 14:42:56,2017-03-31 11:44:36,2017-04-04 15:52:13,2017-04-25,9cb4955abc0a59152a611d3fd8d968ba,2017-03-28
d310b23f08b0bb0fc0f040a5b6b285bc,7b3307e35fbe738232601b7b7e8048ff,delivered,2017-10-21 20:46:39,2017-10-21 20:56:45,2017-10-23 19:04:00,2017-10-24 17:33:02,2017-11-03,a0ffb61ea319bb0697f8062ba7e93f4d,2017-10-21
143557cd5a7387503d5222e9a1efed75,c6a0d9bedb0b91a8a78fcfe6a2512d93,delivered,2018-04-03 09:48:52,2018-04-03 10:30:24,2018-04-04 19:08:49,2018-04-14 19:36:28,2018-04-23,352afa6fc43665bb25030ea659675b0c,2018-04-03
d742bddc595402085620a18950ff762e,18a77aace533d8219827f6a2512ee781,delivered,2018-05-15 11:48:56,2018-05-15 12:31:38,2018-05-15 14:35:00,2018-05-29 14:12:43,2018-06-04,d2a7f73dddad609d766939c9b1235697,2018-05-15
7a8b9a4ee163fa0b06377953101c8085,86cbec283637b077fd976d1696a19c0d,delivered,2018-07-30 12:57:23,2018-07-31 13:30:34,2018-08-01 11:23:00,2018-08-04 13:03:06,2018-08-02,87757c0b42204afd6cd78bb979b1a319,2018-07-30
466f73a6394012b9c7cfe801be0c04c3,df52278178b30e303f9b729c40273000,delivered,2017-12-05 23:45:26,2017-12-06 00:38:24,2017-12-07 23:41:25,2017-12-12 20:44:43,2017-12-28,127233b9dae8e161753beab7afd0c7ce,2017-12-05
ea37b313540105af4a2ad79718d80d97,04756f0f3b38d2cb48c1cd1644a478f8,delivered,2017-12-29 14:58:22,2018-01-03 04:14:44,2018-01-05 00:39:52,2018-01-13 17:07:07,2018-01-29,8f4a36b13c3a5db56b71d639d333b12e,2017-12-29
7f344d881ecc07068685ad394ed44715,ddde18c40e57d5ef652ddd12059076e3,delivered,2018-08-17 20:15:02,2018-08-17 20:31:02,2018-08-20 15:23:00,2018-08-22 21:11:57,2018-08-28,4c4c72eb462217f161fa65fbcfa85e91,2018-08-17
2736be66db18bfbfdc0c26012e80944b,d97a5aa33003b861353c6e579abd37bd,delivered,2018-01-09 14:03:17,2018-01-09 14:11:43,2018-01-19 21:58:01,2018-01-26 22:18:57,2018-02-06,22ae472296b9bcc82fadf28f1568f4f8,2018-01-09
9e8994e6f853899f834bc1d3c25b1939,bb62bffe600f9e09d2a97b8c261ed5b6,delivered,2018-04-03 22:18:48,2018-04-04 09:48:45,2018-04-04 21:56:24,2018-04-25 18:36:54,2018-05-08,6d8cd8bfef6b8ee15b18528ab68b9531,2018-04-03
a6b6b5372d64f5e0b7b724335f7e20c2,ae28eee1047abcb8771345d2de080c51,delivered,2018-01-15 14:47:36,2018-01-15 14:57:26,2018-01-18 21:44:25,2018-01-19 20:14:53,2018-01-30,82767bc85375a5663064e224c4a545f5,2018-01-15
d459a5cd21218ae140bbdf31aea15fa0,9d99ee9ec6f49be593dd454a50eaf8eb,delivered,2018-03-20 19:44:56,2018-03-22 19:55:21,2018-03-23 19:12:14,2018-04-03 00:06:32,2018-04-17,728bf5e23b298feca87e34b8bd332da5,2018-03-20
b30abf162ff1730f50b6400bdc32550f,ce68d694e1d4e3354bee31ac4bcb90fe,delivered,2018-02-27 15:10:16,2018-02-28 10:11:20,2018-03-12 18:34:48,2018-04-10 21:51:06,2018-03-22,8a03c2f7629a4a8a6ab40525b7179ff2,2018-02-27
fb60bfb1c80eb02d4fc8efef7f25f87a,522a6e7c1f1f992ac81be6abefa46294,delivered,2018-04-01 14:23:43,2018-04-01 14:35:12,2018-04-02 18:28:43,2018-05-09 17:03:22,2018-04-26,282ebddb3e85120b1652204758fc332b,2018-04-01
a7ee1f8963042a28d8482aeebeb24c4d,3a546060d84e8050f147b290881a2b27,delivered,2017-11-27 18:30:23,2017-11-29 02:18:41,2017-12-01 16:55:04,2017-12-11 20:17:13,2017-12-15,681e5768cb3bbecf262739a714e7d8d7,2017-11-27
f1a60fde98a0334e64d547ff9976c76f,096b8c4d4856603e88a3cdb921a92aa3,delivered,2018-08-03 10:35:46,2018-08-03 10:45:17,2018-08-06 09:53:00,2018-08-09 21:53:39,2018-08-13,f45063b55c91096639481d35c820646b,2018-08-03
885c32207686ca2c0028eb4ca6a37535,ab53afe6074c85742b3b868398fbfeb3,delivered,2018-02-26 23:04:12,2018-02-26 23:15:34,2018-02-27 21:54:39,2018-03-11 19:38:35,2018-03-21,645dc4ae816c36e86748077d75255ae9,2018-02-26
230470802c07f69d8696c62d51514126,f333187072628dfa94224d22f31cd611,delivered,2018-02-12 19:09:39,2018-02-12 19:48:08,2018-02-16 22:47:55,2018-02-23 02:23:49,2018-03-06,a1292bfaf8fe22b5da36a44ba9ae9578,2018-02-12
580a7a884de79afc29f68de2c148240a,bbbef3f2ab06a8af0384658f6480271f,delivered,2017-03-07 16:46:41,2017-03-09 02:50:31,2017-03-10 13:28:54,2017-03-16 14:40:29,2017-04-03,25e2132af09d44dd0525f1e819b65c8d,2017-03-07
2a400780d5bb01c0093169085cd3edbd,065980c7bb4853a9ff23199ac044171c,delivered,2018-07-10 21:22:55,2018-07-10 21:35:25,2018-07-11 15:06:00,2018-07-13 23:48:32,2018-07-18,b8d452f6fbc481bec51a590bdaf3aa5c,2018-07-10
58fc7929e8fb79aa684a3334b80b757a,3fd18f2496aab6505387b5d25ba1594a,delivered,2018-07-28 13:14:25,2018-07-30 08:31:33,2018-08-02 15:43:00,2018-08-10 02:10:39,2018-08-24,1e61bb90b840b1575ae73d90c72eda3e,2018-07-28
e7880483473ee0eec85a50d7052cde61,be3862982671bf7ff18268ab9f4cd585,delivered,2017-11-24 10:59:58,2017-11-24 13:14:50,2017-11-27 10:44:32,2017-12-12 18:33:29,2017-12-19,31d027706d8229b6b9ceae61823566b8,2017-11-24
52124b2a6a249e07cddaaf1950ce0620,a1bd96237eeff7e2197e6f322f0aa6a9,delivered,2018-06-20 17:33:15,2018-06-22 02:59:07,2018-06-22 12:46:00,2018-06-28 19:26:35,2018-07-26,a326e56cdb07331058832ed6944c352e,2018-06-20
76b7b4a37af9d49cd67082d0c263aad2,826bf29c634f183c732d4c5794e10533,delivered,2018-05-09 10:38:46,2018-05-09 10:55:24,2018-05-10 12:38:00,2018-05-14 15:42:29,2018-05-18,2cd53176ca017dc901114d69aaa58c90,2018-05-09
c6343db6c1801f9c3301166f02931116,30f840412466fa26e5c035e1ad1fdec3,delivered,2017-12-05 11:14:58,2017-12-05 12:01:44,2017-12-08 20:46:55,2017-12-18 18:59:14,2018-01-03,3256bccea9c8aa521d29257b56c54f88,2017-12-05
e82d53d269948c3c4b7bdd5f15a5db0f,2ff7c4672a0be98588ba196d51894223,delivered,2017-12-10 19:07:16,2017-12-10 19:16:18,2017-12-11 18:07:06,2017-12-14 19:52:10,2018-01-04,b57ae5b814b5c6c154a5911ea006589c,2017-12-10
316d34d7998d35ca148e02a9a5611307,c57a20841f0336a275242ccdd9325c79,delivered,2017-11-29 18:11:38,2017-11-29 18:37:12,2017-12-01 00:08:52,2017-12-02 12:23:10,2017-12-13,10c6a50576bf8df3834375c698b672a4,2017-11-29
ed3646c08c3440dfcf19f92588bf1ff1,05ba9928545f8c5a3c8c253aab879636,delivered,2018-03-12 14:47:15,2018-03-14 02:48:50,2018-03-16 19:14:02,2018-05-03 15:47:35,2018-04-03,36713f3f59dd5ce1daf3510ca45de822,2018-03-12
1266f3e39be1dedd482da8b623328821,7aa906a456a94b0dd1b0eaaddc0e8d50,delivered,2018-04-16 21:19:23,2018-04-16 21:31:36,2018-04-17 20:38:42,2018-04-23 19:58:39,2018-05-21,8099fca8a4a6278a24f9b77f74d436bd,2018-04-16
9fdb1b24653d3cc7364ea12176298def,c0dd0121372b491d2a57a4d743ed7902,delivered,2018-06-15 07:57:27,2018-06-18 11:15:38,2018-06-18 13:13:00,2018-06-26 20:32:41,2018-07-20,d533bbd7f1186d73b922cb4de839cbf5,2018-06-15
1c31afd294c1f1247b7d61bd29296562,9c6abc7c0624fcc2295bb3786e8bee58,delivered,2017-10-22 18:12:26,2017-10-22 18:26:01,2017-10-23 21:42:26,2017-10-26 21:33:53,2017-11-14,55593bf47795a0129c76e12daf99bed7,2017-10-22
75bebba86d45df61519f29d7b6707e2d,cadadf5fe2342288eba6886d54fd9743,delivered,2018-04-15 16:05:55,2018-04-15 16:15:29,2018-04-17 18:31:51,2018-04-18 18:19:16,2018-05-03,d07abcc5931dc246719c4cb0c7fd53f0,2018-04-15
8ccf9f0aa61387140e1e58cff856f9e3,9a678ec11dfb61641f0abec1fef233a1,delivered,2017-04-19 14:52:12,2017-04-19 16:02:10,2017-04-20 09:35:30,2017-05-12 13:47:18,2017-05-23,99d697dd68fad729283560abe0adae43,2017-04-19
3517e73d0edbc9c46ef7044cbfe14bc5,f8f7b17e8ba1e329a55239528ef46dd6,delivered,2018-06-09 12:14:42,2018-06-09 12:35:18,2018-06-19 14:13:00,2018-06-27 10:51:48,2018-07-18,faf0769fdd5870cbff74ac5be7ef4c4f,2018-06-09
7729dd457f2649c804b02f610b54acc7,cb7abe29d70c37edc3703a61ccc849e7,delivered,2017-04-01 21:41:53,2017-04-04 05:55:31,2017-04-06 13:46:49,2017-04-20 17:26:34,2017-05-05,ed5c208da2c63791645edb93cd01713f,2017-04-01
f3995b1ff5cd6d29f4abc7636a65b2d2,2dd057896c2e8f2fa7ec3bc599bdb84c,delivered,2017-11-24 13:37:35,2017-11-24 15:52:25,2017-11-28 18:23:12,2017-12-15 19:47:47,2017-12-19,487fbf9802abbe579517d8b093df5ad2,2017-11-24
5e2d5a12419379ae165fd3596839a3cb,a59f009bdf8cbb72ebdee3164a852850,delivered,2018-05-01 16:33:19,2018-05-01 16:55:23,2018-05-03 13:26:00,2018-05-09 18:55:43,2018-05-29,82f80356fc402cc18b069e2328fc440c,2018-05-01
267f42757da398f66b0cc956f501f29d,045d1980b25d907232ab04bab9299c82,delivered,2018-03-27 16:37:34,2018-03-29 14:50:10,2018-04-02 21:05:06,2018-04-12 00:51:28,2018-04-17,8d1a2e101cf7b1718f7a0193cd9e3cb6,2018-03-27
c17b02295ec6b4123fc72d0fa23f97d1,a553fc3da086e1b8754b66334d280126,delivered,2017-11-26 21:14:18,2017-11-26 21:32:59,2017-11-28 21:28:34,2017-11-30 22:35:09,2017-12-11,8de77497dd79867f19d911dd859f2e45,2017-11-26
60f3f9491829925ea17e99fb1f84f992,661cda2d3d98e413f60a234cc9e86ac1,delivered,2017-10-07 13:19:34,2017-10-10 03:49:32,2017-10-10 19:32:38,2017-10-18 22:38:47,2017-11-01,f08b86a32c1541101d5cf99204bd6645,2017-10-07
7a3d9b3ab1e5b13b14eb818050343b5b,6400436c2f08333637b0cf1b769dd334,delivered,2018-08-16 10:24:31,2018-08-16 10:35:24,2018-08-16 14:05:00,2018-08-27 21:38:30,2018-08-30,79cf3ce992d319c1037e32e9f1235b06,2018-08-16
18ca340d8c5cef7fba3c9c18efce43e9,430b306580959c99c25a228924eaede0,delivered,2017-02-17 14:18:10,2017-02-18 03:05:21,2017-02-20 12:32:42,2017-03-02 14:41:38,2017-03-20,b92d8ecbc60e7c6176e8f02ec8c909c4,2017-02-17
c8223ab24b18df53e6a37eae1fd69d48,74c8a024a6cee2c76e1c680e2dd69812,delivered,2018-08-04 15:38:44,2018-08-04 15:50:10,2018-08-06 16:56:00,2018-08-09 18:42:47,2018-08-15,262e0757ddc8161af284bab34b6e5206,2018-08-04
170080bcc0fb2580b853e32c5c579d5f,8a949fe0749c057027c613015058fc3d,delivered,2017-05-24 10:12:26,2017-05-25 14:25:13,2017-05-29 09:47:51,2017-06-30 16:32:46,2017-06-22,2dbb01742ba9013519934d18d7f3890a,2017-05-24
19f96944a3a31111c47399caff25b6f6,9e1662e854cefe332c59a11639d9d6ef,delivered,2017-07-10 13:33:17,2017-07-10 13:45:10,2017-07-12 13:27:53,2017-07-14 20:19:49,2017-07-28,39ae2ab725be4a0db66896735a49dac7,2017-07-10
087692f9f84c65ed1560e4a3b97d5c21,72dc419d76a248bf7709fccefbf4731d,delivered,2017-05-27 23:26:40,2017-05-28 02:22:13,2017-05-29 13:10:59,2017-06-05 18:59:36,2017-06-21,92fb5b65fbbdfe7d8e55e53e0af5a971,2017-05-27
c2424b5cd017dc43ffd92e663d7b5dc3,cbe7c2595a96cb0f70167fe45897e695,delivered,2018-03-14 21:01:23,2018-03-14 21:10:33,2018-03-16 20:28:49,2018-03-20 20:48:45,2018-03-26,349861d1f05ea485620e77a268bfe0d6,2018-03-14
fce649f14bdae4f2218fbc00a107d195,23edaa86a959b86055683d5e6c3019df,delivered,2018-03-07 02:29:21,2018-03-07 02:50:31,2018-03-08 20:53:53,2018-03-23 00:45:43,2018-03-29,1bc93657b506c8265c170e99067334b1,2018-03-07
8372528167731e5a127082e227a47b09,2de946ee0a6b22fa3abb7500a012951b,delivered,2018-07-02 22:52:22,2018-07-02 23:10:39,2018-07-03 14:16:00,2018-07-12 21:36:45,2018-07-26,4ef5f95942f142b58998f2bdd52af128,2018-07-02
d806cef0dbcf2273fe3d4a339e0c74f5,469f555f7e94adb0a388be1d4088aa04,delivered,2018-06-17 21:16:19,2018-06-19 03:36:33,2018-06-27 10:54:00,2018-07-02 20:17:52,2018-07-16,7a427cb76d93e30af12b1e7d122dd572,2018-06-17
29656da67c9da8377949302afdef7c69,a148e2b4c1e1cb2caa7a4ac90df90d23,delivered,2017-02-06 20:09:07,2017-02-06 20:22:08,2017-02-08 17:27:24,2017-02-13 23:57:41,2017-03-03,158b2006b7863c91cbd8c8dbab2b9a76,2017-02-06
de37b7488e95fba972323b74d3a0f68e,c898082674193b02c192ec57dcbd5fa9,delivered,2018-06-04 07:51:02,2018-06-04 08:10:15,2018-06-05 14:54:00,2018-06-06 20:38:25,2018-06-28,9f65c8a8d1e26e4c16d16e6c3c4606ef,2018-06-04
7ce9dd1f5bc5528e790443458f027433,7ea3bd65e6c54379467e22d1a7401993,delivered,2018-08-10 19:57:27,2018-08-10 20:10:19,2018-08-13 10:05:00,2018-08-20 20:46:53,2018-08-27,2f7aaffbc328f9b34ed14ee64ae6dfbb,2018-08-10
1135fd6920dbadb0eff2071674ab2808,36b710e04ceac22c8b99c01188a05da7,delivered,2018-05-31 16:40:58,2018-05-31 16:53:17,2018-06-05 09:22:00,2018-06-14 01:16:49,2018-06-29,de3666f07ba919545b1d5a01e62c3e83,2018-05-31
2199eb036d812a867e2b1e1dc7434366,048de0c58d1e0162415cff6a34e2df65,delivered,2018-05-29 16:16:19,2018-05-30 02:15:13,2018-05-30 14:06:00,2018-06-03 14:26:32,2018-06-25,e7e5ca317196da0b3292c4f617602585,2018-05-29
4d9b3932e6baf037f736be12e0a936b3,de5c5a9aa928398a097ba036b0e0b99c,delivered,2017-12-09 20:14:06,2017-12-09 20:30:42,2017-12-11 16:51:51,2017-12-21 21:56:41,2018-01-12,c143cec5225978d71e218834a2c37920,2017-12-09
1f7b5e833440aeaa3910ce10e03351f5,9fd11a8203e2f396c2895955ae13e1ec,delivered,2018-02-10 11:05:40,2018-02-15 04:11:21,2018-02-15 16:27:41,2018-02-22 20:42:30,2018-03-13,c99e17fd41da66a0cc20f4647f91d8fb,2018-02-10
016706d732e79b49035275c048edb2c4,d92a41fae88c9a36d012a5fa35c51b09,unavailable,2017-10-13 09:15:09,2017-10-13 09:28:16,,,2017-11-06,fd474aed92422913da009596a532f7fc,2017-10-13
36f00f5d4fdfd85a9efdf83931e3a47e,18e81821d7e7326070a3cf464c4822bb,delivered,2018-01-23 13:24:10,2018-01-24 02:52:37,2018-01-24 16:12:38,2018-02-02 17:58:29,2018-02-15,7afef6c55ae419bb971bf15c90c24104,2018-01-23
09a72b0eeb69a0a5727d321f51fc313b,34bbac251335dc86473eb6b1842316fc,delivered,2017-07-29 01:03:42,2017-07-29 01:15:09,2017-07-31 17:43:37,2017-08-08 17:23:37,2017-08-24,38a7f64d0701da4469f172b7623206fb,2017-07-29
caadb6f85ad7ef6bc72a66e1724c1313,2084c4ddba426d6a80f9d9649146f310,delivered,2018-05-10 17:54:19,2018-05-10 18:18:13,2018-05-22 05:51:00,2018-06-14 20:59:38,2018-06-07,6520a1a8bce100de25c96abc04cfbdb1,2018-05-10
417996696d91e1f74fe36c995ab65b97,943fcdf63bb3f4757a902d8837c2dabd,delivered,2018-03-08 09:35:56,2018-03-08 09:48:52,2018-03-08 20:22:31,2018-04-07 19:32:29,2018-03-29,f9bfd06239b3ed989017fc7d2ff82474,2018-03-08
531b7ebd1fe920da63f51af4667a7962,c1b3abc0f5a34a1b1bf279c0e3697621,delivered,2018-08-02 17:08:52,2018-08-02 18:00:06,2018-08-03 13:21:00,2018-08-07 10:55:04,2018-08-17,0a2bfc7b9705c3e494be7c34a99cade9,2018-08-02
5d3e1dc4bcf34ae3292fdd4dfb5c65a9,3a79e64decb3ffe215a91a9fd8989abc,delivered,2017-10-28 20:57:29,2017-10-28 21:10:14,2017-10-30 18:20:07,2017-11-08 18:51:52,2017-11-28,5dc058a598fa151b2ccd316b3ad78127,2017-10-28
95d31d53ccc53bca2c13fcd535d67526,345243f3e37e32114d9cf17eb7a11c29,delivered,2016-10-07 14:40:45,2016-10-07 14:52:25,2016-10-15 12:33:31,2016-10-18 01:37:54,2016-12-05,8f7036a46f0fba0b1caea70c6ca36203,2016-10-07
e471b8e7eaa8fd21277e359033828817,6f48e6b45dd4260e3067e65407358d65,delivered,2017-12-04 18:51:11,2017-12-04 19:45:06,2017-12-07 23:53:02,2017-12-14 01:22:43,2017-12-26,07eb0cbb880bbc6f91711079f76bc95f,2017-12-04
70b75df86796df4d056233068a1712c2,45bbf2eff4f2ac65e54fadd264cddd18,delivered,2017-09-05 19:13:19,2017-09-07 02:44:30,2017-09-08 20:13:45,2017-09-19 17:28:11,2017-09-27,a4b405a47666e60990bc6f5dbf5aae65,2017-09-05
5c6d04d4860d065452c6ea2d2c82e114,37ec9c358c076750b0dac910c9d10b61,delivered,2018-03-07 22:37:13,2018-03-09 09:49:23,2018-04-04 18:26:26,2018-04-10 18:36:51,2018-04-03,6b1a9ecea6c946784ae10a10cea8bbce,2018-03-07
97faaf59adcfe5fa3297328ab6ace15d,4f378face3cd0133931de16d0a2658aa,delivered,2018-07-11 10:13:01,2018-07-11 13:05:59,2018-07-18 12:50:00,2018-08-14 18:17:25,2018-08-23,1e1f83c5730b3c641d9b309594b54b75,2018-07-11
71c7839f5c8ada2b0bb433d9b1b60068,756df680811a9c9014e16ae1aff17c42,delivered,2017-08-07 14:21:51,2017-08-07 14:30:10,2017-08-09 12:20:04,2017-08-18 17:07:46,2017-08-30,8cea114a24df5955b318d77b50ca288a,2017-08-07
28d0d98e542f0409627c3717348339c4,0a41d003cc1f61f988e15625679c1d67,delivered,2018-03-07 16:04:04,2018-03-07 16:49:49,2018-03-09 02:58:37,2018-03-13 16:33:24,2018-03-20,572632349b72abc4677277f1faaa9af7,2018-03-07
7898e04c6122e0ceb6ad07f8707bb415,3a42ca312f7f0cbfb87a67d79c8b3921,delivered,2017-11-24 23:59:34,2017-11-25 02:54:31,2017-11-28 18:18:53,2017-12-10 18:57:06,2017-12-22,344ffa1d8773df1d7b119d7e24bfb441,2017-11-24
ccd1fa6b2fb4f0a8262c3ee88f72f383,9897b1260eba6de6f2c39be231ad0d71,delivered,2017-12-07 10:17:18,2017-12-07 10:30:29,2017-12-07 21:37:11,2017-12-12 17:35:10,2017-12-26,fc950f115f4c4b16240329dbb014d4f5,2017-12-07
43e1469a7223634749c63daf05d5553a,aba4b03424668feae599fff4122142c8,delivered,2017-11-11 09:56:10,2017-11-11 10:10:20,2017-11-16 18:11:58,2017-12-02 19:35:11,2017-12-18,16c8e42089546fde55ed3caa46478e7a,2017-11-11
954399f1952a1ac05b51b69077de29d1,15d8866bdff8acb852e44d4702f27373,delivered,2018-02-02 01:37:46,2018-02-03 02:52:44,2018-02-07 17:18:28,2018-02-22 18:33:42,2018-03-15,7697070b1e1fdd79c5065d4f756f82cb,2018-02-02
2eecb0d85f281280f79fa00f9cec1a95,a3d3c38e58b9d2dfb9207cab690b6310,delivered,2017-02-17 17:21:55,,2017-02-22 11:42:51,2017-03-03 12:16:03,2017-03-20,5a4fa4919cbf2b049e72be460a380e5b,2017-02-17
54a8822ca8bfc9d79e1154a2e20221e0,b2bc30625c47b506516778f17725b728,canceled,2017-11-26 20:08:06,2017-11-28 02:58:21,,,2017-12-14,a12bfc37b277388091fcf84e83f77770,2017-11-26
15afbf609dd4b962f2ed68c5087be876,8427ca53c48be26194ac72c1962da013,delivered,2018-05-04 16:13:34,2018-05-04 16:30:31,2018-05-10 14:26:00,2018-05-21 14:42:22,2018-05-28,dad9f89f7c208c05e6ba051d344bcd5c,2018-05-04
6c0f95353e3e9b3daa3a9521da645453,63f4a2ba7c372c3a4d5c1a0069ca3714,delivered,2017-07-24 02:41:57,2017-07-24 02:50:09,2017-07-24 21:05:35,2017-07-26 10:47:39,2017-08-04,9b22d6fe1f74d6e1aefec789415ec847,2017-07-24
2c4f5cefa855c3a4364d2387792c324e,f27df48fd090051b3bf751412df387fc,delivered,2017-04-19 22:03:31,2017-04-19 22:15:17,2017-04-25 12:22:08,2017-05-02 17:23:39,2017-05-16,d57470a1aea5ac406ed6e0bc6ff0dddb,2017-04-19
b4dcd6f9c2f41108f2d0136a41410392,c40e9d72eff95392ca66c567b6b6c8ce,delivered,2017-08-07 22:11:36,2017-08-08 04:23:42,2017-08-08 20:18:21,2017-08-15 19:16:40,2017-08-25,3045207412f1fd49feec7d9c2488210a,2017-08-07
f81cffddbb8c9cf0ccdd3a5a4161aa64,88249ff04a01057d1b13027553b56207,delivered,2018-06-07 12:47:10,2018-06-07 13:17:40,2018-06-18 12:53:00,2018-06-21 13:56:31,2018-07-12,f85e0629ac347fb05bf71cc997ddccd5,2018-06-07
ba637f1313bd8698cc716a61d76c8bd0,56e1e5a7f467ba40dcc0b968343753d4,delivered,2018-01-11 14:54:35,2018-01-11 15:10:01,2018-01-16 01:28:24,2018-01-18 22:47:15,2018-02-02,c693492be1bc2d96c6b451e109d3437c,2018-01-11
dff4ec81cddf051671aa0402bb29fd3f,1a5841907fd5c4afee9a16251851b907,delivered,2017-07-20 15:33:17,2017-07-20 15:45:17,2017-07-25 21:47:45,2017-08-07 17:28:42,2017-08-15,70dc88c077a7a25029098b02931184a9,2017-07-20
876152d8704a9cb49112a5def3cce455,be77e8a5b1453794a5dcc942bcc499fb,delivered,2018-08-24 22:12:42,2018-08-24 22:25:16,2018-08-27 10:46:00,2018-08-28 16:16:45,2018-09-06,c46ead804c06553c361b102a9ba5a047,2018-08-24
d60f3552bae079e5ca539727400d118e,559374e587209748ef4a67f367483120,delivered,2017-11-27 19:28:04,2017-11-27 19:56:59,2017-12-01 19:27:05,2018-01-12 22:58:47,2017-12-27,3f22ff1764373619ba910ef13f08cddc,2017-11-27
1b707b39012c0b3ca09069f1063a8811,ea4ce184325c971385abaa7ee281396f,delivered,2017-12-14 10:24:21,2017-12-14 10:37:24,2017-12-20 17:56:59,2018-01-12 23:43:15,2018-01-09,80733f44df69df7dd5ebcea62371a9b4,2017-12-14
6cf51ab464bdd9f7b282f5fe72391383,6b8d0ddc6f0be6c4895f69fae60edf2f,canceled,2018-02-27 22:43:39,2018-02-27 22:55:52,2018-02-28 20:07:53,,2018-03-13,eea6e74f086071ad4d5578a5e34c77b5,2018-02-27
cd61f9e20298dcb30d7e824cad10949b,91401b6902c2d084a9a8f077fde8c060,delivered,2017-10-11 17:39:17,2017-10-11 17:56:13,2017-10-16 18:34:01,2017-10-27 17:45:41,2017-10-31,fa43c82f9d7e43f1145929b60521e9b0,2017-10-11
386a88e490a4759d81f9ecf8942a1150,c1db54e715e7995eff3fc96422c8e71e,delivered,2018-08-13 21:49:33,2018-08-15 03:25:23,2018-08-15 15:22:00,2018-08-17 00:34:31,2018-08-20,6b39f919c2614b3cf1cb0e082656b566,2018-08-13
a24f325e05191fa74f745a0e89ea6d11,519542900c634d41ebd3fe64f8c59d84,delivered,2018-03-21 09:47:55,2018-03-22 02:55:27,2018-03-23 17:27:00,2018-04-11 19:12:52,2018-04-19,92fe67674ba938103ebef4ea0c82e30a,2018-03-21
8ac2728285fd4228f35d907768b5288a,6b5e281c1563241783deb3a2636daa28,delivered,2017-03-08 14:09:17,2017-03-08 14:09:17,2017-03-09 15:15:33,2017-03-13 07:32:42,2017-03-29,88ef3169f5d6ac822eeb2cda922c7ff8,2017-03-08
66a5c9d33ec9b0db1d894e4812a0f941,f98cdffacc5847672a105d211b01d431,delivered,2017-03-23 19:28:24,2017-03-24 02:43:47,2017-03-24 16:16:55,2017-04-04 16:20:00,2017-04-26,9ed98d7d5cc430d98106e07e786e8d15,2017-03-23
2b27a6490066b855ca14a5f5e0406807,3c8bc1bc6d0d4cc2170208531e2df287,delivered,2018-02-02 18:42:02,2018-02-02 19:31:13,2018-02-05 23:24:42,2018-02-14 15:27:51,2018-02-26,a3e773cc0eb8895c7d3d8bda4a320b70,2018-02-02
c180750dc2be09c0bc60d30320fba7f7,0378c78abac293e3a4ed8c985e518181,delivered,2017-08-29 22:34:49,2017-08-29 22:45:38,2017-08-30 20:27:58,2017-09-01 18:38:01,2017-09-15,3e12da33a3ef66333d11320efc7b9267,2017-08-29
8f28f1dcfe373e3adad096ae2108087f,3991580304cafd33a90e2d58755279bd,delivered,2017-12-12 20:01:00,2017-12-13 02:34:22,2017-12-13 15:57:36,2017-12-15 20:58:50,2018-01-03,8d470975f7e6ade85e1a2ee1299bec2e,2017-12-12
ba768e4d1d182da3fab71c3efbeaa5e8,aecb3918cf2f62e34fc440367c055dee,delivered,2017-09-13 13:16:23,2017-09-13 13:37:49,2017-09-15 01:03:50,2017-09-20 22:08:04,2017-10-04,0833dc3f1192d82bbfdad52de141bb90,2017-09-13
5c718680646ca12b84c0a2444a419672,37098be74171b0af49d96a681ca372b5,delivered,2017-08-26 15:50:11,2017-08-26 16:04:38,2017-08-28 13:44:56,2017-08-30 20:05:52,2017-09-14,f035a89568db3ca2e3900f59a5efe62f,2017-08-26
003a7f59d7e08a9c61d9e2881fe6459c,f7838e5eeb3271df42376952e651e403,delivered,2018-08-19 12:51:50,2018-08-20 11:49:46,2018-08-22 12:04:00,2018-08-27 22:32:15,2018-08-29,3725c5b8c1cf5ee69158f66922a862c4,2018-08-19
33849c570f8e3e77b1d178d64ceb425f,2a05cf4f64b566c39a63f84314e9f336,delivered,2018-05-08 11:19:42,2018-05-08 11:35:40,2018-05-08 15:33:00,2018-05-16 23:38:30,2018-06-06,5e9a8e3a9ba163c16e5ff0f1781c0943,2018-05-08
9550c6dde457784adf6688cea59cd6b8,5459ad3a59231e5ad6fe0d220931743a,delivered,2018-08-01 12:52:42,2018-08-01 13:24:34,2018-08-10 10:55:00,2018-08-13 15:28:49,2018-08-06,f84489387ae0ef5acd5c8f3b9b695c3f,2018-08-01
27603f7440db0e3082ea4fc08a05315d,5eab478250ae05c60e083c9ab5dddc88,delivered,2018-01-14 23:08:50,2018-01-15 22:58:26,2018-01-17 18:18:40,2018-02-02 23:22:40,2018-02-09,7b94f6270a059aa9b9a375c00e9cb5c4,2018-01-14
110e9fcc6899b6a4d7e300e8b987dc45,332edb33f8fbaa91e920ed3474865c7b,delivered,2018-05-15 15:34:36,2018-05-15 15:56:10,2018-05-16 14:14:00,2018-05-17 19:48:28,2018-05-28,b9e2b59b7fa4a5b15a865aca88d38ece,2018-05-15
a402af38a74c44926247db438245d95c,3ba47b09546c2da91ef141efce2d5888,canceled,2018-01-30 22:12:10,2018-01-30 22:34:14,,,2018-03-06,b8c37ee810b38c416022e1c9f51e740c,2018-01-30
b926487e2247dc151723b4c67a252eca,5ac19c3b740b65939c035201ead9bc04,delivered,2017-07-27 10:15:39,2017-07-28 08:35:28,2017-07-28 20:17:29,2017-08-03 22:05:17,2017-08-18,854cf37cc915f86dcc581c0e55418845,2017-07-27
9da2ef3ac1a6d4e6140835f3ba6e3f86,5445838dbccbe82afc8f04893d954fdc,delivered,2017-08-03 21:24:07,2017-08-03 21:43:21,2017-08-04 18:28:54,2017-08-14 17:12:54,2017-08-25,89f45a94b5db6e63e09a1bfc1484d67a,2017-08-03
652feb1d4ad368d93e848e3e211445e1,51413f058e230f8746d80916d2036794,delivered,2018-07-19 20:59:37,2018-07-19 21:10:09,2018-07-25 14:08:00,2018-07-26 13:09:04,2018-07-31,2394cb19e85fbde68fca1939414879fa,2018-07-19
080d1460c228aebf236ed5800edce044,6c7a5e32a79b013a97a9f9421fc18349,delivered,2017-12-22 12:38:56,2017-12-22 13:21:41,2017-12-22 21:09:30,2017-12-27 20:13:39,2018-01-24,1aadf4a9e0a37b068ca29e210986aca8,2017-12-22
2fccad1e95e778fa79931174307b0ed8,e80320e34553c3014934217f51e1ed74,delivered,2017-02-21 13:45:39,2017-02-22 06:45:18,2017-03-01 15:34:11,2017-03-08 13:05:20,2017-03-20,5735fac0e3e12fee0b0545828a977acd,2017-02-21
4ca7c5fc206f2f243a5cdfd1e32a614c,4a33612c0b32f7a2e91deaea2a05bda9,delivered,2018-04-22 13:38:03,2018-04-24 18:59:06,2018-04-26 09:26:00,2018-05-08 22:21:59,2018-05-17,2cc50daf3fe30ca67ca4fbfecdbd9291,2018-04-22
7a35387c416ab539ef45773ebacc4993,3069ea492e72b967405163189ad0c29b,delivered,2017-09-28 16:36:18,2017-09-29 16:44:25,2017-10-02 18:32:54,2017-10-10 19:04:57,2017-10-31,ac507528f385811a6feb0e3e1fe0afad,2017-09-28
3fa6a4cd68d1e2c5df53b8ba3226c787,1966bc82aac018dbe08a465f91380268,delivered,2018-02-03 09:26:20,2018-02-03 09:35:26,2018-02-06 03:24:51,2018-02-16 21:25:06,2018-03-05,d215c289562ee1ad26afeea0b3d93d2b,2018-02-03
87d65accbbf482b8a87bd13bb444cf6d,6c9fa2988ebdbc1b1af97d9f21e7ad37,delivered,2018-03-06 15:57:28,2018-03-08 02:50:29,2018-03-08 21:11:27,2018-03-14 21:28:46,2018-03-26,f4c6d8edc2ed35807ec325b287b190e3,2018-03-06
4f47a3029d8fccc7276b8545bb5a9869,5614cf67ab985e69efafd08bd72381ea,delivered,2017-12-06 12:06:56,2017-12-06 12:14:22,2017-12-06 22:54:57,2017-12-26 22:09:47,2018-01-04,4488d0ea1f48ab904095617818f6dd30,2017-12-06
9e67cdebb306f743bc4e3b1064f93cf7,731708c8269d67ef551a1ae4ab8e31a0,delivered,2017-11-09 14:25:15,2017-11-11 02:50:49,2017-11-14 22:11:54,2017-11-18 00:54:51,2017-12-01,bb101927fd6b3194336695815609d054,2017-11-09
c9b32e9554b777f810bdc8c33940c026,18757aadf2e55a3b1e981cf6fab87060,delivered,2017-11-14 15:30:27,2017-11-15 03:06:46,2017-11-21 15:11:53,2017-11-22 20:57:00,2017-11-28,40de78e4a77f3e6d5fdf4c5ba07809ee,2017-11-14
34cb1fc28cf67c101ee4d59b0c18da33,774e66e7cd6a8969c433dc0961ebce0e,delivered,2018-06-10 21:54:01,2018-06-10 22:17:26,2018-06-11 14:15:00,2018-06-20 18:56:55,2018-06-29,f90f564603962bf9d6ebac2e616e46ed,2018-06-10
81352f62b2d216f1f6a45bcbb978b078,d531a466916c3e5000d9464bce50c199,delivered,2017-07-01 11:26:53,2017-07-01 11:44:08,2017-07-04 14:13:36,2017-07-18 22:09:50,2017-07-21,4f9ab4b3b6fea830e52173f82a7d5efd,2017-07-01
e15b3b93174a7c20a233c102141b99fb,078415c4440d0cd9dd8c03392d3effdd,delivered,2017-07-21 19:58:21,2017-07-25 03:25:45,2017-07-28 11:55:42,2017-07-28 20:59:28,2017-08-24,1cc48564488184883cc7923b82c7b3f9,2017-07-21
83d78ffd61cb34b5f854656ddc143e9b,15c880e1f17fc30eeba82fa03a5446f7,delivered,2018-02-23 09:34:01,2018-02-23 09:49:20,2018-02-28 21:33:32,2018-03-07 19:33:34,2018-03-16,02b3c998830ee93e9edb49fd91aeae4c,2018-02-23
a9371d84972a342ce1cbfc0343d3518f,163177629004a65178fbab8c502d2637,delivered,2018-07-28 00:16:50,2018-07-28 00:30:14,2018-07-30 12:24:00,2018-08-04 10:58:43,2018-08-17,c421b506ac2b258ef57d2a5c216780a2,2018-07-28
564ccac4c7cea879f88b17f29a6be374,b743a658d4ecad5f8722c115d28e3fc4,delivered,2017-06-25 22:48:33,2017-06-25 23:03:01,2017-06-29 14:05:44,2017-07-03 11:03:29,2017-07-07,379c7200a0e0a27798f9686d1a1abe2e,2017-06-25
248ecd132184e324749f7a4d42724ef0,4ad4f929392158a3bb76b3ec02a751b2,delivered,2018-08-17 18:10:22,2018-08-17 18:29:57,2018-08-20 16:15:00,2018-08-24 20:56:42,2018-08-29,25775ec7ac8aff278f093e8614bb3331,2018-08-17
59bdbeeec9cd5173e5b9e86dcb9bce0c,59dbe9e4aea059ebf67868310b2ede71,delivered,2018-04-30 10:40:08,2018-04-30 10:55:08,2018-04-30 14:43:00,2018-05-07 19:38:43,2018-05-23,15dca358c57a4056a2495ee299e26cc3,2018-04-30
a977d2aee8b0f8204693983195733cf9,fa807c8cddc512419cdf33e56c888386,delivered,2017-04-24 13:29:52,2017-04-24 13:45:08,2017-04-25 11:35:32,2017-05-15 14:51:30,2017-05-25,77010f1bfae85d4eec2a9c4a9c0f2a75,2017-04-24
ab8e5f9b860cd703f5f647200c2c7b58,ddd605e2739b3dfa7ad248ba164ff869,delivered,2016-10-06 09:07:52,2016-10-06 15:53:38,2016-10-21 14:23:38,2016-10-31 21:42:17,2016-12-02,90cef361fed2e841d4a2ca888590b952,2016-10-06
18a4fa1a7c0e324a18cc81cdf6bc577a,205d4f622d324f38b03da47cbf79e486,delivered,2017-07-27 20:29:40,2017-07-28 08:35:43,2017-07-28 20:34:36,2017-08-02 16:10:41,2017-08-17,3ab1972aa9c26136ebc50243fa59bf41,2017-07-27
d66deb9ded8ffbd8ef4850522ad8fec6,8979bc6d19e57fce199b1fe679182ab5,delivered,2017-06-30 09:28:58,2017-07-01 04:43:23,2017-07-04 11:37:52,2017-07-17 21:16:06,2017-07-27,e11dd3cb983e7c8cce72d998430bb6a4,2017-06-30
17421d31a07ce8e9c61fe6b1adecfdaf,6c3eb82bd1bc98eeb319254fdb38a2da,delivered,2017-07-21 08:26:00,2017-07-21 08:35:18,2017-07-28 11:02:39,2017-08-04 19:41:14,2017-08-24,b81208443af1b894742a304cf0f86b9b,2017-07-21
e8e4a765ce457977a526f6caa4de22dd,e29cc4f41448009e410f26c706020fce,delivered,2018-06-10 16:33:02,2018-06-10 19:12:18,2018-06-11 12:21:00,2018-06-21 17:32:04,2018-06-28,b25f1597f23067545541e8992ff33eb5,2018-06-10
4cad943ab8ba8479347dd102125fa87b,6e9b72d0362c6e0175d0fe1ee39a154d,delivered,2017-02-12 15:08:08,2017-02-14 03:35:17,2017-02-22 14:40:19,2017-03-07 17:35:18,2017-03-15,54de36107560e6089917c04b705c6ba9,2017-02-12
661c8a36c0c5bbdddda480a9fd23bbab,df3dd6b7e12b41b1a53e5a11a8abd8b9,delivered,2017-11-19 15:30:16,2017-11-20 15:38:55,2017-11-22 23:36:47,2017-11-27 19:54:37,2017-12-12,6ea1865dd89f605703ece20e28ef1021,2017-11-19
b45218774c4d91e22ffd4165c0cbcc38,839c458c99f7ce55009781ef0a7b3300,delivered,2018-02-17 18:05:16,2018-02-17 18:15:30,2018-02-19 10:04:40,2018-03-09 21:09:45,2018-03-14,0bc16a3b40f43981bb91e5e68858f9e3,2018-02-17
455dbd3c7fa4666ddb7b723bbdd09076,a795ca8f50c98471104ae8cbbea6eef7,delivered,2018-07-16 23:19:46,2018-07-16 23:30:19,2018-07-18 14:20:00,2018-07-21 17:44:44,2018-08-03,c1e59d5f878e416243f150969012584a,2018-07-16
0ad02b6f33a90fe5d09e0b416287857f,6b0741b9cab6fa1a27692db25bb28610,delivered,2018-05-09 23:13:39,2018-05-09 23:33:32,2018-05-12 08:09:00,2018-05-23 18:08:42,2018-06-06,77c9e962e8a61b05d0173eb694c11fad,2018-05-09
ba97c57ecadaf7dafa0a372f38210d0c,0b23254194f2cb64d9fba926fc891d83,delivered,2017-07-05 20:07:33,2017-07-05 20:23:17,2017-07-06 12:56:46,2017-07-07 19:15:21,2017-07-18,da58c4162e4dfc6cc337d94951b96c9a,2017-07-05
eafabcffc7f9fa583030d9cc7210741c,c2f6b4196d139aa5409a0f4fa60d9d0f,delivered,2017-07-09 21:47:43,2017-07-09 22:03:30,2017-07-10 16:43:54,2017-07-14 16:25:40,2017-08-01,4f3c3b3a9ed7ca328f7e9d7e6a8a4739,2017-07-09
4edc23a0671e228fe1707a4783161ce7,e338267bc4da781c0ad9ff4f43f0420e,delivered,2017-06-26 17:42:41,2017-06-26 17:50:16,2017-06-27 15:06:16,2017-07-04 12:11:41,2017-07-18,1dbf818e98c6780857121dee9d415599,2017-06-26
2581fb50a626be9c524173007c799147,363dddbc708c46ffbd3d3860c79a54da,delivered,2018-05-10 15:14:04,2018-05-10 15:41:17,2018-05-15 17:14:00,2018-05-22 20:18:35,2018-06-01,3de6d08cb41f98b062f6675f26d7dce0,2018-05-10
4e74f6c3c70d626486d9b6b36f15c595,c4d7a6e0c977031788582eee2aec876b,delivered,2018-06-11 18:08:42,2018-06-11 18:41:26,2018-06-12 15:16:00,2018-06-14 16:56:01,2018-06-20,ca330c9d99c8b37fefeced3616f82ed5,2018-06-11
625e91d127eb863196f2a6c017b30203,a2ac4f1a485abd7571b0a0472889e71c,delivered,2017-11-27 16:51:31,2017-11-27 17:19:42,2017-11-28 16:12:49,2017-12-04 23:08:59,2017-12-18,a26bc314f005ea9433da4467331fe9f0,2017-11-27
3fcc23281e8679bfb293a37d2fd3eeb8,3afd83b96ff63cd65d69405b42b48738,delivered,2018-02-28 16:51:30,2018-03-01 02:35:39,2018-03-06 15:42:02,2018-04-04 19:51:57,2018-03-22,a517874f10f122e5c8674bbc13a4268a,2018-02-28
09ba762d7b29d3771a788d7d039159fa,124b8498222b87507f630671dcf95385,delivered,2017-03-01 12:54:25,2017-03-01 13:05:14,2017-03-08 15:43:17,2017-03-17 15:25:18,2017-03-24,318b8659483e12e9cbe1e6550d97f9d9,2017-03-01
0d370d75f8fb57f4a7a8c9fc64d2a855,f57d49522c654b465c26e0cdf392fea6,delivered,2018-01-12 21:10:46,2018-01-12 21:28:36,2018-01-15 17:12:12,2018-02-19 19:36:44,2018-02-09,04ad4376f6958f7499bca717ce767a86,2018-01-12
ffdda91cd98d69f6be1cd352e4447b8e,b9b441696ae97a6a6d884f8240949ab7,delivered,2018-06-03 13:43:44,2018-06-03 13:55:16,2018-06-04 13:49:00,2018-06-13 18:56:35,2018-07-11,eac0482545e495f9653e668aba6ea2d2,2018-06-03
f9a5ad74c3deced30894f938bb3ffd31,aeb21ed20c0292f90900c640ab96970c,delivered,2018-08-22 18:27:32,2018-08-22 18:35:19,2018-08-24 08:18:00,2018-08-27 10:41:16,2018-08-29,ba1cd0c6516d965b969b4ebe8761b267,2018-08-22
61f46021dc3392729c54f0a596a63383,4c45abaf37f93be768571ba788af0c15,delivered,2018-06-05 22:10:39,2018-06-06 22:12:20,2018-06-14 08:42:00,2018-06-19 21:56:55,2018-07-25,e6e1fd539bd2d78fcfb9c24ba6e1dcf5,2018-06-05
0352f2ba09b99ccae0751e133332a46b,dcc8ace10ad125aac51ed330d021e0eb,delivered,2018-07-21 10:19:35,2018-07-21 10:30:15,2018-07-23 15:04:00,2018-08-04 15:24:32,2018-08-08,b7236912d853456db4962d556627aa70,2018-07-21
a86ccaef13b7ca889ab8b7076629a748,5af04986a0f47f6672a6abf7a0bf2f9b,delivered,2018-07-09 09:40:23,2018-07-09 09:55:42,2018-07-10 14:03:00,2018-07-13 20:42:51,2018-07-25,3ac3f3faee1d7b209c198ccda6dbc468,2018-07-09
098fd8628d7e76c7dfb58d651899ff39,075167012e0a7a0c8e33443f75b1a473,delivered,2017-10-05 15:46:56,2017-10-05 15:56:22,2017-10-09 15:58:25,2017-10-18 19:27:09,2017-11-07,3ea2e1a21b563edffdcb2cdfc26c9395,2017-10-05
f833d8d9545ff013eca8b27c59c3d554,ea4b8b06045d157d4c93c1336a63dea9,delivered,2017-10-24 10:27:52,2017-10-24 10:49:35,2017-10-24 20:42:32,2017-11-03 21:14:58,2017-11-13,84bda1bb7cd0c9902b41bf43e840ede9,2017-10-24
e7769dad49f530a8ef12ff975719c27f,d428a3e61ed2bee543429c4e0d1c8ca7,delivered,2017-10-18 20:26:10,2017-10-18 20:44:59,2017-10-20 18:16:54,2017-10-23 19:52:07,2017-11-03,e00c4751baab2d9aa03bb8ed66f3413e,2017-10-18
d3e737e1eef1aa87ad5c92bcbf7396dc,10d2a255228fa0b30be3453dc1feb36b,delivered,2018-04-23 11:41:51,2018-04-24 19:05:26,2018-04-23 21:48:57,2018-04-25 23:25:28,2018-05-10,89179d5e071121a6e9057a335e27e43b,2018-04-23
e11db3584a81dec055a64991fa65e9db,b73ac506a224c8721f39874e94d45206,delivered,2017-06-02 22:47:50,2017-06-02 23:42:29,2017-06-08 15:27:46,2017-06-19 20:22:43,2017-07-11,6eedaecee23a8a242575de9b898a4cdb,2017-06-02
2a46a0636b60369577c40749497b77a4,9607a8fb005a71d577150fdfef27ca41,delivered,2018-02-26 16:34:56,2018-02-26 16:50:29,2018-02-27 23:33:13,2018-03-19 22:11:36,2018-03-19,1145616de76e14f4e7fd5452c2be149c,2018-02-26
8907bb31267526a99da12076a84a87b6,ad21255ff9650ff11d50513eff3eed15,delivered,2018-04-01 22:07:00,2018-04-02 22:09:37,2018-04-07 01:19:27,2018-04-07 16:44:27,2018-04-26,005226be8d5b972d0f72b4e8a79f322b,2018-04-01
5d1c0dcecd1bdd50fb9edd53d2680184,54c180ed3cd9d2ec3de1a48606750abb,delivered,2017-11-06 08:57:51,2017-11-07 07:30:29,2017-11-07 20:07:11,2017-11-20 19:07:07,2017-12-06,f11a80ef32241a111971c84a01760dac,2017-11-06
3eb31ef4f66c598bd49c78ce76c17e5a,f39b368f2937acbb1d3a629edbfffcd0,delivered,2018-02-24 16:04:17,2018-02-24 16:27:14,2018-02-27 00:41:41,2018-03-12 22:24:31,2018-03-26,dac15dbebece9d14c52041743f582912,2018-02-24
8109255ed5f9ea90f254fa8c5d80bde0,de04f6bff05aff27511713e16692b29c,delivered,2018-03-26 13:02:31,2018-03-26 13:16:11,2018-03-28 18:08:59,2018-04-06 23:12:49,2018-05-14,0fd39b61ec94864f92e18e5d7144bc6c,2018-03-26
cca0fdbe32d86d386a95c02433412640,e25f3c0da7eeb0dd9bb46770cd17a61f,delivered,2018-06-27 09:26:23,2018-06-27 11:05:59,2018-07-03 14:47:00,2018-07-14 12:51:37,2018-07-27,29cf32aa7e303f6d2bb67ccb6be7cac9,2018-06-27
7cbb819f10680054c5b2d2d1992c1826,4dd9950f7a2c3bd094140d7ac720a641,delivered,2017-09-23 14:13:17,2017-09-23 14:24:26,2017-09-25 19:27:27,2017-10-14 14:52:50,2017-10-26,70abc93ac04c3592593531be05ecd200,2017-09-23
737b058d8c4d513ed09b9615e3e0dbba,bcfeb2a090d34c245bb62fe207e7d2dc,delivered,2018-01-05 11:51:46,2018-01-05 12:08:18,2018-01-05 23:45:26,2018-01-11 14:24:59,2018-01-31,7303c59666e8ffceb43044086459a1ed,2018-01-05
0b8bb51ed8b0431e4783fde5550895c2,a92a310a3d6670dd78d7cb9eafa760be,delivered,2018-03-04 21:52:32,2018-03-06 03:49:42,2018-03-06 19:55:06,2018-03-13 22:51:30,2018-03-29,ebea263887e000fb7aff38099de3d6c0,2018-03-04
733fc4efcab11035e8e397c164c173df,374d73e55f30027caa809d4a2496d65b,delivered,2018-02-17 16:22:34,2018-02-17 16:30:34,2018-02-19 16:30:14,2018-02-27 12:34:25,2018-03-13,103959ce5278c1fa13443b583c90a704,2018-02-17
9221e4a9fb1a45521d3cce76aa1258c9,bd84544636b9d552c30fcb64159f316a,delivered,2017-12-07 17:26:54,2017-12-07 18:31:34,2017-12-08 23:41:27,2017-12-11 16:46:53,2017-12-26,5c5f697a42fdb3dfde403b20768d22dd,2017-12-07
64ba433f9d86e1df4e9cb86b1a3884d1,b19fa13f00227b289b6d04e426f9673d,delivered,2017-01-26 21:11:42,2017-01-28 21:32:16,2017-01-30 12:01:43,2017-02-07 13:37:49,2017-03-08,09afae2d61d41a7f90d30c3ce36c5f26,2017-01-26
ef13a698cf88c9e17ccca0261e0b9e7a,a6949eb2d9805fbab7e6d40f90368095,shipped,2018-08-13 15:53:04,2018-08-13 16:05:25,2018-08-16 15:18:00,,2018-08-30,5c322fba2f17b7a044345f2e45d2f6ab,2018-08-13
62bc181a6d897eba7057bb531ea5f094,a6cffa6427f72b2d368aa897c18e54a2,delivered,2017-09-22 10:06:29,2017-09-22 10:27:27,2017-09-27 15:38:14,2017-10-02 18:16:34,2017-10-23,70755e5b9df5988f592f3dec6279f1be,2017-09-22
8a0d96f5670fea64635b9fc54650c414,294c84368e1e700bd409fdd944eb07ad,delivered,2018-04-20 11:53:46,2018-04-24 17:25:40,2018-04-23 23:17:35,2018-05-04 16:11:50,2018-05-18,c69d6e94a89dfb73af0274d3d709e6b9,2018-04-20
8f335c4c2ed1f5845d6aab602e813d8b,1087c2f0be56cb7332e81555bf4ef863,delivered,2017-08-11 14:51:35,2017-08-15 03:30:41,2017-08-15 18:47:44,2017-08-25 14:22:59,2017-09-15,6c380fda56444d9892da736cccaff39c,2017-08-11
dde15a46cf328aee71d97753e04f16ea,feb77d070d4e5edfe705908e2608103d,delivered,2018-03-18 16:33:02,2018-03-20 03:48:45,2018-03-23 20:43:56,2018-04-18 21:41:01,2018-04-18,84b3aa01eee4e13af3cc7523a19b64af,2018-03-18
1f08dc147747506f2e887f9df6cf2edf,9abe5a31882081fa6d5617beb9947268,delivered,2018-05-12 14:44:17,2018-05-13 14:53:30,2018-05-14 12:52:00,2018-05-17 12:18:56,2018-06-13,cc1f2fad1a0d4332f0c1e7c1d486081e,2018-05-12
0cb763300f5679bee73a0b0fdfe0a2d2,f3fb421cdedc2519a5d2f5c75f2cb843,canceled,2018-08-10 18:54:48,,,,2018-09-04,44b7b02e8a7f63ec7b93b0d2dda64825,2018-08-10
0dc2734aeb43fcd6b5c4a6d6296f50c5,aacd2c89b47bcc2aa875ea9b1f64955d,delivered,2017-03-02 09:21:19,2017-03-04 02:25:17,2017-03-08 07:09:45,2017-03-29 10:58:07,2017-03-29,a33bb670bdfc972c485c44923aece1df,2017-03-02
5bf4b0c6624c03f4a531a60082fab3b5,b73365f2845e82a0339730921895e5da,delivered,2017-03-13 14:31:07,2017-03-13 14:31:07,2017-03-15 09:12:22,2017-04-03 15:05:19,2017-04-05,895426eb9b03b8f386d336cfefea0311,2017-03-13
131497483f8457541cf92c467b847c39,4c453cc8401276b89dc3a0a1d7ef4ff9,delivered,2017-11-05 22:00:26,2017-11-05 22:10:50,2017-11-07 15:02:11,2017-11-13 18:54:37,2017-11-24,6001c49233ae204da889cac6fbb71ee4,2017-11-05
c9facf1957d4cfd6bf178b54fff813f5,cd3f821b92920ff95ceb7da103502eec,delivered,2017-06-20 14:38:38,2017-06-20 14:50:13,2017-06-22 13:45:30,2017-07-04 14:39:53,2017-07-10,1df9c9fc3c60538a1a611b6ed81bc930,2017-06-20
5d33903bb05adb5e3110148fef46e92e,bf7c8f97ec53670a016b95248a03528e,delivered,2017-12-31 17:42:13,2017-12-31 17:53:38,2018-01-02 16:29:14,2018-01-13 19:51:39,2018-01-30,3fc033ed99a69646ac510af8c33be70a,2017-12-31
a9a682eb2347718eaae4a75d99f205d2,3247b1c48fe0aeb611e8a092bb4fb7f2,delivered,2018-04-19 14:42:34,2018-04-20 07:11:04,2018-04-20 20:36:44,2018-04-27 20:06:35,2018-05-15,11a6b6369051df6524fde059cc753acb,2018-04-19
5ec380985852821300051ef687ab6254,fb4b42ef1e45724b01c24c034c1043dc,delivered,2018-06-21 19:28:14,2018-06-23 02:20:26,2018-06-25 10:43:00,2018-06-26 17:59:49,2018-07-13,a57ff048e76ea9d507d5cc93fa28c4ab,2018-06-21
0f4a2c067346862463f78a1ca0e4e43b,65ea7f5e0134c0596d687b04eb47d33c,delivered,2018-02-27 20:03:29,2018-02-27 20:15:36,2018-02-28 20:43:39,2018-04-09 17:38:52,2018-03-23,f122b89a0e1303f7e0481cfb926f787d,2018-02-27
5edee244fe02fdbeb9a2d97a4e8cf17c,115c455ac3a2dc3e5c81ea3da5659c33,delivered,2017-05-31 21:53:32,2017-06-02 04:33:46,2017-06-06 14:21:10,2017-06-13 16:22:10,2017-06-27,98567142d17a8d8642e89af2f6c7b9cf,2017-05-31
cff282aa6b1661a8b29c0c790c42e5ff,0b938c5c0b785c5c10dc10a2f5d65783,delivered,2017-12-20 08:47:46,2017-12-20 08:58:32,2017-12-21 23:07:16,2018-01-03 19:22:31,2018-01-26,e6fae271fd4393679d8ae159b0c5e04a,2017-12-20
a406f3654d0144e1d742f8e7d6b30060,784c48fe06146504e45dbeb7601142ac,delivered,2018-05-22 11:44:06,2018-05-23 02:55:16,2018-05-23 15:06:00,2018-05-26 17:48:32,2018-05-30,83aafc33dbc4dec03dfe9318c298d552,2018-05-22
f79b808e0ded7143da5be51e144f9bb9,832678f1591956cf1fe901debc164ef9,delivered,2018-01-12 16:54:45,2018-01-13 02:08:40,2018-01-15 21:26:49,2018-01-19 15:35:29,2018-02-02,b47715fad5cbc17bfb21e9ab646fdfb2,2018-01-12
b99254286dfd81214a129627100e22c1,7c849322a8f5b9bbeba9c11ae26b85ea,delivered,2017-12-14 17:14:20,2017-12-14 17:31:53,2017-12-15 17:36:58,2017-12-18 14:44:56,2018-01-03,ea8e31867240c0857bd6f3558ed14a78,2017-12-14
2dd5f6a66c1d82ee0b8c864ddf9833f2,d88ce61774a12cc1525c4679797dc2be,delivered,2018-08-02 12:07:36,2018-08-03 04:35:17,2018-08-28 12:58:00,2018-09-03 17:38:39,2018-08-27,81de0b5d3753b115f251fe476f3afc9f,2018-08-02
a535ae3c7093b8d47702f0312d27c1c9,ae4ffd58d6a35cd9948ae0da3070322e,delivered,2018-03-30 15:35:23,2018-03-30 22:55:08,2018-04-03 19:45:28,2018-04-12 14:42:35,2018-04-24,ac52a292f749954ccac558f39a938c91,2018-03-30
8d21d47aa6bcf56b94fec17960b994ae,74d6e55c0adc5d0d9ba5d802f1bc2d0b,delivered,2017-08-25 10:22:47,2017-08-26 02:10:55,2017-08-29 20:16:57,2017-09-04 17:21:49,2017-09-21,d74f4428fcc52828ba891deccd965703,2017-08-25
fb80ffaa3b13d7c09f9e91f5d8337d26,129fb8a7f98b75e41806ae98cae89c1b,delivered,2017-05-26 09:32:38,2017-05-26 09:45:18,2017-05-26 11:59:47,2017-05-31 15:48:46,2017-06-20,b020952fb8ae9684fa222563349510ba,2017-05-26
a3e6dc5e759b4b070c4b5d8c6aa67d20,1c6601b317e51e02a166d7abc7fe5acd,delivered,2017-07-26 16:01:32,2017-07-26 16:15:26,2017-07-27 18:59:26,2017-08-07 18:07:53,2017-08-17,4b538eb9f60c1107fd622f7545b402d9,2017-07-26
224b7d52ebfd7da97a6396f5a1585606,a84ee7433aa8c0d78ad749c5efaedbb0,delivered,2018-03-08 15:37:50,2018-03-08 15:56:04,2018-03-13 00:38:33,2018-04-02 21:32:18,2018-04-17,2a392e84a80fcd32d9ccd75c7cfe4c97,2018-03-08
ed76528f7ed5ae1f2a0dd070a7426d44,0b0ffa4362977083ee9bf3b3fd8fbaa1,delivered,2018-08-19 22:53:16,2018-08-21 04:55:37,2018-08-21 07:53:00,2018-08-28 16:41:42,2018-09-05,44016db6072d394d603eb8e7741554a2,2018-08-19
a73d54d300e639d2e14529f273fc9a1f,8b8e0672555cc15dd1461a80ae708a67,delivered,2018-04-24 09:38:50,2018-04-24 18:06:03,2018-04-27 14:04:00,2018-05-03 16:26:33,2018-05-25,fb5d6babfa838e0e487e8263fdb0a124,2018-04-24
689bab76a2f9102a2fe1eaa764c34942,790c441f6454a3984bdbe65de6b56463,delivered,2017-10-02 18:05:25,2017-10-02 18:25:11,2017-10-03 19:13:51,2017-10-04 20:03:12,2017-10-19,c4c39534aa08bb81ab13c2e2daa6a18d,2017-10-02
dd1d5e5b6e4be8779186eb9cafd2f44d,f521a7efe39c29935169acd2d1074f76,delivered,2017-08-02 16:03:22,2017-08-02 16:15:11,2017-08-03 15:34:18,2017-08-08 22:06:32,2017-08-22,47e7ed66ea0473c633633d75c8aa07d4,2017-08-02
fec4d19f04178e4adbe16ebfc8c7ebd7,c5bc16b4d6aca29986d02763ad29edcf,delivered,2017-07-11 13:33:59,2017-07-11 13:45:16,2017-07-12 19:55:53,2017-07-18 17:52:13,2017-08-04,e147125e46922b887b87bd7131b95322,2017-07-11
de76a97b93b66f97e060477621822a65,94ce1065665d266c491641637b7bc660,delivered,2018-06-07 12:55:22,2018-06-07 13:18:00,2018-06-08 09:20:00,2018-06-25 14:56:33,2018-07-05,57cc19a7041c0fddd1b7a65dc03011c6,2018-06-07
242ab4ce744f666fcffbc5d7fed8700d,f7f197973339da4aa7ca6b82dec7905b,delivered,2017-11-24 12:35:43,2017-11-24 14:52:34,2017-11-28 18:05:49,2018-01-04 22:14:45,2017-12-20,4c074bb1435cc724b6937a95b88c9841,2017-11-24
4d20a88009a1ccbe54db2c4c7e184228,a09aef99fd6e0230ce42e23c26e6d622,delivered,2017-10-28 11:55:04,2017-10-28 12:10:19,2017-10-31 23:56:34,2017-11-08 21:13:12,2017-11-23,6363d656b86d8f1014eaa2e864d377f0,2017-10-28
de997de62f053c73ff6c2dea94b124f7,b64d905e4718b7007eeb50d4c4eaf500,delivered,2018-06-23 21:57:14,2018-06-23 22:18:44,2018-06-26 16:08:00,2018-06-28 16:48:32,2018-07-31,a10ee69bc4cfc8c1bb9fbb3414ac6713,2018-06-23
498f57174c51d5d4e071665d9fea7a87,0b6f6a76f2c677c4da148eeef7c6458c,delivered,2017-08-24 21:19:42,2017-08-25 03:05:20,2017-08-25 19:45:47,2017-09-08 18:43:36,2017-09-18,8e7462225161f1c794ab32396436b908,2017-08-24
1231cdfeb0162a6f71bf9d6f9a8bf2ae,ac13e47e53abe1fb27ae12aa343f57a3,delivered,2017-07-03 13:19:31,2017-07-03 13:30:24,2017-07-05 09:55:37,2017-07-10 20:09:56,2017-07-26,e0f658f8fab3dd6ea9441b5293aa26b9,2017-07-03
b20db618e55a5a79cb12cece64d3d06e,e0e30587b1aa606b32b4ccc95ffb186d,delivered,2017-06-24 13:21:55,2017-06-24 13:35:08,2017-06-26 13:33:21,2017-07-03 13:49:29,2017-07-18,f8cff75d532a297d54c6c6303a71955e,2017-06-24
49f44536aa73471aee96794e10af4261,6c28b3982a6565bc59851e176bce6298,delivered,2018-01-16 01:18:57,2018-01-17 01:10:49,2018-01-19 01:37:55,2018-02-08 19:21:34,2018-02-20,e86b1c680e5027675c0a3ca31b413ea3,2018-01-16
c525575fe2d507f74a5908acaecfff1e,07774ce6b7092f1f8fb6ef7f1e1f3830,shipped,2018-01-17 08:55:50,2018-01-18 02:13:13,2018-01-24 19:19:01,,2018-02-16,0167a6f5d58d5632b42c44e7f66f2abf,2018-01-17
500febf9812db6f84aa020734956a140,95e2827041810ed3d3b2ebe4b78e4250,delivered,2017-10-23 10:05:25,2017-10-23 10:30:25,2017-10-23 19:04:03,2017-10-24 22:33:15,2017-11-03,4836d79bf233f2852ef8e8acfb90383e,2017-10-23
40b5da88b2b1811f86becbe62d53eb30,2b6afb355662771052a873a278505248,delivered,2017-12-10 16:33:12,2017-12-12 04:09:12,2017-12-14 23:52:12,2018-01-04 10:53:35,2018-01-04,ae1ae3876de9647147dbc7a9c13921db,2017-12-10
dd25b9c9ad6b58c1431edea24eeca196,3b6ad7611d288f2e059ebe868d7a5948,delivered,2018-06-23 10:31:16,2018-06-26 04:59:00,2018-06-26 15:50:00,2018-06-29 16:44:57,2018-07-23,f0b5a265570e4f0518db6f9dccdbd1e0,2018-06-23
18e31cb8bc58dab57503adbfcf9426df,e1c759e7abad6f49c2cfec93966eeb17,delivered,2018-07-14 19:34:45,2018-07-14 19:50:18,2018-07-16 13:14:00,2018-07-20 22:21:29,2018-08-09,a85df4b4554e9517d176df5b0fca8148,2018-07-14
bc2e4d7ad808e01f4e639fc4c447966a,d713d3c4ca576a7fea14e302b3266548,delivered,2018-01-15 12:58:22,2018-01-15 13:10:41,2018-01-18 14:35:55,2018-01-29 09:34:33,2018-02-08,156dc19fc075ed27519aae5378f84dec,2018-01-15
8842bee3797d9ac30486e0b26f5a9756,335d5c8c8e71dfd6ad4a54d070e49657,delivered,2018-02-26 14:52:49,2018-02-27 05:30:55,2018-02-28 18:34:46,2018-03-02 20:56:46,2018-03-12,b6366255952801c1cf60cde2c6b4070e,2018-02-26
63c48765fa94402191d6ee15174b335d,6567a05e0ec8ff0c83c84ec759590f3b,delivered,2018-01-17 14:21:43,2018-01-17 14:30:41,2018-01-20 00:56:38,2018-01-22 21:05:47,2018-02-01,9d754b13742765ad035529754035fa71,2018-01-17
897073b6ffbe4399197dae539e926b1a,c1fd04a0bf5c757e19ee43edac2ab9c4,shipped,2018-04-25 13:21:29,2018-04-25 13:31:48,2018-04-30 17:25:00,,2018-05-14,a32d915991c6ffe6af795c63414bc933,2018-04-25
e275c17fb8425498234a98fce0ae9a38,7eba295b7f6a16dcf3e9f75510d94898,delivered,2017-06-13 19:49:59,2017-06-13 20:05:42,2017-06-20 08:45:37,2017-07-05 15:41:37,2017-07-06,0049dadc30da6a277c1e9d371df5a66f,2017-06-13
a85a0a1d9a45910cbfa184cf26220191,7d89958096c9f8346a0a9b41a7d3117d,delivered,2018-01-11 22:10:13,2018-01-13 04:55:13,2018-01-15 17:25:54,2018-01-26 20:55:37,2018-02-09,310898b0acd508587255ea968e18bd2a,2018-01-11
249a42ab6064b9a21179bf1ba421b69c,b8eba1e020001de17365343570154fbd,delivered,2018-04-11 16:09:44,2018-04-11 16:32:06,2018-04-12 20:36:25,2018-04-13 21:05:52,2018-04-23,ce29be75541c90ddd08e1dfe3a6839a9,2018-04-11
1fffef31321bf946fd10e0a8ee43443e,cf30fa000f0d790f984ac0fdca6b078e,delivered,2018-05-24 15:27:31,2018-05-25 02:55:26,2018-05-28 11:29:00,2018-06-04 18:52:14,2018-06-18,48a20c6a844f2a8140d84ae16dc93637,2018-05-24
f28e549e51f383974493cf9dbdce5d46,23c6db8b716b4cc0c9cb7ca858400080,delivered,2017-10-11 15:15:37,2017-10-11 15:28:43,2017-10-13 16:22:09,2017-10-23 18:43:37,2017-11-06,c025e5fbf991712a9030643b94c00325,2017-10-11
87c528a3c65ddbbfe35e69c95f9031b8,641fd96368dbf63c0ac59fb1f31d072c,delivered,2017-11-28 13:48:59,2017-11-28 15:06:50,2017-12-04 18:07:19,2017-12-16 01:51:36,2017-12-26,de94333e90248fe38a2b392c2b4fb5e3,2017-11-28
d308807f231cc2e9a4e2ee71b86fbebd,319dce58caddc33d4965cfa1e107d692,delivered,2018-05-02 14:22:52,2018-05-03 03:55:18,2018-05-04 13:47:00,2018-05-07 22:28:31,2018-05-18,32989b63ffb54f79924e383e708e0cb6,2018-05-02
4dda09475b079b01d1c3cf79baac5791,6edfb61136b040d8143aab7a003836e3,delivered,2017-10-24 20:42:17,2017-10-25 08:07:16,2017-10-26 20:42:34,2017-10-30 18:53:55,2017-11-14,2bdae1796230b3c644cedea8d014dee2,2017-10-24
025321e4e9674e090b7bc101f9c5ab5a,3674db4a48cbcbd032d3d2274f9018af,delivered,2017-06-20 21:56:51,2017-06-20 22:10:14,2017-06-22 18:14:03,2017-07-02 12:41:52,2017-07-12,78e63ed7c16b6a93bfdcef66ad250a00,2017-06-20
ba71f098ea405cb0930860794da15e11,91d550a87b17a1b1e35fcc00afa8a940,delivered,2017-11-11 09:48:14,2017-11-11 10:06:22,2017-11-14 22:32:18,2017-11-24 00:51:42,2017-12-07,914a93f3ed0b6d7d43ee43570114df66,2017-11-11
1723f84b8a70b486955d59dad4bed0f2,91b356b143fb995d46c231bdcaace267,delivered,2018-08-12 21:51:05,2018-08-12 22:05:00,2018-08-13 12:05:00,2018-08-23 10:48:48,2018-08-27,f255de940ce3575ac7cecbf1eedec2ad,2018-08-12
81e5043198a44ddeb226002ff55d8ad4,ddd15ef77c83eea8c534d2896173a927,delivered,2017-01-09 00:37:18,2017-01-09 00:45:09,2017-01-09 09:10:53,2017-02-24 09:42:38,2017-02-24,853ba75a0b423722ccf270eea3b4cfe4,2017-01-09
05b45bd050b8c16805abca656246149b,a973397ec57671787a6826bc9235b2dd,delivered,2018-03-12 19:52:53,2018-03-12 20:08:37,2018-03-13 23:18:44,2018-04-06 20:19:10,2018-04-03,47fd2ad0d890e39c730c3d33d2ad5ffa,2018-03-12
15679298f3286b278e6dea412e7fd5a6,29ae7a500d7547c3547cadc562fdd0db,delivered,2017-04-18 09:52:18,2017-04-18 10:05:14,2017-04-18 11:06:03,2017-05-09 12:08:22,2017-06-06,d30821b3379e67b3040547bd9360330a,2017-04-18
a53d587cedb15e572d3aa67984929be5,9aeef00092181c23d5caf47cab6e5f5f,delivered,2017-12-12 07:51:32,2017-12-12 10:32:32,2017-12-18 21:41:53,2017-12-27 13:13:10,2018-01-09,8b36e776a8a166902ac1c85024d7aa52,2017-12-12
5be2bde9982c297012273b2fc574b2a8,03cd655937e266ad3f683fa24a217dcb,delivered,2018-01-02 13:15:21,2018-01-04 05:10:37,2018-01-04 22:59:12,2018-01-19 20:26:43,2018-01-31,5325483b48b39f15d015ca8f4310e66b,2018-01-02
d8e45e306d71cde5968cee487d288580,21e8f3a01981c28198838102586be0ca,delivered,2017-10-09 19:14:19,2017-10-11 03:28:22,2017-10-11 21:55:39,2017-10-19 22:33:43,2017-10-26,fc292c53aae1ed69f37070458405686f,2017-10-09
5e605c248def72c23690c44126f8ecb6,46c60ef4c601b316ac7df571de8f9960,delivered,2018-02-12 11:24:23,2018-02-12 11:35:28,2018-02-15 16:53:13,2018-02-26 22:06:43,2018-03-08,25b0f543d19f8451e49cc4979a6f802d,2018-02-12
db271589ce266814ea30bcc06109ec89,b7f13d9d3479ce3f85f8aea0db3b7d4c,delivered,2018-03-12 15:59:34,2018-03-12 16:15:37,2018-03-13 22:25:01,2018-03-14 23:26:47,2018-04-06,4cef8a50e24bb55a825cabc8d15c04d1,2018-03-12
7a28faee4e4959f358d2fdbe66e22107,02bd740a9c42959b61e38d5a07d43522,delivered,2018-08-14 22:43:55,2018-08-14 22:55:25,2018-08-15 14:50:00,2018-08-17 01:50:27,2018-08-17,0fbf73cb8a40e33ad3a0b46a6212cd44,2018-08-14
2d0d881aec191e67166a6447a62418d2,ee0f4f6da95026ea8a2be6706c658227,delivered,2017-12-08 08:37:52,2017-12-13 14:58:27,2017-12-14 22:14:04,2017-12-19 23:26:37,2018-01-03,1687e0e6bb801b9e7ed3a29dd6c6b1c3,2017-12-08
adf2ad57c0add3f3f9b6644a4d731899,e220beae1f3059a3f0bd89f8d2cc0e6a,delivered,2018-02-09 21:42:49,2018-02-09 22:20:24,2018-02-14 21:32:50,2018-02-23 01:52:20,2018-03-06,10857eac17ae63c78ec6eec1b63e5a22,2018-02-09
1e76a4cb16c7849cd980f748e3d8dbed,7a089eaf97006b49a3db12b88a8b4382,delivered,2018-02-06 20:33:44,2018-02-06 20:50:29,2018-02-14 19:52:21,2018-02-19 21:23:53,2018-03-02,7b1c95c0dcd703cc80b4fbe90e83f4bb,2018-02-06
5845efeb1a7164fc3885f465a37ebd46,9c15f8e17bd5fdf77cc1c4addd5b160d,delivered,2017-11-04 15:32:14,2017-11-04 15:46:14,2017-11-08 19:58:53,2017-11-14 19:28:58,2017-11-27,d16c23f187530d1aba8bd8cd58b8cec9,2017-11-04
0fa7d9bf5e4786e331c11c950cb4082d,84d5cbd634044145813051a966db04a5,delivered,2017-11-03 19:16:55,2017-11-03 19:30:40,2017-11-07 01:08:57,2017-11-09 16:29:23,2017-11-28,8e3d7e64a92ee5879a360326258c952e,2017-11-03
4a6de68c76257d69209af11ba0e56fa1,5206bdc4d7ecb9869166f99fc635a5b1,delivered,2018-01-05 16:19:33,2018-01-05 16:29:23,2018-01-08 17:14:54,2018-01-10 21:27:01,2018-01-30,5064f15200f59b32518135b8dfdcf99d,2018-01-05
e781bc7ac959969446407858e838fe56,612f939f08f499b902ae3f822c30e2df,delivered,2018-08-08 14:37:18,2018-08-08 14:45:16,2018-08-09 16:13:00,2018-08-15 12:51:17,2018-08-24,bdfb29ae1ccb5ff4466a38b9a940118c,2018-08-08
c661253cb9754d5c570886f866e9e4c9,87fc1f623028e4400913dd7a684c8d3f,delivered,2017-04-01 06:25:30,2017-04-04 06:02:39,2017-04-20 11:34:27,2017-05-07 14:37:56,2017-04-26,5117941e9f5501b14001d32926016cd7,2017-04-01
a77f068fe42de19045229fa9a9380ed5,09cd1b030888cd5d39ff8cf8c63da284,delivered,2017-10-23 18:48:32,2017-10-23 19:06:27,2017-10-25 19:58:41,2017-11-01 16:51:27,2017-11-21,2f846be28c0d38ae8c401b6133e21326,2017-10-23
0e926641c3c3ebe6c8829d1d69512cce,036a1f0892cbf27e9f3768472ffe7c04,delivered,2017-06-02 09:17:03,2017-06-03 02:15:09,2017-06-05 11:33:49,2017-06-08 12:52:02,2017-06-27,0b638578b967f50cd287cd9db00fbd2c,2017-06-02
5c76bd3547c43e1796cc38f9906197d8,5479ace26887c43351cb502cab95b515,delivered,2017-11-30 19:49:47,2017-12-01 09:30:49,2017-12-28 18:13:06,2018-01-03 17:10:59,2018-01-03,21622b1a4d2098ebc5b44a1203532f57,2017-11-30
e22dd2bae96c7c1909225e77fc1a2a31,0b8f6ef5f2557dbf574cd499f975164e,delivered,2018-08-17 12:02:27,2018-08-17 12:15:14,2018-08-17 14:49:00,2018-08-20 14:03:59,2018-08-24,d3bc2a31ade3c1705f9f432ac3034d61,2018-08-17
8b8a8342831ee11cc7c4ae17d1e36c91,fb6d941b6683b983b6e78cf1668b346e,delivered,2018-06-11 08:16:38,2018-06-12 04:35:30,2018-06-13 14:32:00,2018-06-18 14:12:29,2018-07-11,1454fcab57e72985c77b8e7738c06d8c,2018-06-11
6ef8f6ed00303d5d81cdab508d586dcb,e3b618cc7416f6c66245395873691ffe,delivered,2017-10-13 17:43:55,2017-10-13 18:07:19,2017-10-16 11:44:58,2017-10-19 18:57:12,2017-11-06,4f39ec98b3fcf020ef6fc0c68b36eac5,2017-10-13
6a2b479d9a0d23a37516a7f3ac309737,5870d9bf1eb023b23ce0523ee7adcefb,delivered,2018-05-01 14:21:59,2018-05-03 03:55:20,2018-05-03 13:33:00,2018-05-09 18:47:49,2018-05-24,a0127a797f2249f62431c4ae2962fbf5,2018-05-01
d5af8fc30f7ecc4a1b23de7dc0377e9f,739878ff4347fe131aac813021a88b1f,delivered,2018-02-26 18:00:21,2018-02-26 18:10:35,2018-03-01 19:47:53,2018-03-23 21:29:29,2018-03-16,2f129fa019bca316504f1df58fb6116a,2018-02-26
1332670d4ec8d872f416f1fda8594f69,c79653d0cd9bea2ee24b4579ef33050a,delivered,2017-05-21 23:43:15,2017-05-22 00:35:22,2017-05-24 10:43:53,2017-05-30 14:17:11,2017-06-13,d94235f2d643c8a0b053c9fc24928fde,2017-05-21
0c29afa3d55c9d983ff14ae80e79984a,961c0a5afe936135ac6ebb1ddef7ce09,delivered,2018-01-09 18:28:48,2018-01-09 19:32:12,2018-01-10 21:09:28,2018-01-11 16:17:37,2018-01-23,5cd55d08a32945da1f132c88d3a22934,2018-01-09
ea7138ccf7b03bb9499df4674b1b4027,779d93baac8efb80a7a757af51297e66,delivered,2017-12-24 12:12:32,2017-12-24 12:29:11,2017-12-26 21:37:43,2017-12-29 20:54:56,2018-01-22,a2aa8d11bba1578adc79385521420322,2017-12-24
87f41ac2bb62582fa23ddb02b79ef724,fe15b3297ddaaa9458ae5489b2bd8791,delivered,2017-02-17 15:15:26,2017-02-17 15:25:08,2017-02-20 11:00:07,2017-03-16 17:16:26,2017-03-30,a239b8e2fbce33780f1f1912e2ee5275,2017-02-17
434ee413138c6ead70939d4a56e0a29b,81c68cd9f45038a8fb5ad8b119130111,delivered,2018-03-02 14:16:42,2018-03-02 14:29:57,2018-03-02 23:27:55,2018-03-05 22:23:46,2018-03-14,6358b15ef7fa9b1210f1a5735cabd3d9,2018-03-02
5f1b02bb30db18d2091666741c05684a,97f2b3cc86184e77dfe877b711b47f31,delivered,2018-05-07 13:18:52,2018-05-07 16:52:58,2018-05-09 11:08:00,2018-06-14 15:39:48,2018-06-04,4e92726a217d2761c6583830b747b31f,2018-05-07
b613ca30bb66f74ea668acd6bc87b51c,b4d31b960539289fbb32a396bbb935b6,delivered,2018-05-10 16:28:48,2018-05-10 16:58:45,2018-05-11 19:00:00,2018-05-14 23:16:48,2018-05-21,52fe912a8900e2dd1da709098ddcffcd,2018-05-10
5ade2c3932a0c4836b4eb4e16f4373db,9e44cac7574c95db25b2982fb26afd43,delivered,2017-02-20 18:50:57,2017-02-22 03:15:41,2017-02-22 13:51:26,2017-03-09 09:41:57,2017-03-21,19bf5ff07d8fd116a234c49d5d3b6f88,2017-02-20
f89780d4d98317847142affbe5c0c965,e46ee66987bf987bd494d1ca45dabff4,delivered,2017-02-21 09:31:18,2017-02-21 09:45:20,2017-02-21 13:20:58,2017-03-09 17:05:49,2017-03-22,9d71b8ede6b4a9bb3cf2f8db6d1791bc,2017-02-21
006e43460a55bc60c0a437521e426529,23bfd4316e261786deed5a08231c75bc,delivered,2017-05-11 00:24:35,2017-05-11 01:30:22,2017-05-12 12:26:32,2017-05-19 09:51:17,2017-06-02,1df0a296f852bdf1a17b085730f4b894,2017-05-11
bb5cce57f8d80c481d1beee24eda6616,12c5c5e285023a1496798e0844016ff6,delivered,2018-06-27 11:43:52,2018-06-27 11:57:21,2018-07-03 07:44:00,2018-07-04 01:18:33,2018-07-12,56676df9045e84d31b95242cb0e9a344,2018-06-27
887b522c355bcd896b5168f84a11e6f0,a10538645504cbd88cd2a5e5c8f9135b,delivered,2017-10-19 12:44:24,2017-10-19 12:56:28,2017-10-24 15:46:44,2017-10-30 17:44:03,2017-11-17,84590dd28779015d6d0fb7265ba054a1,2017-10-19
70ca1c80e14fa0391a567797dc294938,b15cef70df5b80da0940334e4ca17d01,delivered,2018-07-01 14:16:08,2018-07-01 14:30:16,2018-07-03 12:18:00,2018-07-13 19:46:49,2018-07-24,6c24ef8f50ccd8af967c18679cc54703,2018-07-01
200adc2205bc2cf8f4cdfc575012b2d0,431cbd59164ac8a5df0a9e257f3b3c96,shipped,2017-03-09 22:12:24,2017-03-09 22:12:24,2017-03-14 12:18:17,,2017-04-17,37081b8161531c35a3fa8bc15bbe38c3,2017-03-09
a5a322511ad2f5a5296e865cd5c23abe,5643ccad0d1fd7b09dc8e8acdd2fbdd9,delivered,2017-10-08 22:13:39,2017-10-08 22:28:15,2017-10-09 21:27:37,2017-10-11 18:00:21,2017-11-01,11395124061744bf276aefd8073f3105,2017-10-08
b0a46fa6d7a8afcac44b6e1af2457409,98a9476c68f7790772a5321dcd3f3990,delivered,2018-03-10 21:44:29,2018-03-10 21:55:45,2018-03-12 22:49:26,2018-04-30 23:40:42,2018-04-13,9b03f400dde49805bac4f79216151f3d,2018-03-10
496b982d1f2a1315fcbf81ae2fed02a4,db2cf3b3feeca251d6c3c93bf5f1b75a,delivered,2017-05-24 23:04:51,2017-05-24 23:15:17,2017-05-26 12:39:14,2017-06-06 15:56:49,2017-06-22,ea451b172ee6446d30d57f0c59a4ddc3,2017-05-24
180d9087d153ffddea224f2996463f46,f581423e26b5520519407f034c1e5680,delivered,2017-12-04 20:19:08,2017-12-04 20:35:21,2017-12-05 16:57:54,2017-12-14 20:52:33,2018-01-02,082f8d0d83744f4fa435269cf705a07c,2017-12-04
9371ddc98fdf148feec83c1ddbdaaef5,c4f47317fc0d0ad7ed8924267314064f,delivered,2018-01-16 10:29:52,2018-01-17 03:39:33,2018-01-22 14:58:55,2018-01-29 21:55:02,2018-02-09,acfa08f7326c2ec19985eab0ae92054a,2018-01-16
5b0290e4420f938665a61fda8ee5ced6,b5b3c90abf565a89c0a5948f00666aed,delivered,2017-07-25 08:33:30,2017-07-25 08:45:11,2017-07-26 11:05:50,2017-08-01 17:21:54,2017-08-18,294032e89d0c4a5d17fc3f90f3522356,2017-07-25
8a1bc477742faefa8ff9f614dc582244,6a401be5e3262fd8cd7a569c6dcc345b,delivered,2018-04-11 13:41:15,2018-04-11 13:50:41,2018-04-11 23:37:41,2018-04-13 00:03:04,2018-04-23,e2ff25b640742c3e7b2fdf90b155f176,2018-04-11
cba101e2b0c4dbb1dc4dc0f97c424f01,e12b8b0b64e8e6832c4f727af8c1cb69,delivered,2018-05-19 17:01:25,2018-05-19 17:15:20,2018-05-21 09:43:00,2018-05-22 14:33:21,2018-05-30,f7267b496f96c6bc77b9fa8dfe3fc527,2018-05-19
c1213e8146aaff37acf16bfef1789d75,6ff4159cf99d5fc64932c54abd985c70,delivered,2018-05-01 20:30:49,2018-05-01 20:55:25,2018-05-02 14:39:00,2018-05-07 18:37:11,2018-05-21,9486697e12404e5018b63c72883e9500,2018-05-01
583bf04daf3f2e41c6e2522cc467867c,2b1b6264591c5f876df616122f708d87,delivered,2018-07-24 06:17:04,2018-07-25 04:05:15,2018-07-25 11:59:00,2018-07-30 13:21:03,2018-08-21,a686b427a239fff6fcc3f329d50bba3e,2018-07-24
e22decac5ed99a0335532a753f62e935,c9869e8666697b9bd971ae4910f37ce6,delivered,2017-09-04 16:13:59,2017-09-04 16:25:43,2017-09-05 17:36:38,2017-09-08 20:33:05,2017-09-21,07d38b1e8d7ffb4531908882b38f5dd6,2017-09-04
579332417ec95ade5b2e5ebe06de5d2d,616fffdb091c791e3b001da68172eb2c,delivered,2018-05-16 17:15:00,2018-05-16 17:38:16,2018-05-18 19:00:00,2018-06-04 21:21:47,2018-06-08,ab4bce9595da4adaeb3a4e541900f4a2,2018-05-16
23b4d2d1a00f2773d2a15d8068b21ff2,53e96590c4711bbae7412fa6e2118a07,shipped,2017-10-19 14:32:39,2017-10-19 14:49:19,2017-10-19 20:53:53,,2017-10-31,5cc13c3e728a97378afed206b86ec124,2017-10-19
2c529e48633e1c206e07f886dc2ad423,1a0c96ced5e7fac875e8c00f9e3fea36,delivered,2017-11-16 19:22:04,2017-11-17 08:35:21,2017-11-21 21:43:53,2017-11-27 17:07:17,2017-12-05,45a075b36adef440754176bfc5e91b26,2017-11-16
23d7d115bb9da8cf6e38bc4824767e89,4031f7682787a54257f1eb640c759f15,delivered,2017-11-07 16:31:04,2017-11-09 04:31:06,2017-11-09 20:21:40,2017-11-17 19:02:34,2017-12-07,b1770db9129bacc8c377c98a1ab14c73,2017-11-07
01be6ff226324644f283dfab69369848,9efea31c85df91516b2874e4e0fd953f,delivered,2018-03-08 12:02:38,2018-03-08 12:15:23,2018-03-13 23:16:51,2018-03-28 20:48:47,2018-04-04,fc5351f63f69eff75df74e44868ff374,2018-03-08
be7ef653148b80c79b5d9b8500c47949,de5411657929e994c0100062f9a7d61d,delivered,2017-10-04 10:31:14,2017-10-04 10:49:44,2017-10-09 21:49:59,2017-10-23 20:56:09,2017-10-30,8ba03ea7a871bdaebd65e7a4ced27c2d,2017-10-04
ef442e129f56ec1234a402fc824686df,8c026df875ce27008c74eb034ce7020d,delivered,2018-06-30 18:30:38,2018-06-30 19:35:13,2018-07-03 06:58:00,2018-07-04 00:38:37,2018-07-20,20bdb9546fce415fff381e3e72828543,2018-06-30
2af0498329b50fd808f047d738bf0f39,0f2c11933482f3e555ffcf336600917c,delivered,2018-02-17 12:25:36,2018-02-17 12:46:22,2018-02-20 22:37:40,2018-03-07 21:37:14,2018-03-16,c852f53ad90fddb4980c602b6474a487,2018-02-17
ea500d2d546dac2099f6ab0531823025,301ade42dae8f56c089f707d49b16d0e,delivered,2017-11-23 14:03:18,2017-11-23 14:13:27,2017-12-05 20:34:13,2017-12-19 19:15:39,2017-12-18,483db1ab9779fddbb649ea06069e00e5,2017-11-23
21a5a6a3ba44669b781dde94b19a361a,5103670b1d7ea5870655885ba03125a7,delivered,2018-01-16 13:27:19,2018-01-17 04:31:13,2018-01-18 13:09:22,2018-01-19 20:25:00,2018-02-14,03fc54320e654887eddb9480397fa8a2,2018-01-16
c40180549a3a3bdff8f27b84bfff14ba,ad3997ef798ba2f1726554913d36bd87,delivered,2018-02-22 13:24:10,2018-02-22 13:35:27,2018-02-23 18:27:42,2018-03-26 22:55:39,2018-03-21,cb2e9f3e4b9645e8e13e47075bd16a21,2018-02-22
562f919143bd6544eaad5f3f17ba3da2,71dd5965a7687ffa18fe9976e8ce0e14,delivered,2018-04-12 11:29:56,2018-04-13 02:15:22,2018-04-13 23:32:59,2018-04-26 21:29:37,2018-05-14,ca05f70d31f30539f631103b472ff78d,2018-04-12
0510f632b86f01064ebbde67deb63bb5,3413b1a3a719cf261ac926114e3d3da8,delivered,2018-06-26 23:37:29,2018-06-27 01:30:01,2018-06-27 08:57:00,2018-07-04 21:29:48,2018-07-31,fe86ce129cfeddc53998ddc884d92a46,2018-06-26
052fd91f936f4938c1085ce62862142a,9ea84417bbdf3d03fd7fe34273d23630,delivered,2018-08-01 21:21:49,2018-08-01 22:31:22,2018-08-03 11:14:00,2018-08-08 09:42:38,2018-08-09,7408628c2a758359d2ee3df32b4127df,2018-08-01
76f48aa30ddc623d62de0fcc17dc19fe,fca6422d9d0ca48d65da64285a628b43,delivered,2018-05-04 21:29:13,2018-05-04 21:50:16,2018-05-07 14:42:00,2018-05-09 00:28:39,2018-05-16,b9061c4ac61e7ffab8969a9930a34a2a,2018-05-04
58d21ad5a9ab4a46289353de5219fefd,fd6885f5031ea49f07d39bfac282e959,delivered,2017-07-07 14:54:04,2017-07-07 15:05:13,2017-07-12 14:43:33,2017-07-13 17:52:20,2017-07-20,8221a28220f51f0e773c11bd688228af,2017-07-07
61181b6edca2c3a0b58c77e58d91a8a3,9527825089af32ff7b72aff6e13df266,delivered,2017-10-18 23:35:55,2017-10-18 23:56:39,2017-10-19 19:07:45,2017-10-31 15:50:07,2017-11-16,bf72646f8083406837fd6dbe6b69a3aa,2017-10-18
cf49bdb4bd3a57ea5f439199c69d5911,0551eb34013c485caeacfd2915dbec96,delivered,2017-11-27 15:04:18,2017-11-27 15:19:14,2017-11-28 21:04:42,2017-12-04 19:13:40,2017-12-21,d3d6ab62e2b65c66b94b19924886f9ab,2017-11-27
cb6c4a73c3a96d368b2eb15d29d0a243,b493af162186d2b09bb066045b51650a,delivered,2018-05-10 12:00:17,2018-05-10 12:16:03,2018-05-11 13:56:00,2018-05-29 20:16:43,2018-06-11,129dabf0d23c01790d9ae7f3f83e7070,2018-05-10
5df92b927062b1c416d780b6efaf4032,01c3dbf3c719c3788a4d7db4bd8ac0d0,delivered,2018-04-25 20:30:12,2018-04-26 20:31:52,2018-04-27 13:51:00,2018-05-14 19:06:56,2018-05-24,5b75f782d337212affeaede9f07b8556,2018-04-25
04abf2d38859e6dfcfda69ed28a10aff,f784cd575bace953e1672518616df436,delivered,2018-03-23 00:22:35,2018-03-23 00:35:48,2018-03-23 20:48:30,2018-04-12 22:26:38,2018-04-20,90df3fb25b60362363ce4990c388f579,2018-03-23
c05b4afd0213a3d8f5c4c503b36dfb87,e872a76b23640a1e44ac6501b7eb0381,delivered,2018-03-05 20:21:47,2018-03-05 21:20:29,2018-03-07 20:43:30,2018-03-23 13:05:43,2018-04-03,73dcf6f664c30530dd274cc2ccb8dfd1,2018-03-05
82d62e8dbebf85af5c2873e07fe0721e,2af98151e0af3bd04148413da9c0ef49,delivered,2017-03-31 21:31:53,2017-03-31 21:45:48,2017-04-05 12:48:33,2017-04-19 12:58:24,2017-05-02,94e15fa48dd526f5e540fb9b5332e5de,2017-03-31
d63279c7841cf2d97a81b2bf2a777af6,2040be39a489497df340242ce565a88d,delivered,2017-09-01 14:57:25,2017-09-01 15:10:12,2017-09-06 13:55:44,2017-09-13 21:56:53,2017-09-20,3f690cbffd4806f2090f5d4cd1cbaf45,2017-09-01
dc9a75be849e46bc94aa327ac9bc13a8,15fd5733c1312d72925697670522a4b1,delivered,2018-04-17 12:24:40,2018-04-17 12:35:25,2018-04-18 16:39:28,2018-04-19 16:35:29,2018-05-04,65998ec766d8ff89498bea626d226af4,2018-04-17
b89c3bccb55bf39d693030905c3a2326,5473f422040272bab80a4c5a22986403,delivered,2018-08-07 19:29:06,2018-08-07 19:44:54,2018-08-13 10:15:00,2018-08-15 01:34:46,2018-08-13,663c126eb97316f20643364c3aa618bf,2018-08-07
8f04ccf58b2c11f758bbc1ac84b52a92,1839304e9ec39a3f259a3f6c5e9de0c7,delivered,2017-12-26 16:10:03,2017-12-26 16:27:59,2017-12-28 18:32:45,2018-01-16 20:34:31,2018-02-01,65aba9fcfab328c5dcc542ee05044a24,2017-12-26
97402aa8a8f224eca96029fe80d2286f,fc4476d400c4b3bf7e64456fb82626fb,delivered,2018-08-14 17:48:29,2018-08-14 18:44:18,2018-08-15 12:53:00,2018-08-20 20:48:50,2018-08-27,5e0fe55f37791a9d6be26cadfe5a2383,2018-08-14
07ce92f08ada3b994983794188b7a902,fa89a52fa06bd618d4770a055f983b8c,delivered,2018-03-19 12:35:10,2018-03-19 13:29:53,2018-03-20 23:42:01,2018-04-05 22:51:05,2018-04-23,39ad73330d73303bb9fc7ff14430db1c,2018-03-19
555e1afa0cf180760b7ea9f6d8ebc329,1b23216e6cb17ba8b27f4ffab1f2bd39,delivered,2018-04-29 19:06:12,2018-04-29 19:15:15,2018-04-30 15:25:00,2018-05-04 18:52:44,2018-05-24,b01b4873885544bd7cf29c9a355d0bcf,2018-04-29
43900dda470fa7bbf2a0bcae68491435,ca2dc7d40c6aca30553ce1c68a0a1d4a,delivered,2018-05-09 12:45:54,2018-05-10 02:57:21,2018-05-14 14:58:00,2018-05-22 19:31:37,2018-05-28,3279712e1ea8d52462488b4fb9dd7014,2018-05-09
1975f98764fb254b8a154163c7cd012f,bd3cc0839577a877bb6bf7a10dbd08dc,processing,2018-03-23 17:02:33,2018-03-23 17:15:25,,,2018-04-11,799ed9d9a1712679681fb6bb70a8b638,2018-03-23
b90846dbd50e328b0a1b6be47a8e2c0b,4e7b2684d13abc89def97d5dca8cbd26,delivered,2018-03-18 15:09:49,2018-03-18 15:28:17,2018-03-19 19:11:58,2018-04-10 17:47:29,2018-04-16,2255a2593ed005fd945306b8783f7416,2018-03-18
53dcadf469da8b7dc9c2866321927607,5a5f0d0006eb7eae8b952479aabf0768,delivered,2018-07-05 14:15:08,2018-07-05 16:30:56,2018-07-23 11:36:00,2018-07-25 13:58:28,2018-08-07,cc8e8fafbbc6e117e973f3c855b70620,2018-07-05
54536bfd6c2b325ae1b6c94e14aef912,6e1eb8154497fcc665361b32a29a3bf0,delivered,2018-06-27 11:41:13,2018-06-29 02:35:16,2018-06-29 12:29:00,2018-07-07 12:54:45,2018-08-06,b9e89508d8538f17ed2c9df1481b570b,2018-06-27
fb0e638d6e547a08f79bdadcddfb7dc5,db1b820efe7cdf1e07ed1660703d7ee9,delivered,2018-03-04 21:29:01,2018-03-04 21:48:51,2018-03-05 22:10:49,2018-03-23 00:08:33,2018-03-28,f9f30104015caba81f10d9430954b49a,2018-03-04
2445b0faf0a2b2139e508f277424eeb6,90542f26f824ec7b11606409fe9940ad,delivered,2018-04-07 22:24:03,2018-04-07 22:35:10,2018-04-10 23:07:43,2018-04-17 14:12:44,2018-04-30,400e73e6c1b24742691e9d13bb84aa03,2018-04-07
04cbdd6817839ed5c7ac28f811ed8c0f,12ed696c4178efaa9f91a47a654e6093,delivered,2017-07-15 16:54:02,2017-07-18 06:05:32,2017-07-18 16:32:46,2017-07-20 14:05:09,2017-08-04,43597919520d44317d2f7f558df6f1fc,2017-07-15
05ad33706a0ad42482ba7f17236d4bba,f66a0a5603fb1d09eee7fe496b1024ba,delivered,2017-10-11 09:27:38,2017-10-11 09:46:17,2017-10-11 19:14:14,2017-10-18 19:58:39,2017-11-01,182e92ace06fb8e0107a4ebfffc01611,2017-10-11
44437f0cd12aae191555f66ce8dc2d5f,a35ef33a28a474a499c0452e297e3b4c,delivered,2017-10-21 15:07:40,2017-10-21 15:21:21,2017-10-24 18:22:39,2017-10-30 20:27:25,2017-11-16,2ad022ab11a664314bdc2ee67ec89beb,2017-10-21
9b6855d2b0ab897952d0ea1034d87d89,d6279ba360fb5eff125b2c70a21af369,delivered,2017-11-25 17:54:05,2017-11-25 18:12:22,2017-11-28 00:39:44,2017-12-13 15:33:04,2018-01-05,1a03656a5fbd7de3a22fc894e87f877c,2017-11-25
c9410f5c5b7fcdf2468f45213407d3b9,33f9a3f51c6c2e34aec9483e3c632bb5,delivered,2018-01-14 06:46:35,2018-01-14 06:56:20,2018-01-16 16:27:08,2018-01-23 01:03:20,2018-02-08,0c39970502d35f74161699d314799a15,2018-01-14
77384bc4848f77dc178f176c736ad7d8,a31a8d00b52139bcfd70da02373c88ef,delivered,2018-06-03 11:17:50,2018-06-03 11:30:57,2018-06-04 13:17:00,2018-06-21 21:51:47,2018-07-23,4b3946a3daa2a6a71a5588a99c1cb1d7,2018-06-03
2bea071a4b1ffc8f01204ba3f0721ac1,1b7c59aee917c754933d7e4a4a80d717,delivered,2017-08-21 00:01:09,2017-08-21 00:55:07,2017-08-28 19:32:38,2017-09-05 18:26:40,2017-09-14,8801d8f46c6a185daf71ce112a55df67,2017-08-21
f387eb734dc3346d68ecfdaf4f0ab0ee,86ecdd6c5aa780b8cbf7ba23ce92532a,delivered,2018-03-29 15:07:10,2018-03-29 15:29:51,2018-04-25 15:36:00,2018-04-26 13:51:58,2018-04-23,33e879b6c75ee0f14e53097b143a57e0,2018-03-29
c9756139ee937be234c1aafe31b8722e,ac6715b330dc55b82add2607aedeced0,delivered,2017-09-11 10:10:32,2017-09-12 04:30:55,2017-09-12 19:14:32,2017-09-24 13:54:44,2017-10-03,2d348df48232a856b5636d7951694081,2017-09-11
922a3f761407bb26eca665bf67d18744,c1f584ed95067dfad7bc7b5664dc9df5,delivered,2018-03-03 17:58:28,2018-03-06 03:49:00,2018-03-06 20:47:23,2018-03-22 09:32:43,2018-04-04,a1cb1aa2973cab771138697b3b39f311,2018-03-03
fffb9224b6fc7c43ebb0904318b10b5f,4d3abb73ceb86353aeadbe698aa9d5cb,delivered,2017-10-27 16:51:00,2017-10-28 02:55:58,2017-11-10 19:31:52,2017-11-17 19:41:42,2017-11-27,f736308cd9952b33b90b9fe94da9c8f5,2017-10-27
00bbc4179554524748f77763ddd62266,a338432949ddc9b9e6bee3d2695d655e,delivered,2017-08-08 21:04:16,2017-08-10 03:15:35,2017-08-11 13:36:56,2017-08-14 15:13:10,2017-08-23,a15630ebd61b2a42d78cb93fbebeda88,2017-08-08
010ff1cfe12f3094577e72b7bcecdf98,7496d369c45e3249794df2d9b132a3e3,delivered,2017-10-11 23:05:00,2017-10-12 23:14:21,2017-10-16 22:52:14,2017-10-19 18:20:09,2017-11-09,7fa12ff85543277b8842b68a31eca5c2,2017-10-11
86b6e717cea86f8854d74e5b1df23e95,a048712aa4a206a8338d91a7092a488e,delivered,2018-02-17 01:25:43,2018-02-17 02:07:49,2018-02-19 21:33:24,2018-02-23 19:21:52,2018-03-13,3d2e970e4f58adf9d533c5e1ef45a71f,2018-02-17
a944939844cbf212ca7f7a3eb4a8d5ed,a46a5e0168922d626417fa64c64fc751,delivered,2017-05-31 22:39:22,2017-05-31 22:50:18,2017-06-02 11:22:48,2017-06-05 17:07:27,2017-06-13,e8e151e6ba01d9cb54910330d3b2b62c,2017-05-31
0437be9eb5f6b26660f0b5eafd1b1994,a7a934605f3dac72b390478c3b14c0b4,delivered,2018-01-03 16:27:07,2018-01-03 16:37:23,2018-01-04 22:19:24,2018-01-09 22:15:38,2018-02-01,0724e62851ab8f4d61908341b6ec6a3d,2018-01-03
da457b4ddaf967a69db8285ff1c2dfc7,b015c1b1b0b5b53f9010f8b7d95d6332,delivered,2018-07-20 02:50:44,2018-07-21 04:05:18,2018-07-21 09:02:00,2018-07-27 19:48:33,2018-08-07,050d050af169f87216bbe2475815112c,2018-07-20
d5b95703830a61c73251a8a3dcdb9772,f5e0ab2456c5103030eafd1ab05b6504,delivered,2017-08-16 16:13:30,2017-08-16 17:30:23,2017-08-25 20:00:00,2017-09-13 18:42:09,2017-09-19,61d01e393539dc80cd54323334661b7a,2017-08-16
fd0a7f56ae1f27e542b1e79d763c0a75,c6ba83728a953388b88207bd5aa157c8,delivered,2018-04-11 19:25:58,2018-04-12 16:09:38,2018-04-20 19:06:36,2018-05-03 17:34:43,2018-05-10,75f6706958e1b5d054bb9681a5aa1736,2018-04-11
db6c095056b5da4803c583864324fd9f,8362e05cfc104bf0ffea57d1e58fe672,delivered,2017-04-19 18:16:57,2017-04-19 18:30:08,2017-04-20 12:47:47,2017-05-10 09:54:41,2017-05-17,945f409f3002511d41158d154c17b45e,2017-04-19
bb4d578c23506bbef7d3cd919028a8d1,faf2138d43e5c5d2a151499ca53b01bd,delivered,2017-11-24 13:48:48,2017-11-24 16:13:35,2017-12-02 00:03:02,2017-12-08 09:37:14,2017-12-18,69146eab181f5312b160c7a32e3b74ae,2017-11-24
724851759f03251eb3a9e209916f07db,17d32607b69ff5f17724566ff49aa9fd,delivered,2017-07-21 12:05:51,2017-07-21 12:23:05,2017-07-21 17:22:28,2017-08-04 17:42:37,2017-08-14,049bbdf2bfe5ec506d815c4b4c67695e,2017-07-21
44cb884118c81bf6db2f43cf11ab63d6,99c0abffb5110160b9da888d3cd4de9c,delivered,2018-02-14 18:04:44,2018-02-16 07:55:48,2018-02-19 16:19:00,2018-03-10 10:34:29,2018-03-22,5b881f1b0bea55f5933b61c9a99c9ecc,2018-02-14
ff46263ff739ee2c14bc41c6508dcb6c,fff212062d600f2e1d53f3c5d4a25138,delivered,2018-08-13 20:39:38,2018-08-13 20:50:17,2018-08-14 15:37:00,2018-08-21 16:11:54,2018-08-22,a4088da2ae451b8effea80bc96d363dc,2018-08-13
37a5627c7451cf77174dbb624b22f8d4,26696cdfe4c66b1abbb78c250b2e9cd5,delivered,2017-12-26 08:24:57,2017-12-27 04:07:42,2017-12-28 17:23:31,2018-01-03 21:58:55,2018-01-16,097c970d4d48da9a92847e353c8f1686,2017-12-26
9de65156d923c62015d982bd3f6ade9b,b71cd39228d8554a93375e867f35e724,delivered,2018-02-28 09:42:13,2018-03-03 02:49:38,2018-03-08 18:19:45,2018-03-22 21:32:09,2018-03-22,12613f1b2693e38c011a5c20a9e2f2a8,2018-02-28
a8157021c43ddac1d78ba046ef2f48d8,4790beeeeda78182ce23416fe57179fb,delivered,2017-12-19 11:37:00,2017-12-20 06:57:38,2017-12-20 19:42:17,2017-12-26 17:42:09,2018-01-15,0f1bd80ed58b9d0f45dca1bb396d8ac9,2017-12-19
756d62fd1519d390705464ab14c102a8,5b2ab0a41dc14a97c98e9e0b16a01cc0,delivered,2018-07-01 13:24:37,2018-07-01 13:35:10,2018-07-04 14:46:00,2018-07-11 23:17:42,2018-07-25,a1f00902373679140635c06cf680d78a,2018-07-01
529c56bdb881d790cc51c6eea4f7b004,9c964fe94972e8d6ee8498dd08d47b09,delivered,2017-01-24 22:38:56,2017-01-24 22:50:17,2017-01-26 05:51:31,2017-02-11 05:58:00,2017-03-13,73252a53d6a47f20fa67b7a56f7771f5,2017-01-24
e422d0e263d60b29075b7369ade6ace3,fe05de675b51ae8cf1f8d9943f0a76f9,delivered,2017-11-08 17:56:12,2017-11-10 03:07:19,2017-11-17 19:45:48,2017-11-29 15:28:52,2017-11-28,4bac0dc665a22611249e258c819b8ec7,2017-11-08
e57c5c4eb04e271f8cb3de347b910287,4490fd213fb26eb6d996653707721726,delivered,2018-07-31 15:42:30,2018-07-31 17:00:17,2018-07-31 15:50:00,2018-08-08 00:08:45,2018-08-17,bb236796f6b27d12eecf6466717aa4a0,2018-07-31
9f94f384a3324ab1c20916878324c3e6,f5a4449e21c1a59072c9258639e55776,delivered,2017-04-16 18:50:44,2017-04-16 19:02:00,2017-04-27 15:05:26,2017-05-09 14:07:50,2017-05-24,d3650e80a21e478bcf9d0c3214879248,2017-04-16
0fb352660f2116aecdfb1f2644b5c061,49b81dbcc4f425cf74e99577b3e847a9,delivered,2017-12-28 10:31:00,2017-12-28 10:46:34,2018-01-02 19:34:02,2018-01-09 22:54:48,2018-01-24,666ba622bf9a4bf29cae4ab390570fb6,2017-12-28
6ad644c08b98d152d28f183097633d41,8b822fa56bbe10f4f14af6500eeed98b,delivered,2016-10-08 04:01:53,2016-10-08 05:07:44,2016-10-15 10:13:50,2016-10-20 21:12:42,2016-11-30,247c8264f852b34cd3124aec69332a9e,2016-10-08
10251ca016384afb8d4954da5fb3b419,0d647c9d0665a42436b1286bce3163e6,delivered,2018-07-27 20:37:12,2018-07-27 20:50:10,2018-07-30 15:16:00,2018-08-06 22:03:34,2018-08-31,fb7a109ee7860f4abed0072c7b43f8a5,2018-07-27
26f48bf7cbe8a240db0273cdcfaba9b2,9bf6e9e2b2991e939e0309fa5b8016fd,delivered,2017-03-04 17:07:13,2017-03-04 17:15:11,2017-03-06 14:20:58,2017-03-10 14:22:57,2017-03-23,3d6629d2cb2da72cc86c811071f50ddd,2017-03-04
33c8e151a9c5f165f7b4e39ad4a91164,51dfe576cb8af5ddd2c0948224b6da8f,delivered,2017-11-26 21:19:07,2017-11-26 21:33:27,2017-11-28 19:17:58,2017-12-06 01:19:06,2017-12-18,e84e90e6f44f4a1b1b0047e6ab6216ec,2017-11-26
c8f63be082f4089d15558376d18c77e7,dda2b235f786aea49bed5e3618840666,delivered,2017-11-21 15:17:02,2017-11-23 02:47:38,2017-11-23 23:04:54,2017-11-28 23:18:23,2017-12-07,71772b0d7af510d23c2a110e0c87c1fd,2017-11-21
fedc85bb24209961b595782f2c259c4a,88e4656913cfc0cfa42387adf279d55f,delivered,2018-06-19 19:13:56,2018-06-19 19:36:05,2018-06-20 08:47:00,2018-07-31 20:36:42,2018-07-19,b08dab437305f4b7b93c7b2f9b00a177,2018-06-19
2e1205ef23c9d6445449283ddfe660ad,6c8dc19e9aa79a2c4fe646270a690ee1,delivered,2018-08-14 18:06:34,2018-08-14 18:45:10,2018-08-15 13:39:00,2018-08-21 21:31:56,2018-09-14,322c98d05796e724d38e35a11c5e0b5b,2018-08-14
4fa562ccf4105ec42bf3934fcaf418ed,1388e1cc63c2fa01f850f63372eb3737,delivered,2018-05-24 16:17:48,2018-05-24 18:22:27,2018-05-25 15:56:00,2018-06-05 01:59:33,2018-06-21,15e4c7c20b79fcad58b0010d4eae87b0,2018-05-24
40a496e18a46349487b125eda0d0c288,91ff3b136fe639257e936a20b549dea0,delivered,2018-04-21 11:59:45,2018-04-24 18:38:56,2018-04-24 22:08:41,2018-05-09 00:11:20,2018-05-22,6be30fc9234582d9dfdbe8fa06f0d44e,2018-04-21
63bd0403bf8eb2bb94cdcf79ce0e5ebb,d0918bc69be2f249f9105e579fa5bab9,delivered,2017-08-13 00:20:21,2017-08-13 00:30:13,2017-08-14 13:37:46,2017-08-17 17:17:34,2017-09-01,7b8637d830cbfdecb836c1ea12548d30,2017-08-13
dd29da5b9bd433b33344a6263b0bb3ae,5ee182d6d7f615689babec22e9fec9f3,delivered,2018-03-03 17:27:37,2018-03-03 18:00:22,2018-03-05 22:08:21,2018-03-06 14:46:39,2018-03-15,739ce3b19b896c04a46e32932fceacea,2018-03-03
6cbc2c3a5ded4eb0fed3a011b02c6eeb,dced0cc0cebc0baa44511a39ec893189,delivered,2018-08-27 09:08:47,2018-08-28 04:04:05,2018-08-28 12:56:00,2018-08-30 23:12:25,2018-08-30,6a8721efbaba71eb10c13a89c2e44c9b,2018-08-27
e2c195168dcfb7f5465c1b342ac094ee,61a7c7e572b59b43e4949306cc785b67,delivered,2017-10-03 12:18:28,2017-10-03 12:35:18,2017-10-04 17:14:40,2017-10-10 19:08:17,2017-11-07,856cfe0bdb5bc7fad4061781400c54da,2017-10-03
b32f983236155d045dccb6dfe9d71dda,cac2ad59ce72f3c3ef20a94dd02f8a54,delivered,2018-01-23 14:54:02,2018-01-23 15:12:52,2018-01-26 16:53:13,2018-01-31 16:33:45,2018-02-15,94e3edb585d81d28b79912c0152fece6,2018-01-23
56eb83c381de8a63428ca988db654080,36c3a3fb83889124506b598b3e7a20c5,delivered,2017-07-06 10:39:10,2017-07-06 10:50:15,2017-07-11 11:52:50,2017-07-17 18:15:07,2017-07-28,2de0cdf63748170f29175fb45c24e5be,2017-07-06
a994e6b51de39d9a263918e2b37c859e,31c11dc04a7d1ebdedc4cdb2571b289c,delivered,2017-03-18 15:15:05,2017-03-18 15:15:05,2017-03-20 09:06:14,2017-03-27 16:00:16,2017-04-10,b963d9e2272480931db1d193026794c6,2017-03-18
22849055311b7748c424a30367967406,41a429938256faeaaacd3c5003c81602,delivered,2017-03-21 14:28:53,2017-03-21 14:28:53,2017-03-23 16:14:26,2017-03-28 17:03:10,2017-04-11,3de699b5956a141f546f4f4afe1d279e,2017-03-21
f323bb8ea0778da8d42a6de6499edb87,10040f52d3ff7967bd8f5e08b3a38e22,delivered,2017-03-07 16:37:23,2017-03-09 02:46:07,2017-03-10 12:18:07,2017-03-30 11:05:59,2017-03-30,e54b1417cf0c79b3b222a16931b0343c,2017-03-07
0d4947e726ae3959a6cc28979ab632a2,3bbbf089a6d913378b28cc1849c98b7e,delivered,2018-01-11 20:33:22,2018-01-11 20:47:50,2018-01-13 02:43:05,2018-01-26 11:46:56,2018-02-06,f74eaed533215c3f83c9a134eeeda378,2018-01-11
55101b36a58251926b6cbfdb540c0461,d5d8b3a49845e7291be73ad610ee09e4,delivered,2018-05-13 21:38:39,2018-05-13 21:52:33,2018-05-15 08:21:00,2018-05-30 15:03:42,2018-05-30,35a412904ddbb1be0734bfe8dc2c6796,2018-05-13
1597b20b2beabd6db9dcc126b74bd21b,217f46422137f2116d050d1c02e924a1,delivered,2017-12-18 11:01:21,2017-12-18 12:41:29,2017-12-18 21:12:47,2017-12-23 15:30:08,2018-01-15,b54c164238a6863b7435760c7ffb15b7,2017-12-18
b8f7f9df1e5bf679e78dbf66146a39e3,f9025103c99f5cce0da8705a6d5b548a,delivered,2017-12-07 17:12:06,2017-12-08 02:54:12,2017-12-11 21:38:42,2017-12-19 17:34:30,2018-01-11,2a253d7dc6aa130546950a79ea0267e9,2017-12-07
bee3c772bf29c9b56628b4fc2206fc9a,5134e48a9265050e6884f2c44752a4d5,delivered,2018-05-25 21:15:11,2018-05-25 21:37:30,2018-05-29 15:01:00,2018-06-02 13:51:55,2018-07-05,2648d5dabcdc495ecc24da5bf00bb9a7,2018-05-25
6eb14a9fb7ce26c557bcf1e0f3eda606,d0b0d73f1abce4934ef0895fed3726d7,delivered,2017-07-16 20:23:06,2017-07-16 20:35:10,2017-07-18 15:38:35,2017-07-24 14:27:45,2017-08-04,38129f4e081e047f1253f08e46f38b5b,2017-07-16
96546cd9fabb272850cb06f473cdeaeb,9069eaf7acb0e3960f09b27b04c3011f,delivered,2017-11-01 19:45:22,2017-11-01 20:31:14,2017-11-06 19:28:45,2017-11-09 21:21:30,2017-11-22,59d942400cce7ef9f2f2cf6ee4df6c05,2017-11-01
2f6492ebb2badd06db511b63ae7d7f55,0ffc8e8c374a394b0715d65963d641f1,canceled,2018-01-20 14:59:28,2018-01-20 15:22:02,2018-01-22 17:09:37,,2018-02-20,c2381f1b95054dc25eb7e2da7c50fa52,2018-01-20
6db7e4442de05056ba045dde1f9cd9a2,67e84fa925f3a03fec2e363a72432552,delivered,2018-02-01 21:45:16,2018-02-01 22:12:08,2018-02-06 19:58:32,2018-02-21 19:32:58,2018-03-02,a99697757b492ec1b8cdc2f245d9d116,2018-02-01
8a27647dc5f71b1eda4620983e89334c,a4f88a770cb2bd3e167bbec6264e7e3d,delivered,2018-08-16 16:05:01,2018-08-16 16:15:18,2018-08-17 14:49:00,2018-08-28 16:07:32,2018-09-04,27eecff5a6338f7c36c78ad05eacc575,2018-08-16
c3161a99d341124cd73a499963ac3a53,683a5dc0ad540f0dd32d41d704bebfcb,delivered,2017-11-10 10:25:55,2017-11-11 02:46:43,2017-11-14 21:48:44,2017-11-18 16:26:52,2017-11-24,caf1bfa19496de5265770bac33685870,2017-11-10
bfad9ff42484f9e0224948d1e17ec2d5,32b6e75467a383fecae5655d01dfd92a,delivered,2018-05-13 19:05:44,2018-05-13 19:15:20,2018-05-14 12:49:00,2018-05-18 16:23:02,2018-05-30,325212fbe9d8025f529a43b69fcd3faa,2018-05-13
32c89e20288914a5f7feb879cbb0fac1,2974a6e2368bd4d649bad949c033ea0c,delivered,2018-04-05 14:35:51,2018-04-06 03:15:27,2018-04-11 17:38:25,2018-04-18 23:50:35,2018-05-07,ede7fe55b5511e9940b4821e1bfb555c,2018-04-05
a89d45c2ef9d31cd498cd77bd73afde8,af3ca540cd35d162185fbab3e70ad17c,delivered,2018-05-12 19:43:22,2018-05-12 19:56:49,2018-05-14 14:08:00,2018-05-21 19:58:46,2018-06-21,cd3a3f2bae9571ceb7cffc8e1575bd53,2018-05-12
341d0ee42d08b192c88aaa1c360f97e9,b5e852d38cb35637d6e92026a54bc952,delivered,2017-11-29 12:07:47,2017-11-29 12:19:01,2017-12-01 15:39:04,2018-01-03 18:09:00,2017-12-22,a4ac3300d35270a6f46218702e1a36ba,2017-11-29
1b27a0faae4a248229a7037964a710e3,03204f6fad6975a956d068ef0b8e3f5e,delivered,2017-09-10 15:41:23,2017-09-10 15:55:21,2017-09-13 20:55:28,2017-09-28 10:52:32,2017-10-09,21156936f0115390c059738011d9c4f1,2017-09-10
e212133c649bc2cb01579ef9fff04e63,507d1024879edd1c023eaad3cc4392fc,delivered,2018-01-15 11:55:00,2018-01-15 12:34:30,2018-01-17 15:09:23,2018-01-24 21:46:43,2018-02-19,e77b6fbb0e90fcbc1eb3b91829ad99f7,2018-01-15
a8957020fc3e51e6dcc4e8b13a5af428,0293f0ef4b3402822f7e5304469f34ff,delivered,2018-02-21 12:31:46,2018-02-21 12:50:20,2018-02-22 20:45:27,2018-02-23 13:44:25,2018-03-08,285e92182b75afe3123897ecaf02f253,2018-02-21
2f9e8d64d770c904151499dd92659043,d44c7e6687e65f6232ac9fdf73dd3b66,delivered,2018-05-17 16:40:12,2018-05-17 19:34:26,2018-05-18 09:16:00,2018-06-14 21:07:15,2018-06-04,8cd686a71587a582a710f028ea2ea506,2018-05-17
3742355faff03505219c427b01919e0b,f6a35b826a976df2af454116f8c1a5b4,delivered,2018-08-09 12:52:57,2018-08-09 14:35:22,2018-08-10 13:44:00,2018-08-20 20:18:26,2018-08-28,fe7cac6f25adea52658b24825562eb8f,2018-08-09
5b71035c88f2a3897eb7f0f73edb3f33,aa806755bf5b7c312a0243ef100e547c,delivered,2017-09-21 09:43:31,2017-09-21 09:55:15,2017-09-27 17:25:31,2017-10-09 22:16:39,2017-10-25,dbcaa85549e75eb5041ea943df551745,2017-09-21
951f737376475cd4b02bca8286f30a29,9275f5b33d5af663f27c080ad4113931,delivered,2018-03-04 19:11:08,2018-03-04 19:28:29,2018-03-06 23:35:19,2018-03-27 18:45:44,2018-03-21,356b484f2e7259f529ead5a4dcb84fbd,2018-03-04
6ee27e2aa69517789049416f0c9d4580,ed7fc88b987e2d756555740de689f3a9,delivered,2018-01-21 21:10:44,2018-01-23 03:37:24,2018-01-23 23:42:13,2018-02-16 16:35:31,2018-02-21,5520bcb0fa1e3db5b4e52c6183e1c25f,2018-01-21
078db7c551c5b6a107ba6d586a13f14d,04e93f286b7920c82dc1a31240255ee6,delivered,2018-05-21 19:22:22,2018-05-21 20:55:06,2018-05-22 13:32:00,2018-05-23 17:32:16,2018-05-29,27d79cba68ba1f1873245f9d1c45b0e0,2018-05-21
6342ecba383e08880d3af0144afc7a40,f17ba9b74a4b4ee418c1077e6b363b3c,delivered,2017-12-15 12:21:14,2017-12-15 12:32:56,2017-12-19 19:42:09,2017-12-28 19:43:13,2018-01-10,aea1ccbc3f29445178036e658e686eb1,2017-12-15
eee368ec94b69377549076404e92eede,288f4f9c90d537bdcc404781e5b772f8,delivered,2018-03-19 18:56:40,2018-03-20 03:49:04,2018-03-20 20:27:43,2018-03-21 21:07:22,2018-03-29,453d2b22a6d0a84e2ab99970f9c9761b,2018-03-19
401de49ffa73d6f2b442357b6c84beab,5bbcc15d904dc2a712f68a09e1a53187,delivered,2018-07-02 16:44:40,2018-07-02 17:11:05,2018-07-03 13:51:00,2018-07-09 12:42:05,2018-08-01,4628646dd37cf8af141b0a093ff073ed,2018-07-02
e7519cd023554b4884a8df704a4ed7b9,f47a6c9be5aca47f6f42d1387aef8f26,delivered,2017-09-18 23:24:18,2017-09-18 23:36:35,2017-10-02 14:51:56,2017-10-13 18:22:26,2017-10-06,1dd5f1cf89064316bd470d2c19f9ed61,2017-09-18
2be14bfbd7aa00107ece493cbbcc29f0,1a3e662389c7b8b69c4b59a8b07df75e,delivered,2017-11-16 12:12:37,2017-11-16 12:50:42,2017-11-21 17:03:54,2017-12-05 19:58:55,2017-11-30,8945fdd252616652ec0fc1bd55d8c125,2017-11-16
30cf02a409922ad0e5c0f683ad9c45f0,0be39985ec47a13a76f780957f516a6c,delivered,2018-01-10 14:51:16,2018-01-11 10:08:35,2018-01-11 19:08:19,2018-01-25 20:48:36,2018-02-16,7ca6cb8e0b3525be15fb2ade182d7c35,2018-01-10
d339c9a9c019e5beaf1cafb6cf77a23c,d47938597c090244539476d45ba3c238,delivered,2017-09-04 17:56:16,2017-09-06 02:45:10,2017-09-11 20:54:36,2017-09-14 18:27:22,2017-09-21,4bc0f4ad75a4b0e3284d0788d8fa18da,2017-09-04
4b71d0c2069bff9ed09d410833e104c0,9a52414431ab1b516acea1e0f953c6a1,delivered,2018-06-21 11:32:50,2018-06-21 11:58:50,2018-07-05 09:29:00,2018-07-09 21:49:36,2018-07-18,811aeaa2693a92f00fa1d7e92a2e5910,2018-06-21
3891818a949d667ca119b3567b52363d,7e265cfd79bbf7855fef7f22b2d0a01c,delivered,2018-06-25 09:21:48,2018-06-25 09:35:24,2018-06-28 14:42:00,2018-07-03 16:42:18,2018-07-20,1dfd7e9fb5ab41c3bac1a4e1229683a2,2018-06-25
c6f11a51ee3384a11e50cc55dc685c24,52f41b570c31d5f465eea3427b30334e,delivered,2018-08-15 14:02:44,2018-08-15 14:24:18,2018-08-15 13:56:00,2018-08-21 10:15:44,2018-08-28,fc0334b0e1e56824d1886ffc4b7d2f36,2018-08-15
42a05f75800f7b2f57f1c57a63955911,ff9f37a06f82b3db748599da8b08eb66,delivered,2017-10-05 10:35:03,2017-10-07 02:28:21,2017-10-10 20:41:05,2017-10-18 00:34:46,2017-11-01,01202da9afa875bce3de24c92b764099,2017-10-05
ad2a607cb972296b63c687849e21dd34,a93aaf1f50fd874a8d2cf3413cc2a9f3,delivered,2018-03-20 12:46:43,2018-03-20 12:56:39,2018-03-27 19:28:02,2018-05-04 13:06:54,2018-04-19,151dd9cf0af37b5bdd489ab4812679a9,2018-03-20
663f241698c041a1ca4f0b713327f0b0,cecece2ac5dd78d206efb4d9acafcb78,delivered,2017-05-14 17:06:09,2017-05-14 17:15:20,2017-05-19 09:12:39,2017-05-22 11:26:46,2017-05-26,df9925de02929a0d95219dd14fe2fdf1,2017-05-14
2e4f64ec18ffd417ac0225cb9a48090e,7c7b64592be01079162017ef22e15f29,delivered,2018-04-30 12:17:50,2018-04-30 12:32:35,2018-04-30 15:14:00,2018-05-09 22:21:02,2018-05-23,b50696509a8f6bbd7bb46ae4604d5600,2018-04-30
e7d1cbc138189b71137ee7031026b62e,0c08fe96c0e03914e28fb8678c66983c,delivered,2018-04-21 18:11:49,2018-04-24 18:59:35,2018-04-24 17:04:18,2018-04-30 22:05:24,2018-05-15,de58375cb90c1b8387549427023e05d0,2018-04-21
063009988101940b4392ba9b2f2ca112,c2b7c8b9844ce8239986985f4711fe6b,delivered,2018-03-13 13:36:34,2018-03-14 02:49:04,2018-03-21 22:52:33,2018-04-03 01:06:53,2018-04-05,268c76cfd8c07d089e62433b6a9e60a3,2018-03-13
0260196efc012b1f83d543ba8220d0ee,bbaeaf6810cf76b8fd38e746520c7d3f,delivered,2018-07-21 21:53:08,2018-07-21 22:05:13,2018-07-23 15:44:00,2018-07-27 15:48:47,2018-08-07,e961aba0dbef8eec5dd1e8e43a20fcf9,2018-07-21
557feacb7d186d0cacec3e801d38fc8f,46b876ce0c7611ab7ae7c2b39e154f6f,delivered,2018-01-08 13:00:00,2018-01-09 07:21:32,2018-01-09 21:24:02,2018-01-11 13:03:10,2018-01-31,317f7c23f9429892d053f233f72b4835,2018-01-08
c4ed5db53397cdd0f24bb4ba48f769f8,b965b22eb0be25b8a06e11e390c4ffb8,delivered,2017-06-22 22:14:08,2017-06-22 22:25:18,2017-06-23 11:09:17,2017-06-26 16:57:54,2017-07-05,51888dc2073cdc153ece50f699ab8ec7,2017-06-22
2244971aed08bfbb95048f08fbb5076a,0b1cfa043d7b3c657583172cfdcfee59,delivered,2017-04-12 11:35:01,2017-04-12 11:45:09,2017-04-20 15:12:38,2017-04-27 08:27:58,2017-05-08,ac41608fab2f3cb75e39404ebbde704a,2017-04-12
2e3889d3a9c61df9a9e1c64f566c6aea,531d4165aa0c1d4fca04d116190313ce,delivered,2017-02-28 15:22:46,2017-02-28 19:17:59,2017-03-03 14:21:21,2017-03-18 13:07:51,2017-03-20,b1c38836e338c83451c86b61f43b54ed,2017-02-28
46aecd246f390bf2157edfeed11b5433,45b73da5b4052e86fc997f0716ff2bb7,delivered,2017-09-14 09:36:29,2017-09-14 09:50:19,2017-09-14 20:03:47,2017-10-03 18:33:06,2017-10-27,b38bb7117eb1459eb63297a34a5ddff3,2017-09-14
43443d5fff4b94d98df1ad41af13d302,a4f79cbf59e901cebcf236354f947b64,delivered,2017-02-13 22:09:21,2017-02-13 22:23:02,2017-02-15 08:23:45,2017-03-03 06:48:46,2017-03-17,85f759383b36fc0ce9844aecac8b8117,2017-02-13
3d6298d6f28bd5a6ce39be4faef068c8,0a0a7db3f0b06e9fd2888ebab0f8a694,delivered,2018-05-06 12:12:44,2018-05-07 16:12:38,2018-05-09 14:51:00,2018-05-30 22:34:49,2018-06-01,ee568389580761e3d6965d5770ff2c00,2018-05-06
bc7ea7bd7ca4a182ca5306633dd96152,00a572d0c25a9ea5e283ea2da267ba8d,delivered,2018-04-02 22:05:00,2018-04-02 22:35:50,2018-04-04 12:41:51,2018-04-10 21:12:23,2018-04-18,a5d931bbaafdee2e1fd7353cf0c31f05,2018-04-02
eaf268a56531587a742f3fc5590999b1,1e617abc89da2e263995e6a978758250,delivered,2018-05-07 16:51:25,2018-05-08 17:12:14,2018-05-10 18:29:00,2018-05-21 21:56:43,2018-05-28,bae5c8e9b93a8500aaf38c74efccc6d5,2018-05-07
c9af854c75c421e3b6f3de0336c7fe65,d8b137e462d7f9a924b30933c057a539,delivered,2018-06-19 11:09:12,2018-06-19 11:35:13,2018-06-21 18:50:00,2018-06-22 13:31:55,2018-06-29,9a6a49b8ad355374b22027a1e66375d1,2018-06-19
9cc4ea682d63b102c5b7d5cccae73748,493fafc21c37974fbab32c80cfcfb11f,delivered,2018-06-21 19:36:26,2018-06-21 19:58:30,2018-06-22 10:36:00,2018-06-28 12:27:35,2018-07-23,7b604c727b4f6e033f95ec431a065890,2018-06-21
c57edd0a24c02e38a5f007804662589b,d4f32ed4a4528ef7aa29aec2fc65eae1,delivered,2017-04-01 20:56:17,2017-04-01 21:05:22,2017-04-05 12:42:52,2017-04-11 14:55:38,2017-05-11,905b4b5e62e7a1d4675891494f6ea508,2017-04-01
231184521047214c5f9a91d0cfa84df5,60771df062a0d182e11594d325a3ed8f,delivered,2017-10-14 08:48:32,2017-10-14 09:05:46,2017-10-19 20:50:20,2017-10-30 16:22:50,2017-11-01,7e2cbfaa3c4cba104bc67afb721d62ec,2017-10-14
3cce272fa362fe558667d1ae4a48d16c,16873b934465481446d55f0e957b5e01,delivered,2018-04-11 15:42:28,2018-04-13 02:15:31,2018-04-18 00:28:37,2018-04-18 16:18:36,2018-04-26,115030e27b9970683ad81cb05679157c,2018-04-11
e3d211011fde3f5b8aaf8ecd42c4eed0,5847e99488af8b6725f64b1d888a79d4,delivered,2017-05-01 18:25:20,2017-05-01 18:35:13,2017-05-02 14:11:07,2017-05-04 17:34:52,2017-05-23,451744de7d49858dcb06bbf86602572b,2017-05-01
ed999ce173fe6a6fd20cb8c85bd2342f,1fc4e70da2f37f99aebb070705e8267b,delivered,2017-11-11 20:33:55,2017-11-11 20:50:56,2017-11-17 12:03:02,2017-11-23 18:03:26,2017-12-11,efebfca0b7dabdb4172ae850065b0231,2017-11-11
cc314d5b6f097bc753f74683b141fd3b,4d13db4c9b64c9a153c4cf554ae146f5,delivered,2017-11-11 13:26:32,2017-11-11 13:46:12,2017-11-14 21:39:08,2017-11-24 18:13:07,2017-11-27,56e81da4480d1d95cece250d5c5d7173,2017-11-11
1b9f098d737d935f7db04ff053f529be,2f434a46bae1256314ee1f13056cd5cb,delivered,2018-02-21 20:21:57,2018-02-21 20:35:32,2018-02-22 22:56:53,2018-03-23 21:54:38,2018-03-22,5502657b0ff08fb6eee367fb51972d07,2018-02-21
a8bbfc92aa07f8d418960d1afcaad4c2,3f80d31744ca18a1d9d917ed02659cd8,delivered,2018-05-17 18:51:22,2018-05-18 18:58:17,2018-05-21 15:21:00,2018-06-05 13:34:58,2018-06-05,04df65bf8cfc1410cb2c66cd6d9be4b9,2018-05-17
b086c1a7c7ed350b2faeb2869ac483ec,1ce32b754efb922a7fe5f88d2ab49062,delivered,2018-04-12 16:17:51,2018-04-12 16:33:13,2018-04-18 19:54:45,2018-04-20 12:11:59,2018-05-07,81fcb1b3fcc6236b3ea0f8a4683cd1d1,2018-04-12
c230f6e954ab2b2aed5ad7458d539258,83398e1c675b19d3356e5db8a6e36fe9,delivered,2017-09-24 18:11:31,2017-09-26 03:35:42,2017-09-27 13:19:55,2017-10-03 20:53:54,2017-10-17,20953499c64c73cd9cb775731994e320,2017-09-24
1567393726edacf3d6b548daa7a34475,f752eb5ad4ba2692fc58c43a8c420c8a,delivered,2018-03-29 10:41:51,2018-03-29 10:55:14,2018-04-04 14:22:08,2018-04-11 17:08:44,2018-05-02,1264853e094332e112b65c8ae2ad6913,2018-03-29
f4644597165c84bebe72a057c53a0698,81bf164bdfd3c3c8367945888f18f05a,delivered,2017-10-17 19:22:58,2017-10-17 19:36:46,2017-10-20 16:10:04,2017-11-09 13:42:10,2017-11-14,ab565ab96ec57b4fb15e8ca2843f0594,2017-10-17
904b5a31ae9ef2b1a3afa6c13b15c2cc,fc70a16ef4c1c733f42e776ff0a980fa,delivered,2018-06-20 07:40:49,2018-06-20 07:58:14,2018-06-21 14:17:00,2018-06-25 15:53:48,2018-07-19,2d7d65d5f4c5727c3c8630f5de2de690,2018-06-20
721ba0a3a5e7b741323fd37db5e04efe,e41df38e44405433beb499b662d899e9,delivered,2017-07-18 11:56:57,2017-07-19 03:50:16,2017-07-24 15:43:58,2017-07-26 10:22:25,2017-07-31,c49f745848e9d7bdb43974ed29a45190,2017-07-18
b298fd28139da45209ed96d965b7a1ad,41005552ba23cc2ae6e28c8751f02f42,delivered,2017-12-11 16:01:06,2017-12-13 19:18:21,2017-12-14 23:05:06,2018-01-08 14:10:24,2018-01-09,afb8666eb82bc5098caa0c3476482d39,2017-12-11
4cce769b9c107aa99a5418c1104e0a17,39971a351f2ce2a0fea4be0373b807a3,delivered,2018-05-11 11:23:55,2018-05-11 11:37:33,2018-05-11 15:16:00,2018-05-14 22:19:45,2018-05-30,b3e7988c2d227cb7c82430c912ef60ae,2018-05-11
55a49914f37572b70e7d0e1fb09f0b1e,503d3a02e4c3308479e46426931c73dc,delivered,2017-04-08 18:32:07,2017-04-11 03:55:22,2017-04-12 15:09:25,2017-04-20 17:53:09,2017-05-04,70617f8d54d3ef89ba713db74b6dd5ac,2017-04-08
0e947809a364825d9cd3af9fe3197074,7c86a90121d1ec392ec94d54a5ca4098,delivered,2018-07-30 12:19:23,2018-07-30 19:32:13,2018-07-31 12:17:00,2018-08-07 02:08:48,2018-08-17,d5a41b2df23f0262b667fc710a05a8ab,2018-07-30
340f6a494c2beb062b582296fa626746,4fd59a5a2e0539e43a8cff7d4bb510a2,delivered,2017-07-07 15:55:02,2017-07-08 03:30:46,2017-07-10 19:07:41,2017-07-18 19:04:01,2017-07-31,91a810c7db330d83c65f85b6851c0ecd,2017-07-07
7c449e89499b19ca6b1904f9751e3925,48c8046eb790bd7fca3ac08eba9790f3,delivered,2018-03-24 17:52:51,2018-03-24 18:08:03,2018-03-27 23:39:11,2018-04-04 10:51:48,2018-04-24,8d1e5062390d104c9804b494a40b0831,2018-03-24
717f4581cd1688ffb536d815e2636d10,8ff38f870d1359ab0c37bc7ae1feb8f1,delivered,2017-12-10 00:59:45,2017-12-10 01:31:02,2017-12-11 17:14:02,2018-01-05 14:18:13,2018-01-22,2433480de3a1753fa8b5b1227ce6c0b4,2017-12-10
8f28ec50f5b8025bd728c535fbd7eacd,cbd97d7b036a5039e4b48265b7a7a310,delivered,2017-04-26 14:23:00,2017-04-26 14:35:08,2017-04-27 07:46:07,2017-05-26 09:39:53,2017-05-25,1a3da3e42697a3bb6dee21ca7cfe58c8,2017-04-26
81616c912848057e42d364c9d306ea92,94aaebb6f7ac595f63abf3f7027e0b46,delivered,2018-01-16 09:01:56,2018-01-17 03:35:47,2018-01-23 19:58:48,2018-01-30 22:27:49,2018-02-06,34fce72bc17394dc57f5589aa92078f8,2018-01-16
bae1ccf3fe7baf222a4240bab9c095ca,b7914f4692aa83f8c4cce8ed7a957634,delivered,2018-01-12 14:05:41,2018-01-12 14:18:26,2018-01-15 17:25:55,2018-01-22 21:33:50,2018-02-09,780af3a1af374a3ec871313e4bbf7acf,2018-01-12
260ae6dba7f42f9c5e74b4e76a922f08,3bb9222dd102c99c63fe9d16b47e985e,delivered,2017-09-12 06:22:08,2017-09-12 06:35:12,2017-09-12 22:02:52,2017-09-18 21:17:30,2017-09-28,e1f0d19a3a52e39bf6c5d319d9c2c7cb,2017-09-12
3a272f742a03e6f800cdc955ef4c173e,9b1aef0b92a783bd43d3798dca83d7da,delivered,2018-01-21 20:10:24,2018-01-22 13:58:26,2018-01-22 21:48:44,2018-01-29 22:10:26,2018-02-14,8f99c3c4a5b88689042c2e70b8477b93,2018-01-21
c6404ad1d7ca9a20609c6a3179e06293,f7aa2936b821e2ec5e7c9922f6375e6e,delivered,2018-03-26 23:22:17,2018-03-26 23:35:20,2018-03-27 22:15:30,2018-04-03 01:04:47,2018-04-12,9ff3ae8f4903e1f8c744a718f45ec759,2018-03-26
6eb1728e88c8db6cd1846dc95eb80572,e6b1bf9a73b24f204d6f88e2df206e22,delivered,2018-01-14 14:09:10,2018-01-14 14:16:30,2018-01-15 15:47:03,2018-01-20 12:48:15,2018-02-16,16057c553a0253c88667ba82747603a8,2018-01-14
528bb4626c94487b57c3d56f0d16eb2e,ac7e1664278c655fb99ef9965b4b5d97,delivered,2017-11-17 19:46:19,2017-11-17 21:40:29,2017-11-21 14:58:35,2017-11-24 21:38:49,2017-11-30,e4b0c221377278e6fd9ab241bae95283,2017-11-17
ecc7087acdf5c36b3e115a2638bcfb92,3d9838aa35223cdfddaaf348d93bc30b,delivered,2017-09-12 17:10:30,2017-09-12 17:30:11,2017-09-14 16:37:33,2017-09-19 17:52:21,2017-10-05,b6fe0f2162f40e22de11172e474ead60,2017-09-12
111cad04d7595482f30e12764539fcbc,9318d7ebeca20debca17481db66bfe65,delivered,2018-04-06 18:14:21,2018-04-06 18:29:20,2018-04-09 19:55:45,2018-04-11 22:08:31,2018-04-23,222e0b86b155d2652dedfd54262301bf,2018-04-06
e0d87dca2f843a0581d3fbcde874e712,d8f730e6bd5ec4e3ed7801e42bb2dd99,delivered,2017-06-28 10:08:29,2017-06-28 10:23:37,2017-06-29 11:59:51,2017-07-04 15:41:28,2017-07-18,22b8c68f32b228814016585fa5e3eea3,2017-06-28
c4c0c97655a014bae49ca6704a0a42a7,6fc7977f7a1c3cfe277eb0db5e7a17e8,delivered,2017-09-14 10:29:19,2017-09-14 10:45:09,2017-09-18 21:17:02,2017-09-25 19:25:03,2017-10-03,2534da0e9f0420cbc42312e2284555f1,2017-09-14
350e81ea69628f5c056e29e198b2f5a2,51f407d9c0d2379f49ad0d507c855193,delivered,2017-11-24 01:36:00,2017-11-24 10:32:02,2017-11-24 18:58:36,2017-11-27 21:52:53,2017-12-08,21b8eb5599a6aa6e18afd081fef1eb7d,2017-11-24
f726f658e548a5e6e7f2c8f4ee47d73f,0fcee0348735ecb82c1a60d021fa3ea4,delivered,2017-03-16 09:05:50,2017-03-16 09:05:50,2017-03-16 15:39:31,2017-03-27 09:28:01,2017-04-12,7cbfdb67d344d745e097fbb2a570c9e6,2017-03-16
34d2ba2c2fd661913febe4eee1648347,7cb655c040b27d290a7b3d7ef6a19ae5,delivered,2017-08-15 08:47:35,2017-08-15 09:03:54,2017-08-16 17:04:40,2017-08-21 19:43:49,2017-09-05,7cd701c984502ec8a013a3f1ecfb87de,2017-08-15
d437feefd975db4a8882cc7408b51033,51d5188f442c53066ebe0b69d43aaab7,delivered,2018-02-19 14:09:52,2018-02-19 14:27:28,2018-02-20 19:12:36,2018-03-06 16:18:51,2018-03-09,7dcb0ddd85fa092e8bbdbfeac6016be6,2018-02-19
4a6f0e75398881152007f6ab2d3f5159,2e457d0dfc95e440c3d8f70b5bb705d6,canceled,2018-06-10 09:04:06,2018-06-10 10:30:32,,,2018-07-03,ea055175806fa3e57abaf486ef8b3ccd,2018-06-10
4b67dcd830305032861498d405f10123,5dcf097f6df316f7d167dc7f7e3dd6ef,delivered,2017-02-08 19:44:53,2017-02-09 19:50:09,2017-02-13 01:35:49,2017-03-13 02:38:58,2017-03-21,d8b27909d8169a3c3a25323d4e5efabe,2017-02-08
8cb4c3b93d004ba346c01cbbc9cf5c73,01d7e86d9cc4c847baf866cf8f0d0536,delivered,2018-07-18 13:52:45,2018-07-18 14:05:18,2018-07-19 13:06:00,2018-07-27 19:27:44,2018-08-09,749c9ab52d7808c6cd6ea8a6dd960f55,2018-07-18
a8c02c01c51e3d93d9b19b9ef8b138ce,3ddd5247011462bb52172144aaa26052,delivered,2018-01-16 22:12:33,2018-01-16 22:30:04,2018-01-19 02:33:11,2018-01-28 16:54:25,2018-02-09,0470fa887a20e72b0d577348c9624dd9,2018-01-16
b13732c40c7e74c2d89c595fdfae8fa6,f4b9086f01c510bfacd581b2f59d6d0c,delivered,2018-07-13 14:48:56,2018-07-13 15:04:23,2018-07-16 14:55:00,2018-07-27 15:32:26,2018-08-07,e51df0c29d5cb32c4b1e0d8e63fa9232,2018-07-13
6e07f46972023a8c972489cd0278592f,f2398fd9c4b0ea26e4465a8f873ef3cf,delivered,2017-07-17 23:20:14,2017-07-18 00:35:15,2017-07-18 18:02:56,2017-07-24 19:33:23,2017-08-10,d5c57ef68597c21051c9d968e5aacf8e,2017-07-17
a5627a9678ad34e3b24d0ffaca3c2fec,73b3110454db067b84801e7d2901ef57,delivered,2018-02-04 12:18:42,2018-02-04 12:35:26,2018-02-06 18:52:54,2018-02-16 19:39:16,2018-03-06,825e98f2f68db0147a589f8a65735b9f,2018-02-04
33d8c67634709f6b46cfbe5f0c6cf88e,d3a7a36704090ddb74e8a33463964262,delivered,2018-04-06 08:33:56,2018-04-06 08:49:20,2018-04-09 15:19:12,2018-04-12 18:12:20,2018-04-27,de5f37a4f069c0fb5cf92fef24442f0c,2018-04-06
d687704e16072248fd77450d3d4b70d6,baa388ae8e98a56b80640f05b084938c,delivered,2017-04-29 19:29:16,2017-04-29 19:42:58,2017-05-03 09:20:37,2017-05-20 07:36:55,2017-06-09,fe966894d60cac0ffa8b1c94e0a7294a,2017-04-29
068d8eb8e288e07e76b3e86b4a793f31,8598a616116d5118a03195bc239aa7c2,delivered,2017-06-07 23:33:56,2017-06-07 23:45:17,2017-06-08 14:51:49,2017-06-19 12:04:53,2017-06-30,51a7bd3fa19e457748e22d7a3807ea70,2017-06-07
118184a28018553dd791eaf04d144f53,2ded692d49a6fa0bc7888c91a226f01a,delivered,2017-09-28 10:56:34,2017-09-29 02:31:00,2017-10-03 10:56:58,2017-10-06 12:34:46,2017-10-20,18ca74ba6ce1d67648dc269dd07c51e3,2017-09-28
0ccec03928b91e74f73a46d5b77c60e5,f34b16d1165d68d1fd046eaa0cc21faf,delivered,2017-07-12 23:19:29,2017-07-14 02:26:19,2017-07-14 19:12:16,2017-07-28 19:52:02,2017-08-03,72f10f5fdc4ce39523a5dff2a82ae99c,2017-07-12
ff81a4d6caf5a04e852149c674789478,a512cdca6c7aed26b77a3e7ec8bb1b1e,delivered,2018-04-24 18:02:40,2018-04-24 19:19:26,2018-04-25 11:47:00,2018-05-03 16:07:24,2018-05-09,d73d004de3aed3966af479e76177235f,2018-04-24
9e99d6f656fcb2d4a76e9455959cf62f,8c2cacdb29d403b18d70caabdad611bc,invoiced,2017-09-12 08:25:21,2017-09-12 08:35:15,,,2017-09-22,1cc37b4c19c3123181fb90336dc12f25,2017-09-12
4bdf67876c8033193a77066be8dad7db,48ce7d9bab9e6278fe04cdaa72f2cd16,delivered,2018-01-24 15:30:17,2018-01-24 15:58:11,2018-01-25 21:13:48,2018-02-02 18:41:48,2018-02-16,b564f7aa3cd22da6ccb1836c6f6cab36,2018-01-24
0add19297766bc00a177a9ae740554eb,96fbbe8005e67d382b0fc453a288be02,delivered,2018-04-01 22:50:57,2018-04-02 22:48:13,2018-04-05 20:49:46,2018-04-12 13:41:40,2018-04-18,8d153d12b59d763efeb3953822c51862,2018-04-01
a40078ea7fe9b53ed9111085c0e9de35,ac4481e756b60f32c809a56fc36471e9,delivered,2017-12-19 18:14:18,2017-12-21 02:12:50,2017-12-22 20:25:12,2018-01-09 20:51:14,2018-01-17,94b0e4bd4388699a0edf525edb0972f5,2017-12-19
58f06353c6da67c88b4a4641cef385b0,4ff4005a59f62227c1bca8e0d84f08f7,delivered,2017-09-18 17:20:34,2017-09-19 03:45:10,2017-09-19 14:24:08,2017-09-27 20:30:10,2017-10-05,20501a5c0c49dd3e41e22d1f59f5b076,2017-09-18
c68ab0a4c51b32f6b71496f4daac4e16,73a5749cd00eb3271a4e839d7c71ec9b,delivered,2017-03-16 08:08:52,2017-03-16 08:08:52,2017-03-16 09:17:25,2017-03-22 11:23:54,2017-04-10,6628a9b6bdbea1d7c6d1a3c22012eaf8,2017-03-16
d4b2647e5564c324255aa92e46dc3956,91b784717bc94a872bf5ab85e4c621e6,delivered,2017-08-22 13:09:32,2017-08-22 13:26:05,2017-08-25 12:23:39,2017-08-30 18:49:59,2017-09-15,3e2f408db5685c0b1fd084169248026d,2017-08-22
3f9e5f1ff83930fc1b3ad1300b4ad725,10baf140b1aeb0502d2353e144d75548,delivered,2018-04-25 20:32:20,2018-04-25 20:50:19,2018-04-27 15:39:00,2018-05-10 17:12:25,2018-05-28,4c1baee2c59853aa0a74790b8cbbeef5,2018-04-25
f3d59321333272553ea18350bf41946e,05e93cca1c74e73874334c765fddaacb,delivered,2017-03-12 08:42:37,2017-03-12 08:42:37,2017-03-14 09:52:02,2017-03-21 12:00:40,2017-04-03,86ab35210723614410d53dc142a4378f,2017-03-12
a9fd72b050d13c8473c0d9503ac493b8,b767290b393d66a2425ccec273e0718f,delivered,2018-01-10 14:45:12,2018-01-11 02:48:42,2018-01-17 18:00:11,2018-02-15 20:34:06,2018-02-08,c1add70afe3a61edb198b1e75730bce3,2018-01-10
ae8a60e4b03c5a4ba9ca0672c164b181,e6f959bf384d1d53b6d68826699bba12,delivered,2016-10-03 22:44:10,2016-10-04 10:28:25,2016-10-30 14:22:04,2016-11-03 14:04:50,2016-12-01,7390ed59fa1febbfda31a80b4318c8cb,2016-10-03
fa3c3ae82babb19297d2368150fa2929,8f826ddf72ed29e7b422d33d82e0d183,delivered,2018-07-25 21:40:41,2018-07-25 22:15:16,2018-07-26 14:44:00,2018-07-30 21:11:58,2018-08-14,c4dbc6ab9e1f0956b571a9e89dd78e75,2018-07-25
732f26c55f8366066c096f572cb73854,5ab2ebdcbf0d95ad1b8f479895d8b137,delivered,2017-10-18 01:29:03,2017-10-18 01:35:20,2017-10-18 18:14:06,2017-10-24 12:52:13,2017-11-09,c036ccc0d1a737f4fd440a8372af37dd,2017-10-18
c952071f38138a067c714cf653f34aa6,c6f9d741f10022ed6f9233f0ee079978,delivered,2018-07-22 21:32:38,2018-07-23 12:31:57,2018-07-23 10:52:00,2018-07-26 17:26:30,2018-08-09,735b3528d57657121bf180701d085568,2018-07-22
69923a4e07ce446644394df37a710286,31f31efcb333fcbad2b1371c8cf0fa84,delivered,2017-09-04 11:26:38,2017-09-04 11:43:25,2017-09-04 21:22:15,2017-09-05 19:20:20,2017-09-15,7c396fd4830fd04220f754e42b4e5bff,2017-09-04
30db3beab6efd31f72732fb15c2862dc,8edc930c2c557e6bd0f78fee64b9a527,delivered,2017-08-22 12:05:19,2017-08-22 12:15:21,2017-08-23 17:03:22,2017-08-31 20:06:48,2017-09-14,00df9d2e50424d103ca8796e4dc7c207,2017-08-22
6654e58f005c8a4b26a13bfa094b1ec6,9f1145d538555129779edbb5c57cafd4,delivered,2017-12-13 00:12:09,2017-12-13 00:30:04,2017-12-15 20:07:18,2017-12-27 20:07:43,2018-01-18,511d9bfd3a70a8e7b0ed858ee9cb3350,2017-12-13
e05a09fdfa909b44bbe0d68635a0f585,66bb855c7ef28a416ec9369dff7f44a8,delivered,2018-02-03 20:30:33,2018-02-03 20:50:00,2018-02-05 18:14:56,2018-02-21 09:57:09,2018-03-06,5bbe5a6c5ff05e1cf15c17266e0c1a72,2018-02-03
9b87b416a8eafa9023a1ade52ae320a2,c024c53872188852f6eaa202a045bada,delivered,2018-08-01 06:30:41,2018-08-01 06:45:08,2018-08-01 14:33:00,2018-08-02 15:42:36,2018-08-07,987cd28cbb639f60404d8864ac8f6a41,2018-08-01
e0788e95b53fbcfd9955d96e0fcade45,cc1163f317a3e7873fd6917b5b27ebd1,delivered,2017-10-17 23:17:33,2017-10-18 23:49:43,2017-10-20 17:10:01,2017-10-23 17:18:52,2017-10-27,bb01f4ed7b4b02ecd8df1fca92af2f66,2017-10-17
41b3745609d5c6c750f838cae9f18804,d78066bbdc72ea3165f01cd7c572091d,delivered,2017-11-08 19:32:12,2017-11-08 19:47:16,2017-11-09 15:25:37,2017-11-20 22:44:24,2017-12-06,c8776c8299d92ce2f4895fabe9bc6c5c,2017-11-08
38191a080c6c22b7c4268a2d51a8ac60,8452bb25abb611f34c607c66537d209c,delivered,2018-02-28 10:45:59,2018-03-01 02:50:50,2018-03-03 00:28:47,2018-03-23 18:41:55,2018-03-26,b8002a7a105ea13b689df46fa9d5d9ad,2018-02-28
754328c1ffda8a8ba227f2851a3772cb,d1d67e6e2d57800a09b5fa607ea74f89,delivered,2018-06-12 11:52:57,2018-06-13 11:55:15,2018-06-13 14:48:00,2018-06-18 15:22:31,2018-07-05,b0793630f8255e21620b655b388ab401,2018-06-12
6f1187fc8053e3eb750bf709d0329c0a,b0ed56e6e42c321562aaf124ddb846b1,delivered,2018-05-14 17:15:38,2018-05-14 17:30:42,2018-05-15 17:35:00,2018-05-21 15:44:42,2018-05-28,c44eb6a87b4afdced0450af75a48eb20,2018-05-14
6923051242694891e2f71ddc4eb93690,bf2cf07066dfbad334b5a59013a158b7,delivered,2017-08-25 12:33:10,2017-08-25 12:45:40,2017-08-31 20:09:51,2017-09-12 21:26:43,2017-09-19,6c82b920a902968163b0b2dff4ff8242,2017-08-25
b29ccca58aacdf08c7f7798ec2e001ad,c3f6c4ff8cece463e08e2e6d7fa0585d,delivered,2017-09-07 14:10:24,2017-09-07 14:25:26,2017-09-08 17:41:38,2017-09-18 21:22:08,2017-10-04,4e587131d6858426ebeb7170321e5d8f,2017-09-07
76431a049e67e903e616499cb2b32f0c,b999716961df05075a380f01c338cd83,delivered,2017-08-31 13:57:57,2017-09-01 04:35:39,2017-09-06 16:47:32,2017-09-13 17:39:39,2017-09-21,af221994a2abf3c9a7223b782b210641,2017-08-31
10f79c7ff9fb9b8ce494bd5f0357aa8f,4eeee7739fc9c5ba4bc099b42d176ab5,shipped,2018-03-18 10:44:02,2018-03-19 11:31:46,2018-03-21 18:51:44,,2018-04-24,21f21d6d07677946b98a74b3963b5773,2018-03-18
df156891939f37c451dfa81e3e724540,82e248420607446b60603429e51ff8c2,delivered,2018-02-11 11:17:16,2018-02-11 11:31:36,2018-02-23 22:34:06,2018-03-13 15:21:36,2018-03-09,3df4912077693dc7933267da9542825c,2018-02-11
3a2727b6397e6a6d5f7dad0d5d47e97e,17512f8f575d5c56299bb07f941c2d58,delivered,2017-10-22 20:18:22,2017-10-22 21:28:17,2017-10-24 11:36:48,2017-10-31 18:47:02,2017-11-22,9c0b78c89ed731eff779bfe7a9c464a9,2017-10-22
d04a002f83f53de3e76df5f6c7873213,a000155999c7cfe2044ba94c4ae5db6a,delivered,2017-07-07 18:30:42,2017-07-07 18:45:19,2017-07-08 11:46:44,2017-07-17 11:33:53,2017-07-31,af798ad5f9b7a76bd62b6c74253d2b9b,2017-07-07
9d3988465ae7ab02782cfc42f83ff58e,891df15998426e9d609b7f363a555ce4,delivered,2017-04-05 22:47:02,2017-04-05 23:02:30,2017-04-10 10:17:43,2017-04-13 07:45:18,2017-04-28,4dbc9e60ee79f8547f8a3fe7f3d02fd1,2017-04-05
8a26e866542681e7f7b1aaa7a396e8d0,0ed445d941e08fcbf3e42eacdc82dc79,delivered,2017-03-09 10:43:05,2017-03-09 10:43:05,2017-03-10 10:38:24,2017-03-16 11:25:49,2017-03-30,81b4b9d6b11eee739f92d1dd365786ca,2017-03-09
7ef3958692b5c3531cadd912471860ca,f4379b128c539e453d15ad03fe1f526a,delivered,2018-05-20 19:19:33,2018-05-20 19:38:20,2018-05-21 08:15:00,2018-06-08 20:44:32,2018-06-11,081fcabcf2d562ac20877ff0e0e11c60,2018-05-20
891f8d8fba3fc7b0584e72f290b22078,e58b22f7f3b481586b47322d3456c011,delivered,2017-05-10 19:21:12,2017-05-10 19:30:25,2017-05-11 13:15:58,2017-05-20 10:57:51,2017-05-30,84dcd4f8e6cc822ec2b01c1ced8d1ccf,2017-05-10
dc5f666aaafdc436026ce648640c2145,5ba405e307bd7a9c6991a51dd81bb417,delivered,2018-07-09 12:17:57,2018-07-09 12:30:22,2018-07-10 14:53:00,2018-07-14 00:12:00,2018-07-27,fdba7ade6eb862a1a733b6bb842ac712,2018-07-09
24090634aff3af5ea0cbdbffc4a3e143,62fb1ac1c746846d118654e8228c7f3d,delivered,2018-07-01 12:37:07,2018-07-01 12:50:02,2018-07-03 13:56:00,2018-07-07 18:32:11,2018-07-20,695a739f5c0cda6f66e2e60f1fbc9e0d,2018-07-01
ebb5affa057893d369c438b0eee8e2b0,3ef0940ac9cc365117d467fd0f3757e7,delivered,2017-09-01 20:06:11,2017-09-02 13:10:16,2017-09-04 20:07:57,2017-09-06 15:21:43,2017-09-15,2fd4fde99628d70ae43cfa35ee62e10e,2017-09-01
3afb5554304bdc748e0b05b9b8fbb9ba,fd514893a02833b9856aa162792730f6,delivered,2018-01-20 18:21:50,2018-01-20 18:32:10,2018-01-24 18:09:24,2018-02-16 12:47:53,2018-02-23,76a0491dd70c125840fa259f00dfc351,2018-01-20
1997b62c6e07059b2059f0b871aeda1f,a0e4d2549a2ccda92951e6e5a29b76ce,delivered,2017-11-14 15:53:08,2017-11-14 16:11:40,2017-11-22 16:12:39,2017-11-30 17:28:50,2017-12-08,49305c1169b80f0fc42f1574105c8be6,2017-11-14
18937b40506fdcbd3016fa5dea59cbd5,cad00c68174433c042bd102e1dcdc31f,delivered,2017-05-22 21:06:38,2017-05-22 22:10:19,2017-05-26 06:36:36,2017-05-29 09:49:08,2017-06-14,b1ba4efb4959b74f4243007376ed19fe,2017-05-22
da76e3c8bc4ce67a5b382cfdeb67edde,df8f16eb33e87d3426aefccf7e3c4ecf,delivered,2017-05-29 20:47:13,2017-05-31 06:55:39,2017-06-06 14:03:30,2017-06-11 08:12:23,2017-06-26,dc1bf16a84985a395cee96f5b0f5e8cb,2017-05-29
ddb33b0aa1ca6227208f0ca0564f0696,09cc193befa14d698869667e92148ab2,delivered,2018-04-17 22:02:50,2018-04-17 22:15:21,2018-04-18 19:08:25,2018-04-23 18:25:27,2018-05-10,b8f5e262105d173c8b1a866469789648,2018-04-17
961dff69f04ce00334131fdd62ee57c0,cb64e4b6dc20fde48260a4ec34197a09,delivered,2017-07-20 11:33:01,2017-07-21 02:55:20,2017-07-26 18:59:45,2017-08-04 18:41:45,2017-08-11,4ea81e04a75e69237a44b189c05d461c,2017-07-20
8304cd42545c641d13b9165c7028c85a,11ec4bc0610184925acab62c1b0cd593,delivered,2018-01-15 01:26:08,2018-01-15 01:37:20,2018-01-15 20:56:46,2018-01-23 21:15:14,2018-02-14,bd836cf4fce7f808b07dd4342fb2d553,2018-01-15
3bd5b53dee9d54938f56208bcc03d855,644182a0f196539f214b3f8877fb19bd,delivered,2017-01-17 12:15:42,2017-01-18 02:15:54,2017-01-18 15:34:26,2017-01-25 13:47:42,2017-03-17,969df6f6e673e73cac594a693bcf7524,2017-01-17
e52c07a2a833bd6f6033795e8fec6286,62e88494783b2abaf1a60cb8a4a87e67,delivered,2017-02-27 14:20:46,2017-02-27 14:33:24,2017-03-01 15:29:41,2017-03-10 07:27:46,2017-03-30,f99c15d0b1d03528f82deb9e8e6c6d9f,2017-02-27
51063a05b43c7e0a5f2314dc6f3790fd,e3d1c979e3171673d78fdf9dac78614e,delivered,2018-01-24 20:52:16,2018-01-24 21:18:10,2018-01-29 09:47:52,2018-02-02 22:51:49,2018-02-16,28432b10d1f73d179c1b8cd72bb4c77b,2018-01-24
3607a5c1a425d6896e8327401100e0b2,94caa280131f94e91f17a852f03b199f,delivered,2017-10-25 22:17:10,2017-10-25 22:28:16,2017-11-13 17:15:47,2017-11-28 22:04:38,2017-11-16,e572dadb73dc5c4f03ab1f2d7cdb6c63,2017-10-25
ebf5000bc2e96a884fd7536b9d28100b,024c5e8dc02a1cd8856a7f257bd98844,processing,2017-04-15 13:21:33,2017-04-18 03:55:55,,,2017-05-12,de25b230e97531bd3c3890ed4f01a607,2017-04-15
9f6c2a2b1cf39bcea618bba4db493cb2,7ecc1c199912aba27995891774aefda3,delivered,2017-11-14 15:18:55,2017-11-14 15:31:16,2017-11-17 20:59:30,2017-11-23 20:09:36,2017-12-06,f32ce4c209379376966e098c7677219e,2017-11-14
d0fe02903564aa58217e3c08a4d939bf,e07ceb7f54b6fd99d3443aaf50c6dd9e,delivered,2017-12-26 14:20:22,2017-12-26 14:33:31,2017-12-27 16:12:58,2017-12-28 17:58:33,2018-01-15,613cde4b9d685746b0d482a4ed39ed02,2017-12-26
9f78c08ae4928d0b51b8ec8da9585714,5c3fb9c8ea09e6fa440dabb20728a5df,delivered,2017-03-23 22:09:52,2017-03-23 22:22:46,2017-03-27 10:20:04,2017-03-30 15:58:06,2017-04-17,ae0b2ed66af9ee82a19ef3b6a3cf4e7c,2017-03-23
44aa6cb9b49cd7412acad36a95e32212,f3beead22416959885ed4f0cfc3bae67,delivered,2017-02-08 19:37:39,2017-02-08 19:45:17,2017-03-06 12:53:25,2017-03-10 12:25:02,2017-03-21,5519d48c02e36392f44e56019db3b34d,2017-02-08
7d3c4b4fac234f9e6d4f11b87cbbfeaf,7b8965a4cad877c5c7e3a07f7ded23d0,delivered,2018-06-18 21:45:06,2018-06-18 21:58:21,2018-06-22 12:53:00,2018-07-04 23:21:44,2018-07-13,395423c0bff54c975a8a01cd41f1339a,2018-06-18
98c5e6736c22f74ce441cfa7b457016d,8f6bc80fd15e1d060739784641207e82,delivered,2018-07-17 15:26:44,2018-07-17 15:41:34,2018-07-20 13:08:00,2018-07-27 22:47:35,2018-08-01,0787d3e5367d52144998cf7fed187dba,2018-07-17
f0670859ef34f8878debeb534fdcd855,951034aede95c25c0108682c6253fdfa,delivered,2017-05-20 11:33:36,2017-05-20 11:42:44,2017-05-22 08:03:52,2017-05-31 10:23:44,2017-06-27,793f775b1fdf09c2825522d411490094,2017-05-20
3263e5243c28ebe706f7500cf88054ad,d2cb62917a62d79c9eaa46bdd9d374a5,delivered,2018-04-22 18:16:11,2018-04-24 19:04:58,2018-04-23 19:31:49,2018-04-26 19:48:45,2018-05-16,8188d88246b1fa1783f4c55e83b72d49,2018-04-22
8b1be6fcc4f86f65c9f71a73ed439f05,3137742bf8a6ba694c23bab756b52683,delivered,2017-02-20 16:18:50,2017-02-20 16:30:13,2017-02-21 15:54:26,2017-03-14 14:18:10,2017-04-04,bbe865223f662c5d9ba99323e8d00edb,2017-02-20
13ba5c26aeaa1d857d413ac4b93f0924,f98fcdb5744e97037986b4c982b142fa,delivered,2018-04-15 11:15:37,2018-04-15 11:31:31,2018-04-17 18:16:46,2018-04-23 16:47:03,2018-05-21,2fa63db193ecb500d4058cae36026f8f,2018-04-15
0d28f995a2a25ad8106b1fe23e23297b,4911d24fe89fc2e4d9dc47a39ecc3a6e,delivered,2018-08-14 16:57:40,2018-08-14 17:44:01,2018-08-27 13:37:00,2018-08-28 19:19:40,2018-08-28,b17eaf0feeb4ddf931c35cfc5f95c4ea,2018-08-14
3331dbfe6f55503bd3b962d95445ac7f,a318808661dad5e6db0b829df0e827d9,delivered,2018-03-28 14:24:34,2018-03-28 14:35:19,2018-03-29 22:34:33,2018-04-09 15:42:07,2018-04-19,9b63e87d9898dbee664c3a1105cb1186,2018-03-28
0ed7a79d6ed3dcd5dc6430339b52c0f9,4a085f4d1d6cc706d5c910ed349b55ae,delivered,2018-06-06 21:45:29,2018-06-06 21:55:20,2018-06-07 12:02:00,2018-06-13 17:24:26,2018-07-31,5a2f563b9306c695e8f4c06ae6355a4b,2018-06-06
10f809105e097213525169c1cba5c5cd,9b478e1c20f0f95555da7a3e7431427e,delivered,2018-08-09 14:34:22,2018-08-09 15:24:47,2018-08-10 14:12:00,2018-08-13 15:21:55,2018-08-15,97a59d8df259fc964075d71fff2656d0,2018-08-09
65fdcb432cb9cfa970e3a3817b39040d,bb8cc73ebebcd23c9f69c52637229c53,canceled,2018-08-29 08:44:38,,,,2018-09-13,ef0103e9602d12594d19c2b666219bc1,2018-08-29
12158685d93b3a6dcb6efad25cd8e056,33526320515dc9ca5c0ecc1ad95f8e8b,delivered,2017-10-18 11:37:11,2017-10-20 02:49:23,2017-10-20 19:58:42,2017-11-01 22:14:05,2017-11-13,b82fa3f58d7fd412c2e9ab7c85fcc8ef,2017-10-18
f4a347787e3d3c1d8d4bea25ed38d222,f9fac5d83d911cc24a60b4f7a33433ec,delivered,2018-06-14 18:05:57,2018-06-14 18:18:57,2018-06-15 15:41:00,2018-06-20 15:34:52,2018-07-12,df02a4f7f01b9bb9ae11fcc020d78de0,2018-06-14
2af51acea000183f38353be856b90dca,f7dfaa98733b2da4332ec38335d6d27c,delivered,2018-05-09 19:11:31,2018-05-09 19:35:29,2018-05-10 11:45:00,2018-05-22 09:21:27,2018-06-05,bebb64a635507dabf47f076252103200,2018-05-09
425b629cb241474b5e9131bab244abc6,2612c925b692b83b1667ac82f9c961fc,delivered,2017-06-29 14:34:58,2017-06-29 14:50:10,2017-06-30 14:49:49,2017-07-06 10:23:26,2017-07-21,a35457fdcf9f505e895c3ecaccadae53,2017-06-29
9b75cdaf2d85857ef023980e15d01546,1790ea7644578180c232ae2249ee4486,delivered,2018-06-14 07:34:05,2018-06-14 07:57:36,2018-06-15 14:15:00,2018-06-19 01:28:42,2018-06-26,bbf65e7823171a84e70a495dd6c34ceb,2018-06-14
e4fb35d5a9461a26a9c1a97a893b3ac9,ba7cbc60652099c65651fec5fef9d685,delivered,2018-03-02 11:59:27,2018-03-02 12:30:54,2018-03-02 23:09:37,2018-03-12 16:58:32,2018-03-22,7bd33399499350a7fa864ee37e99546d,2018-03-02
36f508b04d2ca8729c27e11382939f41,2befea4b444cb13a721489243c0e8c60,delivered,2018-05-07 00:48:31,2018-05-07 16:53:17,2018-05-08 14:50:00,2018-05-09 19:26:51,2018-05-22,244637a48ab3e278738adb3e8412789d,2018-05-07
35d71bd32993bd9959f7eefe1a5a0f4a,62df101683a6810a942c0fcf6c2eea6b,delivered,2018-03-23 17:02:20,2018-03-23 17:15:41,2018-04-06 23:34:25,2018-04-14 15:06:37,2018-04-13,3a14902fe49e78ba34c126ecda8593c5,2018-03-23
63f1ad378cef16f74bb7480a3a01e3b4,4d29ad32fd31342f84b2973da2ee9cc6,shipped,2017-12-11 14:48:49,2017-12-11 15:10:40,2017-12-15 14:17:59,,2018-01-08,b3db27683c99173bcca6387fd92629e8,2017-12-11
3a9ba33848c6a55cf77b2d4ac73d18b3,de6e206ece6c5ff725e726d8e6b5bb26,delivered,2017-07-13 16:04:15,2017-07-17 10:25:14,2017-07-17 20:35:50,2017-07-18 12:23:02,2017-07-27,d9b665018c497f2761ab3c96cb68f8b3,2017-07-13
92f6669d95bd08af36b9baa8ed7e72e3,895f224c2cc0152df9fa1a9d68b09a88,delivered,2018-01-04 23:13:02,2018-01-04 23:28:27,2018-01-08 23:58:15,2018-01-24 17:50:01,2018-02-05,313cab5a662c12f0ad9042f0bb8d590e,2018-01-04
8e78a66489b3861f846342d4b158c8f4,ca5be60ca176490157a53b88dfc30c98,invoiced,2017-10-03 19:04:04,2017-10-03 19:14:27,,,2017-10-26,30b7ce51d5b2beabc239e3fec9b3a57c,2017-10-03
bcd65f5ba3529e137c55725d99f71ae5,498960b46ba65649aa3442eb9543763f,delivered,2017-10-18 20:12:29,2017-10-20 02:46:03,2017-10-20 16:29:30,2017-10-25 21:58:11,2017-11-09,759671af474173beaa31f34f00b664a4,2017-10-18
e80e2d3130b41e2f2771f7b558432ac9,9ada9369c351ab0b41d93b98d5a963dc,delivered,2018-02-08 18:36:58,2018-02-10 02:36:10,2018-02-14 18:52:56,2018-03-13 16:42:54,2018-03-09,775e9baeb34289550348cccdfdd1ee73,2018-02-08
f8a010ec857efd266611a51aceafa6f8,acbe4b6adbc9282d11a7dd9e1cb784d6,delivered,2017-08-29 19:42:23,2017-08-29 19:50:13,2017-09-01 18:54:31,2017-09-13 00:17:35,2017-09-19,ced2f2a9802448ab3c75ba63e5aa5877,2017-08-29
5715f14022215418c906c7a4cda732f4,f7c5e590db7fdf20fa730ccad55e8701,delivered,2017-08-04 13:41:17,2017-08-04 13:50:50,2017-08-08 13:13:30,2017-08-21 19:17:57,2017-08-29,9ed2fe900d1b4d1840a7551b45573476,2017-08-04
cc9bbac0ab49464c551e527df59db18c,235653dc9683328943db2e5c10db3d12,delivered,2018-08-01 12:09:23,2018-08-01 13:04:33,2018-08-02 12:09:00,2018-08-07 16:53:25,2018-08-15,a8060584a077038962852f3184a4571e,2018-08-01
770ad5eec9763dbf6201f544768ed27b,c6022afbb064be6f432fcde8a15a2b8d,delivered,2018-03-01 20:40:12,2018-03-01 20:50:31,2018-03-02 21:44:40,2018-03-17 18:18:28,2018-03-28,3f44ba2fc2774a80d155478d9337e353,2018-03-01
eed14d209dc537c9d99afb938efb2c0e,a0bc70c23b1158a462bfc9415ae8b130,delivered,2018-03-19 22:35:25,2018-03-21 02:49:06,2018-03-21 19:23:32,2018-03-22 21:36:03,2018-03-29,dd9b099cb7a885347fee971bf22ea6d5,2018-03-19
f68b600a2c44fc312a68d5dce8f95803,85d26b5fcb4c83b2283d3c5c7ba5e10d,delivered,2018-04-13 14:21:40,2018-04-13 14:33:36,2018-04-17 18:36:41,2018-05-04 17:12:44,2018-05-08,f127965396be5d39b99e662bb2fd9a6b,2018-04-13
b1e83743987d023e63838e2fe9149231,6ba7e84c04186c7d84b9c549337ad3c9,delivered,2018-03-03 21:59:29,2018-03-03 22:15:23,2018-03-05 21:10:30,2018-04-02 20:26:44,2018-03-29,b7cff6ff428658802ecbb789b1205d35,2018-03-03
b44b36e6b69be34f58753d3b56d24001,a6c9cacb399083fbf6497249c9d3a140,canceled,2018-08-08 14:27:00,,,,2018-08-21,52ca43132ea5c0f2805b1537bb841857,2018-08-08
1fba572d64e0fa6d6bbfdd06b5704e6c,ac09b33a9844b58697576f7e29200f5d,delivered,2017-12-15 17:19:15,2017-12-15 18:31:42,2017-12-18 20:07:12,2018-01-17 18:59:15,2018-01-11,99a83feac8c301cdecf5a388549f8e11,2017-12-15
4a9d3281429a5cb0ed545ff8aa3f6f93,47c93c1b5a9d5677ab6610844d2367a5,delivered,2017-12-11 20:15:24,2017-12-11 20:30:15,2017-12-13 16:04:54,2018-01-08 22:08:49,2018-01-15,19e11aaedc2ed22b08d0679e1f04e042,2017-12-11
6567852fcba7df8073179800aed3dfd2,b6b5f05626c60dd79df381ce89fdb876,delivered,2018-03-23 13:44:41,2018-03-23 13:55:43,2018-03-27 00:38:45,2018-04-02 11:41:50,2018-04-17,aa12ee86bc153f02384d70dc61ca67e7,2018-03-23
e4bed70dad1c8ff6bfb51ce87e9df866,106be873d0f4092714a0d96b2d24885f,delivered,2017-07-17 15:01:34,2017-07-17 15:15:14,2017-07-19 11:37:50,2017-07-25 20:47:42,2017-08-09,49e8da07cf75d1daba66d5e0d02256cb,2017-07-17
2cfad4578fbb3e63a43013da4edcf479,2cba5015e98cec10bcb02bfff812532b,delivered,2018-06-08 10:17:38,2018-06-08 11:33:29,2018-06-08 15:46:00,2018-06-19 11:24:43,2018-07-12,266429bf9870998f65d05a8cc0f6c1c7,2018-06-08
2d0aa670db1b1678d2de5127f85c0729,fa64656cb999d63ec741f768ee6d8784,delivered,2017-08-17 17:25:39,2017-08-17 18:15:25,2017-08-22 20:44:44,2017-08-28 20:17:45,2017-09-06,33ddcd40663a64855859856928c38415,2017-08-17
4832ff0402c0e07fcf802721babe2b05,195bfa760d994681f4db21fc8ed21af5,delivered,2018-05-01 09:03:05,2018-05-01 09:15:20,2018-05-02 13:07:00,2018-05-08 00:53:51,2018-05-24,44fe005d35d016299a6e515c312c292a,2018-05-01
9710f69b6b9cfc910ad851334d8ba458,2caf8c04235c6582bab2c3960200bdaa,delivered,2018-03-21 15:16:28,2018-03-21 15:30:33,2018-03-27 17:07:51,2018-04-10 12:56:42,2018-04-17,b1f44bd81db24a10696e668dd607237c,2018-03-21
5df5cba7593161ea7d5bf4c992665079,08d377ec4e70b6c01b875085449b6147,delivered,2018-04-03 10:15:26,2018-04-03 10:30:27,2018-04-04 08:19:52,2018-04-12 18:38:30,2018-04-26,f94524df71faaa4f2b142eb5a10760f2,2018-04-03
d753cc3a7de44e6e899104d5c130d857,6b4374468fd954e55334b0328f83c275,delivered,2017-10-25 19:49:24,2017-10-25 22:49:28,2017-10-26 20:48:31,2017-11-07 18:28:47,2017-11-24,afda9c66cfb523023613be602f51257d,2017-10-25
b130c592bed51534facb262c697f7ccd,ef2050fb05feec229142f1250ece437e,delivered,2017-09-23 18:38:01,2017-09-24 18:45:35,2017-09-28 19:33:33,2017-10-01 14:29:01,2017-10-19,d7e1b5303ead81429cfee4ea4f253e16,2017-09-23
08f41db8292c5a8be5d68f0a18492781,327571566e29bb1fe954bae83836946a,delivered,2017-07-18 10:22:32,2017-07-18 10:30:17,2017-07-20 14:32:08,2017-08-01 20:03:37,2017-08-22,4511b07d2cf7c5cff947ea49fdc93879,2017-07-18
b540d328af5b078f6c8aebac46ae606b,de76e6d1ae61d169d594df213610559a,delivered,2017-11-06 09:07:42,2017-11-07 07:30:48,2017-11-07 22:16:53,2017-11-10 18:09:29,2017-11-17,dc066efc5d97d0ddf6d4cc1794cf1fd8,2017-11-06
0b0adccd993fe865dc205586fc9fd045,3a3e3b216aad1589b4c7b5a8edd75c4c,delivered,2018-07-23 21:03:16,2018-07-24 10:31:48,2018-07-24 11:01:00,2018-07-31 17:04:39,2018-08-20,3b93bfab3bdce83683d66becddd9df2b,2018-07-23
7a5d50c22fa322a528d125a704c8270c,cee7f6079c308086d66b155a3ef25e72,delivered,2018-01-06 14:03:53,2018-01-07 13:54:27,2018-01-09 22:38:42,2018-01-11 14:05:36,2018-02-01,794b3c70649dee40ae61e72ea4c16d11,2018-01-06
ba90ea1608e340fb0e265ea62c4a981f,a80deef4c70516cae6c81f06381b2d4d,delivered,2018-01-18 08:24:33,2018-01-18 09:31:25,2018-01-23 17:36:51,2018-01-27 14:42:32,2018-02-14,f64fecaabad93ae626f6dff9c13ecb86,2018-01-18
7d3636e9d015024df69d61abc7bab409,2bdf82cc0845ed8974063bfba3bd08be,delivered,2018-07-28 02:36:12,2018-07-31 03:55:14,2018-07-31 15:40:00,2018-08-03 20:41:49,2018-08-16,de9c15c18724c6b8b335fe5ff485e01f,2018-07-28
68e4d20e5dcfc99ff04c7fc1ddc60c65,99fd0c20b4645bd61bd6795a8ce33ff1,delivered,2018-03-06 07:41:33,2018-03-06 07:50:21,2018-03-06 23:05:05,2018-03-08 01:44:28,2018-03-16,820fa147a3324c0555500e38d46e99fd,2018-03-06
c94047ec162181b78322184f7a9aee43,d4f243fba8f7e8213c43f98eb04b6213,delivered,2018-06-21 04:46:11,2018-06-21 05:16:24,2018-06-21 12:59:00,2018-06-22 19:53:49,2018-07-13,013ef03e0f3f408dd9bf555e4edcdc0a,2018-06-21
2792c2657bcaae781c8261d93fda4937,333062649ca3fb7c4f05d89806c0ab4c,delivered,2018-02-14 17:49:52,2018-02-15 04:26:56,2018-02-21 20:27:14,2018-03-06 16:42:02,2018-03-15,87a2388f0ca83070c02e32cde2e18fa8,2018-02-14
7c6985797df04a52bd0d0b4b2b2bfb61,94ce0fbd0c2896e7d91f4c10a82a65bd,delivered,2017-12-01 22:07:21,2017-12-01 22:15:18,2017-12-04 18:13:43,2017-12-11 11:41:41,2018-01-03,b68acf578f10bd6ecb2a174531cacb89,2017-12-01
2ae306b242fe86fdc59867d442839cf6,807158bef6145c422525d5413be80338,delivered,2018-03-25 00:11:35,2018-03-27 03:50:30,2018-03-28 03:51:31,2018-03-29 22:26:39,2018-04-06,ab2d1ba701c748469008304cb9f83770,2018-03-25
a97fd57e9692389b794fd4c3a328f68f,aadd0bcb192e7beb0eba93b2adc144d3,delivered,2018-08-23 18:06:57,2018-08-23 18:24:44,2018-08-24 09:19:00,2018-08-29 18:02:26,2018-09-28,2ac7bf33d2ed0b6f7b23f5ab5688b30e,2018-08-23
4cd679aec789b6915d7dc7e648d2489e,fde36cbf0bd0b0b6fe9f66d4648fcf5b,delivered,2018-07-19 12:11:06,2018-07-19 12:23:19,2018-07-19 14:35:00,2018-07-25 16:40:37,2018-08-16,4ee121a25d26dbab9ba119099bea2f82,2018-07-19
6a189ed8c568195193d5880d4c090de5,473ff83f3d6ee032861533dfbd139f6f,delivered,2017-09-12 16:29:59,2017-09-13 03:25:56,2017-09-15 18:13:08,2017-09-21 22:03:19,2017-09-29,c530c9b543cc976d3828f21a69abdec4,2017-09-12
fbb52c7559fb594470b3add7c7980f6b,4d17954663b9c1c918d6b1c23efd29ec,delivered,2017-12-08 19:36:27,2017-12-08 19:52:15,2017-12-12 00:29:12,2017-12-14 18:07:09,2017-12-27,b3f7d47699e46f2a20fbf862c9143f46,2017-12-08
94f1c6e75d7f8c25a1094c0f45ac1a07,5bea1d085169c4665aa6490708882fbd,delivered,2018-05-07 11:39:02,2018-05-08 11:35:58,2018-05-09 08:12:00,2018-05-14 12:16:36,2018-05-23,0754be9928ac67162aba36894a7c5f22,2018-05-07
583ad689dbd7bd2d996f11aa82865ae5,ffa6c1b1855a12e84bae4eb85a60fc2a,delivered,2018-04-11 23:24:24,2018-04-13 02:11:14,2018-04-13 18:03:15,2018-05-07 19:32:26,2018-05-11,64fd3945dc867912231b45f537215126,2018-04-11
440d8c2b46ef6f71cfa424597bbc6744,8ae5464830a386b7e90e7c79ccda7231,delivered,2017-10-25 21:10:08,2017-10-25 21:25:41,2017-10-27 22:15:00,2017-11-06 22:28:30,2017-11-28,137d02deadebc5053d239a1b2e3fa444,2017-10-25
e221ce99afbfcb8f74f80a788755f32a,437ad6139f698f32fd5301c1bc636e60,delivered,2018-05-20 20:57:43,2018-05-20 21:10:37,2018-05-22 16:33:00,2018-06-01 16:05:09,2018-06-13,36aad42658db613bb6d473de62a16391,2018-05-20
13f33384dcc1bd99cabcc96a491fe5e3,8a4cf15e60353a23e927ace442b180f6,delivered,2018-03-27 15:38:48,2018-03-27 15:55:18,2018-03-28 18:52:36,2018-04-03 22:19:03,2018-04-30,5afd2aa84ffcaaaf68380db89b82e9c2,2018-03-27
b940725ea70c2e68d9e76841eaeebee4,6ea7de0aff8d4a57c2bfdf5c73690413,delivered,2018-01-11 12:17:52,2018-01-13 02:09:18,2018-01-18 16:48:40,2018-01-31 14:44:47,2018-02-06,7e0bf8b5bfeb9b878e9bcfaaa10320ef,2018-01-11
fd4dc70383929cea6b167f3fb617542b,e5c967fafad127eece965cb53f225d9b,delivered,2018-05-18 17:18:39,2018-05-18 17:55:25,2018-05-21 09:19:00,2018-06-06 21:12:07,2018-06-07,68238c59076a730633bd2e71a08bdf95,2018-05-18
16c9ef138b75b95f8fd7969d2a2900ca,c107299c436ca1d87c2a63b573ae4901,delivered,2017-09-23 10:07:31,2017-09-26 04:07:15,2017-09-27 12:42:56,2017-10-06 18:00:03,2017-10-17,db23e91cd997a5055871db55b37d0e8b,2017-09-23
bd2c2c3a4d59e68fb14a526745572883,1ab3117f58e7d55791a60513d9dd7f4f,delivered,2018-08-27 19:29:28,2018-08-27 19:43:54,2018-08-28 11:11:00,2018-08-30 20:02:41,2018-08-30,0e712c5813cd2db73a8b770de7691b5b,2018-08-27
cf3cfafe8fbb8682ce65fdeada4749f5,392d8e8daaf2280f75196bcd79728099,delivered,2018-02-27 10:43:09,2018-02-27 17:28:30,2018-03-02 19:58:35,2018-03-05 18:28:49,2018-03-13,0dca1a86dcebe21bdb6ecbf5466f0d39,2018-02-27
60f68300b4ddad4f93eed399661f2ab4,d2f1074c804f3fc7596085d3517fb032,shipped,2018-05-02 21:11:39,2018-05-02 21:35:24,2018-05-03 11:37:00,,2018-05-28,ba2722cd7f39031c39f115c3658b6c57,2018-05-02
78a2b7085250312e26157521788fc8bd,9eebc6c212f2cef138724285cc863397,delivered,2017-11-13 17:29:56,2017-11-13 17:47:11,2017-11-14 23:03:21,2017-11-24 14:28:42,2017-12-04,ddc29450a302941b6da714f67f296b1a,2017-11-13
c95c70fb04bd13e4a063330b9760c411,f9d7b0b6a86b7d2e73db07051ebb57f4,delivered,2017-09-01 15:50:27,2017-09-02 02:45:39,2017-09-05 21:57:53,2017-09-13 17:33:08,2017-09-26,704d4446bffad3f1d6b73a58426af36a,2017-09-01
32906a7376b5ff689e78c67f25059b4f,dab3c10f7080f01ef10fa5f0edfa15ab,delivered,2018-06-17 08:28:27,2018-06-17 08:59:07,2018-06-20 18:01:00,2018-06-21 11:49:58,2018-06-28,25fbc794c6e9b63cd10c6c0ae1e88e73,2018-06-17
51d0bfb610b182db85302e4f68eedc7c,8379c9e3e6fc7518c5ea6e812f0f4cc1,delivered,2017-12-12 14:44:42,2017-12-12 14:53:24,2017-12-22 15:06:45,2017-12-28 16:47:15,2018-01-05,9361cc719045cec11144942264d34e27,2017-12-12
a8324c7ec6b72c7978896a221606c93e,8a5125860406db27ce9e5d4efd358efd,delivered,2018-04-14 11:04:31,2018-04-14 11:15:14,2018-04-16 21:09:10,2018-04-23 19:04:54,2018-05-21,59d8d1ea35c02a6a070ee29944b0ea86,2018-04-14
ca37c8860a109a0908b33aa5e1d2f2bc,5b8778f3698739d517bec42c525ff831,delivered,2018-07-22 22:07:53,2018-07-23 12:31:35,2018-07-23 16:05:00,2018-07-24 15:04:36,2018-07-31,5c7e7268daf2b58c8def09906a9b6a7a,2018-07-22
878a27aca69d3ec288f015a76d4f940c,6403b0066224186f4e5dc289071cf011,delivered,2018-03-25 18:41:30,2018-03-25 18:50:32,2018-03-27 18:27:34,2018-04-03 21:54:44,2018-04-12,047beaa56db85753ce02a5483b06df0a,2018-03-25
f14c04adfb43f42e0c17f11903c302d9,a4d7a2e4682cb484919974235a5c98b2,delivered,2018-05-06 18:35:46,2018-05-07 09:15:56,2018-05-07 14:49:00,2018-05-15 23:33:07,2018-06-05,7f5129a3fc7b3a21349cb2a2840a6d98,2018-05-06
27898da84be67ffaac7dfd170663529f,da191fe6327a85f75e72cdbd1c616784,delivered,2017-10-17 12:45:51,2017-10-17 12:56:42,2017-10-18 19:54:57,2017-11-03 20:47:51,2017-11-13,a4f095a4403c30562bc368a7dfc5d3e7,2017-10-17
ddbc3c65368eb9c4bcb2f1dc4feaea56,0e34b195e55c95b048d7ac56ce605fb3,delivered,2017-11-15 23:32:31,2017-11-16 07:06:48,2017-11-17 21:44:36,2017-11-20 23:03:53,2017-12-04,b4c4754a008dbca8a2322d131c6b4a1c,2017-11-15
84b8ccb93163852a97e44c7fb051a785,243b05e1c147c3cc64b0212d4df36383,delivered,2018-03-03 16:30:55,2018-03-03 16:48:37,2018-03-09 15:51:35,2018-04-06 22:16:39,2018-04-20,10fa0b5a293d96eff24caac6a4eaa2ea,2018-03-03
c2899525db44fcc73342e7713b932dea,3c091d5f7db07c92c6243f7a1f3fb7aa,delivered,2017-11-29 08:24:53,2017-11-29 08:33:23,2017-11-29 17:35:02,2017-12-06 23:52:02,2017-12-19,89be3e46d564731e646fb71cebd2dd43,2017-11-29
5a0c5e6a4fb3e680d5a9664cea3314c5,843fda212b1289268be72a3a6729d776,delivered,2017-11-24 15:39:50,2017-11-24 18:51:18,2017-11-28 21:28:59,2017-12-12 18:53:35,2017-12-21,43978720f599f4650780605f91517315,2017-11-24
274954faa1775d863067ba1e0e5dfe9b,77cd920ada081816db896cd2a96975dc,delivered,2017-11-28 12:38:38,2017-11-28 12:53:20,2017-11-29 22:41:55,2017-12-04 18:07:17,2017-12-19,4bfec5823c01e1c92fe8c018ead917b2,2017-11-28
9b1eadff55d63ddd89e6d914cf680769,6136b5d470b828a9ec9cf20a1031cba4,delivered,2017-10-20 16:46:59,2017-10-20 17:07:06,2017-10-24 18:22:03,2017-10-26 21:12:27,2017-11-09,c651e73ed40cb34bcb71f124c8e96b15,2017-10-20
8cc9f4314e5d248315bbefd0481e52aa,64ba4b1cf394656f82a9dc6c051d8daf,delivered,2017-08-15 12:42:34,2017-08-15 13:10:19,2017-08-16 17:29:47,2017-08-23 15:57:49,2017-08-28,4e09a8f99fac2f49d481059f32e912b3,2017-08-15
23a9867e2ef4c3cd636e7e275edb0252,ff6b4cd2177f2ccab82ff6ae151ad0e0,delivered,2018-04-20 20:35:54,2018-04-24 19:27:38,2018-04-23 20:46:36,2018-04-26 12:56:38,2018-05-11,f2cb0a40a1323af33946e25741177d55,2018-04-20
07f770114a6de1a65f865bf22d8bb20a,c1afacb800d62408ba097a32d6524e84,delivered,2018-08-06 09:17:53,2018-08-06 09:30:16,2018-08-06 08:44:00,2018-08-09 16:40:37,2018-08-16,2b5cb158bce256f401d39bf934189c86,2018-08-06
afc652a59f20b96fbf7c8e5bb1a6c1f1,3a76019da6d27bd392b555346c436507,delivered,2018-02-26 09:17:53,2018-02-26 10:00:23,2018-02-27 14:48:52,2018-04-18 11:02:51,2018-03-22,a9ed06e13fc37cc915f5ecb904fbe34d,2018-02-26
17220c71a949903772f1ed32292ee69f,3687139e02b5d30a66b9bcdf2cba3bcd,delivered,2018-07-17 18:39:53,2018-07-17 18:50:25,2018-07-19 12:29:00,2018-07-27 20:15:50,2018-08-06,55872b85c9b6f0da7e65499fd110dadc,2018-07-17
8cb407154874301be08656a7fb09d9d9,5eedff30a379fbcc0851653d18295723,delivered,2017-05-11 18:30:17,2017-05-11 18:43:05,2017-05-19 17:52:04,2017-05-23 14:13:45,2017-05-29,2fbac141bcb7101d19fab96ef64100b3,2017-05-11
2240d9349c55949c40dbfcc98ece280c,beec3adad1438ff9575cd40851751607,delivered,2017-05-02 01:48:16,2017-05-02 02:02:41,2017-05-02 16:43:00,2017-05-17 14:54:41,2017-06-09,f1f8ad5c7bc6aa7f3e13501180c73ff7,2017-05-02
c73399c02f2f40ed90801855d7c6ecae,077ca1c409a011f74f74e99eea92103d,delivered,2018-02-09 00:24:13,2018-02-09 00:35:25,2018-02-09 20:46:52,2018-02-21 23:07:18,2018-03-08,2ceeccacc57bff89e5fa6b5daade0399,2018-02-09
dee008fbad3f3868874dd10ab5977b88,ba0ee5f2b5e3be1a41659bf07742c415,delivered,2017-03-06 20:16:46,2017-03-06 20:25:20,2017-03-09 08:44:28,2017-03-20 04:57:53,2017-03-30,0a5fab743da859b3f10a409bbb132a5a,2017-03-06
c0064eb733991511a78ddc2fdba0effe,051cfab9a2157fdd2150d0b4aa0128ba,delivered,2018-07-03 10:47:11,2018-07-05 16:40:44,2018-07-04 13:12:00,2018-07-07 19:41:48,2018-07-17,02a12dc286c290872d5a263fb9af0dfd,2018-07-03
bc8f3e9818eb33025b36bc379eebc6e8,8fc77aeb6702524e82ee5274a353e7a5,delivered,2017-05-18 21:53:18,2017-05-18 23:45:12,2017-05-19 09:46:15,2017-06-08 14:51:53,2017-06-09,f7f7327cbfcf3a9248607e516ff7069f,2017-05-18
30fd7baf715c4bcd55f1a39c84e56b1d,a3eaa1be1145a38d7f7b011e86fd121b,delivered,2017-11-09 00:12:14,2017-11-09 01:31:02,2017-11-16 21:44:29,2017-11-28 21:58:07,2017-12-06,79f702881c53df79e17ca351f94d9eec,2017-11-09
d4618e481090308279190e070dfc3c4b,c1721412453c2c255eeb8717065beaa3,delivered,2017-09-01 13:52:04,2017-09-01 14:04:53,2017-09-01 19:30:06,2017-09-04 18:53:59,2017-09-14,07ec373c7a7ed511e542503436e22a71,2017-09-01
31bdd4abc4fb5fec0a5fa2a92af376b5,20e168b274f64bde557322339d857619,delivered,2018-05-17 11:05:04,2018-05-18 00:55:31,2018-05-18 14:35:00,2018-06-04 22:32:16,2018-06-07,928eb0d3ce74c360f3b3463079ce5648,2018-05-17
437222e3fd1b07396f1d9ba8c15fba59,9b39de85d94d55a21991e70b04305d6e,delivered,2017-03-16 11:36:00,2017-03-16 11:36:00,2017-03-21 08:22:43,2017-09-19 16:28:58,2017-04-28,02eb2837e7302e52e996ebb4515ac3c5,2017-03-16
41d12841c459809ff4d25ee0c8313de2,c542f5de0865b9e0e437c70dea50727c,delivered,2018-03-30 15:17:21,2018-03-30 15:30:14,2018-04-02 20:42:10,2018-04-20 23:51:54,2018-04-30,16c8e42089546fde55ed3caa46478e7a,2018-03-30
0e8aa0173b5775ba597a40ca69fd22fb,30a63600df8186b88aadc5f2e420eb2e,delivered,2018-03-09 20:42:21,2018-03-09 21:20:30,2018-03-13 10:22:55,2018-03-30 16:04:33,2018-04-16,484c28ba347d79190e5ec01822ba1392,2018-03-09
0b736121c8d0bffe6c9e592d6f91ba5c,e0fcf37333b29f0b97e8af045f8efb52,delivered,2018-02-19 12:42:39,2018-02-19 12:55:50,2018-02-20 17:33:40,2018-02-28 20:38:45,2018-03-09,d21f78bff331ce1fe009f3ac67fdca4d,2018-02-19
39b19f40d2c5ecd4faa3f5d15eec8163,fc9c814a1d63689650a0292a9e32f9be,delivered,2018-05-07 16:19:08,2018-05-09 03:11:30,2018-05-09 15:21:00,2018-05-19 10:02:59,2018-05-25,77800cdaf896a5156f1e609ff0ca6ab7,2018-05-07
910b9c78e8a4717b0c449d2b731a33d2,2f2bc43aa93537773ffd9614c17c7974,delivered,2018-05-14 20:21:36,2018-05-14 20:37:56,2018-05-15 10:21:00,2018-05-17 14:54:37,2018-05-22,b661be1d82ad64713e21d7505f008028,2018-05-14
a2bf57f7bd62d8cec922908b7ec2c256,512f4662f36d120d1438a5ce6a5307bd,delivered,2018-05-24 21:39:11,2018-05-24 21:58:50,2018-05-25 13:15:00,2018-06-06 11:22:55,2018-06-26,dda557b888ac6ac4a02a457e8ba36b46,2018-05-24
2e5dc86c8c4aa663549caf5e31de840d,6225eed02b7d1a110b6e5b5dd4c8bd31,processing,2017-02-03 00:04:49,2017-04-04 10:56:48,,,2017-03-31,850598426d7c772afaa245182a362958,2017-02-03
4e022ead5e2400d39b29402c979aa681,a394618720ff7647542bb5c14285eae4,delivered,2017-09-27 09:52:55,2017-09-28 03:07:18,2017-09-29 16:43:43,2017-10-09 21:43:32,2017-10-19,b140aa5be61fa29db657f89d8ba1eb0a,2017-09-27
3db2043174db8823618e67b7e2c8c3e1,4d39fc23e896737713182a2e26d04f6f,delivered,2018-06-03 10:56:23,2018-06-03 11:10:45,2018-06-04 14:46:00,2018-06-12 17:35:45,2018-07-12,203a52b1145983c94fdbcbf514fe89ff,2018-06-03
0f32b97a3ceaa816f0ffa6af3ca4e0d6,a6b4224286518410d6a29b2b05d821b1,delivered,2017-11-20 16:14:24,2017-11-22 11:26:31,2017-11-22 21:42:56,2017-11-28 00:42:49,2017-12-04,8f90c831457ba0cf3172a739494f5640,2017-11-20
69097064067ca87a7fec01db107c5af3,d702c46368d5ae711bef0d3fe11c5e16,delivered,2018-06-19 20:12:57,2018-06-19 20:38:30,2018-06-28 14:15:00,2018-06-30 11:23:47,2018-07-12,990ea08bf56e7bf32dc4375aa8da230a,2018-06-19
9ba82750c563828973f933ffcd80febd,bc7e3a34cf955557bd1c2ee568aa9cf1,delivered,2017-03-26 12:50:16,2017-03-26 13:10:35,2017-03-27 12:56:15,2017-03-30 05:24:43,2017-04-17,5bbaaecaceed3b7b0b5226efd514ff96,2017-03-26
812b6f6a1efbfa5beae8ac07617fa0c3,c681ee0e01f73086435bbcc30cc1dc6f,delivered,2018-06-03 16:00:26,2018-06-03 16:10:46,2018-06-04 12:04:00,2018-06-18 17:41:12,2018-07-27,c36acb527b8f2c464abd036b879f4ec8,2018-06-03
62977d4590bfc4beeeada22ce07ae17b,532007b4b7629c6cd70fdd58e963f11b,delivered,2018-08-19 21:59:49,2018-08-20 13:30:54,2018-08-23 09:21:00,2018-08-27 17:54:42,2018-09-28,0b2d68f9e4d2d28dcce0d670234323c2,2018-08-19
f2597992f6da6f545223c8f3aac0a681,bcc60fefed836fce311047cb4ad6a504,delivered,2017-12-06 11:19:14,2017-12-07 03:13:09,2017-12-07 21:23:46,2017-12-09 17:33:33,2017-12-22,2e3c1ec925c0e468eea4848e1502ac1b,2017-12-06
187014511c3530fd1ee56733d975f14a,78b253918cda65d6ed0415f45d90ce4e,delivered,2018-07-02 18:05:02,2018-07-02 18:15:17,2018-07-03 13:56:00,2018-07-11 00:18:27,2018-07-25,90343176d1f7a39a5dbe16b545e935b6,2018-07-02
f7a7059f0d9946568a0892de75768327,e5c4ecd26f96f4c396a87c36e270d66a,delivered,2018-07-19 22:42:54,2018-07-19 22:55:16,2018-07-24 14:37:00,2018-07-30 14:08:39,2018-08-01,5c89979be936e2b8e12f245f1899836e,2018-07-19
bd502098a7ca3fa23c31d05abc57d7ff,878488bb3a3ab7b708f5cf05726b7f61,delivered,2017-11-28 08:38:18,2017-11-28 08:53:51,2017-12-06 02:39:50,2017-12-07 15:42:54,2017-12-12,2fda187cd4d79d3c9f69307821499b63,2017-11-28
debd2cf0f83f784ea6c6f0b7c6ed664a,7f9f7f001ca66df1f762a503a416cc61,delivered,2017-06-08 17:11:06,2017-06-09 02:50:10,2017-06-09 13:46:30,2017-06-14 17:20:11,2017-06-22,18cdc62233f6cf7e9c71291900e49eaf,2017-06-08
cbb7f51e60703b11747df0c449934468,5fd4c47ed0207d4a978f81aef45b939d,delivered,2018-05-17 17:43:13,2018-05-18 03:56:14,2018-05-18 13:40:00,2018-06-07 14:35:41,2018-06-06,7e91300f81139c618874a944a0ee0847,2018-05-17
e3f4b4c899325f23b973d9aee02d2071,a667da129180ee7f49d7ca633ffce577,delivered,2018-08-26 18:26:33,2018-08-26 18:44:20,2018-08-27 15:18:00,2018-08-28 21:22:46,2018-08-30,479d8ad9a1e3416a7bc7d21c840c60d5,2018-08-26
3bf5639554dc908f97a75a89878ad197,b19b36d4e73eb8ae96e441412f689369,delivered,2017-09-16 16:19:14,2017-09-16 16:30:23,2017-09-18 16:52:19,2017-09-25 21:28:47,2017-10-09,44ed2c2de63bfe22f6596547584d7372,2017-09-16
9a3682ac52b77c26f1d7a700b59ed9f7,f98e0cc32e5756e3862f4a9263807270,delivered,2018-07-17 17:11:48,2018-07-17 17:21:34,2018-07-23 14:28:00,2018-07-26 20:04:47,2018-08-17,25c88b7eff936d6a6fed64142b760035,2018-07-17
7208ed743ba6f3fb18b053cceca90240,37fa50b0a70463d905d00496703b997d,delivered,2017-07-10 19:58:16,2017-07-10 20:15:19,2017-07-11 18:07:44,2017-07-14 20:05:56,2017-08-01,8e2055281d566229b5926cb77be54f81,2017-07-10
e6b1546a7ed77ba5ca2c2077aafd3c97,62f020e3bc3bc2b3d02034b967456799,delivered,2018-06-08 19:09:59,2018-06-08 21:03:03,2018-06-13 14:27:00,2018-06-19 19:33:06,2018-07-05,31b1d873981ee105b2aa142be2ca3811,2018-06-08
a586b91c2af481ac6c9b08dc1176c65c,787f8c6311a284b2fe65747d3e7ac255,delivered,2018-08-06 18:05:48,2018-08-06 18:15:24,2018-08-08 15:46:00,2018-08-15 17:26:52,2018-09-14,0b75b025a4a23ff449139199715f8960,2018-08-06
3fdefa9c3acc81330a96d4a049368155,2f2d8f0427d9d1ee0220bb26d111e5fe,delivered,2017-06-01 02:12:43,2017-06-01 02:30:11,2017-06-01 16:18:05,2017-06-06 13:45:32,2017-06-22,03b8925633623755895d17fd3e0c3ed1,2017-06-01
050f9344068b604a9df9c01b12ded455,216a26630eaf7d8f93837ff9708aa0e4,delivered,2017-10-08 09:00:30,2017-10-10 03:56:16,2017-10-11 20:13:49,2017-10-16 19:43:37,2017-10-31,ea2a4a14c49ad9a9d64d2b7f91f0c293,2017-10-08
087b902fe8df6660b295f28f1d8f7c30,79d0540451c56f00f1d0d34f131d4a22,delivered,2018-03-08 18:50:11,2018-03-08 19:28:36,2018-03-10 12:04:59,2018-03-18 18:52:38,2018-03-22,6923204be0531deec064abd1c225b96c,2018-03-08
e0eec33f570971dd8325e85fddb084d8,bb5d86c066369404d8eefdce9dcc4811,delivered,2018-07-01 20:30:46,2018-07-01 20:49:58,2018-07-02 13:45:00,2018-07-06 01:31:31,2018-07-27,e4f65ad07474de26e437410317ea17d6,2018-07-01
24157de329cfc5610de79f904534eab4,c29c2483aec7d84d37613bd1dfb86df0,delivered,2018-02-25 21:50:31,2018-02-25 22:08:07,2018-02-27 14:19:09,2018-03-14 13:24:26,2018-03-21,d18385deeac8d9cc7f290ed4aefd2a2c,2018-02-25
6fa7108940c47458d4fb891b0b6a8a21,19669d038ed56a7ac64ccb06dda3e852,delivered,2018-06-03 07:47:53,2018-06-03 07:55:09,2018-06-04 12:58:00,2018-06-13 18:39:28,2018-07-25,532e63cfe1d8d3912a463ab130b1eda0,2018-06-03
e3e80c87ef38162cf2d0fb01c481f5df,5f52377aba982636a0de8c3c12128b70,delivered,2017-01-28 17:05:59,2017-01-31 04:41:01,2017-02-01 15:33:00,2017-02-10 08:25:34,2017-03-14,706d8bed4a8fad874e8090a15b498212,2017-01-28
7aca2690555556a5052d78400a9594e3,fe1c32c7f25bf28cc45421bb3f03274a,delivered,2018-01-15 00:04:19,2018-01-16 03:50:22,2018-01-17 17:37:28,2018-01-30 22:28:54,2018-02-16,ee9f9ec723f3347c4ad43a8797881708,2018-01-15
b62df733c346ba610dc254225ac7fd33,baffa91c51a0c1942f7137f17c27fd3b,delivered,2017-12-01 12:05:20,2017-12-01 12:31:27,2017-12-07 17:41:21,2017-12-08 22:58:48,2017-12-20,44c7963ca362e0740315b8db6824fbfe,2017-12-01
afb23e950af5ba7626b9fcc4e1c63147,14c726663ad6885d4bd8fc9cb2ce8393,delivered,2017-10-19 19:14:44,2017-10-19 19:25:59,2017-10-20 19:37:52,2017-10-28 13:52:06,2017-11-08,2168fa43345b9afaa92ec4064093df0d,2017-10-19
11e7f6565677c76d397e92859292a496,34a312ed7062ff88eaf16f9542aa2748,delivered,2017-03-28 17:11:47,2017-03-29 02:22:31,2017-04-03 13:38:39,2017-04-11 14:33:15,2017-04-27,93208d56371dd689936327f4376cf9ce,2017-03-28
524b32821380cdcaa2b6d3110eebcd7e,58a3ff566526539c7148b382f2236368,delivered,2017-11-29 22:19:10,2017-11-29 23:06:43,2017-12-01 17:12:25,2017-12-03 20:03:19,2017-12-15,6a8f804159a866574d2831e9651f589e,2017-11-29
c08d66a6714c940c505deae9b3916bcf,04da4cb5962496bd80f5d2d9de7a50b2,delivered,2018-01-23 19:51:48,2018-01-24 02:53:17,2018-01-24 17:15:42,2018-01-25 22:24:27,2018-02-07,2704c51638632d086d6b02573e1f60bb,2018-01-23
ce243573aa83a8e70bb99ca6133a210e,bea5d4b394a04f4303917b761d701115,delivered,2017-05-23 16:12:26,2017-05-23 16:23:09,2017-05-25 08:39:27,2017-05-30 11:23:56,2017-06-14,814d9ae5d4d804984bb04ddeaae658f1,2017-05-23
7559c7831fdca6cc63431fcd9c1fc3e8,64de6247edc57084cd878a222d47dd64,delivered,2017-12-22 18:42:26,2017-12-23 02:15:42,2017-12-28 20:02:41,2018-01-25 00:38:59,2018-01-24,c87751a1c86e4bf834d447a98eccdfac,2017-12-22
665d84d48d4c7c497117465e6f02f92f,9db61f02788ba2a816117b4d7dc2d58b,delivered,2018-07-10 09:13:20,2018-07-11 14:50:15,2018-07-26 15:11:00,2018-08-13 14:32:00,2018-08-03,71c98a01b26884386e5c68ac5b09054a,2018-07-10
1547fe713ab6b9d9cb20e31d7119497d,7c26da204a92b5e5e5a8f2752844e6b5,delivered,2018-01-25 15:30:01,2018-01-25 15:41:19,2018-01-26 18:33:17,2018-02-10 02:58:56,2018-03-06,a6c5cb20cd6f5dcaad778034d30852bd,2018-01-25
5008e6358df7e92655ca078e3f41b8a6,2deebc28cd9f7e51805a1e0c1d6853b0,delivered,2018-06-01 15:22:17,2018-06-01 15:32:03,2018-06-05 12:36:00,2018-06-11 16:28:45,2018-07-12,d981d8dd4f1d594552bd2ddde99fba2e,2018-06-01
71006ec1c5629f33a617d524fac26c9a,95808c3dec7a5527e2449eb78acc7dcd,delivered,2017-11-16 17:41:57,2017-11-17 03:50:22,2017-11-17 19:02:27,2017-11-23 19:59:40,2017-11-29,512b7b717b8a1bc7ba5c8dec58f9d66e,2017-11-16
29455cc4cdaac794ccacd95639a157d8,7b54af8469cc5523cff664b14aad6a8d,delivered,2018-08-21 11:42:18,2018-08-21 11:55:17,2018-08-22 14:28:00,2018-08-27 21:07:46,2018-09-06,df0f1ce8c5e305e941efb38831053632,2018-08-21
ba1e8a32b5beea75e9b61b07255694de,04d5e61e7fce0006c484f168e0b7bfdc,delivered,2018-06-14 09:38:59,2018-06-15 09:39:08,2018-06-15 15:27:00,2018-06-20 16:48:38,2018-07-12,561ba7daca078167a3ac0a89afaf419f,2018-06-14
212c76a2134c9695982fe8f004a57dc0,7745cf61130162f1639e8aca053a5655,delivered,2017-04-19 20:46:36,2017-04-20 22:15:13,2017-04-24 18:56:04,2017-05-05 14:53:03,2017-05-15,da8a30f096998be524bb7762f34ae7ec,2017-04-19
275a683f9d935da3b306ef3b0260f965,2b181c4b0b19ba2fb48a8414417addb1,delivered,2017-03-15 20:09:19,2017-03-15 20:09:19,2017-03-20 13:14:26,2017-03-24 16:37:41,2017-04-03,9ee6e1d946a329826a4b856b60b8f017,2017-03-15
56ac176cce8cd75ac6c33592cfdea88b,255fb2b89d8189122d5ad8d98c194dbd,delivered,2018-02-19 09:22:19,2018-02-19 09:35:26,2018-02-20 17:22:31,2018-03-06 15:47:42,2018-03-13,f65e6ea977a83f7c2d41251fc53a9485,2018-02-19
da57afb5411cc92dfeca3968e90860f7,38d56040455a30932da04243fc8c6ea6,delivered,2018-07-15 16:01:06,2018-07-15 16:15:16,2018-07-23 14:53:00,2018-07-30 23:12:24,2018-08-15,bb78c191165dce34c38f2363d4710e99,2018-07-15
50dfcf67e810d36666fa94f1a77c6d49,a4cc365cec41ae5dca9c112b9b0f141e,delivered,2018-03-12 15:56:38,2018-03-12 16:15:44,2018-03-13 23:34:42,2018-03-20 17:12:19,2018-04-04,d84de07965ed310081a83c11d34cd270,2018-03-12
702e61d4bba44a63b2a6efcddcc8e78c,d99c9cfb89e5b64a16d62121012c02de,delivered,2017-03-25 11:51:39,2017-03-25 12:02:50,2017-03-27 15:39:54,2017-03-29 16:34:17,2017-04-13,40cfeac5700ad2018ecc5c8e651afd0c,2017-03-25
0a791a17784db64bbc47f6b666011d9e,9c784dd2711ee49ae9ce0129ec0a1184,delivered,2017-08-02 12:32:26,2017-08-03 03:10:29,2017-08-03 16:17:38,2017-08-10 19:25:33,2017-08-24,2407d70d5ed17f1a306676228d34d846,2017-08-02
fb817ea806c048bee0ee533d3c56f27e,b726e3d44aed0d21b38005eaff8ec0f5,delivered,2018-06-11 16:18:46,2018-06-13 02:37:00,2018-06-18 16:36:00,2018-06-20 21:25:22,2018-07-03,255895b4ce5caa5cd2fe0ed1f9fe2a8a,2018-06-11
e114923f818130cb74183d70a5d22371,e5a3520facb20857810f7bc4db5564c1,delivered,2018-01-17 06:39:49,2018-01-19 02:37:46,2018-01-19 21:36:54,2018-02-01 00:19:46,2018-02-16,453b72905444033fe50ab13b9d592ff8,2018-01-17
6a163a5da50d7a062335b70a8108a68b,135ac351f2c3ae79e0cc6af3a2827538,delivered,2017-09-03 13:48:26,2017-09-03 14:04:19,2017-09-04 21:15:41,2017-09-05 13:13:52,2017-09-15,09aff80ce527603d0bc3464cd2c86230,2017-09-03
d85964274bc133ecec1d771ed78e0f80,e5e20842ec1ce909eb1bf0fa00f66887,delivered,2018-01-14 16:17:04,2018-01-14 16:29:00,2018-01-15 17:46:48,2018-01-23 20:13:36,2018-02-07,7823a8988612aff9a03896c51e2c5f7b,2018-01-14
09f929ce6d526af69a12f1a54230e396,3304a1e2854d3ad5e262862bee223291,delivered,2017-05-10 13:20:12,2017-05-10 13:30:15,2017-05-17 16:18:04,2017-05-19 16:32:07,2017-05-30,78e8cad870ae10b45baff055e17e9ec6,2017-05-10
3bad8fb6fe7c6a350d5a616611d7500e,98d5f7bf74a11b549a56682e707663a6,delivered,2018-05-15 16:28:51,2018-05-15 17:14:50,2018-05-16 14:47:00,2018-05-17 23:08:36,2018-05-23,715fae12e7a1ae5260380dd42b8152d3,2018-05-15
9f412f386995efffd83915f323716b64,8ead9fcb2090bb3c3d93391254dac941,delivered,2017-11-06 15:07:33,2017-11-06 22:36:42,2017-11-07 19:03:08,2017-11-22 22:18:31,2017-12-06,530536811a54b54504e35183447a8ecf,2017-11-06
6a96e0fe44fbaf356a77f9cc21365334,76cd5adbe1b612250ad5ea8881a75cdc,delivered,2018-01-14 15:05:15,2018-01-14 15:31:00,2018-01-16 16:58:46,2018-01-29 18:12:18,2018-02-14,7b22779f6d27e3f851c29ce6601ba748,2018-01-14
0133a47b53fee66218790a8d7dcab993,0663e652f8793c2d4eb77e8185a5747f,delivered,2018-04-20 19:05:03,2018-04-24 18:59:19,2018-04-23 17:33:54,2018-05-02 18:07:55,2018-05-22,73407e0f8a211899dab47838a5f723e1,2018-04-20
bd5a9582291175251c3dee0c4a87761a,4ef66ffdf74658c7f365451460599f0c,delivered,2017-07-21 16:26:42,2017-07-22 14:23:05,2017-07-26 11:21:43,2017-08-09 17:34:54,2017-08-28,c312b27c007295724dfeb02d597a8667,2017-07-21
3a0bae7f6e06392212474608b9093e00,fa55ffcff8a89ef0d5de88fc3d15e701,delivered,2017-10-27 00:01:16,2017-10-28 03:07:12,2017-10-31 16:53:50,2017-11-06 19:09:48,2017-11-27,deda25e29fcbbc568f8ba8db9ff2137a,2017-10-27
619938bf55625c762a49ebba395e2eb5,55a1df4cbac7aa59f3bcdb5264128349,delivered,2017-11-29 01:40:17,2017-11-29 01:57:26,2017-11-30 14:54:00,2017-12-11 22:32:36,2017-12-20,36e92cef0404987afc69ee7dbf98b818,2017-11-29
037e4ea044a589bcfbceb43210ba7024,8915549cc658e933b96113235c64ad9d,delivered,2018-02-16 08:56:37,2018-02-16 09:35:24,2018-02-16 22:37:15,2018-02-22 20:02:58,2018-03-05,249847a6866de0a2ece910f8aea10e4c,2018-02-16
8b04ab3b98e9fd714d324f48532a0242,2353645df46ac103d5956d292984ee76,delivered,2018-03-25 21:39:02,2018-03-25 21:50:32,2018-03-26 19:19:27,2018-04-04 00:37:43,2018-04-20,13d3d207e4ac57b9e22c050062ce7ebc,2018-03-25
87d28de656e647d923b2d821a32c79c4,eacde47a3187282a48d907fa9852e740,delivered,2018-08-04 00:42:23,2018-08-04 00:50:19,2018-08-08 16:18:00,2018-08-14 19:18:47,2018-08-20,ef741390245c62d5c1f663c3663df6fa,2018-08-04
019b8e16e30c8b9ad9bf87e039a27765,fe9cb076acaffbee858187352e2f7266,delivered,2017-07-25 20:10:18,2017-07-25 20:23:21,2017-07-28 18:08:04,2017-08-04 17:42:22,2017-08-16,15cdca72d93fc92eab25e4484f9fcb88,2017-07-25
5400e2987acb955ee428c73ca8f28a76,810b0fa7210f36cdb9e652979872e4b6,delivered,2017-11-29 09:36:43,2017-11-29 09:49:08,2017-12-04 18:22:56,2017-12-27 18:34:05,2017-12-21,cdef82d388697314d97a48b7a460af75,2017-11-29
b0813cb694144c210d05f8c96ef7f2bb,27aa5a306d83e3f9249e4464ab754b17,delivered,2017-06-04 09:19:43,2017-06-04 09:30:14,2017-06-05 14:19:35,2017-06-13 15:27:44,2017-06-28,f0db355682106e79f4eedfacb48c6499,2017-06-04
80092307dc8a515d508a93a24516a62e,a7c44bb8aa9c0737ed95216600460b84,delivered,2017-11-06 21:54:35,2017-11-07 07:30:32,2017-11-08 18:18:45,2017-11-24 00:46:43,2017-12-05,6d1d129c5d436ab5291628643ca34343,2017-11-06
54282e97f61c23b78330c15b154c867d,4b7decb9b58e2569548b8b4c8e20e8d7,shipped,2018-09-03 09:06:57,2018-09-03 17:40:06,2018-09-04 15:25:00,,2018-09-06,ff22e30958c13ffe219db7d711e8f564,2018-09-03
87a6319722874912ff7c7462e2178343,1d3c7e2ded18ae5792a4b48e2379169a,delivered,2017-09-30 07:36:01,2017-10-03 04:04:59,2017-10-03 20:12:24,2017-10-06 22:48:00,2017-10-27,e6b1734f8de4635da2c51cd2239722a8,2017-09-30
fc44f1ca335ffb4a85d6b111dda4b531,4f624aa6b5f7d34e839b14a44982b485,delivered,2017-08-27 17:31:39,2017-08-27 17:45:16,2017-08-28 20:02:42,2017-09-06 21:23:35,2017-09-20,a19618a3a0b75933904d5ee9d3ed6d21,2017-08-27
3dbbfe7e312f28ebaf69dc5033b96438,5003740ba052e3196b63cedda4ee3049,delivered,2018-01-01 15:20:38,2018-01-02 20:08:06,2018-01-04 19:53:39,2018-01-17 14:14:01,2018-01-24,e7a57c5b35cdb485d352afad87560042,2018-01-01
372e38c46b10798d4ecd75d4dee7c5bb,099ad0974e8f18865f3c0aea78af8b56,delivered,2018-08-22 10:16:30,2018-08-23 02:50:23,2018-08-23 14:07:00,2018-08-28 12:58:45,2018-09-17,0e8086b5bc29298fd8da659b9a7c52f7,2018-08-22
f1b19188d070474e6b24f5e12da6ef4c,44485248f680a12db8e824608a32de41,delivered,2017-12-01 13:46:43,2017-12-01 13:58:50,2017-12-06 21:28:33,2017-12-12 16:33:46,2017-12-29,b56a9485cd8a9ec00c366912cd29c809,2017-12-01
2478162af45c03e2a222e61c781e9209,21f5fa238d74db2e4dfc38d2e6d4bf94,delivered,2018-04-05 12:20:30,2018-04-06 03:10:17,2018-04-07 01:26:24,2018-04-13 18:36:51,2018-04-24,07216c3351ab63d5087691e3324da3e2,2018-04-05
33315f815f0bf4c95cf6b4dbc3c89024,7b145ff64333cc07e73ced4d598ba9cf,delivered,2018-06-12 00:22:51,2018-06-12 00:40:44,2018-06-12 12:00:00,2018-06-22 18:06:41,2018-07-11,1f00d2a063576c8ba62d09d1c59a0c6e,2018-06-12
a7d16178d0bd9c68a2ad17d3f7b15238,0ac6e866456134e119bfe219a91cd925,delivered,2018-05-15 03:32:54,2018-05-17 02:55:36,2018-05-17 09:33:00,2018-05-18 21:28:40,2018-05-23,e2439c7b04c3500e7a4aa7a208e78f70,2018-05-15
33be8f753213f33b10851959bd13093e,191c76dd5f87ed89f822cb10bf67f93d,delivered,2018-02-25 18:55:59,2018-02-25 19:10:38,2018-02-26 22:46:41,2018-02-28 14:17:27,2018-03-12,d597e934428b9cfdbc7cdd395c3223f3,2018-02-25
d14cc71ad2d00bf56df0686d956d6ac1,656f190621445a8ca7c35eeffac3ce15,delivered,2018-08-03 10:06:28,2018-08-04 04:10:36,2018-08-06 15:40:00,2018-08-10 22:07:33,2018-08-22,9e4251942b07e2f74ebaaa07d62df0b8,2018-08-03
377e5b3fd806424e7a9aa72e8b36bb4b,08a2d7b182aec71c41a5f666623bb18a,delivered,2017-06-23 13:19:43,2017-06-24 02:43:20,2017-06-26 17:29:43,2017-07-04 15:06:29,2017-07-18,d9b562edecb017bdadf73a12e5f63201,2017-06-23
67bc13a75930f4cf503a251f12328045,c19b62621627c6a7cc64d317ecdd96ed,delivered,2018-03-20 08:46:45,2018-03-20 08:56:10,2018-03-22 03:24:32,2018-04-19 14:54:45,2018-04-10,73fb607f7f03de13536aa056308f5b92,2018-03-20
ec9fb5672156edeac876e628a92456c0,674a31639c206a92e7077f033dcd56b7,delivered,2018-03-11 16:30:56,2018-03-11 16:47:44,2018-03-12 17:02:58,2018-04-07 00:38:27,2018-04-02,c40698869e63dc7c57f3f66e767e7287,2018-03-11
c1499ec470fbfa0a44ba5d94f3a16ab2,fed211da19560ffd876f33622522fe93,delivered,2018-06-01 21:59:58,2018-06-01 22:15:14,2018-06-04 13:17:00,2018-06-14 16:36:33,2018-07-19,cb36d0f12c99d07935b706269045f613,2018-06-01
bd6b1316314a1f12d58ebf467f3f2d80,54405ff2342ff9d9412cbb098fbbaa44,delivered,2018-06-28 20:37:53,2018-06-30 02:52:32,2018-07-02 13:49:00,2018-07-10 00:12:10,2018-07-24,f43d478c1c93eb6f2cd70a95b7f59df9,2018-06-28
d3cdcf5216c68dafd7a510a4d1c24684,b67461e3f398c5f3350fc89cc61ab299,delivered,2018-01-12 16:19:27,2018-01-12 16:29:43,2018-01-17 19:32:23,2018-01-31 21:55:53,2018-02-26,0414185297505b92744bff2f61522a82,2018-01-12
ebfd84fa76eb56fdefe0b656500fac4d,a5ee477d5af9fcafb0b8fee8431d2fbe,delivered,2018-03-22 09:49:40,2018-03-23 02:15:48,2018-03-27 01:06:43,2018-04-05 17:27:50,2018-04-24,52dacc3907c591494ac9e7cee371f490,2018-03-22
041273e1165dd64068aa28edb4a0cf5a,2e5091c4326d04e10780f540758d9893,delivered,2018-02-28 16:31:27,2018-02-28 16:51:32,2018-03-05 20:14:47,2018-03-13 00:44:30,2018-03-23,d20a76c8a200c89cb97ab6e8ceb3bada,2018-02-28
bca45e92990f2f54a8aed374b160f2e8,7507f211ea95c47967796e60738a3ca2,delivered,2018-06-11 15:04:13,2018-06-11 15:20:03,2018-06-12 13:42:00,2018-06-18 23:07:35,2018-07-03,8fc36b27f5126ceace8c8c2b659d29d9,2018-06-11
9f08489576931e7c0cdf197de8864727,5ec9666400fe1383b8ba0b5a4f0c1f82,delivered,2017-09-20 12:42:20,2017-09-21 03:05:03,2017-09-22 00:08:14,2017-09-22 19:20:14,2017-10-09,fed3e972045fed1cbe3221a24f812f0b,2017-09-20
d4e093fd69adbd71da43cf5f3bf204d4,37a5fe17fc5ddd12a508ecff5db05a09,delivered,2017-09-27 14:42:21,2017-09-27 14:49:40,2017-10-04 06:46:12,2017-10-19 19:54:16,2017-10-16,0197bf8828afdb5ef6a6f7446a52607e,2017-09-27
ec1692cdaaac26359dd2b8da5e6a409f,bf1f1943a062f996e5d32bcb5662b10f,delivered,2018-07-27 05:30:50,2018-07-27 05:45:09,2018-07-27 13:45:00,2018-08-08 16:08:33,2018-08-15,f377461b37160ea383bbb3535714ba31,2018-07-27
8722ed50581fd85128231850633f5943,051b80197d5cc128176487c0172c3495,delivered,2018-01-23 18:26:29,2018-01-24 17:24:31,2018-01-25 19:23:33,2018-02-16 23:08:50,2018-02-20,0addd090eca5ad9227f95c437b392862,2018-01-23
adc2f0c9fd838d820339f8220c1adf08,d16ddf649debf65863ac0f1738584de9,delivered,2018-06-24 10:09:52,2018-06-24 10:37:19,2018-06-28 15:41:00,2018-07-02 17:12:52,2018-07-20,fb920961e4d8e55fd9c357976a611765,2018-06-24
b83f87939464fd2df0c244550e184e5a,4c13421bd28e889484201164059e6df7,delivered,2017-06-27 11:58:13,2017-06-28 02:25:24,2017-06-28 13:39:43,2017-07-03 18:04:03,2017-07-17,1019ed18792a025e05472c55766c34a0,2017-06-27
611f544f53c61bfeee1a6923ea8555a9,c60f17355c341bb9008e70012da7ba70,delivered,2018-01-07 10:12:32,2018-01-07 10:19:20,2018-01-10 13:03:09,2018-01-12 22:19:56,2018-01-31,5f64321707b93bbc4a5494c5a77f3580,2018-01-07
6775b950cdc4da0ce39b261032f92c84,c4d135422be0d4333f506acde8af9419,delivered,2018-06-13 12:19:26,2018-06-13 17:39:14,2018-06-15 13:09:00,2018-06-16 17:48:30,2018-06-28,5f684afb3d1a02f2787e80cb0eee6e02,2018-06-13
317fa0bbb4e4778148c67db78acaff49,a6aa8b8c736d70055ab404479f39f528,shipped,2018-07-19 00:44:46,2018-07-19 00:55:24,2018-07-19 11:35:00,,2018-08-02,e9e9aa9ebf0957826090f74c9f5fd4e4,2018-07-19
3c4bb7f6331faec0e9dbc045d45f04d7,9da9f8e848345e991dc948bbf273ad4f,delivered,2017-08-07 11:08:44,2017-08-07 11:23:42,2017-08-07 17:40:11,2017-08-08 20:03:23,2017-08-18,6da7abe01a03bbe8f27a28937c8abe70,2017-08-07
f6ac0ce30d1405684969749ebc798f94,d6584c0010456a8b5032992b53d0a2cf,delivered,2017-12-12 22:13:30,2017-12-12 22:32:33,2017-12-13 21:32:41,2017-12-14 20:18:37,2017-12-29,9fe8cb705d35cf54025160f9f01b7cc4,2017-12-12
25be27a5bc17c6ccd29b5839526651a2,cb172aa9a2f58938f75029fa772af3a1,delivered,2018-08-16 09:59:36,2018-08-16 10:10:12,2018-08-16 14:25:00,2018-08-20 16:28:50,2018-08-30,eb0fcaffdcd9a3e46e7eb9c4bee90cd2,2018-08-16
4cccc0d35e7c7a0dc766ad3c4043e33e,75295919398404a05b83a05a22506b41,unavailable,2018-08-10 09:32:32,2018-08-10 10:50:21,,,2018-08-15,9343f3f5b50a126c8ca3d34b83d69197,2018-08-10
16765dc16804d7fd055e9fd68b14da71,c500a1935374c6fa8e99fbea630b85c2,delivered,2018-02-15 11:01:57,2018-02-15 11:30:25,2018-02-22 00:15:15,2018-03-15 00:23:41,2018-03-15,aa1b65b4452dfdcc30c0eb040521c614,2018-02-15
158bd22d56a1fc1a765a710089e1d47d,a6b9a70db44eaa219a43483a0c4df5eb,delivered,2018-03-02 16:05:55,2018-03-02 16:15:33,2018-03-06 23:21:25,2018-03-08 18:04:09,2018-03-20,12a58098f27b00d10cf51bc6f9e4c261,2018-03-02
c51ae569d8e986c7ebb73803ead54947,44f68ed233f609aa42bb4ed3a135b15b,delivered,2018-03-21 23:40:37,2018-03-21 23:50:47,2018-03-23 19:19:45,2018-03-29 00:38:38,2018-04-03,4d42825e877b6ab33ff190cb72814721,2018-03-21
2c8ed3dca8e0a057095326257777dda2,e7bd46f72cdeae13c37e0b46bd58019e,delivered,2017-11-15 23:18:58,2017-11-15 23:35:20,2017-11-21 14:27:42,2017-11-30 19:47:38,2017-12-05,4c8435d3bb762a8b99931fbfca190ac4,2017-11-15
9f9fcafe161fda526a049aaf3fc6f36f,3286627b74385430fa8ec37cfefa61aa,delivered,2018-03-22 14:48:03,2018-03-23 14:50:29,2018-03-26 15:12:45,2018-03-28 20:36:45,2018-04-04,54413e4580b8e333dc214c227b5caa90,2018-03-22
bc45b02374684d220defbbb4648a809e,e8a0a9ec09b65ef0c9e116631661ac7e,delivered,2018-07-26 14:00:33,2018-07-26 14:15:14,2018-07-27 12:04:00,2018-07-31 16:04:03,2018-08-09,3f25d002dc6c5203197943be44869f58,2018-07-26
3f49c44f8daf2224823379331514a723,af0e505d980484f4c3e56e8b818127a8,delivered,2017-09-20 11:21:14,2017-09-21 02:56:00,2017-09-27 20:57:49,2017-10-21 03:56:50,2017-11-13,dff33bfc45ae0becc55ce9b50acd4073,2017-09-20
9e0129e16582f12822d2b9bd92c8d6d9,9f2bf587d80e976bb4e0f6a81511a0ff,delivered,2017-03-10 14:26:01,2017-03-10 14:26:01,2017-03-14 13:07:40,2017-03-21 14:33:16,2017-04-03,9cff2f5681aa3fc9c27b7bd091a69430,2017-03-10
b310a5cacafc1233286e34caf4fe9135,5b2963e145514883b2f08d2625b6ff6a,delivered,2018-03-20 22:20:31,2018-03-20 22:35:36,2018-03-21 19:15:39,2018-04-06 17:34:52,2018-04-10,ba7674c3d15d5a0b9fa46c862925efd5,2018-03-20
2b8707bd8d89fbfd17af1dc3373c2875,8c555e6b3106e278f1c88251226cdb48,delivered,2018-01-04 00:55:30,2018-01-05 07:32:35,2018-01-05 21:28:50,2018-01-17 21:03:34,2018-02-07,39e99ddb5ae1904f14cf42243a6641d4,2018-01-04
512cb4c82f7b26c042549170d150ab45,bc0b50b0432842e3512981fce40a5e1f,delivered,2018-05-11 18:34:36,2018-05-11 19:01:11,2018-05-15 15:39:00,2018-05-17 19:29:30,2018-06-12,96734f9252c53f142a7a07a96274d12c,2018-05-11
19dec7b3d6fb0a5d9407f7274da21398,5482e393d424f7c7a91385e62ff29fdd,canceled,2017-04-17 18:22:04,2017-04-19 10:25:13,,,2017-05-23,9b5427f064283ebd4f23ee679e223555,2017-04-17
945b9cf3b3027c9adf24bd22998ce728,ebe53a4a297aa1f31438e020bb006ef1,delivered,2017-11-12 23:11:39,2017-11-15 10:25:11,2017-11-17 21:21:34,2017-11-20 16:22:05,2017-11-28,aa675da7689d6205d9821104b41ae2fe,2017-11-12
123e27a1a4d0b2481d8618ac3dff7d4e,1fe4c3902c5bd6510a869b3d4fd3843b,canceled,2016-10-08 12:44:32,2016-10-18 15:19:08,,,2016-11-18,123ecbb4fb560cff85dd1072dd0a613d,2016-10-08
abf8d2c3cc9ffa42db0103106b061889,6bf53c0067f2767fae85806f61e89187,delivered,2018-05-08 08:23:21,2018-05-08 08:35:23,2018-05-08 13:20:00,2018-05-15 16:52:15,2018-06-08,d63557b4214eeb1483d965ed43860fe4,2018-05-08
abb6ee8df76cd626afdcf19cec0d62bf,abeeaa3eae477c102aac831feea6c8a1,delivered,2018-01-25 21:47:56,2018-01-25 21:57:26,2018-02-14 19:19:11,2018-02-16 18:08:24,2018-03-02,670f6193cbc595fa1af1daa9f31a936a,2018-01-25
c161b053af12f2e1a9562da2f4901b78,29d53b94d4f30c11a33b9555ce6a9639,delivered,2017-08-30 10:38:59,2017-08-30 10:55:10,2017-09-01 15:14:01,2017-09-06 22:12:02,2017-09-21,7b36f0eea1ec45d1930553b751265c58,2017-08-30
582aa197b0713dfddc6b2f99fb79941c,f1c040469c753959928b6333e76c3609,delivered,2017-11-27 16:02:03,2017-11-28 03:20:00,2017-11-28 18:57:52,2017-12-06 22:51:44,2017-12-21,5d2271e432a00e8f6946d01d86d68127,2017-11-27
908c80ba9160e9d87007015b15aada39,64c41bb59704243384caefdb488fedd3,shipped,2017-10-23 19:56:28,2017-10-23 20:14:16,2017-10-24 20:36:26,,2017-11-13,26ca20ff263502c115769540069e351f,2017-10-23
083606af9191f3c3119ed90e616df1ca,24438521febd6fffbfe369c24f3fae11,delivered,2017-09-05 11:59:59,2017-09-05 12:15:48,2017-09-08 19:27:54,2017-09-18 17:58:59,2017-10-04,bd7491d137efc5fafb7a295bb2d238f7,2017-09-05
9aab0bd41ca1b740b564ea50fd2440ed,c100ccb56a508a6c51e0356f2acd003d,delivered,2017-11-27 13:57:46,2017-11-27 14:19:48,2017-11-27 22:10:23,2017-11-29 22:05:31,2017-12-11,0bcb3e81d072ed713829e94af9cf157f,2017-11-27
5c6f7bb0fd181620de8ef994024ef461,b16914f7da3bcb393356ec5a35d59a51,delivered,2018-03-18 19:53:26,2018-03-18 20:07:38,2018-03-19 23:54:38,2018-03-26 23:03:24,2018-04-05,7babc7fa23c90c950ab4a919f1d4c00e,2018-03-18
aca9d1c54db4b2896b2097b04a5d5cd3,5953f7cdc8dc637411b0dcab7458cdb9,delivered,2017-07-26 21:53:51,2017-07-26 22:05:46,2017-07-29 01:32:41,2017-08-04 21:38:02,2017-08-18,ea090d86f17ad29e99d52f69a92a95f4,2017-07-26
83924e024872f99a5ff6ba31d7161b91,999a5a0c6392eb8b6d55c52de803c2d5,delivered,2018-06-10 18:29:18,2018-06-10 19:12:17,2018-06-15 16:35:00,2018-06-22 22:41:39,2018-07-11,b2424567663c456c96cb77835f99fbe2,2018-06-10
a526fe23020ad8b0d2b1081b7f769452,c4ab9534c84e6ebbc22853ff357ea2ae,delivered,2018-06-23 10:27:01,2018-06-23 10:58:46,2018-06-25 12:53:00,2018-06-28 13:16:34,2018-07-12,803370695e05d515d9e3b347a425d2da,2018-06-23
213b90d88023016a64a20f6f19d2aac7,438494eb27072923f90611c1a83f9a41,delivered,2018-01-18 19:47:51,2018-01-18 19:55:22,2018-01-24 00:51:59,2018-01-28 16:35:41,2018-02-02,eaabb73ed5cdb66c90671bd99e9336ba,2018-01-18
e519605fdd48a30db0db34bd66f8502e,2edd9cee1db6ad3a898c7d9daff1830d,delivered,2018-03-26 14:24:48,2018-03-26 14:35:29,2018-03-28 03:52:24,2018-03-29 22:24:43,2018-04-06,14209f92a87d9f2fa4bc67533685527b,2018-03-26
bbd319ae8e4b461016cbc0387ff87649,d8d10d6a6b386cd6bb3b70190511f3fe,delivered,2017-11-19 02:18:35,2017-11-20 02:28:04,2017-11-21 19:03:41,2017-12-05 00:03:40,2017-12-12,9d548607aaf242f7c925bef5c5a27abb,2017-11-19
23847650c6dde17cb17a2b180af209bd,5cd9fc7963b3174bb6a03ca0d970b2fa,delivered,2017-11-18 23:10:58,2017-11-18 23:26:05,2017-11-22 17:03:42,2018-01-11 22:08:23,2017-12-15,30f672cf8a6be185cc5bc2729078b52a,2017-11-18
3e8b14802154e650128119d2b60c045d,9dc59c8521403213441fc4a6b5044d20,shipped,2017-08-14 10:51:24,2017-08-14 11:05:21,2017-08-14 20:22:55,,2017-08-25,2c527e7b061f27a76017d438488fc10c,2017-08-14
dbc6163631edab2e963462a16fbd7e8d,28dc8a4ad2a2730d6bec6cee7be35a92,delivered,2018-06-24 17:26:38,2018-06-24 17:59:11,2018-06-26 15:16:00,2018-07-03 21:48:29,2018-07-19,a3b587538d052757272cee6a79b1f4cb,2018-06-24
ebf89b8a3abd6ac66f597f269e84c3dd,e5a5989a40570799ba8e0f8329e5666b,delivered,2017-04-11 17:24:00,2017-04-11 17:45:17,2017-04-18 08:07:10,2017-04-27 12:09:21,2017-05-05,7a75a25ecd1ced4625d10258fed930ac,2017-04-11
174e79bb542ecdb5565ec80e1c2d1faf,da5c8804f4a52e2e5dc883d06cef4f16,delivered,2017-10-04 01:20:14,2017-10-04 01:35:20,2017-10-04 15:42:12,2017-10-09 21:17:58,2017-10-30,40cf64a98f1d821ba358d389ca67da4a,2017-10-04
a7f3eb9a2e38d344a3311dbbf4c5d9ba,5bef7bd0989f84e5cb0cafb53e005c0e,delivered,2018-02-12 09:11:31,2018-02-12 09:48:43,2018-02-14 15:53:04,2018-02-19 15:47:08,2018-03-06,b11298d6219d5905a7d03447b8fa4be2,2018-02-12
9cd721f408e8bf94b981ebe34f7007c4,61982aa3edd7c23a3855ec6dd5c21905,delivered,2018-07-26 08:38:51,2018-07-27 08:30:50,2018-07-27 12:06:00,2018-08-01 16:32:19,2018-08-17,40bbd3e4191a616a3fb2945f971c834f,2018-07-26
9d9fcb45ee8881b84ca11e65a913941a,61c25529de8b4b286ad86c5b89ef1f71,delivered,2018-07-10 00:21:12,2018-07-11 03:10:10,2018-07-11 14:34:00,2018-07-16 13:26:36,2018-07-30,7f68389bf3a90ae30f7da04f5ae7a7ca,2018-07-10
774948f6702fc1d316b81f28fea3de9b,b1e400431e457864b28ee85866c790a5,delivered,2018-06-04 16:27:31,2018-06-04 16:52:49,2018-06-07 14:23:00,2018-06-14 18:22:29,2018-07-18,f24ae58572be5855ab7ae1c211bbb810,2018-06-04
a2c93edc2fa319d3e6aa9e18dc4b3b19,ecd3026f2f4b19561b6c62b22fb0ef1f,delivered,2018-03-05 21:11:57,2018-03-06 03:55:57,2018-03-07 23:04:28,2018-04-04 15:55:50,2018-03-27,0f64aefb32ed287234718a05705872b3,2018-03-05
4384f1e73716020a06569f0802ad8c38,25228ecdc91aec16dead8e113f1ae4f6,delivered,2017-11-02 18:04:18,2017-11-02 18:15:27,2017-11-06 11:27:38,2017-11-13 17:14:34,2017-11-23,0c4de6166473ebccc47d8d045657540e,2017-11-02
1065903aa19adc7f920d47f2bcd0a5fe,e4940b444bf0958f2d625147c4b029c8,delivered,2018-03-08 17:07:04,2018-03-08 17:40:35,2018-03-09 21:04:15,2018-03-14 10:03:34,2018-03-21,baa890c20a0b15e842a03eb6e041047e,2018-03-08
2717515e891cf11d6bd51b0bfa03bacf,bed4351d1fc3218ff51731add5ddc581,delivered,2018-08-20 20:38:32,2018-08-20 20:50:24,2018-08-21 13:29:00,2018-08-25 00:09:50,2018-09-14,ffc4e1cd8aa220763480d0a18157c45d,2018-08-20
eb2e026bae01f340ff4c0cc9aad6aecd,c69ae1f41ba74509e754afb5b49fb29d,delivered,2017-07-06 14:49:01,2017-07-08 03:25:50,2017-07-11 11:56:40,2017-07-18 16:14:59,2017-08-01,68abb22a309ad287caedcb7c8f556a63,2017-07-06
02714865c4c2f281df219af0a56ffeaa,04449133b1f1b228059b3c539fd03ed7,delivered,2017-11-30 22:21:04,2017-12-01 10:31:07,2017-12-06 12:26:00,2017-12-12 15:36:38,2017-12-26,d0d416547ab8413475de3b35cfe92bee,2017-11-30
e996a03662988d5ddce1d6bc5cfcde64,2866d33ae18bc1d0b32f3736dcf7ea3d,delivered,2017-04-06 19:24:58,2017-04-06 21:02:48,2017-04-07 11:07:32,2017-04-10 12:44:00,2017-05-03,bb36de8de6fa742532f659a9a84b8779,2017-04-06
3a65edca4808817234bc2f2d84576af3,c144f59368d920463bfa38944b893f1f,delivered,2017-05-23 11:58:50,2017-05-23 13:06:44,2017-05-24 10:50:22,2017-06-06 11:08:00,2017-06-19,6238d929c779da016e910dfbd271da57,2017-05-23
18709a2aef5a66689133dba02a13e5eb,55b0a3a6bb6481d8ff89b5ce1b605f5d,delivered,2017-05-07 10:16:51,2017-05-07 10:30:09,2017-05-09 11:27:16,2017-05-15 12:09:40,2017-05-31,1d383678ba387a5b2df2b186716fc764,2017-05-07
0c2c3c3a68e0c7184832879c6fe55a94,01993877990b2565abd4e3d741c45b79,delivered,2017-07-27 14:46:10,2017-07-27 15:05:13,2017-07-31 21:56:59,2017-08-07 22:39:26,2017-08-22,9e6890852705a77f9e1ad72395131f27,2017-07-27
c3bc950aed66e7b8176ffb5223639f03,0dfb5e354867126d5a1cadbe738c4456,delivered,2018-03-27 10:04:30,2018-03-27 10:15:25,2018-03-29 18:18:35,2018-04-17 20:41:47,2018-04-16,77cde19d9149f8fbb9e207c778fcd269,2018-03-27
3becf59664a588ac335a36f2a08e2d2b,2fef57f217a4ccfd0d8e3bfe20ed20d8,delivered,2018-08-03 07:43:41,2018-08-03 07:55:16,2018-08-03 17:43:00,2018-08-08 13:18:41,2018-08-20,d6f7809726f5602f3cfa13c9e0707f25,2018-08-03
65f36d6fd08d0f90ea414c2f8b5097a7,3ad5f3f5f6bb3962f9bee8fd905815f9,delivered,2018-01-19 10:50:58,2018-01-19 10:58:25,2018-01-22 16:53:03,2018-01-29 17:28:41,2018-02-16,72ae79e891b057b55998fc876c493b98,2018-01-19
68312204137d7cded8f29f0c09a87b06,448b1a16f67650b746c0c8e0dcfbea36,delivered,2018-02-11 16:35:36,2018-02-11 16:48:01,2018-02-14 23:32:41,2018-02-24 15:03:50,2018-03-06,d60a9e79d708812477d8facaff561160,2018-02-11
a52afd16d0515dd4fa072e7e8395f99b,763ca26456f2d026162a638e3593b1a7,delivered,2018-04-27 11:24:34,2018-04-27 11:35:27,2018-05-03 14:16:00,2018-05-08 20:18:35,2018-05-17,40103192bfb097e6c0eeea0124df7dd6,2018-04-27
3ae9e8770c3e0d0f1248cee90d8f43b2,d9cfa28f928ddc84eca50742caf91d37,delivered,2018-07-02 12:39:59,2018-07-02 12:55:51,2018-07-03 11:01:00,2018-07-11 00:54:34,2018-07-26,46e24d281c87ae678aec81915907dd78,2018-07-02
62dd6d76b74a442b158f50d6c18bd7fa,87f217137bb4ded8bd45e049b6cbcd0f,delivered,2018-05-18 00:50:18,2018-05-18 04:14:34,2018-05-18 11:22:00,2018-05-21 18:39:53,2018-06-06,3fb027e76956264c3c08d618588d4668,2018-05-18
a9c89bb4f8fdb0f08903c73d7d4e8822,e1416ec3b88d8041d327cac02b6d8e8d,delivered,2018-01-10 07:58:55,2018-01-10 10:31:30,2018-01-11 18:26:55,2018-01-13 00:38:39,2018-01-26,47b29e588ab38bd9734d713a831e30b5,2018-01-10
8051026f0cea5b93df6bf42cdf1aaa74,921bd9239c17f42ed6f24197c57b75ec,delivered,2018-07-30 19:39:13,2018-08-01 03:31:59,2018-08-08 12:37:00,2018-08-13 23:51:42,2018-08-09,2642f11f7c5588a63213b5e67e8ad0a7,2018-07-30
a8ff452116db2ff4a2963f490afe5471,b3867c14ee9a7d0daecb27c1bba54db3,delivered,2017-05-10 22:45:48,2017-05-11 03:50:20,2017-05-11 13:17:59,2017-05-16 09:23:36,2017-05-30,6aae4ee77ee637d5b060e0f9a38764d9,2017-05-10
c9d576bba5cffe5797794e2a5ff5d70b,a170300e0506e2e9660c4bbd3f4149a7,delivered,2018-01-30 21:30:05,2018-02-01 02:35:39,2018-02-02 21:32:51,2018-02-14 20:59:06,2018-03-06,7fc4fe288bb0f156a1915c094c9dc358,2018-01-30
7fa41d59cc693e0ed84f2668b7ebe4d7,7cdd54eb1841f58ded0defbadb8820f6,canceled,2017-07-13 18:10:28,2017-07-13 18:25:09,,,2017-08-10,d72d3b392c222cc331014fea0c24c1e3,2017-07-13
0753ba0519dd531e78e0abdedb16be35,c025200e87520a89f95e5520045a8b5c,delivered,2018-05-19 16:24:06,2018-05-19 16:59:36,2018-05-21 10:17:00,2018-06-07 20:58:34,2018-06-07,26624b9399ad6aa028a09e30e63cd696,2018-05-19
52a637177b682c31c18672fe90f99231,f70ad1bcdbade5ca6c8df4ed62ca77f4,delivered,2018-01-11 11:47:11,2018-01-11 11:56:24,2018-01-17 17:42:18,2018-01-20 16:34:31,2018-02-01,3e80bcfbfbc2c214e12f04dbc0af5540,2018-01-11
93b809efac80a94ce0da59f225038517,945da86df2234762e62c9e704b936b1b,delivered,2018-07-25 17:11:57,2018-07-25 17:25:14,2018-07-26 10:01:00,2018-08-01 19:03:51,2018-08-08,8b0d12cf86fbe3d7b1968f73807cdf97,2018-07-25
f2052987962f815b4cc4f293e5a3868b,6b1577eb1255bed59d909efbe9ee74a0,delivered,2017-07-07 11:23:07,2017-07-07 11:35:08,2017-07-13 20:46:51,2017-07-19 12:52:22,2017-08-04,142d440cbac2f8db84fbc444a493f8c8,2017-07-07
de937fa64e3c6113c5a4c20ec533674c,42bf25d48013854d11f394ef9ef427a7,delivered,2017-08-09 20:46:56,2017-08-09 21:03:56,2017-08-10 16:34:29,2017-08-21 16:52:00,2017-08-31,7f31cf9189427507d76ff27437f75309,2017-08-09
9ca50b76560450ccce4c7e5c31d9de58,926e248f02899c8bdba74977d68c40fb,delivered,2017-12-14 13:46:45,2017-12-14 13:55:48,2017-12-15 19:53:35,2018-01-07 18:59:13,2018-01-22,673819a13012e8da30c97a8d35bf761f,2017-12-14
c456bd22705a899e7411a10acc06a0f5,26f66ff5cafbc7592b5e3a6ad33cb438,delivered,2018-06-14 08:42:19,2018-06-14 08:59:01,2018-06-15 10:34:00,2018-06-25 12:18:48,2018-07-19,7578ddec92fbb378efe90ee3bf34a307,2018-06-14
52e6c4a623a7050f454f4e35dd99af9d,626f47f4481ddb4404f68ea5d0a2eb9b,delivered,2018-06-30 10:06:08,2018-06-30 10:30:00,2018-07-03 15:52:00,2018-07-10 18:28:28,2018-07-31,97e4531df020c35ef6c37ec3e8802fb7,2018-06-30
51b79a492b5e53504ce70340ce111374,c3057d4a0fcd85b33e6a7b59bcd257a0,delivered,2017-01-10 16:31:22,2017-01-12 02:45:30,2017-01-13 08:32:45,2017-01-20 15:44:38,2017-02-20,4d16bcc453234aa62a86defb6b08ab85,2017-01-10
b4cafb8fabcef776ee4b1108769b47ae,6b44ea99d4cb9ebdb1a80994a7317728,delivered,2017-11-25 13:40:05,2017-11-25 13:50:26,2017-11-30 19:48:46,2018-01-10 13:25:23,2017-12-27,00377a18050b898b93e2c774be9947db,2017-11-25
1b27565cc48efbd53ada61fe61bb9c2a,1a825a018a70af4a34062710e7df0965,delivered,2017-09-10 15:43:07,2017-09-10 15:55:21,2017-09-13 21:32:30,2017-09-28 16:33:15,2017-10-06,072a81b5a11139d7781a0024a03a2cb4,2017-09-10
0db1181e0778609b581bf9a95b17f313,87c195c16ba427c0f0f60d6d6d67a312,delivered,2018-01-13 14:50:01,2018-01-16 03:50:01,2018-01-16 17:37:06,2018-01-22 19:45:04,2018-02-15,31c9035341cb7e0645f2f6531616efd2,2018-01-13
9afc3cb01a0ea4182843faafb5e9239b,90cb84b970413faa4719dc46b94f0590,delivered,2018-02-16 16:35:22,2018-02-16 16:46:56,2018-02-20 00:38:58,2018-03-03 13:28:51,2018-03-13,b53eb0ca1885d1a7c9c59c524227999a,2018-02-16
579b51291793ea3e12416d865e56f8e8,1bb2da0d7bce1d1e61b1218ecd4ae928,delivered,2017-11-20 16:11:31,2017-11-20 16:26:42,2017-11-30 22:53:29,2017-12-22 17:45:05,2017-12-19,c458cc32e6f258ae8ac39f3d1b5a0478,2017-11-20
c8ccac7f59cb2c602959eb4586aa9b15,dbd46952d895ea4b8aecd9bafd411def,shipped,2017-12-18 16:19:00,2017-12-20 07:18:30,2017-12-21 00:14:58,,2018-01-12,ebfe9b42d73c997a677f615bf7116f18,2017-12-18
57f7bb7d658b442616fce795fcc30146,7dfac2f8b35d57481de621c401fa4733,delivered,2017-01-31 20:04:08,2017-02-02 02:45:15,2017-02-03 11:02:47,2017-02-07 12:11:41,2017-03-09,46b6a239a832256313fe411679bf0473,2017-01-31
c4b0818ccad06843a0ea1e2c13ea8584,0725d40cb6c52b65e12719312d43d16e,delivered,2018-02-22 13:16:14,2018-02-22 13:28:23,2018-02-23 22:37:00,2018-03-09 18:12:18,2018-03-16,27a09991ce74f723742165ebf54c609d,2018-02-22
ecb9b15795b8962c43e024cc97611605,fdceacbf1e29b39745ee431d0a864d0f,delivered,2018-05-14 11:59:12,2018-05-15 03:55:56,2018-05-15 14:56:00,2018-05-18 23:22:02,2018-06-01,e27def83fca14e64279e3a053a0e0924,2018-05-14
1612ae3dcb046a0628552c76e5462632,b1b03b43235bd970e00bc221e8169386,delivered,2018-08-14 17:50:05,2018-08-14 18:44:18,2018-08-20 11:48:00,2018-08-22 22:41:55,2018-08-28,b7797fd6d615d2e30c7fe1164734f939,2018-08-14
adb9f95e79004a7d308e825ec6bbd7a2,de7e03a771b55aac3a9a2467e2e93be3,delivered,2017-03-12 23:24:55,2017-03-12 23:24:55,2017-03-13 07:12:20,2017-03-16 10:34:54,2017-04-06,6d13e3870871cfae5654041aa2dc928a,2017-03-12
9b45a289e3300fa64d3cd65f0b910d21,82b0c471b6a24204ca01741b3bb5cc87,delivered,2018-03-31 10:38:18,2018-03-31 11:27:08,2018-04-02 20:19:11,2018-04-09 22:38:35,2018-04-18,0056f26cb8f20916c3baa0e39fc30709,2018-03-31
41b3bf54a1b7a76d6e381206e3e182bc,08e74f467fe7b442e59c79979f4f9126,delivered,2017-12-08 13:21:55,2017-12-08 13:32:20,2017-12-16 01:32:11,2017-12-27 18:09:10,2018-01-11,41e7f564891b2fd6a565f6db45dfae54,2017-12-08
fbc13194f80d287d5f118f6544acd667,28995ece5596867dd7c72972f092b1bf,delivered,2017-11-14 09:11:53,2017-11-14 09:30:46,2017-11-14 17:28:58,2017-11-22 19:44:32,2017-12-14,95208b07f2cec146e16d8008c1281164,2017-11-14
8029473fa5eb709b746a665b0597b8c1,4d6e3cd7620b52c39a13975adaed9873,delivered,2017-11-08 12:51:43,2017-11-08 13:30:46,2017-11-08 20:17:35,2017-11-11 12:13:05,2017-11-28,56b579a2b53c22ca99dde61e69082f01,2017-11-08
bfe3860674d71c4a8693185caa8b2c65,ebdfcd4a2112eeb988b61dbeff6fc860,delivered,2018-04-21 11:09:04,2018-04-24 19:03:43,2018-04-25 01:03:32,2018-05-03 16:36:39,2018-05-17,1655079c875d935798b3556eee5e4c30,2018-04-21
48ae288b318fe1497a1039b1eea9e330,898fdee698be4f9ed803045ad200f749,delivered,2017-11-23 16:10:58,2017-11-24 07:16:19,2017-11-29 20:05:23,2017-12-02 12:06:09,2017-12-13,39edb982c904700fbaa091b368aac6b2,2017-11-23
5f2e2fd04b4cc06cc8a3e8ceddfb67a5,b52fa071392a9ee75b930ad1566af7de,delivered,2017-07-08 10:08:48,2017-07-09 06:43:00,2017-07-14 20:02:38,2017-07-26 10:38:20,2017-08-01,34f038c85216404b9b25471a777caa71,2017-07-08
4d72fbd8a8a12d4012b8578725c97a06,97fcee340b3932c2884ef7a9305d3b05,delivered,2018-07-01 13:34:01,2018-07-01 13:49:40,2018-07-02 15:16:00,2018-07-03 21:22:32,2018-07-16,be0e1634d7db645d662b270c0190543e,2018-07-01
af393d2317ee5dd4362190cd7b2f80a6,47c22d46ccec17dbeb4a1b4049014abe,delivered,2018-02-05 12:00:14,2018-02-05 12:15:37,2018-02-09 17:52:07,2018-02-24 20:45:06,2018-02-23,79d365996a0232de85a490e21b792fe4,2018-02-05
db4154596e2ed7948afb50d3fb3dccfb,0b0dff8d1c3195cfe702916fe62b1564,delivered,2018-06-24 13:38:45,2018-06-24 17:18:22,2018-06-25 14:34:00,2018-06-27 00:04:00,2018-07-05,d5272de949a4320cbdd14ebe5a996e69,2018-06-24
4899eb30202787ac652e0c9d9f690edb,2586a9c3d898a19110c726babb5ab170,delivered,2018-05-02 18:06:48,2018-05-02 18:58:19,2018-05-04 14:55:00,2018-05-15 00:41:42,2018-05-28,597e8da43c502ff3da034b2f01f2de59,2018-05-02
0bb3a41b7a70c65fda2461d34b495c5e,dadc59c73a39f1141414b61bd8f1b223,delivered,2017-11-25 01:47:20,2017-11-28 03:19:38,2017-11-29 20:39:00,2017-12-12 20:40:16,2017-12-21,40fa3c3f56e34540416e8dd2089ca664,2017-11-25
c3a001021826ddfe86b5a2d7ef464308,f426f7ed3c61efa620bccd04c6265bc5,delivered,2018-07-17 00:03:48,2018-07-19 02:50:17,2018-07-19 15:40:00,2018-07-30 19:34:45,2018-08-03,d1bc91f70ded61a38888cd8255d1ecaa,2018-07-17
a0a28dfd50d685d3cd51cd7805f62f1c,e6ada999348e720b4b7f6f25533fc8a3,delivered,2017-12-28 19:32:09,2017-12-29 19:26:36,2018-01-02 20:44:40,2018-01-17 19:40:00,2018-01-29,a283cd2c5195c3426b57ff6c13f4739f,2017-12-28
905a97a2114f9c1e549b9f76fb5a8429,31c7066c1bc227759ca1c08d1ded204d,delivered,2018-06-13 16:27:02,2018-06-13 16:40:12,2018-06-14 14:56:00,2018-06-21 19:54:40,2018-07-16,b7452bea1d7fbb7f378679ff5d892a53,2018-06-13
6dfdc1eefc7a125d1bb81feb04a6c2e6,7ffe655c7441ccad969a2cca863acafb,delivered,2017-01-31 07:39:04,2017-01-31 09:33:57,2017-01-31 11:14:14,2017-02-17 15:25:37,2017-03-08,bc93a3c794ce47cbeff2d1651f4787c2,2017-01-31
5c9a09fd2021bf429b060aa68282c87a,ec932452f1cccb28ab8c35b5fcb9d595,delivered,2017-10-05 22:27:21,2017-10-07 02:28:31,2017-10-16 19:47:54,2017-11-13 20:26:54,2017-11-10,bcdc8bb34c94edb75dde5f94efec7ee6,2017-10-05
783333de65d2f6a4397cca176367ac90,5405eae4426dfe70f43ca8617a180bfb,delivered,2018-07-19 12:56:38,2018-07-19 13:10:10,2018-07-20 13:06:00,2018-07-23 17:08:50,2018-07-30,dfaa233e87fac9e669875537abc26304,2018-07-19
85fdee7959b5045582edb56a5ce523b8,a8532e637ebf6670fb6e76c760d12f69,delivered,2017-05-30 15:48:08,2017-05-31 06:45:14,2017-05-31 11:27:17,2017-06-07 11:42:02,2017-06-23,f80012f7de08f2be7e627cad3cc2dffe,2017-05-30
0a46f220430c5aeaea27e7ebc76bae76,63ee324986f02bde9075a307f4c3cc73,delivered,2017-04-20 18:18:43,2017-04-20 18:30:19,2017-04-24 09:53:30,2017-05-09 09:19:43,2017-05-12,a0100a3a8d31f0be33d406cc72aff56b,2017-04-20
8743b266d228ec2571e64dd54be2081b,f0aa0347bf053e01fa6a09a8f3b72594,delivered,2017-04-26 12:07:38,2017-04-26 13:06:10,2017-04-27 08:06:41,2017-05-03 14:04:31,2017-05-19,c5b4ca98504fdf208ebf29bcf20dcbad,2017-04-26
b5628337dad9ae1f38266f0e22fdae4a,5092c34f9cd47ca0d9113d39cc513940,shipped,2018-04-10 22:02:11,2018-04-10 22:11:12,2018-04-12 20:22:39,,2018-05-09,c2c9cc435d2b82bf64a04cf3dc5a0a12,2018-04-10
42dd28e31692200f58f7ab447d6c8eae,dfcdb6bd7fd72ed1f409ae56ec40ed3e,delivered,2017-11-27 22:16:21,2017-11-27 22:30:40,2017-11-28 23:18:54,2017-12-19 19:16:45,2017-12-18,d0c74e0e22789d2538756fea93cf5557,2017-11-27
4c4494279cd0e4c6ebe47ff5191d8fb6,9b1f90e28bf45b08de446289465c8098,delivered,2017-06-16 22:36:13,2017-06-16 23:40:25,2017-06-28 16:22:58,2017-07-13 18:59:31,2017-07-12,4527b9ba9bf73ca1b821ffbacd966a90,2017-06-16
888dc2fb617ecbaa3f82d5ba4294a0d6,5f4b73b35a63125b70b679de7f00e7ab,delivered,2018-03-11 16:07:49,2018-03-13 21:50:42,2018-03-19 22:06:33,2018-04-17 20:21:57,2018-04-05,36b9b2364f4efc183f4a159bcf568745,2018-03-11
f9f19aa140c738c064cb3cb17040a30d,6d945e9e51360c1302f74078612a5baf,shipped,2018-03-08 16:11:08,2018-03-08 16:56:13,2018-03-13 19:29:33,,2018-04-12,5bab840329da6c9d509aa1dd14e69c18,2018-03-08
a4f3326bf1a1c3e11d17f3680f1e6337,07fbc7cbc612a13023ce69a6573ddf2d,delivered,2017-08-30 18:41:51,2017-08-30 18:55:11,2017-09-01 16:08:04,2017-09-06 22:39:59,2017-09-18,94817b86ce5a7290974cb59b0780f4ff,2017-08-30
491208d141876b40c6381fa49e8dff6a,c20025cccec47869bcd85c6863446327,delivered,2018-02-27 08:26:54,2018-02-27 08:47:44,2018-03-19 23:27:59,2018-04-12 18:03:30,2018-03-21,04b16f74801ef260b87a2a596b8de458,2018-02-27
ebc54f9d25f320184ed5cd3953e6a2cc,b0b902bc9c7f025dfdcfe2095f6c189f,delivered,2017-07-18 13:44:15,2017-07-18 13:55:15,2017-07-21 11:39:51,2017-07-26 18:47:41,2017-08-07,d95be12151d73cda5b1a15c2cba09a72,2017-07-18
dbe195a43ea7995d3af77d9cce165f89,8cf5e488e3ca60e1a6637dc74a2e772f,delivered,2018-01-22 15:44:56,2018-01-23 13:12:20,2018-01-26 21:26:59,2018-02-06 19:41:31,2018-02-20,9c8f2c5b42044913c464985d4848874d,2018-01-22
fd1dfb6b7188b47e56f2ab4063d08e58,0235c7c04d758c26265c6cbcd5f7c369,delivered,2017-05-17 18:52:13,2017-05-17 19:05:11,2017-05-18 08:35:44,2017-05-19 11:43:49,2017-05-30,7e7f782f6d6a81ef26b8948bc4af7945,2017-05-17
6f8ef1903034bc19ff5a5c51dbcec604,469eac1e2fe2a69a8ade2d146e9cbb9a,delivered,2018-03-22 15:29:21,2018-03-22 15:48:33,2018-03-23 02:51:11,2018-03-29 17:36:44,2018-04-18,ef5b1600dec607d23bd5f56c0e4aecbd,2018-03-22
54bb06e1ca86bd99ee2a8d6288bf4ede,98bfbf477ed9f40a0264f5e527a446be,unavailable,2016-10-06 13:38:39,2016-10-06 14:22:19,,,2016-12-12,8aa802da0f525a68e7fae5e67929ebdd,2016-10-06
6df2358a0a6ced8137f94676eca46d88,ed7dbf50e141a0b251a3186bb2a69901,delivered,2018-04-17 21:39:07,2018-04-18 06:12:00,2018-04-18 17:33:31,2018-05-02 18:19:08,2018-05-10,1868d8d795a5904e4e91b2e4179314f9,2018-04-17
a060fc338651aeef386d5a7972da2d63,26ab8393bfff9a3854c94fcadb0b2865,delivered,2017-12-03 17:22:35,2017-12-05 04:13:20,2017-12-08 17:33:57,2017-12-16 02:22:15,2018-01-05,c6a49ed851473cd57dca5baa77595fe7,2017-12-03
052a5969146f40fe550f442f52f302b7,32995e4cbc0128fbe56e9ee101a31916,delivered,2018-05-15 23:40:01,2018-05-15 23:54:34,2018-05-16 13:03:00,2018-05-21 18:52:06,2018-06-01,e13034a7d651eff97222841955be3eb2,2018-05-15
4e04fa1df0f5960cae555fc19b184dd9,90f95d8ee6174e4409aeeee472735afb,delivered,2018-05-04 15:55:55,2018-05-04 16:13:33,2018-05-07 14:19:00,2018-05-11 20:18:23,2018-05-29,9cb4965f1caae128f5a82f1345e2e8bc,2018-05-04
2d39684ee5837bfee04f0cf2c8eadde5,10ed82c17d5e644388fa717721d20ac6,delivered,2018-05-26 11:51:30,2018-05-27 11:50:12,2018-05-28 14:07:00,2018-06-08 14:18:41,2018-07-04,6a8b7d9797f91b35bd7c2400e3e3fa30,2018-05-26
bc65194ec321d777f6cf371175f8671d,512cad4f8197ceae78d7c5cc8120f4e1,delivered,2018-02-24 21:17:15,2018-02-24 21:28:27,2018-03-01 00:09:27,2018-03-29 16:51:48,2018-03-20,ced3a9900aba751fd71a2eb1108b6bf8,2018-02-24
aeea7047c81d7c051feba26ba62817f8,b52a321db50ecb4218ce66ec1811b101,delivered,2018-02-16 12:22:29,2018-02-16 12:35:23,2018-02-19 17:07:43,2018-03-07 17:38:08,2018-03-14,ced69763f6589f6cccdb03fc178876a6,2018-02-16
04401428491f4e0e839e31e835c5e7bd,c9317e2f51180cbcee636174ced5c6b3,delivered,2018-01-04 15:10:45,2018-01-04 15:27:16,2018-01-05 17:25:26,2018-01-23 12:53:10,2018-02-07,4b4ad67ad2088e78616a7bc2ab89bdb3,2018-01-04
f84c7f94a29cb1d53dc607284d5bae9a,ef0053d9e6b90dad6c5cbbf3de5e817a,delivered,2018-02-05 11:52:28,2018-02-06 04:32:41,2018-02-06 22:53:07,2018-03-08 20:51:28,2018-03-01,4c0c2b5f4443ab39e40f0b2884d1dfcc,2018-02-05
6e3cff2d50d5925354764060c4cc1c81,380e3164088d255fb4e116a4a01743cd,delivered,2017-12-05 19:19:46,2017-12-05 20:17:25,2017-12-11 17:19:08,2017-12-15 17:11:12,2017-12-28,f46cd8e8279ddb2ce406d91793f879ed,2017-12-05
61f7e7ef2c1d5d0d982e76485fd6bde1,0218c9f09de820db4903ff5ef7d27b86,delivered,2017-04-20 01:24:55,2017-04-20 01:35:07,2017-04-20 10:33:57,2017-05-09 08:52:08,2017-05-29,1bbfd085cce379ae5cfa2d47e53501a8,2017-04-20
c51df802abdbca302ad8827db2e62061,f6b93300fe2bfbcd4fb19178a3895426,delivered,2018-02-17 02:10:19,2018-02-17 05:06:47,2018-02-20 20:24:59,2018-03-15 14:18:29,2018-03-15,ea2331583ec3f05a999c235551db9c4b,2018-02-17
12b139364fe5d01af6207a326b6f139d,2142c7d73d97608791e999859ef10a2b,delivered,2017-02-21 09:59:00,2017-02-21 10:32:19,2017-02-24 15:42:15,2017-03-02 17:13:35,2017-03-20,d5937c73037c73cd2b6c3f3f332f01ca,2017-02-21
dcd05d9cb9629d8ee695cc3f2e030bf0,069b38e2803b8ee0482f95dac627877e,delivered,2017-10-07 22:06:14,2017-10-07 22:25:08,2017-10-10 19:38:36,2017-10-19 17:27:58,2017-11-13,7514c193ac9fd7bbdfb0ae42a05309ef,2017-10-07
4b23c35590ad2b3612bcfee3d32cd551,86f6803290c35323ff33bc485ccbc83f,delivered,2017-08-29 14:39:18,2017-08-31 02:44:39,2017-09-06 16:58:02,2017-09-13 08:03:22,2017-09-20,57ddc72667e9d965552dcee37e765a09,2017-08-29
4bd5c5a34598363e3de64b820db3d3f3,65dc25bff4bec30e42fdd6f14c8e07f8,delivered,2017-09-21 01:33:10,2017-09-21 01:45:15,2017-09-22 18:46:40,2017-10-09 18:29:56,2017-10-23,a12a621f30840fa2b54038c8b8a3c0c9,2017-09-21
b388b6a35d4687ab1991c81b09495dbb,b6366b62ef3476d96e7a6398c294cb88,delivered,2018-05-13 12:09:17,2018-05-13 12:32:32,2018-05-15 10:45:00,2018-05-18 21:27:56,2018-06-18,064085bbe84f744d125397333aab88cb,2018-05-13
10f78f574a0d932e843ea67d513ee9f4,75bdb1995f182fee181467a77685336b,delivered,2018-04-27 11:14:30,2018-04-28 02:51:46,2018-05-03 15:12:00,2018-05-11 16:16:46,2018-05-23,86c72eb52ca52af7d7836b923e83f2af,2018-04-27
250d181fa1c603024562b93a8f8d5fe0,7c29c309c685f2f7388ad10624008acd,delivered,2017-01-21 16:30:43,2017-01-21 16:41:50,2017-01-26 10:41:52,2017-01-31 19:42:09,2017-02-28,63299f459ddbe79050c7094da3f69b8f,2017-01-21
020d1063c6e7cb975472aedbfe0e25ea,bcf130ec4f60035b99625fd5c5fc88ed,delivered,2018-01-05 00:16:05,2018-01-05 01:32:24,2018-02-17 02:08:02,2018-02-20 20:52:49,2018-03-06,eebbe9b9abd6cdfe83e65a48adb338a4,2018-01-05
00dfb074b5c910fbd08e04691c4b712f,a5ced4926d7d8fa71e9be2b007720356,delivered,2017-06-08 19:43:35,2017-06-08 19:55:19,2017-06-09 15:12:41,2017-06-15 09:03:59,2017-07-10,94ea9edee3656707894565f35cb8570d,2017-06-08
c052b5075e9fd0d83a3d2b183e6e0df1,b1b879ab67e07126ab6615c9df85ca21,canceled,2017-05-13 20:06:13,2017-05-13 20:22:40,,,2017-05-29,a92e7739404584bb3dab2a0cfb386117,2017-05-13
e894c57e9986a9c5936b17fe19400a6a,030bd1d7425888e0429cbe0b1db927c2,delivered,2018-04-28 07:56:16,2018-04-28 08:13:23,2018-04-30 13:27:00,2018-05-17 23:34:41,2018-05-29,1f9756abd497b76eeccb492bfe91df35,2018-04-28
8c4ce5faf62a0c1689092c6cf29b772d,5eaffe6f398a36b8683b14699bc48ae4,delivered,2017-12-09 13:29:01,2017-12-09 13:51:44,2017-12-11 23:12:43,2018-01-04 16:25:57,2018-01-04,1d3518edbf7d1c22ce7515aa11b53fed,2017-12-09
8afe93422f74d4eb5b74349a643d94e3,655db910cac0a44e6528240243b2f5cf,shipped,2018-02-23 18:57:41,2018-02-24 13:55:28,2018-02-27 17:57:02,,2018-03-16,7b90167df4a4ce83f528b214f8c86676,2018-02-23
b5c0e3965c317f2bf6df82ec02e35ac8,a13e43930aef7d8f7c602281d6692b16,delivered,2017-06-20 16:52:10,2017-06-20 17:05:16,2017-06-21 11:26:15,2017-06-22 13:16:05,2017-07-03,cc26b83039ed98a8314227f79ad6e257,2017-06-20
b511d65dcc8a6154086efbf3d2c9230d,d06ffc11ea9089da8c1a146a3ec0f0d2,delivered,2017-08-15 17:53:10,2017-08-15 19:35:13,2017-08-17 11:15:47,2017-08-31 20:04:27,2017-09-15,a692e89154bf411e9abcc1061e615a50,2017-08-15
f74a92993942e72d5f55c192272b02e0,ae4b6534cae9a56678c7eb71960055e3,delivered,2017-12-11 08:39:08,2017-12-11 08:49:11,2017-12-13 17:32:47,2017-12-15 22:18:35,2017-12-28,3b37ee52b62d30f0ffe0fa80bffc1467,2017-12-11
2dee7cc9b658d444f8b66a9da62f8868,1ecfdd635d48581004c3e35c1a67c4d3,delivered,2018-06-04 12:37:15,2018-06-04 12:50:45,2018-06-04 15:44:00,2018-06-08 12:12:25,2018-07-13,09acad0f8d11c66eca0af79cab5b1d66,2018-06-04
62ea5251fe435ac8a677196623782c04,3777f15428e4dcbcad0c873f3ac75c47,delivered,2018-07-09 11:12:19,2018-07-09 11:25:28,2018-07-19 13:32:00,2018-07-27 20:08:41,2018-07-30,1c287b0f057ef5b9d132946b7e26dd1a,2018-07-09
e488e6bcbb9d0e1aa301b9c649dbc5fe,b00098edde8dba0f25e767294abfb16b,delivered,2017-07-24 20:16:00,2017-07-24 20:30:27,2017-07-28 19:59:35,2017-08-09 17:48:14,2017-08-15,360fc42ad3c20f9d0e1186b830735382,2017-07-24
5960d0cd975b6c256e9609ebea940f4c,579a53f6e3f53de1d035ce5c0b0840a2,delivered,2018-02-19 13:28:13,2018-02-19 13:46:46,2018-02-21 21:23:19,2018-03-01 23:46:50,2018-03-05,7ce0e38fbff86845da7b9020e0e62605,2018-02-19
519ce376ccc4703b7e1335fb7df67694,4d9e2aef8298acb3f89d56a38e0604e2,delivered,2017-12-26 18:14:51,2017-12-26 18:28:03,2017-12-28 17:07:45,2018-02-10 14:58:47,2018-01-29,3ba09e984b64836dac5447bc49b2b123,2017-12-26
d5d6d0cd7873ba2a68436791eb3816e3,0daa90e9bc07b18c5335c227fc6a8b26,delivered,2017-11-24 15:48:17,2017-11-24 19:19:39,2017-11-27 11:33:00,2017-12-21 19:57:48,2017-12-29,ae5cfd1e09c8d946e5a16a8c32a2641b,2017-11-24
80699b0979ef4c5a8fb6d2282f54c761,b879553601cb7dac2d61b62271ad664d,delivered,2018-03-10 11:01:19,2018-03-13 04:10:51,2018-03-15 01:20:36,2018-03-28 20:45:20,2018-04-16,4a5e25d821f91a4def6e90822db0bfdb,2018-03-10
11156cbbd16c21d0f876588915098a28,ffc436ef9df6ede268ee1548a0dfbbba,delivered,2018-04-25 09:00:27,2018-04-25 09:15:13,2018-04-26 13:05:00,2018-05-10 00:25:27,2018-05-16,89e3027de49c3012858cfeb7f5a34f59,2018-04-25
867c38cfbcd204534450b238734e4bbc,04d7495f50a021d8db9893b0820a774b,delivered,2017-09-18 14:42:38,2017-09-21 12:35:18,2017-09-21 17:36:52,2017-09-27 17:35:46,2017-10-09,133de684f8775f46c3cc3972be77bb73,2017-09-18
c3717b0f82c27845bd10cc82caf863f9,c772b316328150e8cc709f430dddeda2,delivered,2018-04-25 12:23:27,2018-04-25 12:35:24,2018-04-26 12:52:00,2018-05-02 18:41:55,2018-05-18,a66315c850c3712707754c1eca7a8069,2018-04-25
7f212732dd5f6721b25435355c223e51,95759d9c114986f32e7420bc508ff3f2,delivered,2018-03-27 13:02:02,2018-03-28 02:35:26,2018-03-29 02:33:19,2018-04-06 22:04:49,2018-04-13,3c148249df116e2b7d21ef412d41086f,2018-03-27
7b394ed40ae60bd168cb4f5d18b891ee,59373092db2ccc827877f8ecc621392a,delivered,2017-11-24 00:01:45,2017-11-25 05:19:23,2017-11-28 14:49:45,2017-12-08 20:55:59,2017-12-26,fa47a4f98e223465e39628dbbe6ecd00,2017-11-24
90ea2b1be9c98c67406de151652daa63,8cca8027af04a9c9bd04bd8c8e324ec3,delivered,2018-05-03 19:34:44,2018-05-05 02:35:12,2018-05-07 15:25:00,2018-05-28 20:04:38,2018-06-11,92b18241cb0ae7c3be4c5c9e4b9db371,2018-05-03
e383eea23b0b645f90cbb25a13a2ab93,4e3e8e279a5a97ad1232c4176d161eba,delivered,2018-05-07 17:40:40,2018-05-07 18:15:40,2018-05-16 13:44:00,2018-06-05 23:57:38,2018-05-29,04ad599aceadb8ab943440c18a87c99b,2018-05-07
6a418aa9198fd6a8b3defc233ca92c3a,f9c8ee75dc95342ce456ed5f80ebc3ab,delivered,2017-07-17 09:57:44,2017-07-17 10:10:12,2017-07-24 17:04:19,2017-08-01 17:54:25,2017-08-14,c5fc293b0017fa86c30593a6e66f576e,2017-07-17
b8709d077ce71c8db784818569960cb2,4f1d99d568c60f8702f77fb3bd12c1c0,delivered,2017-06-23 11:35:41,2017-06-23 11:50:14,2017-06-26 13:03:49,2017-07-03 06:33:36,2017-07-10,009301957bc7714394865c44650d8060,2017-06-23
d5e7941b8ab8bd693fa7249c9deb51d2,5fa5e31440a9a837cdd7b210fba33982,delivered,2018-05-15 11:30:48,2018-05-15 11:55:14,2018-05-15 14:43:00,2018-05-25 16:22:01,2018-05-29,e707cd1f1a0137e3787f840bbf9776fa,2018-05-15
df791a445f1901f4183b4e04eb4bc3f2,1d34fda970335bd600ffac1fde943397,delivered,2017-09-15 13:52:28,2017-09-15 14:05:05,2017-09-20 16:54:01,2017-09-25 14:33:31,2017-10-04,825482ccb2383885045160dbb7caed7a,2017-09-15
7ffcf0c67ae44cd430cf6dae850cb79b,a0000ce2fe61df5f6fbf6d47eecef0b4,delivered,2017-07-10 23:18:33,2017-07-10 23:30:13,2017-07-21 22:43:31,2017-08-02 20:54:32,2017-08-08,11f0bc85ae382fbd868f943ff5f6d927,2017-07-10
299ce7925408d58052afc1317198584a,f28be13519da4a15edf8c2ed80c6449a,delivered,2017-03-06 23:24:11,2017-03-06 23:35:14,2017-03-07 14:55:55,2017-03-16 15:22:18,2017-03-27,14c174a1407a2cda51e8760f548535d8,2017-03-06
1cf718e4825b60483e960187443209f1,27982915123a800b423be0df3ffd8352,delivered,2017-07-01 12:25:06,2017-07-01 12:35:18,2017-07-05 18:06:18,2017-07-14 19:03:07,2017-08-04,2f03be5e4c6fb7a4dee6f9b4b029a21a,2017-07-01
790174a33341ef5cb1534732bfcbce28,b951f4aa14bd8cdbdaa9fe4bcc4f4750,delivered,2018-01-17 09:41:23,2018-01-17 09:51:30,2018-01-17 17:08:45,2018-01-25 00:34:27,2018-02-09,faa974309c7940a1af06759bf618fdae,2018-01-17
7b07a49f82fe58fb4d678aabda69b963,fbafa37ca426d853ba6afe1c796f8c37,delivered,2017-11-12 20:09:31,2017-11-12 20:26:27,2017-11-14 11:41:29,2017-11-16 20:28:29,2017-11-27,12817b9f1da8db0d01221bce0ce5cf62,2017-11-12
9b2599fdc15b85d99cb3f3be84194fa4,2e74907ac65427f257d134026c674620,delivered,2018-01-23 13:45:20,2018-01-23 13:57:29,2018-01-24 20:37:30,2018-02-06 19:41:34,2018-02-20,bf5b72107e67f742048415afb0d9881c,2018-01-23
9f81e8f6c74d99562869844aafbfe0d5,3a877e5eba37d36c050a3e5f11083e5f,delivered,2018-08-02 19:28:47,2018-08-02 22:15:27,2018-08-07 14:06:00,2018-08-20 18:36:45,2018-08-29,2f08332afa68530c6ab0f1a1cf2e4244,2018-08-02
0494bfa608beaca61486b71439135973,d66608953619ee144d97bc31d4309228,delivered,2017-04-30 21:07:30,2017-04-30 21:22:26,2017-05-04 11:52:54,2017-05-11 13:58:04,2017-05-23,083498d5fbdd0f87b140bdcfbc55dbe7,2017-04-30
e5f2a41dc1488b94c17771d3d627bec9,030eae1d849c53479e79ecf5429ac4b0,delivered,2018-08-14 03:17:54,2018-08-15 03:24:11,2018-08-15 12:53:00,2018-08-20 12:08:30,2018-08-27,fca0e0155fa4f5bc05e89374e769b07f,2018-08-14
45a48df7b18435ce6e3c03ba6c6c2386,ed0af0bffd15b256920c280aee9e5dde,delivered,2018-01-16 12:53:37,2018-01-18 07:34:48,2018-01-18 17:13:09,2018-01-30 18:56:37,2018-02-14,ef29319e9bf960c436e9a2d94a9e4193,2018-01-16
5de38f7ea6169eb89d807d6447a28528,c885a1e2fdd110a73e5380bd90050fea,delivered,2017-12-15 07:15:19,2017-12-15 07:36:42,2017-12-16 16:03:59,2017-12-26 15:03:44,2018-01-15,fb3d8ccebd0bf10820934054536b8174,2017-12-15
df5db2ddf13eb709a018dea459afb4b5,695ad68c4f5db80c7281c0040e623369,delivered,2017-04-28 22:41:13,2017-04-28 22:50:19,2017-05-02 15:25:18,2017-05-09 09:05:08,2017-06-02,c59c76d8987b75134db5a3003cba1de6,2017-04-28
50d00c9680bdca4f471658f02ca144c3,87a588f4d6a77083c035a56a392b1f56,delivered,2017-08-06 20:13:47,2017-08-06 20:30:13,2017-08-10 18:42:19,2017-08-14 19:53:33,2017-08-25,8338340a8f7154c52932012830e0f7d9,2017-08-06
40eb3456ddb929efd347db4817460755,a4c73cf63d6be08d070b33ab1c99f76f,delivered,2017-08-04 14:40:50,2017-08-08 04:40:27,2017-08-08 19:56:43,2017-08-28 15:07:40,2017-09-08,7d4a392691628f1d52b1a2470e140a8b,2017-08-04
b58d8a88b664ff37c90fd83498db30a4,957d43b4b6b9f9573c58da39aeb241d6,delivered,2017-12-23 03:16:21,2017-12-27 04:07:45,2017-12-28 23:09:30,2017-12-29 11:49:03,2018-01-15,39c44fbea4f44f1979173e80e678acd4,2017-12-23
f4a4545da8609ac93d74003733142739,27cb8a4edbd6d5a104308836c3b00da1,delivered,2018-01-23 22:33:52,2018-01-23 22:53:22,2018-01-24 16:42:37,2018-01-29 22:08:04,2018-02-16,633eee3b9fb49d8643aeb2f11decd162,2018-01-23
3abff6f47304095eb8da87b12ca07046,ce3d832b10ed3bab7c106b9a295e31fc,delivered,2017-11-29 17:43:48,2017-11-29 18:31:06,2017-11-30 17:47:09,2017-12-01 15:53:19,2017-12-26,b38bf3fb893faa94685518e7767daa6b,2017-11-29
a2719d5230c391aa396433b5cf6cc4d5,fc9d7084d2cc48f7ac064716b2e922d4,delivered,2017-11-24 16:59:53,2017-11-24 20:37:41,2017-11-27 23:42:00,2017-11-30 20:28:40,2017-12-08,5bb41c66b286c78644c2756893c86583,2017-11-24
991dc90330a54fbf3461dec5bf8226ec,0e25b9588076baf393cba1ce1a47567e,canceled,2018-08-06 23:03:09,2018-08-06 23:15:19,,,2018-08-16,23d4170a35eee4611945183a4ae92a50,2018-08-06
f27cec916c1b73075e04a096c6c31562,06b4c8a36a20658dcab2a977dc3fa248,delivered,2017-06-25 11:00:09,2017-06-26 11:12:48,2017-06-26 16:17:57,2017-07-05 15:23:46,2017-07-24,875494cee8ca0aea8a8de2bd84e67086,2017-06-25
5fd51001358a7987c0e38d1d74a610ea,5557f927b98220dccee27a76c2383f06,delivered,2018-05-14 12:17:40,2018-05-14 12:40:03,2018-05-15 12:51:00,2018-05-23 19:34:03,2018-06-01,f0f22a2ff710a0d4ca66b7a3e1c0567e,2018-05-14
0534ef1065535a4a5fd90098c1ad462b,b4eb7d78fa672b58a0e9883f29cb3cdb,delivered,2017-12-07 17:39:33,2017-12-07 17:52:20,2017-12-08 16:24:56,2017-12-11 17:37:26,2017-12-26,36bedbc76bee99ef9629b67d37d78607,2017-12-07
62a68781c6f891e4e7032cc4f0fede03,e1080516c2611434061a6043ae2ae9b1,delivered,2017-10-27 18:43:34,2017-10-31 12:32:10,2017-11-01 22:51:33,2017-11-06 23:21:14,2017-11-21,4ea84245bb51d89f7ea345cf74de259f,2017-10-27
dfaca8a85d5a1ef947b32f44dc3817bd,68d6e716c2094764c7c6c283ef692fa8,delivered,2017-11-08 16:15:42,2017-11-08 16:30:49,2017-11-09 21:08:43,2017-11-24 13:11:36,2017-12-08,3dd017e92853d903c1e8307af6356aba,2017-11-08
e7b531a9c4e9bdb68edc58e15736c6ff,db0072e38b76f443b261b1bedc0b1f99,delivered,2018-05-12 18:09:30,2018-05-12 18:35:57,2018-05-14 08:37:00,2018-05-19 13:21:59,2018-06-13,9672859b65a3863580b284469dec2ada,2018-05-12
11ff5f9ab62000ad8044352a96ad4ebf,15beaa3fd34b24664dcb4fa7a31d4406,delivered,2018-05-09 12:03:22,2018-05-11 03:10:36,2018-05-11 14:17:00,2018-05-18 19:03:35,2018-06-01,81058233db7f058c4fd5798fd3e5dc19,2018-05-09
32f0db75abd9599736ef815f021c684f,0c322573ba503cd7e758af29de300dc3,delivered,2017-11-13 14:43:42,2017-11-14 03:50:31,2017-11-16 23:07:02,2017-11-22 22:38:34,2017-12-07,f058a2cc5e2d85f398f29928af6436d9,2017-11-13
07b3fa22681348d67c91811d31b60e69,037bf020eead8d38386571748d79f2ed,delivered,2018-01-09 09:01:03,2018-01-09 09:08:34,2018-01-09 20:35:44,2018-01-13 01:33:29,2018-01-23,67d5cb083d5fdbb9d50c7f7e1849c8d7,2018-01-09
92c427aafb62360f8e6eeb77f851b7a7,b25bf9c7c5fea8692412832439fba968,delivered,2018-06-10 12:16:33,2018-06-10 12:31:44,2018-06-11 10:59:00,2018-06-14 21:37:54,2018-07-04,1f8bf49a0f5a33b1425fb3a7afe0431f,2018-06-10
308e139d46236840c3325ac8a72db04c,cfca97c48e5807e856a4140cf4af46bd,delivered,2018-01-08 21:52:24,2018-01-08 22:08:30,2018-01-09 21:49:00,2018-01-16 20:21:53,2018-02-05,33ea8be066aac502ec6656d8d9a2ec4f,2018-01-08
65eeecd3949c21cbcb6671b445db5dcf,a965ff7f3b9b98b0543f4ef0fd1ed113,delivered,2017-05-12 16:32:39,2017-05-12 16:42:56,2017-05-18 11:58:01,2017-05-24 09:19:22,2017-06-20,ab5167e02cccb7aa127379a99485474e,2017-05-12
9b7a3e161d57ce38da97fc1d81a0dee2,0e067883aba51911dac5fe2248847c8b,delivered,2017-12-13 10:23:28,2017-12-13 10:35:34,2017-12-16 01:05:02,2017-12-29 15:15:11,2018-01-18,bf06784da4b8cdc0848101cf143f2e78,2017-12-13
a03f26d6437188462f6e42f098b7e7c0,40897a63d388c1d1f1844f334d404d5f,delivered,2017-12-06 20:38:11,2017-12-07 03:10:50,2017-12-07 18:39:09,2017-12-18 15:44:01,2018-01-09,24bb54e643e350ee42ff34b6bfb66e4b,2017-12-06
11db6666e1dbeee776c8e15fd0792c4b,dd2dd4b75b0a223fb8c234ff1934faf8,delivered,2017-01-30 11:17:55,2017-01-31 09:32:39,2017-01-31 23:29:58,2017-02-10 10:14:06,2017-03-10,bcfdca13b3b657eeccd2528bd38d0425,2017-01-30
c5150f96d11c1d73a05694fbae58f06d,373c306e1b5aedeb0c81d09d33524e61,delivered,2017-12-01 22:57:13,2017-12-01 23:15:01,2017-12-05 01:16:56,2017-12-11 18:58:55,2017-12-26,0c2f93620ae7890e3587e78e6e4f9721,2017-12-01
331f9dfb7b6f1274298f0fdef2f8f2ad,1babbdb099e08e0494aefb32f438e94a,delivered,2018-05-21 08:54:52,2018-05-21 09:10:34,2018-05-21 13:34:00,2018-06-04 20:51:40,2018-06-11,cbb5e2272aae14ce9f5d1d7d719d79e3,2018-05-21
257b9cbebe66bbd37b4233212ec1a909,85b1e718b7ad742e3e30e0b41127e7e1,delivered,2018-02-04 21:52:09,2018-02-04 22:10:00,2018-02-19 22:10:02,2018-03-19 16:34:18,2018-03-28,175c218b2c3faf004c66a515df967b4f,2018-02-04
ba6d7557cefd2d4e8fe232a2f9cddd8c,88778f0eb5d1ef0db454aa0a8bbaa02f,delivered,2017-03-23 11:32:29,2017-03-25 02:15:38,2017-03-28 13:24:51,2017-04-11 12:11:01,2017-04-28,3d17d6f9493bde24f4573ae73a4fc15a,2017-03-23
7f73071c538cbb2b10e41a3041db481d,0ac60131bb66f24dcdcbbd6cc502c0f6,delivered,2018-02-26 17:11:00,2018-02-27 21:15:40,2018-03-02 19:40:42,2018-03-09 00:17:35,2018-04-09,62a1ff98f54eeafd0e86b697194cac9b,2018-02-26
1f80ad89393a17282085bcd14644e45a,9dc44c77359aac6ad31f0937961a9940,delivered,2017-09-01 22:26:18,2017-09-02 22:23:55,2017-09-06 19:43:53,2017-09-18 18:11:46,2017-09-26,08f7cf00ed9ff3e0a08fc136ec272974,2017-09-01
ebb7f99f3da056facfc31f1fd9c56b99,a30db10ca47b76fbca6c8fcdc785b01e,delivered,2018-06-27 13:33:58,2018-06-28 16:32:11,2018-06-29 12:24:00,2018-07-10 19:36:43,2018-07-24,aaef5201f2e9de753152176e39ad419b,2018-06-27
8436df70c30e8e11edf5cf2f880edf6e,5ce5850e9f77cf47374442640db701e9,delivered,2018-01-08 21:11:55,2018-01-08 21:19:23,2018-01-10 21:15:52,2018-01-26 23:13:33,2018-02-15,a116036ad9da1e3e370a467c4e325250,2018-01-08
e9e76f41dadb7c83d5f8dcbd2ca7473a,2e0bfa6011ac97514219d751ffb3e086,delivered,2017-07-19 14:08:55,2017-07-19 14:23:31,2017-07-24 19:35:29,2017-07-28 22:42:10,2017-08-14,c2d9fffc59f419a6d7b8a3bf1ce22611,2017-07-19
3611e9793009655c4d1350655211953c,58d3cf805da31cedec8f0414010cdbd8,delivered,2017-06-19 12:14:01,2017-06-20 10:50:31,2017-06-21 09:46:38,2017-07-21 19:43:41,2017-07-11,aed3e03b42ce7b4958431e118267fb95,2017-06-19
cf785a05b67a9d6bc87e8cb56ec94e77,fbccb4c4114a6cc6255e53ff1970cfd2,delivered,2017-11-04 13:33:13,2017-11-04 14:15:43,2017-11-06 20:35:20,2017-12-21 14:12:08,2017-11-29,5b83a6e579043f9d293af671b3fde86a,2017-11-04
8bad58f701a51a72ca58428e36208431,8cbd99799d58ad57c97785f982b20a96,delivered,2018-03-26 18:15:32,2018-03-27 18:10:14,2018-03-28 14:07:27,2018-04-04 18:38:35,2018-04-16,1ef88c832917cd2a5f4a4502dde2cffe,2018-03-26
20a9f509874c4824696e6d56602adbff,d157955b6be3a7ee41fa6f4b23739472,delivered,2018-05-06 18:05:39,2018-05-07 09:32:24,2018-05-09 14:16:00,2018-05-16 15:58:37,2018-05-23,43105c70403a6453a47c59cc6460962e,2018-05-06
002691433f09002ac9ca0c4e8dbb8ead,630b8c2f4134e83812d827e8006caa85,delivered,2017-02-02 21:18:03,2017-02-02 21:30:13,2017-02-03 12:34:49,2017-02-07 13:04:37,2017-03-03,f77be85d218371e1afd9685f7ae828b2,2017-02-02
45bc30179c94124da60cb1b1fd5b9754,64d6f3bf4430484ac89c89b6266383ef,delivered,2017-12-22 11:14:12,2017-12-22 11:31:13,2018-01-10 11:17:04,2018-01-22 17:32:42,2018-02-05,8da97ede4344a66ee173697306455d47,2017-12-22
4b3d51d53496b61174695ad74a403d6c,62a048051b74dea9eab930b6c0d50adb,delivered,2017-12-14 11:30:41,2017-12-14 11:59:20,2017-12-14 23:38:51,2017-12-22 18:09:39,2018-01-10,9f598f12dcfad48d70acd152d5a71843,2017-12-14
4d9266a6417c11bd5a749b0e87301826,124877b1d6450dd175fd252d4fb2c8b7,delivered,2018-05-07 09:25:17,2018-05-07 16:55:48,2018-05-10 14:57:00,2018-05-15 22:48:50,2018-06-01,a725bf42a56eb498722a568570297f97,2018-05-07
eb79d602c28b8782807ca17e4ba806cc,ae593797c45538bba5eb62f67740a1cf,canceled,2017-10-24 20:14:53,2017-10-25 02:26:16,,,2017-11-06,2c45e448cbfc3b0c4746ff9c8b2ad93f,2017-10-24
72ebb0547658a1d829e79aca8367d606,1c3b7b5254404bf529379e7433b758a5,delivered,2018-08-02 20:20:10,2018-08-02 20:35:26,2018-08-03 12:27:00,2018-08-09 17:34:18,2018-08-16,742e8f4db90f93804a21be643fc3ef18,2018-08-02
8ce6aeb98624ab2ad6732488877b875e,c101f8de6e1a9460a39aea808a4d5720,delivered,2018-02-21 10:01:03,2018-02-21 12:27:59,2018-02-21 21:23:06,2018-03-08 20:31:33,2018-03-21,45f56895cb6d84638a909cfc589be011,2018-02-21
50e1bd81c48e7fac3ae7246bd07a9129,dc76dea012fc4ca164091008b2b811dd,delivered,2018-06-11 10:11:47,2018-06-11 10:32:20,2018-06-14 13:51:00,2018-06-25 15:56:43,2018-07-20,ac7d608ac3aff0b7e9721803ce241d01,2018-06-11
52ae002feea5d59bda4323361c7172b2,b463e4a266f4ac39d80497ee637c90bf,delivered,2018-01-04 14:46:22,2018-01-05 20:59:46,2018-01-08 21:28:50,2018-02-02 03:58:50,2018-02-06,b7f1332e60b8d4d1fd404de7a9601437,2018-01-04
c0e0337ea8446b1f9e9eee331b2617c3,08ea30a42b328e0de15bb45949baa109,delivered,2017-06-29 08:47:04,2017-06-30 02:50:32,2017-07-07 19:02:27,2017-07-14 21:05:24,2017-08-02,b1600561dccf15ada586f6bce16cdabd,2017-06-29
7db64bdccb109046ffe4247078409ceb,0e46bd5beb3defb22a0fb42dacf5a37d,delivered,2017-08-02 14:10:38,2017-08-02 14:25:19,2017-08-02 21:34:30,2017-08-07 18:22:39,2017-08-24,e118369ef0f594c99e8aa4bdd44e0e27,2017-08-02
81ab0b4068c1bae0e818206c28b2c9ca,4b356889aae8fb19ebc052206a8e3169,delivered,2017-07-13 18:21:02,2017-07-13 18:30:15,2017-07-18 12:05:00,2017-07-27 15:38:39,2017-08-14,453d7222acb877fe54cef31e9285bc28,2017-07-13
feb6795b3a5f345c10e8e4a7c6383130,22dc6c288a0404fc96f83cab39a4e734,delivered,2018-08-10 19:29:13,2018-08-10 19:44:33,2018-08-15 13:37:00,2018-08-21 13:33:06,2018-09-03,975d871f4d53cf89c6d11b1bce0f8077,2018-08-10
f7499d7ef8d2ef5405b9f45b14223ee0,700856752061c5f93ee45f4a6b715e83,delivered,2018-02-16 16:56:33,2018-02-16 17:10:46,2018-02-21 21:13:16,2018-03-12 18:02:49,2018-03-09,6da31dc58967fb3efc26de4ad48cdbfc,2018-02-16
8ad3ff8de0c9473f99616e4dd7bfe7fb,8b8ef7402703c4775339a4a261f4ab44,delivered,2018-08-10 03:17:51,2018-08-10 03:30:09,2018-08-10 13:44:00,2018-08-13 17:06:46,2018-08-15,0efd5025e6544ef110881866b945d0cc,2018-08-10
5313bda5d2785348137647a4f64236a9,0d040e881b853027f451b8465e81e402,delivered,2017-05-18 16:12:53,2017-05-18 16:25:17,2017-05-19 10:26:47,2017-05-31 15:41:45,2017-06-23,89dd134df16189ac0ff4a2a94c26a022,2017-05-18
de5569837d26b78e94dbcf0d72e29ba2,df26ca4971ed6b416836e89a20d4fe13,delivered,2017-12-18 22:50:21,2017-12-20 06:56:23,2017-12-22 15:09:40,2017-12-23 18:13:35,2018-01-08,442634173364ecd07f5749a010e12a3e,2017-12-18
823070d852b76a5314b41122ae317fcb,67a78606811f4989f7aecd551506529f,delivered,2018-02-18 23:47:16,2018-02-20 07:07:10,2018-02-20 20:13:18,2018-02-27 23:24:51,2018-03-14,ba97b159215ccc7281256cc2f9e0e04d,2018-02-18
a3115f34be015286911b92beba41be5f,4c98afa4ca10e1d85ddf126c0c19834b,delivered,2017-05-09 22:33:27,2017-05-09 22:42:32,2017-05-11 13:55:42,2017-05-16 16:34:29,2017-05-31,c95f90d982a990f7db59285b6d97fb2a,2017-05-09
998b1beee068744ac833dd8b31944623,4388eb52412b71e3b55ca093b0fca09b,delivered,2018-04-26 18:52:11,2018-04-26 19:11:36,2018-04-27 10:07:00,2018-06-05 17:02:57,2018-05-22,d363b87ddb2ba9c3a6be8e17808885b5,2018-04-26
893f29ed01af82b34853c1deffe0117f,ccf774b91d3599a07386dbc88ef7dd4a,delivered,2018-08-16 18:59:58,2018-08-17 19:10:21,2018-08-21 17:55:00,2018-08-22 16:35:25,2018-09-12,371731a0c38d36355c9391a2050e46ea,2018-08-16
b0bfe907b9812101e7b442221ffb8f07,c5cf24cd094521d9270ff310c36fff9f,delivered,2017-07-27 13:11:39,2017-07-27 13:25:14,2017-07-27 18:57:44,2017-07-31 17:12:17,2017-08-16,56550de806540216e8a5fd85d5597678,2017-07-27
dba140d12592fdc150bbeed0f7f1a32e,ed9445dc99e654763cc4800426235e7a,delivered,2018-01-06 09:39:48,2018-01-09 07:26:09,2018-01-09 20:48:04,2018-01-29 21:48:48,2018-02-09,7d928f93629614adf7a2ef548cd69622,2018-01-06
0f9a932982d1a4ee6f2b4d9a874a5fd0,8dea293c7c436f369f4abd1c7e2ebb73,delivered,2018-06-20 10:38:43,2018-06-20 11:08:32,2018-06-20 13:53:00,2018-06-25 14:56:38,2018-07-13,8ab0bd08720ee0dcd76ffa1785e5235d,2018-06-20
8293af079b19a6349d758b3c16ecd6dc,591ff4992a8a79c6dd2e72a202c728ff,delivered,2017-11-24 09:43:22,2017-11-24 11:13:26,2017-11-24 19:08:29,2017-12-20 18:57:59,2017-12-19,2381f8e91d5722b85b133e5b2a27dd54,2017-11-24
da335e512c5172e253ee80cb42acf8aa,d1c7f1091325d6c6dd7c4512b6ded91f,delivered,2018-05-16 18:29:14,2018-05-18 12:31:43,2018-05-22 08:43:00,2018-06-09 01:02:42,2018-06-07,407a5174f1f623ad22257b00b8f8c770,2018-05-16
25c570731859e7969527877f7d9375ae,04a80904d68808014ce304276a945dc2,delivered,2018-06-17 20:50:32,2018-06-17 21:13:59,2018-06-21 13:07:00,2018-06-28 22:11:55,2018-07-24,cabb89542e5f18bb52ff71bb3cdd0cf5,2018-06-17
ab1a70d5cd14419a6f2c2aca5ee8a79b,21de634855f444443723e6c8b224ae69,delivered,2018-04-20 20:37:50,2018-04-24 18:22:56,2018-04-24 18:28:48,2018-04-25 19:12:43,2018-05-14,82ddb85c2420994d709ee21503e44eb8,2018-04-20
3c224717f735680c865cdb827b6c81bd,b4092d7745bc3d897d5c064dc6a22ed7,delivered,2017-05-29 13:53:10,2017-05-29 14:05:14,2017-05-30 10:59:38,2017-06-07 16:21:10,2017-06-28,dd72e3222467430aa0eb9233dbeac287,2017-05-29
7e132c96049690bbbb76ce370f1c885a,b3500a2ddf9ba44bc4ef8a49b14b023d,delivered,2017-12-14 13:35:10,2017-12-15 02:17:49,2017-12-16 17:22:35,2017-12-21 16:42:45,2018-01-03,b9da81348bcaaa9855ac637ef7f08f69,2017-12-14
d4169a5053bce24dd44902b9f07eed51,9d9f317311646c61117ca1bb8f5684df,delivered,2018-06-17 13:28:09,2018-06-17 13:52:41,2018-06-18 14:15:00,2018-06-22 18:51:58,2018-07-05,9aa6b006ccb99f41efeaa4621b689923,2018-06-17
be0cfa52def8dbec8774d5caf15b61a8,ec5f70e09e3caaafd4a6c972b422effb,delivered,2018-05-18 14:00:40,2018-05-21 07:51:10,2018-05-21 19:15:00,2018-05-24 19:08:25,2018-06-05,7c763b449a1a50b7cae7943be3dd5a06,2018-05-18
abfb6dbd8b0370761e851060356359b9,f167c1f38bc84624f4c1783709ac08f7,delivered,2017-11-25 15:34:28,2017-11-28 03:48:29,2017-12-01 22:09:08,2017-12-11 23:32:44,2017-12-15,ce8251a9f8544b727db671f529988f85,2017-11-25
446de4fae55c385fb4c5481c783bed29,889e00350927eaa1508aba82ca2d2a9f,delivered,2018-05-11 09:09:56,2018-05-11 09:39:28,2018-05-11 15:36:00,2018-05-15 18:08:03,2018-06-12,2cff422ea56f68a1e1bdce4371b88d66,2018-05-11
591d36e7f544036a8849e508414d2295,d24158ad56615a6753290e813f3468c0,delivered,2017-12-15 16:45:22,2017-12-15 16:53:28,2017-12-21 18:52:46,2018-01-23 23:22:22,2018-01-12,801d8cb0dfd3a8000f08987e46890a84,2017-12-15
7f86b02bd852306b5695ba14f0f95fcb,4c26f80048c63c93db62749c9f56dc9c,delivered,2017-10-28 11:24:57,2017-10-28 11:35:09,2017-10-31 19:35:54,2017-11-01 20:46:45,2017-11-13,41425c8a4c7ce93a941029ed1963f39c,2017-10-28
96c85fb240067205674e99425c5df3de,56e72c1aea322da215031c4ec20a23eb,delivered,2018-02-06 16:32:15,2018-02-06 16:51:48,2018-02-28 20:49:12,2018-03-20 01:31:05,2018-03-16,0fc302f0e80d81d2094440d1a85bfe5a,2018-02-06
e45a12fb0ed186f1f4e4337f60933c54,5afaa66b563f98d646cab188d7d69561,delivered,2018-03-11 15:52:51,2018-03-11 16:27:52,2018-03-12 18:05:09,2018-03-29 16:13:42,2018-04-03,62b99b06fbeadd7b7ff2ffa468e619da,2018-03-11
95d48dfe4e0e1340d723337fb3a8ca68,d06d8fe374a50cc9428ff641547501d8,delivered,2018-08-16 19:08:06,2018-08-16 19:29:25,2018-08-17 12:34:00,2018-08-22 16:47:46,2018-08-27,2bfc986b56fcf38bcf38d409343e5b66,2018-08-16
629a311d2d78caf11bd453dd536c6da2,e4efcc8ddbd88af5d9cc88c4e96b5f48,delivered,2018-02-23 17:30:06,2018-02-23 17:49:30,2018-03-03 00:33:32,2018-03-14 20:55:40,2018-03-19,a44b31b99d33ba6c128b857d28842ea8,2018-02-23
6952ede229b1cee2808b13094179d822,7da01fba9e505fb5caf8b5bf296eb37c,delivered,2018-01-23 13:11:46,2018-01-23 13:37:35,2018-01-24 23:32:44,2018-01-26 18:09:57,2018-02-20,85bf772aa9ac8ddf667a3d7218f17a23,2018-01-23
68a3e4dca76ceed7ef884e732b63bdee,8754b8b9a8d00bcaa22908f3e8079ea5,delivered,2017-08-27 13:05:04,2017-08-29 06:30:14,2017-08-29 15:18:21,2017-08-31 15:59:03,2017-09-18,69ba27c3df0d2752b898303dc7a32262,2017-08-27
95287dc5df93f25b90309d5acddbe02e,77e7a543346c063e804af0d1c7829ee0,delivered,2018-03-15 20:58:52,2018-03-15 21:10:33,2018-03-16 18:04:06,2018-04-03 21:12:33,2018-04-11,a8d344109edd5d56bed40ebbc3119129,2018-03-15
f517ea1343dd2e2db6ad7e82cdcd6109,f50371ea73620809c8229334f110d038,delivered,2017-11-22 15:09:21,2017-11-22 15:19:30,2017-11-24 19:17:47,2017-12-01 17:22:49,2017-12-11,b8dd1d96a8c6676a2e2b1bdec4eb6c15,2017-11-22
8067c5e4834f3c0a3c8a4e921d65c5b1,d06d665f5cbc5c4d6d32b95e3366753a,delivered,2018-01-24 16:28:22,2018-01-24 16:39:42,2018-01-29 17:58:40,2018-01-31 21:34:47,2018-02-09,c0d20a347b03d509b4ff01af068b3acf,2018-01-24
b07f4f372d6b83aa840baa28e094764d,dac64a594428f6f259e18c968924a1c0,delivered,2018-05-05 15:38:37,2018-05-05 15:55:15,2018-05-07 15:07:00,2018-05-14 17:05:31,2018-06-08,12f4375ef1a68ae1544e779b1db0efa1,2018-05-05
43b68bc17b7182a73f19829a1cbd4333,8f65470a3b714b3a99454dc4cf3610e8,delivered,2018-01-30 15:55:22,2018-01-30 16:12:52,2018-01-31 18:04:51,2018-02-25 10:35:08,2018-03-01,9a8b7a30b4598a9714ba770d034a3d89,2018-01-30
376e24a23026f91d3b3a68ae7b4fffc9,5e92e44ebd0a350490a3b0514da0000d,delivered,2018-04-04 15:04:30,2018-04-05 02:08:32,2018-04-05 20:41:22,2018-04-13 20:36:20,2018-04-20,edf259b9c27ffd85a54ac0b4c9a9d0c3,2018-04-04
dd6ac2e90734c89e307ce48401909367,a1961b2577837c6163adfd9e7c25e5a6,delivered,2018-04-22 14:11:28,2018-04-24 18:39:09,2018-04-27 13:12:00,2018-05-23 20:08:39,2018-06-04,afb54172646ce72488d6eac705f6f679,2018-04-22
45e23c55f1e319a0808c5924598cad9c,94a1fd95e0206cf4f438d24d15378685,delivered,2018-08-07 20:42:30,2018-08-07 20:50:28,2018-08-09 13:47:00,2018-08-17 11:03:13,2018-08-28,871090876d4f60c4c9935ff3eaf6d7ff,2018-08-07
c0c735876359d7431dbd45a8fb0e238b,e2f8991948307e6172c3c55e7d986d9c,delivered,2018-02-23 00:11:32,2018-02-23 20:20:25,2018-02-26 18:57:01,2018-03-08 15:24:09,2018-03-22,6b53299bab38efddcd8c561e277c6778,2018-02-23
7b435354ca15646a010388cc18dd2c20,c793cef016cf6426573a2b698ecfa174,delivered,2018-07-24 10:45:01,2018-07-24 11:44:31,2018-07-26 15:42:00,2018-07-31 21:08:43,2018-08-10,5bf7274f42d022ba05ae7252fc4ccbf2,2018-07-24
47a4127cb0dbefba62b1f27417f295e5,f21be077bde5af59e7bc499c7dfe788c,delivered,2018-03-06 09:32:41,2018-03-07 02:10:45,2018-03-08 00:09:34,2018-03-09 17:48:47,2018-03-16,4f185fd5276815172e822662c1b1835a,2018-03-06
1d35be28af536ed23f7e3ae4daa91aaf,b5c118230281675a7ca647f49baef3ae,delivered,2017-07-26 21:38:15,2017-07-26 21:50:26,2017-07-31 21:57:03,2017-08-07 17:45:00,2017-08-15,298dd87706ac1a38539aa2a2f823534a,2017-07-26
3a6b881cda9bb84b58ca91c630b9793a,19d12029252139d6480df2681d6111b9,delivered,2017-08-09 20:04:12,2017-08-09 20:15:17,2017-08-11 13:30:05,2017-09-19 15:04:23,2017-09-06,5cbba3fbbcc0f703a5abc526bdb948c1,2017-08-09
34eb956c071a90d711a9042a0fd9f2f1,5d6696754ebfd1710f4cd67aa32cf0e3,delivered,2018-08-17 08:36:26,2018-08-18 02:49:50,2018-08-20 15:27:00,2018-08-23 15:52:50,2018-08-29,2e61b6f7d17742eff7dd51f666f79623,2018-08-17
a2dd8c16ba2548569497fdc4a440b967,732594f0f8f10ebee9718cb85d2c781e,delivered,2017-12-13 12:41:24,2017-12-13 12:50:35,2017-12-14 21:12:50,2017-12-20 19:28:33,2018-01-02,27a5574e71717459cfc3c91ed65c3a84,2017-12-13
8e1e331cb2701fc82849ab614e8ff240,60fec73af0d1a1591b8e5b15341d72c7,unavailable,2017-05-27 09:56:24,2017-05-30 04:25:08,,,2017-07-03,655d84c19059376150562e413e239e60,2017-05-27
77e00d2c70f0bacc0e5467fd57422f7a,fabf975614e7e0d8341f84283a681467,delivered,2018-04-13 10:51:26,2018-04-14 02:13:44,2018-04-18 17:12:40,2018-04-19 17:37:36,2018-04-26,9c68f6d0a6d72d06cf86ccf0332e79ef,2018-04-13
04f7b342a4b3d7b33bdf6aade899d685,88d6b2fc68f377ccaf29bfa20fb5064a,delivered,2017-08-29 20:25:43,2017-08-29 20:44:19,2017-08-31 17:32:14,2017-09-05 21:16:30,2017-09-19,ae96c3169b362a4dd934aa4566327bcf,2017-08-29
82e3732828be8d714ff18ca961250f57,1c3fe95fe2ba34b846741bf6ec42256c,delivered,2018-02-28 21:54:18,2018-02-28 22:08:01,2018-03-02 18:23:27,2018-04-09 19:12:17,2018-03-28,3254bb05d293f86c3423087fb91f3de7,2018-02-28
b414a769783b3ab82e49f4113c0edaae,ff24c0250b3f882f90d87942fb7583a9,delivered,2017-06-27 17:12:07,2017-06-27 17:24:01,2017-06-28 15:21:19,2017-07-03 15:49:57,2017-07-19,5950105d5f3a678d89a7e0d2a54b5eaa,2017-06-27
78f62098f3fbba55d5a6fc9b2e072cc2,5df52c00bb3e854f687e11b615d99945,delivered,2017-12-05 15:00:56,2017-12-05 15:14:53,2017-12-12 21:37:03,2018-01-23 17:51:39,2018-01-08,6ba53545e48dbc82396132204a20b8c9,2017-12-05
033ce22f1fb407d7cefcdf8d1121706b,e9b488a1f1dd0ff995f1a64e87026fbf,delivered,2018-03-13 19:11:47,2018-03-13 19:49:40,2018-03-15 19:51:37,2018-03-21 20:49:51,2018-04-05,66f9cd42dbdb0ddbee6319d654643068,2018-03-13
a179aa7ce1d80b7d4a6b7e2470cb1f2d,cb818de8f7d11c8f30c1da79bf92f3d9,delivered,2018-05-08 11:37:10,2018-05-08 11:51:05,2018-05-10 16:33:00,2018-05-14 16:04:23,2018-05-22,6ff8e4c8ccde5e092ccd5a41dbf28156,2018-05-08
99cba2721b39974a1f5045162748e2fd,9172ec108487aaff702c42028fa71473,delivered,2017-11-24 13:53:24,2017-11-25 04:54:54,2017-11-27 21:07:04,2017-12-07 17:43:24,2017-12-19,d99159811c2f222312ff56f2ebb9292a,2017-11-24
f407e662a10a7864e42c33fdc559ff0a,a13cbaa8e1b1fffbfe0e01d938789f51,delivered,2018-02-27 12:47:48,2018-02-28 12:48:37,2018-03-02 16:51:44,2018-04-26 19:24:34,2018-03-28,002aba8c1af80acacef6e011f9f23262,2018-02-27
94e5d86b81534a5f11b5b57af7852aed,e7751b5411d4890df68144a0488a07b0,delivered,2018-02-14 16:34:19,2018-02-14 17:30:34,2018-02-15 23:19:03,2018-02-17 12:56:58,2018-03-01,5ee3e8576df58dcdf36aeaaa0b40724c,2018-02-14
097d716d21f2b46bb265aacacb716dc8,97908817f277b94fa3948e5e7387a798,delivered,2018-02-28 08:05:57,2018-02-28 08:15:25,2018-03-01 23:17:18,2018-03-23 17:08:49,2018-03-28,937bc5163f4494b82bfc7efcb728f123,2018-02-28
1e90eae620cdf28010098a2159d56ebf,61609db271bd91cfbd84c080e5d6e889,delivered,2017-12-10 22:51:36,2017-12-12 22:50:56,2017-12-13 22:50:41,2018-01-20 10:13:30,2018-01-08,b0e0c6d79137b2840d5c896244cd2668,2017-12-10
26d620229f78589dc5e92ad0ab520ef4,d114674a4f5eabcc39576906c20a7254,delivered,2017-11-27 17:50:54,2017-11-27 18:00:40,2017-12-01 19:27:05,2017-12-19 00:13:59,2017-12-19,7ac875f3932b2158020591e646d89bee,2017-11-27
5bfff93bf1a78cecbf645fe86513ad0f,288223ca4ff3435a01a015f18fccc873,delivered,2017-09-28 10:41:33,2017-09-28 10:56:15,2017-10-03 14:00:15,2017-10-06 20:10:17,2017-10-30,189eedb15f06431209bd72b16187049c,2017-09-28
d36515bd9fb81a3374b1979478926fbc,467b3f1f1d2b25c420d74f0e69b09883,delivered,2017-07-03 00:07:54,2017-07-03 00:15:24,2017-07-04 12:54:44,2017-07-13 19:57:52,2017-07-31,8335867dab25b0b9e2ba0f5e6299c870,2017-07-03
3e28393f83efb34c56df093513721d60,72634020787e70502d6f4f43ce34f543,delivered,2017-07-13 12:17:56,2017-07-14 12:10:18,2017-07-14 19:14:02,2017-08-08 17:10:58,2017-08-16,2f7c8c8386941ce0ef458ca7ff304123,2017-07-13
d39bab8a9af00bb16a6a2bb759d03bd3,eed444dadc28f192c8b1521c754eca1a,delivered,2017-05-11 17:25:25,2017-05-11 17:35:17,2017-05-17 11:45:51,2017-05-19 13:44:50,2017-05-19,1869558cd2dd43d23788508b5a9aa5ba,2017-05-11
8193d208442242314fa5a7d9c9b73df3,eae0befe714c06774b8f88623c2e4bb3,delivered,2018-02-17 23:26:19,2018-02-18 00:26:38,2018-02-23 01:16:54,2018-03-08 14:50:05,2018-03-23,45b1173744c995d4d9cc6c75400a48a5,2018-02-17
fe5d1d5631625db883840eb3624f7a22,cad14e9f8dacf575e0b90fc0b9415c49,delivered,2017-12-27 08:56:52,2017-12-27 09:19:21,2017-12-27 20:15:22,2017-12-29 23:45:12,2018-01-22,d93a08c460dff5992a41ad3d515f6847,2017-12-27
c4437c3f71eb47254bb52f9d8f009383,3a1eff19ccfe0ad069ea6ae159b10442,delivered,2018-02-23 10:53:36,2018-02-23 11:10:52,2018-02-24 14:33:15,2018-03-19 19:13:19,2018-03-19,b17784e9d266d03aee9108291bf7f821,2018-02-23
a2537ce2ae2da31262ec49c1b83cfc78,43ef6d921801cd218aa1933147cc312b,delivered,2018-07-24 14:25:16,2018-07-25 02:50:20,2018-07-25 09:03:00,2018-07-27 13:38:54,2018-08-16,51a1ead0ba50c55efd446d0f057c4e2a,2018-07-24
6bc5da0239ae806987a22ccbb45f3fc8,e4a08e459341579f49bdcdb73f0b2272,delivered,2018-04-17 14:24:21,2018-04-17 14:35:15,2018-04-18 23:19:09,2018-04-24 22:12:03,2018-05-29,7fd285935cfdb9f4cc8a97c8ff598c49,2018-04-17
ab9bec57955006309507e61f3bd2d21a,8357f83328ee3f5e579988844539522d,delivered,2018-06-13 18:05:40,2018-06-14 02:39:25,2018-06-15 07:45:00,2018-06-27 13:11:22,2018-07-17,cf1f61d8d459d90e800e9cccc9157373,2018-06-13
f7df648b228c22aa46208224ab0fd67d,67370418294c2fd0ab4119292bc816d9,delivered,2018-08-06 11:30:09,2018-08-06 11:44:24,2018-08-07 12:17:00,2018-08-13 18:08:39,2018-08-22,fd29c76b1131cc1669aa137dfe10a896,2018-08-06
a3c03356178c199a84eae0d6356d815c,65efecad50836c407e7129e0656ddad7,delivered,2017-03-10 20:24:32,2017-03-10 20:24:32,2017-03-13 10:41:19,2017-03-28 14:27:11,2017-04-12,dabc7d3bed4d9f97f9ac78df36e7a27e,2017-03-10
07df21cf38c17b4fef05f15d23e3cce7,a6569ad9b99c7bb667f0ec4224ad7ee7,delivered,2018-03-05 18:12:48,2018-03-05 18:31:18,2018-03-06 21:14:33,2018-03-07 23:47:35,2018-03-15,ca035a21e1cdb618a7d9c98005618881,2018-03-05
3ddfb3c5858191cc1e798ac13e6ef582,51e17dc6fe0e3581fccc8be70a2d6af4,delivered,2017-04-26 15:10:46,2017-04-26 15:22:34,2017-04-27 10:52:03,2017-05-05 14:57:28,2017-05-15,6a579bff7fd674e50a05685ad7902a55,2017-04-26
f2d4c5e2504657f6ee0b76fb979dd01d,b842717959224c3d19977a60ecfe0567,delivered,2018-06-04 18:04:12,2018-06-05 03:50:20,2018-06-05 14:15:00,2018-06-27 10:08:53,2018-07-19,339963d4dccb015b2e121400a0181a54,2018-06-04
504eccaee0973a1297b1b3a14bd5c980,cdd7385d5d4f40002e27b3b4db25c954,delivered,2018-05-19 10:24:45,2018-05-19 10:59:52,2018-05-21 13:09:00,2018-06-06 14:49:05,2018-06-05,ad1b022e1eab35e3053079cf03eb4945,2018-05-19
bdf8131aca33808695d54289e6ec1550,905ecfeea46e963ce7879d15d770dfff,delivered,2017-06-16 17:36:24,2017-06-16 17:50:11,2017-06-19 17:55:52,2017-06-28 14:47:40,2017-07-06,33862efd56effa1f6ab7afbc3a5cd6dc,2017-06-16
35fbd0c1666a2c04e7d111da0bcf1683,c94395fa4f7fd0440d8972d45d711d6d,delivered,2017-02-09 11:04:00,2017-02-09 11:15:20,2017-02-10 12:09:13,2017-02-15 18:54:52,2017-04-25,b5733c1a1d5267ff6e9e23ac7bd0155d,2017-02-09
1f4afb6af12ea20394e93372d90fb7f6,12775da2894f94da4152af87ee34b1d6,delivered,2018-01-23 17:32:55,2018-01-23 18:07:23,2018-01-26 16:07:11,2018-02-06 23:18:00,2018-02-22,c0b34be03e16c03ae344ada47dfd78a5,2018-01-23
0ffc72fbf456655a67de48c1bd094594,1ee24e71192304999595a27987dbaa94,delivered,2017-12-27 21:05:19,2017-12-27 21:14:24,2017-12-28 17:43:53,2018-01-03 22:19:23,2018-01-22,23e80fe70674c3b89cc1616a7873078e,2017-12-27
bb54e9bf4bdb6c6391a7c6b517748b9f,84e28130ed1fa8558f3fc843d9a906e7,delivered,2018-05-27 11:41:32,2018-05-27 11:50:16,2018-06-01 15:13:00,2018-06-26 18:04:00,2018-07-04,da9a13d9200966b860d4a17a98fcf59b,2018-05-27
bf41eb326b16f1484cf34ab9e3cced8f,f7959924408235b634284e142e28865e,delivered,2017-10-27 19:52:28,2017-10-27 20:50:18,2017-11-03 16:19:46,2017-11-08 20:21:38,2017-11-16,f1c1f0420a6f428d41ba10464af27667,2017-10-27
4bf9917773b973b77d02d12241387084,3f6835f041140f84ab67567c59aa5e61,delivered,2017-10-15 20:32:15,2017-10-15 20:49:21,2017-10-16 22:52:15,2017-10-24 00:45:29,2017-11-08,749e46453d6ab7071310a6aa11846ac5,2017-10-15
75972b63025ce5a66717a161d49e07db,04892e1ba218bc38b6f52cf4354c3132,delivered,2017-11-17 19:51:01,2017-11-18 02:29:10,2017-11-21 18:28:33,2017-11-27 22:07:24,2017-12-06,b9ff3050810a8baf05ffa45fe65710ff,2017-11-17
21eb677c19b78ef3e185029ea42241cc,0e5ba8e1148c8f30369c02dead8834f3,delivered,2017-05-25 12:11:30,2017-05-26 02:25:29,2017-05-29 09:04:01,2017-06-08 15:23:42,2017-06-21,01a3427def071b9efaf74a817c4e023b,2017-05-25
9c3e52105d896e40a480b47029e36fb8,5ba3ac0869df00141763fbdb83c9c14f,delivered,2017-08-19 06:19:52,2017-08-19 06:35:09,2017-08-22 18:22:53,2017-08-23 17:45:51,2017-09-28,64eb50e030a9cfc25970028888990054,2017-08-19
086c6d64a23359add6c0488fbca20ccb,cb1bb6cbb6d68bf656db2885a5fd8d2b,delivered,2018-07-07 15:31:11,2018-07-07 15:45:46,2018-07-09 15:18:00,2018-07-13 20:03:11,2018-08-15,3b68b65777e0b1d97c46e8344ea43b90,2018-07-07
fc956251c8eb3a139e862178fe18b68d,58c169c6200ab071e176185fc7c8e8dc,delivered,2017-09-04 21:08:05,2017-09-04 21:24:07,2017-09-08 18:32:26,2017-09-18 18:23:44,2017-09-27,535a1647faf34fa079075dcdf6c30b3e,2017-09-04
7054ca2781439efaa9544a3a00c2ade7,bd3562c5b64c226a41e4f0e74b915cc2,delivered,2018-06-08 16:02:13,2018-06-08 19:31:07,2018-06-13 14:25:00,2018-06-22 19:02:41,2018-06-29,d1659c1acdb933f31e6692df5184b75e,2018-06-08
6aa95a55a7192fafe9f44fd9dfad3523,6f9141462d41d0efaec49dc8a76a3479,delivered,2017-12-25 22:54:49,2017-12-27 04:07:42,2017-12-27 21:14:24,2017-12-30 12:33:01,2018-01-19,1f2cbf67251c23083af82eb26f9ae46e,2017-12-25
91fcf25c1cc5ba3a5ddc26f394a74138,a6dd18d75d07b8063bf42387c5fec9df,delivered,2018-06-29 18:05:12,2018-06-29 18:15:11,2018-07-03 14:55:00,2018-07-13 20:29:39,2018-08-01,8434f9a813304fe5afc95de28214f9f2,2018-06-29
cbc5205b9df432b848e1e8a2331ffeca,86f78e419a3ed5dcaddf3bd5d0c4adae,delivered,2018-05-09 23:01:53,2018-05-11 03:37:34,2018-05-12 08:18:00,2018-05-17 13:13:00,2018-05-28,0e33296ad5367ab09c2788d4b25fd88f,2018-05-09
bd5e2ecf9b560ddab3d1f8c7b48ddfe2,ef33214305d9a4bacb50f9ee88b3a89e,delivered,2017-12-02 12:18:40,2017-12-02 12:30:24,2017-12-06 23:35:29,2018-01-12 22:19:24,2018-01-05,cf8e62100de6ab82083dc80b8fa8384b,2017-12-02
e8a8221d81dec1257a582b21f3db43fd,365ed08446356b37760003aabd1c8166,delivered,2018-07-30 13:01:12,2018-08-01 16:31:32,2018-08-01 11:34:00,2018-08-06 15:26:57,2018-08-06,23a37f309015b9c6d25358158567209b,2018-07-30
dadc23575c27fa7a66ce0310807865ba,a38b8d3c68acd8a16eac71cd0bcc2369,unavailable,2018-05-08 15:05:15,2018-05-08 15:15:26,,,2018-06-04,59405cf7b0df0390bffe556bdf8f48ff,2018-05-08
94794614f3ec5140fca46b21fd72e208,473cf41d825106ee0cb03b99fb38c996,delivered,2017-05-10 23:11:41,2017-05-11 16:35:15,2017-05-12 13:45:57,2017-05-24 12:35:38,2017-06-01,2af1a3b62a72814753be9487fcb286a8,2017-05-10
57e1f02c24c1c6c9b445d77373d9f4fa,6feeb77df30ef447c4f061a576768be8,delivered,2017-05-04 16:50:16,2017-05-04 17:03:07,2017-05-11 10:40:49,2017-05-19 10:49:59,2017-05-31,a286f8051a4e213c92f5491e48f0dfec,2017-05-04
39e0115911bf404857e14baa7f097feb,816642e9995c2461f2172469e78c7370,delivered,2018-01-20 07:48:16,2018-01-20 09:15:46,2018-01-23 18:27:00,2018-02-01 01:52:34,2018-04-25,7e5fcbe031c0079b3ddf282f57beb834,2018-01-20
b87024ec4da1b89f2002223e52f25597,b006b2bca340326ecb17cfeaff935e75,delivered,2017-08-14 21:59:30,2017-08-14 23:04:00,2017-08-16 17:04:39,2017-08-30 21:24:00,2017-09-18,b00364b792aa2ae4614afb11b16d7104,2017-08-14
24cdfd401a113857553214161447483a,6867c2b62881f80cb97baca3e53e7635,delivered,2017-07-31 10:00:00,2017-07-31 10:10:17,2017-08-04 20:27:26,2017-08-11 18:27:52,2017-08-31,9e174aadbc877e3c42ca03babfd157f8,2017-07-31
eae87b24ee716eaeed2b3b67eab5e244,9b49060b66b604036f1caf445a7e67c7,delivered,2018-03-21 19:51:13,2018-03-21 20:05:32,2018-03-22 19:36:45,2018-04-02 20:22:23,2018-04-13,bc6262b3455342876d70b7aed1ad3986,2018-03-21
040b98b117606d34ba51c4d274a15e2d,88918d2067e3641cb1512fc6167e5d8e,delivered,2017-10-29 18:21:41,2017-10-31 03:50:34,2017-11-01 18:03:09,2017-11-09 19:48:43,2017-11-30,dd91ca21f65ef2bdc41528faff426781,2017-10-29
59a6a4f84e0e583a39c2f395343d27af,aaf1ff6550c1f45fa52842cc105286ed,delivered,2018-02-23 15:20:45,2018-02-27 04:31:13,2018-03-14 16:06:23,2018-03-23 23:51:49,2018-03-19,704fef9fe1b1c63d636a0f9be5d48567,2018-02-23
508ecdaf77144e9b64870ae67db856fe,30f0e4aaa8fa99752adacfb62eaf6a27,delivered,2017-11-25 02:39:35,2017-11-25 04:15:31,2017-11-30 00:52:33,2017-12-05 19:17:28,2017-12-15,6ef42ae19268f91189c98730c4ac5e46,2017-11-25
18517c2680695f31500ceb6b1840b8e4,81b99494c508f1f8bcf80c176345ea88,delivered,2017-09-25 12:34:40,2017-09-26 04:07:25,2017-09-27 16:33:13,2017-10-11 18:33:47,2017-10-19,9502e12125ef4c7fe81b3d3edab825fc,2017-09-25
0f49bf9742213170b4a6f0e635cb4447,5a668c917ec042a5ba843d5d90233705,delivered,2017-11-24 19:01:57,2017-11-24 22:33:18,2017-11-27 18:17:04,2017-12-05 10:29:23,2017-12-14,9ee6342742e0ee932b7618f18f47e101,2017-11-24
01a4ec962d7589584c11650ca20d728b,430ae219c180fc664c3981c91fd7f70e,delivered,2017-05-19 17:40:26,2017-05-19 17:50:20,2017-05-22 13:39:04,2017-05-25 11:18:46,2017-06-12,fa32d50b314a61d8fbff672e57e53519,2017-05-19
2923a376a5261c606382087bafd07908,359b9d6f7f8977275076290b0e6f509c,delivered,2018-01-16 19:27:53,2018-01-16 19:38:24,2018-01-17 17:13:20,2018-02-01 19:36:05,2018-02-09,86e0eaf7e0654a1af827ae9172915c6f,2018-01-16
a1ecf6ff2702a73805ca6ffa3771ab05,8af31be19cce9c206cf14041082401d9,delivered,2017-03-27 13:55:05,2017-03-27 14:05:22,2017-03-28 12:14:24,2017-04-05 12:23:08,2017-05-03,76472792d33f4c68457baca4d21fe0fd,2017-03-27
f145ac5697118e7722ffbf89c0e66331,2fa3f0808b4fc4e1464bfb5bd2229300,shipped,2017-12-07 22:03:26,2017-12-09 14:56:25,2017-12-12 20:34:36,,2018-01-04,c582f7d8bdd468701cb419b374e819de,2017-12-07
53854521186b4ceccc013032734f928e,ad741a0dea62e6bfa77534f01016d870,delivered,2018-05-17 22:29:49,2018-05-18 05:34:23,2018-05-18 13:29:00,2018-06-04 14:12:51,2018-05-25,9c5acc6fafd7a5681cc826cadc4169cf,2018-05-17
8a272395043f280e270091176b7f392d,f8e69151f573cef016abaa5b176209c4,delivered,2018-05-18 14:55:55,2018-05-19 02:59:04,2018-05-21 13:45:00,2018-05-24 18:05:14,2018-06-04,5e83b364150b7538992f925acc373dca,2018-05-18
cdf76ad4d66f6cdc8fc19e44f4d17c6f,b5a2a4ccc65e614530763703a573764b,delivered,2017-07-03 23:04:43,2017-07-03 23:40:13,2017-07-05 17:04:03,2017-07-06 15:22:02,2017-07-14,876531f7c6bb88815b1ae79c3ad4719a,2017-07-03
24437ca1637e1b4d98a85138eeaae838,12dbbea9f6b7ebe93cc5dfcf0cfe55af,delivered,2018-01-29 21:04:42,2018-01-29 21:15:34,2018-02-15 04:25:13,2018-02-22 22:09:01,2018-03-12,e8198977f57313464a8c3fd122c40050,2018-01-29
273fa2f569d3e879930f38dbc3d79eda,5d442fd431e8112816463237246a2b6b,delivered,2018-05-21 14:24:04,2018-05-21 16:14:48,2018-05-23 15:32:00,2018-06-06 18:18:37,2018-06-12,ea6184b812df993f07fd9d7edca1c246,2018-05-21
a547fb168e44ce6b79cdea200a3c9b45,1fc0dd80f3ef093992aafd0a8dcaf281,delivered,2017-08-24 12:07:21,2017-08-24 12:24:25,2017-08-25 13:50:06,2017-09-04 23:35:00,2017-09-18,fb3b6b966b6fe7af889f45402ceb06a3,2017-08-24
2297bd1a898970d8f9cbefea429b7bad,d81bc4687ec6215f7de6780a04d90c5a,delivered,2018-05-04 06:15:40,2018-05-04 06:32:10,2018-05-04 15:47:00,2018-05-14 23:38:38,2018-05-30,ed030fc84640e4a307bb9ed86b8cf542,2018-05-04
64618afe1b90ef2416d9c80631a15e42,87c2309f158171cf01fe60391178188a,delivered,2018-01-02 13:54:45,2018-01-03 14:06:57,2018-01-04 15:52:55,2018-01-20 02:38:50,2018-02-05,e38bf9a883752b0b65407a103fd7ef30,2018-01-02
dc87bbf90ab840098d1b349a5a8e6fb9,ab4e2e353563b0bca4685a2253d176f9,delivered,2017-07-02 22:29:00,2017-07-02 22:44:00,2017-07-05 12:32:40,2017-07-10 22:36:50,2017-07-25,7f9ba6b3dd5036a5b0066184f92cf19c,2017-07-02
d7d9b2d3d6316241ec880b97446b797e,8fa8f597440bcce3a894e7df3a3f49ce,delivered,2018-02-12 10:21:45,2018-02-12 10:48:17,2018-02-14 19:33:28,2018-03-19 19:42:34,2018-03-06,84ffd4379c514fd415efc05fc81a0671,2018-02-12
ac86dd3679ae1b9b02aa9d04b6e5dea2,7bc18b1be0acb2d2e9d8da9b93a0ecb0,delivered,2018-05-10 21:38:31,2018-05-10 21:55:17,2018-05-14 14:06:00,2018-06-02 13:46:46,2018-05-29,b0afeb156c23614c6d6e5c382b494c18,2018-05-10
8898a51e0e6b578277a7c20d5b31877b,17298835e7756f3763fac2562d2adf33,delivered,2018-05-30 21:37:48,2018-06-01 10:11:33,2018-06-04 13:27:00,2018-06-21 20:12:09,2018-07-13,0fb361eea9d9202af9c88e517e20dce0,2018-05-30
d1ca62d0563ff1cdfe83f9bede16baa9,7b0ee5d26c6851f15cbc9238c3d86da7,delivered,2017-10-30 16:23:24,2017-10-30 18:33:05,2017-10-31 22:15:59,2017-11-09 17:32:04,2017-11-22,7bada66424f46ce9a766b94974849e09,2017-10-30
3f6484ca65eed5c701aa5e348623537f,f1e7fdffd7bac5ba4e53b092a314ed45,delivered,2018-04-01 23:05:58,2018-04-03 05:35:15,2018-04-04 22:12:51,2018-05-06 18:48:46,2018-04-20,406b3f44f5f94a0bd14d6672e0de4266,2018-04-01
c0ab546d7eeab2e210dbc49084319e46,2fb134171eb8b58c2cb3aef1b480c14e,delivered,2017-07-02 15:48:49,2017-07-02 16:03:26,2017-07-07 19:02:46,2017-07-20 19:12:16,2017-08-10,e3e9798c019c5c53539c221ef4646d84,2017-07-02
0ef1c1f6a00932e7f8f2bacb8ff4306d,049f23a98a27f9901865e0f54f0e4ce0,delivered,2018-01-24 20:18:19,2018-01-24 20:37:35,2018-01-26 17:17:48,2018-01-29 20:12:23,2018-02-08,d9b9b04147bb5cf5c5cd8c114b3cca35,2018-01-24
fe81190c131e3502197b1a4445343380,1ced53357c5fe676ddc0c0dd642d2878,delivered,2018-05-07 15:39:24,2018-05-07 17:30:00,2018-05-11 15:45:00,2018-05-29 14:28:53,2018-05-30,e836a4279bd9127752d8949d46f7a5a5,2018-05-07
3b5ce64f9f05683358404919c5872b8f,95da60df9d8fd5339534e379b679106f,delivered,2018-08-04 22:00:02,2018-08-04 22:10:11,2018-08-06 14:59:00,2018-08-08 15:24:38,2018-08-09,a6acaebfee00f4c666666c82c7508180,2018-08-04
4c2b78efad2dfa6a3bb1cac6560cd2b7,b3d3bd9297ddef4e81dc0f8661d605d4,delivered,2017-04-14 10:06:15,2017-04-14 10:15:16,2017-04-17 17:28:09,2017-04-26 12:23:16,2017-05-10,722f06d0d1882a157cc59c93da7e3a61,2017-04-14
e03f2a110a3c771d1e0e126f139503d9,9c66d0ea4755e0f35408a0cd71cc68a4,delivered,2018-01-18 10:26:40,2018-01-19 02:37:00,2018-01-22 22:23:17,2018-01-29 23:43:55,2018-02-02,deb4b7b245e4a3d38302b08b3679d754,2018-01-18
1309fc445b40a153a53e94b46d2accb1,7ff79b567b62a506babf7a70718e0609,delivered,2018-02-23 13:39:24,2018-02-23 13:50:38,2018-03-01 23:17:11,2018-04-02 22:32:25,2018-03-19,809123b7426128f66b2549071a4c72d1,2018-02-23
4fceaea9a24d7498757816821e271a46,338073ca588012673d034c0393e58bb0,delivered,2018-03-03 16:48:43,2018-03-03 16:55:59,2018-03-08 22:31:26,2018-03-14 14:19:09,2018-03-21,21a9c9dd4248d18bf8edced7762b70ae,2018-03-03
ba13f88bc48228019bdb212741534045,9e8a6c20af9e336adbc7eebf180cfb93,delivered,2018-04-12 23:10:44,2018-04-12 23:30:56,2018-04-13 23:52:00,2018-05-08 21:26:32,2018-05-15,f5c7000754524f8b1814f13c62f38373,2018-04-12
1a537f94e57acdda6cfad59696759417,b0103288d3ba083d3c76003e1c164b86,delivered,2018-02-02 06:58:41,2018-02-02 07:11:48,2018-02-03 13:06:47,2018-02-06 18:52:24,2018-02-20,8dc4412f2ddf5ffee6cf50e6278b37fd,2018-02-02
8f45eebf4554e796f1e35f7c2fc16190,ae4413c400d35b618205ca0460ba08ef,delivered,2018-08-12 09:31:22,2018-08-12 09:45:13,2018-08-17 14:15:00,2018-08-23 11:51:55,2018-08-31,f206f5f73426cb2dcec74ee9d59f6e97,2018-08-12
9ffefd5071423b7a0aacdb41dd7bf07a,d2e60bd2a6d6bbf552cd2548e9c794d1,delivered,2018-03-15 14:26:26,2018-03-16 03:50:12,2018-03-20 00:06:54,2018-03-22 19:38:46,2018-04-04,3e4113733cb7d8c9cf71ea079787d94e,2018-03-15
b1fdceb28f70830d69114860d8b1175a,6dfd7ae0f88a0a5b78d2da711aef42fc,delivered,2017-07-28 10:51:19,2017-07-28 11:05:11,2017-08-01 17:22:52,2017-08-11 18:26:04,2017-08-23,c5b58e89d4e287e453b4a0bffcf7a025,2017-07-28
01bc343311e5b8090b64d6ab287a5cf0,3eef17cb7b0ffaf55b88ddfa3d793bfe,delivered,2018-02-22 14:30:12,2018-02-22 14:50:40,2018-02-23 18:27:43,2018-04-04 22:16:24,2018-03-22,88785e3fc48d90acabb7429b07139fc2,2018-02-22
37f183492adb4ce952102634d5aa8f86,030ceea25c9a1b5f03e672712ec30e05,delivered,2017-08-04 06:57:51,2017-08-05 03:10:13,2017-08-07 21:13:43,2017-08-10 20:12:59,2017-08-28,83fedaa94a3d2091af6271cab8e48f39,2017-08-04
541d818a90f63e0227fbd78f9e789f40,bfffc44d697db2944987bc39fd45d22c,delivered,2017-06-28 09:35:53,2017-06-29 02:50:24,2017-06-29 09:57:44,2017-07-06 13:22:26,2017-08-14,b4dd1edfb454e09a915bcd75b653cb8f,2017-06-28
1ecad0e8ea57760ebd5ea7863ec48b06,68ba8f23c3adf9c100fe5a28d4f3256e,delivered,2017-07-29 15:05:21,2017-07-31 07:15:12,2017-07-31 18:39:35,2017-08-04 20:02:57,2017-08-18,f140839b5ea1ebd782956d880b40f5a0,2017-07-29
3e92efabf5eaa46e4ab7f20a10864785,4562a2d3bf681fef8f12d7c1c77a416d,delivered,2017-04-14 15:39:25,2017-04-14 15:50:14,2017-04-17 12:23:58,2017-04-21 11:19:10,2017-05-08,a27fb7c59a5e6ecab45a6fbabafc5077,2017-04-14
1f3128e8dcdc994a80f83cff1c576a35,e92d90e8ad82e5d8a8e3dafa9586b298,delivered,2017-07-12 10:35:37,2017-07-12 10:45:15,2017-07-18 15:36:11,2017-08-05 15:59:48,2017-08-15,0b7caf7ff956cc070a821dbff941242e,2017-07-12
6f838eed4f03f8be45723049df0a91a3,43ce0dc6dd42843fd918ce518df8cda4,delivered,2017-05-15 16:32:57,2017-05-17 03:45:11,2017-05-17 14:30:31,2017-05-25 12:58:04,2017-05-26,eb66ff5626f54eea86629cc7817e7a3a,2017-05-15
0ea6fb65c44f0a557e7ee0dc86d66c04,bbf19f753671013db6812d683007ab28,delivered,2018-03-04 23:50:40,2018-03-05 00:08:56,2018-03-06 17:03:45,2018-04-04 19:17:30,2018-03-26,5194eaa04f2286e9661511c7464a6d77,2018-03-04
ae6892262d72790a9568fd4f4ac198f3,7d6f786fca4b010b46803e742613c122,delivered,2018-02-08 16:33:08,2018-02-08 17:06:44,2018-02-14 20:15:10,2018-02-21 21:55:10,2018-03-06,e944ed38f39b051c579152e324a0a1f0,2018-02-08
e0206b3fc791d710a2498a32e0ba1310,b7617b17e670003050e435830b5e970a,delivered,2017-09-20 19:59:52,2017-09-20 20:10:25,2017-09-21 23:13:13,2017-10-05 14:14:28,2017-10-26,d2f4597ff4317e7e3095fb2626d4575d,2017-09-20
b24f022765a67a60735c54402342c9e4,237ef1499471be17e7f082cbbc911c90,invoiced,2018-08-07 17:17:05,2018-08-07 17:30:20,,,2018-08-13,c6e7ba32d3400f590ab17def32f625a6,2018-08-07
38c4ead64825466cd4d3e073d46d5105,b2783bbdfc2cd2b4f2da05387b7e6f2d,delivered,2018-02-24 19:51:02,2018-02-24 20:08:04,2018-02-26 18:23:26,2018-03-14 23:15:31,2018-03-28,0877e29df1017f9b76ea75fed8cb3065,2018-02-24
931b1729484868bfd8c3064cb74459b6,c8597df03da73588699da471aaab499a,delivered,2017-09-25 11:46:43,2017-09-26 04:07:20,2017-09-28 18:02:55,2017-10-09 19:04:04,2017-10-26,9b785ba9f0eb9634f87b2676139c0af3,2017-09-25
c72888e51a36defb7b5d49201fcbccf7,c3cd86c3cbac654f8558a8286ba93c1c,delivered,2017-07-11 10:45:57,2017-07-11 10:55:14,2017-07-11 19:14:48,2017-07-19 17:27:43,2017-08-04,d8b80a0bd7560fab10e804f36d99fe33,2017-07-11
e079ed774a2fadd1906622fb9dc89f87,d73f48447385ba4ec637815532802b94,delivered,2017-08-06 22:03:28,2017-08-08 04:04:50,2017-08-10 19:57:43,2017-08-17 15:47:25,2017-08-29,b9291fc2d997fe1de1240e32188c530c,2017-08-06
dd8b565021d8781e5b1a93e85ec5aba4,1bcef4aba3c60510ee22250ef9a6f2a2,delivered,2017-06-19 17:51:40,2017-06-20 15:45:11,2017-06-22 08:35:56,2017-06-27 22:17:27,2017-07-07,111dbd14eb558b7b898a07478e5537cc,2017-06-19
fad25ec1d119305e79431001599bb799,0833e6b9ceb73c111ca003768bf53228,delivered,2018-08-02 18:58:15,2018-08-02 19:10:22,2018-08-03 13:16:00,2018-08-06 21:21:26,2018-08-07,b7f23b5b2f0bd23a2dbc373f4974d930,2018-08-02
80def445474889abc909592113f0027a,06e07d9f20157eac3086f8e27b8799bd,delivered,2017-05-25 16:38:28,2017-05-25 16:50:14,2017-05-26 09:59:29,2017-05-29 15:09:04,2017-06-22,de10c6eddfb671ca75cdf673e3d3ab47,2017-05-25
2128702318ecb84662d4a18d937c0c9d,2b615e87c2c513958bd4ad6a59bf6cc7,delivered,2018-03-20 07:47:19,2018-03-21 02:50:57,2018-03-21 19:48:25,2018-03-27 20:44:28,2018-04-11,3574ddc59020916b72650753adab59d8,2018-03-20
162b2345ef3cc0551c0a32058840a2ec,d08c285eb2ad222ad414f308573afa2f,canceled,2018-07-21 17:59:37,2018-07-21 18:10:10,,,2018-08-06,84ffccc982f51cfd250f56d09d870cd1,2018-07-21
e91a3bc14b8d125d82f0334371c39926,befe184e4eb181470e6063a1a368a093,delivered,2018-08-27 17:01:43,2018-08-27 17:10:27,2018-08-28 14:56:00,2018-08-29 20:04:52,2018-08-31,6ac6902b78ed854e42f75c8e25234e8c,2018-08-27
601e15e212cb33919e0444d6f0d776e0,1daae5de6467ac2cb6cb6707025b2b40,delivered,2017-09-12 14:07:21,2017-09-12 14:26:44,2017-09-13 21:03:33,2017-09-29 20:27:30,2017-10-02,c0dd822307f13bf903687963114f7d35,2017-09-12
ab13cb6c13063f2603a94c9ddca34f66,2219bb6754bfa36cf2b30d3de337ec81,invoiced,2018-01-16 20:18:10,2018-01-16 20:31:05,,,2018-03-05,dda7d094a7c887911a9f6cadf698c5b9,2018-01-16
ad5d83949a78b7f4a88b59f991bce882,bf5b6c001d40c88dab0e26b417a1e5bf,delivered,2018-05-08 13:08:38,2018-05-08 13:35:10,2018-05-10 14:28:00,2018-05-11 22:37:06,2018-05-16,db28fc41c6aae0d92e04d0e0c127f6f5,2018-05-08
7fe5d75d901df671909b8224032c2df7,ca335501b2fed430da289da22628244a,delivered,2017-10-07 12:54:49,2017-10-07 13:07:26,2017-10-11 16:22:11,2017-10-17 17:47:35,2017-11-06,68554ca5651ce49068d116c1a84e0299,2017-10-07
56be6844f995dc2e1e2ed999a992e399,049d30345d60fd6e2870020094ad873f,delivered,2017-06-15 21:08:16,2017-06-15 21:25:08,2017-06-16 16:47:52,2017-06-28 12:47:46,2017-07-20,ea02aa85005c75e85125d79bfb76db38,2017-06-15
20aea91835c11696daa9520693503694,649ccc91c147ec069e6df8ba5ca3ddfc,delivered,2017-09-05 10:11:54,2017-09-06 10:15:17,2017-09-06 17:33:34,2017-09-14 23:26:43,2017-09-27,b744f75c6f5b0917cd728af5c53d5258,2017-09-05
6174441865ff6d9fd4ef874995201e9e,f6e75fe0c9c3615f87fcc3f535b34864,delivered,2018-04-08 15:07:51,2018-04-08 15:29:37,2018-04-10 00:08:27,2018-04-13 18:10:42,2018-04-30,3ccd408859ed809be5a4b53623a4eb2c,2018-04-08
88ab6b0ede7f19c65b5b71771b88254f,1e34da36bb68dd1d93a0f40afae7210a,delivered,2018-08-13 12:12:46,2018-08-13 12:25:21,2018-08-17 13:29:00,2018-08-29 20:58:39,2018-10-04,3be3fd5060ef3d08691b1b9d56cd0018,2018-08-13
11fd51275a43d1590816139eaca0bf94,6fec7996bbc8eeb913f3b92a79fd33f8,delivered,2018-02-15 11:47:40,2018-02-16 07:47:01,2018-02-16 18:17:39,2018-03-05 18:33:28,2018-03-19,38da585fa717b63ca1ab0f5e7c06a975,2018-02-15
c9d89b0c3d42591ac04fa956aef8fd14,9c9f2ef0f3f3a453d1cf63a2eb33cc3e,delivered,2018-05-21 13:02:38,2018-05-22 08:16:35,2018-05-23 14:26:00,2018-06-11 20:12:56,2018-06-06,ff325a460cc15654fa42b324fe0ab64b,2018-05-21
45ece9d703e8c043b9e825c88a00c561,5684d5bc5f337269ce0f7b6c40ef2ad6,delivered,2017-03-07 13:38:52,2017-03-09 02:35:33,2017-03-15 16:44:38,2017-03-17 09:11:59,2017-03-24,e32483365c524c4beb41dfc34b8c4d3e,2017-03-07
588017c78f6057bfaad9fafa5a05f5d9,73fb68a156f353bf0c8946c0f3544086,delivered,2017-05-03 10:49:36,2017-05-03 11:10:19,2017-05-05 16:35:02,2017-05-22 23:18:28,2017-06-05,98d2fc070f4afbd02c5788eacc6949c5,2017-05-03
557fe5a8a05a2bbb733aacdf6d9b2b9e,602c734d4a72768d9e0cf843f55dc8af,delivered,2017-08-03 15:26:37,2017-08-03 16:50:11,2017-08-04 17:43:10,2017-08-08 17:28:05,2017-08-24,76fd9cf5537cafb206e3fd2b803ee013,2017-08-03
618ab5fa2138dcabd9046d13f1294fb9,816d4cd64d43fd04e499508c50e2ed9a,canceled,2018-07-23 09:52:09,2018-07-24 11:32:39,,,2018-07-31,8578601ec5393996f22afb3f787b89af,2018-07-23
5849d6026e6ef0340a5e699086dbfbc7,5fb671249003c434b2f6221315c7bbef,delivered,2017-04-13 20:32:27,2017-04-13 20:45:10,2017-04-27 05:22:03,2017-06-02 07:42:04,2017-05-26,23a92795bca68209a5d5680fc17fb221,2017-04-13
8236871cb131f90f8cea6a9f84140b42,57543f89b3a2af4bd27ce772e5c63f02,delivered,2017-12-21 21:33:48,2017-12-21 21:51:08,2017-12-22 19:23:08,2017-12-23 15:07:13,2018-01-11,883c50b6fae7e32a748bcf37cdcf8821,2017-12-21
c8d8247ff7baf429edc63c9a81a2fd6f,4beaef2bfcefa982f3662823c9064973,delivered,2017-09-18 20:16:08,2017-09-18 20:30:10,2017-09-20 17:04:44,2017-09-26 22:51:23,2017-10-06,05a355563b28a256026dda6056eae78b,2017-09-18
5bf4e4543e94063b0fa469fd3a46e319,735c1628a4604ff1a6fa50f81e5d213a,delivered,2017-11-24 09:56:50,2017-11-24 11:16:29,2017-11-24 19:57:51,2017-12-04 19:52:15,2017-12-19,d6c1a200d4b872e9bd1a4e2690dde786,2017-11-24
33b7013ecf08d45cce710de05808c535,a0b3a9b52d4d1b0481a563bdb2c55e6e,delivered,2017-08-24 19:27:26,2017-08-24 19:43:59,2017-08-29 21:27:04,2017-09-02 11:58:59,2017-09-06,4054ad62b54915599d9add2e14f213b0,2017-08-24
21be7b54dbb2dffade63645014982524,04d795e7e90c83bd1dd185038140abc9,delivered,2018-01-17 23:37:12,2018-01-17 23:50:07,2018-01-18 19:58:33,2018-01-27 09:42:35,2018-02-09,424adf7fb8aa12c60a29a76787d9a60d,2018-01-17
0f266223a9b8d9e61f09b6e50bf8a757,b83d81162b634d3fd3dafcc76039dc18,delivered,2017-07-18 23:16:31,2017-07-18 23:30:17,2017-07-19 16:22:03,2017-07-26 17:37:39,2017-08-09,40c2b8520867eaa88f7a1812e16825a4,2017-07-18
a9c74f167b0d8af61d6487fc21934f7e,c913ae1bc977b139a50287f6bd0b1c19,delivered,2018-07-10 12:40:12,2018-07-11 03:45:47,2018-07-13 14:12:00,2018-07-23 21:42:09,2018-07-31,d26b9e4b03f3c35e31689df0835fa1fc,2018-07-10
1bf7f449437a3070f6446c58db2061f0,8e770e585cecab47e4ac9701997e111b,delivered,2018-01-08 21:48:42,2018-01-08 22:08:18,2018-01-10 21:05:17,2018-01-17 20:48:33,2018-02-05,4b1f2de38e33c413f405ac4cb8c0d80c,2018-01-08
f9198719b5e6149a3191c420285a7245,484dc99de4311213c02d066fc2d403da,delivered,2018-05-31 12:56:47,2018-05-31 13:10:56,2018-06-05 12:31:00,2018-06-18 18:02:42,2018-07-13,94ed98d07905e2c34cc78f1683c84641,2018-05-31
3988b16758968e3d0683b0917f9e76bf,a1f9dbba4cebcf4576f450ada698c8fd,delivered,2018-06-06 13:36:53,2018-06-06 13:53:56,2018-06-06 18:23:00,2018-06-11 16:08:40,2018-07-03,7f131a64624253c6f621f39e49b7baae,2018-06-06
81c340da0fe8e47244fa1a3fd41337e2,c7056bea560b2728d84ba5e1e1472bf0,delivered,2017-09-10 20:43:12,2017-09-10 20:55:19,2017-09-12 23:53:33,2017-09-21 19:36:05,2017-09-28,4348c2ef355f086668e014f0a3e08cd6,2017-09-10
6c170781e28b9d780b0338e8d3cbedb7,c71441ba64bc4f58c9304b5c6e1019d2,delivered,2018-07-07 12:43:51,2018-07-07 15:55:16,2018-07-18 13:59:00,2018-07-25 18:10:56,2018-08-06,0e3cf4f185f62c60d2e33b7f8b1e97cb,2018-07-07
7e441aaf6e4a5f2985bbe36be6e59208,d1819907684da852e53bc90058c7a11c,delivered,2018-02-08 14:31:58,2018-02-08 15:29:18,2018-02-16 11:23:11,2018-03-10 15:26:31,2018-03-15,0a522b4ae13c0e1957bf280aa6620ac3,2018-02-08
6ee9a292ea3ec8f5ede12921f5afb2f3,0d83c016121c7c84866901d7c29676a3,delivered,2018-07-28 19:49:49,2018-07-31 06:35:21,2018-07-31 14:51:00,2018-08-01 17:11:28,2018-08-07,ceceb4e479243f25ea8cfa6578e89bb2,2018-07-28
29664dfe32fa36fe220eb8ba86d93445,deabe38b10927cb85e6701d3f055c690,delivered,2017-04-10 10:53:20,2017-04-11 03:50:38,2017-04-11 07:07:54,2017-04-18 13:55:10,2017-05-08,fa8c2cfec9eecf82e7f3c3d2dfb0405b,2017-04-10
43cc7c567182b58ce0ee6a1f7c2447fb,d1887ee73588097df36e7d83dfdc6d72,delivered,2017-02-11 13:15:40,2017-02-11 13:25:19,2017-02-13 10:13:43,2017-02-24 16:19:06,2017-03-28,4cf66ed8289bbb4f73e9e17c3998cfb3,2017-02-11
08d7ec7381dc51d41a0e4d86314b7a98,bf396d21b4ba3214fd7d7a9c10669615,delivered,2017-01-10 17:18:09,2017-01-10 17:30:23,2017-01-16 14:39:40,2017-01-26 13:41:40,2017-02-22,d401b738861201747e01d84768cd876d,2017-01-10
c23f148a1fe42b5117a779941b132011,a6cbd05d6dcc7d0202cff560dfc4d4bc,delivered,2018-03-28 08:21:12,2018-03-28 08:35:20,2018-04-11 17:05:41,2018-04-16 23:08:59,2018-04-25,18b73651f33a5e38f372499dbec1b11e,2018-03-28
ee0578c482937df9ec873324e94b9569,a39c5aff6a35952d2c3e41540490513f,delivered,2018-02-13 16:01:40,2018-02-15 03:55:56,2018-02-15 20:17:54,2018-03-06 19:35:31,2018-03-13,d38e93c966eb034025123f0734d7a830,2018-02-13
9ae3e8595c05d8148c01235627356e23,e0d2bf838eaa43f0e43898c57ba69303,delivered,2018-02-23 12:12:30,2018-02-26 06:27:40,2018-02-28 16:28:37,2018-03-05 17:28:29,2018-03-16,10a3e1843697539d328a425dfa7dfde3,2018-02-23
946fbd026e6cdf0c0b3c2f6a5d8a149b,0c5f776f27bd2e3d271019993998b0d7,delivered,2017-10-22 14:13:17,2017-10-22 14:28:19,2017-10-26 20:52:54,2017-11-06 21:12:00,2017-11-03,83fd2e966327fb235dba7f279badb8e9,2017-10-22
5a211401338dee5fa1388f6b4b70b456,a65083c305f6632d851a2d4d44803ab5,delivered,2017-09-01 13:04:34,2017-09-01 13:15:18,2017-09-01 19:42:11,2017-09-08 19:06:04,2017-10-02,d8d71cb1bbd6227d49f2f7a5886937fd,2017-09-01
cdc9704cfb1c4a7a5843e3bc681be58d,16e60188ed8baf905336e5cf24ce0839,delivered,2017-10-14 19:52:38,2017-10-18 03:07:15,2017-10-19 14:37:10,2017-10-20 19:46:19,2017-10-26,ecc8e39e03d252a504520ec827882930,2017-10-14
cb31d6a654b3b6be3168cdb05fee80ee,7d5599e9950b5055d91871998db3ff7c,delivered,2018-01-25 14:01:47,2018-01-26 03:17:28,2018-01-29 18:39:01,2018-02-22 10:18:56,2018-03-05,cacb3ed80bf4268f31ae06e6d568f970,2018-01-25
3010db5aa9feaeb7bf56382abccca96f,19bef044a4c1e074fa68239f24447a27,delivered,2018-04-19 00:15:51,2018-04-19 00:31:49,2018-04-19 19:20:44,2018-04-25 18:22:08,2018-05-14,ad450c51ea517736f1ccd3dae3f1506a,2018-04-19
3deb7346dbaa00ea4431f0d97a6ce758,999f59eaca9c30c13c324422172ee5a8,delivered,2017-06-09 22:48:58,2017-06-09 23:15:11,2017-06-14 10:42:34,2017-06-23 10:59:34,2017-06-23,4127cb95c20254485869d698037a3dfd,2017-06-09
723100aa159479fd44ce9874cbc010e5,eddf85d5b6d5d839930e427bbdc82585,delivered,2017-08-05 01:01:44,2017-08-05 01:10:10,2017-08-07 18:46:57,2017-08-10 18:05:09,2017-08-29,867b7062c0682497e4e283ca939e96f0,2017-08-05
d9c24e4449ffb647e94f0bf23388e4aa,853e6282670724562250cbb046772e0f,delivered,2018-06-06 16:30:14,2018-06-06 16:55:17,2018-06-07 14:14:00,2018-06-11 17:46:37,2018-07-26,f304a1127ed2803eae1cc7efdc5c9802,2018-06-06
16ab8ecb99315867f046f225b832649e,3e462e0b6482e9bcf2eedb26722a9bfb,delivered,2017-12-12 20:37:16,2017-12-12 20:52:24,2017-12-15 17:18:22,2017-12-20 17:52:11,2018-01-05,64aa7e43d35ce01cad8bcaee988593ea,2017-12-12
d0ea854aa5d2827dc112df0048f817b2,5eb1888cc45c693e7b815192e4f419a2,delivered,2018-03-09 01:41:13,2018-03-09 01:55:30,2018-03-15 16:12:02,2018-04-20 22:03:08,2018-04-12,ce942f2a2db9d5706f7b09f2c7d5cc17,2018-03-09
e6103b1c3a67152c7b688d5da11460de,13603df3689ff937c6e376baf886dc9f,delivered,2018-08-14 22:23:51,2018-08-14 22:44:10,2018-08-16 13:14:00,2018-08-23 19:52:20,2018-09-12,7660a232556d0dde39c89c1cc9efda8b,2018-08-14
7f705121bca62ce0b864357f8f09fbdc,5e4b0c76f331945cd0ebb67a3adce403,delivered,2018-03-22 07:39:35,2018-03-22 07:55:45,2018-03-29 20:28:39,2018-04-06 22:38:42,2018-04-04,8d66f98c026e3d77ea0c70f5a2c8e98e,2018-03-22
3bcd900ad6c00ba28359abcf765cc05d,accf3dbff23b624e0762877b205f6fd3,delivered,2018-08-24 09:33:39,2018-08-24 09:50:20,2018-08-27 15:24:00,2018-08-29 22:03:19,2018-09-04,233918b333b963b55f6cc62e0f5e146b,2018-08-24
ba4aad629e2c6afacab3ebd5e3d1e7ce,7222593d73650ed06f14c173e8c0e796,delivered,2017-12-06 00:22:10,2017-12-06 00:38:24,2017-12-06 17:49:48,2017-12-19 20:19:45,2018-01-11,a230941c83fadedf393fa11ec31ccf64,2017-12-06
253009218018b92ca2f36309c8dc97cf,b4651b07b70c725722fa9e63230b266c,delivered,2018-05-21 11:34:13,2018-05-21 15:32:01,2018-05-22 13:48:00,2018-05-23 22:36:42,2018-05-29,4f7dc1cfc26f4044e46f4b7fa2cce3db,2018-05-21
f37977715eac869c24d6402da2b7a3ac,3601ca87ad49d32ca2bc47dfbfad434c,delivered,2018-03-08 16:15:47,2018-03-09 09:05:44,2018-03-09 19:27:33,2018-03-12 19:42:03,2018-03-20,d55e256d29e4f7d3c2683642e0ffc7a1,2018-03-08
d78f157135db9ba4f043330c2b62dfb4,0e8aaa6517ca0b989a2df53396f879a3,delivered,2017-03-20 09:13:51,2017-03-20 09:13:51,2017-04-20 13:39:02,2017-05-04 12:46:51,2017-04-28,e5203612ca86f5cf6e916ed0dacf45b9,2017-03-20
075b7434a196cea1b664c1446bee2ff7,8d09dc54480f245a3f60ac491bbc2cdb,delivered,2017-10-11 13:36:30,2017-10-11 13:49:16,2017-10-18 19:07:41,2017-10-24 16:42:15,2017-11-01,4702945c3b363dd3a5d1cbe913cc95d2,2017-10-11
eb5edd66fa9227d7e0f3a5a2e34bd2aa,3b818809cf714a9cd6b073c51f17fa31,delivered,2018-01-15 16:45:54,2018-01-15 17:31:05,2018-01-17 21:47:06,2018-01-22 21:28:36,2018-02-06,e34ed94ad627a5025f7dc91ddc8ef4d3,2018-01-15
97f628c23936b663758751ed856904ba,339ad6dfb04841e9de09bb05f3b55a86,delivered,2018-02-12 20:19:47,2018-02-12 20:30:22,2018-02-14 21:49:10,2018-03-09 15:06:32,2018-03-14,609fd1b15092fb074f6119e6af6db5d6,2018-02-12
1b9de9a0409d983102d4ce529265112a,5f7b2adac6bc47d3b426270f4f620b77,delivered,2018-03-28 13:16:01,2018-03-28 13:30:22,2018-04-02 19:58:53,2018-04-10 23:23:20,2018-04-16,837bdcc845d5886778a03a7c45fea8ad,2018-03-28
0e8bbbedc5dffd859a8386d68d138c10,67a2c8d9e8d745c3552a27f0b35911b5,delivered,2017-10-13 11:56:38,2017-10-13 12:14:31,2017-10-16 19:37:59,2017-10-23 22:13:31,2017-11-06,b3fb09a3b27e79975e3b8af2dd58ed62,2017-10-13
ed274ecbd297951203b23b1e071eb593,bfe964865bb435b81a560ba893502540,delivered,2018-05-15 15:33:44,2018-05-15 15:56:03,2018-05-15 14:13:00,2018-05-18 16:48:50,2018-05-30,248acdcc29adc0f9e144da53c94569f3,2018-05-15
0988e6e21a5bd6dee0c95d3a85970d98,fb2a6ee3f93f4a4d434cca41ba6d919c,delivered,2018-06-18 20:58:10,2018-06-18 22:16:03,2018-06-19 12:54:00,2018-06-26 23:49:16,2018-07-17,d470c7668d56ef3894610cceed4a4b70,2018-06-18
83d7b724f28ef0f880eea4d34980fce6,0fb56b1a2ceaf968adbf6fa86bf080db,delivered,2018-08-09 09:11:18,2018-08-09 09:25:13,2018-08-10 14:33:00,2018-08-13 21:03:57,2018-08-16,3ad92ac14eaadf43a7fbeb9c1d8258fc,2018-08-09
82e4f033f60598903866557d89c9c042,97f4b6e455ba303fbf1dfea62b8b6f61,delivered,2016-10-08 10:26:41,2016-10-08 11:02:40,2016-10-12 11:02:41,2016-10-28 14:11:26,2016-12-14,ad7f0d20b46f7386fa4509cbd19c095d,2016-10-08
e0b5327e615585edf5ac1051a466172d,c39a8bfecb3528240e368385de24ebaf,shipped,2018-03-14 10:38:52,2018-03-14 10:50:51,2018-03-14 23:37:25,,2018-04-04,c27a30338b5d9d59399825f77e7dcc61,2018-03-14
23c30e04ef6b799d105781208f6bddd5,01509d555b8b6775f5847912d8c52d46,delivered,2018-04-25 18:42:06,2018-04-25 18:50:30,2018-04-26 14:24:00,2018-05-02 19:55:26,2018-05-15,cb296f03ccd21cfcb3ba0778c4f3b7d9,2018-04-25
3c3b5a515dbd753a7d18c009be59f57c,a9724796025983a341f8ed1fa6165cf9,delivered,2018-08-02 18:25:40,2018-08-02 19:30:43,2018-08-03 13:57:00,2018-08-08 16:18:48,2018-08-20,514b451172db4107ee9c59f6e89cc0f1,2018-08-02
1cc4c099fe24689266163670a36d04d7,fbc7433af65643811cd5a46d932d0102,delivered,2018-05-23 12:24:36,2018-05-23 12:54:43,2018-05-23 15:07:00,2018-06-04 11:50:35,2018-06-21,b3440de7cec40b80c5f3a9e29ccade37,2018-05-23
12019ed87b97cee3add615b1f8c9e9b0,034dbf527c403a97312d2d20abb0d0d3,delivered,2018-07-24 12:01:12,2018-07-26 03:15:22,2018-08-15 15:41:00,2018-08-17 23:51:41,2018-08-16,3f3ce271b7f095df5029946f9f8edc13,2018-07-24
00c81b6675ef9ecaaff5fc1d6720b96c,9bc4a258f344f7de44ca841d25a497fd,delivered,2017-10-24 17:54:41,2017-10-24 18:14:26,2017-10-25 19:33:10,2017-10-30 15:24:07,2017-11-14,f372db7693e8b9df2f201a59b1a15c20,2017-10-24
46c38e73577fd75b4bbf5d57b18197fb,fd99c2c34874146bf1bf3c5a5efe265c,delivered,2017-10-22 17:23:26,2017-10-22 17:35:24,2017-11-29 16:49:03,2017-12-08 18:55:31,2017-11-23,64809fd77d51df8883b60fd4cb112946,2017-10-22
1313bcad758bb2cb6766488e4448de3f,2ac2adcfaf901e151a527d97985e3fc7,delivered,2017-06-08 13:24:53,2017-06-08 13:35:21,2017-06-09 09:31:14,2017-06-14 13:26:15,2017-07-03,501f08db8b5ef0b6944b2c5c518c2304,2017-06-08
63305270eb3457a63856e2d1dae91550,5bcc4255cbb4d6777a392fb88d24294b,delivered,2017-04-15 09:42:38,2017-04-15 09:55:11,2017-04-18 12:30:03,2017-04-28 14:52:43,2017-05-26,489a0be221675d041528911d170fec8c,2017-04-15
27391d92842924d92acaadab5fe08e95,9aa2bb49af484279ee05a65d05cec9d0,delivered,2017-11-29 22:18:57,2017-11-29 23:06:43,2017-11-30 20:28:50,2017-12-20 14:28:44,2017-12-29,6a84f5b1a232de6a9f4a3cfb590e0df2,2017-11-29
4a2c053de460d64372361385b38bdb24,c52cc5ca33a25f1f2a5e6ba48a1dcbdb,delivered,2018-07-21 15:55:08,2018-07-21 16:05:16,2018-08-02 08:13:00,2018-08-15 18:06:48,2018-08-17,58af2ee44a9ca5487bd47d13db071ea5,2018-07-21
699376e68c8a6abbf01e7160a239c641,ce35f1861f73b9148328630f9c283432,delivered,2017-10-01 22:12:40,2017-10-03 04:28:23,2017-10-06 21:00:10,2017-10-13 18:28:41,2017-10-30,ec879c665b7947155676e629f49bdc1d,2017-10-01
7423b4cc85c866b575901e064a27c5e1,8c3c67c044aa796bec8d59cdcd4c0395,delivered,2018-04-20 09:36:10,2018-04-20 09:52:55,2018-04-23 10:52:28,2018-04-27 21:42:43,2018-05-24,d4c86cfe80bd956af42f183cf69ac260,2018-04-20
ae8423bae5771609a19bafe9b114a60e,3d3eaab3a5b6e25af213673e7c2727cb,delivered,2018-07-27 13:14:02,2018-07-31 07:30:58,2018-07-31 13:51:00,2018-08-03 18:38:35,2018-08-15,aebc59e8819e9f43d427e3d1ec19e3c0,2018-07-27
29bfedddd3697cd54c2388547b1864b5,9fedb83ecf4fd35c0ce7e83d25035e10,delivered,2017-11-08 23:36:36,2017-11-09 00:32:04,2017-11-09 15:16:54,2017-11-10 18:06:44,2017-11-22,776cad3fee13e08b582b75eb3cff929b,2017-11-08
eb7d3683f623a9aa24ed0e4fa4a84c2e,83dd9868ef09d34c50593ee34f7ca159,delivered,2018-07-18 14:04:02,2018-07-18 14:22:14,2018-07-19 14:59:00,2018-07-27 01:19:40,2018-08-21,c7449e6c16701ff9d155ed609ca7820a,2018-07-18
1b49bc4eb1e79ddb7c7c8fc764432dcf,d0351a281bd2fc06bb2fe8c9daac29ae,delivered,2018-06-30 14:29:36,2018-06-30 14:50:13,2018-07-02 18:18:00,2018-07-03 21:52:11,2018-07-16,60d7512d61ad51e02ba6d5048060c9e7,2018-06-30
236ae03bfee2c49ab78fa9227892c5e6,944dc66ce45739575455181a6288e2a2,delivered,2017-11-25 21:29:40,2017-11-25 22:16:46,2017-11-27 15:27:18,2018-01-09 21:38:39,2017-12-20,eabd461b28713dd65399567d5db5af22,2017-11-25
b7f5ff286e187a25dce8803836bdc6b6,1dca3344d31d5d2df7f2576b576b3567,delivered,2018-06-12 19:36:02,2018-06-14 02:17:49,2018-06-14 13:04:00,2018-06-19 14:39:28,2018-07-04,92f91f0169699b4fa982312590eee9df,2018-06-12
4598f231b79970cbd4afa2bc692068cb,424a293f43b7f5a42f926ce9b76283d8,delivered,2018-06-11 09:50:47,2018-06-11 10:17:27,2018-06-15 08:30:00,2018-06-20 15:24:47,2018-06-29,307364cd478081c799aac82387614b51,2018-06-11
75de6a99721eba5ffbb4c4bd2fa0ee07,a1a724ba9559410e160d1b1e5b1b1ce5,delivered,2017-02-04 08:30:48,2017-02-04 08:45:10,2017-02-04 10:52:37,2017-02-13 19:21:29,2017-03-09,2cef020b1db9ea2ee527059ba37c8066,2017-02-04
e3f7c2f711bb7121c21b3ea7d6816d4a,a5f2d425e2eb223af541820f2621e0b7,delivered,2017-08-09 21:38:40,2017-08-10 07:15:09,2017-08-15 21:22:59,2017-08-23 20:34:13,2017-08-29,cbb4b1e54af9231ad1ed6545607a1641,2017-08-09
3613ae962932e257f93ee34fdf76f4a7,88f04ea3afd3db4885798c9f23d42014,delivered,2017-12-08 17:15:33,2017-12-08 17:30:31,2017-12-11 17:18:47,2017-12-13 19:49:08,2018-01-03,a8a00b829b2fc46ca251ad06caa26bed,2017-12-08
e9b878264e94e17134221e4e9afd378b,47062495a6dd8f01a38c445282e7a30a,unavailable,2018-03-09 10:42:40,2018-03-12 13:08:02,,,2018-03-21,29ae9e23943929ef3f3951a883462955,2018-03-09
30241f57ca64887323c3cb0c63b407bb,c564db557272ef1abfc07e5c2bd69c8a,delivered,2017-07-04 13:57:39,2017-07-04 14:10:19,2017-07-04 14:31:58,2017-07-06 14:36:30,2017-07-28,ee2be4dedb1290a391da13932b71f02e,2017-07-04
35fd272b7bfd7824349c5d0defad43ed,95205900a3c354d2b8a8395d48175360,delivered,2017-11-14 22:01:36,2017-11-14 22:16:21,2017-11-24 23:33:19,2017-12-28 17:29:16,2017-12-13,097c9194782931c718378196ed6f02db,2017-11-14
e3d29434a9fb1992b5fa63ae0befc0ac,7f2159aecaefcbf20a42bb7f9df3cc28,delivered,2018-06-20 22:58:02,2018-06-21 01:38:50,2018-06-21 14:18:00,2018-06-25 22:28:48,2018-07-17,c5910c8e1c7e9ed181e455c014b3428b,2018-06-20
de3fbfa556cedccc424406bcb5eaac96,308d634eb8b2e74f9b5bac996f0df5bc,delivered,2017-02-06 13:51:28,2017-02-06 15:15:10,2017-02-07 14:16:37,2017-02-09 13:25:07,2017-03-03,c319f40740fdf4e982c795eb1eb6d6b1,2017-02-06
a2a9057bf8c5b06ab94f44b3e8005d23,96930e618b5fd77de5a5351ebf4849eb,delivered,2018-03-05 03:48:19,2018-03-05 04:09:12,2018-03-05 23:22:17,2018-03-27 21:58:37,2018-04-11,9179832aca79ed90c8cf9bcca3e6a219,2018-03-05
96139d82556aff8edd1cfcfdc11a632b,a10bf76efea959603e21cbfc13bbf221,delivered,2017-09-21 19:19:32,2017-09-21 19:30:16,2017-09-25 14:04:34,2017-10-13 15:18:05,2017-10-16,c9e4881af356888041171a9452e30600,2017-09-21
718780b93362dd897e0d9f9982c87736,1afe6bdaaf6f029eea4002b18132d12f,delivered,2017-07-14 18:53:09,2017-07-14 19:05:19,2017-07-20 17:33:11,2017-08-10 17:32:46,2017-08-17,5866266b2d8d38d0d538eb24a2b912cf,2017-07-14
4deab312e3e7dd7eefaf005f169974f9,9a107dc2b4eac6faaea8b796ced7e079,delivered,2018-04-02 15:49:35,2018-04-02 16:13:16,2018-04-04 19:33:05,2018-04-16 18:26:43,2018-04-19,6760ff1058a847c5f21ffde987db6d1c,2018-04-02
8899770c263136aaa6768f75189d996a,33a8d776edab4135ca1a5f9b48f499ed,delivered,2018-03-19 19:33:30,2018-03-20 00:35:25,2018-03-23 19:46:48,2018-03-24 19:37:47,2018-03-29,6289f600c5e334ca3787c785aa7fa075,2018-03-19
41906ad47e1e6076348bfe935ed5e01d,1026e80aea584174e8e7d1fd6717e87a,delivered,2018-01-08 14:42:31,2018-01-08 14:54:23,2018-01-09 10:54:11,2018-01-22 17:09:30,2018-02-09,961555c74d50503ec14b3b5340fdb3ae,2018-01-08
a4f28b3c6ced3a0b8f60b9043bc27f9f,3c68ab97a9868961c8497b3ce754a992,delivered,2018-01-03 14:10:34,2018-01-03 14:31:33,2018-02-03 15:38:26,2018-02-26 20:15:03,2018-03-26,5d9935164bffd4168a6f76d7154e7fda,2018-01-03
4c796d310c3e227145d29bb0ae0dd5a5,fb2faacb34e24535e77e3c65bb6b046d,delivered,2018-02-02 11:07:25,2018-02-02 12:10:41,2018-02-05 22:28:59,2018-03-02 19:53:10,2018-02-26,12c7d09701ee0dfcf05630e9016e49ab,2018-02-02
31b60e74c21a868ce2a24131035f8636,56a66f8e32ba42c558e28627e216f52e,delivered,2018-07-13 17:04:06,2018-07-13 17:23:53,2018-07-16 17:31:00,2018-07-25 16:39:35,2018-08-01,d058b72f6c555453684448396a10bdef,2018-07-13
7829c222faf130ddecd0a997d677da22,95142d0ca8d29234aab5a06ed0cb4288,delivered,2017-02-23 23:38:50,2017-02-25 02:22:30,2017-03-01 16:39:45,2017-03-10 09:54:41,2017-03-16,9cde81a57c957057813bb9a84ae7e124,2017-02-23
da1990d1037cd108f89b13fc5db97476,89cbdb9173db99ca0b8975af363d7e11,delivered,2017-10-14 13:49:46,2017-10-14 14:05:41,2017-10-16 22:23:30,2017-11-03 18:53:02,2017-11-09,66f5da511d9dfa14841bcc2ea910427b,2017-10-14
0e2d7ec6702478f04fd7b14b55b906b0,e7c857bbac41f5a5af61d63650c2906d,delivered,2018-03-21 10:01:53,2018-03-22 02:49:49,2018-03-27 18:42:55,2018-04-06 01:41:09,2018-04-11,5f7c4102110986de9fa01ad289376984,2018-03-21
1d4e3c08acd5f70230aa904ef3cb86e3,9cefcd762174d8ff524a4e5498616e28,delivered,2018-02-19 11:26:23,2018-02-19 11:35:40,2018-02-21 16:20:15,2018-03-15 15:21:24,2018-03-13,a507fcdafd79a4788ed208dc0c8e5ce7,2018-02-19
dcbca116084725bc77c3e8b6480c4d82,56a5e4fa7055699b07bde561183ea999,delivered,2017-08-22 17:12:58,2017-08-22 17:32:17,2017-08-23 17:05:01,2017-08-24 21:05:22,2017-09-18,a30978aee433167a339b46d2463b81b9,2017-08-22
d6ea23d51e0f2c7ba19e7c5092db3088,bc81405ae7e0e0bb10ae88990ff202fa,delivered,2017-12-13 18:50:27,2017-12-13 20:31:33,2017-12-15 19:56:53,2017-12-26 18:24:43,2018-01-11,b3d058d052b1ca40cd60c15f71a29a63,2017-12-13
1bb808438d953f0b816a43fca01390af,d89f7143ab114605b91349810656abb4,delivered,2017-03-15 19:35:17,2017-03-15 19:35:17,2017-03-20 15:21:05,2017-03-28 17:54:55,2017-04-07,0d3ea90688e4b68c0921d78a170e7507,2017-03-15
aacbf13db267af0f239fc7ff5dd513ff,304717ed44006118886f66f77cb11793,delivered,2018-05-21 11:08:51,2018-05-22 08:33:45,2018-05-23 13:03:00,2018-06-04 19:06:38,2018-06-08,d9ad5b8ce105bd3baced4648987fbbfc,2018-05-21
e04f952af9764d87d5a0ac5e7cf48cca,86d22e8a6c25a9f25a58eb1a3fa066d5,delivered,2017-03-30 11:32:05,2017-03-31 11:42:27,2017-04-10 12:12:53,2017-04-17 09:06:24,2017-04-26,ae4063938f4260b2cb76a9c84ff1f0f5,2017-03-30
c9fdbe9ca5eec85c1f92f5ba3ef25597,0c9dbbe49e16d15678ee755576e95a29,delivered,2018-06-13 14:36:04,2018-06-14 02:57:32,2018-06-14 13:34:00,2018-06-15 16:28:52,2018-07-04,d692c705d77e922aa0a29bc3cd0d75b5,2018-06-13
97fd93a5c9549a865a53d51328e01848,0da313f310f44b43f20e65ef3665222a,delivered,2018-06-14 09:20:08,2018-06-14 09:38:13,2018-06-15 12:56:00,2018-06-28 15:51:54,2018-07-23,9219f82efa5fff7ab0687b36fd038d3f,2018-06-14
caa0b1f68d02953d97d190e4e4e7191e,0c8759a1a356f990be39ac310965786c,delivered,2017-03-09 20:28:23,2017-03-09 20:28:23,2017-03-15 12:03:53,2017-03-24 15:08:41,2017-03-30,ce20a70e4aa32839e16f339c67eede65,2017-03-09
a1e4076fddd5b3b4516b727655e5b643,f9bb705a6d800dbb127ec638075fd849,delivered,2018-07-16 13:51:30,2018-07-16 14:05:12,2018-07-17 06:47:00,2018-07-23 19:05:00,2018-08-10,ca9aca7fb2055228a9fa927f445b7d4b,2018-07-16
5c6684343f4ff2229622ce4745a49788,58411c0028a9921d0e283e69ac0e3076,delivered,2018-08-08 17:00:52,2018-08-08 17:10:17,2018-08-10 13:30:00,2018-08-14 22:08:31,2018-08-17,a7f1e3cc0162cac021c078b47c6750fd,2018-08-08
ca16493fe5b61d25c22f1c751a181fab,5044f39d92b86919a2a5ac6f7149f1a5,delivered,2017-12-06 15:50:03,2017-12-06 16:12:21,2017-12-11 19:47:42,2018-01-04 22:30:15,2017-12-29,fc08ce067e1b6462bad98e4adae6911f,2017-12-06
0996d6fb4402593986c6b1541bfcb4cc,f1de7e62c59c215f024ba7de9744fba5,delivered,2018-05-02 21:45:42,2018-05-03 21:50:54,2018-05-04 15:21:00,2018-05-18 14:24:57,2018-05-14,160180e0644285400315b519a21f0e47,2018-05-02
f5c83dd6f7b7216161a3b9649cf9748a,7032b8d95a6f8535a1e760e0f1ff3be4,delivered,2018-05-16 11:00:39,2018-05-18 04:35:56,2018-05-22 12:33:00,2018-06-19 17:32:54,2018-07-11,33db67cd88c63b56073c8926f65715e8,2018-05-16
7581e8b8156b3dee7b8898cd0120ad19,75ab1671ae03662536b06efb3762bde3,delivered,2017-04-11 17:56:38,2017-04-11 18:10:25,2017-04-12 18:48:34,2017-04-17 19:04:51,2017-05-03,4face3fe4f09cc69b002e9ae32dfcc2e,2017-04-11
aca0056ddf17f45b8d03364ba389f4fb,3300f6c7c4348403af41d6037c04f618,delivered,2018-04-20 08:36:48,2018-04-24 17:29:50,2018-04-23 17:56:50,2018-04-24 18:31:06,2018-05-09,bea0a14e4d0ee77a1c285eda4d5b4bfe,2018-04-20
4676e642aa92a4ba1131e935a2ac6246,145a4deb39fadd4ac6f0c758335f1baf,delivered,2018-07-24 13:41:59,2018-07-24 13:55:23,2018-07-26 12:44:00,2018-07-30 23:59:20,2018-08-15,845029c43770cb4ee07fb474384e6f2e,2018-07-24
c27e67d45b0f2e372f04e62920642f26,996cee3c4760dba3c8c1a726ec8cff86,delivered,2018-06-19 13:32:38,2018-06-19 13:57:27,2018-06-25 13:48:00,2018-07-23 20:33:22,2018-07-23,efcd5567240f17d2a02c8643e316610e,2018-06-19
4c53c2b42c60815a6be4e7bc09cb0b59,85d7e15edebcc92f98e52c8b48a159a3,delivered,2017-05-10 13:25:50,2017-05-10 13:35:20,2017-05-11 13:42:44,2017-05-17 08:52:37,2017-06-09,df1ed839c833445f1627ac20420e2aa2,2017-05-10
2baefcba89167375b680182633028792,c059a685354efaa91121c7cd014be359,delivered,2017-06-12 10:17:43,2017-06-12 10:30:22,2017-06-12 13:18:33,2017-06-15 10:35:03,2017-06-26,997bdee4984cf6061062303a6a5f6c97,2017-06-12
fdceee4138051eadf4b167a7fb5b2d8e,cd0cb76ad6731613970ba8f0fdfb1beb,delivered,2017-11-13 22:13:12,2017-11-14 22:26:33,2017-11-22 17:21:33,2017-11-23 16:52:15,2017-11-27,f551dfa69b5841d03324de5e84c3af57,2017-11-13
f0685863a01cc11a10508d43e2131155,68cbc07269ced29d178eead440258d5d,canceled,2017-05-27 15:33:04,2017-05-27 15:45:12,,,2017-06-21,c02762c9e1076e6d025b47c712cece2f,2017-05-27
d30523a4766e8ea7e59ce35203bb73e4,23d54747fa4cdd07545f1612a7fa6927,delivered,2018-06-11 17:02:54,2018-06-11 17:38:26,2018-06-12 10:24:00,2018-06-21 19:08:43,2018-07-16,4c8621c93f7dca27431b6037c9e6c172,2018-06-11
0baad26e1a67410a85b2b38558dade2f,12f00aefcd1d137844bb0b139527ffc5,delivered,2017-05-16 17:33:46,2017-05-16 17:45:12,2017-05-19 16:27:29,2017-05-27 05:22:14,2017-06-16,36445bb429c8bb13c3f8cd6794723647,2017-05-16
1c4a92d82c1b0dec18bef12da3fa7756,00ca6e4277e535d41bda84d371310be2,delivered,2018-06-20 16:15:41,2018-06-20 16:43:12,2018-06-21 15:35:00,2018-06-27 19:17:36,2018-07-19,9a7b819bc0d6d9e9ce14fc7bb3925ff8,2018-06-20
baa821bd1dbd5c6d31c9b1c68f760b8b,cc3f0f9c25480b83c834bf8af1435a29,delivered,2018-08-24 13:23:32,2018-08-24 13:44:29,2018-08-29 14:31:00,2018-08-30 22:38:52,2018-08-31,d18bffb883d8a0dfaa36528f0e2e5168,2018-08-24
f25ef046203c850005cd4200f7f8c190,5d198c71f07ca2f27163c5f04205e1fd,delivered,2017-05-02 22:12:26,2017-05-03 15:32:04,2017-05-04 15:04:47,2017-05-11 09:51:48,2017-05-25,38ffcf9d0335fcd271b71de0238ab312,2017-05-02
ab17008d463dbbcc0fac3c3d8d2931e6,987382b89ebbe5bf0f0701d749e098a9,delivered,2017-08-12 00:36:13,2017-08-12 00:45:15,2017-08-17 22:13:52,2017-08-21 21:44:53,2017-09-05,8a3bedb46246417ce3579406dde6d8da,2017-08-12
f5bb23a6bf7d9bd0d8b8d4575dd82b58,148563b1c48bb1f2aa137060c86afb7f,delivered,2018-06-01 22:38:57,2018-06-01 22:51:32,2018-06-05 07:02:00,2018-06-08 13:18:58,2018-06-26,0c36894e9ca2d9547bba676fdc0ecde0,2018-06-01
b2e30d28fb916d96548596dcd972c765,55a2452b10de435ecf77f81e4951ce0e,delivered,2018-05-18 07:35:08,2018-05-19 07:39:06,2018-05-25 15:35:00,2018-06-08 16:27:34,2018-06-26,4ae0c266b92cd493ce7bc198b7241cb4,2018-05-18
3994000090be4a77b35eb6ec555a881e,b089b8a735fab919a4a166f18b37440d,delivered,2017-12-08 01:46:17,2017-12-08 01:54:27,2017-12-11 13:23:34,2017-12-19 16:57:58,2018-01-11,762136e29184f02e84465e0cd789a8e7,2017-12-08
b1548030276cf66c9a378ca64b264873,5983f217ac96a8128d1976e372cc168c,delivered,2017-05-14 22:27:34,2017-05-16 03:15:39,2017-05-16 13:06:08,2017-05-17 17:25:46,2017-05-25,4bb2968805bb1103e4ca971caf045da1,2017-05-14
8eb07b069f58b196d03364b412ae5314,769689473aa6afe55f558d59cf032564,delivered,2018-07-15 17:02:29,2018-07-17 04:32:03,2018-07-18 15:24:00,2018-07-25 13:44:48,2018-07-31,e4358ccf35d84b13c3c9be8535ebd6f4,2018-07-15
7954c75cf9a8876258be26911d9e9501,74a0abd1f2dd67d34a3b98709c173e46,delivered,2017-07-18 16:56:28,2017-07-18 17:10:16,2017-07-24 20:15:57,2017-07-31 17:39:50,2017-08-09,3409a5f1bf39eb10dd8b17c994454436,2017-07-18
db03e36d66c33038ed8d835ca8bee670,fee5ee349aebdbfffcd4957db14cda30,delivered,2018-07-15 16:25:35,2018-07-16 08:44:10,2018-07-16 09:29:00,2018-07-24 03:58:42,2018-08-22,35e4ba16b6b1b5a1757565d853856822,2018-07-15
c209e0dca573bfd5c789e1eaacc8c859,affaf2a7a169f17b5136f3aef741f64d,delivered,2018-03-20 22:09:25,2018-03-20 22:28:39,2018-03-21 20:20:50,2018-04-07 00:17:30,2018-04-09,14719d89c1f686326b28de6faf65a87b,2018-03-20
90d2bbc31356e711e2fe7b0b78181687,58fd1de47b74bd72637ccb4179c475bc,delivered,2017-01-18 16:48:00,2017-01-19 02:15:58,2017-01-20 16:34:12,2017-01-24 19:02:18,2017-02-28,173cc731309ecc2b6c8a3ea70a715508,2017-01-18
43331248a781e8394ddf4779ca2e664f,4836b0d5574d1245d1b56c40834402c0,delivered,2018-06-15 20:24:11,2018-06-16 20:36:20,2018-06-19 11:18:00,2018-06-26 19:16:44,2018-07-20,2a3a5bae0b57229801b0b4b24e4b6ea5,2018-06-15
ceb2344189044ab3b6fa590520a71881,c017996652c06e2cdda218e87125e17a,delivered,2017-01-23 13:57:21,2017-01-24 09:22:35,2017-01-26 11:49:52,2017-02-13 09:48:48,2017-02-20,b85aeee30d059f6d59decd7ea19c12da,2017-01-23
8e38e47818413e295f5b4c4af60bf0c0,a404e7de80bcea1f5192df78dda47f74,delivered,2018-06-28 16:59:36,2018-06-28 17:12:04,2018-06-29 14:07:00,2018-07-04 17:40:54,2018-07-12,473df93bb42ae1f0f0aa38846aa3a929,2018-06-28
77751030b8333671b3346c37ca438f05,416e59b08933168cebeda1fc262a76eb,delivered,2017-11-15 23:00:41,2017-11-15 23:15:30,2017-11-16 17:12:48,2017-11-22 18:09:44,2017-12-05,0d51034f3d6811dfd6c73b6b0f328a80,2017-11-15
efa2d368f3ec5a4dd12b5b1188242504,0efbe1337a74c216249681ac7051d1c3,delivered,2017-06-13 11:55:18,2017-06-13 12:15:22,2017-06-19 15:38:11,2017-06-26 14:36:46,2017-07-14,6b5b9bbe074575a7c846c0c696d432f5,2017-06-13
dce58e54a9fe4ec8a4489d106e57d2bc,37b40b75293bd84e07bde8ad83066841,delivered,2018-02-16 10:48:35,2018-02-16 11:07:18,2018-02-20 19:37:09,2018-03-04 16:24:54,2018-03-12,744fcfb3939c1c57f16cb00f263c3929,2018-02-16
e1ddfd96623266af72c176a7384e74e2,1c1673e7f574e2fe2d204f09854ddd0b,delivered,2017-12-06 18:48:43,2017-12-08 02:54:10,2017-12-08 20:52:26,2017-12-18 17:51:33,2018-01-02,c64f0751d9163317080fb55992862366,2017-12-06
38f20047d0076f9e934f642326bd61f8,8c15a5bbdaa7b0f1a182129ff4602e6f,delivered,2018-03-07 13:26:20,2018-03-07 13:48:01,2018-03-08 17:02:05,2018-03-17 01:41:50,2018-03-28,2a358bf509c82258d0d6171fcb325870,2018-03-07
c5883e5be24c4f0627d36a56ed34d190,7b26f260a1a551e1c66c5c69aec43dca,delivered,2017-10-01 14:47:07,2017-10-01 15:06:38,2017-10-02 15:46:52,2017-10-16 19:20:05,2017-11-03,ed42af950f2aaf3044bca36c95b10247,2017-10-01
4b9cf610fa87543cde13ad144b077212,032de0bccdb5e48086f5a535a1f05744,delivered,2017-06-04 18:34:21,2017-06-04 18:45:11,2017-06-05 10:47:43,2017-06-16 09:46:35,2017-07-10,10a6ac1b699a19da00874553e42e0d12,2017-06-04
ac7026f501e7c7a2190493cef09bd5f7,90569158c946e8040bb5d51161456ab3,delivered,2018-03-06 11:35:56,2018-03-06 11:55:25,2018-03-07 20:54:20,2018-03-28 00:06:38,2018-03-22,ca976f0725e76847be217b70af001b5e,2018-03-06
c7242d2d9708ff29c884e7ce4faf6e19,434299d8a79b18b9e9610c011ccab317,delivered,2017-08-16 16:26:33,2017-08-16 18:10:22,2017-08-17 17:15:26,2017-08-21 21:57:36,2017-09-01,cb6f2c2a9beaeee340f4a13b90d78dd8,2017-08-16
5f6e8cf3a5b3483cae7889fc3f452e4c,15d3d11aa10e41016259565bc121004b,delivered,2017-08-23 18:17:10,2017-08-23 18:30:14,2017-08-24 18:39:09,2017-09-04 15:27:54,2017-09-19,d4dd6a5b333c266f122262dd564076d1,2017-08-23
83b0d41b8098a854e66c33ac7d1e8dcf,2be913efdd5e87b86e959381ef909b74,shipped,2017-05-29 17:20:24,2017-05-29 17:30:20,2017-06-09 14:02:44,,2017-06-29,965dbf9eabd957a0a48e5b4b1b32c6b7,2017-05-29
0c89556cf6859f7e4b104f2883aa1b97,214d10ae7f82564a736e26f93f63ad1b,delivered,2018-07-21 10:03:39,2018-07-21 10:15:17,2018-07-23 14:35:00,2018-07-26 16:34:58,2018-08-06,98133f3d328de825de71642dc8a49467,2018-07-21
0ca492845a50b96f1143aaa61470c070,cbc5606f1ee34f29834269e606c23cc9,delivered,2018-04-02 13:55:42,2018-04-02 14:11:32,2018-04-04 17:38:37,2018-04-10 17:51:30,2018-04-19,874763a0d1b43530139393ddf82c4a0f,2018-04-02
27bab736dc987e1f35c6d4140797618f,8ca266edb4cc09bd40b655cc8ae4f7a3,delivered,2018-06-27 11:08:02,2018-06-28 11:11:00,2018-06-28 12:30:00,2018-07-06 20:02:15,2018-07-25,d81dbd4dc9b664a04992e700e8d6dca6,2018-06-27
7950da660ed653b5a9b6ee668da63857,839112f54a5bce3abf98574872d91859,delivered,2017-10-02 14:16:46,2017-10-02 14:28:18,2017-10-04 21:39:49,2017-10-09 23:44:06,2017-10-18,b02a5df6d2bc1bfed97344b56b7f218a,2017-10-02
a198db4525943b0e205a7a453716bbda,a92daa58ac5dd4507c9d8846805f68a8,delivered,2018-04-04 13:40:45,2018-04-04 13:55:11,2018-04-06 23:58:23,2018-04-12 18:12:54,2018-05-04,ec1e120903c5b82b9d8dd89bb4085347,2018-04-04
b0945a79c684fa367896247e7afa4628,6367c0ca26953cf2b4ea34ba53295dc9,delivered,2018-01-30 12:33:22,2018-01-30 12:55:22,2018-01-30 23:21:48,2018-02-08 15:56:55,2018-02-23,f3bfb60ca5b2f042743d6bfa40d14841,2018-01-30
f7c60481e9597efaf926c7fd126b2483,592931cc5a4663678da3cc8673662ed8,delivered,2017-05-22 22:58:03,2017-05-22 23:05:17,2017-05-24 09:12:25,2017-05-25 09:34:54,2017-06-02,f7e2054e43a3a027229bf46213a5553b,2017-05-22
f837f3ebff8ee27bdac13d56cb22e5be,20bf7628a9208e11a8d7189b693cbd3f,invoiced,2017-09-21 20:02:44,2017-09-22 20:10:11,,,2017-10-19,ed37d07f39a3fdff8e899ff249c87cee,2017-09-21
9b5cdd92eedda2a3bede315d1c35c93d,764ea6d350e3a53ed8414968a6597cc3,delivered,2017-04-22 19:16:13,2017-04-22 19:30:20,2017-04-24 09:48:58,2017-05-08 11:26:31,2017-05-19,4a1e6b311c0efdb975330b6218f9cf46,2017-04-22
71e71375082a5e27ffdb861ad5c1f847,e8c8e4dc32f621e43ceddc47c7b89436,delivered,2017-05-15 12:04:19,2017-05-16 13:06:05,2017-05-17 14:33:27,2017-05-24 10:53:01,2017-05-24,0f3271fdb9c6275ee17cc3a85f43da8c,2017-05-15
94961fc249e275fe36313ee48d8f7a36,f65e01ab01b6d31c5c6ba7f16b400814,delivered,2018-04-16 13:35:17,2018-04-17 05:35:18,2018-04-17 23:55:54,2018-04-25 14:34:40,2018-05-14,344e812d3beee60b40dd90af0ff26c41,2018-04-16
7e6bd960caf2346257183fd4b6079a65,2ca5e9f17a80f9515da7fa967af7444e,unavailable,2018-01-28 16:38:33,2018-01-28 16:50:06,,,2018-02-14,27b9608fe3d9168e9d7d6c114c43c4ee,2018-01-28
e08b081159a2418572e1a0fad41c8245,eac29434733abc9afe8ca9630626994b,delivered,2018-05-26 21:25:31,2018-05-26 21:38:04,2018-05-29 08:13:00,2018-06-06 23:42:03,2018-07-12,bb89b31e3036e7d06b80aa26a9b93e6c,2018-05-26
aabe1992dfd41572e06cf1df1459516a,0118758814dbb115d346a1e8efa705e9,delivered,2017-09-04 21:03:17,2017-09-05 04:24:42,2017-09-05 18:00:10,2017-09-11 12:56:24,2017-09-27,7b0ee136df77a05cdd20574b3c22dfdb,2017-09-04
24e576b57793a76c299134e1c62ffa11,344c03f30cb51e869fe51c0e5c6f9225,delivered,2017-12-07 02:54:10,2017-12-07 03:10:39,2017-12-07 22:08:14,2017-12-13 15:52:03,2018-01-23,ba3a9efa88dfe6f1b3355228a52a2864,2017-12-07
2fe3f335e550190800333bea371f05d6,2483662803a47913928f852578c469fa,delivered,2017-08-04 06:36:20,2017-08-05 02:55:35,2017-08-08 20:24:45,2017-08-10 16:43:45,2017-08-17,da595223d7ca8036c7436ebd188318d9,2017-08-04
31c8528678f80f4491b0e2634ae8940e,740fc4d00dc70b82415979d52f127b2a,delivered,2018-04-19 07:55:23,2018-04-19 08:30:07,2018-05-08 14:04:00,2018-05-18 18:54:50,2018-05-15,e49dc4d7ea24eeec6acfeeb3a078e46c,2018-04-19
9924cc80e5c3a4c3ab96eda60f3ff72c,fad2f11b7a95c5825493d35917f74320,delivered,2018-04-28 13:17:50,2018-04-29 13:15:23,2018-04-30 16:10:00,2018-06-11 22:33:05,2018-06-01,4ab0b47dab242dd5bf8090c3d7ac7f2c,2018-04-28
cc5e04828d40b15276efba4b0cd1f566,9a152225eeff3dced495ddfc1ee07f25,delivered,2018-04-18 15:08:17,2018-04-18 15:45:47,2018-04-19 19:06:33,2018-04-26 18:41:52,2018-05-14,d148e08ff64629a0b764c3b23e896fc1,2018-04-18
59e57d3a260d94d24e665b2c817981f1,53d5f2f6e7e2e373cef9855f214855c5,delivered,2018-05-09 11:15:53,2018-05-09 12:14:45,2018-05-11 14:32:00,2018-05-21 17:28:23,2018-06-04,adc21493fcb5364ab47ee52661307611,2018-05-09
3b6411f7911e3b69fa3f27220c7df366,89924b0fa5ff89c9df5c6acc7694004e,delivered,2017-12-18 21:47:19,2017-12-19 09:53:33,2017-12-19 21:43:30,2017-12-20 19:28:56,2018-01-05,579e29145534444eb1d20a7ce35e3310,2017-12-18
35e43ade963a5aeb52cb24bb5df33ddc,22ce9cf0c503b262c657de58e910feff,delivered,2017-08-25 21:45:09,2017-08-26 02:11:17,2017-08-28 19:23:01,2017-08-30 19:27:48,2017-09-06,71864a8543ca0b6991295d48e541856a,2017-08-25
2b6743c7c6f46239fe7f39c6611e4601,ba80b3552fb59d460924a18437a9061f,delivered,2018-02-28 16:14:15,2018-02-28 16:29:56,2018-03-13 00:28:27,2018-03-15 02:08:22,2018-03-13,81052c7914dfbac9d5093e09475d4935,2018-02-28
d561072d49eab548e70aab56a180616e,bc7739e799fb6568ea343b5616d23e62,delivered,2018-07-01 21:20:41,2018-07-05 16:04:53,2018-07-04 10:53:00,2018-07-11 00:28:38,2018-07-24,80d5f92340312279517f08d92d609ef3,2018-07-01
45b3000bcd10464ac178f32cd783fc83,184e0c2cfc746789643521df0e9ff904,delivered,2017-12-07 23:55:46,2017-12-09 23:50:32,2017-12-11 20:29:02,2018-01-05 17:59:38,2018-01-22,c64ede6d0ae8901b1b6fb03528c1b7e6,2017-12-07
61ea8fda11e9314eb8175e8769036e97,4a0063aa59c49a0b2d52b93f87b3d358,delivered,2017-12-15 12:07:17,2017-12-15 12:17:31,2017-12-21 20:32:43,2017-12-28 19:49:21,2018-01-26,facac929f754f0e031a177cc7901fd46,2017-12-15
502b68c9bbb124ec1a3492fb636d271d,f301846b62fbf2b848f21c09f45aa67e,delivered,2018-02-10 22:24:36,2018-02-10 23:30:29,2018-02-15 17:47:12,2018-02-26 15:19:28,2018-03-13,eff16b37717d38f06980c961dd4ea994,2018-02-10
1cde3e6f1e678c39b9cf5175b45b6f1a,cd8d57b2551e56a9f123d8b0777b5216,delivered,2018-01-01 21:53:39,2018-01-01 22:05:23,2018-01-08 21:00:50,2018-01-11 14:00:17,2018-01-29,062c2af3ac22143cbd610d463eebe1d5,2018-01-01
d2856f6ebeb83a09908c18ce24946ab2,9ff101a7c75ef3fe50d8c95b96010b08,delivered,2017-12-14 09:26:35,2017-12-14 09:35:22,2017-12-20 19:54:48,2018-01-04 20:58:43,2018-01-11,3bfe97632232a7726c7137da61cd2b5e,2017-12-14
a6e6bba879d27420514b5a4d94627077,846ac8480d1d69d112d9734d2a1478d6,delivered,2018-05-21 22:20:16,2018-05-22 01:15:14,2018-05-29 09:21:00,2018-06-04 20:58:50,2018-06-07,6469d7bb574ff1585185da03896d7c39,2018-05-21
78ba7a1d9bbbf36cbb4d552a71dedd6b,fe2b23d587d23c14558738afdd1470b7,delivered,2017-09-02 23:15:38,2017-09-02 23:25:13,2017-09-04 22:35:01,2017-09-06 18:33:03,2017-09-22,3dd4cfff69fddfa2dbb93d5563d4c604,2017-09-02
3e677665a6566b610e6f1344ade7b146,1d139dfd11131883fc327f6757390ce8,delivered,2017-11-20 12:47:30,2017-11-20 13:07:03,2017-11-20 20:32:37,2017-11-29 15:58:37,2017-12-07,fe613188d4d20ea3e3dc1290549c3ad1,2017-11-20
54745af3cd64e980bb671452c9b01d15,0058153a752ee674162564afb1191d25,delivered,2018-08-17 13:13:21,2018-08-17 14:30:20,2018-08-20 15:21:00,2018-08-27 17:51:49,2018-08-29,da6c70612a3d7484427e8442ff96056c,2018-08-17
68463e6110f0910eac75194e97218903,c46aa2d0fd5395ba47766ca2de7068b8,delivered,2018-04-19 15:44:40,2018-04-19 16:28:50,2018-04-21 00:01:57,2018-05-14 18:48:49,2018-05-24,a3ac5058fc59aa03c2f3d63e194d5815,2018-04-19
e04cfa713960b9fe50d64e5082155c8b,4d0a03b3ef7107f0b0e15a2bb5872cdf,delivered,2017-07-17 12:02:42,2017-07-17 12:15:16,2017-07-18 13:03:46,2017-07-19 18:47:22,2017-07-28,a8baa4a063ca9dd104ecd654e717ab1f,2017-07-17
e7e97097190c7e6de76b0a975220e133,e3ad01bc69a7aa6673d5213844440e1d,delivered,2018-07-15 21:21:58,2018-07-15 21:30:14,2018-07-16 15:32:00,2018-07-24 23:14:36,2018-08-02,f9d3fcf05ea9436ffe8f80386eac7bf4,2018-07-15
01cb6d702e5233235f4125309d184bf4,cf52d3f2132b17f52fdf4b40c135163e,unavailable,2017-01-31 17:48:07,2017-02-01 02:45:37,,,2017-03-10,859801343e938e403027c0668f64f037,2017-01-31
81236114e6a522a78df40930e2592d98,d8a4f085dae613550734dea7f6ef5710,delivered,2017-03-22 21:11:27,2017-03-22 21:11:27,2017-03-23 08:43:24,2017-04-03 15:44:13,2017-04-13,f0095c97d4cf6d3a961cf85d8eb6e88c,2017-03-22
ff12a8872c437666ba0b1df5812a956e,60c2cececa9f77296d64e5a4def548e6,delivered,2017-08-02 14:19:54,2017-08-02 14:30:20,2017-08-04 17:35:43,2017-08-11 19:34:06,2017-08-24,e3cfa812865195deccc10fbb07f7185f,2017-08-02
d13bd0cdf8acb0062b969df660e560e1,55be0dac47bedb86aab1f4f36bcd47bc,delivered,2018-02-23 09:41:17,2018-02-23 09:55:40,2018-02-23 22:13:26,2018-03-14 18:08:18,2018-03-22,f4d29fabe2a1639d5ddabbc4c32617c8,2018-02-23
a7e92306fa96254682b3081d01ef6ba3,56b83f910f9ec6c70f6d7576564c9ba9,delivered,2018-07-23 09:37:41,2018-07-23 14:31:08,2018-07-24 09:33:00,2018-07-30 22:34:38,2018-08-07,16f21fd8f7f369baee82f0db4f32b8e6,2018-07-23
a8c48d1daa81901cb7d7d4b0c0d55389,d8995489927dc3f455cae1ebd6dcea47,delivered,2018-04-18 23:05:15,2018-04-18 23:30:14,2018-04-19 18:46:20,2018-04-24 16:26:49,2018-05-09,cd840ebc5e4c01e30b3b4c287a08429c,2018-04-18
64a8b3b4c19751b51d211deb32fdc67b,f28fb14c9045cd9dca3f92e65691bb8d,canceled,2018-05-16 08:53:35,2018-05-18 05:16:27,,,2018-05-28,998d57630e5148e707ef78e5bfffef87,2018-05-16
219170fb08f8e9140c121645abb11cd0,d376e6706fefb872f640b60550d25323,delivered,2017-05-08 09:18:07,2017-05-08 09:30:17,2017-05-09 12:09:57,2017-05-12 07:12:14,2017-05-31,473e74969de69a321454f7ac201651e7,2017-05-08
e83b7d67d157caf4635a91869f0993f2,e9c11d0bb7a72ebc4fb8a7fb606eb725,delivered,2017-07-18 17:40:59,2017-07-18 17:50:28,2017-07-19 17:39:52,2017-07-24 17:25:31,2017-08-09,b47f69a54f1726fa129d71a9b37b7c12,2017-07-18
816981834423576036dbac9e4ccf94ad,898ba86bb2b49d8eedd7f8b8241c9c54,delivered,2018-04-08 17:02:29,2018-04-08 17:15:23,2018-04-10 22:52:04,2018-04-11 23:52:23,2018-04-20,d5e6d5fd415b053cdc0a2790d988e03d,2018-04-08
53fa17c349c4b3dcbbadd8aad2eb559b,de4347cfed448a35884a19949bc53087,delivered,2018-07-27 13:09:23,2018-07-27 13:43:56,2018-07-27 17:58:00,2018-08-09 13:44:54,2018-08-21,eb5caa085fd188355488d899a7b41e49,2018-07-27
dc427026beaee4c2f8944943cd8f33f1,32534433c18f0c05c7b2e78f94ff3e92,delivered,2018-05-15 15:49:12,2018-05-15 16:15:10,2018-05-17 11:39:00,2018-06-20 20:58:17,2018-06-01,b70c0a77f8b1f15ea1ba0ad002181ee6,2018-05-15
f13d94766ba74161d06ddd6d90050ce3,e4fcb0ddd691075c50298854a361c363,shipped,2018-08-04 18:44:12,2018-08-04 19:04:14,2018-08-06 11:51:00,,2018-08-10,ce44949f516f2da1050e29618cee082b,2018-08-04
5239b7862883513b9ddc014d83eeec42,84d5c42c2307c5e6d3998ffdb8cb8082,delivered,2017-03-15 22:59:23,2017-03-15 22:59:23,2017-03-16 11:02:48,2017-04-04 15:41:39,2017-04-11,90f323e9f0948ddd96c6f6a8ecc75830,2017-03-15
eb0393138e2e8b7164947608489f069e,63ed9bdb2f48c68e2449033b2f9a1f9d,canceled,2017-10-07 17:31:53,2017-10-07 17:49:22,,,2017-11-07,d64a3eac03a503f95c6eb250f12ab58c,2017-10-07
79411a632fc76728b437951f4c052826,56924f851c639b8160ca4eddc5c670cf,delivered,2017-03-16 22:45:06,2017-03-16 22:45:06,2017-03-27 10:42:54,2017-03-31 15:52:29,2017-04-10,58ae5eb68517e2234eef2fb8b4bae48f,2017-03-16
6fa7b013916486d1462ad66ad1a39b1f,8b086b22bcef7fdfe416c88b5437c400,delivered,2017-11-29 21:46:23,2017-12-01 11:31:48,2017-12-01 23:10:04,2017-12-11 17:24:33,2017-12-22,b9aa10bea53310b8c03c975afbeb2164,2017-11-29
fca6ed705412583f53b63049a9604601,007dca6150a323ecb560d11f2a3615a2,delivered,2018-03-03 15:50:28,2018-03-03 16:29:23,2018-03-06 16:49:04,2018-04-05 21:21:22,2018-03-27,f807403776737da279aba36583afa4df,2018-03-03
d0df06d018f93a2c4be0637e728843ba,bf53f71bb6e3fde0e61423521bcdf106,delivered,2018-01-21 01:34:55,2018-01-22 13:40:58,2018-01-23 19:32:17,2018-01-29 22:48:58,2018-02-15,e2ea80f0904d8fb1f7d02ac01a44edc4,2018-01-21
0e0170b61d0a01970751c69f238a4dc2,b879348d650661f4d92cd4f204985945,delivered,2018-08-07 15:58:39,2018-08-07 16:10:23,2018-08-10 14:58:00,2018-08-16 21:41:35,2018-08-10,77807178e3955a3352d9e7101cceb07f,2018-08-07
d24f01de1dce380fb010847ceac48413,8a2edb07c1097a748978bc590ba3cd9d,delivered,2018-04-16 19:13:48,2018-04-16 19:32:34,2018-04-17 18:58:46,2018-04-25 18:50:42,2018-04-26,4784b25ba03d452ec369fc58ed049c06,2018-04-16
2b87dec1483dfd58405fccd2a14321e7,278cbb946121e3176cf31ceb50c1f201,delivered,2017-11-07 21:29:02,2017-11-07 21:52:00,2017-11-08 21:07:35,2017-11-14 19:36:46,2017-11-28,83cdc330e60ce1e1d06b76e1b4e91822,2017-11-07
7323d8e601f88123554e4d9bdb617b79,99e5ffb6f6a73fce0c4eb14560acb6ff,delivered,2018-04-23 20:15:41,2018-04-24 18:39:01,2018-04-24 18:19:25,2018-05-01 13:40:29,2018-05-23,371cdb0d74b1ddd5fd83e97a29f4c4f7,2018-04-23
ed8dc0be0cdb5c6d849776ef489a4bf4,b73637e17d005f20625a65ed691f90b3,delivered,2017-10-26 15:40:49,2017-10-26 15:49:38,2017-10-27 15:11:44,2017-11-01 20:48:41,2017-11-14,aa71d5d7e30f622580b03100d8cf9ed8,2017-10-26
9fbac5c017947f1c23fe7979ad6c4e00,8e3e7a727bcab54890a8ccc9b0d0044f,delivered,2018-05-03 09:19:47,2018-05-03 09:41:49,2018-05-09 15:48:00,2018-05-18 01:47:30,2018-06-11,cab86c6b425483ccea6d6fa3f7d0d85b,2018-05-03
d722b334d743dc19d08939ed8a57664e,3d095062e539b5602456c77b77d1f18e,delivered,2018-02-11 13:08:02,2018-02-11 13:28:20,2018-02-14 19:36:56,2018-02-17 02:06:39,2018-02-26,a5383f851c67340b1cf3f3f7b3154667,2018-02-11
77856e5d0390fca55c4c323a4f57859f,eec02189da4179dcba116b51a5382dd2,delivered,2017-09-03 09:47:58,2017-09-04 18:45:37,2017-09-12 17:11:56,2017-09-22 14:54:06,2017-09-26,659d538861aefdc979c84bbed329df7d,2017-09-03
379aabb5b4c4b1693fd094f3b328f991,ecf43435b6c5746cb38e49229ea85559,delivered,2018-03-05 18:14:41,2018-03-05 18:30:38,2018-03-07 20:19:17,2018-04-18 13:57:45,2018-03-27,b473afdb6e7c6895dad684e85768f63a,2018-03-05
c0d2a0a9c8dd829896b7a78d33456674,c34265a8d593cde117e3bdce3fb30e90,delivered,2018-03-22 08:24:38,2018-03-22 08:35:34,2018-03-22 21:28:52,2018-03-27 02:26:49,2018-04-10,0f59c31e24b4484843ffc136c4f1de1d,2018-03-22
d72c87644eeb5b1c8658e9a34ad13f50,e3f99c719b14b43fd286740c5d8a7171,delivered,2018-08-05 23:44:51,2018-08-06 00:44:35,2018-08-06 14:31:00,2018-08-08 17:18:40,2018-08-17,0f4054aa9ac17890e078d931362ae93a,2018-08-05
9a3cdb1a52eced27df0e93f49f863014,ce713888478a998ddcbb0a8698275e3c,delivered,2018-06-21 18:50:58,2018-06-23 02:36:16,2018-06-25 13:52:00,2018-06-26 18:24:44,2018-07-04,6593b781791685d6e28969fa5f4406e1,2018-06-21
b2a5b4b96f199f352ee45d82ac6dfd24,60c999fc7c67585b3140facf9f12d9e6,delivered,2018-03-06 23:17:43,2018-03-08 02:16:24,2018-03-08 21:09:33,2018-03-15 21:19:46,2018-03-26,bd3cebaca36573a37827eccb61c71292,2018-03-06
f5420da2ab4fb78fd5a967b64cb43acd,567e60489e4b10e8b8a04321210a04c5,delivered,2018-03-08 22:59:21,2018-03-09 22:50:32,2018-03-13 00:17:26,2018-03-18 17:26:26,2018-03-20,21d34af133fa653855a108ac586d247b,2018-03-08
865a538da589ac50d21a0fb922afabdc,6aedef640dd95d641cc06add41083177,delivered,2018-05-14 13:28:34,2018-05-14 13:56:59,2018-05-15 14:44:00,2018-05-16 20:47:03,2018-05-22,5e0092685f74c77c7b51c2be31e71f92,2018-05-14
e4df16cb9093d2bcb0f6d3df3b49507e,9d458da74858da5267ed59b42738c8b9,delivered,2017-12-03 14:07:35,2017-12-03 14:21:30,2017-12-04 20:28:24,2017-12-09 18:09:29,2017-12-20,258bf670475ab616bfdd44eff13f52d7,2017-12-03
60b8f5496f3fa2d3dbe08692dc63b4b3,ad8653edd19b5fce6af3a75366bcb7b2,delivered,2017-03-18 09:39:29,2017-03-18 09:39:29,2017-03-20 09:37:29,2017-04-13 14:13:26,2017-04-19,5343eef4e6f89a11789a35b9a4f5ef2d,2017-03-18
d48ccff01a1b3e35b69d6b6ed81a352a,509a58205dfca20f011c29c2470af987,delivered,2017-12-18 18:34:10,2017-12-18 20:12:14,2017-12-19 22:35:26,2017-12-27 14:20:00,2018-01-12,80f505b0ab9486093e9789665e9457c1,2017-12-18
a97bd5e7cb82fc947d946bc4d3505805,e6a332325992b11bc1f237a65335cb40,delivered,2017-06-17 20:46:09,2017-06-17 20:55:14,2017-06-19 15:36:49,2017-06-26 15:42:23,2017-07-11,04e5504bb1f294ad6f6c7f5157a24eb0,2017-06-17
b9f687bd75452f5a9050f0445c27b724,c162bf3f0e129a637a3a63caaf4d17fc,delivered,2018-05-29 08:00:01,2018-05-29 08:15:12,2018-06-05 13:32:00,2018-06-06 14:06:38,2018-07-05,d39ca7f15bf72b7010ec9f965ab138e6,2018-05-29
7d29ca0cd30a3577633c14bf69919902,15eaec05b52afd1eea2be01e0d4ea169,delivered,2018-04-11 17:12:51,2018-04-11 17:31:40,2018-04-12 18:08:28,2018-04-20 17:26:42,2018-05-07,828b1b848a34f78af3e24db9bec678bb,2018-04-11
afbe79b5d924f62c10998a3c046ba7a7,73972ebab4e51cb62797b62c40beb536,delivered,2018-05-15 23:08:03,2018-05-15 23:35:06,2018-05-17 14:36:00,2018-06-01 22:44:56,2018-05-30,ee89f1d27832f366a6e224395aecf1df,2018-05-15
f03b33cf5e0a3402a67dd84f2b9e2c3e,0f57f7df4b7072e8eee20a2255af9d3e,delivered,2018-07-27 11:20:08,2018-07-27 11:30:18,2018-07-27 15:01:00,2018-07-31 19:20:33,2018-08-10,61340330de2868e31897e56c6c74ee06,2018-07-27
dfc8f9a5ad0aeeca78deee699a7a570e,1aa41a9a74f23cf6d935353e35baef90,delivered,2017-04-19 23:09:21,2017-04-19 23:21:51,2017-04-20 15:47:19,2017-05-04 12:57:48,2017-05-24,77ab661ff97ce38f2b08df0e72c0254b,2017-04-19
ed8998927739822537e027a5af81b07f,6b5941ccdbb65f7bf9babeb7de8f3aad,delivered,2018-08-07 16:24:15,2018-08-09 03:35:14,2018-08-15 15:13:00,2018-08-17 19:29:37,2018-08-15,99fb64bfe0cd6a4d70d01cac2c100dbe,2018-08-07
1facabb49e0b903e2d7ff337eddbeda5,8963ce5c5576f4e135c84b7724291f0b,delivered,2017-04-20 09:41:37,2017-04-20 09:55:08,2017-04-20 12:47:36,2017-04-26 13:28:39,2017-05-12,3a2b1efd95b06dcf7ff5b04c1795e6a1,2017-04-20
7a9f1869ace3e3dabe41cef449258401,9128d326f723462546efeaf0f5893803,delivered,2017-08-31 14:14:25,2017-08-31 14:25:17,2017-09-13 15:27:56,2017-09-15 15:32:41,2017-09-25,43b313097175a38b6e04a3fe72b21c80,2017-08-31
d3f0a3be5f46559c2cdae8e04d7e313d,f5750e6fdff6e49842f8bf4f152d193b,shipped,2018-07-19 00:02:29,2018-07-19 00:15:22,2018-07-20 13:57:00,,2018-08-13,87874d7c84a3575afe715d206dd0a49e,2018-07-19
d4d70d9cc43aa360490c7a508acec787,2734348f37edd1020cc5dcac41115449,delivered,2018-05-15 23:39:13,2018-05-15 23:54:27,2018-05-16 07:42:00,2018-05-21 17:43:33,2018-06-08,ec246a880c9715bb9715f0cfb614f99b,2018-05-15
7c926685c8c9410446902c46d3929d08,24d1673dcb9ad3352b01a11f197334ab,shipped,2018-08-03 10:47:38,2018-08-04 10:45:15,2018-08-07 14:22:00,,2018-08-27,5aadf276014508c111699eade2d710d6,2018-08-03
73fc8294883c8974e9f856499979579b,27b92af871454eb6f98be0145d9523d3,delivered,2018-03-24 17:55:19,2018-03-24 18:08:02,2018-03-27 01:03:50,2018-04-02 20:35:29,2018-04-16,0ad04ccf0738cb650a7719eb9ee01674,2018-03-24
d2da7d77b85e86faeb4bcdcf929f27fb,5153e460d7b2eea2a10a0cf8329dff57,unavailable,2018-05-02 16:43:59,2018-05-04 03:51:54,,,2018-05-24,86eaaf41a86108eb85a230dde95caf9a,2018-05-02
dfdd31692e32c3a31b5fd289a244339f,36899cc7265e3e18e35450c195790ea4,delivered,2018-07-02 11:27:22,2018-07-02 11:50:08,2018-07-02 15:51:00,2018-07-10 13:04:41,2018-08-03,99e883853cdff728ef48c6ca2c9cfaa8,2018-07-02
123bd704aa690b51cf57438baef18a0f,40f98a49883cb6daf6811870a3525dec,delivered,2018-03-01 11:14:52,2018-03-01 11:31:08,2018-03-02 01:09:15,2018-03-27 04:28:41,2018-03-29,87d947c9c2316be34cdd35ed7294c51d,2018-03-01
bd772d39b54bb1d71b63a7e1c1c8304b,245d1d468d7769a84760d0fdcf770137,delivered,2018-01-30 21:06:30,2018-02-01 02:56:49,2018-02-02 16:58:54,2018-02-22 19:55:47,2018-03-07,c01d60d37b02b3483e3f1d74f8910756,2018-01-30
57e89dc6246f64c869d73f264a6e505b,c61835842a958b8362ddbc1051a0c0e6,delivered,2017-04-30 16:26:09,2017-05-03 11:43:06,2017-05-04 15:46:03,2017-05-17 16:22:05,2017-05-24,b28a2a196e0b078fa4b86885041b4ca6,2017-04-30
f6165d8d9da67968c00f198d4b053690,2e20f2c736dfd3f5fddfed7758bfd1cf,delivered,2017-07-12 14:45:54,2017-07-12 15:04:12,2017-07-13 19:43:31,2017-07-26 20:22:00,2017-08-22,237e7ea904440e925e22f84fdfaa8e55,2017-07-12
111dc64700f0263f8001c38215036c92,1ea3ca77718813f33e7fab2e98c1e5c6,delivered,2018-06-19 09:19:04,2018-06-19 09:36:52,2018-06-25 13:48:00,2018-06-28 21:24:35,2018-07-19,0be14b0c84ef1e97ae279ad1418e933b,2018-06-19
78f60565caf7dc3b87f6e1e9b03b691d,8f881edb13c45cda01906df7fb402491,delivered,2017-06-06 21:40:12,2017-06-07 02:45:21,2017-06-14 16:02:20,2017-06-19 20:27:36,2017-06-30,5e492797fbeb54fb3e96629a55cdd480,2017-06-06
5295a4f70cac6082f1f9051409e69010,268723d1b8df2d5a3d5e0ac08bae4e9a,delivered,2018-08-02 13:15:03,2018-08-02 13:30:23,2018-08-03 07:00:00,2018-08-13 21:56:36,2018-08-10,f428c74a6f1afbfda7a2ecc187a85e82,2018-08-02
86207b986ce345ccef8bc83647dc491f,ebdffd2b36f13a7dce4024f3fe0f34ed,delivered,2018-04-28 07:57:00,2018-05-01 05:55:18,2018-05-08 14:58:00,2018-05-17 16:11:04,2018-06-04,58fa2424e2ddf35e24d45cbda2075317,2018-04-28
088683f795a3d30bfd61152c4fabdfb2,58d89fd1f863819ff9b040734f7bd7c6,shipped,2017-07-13 10:02:47,2017-07-14 02:25:54,2017-07-20 20:02:58,,2017-08-14,748d25636bb96e15d9919877f9b9095d,2017-07-13
86b9ee478e155bf4e222854556559a7f,e10091d3ac4f6561790d8cd39487d28e,delivered,2017-04-20 15:56:44,2017-04-25 08:22:36,2017-04-25 11:45:24,2017-05-17 16:34:13,2017-05-10,9171cdcf586ee145e777ac5e1ffcd992,2017-04-20
9e06e3dc3431cfc5d70126246373fbef,821ea76972cd17c9b58d81015b797451,delivered,2018-03-03 00:53:10,2018-03-06 03:49:36,2018-03-07 19:58:40,2018-03-08 21:20:19,2018-03-15,2d83a991bc24a3b3065dceea27d3cbfb,2018-03-03
de969e85aeacf944aee95d69c327e582,8f0a6afc5ed234296eae115f48854ac3,delivered,2018-02-11 22:23:39,2018-02-15 04:07:14,2018-02-19 22:08:02,2018-03-12 13:04:14,2018-03-14,eb8dd5473566ae1f224648d41eeb6f33,2018-02-11
94fca82966c05ba707f4e7dc0c50aa3c,803cd9b04f9cd252c6a83a2ecdbc22c3,delivered,2018-08-15 17:00:49,2018-08-15 17:15:18,2018-08-17 11:53:00,2018-08-21 00:16:33,2018-08-27,ce3fe361f9e68bf0a813baaae1334d01,2018-08-15
54995426ac1196508609ac35b03b5e63,a79086d74ade3aeb9668cab14437fd27,delivered,2018-08-15 15:00:55,2018-08-16 14:55:22,2018-08-17 13:25:00,2018-08-25 19:17:40,2018-09-13,41a1cae49b12f4dae1568565ffa223ff,2018-08-15
9afd161dcb93dd86cb45e2ef6d33d72b,a025d64ce8ec7af91db40ced500bab8b,delivered,2018-02-12 07:40:43,2018-02-12 07:55:24,2018-02-15 00:07:35,2018-02-19 15:39:13,2018-03-06,98de069e239872ff400768eead209152,2018-02-12
86624050a21141bc5122640df317183e,2c5703a91f076abcea810fde233734b0,delivered,2017-04-06 15:17:23,2017-04-06 15:30:20,2017-04-11 10:06:03,2017-04-18 13:22:03,2017-05-04,3dbb8543466ee4161d36ded911ca58e7,2017-04-06
db86cea85c0f2e720125b41ea124a238,f16be7d4ba4fce354eb82fe49b543426,delivered,2018-02-03 16:34:29,2018-02-03 16:50:28,2018-02-05 22:41:37,2018-02-27 19:38:56,2018-03-13,558fc1f4b81204e56cb4c02f3201db26,2018-02-03
29cbf0f738f9f827dbb2fc94c79e61f1,acdcbd17614b1ca4a697b36ba65913a5,delivered,2018-01-15 18:04:22,2018-01-15 18:11:26,2018-01-20 00:21:44,2018-02-06 23:22:22,2018-02-14,ad44ed0a6279fce24edb330bd08e6701,2018-01-15
0690b2d9b983cf580f407531575622c5,31b01af8b3ff7669130c48d6314da52b,delivered,2018-05-09 08:51:19,2018-05-09 09:10:50,2018-05-11 14:10:00,2018-06-11 11:49:50,2018-05-30,1130878bf821f0b682431f513494c5f4,2018-05-09
a2f3817242b0d2b7404f5104ede3abcb,06d997ee0df1e71f31984bbeebe4222b,delivered,2018-07-29 13:10:49,2018-07-29 13:24:20,2018-08-14 12:56:00,2018-08-22 02:24:59,2018-08-29,c965cd21c2063af61fc73be37d54d8b9,2018-07-29
c90f87f78dfac2717cdb50f16fdd734a,a89d66132d3056ff2ab8790816f200ca,delivered,2018-04-24 22:39:11,2018-04-24 22:50:14,2018-04-25 12:54:00,2018-04-30 14:15:30,2018-05-17,24a4bae470bbd58be0bbbaec35d01021,2018-04-24
6e63dcc83ec280b72783617737ce886d,dd2b0396d98a4435d214a2cb44d60663,delivered,2017-11-27 21:58:47,2017-11-29 21:56:57,2017-11-30 14:51:55,2017-12-07 01:33:37,2017-12-20,8c11cf5f6401ded9f456995a689dab5e,2017-11-27
a016235b71cdaacb0bbbd1f61dd2446b,5e810daa9892a4faa32a67bc646a1e2b,delivered,2017-09-14 22:19:06,2017-09-14 22:30:19,2017-09-15 16:41:43,2017-09-28 20:58:10,2017-10-06,9ae08375a99524cea2057cc1649ea96e,2017-09-14
fc5d5be2bb37da8453e5496e7fdb033d,f1db8dd5d132de644b898613ac9a96d2,delivered,2018-03-22 11:37:34,2018-03-22 11:55:24,2018-03-28 21:18:50,2018-04-11 19:52:27,2018-04-12,04d58f5b2e290fb28499e4ae00bd48fe,2018-03-22
98d24b150d7625f287efd12c0dcbadef,89e5d8080ba777e70327f8a5538f4388,delivered,2017-09-28 23:57:50,2017-09-29 00:28:18,2017-09-29 16:14:04,2017-10-04 21:07:34,2017-10-20,0a517ab03d31999ff210da9e85ae2de2,2017-09-28
f96dfec9545ecebba08048ed870746bf,970515eb16061ca18073f474826785ef,delivered,2017-12-11 11:00:50,2017-12-11 11:11:59,2017-12-12 22:38:48,2018-01-15 23:33:23,2018-01-16,37fba37abc9eb3ee677e8847d6e7dacc,2017-12-11
0633c2f778161bd80bf27cb619d6437c,693b3b377e3e7a9475f585d765329230,delivered,2017-02-08 12:31:33,2017-02-09 06:50:11,2017-02-10 14:04:02,2017-02-21 13:42:43,2017-03-21,c52b27dfe7bd1e471a3cd013ebc3aceb,2017-02-08
931f767ebd374809fb9cd373fb7939ad,318994b8ee7f8e50ea635dca17b373a9,delivered,2017-10-11 16:18:08,2017-10-11 17:00:09,2017-10-13 21:10:32,2017-10-21 11:36:53,2017-11-10,3cecceee75f96f732a6f33e835f03789,2017-10-11
a9061bc1d1e825c458ff521846c5cc77,5869e7e39f8126838d6f76ddea5d193e,delivered,2017-08-30 18:44:19,2017-08-30 18:55:12,2017-09-05 19:57:49,2017-09-12 21:41:11,2017-09-18,4a7659b58109660f3b178aaad364b6a5,2017-08-30
6acb950e03dd47135b13ab25534934a5,29095dcf51e791e752d09a1f4b66cae2,delivered,2017-10-06 20:39:24,2017-10-10 04:14:22,2017-10-10 19:52:22,2017-10-14 14:48:54,2017-10-31,88e36fbb8afdefa4140cfa61d523611c,2017-10-06
0d15b014007c98a152fbb3b032a7521a,8c02494c18e2b35ac6dc81b110ee4e28,delivered,2017-11-24 12:38:37,2017-11-25 06:29:52,2017-11-25 15:16:52,2018-01-08 22:17:11,2017-12-26,1ed84efc3cd02068fed9152c54316bcf,2017-11-24
73e1aa6df2a82994c73c52e4f46f1043,ae4ea94a9194fc1983a936c91597756b,delivered,2017-11-27 15:57:23,2017-11-27 16:11:16,2017-11-28 23:58:35,2017-12-06 18:51:57,2017-12-20,1f642a984771461accb55dcfe92e5546,2017-11-27
e8549294b90188285cf1f7d6a35f758c,1914576a74b2122c63a456293cf7e52c,delivered,2018-07-05 01:05:40,2018-07-05 16:22:42,2018-07-11 14:58:00,2018-07-14 16:34:34,2018-07-18,8574faf241b0a789d42051aa783d46dd,2018-07-05
baab3612ca63c93f0c37d880c321bd5f,fc1091e859ef2296d4b36e5d31e554bc,delivered,2018-02-07 16:43:36,2018-02-07 16:56:10,2018-03-03 06:29:06,2018-03-07 18:10:07,2018-03-22,098c1087368788918c5ff9f2dfa4c9c6,2018-02-07
19bda247caaea65f92d0a5622749cb88,121355be7d020e10aa2e966766ee182d,delivered,2018-04-28 23:52:14,2018-04-29 01:58:45,2018-04-30 13:55:00,2018-05-10 22:31:45,2018-05-22,a4fb9a4763476277b750ce1f993fe5dc,2018-04-28
5933483834803a0e8e9fcd26cdb3774d,30159428cd8098929d2d39e5e357fcc5,shipped,2017-01-23 22:40:22,2017-01-23 22:50:09,2017-02-10 09:33:52,,2017-02-28,a696ba5db33cf4835a04dd5965a86781,2017-01-23
ad926ae0ce086bc0ae23f92128253ede,f704756562b1029601ec32f3049b88f0,delivered,2018-01-05 12:09:49,2018-01-06 02:07:21,2018-01-08 19:53:29,2018-02-05 20:38:52,2018-03-02,90548d9875300dbaccef02a0a3466413,2018-01-05
b79f65268e7e3353a2841e622ccbe4c7,0e9cf72e31c1e9a33112db12a2e5c436,delivered,2018-03-19 14:13:39,2018-03-20 14:10:27,2018-03-21 15:49:43,2018-03-28 00:12:23,2018-04-20,64c839b1101b7ae0f26629b81b9be752,2018-03-19
879a1b657dd0ac822411797d57cfe29f,e2dc5ed3eaae2eae1e1681e43e8968d8,delivered,2018-05-09 16:08:20,2018-05-10 09:11:35,2018-05-11 13:46:00,2018-05-30 12:12:09,2018-06-05,29b0e029cfa4d858a9c22d9f3b701921,2018-05-09
47ffb2ae6aa6178f452d3ca54432f0e6,bc3fb21b8a9ea7bce5774be093664ecf,delivered,2018-08-06 18:10:57,2018-08-06 18:24:27,2018-08-10 11:29:00,2018-08-23 18:04:07,2018-08-22,09d1bf045d861141e5223428db885215,2018-08-06
40ab84a18db0770fecb8449fadf72276,9deae8e142f721b7896a2621515c85b9,delivered,2018-04-05 17:28:48,2018-04-05 17:50:31,2018-04-12 16:26:41,2018-04-19 23:21:13,2018-05-15,df35be9e0ff99010ae164dd4c5920dc6,2018-04-05
204d4d908a640f0b6f4f0d306dc97fab,9b2599fbc978e2b119aa13afd44211ed,delivered,2017-07-14 20:06:12,2017-07-14 20:15:19,2017-07-18 14:02:49,2017-07-21 22:07:35,2017-08-07,7e72fbca23c0cdc174ce9a6121692407,2017-07-14
88378ffe8de3a4e0d7ef03e71010d618,c1376f3aeb94f912ba838eea99b8667a,delivered,2018-07-10 16:53:01,2018-07-10 17:05:40,2018-07-12 12:15:00,2018-07-20 19:06:45,2018-07-30,4ca02c9c06a4661aa27e4f15655a0134,2018-07-10
138231385802e09f83a82cf35bc5f4aa,07276d89be039ef3505f4c6f781bda37,delivered,2018-08-03 15:57:04,2018-08-03 16:05:16,2018-08-07 12:56:00,2018-08-16 15:39:01,2018-08-30,b2aa555ce3ce0bfba30f48652b8d22e4,2018-08-03
5cc1c83e5cf3aee8af42167bfe2a7024,9e93d4de75ecfbe7d59dce254b4cf320,delivered,2018-06-25 20:27:39,2018-06-25 20:57:19,2018-06-29 15:32:00,2018-07-04 21:18:56,2018-07-20,defca48067abb00a3c58776cc2433a4b,2018-06-25
51eb2eebd5d76a24625b31c33dd41449,07a2a7e0f63fd8cb757ed77d4245623c,delivered,2017-02-18 15:52:27,,2017-02-23 03:09:14,2017-03-07 13:57:47,2017-03-29,79af1bbf230a2630487975aa5d7d6220,2017-02-18
8afa2e5e1db419ca84b2ec548bcfa4fd,b2da3e1f91052aca033b4d34ab8329ef,delivered,2018-05-04 13:06:25,2018-05-04 13:15:25,2018-05-07 14:41:00,2018-05-08 19:36:48,2018-05-16,0ee2e2a6e5a1353835454ca2df8d1d54,2018-05-04
7e6ae85d806fd4563f0e68f5521321cc,f31164513a99160d91a464ccf934ed3f,delivered,2018-05-15 10:31:08,2018-05-15 10:54:45,2018-05-15 16:22:00,2018-05-21 18:06:34,2018-06-01,9361aa5e3772dd008881e7126471406d,2018-05-15
06bd462509d378184b5aedc7d5ab4a18,0187f8ae367bdb9efa1bb10c65145b61,delivered,2017-11-15 22:29:03,2017-11-15 22:46:41,2017-11-17 17:06:55,2017-12-04 23:56:41,2017-12-07,fdef3417d316c5b0a55584ce06e96448,2017-11-15
c2df8e6efaa171c3bb0b11481dbd48aa,d2f3dc7c4bbbec3450ab016041910206,delivered,2018-03-15 23:21:48,2018-03-15 23:35:29,2018-03-16 20:42:03,2018-04-09 17:12:22,2018-04-10,9f2e9cb8ba762e1eb338883e4bb722d9,2018-03-15
d199bccd68b67266244fd9e225d6f77e,877a19ed3db8c19e44beb8c809ce2ddc,delivered,2017-10-19 10:00:36,2017-10-19 10:14:33,2017-10-20 18:25:57,2017-10-23 18:28:01,2017-10-31,01cd5bbfc2ee49abdafb429522b93fce,2017-10-19
8b1b41b9f2da33a80000016c2bb902a1,e0912ca815ed2c022ecca985e61260e5,delivered,2018-06-13 22:08:02,2018-06-14 22:16:31,2018-06-15 14:33:00,2018-06-25 18:20:52,2018-07-04,dd5823f0e688d79b817df304027689fc,2018-06-13
3a17d23c43834584d26a5ac8f929898d,de73b3e049462be84b0eca4d8d288221,delivered,2018-08-10 14:24:02,2018-08-10 14:44:39,2018-08-13 13:13:00,2018-08-21 21:22:44,2018-08-31,4bd7520a518774940bb234b23ac1b8bf,2018-08-10
3b7545c5b8c9ab7d5fa45651f7e2c2ea,20fba61eb3577801b7b778402b1e9db6,delivered,2018-08-14 11:46:06,2018-08-14 11:55:19,2018-08-16 14:55:00,2018-08-24 17:42:12,2018-08-31,0d426b507ba27a273f931aaca5f2ca78,2018-08-14
1fb3e3b50c0686e0c491b0c17249d2d8,079d166717f416a1460152c6436631ff,delivered,2018-03-11 01:07:37,2018-03-11 01:29:17,2018-03-13 22:38:35,2018-03-20 15:55:01,2018-04-13,599d29e41a2993d9cede1df0d346ab7a,2018-03-11
72538f54faf4237f1b1f533a804f6061,28ce35727750b0376854e6c5063d94e3,delivered,2018-05-15 12:09:20,2018-05-15 12:34:35,2018-05-21 09:45:00,2018-06-07 18:19:49,2018-06-12,54ca9ac4658336d545f25e915689355b,2018-05-15
4f1b077b2c2a03f0dc9a48447e27742a,5fbae7517123dc2408fbff29a48af80e,delivered,2018-01-02 12:39:58,2018-01-02 12:49:00,2018-01-11 14:24:51,2018-01-16 21:42:41,2018-01-26,b92849e880ad7a764b285e7689fcff65,2018-01-02
40f8df5351ca042862168f31bd853103,b008592aaf5565d7b24c16d319c278a7,delivered,2018-03-07 21:31:17,2018-03-08 14:08:22,2018-03-12 20:32:12,2018-03-22 14:44:47,2018-04-06,6b0bda174d6efb969f9aa1bac970c5fe,2018-03-07
ff0d3c8b486f123087d9d9da102afaf6,bd33c2c896c5ff73c205660af316b420,delivered,2017-09-02 00:50:36,2017-09-03 00:55:12,2017-09-05 13:34:23,2017-09-08 17:03:56,2017-09-21,5faa665d5980f821e7dfe72d577fe35d,2017-09-02
79bbf3a1b3d37ef1258c8acc524e1ebb,06369c67ab50a72badd36e631cf45371,delivered,2018-05-13 16:50:12,2018-05-15 04:52:42,2018-05-15 14:23:00,2018-05-22 18:46:30,2018-06-06,97c5c73b74e98b4a958377b585544404,2018-05-13
96bac00ebfd18ba64dabd7cb27471282,2f7319232811fe9879212e93efb30147,delivered,2018-01-09 19:34:58,2018-01-10 10:32:21,2018-01-15 17:06:42,2018-02-08 00:16:40,2018-02-16,adc2b0515dd6bea5e28161bbfeeade0e,2018-01-09
cf5371c12093ab1ef7c39cd2cb895edc,2a06b461bbe46972a81f0b9cf85662ac,delivered,2018-01-24 11:18:04,2018-01-25 02:58:20,2018-01-30 02:12:58,2018-02-07 18:22:34,2018-02-21,2a532e879c1278727d9d7001890cd333,2018-01-24
ff793adad2c9e1cc9fa921e8f1f952f8,db10bf2055fcc12456e4c1cacde5e304,delivered,2017-12-04 13:31:22,2017-12-04 17:14:41,2017-12-08 23:47:13,2017-12-20 17:53:08,2017-12-27,5467fa204d7c984354e6706f36b6e339,2017-12-04
c3efd4a2e8fb35fdc26a1312de8e2ca2,7cbab7262068bd74f2094dd3b0a275c0,delivered,2017-10-03 20:18:01,2017-10-03 20:28:20,2017-10-06 20:01:16,2017-10-13 23:27:23,2017-10-25,85fabe9e0c67b1c39ac8f9c72d1f0925,2017-10-03
800cb25e1a401b941efcfa9cf9981fe9,e7a52d4b67cd24ec354a53e89eff0429,delivered,2018-04-12 19:46:18,2018-04-13 02:32:21,2018-04-13 23:06:28,2018-04-18 21:03:43,2018-05-10,f686a1923736f3350bc5d85d1301ceab,2018-04-12
26967c9a40c842f7e0067b4ef5489082,c02e0664590e5c59486088c7676ec031,delivered,2017-10-27 14:25:35,2017-10-27 16:31:27,2017-10-27 21:51:13,2017-11-08 18:57:24,2017-11-16,00293787e2aec37a9c253b63fdfe2049,2017-10-27
47a53fe6f92821c8b0ecd40dedee5d6a,708bb18caa653e13e585dfb1b01ad4a0,delivered,2017-11-22 19:44:19,2017-11-22 19:53:21,2017-11-23 18:31:47,2017-11-30 18:19:59,2017-12-20,116fb705cbffd7a2a2f581c3c9b2e6e0,2017-11-22
cdcc6a10b38eb298efc7496c36329752,52012c91a845e029dcb0f3b305289415,delivered,2018-08-07 11:30:20,2018-08-07 11:44:48,2018-08-10 11:24:00,2018-08-11 15:58:37,2018-08-13,15b5b77270f5ead0f01ea0ced1ef789e,2018-08-07
6a8becea75ddeafc9a476d5de46696a1,3051d9077213c59aa7c02b834b88c343,delivered,2018-08-23 17:00:23,2018-08-23 17:15:19,2018-08-29 13:03:00,2018-08-30 12:58:34,2018-09-03,43cf4a43292dc5137517632a0683d645,2018-08-23
51ec41884835ac1d486fd3f6b4b4bf0a,5e6217cb6898af1f8671a3d8c170cf75,delivered,2017-11-25 00:17:22,2017-11-25 03:11:40,2017-12-01 18:35:33,2017-12-12 17:24:15,2017-12-21,9f5bd219e2bd5d38cf6da673e95bcfb5,2017-11-25
bb1613d6648026373f69004c2b365306,46951b0491e0af4f6b2ae12f25dc77ba,delivered,2018-03-04 21:33:35,2018-03-04 22:28:37,2018-03-07 17:37:37,2018-03-13 00:48:33,2018-03-26,d3d5e3ed3d46517e5292ab50f3cf452a,2018-03-04
ef42ca96b36e758b3da05888aa8ad723,c09c9145125e2082c928a5c3de5664fb,delivered,2018-04-22 22:00:53,2018-04-24 17:44:29,2018-04-23 23:04:02,2018-04-24 23:42:47,2018-05-02,c957db54afab38146b7a7db9eef8c690,2018-04-22
65959cbdb267c29a5cb0021a367df75c,80a988b23ea488add6a8c187cca076db,unavailable,2017-02-24 18:05:34,2017-02-24 18:15:18,,,2017-03-21,974693b4a023988446e32a627d49a29a,2017-02-24
3adbc4c0f5c6605824498eeb960d0855,f857d90e198c755b1cd0a41b151abaa5,delivered,2017-06-01 16:07:46,2017-06-01 16:25:34,2017-06-02 15:04:35,2017-06-05 16:13:55,2017-06-14,8dd1c4dfee300b9c130464418b0b7dcb,2017-06-01
48a310c40917683b0b399849b50cb76f,5b54155ba8103b1bb1e157edc0d85fe7,shipped,2017-02-24 13:50:32,2017-02-25 02:22:39,2017-03-01 04:37:47,,2017-03-31,12b5c7a4537f86e5e1490e32ff9a3ded,2017-02-24
b46d8aebd879f070a52d106580706001,3b26ab748dbfc26a635e36137b209874,delivered,2018-05-03 09:29:08,2018-05-03 10:18:31,2018-05-03 20:19:00,2018-05-09 15:36:43,2018-05-21,8eadff5e84950cd6775d1c814581d6bf,2018-05-03
c50e5904b30d219f4f9b89ead3bab5ed,094341831b5ed4a4bf31a5d068bf485c,delivered,2018-07-21 13:15:46,2018-07-21 13:25:11,2018-07-24 11:26:00,2018-07-26 19:57:31,2018-08-08,178e608a51a1033918913882d44a1e1e,2018-07-21
fef33d02a77400304a29dc5bbfe6bc4b,aec60e06f66bdc6f86b89dcf4915501e,delivered,2017-09-18 22:17:09,2017-09-18 22:30:18,2017-09-20 19:18:52,2017-11-09 17:58:46,2017-10-11,8f9ae819f77c7927206bf265db9f1289,2017-09-18
48d527b3a64c953fb16c2f9c9fad2a0a,724fa3780ed5a2f3e252c9b8978afc07,delivered,2018-02-09 12:40:51,2018-02-09 13:31:42,2018-02-09 22:42:05,2018-02-15 21:47:55,2018-03-01,2414843a0c88e4f70415827265b9b31b,2018-02-09
fef42a935645baebe981cf96008dbb1a,0880861964a0c3fba8254313913d4846,delivered,2018-08-01 15:25:31,2018-08-01 16:03:55,2018-08-02 07:20:00,2018-08-06 17:24:42,2018-08-15,560a6282f0b9f4176cb56ff6024632d8,2018-08-01
9e7cfc823ef88f92ca66fd57db258c51,2dc4db7a0495f02e107ca167a7a62c4f,delivered,2018-02-07 06:51:08,2018-02-07 07:09:33,2018-02-08 14:08:00,2018-02-10 11:12:28,2018-03-13,b78a72234fa5b7c1f5b16c5256616a8e,2018-02-07
d578e968ce420f393efcc423ada6f0ce,b9b179f626368869cd9f6651cc2370ff,delivered,2018-08-01 17:45:20,2018-08-01 17:55:12,2018-08-03 11:59:00,2018-08-08 13:12:23,2018-08-14,a3e04f4bbb17f87b62929ee66982946e,2018-08-01
261f725152296e3e8d5041687181d836,3b3382efc93f5864321ada697caf1fc3,delivered,2018-03-30 09:04:52,2018-04-03 05:35:33,2018-04-03 23:24:28,2018-04-14 09:58:51,2018-04-25,a6851c3bb0ecbf1b0f2b03e9416ccb1f,2018-03-30
03202c9906e9d1140a8ac3e15f4492e8,50ac016f147656d8992cef865b69b257,delivered,2018-08-04 10:52:50,2018-08-07 04:44:41,2018-08-07 15:56:00,2018-08-09 14:52:19,2018-08-13,08093480aa587422c2c694a534ddaf3a,2018-08-04
6ec283e06546387eaab356a4764d8298,69e078eb365cd95a7b55f14caa60b2d8,delivered,2017-11-01 14:18:10,2017-11-02 02:16:07,2017-11-04 12:59:42,2017-11-28 15:49:19,2017-11-27,83dd39563df1fa45fd1a6a7e682b2787,2017-11-01
8705d42adbcd3182c575cdf862302836,81b3290979f53b17749b77be9fc82279,delivered,2018-06-28 09:14:43,2018-06-28 09:31:36,2018-06-28 13:58:00,2018-07-02 14:39:35,2018-07-25,dd120ea6d48fa2021d595b2bc4cf9be8,2018-06-28
08b47d41b0e91577b2d62e070628b2dc,c0a3ef518d3de3d78a7a80ed0861c529,delivered,2017-03-03 20:01:50,2017-03-03 20:15:08,2017-03-14 10:25:43,2017-03-21 11:52:06,2017-03-24,c437f78e91112d9dc120311a783aff58,2017-03-03
d9d8b7f0a98d33f05df5fce9f376aad8,3a041fd812c047a3a123e566cac018ff,delivered,2017-06-02 13:58:48,2017-06-03 02:25:28,2017-06-05 16:13:13,2017-07-11 12:26:33,2017-07-11,ac662ee559a58b12bc68bb682a32b38f,2017-06-02
03cfff56e65677083384243927b9915f,13e4f3eb0b0869583f720c992376bf08,delivered,2017-02-10 20:21:46,2017-02-11 20:25:17,2017-02-13 15:27:56,2017-02-21 17:38:55,2017-03-13,4ed413aee1c65e98a025d2ee754aa687,2017-02-10
adf281b98295b5c27f37e402ed781595,46c067477f18c5a3bbb88b1f2f942188,delivered,2018-01-25 19:13:19,2018-01-25 19:37:06,2018-02-01 17:08:38,2018-02-24 13:51:25,2018-03-07,d1ce28c9423d75b153a228199ac3e8f4,2018-01-25
acb9483767af8d8e1255d83531c25fe3,c42eeec226b4a998f0655d5bd633cbb3,delivered,2018-07-14 02:34:16,2018-07-17 04:31:46,2018-07-17 13:56:00,2018-07-20 17:44:45,2018-07-31,d6b3281b680a9f536a24ea082a872161,2018-07-14
3ef5c8159bd4605715d1fd6e20cf8137,932eaecbf57142d67adbc8f4508ae87c,delivered,2017-05-17 12:50:13,2017-05-17 13:11:26,2017-05-17 13:51:48,2017-06-23 11:19:48,2017-06-19,e0ec68a8b0e7ef75d72bc0dc54aba121,2017-05-17
3c8be270e7e602ffcde3f97cef934376,7a52f913ac1ee1a5e6dc2d38423bb756,delivered,2018-07-04 14:49:50,2018-07-05 16:35:38,2018-07-12 15:57:00,2018-07-28 00:07:37,2018-08-06,f5f434147aa6cc5a6e7ddfa98c742368,2018-07-04
1ff7ebbeffe12add6550ad9cd0c33ba2,f484d469c4f4d363ab8df9af2f2bea08,delivered,2018-08-21 14:09:34,2018-08-21 14:30:41,2018-08-28 15:08:00,2018-08-29 21:28:45,2018-09-21,745b43c8daa7a1dfd4a15cd2f436fecd,2018-08-21
ac6c5572c59ca76c1e87fc0ed8415a93,fd4bf9d671a41d03097dbe9284433c4f,delivered,2018-05-21 21:42:14,2018-05-22 00:32:40,2018-05-22 13:29:00,2018-05-23 16:46:02,2018-06-01,9fee105a9e2d3db5ad220c99e0cafb4f,2018-05-21
6d212e3f7da7cdbf836ce9494d33a606,1ea9656f6bb4ba028d81b90a4e7d1369,delivered,2017-02-03 09:01:30,2017-02-04 02:22:40,2017-02-13 16:37:33,2017-02-15 08:42:34,2017-03-16,ea9412f324bd34513bad100b6b6e8297,2017-02-03
cfb27c26476975225263b55ce04d8aed,2c38f4ab5042740bc123a9b1054be52d,delivered,2018-06-25 10:06:20,2018-06-25 10:15:53,2018-06-26 14:19:00,2018-07-02 14:28:51,2018-07-26,9b3f53c9b7ca27f6635dc16ae19677a4,2018-06-25
3d531c28fb36a432495acd5a1dcf253f,faf8eabf7679d19f12fc4610c45b90a7,delivered,2017-11-07 22:34:23,2017-11-07 22:50:29,2017-11-08 17:53:42,2017-11-17 17:08:54,2017-11-27,910a614047903f364bf27a1c90d8412d,2017-11-07
0470834755105bf0bb1c3062a73f1d99,edf7eb0836bc6a1be99a9f8fe20ffbc7,delivered,2017-07-11 19:07:20,2017-07-12 02:10:52,2017-07-12 19:09:39,2017-07-20 19:00:45,2017-08-08,1a24ffb661504bef8ecfbceeee2df17e,2017-07-11
25b951c1d074042d59f6545470172015,a204214aaa282398288d7befac5c743f,delivered,2017-09-30 16:30:39,2017-10-03 04:23:41,2017-10-11 11:57:11,2017-10-13 23:06:49,2017-10-18,1baa1a574970deb679403ac9cc74f405,2017-09-30
d6df3e183721aa30b30577e1184eaa7f,6e6e4321afd3581094cef66e0880a859,delivered,2018-07-07 17:17:10,2018-07-07 17:30:14,2018-07-10 11:46:00,2018-07-11 14:42:25,2018-07-19,cfcf7d13ce4e8be36c33e4d90b420878,2018-07-07
466d522fb7208d4e9df25324ed81dd7c,5a24ec29819cceb862195e2707f02856,delivered,2018-07-18 20:08:23,2018-07-18 20:22:41,2018-07-19 14:36:00,2018-07-26 18:56:34,2018-08-06,f97a4665154cfd04e0f75839c9e5da07,2018-07-18
c530daceee851aa18846a89c050d4dfe,60ab2ed589060f33a8c6e6ac86e29135,delivered,2017-07-02 17:02:59,2017-07-04 03:50:27,2017-07-04 15:43:43,2017-07-05 17:33:24,2017-07-14,99661150954dd757d75c84a6ecb834b2,2017-07-02
fa9bb0fcd9ac91743999d13c2860dac5,19f1813fb62eb7c453af714dc1211d73,delivered,2018-01-17 17:37:39,2018-01-17 17:50:44,2018-02-08 13:08:29,2018-02-22 16:04:47,2018-03-08,6dbe8af63482be15d8b0ec1b9dd31a29,2018-01-17
8e642de08fc40170f87db3c976ba2dd2,1765ec5ce0dc49aadc66727d1939f31d,delivered,2017-06-29 22:25:28,2017-06-29 22:43:48,2017-06-30 13:51:12,2017-07-11 19:50:06,2017-07-21,340d924858c395848c127b3e772b6bfd,2017-06-29
88a545648420c3a63d341cfce6617176,d67f2515dae83dd90e7576224e779871,delivered,2018-03-25 19:16:27,2018-03-25 19:30:24,2018-03-27 13:36:39,2018-04-05 21:10:46,2018-04-12,97256e33dd18b11db172c92c3e193e2d,2018-03-25
736e6cd85be181101264d38eff1a7c08,5e105f72f5c1c080ed8845752d4dc955,delivered,2017-02-28 15:35:22,2017-03-02 04:15:11,2017-03-02 07:36:45,2017-03-06 09:58:12,2017-03-22,ddd093b6509f5c2613e04509a0e41c38,2017-02-28
ef897a70523fdaa35f5f7408c325d3ad,f4e7a983e7130953e85bfd0093475bb5,delivered,2017-11-21 13:45:03,2017-11-21 13:59:24,2017-11-22 15:38:39,2017-11-28 02:04:41,2017-12-07,9323ba2893a8ee00fb61aa60b6d86557,2017-11-21
d4112b98adfb1a788d4c6205903eaa39,3a41e82c72d600bb188a53377044b902,delivered,2018-07-15 01:16:15,2018-07-15 01:25:10,2018-07-17 12:35:00,2018-07-25 23:03:07,2018-08-08,28693ecfa07672ed4eb44f8e6c0fd4a1,2018-07-15
e35cd7f16895b57bcfa47358049adb16,b9223d6492555dae908f216435580a9e,delivered,2017-09-05 21:05:36,2017-09-07 10:37:29,2017-09-11 20:18:41,2017-09-20 18:32:02,2017-09-28,0ea93f58e1bc48c6e86b79d2df6d51dc,2017-09-05
8b4b9c5ca102be3acc343372eac85e12,4a8f4ba62a60be1022274b6c65e4182f,delivered,2017-08-02 20:55:20,2017-08-04 02:25:21,2017-08-08 21:07:50,2017-08-14 18:41:37,2017-08-28,4111dcffbf2e3b8f2eeed6e155ede464,2017-08-02
ddf4b30463e9b58a0ad68f6bc5ed5291,b901a3ed9805cc223596acc6a5c1838c,delivered,2017-08-03 01:10:03,2017-08-03 01:24:10,2017-08-03 16:08:04,2017-08-09 11:51:46,2017-08-23,31426326d8f68e52c60dd11a3b72b340,2017-08-03
f25f425c1627a369f769d91d56c3da67,670de4316291fd064c67a6dc89b10ca4,delivered,2018-07-21 11:46:11,2018-07-21 11:55:17,2018-07-24 12:28:00,2018-07-30 10:48:52,2018-08-17,621e115832c0d4258a86adb2a4650b6e,2018-07-21
200082f5a0b087f6c711e2903795ad35,add0d3449d5a9b0e07a28f4ba45e695a,delivered,2017-11-27 00:44:46,2017-11-27 00:56:21,2017-11-29 20:33:36,2017-12-19 19:26:01,2017-12-22,0b93d5606fb0f30c6303fabd6760e136,2017-11-27
8ca8fb2c57d4fbfbb9f7a363c95cdad5,f69d2ba9ed34d8a1266853b4ad2eb479,delivered,2018-02-04 22:22:06,2018-02-04 22:30:33,2018-02-06 00:07:45,2018-02-08 03:28:33,2018-02-21,0e63883e8b07fca0e713307a1ea2e03e,2018-02-04
4a58db81127d824c22ca14ae7724d8d7,d7ea9248d429c8c5a908a1e8aac4a3ed,delivered,2017-10-24 12:58:50,2017-10-25 16:33:51,2017-10-26 21:08:55,2017-11-08 15:58:27,2017-11-16,a18b9d22d445280395b75ca5ebb66ac7,2017-10-24
501682cc04eeadf3d0bc64b399d78b5d,371d3497b3c664756ce51784d09adfe4,delivered,2017-10-29 09:30:23,2017-10-29 09:44:59,2017-10-30 17:13:38,2017-10-31 16:43:47,2017-11-10,3548f6fa9fb708e6d30db034eb0252af,2017-10-29
7659849a6efa9d49c5ac7bf7fdbddb2c,22688fbe08d1209daeabcd6c40590d1e,delivered,2018-06-17 21:11:16,2018-06-17 21:37:58,2018-06-18 15:03:00,2018-06-19 11:48:44,2018-06-28,aec17cb0c9dba3200a2c49c3ef0a07dc,2018-06-17
1b51db19999eb3bb34b405f52fdf9b13,0f6ed36badb034a142c768bcca8a4d7e,delivered,2018-01-29 00:05:10,2018-01-29 01:19:46,2018-01-30 23:13:02,2018-02-02 14:35:09,2018-02-19,2dd8a6ba66d6e0f4f96fde647598ddd6,2018-01-29
3e7b10e577a57c52ab3232d3137bf444,caaf57c5210b87023c43e7d82c1b130b,delivered,2018-04-06 15:28:46,2018-04-06 15:50:07,2018-04-09 22:27:26,2018-05-10 15:32:04,2018-05-11,489ccb1244834cd56e1d39137c48320b,2018-04-06
cf3274a658517144c009e7a673329a7b,c71dd683effe547f08410a82bfd9b28d,delivered,2017-10-13 09:04:42,2017-10-14 03:37:07,2017-10-17 16:27:47,2017-11-01 16:15:27,2017-11-13,f13b71a2261838fefc07e236d17b5ceb,2017-10-13
1e7e9d16382d754d9c40321ee0b78634,1192e459b7704058b8f86356c4a332a2,delivered,2017-11-14 03:22:33,2017-11-14 03:35:21,2017-11-16 19:32:10,2017-11-21 13:21:57,2017-12-04,ff14bb68fd1d4b35423407c2bac01081,2017-11-14
576f9e432d8d303ce2ffc75736352fe1,11c0288032377c71a6dfb9eb2aa4186e,delivered,2018-03-02 16:11:13,2018-03-02 16:31:33,2018-03-07 17:22:25,2018-03-08 18:42:08,2018-03-14,41a72c392ea30409d891c7fef45aef04,2018-03-02
70102042893558dbf834b15a4b4fcbcb,7397ea54948b521f7b64b333fe2558b2,delivered,2018-05-27 11:13:44,2018-05-27 11:36:02,2018-05-30 13:59:00,2018-06-25 16:32:30,2018-07-24,d27b1b5fc7ded2556005c1839b68db3c,2018-05-27
553cd2acd876bcd93f9d3fcec45495ca,2a66805b488b4060c6e8370e017b0e92,delivered,2018-06-24 19:56:26,2018-06-24 20:16:20,2018-06-25 14:34:00,2018-06-26 16:16:29,2018-07-05,d3119b4a202ea54d72abe46b49f80cce,2018-06-24
e6f4dcae8f74d19df7183854d1276023,e318052c60b8810a9f7fde485d42a0fa,delivered,2017-06-19 13:32:38,2017-06-19 13:43:35,2017-06-19 20:11:47,2017-06-21 16:57:01,2017-06-30,0f4e6e4b6e1e5e5fefedd14507e616b6,2017-06-19
adbd608bc3c4a0f50224fa3b9543f791,a0f9c54dfd7f6c225f385ffc4753e0fa,delivered,2017-04-25 15:41:23,2017-04-27 13:15:33,2017-04-28 12:15:40,2017-05-17 10:28:44,2017-05-16,e11359ab6af3fa9bcb6ac760625133c1,2017-04-25
b2684c3e0b5cba29ea14a74e3c933a34,f45925f27de19a3f70beb81219614800,delivered,2018-06-13 17:10:47,2018-06-15 02:37:17,2018-06-15 13:21:00,2018-06-20 17:21:18,2018-07-03,8fd94d11ef77cfcc270af98129f3c8ea,2018-06-13
12a6df267536bb8c253d9e7bb8b9e4aa,cc3848d804d534ed7492ed16935f2cac,delivered,2017-12-03 19:39:28,2017-12-03 19:51:27,2017-12-05 20:54:40,2017-12-06 19:09:03,2017-12-20,462688d928e54e7304bf33065613bbdb,2017-12-03
3d8f7ae6c3ba35a822e61acf337a4968,6ce87a341ae75fb5857c82379ae886b9,delivered,2018-01-23 19:13:22,2018-01-23 20:03:49,2018-01-24 20:04:39,2018-01-30 23:23:40,2018-02-19,3dbd70db1bce548599b5ec2738e1764c,2018-01-23
2f26e696a07ce7c631264062c683b467,4ab32784b66dd82d47948d37a336621d,delivered,2017-02-13 10:06:50,2017-02-13 10:15:21,2017-02-14 14:04:57,2017-02-23 16:09:17,2017-03-22,d36c06fecb0238a350a74f38ffde3dd6,2017-02-13
0b7faa591b1acf3fa59f5297017b3058,d32b49ac4cbe7f35394e35e9fba57a4f,delivered,2018-02-22 13:27:37,2018-02-24 02:50:44,2018-02-27 23:06:55,2018-03-12 19:28:48,2018-03-16,94a880feea53a99ea54cbe8446834840,2018-02-22
7e6b55f6388682bf51a05d8f13c2d466,9a3f62a5bf3676fc5f7197d68d626515,invoiced,2017-01-18 12:59:05,2017-01-18 13:10:17,,,2017-03-02,0becec3df826cb50f107c7a99cb44b90,2017-01-18
0dd483f7dad813785dd28594b02aa623,f847cbd3cc47af2347769777223bf1ed,delivered,2017-11-27 23:02:54,2017-11-29 02:18:44,2017-11-30 17:03:22,2017-12-01 14:21:32,2017-12-11,9823f8a863e5d3e5b672e30668a3518f,2017-11-27
909d28f22490c6e78da3962ab7fd6286,3482b292984426dc8cef7892c48027b6,delivered,2018-07-20 15:14:24,2018-07-20 15:25:19,2018-07-23 11:26:00,2018-07-27 17:38:45,2018-08-17,7b09482951912a5fb582aa19d353cfe3,2018-07-20
78652a80b5afacab99c641f855a4b00f,cf3901625675486ec08d60d5fa7bb1cb,delivered,2018-07-31 16:00:40,2018-07-31 17:31:25,2018-08-01 13:17:00,2018-08-06 17:48:45,2018-08-13,ddfbd2ab45bb0e6bcb52807ce96f0bfb,2018-07-31
f76d5b8ea5928ea9b289b5f485e4846a,8a770dcc0e2b3c409df0707de0894e36,canceled,2018-05-15 13:17:14,2018-05-17 03:34:46,,,2018-06-01,96f9204de777192f8feb7776d3cd09b4,2018-05-15
30a18df212b45e1322b6d81521786ec4,1ff8095d765fc507ef43fc869e18e07b,delivered,2018-07-25 22:44:00,2018-07-25 23:20:08,2018-07-26 15:08:00,2018-07-30 12:43:46,2018-08-09,086915b3227ea3589f54682693a9b423,2018-07-25
47d62434b47743d5c247a683f40fe56c,7be5a334c8077a07be8f4255cb76ebf4,delivered,2017-09-07 14:51:57,2017-09-07 15:10:23,2017-09-08 18:45:43,2017-09-26 17:26:59,2017-10-13,40df77400af863da719a8477cffd6aac,2017-09-07
3a96b8ddd22b9f22c3b8a556d2003fd8,5ef121a48e1ea142acfa7f4d33e3d99e,delivered,2017-02-04 13:24:34,2017-02-07 04:10:27,2017-02-09 12:31:03,2017-02-21 11:14:53,2017-03-15,d1a7cd0a5ccba0f985cfe2be5c740900,2017-02-04
f1692c7ca656b05f674526a9c5838e4e,dce529324a049c4f22d46670811858ac,delivered,2018-05-02 19:00:12,2018-05-03 15:51:27,2018-05-04 10:01:00,2018-05-24 18:25:40,2018-06-05,bf20d98e6a339fee510ce20a7894e63a,2018-05-02
f93c0062e9ba3158ed2b70b395625a3c,d67be65466afe0ff78ab3b609c55dc51,delivered,2017-08-25 10:01:32,2017-08-25 10:15:20,2017-08-29 11:05:27,2017-09-16 15:12:14,2017-09-21,56eaafc2285ed2f4aafb21272a005a6f,2017-08-25
456abfc526bb8973d425ea0134a6e311,b8cc34ec09315baecc09dd7e6a3bfdae,delivered,2018-04-24 15:36:01,2018-04-24 18:57:06,2018-04-25 14:22:00,2018-05-22 13:44:49,2018-05-18,c75febfc268acc148496a4d8cb282c7f,2018-04-24
c242919a2b2fa0fec536c534c968e8a2,bd8de5c5afe41611308675f1296c7b60,delivered,2017-10-31 11:38:59,2017-10-31 11:55:44,2017-11-06 19:33:19,2017-11-08 18:14:07,2017-11-14,dd131253a1cb7d5afd3e0fca90b6d504,2017-10-31
83c6401c172501d8dbb2cb1c89a51b01,57ea77d77b05b87eb8328d8bbcc4b7ef,delivered,2018-03-20 02:29:16,2018-03-21 02:28:18,2018-03-23 00:45:47,2018-04-03 00:37:51,2018-04-11,0556929f4c62baf96feafe4e1b52bc0b,2018-03-20
3c13195e54b623f3040b926c83503002,edf6e9f4ea080de0350647ce44557e42,delivered,2018-04-02 14:22:44,2018-04-02 14:35:25,2018-04-05 21:12:22,2018-04-13 12:12:16,2018-04-25,7d35b83187925f7c3a76e661e8e5b28d,2018-04-02
9fa7644baa5eef65cf160c3c71983e6f,f81532a2b6cbd4faaccaef2604cc8a5a,delivered,2018-01-17 14:35:51,2018-01-18 14:33:14,2018-01-23 23:27:39,2018-02-09 23:45:13,2018-03-02,fd03997c82649affc061d275ddf1f3d9,2018-01-17
b402f7c02c6a8e6677896d211a72a5d4,b477e8a0ac8816bbc624da32841cb8b3,delivered,2017-10-13 10:09:06,2017-10-13 10:27:57,2017-10-17 14:18:06,2017-10-23 17:37:04,2017-10-31,fda9a2c9ae3dcfc243d5709f5190471c,2017-10-13
9c8f72e1a86636d94b7adc52f856f5d9,3e8a00a5b4e6ef85bbe42e0c5482070c,delivered,2017-11-20 14:20:15,2017-11-20 14:31:29,2017-11-22 20:04:22,2017-12-06 00:39:03,2017-12-15,eec50ea17931235b0743a8779560b971,2017-11-20
a6cc5e6ba2fb1b3d7fd4e73f7784f337,6e423a08bb6b36bd00e0384eeb62f1e1,delivered,2018-05-06 10:08:32,2018-05-06 10:30:32,2018-05-08 14:20:00,2018-05-16 13:18:36,2018-06-01,a447d5abb44c6a520e780863e0bc94c7,2018-05-06
85eda86e7e2d402f5b3bfa90de8e2ec8,b6b777295f604b9b68ed465b7e0cae5f,delivered,2018-04-23 00:09:20,2018-04-25 03:30:11,2018-04-25 14:54:00,2018-05-02 19:12:26,2018-05-17,f64161aef1b7a0047600a646237be57c,2018-04-23
724074e91e873f7bba4b3548c59e5f92,e8255a31f2ce6fc4e82b8360a8c919ee,delivered,2018-08-23 09:51:32,2018-08-24 09:45:19,2018-08-24 14:56:00,2018-08-27 23:03:58,2018-08-31,553f3ea5d1e743cd91146d3d06e944f0,2018-08-23
c485c8c1af9c0ead19b156d7a971905d,1673f453ac44985d748c41c89551e0db,delivered,2017-05-21 17:54:43,2017-05-21 18:05:15,2017-05-23 14:42:05,2017-05-30 11:56:29,2017-06-09,48c655d5e21d048036b3f6dfd8f1a500,2017-05-21
6bf6ed15e270872bcf65052a0307d6fa,47f773dfff4d38e72ce3d45027b55ca4,delivered,2017-04-01 12:45:07,2017-04-01 13:07:20,2017-04-03 15:59:59,2017-04-18 12:26:25,2017-05-05,13983d40cac41bbdb300a67e8e8c7a26,2017-04-01
a6c054ff2945730a435c2c95531f17db,35e35286d46ebf8fe131036cd85c54ef,delivered,2017-12-19 20:17:32,2017-12-19 21:16:24,2017-12-20 17:19:33,2017-12-21 22:10:00,2018-01-08,e9f5816cf9359d57e4168fc5408d92f7,2017-12-19
6dc3421585b287648465d942e8d0c0d1,99a06938be53a97bec2f40686bd7b7e9,delivered,2018-02-28 16:12:54,2018-03-01 02:49:06,2018-03-01 19:05:49,2018-03-02 19:53:22,2018-03-13,adcdc7299f3cf7ffb8e080b708ab0507,2018-02-28
b843f3e786e91ebc527779dc682f5487,e9b62718241d8b9a249909e4036f29c8,delivered,2017-02-12 01:27:41,2017-02-12 01:43:03,2017-02-13 12:19:21,2017-02-17 10:37:58,2017-03-10,1d889107c6acf0d432404cb55326140c,2017-02-12
b73b19c4bb2d3aded7b9714199bb83eb,6095ba1a9acb42e0558d6e5c426ba60c,delivered,2017-12-28 14:12:39,2017-12-28 14:26:35,2018-01-02 15:40:14,2018-01-10 21:18:03,2018-01-23,09ec70d16bed083986121e71fda7ca84,2017-12-28
be3b8d058b8100d8a2539ce0b2c6ec0b,2cb9cd4d83c7018f46ff002953f95901,canceled,2017-07-20 14:32:34,2017-07-20 14:45:19,,,2017-08-11,60a22f2188cd2b544c45f103d0e00539,2017-07-20
e88e5f8bf5cb7adfd9f6435dee68112f,d2563794d28f2db19465352fabc3c910,delivered,2018-01-08 20:11:06,2018-01-08 20:18:18,2018-01-09 17:47:21,2018-01-24 12:42:06,2018-02-07,f226c02ad4d24f635a6abec2a517fe54,2018-01-08
ca2c921a5b9d60eba417d106c724c6f6,bf21cc881d27bf8909c3922d422cb20e,delivered,2018-03-01 18:57:22,2018-03-01 19:15:33,2018-03-21 20:33:40,2018-04-13 03:08:40,2018-04-17,0b177893dc66d6d0f67ff1bf19423693,2018-03-01
0c0aeabd6ae9d7a303af615334a220d0,9a31f5e48f4274cd08d49d5b6681be28,delivered,2018-08-20 14:45:48,2018-08-21 14:49:58,2018-08-22 12:53:00,2018-08-27 19:03:02,2018-09-11,6954a50b9d0de5b2c747f12743915254,2018-08-20
98dd966a1e38eb56010bc5d422f3d3ce,e6524d179f40e399f0b96daff7c66e34,delivered,2018-08-13 14:03:08,2018-08-13 14:15:14,2018-08-14 15:39:00,2018-08-21 19:56:50,2018-09-13,c89bf34fc80645a368b02f697356c141,2018-08-13
a89ebfafe4d5465a7f7d00cb6fb2537a,73aab9b123fd95eb61ba0de816776c5f,delivered,2018-03-02 12:25:45,2018-03-02 13:54:53,2018-03-05 17:04:39,2018-03-21 13:58:22,2018-03-20,93317aff22798636759435057f515f32,2018-03-02
a3a5d73f1d5b6acf698fdd0e795d2ec5,6ddb01706e05a5713d2dd011f581b3b8,delivered,2017-05-03 17:04:37,2017-05-03 17:15:29,2017-05-08 11:42:23,2017-05-13 10:22:05,2017-05-29,1b1d83efed255b0a6b212b9f679f5367,2017-05-03
2d7f894ef5a2c6133280772d1536f3ab,e705b1262126bfe43128e9a455963387,delivered,2017-12-12 11:02:11,2017-12-14 10:59:41,2017-12-19 23:25:30,2018-01-08 21:28:20,2018-01-15,5ef5f96d508fff087a06648c19201333,2017-12-12
d746b7265b49f240491cad6ed27e20be,9ade3caa74c467443051775d3e650140,delivered,2018-03-01 10:50:34,2018-03-01 11:14:31,2018-03-03 11:43:23,2018-03-14 17:52:26,2018-03-22,d35838e6470b043f26e342c03eff4118,2018-03-01
92a195ed387f8e7f9151eae7a7ec13f0,2d0bbea838dedd5022a15742a420cb8b,unavailable,2018-05-17 11:29:01,2018-05-17 21:31:55,,,2018-06-04,9715409683c70e8f797d93a0b337ae00,2018-05-17
707efa4c66f0d268d9f106c2d6aa9c90,b087e49d446463775fdd80d76a97832a,delivered,2018-05-31 18:12:22,2018-05-31 19:19:29,2018-06-01 09:05:00,2018-06-11 20:22:44,2018-07-23,6a3dcf0e86e5e479e9d8203bceaa293d,2018-05-31
7787175cbb70f20d210824b01d4225d9,53ca3ff301eb60ded8a2d38593c36716,delivered,2018-02-13 16:46:54,2018-02-13 16:55:49,2018-02-15 19:18:07,2018-02-22 23:29:44,2018-03-14,a40b3048d33faa08aa246caaa89195bd,2018-02-13
15816297ce3f82c12bdfacebb7f445b5,191f7ac02aef8691dcf021de4eec473e,delivered,2017-07-28 21:51:44,2017-07-29 14:55:20,2017-07-31 17:47:59,2017-08-03 19:56:47,2017-08-23,2eb631a7476babac8aac18cfd99bb7d1,2017-07-28
76b3916173a86a399841b62399174b10,2d7a042354d223815c70ee2519f72c9c,delivered,2017-03-29 20:08:15,2017-03-29 20:22:21,2017-04-13 19:39:53,2017-04-18 13:39:01,2017-04-18,d29b4e208abc401130abe8f009f988c8,2017-03-29
9a8743fed3cc7a477eb92cb0ca0e7d26,36913fd0a906fcb755745fc9641329bc,delivered,2017-07-25 00:16:14,2017-07-26 02:23:30,2017-07-27 17:32:33,2017-08-01 16:54:54,2017-08-16,6b3e1d9fd0a0d1799ad29fd3efdb354b,2017-07-25
adc12f10b0d49b969eeff04bfef21427,b13f6814a87e9fcc95db3980cbb7af42,delivered,2017-09-22 03:30:41,2017-09-22 03:44:23,2017-09-22 17:54:39,2017-10-13 17:13:22,2017-10-25,01f382f4c95df31e05e27f1151a015a0,2017-09-22
cf5a089353c76e21f2461f8b6d6f883e,ee32944bc9002e21a1e00e852d34b2d4,delivered,2017-11-24 21:17:14,2017-11-28 03:20:29,2017-12-06 21:38:24,2017-12-22 00:12:30,2017-12-18,2a9eecea20f7be71d0a09a81f69662ec,2017-11-24
7c0fccdcd5978f52b402a916980f127d,b4f9dd42f0acb4d7ca92cc9eddf4d56c,delivered,2017-12-12 09:43:40,2017-12-13 02:33:32,2017-12-13 22:38:53,2017-12-15 04:38:34,2018-01-02,79f8edc55e3d120e51eadb6ef67776cb,2017-12-12
64c15e081bb2e9a729b96f24d61e6807,92015b6a20c9ca16333a0907090e452a,delivered,2017-07-30 00:58:52,2017-07-30 01:10:17,2017-07-31 18:07:45,2017-08-14 16:56:44,2017-08-30,0b237d96398b7f6d5be353833a955bff,2017-07-30
b55e920797f2e64157c2e9cc453e9407,e87d9abfaba293b9459639b62bfcbf02,delivered,2017-10-13 22:55:07,2017-10-13 23:07:20,2017-10-19 17:42:49,2017-10-26 15:22:24,2017-11-14,79b7f7a3d196394878c4d9987577aeca,2017-10-13
00ab3a43bda739029ffce95d3b2fb56c,c9f69364407bc8db796b2c6f1c353f61,delivered,2018-08-10 12:09:15,2018-08-11 02:51:01,2018-08-13 13:09:00,2018-08-14 18:28:25,2018-08-15,c683ed9776a3bb038982ef2aaacdb9a5,2018-08-10
d37c9e8893d10d17fbf866c85f0dde90,cd8703bc42155c8d57115a689efb6ec6,delivered,2017-05-21 16:19:58,2017-05-21 16:30:14,2017-05-22 11:19:04,2017-05-26 20:49:53,2017-06-13,63cfc61cee11cbe306bff5857d00bfe4,2017-05-21
f4339348190b76ae59e4945134744ebc,c715c27e0a30e4c742277c41928fb672,delivered,2018-05-07 10:50:09,2018-05-09 02:54:06,2018-05-09 10:13:00,2018-05-21 12:54:54,2018-06-01,0a1ef8cfbe5dfd9f9346d3a69b0b6115,2018-05-07
f58365f25afd293b0dd1d2200d9d44df,350d6ffdf52cf7076a9f3d8331c42927,delivered,2018-02-10 22:30:26,2018-02-10 23:35:33,2018-03-07 21:13:53,2018-03-14 23:32:15,2018-03-16,9282408e424d4cf8b36858a94e2ce195,2018-02-10
b950746ff8453f54ce5e11384e854e80,d180a13333094657116ee802ecf65050,delivered,2017-02-16 16:54:37,2017-02-16 17:05:18,2017-02-17 14:46:13,2017-03-01 15:28:14,2017-03-17,7ce0fcb1f95a41393a6795686e4048ce,2017-02-16
f79644ec98219489ae16ee7aabac4ebb,15d1752086d06a721b7842591ce41eb8,canceled,2018-05-05 13:36:10,2018-05-05 13:50:25,,,2018-05-17,108b1a74b02d1e998850c39d7a7e9150,2018-05-05
5a19541418a06483600ae1e9a751d61a,cc1ee64dda4ae8455b07b22b6fc9f290,delivered,2017-08-13 21:11:11,2017-08-14 17:45:28,2017-08-17 16:45:50,2017-08-23 20:42:15,2017-09-05,e91ad8946ba9bf0e0b1bc472b62a9e8a,2017-08-13
bba6a2e9b906e6d432207b56db6b1452,e1e4a4ce47ab717fed8adc191b1de674,delivered,2018-01-16 18:37:26,2018-01-16 18:51:15,2018-01-17 22:08:36,2018-01-26 18:13:39,2018-02-07,9040ddc851c413503667ec98f02a7572,2018-01-16
919f7b191b8ebc3ee9ab62e05ae3b2bb,53516cee27cdbecaa1d122f5ae9a2507,delivered,2017-11-22 11:09:39,2017-11-22 11:18:17,2017-12-01 15:11:50,2017-12-08 23:47:00,2017-12-20,6a9c7240c7353296c9df0694a1ca7fac,2017-11-22
2f9aec8b96e05c0c40e49b20214b89bb,d32d683e4792449f00b40dbf1517115a,delivered,2018-04-30 15:51:34,2018-05-01 02:15:32,2018-05-03 08:46:00,2018-05-04 21:12:10,2018-05-21,d7e6ed173565d28a4d73128980ff298b,2018-04-30
9ee0fd6b317c26dddea4dc4347c8a82c,876e9ff6d0ccd5f181ec4b604c737ad9,delivered,2018-04-02 21:01:38,2018-04-02 21:10:27,2018-04-04 17:51:02,2018-04-11 17:27:54,2018-04-23,64980a452df83ba2c874c0321bd7d104,2018-04-02
c91139ab9ea8b6371861f2cf4dbdb8e1,2f19a6348d8d364bde749be98b4b68e6,delivered,2017-11-20 10:59:49,2017-11-20 11:15:30,2017-11-21 20:03:35,2017-12-11 19:32:48,2017-12-13,f438882f85fa6497c3e5912724ca16f5,2017-11-20
fcc6295008b84fe0ae2717cf4fb011ca,bc9a74ee219462270870472b5ee3429e,delivered,2017-04-18 18:31:48,2017-04-18 18:45:16,2017-04-20 12:00:29,2017-05-04 15:43:45,2017-05-12,2df3d7ddcd882a3919102fa8f2a4e7a0,2017-04-18
3464de846f6595e07bdee9f5a234743c,ca8cf5843bcd138bd1e81ec9f17531cf,delivered,2018-01-11 13:14:36,2018-01-11 13:28:53,2018-01-17 18:46:13,2018-01-31 22:18:36,2018-02-05,5df98760c5923977c84e2a09f1e46317,2018-01-11
8155df3b8ca89f80f94f7b6722e750bb,5a29bb3c06beeea41656884b0a459d1c,delivered,2018-06-11 09:25:12,2018-06-12 04:57:50,2018-06-12 12:25:00,2018-06-13 16:46:26,2018-06-20,fd6518dc052693fe3eeec7973974afba,2018-06-11
8d48068c3ecbc21886a881562c96d7fa,69c07da19686536789aae2148ce07f50,delivered,2017-09-09 21:08:46,2017-09-09 21:24:21,2017-09-11 19:56:42,2017-09-19 21:58:19,2017-10-17,d7575edf5d4315559b9ef9816f9cd13e,2017-09-09
3c33046864727b932e3c4087844f091c,37c7f02c119d260d0151bb6891bf4206,delivered,2017-12-29 18:39:33,2017-12-29 18:47:40,2018-01-02 20:52:01,2018-01-09 17:34:37,2018-01-31,2df056eee643d14e648c62af1a1cbe73,2017-12-29
a53b8f28c69f039a8d9ce5c30b7367a2,3a740ce117005b41daf0b3fa535b1dc7,delivered,2018-07-24 10:05:51,2018-07-24 11:24:30,2018-07-26 05:44:00,2018-07-31 18:02:01,2018-08-17,4746432412e3484e8db19d5ac859841b,2018-07-24
cae187387a603b42f02280dffd8d2390,9b8673c583ab263d6bac39e6bb7247ce,delivered,2017-09-26 15:51:44,2017-09-27 02:56:43,2017-10-05 14:27:56,2017-10-16 18:14:56,2017-11-08,a378aa1c7a3934c7f874c9a63fc8a1ab,2017-09-26
44bff723bc2f864855ed3807ea7157c6,d0d327d6ccdf7c8c92753623ec081b5a,delivered,2017-09-23 18:20:19,2017-09-24 18:25:12,2017-09-25 21:12:15,2017-09-27 20:12:14,2017-10-10,ed2e7c127faf8aacf910fb4ecb881966,2017-09-23
148faaf4575a416a7f739d55db63babe,6398f0e8f4fbd829075e82fab0b58345,delivered,2018-01-13 20:50:15,2018-01-13 20:57:25,2018-01-18 21:48:51,2018-01-22 22:26:56,2018-01-30,052341d8ac30e9cc98f1742b177639b0,2018-01-13
ff4cdf9a24ffba79c88c81aeb858b4c7,671c88e6f743e984ae2f877fb66e1a1f,delivered,2017-08-09 22:53:33,2017-08-09 23:05:13,2017-08-10 23:11:32,2017-08-16 21:23:56,2017-09-15,fe799f0683e5d6262a69c448df99cbb9,2017-08-09
95573e80e3966d4340d792f4f6c865b7,c7693063f3ceb1ce930b140d748b5972,delivered,2018-01-16 09:07:17,2018-01-17 03:36:51,2018-01-17 18:15:58,2018-01-18 14:29:25,2018-01-31,30a55bf719a2d31abc6fcb27e60b805b,2018-01-16
88ca9d74d64fdf43a049ee310edcb108,6ba7dba3194861cbf4ebe41edf2b369f,shipped,2018-07-15 14:32:52,2018-07-15 14:46:34,2018-07-19 13:10:00,,2018-08-02,ac072f48ce8ec6e85a6c727227f4e997,2018-07-15
a8c4d2de67759109227a9c02ba34d293,0db477b7de3ab3b53089f5222a8afb97,delivered,2018-04-13 17:26:09,2018-04-13 17:35:29,2018-04-14 12:08:27,2018-04-25 18:35:53,2018-05-04,ee3e6056f56b8c5584a858e2a31504cc,2018-04-13
75ca39310ce23200e156063e255c3086,0154fa29866c388925f1cb6a76f41368,delivered,2018-01-15 14:38:50,2018-01-15 14:50:37,2018-01-17 13:16:48,2018-01-26 22:36:35,2018-02-08,6ce74b4f138091ed0725662a2a5a49ab,2018-01-15
0068c109948b9a1dfb8530d1978acef3,34417388de13fbcd12cfcbd9d1b8dfbd,delivered,2018-01-22 19:46:58,2018-01-24 02:53:04,2018-01-26 16:49:12,2018-02-08 18:39:13,2018-02-20,d3581765bcf955dcf282b1642c74157c,2018-01-22
d1d768d42cf0f3a2effce95ea71e111a,e9ccc97c91ce48e2723003454f1c7725,delivered,2018-06-19 23:01:50,2018-06-19 23:19:11,2018-06-20 13:44:00,2018-06-21 17:26:26,2018-06-29,a55e19719dab7efad8d5b7b0bedf5326,2018-06-19
c83b1508d1ce87e8c380ee3209720f81,859530ad4eef3fa5932b7aa55aeb314c,delivered,2018-05-23 16:00:27,2018-05-23 19:36:46,2018-05-24 15:49:00,2018-06-06 21:56:54,2018-06-21,b9de6cbcb1cd857c55783e3d6905ea35,2018-05-23
d286e7a7639e71eb3d8bd4c37264ec1c,7c3b4a82fa45566b31589d16b39b940f,delivered,2017-09-19 20:16:32,2017-09-21 02:46:04,2017-09-22 18:27:48,2017-10-02 22:28:42,2017-10-05,7bce3aed580a34342cc9ba824fa4d6ff,2017-09-19
51031dc347b31f2f5d84655a08e10e9e,94c497528915442546d67567bc7e00d5,delivered,2017-08-17 19:35:00,2017-08-17 20:10:14,2017-08-22 16:33:52,2017-09-01 18:06:02,2017-09-13,c1929a1ce6c3f1c5fb48c6fb8b5210cd,2017-08-17
96c39987184c35f98bb77f7a18d8e500,0a8d8f311ded35884ca1efd7a8321fd3,delivered,2017-12-10 09:54:15,2017-12-11 11:36:22,2017-12-12 21:11:47,2017-12-21 20:33:32,2018-01-15,b6b535e86891c1900bd595aa59ba99b4,2017-12-10
d4d5280135d491579add0073e8d6f4ee,234de6974f9545d863eed89b8dfe0bdf,delivered,2018-04-26 13:08:10,2018-04-27 03:51:00,2018-04-27 13:50:00,2018-05-08 22:59:37,2018-05-25,85a579c0088b75ad02c788f0b9962e4a,2018-04-26
c55bbd7d615f5734a0ac469376ff0778,3ec61cf8cb2308eb5657b57cb3dd20a9,delivered,2017-06-14 15:11:20,2017-06-14 15:23:06,2017-06-16 09:32:04,2017-06-22 10:47:36,2017-07-05,9ee6ef5cc65abe4d4d0e1b22f906a309,2017-06-14
1df257323bb550a9b9bb150345c42e45,8cb4d4ae78fe9aa67a08a4d8c322c201,delivered,2017-01-28 16:10:01,2017-01-31 04:41:49,2017-01-31 23:29:59,2017-02-16 16:44:02,2017-03-10,86d9e56cfb6bb093863537fddea0efb4,2017-01-28
f1ebfc223dc0c69af08b4810a6a200ca,b5ad4261b16573c8ae1bf274cdc14ff3,delivered,2017-11-27 15:02:31,2017-11-27 15:19:14,2017-11-29 21:37:14,2017-12-08 16:46:36,2017-12-18,761f9e5ffe8b48c1e1c294d441ec4daa,2017-11-27
3dc6e749cfbbd0cdcd680baabc83d5eb,17bf784c37e83fdb4ad6f9e64afc84db,delivered,2017-08-04 09:43:48,2017-08-04 09:55:24,2017-08-09 15:30:22,2017-08-17 23:23:18,2017-09-01,3ff874206f1d7d1e3ffe12bc9c88c27c,2017-08-04
7c5fc2c7ce20f9ea338589aa4fa568b2,cc848e542182ca76f167a3808ad31c10,delivered,2017-07-21 09:50:18,2017-07-21 10:03:12,2017-07-24 15:07:41,2017-07-29 15:59:31,2017-08-16,af639bf4381a40ef704c70da1a2e9153,2017-07-21
627dd35dbc686a525aa1224e523d82f8,9ade285b90d484ea144b9733aa9cf2d9,delivered,2018-08-01 14:47:50,2018-08-01 15:04:25,2018-08-03 12:59:00,2018-08-09 20:11:26,2018-08-24,e6f7ddad5d0159e391e27db652c17246,2018-08-01
4707f0f97bea0fc228ca902efc1bae4a,747dbdedfb0e2830969d2296e56b24f4,delivered,2017-09-20 20:53:38,2017-09-20 21:05:19,2017-09-21 17:02:43,2017-10-13 14:28:38,2017-10-30,a0565e3fa2f17b7304824b023d0e80b1,2017-09-20
b157079a62d77688a0f66043aa1f0306,7bea2f07ef082a136c0fd7d455c8e142,delivered,2016-10-08 15:42:14,2016-10-08 18:54:23,2016-10-12 18:54:23,2016-10-15 18:54:23,2016-12-02,cb77bc826e0061d5f6e1702be7b87370,2016-10-08
abddcf171f361ed313e1f191d71d046a,48db5996674ec9678ed781d29f8489fa,delivered,2017-03-14 12:19:57,2017-03-14 12:19:57,2017-03-21 09:57:05,2017-04-08 03:04:31,2017-04-12,db805b3c93209de1af0f032450f33cd3,2017-03-14
e422e79c353461906ac09d654bd28ad7,e7c57cad7ca45409fc3aa34a89b51c01,delivered,2018-02-24 23:09:05,2018-02-25 23:08:00,2018-02-28 21:42:43,2018-04-06 18:48:22,2018-03-27,ffa6acb325475c3f9816fa472652f1af,2018-02-24
e3c165b01367a95b0b75372603fe8fd6,ee806087f060d54b2aa4d466709a37a8,delivered,2017-11-13 13:06:03,2017-11-16 07:26:46,2017-11-17 16:21:40,2017-12-01 22:13:16,2017-12-08,d0caf7002112b6dcd0d17b0b94b964d2,2017-11-13
b37b51d9ce106d9676b4757abb719d91,691207b664ec61cdc55704a1cfba86f0,shipped,2018-03-04 22:55:43,2018-03-06 08:56:09,2018-03-08 19:14:33,,2018-03-26,52f6da6e684eb6dc2a1654b5a1faff60,2018-03-04
9a2abae0a5bf1f866a6331379fe613a6,93039196d950b641b6df953234890045,delivered,2018-02-16 11:19:37,2018-02-16 12:07:02,2018-02-21 20:17:52,2018-03-06 15:06:48,2018-03-13,b1002cbae10814e961c811b6853332c5,2018-02-16
8036107533c19ec5aee40f63847d7bd8,847a20f9ce001b11e713541778751e50,delivered,2018-02-25 12:03:56,2018-02-26 12:11:06,2018-02-27 19:04:35,2018-03-07 16:09:03,2018-03-19,0b3f8d28f7dc573304a7c092bece8608,2018-02-25
7dcc606b3f901994e1d223bb4d9626ed,378b0c05cdee7a4b9c41dc83b97c216c,delivered,2017-12-05 19:02:38,2017-12-06 02:50:09,2017-12-12 19:44:01,2017-12-14 15:55:09,2017-12-21,2d26a728f5daccc16d2b22088f6ba7c4,2017-12-05
66bcc2331cc018f64c7be44b1f9dc767,ed89daefb5401c58ec82ef489d78de78,delivered,2018-06-23 13:32:46,2018-06-23 13:55:44,2018-06-25 14:33:00,2018-06-26 16:58:28,2018-07-05,a63b4132b58a5da76d82bc4202132503,2018-06-23
a2d65cbc20a4d7cbdbda0bc41b1e228c,37a237d3dc5df18a2de090ec35626a35,delivered,2018-08-08 10:32:05,2018-08-08 10:45:46,2018-08-08 15:37:00,2018-08-13 15:14:50,2018-08-28,50344414b85e2dc2ef9fc59c456aab28,2018-08-08
028aa70283170bf3cbfdce2c1b751cfa,f146be55cefde6a5c21dd2c13d699bc8,delivered,2018-08-22 06:46:47,2018-08-22 07:04:20,2018-08-22 10:13:00,2018-08-28 00:29:24,2018-09-12,083004073bdf5fe2545d485d9654bda5,2018-08-22
21babe33a62ea8ca20539175f5f77dd2,ff8ad2b0f0b304a4f7ecbfa76eecbbdf,delivered,2018-05-12 22:58:39,2018-05-12 23:16:33,2018-05-14 16:42:00,2018-05-15 21:07:03,2018-05-23,acad1f23b6be16378a804784ef4c3421,2018-05-12
07e74b39ce62a7c6f7063b3168748191,908fefed2615ed41b2880512db12c758,delivered,2018-08-01 15:46:14,2018-08-02 15:43:58,2018-08-03 10:09:00,2018-08-06 20:28:38,2018-08-06,15aa251aeeec331d7ee4e1851397e8f5,2018-08-01
49fb77247e87be7891af41f66d899673,7cf084047bbf793a566a31b53b3459d9,delivered,2018-04-29 11:37:31,2018-04-29 11:52:09,2018-05-02 17:03:00,2018-05-03 14:44:47,2018-05-16,be8b0c8279dd0ea9ace7e52094f28456,2018-04-29
b8ffa0a64c94706b40a3eb420aaba9d7,0a6ccd3492e9fd0bc8ad7f4ca7efad1a,delivered,2018-02-04 11:05:32,2018-02-04 11:15:28,2018-02-05 20:26:57,2018-03-01 16:46:44,2018-03-01,49eb3e27a6fc361609658d710948cef7,2018-02-04
ba900c122a364faa9a3c7d271bc2308d,57c0a0ae936e3a4cf71bdc4c6d4ede43,delivered,2017-06-16 18:12:03,2017-06-16 18:25:24,2017-06-23 10:56:25,2017-06-30 16:57:55,2017-07-06,34c7e58f5db5eedd271166b131e8febd,2017-06-16
1f252fa03fef3a7b2d16c2dd20de006d,a015288a903c5a2955b8ec9e7f470ce3,delivered,2018-02-25 12:47:36,2018-02-25 13:07:45,2018-02-26 16:44:43,2018-02-27 17:15:40,2018-03-12,eb2b29a6bf79a5c8e68898aeb2439e11,2018-02-25
89e9e2248c46410c319d535f06a23346,25243a573082033eef3dce30008bc979,delivered,2018-07-22 20:49:02,2018-07-23 12:31:57,2018-07-23 18:16:00,2018-07-27 20:14:43,2018-08-16,3ce1f073f23064622d54167bd161f9a8,2018-07-22
3eae45e1345a16673017c7c36f18ee34,6c4b7dd5c99515fe3de7a8a79f0c5dac,delivered,2017-03-13 16:49:06,2017-03-13 16:49:06,2017-03-14 14:18:12,2017-03-29 12:32:54,2017-04-24,687974d957a0b4ffd69c57b449238b3f,2017-03-13
1c7d5b99ae1fb1927efe678ca28af86e,74f779df828db21f3ca61c212fe732b6,delivered,2017-07-05 14:55:19,2017-07-05 17:39:17,2017-07-06 17:39:47,2017-07-18 19:43:38,2017-08-07,cd0a79bcc77a638e1d49713d213843cf,2017-07-05
131c0d01eb2028569a7756743f8a6e52,38265f3432c4bf8436fc60dd5db1eb9e,shipped,2018-01-24 14:09:01,2018-01-24 15:38:38,2018-01-26 14:33:47,,2018-03-01,f67aafa37aeb555babcb35d4d3b4ffd6,2018-01-24
b48e71659903550bcf90e87f245cefbb,3e34d3a2f74fc23f3c0bef7294bb00af,delivered,2018-02-14 16:49:01,2018-02-16 08:07:10,2018-02-16 19:16:50,2018-03-28 18:11:04,2018-03-19,61bf40128d7957b35b793475804b7d3e,2018-02-14
48c6a83f139990bdce35da7a514569ac,ddefffbdf14b16778f12bd99ccc04031,delivered,2017-02-24 17:20:45,2017-02-24 17:30:18,2017-03-01 11:57:55,2017-03-14 07:17:58,2017-03-21,d11f3820669e886c85f48ddc90939794,2017-02-24
bcb993ae0fa8c8f08fb79b6ec87df917,4f60ae2964fd14ce1837d6ea3fb78938,delivered,2017-12-08 10:51:18,2017-12-10 10:50:03,2017-12-12 21:11:47,2017-12-20 16:45:54,2018-01-04,f6a0ba5ca8307ad8ba69f0c91ff1c891,2017-12-08
871bea8f483dd0a0884a96d0e8dc1ace,c88682581bbfafae566db5aa6acfa803,delivered,2018-07-29 12:22:05,2018-07-30 18:31:02,2018-08-01 14:54:00,2018-08-07 18:57:41,2018-08-17,0d94aae6987584b48d82c2703dd46e49,2018-07-29
9e10abcef882f49dc69054c4b9f001b7,19120755286ce78597e0b3c65207bfc5,delivered,2018-08-03 20:24:45,2018-08-04 20:24:11,2018-08-10 15:17:00,2018-08-13 22:44:51,2018-08-09,bfcc752781919c28fb1f9a4fa1cbd854,2018-08-03
805ae182c82a33f1abbaeb238f3fe89e,ef84ecfb3db132c5ab785d8c6b06b972,delivered,2017-08-07 10:35:39,2017-08-07 10:50:08,2017-08-07 20:33:14,2017-08-08 18:42:55,2017-08-18,d5aec2496324bcede9f8e9d36cc93e68,2017-08-07
10f19649ff10ef887aee3d8d536f5da1,9d63ff3e9226b807a98142a1b6b5a899,delivered,2017-10-01 12:14:15,2017-10-01 12:24:10,2017-10-02 18:13:44,2017-10-12 17:22:51,2017-10-30,71bfea8feb226fd40038fe16633b7666,2017-10-01
1230f41d95a6fc74a51d388e8b1e8810,457b75db3a997e15b4abcffb8ebcc8d8,delivered,2018-08-04 15:40:57,2018-08-04 15:50:11,2018-08-07 13:29:00,2018-08-13 22:44:30,2018-08-23,f3acfe83e456086fc091edac000d94c3,2018-08-04
92dbcc0343067925c18d8f7b033f3012,6a915ad848b022a8ee48965a9f672de9,delivered,2017-11-29 18:08:17,2017-12-01 11:32:07,2017-12-05 22:09:32,2018-01-04 09:58:48,2017-12-19,64fea8f835a632f5380fcbe463524004,2017-11-29
06c5eb90406de0ba873e721e9182ecfd,b73b4079d7fa128c7eb3905913ee7d60,delivered,2018-06-12 08:46:10,2018-06-12 09:18:06,2018-06-13 16:28:00,2018-06-19 18:12:27,2018-07-04,bd7f2e89c03ab6604abacb0cfbad771c,2018-06-12
42a9c3a1aa0cb0f7d674566144b47d20,a1036ff7e9a4d96af5aa09ee00495b4b,shipped,2018-02-28 17:29:42,2018-02-28 17:49:45,2018-03-07 20:12:40,,2018-03-19,51d8a6582fde9a2e270bfd0fed698a63,2018-02-28
b42f9f6975edddad84e94f20bfd44a70,66b4ae7302e46815fcd2f46e6d811392,delivered,2018-01-21 16:56:40,2018-01-22 13:54:06,2018-01-23 20:47:05,2018-01-29 16:36:35,2018-02-15,ff2f054d97cdd920843d34ecb43f7334,2018-01-21
c1a356e90c7da57e52f7c1fa132ca486,3b2d7723e2ac4a1319c373320ecff848,delivered,2018-04-07 19:28:58,2018-04-07 19:48:06,2018-04-09 21:51:11,2018-04-10 22:48:42,2018-04-27,211538efe67010fd37b75d08ebf360a8,2018-04-07
b56ba47b7760027308968ab3f294b402,4dbc94b945d33affba2b69f4fcf1f705,delivered,2018-07-12 10:24:33,2018-07-12 10:35:17,2018-07-18 14:02:00,2018-07-31 19:08:44,2018-08-02,6a0d68294a58730f94eab8de2abcf050,2018-07-12
c6a965cc9489a0d9ede11c4534e916f0,fe6b657f9dfd2e2562ec4c5bfcba3031,delivered,2018-05-10 17:16:07,2018-05-10 17:37:56,2018-05-11 14:26:00,2018-05-16 10:38:45,2018-05-24,34868842117c40b30209d16d4d41da71,2018-05-10
cc523a6c97b639bed8ed02ec7b87165a,e927a26f459f582dd23bd6a8e55d623b,delivered,2017-07-17 18:26:42,2017-07-19 03:55:48,2017-07-20 14:07:30,2017-07-28 15:14:16,2017-08-10,82f62de596463538225a8797f7c950c4,2017-07-17
39fe0331a8d6ca0adba8a1436dc1e8e3,56d1b6246b3fafa142b06a6c8eee3f82,delivered,2017-04-08 17:31:09,2017-04-09 02:05:17,2017-04-10 14:18:54,2017-04-17 09:43:27,2017-05-04,bf1ec69e60782c906b030afeb823dbe4,2017-04-08
69013d19f8db4cd7dc9f3b5c2564a96f,9cf423929ed7f738fd0a0e88607a79fd,delivered,2017-05-15 14:56:34,2017-05-16 03:42:44,2017-05-16 15:45:27,2017-05-20 10:04:17,2017-05-26,148ebfb52d4a5061154ba922b0a0e935,2017-05-15
6ac8b4d925f3a65a8a954ac98704da31,169faf2a4e75be9497b1248261c78335,delivered,2017-06-27 10:53:25,2017-06-28 02:10:09,2017-06-28 15:34:35,2017-07-06 13:43:40,2017-07-21,74ecadd7be5375700695ed0b0c5dfd1c,2017-06-27
b2072c2ef2726db9126e404a9e486365,9cb835222ddb8c08eabd01323e8cb677,delivered,2017-12-23 11:00:33,2017-12-24 11:08:05,2017-12-26 17:52:12,2018-01-09 22:28:54,2018-01-29,989ff17eed965d5e5949b4d9a6f6af67,2017-12-23
bff5893b9060256be8fd7d7d01b556e3,c757530c4da46b073ec4585fac46554d,delivered,2018-08-08 09:34:24,2018-08-08 09:45:18,2018-08-08 10:21:00,2018-08-14 18:41:24,2018-08-21,1da711f9e39c5e80c145a5285cb4acdf,2018-08-08
69d3ec6fc241c9d0bbf66377805976e7,c111db6a4bc630eb729c18347fadedf6,delivered,2018-08-23 16:04:48,2018-08-25 02:45:27,2018-08-27 14:51:00,2018-08-29 15:58:33,2018-09-12,649e1c7dcd3e08f4b90658af0102b498,2018-08-23
b7dccfff8a209f34ea09e32b844a0c4e,ae1302fc2de112a6604e11ce53709471,delivered,2018-05-11 16:10:14,2018-05-11 16:31:37,2018-05-15 12:39:00,2018-05-16 14:08:01,2018-05-24,086f24c6c07040ab6a6383e1f4c37376,2018-05-11
2fc0b908e1bad9c0182c663a45cad564,36915d00033368251c305e66cf4a1745,delivered,2017-10-31 13:35:53,2017-10-31 13:50:09,2017-11-03 15:44:40,2017-11-08 19:26:58,2017-11-16,ead394416d4f85207932cc124eb145e2,2017-10-31
0e630c27c4c2e4919aa18c4861c86aaf,ced77c94b1a6a33116af270c9b4780d7,delivered,2018-08-16 14:21:35,2018-08-16 14:35:16,2018-08-24 14:03:00,2018-08-30 05:38:50,2018-09-13,7405e681e406d9a415ddd4e86f9bb3d6,2018-08-16
aa1a31ddc86a477540f194eed363ab1b,92d084f2607361acd17d75268f7947c5,delivered,2017-08-16 18:00:57,2017-08-16 19:25:07,2017-08-17 18:24:53,2017-08-25 19:14:53,2017-09-14,23a310556806efd399a4ce9a31efabf7,2017-08-16
361a8e5d36aa919ab0d8de09ee9a3013,d340117e9ad69c673dbb221037f7a0c8,delivered,2018-03-06 12:44:06,2018-03-06 13:09:34,2018-03-06 23:05:10,2018-03-09 19:22:17,2018-03-22,40ae26c8f592198f8cb41b22ec86e86e,2018-03-06
140ef097b98b5bb78c44c3e2cefadd72,500f39973ad79cf27ac3fe0d61dbaa9e,delivered,2017-11-10 18:13:40,2017-11-10 18:27:32,2017-11-17 14:48:46,2017-11-27 18:33:22,2017-11-30,4d2f0aa9ab21e80146cc657b6125b776,2017-11-10
54d48dcc8e5eb73b1f3f3f560fdaebec,a5c9b12d231eb4f71cca7a5a8feff095,delivered,2018-07-20 16:53:20,2018-07-20 17:05:12,2018-07-23 11:45:00,2018-07-27 23:48:28,2018-08-14,5a3b54ced0e209a899d0352364135bab,2018-07-20
be1abb3e53aa6d058bca807fb41cb36f,0500b8feb30eb920f67c3cf8b837aeaa,delivered,2018-02-16 19:30:29,2018-02-16 19:46:46,2018-02-17 18:04:08,2018-02-22 23:52:35,2018-03-08,19ece52c015fcedc860085c1e7f018cc,2018-02-16
a69be533137eff298fcc82d52bb95a2c,79afbd7b905f90ff5073077d073ce056,delivered,2017-07-16 17:00:46,2017-07-17 17:10:08,2017-07-18 19:08:05,2017-07-27 21:58:35,2017-08-10,840c9f2b3e272b3db17639de73dcccba,2017-07-16
e2922e8b9f001a01d138099b1b35f3e2,4cbdcc1abe4224d1c80802caff085d1b,delivered,2017-04-24 14:04:33,2017-04-24 14:15:28,2017-04-25 18:52:39,2017-05-05 15:12:32,2017-05-15,68700df6aa9a1763631c5f70d6ef64d1,2017-04-24
37151727c96ceda28bc5b0eb91a25867,163f01c01483608934a267b0dd53f36b,delivered,2018-08-04 19:56:18,2018-08-05 19:55:15,2018-08-06 15:29:00,2018-08-10 18:54:30,2018-08-13,9d5436ae02eadf36b1665cd72c23c03d,2018-08-04
b86cef4892346edbcea1de0da1f3b8af,477ba7008fa296dafcedb37b8bd9b702,delivered,2017-10-06 14:00:56,2017-10-06 14:14:12,2017-10-06 19:39:00,2017-10-18 02:39:00,2017-11-03,1b471ec7f01bd5bef08e633194f360f4,2017-10-06
56ca2955a23551796d37da2e384c7139,4149a12d879153e9dc86fcc2c18e58c1,delivered,2017-09-12 12:20:09,2017-09-12 12:30:17,2017-09-14 20:13:18,2017-09-21 21:24:24,2017-09-28,f609ef916e0bb82fcc4bf52880b1ca03,2017-09-12
2c757e77a76180de84c39b8afdcdcb72,a61d13deb7a717bec19cb03347937748,delivered,2018-08-14 16:18:52,2018-08-15 16:15:24,2018-08-16 15:12:00,2018-08-23 18:16:54,2018-09-28,cf20c5266fa8c3730147da060ac33b54,2018-08-14
b1746c7d13f52567b4cd6710249240c9,0ebf4ea5d562d47342359187bc4a1dd3,delivered,2017-07-14 14:04:02,2017-07-14 14:15:11,2017-07-17 16:35:27,2017-07-18 17:09:43,2017-07-27,daa7bbf7016cc30bf64f97d1db63e5e6,2017-07-14
a4d3d2773b4016fd346ced87e513885e,ce57fbcaf7237a39de9782ccea0c86ee,shipped,2017-09-29 23:32:10,2017-09-29 23:49:19,2017-10-02 21:42:34,,2017-10-17,5d3a18969f72078fc333a2af19e8b6f0,2017-09-29
fc04841c5f8cf27654d943a830d4d406,da6f92c0edaff5d147b17f05eabdef1b,delivered,2018-06-04 01:45:20,2018-06-04 02:10:00,2018-06-04 14:19:00,2018-06-11 20:40:48,2018-07-11,5980b203a36c933c512ab51a54f7f3c7,2018-06-04
b82cf5fe4911adae1a6d2c4b171ec237,edc6cc31523779d9c623c9669740324b,delivered,2018-06-29 21:56:38,2018-07-05 16:04:23,2018-07-04 12:24:00,2018-07-05 22:56:41,2018-07-19,f74edccf7b3e01058601d048c0e52323,2018-06-29
42fd45f1653ffbc35c96c7dee1fe0c59,6dda436a6c24b38419f2940e2f91dcf3,delivered,2017-12-28 10:42:23,2017-12-29 02:09:29,2018-01-04 21:53:00,2018-01-10 18:19:54,2018-01-23,b6183cb2198133603fb9651b048cb058,2017-12-28
4b03319a5a065c83d4fcc4f18f8cb257,52215d2772a786a11c64720063c7ac4f,canceled,2017-10-20 12:42:26,,,,2017-11-08,48a6084b7f77f89e384a733e209f3c98,2017-10-20
00eef7fe9e315a85d1a61a50cccb2494,db19e8cffbc71ab7e1c29a1d6e4935e0,delivered,2018-02-11 13:18:12,2018-02-11 13:28:18,2018-02-16 20:07:14,2018-02-24 18:45:00,2018-03-07,8ce353674a24c115d631c6207efd3e4d,2018-02-11
31f935babbc97f5990e0ffd128e19541,6e067aaac313f893bd40273d8d75027f,unavailable,2017-11-11 11:25:27,2017-11-11 11:35:31,,,2017-12-08,f9ac86b4993a6e2a48758cb47d808712,2017-11-11
1fe148272b3216d1704900d718e701bd,9125dbd39c45287dfab9207f3cb15075,delivered,2018-04-17 20:37:20,2018-04-18 20:32:41,2018-04-19 20:28:42,2018-05-02 19:26:48,2018-05-14,87070b00f89fa49dd0b01ff4bf075b8c,2018-04-17
faad6ca77667506aa6ca0fcb8a85e1c2,15f0a9d284218264647a2317760f06b6,delivered,2017-11-22 12:40:24,2017-11-22 12:48:58,2017-11-22 22:46:49,2017-11-29 18:59:01,2017-12-18,6b9d30792e67265429754fde7a3e8c80,2017-11-22
04c3bddd55df58e83123e3b174855489,cf45e9bc7544ba97a0db03c7c7bf63c9,delivered,2018-01-26 21:34:07,2018-01-26 21:58:36,2018-02-14 20:53:13,2018-03-01 19:07:36,2018-03-02,c4ebedb09beb89cc0314c5c0c33f8053,2018-01-26
a93febb45fcda82844c608e4c9fb56e9,696626f107879afb5e90ec50ad32d1e7,delivered,2018-04-23 20:28:09,2018-04-24 17:53:55,2018-04-25 12:24:00,2018-05-21 16:58:24,2018-05-24,597bac9bde67e2fcf6438d92d51aabaa,2018-04-23
28eaf054725f4dd3ce26c67682468831,7956134f6e5786ead5f57eaa7766d9b2,delivered,2017-08-04 15:25:18,2017-08-04 15:35:58,2017-08-08 22:18:54,2017-08-21 18:23:44,2017-08-28,eb27dcfb51778706a645883ca8d1dfe3,2017-08-04
023b49300b34f2b9961857266df731dc,0d0ce626603ca795728958e76c79785e,delivered,2017-09-21 09:58:40,2017-09-21 10:10:20,2017-09-21 21:40:06,2017-09-28 21:48:49,2017-10-19,0a5678ed49dceff3134508e58ef32740,2017-09-21
9100392359831349697f856cf248608c,bd11f3c31729c4783afae3c353a96d56,delivered,2017-06-08 11:33:22,2017-06-08 13:04:34,2017-06-09 09:36:15,2017-06-12 14:07:40,2017-06-26,2f4da4d9dd83d4cd1342b7bc81b0d810,2017-06-08
192280704cc4c1f82086c55f0622f09b,84078253c5f5620cfb1d3a9d08ecc582,delivered,2018-07-18 16:58:48,2018-07-18 17:10:09,2018-07-23 06:45:00,2018-07-30 17:19:48,2018-08-15,49e9462601934a7370db9721ac62f9ad,2018-07-18
5504a1a5092b8696eac00711644d4306,b2ff19f8f1820f92b022f5d33e0d198d,delivered,2017-09-04 08:08:29,2017-09-04 13:25:19,2017-09-05 14:40:27,2017-09-08 17:43:46,2017-09-25,d7fb410ce33db84828fa62bca8bfc654,2017-09-04
f2fe33e91924ce0b0182264712504584,3192b8d6493a72fa2b748cf450624408,delivered,2017-07-07 10:51:33,2017-07-07 11:03:42,2017-07-10 17:44:00,2017-07-20 20:15:31,2017-08-02,c3011c677962bdd216780c9197d666f7,2017-07-07
0512bcd90b810913b8177d5324c5ee0d,104ac7ecfe1fa7f15b2a635338e104fc,delivered,2017-06-22 16:28:38,2017-06-22 16:45:18,2017-06-23 10:57:29,2017-07-01 11:23:36,2017-07-18,e4bb330e4e0967e8cdd333d1e8b1df2f,2017-06-22
38f4a818aeb307590cee2478e61c9fa6,8fe02ad97529e52360d274bbe3d06a8a,delivered,2018-03-30 11:29:18,2018-03-30 12:15:12,2018-03-31 15:16:51,2018-04-10 01:16:48,2018-05-08,b17a7aa839204c0c08f0f84d21d72758,2018-03-30
ca138e5a2d186adc06a54ab83b40aeb0,495b631ac1b6d477a3e43700caf16c23,delivered,2018-04-16 15:24:09,2018-04-16 15:53:11,2018-04-17 22:12:38,2018-04-24 20:38:41,2018-05-14,7297eebf35cca926c8e495baaaa0f182,2018-04-16
04d49c33fa60bbc46ab8514d0811d0e3,9176004cfff177c805ac4a76bef471f4,delivered,2018-05-03 17:28:08,2018-05-03 17:54:12,2018-05-08 13:52:00,2018-05-17 18:36:43,2018-06-06,df9186bb707702970febf194eefa749c,2018-05-03
360fe51e261812665da126c17d01a390,94afa54fad4fddc084358789353fdc88,delivered,2017-04-25 19:42:32,2017-04-26 09:36:01,2017-04-26 12:16:52,2017-05-04 13:57:37,2017-05-16,30a8cca357635beaeb2409eb769c228b,2017-04-25
2edf4dbc4da7d9813d86079ebd0b7e7b,b074f6e7fdf21a8d46aa4bf20dd9f8bb,delivered,2018-01-17 12:20:21,2018-01-17 12:30:12,2018-01-19 19:52:10,2018-01-27 18:22:44,2018-02-14,dda16b5fbd31d2e26b7a634d97bfd799,2018-01-17
2fe2852de76ec325582d6cb9953e86fa,81ee76008781c1b3a72263621e06d5da,delivered,2018-08-13 18:15:19,2018-08-13 18:25:19,2018-08-14 10:53:00,2018-08-15 15:07:32,2018-09-12,aa7601db46d40e3f6a3a8a7d72797729,2018-08-13
53286d8c8661db85d83d2ceac0f41c53,aee29664d08a2f502eee98c9350dac41,delivered,2018-03-29 15:55:42,2018-03-29 21:07:55,2018-04-04 21:26:32,2018-04-11 22:26:47,2018-04-26,b12cdbd4b52e98994d02fa26a4d697d7,2018-03-29
b378d3979dc4d1d8bd701f93e8b7ce6a,da0ba1ed753b77d67d96cedbcd093500,delivered,2018-06-19 21:52:52,2018-06-19 22:16:00,2018-06-20 13:17:00,2018-06-29 21:46:38,2018-07-20,f23b4f09657d3db0dcad4daacf45e1e3,2018-06-19
ea6180f0dae5d1e801939463789f2c3a,94570722175144b52da7cc0222027784,delivered,2017-08-15 21:20:12,2017-08-15 23:24:40,2017-08-17 20:00:06,2017-08-25 16:41:47,2017-09-11,15a0aecc85156dffdb34db57da036877,2017-08-15
453e9cc0ba76d38f0fa1b213787a92e5,74a8537af1f43d8d358ea41bb4ace681,delivered,2018-06-29 19:41:56,2018-06-29 19:55:09,2018-07-10 12:25:00,2018-07-11 23:08:36,2018-07-16,2ba15b23711e33bb141eda0d982462d2,2018-06-29
d470773ec0c7713da0add7baed31ab29,6023afab790f2d759b4ff1fc7faf3882,delivered,2017-11-13 09:16:15,2017-11-13 09:30:32,2017-11-14 16:52:02,2017-11-22 20:21:51,2017-12-04,1659a530fa04582c8343cc08579555c3,2017-11-13
771e9bbd641d86a4ee75fe80bdf61d7b,c8146cb28fa1053e64b1d6ffaeef6d42,delivered,2018-06-13 13:00:21,2018-06-13 13:17:05,2018-06-13 12:00:00,2018-06-21 22:56:45,2018-07-17,a2c789924370b9d7cb3b8b16dee583ca,2018-06-13
03aba4d94f2bd838c0bb55be9d13b0f6,2daa54fc002886fa8a5deb96d1be1540,delivered,2017-12-24 20:14:44,2017-12-24 20:26:42,2017-12-28 19:14:17,2017-12-29 14:14:34,2018-01-15,8aae6a8c1eb71462555384d7021c8bca,2017-12-24
ae42e20515116ca9bf5a1e32e7ec53d9,bcfe3310d4b1fe18322d8bb586cf5f32,delivered,2017-11-21 15:19:36,2017-11-21 16:15:19,2017-12-14 11:35:16,2017-12-14 19:17:07,2017-12-01,b543b46ab6b83edd5986240a59e643b4,2017-11-21
ed323a60ad5ab8678d704d129b26628e,2afcc4c46893cd524b6a4634cabdf226,delivered,2018-04-19 12:37:50,2018-04-19 12:53:58,2018-04-24 22:12:16,2018-04-30 18:26:36,2018-05-24,8a4cddc3974dff18373cfdeebd89ee50,2018-04-19
0b7cb1c7ea62d95ba39702f4ae850108,2d618e470c95c9b425cbb0cbc42683dd,delivered,2018-04-10 18:21:13,2018-04-10 18:30:34,2018-04-12 21:11:51,2018-06-21 23:06:47,2018-05-21,f7d7fc0a59ef4363fdce6e3aa069d498,2018-04-10
1078d496cc6ab9a8e6f2be77abf5091b,d875d4a36905c7faf94195dd91f1101b,delivered,2018-02-21 14:02:24,2018-02-21 14:30:47,2018-02-22 18:59:16,2018-03-26 15:52:48,2018-03-15,7314e2017ab1883d59ccbc7318c4b3fc,2018-02-21
49aefd30af1b6402e41a7bbcedd42e9f,ab8083509d8b2f060c041b1808487ca3,delivered,2017-07-16 18:06:40,2017-07-16 18:23:00,2017-07-25 19:14:24,2017-08-08 10:46:46,2017-08-22,30d32bc0de4c96e6b3a2798e38de5c30,2017-07-16
6cc8ee95fa041110dc49df7e0a2e85b1,30fae2b7dc2ac59de3a6bbf85cdd9db7,delivered,2017-08-24 10:36:36,2017-08-24 10:50:39,2017-08-24 19:30:05,2017-08-28 20:19:31,2017-09-14,ed26fedad59154e7fc00cd7c1623d660,2017-08-24
2d4d374800502d278ecb156431fd1d59,d4b5658c4c22ce5d33be3d9c867d9b31,delivered,2018-04-06 22:01:55,2018-04-06 22:15:11,2018-04-09 15:22:09,2018-04-14 02:04:16,2018-04-30,d51e4b1432fda3f8c60d9f12cd8e1f3f,2018-04-06
c6981eae927738695c85c3528192c98b,c27394d633c742ecd944eff7d5e53b1d,delivered,2018-01-23 17:23:54,2018-01-23 17:38:26,2018-01-24 19:18:56,2018-01-29 17:05:40,2018-02-15,6832bd3ca1bf89c9e60bf3c91d846ec9,2018-01-23
dd4ca62b4abb4a5fe11f24d45b63eb79,d8df48f69b225702b91075434cebbf5c,delivered,2017-11-25 23:56:26,2017-11-27 23:50:00,2017-11-29 14:42:08,2017-12-15 04:22:46,2017-12-27,c7c19110042036e6266adc998cbf1289,2017-11-25
3a3946583c464f57913a9df9c134ba0f,5e73cb3ef5fd8f561bda55e9e69debbc,delivered,2018-06-05 16:25:19,2018-06-05 17:15:54,2018-06-12 15:37:00,2018-06-20 16:38:27,2018-07-12,46a67cc142be968cc7e809bf35130d74,2018-06-05
b5a892962efd7d07db86cf0eee45fdff,fc4ddaa89b9d278b397945a013b4781e,delivered,2018-07-07 15:02:05,2018-07-11 03:55:21,2018-07-11 11:51:00,2018-07-14 00:09:57,2018-07-26,d11b90709cded87584f177163d51bb02,2018-07-07
a2e3d71162779bb939a9e0a461226e64,21e800d6f32b170bdcc487cbaf5073e0,delivered,2018-07-04 19:34:35,2018-07-05 16:40:46,2018-07-06 09:25:00,2018-07-11 21:24:35,2018-07-18,b495d807ccbd38ea1be486a826c88008,2018-07-04
f14ffd28776719a57c5bbf16cce58dd4,f0a67330d461ab7c99fbb328e33cf54a,delivered,2017-07-06 11:13:08,2017-07-06 11:43:33,2017-07-06 14:24:17,2017-07-21 20:32:31,2017-08-01,7755736c6ba5ff50b147e9ffa22692ef,2017-07-06
fa42ca789329fe838b380b2dce4c0307,87ac0933b7f0201a64c8f04e34bdcfc3,delivered,2018-05-02 23:25:02,2018-05-03 00:50:16,2018-05-03 13:05:00,2018-05-16 18:56:57,2018-05-25,1df51bd235b45274c61b83765f41c50f,2018-05-02
d71ddeb3600f197986283a88b7d360ca,7c38e0023219a6589c20a892d51c5598,delivered,2018-05-16 21:23:39,2018-05-16 21:36:05,2018-05-22 13:55:00,2018-06-14 00:22:47,2018-06-04,6567ecb9d5b5a37f19bbeb5fb1972fef,2018-05-16
ea3e22446f2bda3a8433d3147b5486fc,e5312adbc717038bdeda3e2d57b34b05,delivered,2017-08-24 17:20:57,2017-08-24 17:35:20,2017-08-29 20:22:03,2017-09-01 18:32:45,2017-09-14,9b4280473c473c1258bbdb94d571de64,2017-08-24
9638bba289e3b496d7a5d6e30168844f,06dacbe0a1e05c1bca5d4dadd31ca4fa,delivered,2017-05-26 20:01:38,2017-05-26 20:15:16,2017-05-29 09:55:57,2017-06-01 04:32:15,2017-06-23,70ffa6734aa0f9882e8f6aec13de6b1e,2017-05-26
78c68db8e7034d43fdfa205630fe7826,f61cbaa6f1e966dc68180d028dfc6340,delivered,2018-08-05 04:43:04,2018-08-07 04:10:18,2018-08-09 14:50:00,2018-08-10 17:46:36,2018-08-13,82bb804b1ce4844e9fcb9be805767b97,2018-08-05
1d59c61853660f10d805ad65211e04f5,29bcc6018e7e63aac11194d6060b199d,delivered,2018-07-28 19:11:14,2018-07-31 04:05:55,2018-07-31 12:21:00,2018-08-08 16:55:41,2018-08-24,ee14a0f27c22f7cde8088164e2e0a776,2018-07-28
0a3bd18b5c5d505aedd969dbba6ff069,ec4fb4c598cdf9aed7a61bc47e21fe6a,delivered,2018-08-11 13:00:45,2018-08-11 13:10:15,2018-08-17 14:20:00,2018-08-21 00:04:04,2018-08-22,3aba191a5118822792b669b766403a3f,2018-08-11
36b5cc783d21a08a8a8f6cf537de2153,ed078a8771e5fe1d9b99bff595938736,delivered,2018-08-11 16:15:42,2018-08-11 16:25:10,2018-08-13 16:20:00,2018-08-21 18:08:42,2018-08-20,a24f17b8ba95624b0301d85ab9c897a9,2018-08-11
9446826a31cabe320b77ce398b32a40d,16f1aa8717863e1ca3f2b26a20dc577f,delivered,2018-05-14 13:46:07,2018-05-14 14:10:05,2018-05-14 15:53:00,2018-05-21 12:58:40,2018-06-08,e3f3bd612fca9ab1029f6e91d7028d9e,2018-05-14
6baca7e224a54a0323eb003e011c9b8a,2f7e0d9b02c05f440fea44dd6d81e8b4,delivered,2018-06-21 12:10:25,2018-06-21 12:40:49,2018-06-22 19:04:00,2018-06-25 17:50:47,2018-07-04,fe81bb32c243a86b2f86fbf053fe6140,2018-06-21
a891f3efca32da79bccc94e6e69fd3e0,3cd4a0885a09ba26dfb6e3095d113f58,delivered,2017-02-09 21:28:59,2017-02-09 21:43:13,2017-02-13 17:10:59,2017-02-17 14:52:09,2017-03-08,5006ff61ec2e6466a5eb0faefadbde6c,2017-02-09
1a6b9a764637acbc39e1624a2211f548,e43a8c4a2cacc15e45d6a73beb2ee7e8,delivered,2018-08-07 09:18:41,2018-08-08 03:30:22,2018-08-17 16:56:00,2018-08-23 20:48:46,2018-08-21,3e2662d873c55f390786c29319aaaeac,2018-08-07
0a3181424fe55b41f1f0d53150c6523f,44605cd64e453a25d31eb0dc3fc43246,delivered,2018-01-04 15:41:48,2018-01-04 15:51:24,2018-01-05 11:56:36,2018-01-10 21:17:25,2018-01-29,0f82ed73a2bbd1f8128b132a8decb111,2018-01-04
bd22679f67e770fe1a872d8d1b85f985,1d6f3ef21f84fb799b1b00d422c6c578,delivered,2018-03-23 02:36:09,2018-03-23 02:50:21,2018-03-23 19:46:51,2018-03-28 18:16:30,2018-04-06,689e1fbcab5bde81b581d99462c55405,2018-03-23
af4c6eae672d9b20d881b0ef961bee65,e28efbf584feac07e4fc74789999a8e6,shipped,2018-01-28 14:45:34,2018-01-30 04:31:09,2018-01-30 22:33:38,,2018-02-14,ac16af5a67d8afc81afb0bf511cd0ffb,2018-01-28
f274085054bdfe367afdee18bb4e5555,cf49127fb890ec00c88879a966b55071,delivered,2018-02-16 14:13:03,2018-02-16 14:27:32,2018-02-21 15:43:24,2018-02-22 16:45:47,2018-03-05,fc55cc53b529023f0c785f21e9b73137,2018-02-16
377921d7c0a75e0b9bb55f25539583e6,c752a2576a1e3722cb2332b927d4638a,delivered,2018-03-07 15:23:51,2018-03-07 15:35:32,2018-03-08 23:16:20,2018-03-15 00:58:40,2018-04-03,12c4baf4f1b678d493ea9e219addb862,2018-03-07
a11e41222432e59fbc925d094a9c0c5b,b716b4fd26635bc30cae5db546881d95,delivered,2018-02-09 01:11:05,2018-02-09 01:29:18,2018-02-09 15:13:50,2018-02-19 15:09:25,2018-02-23,c374c0aea41e41c4ead9275958d1e4eb,2018-02-09
504a90faaf31b2457b86f7179a6bd79e,24a3465f553df345791699ee057abbd4,delivered,2017-11-27 17:59:36,2017-11-27 18:12:06,2017-11-29 20:04:39,2017-12-13 11:54:52,2017-12-21,361de267d5e4671a387abe26d3b2ca32,2017-11-27
22e5a47d4f228d018d568af1d5c585b9,3f52be0f079cf8ccf2471bce5fc1c7f8,shipped,2018-04-04 21:44:26,2018-04-04 21:55:19,2018-04-05 20:21:54,,2018-05-07,426a9c4b189f4342ea12e7cc9d48a883,2018-04-04
99998ce3d95cbd85b91c471cab8db940,dfe71893a18391e8e6011db86672d067,delivered,2018-06-05 13:11:42,2018-06-05 14:31:21,2018-06-08 16:55:00,2018-06-14 16:06:45,2018-07-11,1aa1d421c7a6b0660230fd7cee0ab9f5,2018-06-05
3802047602d091427dee04863e71fe21,560fafcdfba360128c1d7ff8adef1bf7,delivered,2018-03-30 12:19:18,2018-04-02 15:50:19,2018-04-04 17:38:39,2018-04-13 19:18:40,2018-04-16,9e6fc65f490950a3f8855487b200069d,2018-03-30
a020d152ee29f0fef7ec9ee414a44318,c18371c9138f16ab28aec5d47d1b8d32,delivered,2018-01-16 09:40:46,2018-01-18 02:11:37,2018-01-18 22:04:25,2018-01-26 21:04:08,2018-01-31,f525ea95844284b57cfa8d6d31db613b,2018-01-16
d4ed3d242ba3c0082668360172454c65,b0c1002c1c2785950d4753721642b0be,delivered,2018-07-17 21:17:43,2018-07-18 18:03:13,2018-07-19 14:34:00,2018-07-20 20:28:48,2018-07-30,de23e1541a5e1a7b07a3ea983264cbe5,2018-07-17
5ff4c9b40ca89e41de1f71a26d088921,75cb24ca5c6c2fe6f65886b1164984c2,delivered,2017-05-19 22:00:52,2017-05-19 22:10:16,2017-05-26 08:02:53,2017-06-03 10:57:26,2017-06-01,bc7af253a16261e81b97c0e40ab9466f,2017-05-19
3f061223cd37b33b63b742cd2491d4f9,579ddf1469941870f4417ab3bab71c63,delivered,2018-06-15 22:37:04,2018-06-19 04:17:09,2018-06-19 13:15:00,2018-06-25 18:21:29,2018-07-13,c255fb1cc709f3bd44b01e103f6d5b4e,2018-06-15
bc69b5e9887af14f06d598b85ab607df,9e34ec8b56a283cbd0570abf24ea2e5f,delivered,2017-12-27 08:36:53,2017-12-27 08:46:58,2017-12-28 16:22:13,2018-01-09 17:35:07,2018-01-26,257296c7675330e1bf543f35d484034d,2017-12-27
8526252eba4c42a9b627db77f8ffcfe1,bc055e45589b741155daa6a4831abcd9,delivered,2017-02-21 20:00:15,2017-02-22 20:10:06,2017-03-03 09:41:59,2017-03-10 08:57:44,2017-03-24,0b40c5fdca0a59513655cfefc311aba5,2017-02-21
2688613ae3d2299ed6dfa709d64750b7,309a1beccf92e425e658cc2932b663ca,delivered,2017-06-19 19:37:52,2017-06-19 19:50:22,2017-06-23 11:15:56,2017-06-29 12:33:01,2017-07-13,f40eb5de6af3d4c70d1d351c66214920,2017-06-19
38535f25144db56a22c827fcb546a0f8,9c0f7d49135e022d18e0f0b9d5ac911b,delivered,2017-09-04 09:28:18,2017-09-04 09:44:23,2017-09-05 20:47:54,2017-09-13 22:34:10,2017-09-22,a66a58c9f96ad261d7ee59fd6007a713,2017-09-04
b458ffdf7369c1e76ef5ba66155886da,f3521c6dd56bd56fad9342c57bdb6b7d,delivered,2017-08-11 17:26:44,2017-08-11 17:43:50,2017-08-15 21:12:36,2017-08-21 17:17:55,2017-09-04,fbc6a43c55d022b0705eea269e3e940d,2017-08-11
7605fb11bdf1ddae6600da5b72db575f,2513f7a88af6fbd34c95f87f544cf8ed,delivered,2018-01-05 09:43:53,2018-01-05 09:51:31,2018-01-09 19:16:13,2018-01-26 23:09:41,2018-02-08,af58393da8984d7ef53fb1d50f08ee1a,2018-01-05
4ceb6d05f749bbbb67e5606aa2d16647,5cdcc9524616ddb4388642e9fbfb796c,delivered,2018-08-23 13:21:08,2018-08-25 02:35:16,2018-08-28 14:54:00,2018-08-29 16:54:47,2018-09-06,6f24c77a36d67a196068ae95cdd4e044,2018-08-23
5b04efc47b042c9734bf6d5a67be3b6d,28f681fea55229c3b5e12ef1950cd1c8,delivered,2018-01-11 11:36:29,2018-01-12 02:48:23,2018-01-15 16:44:51,2018-01-24 00:38:27,2018-02-07,96e0a3dc18eb70075aaebc344c88db27,2018-01-11
c96e714ca972a71e1e1b2c77c6cfea86,d9bb214d770804e006962de56667ef2e,delivered,2017-06-01 16:56:43,2017-06-01 17:05:18,2017-06-02 16:03:29,2017-06-05 11:12:09,2017-06-14,7a1f2bc29e2ffb2b473e330ad0f8d706,2017-06-01
4a202e4c5b6dfa7f2f5f18c5d760b837,68193f081e367d33cf19052c565c5e9c,delivered,2017-11-07 16:26:06,2017-11-09 13:07:23,2017-11-14 10:06:49,2017-11-22 23:12:48,2017-12-04,74aca8cba124970ec7b909d592bef175,2017-11-07
d675ff7bfc118fec4fd8b0d728c27cec,4fb36b6cb7d46f7c211711c19e6c8cdc,delivered,2018-03-13 12:30:59,2018-03-13 12:47:50,2018-03-13 21:38:49,2018-03-16 23:58:49,2018-04-13,f62c860473cbb51bca3cac597d7b4d27,2018-03-13
b77a3bce74a8c6dd5f8e4379bc880f1a,ae4e9cb78e4eb89324f0f49e2525daa4,delivered,2017-11-17 23:21:36,2017-11-17 23:35:23,2017-11-22 22:11:15,2017-11-25 16:12:03,2017-11-30,0e9bb8330cc5ad96c41c0204405d66dd,2017-11-17
6108337404ca19622b994a70db91126e,a89a6972a81ec273e8741420ad5361b4,delivered,2018-03-03 14:00:38,2018-03-06 03:49:40,2018-03-08 02:33:04,2018-03-23 18:13:36,2018-04-03,9c17c2ceffdc4134159c028fcba72db3,2018-03-03
f39dca700fa8e7f2ccbdf7a9c7f8af1e,d581a915ee9473823d90a53dc8f25a68,delivered,2018-04-22 19:58:22,2018-04-24 18:20:32,2018-04-25 14:35:00,2018-05-02 21:20:47,2018-05-16,e11ed0b7170254e7c2d797c445300e0b,2018-04-22
773091ea5794bbdf9e81ad2fde5f782c,36093bc2594cb63fc298650efa59b770,delivered,2017-08-22 13:29:48,2017-08-22 13:45:49,2017-08-23 18:40:07,2017-08-25 17:45:45,2017-09-18,c88b9680a18dbb8428a7a8873c5fc7ba,2017-08-22
d49f3ce01bf8ca94897ccf96b1e4f45c,0bee1a6846b1292a8a44f283aa013338,delivered,2017-09-12 22:13:19,2017-09-14 11:05:45,2017-09-15 15:55:10,2017-09-23 14:25:46,2017-09-29,339989a990e18a2a6ddf3e15563e8ab9,2017-09-12
14fdbdfb8a3c7657649abbc004c434c5,aeb0b15f3b0d8ca88635da3b08c1b28a,delivered,2017-11-20 23:34:26,2017-11-22 03:12:29,2017-11-22 22:03:39,2017-11-23 21:44:43,2017-12-13,b29bd5c2f25523fa4754d058fd513707,2017-11-20
1d1d126a9f21b890e676a7ca56b3b6fd,ed23a44887feffed401bc561af60ee33,delivered,2018-01-23 17:56:14,2018-01-23 18:16:38,2018-01-26 12:45:57,2018-01-30 21:16:54,2018-02-08,673e9bb82684aaf7f1886ccd78f22f30,2018-01-23
da46439d7d06cf02cb44d0908ecc3575,9ed6e75482bada0a5921948f38a7f1ee,delivered,2018-07-18 14:02:17,2018-07-20 04:43:17,2018-07-20 10:27:00,2018-07-25 23:38:33,2018-08-01,9423e765e1167f4c09a153f01ff569b0,2018-07-18
c803c517b7b4203209bc317a912728e4,6ed1ed99e026664b097bfd6e34234f6b,delivered,2017-10-25 16:05:38,2017-10-27 03:07:07,2017-10-27 13:28:15,2017-10-30 16:50:08,2017-11-07,91f9093d6cb2a6156a26d847b5c8c8c7,2017-10-25
ceb741915c1b919741702872a6da9853,b54819e96db553f368aa59390fffed54,delivered,2018-03-18 19:34:05,2018-03-18 19:47:48,2018-03-20 13:33:09,2018-04-03 19:18:23,2018-04-20,765962ecfe70e87de9353f4c6bf57747,2018-03-18
a62cea6420ca6b61d36c62aeb795858f,bda84ef94155536f779e792cd2a199c7,delivered,2018-03-01 15:42:39,2018-03-01 15:55:42,2018-03-02 16:45:04,2018-03-22 23:58:55,2018-03-29,2ccc06090421f27bd566fd6b4e7e074f,2018-03-01
44b218c956eb8b585056872617ba3577,98a0a36529eae71762c1f3c388b4ec61,delivered,2017-07-11 16:06:03,2017-07-12 15:05:16,2017-07-17 19:51:48,2017-08-08 18:17:35,2017-08-08,383c47b82574d1113e325073815708c9,2017-07-11
3c8bde97f0fa2a830b7ff6054369eef7,f85e2294dc95234e99ced45c8a540649,delivered,2018-01-16 11:16:50,2018-01-16 11:31:53,2018-01-16 21:58:41,2018-02-02 00:03:17,2018-02-06,0cb3c54b7090ff5a9df4a95ed5ff57e2,2018-01-16
14d45fea1c20e4fd5c31dde983344115,15e0d3225b56b33134b31c4d55edf796,delivered,2017-04-20 15:37:19,2017-04-20 15:50:12,2017-04-27 05:33:44,2017-05-02 23:39:45,2017-05-10,b5653aa179c080658d4c6aaa891838aa,2017-04-20
db4975029748a4fe3f218f5d62885918,43ab8d3c705c300d5f537ef557c91c19,delivered,2018-03-31 23:16:37,2018-04-03 05:28:03,2018-04-04 17:19:18,2018-04-21 01:14:34,2018-04-24,fed18cac60842f3e18f69218ee25a64a,2018-03-31
9cfee74db86dd5914edd7fdfd39559de,96cc1e89c75aad1dcc4493a2f5f5b23d,delivered,2018-01-03 13:19:28,2018-01-03 13:31:52,2018-01-03 20:42:10,2018-01-22 22:56:30,2018-02-07,37101b570138c62a0f9f2e0d5d59676f,2018-01-03
8e17072ec97ce29f0e1f111e598b0c85,9e29cde4ddb42f9330bcf3c9bc23d177,delivered,2018-03-31 15:08:21,2018-03-31 15:50:11,2018-04-03 15:58:24,2018-04-06 17:38:34,2018-05-04,66980c3775537536f77b434d74e520f5,2018-03-31
99ea7632d208206d6bdb4a77aa69f4fd,ff4cd1c0b5dbff2521ceb95243ab9fb0,delivered,2018-06-03 18:47:18,2018-06-04 18:50:34,2018-06-11 10:29:00,2018-06-12 22:05:50,2018-06-28,f9e5a8d9200d2b16ff3f1b5049dddfd2,2018-06-03
503c7d5d134281cbc25783a87057f690,ac3be1c7d1ff665931f887f4a1534c41,delivered,2018-06-15 08:34:15,2018-06-15 08:56:05,2018-06-15 14:09:00,2018-06-19 13:08:34,2018-07-17,2c6400dd311a8354224d264e98727311,2018-06-15
276c37d3aa8872a9e3f7858b0fefa062,181512b829112330394f0fc0985980fe,delivered,2017-06-06 23:25:38,2017-06-06 23:35:29,2017-06-08 13:50:16,2017-06-12 11:37:44,2017-06-27,53632e7fa0eba9f4b346d4bb93068fde,2017-06-06
a40c9f4f47639e167fa76a010ae10667,ca429fdcf514d6bec0c72ce1f4caf202,delivered,2018-07-01 20:27:10,2018-07-01 20:49:58,2018-07-03 12:28:00,2018-07-06 13:08:35,2018-08-13,ac1d29a2c43680ace999641384d41de8,2018-07-01
ea90d633d13ac21849cee301594b8a64,cde2d71e54a0bc0290fc52f99074a72b,delivered,2017-07-17 16:07:53,2017-07-17 16:23:01,2017-07-19 19:45:00,2017-08-01 17:53:20,2017-08-08,e2c87a07e54c863d60af789a9233bdb5,2017-07-17
8da1e39aa37872754d1e7b49299d6640,824e5cf114970042935600c0dc0c46de,delivered,2017-11-19 14:05:00,2017-11-19 14:15:22,2017-11-21 17:02:42,2017-12-01 21:09:30,2017-12-12,b0c4d159d144823807e39529959ea76f,2017-11-19
3f56a22363145eb59c7fb42254d3f345,f97344eb0871c942a01e27afbec92beb,delivered,2018-08-01 20:30:58,2018-08-01 20:44:08,2018-08-02 13:34:00,2018-08-14 11:40:46,2018-08-31,862b2c6ccf4352c087cd60cdac498b48,2018-08-01
ad9c2ef716b0f222cf7959efc8bac59c,b6a05996b3ea6ffd1c61f75085b37a25,delivered,2017-06-16 20:04:23,2017-06-16 20:15:17,2017-06-20 11:17:44,2017-06-29 15:02:41,2017-07-26,ed3216ee8043d69b14d7c21d848976b5,2017-06-16
5a1b38c5fdab4a0c42553ae02457159d,103cbbe2fce0fa4f691ee116695f2744,delivered,2017-12-13 09:48:00,2017-12-13 09:58:26,2017-12-13 21:49:01,2018-01-23 21:21:47,2018-01-10,9fc2f730e408821a607bf0680c47077d,2017-12-13
a137445b2ef43929329761dadf764f5a,40d48e816a2a1dba20bbc348941f03b7,delivered,2018-06-10 13:45:18,2018-06-10 13:55:20,2018-06-12 14:52:00,2018-06-26 01:38:47,2018-07-13,4f2942851db2a70c008b54fd9e970fa6,2018-06-10
72c2d35f7d08e990d781560fdbbfa563,b9de7d4d29e2f39cf47acb6cd6e2a7f2,delivered,2017-09-09 17:26:41,2017-09-09 17:50:49,2017-09-20 19:51:41,2017-10-06 21:15:02,2017-10-10,6b15a5281d879abe976b42a7cd9e3f2c,2017-09-09
9b4a1422c8b4e65d9ab330d8d32deddf,49f311ba3c66c63e7542a637655d4a2f,canceled,2017-07-09 18:18:03,2017-07-11 03:55:28,,,2017-07-28,84320fdb6a094f124ede160c4df879e1,2017-07-09
320ed62040e9d12e3d7cf4795e2b7df3,6360621c848fc2ca203c2b52db062206,delivered,2018-07-12 22:30:38,2018-07-12 22:43:56,2018-07-13 14:16:00,2018-08-13 21:44:20,2018-07-20,a0a10f7238c9efaf295eb56cdc738a6e,2018-07-12
9bc2713232fd2a0d9a8f20562a408b81,cef00a4eca97b9dcee901353a6f82071,delivered,2018-02-27 16:02:10,2018-02-27 16:15:38,2018-03-01 01:44:35,2018-03-14 22:52:17,2018-03-21,b7d6928d4ceeb65603d3e64b5df45197,2018-02-27
a7c6365fed8c291cfac8b74f173b7a4f,3141cc179ab3a6e43e197bcd74ea7e68,delivered,2018-07-24 07:36:00,2018-07-25 02:50:20,2018-07-25 14:54:00,2018-07-28 18:28:54,2018-08-01,6eb59f7b1132420bbca105d1fd5f74df,2018-07-24
ef7225456fcddb02cffc7c1a19cbd11b,780b5783edce35607f15b603426633c7,delivered,2018-04-17 22:23:31,2018-04-17 22:35:15,2018-04-20 21:28:54,2018-04-27 21:06:40,2018-05-10,7b86b77e78eed31eab0fc571a8f9228f,2018-04-17
9a4d55dfd3d1ff691330e78da74a6b12,8355da240d5a01c570937c295b38b779,delivered,2017-09-12 20:30:15,2017-09-12 20:45:12,2017-09-13 17:13:43,2017-09-25 17:50:13,2017-10-09,4260cbbc1f69e2d3d98e409f2918d5ce,2017-09-12
190cce77a8a1f436ff7bb2e684906449,788f18d093894d9e62d9470a250e6060,unavailable,2017-10-31 14:13:53,2017-10-31 14:31:30,,,2017-11-22,203989251ce8a6fecd148180a79f58b7,2017-10-31
c26b658f524a034377074e4bbf6cc236,ef4957ad9da3840bb7bbf2e0ebe181ff,delivered,2017-06-08 12:39:39,2017-06-08 13:11:04,2017-06-12 17:51:27,2017-06-19 15:04:20,2017-07-07,35db55585fcbe791032c24fbb9d09c18,2017-06-08
87df9743b232127b4f035bdd0a472850,6f62480457537c781eb271f9054890d1,delivered,2018-06-06 15:54:18,2018-06-06 16:14:32,2018-06-08 15:14:00,2018-06-15 12:59:55,2018-07-20,e0f506d786d1eebae7716936b4284b54,2018-06-06
2a63db5c526afb1ee1c53ef2ba5dad2c,95b4155db0f673fad4d9e793396e4bf0,delivered,2017-09-11 14:00:09,2017-09-11 14:23:36,2017-09-14 18:59:30,2017-10-05 17:28:44,2017-10-05,a996ed98f6398be2cd3fbd70284a6dd3,2017-09-11
f2c1000210dfbf33893aea78fd9d776c,ba89127c5ea50c5071899f1c2b5b71b0,delivered,2017-12-23 05:12:58,2017-12-23 05:29:42,2018-01-09 20:35:26,2018-01-12 01:36:12,2018-01-17,d821b0981be9795c42ff1b2dece149cb,2017-12-23
d1f5b7a6c6490911a99e25f6d27d459a,3ae0909507f3aff8f82173639d398da2,delivered,2018-03-11 21:09:39,2018-03-11 21:28:19,2018-03-17 00:18:44,2018-03-19 13:21:06,2018-03-22,8e10263abd88168e505592cc29f2fd82,2018-03-11
5c4c16f0db1537d3ef9e718f12dde7c4,f672ce127aaeccb53370920d3fbc7fef,delivered,2018-07-20 10:05:18,2018-07-20 11:05:19,2018-07-20 13:22:00,2018-07-26 00:18:27,2018-08-09,d62eca8bc07bc8eaa9d9257d14174732,2018-07-20
eebd0aa26d3536a69dad447ad462ff73,b00da73cee289d4da4290bb464674d77,delivered,2017-11-10 17:01:45,2017-11-10 17:10:45,2017-11-14 22:29:44,2017-11-17 12:21:53,2017-11-24,0efbafac5763c81539a072a0e2b1c27d,2017-11-10
308cbbff78b182dfef86b37c94f10205,faeff8520c09a95d7422d018c2029bc7,delivered,2018-06-03 10:40:05,2018-06-03 10:50:20,2018-06-04 15:12:00,2018-06-05 18:03:47,2018-06-28,5941ba7f91b519d195e16e34fcf61bac,2018-06-03
89484162f10c48a5cbccb77221419395,7dac3d4de500983168e1b1bca53be307,delivered,2017-01-27 11:34:09,2017-01-28 04:34:43,2017-01-31 13:59:16,2017-02-13 11:07:57,2017-03-24,351a33d3fc09554e07f3384309e31bd1,2017-01-27
909965523288fe78ac1a381314d6811c,ee5c7ad836529f8fb1f3db7a45114f38,delivered,2018-04-04 16:03:05,2018-04-04 16:28:26,2018-04-05 18:11:17,2018-05-02 16:41:32,2018-05-03,540dff3e8104eb36fc0da984c3ba1575,2018-04-04
881dbb4e5e7c4118f6958b3ef811ffe4,6d4479750803f07d57b65c8cf84d24eb,delivered,2017-09-04 19:01:18,2017-09-04 19:15:11,2017-09-05 16:05:53,2017-09-14 19:56:54,2017-09-25,bf70d74dbcba687e9cc3e0091c287002,2017-09-04
0124f01177fc17cf20e1974621fd759a,7fdbfe237a74f478ff41c54678f104ab,delivered,2017-05-13 14:03:25,2017-05-13 14:15:17,2017-05-15 14:02:32,2017-05-22 14:45:54,2017-06-02,3de8a3becddf5418bd75a3a695ebb6a3,2017-05-13
a7bf43f042e3cbaa32238547ec22b6ed,d4426e25fd43dbc0cb2fddf54c168719,delivered,2017-08-25 18:49:44,2017-08-29 04:44:42,2017-08-29 13:47:21,2017-08-31 13:56:38,2017-09-19,6059928162bc26ee4ab6f19bb3105d94,2017-08-25
48f748418f436ecce9310b169835b995,844a80df92c42e503068933d7cae4f70,delivered,2017-12-02 16:29:51,2017-12-02 16:58:53,2017-12-06 14:44:47,2017-12-13 22:08:05,2017-12-28,5d72c287eba3d7b411e814e9537492a4,2017-12-02
829c29b2306beafb02c306ffba041e8d,b2b247504d20b61cd474e775de587cff,delivered,2017-12-03 02:24:54,2017-12-03 02:48:30,2017-12-07 17:43:45,2017-12-08 22:26:51,2017-12-20,b55fb2799bf92225fc54fdb4cb7b82e2,2017-12-03
867f0c4784f36732024bc696739e400d,63a390d34a3ef3d0237df6b64d0d9b9a,delivered,2018-07-13 17:37:24,2018-07-14 17:30:15,2018-07-19 15:01:00,2018-07-27 17:32:13,2018-08-07,293e235518731d47009eb72fd9cbb2cd,2018-07-13
18972fa50ade81fa4f43586d2a26992f,4103444b93e4b7ed7adaf935ae18302b,delivered,2017-12-03 10:50:53,2017-12-03 11:13:22,2017-12-05 02:41:59,2017-12-08 18:38:41,2017-12-27,c79537b95b74778c729f8eb0c901f50c,2017-12-03
17f124568e4923bc842f832fe7fa758a,fac5d37372ed33c445aaee31a0be462f,delivered,2018-02-03 08:45:45,2018-02-06 05:31:55,2018-02-06 21:41:43,2018-03-09 18:32:27,2018-03-14,0e38c77c4ec12e3a37ff3a1331cf54e8,2018-02-03
fe550a071fd93fdf2ad73e26e878ea3d,2c2fada471b6383ccf74a3d333b26a4f,delivered,2017-10-31 12:21:22,2017-11-02 02:27:23,2017-11-07 00:37:27,2017-11-07 21:46:49,2017-11-21,df6d6ea015b45aacedc8cc1040784a0e,2017-10-31
d02b1845a40a0f3f58d0fbf2e04fb0d2,2830de8be97ce6732dfd4c307bc2f353,delivered,2017-11-11 23:02:16,2017-11-11 23:15:29,2017-11-14 20:12:03,2017-11-24 16:12:18,2017-11-27,d375c3a3a6bff030c08c6d4109b3f226,2017-11-11
fe64eabd5c2ee60296c45eba2835b9ef,9c92464b07b65abf271a90a21896bb92,delivered,2018-07-17 01:56:39,2018-07-17 02:10:07,2018-07-18 14:02:00,2018-07-26 13:28:53,2018-08-06,9f332d5645aea36f6cb2639598639dc7,2018-07-17
305c60efcc38cee62ca817de65418a13,61d3ef4b7ba001ec1b14d21c3699bba2,delivered,2018-04-27 22:33:40,2018-05-01 06:12:48,2018-05-02 10:19:00,2018-05-04 17:56:51,2018-05-11,ecb9584f5574a2e2479f2421b3892ad5,2018-04-27
9d37855b28af22217050bb2877da8d3e,8f2fca2a65ebb9180707648aed3f3e31,delivered,2018-06-16 21:46:42,2018-06-16 22:18:13,2018-06-19 10:27:00,2018-06-26 13:19:32,2018-07-20,6c2e4dbc3c117549d6dc5653b53a7f2c,2018-06-16
29704af83588033bed1de27af569ab14,82ddc239252e7bd61f6e32e8315311cd,delivered,2018-05-20 22:35:48,2018-05-22 08:16:00,2018-05-23 15:11:00,2018-06-01 19:18:43,2018-05-29,c1bf7314cf896b4f159f91dcba54ebd4,2018-05-20
a440318fc0b00f62bd45c052abf0837d,73b88cf201fda5ca2267c68e8f477a25,delivered,2018-07-31 18:30:33,2018-08-01 03:31:40,2018-08-01 18:01:00,2018-08-02 18:24:56,2018-08-03,4245e973fc511fc23bf9bfcef317f7d1,2018-07-31
e71de1319c64de74f70d18d1459d270d,2186cc784d9f14d554281e29f7a66362,delivered,2018-06-02 22:29:52,2018-06-02 22:51:08,2018-06-08 13:40:00,2018-06-14 01:08:33,2018-07-24,e8c90a5e8a2ff54b73ab2acd1207c407,2018-06-02
cb190fe473562c1202d36076a6769f87,650adb1f88debf292e06b74891d32e22,delivered,2017-12-03 02:01:18,2017-12-05 15:58:27,2017-12-12 21:34:33,2017-12-23 13:23:20,2018-01-02,ce7c016da2db9c0a9393435b421532c1,2017-12-03
f01ca5a374b654889d516741b4a39dcf,bab736fca197c16d48f8720536c8024d,delivered,2017-11-24 01:38:28,2017-11-24 01:50:43,2017-11-25 12:28:53,2017-12-05 22:12:47,2017-12-14,83c76475c52e94b39f6240b68ffec54a,2017-11-24
762ddaca284fa16755af5aeef88e55f6,fbbd3e227d94fedc7c8c51a381bb8e54,delivered,2018-07-31 23:31:44,2018-08-02 05:30:58,2018-08-02 15:05:00,2018-08-11 07:28:31,2018-08-29,ebfb476205d72cf03d96be920b4680bd,2018-07-31
a0f9d2f4fe6a25a06ee6888f635ba456,786d0ce7bc428e40238051866052f87f,delivered,2017-07-22 10:57:18,2017-07-22 11:10:13,2017-07-24 17:19:46,2017-07-27 18:32:44,2017-08-15,ba1f5ad17265433bf40d142786c2d5fa,2017-07-22
fed8de9095f81f4e708bfef1ea529424,dfeb499afeccbe255d81f5900fb20879,delivered,2017-05-03 20:29:17,2017-05-03 20:42:26,2017-05-04 09:08:04,2017-05-12 13:51:49,2017-06-01,88baa2a0a13e63c2e2b3ebc09595e4c8,2017-05-03
2356e9b211b952c07f32b7addb1250fa,e6c8f5799c9aed2e74ddffb90dfefa92,delivered,2017-10-30 13:28:30,2017-11-01 03:26:30,2017-11-03 20:51:41,2017-11-10 23:34:48,2017-11-27,defd12bce0026494f1da3b4ed5484d93,2017-10-30
a62edb6b5312cdc742089aa7c336718c,c2cccfa82f467cdc30aa4d6093522ae0,delivered,2018-07-02 18:35:06,2018-07-05 16:14:55,2018-07-05 12:42:00,2018-07-13 19:26:49,2018-08-07,96dfc24fc4a5c5884751dda26db4f8eb,2018-07-02
67dd2e254ae2086f8356d17425d41e07,75d97d4f099a7005bc9b6daa258052b7,delivered,2017-04-26 12:29:35,2017-04-26 13:10:26,2017-04-27 08:56:48,2017-05-05 14:13:45,2017-05-15,887d7b34a37a8a47a4c42ad1d905ebb9,2017-04-26
cc7b37be243e081241f0929776e0ff3e,759e55aef569d8052456f43b65cb9bda,delivered,2018-02-08 23:47:44,2018-02-09 00:07:48,2018-02-15 22:34:04,2018-02-25 11:16:44,2018-03-02,fb35ceaf4fc926eb1060690896bcd582,2018-02-08
b9f65a22c4594715663d2ad060df1b6c,b5bd3cedb6b90b5a177eab3116ff4336,delivered,2018-07-19 18:32:50,2018-07-19 18:43:10,2018-07-20 11:44:00,2018-07-30 19:19:32,2018-08-17,a864194c3b6f6af182c6c59543ad040e,2018-07-19
61fa8d2ee24cc80feecf24ec94c68e8f,3aa2c129bd23bcce61a0683c4460860b,delivered,2017-04-24 14:05:45,2017-04-26 09:36:19,2017-05-09 10:26:22,2017-05-15 07:59:38,2017-05-26,4a858d3e945b66b74a3b87cd245338a8,2017-04-24
9378b5fa3133e86bb44a365e66c24b03,5993719f0ba88317472998a2f277f4e6,delivered,2017-10-03 10:53:53,2017-10-04 10:56:28,2017-10-06 11:35:09,2017-10-30 17:39:06,2017-10-30,2dd1ecd66fec133eb82e992349dc9004,2017-10-03
cda0a53768d83bf2269db3cee554cb99,bc1e1a14cb213374020b2be96ecaa39c,delivered,2018-05-18 10:42:13,2018-05-18 12:31:40,2018-05-24 13:45:00,2018-06-05 20:24:38,2018-06-04,ca5062b6d3d0b87debf099a7a772033a,2018-05-18
63ed672e6186f743116b93ccbf6d48d0,3da11f84df61744175f32bd601e4e198,delivered,2017-10-10 00:45:51,2017-10-11 07:36:09,2017-10-16 18:20:18,2017-10-25 21:41:42,2017-11-03,92229a5aec9b0ce20826be85c841baa3,2017-10-10
d1fcbf740c2191cdbe2378522690d12e,6308a249dbdf1eff1cd3c4a91d619f7b,delivered,2018-06-26 11:20:44,2018-06-26 11:35:54,2018-07-06 11:18:00,2018-07-24 18:18:27,2018-07-27,44b49176f1aca9533b67f3eedab0b2de,2018-06-26
e8b64378ad79a0463f32ec53ecc00881,a598cec1f7490dc47a42850cd5aac87c,delivered,2017-09-17 22:05:13,2017-09-17 23:07:05,2017-09-19 13:42:21,2017-09-28 19:05:55,2017-10-03,06be2d25b98b45a0814bf403c25d2529,2017-09-17
fe994a77b800557e79c0e416391064c2,275085bc05e9616f77919c8ec50adb30,delivered,2017-12-21 14:26:30,2017-12-21 14:37:27,2018-01-03 10:08:10,2018-01-04 17:39:20,2018-01-10,6e7502bf4286bd57745a24a55b87d60d,2017-12-21
1d76e49bc59982b4110f8c084c0741f1,8a5564ca05a2ba9e0b7c6378dad7c6d6,delivered,2018-04-11 13:49:15,2018-04-11 14:10:44,2018-04-12 19:51:15,2018-04-19 19:34:25,2018-05-08,848fb7f23f5db4a39d2e724f1982f697,2018-04-11
3331a10d51b25b5beb65f0ff899ebd52,06bc346b52e0f4d7a18d99d63070bae8,delivered,2017-11-24 12:41:28,2017-11-24 14:53:45,2017-11-24 21:24:32,2017-12-06 23:47:46,2017-12-18,af8665eb9e654ac0af1876191661df06,2017-11-24
8d71917758ea476a2b1014f34c1f9005,4a2f0cf8a7e1153d38caf2106258cc5c,delivered,2018-07-31 20:34:58,2018-07-31 21:04:24,2018-08-01 13:31:00,2018-08-06 14:51:42,2018-08-15,c271a0ab0bdf96d027e9b00daafed0b5,2018-07-31
ffda7f88e6a571a9e73a0c9c778e606d,1ac4870458ef0396d390ffbf31cabd7a,delivered,2017-12-16 00:35:54,2017-12-18 01:31:47,2017-12-18 22:04:40,2017-12-28 18:56:47,2018-01-11,d5cff640378cfb03c9f1c0ef5e371cb6,2017-12-16
60058a96e9d74aba1c66b86edbd0535e,4db17e1523f559bb079fece8257b5c2a,delivered,2017-11-12 23:21:37,2017-11-13 23:31:12,2017-11-14 20:17:44,2017-12-03 16:05:38,2017-12-07,cfe336d6f2167891f034810c31fc651d,2017-11-12
6bf87f333bb4c71abe25df3afa79b3dd,7ce8328be37a31141dc350427d967caa,delivered,2017-12-19 09:50:23,2017-12-20 11:57:29,2017-12-21 17:37:19,2018-01-04 22:45:15,2018-01-22,5f0641152547099c6483cb01459c628a,2017-12-19
d7883101fd4d6a5b0dd411c2ec79d5ed,202751ac38938e0f517c43d3f0f83458,delivered,2018-06-19 10:11:16,2018-06-19 10:37:24,2018-06-19 14:46:00,2018-06-29 00:16:28,2018-07-16,6551775fe8fc9bd339483cdcf4ae51c0,2018-06-19
c762b7683314cc1cf880475f78aa3821,79c4c03824db69d2f61c1e8d8ec24443,delivered,2017-11-24 18:37:07,2017-11-24 21:38:39,2017-11-27 17:32:55,2017-12-07 00:59:03,2017-12-20,a9eea7a5378c9e9470bd18ce79750228,2017-11-24
01e662008f03009eb9b97f9333fcd6b4,bd13ebe5d7f8f2923430da33ffcf40ec,delivered,2018-06-30 10:04:41,2018-06-30 10:15:12,2018-07-03 08:38:00,2018-07-14 13:56:47,2018-07-20,3238c58997e72431e9e011b0cf7a8749,2018-06-30
353d20a8de2289ef1fd13c03c2b5651c,7e4826fbe61ad57724ef4db7ed3205fe,delivered,2018-02-22 14:07:07,2018-02-22 14:30:47,2018-02-26 15:46:55,2018-03-03 10:28:34,2018-03-14,a4ba794126cd79c19efcb6cf5e9803aa,2018-02-22
4cd9915def259f286fba7a886ed35cd5,7e24ee162f84c3f7150eff630eb46a48,delivered,2017-11-15 14:41:56,2017-11-16 14:47:43,2017-11-17 20:34:41,2017-11-23 20:54:37,2017-12-08,b4e66a3a7a315ad7cc7262fb5f38a176,2017-11-15
d251b81035d3fd507b708ce3c3cbb5d6,0d467715e924fa694838cd2fdf73658d,delivered,2017-07-18 17:32:51,2017-07-19 07:15:15,2017-07-19 17:37:55,2017-07-20 18:17:57,2017-07-31,0a703496b389e54c6fb8302c906d4c6a,2017-07-18
4b2c2cdff73eb561336756aa38e286d3,fa689a2e5dd5f3a3745cf1158e586c18,delivered,2018-03-07 09:30:33,2018-03-07 09:49:06,2018-03-09 02:58:37,2018-03-22 22:43:04,2018-04-03,08f041f800243ff79ecdea1d75f58519,2018-03-07
9cdf9fb8b53e82a2a63e2618f49dc28a,a3d1f8a6e8d708098fe416a1d62789e8,delivered,2018-03-02 07:45:13,2018-03-02 08:50:31,2018-03-02 18:05:56,2018-03-11 13:11:06,2018-04-03,b147e4f46166c93d165cca67341072ed,2018-03-02
b7944b4cf8652f861f981f38eaa1c8d1,c4ef60168a3671f95526b46f1d712774,delivered,2017-10-03 23:40:55,2017-10-03 23:56:14,2017-10-04 18:46:06,2017-10-13 20:24:58,2017-10-27,60c873016687408fb305ce3c30866420,2017-10-03
d3dbb7cf981cc1ab19fbe5e22afbfcf9,150bb6f1db03d143eaffd9a5e0f47008,delivered,2018-05-14 20:48:20,2018-05-14 21:18:33,2018-05-15 13:17:00,2018-05-16 18:37:02,2018-05-22,3a66a10ff67722d7781250b228f01202,2018-05-14
2d2d4e2aa4df8b00e751162c05be40e7,0c7c2c788608c5da62c9d1d0cfd7580e,delivered,2017-11-08 14:05:31,2017-11-08 14:15:41,2017-11-08 21:18:46,2017-11-13 22:07:58,2017-11-29,5999816ff1d56338745213b9965e5f29,2017-11-08
7eb822b8c02d5ca36317ccbc83e3fe89,065b42c4a97bf2c81e0e673786b9db32,delivered,2018-07-17 13:51:15,2018-07-17 14:05:14,2018-07-19 14:21:00,2018-07-25 00:12:57,2018-08-06,f74da3781060a5eb2ffb7d2620ddede8,2018-07-17
9f1e6ff8c7baef38bcdfa9b804b4c552,001f150aebb5d897f2059b0460c38449,delivered,2018-05-09 12:06:04,2018-05-09 12:31:06,2018-05-10 14:28:00,2018-05-17 17:14:22,2018-05-28,0f88eb431888ffb9d726252b7ac8cefe,2018-05-09
4018300cd8f4f33f0791e63dd085a089,1fc0f7cbe519bb5ed956596274e0c4a8,delivered,2018-04-23 21:24:09,2018-04-24 18:42:56,2018-04-27 13:10:00,2018-05-08 18:08:35,2018-05-18,610aec91da04d761a6a4fc6c7b9868fe,2018-04-23
15389fc860a5a2db39fd86b758b8e9ba,5374193558b2bf756bd14a31b5659964,delivered,2018-07-20 13:30:02,2018-07-20 14:05:17,2018-07-23 10:18:00,2018-07-27 19:08:33,2018-08-16,1f44054faaecb5ba43ca49625fb81767,2018-07-20
abba74619f268802c3e98234e1d2deac,b3fc16d081f666c06b424c822c7a0457,delivered,2018-04-02 22:54:33,2018-04-02 23:10:16,2018-04-04 13:42:46,2018-04-05 23:20:36,2018-04-13,cd94dd7a37a6160bf004a86f9d36765d,2018-04-02
edcc020b94ba865d7254269e6cdca99b,01a56495d1c8bcf831311f5ad7f126a1,delivered,2018-01-28 23:04:59,2018-01-28 23:18:27,2018-01-30 18:08:45,2018-02-02 00:55:36,2018-02-14,5733152cb1f37713b8dbe91142bcf91b,2018-01-28
d32f7844e64842d07dba6964b3494ada,9dcd0c06f64e138b42092ed82ffa8380,delivered,2018-07-19 06:58:59,2018-07-19 07:10:15,2018-07-20 14:14:00,2018-07-25 14:45:38,2018-07-27,f9b940ca7fbeae8bc4466ce7c659ae93,2018-07-19
a0dddffb69e48d83c22789bd03521a53,a633882e100f00c541853de8e44c29dc,delivered,2017-10-08 12:02:16,2017-10-08 12:14:21,2017-10-09 18:55:51,2017-10-14 01:37:49,2017-10-31,cd09d1be2d17afa5392b40eab3114377,2017-10-08
20a518e7fbb9f9dd62b7ff6016f28d10,924cfd87cd6e193de6f0f8ea64d3c78c,delivered,2017-09-02 08:30:14,2017-09-05 04:15:30,2017-09-06 13:17:03,2017-09-12 18:12:55,2017-09-25,7cbeb3b26200ff0b044810d637e54b3c,2017-09-02
083556b25c9ff2ecef87ad43b8d265cc,e8b7dff5642ed564e100b9a0bff241bc,delivered,2018-05-31 02:31:42,2018-05-31 02:55:28,2018-06-05 14:06:00,2018-06-13 00:28:43,2018-06-26,640a5c31186495bfdaa029841f3362bb,2018-05-31
9c78e72b5160190f45195d6ecf7875dc,699e9912d1a73f5886be955cdadc3b83,delivered,2018-08-08 17:09:38,2018-08-08 17:25:11,2018-08-24 13:40:00,2018-08-29 18:41:58,2018-08-23,2b2158c52c9993c93702e86b0e751b93,2018-08-08
36c5f3a78f376336e24d70aa62f73c7b,dbabafe68580d82f1cf47fa008a8e0ba,delivered,2017-06-13 20:02:30,2017-06-13 20:15:14,2017-06-21 18:17:50,2017-07-04 15:02:57,2017-07-10,0c3e0908ca85652d7b8c9545c50f0d59,2017-06-13
6113788590e7bcc9aa5b824b6ddad202,5753cf5ad40af12e11acc0f17362a3c1,delivered,2018-01-20 16:15:38,2018-01-20 16:40:17,2018-01-24 19:28:41,2018-02-14 21:57:14,2018-03-01,be26dd28fca0b183dc720697cf7e140d,2018-01-20
bcff2428bc8dfd4dc25021c9b39ac885,aac1849c00fda650e1a2bf4a80e3c64e,delivered,2018-04-27 22:45:06,2018-04-27 22:55:14,2018-04-30 09:22:00,2018-05-03 20:35:41,2018-05-11,966cbd5fe5cbeff17364470a69b4f16e,2018-04-27
59471e5f3a931a6b88ced311417896b4,29930c7777c92ade51cb983da38b64b7,delivered,2018-02-19 22:54:38,2018-02-20 00:06:48,2018-02-22 00:58:57,2018-03-15 23:33:21,2018-03-19,ce5e98ba22ef2d5452e92ee8a6e025d2,2018-02-19
c42d511bb52d7f195c92a0c973109976,b3cab9a0086123e90c68f748662d9fbc,delivered,2017-12-20 10:22:19,2017-12-22 02:38:49,2017-12-26 20:18:56,2018-01-10 21:08:09,2018-01-19,f5a9f076153fa5f192ecd4b0e293d645,2017-12-20
fbaf27e77414fafd620939df6eeb37f0,26c135a79b1c5728d80a4336b2a8d85a,delivered,2018-07-12 22:57:39,2018-07-13 22:55:18,2018-07-18 12:40:00,2018-07-23 18:21:44,2018-08-09,e696bc0676b60ff253ab9a4226dd354c,2018-07-12
e28fb6cbf050a8cde2b9af4ae94f3241,88bff74a663c907ffa8fba47dc1cdf28,unavailable,2017-07-11 15:34:36,2017-07-11 15:45:19,,,2017-07-31,0651e691ed9e201bf2ce26d40f93d739,2017-07-11
35a85be2e5f884a5672a0971158df8c3,121e027db9f262edc989af13e0bbda74,delivered,2017-09-08 15:35:41,2017-09-08 15:50:17,2017-09-11 16:35:20,2017-09-12 13:19:00,2017-09-20,7887f66354c9e29c389a2d220ac5786f,2017-09-08
ca7af64c0e6b1a6fc563832581a7c544,895edce5f11d005be5c28f6efe45d984,delivered,2017-12-16 22:16:03,2017-12-16 22:32:29,2017-12-18 21:22:50,2017-12-26 22:04:16,2018-01-23,331dd0cb0979575948609f15055a294c,2017-12-16
162c0e804b1b9563dd2c3b244e97c2db,c2d9dfaf21c7f698da9c54316a12d12a,delivered,2017-05-23 17:33:55,2017-05-25 03:02:44,2017-05-30 11:54:41,2017-06-05 14:15:46,2017-06-23,59d1cfd58ed06d41f21cddc4c761f9bb,2017-05-23
4966300fb3d0c9e8dba1bd5a62945df0,907a616e207e060168ce482e16d3d241,delivered,2017-06-28 19:31:07,2017-06-30 02:45:30,2017-06-30 15:13:28,2017-07-06 07:53:39,2017-07-19,0affd973ff7047918bf019d6012e5a4e,2017-06-28
85d42749c9d00c658c40e73f8e4d667b,5a243113bcf3f3cfd3708809dd8ee311,delivered,2018-03-02 11:07:48,2018-03-02 11:15:42,2018-03-06 22:06:35,2018-03-19 15:18:59,2018-03-14,d9e93817b666dcc2e615e90372038b4b,2018-03-02
3927ccce3a002f3ee410b40acac817b4,5d24073c1bf0ec4d86e3462f754bcdbe,delivered,2018-06-11 05:23:24,2018-06-13 02:18:50,2018-06-15 15:07:00,2018-06-18 15:17:22,2018-06-21,511a0ab9cca232b6917757c2363d125b,2018-06-11
955e98990e1c4029c87982539f3bfe93,2c056583727ec4c68cabb1bea72a9b27,delivered,2017-06-01 14:36:16,2017-06-02 14:42:51,2017-06-09 11:13:32,2017-06-10 07:49:36,2017-06-14,44f8def4cd4563e772cb964eb97ad730,2017-06-01
b637257e6e8de7e07b45462b712407a2,0f839c22264d2e9fb3d4b6a650daf524,delivered,2017-11-25 00:55:25,2017-11-28 03:21:41,2017-11-29 20:41:42,2017-12-19 18:38:45,2017-12-20,02fc5276df6dd1ff4901e5eb9efdbb92,2017-11-25
d587d9ba27c8eab0ace515d0b3476d67,da36582732f819652091bb58e1238e7f,delivered,2018-05-13 11:05:23,2018-05-13 11:15:11,2018-05-14 14:35:00,2018-05-16 15:15:29,2018-05-28,63bd37b6b254ea0ff94371f8e43d5c66,2018-05-13
42d15019c60a46495bef1e6d0e9b7ae8,04d53bddbbc6c607957ee304fbbf2a20,delivered,2017-09-21 16:10:00,2017-09-22 05:34:31,2017-09-22 18:35:17,2017-10-17 19:56:15,2017-10-25,6a76aaea8c801ce1685fda1501bce5c8,2017-09-21
b942bb8edd1c815cd011efcf4e05024e,e54e386e978265c8085bec7d77233d83,delivered,2017-02-02 11:23:17,2017-02-04 02:15:32,2017-02-07 08:55:41,2017-02-08 16:18:02,2017-02-27,9fb19f2ce91209d7b2b304cca8e2933f,2017-02-02
cc2e6cf82767599713d657cd5cf8b300,fb5a37c5751065b31f48a501d47eb1bc,delivered,2017-09-12 00:31:07,2017-09-12 00:44:04,2017-09-14 21:44:30,2017-09-26 19:23:30,2017-10-20,a560432116ab4d14c43564e6ea2cba7c,2017-09-12
511e4be65df785861758c6beaebf9221,4fb7ad5aa7a21ac65aae3f9d33e263b6,delivered,2017-08-18 17:12:07,2017-08-19 17:15:17,2017-08-22 19:18:04,2017-08-24 18:27:39,2017-08-31,f3daaaf785ec704843b9b89cd99fa204,2017-08-18
a5eedc7322bdedc26f0ae3106bb1d91e,bd15b60f0d3fee42ad0541be7c3086ad,delivered,2018-01-29 08:23:40,2018-01-29 08:39:52,2018-01-30 17:36:51,2018-02-04 12:32:52,2018-02-21,f8a1d7af40c431ddfbcedffccabd359d,2018-01-29
fd9cab205c6b8e485793804e2fdab6fc,5015b446c93382510a9e662ef293c54e,delivered,2018-03-26 10:11:45,2018-03-26 10:27:21,2018-03-27 01:14:34,2018-04-09 21:58:50,2018-04-12,8a0b86964fbc397870ec771b25a42243,2018-03-26
a9d12173450be22cabf7f56bfebc2565,ce40914475f12c24e87e57bca904be45,delivered,2017-09-18 00:18:29,2017-09-19 20:55:09,2017-09-21 15:52:48,2017-09-22 15:32:05,2017-09-29,b46ace6f12b26ad64443c557953aee62,2017-09-18
f6ef0c6575034b2fe19ec54a07aa3633,0667de33efbc52c6313bb98eae210182,delivered,2017-10-30 12:00:40,2017-10-30 12:15:18,2017-11-01 15:41:46,2017-11-10 23:27:59,2017-11-22,9aa61c2b9ef42b2fb25755acdf647dcc,2017-10-30
b4c11d342cf73a7e8bddf87f046751c4,60dcc6a84668c20c82cfa6a7ebfb3331,delivered,2017-10-03 08:26:06,2017-10-04 03:03:53,2017-10-04 15:53:04,2017-10-20 00:18:34,2017-10-25,2170f324dea64d2fb1b55a48987bc5a6,2017-10-03
7fd3cf60e6c81a64f2adc0e09d2dfdac,cf47b091281173221ad0467851d5f02a,delivered,2017-02-09 10:05:12,2017-02-09 10:15:19,2017-02-09 15:12:41,2017-02-13 09:47:38,2017-03-10,4f24d302b7c54fe31fbbfdcf6ef9ff39,2017-02-09
c1c21cae98ee61e65524445ce418f9d9,a05bf873cd5ed57ee6e368f2c9b8b2a7,delivered,2018-05-10 20:21:34,2018-05-10 20:35:20,2018-05-19 07:53:00,2018-06-08 19:36:54,2018-06-04,eadc554b473108f5df8c222e1a5eef12,2018-05-10
f33055eae7eb03e8cc24bd135afe80f1,d134fb2706c33e5677f2f9995014dae4,delivered,2017-12-08 10:23:31,2017-12-08 10:33:36,2017-12-09 13:18:59,2017-12-16 01:19:37,2018-01-05,4632dbad4b2e181ac7ae9aff0118a80f,2017-12-08
18dc026cdb7d39abde1489c336528961,84da83b05464fcc3d5b4e16cbc2f724e,delivered,2018-06-29 09:55:42,2018-06-30 02:52:28,2018-07-03 15:18:00,2018-07-12 18:59:38,2018-08-02,7294e46df3e335f4c5ab90bba50b8e15,2018-06-29
59e620de44dd8540fc9e5c40d5e4ff71,9178cabd7df6d4cb5a328a79f0106814,delivered,2017-08-21 16:46:51,2017-08-21 17:06:22,2017-08-22 19:38:46,2017-08-31 20:24:22,2017-09-19,8fd4d2ad2c76d13346ad43b3222fcea0,2017-08-21
d6a6ab6b5f102f746569eb2c620e8be6,afa7ea93b6c193ba748e3c5a8c4a47aa,delivered,2018-02-15 19:12:14,2018-02-15 19:30:33,2018-02-17 01:33:30,2018-03-26 17:08:42,2018-03-08,e5b6fb6c5e7e4adc25a5e400c0104508,2018-02-15
3ab974ac744bd19a111d5e19f0a90649,b0763465f38496accca2bc069ce6ef4d,delivered,2017-10-04 08:17:30,2017-10-04 08:28:25,2017-10-06 15:48:14,2017-10-17 17:22:34,2017-11-07,5ee1a7e84a17bcddc784977557a7a186,2017-10-04
a521e134bbecc7830c49d1c582630bd9,62390fcc09fa729d6cabebb462059cd6,delivered,2018-04-17 11:00:35,2018-04-19 02:35:12,2018-04-19 17:16:29,2018-04-20 18:02:09,2018-05-02,26b7455785ecfd6291fffb27e060e3ff,2018-04-17
e271f030943591ad904d1c1ffdfe2a1f,db78f6bbd64027a4147d3f8e050c1dc7,delivered,2018-01-16 15:12:37,2018-01-16 15:31:17,2018-01-17 20:27:10,2018-01-23 23:07:05,2018-02-07,a612031b7c0dc1e14a9f25e63a4d96dc,2018-01-16
186e57039f508947e4bdc91cf933b1bf,8a4877a821475465e14616e1bdcfdfe7,delivered,2017-10-16 22:19:11,2017-10-16 22:36:43,2017-10-18 22:21:54,2017-10-26 18:57:22,2017-11-13,c550705284a6b10b8b2c2e6c40e90580,2017-10-16
6912d1d57c7485dabdb724880c18671e,71c9eb6d4ab7aa0f41ddc13c81ca0b02,delivered,2017-11-14 11:44:27,2017-11-14 11:55:23,2017-11-17 17:32:54,2017-11-18 16:15:38,2017-11-28,965d702887d6f19ee2447de45bb1eead,2017-11-14
73628c6d02ed8f6134d9752cd7b83c2a,062e59339246c68be51348578038f24e,unavailable,2018-02-14 11:05:31,2018-02-14 11:15:25,,,2018-03-13,0a5fab743da859b3f10a409bbb132a5a,2018-02-14
65a8188ac159451144d490db3a0909c9,db263d191d50a3d0cd4d10864b963d37,delivered,2018-02-27 14:01:42,2018-02-27 14:15:37,2018-03-06 19:58:36,2018-04-11 16:02:54,2018-04-12,5a59c21b5c231910b7ad65a00887585e,2018-02-27
c7542fde3bde68f0e33ef8e8674a86f4,b07c3929ae65f2ea90a36681f8a16c5e,delivered,2017-02-27 09:17:19,2017-02-27 09:25:17,2017-03-01 10:55:28,2017-03-03 11:54:03,2017-03-24,a33660e35405979c9a4203334d26b8df,2017-02-27
d8bf59eb5386f2c3d82cfa4ced3c6183,ecdb04ab71b746dfc341eba4f70fe64f,delivered,2017-08-14 11:09:27,2017-08-14 13:31:44,2017-08-16 18:09:36,2017-08-22 16:45:00,2017-09-01,27891f64aa89e1e7a933b2862b583ee4,2017-08-14
0a4480a7856cae897440eb7229b25252,9b9a9d852b98e8d9cad5a35caedb2ad1,delivered,2018-07-29 11:04:17,2018-07-29 11:40:06,2018-07-30 13:11:00,2018-08-01 14:18:40,2018-08-07,6475f2400dbb12665847b9e998268923,2018-07-29
c34a43c027fa7de5cb6c02735ada2ffd,3b05fca1080c0c66f1aaa13dfbbc82ea,delivered,2018-02-03 14:20:05,2018-02-03 14:30:27,2018-02-06 00:24:43,2018-02-15 23:07:42,2018-03-01,4307ca57b237ef2790e2a99ebcf3c7db,2018-02-03
e25807c302f12f78b5475f30d0367561,8a1de9db994adf4e7cf5976b56f45d6c,delivered,2017-06-12 11:21:37,2017-06-13 05:05:14,2017-06-13 15:26:44,2017-06-26 18:21:51,2017-07-05,98cab91ef25ac6f839e6161474e95f39,2017-06-12
fa086b521df2d133df67f2883eadad21,9caa332e9ac57ca2890311da96f7aa2a,delivered,2017-05-03 22:47:52,2017-05-03 23:02:44,2017-05-15 07:35:54,2017-05-26 09:46:29,2017-05-24,9449a18f38a903c92c31b474162fdfd6,2017-05-03
a71c265fe6df02962e2af3df997db3f7,6d23ead2840b2bcaa51e07c0e7b900cc,delivered,2017-06-26 07:02:41,2017-06-26 10:32:34,2017-06-29 05:37:34,2017-07-10 13:17:45,2017-07-18,93aff4c7cdedbd2aa4315a3abde11244,2017-06-26
8eb6cb6eb895e7fd9824cb6a22c2a14c,56218014cbd9f15824fda8c44533a4e7,delivered,2017-05-31 22:00:11,2017-05-31 22:10:23,2017-06-01 16:53:54,2017-06-07 13:14:40,2017-06-23,5b6e68ebac0e972a475e981f3bf5f7d2,2017-05-31
3d9abdc4ac32816e70bf662530c5c652,e363728cfe8db433859c05ae2ca518f4,delivered,2017-06-18 11:16:12,2017-06-18 11:25:19,2017-06-19 16:42:20,2017-06-26 11:06:50,2017-07-07,5008510088b7b108942cab935e55747d,2017-06-18
2228de938a229c135ae3bd0bf71a128c,55ee15dd218c486567a23a1418983f90,delivered,2018-04-13 09:43:24,2018-04-14 02:13:45,2018-04-19 22:45:48,2018-04-27 23:25:35,2018-05-14,9e2ff0c00231a5708365202391fc83d9,2018-04-13
ffb6d09223ffb2220329254f3f706059,52948975a1c8e2ec193e83fba7d4d091,delivered,2018-04-22 20:32:00,2018-04-24 18:57:21,2018-04-24 19:18:41,2018-04-27 20:48:52,2018-05-14,313fc07d700930f4fbb8c08c5f5ebc20,2018-04-22
d33982acfe99b8e0b0383c2ce8ae19bf,6ef09d39e91a32898a1904257ed64b96,delivered,2017-07-01 12:02:13,2017-07-01 12:15:13,2017-07-04 12:22:07,2017-07-08 12:16:49,2017-07-14,59deaa85810b3c3af6536e02d782a90c,2017-07-01
d62c659d70b5d48e0533f60fc47d6791,e7556bb00ab4ae30b6cab3df2f2172b6,delivered,2018-05-13 22:18:52,2018-05-15 04:52:39,2018-05-15 13:01:00,2018-05-22 19:24:45,2018-05-30,b7a035bbaa15467c17b1a94adc820913,2018-05-13
ad4e4232930ccc325c9ff5017caf7486,102c48b599ff7da4b63280347fb40de4,delivered,2017-07-04 14:43:58,2017-07-04 14:55:18,2017-07-06 14:08:03,2017-07-10 18:32:07,2017-07-25,20ae758fb6688386d9d1540f63d380e0,2017-07-04
3aa9ae345c5bf7396e8b237717c470cf,d14ec9b10324e4132ee110e8012e7dde,delivered,2017-01-17 22:34:59,2017-01-17 22:45:15,2017-01-26 08:08:31,2017-02-01 16:48:47,2017-02-23,1c81d0cd06e55c6c1b9a353a32a94c33,2017-01-17
95606e8113c2e8087c09cffe458fbf82,ac3d7f758530a079398af1d277f48d22,delivered,2017-05-16 10:15:30,2017-05-16 10:25:16,2017-05-17 09:32:15,2017-05-25 14:33:13,2017-06-08,c6f1615b629142d8ebc815ac300bc854,2017-05-16
3a1ce8f7e9dfdcc0446a9f29f1457f52,06bb4664cc9f34e9b19b75cefeefbc73,delivered,2018-08-12 17:46:39,2018-08-12 17:55:15,2018-08-15 13:54:00,2018-08-20 22:56:38,2018-08-31,622e721871c74d33f43798ca536cb973,2018-08-12
c15a3ce7617aeffb3bfed1f6340d66e7,c3251a68f1a4b3225f7f861a5693fa49,delivered,2018-04-08 19:09:35,2018-04-08 19:30:11,2018-04-11 22:12:21,2018-04-14 13:53:21,2018-04-24,dbc19912d7a5ce777b71178146f803f8,2018-04-08
177f9e393eed9cbf21f8dee4e2d5903f,8189dee099d3a2b72eb21271c86bb794,delivered,2017-11-05 18:39:09,2017-11-05 18:51:15,2017-11-07 14:13:52,2017-11-15 17:28:41,2017-11-29,eab55d94c67aaf17eb72cc436a269711,2017-11-05
590fcec4757400bd9242620948a437b7,e5496e9232052f1429e8c4f5cb0a51ed,delivered,2017-06-05 12:39:44,2017-06-05 13:42:24,2017-06-08 07:48:44,2017-06-19 13:29:29,2017-06-28,4e96188d9e374977d1dabe68d5dbfcb3,2017-06-05
fc771479e2cf9914989d97b1bd35324c,ca8d468d12c89ef503a2878310ce588e,delivered,2017-11-01 11:28:19,2017-11-03 12:15:27,2017-11-04 13:17:49,2017-11-09 17:58:03,2017-11-24,d32b8ac3cc18fb9f8430e8bb907b3078,2017-11-01
5e88a98f84fa08ba20d93f2f900eb73d,36610b67ad500c5ae72b6becd19703fe,delivered,2018-01-24 10:21:58,2018-01-25 02:57:25,2018-01-30 16:42:29,2018-02-06 21:12:07,2018-02-21,ef6d43b3ceee29f784c07fca3ff27d71,2018-01-24
6eb436e1a42af6f8b731fc54576181a5,5a96ef8103ed640c565b1cb9c2ac290d,delivered,2018-02-16 14:20:39,2018-02-16 14:35:24,2018-02-21 18:28:53,2018-03-05 20:28:35,2018-03-08,8cec3ca20d5d56eeb3587b4411cfbe0e,2018-02-16
5e2c1da37a5a687a068bce41d8b56904,9c0d915161e62f50f04235c9fafce51b,delivered,2017-08-11 20:03:54,2017-08-11 20:23:28,2017-08-17 16:03:46,2017-08-22 18:54:05,2017-08-31,6e135ee2582e4594c3bb59e831e86d73,2017-08-11
2ee2631a54a882833dda5690c0889eb1,d7f5421c5c892e0d3458b51958d7b286,delivered,2017-03-26 19:09:37,2017-03-26 19:22:41,2017-03-27 12:29:40,2017-03-29 13:27:33,2017-04-13,f2ed8c7462dbf4cc50d62db25b369cf0,2017-03-26
d79983d40a8d093d5e2a1b7cdc2d1741,97c8388c8979c4a2c4916a0f840a512f,delivered,2017-11-24 22:17:39,2017-11-25 01:14:15,2017-12-01 22:47:54,2017-12-08 15:21:56,2017-12-14,d032916d94b1b93cd871fe9e460bf5dd,2017-11-24
b5d8d7cbeb2f9b41a2dfb63388c7488a,75eca282d67536cc800486bdd225b0d6,delivered,2017-09-09 15:51:53,2017-09-12 04:45:41,2017-09-14 13:57:50,2017-09-15 11:26:31,2017-09-25,67466b5877fad6f2279c1fb634c9aa5c,2017-09-09
40bdd1ba5a9602677ba0603dfb0a659a,84a22b3c70a45448e31515cd1b42a88e,delivered,2017-10-10 11:10:25,2017-10-11 16:49:23,2017-10-18 16:20:06,2017-10-19 16:51:52,2017-10-23,aa0f03153aa5d8faf1e1a4ce5a202396,2017-10-10
be46fc2896fdd32b6e696f7fe8fe8482,2bed03fb5ad65fde6b94560ae5713c0d,delivered,2017-02-02 20:01:48,2017-02-02 20:10:20,2017-02-03 14:17:47,2017-02-17 08:08:43,2017-03-13,f6e5b2487d450b31563ed9f1050c7a76,2017-02-02
38930f76efb00b138f4d632e4d557341,0f9043c635f86f7eb1e8fc07704df303,delivered,2018-01-28 13:47:42,2018-01-28 14:00:18,2018-02-02 01:42:30,2018-02-08 19:21:39,2018-04-27,71bcc66aaf2b570823d097292d8abea9,2018-01-28
7fd341d7df58f6cdce68f57bddbc6286,0ece718a05ddb979db9231239c99bb8a,delivered,2017-06-29 10:17:01,2017-06-29 10:30:13,2017-06-29 14:54:36,2017-07-07 17:02:41,2017-07-19,b30be1a65c6d6a9e6b1447e05048a520,2017-06-29
793313d521603b9c7030e6bc60f6c692,363f600ee23c788a5ede814c34bb97c0,delivered,2018-04-01 18:19:53,2018-04-03 05:28:00,2018-04-03 19:41:25,2018-04-09 11:19:49,2018-04-18,08e5461c0b53fb083f56f9d45a15e12e,2018-04-01
e3fcb3845afed436e7e07959cd3f0fdd,9bf500f87a631229e8da6df0d7bfab90,delivered,2017-12-13 12:46:45,2017-12-15 02:16:14,2017-12-15 22:58:44,2017-12-16 14:20:43,2018-01-02,06cc6c8978803b38a4ea38013f53ea6b,2017-12-13
bff9bf477ce043ff4e51e929fece6d55,584a431c7de9d7fece6d188794b6fb9e,delivered,2017-08-24 09:43:06,2017-08-24 09:55:19,2017-08-24 21:23:51,2017-08-28 21:09:58,2017-09-18,511901ee4553eee1c4c4be064a95aeb6,2017-08-24
09357f9fdde223052006f3bae0367a29,bb61dd665fdad27f2cd99dbc0d3f34f0,delivered,2018-04-28 20:03:25,2018-04-28 20:15:18,2018-05-02 15:15:00,2018-05-24 13:12:41,2018-06-04,851b332d79a4f03f4d69f3605db222cb,2018-04-28
268611f7d2f0106b616e88e532e05a2b,f564999c9ed6db59430410f9472c8bba,delivered,2017-11-24 03:30:42,2017-11-25 07:50:30,2017-11-27 15:58:13,2017-12-09 15:42:43,2017-12-14,aac46148455c5cec5aa879c45135bf7d,2017-11-24
11c6249a453b91a302ef9dc1946f737d,04fb6473ae3a533427a4d828d6f7ce7c,delivered,2018-07-05 01:41:59,2018-07-05 16:23:09,2018-07-11 14:48:00,2018-07-12 22:15:43,2018-07-20,a9bb3ebac599d7788bd7537650557039,2018-07-05
4493ce8729200aed0eca9d3ae8bcc57c,fdb7c8642c7871242f295fde2b25bad6,unavailable,2017-02-02 10:43:43,2017-02-02 10:50:18,,,2017-03-13,e9bd60258117342273c84198e732b955,2017-02-02
d192eacb35dd2f0aa30709fe7560ee4a,e5867bb6374f11c018bea8a8d1246c6d,delivered,2017-10-15 21:01:13,2017-10-15 21:14:17,2017-10-17 21:59:05,2017-10-31 18:16:01,2017-11-13,9a4ae531d8d3d971d4c18a599afe2ca6,2017-10-15
4cea4082bde3d6f0846e8a5537f3eeb4,8b70e14114ad1b6f5050481b48c24a24,delivered,2017-12-10 16:03:23,2017-12-10 16:13:19,2017-12-11 21:18:12,2017-12-13 16:47:05,2017-12-28,ad9f17317092cd1f0c69407fe5e2107d,2017-12-10
3cb894b9d2fb0fa0ba040e556b246c07,a06524fca9b83c46872086690bd3ba2b,delivered,2017-08-23 09:27:23,2017-08-24 03:05:42,2017-08-24 13:47:05,2017-08-30 18:48:35,2017-09-19,0cfd915db480acd7d9a954409cabfb1c,2017-08-23
4aaa7913ae2e01354746761242815566,802868e9b5a5edaaa3abd1f4c28f749c,delivered,2017-08-20 21:13:00,2017-08-22 03:45:27,2017-08-22 18:34:10,2017-08-28 22:54:56,2017-09-20,7a5915d3f9d524a8df5ffd2ea3d8a308,2017-08-20
51725d3e4bdfc97e28b40543310da8a3,a0f95ab56c6d3a5ba0036b7fdfeda07f,delivered,2016-10-04 15:02:53,2016-10-05 17:06:51,2016-10-09 17:06:52,2016-10-26 13:21:41,2016-11-28,a9530b74fe56ca4be9e5f2c7e7c4175a,2016-10-04
0b1bb6f28394acad8dac5b3f4e2a28c0,303d2eb8b98b4a19a0de6baa132923af,delivered,2018-01-22 19:57:24,2018-01-23 18:16:23,2018-01-24 23:32:08,2018-01-29 14:08:58,2018-02-23,bc50fd53934626afd20ddcf5bcd3c684,2018-01-22
27d9557d8fa3dbdc0c64911fe231fdb7,681a1b18b795db24cb60bdd5c03d31b3,delivered,2017-07-29 13:14:01,2017-07-29 13:30:09,2017-08-01 20:19:45,2017-08-17 16:40:28,2017-09-01,76b8536235f243eb1c1ff94bcc816404,2017-07-29
7b21dc72af6d0de45bdd249a637710a1,8f1471ec4f4620be6659239dc9b8a47c,delivered,2018-01-26 16:34:04,2018-01-30 04:31:07,2018-01-30 21:37:01,2018-02-05 12:45:07,2018-02-20,c2d1e7d0b5c738044ddb4ddb0ed1a16f,2018-01-26
ff31038b08d729b14c0f7e206f0c85bc,5c002bfbccc8e37bf8ae4cc6ee679f45,delivered,2018-02-06 22:12:27,2018-02-06 22:31:30,2018-02-08 19:47:43,2018-02-16 17:29:14,2018-03-07,532a5b6ce6ffba5533e6955d43bfa8e8,2018-02-06
18bf6d7136b7e8ac817dc22f36ecbbd5,d48c522e3a65a2639c2b3a0fc9b83712,delivered,2017-11-29 14:07:51,2017-11-30 02:25:10,2017-12-01 19:44:53,2017-12-27 23:43:21,2017-12-26,acb53107044b53b7296cc1f2e4f73c5e,2017-11-29
047ea1a58aad923c2c108eafa2c28192,55ff194b4d155d1922986019aedb8933,delivered,2018-07-01 09:19:30,2018-07-05 16:05:43,2018-07-03 13:34:00,2018-07-11 21:32:28,2018-08-01,24131c6b3a459f16b8c293562e54b4da,2018-07-01
472a3f46db7801d68e2bee1628b82828,ee3b567adf63ca8540edb0337fa8bd09,delivered,2017-04-28 23:28:41,2017-04-28 23:42:44,2017-05-02 17:26:40,2017-05-10 09:32:28,2017-05-26,2331568af5875de3823047945ca24f83,2017-04-28
9feac9aefe68aad21858f5edd41855bd,1e895c76e8cd693bb39fa6731f209448,delivered,2017-10-16 18:01:46,2017-10-16 18:24:06,2017-10-17 16:37:50,2017-11-01 19:03:03,2017-11-13,d9f255e6a1bbd279d1278600fa09f152,2017-10-16
4aa035e4e8e12fb1a3b3127f1c561760,a85426566231cdc8739aa30a0aa5e031,delivered,2018-05-15 09:10:07,2018-05-15 09:33:12,2018-05-16 10:54:00,2018-05-17 22:08:23,2018-05-24,9892bcb1734eb6ee2e801296ddcee713,2018-05-15
12abcbedee4975eb8cb4b9c4a16a6945,30111de81b1f414a07834aae8edbe9ba,delivered,2018-06-18 19:19:12,2018-06-20 02:55:47,2018-06-21 15:34:00,2018-06-26 17:39:27,2018-07-05,d91a956a536b1d8f981e0762830f038b,2018-06-18
3ae4d97402b1cec4506cad07762d0adc,7f8cc24b152f186008151ece0e99e383,delivered,2017-04-17 10:06:38,2017-04-17 10:22:22,2017-04-18 14:48:18,2017-05-02 14:40:30,2017-05-10,d04f39740c64da524c9b78a588e5dabc,2017-04-17
90beece9d18a64f4d24e2959e971f769,a271f6a10b6ebc42ab2188c78701f003,delivered,2018-03-28 19:20:51,2018-03-28 20:10:14,2018-04-04 00:51:33,2018-04-05 18:48:25,2018-04-10,98ad94d03d6f208e424207d61e3b4540,2018-03-28
298787a86f7ed145b210dfa7262fca2f,31123765b50eb700025d04ff6a1b679a,canceled,2018-08-02 22:10:59,2018-08-02 22:24:17,,,2018-08-09,23381fd98cf504b5218cf319d4f5bdb1,2018-08-02
2eb884a2a91fe36d4c1690353ecd3410,0d35d5bf5b18995db8965a31a4be2eb5,delivered,2018-03-10 22:27:17,2018-03-10 22:40:28,2018-03-14 01:28:27,2018-03-22 21:16:53,2018-03-28,bf43e3266f3f1487de5ff2a8213aef8f,2018-03-10
8306cf8a11247ad0a271068a168cd83d,af8757a29c12ab772d74d8343b2f9a61,delivered,2017-08-19 09:32:11,2017-08-19 09:45:16,2017-08-21 21:38:00,2017-08-25 20:13:40,2017-09-13,7ca4ca65a8c7db0c0b3920d5df18cb4b,2017-08-19
6e8c8d566d0f92d9ac1a6e72bba1a34d,43fbcd5a0e91b9f51bcce526d5ddebcb,delivered,2018-03-13 15:44:03,2018-03-13 15:55:35,2018-03-14 16:53:37,2018-04-17 20:58:34,2018-04-03,cdd641fa3f54296725ea2e5c238ddc52,2018-03-13
e6c4a6f6dd627304bc8f832080958a32,96abe7b6c735a2b8b72765a7e1ecd3e2,delivered,2018-07-30 18:33:10,2018-07-30 19:40:14,2018-07-31 14:39:00,2018-08-01 19:04:34,2018-08-06,eee8e69f50656b535d8ff7c66c8d99d6,2018-07-30
b9d7ab4768e51e8cef0b77f21a40b444,c36a306029ef03135f04026834b062a6,delivered,2017-09-05 13:24:48,2017-09-05 13:38:07,2017-09-12 17:26:49,2017-09-18 23:07:52,2017-09-25,929f67fce8f269879084f50385a16354,2017-09-05
4436546aaa7d7c56c61aa5ee6785eec9,16359095b72f56e8541b1206ebc4c9ab,delivered,2018-08-23 21:19:11,2018-08-24 11:25:21,2018-08-27 15:25:00,2018-08-29 21:37:38,2018-08-30,30a6dc54d77a1da02be5324d4eea8077,2018-08-23
b8019c53315df4d7a2a1c5afd52c5004,f07397fe0ae1a83da708b57e4816b802,delivered,2018-03-22 19:28:42,2018-03-22 19:48:15,2018-03-26 21:12:55,2018-04-09 11:58:47,2018-04-16,cf7ff39c99eab457b0c4a1def98b19a1,2018-03-22
97e33be649ebb8e65e5fc6f9f897b162,2942713660d5341795cc4db8bb5c3339,delivered,2018-03-26 22:04:06,2018-03-26 22:15:22,2018-03-28 22:59:58,2018-04-06 18:40:41,2018-04-16,bca66644afd3498ed6ec79b54a2e8e51,2018-03-26
1f470d4ca1db400febaf5a2e7c364e04,25a82dc55f53b854594a544734dd9910,delivered,2018-03-01 13:27:02,2018-03-03 03:00:21,2018-03-09 03:22:31,2018-03-28 18:56:49,2018-03-22,4a1da9aff965a8e1e6abf40064c80733,2018-03-01
cbe4899758da52362c07db6f9b3f9f33,41c584ea27753451d9bf606771103289,delivered,2018-01-26 14:53:43,2018-01-26 15:15:02,2018-01-29 20:17:09,2018-02-01 00:41:12,2018-02-09,d9972a3678b1997f77ce16a51ccc5cc0,2018-01-26
a7c10c89aba6e6e8168c8e1566385f08,d4d134ba96f6848a5ba0452cc98b4039,delivered,2017-09-10 15:40:13,2017-09-12 04:30:54,2017-09-13 10:24:50,2017-09-19 20:47:34,2017-09-27,f48441e97c1be79c15ab757a6ecf097d,2017-09-10
f82a3c6e1e4ad29964e50eb40ba50ea8,8e921bf23e862c652097101085894db6,delivered,2017-07-11 21:19:06,2017-07-13 02:55:38,2017-07-13 17:07:44,2017-07-22 17:37:33,2017-08-03,c74ade29234298fa370a3c6bc103edbc,2017-07-11
e006d85a5a918d5695190c08c923eadb,96af6b71842e0e34a30ae085cc2d47fa,delivered,2018-03-06 14:15:52,2018-03-06 14:35:47,2018-03-08 12:08:24,2018-03-29 17:34:44,2018-03-27,4ea8b230f8a3483ba563358b381d641f,2018-03-06
1f99a2d6f950889eb7d7a61f4d97c70c,5a587c6077dc556338b6180760ef8d21,delivered,2017-06-16 18:29:19,2017-06-16 18:45:14,2017-06-21 09:17:38,2017-06-27 15:56:37,2017-07-10,0209cc2349a03f00567bb9d24a459829,2017-06-16
990b06bbc34b4cc33f5bfa108dcbe239,dca2c10a2302950e89f87db1afd7adeb,delivered,2017-11-23 23:00:08,2017-11-23 23:08:30,2017-11-24 21:38:41,2017-11-30 21:32:34,2017-12-13,d8fb48b62a7c18c993d0676109c4ca02,2017-11-23
36cad69053608ab058c6d470d4be06a1,f7471a53a0c6b77889d13862ef714426,delivered,2018-03-15 12:49:58,2018-03-15 13:10:54,2018-03-19 18:28:28,2018-03-27 11:02:51,2018-04-03,c5547092a8f0c7c02ade0408b0c730e7,2018-03-15
22473977c12e562a85b3713c75e36120,7abc6cfbe8ecbdf83cd1618518cb7cd9,delivered,2018-06-15 16:58:28,2018-06-19 04:16:47,2018-06-19 14:03:00,2018-07-05 18:33:24,2018-07-13,61fbcf1328073948e3b6d293af7cb236,2018-06-15
4ea0ef9a772da79c6afd8ebc69ee008c,c9f577d8ec59067f0f32cb099f14ae63,delivered,2017-03-11 15:24:51,2017-03-11 15:24:51,2017-03-15 07:27:34,2017-03-25 10:48:02,2017-04-10,f190311220113505ce944e317bbf4dc3,2017-03-11
7eee54ba457fae7999f42b79f623fd66,7c93c17ccc4a9e08b5f287dcdf38e9c6,delivered,2018-05-01 11:02:48,2018-05-01 11:36:05,2018-05-17 15:34:00,2018-06-03 15:59:38,2018-05-18,8dacc55b31e557d40d568ef99bbcbbe1,2018-05-01
afc0f1669d9ecf0661e3f32efbd2aa5e,e90c7c2a0170c97fee91e5e52c53631e,delivered,2017-03-10 16:13:30,2017-03-10 16:13:30,2017-03-16 14:47:19,2017-03-23 10:27:44,2017-04-04,416c7355fe18f17d41770301769f3fe9,2017-03-10
e713dc6c1f73c883bc8e42bff335eb8e,a9ccc267c0e5c32d1c1fd493dfd99fbe,delivered,2018-02-10 20:40:34,2018-02-16 07:55:52,2018-02-19 16:51:35,2018-03-02 22:12:36,2018-03-08,2516f43838c4892e066fec28143efa64,2018-02-10
c21d1e70c15865d3e15e6e42c9c80b2d,40796823dbf5a2b08bf58b6d1e72900d,delivered,2017-10-13 13:20:09,2017-10-13 13:35:15,2017-10-19 18:57:00,2017-11-09 13:38:02,2017-11-08,d8a01226897ad3cbfcbb0767603e9041,2017-10-13
26da4fbffcbe7dcaf4e1857417920b43,1739c1a969076599835a1d86b968ed5e,delivered,2017-09-20 09:11:25,2017-09-20 09:25:24,2017-09-20 19:33:05,2017-09-25 16:26:10,2017-10-09,93128391f063554c67bf95f7d5a89d99,2017-09-20
acf6090782590f9b51160416c47f4259,17497fd62d5b93c7d1b720271f313439,shipped,2017-03-18 20:16:13,2017-03-18 20:16:13,2017-03-24 08:27:53,,2017-04-10,e2673f99f267b46ab3264b6d8183059d,2017-03-18
8a3ed0cb80d59a07e9eae72442eeea63,3b72a3c38225ee4c2eea454e29a0a94b,delivered,2018-04-16 13:43:21,2018-04-16 14:15:24,2018-04-16 23:54:30,2018-04-26 17:18:35,2018-05-15,2811ad73853010acf94f73a07d9c3a3f,2018-04-16
499798fd04e5748ac54b4456d1b7995c,1df603a36119050f00614b6f35a2461f,delivered,2018-06-11 21:34:11,2018-06-11 21:59:57,2018-06-13 13:55:00,2018-06-18 17:28:31,2018-06-29,dd162f2be22e534992b3f874cc57eda0,2018-06-11
f67cefa0214443fdfce3845b36545bb8,9169bbea0eeeabf67d6734d4883d672c,delivered,2018-05-07 17:32:13,2018-05-08 03:52:29,2018-05-08 14:04:00,2018-05-18 23:03:22,2018-05-23,5f7cb02173e11652925d043e6f1093ea,2018-05-07
6c12fb27d4bdb7ed78460a2248e1fea8,103874f64ec80d1fd24bcf2217118317,delivered,2018-08-06 22:21:16,2018-08-07 22:15:23,2018-08-10 10:42:00,2018-08-17 01:28:43,2018-08-27,62d55590d6388864b69a25523eb7b043,2018-08-06
6d7335413b5b9b123f6d4f6be3aaa69e,89d28a697e06293780823541368c0025,delivered,2018-08-10 16:24:47,2018-08-10 16:35:08,2018-08-13 15:47:00,2018-08-22 14:25:46,2018-09-17,f00d36b9015dca9a8534f5cbbceabd9f,2018-08-10
ab7a8658101e73890405c44226932c35,6d6ebb07f1f3b14fd55086a51d049be8,delivered,2017-09-04 16:06:49,2017-09-05 21:15:22,2017-09-06 14:59:09,2017-09-22 16:25:56,2017-10-03,f48380fe44b8161edfd5d695456110f9,2017-09-04
9bb59416dfd657888a4df2ec6fbc3b17,deeac34ca5cf90b9a09d1c978d705463,delivered,2018-06-20 08:55:31,2018-06-20 09:20:25,2018-06-20 12:41:00,2018-06-28 22:03:54,2018-07-17,bd5d237a23d6cc6fda67a1d9e88bbce1,2018-06-20
fcaf5f5131e3480217cfa4c664cc8875,f7210514ea326661dffd19ab5b631bbf,delivered,2017-09-03 11:48:26,2017-09-03 12:04:03,2017-09-04 19:42:17,2017-09-14 19:43:00,2017-09-22,167ec75e10a1ba65138c76301651300c,2017-09-03
ce8394168b0c05b03e738537fbb29d2a,7cb4fbda0378687f6fa05e0aae50f1f7,delivered,2017-11-29 15:07:32,2017-12-01 11:32:12,2017-12-05 09:05:05,2017-12-22 19:08:50,2017-12-27,3a524315e7efeeb4fe2404c3a694b270,2017-11-29
afc2b80ab67a5a0cf0d36422cd6409eb,e877086197825ee3f2e924ed5218b9fe,delivered,2018-04-27 14:11:50,2018-04-27 14:32:03,2018-06-01 12:53:00,2018-06-07 14:37:42,2018-05-28,50915df398391da01c01bd5cf272f61b,2018-04-27
c679d7c1b3724f6bafd104526934a932,8b39f67a1a2670341656024a1b0a5d55,delivered,2018-08-06 20:48:01,2018-08-06 21:05:09,2018-08-10 13:11:00,2018-08-13 15:28:45,2018-08-09,e015aa99a5c509c4aac63a2b6150d0c8,2018-08-06
efe5bb701ff507ffa4736a7c07be50d2,243a74d750e4a5b7cc57b953746cdfd0,delivered,2017-03-22 12:27:15,2017-03-22 12:27:15,2017-03-23 09:32:27,2017-04-07 18:52:42,2017-04-24,1b7b7f9631cd453251d0b328c9b38a2a,2017-03-22
2e4ac9141035afac9390d77c93177a95,4d8995c3014a79fbf087f3cf6ee93704,delivered,2017-11-24 15:41:25,2017-11-24 18:51:43,2017-12-13 21:35:17,2018-01-13 02:22:19,2017-12-19,069bb1a3d4edaeab00da2557656b80c4,2017-11-24
4458b3efa2a267c37c8851684ce7309a,8aa69d775fd94aba699deaa55209416d,delivered,2017-12-02 12:57:29,2017-12-02 13:09:56,2017-12-05 14:47:00,2017-12-19 20:32:30,2018-01-02,04035ffe05c302b1a7ee0eee85293cfd,2017-12-02
54f79e394bb60e8e7d5d56756d4722b1,5547962397f3a6e2d13ff5cd1feb1bdf,delivered,2017-09-20 10:28:32,2017-09-21 02:50:38,2017-09-22 17:54:04,2017-09-25 21:22:30,2017-10-06,f957c11366e20b6ac24e956d6054438a,2017-09-20
f9f682974316f9f27b860858f43ea423,689d323ef4f74f6d38fee780addf162f,delivered,2017-08-23 17:04:30,2017-08-25 02:55:43,2017-08-28 19:02:46,2017-09-01 12:17:59,2017-09-13,bfc71525d6dd190610698d3c92a391e6,2017-08-23
7250e10eca3d7f71a091ac5752d3228f,4b8ddc64bbb358f9251fa9e8ec035899,delivered,2017-03-12 08:14:00,2017-03-12 08:14:00,2017-03-13 13:33:29,2017-03-27 13:58:34,2017-04-11,c444c7c4b0de93c29af05dea038a08cb,2017-03-12
6e3181674ddb155137ee862e5529b1e6,793864a3cd1eb721512d8f27a0cbb109,delivered,2018-01-07 11:24:59,2018-01-07 11:35:48,2018-01-10 22:27:16,2018-01-27 00:04:06,2018-02-19,5b880b62dd50ec74e85680b01dc055e1,2018-01-07
30633a14243612a15ee813ff2d6814d2,400454b87af26cd25c67f15a9e9657cd,delivered,2017-11-03 15:10:40,2017-11-04 06:46:38,2017-11-06 19:35:37,2017-11-07 22:09:29,2017-11-16,f1d39be267a33e57881986d6a2a42911,2017-11-03
d885635e019669c17658a0f898cf7dd6,5476109112a6909ea3fcce7c37cb2e37,delivered,2017-11-16 23:39:03,2017-11-16 23:50:44,2017-11-17 14:32:13,2017-11-20 22:22:59,2017-11-29,5d63628c95182301765aa1482b0293aa,2017-11-16
1727e1c8b1ccb4c78510a8524bf1be08,7daeebe540c6e8bd905db7ddf5cdea6b,delivered,2017-04-04 16:58:10,2017-04-05 02:45:14,2017-04-05 10:00:43,2017-04-10 15:55:50,2017-05-02,3776c229a04a5072c6f36de7487ea5b6,2017-04-04
be3a6032ad2e0e262351e84d3db872da,e8dbb8c4ac4d9dc11271aa0e3b63b531,delivered,2018-07-11 00:47:24,2018-07-13 02:43:57,2018-07-13 10:02:00,2018-07-25 00:18:26,2018-07-27,c4a7695f3fb3646a85234f9ec9180773,2018-07-11
ca1968d3ea31ff0c66ba20923250e0f3,5d7eb1b74d1bcff2f4c2525e549d44a3,delivered,2017-06-19 00:06:07,2017-06-19 00:15:23,2017-06-19 20:21:19,2017-06-23 12:21:17,2017-07-11,a168274dbcb30dcd8b37fba447416251,2017-06-19
7a12712273a3da7417b25f9108162305,23a68c52fc7ef8de7c0b7a3a431bca21,delivered,2018-08-06 21:32:42,2018-08-06 23:45:18,2018-08-08 15:01:00,2018-08-14 20:34:32,2018-08-16,427f7005ef94773154b340a84b7d7b28,2018-08-06
67b161a02da45b7148b386cd8e8a668f,7a7c03568e29f4605e807a6d5344e72f,delivered,2017-12-19 18:33:38,2017-12-19 19:34:20,2017-12-20 17:55:56,2018-01-17 18:21:40,2018-01-16,8f0e372d692abf6059d41a2fd3ae4e12,2017-12-19
bc08ece5b2bd05996f24170097997d00,4a7d1bb0610d8bf2660e1571f2f10027,delivered,2017-06-19 20:20:49,2017-06-19 20:30:21,2017-06-22 15:28:30,2017-06-29 16:37:42,2017-07-11,7599dea7f7520c8c37351721ad6870de,2017-06-19
6296cd93e0540917385ff96f03f3ad92,e3b7e1d95c0fc141ba579fe399e81e58,delivered,2018-01-30 14:33:57,2018-01-31 13:31:59,2018-02-01 14:41:30,2018-02-14 14:07:41,2018-03-05,c9253d1a83b191cbd6f36fdc1de7e3d8,2018-01-30
bf6a6c5b984cbfee461b78fafe9f1756,842ef6046022a1d598171ceba0f88b84,delivered,2018-08-06 16:20:28,2018-08-07 06:05:33,2018-08-08 15:11:00,2018-08-14 15:22:27,2018-08-22,dd76e8ca7507c3689097ed0c0d0d6978,2018-08-06
de2eacc3fdfabed44d32cf8607801800,a39bc5dd8de8c59a1ccc255d91cadfdb,delivered,2018-04-21 11:45:30,2018-04-24 19:06:07,2018-04-25 16:27:00,2018-05-02 20:39:31,2018-05-21,f6c872fc6e8c082be05614ad0753c953,2018-04-21
adc1786f217f05f2ce9f08234ad1acbe,111eff7a75b8309e3cfb2ec731e13466,delivered,2017-04-12 20:12:42,2017-04-13 20:22:02,2017-04-19 11:47:38,2017-04-27 16:22:22,2017-05-04,47c34cd02023a99f933160d1bf4ea244,2017-04-12
78cd965d0bc0388d390404eee6490c5b,4092172510982221e3ebc76e03409bc2,delivered,2017-02-22 21:56:03,2017-02-22 22:10:07,2017-03-01 10:05:23,2017-03-10 11:14:47,2017-03-28,31d4b05ef830a7347b8f43640eb6511e,2017-02-22
74b2e16139e22b24f192835a3eaf109b,19c1f172f84e691499a36354dbe96944,delivered,2017-05-29 09:22:32,2017-05-29 09:30:18,2017-05-29 14:54:53,2017-06-09 12:46:42,2017-06-29,d11e6986e9c21bf5a2acc0e9b4e1c287,2017-05-29
4282e2353bd8baa7836ea3395663404b,dcd8a1ea8b120773a6ebe2e92964fc22,delivered,2017-03-28 22:00:59,2017-03-28 22:15:21,2017-03-29 10:07:31,2017-03-31 12:53:34,2017-04-17,8f5b51f17ebb46415d3f65abe2917dc8,2017-03-28
e03aeb40ff9fb4a40808ce50831ad850,559bc538342fd6704d9ebd496d9d6852,delivered,2017-12-23 11:43:52,2017-12-23 11:54:33,2017-12-27 19:10:37,2017-12-29 15:52:02,2018-03-12,8875370b4633454b1fec18978ec4f1a6,2017-12-23
fbd299c9b305701ce40810926aa2fc80,4e09d09cd090c8eae85ebae0d2961c4e,delivered,2018-03-25 14:10:37,2018-03-25 14:27:46,2018-03-29 21:33:28,2018-04-09 23:06:40,2018-04-06,fbf8209db054fa5d977d789772eecb6c,2018-03-25
62443c2da9793d002ab03c769ccfcc2a,ca8476b916b46b0b89296c94868541ce,delivered,2017-05-20 14:44:05,2017-05-21 14:55:08,2017-05-23 09:22:33,2017-06-08 09:41:16,2017-06-29,e2e7d661047a51e13984f4dae699e5cc,2017-05-20
31daefda0897759a2dee9729dd9e057e,f968b0bf97f533e582ecd3c84a266ba5,delivered,2018-05-15 12:41:15,2018-05-15 12:55:23,2018-05-16 14:10:00,2018-06-08 20:58:46,2018-06-14,4523e292c74e5d811d92249ee35b39e0,2018-05-15
4160b6447ad70e6d73f7221dd970bbe9,c03dfaf5db49d8583edbb5627f92058d,delivered,2018-08-15 14:50:52,2018-08-16 14:46:20,2018-08-24 15:29:00,2018-08-30 03:41:31,2018-08-31,f886a3f43af9ac928fbb4b56436c528c,2018-08-15
6ebdc6ce8dc5a2d9b4c6ed890718e65c,338145efe333458c4d699306d6860ace,delivered,2018-08-03 16:56:33,2018-08-03 17:10:20,2018-08-06 14:38:00,2018-08-16 16:38:42,2018-08-24,1156025ba3385bb8494fcab632c31937,2018-08-03
92334fdb7655bac1a99685a2a4c09d25,ca3287cb9c0f12ead0bba50eecfd5c2e,delivered,2017-07-10 23:17:32,2017-07-10 23:25:08,2017-07-13 12:14:40,2017-07-19 21:56:39,2017-08-01,47e7d9ba326a882d204fcba0bc310835,2017-07-10
ccfcb4cab5f8381fa4b683ffad7dedd7,57f6b7f37038497a0bb971ca6c7caf22,delivered,2018-04-24 11:16:55,2018-04-25 03:30:50,2018-04-25 18:58:00,2018-05-07 17:28:01,2018-05-15,e3bcf6b3f8328a6af0df5955e93b8cf3,2018-04-24
16f4331c56f6c5c76a5ea85c7919f087,5cb69cead54697f91723508c7d071f4c,delivered,2018-06-26 21:08:33,2018-06-26 21:27:05,2018-06-27 08:50:00,2018-07-10 19:41:28,2018-08-03,744765d6769a9910f401086aa32a1701,2018-06-26
782bc6a39d1541304f6111016c820437,9426c0356c4a1e260aa701770196f3ce,delivered,2017-07-27 11:07:49,2017-07-28 11:10:15,2017-07-31 19:07:11,2017-08-12 14:13:52,2017-08-22,c30263e5b4e656e786db59ede50202d9,2017-07-27
076ff98c0f285dcbbf7a2d5ad9146322,14e56bc25680b431575ab69186e8303b,delivered,2018-03-27 19:42:13,2018-03-27 19:50:22,2018-03-29 19:08:59,2018-04-07 13:07:44,2018-04-13,cc91e994f48d1b16c6264a3eb44a289c,2018-03-27
d6d06ebdeab0297fe7460931b29b4422,dafb5d1c281d4cf50c5383b6d9ed0ab6,delivered,2017-01-29 18:25:19,2017-01-29 19:31:15,2017-01-30 14:39:23,2017-02-07 16:48:08,2017-03-15,4436c557fe163dd229c67f69a2b63dab,2017-01-29
08f09d9ef3e4f3cdfa18431097f40682,6c35c047c1722366ee705c6e73847f80,delivered,2017-09-08 05:17:36,2017-09-09 04:45:46,2017-09-13 22:12:20,2017-09-20 16:57:40,2017-09-26,9468d5f47f7860aa11cc73deda96af0a,2017-09-08
cc58d2040605eaadced18735aef5bbb0,03dc0682e10e026f51cc524d590fc5e2,delivered,2017-08-07 03:57:41,2017-08-07 04:05:22,2017-08-10 14:43:13,2017-08-24 22:49:43,2017-09-04,22439fa887de2bc0276b7680030b7cd6,2017-08-07
f842c66d3b3f79089d321c772eddb50a,8aed06f4d390a477d19b1c263fb77fab,delivered,2018-03-25 15:54:40,2018-03-25 16:10:27,2018-03-28 18:29:04,2018-04-06 23:06:44,2018-05-18,27f729c22e9c0292fa0f87c4c63956d0,2018-03-25
ab010289ce552581dd007c7276d4e276,35cf1d9948d4dedcf1be0461d72a35e7,delivered,2018-05-21 14:39:32,2018-05-21 15:59:09,2018-05-22 14:53:00,2018-06-07 17:23:57,2018-06-14,9c540c186d344c460d85726b531b287b,2018-05-21
d9c5d64c3fa1b1abf251ddf4cb2683ee,e8cada88df871b1ff0f51fcbd2a724ca,delivered,2017-12-02 17:28:34,2017-12-05 04:14:00,2017-12-11 19:35:57,2017-12-14 21:12:48,2017-12-29,eaeb17740d6fb4704a839ed30b3db9df,2017-12-02
32f67799858ce0d7f43a0e5fe9dd72d8,67c2579c6b665e1231d2baab7b274597,delivered,2018-02-08 14:27:01,2018-02-09 10:11:22,2018-02-15 18:00:17,2018-03-02 16:41:46,2018-03-09,51fe2757738f23ff266c8f26c9861bef,2018-02-08
32fea6db74ff9bb6c713d23f7328bfd3,4296db81df225793d5229d71e003ae39,delivered,2018-02-15 20:40:56,2018-02-15 20:50:29,2018-02-21 18:27:11,2018-03-14 17:57:41,2018-03-15,9e3cc1906aa2db29c30aecb2d642a41d,2018-02-15
569845b2e86bae348e1de3d79305e647,567ca91995c65fed11b14d9aad86d1b2,delivered,2018-05-18 14:43:27,2018-05-18 14:57:39,2018-05-21 10:16:00,2018-05-23 19:48:19,2018-06-07,a440ac198e3e7e955a1e99fa738b81d1,2018-05-18
9803d53681d599da06e759c5935f89e6,d43e2e7c5f8e31be75ee558015546c93,delivered,2017-08-14 09:28:45,2017-08-14 09:45:07,2017-08-16 15:50:08,2017-08-25 15:54:12,2017-09-06,461249b7001e9a56d4f4d4c29cd4cfe0,2017-08-14
ae1a4a7e9405651217877f3182d83bc0,1c197b9b9b82cb10c2c64adde64df523,delivered,2018-01-17 10:23:32,2018-01-17 10:33:24,2018-01-18 18:51:47,2018-01-22 20:49:36,2018-02-01,353bc130a76c1b5b7f2746aa4fae796f,2018-01-17
3ce26aacf28386c1f8913ea395e47c97,8d8468e5ed9827f1c6c9f022f44da130,delivered,2017-12-03 14:11:09,2017-12-05 09:55:16,2017-12-06 13:53:07,2017-12-20 19:29:22,2017-12-27,94c9ed804fdc8ca8cf8ee3df72eebd83,2017-12-03
119a3c5bf983f0498c0c21c1aca734e0,e81e3c4a1ce58b000f69c2166bffc095,delivered,2017-07-27 08:44:16,2017-07-27 10:05:28,2017-07-28 17:47:59,2017-08-07 19:14:33,2017-08-18,0c4bdb70639bcccc2f182e9d2531e5cf,2017-07-27
b8eaf5e9d1583c47190523695464e441,4e8bb8f13005870b22580dc642063eec,delivered,2018-07-13 10:56:30,2018-07-13 11:10:19,2018-07-16 14:51:00,2018-07-24 16:32:31,2018-08-06,3a41ac64aa715256d81e129f02b451bf,2018-07-13
68a193c5ade3226e202ea60680255fe3,6e303063ecd7e907ca5bd3788d737dbc,delivered,2018-04-19 13:51:50,2018-04-19 14:12:52,2018-04-23 10:26:46,2018-04-30 22:51:46,2018-05-21,7cd0ec44d3c020fa2f62379fd2b9e1ee,2018-04-19
76540589be9113578df9de836cf6dbf9,f7eb5aa8d9142df5a28850fde4b68306,delivered,2018-01-18 19:56:05,2018-01-18 20:14:15,2018-01-19 17:48:38,2018-01-30 21:23:05,2018-02-16,6317a68555d0c7ee2c639f9f1b66800c,2018-01-18
33d425553bc88c255ddeb68ab933167e,3c46a6771b9833c7571cd2498f548f95,delivered,2018-03-05 12:47:02,2018-03-06 03:55:39,2018-03-07 18:04:26,2018-03-28 13:57:02,2018-03-26,2a19a29632faf108fd680a976034fa3d,2018-03-05
14411076011e5f39931cf4fcae79af6c,ba796e3142fdd4d6d4ed3b32b4838adb,delivered,2018-04-09 09:45:09,2018-04-09 09:55:24,2018-04-09 19:11:54,2018-04-19 20:03:27,2018-04-25,dcd195c31d22df9d0c5ae74ab93f1c24,2018-04-09
6f02349a62890e93e06438f97d2e9e2b,0f9170976e463fef5abd0b7635de6ac8,delivered,2017-06-01 16:03:36,2017-06-02 04:23:10,2017-06-06 14:21:11,2017-06-07 15:57:28,2017-06-14,ded7081acc178289de46203e6718e8b0,2017-06-01
7994bcffb9f5d5a702c9fc4f08cca8a9,c8f53bd76eb27e03f19ddf4681646c29,delivered,2017-06-12 09:46:56,2017-06-12 09:55:21,2017-06-12 13:48:26,2017-06-14 09:06:02,2017-06-26,ce0b851b80f0deffc0ca0d74f6bb7eb4,2017-06-12
ec668d5f9d1521a83fc82fadfd157f36,450aead36b73adafd410a19fc1ac6cc5,delivered,2017-06-03 18:37:40,2017-06-06 13:10:20,2017-06-07 11:23:36,2017-06-14 14:44:50,2017-06-26,269155ac8d231836ffd4c2287792c83f,2017-06-03
4d2711a0db9f671c10f8ce62aeb438bb,1dfc184018e7629962a4a1ddcda18be4,delivered,2018-08-21 18:19:10,2018-08-21 18:32:26,2018-08-22 12:53:00,2018-08-27 14:38:48,2018-09-21,8f567321ba12101dedc07c70b7021069,2018-08-21
d441b72d920571f8ac2d3c847eee6e47,4574799ec02305ad487c70b99ee872de,delivered,2018-06-06 21:47:33,2018-06-06 21:55:22,2018-06-08 14:13:00,2018-06-12 17:52:12,2018-07-16,976e8620250776abce9c919efc2739b4,2018-06-06
796822390eec4235fc68e9c98b8641dd,4bf7d34e26bdfdbb59f2036daacea28c,delivered,2017-09-27 23:37:59,2017-09-27 23:56:11,2017-09-29 17:11:39,2017-10-19 00:19:53,2017-10-25,b211b70dcb2bf8ade45ff6eb205d716d,2017-09-27
43b54e069a51acaaf7d8b494ad04b96d,34c368aeb9890269ccfa630bbeca50a4,delivered,2018-07-08 20:38:41,2018-07-08 20:50:16,2018-07-12 15:06:00,2018-07-23 15:15:09,2018-08-03,488c70cb74d7e7d375849c12dad44deb,2018-07-08
61907d45fa46a27c04a0061d10b5c816,ee28f5a857ac4429fa2e0459543327db,delivered,2017-03-20 09:28:05,2017-03-20 09:28:05,2017-03-21 09:46:19,2017-03-27 14:15:06,2017-04-25,6c969712f2adb433c03b309752245b3a,2017-03-20
87b476f53da12dbaf8b42ba931985c93,5c5fb32dd62cbd3045dd087a81ce10a9,delivered,2018-03-06 07:03:30,2018-03-06 07:15:30,2018-03-07 20:42:21,2018-03-26 19:46:44,2018-03-22,6df5b5e99c2915e507576b9e2eca52f9,2018-03-06
a68f4aa15871ac7fdaf524f48d7908dc,4db6fef62cf0670961f040779f1e1f09,delivered,2018-03-09 15:57:52,2018-03-10 04:08:38,2018-03-12 17:26:40,2018-04-10 20:24:31,2018-04-03,9a7ea9ca6aca838d2dffdd044a31d203,2018-03-09
1dfeb15ca880ba3d63e0cf3a69041c94,3a95f031143940302929b44c219bb121,delivered,2017-12-06 09:42:53,2017-12-06 09:54:46,2017-12-11 14:17:07,2017-12-20 16:08:00,2018-01-04,0868bdcb5b04d04964eeeca10941ed83,2017-12-06
9c023f649696f2561725807e212a584d,73af397c0a94225a2124ed7262c53180,delivered,2018-03-01 09:11:59,2018-03-02 09:09:58,2018-03-27 23:18:52,2018-04-10 19:24:41,2018-03-28,e165945edfcffcc84b49816dd8f5e7f7,2018-03-01
7c952ad04bbf75547b59e530fa2a30d3,5d4e8d00919712f3be00db60466306ef,delivered,2018-02-26 22:45:04,2018-02-26 22:55:46,2018-02-27 18:06:51,2018-03-13 18:12:15,2018-03-26,12d8b5ed661190a3a08183644dfc504d,2018-02-26
b287d35d6e864f28c166376e6c02c9a1,3d7caed6f08d019453b05ac48e8df08c,delivered,2018-01-15 17:24:43,2018-01-15 17:36:24,2018-01-19 19:22:55,2018-02-05 21:28:38,2018-02-05,66266bfe8bbe448db8048557cf9adb5a,2018-01-15
f7a6299376c602638dba07921850c6b8,2b96518cb643c44f4d15da3c37d178df,delivered,2018-05-14 13:29:52,2018-05-14 13:56:40,2018-05-14 16:16:00,2018-05-15 20:57:36,2018-05-22,f55994f4c6442f9e75bf40994b6d40f7,2018-05-14
c1f9d94c449d29a907aaf5963c2fc4f1,f4b8696f625adaeef763cc9cd712c921,delivered,2018-05-08 16:59:38,2018-05-08 17:33:28,2018-05-10 16:17:00,2018-05-21 22:06:31,2018-06-05,ef6b4c0581dbf34e6eb5e33e0094c445,2018-05-08
4a22d7fffa310ede6345ad13229d1e97,c28c82d8881af0d5ae02cefda43eb1a2,delivered,2017-12-26 19:03:35,2017-12-26 19:15:32,2017-12-27 16:33:26,2017-12-29 19:42:11,2018-01-19,5d4b42f68c328b359383c911599a9396,2017-12-26
70b3137c66efb2783c73b76b78215401,b38f618992aaf66a48b289e2624199cb,delivered,2018-05-13 18:19:47,2018-05-13 18:32:25,2018-05-15 06:25:00,2018-05-18 17:42:42,2018-06-04,ce467c081fb06f32d6790dfb35b8289f,2018-05-13
9735a2f9279006018ed254377240bf4c,cda77e1d58299ba7c036175a201d4d8b,delivered,2018-01-14 20:01:54,2018-01-16 03:36:27,2018-01-17 23:45:08,2018-01-25 00:28:15,2018-02-20,9775c540f0a4db487f546de3cdc5eccd,2018-01-14
3055272ae721b2f3c8107ca6ce29160e,950dd2650d1748f4b42edb506811323e,delivered,2018-06-02 19:11:13,2018-06-02 19:31:33,2018-06-04 16:02:00,2018-06-05 21:39:33,2018-06-28,595a552f7eec0fdb2613791233b6eaa8,2018-06-02
ac51a8c8ea39e6dfa53f10bdc73d531d,6ff9c87680f0e8fbd38b2123af66138e,delivered,2018-04-02 07:19:11,2018-04-03 07:15:17,2018-04-03 18:28:34,2018-04-17 18:19:38,2018-04-30,cc26b180f3d459a146ec58f522a14d94,2018-04-02
490f71078caf4a0fdb7145f535995085,f3b35651c56555457ff68eb124bb7936,delivered,2017-11-26 11:58:24,2017-11-28 03:42:53,2017-11-29 01:48:55,2017-12-26 15:42:07,2017-12-19,87328dbf1a438cffeb082870275eb775,2017-11-26
088a21dbb29d74a07738fb93a96b507a,fd04c6764e22cc8daca7064ed73fdf6c,delivered,2017-11-16 13:40:01,2017-11-17 03:35:46,2017-11-17 16:21:29,2017-11-30 03:28:24,2017-12-11,c51a1f42780144ae12d0e529abc3f83f,2017-11-16
37e543508b869d9d46e5cb9eedc85cdb,6f50ce51a965d48c6d1af65989af0e14,delivered,2018-07-18 17:35:49,2018-07-18 18:03:11,2018-07-19 14:54:00,2018-07-24 17:37:31,2018-08-13,c17377a319cc2913e7e423170daf9167,2018-07-18
b630fa3144c2dd867a25b3166b01fc5c,548e5f0886c8aed86a8493f9dd8382ec,delivered,2017-09-26 13:29:35,2017-09-28 03:04:52,2017-10-02 13:44:31,2017-10-10 20:38:03,2017-10-23,b7e7d79e60698154351d82eff532510b,2017-09-26
88035ca02bd4e9d72e42ea814776b510,a2bd1413bc48dd1afbe03245a28c8a69,delivered,2017-11-24 11:43:23,2017-11-26 11:54:49,2017-11-28 15:12:56,2017-12-15 17:22:36,2017-12-19,ff5647a69e85974d56dfc8207b57237a,2017-11-24
60d98124c3228470422ecadff6550e3c,98a1a1e41310f70974831b79bf01e4e6,delivered,2017-12-31 21:10:02,2017-12-31 21:26:47,2018-01-02 15:08:20,2018-01-05 18:51:54,2018-01-18,e6797b7d4c35624ef13982ab27d3255b,2017-12-31
93f571da6f10487d3dd56d59982d7b72,e7419bcdeae93cfb65d26ffb14c255d9,delivered,2018-03-17 12:59:47,2018-03-17 13:15:20,2018-03-20 16:14:29,2018-03-27 00:04:20,2018-04-05,6f24ff160260946916900e65181e2ad2,2018-03-17
6b6ce8cba846c77f4ce5f752e1401c54,071ceec1efc0edc2d11c7401d4a1dfc4,delivered,2018-03-18 13:50:06,2018-03-18 14:08:51,2018-03-20 00:56:46,2018-03-27 00:48:40,2018-04-05,07be143f1e0b34b059df757ceee183c6,2018-03-18
3349d5fc8a511315de279fcce11049f6,261b803faffa79451a72e2e7967a4a1b,delivered,2018-05-12 16:00:38,2018-05-14 08:15:15,2018-05-16 12:04:00,2018-06-08 02:18:46,2018-06-21,075c65074dbbe8cc9fc87132c5e452b0,2018-05-12
4aa1a55da45bb1b3b091aba5f4e37783,63888b10b5f5967d55158748f46981d3,delivered,2018-08-18 18:37:46,2018-08-18 19:09:33,2018-08-20 13:35:00,2018-08-27 18:55:40,2018-09-04,11485345fb6725061bf820526057715d,2018-08-18
6c766a1a2f228cc57a2aab47f7fb58a7,c281c97a113be88b241292afec154ace,delivered,2017-07-20 15:17:56,2017-07-21 02:50:13,2017-07-27 22:17:47,2017-08-08 20:23:36,2017-08-18,b814fa64605cc425160403d78fb75f4c,2017-07-20
eed7032833c20585a8c215c9e45e6362,80184ddbff3497c53fabf8a67aecb993,delivered,2017-09-22 20:34:04,2017-09-22 20:45:41,2017-09-27 19:21:41,2017-10-01 16:58:48,2017-10-17,37524478821ff8ce8f3a75b4a0a3dfda,2017-09-22
c3790de0460b30fb8acee5f277496b61,6d198b228f250337a9abb9444a40714f,delivered,2017-11-20 15:52:19,2017-11-20 16:06:44,2017-11-23 20:42:46,2017-11-27 18:28:14,2017-12-01,baca0f6ee3a68872bedf2427b3a8bac1,2017-11-20
54020a69fb0d5742c110ce591ff4c120,9fbff61ec5b6f5b4baa4dedcabcc06af,delivered,2018-02-19 15:03:02,2018-02-19 16:07:56,2018-02-21 21:19:44,2018-03-13 16:57:36,2018-03-16,6813a8390ddda0c53adb731cb34a44f5,2018-02-19
cadea13175cc1434c96265941592ab7b,b3301e4721a36c475b37c249808c8717,delivered,2018-02-07 00:07:21,2018-02-07 00:30:36,2018-02-07 23:04:34,2018-02-19 19:51:30,2018-03-06,bf9245fe6d6fe7f9af758eeebb6dfb02,2018-02-07
139d95a2a4ad16a49a4fc3ac7f195172,da0d9aab073844504d8f54d9a193132b,delivered,2017-05-14 15:03:54,2017-05-14 15:15:15,2017-05-16 11:52:17,2017-05-26 10:22:30,2017-06-19,402c7eeb9ac6af31f06e55b3c9a9b799,2017-05-14
611793bc968aac5d1a9c623d1ab8aea6,2e80749aac70cb5de36c424c2113ce32,delivered,2018-07-29 11:56:52,2018-07-29 12:10:17,2018-08-01 08:38:00,2018-08-06 20:56:47,2018-08-10,58494a6181d7709ff13761178ab4a1e6,2018-07-29
7bd8ba9173b2711c20c903a39e9507dd,205e9e9ccff41ffe4716b95195c3ef06,delivered,2018-02-28 17:00:02,2018-02-28 17:15:35,2018-03-01 18:48:47,2018-03-09 16:04:22,2018-03-29,eeb0ff5fd3d5707ba88a13c79d54b4dc,2018-02-28
0756f4ba0fd88d3e50c7ae0d66edfb4c,38816f87277c9326c66590c7a1202fdc,delivered,2018-03-02 11:52:35,2018-03-02 12:10:33,2018-03-06 15:58:54,2018-03-30 00:48:19,2018-03-23,34bb455fd095fdf1a9964fed915c596e,2018-03-02
7e03b475d9c49d593486fafbeb210526,ce2c46b5ceded33b24f7fa64a1fe138f,delivered,2017-11-27 17:50:22,2017-11-27 18:00:40,2017-12-01 21:30:06,2017-12-15 15:25:32,2017-12-19,6b67e9b17bc928a1179f4b14509d0c8a,2017-11-27
4130baec40bb0cf5872d8c322e6383d5,b74e4b5a94ada60313382c04f7f97ab5,delivered,2018-04-06 21:51:47,2018-04-06 22:09:29,2018-04-10 16:22:38,2018-04-12 02:17:40,2018-04-24,7f2cda3176dfed4ce878d884bcd62955,2018-04-06
455899b7472d7821875298e00590ba15,682449c788b11d4c5ef647150e828bac,delivered,2018-07-31 11:56:51,2018-07-31 12:40:09,2018-08-03 13:08:00,2018-08-09 16:32:57,2018-08-15,e46706b81c7ef523987cf1cc271964c6,2018-07-31
6ff4ca5d20f7d9fef17e2904de45f102,0dd703ebe4e10f6bf62ce5db98e97fa2,delivered,2018-02-26 09:57:25,2018-02-26 10:16:01,2018-02-27 14:49:20,2018-03-02 17:43:28,2018-03-12,b93e705ecec4d97268693b068a047a5f,2018-02-26
5c0f0295fe2930de5bec81e461a4bbb7,de83abd2248dfbc5b1f2dea395aa4ea6,delivered,2017-09-09 15:54:13,2017-09-09 16:05:13,2017-09-12 16:32:31,2017-09-20 12:42:54,2017-10-02,2ce9290b706807b05e2cfd40c3d6ffe8,2017-09-09
9be1be195202b44bbdfb04466c070e76,1c51a3ed484cc5b74ea67b98402bc18e,delivered,2018-05-11 14:34:01,2018-05-11 14:58:28,2018-05-15 09:10:00,2018-05-18 18:56:37,2018-05-29,13473af264dea0facd893d6516900b22,2018-05-11
521b078e216e7456ac9a31737c4e77b2,5c1dab0a2918e690895d83234f913fb1,delivered,2017-10-17 10:32:06,2017-10-18 02:58:54,2017-10-20 15:41:23,2017-10-27 18:32:46,2017-11-07,cc1462919ea83b97a8dbe7d669a12f87,2017-10-17
df36d28de846593cdbc153e28f195cd5,2f6d72365267ce6048d9bbc1a9bd977e,delivered,2018-04-19 20:53:13,2018-04-19 22:11:43,2018-04-23 22:48:32,2018-04-24 16:08:36,2018-05-08,4e807d3a4553f2ba95698b27217b5352,2018-04-19
05ce7829fca9c640cd884ba446956158,16098d97a1d12a6152a14e9d930beb8f,delivered,2018-01-04 12:03:56,2018-01-05 20:37:35,2018-01-08 15:49:08,2018-01-15 20:46:08,2018-01-31,9c5118e31b9ce13216afa1ec11d223d1,2018-01-04
7b9e7ccb0670a2b422f9cc382a87f86d,a4cb414bd1f91cefa16426dcd559af69,delivered,2018-05-11 01:59:58,2018-05-15 03:35:13,2018-05-17 14:43:00,2018-05-29 18:24:42,2018-06-01,bb656d3186549f19907809e754fb6645,2018-05-11
2455cbeb73fd04b170ca2504662f95ce,5e312b0d9bf5c91599eb42120e633b19,delivered,2017-06-20 12:39:46,2017-06-22 02:25:20,2017-06-26 15:33:02,2017-06-30 12:41:24,2017-07-12,066ee6b9c6fc284260ff9a1274a82ca7,2017-06-20
dedf47a44eef0b1ac6891db532542eef,d017c1498c905c03ce4ae87bb73bcb8c,delivered,2017-10-08 21:06:12,2017-10-08 21:24:47,2017-10-09 13:30:17,2017-10-13 23:45:58,2017-10-31,d8055312f1c4f28c31e6ff064ae3dbfc,2017-10-08
b306e43825024d6a7727ed3bb863b650,5e585800a1e9e903a5f8ce1e36d7e635,delivered,2017-06-01 19:34:09,2017-06-01 19:45:12,2017-06-02 15:42:30,2017-06-22 14:13:00,2017-06-26,75942caf92089f790efd9d029e40716c,2017-06-01
2066d97e219a2639a073fa775cf5664b,adf182a74caa6f25d67f7d169ee0a2f4,delivered,2018-01-30 14:58:20,2018-01-31 14:55:40,2018-02-02 21:03:16,2018-02-14 20:07:55,2018-02-23,34398e8e2a91eb4c8aa4ed7c7ac3e54e,2018-01-30
ead9ba9ae78cb9568101cda32b516dc3,5b00c9bec6116621a96c23e8345eeb1e,delivered,2017-12-17 17:30:11,2017-12-19 09:33:00,2017-12-20 16:33:46,2017-12-28 18:45:15,2018-01-11,ec8cf19822473555370553d399f7a654,2017-12-17
0ce17a5e9ad81a5eb5a948080e9b4332,7f3751bed6fa577d36ce3a74179e992a,delivered,2018-01-11 22:23:46,2018-01-13 02:09:04,2018-01-22 18:49:02,2018-02-08 16:48:59,2018-02-20,74fb95244fc51cd2b2ba1870c8b97aa1,2018-01-11
c63848e969568be35bddd0e96f1c4285,e1bbe39a9589c1c64f1c685f9c85a1c5,delivered,2017-12-05 21:53:07,2017-12-07 03:11:49,2017-12-07 22:38:56,2017-12-12 19:32:38,2017-12-21,055c5682a2e41acdde01578e6e58867b,2017-12-05
ab236b4e1403ed5ace5c91a4d05b81a8,38e2cc0bcec39df94b286833ad4daf13,delivered,2017-12-15 10:15:42,2017-12-17 11:14:15,2017-12-18 21:35:26,2017-12-27 11:19:10,2018-01-11,92efd5d0709bed4e1eb3e25cf4e3ba41,2017-12-15
8f491cf3fabf128822544c78d73acfc3,fa2871e0cb672e2ea14de8838fbfc43d,delivered,2017-10-29 22:56:42,2017-10-29 23:10:16,2017-11-03 11:12:09,2017-11-11 15:48:45,2017-11-21,21c8aa0cb27943cbf33d75985e28da67,2017-10-29
c07afe1eb3c803b21074cff6735d7c26,839f8b9d7d44081527d6f7ddc9465c6f,delivered,2017-10-02 22:52:10,2017-10-02 23:24:22,2017-10-03 21:23:01,2017-10-13 23:49:44,2017-11-03,20561ff938c6410e33074dd27e2c8455,2017-10-02
4249f543194adf0c9da09119b88a8fb1,d55c1ef474adda522c82c7c543753051,delivered,2018-03-06 21:24:13,2018-03-07 22:08:34,2018-03-08 19:01:53,2018-04-19 17:12:06,2018-04-30,67f8c6bfa8bb32bc0248f8385ac48088,2018-03-06
aa7c35fd606f4275e267e859c6a84d0f,8978d77f12a2fc5b1890c49b39dd288a,delivered,2017-05-23 15:55:34,2017-05-23 16:40:05,2017-05-24 07:49:07,2017-05-25 15:43:27,2017-06-05,2acb8bcfc61ce1c9fdbdf49f4d1b00c3,2017-05-23
1f46960aa3ffd141df0ca069e617b4a2,c52453821582b2e9295670149b2a77f7,delivered,2018-07-20 18:36:59,2018-07-25 23:31:43,2018-07-24 12:56:00,2018-07-26 00:16:44,2018-07-30,5b99b037dd23d71e703eeb9a1f643cda,2018-07-20
a1304e530c9b94c0ad55e2229b689318,63a1a915dae7eb2dead5b9481d8d775b,delivered,2018-08-09 14:28:54,2018-08-09 15:05:34,2018-08-10 13:58:00,2018-08-15 19:37:23,2018-08-23,01c75ebaa6fd123179cc3898fe4d24c4,2018-08-09
b0631e643c8b1d98bfcade30d0e71e31,2a5050a15ba0fe3b15ce7e7add83e818,delivered,2018-05-14 21:50:14,2018-05-14 22:10:23,2018-05-16 15:30:00,2018-05-21 20:49:46,2018-05-30,a410c0f1153135827374d41b1727ef40,2018-05-14
c06ce911e890b4e3ca9b08b5d33334ce,4b7364595fb37841ba5515b7f7de3f79,delivered,2017-11-05 12:07:17,2017-11-05 12:26:19,2017-11-07 22:49:03,2017-11-14 18:13:58,2017-11-29,7c7a4d0678fb2f5a4b3e2875a30ebe5f,2017-11-05
b413de6592c9ddd8ab07e542285d7a85,4e1694ed2263e1848c522f88f8a0d7dc,delivered,2018-07-28 14:52:12,2018-07-28 15:05:08,2018-07-30 13:51:00,2018-08-07 20:28:48,2018-08-21,21cbe31f69e09f090416af81ccf535aa,2018-07-28
595c28bec1ce2ed873ef32f4c6f2f624,04172bd08c3ce1f9546706d7c239d62e,delivered,2017-04-24 19:52:50,2017-04-24 20:02:37,2017-04-27 05:09:08,2017-05-03 15:20:12,2017-05-25,e13c72a5f3d75d4e9ff55feaf7c6a34f,2017-04-24
336b52cd186d8ef3e54daf969943e0da,8ebd2567cd4639db2381cfd2f4e5d3ce,delivered,2017-11-07 09:51:38,2017-11-08 07:10:28,2017-11-08 20:29:32,2017-11-21 21:03:28,2017-12-05,0b4a0719cfa52fe0f2de1fe8c10fa0b5,2017-11-07
0c51cc0743219907058b0a266949d0a9,db374e4b74d15c33cc6685590db89d40,delivered,2017-06-21 14:59:31,2017-06-21 15:10:11,2017-06-27 16:37:53,2017-07-03 23:32:55,2017-07-13,b39dde6dd619943190a8cc9aa6db38a4,2017-06-21
4cfb3a2663fccb9b2a5428dafd8331f6,e5dc45000419ca258d65667325b488fa,delivered,2018-03-17 16:02:02,2018-03-17 16:10:29,2018-03-29 20:34:57,2018-03-31 19:28:43,2018-04-16,0d03df54fa1bc915b35ab60dde36e6f3,2018-03-17
0933fe2645eef2cb8ca4aeadb9d3834b,6891fd02a52a84fd2be5c51502d8f22a,delivered,2018-06-21 13:25:57,2018-06-21 13:39:46,2018-06-22 14:11:00,2018-06-29 22:42:00,2018-07-16,f4f6b3249863b89349e6655aac2ce3f8,2018-06-21
966c914d71ae9d1b59d440bcfc72d5cc,80c74074b2a3c419ee813c0b31ef95c7,delivered,2018-08-01 12:17:18,2018-08-01 13:20:10,2018-08-03 14:03:00,2018-08-06 18:03:38,2018-08-08,e9adf7ea1e1dbb166b5024015154104b,2018-08-01
6f334a2e1303fe798ae16f4c33269e82,d69688d427da267e3c2d564db094796a,delivered,2017-01-27 13:43:36,2017-01-27 14:31:23,2017-02-06 12:37:59,2017-02-12 12:21:54,2017-03-08,c1254a1e8dde33aa9aa2ec0a5b93452a,2017-01-27
8cff096b874503d795af7dbb5ac758fc,5fcd63b7b0106d70a35ec9da16b5449d,delivered,2018-07-19 19:19:14,2018-07-19 19:30:14,2018-07-23 17:30:00,2018-07-30 21:04:12,2018-08-03,95173cac218c7f339439a93b929baa95,2018-07-19
f91893f4878b3dff26b0ba33c4dd0bf2,48cda1a49b16e2ef2ee1b70081c10eb7,delivered,2018-02-27 15:59:11,2018-02-27 16:15:44,2018-03-05 22:42:42,2018-03-16 21:04:16,2018-03-29,646760928be23ecefc3b87267659d449,2018-02-27
9d35212c380ee3de4f561984fde8bc3f,52406ef85b379a256c661b5edcb78135,delivered,2017-11-06 21:39:07,2017-11-07 05:32:22,2017-11-07 17:03:27,2017-11-20 21:41:35,2017-11-30,5d5ac1c01829be6245079d47754087af,2017-11-06
61d492eeee5fa1a86cd52846bb08fc37,44d096000bce3c7d0edada50dbcda0d8,delivered,2017-06-13 10:41:43,2017-06-13 10:55:18,2017-06-13 11:34:49,2017-06-23 10:43:42,2017-07-17,62f53d6e78553f6d6b3c71f72688815a,2017-06-13
e505d250be8a8291d1d8d96adf8c3539,7ed1f44bb8badb060d8c66394242ef45,delivered,2017-04-23 17:19:26,2017-04-25 07:55:16,2017-04-25 13:50:04,2017-05-09 08:56:27,2017-05-17,e55696bf27c8cccf559550ad0b288835,2017-04-23
cf2025217f63100bdc2328402c3e2b1c,73bbcfcb50f0200bc6a83f902495c0c3,delivered,2017-03-14 23:01:01,2017-03-14 23:01:01,2017-03-20 05:31:50,2017-03-24 17:38:05,2017-04-04,305fc5e8eb0268e3935d867f000ab9b4,2017-03-14
1166f71d15f177ac5da5c3e5ecb906bd,a666c1fdb806db17b95c7fcc5d8d933d,delivered,2017-11-24 15:43:52,2017-11-24 19:13:32,2017-11-28 01:04:38,2017-11-28 21:11:33,2017-12-08,5aa12328cdef952213ed88f50219b788,2017-11-24
c41052b3d56ec6a841c5b54af9845a32,5e7cb3f540fe40a51100dabaf1a5cfb9,delivered,2017-09-06 12:37:51,2017-09-06 12:50:18,2017-09-06 20:00:05,2017-09-11 22:03:00,2017-09-25,6aa39ead0187330319524b7b21585eff,2017-09-06
65c681e03f100e0ef15a100838d6b357,d1e9170a646370074dda424098fe10eb,delivered,2018-03-12 19:05:49,2018-03-12 19:15:36,2018-03-13 20:08:46,2018-03-28 16:46:41,2018-05-07,95e7a0dd1929f9eb1be58075c99ac31e,2018-03-12
ebb181b4dfa0aa047045c086da0802b7,b08ebed8c47766c87998c74fbd448785,delivered,2018-04-20 01:25:30,2018-04-24 17:52:57,2018-04-23 19:07:34,2018-04-27 03:34:41,2018-05-23,0ca09417ec0b3efa6df5f32a88a93610,2018-04-20
994b1fac50d384a99f0e0f1c2918f185,f592f54e3b79e2849752d2394bf9f0c0,delivered,2018-05-19 01:44:08,2018-05-22 09:36:09,2018-06-04 16:03:00,2018-06-05 21:23:06,2018-06-07,96f2e8c94cb9f68cdb24e9f2c7afbd4d,2018-05-19
9f8594990f5778cbd90eefec74ecb41c,07516dbc8f5965451e2506f728581bdf,delivered,2018-03-06 13:54:24,2018-03-06 14:10:23,2018-03-07 20:41:45,2018-04-16 15:16:26,2018-03-23,f4d8c17279e9dfc30da6f14ef8b67219,2018-03-06
ab2d43e519b125b08c725a685a9980bf,36eba0a0320ff0fef13c979667988140,delivered,2017-11-28 12:50:42,2017-11-30 02:26:57,2017-12-01 04:14:43,2017-12-08 19:15:30,2017-12-12,94efef157c61a4bcaf095b76a498fc47,2017-11-28
52d4e964678f749ad4f638a329d88954,ef3372b2f96090a8a022c2d0831ac351,delivered,2018-06-24 19:19:36,2018-06-24 19:36:19,2018-06-26 10:51:00,2018-06-29 22:12:08,2018-07-19,da4fd23df3b246b554cf35b0c3467c3e,2018-06-24
3e23de8d32d97af718ef5d441b322ec3,96da9f18e66524255a703a198fb0ead4,shipped,2017-07-26 11:50:50,2017-07-26 12:05:22,2017-07-31 16:47:42,,2017-08-21,49e891f1efde9152bcbab02bd9424ca6,2017-07-26
e9e2effacedebc11741ec26027686fe9,eeb35afbdf6ec4f7409b604d5ef4dfd4,delivered,2017-03-01 08:47:36,2017-03-01 09:02:21,2017-03-02 08:28:50,2017-03-14 11:17:28,2017-03-20,1192a91a937b41d58f344c8f1a656ba5,2017-03-01
dd4fd02da4171046f038fc4dc782ef24,b2f1d78b0558b84fa2260d71a7a36850,delivered,2018-01-21 22:38:15,2018-01-23 14:32:39,2018-01-24 20:09:52,2018-02-09 17:36:42,2018-03-07,df3481e7ab71700253655414aeacdc94,2018-01-21
294d6eb8004bc9fbc7d7f970a51924fc,a686bc69c00dae62ab403c20223443b6,delivered,2017-10-14 18:21:46,2017-10-16 14:28:19,2017-10-18 21:21:40,2017-10-19 21:22:32,2017-10-26,39037533df8903d899584a4a88c1ff11,2017-10-14
f556a3fc910afcacd3b1df7c7f120ecd,407480fddbaf5257e3ef5f07fb0fd71e,delivered,2017-07-20 18:59:34,2017-07-20 19:10:15,2017-07-26 18:12:30,2017-08-04 18:37:27,2017-08-15,aaf97f99c731d8d84810ff16e6ded10d,2017-07-20
0c6777b2bcc85ed22352f240d71f3389,5864fb114a78ab4aedd6cbd78b64649d,delivered,2017-05-31 15:00:12,2017-05-31 15:10:15,2017-06-01 14:10:22,2017-06-07 12:52:06,2017-06-28,2589382717c36b8180dd00bf8858bf50,2017-05-31
65272dc3f6aee70b17f962df52f16f73,46a2b8ea7034da1afc0b9999cd33d679,delivered,2018-08-01 22:41:50,2018-08-01 22:55:12,2018-08-16 09:28:00,2018-08-21 00:14:43,2018-08-23,5fcce9584c278b76076b93720089b546,2018-08-01
38793c3d7ddaedf4e05f8fe9ce42ccf6,1db9b4524b0798a3ee902d3bcbe087fd,delivered,2018-08-01 15:54:56,2018-08-02 15:50:20,2018-08-03 14:46:00,2018-08-13 13:06:25,2018-08-29,be63b3d8a2f5a9a657f1bb24295d5f56,2018-08-01
1faffba7773fdbe7da8af6281414c3b2,34d1956f9f05d975aba125cf29e43403,delivered,2017-11-21 17:00:21,2017-11-21 17:09:20,2017-11-24 17:17:00,2017-11-28 23:29:53,2017-12-01,2265f3fb6b26d4c092ed84b293311bac,2017-11-21
34e6b9f685df8e8b6465a715689c749f,8510c34c43e454d2c8025d92613821e9,delivered,2017-05-03 07:16:30,2017-05-04 10:15:20,2017-05-04 14:47:59,2017-05-15 11:59:06,2017-06-07,d1709096e74acf49019b4b48799c9419,2017-05-03
74d91ba3a172d733579d4b1b56c9c3e9,97197eaa11a1e7a2cbefb2839ed58cc0,delivered,2018-06-29 20:18:33,2018-06-30 20:15:13,2018-07-02 14:56:00,2018-07-05 18:22:35,2018-07-17,5cd0630ab0c8821d8715962cda84fc80,2018-06-29
136d740adc5aa0d3ad07f279eeb5b665,5f66fbfb3bf50be018e9aea8906bc04b,delivered,2017-07-26 15:04:07,2017-07-26 15:15:10,2017-07-27 18:27:45,2017-08-08 18:12:06,2017-08-25,346534c8088852932d947f4b8fea3959,2017-07-26
9579d15470e621248235c5cb9164130e,48e2427ef06f7b5f1cf8d41ff5ca805b,delivered,2018-08-14 20:35:37,2018-08-14 20:50:23,2018-08-15 13:54:00,2018-08-20 22:14:56,2018-08-28,79990f52533d7cc779cc7fe75c73369e,2018-08-14
5e53b775597f422cfe12f743bb0b59ba,8a3504cc50cb9e25e2ff9259c07d9225,delivered,2017-10-14 11:33:00,2017-10-14 12:13:19,2017-10-17 10:05:57,2017-11-03 21:23:26,2017-11-16,83e1e848a27392933416964565f96afa,2017-10-14
3c81b1eb31a46822410a4fb9b43f0678,5109f7754f31f131856a4f354bb9d4b1,delivered,2017-10-05 16:48:28,2017-10-05 17:05:32,2017-10-06 13:51:53,2017-10-20 20:29:57,2017-11-08,db03954a9a1cc5e71f6e0f73e81a628c,2017-10-05
b116148f0b8c4d1a5f8aeba7204a50c0,cd0b86c73331d47ddbbc5e6b6ab0a2b7,delivered,2018-01-19 10:19:27,2018-01-19 10:32:57,2018-01-22 17:39:28,2018-01-23 21:57:10,2018-02-05,44a1d671470b95849c2ce76017219b7a,2018-01-19
8fec5674a5e6c130c661baf47ca8b861,89f95811429721f15d1a548d33124c86,delivered,2018-08-17 22:05:59,2018-08-17 22:15:18,2018-08-20 16:19:00,2018-08-23 22:12:29,2018-08-29,68da7668b72fe5a53dc260c38e5338d9,2018-08-17
0fb02b37217c9af51e73a4ddd2c5b092,8dc5b051ae0e7ed92a78da02df2c3250,delivered,2017-06-01 12:28:14,2017-06-02 04:32:39,2017-06-02 14:49:03,2017-06-08 14:37:30,2017-06-26,57c49d19ce6783fe27cbb5326d53ef5c,2017-06-01
6d5f722cdceaf1e8d589fa0279e55aac,a20d3a8c6e4c5995c8c5f242cef23970,delivered,2018-04-10 19:59:31,2018-04-10 20:15:12,2018-04-12 00:57:25,2018-04-18 23:13:26,2018-05-03,639b08a183c7f7fd42465c845c64084a,2018-04-10
3f3d5f3033e9139ee7290ce6c74b6b79,34c5107947e20b2c55f711551184f4cd,delivered,2017-12-03 17:53:31,2017-12-03 18:12:12,2017-12-05 00:25:11,2017-12-18 23:53:17,2018-01-09,1f89d919aba97d8741589b2577ce6573,2017-12-03
d582acccde83cb5e07d2fe4fc8d00798,578d1924371af5bd50a63c3530017b8c,delivered,2018-02-07 13:32:59,2018-02-07 13:51:22,2018-02-07 22:55:49,2018-02-26 15:44:03,2018-03-13,60e8ad6611aad75853f77ba0c9aa3d95,2018-02-07
d7123732c68ff880f12d65c308f133a9,1be0b4d949a6c8e2391c5f395167553c,delivered,2017-11-06 18:21:33,2017-11-07 02:30:58,2017-11-07 18:42:22,2017-11-10 00:33:02,2017-11-17,286d8f01f94a8061cef05c7c49efd8a9,2017-11-06
618b0dccb6cd114a77a84daef8d565c4,39abd214c91bf2bf94440cb6a27e6ecb,delivered,2018-04-17 13:03:22,2018-04-17 13:15:11,2018-04-18 22:58:31,2018-04-28 00:06:48,2018-05-30,69333c9b0482a31b66b050c1c62f8cec,2018-04-17
55d35fc64cb8a8dd602157e01de8dafb,25256c3e90f841977e14eb23b2f9b66c,delivered,2017-12-08 10:30:36,2017-12-08 10:37:32,2017-12-12 18:32:09,2017-12-21 18:09:17,2017-12-27,3e265c84d880fe32f0f682688254f89e,2017-12-08
f92c4415380d5956969e7b44174a6476,786cc4eab38165553b0fb0c53a35817a,delivered,2018-07-26 19:28:07,2018-07-26 19:35:16,2018-07-27 15:10:00,2018-08-24 01:09:00,2018-08-23,9762e6c31b598116ac89680124fe173e,2018-07-26
65c3a33271e3070af95cc3c03018871d,d09912ab4d57d91188059d6217cff2ca,delivered,2017-12-07 18:18:43,2017-12-07 19:00:28,2017-12-11 19:37:04,2018-01-05 17:25:45,2018-01-05,66081efeaa75cfe676170431bca81afe,2017-12-07
02cb37269f256232b81be588ef056c92,a25fb003bca8f89f1f293dff6a4bb460,delivered,2018-03-05 18:26:35,2018-03-05 18:35:34,2018-03-06 20:24:29,2018-04-07 11:38:49,2018-03-22,174d65e2296f8832d5b4b9f12dbd078e,2018-03-05
4bd1fc06727e84c83665103e268f1051,c0b73ecb5e48f4a2dcf2514fdf57a352,delivered,2018-03-21 08:26:19,2018-03-21 08:48:00,2018-03-23 01:48:41,2018-03-26 20:42:49,2018-04-10,23768e162b7005e3950f5a344a3247a4,2018-03-21
15d395f46b73fbfdda22882b62ba4a4c,0f0b9ee2f1ceb7115427538b002ac482,delivered,2018-05-03 15:32:21,2018-05-03 19:10:42,2018-05-04 14:40:00,2018-05-10 00:56:32,2018-05-17,bfbe8f24c4c4aeff8f364035f8772b55,2018-05-03
a16c048c79d11f82c31fb4fbf407e6cf,08faaa96437305ceef6b95a46cfd0030,delivered,2017-05-11 11:14:00,2017-05-11 11:25:27,2017-05-12 14:15:11,2017-05-18 14:11:33,2017-06-05,9176a9ea5acac529c987e679e80a953c,2017-05-11
cde75c00788fdeeed7584baba51eae41,af2a5304fcb8faab05c96bf28a55cc5e,delivered,2018-02-09 10:12:42,2018-02-09 10:26:36,2018-02-09 21:41:51,2018-02-15 12:09:28,2018-03-09,be8ad3c75c368deb5f06b875bbba736c,2018-02-09
602ca7323a25474e4e1c94e5e0763fb8,4a5c86222ec3a2871fd3585051434053,delivered,2018-05-23 08:09:06,2018-05-23 08:39:12,2018-05-25 08:14:00,2018-06-07 22:51:58,2018-06-08,153abaf227ab00b72c6d56d2c3569c40,2018-05-23
81ba9566702881081845a0cde9767e2e,13b4a30f07976e07d146e1d615f0812d,delivered,2017-07-21 17:20:29,2017-07-22 06:42:44,2017-07-27 21:59:47,2017-07-31 19:12:51,2017-08-23,8b33725ded59c682ee7cd08837c996bd,2017-07-21
57ce980154f9852664b8b1cd206e6c4c,53eb7255c56c4c67c78dc75bfb1135d8,delivered,2017-06-12 12:47:01,2017-06-12 13:10:50,2017-06-13 11:02:26,2017-06-22 15:21:42,2017-07-07,a4d20ae27169304c8addde9bda407fec,2017-06-12
ef8243f801a15b9b4b364d15d8e9dfd6,65309c5241d286f148b3ebf5f81a3e1c,delivered,2018-02-14 19:11:25,2018-02-14 19:28:15,2018-02-22 20:52:59,2018-02-24 00:18:51,2018-03-01,56493fe11c5c9b6159183de0aeaaa971,2018-02-14
9cc3a04136905d908a83caf612b0d7cb,a4d93ba8bb919c884d30020492717ecb,delivered,2018-05-07 00:06:34,2018-05-08 19:53:27,2018-05-09 13:39:00,2018-05-15 19:39:04,2018-05-22,3f78e2e9064acb0c1e0f19f43a46a2e5,2018-05-07
f86e32e1a0770b05e7f1b098482cc6f2,880221ffc5e73269b722e4676d328772,delivered,2017-06-28 11:24:42,2017-06-28 11:35:18,2017-06-28 14:33:47,2017-07-10 17:22:50,2017-07-28,7967e552e7585257519d2dad8c16cdba,2017-06-28
ccf8a8b92abacf806c88702be2848cce,69c43764dac33aa14705f91af3565860,delivered,2018-02-25 13:23:22,2018-02-25 13:48:03,2018-02-26 20:43:31,2018-04-03 17:07:49,2018-03-27,f89904ea056b6325e2affa629868e683,2018-02-25
77071339ffd932084c78178711ab67dd,62abfd28d25b7e736a287da71f34052e,delivered,2018-02-14 21:21:34,2018-02-15 21:15:32,2018-02-16 23:28:56,2018-02-18 11:44:56,2018-02-26,813131c307137abc12ba541e4bbdb6e2,2018-02-14
f03655b5447cf5005767f4a65cd0afbd,c2099d99f339e5c4ad3fb73758fd47c5,delivered,2017-05-23 05:37:45,2017-05-23 05:50:06,2017-05-23 15:21:18,2017-06-01 12:07:57,2017-06-14,71ecd9f6afdba37894d7ab8c3330518d,2017-05-23
754f7ec0dafafb537986302c08311dc6,9db08b65ed1fe7d2b75183335b666857,delivered,2018-01-05 23:31:01,2018-01-05 23:47:30,2018-01-08 23:43:36,2018-01-15 21:06:00,2018-02-06,1cf9c093c450924502ae5efd87a3709c,2018-01-05
0752235c99010e0a475e14cebb1baf81,c1e06a0f8523b5b71662bfed38d79a07,delivered,2018-08-08 18:04:56,2018-08-08 18:15:25,2018-08-09 14:12:00,2018-08-16 21:29:49,2018-09-18,d744cabf5f797c46cf17ace45c496b63,2018-08-08
8ba3f3a9292fbc22a8b7dff752bbcd37,0315a87fba4dab4865f2071777b98e87,delivered,2017-07-07 10:07:16,2017-07-07 10:23:34,2017-07-08 11:46:44,2017-07-18 23:16:44,2017-07-31,ea86add4caaaf87ef892d12ca1033012,2017-07-07
52b841d05323dfdaea310461719973cc,7e8a28d1a18520713f1767ccb03a494e,delivered,2018-02-08 10:49:42,2018-02-08 11:10:53,2018-02-09 23:24:50,2018-03-01 19:57:06,2018-03-13,b902966b4c46169f5684e57d95f64eba,2018-02-08
744bade1fcf9ff3f31d860ace076d422,5e5794daaa13f73e2f1cdb4114529843,delivered,2018-04-22 11:34:42,2018-04-24 19:04:46,2018-04-24 03:14:34,2018-04-27 20:55:28,2018-05-16,f54cea27c80dc09bfe07b1cf1e01b845,2018-04-22
2a3f52618a2541b6997d83522977cac2,41661a4b741709aa06bb07fb3582f652,delivered,2017-09-26 12:57:59,2017-09-27 03:37:42,2017-09-27 20:53:15,2017-09-29 15:43:59,2017-10-18,5a62307b3d27fa515f94a5dec5a43e5b,2017-09-26
e1458d8518d1632318cd88ead53c633a,e3e730f17d35e6e0e2595e5cfbee89eb,delivered,2017-09-04 22:12:46,2017-09-06 06:50:18,2017-09-06 20:52:28,2017-09-19 17:20:14,2017-09-28,6def6279405b2573584bc4feb32ea6b4,2017-09-04
4117e5bb44ebdb1d0c0ebf0482dfc13c,a6fafb6b2de46d568069f8a18e42f37b,delivered,2018-02-05 20:40:37,2018-02-07 03:10:14,2018-02-07 21:35:52,2018-02-22 21:48:49,2018-03-06,93c19a2a1d633765971086fc540a1d36,2018-02-05
590aeab6e2c3f7e294c54fbd9a91c4c7,e97cac1752dfd296c8e431c35cf9a0c6,delivered,2018-03-20 17:29:10,2018-03-22 02:49:47,2018-03-23 01:39:35,2018-03-23 19:19:38,2018-04-05,dcc9b2cb5be5a006e1857145b72cfaf4,2018-03-20
02bf0154cffa7eff0ce73027221834b9,1c37132d043014c19670796be17b81cc,delivered,2018-06-12 14:39:39,2018-06-12 15:26:35,2018-06-13 14:40:00,2018-06-27 16:37:56,2018-07-13,920ad49c4269296bc149e5baaccdea37,2018-06-12
1f58529a06e9f7c89e20ca450f51a5d3,10da8310d728c3b3b31b9e58e89db53c,delivered,2018-04-14 20:13:35,2018-04-14 20:32:26,2018-04-16 23:42:22,2018-05-02 14:08:55,2018-05-11,329771c6ca14f3f7563da59543d60219,2018-04-14
67c158dbe43ced83f43cdf4ff66f556a,c4d2b683c330b5cc6e6ff4b3dc6fc81a,delivered,2018-01-25 11:11:03,2018-01-25 11:18:29,2018-01-25 19:32:15,2018-02-07 22:37:44,2018-02-21,cfdae7e760cff0363c41e703f3103b2b,2018-01-25
aafd725a98bce75b9d5c31adbe708cb7,b88b5ea9a02583be2411361e12d7ba9d,delivered,2018-07-06 19:16:38,2018-07-10 04:35:07,2018-07-12 14:08:00,2018-07-13 21:12:37,2018-07-23,b97c27064d06378771523ea9f2856db4,2018-07-06
7c48889642a4142114249d57bb4bdee4,2e3dfc9431fbb04b3644350481145208,delivered,2018-06-21 12:12:45,2018-06-21 12:40:50,2018-06-25 17:23:00,2018-06-27 20:37:50,2018-07-05,847d48ab91b59d6720c342abc0329351,2018-06-21
64bc52bd8f68578e493086f2c148738d,4d1781c18c229f28b3279965b19e34d6,delivered,2017-06-04 18:39:57,2017-06-06 21:22:15,2017-06-09 13:05:55,2017-06-23 10:47:36,2017-06-28,82ce7c60a5e0e460ce2670e8d7f7f2fa,2017-06-04
17a57b9f3ed8c82e3714464f9fdab931,dcdeca2dac1535bd18347ca0f596865a,delivered,2018-04-06 15:13:06,2018-04-06 15:30:15,2018-04-09 18:54:56,2018-04-16 19:31:44,2018-05-02,ca972aa3a685a19a4d91c0e27f77c736,2018-04-06
5c226b11bc0f3438cfdacd76b39e4fee,834159b7ec167f3ad1ace27a60a545fb,delivered,2017-11-06 11:46:04,2017-11-08 03:26:41,2017-11-08 16:02:48,2017-11-22 16:35:32,2017-12-01,96a297162b4d82e37dea33271fe02b11,2017-11-06
6b6484df41852bcee6a9b4d253379b1b,6efcca147ec1fcf0dac4e4275f8dd159,delivered,2017-08-10 14:31:26,2017-08-11 04:24:55,2017-08-11 19:16:03,2017-08-17 21:59:57,2017-09-01,94b72e6821934cf7dbc0621dec75ddea,2017-08-10
a006aaefd88b5bb6c7ddcecc74916db3,26936078d32b04563ad9ee6611e31e4f,delivered,2018-08-09 01:24:57,2018-08-10 03:05:25,2018-08-13 15:04:00,2018-08-17 22:13:25,2018-08-28,f60f4abe34bc88101db1fcc76099b5e7,2018-08-09
d340d7c22ff2502b0385a1bc50c83999,57a241d2b4f2edfab68fe1ede261bdf4,delivered,2018-03-10 10:18:34,2018-03-13 04:20:25,2018-03-13 23:53:47,2018-04-18 22:48:41,2018-04-10,2d524e4b9761f01f2e5caf2d931c4559,2018-03-10
b3d40dc91d81ff9c5d78201fa392a79e,501ec6b10ff39d8ddf9c551d7b34f2d9,delivered,2017-12-01 17:28:38,2017-12-02 02:37:41,2017-12-04 22:12:51,2017-12-08 22:21:54,2017-12-26,d5c397c1dd9d906384d7d57a4107ffe0,2017-12-01
8ebe945989d8e36075f1a141e40968c7,f1159a36d6696022379b3696298d1316,delivered,2018-08-01 12:11:48,2018-08-02 05:30:47,2018-08-02 13:49:00,2018-08-07 16:59:49,2018-08-09,16b256e5df531b940170cd24e7b26a82,2018-08-01
cae1cef56202db2581379f836268bfda,8be125989019bcf775e60ddb2a043fa9,delivered,2017-07-18 17:04:02,2017-07-19 06:43:00,2017-07-19 16:34:29,2017-08-02 16:13:17,2017-08-09,3ed6326b4ac7547b8e260293f15cfb86,2017-07-18
0df8cd93fe931f8eb18314b794f45ca6,2852155d27a4eeeaed50ebeeeefdf3d6,delivered,2017-12-26 20:58:29,2017-12-26 21:09:24,2017-12-27 20:48:47,2017-12-30 11:56:13,2018-01-26,3e38a80437f05fa53903245b3684e101,2017-12-26
f16e3a8c0140ade96be78de15312125b,8c174f294d5d854841d958eda33f9235,delivered,2018-04-22 17:22:04,2018-04-24 18:20:56,2018-04-23 19:12:51,2018-05-02 12:47:39,2018-05-25,808512ca3005e0e21bd734eee503841a,2018-04-22
c6fb234821f617a8e4d1cea1d61ca508,939f7380a49b9e56a5f998780c81e844,delivered,2018-03-04 10:53:25,2018-03-04 11:10:51,2018-03-06 20:48:48,2018-03-08 23:48:37,2018-03-21,dffa685ed38bf250c191f0599590eee4,2018-03-04
2ca73e2ff9e3a186ad1e1ffb9b1d9c10,e76f777f29e83b393d786accf49e7955,delivered,2018-03-18 21:01:32,2018-03-18 21:15:36,2018-03-19 19:52:47,2018-03-23 00:32:34,2018-04-11,8dcc2df92d70fe1040029d1901208d96,2018-03-18
1a1cbbc80d127af8c72708f098494a0e,9d9e86f105e656addd887968baf094fa,delivered,2017-05-10 17:44:55,2017-05-10 18:45:15,2017-05-11 07:50:06,2017-05-23 12:32:16,2017-06-08,de229809c17dc1220c223e37537676b1,2017-05-10
8431f8b44d5d90252e64059e253c308d,8a7f485b99c1e2752cf38f51601d435f,delivered,2017-08-07 14:32:09,2017-08-07 14:45:15,2017-08-07 19:29:53,2017-08-15 18:44:52,2017-08-18,2c7210a0599f020ec353d97bb02ac6fd,2017-08-07
3821374c4cfea859896f8a3d6f2b7a5a,4960d46eadbcd842a602b726ed33d85c,invoiced,2018-04-16 20:25:22,2018-04-16 20:51:42,,,2018-05-17,ca3b7b63c1de7436540ff39d52ffe9ff,2018-04-16
a86beac32a9e23997ac3016ccbffe061,9071842c8a16e594d9a65a9e9a4ab133,delivered,2018-07-18 17:54:29,2018-07-18 18:05:23,2018-07-19 11:06:00,2018-07-30 14:57:48,2018-08-09,6493232cd2e7d8261db8a1db419e2321,2018-07-18
5ac65ba68cda958dff42081b70fe905e,63a2786add133285225d6a9d1ac26256,delivered,2018-03-19 13:34:41,2018-03-19 13:56:14,2018-03-21 18:36:50,2018-03-30 05:16:24,2018-03-29,d4c2781baabde2bbaa498a90947cad95,2018-03-19
bf6ead07100465b8b825c67e0f6dd2d0,5ad97cf725be5a184acba19af5834693,delivered,2018-08-15 10:36:56,2018-08-15 10:50:11,2018-08-15 11:42:00,2018-08-17 23:43:37,2018-08-24,a7061210fad3490c5ffc1d7646ead4f9,2018-08-15
3f67dd72711194df0865dc9b59e4bdeb,608586e900ad910c56e2c4274a74b0b6,delivered,2017-05-26 14:54:47,2017-05-27 03:10:13,2017-05-29 09:37:26,2017-05-31 07:12:29,2017-06-20,e45409a88f7d2e93004a28eebcd2378f,2017-05-26
bc4b1551a6fb2346fc87b5879402dbf2,68a8d355bec6e846fbdee48e9a3e3611,delivered,2018-04-02 12:40:33,2018-04-02 12:50:20,2018-04-25 15:31:00,2018-04-26 21:28:50,2018-04-24,e859e90f73478f60793f3be64ef9eb1a,2018-04-02
f524c4df3ee7f0438b6c7d5af91d4aef,241f7cf080f8ea8d27afbe1f075aa1d9,delivered,2018-07-18 16:25:18,2018-07-20 04:43:18,2018-07-20 13:37:00,2018-07-27 19:48:53,2018-08-02,8c266030378d04d9e09811977754cc3c,2018-07-18
8c4cdabda1d5bb51b03c8f034de4cd32,5e3dcbc26aa4f9e4395c0d41a953af5f,delivered,2017-03-30 11:59:33,2017-03-31 02:10:38,2017-04-04 09:24:49,2017-04-07 12:38:28,2017-05-02,37f8e7062a53c1a0fca4f59f4c6b1429,2017-03-30
371229efe5a72afbbe5fc026b4b8d3a3,654017a2194ab4ac5d0f58012d5d5a5b,delivered,2018-04-16 08:24:06,2018-04-16 08:51:19,2018-04-16 22:21:08,2018-04-19 22:54:30,2018-05-11,84f499b7f3e7be2e9526fd3fc40a0ec3,2018-04-16
2098ffa11a9b2819ffd6c2f95683db90,9aa815a3c997d7178df3b6ede20a1363,delivered,2018-01-24 16:51:59,2018-01-24 17:23:55,2018-01-26 15:42:00,2018-01-30 02:11:53,2018-02-08,02e0ab6a1eca5f017932ae3cd0953b88,2018-01-24
12bd377dd79de8d6c43f67d1a0358743,0d772db64a20cbf2f1bea1c6682b29d0,delivered,2018-07-30 12:42:12,2018-07-30 19:32:22,2018-08-01 15:07:00,2018-08-06 23:18:21,2018-08-23,12d9b81697247da56cbe2421f1f6778c,2018-07-30
de4acd78231cc999a22fdba3a4dd348d,1579a4f55a1c6707bec3dd05c84f9204,delivered,2017-08-27 14:24:29,2017-08-27 15:30:10,2017-08-29 22:42:01,2017-08-31 13:24:26,2017-09-14,2280ecb8db2591c39d1c7d3e9caa115c,2017-08-27
9342f2bb331c6444f0a7bd8f901fd10e,18e74b4e24114ae25e2170f8b1d1b8a5,delivered,2017-10-30 15:43:13,2017-11-01 03:31:20,2017-11-01 20:50:21,2017-11-04 14:33:32,2017-11-22,effa8902687d8d196ba3b067dd6a093c,2017-10-30
47cfe9af9909fdf08517478edef903ec,43053983803dd24c18baa95798f13745,shipped,2017-07-01 16:48:42,2017-07-01 16:55:17,2017-07-06 14:43:47,,2017-07-21,e211371b59428b1d536c5595a1305286,2017-07-01
893d10bf292ce2aca52ba56c1d741764,09380077c3400002387e5d72cde34164,delivered,2018-08-13 12:43:00,2018-08-13 13:40:17,2018-08-13 13:50:00,2018-08-20 20:24:43,2018-08-30,25354a204038f00da4dfd958be91fcf4,2018-08-13
07f5bb6759aecb6dd999fea544057758,6cae3f205b77ca69e198bf63547f890e,delivered,2018-02-05 19:25:43,2018-02-05 19:50:04,2018-02-07 19:28:59,2018-03-02 20:56:45,2018-03-14,75bbb6b481a1df1689bb769e63ec3acb,2018-02-05
20424d89774b273db92547fad84831d2,6341f9c98bb22135cc86522dd3257347,delivered,2017-04-17 23:00:24,2017-04-17 23:10:12,2017-04-19 14:00:00,2017-04-30 10:15:03,2017-05-10,830d72ce810033f58fb01ceb44cd250c,2017-04-17
265b23c0727e5d7a2a3e36f5aac03d67,dade896e95a36c520a0bcd0703385b74,delivered,2018-02-18 09:50:58,2018-02-18 10:06:34,2018-02-22 20:09:02,2018-03-13 01:33:37,2018-03-19,0afda703a26e922406236b41a54ed08b,2018-02-18
a21e142410bb5f74b574d654fd36f6b5,8dd98a2e8f83215c926820fc91ab53dc,delivered,2018-07-30 10:38:14,2018-07-30 11:31:29,2018-07-31 12:51:00,2018-08-07 13:26:48,2018-08-09,079cbc277def58d49176ef72e4f1d1d8,2018-07-30
8dd55d9758dbe56ba3fbad399f7eca7c,582f00a7340e0c7d2e1d15218bad5eb1,delivered,2017-02-04 23:13:40,2017-02-07 03:55:31,2017-02-07 11:36:37,2017-02-15 14:32:08,2017-03-03,22bffb1eecedea376bda8a313caadb25,2017-02-04
bc3fe72748b0db594e369b6060b1e34c,b22807c0e39053228ee7fb46fccdde6b,delivered,2017-10-04 22:31:20,2017-10-04 22:44:09,2017-10-05 21:27:01,2017-10-21 16:22:24,2017-10-30,904301aa3be469596487a841fa62724b,2017-10-04
51fdc51568710c421372d93f12c21ab6,a683fb2ddea3effab4756e02e2f0468e,delivered,2017-09-12 20:36:17,2017-09-12 20:50:19,2017-09-18 13:06:03,2017-09-21 20:51:47,2017-10-03,92970e5a0e375aceb871dd8494d2932e,2017-09-12
7b49220cf93758de83b2e9adefaca923,6f235f190ca8edb9efa18189f0e7a0df,delivered,2017-12-14 14:02:34,2017-12-14 14:13:32,2017-12-15 18:32:09,2017-12-26 20:57:03,2018-01-19,75c1a606a83f2a3105f04081700cd69e,2017-12-14
1b71d6f1758208e8fc19537dee8e586e,f1884ea44780d4a7ae036095e5d8fd59,delivered,2018-04-09 17:49:55,2018-04-09 18:10:16,2018-04-10 20:41:17,2018-04-16 20:07:58,2018-05-02,437ca9feaa724197fb6f66a2b9060bed,2018-04-09
d2cc8035105135134664cddca3fd2599,b796c5b32054639e5707a7996edac9d7,delivered,2018-05-22 23:15:10,2018-05-23 23:15:08,2018-05-24 13:48:00,2018-06-07 20:18:25,2018-06-11,e3a0d2acad7198e07d7d837acd7bd465,2018-05-22
22557cb9c7229669e351a8460240119b,9a7a057f5e9560593d21cf17220b04b2,delivered,2017-08-08 23:13:27,2017-08-08 23:30:09,2017-08-09 16:51:58,2017-08-22 18:27:15,2017-09-05,dceaacb38425bbd61d7d71968bfdccda,2017-08-08
b07725548a706259d0cbc2aeaa780e18,72cb865e318f4077360bcfb50098f7eb,delivered,2017-03-02 16:03:14,2017-03-02 16:15:15,2017-03-03 14:44:44,2017-03-21 03:58:29,2017-03-29,753abd34141f607cbb6f20682f7da577,2017-03-02
9b04d275dbe50bcbb039286dbab3288d,60f900741c4369da22e8af813b6fd0a7,delivered,2017-12-14 13:21:34,2017-12-15 02:17:28,2017-12-15 23:11:56,2017-12-18 20:43:52,2018-01-03,554c820b95507020c8f9ff8cb388b071,2017-12-14
ffd5e80bfdaf69504efd7562a3d522dd,467bcdf6e97d661f3947ad9308dcb0cc,delivered,2017-08-22 09:29:59,2017-08-22 09:46:08,2017-08-22 19:57:26,2017-08-23 14:51:52,2017-09-04,0968690d0565e9870ff423120a1051e8,2017-08-22
f017a9decac739e813123c172cc00276,1c0abb9215bf7e9bfb6af1330e66a8a7,delivered,2017-07-04 17:50:29,2017-07-05 17:43:09,2017-07-06 15:36:30,2017-07-17 19:13:14,2017-07-26,d4c20e9ae28a09c90546e5c7e22f02b9,2017-07-04
0b7ca56dc6b9eb97c8a0c7b19341b025,5f4228ef54e408563a162a0a80e932d4,delivered,2018-04-29 17:34:35,2018-04-29 17:50:27,2018-05-02 12:39:00,2018-05-04 18:44:40,2018-05-18,a3c7ff0f0ea89336b1c0f0587bdb3a38,2018-04-29
f3da3b290778ca24514adced3807de23,1730218f2f64e40e14ed70840f876c88,delivered,2018-03-22 14:47:11,2018-03-23 02:27:43,2018-03-27 01:06:49,2018-03-28 20:19:00,2018-04-04,46f8e31e12ee5d384d6c4a8b0218f950,2018-03-22
2cadf7b6bdc085bb4a8a3a32a40e344b,440a07d7b5fcb27062f1413082ad8a6e,delivered,2017-12-19 15:02:40,2017-12-19 16:10:22,2017-12-22 22:48:05,2017-12-27 22:07:12,2018-01-23,4bf966fa89fe05fa837cbf82f8d4ad62,2017-12-19
1a3ccc1695931b2cb7a95065e0c81e4b,cd7df89ab76adcfe3e1b4a36b042b081,invoiced,2017-10-16 12:21:07,2017-10-18 02:56:40,,,2017-11-14,2ddd50b61ee4a82b40033feecac1f863,2017-10-16
29e2ad0dc7d3e40270b43dae7133c30b,74a3a97a002838ad5a227aba4f90ca78,delivered,2018-04-04 18:28:11,2018-04-04 18:48:28,2018-04-05 20:09:26,2018-04-08 17:54:32,2018-04-18,8170c6e6d010d22195bcd959f5de1ea5,2018-04-04
26e18612ee188c4d99441c0f9ea94b06,48a13a7cccd0cca92275e1e983debaee,delivered,2018-01-09 09:04:07,2018-01-09 09:15:20,2018-01-09 18:28:43,2018-01-11 16:26:19,2018-01-26,f5c91ffa401c3c20c9332dc89026428b,2018-01-09
99fe8093159dc446655c68b320222c8e,0c9712bf6ecf766c8e85d92f7991eb54,delivered,2017-04-28 17:12:38,2017-04-28 17:22:55,2017-05-02 16:56:08,2017-05-08 10:52:01,2017-06-02,1388412c79ec06a2c8bbeccacbc59030,2017-04-28
4188e271c401875d724b4e9ee6fe7206,19d4a540b496506ab10c97292275e532,unavailable,2017-12-10 14:04:04,2017-12-13 00:15:46,,,2018-01-04,4c818b237483961f0f2c5ae447ef9c02,2017-12-10
28eaf28c1a7f1e6d917f465578bb1b43,9ff374c99c069893049c3672e49a5e37,delivered,2018-01-16 15:10:46,2018-01-16 15:19:33,2018-01-17 22:08:03,2018-01-23 17:18:35,2018-02-09,1a90a85de80d26a139c2a9febbe7ac07,2018-01-16
01006620eb4732deec44be4b0d9e33cd,e7acff27456fbf335dfae22a6bceba90,delivered,2017-10-14 21:34:35,2017-10-14 22:03:58,2017-10-17 19:10:31,2017-10-24 14:03:20,2017-11-07,b81bc44c4da3f95ddfc71773b8e922b4,2017-10-14
fba74a1f9422c616cd75a7a9577d2058,092ba73b64ddad55b77d1ad4e4f6e591,delivered,2017-09-26 16:52:47,2017-09-26 17:07:19,2017-09-27 17:16:55,2017-09-30 12:43:41,2017-10-11,2b87484d7c9e00879db6dc71cca7cd70,2017-09-26
076d71b244e240e104ffe5bf5985faa2,0ab91423d1e877aec33c6da6e9b5509c,delivered,2017-05-26 15:14:25,2017-05-26 15:25:15,2017-05-29 08:22:48,2017-06-06 14:38:09,2017-06-26,66d916b6e4e889e481c2b7a32da0f10a,2017-05-26
bfdfcb5b457a83ebc43eccb8d8531f7f,c85c132e580214d746e0ed80283975ee,delivered,2018-02-25 11:02:16,2018-02-27 04:31:19,2018-02-27 20:33:47,2018-04-19 16:32:55,2018-03-21,e7b620536e34471bf52a3402cd4f4b7b,2018-02-25
e243ccdb006cb9caed53a57e7daa5c34,409bd3e6642b569fb703615ab5996526,delivered,2017-12-12 17:16:37,2017-12-12 17:36:19,2017-12-18 12:06:46,2017-12-27 16:44:19,2018-01-05,4a5c68b275c20c741b61c5a86caf44bf,2017-12-12
76947ee86f94611940effa93c62ccdc0,e0b9b19b5fa5e1ac17ba5a8e6251c785,delivered,2018-02-06 12:45:00,2018-02-06 12:56:17,2018-02-09 18:23:01,2018-02-16 00:08:18,2018-02-22,44ff83df650a3d173e6a72f90779fbdc,2018-02-06
d1ac92a1cdff4219a26a167dbdb3cb7f,966fdef8074099e48e060b6b79067397,delivered,2017-06-05 13:36:53,2017-06-06 13:10:22,2017-06-09 10:57:42,2017-06-18 11:47:50,2017-06-30,843e48262061b0b390b99a05b40ab0fa,2017-06-05
f8b40129171baf5eeb5ef5ea1af01386,c2da3910c101b8a7c4e270ae4ef4e5c0,delivered,2018-06-10 14:30:17,2018-06-12 05:36:44,2018-06-15 14:17:00,2018-06-18 23:24:26,2018-06-25,8a5ec8d40544bd13f6e090182ba60008,2018-06-10
c1d8546e6ed294dea3203910c9b0e7b5,ac8818f0291960e4c5c123a9a2a763bd,delivered,2018-01-29 14:42:20,2018-01-30 04:31:28,2018-01-30 19:36:47,2018-02-01 17:02:22,2018-02-14,54f255a67e94622d1f39310dc37070d0,2018-01-29
6f0b1a3d5ac1fca603d1eb8687fdba05,5d5b6fc65d761caeb92bfde4aa60494e,delivered,2018-07-23 09:02:12,2018-07-24 11:31:52,2018-07-25 14:32:00,2018-08-01 20:35:01,2018-08-14,1ce30ef5d3dd24768f66a2fed83a8763,2018-07-23
e6dfc4ce09d6557361948d3648ccb670,16cd84329335496cf638b105e84525ee,delivered,2017-09-25 14:50:13,2017-09-25 15:06:31,2017-09-26 15:32:53,2017-10-04 20:46:55,2017-10-20,767b1b5e0615e6951ffbce0551841277,2017-09-25
2c04e9500d7402e891b3c1213847febb,c065a8aa5e74348afd40ba9c3bbcb663,delivered,2017-12-16 23:12:12,2017-12-16 23:30:27,2017-12-19 18:21:49,2017-12-20 15:48:20,2018-01-05,0bf11fa04dec52b6081f5c47dc14399c,2017-12-16
5e682664f3f3651fbaf00a25915ef580,3d17ae229f9e6faa5a5b9a03037acbb5,delivered,2018-03-07 12:27:19,2018-03-09 18:29:23,2018-03-14 18:46:47,2018-04-17 16:42:03,2018-03-28,d385749f873ff5c52034d332f4f2618a,2018-03-07
6890a2ccd47e0016c365c4e1a240cbfb,b0e27b16cd62374210e26dce27bd37a3,delivered,2018-01-31 16:33:05,2018-01-31 16:51:21,2018-02-02 04:31:54,2018-02-09 12:34:57,2018-02-26,ad2cbd768be693c2a51c4d9fc3209400,2018-01-31
bf727ca6dd2dd84c2edcbebf0a33b4c9,9d9029efceeea01020b9bce6e88f81f3,delivered,2018-01-25 23:52:32,2018-01-26 00:57:41,2018-01-26 17:55:16,2018-01-30 19:39:23,2018-02-22,ad9c8268256949e282ab1c6bfa68526b,2018-01-25
7d0408fa5d2829c175c99499e5aeb226,7f02c20203014a47e92e9b60eee0d4e3,delivered,2018-07-31 12:22:41,2018-08-01 03:31:42,2018-08-06 14:23:00,2018-08-17 17:46:55,2018-08-08,54b71c436921f08a38a26b65eb05dfb4,2018-07-31
c3d8dd9443d87a5917b1508ec6d9e435,2c2a6f5fb74d8692692d21b52349b401,delivered,2018-03-19 14:18:23,2018-03-19 14:35:46,2018-03-21 19:51:14,2018-03-28 22:36:38,2018-04-10,6885bdd75e9f4d1dc661ea42767612dc,2018-03-19
186e07e37d4253c4aaab5f2aa0cf4136,5f6a05a83bef098f3968150ebff9c19c,delivered,2017-03-04 10:39:31,2017-03-04 10:50:24,2017-03-08 12:41:36,2017-03-16 19:48:55,2017-03-27,0d7589e67977e1594c04c3bb5d4646b0,2017-03-04
de3cdd1c001e44ba7eeeb0d4813c9bad,193bd4ef43972b424070d98c008910f1,delivered,2018-08-09 10:27:19,2018-08-11 02:35:27,2018-08-20 16:16:00,2018-08-25 14:48:30,2018-09-18,38fc890f517a8327ca25ef4b190fcc29,2018-08-09
350aad4e4bc8240326121102708f0504,6b396d9b6befa4b0deb7b570ab0df6cc,delivered,2017-05-26 23:41:21,2017-05-26 23:50:13,2017-05-29 08:39:54,2017-06-07 15:15:13,2017-06-22,ce839bf77a192f7bf02be8b01ee3af1f,2017-05-26
26bf23645f5371147a72f0bfa5d9eb6a,e35fd9b6c85b42d4c8461db5f1b4afc6,delivered,2017-04-07 00:03:29,2017-04-11 03:50:08,2017-04-12 11:51:06,2017-04-19 10:43:13,2017-05-11,a8dfa2f7cc4201b705d78520400bf47a,2017-04-07
5cddc0e7aa59980c2f6018bbbde4b776,3414c83e2c90da70206c954609868183,delivered,2017-05-26 07:04:37,2017-05-26 07:15:11,2017-05-26 10:37:55,2017-06-07 15:38:51,2017-06-22,bf6656ef50e6fd00e7517b01d615b4f3,2017-05-26
fdfb0cda9a2bfa17ad8ea99133a30724,201c502506773c339fce9789f0528a6c,delivered,2017-06-24 12:56:21,2017-06-24 13:10:13,2017-06-26 15:58:08,2017-07-05 15:07:38,2017-07-14,4c0fbc99e550b4fcae329898112fc7f3,2017-06-24
12be0a0f242d89cc02773e057c2f7f0a,1b395661662ae598efa04e058294bd16,delivered,2017-02-15 22:32:29,2017-02-15 22:45:10,2017-02-20 10:58:24,2017-02-24 17:42:01,2017-03-16,d8dac62d308e5ee653f4209d840b6ac8,2017-02-15
ad4098a257676ea4d394fb3bbbf36ca3,878b45ad0fa20acbb5198b2e979fb442,delivered,2018-02-26 09:55:52,2018-02-26 10:15:33,2018-02-26 20:15:41,2018-04-19 03:03:32,2018-03-23,47a0a92a1b4d507faa45c6d4910e9d2d,2018-02-26
12cac2e81071090f280a21a9e267ec86,f8383a8a47282d7db6292a684d9c791b,delivered,2018-04-16 09:06:18,2018-04-17 05:50:06,2018-04-19 23:18:48,2018-05-02 22:28:42,2018-05-21,51ca727bb290e59a785105426ced679b,2018-04-16
3859925b9b809beadf83a70aabfca3ce,fa76ef69ae16b2d6fc69cf17ac133e22,delivered,2017-06-19 20:14:21,2017-06-21 02:30:35,2017-06-23 10:42:11,2017-06-27 14:54:55,2017-07-14,4fb7eeb9dd763cdb88a03dd0ad224836,2017-06-19
1b01d7d89cee1fbbd040078c1cd83cd7,277bdf9feec679fbb7319191a4a8daad,delivered,2017-03-22 14:32:54,2017-03-24 01:31:47,2017-03-24 16:43:34,2017-03-30 17:37:03,2017-04-18,92d6a6df2cf2d6e2fa89dc1d28164c98,2017-03-22
55d31aada518f8198b01470b36eda8f2,38dd40cff62ee6c298878e9413e56d10,delivered,2018-05-14 10:07:16,2018-05-14 10:34:49,2018-05-16 14:59:00,2018-05-19 12:07:33,2018-06-01,5c3364a5e1791511f2dc82c2a41dfda8,2018-05-14
6c5d2796918878bf21ba842f8df0b57a,672b9a8255ee2f11a2142bdba63ff045,delivered,2018-04-25 20:57:38,2018-04-25 21:11:25,2018-05-29 12:28:00,2018-06-07 19:48:50,2018-05-24,529fccf40e0300d85e439a7afe2bf078,2018-04-25
d8c03aab0fec0814864f1ddfb5135698,ebc137c689bc832cc0e53dca8b02c5e8,delivered,2018-07-04 18:45:58,2018-07-05 16:13:12,2018-07-05 15:43:00,2018-07-13 21:37:44,2018-08-06,81859d5924e187549d6bc2c75a27dd0a,2018-07-04
48a4ac34d7a1fbf5e344b2b6f5ae8994,dad0f86e922e14e943dd690c9e50b3d0,delivered,2017-12-18 09:14:56,2017-12-18 10:14:32,2017-12-20 20:10:13,2017-12-22 21:33:58,2018-01-08,5160a1a353bf1401b2876b986b61528f,2017-12-18
81aabde4fa5ed81109f9488cb4255e18,10cf5e808b4ecfe291d1d0afb67c3a95,delivered,2017-11-24 08:18:26,2017-11-24 08:31:33,2017-11-28 20:38:56,2017-12-04 19:59:09,2017-12-18,4be2cf6ece132b4da60c899c866e5ecf,2017-11-24
3e5415498bda7e14dbee2bbd9a038348,2f65f90c30000165c4d6c08fce685437,delivered,2018-01-22 10:51:52,2018-01-22 14:53:14,2018-01-24 13:37:02,2018-02-02 00:51:20,2018-02-22,b025864d6d8f4231e0542675ad716f61,2018-01-22
97e91e3d9575f0a13e6c2f6a8c0bfd7b,2d48c9765cb9dafa7459c2d3570d358f,delivered,2017-12-25 20:18:34,2017-12-26 13:28:39,2017-12-27 17:04:52,2018-01-12 12:29:28,2018-02-06,ccdc8077ddf73967d6c6e658cced7d4a,2017-12-25
c06b0f8528c7ed361a2e911e8e20a3f2,3bf32c05eb3a093e4eef1d4f3630d8b5,delivered,2018-05-22 11:18:37,2018-05-22 11:37:26,2018-05-22 14:28:00,2018-05-25 20:31:27,2018-06-07,3ea5fadd5aea159c17d6f559f2047e4d,2018-05-22
9a870a0bd211f5dcb640562f09fb33e3,9f473d98981e375389f2616459d58ce1,delivered,2017-04-26 12:55:25,2017-04-26 13:11:32,2017-04-27 14:55:56,2017-05-02 16:53:50,2017-05-17,388c57dd16d91ff43adb4feffe0c45fe,2017-04-26
b40011de1f5f6fd26301ad1801f850c8,579056d8cda272e9fd672c58f3fd08a6,delivered,2018-03-11 16:03:08,2018-03-11 16:10:32,2018-03-19 22:40:41,2018-03-23 12:56:39,2018-03-22,7e9d17e8b28d3af26bed976bbb104d29,2018-03-11
7a1f99044742ef1748b76f5b80f9ff3b,0522e1cbe0a52204989d044e4d31fe66,delivered,2017-11-30 13:33:22,2017-11-30 14:31:35,2017-12-04 16:59:09,2017-12-06 00:23:17,2017-12-18,66f7b9ded1baa17063515d99e91f9563,2017-11-30
299372a2c0a08ae166a4dd2a2467dfec,5a62643ba68cfaeb566ad926e3b18eb6,delivered,2018-05-05 14:53:21,2018-05-08 04:15:33,2018-05-08 13:18:00,2018-06-07 20:22:23,2018-06-19,b3a1a221ad27da82c2973f1a108f939c,2018-05-05
c3ca08e9565423d33c78e028dbb1ab65,bf40545815ca71487bf80ee2843bce7f,delivered,2017-03-23 15:51:15,2017-03-23 16:03:47,2017-03-24 15:34:05,2017-04-05 14:54:42,2017-04-20,4e78d9253ba5cc1d990eb09ea45a3a2c,2017-03-23
e412fc992ea2637ad4e76b34edd88a18,a1e66238cea795f0c30a76e9c5491bb8,delivered,2018-07-05 15:11:55,2018-07-05 16:08:18,2018-07-06 10:25:00,2018-07-13 18:19:45,2018-08-03,dd46038389579138a942d9539f335b45,2018-07-05
c66d7d7161db3e10260d556577fc86ca,80a06e57e66a5c1c7b46d45032a3391d,delivered,2017-09-20 17:48:15,2017-09-20 18:05:53,2017-09-21 19:09:28,2017-09-26 17:51:23,2017-10-17,eb62689716e21cdf23c677fb6f95b138,2017-09-20
e946207008d6f7a21436938692e91c81,eb376e908373c442ff9688a8942c0822,delivered,2018-02-15 13:23:43,2018-02-16 08:07:05,2018-02-20 16:51:51,2018-03-08 17:57:32,2018-03-14,befc1034d59fbe568f9b96d734a5e39a,2018-02-15
ad0d46c22c5a9dd2699f5142b1882f5f,37be731e9a59816c2139b344f51147dc,delivered,2017-02-05 17:55:05,2017-02-05 18:05:20,2017-02-09 16:29:43,2017-02-10 06:44:41,2017-03-06,f4ff1a79dac99d99375405621276c176,2017-02-05
e0ea5984952668059b3f3ef6a8554bb3,a3404c079e22a0ff2079ae7aaca9fbd1,delivered,2018-05-21 09:23:56,2018-05-21 09:37:04,2018-05-21 11:53:00,2018-06-04 17:51:52,2018-06-07,3afef9e1ed529afc9cb4d1360e8d13fd,2018-05-21
30f571a5f7cc70ba231ce76fbe1b17f4,b7f9b875753a063ace2e4ac9b0531a69,delivered,2018-04-19 16:47:02,2018-04-19 17:07:30,2018-04-20 19:34:43,2018-04-27 19:22:48,2018-05-14,1ce879e096d3c38f230acdab7165332e,2018-04-19
d66cd5f088e61b54931e6a5fd6b53198,7a0f062f324124b39f475b05b9c77177,delivered,2018-01-12 17:09:20,2018-01-12 17:30:17,2018-01-17 19:53:11,2018-01-23 15:35:18,2018-02-02,f50e0207673076aa6cd350a771426079,2018-01-12
d046c8b9f07a115ce6faaa802666cea3,b738548b70ef8d6a4f4f925c2dcdeded,delivered,2018-02-25 13:48:07,2018-02-25 14:08:03,2018-02-27 02:04:19,2018-03-14 19:22:46,2018-03-19,28615e538874e8cd93e958a0e761ea59,2018-02-25
bd7f75552919919b97848081d4354af1,b0ceb8739f04aabdd550254dce1c16aa,delivered,2018-06-11 13:39:17,2018-06-12 11:39:58,2018-06-12 14:09:00,2018-06-14 23:33:06,2018-06-28,1c3c6ce3bb27b92bbae8498782f39778,2018-06-11
3899f9456e4750aaf09953b728d50fd1,c7fb0da4d519d2827af01bf2aece912c,delivered,2017-05-15 15:27:52,2017-05-17 03:45:34,2017-05-19 12:59:30,2017-05-27 03:59:15,2017-06-14,da818bd327280a0da330a412bb7ef1a4,2017-05-15
b9fffd14dc2869d69f441ff3c8f34bab,ef9b40908237d483aab345ed6b7a977c,unavailable,2017-04-08 19:52:40,2017-04-08 20:05:15,,,2017-05-02,7f5dcde4d292354dd5e6968a27971126,2017-04-08
2aee9216e013859db72c7eae0a7dadc1,440cb7446d80225897ce4e12af946d5b,shipped,2018-08-10 18:59:24,2018-08-10 19:10:18,2018-08-15 13:50:00,,2018-08-29,c352fe3e97b9dba9794e6386e0c01b2a,2018-08-10
691b40963b9004f0e49ec2a003f19043,c701c15dcdd3e22d69324364f1266d66,delivered,2017-12-21 12:51:21,2017-12-22 02:38:45,2017-12-22 21:54:12,2018-01-13 01:26:59,2018-01-23,281f12cf31b533cb2d48c8147e9606e0,2017-12-21
78f804c76174954a76f38e6f3a326275,301bf3798cdc72286c3b1c8602ef1f0d,delivered,2017-10-06 21:57:05,2017-10-07 22:07:42,2017-10-09 20:43:04,2017-10-25 17:58:42,2017-11-03,709d1287dc090688fc664d694ffdd620,2017-10-06
cf0fcb02e2f9b6dcfd6aac8d664b663a,51c01649e2b270e89b1c14207e08ec84,delivered,2018-08-17 21:08:06,2018-08-17 21:30:17,2018-08-23 15:43:00,2018-08-24 23:16:42,2018-08-30,c5cc0bee4b73138ed973a1720df085aa,2018-08-17
f081180e44957b00bf43b18a823e8819,50550d027a95802a4693d5e098e7565b,delivered,2017-07-25 15:41:11,2017-07-27 11:15:26,2017-07-28 18:32:25,2017-07-29 15:26:45,2017-08-07,eff873953c28ecc133f760654aa271a9,2017-07-25
69440e68212a53617dbaa0e9a1319946,245e5b42f57717133160de6704681be6,delivered,2018-02-02 08:39:03,2018-02-03 02:53:11,2018-02-05 17:38:49,2018-02-15 16:23:15,2018-03-12,18c4bdc31f12bced304f344d8c00320a,2018-02-02
e3dc8fab0cf7aaea9a75decd180dcd8f,ab2525bc0acb98f406e1c657ef0b26e9,delivered,2018-02-27 11:11:57,2018-02-27 11:35:39,2018-03-02 10:47:28,2018-03-23 22:37:30,2018-03-23,b6a4dc3a2b47f1aca1a7abebf31f454b,2018-02-27
20adf99f2d48669a45b5ef435b116b09,37adbc0ce0a15109d42f8f3c461fa9fd,delivered,2018-02-18 22:20:56,2018-02-19 23:07:29,2018-02-21 16:07:12,2018-02-27 17:29:16,2018-03-19,c4adaf32cb962c5258f2ba63536cd955,2018-02-18
e68452f95dc9b23ff16c3ed8ca0275ac,c8c985eb0e68ec4d734b8053186e8f8b,delivered,2018-05-01 10:25:42,2018-05-01 10:57:21,2018-05-04 11:08:00,2018-05-15 23:55:56,2018-05-30,51f4f237dc6c1823bde7a4d62d006b35,2018-05-01
af04520840ea8696e133b88c7746459f,e6dd8ac8ed56ed4580289f5b7100d37c,delivered,2018-05-31 20:36:36,2018-05-31 20:50:09,2018-06-01 13:51:00,2018-06-12 22:52:46,2018-07-23,9001fcb415f9d7fa8acba4663dffeeb5,2018-05-31
a159152939238cbdb3eff9fa516a4b51,c9ce34c5516ddcec0c7570ce12fc1e4f,delivered,2017-06-26 15:59:05,2017-06-27 16:05:18,2017-06-28 13:16:51,2017-07-12 19:23:51,2017-07-18,4525dc61e2d0cd20d1668e6560ee0f09,2017-06-26
c5a2bd922645770b148755d89a577853,ae07d43e3347a1b8a2121ffa669b931a,delivered,2018-08-10 10:02:39,2018-08-11 02:44:35,2018-08-13 09:02:00,2018-08-30 16:18:30,2018-08-24,0c28edf8b3edcafb768e91462fd09410,2018-08-10
9386d40609a844441d3fc71a2d763aeb,7743f235e69a51423e995b0682ac8c95,delivered,2018-02-06 09:43:59,2018-02-06 13:35:05,2018-02-06 22:33:00,2018-02-21 20:36:59,2018-03-12,cc097b7f1ae9afd594807d0dd7108448,2018-02-06
1b5fc0bc24e5112c2cc802209fd54fcb,1ca5cecc5fbe7750a4b20cd25e3bdefc,delivered,2017-11-05 18:47:17,2017-11-05 19:06:28,2017-11-06 21:28:58,2017-11-17 20:46:45,2017-11-30,8d26367d9632f8b98d75c91aca86147e,2017-11-05
c32be5fee22d2715636baa8d0f2a4801,4bfdb261c20fd7d1bf5d0f19eed48789,delivered,2018-03-31 21:03:29,2018-03-31 21:15:22,2018-04-02 22:52:29,2018-04-04 00:43:46,2018-04-12,9a0e9e475f49939c1db504dc7c6c2281,2018-03-31
6fbba1795fcf0ee3755b9d3c33360f64,17ad940941a7926e0e82b5a341f5b3c6,delivered,2018-02-28 14:37:14,2018-03-03 02:50:27,2018-03-06 15:39:03,2018-03-22 22:21:45,2018-03-23,64ec22ca5360b0d710270ffcfbf5f550,2018-02-28
627e47b61d377f25bcbf4528f2f4c78a,8cb3e52ac0b98f4198ada15a8def242b,delivered,2018-06-24 17:03:24,2018-06-24 17:18:27,2018-06-26 13:19:00,2018-06-28 19:04:44,2018-07-24,a5a0f2d8ec5aeb1e51580608c9e6c232,2018-06-24
3ca573452c1546150e8fd1e02b5603a7,3c78bfd891da95dc74a25cdb244f5a46,delivered,2017-12-12 16:04:58,2017-12-12 16:17:25,2017-12-13 21:07:32,2017-12-22 19:29:57,2018-01-05,115002a10fba794231a3efa56dc08266,2017-12-12
846b560326bf3574c22964443fe7c5f1,e0e7ee625cb2646f1049f7602dde6d37,delivered,2018-06-04 12:38:18,2018-06-04 12:50:47,2018-06-04 13:58:00,2018-06-08 10:46:47,2018-07-12,b5585a338bb22b66f02541df26cbb9aa,2018-06-04
bc36a6d118d0b05ade471f42c007f030,e0ff14c038823f8ec538acf57d920b97,delivered,2018-03-14 16:25:20,2018-03-15 03:15:38,2018-03-15 17:47:24,2018-04-09 22:56:24,2018-04-02,ca4601bf00c1021bf16c4a0dad185d96,2018-03-14
9ff3befac1804f201a935c589a8a1baf,33274c7a5673ba426b910ce5311a4f28,delivered,2017-08-02 10:24:15,2017-08-02 10:35:27,2017-08-03 15:13:15,2017-08-15 17:55:58,2017-08-30,9892e06a367c1e960cc410e6a43fcd88,2017-08-02
0d4a6a514fd319d11eda911eda30da6a,79d047607f9ec18553cee7b117499d34,delivered,2017-12-13 14:35:31,2017-12-13 14:56:53,2017-12-14 20:17:17,2017-12-29 19:14:24,2018-01-17,ad32aa55d25c7c046b06aa88451bf224,2017-12-13
1bd28aade2a26491d158189d9682208f,7752330c31a74c8d479d3349b36cbf7e,delivered,2017-07-14 12:07:00,2017-07-14 12:15:24,2017-07-17 20:05:39,2017-07-21 19:19:43,2017-08-07,7dba25bfbabd35dcad9987c95f4edc36,2017-07-14
26bb5de8af735f6720c8ed5eba9c0e9c,ac5464f145e02f0f756666b3e8792cf7,delivered,2017-07-27 17:49:19,2017-07-28 17:55:19,2017-08-02 20:32:44,2017-08-11 19:08:03,2017-08-22,f39c6ebf797e244ae9c657b895888974,2017-07-27
edc36ee3af11ecb32d7a645157133b06,52eca42aa50ce59166f39feddae85384,delivered,2017-06-12 15:14:19,2017-06-12 16:00:08,2017-06-14 16:58:04,2017-06-19 20:54:37,2017-07-05,aa5aa1586dc9b67874dec7e4b33dec91,2017-06-12
cd232b4fa3d7c031b04bc3d97e21344b,c19c45ed9d5b3d446b41e1d7f4543afa,delivered,2017-02-09 20:34:26,2017-02-09 20:50:08,2017-02-11 10:42:21,2017-03-06 16:05:45,2017-03-22,c2d8cc2e6cd1292e874deb49f8256db7,2017-02-09
aa962f90c14940f2df3c6184f35a2184,9846306683c9714f38968d69a1911e91,delivered,2018-04-27 11:06:10,2018-04-27 11:31:19,2018-04-30 14:02:00,2018-05-07 19:04:50,2018-05-18,bd47d53905b3ad8074ca05ea90d36a32,2018-04-27
34e7cd696a9d01f8a95731b8d4508ef2,c8276c7dea2e79481adcd0bb48873ec9,delivered,2018-02-20 11:43:20,2018-02-20 11:50:43,2018-02-20 22:17:06,2018-03-05 18:08:31,2018-03-21,ae469831156348e5cca94ed8c71719a1,2018-02-20
1004990414423766bb44a7f633bc0d31,396b5a4c38066395a3f1fbb86f2cac80,delivered,2018-05-18 11:55:08,2018-05-18 12:48:02,2018-05-21 14:10:00,2018-05-24 23:58:40,2018-06-04,5966cd8836e4b8d04f4f943ad861f90d,2018-05-18
20d192b527d2ef7b59051b87f02c3fc8,74541a9337d058343f559c16d898a69d,delivered,2017-06-14 12:00:59,2017-06-14 12:10:31,2017-06-14 13:34:39,2017-06-19 20:29:28,2017-07-11,7e6046e27fc1b03ec62bf8e8502a0728,2017-06-14
b03d24bc2c3c00492bf0488341fac11d,82ede4a5f9432aca3513ee6ca3f162e1,delivered,2018-03-22 15:01:53,2018-03-22 15:40:26,2018-03-23 20:40:41,2018-04-11 21:08:32,2018-04-17,6316d662bf2427ba040e17b59e860600,2018-03-22
44cf3a952d8e1d64780add94ffd74dfe,ed17f7cfab06ad5010c569513a1093d4,delivered,2018-04-25 01:19:54,2018-04-25 01:30:53,2018-04-30 16:40:00,2018-05-05 00:26:30,2018-05-17,544d24409f1ea525dfd74b6d0bc7d633,2018-04-25
fad130916dfec1c29b876fae7113f4df,1f31077338023a5f942a3cfbde373d48,delivered,2017-09-01 16:42:19,2017-09-01 16:55:14,2017-09-04 20:29:51,2017-10-19 21:03:04,2017-09-21,6373e5944034db48c3328934100ab49a,2017-09-01
46cfd37753bbd00f768165cf4cb7ace1,f648883563c14819f5e6419f89c6be9e,delivered,2017-10-26 01:34:57,2017-10-26 01:49:09,2017-10-26 18:03:26,2017-10-30 16:27:38,2017-11-14,ebb7c2cbb003311bbd7cebeaeeeff8a3,2017-10-26
48aa77d876153f53a73647dd55d01691,4306191b03c176021796f003c6d66c11,delivered,2017-09-20 14:37:12,2017-09-21 14:44:43,2017-09-27 16:53:32,2017-10-02 20:30:04,2017-10-11,24c1bbbecb16d2be7ff3b7939afe7ecc,2017-09-20
c469458d116f862637d6c26ae62ff8f2,dd280839d45cc0f98c6b2de9665909a0,delivered,2018-08-27 22:54:07,2018-08-27 23:05:16,2018-08-28 13:43:00,2018-08-30 20:32:38,2018-08-30,1d2aa136a8aa54abff6fa6906287e926,2018-08-27
a60d571514c73cfc7655d67c75ed82c7,ad5945bdec9120fbc7eab1a9746695a7,delivered,2017-04-25 09:50:01,2017-04-27 10:32:03,2017-04-27 07:18:06,2017-05-05 18:58:07,2017-05-26,4e9ebef71e3a408b7c191082f7ff4dab,2017-04-25
591398abee6f2509ff5cdb6e5068dc27,aed1f857920f7e2b29ba9c65866fd224,delivered,2017-07-25 13:16:11,2017-07-25 13:25:19,2017-08-01 21:22:10,2017-08-12 12:39:50,2017-09-01,e4757815f9041aa60208304a960d9ddf,2017-07-25
f38bf6fe56ece7d6029b0c1dfaa00276,debbe37150b6292d513552862564809c,delivered,2017-06-27 14:01:26,2017-06-27 14:10:21,2017-06-28 15:19:34,2017-06-29 14:44:28,2017-07-12,8abf097266245f9ed2e3ce51cd30e941,2017-06-27
6df3204d235cde9188ca8235366848b7,bcd3b772c85178c6ed242c4583634ee5,delivered,2018-03-21 11:28:35,2018-03-21 11:48:06,2018-03-21 22:05:20,2018-03-23 18:22:13,2018-04-13,2fb21822852abb9bbc5e1a0ded1f57f3,2018-03-21
2b9fcc0b86e42aaa05818596c7d9299a,95ac0014a9d1cd441615173651fa0a1d,delivered,2017-11-16 17:00:37,2017-11-18 02:49:04,2017-11-21 22:35:43,2017-12-01 21:29:33,2017-12-18,c957b57bcaff0ed3a494d95c865de4a1,2017-11-16
5fe46d14177744ae2180101ce19bb414,8dcc5cd0569e6c1cfd0444e4a26419d4,delivered,2016-10-07 10:06:58,2016-10-07 11:39:34,2016-10-15 10:32:35,2016-11-01 16:37:59,2016-12-09,c6b482cd350f5dc9a48ec4c1292c72bd,2016-10-07
7c14826dc2064f880f7652f2b1da73e4,459d2dd32c51b04f7abbeeaea3e7817b,delivered,2018-07-30 09:37:39,2018-08-01 16:31:38,2018-07-31 11:19:00,2018-08-03 19:47:31,2018-08-08,c419ea1f189b80201bc1f4d1b18dd8a7,2018-07-30
c51ac8cd56af613cfb3e2c369123b13e,953b0a0f6715248c04f170568a6c7447,delivered,2018-07-24 20:40:54,2018-07-24 20:50:29,2018-07-25 13:19:00,2018-07-30 16:38:38,2018-08-20,d599aa7fb30fce169e12761230b0d1ea,2018-07-24
d121cbcb7091fbd55ad0344e0f045982,4068269eb194e5957c5b2abce6939ee4,delivered,2017-04-16 09:41:25,2017-04-16 09:55:09,2017-04-18 15:44:55,2017-05-03 15:42:52,2017-05-18,5a45f9d1a2c0e7a3a1b7bf2181cd4322,2017-04-16
fe47e32d0b287864d6165d74e35dbb24,2d6da4042469910884f3a942f857e677,delivered,2017-09-07 13:44:33,2017-09-07 13:55:18,2017-09-11 19:28:00,2017-09-20 13:24:06,2017-10-03,a9f1e855e2fc26d78311ecb425b64dc2,2017-09-07
0b4ff1c8f1d6e97ccd8e3ff14b4a663d,37545d081a2bd27b805a154aa6ac3a73,delivered,2018-05-01 18:39:33,2018-05-01 18:54:08,2018-05-03 14:29:00,2018-05-08 20:08:42,2018-05-28,09aefa81fc97a149e321b5f152fe713f,2018-05-01
6417f67a71244b412018b626fcb084ee,7e9eaa6e37766b7066e95f9153958dcd,delivered,2018-08-10 08:09:28,2018-08-10 08:25:09,2018-08-10 10:25:00,2018-08-27 13:02:58,2018-09-03,7ae0d12487db80163fd8a2c7506ac52f,2018-08-10
c4746ccd04aef8864a52efd2b5fa6c1f,ab132cd403ba599bc39ab58202cfa789,delivered,2017-11-18 11:57:21,2017-11-21 03:53:22,2017-11-23 18:42:19,2017-12-07 19:22:41,2017-12-12,c197a7c026519942ec0ed30d9d80ff15,2017-11-18
62b2d948f0d2de4fe48b034bbdedf94c,b75b98505892c6caa0292f5abe181ef6,delivered,2018-06-18 08:37:00,2018-06-18 09:01:15,2018-06-18 14:16:00,2018-06-26 17:31:37,2018-07-12,68fff92320db6e5e17479bae49c95498,2018-06-18
bdbe8da70dcc6e6a23a1893aa359d547,3a4f1f119930e2189a86a6d228f02736,delivered,2018-04-15 21:43:52,2018-04-16 21:52:25,2018-04-18 17:26:21,2018-04-28 16:36:39,2018-05-07,ec25f363e181051a5e191e70c534029e,2018-04-15
d699f9002b554ba113242e137107125a,b7e54c39cd257eee0fbfea32e550d84b,delivered,2018-02-28 23:30:36,2018-02-28 23:48:19,2018-03-01 19:48:25,2018-04-04 17:12:47,2018-03-27,824f9de4f47ccd2d6b1dc6652e06dfb1,2018-02-28
ec089ea63c9167d2ee9a19ab32d22062,1df222087ffead2c284860cfbd77353c,delivered,2018-08-06 23:52:06,2018-08-07 00:50:13,2018-08-07 15:08:00,2018-08-13 22:16:34,2018-08-14,39dddcbd76319f479030f4d291ef9592,2018-08-06
5e72e690a237d037ac0c7cec81dec909,d73e78a0ebcdac80f93f4b9726c6090a,delivered,2018-01-05 13:43:41,2018-01-06 13:37:02,2018-01-08 21:49:50,2018-01-15 19:23:06,2018-02-01,626daec3aad6ce75a63914e318cf4d46,2018-01-05
2c42da58ddeeeffa46d6ddc5e6725e31,7bcc8224c35b0255465d83404c662c23,delivered,2018-06-18 22:14:06,2018-06-18 22:37:05,2018-06-19 10:54:00,2018-06-23 16:46:32,2018-07-12,7c6c7c9d99111878e8a53eae17cf37c9,2018-06-18
0b98d69e5b550f6727dc0beb88d1694b,0c5609d2ffeb93f99526462c979f5310,delivered,2017-10-11 13:35:05,2017-10-11 13:49:27,2017-10-13 18:41:51,2017-10-24 18:17:57,2017-11-01,9b275afa65b2ddf85f643914901714e9,2017-10-11
4836de5d09ae58d55773d2e0179dccba,27aaeddca599950cc228761e44d961fe,delivered,2018-05-16 13:03:59,2018-05-17 03:16:19,2018-05-17 14:34:00,2018-05-22 16:42:51,2018-06-05,ce9989bb0aad83c45f786a5b4206d038,2018-05-16
80bf5465cc35f5b4d33de5b5e7cfb0e9,56c930e539e342f070d8a041f9412e5b,delivered,2018-04-07 23:37:15,2018-04-08 23:30:22,2018-04-11 22:06:24,2018-04-13 22:08:42,2018-04-27,12f2363cfd748e5e55aba493de0b383a,2018-04-07
d2552e76ec6452aab67702bf3ca27f7b,e5675d86e4afbc561a4beec7775961ed,delivered,2018-04-24 16:03:10,2018-04-26 04:10:56,2018-04-27 14:06:00,2018-05-07 22:12:00,2018-05-28,2f6f424324a772cf880d9da06964b63c,2018-04-24
d6e88a486d079e03b7c919b73facff35,a7b38ad4f96bb76aa8900033476aae3f,delivered,2018-01-19 14:35:07,2018-01-19 14:57:21,2018-01-19 23:28:58,2018-02-16 10:05:19,2018-02-20,f6c8301b8d68ec4e16a72196ac6d75a4,2018-01-19
135873f19ffdd8c0841b7e7b7c45220c,c80dacf7bf207169171e7c16acacf880,delivered,2018-07-19 07:21:17,2018-07-19 07:30:08,2018-07-19 13:28:00,2018-07-23 21:42:36,2018-07-27,9dc5c5fc0d7bc5c1499d9e36d7916c4b,2018-07-19
795bb9f4596c758fdd4a83435bd2bcb0,b1dbcba06e3cd2a7730e15b92d39210f,delivered,2017-06-18 19:51:24,2017-06-18 20:05:18,2017-06-22 16:29:47,2017-06-29 15:59:49,2017-07-17,8b9e886bb1209cf65c034a764a16a851,2017-06-18
b7248875eca77a299fa182dc16258c77,c072a080a76a20bf2710e9e90e239149,delivered,2018-02-02 13:22:52,2018-02-02 14:33:31,2018-02-05 18:13:16,2018-02-09 18:39:01,2018-03-01,15d2493aa522c1040d639aa74bd1fb31,2018-02-02
c024f07f4e10b8bb319211ee4bdd27de,cb54065151fc0e37c78981da5333d98e,delivered,2018-04-07 15:38:53,2018-04-10 04:15:16,2018-04-10 17:48:24,2018-04-20 16:38:30,2018-05-04,79d446c714bcdf090cae56c26039c0c9,2018-04-07
5b71dc5aa10d933a7c579eadd1da1894,3a0d9464f949d26dc04a2d4a13e1aac2,delivered,2018-07-20 11:03:48,2018-07-20 11:15:12,2018-07-30 12:29:00,2018-08-03 20:09:31,2018-08-15,443ed0c23fac9e05d9726d72b9d5d6b5,2018-07-20
1ffb9dc91fdfd3d86671c5dc2a94dab1,b710fefc4bde32cf4e439ecb01c0745b,delivered,2017-05-08 22:15:34,2017-05-08 22:25:15,2017-05-09 15:28:28,2017-05-24 23:27:35,2017-06-08,9dc0bcfa8496ea146adfca26ce1ce551,2017-05-08
7d021c7feafd7a1903f66a05481eafa8,bd19c3833cb6433abb56de807eb0c9db,delivered,2018-03-05 17:09:46,2018-03-05 17:48:37,2018-03-06 19:53:11,2018-03-15 15:04:29,2018-03-21,105761d95a7439fca09ab5f4c5f535b8,2018-03-05
5707df1e7d1d8445c2969eec209a9433,0e358b00a9ec983b8294304c5b66bf7c,delivered,2018-04-19 10:54:48,2018-04-19 11:15:28,2018-04-23 17:11:24,2018-05-26 15:56:44,2018-05-16,cadce0498d4bd5cceb261fb4db56b855,2018-04-19
3cd74c600666380ec586606e62f1d20d,581bfa7dba0e2af6de4773278a40f128,delivered,2018-05-27 21:42:16,2018-05-28 21:55:28,2018-06-08 13:43:00,2018-06-12 17:58:47,2018-07-12,b6fed6dcac8cbb66092059919d9b4017,2018-05-27
454a297f19c15e3f7a16c16961029402,d1bae39e16e67e0de7db76605561f3cd,canceled,2018-06-15 23:27:00,2018-06-19 03:36:36,,,2018-07-12,e83af10a84be1e3a0d6187207de86a76,2018-06-15
2bf7d37aa300bef762cb89e61ac0195f,2b70fd032228c848dca45390515e75e3,delivered,2017-09-19 11:17:22,2017-09-19 11:35:24,2017-10-02 14:26:40,2017-10-09 20:36:57,2017-10-10,4c88d1228c2cf7c2ea777ab8ccd4ed79,2017-09-19
a15c6dda7e45f5df5437f7ceff2f278d,6fa32242ea743649cdd36ee5e906af27,delivered,2017-12-29 21:50:49,2018-01-03 04:12:34,2018-01-03 18:22:54,2018-01-09 20:57:03,2018-01-24,14a0e8a700b8091f49342b6566effb62,2017-12-29
812f5bd0b8bf2c0b7a1ca7589cefac73,96ca1a68160df60b151624cd4a23970f,delivered,2018-06-18 08:40:19,2018-06-18 09:13:52,2018-06-18 14:19:00,2018-06-24 12:42:41,2018-07-16,a8831279a656c9124efb16be8eb33aa0,2018-06-18
9ce8bab700f7de85a07a9ee7d4e18ea3,dfba1d9f756dd0de7b16868ff84758c5,delivered,2018-08-01 15:15:05,2018-08-01 16:00:06,2018-08-02 15:13:00,2018-08-14 21:53:00,2018-08-14,4f2ad3c906341fa7f17cb54526d34427,2018-08-01
a8e3fb06a9b74bd1950e46982e31785b,8188c74760b28a5305cbdfafe183c3f1,delivered,2017-07-19 20:19:34,2017-07-21 02:45:44,2017-07-24 20:04:58,2017-07-27 16:13:57,2017-08-08,e797964f8f960736f0bbca1c5f891a62,2017-07-19
69d8df564956c948d93ce70896bbb665,5d5207416114f10802e88a0c121c2bab,delivered,2018-05-03 15:40:43,2018-05-03 15:55:17,2018-05-09 05:44:00,2018-05-14 20:02:44,2018-05-21,7000942e1af3f75a6bdc6acc514a7796,2018-05-03
b843151eecb19cae9ac31f9b64245df9,620f37f5fe5c09742d29632f11f2b5c3,delivered,2018-05-04 10:14:13,2018-05-04 10:32:28,2018-05-07 15:04:00,2018-05-17 10:51:39,2018-06-05,ceb0ecbbbf89cc654cc55be4b819e46e,2018-05-04
fe09fd9d707ff0915cdf61375ff70a69,053bad9339f2931b4ff9edf287875a36,delivered,2017-07-22 15:01:42,2017-07-22 15:15:20,2017-07-24 19:05:01,2017-08-04 18:25:17,2017-08-17,1bb511ed18ce73188d01da338cd72c43,2017-07-22
969a2e70a6aea318567b09b1b165a52a,987f3e6341b00da1302e1b6867eda73d,delivered,2017-02-06 10:32:17,2017-02-06 10:42:13,2017-02-06 13:47:02,2017-02-15 16:11:43,2017-03-07,53a164cece52ece70a92fc364daeb42a,2017-02-06
87de7ee4012989d6126fe09989746eaf,d750ae01f955a2ee39b07ad92760cbc0,delivered,2018-04-27 15:55:36,2018-04-27 16:11:12,2018-05-03 09:26:00,2018-05-10 17:59:44,2018-05-29,4c2fff3d2df31cd85717420a7cf590da,2018-04-27
484e56ded428e884844b504d37d0fbca,77ea0ef7f3bcb00b7066ebfe8bca2487,delivered,2018-05-09 00:25:48,2018-05-09 00:35:16,2018-05-09 10:34:00,2018-05-15 17:17:07,2018-06-07,3fc30bf5709327985d411df069da8287,2018-05-09
36bf83403fbfa11f0cf0691bb545752e,c9507333f1adf471ae7b77aa0f137277,delivered,2017-11-28 22:46:27,2017-11-29 02:21:44,2017-11-30 17:46:50,2017-12-03 16:58:54,2017-12-12,6fa75bcd8374aaf022bf590a4aad45e2,2017-11-28
f72326e05e84a96d5565a8809452238a,8b98b59b683fc78ef2a248040c22fd5d,delivered,2018-01-09 20:14:24,2018-01-10 10:32:00,2018-01-12 14:50:22,2018-01-17 15:59:04,2018-01-30,b2ebb0b81ce42f1c76e8c1f100550464,2018-01-09
448665b537bdab4bf716e851df213e2f,10838612801f7a74e2f5531f7df45ba3,delivered,2017-10-12 17:00:33,2017-10-12 17:15:34,2017-10-13 20:41:16,2017-10-19 22:13:17,2017-11-03,69ea433e6a6cb084ec51bacc99b894ea,2017-10-12
a35b086d9dfac1991ee12dd08387c3df,5d146952f0acdbd826edb7fd2fe0e7b0,invoiced,2017-12-08 23:08:08,2017-12-08 23:18:24,,,2018-01-16,b734a01d610d7edbea081b57cfe98740,2017-12-08
4316bb50be3f59538c354e3d820f1d9c,53d0d57a831ac8e59163b26f673c286b,delivered,2017-11-08 16:45:13,2017-11-08 17:30:51,2017-11-09 23:18:37,2017-11-29 23:15:51,2017-12-04,c4df1c552768d563946ee1c9a716df55,2017-11-08
215a2af7298ced2c65d785d397e04880,20704243c0427b370d6def78ecfca2da,delivered,2018-06-21 22:42:52,2018-06-22 10:19:03,2018-07-03 05:40:00,2018-07-04 01:48:53,2018-07-18,a46f69888dc50e40895d89767c270eeb,2018-06-21
b9e69989a006047e2c8ee665b51b10db,21dd1ac1e4a720eb485542edce3b99cb,delivered,2017-02-07 14:24:33,2017-02-07 14:42:07,2017-02-08 15:16:09,2017-02-15 11:09:08,2017-03-14,4c9063f888013561303ec315513d7421,2017-02-07
6b44058917b7d56ae8c4ff52f9c65a2e,1f9da3850213ca78896a0c08e41a5f06,delivered,2018-06-15 09:38:46,2018-06-15 10:00:51,2018-06-18 14:52:00,2018-06-19 19:54:49,2018-07-04,0773077998461cbbc47cf9ba3fd49000,2018-06-15
37ec91b7248a28948cfedf05c2a82b15,0443dd75d52f59a5b0061b149534737e,delivered,2017-11-29 14:08:40,2017-11-29 14:29:50,2017-11-30 21:09:46,2017-12-01 18:54:35,2017-12-13,ce2281ae0cb85fad394e9fe1695336a4,2017-11-29
20094b8f6c86b44a261781b9b2aa3b54,3318dece9882e997922d7392849e4e71,delivered,2017-08-15 19:15:31,2017-08-16 19:44:47,2017-08-21 19:27:42,2017-08-22 18:28:05,2017-09-04,edbb584f4380b94240bb07dfa80b3313,2017-08-15
157ca6af9e09fbc0742ec25ceb3f0f67,501a71dd201c522f49ddd9630e71f24e,delivered,2018-05-07 18:42:24,2018-05-09 03:51:47,2018-05-11 11:12:00,2018-05-17 19:04:09,2018-06-05,28c168011ad8f640afda4c852be57df3,2018-05-07
54a4cb7fbd793ac4fa5f2a5dd9e1fe8f,a6f56bc4dd05d5f3ac085cb1f2059b21,delivered,2017-09-05 11:10:05,2017-09-06 02:50:38,2017-09-08 16:57:51,2017-09-13 19:25:53,2017-09-28,e3c85862f94505287c37eafd177c46e6,2017-09-05
a6402daad4bcaddba5bcd6e7ce6336b4,3112bbd2877bb3788014d8d1a2e90081,delivered,2017-07-18 11:40:22,2017-07-18 11:50:30,2017-07-19 19:22:35,2017-07-24 21:23:44,2017-08-09,112960428d6d9b1b4a5fc26c1d87ebe7,2017-07-18
e33408facb2edeacee1b12d13b100fcc,0c65144301b9eb1274a016aedd1248cb,delivered,2017-03-14 13:41:31,2017-03-14 13:41:31,2017-03-15 10:34:10,2017-03-21 11:51:30,2017-04-04,0894227c11f8b1ac819ff943c6c0a612,2017-03-14
1e21edc6c6810b5779fa6685c82a6a89,74d3b928afa7a5a2898679551b835833,delivered,2017-08-11 11:14:32,2017-08-11 11:30:16,2017-08-16 13:57:54,2017-08-28 16:32:48,2017-09-06,3359a47fb58dd5540f33982a3a3fe4bd,2017-08-11
42bd28552ea6f85e74f4a7ddd47705e8,e29c02f3bed1ee97599b22e64a45afe0,delivered,2017-08-30 07:49:43,2017-08-30 08:03:55,2017-09-04 21:21:49,2017-09-08 16:35:13,2017-10-03,1c41a3e89cae11c7f7a0993917880e55,2017-08-30
5754566e8ff4366d7b0af3c53e696a7f,77e95630a7f84d9459031bec4830633b,delivered,2018-03-03 09:19:16,2018-03-03 09:30:26,2018-03-07 16:45:23,2018-03-27 18:46:42,2018-03-26,a6d7b3487151efe04036d1ee2c94f3af,2018-03-03
cea0364e8ea12a04f546c4dccc33d293,105a5a1625925a605d7760ad2f26c30d,delivered,2017-05-25 10:20:03,2017-05-25 10:30:18,2017-05-29 11:09:48,2017-06-12 11:53:03,2017-06-19,34c1b07921fed52ec2be5d81b827f3c8,2017-05-25
4c30a2a359ec6761932ab678ab9752b4,8603ee4e79703356c59ceb07a2deb05a,delivered,2017-09-07 08:08:02,2017-09-09 05:10:24,2017-09-11 14:09:29,2017-09-28 11:20:07,2017-10-11,52520bd0e61f8dd00a8e3ebc59fd5b0d,2017-09-07
0bfda4d08d29cbf3e31f33c5e213dc77,9bdfd92c9de9aa9e3e00ce21c057ca47,delivered,2017-08-15 11:16:21,2017-08-15 11:43:56,2017-08-21 14:23:48,2017-08-24 18:33:53,2017-09-06,c981776f7b256cedcc05020207729b17,2017-08-15
677cebcf344bca22b07250e7548bd8bc,294741bfaf620181357e0e7306681698,delivered,2017-05-01 18:11:52,2017-05-01 18:26:01,2017-05-05 12:32:57,2017-05-23 15:22:26,2017-06-12,5ffbc70da7ad1808b6899421caa84fbe,2017-05-01
434eed8762b5d851fc7ce3bcee924dc0,6fd23de3adc8571bc18b58047bdf6e23,delivered,2018-07-21 13:46:09,2018-07-21 13:55:21,2018-07-30 11:55:00,2018-08-01 14:41:58,2018-08-14,182053495bc94c2f41090ce8c41be266,2018-07-21
a4c0c3903b0f57f415ce5dc9d3bae784,cc24d407f07daffa567db41bad83a529,delivered,2017-08-05 13:44:23,2017-08-05 13:55:16,2017-08-08 12:18:56,2017-08-09 19:28:12,2017-08-18,d6c8aa9d59c3d33c00586afbc9558a8f,2017-08-05
9a76a956393708ff6aa96e285bfc7653,79a998553427e62e97245120b8009ea5,delivered,2018-05-31 09:58:56,2018-05-31 10:14:05,2018-06-04 11:59:00,2018-06-11 18:18:34,2018-07-04,8b7d60bdc538dd3cfb06cadf62775610,2018-05-31
7b0fcd13508eefd79ce1d4710d9f18ea,7318f3f3c128dba4acd2259973734d57,delivered,2018-06-01 21:56:28,2018-06-01 22:10:59,2018-06-19 14:10:00,2018-06-25 11:32:34,2018-08-06,bd3540e8089ca7a44583e0e4c166ea69,2018-06-01
f3a33f848e8832a478311936fc91296d,da0ee5f74db80f23d8d83f7a24fedcc1,delivered,2018-08-08 10:07:59,2018-08-10 03:05:27,2018-08-14 11:54:00,2018-08-24 19:25:31,2018-09-03,f82d9ec16fefedd21547206c3e511f5c,2018-08-08
0c6a35b799f52f904a18f2810c4d1772,ad48ee61dba1606e5ee496ca03710f83,delivered,2017-10-01 12:09:38,2017-10-02 12:24:36,2017-10-03 15:49:00,2017-10-16 19:50:02,2017-10-26,6ba9ae471d8a19202d6462a17f03e831,2017-10-01
73f41c25f81a3fc68fefa0cdb0c73d97,f94420fefe24486cda8f4c17de67037e,delivered,2018-03-17 19:03:15,2018-03-17 19:16:00,2018-03-19 22:48:47,2018-04-18 13:55:26,2018-04-10,3bb71d80971e282b80a9440260c72999,2018-03-17
23923af7b4df1da5db096c921e728325,6331b4b146b9f298fef30a6cdb08432a,delivered,2017-09-09 19:17:47,2017-09-09 19:30:17,2017-09-11 20:54:42,2017-09-14 23:16:53,2017-09-28,c97b2ed8143afc4bd58d278bab98637b,2017-09-09
57ad546c4ee60f252c608efa534c0fbc,b9fd5b4c39fe588051227f447349d1c8,delivered,2017-11-15 02:53:40,2017-11-15 03:07:19,2017-11-16 18:21:25,2017-11-29 21:37:56,2017-12-13,9220eb0fd3765b957a4e62474d7da7e0,2017-11-15
6f836daf60e4b6e978d737f822dab814,b012fad340eb3e8c7d7b2b193be76831,delivered,2017-10-08 20:09:56,2017-10-08 20:24:54,2017-10-11 20:08:51,2017-10-24 20:49:56,2017-11-06,bca4d279d433742656c21d4c3bdd4dd1,2017-10-08
2510edbe89c8a6619825946951fede44,4407dddca7b3871ab10fc818835140a5,delivered,2017-09-21 23:32:26,2017-09-21 23:45:31,2017-09-22 16:22:31,2017-09-25 17:55:38,2017-10-06,187fd255c185720c740bbcd1efaa5714,2017-09-21
a61bafa3b59313a79ecd7be1ca2a2477,5d2c31fb208857c95e5fe089f10e0479,delivered,2018-03-22 22:57:32,2018-03-22 23:10:26,2018-03-23 21:22:06,2018-04-05 16:39:08,2018-04-27,5c4ebb8ce7676ef6aaf26df2a48fb102,2018-03-22
e52e3bb7c81185421afe0e51a9a58b84,2bb888a937b336c2828489c8e5b49e8c,delivered,2018-05-09 10:22:11,2018-05-09 10:35:21,2018-05-10 11:50:00,2018-05-14 21:03:57,2018-05-29,97ef0043be8aa59c7b3b100e569b1beb,2018-05-09
5bf2faa0ca6a4d0baff82907f7495f79,8300b253882166d54df794107d32f0bc,delivered,2017-11-17 22:24:01,2017-11-17 23:31:19,2017-11-22 19:56:56,2017-11-29 16:55:07,2017-11-30,a09a3b1eec6b18cc3e3235d93ceeed29,2017-11-17
cc5e9d025a1ae5c0918b83318788f125,42e372fe412d18d9887af5d674b4c7ca,delivered,2018-01-26 10:49:11,2018-01-26 11:01:14,2018-01-27 17:14:46,2018-02-01 22:25:13,2018-02-09,e0ac0b8147ab32f2556c94f8271f1016,2018-01-26
da0f19a3cdfb165aec35e395bf5406ea,3ecf287e60258dfed757101c7228bdf1,delivered,2018-04-17 19:05:50,2018-04-17 19:15:32,2018-04-19 19:36:39,2018-05-04 18:24:36,2018-05-18,d10e1d04f94eea6c40bc55ad964930f2,2018-04-17
bbfe26a0861cbb443d2a659879dc0cb0,67603d75e8c5c2703659fecffe85f8c7,delivered,2017-08-30 21:53:26,2017-08-30 22:05:47,2017-08-31 21:17:47,2017-09-05 20:36:50,2017-09-21,d5c292f46fa456aa01d07bfb639118b0,2017-08-30
2ef6fc47bb9f3e0ac4a943d408fa123f,5299f26b5b5f89cc7bdbfa82c2fe92e3,delivered,2017-02-28 14:19:37,2017-02-28 14:30:11,2017-03-02 11:36:33,2017-03-08 16:06:55,2017-03-21,8deeb5eebb9fecb2822c9a4a1240a5b9,2017-02-28
43aea00688432023d9379f16ecb631b3,e4d7a84047ebee5d6e06108df76d78dd,delivered,2018-06-26 22:23:51,2018-06-26 23:07:49,2018-06-27 11:04:00,2018-07-03 15:58:52,2018-07-23,5a5dcba9080af46b675ab9a3ceca4952,2018-06-26
7da11ffea33e5f6e42aeb19d45e50e31,cd315df8696253c1319ad425de037e8d,delivered,2017-10-14 17:03:38,2017-10-18 03:08:46,2017-10-18 17:48:30,2017-10-26 19:55:11,2017-11-08,102059267b4ebc0e688b548d7dce5da7,2017-10-14
033bac5f45a9d0cf7be5e47f03ed1e44,b0ea223f5d75e25779fd005154765c3f,delivered,2017-02-05 17:01:06,2017-02-05 17:10:10,2017-02-07 13:28:10,2017-02-16 14:54:00,2017-03-07,b331ffa5c1df4e360f78fc2c8919c9ad,2017-02-05
ca2da77928f874f22b190d791d8fc780,b9f9d54696bfbb8181c2e0754ddd8b7e,delivered,2018-02-15 21:25:56,2018-02-16 21:26:56,2018-02-19 17:53:33,2018-02-20 19:04:43,2018-03-01,5afd7306d740e33d1115bd8afd4246c9,2018-02-15
f797c7f21e67c1f4ccca1caf68287ba5,6a7c981e814eb0d050b3293ab8f41af8,delivered,2018-06-28 16:47:58,2018-06-28 16:55:29,2018-07-03 10:05:00,2018-07-05 23:08:49,2018-07-26,66ae4493fc7c710a8db6d9620901f40d,2018-06-28
d416e69ac2b8a56d17f9b3ad10bb37b0,918682ce20388377743df77dd23645ef,delivered,2018-05-23 11:58:01,2018-05-23 12:15:01,2018-05-28 12:38:00,2018-05-29 15:56:50,2018-06-19,ad39475d18fc97e31bb5fc35b033946d,2018-05-23
fe4a285b8a60b67f05e9767412f5b93c,be46df4794953311371e51623e1a1835,delivered,2018-08-23 12:56:27,2018-08-23 13:05:15,2018-08-23 13:15:00,2018-08-27 08:24:45,2018-08-28,547a1e0f4b92c02fe1c106a80bde2c56,2018-08-23
264ab2016a5152e0d554f11fb4324d80,188ea0f9daa3db8d23f2b825ada26485,delivered,2018-05-18 23:44:29,2018-05-22 08:33:53,2018-05-24 07:06:00,2018-06-13 19:58:20,2018-06-05,bd95ba9cb802446c00a3f490fc8980eb,2018-05-18
3b605dc5eb6e1c1bc6d88b500772567d,da77a9b3beae6f34b9bd97fa26285664,delivered,2018-01-14 20:03:58,2018-01-14 20:14:26,2018-01-17 22:12:21,2018-01-25 13:13:46,2018-02-19,eab79251f142f75cac90d0fab01c9b56,2018-01-14
e4b437b9b4e691fcbeda579782c84954,601a2aa2741cca3ed4e8cb92d34e3397,delivered,2018-02-06 08:56:48,2018-02-06 09:10:14,2018-02-07 23:33:18,2018-02-21 03:59:07,2018-03-14,dace335d3f1f7f06f20495536ace70e0,2018-02-06
b7f8b0ec8242c32730504ca558390211,818aa1212d9e31bf20f835eef11cffdd,delivered,2018-03-02 14:56:52,2018-03-02 15:15:28,2018-03-05 20:17:02,2018-03-29 21:45:34,2018-03-20,0d8dad477b2c689921515eaae0c2c8b9,2018-03-02
24e3104e1b85e87a36644fa9530bc9b4,e7e691951b9a5d1b3f7d6f3953d2f0a5,delivered,2017-11-10 14:19:52,2017-11-11 02:50:33,2017-11-17 11:06:56,2017-11-20 17:58:49,2017-11-27,5fd82666f1e64606820d24e3fbb5d160,2017-11-10
f6f0b540e89f9b3f6f256e9c5c739f6f,45632580026f9ec1b0b512437cc31fe4,delivered,2018-07-01 11:24:10,2018-07-05 16:03:22,2018-07-05 14:58:00,2018-07-10 18:04:51,2018-07-18,2b623f6a231252cec7fbafd865725b5f,2018-07-01
5a18318628961a2982d19b5ef6026e2b,25b1719c0299fd49ac7adcda9e05da38,delivered,2018-02-24 17:49:15,2018-02-24 18:07:25,2018-03-02 22:13:37,2018-03-19 17:28:52,2018-04-03,a7986e0208cca640dd67c245525231b2,2018-02-24
b87f0af53388149e08ee91a0b00816a0,fb2723ec0f0d66b08daab79d416b1765,delivered,2017-12-25 00:08:10,2017-12-27 04:09:48,2017-12-27 21:59:21,2017-12-29 18:37:00,2018-01-22,361b5c19f63c93dd2accd5e3e001bc06,2017-12-25
c8826f96345684006a11c8369cbc3457,b9182ef1cba7fc267c6e2404cce8f575,delivered,2018-06-10 19:44:09,2018-06-11 20:05:27,2018-06-12 08:16:00,2018-06-15 01:12:20,2018-06-20,e89872ba313a51d0d7d22b8b45371142,2018-06-10
1c7cb97df72bc6c604e6019104e2b2b0,71d1b32e176a27a0cef466de5e303c50,delivered,2017-03-14 17:35:44,2017-03-14 17:35:44,2017-03-15 14:00:12,2017-03-21 08:42:12,2017-03-31,f460746eb855b2169ba51098bc4b067f,2017-03-14
c33368133f0a06d3c803f11e48f17309,046219c81738d6ee539ff6c04faa8575,delivered,2017-11-11 21:39:07,2017-11-11 21:50:37,2017-11-14 22:06:46,2017-11-27 14:32:22,2017-12-12,037ebbb3507dc1717f22ee973771c9d8,2017-11-11
f0ec9e0d0b7dc986a44094cb9ad62d40,d1b609ea6019690c926e752444343efe,delivered,2018-03-20 15:43:28,2018-03-20 15:56:08,2018-03-24 00:51:43,2018-04-12 20:40:42,2018-04-23,f7faea6668595e3ccd7a9a72dcd36672,2018-03-20
9287e4565306ec8435df6a40c6f481ac,f4cf791c1b6a500f0140aa4cb7503f8b,delivered,2017-08-29 22:51:26,2017-08-29 23:06:23,2017-08-30 13:35:54,2017-09-12 16:53:53,2017-09-26,231fb8431f2fdf470021e8c4c373a4de,2017-08-29
4e6d546fa72049694bdc912c60fc4953,2842a713be186f048490153c66d876ae,delivered,2017-11-19 10:21:25,2017-11-19 10:35:19,2017-11-22 14:53:51,2017-11-23 21:33:03,2017-12-04,0784b838b1830d590aff9b93bbb41f24,2017-11-19
9dcc4e7d4978e71c0c8c8562a72935fd,b8e4ac09d4bd2a74ff84aca7d2ffd511,delivered,2018-07-24 23:12:10,2018-07-24 23:25:09,2018-07-26 15:12:00,2018-07-27 20:34:22,2018-08-07,037d8f5d243514d9ea6e1608a6d532de,2018-07-24
3f44a9cda1067ebddb007aa20dd36bb8,4d24bcf4581b968e3beef8333d0df649,delivered,2018-04-15 15:09:07,2018-04-15 15:30:26,2018-04-16 21:56:53,2018-04-17 21:41:42,2018-05-03,98a42d14c10acfe48be5d3d6ff70c50c,2018-04-15
0dacf04c5ad59fd5a0cc1faa07c34e39,db13a417a95ad304e9674468c17ade85,delivered,2017-12-19 13:14:37,2017-12-19 13:32:58,2017-12-20 20:28:58,2018-02-21 01:25:41,2018-01-17,70f81beee33fd4ac0ebf59d61dee4b1e,2017-12-19
b986ced186e623c3fa979ee09cb4d300,7d8c3a90378f108950bc1f34e987df90,delivered,2018-07-12 15:27:32,2018-07-12 15:45:46,2018-07-23 15:59:00,2018-08-01 00:42:00,2018-08-10,1f45afd2a70585e3951b610c137bcac9,2018-07-12
d45b396bb4c8c3aad3b68edadb33ecf1,9979632fdd77b818a02dc214d57752bd,delivered,2018-03-26 10:11:55,2018-03-26 10:27:19,2018-03-27 02:36:29,2018-04-04 18:33:13,2018-04-12,eb8231815a3f0dc529e686e833f44cd2,2018-03-26
fc1ab24eec2f8d6df1c9afb1e55e84c3,7de6a31b13eb6248852dbdf42611015e,delivered,2017-06-09 19:58:53,2017-06-09 20:10:17,2017-06-13 15:14:09,2017-06-22 17:34:08,2017-07-10,f644a65d67ae3d51c1e5e4ca513bc0c0,2017-06-09
d3d00f8dbea1b9d5ef529fbf674c9a58,29a5c63da0bab501e5166734eb7cdf4c,delivered,2018-04-30 21:00:40,2018-05-01 03:15:44,2018-05-02 14:47:00,2018-05-07 14:12:06,2018-05-21,6af9427a64112e232ba0510b7d02bdd6,2018-04-30
5409caeb5a9baefa9e8316e7854e532f,5774503f5dbbcd09cb88a1fa32f4f88d,delivered,2018-06-30 12:16:02,2018-07-05 16:04:21,2018-07-03 14:54:00,2018-07-06 10:48:39,2018-07-26,912d43df8dc8e521c94fcdd4c94f5879,2018-06-30
e099b030dac1101edbd12206ce97d6b6,c4a04664ee7c04ed7a9ddcd99e07e761,delivered,2018-06-15 12:48:46,2018-06-18 15:56:57,2018-06-20 17:12:00,2018-06-24 13:28:33,2018-07-05,06fc7aa92ce0d23156bd3cf65bd0d7eb,2018-06-15
f230d0ec9b4090458ee413fc7393a5c2,65bee79829145e9bb5772e7a41f35a7d,delivered,2018-04-08 07:50:37,2018-04-08 08:09:32,2018-04-09 18:20:39,2018-04-16 18:40:44,2018-05-08,87787881ff70b9d3285e179010707762,2018-04-08
6deb36cf66e9099e0a5896a34db6c7c2,06de5c754510bc13915d1bb9617fdadc,delivered,2018-02-21 21:34:05,2018-02-23 02:08:54,2018-03-02 23:22:56,2018-03-23 18:37:21,2018-03-16,d35c1881929c56721da272d0524320e7,2018-02-21
0be2a2a52adfb0963b9bb86b3b668b90,b3f0f75df1c064dea7888f0afe738b4d,delivered,2018-05-08 21:04:24,2018-05-08 21:15:28,2018-05-09 15:39:00,2018-05-21 20:48:51,2018-05-29,e287faaa248db587a1100d094d120d2a,2018-05-08
845a50530bb296929ceef779acdc52aa,f422f3383e4607747264dd6be4408c25,delivered,2018-07-17 17:28:51,2018-07-17 17:45:09,2018-07-18 11:40:00,2018-07-30 21:51:22,2018-08-20,f88ae7d5a98af92256e093c6296a2f20,2018-07-17
58fc974f8e0ddd9ce549e3272d0140c0,1e7862bc2a60cacd519ce1af310ac766,delivered,2017-01-30 23:40:39,2017-01-31 01:34:05,2017-01-31 08:47:59,2017-02-08 13:46:13,2017-03-07,c76762dfb642ac154475239639f7f8f4,2017-01-30
57e0ef9b41be8a4b90a17f09290d6d47,5981f77b6ac0b96659b80ef759a9ad8f,delivered,2018-01-10 10:03:06,2018-01-10 10:31:41,2018-01-11 15:46:29,2018-01-24 19:51:56,2018-02-06,8c4478c9d71e3f2e03d57cace6dff18a,2018-01-10
9c5e59d13402e43348641c0293487f76,9d9addc37267270ff9165305944bc9eb,delivered,2018-08-19 18:19:11,2018-08-20 12:50:25,2018-08-21 13:25:00,2018-08-28 23:36:36,2018-09-04,3fe678665ed174230c56f10c156b20db,2018-08-19
1528738cc47c58535712cd56c0f4ad9b,13cccd43a240ebdf4cba52bdcb61b97b,delivered,2017-11-24 19:54:51,2017-11-25 05:15:26,2017-11-30 18:29:24,2017-12-12 00:25:28,2017-12-14,319056cad681ba36a9239cfa38197476,2017-11-24
7e1aa5eb9a99e5ea0681a7dd4bf95e08,154e754af04fd5ba0b7afaad0a638616,delivered,2017-08-18 18:04:27,2017-08-18 18:30:17,2017-08-21 22:46:42,2017-08-25 10:23:21,2017-09-08,5c984df36155ca2d981c6a7d473c1ce6,2017-08-18
e71d2b91255cddf5f4c05e326feea79e,c53f7d6186656381fa2ff8b9bb034302,delivered,2018-01-06 21:33:56,2018-01-06 21:46:48,2018-01-08 21:29:31,2018-01-11 20:37:59,2018-01-31,7323813848f60ac32d5e3a1650884254,2018-01-06
1ff217aa612f6cd7c4255c9bfe931c8b,b3a9bf200375f53cc5c6991919c356fd,delivered,2016-10-04 09:16:33,2016-10-04 09:43:32,2016-10-21 16:33:45,2016-10-24 16:33:45,2016-11-24,14359ea0c7a105749c0a56478825b015,2016-10-04
79f31a7e6b20571d229c2b79cd8c6b54,8f0b5e2b29d170d022d575a3630b429d,delivered,2018-08-04 17:45:43,2018-08-04 18:04:15,2018-08-06 16:52:00,2018-08-13 21:48:23,2018-08-24,8af1a91b2cdfd4c0ca8690cf455ece8e,2018-08-04
256d17dcfae69f2c09f3ab3daf76b0ef,9ee9778d9731b64524a787829a61a2aa,delivered,2018-02-09 10:38:32,2018-02-10 02:49:21,2018-02-16 20:23:22,2018-02-24 12:15:02,2018-03-06,b3dc8eaa25a1212037fae667340f20e5,2018-02-09
93c7ec2b9638f73ddcaefac525f4d7b6,0a6f43d2b03473a5c59ba520a15eb44c,delivered,2018-03-02 16:12:12,2018-03-02 16:31:37,2018-03-08 19:48:29,2018-04-14 12:38:29,2018-03-22,5fbbfaa43eeceb5cca3ce8e4b61f139d,2018-03-02
5d7ac6a387319785f60ff58860a82e7e,013e5c6a0f2d8fef75ebb90f05b0ca59,delivered,2018-04-16 00:50:40,2018-04-17 00:50:18,2018-04-17 22:21:44,2018-04-18 22:31:45,2018-05-03,58920cd5aa8f69847b28e7442950b490,2018-04-16
2526fad09d8d63162755823fcf8d610f,c9cbb7812e672e5691f82619fc2a147e,delivered,2018-03-11 20:08:03,2018-03-11 20:48:00,2018-03-14 01:09:56,2018-03-17 10:45:47,2018-03-28,c384ce97d87ec67551785748d9864b9b,2018-03-11
9b2ed38884a6f4e144ec6ad371ac4112,5c9da7c46add2a59a17f6b8d5c795afe,delivered,2018-04-24 13:40:09,2018-04-24 17:45:53,2018-04-26 12:53:00,2018-04-27 17:15:35,2018-05-11,969549f0b670b3bad4f7861ba4faf45e,2018-04-24
283bf1118a872ce76471f83be536cdc8,6748ba2271afd751721c86c713be024b,delivered,2017-11-28 16:57:21,2017-11-28 17:15:12,2017-11-29 19:45:15,2017-11-30 16:26:59,2017-12-14,cbb0c00ed49accf9709ba41ec1cef8c3,2017-11-28
a1102ae16d394581791ecaf53f5aec6f,e3ce9e46e280d1ef5d646f56de37ebe5,delivered,2018-02-15 12:28:43,2018-02-17 03:47:59,2018-02-19 18:57:34,2018-02-21 21:33:49,2018-03-02,6484b8245e206f9421a11e441ecfa5b1,2018-02-15
6da773deea92afdc15b0010a39d2430e,9665fa0edaaf2d634f3e834efd219267,delivered,2017-08-23 08:25:18,2017-08-23 08:35:21,2017-08-25 20:33:10,2017-08-28 11:43:39,2017-09-05,46fa1edae9b7921e3c9588f24af56ee7,2017-08-23
20368ff725d0f3b5adf1ab319ccecb62,d28af23ed5eff79ffd0464bf67d45b8a,delivered,2018-01-13 12:53:33,2018-01-13 13:09:41,2018-01-15 22:21:44,2018-01-17 20:37:39,2018-02-01,962c6b5225cdd53c41509bc38d3a8217,2018-01-13
9156ebc5786466511701db24f06c5daf,170aa1c2c42c8d22996f6edb9567f3d3,delivered,2018-02-02 13:50:20,2018-02-02 14:51:51,2018-02-08 00:09:58,2018-02-17 11:54:45,2018-02-26,9bb0c424ac503512a806ca2181f4a313,2018-02-02
567cb4e829743d8cc4dd3dc72b6d7136,002ce108ccf0356ef5c8b1dce3c0ae29,delivered,2018-06-06 17:22:52,2018-06-06 17:35:25,2018-06-07 13:38:00,2018-06-08 19:59:36,2018-07-03,e6ad2d9078cb28e4ac6ecef8432e74c7,2018-06-06
9a8eefb69c5d2e80ef6ff433bece816d,6f8c09c3f8d2a8985268d3134d993c58,delivered,2017-05-24 23:07:31,2017-05-24 23:15:18,2017-05-29 08:05:45,2017-05-30 10:46:58,2017-06-06,dbf7903cdc1228888574516f5ef04cbe,2017-05-24
25b07f3f8652eeb49c6badad653a014b,052de1fe665ac4765f9f00a663057442,delivered,2018-08-11 14:20:29,2018-08-13 21:15:24,2018-08-16 15:18:00,2018-08-21 21:20:56,2018-09-25,387dfe9949a341018335ecc237ee7a28,2018-08-11
6d86e90b2538097e14e7868abc08c234,936c9439ded06e68fb2f8156c6e4e355,delivered,2017-11-24 14:19:20,2017-11-24 16:32:18,2017-11-28 23:25:47,2017-12-07 17:31:55,2017-12-14,495b8713b1cd2c3e86819d73eea396dd,2017-11-24
f8b03167e5ba1a53c4cf71a6980ac365,291de21e7af40531dbb32f8af3309cf8,delivered,2018-04-04 11:28:11,2018-04-04 11:49:22,2018-04-05 19:12:35,2018-04-12 19:16:54,2018-05-03,64bdf437fb8ad53e151e8d360e032c10,2018-04-04
544d1f9c5ee516c32d95b568fcc23979,640723015b42f134065fb1f17d15a496,delivered,2018-05-11 13:07:15,2018-05-12 03:32:09,2018-05-14 15:41:00,2018-05-24 15:08:40,2018-06-05,36d2bc80af00b317e0c2e2ce2615841c,2018-05-11
a04a09199fc0fc084effc228a81249eb,91ee1e782c3e581c09b679fbf19224ea,delivered,2018-06-11 02:40:42,2018-06-12 04:17:31,2018-06-12 14:44:00,2018-06-18 15:12:30,2018-07-11,80cd449260daad10832de001429d6908,2018-06-11
b1e602c4c179bc28b8b7acda8ea946d1,b66747a019ea5e7f3ba5ce049592027a,delivered,2018-06-18 21:01:35,2018-06-18 21:17:59,2018-06-19 12:21:00,2018-06-28 23:08:48,2018-07-17,a81c9d4160ac3bef82c67eec0dee5fe8,2018-06-18
fa710f5c53997c4bbed66aedea46a917,7e2bd60b5ee3ab6181ab3f6af2b27549,delivered,2017-10-29 18:56:51,2017-10-31 04:06:20,2017-10-31 18:48:48,2017-11-06 20:32:49,2017-11-24,ffba2b15e7a4608fd6ae9aa92f610dc5,2017-10-29
26c084716c9bc79a4c2991046075e05a,cbcbd1f927339caf11a9dd23b5a461b6,delivered,2018-05-15 20:26:11,2018-05-15 20:35:18,2018-05-16 14:51:00,2018-05-17 16:44:39,2018-05-23,656459445247f7175a236960ee6e849d,2018-05-15
ba42c755d2fd20af5e6ccc193942e46d,85137f7d55bfc6519ee5235ded63f386,delivered,2018-02-02 12:11:43,2018-02-03 02:55:20,2018-02-06 21:26:51,2018-02-16 23:52:19,2018-03-01,c7450098b0fe9fb0c1872fe42fad6795,2018-02-02
6342949969bcfd05fe93e0de9f27494a,eed42f4f54e24cd19f809958a4735cbf,delivered,2017-05-05 18:23:07,2017-05-05 18:30:21,2017-05-08 11:43:57,2017-05-20 19:54:36,2017-05-30,db9a65d11626b6592a2990027f37fb8b,2017-05-05
75e6eea3103ed05319ebfb5947e94b02,3cdaeb38eeda0b1d00cc914d16c3cd7b,delivered,2018-07-05 21:40:47,2018-07-05 21:55:15,2018-07-10 06:42:00,2018-07-28 19:31:29,2018-08-02,4bcdb86e5f9a18d53793b136fe56df5a,2018-07-05
b88684db7b8ebb92f476c54dbdf76913,afc09b8f0ee2950d083a5367c077b4ea,delivered,2017-03-29 11:44:01,2017-03-29 11:55:16,2017-03-29 14:14:14,2017-04-04 13:13:54,2017-04-20,ad738ca30f935923691b794d949794aa,2017-03-29
13252181a93b4bad74b1611626df60cb,eecbbd8f0c46f26f7c86883df3343757,delivered,2018-01-12 21:40:39,2018-01-12 21:50:19,2018-01-16 20:21:49,2018-01-19 10:37:57,2018-01-31,b5f9dc2dcb8c345169eac472eca89911,2018-01-12
2f22ca11baeca9b4aa3f04aa2b1cf6a8,919207acca225d17abeff7ab2ae6aa31,delivered,2018-05-03 22:58:11,2018-05-03 23:10:46,2018-05-07 14:48:00,2018-05-08 17:47:36,2018-05-18,bba5d08c06ea5cb10fc2cf4ec1ca7bc7,2018-05-03
9502098c0c48725f2b3dc32ff2a01466,44a7d00cf2d850e47fa2694eeb62bfca,delivered,2017-07-01 19:23:49,2017-07-04 04:44:33,2017-07-07 20:29:28,2017-07-14 15:45:45,2017-08-01,694d76460713829ec659915cf2b8d9d8,2017-07-01
b6d5aa492dcd580cf6abc148a743a8cc,1b92ac06795410c4ef23420872a93ab2,delivered,2017-12-21 11:24:33,2017-12-21 11:36:27,2017-12-22 16:17:55,2018-01-04 17:43:44,2018-01-22,ace58e75dc28b75c2b91b90b1d80ad29,2017-12-21
e417e04e3bc1fdac9c19f9fc5e137527,49595e928b7aaa0e986f36f8f4bdf609,delivered,2017-11-05 20:51:44,2017-11-05 21:06:31,2017-11-06 19:28:45,2017-11-07 16:18:55,2017-11-21,1aefdb169d82d349ff074518bab4876a,2017-11-05
7d2260eb32d8ffa02b4f4d6cad00d3e9,38adc9c78c7e523c4d11501c90585b0b,delivered,2018-01-14 19:32:28,2018-01-14 19:48:38,2018-01-19 14:29:05,2018-02-04 18:08:53,2018-02-08,12ae4f66ac85512bd5120d46c6ec18a3,2018-01-14
011108c8a3d6eee6807f48a2e639439f,856423159bb2e932fecbc5917bce21be,delivered,2017-04-25 17:25:23,2017-04-25 17:42:48,2017-05-04 13:59:36,2017-05-19 09:26:41,2017-05-16,81e28eaa424ddc2aeeeaaeff72f0f9f6,2017-04-25
71c1a607d67393d01bef51c097368feb,ee62ccc1b368643dc5205c67379c52fc,delivered,2018-01-30 09:56:48,2018-01-30 10:14:51,2018-02-01 00:24:54,2018-02-06 16:07:19,2018-02-21,b6e354c61d4be25b7846ae2d163fd8ea,2018-01-30
ea9070e0203001391550a543c3c33d3b,9c39df44c586da760fc328d8cf2f2555,delivered,2018-01-17 16:24:47,2018-01-17 16:35:21,2018-01-18 22:32:42,2018-01-22 23:28:26,2018-02-01,32dc6136d5aae6aa2e5ebe3613bc1473,2018-01-17
481474f010c7ba31ed88a2af403c0926,f6dd33efc35027b6c112319278461695,delivered,2018-08-02 18:14:28,2018-08-02 18:25:28,2018-08-03 20:01:00,2018-08-06 21:26:26,2018-08-07,1b488d6a0c87d33242faf8d9715d4ff4,2018-08-02
f8f0a2ea20c23215420ae3d9e7fa4f99,37b1fe42b5b139ba20bb3e514809ff6c,delivered,2018-08-23 13:28:02,2018-08-23 13:44:47,2018-08-23 13:51:00,2018-08-28 18:14:31,2018-08-30,acd9aa54ba1fb6d537ea8bb1bd65eed2,2018-08-23
5dd47ef6835a273cdef464b77feacc62,ddb9ebb22b6b4a9a93532d5b61f78563,delivered,2017-11-24 00:35:48,2017-11-24 01:10:16,2017-11-27 15:24:24,2017-12-04 14:47:12,2017-12-14,ec9a6d0a97eb3d57ea8e84083ac75a0e,2017-11-24
9611ab69e91e4ac464dc5db706daf0e6,24b0dd166675f7977b8a696d61e548d1,delivered,2018-02-12 18:52:16,2018-02-12 19:28:03,2018-02-15 19:25:06,2018-03-19 13:20:28,2018-03-15,7b065a32e81cac257054e124eac23150,2018-02-12
19ee088b8cb4afa401a748f8437135d1,85a0f9b7de741202663cd284bab26e93,delivered,2018-08-26 22:50:16,2018-08-26 23:04:24,2018-08-27 11:43:00,2018-08-30 16:57:40,2018-09-04,b7e8af53ea725e96e5773eb529675c4b,2018-08-26
27863884193fa88ed79c356f4f568fe7,6db7d2433a64ccb8a2258d3282007b7a,delivered,2017-02-10 16:27:07,2017-02-11 02:55:17,2017-02-13 12:00:45,2017-02-20 12:31:39,2017-03-21,52da55b9a46cd82986d3fefcd87b455a,2017-02-10
20726d9c26a08e996331e14b78f0d032,6aca3b99950922134b9b05a3a63f2f73,delivered,2018-05-16 10:20:37,2018-05-16 10:37:25,2018-05-21 15:39:00,2018-05-22 17:54:43,2018-05-29,1287466698d604dfca92ef4a10894d17,2018-05-16
7802207732bf2bf55f1994667489339b,9b4f2198d678fac1f1eff05da5061c44,delivered,2018-07-25 11:04:58,2018-07-26 03:25:17,2018-07-26 09:33:00,2018-08-01 00:36:55,2018-08-14,465245bfcd32c50c0024472220b5f46c,2018-07-25
50c4d73707f3154c08eb85d0fd1e5149,923c66d220bd6cc4760eb719e35f0b2f,delivered,2018-06-19 23:13:23,2018-06-21 03:38:48,2018-06-21 15:12:00,2018-06-27 16:18:42,2018-07-16,0045e9ad4d6c85d2323a7ab374b76183,2018-06-19
2f9476263ce8bf1f37045cff473fc886,44720a4d1f25b01c10c75ec4b67e76e0,invoiced,2018-07-24 15:51:16,2018-07-24 16:05:10,,,2018-08-15,c1d2a91016ab5d1ce5242e279f7ff94b,2018-07-24
c359ea677d56a4dc741b767e413a23f8,d3bdb756eacb9782f62c4161f79ba2f4,delivered,2017-06-19 23:48:15,2017-06-21 18:34:41,2017-06-22 11:54:20,2017-06-29 12:51:58,2017-08-10,591a6c4b641cd7cbb7598a3237fb2358,2017-06-19
b354e00a3502421985f7e167ea7d71e7,ad2f21cae206064271be5d1b8d4847b4,delivered,2017-09-17 22:31:03,2017-09-17 23:20:40,2017-09-19 21:03:15,2017-09-21 21:33:06,2017-09-28,f2eb0121c500d1f5cee8f5506c8b1ce7,2017-09-17
aa7c4f87e8a4651e709bb23f0aee94c9,06c3b109d1739bcb38d35bc625ba06c3,delivered,2018-07-31 19:33:35,2018-07-31 20:23:53,2018-08-01 09:58:00,2018-08-07 19:08:33,2018-08-24,8fa601ff91e2b16379eb36737d10035b,2018-07-31
fe9ada7f3e7d6b80fdc7ef06df755976,87f98bd940f6683f5f4af3d649d05be7,delivered,2018-02-06 16:26:21,2018-02-06 16:35:39,2018-02-08 22:23:12,2018-02-23 16:39:23,2018-03-05,9c4220872289f4e0239410f49e02e189,2018-02-06
86c6c3546ddb538fc5ac9ed718d6a8de,42cd00c8e827f807e3a23ad112f9ed86,delivered,2018-02-28 11:00:26,2018-02-28 11:10:23,2018-03-05 23:43:27,2018-03-13 20:58:45,2018-03-19,7bb11399cad0bf69bea0a74b31ed09b5,2018-02-28
86b71e20160a9da812c97f9705d1b5af,8812ce9218b761790dcae63909af684c,delivered,2017-12-05 06:57:41,2017-12-05 11:06:25,2017-12-05 20:18:46,2017-12-16 15:03:23,2017-12-28,1e9eeb2f925795e8b93e7e35e8ae3561,2017-12-05
bee70b1bdf09a04f13d64f908f9bce29,27ba2bd6d097151f42bbe07e058a80b6,delivered,2018-01-18 13:43:56,2018-01-20 09:07:45,2018-01-22 23:54:58,2018-01-26 20:56:53,2018-02-05,a7fe416c9168fbfa1d630895633b6b3f,2018-01-18
1d550821ddf4dbf2ec30545f33108874,9ea58da8a1c1d2896b9d2efc27b43e41,delivered,2018-05-03 19:31:15,2018-05-04 19:34:21,2018-05-07 14:27:00,2018-05-14 15:57:03,2018-05-23,0dc92904fc9eb06bf706f2b953d51276,2018-05-03
c47b1491cd81b1f69d3a774637a45033,9b867d3ec498bd0f095d03b282d1aeb7,delivered,2017-10-15 10:29:07,2017-10-15 10:49:16,2017-10-16 20:22:21,2017-10-23 17:02:49,2017-11-08,7a5abb56a46ca661c013fa1342f60837,2017-10-15
610cf84bb1c6bb3ca1d32ee570a5f89a,7c45ee8b59c28121eb585235e27138f4,delivered,2017-11-25 20:57:43,2017-11-28 04:31:08,2017-12-04 15:22:18,2017-12-15 18:47:58,2017-12-27,b1b9dd807423a49e5ffc2cfc15cf5d39,2017-11-25
e3406c9214774d66295ee5aa96724ef6,298bca5aff2d6407e8f6f356da8f4353,delivered,2018-07-27 16:08:21,2018-07-30 19:31:38,2018-07-31 12:57:00,2018-08-07 15:43:48,2018-08-16,14a43f7b39e8f46a5e39cbebb4d38a6e,2018-07-27
9b959fa2a6e44d5301822150a060b9b4,6e4368a227d0f8e25cd7a533d1e781d5,delivered,2018-05-14 10:39:14,2018-05-14 10:55:20,2018-05-17 14:34:00,2018-05-19 16:44:36,2018-05-25,60c74883445d9c987401de7e46bc7dd3,2018-05-14
7a66067b9e10d4702dd4acd8c3def707,40eb0a4998161dfa5723e56c65d7f1c2,delivered,2018-02-08 23:04:47,2018-02-08 23:27:30,2018-02-09 23:39:42,2018-02-10 13:33:21,2018-03-05,d462eff3c70da295d261b3e6f9ce8218,2018-02-08
defc6ae6af0b116d0e57f31da990ef70,2e677ecb88ca16a7f401ca9b5655286d,delivered,2017-05-30 20:30:28,2017-05-30 20:45:15,2017-05-31 09:23:07,2017-06-23 11:22:00,2017-06-28,eb7bf24d86651c7b79900ac8f78b2108,2017-05-30
2c484d3ab813a339e8c4e18175dcb144,2354967ec18c822dad406707e39b8b34,delivered,2018-03-31 19:04:37,2018-03-31 19:15:15,2018-04-02 16:16:56,2018-04-11 22:08:40,2018-04-19,6a736b20ce228f2fdf1301a9bea01298,2018-03-31
7bbfb7b266a0dd8e46dce73cbd9a64b5,86ee15caf2977e05352f37911a0f71bc,delivered,2017-07-04 18:42:43,2017-07-05 17:41:59,2017-07-06 12:56:29,2017-07-07 18:49:54,2017-07-17,483ae6655534c182b098b9502f5676cb,2017-07-04
126f2d9c30f82426d0016b3a970c6fd1,c4acd09d0272bf794475310d5a14981f,delivered,2018-05-11 09:30:22,2018-05-11 09:48:33,2018-05-11 14:45:00,2018-05-16 11:12:37,2018-06-05,ba6f3f709c113bd3f20d316a0f0d0aa4,2018-05-11
26129745e391aef6de37c94e29d34f11,21d04e5e5388dd3c8964b60f9354c34d,delivered,2017-11-28 16:44:09,2017-11-28 16:58:32,2017-11-30 18:48:50,2017-12-21 15:42:46,2017-12-21,4d5c2d0ec0b2be15bfc635ed1dfd483a,2017-11-28
a8dca6a1942e9103b78f5aea8b50a884,5e1dbbe153c43c9a400ca2f548ac2db6,delivered,2017-11-24 13:08:44,2017-11-24 15:14:40,2017-12-05 00:57:02,2018-01-05 16:49:25,2017-12-15,105b3545df1ec6973a1af5e1654242ec,2017-11-24
20c50b79ccf3492546de6ef891c03ebd,f9571e20983191e5d5d13f9103581c11,delivered,2018-07-12 10:59:14,2018-07-12 12:06:02,2018-07-18 13:36:00,2018-07-26 23:52:34,2018-08-03,3facecb23e94a029d3ed9f8370e16249,2018-07-12
8705952cd7acd4e5d97fd2f650fb072a,6feb55c5921603872716b00590f643fa,delivered,2017-06-06 10:42:51,2017-06-06 10:55:14,2017-06-07 13:49:26,2017-06-14 08:32:27,2017-07-03,7ab96699a10835c7d3dc8dc9c25e38e3,2017-06-06
6cedba94f8e590847115a3beec40a4a9,ecf10955a3d2fd47abb208b18705d7fc,delivered,2018-02-16 12:21:11,2018-02-16 12:30:35,2018-02-19 19:06:40,2018-03-21 20:08:22,2018-03-13,2704dab07b4cf9b114d280459f4e6f34,2018-02-16
93999ce665023ff8268e26a12fc25bc3,f693a616b17d72422b9cdfdeba90252f,delivered,2018-02-06 10:49:35,2018-02-07 03:10:08,2018-02-14 17:47:09,2018-02-26 21:43:26,2018-03-05,74ea4ce57f080f34b6ccd680a9fdfb25,2018-02-06
102dff93d9ff9180027b57feff2f34cc,607f61c673a8d9f19a81f89a9fb081bd,delivered,2017-07-13 03:15:21,2017-07-13 03:30:06,2017-07-13 16:39:54,2017-07-14 16:16:47,2017-07-26,7db2e770f207b919316e20d6a183ddd0,2017-07-13
6ca082050a10dae5dab834fd026cce34,cbafcae6785f52f8deac0cfdf3e3fe01,delivered,2017-11-17 22:07:28,2017-11-17 22:26:09,2017-11-28 18:42:05,2017-12-01 17:45:03,2017-12-06,dafeae816eae60919178510f01f74e45,2017-11-17
a84a2c86f42a79c101ac5783d3881645,f846253dc08e8b7795097475a05ab860,delivered,2018-01-23 21:08:19,2018-01-23 21:20:26,2018-01-25 15:58:51,2018-02-14 14:35:15,2018-02-20,5849e110158ba123aafd3f0bdb51078e,2018-01-23
f47f217e6978ad1f6991ec7d9444b0eb,31368b408d16b4b87746e04755b8b870,delivered,2017-01-31 19:17:03,2017-02-02 02:50:35,2017-02-02 18:16:07,2017-02-08 07:21:26,2017-02-27,bd859b24955ed06b0605a79f60ef34f9,2017-01-31
fe7edde8e7e558480c547a75af47bde8,63780f9d765244d69b1059b12aec2317,delivered,2017-08-18 23:09:46,2017-08-18 23:24:33,2017-08-22 19:42:14,2017-09-12 17:27:52,2017-09-27,d3e1706bd9290ddbfd20fc30fa7224b0,2017-08-18
145afae38debe68ec37d5671526db93e,3c1e577269427d7d74cd119fb52a68d1,delivered,2017-10-18 20:55:18,2017-10-20 02:45:42,2017-10-20 19:36:41,2017-10-27 18:17:51,2017-11-10,1c1af88994e4c789f4bed27146e22de2,2017-10-18
07e5349fe32847b4bc266836cda0705c,053f9f6d14eae73c5dcd35952b42f44b,delivered,2017-11-27 16:44:36,2017-11-27 16:52:37,2017-11-28 19:17:57,2017-12-04 18:42:32,2017-12-18,5a217b57456380cc037f0466c4772f48,2017-11-27
1228ee51284d63331ec546dd33d63292,432ac0d7623722c25bc867fcdde88e50,delivered,2017-09-30 19:42:24,2017-09-30 20:14:22,2017-10-04 13:08:03,2017-10-10 20:42:27,2017-10-24,7db6eec8501b06a15c3273347b67ceca,2017-09-30
e550243ca45f5dc1f8c1ee12ff4a267a,c28c9e32edd814488cc6764db3066efb,delivered,2018-01-16 14:14:07,2018-01-16 14:30:24,2018-01-17 22:12:36,2018-02-02 18:52:18,2018-02-16,eb782df20628d67514f5cb60737a7317,2018-01-16
bb386dd878f0e22e224e88bf470d8bba,e95e1273db2c542bfc5d439d377eaf2e,delivered,2017-12-29 09:33:45,2017-12-29 09:47:49,2018-01-02 19:47:42,2018-01-13 17:04:30,2018-02-07,320df47c6bb00617802154ad5d766075,2017-12-29
5990cd4266558bd21aa365d33ab9747f,abb093f278c789101904f6043539dc0f,delivered,2017-07-28 10:11:53,2017-07-29 02:30:33,2017-07-31 16:42:00,2017-08-07 18:47:35,2017-08-18,8739df4f6b3e238f4f4df763ca7fb8ac,2017-07-28
bbd3a25020d87553521169c4eeb9c8ce,49f0feaba6e05f5663d785458a63fe46,delivered,2017-08-13 22:36:24,2017-08-13 22:50:17,2017-08-21 19:35:01,2017-08-24 17:21:33,2017-09-01,ea18ffcfc95260cc65c44b127026a8e7,2017-08-13
90a1136478f67bd64771c2005599a559,09261c6cf80ec01c28a569b8cb8b3484,delivered,2018-08-03 11:33:46,2018-08-03 12:05:31,2018-08-03 14:22:00,2018-08-10 18:17:38,2018-08-21,fc07f4a61baae8c314528e33351df795,2018-08-03
7fb9240a1a18bc95290744b4277a0244,c1b41aa8cc67484698faea4ce1674f30,delivered,2017-07-18 20:52:33,2017-07-18 21:05:14,2017-07-19 14:47:56,2017-07-24 17:56:30,2017-08-07,d78e7b3a0542659315fc9316a4f2f06a,2017-07-18
c4f1861cccf31140b9f07cfa0ca065c4,9c2174ad3fe39bd109c96427e31fae0d,delivered,2017-12-19 09:08:54,2017-12-19 10:10:50,2017-12-20 20:28:40,2017-12-26 18:45:11,2018-01-19,d6614496dba3a9d5b8a47489934e7f5b,2017-12-19
18fdcbdf78e62bac03cf30b6b9398087,c07a5e7de7ef3b6ecf21f6b2d4426409,delivered,2017-05-21 20:01:24,2017-05-21 20:10:16,2017-05-23 15:39:38,2017-06-07 11:41:57,2017-06-20,d1085381045ea6f88be5cc3e14c61e55,2017-05-21
55552985d5c5d0856ddc230a47932a72,52d38a48fdc7bb2e1fc458489a96dc2a,delivered,2018-03-05 18:11:39,2018-03-06 05:28:42,2018-03-06 21:10:10,2018-04-20 15:38:53,2018-04-06,fbbe781ae38067614c92519fe47c10c3,2018-03-05
75cf3430804707840056df5ab68df403,cd0c868c33ebe500b9e2a22e638719d7,delivered,2018-05-14 22:18:18,2018-05-14 22:37:51,2018-05-15 12:47:00,2018-05-18 22:33:46,2018-05-29,3117ef1f4abd00555b64804c95df00c3,2018-05-14
c44fc56b7b2688b65bfb501e35015eda,e9d28bb9958bfcf0d82ae333df9d6588,delivered,2018-08-19 10:08:45,2018-08-20 11:10:30,2018-08-22 14:27:00,2018-08-23 20:44:53,2018-08-28,b78813f78f24f97f20dc1e8e20e4d8b5,2018-08-19
041d39835d57e12ebcd5d992e2cc7360,c4057ab5b47878bfc57f04346a8f2dae,delivered,2018-04-25 07:37:56,2018-04-25 07:51:20,2018-04-25 14:25:00,2018-05-15 21:21:19,2018-05-25,be74f6ac514261775c3c6dd51b0a1e1a,2018-04-25
cbdfeec9560d60a397a4806eb64f0aa4,399fcee6a49ff7c128f5521018897a2d,delivered,2017-10-20 14:57:18,2017-10-20 17:28:28,2017-10-24 18:34:03,2017-11-07 14:21:44,2017-11-13,c2e6d10d503d81ea02560a91ff37d044,2017-10-20
6bfd9139985ba7fc3959f3d67dcde67b,ccc041745c57e62ba5637dc2cb6909b3,delivered,2017-11-11 20:34:54,2017-11-11 20:50:21,2017-11-17 19:32:01,2017-11-23 21:21:37,2017-12-06,6eab10b3508824094cfb35d39c2e306a,2017-11-11
c7ee7ffd26d4d81d53dcd9d612631b2b,7c868eafc87e7c5b92079b47c291f603,delivered,2018-07-28 21:05:11,2018-07-31 04:05:37,2018-08-07 15:49:00,2018-08-13 15:06:59,2018-08-15,fae5efa02980c90f1e485817dc8c3656,2018-07-28
1c58d792be884eb5776e16738425d8cf,796e0ca56ae41eb667c3e18eba2af915,delivered,2017-08-29 10:46:21,2017-08-29 11:04:39,2017-09-01 19:09:00,2017-09-13 22:38:05,2017-09-26,ffdcd85e0e81fc93f49bef4d54a4e61f,2017-08-29
98f75acaf1c9b0c2424f3b0fc6a22bdc,30f82c0ee854f242de987b4f2390aa95,delivered,2017-06-02 10:26:34,2017-06-02 10:35:11,2017-06-02 15:14:00,2017-06-13 12:52:15,2017-06-27,7f18fa0c84333e6a2e1e30378b5f3c6c,2017-06-02
7053640a1ecbbfb050910ab2ea8b2183,e9551525103a8ece4e698e666dba69c8,delivered,2017-08-28 22:59:06,2017-08-28 23:10:14,2017-08-29 18:43:13,2017-09-13 19:43:40,2017-09-28,7db22f1b0e415ebfd32b82773121e6f8,2017-08-28
ebdb644689d34624ae893cfe690e6734,bb502d133f78d9a41c6f118585010147,delivered,2018-06-12 19:49:38,2018-06-13 07:13:02,2018-06-13 13:51:00,2018-06-21 19:12:48,2018-07-24,fcc75b6c451d8ddf8a3ecbf3bea3dc10,2018-06-12
65784d2ba207f200197a7f5ebb1f35fc,73348a24fb5172a8cdeeda3428641910,delivered,2017-05-08 00:25:30,2017-05-08 00:35:24,2017-05-08 11:44:43,2017-05-15 11:21:37,2017-06-02,8176f8d3aa645c27e575e8809c2dd122,2017-05-08
ba69e27c7bb11e6baab20c526c39d80e,1887bc33de62ae33e1ff8d742d6f9ff6,delivered,2017-10-13 14:59:06,2017-10-13 15:35:55,2017-10-18 21:52:07,2017-10-24 21:53:02,2017-11-09,6451ebe7033f6195c50a0505bc19eab0,2017-10-13
d5fdd830fd27ad1acd2e9b17c08e6e92,80b6b36a3124d01fba45ec50e6f5ae9a,delivered,2017-12-02 10:55:53,2017-12-05 04:18:34,2017-12-11 17:19:06,2017-12-16 16:19:14,2017-12-28,b95f13719240c2398e6a22dc4b42d5a0,2017-12-02
0cda10fd2b66ee6fc2edd8fc21f8176a,1463c5c67f6b36773fe813a44c4f5b9c,delivered,2018-04-11 14:58:15,2018-04-12 06:31:06,2018-04-17 16:41:10,2018-04-20 18:06:40,2018-05-08,182053495bc94c2f41090ce8c41be266,2018-04-11
2cd8dc22010a36c69e3fba6aa751182f,27b31ce7577631a9293c0104c964aef7,delivered,2018-08-08 22:14:38,2018-08-09 03:45:20,2018-08-15 14:38:00,2018-08-24 18:58:27,2018-09-13,8d53fbea5a20c43213a4ae7d8f90032c,2018-08-08
15150ddeaa74db28d29ed2ce89330311,a91e3fc06b055c6f4073f969937d9442,delivered,2017-11-25 15:30:22,2017-11-27 15:27:37,2017-11-30 23:03:31,2017-12-27 15:13:08,2017-12-21,87794f96ff73437b7c6bccfdeffdcc2c,2017-11-25
7d2aae327399272a05149f0b4782f983,83eef3eeaf0a8eb1430f200f410b4319,delivered,2017-12-31 16:42:25,2017-12-31 17:47:30,2018-01-03 01:34:45,2018-01-15 17:57:52,2018-02-05,a9634ba777001268fd432bfdf0f21a10,2017-12-31
9ac02286beb737ae08c2cc89404d1c40,b1f2fc9d43e2448aaccb1eab8311e7f1,delivered,2017-06-17 10:37:11,2017-06-17 10:50:18,2017-06-20 16:12:18,2017-06-26 09:32:50,2017-07-11,61abe4609ee110a6d3d0209f428d2e88,2017-06-17
5a3bccb60104b1251c6a39e051c428ba,e93d4c22a2f45aaaa547188898e28ccb,delivered,2018-08-14 09:43:24,2018-08-14 09:55:20,2018-08-14 15:54:00,2018-08-23 02:58:46,2018-09-03,a72a2d4e19868dba726c0e6f49198c7e,2018-08-14
6f9bf4ab497406e0c55eb9eb7a3dcae6,8c6947c7234f5fc0f6471b13ff150eca,delivered,2018-07-23 20:45:12,2018-07-24 10:31:11,2018-07-25 15:27:00,2018-07-30 19:38:41,2018-08-20,573d26de6cec5eb586a5098e19391918,2018-07-23
c9fe3cca849fd78e942704ee0078cedf,9dbb563726bbfc01c1ca04df3768e5e8,delivered,2018-04-30 18:56:27,2018-05-01 02:36:12,2018-05-02 15:02:00,2018-05-03 19:03:42,2018-06-01,2b9bd15bf8e54b231c518790c55e5f92,2018-04-30
97b2cbab1ec29ebc9b1d9b113a4b7a2b,3a51cf54ce9a78a361281fba4379da45,delivered,2017-11-24 01:19:12,2017-11-24 01:33:23,2017-11-24 14:48:09,2017-12-04 19:32:29,2017-12-14,a9f556fdd9a2f2e76dbedfab908c203c,2017-11-24
a5adc464c559c26bf837f59ffaaaa137,29e5c0a29e58128f9851f8aba063c578,delivered,2018-06-14 07:23:08,2018-06-14 07:35:33,2018-06-14 15:08:00,2018-06-24 14:12:39,2018-07-04,fceb97a74e9265147a50ee162c72a0b2,2018-06-14
039d7fb9ace69aed37b1baf88ff01cb0,7b41c0d366156b9e46d88f8d8ee291ee,delivered,2018-03-23 14:01:48,2018-03-23 14:15:45,2018-03-24 16:54:52,2018-04-08 17:08:25,2018-05-03,35f9bb630a4d501963ca0c62f00ed2af,2018-03-23
aa58a30c8b573ee19140cd6d185534d1,9364f6d3c53e6df380985e78e8c74bb5,delivered,2018-03-26 23:20:28,2018-03-28 02:47:56,2018-03-28 20:44:36,2018-03-31 20:28:45,2018-04-19,e7bfe0049388181838bb0d91652ffc04,2018-03-26
96ddb284342cfe7ebbde748a2e2de094,1485c9b9ae29583b848828a78bd8b5c3,delivered,2018-04-30 14:06:26,2018-04-30 14:15:17,2018-04-30 14:33:00,2018-05-10 20:16:33,2018-05-23,8a0df18411d1bf7dce301f9ac9166872,2018-04-30
407cd3e518bb8939aa08c5727593a5e5,b085a8b42e927ed82dab09773753b1cb,delivered,2017-06-20 15:55:03,2017-06-20 16:10:15,2017-06-21 10:57:23,2017-06-30 08:57:39,2017-07-27,81f88d694131334fec5e970bbe2100df,2017-06-20
16f1d9edf9452dd60d94733527624571,634668d563c6682502a0913b1f660835,delivered,2018-07-17 18:21:40,2018-07-17 18:35:14,2018-07-30 15:24:00,2018-08-01 19:52:06,2018-08-06,d1ae7129770ee77a1a7588a36a1af27d,2018-07-17
8216863fd456be73595ea9fa23901d1a,ee57da466f1eb99e4c99c052c0a3f7c9,delivered,2018-02-27 22:08:50,2018-02-27 22:28:25,2018-03-06 22:46:37,2018-03-07 16:08:39,2018-03-13,2b7a66f527d317ffb47ab456abd9698e,2018-02-27
de161a8bf65f0031f67920312df2b0ec,1d7fa8ee1885a4ed8a0d46b6e276ec3a,delivered,2017-11-11 16:06:53,2017-11-11 16:30:46,2017-11-14 22:12:59,2017-11-20 14:11:59,2017-12-01,53bbf22c8c4c4ff7da6e067f2869dbd5,2017-11-11
d8db3d42c20148fb8282efea4061f7ff,d5a0cca1a4e08547dd85109584b1a8be,delivered,2017-10-13 16:11:03,2017-10-13 16:30:45,2017-10-16 23:14:07,2017-10-30 19:58:54,2017-11-06,4db3a4cc74cbeab29fd7af6940e9ca72,2017-10-13
83078eacae0feb71b78ec731be836ab4,b1cc58fc6c6fd260654aaeb0e4545846,delivered,2017-10-28 19:17:28,2017-10-28 19:35:13,2017-10-30 15:17:56,2017-11-06 17:18:51,2017-11-29,c1cc7a79a75366146aa5b3afcb83ca76,2017-10-28
e8861a9f094841902cf93913969fbb7f,103224917fe72e5c19889715d69865cb,delivered,2017-09-04 15:43:56,2017-09-04 15:55:39,2017-09-08 20:42:22,2017-09-18 13:57:33,2017-09-27,e8d40b1577995fcf06527c519ac56679,2017-09-04
9b22b01ffdff6efa20736523a260060b,ab7f0b578ff16926fdab208ad2afaadb,delivered,2018-06-02 20:23:49,2018-06-02 20:35:14,2018-06-04 14:53:00,2018-06-11 17:34:38,2018-07-05,2a65ab9b9d6466e60b78da267f4c298b,2018-06-02
e6f1079796c9aa6e372d9c759310b5c2,1c1d5c08e6bb5c421cca6e2639ea456d,delivered,2017-10-02 17:49:59,2017-10-03 17:56:21,2017-10-04 19:56:06,2017-10-11 17:36:03,2017-11-06,c9d1ed29e069516e35930be2a09ff499,2017-10-02
be3447fe3a05a18c778da31eed242c6f,2f1c62f2de3cb661200ec441c536c20d,delivered,2017-08-22 13:52:22,2017-08-23 02:51:07,2017-08-24 13:54:38,2017-09-05 18:43:02,2017-09-18,46b02db5d21d353b84c10a8a3a92e59e,2017-08-22
a7a879d8b939a94c51efe626a61f3d59,9f741ee59dd0a983168f2dfb92b245f9,delivered,2018-04-12 17:14:02,2018-04-13 19:09:58,2018-04-16 22:19:08,2018-04-18 22:26:33,2018-04-25,9a30b2294f18ddcee9918dd3f3554407,2018-04-12
ef59d8fd00ca64c9dea7310396e1bed2,e08cd278e0edc0813117888283357e87,delivered,2017-04-25 14:57:05,2017-04-25 15:10:14,2017-04-27 07:03:39,2017-05-10 12:28:06,2017-05-16,bbe1b81d15bce30b5c97c365cdbbe2c2,2017-04-25
9b93d7e3492173e52be4e40470dd5d59,dc90e0b8a3b8eaa754629ac066257168,delivered,2018-04-16 10:59:49,2018-04-17 05:50:35,2018-04-17 18:06:53,2018-04-25 18:19:58,2018-05-10,955fec072fe48033fbfb41c950072b7c,2018-04-16
9f00b61adc60e20d3af1622decd2820b,bb4cc8d0f3fb64a9accea9301b1a028d,delivered,2017-05-14 19:28:30,2017-05-16 03:30:57,2017-05-16 10:42:33,2017-06-02 11:59:05,2017-06-14,3309e9a88a0d0c6dbfb059643175b047,2017-05-14
035518626172ac1884aa3825eb7d1379,725de95aaf5722261b06d055a7b706e7,delivered,2017-06-05 15:13:04,2017-06-05 15:25:19,2017-06-07 12:47:35,2017-06-14 17:34:39,2017-06-29,1df5e7f72744fe5915c190c93d92cb92,2017-06-05
1cecdea35f2ce72040549f9fe816b8a9,ca4586d803c0e407f595a28bd5e7fdb6,delivered,2018-07-05 18:09:38,2018-07-05 18:32:00,2018-07-06 11:10:00,2018-07-14 11:18:23,2018-07-18,37f3625f30163e5711a264da33feb493,2018-07-05
463848b17061688d9d9e65e07563d138,bb78b6d89c1b2808c64419b2bde18362,shipped,2017-11-26 21:13:31,2017-11-26 21:33:01,2017-11-28 13:24:42,,2017-12-19,bb7b08736e59e922a65951d0a1e946b0,2017-11-26
f62f01ec64c6b221f926ba560907d8f7,a35ef57cd99a99e77e58316ab0cc2927,unavailable,2017-02-14 20:55:49,2017-02-14 21:05:27,,,2017-04-03,d3e09f23a2bed5fa4eef73fb5fd68cfc,2017-02-14
20ffa1dd114d05854717ad7de094930c,fb177b79812dbaf1aa53dd3e51054cfd,delivered,2017-03-14 11:33:55,2017-03-14 11:33:55,2017-03-16 15:41:39,2017-03-31 13:13:36,2017-04-06,88e20be8c5d9b89c98ac48989949983f,2017-03-14
15faad2f4dd5cdf1bceb9b8fac8f137a,25e77a81462df0a4b068c217b4dd4a6d,delivered,2018-05-09 20:52:27,2018-05-09 21:15:16,2018-05-15 12:23:00,2018-06-01 19:04:10,2018-06-06,0d1e3b5d7d8a9adbbc15d4d64904e2c7,2018-05-09
110d5bc31762806d51b736cb4b58ad75,a8aeb19975fcc42d0e82e00d627713fc,delivered,2018-05-16 14:02:56,2018-05-16 15:19:06,2018-05-17 11:16:00,2018-06-05 17:27:47,2018-06-07,7b259f8f3478bbfd762784b4d1dabd1d,2018-05-16
800c2d74bc71b0e27ce365ad43cf16dc,793295406fc9bea48c3937f2939bb879,delivered,2017-07-07 14:33:53,2017-07-07 14:45:16,2017-07-10 18:08:39,2017-07-16 13:44:52,2017-07-31,bfa70190a10a0baff089b42e9bf19917,2017-07-07
b3b2e969016ca4d8afc0421f0d63b864,dff07a417f4b6a63622dc0b0e2035726,delivered,2018-04-29 11:03:11,2018-04-29 11:15:28,2018-04-30 15:09:00,2018-05-10 21:22:57,2018-06-08,fcabb1c1914da0aff9378a59942ff133,2018-04-29
fd4b04818375a4ba579a80c8d37f1b24,9ebd9edc6854d388eb4a9d1283acdf96,delivered,2016-10-07 14:15:50,2016-10-07 14:31:43,2016-10-15 10:31:37,2016-10-19 00:47:36,2016-12-01,827e0258c06b6c4bfecec9e54bc04960,2016-10-07
068176c8a0550b07cddf7e05c8d55319,f6dd501a7cd9672dac78ff3d26a9912d,delivered,2018-01-13 18:13:53,2018-01-16 03:34:49,2018-01-23 21:04:47,2018-02-04 17:51:58,2018-02-15,94574d925eb7199a33e782df2d9ed4eb,2018-01-13
79286de1c26bd9ff41852780758aeb89,9d00e4f04d3fabfc14e9ca59bb4cce47,delivered,2018-04-13 15:52:33,2018-04-13 16:13:13,2018-04-16 18:22:07,2018-04-30 21:58:53,2018-05-11,5d83620e84e8fcc660570eb5e3bca12f,2018-04-13
d30863c1591305669e7e63c7991ae1e6,c06f5c763e6751ba5fa14fca06304159,delivered,2018-08-11 22:55:18,2018-08-11 23:05:13,2018-08-14 12:24:00,2018-08-21 22:28:31,2018-09-03,818185d870d1943551594b83ec4004ea,2018-08-11
29964b4c50c938f079b2c345c7ea0eea,53de857a4106900a58b7c065a0a5e41b,delivered,2017-07-08 13:04:15,2017-07-11 04:10:32,2017-07-11 20:12:24,2017-07-21 21:12:56,2017-08-09,38806dfba945f3f1f45c25d8f56bad04,2017-07-08
130898c0987d1801452a8ed92a670612,e6eecc5a77de221464d1c4eaff0a9b64,delivered,2017-06-28 11:52:20,2017-06-29 02:44:11,2017-07-05 12:00:33,2017-07-13 20:39:29,2017-07-26,0fb8e3eab2d3e79d92bb3fffbb97f188,2017-06-28
e124f7417ef3e8e007e0fe6993865f2d,6b65f327f139a81fa2324938128d7467,delivered,2018-06-13 23:14:50,2018-06-13 23:37:28,2018-06-14 12:29:00,2018-06-18 14:13:08,2018-07-03,d0e170c6f45a6604e1445e8ac3dc23d3,2018-06-13
42a5f0ddbf1e377e7d31ef5957b62c0a,eb67e9bd3357fbacdbef99759f919573,delivered,2017-02-06 16:49:19,2017-02-06 17:02:40,2017-02-09 10:53:47,2017-02-11 12:38:56,2017-03-01,4bc7250d4b42b3374eb6f41b12429592,2017-02-06
729d9f027372df3ee5c4f2d727e02618,242b2cb8b7684ab9c949a7efca1f3c8e,delivered,2018-05-08 11:10:23,2018-05-08 11:35:17,2018-05-11 14:08:00,2018-05-15 18:18:33,2018-06-11,dad8c024c41519dc2146f4a88d5a91d5,2018-05-08
b948b354fbf88e12e43fc0877623eef9,c8aacd5c3222b0fcd0c71843092fcf09,delivered,2018-06-18 21:10:31,2018-06-18 21:35:28,2018-06-20 15:28:00,2018-06-25 22:38:37,2018-07-13,085a8954d39a215f3f222a9e9c72507b,2018-06-18
2d4bc14df7f5eaf36d2ef6d9a5b7c0d8,f32ab95a50b915c9ae8036374fe02e21,delivered,2017-08-18 14:30:22,2017-08-18 16:10:13,2017-08-21 19:42:16,2017-09-02 16:28:00,2017-09-12,abfe742e782fb10f5c824fcb849e5cd1,2017-08-18
e577959b2a73af52e0e0f58d8c222b8f,dd8a3ba5c5154fd83ff6f1c87684fc06,delivered,2017-10-18 08:37:54,2017-10-18 08:49:25,2017-10-18 15:16:07,2017-10-25 17:16:05,2017-11-07,d6a27ff4b5087bca275356288d81a377,2017-10-18
d88817e778e1757d6b7ea060be13a7f3,1123655082f805a8926e8a53ee60b01d,delivered,2017-05-23 19:52:33,2017-05-25 06:42:42,2017-05-25 15:15:10,2017-06-02 10:16:03,2017-06-14,19ff2879b8b640da3e5d402791d27aa7,2017-05-23
7511b74731e2d79ebe5d9ad5d6c55a15,4baa3934e31394dff3a7e881bac601a1,delivered,2018-04-28 10:40:26,2018-04-28 10:53:31,2018-05-04 15:54:00,2018-05-14 13:51:38,2018-05-29,9d60f83faacbed3ce6dd381085968e4c,2018-04-28
fd5bd3708628df1f0104d49b995f87d7,e03ee7086800060d0fe29ee6e4112a47,delivered,2018-07-05 17:15:10,2018-07-05 18:11:00,2018-07-06 10:38:00,2018-07-12 21:04:16,2018-08-07,f891d90242142ed6bdc6f6be9b3ef4c5,2018-07-05
b449aa0c8526754fe10deb8c4596029e,ba8fc93c7aa6c13bda32e81cdfa174e1,delivered,2017-12-26 21:33:17,2017-12-26 21:48:02,2018-01-03 15:44:13,2018-01-09 23:10:32,2018-01-31,40a58e3ea78adca74875537aebe03905,2017-12-26
4827c3856326655e2cce531312851390,61f689248da935c7272ee5d2e7d31562,delivered,2017-12-14 11:19:42,2017-12-16 02:51:23,2017-12-18 23:22:43,2017-12-21 23:23:32,2018-01-12,f7082be07c5a456203e42c14ffb99aa1,2017-12-14
e4f0b379cb8233db68561f79f774988d,418674f10950b8eef8388d160ac4a53a,delivered,2018-02-19 16:31:25,2018-02-19 18:06:55,2018-02-20 18:58:40,2018-02-22 20:56:49,2018-03-15,53beb2a965c48be8e323b41204c86f57,2018-02-19
026d2c7c84b97eb8854ca3fbdc6ab840,68fda186cf0d78b846df318aeb4e85a0,delivered,2017-03-11 11:54:28,2017-03-11 11:54:28,2017-03-17 07:19:32,2017-03-21 09:08:48,2017-04-05,65b78b47b97a28bbbc084c0167718a3a,2017-03-11
e761005140dd93f80bffda9f13eb3c7d,13f048312e6fe99823667c83ba371c8d,delivered,2017-11-15 20:08:45,2017-11-15 20:26:29,2017-11-20 18:48:41,2017-11-30 11:34:24,2017-12-05,4ff80d3874e8499842e1672707540a73,2017-11-15
d66f600192d8edbb336c4da0bb0e2d61,222b1c93ba4f0564fd2f1c2719097299,delivered,2017-11-21 10:42:50,2017-11-22 02:48:29,2017-11-22 19:35:38,2017-11-30 21:03:03,2017-12-19,66a24dc088bb1c8be023564c5f698f17,2017-11-21
a155107040e902c85014159d7d9263e2,0a9e6352d8ce430177c42239f8688938,delivered,2018-05-08 14:15:30,2018-05-08 14:30:24,2018-05-11 12:43:00,2018-05-21 18:42:15,2018-06-05,cc4de5621b97ddb39a4f31d43115630e,2018-05-08
9d302458a5c2070516051da353068870,5f1aac4e61d63509a4994df19bab1ebc,delivered,2018-08-19 11:06:44,2018-08-20 11:31:38,2018-08-21 12:26:00,2018-08-28 16:48:24,2018-09-06,079193e2ad24a2dd57584a7eb213bd1e,2018-08-19
5e53ec687d157b73f86dba72cbb74056,26af186afd6fa5b945eb9b0b3a0379c2,delivered,2018-03-14 15:24:06,2018-03-14 15:35:33,2018-03-19 16:32:26,2018-03-20 17:13:33,2018-03-28,773a26ce6d1852777caa605d17f46f82,2018-03-14
05c5f6468206cec16a8c99f231bbbe86,0224e997c339d3b6edb3ac3fbff60da7,delivered,2018-04-29 21:30:34,2018-04-29 21:50:26,2018-05-02 12:26:00,2018-05-07 20:17:37,2018-05-30,2d5a624ec4d4d1d540d85339c18dcd73,2018-04-29
6a88a7601b1d743db69eb0a4cfcfcdb9,9fc7da8f77c67c57ff89b8a10596474b,delivered,2018-03-04 21:00:45,2018-03-04 21:10:58,2018-03-06 02:58:53,2018-03-18 16:41:06,2018-03-22,b6460f65a0de186658464f8da4511e32,2018-03-04
2d8e71bf7d31a41d40f122c8173fdf06,cad554369ad539cff20968aeec986770,delivered,2017-06-01 16:05:36,2017-06-03 02:25:25,2017-06-05 15:59:55,2017-06-09 12:13:40,2017-06-28,3f36fa15a16c4850992aa0f33561906e,2017-06-01
a64d8d5eb2b53275f2f4e19d73308e01,e052518e07930f3ea59752fe0cdc66a7,delivered,2017-11-24 13:55:31,2017-11-26 13:55:35,2017-11-28 21:48:44,2017-12-07 00:26:56,2017-12-08,f585d84652f28ad66789cd844764385c,2017-11-24
12fb02386ecbcdda77e5e882d0c9dd95,0aa02a8c623a27ee600a55779391bdea,delivered,2018-04-09 08:54:45,2018-04-10 03:35:27,2018-04-10 17:50:38,2018-04-17 00:37:33,2018-04-30,2d97657d968183cd1ba73cdb7d440fdf,2018-04-09
1536003b9af6a526e0d02b8cd13fd2af,35247293b6797becb9d7750b318b85f5,delivered,2018-06-29 23:30:20,2018-07-05 16:14:02,2018-07-06 08:32:00,2018-07-10 17:21:25,2018-07-25,12c9171ee18219cbf18fcfbc33e0c064,2018-06-29
9d32bf50cf0540a7040a13f0ec2364a0,1f82b11f19cfd3f3226b30477ed95c40,delivered,2018-07-12 13:49:16,2018-07-13 02:50:17,2018-07-18 13:23:00,2018-07-23 18:03:45,2018-08-10,7fa094f665ec563126a3e1749d617ae1,2018-07-12
5268c3dc8d619070c0a2e5d9403a9945,12fa69008936520da2920cb3a44a3d17,delivered,2017-03-14 00:26:29,2017-03-14 00:26:29,2017-03-21 09:51:39,2017-04-04 17:18:03,2017-04-07,919decef1f13a9b93ed6cca4af6a8c2f,2017-03-14
49a95a5cddee3f11fafeb8227253bbbc,7067cd3714fdef2291044f93d6321188,delivered,2017-09-29 16:45:00,2017-09-29 16:56:24,2017-10-02 13:49:05,2017-10-09 20:08:48,2017-10-24,f9d73f032129a58df7493e6ffffdba8b,2017-09-29
f11a42c865e929c2b7709f3390d1bc7f,02b7163ebab30c1560be4d0ead691b00,delivered,2017-03-21 16:47:39,2017-03-21 16:47:39,2017-03-22 09:54:03,2017-04-12 14:34:25,2017-04-11,189b4604b8f7cdc22fb7291a6dd5a164,2017-03-21
9969c13506326615f8edf843237baa17,e6c3e6109e9f372ef5b6544b2c34e030,delivered,2017-08-08 16:15:05,2017-08-08 16:30:17,2017-08-10 18:38:08,2017-08-16 16:34:43,2017-08-31,9f681d501492dece2e3ac455de29391a,2017-08-08
db6f3a04842dc0b863498c5d8534ae73,f145f4addd56671c42102732192ad8bc,delivered,2017-06-12 08:34:18,2017-06-12 08:50:08,2017-06-14 14:17:31,2017-06-19 11:22:13,2017-07-05,d117fdd7dfdc83523807404cb8bea95d,2017-06-12
b6a71e3e9b924e0f363dbe847949141c,c7949876e5acc07c2ab1afd50c7d22dd,delivered,2017-08-11 11:01:20,2017-08-11 20:45:09,2017-08-15 12:09:59,2017-08-23 20:20:26,2017-09-04,1465e1ae99c74cc6b8b2dc63fdfcd92d,2017-08-11
07120a6d39e99f6aec742cfa39ab4cac,5406b9e94d0682bfd3c683d5c54147b6,delivered,2018-01-19 07:27:23,2018-01-20 13:41:36,2018-01-23 22:59:06,2018-01-31 14:35:00,2018-02-20,19be5923f7d998e76b9f3b1eb87c32af,2018-01-19
f1adecdec113c6c915849913c65ddd59,ade43932f24ae5f957351bd585c72b0e,delivered,2017-12-11 20:52:35,2017-12-11 21:12:16,2017-12-26 17:59:18,2018-02-02 22:18:55,2018-01-19,40c2c451c5d17bfc69c0be674a234de7,2017-12-11
3a41d0e227b4c6fff055561af5eaca13,345a1ac3ca53330b45af176810ac91a6,delivered,2018-07-03 15:00:40,2018-07-05 16:11:06,2018-07-04 15:11:00,2018-07-05 14:16:41,2018-07-16,e7c3d1c547decbf4755ea2bac75b314d,2018-07-03
343e0513a040565d012874605c433ca4,1cfe50b55b3314e095ee4c9e6ac686d2,delivered,2017-08-27 19:35:52,2017-08-27 19:50:10,2017-08-29 19:37:43,2017-09-05 20:41:41,2017-09-19,766b303e0dadc92d997f5253e541efbb,2017-08-27
ec7d99eece03a8b60c61f6a9ca504094,f585759725d2d7e44f8f84813f0bc3aa,delivered,2018-02-13 17:28:34,2018-02-13 17:35:36,2018-02-14 19:12:33,2018-03-13 03:12:39,2018-03-05,77ae2ed9975bf46faf12649972f74d23,2018-02-13
e680246ff33f65fe221f0e11128a4778,f280548eca7d2b0ef9da3fc572df42ce,delivered,2018-07-24 12:47:14,2018-07-24 13:24:50,2018-07-25 14:25:00,2018-07-30 21:04:18,2018-08-10,a62f1ea95f3b1031c7cabb98f147aa27,2018-07-24
b08e84226fa195d1d2f2edca21486c8e,df4bf0754b4fc36ea13f67b02c5651e4,delivered,2018-08-05 13:25:26,2018-08-05 13:44:15,2018-08-06 12:28:00,2018-08-09 14:26:01,2018-08-17,c32f299011486bdf37a4df846b6bd39d,2018-08-05
b79ef1793739eb56ce58d3776c158be1,7e9e42e3948a9ffa4113f77f86318b5f,delivered,2018-02-24 20:36:37,2018-02-24 20:50:25,2018-02-27 02:12:08,2018-03-18 17:48:29,2018-03-28,e9d13b01d3a4ec22270d59cd94a971fb,2018-02-24
3115a0ecede1ece608fb651ff9ebbe73,6e65cc8b1e891b75f2fdbf78446f4711,delivered,2017-11-23 11:16:22,2017-11-23 11:28:07,2017-11-24 14:52:09,2017-11-27 17:48:41,2017-12-05,77465f3c73b3fdca0fee0c06695fb0e7,2017-11-23
a6ac4552716d0eff2649af4aa090619c,489311cd5988bbe9fcc2c0bf4276964c,delivered,2018-06-14 21:01:18,2018-06-14 21:21:15,2018-06-18 13:36:00,2018-06-20 15:53:58,2018-07-11,de40b7d91d395eb743f2e09e574fc9de,2018-06-14
fcbb6af360b31b05460c2c8e524588c0,515a833ce56a4c3153f102787c272e4e,delivered,2017-12-01 14:51:05,2017-12-01 14:57:29,2017-12-18 19:09:04,2018-01-11 00:27:21,2018-01-05,0ec5bddf9b389fa7c737a2db61b6577d,2017-12-01
cb6ecdef708b4c17e5c71daeecc74ae6,153075720e8aca000c4524ca6ae5184d,delivered,2018-08-13 15:44:56,2018-08-13 15:55:24,2018-08-14 15:14:00,2018-08-17 17:21:05,2018-08-30,b48b5c9e9a1f2e456f584824c122266a,2018-08-13
830b3a492a919de3f1a931b439f507d1,49babee9ab5b6c87deaf520c84f553a5,delivered,2018-04-28 07:45:37,2018-04-28 07:55:13,2018-04-30 12:38:00,2018-05-14 17:54:49,2018-05-25,88b78cb25e6043d7b3ccbe9d88d70be0,2018-04-28
7a0ecc0527498cda50b7221629978975,7789b53ff846cecf5f43faaa3fb104b3,delivered,2018-01-04 18:57:49,2018-01-04 19:09:22,2018-01-13 00:47:17,2018-01-22 21:38:49,2018-02-02,e0d253e4d5fca3b836406ddc859766e1,2018-01-04
55bd4049f3befad7afcead7894b3a0e1,4406477d249eaec72eb2709b66ad2097,delivered,2018-02-06 10:56:44,2018-02-06 11:15:45,2018-02-08 19:41:44,2018-02-14 15:33:23,2018-03-07,17d06ee454fcf88480be7a106fcf6331,2018-02-06
07926fd3755c862341b7c7a15ef40b30,040998babd9231bd6c86f6e85707fa5e,delivered,2018-04-15 23:09:04,2018-04-15 23:32:25,2018-04-16 22:28:28,2018-04-24 21:36:45,2018-05-14,0ff6bebd4c4327455d347885e2697876,2018-04-15
ca27a287674894b782ade649665cdb1e,471677705f50f979685879970f0d56b4,delivered,2018-08-15 10:06:15,2018-08-15 10:24:19,2018-08-16 14:25:00,2018-08-17 23:34:14,2018-08-20,db1b1fac87eb5c686792555f51ae2569,2018-08-15
7ff4242201726a8804ee6c6adbaa0b41,9e59e895aaf6054c5b018f56c4864694,delivered,2017-08-30 15:30:33,2017-08-31 02:50:37,2017-08-31 20:54:55,2017-09-01 17:34:42,2017-09-14,bfa841e3bd6498a206d74e203a7e4283,2017-08-30
7fd5523638d14a53e83d0a9557082002,0feb28a92089a3993041d44a5d5656d6,delivered,2018-06-25 16:19:23,2018-06-25 16:38:10,2018-07-02 15:44:00,2018-07-07 17:19:28,2018-07-18,38f665c38f343749b1c90ca4d0773829,2018-06-25
bc8a5de6abf5b14f98a6135a7fb46731,1554ffe702931a062b4383b109accf63,delivered,2017-08-30 11:47:52,2017-08-30 12:50:19,2017-08-30 19:22:18,2017-09-01 16:51:26,2017-09-20,af0f26435fade1ca984d9affda307199,2017-08-30
d6d7c431275f0029dcc3538850930046,5b477d525dd0c1eb93148e22ce5d3ba6,delivered,2017-01-19 14:28:48,2017-01-19 14:41:56,2017-01-24 10:05:23,2017-01-31 12:26:08,2017-03-13,3855608848a57e1e3c776ac5c336b813,2017-01-19
913908597fea142985168af1fc46a6e5,94e9ce89950560f017f6f411e9819093,delivered,2018-03-04 12:13:37,2018-03-04 13:21:13,2018-03-06 16:30:04,2018-04-03 16:14:36,2018-03-26,bccba73d6d84666631a4ad5960f9fe9e,2018-03-04
b044b08867cd3b1d69a4b3c372321557,7fa91b7ff8f3120ed5cbba8f35d0de1d,delivered,2018-06-03 13:37:32,2018-06-05 04:12:43,2018-06-05 11:23:00,2018-06-09 17:02:19,2018-07-12,e6b83252fd9f7a9a981e122643aa6c65,2018-06-03
c1cc6a6a6730197d8b7fef1132942274,8eb8e314e5fe079b653341b597470571,delivered,2017-09-10 11:24:04,2017-09-10 11:35:18,2017-09-11 21:34:01,2017-09-15 21:48:01,2017-09-27,754e51e38387eab8bd26d5d292463fe8,2017-09-10
e915c8ca8bc30319411def24bf095819,f27c73675dd5e65a7ded21ed82f9ae12,delivered,2018-05-14 22:00:54,2018-05-14 22:15:11,2018-05-15 15:40:00,2018-05-18 21:58:30,2018-06-01,39ee4c5bd3f97c8e59b32017bb911c62,2018-05-14
7829b2091dbfa41a6b5731cbdbdffe1f,42d417a2a29a4bff0208fb79bce1320f,delivered,2018-03-19 21:26:16,2018-03-21 02:51:13,2018-03-23 21:52:44,2018-03-26 22:54:36,2018-03-29,979067619fb9e126e60b8f9c100ec5b5,2018-03-19
8b76d4af878e59ef36d287b7d2813780,8ba0e2138c0a18cddd404efe025704d9,delivered,2017-09-27 21:06:35,2017-09-29 02:30:55,2017-10-02 18:42:39,2017-10-20 15:27:36,2017-10-31,ab3ac29d18f13a54debf8026a6b3832a,2017-09-27
4e9b0a2da6a5959b8df944a25604792e,9f5e69f7ce7e79aed191386f8104163c,delivered,2018-08-18 00:12:08,2018-08-18 00:29:46,2018-08-20 14:07:00,2018-08-28 21:38:26,2018-09-06,0c2af34ba2bedcc4360ecec5c55affe8,2018-08-18
47af229bbf080cd988ee4be19bb5c888,f877a84a1e5e0e25bc4049870dd5fe72,delivered,2017-12-21 20:28:57,2017-12-23 02:17:26,2017-12-26 14:59:12,2017-12-28 19:59:44,2018-01-22,0c04c598921f3b2586f6ca1bdba35030,2017-12-21
ecfec80cd0ce1a66543b6bd5e278a76b,4f69c8c7d5ad1cd8337480b4a7e04a31,delivered,2017-01-29 10:27:35,2017-01-31 04:33:14,2017-01-31 13:54:38,2017-02-10 17:34:24,2017-03-20,23d3359084c05fac6141ce51b3376074,2017-01-29
201af9cf2734e443cdf1ad037eed3639,906e77e04c502baf17ad58162217da39,delivered,2018-01-03 09:14:25,2018-01-03 09:26:48,2018-01-03 21:38:07,2018-01-11 15:55:27,2018-01-31,d419aaf930662d4df4ee988b75b9123c,2018-01-03
8dd735edc2d172d0d4124014f509258c,939ccdfd89645db5eb0af0501c8b7525,delivered,2017-05-06 15:35:59,2017-05-06 15:45:15,2017-05-08 11:45:55,2017-05-10 15:20:14,2017-05-31,bb744f9b56077ef187eee27d9e35fa07,2017-05-06
b2f010584c935093cccdd49cfa916ed2,9c2337904acadc24d28193b1824a792c,delivered,2017-11-24 09:44:34,2017-11-24 11:15:04,2017-11-27 21:10:35,2017-11-28 17:26:55,2017-12-08,5ba506364a0106b979abf923322e28b7,2017-11-24
95820ac4fd93f004aa579562aa61bb55,01095519ab759274152540845a1d2004,delivered,2018-01-16 11:21:08,2018-01-16 11:32:09,2018-01-17 21:42:46,2018-01-22 21:25:05,2018-02-14,de94babd284639522797831b81b3d239,2018-01-16
7efe7d821a28e5891395832097475428,13eecc109755d75fffcf60091efa0661,delivered,2017-04-10 13:30:36,2017-04-10 13:45:18,2017-04-11 12:09:41,2017-04-18 12:30:07,2017-05-04,2e240821e6a4ec76c51e350c00aa3d1a,2017-04-10
a319e5a7d941ce5f60830d792323b3d2,035ac81f8d263612429021ec3c89e7ac,delivered,2018-05-16 21:04:38,2018-05-16 21:35:56,2018-05-17 14:31:00,2018-05-18 22:44:30,2018-05-28,7fea4a45a89866c4724b55c562951862,2018-05-16
66aba14bb9ae52201797bedad4b91d5c,0c850bbaba81c6631a969cb47b48aaa9,delivered,2018-02-28 22:02:32,2018-03-02 02:10:47,2018-03-06 02:37:46,2018-03-17 17:57:33,2018-03-20,624a71bb65cdfea296463b8e7590b63c,2018-02-28
9f45b5e1773ed29430665b04170dce4e,32a3e9e0beccb2ab787720307339ea08,delivered,2018-07-25 22:58:34,2018-07-25 23:15:15,2018-07-27 16:58:00,2018-08-07 12:48:47,2018-08-20,208c7030afb3a54227fc04cc4349f568,2018-07-25
99dde9a4d6ee5c602380551b002ddad7,5229e43884ffd6794e9397bd346ab7dd,delivered,2017-09-04 12:57:02,2017-09-04 13:10:12,2017-09-06 19:05:06,2017-09-13 20:53:43,2017-09-22,fa8e13c098119467f86bf2d108eaeadd,2017-09-04
4128f35defa24e9fb110452626b9b824,30341ccc91cf843ad30d898968a1905a,delivered,2018-05-27 09:00:51,2018-05-27 09:15:19,2018-05-28 13:16:00,2018-06-04 16:58:24,2018-06-28,3f2aed4d624803432eee0a49bd025d7f,2018-05-27
74b7f4373a78df8c16862d9d0875c5b4,4809e9100000b2a6ce45e2bbbf3c7778,delivered,2017-07-18 08:52:42,2017-07-19 07:10:13,2017-07-24 19:57:52,2017-07-27 16:03:58,2017-08-07,434825743a3426c100c479f571816a81,2017-07-18
59ffc9b2c09392188ab671e0a67bdb3e,501c45612cabee0dadab5d98677809e1,delivered,2018-07-19 11:07:26,2018-07-19 11:22:59,2018-07-19 12:27:00,2018-08-03 22:03:15,2018-08-09,db919657934b224143ba149a5084d7f2,2018-07-19
64ff87188034c4f3dcd52e63db7d045f,179c2bf3564c4f7a4f995f7f2332cd16,delivered,2018-06-09 14:17:09,2018-06-12 07:37:10,2018-06-12 15:51:00,2018-06-13 20:42:31,2018-06-20,9e6022ed480820dc8af6062bca316538,2018-06-09
cc91697062f893c9903a248153c34e8d,553c6d0e5cb98f7510e2b0ae4a1acc25,delivered,2017-10-12 16:48:22,2017-10-13 19:49:13,2017-10-18 19:27:32,2017-11-13 18:55:51,2017-11-16,badbd3514ce6acd74b4494bccd67ec1e,2017-10-12
a8c5b9c0a36fb5d42f41d29dc808c0a8,23723779ba40a7f7887608d06897c432,delivered,2018-04-22 17:36:31,2018-04-24 18:22:07,2018-04-24 23:21:58,2018-04-26 23:28:43,2018-05-11,1921de4110a0774120e8f52e572f7243,2018-04-22
b321496a8a79d3afa95938149a1fcaa5,a3d018dbe7100eced7eae9ca087430f9,delivered,2017-04-01 16:42:15,2017-04-05 02:42:37,2017-04-05 16:06:53,2017-04-17 09:43:43,2017-05-02,06e68689519c16fe618873e8e182d298,2017-04-01
d2b78e9e69a191c9f98ea4fec8e920ef,29d0453f032097b298a6563dfdc8ad01,delivered,2017-04-09 00:07:46,2017-04-09 01:10:20,2017-04-10 09:01:20,2017-04-18 13:41:49,2017-05-05,5dbd6d83a1f1d7bce6163fe4a1717d28,2017-04-09
5fc6c1f6b4c22c6e94227cb51109c87f,f493aff390d5dc333518bd728e9d9787,delivered,2017-02-24 17:21:09,2017-02-24 17:35:12,2017-03-01 10:17:40,2017-03-13 10:53:51,2017-03-23,41507ff4b7bab10c31de27a09a09da50,2017-02-24
439ef6a75b6c80e6d36b5c660dffc1bd,113529321cf955855ad19e49f974014b,delivered,2017-07-09 21:26:56,2017-07-09 21:35:13,2017-07-10 16:46:13,2017-07-21 16:59:22,2017-08-08,975ddc2c0783f56801492449ceea1a88,2017-07-09
9bfcadb1457b8133f4d46be5091f8117,3a602d2d1aff75fbe3ae2e7d9c3928b9,delivered,2017-05-10 16:03:09,2017-05-10 16:15:13,2017-05-18 12:06:04,2017-05-24 12:34:45,2017-06-01,85d59a3d4359d4352f14124962ff305c,2017-05-10
71f1ac6ed46b13fb8280074cf2efbc28,015041e1136a20f44f9cf4bbf29df823,delivered,2018-07-10 13:30:13,2018-07-10 13:45:28,2018-07-23 15:59:00,2018-07-26 18:41:32,2018-08-09,9294c25a3c8bf64d665f706aa33a675f,2018-07-10
7b73271902e2ee3bd37ac75732256a62,4c04c2177876121c89241a6ba6562ab2,delivered,2017-03-29 22:02:11,2017-03-31 02:10:20,2017-04-03 09:15:56,2017-04-05 14:09:07,2017-04-18,5b73202957f46dcfad859ec6189df941,2017-03-29
a619ec6622eccfa387cc9528136c92dc,ddb2e15ba835b6b9345f1dedfa46f9ea,delivered,2017-09-21 14:34:38,2017-09-21 14:50:16,2017-09-22 15:17:58,2017-09-25 20:17:53,2017-10-06,82657ece5796b9da913f07912304a997,2017-09-21
872850580977b19cbd396531f4a6d0d7,c6e3812cc706e3b2217791471ca5f1c2,delivered,2017-10-24 11:23:41,2017-10-24 11:35:32,2017-10-24 19:32:49,2017-10-30 20:47:42,2017-12-04,fbd8a924ad0f017181cd830612ee6ca8,2017-10-24
37394e732421fbc2891f359531eae716,d8dbceb5a74070a393d6e0ca0dabdc8f,delivered,2017-11-22 00:24:38,2017-11-22 00:34:23,2017-11-22 16:01:17,2017-12-16 16:39:07,2017-12-11,a147b35c04951884b4bbd65a0085cf88,2017-11-22
c3a1df55b98cfc24ce8fb94931eb7f7f,400e9330d00648ce9605cd4108c140ad,delivered,2017-05-29 10:16:07,2017-05-29 10:25:13,2017-05-31 10:12:37,2017-06-09 16:25:00,2017-06-29,bd4a35d63f4b0d04898aea87040220c3,2017-05-29
873148516ea6e3bc8c008d756a2a228f,1a13ae9c45155eae252b87ca747618d6,delivered,2018-04-23 21:30:00,2018-04-24 18:38:44,2018-04-25 08:59:00,2018-05-12 18:56:38,2018-05-23,aa158429a498b4afb75488e56032f193,2018-04-23
5f5009f6c5e45b305e8cab76a5df6a18,643f08ce5391a352c4e91587fbcfa3f4,delivered,2017-05-31 20:35:07,2017-05-31 20:45:13,2017-06-01 14:36:20,2017-06-02 09:51:42,2017-06-14,3f3b39ba608e727d5588f05425b3a500,2017-05-31
0e5f95185b8be5365f07906c419286a4,9eb3f461f599bef9a3d6ddcaf1a2716e,delivered,2017-07-18 08:53:09,2017-07-18 09:02:56,2017-07-19 20:59:36,2017-07-21 15:43:34,2017-08-07,22920f09c4767962dab3d220ef660498,2017-07-18
b3f52fa6786dcd3666e35723730fbb94,1e433a0ebefc0d9ba791b8f2e0e627f8,delivered,2018-02-02 19:29:55,2018-02-02 20:12:01,2018-02-05 18:37:12,2018-02-07 22:15:04,2018-02-26,b4ac8fd1ca621fd76b0461e2e0622c9d,2018-02-02
b017dafe7c59c8aaf92ab3fa1ca54d78,2208577a67480f29e84ad6f2419e8945,invoiced,2017-01-26 16:16:15,2017-01-26 16:25:32,,,2017-03-02,9a6a08ddde38a6a1a71b918e0840d4d5,2017-01-26
59e2c9c767326c7343b0bc5b3fd09225,e72af34d36bba8b5eed2dc2b418f3e53,delivered,2018-01-22 14:49:01,2018-01-22 14:59:26,2018-01-23 22:52:47,2018-02-14 18:23:04,2018-02-21,232ab927edc46e5a920d68fe7cb545c0,2018-01-22
f54bafb64890dbc54fb2f4739051bf9c,0fc2a323885f08970850976ac19eb217,delivered,2018-03-21 21:57:25,2018-03-21 22:10:34,2018-03-22 22:54:32,2018-04-02 22:44:41,2018-04-09,77a2c31f94896641ae4b995993fc2859,2018-03-21
deb8008c703b1193a5ee13bd3df5e9a6,9099fad5d60c0f71d655957d4eba256a,delivered,2018-01-28 20:40:42,2018-01-28 20:50:43,2018-01-31 18:49:07,2018-02-20 21:06:06,2018-03-06,ee2b9b0378252b013785b8a035b48531,2018-01-28
f62a8a01fbe9e10c2c6d6e66e828f399,cc83932dc14918a2a88d452012a094b2,delivered,2018-07-18 01:23:50,2018-07-18 01:35:10,2018-07-19 12:57:00,2018-07-20 18:12:20,2018-07-26,2d515f05f54cb6e744b57dcf56e8c163,2018-07-18
3366858be589fddbcf6a199aab0058d4,ab69a150db2cbcf9c01a34e7e4f75545,delivered,2017-08-01 13:45:24,2017-08-02 03:04:10,2017-08-03 15:13:20,2017-08-04 21:19:54,2017-08-17,df946ef265626b1e0a425292815ddead,2017-08-01
a2e6b3c462fbefc8709b2eb5f51f809b,0e1c72b69b4c8f473de3b34712a15a76,delivered,2017-07-05 13:27:40,2017-07-06 03:24:07,2017-07-06 15:40:01,2017-07-13 17:38:00,2017-08-02,862b2b94a70e91cb0e9f1224d736992d,2017-07-05
9633285ca54bcab6e81544b70f99a24d,4a6da5722f5935d330ee36f2892e1e75,delivered,2018-02-07 13:00:03,2018-02-08 07:35:36,2018-02-09 16:28:28,2018-02-14 15:51:51,2018-02-23,f4accba30906b4ca5b972327962ca4f6,2018-02-07
c766c5324b94b64c7580dff991a977d7,6f6c16853b09854c3168f476d9cb82ba,delivered,2017-07-05 19:01:10,2017-07-05 19:10:11,2017-07-06 12:07:30,2017-07-12 17:30:00,2017-07-27,1e6dc17adde78e52b6fa5e634f4454e0,2017-07-05
354ca0db56ff74ee830a15fcc1416642,8be76fe099ad1db841317aa4858453ad,delivered,2017-11-17 19:42:49,2017-11-17 21:26:35,2017-11-21 17:02:33,2017-11-23 16:41:19,2017-12-01,efc018e8c793a4a4c878b771b1117264,2017-11-17
d76fe905f4588ad69ab3b36527bb267d,b90b857a277b080d8078332b3636ab58,delivered,2018-08-18 20:59:58,2018-08-18 21:10:13,2018-08-20 16:49:00,2018-08-28 18:16:44,2018-09-10,7f5f43a9394964ac51bc5d1e0204ead4,2018-08-18
85d0343db3251fe60d7cf6a51d7f702d,ec77a878bf09d9d192732e2cd3c5a160,delivered,2017-09-20 07:59:31,2017-09-20 08:15:13,2017-09-22 21:27:47,2017-10-02 17:47:32,2017-10-09,d55defb1484d66b32a6d64a3de9ff708,2017-09-20
756575f4894e97980e45d0e8710ee27d,d5d579f5aede2682a6303fbb42e9937b,delivered,2017-03-28 20:33:27,2017-03-28 20:45:13,2017-03-31 21:04:30,2017-04-07 17:23:31,2017-04-24,44e288f77ca0da9c3d878d78c722101f,2017-03-28
1b877a226c140f9a912401a5af3bc572,e69b479010cf80ecf05ed9c3396d8867,delivered,2018-05-20 21:03:13,2018-05-20 21:15:11,2018-05-21 14:23:00,2018-05-22 22:20:55,2018-05-29,8e22ab6c8fdd8f12ef39821170f4f22d,2018-05-20
5750d60517669a97d14de871a5f11798,b66f32f79a08dad505caef424246177d,delivered,2018-08-15 20:14:42,2018-08-16 03:30:14,2018-08-16 14:00:00,2018-08-21 21:54:48,2018-09-03,b0c780eae439a01abbf097bd7611e40b,2018-08-15
264e91053cd726b067922356be6fd618,19ac278967f42fe0240c4823824594aa,delivered,2017-08-03 18:25:30,2017-08-03 18:43:36,2017-08-07 16:40:20,2017-08-21 20:46:47,2017-08-31,5a95daf3900225ffe545478a36feea4d,2017-08-03
ecfc1ad7d40898a7862c0791430bf513,a0805912e4e6da6aa3419ac83ef9ba57,delivered,2017-11-13 17:12:35,2017-11-13 17:27:05,2017-11-14 17:14:42,2017-11-20 19:54:23,2017-12-06,a2370b590b2453d5a748d4c4c35f900b,2017-11-13
666a3fba59ffe0f70203090fdff3a61f,98155bff952dcee9c1184ca64103a1b5,delivered,2017-12-01 16:39:54,2017-12-01 16:49:40,2017-12-04 18:13:40,2017-12-07 20:08:42,2017-12-26,87eeca1f7606db239a54f786e6a46c9b,2017-12-01
55277930669682d227d5eedad65f60f8,5079d4b0bb65a49c39eda48508899a83,delivered,2017-09-24 13:38:28,2017-09-24 13:50:17,2017-09-25 20:22:20,2017-09-29 19:05:50,2017-10-25,0c8dd93583b64079a749cb0874a9b73c,2017-09-24
6beda2e83cae415b15cbe66e53e39f90,3f871f8c702035acd8a2340dc2082274,delivered,2018-06-25 20:39:11,2018-06-26 05:12:58,2018-06-26 11:53:00,2018-06-28 18:28:33,2018-07-16,83e180fd1ddbd646985104f274c32abb,2018-06-25
072d14a6096a0b4e29e3e2d6f11f58fa,23cb14399f270bdd209b9fc82c454048,delivered,2018-04-04 22:00:19,2018-04-04 22:10:23,2018-04-05 16:58:29,2018-04-06 23:48:40,2018-05-07,b0af01f9dffde5df4749042a8ef0c77d,2018-04-04
eec7e98395df9643250ff81c7dd06443,1a46d7bb3dc763ad243729435e87b3b0,delivered,2018-05-08 17:02:30,2018-05-08 17:15:22,2018-05-09 13:49:00,2018-05-10 17:02:49,2018-05-17,52f0c2a169be43e712cd23cbef997fa5,2018-05-08
c7542d0d83ead101b058770578cc04c3,28c34c93c160b8af311c852cd43f920c,delivered,2018-07-31 12:01:18,2018-08-02 05:30:51,2018-08-03 10:09:00,2018-08-06 20:51:42,2018-08-06,1f2c9b0a8a2102d040a1d456d9a08cbd,2018-07-31
c583b6157fc73464387efe2ff82ee1a4,cff98faaf25e1b86a439bf5556e6cae9,delivered,2018-08-20 21:07:24,2018-08-20 21:30:01,2018-08-21 07:09:00,2018-08-28 23:55:51,2018-10-17,6c2d022850b74d7bfcc074ec405986ab,2018-08-20
cfd2f4ec78bb56b1fa91abad6d3ee54e,49e9ce9506327183790c2ef50cb92f0b,delivered,2017-12-28 23:06:03,2017-12-28 23:17:21,2018-01-02 23:44:15,2018-01-08 12:23:23,2018-01-24,ae9020d0cb721be3d5ce58bc144816de,2017-12-28
00bc78808b22918a467b2fa4b8ef5d68,ca0aaedb924d47b85407a1130582b836,delivered,2017-04-23 23:28:23,2017-04-23 23:42:29,2017-04-25 12:00:40,2017-05-02 13:47:08,2017-05-15,14b1fe83a6c8579f0502b467afe01b7c,2017-04-23
f3315317ae9053985e17b5378e2e6e51,36925ecfeecb282ef82fe8dc4cdee8e8,delivered,2018-04-26 21:42:12,2018-04-26 21:50:38,2018-04-27 15:37:00,2018-05-04 19:15:27,2018-05-24,c3496e2536d8347b97f7afe5d7d211ab,2018-04-26
6814dd9f19453f44a2e1bdd19b963708,68c0df96479bac8bc8aa0ceda8286a3b,delivered,2017-06-07 11:47:43,2017-06-07 12:44:07,2017-06-08 13:34:19,2017-07-07 20:19:46,2017-07-06,346534c8088852932d947f4b8fea3959,2017-06-07
bb8a5aab841afa1f9b497daf2b0cdf4d,f211a26698f3f9fa2e0858b62ff66764,delivered,2018-05-21 08:53:13,2018-05-21 09:10:31,2018-05-25 13:58:00,2018-06-15 20:41:56,2018-06-26,dc059162c1eedaae9baea039e5fee892,2018-05-21
3ab3084e2fd91af8e021237e7bf08cac,c95bf8324acec8d3f6554af904fc4af1,delivered,2018-07-18 10:59:37,2018-07-20 04:45:17,2018-07-25 14:57:00,2018-07-30 20:32:52,2018-08-08,c79792aa3f468806ac9ae00165025f41,2018-07-18
3689c2503baba1c0879d94cdbe6d6d60,176db5144496b2af02a70eff67f81d11,delivered,2017-08-29 04:40:58,2017-08-29 05:24:28,2017-08-30 16:59:59,2017-09-06 22:44:03,2017-09-20,7d7dab6fdf5d47278f2390976eba4b74,2017-08-29
8ac9d647425b62394b980e70f7d80d6b,f4380f3bd8c569ec5c8ccf76ca4daea9,delivered,2018-03-22 16:20:37,2018-03-23 16:15:27,2018-03-28 20:58:41,2018-04-03 14:33:05,2018-04-04,3a1843bdfa85949a0b09bae81235709d,2018-03-22
4a44cc6468fbb1828cca8e10440a6ac9,2b26fba665d933c5fd8c7c3cb844f27f,delivered,2018-05-01 09:53:51,2018-05-01 10:16:38,2018-05-03 13:49:00,2018-05-11 00:47:45,2018-05-24,95a32ff32e5dc4fa64c8db2079bc4c24,2018-05-01
c6e58a4e75b2a0b6fa62f0547a3cc759,77e859015a89aca6672298de8b605c66,delivered,2017-02-25 17:58:47,2017-02-26 06:45:20,2017-03-01 10:45:56,2017-03-10 13:44:54,2017-03-22,0e9b86bfe08996cb868a54dff6064c06,2017-02-25
9cabafe13d423fbaa722617b69188084,7338c623f9e7af272f2f944f0637d0a2,delivered,2017-09-18 11:50:36,2017-09-19 03:55:22,2017-09-19 17:52:26,2017-09-30 16:28:10,2017-09-28,ad039df9676330eb794c92e426cbef7f,2017-09-18
ad9c97f9a8dbad1ffcc7f261da6574a0,700502d0cf7cb4c12a62b243f5a3dd95,delivered,2017-03-13 13:12:44,2017-03-13 13:12:44,2017-03-16 15:44:21,2017-04-26 09:09:58,2017-04-13,ea37c458daab25f97fd4a47a2e1b43d4,2017-03-13
1fdcd855bcc9c63049c1f9196d3c7565,d8fae274759d18fa94cc3a93590abbf5,delivered,2017-12-26 05:53:05,2017-12-28 02:37:35,2017-12-28 18:49:16,2018-01-03 17:07:29,2018-01-23,7639156df39fdd20a2b12a285a7836fe,2017-12-26
73960fc10fc7f6337ed0fe06f14bec36,e2054b87898ae5f0c78d02286317178e,delivered,2018-02-28 13:23:43,2018-02-28 13:35:33,2018-03-01 20:23:17,2018-03-09 17:32:10,2018-03-21,acfb17c1122b06dd09ea27d6e55cd139,2018-02-28
c0d8c763cce5b3b4c2fecafbcd779012,d76d064eedf85fd7fc0b26f4ee67a2c3,delivered,2017-11-21 19:16:38,2017-11-21 19:29:25,2017-11-22 21:41:12,2017-12-11 21:58:37,2017-12-26,a86774753ef84917c00c62aeaa2fe2f8,2017-11-21
75ac904a1ba87fab8d6d93751d68ddb1,9c033575d6b8818ce82640aa5674494c,delivered,2017-10-20 22:02:06,2017-10-20 22:14:22,2017-10-23 18:23:44,2017-10-31 23:24:34,2017-11-21,78d448a4ba93427cc4455949fb162ab8,2017-10-20
b457de2209659587bae1fcefe0ce828d,42f0110a1f0f15165578b228626229dd,delivered,2018-02-27 07:55:19,2018-02-28 10:15:44,2018-02-28 20:43:39,2018-03-19 20:24:55,2018-03-29,1f77259d3e33898497c3836439e3c694,2018-02-27
8e54a072860136e58c8c812ed15eb2f4,352b302b103920d82c79aadd85ab509d,delivered,2018-05-21 13:04:47,2018-05-21 15:47:30,2018-05-23 09:46:00,2018-06-07 17:07:40,2018-06-22,7bd208d8daa0a0aafdb4cfc079dbea6c,2018-05-21
bbb67d2853d40d080e6e1f16f5f0a1c2,d4552c5a318ffd44b6589e11cc5aff8b,delivered,2017-09-28 15:00:27,2017-09-28 15:14:17,2017-09-28 21:43:07,2017-10-03 15:33:28,2017-10-26,508147067e5a8fb40c9e47ba28aab934,2017-09-28
b73939058e5490167b4c069d941208d9,f87f1ea0db1d9f90a39e6d33b978d7da,delivered,2018-05-01 12:45:18,2018-05-01 13:36:05,2018-05-07 14:04:00,2018-05-10 18:04:32,2018-05-29,1e9de4150d4925cb28ede9bc402f112c,2018-05-01
96c1db24eb404d9ef6d36ea064240fed,8e04a1f6e74af3cd01bfd59bfd6523c4,delivered,2017-06-12 23:43:30,2017-06-13 00:42:48,2017-06-19 16:42:23,2017-06-27 12:09:46,2017-07-07,d2560fea402745a0f20f542f829c6109,2017-06-12
32b75a504adac9e56f590b0561a5fcc6,61a03311eb27298ca1cba139fe4f553f,delivered,2017-11-12 21:43:34,2017-11-12 22:06:37,2017-11-24 11:41:53,2017-12-05 20:32:13,2017-12-08,379111a80971bec2f58bd1c2a066669a,2017-11-12
5b7c23b7f4d719e14149384a48264dc5,a660e7aea86f4a4ede60b224ed156937,delivered,2018-07-25 10:45:48,2018-07-26 09:04:42,2018-07-26 12:19:00,2018-08-01 21:44:32,2018-08-16,690f41c0188783c3babd9cab15bc4b13,2018-07-25
4f8d2bf1636e6c775fbfb0d824880893,d57b9dfc139d48fc3482411baea546ff,delivered,2017-04-07 09:45:54,2017-04-07 10:03:11,2017-04-10 09:46:29,2017-04-13 15:26:27,2017-05-02,3f6ac9a49767899814866524054ba779,2017-04-07
15327faedc0b46ed8e761a6828b9e039,7e9e8e8df9e2f28df2b9fa5d5bd99715,delivered,2018-05-18 22:36:51,2018-05-18 22:58:16,2018-05-21 10:15:00,2018-06-08 16:33:02,2018-06-07,e3872b533cb81b1500679d367f706f3e,2018-05-18
68e4d7b489562de5ca0a4486d7d0c3d8,fefbefec320ab4ec0ddcf55a4901ebb2,delivered,2017-07-31 13:42:08,2017-07-31 13:55:25,2017-07-31 19:13:57,2017-08-08 19:48:01,2017-08-30,1d3ada53d8ee64e2a68fb18fddf7e3ff,2017-07-31
d214b4670d22fbbbce0677ce7e2645ed,a90c43658051589ad5e37955a0c2a681,delivered,2017-11-04 12:44:42,2017-11-04 12:56:21,2017-11-06 22:41:47,2017-11-13 22:28:53,2017-11-24,0e4c314bf70adc07db976ac1131a8d0e,2017-11-04
f62fdeb39023106b1bb98bee97a54a87,598906e581679bc9af2e1f1ebaca663c,delivered,2018-03-22 18:19:14,2018-03-23 18:15:20,2018-03-26 21:49:06,2018-04-23 17:26:59,2018-04-24,cec1e2609b0eb4dbc9b556a9a3a104d3,2018-03-22
32d7800197408f1dc16884bf75997754,eb4050f3fed9cbc10a3190ac4bd66ff9,delivered,2017-11-22 22:49:54,2017-11-22 23:06:22,2017-11-23 18:49:21,2017-11-28 17:38:57,2017-12-04,505a5106ee8ff363e1bd1b928cf6375a,2017-11-22
352d885bc141f75e361bbf6501513d25,8f458f1a3f921406c1dda20db858fb40,delivered,2018-03-20 12:22:25,2018-03-20 12:35:22,2018-03-27 00:12:21,2018-03-31 19:53:42,2018-04-02,9e45e105f9d3bbd65e327127e0a71a55,2018-03-20
5852550cf22fcb9c36345a0b65992ff5,725134f3d737109269ea38978e83138c,delivered,2017-05-17 21:16:12,2017-05-19 02:30:36,2017-05-19 15:59:55,2017-05-25 11:18:48,2017-06-08,4041baa51d9eae8f5955ccd4f02bb044,2017-05-17
9c7c35b65031cb7fa78dbac4e2e2537b,a18068d9bf6f6db5e4bb741c9bcd1c51,delivered,2017-11-27 15:11:57,2017-11-27 15:19:26,2017-11-28 16:32:35,2017-12-01 01:04:16,2017-12-11,1014c21e54146e39e1d5ad9ac04f13c9,2017-11-27
8791ce636583500a723049d52a041173,abb2fec0b516457ef4e5d0e5462cc536,delivered,2017-09-11 22:58:31,2017-09-11 23:10:23,2017-09-12 19:19:54,2017-10-02 15:13:35,2017-10-03,e864e4472e5e6924aa93402cd1a29e3a,2017-09-11
83efbd53c99b70116995cf2c0bff3816,9615ac1bcf22b163a98512d4392e2706,delivered,2017-04-20 10:55:12,2017-04-20 11:05:20,2017-04-25 13:55:43,2017-05-12 12:44:47,2017-05-22,721a5e553f5c5fd19934e9ec303e49a7,2017-04-20
3b7ac17897c36edfdfc207217bae1d5d,16e28bea52f770767fe899a415600da3,processing,2018-01-15 16:46:24,2018-01-15 16:58:25,,,2018-02-08,f9047487ece4da2e0312057eee121622,2018-01-15
1afb4a9edd39860a661d82a4e510bdc7,e03edae3320eaa6a6234ab9406ed76be,delivered,2018-03-23 12:58:28,2018-03-23 13:10:43,2018-03-27 04:36:53,2018-04-07 19:41:30,2018-04-10,d78dee8786dfddb1b732cb647a55eee8,2018-03-23
eb4137636761805a4bde82ac77b99218,61320786e2dcffbe5d39773c3c59c309,delivered,2018-05-08 09:35:12,2018-05-08 09:50:54,2018-05-08 14:22:00,2018-05-16 18:08:44,2018-06-04,6b5b8b2ddfb5c697069f7f2c2f5e0283,2018-05-08
15ccd9465465614391948bdd2d3b4da0,7b2374e69cd900477d91fb6265dec4ef,delivered,2018-04-12 13:18:14,2018-04-12 13:30:55,2018-04-12 23:06:43,2018-04-26 18:36:34,2018-05-15,88b1ac56d07ac4a0e139d737f2e77ac0,2018-04-12
663d6f01237b7d9d1257bd3ce460af4b,581472f70857cdfa529a6a282f9e56fd,delivered,2018-07-25 13:20:32,2018-07-27 02:24:29,2018-08-15 15:41:00,2018-08-23 21:27:37,2018-08-22,510c0b04c0a1d626ec12a7bc05852be2,2018-07-25
21af7328b2a40a3ece5491affde104fe,c29b0e9ba74c0fca0189b1b68436daf1,delivered,2018-02-14 21:24:49,2018-02-14 22:00:20,2018-02-20 22:33:32,2018-03-01 17:13:17,2018-03-07,d89e6dc8d359b828b1ea33b9a7339058,2018-02-14
05a82511dd29bef74d8003b015912fd6,ebf7e7691b7e62b2df6bbb5621bf6557,delivered,2017-09-11 21:54:03,2017-09-11 22:10:33,2017-09-14 20:17:48,2017-09-25 12:14:53,2017-10-24,b2830cdace9a7b48c770d307caa2a222,2017-09-11
d90f196173cdfc41f134770a43409e7f,e1a7e0e35f1d24e47545278b2df494e6,delivered,2017-07-18 16:59:59,2017-07-19 17:10:17,2017-07-21 17:31:57,2017-08-09 20:03:28,2017-08-11,c1eda9e66e4f4c2b795ff1b1abcf6661,2017-07-18
4205a3c89c70026b43d90706a98e2f17,b93ea53bbc078967bbb66d23975fa361,delivered,2017-07-27 17:47:31,2017-07-29 02:23:59,2017-07-31 18:22:51,2017-08-08 19:23:41,2017-08-22,24dff33d56d635f2dc09cb7c79606e4a,2017-07-27
4cbe925cfb272323db0ca38c5dcd6e6d,c968a52fe5d6911925b5a108be430420,delivered,2018-08-06 16:59:31,2018-08-06 17:10:17,2018-08-08 09:48:00,2018-08-14 17:18:26,2018-08-13,8bea890ef93defda655b18f57f08f72e,2018-08-06
7d962b9178f5ecd3d31dd69811311e65,2cf8fa6b9491168438f09e16f82fd543,delivered,2017-10-13 21:54:18,2017-10-13 22:07:09,2017-10-18 17:23:48,2017-10-24 16:29:59,2017-11-08,5e173e3a61caee66b96f214a6e5bf4cc,2017-10-13
234ea4333eec78d8e18bc801a916e1f4,07d2fc9925c3b3ef80df52be56a06482,delivered,2018-07-21 18:48:54,2018-07-21 19:04:10,2018-07-24 05:55:00,2018-08-06 18:58:27,2018-08-17,a6e9adceab96d69b41eab3ed3f466a81,2018-07-21
70fdb98b88f9b34c5e8fce09e093c747,bce717de943b9b16756121e882a9fb9c,shipped,2017-05-29 22:00:32,2017-05-29 22:15:18,2017-05-30 14:18:54,,2017-06-19,e0c3aaad51e0c7b6339ea1b589de52fb,2017-05-29
e04f0de943db189301c0d84b50e76e1d,79eab0bc9d12d1f7159dc835137aac35,delivered,2018-06-09 03:16:03,2018-06-09 04:06:32,2018-06-15 16:37:00,2018-06-20 16:02:55,2018-07-04,d684009afd7d174712f30b1fe0bf0a9a,2018-06-09
1d71e35103fe8db2e50dfff158650e4b,6db52a0ac6dfef557f3df52ca90e0fd6,delivered,2018-08-06 11:04:37,2018-08-06 11:40:06,2018-08-07 08:48:00,2018-08-15 17:08:48,2018-09-04,21b123b5213f8b5019ea3a6d050e5e76,2018-08-06
9d7b5f17627d128b343baf0300b45c7f,dacd86bc006c12e3eb2a55020cb8dc7a,delivered,2017-08-17 21:55:42,2017-08-17 22:50:21,2017-08-24 15:52:56,2017-08-25 14:35:38,2017-09-06,0d086121374abc7682c5ec5bc50373b6,2017-08-17
d69964b656a7ccf534ecca1716e557c1,783585fd209133c94cdc7f7ce4247db8,delivered,2017-07-11 19:13:28,2017-07-11 19:25:17,2017-07-13 17:11:47,2017-07-14 17:09:48,2017-07-24,d571b8bee33362189f429460f9447468,2017-07-11
326aeb6a8be7b282c4d5cfba7ff0a072,7607e42e3a93ed96cc608e768f497ade,delivered,2017-11-23 20:20:10,2017-11-25 20:13:22,2017-11-27 19:44:35,2017-11-30 23:48:32,2017-12-26,4bd18f5e75411f3c7bb691f763b2be0d,2017-11-23
da0571dd2e59b32cca46279a02bfb40e,76a5a351fffbceba0b0767a5bba5cc6d,delivered,2017-01-19 19:02:48,2017-01-19 19:15:11,2017-01-20 14:12:27,2017-01-23 20:23:42,2017-02-27,f74f1d6a350eee4e9dc08bfcfc7fe590,2017-01-19
618b0e262ba7b2c46a5b349fadbd4996,38278865371cd2796600255e9d1bb872,delivered,2018-05-19 17:48:44,2018-05-22 09:36:46,2018-05-22 13:46:00,2018-05-23 14:05:52,2018-06-05,8092e2240cc0a4ac008c897518f59b01,2018-05-19
1d8c5225cf536be1cf53c5bb8d456e7a,4c03abcc993988fac51de1039b15a71e,delivered,2018-07-25 14:31:01,2018-07-25 14:44:30,2018-07-26 10:02:00,2018-07-31 12:24:41,2018-08-10,cce60deaaf8381ca01ea7c3ab36cfbfc,2018-07-25
b7592da1b6c34d2b2404a7b6e8639376,99383db9c2af4cb2ad7503ec2f552c42,delivered,2018-08-05 21:58:38,2018-08-05 22:10:17,2018-08-07 15:42:00,2018-08-14 00:16:33,2018-08-15,df87b0cb0fe48df0d006e85ad82c2335,2018-08-05
c9d34829925a92b0d2d385e3f87c9e93,92f6edd541c898794291e81f3c12d6ff,delivered,2018-01-26 01:05:16,2018-01-26 01:13:41,2018-01-26 19:16:25,2018-01-29 22:25:50,2018-02-14,452f1884976969dbb2b14d0cdd99044c,2018-01-26
9436cfaa861428f70a41ac0a7e91d752,4e5e4764ac759e7ff338f5908eadae5f,delivered,2018-05-15 14:36:55,2018-05-15 14:55:26,2018-05-17 13:52:00,2018-05-18 13:25:35,2018-05-25,7aa19c73fd757e2a018d239546c93fcb,2018-05-15
9fde8604e48e3fb51e7768a2c218b76c,9a03a5c2cf2c847c51d56eba03e00031,delivered,2017-07-04 18:25:23,2017-07-05 17:41:05,2017-07-07 18:25:36,2017-07-17 17:36:56,2017-07-26,0bbb42a9ca8179ccfce14a11d2afe6de,2017-07-04
a2a6f122566b017e40c435bca2b936f9,c703db5819a7a5918534fedd0a6755fa,delivered,2018-04-24 00:52:53,2018-04-24 19:10:33,2018-04-24 19:21:34,2018-04-25 20:22:52,2018-05-09,ba1df96827b527afee73f73191f5b9e3,2018-04-24
70aae84b2facb982a1867a6793603919,5109b8e49bfa15c2481451462d214558,delivered,2018-04-18 01:13:23,2018-04-18 01:31:36,2018-04-23 19:48:08,2018-05-02 20:55:50,2018-05-15,da010535ae63c9fd86077efeadcd5e88,2018-04-18
673f22f1a5f0f4bc22143d42b7c60fbb,8baba35b56c3e5c2e80183e5def5e364,delivered,2017-10-21 17:23:00,2017-10-21 17:35:13,2017-10-23 13:50:11,2017-10-25 18:03:10,2017-11-09,3e1202f3d3d47deb7509e78c606644b4,2017-10-21
33401d2d0621ceae77505c91308ceddd,3fcda70d69c185780fb4abd140ba69e3,delivered,2018-01-23 10:26:00,2018-01-23 10:35:18,2018-01-24 08:15:41,2018-01-30 19:39:09,2018-02-19,ade4eefdf0232fa26f1988cb56edc58c,2018-01-23
f139446c99f9da288febbf16f64b632f,be31a641ed367efc38a695f91b2ca9b5,delivered,2017-04-22 17:16:31,2017-04-23 17:10:23,2017-04-24 10:42:02,2017-05-09 09:07:53,2017-05-17,961be53c93407b4cddab85a80467ba6d,2017-04-22
79f5e74dabe875d72cac7b0e80b66cd9,30af5ce2f2a3f0686c494d7a819b653a,delivered,2018-06-19 11:51:55,2018-06-19 12:18:24,2018-06-20 12:02:00,2018-06-21 18:32:30,2018-07-04,9c3fc372b6ca4c2888576a87072fd197,2018-06-19
e58ed0440e44bc5b5e5cba33106e3f66,e6bd5e16b464734e9301c0062b36142c,delivered,2018-01-04 13:53:07,2018-01-04 14:01:29,2018-01-08 20:13:33,2018-01-11 00:53:16,2018-01-22,0fc00f0fecdb2871823506041647306e,2018-01-04
b4e3586b63caa012721a22d0fc3fa3fe,d015395a2105867a00b87856d48af631,delivered,2017-10-04 10:06:06,2017-10-04 10:25:46,2017-10-05 21:12:58,2017-10-09 22:04:16,2017-10-20,d58399e8f18e15b0b150a95d8125ca29,2017-10-04
90d589e42b7249c447d31594bd992684,eb8251dd2b05fbe4a9b75bf108da9970,delivered,2018-02-20 15:46:22,2018-02-20 16:08:23,2018-02-23 18:08:01,2018-03-03 16:03:26,2018-03-06,55dd84a1fa2885353474707ea7343a9f,2018-02-20
83dfca4f7a5fe26a1f1635bea6ad1267,db7eab0502aac2e46ff476079a1ea3d0,delivered,2017-05-19 17:15:50,2017-05-20 04:15:11,2017-05-22 07:38:33,2017-05-30 05:31:57,2017-06-08,6ee8c926b705a0f2f28d833edffdb1a6,2017-05-19
a422151669049433280012413d1a6486,69f8e649b3958fb232bf6670bce9ff27,delivered,2018-04-14 17:41:51,2018-04-14 17:55:12,2018-04-16 17:08:29,2018-04-23 22:42:01,2018-05-10,f8cb92a2694f00c6841bdfdb7ad20200,2018-04-14
1c9ac08a8e474b38e9231382778f7eb9,82218c42033c0f36f36f1c4fd3d7935e,delivered,2017-08-09 18:53:13,2017-08-09 19:05:13,2017-08-10 18:04:54,2017-08-18 21:29:57,2017-09-05,86b59358310b208f822e416e59c96672,2017-08-09
0b7a6fc05a25cefe1287ad5568d08c4f,2fb8001fa90031486a508d2796dcde4e,delivered,2018-05-02 13:13:49,2018-05-02 14:42:47,2018-05-09 14:11:00,2018-05-21 14:11:36,2018-05-24,da3fabb668f83ec5f98bb888852470c8,2018-05-02
26309b9af9801e215252ef79be51f75a,f3d920c8e775b5e543f2f89af5969774,delivered,2018-08-22 15:26:48,2018-08-22 15:35:14,2018-08-22 15:39:00,2018-08-27 22:23:59,2018-09-04,0e92bf88ae9dee532115fb3adc7f5ea4,2018-08-22
d26e860e3ac65bc579e93d847f16673d,9600b4f513892d945c9d8cd2f7fc1955,delivered,2017-07-29 13:49:38,2017-07-29 14:03:14,2017-07-31 20:17:47,2017-08-11 20:35:31,2017-08-30,29c8de5b1116c9acbaec4e6f4178441b,2017-07-29
4f99d1a7b0d2308edf45baa6997ac961,55d6fe64c9ff321e925f284f7e0d69d8,delivered,2017-09-17 17:40:17,2017-09-17 17:55:18,2017-09-22 18:27:14,2017-10-06 17:43:25,2017-10-10,93b305948f8ecf70d2248fb41e0bce89,2017-09-17
d5696bd8ce0c14b8ab1265d38cc277c2,8aa8cfd8208e29d57aa0d67e01282000,delivered,2017-04-25 14:19:04,2017-04-25 14:35:13,2017-05-09 12:17:10,2017-05-15 07:13:50,2017-05-25,862718725e3717bdfba1e73349aef6a8,2017-04-25
4a14e50e1d032b0fa7809a49f285bfae,6acb9050cca51269fd11bdffe67963f6,delivered,2018-03-12 00:29:10,2018-03-12 01:08:46,2018-03-12 21:34:35,2018-05-02 14:16:31,2018-04-17,d38578ec35f9bc6bbe905734eedf74a5,2018-03-12
87993df58718ae05426e9b6fb1d838ab,8629a8c975e17a82b2c4b4d5842f77a6,delivered,2017-12-03 20:24:03,2017-12-03 20:31:44,2017-12-04 19:52:00,2017-12-18 11:48:41,2018-01-04,df995347fba825851392d8f597fbb7f5,2017-12-03
dfd167dbbee0457152ea56ac9442f945,ab7eb9c1ecbce30c44c8393c7a47499c,delivered,2017-12-12 19:05:13,2017-12-12 19:15:25,2017-12-13 15:26:52,2017-12-28 16:29:16,2018-01-08,75c9318c59c9c05c56be1c43b06a7047,2017-12-12
c862d307944b0dd344a6e4310a345564,e8f20063fbcf5a7c9e38ff7da9bd55cb,delivered,2018-01-08 19:07:35,2018-01-08 19:17:40,2018-01-09 16:19:29,2018-01-22 22:26:56,2018-02-06,ba2defc7d5a4fa689ec04a8f044feba1,2018-01-08
1722fe3b31052dd87d3639c52ba346d0,e1b929521a26db66887f7ec60e7ba2ab,delivered,2018-02-20 17:17:39,2018-02-22 02:10:42,2018-02-24 13:23:57,2018-03-13 16:43:29,2018-03-16,97e5501feb2532ef0e124d2dc4e86537,2018-02-20
7711031c008fac004ba9f2bfdaff6200,21f3709294148da4889522e4d1683cbd,delivered,2017-05-14 23:20:04,2017-05-14 23:30:10,2017-05-15 14:11:08,2017-05-18 11:58:07,2017-05-25,8f57bdbe475f3764b5bb3725edeb44ad,2017-05-14
196a70ab3bb16ce2023185004d20245c,8cdf2b75bd42e43c8c8648f4205d3945,delivered,2018-07-04 17:45:49,2018-07-06 02:51:02,2018-07-06 10:04:00,2018-07-11 22:28:38,2018-07-17,5650bf668868651d51740cd49908814e,2018-07-04
a8ea05fd33c920bdb1add488f8ef7f9c,1364c861e8447e6a9fe336673843244c,delivered,2018-07-16 21:06:54,2018-07-16 21:20:52,2018-07-17 14:54:00,2018-07-24 17:44:43,2018-08-20,91aeaba4071268c3476f13c2d6465eba,2018-07-16
f45074ae38f2e01d9b854ec8d40362ff,d036487ffd91aa5b2f21e17f2bb83543,delivered,2017-08-20 15:36:25,2017-08-20 15:45:18,2017-08-24 14:42:44,2017-08-25 18:54:58,2017-09-01,9585898e80f9de26178eb04cd600b6f5,2017-08-20
e23b204f4817055fedf12a5a5c27b360,be48475b2c7db3c1c8281b27b18dbed3,delivered,2018-08-08 15:32:21,2018-08-08 15:45:20,2018-08-09 14:54:00,2018-08-13 13:28:44,2018-09-11,261746f667454e7dac957e73051e0b39,2018-08-08
31854ea0f6e411311f9d52ad9f6b779a,b68b7eef43b973110deb801a7c7b6752,delivered,2017-08-28 20:11:49,2017-08-30 02:16:20,2017-09-01 17:43:29,2017-09-12 22:37:29,2017-09-20,7ab9a0ba4e0c9003ac342451fd8c3c63,2017-08-28
35b5ebbe9ea1f14657bfdfb4b52d7465,e2777962242ff48994c639668573a8ab,delivered,2018-03-07 19:45:14,2018-03-08 02:10:39,2018-03-08 20:07:40,2018-03-15 21:08:55,2018-04-05,4632e6cd7606a309d6c2c02671dd3b0e,2018-03-07
93567daac4d60b87eba6258bf1f7708f,5c766644f78a25febd9a1460c012954a,delivered,2017-05-23 22:24:31,2017-05-25 03:05:17,2017-05-25 11:42:20,2017-05-31 11:30:16,2017-06-19,c924ddfaa6f1295e683272fc1ee39a4c,2017-05-23
a823e340670fb72aaeea0c7aa697212a,af0444fd0bec2983bc41d5f9874ce221,delivered,2017-10-19 11:58:03,2017-10-19 12:14:17,2017-10-20 19:56:06,2017-11-04 00:05:41,2017-11-28,5d24e5538f4cebde02593b5e393b6138,2017-10-19
69ad29a3aba936e80ea906bf73c631a8,78dade93bc51c691586fc4880c994b75,delivered,2017-11-23 14:43:38,2017-11-25 03:34:13,2017-11-28 22:08:24,2017-12-19 18:28:37,2017-12-21,19c60787f1a478ec7345d03bc4298398,2017-11-23
88977dfcf102823ad37bacf469c672be,211ac32c2e3b192015e02a82a167f6bb,delivered,2018-01-17 10:44:14,2018-01-17 10:52:26,2018-01-18 20:03:23,2018-01-26 11:14:33,2018-02-15,ffddf4e5baa1623f69d3c5e0d775e1af,2018-01-17
baf54302abe3b0c2c43c2b55b0212a01,ebdd88ff5419875a1f95e53380c30ef6,delivered,2018-08-10 16:15:34,2018-08-14 04:05:22,2018-08-16 14:58:00,2018-08-17 12:26:43,2018-08-17,3a9cbbf8b49fc8cab4e91ed1e3a25625,2018-08-10
0a8f35ef46160ef897c27ba8c423d823,21e1730d52b736bd20ae6c338e2d52b1,delivered,2017-03-16 14:12:58,2017-03-16 14:12:58,2017-03-17 07:48:42,2017-04-22 10:15:45,2017-04-06,9c6d91038516f711fbe3e9ce6aa1e0e8,2017-03-16
5ab0d948812c5129aa5d2816e32c05fd,5a978956f6539e2e344d24647d784562,delivered,2017-12-02 20:24:00,2017-12-02 20:31:48,2017-12-12 19:26:37,2017-12-20 15:09:37,2017-12-27,9f883238e9f52a59655aad680f1e444a,2017-12-02
b2cc4ce347d60653fef5f81e0d80742f,7be38d98b5543ab58a89622f34fadc05,delivered,2017-09-21 21:02:09,2017-09-21 22:45:53,2017-09-22 19:09:33,2017-10-10 19:57:40,2017-10-20,d68de2bee2f1019d2b77c7f4512307eb,2017-09-21
e5b92893da73abb227f25730ffa69680,785c6a8133a7ad4ddcc5b9cfdd03a2a3,delivered,2018-01-24 23:23:42,2018-01-24 23:33:31,2018-01-25 16:29:00,2018-02-22 20:22:58,2018-02-21,11514ad7f9ebee009a1144f337b08adb,2018-01-24
fe2eef3b23570cf0d77e3bfd237aed93,00e6cc9509687bc594c4cbe302bd2115,delivered,2017-02-16 10:35:05,2017-02-16 10:45:20,2017-02-16 14:52:36,2017-02-22 14:14:02,2017-03-21,af575381e1a9712ced599c185ac3efb7,2017-02-16
25ec0f46ea6ac93c098212c40c6a7638,ade8ab5bad1517f633ce6d68c0af1780,delivered,2018-06-15 12:58:43,2018-06-15 13:27:02,2018-06-15 15:51:00,2018-06-20 18:08:53,2018-07-12,c987af390436678a548d121d1f3d5bf8,2018-06-15
6565a6f5c54e84857daf0400d65f490d,40914400a0c461354c9486dd7ce67201,delivered,2017-06-17 14:11:22,2017-06-17 14:23:07,2017-06-20 13:34:14,2017-06-24 23:23:44,2017-07-07,c32241d2ae47a2440f5ce0114e3215b3,2017-06-17
4719ca093902a5a5aa18812a9750247e,e78af7d99da7fd983bbfc4a324d38743,delivered,2018-01-18 20:22:19,2018-01-18 20:33:35,2018-01-19 16:39:01,2018-01-22 20:36:58,2018-02-02,5729ba9f89145d241050a6d3450f9eb3,2018-01-18
c733a4fdd58e3b29cb99b5881c10a1bc,a0304cff9fe8ea7c3fbff031132b6f8c,delivered,2018-04-04 09:30:07,2018-04-04 16:56:14,2018-04-05 21:19:21,2018-04-18 20:52:46,2018-04-27,02eedc8f54686a4ce9df86a5a4b6e30e,2018-04-04
82232df364f1356b3d4dc9bc5f855ebb,d973a476ccc69fe1c291483ea378625f,delivered,2018-03-15 19:47:19,2018-03-15 19:55:33,2018-03-20 20:48:27,2018-04-05 03:58:21,2018-04-09,74651042f12fda9dcb700c0881f4a490,2018-03-15
cde78bb3c83fdc0c9a35e87b8d559cc4,6d523e3d78e642485876b7692d747d2c,delivered,2018-04-01 21:51:22,2018-04-03 12:49:09,2018-04-04 19:09:50,2018-05-03 20:54:30,2018-05-03,9efde9b883e5c09c03f5585ddd74fd95,2018-04-01
1bb800de8a2b7ff3ae4616c5b6368b8a,aac3180e5a9896effea16ed8c27d9437,delivered,2018-03-30 14:04:03,2018-03-30 14:47:10,2018-04-02 23:59:02,2018-04-07 18:27:35,2018-04-18,c878c6f3b4b24eb496d0de6b52c39efb,2018-03-30
6c2df403c867a6aa913b387d92999d43,cd07153a3e03b42c948bafeec3ff9b76,delivered,2018-03-05 14:47:54,2018-03-05 15:29:17,2018-03-23 20:38:47,2018-03-28 17:34:23,2018-03-27,f911728544b289f40fd54eb9ea883c17,2018-03-05
d8e63c9990a74e7e6a7f16ad81251a3c,4ccfc3a8ef510c3a3c2492f64b5bb9ef,delivered,2018-08-25 12:42:41,2018-08-25 12:55:24,2018-08-27 15:52:00,2018-08-30 19:38:31,2018-09-04,b4472cb7107b18e32c3cafa45d2a3e73,2018-08-25
01443cd06ea8bce82c554a46f307459f,7995a0161ac789e3a05607de1620d517,shipped,2018-01-03 10:43:02,2018-01-04 14:32:48,2018-01-05 17:35:19,,2018-02-01,2c3ed77b92cba1f5622b5ccaa1792b8b,2018-01-03
266c2a7993cdd7ceb3422646db5f4ea2,09566707b6df407df83b88ae3c1f5ffd,delivered,2018-01-09 14:34:36,2018-01-09 14:50:15,2018-01-11 19:48:57,2018-01-15 18:22:01,2018-01-26,5639ce765cb61109833a530c0fb13617,2018-01-09
e82d1b300fd1df88a56bf9e4f4b77655,6dfc5d1e608f060d8b5d27b2d2bf0ee1,delivered,2018-02-28 13:15:44,2018-02-28 13:35:29,2018-03-01 22:53:19,2018-03-08 19:32:30,2018-03-21,f9f62e14bbbf91ada0403395a03f83a6,2018-02-28
19eb459a8d7383b55473e6be8fe8acbe,8e81dae0edf578e8d3f8eb61232c1704,delivered,2018-04-19 09:27:47,2018-04-19 09:52:26,2018-04-20 23:48:34,2018-04-23 21:46:54,2018-05-03,9a8f298c25659741c58110676ce9a651,2018-04-19
14bd8f178a9b993e9c9e9e93c0179130,a7227311e42a1a9952ac23a0b879f32a,delivered,2017-10-04 08:56:49,2017-10-05 02:49:34,2017-10-05 18:57:37,2017-10-16 20:00:00,2017-11-10,af42c6dee774a5c90fdfd11f8803978a,2017-10-04
b267a93efe393aa916c574caac6c9dfb,11428ad66d96f05ab0feb450fee58d14,delivered,2017-12-02 09:57:46,2017-12-02 10:18:29,2017-12-04 21:26:51,2017-12-13 19:38:50,2017-12-27,5d6159a362de78181e47938f73df8085,2017-12-02
66684ab29bf699746bbe69ca21dcedf5,0cc776ad105d3e0339e5e3b846edd129,delivered,2018-02-07 13:55:03,2018-02-07 14:10:07,2018-03-01 17:52:35,2018-03-29 18:33:03,2018-03-12,25ff2d5e834347cc0cd494cf13f0aae2,2018-02-07
3eff384842f72b3a75f3f8a4b97fdd44,1a6d4833c060a4f4b5e296057be4fa85,delivered,2018-08-09 11:36:36,2018-08-09 19:04:41,2018-08-11 09:12:00,2018-08-17 00:38:36,2018-08-28,74f1cb6900dadb1afca23c04643b06ce,2018-08-09
f26991f83957529021b9a4146e870996,a2524830815ae798e7e1554736eb4556,delivered,2017-06-14 20:03:00,2017-06-14 20:15:18,2017-06-16 18:47:34,2017-06-22 15:14:54,2017-07-07,aa411b1b95daaed55e37c9e3e60222a1,2017-06-14
a9d3d5644ade0a1e4724dbb4df266a21,a13b9847485ba81c2b12ed318d748b00,delivered,2018-06-23 22:57:13,2018-06-23 23:14:52,2018-06-26 07:41:00,2018-06-28 12:52:47,2018-07-17,f3683e18231a0fd781816d98b09414b9,2018-06-23
58ddcc041323f47709f7e0b0a461c466,4e00fe683e7c8bf30fbd92bbac680fb3,delivered,2018-07-02 21:13:04,2018-07-02 21:30:26,2018-07-03 13:32:00,2018-07-07 17:18:45,2018-07-30,711721e4c2273fa3c4163fae4a24ff08,2018-07-02
20e64aa65fbb0149e274381104f46bbe,f94ce64db2a1734b3a34e61957627187,delivered,2017-11-16 13:26:24,2017-11-16 13:50:10,2017-11-17 20:17:05,2017-12-06 00:12:49,2017-12-05,6fd11ed41ea931e9ba7ef26aa9d60ebe,2017-11-16
346ffefd56ff0691db147f471af8a1dc,4ed6a7d81c19d03244dc1507df2808cd,delivered,2017-09-20 01:10:10,2017-09-20 01:25:09,2017-09-21 19:37:22,2017-09-26 20:43:40,2017-10-11,a64a7957dce6544a7d52ad49b1a05965,2017-09-20
e11d8c8f1891edccae172ab330782a34,ac7b051340b262da47d0c7fba8e34a9c,delivered,2018-02-05 09:27:29,2018-02-05 09:35:34,2018-02-09 17:55:08,2018-02-27 13:45:02,2018-03-13,2cb52bbf1547836a703f6c6152a1a072,2018-02-05
8dc26b80bce71bfaf67ee6cccc4a141c,7021a4def279aa266c716c4282fef766,delivered,2018-02-04 13:19:25,2018-02-04 13:35:22,2018-02-05 19:37:36,2018-02-19 20:09:38,2018-03-01,45f81625f22e21bd01d3f30f4b9d3ba8,2018-02-04
4630a9abdc1d1ea8fc579b269820c3ea,bcd732582c33a29babe2d05cd5af4d92,delivered,2017-04-13 00:00:47,2017-04-13 00:15:21,2017-04-19 11:16:38,2017-05-26 14:37:03,2017-05-26,fe7780b2659c715218834f592a838f6a,2017-04-13
620f129681ecd1062dff9066aeae1e28,46eba28813f6e37b470d4896ce47fc96,delivered,2017-05-11 20:23:32,2017-05-11 20:35:10,2017-05-15 14:43:42,2017-05-23 16:05:58,2017-05-31,59f2984881d7ad0c10fcafed54db5221,2017-05-11
666591477c57a4ac4d43d1f05718fc91,9c143681bb6198df327cb07118fb68c3,delivered,2017-11-29 08:15:24,2017-11-29 08:30:49,2017-11-29 16:32:29,2017-12-04 18:21:23,2017-12-19,56560124a5cc70119deb685775639ea7,2017-11-29
453324816882143205ab00b92ea16f47,8ac4c0cefe23be1253d26730adcbc3ab,delivered,2018-01-26 09:31:47,2018-01-26 10:31:39,2018-01-30 17:19:12,2018-02-21 18:29:13,2018-02-21,297264b206caa8b788a5fbe5429385d5,2018-01-26
6e10384d6572f58ba12c848b91299f39,a089bc5d8035937e139d790de9b24e76,delivered,2018-08-20 23:18:27,2018-08-20 23:30:18,2018-08-21 11:40:00,2018-08-30 21:32:06,2018-09-17,dc48b0a1b0e6abb6586f322c189f6b93,2018-08-20
7cabacd4129a4e463e74823b7015115e,8de9570e85c684d350dad5daaefd6ea8,delivered,2017-02-20 13:15:48,2017-02-22 03:22:44,2017-02-23 18:47:51,2017-03-03 11:45:42,2017-03-21,605277737f471ac56505a137238e41c4,2017-02-20
f6936f90b47f4c2a88307ac09bcf36e6,8ec1f246d20e49118b37775c384d0560,delivered,2018-01-30 18:29:53,2018-01-30 18:51:09,2018-02-01 17:53:28,2018-02-21 19:35:34,2018-02-21,6fc8237e40e4df95d3ca26b64fa16e57,2018-01-30
4a48b339cd870c3d677d9a5a5afd352d,ab67288694946a0b73b4e38e87928e30,delivered,2018-01-09 18:58:15,2018-01-10 10:32:09,2018-01-10 20:58:04,2018-01-15 20:34:55,2018-01-31,d209e98f4a9f5f877bf899eb0b85c2ed,2018-01-09
dbc59da30205f3f5f7b3b0259e89b622,07bd847cf908eef9d0191a253bca90a2,delivered,2017-05-16 15:09:52,2017-05-16 15:22:18,2017-05-18 08:07:43,2017-05-24 14:35:43,2017-06-08,80a50af51d391652a47c16d0ebd51fbc,2017-05-16
79ebf5a42880cee256b9d4517d03d68b,99911a0eca901217e2c674dca58bd84d,delivered,2017-09-14 14:36:00,2017-09-14 14:50:12,2017-09-15 19:13:28,2017-09-27 19:51:40,2017-10-10,212de5904c4fe864c3a66f26d3043d97,2017-09-14
3619a073d29c01c4cfb83078a695f13e,e3ab1e4b898e74096cb7f50c74a0a9e5,delivered,2018-02-24 14:38:36,2018-02-27 04:31:14,2018-02-28 16:27:56,2018-03-05 17:14:29,2018-03-16,0e5df83aedc480494121a423e443bde6,2018-02-24
d89b07cfd47a01ec2bb692b4ce6af6df,5a5692225e8f8c8e991e45612fe94f4e,delivered,2017-02-20 14:24:22,2017-02-20 15:00:18,2017-02-21 13:34:42,2017-03-13 08:33:04,2017-03-23,bd702616e5272433abb4c2a1383c665a,2017-02-20
699d148662aa317f3b1ff76239dd102c,edebcc95c310919931356b64dbc65035,delivered,2017-09-08 13:52:54,2017-09-09 13:55:17,2017-09-14 23:57:44,2017-09-28 19:22:56,2017-10-06,b4aa04dcf89afb719cb48df21fa17972,2017-09-08
81e59ee7e0269d15ff2b3c7dc8377f3e,76971e23f6d8aace3a2861c35e4ae4b0,delivered,2017-07-22 19:48:00,2017-07-22 20:03:09,2017-07-26 11:07:51,2017-08-01 20:29:37,2017-08-18,5fa3fdabf8b43ced3c59ab586038a7fa,2017-07-22
61762cc32c47f742be3e930cac5d681d,4e6956b0bd38979ce01c09030893f9bb,delivered,2018-06-04 23:41:19,2018-06-04 23:50:21,2018-06-08 12:13:00,2018-06-11 16:28:44,2018-06-28,78b6c89314a0d0133946f81adc93a57a,2018-06-04
81cb17fa8652482186e8184e2a418057,540cd4c00e0b5bf5252538c02e379d24,delivered,2017-03-01 21:45:32,2017-03-01 21:55:18,2017-03-02 08:05:26,2017-03-13 08:38:01,2017-03-30,fc98416ebb838666036dfbc9dbde3ed0,2017-03-01
e829c605e0e109a6278b426f320a9bbd,d51f3009a06141b7b5f74bdb72806202,delivered,2018-02-06 12:11:41,2018-02-07 02:56:21,2018-02-07 18:16:58,2018-02-16 21:43:56,2018-03-06,057aabbda613ce138603880767818b6c,2018-02-06
574fdfb0b81b1cbb8e00b1630abf24cc,79085ed5ba49870c89251a91ecaa5d5a,delivered,2018-02-20 00:17:47,2018-02-20 01:27:06,2018-02-20 21:37:50,2018-02-26 15:27:13,2018-03-15,eda6700cdadde7d231bfe9085bdaf1d7,2018-02-20
5671fba9b53be3fff9c55a00839abddb,612b73d1a90b7f881cfe04d86d4d2d43,delivered,2018-01-08 15:43:41,2018-01-11 09:08:34,2018-01-11 19:14:49,2018-02-06 18:25:01,2018-02-20,790e20a4251cdfeef738109a1f4936b7,2018-01-08
eee77f4b54ff5aeb0312aa795fb9914c,f62be7ad24b3143213c452bb0cc9e92c,delivered,2017-02-06 22:44:52,2017-02-06 22:55:12,2017-02-10 16:15:40,2017-02-17 20:16:51,2017-03-03,6f414bdc22fc55ab960294b8f9e6fcd8,2017-02-06
c2c7994c7840c3d025da33aa6285c246,55fd274bdec1b0405283c475c44a40bc,delivered,2018-07-31 23:06:21,2018-07-31 23:24:14,2018-08-01 14:12:00,2018-08-03 00:33:33,2018-08-13,23f6a86c22a4bd4dc19cebe5f4125767,2018-07-31
c489854023b5d84892b2279b9c0727ce,af3915ccaab2ffeb6906e6d27b0a7ba9,delivered,2018-03-21 11:46:19,2018-03-21 12:07:55,2018-03-22 21:58:30,2018-03-27 20:51:37,2018-04-17,9f8b3411938f604c87cde2e863e35d7b,2018-03-21
46e61fd85afa09032021c9b0b507b693,3357130ad85f3c9758c6623ba3d51bc4,delivered,2017-01-26 14:41:39,2017-01-26 14:55:13,2017-01-30 11:38:16,2017-02-06 12:52:41,2017-03-02,bb07648db5b0a3cd55ca6a116f011fc4,2017-01-26
c7fbc344dbbad59f3446f56555ed649b,dc79558cae15ae6f35522df09006b76f,delivered,2018-05-07 15:39:08,2018-05-07 17:29:37,2018-05-08 12:25:00,2018-05-11 19:23:30,2018-05-21,6fcb3de18e2331fa5e3c0a5b9c4d5830,2018-05-07
c5f2970caae1ee84ffc4c7eeca287fbf,2a112bd8db579bc98cc8831e6c97acbd,delivered,2018-08-13 23:26:41,2018-08-13 23:35:14,2018-08-14 14:42:00,2018-08-21 21:24:44,2018-08-27,6449a8997d152f9b43f12f31b12a951d,2018-08-13
e5c7a5b71152d600527c22d71745e3b4,579e33db567e6855412d1fc58cf90c30,delivered,2018-01-04 21:27:23,2018-01-06 02:09:29,2018-01-09 11:56:29,2018-02-24 01:16:49,2018-02-06,3b714a4877aaf281b4b874db1ba1259b,2018-01-04
c2969f4247f4ebbc5f6e569ccf7eeff7,14061438f3c3186725a55ce3bccf1e6a,delivered,2017-11-24 22:49:37,2017-11-28 02:58:29,2017-11-30 16:43:10,2017-12-08 16:38:24,2017-12-20,90e28a883386c71de943515d91f72a39,2017-11-24
8bf6956999b0861c3191773f28806f40,5b5a8855830a3f6bf125706aad389a44,delivered,2018-05-03 11:08:27,2018-05-04 04:11:39,2018-05-09 15:48:00,2018-05-15 15:34:50,2018-05-25,8c6882c7b349b49ba05d5cf9bb85a45b,2018-05-03
20082947b2fb23b28d05f616b985cdab,b6586e469c2acf2e6efe1083142c6282,delivered,2017-04-08 00:04:45,2017-04-08 01:01:21,2017-04-11 16:07:17,2017-04-18 13:54:52,2017-05-02,02552fea6f4fa9a5c61bf9d22408ae73,2017-04-08
0a20452461e34d59bfd981e9e06fe988,bd2865d536f66e07f6b334425e30d027,delivered,2017-02-28 17:54:36,2017-02-28 19:19:47,2017-03-01 06:43:49,2017-03-10 07:04:35,2017-03-23,88dd4a28d3887d6b56afd1fc9cee7bc3,2017-02-28
bea0db83582bcb99461f9795968b7928,46c918a6b7ca64cf8c6ec12e93c452cd,delivered,2017-11-27 23:43:21,2017-11-27 23:52:21,2017-12-04 23:09:40,2017-12-21 22:29:03,2017-12-22,10d09323875ca83ac3bd8e93abfbcb1e,2017-11-27
6ca4871d007ce3c4a6173f53028c28fb,df7b73935d01c5ae82743d422fd02fd9,delivered,2018-01-05 08:26:03,2018-01-05 08:47:20,2018-01-05 20:11:02,2018-01-17 20:28:14,2018-02-08,787870a8d022009385fc9fbcbcc3a64e,2018-01-05
2b2dd432bec6d33562a2dd8962ff1e61,bac77778ea54b998b5f374d5d36e229b,delivered,2017-06-01 09:01:29,2017-06-01 09:10:19,2017-06-01 13:06:16,2017-06-12 10:27:36,2017-06-30,95717dc240e965aaa7bbbbd67518f26d,2017-06-01
f50b6f864012d10caa8170ff1994cc54,2d231c527c22c03b8f87c6f2b220e3d2,shipped,2017-12-12 19:01:07,2017-12-12 19:10:02,2017-12-15 23:28:48,,2018-01-09,4be8154b42b4593fae17f1b2cb375615,2017-12-12
d350e7341937f0fa42f1714f59a91a78,e33cf661b208de9a62f6912b95809ab0,delivered,2018-01-20 20:42:08,2018-01-20 21:02:24,2018-01-22 15:38:55,2018-02-14 13:44:59,2018-03-01,5f42d0867d470772c54059dc2fad8f10,2018-01-20
475066321e4cc5faaa72747dcbda1804,6b22640c0a5863425d79c314f31350c1,delivered,2018-07-22 21:31:42,2018-07-23 12:31:48,2018-07-24 13:15:00,2018-07-28 19:31:27,2018-08-14,e29463627ab360e7bebc45b5b8cb8cee,2018-07-22
fd403165d4dc1a2b299386f1d45f181b,e9446b50eed1a1ef77178a47055332f1,delivered,2017-10-09 12:15:48,2017-10-11 03:26:59,2017-10-13 15:02:50,2017-10-23 16:32:51,2017-11-01,cbfda8890d274f3f3bce53bc20afb88c,2017-10-09
5e37bd369f48eb8220fb2d3460f74833,20d45783cfee5d4d288de20095fe7f9e,delivered,2017-05-24 23:38:49,2017-05-24 23:45:09,2017-05-26 11:13:36,2017-06-06 08:37:29,2017-06-16,718d5855edf637b8e2f213db87dab93d,2017-05-24
0f29bafaaa77f4548165215b66bd97e4,72eccad90deb72f23f77d392251a11c8,delivered,2017-11-14 09:46:43,2017-11-14 10:06:43,2017-12-01 22:26:33,2017-12-18 21:48:04,2017-12-15,b14fc4857eef94acb189066e091cab6f,2017-11-14
71b7a44b3e9561dce3ce2841bf401b24,9d9e2b881f7ff0c7cca7d4e1907d0a62,delivered,2018-08-04 11:01:17,2018-08-07 04:15:26,2018-08-07 13:27:00,2018-08-14 16:37:47,2018-08-16,e89eff2dea04c668730bdc3431955091,2018-08-04
28071571611dcdb56bb375c9d6ad3fab,9dd40455efb86b2c5a3b9f396fe1f3cd,delivered,2017-07-02 14:56:13,2017-07-02 15:05:20,2017-07-04 09:07:39,2017-07-07 22:06:43,2017-07-21,3e7499f6e0f11174dd9c9a5fde576e20,2017-07-02
71189364ca3c13bb110177b4d8e949df,46a99fe4d28634842249f441c46a19ce,delivered,2018-03-07 18:58:26,2018-03-07 19:40:27,2018-03-13 19:28:41,2018-03-23 19:08:36,2018-03-23,e8b265fc2a3fe3b4eba3ea77dfae2f4d,2018-03-07
eac4ffbe456464bdc3ce5f001b6439c5,237098a64674ae89babdc426746260fc,delivered,2017-04-14 11:24:56,2017-04-14 11:35:23,2017-04-17 10:43:50,2017-04-20 17:04:51,2017-05-10,4390ddbb6276a66ff1736a6710205dca,2017-04-14
1405c563a488ba7869c598deec085886,8be838a392ab1879b89cb279123ee2b2,delivered,2017-06-21 20:40:38,2017-06-21 20:55:11,2017-06-23 11:52:19,2017-07-04 15:47:22,2017-07-21,00324c9f4d710e7bac5c5ba679714430,2017-06-21
76f482e5d217f257e1234328bdab3d68,956c09f1082a86e19a851c45585ba710,delivered,2018-02-09 01:03:22,2018-02-09 01:15:36,2018-02-09 22:12:41,2018-02-23 21:46:36,2018-03-12,67ec44a88d28b2b26ea98aba421282c2,2018-02-09
c2dd16198fe0f15a071dc1cefbd4557c,ee640e45dcb504c4ca19aa33aaa27495,delivered,2017-11-14 18:44:33,2017-11-14 18:56:08,2017-11-21 20:33:20,2017-12-12 16:05:03,2017-12-14,71ff069d4101fe5de748998777310f09,2017-11-14
597233a841339cc9249ce67709f68574,1c913a67c4f8ef08f6b99b68a1f8d38a,delivered,2018-06-27 15:51:17,2018-06-27 16:55:26,2018-06-28 15:42:00,2018-07-02 22:25:02,2018-07-24,74cb21ed97707645fbb69231f30a55ba,2018-06-27
79e55edca958f06922293da8d8b6a6db,62b0ef294cd3a6978835244cbe05c3fc,delivered,2017-12-30 09:08:00,2017-12-31 09:06:43,2018-01-04 12:25:23,2018-01-10 22:58:57,2018-01-24,49314f2ea858217c0a92f44f49780ad6,2017-12-30
7e5fe61e61a5f75f96daa8d7da4519cd,c7c35e2c61b454d59cbe83900c63dc99,delivered,2017-10-06 14:50:35,2017-10-06 15:07:10,2017-10-09 20:50:08,2017-10-16 21:33:50,2017-11-01,ab772ce767c4a9404abea97e3c44aa5d,2017-10-06
67f670a054ac14e6ef48f72e6c77c4e8,bb159827aaf50cb73aaa1e61ea56b876,delivered,2018-07-20 09:31:31,2018-07-21 03:23:51,2018-07-23 11:42:00,2018-07-24 17:41:22,2018-07-30,5261ab58714f513f01e23dccad2dbb5f,2018-07-20
de09b3dcf54cf0c8f1f503336f3110b3,42da83bec6f09f825ff65b49cd4fd618,delivered,2017-09-08 14:50:28,2017-09-08 15:03:23,2017-09-12 20:49:51,2017-09-19 20:38:41,2017-10-06,842409210999ca86fe9dacd6c38e883d,2017-09-08
c58b578f20b5339ed6bd652a78b85dff,42f008eccf990521153765b8c8196cc5,delivered,2018-04-26 20:16:12,2018-04-26 20:31:52,2018-04-27 15:42:00,2018-05-02 19:25:34,2018-05-14,459539300d17309420cd0a6440fbc8b4,2018-04-26
987cfe3348684fc007a1e9a4825eadb4,8bba830be57bad4ed0b40743372ce289,delivered,2018-04-02 14:26:59,2018-04-02 14:51:04,2018-04-04 18:31:41,2018-04-11 02:41:48,2018-04-18,124bc956b56b1523d2a75b29a856085d,2018-04-02
0b8265df142be25383b96d66f4150f0b,f60105561ba924f5c86f56fb9aedf5f8,delivered,2018-05-13 19:41:03,2018-05-13 19:55:16,2018-05-15 13:43:00,2018-05-16 22:26:57,2018-05-23,ba0c0e497661b804dbb590a6c5660b77,2018-05-13
3566eabb132f8d64741ae7b921bbd10e,bc34456d3b02a05a197c94f72ff6fde1,delivered,2017-03-29 13:57:55,2017-03-30 02:10:20,2017-03-30 16:09:39,2017-09-19 15:07:09,2017-05-05,131697a34e2df1698c339fc64a656bb5,2017-03-29
08cd96d5c09ad751d2c4ffd556f96c31,211ae185375296b63cff2b23868ac3f7,delivered,2018-03-30 11:05:19,2018-03-30 11:50:15,2018-04-05 19:22:26,2018-04-13 20:03:48,2018-05-08,347c4a952f101548d5a01e17ab9a9a26,2018-03-30
f2371429f5b226299bc9410009b465b2,0ab856797ba53f52538307a0b746c1cd,delivered,2018-04-30 10:12:26,2018-05-01 05:54:52,2018-05-02 15:15:00,2018-05-08 21:18:46,2018-05-25,0468a0aa6f02d1eb845c74bf7ff68c63,2018-04-30
e3a45547c935293f9ab978bbfaaaf33c,788507f8d61760b014df86baed570633,delivered,2017-10-24 22:11:35,2017-10-24 22:28:14,2017-10-25 19:39:41,2017-10-31 19:39:52,2017-11-16,607dc803e61f81489f01bbb2c5d03dd2,2017-10-24
43fa7a93e747753c3b50ab4a0be0e633,3d6cec95d1675ccadefbc78fdb9633a4,delivered,2018-04-15 18:11:57,2018-04-15 18:31:06,2018-04-24 18:12:24,2018-05-14 19:18:46,2018-05-22,fc29c90853ee133fe921be3fc4ce9e02,2018-04-15
510ad2b778bb4dc4eed820d1c8d22d91,a9175259b2cd074aa280d260eab0fb2a,delivered,2017-11-29 18:16:27,2017-11-29 19:08:23,2017-12-05 02:49:46,2018-01-04 23:05:10,2018-01-09,a572d171df0c46ffe5ee10a8678d10d6,2017-11-29
7f3602b55293734bb17fca86a144c1f0,76e7be904a79a6f6fbff238fe6223be1,delivered,2017-12-03 14:16:48,2017-12-03 14:23:31,2017-12-04 20:42:35,2017-12-12 19:21:55,2018-01-04,4ac0d1326bccc2fe280db064c0b29fcf,2017-12-03
59c51bdf0c3270d962625e5ebbe22fb1,d62eee7d44db15b7b56c01f70fbb2e4c,delivered,2018-06-29 05:26:29,2018-07-05 16:08:11,2018-07-03 19:29:00,2018-07-04 15:32:20,2018-07-13,d76054856da7df9a8b71a9f4ac9ddcbe,2018-06-29
cd2b64ece8152d14bfbd040bfe7502fb,a226db4721e81e964df0fd08d7978181,delivered,2017-12-08 19:02:16,2017-12-08 19:13:26,2017-12-12 01:47:44,2017-12-30 11:51:58,2018-01-05,9a3b9a6f337af1cc3038d62fba0b7ce5,2017-12-08
9b4fffbb9f849f5532c6fa81e6769892,3be71a667d6ade3c00844946e3284e5b,delivered,2017-05-23 17:42:48,2017-05-23 17:50:20,2017-05-24 15:15:54,2017-05-31 09:35:59,2017-06-16,a0e33e02435d20d5ce2acc4330fa621d,2017-05-23
36dfc1a57aa696c9c9a2c47aa4799326,25dd89b7e85a26bba8b7259c0eb2dd18,delivered,2018-01-20 19:37:42,2018-01-20 20:00:03,2018-01-22 21:09:59,2018-01-29 22:22:36,2018-02-15,4c614167f7ca7d8faa4df573874d5621,2018-01-20
27214261769c9a48e5294cfe2d9869d4,060f7a94f04291ec1ec79d0d61eda142,delivered,2018-04-10 12:36:59,2018-04-10 12:50:17,2018-04-11 18:42:47,2018-04-12 18:58:33,2018-04-24,1e119bdc7c0bceb8b22439c811e6f4e3,2018-04-10
d34e3e2c2b9826a73514ed2fed39aed8,0c21938c6aa9cc9fc265a5b045b3658c,delivered,2017-10-04 13:18:43,2017-10-06 02:14:08,2017-10-06 20:08:11,2017-10-17 21:40:15,2017-10-27,0903f7ca9c0e70462be300052e9ff255,2017-10-04
1689f77aba54add10c301840bd5462de,5be3842ff7dab1649892549d7d6e9283,delivered,2017-04-14 18:56:58,2017-04-18 04:33:02,2017-04-18 09:06:48,2017-05-03 13:16:47,2017-05-23,99ab358c4094d5837f2575583acd7ffe,2017-04-14
377e6511892bc84165d157c8fa2b4c6b,850ee3a4be9bcdf32b8f812000b0607c,delivered,2017-02-28 21:17:05,2017-02-28 21:30:15,2017-03-02 11:36:02,2017-03-10 14:38:09,2017-03-22,f0414b5affeddccb0825a0b45c63b19c,2017-02-28
d19a87282922be2fe89f5234b1bb6c14,e48d4cb8ef474097c514ec1958b45f6e,delivered,2017-07-15 19:04:02,2017-07-15 19:15:16,2017-07-19 16:47:23,2017-07-27 19:55:33,2017-08-08,3141f71d872226a25e27069ab3637ec1,2017-07-15
bb49647806d3a87629936d5f1f5d34b4,ec189a5b668cb11749a9f1b4e8f19759,delivered,2018-07-27 08:45:19,2018-07-27 08:55:21,2018-07-27 13:23:00,2018-08-01 18:27:29,2018-08-09,cdcdd214bea2510e96523a6e58cfbe9f,2018-07-27
bb43ae69c04e445542e6d3ad2be52c4d,3c168144a3500be8be77b8241548f421,delivered,2017-10-16 15:36:02,2017-10-16 15:50:36,2017-10-25 19:27:33,2017-11-09 22:26:57,2017-11-17,bc252a491c1690f578415071c370040d,2017-10-16
04a0e5cbdfc606ebca72c5b78caf81fe,f1a688a441fc43cba0c3a2af6ae3bdf6,delivered,2018-01-21 15:05:27,2018-01-23 03:52:57,2018-01-23 21:26:25,2018-01-31 00:33:15,2018-02-14,933d3e8d1c032768e1a0a98e2fce65b6,2018-01-21
fcb37577370584bc94c2b97a2e61433c,b3570672c35f5c87ed4f61c7419a411f,delivered,2018-04-20 14:52:30,2018-04-24 19:19:41,2018-05-02 15:32:00,2018-05-04 17:32:56,2018-05-11,3e3df9352e18a9645a6dfc78b0538585,2018-04-20
4f8d15bb2a3dda4bd3ce42216c330059,d292b78439b276aa75e79b4ff8b9325e,delivered,2018-01-31 09:57:15,2018-01-31 13:48:17,2018-02-01 19:11:56,2018-02-05 19:07:04,2018-02-16,c1965a446140571062e85beebce3b566,2018-01-31
06a398a5e672222b10f098541b70da76,89613c693397667078f2b43896e6c8c5,delivered,2018-08-09 06:54:16,2018-08-09 07:05:14,2018-08-09 13:43:00,2018-08-25 01:52:37,2018-09-03,2e51876c3eb7beed472aec1de06ed865,2018-08-09
1330f512f9acd289580909d5b7d1160d,4cd8bcb17ceed65f2172f48bfa1a2834,delivered,2018-06-15 17:22:21,2018-06-15 17:45:01,2018-06-18 12:25:00,2018-06-21 15:13:21,2018-07-11,27de9d99025697f85b5835d6c5e71cc4,2018-06-15
3700f4a21c1a400182d57c40e110ab2a,725f1aaa7840c81a09b590b25cc7fa24,delivered,2017-03-08 22:51:01,2017-03-08 22:51:01,2017-03-09 11:16:47,2017-03-14 17:39:17,2017-03-27,1299898d725caf5eca3fef77c06ff1bf,2017-03-08
a7947c0869dbc1d6a6efb0c567cb0099,b1db5d94490687ac415441231056307d,delivered,2018-07-19 18:36:37,2018-07-19 18:50:14,2018-07-23 16:41:00,2018-07-24 22:42:43,2018-07-30,52c9810e18350cd0e9f0d30f8272541d,2018-07-19
6873a2599d71da76be91774f9e8b0af7,bdd50be49202acbdbd4f80d1ccaf0092,delivered,2018-01-09 18:57:54,2018-01-10 10:32:19,2018-01-11 17:46:48,2018-01-18 23:22:35,2018-02-06,a3cff19572a9d98802efdd6603792ce9,2018-01-09
aa99487411b30032936831e56c42da2f,74920bc93e60ed7786b3be5f8312b995,delivered,2018-06-09 16:05:49,2018-06-09 16:19:43,2018-06-14 15:11:00,2018-06-21 18:22:51,2018-07-12,666386eb0e7af19ef3df140e515d21e8,2018-06-09
008dc31c0ae7121f2791953ae5f532c3,0855edaada8d5aeef50b56f26e604932,delivered,2018-01-06 11:22:56,2018-01-06 11:33:49,2018-01-08 19:54:05,2018-01-29 21:22:18,2018-02-05,429fbed971f52697e9bd392d94787bc7,2018-01-06
bb55de21f945bdaf699aec35f7bf63aa,e0d3f99b39016b5bcfffd7f8d96296b9,delivered,2018-01-15 22:25:41,2018-01-15 22:35:25,2018-01-19 15:09:27,2018-01-27 12:12:47,2018-02-05,730ff61903f1749ff095369529ede5f5,2018-01-15
6c1798a95735e69db81fe92f8c40bdb4,7ff28e5763744b926226d1e9ec551062,delivered,2017-08-20 20:58:18,2017-08-20 21:15:09,2017-08-21 21:00:04,2017-09-23 18:30:03,2017-09-15,02168ea18740a0fdaaa15f11bebba5db,2017-08-20
040f8d4b01dfd628e0ec871546a193f7,5f09e613464dc63f9a5fa6516bd6f0cc,delivered,2018-05-11 10:26:40,2018-05-12 10:34:17,2018-05-15 10:49:00,2018-05-17 13:28:53,2018-05-25,c80a8439f5efec0925db8b868368425a,2018-05-11
e567636d0d5b2a7724e0f2331b4081b0,17ba46ce0a3914f21468fa59cc2bbfba,delivered,2018-01-15 08:59:16,2018-01-17 04:31:13,2018-01-18 19:13:33,2018-01-24 15:17:03,2018-02-06,a0279b8eb7f596a848c6f23d734b3fce,2018-01-15
09dda1ced4a7c14c742c7f2678c36641,f5c0508d514341f2b2f4d2820f9aae88,delivered,2017-08-12 11:02:56,2017-08-12 13:23:20,2017-08-15 18:42:27,2017-09-01 17:34:44,2017-09-14,29c059c81f62aa098e896ddd7fbc5c32,2017-08-12
4d8662c2c25b6afb4e8fd8f9ee247d84,dc9a1a3430048c7a2cb6431cfe9bded5,delivered,2017-11-21 15:13:52,2017-11-21 15:27:02,2017-11-22 16:27:48,2017-12-05 12:06:29,2017-12-12,b2df5d8347ca42ddf70703ea07fe92e6,2017-11-21
993235f1d81f074819e841d5bf1d41b7,0e2b91772bce3a830fe191d6646d96ce,delivered,2018-04-05 09:43:43,2018-04-05 09:55:17,2018-04-09 16:38:24,2018-04-11 18:48:45,2018-04-23,fc6d83a2169d72e71c796150c2565fe8,2018-04-05
f7e7da47ef2f5f88532c556e17126566,e60ecc88932dcdbc70cfd193562f47a6,delivered,2018-03-04 11:03:19,2018-03-04 11:15:34,2018-03-06 02:21:51,2018-03-13 22:22:06,2018-03-26,c9f63bd80d0c18a08131a12f6c7cfc23,2018-03-04
c852ec0ec6e1f9cc2219fbccac02a688,4bc99d31c09e4ee38bff3e44ec51a326,delivered,2018-03-14 17:58:51,2018-03-14 18:40:33,2018-03-15 20:05:48,2018-03-23 16:46:39,2018-03-26,9dcc15e122dbc973e6114e323ded3c76,2018-03-14
6e0856753dd343c4a360ec7f6b7ebe31,5b39501b275f18a72937d3607563003d,delivered,2017-05-02 14:21:34,2017-05-02 14:30:25,2017-05-03 11:57:53,2017-05-11 13:12:11,2017-05-25,2e06e1f1cc8eede2809797d1a27075a5,2017-05-02
c5d026c081ba143f2a58d189ea5be1a1,f74b5ba22ff77360b5a00d379e1c85db,delivered,2018-01-08 11:46:01,2018-01-08 11:57:00,2018-01-11 18:43:39,2018-01-15 16:27:56,2018-01-31,a99d07e7926d15a5dee972cb47a9c0a4,2018-01-08
23ad1ae9db6999293449603e1a247803,d71a8cffeb2a8ca4ad2375b72d94c8ad,delivered,2017-01-26 16:25:37,2017-01-26 16:35:23,2017-01-27 15:44:17,2017-02-03 17:23:38,2017-02-22,57c7328718a984a6d070841c93386322,2017-01-26
f5f66dabc756cc0fc7a3ef8832233715,6e7dc8f6ec3f0a0d72fa64992ebe2fc8,delivered,2018-03-17 18:06:43,2018-03-20 03:28:25,2018-03-20 19:17:46,2018-04-02 23:19:07,2018-04-11,5efeef1510d928c549c082d0ef4447ac,2018-03-17
115986c6100a117f487af7dd08cbb2ce,7055d49ebc0f70397fa1563dce4f7e49,delivered,2018-05-23 08:26:50,2018-05-23 08:54:40,2018-05-23 11:37:00,2018-05-24 21:52:15,2018-06-01,f6ea7240f206ea4ab5e322764c7d5241,2018-05-23
de3d4c045bbe60df44e296c60a50bae2,f0d2141fb362e04ef3662639001022c7,delivered,2018-06-23 21:48:37,2018-06-26 05:37:20,2018-06-26 18:17:00,2018-06-27 13:28:25,2018-07-05,21498154b94a26dc747549ba4ac19a84,2018-06-23
2f3a10460f829a155fddd925f0e2f9c5,6a7ca7365d53fad7a6b7dd45406112de,delivered,2017-08-25 10:24:47,2017-08-25 10:35:12,2017-08-29 18:22:46,2017-09-06 17:53:00,2017-09-25,c9b9e60e5338143a868611fd96e30b8f,2017-08-25
de4f4689e7aef3a0fb87f25f66825abb,6e7238eb7c39fb19275bdac1250f6634,delivered,2018-01-10 12:07:18,2018-01-10 12:18:21,2018-01-11 23:07:43,2018-02-10 15:03:05,2018-02-05,79014ee04085d90c94cb55b6042e4bb7,2018-01-10
4d8670f88c5a4efafebd84b26366ef48,0b2c9a8124b568442db9107aa5467ace,delivered,2018-03-01 14:24:49,2018-03-01 15:10:39,2018-03-02 18:31:38,2018-03-06 01:48:52,2018-03-13,7c80f075b3c63b2abe4d1111b1331c87,2018-03-01
d3754c7e1266c698c42df6695994328d,4257391a8554b013c719946b2ed594a0,delivered,2018-08-10 10:31:43,2018-08-10 10:45:00,2018-08-10 12:36:00,2018-08-17 17:28:39,2018-09-19,8a3c791bd2aab8ffda1dbc05eec110a1,2018-08-10
b3a70e33f30ddbe86271d2a7e75b62e2,431b6d313da3b87c722ce77f4f0d9fa1,delivered,2017-11-28 00:35:27,2017-11-28 01:31:26,2017-12-01 20:47:13,2017-12-03 15:08:50,2017-12-12,c2c0608ce40d0942a50c6421106eac75,2017-11-28
6cc462dbd8849dc8a1ac2f9023901fe6,96062ed70db09e708d9808924b043b2a,delivered,2017-12-26 14:57:30,2017-12-27 04:08:51,2017-12-27 16:23:26,2018-01-09 20:36:59,2018-01-22,07165317dfc32fc67d3e8650ccdf57ad,2017-12-26
6c7481b5566c6a3821a91a05b0f9f7c8,9668e82e922394b6e8ee41f4400580eb,delivered,2017-01-27 10:31:21,2017-01-27 10:45:43,2017-01-27 11:48:18,2017-02-08 14:18:56,2017-03-03,6de829a55f2a1592af7e35782e8cf48c,2017-01-27
08ad3a94339e1bddb2167b3c51faa4ac,8dc19ab48e501be6368547d40ab20b50,delivered,2017-08-06 09:42:09,2017-08-06 09:55:15,2017-08-08 14:12:06,2017-08-15 19:48:37,2017-08-29,5643c90bcfe88c649de3f7f959b5e877,2017-08-06
97c1ad9812910864f063fcc01544976b,823351b897393a675931edfd08e301b4,delivered,2018-06-11 11:11:38,2018-06-11 11:39:44,2018-06-11 13:39:00,2018-06-19 14:56:29,2018-06-25,b651ab27596778b670b66e53ff4edb38,2018-06-11
25a04f7590fe68b84a1812d281ef019c,b18b8574746de17277d25884c898ff55,delivered,2018-01-12 12:17:34,2018-01-12 12:28:38,2018-01-13 01:45:42,2018-01-23 19:52:37,2018-02-06,dd963230588440394f63bf0367a274b3,2018-01-12
019edbdfeb6923e55558362c2b84ec37,2ec93611c4a36c30917dcc0ba589d5d9,delivered,2018-04-01 07:31:49,2018-04-03 05:28:16,2018-04-04 18:04:00,2018-04-05 18:58:39,2018-04-13,fd112c3dfc32899034375e5354cd4bb5,2018-04-01
d5a0f66337a578c36b0091b8600a860f,796f62577d52d0b9ef08fbd43ef53d45,delivered,2018-04-25 15:57:14,2018-04-25 16:53:46,2018-04-26 14:42:00,2018-05-04 19:58:57,2018-05-21,e208e280c8d8debab258793b0ce264ba,2018-04-25
42c01179f293a47a1986fcc2bf8117ca,32943a644d34e64f22d129535b2bca96,delivered,2017-10-17 10:36:57,2017-10-17 10:49:37,2017-10-19 14:23:58,2017-10-24 18:08:08,2017-11-08,ac96dbdd8adc144871f507e391aa1fe5,2017-10-17
b6a006c82e0dea4214b534ced51eb9bd,93b2528f542d60215c2d707a8c1a62fd,delivered,2018-06-13 22:33:52,2018-06-13 22:57:57,2018-06-14 14:27:00,2018-06-19 21:52:35,2018-07-04,e3c96e23e1655ad37818b0948e698de2,2018-06-13
00404fa7a687c8c44ca69d42695aae73,0c34c39c897304ff49eeade3059c4c60,delivered,2018-05-07 22:38:21,2018-05-09 04:31:28,2018-05-10 18:29:00,2018-05-18 19:04:11,2018-05-24,095ffc730d9d2da2f12a0bec18722aae,2018-05-07
ed400c61a0572d54be0be7f81323ce61,7c525160831895121e9e41231b86293b,delivered,2017-10-29 16:50:50,2017-10-29 17:06:14,2017-10-30 21:04:56,2017-11-06 21:54:44,2017-11-22,c709b6439ea86ca26d42dbf8053f9f68,2017-10-29
c1ecc1e54515cde540ca84bb519839b1,6648569aeba7da7ae0eb333509cd0b4e,delivered,2018-03-26 12:25:58,2018-03-26 12:47:24,2018-03-28 18:32:41,2018-04-28 14:21:20,2018-04-26,86003410d78a121c8bec4b3a57991f7c,2018-03-26
d73056e2f26b5d40f0b94c8a4ab36f37,053ca64ae25ab83eefb29d38e4e49c24,delivered,2017-03-19 16:52:12,2017-03-19 16:52:12,2017-03-21 09:05:29,2017-03-23 17:13:57,2017-04-06,9d6cb6f738791dc015b27eff3df42e38,2017-03-19
39efca87c5c2d6306227412ed0e09c4b,2b580c73f38a115457a7d8e5f7e96f7f,delivered,2018-01-23 13:40:30,2018-01-23 13:52:11,2018-01-24 22:56:43,2018-01-31 18:19:53,2018-02-15,0c96751e5c1d483e2e7d07e4fb74c95c,2018-01-23
1ee0a17c69232d18d8fe9d63045bd6f5,2e19f98202709f7fc7dbc66d023f9ff2,delivered,2018-02-21 08:09:52,2018-02-22 02:31:21,2018-02-26 15:06:22,2018-03-06 10:10:40,2018-03-20,077294e9b1effc4dcb52e84ca5a713e1,2018-02-21
202bcf28f7e3dfcee06ab0bfe10c750e,9e4ee2405ab6b0919e4c8cd56a3e2705,delivered,2018-08-02 19:52:43,2018-08-02 20:05:11,2018-08-03 13:10:00,2018-08-08 21:11:35,2018-08-16,8ffed23719c1c881cd718a3345056467,2018-08-02
0886b681f437971243d241ece6cf21d9,acb3ac39728553eac82ec6934218ce3d,delivered,2017-11-04 12:02:41,2017-11-07 07:30:49,2017-11-07 18:47:33,2017-11-20 10:43:44,2017-11-30,d0609a36bb71a14bffd247f7201fffb2,2017-11-04
64220eaa18136b28efa65c5af7519c3f,5db44937067cac636a6eb65f1a911379,delivered,2017-12-19 23:19:56,2017-12-20 00:32:49,2017-12-22 22:08:08,2017-12-29 17:38:15,2018-01-24,6576a87aa12b4a67bb2cf60785b35615,2017-12-19
5f4ba3601a746f874fe9d0fbea564155,3acf064d80c20a46f5a44c457a44d6fd,delivered,2018-03-16 14:21:00,2018-03-17 02:50:52,2018-03-21 18:35:39,2018-04-11 15:51:08,2018-04-17,e6b415915b2965d636dc451a90658853,2018-03-16
5bd5cb539a3f28ce071d1b269f342f0b,1427b52378052888f13f4c29ee584981,delivered,2018-05-05 19:29:22,2018-05-05 19:50:47,2018-05-10 13:35:00,2018-05-18 18:52:41,2018-05-25,c292a9555bb306c37d457cf89eb7afe3,2018-05-05
ac648ca06b29a1e27daf1f9a087f773d,68d9b4009de453c3009235112a15c822,delivered,2018-05-07 23:12:26,2018-05-07 23:32:40,2018-05-08 15:00:00,2018-05-09 22:04:04,2018-05-17,0b6e3384e92cddda4df1d6552b5d2366,2018-05-07
3bc25388dde67d943ffaf8db488cebc0,3d16f10d74d9822a98c80bc491fea6d5,delivered,2017-06-14 19:37:55,2017-06-14 19:50:13,2017-06-27 08:52:53,2017-07-05 13:57:27,2017-08-02,c10a61611ad2716c2b36246300f6bf09,2017-06-14
1a0a36c1032d171afbfdb82012107bf6,fae219e52f95e4351a37293dbe40c1fd,delivered,2017-09-23 22:07:12,2017-09-23 22:24:21,2017-09-25 19:28:54,2017-09-28 18:32:45,2017-10-11,536fdeed9f7bb997eb921da29dc050b4,2017-09-23
8734071c7bfc4d453e59546b22c5ce0e,78bebfa74709728a62d4a98efbde8ac0,delivered,2017-10-07 09:50:07,2017-10-07 10:05:52,2017-10-23 19:15:16,2017-11-28 22:24:42,2017-11-10,fac8b5e914037fc2e2476783585f0769,2017-10-07
351a62fa8409254743dcf169fd1d9abd,7c3cb653ac4e0de00faf0806333ef64f,delivered,2018-06-19 21:34:01,2018-06-19 22:00:25,2018-06-20 12:11:00,2018-06-27 14:39:32,2018-07-23,3d3dd5604a8b84d529d843c49581ad2d,2018-06-19
edf6c049941a16f88f1cf709b74f9222,1bb92246ebdb20ab7b98889247d0cd90,delivered,2017-11-25 14:32:04,2017-11-25 14:55:45,2017-11-29 20:08:43,2017-12-18 22:17:53,2017-12-20,b7ed52180f08c7227df351919f7dba09,2017-11-25
3a0ef207d0d68b9409177eb5829032f6,99e8fac2d9664a0f5d7360fecdd6c560,delivered,2018-07-21 16:33:28,2018-07-21 19:24:04,2018-07-26 13:57:00,2018-07-30 22:54:52,2018-08-02,de33b5b4ccb4acabd7373d9fa3a455cf,2018-07-21
6087c740ddca7b0c465bda072107a1a9,27862af84c148e9a656de216a213fd12,delivered,2018-08-19 18:13:40,2018-08-20 12:51:03,2018-08-21 17:54:00,2018-08-22 23:51:41,2018-08-31,767bea758a58d2b420ffbf1eef7f5751,2018-08-19
b8ccf087dea4fc431e71277cf66ed793,296eb95e34f2a94e6a317c9a38e9c277,delivered,2018-08-15 11:29:28,2018-08-15 11:44:13,2018-08-16 12:34:00,2018-08-18 01:21:46,2018-08-20,97a04385cfbec0c373a1495e4b9427d5,2018-08-15
2b83ae3a3dbd7388b86f75c4e41eba63,a75d628cc336f8063b6f3d8b5e973fc9,delivered,2018-05-06 13:54:05,2018-05-06 14:13:16,2018-05-07 15:25:00,2018-05-10 19:58:32,2018-05-28,e7589132ddeb2d50a6d92c8de5145d6c,2018-05-06
4141a4d0188de2c856950810c9a5e52c,236b2f908248dc4231c35c2153db2c3d,delivered,2018-06-21 15:08:30,2018-06-21 15:39:16,2018-06-25 12:59:00,2018-06-26 16:34:55,2018-07-13,235df302a6d07f872d149533ada95da8,2018-06-21
92b675d76f091290310bf9078366b8fb,4c7124b7fbe43de1c5cde40ffdc99842,delivered,2018-07-29 18:29:32,2018-07-29 18:44:11,2018-07-30 12:32:00,2018-08-09 15:12:43,2018-08-20,9a65dbebd1fc503bcff809884ee4639c,2018-07-29
738d6dc61c6c4ddc88d8996cec5dadae,26f19660cfa59d1e2fd5752e96ef63ef,delivered,2018-07-28 13:11:22,2018-07-28 13:44:38,2018-08-02 15:16:00,2018-08-06 19:41:02,2018-08-16,d1b27640e05219948de92248baae076b,2018-07-28
281c358f0dcde9783e899cfe62c1097f,1bcc3cdcdb5ceed9c1a8d17195201097,delivered,2017-09-20 12:23:52,2017-09-20 12:38:51,2017-09-22 16:27:35,2017-09-27 19:45:50,2017-10-11,d9f25fb4e5e3c941baeab47061582326,2017-09-20
abd3a8a610f747206145a94c4ce5e0f0,f7550d45499bb4af50e3170dc12a87ff,delivered,2017-11-29 23:07:24,2017-11-29 23:31:29,2017-12-06 16:43:25,2017-12-15 13:15:32,2017-12-21,7b3e5c612ecd15348f4ead326335ff2e,2017-11-29
4971e25e83d731df760b10a30fc6db6b,3426e7a4ab70dfdf2fe8ae2060984be3,delivered,2017-10-21 14:04:57,2017-10-22 14:14:16,2017-10-23 21:10:03,2017-10-27 17:33:33,2017-11-09,a784c03aa8b195a1b7bf3894516de858,2017-10-21
0a87254b512c79f0943355540a189d77,f15ac90946f24de786081880a31b8583,delivered,2018-06-30 15:57:49,2018-06-30 16:30:12,2018-07-04 09:37:00,2018-07-14 20:24:32,2018-08-09,f6f2dfcb90524d0c49fcdace1f03cbf6,2018-06-30
be2cf19c621cf22ac9d84ebf5f29453f,4af19a3cef66be41cc9cd783b907a444,delivered,2017-05-18 13:47:33,2017-05-18 14:02:45,2017-05-24 15:11:20,2017-05-30 11:45:06,2017-06-19,7cd43e135f60e6c9015ed01e7ee23300,2017-05-18
d2b733c929342acefcd33572f8a1e3da,1270294c53960c98da79eb7dad3ba1e2,delivered,2017-12-14 12:00:30,2017-12-16 02:35:26,2017-12-18 17:47:49,2017-12-27 20:28:45,2018-01-16,8aa02a7c7498af0014aea506d756b8f7,2017-12-14
22e3c9bb71d3ba4287ea3efaf617ece8,746bddb69f99312941dd5bda532a3fd8,delivered,2018-06-11 10:21:51,2018-06-11 10:35:21,2018-06-12 12:34:00,2018-06-19 21:05:38,2018-06-20,67d56786b821900dbec885d92b127c45,2018-06-11
503a416fb4261893e74138567c7138a5,51f1a09c5cf431a3ffb2ac3d0ac7a73e,delivered,2017-03-12 12:24:51,2017-03-12 12:24:51,2017-03-13 09:24:52,2017-04-05 17:27:51,2017-04-13,d28db1f886c6732f41a8f0e0f80b6e1e,2017-03-12
62a647a2e24ac06f7d127baa26d29e96,b3194c3f6631231daa204fb5c759c53f,delivered,2017-02-18 13:44:39,2017-02-18 14:10:14,2017-02-20 12:45:47,2017-03-13 13:27:55,2017-03-31,620b7e6275faee4da2d637e42dc30aaa,2017-02-18
a64ff6ad7d023ed734dca48c924c0ac9,531de017d4c5943227276ae3ba96be10,delivered,2017-11-23 12:04:50,2017-11-25 04:53:47,2017-11-27 21:32:39,2017-12-07 19:21:50,2017-12-18,276f9dd654c5849860236cfd4c3e35a7,2017-11-23
46ed7de79e3d33078ef83b3d1a75c182,e40420c645797c041ca4ca0da6a49472,delivered,2018-01-02 22:12:48,2018-01-02 22:29:45,2018-01-03 16:55:29,2018-01-16 11:42:42,2018-02-06,892e4d7a2638cb28bb4bcc65b6a388d3,2018-01-02
845faa625ef6a2b4549edd96a4bb7308,ae896d8d9bdde52715f81bd2a79fe218,delivered,2018-08-04 20:07:22,2018-08-04 20:24:13,2018-08-06 11:11:00,2018-08-15 19:09:11,2018-08-27,5c950be09247ebf8d672c20cbc30383a,2018-08-04
711e7d3df4f235b658144c3723903c6a,95c4015e1361fee6cf2367266ae409cb,delivered,2018-05-22 19:36:12,2018-05-24 02:34:40,2018-05-28 13:06:00,2018-06-06 22:32:05,2018-06-14,6d0845fb78d828c58be539febc4d4a8b,2018-05-22
6a02eb34a9f7ac17b1a74e01a63b1b09,ae663525fe6109d37622e3266d18d2ad,delivered,2017-12-14 23:09:11,2017-12-14 23:32:47,2017-12-15 17:33:06,2017-12-27 18:04:10,2018-01-12,12e4e335d3d642e94c8c0950516aa9a0,2017-12-14
7c7476b2d50d3aebeed24b79cbc8fb3d,57913320fa3fb135fdec763e48e855af,shipped,2017-08-13 12:10:48,2017-08-13 12:25:16,2017-08-16 19:05:31,,2017-09-01,39dafe2205b22075fad8ff516d787b3b,2017-08-13
c77e3aa4caf8e752789d9b7ce1caf352,b4d1a3ed75c14a0a67cf515cdad1ff79,delivered,2018-02-09 09:48:39,2018-02-09 10:14:33,2018-02-09 22:32:01,2018-03-20 13:13:18,2018-03-13,50dc9d7cd9605711900b16a717908eb6,2018-02-09
e42760f40f2fba3ba7529b6157adf501,c714d0379e12f46b0d3671b86773339b,delivered,2018-01-05 16:15:14,2018-01-05 16:27:49,2018-01-11 15:58:59,2018-03-02 22:58:53,2018-02-26,f4b13245902914cb9e81d365ae3e29aa,2018-01-05
3fe876ffec49107cfb2f6565704aebcd,4ae3c3806ac6144be98fb9633c78ac10,delivered,2018-08-19 21:50:20,2018-08-21 04:50:30,2018-08-23 14:25:00,2018-08-24 19:38:49,2018-08-24,72af495ff67720e5af38537948c052f1,2018-08-19
c1c8d8758860faab6badb186e10cfbb2,69a6d39c85ef49a5896ac8a51eb09bb4,delivered,2017-06-08 16:37:15,2017-06-08 22:31:55,2017-06-09 15:48:08,2017-06-14 15:34:13,2017-07-03,268ea39fed3cfe1d823697bd7db0486c,2017-06-08
e6f9e405ce45b165458e7f5e14398ee5,fae68a5c34595ab2673163891d0c0aee,delivered,2017-04-23 13:33:04,2017-04-24 13:35:19,2017-04-25 11:06:34,2017-05-12 14:13:50,2017-05-15,d9b61d197f1e4cfa4039bfbbb332f77e,2017-04-23
ea758df7f35b0c9481727b5430b21f85,690c457dfd68f1556cd9a6894e684c12,delivered,2017-03-28 17:29:02,2017-03-28 17:45:14,2017-04-13 15:04:48,2017-04-19 09:19:41,2017-04-17,5b865d0882f10f95209a53cbcea3507d,2017-03-28
1ebdd8b42137496d813decad33fc992a,1bd1508a2184ade648319b14e788bc6e,delivered,2018-06-12 10:20:07,2018-06-12 10:40:34,2018-06-13 05:06:00,2018-06-18 18:56:44,2018-07-12,d70ce9f2aabef3516bf7baa8564db33d,2018-06-12
ada9fa782c2b09e429a3075016e025c2,6739c6c4a0a27db63e15c9c5a31d159a,delivered,2018-07-27 21:34:25,2018-07-27 21:45:09,2018-07-30 13:39:00,2018-08-02 19:04:52,2018-08-15,56417f325f6955150cc373b57ec91774,2018-07-27
a635ae1c8830497722a46d8db82b5012,d85434d013944282b70711cbb004e3ed,delivered,2018-03-26 23:01:41,2018-03-26 23:15:21,2018-03-28 18:41:37,2018-04-02 18:32:47,2018-04-12,386e327266f788df88b7941b2975cfe1,2018-03-26
2ab929a67a431a31d0c479384ce2848f,87aff18c50868f8780503ad338b524af,delivered,2018-03-16 14:03:06,2018-03-16 14:15:32,2018-03-20 20:37:21,2018-04-03 17:52:54,2018-04-09,9846b4c309d2345e413356bd3cfd6153,2018-03-16
27f9cf9d843287e332dcd815a0feda60,b8fbaa3e26e3e604818d090861f162b7,delivered,2018-07-29 13:18:42,2018-07-30 18:31:02,2018-08-08 14:46:00,2018-08-22 22:58:40,2018-08-22,51d749720bbcf42fb9f553160011b42c,2018-07-29
90d897de8f553051e5788b65997dc669,55785b9fc90925a1a45bc34d27bcbeef,delivered,2018-03-21 16:08:50,2018-03-21 16:28:13,2018-03-23 01:22:48,2018-03-28 15:46:44,2018-04-16,9ee4f0fd11a7097ad261be67ef2c956c,2018-03-21
8b7b9c6bbef1d12f004035806f43996a,529f88b63d54d7c02bd9cbfd94ef9248,delivered,2018-06-04 10:38:02,2018-06-04 10:50:55,2018-06-07 12:55:00,2018-06-13 16:22:46,2018-07-13,406aefddac1b54a36022ef32ffe6ed5f,2018-06-04
80e3778eb13610b0026e877f2247bb73,5b23795c3584b621ecb4efcb592c1971,shipped,2017-12-23 12:07:00,2017-12-23 12:18:27,2018-01-02 13:15:16,,2018-01-22,16d185a0b670f133ae3c1d737185cb4b,2017-12-23
82665f766c0c85d41579a39185623295,f871bbbc88be217e9c3f5ab5ee0c4193,delivered,2018-01-17 13:28:49,2018-01-17 13:36:26,2018-01-24 00:05:01,2018-01-26 16:05:33,2018-02-09,89525cbc59ab4a7622ca666aee16560f,2018-01-17
57fce93a49162f50b73540052f2871dc,219819dc0d3df55657865808c63e2ca2,delivered,2018-06-04 17:19:36,2018-06-06 09:11:12,2018-06-06 14:17:00,2018-06-11 20:29:29,2018-07-05,31d562e27aaee4736c97f6d4981ee6f9,2018-06-04
f96d59ecdb3f162337162d9bd1b7cabc,782c91abdca6c7677048ff0a930e7a48,delivered,2018-04-29 19:24:08,2018-04-29 19:35:28,2018-05-02 10:31:00,2018-05-04 23:33:57,2018-05-14,f30863f30bf4145a037d5248e24ddc9b,2018-04-29
e85a7df9469c9d0c194f92a5dece760a,e6dbcab785bd88d4ac6fa1a541265d48,delivered,2018-02-28 09:43:34,2018-02-28 10:40:38,2018-02-28 22:32:35,2018-03-17 15:07:21,2018-03-19,4c98acf07dd1a80055327935d55da01a,2018-02-28
6c3682387b03809f0cdff2ef08a7cc17,a3c07a5d858fa39abbe44ca22afbaf03,delivered,2018-01-17 15:22:23,2018-01-17 15:32:56,2018-01-19 01:22:59,2018-01-19 23:14:25,2018-02-01,d802e71a67c6a33850849c977325b4d2,2018-01-17
a87b1e2e028f2dd7b4f77afd0f1da268,f2f66374ab5da850ce006490eb25f609,delivered,2018-08-21 00:23:59,2018-08-22 03:35:13,2018-08-23 17:57:00,2018-08-28 18:18:47,2018-09-04,13a381a0b4bd1d7dd7618982a873b2fe,2018-08-21
f59ee70148bbdacff5fc0b6d1205252e,4511ae99b6e4a71562a8fff52835d251,delivered,2018-01-22 19:57:33,2018-01-22 20:16:13,2018-01-23 19:12:52,2018-01-31 19:28:35,2018-02-21,38cabae7509aad03c0fa8179a2a8b090,2018-01-22
ff0728cbaca6119f2180d349b0332a36,0099bfdae84652b1df38e27c0fc216e3,delivered,2018-01-22 20:21:44,2018-01-22 20:35:08,2018-01-31 20:22:47,2018-02-24 11:35:36,2018-02-16,8186340945b0be4093153f9e51966e42,2018-01-22
d09d9dcfc60768eca86d23524469aaac,c41453f7bd7d6b8de47dabe95160ffd4,delivered,2018-03-22 17:45:00,2018-03-22 18:05:21,2018-03-23 18:34:48,2018-03-29 00:05:28,2018-04-11,be2770aaf0335d97bc4c9dbe71c78960,2018-03-22
47e8cbf8f737294d8ca46cb2c4229cfc,eb752efc8d5d6333e121cbf392460955,delivered,2018-07-19 20:48:54,2018-07-19 21:05:07,2018-07-20 13:25:00,2018-07-24 17:31:59,2018-08-02,8b2f9f02aedff06e75d2ec99e6316429,2018-07-19
281f470497aa1a0af6a1d6024b3eba93,3ae9e0f1c44e053de994e63d5094286c,delivered,2017-09-05 16:36:01,2017-09-05 16:50:18,2017-09-06 17:52:34,2017-09-14 18:49:28,2017-10-02,425a026a2d9c37c366b7d57382940dde,2017-09-05
521a470b601d24e156ef0afeefdb7f92,2cb0f505eac7c62a0ae0f0b7506296eb,delivered,2017-02-05 17:54:30,2017-02-05 18:05:19,2017-02-07 07:28:04,2017-02-11 06:47:58,2017-03-03,92a5bc7d33fa61d414f476fde67a367e,2017-02-05
a37d74c80da3b0cbd44c246918d31ea8,f427a18519274b4ab884dfb90119300d,delivered,2017-02-07 12:28:07,2017-02-07 13:05:19,2017-02-07 14:43:50,2017-02-16 08:26:24,2017-03-03,18fddf2ac72dfaeba9d4f36437c09405,2017-02-07
cec650597bc68075233883fdc1e06fe9,2fe789c7bd3a7582b69c9cb5ff8e372d,delivered,2017-06-07 13:53:11,2017-06-08 02:45:33,2017-06-08 08:55:43,2017-06-13 09:25:58,2017-06-30,f8d5621db4b5689c7499c6011cb7c95d,2017-06-07
e5960ff1e95988c4839fb2aa27e6822a,f10199a6fa3ba52bd42a33c4ec2c0f7b,delivered,2018-02-17 01:23:28,2018-02-17 02:07:38,2018-02-19 23:16:48,2018-02-27 17:16:51,2018-03-14,72f0a40eac7c8e28aa171f3d084541fa,2018-02-17
9fe292254834c701a4b05deafecba7b8,1c6f44e4eb63d6a08b1a44ab8aa0d932,delivered,2018-03-05 19:17:51,2018-03-07 02:10:24,2018-03-08 22:11:26,2018-03-22 14:36:58,2018-04-19,f2c6cf75c7a7e66f8c32d8a2aaa1885b,2018-03-05
e3b0455644fb8ac73c848e9f744c5e06,381327694b7186ec655d22d025641385,delivered,2017-04-13 08:45:33,2017-04-13 08:55:14,2017-04-24 15:26:43,2017-05-03 11:11:55,2017-05-26,9b76c588a7a8d495bce4f71d2559d3ee,2017-04-13
ed5c580433cad6ca57016a2c8a3f4d60,4fb53ef162c5f695374c349151f164e9,delivered,2017-05-03 23:09:29,2017-05-05 02:23:07,2017-05-05 14:48:03,2017-05-15 16:47:35,2017-06-05,d0a5afcce9009ef67b3b0e3089d682fd,2017-05-03
f2ff6d86273f7dcc14a4ce28d03b3b12,c5dcb73af5982dbcb537f98f4cb30f5c,delivered,2018-03-21 13:05:51,2018-03-21 13:48:15,2018-03-22 21:20:39,2018-03-24 00:07:51,2018-04-03,caec7f4c35c45463f3f69f742c0a224a,2018-03-21
66f1a7baf73c12eb3af95058da54b6f8,ffe51ba924ffabbb6e1ec2c92e582851,delivered,2017-01-20 22:11:31,2017-01-20 22:21:59,2017-01-24 12:09:03,2017-01-28 06:41:37,2017-03-02,7b5e2c3263123b70cb9961f8aa7f0388,2017-01-20
fed5acc964b83f6c02d8bc487c76fa96,0ca441ec350a00d6fb6fcec25e2f266a,delivered,2017-12-11 10:22:11,2017-12-11 11:31:55,2017-12-11 19:58:55,2017-12-15 20:05:45,2017-12-28,0305702e9d9a9df14d9b7565c214477d,2017-12-11
a6170e3ff851a854fb8e7240ca7bf02a,093258b7fada22df2983c50530ae29ce,delivered,2018-02-09 08:30:37,2018-02-10 02:49:26,2018-02-16 16:12:39,2018-02-27 21:15:22,2018-03-08,a7932218ab192b7c1dac7e7a847ab21d,2018-02-09
9cf6d08e57855a633b5c0c79258ee121,85074ebbf507a1d5e46df973cc4c05a2,delivered,2017-11-24 11:47:45,2017-11-24 13:39:44,2017-11-28 18:04:35,2017-12-12 16:16:46,2017-12-19,942a5e1f3f7b206e11354f6d84121a3e,2017-11-24
0e94db37ea63222e95092a0f870f8e9a,b002b854dca9856120dc7f6e22d9313d,delivered,2018-01-28 19:57:02,2018-01-28 20:11:06,2018-02-01 01:17:49,2018-02-05 18:08:55,2018-02-20,9a6fcde7014269861d6fa57d4719900b,2018-01-28
e9732fbe3c90ea404663c19f251a980c,4a8accbc60f419ce6893d41450bc700f,delivered,2018-03-03 17:45:50,2018-03-03 18:08:51,2018-03-05 19:56:39,2018-03-14 15:49:45,2018-04-03,21ff5d01b75a442ab1088f757cce6ff0,2018-03-03
d37b53d1cf94392956ba70a53c758c84,bb353d9d6ef62e408ababed4b8fa6c3b,delivered,2017-05-15 09:59:05,2017-05-15 10:10:19,2017-05-15 11:13:58,2017-05-18 07:53:51,2017-05-31,f3f24aa0886318f0b6da390782728ec0,2017-05-15
1228dac9977828d7f61c8785ee414064,6665232247ccd2b3615ac7bc9eacba6b,delivered,2017-07-13 19:06:28,2017-07-14 02:15:32,2017-07-20 17:42:23,2017-07-26 17:12:31,2017-08-02,a6ae95cd207c7cb963b4b6e444434bfb,2017-07-13
d9274f2e0c7860b038f3f05c0cdc6a45,73c121764153e39fc008cef5ded904b2,delivered,2018-02-21 11:07:59,2018-02-21 12:10:37,2018-02-22 19:53:09,2018-03-13 00:58:37,2018-03-21,f19d8c5bd5205e632cba7fa3c61f0674,2018-02-21
c9b01bef18eb84888f0fd071b8413b38,a0ef745a0553f2dc5b4d820405bb5f5a,delivered,2017-06-07 09:31:57,2017-06-07 09:42:40,2017-06-08 09:14:50,2017-07-03 16:34:33,2017-07-13,f65b5286313fd2f342da4772f30edf75,2017-06-07
5497655681652e7e1306139bb5d04a14,416b717e3c11cf6c596c624c76630afa,delivered,2017-01-23 22:23:01,2017-01-23 22:30:36,2017-01-24 13:45:22,2017-01-30 11:44:57,2017-03-02,122abbabd602cf9a5af359b07a3c0a38,2017-01-23
8f7e79de58b2fd0b733eac10efd3bb16,9e2b062e6894e386e7d6a752a5a5e8c2,delivered,2018-04-09 01:43:28,2018-04-10 07:10:10,2018-04-10 18:15:12,2018-04-21 16:37:34,2018-05-03,83c32e33218c96284b2945a2a2b00e9b,2018-04-09
65d9b3fd87de7509d12d3cd45c661269,8e40783a73dea55cfdbb1a152ecea677,delivered,2017-05-16 08:21:59,2017-05-16 08:30:14,2017-05-16 15:06:54,2017-05-22 12:03:05,2017-06-16,ea632de2f6d0213cab0c8a46a99a0438,2017-05-16
b606a684f47f6156083911fb09287f91,d3fe25b67cddc1a46644b30c693cde08,delivered,2018-04-14 21:37:35,2018-04-14 21:52:46,2018-04-16 22:57:48,2018-04-23 21:22:22,2018-05-03,600018d72cf104318692789408f3d46a,2018-04-14
f0dbbeed3a0b658b884893bcdde5e4d4,f184af34654e6c42b67146220328aafe,delivered,2017-12-02 19:11:14,2017-12-02 19:36:24,2017-12-05 21:49:00,2017-12-21 21:48:58,2017-12-28,a414f74fdead2bbbb53ad994d9b013c4,2017-12-02
04836fc7917dc0bfcfbd4456ec4156ac,136d20997016db0a1a8016f0fa7b9ff5,delivered,2018-07-21 12:52:02,2018-07-21 13:05:18,2018-07-24 05:21:00,2018-07-27 20:54:51,2018-08-20,55aae3968b53661e6a6905fdd223cbeb,2018-07-21
ca3e242e59ebe1f51d7b8bcb568a38ba,e9f07e374acd86b8bebe0c0f2971ff08,delivered,2017-11-10 07:56:18,2017-11-10 08:10:20,2017-11-17 17:48:24,2017-11-29 00:17:55,2017-12-04,288d018d879c9750a961ee376fffe6c5,2017-11-10
3a096f35d5eecf95ae3c9c9a50bfc700,6433ca743fd9ea854abe099fc4fcab81,delivered,2018-07-22 17:02:18,2018-07-23 12:32:00,2018-07-24 15:09:00,2018-07-26 17:56:57,2018-07-31,c8055840a5e2405ccd00772624f78c80,2018-07-22
99a7badd46fd46df1e27a5cffaedf67f,fdc9165fcab1cf2e514fae8b2024e81b,delivered,2018-01-26 17:34:32,2018-01-27 11:16:21,2018-01-29 20:32:28,2018-02-17 00:19:14,2018-02-20,22978dacc101d3d7cece498a2ce05ae4,2018-01-26
699c2650a2382b850eadb96176fcc3ee,afc847f33e3d5712e2ecfb9756c66a90,delivered,2018-02-24 10:30:38,2018-02-27 04:30:57,2018-03-01 01:27:46,2018-03-01 19:38:44,2018-03-19,3d24e3b38baf2b68aba8ebe04292c776,2018-02-24
2a4e9cc2c53dd020a94fb56a25e0be57,101f14c82a9b090a02fb20ed28d68047,delivered,2018-02-22 08:25:27,2018-02-22 08:48:12,2018-02-24 00:12:26,2018-03-14 20:41:06,2018-03-26,a69d31a5f6011df99d415808d6d640b9,2018-02-22
a7c2931e0d164883a0792bdbb8240381,57daa113711e9123f2a06835f37c0330,delivered,2018-04-16 23:04:41,2018-04-17 09:51:15,2018-04-20 18:46:26,2018-04-27 18:05:30,2018-05-07,34735978a17853cfdcc04540e85127fd,2018-04-16
e82f641c078d554da5b76c9ebc37265d,59e5c6f91d4cb6852a0ae0eb3fee1de6,delivered,2017-02-25 16:28:03,2017-03-02 04:10:37,2017-03-06 14:06:56,2017-03-09 10:05:11,2017-03-23,26e64375295212c2257570ff2ac45b7d,2017-02-25
6453f61ca0e3788daed375fb4ebadbde,c4ca99c674868a34eabbe504c261581f,delivered,2017-12-03 16:05:43,2017-12-03 16:13:58,2017-12-06 22:36:41,2017-12-07 20:49:04,2017-12-20,6b8d17c965d9b0a131f7eecf7617eef8,2017-12-03
79632fd4663d3f0ff7dee9ac7a31a43a,9970215408a648495484733ce1e7c7f8,delivered,2017-12-05 21:57:17,2017-12-05 22:10:11,2017-12-13 15:52:33,2017-12-26 18:25:50,2018-01-04,6a80dd4b607ce488b1ee3d586d884776,2017-12-05
96e84b24d3eb91311bd0c42171eb301c,d6b8d52c4a09c762dcd7e57533768f91,delivered,2017-04-28 18:08:28,2017-04-29 02:10:12,2017-05-03 13:19:03,2017-05-12 17:35:57,2017-05-22,08fbcc1dee82c31badc83a638aa345e8,2017-04-28
324a951e8ca7c94fc8aef5cde703441a,c51f405288b3495a09849d62a83e5cf9,delivered,2018-02-18 18:57:37,2018-02-18 20:32:44,2018-02-21 19:58:40,2018-03-15 17:38:39,2018-03-21,3e668d1b083949f2e7e72a9cbb3d6079,2018-02-18
9903cc5e1e454aaf33a898f173808285,b66808c23aa8f646bbd3ee4326408c22,delivered,2018-05-13 17:26:54,2018-05-13 17:52:00,2018-05-15 15:18:00,2018-05-17 22:48:37,2018-05-24,c05e676aa7a9139b522ba75149226825,2018-05-13
08af87fbe33eeebc7840433d94718046,0281f03348b06722b7e0f92455daafd4,shipped,2017-04-20 13:01:53,2017-04-20 13:10:48,2017-04-27 05:42:43,,2017-05-12,926c047356935ed05cb3fbee9ebcac0b,2017-04-20
8c43035f1afa3fca88c0514d32ff70f7,ffdaaad4323306777060ca43b3f87e7f,delivered,2017-09-22 14:02:12,2017-09-23 02:25:43,2017-09-26 17:29:54,2017-10-02 20:33:42,2017-10-16,4dc0803521660b2f150f8a42d20765fa,2017-09-22
65fe49f6306ac1ba00c59d9e65c78827,0fcea18b8385353e570a472c79099c91,delivered,2018-03-23 13:00:12,2018-03-23 13:10:39,2018-03-23 22:58:44,2018-04-24 23:08:24,2018-05-10,cd26411d286fd3a4321a9ba6d2ed7249,2018-03-23
db0bd04c3beff2d041d364ce8d96b2f0,3ac65bf8cf7bea336ad70d583da199cc,delivered,2018-08-12 10:34:07,2018-08-12 10:50:09,2018-08-17 09:10:00,2018-08-23 16:51:39,2018-09-28,70c7bc295f2ffdd9125c96d2ace32fb4,2018-08-12
388de25316d9a1c7eb4ffe3f7d73814d,cb8191e2b558661f08d62db12abe6cd7,delivered,2017-10-08 15:56:49,2017-10-08 16:07:20,2017-10-10 19:19:09,2017-10-23 17:27:53,2017-11-07,5ff173acc9bb9f877577cbf9bb0c4f06,2017-10-08
edf5259d2b67344bab205bdd705eb9f8,d0de9a1f4f99b1ef24d62e647e0e2320,delivered,2018-08-19 17:22:42,2018-08-20 12:30:29,2018-08-21 11:48:00,2018-08-27 16:25:24,2018-09-04,339f34206b47320a2fce8cb2197e13cb,2018-08-19
8506571faf231af2bd4e43d1ba47dce8,08ffcc4f7f99c98cff3560ce1c502b8c,delivered,2018-08-14 12:25:42,2018-08-14 12:44:05,2018-08-22 14:14:00,2018-08-31 16:41:44,2018-08-29,49907e733fdac652917f3b2a296f6435,2018-08-14
06b491ece3a9bd260341c1ad36870e8b,13ef9caa1bc8b42f3e24addaf15ea7be,delivered,2017-06-01 20:38:54,2017-06-03 06:42:52,2017-06-05 13:56:11,2017-06-12 12:57:51,2017-06-28,16dff0079294d5d060b4861db3614d4c,2017-06-01
83d20c082afe59cf5cc3541afbaa926f,3e5d741931b43c83b021b890a347b4ac,delivered,2017-11-10 10:51:55,2017-11-11 02:50:31,2017-11-14 19:53:00,2017-11-27 19:18:05,2017-12-07,edbf66fd842bf51d0d44a0a220900bbe,2017-11-10
3853cade3f418a7b30e358ef6a5f7e93,351a4eb57608b85dcacdf834901f069c,delivered,2018-04-04 11:13:04,2018-04-04 11:29:40,2018-04-07 01:19:18,2018-04-23 23:51:28,2018-04-24,91e77e0e16e7a7e4f9c077a3eb969140,2018-04-04
34efa0681bf639559e9739d0b5a703a7,3d83f2d0fae33ce3d816224b0be40a50,delivered,2017-10-26 16:45:56,2017-10-27 03:06:58,2017-10-30 13:09:24,2017-11-08 19:17:03,2017-11-17,fd21e8466f18985b66bb7678b438ed2a,2017-10-26
d49ce9041aaeaf29811918a0eb0bc7e3,884464478c59cebad4d681d3cb61cb63,delivered,2018-03-01 15:11:04,2018-03-01 15:31:03,2018-03-02 18:33:22,2018-03-07 21:16:42,2018-03-22,afcb457450ec0dad1855c03de572c7e7,2018-03-01
adb1748adc3299b13377d760724388f8,8430f7e352ca68176149c17ddcbdad1b,delivered,2018-02-21 18:14:58,2018-02-21 19:01:11,2018-02-23 19:24:52,2018-03-01 16:45:53,2018-03-16,32539c368b3b9fa70283a7bce0f23909,2018-02-21
c674586a61ecaf238903f355cc490acb,41d943724c17bb05bd22c4033e0570ca,delivered,2017-10-23 16:23:19,2017-10-23 16:49:26,2017-10-24 18:53:41,2017-10-31 18:54:41,2017-11-14,80cff258fddef943a2a7fa6070960fbe,2017-10-23
c3ea366b4645392afd2903b2955a5151,f9a7440a9dd3908ed9822d7d23d5d605,delivered,2018-05-11 19:35:27,2018-05-11 19:50:42,2018-05-14 13:42:00,2018-05-21 18:02:24,2018-06-05,0da440f6d55daf040bd0d9a222bb0b30,2018-05-11
6d2a7ba931fe7a8117fc382e5946832d,318e3f3fa99cf30a7885757084c4b47e,delivered,2018-06-30 00:01:53,2018-06-30 00:10:30,2018-07-03 06:04:00,2018-07-05 22:21:13,2018-07-24,282d49fddab8e95a8673a2a90072cf5c,2018-06-30
93665186a08d41fad2ac9580488ff17e,7ceb27602e06b6c42905d1c5faf97b6a,delivered,2018-08-26 14:39:46,2018-08-26 14:50:15,2018-08-28 11:54:00,2018-08-30 20:32:34,2018-09-03,8117e61e5a8fdc71acf2b0b25cab6b3d,2018-08-26
d497c8e79273831f2773aa2c160e6745,a86ad8e8852b4549e9ac4cd4c10af56d,delivered,2018-02-13 20:38:35,2018-02-13 20:55:34,2018-02-14 17:49:14,2018-02-26 22:52:00,2018-03-09,096b94ffac034afff21f347af4a6f93f,2018-02-13
2d28ab17a7a4eaa06618d69734143c37,b36f616ae55697e9d2308a4433a03f91,delivered,2018-03-20 13:40:34,2018-03-20 13:50:36,2018-03-21 19:06:34,2018-03-23 14:41:30,2018-04-02,fe1304c4f4698b4763212d7a707161a4,2018-03-20
83b288a846ce150bfa3f13571457b4c2,4285bba25f27313e67e052c29d67d0f9,delivered,2018-04-16 14:22:34,2018-04-16 14:35:23,2018-04-23 10:12:11,2018-05-12 20:06:47,2018-05-21,78e3900c0b7f386bdb293e923f12f30a,2018-04-16
5cf5c176bf686e84240099820ce175ac,d71307c0c7df552b660c6d58721f8df6,delivered,2017-10-12 12:32:45,2017-10-12 12:49:14,2017-10-13 19:27:40,2017-10-18 19:17:49,2017-11-09,e87e24fcb31aeb4a0e579142ee2ce3d6,2017-10-12
4d3d516722fec1acb74876f71b18eaea,eb71a8a0ec47f063615223cd037fa9ea,delivered,2017-03-23 15:19:06,2017-03-23 15:33:36,2017-03-27 12:43:08,2017-03-31 13:48:05,2017-04-27,889d94307ee25f1a5ab0f046c08ec9dc,2017-03-23
9fa2472c84bf1f97b21ebb5f6bc39b23,bfa954112d71c4ed5d3922633e48ead5,delivered,2018-04-17 13:56:04,2018-04-17 14:11:44,2018-04-18 19:21:55,2018-04-25 18:58:48,2018-05-04,ebe54e01d33bc93ff711e9a5d6b18380,2018-04-17
bce7047b261dd5116e87384f4fe9afc1,10cbfffea4f804ac1cc68a8a558424f9,delivered,2018-02-14 13:47:37,2018-02-14 14:07:00,2018-02-15 20:21:37,2018-02-21 23:54:47,2018-03-16,3991c84b618da2e02b44ba48aba925d1,2018-02-14
4057b2ef485f9beb388fcb296548a5dc,c06c73edf44216cf56cd985217e2207d,delivered,2017-11-13 20:46:21,2017-11-13 21:07:53,2017-11-16 19:33:59,2017-11-29 15:44:35,2017-12-13,a27e379209319f4f2a9dc566f516c91c,2017-11-13
2c274f7060d339f907c2388d08f166d6,d889f97ee0a7fbe843851bc259669b54,delivered,2017-05-27 21:32:01,2017-05-27 21:41:57,2017-05-30 09:56:41,2017-06-05 13:56:26,2017-06-21,767d7041157e4515032f24e3634ed01e,2017-05-27
33e92794c2f37c86b2f1c60065acd75d,b8f8657742c599ec5864f8790e0381fa,delivered,2018-01-08 21:55:02,2018-01-09 07:19:43,2018-01-11 16:57:48,2018-01-29 19:39:42,2018-01-31,1ec536e0e33d1a559b917611ccf1cd69,2018-01-08
61f73b79dabd51f9b838574822c650f9,6778ad70beba8e6b7e8f7fef2a2299de,delivered,2018-01-15 23:27:58,2018-01-15 23:35:29,2018-01-16 21:45:20,2018-02-02 13:12:02,2018-02-19,7000d76b6670fc44f88901e4962b7711,2018-01-15
f46197801dc82ed9a56e51cec3d210cc,e1cd3055a1d9a4f246e521165840c132,delivered,2018-02-09 18:41:10,2018-02-09 19:20:26,2018-02-15 02:46:23,2018-02-26 23:05:11,2018-03-13,56dd0c5f1af835163f4189ff016173a4,2018-02-09
351c531e51df4db1eedeaaeacb58e0b1,514640b3f9b05211cc0b7007df4f3505,delivered,2018-08-06 16:52:06,2018-08-06 17:04:38,2018-08-07 11:31:00,2018-08-13 19:04:56,2018-08-15,7109729919d4c68b91fbab589089eb5e,2018-08-06
f4e8ad5799c4158d5a46252237570e68,de7878989aa51e87817dbe9988aac8ab,delivered,2017-03-28 08:26:48,2017-03-28 08:35:11,2017-03-28 13:28:20,2017-03-31 16:18:07,2017-04-25,da8ac849037c7201a41a4db0b1fa963e,2017-03-28
1be2169eef52cc58703803ad5f6da567,a8f91889224701a2000ed6e9efe61a88,delivered,2017-12-18 15:38:07,2017-12-18 17:12:02,2017-12-20 00:47:16,2018-01-03 14:33:55,2018-01-16,2644d64a6ba0347f7a944147e64ea263,2017-12-18
d9bc6265a0fd5fd74e4c1db0ee72d753,de7ae3ae33f4081b5d2955b4e7b77adc,delivered,2017-07-12 13:51:43,2017-07-12 14:25:20,2017-07-14 18:25:44,2017-08-04 15:19:10,2017-08-03,9f78f4914f81f4221a381a7a84f48435,2017-07-12
b3fab805e1464e66b1cdeada30e954c6,d7eb18e54bebd71ffe7d67e89ad5540a,delivered,2017-07-15 23:48:02,2017-07-16 00:43:29,2017-07-18 19:16:05,2017-07-24 17:47:57,2017-08-08,83935d750c83951d7d0211a3c60e78fd,2017-07-15
02d9d1d66bff41ffbce36cb7248351f3,2ecf3562920bdc387dd9a7dd40177a89,delivered,2017-10-28 20:57:46,2017-10-28 21:10:14,2017-10-30 19:17:55,2017-11-03 13:28:52,2017-11-17,66eb48e451e352ee014e1eff12c9c983,2017-10-28
1fa40f202d5d233b6491e976c557b822,50fd5707c28d0a64dc20d67f937dd9ba,delivered,2017-09-23 22:11:10,2017-09-23 22:25:11,2017-09-26 17:27:54,2017-10-19 21:09:21,2017-11-13,35c6ec4630637b3ec0da6e587f245f83,2017-09-23
3d5bdaa6f74a7d0bb1d4040b9cb9aa3b,61bfe54a45dc8c5cd242f47818eb0964,delivered,2017-04-18 12:22:00,2017-04-18 12:35:22,2017-04-19 09:43:16,2017-05-02 14:24:18,2017-05-11,7ad35b51a2a748335b713c21ad5bc328,2017-04-18
a8f7065acc12b517fbf7ab744bff8edc,d4623e72427e718bb5c2df6446723683,delivered,2018-05-17 16:55:07,2018-05-18 04:36:05,2018-05-21 17:05:00,2018-06-14 23:38:23,2018-06-05,46641650a4cc7d3077f40de3244233b3,2018-05-17
90a854ca6f1238059e7d45e6805c8c32,90e0e7316c14e0e5f016dfbfa0bb73df,delivered,2017-08-15 15:39:04,2017-08-15 16:55:13,2017-08-16 20:32:38,2017-08-22 21:22:37,2017-09-06,838f77f7ec5db54608630793f3267bfd,2017-08-15
1195a0ed33785e49b236c8c06a9b751e,fa8a758d09188bf229f242be136f9432,delivered,2017-07-19 11:47:11,2017-07-21 02:55:31,2017-07-25 18:47:33,2017-07-27 21:30:03,2017-08-03,b3b57ef9b55f7e7b9284b3e2b854e1f0,2017-07-19
8b8db8c79ea533bc4bfb2b5c854f552d,e1f6a4d95e763c60aa9c56b6abe2d6e8,delivered,2017-12-09 12:48:56,2017-12-09 13:30:47,2017-12-12 17:39:10,2018-01-11 21:25:26,2018-01-16,59461a391edf495ab442d2451d3622b3,2017-12-09
ec00dde786ff2f5a34dda004de0b76cd,7586fb75bde894464060825135c1c887,delivered,2017-08-27 02:56:37,2017-08-28 03:04:09,2017-08-28 21:51:31,2017-08-29 22:13:48,2017-09-11,b157d45094580a4a5a90af5331351c13,2017-08-27
17ed1321e070162865d53d1cbb1f08bd,2b548da1c2d11b747a9f8f0f819d291b,delivered,2018-02-08 13:14:37,2018-02-08 13:29:30,2018-02-08 22:33:31,2018-02-21 22:04:56,2018-03-12,5bbec9881ea33809736b816deba7cbd7,2018-02-08
ad9ef6cf7c94c870248962223a776a42,1736d753020912bbf5049cb1d95b11c6,delivered,2018-02-19 14:32:35,2018-02-20 07:15:42,2018-02-22 19:37:49,2018-03-07 17:53:11,2018-03-19,dc84254000d4346cb5920da6c3c4a574,2018-02-19
e9dd0af9909bd6872aaf792aeabad0d8,c8cd50dc061e703f567e2b908868a836,delivered,2018-07-23 09:30:30,2018-07-23 12:31:39,2018-07-27 14:47:00,2018-07-31 10:38:35,2018-08-16,2f20ceb1eb3b10b4ef6428103681a38b,2018-07-23
3a598997a4e99228c41bffa61709b1ef,060b1d253ccfe1196775fffc0c64eaa4,delivered,2018-06-22 15:56:33,2018-06-23 13:55:49,2018-06-26 07:06:00,2018-07-04 15:12:46,2018-07-20,517bb62c9c04e73c6471d65259a50171,2018-06-22
4c5277b8c416e92df5b5b5b3882b4d58,7bba4420a869ab8dba1c7096358c1d66,delivered,2017-05-10 19:59:24,2017-05-10 20:05:14,2017-05-11 10:09:25,2017-05-16 16:29:11,2017-05-30,5712625605e436ad6f7fa517ce6e8e0b,2017-05-10
218de7dde39167d2389f3cfd479228b1,5a79a2213d2a5405ddf945d1f73907f9,delivered,2017-07-18 17:45:54,2017-07-20 02:10:44,2017-07-20 18:59:57,2017-07-27 16:24:49,2017-08-09,eaf4e5dc08e4ad7a73d8471bd0cd439c,2017-07-18
290edb448c965ba91dbda4de76074143,275796c941809c8006511c809600dfab,delivered,2017-06-05 16:49:45,2017-06-06 13:23:23,2017-06-07 12:31:38,2017-06-13 15:44:09,2017-07-12,61f7b3e7a4d47f1c7281d4c2eb208975,2017-06-05
d3e38f61c91f2cdbf65e9e2c025f34ea,a0bbffbdc618ad92a15eebb2da47ca20,delivered,2017-07-21 19:30:08,2017-07-21 19:45:10,2017-07-24 18:03:09,2017-08-15 17:41:41,2017-08-14,6ae0d88f4031ea3619b08202456268c9,2017-07-21
e54ac9a4438ed19f1367717699a2863e,d9f26e1768abce63ca633e2f3a5b8896,delivered,2017-09-22 15:39:38,2017-09-22 15:50:13,2017-09-22 21:34:54,2017-10-02 21:16:16,2017-10-19,15eb6c5aa4aa23cbdb42e119220d23ec,2017-09-22
79fb2e82fcf7bd64619ce8781904e6e2,860e15d47900136730813e5eccb78ef4,delivered,2018-01-16 22:26:44,2018-01-17 22:29:53,2018-01-18 18:15:25,2018-01-25 20:08:10,2018-02-19,1b3bc43a255fe8b5c910164bc5620549,2018-01-16
ef4a9e7b022119a6865b3999e1c221d4,de4a8365eed721e1ee8a2993cd739f46,delivered,2018-05-29 18:28:18,2018-05-29 18:51:24,2018-05-30 07:27:00,2018-06-11 19:12:26,2018-07-05,d2710bc86049a51ae14e82d4d339c8d4,2018-05-29
fb7d6ea70e823cfb1afca3524282cbf9,715d3b0fa859b738afff1463a14395bc,delivered,2018-04-01 22:30:00,2018-04-03 05:28:15,2018-04-04 18:53:36,2018-04-11 19:42:01,2018-05-04,3c084b2007d6efc5db0eb0ab4bbf4a92,2018-04-01
844b7b992358a3a30d677ea0025e7471,2df20d16a7c4d40a357959f64b76a7c3,delivered,2018-05-30 19:18:48,2018-05-30 19:35:34,2018-06-05 16:46:00,2018-06-06 22:07:37,2018-06-25,4a18e88621a98304f29d894bba1ec1a6,2018-05-30
70f814478ea3019fff8677f0aca6a54b,adad0c56d848f4034c2cb989a6139c98,delivered,2018-08-23 15:58:16,2018-08-23 16:10:22,2018-08-23 15:31:00,2018-08-27 18:54:37,2018-08-28,3f4451e0fd8a6eb5c9e0214ea989920d,2018-08-23
49000628096970f7939dc39c2f310121,7235ec9d13adeaee921801b19d4b9671,delivered,2017-05-14 17:32:24,2017-05-14 17:45:12,2017-05-23 10:53:57,2017-05-30 07:24:50,2017-05-31,1b912c62a4288c02de4051d989c40bbf,2017-05-14
c6b6299c09e64ae50abb6de38ab93a51,7bff9d661733a9ab191d3d8c77d2a76c,delivered,2017-03-16 16:53:04,2017-03-16 16:53:04,2017-03-17 12:45:11,2017-03-21 12:48:32,2017-04-04,dc869c4d42ab0d63664fdcea4e7b7440,2017-03-16
1e7daa50f3b5b4b0325e1467947249f1,afdadbcbb99c6cd9d3c3307f6e87d700,delivered,2018-01-11 11:06:03,2018-01-11 11:14:23,2018-01-12 01:12:35,2018-01-22 23:12:20,2018-02-08,e5d8a6ff9438c843fb93082546f5335d,2018-01-11
b208ce08b2c5eea655bee887eace0cfe,9380187b6f9feb21e3f3852996416927,delivered,2017-03-04 19:34:15,2017-03-04 19:45:25,2017-03-07 13:03:07,2017-03-14 13:37:51,2017-03-29,6657a018173bc1a9071b1c693af95579,2017-03-04
c356aac7fabcd3bab9aaf9ce1f36b945,e2b55ff6dc402ddbeeb756f42f9bb725,delivered,2017-03-11 12:24:28,2017-03-11 12:24:28,2017-03-16 09:58:33,2017-03-21 11:35:45,2017-04-03,432176c8ad774ad74f992357b9be4a39,2017-03-11
bbeabf588cfd1094a645e92fcf277020,bb6b4fb08e29775ec97351f44f1fad1e,delivered,2018-01-15 19:36:22,2018-01-15 19:50:59,2018-01-16 19:51:15,2018-01-30 11:08:05,2018-02-07,e8becd5d0bd454d3219ff725ec9010f7,2018-01-15
f32297601abbfbf31af1384e85636bac,b08451e46f8d80e6559b22b9e0d32f41,delivered,2018-07-23 14:43:10,2018-07-23 16:00:41,2018-07-24 11:32:00,2018-07-31 14:12:02,2018-08-13,5e0fce51c98009db0362993fe6f16981,2018-07-23
b9112da66c99f7f73aed69802cb358f7,3dc697c4c4c33728a85ffcee66c56297,delivered,2017-02-20 21:38:58,2017-02-20 21:50:06,2017-02-22 14:23:45,2017-03-10 07:07:41,2017-03-23,6dca6fb517885349470e4684041c5741,2017-02-20
fb9bb6436441ba78b79012524ca465c1,a411f49d910482d3d37f9d588a308ac7,delivered,2018-08-07 01:44:10,2018-08-07 02:04:39,2018-08-08 16:04:00,2018-08-15 19:42:40,2018-08-22,58347af0efa79da4ecf611c931efebb9,2018-08-07
61b62438062a85e41edce3f024afe81e,64b570a964113efddd6cf2cd27903e99,delivered,2017-07-17 21:44:27,2017-07-17 21:55:18,2017-07-18 19:12:39,2017-07-26 19:54:24,2017-08-08,94a9b38bde4ef7222a020881d83ef10f,2017-07-17
fe2036618470d8f1792b2e21ef126a85,4c8042e2e4ec74727a56afeadfa7ed68,delivered,2017-02-27 18:30:11,2017-02-27 18:41:47,2017-03-02 10:12:12,2017-03-06 11:09:18,2017-03-30,6d7a88f4cafc95740e3dab29d90c9c6e,2017-02-27
fc325d6bae67acedec72848583cc6d27,21c986e354b4475a8344ea160dc177c6,delivered,2018-07-18 16:50:53,2018-07-18 17:02:29,2018-07-19 12:42:00,2018-07-23 18:04:23,2018-08-17,c968b10ff878363ef64acaf00947966e,2018-07-18
bb096d0ca9881c6a7513ca2e0ec4fcba,8677ca5155e19aea65a4db1be46b6608,delivered,2017-12-03 08:29:56,2017-12-03 08:38:22,2017-12-05 21:46:48,2018-01-03 18:14:32,2018-01-03,867a7afe9f7ca8c6df22e1c9ce91a9fa,2017-12-03
8e054d33e00ddfd994d389e1e7204d3f,f45a4d2cb74a959abd0c06714ce8e843,delivered,2018-01-23 18:58:40,2018-01-23 19:23:17,2018-01-25 14:38:46,2018-01-29 14:33:17,2018-02-15,58a1ba19df4c8c62ae4b91535f7d52a1,2018-01-23
7dd61a9dd9d2ec923177f5679d1b0ad9,5e28057dc50a67c44db4899b4ddbb404,delivered,2017-12-26 22:00:57,2017-12-28 02:37:51,2018-01-04 16:20:12,2018-01-24 00:38:33,2018-01-29,d1f25e12aeb11c8ef85bbaeee861f797,2017-12-26
ef05d1e66d71afa317df36d145f939a5,5a2555dc416d93c0f0eda7183585d90c,delivered,2017-12-27 07:06:59,2017-12-28 07:07:46,2018-01-02 18:58:01,2018-01-08 20:06:10,2018-01-22,4124240c9ffeddd7074ba3535e6fcdaf,2017-12-27
d4fea5f1166ef240cfe766769f4d5ab0,874e3ce94e74d677972a169b9c78e0b5,delivered,2017-04-17 18:46:05,2017-04-19 16:10:22,2017-04-20 10:41:41,2017-04-26 13:32:44,2017-05-17,0098f4847541cc7d676f9a5efc64c0f0,2017-04-17
cfda238957842ae525ab84fabaf8d4dc,2179ac3909a98c5dfd4d0e13b098b675,delivered,2017-09-06 20:42:11,2017-09-06 20:55:12,2017-09-08 19:57:48,2017-09-14 20:13:02,2017-09-29,3517e4c452bc29782db762a150996061,2017-09-06
d6bda96d49a85683ae8632732fb071c6,108713fcde1f0c129c3d7579f0f8d3ca,delivered,2018-03-06 09:55:10,2018-03-07 02:40:28,2018-03-08 16:39:01,2018-03-21 18:16:43,2018-03-29,4695463872930475b8c322ef8fc3fb18,2018-03-06
191770cd4f3a7135f4db78a9230ac3df,762e79437f60ec2d9007b5a3f97139a9,delivered,2017-12-14 18:37:44,2017-12-14 18:52:22,2017-12-21 18:54:47,2018-01-03 21:18:50,2018-01-11,df1602d39699064d0cec2791acb53bb9,2017-12-14
5f170cee48e637e0f925477784ebb879,d7d7e1ff958b325a457c29c296e901d7,delivered,2017-11-11 20:15:51,2017-11-12 20:26:28,2017-11-16 14:56:31,2017-11-26 17:05:00,2017-12-07,ff951c3dcb657cf0e8eedc0b0856f902,2017-11-11
c24b8462503bdf22720225bab4a5fbc3,b628c8980981bbd641c43f9997717c9e,delivered,2018-06-23 21:00:56,2018-06-23 21:16:03,2018-06-26 14:12:00,2018-07-03 19:55:37,2018-07-26,e0f36736f2444c7efb9b9a1fe0c12399,2018-06-23
14154a306b926b62ae99f4ad34bfb206,b768df11c1dd1aa471736252fc8780b0,delivered,2017-10-18 14:31:33,2017-10-18 14:45:40,2017-10-24 15:11:33,2017-10-31 22:32:51,2017-11-17,a0a43c860c091152010926b96823aa4b,2017-10-18
924de4e0c8bada8047b22a6f86629117,4c40a5a2be74dda9ea0cee0433f89947,delivered,2017-06-02 18:12:44,2017-06-02 18:25:08,2017-06-05 11:46:42,2017-06-14 16:33:07,2017-07-05,762efb8c186a318d9d711692c0030c85,2017-06-02
43a462022e4f6463144b36cc47783b7f,5801bda0093fcb34a83bd7f3d0d92d52,delivered,2018-07-31 11:04:43,2018-07-31 11:15:12,2018-07-31 13:55:00,2018-08-04 02:08:37,2018-08-20,dc2fdb59e9395cb16f124970e25ebd1a,2018-07-31
3571574976e22e1323a30f5c04c13f33,c1a4df79e345b619ba8e1b99f4a4b8c7,delivered,2018-06-18 15:29:35,2018-06-18 16:40:27,2018-06-19 19:02:00,2018-06-23 18:22:00,2018-06-28,6127a324e16711708c82969214a3d10e,2018-06-18
7ddd53e9d44195b8570023d284f8df85,b0c96e175376cdef2e1640bf58485d24,delivered,2018-01-07 21:07:05,2018-01-07 21:15:27,2018-01-09 15:34:35,2018-01-12 20:26:55,2018-01-24,c00e8c86d3cf99dab1eb1f028d0e5ddf,2018-01-07
ff41b585a087aeaab9daae351364e439,f1893a0430ab3ca6568e47a290dd6c64,delivered,2017-08-14 18:16:37,2017-08-14 18:30:14,2017-08-16 18:47:46,2017-08-23 20:34:56,2017-09-08,0cfd915db480acd7d9a954409cabfb1c,2017-08-14
bbcdf6eade27ba117835cb683a80ce09,bf84e9b726894ba53de7227af764823a,delivered,2018-05-16 16:54:16,2018-05-16 17:21:48,2018-05-17 09:55:00,2018-05-21 18:41:16,2018-06-07,2ccbbb8a3bad01dce6dd0ff76ccc2eb2,2018-05-16
5db14e1988a5d3ad8675f9d47b6fdcba,17d2f0816ddba47179811dd881c365b8,delivered,2017-05-22 13:59:13,2017-05-23 04:10:22,2017-05-24 11:42:30,2017-05-29 15:39:46,2017-06-13,d213a64d6fd8494fd5c0e1ad6d0f8e32,2017-05-22
11bae3be28f0706705a8ea753466a1e2,073bbecc1335011c969bb40c08926147,delivered,2018-04-03 16:30:32,2018-04-05 02:08:35,2018-04-05 23:07:47,2018-04-12 23:17:48,2018-04-24,61b3fe8adc2e598633411fb531e0c6f6,2018-04-03
ceae08aa0db7c452b14558ccf33dfe22,cd5512b8d3b590ded8ab0257134069c3,delivered,2017-10-11 12:28:42,2017-10-11 12:45:38,2017-10-16 19:13:53,2017-10-18 20:14:33,2017-11-03,eeab87c85f0eb43965393f4f22ec2c21,2017-10-11
dbb785a23b8cf4ea6c911ed7b6aacc54,81b25721acd083b954318dccbb8d9095,delivered,2018-07-22 10:37:05,2018-07-23 11:31:35,2018-07-30 16:05:00,2018-08-08 20:28:52,2018-08-23,391e6e8aa37c7fbad878931eb061a4ed,2018-07-22
90c1f1431bde35c669aa2ccb03f78553,b151c788c2414af65c8c4ffac1a594e3,delivered,2017-08-30 07:29:14,2017-08-31 04:32:23,2017-08-31 18:42:36,2017-09-08 19:22:56,2017-09-19,9ff7c7ec579329774397b8a7df7c688b,2017-08-30
ab4362fccbf0de9194dc5b7c0ea13585,b63e59e7dc8d01607c4765255d9bee9c,delivered,2018-07-13 09:52:01,2018-07-13 10:05:17,2018-07-16 15:29:00,2018-07-23 21:36:25,2018-08-08,a74c2397b7a0efa25b2e7a22f4843075,2018-07-13
6c45e2d6cf05790573c8247e28c24a91,bbe0f15039cf02bf42f6f0e5cbdf1f7a,delivered,2018-01-03 14:58:27,2018-01-04 05:10:30,2018-01-11 15:19:45,2018-01-30 21:35:33,2018-02-06,49f97edb0f52b56d690b7b2e8fd775dd,2018-01-03
28f12a3e5117f5e70bbdb45be9188639,71ae2df0198f8dab9a73978e46b63c6f,delivered,2017-05-03 19:34:48,2017-05-03 19:45:10,2017-05-04 09:48:44,2017-09-19 16:38:49,2017-06-07,5d0592e49136297ece57979183c9cac2,2017-05-03
bb057bfbaef57c23461268a4788c0a27,35ef525d162bdd09379c34cb81f25e9f,delivered,2018-01-10 18:20:29,2018-01-10 18:31:40,2018-01-12 15:22:55,2018-01-19 20:05:58,2018-01-31,6694c86e9afee8076a0adf8251db2851,2018-01-10
020f04b3da1d597b9a00b825762299ba,0b42990c6a03665bc6591652ed10d6ae,delivered,2018-07-05 16:07:58,2018-07-05 16:36:00,2018-07-06 10:27:00,2018-07-13 18:28:50,2018-07-30,ecc79411bf35aa8d224e66ca9ca5d4ef,2018-07-05
15bc19aabe8d08cb8e00f86c31f85682,97592acdaafe25b9a5aeb8d5f85aac11,delivered,2018-03-08 10:09:59,2018-03-08 10:28:40,2018-03-09 00:10:54,2018-03-23 21:48:50,2018-03-26,d21d28ab42ddf85bb380e10965b51f14,2018-03-08
8151a29068abf0cf775f916b52473877,6847fd0a396b6ba770e4bdf076e8712f,delivered,2017-11-14 17:46:59,2017-11-14 18:06:49,2017-11-16 16:08:53,2017-11-24 15:19:06,2017-12-05,8010a4867507128cbbaffdc4c9660fc8,2017-11-14
ce3306b493edca02b65cedf9da8f0f7d,0cf80359c4d104530c6c2274d2263ac9,delivered,2018-05-02 15:21:52,2018-05-02 17:32:08,2018-05-03 12:07:00,2018-07-26 19:17:33,2018-05-30,90ffb506f4c06b3e663f77ce344288cc,2018-05-02
e44944b056633f6f1e86a77eed6a13dd,e22692ddc6613e893c0e025a2dd60c52,delivered,2017-06-26 12:54:25,2017-06-27 13:05:20,2017-06-29 15:23:33,2017-07-13 19:16:27,2017-07-25,233ceaabd644ab5ae86989bf16b4d70c,2017-06-26
6cfa5243a13a7ea9c5b37fba140d4f9d,c9ea27accd209c13378af27611158cd9,delivered,2018-03-07 13:41:25,2018-03-07 13:50:29,2018-03-07 23:34:03,2018-04-09 23:19:10,2018-04-02,5accfe1e65e8ded17c514e63f3499668,2018-03-07
e5967d9382272c28d2e9710bcd0462d1,ee82195a031367f16d90b71ba8fe0b32,delivered,2018-04-17 17:46:52,2018-04-17 18:11:17,2018-04-19 23:13:04,2018-04-25 22:58:53,2018-05-10,063fee07c7dbecc77179dfc57d36f759,2018-04-17
de024dbeed2d5b118cd0c1bebd0945e5,3be49a622667c5537925ed395161f644,delivered,2018-07-16 18:03:34,2018-07-16 18:15:17,2018-07-17 13:37:00,2018-07-26 23:08:56,2018-08-03,e319f50dc3f6d26cf642a8e5ccd964a9,2018-07-16
a2434744f99182d51db312b7520e915d,bec65acb896b0b86bff85c5d024e2714,delivered,2018-06-03 21:31:27,2018-06-03 21:51:29,2018-06-04 14:00:00,2018-06-07 00:12:08,2018-06-29,fef394a45be5ecedfffbe954c878efd3,2018-06-03
55edfc7697e8da852cfed4f2c93787b9,0f17aef5c49d1678d6f765d3e1641067,delivered,2018-05-13 14:43:09,2018-05-13 15:51:52,2018-05-15 07:55:00,2018-05-16 18:44:51,2018-05-25,9a6390bb2a2dcb6b8c7af089a0ea8ed0,2018-05-13
3ec57f387771800e135888860c546cf8,3630d72b7bc768b5d2bb45844561e7f7,delivered,2017-10-03 13:28:48,2017-10-03 13:49:26,2017-10-04 14:38:10,2017-10-06 15:39:45,2017-10-19,1dd925365f97f3447918c83619a02851,2017-10-03
dd7be4063f9703a51e6508165a76763e,ceda30af6bfa9670fb7486d3e1e8a235,delivered,2017-10-05 12:53:26,2017-10-05 13:07:17,2017-10-09 21:20:08,2017-10-16 18:22:36,2017-10-30,79396752765d5e226959d776d15ade25,2017-10-05
e63bc1942e2cd8ad08839b0032149b58,3326a1d23ec9e0dd4db7042f80c0ba00,delivered,2017-08-14 18:20:59,2017-08-15 19:24:40,2017-08-24 21:47:57,2017-08-29 18:37:16,2017-09-14,63305950fe640d20773bdb40c16f7e62,2017-08-14
ffd4172b5df0c16bbd973c196b09bcd9,df1c081b34ddbb007ef29155a35e0837,delivered,2017-11-16 12:32:53,2017-11-16 12:51:15,2017-11-20 20:16:40,2018-01-05 14:09:44,2017-12-14,660d5645c0f5a2e90e0669dbd125ceba,2017-11-16
d08bba6d656adbdc54eaf30b29532e89,2bbb7f863b68ba0f0e2bc78ad1a6a902,delivered,2018-07-13 20:40:52,2018-07-13 20:55:27,2018-07-16 13:04:00,2018-07-20 20:21:10,2018-08-14,80261e3b34f41fda13fbb4ffdf2222e7,2018-07-13
44ccf756bc48c94e659d97924203664c,fe264284987dc83e9e0f12ba1f026994,delivered,2017-10-15 12:36:12,2017-10-18 03:08:45,2017-10-19 18:30:01,2017-10-23 18:47:56,2017-11-01,9c06281cef67def8d1e7346ecde7df8c,2017-10-15
f5f15b58af5d98ee482e59fa194a9112,a53edd5b86dea9f6151d2eb0d98e06a0,delivered,2018-07-08 23:17:32,2018-07-08 23:30:10,2018-07-27 14:01:00,2018-08-01 19:38:25,2018-08-08,76ee1dc3b1b694eea9a3453ec15ee83e,2018-07-08
7d147963db91d7f73bfb2c6a89516682,63a888e54bc526210f7ca0e87d5e0746,delivered,2018-02-07 18:34:41,2018-02-07 18:50:12,2018-02-09 19:48:05,2018-02-27 14:08:49,2018-03-14,24e6704e9921dab6ca4da3bb0ca85500,2018-02-07
55595283657c40a4e48711b28049056e,aaf08c4c8dde46dcb828662722d43a13,delivered,2017-09-23 15:42:51,2017-09-23 15:55:14,2017-09-26 15:26:44,2017-10-06 20:18:47,2017-10-23,f37c5695fccd7deed78db3bfb7bec70b,2017-09-23
1317ed43db6962c204745945a6e2352d,4394e736cb205ce89c210d2dd8061745,delivered,2018-02-14 17:02:29,2018-02-14 17:15:22,2018-02-15 21:04:20,2018-02-16 20:53:21,2018-02-26,1c7d293e28800335fcad1a7233920063,2018-02-14
27f61642eec62fdbd86c81f7fd1320e7,db39613bbd6ee688f9a8ae61d3a81e32,delivered,2018-06-29 17:44:22,2018-06-29 17:55:16,2018-06-30 08:58:00,2018-07-05 15:54:28,2018-07-26,6aa4cd4b388fff5360fc426032e17115,2018-06-29
d301cecfb230ab6585d1afcc0d63a417,98980a9f930887243ad599ff2eae3609,delivered,2018-08-05 19:50:12,2018-08-05 20:05:13,2018-08-06 13:09:00,2018-08-07 17:41:32,2018-08-15,672a85aa76b77c8ae6746e9fc9c41049,2018-08-05
2662cbd5b6c9e285a0babfe5ec248494,648d570db2e7973cbfc5daab14a308a9,delivered,2017-07-17 14:42:22,2017-07-17 14:55:21,2017-07-18 19:44:53,2017-07-25 21:52:59,2017-08-08,2f57e1a28c6a89a445cefeb447c5d9e7,2017-07-17
91750e4d3d89e619cd557a6da400be06,a509c0faf10ecf2d74c38e3945b25496,delivered,2017-01-17 14:23:56,2017-01-17 14:30:17,2017-01-20 07:13:45,2017-01-30 12:58:03,2017-03-02,1d2435aa3b858d45c707c9fc25e18779,2017-01-17
442da52f7e1c635406d2ed070bf1c358,3625bccaee4e0266d9acb795cd0666d8,delivered,2017-06-27 23:45:36,2017-06-28 00:04:05,2017-06-28 14:33:47,2017-06-29 13:47:41,2017-07-10,663adc6d1af81806f20f1a8ae708bd72,2017-06-27
c7c8deaa5fca16ea52f981110df2537e,a7c7608c1450243690fc5d0d12a2096c,delivered,2017-12-15 18:50:17,2017-12-19 09:51:35,2017-12-19 21:33:30,2017-12-23 17:29:22,2018-01-17,5e6eaca0397ad423e56df0d1d751cef1,2017-12-15
925e0efae10a47529fb9c78338b66d8c,6a97a18568f96ebd96b56ff6d1abba03,delivered,2017-03-16 14:59:36,2017-03-16 14:59:36,2017-03-20 09:05:49,2017-03-30 17:21:50,2017-04-07,89ec41e937e816a3252d083df47f1af7,2017-03-16
55b961963d4c9e193651ea6c3dc6c8df,224689d429a1c827143ed03ceb6f02a5,delivered,2017-11-03 21:02:25,2017-11-03 21:10:36,2017-11-07 21:51:05,2017-11-08 19:09:06,2017-11-16,d2a784c948d14252def59dd0c2e49170,2017-11-03
f736182b7b61b8d44835437f36f5a8c6,eb086a02fc7d3288a0b34e3510edae63,delivered,2017-12-06 19:27:04,2017-12-06 19:39:41,2017-12-07 17:14:46,2017-12-08 22:22:19,2017-12-22,4bdaf5ec2f6bd2098a7c5a3f46c7d22f,2017-12-06
23afc00db0b1c005196306f02e1c1178,17690bde33eddf4e0934f5a94dfe01fc,delivered,2018-03-16 07:01:56,2018-03-16 09:06:36,2018-03-16 22:38:46,2018-03-17 13:50:43,2018-03-28,ee86c319ba988c50816cb59a863b1882,2018-03-16
29e7dcae164a48d49cbac457c4bd5465,a5a61ea6f75db2b724b6bf45de19795c,delivered,2018-02-07 21:19:58,2018-02-07 22:32:22,2018-02-08 17:35:48,2018-02-10 00:33:20,2018-02-23,8c89a77415ba351571d27a50c1c64861,2018-02-07
63cd3b5cc6a064dae6fe5f614c828161,ce43b11b1a2a6db6dfb4abe08a8e1fde,delivered,2018-04-12 22:23:04,2018-04-14 02:30:47,2018-04-16 23:22:52,2018-04-20 16:33:26,2018-05-03,c5a23eff8a3070539b82837f3cf62761,2018-04-12
7e2ab154f3fc2e53ff80d58b7647b787,1080a268b6609164e1c07f8ba652010a,delivered,2017-12-13 23:06:33,2017-12-13 23:17:28,2017-12-15 17:23:39,2017-12-27 23:09:55,2018-01-18,d90031bbdcf662086f01f8bba0ffa51f,2017-12-13
68a27330cb647c6489f7cd78524c5711,9d4603d9f8c3b22b9aa4d98e08b792f1,delivered,2018-05-14 21:46:11,2018-05-14 22:10:18,2018-05-15 08:36:00,2018-05-18 21:36:36,2018-05-30,1d78c3d8eb2539550b8b4d03487fdb50,2018-05-14
e374d352a264211feb7b8dfa292120e5,760c234b8098df93664b0ca83a930c91,delivered,2017-10-19 15:59:35,2017-10-19 16:27:02,2017-10-23 22:04:28,2017-10-27 19:06:01,2017-11-08,1994782ddf148996892b0da43394384c,2017-10-19
4be62b3acae38a6d30f707af9d5c4339,d99b0d481ca8a777bd72be9c578f10a3,delivered,2018-01-17 01:49:44,2018-01-17 01:57:24,2018-01-22 14:34:07,2018-01-23 19:09:52,2018-02-01,d61df943b9d8325b1dd0bac3d1fd1b10,2018-01-17
239ac2c07beceefddb4e1017b9aabeda,3cdfa7ea91e2fbae34e2c0e692614818,delivered,2018-02-26 19:58:40,2018-02-28 09:56:23,2018-03-02 16:57:06,2018-03-13 19:02:57,2018-03-26,1cfd75e7861bdde8e30ad27fedc4da1a,2018-02-26
c85289fdb95c9cf1cdd688af14513e33,c71726c3810647702ad76a622681f56b,delivered,2018-02-02 12:18:22,2018-02-03 02:53:57,2018-02-21 01:48:57,2018-03-09 17:08:26,2018-03-01,8694577a6c1861949658e706d2a5e6e9,2018-02-02
ae120be8d03530006a9cdc011d8d09c4,11c088d06e0031f259bde2844d96096a,delivered,2018-02-09 09:46:19,2018-02-09 10:14:17,2018-02-09 19:35:04,2018-02-22 14:18:56,2018-03-12,50e1b12ee1e2eab6157d9c0b035136af,2018-02-09
102ebccc01b5cd4eb79f11133037ce38,036051a7caef0230a4ec9fbea54e06f6,delivered,2018-05-17 16:53:35,2018-05-18 00:55:15,2018-05-18 12:21:00,2018-05-21 22:10:53,2018-05-25,d18e811d8ee3bd3b5c37dd1c542809e8,2018-05-17
c8a713dcca463bb2802f76c94667b413,44116229bacbe481f496fbf77059a987,delivered,2018-07-20 19:53:33,2018-07-20 20:10:08,2018-07-23 15:56:00,2018-07-28 13:10:44,2018-08-08,4c2648c5850ac8a3f7105333ef641e6b,2018-07-20
9315757eaf0e782619bed131508dbddb,93d8e0590f3a63f34c9506149982618b,delivered,2016-10-07 09:41:02,2016-10-07 10:44:54,2016-11-03 08:37:50,2016-11-07 08:45:43,2016-11-29,4b753f7e58c2f8129715691ba3957fda,2016-10-07
81447152169fce271e12a471d7a38269,71fe216d275d8c767aee76cda3b5a04e,delivered,2017-06-27 17:08:57,2017-06-28 02:30:14,2017-06-28 13:47:49,2017-07-03 11:32:45,2017-07-19,048afeb603cb6f95968487df5fadfec7,2017-06-27
6f2c54b3b1fcaef37893185bd79b7b61,0e30af8bf23d84290b2ed4333ea7e56c,delivered,2018-04-17 16:04:09,2018-04-18 17:31:00,2018-04-19 18:02:59,2018-04-24 00:28:58,2018-05-16,6e09ac06c6d4d178cf0fa8703f7a3732,2018-04-17
4887f9be54f6d2f1df67e5f7ca46216b,06fd550709e851b276dc96774077fa0f,delivered,2018-05-22 23:14:30,2018-05-23 00:20:24,2018-05-23 15:01:00,2018-06-08 17:58:50,2018-06-13,79aa2d7a9ab1078226dfc62d530a8f33,2018-05-22
7c7a7c7d1fa3b3c8f867224389d3d8bd,6ae6a02cb961932c6c3b32f1d03612d2,delivered,2017-07-20 11:28:26,2017-07-20 11:43:43,2017-07-21 18:44:53,2017-07-24 17:44:48,2017-08-02,07bccc0697ffd0f287859d8805de97f0,2017-07-20
9e60724a9f4d8f5d169ee0b5bb7a8a46,4451d78b2fe3f7a69221af70ccd4b749,delivered,2017-06-09 09:51:40,2017-06-10 02:45:51,2017-06-14 09:42:26,2017-06-26 13:16:31,2017-07-06,6261e92d8f663b768da439e93ff6ed25,2017-06-09
95be8cd93b77a78622e9a813b31cc0df,c335b82adf63b8e20ae219763a950520,delivered,2018-08-10 22:51:30,2018-08-10 23:05:15,2018-08-15 14:04:00,2018-08-22 17:17:01,2018-08-28,2985795121ad4d51185c81a2e49b89fc,2018-08-10
d54f792bf7c14878fc42ba07c5512ead,2592409d9cdb96ddbad1f10c30cd2b9a,invoiced,2018-07-28 14:41:14,2018-07-30 18:31:18,,,2018-08-20,878028a4d41bbb945295f5b196ca31df,2018-07-28
d411b203fa5c4b8dee5012ebe23cd3b4,a8675255615b3a42f92339f755cb1e04,delivered,2018-06-27 11:45:06,2018-06-27 12:08:20,2018-06-28 09:14:00,2018-07-03 22:51:00,2018-07-25,657658dcb11a46229af44a6b6001a066,2018-06-27
aab3b583efdded9a5a8214c4edfc387b,ce26ced2b3dbcd2e283ad3c688021fec,delivered,2018-02-03 13:58:31,2018-02-06 04:32:15,2018-02-06 21:41:57,2018-02-26 20:56:40,2018-03-08,7da4f6efe547aa814499bbbf226859bc,2018-02-03
c47f8d001b46c06bba495ae1b0ef2dfa,0a6a2c30e710204472adcd654bb7a662,delivered,2017-12-01 13:44:57,2017-12-01 13:58:44,2017-12-04 22:34:53,2017-12-11 23:13:19,2018-01-03,a224940861ba26095fb10ba2fbfcc7e4,2017-12-01
8e1d33832d930d453a3a329a0fa4c604,5079d74c713c4f881925b51705857054,shipped,2018-03-22 12:47:22,2018-03-22 13:09:16,2018-04-06 23:52:48,,2018-04-19,8be86c3fec7d014912cb7a747de3a15c,2018-03-22
e544389041b93865b618cbe3bd55f445,627cd5d3fd594a3dddf26e03c3f2048b,delivered,2018-08-22 08:33:48,2018-08-23 03:04:30,2018-08-24 13:47:00,2018-08-29 18:14:54,2018-09-05,e5440d697a12998b140e0aea7a10b699,2018-08-22
90207c312f193fbd229671833bf08d47,f66491ab775d85d3a33e23dfee765c38,processing,2017-02-01 15:21:50,2017-02-01 15:41:40,,,2017-04-07,f6030ebda57dc3e11cbc0964c2a9757f,2017-02-01
37f6cceb272b1ae10ed4bd8cc0d4a98a,4154a7bfad13391d383b6b30cb06f639,delivered,2018-08-06 13:24:54,2018-08-06 13:35:17,2018-08-07 09:46:00,2018-08-10 18:03:15,2018-08-17,d07556020597ac72fd704ff047eb4e8a,2018-08-06
31d97e07fe8d91fbea9cca127739d2f5,c9d98f41b99acf97b856907c6a229212,delivered,2018-05-06 22:19:02,2018-05-08 20:31:53,2018-05-09 14:07:00,2018-05-11 22:47:32,2018-05-30,b7cf10028b18da80a2f7628c7734f650,2018-05-06
1c37b01cbd381665433fb99fc7705e81,438ddcdedced7b39cffe79ae0f5dc5b8,delivered,2017-12-10 20:36:43,2017-12-10 20:50:16,2017-12-13 15:43:29,2017-12-21 18:18:38,2018-01-10,d0a5395d034d5967f30a3985561c0aea,2017-12-10
dd65743cd08075c5e3ee4f7e717eea88,b08ebb17618be48b7695500b639e1a50,delivered,2017-02-24 13:59:21,2017-02-24 14:10:16,2017-03-01 11:22:47,2017-03-09 09:14:56,2017-03-21,9be479d9033b8987a64ec383679520e8,2017-02-24
6cf30e050336c50f368c34da13c9e6a2,71401d6f3ab1671cd5569779cdb9480d,delivered,2017-05-28 14:55:30,2017-05-29 15:02:40,2017-05-31 12:35:45,2017-06-12 17:22:54,2017-07-05,a482e030e2517ddbf0f93d8798d8cd48,2017-05-28
e352178ae3b81e3d7d67ee7edd973a43,774b40c2d9e895086ea8c29646821b90,delivered,2017-09-27 22:01:59,2017-09-29 02:54:17,2017-09-29 18:18:58,2017-10-05 18:27:30,2017-10-19,b5a830ee275a266d9c6f91052330767f,2017-09-27
709df04791b8bd393b34a58de3cf142d,c93fd28f162566af5c46c0f44110e347,delivered,2018-06-06 10:46:09,2018-06-06 10:55:21,2018-06-07 12:26:00,2018-06-20 23:02:48,2018-07-17,0c5b154661836e56f9e7495f524cff03,2018-06-06
bc2680eb1e2605a68aef195cce2acbe9,010c5ccfc9a9135b8c89e2d66f5fb8f5,delivered,2018-08-24 02:24:29,2018-08-24 02:35:12,2018-08-24 11:41:00,2018-08-28 20:03:40,2018-09-12,df9c264a06689dd14d8bb9da773b56a9,2018-08-24
618f88b3d95d4901c458b985187be809,3acc50526e382c8a6a3d181c89a8c956,delivered,2018-06-19 13:16:49,2018-06-19 13:57:19,2018-06-20 09:26:00,2018-06-25 18:28:34,2018-07-17,49d1d05c3cb94726ec3fa237368572c9,2018-06-19
f5c6b02fe83de0441786b7fd0f361870,902a2fa2a9c6cd1286090b83b24d0b04,delivered,2018-01-12 22:55:53,2018-01-12 23:45:23,2018-01-16 02:06:42,2018-01-22 17:06:52,2018-02-06,78fa769d0d378662573e1606cb31f75a,2018-01-12
d4b4b8d55b203dc85ccad823014fbb34,b30dc64de0ae855b72ad46a211ee13ae,delivered,2018-07-24 10:04:11,2018-07-24 11:24:33,2018-07-25 08:32:00,2018-08-02 19:51:46,2018-08-28,aee096c516069e571d98f9e591cc9fd8,2018-07-24
86df5fa6306829eeeab1906b3f7ad102,027f4567829d2f2249e5adeb315bdda4,delivered,2018-07-29 17:44:14,2018-07-31 04:31:28,2018-07-31 12:29:00,2018-08-07 16:58:31,2018-08-17,8e590b80243c5491146a525d04eb40d9,2018-07-29
fbd4a1492a44a989b0e5a863581e5284,7aad11b007aed653fa844b91d72c9a56,delivered,2018-03-21 08:30:58,2018-03-21 08:47:57,2018-03-22 20:02:47,2018-04-05 16:28:28,2018-04-18,6b6489fcfbf65f1bd527ac3ef9bad4c3,2018-03-21
0ef3a38d9a48aeccab67ab7616924237,97f8dc5ada12dfdc4559e3661ff27a52,delivered,2017-06-08 21:26:32,2017-06-08 21:42:38,2017-06-09 08:35:17,2017-06-22 15:03:33,2017-07-05,7f1d9f90cc1f06c2fc0a961bf5461959,2017-06-08
0297a2a062d136015afa9f5d9623818f,2741d30aa289cae1b78c923cf31e6470,delivered,2018-01-28 15:27:43,2018-01-28 15:34:32,2018-01-30 14:44:35,2018-02-14 21:29:06,2018-02-20,9e11a15e61660b1f33f25a5b36729356,2018-01-28
e3db241d7377ac91f1253454bdbeafe4,f6dafbcbfdf616aa3ed21fa31b34280d,shipped,2017-06-12 10:05:00,2017-06-12 10:22:26,2017-06-13 11:21:51,,2017-06-26,5ef9e1674187bbb789140754286398d5,2017-06-12
aa2d83efdc462b55b35559de37a04787,ce73ee58fbf32aa2c13a7a23b42caa0f,delivered,2018-07-28 00:55:09,2018-07-28 01:05:06,2018-07-30 11:10:00,2018-07-31 22:28:32,2018-08-02,fb1f9ea1c9f4f43a71b738cdd9590bb9,2018-07-28
a97d547ad23f485c9fb7b0eade5f7f18,a6a41ff534ddaa09d1e9cb71ca9613be,delivered,2018-02-24 10:44:16,2018-02-24 10:55:42,2018-02-27 23:24:59,2018-03-17 00:24:25,2018-03-21,08c4efad5ff7abf5c1b5745a45730ab2,2018-02-24
a8517ad7dc98471e355ea5c971d3a6d0,b3cf3116a4efbf35cafcd6507032c6bb,delivered,2017-12-21 09:41:55,2017-12-21 09:53:23,2017-12-21 21:44:58,2017-12-23 01:18:51,2018-01-10,c92f31f36283b5e3c4b4657734ea8c16,2017-12-21
3d31c5a5ea3e7ac09d26b11660a7e9ee,67e7c5386f0201748d34f2aac2638a7e,delivered,2018-01-02 13:42:06,2018-01-02 13:49:25,2018-01-03 16:16:39,2018-01-05 20:16:34,2018-01-18,06a7d47497a78713d62f7c0b590652ee,2018-01-02
4e80d0b6c184e0495126f54469869365,ae23c7a1bdc9a2f228213e9da905fe47,delivered,2018-05-14 15:59:38,2018-05-14 16:14:01,2018-05-15 07:02:00,2018-05-21 21:48:45,2018-06-05,84c48a189cfaacc111ba1fed41e5bb46,2018-05-14
b296d036b48495bce7720844aeb3fc8d,efbd120ebe16ab453d7c53d56fce343b,delivered,2018-06-22 18:52:53,2018-06-23 02:36:09,2018-06-25 14:50:00,2018-06-26 17:47:48,2018-07-05,5fadcb5086ceb34b8b572c6bf8a27e69,2018-06-22
15e301d9539aa985be48cdbe90348c75,9adf65da360756bfdfee35a88e88de4f,delivered,2017-07-24 23:37:01,2017-07-24 23:50:11,2017-07-26 03:08:03,2017-08-09 21:43:45,2017-08-25,07bded617c8b2bd56b623aa46628511c,2017-07-24
3058f418c175f89b5dc680bcb5634ab1,c9b91aae07c6cd838cac23a7e534e1df,delivered,2018-08-22 18:03:39,2018-08-22 18:15:39,2018-08-23 15:14:00,2018-08-28 09:52:09,2018-09-14,d649357bd5b1b116bf9662f41259db37,2018-08-22
4c68cc2a641de6ebea2ffbd6a5ec347e,e3a02df18fe641e5e86fa056b479c275,delivered,2018-02-19 07:16:23,2018-02-21 06:10:12,2018-02-23 00:19:24,2018-03-07 11:43:43,2018-03-21,acb28dd0017c3391f5e328a033f0def7,2018-02-19
84152c38452eb1dec5ddae4198266724,96cfe3ee50b07096ea541577e4b16e44,delivered,2017-06-14 08:58:49,2017-06-14 10:50:26,2017-06-20 19:16:11,2017-06-26 12:36:38,2017-07-07,b3ccfe9606744e8b2757954a125ea1a6,2017-06-14
8112a281ea81fb96d760f13da83ffaed,fa63f4173641284ffd2311ecde3bb85b,delivered,2018-06-01 13:23:27,2018-06-01 13:32:04,2018-06-04 13:58:00,2018-06-08 15:46:06,2018-07-05,d198d70eb692da666fd8c1f108397d1a,2018-06-01
9c987217fb96ab86ca15a379d251595c,4d4bde88cd76a51d67a333a252746c6e,delivered,2017-10-03 17:00:40,2017-10-05 02:56:35,2017-10-05 13:21:49,2017-10-08 13:12:29,2017-10-19,ef238db8c33ce868edce2ae8efb4e64e,2017-10-03
67d234bcc416725cb502c08117a69500,3be3915445cff816df03e7e980dce851,delivered,2017-06-03 10:26:30,2017-06-03 10:35:11,2017-06-16 16:20:50,2017-06-26 12:32:41,2017-07-14,88df5fe10a11f87b72dcb9b9225d82ca,2017-06-03
e2eb5d52ac1fbe44b4651b9d52b075b6,e15b828d1b58ab5b36b8fbe9ec3e6d04,delivered,2018-07-28 17:36:34,2018-07-30 19:32:30,2018-08-03 11:46:00,2018-08-08 12:38:43,2018-08-23,04410a2ffeb2f957aa4b219269d63e92,2018-07-28
5e17018ebbf73082329fdcbb34b791ff,b84ae27d372e283f9a580cb434d9f435,delivered,2017-06-30 00:42:53,2017-07-01 13:55:25,2017-07-04 15:37:53,2017-07-15 13:19:56,2017-07-26,a1cc55683fad97a9ce13c6e82f997d5b,2017-06-30
a8cec343b0975de8649d3679eb20b587,97fc40739ff80bf9082ed3030f73be26,delivered,2018-08-22 11:12:30,2018-08-22 11:25:24,2018-08-22 14:06:00,2018-08-27 18:59:56,2018-09-13,ab8855d757bc65779b23dfca9dbbca82,2018-08-22
e435bbf238549cbb883e87ec7957aadb,488f45aec10156ac677ea6155309aa43,delivered,2018-03-15 18:37:47,2018-03-15 18:50:29,2018-03-19 20:48:42,2018-03-27 14:18:44,2018-04-03,45623860763ee4a7bf3639acee57eac9,2018-03-15
dd4cb06a82daaa4a3853003208a89799,1aff35540649a1c5ed033773c3585d7b,delivered,2017-09-06 21:55:50,2017-09-09 06:35:28,2017-09-11 18:53:49,2017-09-18 19:16:30,2017-10-03,2410195f6521688005612363835a2671,2017-09-06
146a3b1856b84f80dc3ca22e79d11551,6f1f3c65581b33ea4d330525abc86460,delivered,2017-11-25 09:36:58,2017-11-25 09:51:15,2017-11-29 22:58:23,2017-12-22 20:53:29,2017-12-22,6d286b9d631a22762e1ef5209ca76ef3,2017-11-25
1242aa8414485384e381bb984d896ebf,1e5a23e9ddf45e71f18ed50dbcefb79d,delivered,2018-02-26 09:30:19,2018-02-26 10:10:12,2018-02-27 13:52:05,2018-03-12 12:03:45,2018-03-22,f1fec367875f7aba0cc0264f7834a125,2018-02-26
b9fb62bee137cab9842bf7427c640778,70de6d423133ff1c0026cd0ffe0b1428,delivered,2018-08-12 20:25:00,2018-08-12 20:35:21,2018-08-13 13:58:00,2018-08-16 20:53:23,2018-08-23,8b9915f50288ffce52cc109fcda53a27,2018-08-12
fc84e4c7eef7e91a7cd081a2f273f5b8,56dfe923d7bf928d0e70a9f696e3fae7,delivered,2017-10-12 20:00:51,2017-10-14 18:36:15,2017-10-17 20:18:37,2017-10-23 21:03:59,2017-11-01,2534aafcae446257e91626269b9e185e,2017-10-12
08c01d43e93f5c485f48758550d41eb9,e6662e391d2404ca1fd165b0a4124ea1,delivered,2017-05-13 22:22:03,2017-05-13 22:35:13,2017-05-15 10:17:56,2017-05-21 10:47:35,2017-05-26,822d25972056ef51050804f1e0446f40,2017-05-13
736401dfe860545394d24b098b2728eb,b629115d8a9ab4d7c46a9a8622ebf2c4,delivered,2017-05-01 19:46:04,2017-05-01 19:55:08,2017-05-03 13:32:34,2017-05-13 07:15:39,2017-05-29,6345b744eece6f95fc5f45abd26cb7aa,2017-05-01
3f81bec0a9a43000562b9aea4ba6c2af,e67d928d8998f6f0244b1ad049f6704c,delivered,2017-07-02 17:11:23,2017-07-02 17:25:19,2017-07-03 16:17:55,2017-07-24 18:06:42,2017-07-27,a7d2699048aaecdda67bc7ef7266acba,2017-07-02
1a74dcdf4a4d7bfd88e94110479fa484,93889d6b5f70ee521d064dfa7921052b,delivered,2017-06-27 20:12:32,2017-06-28 20:05:22,2017-07-04 12:04:27,2017-07-18 17:34:07,2017-07-31,a8a422700e28d21bc206e1bc7e821ab7,2017-06-27
4e40816dfae91a37e97704c0ef372ace,17f5a6e687b0a9ab5048b37d3a4cbc99,delivered,2017-10-04 14:28:01,2017-10-04 14:44:53,2017-10-05 19:28:51,2017-10-13 16:36:41,2017-11-01,206b70ce10f00f887282a1c562ac772d,2017-10-04
69a2e27fe34392681b7b5ab9c5aea437,5c7166c05e0f11daa658c0e853141ec8,delivered,2018-02-13 16:36:56,2018-02-13 16:48:01,2018-02-15 13:48:05,2018-02-16 22:09:00,2018-03-01,271d3cdd872021b1b6669ad93e8b856b,2018-02-13
35cce165fe029166f2ca5396ab15eb50,75055159a0ce31ccf3d251ef078371e8,delivered,2018-05-15 23:28:08,2018-05-15 23:35:21,2018-05-16 15:13:00,2018-05-24 18:55:29,2018-05-30,dc5f804a5a2d3cf62638e81185cb8d75,2018-05-15
19c52b120a24c6403bcd081593a2019c,b9912aa8cd0d13865d14978c8daa15b6,delivered,2017-05-17 13:40:36,2017-05-17 13:50:15,2017-05-18 13:38:57,2017-05-25 10:09:45,2017-06-07,840fad2e1607d3f426debe582c4e5586,2017-05-17
57c39a946fb5e8e626649f02732b7cd5,7aef7971cc6a797730406e9415041abd,delivered,2018-03-16 09:52:29,2018-03-16 10:24:53,2018-03-16 23:58:37,2018-04-03 22:42:58,2018-04-04,2f32f5ddea6f1e9440116370bb93b772,2018-03-16
e402e802747c8579d579310e0ec1ddc7,3419ff5a5c40c1a5197badd7f0751042,delivered,2017-10-10 12:13:48,2017-10-11 03:35:42,2017-10-11 15:52:02,2017-10-17 18:17:14,2017-11-10,eb68e3be1405c884053490873ac49a3d,2017-10-10
23e2c5b211e209606334c66afd07fe51,cbdafd2d712b8558733da4a0522cefe0,delivered,2017-11-27 16:37:35,2017-11-27 16:50:47,2017-11-29 20:04:52,2017-12-05 20:38:41,2017-12-19,329acecfbb84c6d62800e8ff775fffb2,2017-11-27
dc7bacef52434bbb170215d90c616a54,adcaea0e5307a0655aa9302836e89410,delivered,2018-05-22 08:35:42,2018-05-23 01:18:11,2018-05-23 14:37:00,2018-06-06 15:42:39,2018-06-07,d6f8af6630b16a063da05d85db65f833,2018-05-22
535f37a9d7b2631d608fded2c2991738,3ce6bb309d1def44d728e2f1b9cd4c6e,delivered,2018-04-06 09:35:07,2018-04-07 02:48:09,2018-04-10 18:42:18,2018-04-18 17:28:41,2018-05-09,dcbd8e9f8083a2c1545ff6083e493d99,2018-04-06
93148127b5171218691072991e78bdbc,ae8d66e811a5685e813d4fabe3b805a6,delivered,2017-05-29 09:39:57,2017-05-29 09:50:21,2017-06-02 14:59:57,2017-06-07 16:55:51,2017-06-19,7c67f115342d01560cd438fad6346a3c,2017-05-29
98d62868252c18a0fde796ab89c6e08d,29a8e7dc609b301eeb68e597e333f912,delivered,2017-03-06 15:52:24,2017-03-07 15:55:32,2017-03-14 07:54:00,2017-03-17 18:28:55,2017-03-23,2678e1c5ff986a33a21eb9014275eca5,2017-03-06
404a1674e5af404b38dc64387e9e6e58,21673a91810b66d39fe5d5661b8f0565,delivered,2018-05-10 13:06:53,2018-05-10 13:35:43,2018-05-11 13:43:00,2018-06-02 14:54:40,2018-06-14,5b25ae8519a2939d0c2089b648d3e6b0,2018-05-10
9acc2273b31b949190b1e828d326a926,1d1ab35efaaa5ca38a3b34695e63bf03,delivered,2018-07-23 23:56:17,2018-07-24 10:31:13,2018-07-25 14:32:00,2018-07-30 21:52:27,2018-08-09,624667f4f10c25937e9a538ecb466afa,2018-07-23
9c60d3456f97cb01163eb8a3f5690aaf,f2466a19138a60af2319a3693c6b2b9e,delivered,2018-05-08 19:18:57,2018-05-08 20:15:40,2018-05-10 09:16:00,2018-05-29 19:34:50,2018-06-01,32fd2eb152c94d2db5fdbbb78d6e0c50,2018-05-08
1e8d091c9694d77f712f6540b7b54186,27b22920b041f339fc2ee118c3597c8a,delivered,2018-08-20 17:11:55,2018-08-20 17:29:48,2018-08-21 13:53:00,2018-08-29 16:54:58,2018-09-06,6114b8aeda65706a7231e72094f8ac66,2018-08-20
5feda22f5993ff2f018a89e2caa8a336,3615ad4473507f4acd0c1511578b796d,delivered,2018-05-13 18:52:31,2018-05-13 19:12:34,2018-05-16 12:49:00,2018-05-21 22:51:45,2018-06-01,88be8a8891a2cf0f78ce99812d898c4c,2018-05-13
fd7d4eb658279656ec6fa1ff66620925,b83c6d5f769b0e788a6bbd435c6036aa,delivered,2018-06-22 21:19:34,2018-06-26 05:12:47,2018-06-27 06:23:00,2018-06-28 16:35:29,2018-07-05,7931b6975a45a213f1f1f7ab86d836a9,2018-06-22
b6d796dfb465b5a87da9b088c718ce2f,27e4e9e54add87b994001667ceb67802,delivered,2017-12-04 17:33:25,2017-12-04 18:30:29,2017-12-05 22:48:34,2018-01-10 19:53:07,2018-01-10,4184ad10db5291e0ecf30e411804d1a0,2017-12-04
c46f950813dd2dd9bab4188dceb83175,8c15169cec84935673c0356c2f151da4,delivered,2017-12-02 19:55:21,2017-12-02 20:16:07,2017-12-04 10:57:11,2017-12-07 14:22:39,2018-01-09,5113d06fbde1e82a393b527636c90b5f,2017-12-02
de2884aa8799702e8d242dc4029db3cc,d887148b2d2b9e3d51736103399c3227,delivered,2017-11-27 17:41:30,2017-11-29 02:20:01,2017-12-06 15:43:54,2017-12-08 19:02:50,2017-12-21,1e26c2df3ac9d9c4374c69c519133227,2017-11-27
0173932ad60ecb31c620fc523d9f40bd,7a24e4852c5145e3def732c1bf6da68f,delivered,2017-10-17 15:25:12,2017-10-17 15:35:19,2017-10-18 18:58:38,2017-10-25 18:53:40,2017-11-08,06e1d389f74c352f6e4e4c0436e1ffcb,2017-10-17
0df3ae9792cce9ed0f0c9b95be40b8ef,e7bcb58d36bc14e2c83b7dc650aa5350,delivered,2018-02-26 19:54:04,2018-02-26 20:09:35,2018-03-02 23:48:59,2018-03-20 11:56:55,2018-03-16,4485b198946c8055beb73921b88ad663,2018-02-26
9e685885967d3152a558f94a355e3b6f,0ed8828d80b836ae3d7e0877ddec19a4,delivered,2018-01-10 08:31:21,2018-01-10 10:31:54,2018-01-10 19:39:12,2018-01-16 15:42:49,2018-02-02,65a0897f78c70bef7c28f6e324ecd14b,2018-01-10
5e34d391098747231b726e35a9ef3e5f,fe8ab673369a385622558606f2c0e4d2,delivered,2017-11-20 20:52:34,2017-11-21 20:47:35,2017-11-22 21:48:27,2017-11-27 17:28:37,2017-12-08,70be06cb5569d9a52f8f4fc13068477c,2017-11-20
cf0fd312197c09391d0d85e878758e82,5476174c1792f07b6a7b766d0374d568,delivered,2018-08-01 13:03:00,2018-08-02 05:30:56,2018-08-03 15:05:00,2018-08-09 13:18:49,2018-08-09,7edfa2876fa97b99672bc1b31efab6be,2018-08-01
8c7375aeac2efc63f0754588cd9d29e4,e0612593a34175b3c0c89cac30fa35f3,delivered,2018-06-05 10:37:35,2018-06-05 14:32:05,2018-06-06 18:58:00,2018-06-07 22:41:09,2018-06-29,03c3fd5101315d9169376e91de6882b8,2018-06-05
67407884c43b844b22aa1a20de86130a,5c3818ff5cfaa25dd3469b02d9425ff9,delivered,2018-07-07 20:53:52,2018-07-07 21:05:35,2018-07-10 12:43:00,2018-07-12 20:58:39,2018-08-01,0065f7795a38381973a373c8b4939679,2018-07-07
9a69279cb759e9f04faa0813fdc145ba,802ef306f64b03626d4f32b411ff57cd,delivered,2017-03-15 12:56:04,2017-03-15 12:56:04,2017-03-16 09:30:52,2017-03-20 17:48:35,2017-04-12,87c53832fd2b0b1942b0662f6c5666d6,2017-03-15
22450223e273df456844f57a97288177,a519af63d759dfe5ef81ef3546f68035,delivered,2017-12-28 00:10:55,2017-12-28 00:18:26,2017-12-28 22:15:00,2018-01-09 17:50:06,2018-01-31,3ceb582dc344de277d7714a4a4691657,2017-12-28
e1618c8576ca46d8e460cd2219eb2750,d9f8b4df596e82db51bcdbd9fc7fe0d3,delivered,2018-08-24 14:26:53,2018-08-24 14:35:16,2018-08-27 13:03:00,2018-08-30 21:27:32,2018-09-05,6dfa7ab54f2b76b30f635565a163e347,2018-08-24
c6926f41a94f1069b4f549fdf98110e1,36edc1ad7d7ef3c71fa4add41f525c0d,delivered,2017-07-18 21:02:57,2017-07-18 21:15:21,2017-07-20 19:17:41,2017-07-21 20:46:35,2017-07-31,5907e16a863459899822582631831e47,2017-07-18
0feaee28abc2453bef40e3718f5c7392,5e957c82296e9ef12df4cb22d052db4a,delivered,2018-03-11 23:51:44,2018-03-13 00:28:19,2018-03-16 18:46:36,2018-05-25 16:03:24,2018-04-03,41c181facd54c753fc3f1d77b9b50002,2018-03-11
97909c8a1089d6b680b8d98b777961e5,3d88cdea2b2bd80a592c3104494b7f09,delivered,2017-06-06 22:05:30,2017-06-06 22:15:13,2017-06-07 15:28:02,2017-06-08 17:22:30,2017-06-20,9ffc5a06e5945533e234c4a94d53f284,2017-06-06
19f3e2705ab3512061949aef6f02b2e7,9ed476fb1f00d21bf5835b86ac24f623,delivered,2017-09-22 13:54:06,2017-09-22 14:29:34,2017-09-25 15:52:39,2017-10-03 18:16:11,2017-10-20,37b5ae93bb8e35c742a4bcd701395daa,2017-09-22
cf26282d538d870cf5e212b2f6c572b5,b9e6292e3e994ab7b830c74bcb35955d,delivered,2017-11-17 01:04:44,2017-11-17 01:15:27,2017-11-21 17:46:56,2017-11-22 18:03:49,2017-12-05,c96007405437e30085baca604fdb4d87,2017-11-17
07900b3f0c35328917b0bec1c06cd28b,698bb5b5dff4a9c3238958792999686d,delivered,2018-05-18 12:17:56,2018-05-18 13:05:45,2018-05-18 15:22:00,2018-06-05 15:36:30,2018-06-21,c922a5e2f2f7abdb0d70d6b9781be194,2018-05-18
eb278cfbeefc0a9180876153de58d693,e6b1fd31d830155d9a333978e90dd976,unavailable,2018-02-09 19:51:24,2018-02-09 20:08:04,,,2018-03-05,61657cd378eabeaa8ec89a448432357d,2018-02-09
720a99b74861e955a2766b3932297a8c,177b2983fe130cd5cbf3388da41291ba,delivered,2018-03-03 22:09:06,2018-03-03 22:48:15,2018-03-05 22:33:14,2018-03-15 21:22:30,2018-03-26,7003239b9c63035abded93028cb68d01,2018-03-03
549d28441c9e96e57fd63005f18b5ca0,7c25bdcff2dff279eb40aac4077490a7,delivered,2018-08-19 18:03:14,2018-08-20 12:35:25,2018-08-20 14:58:00,2018-08-27 16:11:47,2018-08-29,c6ff4cdc311f5ff1bfe1457530f6eb2a,2018-08-19
a1597cc7eca8c8d095e5de327444d9d0,e10996551bb1897b97c37e1f771e34af,delivered,2017-01-25 17:35:24,2017-01-26 06:55:26,2017-02-01 08:36:27,2017-02-13 18:28:51,2017-03-10,54d757624bc4f049bcf411dbfc5b832d,2017-01-25
f05e32e2cc67748c34a77da2ff68841c,fab1a643ad6f3da348860df58bf39a24,delivered,2017-12-21 16:11:33,2017-12-21 16:30:09,2017-12-26 19:08:54,2018-01-09 13:35:07,2018-01-29,334eee0094b36c6c06fa6461ed5cf9ae,2017-12-21
3515fac755456eb1f251c50808fb6b12,726f33062ffa7efc5fc96df23db6b3a9,delivered,2018-02-18 11:38:22,2018-02-18 12:46:45,2018-02-22 13:12:58,2018-03-07 19:42:29,2018-03-14,6ad4b83e739c43649684823adbd0725d,2018-02-18
66fbfbe9598df1bb7b5950b19e839697,d76a58f32a3cd7ddd6b1b301e6562263,delivered,2017-06-06 13:34:51,2017-06-06 13:45:48,2017-06-16 14:26:14,2017-06-27 12:22:25,2017-07-05,f561632522774ab728bb93f8f3ab5e61,2017-06-06
c4013cb5a6fe10b85e1483166d5ce1dc,c3e6321a98467a852949d20a69408381,shipped,2018-04-27 13:49:00,2018-04-28 03:11:13,2018-04-30 15:37:00,,2018-06-07,9506818e07268772ec0e1a53aad6dc31,2018-04-27
ee748540786ca7a510e0889be7ef88ca,c781fa3d6c98179000534f31d861c594,delivered,2018-01-10 22:19:01,2018-01-12 02:35:48,2018-01-13 02:49:58,2018-01-15 18:12:11,2018-01-24,de8b647f9e5db76b2cac2068f3fbfa65,2018-01-10
0a6e8d7b7db627f4863678eba2a98eef,2519d1ee05255f59ce3859c02dca3d6a,delivered,2018-07-11 20:39:58,2018-07-11 20:50:15,2018-07-13 14:03:00,2018-07-24 17:58:57,2018-08-01,703a07e11fbd3807575a6f25aac60e7e,2018-07-11
5b622911c1ded56d1c2795034bf78d3e,08021a5b0fd2fce83fd1f11b696b1b9a,delivered,2017-11-29 23:36:47,2017-12-01 23:33:29,2017-12-04 16:36:36,2018-01-06 05:36:42,2018-01-24,e82c14aaa06f6511fa17a775101df09c,2017-11-29
10fe810a22f64e933bcaa6fe6fccda13,4d878374bb178e7ea50dfeb9e269c7f5,delivered,2017-12-30 18:59:05,2017-12-30 19:07:21,2018-01-04 23:06:20,2018-01-11 21:03:36,2018-02-08,985e93167edfb07618a16a7b9c12c75b,2017-12-30
b0cc2434ee3727e682222a0f745a5948,1a00c0fbcc12796d898b5b4a368ea94a,delivered,2017-03-21 11:30:09,2017-03-21 11:30:09,2017-03-29 09:19:27,2017-04-03 14:05:33,2017-04-20,4c42f3f25481f5a560b1caa9dddec4d6,2017-03-21
a37a8212759ef9735b765a1f9ba37eb2,2d5f2b1f7d4c7fc279a33c274acfaf63,delivered,2018-02-22 16:26:25,2018-02-22 16:56:20,2018-02-23 23:28:01,2018-03-08 17:44:10,2018-03-20,0187e88f4c9b2e4c92e5d47ffa0e1da9,2018-02-22
be92e1caeb7ca0fd9ec8a0db83c1c7cc,d4152fba42ec38d004feb37890b6a300,delivered,2017-10-09 12:04:52,2017-10-09 12:14:18,2017-10-18 21:04:51,2017-10-23 17:58:57,2017-10-26,97208643a4c96c39567d84b224539c85,2017-10-09
0030d783f979fbc5981e75613b057344,84ddc138522822dfb51b603c2f466a18,delivered,2017-11-24 20:03:02,2017-11-24 23:13:38,2017-12-15 19:34:13,2018-01-06 00:25:43,2017-12-15,199888480790cc4f6135f3a3e11af83e,2017-11-24
8b858e2c5909378020968c6302ab8629,e97b9fe83b494b6069bff28d7dd39fcb,delivered,2018-01-21 18:26:38,2018-01-23 03:52:59,2018-01-23 22:49:35,2018-02-06 12:55:43,2018-02-23,251facf04547a85c5aa6cdf065b9b7a3,2018-01-21
cf18cc607f8e7571b9df511e66edb910,c00ee6d221cac6737732d51e285c8dec,delivered,2017-07-18 14:45:12,2017-07-19 14:50:25,2017-07-20 15:57:36,2017-07-26 20:27:27,2017-08-10,cffec81cb9d724a668bd94f0f9eb9381,2017-07-18
b63d14d5b4f36c400c5a897287b48a1e,51def764e5bbf0192ed1d8130cfce208,delivered,2018-07-27 16:36:49,2018-07-28 15:31:51,2018-07-31 09:02:00,2018-08-03 20:04:07,2018-08-29,18310cb961d1f20bbaf428b22dc0e92d,2018-07-27
e1eee861f6f4b4d256ba90262baea032,50b8b4cab929af86f74e888b73a460c7,delivered,2017-06-27 11:31:40,2017-06-27 12:30:54,2017-06-29 14:39:45,2017-07-05 17:04:00,2017-07-17,4753f8f5ccd47956ae9a4a0b8ba18cda,2017-06-27
1f70fc1e13f340ae54f6728d193a93c9,9a5454e86a7298afde79bdf9b879adb4,delivered,2018-05-10 13:54:33,2018-05-10 14:16:16,2018-05-11 13:15:00,2018-05-12 17:34:53,2018-05-18,053073b6421067098b28e561ef6755aa,2018-05-10
84c8463c1a2278e211ebf4472126d92a,4f5275b5b9a04f7db3aafd2b381726ac,delivered,2017-11-25 11:45:36,2017-11-25 11:54:26,2017-11-29 21:18:58,2017-12-13 21:13:37,2017-12-20,a05ddb8afbfd67e142076b9de5cacdaf,2017-11-25
585f3aa654c4d58eb968fc4fe6e3e92e,179d183ba83ebf3be4056b8b26d8dbea,delivered,2018-02-09 22:01:17,2018-02-09 22:15:29,2018-02-14 17:25:06,2018-02-26 21:14:04,2018-03-12,4d327136275e45e51a52ad8fc71ff733,2018-02-09
f087f83b6e2db9f35f412e6ce337a35f,b3eb9775cff9b90a79574e3a3b992d08,delivered,2018-02-25 16:18:55,2018-02-25 17:00:24,2018-02-27 14:19:13,2018-04-03 01:22:16,2018-03-21,1e30a6d2c624026cfe01a15a6d05e1cd,2018-02-25
0ad82b0c5d9f039a29814e465165a0da,3e2930de7e731ac3ed3a0b024aadbb69,delivered,2017-11-17 19:41:20,2017-11-17 20:26:50,2017-11-21 13:49:28,2017-11-27 22:42:22,2017-12-08,41cc5f6aa8c35f905d5ccab6db922369,2017-11-17
013b811ba81339b7634ab5231c547e6a,c75a1075cc4b47245da8ae972c8ac08e,delivered,2017-10-24 22:31:05,2017-10-24 22:49:21,2017-10-26 13:30:20,2017-11-01 22:35:46,2017-11-13,51c0a2b83d6b0d4fabe39990e43140c2,2017-10-24
40c85c3c87215ae5945521e74ef0cfca,a83dd443a28f836c84a3431c52a120e6,delivered,2018-02-05 16:30:28,2018-02-05 16:52:10,2018-02-08 18:58:34,2018-02-16 00:28:55,2018-03-02,830c4fabc12e6fecebe876391f445025,2018-02-05
4f4df0a17ade1a35eec2f9e2ea067af1,a440a578b23acd9e967fbe6f2b0551a9,delivered,2017-08-13 12:28:07,2017-08-13 12:45:11,2017-08-14 14:37:55,2017-08-15 22:29:29,2017-08-25,0a84687fd5636910dbeae957367899db,2017-08-13
5a559395babb637d7999a5716873d882,1646aedb99b12ae26f8e187a43486d48,delivered,2018-04-11 00:37:43,2018-04-11 00:50:47,2018-04-11 22:44:57,2018-04-18 14:05:04,2018-05-09,f8aa18c5e24bb1ec0304f4abc83a60dc,2018-04-11
40a81260704fba482a19cddbe37f3ca7,f7bb2bdedb9ab81a2024550cf078a763,shipped,2018-07-18 11:15:58,2018-07-18 11:30:19,2018-07-20 09:11:00,,2018-08-08,b942b04d22a3b079cc23740c7eac1c1b,2018-07-18
cc0ef7be3ac8e4f2887c5ea6dc590e41,cbd213f7fbd9c88b1803ddbf7dc95884,delivered,2018-03-08 16:01:39,2018-03-09 09:05:36,2018-04-04 22:21:47,2018-05-02 22:44:51,2018-04-04,a619704eb3336c3877563a8e2eb5e3fc,2018-03-08
7e3f69cdc2ab690d9dee7578acea593d,60920c1afcd23c82477411c6d121225e,delivered,2018-04-03 09:51:12,2018-04-04 03:29:31,2018-04-04 19:22:45,2018-04-10 19:52:46,2018-05-04,33c08b72a9691dfc06de8ca45e8d64ce,2018-04-03
839f89fab4eb89995bd044ad7e366473,bb875551873fce53a11ae027c51311ec,delivered,2017-08-15 23:50:39,2017-08-16 01:50:11,2017-08-22 21:25:34,2017-08-30 20:33:07,2017-09-12,7cd931d3566a9c43e15d5e6ce9ff5759,2017-08-15
541a17edc9f2346ca1757f05f5450b4b,56709d22278c827e63faeb5c22340e27,delivered,2017-11-14 22:45:04,2017-11-14 22:55:40,2017-11-17 12:51:48,2017-11-26 20:28:55,2017-12-05,39458d3ddd7e7e16873a3caf7aa4e5af,2017-11-14
fc373604aed2464ded6a10235309ed93,a22cc44a0d2b4126cdb3d7b55f9cd22d,delivered,2017-12-12 18:19:22,2017-12-12 18:31:26,2017-12-13 16:19:04,2017-12-26 19:42:53,2018-01-05,a1044dd75b74fbc485b040575a14acf0,2017-12-12
f0eadb6ba0382197c2f94afe7d95e60e,0dd5d941a331650044ad8eb21a441fc2,unavailable,2017-11-24 21:03:55,2017-11-27 14:30:52,,,2017-12-29,ad5673e29ae7f151eb694d922b0da3e8,2017-11-24
f36c9459416259961f2abc4fb50b67ac,4c1b8930f360b3998f1082a25c99613b,delivered,2018-05-02 17:58:38,2018-05-02 18:33:26,2018-05-03 12:14:00,2018-05-07 23:08:35,2018-05-21,c2ce9cd6e32c21db0bf45ec6f0c63d37,2018-05-02
63df4a3d0425e3dbe076e565dccb76b0,12910c76835edd99b9a08017779dcf22,delivered,2017-08-18 14:50:20,2017-08-19 02:15:35,2017-09-04 22:45:02,2017-09-12 23:12:25,2017-09-26,9ab9cc37bfd00ae7adc38dbe343e0dc5,2017-08-18
a217f4efd7ecdbcd9db88791945859cc,0c03bb1318921424fbd501cf9072bf89,invoiced,2018-03-16 11:08:52,2018-03-16 11:29:30,,,2018-04-05,fe4a1cf1ccfff5726ea94d79f2ef51ae,2018-03-16
f9050f8d4d975877c7acefa717d2de8f,2462b801e05cc4beeff2e787b86fd819,delivered,2017-06-28 10:36:07,2017-06-28 10:50:08,2017-06-29 14:32:17,2017-07-07 21:05:22,2017-07-18,d06913007c5165b2ebdba85faf599b4c,2017-06-28
1807cc736321f14baa58ef39cf6e5989,381aee1e9f4b0395a780330fab335b03,delivered,2017-08-17 22:43:15,2017-08-17 23:45:06,2017-08-21 21:22:24,2017-08-24 01:21:21,2017-08-30,f822326a71e929f4d905a15676a5cb48,2017-08-17
7d62309ce7160a95af5b22f91e039c75,3fdde9457a17527537b064818b4c0169,delivered,2017-09-14 16:29:22,2017-09-14 16:45:39,2017-09-15 20:22:21,2017-09-25 20:42:00,2017-10-04,a859c8884a22c3c58cf229abd2a4d2f3,2017-09-14
2421e957dc390d2f987c986a1683a757,36892517070349e99d010b1acd25cf4e,delivered,2018-08-09 11:51:05,2018-08-09 14:26:22,2018-08-10 14:26:00,2018-08-17 15:29:25,2018-08-28,d9182344e9315a87d1ba3b291029c8ab,2018-08-09
17c059796a89b5b4c53113de933500c1,044d7def82c6fd78156eb55c3135edef,delivered,2017-03-18 22:02:18,2017-03-18 22:02:18,2017-03-21 14:23:19,2017-03-28 12:36:49,2017-04-24,f90464a575ad5f7e13368ba1347e384c,2017-03-18
cc2fee6fdd396d082f0467bb35b456ed,eecf234d5f78bbe609c2144a28f4088c,delivered,2017-11-24 11:31:04,2017-11-24 13:33:21,2017-11-28 20:36:55,2017-12-13 23:23:16,2017-12-15,aebefd2d765960adf3e077b6345a455d,2017-11-24
2d83d958baea20397308a058ed0bc186,944c08e1d35737251301d54e71098428,delivered,2018-06-21 21:49:31,2018-06-21 22:17:55,2018-06-26 14:19:00,2018-06-27 14:29:20,2018-07-04,64f41e15d511b914b042b4cf0e910e91,2018-06-21
7c433051dfca2ce91591ddaeb96b414d,832267e2a4c4c2c6cd29497d19ed7f2f,delivered,2017-07-06 18:33:39,2017-07-08 03:25:39,2017-07-10 11:42:43,2017-07-21 13:23:44,2017-08-07,c3c572a82a1947f2ca3d2f9c2866ce37,2017-07-06
fe716cfce373a25b4ceadf7e5d410b0c,6a156870c25beee81fa1374d048c5055,delivered,2018-03-25 00:06:05,2018-03-26 09:55:29,2018-04-03 19:41:30,2018-04-24 17:21:07,2018-04-17,d82567c42d050f27bd9375a0ea723856,2018-03-25
068e67bb959e282e8d5a3191c5e130ab,03a94d235a422b784953fdbad346162e,delivered,2017-06-03 23:20:59,2017-06-03 23:30:14,2017-06-05 08:52:22,2017-06-14 05:08:07,2017-06-28,e25df38472e1e2667661c6f3acd9dbc0,2017-06-03
e86b1b2dd48839d7351406434afb578d,935993f47af1ed7d0715c26b686341c5,delivered,2017-11-25 00:31:20,2017-11-25 02:33:11,2017-11-27 18:24:54,2017-12-04 21:13:10,2017-12-20,4452b8ef472646c4cc042cb31a291f3b,2017-11-25
20400ea65a0eadb957f1fe55f3e1756a,45e75c3c2302fabe0bd490f7f350bb57,delivered,2018-04-12 14:31:15,2018-04-13 12:50:22,2018-04-13 23:18:35,2018-04-19 21:10:57,2018-04-30,f30d87665f2b59543a06092e03430a0f,2018-04-12
8d47ca771c5f1f48f545ecf4a7c85f82,fc056cb6f79dbf7ab1e6ea6ef66f7837,delivered,2017-08-08 21:12:42,2017-08-08 21:25:20,2017-08-11 18:32:28,2017-08-22 20:06:54,2017-09-01,2d88f41123c35ee8ce8dadc83bbd8650,2017-08-08
b6e1870851fc18da0ef1cafe7b7360c1,7ec4a5cfdf2614eac98521fa08afbfc4,delivered,2018-08-03 18:21:50,2018-08-03 18:35:08,2018-08-06 14:07:00,2018-08-09 14:32:59,2018-08-13,105386e05405db999b39121700b6be71,2018-08-03
b0cfee6ce5503781be6004e0e31e4309,9e18a290b9d17b14fe33b68a0ea2bfeb,delivered,2016-10-04 18:07:24,2016-10-06 15:43:50,2016-11-21 09:33:44,2016-11-29 15:23:44,2016-11-28,3c752a5f42170574e38358384ece8819,2016-10-04
e880a2a0f19dcb0f2ef51fed71ef34c9,5ca0847591cdad1a279fd89aa4e58e04,delivered,2018-03-29 01:10:03,2018-03-29 01:28:02,2018-03-30 00:12:07,2018-04-24 19:17:22,2018-05-04,7f61eced85edf4c04ed04e441ba02cae,2018-03-29
679d507dacd35ecf587d994177d06871,e0e2f8203a600f8cfe34a5e04dc36e9f,delivered,2017-03-01 20:57:25,2017-03-01 21:05:22,2017-03-03 11:35:54,2017-03-07 14:52:47,2017-03-20,2dc7f51f05ba1b1a92608e45e55d1fe1,2017-03-01
2cac7fc55f916e66710cb9db3fec5d56,1b348935b102ffd1e372f8754a6f20aa,delivered,2018-02-13 14:34:17,2018-02-13 15:07:52,2018-02-15 19:03:37,2018-02-19 20:32:50,2018-03-06,678c7cf33c88babf7648252630b50b87,2018-02-13
01e51b7c3025655646143d09b911e1d7,1441fb0aa631b791bcb461e549d7b7ce,delivered,2018-01-14 09:41:25,2018-01-14 09:50:29,2018-01-15 23:52:32,2018-01-31 19:52:50,2018-02-06,ed70ee444e63fcf427bb3601d89b4057,2018-01-14
b25df6caf94e05493b149caf63473f1a,10379b9c45fdd660f505c19bb5bb87d8,delivered,2018-01-19 13:37:50,2018-01-19 13:53:57,2018-01-19 23:18:59,2018-01-24 22:07:59,2018-02-09,9ec85a417088c66f964cb3832cebc365,2018-01-19
ba78997921bbcdc1373bb41e913ab953,7a5d8efaaa1081f800628c30d2b0728f,delivered,2017-12-06 12:04:06,2017-12-06 12:13:20,2017-12-07 20:28:28,2017-12-21 01:35:51,2018-01-04,87695ed086ebd36f20404c82d20fca87,2017-12-06
6bc824157c599390bc2e129920bda169,5c3aa55394c788b6669d49695e37776b,delivered,2018-07-19 21:02:21,2018-07-19 21:15:11,2018-07-20 10:23:00,2018-07-26 15:48:51,2018-08-08,9435bf9cb949594e48029575dfa3461b,2018-07-19
caaddbb1afdea8bd329d4a63dda44f7f,e6b134d384d1485e6fab267679cee3fa,delivered,2018-01-04 22:33:57,2018-01-04 22:48:21,2018-01-09 17:33:57,2018-01-22 23:32:49,2018-01-30,b17a9fa1baa86e829acb7850c1c0fb61,2018-01-04
ae2b8a343037817d18f1aa252696f08f,bd21daf97509b971af130a009b9d034e,delivered,2017-10-12 21:45:28,2017-10-12 21:56:19,2017-10-13 23:43:56,2017-10-20 00:03:07,2017-10-31,b37ca39b389d1b2cf6d5f70beaa0f399,2017-10-12
c9359e6f27fbe7d1397c40031341540c,2cda6ebc70f0a9119ac4b8dcee2fa730,delivered,2018-08-04 21:34:50,2018-08-04 21:45:12,2018-08-06 14:50:00,2018-08-08 17:25:32,2018-08-16,cdba925154e66b0ba42ca157d5e97688,2018-08-04
a6514c8d02080f557f4f5ebd3b1461a6,5a1e7189a48abe6237615c19e635f9d9,delivered,2017-12-06 22:24:39,2017-12-06 22:33:25,2017-12-22 18:28:33,2018-01-29 21:54:12,2018-01-22,4379d1f286a025b1d148b68aa0271ead,2017-12-06
6f6141eab1bb4e6c11c31e631b60443a,febcc7d507ddd2a2c36e35338d6d5d35,delivered,2018-07-29 17:15:10,2018-07-30 18:31:25,2018-07-31 11:25:00,2018-08-06 19:48:30,2018-08-29,e41c51c28b4854979a6d8eab7ad44e2f,2018-07-29
20c9d2f6600c9b7f73d9d5f5c6314c06,c798dfd69dc7b34d216960c82fcb6771,delivered,2017-12-09 17:09:06,2017-12-12 03:58:27,2017-12-15 17:07:39,2017-12-27 18:09:46,2018-01-12,97bd2bc9997d37e478c0c0eeea76502f,2017-12-09
3f2169b11962eea86fc1eb73ddd46297,a83c38b88992df4389575e3cb17e7df5,delivered,2018-04-27 09:53:21,2018-04-27 10:12:22,2018-04-27 15:15:00,2018-04-30 17:32:34,2018-05-16,fdd9701849698c48abf5e305013e077a,2018-04-27
3f5d83fd2c551b9eeac583644c97ad09,1e0237f70c24e0232e8b7e0e12953a36,canceled,2018-04-13 10:52:21,2018-04-14 10:50:52,,,2018-04-25,eabc11b13c417e562cc6373e49436272,2018-04-13
c051db846130791230b85293e902d3a9,adcc6780f3c2d3e68129a5ce6f3a41d3,delivered,2017-07-26 15:28:15,2017-07-26 15:43:16,2017-07-27 19:29:39,2017-08-11 15:56:40,2017-08-22,464fd29443a84068efaf8ca00678f966,2017-07-26
bcd050a34214fa492826f945e3425650,b70f1d9626c60f9f1dd1e0ecf94c7c13,shipped,2017-12-06 22:28:19,2017-12-06 22:35:23,2017-12-08 21:59:43,,2018-01-03,47ec2515e045f76685d8681870014a5d,2017-12-06
d13f0023cb08bf6e41a2479ca897f64c,c0dcfd2700b2e97ff3cb6534b72e7bfb,delivered,2018-03-14 20:26:26,2018-03-14 20:35:27,2018-03-15 16:42:16,2018-04-23 16:36:47,2018-04-11,4c23b91b0edcf82b1c9a5ede94ca3536,2018-03-14
d01c0baa4630bdd8a5d0266931837209,5be96cc643f055c5ec688661898ff816,delivered,2017-01-27 13:32:58,2017-01-27 14:31:48,2017-01-31 10:51:49,2017-02-04 09:23:37,2017-03-14,c293bfd1d0d3bca4b541fbfeb93d4d96,2017-01-27
2ed5305b914f9e070f396f7d29287aff,193e26ffef1e5ee3eb6d20a0b21bbc96,delivered,2018-08-18 13:46:39,2018-08-18 14:09:18,2018-08-27 14:23:00,2018-08-30 20:07:49,2018-09-05,f52a2716bb4d8330e7123e21113841fa,2018-08-18
3c8c12fed1b69b5f25e8cd9969113472,615b9a669ab79133f57c8e3691b74e06,delivered,2018-06-15 11:41:31,2018-06-16 11:38:00,2018-06-18 14:08:00,2018-06-25 23:44:32,2018-07-12,0d3d43563fe92330212a73663452e4ae,2018-06-15
2ee9f38d1a90756204f9428337b66444,7e2d1c5c7664e386e0ab4166f94e8595,delivered,2018-08-20 12:31:53,2018-08-20 15:36:05,2018-08-21 15:09:00,2018-08-22 19:32:31,2018-08-24,4373db0b13cd7a66fe5216287dd689ce,2018-08-20
c869fcc34b45cb0760e16d153f9023f3,084f54304c4a42cb5df4fd9eb5ac2853,delivered,2017-04-11 20:05:18,2017-04-11 20:22:38,2017-04-12 12:57:29,2017-04-18 00:08:23,2017-05-03,387937e8013de5e3f422741b4e3b4e01,2017-04-11
e55eeb63fceeb994b091e9a38be6d0ad,1907c0d44e041b6b9bf19a1021bcc34a,delivered,2017-10-11 17:31:10,2017-10-11 17:46:33,2017-10-17 21:28:40,2017-10-24 21:06:55,2017-11-01,85314bb851cc8c29e73fd778f3c825c8,2017-10-11
d5cda33c87a415a696188f2f71799fe0,d76c3f3e2e4eb5ec6f9a6a7029a3b8ea,delivered,2018-06-22 16:59:06,2018-06-22 18:16:05,2018-06-29 14:12:00,2018-07-05 17:32:59,2018-07-23,97b0593c86ad8a1448022246b5160540,2018-06-22
421965457f0703d25ba727b4d31a1ad3,e8bc2481bc34c782733e3fd5fb60a06c,delivered,2018-02-25 08:43:55,2018-02-26 08:48:36,2018-02-26 19:42:36,2018-03-03 13:51:49,2018-03-16,086554c2482d2c5386c24c16a5be7108,2018-02-25
80142d53ffe141ecc527706ca520ec49,f8adf4020474a08e2d15151324999e36,delivered,2018-03-16 20:09:31,2018-03-16 20:28:10,2018-03-28 19:12:56,2018-03-29 11:18:53,2018-04-13,45f418d424cb65a619c35f72cc82f8bf,2018-03-16
c644b3f8e84a3426f0a99bbfb04a3e73,f6fb4ed5f9a3a545a5203054679bf2c6,delivered,2017-05-18 18:23:26,2017-05-18 18:35:15,2017-05-19 15:18:12,2017-05-23 13:19:33,2017-06-14,c95ec87a7dc2647f779aed4452ccf819,2017-05-18
35f4b9d2da608b31899564a51dbabd35,04b07985c482f53e0fe418d05e56fea1,delivered,2017-12-26 09:49:11,2017-12-26 10:06:22,2018-01-11 23:49:29,2018-01-24 00:33:55,2018-01-26,5abbec458aade1a257d4e7e10a84d351,2017-12-26
fc37fc97974eb26b3d77d89d6c9c5f6a,6d316dd3c989edaf44c59362ff290a73,delivered,2017-08-28 17:51:44,2017-08-28 18:04:45,2017-08-29 21:14:00,2017-09-04 19:33:58,2017-09-14,6b7b49faa7feb7c082a9498c2bb5f682,2017-08-28
7015505fc7302da88c0e9c58e8c3262e,1b354261005ab5f5ff92c38c656c68a8,delivered,2018-05-11 16:43:49,2018-05-12 16:50:35,2018-05-14 14:35:00,2018-05-18 18:13:53,2018-05-25,b43b320680e738c94f4692799dad0d92,2018-05-11
05d579e3abe4a2d25c8feca9f7a685d8,59fd56a451437919bf2ea954a6baca5c,delivered,2018-02-08 23:50:57,2018-02-09 00:48:17,2018-02-17 03:12:47,2018-02-17 10:28:36,2018-03-05,94c37e11aff6de2affb896a98fe3f98e,2018-02-08
12bbc0dc31b5644e4cb803879306f081,9f6344a8a6d567f84f9ed02120214e3d,delivered,2018-06-09 11:42:44,2018-06-12 05:16:31,2018-06-12 10:35:00,2018-06-20 18:58:48,2018-06-28,066b01c374d8622b0b4882e2063bc91e,2018-06-09
2c2a6805300ebc04837ff33a647a7938,249188f806d10160f9874afb8ec5ed50,delivered,2017-07-08 17:21:10,2017-07-08 17:35:18,2017-07-10 19:52:33,2017-07-21 13:34:29,2017-08-09,7d30156f38eed8e773ba69587238e683,2017-07-08
7f2810de522b451a990407ada69ff9d0,05a4b790359862d814b2f6d69e4e9f9f,delivered,2017-11-23 15:00:28,2017-11-23 15:10:58,2017-11-24 18:22:17,2017-11-30 17:56:42,2017-12-15,8f5784632f328f341d2cb58cb2c5f933,2017-11-23
92d4e6d2be7474212f889b8d9f3a7673,4028a5f542cb9fe29c4d43fc38ed1e6d,delivered,2018-03-10 18:18:57,2018-03-10 18:35:24,2018-03-13 19:44:30,2018-03-21 23:20:49,2018-04-11,c9759f28cbd5e36b7323debd40ff7bf6,2018-03-10
1c03149670e997c92432fe942dfd842e,b5c2240b39a2731614276fcd9e2e5019,delivered,2018-03-25 20:25:28,2018-03-25 20:48:23,2018-03-27 19:08:37,2018-03-29 21:38:52,2018-04-06,e148bc167fcb4ad0b71635bbda5dbc2d,2018-03-25
f55550ceb7e4387a3fc606d19e6461b5,05486eac340ae6a8f4837c6ab027d5ed,delivered,2018-04-24 19:08:16,2018-04-24 19:29:20,2018-04-25 14:47:00,2018-04-26 21:54:36,2018-05-11,742cd859b972c6c17ec43070d8c3078c,2018-04-24
2e43aadcfcd100bf85414cc4a0b6f3af,adedebc7473e858ba05c37a117462f71,delivered,2017-12-07 22:17:58,2017-12-07 23:30:26,2017-12-08 20:38:46,2017-12-13 16:29:04,2018-01-10,868f7efaf5388ab283d52013132ee171,2017-12-07
d25068e796c4ee9a78ed71bccf4a6a56,2612be836e978b99fb1d03e3337cc5c4,delivered,2018-02-11 19:36:30,2018-02-11 19:50:30,2018-02-15 20:53:04,2018-02-22 00:45:44,2018-03-06,a7338edd040f20301d7a886355db3ead,2018-02-11
de6a26eab8b3a87c4d4ec2e2a8c2495e,5e5df9027ff599d21d2a72c0b225b6fd,delivered,2018-06-10 21:22:22,2018-06-10 21:37:19,2018-06-11 15:07:00,2018-06-15 17:56:20,2018-06-28,1985828926fd59c8666d67ba9de8ed5d,2018-06-10
48c3b4aae43bbf8e6929c347112cba89,a0b18a6c911337a10d916e5febdbe40b,delivered,2017-11-24 18:02:46,2017-11-24 21:16:27,2017-12-09 00:09:19,2017-12-14 11:42:41,2017-12-15,152663d70e4be4581a920ddd1c7c6aac,2017-11-24
dda50b827d23598558e8d9df7a56c3e7,1a6f1dbfd20aece653f3adb896353111,delivered,2017-12-16 12:14:09,2017-12-16 12:30:47,2017-12-18 17:57:13,2018-01-03 20:38:55,2018-01-22,2e3db961bc8dc6f9a83c657e5439de28,2017-12-16
27a67bd7466cbdf5af5708129e2ca7e5,4c756f2c4da833ba391a526d128e1fbf,delivered,2018-07-26 12:43:09,2018-07-26 12:55:25,2018-07-27 12:39:00,2018-08-02 17:42:12,2018-08-24,707464f6fc1bb8238162a2ed443d226a,2018-07-26
8382255ca7fdc3ec278ab4c83aef9122,61375a3b2e9b6df142bef5986b176e2a,delivered,2018-01-09 14:08:45,2018-01-09 14:29:37,2018-01-10 23:23:58,2018-01-18 19:26:58,2018-01-30,bcf93ec8143c2c7829ade1a365360838,2018-01-09
f7a4e1c2017112249debd47b25a811a1,83e1c85ed2cb9893ad0cd7e5bcea2461,delivered,2017-11-02 12:07:58,2017-11-02 12:25:55,2017-11-03 21:00:04,2017-11-07 21:56:42,2017-11-24,6c9c4be72fee6872d9af6242374dcb66,2017-11-02
3f484d19ccfa27aa339fac5775361ac9,a999fb2aea12464405c4f4d780ec2460,delivered,2018-05-06 15:17:31,2018-05-08 04:55:27,2018-05-08 14:12:00,2018-05-12 18:03:16,2018-06-04,f716ff57f3894b7a3dc554eeca7b569e,2018-05-06
ab668aaea7f0e48e485474b11f44c582,52584132eae2a44eb993f99d1de4e6b5,delivered,2018-06-18 14:53:05,2018-06-18 15:17:03,2018-06-22 16:27:00,2018-06-30 11:41:59,2018-07-03,5a21593a8230174cc8029232cd7daeab,2018-06-18
e4803f41016244f8ce3dca5bb8b37aee,66656623e2544c18fd829b45438f3404,delivered,2017-10-17 09:46:04,2017-10-17 09:56:24,2017-10-27 22:24:41,2017-11-06 18:22:15,2017-11-16,9c2a264534092abee3c218804b3a2061,2017-10-17
fddbb434bce33723969c0d1950649dbd,15aa00d0e958881f93b3cbd18eeee820,delivered,2018-04-24 23:17:50,2018-04-24 23:30:21,2018-04-25 11:45:00,2018-04-26 18:26:49,2018-05-08,2e7a4f041b8e0880988ef4bd95cbc183,2018-04-24
e21124ab31068ff2d96510278646010d,1574c920aca2273ed1f13f060bb93e19,delivered,2017-07-08 16:34:52,2017-07-09 06:43:04,2017-07-11 19:33:55,2017-07-18 18:35:47,2017-08-01,0ee46c6eaf5a0a46aecad04306ae65e2,2017-07-08
67be6410d453784501c125d4f0ecb741,3ace417f46e2feb1f83c8e8ee4186547,delivered,2018-07-14 18:19:56,2018-07-14 18:30:19,2018-07-16 16:20:00,2018-07-20 20:21:55,2018-08-10,08f334e84bc7ab7b588cb7fc77dd7f4a,2018-07-14
ffd6f465cab015b452d398ac1f5d978a,0b5f60cff1a206e0bc33c120b8db0335,delivered,2018-04-23 19:33:08,2018-04-24 17:28:54,2018-04-25 14:07:00,2018-05-03 20:52:40,2018-05-29,57739105dd34b4fa8b3c1974c0af2b38,2018-04-23
cda2c731fd39437d135fe728fadd2c52,e83ceb64f743ada930f35b717aadf2eb,delivered,2018-08-24 09:26:31,2018-08-24 09:44:23,2018-08-24 14:14:00,2018-08-30 18:09:46,2018-09-24,5a922e13e58eb78ae93110685d14700f,2018-08-24
31f8013402a0749b3ab433b1aee11754,27d17a6fd27ee999a02cd9b9d04c0ee8,delivered,2018-08-14 21:20:19,2018-08-16 03:25:31,2018-08-16 14:43:00,2018-08-21 01:03:35,2018-08-27,972181580a78cb0d90f4286d5a92e5eb,2018-08-14
6b8a03d40f75b75ec65ed5ba13d80f95,72a4878a79935a45e5acec3b541af15a,delivered,2017-10-24 22:40:56,2017-10-24 22:56:26,2017-10-25 21:23:45,2017-11-09 18:17:20,2017-12-11,7a44821edf14b2b2ef3ffb2c6e837e5b,2017-10-24
4620d9ef6b668ab50248cec23ba52f89,308800cb1d6dd4e3d0a89f43d8fa44c7,delivered,2018-04-24 16:02:14,2018-04-24 19:19:17,2018-04-25 13:54:00,2018-04-30 16:58:43,2018-05-21,797c63d3c9502e7f4fbd1e01f26ddd36,2018-04-24
7b0e8a1996764645b732cc1916a504c6,76306af3efc88f9d066b361e6597ec0a,delivered,2018-02-22 16:04:32,2018-02-24 02:48:33,2018-02-27 19:33:01,2018-03-01 21:38:14,2018-03-16,9bb78e191a6a14d221a6e4ce099739ee,2018-02-22
ff6ae1548ceeb3aabebe8025b622bb3e,c599f51fb055673d2cc9ae78bf6c9603,delivered,2017-10-30 12:59:40,2017-10-31 04:26:41,2017-10-31 16:58:06,2017-11-07 21:22:00,2017-11-17,8e8f114d62f0b2f7bbf328666a504d61,2017-10-30
40c6a42661f5f364a97085bcdc278a55,2957940ed87c8ba87e039df44399528a,delivered,2017-04-26 13:35:41,2017-04-26 13:45:14,2017-04-27 09:11:28,2017-05-09 15:07:12,2017-05-17,8b3516a013ba3625ea393182970589aa,2017-04-26
8e27644b3fd57af86b8b8367cea289c6,763b5e1491aef5d315a7aedefe8d6a0e,delivered,2018-06-05 09:42:14,2018-06-05 09:51:38,2018-06-05 15:11:00,2018-06-12 14:48:53,2018-07-11,867515077bce69bc586bc875003d5541,2018-06-05
dc5288fd98f63b9a6162fecb9e96937d,61cfea5e527a1303643af2ee780731a8,delivered,2017-10-29 13:36:09,2017-10-29 14:05:58,2017-10-31 18:25:48,2017-11-06 16:36:32,2017-11-29,f9739394ba1f9417dfdac702e30f4b44,2017-10-29
1462351d309cbd208cb0013abb4611e6,dfbec71a2ff7277373b315694f9ddec6,delivered,2018-01-15 20:36:17,2018-01-15 21:31:51,2018-01-19 18:32:17,2018-01-23 17:57:41,2018-02-08,dde8bb95a6dca73524c2ac6eb54e217e,2018-01-15
10482cea058f80e06b62b933eba72928,c535ef31f19453feff718c929e078f8e,delivered,2018-02-28 19:27:37,2018-03-01 15:35:35,2018-03-08 20:41:33,2018-03-20 19:29:46,2018-03-22,849054e71c87e73d4a423d66880c6d61,2018-02-28
6e9f8d6156d8c37f0e0e6351908de639,3f7029d9b98a47370cd5f3a97adcbccd,delivered,2018-03-28 12:28:04,2018-03-28 12:47:35,2018-03-29 19:19:06,2018-04-10 13:40:54,2018-04-16,5894d202cc869b4ec460fce3c6ed8cb5,2018-03-28
ab19f79cb894bf44994c117dd2ad3413,25507ffddd7bb9ae0722ccdbbbc2c209,delivered,2018-05-07 17:34:47,2018-05-08 17:35:19,2018-05-09 15:04:00,2018-05-18 18:46:44,2018-05-30,4d3c28b4e8d4204cb6e718d8de255712,2018-05-07
c516d2f709c6364f4972d91c96569568,921722b60f0a185999aa5d72adaf09dc,delivered,2018-07-25 20:47:33,2018-07-27 02:05:20,2018-07-31 15:17:00,2018-08-08 15:03:45,2018-08-17,6b2135fcabed65970ffcf4421ab5696a,2018-07-25
b142695409c8bbe4749969c0a697148e,b700c01a9332f15903c399e187ff534b,delivered,2018-06-01 14:09:53,2018-06-02 03:15:19,2018-06-04 14:14:00,2018-06-13 20:51:05,2018-07-23,887f919e43725167335490acd43b5bf5,2018-06-01
fcd82be3d717a53a9227f19ba3dfe2bb,b689710e169ec513fa166b92045f580f,delivered,2018-06-21 16:28:08,2018-06-21 18:20:54,2018-06-22 13:30:00,2018-07-03 02:18:30,2018-07-19,97f9e8ae9eb0d4ef5dd7c2513f7598ec,2018-06-21
5c2b38dc10cf46a3224f46dba893d26a,2d9d650ab42cedd47f35ce7a7e59a75a,delivered,2018-01-22 09:02:39,2018-01-22 14:13:26,2018-01-23 20:58:39,2018-01-31 13:45:23,2018-02-06,bb5f90cb9fe4e14ba4fa8ede8fdf7e29,2018-01-22
e1d4659c4e03e66db764ac804aaf19f8,d5c50a4808a9de6a4fba919bdb8af8c0,delivered,2018-02-15 22:28:20,2018-02-16 14:31:17,2018-02-16 19:46:59,2018-03-13 12:38:41,2018-03-14,34245288901ec24fa30108422b40a2a4,2018-02-15
903886b8e51bd659e2826a72c3eb5c5d,375294729b1e449f98d072de7869002b,delivered,2018-07-30 18:41:35,2018-07-30 20:00:22,2018-07-31 13:08:00,2018-08-07 16:48:47,2018-08-24,bcb1ba6dbec192171cb200325ebfd7d2,2018-07-30
89d89c06d4e340f4aab76ee09311062e,b546b6395b62a37f63ad6f6e4aaa420e,delivered,2018-04-22 08:29:09,2018-04-24 18:05:50,2018-04-23 21:11:27,2018-05-02 23:50:41,2018-05-18,734cc3d2bbd3cafb6f0e9f9cec220c8e,2018-04-22
56e857607d894b7e1d6bfca0b5ebb9e8,08758f46a8ee56f3b1b4c5b73c90c6e3,delivered,2017-07-14 19:16:37,2017-07-14 20:00:10,2017-07-17 20:37:33,2017-07-27 20:36:46,2017-08-17,580e86cc6d0c8eafede3d6f2fa4bf9ab,2017-07-14
69a67f0ee0c09223e7bbd96233f1d322,a0de00f997c23245884810fb48462b67,delivered,2018-06-17 16:09:40,2018-06-17 16:32:20,2018-06-18 14:27:00,2018-06-22 17:51:19,2018-07-05,d3b1ea21e85de5679eb875b8a3a9dd4c,2018-06-17
9632facd8bd95315d63a23bf616d85b0,7e395b4bf53aea8c56b1213f1b801411,delivered,2018-01-14 12:31:15,2018-01-14 12:39:24,2018-01-15 21:56:33,2018-01-19 22:39:01,2018-02-07,f7495a8d48d05ca657eb075b905a1b8b,2018-01-14
fcdc3e0003ba241c9a56bcdc32590c38,8b6af4aa3d7e95622bb718a5fdc72019,delivered,2017-12-02 21:43:51,2017-12-05 10:31:01,2017-12-06 18:33:04,2017-12-11 22:51:23,2017-12-20,f601dac3f9108158f75cb1418af5a5a9,2017-12-02
7b8adf17d100cd7c851eff1f6496083a,893aaa512b586b2f2c106ef02ebc0d5a,delivered,2017-11-09 09:33:15,2017-11-09 09:50:19,2017-11-10 00:14:31,2017-11-16 23:27:40,2017-11-29,9981513022a8761127f65c03c1d9d5f7,2017-11-09
ed310045af9a0250f61f7da342d996b9,a5101092ea733653d877ef1a60d07718,delivered,2018-06-10 21:29:56,2018-06-10 21:51:42,2018-06-11 15:28:00,2018-06-20 19:02:45,2018-07-04,46b3daf147575988a0970e91e9e8f9cf,2018-06-10
726a67ad063495177a87c3958017c32e,790f3750b9619d5eaac692a81cb655d1,delivered,2018-08-21 18:09:40,2018-08-21 18:30:42,2018-08-22 13:01:00,2018-08-27 23:08:37,2018-09-05,a82abce9885f53dc78aba0f1d89149d3,2018-08-21
9ee8cf0ffcf31bb51cfefb03220c63e8,644f81e8109d25d2df7ac2eb7b24ac88,delivered,2017-11-19 13:21:35,2017-11-21 03:51:26,2017-11-24 16:47:03,2017-12-07 16:17:54,2017-12-08,775700d9eaaf5c8c3372f8be6e622f9e,2017-11-19
5edc3b261fb4a6d57742d43e388a1927,2c4aa9610fa8ec5bbffd8706d3d722b7,delivered,2017-12-08 12:51:23,2017-12-12 03:50:12,2017-12-15 12:30:24,2017-12-28 17:33:44,2018-01-10,4728b5b2cdd35bbc57963ac73436ed44,2017-12-08
79ad52e8a08f3b8fb0c5a288a173f3cc,c40503f3c48801c5c9a1ac01c02cd6a9,delivered,2017-05-21 23:12:44,2017-05-23 03:15:25,2017-05-23 12:39:52,2017-06-01 10:57:17,2017-06-14,c07a76a84540a343ff9d63db21c19b5a,2017-05-21
2f3187c040a5b2888773b44ae1c74c27,b4c4eac1c50f31216707a413ab2706bd,delivered,2018-01-05 21:29:54,2018-01-06 02:08:55,2018-01-10 00:15:09,2018-02-09 07:41:26,2018-02-02,b778721e39088e17ff825a3f74946398,2018-01-05
b5b39e60d31084200838ace496b9c2cb,5686168d5d97a5dfe8533e1a4d25fb54,delivered,2017-12-19 09:27:15,2017-12-19 10:11:00,2017-12-19 18:56:41,2017-12-26 21:19:12,2018-01-12,77928b4dbc08e06f382cf49eb6bdba88,2017-12-19
7451bae6c17cbaa82fa2bb466c97cb45,cf07e85e4dbf6bc4b541537d8ac84bd0,delivered,2018-07-04 16:24:07,2018-07-05 16:32:51,2018-07-05 17:24:00,2018-07-11 17:17:36,2018-08-03,f6f50c0ca9b4b1249f3f8eaa00d154bb,2018-07-04
09fe7a287eced3280bbc1ca7759c4c25,e661389c58bde51cc882004c8a3235c6,delivered,2018-06-19 19:35:00,2018-06-19 20:16:16,2018-06-21 14:46:00,2018-06-22 19:48:39,2018-07-04,ae270f40e86b0cdf3a4914256655da47,2018-06-19
3e269d8ec37b0e8f74c0aaac57c8b059,43b7dd99d64e4277a2282940816d55d4,delivered,2018-02-14 10:25:59,2018-02-14 11:30:23,2018-02-21 21:05:22,2018-03-03 15:12:19,2018-03-09,a7ae825c00e6e6bd9c2a7b34568c847f,2018-02-14
9c41b4f492e766fc38f8df3e60c4e144,9d0dc9b333c08486af7f4122fb757dcd,delivered,2018-07-09 08:11:54,2018-07-09 08:25:12,2018-07-10 06:05:00,2018-07-23 20:03:08,2018-07-30,b0fe65e0c24d7ef16eb5df14afacbc8f,2018-07-09
9d138733c51598bbcd3ea81678facf91,5df2ff723d34c14ec65ed6d176c45eab,delivered,2018-08-07 10:51:07,2018-08-08 03:15:23,2018-08-08 11:35:00,2018-08-13 10:24:47,2018-08-22,67798c2a2ad8d90cedd7146e3ef9335a,2018-08-07
775a7a08701f1131029bf828eb85b602,6551128590e104a5b35d6a492a9d3e18,delivered,2017-11-05 00:20:47,2017-11-05 00:46:27,2017-11-06 19:41:30,2017-11-21 21:03:24,2017-11-27,b0c5e02d315f15318e37d7aab7ebb289,2017-11-05
3ec6546881c0f5dbc6fc2054c706c3ce,e3b123e6a82c25b2bd82e14c8000511c,delivered,2018-07-20 16:11:00,2018-07-20 16:25:14,2018-07-23 15:17:00,2018-08-03 17:29:03,2018-08-17,4c9611ca29bde9a76c5ed381169cff9b,2018-07-20
1c487b52a0823daeced375367d5f73de,d43a38a1b87c85d51d3c00ab2dd19390,delivered,2017-06-20 15:01:33,2017-06-20 15:15:16,2017-06-21 18:42:18,2017-06-26 17:38:56,2017-07-14,e906b389ad2bfb4058e80f63e73b3458,2017-06-20
1221112b1c9563dc03d5a32b6078a962,5bf36e4b14c54f22f31570e9e8b144f4,delivered,2018-08-09 09:19:49,2018-08-10 09:10:16,2018-08-10 15:14:00,2018-08-13 22:42:30,2018-08-16,e30f9d06161ae3ff47f0206f2280be33,2018-08-09
5dd65924234c78a809ec526f2530259c,b4507e3ba05a350132d8518733869b49,delivered,2018-06-07 21:49:35,2018-06-07 22:16:30,2018-06-14 08:14:00,2018-06-15 21:13:41,2018-07-03,39fd0204b0c81f3f90b8a0ec6d5b30b3,2018-06-07
d0083f5db0e3fade5d9a7dc768e8df46,a6701673062c37eb53daa40b834d1aa7,delivered,2018-07-13 21:59:42,2018-07-13 22:24:06,2018-07-16 10:56:00,2018-07-26 20:04:34,2018-08-06,40f973c53ebd2ea74087766d3256c2b0,2018-07-13
2bd67cb1676d5693690cc0bf9b149fa7,55da8ccddd5fcac5a10a7887375c5646,delivered,2018-01-22 21:07:44,2018-01-22 21:19:29,2018-01-25 15:52:55,2018-01-31 20:58:37,2018-02-14,7b49b7bf6b00c833bcb7436987ccb511,2018-01-22
8ff8823e264549c3798b021e9bdc3e6a,81a76a63a0bdfd0794353b2bb1a33bbd,delivered,2017-10-12 12:34:33,2017-10-14 03:28:23,2017-10-17 20:39:58,2017-10-20 18:28:18,2017-10-25,80d5a21a93e283ada4be1192b6f7ed70,2017-10-12
5fec115c600fe034468960bd0cc6d253,9e4d9a54de808507f6281dc71adf7a19,delivered,2017-09-21 01:28:53,2017-09-21 01:45:00,2017-09-22 18:28:58,2017-09-25 20:37:14,2017-10-10,3fc557057f34435f5aec6298ce5f5bc8,2017-09-21
2f80a0b08926b808eafcaa9ceb2e7af4,01122215dd21ac872ae567ec4e351e01,delivered,2018-04-13 18:16:52,2018-04-14 02:13:28,2018-04-17 00:54:50,2018-04-17 16:31:40,2018-05-02,4d285c90d3a4161d1bba6feed1072244,2018-04-13
b2ac82e9e513a7e0dc542d9689025ba4,77c721e43535d1b1a32274302b157024,delivered,2017-04-28 14:16:12,2017-05-03 11:35:44,2017-05-03 14:57:51,2017-05-12 08:04:35,2017-06-01,f9597fc39b81c06da320d20e25f3a2c7,2017-04-28
7e8802ecbf8198fcf26de06bcc322bdb,2c688f6c105821606c7da166bd9cf1c6,delivered,2017-12-04 17:51:29,2017-12-04 18:41:16,2017-12-06 00:07:23,2017-12-11 18:49:03,2017-12-20,c863a74eeaff8a2d568224e1ed13f7d3,2017-12-04
b76fc14b6f5d449d3abad25a2f13cc2d,6de51449f35c0a31b66f769a0996846a,delivered,2018-06-24 22:01:51,2018-06-24 22:15:15,2018-06-25 15:11:00,2018-06-28 20:22:08,2018-07-24,7716f1c2f04b7e7dc47e82c2541003e3,2018-06-24
b5e7a885c4a373e5aef1caffa539d967,aba8af55d9a03630a4909b405359c32b,delivered,2017-07-10 13:03:54,2017-07-10 13:15:11,2017-07-11 22:56:35,2017-07-17 16:38:39,2017-08-01,15fd0aa2c6d4fd0a9b1d6eaeb3df7a8f,2017-07-10
3953c29762c8e3546dfb140558084530,f17c076880d67aab82e92fcb3dab7424,delivered,2017-10-20 18:00:44,2017-10-24 03:25:31,2017-10-25 18:38:55,2017-10-31 18:09:00,2017-11-22,067c0fb2f765e5781156680f099c5094,2017-10-20
90c24f936c66006ed735e7b7b313ee92,cc8c765e7060420ae9af09c8432f2a45,delivered,2017-11-28 10:30:12,2017-11-29 02:22:49,2017-11-30 14:23:08,2017-12-04 19:17:48,2017-12-12,a91813199cdc5b15d7b5267ddef9e543,2017-11-28
c3e4094adfa71210e702f8e3f90b5569,befb9c2cbe0ffcea1a14e6be4f71cc9c,delivered,2017-12-12 19:45:01,2017-12-12 19:55:26,2017-12-22 23:39:02,2018-01-03 16:19:40,2018-01-09,8d21edcc71e72f7f25167cc5276b7559,2017-12-12
88bba3891566a6e0b16cee8135792e1b,41822338d50653aa6e9dea52ce5b947e,shipped,2018-07-07 20:03:12,2018-07-07 20:15:10,2018-07-09 15:02:00,,2018-07-31,ee92c29a63e2dacac73bed4589dd0016,2018-07-07
e2d9b6b72021d68424666cb969d6f56a,f6c40b585027ffb1dbd8daf868c5d358,delivered,2017-05-29 10:15:53,2017-05-29 10:25:13,2017-05-30 16:02:05,2017-06-06 15:40:10,2017-06-19,070083744069f19ac8b6c89e464ae411,2017-05-29
7ec86dae6dc7ee75dd06ce14839f34da,154b90cfe3310a622775d66e469fb1f2,delivered,2018-02-28 12:06:57,2018-03-01 07:10:26,2018-03-05 15:49:02,2018-03-18 12:58:42,2018-03-19,def079e472df0e896f055de08e925fdb,2018-02-28
a44e76e7c4a14d636b1a30c76c9e9999,2657db2126e03c6cd144184f8c8a00a1,delivered,2018-06-11 08:34:24,2018-06-11 08:58:18,2018-06-15 08:30:00,2018-06-21 21:48:52,2018-07-12,a71e3bed2d85c12cf19795304596cfba,2018-06-11
6a7a221820715f6d872f967311d9e23d,7c1bd90d3694ad854b4448e46013897e,delivered,2018-07-04 17:07:25,2018-07-05 16:23:38,2018-07-05 19:18:00,2018-07-06 15:52:28,2018-07-17,95a96fd6855529a424cbe6e43467ea48,2018-07-04
e44e7464ba4c5118eda918839e5dc20d,91d5a00f873221953fecf0445846876e,delivered,2018-03-11 20:25:23,2018-03-14 07:08:12,2018-03-14 21:18:45,2018-04-04 20:19:30,2018-03-28,77c404a3e8a4ee3808befcc4663ac123,2018-03-11
4473b8fa106822f223b714af3157b92b,1b23fc2a8153a87a2fdd885c0a7de1c7,delivered,2017-05-06 14:09:29,2017-05-06 14:22:19,2017-05-09 15:22:01,2017-05-11 21:37:28,2017-05-31,b1f98bcf9ce41585ead4c40a01f649f2,2017-05-06
682da741766046a2d5bb0e924158bc73,55d7aa9db123ac0a0edb65fe780bb28e,delivered,2018-01-04 12:21:02,2018-01-04 12:31:26,2018-01-09 01:19:26,2018-01-17 21:08:59,2018-02-06,62a7980dafa5c5b4de80c87ad992e576,2018-01-04
a653bb2e2418fd13d746e3639879aa83,404e9aa29dd2f4f68be287245f0e1e50,delivered,2018-05-09 10:34:53,2018-05-09 10:54:54,2018-05-09 11:58:00,2018-05-28 13:51:17,2018-06-12,81a79f384f8602573644b70698bab3b1,2018-05-09
d9ab642e5dd85a1f2bb53c6c546fa575,b99c8d76b04307827e285362acbfeb98,delivered,2018-07-15 09:07:45,2018-07-15 09:35:16,2018-07-16 13:43:00,2018-07-20 19:46:33,2018-08-07,13b7ead8ba1531e08ca813488641c12e,2018-07-15
1ea8fa159bf5ec460bf24d669396a421,74faf188f41edcb655352b171ee6daf8,delivered,2018-06-11 23:31:59,2018-06-11 23:58:34,2018-06-13 18:59:00,2018-06-14 15:03:39,2018-06-20,446a51a343de5cbfe57d3b3c5318d2e4,2018-06-11
a93bb13e55f292aa026428dd42bd1565,c300b72ded887db4868c8df1a1923ffe,delivered,2017-02-07 13:37:43,2017-02-07 13:50:14,2017-02-17 07:12:02,2017-02-23 15:39:19,2017-03-21,c44039a1e24cb3544e9b1f24e6eb3337,2017-02-07
e987b29cdd5c19069d7c65a4eac2a806,a5772880d8e7c4d0b5a1819180bb39a6,delivered,2018-07-15 21:52:17,2018-07-15 22:04:16,2018-07-16 14:19:00,2018-07-31 19:02:38,2018-08-08,73b02158f87d9a9c43a97f66a0a1157f,2018-07-15
49bce2844ff52cac06a8478eb58e7159,066a5866635b2ff28b793b05fa7a42cb,delivered,2017-03-25 21:39:50,2017-03-25 21:50:28,2017-03-27 16:26:41,2017-04-03 16:23:47,2017-04-18,8314fde2596597b1e3025d26ee38a763,2017-03-25
69dea4ea9a898ecbe8c6af9360483b82,bf03b39f051dd7022a71fd400f424af9,delivered,2017-10-11 22:00:01,2017-10-12 03:00:16,2017-10-21 10:13:52,2017-10-30 20:00:10,2017-11-01,5db4882d130b4ba65cdeb67bb06a4616,2017-10-11
d2e98c2b35f0e9173b4fce9cf61530d3,5cd826df2c649c71f38b667bd71cc95e,delivered,2018-02-05 16:29:24,2018-02-06 16:30:17,2018-02-07 19:52:33,2018-02-08 17:46:43,2018-02-21,5adec75a56034d77ccf5b432bb9e99a7,2018-02-05
bef797897a2dddfbb08f9dff9c5ef7b7,c1f56744ed96f4d691e31f2d786b6484,delivered,2018-07-16 17:21:08,2018-07-18 10:05:19,2018-07-19 08:46:00,2018-07-24 12:40:52,2018-08-03,3115e354768c8b1951fab14116652fc3,2018-07-16
8f055c77c73f1b08a6c9f588657ab8c1,cb7614b09119d33b59af1b776bd653c1,delivered,2017-07-30 23:59:44,2017-08-02 02:34:05,2017-08-03 17:27:40,2017-08-04 19:02:44,2017-08-11,d544cec5f11fd844563cc17dd3509ab8,2017-07-30
4fa07e91d7b4f8b191e3a6ab40f14f54,6d9754a16df71866ee34b146153ec9a2,delivered,2017-01-31 15:41:21,2017-01-31 15:55:14,2017-01-31 16:57:41,2017-03-13 11:53:01,2017-03-01,bf47fe81fa046641c00c85d63df7ce58,2017-01-31
21c3341507027110a7485509b9fb63a4,5166ee187c5b2e4a0c97532601a02d93,delivered,2017-09-27 19:27:54,2017-09-27 19:49:24,2017-09-29 19:56:58,2017-10-04 00:12:53,2017-10-13,9759a3498b159196d5c695ab1f8ac82b,2017-09-27
0850d4915a0e1d284feb7aeee9f88573,c9b6b121d391ffb911f1fe482c753a94,delivered,2018-08-09 13:36:40,2018-08-09 14:35:26,2018-08-10 15:00:00,2018-08-11 19:25:43,2018-08-17,110b65132570b2b4a4ecca9def26ae46,2018-08-09
dbf13db0efcf04002238ab4d115cabf9,bcad4bc4532c5833aa4ab073b2284d12,delivered,2018-03-26 23:03:30,2018-03-26 23:15:18,2018-03-28 18:32:43,2018-04-16 11:47:48,2018-04-17,9b74a120a375eb707c4f17c801d3e9b1,2018-03-26
0937ee5de4e9482b7503bae26f9d243f,3d4c473f325542281c88efce5ae91375,delivered,2018-08-23 08:47:54,2018-08-23 09:04:43,2018-08-23 14:10:00,2018-08-30 00:56:19,2018-09-20,cd13689db46ae3b167ccb071ebbc0e86,2018-08-23
88ed70c8a41eb5445e5221d691d08a7c,f84b8ca5e0b8b85269d8562fe77dd3b2,delivered,2017-10-18 21:56:13,2017-10-18 23:28:27,2017-10-23 19:43:40,2017-11-08 21:43:49,2017-11-09,7e3956bf09cbea581456ded20cf4dc6f,2017-10-18
0822bcde10bb5d023755a71bc8f7797f,6bdf92e9fc8278f946ab67d15ebfe4ff,delivered,2018-05-07 23:29:24,2018-05-07 23:52:39,2018-05-10 12:40:00,2018-05-15 20:39:07,2018-05-22,e3b3b57caa0974d93ed5218dde2ff4b3,2018-05-07
20ddbb26c9b5f5acad69796272489c0a,890c32556be4937da98d2f7a73452c6a,delivered,2017-12-31 09:39:58,2018-01-01 09:34:29,2018-01-03 19:52:25,2018-01-15 16:51:51,2018-01-26,fd900b490aa7416cdec68bc136bc3334,2017-12-31
d347f2967d904f9f8657e9919366545c,ab137d0918a8adea90199041e26029f2,delivered,2017-11-04 16:55:38,2017-11-07 07:30:50,2017-11-07 23:59:34,2017-11-20 17:42:04,2017-11-30,5278be4edc434fcbd9c86f8574bae5d7,2017-11-04
af48a5477e351edfe43fbff2fe9dacff,bc36ecb96b70fc069c568bdc3a4c0307,delivered,2017-09-08 23:28:38,2017-09-08 23:50:14,2017-09-11 22:09:58,2017-09-22 21:33:57,2017-10-02,ac4dec1a2646006d63303bad83de6bfb,2017-09-08
a6d6282641341836469627a964ade597,41f52ac8513e661ac4ce7f51f5748356,delivered,2018-01-14 21:00:42,2018-01-14 21:09:28,2018-01-19 17:38:56,2018-01-23 18:55:05,2018-02-08,ba9f269926a67bc499cfc22a3844a6a7,2018-01-14
eb91420251c7666f038332f5dad73962,6c1eceb2c47d0a13fb0e5e70fffded8b,delivered,2018-04-08 19:37:05,2018-04-10 03:55:24,2018-04-10 22:46:31,2018-04-18 22:38:26,2018-05-02,8c2a9a985895221bf393f0aca71c19c3,2018-04-08
496fbba28bbf72d2b8a2a55cb32b1935,c536c3bb5db2d9e82e22d8bd7a6dfe7b,delivered,2017-10-03 20:26:26,2017-10-03 20:50:07,2017-10-09 18:35:15,2017-10-17 19:49:57,2017-11-03,85ca9f908c6338d295d8ad0668425994,2017-10-03
750a04aefe91727a7ab2b2d3f2beba3d,683ea4e05524b7d01d01a91b7bdb3ac0,delivered,2018-03-06 09:30:42,2018-03-06 10:09:27,2018-03-12 11:33:05,2018-03-21 14:38:43,2018-04-04,7898c23696ea1ebb4d1a7d62ffacce33,2018-03-06
b273023a4d0b9c3457f70b641bd1cf05,a401ee79bb706bb1bcc92cd4ab2f673d,delivered,2018-03-27 14:13:06,2018-03-27 14:28:56,2018-03-29 13:04:27,2018-04-03 12:11:54,2018-04-09,94329da6c63490ec0c528d424a874930,2018-03-27
7d6c4ad2ef9aa4fd39883634d870fef5,dbc7c52525708e166c5888710cab9220,delivered,2018-05-18 10:55:10,2018-05-19 03:15:32,2018-05-21 10:08:00,2018-05-22 21:04:43,2018-05-28,f809cd93a227e83a1ed5b5758a54ca93,2018-05-18
85b1e09d7a230790544ffb86902bf77b,10c23e73ba4e0d1dba0fcb959305ecf2,delivered,2018-06-05 11:35:51,2018-06-05 14:31:34,2018-06-05 14:25:00,2018-06-06 13:46:01,2018-07-19,58c9adbd05815ccb9c1e1ddf6a8f6124,2018-06-05
dcbc872c5cda84c5d6373c44570b4889,04d8d0c6bd78f05603c4f61c2b70447f,delivered,2017-10-18 09:01:31,2017-10-18 09:14:18,2017-10-18 14:40:23,2017-10-23 21:29:00,2017-11-06,0d101ae1b3ccfe6fc57eeba09746ecd7,2017-10-18
71564d5e5450bf310e411bc3087b2903,d515bf2f113f96d3dc8907c00ba6f590,delivered,2018-06-16 13:26:20,2018-06-19 03:36:56,2018-06-19 10:54:00,2018-06-22 18:37:47,2018-07-24,ef955ce70c34965f1e0a61e2a659d034,2018-06-16
7d111bfefec4ae36c7554a594fea3afa,ccb2e5b49e285395e26a9027a193b609,delivered,2017-12-08 00:08:23,2017-12-12 03:57:27,2017-12-14 22:35:05,2017-12-15 21:43:03,2017-12-27,17c8fe0eb118ab6058e2991a418b72e9,2017-12-08
6dcdbb1cc784cdf5844882a1f99e8d59,b83afb5eb04c3e8bcd0fb3f903f02ec0,delivered,2017-09-27 16:55:41,2017-09-27 17:14:16,2017-10-02 20:22:47,2017-10-11 20:48:50,2017-10-31,bff4f9bb1e3210cbd8526dffbd87dc58,2017-09-27
8acd3c67960fe58a4eeed4d38cb3d578,f478c41eaf614ede7ac0fcf64a043e58,delivered,2017-12-01 09:43:01,2017-12-01 11:31:37,2017-12-05 01:53:32,2017-12-26 23:59:41,2018-01-02,a2c15de05ef380b5a7eaf915898926db,2017-12-01
c4d20fe1dfc53b381d64e96abf1a1bea,101b3c2f6da57c42f272322f0fa427ea,delivered,2017-10-21 17:59:18,2017-10-21 18:14:14,2017-10-24 17:49:54,2017-11-03 20:07:48,2017-11-23,b45f595c47442b39c8dd752236d9bfcc,2017-10-21
2a3d1cc4337b1cc9157560f6b1ca5802,73c69c8a9d541d145648ae9cffc3aa2e,delivered,2017-01-25 17:52:31,2017-01-27 21:31:57,2017-02-02 13:07:55,2017-02-10 08:43:49,2017-03-16,e7fde3366ddfd6dd15e59e5676f33100,2017-01-25
8ee3d811c7a49f0f3be646dfb3489e75,5054aeef991ce66d45d9a75a5e157cab,delivered,2018-05-28 14:52:34,2018-05-28 15:15:44,2018-05-29 13:33:00,2018-06-05 20:07:38,2018-06-20,5350f3081eb4ebe206765f8f56fa26ce,2018-05-28
3c113bd44b17824938911bd89a2df4f7,3426a97512a410ca4147a90fe4ceca55,delivered,2017-10-13 10:57:04,2017-10-13 11:14:22,2017-10-18 13:04:06,2017-10-25 18:53:58,2017-11-09,dcde89a9524d45277ebc65cb431a3d18,2017-10-13
b1ce4c5e6ca283609965c55ad9583d45,fc5e431acfefa67d9c63b5e2df979c17,delivered,2017-11-10 08:56:52,2017-11-10 09:07:07,2017-11-10 21:33:13,2017-11-20 18:53:03,2017-12-08,61ec2b707b8666866dcf94dcd5f1c9d7,2017-11-10
f25e32d51127cbef9f269ecae2c83573,9db4ccd0f8b1b542f5b7069d6bbf27e5,delivered,2017-08-21 13:40:40,2017-08-22 04:16:11,2017-08-23 13:39:58,2017-08-24 17:34:10,2017-09-04,96ce84a0928a2c30822e103a8f4ac5db,2017-08-21
6ae2e8b8fac02522481d2a2f4ca4412c,9d492dbb767938d56a38926aa1bfa5ab,delivered,2017-11-30 22:27:48,2017-12-01 10:31:49,2017-12-04 18:03:49,2017-12-19 20:54:30,2017-12-28,3507976901b95300f52700266f07a269,2017-11-30
3be070ae2edd92621c933c5341674b4e,9f7a3eae3a5b96c05358e8308e4db1b0,delivered,2017-11-24 04:14:51,2017-11-24 04:28:35,2017-12-02 00:29:07,2017-12-28 14:05:02,2017-12-27,df6449754e3b70e4662f400c7ff8723e,2017-11-24
e0f96cc1ba052fe2de161845c9f24ab0,b5224a10c14a03345a76d65f3c88da7b,delivered,2017-05-01 17:38:41,2017-05-03 11:42:51,2017-05-03 16:07:14,2017-05-24 10:49:53,2017-05-25,f1a325803dd4c341c5a946ac84c71973,2017-05-01
e061774175ff51ccb6cfaeba1bd08121,08cc70c459fa8a8aca0c4effebd8d083,delivered,2018-07-25 22:51:13,2018-07-25 23:04:14,2018-07-26 14:41:00,2018-08-08 23:38:38,2018-08-14,d7167e58a778cce6c923b1de94cb7257,2018-07-25
fef9630717f341d93127dbf1d27650c9,f3ae118e5eb686a675b68f49b722cc79,delivered,2017-08-24 13:16:44,2017-08-24 13:25:21,2017-08-25 15:37:33,2017-08-28 20:49:07,2017-09-06,a9de4efb940367eb09af3c9a4f184a76,2017-08-24
c260d944a07210c4fabf8b7d67ac8d6f,beef567db073a74452c5ea8c1d763632,delivered,2018-06-18 13:34:26,2018-06-18 13:55:47,2018-06-20 15:28:00,2018-06-22 18:28:32,2018-06-28,4131dcbf66c415fb6efa9f4878749bd2,2018-06-18
b06bc7a576465f0015213ab5ab899ef8,e4ab019151433cd8630e3832c48602e5,delivered,2017-10-31 23:01:54,2017-10-31 23:15:23,2017-11-09 21:38:51,2017-11-14 23:09:09,2017-12-05,03b5396aea7c5b5c58ebf33e199b1a06,2017-10-31
28b4f492a0090383fa9335dc5c4a2a68,dbda711f444cb1b3de04981c2914dfd2,delivered,2018-05-17 21:36:16,2018-05-19 03:12:48,2018-05-21 15:32:00,2018-06-06 01:04:43,2018-06-07,16cfeea551909cfb6cfbafad8ad059ec,2018-05-17
106b004da4aaa8f41d0115b6a7829a1a,287727ec8b614d295c75cc4f52d401ac,delivered,2018-04-26 16:05:23,2018-04-27 03:51:00,2018-04-27 11:19:00,2018-05-06 17:39:02,2018-05-10,9f777bbc0c01b969aad3ddc2894fd54a,2018-04-26
045b7b7bf230ace5044f87ad5de18dd0,e79f01cdfb606795e097bc5cd880ab90,delivered,2017-10-23 16:01:09,2017-10-23 16:14:31,2017-10-24 18:53:40,2017-10-27 22:07:45,2017-11-09,b01bc6013d6660f340be578a4b2343a2,2017-10-23
5b55ee8a50b508709962ccc9eba0de7f,eb18708944fc7cd5c0eb37c6e34944e7,delivered,2018-07-19 10:12:08,2018-07-19 10:25:18,2018-07-19 11:22:00,2018-07-24 14:59:54,2018-08-16,431e4277cce4e60bafd8056f23c3fc6c,2018-07-19
deb9ebf182337ea635032e7f0336b27c,60ca9940a37e53472bb518dd85c53e3e,delivered,2018-04-08 11:56:10,2018-04-08 12:10:15,2018-04-09 23:11:14,2018-04-13 17:42:49,2018-05-03,62f40b4d76e73eadb555e3151e46fb24,2018-04-08
a4d50b937362e8e372a220a53489d59f,866abfca22fc51feacb9e9b1e8746632,delivered,2018-05-01 18:28:01,2018-05-01 18:54:08,2018-05-02 07:58:00,2018-05-11 02:05:27,2018-05-29,ffc46f230cc7ce6109908f432eb9eb5b,2018-05-01
48ac32ed1e21461290225e95370ff81e,a4c1c5d47a7f61ca2fb8071d393d1f3d,delivered,2018-03-28 18:42:36,2018-03-28 18:55:21,2018-03-29 22:33:03,2018-04-05 01:48:28,2018-04-16,defbb97c863222a0090bbddf6b01f33c,2018-03-28
338d2237cff9d84c960705a68b88c638,e448981d531c5708df0b2dd15692d246,delivered,2017-08-10 10:14:39,2017-08-10 11:25:14,2017-08-10 19:37:46,2017-09-19 13:35:46,2017-09-11,770c6c524fc389b4cab878d19703745d,2017-08-10
d6cb7abec3164d194483906f3702748a,8d703a4c0190b5916ddf0a85a9a87552,delivered,2018-03-07 22:02:23,2018-03-09 02:35:30,2018-03-09 20:03:25,2018-04-11 20:07:37,2018-04-04,3b000f8214308787f4c4ca7a9f325838,2018-03-07
7ad884181871bf82929ca14b7225567e,758cf43c15d1a6b8129056272e212501,delivered,2018-05-04 13:59:10,2018-05-05 13:50:27,2018-05-09 15:56:00,2018-05-22 16:32:21,2018-05-25,c8da917bd61e35c1cea399f338378d5c,2018-05-04
a1c5b8eba637b48817627f4713aa7ec6,3868c59da4413ad3992665dd89cc56f6,delivered,2017-11-29 11:20:40,2017-11-29 11:37:50,2017-12-04 22:14:09,2017-12-08 00:38:49,2017-12-21,0f7bfc0d0d65e0925fed86b2049b65ae,2017-11-29
71b91036973ff7a67b9a17a8a20d3b9c,0e8d765796aac54580fe7f1a3a6c5e86,delivered,2018-08-07 08:23:17,2018-08-07 08:44:45,2018-08-08 12:40:00,2018-08-15 19:58:15,2018-08-17,18d74082ad9d19a77aaa05ebd87efdc9,2018-08-07
9547786c84d40d35e99e684fdb1fe97b,2d03db889b90c84079a021f7997fc757,delivered,2017-09-14 09:47:20,2017-09-14 10:03:59,2017-09-14 21:34:37,2017-09-26 18:43:04,2017-10-05,2e7c329f8e7bb948ebfb4b9b004ec150,2017-09-14
4574345c7d99730212061b6152f81928,e1f76c1aaa186dae7a044dcbc8a14e7a,delivered,2017-09-12 15:29:33,2017-09-12 15:44:19,2017-09-15 14:05:17,2017-09-22 17:39:56,2017-10-03,9e5284ac854802751a60f20a92504f7b,2017-09-12
ac13d782734edd6b595ba54850c1431f,5a011a1c60682c0d99f830005b70ce29,delivered,2018-07-20 22:25:17,2018-07-24 11:33:05,2018-07-25 11:55:00,2018-07-31 19:22:10,2018-08-07,535c917d84cbf6c71c74d02ee0bf0e72,2018-07-20
0ca29d76f0116d46b7b5f364523feb38,57ed67c3bc4ffafc8b6f7ef565d4a8f7,delivered,2018-05-12 06:27:53,2018-05-15 03:55:59,2018-05-15 11:33:00,2018-05-22 19:42:53,2018-06-04,82307e37b9fd76879740dc52b9d4cfac,2018-05-12
f05ef3ecdb7796d93e204c0a7ab76759,98fb13b264449f06da6834b86e0693a8,delivered,2018-05-30 20:36:20,2018-05-30 20:55:41,2018-06-01 13:51:00,2018-06-06 19:39:03,2018-07-12,f27ce86890789e9bc697ee9d66e13860,2018-05-30
219c1d95491f8241fc2bff3a511c9ad1,4f2997ab0d3af91e76b6f878f6b0974e,delivered,2018-01-18 21:40:03,2018-01-18 21:57:26,2018-01-19 21:03:24,2018-02-01 22:42:42,2018-02-20,515be97b99f6127120e5793a7cb71aef,2018-01-18
67df7d7a6bf05ffafc79fa2a771f9f6f,8a31acd6bdd796b96b5cde8325da7c41,delivered,2017-09-26 19:16:04,2017-09-26 19:46:10,2017-09-28 18:52:34,2017-10-03 22:19:56,2017-10-18,f2a95ab393e5d69129c55b8fa2def8ea,2017-09-26
33761272008199bba1bb9a298bc8941b,fc05d47a498e95d77cbbf3d2e0f52e96,delivered,2017-12-11 21:56:35,2017-12-13 02:49:45,2017-12-13 19:58:05,2017-12-26 21:52:13,2017-12-28,9ffb8f12e6be113bf2d5ce8c05d48289,2017-12-11
d3660059f5d2ec500340d1bb2131bab3,72db73a033e83f15b192a35675a7884b,delivered,2018-08-03 10:53:42,2018-08-03 11:05:17,2018-08-03 11:38:00,2018-08-10 23:04:35,2018-08-21,645ddf9c2ff4189cd6588016b7b16e09,2018-08-03
7612c382d0e90dec41ead203963e8726,5147a6bf08c43e10cf8631cdcd0825b6,delivered,2018-05-31 22:06:57,2018-05-31 22:32:24,2018-06-04 14:04:00,2018-06-07 19:03:51,2018-07-16,87a749c982f2640d72b0633e55ac3019,2018-05-31
b9f4e13f3e9c4a4d2440822966a25866,7dfc9da5b9e6a4d65dd24d91d69db07e,delivered,2017-10-19 13:02:43,2017-10-19 13:21:30,2017-10-25 21:07:34,2017-10-31 21:37:57,2017-11-08,431debbd5445ab45a77831794aa26891,2017-10-19
3474c37ad7067402582a2852a08015f7,85bb769857d427c1ff461c9ae828c71b,delivered,2017-09-09 11:40:50,2017-09-09 11:50:15,2017-09-11 22:04:09,2017-09-19 00:09:02,2017-09-28,821033b010006f04e18cccbb9e096330,2017-09-09
233da90437ba0d4dcbe22506b45612ea,08c39e2aafb61665f838819f53a16657,delivered,2018-07-29 17:32:34,2018-07-31 03:55:12,2018-07-31 13:51:00,2018-08-03 18:51:34,2018-08-14,70a618fb02f696a6cabe4de1c7d48654,2018-07-29
185e7ea81e4cf0fc1d2f4e8e38e8e7e3,f23c4b530f6d7d421de1e38d3e0cc327,delivered,2018-05-28 22:39:59,2018-05-30 02:32:13,2018-06-01 08:51:00,2018-06-18 22:12:25,2018-07-31,3947ca729a860c522a64a49d762baada,2018-05-28
41929ebe6ccc16768bbe9d5977c470b1,76fc04d3933d98cc61911a19a2b42651,delivered,2017-10-14 19:15:33,2017-10-17 04:09:34,2017-10-17 15:07:50,2017-10-27 18:47:39,2017-11-09,4112de7d8c398bd7c90cc4b3e9cfef39,2017-10-14
6b6291ce14ed6c6cd2df883635e6c704,b10d75093b79892be584f21b93a7fb35,delivered,2018-03-21 12:40:22,2018-03-21 12:55:33,2018-04-03 23:05:39,2018-05-06 13:24:43,2018-04-13,7b631c599738c7860f228fe8a4c4d220,2018-03-21
ebd7da4bdaffcf5891595b0f78707bba,bb1ce320b57af82c3533ba0d75739f7c,delivered,2018-07-28 14:44:00,2018-07-28 14:55:17,2018-07-30 12:27:00,2018-08-08 23:31:48,2018-08-22,60d801e7acaea7b1368ba117854ef4a0,2018-07-28
6387d1713f3052d1cb4e59cc46a3a459,3c3e0d4f138dc3ac52405ed53ba85f8e,delivered,2018-01-24 09:38:40,2018-01-24 09:51:42,2018-01-24 18:21:33,2018-01-25 23:44:13,2018-02-08,4fb3ae0c8bee7714fcfe47489fcf7a4f,2018-01-24
69177e2a4ded7df4cffeb0b2a0e3a62e,7cc2f5bfeab9cbfdf0e4b9d29a35e898,delivered,2018-01-09 00:58:38,2018-01-11 03:09:21,2018-01-26 18:48:32,2018-02-05 18:38:35,2018-02-14,0d2fe5cee9cab31429efc0da96406758,2018-01-09
743277e5089af7df0cbd543c93e5d852,1d5df2931e99249a390507fe1309db45,delivered,2018-07-06 11:43:14,2018-07-12 03:26:04,2018-07-12 15:11:00,2018-07-13 21:46:33,2018-07-23,f2606b37318f230693c104fa88c0d719,2018-07-06
86cd8ffe3eccc0207618a3187a294ea1,c21afced8495ad11eae409dca73ce140,delivered,2017-08-13 22:06:23,2017-08-13 22:23:54,2017-08-14 19:23:33,2017-08-17 19:15:32,2017-09-05,f4d0e76d8ffcfaac1e656e7ae4226e6d,2017-08-13
48e0f73d711eb4ed4af26c3e901e5b4d,3c25ef6b21609fb9841d53486a453dee,delivered,2018-01-22 00:41:22,2018-01-22 14:06:16,2018-01-24 00:48:16,2018-02-01 01:25:38,2018-02-20,0b7a9c1b92b0837bca4a9af1cee6131a,2018-01-22
ffb2c3a5bb149a2f860e5d057096201f,de58a2005b3c3a659af894c10d046399,delivered,2018-05-03 20:12:46,2018-05-03 20:31:09,2018-05-07 14:21:00,2018-05-12 17:22:32,2018-05-21,5d006d94bc156f30b9f21145d0980a0c,2018-05-03
53c6881417e68018f3caf8efba6a72d5,87d4558ba089b9de00cd95e95f1d3c1b,delivered,2018-04-27 21:16:06,2018-04-27 21:30:29,2018-04-30 14:43:00,2018-05-02 22:16:43,2018-05-11,55fbb64f60861980e74c4f136f304297,2018-04-27
4cf27cd829748acdd11dfe19fe746e8b,585ea62b22e7805f0300e27a091c9d52,delivered,2018-02-12 22:05:11,2018-02-15 03:55:42,2018-02-19 23:25:17,2018-03-15 15:37:36,2018-03-12,4b68a418fb851e4284dc5aa94d6d88a8,2018-02-12
afa55ffba5406e8d57a55d54dbc341dd,a48fa1f24d7f797f5c81c688f141a401,delivered,2017-07-01 15:11:07,2017-07-01 15:23:55,2017-07-04 09:43:20,2017-07-12 19:04:39,2017-07-27,d2e23ff3c5cfc8bb4f3a589735abdec7,2017-07-01
3da024a05d8a0394947d8a4dbfacb15b,da42c4f5f48db6c2e09ae4fef214098a,delivered,2018-06-24 21:10:34,2018-06-24 21:33:53,2018-06-25 14:36:00,2018-07-03 22:12:16,2018-08-01,22f15b9a5e5b4c1e07d1bd53774fc7ef,2018-06-24
65cc3a9e78ce5bdfab69c2b1f98ab7aa,e1275b4bca1321a1d6fe6a7ca7d7f444,delivered,2017-06-05 13:09:46,2017-06-05 13:22:19,2017-06-08 16:36:35,2017-06-19 19:46:53,2017-07-04,c08b8ed7b875cb005a7a17765f4ffa40,2017-06-05
351c9272da4d3af9d74d3b30ee84cdde,d398ba7b07e152f0a90538e6c0a9be96,delivered,2018-02-17 12:47:04,2018-02-17 13:06:39,2018-02-21 21:04:22,2018-02-28 22:23:37,2018-03-14,ee4544f656aed462ebbaecd9d3e7deb1,2018-02-17
8cb3659728a1beea766bb63eaa1cd1f9,bb2c661d1ea302f88d64aa23ca35d269,delivered,2017-11-21 14:01:29,2017-11-21 14:10:32,2017-11-27 23:31:29,2017-12-19 22:49:15,2017-12-12,a6b57cbf3b29e6fcfb86cd50c2c77751,2017-11-21
3396c76572477649afb42b741f245a12,eb545dff3d570e77ccfdef726b704622,delivered,2018-06-22 13:09:45,2018-06-22 13:40:04,2018-06-25 15:25:00,2018-06-26 18:51:28,2018-07-05,d7683e45563133abe09d19dcb663200d,2018-06-22
1ac7f4db91b508245c27b68092a2d401,adc9db4fc4f60b344847267dc51e7068,delivered,2018-05-27 18:33:39,2018-05-29 03:35:18,2018-06-05 12:08:00,2018-06-22 14:56:53,2018-06-25,9aae8213ff9bc04cc3ce48b85f43a173,2018-05-27
0dd9f7281057d5bc3e2c64016de476d6,ededff5a5c43311f63b562b9d015d68b,delivered,2018-04-07 10:15:31,2018-04-07 10:28:20,2018-04-12 23:19:42,2018-04-26 22:12:59,2018-05-03,1e55e11616a0caecb3c3063f51983422,2018-04-07
c622010ce183b9efa54f08a664a2a546,b6ef46eadc232bf96ca157780c4a873b,delivered,2018-01-14 15:11:08,2018-01-14 15:18:22,2018-01-16 22:20:04,2018-01-22 17:41:45,2018-02-06,6cc96d0fb8d89fc46fe8c7fda4dc57ed,2018-01-14
7ae97f48d1e1624e8baae4a3faee4837,47046a7bf901f66a12fa296a5982f5ad,delivered,2018-05-26 19:31:27,2018-05-26 19:49:43,2018-06-13 12:19:00,2018-06-21 17:36:34,2018-07-13,b4be8ffe5a39196f0098f30316f7d7a1,2018-05-26
6e9b3d5868d4efc61bfafde4d03c6ae2,627af1392ef0888465cefc9f73a682c7,delivered,2018-07-19 07:52:33,2018-07-20 04:45:06,2018-07-23 08:58:00,2018-07-27 21:32:44,2018-08-02,9429c79eda0b28a0267b89c8afb0da0c,2018-07-19
34d9e89f7b783901742e22fdbd182a59,e0ab3a35e656478daf236f8b78091496,delivered,2018-05-09 19:00:46,2018-05-10 18:57:41,2018-05-11 14:19:00,2018-05-17 19:48:47,2018-06-04,7493d2ba4d74df409dd16aefe4f1221e,2018-05-09
55e9283a19ea152d7047c8be0f5009e4,21f6903534863701705759b243730c58,delivered,2017-12-06 22:13:31,2017-12-06 22:32:57,2017-12-12 19:35:28,2017-12-27 23:21:31,2018-01-04,65bff96170373798d9587666f72e10c2,2017-12-06
29b5fb8fbe3ab424950e7dc90172f6d4,4a1937b48a2a0944416d7a287886b9c2,delivered,2017-12-19 09:06:37,2017-12-20 07:18:30,2017-12-22 17:34:53,2017-12-26 13:12:24,2018-01-17,2dd9c12a9c2c9479c7f263902a541ef4,2017-12-19
6dbbe1fc68ddafdaa158c5ad25ddef2e,b91007c2341381d46400986511527c1f,delivered,2018-05-27 18:35:05,2018-05-27 18:55:08,2018-05-30 11:51:00,2018-06-01 13:13:03,2018-06-20,591ae038dcf527c45333bf204224b7f5,2018-05-27
c56ae3a36b8942fb185a2c02c46fba20,762de17a4530e0d81d11141138505c4a,delivered,2017-05-11 22:09:26,2017-05-11 22:22:35,2017-05-15 11:42:05,2017-05-19 11:21:20,2017-06-08,ea1911ed62148970629c4b0824f9061a,2017-05-11
0abac83f9a40f360405460623503df7d,98baaf70b26bcffb3afc2832343f350f,delivered,2018-05-12 20:38:34,2018-05-12 20:50:42,2018-05-14 07:43:00,2018-05-21 19:28:49,2018-06-05,965a31ccd51e590351e5bf0de359b187,2018-05-12
5c60201855c651a0c7a1709102d55942,cc27bf63205ccfdc2bd7bc007c8b775a,delivered,2017-11-19 20:13:45,2017-11-21 03:48:25,2017-11-22 23:48:49,2017-12-02 00:32:42,2017-12-18,09b574d99c2a1693f03cf6f049bb4979,2017-11-19
5f8af87da2123c6841b3941b3b5f478e,d4f33d75831b7cfcfb2cbede8e0c7cbb,delivered,2018-08-07 22:22:31,2018-08-07 22:35:18,2018-08-08 15:47:00,2018-08-10 17:57:59,2018-08-21,aef1db2c61a9e712fe5a0ab9fa4f56be,2018-08-07
ce5eadabf0e48dade2984241ef439a9d,b7df53a300123d644d908e5972f24979,delivered,2018-04-04 10:38:44,2018-04-04 10:55:20,2018-04-05 22:41:23,2018-04-06 21:04:11,2018-04-16,30104212947c08279d6fc2b55fc847b2,2018-04-04
6eec08eba397611760a7ccd3cd4aa98b,c142fd8186cfdd8c1ef9957f24a419fe,delivered,2017-09-06 09:58:22,2017-09-07 10:34:36,2017-09-11 15:43:29,2017-09-12 17:39:56,2017-09-19,41b3ab6b1f95cbd2afb361e852a56917,2017-09-06
a3bbe9aebc3d205399f59fadf59e9d42,605355966ecff2dee386b804d4929d30,delivered,2018-07-13 13:19:04,2018-07-13 13:30:25,2018-07-17 13:58:00,2018-07-20 19:03:51,2018-07-31,4ef4111e06c2a9ebbcf48e0e82da94e7,2018-07-13
97291e812341c4a06c5614415aa9354a,587844f18dd724c6865c9067e6d01550,delivered,2018-04-25 12:03:39,2018-04-25 13:10:39,2018-04-26 10:40:00,2018-05-07 16:56:27,2018-05-21,89c2e30b06280a8d616cfa8bd3673c7a,2018-04-25
e7d9d1c03c10e6edb7aa4a91581cf871,67f2eeff41637d03b7a7dac88c29404f,delivered,2017-09-24 15:03:45,2017-09-26 03:56:30,2017-09-26 19:24:41,2017-10-04 18:56:01,2017-10-19,100f480d33281b45b97c07395968e56c,2017-09-24
5154e5ccfca219d687ea397ab3b64f34,f05818797057c484bbb553b2f08702a0,delivered,2017-10-24 21:22:15,2017-10-24 21:35:23,2017-10-25 19:27:55,2017-10-26 16:04:16,2017-11-06,754966ce60e1fdfbc43620b2b3ee1e42,2017-10-24
b87d022960af41494c2f57c172b5396d,fe0c532175a77ee3eff43675c8a92463,delivered,2018-05-03 17:40:02,2018-05-03 18:14:55,2018-05-04 16:04:00,2018-05-28 18:03:26,2018-06-06,d1092d44f28851eab0e8a4dd31357622,2018-05-03
1e54ddebe12a41afeba0ff4dff0613f8,12e316915fbac49913add2f1a53b05f9,delivered,2017-10-03 07:24:06,2017-10-03 07:49:10,2017-10-06 21:00:15,2017-10-13 18:57:37,2017-10-30,826c82db79dc086400a19839e47099da,2017-10-03
311354a710a3326281f5ce1ff0149d09,e53c578177e0730ed942ea9b1e0ae7b8,delivered,2017-08-16 16:11:34,2017-08-16 17:30:19,2017-08-21 19:55:03,2017-08-25 22:19:48,2017-09-11,71add9d5eb853bcc27fac0c0abbf1661,2017-08-16
9ca29d49222112b86ede739f9a9dfbeb,be727cb4f334f5d737a6cd88c4347acb,delivered,2018-07-24 20:34:02,2018-07-24 20:50:28,2018-07-26 12:48:00,2018-07-30 15:24:49,2018-08-07,5366e4f51085e586e7d09c203623f6fb,2018-07-24
7912f07c4d90e539b2b8f9572eea81df,994a3815cfc229c94b3a9ec93d33d7b9,delivered,2018-03-13 09:56:05,2018-03-13 10:30:48,2018-03-14 16:38:22,2018-03-23 15:26:46,2018-03-29,1cd994ca2e6f8f9d71546e6d0698378d,2018-03-13
7bf010be3a0b710cdefe0091b13ddc6f,b8b6fb1459833a7facf8556729f93edb,delivered,2018-07-18 13:36:01,2018-07-18 13:50:17,2018-07-19 15:10:00,2018-07-20 18:48:31,2018-07-26,60abc7a3ff470a903df70a722d170afd,2018-07-18
3ac72d6b4d6ecee25955544a54657e3b,cb9138d82ee6d6c847c8edbfbb02e312,delivered,2018-04-02 17:01:05,2018-04-02 17:10:20,2018-04-03 22:43:38,2018-04-16 20:40:42,2018-04-23,d557ddc6a5d521f22173bebc2d116806,2018-04-02
9c47dc2d2e34ad6997e0a361c21ee9f9,9f8e23f657ad77d3dc2139be3941a58c,delivered,2017-09-22 10:53:32,2017-09-23 02:25:04,2017-09-27 18:57:47,2017-10-02 18:25:25,2017-10-17,a70bf93a9e628095f8577e3f6b71ab2f,2017-09-22
63a7d8b766dfafbbb7d9ed520a62f800,2e59a9620e322e713931ada85519ece9,delivered,2017-05-28 18:26:10,2017-05-28 18:35:21,2017-05-29 09:07:28,2017-06-03 10:03:52,2017-06-21,2310e5d67dae3a782557dda6c58428b5,2017-05-28
797834b0b8c2be7b7033838ffead123a,eed97b1cc75ca85261a0402b4c743ccf,delivered,2018-01-27 02:16:40,2018-01-27 02:40:02,2018-02-02 15:57:52,2018-02-05 15:02:46,2018-02-14,ac77fe24cafe8920acab81d84b676fe9,2018-01-27
e0b6e95c36638b633c19b0aa5ce47516,7dcdad5d0fa6c24c72a9723226e3eff4,delivered,2017-12-11 12:17:03,2017-12-11 12:31:01,2017-12-13 01:13:26,2017-12-22 22:59:45,2018-01-08,f0fde3fb998d8abc99568ef7d8c4f82b,2017-12-11
c19f4aa0a70f9b901b473677853e186c,cffb143b23ce7fed529c25d270de25a8,delivered,2018-05-19 13:20:10,2018-05-19 13:39:48,2018-05-21 15:40:00,2018-05-23 17:42:49,2018-06-01,e6988cb9aa6f4782cb7e387c23763c50,2018-05-19
e747b099854432937d27178c640102bf,15cd6d28330a079fcdcd23372d2930c6,delivered,2017-09-27 09:20:53,2017-09-28 03:34:20,2017-09-28 18:25:05,2017-10-03 21:29:01,2017-10-13,a76755933c997e2d5a1cf81a3db71e8e,2017-09-27
b3abe697965039908d3203cd063a2ce6,5feb65652220fea019c7efd7146849d4,delivered,2018-07-31 14:45:52,2018-07-31 15:40:20,2018-08-01 16:01:00,2018-08-02 14:08:45,2018-08-08,54c04569682d546b81f081b5b62a9d88,2018-07-31
3a69e8bb802e34036e7ef8f6e0f466ea,a73c6cbaa47b964449deabe357bbb8b0,delivered,2017-08-01 13:15:31,2017-08-01 13:30:13,2017-08-02 16:09:50,2017-08-09 19:00:00,2017-08-23,d2f3a7df276ec8d1dbe15b42c78a841d,2017-08-01
dc43d5f57ffe55850a557219c8fb0908,481cbc746dfc704f82c29b414d698c6e,delivered,2018-03-03 12:28:17,2018-03-06 03:50:46,2018-03-09 21:36:21,2018-03-21 22:56:45,2018-03-21,407aae22e9afdd8f5d7071d81c16e705,2018-03-03
eedec29739b2cc663575699ef0395f43,9a3dfdeb5cafabf423b7b55a31e7ab47,delivered,2017-12-14 10:47:13,2017-12-15 02:17:31,2017-12-18 20:33:30,2017-12-21 20:49:07,2018-01-04,b6cea300e317b079ac330a6a6993e92b,2017-12-14
a4da095fd83534c9f86f28e6f7eea0e5,3e277dd291df189c1328735fa3137686,delivered,2018-03-27 13:55:54,2018-03-27 14:07:50,2018-03-28 21:36:51,2018-03-29 22:37:41,2018-04-09,4795fb1b0d025528a80e2e9ed5b35a85,2018-03-27
ff74e94493932bd63924387d576ed9b9,d31dcc0549802457751f20cf5cad0dd5,delivered,2018-07-23 11:36:07,2018-07-23 14:31:39,2018-07-24 14:50:00,2018-08-10 22:35:31,2018-08-13,da937a7d9492a9edd33c27d3cfed2530,2018-07-23
2e59385ec33f6734c6e53346083771aa,92d18deff562d7fd00f78b2360cf7e55,delivered,2017-10-31 22:40:47,2017-10-31 22:55:15,2017-11-03 20:32:51,2017-11-29 20:58:55,2017-11-28,639a2f7f050e7e37eebaf7a74aceed51,2017-10-31
54f035e8fe3aed77e2f08fe415f0fc11,c2c57f3857ae54ec7a8bfad01d7e9834,delivered,2018-05-18 07:54:29,2018-05-18 08:14:19,2018-05-18 09:11:00,2018-06-08 12:06:55,2018-06-08,f341f2a516ef9dd013fa3cd0bf5eb126,2018-05-18
30a2a8e6ef2552f025074bb8b55dbd88,1c5a1cf9139b1ee9d22154f6a1af7954,delivered,2018-06-18 17:06:08,2018-06-20 02:55:07,2018-06-25 15:01:00,2018-06-29 21:46:00,2018-07-17,e66c0d8fd3d057f8d7042d3b7fd6e39e,2018-06-18
d16d1d91feaf7e5d293ea1ebb0a60b7f,a6fbea1bf9c455de2ba3f34d3564f5a7,delivered,2018-01-03 19:05:58,2018-01-05 17:08:34,2018-01-08 20:38:12,2018-01-09 15:30:19,2018-01-19,cf162fad1c50d067a65c60bb60a6dff3,2018-01-03
81735ad6dd715a3327f0c2faaccfd559,d1e1f84b1f9ef74ba87d2beb2985b05b,delivered,2018-07-03 07:24:52,2018-07-05 16:32:16,2018-07-06 08:55:00,2018-07-20 18:12:29,2018-08-03,ea09ad8868a9c8d05bf1747fffad8da4,2018-07-03
342d167b1d92106f9aa3dc7c963bdefc,bdfea960f3ebb5e69dd14408948c6150,delivered,2018-06-28 18:25:08,2018-06-28 18:49:53,2018-06-29 14:38:00,2018-07-13 00:21:35,2018-07-27,1e940198a8b1731fb11dc7df8193d18f,2018-06-28
83ca4ac8af7cb175c24225800f0e5abe,5d4aace3120cc536cff20637f15cc987,delivered,2017-02-07 20:57:58,2017-02-07 21:10:08,2017-02-13 02:25:24,2017-02-17 09:54:29,2017-03-10,99ff5c853e97490194a9c063c5062d6e,2017-02-07
5849288b1fecd09bf57fcb568162b365,7f52447b010fc613a7ea3b7718b6e7e9,delivered,2018-04-28 19:36:03,2018-04-28 19:51:06,2018-05-02 12:20:00,2018-05-08 22:11:44,2018-05-29,a0ba4be3b3162d5c6033725ddd480f42,2018-04-28
4b5648d8399ea47a4c323499045aaefc,efc8789bf5e94bec5ad00989e400776b,delivered,2018-01-24 08:41:17,2018-01-26 03:16:34,2018-01-26 19:08:50,2018-01-31 19:41:14,2018-02-16,96017af1dd248c23ffbb5807a770d5f7,2018-01-24
5e444d1399cf9f3de87152edcb0ff8d6,1d2900a05deae2e263b233eeecfda1ad,delivered,2017-03-31 07:55:21,2017-04-04 05:55:22,2017-04-05 08:55:37,2017-04-18 15:44:40,2017-05-04,138b60213f6f379273fa8cf49be14c8c,2017-03-31
a27544b4fea081b6353b05318c2d7944,5af63a2d0df1794fb3f30708e1d4cf4b,delivered,2018-05-19 10:51:33,2018-05-22 08:57:01,2018-05-23 15:22:00,2018-06-04 15:23:39,2018-06-08,a017de101a9c4fab4995c1bc81e737ea,2018-05-19
8cd07081d58878c95b461ac929fbc23b,b1082cf3c15c62400465f967a8497616,delivered,2017-09-30 16:58:08,2017-09-30 17:14:10,2017-10-02 18:46:27,2017-10-06 20:27:28,2017-10-31,4ae469b539c90b20a01d7015958a7943,2017-09-30
08b986f813ffdc9e5872992aaabf796f,aea2cf4df1922144129a0e8c2353a8cd,delivered,2017-05-07 17:16:27,2017-05-07 17:30:17,2017-05-08 11:44:48,2017-05-19 11:31:59,2017-06-12,e650a740f366df1d65e17eeda8cccb43,2017-05-07
fa0f0d1f0217a8e31b498715069cf94f,bc0030a83d0030a9030331ae69ba97ff,delivered,2017-04-25 16:31:43,2017-04-26 17:05:13,2017-05-09 10:23:20,2017-05-12 14:46:59,2017-05-25,1455867dac12a7a56e9f34f3648165e9,2017-04-25
46b18707c8d227291f47dcb0348320ee,f0403f63bdb7c4d65529edc5f97e7566,delivered,2018-02-18 22:17:02,2018-02-18 23:26:58,2018-02-21 23:57:05,2018-03-28 17:06:44,2018-03-16,6503b6c906579dd8155f2f6c31754d4d,2018-02-18
4e20d40902680dc223804050c2461abd,8c4946e7875097b10d6f021732685fa2,delivered,2018-01-14 20:48:53,2018-01-14 20:57:25,2018-01-17 21:04:26,2018-02-09 17:22:33,2018-02-14,7e04d5e356f71deec4b6275a4b5d1c7e,2018-01-14
9f158c87c1efef80cdc83375b0709f52,0355d9908ea1ed8e05ac5402d84e250d,delivered,2018-03-27 09:16:17,2018-03-29 03:10:18,2018-04-05 17:22:48,2018-04-09 15:28:19,2018-04-09,df5cdc06dbe8e5dd15ba1ef1bf304032,2018-03-27
be7d02ed4f9ec9a43ac0f6adade17ade,0ddf8285e8d523864efdb434122f13fb,delivered,2018-07-03 01:55:39,2018-07-05 16:23:22,2018-07-03 19:26:00,2018-07-04 15:33:58,2018-07-20,bd1e9f58ceff377262f6ecb84b6a7656,2018-07-03
6e717532e0002abd1bdb69428673bbce,8171ac734467c1cd84d15c6ede5ee70c,delivered,2017-10-24 09:53:54,2017-10-24 10:07:13,2017-10-26 21:09:58,2017-11-27 19:13:13,2017-11-28,50658d1d512126b98a482b1bee95c888,2017-10-24
4436e626db9585e2b35ab07c45ddaf2f,f83827c27a34ead29520a2c1713f4f1c,delivered,2017-11-26 16:51:13,2017-11-26 17:15:41,2017-11-27 16:43:14,2017-12-20 12:26:55,2017-12-26,9e8b41f1b15a206516f61638824292ee,2017-11-26
8ac5b235603eee2e21e36261b2df536c,2ea5983ec2edde5dcba726ea64e9fadb,delivered,2017-11-27 11:26:14,2017-11-27 11:35:41,2017-11-30 16:41:39,2017-12-05 21:32:09,2017-12-20,1dedbe50138a3540d30fe355776d2d6a,2017-11-27
481075dd01a45aee93425cfdf090a8ca,b4f98a2a8fcc3ce83778e182b1560400,delivered,2018-07-27 06:35:31,2018-07-28 03:35:15,2018-07-31 15:40:00,2018-08-07 15:59:30,2018-08-22,e2d97fc95eece649959f38c78dcf08ef,2018-07-27
1b48e0e9948536f454c10a2a97426f11,ef818121a19d344c36de34bd067b03c7,delivered,2018-05-03 15:19:21,2018-05-03 15:35:09,2018-05-15 07:39:00,2018-05-23 16:22:52,2018-06-06,8a750d94941ec716f0a3cd136ae5f2b1,2018-05-03
8a1a4c9d81475d4f07d558d04598e00c,853fb87bfc4f12205fd6a0f05109b995,delivered,2018-05-09 03:57:23,2018-05-09 04:35:17,2018-05-09 09:24:00,2018-05-14 18:38:49,2018-05-29,fad47992707a262559ac38f22e77ac6b,2018-05-09
9fbe5608458157efcf49b7aa98a8de21,ec0e36562424cb40524a6f9052249aeb,delivered,2018-04-26 00:06:09,2018-04-26 00:30:50,2018-04-26 13:42:00,2018-04-30 19:11:52,2018-05-21,cb0410a1b5e5e502a96d0f38c71b4293,2018-04-26
840d56f863cce183ed7b2340fe33a3b6,df79fbae197eb69df5ab1be54bc049e6,delivered,2018-06-18 08:59:45,2018-06-19 04:16:51,2018-06-20 14:24:00,2018-06-21 21:05:41,2018-06-28,7ca9bd2159dc3d9845e22d0387ca4625,2018-06-18
5ac6fb158e2f86376ad4f890ab300aad,68027fa28677c1800203d22af1ed6b51,delivered,2018-04-01 20:09:36,2018-04-01 20:27:46,2018-04-02 22:04:34,2018-04-03 14:22:27,2018-04-12,02a0e3c6bcfdfcbecbc4268ef3797863,2018-04-01
15ccd194a9fbbf9a0f31cfbf5c6677b7,792c7b0e8798d72b66e1a6ab58c8eb4e,delivered,2018-03-09 11:20:51,2018-03-09 11:35:25,2018-03-13 21:48:35,2018-03-26 23:04:03,2018-04-25,46b933a8136d2bc9766e27ded88ffbb3,2018-03-09
75cc0defdf90cda65066ce0ac171e2ab,50dfde165a2543d1410257c2593f5843,delivered,2017-10-08 16:49:21,2017-10-08 16:56:27,2017-10-09 20:28:10,2017-10-14 15:43:39,2017-11-06,f95a87af94e6784390f21b988aa60e5c,2017-10-08
f82b736a74919a3cd9432beae1d303f3,b9cdc82dae9ec4c24874e069b0e38eab,delivered,2017-10-17 14:57:06,2017-10-17 15:14:27,2017-10-18 22:19:54,2017-10-25 18:26:04,2017-11-10,fd4fa2fbee6828e5b1f3b5325a53b7de,2017-10-17
0197416059c0e56b5344bf2188066317,bc0a84ea7543ac13807feccb5bfccf4b,canceled,2018-07-26 17:20:23,2018-07-26 17:30:19,,,2018-08-23,d1c73ffbc43e326738aec07c5dacb8d9,2018-07-26
41b0c346ca595e5a94067d231e4106af,1f3cf47ae4ff41e66b69ed15d8807e77,delivered,2018-04-14 10:35:21,2018-04-14 10:50:56,2018-04-16 17:08:57,2018-04-27 17:54:50,2018-05-14,214b0a4ab9181f6b8d921a5af1ecee38,2018-04-14
9cefab6270eb935eb96a97c56b8e7984,91ec76836092bba85d11761078ed7bb5,delivered,2018-06-07 21:41:19,2018-06-07 21:54:43,2018-06-11 12:16:00,2018-06-15 17:28:42,2018-07-05,6edd17d0a29e2d4057e694afee5eaa3b,2018-06-07
ab459ccd2e24ef6d6390517c8b9809a4,fe510f4e4c3ea978c714418b91049d9e,delivered,2017-09-19 22:26:27,2017-09-21 02:45:51,2017-09-22 16:27:42,2017-10-02 22:45:44,2017-10-19,6b1b676621a55a12546f8eeeaa12d4a7,2017-09-19
a153ab048aac6f31d89d76a66bb0112b,1819b150ea6eebb9ab2aff49b8c2d01a,delivered,2018-03-20 17:27:50,2018-03-20 17:51:05,2018-03-22 21:18:55,2018-04-05 17:22:29,2018-04-11,8385f16bb09ada97360ef47132cfea7e,2018-03-20
e480a56eae420b7fbb29dbca2a7a21c0,18c30412c8d6607acbfcec075960df18,delivered,2018-06-14 03:57:51,2018-06-14 04:15:14,2018-06-14 14:29:00,2018-06-18 16:05:01,2018-06-29,a4f8a58334b10061969fe69db35627b2,2018-06-14
90f5df4b93545613368423eabb62c169,f0e0dbba81ddae5b144193ac233c2265,delivered,2017-05-07 10:06:51,2017-05-07 10:15:13,2017-05-09 09:03:10,2017-05-16 13:42:04,2017-05-31,0b588dd082c6a0c510c790488f14a86e,2017-05-07
b1b1f1599820d6e5bfa1f1d74236bfcf,8000019b04e81d5db75e298b308462e5,delivered,2018-04-03 00:01:57,2018-04-03 01:10:09,2018-04-06 00:16:46,2018-04-13 16:11:59,2018-04-19,7ba7e144c6b6132beb8826e32bfb8565,2018-04-03
6eafb3047f5d0c7cadeec9d129f0e4d0,40915d2aa40e340e13b8635cf59048d3,delivered,2018-08-26 21:55:14,2018-08-26 22:10:24,2018-08-28 14:47:00,2018-08-30 01:41:43,2018-09-06,9858c785781f08bd45191d685e5034f3,2018-08-26
9f0259b267d9512248417a50d54540cf,625edcc188ca609ae2788cda38246c0e,delivered,2017-11-11 18:49:48,2017-11-11 19:10:20,2017-11-16 16:57:01,2017-11-23 17:41:52,2017-12-04,d6aaf976d665faf649c1ef68efad943d,2017-11-11
dfc62a9be450bc1488b82749356c90ff,dc0e146d1028aae4e6737f34073a444a,delivered,2017-09-17 01:09:23,2017-09-17 01:25:07,2017-09-19 15:04:48,2017-09-23 14:03:46,2017-10-11,32c4fcfaac74834ad27dbd738d0038c9,2017-09-17
fa363ceded15b46744459dd87ba1e281,8f746bce396cf1dbdf7c8d7490860ed5,delivered,2018-08-09 20:56:38,2018-08-09 21:05:12,2018-08-10 15:36:00,2018-08-16 00:28:41,2018-08-22,2b2896060944d2d39e46d833324116bb,2018-08-09
2d3b53a594f674cb7c476510f364c430,44df8804e697ce5459df82c94d15b301,delivered,2018-07-26 08:51:12,2018-07-27 02:11:03,2018-07-27 14:50:00,2018-08-13 19:02:36,2018-08-16,80282a1a77281692a0339c2a08d0e6af,2018-07-26
eeed74d6d3ce08beef12a41652dfc03d,7991bedd6132df109af2d9735ccde51b,delivered,2017-10-07 17:11:22,2017-10-07 17:24:57,2017-10-10 16:03:18,2017-10-17 23:42:26,2017-11-06,2900ec7ec8cd343cd80c0a4e3043642e,2017-10-07
3db26f82a9173b4f87df15e4b6028954,56535b8fdcf51ee5d387b24cfc71e5aa,delivered,2018-06-05 16:32:04,2018-06-07 03:12:14,2018-06-18 10:12:00,2018-06-28 09:08:31,2018-07-19,ff55554082f5ae23537230286bd696c8,2018-06-05
6e941cee87f8cc0796ccab300f9afc90,43637cfdbe878616b3930aa886f7fc0a,delivered,2017-12-27 10:47:25,2017-12-29 02:09:49,2018-01-02 21:45:49,2018-01-06 14:09:46,2018-01-22,a07fdc8d97c27ce11581121d5cc731af,2017-12-27
b278e32520c84b90579da72688800ff6,b540304457f0fbc4b43baf7e018f8e5e,delivered,2018-08-19 22:10:33,2018-08-21 04:10:37,2018-08-21 12:07:00,2018-08-29 01:13:43,2018-08-30,c3dd09c8a95706ebcccb86a6bbe89a75,2018-08-19
f26d3cc4231c7230b8603f2beede9ea9,4449f5b696c59a721893ab94915b6b3d,delivered,2017-07-02 19:43:24,2017-07-02 19:55:12,2017-07-04 15:17:47,2017-07-05 17:39:46,2017-07-25,f7dc693a9ec030c4dd95391055c0e549,2017-07-02
e7ea0f8156614d3c1bb279fa70085e85,183394fbd1542699bb95665e6347955b,delivered,2017-06-13 11:58:49,2017-06-13 15:32:49,2017-06-13 15:36:45,2017-06-17 11:57:51,2017-06-27,b43757352445858454095433204bf8df,2017-06-13
d95feb184596a27a70144e63e635ed5b,a7e7f8dff23d4445f62bebd3c2b0078e,delivered,2018-02-28 20:52:34,2018-02-28 21:08:56,2018-03-08 16:25:49,2018-03-15 00:21:58,2018-03-15,52c228dabd40f7d46ad2caab73b5180b,2018-02-28
131ca8643d9f990f2ab26e3a33ec7950,21e11bcb4f1fee9d56abf583189acfa1,canceled,2017-04-09 13:58:55,2017-04-09 14:15:06,,,2017-05-09,96c3c1f974629f2fd7f4f5abfa5abde6,2017-04-09
a1e28dc56f8cf4e569b82f93dfe131f3,bd49f912065ce38f6a946e382e29493b,delivered,2017-09-29 20:48:53,2017-09-29 21:04:28,2017-10-03 15:34:19,2017-10-09 22:03:19,2017-10-25,57f5a5b73f33d46349e142499aaf521d,2017-09-29
dcae1a4fbc7d4b516388c70ee2cb9cd0,fe49969f691a19b92762d85744ec8226,delivered,2017-07-18 20:04:25,2017-07-18 20:15:15,2017-07-19 12:12:10,2017-07-24 18:17:48,2017-08-09,aec17bbaff43f7d302094a3169d8a1ce,2017-07-18
7097d0ede6ff53506d935488dbe68d0e,f18c9c2c743235c954d20b22db99addd,delivered,2018-03-01 17:28:28,2018-03-01 18:09:41,2018-03-02 21:46:37,2018-03-05 20:13:15,2018-03-13,11157a1fdece56bdb0f96917d9b84a68,2018-03-01
9192612efac0b1aa7021bdb29b2f96e3,7bf278be7f3c9dda45b95d5ec2e5f8f1,delivered,2018-01-23 18:34:37,2018-01-23 18:55:39,2018-01-24 20:41:55,2018-01-26 16:05:44,2018-02-08,c857179786141745a4cd0af032ff4ef1,2018-01-23
fe2acdc8b73107a92358adf3005a5433,3f164ed2911cd505baca4a985fa57fcf,delivered,2017-09-02 21:37:22,2017-09-02 21:50:24,2017-09-05 15:18:34,2017-09-08 18:12:57,2017-09-22,657900a4a1fe79706fa95a9f1f2ce628,2017-09-02
21196c30747231d579091396af990f0e,af0b8113382552fc46061dd3a2e1c186,delivered,2018-03-17 09:25:36,2018-03-17 09:35:21,2018-03-19 23:51:34,2018-05-15 18:23:50,2018-04-10,76b008b32aff5aa8cb57b5e2c9a0ed87,2018-03-17
81a3c1a0ea3b09bad9d4e0a6a3683f4e,e05bcc70a42c95be8c4ba141fc5830e2,delivered,2017-12-31 10:07:18,2017-12-31 10:14:30,2018-01-02 16:04:17,2018-01-04 17:38:35,2018-01-18,89f7c5e3da839cabad742eadf4731db2,2017-12-31
e2f55ffa361f22212fa093de97e60fec,09277ee4061f1343433859dcdbd838de,delivered,2018-08-03 13:46:47,2018-08-04 12:30:13,2018-08-07 16:54:00,2018-08-13 16:46:56,2018-08-08,ff94b261b86d607ffd45ccb61653aa94,2018-08-03
2d1e8425264efd28cc7993f5a8ab2c63,c03824cdf2dbec0c161f58640c655398,delivered,2017-12-04 10:50:18,2017-12-04 16:32:05,2017-12-05 15:07:52,2018-01-10 23:09:20,2018-01-04,c96a000359d22838b2618dd2c6f69eec,2017-12-04
5d44680d813424f9941feae7cc4cb12b,e172f3db7edcbb3a8de8fd4077a1be8b,delivered,2018-04-03 18:29:32,2018-04-03 18:49:53,2018-04-04 19:54:25,2018-04-06 19:14:21,2018-04-13,ec80941e64feb489e07144d4c8fcbdc3,2018-04-03
0c87b31e37ed8557e234cec91546d4cc,f2c2929ca63895910ff61424f0bc86f6,invoiced,2017-11-11 13:14:53,2017-11-11 13:30:33,,,2017-12-01,c09ad1f436009e3ef04db880abc5055f,2017-11-11
6d4cb52fc88ff9535115b7faae8c69c9,96f7db3d99ec562e13488b381df10db4,delivered,2017-12-14 23:24:00,2017-12-14 23:32:59,2017-12-15 23:33:50,2017-12-20 23:22:51,2018-01-03,fa9904d20121b8aaefaf423be13546ed,2017-12-14
9913ce9487d390ef37cd3b6cc3883f0e,396327c2beeede33bdfc47d59e31cbcd,delivered,2017-10-04 11:17:57,2017-10-04 11:28:23,2017-10-05 20:43:42,2017-10-19 15:49:09,2017-11-07,7d10152cb7d145696c69a726540a1afe,2017-10-04
060b4964af74f7046c4bfd56ddeeb7e7,6ed05c8a41811fd62c04a36cfabdc3fc,delivered,2017-08-15 21:13:40,2017-08-15 23:10:21,2017-08-18 20:29:30,2017-08-22 17:07:44,2017-09-14,1dc03b23f85e6846bb6de8a55d58994d,2017-08-15
befa6a368509da9057c98129af8321d1,60b2dc4d4414526a06f5fe22755855b5,delivered,2018-03-31 11:59:29,2018-03-31 12:10:18,2018-04-04 20:43:38,2018-04-09 19:08:27,2018-04-23,0a70420176dde077a1cc1cea2ca7595d,2018-03-31
bd83b6f65b3811546509a46108ba032a,cd44fe8fac60b5e17f76002aa97b2be7,delivered,2017-09-02 14:01:46,2017-09-02 14:15:11,2017-09-04 19:42:19,2017-09-08 21:04:00,2017-09-27,dc8c00e5332f7efa00a561303a60941a,2017-09-02
c93fec125b9d71dea70c1fd543683ef3,abd5239bc1c0c611f80ef3c3d2e6ae9d,delivered,2018-07-24 23:07:46,2018-07-26 03:05:13,2018-07-31 14:24:00,2018-08-20 13:08:51,2018-08-29,0ec84961e69f1e31b1e0086fb1f3e88c,2018-07-24
9725871b2a067d972355980be11e7d1d,10485a34b74fc55cb3502f137335a9f0,delivered,2017-10-18 17:23:28,2017-10-18 17:37:11,2017-10-19 18:48:28,2017-10-24 17:13:48,2017-10-30,3c074185e3b7522767c519164ed0e143,2017-10-18
e9f0c4fe73c293e664edaa5e8a9b04eb,5bc63bfa9fad976413b01b4b6d3f2874,delivered,2017-03-19 22:05:51,2017-03-19 22:05:51,2017-03-21 11:29:44,2017-03-29 11:28:05,2017-04-19,f49fb63bffcfd4315174e055c43ee645,2017-03-19
e3a6058779988efb31c8de43676a8783,64efaeaf280d89a6f2a4134d2a677c87,delivered,2018-03-06 14:44:08,2018-03-06 14:55:59,2018-03-08 14:34:12,2018-03-13 21:41:46,2018-03-16,4a3befd6d52937c59c535f683c0cc5d8,2018-03-06
d81f58104990dbe67a63f3001b38b218,7b2081c8a1726c88f22ee93b17d29156,delivered,2018-03-04 19:39:01,2018-03-04 19:50:28,2018-03-06 20:49:00,2018-03-19 23:52:18,2018-04-03,6d188e1f3134d02c58c021730e044c7e,2018-03-04
7ec00b7266a2e8826ba86a7509fb7939,f6920373a8a14434f959e893a803a48d,delivered,2018-06-28 09:27:34,2018-06-28 09:51:09,2018-07-02 14:22:00,2018-07-05 18:56:39,2018-07-27,ff6dbcd4f418c61c54eb7c70fd301214,2018-06-28
e1010fc08b7bc6c1d8c94a956ead0140,97ed0aeab356413bf2d96d48e779b0d1,delivered,2017-11-29 13:36:01,2017-12-01 13:33:04,2017-12-04 20:52:56,2017-12-15 22:34:20,2017-12-27,138f21cf4051b4751edf96e904ba8504,2017-11-29
e1c1e7f914409797c3cf9d3bb9f93356,587cd029767db6468eb78ef30fbfef36,delivered,2017-09-16 12:02:17,2017-09-19 03:44:02,2017-09-19 19:12:32,2017-09-30 15:03:51,2017-10-16,9ac6444ace455b3120db45d86abfecb8,2017-09-16
f2a634fd6829278af09d901f172f769f,f952ed83b5d1349c0e1cc315bd7c66a1,delivered,2017-03-29 23:37:15,2017-03-29 23:50:24,2017-03-30 12:01:35,2017-04-18 16:28:22,2017-05-02,dfd24a4f48d371b780c7fb0c84fcf608,2017-03-29
b5fba0269666bbf33bc320fb533d32bb,adc76ad3f586da3b26af977cc461ffa2,delivered,2018-07-26 10:31:39,2018-07-26 10:45:11,2018-07-27 14:50:00,2018-07-30 13:09:08,2018-08-09,2b8b0a82ecf5edb76c0fb304e2c506d5,2018-07-26
c89cc188bf7fe39307862cb3dd2d0234,d4db2de03a978cc57f508a11822da55a,delivered,2018-08-27 21:27:13,2018-08-27 22:03:49,2018-08-28 14:19:00,2018-08-29 19:25:44,2018-08-31,01b3e064c4fc4372a269bdc02c131850,2018-08-27
18dcad31c503873cc41e0ed48581b80c,edae9aa824f15c8806fd464af085ab00,delivered,2017-10-25 16:56:35,2017-10-25 17:35:18,2017-10-26 18:32:57,2017-10-27 14:40:10,2017-11-07,834d784a0893881d5586139adfe41ae9,2017-10-25
7dfff541b2a848ecb18ceb83d02bfa6a,5510a0757de57b34e27fd23c1942793a,canceled,2018-03-23 13:44:28,,,,2018-04-11,42befda568ea0df110b6cec63c233bea,2018-03-23
1af2f4aed1b8812719266b0a8f496c51,2b6d4b977adc3032007a434c6624d4e2,delivered,2018-08-20 11:32:31,2018-08-20 15:11:40,2018-08-21 13:35:00,2018-08-28 17:56:36,2018-09-18,4969dd7ba634962d85a8a10242aa4c0f,2018-08-20
b0b3fdb18ad67062364d7717801e7276,bbb7b12bdc6176961cf2771aa1ffb6f2,delivered,2017-12-14 19:49:04,2017-12-14 19:56:29,2017-12-15 16:13:24,2017-12-20 17:22:24,2018-01-03,fd01708df0f17a7209d01885e8d453ec,2017-12-14
ade0863d75391c3ca83985f0b3c681e9,7606a0ab620848954d04ab711d463100,delivered,2017-10-09 08:07:47,2017-10-10 03:27:10,2017-10-11 12:53:33,2017-10-19 19:18:47,2017-11-06,29488261a24e871ffa002bcb2af944c0,2017-10-09
028369515408fa864cfe50091d4e76c5,dc9919c18e50e3160afe68a91cfcbc6a,delivered,2017-09-01 16:48:51,2017-09-01 17:04:34,2017-09-04 17:36:47,2017-09-12 18:08:31,2017-09-20,c6d44715bc4825c73c205c39646c648a,2017-09-01
d82b278ce974fb241a84117441013d91,fd11570db157f0097d9e0e3dd79abd7c,delivered,2018-06-05 23:02:08,2018-06-05 23:15:12,2018-06-06 13:40:00,2018-06-18 19:07:26,2018-07-17,6c7bfbe4cc40065ce6de8b815868a7bd,2018-06-05
d0405d0cd3a0ddba64c30a078681a88a,faf0fde78922beb33e302d458492d55a,delivered,2018-06-12 17:59:49,2018-06-12 18:46:06,2018-06-15 10:17:00,2018-06-18 18:15:45,2018-07-04,c326cd6e78ae9b11f8fee1bb7ac9b441,2018-06-12
c78002d8d0b24765aab06e16d2830d34,fb0e3031b682ab120b14837e01cdf839,delivered,2017-12-19 12:24:26,2017-12-19 12:35:23,2017-12-21 10:56:54,2017-12-26 17:27:15,2018-01-12,63a53df94645db327e28b29d34940e52,2017-12-19
3b694fa216b9963c2df0ad993a355551,d2d83da97b053656de05c3a2184666e5,delivered,2018-04-04 19:53:45,2018-04-04 20:08:46,2018-04-07 01:42:39,2018-04-12 19:58:29,2018-05-04,4f1455bdf967d9144c8f55c7b99bbdff,2018-04-04
2c63e270d219f86dbe627ef7a0d41ce7,f21425113f7f4bc3d60f088b01a73eea,delivered,2018-05-23 10:38:35,2018-05-23 11:18:38,2018-05-24 09:20:00,2018-05-26 15:42:26,2018-06-22,6a2f3c03236d6f4f50b171045118cf65,2018-05-23
26466061ecf0630db081aea8581b871b,c278d9844e8b4f2dfa6edaea27845e8d,delivered,2018-06-05 18:50:22,2018-06-05 19:13:40,2018-06-07 14:41:00,2018-06-14 15:55:33,2018-07-04,93337754f95d4413a1a0cf3478a678f3,2018-06-05
a7e2b533f4bf5f5ded309f01bb300730,7a20e17b2f3665e25b0bc87a9226c9ec,delivered,2018-01-27 20:49:20,2018-01-27 21:56:20,2018-01-29 21:58:43,2018-02-07 00:33:53,2018-02-21,2b40bf9f14aab6d327d27d8d3752f672,2018-01-27
24c8003803586c800fe8645143192241,6f510b16fcaa737beeafa19c95af5df3,shipped,2018-04-06 11:32:38,2018-04-06 11:49:15,2018-04-07 01:23:23,,2018-05-03,4d8d59ca867369b16ccbeacf047a1797,2018-04-06
74da1d033cecf62865d267673aeec395,b89e9470ac0765974182763a36b3509c,delivered,2017-07-14 09:48:58,2017-07-14 10:03:50,2017-07-14 20:37:51,2017-07-21 17:54:27,2017-08-09,0c95f9d075d059aa3cf7bc215d5ba259,2017-07-14
c6948180eccebcf3de3c415cf66c4d31,9474c88e2c74a79cf973ac3cc602d115,delivered,2017-05-31 20:48:17,2017-05-31 21:02:46,2017-06-01 14:55:17,2017-06-12 14:19:35,2017-06-29,b4b93491c3e5b9ab873b06848b83ad3d,2017-05-31
28f07abcb98384e4f6999f70c7ff3d13,c5579007e4d4b4985957c919a7d40923,delivered,2018-01-22 21:53:53,2018-01-23 18:55:38,2018-01-31 20:22:39,2018-02-10 19:08:53,2018-02-06,2a0268b911553ed982a5f628d5791445,2018-01-22
63f4ff5d2266b242ba0ce7c3ad390029,8830eaba57f7db8ff493f4e2c3da5df2,delivered,2017-01-22 22:54:32,2017-01-22 23:05:12,2017-01-23 17:53:33,2017-01-28 10:04:43,2017-02-16,a79d550defbe2232aefb4a509c61df55,2017-01-22
de5a57660fb17fcd0cb97f5874739ddd,9ad489cbfca3108732b7ab27822d27ae,delivered,2017-12-07 11:31:41,2017-12-07 15:01:27,2017-12-07 23:03:52,2017-12-13 16:57:58,2018-01-03,799334967f7566cb74d5fd4a094d281b,2017-12-07
9bdab6a58999d4197bb9182919f89712,14abc38209ac63b3da1249632c8cb072,delivered,2018-07-31 13:06:11,2018-07-31 13:30:41,2018-08-02 17:46:00,2018-08-07 15:38:44,2018-08-30,27aea16254196d2f9e9cff771d053fd8,2018-07-31
d4af27263fce5b006a6818766ed90fc9,c5b4ff6e1567dfcf1c3b4a17d82e9f25,delivered,2018-04-02 13:13:36,2018-04-03 20:35:18,2018-04-04 17:58:38,2018-04-14 17:26:44,2018-04-20,29822ca08dca951a79be070855d1126f,2018-04-02
a05b1831c01baf69ce6c81050cc1405e,48a8f1d33cdba145864fe26e90836426,delivered,2017-10-05 17:29:12,2017-10-05 17:49:23,2017-10-06 19:53:20,2017-10-10 14:59:01,2017-10-30,1fe283522bf857540bebf8fe31a88625,2017-10-05
8258256a5491a4e80cbc6e6d15362318,a6a7027e587c3971f7a7dafa9d91d505,delivered,2018-08-14 09:39:16,2018-08-14 09:50:19,2018-08-16 14:22:00,2018-08-23 00:03:19,2018-09-17,24a305ebd4a90674972ca0db342eccd7,2018-08-14
51e165f36c599cd6ae24f289356abcf2,ce615a5a4fa08c571a77c268f87bf041,delivered,2018-04-14 09:33:38,2018-04-14 09:52:13,2018-04-16 17:08:47,2018-04-23 16:52:05,2018-05-18,98d9a0f7e940e0750fbf72f9aaab1210,2018-04-14
862492c97a277f223e8cb4d665d80c0a,3620f09ca2a6965b41b067de5a1d6ce3,delivered,2017-10-15 23:13:26,2017-10-17 03:46:09,2017-10-23 18:37:34,2017-10-27 20:30:00,2017-11-01,a3f06c3a804d6dfdd6a8804cdf51ba8d,2017-10-15
a1453ee829c85db898c6fd3f26257869,d186aec9693a9d91e1330e198bfedb07,delivered,2018-07-21 22:35:58,2018-07-23 11:32:18,2018-07-25 08:11:00,2018-08-03 18:11:46,2018-08-20,58ad94c521ac249ea3349c4bf19df446,2018-07-21
625b3de89355b67e8efec2e3c467d6e0,18612b0caa6abd8c64a1240be7f0c06c,delivered,2018-05-29 19:35:03,2018-05-29 19:55:54,2018-05-30 14:45:00,2018-06-05 19:18:27,2018-07-13,81049fb7201b75daf7ddf58d24e68271,2018-05-29
5ea205e81046bea9b90ad14ff700c7a3,1e85afbd5e188c31651496ecc7299f55,delivered,2017-09-28 15:30:58,2017-09-28 15:49:12,2017-09-29 15:06:59,2017-10-18 19:37:41,2017-10-26,71277c015b606ecd63f5a907f91f72fb,2017-09-28
6785185e9e3d0e547f7c6ae8acc7356e,e7644b4abf70acf83a1766709dff7300,delivered,2017-12-29 13:08:14,2017-12-29 13:16:30,2018-01-08 21:14:28,2018-01-27 16:12:10,2018-02-06,abe7fbb6b31c5e63c8f191cc812719c2,2017-12-29
23a2b629fd7a428b5ba4587794ff8b56,7094766b39435a8925152a0f675449ec,delivered,2017-12-25 22:38:18,2017-12-25 22:48:20,2017-12-26 21:13:41,2017-12-28 19:41:58,2018-01-15,5a6e80d57bdde6b3a600cfae0c2f5e43,2017-12-25
51122623ee1ccdaadbb6fcd95f077d8a,bfa4d52a5bd197fec9654daa897d31ff,delivered,2018-06-20 10:08:53,2018-06-20 10:44:04,2018-06-21 13:07:00,2018-06-25 18:21:46,2018-08-02,03d73cd84b44ec9fa4b642f38964236a,2018-06-20
7369ddd3164bb598080bcee19efcc482,ca964cdd8f4bf762b684016a0fc04648,delivered,2017-08-03 16:55:25,2017-08-03 17:15:21,2017-08-07 19:19:26,2017-08-21 17:26:50,2017-08-29,01029c2615eacab8d39f0450e6b0bef3,2017-08-03
a9b929204be626d61a1d60d47e6b52bc,d7342522c8c12afa8013c3fe8346a140,delivered,2018-02-22 19:18:21,2018-02-22 20:00:28,2018-02-27 17:43:07,2018-03-06 21:42:35,2018-03-15,6e620488162fe1129d32f26b751d770a,2018-02-22
7f8f6e7d331e83effb58aa14f32cad44,45127f59fac3645efb3f2c3c185bf0da,delivered,2017-03-26 10:23:11,2017-03-26 10:35:12,2017-03-30 18:46:10,2017-04-10 07:37:54,2017-04-13,2c257e7df1ba0a98ac35fd4c2f800c5f,2017-03-26
3bea0e06ec73730c80ae149e9ed771dc,82e7f0a303085c904489cf8f1f12e90f,delivered,2017-06-15 14:12:15,2017-06-15 14:25:09,2017-06-16 13:33:51,2017-07-04 15:36:42,2017-07-14,de4c4059484b9bbe19b1209b2fa1402d,2017-06-15
3d984081eecebc3fd30edbe5ae5e7d41,92afaf8b08037607081765e9a164cda5,delivered,2017-07-06 14:35:51,2017-07-07 02:50:56,2017-07-07 15:57:28,2017-07-10 16:59:37,2017-07-19,ca351ac4e669ece31edfa3390c2816ce,2017-07-06
a2e7ee5b65839d1ba92e67c6f3f50269,f9a942e123f26ef3b2837f9b90e52bfa,delivered,2017-07-27 13:03:53,2017-07-27 13:15:20,2017-07-27 19:23:43,2017-08-01 14:14:05,2017-08-21,8c07bbd74c60a5498b2bc1015d48bd60,2017-07-27
46dc14e76e68252f0c7883545008ca1a,ca1ce0a2e3183777adca318095032f3e,delivered,2018-05-31 14:14:16,2018-05-31 14:31:28,2018-06-01 12:29:00,2018-06-07 11:18:33,2018-07-04,ba2876ed238dc255e4d6c93fde11e6a3,2018-05-31
a6739d71ac53122c06071dad1d765a49,43564b5cdf4b3a18d4956a3f31a14b14,delivered,2018-08-08 18:35:51,2018-08-08 18:45:17,2018-08-13 13:30:00,2018-08-21 11:41:55,2018-09-10,55ede04c78726dd791684e2e1c2ee049,2018-08-08
cf71b9b6b7ed12d72f541b0420023f19,12698ad9da6b62003811594de0ae297e,delivered,2018-05-09 23:33:28,2018-05-11 02:57:52,2018-05-11 15:45:00,2018-05-17 22:31:58,2018-05-24,4fc1e9612fcdb4be77de970298e7b81c,2018-05-09
908614c6fc54de3da2958fbd4bb8d00b,e304599e7f4fa5cf0656a59352d11e59,delivered,2018-05-08 18:05:59,2018-05-08 18:31:41,2018-05-10 09:55:00,2018-05-16 15:14:38,2018-05-29,6f5c520441c9bc24dac10b7db24814e7,2018-05-08
6b72ab4c6bc0454a467b4771bd9e1828,54517409e1cc02ae9fc3d71c4b55c996,delivered,2018-06-27 00:47:32,2018-06-27 04:10:34,2018-06-27 10:06:00,2018-07-04 15:32:20,2018-07-31,f9d702054e1ba3548524848404fac1fe,2018-06-27
476b812a7e4fc972646eb390517bddcb,18a1176652a9344ba489fa4ccaa3c20f,delivered,2018-08-18 11:09:12,2018-08-18 11:30:54,2018-08-21 12:07:00,2018-08-30 16:56:44,2018-09-12,387207b587c829c6678a03c8b711ae1e,2018-08-18
6b65889f1f3082cc3bcdffc01cb70a78,dc2c3e66bb0a33afc1abd179a7e7b42f,delivered,2017-05-29 19:52:53,2017-05-29 20:02:43,2017-05-30 13:02:16,2017-06-05 13:58:00,2017-06-21,30367ff019dc0c14b5b310e189010938,2017-05-29
00a843f5a80c7aea894c558acc29f513,fd967f807427c24072652b1f62d4fe47,delivered,2017-09-01 13:09:44,2017-09-02 18:55:14,2017-09-04 19:04:27,2017-09-11 18:17:25,2017-09-27,2c06826e53407560a26cc44d66d22726,2017-09-01
d051c76aaab0eca195d53f6c3411793e,89404eaaaaa93baa948bbfa66d3a27c9,delivered,2018-04-03 22:25:37,2018-04-03 22:35:17,2018-04-17 23:12:16,2018-04-18 15:24:50,2018-04-23,5d1e0feb8755d0039941ca7b82c9ae32,2018-04-03
aaba8a4672d1dc9afd30ac83b4c024f0,5cdc529a6c5a4e1608532af45ebced43,delivered,2017-09-04 15:34:41,2017-09-05 04:44:10,2017-09-08 21:04:46,2017-09-22 12:08:16,2017-09-28,a63bbb542ab783d6eeb5b453301dd07e,2017-09-04
45e4d1d16d017409456807846ea959e9,9133cb90522f72e75f73e9a200ab61ec,delivered,2018-01-01 11:55:49,2018-01-01 12:06:20,2018-01-02 16:29:20,2018-01-22 12:41:22,2018-01-18,5e8917cb4d238a5de3f14d560a8a0c4b,2018-01-01
7b994fc7c7528d2098eebcb19d18ce7e,81ad00659acc734aa6a7eb51a27f93c3,delivered,2017-08-25 09:15:51,2017-08-25 09:33:16,2017-08-29 10:46:29,2017-10-01 13:52:43,2017-09-25,ecb43665c8c390857cabf385d918da87,2017-08-25
667f0b8cc6b5403505c451a200a9bd28,5f3cab40b9c76001b8ec754e761e59cc,delivered,2018-08-11 08:49:33,2018-08-14 04:30:25,2018-08-14 14:13:00,2018-08-20 23:50:44,2018-08-28,f09251dec40df7c4d1a57b73e8b35f74,2018-08-11
85f52f3fd75e742901f896c46fa90626,2cfc27660e8f5fc3feff3ec8b4188825,delivered,2018-02-19 23:05:08,2018-02-21 06:20:21,2018-02-22 00:13:57,2018-03-05 18:26:56,2018-03-09,372c2288176f90799ee193bc7d95dc1b,2018-02-19
2f48ebdc1794aeb862ea825214ef13b4,ad434552da755c6bd7891853096bfb7b,delivered,2017-05-09 12:44:35,2017-05-09 13:10:28,2017-05-11 10:36:51,2017-06-06 17:00:38,2017-06-07,115913d019289154e2f6cbe26ed8ae68,2017-05-09
45c6469f0136458ebcb1ae34e7a4c3b9,0b000057ede436dbb104e5378e0b8888,delivered,2018-07-04 21:30:21,2018-07-05 16:35:41,2018-07-06 08:50:00,2018-07-11 14:52:43,2018-07-25,ba3ee39157b64298b0d0b18b5bae5e7f,2018-07-04
6ac13251ad16b89d0610936bbe6a4d18,78ac64f5a8847d149315a3228139aa8c,delivered,2018-01-29 23:45:48,2018-01-30 00:35:25,2018-01-30 23:23:27,2018-02-16 21:53:06,2018-02-21,af7ab2bcd32f1995ebba38007e3e5ce0,2018-01-29
84aa61a900410cfe26b57337d376a1ae,f50f06955b219d8e41a1f07ec392fa26,delivered,2018-08-16 10:30:31,2018-08-18 02:35:23,2018-08-20 22:36:00,2018-08-21 19:06:32,2018-08-21,b948343ff2e4e183e27e22ca63968d2b,2018-08-16
6be21280d401645f55cf3310fbffdd35,0dc854e2d960e065785a2725be47c82e,delivered,2017-11-25 09:30:01,2017-11-25 09:37:53,2017-11-28 17:38:44,2017-12-02 13:28:05,2017-12-15,4e0bc30ac3248ad1735b98bb6d65472b,2017-11-25
9ec41066fe9773c225c01e1a10bee705,88d28eeeb569b3f9acf4a1201b8cc38f,delivered,2018-02-28 21:31:09,2018-02-28 22:07:42,2018-03-05 10:42:53,2018-03-26 15:51:44,2018-04-03,8e6778e57f11d27fdad9007241a86d6d,2018-02-28
24bec12ba7b3031b71b87a14bdc19e60,2824a4e97e1ab2ca38bf9d6a530e22fb,delivered,2017-06-13 15:06:57,2017-06-13 15:22:50,2017-06-16 14:42:49,2017-06-26 14:44:33,2017-07-06,fe734e0b1bff1c3eae41b269bb64c503,2017-06-13
83eb5fab753293927c17ab15fa582eaf,33bfd1a3202118716fd4be8167a4d2b1,delivered,2018-04-09 09:01:39,2018-04-10 03:35:32,2018-04-13 16:19:32,2018-05-04 16:12:37,2018-05-09,a3bb0985613cffa74e31739b234b3b2b,2018-04-09
c9ef97d2854afe64a3b4488bc2836af6,0a29abf475fb8039d2775913d6f0b6f0,delivered,2017-08-05 16:59:05,2017-08-08 04:25:34,2017-08-10 16:40:11,2017-08-14 18:13:03,2017-09-06,840f10bde3c94907105e032d9c2fec3b,2017-08-05
f94a0462cf50552772e515493550bc4e,6d57ec6cb7ed54490d99bf28d64aca94,delivered,2018-02-19 13:04:45,2018-02-19 13:26:38,2018-02-20 18:39:04,2018-02-21 20:33:26,2018-03-05,9f0d0fb71d7bc7118f796cd153025e35,2018-02-19
153a52cca2eafba8af5b3ca18eeb5d5b,b2cfcf3f9855e586fe7a9585ba22808d,delivered,2018-01-17 22:43:12,2018-01-17 22:52:23,2018-01-19 00:28:38,2018-01-31 00:55:43,2018-02-09,15ebaedcf28fa4b46920a1a8c9e1b207,2018-01-17
206fb6b6ca61077c62e2c6bc2f649a9b,99a84f3bcda9feee6fda3b7e30cf9b56,delivered,2018-01-29 08:15:15,2018-01-30 05:31:34,2018-01-31 23:06:54,2018-02-17 20:27:28,2018-03-05,08dc1d191074db125578d982e3d51e12,2018-01-29
2548aa48f7db62d5579e7e20ae85ca03,c2c75371ac7de122517db15e9765379b,delivered,2018-02-21 16:14:42,2018-02-23 02:30:31,2018-02-27 01:48:54,2018-03-08 14:49:44,2018-03-15,56b479a26c2aafeba20e05b7e1fc2bee,2018-02-21
1d95cf3b52cc2ad7084239c958274b5c,a1a5674fd174758b3354917989a031e6,delivered,2018-07-18 17:09:59,2018-07-18 17:25:11,2018-07-20 10:12:00,2018-07-23 16:58:00,2018-07-27,759d5a6eb5766eebec44e42e23af4b17,2018-07-18
f7f3fabc083edcb99e4be7381a60e660,301ef7ee93ed74b67c6d1741652b8615,delivered,2017-08-16 08:54:46,2017-08-16 09:25:15,2017-08-29 20:56:32,2017-09-08 22:52:54,2017-09-05,ec4fc9f64fe6997d6e902fd383cb4f53,2017-08-16
b6ee1c3dc0d943c0e1e18a4fb936a693,107c1643b1a92f4749b18a5583ec924f,delivered,2017-11-25 16:29:47,2017-11-25 16:51:41,2017-11-27 21:52:19,2017-12-05 00:58:59,2017-12-18,0e2ec5f381f65de2a9946e1211aef44f,2017-11-25
deae638b4d60be5de34c13bf68b5850c,172e8628eb28987923ac836006e1309e,delivered,2018-06-04 04:15:04,2018-06-04 04:30:11,2018-06-05 10:53:00,2018-06-13 16:17:41,2018-06-28,061b86395a4b70077d2db1d1f5290c30,2018-06-04
97ea8a6df3851db9452426e8aace15eb,678316fc81f8e125073131039e379c77,delivered,2018-02-04 18:59:41,2018-02-04 19:15:29,2018-02-05 17:44:11,2018-02-21 22:09:44,2018-03-13,d4b85792b332960764a216fccc6ad779,2018-02-04
a15cd71dd4db516dde35ccc4ca07c3e3,d00721faa206f3fcdb55ab2422717470,delivered,2017-07-23 22:21:40,2017-07-23 22:35:21,2017-07-24 18:19:25,2017-07-26 21:17:12,2017-08-11,5367337cb6bc911b1c82aab5def50a83,2017-07-23
ca98afe572ee9754ef0cd28c6b97758a,4ee37274d091e7e0ae7d61d1ae0a37f8,delivered,2017-03-21 01:35:08,2017-03-21 01:35:08,2017-03-21 08:17:22,2017-04-03 12:58:09,2017-04-20,8801be95cf9394c786be96dfb3d02505,2017-03-21
d8477e03a0b0c97723a5221b2044f68e,373eabc809777ec7cef44455fe4c1fa8,delivered,2018-07-15 22:36:39,2018-07-15 22:50:18,2018-07-16 13:07:00,2018-07-31 15:46:45,2018-08-01,7fe36cf7ee4c8a68c57dbf47d31c952c,2018-07-15
8f5244306f56f64511c6d8b6a7064716,a41d5d218a1378fef9380a31e5e10069,delivered,2018-07-16 19:03:10,2018-07-18 02:35:15,2018-07-24 14:14:00,2018-07-25 19:28:39,2018-07-26,cecd5e9d39fddb69384c1c31bdfac666,2018-07-16
916d528035e91b8200b31e89ea89bef9,910a468080f5af3a6e7c626d0f247a75,delivered,2017-12-04 20:24:43,2017-12-06 20:32:26,2017-12-11 17:45:13,2017-12-20 18:19:38,2017-12-21,16bd767d18bf82bb09fc51520f7ea5ab,2017-12-04
7c1afefc4a95869d89d57c14e8fb7cc5,63b7bb666c5bedee1ba510c017862eda,delivered,2017-11-27 22:31:40,2017-11-27 22:56:27,2017-11-30 18:09:40,2017-12-06 21:32:20,2017-12-18,5a8ab1842a96dae9af120723e2d051e4,2017-11-27
95ca3f84b6d991becf4bf45a4f14b013,8aecb1b4f0e2ff0b55838d42b9d98a66,delivered,2017-10-24 14:48:53,2017-10-25 02:28:28,2017-10-25 19:37:57,2017-11-09 19:03:30,2017-12-01,acff031e2d8ac85c8ef235801b8e0d40,2017-10-24
da4653db2042d5314de6a1d9b398b8ea,6d6aa63412ccf15848169b197b9bf310,delivered,2017-05-18 18:59:03,2017-05-18 19:10:17,2017-05-22 18:26:43,2017-05-24 13:09:36,2017-05-31,511a63b7576ce184899b56605b8a8bc5,2017-05-18
fe2c0c8f40ab6263806c513fe424fa44,5a3c92f3f76b6d40e1899fcb3c200510,delivered,2017-11-05 18:59:55,2017-11-07 14:15:20,2017-11-08 13:36:43,2017-11-14 19:03:25,2017-11-28,1e7494c847d6a45f6503c7ac3eb4222c,2017-11-05
0f1fbabf04ee04bc44fb07f93fc478c6,b15d76aacf87f478b07ac806f0248d9a,delivered,2018-02-08 14:15:37,2018-02-08 14:30:28,2018-02-10 05:48:22,2018-02-23 19:57:14,2018-03-16,f82ea821e44fc4dad23770fab89d0c3b,2018-02-08
87d003714879bdc9c2adfe35a47268a4,99bfe4238b5b10a3e83b388a471e3568,delivered,2017-12-06 22:33:42,2017-12-08 02:54:32,2017-12-11 20:53:37,2018-01-02 20:29:10,2018-01-09,5c4db35a49343bbb9d8e93fd53ce6f7a,2017-12-06
eca26a0368445f56cdb3c5bac1754848,06bca569f6bd4833c89416af4672db63,delivered,2017-12-29 07:43:35,2018-01-03 04:32:28,2018-01-03 21:27:28,2018-01-11 20:58:40,2018-02-01,69768cfb4188e522fa75698ec28251dc,2017-12-29
5528a3c9850e07ac5eeea39f275d6c5e,e8d28d2771d39b2a5969232737233e9a,delivered,2017-11-07 22:55:01,2017-11-08 18:30:53,2017-11-09 18:38:51,2017-11-22 23:08:59,2017-11-28,455021c1d511b64eab0b98e017b258d0,2017-11-07
59bcef0c3287abc23a5807748b62b7ad,54c4a093ba4ad08084d0d8c7d5f33cc3,delivered,2018-07-30 16:31:56,2018-08-02 13:43:21,2018-07-31 14:56:00,2018-08-02 18:52:31,2018-08-09,8614ac51282d77ed22393201f26ca405,2018-07-30
ee8c69ed1b1fe27af62030f079d647c2,693b01063f115cc2caa2b0f4c8e1550c,delivered,2018-01-24 13:42:19,2018-01-26 15:58:14,2018-01-29 18:14:41,2018-02-06 19:45:49,2018-02-19,805c11244586d62aab4a8fc28531140d,2018-01-24
ff75e58ae2600ef40c48afb30ba34e54,0c9a08f2ed5ab0d7ba020b38627c05fd,delivered,2018-01-08 16:11:24,2018-01-08 16:17:24,2018-01-10 21:19:15,2018-01-12 23:14:39,2018-01-24,db3590b0c015c38383d5bd4f90564e2f,2018-01-08
44cebed0f8ff5a7a11ea39b4ded680d9,d531312b719e0b1ee2c72d05e3167eb7,delivered,2018-06-22 15:59:59,2018-06-23 02:20:29,2018-06-25 14:15:00,2018-06-28 20:59:01,2018-07-18,74e8e93fdc04c45a59abe80af2bb5f98,2018-06-22
6409fcfc762adebecdaf8766a1082a5b,5430ca76b0c30e4a9b6da922f8c29b56,delivered,2017-12-27 20:20:47,2017-12-28 02:39:25,2018-01-04 20:45:57,2018-01-27 13:42:07,2018-01-29,dd660a1444b6ae3af82ad6c35ff2fec6,2017-12-27
db456679d015d774c82f5a26c503a7b0,261f9769b9cfcd2b2eedfbd442ce40b9,delivered,2017-10-11 11:09:12,2017-10-11 11:29:59,2017-10-13 16:43:42,2017-10-25 23:42:05,2017-11-03,bb713b58da78bee9279883ed814ad2e2,2017-10-11
b31cb7216cda82edcaf99a5c6d604ced,005e2fff255d3d69e6cfc8c4928d33a9,delivered,2018-01-05 07:15:25,2018-01-06 02:08:42,2018-01-08 22:42:41,2018-01-19 21:06:09,2018-02-06,b33573ec19214ad9a1bc30a97938e450,2018-01-05
da535cf4ba8827cbf61a0ce2b7e08cbf,23bd724baa42a23c24432c373b3b910c,delivered,2017-11-10 12:29:31,2017-11-10 12:46:59,2017-11-14 22:17:56,2017-11-24 19:05:54,2017-12-05,fdb0e914e3f912b6b01840b1ea999c46,2017-11-10
7ef39a532f477b4191cf782ff7ca8f81,b58289fc45b5ab5b1ce95864818e98e6,delivered,2018-04-29 19:32:54,2018-04-29 19:50:25,2018-05-03 10:45:00,2018-05-14 20:24:54,2018-05-21,fa72a4f61cbfcf1c5f3825facb387cd7,2018-04-29
69adad596ce64d77dd2a23f85ce3aa98,06ee09badc38b922a88d417e5134e3aa,delivered,2018-07-20 19:54:26,2018-07-20 20:05:16,2018-07-25 14:14:00,2018-07-31 16:08:49,2018-08-28,342b3688cdd90937ef04134ad81f9cd8,2018-07-20
c2acb9513a47b95007e5cd45e3516765,f050387d54b69dd65c3ff25fb231c999,delivered,2017-03-24 16:57:56,2017-03-25 02:34:14,2017-03-27 11:15:15,2017-04-13 11:33:16,2017-04-17,b5ed05624b6470c0e8193a32df337453,2017-03-24
c736ef293988efe25be44784ebd348f6,0eb1b5482c0337ce6256a4226df13d1e,delivered,2017-05-18 11:11:23,2017-05-18 11:22:43,2017-05-18 13:06:15,2017-05-31 21:15:54,2017-06-22,65978fa40dfe8375760ff32ff8af646c,2017-05-18
3c53e9578b571a4df6397b338ae76ae2,e326c9d1b7d81a887e93483918119f9d,delivered,2018-06-06 12:17:06,2018-06-06 19:54:41,2018-06-08 14:36:00,2018-06-12 22:48:50,2018-07-03,d31663850a82ae2efaa59ee2b2ff1764,2018-06-06
46c719474f16c03e64e590fa4d1a2ff7,5a415018369bbb00d24e82a344be5b11,delivered,2018-08-15 21:58:21,2018-08-17 03:29:44,2018-08-17 14:03:00,2018-08-24 19:11:41,2018-09-06,f1cf81d975c10d1c5a75b155b066567b,2018-08-15
8e1bed14a7b4e9df47fe79f4abac1bc0,e936b6ad5600f6558d85cc45f50d6be5,delivered,2017-03-25 12:12:54,2017-03-25 13:05:13,2017-03-28 15:10:41,2017-04-10 17:17:36,2017-05-02,2b3ac257966bac3547deb8424596deb7,2017-03-25
c6923c3d37451ab418ddd917165051c0,70dfbc5428ff29d98db3ee06aa5dc0a6,delivered,2017-10-16 10:04:11,2017-10-16 10:27:13,2017-10-19 14:12:33,2017-10-24 18:43:46,2017-11-17,50e08d97a3764ed3b0399ea60a1e662e,2017-10-16
621eb879252e1ef32bfbe6f3eab23b57,a148326eadacadc17eb9594a5617ea83,delivered,2017-10-05 20:26:25,2017-10-07 02:45:06,2017-10-09 21:07:43,2017-10-17 19:15:25,2017-10-30,5b0e2bccd0f417ce8f42abfe9685be2a,2017-10-05
92061d31d4807cbc328c14fd3aec3205,497c5f2dc03b6d83224538af2398076d,delivered,2017-12-11 12:05:19,2017-12-13 09:50:07,2017-12-21 20:27:41,2018-01-04 17:23:22,2018-01-09,dca7f01148962ef71a9c5be7591c079c,2017-12-11
06a84b737d3839803dfc2e1a7e740d2c,610723ccf893b7420a52056e8d460113,delivered,2018-01-31 14:41:00,2018-02-02 02:55:41,2018-02-08 17:09:43,2018-02-19 17:03:57,2018-03-08,0036d365b138cc0ee06bed755bcb5044,2018-01-31
fbe768ef510412dd02e7f6a28504ec7f,f9b3163aeb846f90e9a63989e5c97c7a,delivered,2017-12-26 16:22:21,2017-12-26 16:33:25,2017-12-27 17:51:49,2017-12-29 14:48:48,2018-01-15,a935b95ae613a940c4a6dba690d21f3c,2017-12-26
ab386ef8f4f634743e03a8763d3c6510,2f21cac8175499e03535d86f71a81697,delivered,2018-06-18 15:08:16,2018-06-18 15:39:09,2018-06-19 07:59:00,2018-06-28 20:38:24,2018-07-12,81de8e79682ed0a5df24d141cfc09bf5,2018-06-18
8299af0d040bc54540e8c6a35046e99f,44329a3f1ba0c869822c4c7f921012d1,delivered,2018-08-04 12:12:10,2018-08-04 12:25:19,2018-08-07 13:34:00,2018-08-14 17:33:50,2018-08-23,3d2af73eb54f22fa880d1523e4b9a6c7,2018-08-04
997972977f4f622407b3d9125eeffd46,f05b67246802fdc9420af92d504f8f08,delivered,2018-01-30 15:30:22,2018-01-30 15:53:11,2018-02-01 19:39:30,2018-02-05 20:29:47,2018-02-21,5106f6e78344034615d6d013df43bda8,2018-01-30
469bf2fdc06cac665ecf178281ecffbe,de5fc49b0e1b56af06fd208b4db4c631,delivered,2017-07-27 17:48:15,2017-07-27 18:03:29,2017-07-28 19:52:11,2017-08-07 16:09:23,2017-08-22,b9d9c0cb3dde3ca53ac93976930402ef,2017-07-27
65109cdae10193f20ee3c0f717cb349a,d0c62a8fa044769109a16d626b097449,delivered,2018-02-12 20:13:27,2018-02-12 20:28:16,2018-02-15 20:52:34,2018-03-26 15:11:33,2018-03-09,35fd57656b4dc352e7a3049732c88bdd,2018-02-12
8054d343a41978d8c122045b28eb5e00,10a59de74df59fc077830fdd95db4a56,delivered,2018-07-31 15:54:10,2018-07-31 16:44:17,2018-08-02 06:03:00,2018-08-07 18:40:56,2018-08-24,f410e6ebfc47e16373907ddb53acbca5,2018-07-31
c5739db7f3e9978c46904140ccbb6fb5,10552ac8780d0632ca68c10fafbf3041,delivered,2017-03-08 12:12:40,2017-03-08 12:33:46,2017-03-10 12:24:18,2017-03-21 14:52:09,2017-03-28,07e20633299758a38808a8584c21fa12,2017-03-08
fb66a068381c1be27f5ad0a25309d424,9ee3468ed569fbaa40a3a3102f1e8a51,delivered,2017-06-02 19:34:55,2017-06-02 19:45:20,2017-06-05 19:17:03,2017-06-21 17:42:18,2017-07-17,f00bdd8269b9b8b7548898b4f426667e,2017-06-02
af2ded0024fec0cc81ef63fce8b90d25,64e16cf39b1284bbe8ddb09bbae1df96,delivered,2018-01-01 18:39:20,2018-01-03 04:33:29,2018-01-04 21:18:56,2018-01-15 17:35:25,2018-01-26,97a98b92ad13fbb653a0221362798129,2018-01-01
1aba68837cfafa9cc4bba58efee87d4a,88bab0875c657d7167d0080bbb4e794a,unavailable,2017-10-23 10:49:50,2017-10-24 03:56:28,,,2017-11-22,3eb7932f075743f0e50b0d9966707e6f,2017-10-23
bd46eb8290e43e3407aed6543ff41989,f031886e4798f6cde1431e8963394725,delivered,2018-02-21 06:27:09,2018-02-21 07:25:07,2018-02-22 17:53:17,2018-02-23 21:23:31,2018-03-07,4ab8a9a03f7b810089abc16d253a0c12,2018-02-21
ad9259e8a14df6ee75201925f28d4a8f,08a761b27ad72e5fa65e351ca23bb2f5,delivered,2017-08-29 15:02:12,2017-08-31 04:32:07,2017-09-01 18:53:25,2017-09-05 20:45:47,2017-09-18,620b267bdbb662197c42079245841d2a,2017-08-29
f9b03f7a6e5788ffb6cb6b4cd0d01892,e94cba4a769c459e51325766ab2ef270,delivered,2016-10-10 02:17:55,2016-10-11 05:02:46,2016-11-07 12:21:47,2016-11-16 14:13:37,2016-12-02,c1b7a862b80f4b3c397d70ec4b1df7c5,2016-10-10
07c09839b4951ac37863cf9f0f79dedf,c842b7ed6d1ad9e0eecf06cacefb1bb1,delivered,2018-05-04 00:15:49,2018-05-08 04:33:58,2018-05-10 15:07:00,2018-05-19 16:07:23,2018-05-25,a2203dfedc3b062662c14d3a57b9ec8f,2018-05-04
09425a70c5acc9730fc3e17c1e81ac2c,b69f6635e14cc5819197458ea479017d,delivered,2017-11-01 09:07:06,2017-11-01 12:45:15,2017-11-03 15:34:07,2017-11-08 17:42:50,2017-11-24,f8b71035443a05f1089f98519e97b63e,2017-11-01
fbbfacf696d50761d1947ab6fb641764,06da85b8d16b04167a1b5eb3690ad929,delivered,2017-03-28 09:53:43,2017-03-28 10:05:16,2017-03-29 10:48:27,2017-04-13 07:42:26,2017-05-03,c2959af6fc3e1ece5ddf82a28662470d,2017-03-28
8fb847d8f402a68dbcfdeac4cf2375c3,cf9ec1b669558ba41cb60049bd8282f5,delivered,2018-08-04 11:00:58,2018-08-04 11:30:28,2018-08-07 13:41:00,2018-08-14 17:35:55,2018-08-29,7e7d3978df85d18900e2251e7432d532,2018-08-04
b8b6924f004e191923963e8ab1655ed9,53c00128b4cdd554611efd233859dd88,delivered,2017-11-23 13:35:20,2017-11-23 13:48:26,2017-11-24 18:14:45,2017-12-20 20:38:46,2017-12-18,a91ca5a84835eabaf3fc6846aa792e1b,2017-11-23
c8d402ad1a675e158653f4e470c7d42c,497b26e576ae24e56dacf87100a5d668,delivered,2017-08-23 16:35:11,2017-08-23 17:33:02,2017-08-24 18:39:07,2017-08-30 18:27:49,2017-09-15,4c45dc3aca9b7bf66d69eaa560bbcc52,2017-08-23
bc5f75667672b3ffd7dd4daea8c408ce,ade9e3538563e669167cfe8843d07dca,delivered,2017-12-06 22:24:22,2017-12-06 22:33:33,2017-12-08 15:42:43,2017-12-19 19:47:40,2018-01-10,fdb47f6659321662dce6524a8c629d0b,2017-12-06
ab0c90a5da04e0132ea07c113bedec0d,f55bb246eecd1cab4ca24d89b196488b,delivered,2017-01-21 20:53:06,2017-01-21 21:05:16,2017-01-25 09:41:52,2017-02-09 09:53:47,2017-03-21,40f4b191d404a10a6039af0b26dd62c7,2017-01-21
dcb51f5ff38464ec48e4782c034846c9,909949a94b1c563c0b8880febea5e485,delivered,2018-05-30 11:10:36,2018-05-30 11:37:32,2018-05-30 14:03:00,2018-06-11 16:46:20,2018-07-11,49911ce1847a22b9ffde1df573e5e3b9,2018-05-30
407fe646704ea7828e324c8ef7e7e616,8514e0aeceab9ef5bc9c2e86392cd6e6,delivered,2018-07-23 15:44:35,2018-07-25 02:55:20,2018-07-25 12:28:00,2018-07-31 17:58:44,2018-08-10,1f53a28536539df3fecec45ae1e212e8,2018-07-23
1dbaa81e10d320cf7b6278931481e284,fed9a70454798e3fdbee236decc7ce42,delivered,2017-07-02 10:44:54,2017-07-02 11:03:33,2017-07-04 14:16:32,2017-07-07 16:11:25,2017-07-25,437030d5996e877794dd61c5f074fbd8,2017-07-02
e024c4b9445d223aaf705871900bf5e1,213e3a3c9ce30d4d0d2965e45b656e5a,delivered,2017-12-01 04:19:27,2017-12-01 11:31:58,2017-12-05 10:49:09,2017-12-11 21:27:00,2017-12-26,00dba3af1366ca8114a40bc83021f5e9,2017-12-01
2d33b505c88265921a04702415937e30,74096d3f44599e4454a936f57a43f869,delivered,2017-11-08 16:39:06,2017-11-08 17:30:48,2017-11-09 23:07:45,2017-11-30 22:06:43,2017-12-01,2e0455b5d633bb654cd32ca63e9a96d1,2017-11-08
1b8cfe91cd0a25a8db0841e48cc76029,f6c6f587eb8cc972d92c7efa7de1a208,delivered,2018-01-31 08:30:46,2018-01-31 13:54:10,2018-02-01 19:38:59,2018-02-02 20:46:19,2018-02-16,3c6157c764ac6188a901d1bbebca7e2e,2018-01-31
f55e3574a0c2475fa05dc439e338b8ff,a3c31ccdbdfe55e13df10e3f0ee03fed,delivered,2018-01-10 22:05:17,2018-01-10 22:13:29,2018-01-12 00:35:49,2018-01-16 20:03:45,2018-02-02,2131094f7d6924628f5f4ffe88f7487b,2018-01-10
165fc79e50295637b743a0f33fbb3599,1c3fed0b78f6514d3b5bec495875eb2e,delivered,2018-08-02 12:05:26,2018-08-02 12:55:37,2018-08-02 20:05:00,2018-08-03 15:39:03,2018-08-14,7211099994328230699cad95871cfbd3,2018-08-02
8d8ffabb7ead119624dc7701f28f9d11,4713961d9c9f91cfed7b84b9f8b1902a,delivered,2017-10-04 21:30:06,2017-10-05 21:44:09,2017-10-09 19:26:39,2017-10-23 18:52:32,2017-10-31,85bdc4f33f21bd852f01e80c04d1c0cb,2017-10-04
9338cdc6a850352e94da65a2e9fcdd4d,502f8f825e887687e5f4e0787b54f116,delivered,2018-03-14 21:27:18,2018-03-16 03:50:15,2018-03-16 16:11:55,2018-03-21 16:46:34,2018-04-06,044206e1a22f9c20af8ec1a514f128d5,2018-03-14
b15a1712256b8250cd6f952c85e4c65a,8de81ee7c1797e4052eecf95867f2be0,delivered,2018-08-20 09:01:07,2018-08-20 14:32:24,2018-08-27 13:25:00,2018-08-30 16:02:18,2018-08-27,ec3a72daf6041ec5fe6b31b03cc05752,2018-08-20
58e03095584d960583933517a2aae5df,0900a5f39daf5f37e39f42894f36a85d,delivered,2018-03-11 12:49:14,2018-03-12 12:48:36,2018-03-12 22:36:39,2018-03-23 21:28:57,2018-04-06,73b1470cd1a6813c6a7683ffd1486698,2018-03-11
2b7c0e3fb7de6dc7f388783e33800777,8106b3528fbf066b77aaed82346c0d32,delivered,2017-05-30 19:25:56,2017-05-30 19:50:07,2017-05-31 13:35:21,2017-06-12 14:59:45,2017-06-30,874d66ce189a3f4df3ab268698e2a211,2017-05-30
b89b5e15757b5d96e7d67c969324aeca,cd6b3de9793104fb781a4908b6f8a0e6,delivered,2018-08-14 14:33:45,2018-08-14 14:46:41,2018-08-14 20:01:00,2018-08-15 17:21:53,2018-08-21,9f72a61e924e76354ec3822192786c12,2018-08-14
4396b37f55a457b870dcd9137cf07e84,d065ae68746a9a4def87315f2af5a5ec,delivered,2018-03-17 11:05:38,2018-03-17 11:28:42,2018-03-19 23:20:47,2018-03-21 18:12:53,2018-04-05,09831ff6ab667f42521bcd4c22dc755c,2018-03-17
1d911134e95ec6f299e80fe19b5b88c5,4dfe57404141dbca39b1eae2ec077e78,canceled,2018-08-05 22:27:23,2018-08-05 22:35:17,,,2018-08-28,930ff10207a0155e4d569dc1b66714c2,2018-08-05
f93716d1c1c9cb98214592c233bef619,636280e811ddc09a120e5bee29974df4,delivered,2017-08-26 17:23:51,2017-08-26 17:35:39,2017-08-30 12:17:48,2017-09-02 16:37:45,2017-09-15,193022a1bc5ae1471dbeda1ccb5b27e5,2017-08-26
f8dacbc95a26cd286e7a5e9bf3dd0813,a1c926fbd21e78c3e63661caad0cb682,delivered,2018-03-07 17:07:06,2018-03-11 21:15:32,2018-04-04 18:26:24,2018-04-11 18:13:29,2018-04-03,9a08586bd9068bba2468cec378d66709,2018-03-07
39a5aa023bab31f72d48a166a3f5e5b4,8d5d7b93865f1c70e8d923b50e59513a,delivered,2017-05-28 18:04:51,2017-05-28 18:15:17,2017-05-29 10:45:17,2017-06-06 10:20:17,2017-06-23,60a95ee83563a00da026427bef19002e,2017-05-28
2260cb2dc43ff44ab9b095424034c741,04d5cb41e92cebd0f1051d38c10f5ec4,delivered,2018-03-19 12:02:43,2018-03-19 12:10:37,2018-03-20 22:42:00,2018-03-21 15:05:11,2018-03-29,ebfa7b208d48a86c037760d5676584b7,2018-03-19
dd2be9f213e992cb42d67cb32952f8f0,270707bf3e3bdd048a46f53ec68a6a67,delivered,2017-06-04 23:18:24,2017-06-06 13:42:44,2017-06-07 09:32:28,2017-06-19 07:33:08,2017-06-30,857bdf6d9519afff41ab36213a880fc7,2017-06-04
bf98c50762b9fc7e06742bcd424e1e9f,201142652b8594b971071e2242e7e0be,delivered,2017-11-07 22:51:30,2017-11-07 23:06:19,2017-11-08 22:14:33,2017-11-13 23:37:32,2017-12-01,2cce8eab47ad8d99eca3ad6e24171860,2017-11-07
d9b0d609decccee6466fb61adbc03f3d,a93ecb25af3098a03757b08506516a7d,delivered,2017-11-12 19:15:22,2017-11-12 19:30:25,2017-11-16 14:42:01,2017-11-24 20:09:34,2017-12-04,8dceafee2f02a42858bfa7c1398dd71d,2017-11-12
533dbcda0a703be171113573af8b3467,5247e5c7e9037e74343f13bbd8800a6a,delivered,2017-08-31 17:12:56,2017-08-31 17:25:15,2017-09-01 19:09:12,2017-09-08 19:54:28,2017-09-22,001147e649a7b1afd577e873841632dd,2017-08-31
76978d31d8e911d947c1c80c193e116d,4a07cb9201bcdc3fbd10266777e61e40,delivered,2018-05-03 19:54:27,2018-05-03 20:12:50,2018-05-04 14:05:00,2018-05-19 21:48:51,2018-05-25,e82e0c6518b86c147b2931634cdf5920,2018-05-03
23a4ec9714f8ca77c27110124f5e8259,908ddc5ae127ba1740a4ea84bb656725,delivered,2017-08-20 14:28:49,2017-08-22 04:05:23,2017-08-22 19:37:54,2017-08-25 22:07:57,2017-09-04,2614a511be97fe0ef5705f2ad9502cf8,2017-08-20
86ba74562effd10bf32402978095963c,aacaa4169ad65e20c67f8cdc04ba074a,delivered,2017-09-13 16:03:18,2017-09-13 16:24:43,2017-09-14 16:12:24,2017-09-15 19:39:52,2017-09-25,9862e3727209fff2adf2ba40190dbe1a,2017-09-13
e7ce593c46f447cf67788cfb73581ad7,b6e3c38be27b21ae7dc366f800e06724,delivered,2018-07-14 12:22:31,2018-07-17 04:32:00,2018-07-17 13:53:00,2018-07-20 16:41:36,2018-08-01,00d76f8bb8df7e07711da4076c52ffe0,2018-07-14
775dfb31da346e5cf77c2fda51ae7bd4,b2ce78a52d897c070fe846ceef56a773,delivered,2017-10-22 19:47:42,2017-10-22 19:56:26,2017-10-23 18:43:40,2017-11-07 18:58:42,2017-11-17,9b417c6b2cc3845bd2ff0d7dd558617e,2017-10-22
f6fcca1241916be2fda723a7f452aa6f,09fc8ff1b2ecc31dcfe55d4ff7e4314b,delivered,2017-08-02 10:34:23,2017-08-03 10:44:06,2017-08-04 15:24:08,2017-08-12 13:33:35,2017-08-15,da5af046669c1e45972ab1b7bcea6723,2017-08-02
df0f3ed133d2ab8e8d0a5eaa55d13337,1aa5da509e3020542dfa288c7ecf1649,delivered,2018-02-26 21:46:35,2018-02-28 06:47:44,2018-03-01 18:49:50,2018-03-10 16:03:29,2018-03-27,39ebd99704685006aceda30d484e2520,2018-02-26
7ce2089fc1fcc4723c496f0b549190d8,80b85e949dafb0f206275a156216c1c3,delivered,2017-06-25 12:00:34,2017-06-26 12:10:17,2017-06-26 17:42:57,2017-07-07 18:23:16,2017-08-11,f0ccc558b4626ebc7d2e47b0fdc8a54d,2017-06-25
195cdd5d4a7a7137487b3d3ab71c851f,f79565f79366895b7dff321dd6244440,delivered,2018-02-20 10:43:03,2018-02-20 10:50:44,2018-02-22 23:42:15,2018-02-24 02:32:38,2018-03-06,2909077f3a3da7c068524236276f0566,2018-02-20
a731c3a7a6915d1e0a711b745f73bc49,71583bf590a19d9a0c2073d705b73c7d,delivered,2018-04-06 23:50:19,2018-04-07 00:10:26,2018-04-10 00:25:52,2018-04-12 18:19:13,2018-04-30,2e9e0d2396e2ed1a9b9180a1e8300cfd,2018-04-06
39887bba2005d25e7b7400055ab2febb,ae4543ec3cc50019424540c11024e868,delivered,2017-02-25 14:20:03,2017-02-25 14:30:12,2017-03-01 05:55:43,2017-03-10 14:59:07,2017-03-24,f2147db333aa5fea63f5fbdd5a812eed,2017-02-25
1889699f134c9af589ab3415c75f0a04,113b6d8cc505fbd4c1ee50ae3b834c9b,delivered,2017-09-20 09:48:16,2017-09-20 10:04:18,2017-09-20 19:07:57,2017-09-26 20:43:31,2017-10-06,c4c777b22d917424d12e1c67c83cfad0,2017-09-20
14a76254fd8b520137f06d37b1cdb8d2,752a691fe8bb2a1885f8de621bfa903f,delivered,2017-07-11 13:03:27,2017-07-11 13:15:15,2017-07-14 18:15:55,2017-07-26 19:22:02,2017-08-02,3e266a594121c355b5f30b59a96ad0e3,2017-07-11
5f944775bd47e27388f34caaac31649a,d44f8f91948d0fce5a34a2fe6c7d27c5,delivered,2017-12-07 16:32:47,2017-12-09 02:49:46,2017-12-11 19:58:52,2017-12-28 16:06:03,2018-01-09,d530319610a3b39505027578c3d3d5f1,2017-12-07
abb9f3409081aa15446fa8ae9add98db,8a2b7d85cd74e69ac62108df819c154f,delivered,2018-05-12 18:53:09,2018-05-13 18:53:52,2018-05-15 12:10:00,2018-05-22 00:40:50,2018-06-06,ea8ed37bfff5028e9dc8684c4e95e50e,2018-05-12
cd9d1d8f26cd28414908863fd4538ef6,a2f67e0aee80c6169e09d448c35d379d,delivered,2017-07-09 12:44:54,2017-07-11 04:04:07,2017-07-11 16:46:52,2017-07-13 19:49:17,2017-07-28,b6e1bc94ff282d5e69ee719e2c5299ab,2017-07-09
f86672be5bf85864e88a08f231b43c2d,426cffff769b755f3d032efea2afb4b4,delivered,2018-07-19 09:56:25,2018-07-21 03:15:26,2018-07-23 11:17:00,2018-07-30 17:04:47,2018-08-08,cc2f4b11c79236ea5c480e6d183f8017,2018-07-19
067d7f81fe42137dd925344dceb47d20,1750863a3a72d9a25b7e95358c496a50,delivered,2018-01-25 16:58:18,2018-01-25 17:13:31,2018-02-08 20:28:54,2018-02-15 01:07:30,2018-02-19,5b82ff102b7e63f7ed275408685c06e7,2018-01-25
93c45f5d04043d75b06fe63e265b920d,a8359f16baf6a2dd9b1dd92bb8312e1a,delivered,2018-07-29 22:23:11,2018-07-29 23:00:10,2018-07-31 16:26:00,2018-08-03 17:06:03,2018-08-06,2da2a01f3b907a9754a2ff4a8e999fc7,2018-07-29
9def7a5fa150d19b1aaa252828db8df9,9302b40e3cbf7c43daae0cf4bf7e8895,delivered,2017-04-04 22:33:07,2017-04-04 22:45:14,2017-04-05 14:27:55,2017-04-12 17:38:07,2017-05-08,3cbe4dacbf014deb61bf6a4b2b7e24ab,2017-04-04
4334cbad2570eb17ab0f2be70bcc22b7,7d350d56bac0a6a9b6c3e5ce37198fba,delivered,2018-02-19 23:48:49,2018-02-21 06:05:30,2018-02-22 17:22:58,2018-02-26 18:35:48,2018-03-05,f54dd65fcb08733a27eb06c09bae39c2,2018-02-19
ac7c3a55c9fcdbdbc31f8dec55b93d5b,1918e05f3ce458803829a5e8c0064711,delivered,2017-10-31 17:47:28,2017-10-31 18:07:02,2017-11-01 21:20:06,2017-11-07 19:14:15,2017-11-21,335b7d7ec9741209e92314e468ea6675,2017-10-31
0159b449009b3f8748ed7c56e9d84afe,fb7e9a0264b2987537473967c3518c95,delivered,2017-12-26 13:38:48,2017-12-26 13:49:27,2017-12-27 17:08:06,2017-12-28 12:42:36,2018-01-17,cd7ba8d9c38011e37b802cbf80798696,2017-12-26
02e0b68852217f5715fb9cc885829454,12b78d9eacb77edde80d19b9528bcfe9,delivered,2017-11-24 06:25:10,2017-11-24 06:32:24,2017-11-24 18:46:54,2017-11-30 18:19:22,2017-12-19,c169af26a849e6d6b99ce9cace56a379,2017-11-24
5b62faa806e6491e48c6610986ee31fa,b7b4d19acefd69c62d58215923216f2a,delivered,2018-04-05 11:41:17,2018-04-05 11:55:25,2018-04-07 01:32:25,2018-04-12 19:52:47,2018-04-23,932ee9a016781b9ae7332cf281d75d2c,2018-04-05
88ec527e87c2fbf8327c97669112d15f,76a6ab6a7199797a53a9a2c00da74410,delivered,2017-03-18 13:33:35,2017-03-18 13:33:35,2017-03-20 17:55:47,2017-03-24 13:23:53,2017-04-18,bc0d8d6b4d6c5464d5f8a3fbc17cb316,2017-03-18
91fbe60f1b4b1e79c0f577bb6ac24502,1b59fcfb65b5e4b96111c2a3f17c7159,delivered,2018-01-24 01:21:38,2018-01-24 01:33:38,2018-01-24 15:49:17,2018-01-27 13:58:27,2018-02-19,5ee21911d38397200eff1595874c66b5,2018-01-24
e299d34f0c70ced319c57b2b675f0c4b,41f7fbda7f5da48f2122f4c71ad2d4bf,delivered,2018-04-09 08:38:49,2018-04-09 08:50:09,2018-04-10 20:52:03,2018-04-11 12:56:36,2018-04-27,6167fc522ed7367dd9fbca22dae70ed2,2018-04-09
695bdd39d2b8c25bb80207a161ed8086,787105d518a38470555bbfe1978b63f9,delivered,2018-05-30 20:36:01,2018-06-01 14:32:36,2018-06-11 14:33:00,2018-06-15 11:38:27,2018-07-12,9173f8394714a803f3d46db497a68a19,2018-05-30
474565221e00d78e3862cac801247772,da5966b6db30f0c9b604687e7882c13a,delivered,2017-03-13 10:00:51,2017-03-13 10:00:51,2017-03-16 11:14:13,2017-03-24 12:03:41,2017-04-03,ab02f0c74cc456efdfffc308caee4e6b,2017-03-13
5f2905e9dc8966ce170d8d5f31ba67c6,11f1b2f86c6a83e7fc3ffb49465f5d25,delivered,2018-03-12 16:38:27,2018-03-12 16:50:41,2018-03-13 19:47:58,2018-03-16 13:34:35,2018-04-06,92ff80bc00e9cd62ac7f295b115bc25f,2018-03-12
b06c3d4fae307a68fd3a91b94e4fe030,5ee143fbea5835740c4474e2de7b8601,delivered,2018-01-12 09:43:28,2018-01-12 09:53:22,2018-01-13 01:13:09,2018-01-16 18:17:54,2018-02-09,225d64bd6932423bc7e75d6083fdbefc,2018-01-12
3e94e8193697342790ce0f1f8876fdc7,7983c699f34e9ba67e1556feca9cf98d,delivered,2018-01-13 21:27:52,2018-01-16 03:36:40,2018-01-16 22:52:20,2018-01-24 19:49:07,2018-02-05,3506998a89f69a88d1cbea4686738c93,2018-01-13
9b2219c364534d3bc6d3e82b1db3c37d,287d466084573ecace619577f69640b2,delivered,2018-05-29 18:43:17,2018-05-30 18:55:19,2018-06-01 14:45:00,2018-06-04 13:42:12,2018-06-21,db32340102466e6cac3436dfd4bf1cbc,2018-05-29
0f914d0786d04db3fe3dfb23cfe60aeb,6b4653242a2d90f5a7c66080b45bdd68,delivered,2017-11-19 09:42:52,2017-11-19 09:55:32,2017-12-05 17:44:36,2017-12-19 16:12:31,2017-12-29,740b9a28b39035534bf3425b19016263,2017-11-19
e3807cb03bd879bb71c662d016a448d8,d53dc1a1abd8bf35dc80cf67e4605d44,delivered,2018-02-15 22:16:58,2018-02-16 14:31:58,2018-02-16 17:54:53,2018-03-05 17:33:41,2018-03-06,9106099603620f1fb47c51e851afe477,2018-02-15
8d28d85373ccf5fb9599d6ca20552f48,63cb0cad3a447d2ea7a621f58de6606a,delivered,2017-11-29 18:52:08,2017-11-30 17:32:24,2017-12-01 19:32:37,2017-12-04 21:03:57,2018-01-04,0f61de2ffa35ea0e4524df672f500c9c,2017-11-29
9a61dea33159894a2e383b2b3d520158,ae9337f44dd7350c1989e6dcd9802452,delivered,2018-03-30 05:20:13,2018-03-30 06:30:09,2018-04-03 01:52:45,2018-04-13 22:32:48,2018-04-24,3efb473c707a03b0b4da139bd0a10d35,2018-03-30
d4de2f5093e11fecfa11da7ea4a09a21,bfa37f3d076b32972189c3dc3dde75b7,delivered,2017-08-26 18:56:54,2017-08-29 04:45:03,2017-08-29 13:47:21,2017-09-04 15:17:06,2017-09-19,4b3c510f9ea64334c6b7ead20dd23248,2017-08-26
31ba66f58ba311071bb8cc50383ada02,3a0630ca3cabd7ede33edb0b6ddb8239,delivered,2018-01-08 18:09:40,2018-01-08 18:31:27,2018-01-09 19:44:11,2018-01-10 22:53:37,2018-01-24,cf090c66359b7c942d615d469ecb42f5,2018-01-08
65f3d65b89d1fdde15dc314858c9c161,a1b5ca506b592bb72d4caadcbfe71385,delivered,2017-04-10 00:08:56,2017-04-10 01:02:42,2017-04-10 12:33:22,2017-04-15 08:13:25,2017-05-02,c811311629fd3d76f5ca5eeb2abfa7e8,2017-04-10
5c88e946e28e122cbb26c630e2f67f58,aabad376799f97beacc0d8b52a9bfa84,delivered,2018-06-03 20:27:39,2018-06-03 20:49:46,2018-06-04 14:21:00,2018-06-15 21:54:31,2018-07-19,f8d62e8ff724bf75c20ffd5faf7b9e30,2018-06-03
eed22f145a76fd4bb9224e927213dd25,de32fa9a83d181f71df655e44364be0e,delivered,2017-11-23 13:49:32,2017-11-25 03:33:50,2017-11-28 14:47:02,2017-11-30 15:45:11,2017-12-13,39094e047e3f3dcc87adf483feb32a07,2017-11-23
a006b205e3eb2c6f672a5a4ca2513d6e,efb36dbe96cd81027a82637df5bbe63d,delivered,2017-07-30 14:52:40,2017-07-30 15:05:16,2017-07-31 19:47:29,2017-08-10 17:55:17,2017-08-28,99663e22dd6a2983a6960248b4043c6c,2017-07-30
293429beb0a9a73217c1b2ebed009117,5ec26a46ab05725360623cf3f0c78232,delivered,2017-06-22 21:21:19,2017-06-22 21:30:20,2017-06-23 12:22:06,2017-06-27 13:21:57,2017-07-05,75387ef12a883828dcfafed36c4fe75b,2017-06-22
3a73fa58ac16869d242abd0320be97cf,caffcf2c7044a16f45d10641efd5b872,delivered,2018-02-25 17:27:50,2018-02-25 17:47:33,2018-02-27 16:02:50,2018-03-13 21:21:37,2018-03-16,38c82315266557c3d9c4312643d1717c,2018-02-25
03518b1ed227311405c355ccbda81a80,07b84eb06cfdd90b1e293bab0df8123f,delivered,2017-07-26 09:47:24,2017-07-26 09:55:21,2017-07-26 20:49:37,2017-08-01 21:39:31,2017-08-17,9910e92c18776a14048773cef6592b91,2017-07-26
836f8d90a17794db6d9c6112cd76ede9,550bdad1d7b4d47d3a5dd435d67c21f6,delivered,2018-05-07 21:41:24,2018-05-09 03:11:41,2018-05-09 12:50:00,2018-05-10 18:51:49,2018-05-15,108f924d058105b1232afffeb8649b89,2018-05-07
156d7322e097c3a33f3f2c808bcffc61,37c85c91273baf6a4c844e30c26b7d6e,delivered,2017-05-08 17:37:04,2017-05-09 09:43:08,2017-05-09 10:08:54,2017-05-19 13:52:13,2017-05-29,3377ca6f5387b8f8960b0d3fcefb6164,2017-05-08
cd5f64ebe84e37b5af53dc260e536615,eab464d9d766695a630715633d0523de,delivered,2017-10-26 14:07:30,2017-10-27 14:11:07,2017-11-03 19:41:54,2017-11-07 20:09:17,2017-11-14,57a5850c155bdde4d8339f790002336f,2017-10-26
8cd5a8ed660d7c0a352769c18c7b8f9e,b59d737afa00b0c40d33dd410a53084d,delivered,2018-06-30 20:14:09,2018-06-30 20:30:03,2018-07-03 10:53:00,2018-07-06 13:21:04,2018-07-25,82074615719ce97461e51ac9bf3dbbb4,2018-06-30
d55153efda4898b9459824bbf0a0cceb,c4a592c82e1b5c3ba72057c5ec548864,delivered,2018-01-13 20:01:38,2018-01-13 20:09:34,2018-01-17 13:09:45,2018-01-19 00:18:46,2018-02-05,a5db201e7f071d203f7779434f045faa,2018-01-13
917a1e55e47868301492b1f8f765a6f8,e66a30c180b39bc69be9b943afcd94e6,delivered,2018-01-26 19:04:42,2018-01-26 19:18:19,2018-01-30 23:39:36,2018-02-03 13:26:42,2018-02-09,cf36822585430590c8a9b7455537e951,2018-01-26
8c818b14eb9371f86e6660c4934b0293,7816c1b7ee0b6cb89b2416bd2a7123e5,delivered,2018-04-26 10:38:43,2018-04-27 03:51:11,2018-04-27 15:02:00,2018-05-07 22:28:39,2018-05-22,f959ce2f57479085e52482229ac5fe0a,2018-04-26
02504308041b6ad0a112b2b7159439ed,96cfaf71faaf9a904c4045fd835853cc,delivered,2018-03-09 10:11:51,2018-03-13 04:48:01,2018-03-27 22:06:36,2018-04-10 19:13:44,2018-04-19,b48348743e921a4c82657d401675e069,2018-03-09
238bcd7a2027e5f32fd185c264d73786,9654fe2d235aff025a7125323b3658dd,delivered,2017-03-21 20:38:03,2017-03-21 20:38:03,2017-03-22 15:06:35,2017-03-29 10:47:53,2017-04-25,a145b132d000eca6abdcdd948796900f,2017-03-21
c99c438d8365d61dbcd8f6b7ffaa6b5d,d81c2387e7b183f1a0b3f94a181fd859,delivered,2017-11-08 10:37:51,2017-11-08 10:50:42,2017-11-08 16:44:46,2017-11-23 22:25:03,2017-12-05,24f0ca31b14f64abedc9b6fa93e9762c,2017-11-08
427d0f687214f83a79eb0b0d33d32d28,7919c98d539dbe20896f917500ffdba6,delivered,2018-08-04 23:34:24,2018-08-05 23:25:18,2018-08-07 12:24:00,2018-08-13 16:38:35,2018-08-15,c8c34db5088b1fb2682aa1a2c11914de,2018-08-04
e7673cc4ac15a894f6d03cef60d88fcd,1084c1659a761ef371671a882a4134b9,delivered,2017-11-24 22:54:41,2017-11-28 03:33:09,2017-11-30 15:28:36,2017-12-15 21:21:49,2017-12-18,0a0775d9f3f8c759cca9198530e6e6dc,2017-11-24
9711d975b961355b4b5d636857e48498,93ae1bda7d91d89da9fbccb5e1da3d48,delivered,2018-06-13 15:23:50,2018-06-13 15:38:18,2018-06-13 13:15:00,2018-06-26 00:33:48,2018-06-29,04566771b8e5e584658f119956490385,2018-06-13
f2941ef41efb5162199b15316b05ce3e,628ad6ffbb4c46d6d1781bb4360ac2dc,delivered,2018-05-13 22:12:59,2018-05-13 22:32:33,2018-05-15 15:37:00,2018-05-22 17:17:02,2018-06-12,b54ed372f1aa8fd434c6ab8cff76ba58,2018-05-13
163e2a2f67fd2f40ae55054e8e212678,b8547f5a50aacb21a829f9096960afb3,delivered,2018-05-17 16:42:19,2018-05-17 20:32:14,2018-05-18 16:56:00,2018-05-23 14:33:13,2018-06-19,68ad29d0aa992ebad3e9f2d2458ad8a1,2018-05-17
1bde1f1942be558c1527a73da61695d2,e8abad00266b9c97a931297879960258,delivered,2018-02-14 10:42:22,2018-02-14 10:50:30,2018-02-14 20:04:14,2018-03-09 15:24:15,2018-03-13,989f45bb74acf84c0e2d433202e9e3e1,2018-02-14
96c1c69728dfe6ad776327de86352efd,b07f35a608f8d819007039505a159462,delivered,2018-05-19 17:35:45,2018-05-21 08:17:53,2018-05-21 15:01:00,2018-06-04 14:18:51,2018-06-19,7223361f862a3cbbaad18f93f341e78f,2018-05-19
660076a2409adb8d95d868172c055e4d,fe6c91959fc44e09a6dd627f66497573,delivered,2017-06-13 18:17:42,2017-06-13 18:30:19,2017-06-14 15:58:40,2017-06-22 16:53:12,2017-07-10,5ba849a3f0341ce2d82476c0c79f77d8,2017-06-13
327e9810cdacade85a92b9228ab04d1a,f99fcdc1abcce8d94b2e628cadf50594,delivered,2017-11-24 19:41:28,2017-11-30 15:13:42,2017-12-01 19:16:28,2017-12-15 20:36:46,2017-12-08,2dbc6a2beed8b8a617112d5eb6900d68,2017-11-24
bddff2883414dd312ae50df08beceb22,bb7b4c45c021cdb9219306f8182506ca,delivered,2018-01-13 20:12:58,2018-01-13 21:11:26,2018-01-16 00:42:43,2018-01-18 12:26:49,2018-02-07,db0c81ba4510a24f6720c4620e00ff24,2018-01-13
9ddc868ed710a9e94bcbf5972309f450,54171e00b716beeb65658203ce2bac47,delivered,2017-04-09 19:57:23,2017-04-10 20:02:29,2017-04-11 15:48:21,2017-05-02 08:18:03,2017-05-12,e98f95c4252e381b3521293d19146e22,2017-04-09
457714bcb907cac0b11252276a09f406,c9408afee56e7572a6cb85c5f88e499a,delivered,2017-09-05 21:23:32,2017-09-06 14:55:24,2017-09-08 20:29:49,2017-09-21 17:33:59,2017-10-04,c0d844c11288762f18fc24cc79093a80,2017-09-05
1809a44d4cfef40b413aa8a35d87903e,dedd8b4958cfa85ad524e089bc460664,delivered,2018-03-03 00:21:15,2018-03-03 00:35:35,2018-03-06 02:23:13,2018-03-06 20:08:29,2018-03-15,f7216e0af44584002cfeb7033b46db4a,2018-03-03
845b246277d6bf2be20db34577513537,4ff8e39c2ab4a5985c6b772934e2ee3c,delivered,2017-10-28 14:28:53,2017-10-28 14:45:31,2017-10-31 16:02:07,2017-11-03 15:03:09,2017-11-17,c0b8f06358c17e08e149768d1568b639,2017-10-28
2a4a59ba2f6ffd2ab64d38122a957cba,07660608cde07538da3a7ff7a838af11,delivered,2018-05-15 10:12:10,2018-05-15 10:55:24,2018-05-15 15:19:00,2018-05-16 19:18:48,2018-05-24,b07ab7760be2e1a49e973e9f05c74997,2018-05-15
a6bd0e06851775efded00d296685e0e7,09c79853703c0506c3c48fe5c24ca574,delivered,2017-11-15 17:19:47,2017-11-16 17:15:48,2017-11-17 15:28:45,2017-11-23 16:06:49,2017-12-05,c6732a395e578188b194953d0ee61d9e,2017-11-15
7282809524b9b429bb37460b46596293,7321990745cede1147b728cd2726d9eb,delivered,2018-06-26 12:20:15,2018-06-27 12:15:29,2018-06-28 11:23:00,2018-07-03 22:04:15,2018-07-24,0068bd2e9e76c018846dbc6e2bec5ac5,2018-06-26
490f75c679e003531e19c582db8dc456,85f5620057716466350882996fba5069,delivered,2017-02-18 14:53:29,2017-02-18 15:02:49,2017-02-20 14:32:40,2017-03-13 19:12:33,2017-03-23,9b63fecadb7d20796f519cabfb9a9e2d,2017-02-18
ab348b95012031ab6a86594395ad47e1,678d20542c7e73359dbe7f13acd6a4f1,delivered,2018-08-10 19:53:00,2018-08-10 20:05:22,2018-08-16 11:38:00,2018-08-18 00:21:14,2018-08-16,9c2585f927eee84bd3856201a2a1bc96,2018-08-10
0245631f7bd55dbee7c6b441629bba94,4d82e79f5404e8c3f059ab099fbe5dda,delivered,2017-10-05 18:26:36,2017-10-05 18:45:20,2017-10-06 19:48:55,2017-10-13 21:37:42,2017-11-01,dd8c09f1b309c9ffc302c745550a9ff3,2017-10-05
afdc19847d2b39afa2d82a35ec730571,72770bac9967ba159eebde97c2550718,delivered,2018-05-03 14:30:54,2018-05-03 14:54:44,2018-05-03 15:16:00,2018-05-07 19:50:37,2018-06-05,f7e7a6e9cdb3e1a6ac6c425c755f3426,2018-05-03
990c396e6013e8b43c6f18b3d609cbee,de67b9e2cc36195a94295b519d3d911a,delivered,2017-06-27 11:21:23,2017-06-27 12:04:02,2017-07-04 13:29:43,2017-07-13 12:03:11,2017-07-10,2f649223cfa65f8d73ebbbe1eb2117b3,2017-06-27
04cfd74948a554f6f404e78f54f26b22,905bb858283fd4c7c6da0aefcafeac32,delivered,2017-10-20 16:39:05,2017-10-20 17:49:31,2017-10-24 19:58:58,2017-10-30 21:32:31,2017-11-10,eb2927c9a421bcf13406ba52e73edf86,2017-10-20
f1abca034cc2b7c0f679e551dc63f6bd,fd2ffd87e77f39fb17fb2574f4e3d52d,delivered,2018-06-20 12:23:59,2018-06-21 03:38:56,2018-06-21 12:05:00,2018-06-26 20:04:52,2018-07-13,a72bb535714c5ba8dc970298f2b77ff2,2018-06-20
98f78a197120b3961071362531dbb247,c2050cb7f460ab220153e1a52f93dc61,delivered,2018-01-10 16:31:08,2018-01-10 17:35:15,2018-01-11 23:44:00,2018-01-19 01:19:29,2018-01-31,24d2024d150b5b7ece1c1c7c5d6abe0d,2018-01-10
73f48668570ed56f695a820d9fad1642,ea0bd9cdf7439fda31f46c19f009fa10,delivered,2018-04-10 10:40:01,2018-04-10 11:30:05,2018-04-11 14:24:35,2018-05-10 21:34:43,2018-05-15,8fdf286f70c128cee33b6efcbc5346ae,2018-04-10
f6519aa0bb0a6531345ac2e6fdbb2e0c,64a80bc56a3c3b8bebd2bcdf5a7d82b7,delivered,2017-11-23 23:47:43,2017-11-24 00:37:42,2017-11-29 00:41:21,2017-11-30 18:57:19,2017-12-07,42ea4f3c7910b52e6c81ced63b335289,2017-11-23
a152e104a4305cc7b35c02b235c6887d,8438e51fb0fc6662604d32eeccef52c5,delivered,2017-08-24 16:29:10,2017-08-24 16:44:31,2017-08-29 10:52:06,2017-09-13 18:10:02,2017-09-22,0f080fb7468b479e3079528e3ad5fc80,2017-08-24
fa5fda679e9129cc1196e2482c1b58f5,fc5c199aa3526151dbe8fec0ecca3a70,delivered,2017-12-08 21:46:10,2017-12-12 03:59:41,2017-12-13 22:17:15,2017-12-18 17:39:14,2018-01-05,9b7446f804b353875dcef7422aa3cd50,2017-12-08
865301eccebb37c03ad8ccd1cb994b2b,4db9c8ed57db4664fd99ae1e2b941fa5,delivered,2018-04-05 21:00:31,2018-04-07 02:48:15,2018-04-10 00:12:54,2018-04-18 15:06:52,2018-04-26,542737469da7f46efac464a38cc7e3c2,2018-04-05
b563e4c9abf7b930b4bad28a98c22670,3db7d750dec6af04aa58c535060dc154,delivered,2017-10-18 19:19:24,2017-10-18 19:35:34,2017-10-26 19:21:57,2017-11-07 11:37:42,2017-11-09,1b39562c8fb29621bfc1be1dcfe9e9bb,2017-10-18
6b686186d43eaa21c407ecf34ebb9ee6,be6d6b80ed0d80156defc8802d89eed2,delivered,2017-01-20 14:30:03,2017-01-21 14:50:18,2017-01-30 13:32:41,2017-02-03 13:34:36,2017-02-22,ea4970ec61c209a7e44aebbd2fb7f269,2017-01-20
7e9d429736ca906b27567eceda90f4b6,7589cc79e856007fecc58b75847c1978,delivered,2018-06-28 20:42:16,2018-06-28 20:50:18,2018-07-02 14:05:00,2018-07-09 23:22:03,2018-07-25,e78bc6601232181b13dfb115ce7116f6,2018-06-28
c3cc6a266e4c55bcf3f8d72556617cf8,4cef903992d3e9ed29973815ddfe3e95,delivered,2017-11-04 21:28:42,2017-11-05 21:26:32,2017-11-10 21:18:52,2017-11-16 15:58:47,2017-12-06,340eb5fa89140c45f5be0a7a4cbb571b,2017-11-04
5fd7343c3fa3940bd6fb6145c38382ff,5f79e3a70edb7b5c683654cb6285c88b,delivered,2017-02-28 11:11:32,2017-02-28 11:21:56,2017-03-01 15:51:24,2017-03-17 10:25:43,2017-03-21,0bf6ae440bbfc6548343fb022d743500,2017-02-28
73104970a86b9a01354c304ea42ce0ba,e435c2706ddda24417570a00a4321e48,delivered,2018-01-01 22:12:41,2018-01-03 04:31:22,2018-01-08 19:34:37,2018-01-16 20:37:07,2018-01-29,671ce4310440bc4918dfc91344c8661c,2018-01-01
c6a3d2b7b077946b1b0134dd45d28f98,7cb502ee5543d583f0072440f8b94444,delivered,2017-05-05 20:59:15,2017-05-05 21:10:12,2017-05-08 15:42:54,2017-05-11 08:24:48,2017-05-30,b237774826133af5565c525947bc5d3b,2017-05-05
da7af77d5f98212a8c1ad0b1c552f102,24cf7b32fc941c030828ad85d84769f7,canceled,2017-07-16 10:46:54,2017-07-16 11:02:54,,,2017-08-18,c48322635a138a5714e55d9113d0e266,2017-07-16
188e0ceeddc1fff39d55d96545c912c2,ee253c2024b81d3eff1f959498abe13a,delivered,2018-07-01 18:23:28,2018-07-01 18:35:08,2018-07-02 11:26:00,2018-07-06 17:07:37,2018-07-26,a1ed3b3cc1b6398287973fb7c7e96017,2018-07-01
5d3e9872c4d4dcdafa21c09eb064171b,9b190196ea7f4ca95c4f5f94a4bfddfd,delivered,2017-11-05 11:33:28,2017-11-05 11:50:18,2017-11-07 18:48:45,2017-11-14 14:34:56,2017-12-01,38963cccac7ddbf4819da22bdd569be7,2017-11-05
16979f290362d23a71acd4371ff49295,5c5ead67cdee5bd19e3bfddc68fe1c58,delivered,2017-07-20 12:25:21,2017-07-20 12:35:18,2017-07-24 11:28:05,2017-07-26 18:58:35,2017-08-17,d56eb99b6829eae61574ae7bb4851004,2017-07-20
949ee5d5e7ced365753539d09e52289f,7984b94a493e842d0d9eb66868b5c12d,delivered,2017-06-20 16:40:02,2017-06-23 16:03:49,2017-06-26 13:19:35,2017-06-27 12:21:53,2017-07-03,073a0317f213dc51964b6f8d3344c592,2017-06-20
6af0669bfc3cbdfbc6559919441da2e8,899d314e0ceb5d259c42293077eb5102,delivered,2017-11-23 21:41:25,2017-11-23 22:12:35,2017-11-24 17:39:18,2017-12-04 23:14:52,2017-12-14,77814a553d6764c4ef1e5b91ff0b4832,2017-11-23
97f95535ada31d6fa853230e815ee4e3,a0d04a491f25030236e94355ba1e7e47,delivered,2018-06-01 13:39:44,2018-06-01 13:55:09,2018-06-04 14:29:00,2018-06-11 21:33:15,2018-07-12,e13e8b789e5a8e6fe1445f924a4ed4f6,2018-06-01
7133cd362a0471dc79e40be4dc66a410,e3aa8ddc27af8b8c9fedf0bb3acc2def,delivered,2017-09-28 19:04:36,2017-09-29 02:30:18,2017-10-04 17:38:02,2017-10-09 17:33:30,2017-10-16,7ec1eababd5b609375f53565333a16ca,2017-09-28
353452698ed9b7e594c057af6d63c95f,ac754190c3f23c6d841cf343b56d8e71,delivered,2017-07-14 18:29:40,2017-07-14 18:43:51,2017-07-21 21:43:39,2017-07-31 19:27:48,2017-08-07,8f567321ba12101dedc07c70b7021069,2017-07-14
5f7e868dd546fc8e9e0bd8515efababc,7d9ae6a70b73e87d1be939278b1fa0e1,delivered,2017-05-28 15:57:14,2017-05-28 16:05:09,2017-05-30 09:44:07,2017-06-06 13:35:41,2017-06-21,b9eff50e3da17e8f2b79bdf150ef5df7,2017-05-28
ded456690bcb2ffd4def86541479037f,e72188520e7450d41369c84fed0a4b68,canceled,2018-08-24 06:58:50,2018-08-24 11:45:18,,,2018-08-29,1dafa806240ea5b3e51122493796dd4c,2018-08-24
477140a02351a2a01918ec67d2d68ac2,822b607b23f20ca968363147e061d6c6,delivered,2017-04-08 23:32:32,2017-04-08 23:42:20,2017-04-11 11:26:59,2017-04-21 08:20:06,2017-05-11,ad7c3fd04042133846eff8c3df22f3a7,2017-04-08
1280f995f41bf95106134b4d116a5f01,c71d7cc776805177a8efc0f904ee5b60,delivered,2017-05-03 13:31:27,2017-05-08 23:33:06,2017-05-03 16:35:47,2017-05-11 12:41:58,2017-05-26,999bf1d2709dc80fcf55a92805ecc34f,2017-05-03
6cb2e47e3a5794ff1a6157838c9e32e5,14a98f88d2c17526cf1f6de47ebfca22,delivered,2017-10-27 13:10:56,2017-10-27 13:27:55,2017-10-31 21:09:52,2017-11-06 18:08:46,2017-11-16,79ed6509631208c7ee25695012c91581,2017-10-27
99bc2347537c9bba890bf1e3939f6f4e,cb71c329ef62ba1759214a90c8888a65,delivered,2018-04-29 16:37:04,2018-04-29 16:54:25,2018-05-02 14:13:00,2018-05-07 18:16:42,2018-05-22,6bcce41d3b905cf26ad66b9fe760bbc0,2018-04-29
0e696093d25ba307ef78cf0d208bf500,5fb239cb8ef28ff4b56d2e34da747f99,delivered,2017-12-04 11:46:39,2017-12-04 16:32:02,2017-12-05 16:57:16,2017-12-13 22:47:13,2018-01-04,c64f202aceac77b89ad6caad47b0ad86,2017-12-04
bea39233e56405aa80613120fa0faae9,a8f9158b7618546f8c99e5c194a3366f,unavailable,2017-07-04 22:27:23,2017-07-05 17:39:25,,,2017-07-28,ed3eefd7298ebcaffe803307ed0c9542,2017-07-04
fce8ff96dc39e6ad674a20032e22b435,74bafbdf42aa593dae40b106baaf020a,delivered,2017-09-15 14:52:46,2017-09-15 15:05:40,2017-09-15 21:13:35,2017-09-18 17:32:26,2017-09-27,f5956e481edfe26b2a8a8035f0ccfea8,2017-09-15
a138c0644d38ab9a92ab77dfdd294584,76b2a09f520e22fb95a73f4baa4cfe50,delivered,2018-07-04 12:47:34,2018-07-05 16:27:10,2018-07-05 14:43:00,2018-07-06 16:24:42,2018-07-17,b3c319294dce483cf584df4cb2bfddf1,2018-07-04
542b5e9b74a189f238b8ddb6f4805667,7cf1f487ababcba38a7a9e4068840c9e,delivered,2018-07-09 17:18:05,2018-07-09 17:25:12,2018-07-11 15:55:00,2018-07-24 22:10:41,2018-08-07,f034092386b115ba92ed5baf527bc876,2018-07-09
01237c761ffb72594a466ed514518af0,344bcdb5be77a9718607ba86ca48f765,delivered,2018-07-05 22:40:15,2018-07-05 23:20:59,2018-07-06 11:14:00,2018-07-10 23:08:35,2018-07-25,546b0c5f60edd7e076dac9b1c637952f,2018-07-05
107b6dd80460768e617562eb52b4b9a9,ce376facd77acd7fac4fd003910c53c9,delivered,2018-03-01 08:51:41,2018-03-01 09:09:28,2018-03-06 00:08:39,2018-03-09 22:21:18,2018-03-19,cc29c5497a58e634a860b219cdbcb2dc,2018-03-01
758c8ff64cc233c51b12159bea040efc,223ba7381d6b18429c3a5e11df5b30a4,delivered,2017-11-28 08:48:04,2017-12-01 18:10:20,2017-12-02 13:09:19,2017-12-13 19:59:33,2017-12-22,5ba477d7c86256dbb02331d06dc79e03,2017-11-28
7516ada37da346ba311859d597217718,4eac66d1e597084a09fd3b629dd7c0e1,delivered,2018-03-31 18:32:33,2018-03-31 18:47:25,2018-04-02 20:17:29,2018-04-11 00:21:18,2018-04-26,9852bb26d3046fdff9d75e996aed1c44,2018-03-31
ac0da888b1077d0f40b33eea6de6297e,8970d0556de8379c1dcadda85f07e2b0,delivered,2017-11-14 10:17:39,2017-11-14 10:30:40,2017-11-14 23:04:44,2017-11-16 20:54:38,2017-11-28,f978e64bea0f565c72baa4a96f247bef,2017-11-14
42d79478d8d834670fe17dfe07f5b581,7f67b155a0f106bbc33e66c52f71db79,delivered,2018-06-28 11:19:40,2018-06-28 11:35:13,2018-06-29 12:09:00,2018-07-09 18:34:50,2018-07-30,e346de22de3a3a81901af50d6a4d0677,2018-06-28
e4056fbb5f5bfa209170515335558cb0,c7d0a5ed2493d72a81e5dbcdef58b621,delivered,2018-03-22 18:01:04,2018-03-22 18:10:25,2018-03-29 22:24:40,2018-04-11 01:32:14,2018-04-23,e1138d7339e4fe9cb783f3a04ebe7406,2018-03-22
5f15f0c533a12e29594c41ac50ce1379,9f07fee56d107e6f9f3eef24677103a3,delivered,2018-06-05 10:22:28,2018-06-05 19:54:51,2018-06-11 12:23:00,2018-06-25 20:37:47,2018-07-19,b6aa9b6f19ee605f39a01afa2649ce05,2018-06-05
0adea70aa873a352ff8c3646aec71c31,7949f58c22788fc436d73186a078e0ad,delivered,2017-05-20 08:41:39,2017-05-20 08:55:12,2017-05-26 06:08:32,2017-06-01 11:41:36,2017-06-16,2b0d9f9711eb5fa44b99f4b3f8de29ad,2017-05-20
16d3fb690fdff184f6741b04dbbd0741,812cb8713f8e4fb2e07a9b5e61d86add,delivered,2017-11-03 12:41:15,2017-11-04 12:46:02,2017-11-07 17:13:37,2017-11-20 21:02:32,2017-11-29,e23cd87e1e05723a24218898962b6ff4,2017-11-03
c21dbddd7317624d1067278b35ca6915,71ef4d882400ced4bddcd6e8a60e1e9f,delivered,2018-03-22 17:28:55,2018-03-22 18:10:27,2018-03-28 21:46:47,2018-03-29 14:12:16,2018-04-04,e0557bb0bbc3a4c139ee26271bf0320d,2018-03-22
3db31eaaf79e14aacfe056edba923cba,e0b46a17b602ade36f5cc3e251668a05,delivered,2017-08-14 12:49:13,2017-08-14 13:25:21,2017-08-16 17:25:47,2017-08-17 16:37:10,2017-09-01,90554d4d6a1bcd53a2138107c0959d8e,2017-08-14
dd9943ad7ea7581875ddc0f452c13545,7bdbc8d4be2b08e6aa4cea6662c4a3a4,delivered,2017-03-19 08:28:10,2017-03-19 08:28:10,2017-03-21 09:52:22,2017-03-27 15:24:49,2017-04-10,0a03a3d54e8a0debf7e00c3a7bb7ddc3,2017-03-19
e1628b041fbaf3d0df5f995d0ad91cbc,ec504939e5affa24c1a5e9be32c5e22e,delivered,2018-05-19 19:57:49,2018-05-22 08:34:01,2018-05-22 14:44:00,2018-06-06 19:44:30,2018-06-11,3d5b76ce0c6b5203d456ab17d99db675,2018-05-19
26e5ea27a6fddbbf4b360bdcd90c30c8,a9393533a76acd87a5bd1768ef52cf7f,delivered,2017-10-24 10:43:48,2017-10-24 10:56:14,2017-10-24 21:53:39,2017-11-09 23:12:20,2017-11-16,b193a594e0171de03f8d3ba14722a7b9,2017-10-24
23f563c1e12c5d6d279ecc446b5f933b,2fa31352737393319f999c84deafc5c5,delivered,2018-06-24 10:43:09,2018-06-24 10:56:22,2018-06-27 11:45:00,2018-07-03 12:33:16,2018-07-25,31ec946efae9958c231ebfce447a1169,2018-06-24
45390ff93f092f0de1524d486a172c33,79972dea61158c428fbc2d00d203a500,delivered,2018-02-21 20:55:22,2018-02-23 02:31:07,2018-02-24 01:34:05,2018-03-17 00:04:16,2018-03-15,b8c5ccc844de0242c85efacf5b6a51da,2018-02-21
b7467ae483dbe956fe9acdf0b1e6e3f4,424bb0b58d2a1f8f1a185d44a8116aae,delivered,2018-05-21 14:14:35,2018-05-21 16:14:55,2018-05-23 12:57:00,2018-06-04 18:52:15,2018-06-08,c9ae1d598a33315fdace01e3bfefc5ea,2018-05-21
5571222bcd19928723500fbf1d62c819,6a330fc6550084bc7c035f4695121771,delivered,2017-03-27 16:20:43,2017-03-27 16:35:15,2017-03-28 12:34:31,2017-03-31 08:32:05,2017-04-17,17d8f44ee9ec12b7d8a22ccfbfd647c4,2017-03-27
21ff9e52b420083bfc502b827916d069,a178d9b6b37f806862322140af76d744,delivered,2017-07-02 12:09:00,2017-07-02 12:23:52,2017-07-03 13:04:34,2017-07-11 21:27:35,2017-07-25,2378eeed2dcf1e43fc9ffcbb93e04827,2017-07-02
3b8571d1b976c25db4b555a5f04b1968,9c85b029b22c928f95accc8c6d8b5343,delivered,2018-08-10 21:38:38,2018-08-10 21:50:20,2018-08-13 14:00:00,2018-08-20 14:46:28,2018-08-27,cdb5b114fc4f0bbe77349f73ba0d497e,2018-08-10
c7f9c9ed8383be0c7514a7672ffdfdbe,9fe71cf3d38ed8a2df5d20cef8dccd9e,delivered,2018-08-16 15:54:42,2018-08-16 16:10:25,2018-08-17 13:10:00,2018-08-23 22:18:22,2018-08-31,7305430719d715992b00be82af4a6aa8,2018-08-16
95169e040d35061fb85e797d1c163573,883600bd2142d1bc739a9ee7371d13ec,delivered,2018-08-12 19:31:01,2018-08-12 19:45:24,2018-08-13 14:00:00,2018-08-17 17:41:47,2018-09-03,fd79dcb667c1ae7830d9a315d64e3b32,2018-08-12
a8347ba04591f966205182a1c99c310e,53e16f83735cfe02bf83ef6481ca241e,delivered,2017-12-04 21:11:15,2017-12-05 08:30:50,2017-12-05 19:29:01,2017-12-26 19:13:07,2017-12-29,1b6c7548a2a1f9037c1fd3ddfed95f33,2017-12-04
3b2a2bbfd008c0c053c78914e69e0f79,291dcc54f6638380fed8043b57a27868,delivered,2017-06-13 20:47:56,2017-06-13 21:05:27,2017-06-14 15:02:59,2017-06-24 08:39:31,2017-07-06,cd16d14e5c24e8d4ef137c35c00edf37,2017-06-13
db2ab2d67b7e072882b87621025cc8d6,e840da610c4332c5751cc1341e988a6e,delivered,2017-07-30 17:48:59,2017-08-02 08:32:15,2017-08-01 15:22:11,2017-08-02 22:11:54,2017-08-11,48e097ba8aed6d4d53ebf5daa100869c,2017-07-30
ed9babbb81731e57a8a763b361fe8d57,6a0d1f6772f321da7403507787495423,delivered,2017-11-24 15:13:47,2017-11-24 17:54:19,2017-11-28 19:28:39,2017-12-04 16:38:59,2017-12-14,e6ab41e2b2a14272f7e03b91b5b6cbc4,2017-11-24
3865b07872da3d5435a63e1a895cf82d,97d489c217105f10af366a8e67bf4dae,delivered,2017-11-15 00:16:49,2017-11-15 01:10:31,2017-11-16 16:21:53,2017-11-21 22:18:20,2017-12-14,e34cb3307f44e210007b2d61573abe4e,2017-11-15
0964250cecc3ab90b45138c9cbbf7b91,87cc319565647dae82dbfa9e8261f95e,delivered,2018-05-11 23:29:15,2018-05-11 23:51:05,2018-05-15 12:17:00,2018-05-24 23:21:42,2018-05-25,fa717cacb6498a3e9842542158ab5dcd,2018-05-11
91116032517d91c1180ea2bd34db30c3,cbece3180303b43f336eaab51da85aad,delivered,2017-07-16 09:50:28,2017-07-16 10:03:27,2017-07-18 19:42:20,2017-08-15 21:17:53,2017-08-16,79d0029455373fa2185c76bb52b96fbc,2017-07-16
f5299daf77d8dc1c9630692065eeeb57,7ec3f2352e9adbb54e274886e56f4a7c,delivered,2017-11-25 13:50:11,2017-11-28 15:34:31,2017-12-02 00:09:09,2018-01-08 18:53:05,2017-12-29,36ac774820b925c85d5d98dcd8ab01b7,2017-11-25
28c89c82267d381a04c52210eb2cd4b7,32ffea59402a367c36b5e5ec8c35e459,delivered,2017-04-20 21:43:32,2017-04-25 08:02:46,2017-04-25 14:28:41,2017-05-03 14:52:50,2017-05-11,61eed81237a7dcaa405c14727d2fd590,2017-04-20
460bbd1de438f2781234032226e45461,d47c07942091434330f8bf4d93ac17c1,delivered,2018-06-22 11:57:51,2018-06-23 01:40:15,2018-06-25 14:45:00,2018-06-26 10:52:45,2018-07-05,cfb1b50c3f73e9a4da0186f0a7d959a0,2018-06-22
24940d1052df86d8e24f16e5adf2868e,dde3f6a475d39044e793c94010308629,delivered,2017-05-01 13:31:40,2017-05-01 13:50:16,2017-05-05 15:10:06,2017-05-16 20:21:26,2017-05-30,39ab6384afb233546f4559b162bcba4d,2017-05-01
9863811d92f6ae6fdc407813b2e6a285,894344399c9fdb69219284fad90d6b28,delivered,2018-05-16 13:53:00,2018-05-16 15:18:32,2018-05-17 10:07:00,2018-05-21 18:52:11,2018-05-30,78782ff62e46d81f3b4838ad35183937,2018-05-16
779078ac80552fa400b11c285d16e4fa,f583831c572cc8569de2841fd281fd2b,unavailable,2017-06-13 21:11:58,2017-06-13 21:22:41,,,2017-06-28,98e8535b4cfc39e898513803807da125,2017-06-13
a8ad6062c04fe8e59731cf03daf951b0,a32bfb52b772eb12837ab15df2b165c7,delivered,2018-04-02 14:04:43,2018-04-02 14:15:26,2018-04-03 18:57:35,2018-04-12 05:55:40,2018-05-07,69318bb3bfeda26bfa370962cca70b5e,2018-04-02
058e0a8627dc25b49eae4ce6ca658cb8,ef48ea66fb39a13e1310b36b676e29e7,canceled,2018-05-10 13:10:44,2018-05-15 07:14:53,,,2018-05-28,98af4f1390402d0565507f23c89c76c0,2018-05-10
430b5c4d7f6d1aefd4e271571122d635,0e6043c6383abe8e3ee07a62b4a723d4,delivered,2018-03-04 23:25:54,2018-03-04 23:35:35,2018-03-05 18:39:08,2018-03-17 16:53:21,2018-03-22,4ba792f3a1d79824e6955f538ed1837e,2018-03-04
f04479bb4e07ce7b8ac1d2287b528541,cdebdd9b0e6d04c6a6c2ac526fc081e2,delivered,2017-01-29 16:00:36,2017-01-29 16:31:39,2017-01-30 10:18:21,2017-03-14 10:42:19,2017-03-09,caea4a019afe0ea13b6092c93af7943f,2017-01-29
266431d2079465fd7c936bc6f9578d45,4d72fc220b552064edf66ae2e77443df,delivered,2017-04-25 18:03:03,2017-04-25 18:15:12,2017-04-26 10:14:04,2017-05-02 09:10:44,2017-05-12,5353fecd3b6270bcef1daae093bb6e33,2017-04-25
c1fbcbfba6084a6a42992578fed419a6,642adff2ec0dd9a829799f8fa4861198,delivered,2018-05-10 17:40:24,2018-05-11 17:37:43,2018-05-15 16:11:00,2018-05-18 18:51:49,2018-05-30,976e8c9f67686f03d836dd50a9662f29,2018-05-10
17f6822b66a6bb2281a02c2c906336a8,6051b9e42147ce0a981bf25192044f85,delivered,2018-06-23 19:45:42,2018-06-23 19:55:52,2018-06-25 13:13:00,2018-06-26 20:21:54,2018-07-16,93b9fb08eabb536d0322723c72b50dc6,2018-06-23
403bc403b9cc4b10bc0de6b86281728e,79f7aa9269886210f054b5337f326474,delivered,2018-03-24 22:32:54,2018-03-24 22:47:22,2018-03-27 03:36:27,2018-04-05 19:35:30,2018-04-20,f43e533381a4e43d80c05aa7d4508d27,2018-03-24
053228d082dcc4c3730e511ecd4c9fa0,2c0bc44acb0f7e0523edb387e6bd1fdc,delivered,2018-07-31 11:38:33,2018-08-01 03:31:41,2018-08-01 11:23:00,2018-08-20 14:08:46,2018-08-17,5e6fa0f7430f7ff95d2ae12438ee96e6,2018-07-31
337ed97aec5fea9e7e8169cf04876433,e465c6ea4029a5ac79cff9d1d8a73755,delivered,2017-10-09 20:23:03,2017-10-09 20:35:51,2017-10-11 23:13:30,2017-11-03 23:27:43,2017-10-31,07fa462b54870cf20c05a33c4f15c6e4,2017-10-09
73ab3121732a6b5bd3e8ad44c1d81c57,865395e6b73024ab6ff3d333f1012f6a,delivered,2018-04-01 21:17:46,2018-04-01 21:30:21,2018-04-02 21:08:40,2018-05-03 23:31:34,2018-04-20,5848e7abc5986b65cfa8f4fb0bc9a27d,2018-04-01
38d4d6c821c0cda17600c430495f6a06,8aba3eac72f0fb726c15140c5e7b5d5b,delivered,2018-08-19 12:46:17,2018-08-20 12:09:35,2018-08-20 13:06:00,2018-08-27 18:51:16,2018-09-05,a1ec25928532606ff2a113ef95963c12,2018-08-19
e2f80e58aa7bb597859b1b01b6bc366d,0ba9e1497ca235e5ebf6719be14a8c66,delivered,2018-03-04 18:57:54,2018-03-04 19:15:40,2018-03-06 00:06:54,2018-03-15 22:43:30,2018-04-03,06e6db55429bb82d5aabc4b2eeaad5f2,2018-03-04
45d401cfadade31e1b461e030548b712,e60cefbe177a009f39b4b4000cb0313a,delivered,2018-02-21 11:04:44,2018-02-21 12:05:30,2018-02-23 00:19:07,2018-03-02 17:17:36,2018-03-19,99fefcc024154d6088c096ff42edb1cd,2018-02-21
bd321a43c9e3e0ce286bc76d7bc18e53,dde5ac6be9d25e722f34409547565676,delivered,2017-03-19 21:27:14,2017-03-19 21:27:14,2017-03-20 12:52:56,2017-03-24 16:35:52,2017-04-06,0bba05fd51fbadacfaf6f4abfcc2d71f,2017-03-19
1abd0dfe27b9146f0fe7ac0e4d03fcf5,6eaac02722db56c9644f4cb3e7943b1d,delivered,2018-07-02 16:45:00,2018-07-02 16:55:26,2018-07-04 09:34:00,2018-07-09 21:51:38,2018-07-27,805dc9e9897359f03e5a433edadabd30,2018-07-02
230c4b870a8eec405f6b5db505974701,0146c236b4c942e0ed107444e8a90463,delivered,2017-04-03 22:43:45,2017-04-03 22:55:19,2017-04-06 10:30:12,2017-05-15 11:17:34,2017-04-27,564feb90710b4f84399f931fa97ea704,2017-04-03
4c9671e28ccfc8dafb3a9479e8f51adf,d1c012b9cf9af196c252e2d5ad694a4c,delivered,2018-07-05 19:37:03,2018-07-05 19:52:12,2018-07-06 11:05:00,2018-07-12 04:15:49,2018-07-30,2da9dbca30b854e7a6eca41925c346a8,2018-07-05
23936c5f77c03f7cbd20d185732c60d9,aebec5696d5f14f312676983f3965b20,delivered,2018-08-01 15:50:23,2018-08-01 16:04:12,2018-08-14 12:56:00,2018-08-21 18:55:36,2018-08-27,27cbfa02d06fde5a0e612721ec5bd891,2018-08-01
d898dd2a514f62601dc99b7858023038,060feb3bc91804b596b106fa63834799,delivered,2017-10-25 12:58:48,2017-10-26 13:14:15,2017-10-27 22:15:00,2017-11-03 18:13:39,2017-11-16,e8569c57efe3adf347b3e92ec04d1f91,2017-10-25
87322429288d41c9b9216ef642e9b9fc,46c08b900dd90ea7d27b275b92a713e0,delivered,2017-10-03 21:59:12,2017-10-03 22:14:14,2017-10-10 19:24:00,2017-10-14 15:25:25,2017-10-25,f84a44a2163992a68c8dbfa26a8fe79f,2017-10-03
c8ea8027c7ca4ff71aed28e256d49ecb,2c2f6dbfb1f1ca49d15ec9beb3de5107,delivered,2018-03-08 23:34:29,2018-03-09 01:20:30,2018-03-09 20:36:37,2018-03-11 19:02:57,2018-03-21,eca835c0030339bb075ade50a5b62824,2018-03-08
07b6fba80722b4ba2988ef68f8e20c9f,51460fb93e8641cb759c87b204e1fcd0,delivered,2018-02-17 20:02:02,2018-02-20 07:06:58,2018-02-22 21:33:58,2018-02-26 22:04:33,2018-03-05,f7552fa99d127d895bc39a3d3fd2beab,2018-02-17
246e8f5dd934761c8badf86d43225bdb,66133807d68ed8071deb3db9fea17ef4,delivered,2017-10-10 16:44:43,2017-10-12 03:00:14,2017-10-16 16:37:07,2017-11-08 19:09:15,2017-11-07,8f76029e5de1f119feece36c04d34371,2017-10-10
287f07f2662d6fece557157bb5f87fd4,e5e9eadd7d1db375dc607a5b9d10923c,delivered,2017-10-19 15:27:16,2017-10-21 02:49:11,2017-10-26 19:15:12,2017-11-01 23:36:11,2017-11-07,857880c4b99ee98fd9a1025dcf816354,2017-10-19
cb64fe77f78101ce43bdffc7be77c9a4,d0c07cdd5cde8cb9b6fb2d7a32060211,delivered,2018-05-03 22:33:14,2018-05-03 22:52:50,2018-05-04 15:48:00,2018-05-09 18:26:50,2018-05-30,840a0a147ec1a7209e1092161bd3ebd4,2018-05-03
c71e28c5a5dce4f2d223e54be0804379,3149402c5ccfd4d70014f1ffcf9ad95f,shipped,2017-04-14 16:48:53,2017-04-14 17:02:18,2017-04-17 13:06:14,,2017-05-22,923ff96b29d364655cb8291328021d5e,2017-04-14
c1bb3ffb1aeb6afbe42101499bd15708,5331ac2d2ed2def738a9c200cf8ebacb,delivered,2017-11-28 21:31:13,2017-11-30 02:20:22,2017-12-01 20:49:50,2017-12-06 19:12:54,2017-12-18,d15f677a07a60a4f9720424d88ee9d67,2017-11-28
f7380d2ae6b2e130f6b1bb997ff1194a,bceee60ed28986b6a4a5be0e2a7b3625,delivered,2018-01-13 20:37:52,2018-01-13 20:49:54,2018-01-16 17:03:11,2018-01-17 19:40:55,2018-02-07,3eb2bf49b53911703ac42b24b8737544,2018-01-13
55fa1be4d71a86a2d97e29c2b65af3e0,e2584410bf1f4150b5f2334c01bff6b8,delivered,2017-06-22 18:08:16,2017-06-22 18:15:19,2017-06-27 07:58:34,2017-07-05 15:45:59,2017-07-18,fc8cb75d5ba47f5693af966b8e5cdf36,2017-06-22
fa25b9a1756347af70473e84988d016c,4e78d87ba58c7d214e8cb4d7f2b90311,delivered,2017-09-13 17:43:21,2017-09-13 17:55:28,2017-09-14 21:07:40,2017-09-16 15:33:49,2017-10-02,8715603183f796a544107275fdb734c2,2017-09-13
c722520c1663a8a3701cc0a6eb572b16,8484992c1eade2ac6e233494e7daac51,delivered,2017-05-07 21:38:07,2017-05-07 21:45:17,2017-05-10 06:06:58,2017-05-19 17:43:48,2017-06-14,f938e03ae03b25e72c17bf8e30d343e4,2017-05-07
9ae2acea50ce1f7fcb16485ec6b4d028,5e3ac279c965c02dbe4117b6c31b7365,delivered,2017-10-24 17:07:47,2017-10-26 02:56:37,2017-10-26 17:55:51,2017-11-01 16:46:23,2017-11-10,122ed7f7ca3936a9a39754da047797a6,2017-10-24
02881d166b44a823fd6947e715dfa5e4,16c1bb03adb08d986a62093823959ec6,delivered,2017-09-29 12:31:46,2017-09-30 02:24:49,2017-10-04 12:47:36,2017-10-10 18:59:41,2017-10-30,22c84aa3c94faa9b0533e5b95f440d57,2017-09-29
564cffd60596c7076932fbeadbc7b898,d361627a85f0e2f6857c4dae798f1b75,delivered,2018-05-05 19:50:24,2018-05-07 18:50:20,2018-05-09 15:48:00,2018-05-16 20:52:10,2018-06-01,1e6464592f06fc3b7896b2a778fed210,2018-05-05
80a18edfa1989bada0d72f3e0ff55aaa,65fc362d3d6288deed5b6284b492669d,delivered,2018-03-30 11:48:01,2018-03-30 12:30:15,2018-04-03 04:33:11,2018-04-09 14:27:42,2018-04-23,b7569626e4eeea00e58a1b0daf419076,2018-03-30
707109d106f57a298c6d726ff59fa324,a2b856c4ff916756f0d23bf50e68ccd2,delivered,2017-03-12 17:50:23,2017-03-12 17:50:23,2017-03-14 15:09:29,2017-03-17 07:37:36,2017-03-30,58e797902618c7cf245d9fd9ed978b9c,2017-03-12
6957a72f3cc3a47e9d93b8b3b863c425,65e6185e3c6b1ac6c603863f8ea42e72,delivered,2017-11-25 18:30:06,2017-11-27 19:01:23,2017-11-29 14:58:30,2017-12-19 22:27:37,2017-12-20,699003f10173022740145aa4aaeaccd5,2017-11-25
77aa92a7fa7631318d976cdade65422d,f4ea832c987cada376a618b367bf4c54,delivered,2017-07-13 11:11:59,2017-07-13 11:25:14,2017-07-18 14:13:44,2017-07-21 13:35:39,2017-08-09,5b4c69aeb8443f66c8fcf0875b82605e,2017-07-13
7fdc2d3ef3675840269e08e7cfda9a91,c73e7ea009cb09bf954b0d097f2e6a56,delivered,2018-05-12 08:50:43,2018-05-12 09:14:40,2018-05-14 12:32:00,2018-05-22 19:54:53,2018-06-18,7ebb3bb52aff91c642c9e4d81d4cbc95,2018-05-12
95ade9e6c80f923bf69bb522ba96a7d0,bceccf42d84fd8009a31e3a486b6ce89,delivered,2018-03-06 19:19:05,2018-03-07 02:15:52,2018-03-07 20:54:39,2018-03-08 22:08:31,2018-03-16,fb129066652cf50fdd7fa3df4b53ad09,2018-03-06
a584b62631198e44d1a2bedba0a15dda,3baf1ca092ec3d9d85afd29b9f4290a2,delivered,2017-12-09 14:04:06,2017-12-09 14:14:20,2017-12-12 21:54:42,2017-12-16 16:49:06,2017-12-28,851d675534217e1f642da9786feba029,2017-12-09
5c3c5fb92600fb7f21312551fc1ee21e,6631d7b1ff0c8eea33d294ca4ec2a2c0,delivered,2018-06-11 10:22:49,2018-06-11 10:35:22,2018-06-12 14:47:00,2018-06-18 14:08:27,2018-07-04,1d1438d24ce35f01e7c30d1893e8a7c7,2018-06-11
73c84b13ab9bb715a8e21eb2329177eb,4c4a5eb7bde501ed1a0e3a5297a8c949,delivered,2017-05-18 12:50:34,2017-05-18 13:11:02,2017-05-29 12:06:36,2017-06-06 12:47:56,2017-06-20,e702e8b7b2a4233b4a1c21f457a1030e,2017-05-18
fd1aab20092cfd4201ea21ed4e847135,e87cbcfd281a4e4923ee3b2c9e6e9016,delivered,2018-03-28 22:31:05,2018-03-29 22:26:55,2018-04-02 22:38:55,2018-04-14 01:55:50,2018-04-30,1846585a84c5d08003dc65da511cb2f1,2018-03-28
1764739dbac867a8d361a7694d05f69a,f85c84778033505977181ec858c3c07e,delivered,2018-03-23 09:43:57,2018-03-23 09:55:28,2018-03-29 01:49:02,2018-04-09 20:28:27,2018-04-16,4c8810fd8c66d4d2c59cf37fe0ef3778,2018-03-23
ac5269d6717b84efd17d253cf5520652,21d029fb9127856d43d8c335e486b404,delivered,2017-06-02 16:52:40,2017-06-03 02:30:31,2017-06-05 10:46:45,2017-06-19 13:42:07,2017-07-07,830cc5a0496b600ec46404c8988cbe27,2017-06-02
0cf6d9903d24cb0d6ef8817a9612fbfd,e9a600a9582d96365e2d57f4e2f6533a,delivered,2018-05-22 09:35:17,2018-05-23 02:38:19,2018-05-28 13:16:00,2018-06-04 17:48:32,2018-06-08,1287f6d27e4d6b299b6df65340831bc0,2018-05-22
f0fa751754bd0d673e3eb5563ccc9d41,3cbaff1f3ace2b01fcd056100953ff6f,delivered,2017-04-07 21:39:30,2017-04-11 04:02:07,2017-04-12 10:33:25,2017-04-18 13:14:04,2017-04-28,131b8a51429529f4e57e8faa1b87ff4f,2017-04-07
8d8167b4fd098163e8639b0cadf330ec,d8b499463e4d32d284da63b92667fb9a,delivered,2018-06-05 08:57:46,2018-06-05 09:11:03,2018-06-07 08:29:00,2018-06-15 01:47:49,2018-07-13,328ea90c9ac7fcb7a1a65dc7ff8f8b81,2018-06-05
1a777b4fbc5f78c56a4d194ce7311df5,7b913a2d826245167f82b67681578ce2,delivered,2018-07-09 09:54:00,2018-07-10 09:45:15,2018-07-11 13:08:00,2018-07-20 15:35:33,2018-07-25,cfc22b871e8ad099b0aa9712dffee9ef,2018-07-09
feec317d7127a4dc69cfb507f08c8759,8a0108267d9258a0ec9f74381bc9b0de,delivered,2018-03-04 23:38:00,2018-03-06 03:50:28,2018-03-07 19:18:33,2018-04-02 22:41:33,2018-04-11,7a2dc4682890550ebe3b8befcea3d55c,2018-03-04
d5c8ece04dd0b02a4e72e1938194dd22,66b679cff0894e89f043acfa612929e6,delivered,2018-04-22 23:54:37,2018-04-24 19:28:58,2018-04-26 12:25:00,2018-05-02 19:37:46,2018-05-16,d8900bc06c6eb99a617d768e5bbe6d39,2018-04-22
b27afd384fc03b22ea356feec6f95dbf,f4fb69d52b1b631b812eba9e26749994,delivered,2018-08-03 11:45:23,2018-08-03 11:55:18,2018-08-06 16:44:00,2018-08-09 18:14:32,2018-08-16,ec6622c76335108858cb40492e5fe0d0,2018-08-03
4705164b1aabb4272d1fa134828dbc1c,271e0943b7a9a4f94c05483f6c491e80,delivered,2017-05-23 22:57:06,2017-05-23 23:10:12,2017-05-26 11:52:07,2017-05-29 08:39:52,2017-06-05,9ef3cfa5f3c05924caa41a25ccc90df1,2017-05-23
146bde81f92815f59ed9c7d44d8335cd,0c6473e9ab7d84f5b34b6aceaebd024a,delivered,2018-04-17 12:11:55,2018-04-17 12:30:17,2018-04-23 23:54:50,2018-05-17 13:08:32,2018-05-24,37588c120b0cf79780234db155681a2e,2018-04-17
9b60426b9711c8a0a8a1b1b37d3c451f,03584c130fc11548a1d7b9cf617b95f8,delivered,2018-07-13 21:30:54,2018-07-14 21:25:19,2018-07-16 15:20:00,2018-07-24 22:28:24,2018-08-07,e5d666c254dc4f4d7f205213e00b0cff,2018-07-13
87262af9bce24d739bddfbe6b1a4bde3,e0953ee955232ed39e102f6b0f138a4e,delivered,2017-11-29 10:01:03,2017-11-29 10:18:28,2017-12-06 23:09:25,2017-12-18 17:58:49,2018-01-03,cd0e61e6c8c905a17ece8ed5b2cab62f,2017-11-29
906dfb858a6afcaea1fb5cc0ed730147,6e5a54d1b2948d3ed01374ebd2f018ff,delivered,2017-10-18 20:58:36,2017-10-20 02:49:41,2017-10-27 22:29:53,2017-11-06 17:57:55,2017-11-13,942ce4fa8d57be9e937ff85bf3266467,2017-10-18
b55d769ec9ecc14f35096c6a4c5d83d7,c8e3b79da2d592e9fca27d760f185588,delivered,2018-03-03 12:53:54,2018-03-03 13:08:57,2018-03-06 23:21:35,2018-03-07 17:11:59,2018-04-02,c86942df78b3afb9163f3a48ffb92b8b,2018-03-03
2061d416cce74e744423747a2b87f330,cb8ca0a09824115249e1a28fd6028751,delivered,2018-05-27 19:01:34,2018-05-27 19:15:12,2018-05-28 11:35:00,2018-06-12 17:50:51,2018-07-04,c6de2a39c000a3a0c6013c66c40307e5,2018-05-27
ac6a5b80624dd534ee1e0ff1e7f1486f,ca75dc982df3e41a0677dfd6d040ab35,delivered,2018-04-29 17:26:54,2018-04-29 17:50:25,2018-04-30 14:40:00,2018-05-07 17:53:07,2018-05-17,8a20bb55e93e043eaf78060151a08814,2018-04-29
006e91ddb0674525f84ce0da0655c7ba,aab60551b0c17b5dd31690b0d1bf3911,delivered,2018-04-10 19:17:15,2018-04-10 19:31:09,2018-04-11 20:04:00,2018-04-16 17:40:54,2018-04-26,42572eaafadc787ce69afad9af65a7b7,2018-04-10
427911f3c5b426df742d7d17cb9424bb,10342b679b1e6bca244ffe405d8b3034,delivered,2018-07-13 14:58:48,2018-07-14 14:55:26,2018-07-19 13:44:00,2018-07-23 19:04:03,2018-08-14,082f4a93605df980ab01581db54640d3,2018-07-13
c84ef2a01e44394c9dfef910a4c70df5,2807ccb86c70a612c783f4d658dd8848,delivered,2017-11-10 11:45:58,2017-11-10 12:09:45,2017-11-10 21:06:32,2017-11-22 00:04:42,2017-12-06,2f5ecfc38847bfc8e044e4599b5cb4c4,2017-11-10
1e7e52793962988de8f2bfdf748387eb,531f02d66e6a1c16a30f64f19e50585d,delivered,2018-06-04 14:51:12,2018-06-04 15:11:17,2018-06-07 14:02:00,2018-06-12 17:07:50,2018-07-17,dfb0cd5e052507b9d6480f6948c9d3ea,2018-06-04
8affe9c92a920697129509ebbb623e0e,7dd1cb59a4ab082a16acdf30d0bfa8cd,delivered,2017-10-24 21:11:34,2017-10-24 21:28:09,2017-10-25 21:21:53,2017-10-30 18:12:56,2017-11-16,0f13f2d314cbe14223750536897d2f70,2017-10-24
46ebb6001be17983f9f32274dcd0d734,fea3512b86652c68e40c643b824dd5a5,delivered,2017-04-20 15:40:58,2017-04-20 15:55:12,2017-04-24 21:24:34,2017-05-25 12:37:42,2017-05-24,318fbec40d219e6efc3f7fcfe9aeaafd,2017-04-20
5dec9bf4b2c859f8de5fee5f1e08d1c6,204cb39c49cd7750704f5a22034b6133,delivered,2018-02-01 22:14:52,2018-02-03 02:53:35,2018-02-08 01:06:02,2018-02-23 18:57:13,2018-03-02,d33e50addbc423c61a2dbb3a51148e51,2018-02-01
40237bfdaa849b45bb6dc75be63c3abf,238936b5700a697c2b7de970c54b21c8,delivered,2018-02-23 15:17:38,2018-02-23 15:31:45,2018-02-26 18:52:22,2018-04-03 21:22:39,2018-03-15,d05722234392e2ae93d6111a0469d28a,2018-02-23
9822680d395506e5602b3c1ea555aa61,b7972dea0691475465acaef017a83fce,delivered,2018-04-24 22:59:44,2018-04-24 23:15:08,2018-04-25 13:47:00,2018-04-30 22:27:47,2018-05-21,00ff5e862f825ac56e5fdfaa6b69dc51,2018-04-24
90932f88aac7cb89b8de1b8635b6d393,b0b03bf2aa4428b6f1e24de8c873c639,delivered,2017-08-20 15:37:37,2017-08-20 15:55:08,2017-08-21 19:25:59,2017-08-26 11:53:51,2017-09-15,7665c697b7c7eebb7957df253caafa6d,2017-08-20
6524090ec4993bd31616d814bc79a575,6a8a6f95ac280bdc089cea137074d852,delivered,2018-02-02 15:02:13,2018-02-02 15:18:18,2018-02-05 16:42:32,2018-02-06 22:23:29,2018-02-20,02f2a9dabd3fde0b87ebfe1bf62915c7,2018-02-02
3a1ec4d91212bcb2cb21d37d7f1707ac,0bc333635d01d085aaf8c0c71dc9e4d0,delivered,2018-01-25 18:00:45,2018-01-25 18:20:09,2018-01-29 12:38:41,2018-02-02 18:39:40,2018-02-19,dfb7f397991dbda2d975f5d7bfd915bc,2018-01-25
5140caed9ffab688aa2e67074d65befd,a1128c70aedf47e5c381b6127f8aeed5,delivered,2018-03-15 22:34:02,2018-03-15 22:50:40,2018-03-23 00:51:59,2018-04-04 02:32:28,2018-04-24,1dad5fe7744fe8b9b2035fc79c91797e,2018-03-15
418cd8f1328f8746e2483646f1d1b250,9a75b1179856777173ca2a8176bcd9f2,delivered,2017-10-29 21:06:13,2017-10-29 21:25:50,2017-10-30 19:03:03,2017-11-06 20:58:54,2017-11-22,c00f7319ed8fe800e016539497653260,2017-10-29
d169981e02b7b8019f6d3924b18f80e8,e8a59b3a1618a2a3a9d9098fff11b6ca,delivered,2018-03-13 13:32:28,2018-03-13 13:48:34,2018-03-16 00:21:51,2018-03-16 16:28:46,2018-03-23,7c91f3745076b6ff4302cf974674fcc2,2018-03-13
5de15a383f870cf7dc2873ca8f7d9f9c,c3819d790febebef18771ee479550bfb,delivered,2018-03-14 17:30:52,2018-03-15 17:28:43,2018-03-16 18:08:34,2018-04-18 22:37:44,2018-04-30,59de4e1345cf717bc1b05757f8ff2c6e,2018-03-14
4c53b2ac030f08c0469e8de45af2e400,780b9df22e9f714b2231474a96e95730,delivered,2018-05-28 17:24:42,2018-05-28 17:55:41,2018-05-29 16:05:00,2018-06-04 21:15:30,2018-06-13,3378cb40f76a30e21ef595fd45a7d576,2018-05-28
a3a243e267c153d4acf4c49c2c6b68d6,0ee56fa64a206a89ed83c7fa61a81132,delivered,2017-12-28 15:58:06,2017-12-28 16:07:58,2018-01-02 21:09:55,2018-01-07 14:58:42,2018-01-24,903fbb42dd3425b72bdd238a0cb18d4e,2017-12-28
1e48944f586b8b17f307ac4f5319b0c2,765d7dac76cbe78e1a04508c91065454,delivered,2018-04-11 21:57:00,2018-04-13 13:29:55,2018-04-17 18:11:48,2018-04-19 19:29:33,2018-05-03,6d73e7efd1131276b3692f0adeed6ac9,2018-04-11
aa57c8f21178b5061a77762e7efa5828,99c764676929a7492684e478d5255a55,delivered,2018-05-17 14:30:36,2018-05-18 04:36:08,2018-05-22 14:31:00,2018-05-23 20:07:48,2018-05-30,57dd9637cfdca10ee83a09efd64de115,2018-05-17
58654344ef4d9b4aefb2ee36618d9751,397763187b4a29697d71cacaecef05d8,delivered,2017-10-09 12:55:53,2017-10-10 11:07:48,2017-10-11 19:45:06,2017-10-16 20:23:53,2017-11-01,f576f26e673b249c12fc66b9019eecfe,2017-10-09
c006305482586b6a11eb69c6aacfe5e7,a7a1911136db0463fd6b28688921bac0,delivered,2017-08-25 17:04:27,2017-08-25 17:15:17,2017-08-28 15:35:11,2017-08-31 17:38:18,2017-09-15,ad99c498c47110d1f9347a154f334d88,2017-08-25
db54a9396f6a1b119b7f8e889d53030f,2918c74d2ff44c2b3299d08fa6578e50,delivered,2018-03-17 17:14:41,2018-03-17 17:36:18,2018-03-19 17:04:20,2018-04-02 20:57:32,2018-04-12,a97516458186a7266d1e14b5572a66ab,2018-03-17
cce1b8a1c5f8b1d224e19628299c8f54,63433f6eb6f0a79cbb24e940d0ab17ad,delivered,2017-01-05 13:33:45,2017-01-07 03:44:27,2017-01-11 15:35:53,2017-01-17 16:51:39,2017-02-01,6222ef69df52b4ed71be551725551cc0,2017-01-05
3841b9f0b88c1f4776e948e96261a099,7d27a8bce87ed5709757912115ec8afd,delivered,2017-08-08 20:23:52,2017-08-08 20:43:27,2017-08-09 19:51:21,2017-08-14 14:22:48,2017-08-29,e3116b31524ff321402af12a6bd762e5,2017-08-08
6d9288f26eeaab3874c5fd755cbfd448,e27c106dade234783942879d21b249d3,delivered,2018-01-29 15:23:54,2018-01-29 15:35:32,2018-02-01 19:39:32,2018-02-05 20:52:11,2018-02-21,0c9805d4a88b10d256ac8c862f42246f,2018-01-29
89875030a35679ca3bb457e3e89dd7f1,ec315ee859b4a10e3c820cd713484239,delivered,2017-10-18 13:34:39,2017-10-20 02:49:27,2017-10-20 14:49:59,2017-10-31 11:54:07,2017-11-13,9f69e4adeb78574431c2512f6f91ba18,2017-10-18
33c1911ef3652a03c6cb098b9399b1d3,70f95a47532d0a1ffd3b15302f61a1bf,delivered,2018-07-03 15:14:01,2018-07-05 16:32:54,2018-07-04 12:14:00,2018-07-09 20:26:43,2018-07-27,34b6869483f9c2ebecee59d3be7f6416,2018-07-03
0c2cc9644e4c9bb77092c7971cc436bc,68fa28baf59e30e1b833f9a21c35ba14,delivered,2017-08-21 16:49:22,2017-08-21 17:06:03,2017-08-22 20:49:52,2017-09-05 16:26:10,2017-09-19,eab1b2c0dedd19664d1f3dceb49b83cc,2017-08-21
39bed80f240ec8f46e7ab30e6dcd343c,260cbd84c4e1c78240a8ab6f5fe99343,delivered,2017-10-12 10:44:00,2017-10-12 10:56:11,2017-10-13 16:42:00,2017-10-20 21:23:38,2017-11-07,65333bf484bb685082b70adc3e154aeb,2017-10-12
2239463fae220242bce349a6cffd6fc3,5e918cb6a13d496ac96cff35848407e1,delivered,2017-11-02 23:28:12,2017-11-02 23:45:20,2017-11-08 18:58:41,2017-11-23 14:16:43,2017-11-24,d8a74baa7029318b3192a2fa3a775660,2017-11-02
98c398503085e37d1c5da3e29980ee25,7dc0e5a1cd93b2037b5705566f784f8c,delivered,2018-02-12 11:44:29,2018-02-15 04:07:11,2018-02-16 22:58:33,2018-02-22 02:08:51,2018-03-06,de5f2d4aa1e29e756ca9225b1f157474,2018-02-12
79e6c42fdba43c9005ec3407a878e1b5,0ccce07336490a0be9bbcc78b70ff35b,delivered,2018-02-22 11:22:00,2018-02-22 12:01:28,2018-02-22 22:29:21,2018-02-26 14:54:42,2018-03-19,e34759a74542ebac6726b4d02394fe02,2018-02-22
70398b900647b9a57f8ff2886f0cc942,7f755f06529e33efcd66bbb3dd7fd164,delivered,2018-01-25 22:21:43,2018-01-25 22:32:27,2018-02-01 01:13:03,2018-02-08 20:12:31,2018-02-21,b7741f7ec50ab6bcd52ab08ea8f214d9,2018-01-25
2f91341b841ba610e8981cabfcef4989,041e7a50f42343bca153f0df4729723e,delivered,2018-03-22 22:37:56,2018-03-22 22:47:37,2018-04-06 02:12:51,2018-04-11 17:48:33,2018-04-10,ee4203bde8734078a27485ea2b641398,2018-03-22
2c4665e95f17505890c0f9b086f89754,1fd9c6fab4bffc74497e8fafd172dd6d,delivered,2017-12-05 19:02:14,2017-12-05 19:15:27,2017-12-06 21:51:41,2017-12-22 19:35:07,2018-01-02,08ad56c3974aaa3a9f42d3e8c56dfd75,2017-12-05
4019b970673ea8400df0ad1841bb5a5e,8ce68d3456993fcb579d1915da8e9e60,delivered,2017-08-01 21:12:01,2017-08-02 21:30:17,2017-08-03 17:20:01,2017-08-11 18:28:19,2017-08-29,7907a6cd2861914817b7b41d33abf303,2017-08-01
6f4eebb5dd7d532cd45474ce133dc60a,aaabb7e90313e89f16ee6e19b318629c,delivered,2017-03-31 15:41:59,2017-03-31 15:55:19,2017-04-04 13:04:34,2017-04-10 17:52:08,2017-04-25,f629618f65b64cecde538115a1f25a79,2017-03-31
f9c699619ac54cb3b7a424e2c6011114,0ccf1f0589329113e44d4a03e4956d97,delivered,2018-04-03 21:00:30,2018-04-03 21:11:20,2018-04-04 19:12:27,2018-04-16 17:54:53,2018-04-26,638c5abe0261e36797406e3d0cca424c,2018-04-03
f1b0d64e31c26320c0447cd14d66f4bf,ffbcf1eb664ce45bed8883fbcbdc2b06,delivered,2017-03-03 01:23:13,2017-03-03 01:30:14,2017-03-03 14:05:12,2017-03-20 07:06:11,2017-04-05,06c0ea6ee892364d1608ee47aa9f56a0,2017-03-03
0036887767dea4bd43b1a88cd0d9477a,43bb6f9650ab2a7e6ef1c93168c4cfcf,delivered,2017-10-13 00:04:49,2017-10-14 00:07:30,2017-10-17 12:56:45,2017-10-23 19:09:12,2017-11-01,6d151e185615942c0bc8cd9373471ad1,2017-10-13
62ec95c28bdad381f6883f48b00a534c,877fa434e40e6c561ad5ead2b77a8a5b,delivered,2018-02-26 09:47:55,2018-02-27 09:48:21,2018-03-01 20:52:09,2018-03-02 21:09:45,2018-03-12,4aa75596b3735460eac01eb2a95a19a7,2018-02-26
2e9218017514abac32bb20f975e15ecd,2f21dceb683c02e437f9505d913fd615,delivered,2017-05-24 21:10:57,2017-05-24 21:25:08,2017-05-25 14:55:49,2017-05-30 08:19:41,2017-06-22,e26f563309eb353fb7b818db926b406f,2017-05-24
7dbcbb9165bf085d77a814bbbea38c6b,56ab12c41231e557afdb9dd27ce5652b,delivered,2018-04-23 09:30:16,2018-04-24 18:39:19,2018-04-24 18:33:10,2018-04-25 19:14:39,2018-05-11,78325e8d5092cd2f75531b0cf11ce239,2018-04-23
1f581d9e91f4d965a817a69d1bc25f74,478b8bacc677a1e79e950e293f026d54,delivered,2018-06-15 13:28:59,2018-06-15 14:03:47,2018-06-18 13:51:00,2018-06-22 15:58:32,2018-07-16,2494ddfd6d3fd5c5b168d65ff042b368,2018-06-15
62a7bb29522188f4c6467125ea02e867,99af32ad9e0c5bb034889741016f8d93,delivered,2018-06-25 16:49:48,2018-06-25 17:18:50,2018-06-26 09:15:00,2018-07-02 21:32:07,2018-07-23,b6a179f976ac672e4e24bc0b4379f8f2,2018-06-25
8c8bf66336e3c7cdc9f751fbfac37a85,408fed3f6d5c6f24084546a476221a6b,delivered,2018-08-21 13:33:58,2018-08-21 13:51:02,2018-08-27 14:50:00,2018-08-29 20:28:59,2018-08-27,bf749c8955e01cdf2db8a16323554141,2018-08-21
1e0efbb6f899f5f08e26951b1e170387,17d55ba276d78309f1993e6d205c7c74,delivered,2017-03-15 17:30:14,2017-03-15 17:30:14,2017-03-17 09:00:52,2017-04-11 16:26:32,2017-04-13,bc78f39e91bb48ceb856abbc417f952b,2017-03-15
ccdaeca68b811a6b26f8b666df809c43,9afa6cb5e181ac3c7061d5251f18d56c,delivered,2017-02-24 12:15:41,2017-02-24 12:32:49,2017-02-24 14:24:13,2017-03-17 11:33:01,2017-03-31,5a4a5f760f4e24691ad78a7f84bbe608,2017-02-24
1389d3b1fab26d87e40c382d11a8ac3c,e4a1289920c7a33574e0433abd5b90d7,delivered,2018-08-14 22:49:18,2018-08-14 23:05:50,2018-08-17 13:18:00,2018-08-27 19:51:59,2018-09-06,24cd37bf2e8fad096bc0b807541311db,2018-08-14
5b07dff7faf4d9f1e300b2fe45184140,aa09d8106d7682d459b666707f9b5fdb,delivered,2018-06-02 12:54:52,2018-06-02 13:10:12,2018-06-04 11:00:00,2018-06-05 16:42:08,2018-06-28,77fc5622ed5d55280944e01e8b5cf215,2018-06-02
18cc97889312466cc90150237a3e2603,895911c68d1a41f344eb97cbc3194d2c,delivered,2017-12-08 14:58:30,2017-12-08 15:43:43,2017-12-11 20:48:51,2018-01-04 11:52:13,2018-01-12,48d53a8484f7ff361b30707cf0632000,2017-12-08
06fef28288938378d269904800db589f,332b269682a1dfa3237a8641690993fd,delivered,2018-08-22 14:30:15,2018-08-22 14:45:26,2018-08-23 13:22:00,2018-08-29 21:36:55,2018-09-04,2d53a70b3240e2e08e214b2e0841d294,2018-08-22
6e77d9428b5dec0e2557b439ea6d61df,567c38d27c9efc5a19c6972fc3a18270,shipped,2018-04-19 10:36:21,2018-04-19 11:15:31,2018-04-19 22:17:33,,2018-05-15,b62ee3acbf56921a216065b4ba6172b4,2018-04-19
8577cf04e1ae13cbd94ada332b03fca7,71766b2ff178d011c1c6ffcf667dc52a,delivered,2018-05-21 16:29:43,2018-05-22 09:14:22,2018-05-24 13:40:00,2018-06-07 16:29:11,2018-06-13,dc9183b8acf2df1888fe3f8a7ceb2140,2018-05-21
7e2069a34a1e7ea08313482266b88256,fa10ec7a208a32b7e139fe44191daae0,delivered,2017-06-27 15:12:12,2017-06-28 02:25:15,2017-06-29 13:29:35,2017-07-10 20:12:58,2017-07-27,8f9f1a0464f6ab0e25650be9849b086d,2017-06-27
c49ca2cf4b3efb3181fee5b28388b4a1,e86e6dc927774d95e865bd25248372fb,delivered,2017-11-28 11:44:58,2017-11-29 02:17:36,2017-11-29 15:58:56,2017-12-05 01:14:02,2017-12-18,0884c6212b22d30a9b80da597bb77b12,2017-11-28
fb114a7255e9d0f59416a80b564638d4,6ce8d858d8b836c2ae35f7888e1c82cd,delivered,2017-05-04 09:13:21,2017-05-09 22:32:27,2017-05-10 11:53:53,2017-05-18 08:04:05,2017-05-29,0dde4f121445745b6d05665e42032a37,2017-05-04
e90fcc2b428a70a691e3b919ec4d8726,fdbb5e86252d6bb9bfddaabaf1ff7f56,delivered,2017-10-16 12:29:49,2017-10-17 04:08:41,2017-10-17 21:24:00,2017-10-28 13:37:43,2017-11-07,5bcfa017a23c7190fcdfc9fd753bd174,2017-10-16
3076ea1c1a37131c434eb5105c60c55f,ee48e6fc86aee66dec7bbda8ae0fc3fc,delivered,2018-04-16 13:24:43,2018-04-16 14:33:04,2018-04-17 19:22:06,2018-04-23 18:34:27,2018-05-04,157f2a53acb4b3a4f3cccf2c41774c04,2018-04-16
b3129a0debe3f118c75c249216364c82,b41c9f4c41248fd5c32bf537312d889e,delivered,2018-07-18 22:43:29,2018-07-18 22:55:18,2018-07-19 13:30:00,2018-07-25 15:03:48,2018-08-08,bb804ab3b59099c10245f17159faf55e,2018-07-18
c344a383c1899d935f9b0123c7983658,b8c263617aa4cb9f03eddb774a49f681,delivered,2017-04-24 21:30:45,2017-04-24 21:45:10,2017-04-25 10:57:53,2017-05-11 10:00:10,2017-05-31,ce22425b237a1e375658bb5b1d148111,2017-04-24
0489b618a9367918b686f03f0cdeec60,f7b083bc0eefdf761a28318a9052cf4a,delivered,2018-03-15 20:00:33,2018-03-17 02:55:36,2018-03-21 01:50:46,2018-03-26 15:14:43,2018-04-03,73a0200d198dbc7022fbcb361cbef7f9,2018-03-15
792fd20f4c1379e85e6bd7ea35240248,34c7f6d763e368d684f4b4b9add0cd38,delivered,2017-11-26 21:33:58,2017-11-26 21:53:45,2017-11-27 18:23:03,2017-12-01 19:58:34,2017-12-12,611452946061baa09959b0154b492c26,2017-11-26
fbe3a31675cc6b48eff1c765ae6bfb06,504fd80a4a9646dcc77ddf93b1c66c51,delivered,2017-12-18 20:58:39,2017-12-18 21:11:16,2017-12-20 21:24:10,2017-12-30 13:28:53,2018-01-12,e6981ea0a1a0edf5dc0e46144dfbb3d3,2017-12-18
a376666be364f3f82e0ca187cd014a86,936c4a5189882afd96a500e9650c7222,delivered,2018-07-14 20:02:11,2018-07-17 04:32:38,2018-07-18 15:03:00,2018-07-24 19:22:42,2018-08-07,ec6a3d80eab7e27f7ee8efeb6839eee9,2018-07-14
027bc78621f14cf45a7ce8dd83bf6516,ba49f69104161f11989bc1bfd6a5d6c3,delivered,2018-04-10 09:45:33,2018-04-10 09:55:19,2018-04-12 22:46:42,2018-04-14 13:48:32,2018-04-20,8a6fd4c834ecc73624bd1ee83772e913,2018-04-10
5bc4e94aef2841f392fb6fe7ceef69b6,017f022018ad01373771ddfd46eb5dc6,delivered,2018-05-10 12:37:07,2018-05-10 12:56:12,2018-05-10 14:11:00,2018-05-22 17:22:53,2018-06-01,96b46ca1bd600ba39582390674b568db,2018-05-10
87f841bad6e9f1d515f158ac10204c3e,8bd1d01232a576982d8f182e91343d38,delivered,2017-09-18 01:59:56,2017-09-18 02:40:17,2017-09-19 18:16:07,2017-10-01 15:27:32,2017-10-05,042b64d198526eb845fde8a99e87ede1,2017-09-18
a986f64af20f1a662c8148f3608ea8df,3267d6b8e3f2247707d8e946e1c97f97,delivered,2017-11-24 20:31:32,2017-11-24 23:34:22,2017-11-30 16:19:05,2017-12-01 21:14:23,2017-12-08,75a6bc6fe55ddc11cf2b9fc925b84530,2017-11-24
de6ed885a8151d0cee622e51585ff6c7,629fd78f7a2a5adde1ce172f44106fd3,delivered,2017-07-25 00:16:20,2017-07-25 00:30:12,2017-07-31 20:23:08,2017-08-25 19:53:51,2017-08-29,6b0fc5b03e761d5203e1441fbaf34d11,2017-07-25
4f4f01b70590d58246cdcf1c675738bb,e567eb5620cb3f0051634089f695a9ee,delivered,2018-04-19 11:25:07,2018-04-19 11:37:37,2018-04-25 14:15:00,2018-05-02 18:28:39,2018-05-10,eee833608ef80e1e81d51ae0ba7a615e,2018-04-19
8e4614fbf9caf0cbe6bb3d1ac53d4f82,aacaa03a2d85d2992416317b3d1ff5e8,delivered,2018-07-09 17:22:25,2018-07-09 17:30:15,2018-07-10 11:05:00,2018-07-13 12:43:31,2018-07-18,e771a9b5a580d11bebf4690724fb231f,2018-07-09
593732bc7133b31a809050a3df77f34c,e898665675636de89a1bead880858c95,delivered,2017-07-10 18:11:32,2017-07-12 02:10:54,2017-07-13 17:55:46,2017-07-28 22:07:42,2017-08-11,4b81f7012100c883fdc2d0be7e1ab9ac,2017-07-10
bd40646e66e4d98108aeb536cb58799b,e94d2f91c273a61a08d717e87a68753e,delivered,2018-07-16 12:54:59,2018-07-16 13:10:15,2018-07-17 15:00:00,2018-07-23 17:12:10,2018-08-01,72048e1d6aa86fdc45c580bbbbf5c7b9,2018-07-16
25b7ed9263d459d657bdd3b8af9be59f,eb13d86da85c6c5642dee077f235212a,delivered,2018-05-15 15:15:25,2018-05-15 15:35:10,2018-05-16 14:51:00,2018-05-17 16:44:40,2018-05-23,18a4647e7b586da87e292974408a2dbd,2018-05-15
4c1beae7711b189eeb2b75d2e689a9c8,bc2bf4d3460e7dab7c81516fc7dec8b5,delivered,2018-06-14 15:41:47,2018-06-14 15:59:57,2018-06-20 14:15:00,2018-06-27 14:28:38,2018-07-20,a8a049e8e48d57264919233b49f5367f,2018-06-14
a9983822091392b3700f9e9ae39e62ae,72d374526cdb3dc7404a888ed9d7eba0,delivered,2018-06-20 20:40:54,2018-06-21 20:39:08,2018-06-25 12:25:00,2018-06-28 13:38:28,2018-07-16,e828a6f54e06c054a10edab58c715704,2018-06-20
85b05a808acf9ce20564b3550e7ba749,45e511389f079966e0d6931b774dc7f4,delivered,2017-02-13 09:22:39,2017-02-14 09:30:14,2017-02-15 09:19:04,2017-02-22 15:03:59,2017-03-14,a9996a5336c977cedde135758521961d,2017-02-13
a66effce0cbf466a7c07b4e2c3a5b1fd,e970249414365364b1b7fb253ad41ffa,delivered,2017-11-21 01:16:32,2017-11-21 01:26:35,2017-11-22 16:30:15,2017-12-01 00:09:01,2017-12-11,9ea07065d974ed11af47d782daac5c6d,2017-11-21
3a662f13db1a41cf57b7869e31d1e17b,339077c5a1390dca673f86ce755d0778,delivered,2018-01-21 21:34:03,2018-01-22 14:00:58,2018-01-22 21:56:44,2018-02-02 20:08:54,2018-02-14,6e9e3c89e018ee66b5bc6b9796b2bf36,2018-01-21
3315a8038d5ead17040d6658a1377c7f,fbb26f2f32dc98bef32f0bcbbe89800c,delivered,2018-07-13 12:19:32,2018-07-13 12:35:12,2018-07-17 15:20:00,2018-07-30 14:48:49,2018-08-14,c3762fec4057f3b404988d9943e5bf42,2018-07-13
6fd33c34a877e5a474ed190b5738ab58,c5f1264d679f4d082b3ba04aa3f3e8e1,delivered,2018-04-11 10:49:24,2018-04-11 11:10:52,2018-04-12 00:24:28,2018-06-21 13:04:11,2018-05-07,1a7fdcd9817bbc22ab5c93f803ba0980,2018-04-11
4ac6c70cf4994485a30d7a2962436b7d,bee5ac61e1c115db72e7c6843a3d1932,delivered,2017-06-08 22:14:17,2017-06-08 22:25:14,2017-06-14 13:37:09,2017-06-16 13:43:03,2017-06-22,e60c3e8f3984efc7f5107d6aacc98da2,2017-06-08
94078496f9b59a9d885f033870393097,cfb4f71a58ff571d9ba472b8c13da4bc,delivered,2018-05-01 21:34:52,2018-05-01 21:51:40,2018-05-03 16:51:00,2018-05-25 17:26:33,2018-05-29,4cee717fe839957b25f3d337e2f5b7bb,2018-05-01
2c2d5bbb6dc5368ed6f04ed1d93a8ea7,c121e2ae79d2afd6726c8e4d09bcda58,delivered,2017-02-17 15:29:41,2017-02-17 15:42:59,2017-02-20 16:22:48,2017-02-23 16:47:53,2017-03-23,5f79836e588419d184b899436aecafe0,2017-02-17
2c46f84b185f4aadc82a72d14d089c4d,b73408007744313349b9291bc0aaac82,delivered,2017-02-04 12:29:21,2017-02-04 13:05:50,2017-02-15 12:12:25,2017-02-22 11:52:34,2017-03-24,4aa0c46b5c1289bf772e2e2731cebcb4,2017-02-04
cf52c3631e531c83e5f92681b933a521,6835e02d97713eb97e57bbed91d829a7,unavailable,2017-02-18 13:19:30,2017-02-20 10:32:09,,,2017-03-31,d4b16abcbf4fef343e97337ca2b9dc1e,2017-02-18
aa0f3243e9509087e685956f91645b1b,4dae68351312a95e86f870ee947514ba,delivered,2018-03-22 19:10:23,2018-03-23 02:27:56,2018-03-27 01:22:23,2018-03-28 20:08:48,2018-04-04,70de504a31fa848ee1e14872e4613458,2018-03-22
11b0d2ca29a268561114f01ff9571c96,eb4e0055f25e3f034c9fe8da064abb3d,delivered,2018-03-30 16:12:40,2018-03-30 16:27:13,2018-04-03 00:38:36,2018-04-20 21:35:47,2018-04-26,d5763d39861acd1baedfcbd33dccb59d,2018-03-30
920c5e9d5a8a142e714aed65b5e06f8f,549c4324287323de05355a91d8d10730,delivered,2018-08-04 23:39:27,2018-08-07 04:15:21,2018-08-13 15:05:00,2018-09-03 18:59:30,2018-08-16,2c69eb3f556d263a81d6928a6a2e25f8,2018-08-04
ddbd05e605996c42f8752c69e235f519,1f82c19cbee324af09a1909f726c9330,delivered,2017-11-23 20:15:38,2017-11-23 20:27:59,2017-11-24 20:42:58,2017-12-05 17:48:39,2017-12-21,3c1e889a04083060dd45e43ec9647896,2017-11-23
d81b4394870364ad09c029cc7d9814a3,333d82983995ece4bf3ebadf4de10201,delivered,2018-01-05 11:07:51,2018-01-09 07:16:54,2018-01-10 20:17:16,2018-01-12 21:59:21,2018-01-29,f4dbb8f10ba3f413ec0bbb53c53df483,2018-01-05
1bbf70f9b8823c2effa6c3ddc96b9246,40edbaa0297944cb858a0241463fc4fe,delivered,2018-02-26 19:37:50,2018-02-26 20:20:22,2018-03-01 23:24:55,2018-03-16 20:13:05,2018-03-21,059df858268233a129d148da9fb96bf2,2018-02-26
5a97cb85d8737c11775451e5bcf67286,4f7a71f3048222b151b6ae9d4bc15e6b,delivered,2018-07-30 15:02:13,2018-08-01 02:44:09,2018-08-07 10:00:00,2018-08-13 22:48:30,2018-08-22,1d0be6ff723818bb810023b236405017,2018-07-30
0bcaff63441802dfa8dd292f453c3635,92b3ed4e56744717c53f21d894fe1169,delivered,2017-06-02 10:45:30,2017-06-02 10:55:21,2017-06-07 14:41:10,2017-06-14 17:17:45,2017-06-27,b6ac496f881998e353f46cd2dac7ea81,2017-06-02
eca6169018b676d61829a02e4bb2bde4,f402d94bdf5018a2e08dd541ed738912,delivered,2017-02-17 08:20:35,2017-02-17 08:30:17,2017-02-17 08:45:36,2017-02-22 17:32:34,2017-03-16,8883bd65ed77af58a1ca676a76370203,2017-02-17
db22f279752a5ef41428982b9a7ba8c3,7a4beb2915cebb15e4404c1d764ff1ff,delivered,2017-11-20 12:48:13,2017-11-21 12:46:55,2017-11-22 19:58:38,2017-12-27 20:36:48,2017-12-22,5cf4d8521b41d12abb8835cd05cefe1e,2017-11-20
671368711001bb0c49c6d8c1ec82cde3,f960ad19749fa619c7416cf91876f995,delivered,2018-07-29 11:59:53,2018-07-29 12:15:16,2018-07-30 08:53:00,2018-08-02 18:52:24,2018-08-09,f8fa17daaf0adafafa70582380d5e237,2018-07-29
b3c8fc1049e54f4c7ab9340db821a4b9,ac5446c8015d744e1e3b3be6e6ddaeef,delivered,2017-02-07 13:57:24,2017-02-08 03:23:00,2017-02-08 09:38:54,2017-02-15 14:15:48,2017-03-16,e299df2c2bd1108fe0ad5e751510bab1,2017-02-07
473f3340216c06614b59ddce6ec828d6,e1ee6624f9fde1857c3d03f99c445ddd,delivered,2017-08-10 22:31:42,2017-08-12 02:09:17,2017-08-15 20:48:46,2017-08-23 20:37:47,2017-09-11,b731dfe858a8e8fa34edd2e5a806b1e9,2017-08-10
54211b079335a9762f2137bb38792459,0cfd6c91e5bb5b7ec6be6d7e793d20e1,delivered,2018-01-10 18:29:18,2018-01-10 18:37:41,2018-01-13 17:53:10,2018-01-22 17:57:40,2018-02-05,6faf1e57266237600d268d6131cf1e5f,2018-01-10
60010855666a66aea041b24e231cbf12,bf9b948baaea66393f21edf2e2acc40d,delivered,2018-03-17 12:02:32,2018-03-17 12:15:24,2018-03-20 19:52:20,2018-03-29 23:20:53,2018-04-05,0b7f480f228824abfe36ca5013d85891,2018-03-17
e9be35cf7ca8ab06ac0fe5cd85ffc0a9,12a37243239f012531a09fd84936c8d6,delivered,2018-02-01 10:41:04,2018-02-02 02:53:50,2018-02-05 13:22:14,2018-02-16 12:32:07,2018-02-26,44b2507321ee3e6b2ea8e0189990fb81,2018-02-01
b351c5d27be59a2dd430f7e536e5d09c,ac86819117de4520f5fa546f19f41ce8,delivered,2018-07-02 21:30:58,2018-07-02 21:50:27,2018-07-03 13:19:00,2018-07-05 20:48:25,2018-08-01,8db8f93fa09cf38305f4b93b3a823777,2018-07-02
7f73f6d23431719381a2b967e70556a5,61bcb430e27a3d10e9461d44ef73f7c8,delivered,2017-11-23 16:56:16,2017-11-25 16:52:36,2017-11-27 18:42:24,2017-12-28 23:33:31,2017-12-18,6a73c808d933d5a3e2d903bb662eecaa,2017-11-23
f400b5ccbb7d891e27f429355562d529,579ed4a95300987c002fd54c1c543311,delivered,2017-07-09 16:52:57,2017-07-09 17:05:12,2017-07-11 18:49:26,2017-07-26 10:22:13,2017-08-01,14ed310b039fc75cdcb619123d06d5bb,2017-07-09
61651d1abd8f95433a1c2d5ecb675aec,fa348b2fa2c90f9f246a30bbcf0f88e4,delivered,2018-05-07 20:41:03,2018-05-08 03:55:14,2018-05-08 15:55:00,2018-05-15 21:58:37,2018-06-04,f6fba3cf1621110d37e791399114eae6,2018-05-07
052ad30f046f581349410a7b366ef674,ad9b393f25ebd743df490421048e5c91,delivered,2017-06-05 22:43:39,2017-06-06 13:25:34,2017-06-07 13:25:24,2017-06-08 10:48:45,2017-06-19,3159faae98c743546432be5a500179a1,2017-06-05
80061df8d19c9f2f48929f293442f532,6b9c443a3f61f5c12ba58b9c84e1e22b,delivered,2018-01-08 15:31:59,2018-01-09 07:23:21,2018-01-11 01:09:52,2018-01-17 18:00:18,2018-02-01,2c773508172a15be27bceb07410577a7,2018-01-08
d7918e406132d7c81f1b845276b03a3b,53504e2e5940107ff1e2e52a02cf6f8f,delivered,2017-07-13 17:54:53,2017-07-14 02:25:29,2017-07-17 21:13:15,2017-08-17 18:35:38,2017-08-14,d99b147500bfe40613fdf253fd7ae778,2017-07-13
bf828da22f0015742c0558ad02024d44,41bd8f0bd48218356c5a35614de0465a,delivered,2018-04-24 09:54:19,2018-04-24 18:12:30,2018-04-24 20:56:43,2018-05-02 20:26:51,2018-05-18,5b99cd9116cb95dca128af1688ceb0bc,2018-04-24
8fc129e3ef1d0321226112bca0564142,f7dfccdce047cf62ddcfab87ac776e0d,delivered,2018-05-31 10:16:17,2018-05-31 10:30:46,2018-06-01 14:05:00,2018-06-11 15:51:43,2018-07-17,161e3f89b75520b49964681a6e43024b,2018-05-31
403fee786bf2a91a88cb6bb0ac68d07f,3ce9063b1f550cca16b3946b3c4ef694,delivered,2017-09-22 10:25:36,2017-09-26 06:33:32,2017-09-26 18:16:41,2017-10-02 10:43:08,2017-10-18,2580972c3ec1cbbb77a591613453d925,2017-09-22
b8ea12ebe7c677d3726c4740450c2682,89033ba7998b37943b20c5cb686c932c,delivered,2018-04-27 17:19:51,2018-04-27 17:35:35,2018-05-02 12:26:00,2018-05-16 22:48:45,2018-05-29,bad59ed5d157f95cf423c24ab662b85e,2018-04-27
8b625b4e1dacc9fe542998ddc8cefd6c,5a6449a9c8c4c77ff601b5407d04f031,delivered,2018-08-16 09:51:09,2018-08-17 09:49:46,2018-08-17 14:00:00,2018-08-29 23:07:54,2018-09-14,3c6556e3fc08ba08740f82c0ae799d29,2018-08-16
e0a45cc3c593cdc760688f91ab70bf49,4c8558c5a434a901a4f81fdf824cf4d6,delivered,2018-06-28 08:33:04,2018-06-30 02:52:23,2018-07-03 15:30:00,2018-07-04 23:05:16,2018-07-16,c0ceb197de4a31388883a6369ec291d6,2018-06-28
e928cc82f61f2dcab3ad58d6e7200224,5a2f4859466ef95b97e4029363d43433,delivered,2017-03-05 16:15:22,2017-03-05 16:25:15,2017-03-07 11:24:53,2017-03-10 10:23:38,2017-04-04,fdf65667a9e7cf2d1632e973bc66a544,2017-03-05
5ba762b97f85520fb7d3376a66b02287,c98bda79369fc7d1b253dcb8ca461c13,delivered,2018-02-11 18:16:05,2018-02-11 18:30:23,2018-02-14 17:34:27,2018-02-24 15:37:31,2018-03-09,2593265bf3fd73de8aeb43cbb7193755,2018-02-11
f3fe458f9ea7468f40f3c535818a7e80,2144470706b2b4591e48b8ffffbb9282,delivered,2018-06-06 11:11:40,2018-06-07 11:37:00,2018-06-08 09:53:00,2018-06-12 10:32:34,2018-07-13,7560103da12e3588b3af6fb56ce9dcee,2018-06-06
209e0537fe66ae1176cef2bc7953aef9,7000fdb23a3f24ca2df1f91eed449687,delivered,2018-08-02 22:32:05,2018-08-02 22:45:16,2018-08-03 12:53:00,2018-08-04 16:48:34,2018-08-16,b027a64eb19eaecd0959e635da67abff,2018-08-02
191019adbccb0d2a1f8bf25e117c9252,373bf4e0ff53138b7b90d527fbfc095e,delivered,2017-07-15 13:18:33,2017-07-18 05:55:17,2017-07-18 21:21:57,2017-07-26 18:30:05,2017-08-10,dab42470534eadccc6e18c8bc9ae4b4d,2017-07-15
4f9a5e34b38f10ef71c5753cc953be3a,22f5f7178f134505fd65aa9e38d5ae72,delivered,2017-12-26 16:24:47,2017-12-26 16:34:17,2017-12-28 16:59:15,2018-01-04 17:17:20,2018-01-29,a74e3f2f887f14862e34c61ed0e4c5d0,2017-12-26
15623f35d6d5eaa2fcd185a613927e86,02548f54167adc674352fe5b7825ffcf,delivered,2018-04-18 19:04:52,2018-04-20 07:32:14,2018-04-26 09:29:00,2018-05-10 20:11:39,2018-05-21,93541741ba99116c5cf5773312eff953,2018-04-18
84aef74d31968ce8f92e602a660727ff,86d1077190e649904e97b0c33a8ed8e6,delivered,2017-09-13 16:46:39,2017-09-13 17:04:56,2017-09-21 20:03:09,2017-10-03 19:09:35,2017-10-10,0dbb6af30aeaf79f569eb1f11662ef32,2017-09-13
991b6f0cb448175a229309dd55699710,cb2db09134b625c16f34f9240653c8b6,delivered,2018-08-15 10:26:57,2018-08-15 10:44:06,2018-08-16 15:00:00,2018-08-21 17:28:38,2018-09-10,fff96bc586f78b1f070da28c4977e810,2018-08-15
694b1193d18ad057554bf13679e6a0b8,4eaa62565e70841c1abbe4e03d04bc2d,delivered,2017-05-17 18:25:43,2017-05-19 02:24:21,2017-05-19 12:33:55,2017-05-22 14:43:38,2017-06-06,2f7cd4e72a3d6d412f2ca8cf15381e4d,2017-05-17
acb881281953697b85b51df6d29c1305,249aeb4430d6123a4ea5c4dc3a895d3d,delivered,2018-01-12 17:16:46,2018-01-12 18:00:32,2018-01-15 23:18:49,2018-01-19 23:39:40,2018-02-02,878b07a60a3f1d5750d1fa1d22c29510,2018-01-12
6d6a99c4cfaa3381cbd4e86237bf699d,3d5895b2ff74d5fb6536827bf9799baa,delivered,2018-04-09 16:34:55,2018-04-09 16:50:20,2018-04-11 00:59:03,2018-04-17 23:14:54,2018-05-14,9c27b7c5eedc25240c8f0ea8f14662e9,2018-04-09
0e5423b2f5a2083884f519fbd18dd11a,0ce02066b6e51b9fc335c98572058d4c,delivered,2017-11-24 20:23:20,2017-11-25 01:31:23,2017-12-01 00:16:48,2017-12-11 23:06:11,2017-12-15,28e07ea72e001f7c0e41af944fb30d58,2017-11-24
b18478bbf9b2283e3d12452f69fd9ce2,79af00341a7edf65ba773dee228d5008,delivered,2018-05-11 20:12:19,2018-05-11 20:30:29,2018-05-17 14:39:00,2018-05-23 16:50:45,2018-05-30,aea237c2c4df22724a09c622f75633c2,2018-05-11
88bb95821dcba653c3b6777abfc3565d,16ab6bb9b5d2ae2316213574eabb4f5e,delivered,2017-05-08 09:36:59,2017-05-08 09:50:09,2017-05-09 16:39:00,2017-05-16 13:58:58,2017-06-01,83d61de82f5f864b28995d854c6c646e,2017-05-08
9f6fd425786e354166bb381926773047,9565ff8f153c31c6e79dd5286c96867a,delivered,2017-05-26 13:28:22,2017-05-26 13:42:04,2017-05-30 06:37:48,2017-06-12 19:37:31,2017-06-20,7854f7970842e131840acc349fa20d0e,2017-05-26
abdc23d84a4a4a01070f271f0c2917c0,356c9b7649ebd5cabf095172e8801a57,delivered,2017-04-04 05:57:10,2017-04-04 06:15:34,2017-04-04 15:59:46,2017-04-13 12:08:45,2017-04-25,493faeaff7409eead1e70f8f9ae06289,2017-04-04
227dc3bf463f4ce14249fcaa42d9710e,f12d5dcb7be7fb084d6054a8e30cac01,delivered,2017-07-15 14:41:49,2017-07-17 09:05:17,2017-07-18 13:37:39,2017-07-19 14:29:40,2017-08-02,7b96980be59102c59bba35b045f52067,2017-07-15
e694b95a2d201f01906a8dc752659d49,36a7b5df049b796271525f87c41ed0e8,delivered,2018-03-10 21:22:41,2018-03-10 21:35:24,2018-03-13 16:58:34,2018-03-19 17:05:22,2018-03-22,1f59d3c3b06cb7af1f689cbd62f03ccf,2018-03-10
e6bed0846d5d268bf1ebcf66eab19a42,2110656d0356c5d1d3c7f1c7bce0e319,delivered,2018-03-13 22:21:03,2018-03-13 22:30:39,2018-03-14 20:15:50,2018-04-19 17:57:33,2018-04-05,1545f2408959aa8478cb267d8429e642,2018-03-13
82d245626bb050657e0c8b5402fe27f3,380e379d9cdef0b44cb4f9b102d9521e,delivered,2018-06-11 09:56:21,2018-06-11 10:17:34,2018-06-11 15:50:00,2018-06-21 22:14:39,2018-07-11,774472d1d95c93977d299b48b24b0a2e,2018-06-11
698dffc04f786cb3f8f5731d96f2d9c7,a925361ccb621b24e21b6f6b357ca0d5,delivered,2017-12-28 19:21:36,2017-12-28 19:32:31,2018-01-02 22:12:48,2018-01-25 21:39:10,2018-01-31,44cd6b9c2c32d7cdb28254ba63e4fcd9,2017-12-28
109e7f07a4c739fb54edf836bb9ef576,0fc669535f55400d3bca501dbc60a5df,delivered,2018-07-19 23:54:29,2018-07-20 00:10:13,2018-07-20 14:15:00,2018-07-31 00:28:50,2018-08-08,3f5917c6d394d7d1004842b25039a59e,2018-07-19
8dc8685118410f97bea9569d280d64c4,b99a530ec783baefa415ed43ed69e390,delivered,2018-08-04 15:27:34,2018-08-04 15:44:03,2018-08-06 14:04:00,2018-08-10 20:48:35,2018-08-14,a936a09f5e56a028c5ba4d6f6b744495,2018-08-04
560d3fab356e794f6cae1c03cff6466e,007a444502902587d7aa72af38cbd1de,delivered,2018-05-08 21:41:17,2018-05-08 21:55:13,2018-05-16 13:41:00,2018-06-12 19:14:36,2018-06-01,8d2cc82dae0f2b1bb8667a2eedcd8c71,2018-05-08
fab4e2e40db7e482ffeadb406729d399,c4c7a32e73bcf7665b3d37447970e3ae,delivered,2018-04-10 22:29:52,2018-04-10 22:52:34,2018-04-11 21:48:37,2018-04-17 19:26:43,2018-05-04,d617b904dd14c275fbc6acfc6ea7443e,2018-04-10
4b46a88e1ef489d0f8a7d454153636c3,3965165ab8b8cf34df2fb0a088492e5c,delivered,2017-09-01 07:59:19,2017-09-01 08:10:11,2017-09-04 17:35:00,2017-09-11 20:57:43,2017-09-25,faf0eecd36391f00abe23fc98e738ad7,2017-09-01
1d0c13af513afa064c2bfc461b7b9c57,ee548be15e31ee5e3d954f9a7bdd3fb4,delivered,2017-05-26 17:32:11,2017-05-26 17:45:20,2017-05-29 09:25:19,2017-06-05 13:33:13,2017-06-20,154b79b89da73c15d64202bda6f47f9e,2017-05-26
513de686406165c7b540f55a32203946,928c35a557186ec78a34068c5d7e4cf1,delivered,2017-08-01 11:03:32,2017-08-02 02:51:14,2017-08-08 15:18:04,2017-08-11 20:15:27,2017-08-23,f8349adab2270dd8dcaea0aef8f96b35,2017-08-01
3d567c0d343aad7ed3da44cc0430dabf,5e14efc0ec5698675ccacbbd5b33d4ea,delivered,2017-04-25 20:18:21,2017-04-25 20:25:14,2017-05-03 14:24:01,2017-05-09 08:32:36,2017-05-23,38288b7ee8b323e76d43587473a50f96,2017-04-25
f8b487bb6e67375c11888e7d1c2a90ab,b3ecd12dae46566a71a2ccc14908355a,delivered,2017-06-28 14:14:10,2017-06-28 14:25:22,2017-07-03 14:55:04,2017-07-11 20:27:29,2017-07-20,a65399cb7ec6c5ef5e580450fad8d855,2017-06-28
a049b2eaf54fe7b9f51cf4c143a41db5,186e919682f5a6678f5f553a6e04a457,delivered,2018-01-31 20:24:17,2018-01-31 20:49:42,2018-02-03 10:27:33,2018-02-21 22:56:57,2018-02-26,ded209b579598d8ac7e92229c3b1613b,2018-01-31
94523982548806aadca2a010c5543278,1c9034e9da3fa931049cd8f4eb1e1065,delivered,2018-01-15 19:47:12,2018-01-15 19:59:26,2018-01-25 23:09:30,2018-02-01 20:33:02,2018-02-08,a338f846a07fb895564d000d248e9cde,2018-01-15
38beac7cca7c937da89f8aedee76f944,4c0ee8ac78604b613bdc5334b9d2ed47,delivered,2017-07-17 22:44:21,2017-07-18 22:50:12,2017-07-19 16:59:51,2017-07-20 13:29:46,2017-07-28,b64ebaf3d11b7209fe566364cc359a51,2017-07-17
dd555b9526860169f298b6172e166cbc,5e2d2f845dd010caeb40fca85772e04b,delivered,2018-05-18 09:28:04,2018-05-18 10:31:06,2018-05-18 14:43:00,2018-05-21 18:03:18,2018-05-28,a90972574724de6c803a4e955d451e52,2018-05-18
2a706f26985a0ee65dba057a050eac52,ff129bcf7cbcc3fedc69f441c0db6090,delivered,2017-05-09 13:17:23,2017-05-11 04:10:24,2017-05-11 12:14:47,2017-05-17 14:36:46,2017-05-29,47b77cadf8eba7c41d9658d0aa1e1115,2017-05-09
dc83ed7ce1de08f74d849b222fe7b6ec,481764c481eb11e1bd5237f068cdab80,delivered,2018-08-18 16:49:58,2018-08-18 17:09:32,2018-08-21 16:45:00,2018-08-22 17:32:27,2018-08-30,27a0e0c0e08304f34e92e68c9c8dbcfe,2018-08-18
55f2090bf41dca177f3eff3f76eab561,8b2e57215cad7768b0b04e84831c3102,delivered,2018-03-07 17:38:07,2018-03-07 17:55:32,2018-03-09 20:27:39,2018-03-21 20:36:52,2018-03-26,1225c9614c5129a3085416d30d50e143,2018-03-07
dcd299f4c7a32656bc0f15b81c7cfa39,9494463ffa802436152f617df38d791f,delivered,2018-05-14 20:50:20,2018-05-16 02:54:08,2018-05-18 08:05:00,2018-06-18 18:04:41,2018-06-06,a6644b317a3d953405a6dc516d06b74f,2018-05-14
18f3d3d3d8f47205c56d03799039c61a,7786e89e083495d8466993cd6b3fde4f,delivered,2018-02-07 16:36:46,2018-02-07 16:50:40,2018-02-08 16:33:00,2018-02-15 21:52:42,2018-03-08,21d2d2a8120b8d9a6b5642ddd53d14fc,2018-02-07
d03d538e1d175455ecad99c3d0ff007f,5f109f572286cfd4282f540b1f7ecc5d,delivered,2018-02-13 19:21:52,2018-02-13 19:35:32,2018-02-20 00:37:53,2018-03-07 16:58:46,2018-03-22,4fcf7b9d6a54ded837b9a0ff601bf7ef,2018-02-13
33caef2ad890ad9d024fb272d1b14bc5,970c6b00ac5ff5a99bf267a6ff1b80bb,delivered,2018-03-11 14:55:16,2018-03-11 15:08:06,2018-03-15 15:51:15,2018-03-19 14:57:37,2018-03-28,0b70d1e8e5462729e993c3e82ba3d5f1,2018-03-11
a74a66237984e5fbc84b4900fb3cd430,1ad0f82c518a051d02fa87589bf164b4,delivered,2018-06-29 10:48:01,2018-06-29 11:11:34,2018-06-29 15:16:00,2018-07-03 19:17:07,2018-07-30,4f2a148357ff98616baeec0328f95502,2018-06-29
0ca8aabee13c6aada48490f516f823a3,37857fbc4d1b163702cce51ba6252a6f,invoiced,2017-02-06 14:12:10,2017-02-06 14:25:16,,,2017-03-27,4a7b817ccb5e724b0a6ef85a6ce2fdfa,2017-02-06
32cedd9197f067e47d1b0db8bc099f4c,acc2c3d762c6b918a48678e79f77e9be,delivered,2018-04-12 21:35:11,2018-04-13 19:10:01,2018-04-20 21:17:38,2018-05-05 15:18:30,2018-05-08,1227cd5cd8b7a58543eea1a001dbfca7,2018-04-12
8cd71aa8f0d60722dd505f339d41df2a,32ba9b4e4152e566c753b9a00237bc9d,delivered,2018-05-11 20:03:19,2018-05-11 20:17:03,2018-05-15 15:54:00,2018-05-17 21:05:58,2018-05-24,4d7844325933f09d851e6d786331df03,2018-05-11
866486663ab80949d218d95f36137006,522e731850ed7f3cbf10fb2d23deb0d7,delivered,2017-10-01 21:12:04,2017-10-01 21:28:08,2017-10-02 18:08:47,2017-10-09 18:44:57,2017-11-08,5a8a71817704cd776e8b9a4ba220b139,2017-10-01
8b62c0757b9c458179c29c2ea24c7886,f9985b23d4ca672f9b3086de24187772,delivered,2017-11-06 23:21:22,2017-11-08 15:10:35,2017-11-09 16:11:47,2017-11-22 20:51:24,2017-12-04,aaa3bb03f41b0d1717519d6752df97c1,2017-11-06
0a56861d762ee1f82f5cdc2de2b1f71a,5990f7c1a76e6442f8759da9aa555d21,delivered,2018-06-27 04:36:14,2018-06-28 02:15:47,2018-06-28 10:52:00,2018-06-29 16:41:28,2018-07-12,4f0bcf23a531b9474114b7f81b7243ee,2018-06-27
8e037d22abe0755825b4a5bd17135b23,29bafca28f3133a6055dd58892615b55,delivered,2018-06-24 13:16:32,2018-06-24 13:34:01,2018-06-25 15:27:00,2018-06-28 14:32:20,2018-07-30,2c9844d357ffb675fe4c3d29473f2782,2018-06-24
9040dcd14cc032f8abce25f90b9739d8,d5547f3719a2add89398337d6bef3f43,delivered,2018-06-24 20:17:29,2018-06-24 20:39:52,2018-06-26 14:24:00,2018-06-29 11:12:02,2018-07-16,83e7009e3147c20594a74ff880384bf1,2018-06-24
4cc8845d2a687fdd3d47898857cecdfd,db846bcd3ea0ef56effb856bd0266a90,delivered,2018-03-15 17:06:45,2018-03-15 17:15:53,2018-03-16 20:33:33,2018-03-26 15:29:08,2018-04-06,394ac4de8f3acb14253c177f0e15bc58,2018-03-15
63d0e1d41c99fb9deaabffa058aeeace,bedce15fee0ed902a24693d7d88028b1,delivered,2017-11-22 15:56:13,2017-11-23 02:37:28,2017-11-23 21:04:04,2017-11-28 21:54:11,2017-12-11,c04b120b03d0d188136da26b5bf826f6,2017-11-22
a2ab1f261540e0684d49b5327616fc96,5f0d1a2585d29514956283c559da610b,delivered,2017-09-14 20:22:56,2017-09-15 20:15:11,2017-09-19 17:32:33,2017-09-30 13:55:04,2017-10-05,60241d2e4aa878d0197450384c7d30d7,2017-09-14
a14a2e543b33add9891cabe38fd844c8,84c391f6583d7b5bd71ead8b85f36d31,delivered,2018-04-15 10:55:24,2018-04-15 11:10:27,2018-04-17 18:03:30,2018-05-10 18:48:53,2018-05-15,564b4b783f120f23b3a67f4004524b45,2018-04-15
8be031b84394ed99ee85be1985019058,5db8feb579f7709b05e814faf188ac41,delivered,2018-05-04 13:55:53,2018-05-04 14:12:44,2018-05-04 15:10:00,2018-05-07 19:12:53,2018-05-21,3bf46434b267aa36e9d145dc2f2d1b55,2018-05-04
ae1b14b57f98fbf9a364b91093c93e40,cda5e51995e046f75c6474a808cadcfb,delivered,2018-06-13 16:18:34,2018-06-14 12:58:45,2018-06-15 11:21:00,2018-06-21 19:28:22,2018-07-04,78a038d19f31c40c5dd68c112ca00ad1,2018-06-13
3330e0ac5e3abce6584d048a5bed523e,8aae1624a64cc3d0d765abd0e887b3ef,delivered,2017-12-30 14:37:56,2017-12-30 14:49:27,2018-01-03 20:36:39,2018-01-16 21:26:37,2018-01-31,ad5c884f67b36ac281915d0a6f7308d5,2017-12-30
eb4194a9e5d967e208c0fa8fd834cf0a,e5fe86fd6a4057eec6e9d4f7b539f082,delivered,2018-05-07 23:02:00,2018-05-07 23:12:33,2018-05-08 15:21:00,2018-05-11 19:16:33,2018-05-21,e3d2d295a2d5d0f47f1c05352e4c260d,2018-05-07
f8ce44a2b968fb3a529759c244a1ac4a,59c8921cdf05587d27921f6b5f207beb,delivered,2018-06-11 14:09:24,2018-06-11 16:31:40,2018-06-14 07:41:00,2018-06-19 13:24:44,2018-06-29,1e15aab5b4588dd08d8e162def63947a,2018-06-11
fe7387b4827383e4868b82be1dd12722,36296254382f4dba3677937dcb5285f5,delivered,2018-04-02 22:13:18,2018-04-02 22:55:29,2018-04-03 22:12:33,2018-04-07 14:35:43,2018-04-25,23aa908cf09e5a2f1c68dfd16af043ea,2018-04-02
c89b4a3e71b120553e155292938bcc47,7089bc699da551ead2aca09f75273371,delivered,2018-05-08 13:35:33,2018-05-09 13:35:00,2018-05-09 14:43:00,2018-05-14 23:05:44,2018-05-24,99c3f1be69344f1fe33b96f66288b8a4,2018-05-08
06b92ba9145c3323e26ec7e27b35375f,703d42b3dd0b09b487140c480ea9cf1a,delivered,2018-01-21 22:29:04,2018-01-22 14:03:13,2018-01-23 17:13:41,2018-01-29 21:07:37,2018-02-14,54e9d189ff694c6fa4a8d37004060645,2018-01-21
e88b6796c87cd2719ff0c038a8997d54,eaa1ef917dc9cf52aaccacf9d778cdaf,delivered,2018-01-03 22:45:33,2018-01-03 23:21:54,2018-01-05 19:43:45,2018-01-08 17:23:29,2018-01-19,3974f98cb559691f7309432a3c64c34b,2018-01-03
6441b06c0a7e90adb6eb5f8c6d41834f,8832ae080f1e1dc87ec053ebbd6c3675,delivered,2017-04-15 22:12:37,2017-04-15 22:25:13,2017-04-17 11:51:05,2017-04-19 09:46:08,2017-05-08,69c6f8c4cae5a4010b5d32b726ef8766,2017-04-15
6c1c16fa159e9636157531a51b40d473,5690d9ca23afde17d275860f87728b2e,delivered,2018-03-21 23:38:26,2018-03-21 23:50:46,2018-03-23 00:47:39,2018-03-29 15:07:52,2018-04-11,4f0c8db463d2261888faa81900eb33c1,2018-03-21
4aef5ed4edc1a9e8187bbaccbdc0758d,99c1e7f654f974c82479c6a7b235c7a9,delivered,2018-02-06 20:33:21,2018-02-06 20:50:31,2018-02-08 18:02:52,2018-02-10 00:29:38,2018-02-22,886b3d18af61165d3f0bf83a61d56e01,2018-02-06
a8efe989c98ee6abeb71302e009de4e1,65885bec34b119129adba2ed3f4ea68c,delivered,2017-09-05 14:56:58,2017-09-07 02:44:07,2017-09-13 17:06:40,2017-09-14 20:05:01,2017-09-18,59a2137051ddcd0ba1bc643a585a29e5,2017-09-05
a2603cde1eaeb66a0b1519fb923666ad,98cea3d5a9481eb59430c80af600f8ed,delivered,2018-05-22 18:09:27,2018-05-22 18:37:27,2018-05-25 14:33:00,2018-06-08 21:08:47,2018-06-08,b8e77f87d1e3180639829c75061127a4,2018-05-22
344be4c763894534b87cb01ee46cd64f,5ee16d73330e44ab4611eca44fba31e2,delivered,2018-07-11 13:33:30,2018-07-11 13:50:20,2018-07-13 12:49:00,2018-07-23 13:04:01,2018-08-02,8456a03a6bafaedbdf87665a102efccc,2018-07-11
743358c2870aaee3175044cd2552410e,6e253207f7416d45b6275e2c63342236,delivered,2017-04-19 16:54:08,2017-04-19 17:05:12,2017-04-20 07:30:07,2017-05-03 15:28:04,2017-05-11,f05185cf10bafd088d29321713b4a6c6,2017-04-19
d016dcea41e99763c837c94cf34562f6,88e101a3784262186585131b80bd3d49,delivered,2017-08-29 18:57:44,2017-08-30 02:11:18,2017-08-30 18:38:59,2017-08-31 20:03:35,2017-09-13,7ff43ee779f80f2c133e0cb3c37583db,2017-08-29
cfb3e7072452d771156c3fa588c1db10,5579271655438f2905a24845dccbcd16,delivered,2018-03-21 10:25:50,2018-03-21 10:48:27,2018-03-21 20:08:41,2018-03-28 21:09:05,2018-04-18,78e63ed7c16b6a93bfdcef66ad250a00,2018-03-21
c9b660037dee4fa3a452b22ff921916f,e3d0615c4b434d03fd22c8599ab02195,delivered,2017-11-12 14:33:08,2017-11-12 14:46:53,2017-11-13 19:17:05,2017-11-24 19:54:28,2017-12-04,c4fe88ef40a66475cf29d13afbb7fa99,2017-11-12
10b21177ed3e0f82c350c7f5961d1e1c,4d08a2314abf7b785509e1190f5be03e,invoiced,2017-10-10 10:37:27,2017-10-10 10:56:36,,,2017-11-14,0f3158563e2dd3945d2d9190dd2fc993,2017-10-10
28c723236c59abdde8cca758e1afd07a,5d0244490e084d6d7c6bdcfd15d34aaf,delivered,2018-02-04 17:49:59,2018-02-04 18:55:32,2018-02-06 14:58:51,2018-02-17 15:29:37,2018-03-01,8a7f96e72bededa72b184408111db3f3,2018-02-04
330a5c6006c3128d1a4345251ccd3ddf,4a48b28dbf436ba2317b6dbd6983511f,delivered,2018-03-27 16:37:37,2018-03-27 16:51:06,2018-03-28 18:13:30,2018-04-09 21:12:24,2018-04-25,9ce2d5b6a85bb8ad6698359a8bd02da3,2018-03-27
4a91f42df2d4a84668e0c30d7880c7c0,f9875f2f61afb20ddd28aaa120620dd8,delivered,2018-03-25 20:51:55,2018-03-25 21:08:29,2018-03-27 00:29:37,2018-04-06 22:38:36,2018-04-12,0f165a728ed0815c4b3c9edf6e542c3e,2018-03-25
2c6972a5750129c81b91e55b38b06823,eb21f0685387e6603c49430aaedf380b,delivered,2018-03-02 00:27:52,2018-03-02 00:56:45,2018-03-06 21:04:44,2018-04-24 19:16:29,2018-03-26,3bb205a7e67b865ae00ee9a06bd285d2,2018-03-02
725dd8bd3b8c0b36029888fdc7e26e58,8dab403a99c98e28625afc038bed2bdd,delivered,2018-05-13 20:12:27,2018-05-13 20:32:25,2018-05-14 14:51:00,2018-05-23 21:34:11,2018-06-07,9197958ddf1ab954bff3ab12647d7e16,2018-05-13
309c31aec3cca9036a92e4e789e79e40,f25868821c2d1ea34b0b3c0d8163d7b5,delivered,2017-07-03 12:50:03,2017-07-03 13:03:47,2017-07-04 16:12:10,2017-07-07 19:29:36,2017-07-25,3d1618798485936a36de0909d136582b,2017-07-03
b1a7ade4dba1f211a4eac64d3c619655,ee5ebd4a3a65dcf6dd56fd1975067758,delivered,2017-05-24 18:19:28,2017-05-25 18:25:20,2017-05-26 11:59:48,2017-06-07 14:40:51,2017-06-28,7d37a42fa0e16a431482b1a00ce797fc,2017-05-24
aad86d958ecbedd8da621bf570b1ab1a,762b44d8a082596c909aed7fda962505,delivered,2018-06-25 22:44:18,2018-06-26 23:08:15,2018-06-27 10:16:00,2018-07-04 16:29:00,2018-07-20,7c61c6dab8e55519ebec2eb043e593fb,2018-06-25
63a306de6b0e6a648212275a6e0171d9,cd3740a1d2841788a785e6f1f666f74d,delivered,2017-07-22 13:08:11,2017-07-24 08:10:08,2017-07-24 19:44:25,2017-08-05 15:15:29,2017-08-23,438aaf060273d668693839055f76dd72,2017-07-22
e6ed38386107802a72ec8197195f79a7,7f3a050ba677bbe9c55a06687d767c94,delivered,2018-03-22 12:29:47,2018-03-22 12:49:39,2018-03-23 19:50:46,2018-03-29 18:23:51,2018-04-18,6338ba4278cdec01ef48d5b26ae97dbc,2018-03-22
0e05c0027e31a0a9cf1074ec1b95c8da,7508e91cedf03110acea338833c0e133,delivered,2018-03-31 21:54:28,2018-03-31 22:47:21,2018-04-04 20:34:57,2018-04-11 21:06:53,2018-04-18,d719851a08feea85fce47b922333ba0d,2018-03-31
f594b636c49d40c1d2041a187cef56c5,cc3bdf6a182c405c2503f77648fafc2a,delivered,2018-01-23 10:59:40,2018-01-24 02:39:38,2018-01-31 00:12:11,2018-02-06 20:05:24,2018-02-23,cac5bdc2d57b55cf40016436c1a10dc6,2018-01-23
5d868f579ff25e147017e5d507314d20,aaa95ce92e51238b17c0bf187bf57b7a,processing,2017-04-07 13:43:29,2017-04-08 13:45:18,,,2017-05-11,0ef8f5a3b5666bd832a8b0fc1df8418e,2017-04-07
0508768342a863478ca21854a6ac2869,1eaeea5f98120089f4f67fc088e4507a,delivered,2018-01-07 17:48:05,2018-01-07 17:56:19,2018-01-08 19:35:19,2018-01-22 22:23:07,2018-02-06,15830d6d8272abd0a4f7496507e9e83d,2018-01-07
4eefdd4c3ea96c1f7ac1bac3a9485072,5b5625a89b6dfc6ba038616ed576b7da,delivered,2018-01-25 22:19:50,2018-01-25 22:32:15,2018-01-26 21:59:47,2018-02-01 23:57:06,2018-03-01,72fc53c24932ab06d380d0393162ad02,2018-01-25
d883754340c635b6b1946e3db8b33ceb,7f5f7aedabf1db3434414b19470fd942,delivered,2018-04-02 23:34:42,2018-04-02 23:47:58,2018-04-03 21:09:49,2018-04-28 18:42:32,2018-04-24,255f932a01554ee603c0c788f2c5705c,2018-04-02
38fe76b8f86dd618f6647bb4f23d57de,b4b478405c7dd5a6b087550d411fe5c8,delivered,2018-08-03 10:26:21,2018-08-03 10:44:19,2018-08-07 12:33:00,2018-08-11 18:24:19,2018-08-13,3481fb2fa4580acaf2846d4a12df6ea9,2018-08-03
fbff57de1609c0c4544325e9dd5559ba,bbc80c2bb8e51eb04dd93254733e34ae,delivered,2017-10-15 19:45:22,2017-10-15 20:20:28,2017-10-17 18:53:34,2017-10-23 15:46:04,2017-11-01,4bc066994a7f1cb1239d0e32658e368a,2017-10-15
138630e7e14855ce216a9db0cdabbe06,8e320ed64bc2510dbab1b27a8d8dcbbb,delivered,2017-01-26 10:31:18,2017-01-26 10:45:07,2017-01-26 17:40:57,2017-02-02 09:47:37,2017-02-22,5775e893a4aeb1c749e1c5afa731735d,2017-01-26
3aa0bcd95f24f4a91c0ca3f0a160ec9f,ef1b5dc620735876514e8778ade03323,delivered,2017-07-08 09:22:13,2017-07-09 06:42:58,2017-07-11 14:08:59,2017-07-13 20:34:22,2017-08-02,3873e70abc6d94baa578e77f6cd91479,2017-07-08
7ad3a0c4bc283dc5bdb749f66752270d,4dab1a97149117165228acb8a404acaf,delivered,2018-03-20 20:24:15,2018-03-20 20:35:22,2018-03-22 21:37:51,2018-03-29 23:18:43,2018-04-10,bf789616c890373caca7f3dfee262cb8,2018-03-20
aaa4688b6d2e4d20b2ffc6d97723ea63,827ec074a70a7c08c2b9e7af20bf0287,delivered,2018-03-02 09:43:02,2018-03-02 09:55:24,2018-03-06 19:41:47,2018-04-02 19:25:45,2018-03-23,fb567adf300e73b60281b72af7702687,2018-03-02
a7f3396e13dbf329c0ee67624aea5a93,168ef13a6a38ef68950cbe1e0c2c8507,delivered,2017-10-20 18:33:27,2017-10-21 03:05:54,2017-10-25 22:53:37,2017-10-30 12:45:43,2017-11-08,679ac107bcec8cb9532797304f0b54ed,2017-10-20
728416b0db65935dbf78a0cc03e8d6f8,00066ccbe787a588c52bd5ff404590e3,delivered,2018-02-06 16:10:09,2018-02-08 07:49:51,2018-02-14 19:58:58,2018-02-21 22:22:17,2018-03-12,15090f48004f3b0fc18a167ef82af4db,2018-02-06
0c5c7803f731287953ed066d8b599372,7971e8c2a8da56cfc093d984bd572c75,delivered,2017-12-31 10:24:44,2017-12-31 10:33:03,2018-01-02 15:36:23,2018-01-16 17:44:08,2018-01-29,a819712316c168b6e4828822a64c9427,2017-12-31
251f7157d5e425718ae0767439991dec,db8778c6bb41f50c45603b5ebfa92cad,shipped,2018-01-10 22:44:17,2018-01-11 22:37:27,2018-01-13 02:51:30,,2018-01-29,d326a25224130057e076fb4ae89c5bfb,2018-01-10
e5106297a2ffc7dc6e1156fdd748d382,9f75fe65a6e57c44f6adca8ae7340bdb,shipped,2017-08-18 15:05:55,2017-08-18 15:25:15,2017-08-22 13:58:13,,2017-09-18,d08947ded9f4416c1372fd851c90679a,2017-08-18
68da13c8f4ec09d2e31633d8ea16c15e,f5b6ff880297253e328cb15463571be5,delivered,2018-07-29 22:18:28,2018-07-31 03:35:15,2018-07-31 12:40:00,2018-08-06 23:12:38,2018-08-21,bdbc32f1050d9a778fd792c4ba18a66c,2018-07-29
0998d3f4248f4c162beb9c06e2f87480,5aed239a8964c9d4307c5f47c0d81132,delivered,2017-08-10 18:21:46,2017-08-12 02:51:03,2017-08-14 14:35:02,2017-08-15 18:00:15,2017-08-25,96caa408e9ca13ba035233f9ad9fd15f,2017-08-10
7b068ded011750b422766fb0dbf020bb,098c96d2631a752965edeaafa21b307e,delivered,2018-04-23 11:30:03,2018-04-24 19:19:27,2018-05-04 13:30:00,2018-05-11 18:16:40,2018-05-25,b01d57cce1bdc5df0c455a58f3f81738,2018-04-23
a307c0c56d1c16450005b683913f73a7,21cd16f0c59d0e20db6ce0ca3b38cd9e,delivered,2018-01-19 17:17:08,2018-01-20 19:10:13,2018-01-24 23:22:12,2018-02-08 21:45:09,2018-02-23,5f5a8e2e9b9bcee839c701ec5862a229,2018-01-19
b4a76a0c23607e9bd7bcb48e899297c8,81fd1ce2b33c53efbe7ee0003dd52009,delivered,2018-05-06 17:52:30,2018-05-08 03:55:38,2018-05-08 08:36:00,2018-05-30 17:06:55,2018-06-05,d87ea0f5dc5f3630270c09a8c799d6de,2018-05-06
d7d3b787cc498b66c8bdbade64d9fa98,351123eeaba93a8a1d45b42c188d6eee,delivered,2018-03-01 17:16:50,2018-03-03 02:50:50,2018-03-05 22:28:29,2018-03-07 18:06:00,2018-03-14,83a0ebd6bbd70127a0f79dd01c41052a,2018-03-01
56dff4484c68636969e851203694d13e,787b495451c8e31d9383f73a96184115,delivered,2017-11-28 02:01:13,2017-11-28 02:12:22,2017-11-28 17:42:18,2017-12-11 17:52:28,2017-12-22,f9378d80f9470dd70eff36b8795811d6,2017-11-28
66e9e616cd0bcd26b05c6b4694016939,8da78168c72d3a2c914f509a58b85c31,delivered,2018-06-28 15:59:34,2018-06-28 16:10:40,2018-06-29 14:13:00,2018-07-03 22:06:38,2018-08-02,3104479007b9d538df0c9c2afe2caa1b,2018-06-28
4c294948777312118d8f0364dacb18da,478e045863cd16bbbdb26ae98edd63ea,delivered,2018-03-04 22:49:33,2018-03-06 03:35:40,2018-03-06 18:09:37,2018-03-26 21:52:53,2018-03-21,ed59c386327af9e35f7d037c1da9bd63,2018-03-04
c8023e0c57ff641ff4ddedebd343128b,3def67e833a97dc122044972328d7226,delivered,2018-05-16 18:36:36,2018-05-17 08:36:38,2018-05-18 10:42:00,2018-06-14 14:32:59,2018-06-06,04b591095aa3118bcae593d38d3bff9e,2018-05-16
206c42ab534ffb0c5ec97f00f86070ae,1c0d78edc13c81d4b1b7a6f83fb8ea57,delivered,2018-04-19 17:18:47,2018-04-19 17:35:51,2018-04-20 18:08:38,2018-04-23 15:48:48,2018-05-22,599cc170f396e979a4c2d8e1bc4fa18e,2018-04-19
2a70ce8b5ade3f0195fee5b3afc3bf71,94c054d064ed412629f6981823258717,delivered,2017-11-11 10:45:54,2017-11-11 10:55:28,2017-11-13 21:49:54,2017-11-23 17:26:55,2017-12-06,236928dd8fab76a2981ce06cedc83de1,2017-11-11
e8a1255860241d2b415fb816d9273efb,aad891f6f4c7f9aba60d29ef75313f5c,delivered,2018-05-03 11:21:25,2018-05-03 12:20:05,2018-05-03 12:25:00,2018-05-04 20:18:29,2018-05-11,f09007fd445bb86858a264d387a75839,2018-05-03
f2d12dd37eaef72ed7b1186b2edefbcd,75b5d720874f58a6f6e2863e378c8575,delivered,2018-03-25 18:01:37,2018-03-25 18:15:29,2018-03-26 20:03:43,2018-03-27 13:48:59,2018-04-06,e47b74e2a2dd36cb03c14839e6b19e73,2018-03-25
74c415339f4e4bc0b0ce2d6c6d067b2a,c1bcc51943dba97f1f522255c3d374d2,delivered,2018-07-31 19:35:26,2018-07-31 20:04:22,2018-08-21 15:35:00,2018-08-23 13:29:40,2018-08-31,01da270abab6215a40467414afae12d1,2018-07-31
f745c78fabb1f206f5e1d67d8e25dddb,ac372364db8936a92b3df2bd3b4b6cd8,delivered,2018-01-12 20:53:30,2018-01-12 21:09:19,2018-01-15 18:06:15,2018-01-18 20:21:47,2018-02-08,0fc5023c65d3672e20ff4e44610b27a1,2018-01-12
4d3490763a1e9814400feeded1534a33,5660d4bf22854ae198e90ab66c687b43,delivered,2017-08-01 15:38:59,2017-08-01 16:08:40,2017-08-02 20:02:59,2017-08-10 21:08:01,2017-08-23,851a2dae33c4baff4033cbe44b5bb2cc,2017-08-01
5f24b613363e4af7466a250aa815a170,1a475ff9958a875936b3da7c7367212c,delivered,2018-07-23 10:37:56,2018-07-23 13:24:30,2018-07-24 13:26:00,2018-08-13 23:51:50,2018-08-15,f9b5d3c8bd2dc9c26ff00bde73171554,2018-07-23
3fcffc1b6f653b43f6ac98b51f2735ea,51a414a1021b994009740b1ebdf30ba2,delivered,2018-07-31 10:50:55,2018-07-31 11:30:40,2018-08-01 14:33:00,2018-08-03 00:24:25,2018-08-06,5c92f755ae805b8828636f282c298238,2018-07-31
32582a4d43c00c2b4de23b82fe25a2e4,517e6cf696b0918c31f1ab6b2be74f6d,delivered,2018-04-10 23:09:48,2018-04-10 23:30:11,2018-04-12 17:12:50,2018-04-16 15:22:41,2018-04-23,b958cf6726ae1890de65f3f005f06667,2018-04-10
70a7add6c9655bfb7721ca9623070b7c,7c8245069dede07b3c0b1d692bcc5468,delivered,2017-04-24 08:35:21,2017-04-25 08:23:04,2017-04-25 16:03:01,2017-05-15 13:14:09,2017-05-15,ff253dd048167b1feddeb431db05d3d5,2017-04-24
e68a0761535bd432bb847f4ae7b7b4c0,d9d2cd20127873b3196b6847b7810504,shipped,2017-11-22 17:11:13,2017-11-22 17:30:25,2017-11-25 01:22:12,,2017-12-08,bf9605839bc246e37340382e39491e79,2017-11-22
c0c1604ce9151fcb3b655d3bb0caf670,abf9c96f49808f50484572868f1f9dcc,delivered,2018-07-13 13:49:18,2018-07-17 04:32:11,2018-07-17 14:23:00,2018-08-01 12:11:55,2018-08-07,a59de7e204a062b46afd519f73e60260,2018-07-13
63f5cc3a2a31c01c270d24d397a54274,e4dbb700c76f5706dd58f9b9ef613aed,delivered,2018-05-29 07:58:56,2018-05-30 07:11:23,2018-05-30 13:12:00,2018-06-05 21:54:42,2018-06-21,f8f338d24407d8c6da17ada8bf6eb613,2018-05-29
d47221803d32f8f54b53694c19f0a368,bd574aa2df7e753d954064917212f352,delivered,2018-08-04 14:33:08,2018-08-04 14:45:22,2018-08-16 15:38:00,2018-08-21 01:43:23,2018-08-16,0535dec8f608efd1246d1a4d5ab6f771,2018-08-04
2711c0821d7f2330805ca09cad0952e3,558499c2027ec01d530fb975ce2e5b2f,delivered,2017-04-07 14:21:11,2017-04-07 14:35:15,2017-04-07 15:27:50,2017-04-12 14:42:10,2017-05-08,f9450933d6ac3c10355fced7d686b473,2017-04-07
2721cdbb603d7ab34553d2e44a6f9ae0,5d403e9930692daa08e3a13f8a68d462,delivered,2017-07-16 11:32:34,2017-07-18 05:55:20,2017-07-18 20:32:08,2017-07-24 22:27:30,2017-08-14,d3a8c1250bd58172865ddbec02f31620,2017-07-16
70870c95b39ec198376912f2c1ac8aad,d07897d21fdfac812af18def89603986,delivered,2018-06-28 13:33:06,2018-06-30 04:35:13,2018-07-13 14:36:00,2018-07-14 13:28:22,2018-07-27,909b09bfe532d11da020484ca837f3bb,2018-06-28
02971473bcfb16642904d57bc3be50b8,42dfe5520e445df2b7fa0b6e0cbab834,delivered,2017-06-30 12:41:22,2017-07-01 12:45:09,2017-07-03 15:21:41,2017-07-04 13:27:57,2017-07-13,0ee8ed214b25bad6bc78f74f1ced10f5,2017-06-30
57a7a016ca8904a8f90708dff70e7ef7,0299b0be36d3c28852cf81ec24496a9f,delivered,2017-11-08 20:45:57,2017-11-08 21:06:23,2017-11-09 15:51:08,2017-11-14 22:56:56,2017-11-30,8cfef84e2f4a8165cd749543ebfb0fab,2017-11-08
d134a745dbca5e4a22709d57e23d4f8d,b950ce6e86bc77fe267e9575f6a790ac,delivered,2018-06-04 17:19:43,2018-06-04 17:32:50,2018-06-05 13:43:00,2018-06-14 20:31:02,2018-07-11,49dd4334612dbadcdb8f6f68f41310e0,2018-06-04
3fd2e795e444c9c82eb0ec7108bfea33,f00d4c0af4257f81430cf1f7aa94c74e,delivered,2017-10-20 12:39:33,2017-10-20 21:07:15,2017-10-23 19:15:42,2017-10-26 20:09:57,2017-11-09,57416c053ec045b321ee37314c341c23,2017-10-20
d7299ed1ce267fef299fca83511a0e17,ad57616784916759b6c24f3e5305bbf0,delivered,2018-03-07 09:49:04,2018-03-07 14:29:51,2018-03-08 19:56:22,2018-03-31 16:18:39,2018-03-29,1385b7bcfc8be8cb226920e97744e72a,2018-03-07
02f82a2b0b79e9dbb86c47cef1e92063,c7c1be68d17bb1a7cf04dd15fc4d9331,delivered,2017-05-02 04:34:18,2017-05-03 11:22:44,2017-05-04 12:50:18,2017-05-12 18:42:12,2017-05-23,92e2600b1049f75778bc8dc7aababdf8,2017-05-02
da00834d06065856c172220d3aeff76a,2331e8c700acf09f2ce29fc297f39b03,delivered,2017-05-02 12:23:08,2017-05-02 13:10:16,2017-05-04 12:28:25,2017-05-09 17:35:53,2017-05-31,14ebe7d47ea523943e8cf21fdcdec40d,2017-05-02
355c14cca8fef764ee4faa28db69342f,443872a2e07094d58941d71ffe000e49,delivered,2018-08-16 09:57:33,2018-08-16 10:23:55,2018-08-17 14:06:00,2018-08-20 19:36:49,2018-08-24,5a301da3a0c50579da166564ac781176,2018-08-16
61ea97d56d5149277b28083dd851754f,55dbac78636b1d8d76aeea44bc63e515,delivered,2018-01-06 17:47:29,2018-01-09 07:23:20,2018-01-12 20:53:12,2018-01-24 12:33:20,2018-02-09,b2beb031719c7f5386b406abda5d5d44,2018-01-06
09622aca695e14a0a89188bb86d66bd8,4db6657e3f2f229751497dc35de64e26,delivered,2017-08-04 18:28:45,2017-08-04 18:43:08,2017-08-07 20:49:55,2017-08-11 18:41:55,2017-08-24,390a4a09930cb5b39c45ea5ef6433632,2017-08-04
ed90ba41c41da31da8e891ff43a584d1,51d9009f107df3256dcb608b5cb40a7c,delivered,2016-10-06 16:43:26,2016-10-07 15:59:09,2016-10-11 15:59:10,2016-10-14 15:59:10,2016-11-28,0922f37485310929b1b94e8f0c984ca5,2016-10-06
46a1ac51daefad9fbb8e65caacd43539,d304440f97ec08d781070a5daa6b38b7,delivered,2017-07-06 18:45:30,2017-07-07 02:51:06,2017-07-14 18:25:35,2017-07-21 16:43:45,2017-08-04,fa1173f1413e96c58820e0d32e65599a,2017-07-06
4bdbe1f2d1b360c34d90175e10ec090b,92074364e1af80a6ca822ae3141a7d77,delivered,2017-01-31 17:54:09,2017-01-31 18:05:23,2017-02-02 09:43:40,2017-03-30 13:22:48,2017-03-15,0dbb020311cab46ae601709149df24b5,2017-01-31
a50031be2e7818ce082a22db3add373b,5fa484c487b26266716360fa5c462258,delivered,2017-10-16 10:10:50,2017-10-17 04:08:42,2017-10-17 21:18:46,2017-10-18 22:10:13,2017-10-26,a2537dd34d162cf7b85a5cf8a76240d3,2017-10-16
50089a9784f34a308dc31a939b4b6b1b,354eb22ccbb405f4a2caa902444e2874,delivered,2018-04-27 23:15:14,2018-04-27 23:30:54,2018-04-30 16:40:00,2018-05-22 14:18:33,2018-05-28,977d3147c11a70ed54f38d0cfa0eddf2,2018-04-27
cf0069079227e57dea55e6ddee519e5d,3ecaad327f47929c1559f4814b3b53e4,delivered,2017-04-29 19:59:30,2017-04-30 20:05:15,2017-05-03 19:28:14,2017-05-15 07:35:50,2017-05-25,bc2fefac5c1d24716fe576a0bcce7235,2017-04-29
9cb8c7bd7be3365cd019f27478f6f974,a8131efea21bdc71335f152cbd7767f7,delivered,2017-10-11 16:56:57,2017-10-11 17:08:57,2017-10-13 20:13:01,2017-11-14 19:17:10,2017-11-17,eeff745909004f36ff038eb04dce97bd,2017-10-11
1c020c2a20a524371e81f9ef21eca0b6,21e44f906e88b44ed1ada6b8d03bdc8e,delivered,2018-06-14 09:28:49,2018-06-14 09:57:01,2018-06-15 14:08:00,2018-06-19 00:06:02,2018-06-29,4e65032f1f574189fb793bac5a867bbc,2018-06-14
4ebf1b3adfeef9910d4580cf4feb91b1,b89a6cb96ecf6dd11030932a4968e7aa,delivered,2017-05-21 14:37:39,2017-05-21 14:45:16,2017-05-23 15:49:05,2017-05-30 14:47:56,2017-06-13,4d81b02ee6ccc3a555327b8407475532,2017-05-21
7551a449a88847c6b76206cc5fbe5993,ae4e83b188810992512e82e498bbf333,delivered,2017-10-21 17:21:57,2017-10-21 17:35:13,2017-10-23 21:35:58,2017-10-27 19:33:57,2017-11-10,7d486a0be548e112afa0540d337019ee,2017-10-21
912806f58b85a8b3b9a57757227c9a36,d76831a8621f75ed2c625ebf14d32f4a,delivered,2017-12-20 16:44:00,2017-12-20 16:52:30,2017-12-22 23:05:57,2018-02-01 14:15:31,2018-01-23,a5193126476d6add0588e22815f2fc59,2017-12-20
22266e2f8d8084cd2b5d8488164d043a,2dae38555287b3c42938a0688936c53a,delivered,2017-01-15 00:01:45,2017-01-15 00:15:41,2017-01-16 06:42:19,2017-01-23 13:49:05,2017-02-24,572d41d4bcd3c9cefce4aca490ea0343,2017-01-15
0847671e74f36253e410d74921dff936,88797eeedbc6f829464f79b5fb7dcd63,delivered,2017-11-25 22:11:45,2017-11-25 22:33:26,2017-11-27 20:21:30,2017-11-28 16:38:29,2017-12-13,90a6aa7680e62af26d898652c6457688,2017-11-25
45d02e8b6979040aea7168cd283aaa7d,bb6f1261b04e227b81303d0eafa537a4,delivered,2017-06-14 08:03:45,2017-06-14 08:15:24,2017-06-16 13:52:01,2017-06-27 11:10:04,2017-07-11,6996419ce6a637a84e6e4fdd9710ad1c,2017-06-14
fc24f286ad7ece4fc7817a96eceaf896,bfc6917bd44b28ab33ab8a1099413d20,delivered,2017-07-11 16:51:46,2017-07-11 17:30:17,2017-07-12 19:53:32,2017-07-26 17:16:56,2017-08-02,cedcad5fb09461ef184ebb21c604fc56,2017-07-11
648eaf43449457fe1ebea319e2fbb2a0,287a431d159b40caaf577cd2bab41678,delivered,2018-06-25 13:50:14,2018-06-26 04:59:17,2018-06-29 14:49:00,2018-07-04 14:11:45,2018-07-31,5b9ded8428365feb7e1eac3fc3085132,2018-06-25
755b8ce688b56a26332fc83dcc35806d,4adf3ece7208d2355e78968a8519522b,delivered,2017-11-29 23:42:52,2017-11-29 23:56:33,2017-12-01 20:04:47,2017-12-16 11:32:00,2017-12-26,104f7bce53ef8849380284854fd16bc8,2017-11-29
da6037ffff7c802ec858ebefb02ce949,53c9929d935e123dedc107a5be8edd9f,delivered,2017-11-27 21:27:28,2017-11-27 21:49:36,2017-11-28 23:36:51,2017-12-06 20:09:57,2017-12-22,9c5cf87e9e60c3057d250a52a18bb4af,2017-11-27
70c5ccc21360b2f9c8f0a0decfb4e41d,d4217fcb991f5bc95ee2f5d7fd903cad,delivered,2018-08-14 19:46:25,2018-08-14 19:55:29,2018-08-16 16:26:00,2018-08-29 19:02:39,2018-10-23,74b8021516f25eb91f5b4e704a2cd671,2018-08-14
656990431532493653f3cabd289b023e,6b90d343a7ee3bf7bac6f825ba4323b0,delivered,2017-09-21 13:17:36,2017-09-21 13:30:25,2017-09-29 19:32:58,2017-10-03 13:38:02,2017-10-13,4827d6a02f010b9505e4af04c7fac522,2017-09-21
cd71899a778ba1fda975b9ea5fcd214f,5ac0a94fa44edf813f591042fd757888,delivered,2018-02-20 17:31:46,2018-02-20 17:47:51,2018-02-21 19:34:12,2018-03-05 11:57:27,2018-03-12,6a0ab7fb376c85c0c24617b767108fc1,2018-02-20
ba5c52c56c0bc95c960451d9ce7205fe,29dbe7f526894b88b0404a0c9c396150,delivered,2017-05-18 19:41:13,2017-05-18 19:55:16,2017-05-19 15:18:06,2017-05-22 22:45:45,2017-06-12,f595f56e13d30dc44945cecf9a86a735,2017-05-18
316a104623542e4d75189bb372bc5f8d,0001fd6190edaaf884bcaf3d49edf079,delivered,2017-02-28 11:06:43,2017-02-28 11:15:20,2017-03-01 15:24:20,2017-03-06 08:57:49,2017-03-22,94b11d37cd61cb2994a194d11f89682b,2017-02-28
eadd6e0947c9e1304fecc4a1d4b04da9,c2418185ea81833eb78da58f3b26f100,delivered,2018-01-28 17:12:58,2018-01-29 14:15:41,2018-01-30 00:18:00,2018-02-07 16:51:58,2018-02-22,6e15ea5d47ebb61669c5fb172b6aae5f,2018-01-28
688fb7e7c929bfa4711317fb51d8820c,868f46be4f522fb8d0d2470d4196d86c,delivered,2018-03-08 18:05:23,2018-03-08 18:30:27,2018-03-12 23:36:23,2018-04-05 00:28:54,2018-03-29,549c782a361e86a416bbae2762dfec78,2018-03-08
1af47f4805c833e818afbc304a27de73,af34d22284fae5b9e2fde31b48a6966c,delivered,2017-06-13 14:13:31,2017-06-15 03:10:41,2017-06-19 12:56:05,2017-06-26 14:42:41,2017-07-06,dafed84bd81b77b98a60f77155d1a592,2017-06-13
1f5eb429cb345e7810b590b3f5de88ab,45dc3919a8935305b31679758922392a,delivered,2017-09-16 11:25:15,2017-09-16 11:35:13,2017-09-27 21:47:49,2017-10-04 19:42:24,2017-10-11,443285846bccf405c41853c5cef24726,2017-09-16
977e8abd0d54ee96cb2a4ab03c3bc45c,e42b128c0900df8bc11f75ddbda0b506,delivered,2018-02-19 17:20:09,2018-02-19 18:27:16,2018-02-20 19:52:21,2018-03-06 17:16:38,2018-03-13,61ff71ed9d73a543d484415ad9ec7d45,2018-02-19
8b888647a2115442e3a034d649699df7,fd23695e0d517c34af14f966b662f25e,delivered,2017-06-03 14:27:54,2017-06-03 14:42:21,2017-06-05 14:46:30,2017-06-14 15:26:55,2017-06-28,fda22aab5a0b6b06cab9254859d35c13,2017-06-03
055f84fd2ebf314ebec85f8e1312f4f4,82ff01ff3cdbae8ef85c10481d360d1a,processing,2018-01-13 17:32:09,2018-01-15 10:10:50,,,2018-02-14,372176bac23e7328e3e7dc6f9be66abd,2018-01-13
b29f76d1f7a17439d2e451cfb6afad05,a41df828b54b6e134acc61e8da86d2d2,delivered,2018-01-13 19:36:00,2018-01-15 10:11:00,2018-01-16 21:51:25,2018-01-25 00:58:58,2018-02-14,854c931fdd2d34271e234d88badf604d,2018-01-13
fff1e3e76b816bfe8ef16678cc53c643,e194b91a5dac87c84cc54a7ed3fdad7a,delivered,2018-02-27 08:35:05,2018-02-27 09:08:53,2018-03-02 20:04:21,2018-03-07 14:49:33,2018-03-26,66cd6da20c67f83a9cf37e01a0105812,2018-02-27
91073b9465875bcedff77d6df7b681a1,d362c44ef783284c2c521f62339affe1,delivered,2018-02-05 00:06:00,2018-02-06 00:10:14,2018-02-07 00:37:44,2018-02-15 18:48:04,2018-03-01,c74a108decbd9e8ac71abc55bb1a0064,2018-02-05
dc1c0ba115f5ef217d19fc726f376b36,204bddb857a5605c63248d67c65beca6,delivered,2017-12-09 16:36:54,2017-12-09 16:49:44,2017-12-11 19:58:56,2017-12-13 22:44:34,2018-01-04,3088f624f403286103040b09425da6f0,2017-12-09
f9464073b4925d4fe407c556ca5cabf2,719a37f48e14ed793bd57def26310a40,delivered,2017-12-18 13:31:20,2017-12-18 14:53:19,2017-12-20 14:52:53,2017-12-29 18:19:11,2018-01-15,d9a75b90cc3670d4becb018ac151a369,2017-12-18
4d018030375b4b3ff3510d0c869c7b9e,708adbc7c5712f9da63ce87e97c6a581,delivered,2018-06-27 11:37:26,2018-06-27 11:57:19,2018-06-29 15:24:00,2018-07-03 22:33:09,2018-07-27,b8af380cccbbf4267ac8382081383225,2018-06-27
67cb060da41114f8464b736e9e49058e,ea36abf64bc24b2bbe8d2e894728c498,delivered,2018-03-10 22:11:23,2018-03-10 22:28:17,2018-03-13 15:54:21,2018-03-14 17:19:00,2018-03-23,67f94fbff43f0b69fce6bdd314608802,2018-03-10
2e99a8c55fe4b528eb671351410cd81d,c4ac551ad523e6a4b6b0a5a6babd312c,delivered,2017-07-30 21:37:12,2017-07-30 21:50:10,2017-07-31 16:14:53,2017-08-10 17:48:59,2017-08-22,26b9edfcfdca5ddd162feeaf03b232f9,2017-07-30
a3df9ee0e0290b6eb2d3abb966d5346f,23a449ad84ad098c509b42c8005f2e2b,delivered,2017-10-23 08:03:09,2017-10-23 08:14:26,2017-10-23 18:23:57,2017-10-24 16:13:02,2017-11-03,b4afb55d2d38d9bbe0b83ec108c3e77e,2017-10-23
283882195739ec4b5092b247f052f6d6,26c075c0de8b8fdfbea28238b5ea0b81,delivered,2018-08-05 21:20:07,2018-08-05 21:35:12,2018-08-06 12:56:00,2018-08-07 16:33:07,2018-08-13,8889682a214c2f770be5ecb4facd1e40,2018-08-05
f6b0fadc7a8c63ec71d0336d21b8c630,4983427c555cd0025849dec979ef3a0a,delivered,2017-02-07 11:52:04,2017-02-07 13:05:40,2017-02-07 14:43:52,2017-02-14 12:35:45,2017-03-08,6c160c701a466801a43bf6e9ada952ef,2017-02-07
1ce0ea88b5b9dd15c1254739357a8e07,a5469d1164d8137449bb1ca944d6cdbb,delivered,2018-01-29 21:07:31,2018-01-29 21:32:14,2018-01-31 19:18:41,2018-02-01 19:18:59,2018-02-14,3f173d9ba344efbbb7d148174af2b039,2018-01-29
6c28cf68e8389e5024135b3d33d8a987,cca42269d9ed5030a5952d9abcb1722d,delivered,2018-05-09 12:23:00,2018-05-09 12:35:53,2018-05-09 11:09:00,2018-05-21 19:31:32,2018-05-28,be3d59feb3e9844f2a5236cca7ea7529,2018-05-09
f040040c63fb4164125917af2fa6d4b4,7c6f85d218c8e1b11d5850ab745c18ad,delivered,2018-08-06 18:48:35,2018-08-06 19:04:31,2018-08-07 12:43:00,2018-08-11 13:04:41,2018-08-24,1246050d2638f9e4be53786f32294650,2018-08-06
aa62e67d7dbefd7e1331d5975f61a404,e6b1b2e9d776e6657e9b243fcc56502e,delivered,2018-06-17 13:07:50,2018-06-17 13:39:47,2018-06-25 14:24:00,2018-07-02 20:46:52,2018-07-17,fced0ca327bb1e241ad08e7311f169fc,2018-06-17
953f6193240153af3fd76c055a3c544b,fcfbe3abb8affdbf76960957bbc2cc02,delivered,2018-01-01 21:32:02,2018-01-03 04:12:36,2018-01-04 15:15:17,2018-01-09 15:51:57,2018-02-01,cc304f58caa6b9264aaf11652a91e285,2018-01-01
22613579f7d11cc59c4347526fc3c79e,53cc5d344077104b59d4f6836a90eb0b,delivered,2016-10-04 13:45:08,2016-10-04 14:27:49,2016-10-15 10:12:47,2016-10-18 22:35:47,2016-11-28,2ad10f49ef1f061d5f6739c89d3ade68,2016-10-04
332e264249f30a888b81bffd7a84e03c,7cc8aa1b58755e7d169084d0778f362d,delivered,2017-10-07 21:41:11,2017-10-10 03:49:20,2017-10-10 22:07:04,2017-10-27 21:21:57,2017-11-13,939f2a61978e4e841de6b12c7840fc4b,2017-10-07
f04c7589129e26f1a095e07ffc2158bf,e40af776092a710beb6f831242c6af90,delivered,2017-09-13 16:48:06,2017-09-13 17:10:29,2017-09-15 13:42:56,2017-09-19 17:56:58,2017-10-03,66e56177b9bf464a930e57edc3694403,2017-09-13
4644fc24ed1ffc954053a6fa1b1b825e,ebd57d77b789fb8d99c8dcf9ce71097b,delivered,2017-08-30 20:12:26,2017-08-30 20:25:13,2017-09-01 15:24:38,2017-09-04 20:28:11,2017-09-18,1ada710c13b1078f33af47b430c7fc55,2017-08-30
7c97900442dd98ddd06bab55a03c8564,a526ad521f88f610b87a17a8a064a502,delivered,2018-06-20 10:57:46,2018-06-21 03:38:42,2018-06-25 09:31:00,2018-06-28 18:16:43,2018-07-12,f36237ead17ac188cea4f73cceb0d834,2018-06-20
3ad540acc809c0ce95b1dfe9cb4b4343,89c93c9e16ecb1633c04c433d4d144f5,delivered,2017-10-19 14:58:54,2017-10-19 16:49:44,2017-10-20 19:08:13,2017-10-27 22:18:53,2017-11-10,5d1822ac99dc366132875ca731223926,2017-10-19
95428aa94edaeeb8edc0609da66852ec,efd6d74f549dc540555631e0b36ce02e,delivered,2017-11-17 19:53:36,2017-11-17 20:50:35,2017-11-21 19:59:01,2017-11-27 17:18:57,2017-12-13,17d79c369adf3b1632fa2b1b9c2bfc7b,2017-11-17
b1057b71c52a710fc9f588bb5eb702d9,7e53efd6bbabc2530e543a555d20c8a1,delivered,2017-04-03 07:47:38,2017-04-04 05:50:38,2017-04-06 07:24:43,2017-04-17 16:24:42,2017-05-04,66bd9505c7bee395349bc1a345233f87,2017-04-03
b42c846318a7b8b2b28cd8454f281392,83cbffecc6aa6193373bfb48b33503ee,delivered,2017-11-17 13:15:36,2017-11-18 13:45:59,2017-11-21 22:46:37,2017-12-12 20:39:04,2017-12-20,97ee46ac0fde4adae20e173fa5d6bccc,2017-11-17
3016d3537e78284991256efc878941ec,66d36f48cd3edb9cb7ab70d5ca3f4321,delivered,2018-08-10 22:51:23,2018-08-10 23:04:38,2018-08-24 14:05:00,2018-08-31 11:38:29,2018-08-29,abdd9c82910d5e87bca444952d5469f3,2018-08-10
603a0efaa57d08690507c9492973822a,f1a1772548b4c5024ef6bfad4a24d351,delivered,2018-03-04 21:56:16,2018-03-04 22:10:31,2018-03-06 00:22:45,2018-03-28 23:51:40,2018-04-06,ec104c0a37a54132599d191354a9ea93,2018-03-04
641b3f1c458e28bcc1ac2e6e5e526489,97c47aae6ea0c8b187e739b95be4a758,delivered,2017-11-13 19:27:15,2017-11-13 19:47:49,2017-11-16 16:21:22,2017-11-30 23:13:12,2017-12-19,487421a0aed865282373f28a24239081,2017-11-13
28f9563bda992bf8aaefc7310e12b44c,df8d37977f13f34945c838a3e59d0607,delivered,2017-07-11 17:37:09,2017-07-11 17:50:15,2017-07-13 17:57:53,2017-07-24 21:45:52,2017-08-10,cee6fc50cd8532df9815d2077c2ffe42,2017-07-11
61fc1e01fc9cd8344b0d1fda336a8be1,597edd65d504b2f95dcfb29735c50c00,delivered,2018-03-27 20:39:09,2018-03-27 20:55:27,2018-03-28 18:54:31,2018-04-16 21:48:42,2018-04-18,4c30323fca0b6d7cca4bb85117853629,2018-03-27
f12dbdb6a90508df0f4d102e304c8c7d,f3b432e2a069aaf28f7e7fb7e2fa124f,delivered,2018-07-30 21:58:36,2018-07-31 04:05:35,2018-07-31 14:47:00,2018-08-03 01:32:09,2018-08-09,b4249aba7b44861b7fc54bda9d7c62f6,2018-07-30
645779176d5d254b38d767ba3712cfaf,9eaafe7c469228a67c9b33a3cbf37154,delivered,2018-04-29 19:12:53,2018-04-29 19:35:24,2018-04-30 10:15:00,2018-05-02 21:12:47,2018-05-11,1da80fc5606ba186a1023c811d3487f1,2018-04-29
ec9cec6602234c5b94f67d715c7b14ef,8cfdf6af33a4386da0d223ffe7554262,delivered,2017-06-27 11:28:00,2017-06-28 02:35:24,2017-06-28 14:25:01,2017-06-29 17:37:40,2017-07-10,3606d57a8b9c10a01794e36f4b824f89,2017-06-27
59cbe1b4d431c65474bfcd53c3a3b227,1e12cab34d9cf45bc63eeba696c4ee3c,delivered,2018-07-22 17:37:38,2018-07-23 12:31:50,2018-07-23 14:46:00,2018-07-24 19:11:49,2018-08-02,659212e1ec89c7d2bdeea02f8f027dd9,2018-07-22
f93d4438f5a4fcb8c83d71dc594437f9,e9285513ca554becdce6eb1b34963643,delivered,2017-04-07 10:12:48,2017-04-07 10:24:09,2017-04-10 14:08:09,2017-04-19 15:17:12,2017-05-16,a00a13ac36037d575bb016caf8f50d53,2017-04-07
eeed16ea7d99f4531ac2aefa8dd79368,cc389f4eaa50512f8de37f3109aebaa9,delivered,2017-11-20 12:48:31,2017-11-21 03:56:29,2017-11-22 23:48:53,2017-11-29 19:45:45,2017-12-18,7e7099557d7e8307cac58b3df3768882,2017-11-20
f622f166555604252d12a9f66850ce2f,780ba23c0b4feb4d05816336c771e549,delivered,2018-08-06 21:30:23,2018-08-06 21:44:38,2018-08-09 14:08:00,2018-08-11 14:18:43,2018-08-15,d9ddef988d8239716aba2d4fa2507a2f,2018-08-06
4953cbca0dc4ee03b38a9b279af7bff8,6f0af127aca1f39fab251bc67297a741,delivered,2018-04-27 07:12:53,2018-04-27 07:50:13,2018-04-27 15:09:00,2018-05-01 13:14:49,2018-05-16,4d28234ccc945685ca892f6184032215,2018-04-27
e2ea40e627fa59e27d40fce26a8b5a32,64b1688e90d4b8684ff9c22aa8af14a5,delivered,2018-04-27 11:25:37,2018-04-27 11:52:15,2018-05-11 06:41:00,2018-05-12 13:30:55,2018-05-10,718faa589b371eaf5993e6b95e878f08,2018-04-27
12f12b0c970ed338e7a4cf857fd1eb33,7148d5b825f7c5ca839047d5d982826e,delivered,2018-01-19 07:52:24,2018-01-23 03:52:36,2018-01-23 20:53:13,2018-01-24 19:02:49,2018-02-05,02d8fe1b66a7acab244d923285407cc7,2018-01-19
06addb9b5cc9c47e661a6eed12276418,928556f1e278269601edb5c022cd4b5e,delivered,2018-02-25 13:56:55,2018-02-25 14:10:30,2018-02-26 18:19:15,2018-03-29 22:58:51,2018-03-28,ea47bf07d22746280af63667a8ba2d20,2018-02-25
d2e870fac3d41a82545e1cf3ebaf5a4e,727d45008fe83848235f2e29d60e29f1,delivered,2017-04-11 14:43:04,2017-04-12 06:45:20,2017-04-18 08:57:38,2017-04-27 17:05:47,2017-05-03,2e9d1a5c6b7469b66b230a6b341229fe,2017-04-11
cf66a791440b22e6e21c4c339d07c001,a31b9c72b5843b29fd1746cc0ca8a78b,delivered,2018-02-19 22:05:44,2018-02-19 23:07:33,2018-02-26 16:45:38,2018-03-22 17:18:46,2018-03-15,25812aec200cdb2345a97e4f8e67fd4d,2018-02-19
8e609b18311a0558de0c7508a9331031,4a731d851f767c0002a3a8069d62d73c,delivered,2017-12-03 11:06:38,2017-12-05 04:15:40,2017-12-12 21:43:56,2017-12-13 19:43:28,2017-12-20,8bd1563913a66a9fadd42b93f3d4b224,2017-12-03
857e0342c23a497fca50823f08d9eb13,c4d44a998ef05648ed28e733d653d17a,delivered,2017-11-09 22:09:51,2017-11-09 22:27:05,2017-11-10 23:03:02,2017-11-16 18:59:40,2017-12-01,5b55b379fb13d3bb7570b308b99f0255,2017-11-09
9c33774fba00c73b651903f988c71bb9,21b75a343cc69ed545016d78d22bde39,delivered,2018-08-20 12:37:12,2018-08-21 12:30:50,2018-08-22 13:35:00,2018-08-30 00:38:24,2018-08-30,4ecdb958c2b1b099ed5e56d9ca156773,2018-08-20
71c1cfc3a3c729ec550ea6b07cf51eb4,e1a09507357e73def87e4fcf5df4b00c,delivered,2018-07-24 16:20:39,2018-07-25 10:05:06,2018-07-26 10:17:00,2018-07-30 17:42:07,2018-08-15,0bf56b1c99c4270ae0c516e06924532a,2018-07-24
28e4584280c4d5de2fdd95ab155da4d0,68e9a0b72b0002f1aa334d988dfdbc28,delivered,2018-05-08 19:17:48,2018-05-08 20:15:26,2018-05-10 19:08:00,2018-05-14 23:58:45,2018-06-04,ad36bbc16d53c788fe623271173132b3,2018-05-08
46ee6eaca194413758f200a6974b7e4d,27a2735706788ec6d39d0de52ce2457b,delivered,2018-04-25 18:55:05,2018-04-25 20:31:41,2018-04-27 15:02:00,2018-05-04 18:07:58,2018-06-01,32c3edfee8106a1d891f93706a7d554c,2018-04-25
cb30b4382e88bfeafdbc1010a026de1c,e96c90e9a18c5fca8ad904ccaada95af,delivered,2017-09-19 12:20:28,2017-09-19 12:30:15,2017-09-25 14:43:03,2017-10-07 14:57:45,2017-10-06,eddeddad99fa125ded3de1d246d2bc2c,2017-09-19
9d3c59fdcbaa99d6857084449b8aacd3,1393e6c04976a6ec4677dfd0a4a37a2f,delivered,2017-05-15 10:31:57,2017-05-17 03:50:21,2017-05-18 09:50:36,2017-05-24 10:43:53,2017-06-08,d4c04f065db96c623b2062934455d506,2017-05-15
4a9926db4f145a7facd1709ecf22bb25,5c7e0f8f6aa8e9d4f5703d54108df291,delivered,2018-02-08 11:55:21,2018-02-08 12:09:45,2018-02-08 21:07:35,2018-02-19 19:59:24,2018-03-15,35bd5e295fe699acc2e24b0de1e53663,2018-02-08
309c3acdc3ee0846604b0db436a91e94,75f9eea27d95bc07faedf009cd8cd7b6,delivered,2017-07-20 19:59:27,2017-07-20 20:10:12,2017-07-21 14:27:45,2017-08-15 21:14:40,2017-08-17,07ba909584e0943e17023c983d4753d0,2017-07-20
50f4eebd00d7150e6ff4da0c0b39a826,bcc9d1e59370fbf19e8e34b58cca7b9d,delivered,2018-02-20 12:14:29,2018-02-20 12:31:23,2018-02-22 22:57:06,2018-02-24 02:16:56,2018-03-15,4688a1a7fecfa88585a3715381a4bfcb,2018-02-20
44c536f6ba15a4faf44a3b9aa9ee803b,87bbde35e6649328410a77cc82036709,delivered,2018-04-27 08:10:30,2018-04-28 08:13:24,2018-04-30 13:52:00,2018-05-07 22:04:29,2018-05-23,2ee975c9c2318bfa81d7c2ba24325099,2018-04-27
61fe86ebf170d0ede54d8786d39effdf,91e56c7fa4f3acda6098f2b24cbd43ec,delivered,2017-08-29 22:29:48,2017-08-29 22:45:03,2017-08-30 13:23:43,2017-09-05 18:56:54,2017-09-20,fc992f1b8a83a1e7c7f4613be1663d63,2017-08-29
e028addc83a9ed4498311c3e203e53ff,7721950fa290fa8e274ed6ed728c6979,delivered,2018-07-30 12:00:52,2018-07-30 12:24:51,2018-07-30 17:58:00,2018-07-31 19:28:42,2018-08-07,483657668ef62e08ead5fe50f0b1d4db,2018-07-30
05bb540accb9a3fc966280b894023c9c,5e223ba2e969f6c316d104a99db67a71,delivered,2017-07-06 21:13:00,2017-07-07 02:50:52,2017-07-11 13:49:34,2017-07-13 20:41:17,2017-08-02,f96fba562401ffaedb60f667b56c60d2,2017-07-06
6dcf09925bad5c21f9694df7c7064435,b6449dad7d75ca4204e95af962d73eaf,delivered,2018-05-28 10:14:08,2018-05-29 03:55:05,2018-05-30 14:55:00,2018-06-07 00:28:53,2018-07-03,c8c88e0a42d805d7e476ddd386bd737f,2018-05-28
3334505458e0f039b5a43c32dfef2cef,7cceb5f2b585e4346bea1666d6c88c63,delivered,2018-07-09 12:20:42,2018-07-10 09:10:17,2018-07-16 13:49:00,2018-07-23 17:03:20,2018-08-20,5d0ec024dbf94abb8f9bd5081b9898b2,2018-07-09
aed3b7b7a6d2e4232394a00ff3fb14ce,eb4ec25e1b851f99bb9b685725c4e78f,delivered,2017-08-26 20:28:20,2017-08-27 20:35:17,2017-08-28 20:11:26,2017-08-31 17:22:46,2017-09-14,4feb28ad7522fd6917189c206bfb11a2,2017-08-26
d8a23906d95c53fd16569067cefb9103,b498aaecef8eb64d52f9c885368c90a9,delivered,2018-08-21 21:54:40,2018-08-21 22:05:16,2018-08-23 14:39:00,2018-08-27 20:59:40,2018-09-21,4a69e669b4b97dcdf6ac4b3ee17fa89b,2018-08-21
54766753b06221dcdc0b0d27db25cc10,4dbccee7e5cb46bcf06f78a7fcfa9c21,delivered,2018-08-05 15:06:41,2018-08-07 04:05:20,2018-08-07 14:59:00,2018-08-15 03:11:36,2018-08-23,35337be503b4bbaaf0ff2c6210875aed,2018-08-05
52fec00ad00debf3f8b2c11cc51da506,ace95ea4a743131700cecb1b4d201609,delivered,2017-12-07 10:07:04,2017-12-07 10:16:24,2017-12-07 18:16:53,2017-12-18 22:18:56,2018-01-05,0a03613ee8e9a8f96d3970ba2f89423a,2017-12-07
b7d6f9e405deaa6ff82ab9d96608482f,396a8539f119f80d6df1065a04cf6595,delivered,2017-04-28 11:50:40,2017-04-28 13:03:51,2017-05-03 12:40:14,2017-05-08 12:50:15,2017-05-22,8dd3a5d6ea26c84101c49f5d4eadbb81,2017-04-28
e7535e2fc78c71f46b16b5331afae90f,5be46d4219b0b664ade208fb06506521,delivered,2017-03-28 14:32:18,2017-03-30 02:10:21,2017-03-30 11:25:52,2017-04-12 13:28:08,2017-04-25,584a50b30c7d3f7cd3fc1c4fa07445b2,2017-03-28
a78d3e0dd36caaa19d8b61e8de27ad1a,e2b8cde8bc3beca3a50806f1dbac53f8,delivered,2018-01-10 18:08:20,2018-01-10 18:28:55,2018-01-11 21:43:32,2018-01-17 17:38:57,2018-02-08,a36f26e7a79e1b01432f1fa26fce9f02,2018-01-10
02db3eec8ec9d3a35e2afe15367f21b8,bd3416ec4a72b10772b79778916c1fb5,delivered,2018-03-26 22:13:21,2018-03-27 03:50:55,2018-03-28 21:53:50,2018-04-04 00:52:02,2018-04-13,254a9ad117407d26a52ee780dfd5216f,2018-03-26
cefc3e3c58e8a79b920d05c63e320c69,827c1daa83bce414dcebbeb2959bb555,delivered,2018-03-07 10:22:35,2018-03-07 10:35:39,2018-03-09 19:58:47,2018-03-30 00:41:31,2018-04-04,a660768f87f5460dead886e622dd5741,2018-03-07
9c44c2473c988578b5188baf89c3e429,dd48464b22b941c1717e9b3e53ccddab,delivered,2017-06-01 17:18:31,2017-06-02 06:35:21,2017-06-02 09:19:26,2017-06-09 16:39:46,2017-06-27,5da36249e10fba23041f7353250b644c,2017-06-01
036091098bdc85e780fc3594006276b7,92dd835c0a01f474014b0a888b5bef93,delivered,2018-07-19 12:59:52,2018-07-20 14:50:20,2018-07-23 13:25:00,2018-07-27 18:28:23,2018-08-02,91049771b745aa43500e4c82ed6a2241,2018-07-19
e334ab4c4f7e57c1687890de298f81e2,cae464394f85fa945b401cac6aaba58a,delivered,2017-10-21 00:10:54,2017-10-21 00:35:08,2017-10-23 19:12:17,2017-11-03 17:33:05,2017-11-17,21de00c42cb8361fa68d58256242887c,2017-10-21
94f7b6b57da8c315ba34ed75eb75a16b,381fcc93de567ff58debbc20540bc668,delivered,2018-05-19 16:08:40,2018-05-19 16:32:22,2018-05-22 12:25:00,2018-06-02 13:28:45,2018-06-06,01029081d0cfc339576f71ab45713d10,2018-05-19
7ea5afa01a6aed827dec68beed373ea9,f8bf759ca675f184f81ebf55846fca72,delivered,2017-11-04 13:54:18,2017-11-04 14:10:33,2017-11-07 00:48:42,2017-11-17 19:04:01,2017-12-01,3f5c45742c7aa9f895b8b0902587c137,2017-11-04
e73c4ecd46f3549fd9ebcdfab800cd28,cde3d6f35cc850126ef374787cc74222,delivered,2017-02-12 18:37:11,2017-02-12 18:45:11,2017-02-16 14:07:20,2017-02-22 06:43:36,2017-03-20,19e9a81afff7021bfb52966241cac16e,2017-02-12
d4bf9a6552dbfc7f1b2f6abbb1028b99,70a143bf0866aa6c1ba15fab452335a8,delivered,2018-01-05 09:37:24,2018-01-09 07:24:50,2018-01-09 17:04:49,2018-01-10 19:59:20,2018-01-23,305d4defdfe8b3f01c754e700afdc02a,2018-01-05
ddb831adbe504c02601f03328420af4d,986c90c93b95ce4d823f9396c9a25751,delivered,2018-03-22 15:00:34,2018-03-22 15:40:26,2018-04-10 18:49:24,2018-05-18 12:41:46,2018-04-23,9c2922aa6d178bbf7050f821c3a3c62c,2018-03-22
474c0bedc28c30c7568c589c047b75bb,00aee581138f207eb71f58811aae25d1,delivered,2018-04-15 20:27:53,2018-04-15 20:51:29,2018-04-16 22:45:29,2018-04-17 22:42:35,2018-04-26,7cdad7ad32a8ed3d160ca312e16d29f1,2018-04-15
cb51128a709fc24d52f27aa407697411,8bcc9dd14823b01eb0e4f80d3637a5fc,delivered,2017-04-26 12:03:22,2017-04-26 13:05:31,2017-05-10 16:07:27,2017-05-17 10:17:45,2017-05-16,a18f6e638c28ce041b20a59871d7dccc,2017-04-26
eeefbe7b042ae8283ce5969a767c9a68,afcae44ebd42f76e776c73a23490b593,delivered,2017-06-13 00:49:01,2017-06-13 01:02:29,2017-06-19 16:34:31,2017-06-23 10:22:24,2017-07-06,dd3856136c63a7da50e21272f9f5550c,2017-06-13
a1992473cf823780a4ce2235249ada82,73b498b492637e3ff6343c2c63bb5dd8,delivered,2018-05-21 08:00:14,2018-05-21 08:17:59,2018-06-06 15:16:00,2018-06-08 22:52:06,2018-06-22,d95eb25776c0166da43320d9ef6b2bb1,2018-05-21
e918a18483ed36b716b6fbc8cf570e83,b8db736a2750311bce7d053e6d7263c3,delivered,2018-07-17 12:15:55,2018-07-18 02:55:21,2018-07-20 18:52:00,2018-07-25 19:14:54,2018-08-10,3c2ae67ed9952c0dfbd63fe8e1c48f5e,2018-07-17
f1ba1af891ddd14899ba97155589732f,c55f7aac91e0605d8f8333211949bd5e,delivered,2017-08-21 00:27:44,2017-08-21 00:44:36,2017-08-25 18:45:50,2017-09-05 15:15:37,2017-09-13,66395d344b3d96f787a5e8b88818f8b7,2017-08-21
a512634a0377a863c1f77f2ad31506e0,1394555afd47c35cbefca738972e3d6e,delivered,2018-06-06 10:57:24,2018-06-06 11:13:54,2018-06-06 11:25:00,2018-06-19 18:03:19,2018-07-16,f2ee0221f86c32532028f6be7f94f07b,2018-06-06
1db131c48c4d22127882402aede3f5e3,ab63b05f2047754f13cc5fd06bb3e614,delivered,2017-12-27 12:19:05,2017-12-29 02:09:20,2018-01-02 16:29:21,2018-01-15 16:35:46,2018-01-31,4777ea23e9d2b713832376747e89105c,2017-12-27
968cb4fb4acbc42bc8ad87fc3caba34d,39ffed8392965349ae13109de7848397,delivered,2017-11-22 10:12:10,2017-11-22 10:26:27,2017-11-23 17:12:26,2017-12-20 23:49:09,2017-12-21,52f8520ceb4ec40be2fcba69499b8787,2017-11-22
ae86389756e9af7f5f5f64aa266a439a,859b2f771c5e0f3874c59635a9829354,delivered,2017-02-05 20:00:06,2017-02-07 04:03:10,2017-02-10 07:55:57,2017-02-16 05:43:59,2017-03-08,5e93a3e965f763782342bd51fa7e1185,2017-02-05
fa26763c58fa3379d19525e7381fbdff,6414161f0e2343acc074959dad08b373,delivered,2018-01-08 23:33:12,2018-01-08 23:47:32,2018-01-10 18:18:39,2018-01-15 17:48:50,2018-02-01,796d1c459382fbc03c2012eb91584ee3,2018-01-08
2aed9e5e9721d155da677d5b09e6ecde,1626a557f9bd4edf99fa4af9e42cbae2,delivered,2017-10-17 18:15:23,2017-10-17 18:28:22,2017-10-19 15:10:25,2017-10-23 16:20:27,2017-11-03,54621afc1cd8cdcf5d069b2b40902fb6,2017-10-17
633911754e7d587f10d189b10572c0ae,da10cbdf82699412e09b92f55ac38dbc,delivered,2018-07-12 01:23:38,2018-07-13 02:35:14,2018-07-31 14:10:00,2018-08-06 17:58:27,2018-08-01,0ce61ff4ddda668678273aa790672dce,2018-07-12
6ab8dac189301e155d1ff9208d98db3f,f1b716fda069da883eeba66adca9a5d0,delivered,2017-10-04 12:32:08,2017-10-04 12:49:21,2017-10-05 15:03:36,2017-10-07 16:32:55,2017-10-23,472b4749ae32cece39b31bea32014875,2017-10-04
146bfe4003096bc16316672e59c6fb2e,47443a10c52e727aeab6b6cae75dbdb6,delivered,2017-01-26 23:08:52,2017-01-26 23:21:57,2017-01-27 13:57:24,2017-02-01 11:09:38,2017-02-20,7f2a5d876d919c76959e14657acdf942,2017-01-26
0d103d6504de00ed0c99969517a9ad52,e1ac420ce71810297563ec7eed721e72,delivered,2018-01-25 20:53:56,2018-01-26 03:16:43,2018-01-26 19:18:48,2018-04-05 23:28:24,2018-02-19,c918518fd2e027d23d63632378e39b09,2018-01-25
969791845aebad4fe9d49530189384b9,bfea4a98ad57e429a31dab20bfe4375f,delivered,2018-02-06 15:50:36,2018-02-08 07:35:59,2018-02-14 21:57:32,2018-02-19 21:48:58,2018-02-22,13fe2bd5cd6f09642f395ae04faa6b66,2018-02-06
415a141f4a7002a9415cdb40ded310a8,bb447b65c8796bb95116a042a3975691,delivered,2018-01-15 17:24:30,2018-01-15 17:34:30,2018-01-19 21:16:09,2018-01-26 14:42:28,2018-02-06,318a8173e6ffb6811284913d9e25bae9,2018-01-15
fce6ebf0ce28cde1c71f1f4160c8e4b5,1588ec2728805bccb98b9bc3c30c527a,delivered,2018-02-25 17:13:25,2018-02-25 17:28:05,2018-02-27 16:59:15,2018-04-03 22:37:27,2018-03-28,caa4a74055bc2f2ecf52e8e0ddad69f8,2018-02-25
381cb353cd30a73a5e49e5f42e583c43,9b7f1cfafd9c7e59d94be3f1a9b02814,delivered,2018-08-06 16:59:54,2018-08-07 11:45:24,2018-08-14 16:18:00,2018-08-20 18:22:45,2018-08-17,1df15fd7f97823fb37e2f04913d91343,2018-08-06
f7d0eb24b92b2024fc86a38400664675,441de7dcd3d15a1375a2d347b64e21f4,delivered,2017-10-12 11:53:04,2017-10-12 12:14:16,2017-10-16 22:04:14,2017-10-25 04:20:11,2017-11-06,d17b97c6f69d56ab6d24194c7a1ea791,2017-10-12
958c2c6f97278761a6dc851ac6bc0f1e,4fa19f7da692e6bf9602aaad3c372eda,delivered,2018-03-27 18:05:05,2018-03-28 02:48:01,2018-03-29 23:22:10,2018-04-07 17:46:40,2018-04-17,a2b8841410cf77619574d311cd06fd5e,2018-03-27
0d01a6e6a5ab185145f17abef2ff9f0d,d717f827870337ac0f4c75982011f237,delivered,2018-03-26 00:20:08,2018-03-26 09:30:32,2018-03-26 20:03:43,2018-04-06 19:28:37,2018-04-17,ccb6b2e02765251c6fbfc6fd170aceea,2018-03-26
0e54e7e8b39dfc550dfab97b23c7b582,7c1cc4e0ecca23fe35bd3d79a02f8abe,delivered,2018-05-12 12:02:50,2018-05-12 12:15:14,2018-05-14 14:20:00,2018-05-17 16:21:02,2018-06-05,83048e04387482dd32e70974b6f656b5,2018-05-12
dddefcfe636a15ef05e728d06ba945cd,ad10ccfd2201e0587646955cea584e37,delivered,2018-02-15 08:52:58,2018-02-15 09:07:50,2018-02-15 22:08:08,2018-02-21 17:42:55,2018-03-01,f890e9b2c43fd7370449fb9b89a7fc53,2018-02-15
5f892cf10a419532141018e4f162d429,8da022467585bcfdf70f08d25c07fb03,delivered,2017-07-19 21:20:27,2017-07-19 21:35:23,2017-07-21 21:07:51,2017-07-25 12:30:28,2017-08-10,fad4aff30051ab61b252891f5bdf8056,2017-07-19
6f3f7659b58b0787d5881b1cad295af2,18e771eb29c852089801807afdae82bb,delivered,2017-12-26 12:34:23,2017-12-26 12:49:01,2018-01-02 22:52:34,2018-01-10 14:20:25,2018-01-19,9ca738828fad483f99cb61a51149571f,2017-12-26
683ec1680537670578142e56f09c58f2,219a56cc6da62f9ccbf37b4ec2b2317c,delivered,2018-01-08 15:11:15,2018-01-08 15:27:52,2018-01-17 17:58:43,2018-01-27 17:33:18,2018-02-05,9830fd04e329c8a26fb8c8e1f421b80f,2018-01-08
6101a3cad652012312ccd9284733ac2b,801c629f9d3579bddf589ec0328a4238,delivered,2018-07-23 11:15:29,2018-07-23 16:00:31,2018-07-25 14:14:00,2018-08-02 19:38:48,2018-08-23,9039fa4063ed33243494da180bf71b42,2018-07-23
20179c04ba0e2e024542349ec1d5d263,b64106d2d4647c03dc63123823b8da83,delivered,2018-06-10 16:56:27,2018-06-11 19:19:51,2018-06-12 15:29:00,2018-07-05 15:51:04,2018-07-18,37aa16c68f12a40642fb9f2cb2555db9,2018-06-10
c617b81bdf196a2a7f3f4f9b68439ca7,1bc8a5c9c12a109433d30c3f6e5b506d,delivered,2017-10-22 23:15:59,2017-10-22 23:28:16,2017-10-23 22:51:59,2017-11-01 19:13:56,2017-11-14,cd0ebe9741f337c65a76fde958c1006c,2017-10-22
67d0c933fefa1c4ff65e800b8c8bf804,5fecda646005785f0338ead4ed426198,delivered,2017-01-26 18:04:03,2017-01-26 18:15:10,2017-01-30 18:16:10,2017-02-06 13:05:57,2017-03-06,9ad1506972e27cf782ac75246c5ee76e,2017-01-26
6fe0c69d1afecba53e06ec8c8b533dea,c52c1b2401857b019a8593b38ebf8e8c,delivered,2017-11-11 18:31:14,2017-11-14 04:26:54,2017-11-14 14:33:14,2017-11-30 23:47:06,2017-12-08,e6f39e0cd63b91fbae9cbb24ec7abb70,2017-11-11
fa0d5b3cb1f2221766145a60ba18ac64,fca009d3c1e93669776e17149081e0da,delivered,2017-12-30 20:00:08,2017-12-30 20:10:25,2018-01-03 17:15:11,2018-01-26 16:24:49,2018-01-31,3def78cb6595effacacd541252d8a9b0,2017-12-30
dba025e9db06809a86eb497cbdf12dca,cf352219936163a042aac91a52f507b7,delivered,2018-04-23 19:27:59,2018-04-24 17:16:24,2018-04-24 16:17:10,2018-04-27 17:58:51,2018-05-11,fa6ba6a7ed508e83b19a083d987a7d35,2018-04-23
f75af398a39ffa0d9488c740a4b259cb,5c4939501933003b9471f87a5c4b1404,delivered,2018-02-22 17:12:23,2018-02-23 17:40:19,2018-02-27 16:04:53,2018-03-14 22:21:37,2018-03-26,2a791088702b2842fed7ca1e30366441,2018-02-22
2de6a60c0b5386778d202e28d688553c,2177339c6c7841dd2233b686a3566bcc,delivered,2017-05-12 10:24:16,2017-05-12 10:35:17,2017-05-12 11:14:43,2017-05-16 16:53:38,2017-06-01,83136218344498d3a9ae689076ce859c,2017-05-12
2f39452424e1f94e150ebb634483439a,8277b184eef036b4b6643d665875006c,delivered,2018-03-19 10:34:49,2018-03-19 11:27:58,2018-03-19 23:24:40,2018-04-02 18:32:58,2018-04-10,c7a2f079b494284a5e0ff4c38411cccf,2018-03-19
911655697632aa4dc54e0cd37cc360a0,9c59f6c0745b8a50558adc3cac648018,delivered,2018-08-01 17:23:55,2018-08-01 17:35:11,2018-08-07 12:43:00,2018-08-09 17:58:37,2018-08-08,39970ad502d08af64974aa8a8379df75,2018-08-01
4019dc88e273c81a8e284257bb938f42,52272e973cc9f7e81b6527d4b780d720,delivered,2017-09-01 07:40:27,2017-09-01 07:50:29,2017-09-05 21:57:53,2017-09-12 19:33:31,2017-09-22,1bca2dddbccaa971e41ded5b7cde371c,2017-09-01
eaedbddc7cf568f1b667398781159118,ded2993a00761fa35d58d28befbfc0f8,delivered,2018-03-11 15:14:47,2018-03-12 14:15:41,2018-03-13 21:36:41,2018-03-26 23:32:42,2018-03-28,6ae21bf29ebde0014fcefc3155890ac6,2018-03-11
7d2c693e639aecc9ee75bd44d2d784a2,ae23994217f5ab1e6bbf62658e8df8f3,delivered,2017-11-26 22:51:17,2017-11-26 23:12:53,2017-11-28 12:27:18,2017-12-14 11:58:43,2017-12-18,5400b0a06a48df3eff9fb768b65297cb,2017-11-26
a69a00332a55da548ed98215f3f0a8a7,77a69d313ed6ac75d3bde85d588cb916,delivered,2017-06-23 14:53:39,2017-06-23 15:05:30,2017-06-26 12:37:56,2017-07-13 17:53:21,2017-07-28,ec21f63c4abcd42a848c24b0e33c4a6b,2017-06-23
9f8336f54e26b60f22aa66d469bcf6f4,9815f77b72f304d1872b10a857b2130d,delivered,2018-04-05 13:06:18,2018-04-05 13:29:07,2018-04-09 21:09:34,2018-04-10 22:52:16,2018-04-20,0610630dcd111596b141a6084faef3a3,2018-04-05
e0740375ce45558ac111af54a98325e8,70a6c2f433d5e8ea6e042c06e0589a5c,delivered,2018-04-07 20:48:13,2018-04-07 21:08:30,2018-04-09 21:34:33,2018-04-16 20:18:30,2018-05-02,d7c529d4135803d474f7704f9b93a5f8,2018-04-07
4682cd5d4e927965b48164b36492ce1d,bb3647c1adc147024cd7e98bcad63f71,delivered,2017-11-26 23:07:09,2017-11-28 23:10:55,2017-11-29 17:02:57,2017-12-13 01:03:17,2017-12-22,646eafef9bed5f141e7045a91eea9f28,2017-11-26
3970917d62089188ce154d4cf796babc,2c234c3a0b7d6c725d30c619f1c08b98,delivered,2017-11-28 10:45:08,2017-11-30 10:38:26,2017-12-01 17:47:56,2018-01-06 11:22:57,2017-12-20,9b6cc489e1c73e719d7af9b3f2bac4b4,2017-11-28
64950372e63fcd4b20cbbae2b34a487c,86a715bc70e5d0bd5c0e0f7c027f124d,delivered,2017-07-03 16:06:41,2017-07-04 04:45:09,2017-07-04 15:21:47,2017-07-18 17:04:30,2017-08-02,8d7d3dd45045323731351fabd2a1498d,2017-07-03
66ac12943c406c5706fea2ce7a74be9e,0732b96294c351963d5ea56db7f5a3f9,delivered,2017-02-09 14:08:20,2017-02-09 14:23:08,2017-02-10 08:36:52,2017-02-15 14:41:53,2017-03-10,ff3bcc94d97e257e7619a2161375cdfe,2017-02-09
1dbd4cdee432aa3ffded4c64c7b9d846,b6a93f3f5fac88882e4defc5502f6073,delivered,2017-12-15 21:36:08,2017-12-19 09:58:32,2017-12-22 22:03:25,2018-01-03 19:46:45,2018-01-15,d995138fcc545576eefe5b9eafb8412a,2017-12-15
73dc01fbf0b54cbf1e90c94c62679d8a,7e9747ad862b01f3bf33e9bad4cbf994,delivered,2018-01-10 18:42:59,2018-01-10 19:40:22,2018-01-12 12:09:45,2018-01-31 22:56:50,2018-02-06,69d2063cc402ea1402ec57c17d71ad57,2018-01-10
a439a8612081437ade41c9820aa46aa6,7091f759f7cc565b0c2f5456d416fbc7,delivered,2018-01-28 23:27:33,2018-01-28 23:35:25,2018-01-29 21:51:27,2018-02-14 18:27:31,2018-02-23,bb443fc9d79017dfcac871873ac069d1,2018-01-28
9f775377f0750b17db861c49f3bcc8d6,993e7665a6812825d712d7903b645acd,delivered,2018-05-21 13:12:43,2018-05-21 17:17:58,2018-05-22 13:55:00,2018-06-09 10:58:47,2018-06-11,49c2d9dcb3a109bd94d14454c6bef455,2018-05-21
f92433147728892c780115a18706574a,7079100fc287f33464e21f3bca1fb1f6,delivered,2018-04-27 11:43:43,2018-04-27 11:55:15,2018-04-30 11:55:00,2018-05-07 21:22:50,2018-05-21,12cc167149fedb3bb487f568d10840e6,2018-04-27
add9b8e58a85333ecd17897517ceda1b,592da19fd99a3565762a49b2103cbd26,delivered,2018-07-17 21:07:47,2018-07-17 21:21:46,2018-07-19 12:24:00,2018-07-26 22:05:02,2018-08-01,87fb84f6b2746de8c9de852bed945cac,2018-07-17
6442e3b05a42edab01b9e1d93da84bc1,b1f7c759ce97beb11041fe59515fa72b,delivered,2017-11-13 21:15:49,2017-11-13 21:30:27,2017-11-17 17:02:28,2017-11-22 17:42:17,2017-12-04,57d6274f966aa3f9bb83a455ad0a705d,2017-11-13
2591661e8952477c49e9efd03a319cfc,b6c593306a923aee9d3653c4f80b46d2,delivered,2018-05-02 21:36:54,2018-05-02 22:16:54,2018-05-03 10:50:00,2018-05-24 16:41:12,2018-05-23,54d35c533affe392726681beb0336930,2018-05-02
4ee4abefdd469c7756e296aca7f29361,e851ba3c0645a64dccdced98e9dd2d97,delivered,2018-08-01 16:54:08,2018-08-01 17:24:05,2018-08-03 12:27:00,2018-08-07 20:32:36,2018-08-20,1887c42c6365899216d2d380ffb013fc,2018-08-01
01cce1175ac3c4a450e3a0f856d02734,6ec610172716519f13781b3068dde24b,delivered,2018-07-19 20:32:57,2018-07-19 20:43:14,2018-07-20 08:23:00,2018-07-21 16:27:44,2018-08-06,07fe3cee40551d2377a917fb4f377714,2018-07-19
d43872a5beeeefe86421f622da91fb38,53ae95eef79b650cf1ac795329f617e4,delivered,2017-11-25 00:59:07,2017-11-27 00:56:19,2017-11-29 16:02:55,2017-12-04 18:04:09,2017-12-19,e73ccd01efa72e05476abdfa25f36208,2017-11-25
cc460ac4435835dfdda5526dfe84f01f,99a32bf8f0c54702217b584a4d220761,delivered,2017-04-25 10:10:12,2017-04-27 10:32:44,2017-04-26 09:16:59,2017-04-27 22:23:09,2017-05-12,1603fe1e712d0e17f148f6b8b106c737,2017-04-25
61e0716d18d338f3eba2c3071e982f18,18517a7be2a127446eb1764eb18ce27c,delivered,2018-07-24 09:19:20,2018-07-24 11:41:13,2018-07-25 14:06:00,2018-08-01 13:48:35,2018-08-13,ce28a3a5732502e9e5d377f54cf9ddb8,2018-07-24
1dcb629bf4ae95dddc7ec77ff8fcdd4a,dd20dff57e18e1c1fbff44235906d1e2,delivered,2018-01-30 11:17:47,2018-02-04 23:31:46,2018-01-31 18:04:50,2018-02-15 18:22:41,2018-02-21,dee692c393217d7e5255652effaab590,2018-01-30
c79555a2c34c70b237857d6d9850734d,ed49ce3fe464fd5e4f309df84d5911d6,delivered,2018-05-14 14:54:25,2018-05-14 15:17:28,2018-05-15 15:36:00,2018-05-21 19:55:25,2018-05-28,52b431a6818701cb82a3c1d048dd9ce7,2018-05-14
5cb7883ae621115f6c404bca4c9e97fa,ad12353ac8bc97c62829dbd1a0baa24e,delivered,2018-03-19 14:08:49,2018-03-19 14:29:30,2018-03-23 16:18:40,2018-04-03 15:09:00,2018-04-19,d676376ab8f82dbd630410cebf3165bc,2018-03-19
0661cdf16c55936467e8d8c561e50730,38bb17584178abe8b36778530f75d810,delivered,2018-08-12 10:49:23,2018-08-12 11:04:22,2018-08-23 14:51:00,2018-08-25 17:18:00,2018-08-27,0d56e56eb140588ff89b9f227011a222,2018-08-12
6235837e6ca53e3b4b48b50a91fc04f5,4bf42d9c53f4b35a0443a8fecb6c707d,delivered,2017-11-10 20:43:53,2017-11-10 20:55:50,2017-11-14 21:41:51,2017-11-17 18:23:38,2017-11-27,998ec6e079e1b08aabf6c61c7ec10db4,2017-11-10
131d8d336159b7912c323b1dcf578525,83ca40b2b7a4bf6497b9de9ffcdb5e23,delivered,2018-05-23 21:01:16,2018-05-23 21:15:09,2018-05-24 14:36:00,2018-06-04 16:25:52,2018-06-18,fabb3f467ac63f0cc4e180b0722ac757,2018-05-23
faee84a4283f8d770ea390010415ad05,33aa91edcf7c42a51f4c56d15586bfde,delivered,2017-03-26 17:08:35,2017-03-26 17:22:23,2017-03-27 08:22:36,2017-04-03 14:40:07,2017-04-18,cb36d0f12c99d07935b706269045f613,2017-03-26
df172721d81e6135d97fc547f2bf7666,76bdb58cf8cc2210c81ad6d464e99178,delivered,2017-06-13 13:59:13,2017-06-13 14:25:27,2017-06-16 14:26:03,2017-06-26 15:24:49,2017-07-07,694b16af41d146dc2b70c668a80dc16a,2017-06-13
22d62716773a7a0f7e8f98b15087ae22,dbdbb27ba991f2961a775386820753c5,delivered,2017-03-23 16:28:26,2017-03-25 02:34:20,2017-03-29 11:44:03,2017-04-06 09:20:29,2017-05-02,e71171eeade6817934b029b90aa075a1,2017-03-23
9a267a9c566371013783da527ac4038b,8faefbd9577c6e0d1c2fe07909bab20d,delivered,2017-08-16 17:13:23,2017-08-18 02:25:59,2017-08-23 21:16:37,2017-09-01 14:04:10,2017-09-19,e0e0944c312d5945504874411a6a5f3f,2017-08-16
b87629f535e915b6f1e1853f764750c5,58a3dd1d3e66c3d3331eb095a93876a5,delivered,2017-05-16 13:42:51,2017-05-17 13:50:13,2017-05-18 16:16:49,2017-05-22 11:11:46,2017-05-31,031ea691b99fc101dcad357d1a83573f,2017-05-16
36909b609792791f7f50d7cff2b5a0d6,cf86162c67e8a54516ba2c9031c96523,delivered,2017-09-03 09:52:30,2017-09-04 10:04:57,2017-09-06 20:22:33,2017-09-08 19:43:29,2017-09-18,006031108b00e5f73b2426a50b50f9c0,2017-09-03
725d9a21b91d5ee08aaa56ef88058147,69fd156e8839ec0da2efc934dfb1f7fd,delivered,2017-06-26 16:37:01,2017-06-27 06:43:44,2017-06-27 13:19:44,2017-07-10 17:08:04,2017-08-01,7567734ab2f1e04aa9e315fe67ccd29a,2017-06-26
5dce18dea2c3c74b35fa3baadf7a24e5,91073b46719d2d11b2f3a2cc46409bea,delivered,2017-08-17 14:13:37,2017-08-17 14:45:18,2017-08-22 17:34:13,2017-08-29 19:54:58,2017-09-11,06a658203d4a7e5a4d8542dd075ce402,2017-08-17
58ad53486aa4d662036281295465d755,af35c1eb9f66ae71152e988e0f1bdae8,delivered,2017-08-08 22:14:54,2017-08-08 22:30:19,2017-08-10 16:40:11,2017-08-15 19:41:24,2017-08-30,bb1d9cb6005629522055ccce642cfc73,2017-08-08
cd919470d4038db47af0ae7904777f68,520552b6d92c9877460cf4d6d15a5cfb,delivered,2018-07-05 16:05:10,2018-07-05 16:35:53,2018-07-06 11:01:00,2018-07-12 20:51:11,2018-07-31,7445aa84723ec33360ff1817dc12651c,2018-07-05
777aac5964392ae95f14c26335781b97,c58ba0d44e7889a11b721ada88ebdc93,delivered,2018-05-21 01:34:10,2018-05-22 08:56:50,2018-05-22 14:24:00,2018-05-29 12:38:44,2018-06-18,381d452d45dbd7fe862eef3c4438d972,2018-05-21
e1f61651871c0898a323bbbd154555c0,a7ec6db9038cc1585dd5851ac3e1f7b1,delivered,2018-08-21 21:06:06,2018-08-21 21:24:15,2018-08-22 15:57:00,2018-08-24 23:07:41,2018-08-27,46298e3a5aebca6fd516a2a13401c0cd,2018-08-21
b455f4f7dbd2dec94ffdc1acac234288,4e95488070c3aed52ad125d029817938,delivered,2017-12-18 14:03:39,2017-12-20 06:57:34,2017-12-20 19:22:14,2017-12-23 16:09:37,2018-01-19,7d2625e87726e734415fa5a81d08dc60,2017-12-18
28a0a966e6d2214f62b0332d9ed35f5d,8afc445babe482e211f399adcdf5c516,delivered,2018-02-20 22:17:52,2018-02-20 22:30:29,2018-02-26 11:37:11,2018-03-17 17:49:25,2018-03-19,a5fe71d429b6051f610823c6380d82c7,2018-02-20
4fe900d6fa9492ee36b17a34cef5d7ad,a03826b12390e0e13d71e2b420537298,delivered,2018-05-07 18:04:13,2018-05-07 18:34:50,2018-05-08 15:18:00,2018-05-14 15:56:46,2018-05-21,7455b590c7515f6660d00332f6935f48,2018-05-07
fb3d9e762ad9fb92971864a84c619fec,55497a8f92fba80515d30d6f1b4eb9d8,delivered,2018-07-03 14:55:43,2018-07-05 16:32:38,2018-07-03 15:16:00,2018-07-06 20:03:28,2018-07-25,47463eb4bfb39cf92bfdb49ec033aa08,2018-07-03
b9d8d7815861b6e51ca61f3f81d5b9f1,fc58055f86fdea1a882309fb662b8b90,delivered,2017-09-03 18:12:38,2017-09-03 18:35:24,2017-09-05 18:29:49,2017-09-11 18:08:03,2017-09-28,51d8d985d769925b981b4a34ddf6dfc6,2017-09-03
c5055a14ef142f940515d5ab43e52160,963ffbb3cdca13d6287de7a537cbe775,delivered,2018-02-06 20:34:55,2018-02-06 20:51:01,2018-02-08 23:15:13,2018-02-23 00:04:56,2018-03-07,04cdbdb2d76326bd8885a3c9bd3724c2,2018-02-06
0a90490b9aa5527b4f3497a6f3c725ee,e1d80b4400ee81764ffd2bb6344cbe99,delivered,2018-05-12 20:02:29,2018-05-12 20:10:25,2018-05-14 15:45:00,2018-05-23 13:14:36,2018-06-07,d43d8070c7681ecb6d6915c00bd16e77,2018-05-12
1905071c46575209972c8c3e9e8d2ee8,3271c91ee3873786dc0a28df6b56702c,delivered,2018-06-26 22:12:43,2018-06-26 22:47:45,2018-06-28 14:07:00,2018-07-02 19:34:51,2018-07-19,8d5835c6c7ff82c05b5898aac09b9f0e,2018-06-26
1bfcd078cbb68e01d2ba1f6d35420f94,2822a34d0c3c77c47b7a1716ecd4d408,delivered,2018-03-21 08:49:22,2018-03-21 09:08:08,2018-03-26 19:41:02,2018-04-05 19:44:23,2018-04-18,287eb6465371d57bdd8ec9a14b31c81b,2018-03-21
e0dbf52e0c78f9be2caeaa5d799a83ea,b7c4a65c2ef2735dffd17b8c44a9e685,delivered,2018-05-21 10:32:52,2018-05-24 17:35:37,2018-05-22 14:33:00,2018-06-01 17:25:46,2018-06-08,58860304f7ac687337b72cd9c546424d,2018-05-21
58e1a22619f23efd803e43cc8c65908e,82542527cac8f163e3cd0eda2870d99c,delivered,2018-03-27 21:27:40,2018-03-27 21:46:44,2018-03-28 19:59:50,2018-04-06 00:52:01,2018-04-17,1d8653fe65c9a23be3253690dd79e3ea,2018-03-27
8883dd20e652369652c1abd7a411788f,65691ce6d0d99e673bd133ade0ec2362,delivered,2018-08-14 14:24:51,2018-08-20 14:36:32,2018-08-17 14:44:00,2018-08-20 17:37:56,2018-08-23,0d06c568cb6aed2fe073b15406b4bb6e,2018-08-14
1ea9316ca3e32cfa3173f812c09245aa,24d1fd24689e077e252a599971124f21,delivered,2017-11-19 15:40:45,2017-11-19 15:50:42,2017-11-22 20:06:30,2017-12-01 23:48:41,2017-12-15,5e4fcf96ef275532e217c2cf8e1ac234,2017-11-19
77b1fb852c170c3b7facfaf20083061c,73f695b5e2ec671e79306d07c79dfe6a,delivered,2018-06-15 12:52:13,2018-06-15 15:02:55,2018-06-19 09:48:00,2018-06-25 23:03:49,2018-07-16,ed27161306060fa246a341e1dd2b1742,2018-06-15
0af2dfad3d581894c3b6e266461802c3,692cd0d7d32b4c9824235b5f3f03f68f,delivered,2018-04-18 22:54:30,2018-04-18 23:11:13,2018-04-20 23:05:31,2018-04-23 21:08:46,2018-05-07,e334cd61ef661e8433a447ce67e5c40e,2018-04-18
d1d4d25a699e5209dbea9ab56e4379eb,27d097fac4c1370ab0230c4343846d6f,delivered,2018-04-27 19:27:17,2018-04-27 19:52:04,2018-04-30 15:09:00,2018-05-09 19:41:54,2018-06-07,5bf7e4023dc44c2d8a70a12a2f3e0f1d,2018-04-27
6334bc047d9d52c079c55aa36e1ea593,0ac3d2e75de7f6c5c7db97c7ff7bda95,delivered,2018-06-23 18:59:11,2018-06-23 19:16:16,2018-06-25 12:29:00,2018-07-03 07:04:21,2018-07-25,9773ce099955abc0b97ed596b01e5e1f,2018-06-23
037578a0b32fa190a1fe9f1de5fd3f30,66d451e8b96fc3b1c1c6aba4e5cdf6e7,delivered,2018-04-18 14:01:20,2018-04-18 14:15:28,2018-04-18 22:51:44,2018-05-14 16:44:43,2018-05-14,808d9dcd8a4a433f61e54ac54d8e275d,2018-04-18
999c69ed49960e4595e36a9ab7413332,efe7223c61aefb57948d1a7d8d53f5f7,delivered,2018-07-27 17:46:47,2018-07-27 18:04:16,2018-07-30 10:08:00,2018-08-04 18:31:59,2018-08-14,73671e3655d8ff8fe543826f6f883999,2018-07-27
40aeee6b37546436d467e37ce3e58f6a,d9bb49d24408994b2a3b7728b271ed12,delivered,2017-12-03 19:52:57,2017-12-05 04:12:15,2017-12-06 23:37:32,2017-12-11 20:27:44,2018-01-03,77af37be174597cb532a499351dec559,2017-12-03
b024fdd2d489610af375a0ae22124264,5e05e1280df37ecd4d1d46e63c720a36,delivered,2018-03-24 18:01:37,2018-03-24 18:15:24,2018-03-28 20:44:38,2018-04-21 01:40:26,2018-04-19,bf664c530599b952bc4e98eb9b742fab,2018-03-24
bc6c23697db04d6dad824fad9a547d7a,5873294c345e69097a4eb7473e823bb4,delivered,2017-12-19 13:50:02,2017-12-19 14:32:13,2017-12-20 21:35:29,2017-12-26 13:03:57,2018-01-12,310dd700f80ee0f4d147b1dccaf4da2b,2017-12-19
7b8587ddf04c07065740340e4753a9b4,b108e7f3d9d18d84b3eef998d5989a85,delivered,2018-06-08 18:13:40,2018-06-08 20:57:39,2018-06-11 15:26:00,2018-06-15 23:08:31,2018-06-20,5ee6dc164853d6c75de7176ad1082a8b,2018-06-08
45e64bfe511bd5e24d56e200e29631b7,3623d890daeaa98627c13355885d1a88,delivered,2018-07-16 17:55:41,2018-07-17 06:41:02,2018-07-23 15:08:00,2018-07-27 19:41:47,2018-08-07,a24d643d3995860419ac5afe5194c2ec,2018-07-16
4ea517483bf1d3580730f6042334d158,5f91bcc2059ea3621ae1e319a74f90c8,delivered,2017-08-29 22:26:30,2017-08-29 22:44:58,2017-08-30 20:35:27,2017-09-04 17:51:45,2017-09-21,aabfe4bed1559f2d0db606df41c670e5,2017-08-29
9ce8430d551b7b0e371800e7a6ebb991,b58b3d9d423d0ad21eee245dbfcfe3e3,delivered,2017-05-30 18:06:44,2017-05-30 18:22:52,2017-05-31 09:23:01,2017-06-19 20:32:30,2017-06-22,8717dde36f43e22153824349e677949b,2017-05-30
36a179cea5792575e6b9682f13e44287,5e74f2276d4494b40c013f43a6584339,delivered,2017-07-16 10:35:24,2017-07-18 06:15:35,2017-07-20 16:59:57,2017-09-19 15:54:40,2017-08-16,2c4b83b330a4790cac8c8de1256073c8,2017-07-16
b472ba33291af9b8892f1dec53432f46,b78fa8c3849abd29431497bfa261451a,delivered,2018-03-22 08:49:51,2018-03-22 09:08:54,2018-03-23 04:16:51,2018-03-23 13:42:40,2018-04-04,88cbb8f53ff515e53afbd96f31646d23,2018-03-22
a682884fc7e0c219845271d055f93a74,29a113d4655284e39b6d8f2a8badb1e4,delivered,2017-09-27 12:34:37,2017-09-28 03:05:21,2017-09-29 13:32:47,2017-10-09 20:35:16,2017-10-24,29a81bb949f3b3e256d561132d4a21ba,2017-09-27
d493b5c44e863b686314d9f5b6086c82,864ea4e13482b7fb6729e096f7abe17c,shipped,2017-04-10 23:47:49,2017-04-11 01:05:19,2017-04-11 12:59:05,,2017-05-12,f705fc114ce19214ce8d0240ffbb3ae7,2017-04-10
b892363712f6b1e323ab40749a9531bb,d55023a644392a6e51f8b824538c54a5,delivered,2018-04-18 00:25:00,2018-04-19 02:32:39,2018-04-23 15:36:57,2018-04-24 15:51:44,2018-05-03,f86401d5c7601b37319ee72423d25e92,2018-04-18
41f25580214be3f00eb80620ca971032,c15ad00cbb1c74bb39f6995151f8e883,delivered,2017-01-31 21:57:33,2017-01-31 22:15:08,2017-02-03 14:21:30,2017-02-08 14:47:42,2017-03-09,aa0a11e7851a7e8c0a9139633fda2d19,2017-01-31
d7b464f6f1a31734fefea7eb6e9a9908,5a3bb993a582c8d3042cde231649578a,delivered,2018-07-22 17:47:27,2018-07-23 12:32:17,2018-07-25 16:23:00,2018-07-26 16:21:16,2018-07-31,98e3117841a2431959d17808f04bf23c,2018-07-22
81de4cea89271debbf743e54771fc5b6,a15d04d6533eb5ce7acfff6b2af9aecf,delivered,2017-06-20 13:05:32,2017-06-20 13:23:40,2017-06-20 15:21:13,2017-06-26 13:49:51,2017-07-10,712c585efd882e98a6380f37d040ad4c,2017-06-20
3522f6da18c89c3dfc0ddb540afac391,e8af75d51a3972af7ed977ad4855aad6,delivered,2017-06-28 11:55:21,2017-06-29 02:44:06,2017-06-30 16:12:37,2017-07-27 21:51:47,2017-08-01,81b0b6df10f580b989b1d6f11c0c958e,2017-06-28
c3dcabeec7fe9ac4201e8b9d04cf64f1,a491b8f543276e069f786d6b35cd68b4,delivered,2018-02-04 20:33:50,2018-02-04 20:51:21,2018-02-06 23:04:41,2018-02-26 21:39:27,2018-03-13,221ae88140600106a982acb69a0add50,2018-02-04
fc9ba70734085a86473b191412439627,2805447663b020f9856bf71f181193ac,delivered,2017-07-10 23:13:44,2017-07-10 23:25:09,2017-07-13 12:10:10,2017-07-26 13:12:53,2017-08-03,47f30938ac911d5eed1347c6ea4afd5b,2017-07-10
9c782cb7854e5dfa91927cfca8949eb8,9cedc9b5217be6c8cb89e73ce5390c1e,delivered,2017-07-10 11:26:19,2017-07-10 11:35:22,2017-07-12 20:40:54,2017-07-18 18:29:36,2017-08-08,f324449067166ef57fea2d94d4cab768,2017-07-10
b754544502994cb984cfa4d780d4862d,0930cfefb0839652ae7700c489a44e15,delivered,2018-01-23 13:56:53,2018-01-23 14:16:54,2018-01-24 14:22:42,2018-02-09 19:34:13,2018-03-01,d2c290c3a3e36f67ccbadbfed6e222c6,2018-01-23
bceb7ee558b90b3b5fe8965cc787d374,536d61bbf99f64bf8d8905afa8ba5ec8,delivered,2018-05-14 22:58:40,2018-05-14 23:17:47,2018-05-15 14:28:00,2018-05-25 20:49:45,2018-06-06,c1a7eb657136e9cc386917b6e6eb3ebc,2018-05-14
36d154da5add4de0e1459448ce52a288,adb7bdc88f764de1e9ef8a7c5cf8e726,delivered,2018-04-11 22:09:13,2018-04-11 22:30:48,2018-04-13 18:26:32,2018-04-18 15:08:40,2018-05-09,242e2b17dc45857f04f787e6bbc9cd0c,2018-04-11
216989f6666b80d7bc876ac4b2dd5458,0f2ca4b01fe28974bdd279adab53acdd,delivered,2018-05-23 14:43:33,2018-05-23 14:55:25,2018-05-23 17:20:00,2018-06-06 19:38:54,2018-06-20,9e820807acc76b495c519f8034b74edc,2018-05-23
0eecdb1fbe19ef8211af5679e87bf300,d714b12da7a2ffa8434dfdcc7e878ae2,delivered,2017-06-19 21:14:33,2017-06-19 21:25:17,2017-06-21 20:54:42,2017-06-26 17:07:47,2017-07-07,fe2df9ef010225a84dd737f18f82a21e,2017-06-19
c4993abaceb6176663e5f493a418cf28,912173a60efb484a69a6d647c4a3f98c,delivered,2017-07-12 14:32:39,2017-07-12 14:45:19,2017-07-12 18:49:48,2017-07-31 21:52:18,2017-08-11,3c526c44e3fe65c58d4837aa44aae0ef,2017-07-12
92a8bbc7ce477331df10e39cc3ac8b43,0a1127a5879366e0555a171030b885a6,delivered,2017-08-19 17:06:53,2017-08-19 17:24:27,2017-08-23 12:16:01,2017-08-30 11:16:35,2017-09-11,ded24619533c8eb2c88e4613658ed9ce,2017-08-19
e1f88babb53e94b0c3fba094e84fd266,362f8e76d9363b1ce8b8a7a0d207fe73,delivered,2017-08-23 13:35:11,2017-08-24 03:05:33,2017-08-24 12:26:28,2017-08-30 19:32:04,2017-09-15,87091a58c73860f50bee22ccbf04ff3d,2017-08-23
c0e656a46d86c1957d0784b00f9a7241,fea82ef9a2e8e9b615df38f6b77885af,delivered,2017-08-21 14:27:44,2017-08-23 02:46:50,2017-08-23 18:31:41,2017-08-25 12:20:47,2017-09-11,1c0f4fa4a215c3de40cadc66f35391e9,2017-08-21
55d76e2bc7b3498fe523bbde2656fbb5,b9b524af9d8c8ff2cf4a4a5ed792f267,delivered,2017-03-28 22:42:18,2017-03-28 22:55:18,2017-03-30 17:12:41,2017-04-03 11:52:45,2017-04-20,c81165a659fedbfa8ed0d5c7e0342f40,2017-03-28
bd8de0e9e67e7b99e86ed5f18b600577,36733e721b2267dc344e04501626cac1,delivered,2018-02-16 16:59:19,2018-02-16 17:10:51,2018-02-19 18:19:01,2018-03-11 17:28:54,2018-03-15,aa402cbefcc7104506926e5a3567b2f4,2018-02-16
723db1939d651ba15a49cbd180680b62,8ff0b4ff2d23f16dc616451a1094b487,delivered,2017-05-20 10:20:37,2017-05-20 11:00:05,2017-05-24 14:04:09,2017-06-08 13:43:53,2017-06-13,88711784f0a37818c261523d161ab240,2017-05-20
956057c9959fe111349c59bf929f5c7b,109425d115ed297d8077ab9f5d45c8b1,delivered,2017-11-05 11:29:33,2017-11-05 11:46:07,2017-11-08 19:17:07,2017-11-14 23:26:32,2017-12-06,128cf57442889ee76a3d51908f735c79,2017-11-05
d3eb5011f10dfdf72c225f0c2030cc3f,ac4cb63346f3672eaede3a522715892e,delivered,2018-01-06 17:14:01,2018-01-09 07:25:37,2018-01-09 16:25:55,2018-01-12 20:46:49,2018-01-31,8cfb1c96b30bee61254d765fbc8d737a,2018-01-06
502d7a6ef832644f5208f0af59e4c5bb,402ca03ce492f1c7c5df7185b4599738,delivered,2017-03-25 19:29:39,2017-03-25 19:42:06,2017-03-29 12:48:37,2017-04-06 14:14:04,2017-04-18,3eaa8bf1a8e95aa797a036c3369a12ff,2017-03-25
dcf7ef0799c6be6d3c89ea5083017e62,4c61642c211920a371e75c7673c6b6f1,delivered,2018-04-11 11:47:35,2018-04-11 12:10:24,2018-04-12 14:35:32,2018-04-16 20:26:28,2018-04-27,6fa88290495608aab815b729df020694,2018-04-11
f0ec139085d460fe9fca9c92c1690522,84979a910a67ffcb679d3b3472a770ad,delivered,2017-10-21 15:04:25,2017-10-21 15:14:37,2017-10-23 17:19:09,2017-10-24 20:13:40,2017-11-03,715062b0ca8912c14fa6fbc0b614a0fa,2017-10-21
5ba66b05da23d680e9f6ab20a3ae5bc6,71b111f79977b3cd95efdaf500950336,delivered,2018-05-20 18:31:14,2018-05-20 18:58:54,2018-05-22 15:25:00,2018-05-24 14:32:46,2018-06-04,cc821d55fa88e77fa20fa2de3ef110a5,2018-05-20
8d00e06d3fa925f408fd286f9805a765,e3760886106b30a851372af1aded2408,delivered,2018-02-20 16:46:08,2018-02-20 17:10:34,2018-02-23 23:33:49,2018-03-02 00:03:38,2018-03-12,65449bbaa95acbd1504811a1eda66818,2018-02-20
bb25059436e00953081ab3e7429fc03a,51d425ccfcd044e9cfeb91adfeeaa7c6,delivered,2017-03-01 15:08:28,2017-03-01 15:15:23,2017-03-03 03:49:03,2017-03-10 03:47:44,2017-03-21,506c5701ab4b3dd6deb38db10f66f03d,2017-03-01
24ac7fc612c1995049d602089ed733fe,fa532d6efa18c58f116c788f937d0b7e,delivered,2018-08-03 12:40:13,2018-08-04 09:05:11,2018-08-07 08:15:00,2018-08-14 23:48:29,2018-08-20,7b03054b90e1c46360273803ece62706,2018-08-03
212a9a21eb87489a105ca0a2aa67b72a,e816349bfa582911e9de876d67c591b9,delivered,2017-11-24 12:02:04,2017-11-25 04:30:54,2017-11-27 21:49:08,2017-12-06 15:43:23,2017-12-28,412fa5a4e8acc113e086921f49f14d51,2017-11-24
6638eba9b5e3a5a8342e07e8f2d32637,5cf08d803520cf26311efcfc01cc5c82,delivered,2018-07-20 00:48:14,2018-07-20 01:03:08,2018-07-24 08:30:00,2018-08-14 21:39:09,2018-08-08,d4b356ab08407f5d51f04f13071b43cd,2018-07-20
c32e3ab33d96cb52eb3981e6dfc3f9c4,ae4ce56d6cf0cc20acdec883eb6d62ea,delivered,2018-05-12 13:15:50,2018-05-12 13:32:09,2018-05-14 13:57:00,2018-05-23 14:06:51,2018-06-07,2ca146afdc417229cb341acc762228af,2018-05-12
44788f829ebc0b5b1087279d261ca20a,d42c529859ae5df50882bcab138a2d6f,delivered,2018-03-07 16:53:34,2018-03-08 15:21:52,2018-03-09 00:28:23,2018-03-16 00:22:31,2018-03-19,2c99c467102be6c281308ee4145914a2,2018-03-07
bcd5c88a0445f3748d4118b587d4cabb,85675f367b34dac25df491a4ba9b0b03,delivered,2018-06-21 00:22:02,2018-06-21 01:17:18,2018-07-04 15:19:00,2018-07-09 22:51:19,2018-07-31,4f1f1fa0165384772dc1a0b2718576f8,2018-06-21
9efb0094f22b22cd206bf68dc306f1f2,f06c239f54f0eada75efde2a030140b8,delivered,2017-09-01 14:43:58,2017-09-01 14:55:17,2017-09-04 20:25:55,2017-09-13 18:20:06,2017-09-25,1bbcfebbab94eba0a684d92119714f6d,2017-09-01
66eb8c748be99c3107d318f370cd9aa2,72f4681642ad6cbcfcb011920336f1d7,delivered,2018-04-18 23:24:27,2018-04-18 23:35:09,2018-04-19 18:26:44,2018-04-26 18:07:24,2018-05-11,e03d7002d4845a2d2e38d8b89305bb0f,2018-04-18
9d6f552c9b731d52bb9c9b6051ddf5a2,28d65a634bc74f4f8b823cf8dd5e8b34,delivered,2017-01-27 12:54:59,2017-01-31 04:36:08,2017-01-31 17:12:07,2017-02-13 14:44:08,2017-03-21,c9a46f6978294b1095dffd3f228bea68,2017-01-27
ac58bda50dfac642d4f72dbf95a1c179,dadfaecf6c09eda0dcbe4e61de02f4fe,delivered,2017-09-17 22:57:10,2017-09-17 23:07:17,2017-09-19 13:33:27,2017-09-26 20:32:51,2017-10-19,7588c20c457369de8caad958afc1cc06,2017-09-17
372eae5bd782b2b5d308bb2d2f5e49af,241cc8ee1a6183e010f2ae29bf8a8dc0,delivered,2017-11-24 15:04:31,2017-11-24 17:19:56,2017-11-27 17:42:13,2017-12-12 17:38:29,2017-12-19,47962902c0a66b18930e5a42bc132306,2017-11-24
127f9a529b28fc93cac5f4084c3e51cd,2a53f3199fcee03f03574df11017c720,delivered,2018-02-25 09:16:50,2018-02-27 04:30:55,2018-02-27 16:10:14,2018-03-05 19:23:32,2018-03-21,8ee0c2817eb10422ec6c436e4d7add6b,2018-02-25
46221a9cc394119ee2251ed0351173d9,4658dfc795b76b5bd5472d0528eb3d19,delivered,2018-02-01 11:52:17,2018-02-01 12:15:38,2018-02-05 13:18:54,2018-02-15 21:33:40,2018-02-23,0296a671e6107db6871fcb8ab6330e48,2018-02-01
94f039fd9c674f33650e01915dd3dd43,7be7ac0cd4778f818f1bf044ba846f7d,delivered,2018-03-30 17:11:07,2018-04-03 05:27:54,2018-04-04 21:58:24,2018-04-25 21:54:52,2018-04-27,cf45b6e21666d552a6dcf564c42da8a7,2018-03-30
66b6c9de0e92006f30f97b90313ad624,2b7a772469a92a3676ba4069496c4b67,delivered,2017-10-17 11:19:07,2017-10-18 10:50:04,2017-10-19 17:54:44,2017-11-13 20:24:39,2017-11-14,2a36404701b15c414647a2ec2102baba,2017-10-17
a2a1ed735f0637ffdecf88eefa01399d,703a839a6717be196b82ad74d103c42b,delivered,2018-07-18 10:00:40,2018-07-18 10:10:17,2018-07-20 09:08:00,2018-07-24 18:38:23,2018-08-07,3980979abd3a558d29ffbc27ab931f40,2018-07-18
e1a052031a62fc3bc7f2bf2d15241785,94f65a6b64e024c2149d2eba4386c577,delivered,2018-01-11 17:07:57,2018-01-11 17:31:57,2018-01-12 20:22:03,2018-01-19 19:46:27,2018-02-05,cbf07ee44904ae395525f61531440868,2018-01-11
415056cb7470ad427166fe14005a772a,598b8b0e223d238b639c7bcfa7fb6ca1,delivered,2018-05-03 16:02:17,2018-05-03 16:16:54,2018-05-07 14:57:00,2018-05-14 19:08:44,2018-05-28,47544c4d42f988172faedb4b05231671,2018-05-03
b5729b91377f445769c8fc2d063e6235,02822ed21b96d3da2f2b7acad6b0d9e0,delivered,2017-08-09 15:42:26,2017-08-09 16:04:02,2017-08-10 21:22:30,2017-08-17 22:15:50,2017-08-31,efaa0b80003d61de4b33e5e69689ab3b,2017-08-09
024b3b6b53b99a1eb8b9b34515106765,52ec7c76aecc393c0db44c9bbcc4aa68,delivered,2018-01-23 21:33:51,2018-01-23 21:59:28,2018-01-26 21:09:31,2018-02-02 22:59:09,2018-02-16,4df2f8ce1d98a38ead24358c74cec8a3,2018-01-23
500a19c31220931934fc4d5bacf15fb9,39c0ecfcc976cd2085fc8733a339c498,delivered,2018-01-04 22:23:09,2018-01-04 22:35:23,2018-01-09 19:27:05,2018-01-19 01:59:33,2018-02-02,e5c7858cfb7683c13e12059cee84c8d1,2018-01-04
e98fdad1f9ba500a9aecfaa90e1662cd,8d1a470daff90baa6e47ec71e31f140a,delivered,2018-01-03 16:56:47,2018-01-03 17:26:56,2018-01-25 15:22:39,2018-01-30 22:34:04,2018-03-08,a954d989f268b18a098b7bc8dda45605,2018-01-03
8065dba483ac5b6fb4e77317735d87a1,76da4fe74fdc548bf5e2840fac940130,delivered,2018-04-09 21:04:43,2018-04-09 23:30:10,2018-04-10 19:19:06,2018-04-18 01:24:54,2018-05-15,d01c0729c331d869c92a3f89b859a77d,2018-04-09
f32c0e06190ba6756bf5532cae9f07c1,3f582c70a36c90e4f9147b5bb3d80f43,delivered,2018-04-20 16:08:56,2018-04-24 19:06:28,2018-04-23 09:57:00,2018-04-30 20:38:51,2018-05-16,19d6ff2eceeedeab84c331edfb781a3a,2018-04-20
9d6467a1178784a5748e266e3425c170,8fda58f1e825efd45641ed85581f7d8b,delivered,2018-04-18 11:16:54,2018-04-19 02:15:17,2018-04-19 19:46:57,2018-04-23 17:17:26,2018-05-11,cbc8cdd177ca382f628067cee8107104,2018-04-18
91da0c6e7a09dfed94e7cdd19982467b,9e25c2614a1e0b50eb10b26f224695ac,delivered,2017-04-26 11:26:04,2017-04-27 13:10:46,2017-04-28 15:44:24,2017-05-08 10:05:43,2017-05-15,03a31fb0bb19aa17e33049b1961e2aef,2017-04-26
da60efb422f7790ed513535dc8b72172,c538524ca29f78ef7fb60da9799f3013,delivered,2017-10-09 07:55:55,2017-10-10 03:27:00,2017-10-10 14:57:54,2017-10-23 23:31:46,2017-11-06,1ce0aadb438948b73dde1d128cdb9588,2017-10-09
2ff205d5135b1c7763c6561d2643df51,d3b8c571c1ae50697f890412fe925ccb,unavailable,2017-03-23 19:21:05,2017-03-24 02:44:22,,,2017-04-28,027b5658f8a94a67c3d037047ca849c5,2017-03-23
f8bd3f2000c28c5342fedeb5e50f2e75,8df587ce8a11ee97b3de9ef3405245c2,delivered,2017-12-10 18:44:23,2017-12-12 03:59:36,2017-12-12 18:05:41,2017-12-14 22:04:30,2017-12-29,c3793040f54f0f511e5bcaa8937d0b0a,2017-12-10
4bc45b40b7495543f90c2cfb8c409035,86911781ab615c91b809029803289020,delivered,2017-11-25 01:00:22,2017-11-28 02:58:23,2017-11-28 16:37:58,2017-12-07 18:19:01,2017-12-18,21d79f33f0f89549bfa6ca9cb4e9a200,2017-11-25
50277adbf19aeba5171ee9cfcb9998a5,7493c2fb6b1c4db70d66173a44ff1ef6,delivered,2017-06-11 15:58:16,2017-06-11 16:10:12,2017-06-19 11:09:59,2017-06-19 18:43:00,2017-06-26,8f42b5265366c2d072cd4adc52c87f3b,2017-06-11
be449a37a242b89d7c027246275dc0f9,ae32169ba42b71cae81b26a243c88254,delivered,2017-12-29 22:17:42,2018-01-02 12:29:24,2018-01-04 20:28:35,2018-01-18 16:53:07,2018-01-30,3bd9e0cb53a95db314b55aa82f814502,2017-12-29
377ce1ed905bc4755cc1204e3712fe21,d0a3d9b5e00f5c0d77be4ffd9c3b32a6,delivered,2018-03-31 20:10:17,2018-03-31 20:27:53,2018-04-03 16:42:33,2018-04-26 19:11:12,2018-04-23,33d408e0412219104eaa833d3326fadf,2018-03-31
0aa9e8581362267ddb91df2f3a64f811,c11a2942b74c892bc0f7511479d680fa,delivered,2018-03-26 17:00:06,2018-03-26 17:10:19,2018-03-27 20:58:27,2018-04-02 21:48:54,2018-04-18,6b8a8a9edc32adca4c3fccf9ebcd664d,2018-03-26
ad7bbcbf26e12680c3f6a5f273235f11,e76a54bc0d393fd9e7d558e9f981e426,delivered,2017-03-31 16:21:58,2017-03-31 16:35:17,2017-04-03 12:38:08,2017-04-10 15:32:48,2017-05-02,97d80b89a88e9d7a2ac69d164a5ed65e,2017-03-31
3a6c27f9d9f17facdd07d9d8a275dd15,f6829852d6fce28aeee943748b3ff075,delivered,2018-06-21 15:31:35,2018-06-23 02:36:15,2018-06-28 13:27:00,2018-07-28 19:12:30,2018-07-27,1d7766582770dc18294a2698970c3dd3,2018-06-21
0d79a28c125a4b427a4ee97d86e4546b,2e391feef9387209d035b636ec03280c,delivered,2018-05-09 13:50:08,2018-05-09 14:14:56,2018-05-10 12:38:00,2018-05-12 14:48:39,2018-05-18,fdf983831b2751f645ed24f62f70be6a,2018-05-09
8dbf95d9c5478e672a3de4e316ab4d9a,9c10f9a20b72a0e5280f7190bb35d60b,delivered,2018-07-04 19:46:29,2018-07-05 16:22:46,2018-07-05 10:45:00,2018-07-14 18:52:39,2018-07-30,98c9cab8294ee99442c0419a45637f03,2018-07-04
77de735385f248a39145574246962d8e,f4bc5b311754316d6eead5d82257aed3,delivered,2017-08-08 23:42:57,2017-08-08 23:55:12,2017-08-09 17:13:18,2017-08-14 16:37:29,2017-08-30,5ea1d130096a27069830208b15747825,2017-08-08
4959c38155b6320f1e4bd741132334e0,043dbb0e26536d1faa2c5286b3dfa926,delivered,2018-08-01 21:08:47,2018-08-01 21:24:12,2018-08-06 13:54:00,2018-08-09 17:47:52,2018-08-16,224fec58b2ae81595fd9dfe2a09253e4,2018-08-01
64cad05fe3f34277719621c70f416ad2,3576d9f3793f6dbfd0d915eb446d31c5,delivered,2017-01-26 16:20:32,2017-01-26 16:35:24,2017-02-03 08:03:48,2017-02-13 19:37:47,2017-03-06,9b0e2c4e40a458cf215f8f652f64a5ba,2017-01-26
a27bc60b5829ed193c7a85e25f6de764,76539c8bd72f278e7b8e3cb0aeeaaa20,delivered,2018-08-06 23:11:28,2018-08-06 23:24:38,2018-08-07 14:16:00,2018-08-10 10:32:50,2018-08-17,82b6d31baa9c3905f4d3a9ec67db715b,2018-08-06
163e9678df3d069145613d032b4ab0b8,f177b2508711da0962ee0ba42abb040a,delivered,2018-07-05 10:50:12,2018-07-05 16:14:43,2018-07-06 15:47:00,2018-07-10 20:23:36,2018-08-01,656fc3eb02fda05a8a2b60bf8826f8eb,2018-07-05
575a549c5e6d74c77f8c59a2622bb590,6f2659a2ab05b46e5ef6c3d77b88cb8b,delivered,2017-03-23 19:39:42,2017-03-23 19:55:15,2017-03-24 15:46:36,2017-03-29 17:47:06,2017-04-12,3c59781283d345efa9ace989c0c2c375,2017-03-23
8b378967566499beb14fbb0fc0edd2ed,64befe40ea8fa23ae79c102633305671,delivered,2018-06-26 18:25:34,2018-06-26 18:43:53,2018-06-27 08:35:00,2018-06-28 16:58:50,2018-07-13,fbab18f30a236d19360b3b8b08067b8c,2018-06-26
ea3a35b74d6cd2751271c60d423563f1,b995dc022350b92b96dc3d1678368e41,delivered,2017-03-18 13:06:45,2017-03-18 13:06:45,2017-03-20 12:18:29,2017-03-28 12:30:11,2017-04-10,1e380d8c09047dccbb10a27ae8dfede6,2017-03-18
52acad099b2a57fc90af92b1078c1cb3,ae44c1a320c2e798ac2c6dd1877e5232,delivered,2018-01-06 15:09:37,2018-01-06 15:29:17,2018-01-09 17:50:07,2018-01-17 21:19:11,2018-02-09,e23ddd7f65f6c7bb62ad580e359aadd7,2018-01-06
4d2db50dfe6a6d7304be0d7ac81fe039,113f49d5ffca9b945d3c868beda06b92,delivered,2017-10-10 17:03:39,2017-10-10 17:15:42,2017-10-13 13:43:43,2017-10-19 15:28:11,2017-11-01,3b31d586a550d3f788846dfebbddd620,2017-10-10
23e95591b180a24c38bb1fb3f26023a9,1141df1ba23dc9641ff60c129628783d,invoiced,2017-11-23 18:31:13,2017-11-24 03:09:55,,,2017-12-07,81f7fe1420cf7891acd2301e6c10c7a4,2017-11-23
6eb51c1c9c69f78ea9fd4665fb98b7d2,7235fa173d845addc1fab54a111725f4,delivered,2016-10-04 16:40:07,2016-10-06 15:56:10,2016-10-10 15:56:11,2016-10-13 15:56:11,2016-11-24,1151be76113653dc4ed5d7e7fd17763a,2016-10-04
0eb943e25686a73425894fcc95e842e3,b403064ab79055c7c332d922feff2bb6,delivered,2018-08-16 09:00:13,2018-08-16 09:10:14,2018-08-16 11:52:00,2018-08-21 23:08:38,2018-09-03,31d3e4ea0bd3eded67809f54889f56a2,2018-08-16
a79a0a215a517931d571bb293a2f1379,2c07700e1621617464d6252aaca9f1a6,delivered,2017-11-14 06:53:00,2017-11-15 03:06:35,2017-11-16 18:46:56,2017-11-27 14:50:21,2017-12-14,344abd5603ff5310fdd0aa55be719873,2017-11-14
b52c767881931273eb31d96eed290b95,0a0bbfea197837368084c3f9e261036d,delivered,2018-04-23 16:03:23,2018-04-24 17:27:25,2018-04-24 22:59:50,2018-04-27 15:58:42,2018-05-08,69b7eeb81420bf2537b4e408c6bfe219,2018-04-23
e21a80eea8af4c40c61e96affe0f3a83,c0286f3854eb1f1aabe4cf44e9724348,delivered,2018-04-01 17:10:55,2018-04-01 17:27:49,2018-04-02 23:03:15,2018-04-04 00:58:53,2018-04-12,82e6a6e5f39a19a28f7f98a4fcf1024c,2018-04-01
030e9e4de3076fb365bf6549b920215a,0af4f4ee7ed623c51c524afd235ae5d5,delivered,2017-05-31 20:13:40,2017-05-31 20:22:23,2017-06-01 07:45:44,2017-06-06 12:52:50,2017-06-26,ed96ddef619d26be2d39af9573b78590,2017-05-31
83b24047c5441da1ecd3befa7619f125,c745f27eee6290a661b48e70a8d38768,delivered,2018-02-17 10:38:26,2018-02-17 10:50:28,2018-02-19 18:42:50,2018-03-09 21:38:29,2018-03-22,73f2d3f8659c11325d46a63bfd8e08bd,2018-02-17
806b3c21802d3221a944281399d2a6a8,05c01dce4f853828205c6f9bf3de9b05,delivered,2017-07-19 19:03:25,2017-07-19 19:15:15,2017-07-20 19:37:25,2017-07-27 18:22:36,2017-08-10,ebf6590e6b80e8ecf8cc858af8de0927,2017-07-19
42639652d54b502dbe335b7056496d2a,bd32ad637384488842111f7e21f0e5f3,delivered,2018-01-02 19:50:33,2018-01-02 19:59:22,2018-01-05 19:59:40,2018-01-31 23:43:45,2018-02-05,daa4bdb7d8bf38a540c6bf3fa379e16e,2018-01-02
81c6f357eaf465ef806ec128cc5919a5,8fe23a7d9bf530293236906709bb97c4,delivered,2018-04-27 17:06:27,2018-04-27 17:32:52,2018-04-30 16:20:00,2018-05-03 22:54:46,2018-05-21,7be1eaffb71efbd7cdb59537d2744e84,2018-04-27
75cd0e4d0a84e6252212e626a525d06b,92aabcc0f2e279fac9a67392d393abcf,delivered,2017-12-26 11:56:26,2017-12-26 12:09:00,2017-12-27 18:56:49,2018-01-11 13:32:51,2018-01-22,671e410a93b9302f68d852a0c8a1d8e3,2017-12-26
b38fbed274a7c384e5f97ea88cc40741,92d42631de96e4885dfc8b1a13d71e3a,delivered,2018-05-10 13:58:48,2018-05-10 14:16:26,2018-05-10 15:24:00,2018-05-14 23:21:42,2018-05-24,0d5919b321f19ee03a70410a87a93e0a,2018-05-10
faf6d4b65126b7e12030723b3c8373bb,6718956c40e3a0334742b91dfc8e7ee0,delivered,2017-07-02 17:09:41,2017-07-03 20:25:17,2017-07-05 15:22:50,2017-07-22 16:53:31,2017-08-02,fc28b581e87c66f682395992aaab220d,2017-07-02
fc850201b579f014488f1cca40aaa06d,457868fc37d47fef6fdbf01dd816ecfa,delivered,2017-11-04 13:39:41,2017-11-04 13:55:24,2017-11-09 17:22:13,2017-11-22 16:23:13,2017-11-27,05128663fa180b637c99c17d8ce05949,2017-11-04
e914e961033af34e2fc13b3b0d698a94,76757f2d4942e8382a6970222578f5b2,delivered,2018-02-28 08:59:22,2018-02-28 10:15:35,2018-02-28 21:59:47,2018-03-14 02:26:43,2018-03-22,7625d531852dee5b2078c886ba07d441,2018-02-28
12dd6fe47b1a7c9e5742662223880dcc,95a911adbd9c6dee5b6ba9f764678fa3,delivered,2018-01-24 14:36:59,2018-01-25 14:30:21,2018-01-26 21:09:10,2018-02-07 17:28:42,2018-03-01,150b32ae7046533349f381f708fc8b3b,2018-01-24
a260362d840e55aa9895f1012776a329,8af79516f6e41a5dbf47396cf9e60311,delivered,2017-12-27 12:09:56,2017-12-27 12:15:33,2017-12-28 23:09:50,2018-01-18 22:26:50,2018-02-06,4bb9e97914075938aced10f428e688b5,2017-12-27
c724b6b0cf7849e01ce4f8f19e8c1f0c,47243423ec024f4ded9bfa67e8ac66b9,delivered,2017-06-11 14:37:07,2017-06-11 15:05:07,2017-06-14 12:17:36,2017-06-21 16:09:49,2017-07-31,769de7c55f035c3f3575750bcc242c87,2017-06-11
5bdc8e61065c6a340cb4a89376bdac89,f1fac83f7379e87097c48374ac09139a,delivered,2017-11-20 16:04:45,2017-11-20 16:14:23,2017-11-22 00:47:35,2017-12-14 19:16:58,2017-12-13,1db5a8eaf009e4e53438ad8348ca8aa8,2017-11-20
c594693c5aa51b23bb8188c28a81836e,f2f80d2410083799d91710dd312cacb6,delivered,2018-07-08 21:54:55,2018-07-08 22:10:09,2018-07-13 06:45:00,2018-08-03 01:12:40,2018-08-07,be9ab85a12ec71782e85ebaea148b3aa,2018-07-08
7a95f5626df09176d8823cbce3d9db1e,5511a7cbeae2a3a17ce3598944a5793e,delivered,2017-08-10 23:18:15,2017-08-10 23:30:18,2017-08-11 20:18:31,2017-08-14 22:00:05,2017-08-24,fbc9c3a06d228159f866fd7bcd32febe,2017-08-10
3171f1efdad00e249ba4ba19af1726eb,00624707c8556199de70cac1593e7088,delivered,2018-06-21 08:46:52,2018-06-21 09:17:47,2018-06-21 14:26:00,2018-06-28 20:47:52,2018-07-20,c9aa56428d8b5bba23a9c7a435b09645,2018-06-21
b7d634bd1c1830e08588eada6b49fea7,eeee8af1f7b29dbf34d577db1fc973e5,delivered,2017-12-04 13:11:15,2017-12-04 16:49:16,2017-12-05 17:23:26,2017-12-11 20:32:21,2018-01-04,437869c8fa511c68c9e1f61cfc11d30e,2017-12-04
ecc01aba856811d3b0b506ac9b6e8ba0,3a45f3f780757403d36bd1be321177cd,delivered,2018-04-05 22:32:31,2018-04-05 22:49:08,2018-04-09 18:22:48,2018-04-23 16:02:58,2018-05-02,25f38824bc7bd03a4e049d507060131f,2018-04-05
ae55c180decfe41ac363c68f08a16003,131764f6a14ca2016bce014a174c7e52,delivered,2017-09-22 10:28:10,2017-09-23 02:26:10,2017-09-25 18:33:39,2017-10-05 23:11:23,2017-10-20,dd81a31dd911c4dc0d9f5440ca32ca81,2017-09-22
08ee999a47fad7aab826e8604eff09a1,e19d9cd545762d92ff8781dbd7aaa4c1,delivered,2017-05-28 20:07:57,2017-05-28 20:22:09,2017-05-29 08:21:52,2017-06-05 12:14:47,2017-06-27,4c5009c13eba877053aec657e1ae9eda,2017-05-28
727140332cb5607e87e03e1501f636b2,06199a7981ec145069afeb0baf66a49b,delivered,2018-08-15 16:22:26,2018-08-15 16:30:25,2018-08-16 15:00:00,2018-08-21 17:48:53,2018-08-30,70f023b13072d262c2d27b022dd6e9c4,2018-08-15
63e5ce05a132aa8375fcde048ad4482a,fc866346d8684918168b05ecf4a48a2a,shipped,2017-08-31 11:28:28,2017-08-31 11:44:48,2017-09-01 19:59:46,,2017-09-19,664e675077c19dd090962b80ea7d67ae,2017-08-31
bd116e3c15911b8f09db896e682cb30c,b123952035a68c206b896798af8b1b48,delivered,2018-07-11 18:56:23,2018-07-11 19:10:12,2018-07-12 14:22:00,2018-07-16 14:33:01,2018-07-25,e3924d623fecb90b294f24b9fc411a26,2018-07-11
64ae773be04783279d6b0763dc3cfcba,cb1bb392f55efb6cbffccb31c2af706a,delivered,2018-08-10 12:12:07,2018-08-10 12:25:13,2018-08-10 13:08:00,2018-08-16 22:58:48,2018-08-24,667449901ab3becab247e45af647cba5,2018-08-10
fe410f8e89dafcaf2ce41a235c489299,936c196e9117ee83b795f8ceb31858d1,delivered,2018-03-08 15:59:33,2018-03-09 16:10:07,2018-03-12 17:54:39,2018-04-04 01:56:50,2018-04-03,acd81de6de762ec6d1e8a9811dbc407c,2018-03-08
1295db8c216f7ff7a2c02a66b4cb5d5e,52355108e4be826613b0d8dac622003c,delivered,2018-03-12 12:46:15,2018-03-12 13:38:17,2018-03-15 20:18:59,2018-03-27 05:18:26,2018-04-06,0e06b848c3ab533d89ab73b0db24ad2b,2018-03-12
212363bf0053733bdb8324a07cede4bc,94ea98eea015faad90cd64998848d18d,delivered,2017-09-06 14:25:10,2017-09-06 14:35:10,2017-09-08 15:56:57,2017-09-22 12:14:18,2017-10-02,0b7fea4fad79c46f6c10b848e20e9115,2017-09-06
bce3d004aa51086cc5b0e1ce2db91884,0b8dc09e81f7b523bc035c545cd46c4b,delivered,2018-08-21 09:48:01,2018-08-21 10:10:19,2018-08-22 11:40:00,2018-08-28 19:36:45,2018-09-10,b027a5e64b72907d4a6498caeb2e2fde,2018-08-21
f2c7b7b22424073513e3324e8b78771f,e9e693343201f167d4489d22fa9d7b20,delivered,2017-05-26 14:31:25,2017-05-26 14:45:19,2017-05-29 11:06:52,2017-06-02 16:12:59,2017-06-20,6b1ea0480ab25c5f42ca5df232ae43a5,2017-05-26
a684b7c0b69e4fed3d64ff08a6626ad9,def4cf8552f3e8eed13b4e9e97d937ec,delivered,2017-11-29 09:23:50,2017-11-29 09:39:10,2017-12-04 22:26:58,2017-12-17 14:28:38,2017-12-22,b88006cd154ceda8e60d9efa75abfc9e,2017-11-29
a9bd89ff808222233c9bb5567f618e3f,89d9677d2a9750f861ab0e6ef48bf912,invoiced,2018-01-12 21:17:40,2018-01-16 03:34:36,,,2018-02-07,6461d480b751d08e42faaf99b59267aa,2018-01-12
08b7dbdd744f8be921b6e7f7fac199b7,79d759965d96166fd8926ab2c6353747,delivered,2018-06-17 14:13:41,2018-06-19 04:16:48,2018-06-19 12:52:00,2018-06-20 23:58:30,2018-07-04,20b828a2b9563baa2dc1c0ac4142d3b2,2018-06-17
2c9e6deaeeff1f3e721f241df5eabba0,d6171dac019559fc2c9af9c2c6e2ff82,delivered,2017-06-11 12:44:43,2017-06-13 03:50:22,2017-06-13 15:46:52,2017-06-21 16:32:50,2017-07-12,3bab949ef05da8e9b3cfd541b6af0ffd,2017-06-11
15db3ee82b2592326fd5390713cf56eb,3b9c548b91a8ff14553a1eb8497cf431,delivered,2018-08-07 15:05:05,2018-08-07 15:15:22,2018-08-14 14:09:00,2018-08-16 01:09:23,2018-08-15,cf88cd7b77756165a4f6841a4bdc152c,2018-08-07
dd7a24d1088cf9ed90329fb0dee088f4,790457083a93bebbe540493b9de809cc,delivered,2017-06-27 16:51:49,2017-06-27 17:05:15,2017-06-28 14:28:42,2017-06-29 17:12:17,2017-07-10,c3a9ab6f69283de93ff7d0ce244a3c67,2017-06-27
ab27a99818cdb3007d7a107f62ab4aea,f081cdc2c90a600fc2cd8e9ca3e6da1a,delivered,2017-02-09 10:42:07,2017-02-09 10:55:13,2017-02-13 08:32:30,2017-02-21 11:51:10,2017-03-14,3b87f48ebf7ec14b8dc26ab3df53ed47,2017-02-09
52ea9e95e801ad09b7489b89c3b49dea,98218ce2620a69f2bf746b2326b58c61,delivered,2017-11-13 11:22:56,2017-11-13 11:35:31,2017-11-22 17:17:33,2017-11-29 20:19:06,2017-12-07,d1bcf56647d7675f103121f9f0142846,2017-11-13
2eeb6d2e0f687208e04adfa5afb15700,86cd09e980bd8785a301c2203c6b7a17,delivered,2018-02-20 10:22:57,2018-02-21 06:10:23,2018-02-21 21:18:58,2018-03-05 23:50:28,2018-03-15,6409620ae98eb10466867c1b1e3db5da,2018-02-20
201fa78c1fb6877f57ca0689e8538bc1,c570d9e8d83681eee4b69ba63fe14b60,delivered,2017-11-04 19:21:33,2017-11-04 19:30:21,2017-11-06 22:58:28,2017-11-10 16:48:38,2017-11-27,37f8fa0b4ce75bc83caf2a6a3052dce8,2017-11-04
9bddf07b813124e63282b716df591c36,ea05ea055bde9cacc0963b2c5530d07d,delivered,2018-06-12 18:14:33,2018-06-14 02:17:52,2018-06-15 07:45:00,2018-06-20 23:53:44,2018-07-05,bf06b935e76a7545da01410a6befbb1c,2018-06-12
f6934b4bd0acebc64b144b12066942c5,e3d51d76fb58a36e3c56226882b05da9,delivered,2018-01-16 01:39:47,2018-01-17 01:33:24,2018-01-17 16:33:53,2018-01-27 15:18:40,2018-02-07,131be6b91e401e03df22f8a08bb12826,2018-01-16
a0b25b40a41bd77646acd57a2e1744e6,b826fbf79786885fe1c10736318b7161,delivered,2017-05-23 04:59:50,2017-05-23 05:05:09,2017-05-23 14:27:14,2017-05-26 11:53:49,2017-06-05,89a1f9ee85beb129cacaa0a303159b04,2017-05-23
af5fd09fe9b65e034e9fd7ab345966f8,f7784f794e709a46f5d980cb4933caba,delivered,2018-01-30 20:24:34,2018-01-30 20:35:30,2018-01-31 20:05:34,2018-02-01 20:11:32,2018-02-15,abce4226700c80f3664c1df34203d759,2018-01-30
fb19ce6d26a3e32f5effb9e33c18ebd8,292b3cbe5cdebd3b58ff02871712f7fc,delivered,2018-02-06 14:21:01,2018-02-08 07:55:27,2018-02-09 12:58:41,2018-02-16 18:06:43,2018-03-12,070168acf94aa578f734e27eb2bdf6fc,2018-02-06
fc947e5f82e5354dd3d971c9dbfabf93,864952e8f45f782a16fd8d414bf513d3,shipped,2018-03-13 07:36:59,2018-03-13 07:55:33,2018-03-13 18:21:36,,2018-03-23,aa386e9cb1c76e8c4099d589f87b4d19,2018-03-13
e9bc7c86be84f95e01a59c247ddf6208,d62db763ef217a63fb356a1b08f55f30,delivered,2018-06-14 10:40:24,2018-06-14 11:01:53,2018-06-20 15:04:00,2018-06-21 19:18:36,2018-06-29,4f3789687cd4e7a0df0a6b04d4c98f03,2018-06-14
97c8ca945a49dec599920c3fd2ed0a55,ef6d866cb6bad171b3286fb79a281660,delivered,2017-08-09 12:10:38,2017-08-09 12:25:09,2017-08-11 18:11:22,2017-08-18 19:12:18,2017-09-04,7ed57df0e6ae22a4f9e0250d52608ad5,2017-08-09
2ebeaae6b3c969c7f5474e8f736bc33a,7c048d504a6cd5c838c119b9a5837669,delivered,2018-07-09 08:08:23,2018-07-09 08:25:07,2018-07-11 08:28:00,2018-07-16 15:22:02,2018-07-27,1e4d3d9530eec8382a401983f2f8f4ed,2018-07-09
6af0f6ba6cda05f0b971bc13793b6166,b9e1a1903d4d56d54b6dda7762dba719,delivered,2018-03-31 18:08:33,2018-03-31 18:50:17,2018-04-03 00:20:50,2018-04-07 11:03:01,2018-04-18,d7aca1930d27fc501f870a9f0fb0d2da,2018-03-31
c3432f724305c363034ae8ee0ca2ad4e,7183a6c2d4ebefc9fe96586b37e23888,delivered,2018-03-05 20:21:03,2018-03-05 20:30:54,2018-03-14 17:36:40,2018-04-09 21:58:33,2018-04-10,6a2ae83cded378a462e86a2e4885e750,2018-03-05
438d4df3e56a6ca1618791c7cd1588aa,bac0aeeb2cfe272c826cd0cf7e5993f8,delivered,2018-07-17 09:13:07,2018-07-17 09:25:18,2018-07-19 19:41:00,2018-07-23 19:26:36,2018-07-25,583fb43ed998859f6570886179bb165c,2018-07-17
4213bf7933d48cf3705fd44b4e4c8ce3,dbcdae75dc4490db8007ce62565d512c,delivered,2018-02-25 17:28:28,2018-02-25 17:47:31,2018-02-26 18:37:53,2018-03-10 17:21:35,2018-03-22,bb3d6a451634de7b6d913793e4f7520c,2018-02-25
c042c97fd633f5e705a44361fb468828,e6035de27a06aca1d56fea7ece3d431e,delivered,2018-07-04 15:27:15,2018-07-05 16:21:52,2018-07-05 13:08:00,2018-07-11 17:18:27,2018-07-31,b4368f8820b5f84c93980820f629ac9d,2018-07-04
823b5954a47f1e91cd1ca344805c2385,522c3a8c4d02c681868f03397696a046,delivered,2018-04-15 19:58:47,2018-04-15 20:11:18,2018-04-17 18:31:48,2018-04-20 19:36:46,2018-05-07,19f663b132a3db1e8d823ce2ff124183,2018-04-15
63868c7ca7305355d478950dfe35cdcc,324edf2203293c57f30f5ce794687ab6,delivered,2017-04-04 15:33:10,2017-04-04 15:45:17,2017-04-05 13:52:37,2017-04-17 09:11:46,2017-04-25,b4a14bd29c6da3d4b9a28abac2047194,2017-04-04
d364ed074343c683a974cfa900a9d4c9,828f99cdaca50196ee0a0b5f296017ab,delivered,2018-07-20 12:17:06,2018-07-20 12:30:12,2018-07-23 11:24:00,2018-07-25 18:08:38,2018-08-15,d885d4dcc9bb0cbaf3e7aa0fa4af16e0,2018-07-20
7dac2c8d98e21f2964febcfb08d4dd61,0b979f50eddf18236ac7b2174d4e9d00,delivered,2018-04-06 21:30:41,2018-04-07 21:28:22,2018-04-09 21:35:30,2018-04-18 12:32:26,2018-05-18,05b82760216e5ec78270c2eb12bee770,2018-04-06
30a32ef5d1bec6fd2e4aaea4dbd3d944,78144956c136d923783619a45922f4e0,delivered,2018-03-15 12:38:17,2018-03-16 03:50:13,2018-03-21 18:56:53,2018-03-29 21:41:59,2018-04-03,073692054d45969288eea0fbb867d7a5,2018-03-15
3c1098cb17277b62cfc709c7a9b500f5,1e041fde4b0aa2047b6b3d7f6cbf82fb,delivered,2017-07-26 17:22:35,2017-07-26 17:35:21,2017-07-28 19:31:30,2017-08-10 21:37:27,2017-08-22,6a80a86f478a93a5f4c7ba8db6441a6b,2017-07-26
45639343ad340a0a092f8bc8788e051e,fdd719ccb11566817c8e6a9cafb008c4,invoiced,2017-11-01 13:36:59,2017-11-04 04:15:48,,,2017-12-01,7d8c7a2965d9a38d34c6e471d125e269,2017-11-01
657034554884ec6fdf6ed37c8c6788ff,87cb81e00b79f677fc2a6bb9ccdbec9e,delivered,2017-09-06 16:22:12,2017-09-06 16:37:14,2017-09-08 21:57:37,2017-09-23 15:28:07,2017-10-09,20a7563d472a9ac62e08f4de6ffe0415,2017-09-06
e631d7417c16066c831e8f2599673235,477b96a7bebf346f0b61baea85b4e2b9,delivered,2018-01-19 14:38:13,2018-01-19 14:57:21,2018-01-23 13:16:52,2018-01-25 15:48:57,2018-02-05,bd89e92f1e1f6a7ec49af109d08aa258,2018-01-19
af284d0accec49fdf679f1bc8e3c7ac8,3f92b2c5139eb8f71bff7216ed8dc149,delivered,2017-11-24 18:05:52,2017-11-25 06:30:28,2017-11-28 21:23:12,2017-12-04 19:36:48,2017-12-14,f9f0bc023adc9ac6a45ba459611d752a,2017-11-24
aa5ec03eb12e2017cc575a2fcd0ceba3,9d79311de78dda64fe8db1930ff825bc,delivered,2018-06-27 11:19:31,2018-06-27 11:30:59,2018-07-03 08:38:00,2018-07-04 16:03:10,2018-07-16,22a7d1fbc31649664ad36d651ca5c169,2018-06-27
a2965e40614fbfc509118f7dfa1ce6e9,d928161f242c9a8ca0a4675d9eb0483a,delivered,2018-03-12 16:30:08,2018-03-13 04:40:26,2018-03-13 22:58:27,2018-04-12 00:11:55,2018-05-02,fc62ba270d7ee6b6d9788e3af00b2210,2018-03-12
41dd783cbf5ec4b60c957ee73e88f82c,b6b3795041a60d6f686736e83cf07ac2,shipped,2017-11-17 15:32:59,2017-11-18 02:35:41,2017-11-21 20:41:44,,2017-12-14,5564825770d4d089d6069d16c51c82c1,2017-11-17
206f333916267029d74feda364a2e31a,e40110f034ca7e6eceb06342d37a011b,delivered,2018-01-02 21:42:46,2018-01-02 21:50:27,2018-01-03 15:59:10,2018-01-26 16:29:17,2018-02-05,23e529fe940a3eb6a29e7cff68084b0b,2018-01-02
7b4405df446ea40525ecd10212e28f2a,254b6258dbb5c1bed97da6d8cc3a3327,delivered,2018-08-09 15:50:18,2018-08-09 17:25:17,2018-08-10 14:06:00,2018-08-18 12:41:53,2018-09-05,253fee70f4263eb24f8cf47129b6ef39,2018-08-09
b7e0017e946ce377e3e0559d5cb1200c,a7b36afcf7e2bba79696b9d6cba06154,delivered,2017-07-18 15:13:06,2017-07-18 15:25:12,2017-07-19 18:44:39,2017-07-31 18:53:57,2017-08-23,bac04b9d6dfdc669ef95582d71743517,2017-07-18
ee0eea7eab4735c851dddf163cf434cc,9b615116bff806275507fbfcb7d9ea96,delivered,2018-03-19 12:43:50,2018-03-19 12:55:32,2018-03-26 20:58:55,2018-04-02 16:39:05,2018-03-29,97f4ba8b41d03165ab31e468af52e6ce,2018-03-19
148fe9089f2fc40b943388c2cb75c925,e2be316bb7b3aaf38134a136ff326375,delivered,2017-05-01 10:58:42,2017-05-01 11:05:19,2017-05-04 13:33:11,2017-05-12 13:57:00,2017-05-25,60e85408e5e18a09659765df4fad85a1,2017-05-01
c2dd3125d2c742a487adbbd0704b4775,e2a07123627e483894d94c2b77a00132,canceled,2017-09-16 14:24:39,2017-09-16 14:35:25,,,2017-10-06,b1656917530cd556d9164ef9922b279f,2017-09-16
d43703ed017fdf31282e58bc07edb65f,2339e7533d5a6fad8b3a5b6e3f1be6c2,delivered,2018-01-07 19:05:23,2018-01-07 19:12:26,2018-01-09 17:32:46,2018-01-31 23:52:25,2018-02-07,ff20c8e78e2ff58c77ad18fc57b7f73f,2018-01-07
5d4217538c698b1f21e5a66cd27b3ef0,6b37f9d1ea0b71a0397528953c39dd4b,delivered,2018-03-16 16:44:44,2018-03-17 10:35:25,2018-03-20 17:46:54,2018-04-12 17:58:49,2018-04-06,7ca8c5f7bb0b183973e9f573b02ef9d8,2018-03-16
24c7fef753636c54b5290c9047a82432,a119a6f40e1ecc97abc1ec25f931174f,delivered,2018-04-21 18:32:13,2018-04-24 19:28:11,2018-04-24 16:31:57,2018-04-25 17:54:35,2018-05-10,87ca0587acb1fceda096108cb6c02343,2018-04-21
15d4f841b96cfb3f782523aa7a562b9a,0661d80b08b50705a0e95641e65c25f7,delivered,2017-12-28 20:33:31,2017-12-29 02:10:04,2018-01-04 22:51:26,2018-01-12 22:42:46,2018-01-29,1b9a48096b767ee53cd9767f8ceb730a,2017-12-28
5d32187d4c1f5c1340c4895593de6eef,3e72de005864d8a7e1b86c03fe94380a,delivered,2018-01-10 10:06:40,2018-01-11 02:35:43,2018-01-11 22:19:22,2018-02-06 21:38:47,2018-02-07,5829c9fd9aa680a1ea368d280b3fdda8,2018-01-10
fa7de3e55c7d7ca3a98315decdc0d244,9c898eec2f748dea3ca779b3301f15c7,delivered,2017-11-10 22:06:25,2017-11-10 22:27:07,2017-11-16 17:36:40,2017-11-20 17:25:27,2017-11-30,6dda411794c6d434e47d6af3c77586f1,2017-11-10
8e3aafa608957bdc2ddb74b7d9a7a559,87cce77249ac03aee91db1e962c3f5ed,delivered,2018-08-03 15:21:05,2018-08-03 15:35:16,2018-08-06 09:12:00,2018-08-09 17:07:47,2018-08-23,adef59974ee894d29a09f8490a1e797b,2018-08-03
e4313fe2f9d83782c9426892dc497ea4,c8305add2952ecb3f11c075a5a2ef193,delivered,2017-08-31 10:28:39,2017-08-31 19:55:13,2017-09-11 18:49:53,2017-09-14 15:02:41,2017-09-13,d0af5dec42f3bf160195f5bcb704fd01,2017-08-31
8a0feccfa6830618c4b985d3c49840eb,2ebfac074eb5450f338e852cb02d7635,delivered,2017-04-08 21:37:14,2017-04-08 21:50:13,2017-04-10 13:05:44,2017-04-13 14:13:13,2017-05-04,df82b17cbf3fe7a9e6113c6c4b69967e,2017-04-08
58b3c61516dc5ed6140b6a09acbeb05f,c13b43440b0555633480ca70ff6cc010,delivered,2017-04-27 13:06:59,2017-04-27 13:25:45,2017-04-27 14:06:23,2017-05-05 23:37:37,2017-05-29,8e5a0c49e92eca9c96de510ca22ac5c5,2017-04-27
b83fe0e59b384422cac91db5d32e1835,fe084cbada53a9db32d37961c2b1ac01,delivered,2018-06-03 20:49:34,2018-06-03 21:11:28,2018-06-08 14:34:00,2018-06-10 15:18:49,2018-07-03,f1704e9368ddcf1c1236d78616b25d76,2018-06-03
5bbd189785115bc937623b13f25fcb78,e8f40c9ffd0d29d9176fcc2e97e8b29f,delivered,2018-03-19 23:53:36,2018-03-20 00:45:35,2018-03-22 20:48:48,2018-04-23 16:42:37,2018-04-12,946d48ff9e4bea5985773818bade43d3,2018-03-19
ca5ccd6f38886e13b649728f72ef2d31,7780d39d849db4748335b3e884beb75f,delivered,2017-12-27 20:49:34,2017-12-29 02:09:05,2018-01-02 19:05:42,2018-01-08 13:28:33,2018-01-22,184f9811137ce4bd9fb8308cf535a857,2017-12-27
3308fea2fe0cb15385c714b6c3253ba4,486a8740fed67f8f1ed121cdd41b4984,delivered,2018-01-16 13:36:16,2018-01-16 13:50:43,2018-01-22 18:29:42,2018-01-24 20:09:53,2018-01-31,916c2995a3a046b1f11d4f9f0a9fd5aa,2018-01-16
55672117e0885369988eff64f8d860cc,30af142d1d13f49efcef361f6efe715c,delivered,2018-02-23 23:24:49,2018-02-27 04:31:08,2018-02-28 21:38:54,2018-03-05 22:35:18,2018-03-16,a0ee9a4b901d59fd45872b610a05a747,2018-02-23
41b39e8a2374f3afc0e36d2bbc2de799,c4621453a07fc947f6cbf6522aa7213f,delivered,2017-05-29 06:21:19,2017-05-29 06:30:11,2017-05-29 13:13:48,2017-06-22 14:44:37,2017-06-09,2e366b0c6451864364bab2e7917ca1bb,2017-05-29
48e7f3b7aa6ee2bbdd92ab84674fe4e4,a96d6b1da9c9aaa588d92a1a95e6707e,shipped,2017-12-18 15:35:53,2017-12-18 16:35:38,2017-12-19 16:16:56,,2018-01-11,8056b915d8768eaf54c7f2da7d94687d,2017-12-18
8c7b47a875c412c4303eefc88e9d92c9,a76bc2d372186cd87b857191c77f2270,delivered,2017-10-03 20:39:34,2017-10-04 20:49:32,2017-10-05 18:27:32,2017-10-09 18:12:34,2017-10-27,3ae522de6b23a3699ef105d4c4b3b82d,2017-10-03
4ccf6ee1044ab9f8ec63953f1f2a708d,419e13cb71b2c3617bc281863c63dbc4,delivered,2018-05-05 11:40:42,2018-05-08 03:52:46,2018-05-10 18:28:00,2018-05-16 21:22:32,2018-06-01,f58595c5ecdf5e9781678b83ba2e0c21,2018-05-05
62ce4e3989a3477928510bb4d1064cc4,62ff903909cb86e2b07156a6d7cc48da,delivered,2018-07-19 01:35:59,2018-07-19 01:50:13,2018-07-19 13:57:00,2018-07-25 19:41:27,2018-08-06,1b277f8bf9377e4d88b9022df406e9a6,2018-07-19
029c545413b10a6bd7540401f6eef0a3,2131f859f33715756b10efb97d873a85,delivered,2018-07-10 17:16:33,2018-07-11 09:30:27,2018-07-17 14:23:00,2018-07-20 16:14:38,2018-07-30,5993c0ed4bc51b72a8332bb7fa4303c5,2018-07-10
ee8efb0001f769a88ab6001e17de9e59,313630b1da5229a7e61a64f16344b12f,delivered,2018-03-22 10:56:16,2018-03-23 02:15:57,2018-03-23 20:41:35,2018-03-27 15:50:33,2018-04-04,cab750b424d81593a98335df56fb5560,2018-03-22
3b45c3fa7862deec90565c3dbf6e9e8c,90b6fbc1cb0e2395e22491d0ed697c6c,delivered,2018-06-10 19:36:22,2018-06-10 19:51:34,2018-06-12 12:38:00,2018-06-18 21:34:48,2018-07-12,c6f724cd14019d8ba1622fb908cfd4be,2018-06-10
e64219e0a4f33d57e6dbb217dfa73564,4e83b4767a9e236160d15120d8972b5f,delivered,2017-07-10 19:54:59,2017-07-10 20:05:15,2017-07-11 17:13:37,2017-07-14 20:09:58,2017-07-31,9c090ae4f7d8fbc668bb7296296d6b78,2017-07-10
47a1cdc1ae52b80a3800fb4509e657e4,8117d08aa8872ba4d8660d2b6c33c72a,delivered,2018-05-24 11:19:07,2018-05-24 11:39:23,2018-05-25 14:20:00,2018-06-04 21:42:29,2018-06-25,0c00b317881630c71e4fde1e350a1b59,2018-05-24
594d9204df0349e9b6ddaeeecc1f0748,77cc3e952b4b134d8df91b12ec9696c4,delivered,2017-10-16 19:59:26,2017-10-16 20:14:15,2017-10-18 18:42:14,2017-10-23 19:42:40,2017-11-07,5ead1596b959b2fc6ee4b75b863e7591,2017-10-16
674156fdc5d457a8a102110b27e89e07,1be6ae39f964ccce9e37a8c7f01dad8c,delivered,2017-04-07 15:49:49,2017-04-07 16:02:52,2017-04-10 09:01:23,2017-04-18 08:35:30,2017-05-02,1ded33854a42ea16167f3adfbb7ed068,2017-04-07
809dad9e18c5d8bd147500631595760f,847aea1551dfb134e8c222ffa9488eec,delivered,2018-01-31 23:20:40,2018-02-01 02:55:44,2018-02-02 01:59:36,2018-02-18 12:42:23,2018-03-01,6128bfb7b3591de3df1cbc9909f8c6fc,2018-01-31
4a7cdb3a49afbb2ed402941490694849,8acc7f7c9e2667101df6b259513ecc9b,delivered,2018-05-21 16:44:46,2018-05-21 17:34:06,2018-05-23 13:32:00,2018-06-13 16:41:45,2018-06-06,ecaa3fca1e9670eb55da53f7ee730de9,2018-05-21
4998304ddcd450f9750a4de8f7933296,ef245d79ef444d84c7c739cf89f3a6e3,delivered,2017-03-02 15:29:21,2017-03-02 15:45:17,2017-03-03 09:07:14,2017-03-15 10:15:32,2017-03-27,46ae70c6315916db0d814fc994c943e3,2017-03-02
ed8ff8e1133b8915071638d66026e24e,83891ea00d5283d17373996474c61eb9,delivered,2017-11-13 10:38:36,2017-11-13 10:50:33,2017-11-14 16:38:58,2017-11-20 20:09:09,2017-12-06,2d3c032d70985bc0e46bc200d57dd4ef,2017-11-13
f35cac76c0b3ccb901b3ac0326ef34ba,77dab9ef60e95dafb7555bc0f556df40,delivered,2018-08-16 10:32:24,2018-08-16 10:45:11,2018-08-17 07:24:00,2018-08-20 21:07:51,2018-08-24,08bb1e743496dfc8a94497fa1b84af88,2018-08-16
c8f631b81829af9fd4cddced8a695dac,ce1ac83b3ae7e9720aadf8bb27c293d6,delivered,2017-07-24 22:54:36,2017-07-24 23:06:00,2017-07-25 19:43:56,2017-07-26 16:27:54,2017-08-08,0ebad44e037893b9d3ec81a923196420,2017-07-24
e5610cab06772aed838e6db4d682722a,4e2c23f77a9859b498c3af636815e9f0,delivered,2017-10-24 10:38:03,2017-10-25 02:28:33,2017-10-25 19:04:10,2017-11-07 18:58:37,2017-11-21,7c51e7193411b62586059c6d15a10aa4,2017-10-24
52213ce438ca7a21ce81bc3d48a3d4e3,aec3990215e61aa16c68ead53e9ee7d4,delivered,2018-05-23 12:02:38,2018-05-23 12:54:38,2018-05-24 08:44:00,2018-06-04 16:09:33,2018-06-14,e9fb41581bf83dcae24eb51402d694e2,2018-05-23
341fde35809d4cdae709b875a0040b23,5d0a1762c0f0dd867d87f1292aa74222,delivered,2017-11-02 22:01:56,2017-11-02 22:15:25,2017-11-04 13:47:38,2017-11-15 16:31:57,2017-11-30,af3b088cc032929684c5b18cefc67327,2017-11-02
98851e1a5afa44197e521fc8656fa598,15c502883c5a88805a3d30df33ec577d,delivered,2017-10-01 17:52:59,2017-10-01 18:07:19,2017-10-03 12:26:06,2017-10-11 04:43:53,2017-10-30,f4a3e4576145cd70ec4174478b00913a,2017-10-01
d394b412b6d133b86365feb125056e5b,ce27e4fe4c3d64d7ffb6449d4fdc97d3,delivered,2017-11-30 16:49:13,2017-12-01 11:31:11,2017-12-04 21:38:49,2017-12-05 20:07:45,2017-12-19,dd79c16e78e8c812e14043deb3769fde,2017-11-30
b308154c76f89d8c52b41f7c8480d107,ec28154259f5771f8b042fc39e08b878,delivered,2017-11-25 00:10:01,2017-11-25 02:57:19,2017-11-28 14:47:59,2017-12-15 15:15:05,2017-12-20,d9e1b12be9642c910bfff38ee736b010,2017-11-25
d33aab7eec3e76dd7e074c6ff1121b6c,6119b42d0975a0c383c5f59f5ae0fa4e,delivered,2017-08-04 18:31:12,2017-08-04 18:45:10,2017-08-08 16:46:46,2017-08-15 19:47:36,2017-08-30,6d0d61a2ea5f4fd88d56aec722fbbcb8,2017-08-04
aaab824b480222c061bba0fa4886308e,238b9beff3ad2663891162f617180328,delivered,2017-09-04 15:31:36,2017-09-04 16:35:09,2017-09-12 12:28:09,2017-10-03 17:48:14,2017-10-10,9c760a39c48113c1450dd5b65958d7fa,2017-09-04
59c1736899bb709593b369f89fbf2574,538e430c79cd7f3760ee52dcaa0d8c34,delivered,2017-03-20 09:33:12,2017-03-20 09:33:12,2017-03-23 15:22:44,2017-04-10 13:34:20,2017-04-17,241281a0ecaab8f762a8a54a41d95498,2017-03-20
66693edf9fb4880fc5049cd511a55e88,e619078d823bc3fa1330ec30ac0a1140,delivered,2017-11-24 01:07:28,2017-11-25 06:16:51,2017-11-28 21:28:58,2017-12-08 19:38:48,2017-12-14,dcd4e167f75f636f80f687ae0b41254b,2017-11-24
1e569d6eaaa4dee08f4b054b65f97134,f82e86f678897969ded42dbab137c31f,delivered,2017-12-01 01:40:55,2017-12-01 10:30:54,2017-12-01 18:38:33,2017-12-05 16:49:19,2017-12-19,1623bb8272e54fa0a9eb93aa4895adbd,2017-12-01
40f27de71845c6aebc742107208b5c2b,f196d37d8e1f7f90f133e063d58fd132,delivered,2017-10-11 10:31:16,2017-10-11 10:49:31,2017-10-11 19:14:14,2017-10-18 19:44:10,2017-10-24,2707694d2e0e2505aa0e5aae6bf6d936,2017-10-11
f01059d0d674e1282df4e8fbbe015aa2,413f7e58270a32396af030a075b924be,delivered,2017-09-12 14:27:03,2017-09-12 14:35:39,2017-09-14 19:27:25,2017-09-18 13:32:56,2017-09-29,f658d0732286980c0aecac1beeb218b4,2017-09-12
e18d0e097ef9cdd7894ed1b82a2b7479,9250ce7449ec490db1bd943f89228c94,delivered,2017-03-09 10:38:32,2017-03-09 10:38:32,2017-03-20 03:43:33,2017-03-25 11:12:35,2017-03-31,4e3b6c25502ef69e5c5e54616bf67ed7,2017-03-09
e0b4e92a39bc8b93bc4ff121772819ea,df94e5683581981f437c1986e75c2a29,canceled,2018-02-01 12:21:42,2018-02-01 12:30:36,2018-02-05 10:03:51,,2018-02-19,b875c0334fea427bb6fef944485fee67,2018-02-01
da0686c22c00de36d95422798bdd9cde,0a619d59300a6006492675a53733e51b,delivered,2017-12-11 23:18:55,2017-12-12 00:05:01,2017-12-12 22:10:43,2018-01-18 18:39:13,2018-01-05,805e5a317f4b3e1afccb9dfd71287a36,2017-12-11
acd8818cd21fdfa62f891ceb60326435,5f1d84b91a9d31c732191a8ee84d87ee,delivered,2017-12-09 05:52:55,2017-12-09 12:30:26,2017-12-15 21:28:39,2017-12-19 16:48:43,2017-12-29,d48a033feea3fd4eb67e6ce5801467d5,2017-12-09
bb645512c737c47f7bb875b67153b3f4,f84161106e6b8012ed6bf1643bfd4063,delivered,2018-07-17 14:35:00,2018-07-17 14:45:23,2018-07-25 14:55:00,2018-07-30 20:15:49,2018-08-08,015b72d1a4ec2bfcf75518ada117c62b,2018-07-17
795365a1900969b1025ba6722a40950e,1d8198faf45acdfbd8a4676ae09d4b39,delivered,2017-10-04 23:15:06,2017-10-06 12:57:10,2017-10-06 19:58:00,2017-10-26 18:42:39,2017-11-03,368602c0099494d458d6396b4ca5f0d2,2017-10-04
5b3f436dc53597ba05614a473a03783f,b479b095943ff69c66d51e278b3378a8,delivered,2017-06-04 12:40:44,2017-06-06 13:23:16,2017-06-06 15:35:15,2017-06-22 14:52:17,2017-06-30,740da3d856993ea1b31cdf06223f9645,2017-06-04
1f7b0324ef30f1bb6e2d6482833fb9d9,d8863cabfe51278718a9920aa867c67b,delivered,2017-06-07 20:55:27,2017-06-09 02:42:27,2017-06-09 16:02:21,2017-06-21 16:57:33,2017-06-28,d2d549c84bb91ddac8484347e9ba87e4,2017-06-07
f3444b42b17fcf5eb8f23ec2d69e21a7,dc9dfd801d2cd37a2908dda88330bb4e,delivered,2018-01-09 14:58:45,2018-01-12 10:29:30,2018-01-13 00:55:19,2018-01-24 00:12:33,2018-02-02,3929a54da1d2080fad9a1db8d96763a0,2018-01-09
275c73799ff2fa10ad41cbc15fcadb05,ab994eee6b515cbcf023c206bf29ec08,delivered,2017-10-27 10:46:18,2017-10-27 11:00:14,2017-10-30 21:22:49,2017-11-06 17:52:33,2017-11-17,34620e944336ce7f894ab2a658e78de5,2017-10-27
c35f0be8d0dc1e48ed297f8ea0f44f26,4ddbeaafc3eff2a014e49052df6c530f,delivered,2018-05-21 08:28:26,2018-05-22 08:56:47,2018-05-22 14:45:00,2018-06-05 14:08:48,2018-06-08,1ebc9696f3563b0bd0b7a36d02e952c2,2018-05-21
af3a99830ba4f46c5814e23ed92ef8cc,52798469029a20d7814d2b58c0c63e0d,delivered,2017-12-05 17:48:44,2017-12-05 18:30:43,2017-12-08 00:51:47,2017-12-09 12:58:52,2017-12-21,f6668ad7a21a02660cd75f1ea3653487,2017-12-05
5533f1edcb0023c063b64b627abc4024,366b4b63cda57be7ca46ecb33ee71f4e,shipped,2018-02-15 19:49:04,2018-02-16 16:35:20,2018-02-19 21:39:16,,2018-03-15,471198d28ccac06a1448f8928c8681e2,2018-02-15
ac6f2372fee2d8b5f63bd2387aa26a28,110b79f06a0f49a38da99084706a382d,delivered,2018-08-25 20:24:40,2018-08-25 20:35:16,2018-08-29 13:35:00,2018-08-30 20:42:42,2018-09-05,e4951b10e341a56871ef584deab3f2ef,2018-08-25
632f22d24375715fbfa8c0ae2e5d35b7,f8b67d327058afa39382991d7173b1d7,delivered,2018-05-01 18:06:32,2018-05-01 18:15:17,2018-05-02 14:17:00,2018-05-10 14:58:45,2018-05-23,7a3463eea32843cf42a1cbc026b117e5,2018-05-01
94bce2ab6f38b41d29ebbd9d755677bf,ba712872211b52224c61d5bedfc1bfcf,canceled,2017-07-09 15:38:45,,,,2017-07-21,7981ad866783fbc25ad64a3f87e6fd63,2017-07-09
f53eae1ce47dc68e8da117dd0d7feef1,a4fe94a051d268fbbe8e4ca932ebc460,delivered,2017-03-01 11:51:01,2017-03-03 02:10:22,2017-03-06 09:17:53,2017-03-15 09:42:37,2017-03-22,b4b88e47a9a425f0652ec4d2b6502fee,2017-03-01
dc3006aa87f57332aaff74c57a5e094d,50900ea3519ead20da341b41081736e9,delivered,2017-11-24 07:25:27,2017-11-24 07:32:57,2017-11-24 18:56:39,2017-12-07 21:38:48,2017-12-15,59c85e232ff7794ad797092e757c6c65,2017-11-24
ed1691ef26bd8279bd5946561af1ff0d,99ce553a3ac79b26416f2adca143760e,delivered,2017-11-21 15:09:22,2017-11-22 03:12:28,2017-12-01 20:57:06,2017-12-15 01:12:28,2017-12-12,6b59750878fb1122453b609a6cc618bc,2017-11-21
917399e96f92268dfa2c0351b1b75fba,c701fbfa77791abd05eef9eacf7ea7a8,delivered,2018-05-02 22:33:45,2018-05-03 00:30:43,2018-05-03 15:18:00,2018-05-08 00:56:42,2018-05-15,0818c7d2f55154e1398f23ce0c1eed79,2018-05-02
9373150545066777b1cd2bc20e93cf8e,622b07d262d545d16efbd4363a89cb91,delivered,2017-11-29 09:31:55,2017-11-29 09:49:10,2017-12-01 18:42:15,2017-12-14 22:18:23,2017-12-19,0d92f6772c38f299cbe7b9b56e2135a3,2017-11-29
fbc17f0f2a2125054d5ac5c22d2d5120,eb4350b67a0264c67e5e06a038e4afbb,delivered,2018-01-25 08:35:12,2018-01-25 08:56:52,2018-01-26 18:41:52,2018-02-02 19:57:25,2018-02-23,7c5d3a9ccb7e3ccdd56a0ffe357ec873,2018-01-25
6e1544fdf72a0f33f9d87bc0a3c6aefe,96c6a3143d7cc33bbebf14ab6abed0ce,delivered,2018-02-15 10:37:28,2018-02-15 10:50:29,2018-02-16 17:36:49,2018-02-19 19:23:15,2018-03-02,e51139ab5e2642e688d992a75cef236c,2018-02-15
c39a72135411c01196b59720b6c0979f,c840e43d3d57dbb4e99374570f2488cd,delivered,2018-02-21 17:07:20,2018-02-23 02:11:01,2018-02-27 16:48:40,2018-03-02 20:41:41,2018-03-13,7568ce2f45c7e6034ecf360ce5b64009,2018-02-21
339e96f024a9610f63ae9e1c65af559b,b67d9091d904c9237c3f00382f721c5b,shipped,2017-09-06 15:32:23,2017-09-07 02:45:35,2017-09-08 21:32:13,,2017-09-28,796a8e482db49bfbf7c9628ee24c12d8,2017-09-06
98b2c1f7a79d3a9b3c053ac187ca9ac3,12ca54ef905df73b98dcf7ccb0b92d92,delivered,2018-03-06 11:20:35,2018-03-06 12:21:03,2018-03-10 02:03:11,2018-03-13 23:58:54,2018-03-16,319aed7fd576c317a96b55a991befb3e,2018-03-06
192902ac0a92bb9961032769ab6b8f4e,b794220321d905dbfd3740e2292244bd,delivered,2018-05-16 23:16:28,2018-05-16 23:35:51,2018-05-17 13:59:00,2018-05-24 18:48:45,2018-06-06,c148d8da3c3af83856e7d7dc9fc766bf,2018-05-16
fc54a67aa2c88278d6475185217dc47d,efc8da928ca055916a38bf09425cae3d,delivered,2018-04-30 09:56:54,2018-05-01 05:32:23,2018-05-03 14:18:00,2018-05-08 20:12:13,2018-05-22,3b0d58daf2b91eea11f5c5972b872e32,2018-04-30
3c664925dceff7ac6d1ce0533c40e07e,520e97ba4dce3dfef4304e6c5afecff9,delivered,2017-10-27 17:21:53,2017-10-27 17:35:15,2017-11-01 01:05:09,2017-11-04 16:02:39,2017-11-27,39d47bb70f9d711b9a1d98c185a188d1,2017-10-27
00ab210695a17fe10e6b23616ae5bc97,c87e0e6aa4b3321adb017785ff605af2,delivered,2018-06-12 06:19:27,2018-06-12 06:35:05,2018-06-18 11:01:00,2018-06-19 22:12:23,2018-06-26,0697142614905a50813d854fa08b8eaf,2018-06-12
4925d46939ebcbb319898208aa308321,7eb292af92ee6b74439707af4517a540,delivered,2018-08-14 19:12:55,2018-08-14 19:25:20,2018-08-15 14:06:00,2018-08-23 18:58:51,2018-09-03,08f93b424b4ab0d1483bc10268065571,2018-08-14
a118a0349396cd30025c6dff98a74456,cb8a6aa2beb0c6cc37ae74a14798a13c,delivered,2018-01-20 13:59:55,2018-01-20 14:31:06,2018-01-22 19:48:44,2018-01-29 11:26:06,2018-02-14,aff454ef3ec92e2067610fe5a92abb3a,2018-01-20
011405ae7b89def8ffb3468eb29c299d,a9262f07bdf485ee87c6780a830ff83a,delivered,2018-05-04 13:39:26,2018-05-05 13:50:23,2018-05-07 15:44:00,2018-05-09 13:14:40,2018-05-21,bf3d0b96c5568f51f70c45ac9c5f7278,2018-05-04
21c67b5e714499b18a07580f8f0b65cb,15801c10e9babe0d851c7bf8fa04064a,delivered,2018-05-05 15:24:10,2018-05-05 15:35:16,2018-05-08 15:55:00,2018-05-11 23:38:35,2018-05-30,7b64f9724948aaa235d2e44cd10bcc8a,2018-05-05
2e14638c2db98313a31bd3078307ab2d,8acb24dc82680660e0270890fd0b5a0b,delivered,2017-07-29 22:07:29,2017-07-29 22:23:34,2017-08-08 20:44:48,2017-08-22 16:19:32,2017-08-30,3f43c86453d02badf9c09a8149b620d3,2017-07-29
6ac3c585ab15fac9309ab89d0694e3f0,f3b0ea4132efaf9ff55239071923b689,shipped,2018-01-02 13:00:12,2018-01-03 04:32:33,2018-01-09 17:29:12,,2018-01-31,f5cbf249b2dd5e417a0e5daf035e6faa,2018-01-02
35039106462613532618b7d841edf773,bd6e32e47b687f2658c4031ed5acd118,delivered,2018-04-18 15:11:12,2018-04-19 02:10:55,2018-04-20 00:18:25,2018-04-24 23:21:43,2018-05-08,1b138560f3f5cbc647aca7c71a77a18c,2018-04-18
d9d6038fc6b49e88d43af0a6d43f0846,fb474032f828dfeaf99d1dc9c67abfa0,delivered,2018-04-27 23:15:52,2018-04-27 23:30:47,2018-04-30 12:57:00,2018-05-02 18:41:29,2018-05-14,7bce4a0d256288464f70dc7308d85520,2018-04-27
7ee12a5da83559e76f5f2575a2ec1696,7bd70a2066dc5fd0b303f8ce0598a863,delivered,2017-04-05 22:05:39,2017-04-05 22:15:16,2017-04-10 16:19:44,2017-04-17 10:53:45,2017-05-05,fea8627390feb1f0f86cab956e438bdf,2017-04-05
4d3e60db45d11fb272ff7586b54b3f73,70d98c841b3004427e66e41bd2ace052,delivered,2018-02-07 09:50:16,2018-02-07 10:10:10,2018-02-08 22:47:37,2018-02-21 23:53:30,2018-03-07,a4f5ad1d5cd5d106aa02621eef8dd48b,2018-02-07
ad407659bb666af1f681e7ffa1f9e6aa,4c422f5f0c32753d20228e9a09b6b6c8,delivered,2017-12-01 09:07:15,2017-12-01 11:31:12,2017-12-01 18:04:54,2017-12-18 16:22:07,2018-01-04,4a1e99ce3e140ac9dee0339d1712b7db,2017-12-01
a91e629d7c60ee83c467d41250528cc5,415c13b4489f9e0714a91d93d347f924,delivered,2018-08-12 17:34:48,2018-08-14 14:10:19,2018-08-15 13:33:00,2018-08-22 17:48:55,2018-08-30,061e0d9d23f099ebcc78d1c90f94dfbe,2018-08-12
af1f8e604dd6e52d35dd93dd7c2b46da,30fe36e40e801f6f55cce8ee4aae9da3,delivered,2018-03-22 10:32:32,2018-03-22 10:49:39,2018-03-28 23:18:59,2018-04-06 18:31:50,2018-04-17,419fa4c55bcc7754a965e67a57fb3f7d,2018-03-22
dca240cc5f341c09ac34712505d7a4dd,fdb7e93904c944838363ba364d85a402,delivered,2017-05-31 20:59:25,2017-06-01 04:02:56,2017-06-01 14:42:24,2017-06-07 14:22:33,2017-06-23,413a6b89cf416018f157c63462412e71,2017-05-31
491fc1fb624207b2123368e6b0ea4df1,7fca8e6871e82155b2a7e5a6326a9fb8,delivered,2018-01-19 13:38:51,2018-01-20 15:01:30,2018-01-22 19:55:44,2018-03-07 18:56:38,2018-02-14,f6a518ea0bd168bc5f9a8d1a7c187314,2018-01-19
5590b14b260d2f61b2db5efb8d4a4601,e54f8011cb29eb0d2c0d98a3e402fb5c,delivered,2017-11-24 10:53:10,2017-11-24 12:32:11,2017-11-24 20:38:49,2017-12-07 21:57:06,2017-12-14,d8c8585ca6c2b288589f960131b1ce9e,2017-11-24
f35013d66cfcbe79e1bcedd6fb914278,9d8e0ad64a95c80b2816d44431f913bd,delivered,2018-08-04 10:38:17,2018-08-04 10:50:09,2018-08-07 15:14:00,2018-08-10 23:33:35,2018-08-14,6554ee157a59425e99e1b9c87913ca2a,2018-08-04
a0b6cfb8b86687ef318ba596e2a1ed5a,9dd548f9d9379d6036df9451f8ac4530,delivered,2018-01-22 17:08:22,2018-01-22 17:19:20,2018-01-24 23:58:36,2018-01-31 20:17:07,2018-02-19,79f025a102b894e01f5ec27f3a301092,2018-01-22
06c31507077733735c9c4593fec6e386,78bf26d205e36dc287fddbb10e00fcde,delivered,2018-01-08 10:25:53,2018-01-08 10:35:26,2018-01-08 22:54:00,2018-01-16 16:57:02,2018-01-31,93a55f631cb7eaf8d162e9712b157a7b,2018-01-08
220a06441d8ad4eee9645da58097ba4d,5a8396f758dfd82cf1a3db8c5be0ed5d,delivered,2018-03-16 01:19:52,2018-03-17 15:35:29,2018-03-20 22:42:11,2018-04-04 14:52:54,2018-04-05,605ab381c52be3911885ab1bacdab346,2018-03-16
f6e0b0a52fa22c15d6784e3cdda6e953,4a016ff232658b35fe0e4959e94cb0c9,delivered,2018-06-10 21:41:04,2018-06-10 21:51:55,2018-06-11 14:21:00,2018-06-20 18:12:29,2018-07-17,630cc6a383e57335bcebbb18d7eaccd8,2018-06-10
0694819ba6eedfe7b88c187ecb440a9c,b0d798d76605a085ed8b3a196da24b24,delivered,2018-02-20 12:04:26,2018-02-20 12:15:40,2018-02-23 18:49:13,2018-03-07 21:04:42,2018-03-12,975bc043bf164fd6da5d3f192c42dd42,2018-02-20
82387464df585a62e081b551cf2992bc,82eb0f700864871ddc51572601014ba4,delivered,2018-05-03 15:51:51,2018-05-03 16:46:30,2018-05-04 12:10:00,2018-05-08 21:41:38,2018-05-17,3637427810e4bac79beef302284a8888,2018-05-03
d7491ab46e00584734e88ea402f23e78,a51921054a93c2d99f085ebee1817c81,delivered,2017-12-15 00:16:42,2017-12-15 01:01:34,2017-12-18 16:23:41,2017-12-22 21:47:05,2018-01-11,b47e648ed6f1e3761b1f2ff0d623cc72,2017-12-15
67e554166ed3da3b14abe112395b74a2,2f447c4b0174c3cc652f7658b2a63b82,delivered,2018-02-01 10:11:11,2018-02-01 10:31:41,2018-02-02 16:15:05,2018-02-06 21:51:35,2018-02-19,fd511ab49ee6756524a20d0db52c5b98,2018-02-01
6b36356269703cbfe87cb8c95c815aae,1f89f66f069b8bc0f29feecf9268bb95,delivered,2018-01-15 22:18:43,2018-01-15 22:30:43,2018-01-24 23:19:09,2018-01-31 17:23:43,2018-02-19,3c33d991e801209f4baf30a396ec7648,2018-01-15
1057bf6391c17f9b6960dd996029e1dc,33b3ac58c257992bb9f0dff11643b8d0,canceled,2017-07-29 12:56:17,2017-07-29 13:05:18,,,2017-08-18,2592816433dfbb3051af91ba91625de5,2017-07-29
4d5e865e4b64c8b33f8a81fd14731344,1227e78bfc2760c165324d240e2d9ff0,delivered,2018-04-20 14:54:15,2018-04-24 19:20:25,2018-04-21 00:28:54,2018-04-23 14:35:02,2018-04-30,0c184b7e23f30243d8957a97ce6af3f8,2018-04-20
68025b4097f26554336bf88f51c9a9db,7de855472adc33fe718c032b99712056,delivered,2018-07-27 18:28:47,2018-07-27 19:04:18,2018-07-30 19:01:00,2018-07-31 14:51:55,2018-08-06,77c50c34a4e15bbf8adeeb6de222f7f5,2018-07-27
6dd033178f0da014487c039d8abf1a41,d2e38fbd811d3a75fd42f6401ca9ed53,delivered,2017-06-29 16:33:28,2017-06-29 16:43:49,2017-06-30 12:15:31,2017-07-05 17:05:55,2017-07-19,24973766ec2151ec4e5c1a77a1434c8d,2017-06-29
357769c200aa5a3a9b859db2f47b9b65,6e9fcf097dd6735e0b0462052b83e936,delivered,2017-08-13 10:33:17,2017-08-13 10:45:09,2017-08-14 20:13:41,2017-08-16 17:53:05,2017-09-01,50b4fe45b50d192527d816092338c348,2017-08-13
96af65966c377d4fd97ee8968d736cdb,495afb116e521984c5b111c5fa7db482,delivered,2017-10-22 23:40:48,2017-10-24 03:14:57,2017-10-24 21:33:05,2017-11-07 00:11:57,2017-11-10,1e89d084ae4ea90e522cc5158e8c98d9,2017-10-22
255923114ac9ab1260799440433c6963,60254511764522cff2afd2174b5aa9eb,delivered,2017-02-22 11:24:40,2017-02-22 11:35:14,2017-02-22 15:25:45,2017-02-24 14:32:02,2017-03-21,2b5b2f066b6f5532e844e704321f6a3c,2017-02-22
6a4c99d30fea593a981e1ab8e2605313,232d4e963d66fba5b601811200f812e7,delivered,2017-02-02 20:18:25,2017-02-02 20:30:16,2017-02-06 11:51:56,2017-02-10 08:29:01,2017-03-16,a615447488b8537b2ea3f981c8481fa3,2017-02-02
da0661322b03e6cc7ebe7e98961b9bac,2264bc9721308590506bf504cb0ed2d2,delivered,2017-10-25 22:31:43,2017-10-25 22:49:15,2017-10-31 16:33:11,2017-11-03 20:27:59,2017-11-22,80da67a4d1d6f824cc24731c437c8591,2017-10-25
db49353d6689dec69c2c2d19fcdc4d0e,b21978d261f075baccef1e4fd7d4c7be,delivered,2018-04-28 11:52:32,2018-05-01 05:13:50,2018-05-03 15:05:00,2018-05-08 23:03:33,2018-05-23,18492e62ff399a6263616b7b9181dd45,2018-04-28
17536c16762f9a7287c3bbf5f2262008,e9a6568264ec01dbcf4501a138e216dd,delivered,2018-04-21 02:26:31,2018-04-24 18:58:59,2018-04-23 19:22:55,2018-04-27 20:46:37,2018-05-16,d984794245056eb48de780e7d55f23d5,2018-04-21
0e96a13c8fd38b3cf8d5f8e30b7a7b8b,f894c7353394ea82b799dcabd639778c,delivered,2018-08-10 18:03:50,2018-08-10 18:24:37,2018-08-13 10:04:00,2018-08-18 15:40:49,2018-08-24,c84863dabec85ae0615fd0d48e406ff6,2018-08-10
4ed8ff23c5c750ac1bd49b98d15f7bb8,990670426160550fd10e610fc2b6f713,delivered,2017-03-13 08:11:00,2017-03-13 08:11:00,2017-03-15 07:51:33,2017-03-28 13:52:40,2017-04-11,a7f37264cfcaa68e4e8d181d09e952a0,2017-03-13
604eaa08ecca86f614fb23ab44999543,14186beaa17fc3c147b7018852d55c04,delivered,2018-07-04 13:08:16,2018-07-05 16:24:41,2018-07-05 14:41:00,2018-07-06 13:41:30,2018-07-20,e0cf91e55a73c80439de1e6a0db9d12a,2018-07-04
08904f6557108c451821501ca9e6aa4a,f69122629f3b9eefba47cc225aca93ec,delivered,2017-11-25 17:11:40,2017-11-25 17:31:38,2018-01-04 21:13:43,2018-01-24 16:25:42,2017-12-26,9506b3589dc76cb902c0126e212505c3,2017-11-25
4f484a232ce76de5a28249a74faceffc,5bbfc1074790affe8949fd7b7efe9a9b,delivered,2018-07-24 01:02:45,2018-07-24 10:31:13,2018-08-01 16:43:00,2018-08-02 20:07:27,2018-08-10,5d8e868e66c537267dc1eba2fb66f52b,2018-07-24
c4c8026516207b8ad1e841c44bd630d5,25b8803dbdbaa9c9aee9b10282b73ead,delivered,2018-05-07 09:05:04,2018-05-07 16:53:12,2018-05-08 16:47:00,2018-05-12 11:16:46,2018-05-29,7ae8089a22511ba68911bbb259713c0e,2018-05-07
1f8e863921f1d0daeda98b603a956954,c44e30b464ba83b15a4db35d65a035a9,delivered,2018-07-03 14:52:25,2018-07-05 16:03:39,2018-07-05 17:59:00,2018-07-10 20:27:50,2018-07-16,56c8a5a6bc02224316f6b3c45907de0d,2018-07-03
e4cc055d67f6ad3ce2fcf56e16eb96b5,e88c17456d85fea4f17d86e67e8d522f,delivered,2017-04-28 19:17:16,2017-04-28 19:25:15,2017-05-05 12:26:39,2017-05-24 12:37:02,2017-06-05,7d9edd9e58296f0d00d200b19575d124,2017-04-28
3ffffad3b77b6df473ab6edbddc6dcea,c9ca9573fa99e8e7f281d4ede1c2d2ea,delivered,2017-11-10 16:04:28,2017-11-10 16:33:09,2017-11-13 18:54:49,2017-11-20 22:37:04,2017-12-04,369cf1ff7175710f0cea99e7e9f705a0,2017-11-10
7ac49829b80413aa886449c409f59a4f,28ef2843e90a8f5f77c2658ba60e1cc4,delivered,2018-05-07 15:36:03,2018-05-07 18:09:51,2018-05-08 16:14:00,2018-05-11 21:07:39,2018-05-25,de230e43036dc218cf74e02e68ccb63e,2018-05-07
3937ff0dcfc2d3e0ccf73d9b6521611a,6df048a54bfef499d9e6dd224351e90c,delivered,2017-01-24 18:11:44,2017-01-25 18:15:19,2017-01-26 15:37:47,2017-02-21 05:16:06,2017-03-15,6709a7ea04a5251937e8def213bd93e8,2017-01-24
083b812dd46ddf24d9ae0b6429139c9f,a5babc0d525097dca3f22398b2edfd2d,delivered,2018-07-13 07:47:48,2018-07-13 08:04:06,2018-07-19 10:40:00,2018-07-24 21:55:43,2018-07-31,0e4d3df6fa00825b0e557887af53feba,2018-07-13
e555c759729439a5654103300684e242,7b63f12176df82c37faf125e33252536,delivered,2018-03-30 13:44:59,2018-03-30 13:55:16,2018-04-04 21:19:51,2018-04-11 21:44:49,2018-04-25,596f46e4d4b172098ad46d4d7880bcc2,2018-03-30
e466676123a176fc1f9d09856565cb41,4ff9d132fe2c07793f39e324e86f0383,delivered,2018-04-10 13:29:03,2018-04-11 14:31:14,2018-04-26 12:59:00,2018-05-02 18:24:51,2018-05-04,8deccda93fcd99ae5b5a7c058fce2c46,2018-04-10
5efadf4b12dd71ad2003ee3b7f2b24c3,901fa7395cd19913092d88c3d263b157,delivered,2018-08-03 22:55:44,2018-08-03 23:05:13,2018-08-06 13:45:00,2018-08-10 00:33:53,2018-08-17,b49862d2d7d16d13e68d23e868b3d8e0,2018-08-03
57db3577cc4d6b5ab2b9849d29c3fc61,116a6192abd7a39c88a68636c0665c2d,delivered,2018-04-07 21:18:46,2018-04-07 21:30:12,2018-04-09 21:41:17,2018-04-20 15:21:24,2018-05-11,fcd0ab79592faab19e2bf386cf69fbcd,2018-04-07
80170e6171a9f379e26b6554babb9d37,f2c913d4b9814476181c06c593ad0874,delivered,2017-08-22 20:31:20,2017-08-24 03:06:21,2017-08-24 16:57:50,2017-09-12 15:27:50,2017-09-18,1b379c92f8e4520216fe60950c8007ff,2017-08-22
bb5069a1c4caa1d28fe56f4c647d23cc,f2c48cad58997d0feebf4637a312a767,delivered,2017-12-07 09:22:20,2017-12-08 02:54:34,2017-12-09 16:31:28,2018-01-04 00:58:59,2018-01-23,0a03d7a7861ba16d55797bae954972be,2017-12-07
7937987ff13bd22aa39304d525e1eafe,8a651f62fa340c6bb5309fac465d7ef6,delivered,2017-11-24 13:19:53,2017-11-26 13:16:26,2017-11-29 20:19:23,2017-12-12 13:45:13,2017-12-19,a759a9247088f5af1a7f00ddf6d95133,2017-11-24
0a9814deb494ce0733321ca35f215a22,b9bec98c6738f16d7dc4e1f8e0e2c18a,delivered,2018-05-05 16:09:12,2018-05-08 04:55:12,2018-05-10 14:28:00,2018-05-16 20:12:08,2018-05-24,2994bf500644967c02e013523bd02a62,2018-05-05
ee482a8248d67e42aa1105d14a941a47,ba2c423a4e4c16a43981b06932eb7393,delivered,2018-04-23 08:49:06,2018-04-24 19:10:07,2018-04-24 16:12:04,2018-05-31 00:04:29,2018-05-28,5dee030b062b0fc8411180016c9eaadb,2018-04-23
1a57108394169c0b47d8f876acc9ba2d,48ebb06cf56dba9d009230cc751bb195,delivered,2018-05-15 16:25:14,2018-05-15 16:36:52,2018-05-17 12:37:00,2018-05-24 15:45:41,2018-06-06,9925e1d7dff0d807355599dee04830ab,2018-05-15
79782533a7f3400f4ec7ab41028b40f7,1c767a3c2776ca26f4c440f651362aa1,delivered,2018-07-21 21:31:01,2018-07-24 11:33:32,2018-07-25 16:21:00,2018-08-10 12:07:24,2018-08-06,76706f48b50836d776734fabb149cb4b,2018-07-21
949fa1f29e978e421be9ae66cfc59ab2,7da4db0d5e282fc84914042ea242e3ea,delivered,2017-07-17 14:40:41,2017-07-17 14:55:19,2017-07-19 20:39:00,2017-07-27 19:38:00,2017-08-08,734e026c2b1741b9374969bce7b541f9,2017-07-17
0a87de586a94b42f2294c207845674ab,da4b0dd3c2d5b6d284288457c7bf612e,delivered,2017-05-24 08:59:54,2017-05-24 09:10:11,2017-05-24 11:28:40,2017-05-30 16:13:23,2017-06-16,3f9e88e7d158e60e9746e20bfa4c3fb0,2017-05-24
ea84037149fffac865af31b750615c96,5692c9fa0a06b6ccee7fae0ed8ff0bf9,delivered,2018-02-02 13:50:44,2018-02-02 14:51:51,2018-02-05 21:33:40,2018-02-15 11:48:50,2018-03-05,66deee474bda15823465c6f18a05ebb7,2018-02-02
a5e045a63fbea3842f888a42153c61e3,ef6160b152a7df62401e31c5d3f548c2,delivered,2018-06-12 21:58:58,2018-06-12 23:22:26,2018-06-18 15:03:00,2018-06-21 12:41:21,2018-06-26,80858bc1ad0b7a63c5b87b3baf4fe309,2018-06-12
adaf01f381286c648134e9d617a4a1ba,3cddd4d1270c55d695d654b33fdc12d0,delivered,2018-07-20 00:16:43,2018-07-20 00:30:20,2018-07-23 11:39:00,2018-07-27 21:46:51,2018-08-03,6d8e66151e7677010d3bb44b8604cf8e,2018-07-20
13e22fa9743822ef30f7e3bdcfff69ee,5771758fad047028c6b772fe0adffced,delivered,2018-07-22 14:04:41,2018-07-24 11:31:40,2018-07-25 12:57:00,2018-07-28 16:39:30,2018-07-31,5edef036518282b6628d79eaba98b95c,2018-07-22
924002999673a9f3811a42bfd72f0ed4,b50432a97ca4a59273423f562da40c0e,delivered,2017-10-31 12:56:14,2017-10-31 13:31:24,2017-11-01 19:33:18,2017-11-07 23:22:50,2017-11-14,a25dd284c4b539501367fd831a32a03c,2017-10-31
07f6947cb721727031402e0cd6d6e5e9,0b169717fec8c12a53790ce862ee480c,delivered,2018-08-07 21:34:23,2018-08-07 21:45:19,2018-08-08 14:09:00,2018-08-13 18:08:35,2018-08-24,25e1b5240ae610b163924a49e7e85bc6,2018-08-07
604ed3ff72a9c67c6fcf940e6ba3bec0,f33d4d061db4611b150bf687e01c9371,delivered,2017-07-30 23:36:20,2017-08-01 00:23:19,2017-08-01 17:56:53,2017-08-10 19:17:42,2017-08-24,33aa371b7512b6a9fede4f231e212226,2017-07-30
0f1657174bf9b83165da972c16b656f5,7178f347b7b8ef2035bcdd1f53748466,delivered,2018-03-26 17:32:25,2018-03-26 17:47:44,2018-03-29 21:18:47,2018-04-13 01:30:57,2018-04-18,164d4c325fcb9ff95b4bf39db8354bb8,2018-03-26
14293b00f541856ef515e415e6a5a2f4,b6daa921d099d867a0158161a910f20c,delivered,2017-03-12 18:59:25,2017-03-12 18:59:25,2017-03-14 13:39:57,2017-03-21 15:27:41,2017-03-30,7599f9837a54b1c8d855a79f334295d7,2017-03-12
e5ec17b950e2ca6379aaee6905115d3a,ebfb52120d564ecc1fd3fb67e810af7a,delivered,2017-12-19 15:12:09,2017-12-19 15:54:30,2017-12-22 19:51:49,2017-12-26 22:10:35,2018-01-08,7b9bf77fe1fad37925fd6dc435c6c3e2,2017-12-19
7ce68309502b8d864e9ef8e47d21fd03,0a1b402981c8f8b2eaeb86a26e9deabf,delivered,2018-08-16 12:13:27,2018-08-17 03:30:58,2018-08-20 13:04:00,2018-08-27 17:16:41,2018-09-13,c9216e46b4e91af51b6688f2170ab5e6,2018-08-16
3e33f5f2369d96398462a491d376fefd,adfeda019ed4d832079a3c7421231813,delivered,2018-08-04 00:23:36,2018-08-04 00:35:20,2018-08-07 13:08:00,2018-08-13 11:26:47,2018-08-17,86e8c3ba2ed532a69fe4cf338b2ee6fa,2018-08-04
05692a713a2d25d85ac77a607b7db643,274ae39bf372e0bf2908736a9bc598ed,delivered,2017-11-12 23:42:14,2017-11-12 23:50:30,2017-11-16 16:35:59,2017-11-21 15:17:49,2017-11-27,547fdde6b7e5be7b9ba8a6a0296e347e,2017-11-12
d28edd4d734c48841154eae6d8a14539,7033600dee5ca5748733e816de91d495,delivered,2018-01-19 11:08:49,2018-01-20 09:07:48,2018-01-24 18:45:17,2018-02-08 14:52:19,2018-02-22,e0b26b14a6b4c1b0ef2b31449a795edc,2018-01-19
fab3dc50c9cba98a6261babbf9c16a62,663b51f8fd7358619b189238ee647318,delivered,2017-11-13 22:27:49,2017-11-15 03:06:43,2017-11-16 14:47:11,2017-11-27 16:37:20,2017-12-06,94b864be7c90faf7720916f618413186,2017-11-13
1166c0cee90e165a1b3cf275339be6cc,01514a0b29d64250fc301b3413aa0ba3,delivered,2018-07-21 19:29:35,2018-07-26 23:31:24,2018-07-24 14:27:00,2018-07-30 21:38:00,2018-08-13,af329b8b816bc8de251c365f45c848af,2018-07-21
859c79a3ec5c558828c5f5a86e66841e,2e6d201b0cf5ee860e16f58c0c55cfd5,delivered,2018-01-13 09:16:12,2018-01-16 03:36:36,2018-01-16 22:43:31,2018-01-24 21:12:32,2018-02-07,9c68d1eb4ce88ffe6d6fafe96b47a6be,2018-01-13
9758212b340212a84d22f713ce2e0fa8,d1d9b4bb3c7bef2d99d2aebd30d434e9,delivered,2018-03-04 18:58:06,2018-03-04 19:15:27,2018-03-06 21:16:59,2018-03-28 01:56:44,2018-03-21,2ce6de7debec9c44e5a96f4844765d04,2018-03-04
a48b334c5fecb11f072a3a98ae5d200f,a37642199abe998aeba2601b3f261e33,delivered,2017-12-28 11:05:22,2017-12-28 11:13:23,2017-12-28 21:13:59,2018-01-11 00:24:17,2018-01-24,4ecc3d1536d45f43dc367a3face29547,2017-12-28
62b4063077164817444ed917010c5c16,5eb5291405a282b505795bf56d385a16,delivered,2018-08-07 22:58:06,2018-08-07 23:10:17,2018-08-08 11:06:00,2018-08-09 17:59:43,2018-08-10,d3cd39310c2e0c80bc7ec4127f8b6465,2018-08-07
6a2bb0f0f146e59e7b2669959798670e,e8b0ff75e9847ee1b34fddb882b41b85,delivered,2018-05-16 13:16:35,2018-05-16 13:33:39,2018-05-17 14:10:00,2018-05-22 17:46:27,2018-06-04,a7a054aada3cfdef011a637e301ac87f,2018-05-16
7479602087995e8c012bedfc514562fa,93c9596ca6e519e3932fe4f29f8d54c4,delivered,2018-02-24 13:48:53,2018-02-24 14:08:04,2018-02-27 23:57:01,2018-03-02 02:34:08,2018-03-12,88df708e175fa02a01b0fdd070655511,2018-02-24
d92a01f95189ea01e9fb980d9620cbe0,75618470cf7feeb7fdd120d26a766555,delivered,2018-05-14 18:10:06,2018-05-14 18:37:30,2018-05-15 11:34:00,2018-05-21 17:36:38,2018-06-12,975c5ca980dc00b3c5e25897e2570a55,2018-05-14
63e2032f511dd7a0ac625d8bda0a07c9,141bc716946bbe4113b2b02fda012c9b,delivered,2017-05-15 10:53:51,2017-05-15 11:05:15,2017-05-16 09:17:49,2017-05-23 12:42:11,2017-06-02,fdef5e91efaa5c7772e43998087fc12f,2017-05-15
7e2a281f24e01c2b6eb30c545bebb7ac,032151e5a9ba616acdac504023067484,delivered,2017-03-03 19:39:24,2017-03-03 19:50:18,2017-03-10 13:02:14,2017-03-17 15:44:21,2017-03-27,fa626aab80218f17c7c89234114ed10c,2017-03-03
34c18a8b5a4a469bd30549f852d97e32,1314355cd90fe9019e54bd1521df0ab6,delivered,2018-08-09 18:52:55,2018-08-09 19:05:15,2018-08-10 13:40:00,2018-08-15 22:52:43,2018-09-05,bad9f8d034bcba8c667303a1e6bafca5,2018-08-09
1aea1c4f6ec41ce89bb80dd63aaccb0b,6e63f3bdb71f1192e632bfa0f1979fde,delivered,2017-04-03 06:09:10,2017-04-03 06:22:27,2017-04-03 09:37:57,2017-04-10 16:16:52,2017-04-26,751a39e0d0189dd67535db9dbf0ca193,2017-04-03
1dfe970583e8a1a09241aa32a815a5b4,ed9d62c3af1f6b24e984d012f66eca35,delivered,2018-07-18 17:21:49,2018-07-18 17:35:14,2018-07-19 14:43:00,2018-08-01 15:03:08,2018-08-09,6a8fdf11c6cc553fe201f827da2f4e65,2018-07-18
497867927f8b7eca209cf8a7050711e9,145518c9a57c1bffa0c236496f09b80f,delivered,2018-07-24 10:52:06,2018-07-24 11:44:42,2018-07-25 15:28:00,2018-07-26 22:58:02,2018-08-01,e15ba3e88c137ad18d5f32fec206c225,2018-07-24
1e5a6ddd2dbe3e6f65699e6e643dc5cf,ad90f3af913ffd92df5465d726858001,shipped,2018-03-20 13:52:52,2018-03-20 14:09:32,2018-03-21 21:17:44,,2018-04-13,4f7d647e755177cf625b958c28d16637,2018-03-20
dd44ffc289cdf93e89ac256b6e478366,360d0a18da1d3d86caf6870c82142f6e,delivered,2018-05-04 22:49:06,2018-05-04 23:10:09,2018-05-05 08:56:00,2018-05-08 22:21:56,2018-05-14,49bc0eca628649c8d80cde1e288830b6,2018-05-04
1be5aa7ace982878dd1d68b4ed258127,3fee04b174cda902c48f94ac50b0d0a3,delivered,2017-02-01 09:54:31,2017-02-01 10:01:16,2017-02-01 11:09:06,2017-02-06 15:35:18,2017-03-02,cd2c19552d986262458bd8b02bf15463,2017-02-01
9f363e28be707432b8173ded00f855f2,3e883ff4e88f709ddf226164adb17fc0,delivered,2017-12-11 10:39:10,2017-12-11 11:11:13,2017-12-13 22:41:46,2018-01-04 13:07:21,2018-01-11,cae0b155d09593a1d08b09e66b19c931,2017-12-11
7ecf95f48e7c79ea6b74c40bc023bbee,8643eb5581484900c3b59ca579e7e5d4,delivered,2018-05-04 19:00:01,2018-05-04 19:10:14,2018-05-09 15:04:00,2018-05-10 15:22:07,2018-05-17,1a7c8e4256964e8dda2cc7753278c5ac,2018-05-04
9706023383737a509d67fdd3eaf88e54,8bb7adfbcfbc35d2577ced908736ddca,delivered,2017-10-02 17:00:34,2017-10-02 17:14:14,2017-10-04 18:23:45,2017-10-10 19:42:05,2017-10-27,caa717bed0bd136cb1ef7050c35c444d,2017-10-02
2ba1366baecad3c3536f27546d129017,6852966131028b6696be63d0a1bd87ae,delivered,2017-02-28 14:56:37,2017-03-02 03:55:33,2017-03-02 18:03:45,2017-08-28 16:23:46,2017-03-29,3105d598604298481a38511105000bdd,2017-02-28
47e395802e5caea991cb407fead78614,db6e5ae977b1bf6f0dd591cf101e73f1,delivered,2018-05-15 15:15:21,2018-05-15 15:35:18,2018-05-17 08:25:00,2018-05-21 15:03:25,2018-06-04,c396d1334ba8f1ce91954289ef4a3547,2018-05-15
635391aa82227068b492ef6290fa4354,d92d771ab3a92411b7afc6ea9839b5df,delivered,2018-01-20 12:09:32,2018-01-20 12:37:12,2018-01-25 02:48:24,2018-01-30 17:14:44,2018-02-21,5dc68df09aee9044ff6026955ae7d990,2018-01-20
d2625960105421250d7c067b24b462b2,03ce4fbe5fd3c67bfa9c7b6f87dea760,delivered,2018-03-18 19:08:55,2018-03-18 19:27:44,2018-03-22 22:06:26,2018-03-24 16:28:55,2018-03-29,d149d3c210bfa99beadbc7cc68c4f43c,2018-03-18
a8a2f97bc403ceb2bc6c142b4b4add3e,677d29a213c461d16e75734b36d68d8a,delivered,2018-07-03 09:54:45,2018-07-05 16:20:20,2018-07-03 12:16:00,2018-07-11 23:12:06,2018-07-30,5a965ec01e7c1f31d27cdce541e490c9,2018-07-03
de02f1fedf59ab91765817a349261f93,31cb868903a0743d096e59969787b1a2,shipped,2018-03-26 23:38:17,2018-03-27 17:35:20,2018-03-30 00:25:34,,2018-04-06,938240f1f466b0f438b853e75bb160fc,2018-03-26
9de8f4ac771189b55e817ebd04cf21a7,4e14c735c75d9ef95926a7eefbb67f48,delivered,2018-07-31 10:46:12,2018-08-01 02:44:20,2018-08-01 16:35:00,2018-08-07 17:56:40,2018-08-16,7813baf15c79ddb88f8908b2f9c34417,2018-07-31
59b8ec350171c9fe4e4048ce80351ebe,59c6b1ba576945b3e864784ba0a8e9c4,delivered,2018-04-24 13:23:50,2018-04-24 17:47:54,2018-04-25 12:04:00,2018-05-04 19:20:55,2018-05-21,00c605c0bfa39610b994c18f822a6d5a,2018-04-24
93f4ad7f8e995f288e242d98972e8d5f,22100c44bf99fc93e056ab80ea1cccbe,delivered,2017-04-18 19:39:52,2017-04-19 19:45:16,2017-04-20 08:24:22,2017-05-08 09:12:54,2017-05-25,5f7f0647671f1e4537a2274a8b8f2365,2017-04-18
dc920c44a8f3925e7fc295890563d2c5,1ccf8703dabe640663f7ec1f4c723b6e,delivered,2017-12-26 17:51:47,2017-12-26 18:08:53,2017-12-27 23:24:59,2018-01-04 17:54:14,2018-01-19,5cca3e5d8ab3de6c44db3af4135fbb9f,2017-12-26
0b5754bbc86b2ff33bba8be1cab6c230,91d2ecf0eb5229a6d5251f06a6a31cf2,delivered,2017-09-04 11:59:58,2017-09-05 12:05:18,2017-09-05 20:15:26,2017-09-14 18:21:47,2017-09-29,4f4395a5349024b0fbc36dc61b120c97,2017-09-04
d054d1dbbf0ebf14005e7cdedf8dc96d,3247886bee20a89efc731f74149c0782,delivered,2018-04-12 10:48:18,2018-04-14 02:30:34,2018-04-17 19:03:40,2018-04-25 18:16:32,2018-05-14,e6ef2e994fbdb5d2ead1426df6e8d07b,2018-04-12
58c72979aacbc053822e7cc69c316ca4,96e6c1b892d8423c7a4aa04cab44cb05,delivered,2018-03-04 19:51:59,2018-03-04 20:09:37,2018-03-06 00:05:32,2018-03-19 21:26:55,2018-03-21,af787c67af631b58a4016ce93ebf1de4,2018-03-04
77825d49024eb269c8576e8d4e2b8caa,c829c9588cb430f3636a577bdfdde936,delivered,2017-04-26 17:39:16,2017-04-26 17:50:12,2017-04-28 14:44:53,2017-05-11 11:47:59,2017-06-01,8eb7353214076288e6e6e2af1d5dec90,2017-04-26
80b77c666e1dab43571417e42bc149e5,81c3b601c6ca9c5dbe3b9a56a40a2b80,delivered,2017-12-07 15:42:49,2017-12-07 15:53:25,2017-12-08 20:39:28,2017-12-19 17:28:58,2018-01-04,0d01490a0bd0ced6c5ced896471a5d50,2017-12-07
990eab27d0855cf08464eec60d4c18f5,339330c8fb9b0d9f9d5a1e2bd7e29ad7,delivered,2018-08-12 11:33:02,2018-08-12 11:45:17,2018-08-13 14:24:00,2018-08-20 19:32:46,2018-08-29,f0cf6e4ed0e235e8fed8a6e2d209711b,2018-08-12
dbe1de9b04777a1c1bf05fd0aeebde9a,f3d37b5276fc40a7fb3bea7ecdc628a8,unavailable,2017-06-07 15:50:50,2017-06-07 16:02:19,,,2017-06-28,1ed6b2a7161fe2c54fc176dca93fbb6a,2017-06-07
d8b293a9c747dbce4a60f6c0bca37dd7,90830dbb673d83c46f791a44b9a0c838,unavailable,2018-02-09 17:57:31,2018-02-09 18:20:28,,,2018-02-23,21dd2404f4bd7f4b83754ed902231ef0,2018-02-09
83e9b645bb34b16b05add091d031f417,77f030ba93444a3241b1ead8a9a0dd30,delivered,2017-12-28 13:09:57,2017-12-28 13:31:13,2017-12-28 21:44:55,2018-01-18 22:04:37,2018-02-01,e8be09550b852a11f232d0acd991d9f0,2017-12-28
a3cb71ba35d4d8ef1f5661769d7c9915,810f7773cc54bb6e0e737bc0e21d6765,delivered,2017-04-19 15:51:24,2017-04-24 23:33:19,2017-04-27 16:25:56,2017-05-10 09:44:52,2017-05-11,41cc17cc180a041bbf4806ea30228999,2017-04-19
88821a1158691d3d5f4e35004aeb2aee,fcd5f6483d41d80112a58322955bf9f1,delivered,2018-06-20 16:28:00,2018-06-20 18:47:07,2018-06-21 15:17:00,2018-07-11 21:05:29,2018-07-20,478ce3f933a0762be611698dc878dd93,2018-06-20
70f68b39d2f381634322a952699f55d1,cede787c255e3af82b9ccd385c7c9e7b,delivered,2017-06-29 21:40:40,2017-06-29 21:55:11,2017-06-30 18:57:40,2017-07-10 18:43:55,2017-07-24,b68a98377d20140feaa17eeb61687459,2017-06-29
b858cf2a7c0c817f564a25b0d351ef30,ca9f1b2bca17f3381bfd4921e909e28a,delivered,2018-02-18 22:25:19,2018-02-18 23:27:01,2018-02-20 15:43:07,2018-03-05 19:52:42,2018-03-12,4f2062df3c3956ddbbc42067cb11ece8,2018-02-18
cddbe0d3e12cc6ae8effe83bd9831c81,c0ef426cfa20b4a2d3124eefe9f27986,delivered,2017-06-08 18:14:49,2017-06-09 18:10:14,2017-06-13 10:09:26,2017-06-19 20:47:50,2017-07-06,28f00d6e60345b842eaa356f81c1ed3b,2017-06-08
07460d5693ce1f6577ebd04b4ad091eb,0ff624414ba63f57af8921508338a509,delivered,2017-09-25 07:46:47,2017-09-25 08:32:21,2017-09-26 12:41:37,2017-10-02 20:32:16,2017-10-19,5ead757839be06943952cf4e7daf3e19,2017-09-25
8e36e939fc7a7d7c54d2dfec4e37190c,6b4f1c5c5062bd50fac7197ae3a2a0dd,delivered,2017-03-01 13:36:02,2017-03-02 03:55:23,2017-03-03 11:54:02,2017-03-13 12:09:12,2017-03-24,d99b24057162a3c262227bdb34493f93,2017-03-01
83656a38115e8d648f60d937a29e32a2,9029f95c9bb20813a61da5bd62ada9fb,delivered,2018-04-18 19:16:32,2018-04-18 19:30:21,2018-04-20 18:31:31,2018-04-25 01:04:35,2018-05-22,47ddfbe8eba0f069cdff6b66b01eec38,2018-04-18
ad9d381a3928b29277b01f1a357a7d2d,6b065321c5166d6cca386c68a89639c2,delivered,2017-10-04 20:19:57,2017-10-04 20:28:21,2017-10-05 18:32:08,2017-10-16 21:33:41,2017-10-27,87f7e4bfe9d779a2df80a7d07ec9480c,2017-10-04
9ef13efd6949e4573a18964dd1bbe7f5,adb32467ecc74b53576d9d13a5a55891,delivered,2017-01-30 21:44:49,2017-01-30 22:33:45,2017-02-01 14:34:10,2017-02-14 10:48:10,2017-03-07,11f97da02237a49c8e783dfda6f50e8e,2017-01-30
7cf84141620b065cc0ba010239569589,578d180c1446b410056c36f0c45d965e,delivered,2017-11-11 16:18:54,2017-11-12 16:26:40,2017-11-14 22:04:44,2017-11-29 20:28:36,2017-12-08,38dcf7b18c807cce2f5f7040932aae34,2017-11-11
8aa9548fa899cb3509257727e76fbfad,8516176bc6e365c8bdd9ab15fcccb26b,delivered,2018-03-15 18:16:24,2018-03-16 09:07:00,2018-03-17 16:28:31,2018-04-18 21:40:46,2018-04-09,5efb4e021c3da3c1dc1337c5e0c0a807,2018-03-15
a92da206ef6383c3faea2be21c673e5d,60c2f9b2b8dd9bf27b121138f323aa0b,delivered,2017-09-14 18:50:07,2017-09-14 19:04:51,2017-09-25 18:09:07,2017-10-11 18:04:02,2017-10-27,9bc158770d28e135f48b0c3fb2c21d27,2017-09-14
22ee91c7febb94838b3468761b7dd72c,e01a35c0c3eb75cf669d46a623165695,delivered,2017-05-01 21:12:39,2017-05-01 21:25:11,2017-05-10 09:54:36,2017-05-11 08:03:33,2017-05-23,179d9ae507e6d6882c23bd234282818a,2017-05-01
93b590057f946fba0bb236c96d384a89,145a15dfeab6ebc89f63c22802b3db71,delivered,2018-05-09 14:58:57,2018-05-10 14:57:08,2018-05-29 13:28:00,2018-06-09 14:46:33,2018-06-11,e6293a4e5afac2650800b0483634e321,2018-05-09
02b8fcdd1bd75d7d5861f407dde29768,947460703c5712189a4e5b5cfff686bc,delivered,2018-05-15 11:12:08,2018-05-16 11:19:08,2018-05-16 13:02:00,2018-06-02 16:03:15,2018-06-13,fb8bc250f9f12a9121282d4b0d59485b,2018-05-15
e750c043ac98c8eb957cb52789f126b0,13cd366fe64b37786a0c7cf845d1711f,delivered,2017-02-15 16:18:40,2017-02-15 16:25:23,2017-02-17 15:52:55,2017-02-23 08:44:48,2017-03-14,5b976dd4f77ac841d7027290494b8dbe,2017-02-15
9c77f370544954701cf2847a3732cb84,24a6230db4aed87a39690a53849289e3,delivered,2017-12-12 14:29:19,2017-12-12 14:36:25,2017-12-13 15:57:08,2017-12-21 17:43:26,2018-01-12,40654830cdca92052fad5f13d092c65d,2017-12-12
8073b9d2a53026d45880252243b0c646,62f7de825bc458cc12c2f6bb39a397f5,delivered,2017-09-06 17:10:19,2017-09-06 17:30:26,2017-09-11 21:23:01,2017-09-16 17:14:39,2017-09-26,2c57d7c4918e4227b7d39e653ae2ad6c,2017-09-06
491b6882815a6368f57277d9bfaebb12,d6789e34f69bb07b9355c09c2d73491f,delivered,2017-11-03 22:19:52,2017-11-03 22:31:30,2017-11-06 14:58:33,2017-11-10 20:52:47,2017-11-27,647de02f33fb0058d4acb20ef1ce482f,2017-11-03
89de67358b10a57af46bfa348e4f5ec9,e5df8e6b6b461889d592f9c6cf406e87,delivered,2018-02-03 18:28:29,2018-02-06 05:31:50,2018-02-07 22:44:49,2018-02-27 14:12:32,2018-03-06,18d1f2e8370e5c7eebb95c86081f41fe,2018-02-03
a8aa4724dee04db3a0440eed8cb33911,a652e8919a5a67adb8d78792fb01f0c5,delivered,2018-03-27 08:43:54,2018-03-27 08:55:23,2018-03-27 20:29:34,2018-05-02 23:59:00,2018-04-23,b50e7d677ca5e714ce5c59e3426e85e3,2018-03-27
02c8a77069dc7fd1cf273312c3a6e499,35a4c349e95eea674c798a25a532995b,delivered,2017-08-30 23:47:53,2017-08-31 00:05:03,2017-08-31 15:14:46,2017-09-04 15:09:54,2017-09-18,137e5dd66aec8daf7fe5a023bc274c44,2017-08-30
a91ebde34a74e0a0116aeed6da3709bc,3df59f2b34cf38f0d00f06bc048ee88f,delivered,2017-07-18 21:31:40,2017-07-18 21:45:23,2017-07-19 19:22:35,2017-07-29 16:41:09,2017-08-09,6fc2f4d9f74dab23928c708328cb20a9,2017-07-18
227ccb58caaeac742a273c01856d523a,21087ff65fd587817c856257e50f2840,delivered,2018-01-24 17:13:38,2018-01-24 17:33:02,2018-01-26 21:12:53,2018-01-31 21:38:49,2018-02-16,3c8d75c7b0acfda04e92d3dca43ccee7,2018-01-24
c2ca5bb314810bf0b90e5ee6cc1f9777,405fecd58e25e71c922897446940dbec,delivered,2018-06-03 20:37:15,2018-06-03 20:49:53,2018-06-04 13:42:00,2018-06-08 15:12:24,2018-07-05,226d30f1ca3541ebcc569a4d851918e3,2018-06-03
1e6832ed905471e6aaa1c8e6c09186be,b9f2ab1c760b97accfedeb1070e7cd67,delivered,2017-05-31 17:23:00,2017-05-31 17:35:13,2017-06-05 16:59:42,2017-06-14 15:38:11,2017-06-30,94374f520fa9fe75d477ecf113cae041,2017-05-31
bbbc7b0788315eba0f24a27be06e0538,5b123ce643eaafed4841bf3cbf1d2bd0,delivered,2017-11-24 22:14:50,2017-11-28 03:46:40,2017-11-29 22:52:07,2017-12-18 17:46:47,2017-12-14,65663adf8c7a498b79e57ff84ab2b654,2017-11-24
f8ce8242387e2e8b654ae2de173eae5c,e9b844813a7b73ca203d03630ac40a21,delivered,2017-07-21 19:14:35,2017-07-21 19:25:14,2017-07-24 14:03:11,2017-08-14 16:50:01,2017-08-24,2fe3c32fda9680f84896ca6a3b370586,2017-07-21
3e70edc835c9b04809623f518a513d00,f690c800cd56736b12bc37cf53580167,canceled,2017-02-22 16:10:31,2017-02-22 16:22:22,,,2017-03-23,c88aeffbd384721bae450d32fa80c5f8,2017-02-22
a2429c5b2d967e5f28f4bbf162d72548,517da850aa8004540b1a95367cf26cc1,delivered,2017-07-02 19:47:29,2017-07-02 20:03:54,2017-07-03 17:05:01,2017-07-11 19:04:48,2017-08-02,173a974c5e28457a3c82a122a321560d,2017-07-02
af4c1c7ca3aa8d5d93c434ae5f59edca,4515fac76cbb11d7c0c69afeb93c49fc,delivered,2018-01-06 12:08:02,2018-01-09 07:27:11,2018-01-09 19:43:02,2018-01-22 14:09:16,2018-02-08,a282511ce18d1873c639c926d1d8c3a1,2018-01-06
3e3a2f955d45f35c654bd13bade8e0d3,b405716abc33037f3150858d83ce47b9,delivered,2018-07-30 23:26:24,2018-07-31 00:20:12,2018-07-31 11:56:00,2018-08-06 18:48:45,2018-08-14,563dc9dc9f253c5c77566643c8e4ea4c,2018-07-30
396ed132c900a336a0cce56dea205a7e,c3dd6dafd176db77fb0b887d83982df9,delivered,2018-03-01 07:34:10,2018-03-03 02:50:37,2018-03-07 18:55:13,2018-03-15 21:21:47,2018-03-23,69301cc631582d004e6392829adc2ac2,2018-03-01
f6f0b2497c5a4ca89670186757ab2684,a0a77214faef45bda6ff573f33f39f2c,delivered,2017-06-26 12:23:32,2017-07-05 17:09:11,2017-06-27 17:03:09,2017-07-03 17:53:29,2017-07-18,d7c6335139cb055ed0ce1125ddc788d8,2017-06-26
fe9aa3b22b4d65ccbaffb57984bc12fb,e14603210bf5355859bea3b45bbad044,canceled,2017-11-14 19:30:10,2017-11-14 19:50:28,,,2017-11-28,0f1443bd810ee6fcfa261d95ff34446f,2017-11-14
9b555fa3c1a9ac79415e947cde8180bd,b7512df210374933320f8e821ad55455,delivered,2018-07-10 22:26:37,2018-07-10 22:45:55,2018-07-11 14:02:00,2018-07-12 19:21:43,2018-07-19,94dc34f5096d67ed7d4de26f3e0a2968,2018-07-10
f16ed2117bb2fa5b3d151a031c9cae37,a0d33732ba41944e1a398fd620db4aba,delivered,2017-10-13 06:14:02,2017-10-13 06:28:12,2017-10-16 16:39:39,2017-10-26 21:43:41,2017-11-01,160918dd886397c3ca41638574c66492,2017-10-13
1e55ec3322465b5b6dc07d7f5ef45f99,4fe1824a2ffb989661a39c7dab041fe0,delivered,2017-07-27 14:22:00,2017-07-27 14:35:16,2017-07-28 15:33:59,2017-09-05 18:33:43,2017-08-30,bd3838f9d072dd199551a8f467c13134,2017-07-27
b6ee8fd94e6974591db72e75b17b2170,3acc86f77a1528b4b99649c2c83c1eae,delivered,2018-03-06 19:06:13,2018-03-08 02:35:31,2018-03-10 02:03:55,2018-03-16 17:11:29,2018-03-22,b03a5f8d6b6f299bd5d012c9a34f6be8,2018-03-06
a2860430c7bee71b1b90ffc78a95df6d,cc3e81acaff70da9f1f6bf9fa1430550,delivered,2018-02-14 18:27:03,2018-02-14 19:20:23,2018-02-15 19:51:42,2018-02-21 05:38:55,2018-03-08,ce8b665ad7a00dfee2a4fbd19dedb82a,2018-02-14
8e0b25f18db440912bbd8f49eea80abc,21f9fbc70fa36a15771ec8a33d4db305,delivered,2017-12-10 19:18:43,2017-12-10 19:30:47,2017-12-11 18:54:44,2018-01-22 14:39:09,2018-01-09,21d4ced6a126e6e32a098860dde49288,2017-12-10
02f4865eba77caf307bb9f08d0a59a32,8c0371d9a7330d609cb2b0f9781183d0,delivered,2017-04-19 03:08:08,2017-04-19 03:15:05,2017-04-20 07:56:35,2017-05-09 12:06:48,2017-05-11,a0e1b13a3ee2d46c7de8d987ef47ec4b,2017-04-19
5fb801bbd0a3376799e6d3a508f845db,4bb0b800e2bafd5b1df51ea1e45e780b,delivered,2017-03-24 10:53:14,2017-03-25 15:42:24,2017-03-28 13:03:15,2017-04-07 11:52:39,2017-04-18,a0dc0910971f4c957ca0d19416566c47,2017-03-24
d1eeb7258c6971ef8e350b3cf74bb7cf,9b183b26474ad71d43c693f5614d2aa6,delivered,2018-04-24 10:54:19,2018-04-24 18:47:59,2018-05-07 15:51:00,2018-05-09 18:33:00,2018-05-17,5fe43c878638f310d21749d3bd1d6c7e,2018-04-24
42120fdf9e2fb1cf82882ebca7e86db6,26f069f5c2cd9ed767dce69251024330,delivered,2018-08-10 00:58:32,2018-08-10 01:10:14,2018-08-10 09:55:00,2018-08-14 01:33:39,2018-08-15,d84b33a3691ebaf100e18e77ea0001bb,2018-08-10
555b96fab13352cfb0199d765806f364,1b2455a757e2ea03d68d30b3f3fcc12d,delivered,2018-05-25 20:44:29,2018-05-25 20:57:50,2018-05-30 12:22:00,2018-06-08 15:18:55,2018-07-04,25e777336d73c50a0d611a4e25330f46,2018-05-25
35096a0e4744902c11de408b85c43fa4,1e91f4e8d3d47b74276ac6c6ca566c8d,delivered,2017-03-11 19:59:25,2017-03-11 19:59:25,2017-03-16 07:18:41,2017-03-21 08:37:29,2017-04-05,ac0931d24718f56537af55f3e2d3ab8c,2017-03-11
66b59bf4515765f0bcfc3e42cf2ff344,8a83cd2272d6fb105959b4385ff872ec,shipped,2017-12-02 19:30:00,2017-12-04 19:30:25,2017-12-06 20:25:30,,2017-12-27,6bb68e803ab5d836c7bdb0c3d3281953,2017-12-02
287bda09a531679f371192ec2567ff71,ead5b1c1525972ec23a1c9bb49ebae1f,delivered,2017-11-23 20:01:25,2017-11-23 20:14:22,2017-11-24 20:38:48,2017-12-05 23:16:57,2017-12-19,818f9e26dfc3927e3d0f1db74a2bc673,2017-11-23
a9c2ab2568ed61706babd520ef82b9b2,266413b8d0b525d23ebc87014a58603f,delivered,2018-02-24 23:39:56,2018-02-26 09:50:06,2018-02-27 23:12:13,2018-03-05 17:10:50,2018-03-23,b4e4f24de1e8725b74e4a1f4975116ed,2018-02-24
e69ea0f5ba6fda2442f0889a6754242e,2d80d86138d24b2b609a00b8a2739dde,delivered,2018-05-31 22:16:08,2018-06-01 22:10:57,2018-06-06 14:03:00,2018-06-12 20:28:22,2018-07-24,72f916a5ca901f9775581f9d5da23478,2018-05-31
e537e63305719171bcf7cd7fa815d921,f24d7a432c684bf4e571600c1a8c313a,delivered,2018-01-23 14:57:59,2018-01-23 15:12:52,2018-02-07 00:01:47,2018-02-26 21:22:17,2018-03-06,2625152aff7b3ef5f24a0bf36bfd59cf,2018-01-23
3bd72d0bf4e30e74322d88fe9dd5ac2d,8f2b91ff30c5a34e638e218fe902b758,delivered,2017-08-11 17:35:12,2017-08-11 17:50:08,2017-08-15 18:32:12,2017-08-23 18:17:04,2017-09-04,bcaedda052fc72c42f55dd7c28b4b38e,2017-08-11
d75fa0f9d85ca4f5a1b29487cab3e143,88577b4fd9613b223626fa23538fffd3,delivered,2018-06-16 00:28:09,2018-06-16 00:59:45,2018-06-19 15:44:00,2018-06-29 16:16:33,2018-07-23,9d20fcca6b5dbafeef9734b07832afd6,2018-06-16
d94353ea4014f1fc7b6eaadcc9c90fe7,d499816665f38ec594f2b11a3d732079,delivered,2018-01-30 15:13:25,2018-01-30 15:33:30,2018-01-31 17:54:38,2018-02-05 18:42:58,2018-03-01,e90b08b050dbdfea652ac5acc8bff261,2018-01-30
ca13b8157cd272736639fa91c4d9eee0,886b800c818f6549c5c8a810d10ce92d,delivered,2018-06-09 14:33:58,2018-06-09 14:59:31,2018-06-11 13:32:00,2018-06-20 18:35:26,2018-07-12,22a896a2d634b0b1cf0818f00251b527,2018-06-09
6f32b46fc3b01903852f3bcc592c5687,a9700e72b6899dd6301b5ef0c7d65049,delivered,2017-09-07 13:27:09,2017-09-09 06:34:44,2017-09-11 20:36:59,2017-09-15 19:37:41,2017-09-26,fd305df2b1ba447c5a6f995d7ff73815,2017-09-07
74c13e4838eb5d8953b62b5f5feaf826,0e9bbc469f18383158141848f6c51923,delivered,2018-06-17 21:35:34,2018-06-17 21:53:44,2018-06-19 13:57:00,2018-06-28 10:44:43,2018-07-20,e88e2b9ff832fad39bfdd9dae2399443,2018-06-17
957422760905270c48cddad7bb2b3c63,55c95424fddde1e4af8153b3ddb9ccd6,delivered,2018-05-11 15:32:29,2018-05-11 15:51:48,2018-05-14 12:02:00,2018-05-28 21:48:41,2018-06-14,4db1ef0722c0e2c670108b4e6fb3c3dc,2018-05-11
98069064f6eef0a9910742e89aefd0b5,aa49b4ab5daab2fcce2b1ccf32dd9b0b,shipped,2017-06-22 14:16:52,2017-06-22 14:30:16,2017-06-22 15:16:38,,2017-07-12,651b9d14ef8acace2ba68cd88674ea73,2017-06-22
1610bbd775aa73327d7741d006c09fb2,5ff42319ecd54104278a50b3105b07c1,delivered,2018-01-10 23:12:15,2018-01-10 23:28:16,2018-01-11 22:56:02,2018-01-22 20:15:15,2018-02-05,bc5d1184a5766f6e3d42b32bf668c866,2018-01-10
ff5912414bd207006a7af78477de9733,67488e8cd4c4cd4b21118b03fc4bf6f6,delivered,2018-02-20 14:19:01,2018-02-20 14:30:45,2018-02-21 21:23:16,2018-03-07 16:46:31,2018-03-16,1c38e0a7b38824c8d6f1371063a62783,2018-02-20
298b4b88615e99709a35cfaba9ede56f,df5c089484b560d3fc9111f1f43c45c6,delivered,2017-12-14 20:25:42,2017-12-14 20:32:23,2017-12-18 19:35:11,2018-01-10 20:27:23,2018-01-15,df409b946825741811dabef4815a2eb2,2017-12-14
4af33d0a8ce1bbababe13c9480c10ea5,40e7f3dd68599eba447d4f95e9cedd1f,delivered,2017-03-09 16:30:19,2017-03-09 16:30:19,2017-03-10 09:15:01,2017-03-14 11:22:06,2017-03-30,bb266b215a960fd467f227445deb1c52,2017-03-09
466466045d6dd169bdd4ab10d2361ac6,6bc812b8422d9ccf271b89c88914ffa1,delivered,2018-04-18 10:45:30,2018-04-19 02:51:38,2018-04-24 17:16:50,2018-04-30 21:52:48,2018-05-11,1f085946ebcb56e5ea64b0b902e1cc8b,2018-04-18
8108ed1f76e87d696efd3b2f3729a370,2bb15bcc78ca350ae704bd3ba6bb5b2f,delivered,2018-06-06 14:36:07,2018-06-06 14:53:43,2018-06-08 13:28:00,2018-06-15 18:18:43,2018-07-17,da22295df05d9144c3068c7685cf6c52,2018-06-06
762e8f6a1e9d9929396293ddad11fd97,d09426a2b6b68356d848b5b5101c663d,delivered,2018-02-07 22:21:46,2018-02-07 22:35:29,2018-02-08 16:33:23,2018-02-15 21:33:38,2018-03-09,0d483d7125816714c7c8b3d2aec1b18e,2018-02-07
7ec1b2259b08869d945fd8fd76e8ee2f,4849374c3189ec40c89b978357e07e0f,delivered,2018-04-09 11:56:14,2018-04-09 12:10:31,2018-04-10 16:50:52,2018-04-13 18:21:17,2018-05-02,3bf72c18957ac81417c56fd32e10ae5c,2018-04-09
62f872bdf7d50fa3d2366c245f92d002,79b19b4903258723b72eefbaf47e00c8,delivered,2018-01-19 12:24:24,2018-01-19 12:34:23,2018-01-19 23:42:05,2018-01-26 16:28:43,2018-02-16,d742e5325a29ecbb5ee56fb05f16d075,2018-01-19
424983e66da021899eb8f8c0b0c4672c,aebbf33e1615558f28aa1a3b22da4604,delivered,2017-10-11 23:14:14,2017-10-11 23:29:10,2017-10-13 15:38:01,2017-10-27 18:59:58,2017-11-03,d26889b67fc1fd97b283f0abdac8b3e9,2017-10-11
7784ad61e5fa7f7936465d248cc5d9ec,9695cebce757764e8ca0bbfb22638c0a,delivered,2018-03-22 13:44:54,2018-03-22 13:55:43,2018-03-26 13:29:58,2018-03-27 17:42:15,2018-04-04,35b66eaf3b8651c0e1e254583563ce5b,2018-03-22
63449a498d346d5f1ed1fe90b03cca88,d0185ac97dc1fdcd3815b4fd9ae57180,delivered,2018-05-23 17:39:00,2018-05-23 17:55:49,2018-05-24 15:37:00,2018-06-08 00:32:51,2018-06-27,6b8b48f7575aa696a054385006f7c01c,2018-05-23
2aed1964a2e598f25618107fbb3aabb4,fda3211e07be154a6a9b4b95b17852d2,delivered,2017-07-23 16:51:30,2017-07-23 17:05:09,2017-07-26 16:47:45,2017-08-12 15:47:36,2017-08-28,334ddfe69f933766f062cc91f5b82ce9,2017-07-23
70a2df2328c71d41c84c2ff23597df7b,e2fbfd87f1077e0bdd44a5adca62c65f,delivered,2017-03-04 12:47:10,2017-03-05 13:10:12,2017-03-06 11:39:16,2017-03-27 15:42:45,2017-04-11,77dc1d016a6ff92c1eb364ecb3cc6aae,2017-03-04
c68d61e0221d10f9ffd722a96a2f10cb,ee5f433d637f8e262c6a65d2f1bc6cf0,delivered,2018-08-03 12:02:59,2018-08-04 04:25:07,2018-08-15 05:41:00,2018-08-16 20:32:03,2018-08-08,2703eaa145ffb0dd28f62f79ff32b2a7,2018-08-03
a28ddb8374055bd8000ae0b1d8526942,b1e01fe019f8971e431021f94370cccf,delivered,2017-12-11 18:24:50,2017-12-11 18:33:32,2017-12-13 22:58:39,2017-12-22 21:59:00,2018-01-04,fef8fa7ceb54d0827ae668cd1c35e023,2017-12-11
dbe2e048ec0057accc15716fa929c405,2139fae6ad1c50179e563f68b09d4388,delivered,2018-08-19 11:08:19,2018-08-20 11:30:19,2018-08-22 11:40:00,2018-08-29 17:30:11,2018-09-11,d4ffd990b93f05a14980d1c84c6acdd1,2018-08-19
9c7e6c08ea3357fbfc31edcc4c1c9375,356490c477e5fa5e5412ea7f671602f7,delivered,2017-02-26 14:49:04,2017-02-26 15:02:01,2017-03-03 09:34:11,2017-03-10 10:51:49,2017-03-30,b13946a927132681cffe3992c4ee284d,2017-02-26
bfc0058e93f705f5dd29ca7c2499fe0a,391443adfdb0197fcaacf243c86f5ca7,delivered,2017-11-14 23:49:39,2017-11-15 00:57:01,2017-11-16 21:59:48,2017-11-28 14:04:10,2017-12-06,390abc43c8b7ce11ba14b8b83ab3eb20,2017-11-14
2a8c23fee101d4d5662fa670396eb8da,d8c466a3e7c4cda36cd4ae7d577f44f4,delivered,2018-06-27 17:31:29,2018-06-28 17:30:45,2018-06-29 14:25:00,2018-07-06 13:22:37,2018-07-20,50605c81f77a2171191dffee444613b2,2018-06-27
5aae98560d0aff8d326d8f5767979e22,09593cf9cb6a4e4adcdb60a81b3554b6,delivered,2018-07-05 10:58:26,2018-07-11 03:30:15,2018-07-17 09:45:00,2018-07-23 19:12:09,2018-08-08,2a456aae65c24e15428c2f8e39367f23,2018-07-05
0c47c8eb31ce1b27d2cc41c7475aeab8,b2953e4ac52f5594d9c90b84b607df3b,delivered,2017-10-16 19:41:27,2017-10-16 19:49:37,2017-10-23 20:38:03,2017-10-28 15:10:08,2017-11-07,0aaa7ef2d687f8de9788034c8129c69d,2017-10-16
f5ab5341b520987fc899c69ec795dc1d,d234da1ce7c522e9248815bee7a0181f,delivered,2017-11-06 16:36:07,2017-11-06 23:32:44,2017-11-09 22:41:09,2017-11-10 14:42:45,2017-11-27,9594f9dfee250981a281169d2c721e78,2017-11-06
2e0900f25a11a9802bc76d2613b1144c,4008eb96c0d03b654fe77b09b1ddaa12,delivered,2018-07-24 13:30:27,2018-07-26 03:10:20,2018-07-30 12:26:00,2018-08-06 14:35:16,2018-08-15,c4e07a7fda29c96698212667e1795ff6,2018-07-24
29b56ecd8b55b6089065dad2fe85a0b8,3db805014861b40ee4e4e82e8d7ae5f5,delivered,2017-03-07 15:26:42,2017-03-07 15:42:59,2017-03-09 08:44:32,2017-03-13 11:06:19,2017-03-31,e45f7706f5e37da923c14f3a4bff40c6,2017-03-07
3c40dc8defd3678f2751f2e8ee34f06c,116af0ca6c6031ef93d69cca3642256d,delivered,2017-06-16 08:11:05,2017-06-16 08:25:08,2017-06-19 13:39:06,2017-07-03 14:09:36,2017-07-18,d4cfcbffecd24af269cf47885448de53,2017-06-16
43f9bfd7098c9a1d2abf50dac55ee822,9b83d9150f23e90854abce4cd89ae962,delivered,2017-12-12 11:56:53,2017-12-14 11:59:39,2017-12-18 22:57:22,2017-12-23 16:18:55,2018-01-05,3ad7f68f56d9b6be5ef190fe06173d43,2017-12-12
21925ec4d0e7c5399673ad2b3d3f7995,055a53aca7d57e498a2291dec45f30a2,delivered,2017-11-24 00:34:46,2017-11-24 01:10:12,2017-11-27 22:27:02,2017-12-14 19:46:40,2017-12-27,52ead038f13c212c555c87ce9e76d59c,2017-11-24
55cf955cfd4e236d76710709a400f845,618508ed717cd8715290534e9463f6f7,delivered,2018-03-31 16:18:41,2018-03-31 16:35:16,2018-04-03 00:31:38,2018-04-13 13:42:45,2018-04-23,be543eddd218005f10c5aa685e1d96fa,2018-03-31
71bcd4c93050ae4b9814ed49894c2a8d,1ab8b0ccd36ea396e05cb069c66342d6,delivered,2017-10-10 21:34:56,2017-10-11 20:35:23,2017-10-13 16:27:44,2017-10-19 17:57:58,2017-11-03,3ce0ecf5bbde20efc273b95389c3def3,2017-10-10
93d9dad77a7490e2f2618470129d8f83,8ec4b63dbcfae91e3f55e7a10bd54ea7,delivered,2018-06-29 07:51:49,2018-06-29 08:10:53,2018-07-04 12:51:00,2018-07-09 22:46:53,2018-08-03,72210c8174c12f38afef1b49fd683a2b,2018-06-29
33f45d9ef97405c50d2f7c3072bb063e,c058300229eabe9a229b24240bb3d934,delivered,2017-12-01 00:05:39,2017-12-01 10:31:10,2017-12-01 23:42:07,2017-12-18 14:12:38,2018-01-03,798df450279c57bc9f7a612ded13695e,2017-12-01
c0169fe1cf1ff71a7391742a2b03d6a8,718367a7075a1c1b26334463f46cead2,delivered,2017-05-04 20:53:11,2017-05-06 02:15:15,2017-05-09 16:38:56,2017-05-18 12:45:00,2017-05-25,d3bfc5a084de8d2a42393cda071a8995,2017-05-04
3cbae6cd7d4ccde80ef2d1ec061ce54b,366ed69223476beea6b38ebc2ea2eadc,delivered,2017-12-11 20:47:04,2017-12-11 20:56:32,2017-12-15 18:16:53,2017-12-29 22:29:08,2018-01-12,8e95d16c392e65af9ff9625417d3ce07,2017-12-11
cfbc5b076b3dfaa511da98f51aa5562e,ffbd2a06dc1bc24697dc7b4559027d89,delivered,2017-08-17 10:06:55,2017-08-17 10:24:47,2017-08-18 16:22:59,2017-08-31 19:35:42,2017-09-21,238ec0d4e13038fe40b6982c149b5763,2017-08-17
320813dcc3e72dde1f71f78632a3b5d5,32a6bce7451b6253002cf117b0726672,delivered,2018-04-24 13:27:44,2018-04-24 17:35:12,2018-04-24 23:21:28,2018-04-25 15:40:51,2018-05-10,f6f775987d1741f29d4dcffdc4fc03e0,2018-04-24
d02a5a29d82eed1f82be00c04745ea7c,ea27eeb8eb04badc2dbfe54cb1e54f74,delivered,2018-06-19 18:25:25,2018-06-19 18:56:33,2018-06-21 12:51:00,2018-06-27 16:09:28,2018-07-11,1c03d4ffa32383cb2b295db7737aa02a,2018-06-19
5c9657078bbc1c0b67c071d651331b9d,40c55da090bab9a49ec1e80f4aba5232,delivered,2017-03-10 12:50:20,2017-03-10 12:50:20,2017-03-14 12:34:16,2017-03-17 05:27:55,2017-03-29,b84366f5760f930dd0570d820fed2ac7,2017-03-10
b24bbb2f31c1619c038e0c393e05ccde,a60e8a1a131a4b91808534e3baec0827,delivered,2017-10-21 21:09:27,2017-10-21 21:21:12,2017-10-25 13:04:22,2017-10-31 17:37:59,2017-11-17,973d02d74ba8f2038bb512786ae00c15,2017-10-21
2f881be41e2ead562c1aa96d274fde55,b46150e23f63d6d715074e2b9004ae63,delivered,2018-04-25 12:23:33,2018-04-25 12:35:26,2018-05-03 13:01:00,2018-05-05 13:32:08,2018-05-16,dca8f21f230b3ac4dbc17da24556db3e,2018-04-25
002175704e8b209f61b9ad5cfd92b60e,a562db3c7cb9a68947debd30879b491e,delivered,2018-04-22 12:13:25,2018-04-24 17:24:48,2018-04-23 19:03:19,2018-05-02 20:38:44,2018-05-14,e7d41c19da317af0612170197303d5a9,2018-04-22
24d5baa0a610994fc46c99bc62764e56,7dec45cedb15e19cfb82319ec276ac19,delivered,2017-11-24 06:30:08,2017-11-24 06:38:55,2017-11-29 21:38:00,2017-12-11 19:52:18,2018-01-02,36a52887c02f7e1f223513f1fdea8ac3,2017-11-24
21986ad587b4a2c379e191e22a03deac,0b21617fb0d74d81d0cf3264cbe3b0f1,delivered,2017-07-10 14:36:20,2017-07-10 14:50:20,2017-07-17 21:31:47,2017-07-28 14:44:10,2017-08-10,68f098aecfb27519b85489fba1468e36,2017-07-10
c60d18a54f71a95ef52f69836e66473f,5da19dfea5bce9cbf68a70a72903c3db,delivered,2018-01-21 20:51:08,2018-01-22 13:59:27,2018-01-22 21:46:42,2018-01-30 20:24:55,2018-02-20,d898dd9cf53ac80594e0194eaa86c7f3,2018-01-21
33155e3c770d0aeb3c0e7d431e6b420d,dfb4280815288634f90fd842753443fe,delivered,2018-07-04 10:14:33,2018-07-05 16:32:50,2018-07-04 16:13:00,2018-07-11 21:56:26,2018-08-07,0b2d0021b09dd4791c0010d4be6e1760,2018-07-04
c4e545bf33690bbfab5d78ae49c00564,4e91f755eeeed975f92f4fdb1a74c17c,delivered,2017-10-13 14:00:45,2017-10-14 03:27:46,2017-10-20 20:37:46,2017-10-21 15:52:46,2017-10-31,fa84e44984a03a0461d62b3dacd939e2,2017-10-13
eeb74a8c7804e9e0fe99dcdb7a6295fc,cc6960815e33428cd2babc69fc7412bb,delivered,2018-04-11 11:08:07,2018-04-11 11:30:25,2018-04-12 23:48:12,2018-04-25 12:18:40,2018-05-09,b690d1aa7b6574d7eb2573dbf9b0049d,2018-04-11
d8b4993a29bdafff6aff3ddc66a8eee0,ea154db8669c141901d0199ba7ca4ff5,delivered,2018-07-19 12:01:14,2018-07-19 12:10:22,2018-07-20 12:32:00,2018-07-26 19:46:54,2018-08-06,fd1fdbe42eb169dfc5f2574549d6c24f,2018-07-19
3988d13890ae406263f1d3e8fe2c0ff9,66a3f1ed46078cbf7bd14618039812b9,delivered,2018-03-12 15:18:28,2018-03-12 16:06:40,2018-03-24 00:05:05,2018-03-28 21:03:57,2018-04-09,501d9933b2198642697bac2ef6b4ef63,2018-03-12
a268b656281801419a238a044577dfb5,e75b1e4100516a8b6b9490c674e71378,delivered,2018-03-13 18:45:24,2018-03-15 03:16:15,2018-03-17 01:48:31,2018-04-05 18:03:58,2018-04-06,d998e9a42e33562ba68dc3a847b01ce0,2018-03-13
4686d89136b2dd26794d394cbbef8968,76ca4d56cf35df02b850ef42b6886081,delivered,2018-05-20 15:38:07,2018-05-20 15:50:24,2018-05-23 09:46:00,2018-06-07 20:56:33,2018-06-11,49652cb36742a56161a17aa6e9fb1f22,2018-05-20
bb01789fc0271409b394c7b283e9dd29,ac3e01509ab5a9e7bb1bb344048ef81d,delivered,2018-08-07 12:08:49,2018-08-07 12:24:47,2018-08-09 14:22:00,2018-08-14 22:13:42,2018-08-28,78226cd13665e08ed26c983b0d81f4e4,2018-08-07
355b4e6204fe47b46901e1c030255e77,5b6645d1e59d1b4b58b20406885cc136,delivered,2018-07-17 15:25:43,2018-07-17 15:41:38,2018-07-20 14:44:00,2018-07-31 20:41:04,2018-08-15,ec5bf9ab2c731eb71930aeb2f7e547e7,2018-07-17
1783899eca92b0bb639951f0a8909018,fdea9d678bf2979af34b835a4349b904,delivered,2018-01-18 16:37:53,2018-01-20 09:08:46,2018-01-22 20:13:39,2018-02-07 11:59:03,2018-02-22,8592d215e9e6151fd34c824e1b110db0,2018-01-18
07242eb6740fc0feb5044eda405a4782,bc8b9e820a6ac8f83ced0f3d5501614a,delivered,2018-06-08 09:59:30,2018-06-09 02:57:48,2018-06-12 19:36:00,2018-06-13 23:53:34,2018-06-28,98d337875b35ece7c34da1d4674647d6,2018-06-08
668ae620ba2e85139d3707ad58062d4d,9d93a559f49450a3918a61465196ed8e,delivered,2018-03-13 15:03:38,2018-03-13 15:40:38,2018-03-14 20:34:54,2018-03-26 22:19:32,2018-03-29,d1d3ed3ebb4721dfe38682554c7f4029,2018-03-13
1902edc0a39be5841b628fd08022090b,76347c0f8c5b76a50653080a5aa65238,delivered,2018-05-05 11:08:49,2018-05-05 11:33:39,2018-05-08 08:37:00,2018-05-21 14:42:03,2018-06-01,98b089bbe5ece3120b63c3734564bdb3,2018-05-05
6fe5843a99f74c2eb252cdeb09aafd06,24612642f0afb9ebbc51afbc9c642b33,delivered,2017-12-29 16:55:21,2017-12-29 17:07:42,2018-01-02 17:17:26,2018-01-04 20:58:51,2018-01-18,ca417d44a4805e097ba1635f6d924d64,2017-12-29
0cbd2aa629e9ecbbcf518a10e247414f,b777e264df0b508f453971fb87c2a0b7,delivered,2017-03-27 20:40:27,2017-03-27 22:15:18,2017-03-28 10:22:55,2017-04-06 15:37:55,2017-04-18,3fdd5f758dedbccffc537354946aa3b6,2017-03-27
550ab3611f668c6d97e8d17e4ae901e2,da00492083a7fff9c05545ee4eecbe12,delivered,2017-10-17 15:25:08,2017-10-18 03:16:01,2017-10-19 20:43:37,2017-10-26 17:28:14,2017-11-03,f215fba80011104b8b5ea11194089682,2017-10-17
7b27a51bf1d8aaca78c04ecaf7118e88,62ce8efec406efb1619b3cdb6157f011,delivered,2018-02-03 21:32:16,2018-02-03 21:50:30,2018-02-05 21:43:26,2018-02-19 20:56:39,2018-03-08,7fe54aabd3492309cdb6fdf5fc06b5d9,2018-02-03
f9a4ea353ce8eeffe8a1d48960268f66,3c522e772d77dc602311f4a40f14f770,delivered,2017-06-09 17:57:38,2017-06-09 18:10:19,2017-06-13 12:57:38,2017-06-27 15:44:39,2017-07-04,ae2189793d5c0004461b896e52abe4fe,2017-06-09
f01cc1e4fe1833e42f696b0dcb0d77ef,09fa775305489c7a8c4782738c7e67be,delivered,2017-11-10 19:45:33,2017-11-10 19:55:23,2017-11-14 20:51:55,2017-11-27 21:24:09,2017-12-06,93b503b0333e115f56d38411df95d833,2017-11-10
7a72c1fd5627aa02ca282679bad2ebd1,cc112698a2befdee9bf58dd9b67d0cfa,delivered,2018-01-27 12:22:14,2018-01-27 12:35:34,2018-01-29 22:09:38,2018-02-20 03:07:03,2018-03-01,7db6e545b3e193991bb576dc93288ef0,2018-01-27
eede6f786783c6fc09da4a544e83e4d8,19500cbae8a09fc49b75153c4c965f9d,delivered,2018-05-01 14:28:32,2018-05-01 14:54:30,2018-05-02 15:19:00,2018-05-11 00:08:30,2018-05-15,017ae1edebbc1749a64a520e37633c3c,2018-05-01
e5ca14277889553a80cd3b8379bb9389,b50f1cc40e82d3fe0a7226fe9ee7cd8e,delivered,2017-07-04 06:34:10,2017-07-04 06:45:07,2017-07-04 14:39:53,2017-08-15 13:35:44,2017-07-26,ebedc15045555e7ed624ff7da267c611,2017-07-04
ee02295dfa5d0519664c1dcd4a70e87f,71fdbaa760e25ef2449d79d1c4264021,delivered,2017-08-26 15:36:02,2017-08-26 15:45:39,2017-08-28 20:59:37,2017-09-11 17:43:26,2017-09-18,776469358dc5cbca9e8987fa110d804a,2017-08-26
1237d70df58d4f9a8bd929b9943f9b8a,d6b41b191f1f643ff583898156e049cf,delivered,2017-10-09 09:58:11,2017-10-10 04:06:11,2017-11-17 14:19:55,2017-12-05 16:47:02,2017-11-06,3a62a4803c77457a96c996a9db36a662,2017-10-09
04a2ba381317648726f46210a46ece95,4ae0a705c852353fbcdb27f8554b6655,canceled,2018-08-09 09:13:44,,,,2018-09-06,d526c2df957cc6b177070216427c299d,2018-08-09
2b5a652c5e22d7c846b463c4888c5896,89863bf862ffb0131d2e08ea0bbcc406,delivered,2017-10-10 22:11:36,2017-10-10 23:08:24,2017-10-16 21:18:44,2017-10-19 17:36:42,2017-10-30,3ed43933688790e7fee3db8a00b1a644,2017-10-10
58a0927d5f0c99b74be566b3d5ed7c59,32c96c2835fc20069a4c0e229e1290a9,delivered,2017-12-24 21:35:51,2017-12-24 21:47:17,2017-12-27 14:06:00,2018-01-08 21:10:32,2018-01-24,81ecfbc93e65d91e11dffe4b2ad110e5,2017-12-24
d08177cbf2bf91a1ee04ec72526dee97,6a5d2101f8e85d2d3d5fee09a0fd50fd,delivered,2018-02-26 21:56:09,2018-02-26 22:10:22,2018-02-27 20:54:08,2018-03-01 22:57:14,2018-03-12,a3127c090057f1c71f9643f7b555f701,2018-02-26
799f11bf34b4fcf6d45f6e2399907cf0,837a022a0ff4fc2ccb82a5ab089a4c03,delivered,2017-08-19 12:29:11,2017-08-22 04:07:03,2017-08-23 12:36:01,2017-08-30 16:36:50,2017-09-13,f7ccaa20dc3d71baf873c27cc732a25b,2017-08-19
d6fe866c25e509c883dbd97e14075a9d,8131d65cbd486a0cafe7247413a6409e,delivered,2017-07-16 21:13:52,2017-07-17 21:45:09,2017-07-18 13:55:57,2017-08-04 18:07:51,2017-08-21,97b78f6daa227c31e8e833e48ae21895,2017-07-16
5371c621f3943c45deabe534a8fd61eb,e4672952c626c1d0489b03b602c0b49c,delivered,2017-05-12 16:45:06,2017-05-12 16:55:24,2017-05-15 18:12:44,2017-05-18 08:19:57,2017-06-08,9ac0bd92997d29e3235941814b894ef6,2017-05-12
041bceeb0d1b95b5079ffb1ba84a779d,38ac160055eedc7c75233b488b5dd50b,delivered,2017-08-29 13:03:47,2017-08-29 13:15:12,2017-09-04 20:47:00,2017-09-13 18:00:05,2017-09-25,802048ee1cd2b9279ac0b5e88dd7f1f0,2017-08-29
b3ccbde27ee2833da8d2683e29d73307,ee2fb723a75833c55fa34e4389a88d07,delivered,2018-08-12 20:39:39,2018-08-12 20:50:22,2018-08-13 14:47:00,2018-08-14 21:21:52,2018-08-28,f923cf2179140dcb60e9db8abb73beba,2018-08-12
b57b0acd76c7d8a845ed77134b2a1af8,6fd8a1472896267974157c103099c475,delivered,2017-07-02 22:00:42,2017-07-02 22:10:15,2017-07-04 09:21:31,2017-07-14 19:26:16,2017-07-27,7e72d16376d45fad2609a12cda155671,2017-07-02
52eb8ce94864a3bb1be410a545f9ed4c,4aa0005ef4b8cb5ce874a4a86b36ed05,delivered,2017-11-24 23:37:20,2017-11-25 01:38:30,2017-11-30 14:10:03,2017-12-04 20:09:20,2017-12-18,788a2f679187362222b67dfe89da6c1a,2017-11-24
312c70dd46ea96e94028c87931320097,f2eb353aff16a4faea7b549079eff559,delivered,2017-10-18 14:07:51,2017-10-20 02:45:53,2017-10-23 18:23:54,2017-11-06 22:04:16,2017-11-09,3d9a0600dd143f35db372a98f169f892,2017-10-18
d185b5e82eb8f2ff1175d13bbbdcea13,9eb0710fbd7867880ac311cdc0234dbc,delivered,2018-06-03 23:21:33,2018-06-03 23:30:19,2018-06-05 12:06:00,2018-06-12 17:38:46,2018-07-11,32cc0e2c5ace02ea9dbb7bb8f1e4ee91,2018-06-03
bb63df7449a5caa0edc362d01cf54f36,3dc088a229ec165ccd91eab616197b90,delivered,2018-08-06 17:40:47,2018-08-06 18:44:39,2018-08-10 14:16:00,2018-08-13 11:52:37,2018-08-14,e61ed94be587e719814c1416005a5123,2018-08-06
c84f367d7b52ff36843e8c8e08fa5c11,1bc55889f6b8a448cf16835c16602f1e,delivered,2018-08-20 07:18:48,2018-08-20 14:11:02,2018-08-21 12:27:00,2018-08-24 22:46:29,2018-09-14,0bf92cab326cfcd948707d207eecb4ef,2018-08-20
c604ad5f1e0d0bcf9977cf46d1d72303,b7d2c0ccf5e66c2d1c496d6a8250eae4,delivered,2017-08-10 11:16:22,2017-08-10 11:30:20,2017-08-11 16:34:10,2017-08-17 18:42:45,2017-09-01,0367371b350d144bb2c4efd70458249d,2017-08-10
48e19adb0a07d92965b4077264915175,7f4319889f2bef6ef22da78e35befb6b,delivered,2018-02-02 16:10:49,2018-02-02 16:36:23,2018-02-06 19:12:00,2018-02-24 17:35:33,2018-03-08,0d8202144f518a0892806572cc6f3cf5,2018-02-02
f440f7a4e3e3bbf5048b014b0046e04e,d8ca0d68edb0be8ece6c5ef00da388c4,delivered,2018-03-03 18:50:04,2018-03-03 19:08:56,2018-03-05 19:05:26,2018-03-12 13:52:29,2018-03-28,9f9265d394f027f8bd82b2d7f3e8fe50,2018-03-03
5ee6e8af3ae23b56e3a293f0acc3e206,8bef54d9fe8547d0b08512384d5700ab,delivered,2018-05-08 11:58:25,2018-05-08 12:16:55,2018-05-16 13:44:00,2018-05-25 22:28:38,2018-06-04,401dc2378f8a66cde29dd6840adf03cf,2018-05-08
04f917df18d906d8a147182234788026,1d30580f1dabbd156f95dd1948a76d53,delivered,2017-05-17 16:49:14,2017-05-17 17:05:11,2017-05-18 10:59:06,2017-05-31 10:33:32,2017-06-22,a112f7591e1fede1435eed37d2a3d64b,2017-05-17
3180df618dceb8b0fc74ea13612333fe,376bba723b8b3baca4874090510a051d,delivered,2017-07-30 17:25:47,2017-07-30 17:44:19,2017-07-31 18:12:32,2017-08-07 20:39:56,2017-08-22,7b89d60183cefde0b3c2dd292c849457,2017-07-30
e22127be7a5664250637f87a4d12410c,8618c996b56dfe9588b3a555af9c4ead,delivered,2017-08-24 20:43:50,2017-08-24 20:55:41,2017-08-25 16:27:31,2017-08-26 15:49:03,2017-09-06,1b541100aec8ba1888e7ac989e25c558,2017-08-24
24be19f8aec68db8bea77c3cb54d6a56,3e5628dded3c93882cfea6197ea01306,delivered,2017-04-05 19:11:59,2017-04-05 19:22:26,2017-04-06 13:42:47,2017-04-19 13:26:11,2017-05-15,fbc54c797947d3df54284e90b4f9d0d6,2017-04-05
f850238de020e40b355e62b3198da17e,96f07b2996e653975a432f648ddf7d33,delivered,2018-08-04 10:41:40,2018-08-07 04:50:20,2018-08-07 15:10:00,2018-08-11 18:22:38,2018-08-29,6dc35d652557b7bed5254b29b01185e1,2018-08-04
0c2ffdbbbd418a6e9f2bb7fa8ebd9b35,38e0361914e4c2f5254078d7b06e7eb7,delivered,2018-06-19 11:16:23,2018-06-19 11:35:19,2018-06-19 14:57:00,2018-06-22 22:22:45,2018-07-11,e02fcb4bea50fa32ca80aabe3360b806,2018-06-19
ccc81840d6b3ed1467a96fd26c0d8889,054dee586b95aa6ee65ab782f94f26b6,delivered,2018-02-13 20:04:13,2018-02-13 20:47:09,2018-02-20 23:08:46,2018-03-06 02:42:34,2018-03-12,ec5a2151cd1f05c6fa135c6c452e4938,2018-02-13
b58ad6013994eef55be5cdaf76a1a14d,e89d9baac0b6b9fa7a520be393ff22d0,delivered,2017-11-30 18:02:45,2017-11-30 18:13:23,2017-12-01 21:21:25,2017-12-14 16:09:26,2017-12-27,8ffc2224b31ad590355943adbf22da60,2017-11-30
39b203e1add14efaa6f3dc4b38daa49b,570955d725f29b313e9e7a73ee1a2c1d,delivered,2018-05-13 16:27:52,2018-05-13 16:53:39,2018-05-22 11:07:00,2018-06-04 18:06:34,2018-06-21,bc70a522844989a1758d7afa37a4d613,2018-05-13
cf50fec98e2167d836c09c0ed57ba841,369708cabd9831ea6fde670a3b602a92,delivered,2017-08-27 15:05:33,2017-08-27 15:24:23,2017-08-28 20:22:13,2017-08-29 15:56:57,2017-09-08,94b731a41867b47c3856e324840c4c99,2017-08-27
27d3cb85b133351c7a9e5d8d4e5f994a,19a02e81ab73daae664f1a5836fbafd4,delivered,2018-04-09 20:48:24,2018-04-09 21:09:51,2018-04-10 22:08:30,2018-04-13 15:08:31,2018-04-26,daa2a36c2b5d54c17e142e7f45b53674,2018-04-09
6fcafc7a7cd30fd93d2e40a26a81d5d5,e7a5d5966d66cc1a452ad0e189e8aa1d,delivered,2017-10-03 21:46:26,2017-10-04 02:56:42,2017-10-04 19:16:55,2017-10-05 14:55:39,2017-10-19,739bde40a568fc583498a0a61830cfb1,2017-10-03
08a5453387460507541a8dc95bd67856,0315fdb0599e98fc798d9b2951f121ff,delivered,2017-12-11 07:58:26,2017-12-12 03:50:05,2017-12-13 20:33:34,2017-12-26 22:06:18,2018-01-04,24eb4e17651a037f45e8e4a5fe293048,2017-12-11
30bf87367ed2e63f68bfb5aacdae279b,8124800ff4040590e23ea89b8c4440fd,delivered,2018-08-11 14:36:54,2018-08-11 14:50:14,2018-08-13 11:08:00,2018-08-14 20:03:31,2018-08-23,fce236c0b1f1dd6eba0dac49504585fb,2018-08-11
25913c4e9f83eb27225747d956516af8,ca98d5e54ce09ded249a3bf88adda456,delivered,2017-09-22 12:27:30,2017-09-26 04:04:37,2017-09-26 19:04:16,2017-10-05 23:33:37,2017-10-17,c079abb4d146311eb113fffc850247f2,2017-09-22
4b71e4e408d1d7ba09ce9de51e198215,998e0a6e4c2bdd6ef176b7da7fb2e48e,delivered,2017-07-11 09:24:34,2017-07-12 07:15:10,2017-07-14 18:42:30,2017-07-18 19:16:03,2017-08-04,ebd5d504ff7fc3f189715f494d7f9a96,2017-07-11
c4698f7e3bbd4dbe7f3f7050029a5bca,ca5fc4d4ff349e924e3871ec86a4d34e,delivered,2017-08-17 09:40:29,2017-08-17 15:50:11,2017-08-18 17:57:55,2017-08-23 21:39:27,2017-09-06,b082c8d5d20a36d4da1cb3a93475636f,2017-08-17
b183c7bc4664d0f263a7baf78c494ab5,bb57c29950eb3cabbea0b4ab8430febd,delivered,2017-10-21 18:53:47,2017-10-23 19:56:08,2017-10-24 19:53:53,2017-10-30 23:07:46,2017-11-16,79ed5debbaf5372a4fb7dae9ba4c95ff,2017-10-21
40f5d5356396abbec18c0c893d329422,24ee1aafc38ba4ae08741da0bd57520a,delivered,2018-01-01 20:50:39,2018-01-01 21:06:39,2018-01-02 17:48:13,2018-02-02 20:33:14,2018-02-01,73b44df1a4441ad7605dfa49624655bc,2018-01-01
8ade7f8460876f64baec1e262faf6a94,0f3139b6b2dff7a044e2c09eb69d7cf4,delivered,2018-06-15 18:38:49,2018-06-15 18:58:27,2018-06-19 14:14:00,2018-06-25 20:57:31,2018-07-11,80e968c229f2d73ddd2198bfa050af17,2018-06-15
bec18cf4e07d7c422cbbeca1ba9573f2,0d8cf529cece1d9d7b45ade2d37a7a42,delivered,2018-07-23 20:08:08,2018-07-25 03:04:40,2018-07-25 15:52:00,2018-07-30 15:38:49,2018-08-09,042a46a01e06938721ea9fd7fda1e758,2018-07-23
b245dc19b0a38d68e93c0901025e08f8,e035fe3b3ef405941ecbbbb0790d1f10,delivered,2018-01-13 21:57:41,2018-01-13 22:09:32,2018-01-26 12:09:22,2018-02-07 01:12:02,2018-03-02,0184070f27c13c909a1de7b1b059b496,2018-01-13
4d4dd908b377956e48b6c6a89e59e37b,627118c4a3a8765bf653b5a4748fec00,delivered,2017-11-15 16:14:25,2017-11-15 16:26:24,2017-11-17 17:54:53,2017-12-12 14:33:56,2017-12-12,212a3a6f818e3482f3b7a69c8e6de6c6,2017-11-15
d0b9b4ddffcd1fe48c13d9fec485302d,782776350a20f5b2f257784336e42b41,delivered,2018-08-23 09:44:19,2018-08-23 09:55:20,2018-08-23 12:25:00,2018-08-31 02:32:36,2018-09-26,4964b30e0f0fd6fe49698ee0f5f4fb03,2018-08-23
88c9df242e26c36482168acfc3d250dc,1dab77a61c23145ca78fc425fb96e387,delivered,2017-09-26 23:53:06,2017-09-27 00:04:41,2017-09-29 17:57:53,2017-09-30 12:41:30,2017-10-16,62ef6be676b19130130106330a02b4f4,2017-09-26
736e1922ae60d0d6a89247b851902527,ec5b2ba62e574342386871631fafd3fc,delivered,2018-07-15 14:49:44,2018-07-17 04:31:36,2018-07-20 13:09:00,2018-07-26 22:03:06,2018-08-02,763c8b1c9c68a0229c42c9fc6f662b93,2018-07-15
8651593cf99a9174e4b9fa453ddacf49,03a17587335e8de93ffc1cae3a515cab,delivered,2017-10-17 21:21:20,2017-10-17 21:36:02,2017-10-18 22:15:54,2017-10-19 17:19:04,2017-10-27,6ae10b5b738375e37484b37f8039ed25,2017-10-17
6677dfc653950d84f87baab07c112a77,1432c42a35c00d1c9415db9c40ff472a,delivered,2017-12-04 22:59:50,2017-12-06 02:50:07,2017-12-11 21:08:44,2017-12-12 18:42:46,2017-12-20,59fa9689b7269e99c19b967e1b94c36b,2017-12-04
902ba37d10a1e1d02607e52ff3875b91,7365a02a72ecb505e9b2f199fabbdea8,delivered,2018-01-24 15:17:21,2018-01-24 15:57:54,2018-01-26 18:05:21,2018-02-01 17:42:32,2018-02-20,935e4619ea70b3f57fa7e46d21387e5a,2018-01-24
5afac0b7cff137da6d13251afc7329c9,e0b4c1b6c6de01d78862c72eea6b24dd,delivered,2017-11-23 22:00:45,2017-11-23 22:20:03,2017-11-24 20:21:46,2017-12-15 22:24:35,2017-12-20,db7fca250be08ab2e162874778947c38,2017-11-23
72f3f62e2e4208804e2c4ed8a28ead52,330786b82d1da4f900da3f8124a9f4f0,delivered,2018-07-19 08:50:45,2018-07-20 05:05:16,2018-07-20 11:01:00,2018-07-25 20:29:45,2018-08-02,ff2331f4155cedbbbca83885595b1208,2018-07-19
12ed975e5a3e3025ddfa0eb174f739e2,0fc1d7d1282656a9494f9c47a6c5276c,delivered,2018-04-17 16:07:29,2018-04-17 16:30:19,2018-04-18 19:55:04,2018-04-19 20:26:30,2018-05-03,d7a9f47a1c943e087a775dc2f9d43eb3,2018-04-17
717d28ee12c7c0ef8b384ff1b62b33c7,f6a6ff9806cd24a90d1b1f7463df9d52,delivered,2017-01-21 21:20:06,2017-01-22 06:50:29,2017-01-30 07:54:59,2017-02-06 09:28:59,2017-03-02,f80f8939945e7124d3aa21129986b932,2017-01-21
f56ef9a15044d3fcd12867e68415ee5c,0898d2aa1ac4cac189ca12c0104cbec3,delivered,2017-03-04 16:07:38,2017-03-04 16:15:24,2017-03-06 09:09:38,2017-03-14 10:32:48,2017-03-31,5af103d3f12fd83434cb97578a1e8d49,2017-03-04
b7ae44656ed457970339225497f75a31,68aab7dca3ffc8861c4e0f09c58b15ed,delivered,2017-04-20 11:13:25,2017-04-20 11:25:22,2017-04-25 08:52:17,2017-05-03 11:42:28,2017-05-19,ddaad107b70cdb3da88a892ac5e4de12,2017-04-20
3151632a0a68e4f69a7f29961a091904,4cd8954099b721f318f46fa45de99180,delivered,2017-03-20 09:28:58,2017-03-20 09:28:58,2017-03-24 09:57:43,2017-04-10 08:43:33,2017-04-06,25520577f57aa8deaff5d61a05f26865,2017-03-20
c64cd8af895f9e6795a7cb35f9004e37,63dd2b3deb6405e0d846cbbec431edb4,delivered,2017-09-08 21:40:12,2017-09-08 21:55:22,2017-09-11 19:45:43,2017-10-16 14:42:17,2017-10-06,bd3b9d86bc0b80518e0e12613b110d4d,2017-09-08
f9d0ec2fa088ac583e1ccd15b6686073,2b9c9e251dbb2a2a768fd48fbf151e4c,delivered,2017-02-28 15:19:04,2017-02-28 19:18:23,2017-03-03 13:46:45,2017-03-14 17:29:09,2017-03-29,35aebf263a4418be92141cc28421c0e0,2017-02-28
81284ce76107a0034192e8eda2129993,eee77690468eb9f1907c1ab83a5d3c8f,delivered,2017-12-22 19:08:08,2017-12-22 19:17:24,2017-12-26 23:25:00,2018-01-03 19:49:05,2018-01-19,e3fb0445316b7ff69a4e8bf6bccce896,2017-12-22
facd4b7395a3bf5f4536e64cf5d7668a,e2bd826c95ba483662ede716ae8187e3,delivered,2018-05-28 17:43:26,2018-05-28 17:56:06,2018-06-01 14:13:00,2018-06-02 16:21:52,2018-06-13,d8d38860acbffcb111e823ffe4b18f1a,2018-05-28
be0321747be0efc1c7241a5e985dd299,a6c87725b81598322c4399140aa6cae9,delivered,2017-02-02 08:35:36,2017-02-03 03:41:42,2017-02-07 12:41:55,2017-02-13 06:06:03,2017-03-13,2e4de983e4a7da0da312d68d3b9766c2,2017-02-02
76d18695761c18ab2f2a9f6f1b3ea3e5,3e1b3c69fda23c575c2f7fcba5bf2eca,canceled,2017-09-24 10:24:07,2017-09-24 10:44:05,,,2017-10-18,1379a3c4d55adc7ea7cc19365c62724c,2017-09-24
d829ae9ca5e0a9749f2574b62eb7ac10,a64e11fc5ee980cd9a2f1ac08110bc44,delivered,2017-07-12 12:04:28,2017-07-13 02:56:03,2017-07-14 16:23:42,2017-08-07 17:27:41,2017-08-09,575083d1c98ec2938a00cd179a40f3d2,2017-07-12
06c9818464bb97d2f13568dd66e904a9,64a7f1076e9d17d6f5208d3ce76a7eb8,delivered,2018-02-16 13:17:13,2018-02-16 13:30:24,2018-02-19 18:47:47,2018-02-21 02:59:09,2018-03-02,3b866d8dc4c1f4a90a96c57ef538e271,2018-02-16
47cbcb015b97b14c5d1e74f2deb831b6,a9d7dadb674a2b5f2ba297d75abc3a4f,delivered,2018-01-16 14:36:11,2018-01-16 14:51:34,2018-01-17 22:21:30,2018-02-02 19:50:56,2018-02-08,b4b17c52965b22cf702f8852d93e228d,2018-01-16
05906ff9618d78153208c80165d91b2c,5fa72a993139ba4e448cdb029f85899e,delivered,2018-04-15 14:23:46,2018-04-15 14:50:27,2018-04-17 01:16:22,2018-04-24 17:38:56,2018-05-09,069f4dd3b71c4a74396b5d9044432d5e,2018-04-15
6ab838d74d628b6f618844ef50200969,1287c8ba3475af023c0cfbaf3b13c3d6,delivered,2017-11-26 13:37:45,2017-11-28 13:42:02,2017-12-01 14:42:12,2017-12-08 22:41:37,2017-12-28,539f77aebb5567f9644bca363b1419d9,2017-11-26
a1bfb3c0cee80f07a533875f768055fb,74109829d90b9fa80160019ec212d7fe,delivered,2017-11-25 12:10:30,2017-11-25 12:31:42,2017-12-01 00:08:59,2017-12-11 22:33:32,2017-12-15,f72ba1c82a0d47ecb85932afee3b1826,2017-11-25
b172124e9aab2e37fbc87515ab36ea81,d31128d3252c97ef60b824e6d8eb6840,delivered,2017-05-14 11:31:37,2017-05-14 11:45:18,2017-05-15 10:47:04,2017-05-19 13:12:30,2017-06-05,da5682faf0482a03046a0aa9db9fdf7f,2017-05-14
774f5065182baf2e88e084e3f5eacf56,38c8ae6546776bee9c7dde1d653c98d3,delivered,2017-07-21 17:42:43,2017-07-22 02:23:46,2017-07-26 18:53:36,2017-08-15 20:39:47,2017-08-18,707149f092c3b29d22032bf0adededf4,2017-07-21
f45b5f54393b15cb48be3cbac8dd536f,e1962dab54d985f90ad2a139dc2f5e54,delivered,2018-05-04 10:34:12,2018-05-05 19:10:48,2018-05-10 12:27:00,2018-05-21 21:12:05,2018-06-06,037f1240d3a139aef654264b518eb7e1,2018-05-04
4903cfa5ec9a1789bed68b8931e6503f,7111d748712133458456ea3b7467b77c,delivered,2017-05-07 21:13:26,2017-05-07 21:25:12,2017-05-09 07:57:31,2017-05-17 15:56:59,2017-05-29,452b176eb048c142a1778fdcad50a56f,2017-05-07
fdfefb1c100daa2f724dccf99c7735a5,786d2b70bafa7faefceef98aabd9ebdc,delivered,2018-01-11 10:13:07,2018-01-11 10:28:03,2018-01-12 21:12:00,2018-01-25 01:48:43,2018-02-08,3c4ea9fcd7b12e53f7e4bb7ac6353f47,2018-01-11
573c6238eeff0fc6caaed8b752bbebf4,7dd3f149fa61749b2ab09030bbf59806,delivered,2017-11-19 22:06:41,2017-11-19 22:26:28,2017-11-21 16:21:27,2017-12-01 21:16:50,2017-12-12,1a1ed6a9cf85a3bad2fcd24e9feb8048,2017-11-19
015e6682b50c824bfdab6b866f937936,f6188d661010819b1eac0c417e0c4cdf,delivered,2018-01-23 16:03:56,2018-01-25 02:38:30,2018-01-26 18:32:31,2018-02-03 17:19:45,2018-02-07,46732b93e98cb6b04a44917b50666a64,2018-01-23
57497f963890881878c6c1e61af37960,f5f0e5b259279be1f47ece5fcb5d8d16,delivered,2018-01-31 21:59:56,2018-02-01 21:55:33,2018-02-02 15:26:54,2018-02-06 21:11:39,2018-03-06,53af4f1baaa27dd1a3e2ee8ea8452820,2018-01-31
0ad81e043e6a8e37686407afb25710a1,cee73b4a0a763b2ee84c418e32868e56,delivered,2018-02-23 11:09:19,2018-02-23 11:31:07,2018-02-26 20:42:53,2018-03-22 13:28:56,2018-03-23,8ea379e0ca1cc97eaa5efb0042d342d4,2018-02-23
94d11959aaf59b91e540d476c100ee92,dfb2322a5eb9d00736fd86f495d10ad2,delivered,2018-01-30 21:58:10,2018-01-30 22:11:35,2018-02-02 00:11:25,2018-02-05 23:16:34,2018-02-15,18964ae3b00c2860527839fec213bbf0,2018-01-30
b887a2e34410f9ca015c231938fc3842,506052018fa9bf009ce9c65357ae07c8,delivered,2018-06-10 18:01:28,2018-06-10 19:38:01,2018-06-15 13:46:00,2018-06-19 19:58:35,2018-07-17,2935c0a1e2478400086aeb5ad941b0ed,2018-06-10
8826b56d45c25577190e5c91fdca2a61,b7e45e7dbe7999fde2c43437ed74931e,delivered,2017-11-01 22:27:16,2017-11-01 22:45:15,2017-11-03 14:22:14,2017-11-08 23:13:58,2017-11-22,9343b1983b98b641123d716978deb844,2017-11-01
748f5318aa38169f5901337bfec3afea,e3b550ba5bef54e0042782503452770d,delivered,2017-04-05 17:58:30,2017-04-05 18:10:19,2017-04-06 13:55:23,2017-04-11 11:52:19,2017-04-28,d7624d219b6ffad980e91412174db310,2017-04-05
389fe6a1834e9ac1b0ca61a63346667b,70fcd63fd02ad8c1445c178f8461d774,delivered,2017-06-23 17:25:55,2017-06-27 04:05:35,2017-07-03 16:16:45,2017-07-04 14:43:25,2017-07-06,50e7f6cf762b48a1e27e6274b8324f5d,2017-06-23
cb42f190850b7635860e5c9570d841cc,5e900fe5368cc480af847d88f6548fe7,delivered,2018-06-14 08:23:28,2018-06-14 08:58:18,2018-06-15 14:15:00,2018-07-10 21:03:57,2018-07-16,18e232174d7b28735519096f394a4e3f,2018-06-14
9d0c12dbf76bdf0cce437cc6128e0d55,3878c928033c0c7ff7110cab73727eec,delivered,2017-12-12 15:40:35,2017-12-12 15:58:39,2017-12-14 20:27:13,2017-12-26 16:52:14,2018-01-05,cff261060417f2f6c8b2583f7735b03b,2017-12-12
1c796e58181a405d61b3c861feb64dc1,bf1d489aa73d4683734a785784d1166f,delivered,2017-07-21 13:41:20,2017-07-21 13:55:18,2017-07-24 18:22:31,2017-07-31 16:07:46,2017-08-14,b55ff2c643f56c30863b527e80c88688,2017-07-21
a6dfab363a9e239287c4b1e3c275fb93,5e81e1b0b6164c14269bb934e9c43c3d,delivered,2017-01-26 09:11:37,2017-01-27 10:41:58,2017-02-05 12:43:54,2017-02-14 13:35:05,2017-03-14,008f3d5f45a11059239a5c452cd00006,2017-01-26
d2c4b43f2986e614c4f281927c47d228,16933fe63d8e3d819becf92275ed356d,delivered,2018-05-20 23:16:21,2018-05-20 23:37:59,2018-05-21 14:56:00,2018-05-22 23:32:59,2018-05-29,da4e881eb0df5b43c3bec5807531cf1b,2018-05-20
2861f21634398881e11d516aa4197c72,a1ef179803806ed6e3ee7eb4e0071633,delivered,2017-11-13 20:53:32,2017-11-14 10:27:13,2017-11-14 20:57:00,2017-11-20 23:25:38,2017-12-01,bcb79a4bf797c60b176f7b9462dbc3b4,2017-11-13
86ddb141a4b75a77c2ed5893b02ee1f1,f2f6ed8d98af87661950716d6c148b80,delivered,2018-03-22 09:50:09,2018-03-22 10:09:15,2018-03-23 19:08:59,2018-04-04 10:42:55,2018-04-10,a679b405524af5adf6fca7ab98607edd,2018-03-22
43d3bde64fc6f4f2f504d808d3be576c,efba5045b71698a3f669f71d972521d4,delivered,2017-04-28 11:09:47,2017-05-03 15:31:27,2017-05-04 12:40:12,2017-05-18 11:32:59,2017-06-05,95615be38b35679e3a4a2b3d6e33912d,2017-04-28
84cc0b9ea8f19ff32dea95e790c954b2,125d0c1b04052d062b22674949e86de6,delivered,2018-06-15 14:58:45,2018-06-15 15:20:38,2018-06-18 08:36:00,2018-06-29 20:38:50,2018-07-24,f227191712b86f2556f9c808319be731,2018-06-15
b8ab7d209a05e9462921ece50de1c177,945e56ab9a4d329e972c8de67d70fd4f,delivered,2017-09-08 14:53:33,2017-09-12 04:26:08,2017-09-15 18:35:05,2017-09-28 22:47:08,2017-10-04,1a6a081b4672e22ac8a9c93f0583a87c,2017-09-08
4886ba57227500f0a374a1fd079b02f1,366af15f24aaf77dadd6d90d04792698,delivered,2018-04-14 10:04:18,2018-04-14 10:15:10,2018-04-16 21:13:31,2018-04-19 21:28:35,2018-05-17,8f7b587514a39505f828678fdf6cae59,2018-04-14
2c5f8c98e00740a16ca31cb18a7c8723,3d84d671e73474dd02e94ba1ac6501d3,delivered,2017-03-25 01:26:51,2017-03-28 03:50:48,2017-03-28 12:04:54,2017-03-31 16:03:29,2017-04-13,0532802259922375b79e84a63321ed5f,2017-03-25
cd583153e8e57905936a55de184d05a7,8825c5f85a1f9ba5b2012e736fa55cf4,delivered,2018-01-06 20:57:48,2018-01-09 07:21:11,2018-01-09 19:29:13,2018-01-15 22:24:51,2018-02-06,5d41002a0cde85106a34fab3000075e5,2018-01-06
d704a9711f8054198d01cb7bc07ec101,e77db91ad228d0c7e49609d360f5623f,delivered,2018-04-18 21:35:29,2018-04-18 21:50:54,2018-04-27 14:25:00,2018-04-30 19:21:30,2018-05-07,5c2f079ede3bce29ac622ecc9bb444fb,2018-04-18
e1a5a8d04768a9b9972f4bfb2c21a11c,18e3f5eda3516d4a09b13633de355435,delivered,2018-04-21 17:40:21,2018-04-24 18:05:33,2018-04-25 01:58:53,2018-05-21 17:15:52,2018-05-18,6d23785421f606783246d36b167f3f50,2018-04-21
51a78fb31e4d1dc9a712c428af94ce6d,b685b86521680ad31716dd45765f5e47,delivered,2017-10-25 00:59:34,2017-10-26 02:56:47,2017-10-31 18:29:37,2017-11-13 17:04:02,2017-11-27,d8bfe3bbf611a34f336b242b1b1684a0,2017-10-25
48e70325bb404002e8ab78b3cf46a5fb,95556cea2fc7ddfac08863e6294f60f6,delivered,2018-05-05 08:28:10,2018-05-05 08:53:46,2018-05-07 14:50:00,2018-05-09 15:52:39,2018-05-23,977a1a43b74a55c1cafc1996d33699bc,2018-05-05
1ae621120c3aa70ed2cb1388a641ffc9,f792180f5b4046cf80353f0677589a1c,delivered,2017-07-07 10:26:23,2017-07-08 03:30:27,2017-07-10 19:33:58,2017-07-17 20:29:57,2017-08-01,2d74ac378e247d6e4b96883a1541ceb2,2017-07-07
8b2a3c0228399148a783f5ed8c1ce83b,b3add2a91f41661317ee98d39d720fcf,delivered,2018-01-19 15:41:49,2018-01-19 15:56:15,2018-01-24 22:52:33,2018-01-30 19:46:09,2018-02-09,45e8dd7b91bddaa63eb5c62fde09d5f2,2018-01-19
7fbcbe13cc35fceecf99aa3e64d9dea1,c87a3e3cac9c471b4c16f296cecafcb5,shipped,2018-06-28 13:56:13,2018-06-29 02:53:11,2018-06-29 13:02:00,,2018-07-18,c72bf19211a4cdaf245e512a45031194,2018-06-28
049ede3fc839758e81752a9dacd1f911,2055909723147d7d653939c0094cee34,delivered,2018-08-02 21:35:18,2018-08-03 04:35:12,2018-08-06 15:29:00,2018-08-10 14:21:32,2018-08-17,bc0bfb0a5e9ada729f6190fcaf9f6b51,2018-08-02
a455e8eb199f11350e3bd632e278366e,762d74ac3091bee9c8fdb2f9ed67edff,delivered,2017-05-30 17:45:18,2017-05-30 17:55:18,2017-06-06 11:35:15,2017-06-12 13:49:42,2017-06-29,a8fc0eb2970e61b68a60b9bdb788ab37,2017-05-30
752855fec9c8baf507e885780d74c273,df1fcc8ddc1c7237f4b54b44d21ffa6a,delivered,2017-06-25 12:07:00,2017-06-25 12:23:41,2017-06-26 12:02:58,2017-07-03 18:02:43,2017-07-18,e5a28b7fe3e163855d0b0241bfbe6160,2017-06-25
47ccd65ae7dab553c7a8c779fe2cdea5,d16c97e2fa91a534e64f7c7348ef4716,delivered,2018-02-01 22:03:37,2018-02-03 02:53:13,2018-02-09 19:22:25,2018-02-23 23:21:47,2018-03-13,de897f27fdc5c00d8bb5be2d0f476a41,2018-02-01
d6a416d3c459a6ac5053a585757bf8a3,9a01afd154aec384cf7fc7d342da66b3,delivered,2018-04-29 21:43:57,2018-05-01 05:54:36,2018-05-02 14:17:00,2018-05-08 15:46:52,2018-05-28,984508e740e39788b92d7302c419fc15,2018-04-29
045fdf416ed4db7ae710009397448586,d71417bdc4732253d051aea71d4141b6,delivered,2018-01-12 12:04:11,2018-01-13 11:56:19,2018-01-15 22:43:08,2018-01-24 21:56:55,2018-02-08,18d1fb77d6d3408d22bea7b52edb9b50,2018-01-12
17b46a3118a454c177670b24a615932e,ccd23e65470c2c930356c5d876cb9038,delivered,2018-01-31 10:07:09,2018-01-31 14:06:52,2018-02-01 17:58:43,2018-02-07 21:34:34,2018-02-22,ddeb6f3566dcf17cb455271ac103a73f,2018-01-31
43887f3ff49629a7d608220b3a832e5f,442b6109bbaf07f77ed66784a06eb7cf,delivered,2018-05-14 12:59:54,2018-05-14 13:17:19,2018-05-14 15:29:00,2018-05-25 16:56:34,2018-06-14,fc8202798793a1c0c3207dba02b05def,2018-05-14
4df36fe83cf894ed979421fecd300bdf,f31e6301ab31f25b5603bb6567861c43,delivered,2018-01-06 12:43:25,2018-01-06 12:53:30,2018-01-09 14:03:50,2018-01-18 16:51:54,2018-02-08,f0fd988c7c2a4cba167138a8adada6ca,2018-01-06
95e2bf3af9b01a4c24043bac75935bda,4096f24d2935605bc5cb80c294485ea7,delivered,2017-12-19 04:11:13,2017-12-20 06:58:33,2017-12-20 23:29:50,2018-01-09 19:20:16,2018-01-18,9f3370b5197872a3f83ee2862413129e,2017-12-19
5c0f9e92224d151d9d5af8d7085ff06a,e5ef9600dd86cca11e62c92b47d3c806,delivered,2018-03-14 09:59:59,2018-03-14 10:10:33,2018-03-15 00:32:29,2018-03-28 18:55:29,2018-04-03,c01d096654684b377eb9068bb211eaff,2018-03-14
0692bac30867d1bf96c14aadbff1cf17,c5db75451fbf381870054e426b6863bd,delivered,2017-09-09 22:29:01,2017-09-09 22:43:27,2017-09-11 19:05:53,2017-09-13 18:32:45,2017-09-21,5be8242f4f7ca2f0bd389c867a889f0f,2017-09-09
52840e5aec363acd1243c43edd744d17,b1f49049ba31c6b6efbacbfe55193a5d,delivered,2017-09-11 17:16:47,2017-09-11 17:35:26,2017-09-12 17:07:24,2017-09-13 20:19:36,2017-10-04,fce233b8d4861191d994e59530a788e8,2017-09-11
1e445a7619ab257d5a42c1824f27b78b,afa523d8c2bacf5a27ce93803433265c,delivered,2018-03-12 16:38:57,2018-03-13 04:30:39,2018-03-14 17:13:12,2018-03-23 15:03:38,2018-04-03,ac57fa951d5e9b304fde64b6ed9c9170,2018-03-12
2cfc25c768542047dde9549da3f65fa8,e621c805f6e84be0117cc09ee0187667,delivered,2018-01-08 16:54:27,2018-01-08 17:06:28,2018-01-11 00:35:48,2018-01-17 17:33:58,2018-02-06,3bc2cbcf3d4baefa76c260d5cb5dff60,2018-01-08
3163a067949a10a752bec5cca69511b2,3c7525f121305211f94be34e3e73583e,delivered,2017-05-04 15:44:25,2017-05-04 15:55:20,2017-05-10 14:45:45,2017-05-20 11:03:36,2017-05-29,124089de280494d8f5746710ec628d82,2017-05-04
da0b10b78f4b4fd25b1635724889e7df,1d26d38a56e51a4def7520f3e3ad62e2,delivered,2018-07-31 18:05:51,2018-07-31 19:31:35,2018-08-01 15:35:00,2018-08-03 19:44:54,2018-08-10,7b2bcec826f9d8f92176ff06dbe62c5c,2018-07-31
3bc480522832a0e93da7aeced8fcd9a1,a555a5df7cab99101ffe4ee4e349519c,delivered,2018-06-07 18:25:20,2018-06-07 18:55:39,2018-06-11 08:25:00,2018-06-19 17:49:31,2018-07-05,ddbf3f9173b2137e15cf7d9499a47b37,2018-06-07
fbaeee85e7af535eb8087a3caea19cb4,a46011afb86fab5c2de785a72351e8eb,delivered,2018-04-20 11:21:20,2018-04-24 18:58:26,2018-04-24 00:44:31,2018-05-03 19:26:51,2018-05-22,6b282d2d621065932fd6da3ea78eeaa5,2018-04-20
df27238d6c9c6613d769db297c4f670a,e2f929dd884e4dd08357b8588fa4d0e8,delivered,2018-02-04 17:12:36,2018-02-04 17:49:15,2018-02-06 17:42:11,2018-02-22 21:55:04,2018-03-07,e3686e6ff8f5bc9b36e3725342683b13,2018-02-04
3eaff0f1e83006a8d5ef491c01ab176a,ee6902061d6e3530d67a27fecd3155a4,delivered,2018-06-11 10:34:39,2018-06-12 05:16:46,2018-06-15 14:48:00,2018-06-22 20:46:59,2018-07-03,3688d29d4b651dbe1d73df4d06d133d1,2018-06-11
df926b7d1f6199f57548358c93ec9f39,1adb89d4cb64aba663638417c802dde1,delivered,2018-02-12 11:38:27,2018-02-12 11:50:35,2018-02-14 18:38:22,2018-02-22 22:04:07,2018-03-06,49ee40e459b6d9b1c391cb091ce263bd,2018-02-12
f7a8fae2d2d1ed95f1413db630a42dbe,ccc7253294c7fddf43348badad1f59ff,delivered,2018-02-21 11:30:10,2018-02-22 11:15:43,2018-02-22 23:22:48,2018-03-01 17:51:57,2018-03-21,7fe33c78f78af66702aa8acdd82ffb55,2018-02-21
0771233ce445ab49cb2542af0243618e,052c33d5b6909c0fe63290cb7bd7c08a,delivered,2017-09-06 07:52:36,2017-09-07 02:50:36,2017-09-08 16:03:14,2017-09-15 18:49:53,2017-09-25,0cadff7d5cd315b0367ce51a17c41814,2017-09-06
f56822cb69b5f9cb9f0737b59b0f0f1a,f7e5d9363dc24c0f4114f075ac29ce23,delivered,2017-08-12 15:11:47,2017-08-12 15:23:55,2017-08-15 10:08:59,2017-08-28 20:06:49,2017-09-12,f7fdb10a09da108d807fbfbfce7780e6,2017-08-12
55adc5cef9556477770f0b858669f8fc,914da1312815b7c40998d118f56fd88f,delivered,2017-03-17 11:15:39,2017-03-17 11:15:39,2017-03-20 11:52:33,2017-03-23 16:03:51,2017-04-05,92a14f8723521366ecb62c659f2df588,2017-03-17
3e351fbdb9c27ebe3c34cb15c40b7e22,5d60e47937b311b715b33345bbe60f9c,delivered,2018-06-14 23:12:11,2018-06-14 23:36:31,2018-06-25 15:22:00,2018-06-28 18:14:34,2018-07-17,c4aac8360e57eb2ad666d53281acf3e4,2018-06-14
8101f323f454f972d5f4773094d2c5e4,bfb44779e5b5ee756b6de1b584d9be6a,delivered,2018-08-05 00:20:48,2018-08-05 00:35:21,2018-08-06 09:36:00,2018-08-10 17:36:32,2018-08-17,53b79b163547934f6f13f39421e6c930,2018-08-05
683076b91bcaf79259334f6aa80d41a3,58cd1c5b5fc40c1bc3448b6bae54f34b,delivered,2017-02-07 11:32:53,2017-02-09 02:43:17,2017-02-10 07:07:57,2017-02-13 11:09:14,2017-03-10,7cf7ff4cfdd173d22be49c668ba75f1d,2017-02-07
d17f79a0c6b2490418043617c463b463,aab0c220cbae3c04a5903911a2f30cdc,delivered,2017-05-22 19:57:24,2017-05-23 04:10:29,2017-05-26 13:08:27,2017-06-11 07:46:52,2017-06-27,d7d0c97e3da06dc528b38acc8fb97c1f,2017-05-22
fcb3eb19055137fc22ca9a5d695345fb,0613eb97dafde61a79ed8a648c31faa9,delivered,2018-01-27 19:46:44,2018-01-27 19:58:26,2018-02-01 19:34:49,2018-02-14 13:13:46,2018-02-23,58f80711fb4a9b61ddcf707a38fd13e4,2018-01-27
44a03ff139461361ec4cce7949663c2f,d1bfcf16e4d5966d1892538e5b3d7c1d,delivered,2018-05-23 16:58:37,2018-05-23 17:16:46,2018-05-25 11:13:00,2018-06-04 12:14:43,2018-06-08,19feb8053c50b8159bbd30f454a513ca,2018-05-23
7f863d2b8f093124a65f45eff9c43557,9ce2bcfc15a05e2bd7494d7d9c5c350f,delivered,2018-04-28 12:14:00,2018-04-28 18:30:15,2018-05-02 15:25:00,2018-05-10 20:33:06,2018-05-24,cbda2d4ddbe3040914f9b98d9d22a700,2018-04-28
5b43fbc291ca14497fcffc16d301365e,b60caf0e1a1297d235e433450bdd7551,delivered,2018-06-02 15:26:28,2018-06-02 15:49:57,2018-06-05 08:53:00,2018-06-18 16:46:38,2018-07-19,b8b8de7a160be2e9993f6db81a2902e8,2018-06-02
07e43f12d5d3bd569e03916b9482a8d5,872f27f2b440662abc43503889206577,delivered,2017-08-04 10:33:07,2017-08-05 03:05:33,2017-08-07 19:37:45,2017-08-15 17:55:54,2017-08-31,c041db6e85cf2e8fda6c589a5e1034b0,2017-08-04
cf69c61e309f7c7163a98e963e17c4cd,db3020f67ef58435946426b4c21c2979,delivered,2018-03-10 10:52:46,2018-03-10 11:08:30,2018-03-12 20:36:48,2018-04-03 18:52:03,2018-04-12,0c28f38dd137ad15fbf7f539fc017838,2018-03-10
a28d6ebc71da0f55466984fa05e6c236,30b7ba1bf06312a633cc4c6bb56c60ca,delivered,2018-01-22 19:26:34,2018-01-22 19:38:25,2018-01-26 13:45:59,2018-01-30 23:25:05,2018-02-06,80503641928bd2023560dde45d5ebe2f,2018-01-22
dc2e682924e6b1dcd20240a5a45f4b8b,918727941e109f15a4e8f28c64431f78,delivered,2018-06-10 12:42:00,2018-06-10 12:57:15,2018-06-11 14:17:00,2018-06-14 11:03:35,2018-07-11,ac9ea2c023e545af0a8987e3f1e8fc2f,2018-06-10
d43fdae293f477cfaa36000252f3973f,c6cdda931e94d2a4136ea836c96e43f1,delivered,2018-05-06 08:59:22,2018-05-06 09:10:21,2018-05-07 12:19:00,2018-05-17 21:46:29,2018-05-28,ab9c360af9fd56c4a270822341c2d965,2018-05-06
f192c53f0f7a62873a327def931c1b55,c1b625a759273b6c252e40b7a117960b,delivered,2018-08-11 12:27:01,2018-08-11 12:35:13,2018-08-17 14:55:00,2018-08-21 18:41:40,2018-08-22,1a1a377f5763ff26f116f954820e1ee1,2018-08-11
6508ccfd77b6c1684614de32ac787f21,db2d820c9ef5fb3bda68d9bd203c807e,delivered,2018-07-24 10:17:12,2018-07-24 11:41:14,2018-07-25 13:48:00,2018-07-31 00:46:51,2018-08-10,2cc83d64e8c62d3761d81c3f4043804c,2018-07-24
64158e0be1de0bb467aec3c8d1e25df1,bed17f0bde69137777be0819befbb612,delivered,2018-07-24 11:14:46,2018-07-24 11:44:57,2018-07-25 15:12:00,2018-07-26 12:59:40,2018-08-06,afc583504bc629f11fd265296a0cf700,2018-07-24
c6b0f4a5ccf598922d592d8c56c044b7,763c1c6bf0c0a0f2412923201495f1d9,delivered,2018-01-14 19:07:42,2018-01-14 19:29:04,2018-01-15 17:28:29,2018-02-11 19:25:06,2018-02-14,64a13c5f6fc4822392c9f1bced88ddee,2018-01-14
34f5e7728f7a0a1040c1aa8ab1c00221,48b40869330ad39940aaf08c92cc62e5,delivered,2018-05-07 01:30:48,2018-05-07 16:15:38,2018-05-08 14:57:00,2018-05-14 16:45:30,2018-05-23,8e38a36eed3e4e97cba435f4d2556db6,2018-05-07
9dc2f5ffe1031614a3db70c07d9bd36c,b9da8d7c15ee88614c923e2c23313166,delivered,2017-09-21 12:19:09,2017-09-22 05:34:12,2017-09-22 18:23:40,2017-09-28 23:54:41,2017-10-13,acd20c20e47ca57e3e40aaa54214c8b3,2017-09-21
74724c047f64b3d301607c9dd8a7c87a,22e705013ce57bb25af4ab3756fc899f,delivered,2018-01-23 17:15:12,2018-01-23 18:07:16,2018-01-24 16:58:29,2018-01-31 18:41:36,2018-02-15,80d460e4258f3b9c73d76a07e7e43164,2018-01-23
71269bfaff77cbd93b48e1dc0f548f69,ff6f39a2a4be2c5fe2e1f334a984361c,delivered,2017-03-06 11:23:04,2017-03-06 11:35:20,2017-03-06 13:00:21,2017-03-08 16:23:05,2017-03-27,0c7b7ce4f8dc862f259a4eb3298d46d0,2017-03-06
a6a86704788e36ef1729c8c2b45453da,f1f94db9bb5d498e004847fe363562f2,delivered,2018-01-12 15:57:06,2018-01-12 16:09:03,2018-01-16 22:06:52,2018-01-29 17:47:45,2018-02-09,76fc9de4d8cfeb728a3fcb182e7aef7f,2018-01-12
c5f4d1c5cbf9d72770da8631e122d7a4,71b23f1e1dc7d82ee535b44411eb4482,delivered,2017-12-20 13:03:33,2017-12-20 13:16:31,2017-12-21 20:32:55,2018-01-08 16:48:54,2018-01-18,aee0b5331955d2c455b40286da09f365,2017-12-20
8dacfc5954004dce6e6ab017ca65c5e0,80fea01f7df39bd74716fec615b69f97,delivered,2017-08-06 09:19:04,2017-08-06 09:30:15,2017-08-07 20:18:41,2017-08-18 18:43:08,2017-08-29,42273d26a8bcc297e6b5c3e18d35949e,2017-08-06
2d1d5777f29a8ee6593cf90b85afb5b6,e005b68469dd892804952168469745b5,delivered,2017-08-01 22:31:01,2017-08-01 22:45:13,2017-08-02 18:52:58,2017-08-09 17:17:39,2017-08-21,46e5acb6c2cdfc0f4860de6df22769e5,2017-08-01
42d03e2a1dc9ce4e956fab39eea3af92,9c4b601233d84cc6aac5d678e71ed985,delivered,2018-02-20 14:22:02,2018-02-20 14:30:53,2018-02-21 21:09:18,2018-02-22 21:34:07,2018-03-07,ba84e7e5cbb8817e341ce48243eb3148,2018-02-20
8fdfac1873ed12a59bade4688f35bb4a,0d8a779ea87f170ccfcd688069cd1ad6,delivered,2017-06-03 18:40:55,2017-06-03 18:55:18,2017-06-06 11:34:30,2017-06-12 13:54:42,2017-06-26,5af615104a2d20ff025719eecc2e40a9,2017-06-03
c1ff65479834ffeb424c5a78cd65ce4c,84c17812858f1155ffcb307ef1ece533,delivered,2018-04-27 13:36:40,2018-05-01 05:32:23,2018-05-03 14:43:00,2018-05-10 20:47:06,2018-05-28,a029899dd8534557a81c369475ff80c8,2018-04-27
a91719c33cb682b0e23e021e99e98c94,18c5639b9d801701c53452afdc9d93c4,delivered,2017-11-06 20:40:57,2017-11-07 04:31:55,2017-11-07 19:09:17,2017-11-20 17:34:28,2017-12-05,a7a55071159ec47b5a820b95ed5cad13,2017-11-06
58e8270bb23a598a7a351d4fc3a211a4,ff3fe3b5d1013960feb8306734a10ee0,delivered,2017-08-27 18:08:20,2017-08-27 18:24:34,2017-08-29 19:10:51,2017-09-06 18:55:04,2017-09-14,1a7124f3d60ffcc44e20dd296462b48d,2017-08-27
bba25df31ab586c63517d9d4c8cd1773,727f9524abf7f4f06689821203926d36,delivered,2018-05-07 17:20:46,2018-05-07 18:10:17,2018-05-08 12:31:00,2018-05-11 17:38:40,2018-06-01,f734901a12fa542a4bfea19410031ec1,2018-05-07
1bc46be43c32864d082f8b9677702e7c,84c43602a6a9a5db29c1f2b9087d803a,shipped,2017-06-19 17:33:27,2017-06-19 17:43:10,2017-06-20 14:54:20,,2017-07-19,89ba04a003c3ea6e1cb31c77a2bfb1a2,2017-06-19
d7b749382b06fe2551235b118a962dfa,2853fd4b314b078f6a16bf500bcb1a0c,delivered,2017-03-11 18:46:30,2017-03-11 18:46:30,2017-03-17 06:57:41,2017-03-23 10:34:33,2017-04-13,a8bdfcb47e03f463a821f841e2143550,2017-03-11
89de41fe841ea70c375e551ad85ecfb6,1ce01b4208f3a8fafc6f8aa0f413189a,delivered,2017-08-12 11:43:08,2017-08-12 11:55:22,2017-08-16 18:27:40,2017-08-21 20:42:38,2017-09-01,1e697187676fe91e722de05d499bb799,2017-08-12
2d2eb6ad8cd92fe5705aa4866685cb95,6b52695c8fb83963bf7eb5309f181f63,delivered,2017-09-16 12:09:42,2017-09-16 12:24:22,2017-09-18 18:37:26,2017-09-25 19:07:54,2017-10-04,f5973d488892107b0b9dd420a70d64c6,2017-09-16
b22c78b69eebbbdadbf68f2111cd89a3,96494f58e7e2dd03fbd4b95a88cde868,delivered,2017-08-17 13:49:02,2017-08-18 02:24:48,2017-08-21 18:22:20,2017-08-30 18:24:08,2017-09-21,78f92f4e42222ce7dc6023877b3f9827,2017-08-17
71faacf7cbbbe99af405624f55e3bfca,151b3e542a42b9d5600518a7ba6e65db,delivered,2018-05-21 17:20:54,2018-05-21 17:56:38,2018-05-22 12:44:00,2018-06-09 14:42:17,2018-06-11,68d8acf19d02fb3b95c8954d31d75448,2018-05-21
a46944cf9b2c78431a4619ef5f308ab8,c0d8087ca82251a651b555a131b87e5a,delivered,2017-07-05 17:19:21,2017-07-05 17:43:55,2017-07-07 20:08:01,2017-07-12 19:34:45,2017-07-25,a62e2ce3064953c69d01ac6bda86f2c6,2017-07-05
2285d8448d2a9e6ff6bf3abac605403f,9922c0024122d399a1459072a40f8b44,delivered,2017-12-22 00:37:14,2017-12-22 00:49:46,2017-12-22 19:30:05,2017-12-26 15:39:16,2018-01-15,d9f4657291c35c601cbb4b026b9e89cb,2017-12-22
caff70858dc0e5db4df2f19364a9fc11,8f152ab386c3648b3b9efa3415f8e556,delivered,2018-02-27 22:26:24,2018-03-01 02:50:41,2018-03-05 20:21:42,2018-03-06 21:47:27,2018-03-16,8a3fac160ecbfa3033207270ee68609f,2018-02-27
3edd1b04b1ee7569080c9e234c2b029f,0211481bc6a8abb8fb636b2309bb9931,delivered,2017-09-24 09:31:11,2017-09-24 09:45:37,2017-09-27 21:44:42,2017-10-05 22:09:01,2017-10-20,586ed45ee165fde92d19ce4a4310cd1b,2017-09-24
a97c9b194a026ac3e75726c485f6e8ea,5f6db5c31f125910e26554612988efe4,delivered,2017-12-15 16:07:25,2017-12-15 17:01:07,2017-12-19 15:47:39,2017-12-27 20:16:30,2018-01-10,1cd571faa1d3f751b299fda2dab476de,2017-12-15
d190a1321e28067fd7f99cb4d115423b,6ffc5c7db076d4d7d9fb93aa62993bf5,delivered,2017-05-01 17:05:20,2017-05-04 09:25:19,2017-05-05 12:06:58,2017-05-17 15:38:04,2017-06-05,16f418beb2b081f72be09d327efaf4a9,2017-05-01
85a22eb264ad44ff56c4955a66876fed,df45454de710054424258d3bc3f2ff63,unavailable,2017-11-20 16:10:58,2017-11-20 16:26:41,,,2017-12-07,e9d6ce102dcb8ab8a3387021b5040f70,2017-11-20
d8fa73e826d6e93ef59e9ebb19e2c08a,10aa4c249898134fd7c8ba29afbb2962,delivered,2018-05-17 07:22:36,2018-05-18 04:35:54,2018-05-18 16:43:00,2018-06-04 17:48:39,2018-06-11,7b4a91076722dc7d9922d8645b65ff89,2018-05-17
8ee4362f8dfc794ac7cb9b309b4a87b3,b3c9b5795c9e172c44c29fbb63f750d8,delivered,2017-08-26 08:06:34,2017-08-26 08:15:09,2017-08-29 20:22:38,2017-09-09 14:27:39,2017-09-22,bf6656ef50e6fd00e7517b01d615b4f3,2017-08-26
52cf0431b5bb17dae2f92c5af5595364,3fbb7a2e73ed30c7d92872ab35c85baf,delivered,2018-05-16 13:53:41,2018-05-16 15:17:52,2018-05-17 14:30:00,2018-05-23 19:45:47,2018-06-08,5c0d5753c7e00cb6094cfedac031d389,2018-05-16
2d13edfc9500d7a00b30da501d70359b,e39f3f1c4dc9767ecf8cd186a683101c,delivered,2018-05-31 12:48:26,2018-05-31 12:55:18,2018-06-01 14:28:00,2018-06-04 21:35:54,2018-06-29,ef8d690552f3271b4a2645e1d272abcf,2018-05-31
31a6e6b641b0dca2cf22882e91c1f460,cc9fb91092c9fd03600710b91596b684,delivered,2017-12-16 11:47:20,2017-12-16 11:55:27,2017-12-18 21:42:07,2017-12-27 17:52:45,2018-01-16,b204edb9f6fb5ac3e1648108c917b32d,2017-12-16
56ba89857b4e6eb192108f310a81163b,4e69a1799278deb1af1d206568b92f76,delivered,2018-06-01 22:49:13,2018-06-01 23:11:50,2018-06-15 11:17:00,2018-06-27 12:46:32,2018-07-19,7599dea7f7520c8c37351721ad6870de,2018-06-01
a1a6eadae352582010f449d8527b55f3,3414a9c813e3ca02504b8be8b2deb27f,delivered,2018-08-18 12:39:19,2018-08-18 12:50:37,2018-08-20 14:43:00,2018-08-24 17:26:42,2018-09-03,8d50f5eadf50201ccdcedfb9e2ac8455,2018-08-18
453a132be6c4bc81afa3196c3851a133,4cbb11e8a2cf58fff3c83cdb8dd8422c,delivered,2018-04-20 08:17:30,2018-04-20 08:32:14,2018-04-24 14:52:10,2018-05-02 17:07:31,2018-05-25,3b8362f3e3910b42d15e21207f6bf62a,2018-04-20
d787107ccedb2db436f0d2fd57e17182,2f51c2a7bfe1412f583bf0eea4375a80,delivered,2018-02-05 13:08:49,2018-02-05 13:30:35,2018-02-07 17:38:39,2018-02-14 22:43:08,2018-03-01,608f311bd7ab7eb0ceb5a4ed6da2191d,2018-02-05
9b14f66fe74131735be03b9f68dea3b2,5ad8b0b80efc45a52eceb54775c616fc,delivered,2017-12-15 12:38:11,2017-12-15 12:51:56,2017-12-19 23:21:56,2017-12-28 23:25:02,2018-01-10,f8bbcdb4bd053103052cd5501713e845,2017-12-15
f7a9caa19de0afd0f1630781165c0597,997c0198fd57c64bf4d9126c367b36e1,delivered,2018-03-02 22:56:31,2018-03-06 04:30:55,2018-03-07 00:54:40,2018-03-25 11:08:28,2018-03-26,9427f2fc5cf20d82043915d446812c7c,2018-03-02
90c2eda21ac12f7fb2e6fe3db2b81def,aa71b21388b99444414a772acde9f6aa,delivered,2017-09-18 13:58:03,2017-09-19 03:34:08,2017-09-20 17:55:25,2017-09-22 03:05:00,2017-10-04,a84aedfb37c3efee9824a9d9362a9e65,2017-09-18
d58df2b69a85b0c716f8eee6e0445177,e6c859f61d1b6126578a465822821f42,delivered,2018-04-23 10:07:14,2018-04-24 18:39:28,2018-04-26 14:48:00,2018-05-02 22:13:00,2018-05-11,fa5f55038a6e62fbc84a8cfebc64f813,2018-04-23
e6e7ffc09203a472e7a298a12281363d,d8ab740fe38e02bd367a4e783b316f1a,delivered,2017-10-11 19:31:22,2017-10-14 03:46:12,2017-10-16 22:58:42,2017-10-24 18:22:31,2017-11-06,cc1d2dfe15189ddf4635328377ac6942,2017-10-11
dacc7a1d6edca844b4f0f6cf124b4f24,3b8faa7c46f66ef0ffb635716139e4bf,delivered,2018-08-11 16:02:08,2018-08-11 16:40:05,2018-08-17 08:40:00,2018-08-24 17:18:52,2018-09-10,80d8a69b7c8b84247423da36627c0402,2018-08-11
00975e709cd12c34d3bd44e4a7f7a876,3c52d94017a3d96915999f30cf42a9ce,delivered,2017-08-21 12:54:37,2017-08-21 13:05:16,2017-08-21 19:07:09,2017-08-23 23:04:17,2017-09-06,ebcca806966fdf4317d0741eeee16004,2017-08-21
3578f604ba267d1491f68d8f929dbf28,24f0ff8f458c6b9f0f8222b516699b9c,delivered,2017-02-07 20:58:44,2017-02-09 02:45:18,2017-02-10 13:52:33,2017-02-21 13:18:29,2017-03-08,c51a1ea9fa9851c70f89d1178c861150,2017-02-07
aa4abf7d0cd6e030f20d847400ccd459,afa09f08d68def77389c41a8685c22b6,delivered,2017-05-27 10:50:31,2017-05-30 04:25:31,2017-05-31 15:47:22,2017-06-14 11:33:54,2017-06-21,091afd743e817cf8c0be2cb5a4e5271e,2017-05-27
1a246d78fa3f7c563a0b27ea0b1639bc,b757d2bd2f607d861b8759e69e100c92,delivered,2018-07-25 18:23:07,2018-07-25 18:35:26,2018-07-26 17:27:00,2018-08-08 19:24:51,2018-08-14,6fee629ee4d4173c57b299647856f266,2018-07-25
b50dd584b57f884ca278422e0607f7d3,4e6d327fc8ec2d02d0973f3c579a690c,delivered,2018-08-20 14:19:56,2018-08-20 17:00:08,2018-08-21 13:19:00,2018-08-24 23:17:18,2018-08-24,982225d263b534c62133d7399fb264b1,2018-08-20
f2a9a390ab5775c0fddbb8e49ae95614,78f2dde0b75935b85e0d45ba45ff23cd,delivered,2018-05-22 20:14:54,2018-05-22 20:37:11,2018-05-25 06:30:00,2018-05-25 16:38:23,2018-05-30,2f293b442348c20d12aa4537bd3d7234,2018-05-22
ff3cf519c35d0a3c371c62b507838a45,9f6c0972750903c3faaa17aa77b9b328,delivered,2018-05-11 21:32:26,2018-05-14 08:13:57,2018-05-16 08:54:00,2018-05-25 20:34:30,2018-06-07,703254ce24f40d6b75369e6fd8315a4b,2018-05-11
bab4bb6e7aecc6eb7e4f1ef01d67a4cf,53223b96072a85f8f0d300f7ccd3a764,delivered,2018-03-20 14:25:32,2018-03-20 14:49:21,2018-03-23 23:50:20,2018-04-04 15:29:09,2018-04-13,f5b64709a506a5fd7f4eb35c2afb1623,2018-03-20
54c5976111a966ff8a2224dd242cd07a,195ca01e41b6510dd66cadfd844b5016,delivered,2018-07-15 21:12:17,2018-07-15 21:25:13,2018-07-16 09:34:00,2018-07-24 01:03:46,2018-08-07,b5b2882db888ad0bd26af3bae0873524,2018-07-15
a15616fe830c593a7ee849e4d2f0d023,a3d6cee47d0c4d8bb00e71fd4ef392fd,delivered,2018-07-26 20:37:44,2018-07-26 21:10:14,2018-07-27 15:36:00,2018-07-31 20:04:31,2018-08-13,4a9fa3bb2925782cde9c9560f2e8d30b,2018-07-26
02737086e020bd456ae19e98fee5c186,f3576e2845514e8c7a3a89fd7691c745,delivered,2018-01-17 18:06:57,2018-01-17 18:17:40,2018-01-18 23:59:06,2018-01-26 01:09:15,2018-02-07,a5676d84cbaa52218865e55f75e9ea36,2018-01-17
85f264b7facc04c8e6a719c30eb273bd,9bd73a761be2687367ee5276e14254de,delivered,2018-05-04 06:35:42,2018-05-04 07:22:05,2018-05-04 13:56:00,2018-05-10 13:16:52,2018-05-25,46fa86cb37d17bf9bcf3dfafe8796f93,2018-05-04
193a665b822ac18f6b67b7705da3d66c,55840ff4caf1d80ac296d0b1ac968b53,delivered,2018-05-14 10:49:41,2018-05-14 11:14:19,2018-05-16 10:54:00,2018-05-17 21:46:54,2018-05-24,d26420cca939f78a409db32872c4c8f5,2018-05-14
374fd048ff590c1059eb5d4fe2d892b4,51114600137b7c46ab0384b834206dd1,delivered,2018-07-13 03:06:42,2018-07-13 03:15:12,2018-07-24 16:07:00,2018-07-27 19:31:49,2018-08-07,efbe0ca2edda5df6bc5015e3a7382456,2018-07-13
d9f085069cebe18379f8a966f47e4cbe,1226271a46eb0334b4392f591183ba3a,delivered,2017-07-11 20:56:25,2017-07-11 21:36:01,2017-07-12 15:27:49,2017-07-19 19:03:15,2017-08-04,45813dd6af389e865b4968c44e31ade2,2017-07-11
d6bd807af8d3eb49c318aa5b683c909b,e9342c1b3013083c0c5cff90aaf5a6b5,delivered,2017-06-03 07:51:09,2017-06-06 13:42:49,2017-06-08 18:34:02,2017-06-19 20:07:43,2017-07-04,d087fe265ffc07e494a1bcf7a2f2039e,2017-06-03
deefddf2c3d015db84f7769915719aae,cdb73227ac752016ce1964a9a6a4fa1b,delivered,2018-01-30 08:44:46,2018-01-31 13:31:31,2018-02-02 17:19:15,2018-02-06 00:42:02,2018-02-22,084945acdf382cd924b1ad7e407f651d,2018-01-30
0daa8301819941dd352fe651f9fa70d5,da437ccfd018a010d1fb766b073c759c,delivered,2018-04-04 09:12:01,2018-04-04 09:31:05,2018-04-10 19:49:28,2018-04-12 20:39:27,2018-04-16,06d26e5230ac619719997a8cf435a69b,2018-04-04
0cce12b5e68a55914cd38b40985f7262,3e0c0674e2aa2cd249bc32ec8e472d00,delivered,2018-01-20 20:48:14,2018-01-23 03:37:51,2018-01-23 14:33:19,2018-02-09 15:42:35,2018-02-15,60aa9fbdfb6f0898ec32c23ee2245b26,2018-01-20
26cc9c222792e6af792575ab34ee3ecc,21bdba219d8d2f0f3795d2d97d8e30d4,delivered,2018-02-08 19:10:12,2018-02-08 19:32:18,2018-02-09 19:28:46,2018-02-20 21:03:57,2018-03-05,5d1732050eefd91d4c005a4adce0eed2,2018-02-08
80b2fb2d49f96b2a3ee411ede91361e2,3eefe54afc9d6d5fc569afcc3c28e772,delivered,2018-03-27 10:17:32,2018-03-27 10:30:10,2018-03-27 23:48:28,2018-04-04 22:41:38,2018-04-13,9e878efb47ff116d7b89b5ee1fd23e11,2018-03-27
c7e3603d9e577642558373a0e3eed860,89b1ffdb00006a577a58f690c18dca71,delivered,2018-02-09 19:55:27,2018-02-09 20:08:00,2018-02-15 18:51:44,2018-03-03 00:28:44,2018-04-19,040dc1ab0fe089423e1d53a50be09a28,2018-02-09
6ea09ab8953f7fda1f69d387c9d252eb,c987e146e9ddc50d5be6f82f8b6689c0,delivered,2018-08-11 18:44:21,2018-08-11 18:55:14,2018-08-13 16:13:00,2018-08-15 00:18:26,2018-08-22,74106deb9358d8a8c9fa300f1484a764,2018-08-11
d2b401a47dcec4ec39bc080b7154cd39,78ce1d88d4e725232f330abfa2dda705,delivered,2018-08-13 00:26:53,2018-08-14 04:55:32,2018-08-14 12:55:00,2018-08-20 14:04:19,2018-09-10,ba3f2192a8512ec598dad62ec045152c,2018-08-13
e70ea1b2475bd2acbff5e2f7f8968ca8,cdb44232ca3c9151d9d4d20dda6c619f,delivered,2017-03-20 12:26:01,2017-03-20 12:26:01,2017-03-27 10:44:01,2017-04-07 15:23:42,2017-04-27,e5eff1e54c132bef74c934de830a14ae,2017-03-20
8b7a61a879cebe21bfa6412e5f731e13,5bdf54932035a8b70e210bb6b3097153,delivered,2017-11-29 08:26:09,2017-11-29 08:35:28,2017-11-29 20:25:00,2017-12-08 22:39:41,2017-12-26,3f59b8357118413501b484d89f2b1538,2017-11-29
1a49eefb9e76ce92c81ef0dde4a431ff,80f9045398977e9bc6a03fc765f4d95c,delivered,2018-03-19 22:34:12,2018-03-19 22:48:22,2018-03-20 21:08:34,2018-04-18 20:38:24,2018-04-06,0d3267732e8cd40c5fd2b0bab1fa2562,2018-03-19
c5d4823acfd714b139d9a100c0234122,c469d5b6ae3c2c61e9936a9ec05f21dc,delivered,2017-08-05 12:33:44,2017-08-05 12:50:14,2017-08-09 20:53:56,2017-08-15 14:05:33,2017-08-25,9f6ae53157e537b0e34d5cf6ec4ea8c9,2017-08-05
153a0c506e50c26d2279e2ba4187f892,3ea58b15fb3cf6875782305b2492fd4a,delivered,2018-01-01 22:37:33,2018-01-01 22:46:28,2018-01-02 19:29:14,2018-01-05 17:27:46,2018-01-24,d2a21549bd13dfc5f3a8ff1c01e0b0eb,2018-01-01
20e6ee55f4ed8d49e64540668547a14e,7e1cc7ea671a5c655c0ed5f06c897f95,delivered,2017-12-31 16:56:09,2017-12-31 17:07:39,2018-01-02 18:13:13,2018-01-04 21:28:04,2018-01-18,cbebc20a65580b4deec0c96775599dca,2017-12-31
f398a143c0fe171d965db2096cf064cf,46bb3c0b1a65c8399d0363cefbcc4f37,delivered,2017-12-17 09:15:37,2017-12-17 09:30:27,2017-12-20 22:28:45,2017-12-23 12:50:01,2018-01-08,7a96eb0a685f5c19b7dad29fc802aa64,2017-12-17
0497899302217e8f8ea8645ac33c1882,aad20e68b92b9d5989bb98698bec41d1,delivered,2017-02-07 11:21:12,2017-02-07 11:30:17,2017-02-07 14:38:37,2017-02-16 07:59:59,2017-03-15,56d9f7e21e5646dbe8148f88453ea798,2017-02-07
8192fd7211b9eac71752e6c23361a422,40a1ece1a7f2ce41d20c9dc0e3125725,delivered,2018-04-24 11:16:29,2018-04-24 18:55:22,2018-04-25 11:13:00,2018-04-27 00:35:09,2018-06-05,6adeaed123a313f1dfa85b88340eb037,2018-04-24
3c50df1d72d2138948a5e64fbc4a2b9b,d43e9219fb6746cf271e4be039f75ca0,delivered,2017-07-28 15:54:41,2017-07-28 16:10:07,2017-08-01 18:29:43,2017-08-08 20:03:53,2017-08-21,8e58c83500883664fbc80d4081e24bc1,2017-07-28
f000585cce3f9d5edce0692f7e18bfda,77b5832eda477c951c0f2b13998ddfa2,shipped,2017-10-04 14:14:10,2017-10-06 02:14:39,2017-10-09 21:44:38,,2017-10-31,791196cf7e5c2e2a7e894884becd7a6c,2017-10-04
15e12d9cfb0958b1edd456f8ff11fcc8,45e541f36bb1209909900413545c9a82,delivered,2018-03-04 13:10:50,2018-03-06 03:51:11,2018-03-07 19:43:11,2018-04-13 22:36:36,2018-04-03,f2c92c3c24df8774d4db1daa845cd9d7,2018-03-04
1c03b97f7acb4f04662663e0d1b58e17,3aaca6ae62be8d951cfcdeaacafbe32f,delivered,2017-06-02 10:20:51,2017-06-06 13:15:27,2017-06-07 12:58:34,2017-06-14 15:39:25,2017-07-05,a7f03777ae5c3fb3e06e96dda0a8923c,2017-06-02
37106a52065add00bf3e59408c290323,11cdfd80e0dc15257ad8671e2736bedc,delivered,2017-11-23 14:41:57,2017-11-25 03:51:33,2017-11-27 17:34:24,2017-12-05 20:04:34,2017-12-15,c615c1b43917a0f5800aca4c9f5a228c,2017-11-23
cc3c4543672fb8402491897f7ad1af33,375d01fe401c4c2f0bd0b34830e7deec,delivered,2018-02-14 16:03:54,2018-02-14 16:35:31,2018-02-19 11:36:57,2018-03-08 13:41:58,2018-03-15,3e6031504a778b58ba135d793a3b7205,2018-02-14
4f4895a14aa8c28dd6c67b1ca830225b,91254b187a06b9ebccc739ecc271c5d2,delivered,2018-04-16 09:34:29,2018-04-17 05:35:25,2018-04-17 21:36:39,2018-04-24 12:18:59,2018-05-14,b37000b4b9fcbec89485f5bca6391e0b,2018-04-16
68799c633625dc15caa0419e5a64195b,055015dc0487744694f4c9baed2afcb0,delivered,2018-06-11 16:17:06,2018-06-11 17:01:32,2018-06-12 15:13:00,2018-06-13 20:24:26,2018-06-20,07a5f6a473e11854c739409c0c899882,2018-06-11
cd746016263cf0a8ac68de73ee79506d,9408e45694a5a6097fadf09ebdc5e4bf,delivered,2017-05-20 18:38:05,2017-05-20 18:50:15,2017-05-24 09:03:15,2017-05-31 09:13:52,2017-06-13,b2eab24a3d081f9ca92ac6c64166c672,2017-05-20
78d80f8efd220a6a3b81a6cd1b9737e1,c1e439f12090715374b4bde3535937fe,delivered,2017-12-01 10:45:24,2017-12-01 11:31:54,2017-12-01 21:13:13,2017-12-06 18:34:03,2017-12-27,8ba288e396a0a48fd28eacc09f43b085,2017-12-01
85feadc22f532c19478ba1b613a1f40a,d42f9f5f246e48d21bbde0765ca3640a,delivered,2018-01-17 18:54:36,2018-01-17 19:10:35,2018-01-19 15:44:18,2018-02-21 00:39:10,2018-02-14,0f29a1ad1743055ea89e91b173452ccf,2018-01-17
73e934755292def8b6519b03f2230723,bd8e2c85ac6c8810b119d2dd90c54ce5,delivered,2017-01-26 17:48:22,2017-01-26 18:02:35,2017-01-30 11:07:50,2017-02-07 11:59:03,2017-02-22,94e62e9baf0b7cca77bfdd81ba8746cb,2017-01-26
fb8bdcd57010a0af8738fad1e866b8b9,62d3febe33264f1fde72007055f55035,delivered,2018-04-16 17:46:55,2018-04-16 19:11:42,2018-04-23 21:42:29,2018-05-17 12:26:42,2018-05-29,99cac6becaa593efe78dc7c471a6d90a,2018-04-16
ef8ee5371febd49cde65b62e068a9019,536ab83be11994431d8e0686d65e481f,delivered,2017-02-18 13:45:19,2017-02-18 13:55:20,2017-02-20 13:38:38,2017-03-01 14:32:51,2017-03-17,579e8646725311074b0d0e7af5f220ce,2017-02-18
07f56da421233e467768e579872a0a9b,15570f9541efe0202b897116ca6a4cf7,delivered,2018-06-25 17:08:24,2018-06-25 17:34:08,2018-06-27 06:22:00,2018-06-28 17:56:52,2018-07-05,daadde0c2a713a64ff101882b86e580b,2018-06-25
5e757e6bf8a635c569659cd7288c8039,c65f4e5152d584b4fafbcf07c48b2249,delivered,2017-05-01 18:45:32,2017-05-01 18:55:09,2017-05-02 14:57:58,2017-05-10 09:08:46,2017-05-25,20913f8824e7ce0cd8f51bf8a3552ace,2017-05-01
6a2d88acf5b1cffdfb3f75cd47fe3120,6c6f5c3edaf3b9c7aa79c83bc6a110ab,delivered,2018-03-28 09:58:06,2018-03-28 10:10:24,2018-03-29 18:38:40,2018-04-02 17:46:48,2018-04-16,d9aa333278d5db4ce8afd1c8cfeb6ecf,2018-03-28
1fc1e40116f5b3b7db1ffc31ab5b63a2,158bf151ca9afed1f0aa1a67c82ce21a,delivered,2018-04-17 20:59:24,2018-04-17 21:10:17,2018-04-19 18:03:41,2018-04-23 16:44:40,2018-05-09,79e6c3130a26cdfec2f850396c9cde98,2018-04-17
ee81bf903abef1ac470e75d14fd15165,cc32c81557f90ab4b2752af60f5d3b2a,delivered,2018-04-11 16:18:30,2018-04-12 04:49:48,2018-04-12 23:06:44,2018-04-20 21:48:51,2018-05-07,90421532f8f3b98852f61a0e40dadec7,2018-04-11
ee4558aeeba185bcd979ed46022947ff,314ec9cbe156ddd9cdaa1a9bf021e00e,delivered,2018-02-27 10:13:20,2018-02-27 10:30:31,2018-02-28 22:53:07,2018-03-08 20:18:26,2018-03-26,691d75928efd2c5dd34b678f19783c28,2018-02-27
2b7715df43e5e353fabf1846cde8529b,9c510396420e45e8d5c5023cc2e73ce5,delivered,2018-07-24 08:44:48,2018-07-24 11:40:44,2018-07-25 12:06:00,2018-07-31 15:21:52,2018-08-13,aec122eaceeb8c84cc61479881a9e10f,2018-07-24
0edf80f575c9d85881267c428cbbd208,5af819b263187f95d7ee76f77d708385,delivered,2018-06-12 01:05:19,2018-06-12 01:16:26,2018-06-13 12:27:00,2018-06-15 22:42:38,2018-06-29,5b1c67084c4d625a2c818cb63a29ce19,2018-06-12
47852cb7df51fcfcdcf3f3f9969ac1b9,9eadd7c343bcf2da0b502394690fba4f,delivered,2018-07-04 15:45:43,2018-07-05 16:21:08,2018-07-06 11:13:00,2018-07-12 20:12:41,2018-08-02,c165394e5a00db758059fc4f6c6895bc,2018-07-04
09d1a6d95af99a860b37ed53fc9a3c2d,02328f102511a876aa72a31e2a80ec3d,delivered,2017-08-23 20:42:54,2017-08-23 20:55:20,2017-08-24 18:26:14,2017-09-04 22:35:48,2017-09-15,084eda32e5a95a9a5977273dab99ca9f,2017-08-23
f68394e0df67be098e9ed2a84109e7d7,0c3c9fbd68d650006c7eef90d8d1f37c,delivered,2018-02-09 19:55:20,2018-02-15 03:47:49,2018-02-15 20:21:43,2018-03-01 01:36:33,2018-03-13,ec80353a38ff10fe2b7bdf17101093d1,2018-02-09
7ebc6754bb5e6f1cfafe6b2c9bb6df44,446534e8b38119df4034af2e076abee6,delivered,2017-07-20 16:24:22,2017-07-20 16:35:15,2017-07-21 20:46:36,2017-07-26 01:42:01,2017-08-09,c2000c6cfbe7491860ebda77f950e934,2017-07-20
0a5d7e24850c68bf00d39bd62a9a45ee,cb544b0c548dbf3e9e52914472d56415,delivered,2016-10-09 11:43:43,2016-10-10 00:23:10,2016-10-21 18:02:19,2016-10-28 06:07:44,2016-12-06,f706755df4abce09ff6fcdfadbe76166,2016-10-09
2430a52e925b011feffa73dfd2426bf3,3d2c3478608217386eca4c88aef351e7,delivered,2018-06-08 15:36:12,2018-06-08 19:31:04,2018-06-11 09:05:00,2018-06-12 20:02:43,2018-06-19,685c025b3f27ea3822fe2c288016c0c0,2018-06-08
6da03ff3a2192306afabb2c8afb92c5b,196568a17e905501e428b29ca61042cf,delivered,2017-08-14 14:38:17,2017-08-14 14:55:14,2017-08-17 23:57:32,2017-08-24 17:23:35,2017-09-20,df569c11f683341b1700e5fb24b76416,2017-08-14
d0953216646b79a1457c04739e8414e5,f74348cae67c2823481c835244740cc1,delivered,2017-10-02 22:20:36,2017-10-02 22:36:08,2017-10-04 20:48:00,2017-10-16 18:38:32,2017-10-27,86a01fa0e06f44ce0edf54c195443036,2017-10-02
4590ff46dd75f5b7ca1c5a8a3f1b1b5f,403d0f281c358682cc8cfca17c2e71b4,delivered,2018-08-09 10:31:45,2018-08-09 10:55:20,2018-08-10 14:03:00,2018-08-20 23:33:15,2018-09-11,f6dc4789e4669873c35f8f92fdbed89f,2018-08-09
a2ad11ea44d93d936c3189c9975fe062,3b54d85abc4690d0817b7b18ef469fc4,delivered,2017-12-11 09:46:54,2017-12-11 09:56:27,2017-12-11 18:56:50,2017-12-13 21:54:57,2018-01-02,6f64406ed5cfa4a2d9bd35e91bfd6587,2017-12-11
d44bd377d793dc513e7cc2bdcd42488c,0346ede17045f279840b35cecd360d14,delivered,2018-08-23 19:18:28,2018-08-25 02:35:10,2018-08-27 08:31:00,2018-08-28 14:17:35,2018-08-30,2864a61fd48b467734363359fb9d513f,2018-08-23
51402937e32c2e11f7aa13d58d0054f1,51b68bdfa70c047b4402d6fc01ba0684,delivered,2018-05-29 19:19:30,2018-05-29 19:32:29,2018-05-30 14:46:00,2018-06-13 19:12:15,2018-07-05,e89169157aa5b606a9725dbce428fda6,2018-05-29
d16387aa75d92aec2dbfa45f9510ec65,1cce0f61f764cf083b928811b1f2bc79,delivered,2017-10-22 16:07:39,2017-10-22 16:21:18,2017-10-24 19:33:37,2017-11-03 16:47:54,2017-11-03,8b16d7714c9ad9e6ba763fe1d63bfddf,2017-10-22
497260b9290b6023e122bda1f4cd1ae6,d03e13d3a1562bf25d0b7ad61426367e,delivered,2017-12-04 12:01:42,2017-12-06 02:39:38,2017-12-12 22:33:55,2017-12-17 16:47:41,2017-12-27,06dd84ae84f585a6bf07b626ddde69b7,2017-12-04
75d356a1c924fad59ba5ed142004e9de,340abbdbf0c270cc10f99d9f6c98864a,delivered,2017-08-24 10:31:22,2017-08-24 10:45:17,2017-08-25 20:08:01,2017-08-30 22:10:35,2017-09-06,2432bb200daa4f6aaf5ad5ff1638bac1,2017-08-24
38ae2c787170fca619140d46981c5158,4b8bffa8c2d5fb599fac128155e3bb3a,delivered,2018-04-06 09:11:48,2018-04-06 09:29:47,2018-04-07 01:26:25,2018-04-12 19:32:35,2018-04-30,33e945a1ff162d1d25547871536d6266,2018-04-06
ec4dff0b0f8bbfa9e39d5e176f4e5a35,995ff88564ad4b448082f8b9e7d9af68,delivered,2017-05-16 22:41:52,2017-05-17 16:45:18,2017-05-22 07:16:47,2017-06-02 19:03:54,2017-06-07,6d7a18f90abb894e378a51500101ea1a,2017-05-16
519440577b644a6822242fe9f13b31e8,2219093050ca810c4027771b505f15fd,delivered,2018-08-06 17:29:39,2018-08-06 17:44:36,2018-08-07 22:21:00,2018-08-08 21:12:27,2018-08-09,9c448549919ee7693e876a9536a9699a,2018-08-06
18ad70ae2189f1e18a644ab94300c46f,9c53c2a649b93665d44f6e1ab072c987,delivered,2018-02-07 15:45:30,2018-02-08 07:49:46,2018-02-08 16:28:51,2018-02-10 13:08:57,2018-03-13,0ae22802e24c51cad6288c838effa0e0,2018-02-07
9c3225a3efe9fb83ea06492acb99d42c,a3841b3e4a14793967fb8b112db2c81e,delivered,2018-08-07 15:38:33,2018-08-07 15:50:19,2018-08-21 05:35:00,2018-08-27 17:31:37,2018-08-23,3b0745c48a097ed671e15d6172db3c58,2018-08-07
923cf1bc71993b447259c9e8bf54eb07,ff03c28afb14c93650bf591cb49fe327,delivered,2018-03-01 14:20:46,2018-03-01 15:15:43,2018-03-12 16:38:51,2018-03-20 20:02:42,2018-04-04,f943b83abc6dc853db41b32672451845,2018-03-01
69051fe25e4f0ea3d9526680434bb1e9,e25ad70eebc7d2690049c448e2fae941,delivered,2018-06-24 13:48:21,2018-06-24 17:18:17,2018-06-25 13:34:00,2018-06-30 15:26:46,2018-07-19,07f683d0c5edec5a5d827d25ba78620a,2018-06-24
18c89078cd21364b7ad7f4d652e0cb84,2d86160611127e9ccc6c5e70ea08f065,shipped,2017-10-17 17:16:34,2017-10-17 17:46:06,2017-11-01 22:07:45,,2017-10-27,d7b591ee665743b77ccf8bbfb12c3a75,2017-10-17
fce11c1012b2c4e62437daaf24cf96a7,a5acb5aeca07d29dc93bef57f887b1fe,delivered,2018-03-03 23:46:30,2018-03-03 23:55:31,2018-03-07 23:14:41,2018-03-26 21:52:04,2018-04-10,a9f9523aa0bd6cb09e4335790b7426e4,2018-03-03
30a3bac324f40459c6d1a739bc811506,a60a9da6cce214757a5bbf389df1c45b,unavailable,2017-10-17 08:28:00,2017-10-18 03:07:55,,,2017-11-09,b98a8bd06ac525882cb2a826e8f4a7c0,2017-10-17
e8f71e64bed96d62e918b32878811d1e,ec65abb5dcb1d10fd068a914a1b483fb,delivered,2018-07-24 11:20:50,2018-07-24 12:00:09,2018-07-24 13:34:00,2018-07-26 19:28:30,2018-08-01,2dcc3f3bcffa402ae206b4f5c0b6074f,2018-07-24
8311aa3b9c474639d7f344868c3fe150,ca55286eb1f92efc0b7b26632ff9645a,delivered,2018-01-03 11:18:09,2018-01-04 05:11:07,2018-01-05 19:49:03,2018-03-20 15:18:36,2018-02-02,e95604d9da7d8c72fe4335fd3ab9b292,2018-01-03
ec661cf879f5ec228ac74c30cff97f58,2c795a38bf9b0a83aee5275ab97f7220,delivered,2018-08-18 21:27:42,2018-08-18 21:49:59,2018-08-21 13:53:00,2018-08-23 00:05:01,2018-08-27,11000823024e21389f2a19a1c6991852,2018-08-18
a5286db4d5cd7fc8c7d997f24a7fe85a,ea4fea0dc5bdcf35a0117903e7b96baf,delivered,2018-05-07 08:11:15,2018-05-07 17:56:15,2018-05-08 14:03:00,2018-05-15 19:00:14,2018-06-01,e177f3ef38e3b40f5c08c7a5a1cfb249,2018-05-07
3257d333ee8b3f21786b6270940d1fd4,cd8aebe5962e539f7dd48e3587e3cd77,unavailable,2017-02-13 17:18:58,2017-02-15 02:50:25,,,2017-03-14,ea9027a8e3d5ffce0ac294b966d5d8dc,2017-02-13
8af354896f0ed90b19d368003ac83254,a78bda882d72b45dc7055c06df79189e,delivered,2018-05-04 18:25:42,2018-05-04 18:35:25,2018-05-08 14:30:00,2018-05-16 22:28:45,2018-06-01,e0dba8683246e604c5a1d95eeb74c087,2018-05-04
adddc7adab7516dd578d700024245d43,6e30c11aee07aeefc4c8f66ef5ba1330,delivered,2018-06-16 12:23:05,2018-06-16 12:40:14,2018-06-18 12:04:00,2018-08-09 17:52:47,2018-07-24,274f2f8f9f5b99d70b2cf9c1115722b1,2018-06-16
d4b428354090e5b6a8663c4c17976ac9,d47980946895d3fb62e16ad3ed8374e6,delivered,2018-06-10 19:58:49,2018-06-10 20:17:44,2018-06-11 15:35:00,2018-06-22 21:28:20,2018-07-12,f53bfb1c09a66eac53a83de7600ea992,2018-06-10
08e678b21510aad65dccc928f6599921,aed1f7e0b31d7d3151cb6fc31cae2904,delivered,2018-06-26 09:25:30,2018-06-26 09:37:58,2018-06-26 14:04:00,2018-07-03 19:22:39,2018-07-26,77b079d504476bac0eeb45b5cee8ae5d,2018-06-26
e15b4d4792319e939f82008479734433,c2ea573bebd1490d873bcac3d94aadbe,delivered,2017-12-04 10:21:37,2017-12-05 11:23:50,2017-12-05 21:07:48,2017-12-15 23:38:43,2017-12-27,5dfaaf7ad5bc37905e9415519ad2f872,2017-12-04
e658e8dc29fc5581482829dbcc127aac,be8bdf1e52f69c9b1759f5b44cfb44f3,shipped,2017-09-11 22:57:29,2017-09-13 03:26:15,2017-09-18 22:12:17,,2017-10-03,ffa652b0cdf8bba29664149a9e579134,2017-09-11
c27ae1c289e22822c3f5d0b6afaa710d,88d722bfc2483243169356336fac575f,delivered,2017-12-07 13:10:48,2017-12-08 02:35:35,2017-12-11 21:28:27,2017-12-15 21:56:07,2017-12-27,956cb0e1a25408993fac0d5383d822aa,2017-12-07
d5530398e8212b808d8a06104a497f74,5319d6b16f0e32db1062072f353580be,delivered,2018-04-24 19:15:03,2018-04-24 19:29:30,2018-04-25 11:35:00,2018-05-03 23:35:29,2018-05-21,7126fcd8e9df03b1f54f42910a112130,2018-04-24
3ea7135b7064169abacfc10aa72f2e3a,1d4bf184a06178a13974e82fe96f26df,delivered,2018-08-12 13:21:59,2018-08-12 13:35:14,2018-08-13 17:57:00,2018-08-21 21:16:33,2018-09-12,463b274f7ab4cac3b894531a03a7afa1,2018-08-12
d3a0d186a5e203acfa13cd9a541073d5,d3e422a0da17d181e0a3877325c3d3ee,delivered,2017-11-06 16:56:20,2017-11-07 07:30:32,2017-11-07 19:14:15,2017-11-10 21:57:53,2017-11-27,506d6cf0a8806f688cd5b05626819e2c,2017-11-06
1eb73d543a6a3318fe766653379d5d4b,eaae8639c42b219916167da5fbe7d3c3,delivered,2017-08-24 13:09:25,2017-08-24 13:24:32,2017-08-28 14:56:01,2017-08-30 18:39:39,2017-09-14,540104af155bf2f2bd62b43732110319,2017-08-24
345f32d6e7e8e03b359eb5b3d38da376,95c00052d37387b481adfb0100c50f82,delivered,2018-03-29 22:37:10,2018-03-29 22:50:20,2018-04-03 22:57:49,2018-04-05 00:44:23,2018-04-11,5e1f2ce5896ab5e5a09d3bf25f97da47,2018-03-29
5d697bc9ff3f58d7b71318cee0f53678,6ee29f2cf8d988f389a2c55b272b2773,delivered,2017-11-12 12:09:46,2017-11-13 12:15:46,2017-11-14 16:28:41,2017-11-28 04:51:48,2017-12-08,405bedd4c250e8f823a8cb72be35111f,2017-11-12
6004599e0ca050d5d2e6b6cc27616061,34c14391e34ba77edd322046b9a1eee5,delivered,2018-06-04 15:54:29,2018-06-06 03:11:18,2018-06-06 12:21:00,2018-06-21 17:54:26,2018-07-13,c2e4df08e9cdfd0187e0350d62fd22eb,2018-06-04
7a275273bce174382bf22826d9150592,ce370a613e3d71368630c7d23641b2b6,delivered,2018-06-25 21:58:39,2018-06-27 09:55:09,2018-06-27 10:55:00,2018-06-28 16:04:19,2018-07-05,c6d6340a321277e035f1e75f47a0f5bf,2018-06-25
91e154e25811db233145b3d5d9c3b29a,66ab6682e54b8fb80c249e2b7652447e,delivered,2017-12-09 10:23:57,2017-12-09 12:51:07,2017-12-11 17:17:07,2017-12-18 22:42:49,2018-01-11,0dd8c0c827a8428675a98860bcc144c6,2017-12-09
08d61eb463e165c095e7de595a773d90,ddb1b2c2aa460a5532a28067b1adc06d,delivered,2018-03-05 18:12:32,2018-03-05 19:20:30,2018-03-23 20:38:36,2018-04-03 20:26:26,2018-03-29,b45f59c5275e5e9b1711a12e068725ba,2018-03-05
8f6d0c386da6a68373cf241e092c7331,4062224126cdccbd9ecdafa4b41b4e45,delivered,2017-08-04 17:42:38,2017-08-08 04:40:07,2017-08-09 19:40:37,2017-08-18 17:43:40,2017-09-01,a2137843c15ea63bc0ee758ac6203a55,2017-08-04
2b59c2841614c2185b24fe1e009571de,30a1aa7080aee7946cbfdf518232591b,delivered,2018-04-30 06:25:24,2018-05-03 04:32:55,2018-05-03 13:33:00,2018-05-22 18:06:58,2018-05-28,1c67fb1f1fe24f915583e97621d1ff63,2018-04-30
61f92d1f21e1f4687f3f6c88ca36fdec,4aa4b5ce6f6e9fc6f78e25ceccee758b,delivered,2017-05-18 22:31:09,2017-05-18 23:42:43,2017-05-19 15:47:32,2017-05-29 14:59:41,2017-06-13,0aa6a7b8c8ea95a92b4949865a66c25d,2017-05-18
3f14020e95c3f2ebedc219ecbe1f42ff,40110a7659c9a62bfe5a90e96ad2849e,delivered,2017-07-14 22:48:39,2017-07-14 23:03:29,2017-07-19 17:49:24,2017-07-23 13:52:58,2017-08-03,81a1dcac3ca18ea37110b230c47058c8,2017-07-14
ee7aab7615cfc22e52462047d0e9f0db,a69a414dbd9ed9dfeb3291be9881627a,delivered,2018-05-29 08:41:45,2018-05-31 03:15:22,2018-06-07 13:08:00,2018-06-08 11:58:48,2018-06-21,410a0462acba9ae869f84450fae8a4ea,2018-05-29
d93b84ebf9409dbec57fb2ac291d9b67,d85bc3e743a27ffdcaf0878bb7d6bf2f,delivered,2018-02-18 10:02:19,2018-02-20 07:26:52,2018-02-22 21:09:29,2018-03-06 15:17:07,2018-03-16,3d0a9404e95ba394aa1684983c3451e4,2018-02-18
55a1a4bc56ccf7a49bc62bcd975d3162,08978618a618a56c5458f2ac593be2e3,delivered,2018-04-30 10:47:54,2018-04-30 11:10:51,2018-05-02 14:17:00,2018-05-22 19:25:31,2018-05-25,f85356edf81a5fe979e823b51c4aa9ee,2018-04-30
19b86ff7894bf15308ebd66e4158b236,687de4f25e5a81aa43144a67bd2d49f5,delivered,2017-04-21 14:21:15,2017-04-25 08:15:35,2017-04-25 14:35:21,2017-05-05 14:53:55,2017-05-16,60773a7bbe6c8189c0799fa572a43a65,2017-04-21
22dd3a753c65e7fcfd78f61a4ad7b32e,d9fc6dc9a00c7ec73a0d416b9a1b0136,delivered,2018-05-14 20:46:45,2018-05-14 21:18:24,2018-05-16 14:55:00,2018-05-21 23:36:25,2018-05-22,06f289b98b5b10b7d7692548624cb616,2018-05-14
338c2ceed1f5a50319fd350ecbca871e,7557541c9c578082c892cf185c3b0b47,delivered,2018-02-13 20:33:01,2018-02-13 21:07:25,2018-02-15 22:21:24,2018-02-21 18:09:12,2018-03-06,7ee645e84a436c9dad3d5af253162fe7,2018-02-13
ec953553679c872f83bb234ca2bf7ec5,89416a146914adecfbaf6520ff962e34,delivered,2018-04-26 14:19:00,2018-04-26 14:30:30,2018-04-27 07:53:00,2018-05-03 13:38:29,2018-05-23,11fd3b69633d9266dc2f60d4f498f586,2018-04-26
7ebc5c60f532934ce55b3025203ebe5b,8bf4f9552bc2db14d6195bbbb5131941,delivered,2017-06-24 08:59:47,2017-06-27 03:45:30,2017-06-29 17:37:56,2017-07-03 14:27:59,2017-07-17,b428f59c73c1bbeb3584744b4570654b,2017-06-24
5fb486f5645a3b79295f5b173d80703d,ce9c0ef7c66d39b15b58d4a9b890c11a,delivered,2018-02-03 18:35:57,2018-02-03 22:49:40,2018-02-09 00:12:55,2018-02-18 16:12:36,2018-03-12,e9ae6175afa0957018377736d60df820,2018-02-03
6a4e7db21066dff2d18a84059245c6d1,2b817b0fe8b4506b6341c1a7949852d1,delivered,2018-07-02 11:10:02,2018-07-02 11:30:08,2018-07-04 08:40:00,2018-07-16 15:49:48,2018-07-20,d8ccfba06b6ed897d487138321ab6cb0,2018-07-02
159071a1852cacb075d31e4ae77aa7a3,09e01f974b9533109a46281624e39808,delivered,2018-02-22 17:20:43,2018-02-23 17:15:39,2018-02-26 19:04:37,2018-03-01 01:08:25,2018-03-14,91c54819f9e5ef20191322ccff6ee282,2018-02-22
4b4983c2c40d67af0bd3ec2ac12e0ffe,f0db52acbe2be4a0a5243b546ef95c32,delivered,2017-08-13 18:03:15,2017-08-13 18:15:15,2017-08-15 10:04:12,2017-08-21 19:50:00,2017-09-12,1f87a258162d16757d98ed7e0342a316,2017-08-13
7ff1a09b20dab40c3d68630eb3b56a22,e731ba7b6903d44433f7cc1161d2f1cb,delivered,2017-08-01 21:07:18,2017-08-01 21:50:13,2017-08-04 19:24:55,2017-08-09 17:42:54,2017-08-21,3b0fd4045271bcd68bbd76cd66506b74,2017-08-01
faa3c806c150cf6f037882a8c4db259d,8b4505f19ee61f3d79dee672d6adfbca,delivered,2017-11-24 20:05:51,2017-11-24 23:14:30,2017-11-27 14:58:51,2018-01-19 01:08:41,2017-12-20,a62ee3bbe61f8bc8083a70b964f34ab3,2017-11-24
365a1b0dc5465b589146a0b7a504183e,24a7581fefcc475d6ba8b11a7345850c,delivered,2018-04-09 23:14:45,2018-04-10 00:36:01,2018-04-11 23:49:28,2018-04-14 00:11:42,2018-04-30,65bcdadfe972c3e3eef8ddbabdbb71a2,2018-04-09
8f96488e1125afa99a1f2284cdeb551d,37d5b13601d5ebe147af1734409cf181,delivered,2017-11-13 18:07:33,2017-11-13 18:30:44,2017-11-14 19:40:01,2017-11-21 16:49:19,2017-12-01,d56a41e8e5c9d9e42e419e9408aeab09,2017-11-13
9bb5771c04f059c10c1f9783fe164d90,5eef6cce1f34954c9e7004332388ccc7,delivered,2018-03-13 20:31:59,2018-03-15 03:29:29,2018-03-16 23:15:49,2018-03-23 02:47:48,2018-03-29,5a1680640123fc80e801301a2fb57395,2018-03-13
3e3a94885730f7e2aa4da0a98a4180e0,b44d6441a07845ea9e5f870f7609f724,delivered,2018-02-17 14:00:40,2018-02-17 14:15:21,2018-02-19 15:27:05,2018-02-23 21:25:40,2018-03-15,d368f7a4811451ab379d8f037c111949,2018-02-17
e67dfbc421e0d2908ef7e2c96d222f42,7f760d462c31502df6876bfcaee29050,delivered,2018-06-08 16:44:54,2018-06-08 20:32:18,2018-06-21 14:57:00,2018-06-26 18:46:37,2018-07-05,aeb28248c583196faff53ebdf34cf7fb,2018-06-08
599c5d36dc0772fe9b1b76672eb5a568,c2ad334d26c9f703005433aa0e72792e,delivered,2018-01-10 13:34:37,2018-01-10 13:48:46,2018-01-15 13:33:27,2018-01-20 17:34:00,2018-02-01,02de1784e8d57ae7f72d1a984aafb108,2018-01-10
05c5ce6594030e91bb9de44352d0ff05,218751f47454855f63dd09ed692e34fc,delivered,2017-08-31 19:28:56,2017-08-31 19:44:56,2017-09-01 18:49:59,2017-09-13 17:44:44,2017-09-27,d02aef1a1d91578d47ea33fc7cb152dc,2017-08-31
2de291f751850e8d254b73ddae39bb91,16599d79f2e23502ad2b1d5ad017eb0d,delivered,2017-07-23 16:05:18,2017-07-23 16:15:16,2017-07-25 22:39:49,2017-08-03 18:42:24,2017-08-18,fc816e4ab40ab193e1bdb0d79968b024,2017-07-23
b7636a99f69d055039c8ab138a45d1e9,4d999316ef6d2f71cc637a8ca00bfef8,delivered,2018-03-09 10:33:23,2018-03-09 11:20:23,2018-03-13 17:12:17,2018-03-19 17:51:47,2018-04-02,24634043b1b27e94080f19783c9c8573,2018-03-09
4431ef82561b8626af05cf6e4c30f8a6,9d1c8a11d15c3bd2b813cab5608792be,delivered,2018-04-14 17:22:01,2018-04-14 17:32:14,2018-04-17 20:18:42,2018-04-19 20:56:45,2018-05-10,39f95276b1124fe5360c10d28ce6474b,2018-04-14
4aedcb4bba7bd4df97054bc2c6de7aed,e589a8bbf2391c4a76e74041c646dec8,delivered,2018-05-17 18:36:14,2018-05-18 00:37:30,2018-05-18 13:48:00,2018-06-07 10:58:44,2018-06-18,bc06da4ef337c61d455d1e5b95ce9353,2018-05-17
6fbf5c6d1c53bab3c747fd72eff577dc,d6d7118ecf4bdcb7b79400b30b9f10d1,delivered,2018-03-30 18:43:52,2018-04-03 05:48:41,2018-04-06 21:58:35,2018-04-08 12:36:43,2018-04-12,b57ed27e7916998bfa056559be13c824,2018-03-30
24aea160f874edad134adddf76c2ba26,0ecc603c2e9204df2c9bd387634e27b4,delivered,2018-02-15 11:13:05,2018-02-16 07:50:24,2018-02-16 22:38:35,2018-02-23 21:15:47,2018-03-02,c477304765a1b704673e5f4a5bc6e895,2018-02-15
c5118d11c7071b2962ba03249bc6b305,2ec2126db43f8b996d2abf3043f33539,delivered,2017-11-24 23:57:29,2017-11-28 02:55:41,2017-12-05 09:59:47,2017-12-23 04:38:39,2017-12-19,fb44ddeac7ee83170fb1985b195076d7,2017-11-24
8e70656d83092cc6ec2edf7f81646c03,867b09e163b60ee7c3b74c047ec826ca,delivered,2017-09-04 16:52:19,2017-09-06 02:45:43,2017-09-06 21:37:57,2017-09-18 15:49:52,2017-10-03,500ad632fac6a5120312e669a101d84b,2017-09-04
6f199c0873866afaadffaa53f4808a21,4a8cdaa0c498d3fe054f97c22d38e6e0,delivered,2017-08-10 06:15:20,2017-08-10 07:24:49,2017-08-10 19:07:31,2017-08-21 19:05:20,2017-09-01,7e4e872a4c6868c151002bb69a5783f2,2017-08-10
194f1c2a129a89001a71ac255d239fff,97145de82c0f89ea30b3ca169795459f,delivered,2018-06-17 22:21:28,2018-06-17 22:32:39,2018-06-18 14:42:00,2018-06-20 09:31:41,2018-07-03,9593af4cf03568346e168fbd07975713,2018-06-17
3c9165fe4078dc576322edf3612985b7,33b1fcc0d244ba808384b9b3df985450,delivered,2018-08-13 13:43:36,2018-08-15 06:35:13,2018-08-17 14:57:00,2018-08-28 16:07:55,2018-09-05,ab28b75b64cb61b5247aea7f391778cd,2018-08-13
773e520cc5e67e4d6f8af15926317a36,f788ff83b7302742d0746b54cef984cd,delivered,2017-09-26 13:37:36,2017-09-27 02:49:34,2017-10-04 13:33:29,2017-10-09 18:10:08,2017-10-20,c89e1b898b4877f5821c04081953c1d5,2017-09-26
f22d1b7a86950424a08a39c66fb46bfa,bad0ccd70aed2bcc484f003c21074a8a,delivered,2018-08-05 13:34:48,2018-08-07 10:35:09,2018-08-08 12:28:00,2018-08-31 20:12:48,2018-08-22,af48beea16f83c193a924a8d56311737,2018-08-05
47177614899397fe8f3f95ee78904220,63f64c2ab14495137a700c2327d1110a,delivered,2017-11-15 00:05:35,2017-11-17 03:46:14,2017-11-21 16:40:06,2017-11-28 21:48:26,2017-11-29,6176d48a6c5db70740b9df017cd143f0,2017-11-15
4b272f69f8858f5a98f3c65fa40a8bf7,4365561a2a4c1d768592aa0536e503c6,delivered,2018-06-10 17:43:46,2018-06-10 19:12:31,2018-06-12 14:41:00,2018-06-14 17:44:46,2018-07-04,580c11d5df4eda0d717f716067b52de7,2018-06-10
aff6796e5ce68e2c614234e4121fff13,4af4936564836bd2e5cf83863af7fa4b,delivered,2017-11-24 21:26:30,2017-11-25 00:22:03,2017-12-01 18:33:31,2017-12-04 18:39:15,2017-12-08,1905930db2756081b13e8a504adc206b,2017-11-24
7e6a53c33d1a45a56251e3153392aca1,8e1407247fe5c1268be459f9b9d0d7f7,delivered,2018-05-22 13:15:49,2018-05-22 13:36:03,2018-06-11 09:08:00,2018-06-19 20:16:35,2018-07-05,f391a36c11fb809bd28394cafe74e57e,2018-05-22
6a2387867f03a6f55be009812af06e75,5fe198592d7d7d6d8287be11d6b53ae4,delivered,2017-09-02 19:24:35,2017-09-03 19:30:11,2017-09-05 16:57:52,2017-09-11 16:43:00,2017-09-21,1b2912b1bf77d536d56909e98ffd8922,2017-09-02
160f952c9bf7bfd111aade8035e8daf3,cd943f34343cbbbbe4ca1219e227ae47,delivered,2018-05-06 13:57:58,2018-05-06 14:15:10,2018-05-07 11:15:00,2018-05-22 21:48:29,2018-06-04,3cf46afc066aa5bb5235f80619224056,2018-05-06
db6bbd5bd39d674b8778df50982d00de,a44700641eaf4a03e3f047ade5417214,delivered,2018-08-25 10:39:56,2018-08-25 10:50:13,2018-08-27 15:19:00,2018-08-28 12:08:54,2018-08-31,98f04fe48471de2a411edc708bcd52a1,2018-08-25
b6b37898db2f4f8ade35aeda94a19c91,80f1fc2b7d5ace5b1b94b1c9167d5884,delivered,2017-10-14 09:58:03,2017-10-14 10:14:12,2017-10-19 12:12:39,2017-10-23 18:07:58,2017-11-01,154d18d0558f0246e1a6c06a060a5084,2017-10-14
72c09995a21bfea86a328603ed823682,646be67994fdcc76cfd011527915591f,delivered,2017-04-07 14:44:28,2017-04-07 15:02:35,2017-04-11 07:52:17,2017-04-18 16:53:55,2017-05-04,0b372af6df91b03396b6c12f18a87b07,2017-04-07
39d0bd05538b0d573193744390e86223,0b0290e3b438fc7f16a9b256a7409bfa,delivered,2018-02-27 09:51:00,2018-02-28 09:30:56,2018-02-28 18:28:46,2018-03-27 02:03:59,2018-03-22,26e940a41ad1fde3d911641c02cbe07f,2018-02-27
6241d4d4f892b5cb3ca99b0f1cd18375,bc37570c504680a0d92a3a9379e47315,delivered,2017-12-05 22:25:05,2017-12-07 09:50:07,2017-12-13 15:44:52,2017-12-22 21:19:10,2017-12-28,6e5e2b5c13a9c5f57d79b501d6a66c39,2017-12-05
ace21e63d47750bf1c9d30301b61db13,e22dc4324abb82bacd88ff9173985e72,delivered,2017-10-04 16:29:27,2017-10-04 16:46:10,2017-10-05 18:24:16,2017-10-09 15:11:14,2017-10-27,987fadd385777d8f27edac709bc9fb61,2017-10-04
9f31ff10dac68801116cdccf40f85471,c8286741eeff835e11e568cf4de43a6d,delivered,2017-08-17 14:37:37,2017-08-17 15:06:16,2017-08-17 19:59:52,2017-08-21 20:11:29,2017-09-13,bbdcea4dee90bab7dd68ee321f5220be,2017-08-17
8f9be3b3799b30feec4b8f2f628670e5,81225433fe3a6874317ba614698deeec,delivered,2018-07-25 15:15:47,2018-07-25 15:30:17,2018-07-26 14:48:00,2018-07-31 21:04:51,2018-08-22,84ea5edcb098552f93ca07054924270a,2018-07-25
8d13ee60237028c737907273f16eda59,e6499695100f00ee9c22a33f8f94b9c4,delivered,2018-05-26 14:29:06,2018-05-27 14:30:25,2018-05-28 12:32:00,2018-06-06 15:28:45,2018-06-29,f24b71b23f3e91d4310102e9558809b1,2018-05-26
c79387fbdb009010c07a17127bd21f0d,ec431dbed870929c480d45d44d20971e,delivered,2017-11-24 18:41:11,2017-11-24 22:11:42,2017-11-27 23:54:33,2017-12-11 20:09:36,2017-12-20,99d1962d736052c7b8793ba94126c377,2017-11-24
14763e794086449f6d5cb89097b2afd3,20a6f9674ec04f9947f4fe2ea8851dff,delivered,2017-08-04 19:48:45,2017-08-04 20:03:33,2017-08-10 21:53:04,2017-08-18 21:23:31,2017-09-01,acbaabfea8a59a75a559b296f66ac7b5,2017-08-04
1c6ba4e1c9d47c2594130a03f164287c,8fa2c6042b9c1428ed48421012241e65,delivered,2018-08-13 16:38:03,2018-08-14 04:45:20,2018-08-14 15:14:00,2018-08-23 16:22:15,2018-08-28,bc3e7032668d3f411c227eec09221362,2018-08-13
157ccf4a35b012e8c7cc4ff3c8edb6a8,3024a5c8a1db9ca1e3ba8ec9cf1fbe08,delivered,2017-12-05 10:15:06,2017-12-06 02:35:29,2017-12-06 18:28:58,2017-12-08 14:37:38,2017-12-21,34ef3afec743ed13ec047986e2490f96,2017-12-05
1f80f090b1ce8bf6ca20871df5391523,531c12ecea1d152046dcde4b212656f7,delivered,2018-06-21 15:13:14,2018-06-21 15:39:17,2018-06-22 15:12:00,2018-06-26 21:32:33,2018-07-04,af407193033b43e1cb94df8759cdf271,2018-06-21
3064071cf67a2cc381cd53b13055eac5,931bfab7036f6763dc1bdf6e2696e08b,delivered,2018-08-28 21:56:12,2018-08-29 08:30:21,2018-08-29 13:53:00,2018-08-30 19:04:08,2018-09-03,1041688b50cfd8ef6df6086a1746a30c,2018-08-28
9ba31b95aa2ad7ab24bcd9f64a89ea43,8965a99bf5b3c17a1669d8ed1c31b9a3,delivered,2017-10-04 15:51:35,2017-10-04 16:07:45,2017-10-05 20:04:14,2017-10-11 17:00:24,2017-10-31,f6870d5b2e7b5bdfdeb70f873cf4ba19,2017-10-04
f96cf7be5b1953e51fa74aba8b620037,d026195b06a3beb9859c96ba6f9b9aa0,delivered,2018-04-08 16:15:14,2018-04-08 16:29:58,2018-04-10 16:44:36,2018-04-24 00:41:18,2018-05-02,39c0512a456668b494b135f75e6583fa,2018-04-08
258fdca015115622abad4d8ac1a13ae4,07e4b8e04c04a18508d3e4999e460f8f,delivered,2018-01-06 22:15:13,2018-01-10 10:32:44,2018-01-10 17:59:13,2018-02-03 17:34:45,2018-02-09,2d263f9fadc3b4e4e25d65ac93dcc6e3,2018-01-06
317eaa9a9846b9c1f08c1f38d26bab63,748ef4fd12e55b5a4cd044c96fdfdc1d,delivered,2018-07-04 11:45:37,2018-07-05 16:25:49,2018-07-06 11:08:00,2018-07-12 17:02:17,2018-07-27,281033dff0cc98802f91e11f0a6e80ae,2018-07-04
e85ade63f3d697aa6c45970baeff0d96,7352a1f0a2996c749618039b4f1ddacb,delivered,2018-06-15 09:48:29,2018-06-15 10:18:02,2018-06-15 12:58:00,2018-06-22 20:14:39,2018-07-16,82d42df38aa8ec85ace70a0e8d8b2938,2018-06-15
a825307ee6cde104910defdb22b896bf,1066baccfc02122c239254ae71e17399,delivered,2018-01-16 17:50:15,2018-01-16 18:11:30,2018-01-17 20:38:53,2018-01-26 23:53:12,2018-02-16,3dc58ccdf599fa8004a081f1a9f258c4,2018-01-16
898a25f87470b8e064878de16c52f6bc,2661d4e975b54b735a791f37f8664a95,delivered,2017-12-08 16:53:55,2017-12-08 17:12:48,2017-12-11 18:58:05,2017-12-12 16:44:53,2017-12-27,53dcf03d15f1b83797235d58729448bf,2017-12-08
78b0a4015f5da60b5e2371d7fea67658,b1a32b560093cdad033bcdc59baf0949,delivered,2017-12-06 00:29:20,2017-12-06 00:49:43,2017-12-06 20:36:38,2018-01-04 00:44:46,2018-01-15,95ef8655c117e395b5be2a5e473a6c8b,2017-12-06
4c01326cb869a9ad39093aced5dc4e3b,4877407d4e9ba29ba5d577213f20e1bc,delivered,2017-03-05 18:35:16,2017-03-05 18:50:05,2017-03-09 11:19:08,2017-03-13 14:03:42,2017-03-23,886d5f561ce675d06c8d7e05cb04f4de,2017-03-05
6225c94031a1e372349fa17f1891317d,5d0d4ac0762c10cdea58f16ca2f39746,delivered,2018-02-08 11:32:08,2018-02-08 11:50:45,2018-02-08 22:07:46,2018-04-25 20:36:53,2018-03-13,9cd9f643087531ac5405413e64d8fcab,2018-02-08
67ac8397ab2a26915fadd6e3ed4250ee,b18e1cd830f8a5b16b7bb5dac8c183ec,delivered,2017-03-22 21:33:58,2017-03-22 21:33:58,2017-03-23 10:20:30,2017-03-31 15:30:08,2017-04-17,e9d7ae8fabad7483eee6780bb0b0173a,2017-03-22
3c4c849af792eb517f0ecda508b8b3da,28a2569aa4f48970d80fd943f8a79fd7,delivered,2017-05-14 11:10:48,2017-05-14 11:22:26,2017-05-17 10:21:16,2017-05-24 17:44:05,2017-06-06,f338aa95c8a5d23169067987292428c6,2017-05-14
acf165225c8558f60e21f75d7e1a3c30,39fb220371a5742eab98e04499ef5fb7,delivered,2018-06-19 04:05:45,2018-06-19 04:17:07,2018-06-19 15:07:00,2018-06-21 17:47:42,2018-07-04,0a7b2b70778551b43a7a68b65e4e3373,2018-06-19
73a9cbe5df2e3105044ed1dd55314522,6eb959e791c00c25b4c008f998671a09,delivered,2018-03-22 22:57:24,2018-03-24 02:07:56,2018-03-26 23:28:27,2018-03-29 19:42:13,2018-04-10,acfb8f2e2e5fbb6997e0a77a25689bfe,2018-03-22
9d230d6d2c7b315e6420c9f2c0a85938,ef71c5535a28abdda262e72781f9fa3c,delivered,2017-07-11 17:14:53,2017-07-12 17:10:13,2017-07-14 18:56:31,2017-07-17 13:27:31,2017-07-25,f0eef6cf5547db77846878ea8a726450,2017-07-11
20bc33ea85750fd7d20d7b72c5c4b36d,a13572863e7d88559239ce69dec021b4,delivered,2017-07-13 19:40:21,2017-07-14 20:05:22,2017-07-26 11:10:12,2017-07-31 17:37:43,2017-08-10,c77e28120873b5909c08da41a16406da,2017-07-13
552de4f2b6a656a62b913a24c76b82a7,21ddac6024852bedf9975d41e966a4cc,delivered,2017-09-16 00:43:23,2017-09-16 01:05:03,2017-09-20 13:14:22,2017-09-26 13:41:53,2017-10-19,dd070efb8be1cc3f79b3a372e5b7fa2f,2017-09-16
57471a2ef90bca7af03b3b5800a3346b,2b2afcbaf841e918270a8b35f2253edc,delivered,2017-11-25 23:54:29,2017-11-26 00:19:02,2017-11-27 22:18:52,2017-12-22 20:16:46,2017-12-19,6e49b8f05094ff7414bc62d284587b03,2017-11-25
65f6a8dfb1cacec52fa3c48df189b80d,f7b249c9618f84a66a70a8c127d06105,delivered,2017-05-01 15:00:55,2017-05-01 15:15:21,2017-05-15 15:33:38,2017-05-29 11:07:56,2017-05-25,954456f376f79dfa36460750500f7dc6,2017-05-01
4b6dab58b94da37d3bc2cce416a43f63,d2384607a75aa3d8dfefce1b6ba56366,delivered,2017-11-08 17:53:23,2017-11-08 18:30:52,2017-11-10 21:41:52,2017-11-20 19:09:23,2017-12-05,6ddebbb0612bcbb6593d8c23b13229d7,2017-11-08
44e7fe65fc17f2be51cf831609788a73,1269b5efc07408e3f56f9179b316fa37,delivered,2018-04-07 15:01:23,2018-04-07 15:10:12,2018-04-09 22:43:26,2018-04-23 22:05:38,2018-04-26,100f3fb69e4bae09e66c1b5031ca2d42,2018-04-07
103de323ece563a1012b4b6adf5a81b2,1d7851c5569233818d755ddfc96bb5eb,delivered,2018-08-15 21:41:45,2018-08-17 03:30:00,2018-08-23 14:43:00,2018-09-03 19:06:55,2018-08-23,f942774febec601b810cb1987bcb46da,2018-08-15
f6810461afa54491e406413c2328e6b5,9b609c18b93afde20a1389f4882a6fe7,delivered,2018-03-25 09:49:37,2018-03-27 03:49:01,2018-04-04 21:03:58,2018-04-18 19:51:54,2018-04-17,7c73ec4cbbe0c4f97be397e3e27bc4b2,2018-03-25
c6522dab7d6b83ada4140b653c4db0b5,0792343f0465acf2c7aee7e4fce852d8,delivered,2017-01-30 16:07:38,2017-01-30 17:31:22,2017-02-01 13:57:48,2017-02-16 12:35:23,2017-03-07,9d74a7e29e866ee0302503f15446f874,2017-01-30
38c2b634e9399138e8c5e726ddfe765d,e0ea4f96f422dab31934d5659c620dc2,delivered,2017-09-19 18:13:21,2017-09-21 02:45:32,2017-09-22 21:18:59,2017-11-03 19:43:39,2017-10-06,cccea89786378fa8bec9e9bbbea8f494,2017-09-19
5e539665f1f68fe6afeedd57ecf888ab,831eccb6e48b600352b2d8f2aceb3725,delivered,2017-11-07 08:01:00,2017-11-07 09:30:56,2017-11-08 13:16:36,2017-11-18 00:12:49,2017-11-28,7f2a3dc84179df69e42a45f5a9a7d6b1,2017-11-07
63197f17fd0ed6f37890886192ccdece,a3d953660a42cb0bfa714a2b62611983,delivered,2018-06-21 09:58:24,2018-06-21 10:22:57,2018-06-22 13:53:00,2018-06-29 19:48:58,2018-07-18,7e8cd391893a9550b3416bc7a503f290,2018-06-21
ebcd770a00a9b6ee03235d5db51510d8,45988957bfa6f0aacd30ac05c0a3e680,delivered,2017-02-03 17:29:41,2017-02-03 17:45:09,2017-02-06 09:19:08,2017-02-10 14:07:53,2017-03-10,5b104d87bd221d828c2583a631d61a05,2017-02-03
7d2f60154f0f8219ade132f874d2e500,dd155e203febe51ad0be9fbdd27ea20e,delivered,2018-07-24 12:43:00,2018-07-25 10:04:39,2018-07-25 13:01:00,2018-07-31 22:56:28,2018-08-09,8a3e02aa5ae44333346d1981b34f46d3,2018-07-24
cac6b2e3c4a34ef979b0d6cd62a4e0bf,9ce66eb01d9ccbf850a7ac4ffc3e324b,delivered,2017-11-25 00:58:33,2017-11-25 03:36:37,2017-11-29 13:52:03,2017-12-06 19:34:43,2017-12-22,f4f59f90f37cfba8814a0d8d031d5c2a,2017-11-25
52b226b1528922785f17fc4dadbe7110,5d223584b58b69a22b86aacdf4d12b01,delivered,2018-03-12 13:50:41,2018-03-12 14:15:42,2018-03-13 20:33:05,2018-03-21 22:57:43,2018-04-02,5b5c88892e1bf3030b8f488500788a41,2018-03-12
1190543041e25468b0370ddae215f01d,49d785f527d4a06134c806ebdf629350,delivered,2018-04-21 22:29:49,2018-04-24 19:18:16,2018-04-23 19:14:29,2018-04-25 11:42:41,2018-05-10,a6703b42b2c051e2630cf64393da7c2b,2018-04-21
f6895b0153f18f01777a2eeed02145a2,ea7975ff36d7ea01dfb03717bb3b0350,delivered,2017-05-31 16:23:27,2017-05-31 16:35:31,2017-06-01 15:48:42,2017-06-09 14:12:48,2017-06-23,ea0888c0223d89a787c06ecc74633156,2017-05-31
961f2f24951560987b91c89816b10cae,ca1a44b35b3b2c450ebb9ce015d6239f,delivered,2018-02-26 15:32:14,2018-02-28 09:29:40,2018-03-20 18:56:29,2018-04-04 00:08:35,2018-04-05,c1d7876f48d03563c6a9ef4288adf9dc,2018-02-26
958dd45b8baadaaa443efaee016cc145,e89debbc1154aa541f52f30aaf696538,delivered,2017-12-12 19:29:33,2017-12-12 19:50:08,2017-12-13 20:11:50,2017-12-21 15:19:02,2018-01-09,cd4b4c44c089f1a8edfd147684f54106,2017-12-12
c4cac393cb3ff78fe2823fc2222d1f04,78d427634ec98904f8cace487db29329,delivered,2017-10-20 15:17:16,2017-10-20 15:35:17,2017-10-23 19:42:51,2017-11-10 21:47:53,2017-11-22,f8663f86a3c70a3707bb032e51c56f31,2017-10-20
c8d355d9b0027d16b4f22804df2bbc2d,2fef27fa210e5425b6cb88ffd77eb3b6,delivered,2017-02-17 11:03:26,2017-02-17 11:42:57,2017-02-20 05:57:55,2017-04-27 07:16:04,2017-03-29,b9d5fde4cdab32f96f3cdd8f4cef4386,2017-02-17
f3685fa8068bd0419d72108c51555ed6,1542fbadc6359c210a930ff61ec12bbc,delivered,2018-08-22 09:08:09,2018-08-22 09:24:26,2018-08-28 19:01:00,2018-08-29 17:12:42,2018-08-31,edb1beb47119259b23ce3aefb41535d5,2018-08-22
c69a4e800792132c8c39b559c8cda572,f0b68e35ddd2c5191d55d6191faa4397,delivered,2017-04-12 12:34:03,2017-04-13 02:42:44,2017-04-13 14:25:09,2017-04-18 16:24:19,2017-05-04,8a89338f1c84dcf01a8a914fbbb29f28,2017-04-12
4e74c91d859c944fa7c652b9f05f7fce,f8b7b4526234c27bd2c91b7a3c1b4775,delivered,2018-02-05 19:26:40,2018-02-05 19:50:08,2018-02-06 22:23:22,2018-03-21 20:27:20,2018-03-01,8feb5307db149a62e8bebb0702f37477,2018-02-05
7f9e3a613e4d2212870577798bc8965a,543000d24bdcd4410f2e0c13b7a0b4f7,delivered,2018-04-02 22:03:20,2018-04-02 22:35:31,2018-04-05 21:41:55,2018-04-16 20:03:13,2018-05-03,0eb8fc3d7874dbda89ec5baacdbff18c,2018-04-02
d30a31ae450b7eccbb5fc54276bdccf7,3acc27e263c06640d5504a78eb14b9f4,delivered,2017-11-06 14:50:40,2017-11-06 19:36:57,2017-11-09 18:18:34,2017-11-21 15:09:00,2017-12-05,b35dd02a8fb5287993b96bee8a8e4238,2017-11-06
b83427fcf80fd88d941541011ac876f8,e43c0e76c6388c58a6cf348e53f5b51b,delivered,2017-05-15 16:31:43,2017-05-15 16:43:20,2017-05-17 10:35:50,2017-05-23 15:15:45,2017-06-06,3dffb45e81594719b4fb28c5345f836f,2017-05-15
b6700ed8b78e4b1cba7fbc83e0f5f831,d736b37b534972c1961ceb67f5c6bbd4,delivered,2018-05-07 12:23:53,2018-05-07 15:32:17,2018-05-09 10:47:00,2018-05-16 14:38:49,2018-05-24,3d922ff7603d8c4da860193e07f67ec1,2018-05-07
329465dad46fffab333860e92e7ac984,2591b8425f1f3f363d644917fbc238db,delivered,2017-01-27 22:14:53,2017-01-28 10:30:56,2017-02-03 13:54:57,2017-02-14 13:15:33,2017-03-13,b0e456c406192d77c8ff45ba89c81d61,2017-01-27
67fedde68ac222a19b4351dd0814d76e,8855792eace8b4d11cfff9585e2448eb,delivered,2018-07-14 18:39:58,2018-07-14 18:55:12,2018-07-16 13:09:00,2018-07-27 17:11:56,2018-08-03,4e47bd8c23d0b40991dac14bd3f21da3,2018-07-14
bd097c660191e391174ac6ebe4328a4a,aad17301903645de9fad94ac78f1aba8,delivered,2018-05-03 09:44:46,2018-05-03 10:35:32,2018-05-03 11:42:00,2018-05-07 16:59:16,2018-05-30,a21f2e2e8a598f35ec0c3751e4191d0a,2018-05-03
368df49737936bddc9d47a700a1920b9,ef3603c61b3afedf0cd74652a06dca96,delivered,2018-08-09 03:35:29,2018-08-09 03:55:22,2018-08-09 13:23:00,2018-08-16 21:04:35,2018-08-20,90bca2fe011b661a21dcc4cad869f165,2018-08-09
04082ed3fe3aa0b4af00796e94ead6ba,4700d67caf6d4f7e9bf60d730cac3c69,delivered,2018-05-10 17:24:33,2018-05-10 17:38:09,2018-05-12 08:14:00,2018-05-25 12:41:43,2018-06-06,f3feb82c04568172b339d1ece917c6e4,2018-05-10
7dadec0b94237bf94991c9e9af701f5e,7478c22961661e8adccc13e1763ea59f,delivered,2017-03-10 13:45:44,2017-03-10 13:45:44,2017-03-14 13:45:21,2017-03-27 09:44:53,2017-03-31,1154b3eb892ddbaa5d244c0c32cac57c,2017-03-10
bca8bef56cc32e6f9374350f671f7229,49c23f19788a952bc6bccd97314d3185,delivered,2018-05-06 22:13:53,2018-05-07 16:53:15,2018-05-08 14:41:00,2018-05-09 21:34:56,2018-05-24,5da812ba78edf4151612ede627e1192c,2018-05-06
8cbc1df0d0a62f36bd6de6496435e51c,9bbf7c5d49d559d76ebd1d3a5ad8b5ed,delivered,2018-04-30 19:02:40,2018-05-01 02:36:42,2018-05-02 07:20:00,2018-05-09 18:04:56,2018-05-22,d320e5d03bad7c1a6ef7f90499c98e66,2018-04-30
bb99de3ac419763812be82d454b8350e,61bb04cebcfccafac0ade9ff12f6c2c8,delivered,2018-07-26 08:16:16,2018-07-26 08:35:18,2018-07-26 11:53:00,2018-07-30 17:07:33,2018-08-15,d7141b8368d66ae769a864e4d9e59155,2018-07-26
830fbd008900114289bd7e278ecc3a61,ee6c5c4767991ed570d1bc8e953dadd9,delivered,2018-03-29 20:50:48,2018-04-03 05:28:30,2018-04-04 00:06:49,2018-04-13 19:13:38,2018-04-17,fe1196675d83229777b3107b1a84b591,2018-03-29
8fe67bda0dbc9ae5101d62f494f74e1d,a1d11c86c04b7d1902367e61fb144d79,delivered,2018-03-30 16:08:41,2018-03-30 16:50:17,2018-04-04 23:23:38,2018-04-10 13:56:37,2018-04-20,8329985f1dee7a65c9111793c4b98f5c,2018-03-30
3ba290d869362a67994eede4e78130f0,64e685e8056227e8864eb92949604290,delivered,2017-10-02 00:28:03,2017-10-02 00:49:19,2017-10-03 17:25:58,2017-10-16 21:47:51,2017-11-03,34a5bb16c5c8e8c3dcd8a05053d49376,2017-10-02
c6f3dad60242a9cb7ce0486b495862bd,22b2e89dd3f0b85480859b6a4d908229,delivered,2018-02-22 09:15:07,2018-02-22 09:29:30,2018-02-23 10:47:18,2018-03-21 20:18:54,2018-03-19,5a57aea4317e1e0d674fa48d5f5ee524,2018-02-22
65e004516d71c3c2e5e08910ab872a08,5fa0f82a676f03e58b92a9083e563fed,delivered,2018-06-28 21:30:04,2018-06-29 17:50:46,2018-07-03 14:42:00,2018-07-17 00:38:27,2018-08-03,e721506aabb0f85b3096ce77483e35cc,2018-06-28
aef8745e2eb6aeefc41b922f1363870d,453305a0ae6e3364c5cc6a224dc7a944,delivered,2018-06-02 16:33:26,2018-06-02 16:51:32,2018-06-11 08:22:00,2018-06-14 00:34:37,2018-06-28,5f9a19ae53832baf5ac3837775e8c4be,2018-06-02
203a651bc28694f332b40c3e61bf8e04,0fa431bca31c7763a260a9d9088dce15,delivered,2017-12-28 21:04:10,2017-12-28 21:11:24,2018-01-02 19:33:12,2018-01-10 19:06:12,2018-01-30,12e05efe7bd5ef2683661a37936ceaea,2017-12-28
574e38ca454c86f60df545b65a03277d,fcb7368648a1ce0396597912490f2b82,delivered,2018-08-03 16:22:52,2018-08-03 16:35:17,2018-08-04 10:51:00,2018-08-08 21:38:40,2018-08-17,9035b680491fe660ceaa34dce5af4d52,2018-08-03
46422e1ce124f2bc35a6d0a4b1bf0130,226a68b0a8e545a4affb75acfcd59fc3,delivered,2017-11-22 13:57:00,2017-11-24 13:53:56,2017-11-27 18:27:18,2017-12-22 21:13:47,2017-12-15,0f38a44168ec569a3f783ebf98d79095,2017-11-22
79d3552a484be819b6ada536cdd1c629,6dd4553c52cf9090e0a4aac9df75c66f,delivered,2018-06-08 10:19:59,2018-06-08 10:34:56,2018-06-08 15:16:00,2018-06-09 10:36:25,2018-06-26,44061315ca014f5990eb4a677657ecb0,2018-06-08
d240d33f0dcf05513f86b7846c4db05c,0303e5527d4342ac7939d2bfc0f9f9e2,delivered,2017-12-06 12:33:21,2017-12-07 03:16:38,2017-12-09 15:37:06,2017-12-20 19:13:42,2018-01-09,7ea3dc64a652d699ace3048e904c561b,2017-12-06
788520bd4eaa054450b168f6318f26e6,752075b7c55918f527dda8a124d8691d,delivered,2017-11-23 20:21:12,2017-11-23 20:31:28,2017-11-29 21:28:10,2017-12-08 17:22:50,2017-12-21,9717da853b741eaaa3b98d9f9bd48c71,2017-11-23
a5f5185eaee82919ab2e647a4d1d8141,afcee5bb1a45142643809bebbba97662,delivered,2017-11-27 22:53:18,2017-11-27 23:10:36,2017-11-28 22:18:53,2017-12-17 15:19:13,2017-12-29,aa956656d7338b4ebecd6fb1d683e27d,2017-11-27
0ba66e23f27848fd3bbff7f24632b0b1,b915e678efb894d35e8ef23dabc97e85,delivered,2017-12-15 14:37:16,2017-12-15 14:52:55,2017-12-18 18:47:12,2017-12-20 14:39:18,2018-01-04,c0827c312eb6ede446cc8e0bec6b7893,2017-12-15
378895a1dc15cc571051e1b1c2e0c27d,5e802d53b291e129b462409e56402786,delivered,2018-02-15 18:51:20,2018-02-15 19:10:28,2018-02-19 20:59:09,2018-03-02 17:27:05,2018-03-16,18487b1864e346cdfac83d441d8f43a0,2018-02-15
52593a44fbe53f7472cc1560a85b1cb0,675637c1f9b9ba25d012da0ecd37ba04,delivered,2018-01-04 09:42:10,2018-01-05 02:33:27,2018-01-05 20:03:24,2018-01-12 00:22:11,2018-01-30,2044e6678e348ff4b607f44ce9b3d443,2018-01-04
f6dc214828640155295589cf7c2ed4e8,e8096a7ff86c1faa41c84437cddca316,delivered,2018-03-29 10:47:11,2018-03-29 11:09:00,2018-03-30 00:57:44,2018-05-18 14:08:43,2018-04-26,90a9cf1ff0c05afd98f3cb5bd6fc3b32,2018-03-29
24f1803064ef788a570a74e04dc6663f,08324ca9a349f4d9f8323b1c9e1399f8,delivered,2018-08-01 09:51:49,2018-08-01 10:31:37,2018-08-01 16:22:00,2018-08-06 15:52:38,2018-08-09,71babfd3fd874b9a27dd02d352408647,2018-08-01
f9989a770fe566738df2291e09cddee0,fd7b80fb8a13217f3c89c10c2ed03cf2,delivered,2017-06-18 22:34:32,2017-06-18 22:45:15,2017-06-19 16:47:28,2017-06-30 15:29:47,2017-07-05,a9f230e1e5804e42b363930ef31b6f7d,2017-06-18
fd0f11edd4d56e20fdb1763757220228,d110f0e027c5b384b2883816bc05b39f,delivered,2017-02-11 22:47:43,2017-02-11 22:55:17,2017-02-20 09:18:39,2017-02-23 18:20:11,2017-03-10,e2e8726aa21861f8f4e5bbbfa72ff914,2017-02-11
d34bf1d98a956e38ca2dd1bd44f395ae,2aa73498fc6fe0afcdc0804f3080ac72,delivered,2017-09-26 16:35:42,2017-09-26 16:49:35,2017-09-27 18:54:58,2017-10-06 18:04:05,2017-10-11,546ed56ed469aa89580be8bb1b51a6fc,2017-09-26
918e041f64288443edad8152f66ea031,f7d40cb36f4e11b1c99b85ca8bf742f8,delivered,2018-05-17 18:58:14,2018-05-18 00:55:10,2018-05-21 09:08:00,2018-05-29 16:16:41,2018-06-07,4e29c01c1828b6e49cfb938acee69ea9,2018-05-17
f6cf8d4fd766fb0bd2d664fbbc94e9b7,e99710ea43d809eeed53ce8abdfadd7c,delivered,2018-03-24 10:16:33,2018-03-24 11:28:40,2018-03-26 23:40:46,2018-04-17 20:46:40,2018-04-13,82ab7d52a677122ad223dc866567678d,2018-03-24
f3b74114022a0413aff30103cdea2cd9,e41d9b2f803a19c7f51adaf47c319290,delivered,2018-04-23 01:54:23,2018-04-24 18:53:54,2018-04-26 14:31:00,2018-05-03 20:37:28,2018-05-16,058b604a0df6b29f03c540de254b197f,2018-04-23
d80b473a1e39c2640618ae7d6e181f4d,94f306aa0409590067dd3c13fb2cfb4d,delivered,2018-06-25 20:02:03,2018-06-25 20:17:53,2018-06-26 14:52:00,2018-06-27 12:56:28,2018-07-11,4f23cc21e6413746db6eb95b63b1a3f5,2018-06-25
4eecbfcab9ec27fad7e24ac94f9a032b,3b8c77deb5df57efd9eb00740ddc03b0,delivered,2017-12-03 18:28:40,2017-12-04 16:31:49,2017-12-08 15:38:44,2017-12-18 23:28:53,2017-12-28,d10c2e48cffe876a6c1e7bf8427ed884,2017-12-03
0434058c92c9306bb6d1edd50bf3526a,2ef691fd17de0f7ba5299ba1a11a00c3,delivered,2018-02-14 11:54:55,2018-02-14 12:07:19,2018-02-15 22:57:53,2018-02-19 15:43:36,2018-03-07,31be1dddf65bc204d6b5a3c8bd8d5d1c,2018-02-14
1b8b5038e6822fac27ec53fcc6c2cdd0,3f1f971f34da6cbc912666b186cdebf3,delivered,2018-06-25 18:07:08,2018-06-25 18:15:21,2018-06-26 14:56:00,2018-07-05 12:32:18,2018-07-26,a1c4b6fc892c7bf00047103019163d40,2018-06-25
d4cc34ee536a5c492013d384f6348ec4,855f98ff1ae09e6e906dc66e2d8eff6b,delivered,2018-03-04 14:58:57,2018-03-04 15:10:49,2018-03-05 19:04:14,2018-04-28 12:56:35,2018-04-02,418afd9fc76f223ffa4571eecbeab92a,2018-03-04
a4086a85cd42acc124fd2ffe7ae22fd3,555e92089741d556b76e01b8787428fa,delivered,2018-03-13 13:59:27,2018-03-13 15:35:34,2018-03-14 22:58:44,2018-03-29 18:22:21,2018-03-29,95f3ada8a31eb27b0e7e067e710b5d4e,2018-03-13
bf321eacd8e3dad568b84111dc820e55,34f73a0751779278c555143b54379de0,delivered,2017-04-22 18:49:25,2017-04-22 19:01:19,2017-04-25 14:14:11,2017-05-17 09:33:16,2017-05-15,fc75028f1cce2f8a1fafa861429e3819,2017-04-22
1a46be998b91e96ff9bdd066816556d7,2b67890640821ea4b35b9c834c41913a,delivered,2018-02-04 15:17:16,2018-02-04 15:30:24,2018-02-05 16:42:22,2018-02-19 19:22:39,2018-03-07,9974f0006c73c78942ebe7913f599d97,2018-02-04
91dacce5950705b07fe767cc9fa118ed,7e401acb52d31ac97cb74a337071c3e4,delivered,2018-03-14 11:27:49,2018-03-15 11:29:22,2018-03-15 21:58:30,2018-04-03 18:57:29,2018-04-24,fdc6c69811ca8a2397ea40c0d08913eb,2018-03-14
c9e99f4780a721d1f0b532ca7f1c00d5,85196fa7d9cc267bb18a09a42a320b84,delivered,2018-01-18 22:42:13,2018-01-18 22:50:24,2018-01-20 01:27:37,2018-02-02 19:36:08,2018-02-09,3c4cb2b66634c5bef7c5dcf38f09cd78,2018-01-18
f24616037f41893b85ebeff4018c6933,8de07e375602b0f3ad7309d697357147,delivered,2018-06-22 20:20:38,2018-06-22 20:37:46,2018-06-27 08:20:00,2018-07-03 19:32:12,2018-07-20,ebc29f51c81f95b082a261bf641686cc,2018-06-22
a64424367810e29c6d8903b27073a8c8,59facd5695202d205f03d30696325a92,delivered,2017-10-11 11:23:56,2017-10-11 11:46:29,2017-10-13 15:58:07,2017-10-14 15:21:46,2017-10-24,a796ea9cdf6e24ec009247bf0dfc4bf9,2017-10-11
3030f0e22d19c6ba1366d9628972bec4,8439fedb60fd10b549bb5a7e09079bdc,delivered,2017-10-25 01:33:37,2017-10-26 10:34:14,2017-10-27 21:36:46,2017-11-07 21:56:52,2017-11-21,84f43811b2d9adea534828cf389d06ca,2017-10-25
f8685efd22f782429c5af415cf7d3ff7,a80cdfee1f761246ee246628f25200b8,delivered,2018-05-18 17:01:13,2018-05-18 17:15:34,2018-05-21 09:45:00,2018-05-23 16:17:32,2018-06-04,9e2d25fe7a8c1c0eed7ab084b92958c0,2018-05-18
4d67b87a6fa0612c18688c1f371f4104,c8e7201173fe31840a63f7e6b519d716,delivered,2018-07-28 23:18:38,2018-07-29 23:15:12,2018-07-31 18:55:00,2018-08-01 23:38:29,2018-08-08,baafd3bbf4acc7d4e61e71c68e595daf,2018-07-28
b24f4b97e574bf36072e9bd1a8fe042c,dfe6428349699e108327e82801ff912e,delivered,2018-08-14 11:15:33,2018-08-14 11:35:17,2018-08-24 14:51:00,2018-08-27 23:27:39,2018-08-29,020ae51ab502504a00ab6ccbac53bfa6,2018-08-14
f3ace35a38b59892c97c14e9eadbc923,1627d83d75ddd45965f796d873ff4c1d,delivered,2018-02-02 02:38:54,2018-02-02 02:56:00,2018-02-08 19:14:15,2018-02-21 00:38:46,2018-03-05,fedec1d849bb1610d1af0bc083437f63,2018-02-02
1d59b360ab8917af7b326a6e8709f2a1,68da081cf4a4965faffec36a1bb47ae6,delivered,2017-11-22 19:48:39,2017-11-23 12:17:18,2017-11-24 21:05:20,2017-11-27 18:33:13,2017-12-08,7fbb7b04bd73fe1ebe6b48b59b0eb409,2017-11-22
132d431a6757fe865a1f7117978bd0e0,b02ecf867fe6e02059318f0496ca67af,delivered,2018-04-02 15:10:14,2018-04-03 15:09:19,2018-04-04 01:38:32,2018-04-05 19:32:50,2018-04-12,cbda48699ce0eddc2bed9c71fab9757a,2018-04-02
3c3ed7a6847dfa5dce7ea4ee42925a48,b5e81bcc362ef3fef1ac24dccbe5577a,delivered,2017-07-28 22:20:05,2017-07-28 22:35:07,2017-08-01 19:13:55,2017-08-16 21:51:56,2017-08-25,70c184130a4f111e129aa1bfed26834a,2017-07-28
0d922ec2be9bd5e75e225b6bacfdc4d6,6b25af18781c3fed3b96bc7539cd715b,delivered,2018-07-08 19:57:38,2018-07-08 20:10:12,2018-07-10 14:02:00,2018-07-11 16:58:30,2018-07-19,9cbf9e3c285a273bc1b273e96d28094c,2018-07-08
3e4c1f31ec362fab325d2bd1201a7c0a,d182581ad52cde827ab2ae703e773452,delivered,2018-04-24 20:25:34,2018-04-25 07:11:00,2018-04-26 12:54:00,2018-05-04 17:03:28,2018-05-24,ec7d3be1bcd3244d568032ca3d64c7fd,2018-04-24
31b0ef5f40a83be6f6dafc9a4fc890f5,a3b29d3c0cd575d9c202f0b211437a21,delivered,2017-11-14 18:04:47,2017-11-14 18:27:16,2017-11-21 16:20:01,2017-11-28 14:58:54,2017-12-11,a8c8919f75861a38d0bb0d297aca0e56,2017-11-14
7b3f806a3a00dc7b0c3ab0dd548842ee,f355a75c8359c91b1164e7d814064e44,delivered,2017-08-29 14:18:35,2017-08-29 14:44:13,2017-08-30 16:00:07,2017-08-31 22:40:04,2017-09-15,b8436c1e739ac2630788bfe43dc09f7b,2017-08-29
ea3a810bd6c5d5c071b28fcb8e39b9e7,6c2aa8d949db31e2edfe991f4312f739,unavailable,2018-01-22 10:24:32,2018-01-23 03:36:45,,,2018-02-06,9d461b6208639ceb5806036d22ea54b3,2018-01-22
6cdb0cc1b8e91c029df0df00b4194736,9ea952089cea6df4958262671fe0aa84,delivered,2018-02-25 14:46:48,2018-02-25 15:07:44,2018-02-28 15:56:47,2018-03-10 14:38:37,2018-03-16,fc57072a08faf9d7cd75160633f48027,2018-02-25
db201bfd8d5238cad2ded38598f8d653,fcf6bb0ad9c0daedfe70ca9a635e6667,delivered,2017-11-10 18:41:11,2017-11-10 18:55:36,2017-11-13 22:39:00,2017-11-17 22:52:43,2017-12-01,f106100294cc9c7415a4b626f4db1eb8,2017-11-10
bbccdda00b2115d37f4f288e19d207b5,dbe19466d871363c6c583a244f1298e2,delivered,2018-08-08 10:16:05,2018-08-08 10:30:09,2018-08-13 11:28:00,2018-08-17 17:22:49,2018-09-05,6339984045a8cfce8426496fc4854640,2018-08-08
25716e02bca6edec6a1b90fa879d79e7,def2a292ef87bfe23266c51d5a8ce0d0,delivered,2017-11-28 22:40:45,2017-12-01 10:30:59,2017-12-07 23:42:33,2017-12-20 01:44:52,2017-12-19,327504ce6eb1b5ffb334bd2dc3045028,2017-11-28
71b27805083cffce474f1bd4263a3b02,c26086f444b532f5f856437d0b422712,delivered,2017-12-08 16:25:22,2017-12-08 16:38:31,2017-12-12 21:38:38,2018-01-05 20:39:37,2018-01-03,db2bd05a9ebd998a7d6d3406e9f0648a,2017-12-08
3f9cc3bcb97ba27a265c13ff4f540689,73fc71aafb1848ea264f80af93ac6b2f,delivered,2017-05-29 14:29:05,2017-05-29 14:35:11,2017-05-30 08:04:05,2017-06-05 16:34:04,2017-06-27,885123fb80293279cb687da62259b412,2017-05-29
f76f64ce61b3764c70b30ee618b71fba,c9a1f6d44dcdbf5ccbddb5a6f82d6ad8,delivered,2017-08-10 23:21:16,2017-08-10 23:35:37,2017-08-11 17:56:39,2017-08-24 17:56:46,2017-09-08,a2bc9ed044ef7299331fe893f611b3a5,2017-08-10
f78a3a22a7eb2580aa261454a60166c3,86c420c75e70aa42c68655dca896b8ac,delivered,2018-02-15 19:47:55,2018-02-15 20:06:26,2018-02-16 20:59:05,2018-02-19 23:25:17,2018-03-02,d0be859f85cda9d896ab14e4ffba955d,2018-02-15
1ac3ff14fcd28b5c680bd68bbca160dd,8762310013a2c35893a3b917a50e72a4,delivered,2017-11-29 09:39:20,2017-11-30 02:34:29,2017-11-30 23:17:37,2017-12-08 20:51:46,2017-12-21,5cfc9643603c095fd7ed86a50fa17887,2017-11-29
30ebb82a012b4f82c32dda68a80a0622,61b417dee978cb372d39b4664901a10b,delivered,2017-07-12 17:47:14,2017-07-12 18:03:47,2017-07-14 13:45:02,2017-07-26 18:15:43,2017-08-09,a00e899d273cdf688c72055f31576aa6,2017-07-12
dc20ddee58064808944cd819f518dcc1,2b3ffb4e78551e897b22e02455f34d8c,delivered,2018-07-08 11:32:31,2018-07-08 11:45:39,2018-07-10 15:43:00,2018-07-13 14:24:42,2018-07-19,8cef958341c4de7f7c982a729d3992d7,2018-07-08
cf2cd23374d78a2bb4d6d6058fbc1d04,713cb52d254747e94d0f843a2b552057,delivered,2017-09-22 20:47:22,2017-09-22 21:05:58,2017-09-25 19:10:13,2017-10-02 16:37:33,2017-10-19,fc5f419c39af3dfa32edecf16207a41b,2017-09-22
896e2545a0e5001c00da8c558b5516c0,ebc2b55328cb844e6a699eefc16da7c7,delivered,2017-06-08 19:00:49,2017-06-08 19:15:16,2017-06-09 15:23:26,2017-06-19 11:16:54,2017-07-03,025e4cdbeeffdff36f7f289a4b714965,2017-06-08
4ac359198f4d710af51b6c3083465d63,f949b5b2f021c31ea58b273f1b0e8a88,delivered,2017-09-23 03:28:35,2017-09-23 11:10:16,2017-09-25 19:25:03,2017-10-20 21:59:47,2017-10-25,3468e2e7c196b4cd4cf5b3ee953f6739,2017-09-23
7001abbf1e0f0ba850285e46d880346d,5e7a903a7e65a88ab2458fb54b667183,delivered,2017-10-05 22:00:49,2017-10-05 22:14:18,2017-10-06 19:58:05,2017-10-11 21:27:46,2017-10-30,589ff51b2a849d8a8115ae181faff8a1,2017-10-05
49243d0f8a5479df0f4f41f8c41fdc19,3d98c8b2cbd7cd489ad32f6d832e78aa,delivered,2018-04-19 14:15:38,2018-04-19 14:35:19,2018-04-20 00:21:38,2018-04-27 17:10:00,2018-05-11,6a279e3dd5765b8c365524b12d9be0bf,2018-04-19
2146afbdb82c47a7d5e459bfee91e760,691d40208631cd03af65dad66c462d03,delivered,2018-06-26 15:11:14,2018-06-27 12:33:28,2018-06-28 15:12:00,2018-07-10 18:08:39,2018-08-02,9a90ba7504fc1b381d24e5ba311e9ccc,2018-06-26
b1df036dc7d09224799cc86971761374,15186bfce5ee72aa7a1cef6aff5aebea,delivered,2018-01-30 21:05:55,2018-02-01 02:56:14,2018-02-05 16:32:18,2018-02-14 15:47:30,2018-03-07,1b65fd272cbc940f443d36bebdfd2ec0,2018-01-30
942e72b3badcc620649a63aca9e9f8a9,48bcccea0c9620dda14842974c86ed30,delivered,2017-08-04 17:25:10,2017-08-04 17:43:28,2017-08-08 15:20:17,2017-08-12 12:23:32,2017-08-24,db400fdadc743efd3e327fb446c58523,2017-08-04
b165a0179ee138cb24d5cffb1129afb5,c838dbe3c48132e437910dcbae9328eb,delivered,2018-05-07 21:48:28,2018-05-07 22:11:25,2018-05-08 13:20:00,2018-05-10 19:42:37,2018-05-21,187d69cbc34ab5461e5025904d7d6e04,2018-05-07
5d32f74219b2e35ba14aba07eb94c981,e4f1d766f1f9a7c3e4c5b6c0ea3c7ad3,delivered,2017-07-02 23:23:50,2017-07-03 00:00:18,2017-07-03 14:56:55,2017-08-17 18:12:45,2017-07-25,919290ec46d008d45da1a77939c88cb3,2017-07-02
d32c8abcdc749f46da62424028a3aba0,c46caa33903009c5d564463033bbfadb,delivered,2018-08-22 14:24:54,2018-08-22 14:35:25,2018-08-23 15:33:00,2018-08-28 15:41:46,2018-08-29,25490880dbde23ebe2cab247196b958b,2018-08-22
528d1ebb9f5a8601f7c1d21e05412b2f,c3fbf67004ec7cb05dbd7300afdbd4d8,delivered,2017-04-15 12:30:59,2017-04-15 12:43:01,2017-04-19 06:12:29,2017-05-12 13:09:36,2017-06-01,d613df489b036c42a56e87f26ea6e7cd,2017-04-15
817d06b166fc9d959c55555ec8314b8e,4dc1dcdcfff7cfebc6ace9d059d5a61e,delivered,2018-02-24 14:54:23,2018-02-24 15:40:26,2018-02-26 17:25:39,2018-02-28 01:13:20,2018-03-12,cea409a5824f462101c77052c17a7114,2018-02-24
155b8d68c3b628276ee63d869db6efa9,b5560c9b0a129719a3092f7b36b5e5e1,delivered,2017-12-02 21:58:25,2017-12-02 22:09:30,2017-12-04 21:43:13,2017-12-12 21:27:33,2018-01-04,e2a6562b5f206c4e1687537723b97a43,2017-12-02
099e239a7cce8ed6ef0905feb80808c0,57a16805e4ec6a43a9603e3a36fafdea,delivered,2018-06-04 08:35:20,2018-06-06 02:54:16,2018-06-07 06:50:00,2018-06-22 01:32:46,2018-07-20,a08027c330a3d29bd5864bb576d365df,2018-06-04
a5a76b3c38acb63a4d867b5f3f59f941,83d0d1b5d2c740607c17530494a5cf88,delivered,2017-10-19 15:46:52,2017-10-21 02:49:31,2017-10-25 20:32:57,2017-11-03 19:10:16,2017-11-14,31af9bec4ba47ddde045e5de5412ed6f,2017-10-19
a8b34e4d3af0e20aff71bb5392bf8953,7f0e948e7ecc96fac34618f881010e73,delivered,2017-08-31 18:06:36,2017-08-31 18:24:24,2017-09-05 21:50:02,2017-09-06 20:14:06,2017-09-13,da8d084e5ca1413a59ed09bab6df7747,2017-08-31
090d3784ef3038b64220941aa370584b,75aee3f7800d3d43002e7d5705c31b4a,delivered,2017-09-20 19:29:18,2017-09-22 04:05:11,2017-09-25 16:58:59,2017-10-02 20:03:12,2017-10-17,a75f7dc2280a40abca2b882ed167896c,2017-09-20
efbb2bc2e3c82743c650b6bc29a722bb,654f7f79950acb5222c49c6bc56dff1a,delivered,2017-02-17 09:06:20,2017-02-17 09:15:16,2017-02-17 11:20:55,2017-02-24 10:49:53,2017-04-07,531fdb763f18791dad739a99e29ba05e,2017-02-17
eb9afe3c048ef7be0e99305193ee4ded,01f122c4617c17afeba8f9bf49babfbc,delivered,2017-03-28 19:43:46,2017-03-28 19:55:20,2017-03-29 15:15:20,2017-04-07 07:13:09,2017-04-24,9e7dda935aae28fb55d7170f335e9826,2017-03-28
4ffa6925f9e9d85f1da329843f349238,1d86bef4435e86c93f884cfcca6bd468,delivered,2018-04-30 16:27:53,2018-05-01 02:53:15,2018-05-03 11:09:00,2018-05-10 20:21:07,2018-05-23,728a151b4593fb7ae0787158df28752a,2018-04-30
c42fc2236969fb19c13d8ca77e1d4133,e1a315dd70805541f007a6f6ec571407,delivered,2017-07-23 11:48:52,2017-07-23 12:03:18,2017-07-26 20:28:37,2017-08-08 20:55:08,2017-08-21,c4512a10aa748a4f4a67e98d31ea4801,2017-07-23
ed8c7b1b3eb256c70ce0c74231e1da88,da0ba2a9935bca5b4610b0e3bca9d3b4,delivered,2016-10-04 09:59:03,2016-10-04 10:25:46,2016-11-11 15:29:14,2016-11-18 08:51:07,2016-11-24,88bc832f104b6dd684a17dbb1b76e778,2016-10-04
d0d30d1f6b48c8e1266d9b960dc191d5,74feb5089eb1fcb37b967edd6964212d,delivered,2017-07-30 03:06:36,2017-07-30 03:22:59,2017-07-31 14:16:55,2017-08-04 19:04:49,2017-08-22,bb4d84a2b45b22ed710ac8c0dec63d1a,2017-07-30
dcc94a4d78476fb4123a1cfc3c8669f6,ef70585eef557ba48b24ea28f74726e4,delivered,2017-07-17 17:14:41,2017-07-17 17:25:19,2017-07-20 17:42:23,2017-08-02 22:45:12,2017-08-22,fa230a26b5583381d0ce9ffc42de2035,2017-07-17
920037eb65e06896719e05ae4a042840,18b2c355fe0a6a6acbd4807fd15605f2,delivered,2017-06-30 19:41:39,2017-07-01 04:50:20,2017-07-07 19:03:37,2017-07-14 18:13:32,2017-08-07,558d25e550c5a1300c5775a26df16158,2017-06-30
d029fdde9d52a038f0de4e9ac1f7c9ad,ca7eaeb80f954232c07a1d7a86ca342f,delivered,2017-02-04 22:38:49,2017-02-04 22:50:16,2017-02-07 15:14:25,2017-02-16 16:05:10,2017-03-15,18c28fe31370f17a50aa9e30686e60b3,2017-02-04
626b7b0d7f30837e78fbb5068cc7b94b,90ec4cad530274537eece7ace3f5608b,delivered,2018-03-16 13:00:19,2018-03-16 13:10:50,2018-03-21 01:26:42,2018-04-18 23:28:44,2018-04-13,9f821224cac94dfe6ee16f897bb9a953,2018-03-16
affd57fb0daa6ba18e47cb9f31c2bc65,fbff61e9ded6d5e39288096326996156,delivered,2017-10-23 13:19:38,2017-10-24 06:34:50,2017-10-25 21:36:35,2017-10-31 21:31:57,2017-11-14,a4552af6be904c6a8ff15bb23f111203,2017-10-23
f62f42fbbc35ac4b000282839c369f9a,57bd01b687ed2ca2565730ba32a15d06,delivered,2018-05-28 17:58:09,2018-05-29 03:31:19,2018-05-29 15:09:00,2018-06-01 16:28:46,2018-06-20,2e8d63c85a0d45c8b37a87809609cdf1,2018-05-28
53170b475d08133ec3081a6e41410b57,0977b161f34aad39d8f289631682299a,delivered,2018-04-24 20:50:41,2018-04-24 21:12:51,2018-04-27 14:26:00,2018-04-30 16:22:16,2018-05-08,4220652ac3e6f750a152a66b85585810,2018-04-24
ae2834f54ef9bb766fbce5cad77ef198,6ab69ffc7a0af325a7064504ae00b58c,delivered,2018-07-29 19:27:50,2018-07-30 18:31:01,2018-08-03 07:58:00,2018-08-16 17:18:52,2018-08-14,132eec72adb4035299e94b09ebaf703b,2018-07-29
b4cfa6c1beefe05bb9c7d2ec59a3773a,51b6c0ad67128656b6e4c745c947e6b1,delivered,2017-11-08 21:09:12,2017-11-10 03:06:28,2017-11-14 20:16:47,2017-11-25 16:18:44,2017-12-06,8b1ccc13f7b4f43b1086e25ad6de62fe,2017-11-08
87a3056e3a34f6089763de4cbe685aca,7249aeebb90123d9d960c6ae79bbd9cf,delivered,2017-05-07 15:53:31,2017-05-07 16:05:18,2017-05-09 10:33:16,2017-05-16 09:43:00,2017-06-01,54a225809cabcf66e46eb0d6b048dd43,2017-05-07
a0c4e650ec3c9611c78fbaab9cf405a4,0462be0a9892418817ec41fd7c39a57b,delivered,2017-04-18 09:06:56,2017-04-18 09:15:17,2017-04-20 17:57:44,2017-05-10 13:06:36,2017-05-22,db70a8a87fd3ae2ec9b0d9e9daada859,2017-04-18
5ce986272f529d7283807d7531369a0d,05dbb675426a8a2208f1f38589ac3d87,delivered,2018-04-16 13:35:09,2018-04-16 14:33:04,2018-04-16 23:51:11,2018-04-20 18:32:55,2018-05-09,bc1599d90e7fd20c4c3f6aa981891dc1,2018-04-16
2834df5b9308669a563063234a742910,7bbaaf1c03c9d5a7d17c6b0ddd7374b5,delivered,2018-06-28 15:18:32,2018-06-28 15:31:18,2018-06-28 15:41:00,2018-07-05 20:03:48,2018-07-25,234b4b9cd00c18fe510c59faeebbfccf,2018-06-28
0d3e289cfc790ac7f02c3445a077d569,5b4464a3fd4e23e7871335d735b458a7,delivered,2018-02-12 10:18:10,2018-02-12 10:30:41,2018-02-16 02:09:17,2018-03-12 18:47:20,2018-03-19,f2034cdca385d1d64b608bfd73d407ba,2018-02-12
b8d77039678b54ada97e6420b3272850,841e56fbee6e9b955edee71e568cedc1,delivered,2018-02-23 13:33:11,2018-02-23 13:50:30,2018-02-24 00:09:04,2018-02-25 13:58:30,2018-03-09,a3426aff45cffe0b262ee20082f79a3c,2018-02-23
23e7b127e0b192c6d4d455425d54d44e,4bb0b6ffdc48ed8752a69999f1229f33,delivered,2017-10-25 10:31:59,2017-10-25 10:49:18,2017-11-06 19:37:55,2017-11-14 21:11:44,2017-12-01,ac776301a506fa86fb52a5e08c282df3,2017-10-25
76026df544b7b05894c94864566f46cf,afe3983bfb0b6424e85881a5cc4e1d74,delivered,2017-06-30 18:14:19,2017-06-30 18:25:15,2017-07-03 12:33:28,2017-07-08 15:09:29,2017-07-17,60c44aca5287b6fd576f694df03370b9,2017-06-30
d5497f2d48ae06c4841d41e5ce965d00,4b6f4d63edc3df825d7cd8a0bcbf5dd3,delivered,2018-06-29 17:55:08,2018-06-29 18:10:40,2018-07-03 05:29:00,2018-07-13 00:41:04,2018-08-02,bb3d1eb35f250ae48bca3045e1f6edec,2018-06-29
a39d683227f5d57b1222a84651b03b1c,1cb7d00b544d87bd4d01003547da0994,delivered,2017-07-26 20:44:18,2017-07-26 21:20:08,2017-07-27 19:59:23,2017-08-03 19:15:31,2017-08-23,43a087f9013803138ed56cff10c3ae54,2017-07-26
92191a18c93398f89e65a47109c724ab,f5803a58d22330df48628d47d25093e5,delivered,2018-04-03 13:05:34,2018-04-04 03:29:22,2018-04-04 19:28:38,2018-04-09 18:58:44,2018-04-23,f11b990a91362f92eca65d1c5bd91618,2018-04-03
d43e30d5d28bc173660aeae6559e535a,b7c160e9b11e4b123911c049e1cd5908,delivered,2017-06-17 18:16:06,2017-06-20 10:30:23,2017-06-26 16:24:44,2017-07-12 13:49:28,2017-07-07,24c377d6f65a31cf17c30641efc895e9,2017-06-17
f47d6af60927db6bd34707fb06c0ad61,9d2d86df6192506a8173991de7e90b17,delivered,2018-02-02 14:24:47,2018-02-02 15:31:20,2018-02-03 01:05:26,2018-02-15 21:18:43,2018-03-01,dcb8a4fcc85196356fd964e56bce77f5,2018-02-02
bd34c0a8e58e5e3a0116f8be431a86ff,4469f1534888f1ea21c3be93e3bb6645,delivered,2018-02-28 20:01:51,2018-02-28 20:15:34,2018-03-01 20:55:11,2018-03-09 18:22:06,2018-03-21,bc4c267d1fff333741dbb2f6a2643666,2018-02-28
c348c4e34af674e33ac82ad18ce5404c,8332fdbcef7a49b3863dfa794fa9a93d,delivered,2017-04-20 02:48:08,2017-04-21 05:15:31,2017-04-24 13:41:20,2017-05-02 13:28:34,2017-05-24,876a8881e182fb3a64af97b737cfe889,2017-04-20
cd24256f456d55df11e3049017c86d05,846a4b8f5a1ef6bb498fdea341f425a3,delivered,2017-11-14 17:27:48,2017-11-14 17:35:47,2017-11-17 19:14:46,2017-11-23 18:49:02,2017-12-07,e307b1e265fb8e6fbf392aaf8f4fc93b,2017-11-14
5d2331c2b9c856b5b42d3c9f0c9b97cc,251a0c3704affcfc069c2ed0ec3937b7,delivered,2018-08-19 18:36:01,2018-08-21 04:50:08,2018-08-21 13:56:00,2018-08-24 15:06:51,2018-09-13,f2b6cdde92a3fdbc99ba551a7b60ceaa,2018-08-19
34c2c4f024cb4f1fa2209be39f42ccbe,ea7cef87ea0f402e1eccc03f201a01b5,delivered,2017-11-25 09:51:36,2017-11-25 09:58:52,2017-11-30 22:42:58,2017-12-05 19:09:10,2017-12-22,6c8d4949dab0bfc67bd25a5ca8a549da,2017-11-25
669a663f230d97aa7f73a763ce435bcb,6d5a5dfa222fc57375d506ceda90a1a9,delivered,2018-05-12 20:21:55,2018-05-12 20:35:53,2018-05-14 12:14:00,2018-05-18 18:58:41,2018-06-06,9136824b93a61edb5228aad2f8595dc0,2018-05-12
a01f15efc2aa7e4ee731663d69c0f0e2,8fcd113dea7cad87e66f1d76c4e25b8c,delivered,2018-03-24 16:29:50,2018-03-24 16:48:03,2018-03-27 00:58:32,2018-04-06 23:27:48,2018-04-16,a080057eea64f6a75606c346b242e9c1,2018-03-24
6b5f3d1c52d94dad724c01a4bacaa6e9,113834921a2754d784a4da33e14081b9,delivered,2017-11-30 23:04:34,2017-12-01 10:31:08,2017-12-06 17:03:30,2017-12-08 20:49:01,2017-12-22,0601f1fd6d8ff9847f96151652dbf305,2017-11-30
6653526158fc41798fd489f9b3c86b56,6891f408eff19028a930876c13bdbc05,delivered,2018-07-27 09:14:53,2018-07-28 09:10:16,2018-07-30 12:02:00,2018-07-31 23:27:38,2018-08-02,dab16a0cbc175e43eed97e748788e333,2018-07-27
6c3753f7fbeb117d143039b581ad02e8,52c3448009af9ce4e24f1ed762fcc419,delivered,2017-04-04 15:05:08,2017-04-04 15:15:30,2017-04-05 16:35:50,2017-04-11 18:08:27,2017-05-02,0bc5a6f1cf5d5831a16ee42effe67e15,2017-04-04
fb48c152551174a69444383a2a7dce73,da0198a12413775e44e59d0a0277133a,delivered,2018-05-10 07:59:50,2018-05-10 08:18:24,2018-05-11 08:17:00,2018-05-17 12:44:20,2018-06-04,429bc087ae0c9ec6f0b3a0d42d5bf9c9,2018-05-10
dadd179aa43944bfe3ebc6e6188b2606,b3c273a2f1c0a7b1e53842aa86de27ad,delivered,2017-10-16 17:11:22,2017-10-16 17:35:19,2017-10-20 15:51:52,2017-10-24 19:50:03,2017-10-26,6bceb16193b4effffa4786d8225a5861,2017-10-16
bd53eaf563a119c58bdf9a9d5b8cd012,c288690c43e1c2c09d8fc016e69a57c0,delivered,2018-05-25 20:44:28,2018-05-25 21:13:02,2018-05-29 07:31:00,2018-06-20 18:21:54,2018-07-05,872cc652790b0509134cd9873aae6c83,2018-05-25
4af5a8a71daf651bf0a9d449d3d1a27b,d36e7da2b4f536d9716d6ad5f5cf918a,delivered,2017-08-02 19:55:32,2017-08-02 20:05:31,2017-08-04 18:10:04,2017-08-07 21:23:01,2017-08-24,4325cfcc9d9dde5e93528832b371d88b,2017-08-02
17b129bc47ae24191ca5670deaa170f5,a01b75a620854e00adb420daa4ceb4bb,delivered,2017-08-14 23:11:01,2017-08-15 00:05:10,2017-08-17 18:47:29,2017-09-19 15:00:41,2017-09-15,ffc9d8a98ebd09a78c8adb729c3cfa2a,2017-08-14
9f14c1ef946ed872bfb5f6c2ca8adc3e,a537858810eb8ddfcfa501d1248a574f,delivered,2018-07-31 18:08:50,2018-08-02 05:25:12,2018-08-06 12:24:00,2018-08-13 18:04:32,2018-08-23,3cd7008d6897af25059399ccad52c76b,2018-07-31
f8e3cc453fdc62a2a374893143fcbd09,7f22d459ef7dbd02b51bfb03eb56c90c,delivered,2018-07-20 14:20:00,2018-07-20 14:30:16,2018-07-23 16:20:00,2018-07-26 17:02:57,2018-07-31,c38794d49419d3a92afdf51004ca6861,2018-07-20
4cc65e8e0ab1879889ab53fbcd422978,120c8df146de37740fbd8d7dee9c0137,delivered,2017-12-10 11:46:25,2017-12-10 11:55:29,2017-12-12 20:52:31,2018-01-04 16:41:31,2018-01-10,889fc057c77157659bdef1206d47d08c,2017-12-10
8736bdf66d2a95b749c3fb6c3108f819,ab55387d1feda27c9ce4b84f8f83738f,delivered,2017-05-21 14:05:34,2017-05-23 04:22:32,2017-05-23 10:19:29,2017-05-25 10:43:49,2017-06-02,1d2cb8d366f4d9a347991320ef1fa67b,2017-05-21
a8097c0d6367263ed08ac7fa6b864235,63818bdafc7f8f42cbe050738e7910d5,delivered,2017-04-16 14:43:09,2017-04-18 03:45:48,2017-04-24 09:05:56,2017-05-16 16:15:52,2017-05-25,e7f27438064df83b2bb025f27416aa20,2017-04-16
9a32ca8df0a427cfa29f5d87fb0e95c4,83f30778c676fe7faee499b6747e65b9,delivered,2017-03-25 13:47:24,2017-03-25 13:55:19,2017-03-27 18:05:09,2017-03-29 12:47:46,2017-04-19,f92324565cd917c54031848184d4d835,2017-03-25
09ce422617b0ec4c246ceb2922ea1ea1,b1ac696f4c189722e28f5fde229eacc5,delivered,2018-08-22 10:48:54,2018-08-22 11:04:30,2018-08-22 16:12:00,2018-08-30 20:44:47,2018-09-04,780344d838da47df96160e0d99bfccdd,2018-08-22
e7938bd84b6b7a281bce96a5bc2340f8,957b5e85d727127eaec47b49fcdba8a6,delivered,2018-04-23 23:06:02,2018-04-24 19:29:10,2018-04-25 15:04:00,2018-05-10 22:58:59,2018-05-23,375257c83225a71cf8b857f2104741b2,2018-04-23
bdc8ad2774884e6f7b10ee90761f7d5d,0b545118ce6dfb41c9a991d3bf766114,delivered,2017-12-09 18:24:43,2017-12-09 18:32:24,2017-12-12 22:07:08,2017-12-16 15:58:55,2018-01-04,4559286d2b03589f123ec2373e96ce19,2017-12-09
89be631fd4bcaeb41bbc2f969b37aecf,41a940125f7b30d8219a2672baba478c,delivered,2018-01-02 11:07:23,2018-01-03 11:07:20,2018-01-08 22:04:05,2018-01-26 13:22:57,2018-03-07,f03553cc2a5d9a0d2b945ccf7f4c54bc,2018-01-02
1b18e6ee3de8cd87b0cdacb211b383f5,fbe225baed4592b63f36a5645b2496fc,delivered,2017-08-27 17:45:33,2017-08-27 17:55:18,2017-08-28 20:33:50,2017-09-05 20:46:57,2017-09-20,ae595089e52a39969098855d1919dc11,2017-08-27
4a57b5cc52a26431753d6ad8668a3e54,47e5f05cd3db659473c90f13006ac96a,delivered,2017-07-24 16:57:16,2017-07-24 17:10:11,2017-07-28 17:38:55,2017-08-01 15:31:29,2017-08-08,6552c4c2115f11c5135daf7810c01291,2017-07-24
02b8c16664d3c254052472397ae6d244,7a629fdfaab8a550e6b9ee97c4ec25de,delivered,2017-08-15 09:37:46,2017-08-17 02:45:23,2017-08-17 17:59:03,2017-08-24 19:28:49,2017-09-06,34ef07a3a4fab34cfa5c1a90e38b1f7e,2017-08-15
32f46692d9d85353f5f51f9ffd04e90a,e52e202c6b07b48da9d8696af1bdde90,delivered,2018-07-07 10:42:35,2018-07-07 10:55:16,2018-07-10 13:59:00,2018-07-13 21:29:41,2018-07-30,0b1611c702d9cdf6e413121a7517e07e,2018-07-07
be454ec4b7cf35a9dfdb8489e9b000b1,dc312943c0d59bc2a318d289cd7beefa,delivered,2017-10-26 14:40:31,2017-10-26 14:56:26,2017-11-10 01:48:15,2017-11-24 19:12:51,2017-11-29,ce7ad2b963f8246d249b10fae033937f,2017-10-26
a4b6f56ce9547b22c5e8e3e58e56ea08,c2415c8295a7fdd394202960f3d8b061,delivered,2017-10-11 16:43:19,2017-10-11 16:56:47,2017-10-30 21:24:59,2017-11-03 19:22:56,2017-11-13,5e42eec03a53453dde77ba9b32a0c969,2017-10-11
aa8349da5e4a45c547cfac79368e930d,ac985dc42c574f505df2a402031d7746,delivered,2018-06-03 09:51:47,2018-06-03 10:15:16,2018-06-05 14:21:00,2018-06-20 15:06:44,2018-07-19,db4b5bcbe7694b9d62430ab3d7654e61,2018-06-03
d9d8dc6068a3a115e15bc276d53afc8e,5fdd49edb09becac48278186f305ccc0,delivered,2018-07-22 16:42:36,2018-07-23 12:31:35,2018-07-30 13:23:00,2018-08-02 21:45:40,2018-08-20,88529634e3dcc984a2b31c184fbe99dd,2018-07-22
c48fcca52ed71dddb6f8433c2d7d49e3,07ef46981c45c7e31a55d3e2a85d90dd,delivered,2017-07-07 20:45:17,2017-07-07 20:55:15,2017-07-10 18:17:48,2017-07-13 20:22:12,2017-07-27,ef3dcf1becbe9ab0073f0ab240a08804,2017-07-07
4dc5a389009b6cb5c61706d49f229a39,40ee2dbf97c0215d7c853f0f19b8d75c,delivered,2018-02-23 00:07:39,2018-02-23 00:15:51,2018-02-26 19:26:55,2018-05-28 21:47:43,2018-03-15,a1b0f3b16eb08b3460b2847bb90aa7b2,2018-02-23
4daa7a4d91386678160a5f646293be29,073cb4e6d4c56f02630968213bbe083b,delivered,2018-07-13 18:16:24,2018-07-14 15:55:13,2018-07-16 11:35:00,2018-07-24 17:40:50,2018-08-13,351c545c8cb9413b9d24d1e18c7da574,2018-07-13
0fb130991a0a1c824371ba3df52881f3,e3af2f250469e17b82d7faeab2e5d26a,delivered,2017-05-11 14:36:21,2017-05-11 14:45:15,2017-05-12 12:29:35,2017-05-15 14:26:43,2017-05-30,3f3d89793226620227507c6ec9df2f53,2017-05-11
6644da2ecf4d36e3f23343c0915e7de0,891b9b2c4097f5127a0d07350a8bcca5,delivered,2017-09-16 21:03:02,2017-09-16 21:15:14,2017-09-18 18:52:47,2017-09-20 12:06:19,2017-09-28,f7ac27962a04fc9feb3da5dc8f70b69b,2017-09-16
9e0d565b6426f0ec14ee6e1be3047f8d,2c7f7bc25633eea4bbc7a09a1779e933,delivered,2018-08-09 09:17:04,2018-08-09 09:30:26,2018-08-09 13:44:00,2018-08-10 17:46:32,2018-08-14,837502a03089bd6634038d02e13e828f,2018-08-09
2fae52333f99d7baf56f5aa89faa14a6,72a76d1faf29e4229fe17d09133654df,delivered,2018-03-11 21:06:14,2018-03-11 21:48:21,2018-03-12 21:26:51,2018-04-05 21:36:25,2018-04-06,3c96c4f4a9829d6a8ac7e2c6d6a44c30,2018-03-11
933f646b0564df1cdc8c8b7427d7c116,d6b83ccafd98258fb986afe81823a923,delivered,2018-05-18 13:17:44,2018-05-18 13:36:37,2018-05-21 14:47:00,2018-06-05 23:38:30,2018-06-06,f0fb7b197ca6e41e0e03ffd685eaacd4,2018-05-18
e2747b7f8ef2d891fc5c127dc44c68b5,36a49b54cbbe46996c20730dcc059f30,delivered,2017-07-27 22:41:07,2017-07-27 22:55:19,2017-08-04 20:13:58,2017-08-08 15:20:17,2017-08-15,281e1e72207e518c29b249a1361a775d,2017-07-27
334062cc253eacbccdb7825335f7b815,9a56e99aeffb0d929f73eb7c556f4c6e,delivered,2017-05-02 19:41:44,2017-05-03 16:02:50,2017-05-04 12:05:29,2017-05-18 06:55:28,2017-05-31,5690e82f9710f3a35c8e1eaa6870a651,2017-05-02
628208ac37365620cce723ba58775d8d,1bf918ef7f7109ab40fce559804b274e,delivered,2017-11-24 01:15:09,2017-11-24 01:33:22,2017-11-25 12:28:53,2017-11-30 17:46:41,2017-12-15,0d8402b785a7e5a15e4eb108757afe5a,2017-11-24
07a038893865b59b24c46892652be2b7,0ee2a7b14cf16326830092602fd73cc8,delivered,2018-07-10 20:06:29,2018-07-11 20:06:07,2018-07-12 16:03:00,2018-07-24 17:32:40,2018-08-07,116cd8293368aa691e14ac9c9121e3ca,2018-07-10
661c0c83032f531b95828bf7a106354e,bb450f184d3e7246bd9094c8eaa16ff6,delivered,2017-05-06 10:17:24,2017-05-06 10:25:20,2017-05-10 13:01:09,2017-05-12 14:27:42,2017-05-29,57c6a5ac88fde55944675cc79c4d5db7,2017-05-06
0bd6ba2a0ad5458f31a20239363b2e00,32ae8ecaf26fb3a2a0cb81bcc3049657,delivered,2017-08-11 11:29:20,2017-08-11 11:44:17,2017-08-14 14:58:01,2017-09-04 13:34:13,2017-08-31,03f0eaa85630490d7b8249285009ccd4,2017-08-11
17b8e90e60f4d19615b77562e40de425,bdb70e23244bbca569252010f16447b1,delivered,2018-07-30 13:59:55,2018-07-30 14:30:42,2018-07-30 15:08:00,2018-08-02 16:58:55,2018-08-09,fce63a67be81b4b39410984cf874eb29,2018-07-30
1d67293aa79feef7aac612621d710869,5c5cc05bf0bfa425bf49a230db1871fa,delivered,2018-06-19 21:55:43,2018-06-19 22:16:03,2018-06-20 13:47:00,2018-06-26 16:58:44,2018-07-24,2aec94c31a0aa7e016f1d8279da159fe,2018-06-19
69a416ca37d8dcf85093a41ddc92fcd5,f4d390cc7c012341c0caef6141d1db8a,delivered,2018-02-20 16:29:00,2018-02-20 16:50:32,2018-02-22 21:42:03,2018-03-01 23:24:59,2018-03-15,46213922f3857bd337a706e0e13542a4,2018-02-20
6fec4ed02a4de8f4e7e064591aa2c5eb,2bd5509ed2fb45c04d0e44b9094fe195,delivered,2017-10-24 12:45:21,2017-10-25 02:28:06,2017-10-26 21:24:57,2017-11-07 20:13:13,2017-11-23,8ca9a1c6f69824461e8116029f08b43b,2017-10-24
991bf1c6e96eaac9da55927eda155d99,d71aa2b6fa422c7be155f0a82629bcdc,delivered,2018-06-25 08:52:14,2018-06-25 09:19:14,2018-06-25 15:01:00,2018-06-26 18:23:53,2018-07-12,d99a96f319a4a782a7a93aea9d6358d3,2018-06-25
8b56c0315e44af9a56cef82dce0aa443,11436d35136d8c9362a1438a71c7f725,delivered,2018-04-01 12:45:59,2018-04-01 12:55:32,2018-04-03 20:04:20,2018-04-09 21:38:40,2018-04-19,c1188759adf4e4deac0da925124cf631,2018-04-01
2d14eed4ba25e17b811cec469919d16c,48131e6c0bf7bd798cc529d5cbaf3835,delivered,2018-01-17 10:42:45,2018-01-17 10:52:26,2018-01-18 12:55:08,2018-02-06 18:03:10,2018-02-14,5a3ee05d197e24b7bafaac3e2cbc7e55,2018-01-17
593608ed6695aef889973ce8a45506b4,f9a0b9c3252efbe163954fcec5f0146a,delivered,2018-08-15 17:29:24,2018-08-15 17:44:18,2018-08-16 12:28:00,2018-08-20 18:38:56,2018-08-28,5ca257126b5a58068a2ad97b6133a28f,2018-08-15
49693494d8f42b42b80c8241976f8460,3651260dcfacc8962f8ba0a0df6000cf,delivered,2017-05-03 01:40:46,2017-05-04 10:03:02,2017-05-05 14:20:43,2017-05-18 08:46:13,2017-06-05,300e292ab8b4f69464294badedaadffa,2017-05-03
9c91511c612eb17f1db8e983907b803d,b31c810ce3c9ca8efb636a764db82bd3,delivered,2018-05-01 18:24:28,2018-05-01 18:35:28,2018-05-02 16:58:00,2018-05-08 16:35:41,2018-06-06,cf3db5f5b177a58fdf0e5c655a20fbd3,2018-05-01
9cd4acec394235fdf417882afb629ae6,ec862d3ecc84eb50ec17e5c261d55088,delivered,2017-06-30 11:11:04,2017-06-30 11:23:43,2017-07-05 12:29:55,2017-07-10 18:47:51,2017-07-28,a3a6f2d1b8311efa1f58c7755e022a4e,2017-06-30
54cf02ae7c090640834d4f9d190f3b9d,353a77315095c1816b31ba0c89421c42,delivered,2018-03-20 10:23:27,2018-03-20 10:35:28,2018-03-23 00:22:55,2018-04-17 18:44:37,2018-04-11,3db6065daf155a7256864541a2d89fd9,2018-03-20
3ef3c91a36437f7a1e4d4556a0543004,8aa914a8e1b5a4238dbc4391cd5643f8,delivered,2018-05-16 19:28:08,2018-05-17 02:55:39,2018-05-17 15:34:00,2018-06-04 22:56:30,2018-06-04,a3622d74e3fb06adffb4f8aed8a53175,2018-05-16
d6408f7d8bf528bd4da31835b3b00079,ca683c50ca0dd0c98b72cc2360669f62,delivered,2017-05-06 10:13:03,2017-05-06 10:25:17,2017-05-08 15:30:04,2017-05-15 18:00:11,2017-06-01,88c5bc45b2c10c3be81002a45c871544,2017-05-06
cdc46284224b13e760bee16b9d652377,58cd637ffe1e0112425f0b869014919f,delivered,2018-03-06 23:18:27,2018-03-06 23:30:43,2018-03-10 00:22:42,2018-03-13 23:13:31,2018-03-16,f140ceec1105002413552d4a1249f3ce,2018-03-06
3d93d8068cdb0206fc87b5d539a45f6b,50fe74772bbe79551d435c4a6437775d,delivered,2017-11-08 15:37:57,2017-11-09 05:31:37,2017-11-16 13:16:38,2017-11-17 17:37:53,2017-11-22,e353bc4671a2c377417307a9b539a48d,2017-11-08
86d715fc34a3dcdaa28d66fab140f969,a7f82e1125c54768904826f919fb24e2,delivered,2018-08-15 21:45:02,2018-08-15 22:04:08,2018-08-16 13:19:00,2018-08-17 20:18:20,2018-08-22,ba397fddea61cd1924c37c72c865c2ab,2018-08-15
de62c623a2a61737b9657f43da8be923,8d99c2b0f22b32e0c272f62ee2161791,delivered,2017-12-22 01:19:08,2017-12-22 01:29:46,2017-12-22 22:04:26,2018-01-06 01:08:35,2018-01-23,264ced2a97dc696bd8355207822e8182,2017-12-22
3064f25efd77a992ee9def050c0eaf36,01a666b8081772ddb748b5aaf9dc8bea,delivered,2018-03-22 10:09:52,2018-03-22 10:29:30,2018-03-28 00:36:34,2018-04-03 09:55:24,2018-04-10,8fe6dfa23d20bc3fffcb67004c992d72,2018-03-22
9a1d09360fb93ff8ae57b066fe14bc62,8c6d6ced29074dffd258f47c91c215a3,delivered,2018-06-29 17:53:10,2018-06-30 04:35:20,2018-07-03 06:23:00,2018-07-06 13:54:42,2018-08-01,cda22de6c3a0a75fec9d8edc168dad35,2018-06-29
34a1e7e0bd6987d552a7b050ad68a314,4fb3dd18946b6b46d97df8aaee3fc552,delivered,2017-05-15 11:23:57,2017-05-16 03:15:34,2017-05-16 09:03:25,2017-05-17 11:00:04,2017-05-24,fb9764436dea481226aa5072d82d5ee5,2017-05-15
fadebbbe984f86cdfdee2db28530bab8,c2965be789fc4b23fea5720b8f1aceac,delivered,2017-12-01 20:53:19,2017-12-01 21:24:11,2017-12-04 19:43:14,2017-12-05 19:04:44,2017-12-19,1ab13454b7bc03f80e254e963d523a24,2017-12-01
6fcbf1246440ef1de682fcab6ad5757d,d2b401a6c35de1f9edb7eafa56e43e76,delivered,2017-03-05 17:09:24,2017-03-05 17:15:12,2017-03-06 08:43:50,2017-03-14 10:46:03,2017-03-31,335fd9357dc8243c70bab62afefecfd0,2017-03-05
69eb4e39c354fbaad34489675c55608a,38dfb762919427e7ebdb0acae542419e,delivered,2018-03-04 07:16:07,2018-03-04 07:30:24,2018-03-05 19:12:50,2018-03-09 18:34:48,2018-03-21,a4f2ee695a7a41457bf3396d473b9de4,2018-03-04
0896eccb8187d6b1738ce4a3a1add1b3,50b848cc87798c6c8261280fbe780227,delivered,2018-08-13 12:16:56,2018-08-13 12:30:38,2018-08-13 17:57:00,2018-08-17 19:11:53,2018-08-21,179babd2eecb53125e973b715317114b,2018-08-13
84d151f7573342933c5d715a7911895c,2397863318f443e6971e4c13ec92ea1c,delivered,2017-06-18 23:41:52,2017-06-18 23:50:19,2017-06-19 12:49:00,2017-06-23 11:19:43,2017-07-11,5908f8630bbd5a8d5984b25f85588168,2017-06-18
e36a4fbf27caa37b5430a40dfef1c8a2,882582df98d24d5a38850e0ab4e76c18,delivered,2017-09-05 17:41:53,2017-09-05 18:06:47,2017-09-12 18:22:10,2017-09-20 15:16:10,2017-09-27,d3381e25e28c0818932e56346e2c9bd4,2017-09-05
e43508515d5e7a615643e552dc54a970,a51e51061b16caaab0897c3fecc69433,shipped,2018-03-14 09:09:21,2018-03-14 10:28:16,2018-03-15 19:44:45,,2018-04-06,a7d01453152539afcb6e419a6decb67b,2018-03-14
6e2ad17eed7ed4d65a36f2441c7fbf9a,b8fddae33aa890b5257dcd48739337e8,delivered,2017-05-18 18:01:57,2017-05-18 18:10:19,2017-05-19 12:06:09,2017-05-30 04:12:29,2017-06-19,7fb6bc16bf80c4b6aea804265afa8ec0,2017-05-18
80e6ab36fbbf96f969a371eb7bdbcb86,e64e724438b1417c3d6d94ead72d695c,delivered,2018-01-19 00:11:12,2018-01-19 00:36:51,2018-01-22 22:17:49,2018-01-30 21:34:05,2018-02-23,7d6286ff776d9bdf111551a06c970b71,2018-01-19
ce0102221c8d12a97979c74d09cca282,2f2953781d398425eca1c9f1ba912130,delivered,2017-05-19 10:02:07,2017-05-20 04:03:05,2017-05-23 08:39:59,2017-06-01 16:14:51,2017-06-23,c90610b4cd15ff318841445c558c41fb,2017-05-19
db4f107fcd5c5dac40c23f70a64f2031,d78f08c9bd470ca56216a86cec735e14,delivered,2017-06-05 21:06:41,2017-06-06 10:30:20,2017-06-08 11:44:55,2017-06-13 18:20:17,2017-06-30,c8f57e563958b0d37e48eacf0b621182,2017-06-05
d9b83939c87f115af94149c7cfb516c4,4d8a3c18eaa2150d9a6069cb71191a1b,delivered,2017-09-19 17:31:35,2017-09-20 17:44:29,2017-09-22 18:35:12,2017-10-05 18:40:08,2017-10-10,57a9710140308083e02631614ea5a5b5,2017-09-19
388f58cb744d94d4985a505fb3cc6cc4,6669b45fef295b28b7500941fb1aa451,delivered,2018-01-05 11:55:26,2018-01-09 07:24:24,2018-01-17 14:45:13,2018-01-18 17:32:42,2018-02-23,c7374cc1e6cd47a7ea9dbfccbc8efaa7,2018-01-05
e5f7b0fcd51ebf0d97581828ec5e7c52,db6636abed318391632d45db084bd303,delivered,2018-03-15 15:06:34,2018-03-15 15:29:23,2018-03-16 16:08:43,2018-03-29 20:03:55,2018-04-06,3511f62da78fccb637d326fc5c96d7b3,2018-03-15
e987209899819f8d27a6353eb3a164e2,7c88c30cd51c2a11ad92944941e6e03b,delivered,2017-12-26 09:15:18,2017-12-26 09:27:28,2017-12-26 19:22:04,2018-01-03 14:22:30,2018-01-15,c9e802f30df97e927f31d26432ece0cc,2017-12-26
6654318656fd2cac598dec43a9cb7fd6,7f92a87826d04c93590c2c69200b9085,delivered,2017-06-03 10:43:53,2017-06-03 10:55:14,2017-06-05 09:33:44,2017-06-13 15:53:08,2017-07-05,476b7c0237a2d32ea8ada3f1a6c41a00,2017-06-03
a8f5ea0830ac9ffd1d2864434bcddb70,e9bca2aac8f400109e997596326d9227,delivered,2018-05-28 20:21:30,2018-05-28 20:36:38,2018-05-29 07:48:00,2018-06-08 20:06:36,2018-07-13,83486a65903aefe02ed3bac7c23b5f65,2018-05-28
bbad587fa5bcc15bc645c80133126e39,656e61eb5c775d02c90380ef62a206ec,delivered,2017-11-27 19:48:07,2017-11-27 19:58:45,2017-11-30 17:17:47,2017-12-08 23:07:47,2017-12-15,36dc57c5294c8ebc374511906e1d9cc4,2017-11-27
b32669c7ee374ba5372e0824e5ec560c,b80ecede4483f7ca92378b5b0903bb6e,delivered,2018-01-09 22:19:35,2018-01-10 10:32:53,2018-01-10 21:21:53,2018-01-17 12:55:12,2018-02-02,aa69091f4d619f53b251229ddc31aa8e,2018-01-09
dd1254ca982d33390f4268c104bcb5b3,c5f44836bcc16b7942d09800e7f23f99,delivered,2018-08-12 13:03:21,2018-08-14 08:50:21,2018-08-15 14:26:00,2018-08-22 13:52:41,2018-09-10,fa296eb81c5d2ab98eea48297547858b,2018-08-12
6054d8418ec326a7a9382171632b7a7d,06ebadeeb0acfedd1526d66bfb71b061,delivered,2018-07-22 18:35:13,2018-07-24 22:04:17,2018-07-25 11:07:00,2018-08-04 14:46:52,2018-08-16,d8fb9a7157114af9690a03b6ff65a3cb,2018-07-22
be9fb10d58d9a2df903271600e76e32f,5836089b5b463ed01398e1896b202bef,delivered,2018-08-04 16:41:57,2018-08-04 16:50:20,2018-08-06 17:07:00,2018-08-13 23:26:50,2018-08-20,7df86d35dd52ae9901773b858727662e,2018-08-04
a2558c154c13e3fbf56a48c8b364ba1b,7299343483ef67319b28e484002c40d8,delivered,2018-06-10 21:20:12,2018-06-10 21:37:19,2018-06-11 11:38:00,2018-06-18 22:09:48,2018-06-29,45ba2acc9e8cbf07b686d5994d7592ab,2018-06-10
96b947c986b42f213c9e6b8ccccedb89,0be97ebc9313a86e02d3b7cdd7e5f1a6,canceled,2018-07-30 13:00:56,2018-07-31 03:55:23,,,2018-08-22,f2d12fb9cdae4493f4349e9d65a66bba,2018-07-30
6fdfefccad3a0118a8c8957249158771,7389ce9498dd27c46fc01c39626b6499,delivered,2017-12-11 23:55:52,2017-12-12 00:19:36,2017-12-13 22:55:01,2017-12-19 00:28:26,2017-12-29,e1afc31f60bd65fec039b9e87888b979,2017-12-11
ae0c46b648d9039d75ff554b61e292b3,8407856064f21b0b4502e7722f213577,delivered,2017-09-18 22:48:56,2017-09-20 02:11:26,2017-09-22 18:37:58,2017-09-28 19:16:55,2017-10-04,6c31ede5f3fced7a46a2ed81394f74a7,2017-09-18
985bcbededbcdec4a04f505d68cc4117,e436ed5e3618131594f326ad13dc6c10,delivered,2018-04-02 20:45:08,2018-04-04 03:15:38,2018-04-10 01:18:26,2018-04-17 16:56:38,2018-05-07,23a886ebce4bc86212c72f669a9bdb31,2018-04-02
21a700353585ff0d776cdde844166983,1af2b6993c484922951d0017979e65f2,delivered,2018-05-14 12:40:40,2018-05-14 12:55:38,2018-05-15 13:50:00,2018-05-18 13:32:23,2018-05-28,111c4c23485ccdc83aee34a4dd40c0fe,2018-05-14
25565bbcafc22cee9f5789413e9a6ac9,e15fca521af3faf8a594328be6350905,delivered,2017-11-08 21:11:16,2017-11-08 21:26:32,2017-11-09 20:41:39,2017-11-21 18:09:03,2017-12-01,3ea232fed25a7658e342455efdf64e47,2017-11-08
d757eef533ce8e541e4bfbf66b692ec9,8d4c810bc640a51297ba21205495bbd3,delivered,2018-07-16 15:45:19,2018-07-16 15:55:13,2018-07-20 11:57:00,2018-07-25 12:27:51,2018-08-06,6155d614719b2eccd46655e8a8d05942,2018-07-16
d8522b11e5907c0a96797fb0b6835a92,005092c23e81812fbbe11fc6cf7e5316,delivered,2017-08-06 15:45:03,2017-08-06 15:55:19,2017-08-09 20:53:55,2017-08-23 20:27:48,2017-08-29,38827a4b81c4d81cffaec1accef6572c,2017-08-06
b8b4b6ea58c7d2465c0f66f7a5e9ee3e,7673be11b2ee7f61ebff0cbd16fd6b21,delivered,2017-11-23 23:09:48,2017-11-23 23:19:06,2017-11-24 17:48:38,2017-12-04 22:17:16,2017-12-14,77c267424d65b280ad38f868aca5dff2,2017-11-23
993749e5e46aa8fb9bd80fc41c54307f,4602d06036a9af47ad9689fc12e47edb,delivered,2018-03-14 11:38:42,2018-03-14 11:55:30,2018-03-16 20:17:28,2018-03-22 11:16:28,2018-04-03,2e3fc07f9a9ad613841f53f2c3e7c838,2018-03-14
9e8ef3a707f0f0558057a948db92f600,a9a15a16da6c636112ab963546bec22c,delivered,2018-08-16 09:19:47,2018-08-16 09:35:11,2018-08-16 16:00:00,2018-08-28 22:06:33,2018-09-14,8438f60526ce652b4310c9a860b9c218,2018-08-16
325c1aaf2915ee2e1f5f0b60758f11aa,76ebc39daa5ea881b6ce1ef9554f8b6f,delivered,2018-03-14 22:33:38,2018-03-14 22:50:07,2018-03-15 20:31:22,2018-03-23 16:53:42,2018-04-05,ba6da4841dcbcc20caa9a57808664368,2018-03-14
e38fb0d87dea5ab1a9c8e257fa716b80,a1719762c10f68d33412963f65d7efed,delivered,2017-09-14 09:10:31,2017-09-14 09:25:41,2017-09-14 19:23:36,2017-09-22 20:17:33,2017-09-26,a72c0c82da664895fb7166d9e0a40368,2017-09-14
8d171a848151e69e8f090fdbb50d4010,a10afcc34f66a704819e459a8f524ffa,canceled,2018-02-13 14:38:55,2018-02-15 04:07:13,2018-02-16 00:19:33,,2018-03-09,6a65df7b3e532c05f3b312bb7e77ff33,2018-02-13
64b281751527cf3da5d9eb68c785cedf,aa213e6f66f6c3c075e569427d8344ce,delivered,2018-04-24 14:27:15,2018-04-24 18:05:54,2018-04-24 23:55:40,2018-05-09 16:37:38,2018-05-24,57809944fa2fb381c6ed02a36c046676,2018-04-24
fbbc0a864330509c41ca4b4f0ff9b780,fb05a028450ab57468eb98f003a45b05,delivered,2017-07-13 16:20:44,2017-07-13 16:30:19,2017-07-14 18:48:00,2017-07-25 14:21:20,2017-08-08,7d8a99bb8d90dda2a158704bdb5c988d,2017-07-13
6c34149971656b37763f96b5827de8dd,5c5200c0eb84b803bcf8e01f3a71cc1e,delivered,2018-02-28 10:46:18,2018-03-01 02:50:51,2018-03-02 00:03:46,2018-03-16 13:28:30,2018-03-14,5a6b5514e636a2cf9fb3b08f277ad865,2018-02-28
d86e34fb55dbe6507acb469ef5d50906,34ffb9a7e46914a4e9cd359ef1cd8335,delivered,2018-02-07 05:01:53,2018-02-07 05:15:21,2018-02-08 14:19:49,2018-02-14 20:03:27,2018-03-05,9678c2b106bcbef78abdcfcf2597af0f,2018-02-07
649fa665ec97c1e0c786685fc3db9ba0,4a4f1dbbfa271ffdb1582b3c504b6385,delivered,2017-05-09 14:33:43,2017-05-11 04:22:40,2017-05-15 07:29:57,2017-05-22 08:46:38,2017-06-09,c169c9937db997a267f749cdd64c161f,2017-05-09
070d6fe21e7d454b11f1cb27ca2c15c0,ffbf82fe167e7156e06fc1778d6b1cea,delivered,2017-08-05 09:08:55,2017-08-05 09:23:12,2017-08-11 19:34:08,2017-08-26 14:34:02,2017-09-06,e94f89d82f4a9a72453b98299a26cddd,2017-08-05
26ee148fb7de61a887e22108db88f609,08070f3e36c4cf9e295b028eaf7cd3b2,delivered,2017-08-04 12:11:30,2017-08-08 05:00:11,2017-08-09 21:05:29,2017-08-11 21:43:51,2017-08-17,0732796b9e3fd8d74a8314a2e1b14c36,2017-08-04
d80bc8900db383324d145cfb1c1aa854,1de6c6c911ceda2be652cd0db03d930e,delivered,2018-05-26 07:48:45,2018-05-26 08:19:52,2018-05-29 14:10:00,2018-06-07 18:51:46,2018-07-04,8ec31beb5c890497f1872b5986d3cc26,2018-05-26
f380a3a29b8b454d07e134ad890c93b3,5fa2daff047604045729c55aac7b6c3b,delivered,2017-06-22 22:30:56,2017-06-22 22:43:17,2017-06-23 12:35:59,2017-06-27 18:17:51,2017-07-12,ea4dce18a6994b1e69f0bc8093cfe869,2017-06-22
ac44d431499dd1f572a4dc7408581e7f,30e77219a355a23da7a4d33dbc113b65,delivered,2017-09-28 12:47:50,2017-09-28 13:05:10,2017-09-28 20:48:54,2017-10-02 19:40:49,2017-10-24,d08960a75b1ecdef2b71c1813027f31d,2017-09-28
2fdd596723c47b1dd0dcade4d2cd1df4,3faa0b42ec04b1eb50445122ce3b70d5,delivered,2018-07-31 20:50:52,2018-07-31 21:05:08,2018-08-03 14:18:00,2018-08-06 15:03:33,2018-08-07,5238a74a89a5376a9c693cd09e3946c9,2018-07-31
d507676f180057d8346291ab234c201a,46b729c6d178a258bfe256fd7416dfa5,delivered,2018-05-15 18:53:52,2018-05-15 19:12:49,2018-05-16 11:51:00,2018-05-17 16:45:29,2018-06-01,858d7c1f8a8066693cf21e9186adc896,2018-05-15
630740e03f6373612399c5e8cca3c3c3,2c129946f032bb0318e850a5e6b8fc21,delivered,2018-05-14 18:49:05,2018-05-15 18:59:16,2018-05-21 15:10:00,2018-06-13 13:12:04,2018-05-30,dc17e671c24856019535cfca38659329,2018-05-14
f883e09a1fb01318052c6ab839efb34a,12dca0bf14588cc10f18a9f9abaef604,delivered,2016-10-10 12:54:37,2016-10-12 03:01:46,2016-10-14 18:00:00,2016-10-28 10:27:47,2016-12-12,6259b1f4da26c67879164ebce6333481,2016-10-10
5e8c4235c5941812c1831d835ae020fd,e787ddf38676914ffe9704e1766096ab,delivered,2018-04-07 20:39:43,2018-04-07 20:55:30,2018-04-11 18:21:35,2018-04-23 15:42:04,2018-05-02,5e0e18fbc2af5e1582f7c30d03df2cfd,2018-04-07
7f54da866a82d947b1a3dc9a7c226dd1,403f34c52aacfa5d916ac5faba12e8fd,delivered,2017-07-21 15:26:31,2017-07-22 02:15:19,2017-07-27 22:17:48,2017-08-07 17:20:03,2017-08-21,e7e71f4e4180338d304ccaafc862e16d,2017-07-21
0a485e9f82800bf8b36ae34ad2a91aa2,c6f55b8c3f988e35978224e981b26836,delivered,2017-10-13 10:21:42,2017-10-13 10:35:15,2017-10-17 11:02:59,2017-10-27 03:43:40,2017-11-21,425634deb94b1080fc7d283f3a644941,2017-10-13
c60a44d6c46309c86882ffce00a0b412,6cbea8a57483ec9eefcffbf5241657ee,unavailable,2017-02-15 11:25:14,2017-02-15 11:43:27,,,2017-03-14,ff28720521c749234b1ba19c9c986f4c,2017-02-15
1990de8a3c2672af049d7330b7ca9a2c,3d158d713800b81de221f62cda93a7d5,delivered,2018-04-14 12:10:32,2018-04-14 12:31:43,2018-04-17 12:41:40,2018-04-27 14:16:46,2018-05-17,e5cc1d518d05b032550b7acc3bbc1399,2018-04-14
53a24a678d0e83d0d3c718528aa0aece,a6676c68128a3af44c5df985bc3f8d67,delivered,2018-04-20 22:26:26,2018-04-24 18:13:57,2018-04-23 19:51:15,2018-04-24 20:57:25,2018-05-09,f5031e7b5561df1775e8db6a3eb37cc6,2018-04-20
2624324bb721ec04118d0b81cee8c0db,1a7a79d7a95b83ab82bf34f68f0896ff,delivered,2017-12-06 16:48:17,2017-12-07 03:11:11,2017-12-07 19:41:40,2017-12-18 22:33:15,2018-01-04,0c4ac2404e371e2a9affc84966e04022,2017-12-06
f581282a5c459a970507563bf9893ba3,73fe187f16431a351b8e5462bbf89c0f,delivered,2018-04-17 11:21:31,2018-04-17 12:30:02,2018-04-17 21:37:49,2018-05-03 22:12:09,2018-05-14,aa0af8553c171bf1dde4f082986e79c7,2018-04-17
e9a673444938dfb3ee73bc31383f2921,f720495cf4e467694ff915bbec4959c7,delivered,2018-03-19 12:54:50,2018-03-19 13:35:44,2018-03-23 15:24:26,2018-04-08 15:26:50,2018-04-12,e0b951c0560a39ff0d553796fa315370,2018-03-19
c1cd3fb28c470198177d6ee1ef4c1d85,eb623d7609c7d1415a13fe492329eb69,delivered,2017-06-02 13:18:00,2017-06-02 13:30:20,2017-06-02 15:13:16,2017-06-08 13:20:05,2017-06-27,7a5faa418faaaecd0d9b5aa9f7674b91,2017-06-02
046735e8e55ac5d5eee44e008b9e9720,d87f9f36f8fa985c1d0c64981d5e1d7f,delivered,2018-03-24 22:39:49,2018-03-24 22:50:31,2018-03-26 15:42:25,2018-03-27 20:11:30,2018-04-06,2a0df8ebb465629cf6d2de4383421769,2018-03-24
1030193a05167a7f359eac22342727c7,e83f91be888c7639e7199ea309040d35,delivered,2018-06-10 15:10:13,2018-06-11 17:02:04,2018-06-13 11:28:00,2018-06-21 23:08:49,2018-07-31,63e2ddffbebc468591b9f44db1775cc1,2018-06-10
c67cd7b6cbafcdaef31e33d7461f9e29,b36a94756f103af55a64207f5b13d6e9,delivered,2018-01-20 13:20:35,2018-01-20 13:42:05,2018-01-23 22:27:44,2018-02-08 17:28:57,2018-02-16,76af04c7b5f972387c716b674ca46a00,2018-01-20
13d38ae5c379157b139b2bef4a906c7a,ac58c4227a6b6b12f7e158a96522f61d,delivered,2018-05-24 17:51:08,2018-05-25 02:55:01,2018-05-25 14:01:00,2018-06-05 18:18:28,2018-06-28,cba40a05c6e2b552c1ae5db5fa5e9c86,2018-05-24
003423b755b562962a6225a8de40d12e,18f1bb6325d50619d5c13b7a25b869fd,delivered,2018-07-08 11:28:17,2018-07-10 04:25:09,2018-07-13 15:00:00,2018-07-24 21:33:38,2018-08-08,7e765e16bdd8cf6bb0dc7728e1294636,2018-07-08
a894b3482b08ff3282f5a9c4485b7978,8bcf893cb7d4dc37ff1dbab13b19aaab,delivered,2017-02-24 11:01:04,2017-02-24 13:10:31,2017-03-01 13:01:19,2017-03-09 09:43:59,2017-03-21,81f45099e0f84e5d92e4d721ca42e164,2017-02-24
9794be04f5fee945ef8dd4dbca5c66e7,77a882e71e78be084cfa7fe46811dd33,delivered,2017-04-13 08:21:08,2017-04-13 08:30:11,2017-04-13 11:27:16,2017-04-20 12:00:01,2017-05-09,82372eba649ca805728ea7a31bd0b41e,2017-04-13
969c5d020e2a752154208ff5f31972ad,00af928c0a307dfdb37122943a1e6902,delivered,2018-06-13 11:44:34,2018-06-13 12:33:11,2018-06-18 10:12:00,2018-06-25 17:38:31,2018-07-13,fd45ef982d27eb5aaa153990b7c8140b,2018-06-13
0764f8b9a45b0305b75e1bbd614ffaaa,093e5958897592f409553d0344ce50c2,delivered,2017-09-16 21:00:06,2017-09-16 21:10:10,2017-09-27 22:24:30,2017-10-01 11:52:06,2017-10-06,97f97fe763e10c170a7bfb484d787f89,2017-09-16
2d6d5c2b78cb21222438d162676a5bd2,f7ef746cb4eb72958f6ec8a332cbf172,delivered,2017-06-17 19:59:59,2017-06-17 20:10:13,2017-06-19 16:58:15,2017-06-29 14:06:31,2017-07-13,36cc929a520588f985ba75a0d92238f4,2017-06-17
cab69d0a36811c4945aec2d4f744c8b5,2468eac8daf0e31ed4c5df419b32edb8,delivered,2018-06-16 21:53:42,2018-06-17 21:53:43,2018-06-19 14:59:00,2018-06-28 16:51:08,2018-07-18,0368ec0b951b3786c73190fb53ac5de3,2018-06-16
33027744c5ca91afba6fe8b75bbfb6a1,3dff2d23e8303f61319ac5c3f7727567,delivered,2017-04-07 23:34:24,2017-04-07 23:45:10,2017-04-12 11:52:36,2017-04-19 13:18:49,2017-04-28,4757b4d81eaab4d270e585126410dc5c,2017-04-07
b82e0c4be79dce9a462c4f875936de33,4e79b9838e9e9bf470ea2c60b5ca8c5b,delivered,2018-05-04 18:45:04,2018-05-04 19:10:01,2018-05-07 15:03:00,2018-05-08 17:32:51,2018-05-17,2824235fe10091a2eef72b86fbb73c27,2018-05-04
830fc83eb6376eb2f375005e54d4801d,e4c5fd57c6efa79a60ee5feb51d5c448,delivered,2018-08-19 20:37:07,2018-08-21 04:29:34,2018-08-21 14:56:00,2018-08-28 18:21:52,2018-09-12,074508b4cb581cbc9aa412a6d82b9021,2018-08-19
9c4a55a26e59e500b156faa5af6fbe53,21c6035a264c66dfcd1fd3b1c6207c54,delivered,2018-03-13 13:23:05,2018-03-13 13:30:29,2018-03-20 19:58:52,2018-03-28 22:26:40,2018-04-18,75538ef0acc59f1de08beda83fa03afd,2018-03-13
a794a761cfa371bfef4a514d8597898a,a32fc86b243a069dcdede4aa11b29aea,delivered,2017-10-13 09:53:16,2017-10-14 10:05:57,2017-10-17 19:53:20,2017-10-25 21:33:54,2017-11-09,94b665962a06d1b554b6de502866e817,2017-10-13
19003d20e39028b9587c8b6b5b26170e,a091295e4e45129629e26dce69fba242,delivered,2017-12-25 17:02:41,2017-12-27 04:08:36,2017-12-27 17:23:12,2017-12-28 19:00:00,2018-01-15,28b925295e5c12cbb0ecae835b1a2b7d,2017-12-25
3b7a97d5bd2789c9087188dbfa105445,7c30c73dff64648fbc10d968e6a134ff,delivered,2017-05-18 09:03:32,2017-05-19 16:02:56,2017-05-22 08:37:06,2017-05-26 09:04:02,2017-06-09,92b7da7b9e714a1058a57d34bf048eef,2017-05-18
b53712c11389475059711525053a7f35,f04ca3cf98dc157b476848246c1e3af6,delivered,2018-01-03 09:44:33,2018-01-03 09:51:28,2018-01-04 17:44:42,2018-01-22 20:35:19,2018-02-06,926706278074ef35b72d759d5be613ac,2018-01-03
afa4a5eb55c10c299c13478f1f092dc1,738b7ced38b8ff1176d4ca7dc74b4322,delivered,2018-06-16 01:05:37,2018-06-16 01:19:33,2018-06-19 14:14:00,2018-06-29 17:38:47,2018-07-19,1a14f0250ec0c95967ee5c7284281996,2018-06-16
2e0b3b0ef908939d3218bc60b4ddb793,32551508d9cab8b1b550dcc1c16ae792,delivered,2018-06-12 19:02:16,2018-06-12 19:27:32,2018-06-13 12:15:00,2018-06-21 18:46:24,2018-07-12,15c47bc8e10642155f3b8d0a13f248f3,2018-06-12
b37db6912ff47596467cd81b36818a5c,45fdb07446bcc42a741f1f8fd5884c55,delivered,2018-08-14 18:32:38,2018-08-14 19:04:10,2018-08-15 13:56:00,2018-08-24 20:34:49,2018-08-31,084b6a94c8cdb12b4ee05006af246aa0,2018-08-14
b955e1ecda001d15a6f9a0279d06ae5d,9f40492a2b160998fd79c9c4fa964c5f,delivered,2017-04-04 23:45:11,2017-04-05 01:30:08,2017-04-10 18:45:12,2017-04-12 12:33:48,2017-04-25,ed199c42c6110b74d598f648fd37510f,2017-04-04
79104bbe8dd124c763911a2821546889,8ca4dd796c8520fe17dcb78c568685ca,delivered,2018-08-21 10:58:08,2018-08-21 11:10:19,2018-08-22 13:13:00,2018-08-27 16:31:49,2018-09-18,55f9cc0d647cdf920b02786fd25437db,2018-08-21
3a3239fa60ea2f77a53990f66c3f1a45,939e0c3e47b5402a26179847300547ca,delivered,2018-03-02 17:37:53,2018-03-02 17:50:37,2018-03-27 15:12:52,2018-04-04 15:43:43,2018-04-11,87e10490e24f34fe5a034de34504f055,2018-03-02
aefd94f1b5fb4acfd62eaf1264846946,21c254004435ca35b4aa8168bfb0fec4,delivered,2018-07-13 16:11:57,2018-07-13 16:31:28,2018-07-16 17:31:00,2018-07-21 17:03:32,2018-08-03,301e1ae81133ca23a3d7639c8344edb1,2018-07-13
6afcda277482fc479e9abc6f6bbdd355,3f1e96120f5415b83f1e64df55d20608,delivered,2017-11-24 21:08:14,2017-11-25 00:16:29,2017-12-06 22:34:18,2017-12-22 21:40:03,2017-12-21,debaab2fd60c2494d7c2c6860813de8a,2017-11-24
f2d872bfea08d627b7910014e94c7e3c,a765a1a1e99445be6ccc6cca32e491b8,delivered,2017-03-03 16:09:17,2017-03-03 16:22:21,2017-03-06 09:07:59,2017-03-20 09:43:48,2017-04-03,07df139093b720d6512c49da2980e3ee,2017-03-03
214a1170088762989ff5bf58d3e8dff2,df422639c27dac93686a9186cf885466,delivered,2018-05-13 00:10:01,2018-05-13 00:35:08,2018-05-14 15:38:00,2018-05-23 00:08:42,2018-06-13,fc2261ae2c583aa2e68241456a6467c8,2018-05-13
930ccbe985fc2c6b79b03acc9bcd5a4e,aeb70c19b287ab46557def14ec7c79d7,delivered,2017-12-20 14:04:26,2017-12-20 14:13:21,2017-12-22 22:18:48,2018-01-16 23:25:38,2018-01-22,2c68315641c7820d2843884397d944e1,2017-12-20
2c7e3ff60588c94964e40bd1dca4415f,f717f4d172b295b2bbd0f89babbd4612,delivered,2018-02-28 20:14:52,2018-02-28 20:25:29,2018-03-02 11:05:29,2018-03-15 00:32:53,2018-03-21,5d2ddf4b578810061aabc7712edb16b6,2018-02-28
93bfa8d308b3feeb69f9ab51f55b5987,2f8e4051dc3472a8595537b2f75b88d1,delivered,2018-07-24 06:39:14,2018-07-24 11:20:39,2018-07-25 15:07:00,2018-07-27 01:41:40,2018-08-01,c0b7acc5eca6fff3c2b366f5a62493e4,2018-07-24
fbdefc6748a086900f96b1713c6bb1ea,a1ffabd3082ab532a3ae5ce001cd5139,delivered,2018-02-11 20:50:22,2018-02-11 21:09:53,2018-02-15 20:52:36,2018-03-19 15:32:34,2018-03-15,abb9bb7a7ced25d6b9a615a3e9a5b125,2018-02-11
bc0dce0474c363f867cd5784ca5ab763,8e47c128512416f5ba15d5453c342818,processing,2017-02-23 12:18:09,2017-02-24 12:32:33,,,2017-05-03,b97e6c3053452293cce47c859cdd4af0,2017-02-23
2f2551c105252771b8a53cd0f3582a21,b3ac014589b31526bee88162838b5b77,delivered,2018-02-12 20:08:19,2018-02-15 04:07:42,2018-02-16 10:26:43,2018-02-26 15:22:29,2018-03-06,654ef7d7479c195d6ff3a45408df0b10,2018-02-12
0bb77e62d791c3e5b009815ac19825be,2185bf3ec325c64b51adea2ab19aa708,delivered,2018-05-14 14:28:23,2018-05-14 14:51:04,2018-05-18 15:12:00,2018-05-23 16:22:28,2018-05-30,8ff363146e1d6f3ae76175131a89e877,2018-05-14
d4c324a61d74cbf91304f5c193b5d788,29faae90992b74d512970ce668410f81,delivered,2017-11-26 14:31:13,2017-11-26 14:52:39,2017-11-27 23:21:36,2017-12-01 11:53:56,2017-12-15,575e8735ac3203bfb92c7d52919faf70,2017-11-26
d52994dc5d7fc26a240586d7a63e71ad,f010ffddee856fec238b164d2d5e6e9b,delivered,2017-11-28 10:47:47,2017-11-28 11:31:46,2017-12-06 18:10:12,2017-12-23 13:29:00,2017-12-26,36473581361bdb3823d1fe6d96955354,2017-11-28
17d1c72c26f43dbcb91705626271e2f0,a31825d0c893a0c13dd57cd8a6e22b93,delivered,2017-11-02 17:18:08,2017-11-02 17:25:53,2017-11-03 14:37:56,2017-11-23 17:41:06,2017-12-07,d4fc20e1e64c163d80e25a900d9c26c3,2017-11-02
d8b5366d0c46b7a7f33831b486b0af9b,6bffbe15492bf7be799ed4fda9529f56,delivered,2017-02-07 18:36:33,2017-02-07 18:45:12,2017-02-09 10:51:38,2017-02-15 16:14:45,2017-03-09,8606c9f789af3fc84efc7a23a26ec957,2017-02-07
7182a10886eba11ded33e2656379e6d1,030132d171907b3b3c813909fb0cac90,delivered,2018-03-26 08:30:55,2018-03-26 08:48:09,2018-03-27 18:42:53,2018-04-10 15:43:29,2018-04-13,d387ea85dc301a91740e31360d355686,2018-03-26
735458a5d288ba55c03a10cb1b2dd481,5a2e937ebdd78eaa8cac5dc67b8b3a42,unavailable,2018-05-03 14:15:19,2018-05-04 14:13:00,,,2018-06-01,3c804874d3b953065aa6ce41afece80e,2018-05-03
f22177a7a8496bd964aa18a000b69628,31812040ae3ffedc79f043d40e6681ab,delivered,2017-11-18 13:30:48,2017-11-18 13:46:03,2017-11-21 11:54:43,2017-11-29 21:07:13,2017-12-14,45a62ab289db21b4fc09cdf07bd586a4,2017-11-18
a6ba686abe92f4b2c2cffcd962db019c,e561a64dcc3ccfc5c0de4b2c914cb59f,delivered,2018-07-30 17:26:37,2018-07-30 19:31:52,2018-08-01 16:22:00,2018-08-06 19:04:49,2018-08-07,6464d9201af097faef8c835c241396d1,2018-07-30
717190a490f69b74799309115b1ccead,76845da09dd4d1a8d9a81965c6cb84ab,delivered,2017-12-03 08:36:17,2017-12-03 08:52:36,2017-12-12 16:22:49,2017-12-19 21:33:31,2017-12-28,79d0d6806f7dc4d99fb23e69427a9581,2017-12-03
6edd4570c3544a2b8a02f66a84d0e58f,e8e423ea0dbda39de692120d8406f279,delivered,2017-12-10 21:12:35,2017-12-12 03:34:23,2017-12-12 22:19:33,2018-01-13 00:56:51,2018-01-11,ea6d9c37d833ada18462ba141f1bb26d,2017-12-10
e460863b51f5cd5e40996ef493df7d31,be6c647098667c50fe7e4c812d1ccefa,delivered,2018-07-20 19:43:30,2018-07-20 19:55:15,2018-07-23 14:49:00,2018-07-24 17:18:32,2018-07-30,cd6474598350dc73983a584f9fe3a366,2018-07-20
722ab68fe6307a0bb69b61297f6d16d9,52fc6db9513213f1568a0445e1df6d02,delivered,2018-02-18 20:09:41,2018-02-18 21:15:32,2018-02-21 14:49:26,2018-03-12 19:28:48,2018-03-29,791a3bdf48dd1fed7c084358b77c277c,2018-02-18
f99e3215de6016797bab522d7a8fb5dd,0063bdf3bf91260f76973a4af6f9199e,delivered,2018-06-05 19:44:14,2018-06-05 19:55:20,2018-06-06 14:05:00,2018-06-12 22:05:51,2018-07-16,aaea7e9a2d2432c24a03eb74cc430c8a,2018-06-05
2ebd51880db4914916604caa280ce024,551e3d85f5f340c6339c1473a646a25e,delivered,2018-06-26 14:20:45,2018-06-26 14:35:20,2018-06-26 15:24:00,2018-06-27 14:32:31,2018-07-16,9c4d1cce68b0dd6ee608f6cc77495252,2018-06-26
f4bac547781ca354b61cb06c887547a1,90b07585e5550008799f7bdd3e21905e,delivered,2018-08-03 13:24:57,2018-08-04 05:10:20,2018-08-10 09:29:00,2018-08-13 15:34:37,2018-08-22,498efeb29fadb952bb079a5f75988664,2018-08-03
34f3cd394e3eb4075ed95224164e017c,5d80ee40c7ec6efa0f11832432324db6,delivered,2018-02-01 15:41:01,2018-02-01 15:50:39,2018-02-09 00:15:15,2018-02-09 23:05:05,2018-02-19,4df2c8724aa4bad354373cc0307337e6,2018-02-01
5c12f254446ca6ab5edd195f6ca79d22,754132cb2b8ef289dba4b60de444ff96,delivered,2018-06-02 19:26:59,2018-06-05 04:52:03,2018-06-05 14:47:00,2018-06-22 13:52:28,2018-07-17,15047575a9fb9ace7a7e7e201e4a5acd,2018-06-02
259f388570f65b0d8c575f826cbdedf6,bdc777e28eb3d3ceab3804ba4602964b,delivered,2018-07-20 15:31:16,2018-07-21 03:23:55,2018-07-23 07:29:00,2018-07-25 16:58:58,2018-08-03,874b879492701202d47e1025b8377c23,2018-07-20
1dee115122070f803ca49fe0dba3be48,99f5c698a4162352e3b607317165790f,delivered,2017-10-19 12:39:25,2017-10-21 03:05:45,2017-10-25 21:17:44,2017-11-03 15:02:48,2017-11-14,dd7f3f7bc0b106ddbd2b41f9e324f6e4,2017-10-19
e8c7196e322086d2f22890afc5f7e750,334fa9ca22bbc6345adc605f2abd1cde,delivered,2018-03-07 11:31:16,2018-03-07 11:50:45,2018-03-12 20:48:29,2018-04-10 21:42:45,2018-03-27,d1083569a0a2dc25755edb078a454017,2018-03-07
12e0898b7f4ce2bfc6fd1ec0212154e9,4711995e1965964543c97df6cbb3e23f,delivered,2018-01-24 12:52:12,2018-01-24 15:38:15,2018-01-25 20:15:05,2018-02-16 16:49:07,2018-02-21,1d5f0643cf2568434743cb9ff674feb3,2018-01-24
9fec962af24505f0b989965945c1fc64,cc23cd338da72be343b0c6dcad5ebc91,delivered,2018-07-24 15:09:15,2018-07-24 15:25:11,2018-07-25 10:13:00,2018-07-28 17:16:28,2018-08-10,3eeb34bf01a5c44ab33a96dbacf9cb0c,2018-07-24
ee2bcc3fca40f8992903209e91a6e19d,d1ce771663ec75c1a8fb584ef7ccfaea,delivered,2018-03-10 10:56:48,2018-03-10 11:10:30,2018-03-13 21:08:34,2018-04-10 23:04:15,2018-04-04,d5ccfa0a3c2abc8d9c6781a15b647302,2018-03-10
2f53e1db0b2a17564ef12fe69d65a9df,6d334aaab9f45b27efe602b61679ffda,delivered,2018-05-09 13:49:19,2018-05-09 14:14:57,2018-05-09 19:44:00,2018-05-14 23:08:32,2018-05-28,94e5ea5a8c1bf546db2739673060c43f,2018-05-09
6d480dfe6a776cc015ee944f518a966c,932f6ab5fbf15a2b22564cce2a273fad,delivered,2018-06-28 13:52:36,2018-06-28 14:11:26,2018-07-04 13:47:00,2018-07-07 17:50:30,2018-07-20,64240d7b6620f8fb1126edad450064b4,2018-06-28
08fc40afed49b10079c4c6a31ffc093b,95ae8f8b2660ab72b433470f27396a3f,delivered,2017-10-08 19:18:20,2017-10-08 19:28:31,2017-10-09 16:38:25,2017-10-16 19:22:45,2017-10-31,9bd02f419986004f80d10dbf52f8c128,2017-10-08
e625944bd16cd8f6b0daa1861cd25b19,b7eb23bc02ca23e9cacf170ff45aa78c,delivered,2018-02-06 12:10:35,2018-02-06 12:30:22,2018-02-07 19:57:50,2018-02-23 13:06:57,2018-03-08,46d39cccad61951d9d8d9693d3c7aa3c,2018-02-06
0d8431891873947fe9dc5b7e980cbf39,bfc0d199a07501807c534397a935709f,delivered,2018-06-30 08:43:41,2018-06-30 08:55:20,2018-07-03 12:41:00,2018-07-04 17:10:38,2018-07-16,919a5735843c4d0d333eb42c5339f55b,2018-06-30
7b43d5afbd4abec5aedc25a0a859fd0e,499f4647c1e95b1e5295583907130853,delivered,2018-04-10 20:14:29,2018-04-10 20:29:49,2018-04-13 19:45:45,2018-04-30 21:26:41,2018-05-04,4c5efb02f28e7a026e18a6612160fdff,2018-04-10
dfc5a5525471e9341af3ad103adbef79,8aa15d61d87b5ad51604a9292a95ac7a,delivered,2017-07-17 09:09:48,2017-07-18 06:05:15,2017-07-18 17:53:50,2017-08-01 14:15:25,2017-08-14,28db9e6ce64b9ce7f862405d2fd33e2e,2017-07-17
e6e34e47fd3eabdfe4b6c2662cc2a04c,189f3386590174a0646653e12a6c0278,delivered,2017-09-08 09:52:41,2017-09-08 10:05:11,2017-09-11 13:23:43,2017-09-19 18:03:17,2017-09-27,65a0057b8dc1d42a5a7096d64250e783,2017-09-08
688e3682bd719f71232cc322252fb045,ebe643e3568fed9b2884fa21846e945a,delivered,2018-02-27 11:11:22,2018-02-27 11:35:40,2018-02-28 16:18:55,2018-03-06 18:39:06,2018-03-28,2b161eaf4956b131691842e87b3c39c7,2018-02-27
6ce7ccf0d56235e7353e1fe55a368312,d1f7890d6787b21fbdd581ccc43e1d73,delivered,2017-02-21 17:48:05,2017-02-21 18:02:55,2017-02-22 13:42:47,2017-03-06 17:07:55,2017-04-03,20f0adad33572310588fde400f2d57cb,2017-02-21
b757c5b68510d1d1390243961552792d,6141a788cd69f6a184d68dd2c6588b84,delivered,2018-05-09 12:30:16,2018-05-09 12:55:48,2018-05-09 15:07:00,2018-05-17 19:14:36,2018-05-30,104db57722138cf0f74966b43030a0dd,2018-05-09
b4f0e735d23a1ec6a012fb7769cb909f,78deda4b6546083ddaa5e6d5d11b593a,delivered,2018-07-25 18:50:42,2018-07-25 19:04:21,2018-07-26 12:34:00,2018-07-28 01:32:30,2018-08-02,4e5aba2c9b150920c8c7b5b4ee0c197d,2018-07-25
9dcef670d743a0deba5b2598d7121679,bb6e58e6cad6ad02bcb618a15406c16d,delivered,2018-01-30 11:10:42,2018-02-04 23:31:46,2018-01-31 18:25:16,2018-02-07 22:17:37,2018-02-21,d415d34f0683795bf85ab0bf30553504,2018-01-30
8ec2459624c9335e600e5b6fa15f3a35,d50c63251aae8100b82731720ee256e4,delivered,2017-08-22 07:59:37,2017-08-23 02:56:11,2017-08-24 19:33:39,2017-08-25 18:45:07,2017-09-04,7a965f625f2527c23b75fa065612eccb,2017-08-22
6031c93a0f6704e27f6135d9efcd7f5a,366b8c2f62d61163eb6174f77458478b,delivered,2017-10-14 18:29:57,2017-10-14 18:45:37,2017-10-17 16:42:29,2017-10-23 22:52:57,2017-11-01,7810b0c49ae1f5164c78a1c327d29e47,2017-10-14
cbc22d4690ec52283dd156e6f30ba818,0b0ad226258e0b3560d3801a83094f8b,delivered,2018-04-18 15:01:28,2018-04-18 15:15:32,2018-05-09 08:01:00,2018-05-15 23:09:36,2018-05-10,e81fd88d4a0e3f6d4db3abbc6550773e,2018-04-18
27a719bab5bfc6c6f88edc032bb109a2,90c6db53e3fb8f986ed5f3757444cc43,delivered,2018-05-06 17:36:42,2018-05-07 16:53:19,2018-05-16 11:00:00,2018-06-04 21:08:39,2018-05-30,b4dcecc2273383b0ff12622718bfb081,2018-05-06
a10bb0a8c070d2988fbbc21d66641704,301d87ed13f2cf173d810fe698cee7ee,delivered,2017-07-07 15:16:37,2017-07-07 17:05:24,2017-07-10 19:52:17,2017-07-11 18:12:47,2017-07-20,51d76ef6327aa91cd069d2518e9469b3,2017-07-07
93dfb14657b871cc1708647ef95f40f9,02a0567ef769f63b6e340fcb6eb6b618,delivered,2017-11-21 18:18:40,2017-11-21 18:30:25,2017-11-23 17:54:45,2017-12-07 20:03:11,2017-12-11,f64ec6d8dd29940264cd0bbb5ecade8a,2017-11-21
d9334f59be2037102baca42368082bfb,832246fccea224e010c498bb6823bb5e,delivered,2017-07-16 17:41:18,2017-07-18 06:30:38,2017-07-19 11:37:47,2017-07-25 19:23:41,2017-08-04,55c7627afc2e425ff7fd01624d15c453,2017-07-16
975314569c698f3bd86f7f7013f19acf,f9e4a03d5da9c240e34c34d56a0f3b8c,delivered,2018-07-16 12:58:39,2018-07-17 12:15:14,2018-07-18 13:25:00,2018-07-26 13:56:35,2018-08-08,8de1b31e5f6d5dc6af382c13947816bd,2018-07-16
580e21d2e46243eca1eb813c5fe6ac7a,766bcf96753cc0dc0655f962597f2ea6,delivered,2018-05-20 10:07:12,2018-05-20 10:30:50,2018-05-21 09:45:00,2018-06-15 21:34:27,2018-06-08,2872be9150d6b960cbc0e13761390d29,2018-05-20
5ab00c62f565cf0916a6fc76adf016ad,b83b879379e0ab1a9d8cf0143da28142,delivered,2017-06-25 22:39:01,2017-06-27 04:15:31,2017-06-27 17:48:04,2017-07-10 12:21:55,2017-08-01,d72cca79ad05d2786fd17298e8b848ff,2017-06-25
59bc56d45d476a352332408dfd911694,d0d68a2590a16593ac99c7912b912337,delivered,2018-02-19 11:11:28,2018-02-19 11:25:28,2018-02-23 02:28:58,2018-03-10 00:58:35,2018-03-16,368085fb5804557da8d68e89c845009b,2018-02-19
214e5fdd8fd6a78e1f37c7803bdc1939,787f1bad1d98254d7d9c7a08dace9559,delivered,2017-05-31 11:07:58,2017-06-01 03:55:32,2017-06-01 14:45:21,2017-06-06 12:27:18,2017-06-30,7e1dc025d12dd45046852917926fbd2e,2017-05-31
378e8f0a8bb7b51c09f84c88add4c6a9,e91aacb44859273903170c37d0b8cdd7,delivered,2017-11-28 19:46:18,2017-12-01 09:30:52,2017-12-02 01:33:54,2017-12-21 17:03:51,2017-12-27,d9d82507c6a42f5c5abdd0c64e82b6f6,2017-11-28
92e6240b5c4b9797688616b3a9c52608,0a0aa6d8a3c7535375d6fd935ae19480,delivered,2018-02-18 13:22:45,2018-02-18 13:35:25,2018-02-21 21:08:59,2018-03-04 16:08:34,2018-03-09,ba00776da416ac411a72c9ab6747c8b4,2018-02-18
084408fe97c377238b5ee3e8bed4c99d,4733ae003f8ee471b008a1bb07cf1633,delivered,2017-11-25 05:12:26,2017-11-25 06:16:14,2017-11-29 23:14:52,2017-12-11 18:54:26,2017-12-28,14f0ab886603a9e09fc3e3680d48a419,2017-11-25
cf942f6450b43eb334f0e34e792d12a7,f7b40fd4ffda1503c9d1f512b937ba32,delivered,2017-10-30 17:43:42,2017-10-30 20:31:34,2017-11-06 20:58:45,2017-11-14 12:51:27,2017-11-17,c98fcf1459bc9da1fa720de0d1241def,2017-10-30
7c05844d6fbffa854241d754f38236b2,0a6a72b2618f517c0ea6c4c43037e610,delivered,2017-12-17 15:38:02,2017-12-17 16:18:29,2017-12-18 19:03:36,2017-12-23 12:48:49,2018-01-11,6eefa309faab7725bf4b9dce147e4ae6,2017-12-17
ea1210816b91efb1908d9ba1bbcdbbba,611ea8e4e26938cb284901657e69d880,delivered,2018-06-03 15:16:32,2018-06-05 03:35:15,2018-06-05 13:52:00,2018-06-14 22:03:46,2018-07-20,08b0b8222f06e9807749fafdabfd2e38,2018-06-03
886705cc2c44ec5ce3560d7a2fc95810,d79ca675bcbbfe95ded1f9a458d8c196,delivered,2018-08-11 22:53:27,2018-08-11 23:10:11,2018-08-13 14:43:00,2018-08-17 13:58:55,2018-08-20,e2e2cbe6162376442313b303f91eb383,2018-08-11
45f1ccbf2f111134d9763586f13b76d9,03cc560a190bd173cdb410ea38c6620b,delivered,2017-03-20 22:39:58,2017-03-20 22:39:58,2017-03-22 14:05:37,2017-03-29 16:23:11,2017-04-10,76967eb50da869a312fc4adae1fa5309,2017-03-20
620750f67b15986c5bbf2e4fef7ab705,74ce9641693a46dd268a245ba61c9864,delivered,2018-04-14 22:24:52,2018-04-17 05:49:53,2018-04-17 23:06:22,2018-04-23 22:48:54,2018-05-09,a68e536cd9504cc2f3beec3ed7242457,2018-04-14
e224ad54b26a576b354a3d1cecde60d5,423983fb7bc2deb19f21c80ea7289c0f,delivered,2018-02-22 12:52:20,2018-02-22 13:08:06,2018-02-23 23:52:16,2018-03-15 22:05:49,2018-03-20,1d13b8636a34740aee59915193d56a3e,2018-02-22
62b0c2f88f7706f4873ef50d621f3a70,2b888cee24b7d0fedf2ca668d7165db7,delivered,2018-05-05 19:44:08,2018-05-05 19:55:13,2018-05-09 15:48:00,2018-05-16 15:27:37,2018-05-30,08cc880dc87b176fa20271ba13fcfabc,2018-05-05
2ec89189369ca4f4e76799f715c1c6d1,a8a64714312e18e9a2688e946676653c,delivered,2017-05-25 01:07:51,2017-05-25 01:25:31,2017-05-26 09:58:29,2017-05-29 12:42:09,2017-06-08,4082945bc678aa17c3305c6f98f02010,2017-05-25
b3600c15b636df09dc66ca0f895befe1,35c38243a371dfba016aab0fb4fb0bd6,delivered,2018-07-12 19:03:46,2018-07-12 19:15:14,2018-07-17 14:16:00,2018-07-21 16:58:45,2018-08-08,e8c628af16587ed80263f535a8d95893,2018-07-12
e4b8672f8079cde3f79ec04e8d22a842,9405f5cbf0966150956f3f56ae1d3947,delivered,2017-09-06 07:56:09,2017-09-07 02:55:14,2017-09-12 09:20:01,2017-09-14 19:52:02,2017-09-25,7a4a7d265bdbc9597f541307cd041df2,2017-09-06
29cb6a71f2aefea7831e8dc7c7afb690,75348460d695e3d699f56ecaeffc36fe,delivered,2017-04-27 09:49:23,2017-04-27 10:03:07,2017-04-27 14:50:20,2017-05-07 14:32:50,2017-05-25,b11ed526f7f6681196d0a59cc7ea7f71,2017-04-27
52f1efb2a407df9b385cd3960975d107,bbe1173c1fa24d73a028fd764108a155,delivered,2017-06-30 16:43:14,2017-07-03 14:23:53,2017-07-07 12:59:45,2017-07-22 14:24:42,2017-07-26,a48e92f8360a733073a127b7c7ced06e,2017-06-30
96f51ec3fb1b8781a86bfaf4a4c94494,5a7fd17c26f3d3af279a3218f6bd7839,delivered,2017-10-12 17:38:54,2017-10-12 17:55:11,2017-10-23 20:00:03,2017-11-09 20:23:55,2017-11-16,68bcb3a214bd2742c071d48804432a5a,2017-10-12
8f7f9e270f90486a44484ad392317a7c,7bd7c83d0826aca36fe5e3dc45fd9276,delivered,2017-11-29 12:24:41,2017-11-30 02:21:09,2017-12-06 19:09:22,2017-12-11 14:54:28,2017-12-19,5fb203a0b6157948f715f04737dd20ad,2017-11-29
aed8573ac2c1e7bdccb04472bbeaec39,30e44634f95a0c8423585cddd8d89c12,delivered,2018-03-27 14:30:53,2018-03-27 14:47:55,2018-03-29 19:21:51,2018-04-02 17:28:30,2018-04-09,92ea89cc73adda82fbaf897a48947927,2018-03-27
2deb17060fc1ce18a85eba953ddcdeaf,ebb3c484a7824bcc474dc7502648ce12,delivered,2017-02-07 22:52:43,2017-02-07 23:05:12,2017-02-08 15:15:33,2017-02-14 14:37:47,2017-03-16,e78838df9c44e102b6ac84cc5eea7d5c,2017-02-07
90c6e60786251825a184d18d6a4718bb,bc4a00d1ddd57fed221dcd933e0cb3b5,delivered,2018-08-18 08:17:21,2018-08-18 08:29:50,2018-08-20 13:48:00,2018-08-27 15:41:58,2018-09-11,c6dd22860eb241c38dac10ce91becd23,2018-08-18
e48bf703c3d5e80776e4d036425edddb,b28d2c12d71823fd72befb7139c1efc4,delivered,2017-09-03 20:15:02,2017-09-05 04:30:18,2017-09-06 15:36:43,2017-09-08 20:20:11,2017-09-15,9e4accf95024aa6565ca1efcadb96752,2017-09-03
fceffa5aa5435f18bb997278808e5915,2302f96d8d2dae4878949f1ec805dbf3,delivered,2018-05-27 13:06:58,2018-05-27 13:36:13,2018-05-29 16:08:00,2018-06-02 16:38:34,2018-07-04,8f8df1e94222a78bdd7e6a4b51e7d7e5,2018-05-27
b8f8ca37f7be5b67dbe397f5b15a7dda,afc7c0510f7311b6d2ba790361bf00a4,delivered,2017-11-19 21:05:54,2017-11-19 21:15:33,2017-11-22 13:43:04,2017-11-25 14:19:57,2017-12-07,c952cbfa0a88ad6e4f1c2a5eee5e3cbc,2017-11-19
4ca1f1a649b410df74285448aa3dcf9c,b1afa5f32963cc15625447d630ab6f7f,delivered,2017-12-13 00:37:03,2017-12-15 10:51:15,2017-12-15 21:36:21,2017-12-22 15:58:04,2018-01-09,2ff83ff76bcfc4fb7b2398b36c668b16,2017-12-13
0bf51fdc3af690e954d2ee0c4346b47d,742885a3980aa8cfc45909779e60831d,delivered,2017-11-25 23:44:16,2017-11-25 23:58:28,2017-11-28 21:18:02,2017-12-04 19:38:26,2017-12-21,9f93bae4ce98f98b239fb7aabb84ba0c,2017-11-25
06e30282882c8f52575603b55ed877ce,0bb62e6f9d167ed22e1ee8e12276f947,delivered,2018-05-18 00:35:17,2018-05-18 03:56:27,2018-05-18 09:17:00,2018-06-04 21:52:54,2018-06-08,2f14320b6cfbc04ac9c1d62145e33059,2018-05-18
fc6f84b0e39444f7c25d54107317faca,054c3d6634ff610c71c882d6f157bb34,delivered,2018-01-31 15:46:03,2018-01-31 15:55:46,2018-02-02 01:23:48,2018-02-07 21:36:43,2018-02-16,00d8ba74be3eee415fe4508fdd325ee5,2018-01-31
9035f15a94295b635575a49041ea406a,c94b3908acefde4afdccd5d19480fb36,delivered,2018-07-29 16:38:12,2018-07-29 16:45:12,2018-08-02 15:18:00,2018-08-07 20:32:57,2018-08-16,8a785dd71ace2ab66acc62c9a350af35,2018-07-29
7ca8c6011b3587c9b445d53f3f9adb7a,968ce67a6406f9ce7d36c002b9a018f4,delivered,2017-08-05 20:56:21,2017-08-08 04:40:19,2017-08-10 14:42:16,2017-08-21 23:06:47,2017-08-31,9b35de471677095813ac9de9f09db232,2017-08-05
2177c4dbccb15e413419402aa089b530,3a617ecc2fdbd4db7d5cb1e1a7d1f72d,delivered,2018-05-25 17:53:59,2018-05-25 18:18:21,2018-05-28 14:58:00,2018-05-29 19:12:49,2018-06-12,d2ae52b90d793a5db1282d7cac211d5e,2018-05-25
f1fd5b5e0656641dadc6c541b14e565a,c70796021032284b2a81ee9fb544ebcc,delivered,2018-07-16 23:56:48,2018-07-18 03:01:44,2018-07-19 06:33:00,2018-07-26 01:06:33,2018-08-07,0145c2c66ea8f764ed8d8015ce149af7,2018-07-16
430d466a33524c9953d7f2e25c6d3f06,7ff432548a663510d9acb9e2cdce7bff,delivered,2017-06-19 22:30:45,2017-06-19 22:45:08,2017-06-21 18:24:32,2017-06-27 15:34:31,2017-07-12,baedcb19f489f2687163be65ec138ce3,2017-06-19
c10d412026c4077b8e83acf0fea04eee,4e2311c6a3b9c353851097a679ede20a,delivered,2017-09-12 21:39:28,2017-09-12 21:55:21,2017-09-15 23:46:47,2017-09-29 12:24:06,2017-10-16,2becf6f55d064453e6d7abe2af4ad36b,2017-09-12
eb30798770640f6c632d2cab023ec58d,72084a1e3062cb9ca0a1996696556069,delivered,2017-06-24 15:29:07,2017-06-27 04:25:15,2017-06-29 14:38:29,2017-07-07 19:03:09,2017-07-26,0695109d8c6c82bacc86e47a6246c390,2017-06-24
0b1290e557f053467333ff365790c5a4,5e2ad1cfbbd5ff1eb07d7612befef8d2,delivered,2017-08-10 20:50:21,2017-08-10 21:05:14,2017-08-11 17:27:30,2017-08-22 20:17:40,2017-09-06,8aafd6bda51eeab15df1bb50be299db1,2017-08-10
85c467a504e5796387bb68fe2adcc256,2d54c241a27d5c40c9adf389868e0995,delivered,2018-01-12 14:52:12,2018-01-12 15:08:20,2018-01-13 02:36:17,2018-01-30 20:59:00,2018-02-09,3895f60f6e6a89e5cfb7b72ffdcdf7e0,2018-01-12
598e0b2b828aee119bc59b9fdb2fc1c0,a8a87a1caf071104b54b5b4007cebf95,delivered,2017-03-10 08:41:20,2017-03-10 08:41:20,2017-03-15 09:49:42,2017-03-20 08:38:23,2017-03-29,eb5d7d093a080f6b02d4b1ed626db0ff,2017-03-10
ffa5e4c604dea4f0a59d19cc2322ac19,665fe3b7ab435cda0fad0c3cbb1c51dd,delivered,2017-12-04 21:45:30,2017-12-05 08:41:20,2017-12-08 23:06:19,2018-01-03 18:53:16,2018-01-02,29d4565784c57f7afdd2d646af68f6d7,2017-12-04
d749b12b674090063683ff90a811c2b9,b8fcd6f3835b9a032151431616d904b8,delivered,2018-06-13 23:58:54,2018-06-14 00:31:54,2018-06-15 14:01:00,2018-06-18 21:57:47,2018-06-26,f3a00ef0f2eeaaf9fdb2a7ac1f71b576,2018-06-13
50bd37ee53e04d52626a5facdc6bd60f,22f0a5f1d9b119541cd707138fc7af7b,delivered,2017-12-03 09:41:49,2017-12-03 09:52:50,2017-12-04 19:53:59,2017-12-21 12:36:46,2018-01-02,df7acaa7ced61b6aca2395717da92ac7,2017-12-03
5c2b36b8e747abcc27f2d9ab379ed334,a8d9188653afcf6f3069b492036c41e5,delivered,2018-07-16 18:43:18,2018-07-16 18:55:21,2018-07-17 13:22:00,2018-07-24 15:28:42,2018-08-02,98e822621043452c53965fd383479215,2018-07-16
5da724ff5a80bda46d22e71266042fc3,556a9efc8a9312e1f261c97d5d7a6b1c,delivered,2018-01-19 06:36:44,2018-01-20 12:12:15,2018-01-24 00:05:55,2018-01-24 13:54:16,2018-02-05,b30c5c4aceeef24df74e41ff2c06f729,2018-01-19
55ceb70ebd207c9b9b99d516c1455c41,bb057009d6f61e78d6199046a4150cb3,delivered,2017-08-25 12:39:34,2017-08-25 12:55:08,2017-08-28 20:33:48,2017-09-11 17:52:45,2017-09-29,80751f3256e9ecc03c4556904f6d72c8,2017-08-25
99eeb78bee8fbf18b50b7bf7c861548d,018dd62c0671714cdcb377ee17e2110b,delivered,2018-02-15 10:14:39,2018-02-15 10:27:39,2018-02-21 21:08:58,2018-02-26 11:57:56,2018-03-02,50d2c24c89002a405af197bbc03852a8,2018-02-15
00c826c901ab01b6f598a8f0c9b56b82,cd46bd8781c25750e96a37a5e32450cc,delivered,2018-04-20 10:24:13,2018-04-20 10:35:25,2018-04-24 15:55:40,2018-05-02 16:28:42,2018-05-18,b9b70004b9682db7a07defb7ab1b475d,2018-04-20
28b4f52edd10d5e33bec326cf2cd2b2b,078a3d6f31fa48e82be1142201dc5fc3,delivered,2018-05-31 20:10:37,2018-05-31 20:33:12,2018-06-01 10:11:00,2018-06-22 14:08:37,2018-07-18,499caaca526b62cab2aced55fb92ca8e,2018-05-31
a20cc916845a71844957398db346f279,c11f3e65e2f6b4e1dd90688faa3dbd0b,delivered,2017-10-10 13:38:22,2017-10-10 13:50:09,2017-10-13 13:41:28,2017-10-20 20:08:51,2017-10-30,0ae906aa815502181b814a40b95068bf,2017-10-10
b5855f3b4fcb6687d1c662ddf8ca7219,212558d625bfca10fe8c45c38c09e591,delivered,2017-08-16 14:25:28,2017-08-17 03:05:23,2017-08-17 16:42:27,2017-08-21 12:13:28,2017-09-05,3a776a3c70e40184d61c0ffb598203b7,2017-08-16
c85f8d62f0ff14b199c3d6ea33e571ad,194be1861098744d7b0a1b72b54ec587,delivered,2017-09-12 16:39:56,2017-09-12 17:20:10,2017-09-15 10:25:35,2017-09-21 19:41:33,2017-10-03,1191b8939ed520464aa10221ce0e5f72,2017-09-12
28dee43776d6b4f40164b3dfabb8abe8,dec61c3d5b1137c55a379c8a79680e3e,delivered,2018-01-14 17:10:51,2018-01-14 17:28:40,2018-01-18 11:56:55,2018-02-08 01:04:22,2018-02-22,7b56ff9cf750b3aa992c18aa01dcf58c,2018-01-14
d6a776e8248eb3fa42586dd0ffc0f628,b833010ac6287bacb56c8d08bb49383d,delivered,2017-09-28 14:26:50,2017-09-28 14:49:12,2017-10-02 14:40:05,2017-10-05 20:27:46,2017-10-31,20b761dd3fe437a6990a84d6a706e3f8,2017-09-28
b164237e62593d65bd06208c4e722120,66603e8aa65d2bbfacd6ac73091ab6de,delivered,2018-08-07 21:45:03,2018-08-07 22:05:02,2018-08-08 16:02:00,2018-08-11 20:03:34,2018-08-10,42219828c7f1f7a96ea1053dfbd44a3e,2018-08-07
b2f3774fcd52e817b5f0e8b459e1db17,ca345cb1e12c873647c273a2a7985f92,delivered,2018-05-17 14:22:26,2018-05-18 01:17:40,2018-05-22 13:56:00,2018-05-24 18:36:41,2018-05-28,0ee0424f2f4840a282623b8eae4ccaa3,2018-05-17
10f34fc8a567488225794fc598c3c9f4,a5661a6d66cb30d6b8b162e39ca176bc,delivered,2017-07-11 13:50:28,2017-07-11 14:05:22,2017-07-12 18:13:01,2017-07-19 18:06:44,2017-07-31,8751ebbb2d446ef38d4cb0b5637d7a6c,2017-07-11
4ff21c3d42e746cac31c00b864aa71aa,f064e65677f0641ee4c4d4bfd7b006a3,delivered,2017-12-30 12:13:15,2017-12-30 12:27:06,2018-01-02 19:09:42,2018-01-13 02:37:06,2018-02-06,38ca743e351aa23acb3bc72cc4abdd1e,2017-12-30
cb4d02620d1bb019ae594478c5d9f565,11f4172096c062f11e0da57ad9817572,delivered,2017-11-16 17:01:45,2017-11-16 17:16:01,2017-11-22 18:29:35,2017-11-23 18:06:10,2017-11-30,a92d11f5026db84dd46d221a4e8cb449,2017-11-16
531327b704efe1a9d929abf11f2327f3,5dfb3b57a3a577cfe354a53ed89f01e8,delivered,2018-04-04 18:45:44,2018-04-04 19:09:02,2018-04-05 20:04:23,2018-04-19 19:24:49,2018-04-27,f9079882776e4b14a89a3726db712d10,2018-04-04
cb8bb113b2281d7f3ff7faace4549b97,9fedf885f07927ce1b8f72e8dc8d53b9,delivered,2017-07-04 19:05:07,2017-07-05 17:41:44,2017-07-07 15:37:39,2017-07-13 18:36:50,2017-07-26,57742ce9227b5281011a0b4249c83f0b,2017-07-04
abe1f28ecc30a29b9c57069511cf1464,8fac84d14f7113c17dc3e1776ff46296,delivered,2017-06-01 07:29:41,2017-06-01 07:42:31,2017-06-01 15:48:42,2017-06-07 17:08:24,2017-06-14,1c4531b533d17f3b316de441268e513c,2017-06-01
46a9ef8b08f32e1f040b1196a4b1fdc8,2c72b46ebe2c2bef0b66aa223dc030c4,delivered,2018-01-15 16:33:51,2018-01-17 03:38:27,2018-01-17 15:39:03,2018-02-01 17:49:51,2018-02-26,6ed5cfabb7f27d5a64e8f7ebbf0bff9a,2018-01-15
36be874974d3616f9a1a763d0ac1d655,43b2ae9283ff026230ccdeaa82986b62,unavailable,2017-08-13 12:26:51,2017-08-13 12:43:35,,,2017-09-01,8723d93402bcfaadc093eb5927ded5dc,2017-08-13
ed7550f3266dfb079a3460745ff50ebb,a1293e91d136444e576c0035052d1aaa,delivered,2018-03-29 18:56:16,2018-03-31 13:47:18,2018-04-02 17:17:37,2018-04-13 23:12:09,2018-04-17,5d87f370b083b7cfdce4c254a6855d37,2018-03-29
26343e0890fb597a7d91a607455a44fa,1f2c60e23c801c60338999c38d60edf9,delivered,2018-04-23 09:30:14,2018-04-24 17:29:34,2018-05-02 09:51:00,2018-05-15 18:04:57,2018-05-11,1cb9b211f64159ab4dcc1d3cd09a494d,2018-04-23
ae7f63dcdf18bdd6e2e49b6c4e4e80e5,6dae7e49ea1e08a25d1a62e37a824d78,delivered,2017-09-20 19:12:03,2017-09-20 19:25:13,2017-09-22 17:37:57,2017-09-23 12:18:06,2017-10-10,5a7af3a806a1f677177c71250708fbfd,2017-09-20
4fc7fe1bc9c28e87c8d77a28aefb97f4,88bca84dcdfc1a670621824006dc792d,delivered,2018-03-10 15:04:34,2018-03-10 15:15:33,2018-03-12 23:08:34,2018-03-22 17:31:19,2018-03-23,bfb916b45d07729be21abf9ac6e87fb7,2018-03-10
147208427d245b8404fa8a797aa0a2ef,83701dc4f775d9d3bb5acfdee605200d,delivered,2018-04-07 12:16:55,2018-04-07 12:30:14,2018-04-09 22:08:33,2018-05-04 20:56:41,2018-05-08,cd05473bb91c2abeb4d23ec8864d168d,2018-04-07
af4ba560f92b0f737ea82d5a3df6ade9,f17828c27a2226673d7021727fe55761,delivered,2017-10-29 14:17:54,2017-10-29 14:30:20,2017-10-30 13:09:23,2017-11-06 20:56:56,2017-11-23,5a5e7f5f823cff210ff66c41ce412234,2017-10-29
222a4ecb303224740262f80306a3a959,4471aeaec8f004755529eaa87dbfc0cb,delivered,2017-10-14 13:57:59,2017-10-14 14:14:12,2017-10-19 12:03:28,2017-10-20 22:26:24,2017-11-01,7963937e61896bef033f17fa08ae6a61,2017-10-14
1a8fc490b877717c9f69454713bd778c,ad9e1cb60c3304db33f3b82ac03726ef,delivered,2018-07-28 13:12:02,2018-07-28 14:30:34,2018-07-30 15:00:00,2018-07-31 20:28:38,2018-08-02,b6912148370a74f981fdc8db883ff879,2018-07-28
109310b984ccf0b1ad10fab91f3e606e,a4c3e7ece06a8874638098bc55eca9c8,delivered,2018-05-02 21:09:08,2018-05-02 21:35:30,2018-05-03 13:53:00,2018-05-08 19:18:48,2018-05-25,3348317fb89407920d146e376bb6e0b4,2018-05-02
81251f18621a822ad5b09593dfee4fc9,ae4dce7235e0aac52e4b82c54f7b18de,delivered,2017-01-21 14:17:21,2017-01-21 14:30:16,2017-01-25 16:51:53,2017-01-27 11:34:09,2017-03-16,f992b70fb02cdfadc277f493997515b7,2017-01-21
cb9988b1ddad2cfaf954e9ce3fec266b,41453f96f2b3f05b47e7ae5130235fac,delivered,2017-11-20 15:44:39,2017-11-20 15:55:21,2017-11-22 22:51:07,2017-11-28 22:14:56,2017-12-08,da0dbac492368d9e11797682413227cf,2017-11-20
2d5b43766328f55157cae1e85e1dd475,1cf843acf6ec395a5d32557daef95f51,delivered,2017-07-17 20:38:16,2017-07-17 20:50:23,2017-07-18 19:41:40,2017-07-28 19:21:59,2017-08-08,2fa1ba86d3139dd8c8d032dadc03559b,2017-07-17
551c21a415e6d07ce3dfc85e627f8aaf,6e34e7ad19aa3c59753c0ac91ccb34d9,delivered,2018-01-22 14:51:03,2018-01-22 15:12:50,2018-01-26 21:58:05,2018-02-01 22:42:12,2018-02-20,cab43f9f2e44d7ca1068a68a92846769,2018-01-22
cdaf4ca1fc6d2b2304d8224ea767038e,5af344c8fda521b985d571fd14ad8863,delivered,2018-07-18 22:04:06,2018-07-18 22:22:33,2018-07-19 11:44:00,2018-07-24 21:22:31,2018-08-16,63c1702eba36f6218141a34fd6139148,2018-07-18
3b0353c6b736cdf2d363f3ab39356b55,fa52c1392ff747ce86471fb9f1e16c31,delivered,2018-08-12 20:43:42,2018-08-14 05:35:20,2018-08-14 13:18:00,2018-08-18 18:20:36,2018-08-29,a0a85362b95bf3829d020df33f381c24,2018-08-12
100e8cf23e7518027376ac07ca0ec96b,b1ece3a99522857ca408477c7392134d,delivered,2018-02-22 23:30:05,2018-02-24 02:50:46,2018-02-27 16:29:11,2018-03-27 00:42:09,2018-03-15,69dbe3694c52cd73bcbf1bc7b0d5d3ab,2018-02-22
de33a2445c0420d1e174add3c1e5f10d,972c07347372d122743774d9dbfe186f,delivered,2018-03-23 20:48:23,2018-03-23 21:08:04,2018-03-29 16:28:59,2018-04-07 01:58:49,2018-04-11,d5f7753bda472d7560b6a4a0d97d33ac,2018-03-23
5380e1df2075d96eee6f72be7d0a0b7e,99cdefc0c0fc36244f69cfdd3fd64a73,delivered,2018-06-10 14:52:07,2018-06-10 15:12:11,2018-06-12 14:48:00,2018-06-18 17:25:01,2018-07-03,54b1a351f07d51e26ef8a27989c5fd32,2018-06-10
19a63dfb4e82d6891be7e35541f92a2b,d4fcb254f2c6ebf50c17180b99d046af,delivered,2017-04-07 22:07:35,2017-04-11 03:42:19,2017-04-11 15:48:20,2017-05-08 12:08:14,2017-05-11,a12b84183bdfdda2ebc41ba135c99caf,2017-04-07
9a7ccfdba447bdbce4d18b72bd69e594,fcf29fd085c55a85aec0ed8c7ec0db9c,delivered,2018-06-25 01:10:48,2018-06-25 01:35:14,2018-06-27 10:47:00,2018-06-29 21:19:30,2018-07-24,85dbccbef7a57af69e14b44c7a022291,2018-06-25
e3c0a2c7d7991400a33d2da89c86e6de,9a68e7f267f4936cad2624395496633e,delivered,2017-08-03 12:12:54,2017-08-04 02:30:41,2017-08-04 13:13:12,2017-08-18 15:52:28,2017-08-25,4bea2f413c9db0be72fb7007aec4fa1b,2017-08-03
61fc33807aeed929a157ce216496e6d1,418df4354874776f10838d1b905a3f65,delivered,2017-05-07 14:31:46,2017-05-07 14:41:58,2017-05-09 10:39:33,2017-05-15 09:49:59,2017-06-05,ce7f2adba6a97dfb4d0a338cb1073462,2017-05-07
421bc5d68665463cbb939db50847894d,a56e946b1a51b5f351a804c5a3fb0a8e,delivered,2018-07-01 11:05:08,2018-07-05 16:26:38,2018-07-05 15:03:00,2018-07-14 00:08:23,2018-08-01,bb68ab36f08cea9dece50c4d5f63e1ca,2018-07-01
c40611b989a9c073bcf8cee7d16e2473,528bd322bce33c932187d5a0115058ed,delivered,2018-08-16 17:20:17,2018-08-18 02:49:57,2018-08-20 13:06:00,2018-08-23 16:45:44,2018-08-30,8f6d9b749a09d7115e090a3b67115d0d,2018-08-16
e99d985e66dc0f62859946b86b5beaff,6124c09496fb12b9864ce0fa6673e6b2,delivered,2017-08-05 17:45:04,2017-08-05 18:03:28,2017-08-08 12:18:56,2017-08-09 19:28:11,2017-08-18,afe72600b2dc9fba539d82b5cb7b2544,2017-08-05
ccb47af9fe6426dd806a65340e7c6661,1889ac8eb65a179df94e56fd8c1ca933,delivered,2017-03-12 18:46:06,2017-03-12 18:46:06,2017-03-13 10:48:25,2017-03-23 16:44:37,2017-04-03,5b89d722f7f9e8a96939fb9324f39ce3,2017-03-12
e5da8f29d47b6f0f3ef8ab33a013a0b3,c6d90ccb4260e1d4ec587ab1463752c2,delivered,2017-11-21 22:54:55,2017-11-21 23:06:22,2017-11-22 23:09:00,2017-11-28 22:27:35,2017-12-11,aedcd7bb3292c0baeae60ea9e84a21e6,2017-11-21
db4c0f9244a52fae664f9325333250e6,41af2419322c61f51788df38ec8a41f7,delivered,2018-08-13 21:46:36,2018-08-13 22:04:14,2018-08-14 14:11:00,2018-08-23 20:21:55,2018-09-03,f268dc7d08e23c76a6cb9ae4a100ba33,2018-08-13
587e62e759875c966fc7e1508a542ab1,5d584843c87cd37be62bfdf6c31d7e5f,delivered,2018-04-07 09:37:19,2018-04-07 09:47:36,2018-04-10 00:22:28,2018-04-12 18:51:46,2018-05-07,045188ef7ed5f34c7c96d78b630dba29,2018-04-07
4ed7c2d75d3cc4d2c1c0d941388640d7,acbc7198e5d22a8c00ac90aceefe3172,delivered,2018-01-21 17:11:36,2018-01-22 13:54:58,2018-01-29 20:48:08,2018-02-02 17:32:34,2018-02-20,9f969d9db04ebeab0ec2c9b7ad3b5bbe,2018-01-21
d1ab8de1e279bd8a55e4135f83d5c599,665a313366dfc254e4cacfafd78b1fc1,delivered,2018-07-29 20:26:54,2018-07-29 20:44:37,2018-07-30 14:59:00,2018-08-01 20:48:59,2018-08-10,e8de5b217669cd4d0a026f97656068d6,2018-07-29
942456653f776d428a6107bb73f7780c,67a0a75c349534ca26728cbb0864a8f0,delivered,2018-08-14 13:09:01,2018-08-14 13:24:20,2018-08-15 17:41:00,2018-08-16 22:31:53,2018-08-22,3221c71be65fa0dc473a67aa36d85151,2018-08-14
616766a13421c758b45c1912e9e4fedf,0a4e3807c23f486dea9adbdf8c73a70a,delivered,2017-03-08 23:21:32,2017-03-08 23:21:32,2017-03-10 13:04:47,2017-03-28 16:14:54,2017-04-06,fc4249eb9b18bed24ff89e4a34eafa69,2017-03-08
aaa9bc5eac87e8aaeb039fe8f326d34b,056bd303752311d2f70fb0b259bca6ee,delivered,2018-01-03 12:15:02,2018-01-03 12:26:49,2018-01-05 19:43:12,2018-01-09 00:09:20,2018-01-19,7c77fa555c0ccf183a387e804fa6a61d,2018-01-03
b8fefe14a54d37e67e2d26ecaf02760b,7e05131e3f56be54a923fe156b2f60c4,delivered,2018-04-30 18:54:46,2018-05-01 18:54:09,2018-05-04 12:27:00,2018-05-28 14:25:35,2018-06-11,de1ab95f073a4e0a7686d0e3b65bf116,2018-04-30
4b9fc2bcaef1126cf5e22ba8afecfe1b,596265535ecbadd15573817fe7215540,delivered,2017-06-12 19:25:56,2017-06-12 19:35:22,2017-06-13 12:07:50,2017-06-16 14:36:20,2017-07-05,08adae45275ef9f22a5d5b043d50e8b9,2017-06-12
1f2da380054dd73bcc225a43d6a31e7e,817a121930279f106d917613b3efa66b,delivered,2018-02-12 14:42:07,2018-02-12 14:50:56,2018-02-14 23:36:28,2018-02-20 00:04:30,2018-03-12,c6130f9bab8b8d3c11a193ed361b88c4,2018-02-12
abe1510142dfb06af1ac26425e538cf0,8b63238f689ca4597d7b3f4aaf5cd29c,delivered,2018-02-10 21:09:16,2018-02-10 21:35:25,2018-02-14 21:38:46,2018-03-07 15:59:17,2018-03-15,373e6c141f9ebfe5f8e0f9be221e3a22,2018-02-10
4ed7a5d31f58c9c3b20a61e3927db6d9,0013cd8e350a7cc76873441e431dd5ee,delivered,2018-05-07 23:25:09,2018-05-08 21:11:37,2018-05-09 15:21:00,2018-05-12 15:44:57,2018-05-25,334fed5abcee3aa96c13f1432703e1fd,2018-05-07
56a48a43efddc6a4b83370214985d366,e296f370073304f8f94c9b22494dbd9d,delivered,2017-03-31 09:16:32,2017-03-31 09:30:15,2017-04-05 08:51:20,2017-04-13 16:07:02,2017-04-28,a4845a219e5afb69b33198918ad46936,2017-03-31
c58c26b5495d953f484006db77adef1f,6049a34e4b3cbda73b1bc05212cbd25a,delivered,2018-05-29 10:33:13,2018-05-29 10:50:18,2018-05-30 14:34:00,2018-06-05 00:48:44,2018-07-03,52bb1f6c53b3cac6719677e7e8957bc8,2018-05-29
e710c7377f2f29b3d369420d354b5abb,5d46c6f789e97a55abccf09df0f3c597,delivered,2017-08-02 16:29:21,2017-08-02 16:55:12,2017-08-11 19:14:07,2017-08-21 20:55:06,2017-08-30,dc0e76b29aa87a9ab0c8b835954b9078,2017-08-02
1e8c2b738fde51956f03f1a59bc86003,7df232c2148f611e1be8e3fd383599e0,delivered,2016-10-08 10:07:25,2016-10-08 11:04:57,2016-10-21 09:30:22,2016-11-04 14:32:04,2016-12-14,3d92572ad56193b186bf331850e189f5,2016-10-08
5b16a0b742790fb2d2d775808a9d54a5,a7d883e36372d36485c93fd1fd7cbe9d,delivered,2017-04-26 19:25:47,2017-04-26 19:35:15,2017-04-27 08:07:06,2017-05-04 12:06:28,2017-05-26,9d8130e675ce6c1f24cd519444f7642b,2017-04-26
2a713182dbde7d2e65a7202532650f44,0c4a28dea9556c536b703f5039158dad,delivered,2018-04-03 11:43:35,2018-04-03 12:09:27,2018-04-04 00:28:39,2018-04-10 16:48:27,2018-05-02,a11ae0d97ead5323440b4b5f0cc0e135,2018-04-03
d389978f75f6d3117c609815dc04b989,75c4bb4fe41386400f81e65c63159504,delivered,2018-06-15 21:41:47,2018-06-16 21:37:01,2018-06-18 13:59:00,2018-06-21 23:26:44,2018-07-16,8b1371508a4fe08f6f680705db002f01,2018-06-15
fd070fd4c20c9565ac04da20f7a1fada,22ac956b832047011bc3022b149e4b2f,delivered,2018-04-25 18:57:38,2018-04-25 19:12:30,2018-05-08 07:41:00,2018-05-12 13:58:47,2018-05-22,e55fa64b13bb3b9a2f54b9343cae6581,2018-04-25
9d3496ddb05aea6b6b9a675bfa89e5ad,68293f5eb1a92bbd621f234e0a0f22ac,delivered,2017-12-05 21:32:13,2017-12-05 21:58:38,2017-12-06 17:53:11,2017-12-11 22:07:54,2017-12-21,dddf150df4164dd49f6c7a86c9420520,2017-12-05
8a89e623c844986aeea618a70d472556,10a1ee2e9f087707afa9f300243ab482,delivered,2018-01-09 10:15:09,2018-01-09 10:29:34,2018-01-10 20:23:07,2018-01-24 17:54:57,2018-02-02,f8e98b9f482b9aaa4d274a6c8a1bce2d,2018-01-09
c26761f0a70b2b7e0bb437aef502ffc1,7bd2a7c581d9aa3cfabb4cdc39f0d0ee,delivered,2017-12-21 20:07:03,2017-12-23 02:17:36,2017-12-26 23:25:05,2018-01-03 14:03:06,2018-01-17,bd52485d06bf58d4601c482697b5d9cd,2017-12-21
0f286dcb49da58061b9ae488027e4033,227b4936c1389b6feb5a4b2d5a1a168c,delivered,2018-01-23 13:02:09,2018-01-23 13:18:22,2018-01-24 21:10:01,2018-01-29 18:46:39,2018-02-07,6e44eae728cc7202d1f6e3f5643a7977,2018-01-23
424eeeaff348acfc04a2d06b6500cd5b,ea66b3c00214b4c4db52efe534708357,delivered,2018-02-24 23:27:07,2018-02-25 00:35:24,2018-02-28 23:44:28,2018-03-07 21:05:14,2018-03-21,a3da3b053d29f62917712f2b12c8f9ff,2018-02-24
67635ee59cc01a1b24d94ab2533d2823,d7035146da2ec73187aa9140b20c7c27,delivered,2018-05-30 16:29:41,2018-05-30 17:57:24,2018-06-05 08:32:00,2018-06-23 13:08:19,2018-07-17,5f4c3afc3034bd9766d6d9565b67d042,2018-05-30
eb72ac18675db60b2a155952fb89e3d9,af959a566c69d8a74b81ba90648f6cd8,delivered,2017-11-30 10:48:32,2017-11-30 11:02:38,2017-12-05 23:52:35,2017-12-12 16:58:44,2017-12-21,5bdaa4b24e612053513384e8dd5fa752,2017-11-30
3a37c2a63fa3597713318ab40e3495de,8d7c4f33708c87bd9c8d0773c3b6428a,delivered,2018-05-04 19:54:04,2018-05-05 02:53:42,2018-05-07 12:33:00,2018-07-06 17:16:53,2018-06-13,99bb9444a0d519931b13e1c47e2bb51e,2018-05-04
bc3fdb57bf20b2ce17d66ab9750415ba,c95b27f706ec07cd720330a9116df8b9,delivered,2018-05-16 18:32:58,2018-05-18 00:37:21,2018-05-18 14:57:00,2018-06-01 18:02:18,2018-06-07,d524e6d0027c6e4f03e9969e2613f1dd,2018-05-16
5fc078d078575df6ce8980acdcfb6dad,439adb41e2c206f3f1a7825ce4708083,delivered,2018-02-10 18:04:57,2018-02-10 18:25:44,2018-02-14 19:27:59,2018-02-27 14:25:26,2018-03-13,350879f9e91bfdd2f0ce335234c07cf6,2018-02-10
c11d9ffa0f049e01a764c954c7494aa0,2cd38dd98e3f9cbe9f4e0dc4c0acfbff,delivered,2018-08-05 17:22:45,2018-08-06 17:50:18,2018-08-08 07:31:00,2018-08-13 19:34:40,2018-08-16,77ae8593ddc144fec682767757867975,2018-08-05
7f03a9c134207b5f149bfc911469608a,ff56eb69b7e7abdebc5aa8d66c18df85,delivered,2017-06-13 14:25:07,2017-06-13 14:55:30,2017-06-14 09:08:16,2017-06-23 12:12:55,2017-07-18,3be412c1321c061d6f85c5e41530ce2d,2017-06-13
7f2f03f3b7e68c7b510177e04cb2b40e,3a03bf7cb204cf7573e6e88b6ff92c1e,delivered,2017-10-07 09:42:02,2017-10-07 09:56:12,2017-10-09 19:52:45,2017-10-10 14:29:05,2017-10-25,a8f8322acce094f1b97d463b74ae94c3,2017-10-07
04f7a2c35c535b543c6042ee73b125f0,2fc226fece39c0126543c387768ad5ac,delivered,2018-03-02 17:00:47,2018-03-06 03:55:36,2018-03-09 17:45:31,2018-03-23 23:18:47,2018-03-29,9a8809085c8feb9360f282fba0a6d87e,2018-03-02
3891b49649a70373bb5e93414f86c525,4d176ff8ba9e6fe3d650dd2aea78234d,delivered,2017-06-22 10:03:37,2017-06-22 10:15:18,2017-06-23 12:22:09,2017-06-28 15:32:34,2017-07-17,9639fe4e2473b032f65bdccbbd35ad19,2017-06-22
880a2443009447fa88b518da4806fc93,e4f06fec45100ba91af9bc48190aacf0,delivered,2017-12-28 20:25:00,2017-12-29 13:06:45,2018-01-03 17:39:01,2018-03-11 21:06:06,2018-01-30,5988cee3152a64b959afb5a6eeb87a4c,2017-12-28
60829fc61d953ee429eba3f03c9b252d,c91581a1eb4e566997896347d647870c,delivered,2018-01-20 19:53:44,2018-01-22 13:57:54,2018-01-23 20:59:05,2018-01-29 16:47:03,2018-02-14,f1a5884487b55d0f9fe6cdca5f7b9d80,2018-01-20
fc1d4a8adb62b480c591455600955b2f,0260bd7b3bf780786cc7ad501287d9d3,delivered,2018-04-28 13:09:22,2018-04-28 13:34:21,2018-04-30 11:27:00,2018-05-04 15:56:54,2018-05-21,eb3095983a1fd67f85ebea5f5db3a52c,2018-04-28
1780bf20851f38ed7aae08ee09438f6a,0bfe96ed9f807da029472429981cfa99,delivered,2017-07-05 23:08:36,2017-07-05 23:23:52,2017-07-06 18:04:02,2017-07-13 11:03:17,2017-08-10,18f8e0ebb3ee98e9f3805f92c3ff7431,2017-07-05
3b3b650dac6b46fefb61189bb2e3c4e1,2a2e6660c4dbee3c79deeae65a419908,delivered,2018-03-10 21:02:42,2018-03-13 04:48:01,2018-03-13 19:58:48,2018-03-29 17:26:46,2018-04-03,30e9a737d78837aa7ec75a9332964964,2018-03-10
abbd22e94f4b4ad624a8d362399d7c09,668393d03f3709896ca5d71fd0595366,delivered,2018-06-19 20:23:12,2018-06-21 03:39:03,2018-06-21 11:05:00,2018-06-29 08:46:37,2018-07-25,1b44ad46d1ca52f8f36942a092bfe1a9,2018-06-19
0d07bd4924272608e7804bd91993ba33,259a34dc549bc1b416006cc0200cfdc9,delivered,2018-07-17 19:18:27,2018-07-17 19:30:14,2018-07-18 14:20:00,2018-07-25 15:17:32,2018-08-07,ebacfd29da53bf639e7e7e70f27a72b9,2018-07-17
452045e853d5fa6f87a6ebed979b3134,37ffb68c39bd78aec200de254446972f,delivered,2017-10-07 17:14:13,2017-10-07 17:28:18,2017-10-09 22:12:47,2017-10-18 18:19:59,2017-11-08,e8ca08f200cf74746cd5e671efcb61f3,2017-10-07
6bc359e26c859e9a1d3d1c157f38c930,709149b32638dbe23f758382c325536d,delivered,2018-03-18 22:43:15,2018-03-18 22:50:43,2018-03-19 17:03:21,2018-04-04 18:48:28,2018-04-12,4c11b2afb93173f9689f48c685739e0a,2018-03-18
7c2484624f578a3a2598f6192b66db93,c323d05c1f04c08600ecb147a07526e7,delivered,2018-04-03 15:41:23,2018-04-03 17:10:24,2018-04-05 17:56:35,2018-04-17 00:18:33,2018-04-20,9a6f808e3b85babc574ea2f425415936,2018-04-03
06fc554a38ed6385ac2b121049b5cad5,f97aa3d662919e6238fb759c9e657bca,delivered,2018-06-26 13:30:57,2018-06-26 13:56:03,2018-06-28 07:39:00,2018-06-29 15:12:20,2018-07-11,eb62341c2e0d1a6159704f1137e235fe,2018-06-26
c933809ecd707fa9bee6a810c2999471,9b5934f5392dd4c1ea12c79782b962c3,delivered,2017-02-07 19:52:19,2017-02-07 20:10:12,2017-02-08 14:02:56,2017-02-13 07:53:38,2017-03-08,de1d40288fb4828a0297165aeb57ee24,2017-02-07
95af79101a51a0ce90a23751947bb016,f3de726f5031ab027355db2d15f702bf,delivered,2018-02-14 13:37:10,2018-02-14 13:50:33,2018-02-15 20:08:07,2018-02-16 19:55:08,2018-03-01,f52884557960a5ddd82e8262922a83c2,2018-02-14
02d63a39dc1b1a296141b46d3db19415,e20a7db0678d2a167680a003fc25d4cd,delivered,2018-03-31 19:40:39,2018-04-02 19:07:51,2018-04-07 01:19:25,2018-04-13 18:52:13,2018-04-19,e89757d565be1e7784b3aca4432077c3,2018-03-31
8eafe33c3ac9810a01fc59070cdd4c5d,00a7f6b5d305216d76ab1accbfe123b9,delivered,2018-03-20 18:39:00,2018-03-22 02:35:40,2018-03-23 01:52:01,2018-03-23 19:58:37,2018-04-09,75a3b07e6c337d98fcf56aefb228b11b,2018-03-20
d038a85c57a692238563950e532c2efe,291717783772f0e6961cb1d303dab54c,shipped,2017-10-22 10:41:39,2017-10-22 10:56:10,2017-10-24 18:32:27,,2017-11-16,91fae9c4bcb80d27cd7d91cf0309524a,2017-10-22
a0c2d39f96821598c6189528ce768919,183a4455c3731896ae2d0755c217bc88,delivered,2017-10-20 11:31:51,2017-10-21 11:28:11,2017-10-24 21:48:36,2017-11-01 18:58:26,2017-11-14,fedd4c0ac17d47475d8178c97f1724fb,2017-10-20
b2d88e5f45a8f1f5215146eeb66d49c7,6a324b18b0839168aba2a21a21044ebe,delivered,2017-10-23 07:19:41,2017-10-24 07:14:14,2017-10-30 14:04:18,2017-11-06 20:38:42,2017-11-13,0eb960a14a7ba0fa05267161509be5cb,2017-10-23
62d9ca533d6de05e39164160d128e37c,1e8a8d05272891d65ecf047d69003b65,delivered,2018-02-07 13:14:42,2018-02-07 13:30:16,2018-02-09 01:05:58,2018-02-27 01:35:21,2018-03-14,4d1fe8b6f5e9ee044a14467c8b2832b6,2018-02-07
ae30b3b7dd8b6106d53a9c4af07736f2,faa9633934fdf587270c2dbef19157e9,delivered,2018-02-16 11:12:03,2018-02-16 11:27:40,2018-02-16 22:58:46,2018-02-20 16:38:09,2018-03-05,4d5915fe06858abbb2ba296233c78fe9,2018-02-16
098a17af931400d21917fe24f3346b53,e68621623204cede934062122606c445,delivered,2017-08-17 22:22:29,2017-08-17 23:15:14,2017-08-18 15:57:53,2017-08-31 16:50:39,2017-10-05,57894e99b1d318e9b6b0d5e07302e4db,2017-08-17
edad550f8e089f9f83f9826bd21f1095,1c874c4cc51fa0c5401a51943cc3a174,delivered,2017-08-08 16:33:19,2017-08-08 16:45:13,2017-08-11 19:56:31,2017-08-23 20:46:51,2017-09-01,5ff2f91ae5ef493cf7070eeacc099110,2017-08-08
9f699ce7bafc4a8b7bfbaf5308eda3f5,3102ae1e7918e0dcc796dc85f76d6423,delivered,2018-04-17 11:12:01,2018-04-17 12:12:18,2018-04-27 14:13:00,2018-05-03 20:12:12,2018-05-11,7ee3337a3e560366f3afd608d006e5b6,2018-04-17
2d870e500a9ffcb5c5f0723f198a7e21,57baed11398d49e7a919f70060d47244,delivered,2017-03-29 15:13:41,2017-03-29 15:45:23,2017-03-30 10:07:06,2017-04-04 10:58:04,2017-04-26,219bb2c5adf87259d3018f6f14220641,2017-03-29
314bb8fdc89b0dafae07549f10aaa5e0,e05514718390ea5c5de170c243b30fad,delivered,2017-07-25 02:10:14,2017-07-26 02:23:52,2017-07-26 17:17:43,2017-07-27 19:06:50,2017-08-07,af7854a3570a864baa19f099c67d3e07,2017-07-25
817128a33949f3540f2456c11ce3c327,aaa1f05f871d2a7f27e32e58981abb26,delivered,2018-02-08 18:34:57,2018-02-08 19:20:33,2018-02-09 16:52:11,2018-02-17 00:35:11,2018-03-05,428039d3de9f89d741847ebc5ad02069,2018-02-08
dd936caa925da4ddcfc308b3c788f643,af3cefcdf63b8f9f8f86f3bdbd41a7da,delivered,2018-03-19 16:58:15,2018-03-19 17:10:22,2018-03-20 20:51:12,2018-03-21 21:46:35,2018-03-29,123357ae0d4f5d536b1215b1bbb3093e,2018-03-19
f80646cba3e7522337da486bbc45d92e,bd7ce3ba9b01727ccd4f912460f4ec00,delivered,2018-06-07 18:54:10,2018-06-07 20:15:03,2018-06-08 17:29:00,2018-06-11 19:03:27,2018-06-18,c657a8944f0b0d7a561e0d661c75fcf6,2018-06-07
9e988375e80989b9914b695cd57654cb,82aa082265445ca12f36a984d1e854e2,delivered,2017-03-14 21:38:45,2017-03-14 21:38:45,2017-03-16 09:39:41,2017-03-21 11:24:08,2017-04-17,b074c5fd5227ea0b4413740c1ade2324,2017-03-14
e81d8a5a53ef4c96396e5aa7115cafe8,85b199399591dce9df66182957ef15c0,delivered,2017-09-21 15:17:42,2017-09-21 15:30:19,2017-09-25 18:16:06,2017-10-03 21:51:30,2017-10-19,5a0147a4dea9567394f45af36262e7d6,2017-09-21
667bffbfbef7d6f2a5b50820693c9bfb,212b1ea1a7a445bfc0ee02ea88e2da16,delivered,2018-05-14 19:03:59,2018-05-14 19:29:54,2018-05-16 14:18:00,2018-05-23 12:16:53,2018-06-05,2fdf0e3721cc331df29ae59f11786e87,2018-05-14
08b3f1bd357ed38db6e89e3e0f3899be,8da4534bcce0e3cf6cb5cd6f31948164,delivered,2017-11-14 07:51:51,2017-11-17 03:50:41,2017-11-17 18:28:25,2017-11-20 14:46:56,2017-11-28,8bf0cea3dd9dd56ec55b3e62fb3b3651,2017-11-14
ee5379a07b9b2b02a0909b59c2bbad50,16abb699caf18836615876f21773f9bd,shipped,2017-11-22 11:42:36,2017-11-22 12:26:46,2017-11-28 19:52:51,,2017-12-15,948173a19cc29408c9c1e929ce56fe7c,2017-11-22
f1e5e253b034f7de87843fe5dc8693af,36efd32104e8b48038e2f4dee07c3935,delivered,2018-01-11 21:16:23,2018-01-11 21:28:27,2018-01-13 02:51:49,2018-01-23 20:23:20,2018-02-02,813eee947cafda0ed444814b805325f1,2018-01-11
f724ab745f332c12bb5b6019127ee2ff,e177f911a1ecf3e1b3afec5cd8e52c57,delivered,2017-02-19 17:14:13,2017-02-19 17:25:15,2017-02-20 09:50:50,2017-02-24 09:05:36,2017-03-21,e02f4ec2fafb5a9d9949b8c84d813aa4,2017-02-19
f713193c0aedcd48b6a64d676f07bb9f,d3091a8817c68a2a62dc728cc51daf3c,delivered,2017-02-24 21:13:45,2017-02-24 21:25:13,2017-03-01 13:37:32,2017-03-03 14:07:38,2017-03-17,af89dfdbf29841c052dc39485be958e3,2017-02-24
14b28f4fb9a1df2b37343827f4ee5a33,be9bdf8c1114f88292e34320765d19ae,delivered,2017-12-03 14:39:31,2017-12-03 14:55:29,2017-12-08 19:17:06,2017-12-11 12:28:07,2017-12-20,eff73c1541fa0cd1499181dda22db46a,2017-12-03
464c56c0e9eba538c9ca10f000cdb6d3,1368039bfe97fbfba5f35b31d710ff21,delivered,2018-03-24 14:33:17,2018-03-24 14:48:18,2018-04-04 01:48:54,2018-04-28 01:42:46,2018-05-18,c7e227dab6ec362147078d9cb4e2af63,2018-03-24
a9d0ac57129ce34681afa30e779f3466,0a3be6888566894976245d7cb56c0235,delivered,2017-10-12 11:06:55,2017-10-12 11:26:09,2017-10-13 22:45:56,2017-10-19 19:43:57,2017-11-06,2ec230304bd21a8c64339ea68945437c,2017-10-12
eef2a734891eb6818c0c74bce088a982,9e04bd3d7097e259b856e101b34316c1,delivered,2018-05-03 11:43:17,2018-05-04 02:51:34,2018-05-04 15:19:00,2018-05-17 20:06:39,2018-05-30,a6303dd3323275ac03b5c38a55a16659,2018-05-03
8a7475fa8d31843f714aecb8d07a1113,3a6450516782b7eddf8bd04dba4245bc,delivered,2018-01-12 14:22:18,2018-01-12 14:32:28,2018-01-17 02:33:54,2018-01-25 21:09:10,2018-02-14,c42160368622c0f30dbb43756bb6fe09,2018-01-12
1c5c09941abea6cfe0113f886c8ca0b2,8857f9335fffcdd1a4ac712aeca02cf8,delivered,2018-02-28 09:51:07,2018-03-01 14:30:06,2018-03-02 20:46:30,2018-03-09 17:01:21,2018-03-19,e1c06d584ffe714aca32a034c7350a42,2018-02-28
a2ea4752ce11b235a73469d2a849e358,392b6d3ffab5331028e208c67f87e8fb,delivered,2017-05-12 14:32:00,2017-05-12 14:42:59,2017-05-15 11:40:40,2017-05-29 04:40:01,2017-06-14,ae79bfbdd5dbdb7ee7e4bb651d0f3827,2017-05-12
d77b625d7bd6a5b92b35d07276d9f013,dca4146c656edd385afbab8f8e1462b1,delivered,2017-12-11 21:19:09,2017-12-11 21:34:11,2017-12-12 21:58:46,2017-12-22 13:12:56,2018-01-08,f80242bdb5b97002ad7a221092503c3d,2017-12-11
80622ac34e41723343e7dad62702672e,a91a79adc255815eb382fa4af5396787,delivered,2018-01-02 11:03:27,2018-01-03 09:50:27,2018-01-09 12:10:25,2018-01-25 18:28:54,2018-01-31,c67b28ffbfb4ed3138fbf45a4b54c708,2018-01-02
e72e5c3d6b68cd8c81559186a0ebc58f,8b57633f0546585642f35406ae655f1c,delivered,2017-12-15 23:25:57,2017-12-15 23:33:24,2017-12-19 22:17:03,2018-02-01 16:58:40,2018-01-16,ca9fc1afaa87b284072deec8439d93f0,2017-12-15
f1aae2e4d1a714c4204f8fbfa09ea9b1,559502e5d84db9c6cc1145b707d3f813,delivered,2018-05-20 23:13:50,2018-05-22 02:15:44,2018-05-24 14:54:00,2018-06-08 16:14:44,2018-06-11,c10e8e757cc083be340549168e9abcc4,2018-05-20
a8b96b7d5604088bca60e1822012c0cd,5bbdcb7c7f536aeff877f51af0f02b37,delivered,2018-02-15 14:28:19,2018-02-16 07:47:04,2018-02-19 23:13:16,2018-03-17 16:24:37,2018-03-16,023614eec7dadcb125d4408c1e9634d1,2018-02-15
8f7c88fa60b5aa1c1c2cff8a775bc4c0,1cfe7bea2419ecc52b02add3c821ced4,delivered,2018-05-04 17:02:02,2018-05-04 17:10:24,2018-05-05 09:30:00,2018-05-11 22:52:31,2018-06-06,f55068b90747579e30d2e055155cb93a,2018-05-04
80edf4eb613d62529b3d17d7b34542e7,6e793243b85efda1ed949344d4d66e6a,shipped,2017-12-19 17:32:47,2017-12-19 19:32:02,2017-12-20 17:09:55,,2018-01-17,300ce6f66a0edf22e2f6692f8fa03278,2017-12-19
9e1b7a7d17aa42da16ee605b5fee2e0a,dae065b8336e64030d11819d033138ac,delivered,2017-01-25 13:15:38,2017-01-25 13:30:10,2017-01-26 12:06:48,2017-02-03 15:53:49,2017-02-22,c80bc315b52899a6cfc2af82c9200962,2017-01-25
baa0f5d368dde908b6a2e98158bc16af,8bc87de58bff48516a1abd472e01183e,delivered,2018-03-08 23:05:08,2018-03-09 00:30:09,2018-03-12 19:05:10,2018-03-23 18:51:27,2018-04-05,34e8f217a80ccf05d7f69a2c5a1f9039,2018-03-08
15fc22aad8d1b227891ce61eff4128cd,732106e865d8889d31acf10c70d3c234,delivered,2017-08-27 14:15:47,2017-08-27 14:25:14,2017-09-06 21:21:58,2017-09-11 19:16:30,2017-09-14,5f7f2f316d856064acee6f1db7c9f63f,2017-08-27
5a133748846e3aa5322b5d4004d4eca4,d113ba2a1ea2b9013508861db82a1ccf,delivered,2017-06-05 19:15:29,2017-06-05 19:25:13,2017-06-06 14:31:31,2017-06-13 13:02:27,2017-06-28,c3b6ee89655d402f24c8881b2904b1ba,2017-06-05
74e75761e6551e1853af01ea24bc8457,e7b54340e2a55c205e77d9e4928f39e8,delivered,2017-09-13 14:44:40,2017-09-13 14:55:30,2017-09-14 17:17:54,2017-09-19 19:55:51,2017-10-03,d66553088d36672568a90d3b96501421,2017-09-13
31ffa8ba6783f63fb04cc2e56d56d547,842a2f5aa4d0138b044de19a243ae283,delivered,2018-02-27 23:09:37,2018-02-27 23:28:25,2018-02-28 19:23:06,2018-03-26 23:54:58,2018-03-27,1ee5a10ef9c5e96ac9a7ef03a6d79cb6,2018-02-27
56ff65d43900d5ae69573bbf9369c417,f0eccf2fbfbabd057700f535e10d1493,delivered,2017-10-30 18:23:07,2017-10-30 19:31:41,2017-10-31 17:24:53,2017-11-06 19:35:14,2017-11-14,6995203f8a5ddbd2fad3a9df1e099a51,2017-10-30
9d007ac7c623e7e78d49d44d67152788,c6afb8cbcf5fe74297b31f1321962633,delivered,2018-04-22 15:51:11,2018-04-24 19:08:41,2018-04-24 17:44:57,2018-05-07 23:03:33,2018-05-11,646f4ec655b5a28f0c84e597b5c0d31a,2018-04-22
a231611f82f7625fba490466e2606aa5,ce7eca55be37e75d368b4a6d903e5b2a,delivered,2017-05-28 23:28:36,2017-05-30 04:50:20,2017-05-31 16:00:05,2017-06-06 17:37:19,2017-06-21,2cc084570663c90c08e092c92e799a3d,2017-05-28
46a807245872949237fba36f6f00b2b4,352b6f640af26b0d36b6d2c8760cf5d2,delivered,2018-08-11 14:56:20,2018-08-11 15:05:17,2018-08-13 12:19:00,2018-08-17 01:06:38,2018-08-23,8356af66c0132c203bc366a3d6720ca2,2018-08-11
1daac984799baadc362aa381ac57d65f,518147c912f543f0667a98ee2380274c,delivered,2017-11-02 18:22:11,2017-11-02 18:35:44,2017-11-06 20:18:47,2017-12-01 18:48:48,2017-11-28,d1b21f16bbd6e71130dbb476a82274d6,2017-11-02
0f4b5614da144989e2acc5291af24357,a3343433090af3beb34febb7899bf0ee,delivered,2017-05-03 13:26:13,2017-05-03 14:02:26,2017-05-05 08:44:36,2017-05-09 16:15:10,2017-06-13,211b37b962213af58254f17ccf855d67,2017-05-03
756a455615f1d5b5c586b29c2ba67a89,dae84c4a5990d4a1f794e7dad8a5a0f9,delivered,2018-06-05 22:56:24,2018-06-06 22:53:20,2018-06-11 09:04:00,2018-06-21 15:03:52,2018-07-18,e58f68be7db0566c2110d014e632d2c2,2018-06-05
144bc17d37931097a63d8dbb87bfd2a9,41882b0f934c20a88f3d44f382d5e376,delivered,2017-10-24 12:22:30,2017-10-25 02:08:37,2017-10-26 13:27:49,2017-11-06 21:32:14,2017-11-14,5e21109503a635f7ad93db18a7ee4a21,2017-10-24
0cf8068e7b7318f0e518be23c903b9f2,3aa3badf42189513115df5858d5c2678,invoiced,2018-08-04 13:38:30,2018-08-04 14:24:15,,,2018-08-13,204cba313368c5a47c2fc7856eb8a499,2018-08-04
8c564f7121a056c75bc5a1357cc4c5aa,9ea4d3a8771532818add28222e15192a,delivered,2017-07-22 17:22:21,2017-07-22 17:35:21,2017-07-27 19:35:51,2017-08-16 18:55:37,2017-08-23,ae8abb9981b8449c12f0d4fbb907f07b,2017-07-22
931a32b4ca3fdc36741af29ea645d8bf,4e067fb6e20c27d9fb61342c64647181,delivered,2017-12-06 14:44:14,2017-12-15 10:41:08,2017-12-18 21:14:45,2017-12-21 21:34:51,2017-12-26,c00aa9a5a9bf82a02e144e2f46f62bda,2017-12-06
892336b9ce0d1f033165460c45e1048e,3f118d3879be515060d11c8f6c2318b1,delivered,2018-05-06 23:04:37,2018-05-08 19:35:14,2018-05-10 16:21:00,2018-05-14 23:32:45,2018-06-01,0e12b8ed5583cac2bad654d283986b66,2018-05-06
a0965651e1058585af3d91274b10886e,1d257d261370603b279e82cea790cd1b,delivered,2017-07-04 17:27:56,2017-07-05 17:36:08,2017-07-07 12:55:35,2017-07-24 18:10:12,2017-07-28,700442f1551f01d60b312117c983bd4a,2017-07-04
51c8ce1ad9c1fdebc69cc37fbff27f5a,795c01cbad1e9ef6aa33ffd9064d8df2,delivered,2017-10-27 00:12:27,2017-10-27 00:26:48,2017-10-31 21:08:30,2017-11-15 09:32:24,2017-11-28,833fdc9a07eb87df2bf3424fba6fa7d0,2017-10-27
5c4a271f7f9f414a55eff14221369bf9,61fab14ef1f144bc9c8b59b8bac933cc,delivered,2018-06-03 20:17:27,2018-06-03 20:31:28,2018-06-04 15:17:00,2018-06-09 10:06:39,2018-07-16,e0beede6bf62d486dde1a2e71764ecb5,2018-06-03
b353cc5afe48891188abd0ccadf3f543,d82edc41fd969ca260ae3c45ca700ca9,delivered,2018-08-19 19:30:26,2018-08-20 12:55:35,2018-08-20 20:03:00,2018-08-21 17:14:38,2018-08-23,93303249f949b7cf03fec7605ca3219a,2018-08-19
42418c42293aca63852695004c162627,781fc3c9b34441add54ca7b29ba3e52c,delivered,2017-11-28 11:25:45,2017-11-29 02:18:30,2017-11-29 22:04:59,2017-12-09 00:13:50,2017-12-18,818e78151fbc43bcd2a42097399b33a4,2017-11-28
884e5d3456c8de94634174aa2fa4cb5e,9f5aeea297d6ddacd404fbb57347c6ef,delivered,2018-01-26 14:47:07,2018-01-26 14:59:07,2018-01-29 19:42:53,2018-02-02 00:51:31,2018-02-19,7eb4eb625e5c407cd636dd8e1068a19c,2018-01-26
17eace59710758ffaf764826d45398c8,d6ef290948702fca998d9c28ea076e90,delivered,2017-02-22 08:36:14,2017-02-24 02:43:06,2017-02-24 10:50:16,2017-03-02 12:07:59,2017-03-27,a200ff89fc6808fc9ea9c0a41e040118,2017-02-22
0df120be8a76db470b19ce0fbcf170da,276b9e5886dacbd1a37c6d7c55ab0220,delivered,2017-11-28 11:39:04,2017-11-28 12:27:18,2017-11-29 20:05:33,2017-12-08 16:34:53,2017-12-20,14ff856d57670825d6225d367accd9dc,2017-11-28
f45d4bc023494c0c4d9c67630a9d52fc,380d316d4bde46cebc363189d032d1da,delivered,2018-07-06 12:11:22,2018-07-06 12:32:06,2018-07-11 13:55:00,2018-07-17 18:37:50,2018-08-02,c01557d537b2fa9a8b6a03b8b876e33d,2018-07-06
2de6bd1e34af702eb3e73c1047807cda,59dafb756573fabe8b9e507b2c220f69,delivered,2017-09-17 23:54:20,2017-09-18 00:50:09,2017-09-18 19:32:46,2017-09-25 18:57:32,2017-10-05,6745605cca7900f93822a67c1e1f5821,2017-09-17
8af5834451865606adcc31b165d6ae54,2a6179cf815c302b5b94a2bab0af39d4,delivered,2018-02-06 18:21:30,2018-02-07 03:32:08,2018-02-07 22:45:39,2018-02-16 18:32:12,2018-03-13,397b44d5bb99eabf54ea9c2b41ebb905,2018-02-06
4461c3982eae2b994600292df19e6ae6,afc92b5c6073340256875a4e1dc3d7a8,delivered,2018-01-10 22:25:01,2018-01-10 22:34:21,2018-01-15 18:04:20,2018-01-25 00:33:24,2018-02-02,11e3a47c633c2d17e89e0626114582a5,2018-01-10
ee27a6c585edd9ed8b99e272587bf04c,d43dd33508aebb386735c87bdfacaa5f,delivered,2018-04-30 22:17:02,2018-05-01 03:32:39,2018-05-03 07:15:00,2018-05-08 00:08:57,2018-05-11,e3904b9e9e863117a1f419fd40fde813,2018-04-30
efd2c0c31366671a99bb3eba61b5459a,b9a1378012c991c96abe8edcf0e234fb,delivered,2017-02-16 23:30:56,2017-02-16 23:43:14,2017-03-24 12:50:27,2017-03-29 14:06:15,2017-03-15,e115ec37afa6e7c88bbd6e270163c719,2017-02-16
e470d790c06fa65f0a02de3477502952,7adfb8d0c45a93174efd5b6d3485c433,delivered,2018-05-04 18:10:27,2018-05-08 03:52:52,2018-05-08 10:26:00,2018-05-14 20:41:28,2018-05-23,302fa928cdbffbdee2312f4d92de1974,2018-05-04
aa16a9dc58c4e7ae9a0e55ddb47fff80,544bf1ab179128522eb26920b33a1fa9,delivered,2018-01-03 23:02:08,2018-01-04 00:56:45,2018-01-04 22:37:13,2018-01-15 17:52:43,2018-02-02,1a24445f0e6006e4336ecba4ba576e4b,2018-01-03
52cd1658223987a788a0ff14b962fba5,fabbae3d24088a9a5cc0223426188c4e,delivered,2017-12-08 12:51:19,2017-12-08 13:12:27,2017-12-13 20:26:13,2017-12-26 15:54:17,2018-01-08,a29d252fbbf518391f4d87a3d3a4c8f1,2017-12-08
2e7ca2344bf0db90bba866fa90409cfd,7c6ad448c2b439bc21d9b7c43dcae72c,delivered,2017-09-21 13:21:22,2017-09-21 13:35:25,2017-09-29 19:50:02,2017-10-11 20:58:14,2017-11-03,66667004a3cf33fa576974608b7f857f,2017-09-21
758df1b187e095f760b20b118b9173a6,51c6634a751f310a82dd49551c475c82,delivered,2017-04-20 08:30:40,2017-04-25 08:23:32,2017-04-25 13:23:27,2017-05-10 03:07:47,2017-05-18,4b27c5a0892e73bfd924861aeebe8eff,2017-04-20
b5982bf8e5b91399a51277de4c2b8001,ec583a21b5ec6078f56da232ffe150e9,delivered,2017-08-15 15:09:43,2017-08-17 02:45:47,2017-08-18 19:27:38,2017-08-31 19:11:11,2017-09-13,305d147049c26b6110239222c995fd26,2017-08-15
fccbac503695b663355702609c925bdc,4f7d9e4445d5919ca479fd6859374094,delivered,2018-06-19 15:26:19,2018-06-20 10:21:32,2018-06-20 14:29:00,2018-07-04 21:48:33,2018-07-17,98eef1a36389d4148039ece41431831a,2018-06-19
ef66a4451c6f9f04d3656be7e9034f1c,f85878687f6da02b2111c606896deee5,processing,2018-01-01 20:40:57,2018-01-01 20:50:24,,,2018-02-02,2bb15f2a0de3e5240c38a74ada3f1ac1,2018-01-01
40dc2ba6f322a17626aac6244332828c,6210a37f9d6a265a4f3fbe2c21672a00,delivered,2017-10-05 21:39:05,2017-10-05 21:49:21,2017-10-09 12:13:58,2017-10-13 13:49:07,2018-01-30,b0f3542dd4adebe4def80d0936c79948,2017-10-05
c55052f6b044dc3d948eb0346015e10b,e493823975dd4bf5a0b772f2d5c5c780,delivered,2017-12-02 00:17:45,2017-12-02 01:05:15,2017-12-05 19:23:20,2017-12-08 13:42:15,2017-12-20,d1b87995f305fec98f7e12b9079d6409,2017-12-02
f04f967baf2c83fce14f95f9edabe296,f222237fb2133250694c98c1da46cf3e,delivered,2018-07-26 08:58:05,2018-07-27 02:15:29,2018-07-30 12:45:00,2018-07-31 13:12:41,2018-08-06,bf8a5ff4337410f09b50b0b9ffd74126,2018-07-26
2ca41005a3320d2092abcc6b5456c8c6,b6c48c94d827458468ca05e8cb59fd31,processing,2017-11-07 18:05:08,2017-11-08 03:26:39,,,2017-11-30,81b72ea18e532f09927886cfb8966ef1,2017-11-07
5a6566ca1aa7d313e6a34e0443e32ba1,cfd55a1ef8c0aae89c06c519224ef21a,delivered,2018-07-25 16:21:39,2018-07-26 03:25:14,2018-07-26 12:21:00,2018-08-08 00:46:39,2018-08-17,f4f66e0dffc3a6ab4d55f7b38bf180e2,2018-07-25
50a635228cdece6885554281ca470d78,7324d9346e8232531da71467241de8d1,delivered,2018-02-26 15:54:24,2018-02-26 16:15:40,2018-03-09 22:05:53,2018-04-09 10:46:52,2018-03-29,825b0a88c1f2294bac6959f9ac1cfb4b,2018-02-26
83fae28795d7d8f02ff4edb1e9e78226,53d853f5d732f4bf8ce804877dc9e27c,delivered,2017-12-18 15:18:12,2017-12-18 16:35:26,2017-12-23 00:07:24,2018-01-09 13:38:21,2018-01-17,6e764691779c34787c26fa0b048694a0,2017-12-18
cbd1b65ad17e5be3c2c8dd66d0e581a2,bfe79f9f71b7875319f353101fa53a3e,shipped,2017-05-31 09:52:22,2017-05-31 10:03:22,2017-05-31 15:56:57,,2017-06-26,1ddb550da11e89eca9c4e1a9a7cb9154,2017-05-31
01fa35042136b75da24ce2a391b30eb9,6cb82041991c34e22c481ba240faeffc,delivered,2018-01-08 15:45:38,2018-01-08 15:54:20,2018-01-09 23:33:51,2018-01-12 21:58:48,2018-02-07,bc56b256243f67b07c7d5a62faf968d9,2018-01-08
356fd0826eb73e2f62ab842bfe38b4c3,67dda4d650a7d633ae5849308bd98dfa,delivered,2017-11-08 22:37:01,2017-11-08 22:50:27,2017-11-10 20:44:57,2017-11-22 15:38:53,2017-11-28,c65cd71596c64eb012337d19ec8c7ec7,2017-11-08
664826d0bc1679cf79ba25b58e2971a9,0bc91e14cb93aab1b6f6730922a31aad,delivered,2018-01-08 11:28:06,2018-01-08 11:35:34,2018-01-10 20:23:10,2018-01-15 21:06:20,2018-01-31,c2a444c39a2d87b50039f910db917e3d,2018-01-08
a1d8201182a838255aca3592492761d0,cab14a7a1312ca00956056f08c16ce46,delivered,2017-12-16 22:31:36,2017-12-16 22:50:55,2017-12-18 15:33:20,2017-12-26 16:26:55,2018-01-19,9a5b1b6e913b46bd1ff1561dc5aa6c7c,2017-12-16
d11f4ebdaac0950df9e15dd286ddbe81,e8ac46ea1c09bca1c8e41fbf6662a7f8,delivered,2017-04-06 23:35:54,2017-04-08 02:45:54,2017-04-13 13:23:13,2017-04-20 14:41:30,2017-05-04,922220401165798971be874d851071bb,2017-04-06
9fcf074ecd6df19f51f6fc30b6a33161,128dc49d33d9e4705ca47a66f8fcfcab,delivered,2018-08-06 12:14:57,2018-08-07 04:24:44,2018-08-07 15:56:00,2018-08-10 22:51:47,2018-08-13,eee67a226fbc44e23e1fd7e747b3994f,2018-08-06
91f8127396bfce32461d286408e16167,7f83186191e40f5e804bc1ad0a95d19b,delivered,2018-04-27 19:56:26,2018-04-28 19:51:08,2018-04-30 15:09:00,2018-05-08 11:24:27,2018-05-11,e5d3ed1d3f37e5943e8a1d1fa20ab21e,2018-04-27
2cee056eb245a8978a5d8a408436e82f,da07302b65923d201310f257a0f3798c,delivered,2018-08-08 13:57:54,2018-08-08 14:10:16,2018-08-09 13:15:00,2018-08-15 15:30:55,2018-08-23,745a8079a4369fd584854b4a87a8b9c4,2018-08-08
b8790ac596ab7435a12347fcb3a34341,528ac204a31cd67895d44da1f6f994bb,delivered,2018-02-20 18:05:31,2018-02-22 02:15:34,2018-02-22 20:23:31,2018-03-06 00:21:45,2018-03-16,a65be0ff4c5f32647afe062dc5ab30d4,2018-02-20
6f7e6a9cce69876915e47a146ef300e5,b616c86b6c67abc4ee6da42829d374c3,delivered,2017-09-01 10:33:16,2017-09-02 10:45:14,2017-09-05 18:33:30,2017-09-12 20:31:56,2017-09-20,63df651d5e8adb6a0e4baeb66a0eea37,2017-09-01
c225a1d1e67247ee404d56643c5b11ad,41548bbbecb545d0651aca9ee3ba746d,delivered,2018-07-17 22:33:21,2018-07-19 04:35:21,2018-07-19 12:24:00,2018-08-01 11:40:35,2018-08-06,c81f58cab314b7de7e3c2d69cc7f4ea6,2018-07-17
104ebad584414fcfb7bc0d071bb29a25,97b9cfe8bd0140421d5247237594b5d3,delivered,2018-03-02 14:40:36,2018-03-02 14:56:08,2018-03-06 23:22:06,2018-04-05 19:18:20,2018-04-04,acd046ff2c7ad6d4b091883063c93ff6,2018-03-02
b5cd1b1b8ce555852f65f416ac9fb4d8,ea83d8ab453e5d4792f0090be8bb2cc3,delivered,2017-10-08 12:45:49,2017-10-08 12:56:32,2017-10-09 21:53:15,2017-10-21 13:23:45,2017-10-31,76ec912d3ea4422082700aa37c73fe75,2017-10-08
edfb49082a74314dd99b846ccd67b2a3,b98be2d53e952e3c5e284fdd41f6937e,delivered,2018-06-28 14:05:28,2018-06-29 02:35:19,2018-06-29 15:34:00,2018-07-05 00:51:06,2018-07-18,981a779de0e55943a7d1b717ab67d554,2018-06-28
91ba8089d2fac808ba2eebac6c8c8819,bd3d101fa88a7a54f0d0834fd16d213d,delivered,2018-08-21 22:45:58,2018-08-21 23:04:21,2018-08-22 13:43:00,2018-08-23 12:22:22,2018-08-24,d1e10a7facbd99410d5d1fdf9ceaf3bd,2018-08-21
7f9cfd88530c3c6d0ce6084b27ef46ff,9b678f5f6f471e1282c0524ebbefa782,delivered,2018-08-13 23:03:46,2018-08-13 23:15:17,2018-08-15 10:26:00,2018-08-22 21:51:25,2018-09-18,fb71ed60806ae68abb00194fa02647a4,2018-08-13
9504ebf9076df1dff880290d7ad09e02,010e2bfece4b4e44fb7a6aa9c2b2b9d0,delivered,2017-12-13 16:58:37,2017-12-13 17:43:08,2017-12-18 20:18:42,2017-12-20 16:14:28,2018-01-02,9a34b2d328419c7f3be3670caea7147c,2017-12-13
12d833b5570676e6df1febcd8fe007b6,314632660519234734d08119b95cf15b,delivered,2018-05-15 15:58:16,2018-05-15 16:15:42,2018-05-16 15:14:00,2018-05-22 11:32:20,2018-06-04,5f141a8330c7822bc86dc94d07dccc35,2018-05-15
028aa7c930356788f861ed1b7f984819,4f093ba642d31211516e40197a8e3aa6,delivered,2018-01-13 20:35:15,2018-01-13 20:49:46,2018-01-15 16:56:57,2018-01-29 21:51:18,2018-02-14,b9ffd9f8e3189d5e28a1b6f22a2fad69,2018-01-13
a1d20692c61cea8c06d55f0365307f60,c90baed75cb5e56c1d6f110a6b74343f,delivered,2017-05-17 13:49:52,2017-05-18 13:35:17,2017-05-19 09:27:43,2017-05-22 11:16:49,2017-05-30,46a84f706aa22bdb63379610a77af307,2017-05-17
003f201cdd39cdd59b6447cff2195456,e41d728aab3d0dff5fb070f93eb61345,delivered,2018-02-21 16:59:24,2018-02-21 17:10:41,2018-02-23 00:07:44,2018-03-28 18:54:53,2018-03-22,770c43f54c33cbf4bc49b7f2d6576891,2018-02-21
32bb58472bb3798f5d511d52fc159d98,a2e2a4d271cf0c0a0ecaf089c9f57a85,delivered,2018-01-14 23:22:20,2018-01-15 10:11:00,2018-01-15 17:24:12,2018-01-16 20:38:50,2018-01-30,593fb2962fadffb73bbeb158da428cdf,2018-01-14
dd83f07edd1cab3ae6e2fc4250f544fc,8780ee502849f88263a701e9f17fe447,delivered,2018-05-14 14:11:41,2018-05-15 03:55:56,2018-05-15 12:03:00,2018-05-21 17:08:25,2018-06-07,f38f6a89176f071acf1bf04782625a25,2018-05-14
9125e99c306e51534e9e6e31efdecec9,194217f100c929d041ca22c943cbd3b9,delivered,2017-11-17 10:25:02,2017-11-17 10:50:52,2017-11-23 22:42:20,2017-11-26 10:28:34,2017-11-30,41a5aaeee13791d4c3b60aea6b8f800a,2017-11-17
2e85393d4ab82c2f5b44528d8a551606,bc07e86d2726e37a4ac4284e93f89d51,delivered,2018-08-16 13:37:30,2018-08-16 13:45:16,2018-08-17 15:46:00,2018-08-24 19:58:28,2018-09-06,eb5301eb7c5e2cb69a7baa5909173f1c,2018-08-16
6489f6816a35f7a39c2f3d7131a7ebde,fefb72a9cc34f58bb01edfefee3bdea1,delivered,2018-05-03 12:45:58,2018-05-04 12:51:56,2018-05-07 14:02:00,2018-05-09 01:08:53,2018-05-21,46c1ea568cc4972a097e0d05c2b140c6,2018-05-03
c385d065ccadb0335bc00726a9be8858,3b97b8c5b3c3af87dba87ba9a445893e,delivered,2018-03-19 12:53:37,2018-03-19 13:35:40,2018-03-19 23:14:43,2018-03-29 01:44:41,2018-04-09,a3817cda4092a23de8f8b1cabcfb43f3,2018-03-19
5a7ffcbbc09f58743ab1a760ebfead54,d02b1aeda74d6f9369eaa0e15dde1711,delivered,2017-08-11 21:55:03,2017-08-11 22:23:53,2017-08-15 12:58:08,2017-08-22 17:40:08,2017-09-04,8b1bd4e07c9108c6d1d82d4a3c58aea6,2017-08-11
0ef7129ab98149bcbd4aadde9ba093d9,1dcaf101733dc31789ce23f25d3d2f51,delivered,2018-07-07 14:36:02,2018-07-11 03:35:20,2018-07-11 12:30:00,2018-07-16 11:44:27,2018-07-25,3a1ca631d83d014f6e5f8243b0b0f6b1,2018-07-07
5528ba50898b536ac11c799ba9eef5ac,6837824a681ed42a70cdd4c405621f62,delivered,2018-07-26 14:09:29,2018-07-26 14:24:33,2018-07-30 14:08:00,2018-08-08 17:50:57,2018-08-17,f00e492d6bf0639fbf72fe1bd1a3b9a3,2018-07-26
e66b6216dfb711466b7edd3d16861edb,fbf29fba017084f9a57312200a9aba57,delivered,2018-02-07 10:55:06,2018-02-08 07:50:01,2018-02-09 00:48:45,2018-02-18 16:39:19,2018-03-05,537fcce901833e1e62655336df60371b,2018-02-07
6e4b5a4f0fc48a4b809d2fdf15c97549,cd3147124027e587f16812db10d12aac,delivered,2018-01-05 16:49:14,2018-01-05 16:58:25,2018-01-08 15:54:44,2018-02-01 15:39:36,2018-02-08,c89b42500fc74b028d6f5ccdfb3d5358,2018-01-05
e393cee11ecbbcc2a9b3dd06a660957c,eb6e94584bcfe4d41ad77bdf5b343ee5,delivered,2018-05-31 14:23:17,2018-05-31 14:35:09,2018-06-01 14:42:00,2018-06-16 12:38:31,2018-07-12,df6a683d33ac7daf906695b3f82279ce,2018-05-31
4024e82961bfcec0a71869767cf923e9,294afaa4e6c7165445a7aec2b4f8f11e,delivered,2018-06-27 12:08:05,2018-06-28 12:11:04,2018-06-29 12:27:00,2018-07-09 17:41:48,2018-08-07,a801b1e5d16adf3c07d624e3bc7bdfdc,2018-06-27
444262e0348a6fbd695402228e0ba8ef,140733e9ec44bed792bfa29d629c0367,delivered,2017-10-29 08:56:21,2017-10-29 09:10:15,2017-11-01 19:41:27,2017-11-09 17:28:38,2017-11-28,7dd3605f924113d9d2b2366aa67fb0d6,2017-10-29
25348d7abfa3893731e3836aab2f6a6c,85c67e22ad636abe63a496aa08b83e62,delivered,2018-07-09 15:40:27,2018-07-11 08:25:47,2018-07-31 14:25:00,2018-08-01 19:33:35,2018-07-26,85bef48ea3240619e6971a9c676d7807,2018-07-09
282686455b246232083e072582e4c390,2b1ae2adec2897b645009264eb99bd86,delivered,2017-09-18 21:41:08,2017-09-20 02:40:19,2017-09-20 21:38:58,2017-09-30 03:12:01,2017-10-05,abf6f0af0d5e63c99464598447aff3a2,2017-09-18
6e07bd59206483eaf297df6587e1ef06,9e7518667075b04bcac1c301ded485f1,delivered,2017-05-23 11:48:05,2017-05-23 13:04:56,2017-05-25 09:42:03,2017-06-06 16:58:16,2017-06-19,02d2c7276ffd446eaab3a3252e61b641,2017-05-23
b345e37f5de8f210e6d79ea80167cb17,fe81f497311c0200798e6b0adeace658,delivered,2018-04-08 18:09:41,2018-04-08 18:29:52,2018-04-10 15:11:40,2018-04-25 22:36:24,2018-05-04,343d8141086ec217dd440b694e410d69,2018-04-08
b712ecb07ab1acacb5f247a01198e6b8,58c3f1f8f62a2cc4df8a9ac599fd6d91,delivered,2018-06-27 11:04:39,2018-06-27 11:30:41,2018-07-03 11:52:00,2018-07-11 02:42:54,2018-07-23,226d068d5739851b23c3fa5bd9b7c266,2018-06-27
2dea508202fbd39c677502defdef2d21,986eba2f0d54f5b350b50ffe122ec2eb,delivered,2017-07-22 20:19:16,2017-07-22 20:35:18,2017-07-24 13:51:58,2017-07-25 21:58:40,2017-08-11,a688f49c277a0eb82f40622a59327ebd,2017-07-22
f578feadcd03837fd6212622ac7040c1,de65c662e611e729187fce355b76959f,delivered,2017-08-27 23:02:04,2017-08-29 04:30:52,2017-08-30 16:43:02,2017-09-18 19:08:57,2017-09-19,d72f70f5d2038f255292ae818bd488b0,2017-08-27
632ba34265b5449d1f742d24cacf1208,c4eeb750bb290eee0933aa9f859721e9,delivered,2017-01-22 21:50:07,2017-01-22 22:21:55,2017-01-23 15:26:11,2017-02-02 12:34:13,2017-03-08,6ae1442f1cd67099c402c6140b58a918,2017-01-22
08ec1f862c4cca80515d39b2787601f4,107a43f9c1860b4116fbf0519f888c3c,delivered,2017-11-05 01:06:20,2017-11-06 22:35:59,2017-11-07 19:03:09,2017-11-30 19:44:35,2017-12-12,de6d0cc54acbe9c1a7d7967e29fbb899,2017-11-05
f1fef02958f49028cbdab162242010b8,12e8c8555bb112b2fed453feba6224da,delivered,2018-07-25 18:58:01,2018-07-25 19:15:08,2018-07-26 10:42:00,2018-07-31 14:58:32,2018-08-08,1872c83694649c6b1d3bc62f8b28e1a3,2018-07-25
0a2d80bb09b766e032d077eb834788e4,cc4cdd1e7613c6b6797f7cd76691b883,delivered,2017-10-13 19:01:24,2017-10-13 19:14:27,2017-10-16 21:27:49,2017-10-23 20:18:06,2017-11-01,bd6ed9643bce5ce2a26865f5c8a4b3e0,2017-10-13
020a1591ace758e4c97d7843e1a03a88,3c59cb3e5e8348b4f5303307f6c6048a,delivered,2018-08-13 06:52:04,2018-08-13 07:04:20,2018-08-14 12:30:00,2018-08-15 16:38:34,2018-08-22,1caa43df498d168ee748d5d7790775ec,2018-08-13
2e1280399c65455d35233b8e0144d883,c4f0c7701cf183ceb6f4f05a5e6db4a6,delivered,2018-06-07 13:09:44,2018-06-09 03:13:13,2018-06-16 05:58:00,2018-06-21 15:44:37,2018-06-26,ff7e49d913881979010e9fe116863ef6,2018-06-07
6158f79edb10532c75937acb0a0e567d,26657eeefd4cbe36d682b655ed7d1db5,delivered,2018-08-09 22:54:31,2018-08-09 23:05:09,2018-08-10 11:26:00,2018-08-16 11:38:42,2018-08-23,15a33d71521853eefc0976cef8249065,2018-08-09
88b88135d497fa3d176822934754dd64,1a4d271831fdb0879543252909992ac9,delivered,2017-11-09 18:41:12,2017-11-10 03:07:15,2017-11-10 21:17:25,2017-11-13 22:04:58,2017-11-23,ef455906af3a580c6f4eb26f74e62b1c,2017-11-09
852fab0ef8986c549194d5959498f160,f92881178f911fd67d522597ac054472,delivered,2018-07-08 22:57:45,2018-07-10 04:30:21,2018-07-10 14:54:00,2018-07-11 17:22:12,2018-07-19,e35581ccaba305fc83d0a21aed8f3428,2018-07-08
e8794f8491ea025138cfb2005b927693,57753ca70682fa16e7780c6f0189d105,delivered,2017-06-24 19:28:36,2017-06-27 04:05:44,2017-06-27 15:04:06,2017-06-28 13:57:55,2017-07-07,c0f48cdb61ec6051c5aa770aa62011a9,2017-06-24
9c038dee3bf16eac4a8ba2baa65b21dd,9f4a95fe0b7a6b9cc179746f59c4c3f8,delivered,2018-05-21 15:26:22,2018-05-21 16:36:11,2018-05-22 15:34:00,2018-06-07 17:13:48,2018-06-07,2fd69e505bd07d780abb92d163969c87,2018-05-21
a7e2acf9efa6c49b592f37ff9e80bfc3,2d910e42e152b91fba488087b170a471,delivered,2018-02-06 17:31:26,2018-02-06 18:22:08,2018-02-09 21:28:51,2018-02-28 06:39:02,2018-03-09,90c89a3547c00c62b28d123e9b3c3ad0,2018-02-06
46bdbe48b6f5daa3dcc38e41599d0403,6830dbb35377688e46e1eed5351727cd,delivered,2018-02-15 20:53:59,2018-02-15 21:06:40,2018-02-16 19:25:09,2018-02-23 18:13:59,2018-03-12,dd11a339582723deeb1943bdee659f37,2018-02-15
1098a8cc6b7514f599126c5f27706dc5,f365734d0a819c9ed4d5ed0a30a4c327,delivered,2018-01-30 17:48:20,2018-01-30 18:10:34,2018-02-02 14:12:39,2018-03-07 18:04:31,2018-03-02,59a116551d6f781a536d874be20ea223,2018-01-30
3ed65bbc84532763118bd94e304355a7,e3a837ef355800630c74df93328d8f79,delivered,2017-12-15 19:13:52,2017-12-19 10:10:45,2017-12-20 19:57:19,2017-12-23 16:49:15,2018-01-05,58b15fb2eab2495a0f4df70e3620a5aa,2017-12-15
ac16a498e09da326e763056460491b62,f858513de32fba312a3e5a156f2c8908,delivered,2018-03-31 18:28:25,2018-04-03 05:28:03,2018-04-04 17:42:55,2018-04-05 18:34:34,2018-04-12,dea2be93aff1f97cf26583b4928107b8,2018-03-31
7be37c87f70b8071b527c3c767a9bc4b,65955a56388dfb4a43d14aa4ae1c1816,delivered,2018-01-28 11:29:47,2018-01-28 11:39:20,2018-01-30 00:16:50,2018-02-05 21:41:49,2018-03-06,80c5b9b83b2dfd1f26acbc23f0af5eb5,2018-01-28
4a185cdda75ec3cc9261553a59e7cfc7,0e266470a9aa5b96f4bb26e095ea7d2e,delivered,2018-03-13 11:27:51,2018-03-13 11:47:38,2018-03-15 12:12:44,2018-03-27 23:37:57,2018-04-16,c123bffcaf20da08bc5e44e218e17cf5,2018-03-13
73f38e238737fb52c78ba2002c2e9213,5bf0634b796a9bb7714dd6c7baedf611,delivered,2018-04-27 14:49:05,2018-04-27 15:10:04,2018-05-03 14:34:00,2018-06-01 16:38:44,2018-05-23,aab8da7cf44935b6239eafd8750d6ec4,2018-04-27
425dece5c02ae29542005b6c0a9c3b63,f17604f3f89e57c7ed3df37759b9c8ff,delivered,2018-07-14 13:55:38,2018-07-14 14:05:12,2018-07-17 13:15:00,2018-07-20 16:32:10,2018-08-02,77a63731fc358f68a5ce26211fc340a8,2018-07-14
41907a6e6906a563e6dd54a19d77abcd,cb48d9ebf68a3d1e44c8e084b097b196,delivered,2018-03-13 07:45:39,2018-03-13 09:04:10,2018-03-13 18:05:48,2018-04-03 14:58:55,2018-05-08,fd8ccc89be43894d2553494c71a61fd8,2018-03-13
c6feddf1f8ee767b5c7c65d5313dbc91,2f8945b7099bc669d7e29cc676ead286,delivered,2018-06-13 23:29:51,2018-06-13 23:59:09,2018-06-19 12:42:00,2018-06-20 20:03:41,2018-06-26,b9fba7ed7a4f5761ffd6c407ad764503,2018-06-13
6b1506319e933481532aba2b6de29d12,120e1f31d01ac400b61e8f8a3cfb57c8,delivered,2018-05-17 21:57:54,2018-05-18 03:16:02,2018-05-18 12:00:00,2018-06-11 17:58:51,2018-06-01,b14b2d45dc2bff15545c56f4ef1ca1ad,2018-05-17
31995e0e4e63c77d8f5cf8970cd39a7f,0e7caa9e2f1f16c394daa33a8fecfde7,delivered,2018-06-20 13:21:23,2018-06-20 13:38:33,2018-06-21 13:25:00,2018-06-22 23:42:00,2018-07-03,3861c85f53f434ce41f9d40f3fffd058,2018-06-20
cdc165621bae221dc3a5f8788166a412,add4449b1b01cfe21c015464931c4a36,delivered,2018-02-09 19:30:13,2018-02-09 19:48:02,2018-02-15 21:39:10,2018-02-19 22:44:57,2018-03-06,f9906c80843a285fddd2854a3d052bd8,2018-02-09
85201c947189183585ba83d60c572759,d062c2dc835c4d6c7d0151f09077fa40,delivered,2018-03-03 19:55:16,2018-03-03 20:09:41,2018-03-05 20:08:54,2018-03-14 17:50:41,2018-03-21,d8061278394a67f7dc2450221e0677c1,2018-03-03
343ad65d4499c28a305a205b8ebc0cd4,f4b7601916afa6166fe1ecc135176223,delivered,2018-06-24 11:08:41,2018-06-26 04:58:55,2018-06-26 16:52:00,2018-07-03 16:22:14,2018-07-17,2ec68b85269ac7794879aecff0dab44f,2018-06-24
36a68e6b52a57372c76d664128ae25e6,d17d18956b5eb7424015411aed598025,delivered,2018-01-24 18:34:36,2018-01-24 18:52:46,2018-01-25 15:26:27,2018-02-01 21:28:40,2018-02-16,0a22f5b83fbeb079b91d8a2d301d3cdb,2018-01-24
534a0fa02fb111d37c01c86326fc38bb,0ae0ecfb6b24ce4a6f6778023d0425d7,delivered,2017-08-15 16:09:15,2017-08-17 03:06:20,2017-08-17 12:54:56,2017-08-21 21:27:38,2017-09-06,0af76bc62bc01cebbf98fd8ff78f4137,2017-08-15
5dc1a8731fb465da89c147b358e409b8,1a161546abf4f4e01b7eec53e9310f8b,delivered,2018-06-27 13:48:01,2018-06-28 13:50:32,2018-06-29 14:45:00,2018-07-07 17:32:45,2018-07-18,3e7f18e55d9ead445fe3b0f56110acfd,2018-06-27
ac322840b831b1a94396f7adc2a56d4d,486470ca91a0fed0f8867e79721e60e8,delivered,2017-03-12 11:23:09,2017-03-12 11:23:09,2017-03-13 15:36:12,2017-03-22 12:21:50,2017-04-03,0ef4d7b991cc74c7c13b540f7d3129a3,2017-03-12
d078600a7d7a9465e58dfa3e377cb2be,181ec680c2591368bbc74205adadb936,delivered,2017-11-17 19:44:32,2017-11-17 20:35:43,2017-11-21 23:11:17,2017-12-05 23:22:54,2017-12-06,8f42e9cb526d4a8ea42877dac8c86453,2017-11-17
03343a88c4d669e6378c5aedc4147919,d6851a9cf4328debeddd2f63212ff9e2,delivered,2018-01-16 12:06:29,2018-01-16 12:16:58,2018-01-16 22:37:59,2018-01-31 21:46:39,2018-01-31,9bff67cbd491a775eb1e262b778da4e6,2018-01-16
35acd7d0da0be873dde0470893f3d5c2,8c40d1a7ac21ddf12b0f2c82c6857769,delivered,2018-08-12 19:50:00,2018-08-12 20:04:32,2018-08-16 13:27:00,2018-08-20 20:34:23,2018-08-27,1b365650796860e67994a7f0d14ae89c,2018-08-12
2f2a61c86aa7afe1c5f02283ed90b6ac,bc6dc052222f5224fe0fc82d6ee058e6,delivered,2018-04-02 21:48:56,2018-04-02 22:09:45,2018-04-04 19:48:42,2018-04-11 21:18:29,2018-04-20,17c313d6dc96f7483ccd5902da61986b,2018-04-02
8df1ba8711787d5cfe3b90f535d04dc4,547a0b4f2de7e4276e3cf1c92f15dcd6,delivered,2017-10-30 21:18:49,2017-10-31 16:55:43,2017-11-03 20:07:33,2017-11-13 20:18:58,2017-11-24,ae06b0187a99aaeb5e845b9638936e7d,2017-10-30
cfbc27fc3b0b3946a3dea53be0022108,0a84f5dbc13ce8afbc36bcd1b36a99e1,delivered,2018-01-22 12:33:43,2018-01-22 14:54:10,2018-01-31 20:36:57,2018-02-26 19:52:49,2018-02-19,6e11e16d3462b2c39fd10e642654dedf,2018-01-22
56de1b48f06188bcdf68b7cfdc0da360,73ae5f4fc1b484a3d561f84cb5afe282,delivered,2018-01-23 09:26:12,2018-01-23 09:38:22,2018-01-24 20:09:41,2018-01-26 14:45:18,2018-02-07,4d2ecc0f7c087c8691cc36996964d417,2018-01-23
d748300bae0831aec703a878ee43a401,3e251018f693358df9fc7aea86db02f6,delivered,2017-07-17 11:32:55,2017-07-17 11:45:17,2017-07-19 22:12:31,2017-07-24 09:57:50,2017-07-28,5acb7097e2fb26bb71b3320d85bbc3bd,2017-07-17
6ba0e32fd89cab6e014baa58ddb82a6b,f11c879c8a36fe856430463341cf89d6,delivered,2017-06-01 10:24:22,2017-06-02 04:33:11,2017-06-05 11:33:35,2017-06-12 16:38:06,2017-06-22,36871f028d790a41ecb6f078d05b7bd4,2017-06-01
ae20f5a9812b11c76007a2c389285486,39a8e21334badc81ec828f7d42f4ad54,delivered,2018-08-02 16:54:29,2018-08-04 04:05:50,2018-08-07 12:33:00,2018-08-14 19:32:50,2018-08-22,cbf6449765fe6738bd004df6eb452deb,2018-08-02
ac8a7a5a2eb68fd70147207a05c5e9d9,bf1642bd31cb9d9bf2c1902832a53bd2,delivered,2018-01-19 23:02:16,2018-01-23 03:39:32,2018-01-25 23:42:15,2018-01-26 13:22:57,2018-02-05,b82d000dd5f724fa97d8f5c89c1aedf6,2018-01-19
1fcc4cb09eb52ab834d7e766bcb6f91f,4a17798a547f3b8f2083ccbf758fb53d,delivered,2018-02-13 23:51:02,2018-02-14 00:07:25,2018-02-15 22:46:27,2018-02-24 12:19:01,2018-03-08,7ddd49bf05675ee64bbffe2b9fecb402,2018-02-13
736a8a3d8b9cde5dd9b1f985fc523c0e,c2077147d664caade6db8ecd527971b7,delivered,2017-05-01 12:56:44,2017-05-01 13:10:11,2017-05-15 11:28:36,2017-05-22 11:44:45,2017-06-05,8ef723adfbc383f826287729391763c0,2017-05-01
c0b30438008f3085a4b78b9cd36ade63,596ab046937142ab8dc0fb942538d9e4,delivered,2017-09-10 11:01:26,2017-09-10 11:15:13,2017-09-11 14:38:18,2017-09-13 19:25:49,2017-09-21,023a5f2429a60d00c9c26887b95c6c80,2017-09-10
d47de9b5f1b4feb44d50ca860da9cce3,c0a7a9931c9aecec70be96594d6504e3,delivered,2018-02-17 11:12:08,2018-02-17 11:26:56,2018-02-27 21:49:09,2018-03-20 20:41:47,2018-03-22,4680f654f2051cf193789ed0b38bf2d3,2018-02-17
1972a123466d40a62224630f7d0de530,0f41a66a477328c778e98eacb6a6867b,delivered,2017-02-06 17:06:53,2017-02-06 17:22:07,2017-02-13 14:53:42,2017-02-17 21:37:42,2017-03-27,a239b8e2fbce33780f1f1912e2ee5275,2017-02-06
87057ad16823c46ae4ccec00c4db526f,6ff04dc128843e32de116ffc76cd06e4,delivered,2017-09-21 15:25:11,2017-09-21 15:35:50,2017-09-28 12:27:53,2017-09-29 17:11:44,2017-10-06,61ad33273752fa057efa4cf9b6ad2e22,2017-09-21
46919c41f3e2b0e06e6fe85383250e9a,6c47a76c5eae78ce63f61a9a77cd7e3c,delivered,2018-07-04 17:40:58,2018-07-05 16:33:01,2018-07-05 14:40:00,2018-07-11 13:20:45,2018-07-27,2b7350b8d7faa20139db44d3bb809892,2018-07-04
eca4633566cacdae57271f51ebe79131,60d4619c66ed6b0ec5655f4fa821b6f1,delivered,2017-03-20 11:13:34,2017-03-20 11:13:34,2017-03-20 15:06:39,2017-03-24 20:06:47,2017-04-10,d9e5fb5128b902f3849d7fe2c46d45e6,2017-03-20
cf37a6688914645a71144b349992b4d9,4048acd0a8cb4682c493f97bea3360d8,delivered,2018-06-18 15:21:26,2018-06-20 02:55:04,2018-06-21 15:17:00,2018-06-23 12:47:39,2018-06-28,c729606ebb802aa85565409da8aa39d9,2018-06-18
dcd9b00fff62919c208f9e424f8b2c13,7a999a63fd38a91b7c1061ef82ec71f0,delivered,2018-01-18 12:33:34,2018-01-18 12:56:27,2018-01-23 01:03:54,2018-01-29 17:52:09,2018-02-09,d7aea2b2d4d7ed200746d41776fbe9af,2018-01-18
d79c75050fb130c942055bff27c1be5a,a10f9dedb64942cfa51dd19dc7972459,delivered,2018-03-14 20:59:27,2018-03-14 21:10:32,2018-03-20 18:17:21,2018-05-03 21:48:30,2018-04-11,a1e464b37bdcfa390b3eebd18eed5ee3,2018-03-14
9874f00b86dad32c32a0017e80cfcdb4,8ee173c92d41d059bae3732ee2d4a422,delivered,2017-03-09 01:36:39,2017-03-09 01:36:39,2017-03-10 10:48:01,2017-03-14 13:05:37,2017-04-06,13c09676b93efa34eb8b13f737c987a4,2017-03-09
9823470255ccbe326173868208d9c4df,e0ae8a3a141d851bc25a2034dd966792,delivered,2018-06-23 22:14:42,2018-06-25 10:53:51,2018-06-26 14:19:00,2018-06-28 19:21:23,2018-07-16,8f89a54df5a9ddf3302a97b20a6474a6,2018-06-23
852249023f7a3d3154837ef058c3aed2,ce72e0eebdb99208cee5184eac4d97d3,delivered,2018-08-09 08:58:08,2018-08-09 09:10:10,2018-08-09 14:52:00,2018-08-24 15:42:32,2018-08-30,21db33ae4e53cdd22632abd4592f863c,2018-08-09
d930f975d0dd17a50eb1bc53fff79e9b,00701ade29704fc9aa33a8766b082cb6,delivered,2017-08-26 15:28:47,2017-08-29 04:30:47,2017-08-31 16:12:48,2017-09-13 19:11:38,2017-09-25,bbdf651cbace0c9efc7fd3184235aa74,2017-08-26
ca6e0694c46674d5f588f6e0e4ce4440,c822622edb0cb46e29a0a515b9c814fa,delivered,2017-06-03 15:33:58,2017-06-03 15:50:06,2017-06-07 17:00:07,2017-06-14 14:23:10,2017-06-28,08de1b6a920e67bc6c09b4127571e497,2017-06-03
3f1294f87d79b57f5d55ba7b80c3d94f,576d71ddb21b21763cfedce73b902180,delivered,2018-01-28 14:21:58,2018-01-28 14:38:27,2018-02-05 11:38:49,2018-02-26 16:49:19,2018-03-14,8d76b559181609308fcae630ea64cd61,2018-01-28
64bbf9df8ea9c5c9dfb0981b5e2a81e0,7eb3777da7278563df91c47dbb6eca9a,delivered,2017-11-16 19:51:12,2017-11-17 19:15:30,2017-11-20 11:28:50,2017-11-30 15:46:54,2017-12-06,5b419334b395c0d001fa2ad8fce86bda,2017-11-16
776a94d575b86a9b4685f33a764b8d60,6ae04146425872237ab6bc04410d90a2,delivered,2017-05-18 18:50:54,2017-05-18 19:02:22,2017-05-19 13:46:06,2017-05-26 09:46:53,2017-06-09,81655752c19d0f7fd70828ed04963622,2017-05-18
87c98d8706c75e568d61dc02c6c9305d,460f33177a25662d12fb9affe654e6d1,delivered,2017-09-20 07:54:43,2017-09-20 08:05:40,2017-09-25 16:58:57,2017-10-04 21:16:19,2017-10-13,5f66ee1b2e030748fdb83ab9b01a7064,2017-09-20
7af7e9221757663bb19abb52d6acebf9,8b52c0aea5d35a89b3174ccd1beeb78e,delivered,2017-03-21 09:21:54,2017-03-21 09:21:54,2017-03-21 10:38:43,2017-03-27 13:33:37,2017-04-11,1605a6c5d93d3488fb621c5323930795,2017-03-21
592791e8c354caec0617c0ac1a9fd2e8,1834fd3fd3fd0ed679587598e8b6d980,delivered,2017-12-20 09:32:40,2017-12-20 09:51:50,2017-12-20 18:43:50,2017-12-21 15:56:41,2018-01-09,f8bc84f159a83e22ee092f005a852475,2017-12-20
f65e1dc7684d79de91becec744a61f83,4be022b979add587a31a17c74fe42ec0,delivered,2018-05-08 08:20:39,2018-05-10 03:36:40,2018-05-10 12:18:00,2018-05-15 22:08:30,2018-05-25,c981912fbdd26b666387abe56034bf34,2018-05-08
1d46e675ce9d3f5116766812e0a00777,acfc592ab4d260802cd7bbf993a36ba2,delivered,2017-12-13 23:53:33,2017-12-14 22:55:54,2017-12-19 00:37:26,2017-12-27 19:44:54,2018-01-11,bebbb167a31f18532365d3a602c7f436,2017-12-13
1cb0438d7946ea7aa92ad2ef1904822e,914fbfc75fde173611bb46bb7e594358,delivered,2018-02-18 23:09:38,2018-02-19 00:10:29,2018-02-22 03:28:40,2018-02-28 21:09:45,2018-03-12,2a995843070e1acdf7ac5770e3bc4f51,2018-02-18
25eb0761e1e9fbcf056d8d92a88caef8,8413e7c0395740d8043bf764b523efc5,delivered,2017-11-24 08:58:58,2017-11-25 04:33:27,2017-11-28 23:59:09,2017-12-01 22:59:01,2017-12-12,d4ad069df1f330929344f96ce8c7bbab,2017-11-24
e8e3e98f7dda7c869998846e5cbb9da9,ce5785c5c7342c80817deac25c5245da,delivered,2018-06-17 15:21:08,2018-06-17 15:40:42,2018-06-19 14:07:00,2018-06-25 15:51:19,2018-07-11,c4f482a7aabab01869401a02866d8207,2018-06-17
79f61e04126281ee53dfb2a9d04f2179,e08ea881292d66c986889e262fe31036,delivered,2017-12-07 20:44:24,2017-12-12 03:52:36,2017-12-13 21:18:45,2018-01-06 12:54:32,2018-01-09,084a2c3454437d84f60aa2f3d4e0b63b,2017-12-07
c8009cf2dffdf428005fdd35c687b2c1,5cf604122eed2718e8734433dcb1977b,delivered,2018-05-16 16:20:13,2018-05-16 17:08:57,2018-05-17 11:56:00,2018-06-04 20:03:09,2018-06-08,68418b743d5413f76154254a653b3d67,2018-05-16
4fff232856461ca40f8f09f9ce75fcda,84001fc9a30443cd5623d8b8ce0b0df1,delivered,2018-02-16 09:34:13,2018-02-16 09:47:05,2018-02-16 21:37:57,2018-02-21 17:25:03,2018-03-14,5e42abcc90d4a7e76e5dfb7373e3ab4a,2018-02-16
ca64208b67f4cb6e1503818a3317485f,7da6514c119b3cb64b80ae289717626d,delivered,2018-07-07 19:53:45,2018-07-08 19:50:12,2018-07-10 15:43:00,2018-07-14 15:46:38,2018-07-25,43cd4505417d27ed0fa2b3f65b0dbfde,2018-07-07
e2e33b37d96ba30f106c15dd7f77c8bb,65d79ebd74ab7244b7c75799809ce6c6,delivered,2018-02-18 20:46:06,2018-02-18 21:07:05,2018-02-19 21:57:31,2018-03-10 16:48:49,2018-03-15,bc9bb036f1529c6cac46245640498a98,2018-02-18
a024eebe8239a5249b7b0cc30eb94c6e,f4319f9a1f97954c82f227d43d7e7642,delivered,2017-11-21 21:38:31,2017-11-23 02:33:27,2017-11-23 21:07:27,2017-12-14 23:28:40,2017-12-11,5b89c2cd3ebc74a8f5b51b6353bc8cca,2017-11-21
35ff30856e32d0b5a4a2abe36bc26f4e,5351615f68df64959aa713281ab51d49,delivered,2017-10-05 20:36:43,2017-10-05 20:49:31,2017-10-10 21:17:54,2017-10-21 15:08:27,2017-11-03,3f2ce09e2715fc85c87c84f72aad5aca,2017-10-05
ff4ce1bf027da9b8b1eaa0c10148cc2d,69c365a0670ed7250de9cb2d600109f4,delivered,2018-07-01 15:28:33,2018-07-01 15:49:56,2018-07-03 07:32:00,2018-07-11 18:58:37,2018-07-24,6acc6b8376ca8b52d177b7f12d156fa9,2018-07-01
cea4910391a77b0022ce76f53574a0b3,ae33b3fd78146ded26175b92f8890b58,delivered,2018-01-17 18:16:02,2018-01-17 18:29:58,2018-01-19 23:39:06,2018-01-23 03:09:34,2018-02-01,c9dffbb3afd5769a4c0d5a9d71603902,2018-01-17
871602fdb0b91bf6bd79db21dbe419fe,3931a3c681fbb40ece9c1a9811c3a32c,delivered,2017-04-01 20:41:17,2017-04-04 06:05:36,2017-04-05 13:53:08,2017-04-07 11:42:36,2017-04-26,138a438f32cfcf511ec5d75b693d6a22,2017-04-01
f33a36605bf3a9368badd6072ecc5172,8187fc73445256a9131654696fcf22b1,delivered,2017-12-24 22:44:46,2017-12-27 04:08:44,2017-12-28 16:54:02,2018-01-11 16:52:25,2018-01-22,2eccdedb9a1d92ebdd256f549e11c55e,2017-12-24
4fb33c4b52b23477ef973e799871ec37,8f3f527075edc71580c9966f7e4ae27d,delivered,2017-12-20 15:12:48,2017-12-21 02:12:07,2017-12-22 18:52:59,2017-12-28 20:28:10,2018-01-15,06a8f60ddb6457808b21134ce74f2f6a,2017-12-20
8433606149b115b9f6e1916bdbe08dc4,572637e89769f5b93fbce4dc65c10057,delivered,2018-04-01 19:45:02,2018-04-01 20:30:14,2018-04-04 22:10:53,2018-04-24 04:28:43,2018-04-26,698118425f0afbd4bee557e51b6bd49b,2018-04-01
1f90220e4ad97915593771b65c25ee3c,b35f1a8faa9f7afd849b001e0b622972,delivered,2017-07-01 19:23:04,2017-07-04 03:50:21,2017-07-05 12:22:22,2017-07-13 14:34:04,2017-07-25,783ac10aa7a5cf153d10402b93a1ee06,2017-07-01
e23c047042de8af99ddee111258c121a,87ca0254b5537c29d79dddbb8573304a,delivered,2018-03-10 15:17:01,2018-03-11 15:10:29,2018-03-12 23:04:56,2018-03-27 17:38:29,2018-04-05,060f9ea0a180843fb91d4923b6d01bea,2018-03-10
9d338554e6a547c58691018e942e224e,af1a503c70a6dfc6994876b5128e78f8,delivered,2018-05-07 22:11:43,2018-05-07 22:34:36,2018-05-08 13:22:00,2018-05-15 19:42:43,2018-06-04,a3e4675b39b1f5e56c91111388c91627,2018-05-07
8220769da5e88eb4288d26cc8f694b41,c43e9eadb2a48d4833466068df6c37f2,delivered,2017-01-31 13:41:55,2017-01-31 13:55:24,2017-02-02 14:30:12,2017-02-14 12:05:40,2017-03-09,5bc94b60050224af3dfdd2377c7e93e6,2017-01-31
3794a8409797f2c05b177f54e4105c69,5e3edafd41f8556c7a445dd0afa69592,delivered,2018-07-08 15:32:55,2018-07-08 15:45:13,2018-07-10 15:03:00,2018-07-11 19:04:22,2018-07-26,f5106eb002b83edbeeb5b13894d9e588,2018-07-08
1baafdbda29613148a2517059b996b95,496b6a69dc3a20cc0ea64bea9e1328c9,delivered,2018-03-05 18:58:11,2018-03-07 02:15:56,2018-03-14 16:52:40,2018-03-28 19:42:28,2018-04-11,09ed9b91e77dcb56c1c1e7fdf7fc100c,2018-03-05
60083e3e8bf6182f3fb99b7a19203f45,8e0aee736b0ca13d2e4e3cba6e3d067f,delivered,2018-03-06 23:39:42,2018-03-07 16:10:55,2018-03-08 21:58:24,2018-03-11 12:40:53,2018-03-16,4c1f2c9958f38cb98a3913c8cb84fc0f,2018-03-06
4519eb4d4f31920150447454d2a0b560,feba7fb74fbd42ad8797ac9346f33c9d,delivered,2017-08-21 19:07:53,2017-08-21 19:25:17,2017-08-22 15:07:50,2017-08-23 19:08:13,2017-09-01,73269ef3cdc4c31ed2abac95f13c9ec5,2017-08-21
3e38a700307fe33c87f3ad4a3e0ebd02,c0428d1a23ef4e9dbbcf9fbd0bdad091,shipped,2018-02-18 00:17:13,2018-02-20 07:27:52,2018-02-21 19:32:42,,2018-03-21,20fd95a837564e8e484f691bccc6fcf6,2018-02-18
0c16747a08be86a9c23f1cb8f3e7568c,eab676576871f35b5954a84272b96c9b,delivered,2018-04-15 14:00:50,2018-04-15 14:15:11,2018-04-16 18:52:39,2018-04-23 18:02:47,2018-05-09,672d9b35adf346fe59f7aa2e8264a2e0,2018-04-15
a62d1c8ecd8c597d007fc79c5bb5f1c1,d70bfb163e0c9a9cc2292adef3b6e703,delivered,2017-05-18 13:49:05,2017-05-18 14:02:46,2017-05-18 15:12:56,2017-05-26 17:26:56,2017-06-16,dc48b0a1b0e6abb6586f322c189f6b93,2017-05-18
2d707687709e7c9a3ba4c8c1749afa6f,fea9401142aad8a0b2a91fa18ab34505,delivered,2018-02-26 16:28:37,2018-02-27 04:30:56,2018-03-06 00:03:58,2018-03-09 22:34:41,2018-03-16,9f11ee8f9d0e85659132108e464b5435,2018-02-26
f1a1f8c4672ddef8f8562981ca2d0596,ca4f062ec452965235c58a11ea8e3803,delivered,2017-04-04 23:09:14,2017-04-04 23:22:44,2017-04-05 13:53:11,2017-04-17 13:18:03,2017-04-27,9d8a5cdca7bacfcff45ae4e120923b20,2017-04-04
d860631771a39cab8dbd1fd3c9d9b46b,239914266a7bdd738ce6b85a413e9e48,delivered,2017-11-24 01:09:07,2017-11-24 01:29:47,2017-12-07 19:09:12,2017-12-19 20:58:23,2017-12-14,24732648c0b38537c172c35330411328,2017-11-24
e070cafb6df36b4547be4f403832975b,6dea9469b6a6dce241adb9a86a8bf1e4,delivered,2018-04-27 20:52:29,2018-04-27 21:12:32,2018-04-30 12:58:00,2018-05-07 10:57:52,2018-05-18,27992e4438bf0a2a913e5e6099b922a4,2018-04-27
104cba315a10ebccef0e851792083040,a17c332f183bf79f07c8df13174259c9,delivered,2017-03-25 20:30:53,2017-03-25 20:42:28,2017-03-30 16:32:07,2017-04-05 09:59:44,2017-04-25,cfa354e3a62c39f23bb751dd7685a432,2017-03-25
c72b9a169668381c6a1d12462a2e05e3,235d9d7aee389f873ed0b5e437d90fb8,delivered,2017-04-23 12:34:55,2017-04-23 12:45:45,2017-04-27 12:36:58,2017-05-12 07:13:56,2017-05-11,bb0f3f180a7b1dceee67a5c3c5335966,2017-04-23
ad286e926f0a816e7b604bd0c9db8b1c,be9aff62a55775448c9ded5e198350e5,delivered,2017-12-02 01:05:05,2017-12-05 04:12:09,2017-12-06 20:43:02,2017-12-22 20:09:10,2017-12-27,23e370eea34e72da0bdbef9e4916dc0d,2017-12-02
b35ce82e5e535cc632c4441e01d6046a,67f2cb51ce2f2e03409b212892cfadb7,shipped,2018-07-19 18:14:54,2018-07-19 18:25:16,2018-07-20 14:20:00,,2018-08-13,2f2357b27b9290dc7110f8a46c99afa4,2018-07-19
abe81b8eb8d846d18c760f8430a2ed55,f61791d1fd5896c81fc8a663aaf71e17,delivered,2018-06-23 01:18:26,2018-06-23 01:40:40,2018-06-25 09:17:00,2018-06-28 21:26:41,2018-07-12,9ca4608810d3c844fb7150b66f12b155,2018-06-23
1dbe2e0c5594a384eac781a7e46c6011,4cc6b852b4d5583946b78337536629b1,unavailable,2017-10-27 16:13:11,2017-10-30 07:25:48,,,2017-11-10,8e2d6836695a923ba8f55709440ff86e,2017-10-27
8799eebb5f3c13b04f324db2ad883d1d,f905ca19020b60ee0b5e172270e0822b,delivered,2018-01-25 03:08:59,2018-01-25 03:16:43,2018-01-30 18:31:54,2018-02-06 21:34:35,2018-03-01,feac24e6d650007c8e500001c8ac04d7,2018-01-25
6badfcc75dd97eb3cce25aa4bc7dd773,7ce1fc9e99a49468fd3ba1df06317ff3,delivered,2017-09-18 15:55:33,2017-09-20 02:35:08,2017-09-29 13:16:17,2017-10-03 21:13:16,2017-10-13,4bcd3e861302b9a73210348ebb7621ad,2017-09-18
d3d6fd64df1cf1428ea9f88aaabb4713,88698b975282238781a85ab41b0716b3,delivered,2018-05-08 20:21:56,2018-05-08 20:55:02,2018-05-09 14:11:00,2018-05-16 12:23:28,2018-05-30,65381bda7816e13672e17c9b9fb66f1f,2018-05-08
ee4d37f7666f4649a942fad1192bb2f4,06395488a4eca1bdb8d85407775417e0,delivered,2017-07-16 22:16:35,2017-07-17 22:10:12,2017-07-18 20:04:37,2017-07-25 19:47:18,2017-08-14,ed0e0cc6cc82a1fc55e2c6b665353890,2017-07-16
3dcb917fc27fe1beee3ddbea0fd4e9b0,ed0ef83b84cca33b5d342c361846a265,delivered,2017-05-31 22:03:26,2017-05-31 22:15:11,2017-06-02 10:54:32,2017-06-05 17:42:26,2017-06-21,3d7f1285c50ca1c4b3ac99fd45c53ebb,2017-05-31
9d56875afa926ef0d9263eb003dba6e0,2bef4d64d65faaea42c4dd60d5933203,delivered,2018-05-16 13:31:20,2018-05-16 13:59:36,2018-05-18 13:33:00,2018-05-21 22:10:35,2018-05-28,242d68fe55e871c756dfaf117ff478eb,2018-05-16
01fac9bdfa271bcaf57218f971649ab7,0dc409c0b2ee6af05d8caf7a5676a672,delivered,2017-09-21 12:39:45,2017-09-21 12:55:14,2017-09-26 10:37:39,2017-10-09 19:10:18,2017-11-14,20fa186ec94238951063b182b6cebe92,2017-09-21
90f4238d4a0d8f6371e4fbb18af5df64,6b72578e91bbfe3fbe8dc198c4d8312d,delivered,2017-05-03 23:34:55,2017-05-08 23:32:29,2017-05-10 04:13:44,2017-05-10 09:43:12,2017-05-24,ec8aed94b28577233fca03fec2567c4c,2017-05-03
d0b29bf966cd5fc8d2b5274157396dd9,af149dc022760dd847a77705f6679bdb,delivered,2017-06-19 09:51:09,2017-06-20 10:25:29,2017-06-20 13:12:50,2017-06-21 18:09:48,2017-06-30,9b2dccad222e3faa329b265f6208c9d2,2017-06-19
da0361ddfa13e2463678f03b44cd7c7c,03c2071df0b83e7d7281d0ae9871d4e5,delivered,2017-07-21 13:25:48,2017-07-22 02:23:12,2017-07-25 19:37:50,2017-08-01 17:06:02,2017-08-04,c7160937986e1e6f542a2e3308aa72a0,2017-07-21
cd2c7e05ab02cbe86aeeeb18648be1a7,83bffadc810994dd6d4c926394759a70,delivered,2017-08-05 19:41:47,2017-08-05 19:55:11,2017-08-07 20:44:54,2017-08-23 21:34:23,2017-09-12,b4007c838c38999f2bec55c53ddc975b,2017-08-05
5d5947bb34252e75f2ff8c0e22c3d511,cdb4a0c17606b785bc076b44feb35f1b,delivered,2018-04-13 16:52:01,2018-04-13 17:40:47,2018-04-16 23:46:48,2018-04-24 14:34:42,2018-05-10,da2b11046bae45ebe596e2f33ba87808,2018-04-13
b31d738d37a8bb4df0963d826f9936ec,1a4ba4ff72c36e31799bcef839999028,delivered,2017-12-10 16:02:45,2017-12-12 15:58:42,2017-12-13 23:41:32,2017-12-18 17:35:54,2018-01-09,34b42b0c307628dd0cf95863dd6387d8,2017-12-10
beaaa51d8c9cf4009ff933505cdaf101,fd78478906e879b770c640f537e4484e,delivered,2017-07-21 12:16:02,2017-07-21 12:30:19,2017-07-24 16:32:51,2017-08-08 21:22:16,2017-08-24,96e3b8a9735d1546fcea0053acfc9b04,2017-07-21
5caafce59fc6edde8a3ebb211bc3d980,fddc93eb85dd694ba413530f84b399a1,delivered,2017-05-10 14:02:15,2017-05-12 02:55:51,2017-05-18 11:17:47,2017-05-25 09:29:51,2017-06-01,a0746c4b9b28979012e88048753f0b74,2017-05-10
b800afd0307bcea5536222116e3d7a4b,9dc9565c601aab5b9b033fbc51ca5b7f,delivered,2018-01-30 22:36:41,2018-01-30 22:52:49,2018-01-31 19:32:16,2018-02-03 11:12:10,2018-02-15,8b6b6852ffaa3648f932d1a955a18ee4,2018-01-30
fba0ec79b91f909237fd5ea8960a2a5a,9e0178d087d4ed2d63d4e774a9d761ee,delivered,2017-10-30 23:33:31,2017-11-01 03:10:42,2017-11-01 18:35:41,2017-11-08 18:38:35,2017-11-17,be15cf7cb42b3cc516cd4c5188cf2fb6,2017-10-30
453c6f368bd52d7a2c03f6cc81ccf9d8,511ef0347dfb82cddc47df9a7dbd6c64,delivered,2017-11-04 10:25:02,2017-11-04 10:36:10,2017-11-06 20:48:36,2017-11-09 16:56:51,2017-11-24,ef9b8ed47a7fa26d0bfab94575ab7964,2017-11-04
86040e964f7db9d08d8e1f3b791f1871,242585aa95aef3a0d2bcfbdfa01df6b5,delivered,2018-04-15 21:58:22,2018-04-15 22:12:04,2018-04-17 20:41:02,2018-04-20 12:26:57,2018-04-26,5b5271dd23ed67bed8420fc9882fc38b,2018-04-15
b0e1b07dae953c6056f02e040a2e596c,0bf392eae6659457dfc09ca7c3ea9b42,delivered,2018-08-23 09:51:51,2018-08-23 10:04:50,2018-08-24 11:46:00,2018-08-30 22:41:43,2018-09-20,1bbe92403f551af2702ed4bbd3c60f63,2018-08-23
dcbab7ed24e477a8dfa72d7f67ff6352,c1bc988a61c053c1617d94b3545f3c6d,delivered,2018-05-19 19:34:15,2018-05-19 23:30:31,2018-05-22 08:11:00,2018-06-07 20:03:38,2018-06-08,f9165be8a411384aab9f945394418a0c,2018-05-19
d42ae55fee4d8a4b11a86804fbfc0e34,0d1c5b3db710f5db56a7d67dfd459da2,delivered,2017-09-08 14:10:02,2017-09-09 06:34:07,2017-09-11 17:31:46,2017-09-12 19:03:50,2017-09-20,3cc17798f7ea0f6d88c1088cbe2500ba,2017-09-08
8f7fab386de53dade383a220ad572f8b,fdf99d9accfd2ec8e9fa26abde5052fb,delivered,2017-09-03 11:23:45,2017-09-03 11:44:08,2017-09-04 18:00:06,2017-09-05 15:14:36,2017-09-15,5a80f871a5b5059b2aaa903b9aca7e27,2017-09-03
fa01cb3e41fcdf8cf3c55e01a5477d46,1d6e9c33f7ee14a1f4e320fc43a2515a,delivered,2018-07-04 21:28:04,2018-07-05 16:35:04,2018-07-05 14:02:00,2018-07-10 12:11:07,2018-07-23,9a80d874fda962e48fc7f4e890779607,2018-07-04
79f0079f45f137b3a4d31ebbd20de6c2,0078c6b33ae4a3f03de57a8ad36648e1,delivered,2017-04-17 14:31:01,2017-04-17 14:45:28,2017-04-17 15:16:50,2017-04-24 10:42:00,2017-05-10,31d436bafbad927dc79b130826dc3404,2017-04-17
fb16eb7d2922cdf521797850c680dacf,ac9e6e9eb60ce06ba93a4c311618f7f5,delivered,2017-11-30 11:41:35,2017-12-01 11:31:18,2017-12-07 20:51:45,2018-01-05 22:40:45,2018-01-02,27c850d0f82040e3d590dbaa6c8fe2a8,2017-11-30
b4eed0937529c145938bdfcb03ed14d2,c4dc2f61b3a3548a9a879a265f8fdc92,delivered,2017-11-05 01:22:08,2017-11-05 01:35:27,2017-11-07 19:08:38,2017-11-09 18:08:04,2017-11-24,bc5d06f01d205ccbe00aa95fc6672f0b,2017-11-05
49fe48be474d1436868ce63799d879ad,383a18583130a2c5aff97babf33afc61,delivered,2018-04-29 19:32:34,2018-04-29 19:50:14,2018-05-02 14:58:00,2018-05-04 19:34:42,2018-05-17,beddbb1fbb0080439cb71155f91607fe,2018-04-29
33a3567a036169435a622361c5d3b79e,4b05dcf5667f512fe23847c483db080d,delivered,2018-08-24 13:05:30,2018-08-24 13:15:14,2018-08-24 20:06:00,2018-08-27 17:51:42,2018-10-01,c7b32f8451f68e4cd4130b53f73464a0,2018-08-24
efebff1dca02ecdf264035398365351f,7e67ce30689f185fd8257747f004a86c,delivered,2018-08-26 22:37:58,2018-08-26 22:50:21,2018-08-27 13:21:00,2018-08-28 21:41:28,2018-09-11,3443e2eebf6b2795c6bac47c21c62f0d,2018-08-26
cfa8a62cd97f213de2dfe3854b480d62,87949ad6f282389d95ece15ca405f030,delivered,2017-04-24 09:08:24,2017-04-24 09:22:29,2017-04-24 17:54:39,2017-04-26 10:54:12,2017-05-11,bf1a13fc4e7ff0468a495376254ae92e,2017-04-24
e0918c299a0186482e345c9117932efb,5fe8b0027f57218203b52466e6794402,delivered,2018-06-13 09:22:13,2018-06-14 04:31:29,2018-06-14 15:43:00,2018-06-15 22:04:28,2018-06-25,26de1221139ffa056d0cf87fa12aee3f,2018-06-13
55e54fbe84b592cd76e9cb620b4e41be,9228ed405d056055c5dad4e6f0acbb55,delivered,2018-08-14 18:02:25,2018-08-14 18:25:19,2018-08-15 13:18:00,2018-08-21 11:49:34,2018-08-27,f5f952a560930218fe4572aaa7908e5f,2018-08-14
70d0dedf8c23e2cedca5915427acd101,e89602b2442a8d65407ba198d614502c,delivered,2017-01-17 16:58:06,2017-01-17 17:15:16,2017-01-18 14:22:10,2017-01-28 11:57:18,2017-02-15,7a9d69fb7ce2ceca5c5c2a4f7f597250,2017-01-17
83aef7faf3400f2ca6fa465a8f483657,9176c1e845dabffbee3999f577d0af6b,delivered,2017-09-09 21:12:37,2017-09-09 21:30:14,2017-09-13 18:33:36,2017-09-27 20:57:45,2017-10-04,341bc186ec99d0ca059753b8eebeab19,2017-09-09
d57dc0719a809a0b1f533d4b150fea47,41e5e8ebaf5c8d1409814afd4174567d,delivered,2018-05-14 16:47:21,2018-05-14 17:18:42,2018-05-16 12:08:00,2018-05-21 20:48:40,2018-05-28,6b7b588213ec0b5218a8e173c34b9293,2018-05-14
8ee8c0426394f8fb52861464aa0b4b40,04ccf04b81dec817ff694f6af34a2a59,delivered,2017-11-19 09:21:27,2017-11-19 09:35:25,2017-11-22 19:58:38,2017-11-24 19:17:39,2017-12-07,6c2dbbeb634605dc4cf25ce12ab038c0,2017-11-19
ef464b5c221c372f20ffb3510ba0c771,d107d120d25c054cc96132e3a88bd900,delivered,2017-08-27 15:07:00,2017-08-27 15:24:25,2017-08-29 18:23:33,2017-08-30 18:29:50,2017-09-08,a7a8ecad8f436f77831bc451d9c7078b,2017-08-27
c3b620f59a689c3ca6b5884d2f6c6ac8,180404f910942ed7c4b5f3e952007686,delivered,2018-06-02 21:02:12,2018-06-02 21:10:15,2018-06-07 13:18:00,2018-06-12 18:09:01,2018-07-12,4b8de93e678913a76119426a57064d7e,2018-06-02
b1fad4d8e73fbb65137e444730f5f99b,2651df049fbe11e77d8f0976b6a20f9f,delivered,2018-03-18 23:45:35,2018-03-19 00:08:48,2018-03-21 19:03:16,2018-03-27 01:40:45,2018-04-16,56af007e31282a184554d2a10d4c01ed,2018-03-18
ce14d0bfa18669c84f4f4f4f97cdb917,3e2e0f10e34e89292fa6b67eeddcfa31,delivered,2017-07-07 17:10:50,2017-07-07 17:23:41,2017-07-11 18:47:52,2017-07-19 17:49:40,2017-07-31,46396696dd307e5520002de8054d8483,2017-07-07
4d4626c2702b9593578cca934d41a295,1231a3c78ad446565be676d68db0fc23,delivered,2018-04-09 10:46:01,2018-04-09 11:10:39,2018-04-11 00:41:26,2018-04-17 13:38:52,2018-05-07,e6287b52d3a5a496a5dd7f44d8763f40,2018-04-09
ac80289f28f597052345117f4d4720ea,1c255703c54df2a7a2d7a756ec70b210,delivered,2017-11-08 18:45:19,2017-11-08 18:55:55,2017-11-09 18:38:53,2017-11-20 18:45:46,2017-12-04,5228300dddf25d07706cef4490cc5b2a,2017-11-08
8e66b37a5e6e28c5a8c59bc36989a673,edb6cd94abbf0498720c0d11e5da17c1,delivered,2017-05-25 21:49:38,2017-05-25 22:02:39,2017-05-26 10:54:18,2017-05-29 14:58:06,2017-06-07,6fa0de0198ccb5dff7de07dd4c139150,2017-05-25
0ea1fd1eeeb46df9770ac9d07e1e71e6,7e819d9576db510d58fb2df67b84a8d5,delivered,2018-03-30 16:32:37,2018-04-03 05:49:09,2018-04-04 17:19:17,2018-04-09 15:58:43,2018-04-12,f55e47d7febeb28f40031382f1c0a0fb,2018-03-30
5288a5c8ebb19306a1564b85ddb068f0,14afd6611044699b2f2f2afe32af6cc5,delivered,2017-10-22 08:46:31,2017-10-22 08:56:25,2017-10-25 17:04:57,2017-11-03 21:09:16,2017-12-04,e287f4581acc932dba78075a1d2cba49,2017-10-22
bf2cb71b1f79c1f44fbd98358c2ba7b4,ce8053eeb82d6a9d295bcf24ee14c2dc,delivered,2018-06-14 00:13:09,2018-06-14 00:39:40,2018-06-18 16:00:00,2018-06-22 00:48:32,2018-07-25,4a57a917ce8603ebcb5a9e36f4d6916d,2018-06-14
236d21060f892e44cfdfb2846ea93133,e39db554cd5f02b4f95308fcbb7c2028,delivered,2017-03-15 09:33:40,2017-03-15 09:33:40,2017-03-17 13:49:44,2017-03-20 11:17:02,2017-04-03,90b9f69b2d368d2b0cb867d9816d48ae,2017-03-15
7031b05cc11f30cbe06d8ec8ab1b58b9,7b29a7ee094e5b0bea7fdec9439ce6ac,delivered,2017-11-25 10:24:17,2017-11-25 10:33:30,2017-11-28 02:31:46,2017-11-30 16:48:35,2017-12-11,50b90d909412b651e6ffdc676dc05060,2017-11-25
b84b43e566c6ce70855b9eeae7ac52aa,aef4827996835761f7264f56ead80bb3,delivered,2017-05-24 15:30:18,2017-05-24 15:43:17,2017-05-25 09:23:07,2017-06-05 13:17:41,2017-06-20,cbd70d39b38dc382a7104dca8fa6ad28,2017-05-24
bcdd99725db7d4c2fd9468f0fcf3cfa1,ec44c35c1f4142d89e506f87f9ffc183,delivered,2018-02-16 22:02:09,2018-02-17 01:27:01,2018-02-23 19:07:47,2018-03-03 10:32:10,2018-03-06,a366793a4999f8cc135855c4dd347421,2018-02-16
74eba88c228b81196e604cffff7b4fe0,a68cdc54058fef9b59574466e8231423,delivered,2017-06-27 21:33:36,2017-06-27 21:45:17,2017-07-04 13:46:15,2017-07-17 20:06:20,2017-07-28,f77175df6ff1b5ad4e0beb0a0ff18f82,2017-06-27
3ba97310c8f8f6f5e9153973e87297ae,54c663f10feb1c08f00b25ea8bf63b86,delivered,2018-07-22 23:29:16,2018-07-23 16:46:01,2018-07-24 11:47:00,2018-07-27 17:22:39,2018-08-06,e43977fa0ec0e6106858b8df6e682bed,2018-07-22
f419588594e9e500fbc4ff2138de9f53,7ad5a2ceca2e508196ba057b5fef8b19,delivered,2018-03-18 11:27:13,2018-03-19 16:14:08,2018-03-20 21:08:38,2018-03-21 22:36:29,2018-04-03,09caadb9c8673125908bd447304316a1,2018-03-18
ba1f4cf892df702e9b730cb54d9fb063,0ee95c043bcf195d5315984c992278ce,delivered,2018-06-22 22:36:48,2018-06-23 01:40:09,2018-06-25 14:45:00,2018-06-26 18:24:46,2018-07-05,dc3a1cd88f30749e7a67596c09e15750,2018-06-22
b1abc0fe22da191344832b1b462d08c9,ee269c739b58491e77a2d01460616914,delivered,2017-10-25 00:21:44,2017-10-25 00:56:38,2017-10-26 17:42:39,2017-11-13 20:32:22,2017-11-22,d2ab3371950e187ebbb884d71f4ec15f,2017-10-25
88083e8f64d95b932164187484d90212,f67cd1a215aae2a1074638bbd35a223a,delivered,2017-02-18 22:49:19,,2017-02-22 11:31:06,2017-03-02 12:06:06,2017-03-21,bc1896dc77f49e6dec880445a9b443a3,2017-02-18
c33b68bf731561417deac5156e97409b,2fc3d22dc42a3baf9d85dc2a32e88e90,delivered,2018-05-08 09:34:28,2018-05-09 04:31:30,2018-05-09 14:01:00,2018-05-21 14:26:43,2018-06-01,4b2ec5fe566123a68654db191821f9cc,2018-05-08
d2d67121a09535b3a7b6a000e58d8625,a17dc8aaea9743dbccaca067b5ac3b43,delivered,2016-10-04 22:15:11,2016-10-06 16:00:41,2016-10-10 16:00:43,2016-10-13 16:00:43,2016-11-24,faae4bdf680651e40005ea6f0f90e8b8,2016-10-04
d28a0d4aabf9fe1941c36b8d1af9bd5a,d9bfba2f23389250401438a7d9875a93,delivered,2018-08-03 08:08:06,2018-08-03 08:24:07,2018-08-11 07:17:00,2018-08-15 20:56:36,2018-08-20,c7eac605a5da4866c5d534b5d6836797,2018-08-03
355b3b76919942127a5b1adf689f1f2f,367e6be143018c5f8b5d70dc90713fed,delivered,2018-02-10 02:19:28,2018-02-10 02:30:26,2018-02-14 19:35:46,2018-02-19 11:32:40,2018-03-07,ea3f9ba2162d33a56fa8ff315f2c38ce,2018-02-10
55ca27587481961b3a085c32da46f015,f7affc6b52397ec89170a5d381b270f0,delivered,2017-12-25 16:31:47,2017-12-25 16:48:57,2017-12-26 16:16:18,2018-01-05 21:58:54,2018-02-01,dfdffd35b1c6aa851c28fea6657be2e5,2017-12-25
516ddf29a9e99c8997f914e6b389cd19,e9932a09e352ca9e469f31522a8466f0,shipped,2017-03-23 23:44:58,2017-03-24 23:50:18,2017-03-27 14:26:33,,2017-04-13,8b1aed2dad15fcad8eb2a5c555e2d26e,2017-03-23
631f239214469de434c64b7d2b34ab0c,7999253f86e8bc72609944e1559375e2,delivered,2017-07-17 22:38:21,2017-07-19 03:45:17,2017-07-19 18:13:45,2017-07-25 23:59:42,2017-08-04,143b40fd55a00ba0dc549aee4380ff5a,2017-07-17
92ee8a7ca1333a436b9d734e896c6aaa,f93d90fd1cf12ee957502989080365ee,delivered,2017-08-19 12:10:21,2017-08-19 12:25:13,2017-08-22 10:42:01,2017-08-25 18:12:51,2017-09-18,b7af8d5477367ef021ff680a10c4f142,2017-08-19
6842f24d4244c95a3f022986885293c5,b855beb4e42f78851fdfe5670f7e29ba,delivered,2018-02-26 12:35:09,2018-02-27 17:30:30,2018-03-01 17:39:27,2018-03-18 15:32:26,2018-03-20,fe86854f299d065a1024c42c1e7ec3e6,2018-02-26
96e95ca6ffb5d5f7d5a8f26a525c2cc9,5c2d52dcfbeee8704168520a5e9433e2,delivered,2018-02-13 21:24:28,2018-02-15 04:11:03,2018-02-15 22:25:02,2018-02-19 15:35:31,2018-02-26,97625fd75d6a36a9e81d03bc684b85bf,2018-02-13
814ea040061a40f0e1c8e5decbc2f507,349207309e806b55fea5c3defaf97cd1,delivered,2018-01-24 23:19:03,2018-01-24 23:32:54,2018-02-01 01:26:29,2018-02-10 10:04:43,2018-02-09,cf4935767b14a8312de405de5d5bbdb5,2018-01-24
2da8bce3611134cc95cb5d33bf1e2d3b,a6fa8cc3630641be4f18edaee5e36e77,delivered,2018-07-06 11:16:55,2018-07-06 11:31:07,2018-07-10 14:44:00,2018-07-21 10:32:51,2018-07-31,6a667f841f29f2f64f042b037875469e,2018-07-06
0e79e80abdb81ad5003ede1e8d4ef4e1,eee59a7417089496b809841d6e0d41ed,delivered,2017-11-06 09:04:52,2017-11-06 09:15:32,2017-11-08 16:22:44,2017-11-16 18:28:27,2017-11-24,c5752c026096348f9d760b778b250e75,2017-11-06
ccffad477fa78262d2690795ed9a2016,18b117cbbdbd26006b08dc421eea3650,delivered,2017-08-07 10:30:17,2017-08-09 02:50:40,2017-08-16 23:23:53,2017-08-23 20:03:22,2017-08-29,e74f0beabd33b4d1e84e1449acd113f4,2017-08-07
1711f625690d080211f8c55bab2e12cc,18e6b781ea6f01f2b0a73bfc54aa2509,delivered,2018-03-18 17:56:07,2018-03-18 18:10:28,2018-03-21 15:09:40,2018-04-05 21:18:55,2018-04-11,a7ee34e7515c34aac2ec1f799e77fb42,2018-03-18
0ad3d55b3745d0afb5dd2d9f86c25dbb,09147d2789c6b1e2b4f0b8bd46d48013,delivered,2017-12-28 00:09:13,2017-12-28 00:18:24,2017-12-28 21:21:53,2017-12-29 16:02:55,2018-01-17,2255e8b829acf40cae2c637bc5a4abd8,2017-12-28
a8385b0ed2ef8109ce800b799f53fb7c,6a3c8489b5fc2d567d6cd3c7fa976cd6,delivered,2018-01-08 00:08:44,2018-01-09 07:22:49,2018-01-09 18:45:19,2018-01-10 21:34:21,2018-01-24,a71a8dc9089adfc205c6a96e131488f2,2018-01-08
ded4e6e4d721200bd599d81e5b29901f,c9c50e93a64b30608d9fc63f83a6ef19,delivered,2018-02-23 21:00:11,2018-02-23 21:15:33,2018-02-27 01:04:23,2018-03-09 16:24:24,2018-03-20,5e871c9a2abe08c6315f3f922b7043be,2018-02-23
ae06bd80c3727ee5b35770126f4da2e9,7b17817cb492e3928f13c083175addd2,delivered,2017-12-04 12:15:23,2017-12-04 16:45:00,2017-12-08 15:33:55,2017-12-14 16:54:57,2017-12-27,58b140151c2e86124d5ed6a6b6b5b7cd,2017-12-04
0342b8bec301294021371c16411b6c40,2d26266839bdc081b22334efe8f14230,delivered,2017-09-27 16:05:45,2017-09-28 19:25:26,2017-09-29 16:12:36,2017-10-02 14:33:21,2017-10-13,dd6e665621eca3de5e37b072f7d50f0c,2017-09-27
e5f48c85f53cb4d3f36b6cca32673337,2e2efd740af343446e6b2aa4e1480d60,delivered,2018-02-17 10:16:55,2018-02-17 10:33:03,2018-02-21 18:47:32,2018-02-26 18:57:04,2018-03-21,142575266950512b56af193f3962270a,2018-02-17
4a987097277f21bd90f8d6e50af76593,b29693f7db88126b2b3dc47b54ab7d7f,delivered,2018-08-12 23:25:26,2018-08-12 23:35:16,2018-08-13 10:04:00,2018-08-21 16:42:58,2018-09-10,8ce45913b5d9185d69241192b44c03d1,2018-08-12
fa13371966ea8d560a9f52d266d68a63,d3049798de0a92c334a345fd314a106f,delivered,2017-07-26 15:59:12,2017-07-26 16:10:28,2017-07-27 14:43:52,2017-08-14 17:04:49,2017-08-25,15a480fcc3228507ec7306a3e4468bc5,2017-07-26
5601bfbdacd066beef319141c35b8db7,aff84476fe7c86a9ff8e96d3c6bc66c7,delivered,2018-03-27 15:04:16,2018-03-27 15:15:25,2018-03-28 19:05:24,2018-03-29 20:22:06,2018-04-09,db1518d4f3d2b231f85bd717a46b20b4,2018-03-27
d5de010b46ae0907273f83e91822a024,c091ccef2611f33bfe395e5b62fb8cd4,delivered,2018-04-03 02:09:13,2018-04-04 18:10:17,2018-04-05 18:33:00,2018-04-30 19:59:42,2018-04-30,7d5664afeae895f34b87f585edf5a3be,2018-04-03
de658852c7c4ebef68f148bdd87fbf41,5586e236d573bcb1147d57afd4671456,delivered,2017-12-23 18:48:11,2017-12-23 18:58:20,2017-12-26 22:17:16,2018-01-23 18:48:07,2018-01-19,0f86ef9aae9a89589f6ee2b2f611dd9c,2017-12-23
015a7c64361928a0782ec0e705174b6d,c9eba034ee5ffca9771a1a60f603c827,delivered,2018-06-17 19:54:47,2018-06-19 03:57:28,2018-06-19 11:11:00,2018-06-29 11:19:36,2018-07-20,8b773922de721ae547665eb8713eff08,2018-06-17
107e9841427111622a645103d621ffeb,078fa6a7ee9792303695a290a8338ed4,delivered,2018-06-25 12:08:39,2018-06-25 12:37:46,2018-06-25 14:47:00,2018-06-26 20:08:41,2018-07-05,6db9feb5d3b5debb0327978b7213d9c3,2018-06-25
f7c14483b0baaae57ea57152605b3b2f,71ce198713478fd4a64201e685d158be,delivered,2018-03-26 08:27:19,2018-03-27 04:08:43,2018-03-28 20:41:36,2018-04-04 17:11:52,2018-04-12,75efe002b4535e3301867e2286f775f7,2018-03-26
e588678a890ca4670d41a53647394505,b33277887e30554f24705f41eb15f8a2,delivered,2017-03-06 15:18:38,2017-03-07 04:30:09,2017-03-07 10:12:08,2017-03-20 07:54:46,2017-03-23,26a9401fa4e6ec700b7a7fce51d984ec,2017-03-06
c9c9e0b5e174e13426bc9daf1372bcef,c0cb698788546cbf3a16fec3522ef2ce,delivered,2018-08-09 20:16:15,2018-08-09 20:30:16,2018-08-10 12:55:00,2018-08-13 17:48:40,2018-08-16,445fb07c9d21bf62b5b66866ec7a02f7,2018-08-09
a8a6a00e8c77c47036c858cd31616c06,7b27454c9ffda675b16639328cd0fd89,delivered,2017-09-28 20:11:40,2017-09-28 20:28:10,2017-10-02 17:32:29,2017-10-06 19:27:10,2017-10-25,7d5a870ed0df8cb39ff13375c8bea22e,2017-09-28
1c8c87765ea79e8a75b27597f1ba8c24,7f43acabae2904f587aa6281c266644f,delivered,2017-08-01 22:22:56,2017-08-03 03:05:08,2017-08-03 18:32:44,2017-08-11 15:15:37,2017-08-25,e0c23e8f0daad02d842426dbf4cc1fe2,2017-08-01
636b730a85bdd05024f5570316c55597,aab40101c236c289136308bec1c940ea,delivered,2018-08-14 13:22:24,2018-08-14 13:30:20,2018-08-15 13:52:00,2018-08-16 20:20:47,2018-08-17,a37ee9764986cbff29ee8cad80dc08bf,2018-08-14
0fe5606eaf29eece073a6ca9fc9dabf9,ac3fbda55576ed7a4a8335993a6fda28,delivered,2017-11-19 01:56:03,2017-11-21 03:46:25,2017-11-22 22:19:01,2017-12-04 23:18:49,2017-12-22,4318e437fafa30b16f2395e7c809cefa,2017-11-19
18eb4d832e52cddbe2f64a22e306b8d2,51b424dde01849b39f54942246285df5,delivered,2018-02-05 17:36:36,2018-02-06 03:35:41,2018-02-07 22:26:57,2018-02-23 18:13:30,2018-03-01,a4e4931721ffc5a1a9eff1a31b12840e,2018-02-05
b096dc568c99f644a9b4450068053521,13bed793d521d388809a0381e2935d27,delivered,2017-03-05 22:19:19,2017-03-05 22:30:16,2017-03-16 12:12:52,2017-03-24 15:12:21,2017-03-23,c8d11d072b5bb5a782e1db5a00df96ba,2017-03-05
965170ca17f32cfe4f86f41ad6b55928,e23855ce6b59ad9517f246b3928f6024,delivered,2017-06-27 13:32:43,2017-06-29 02:43:53,2017-06-29 14:32:18,2017-07-05 12:28:39,2017-07-17,0768877a5dbf444856920314ffacd831,2017-06-27
35e1000125ea64ee7fcffec9d5e110b8,45cc4fe542c5247bad9b6b91f91a7a43,delivered,2017-11-24 16:55:30,2017-11-24 20:37:32,2017-11-29 14:53:05,2017-12-18 22:17:51,2017-12-20,f6f8020bc407845a385390e6c0b194d3,2017-11-24
a3b8577da20bded7d651b76f6de4e2be,2cae47942c8ec4b0b35568cda80c913f,delivered,2018-03-31 21:54:03,2018-03-31 22:09:37,2018-04-05 23:26:31,2018-04-13 15:22:27,2018-04-19,0957aa68c756fee82c61443a461b32ff,2018-03-31
f016f70bce12ff9eb5a876d2e191145c,74039339ff3957a296aacfac63404d07,delivered,2018-01-03 10:12:24,2018-01-04 05:16:10,2018-01-05 12:51:32,2018-01-22 18:16:51,2018-02-02,9cbd89da8b8f46bf400af96fb5f98189,2018-01-03
aaeb782b2c3417edea48a095560116d3,3a380b8de221b015307dedbd1d90b692,delivered,2018-08-08 00:38:57,2018-08-08 00:50:10,2018-08-15 14:21:00,2018-08-22 21:41:44,2018-09-06,4f61f987195e64cefcaaac744734ae43,2018-08-08
6f9c77bec121542d4ebb3b5b536cec1e,a165516b8faabeb29fd9327885ba1b66,delivered,2017-08-16 19:58:53,2017-08-16 20:45:14,2017-08-18 14:33:55,2017-08-21 15:42:58,2017-08-29,509eab7285d2b1211b06ba44c9d8137f,2017-08-16
58e6f7e9b845a911922aac26ef668902,96e8f4d19162a5c81e5b7779e6e69947,delivered,2018-03-08 19:49:33,2018-03-08 20:09:36,2018-03-09 19:51:47,2018-03-19 11:28:32,2018-04-02,222543b13fefc85279037e682dc320ce,2018-03-08
f70e496275be271e81c7b475ae260e97,be3f653814f8b66735640fc2b33c326d,delivered,2017-05-31 20:00:34,2017-05-31 20:10:15,2017-06-06 12:06:22,2017-06-07 08:42:18,2017-06-13,9d1ae2a14c567187ee52a25acc85c142,2017-05-31
a84c48c1c9adb6611355f0c6b2bb05c8,286c8b63684dda5b90c2cede81071744,delivered,2018-05-02 17:04:17,2018-05-03 17:09:04,2018-05-04 14:21:00,2018-05-22 20:22:23,2018-06-04,3ad2079de998f4e615677485447a6926,2018-05-02
eb2eb20abe0258707c152cc393dfcb16,962b41ee521809e7435fdac0d93063a9,delivered,2017-07-15 10:28:32,2017-07-16 10:25:07,2017-07-18 13:27:41,2017-07-26 16:07:50,2017-08-08,8b8545eb716cbef0248f0546f3335c1c,2017-07-15
f4a9a8dac06f384b1b71b01d433a1a5b,69c28b2b49b4b0b3beba4e396cee5551,delivered,2018-02-19 10:13:31,2018-02-19 10:27:42,2018-02-22 18:46:55,2018-03-29 12:58:43,2018-03-16,f97d06a1f2852e15f64e0036d03f486a,2018-02-19
6a868efa34dccad934e939877994dafe,1c83b73238f155f8726794789086c6a6,delivered,2018-07-20 15:01:43,2018-07-20 15:10:25,2018-07-23 14:41:00,2018-07-26 21:32:14,2018-08-03,4f7853c1b46c1db7ecd23c82cc589acd,2018-07-20
1f7b1777ff930e68714185203983f11c,1acfc461171cf780ba4bec023da997aa,delivered,2017-07-26 17:25:21,2017-07-26 17:43:08,2017-07-28 16:09:27,2017-08-02 20:32:19,2017-08-22,8f526972ca6f23406e6b89481b5a8730,2017-07-26
c671c0f8b33c619e3e77d7ccd3b934e0,447e1d91885790660c82309c87fd2422,delivered,2018-02-11 20:19:41,2018-02-11 21:00:25,2018-02-14 16:39:53,2018-02-19 16:06:53,2018-03-07,2cd86dbe4ab909dc6c4525da850e4ccc,2018-02-11
de6743691fe06b0d7ed439f7cea17278,d3747fcb04e6ef1d6b9ac173fe2a6098,delivered,2017-02-03 13:41:39,2017-02-03 13:55:10,2017-02-13 15:14:42,2017-02-17 13:08:40,2017-03-16,a1943c69247cff2a92d8a4b419e74371,2017-02-03
5210cc27d1cb0011f4a1124f5507e163,973911eeaa507296d3b1e84be1c6c4c0,delivered,2018-01-07 18:07:43,2018-01-07 18:15:40,2018-01-08 23:32:55,2018-01-19 13:34:48,2018-02-07,19cb65cc7310ae4eef4f15bb70539d01,2018-01-07
4bad08b56f16face64a87351f339d728,da7ffad22e58bcd1a5116f8fb1b661ef,delivered,2018-05-08 08:40:20,2018-05-08 17:35:32,2018-05-10 13:26:00,2018-05-17 18:24:48,2018-05-23,ea566669e9c38192fb24134377f68ac9,2018-05-08
6ce881977271c8a9ee70289bea9f843e,5a6b832708217e795c324c1572a0e7ad,delivered,2018-02-15 17:24:49,2018-02-15 17:35:31,2018-02-17 00:07:57,2018-02-28 04:05:45,2018-03-07,2136bf33d9fc1ca62184fd10978d6f24,2018-02-15
e13f9d9f79f8325d4f77d26e7384e9fd,cf818420383856a129134f5f8343f7b8,delivered,2017-07-11 18:23:43,2017-07-13 03:04:39,2017-07-14 18:34:26,2017-07-25 02:53:28,2017-08-04,795c495a65f983b242fb01bd507977c5,2017-07-11
3bd0f236adc665a39d6119dea1d84854,7f697183db41b9bfde416dad05efc578,delivered,2018-01-03 09:16:57,2018-01-05 02:38:36,2018-01-08 20:50:46,2018-01-15 18:52:52,2018-01-30,6223bdc5aab952ee49dea3511f89e7ec,2018-01-03
26df00352f2528817ab4065c2f3f519b,bacb470287effcf681e17db354675ca6,delivered,2017-10-24 19:14:55,2017-10-25 02:26:24,2017-10-25 17:50:06,2017-11-01 19:06:52,2017-11-17,d46cb22c2ac60df08c075b3331286314,2017-10-24
b83bcc2e6111826562978d06d5de4e7e,ef80d9d1d4e44ccbe835add86a3db3b7,delivered,2018-08-02 16:26:56,2018-08-03 02:50:37,2018-08-06 11:10:00,2018-08-10 19:16:30,2018-08-13,8cadc16a3352b3a9a6701d3701ebcbf4,2018-08-02
fe8019fe8dd1f1af8ba5c0ffdb113a74,c9fca216d2d1ece33dbddf9fa36eaa9a,delivered,2018-05-04 16:32:19,2018-05-04 16:54:31,2018-05-08 13:25:00,2018-05-09 13:16:53,2018-05-23,445e36c0849ad359c7b6d99786c3357c,2018-05-04
edbb1c3fa6db2f898b18c037eaf3aeda,81c85ade1f801f40a652307a81133738,delivered,2017-05-01 11:43:05,2017-05-01 11:55:21,2017-05-02 14:00:43,2017-05-19 10:42:45,2017-05-25,e7731d1a79fb1d9a03364cceedcf07c0,2017-05-01
f235384f00231b97741506296a4cca59,974cd55c75131d2735f64c848baa392d,delivered,2018-06-04 22:53:54,2018-06-04 23:10:42,2018-06-05 10:15:00,2018-06-13 17:56:39,2018-07-16,e3dd44babc2c1139943a55cf99e21a76,2018-06-04
881d60b41ea9627a5428fb78693fad34,4a4b708ae01ec6ef1344971eb80a1a65,delivered,2018-07-24 12:31:27,2018-07-24 15:25:14,2018-07-25 11:02:00,2018-08-02 17:55:55,2018-08-07,35c09f58f876343230e0917e8b4309c8,2018-07-24
3c74e538974fb013e938fbdd7d83675c,0b94e6ad540003cdc27b09854bd6f76f,delivered,2018-08-04 10:08:19,2018-08-04 10:24:12,2018-08-13 15:54:00,2018-08-16 17:50:16,2018-09-10,1c74c4374e229167743e71a8c2235726,2018-08-04
1b1d6a3f8e1369c613eb19c40dab5624,e8c7b1e1584d6ba2f13473ac8e3e7cbe,shipped,2018-03-13 20:56:03,2018-03-13 21:10:31,2018-03-14 20:03:34,,2018-04-04,f19e328e47fd205fba41312020a92771,2018-03-13
bdd9b76103b5ce16eb842f7ef68cdc4e,81b50a6cf4950dce19790e9da3d687c8,delivered,2017-03-01 17:02:09,2017-03-01 17:10:18,2017-03-03 14:35:39,2017-03-09 11:27:49,2017-03-22,0f694fd4f48c446b2c7d433a2fb9aaf3,2017-03-01
aebed143b42af20da37583ee7e4cb7e0,b5ef1085bf64f02d47ec2374bc101964,delivered,2018-04-26 12:53:20,2018-04-26 13:11:26,2018-04-26 14:32:00,2018-04-30 18:16:54,2018-05-16,74069aaffb6e561e1bc4ede8de7c03af,2018-04-26
e5b6006d8448540e314215fd9924e384,0e93ee922bae01f842f765995049ba02,delivered,2017-09-18 00:21:26,2017-09-18 00:35:12,2017-09-19 14:15:45,2017-09-20 15:24:36,2017-09-29,12e7914c84b7a9c91360288b642a4492,2017-09-18
ccafe6201982b2369baac3ad28c67188,ad5c926ff77843378ead512cdef2bf85,delivered,2017-06-06 22:27:33,2017-06-06 22:42:35,2017-06-08 06:47:40,2017-06-14 14:12:18,2017-07-25,c5f6047fb345ffd234cf5b26268988be,2017-06-06
ec3883b4ed5e5fc1913ad14630cfd4e9,8dfa98c80b5f5c083b784cf0e18b8b0b,delivered,2017-09-11 17:16:35,2017-09-11 17:50:20,2017-09-14 20:09:44,2017-09-18 18:52:32,2017-09-28,ebeecfc2296bbc5e1d40766fa975b6e3,2017-09-11
9d6e7e70e068602fa740fc3163cefd3b,066bab10d1281abb5baefa5d7772cce0,invoiced,2017-10-30 14:25:15,2017-10-31 04:15:15,,,2017-12-29,f8ac33ce25aad89ade14c52fac3cc452,2017-10-30
13feb36353a2bb1afaeeed63e1ef8d18,5f2791dfb8b8683c630912e13b6a1e12,delivered,2017-11-06 20:41:23,2017-11-07 05:31:19,2017-11-07 16:52:19,2017-11-14 21:07:44,2017-12-05,0676ed36c5d0ebe8fa2466b73043bb4d,2017-11-06
22959002637f051e9409b93827d07973,c2ebc443491a9e2442aa5ae1192fc745,delivered,2018-04-19 18:19:32,2018-04-19 18:32:01,2018-04-24 01:32:33,2018-04-26 17:57:30,2018-05-07,a4bd00d0d3db09794b60b69d53c3e8dd,2018-04-19
623c190b25a7394ccec057f6a0d31aa7,4d4beb06959716163a97e5b3e713cea9,delivered,2017-11-24 18:54:52,2017-11-24 22:15:37,2017-11-27 21:59:30,2017-12-13 00:57:00,2017-12-21,0242712d1c9c34808dfa88c597c7b0f9,2017-11-24
aa4634ff761133d98df37cc039021823,7a0a62073458a64b47eefca7f10df997,delivered,2017-11-21 23:18:44,2017-11-22 23:26:17,2017-11-24 16:58:55,2017-11-27 19:47:41,2017-12-01,1e205cb5b560915fb3923bb9bdc41d93,2017-11-21
1331dc8ffa1f74d72675d852ab80ce27,b0d8f7648894c3e70452444a98591a4a,delivered,2018-02-03 17:22:31,2018-02-03 17:35:27,2018-02-08 19:08:40,2018-02-22 19:42:33,2018-03-13,35eb2f5565a1100fd2224bf0617e3cca,2018-02-03
29583d296cc7341cdde689ee5b9f7ccd,0edde23ca18770904c4a9f6a53168de2,delivered,2018-01-18 15:18:27,2018-01-18 15:36:25,2018-01-23 14:53:18,2018-01-25 18:22:27,2018-02-08,334525197c620d55513139cbdec6f593,2018-01-18
0ff527b55e45686048447523eccdcf1d,d30bef84e4af2ef322bfabc74aef5bc1,delivered,2018-04-24 14:49:29,2018-04-24 18:20:07,2018-04-26 13:45:00,2018-05-08 19:34:42,2018-05-18,7ac97af02f1b3af23fdca333aeda4122,2018-04-24
d40cfeb2e19997b52a5832dc2e21fa02,e6ae6d4bb3f3d149478ff1752ee09bcb,delivered,2018-08-22 13:05:05,2018-08-22 13:24:29,2018-08-24 15:09:00,2018-08-29 16:36:41,2018-09-21,f6f8348845db2d4145279380278b2221,2018-08-22
a14d45b8e72c7df8d9d95f18f6f448c9,6f4511798549eb82e7ced95ae05a73c7,delivered,2018-01-09 09:11:00,2018-01-10 10:32:39,2018-01-11 18:47:18,2018-01-13 01:06:58,2018-01-23,ec989c63f79613bf066335e25f808df5,2018-01-09
bbf4d375e40f5e365a316b81b16829b7,e49b50780a322146eecff0b0b3603454,delivered,2018-01-13 10:58:04,2018-01-13 11:30:57,2018-01-15 20:07:44,2018-01-26 16:21:07,2018-02-01,cf5f997ce06e6afb5cc7c856ca28ec92,2018-01-13
65e64bd96d206ac3c402d7af655ada63,463f511566778c137e18a75c7882c055,delivered,2017-03-15 15:41:19,2017-03-15 15:41:19,2017-03-16 12:43:52,2017-03-22 15:54:00,2017-04-03,301bcaac6077aa5e56aa5b6559846534,2017-03-15
719769cb35a220eca4b7e96e588c6a19,b9133ddeb2aa090e1ec0b645f1a2e9a0,delivered,2017-11-08 19:05:31,2017-11-08 19:30:54,2017-11-10 21:46:52,2017-11-23 23:42:54,2017-12-07,01413c132b54b9b7dfadc2ee71ef78c8,2017-11-08
5652c98b769d7fdf952be85f0f4caa1f,4fd594b33e2da5053468c2d40423a142,delivered,2017-04-03 21:14:36,2017-04-03 21:25:09,2017-04-07 16:08:55,2017-04-18 16:56:00,2017-04-28,f153879fc6570bfe766b0d7552d963a0,2017-04-03
c9e24a111a89474ce28ed0bd70b94eb7,9fcfe82c37e25dfce47ce11e071c1d2e,delivered,2017-07-21 22:40:14,2017-07-21 22:50:17,2017-07-25 22:08:04,2017-07-28 16:39:05,2017-08-16,1a683ae636a1f7080cebb8f9361a5afd,2017-07-21
ae9cea7635a780b7d610e7f6a56ace53,9067115ae8194f77f3f22f8236ae8bef,delivered,2017-09-06 20:36:51,2017-09-07 10:33:30,2017-09-11 12:23:43,2017-09-19 19:52:26,2017-10-02,fc8fdb59b2733fc11ea6011d9b85396c,2017-09-06
8057404f0b48f9bc5a2e1c8deab5a8d4,cdc1ba89d0d408195ecd707031d452c3,delivered,2018-03-26 13:05:50,2018-03-26 13:15:41,2018-03-27 23:18:51,2018-04-02 15:50:41,2018-04-12,b6dcceaeafb74a8be1797c846c8d2d76,2018-03-26
f5d76afa9187f43bf70b16cea5c97c1a,ccc6b603a6ee64e0609840764d63c4c6,delivered,2018-03-13 21:42:21,2018-03-13 21:50:41,2018-03-15 20:18:50,2018-05-02 10:27:35,2018-04-10,2a9af07882fab0b54952a87a696dcbad,2018-03-13
c41e5bb170e2a4647f22c8f8f2f07ca7,6b91cdd21fd6d3495008e52d498da1d4,delivered,2018-04-03 00:18:25,2018-04-03 01:10:15,2018-04-04 01:42:24,2018-04-04 18:50:49,2018-04-13,4e1ce788c3955bb1da32a51ab6d80c66,2018-04-03
ee6e534a07e12c5f2bf72cc7fc6873df,161b084b1da1063f12c806260be8b0fc,delivered,2017-11-21 20:36:39,2017-11-21 20:47:39,2017-11-22 14:15:03,2017-11-24 14:47:17,2017-12-04,99ecdb0f83b8ff0d128247f377170e57,2017-11-21
5f66067164a5ca7adf49a87bfe4cccc1,319481c968caf99d5daa782270571d51,delivered,2018-07-31 18:29:56,2018-07-31 19:31:41,2018-08-02 17:46:00,2018-08-21 22:08:38,2018-08-20,e9feb443162e083e5affc833800cb8c1,2018-07-31
63abb9284ecee60580728402681f03eb,7eddbbd19827172dc6eb8b5b89ca48c1,delivered,2017-08-31 10:14:13,2017-08-31 10:25:07,2017-09-01 15:29:40,2017-09-15 15:42:58,2017-09-22,9df003d3b514c12b11f0a3992bbec569,2017-08-31
621a8d2076a3738d27d6f6b2ad81a906,2e74695f084dffae7616ee59ca7e0cb1,delivered,2017-08-13 19:41:28,2017-08-13 19:55:20,2017-08-15 19:04:41,2017-08-23 21:07:54,2017-09-05,4526812697e5009ed522d5c6a85a7452,2017-08-13
6ace4fd24c8e5661014f21454a84bf1c,7d1c74a9dd318349ca7f7740a0a1e07b,delivered,2018-05-20 18:06:06,2018-05-22 08:34:03,2018-05-23 14:49:00,2018-05-28 12:38:34,2018-05-30,379b077e3aef2c67cbdf14468a14249a,2018-05-20
4314bc5f821b1dec819c7ac9634e78ce,835b77fb1d343086a8b314286ff03844,delivered,2017-11-07 22:17:13,2017-11-08 22:11:11,2017-11-09 21:33:48,2017-11-10 19:18:48,2017-11-27,f159157758cbe290f9f762321ba673e4,2017-11-07
d74f695d00f9997798afe64684937fff,68fefc3d63ca480cc15d904be2e9b2b0,delivered,2018-04-02 14:08:43,2018-04-02 14:31:18,2018-04-03 23:05:16,2018-04-23 21:13:51,2018-04-24,72dc9d3afc7d95b61351044bb1a8e99c,2018-04-02
755081a4b07434c22e87b3bbb0b5f3aa,858b19e77f1119a522e8cae0f62b4a52,delivered,2017-04-14 22:06:34,2017-04-18 03:55:47,2017-04-18 09:48:17,2017-05-09 08:29:10,2017-05-18,335dca3381c46af9cefb53cf603dde07,2017-04-14
0ee7b1f086c44cbf2dc1efbdaa69bc19,5b89802df153a87a24a6f52d70b239fa,delivered,2018-02-05 04:38:08,2018-02-05 04:50:21,2018-02-05 19:37:37,2018-02-21 22:29:08,2018-03-05,e4c8df04e1dec6ac80207fcc656479de,2018-02-05
ac23bb5f547b54edd5f51fc7395f1b82,103a3e0dc4ce3737213fa7c10a839e5c,delivered,2017-06-16 16:06:19,2017-06-16 16:23:06,2017-06-19 20:56:30,2017-07-03 17:03:19,2017-07-10,5c9f8eb104e412ca09525d20441de41a,2017-06-16
a4e1330b19a4ac8c7b846ec56de79bfa,121025bfb3f2ba59f3df6aab33216cd8,delivered,2018-03-02 10:14:08,2018-03-02 10:30:36,2018-03-08 22:31:02,2018-03-26 22:33:33,2018-04-04,e60d32d446c543a9af42c36bf266b0ed,2018-03-02
2def71c3b4ee133da4476d4d0ca8baa0,874dc4a508727925e855857a24f95ee5,delivered,2017-11-15 11:45:03,2017-11-15 11:56:03,2017-11-16 15:18:50,2017-11-28 20:04:57,2017-12-08,f4c659ec6db0bd31138440116e500c4b,2017-11-15
e4243fe53d2000098de6ffa02b534c15,e580ce0715b4e85a46c690cef7406942,delivered,2018-04-19 20:15:46,2018-04-19 20:30:44,2018-04-24 13:56:44,2018-05-02 14:32:31,2018-05-18,04fab0f0f931f86a5d1eecb8103f2ae8,2018-04-19
01a3ee1c837fb57db23d898f0eb5111d,a07376bae88bd48df71a590d7191739c,delivered,2018-01-23 12:35:21,2018-01-23 13:01:04,2018-01-24 18:22:56,2018-01-29 18:19:06,2018-02-07,ccbf23953fdda487709f41c2ac5c4f00,2018-01-23
669babbcc5a7d69089e009a0be4899d1,7ae506d2e77e32554f60329f4e2c7166,delivered,2018-03-20 21:56:55,2018-03-20 22:15:42,2018-03-23 13:38:41,2018-03-26 23:26:52,2018-04-02,a28a5fe949b977470684931ff0bb061d,2018-03-20
e26a9355696cba36e197aa6d82141af2,2e8e3f794df1fef1c624a2cfbaccb385,delivered,2017-06-08 18:13:24,2017-06-09 02:45:15,2017-06-12 09:24:34,2017-06-19 20:26:35,2017-07-03,47196dfe68ed542eb0e86d1cb3577cf4,2017-06-08
6272bdc9e3d3595dd169c8e393525c7a,56c21e2328ef84f850b6d2bca3ffc96b,delivered,2018-06-20 18:44:03,2018-06-20 19:01:03,2018-06-22 13:19:00,2018-06-28 21:09:58,2018-07-24,50bad3c6808bef768cbb6518e58a3a1a,2018-06-20
c01f21ada50a5698452ca20ddc90925b,158db85090bd642aafcc397425ea1b83,delivered,2017-04-24 16:44:09,2017-04-26 09:32:45,2017-04-28 11:08:38,2017-05-05 16:12:41,2017-05-17,7378e1df7887e19e853c88113e3885ec,2017-04-24
7884c6faab9a4bbe9835842887be94cf,d9bb6e1f3042e7656a442937844361c4,delivered,2017-04-25 20:58:58,2017-04-30 20:31:03,2017-05-05 14:20:25,2017-05-16 14:00:03,2017-05-23,3eeb49e6442ff15d7d723a428ada5588,2017-04-25
f30e8dff78289bedf547826b43376e36,892510fe0e53bb84948939d77834d932,delivered,2017-09-21 13:19:41,2017-09-21 13:30:33,2017-09-25 17:24:11,2017-09-26 16:51:35,2017-10-06,9a3deeff34ac02910ea88b8fe9088066,2017-09-21
1a87026789a452cfc4547ee851e606a8,68b9181084221650dafccfb866231456,delivered,2018-01-08 12:50:22,2018-01-09 12:49:09,2018-01-11 14:07:25,2018-01-16 20:23:39,2018-01-31,94dd59941e972cde278936a99898a8a6,2018-01-08
dd243f2ee1552c0153cca5488479d421,d0fd0cd7822a432d1fd18885256a0535,delivered,2018-04-18 12:21:54,2018-04-18 12:31:43,2018-04-19 21:28:40,2018-04-27 22:12:11,2018-05-08,23febc782c96a86789d1019d7035afb6,2018-04-18
046ce63db7db8b9160b6231429c8ea66,581e111945cc20950fe90ffd21931234,delivered,2017-08-23 15:25:07,2017-08-23 17:33:03,2017-08-25 13:22:41,2017-09-15 10:57:56,2017-09-27,dfce961e8a71f5cc6fe22ce68bf5be89,2017-08-23
687827c3a3bcdf03c6956d9bbe263ed5,448c7012ea9044144e5006640fe2709e,delivered,2018-05-19 15:57:55,2018-05-19 16:19:11,2018-05-21 14:23:00,2018-06-01 19:24:32,2018-06-13,4cc442b5cc7d361e4da6bf55b07fe23f,2018-05-19
3f9b32db01f2cbd4be222670d0ce11bf,09718b930e5b6950bff2d1e632ad3bbf,delivered,2017-11-24 23:44:41,2017-11-25 02:33:11,2017-11-28 21:28:44,2017-12-21 00:18:26,2017-12-20,a2facd878fab4118f431179231580ae5,2017-11-24
86292405a21099d6258be8e7c39d78b7,ccd522d435c739999d81c22b58f4b2fb,delivered,2017-09-10 21:27:03,2017-09-10 21:43:44,2017-09-11 23:03:42,2017-09-20 16:07:18,2017-09-28,29a320c6171cd298488f738f26d0bd61,2017-09-10
2b817ffe275f53457e3a7ad80ee2abb6,dfd41da5573e846644da5472f0ec44b9,delivered,2018-02-27 09:34:14,2018-03-01 02:48:14,2018-03-02 01:05:22,2018-03-20 11:11:58,2018-03-21,07085a7c8011394b3aca6c46c66e538d,2018-02-27
5476692f5bd7809bea1c3e1b737f9246,002236c4f333bc8df6a5939749eb7869,delivered,2018-01-22 20:16:33,2018-01-23 20:12:56,2018-01-25 18:04:45,2018-01-26 22:18:31,2018-02-06,dbedaa0402e0dfa8b90fb9557424c5fc,2018-01-22
027a84a16c22c706669f35d578853f3e,5993edc559f101a53914bdcdd9d230bf,delivered,2018-03-31 14:56:26,2018-03-31 15:10:15,2018-04-04 17:53:31,2018-05-02 17:06:53,2018-04-23,5250c9708a2b44c10bd5cd9f94235290,2018-03-31
ae035e1469cb0bf0ca6cd2a459277b9b,a5b1788e56a07a32ec0868df19424fb3,delivered,2017-12-29 12:37:06,2017-12-29 12:49:22,2018-01-02 18:23:41,2018-01-09 14:59:18,2018-01-26,177f2def59a1d552967886732b0ffd8b,2017-12-29
17200822bf0cbc26df339538be1384d5,8f3ca17afd7d48dfbf1aff93b99101c5,delivered,2018-04-25 10:49:37,2018-04-25 11:09:10,2018-04-26 08:30:00,2018-04-27 23:03:24,2018-05-09,65ee274b862c5c053367be8a70dbc029,2018-04-25
4518ab57ad7e9009e40b69c17bc005b4,e2ea5d3c88c24ad6e25e013caf2a3606,delivered,2018-07-31 14:36:47,2018-08-02 05:25:17,2018-08-02 15:16:00,2018-08-10 16:57:22,2018-08-13,3ff874206f1d7d1e3ffe12bc9c88c27c,2018-07-31
aff838e0ae35f413200f05a7f9e42510,b4aaf53bf90a2f7dfdfd39b0b4671f6a,delivered,2017-07-25 12:23:30,2017-07-26 02:23:36,2017-07-26 20:19:47,2017-07-31 18:47:55,2017-08-16,a0e50f0b5a4607abe5de2da45756064f,2017-07-25
443ca495356740c3822c77b19cf02c4a,8b764bd5e763af6c2154cebd54e1f66e,delivered,2018-08-15 17:18:49,2018-08-16 03:15:27,2018-08-20 16:49:00,2018-08-27 16:22:51,2018-08-29,32583a4bb59d2e82e5c5d2924d26b509,2018-08-15
f8332e57ea462615c306d9c51333b744,c8264ac3fe404850da5ff804eb71d719,delivered,2017-11-29 16:42:47,2017-11-29 18:12:31,2017-11-30 20:52:12,2017-12-13 01:06:02,2017-12-22,6d28f57652e4507db7b08764b0fbc789,2017-11-29
a8843eefca185666dee09101b9507b49,0e9832988bc93080e7b8ce36707b3bd1,delivered,2018-04-18 17:33:44,2018-04-18 18:09:46,2018-05-09 08:01:00,2018-05-30 16:32:54,2018-05-14,36f49bb6a0f1e6f0233c16ea0591c0be,2018-04-18
2c024a45efe2ae33a9efefcb6e75e92d,b73b03516fb44881dc64a39fd4124df4,delivered,2017-12-04 13:35:30,2017-12-05 09:17:31,2017-12-06 23:52:27,2017-12-14 13:26:49,2018-01-03,80ea96959a0e0842307e1b4ab4c32c63,2017-12-04
d310b57747a742fc3a54a009114a77db,02bcb5c3c7be18d730eb163301b658d3,delivered,2018-08-03 11:15:31,2018-08-03 11:25:10,2018-08-03 13:06:00,2018-08-09 15:48:42,2018-08-21,ff79fdd5f36879f082c750ee2bb5ae4c,2018-08-03
8451987578eed983c36e639e9753c917,60b2620611c1fd25c9d812a6850fdb4c,delivered,2018-02-12 14:28:34,2018-02-14 09:50:26,2018-02-16 13:18:48,2018-03-01 01:22:07,2018-03-16,fc1dfd68f0a1dc5fe990ddd27bf197d2,2018-02-12
d03ca98f59480e7e76c71fa83ecd8fb6,56b1ac2855cc6d7950b4ffa6a9b41b0d,delivered,2018-08-29 11:06:11,2018-08-29 11:24:02,2018-08-29 17:46:00,2018-08-30 23:56:54,2018-09-04,0421e7a23f21e5d54efed456aedbc513,2018-08-29
6f01c1ae0db33636a3424c8239b8290a,5c6f90081fa82c6502575fd32cf54c2e,delivered,2017-12-02 12:37:17,2017-12-02 12:58:31,2017-12-04 18:25:05,2017-12-05 16:53:37,2017-12-20,fdaccf442f4f2638678e895e425b4919,2017-12-02
420c0f82633702db7d2cbae2ee56f66a,5c18204fce76f05ea2cce79dd159684d,delivered,2018-03-23 13:10:56,2018-03-23 13:28:26,2018-03-24 00:24:30,2018-04-08 14:32:44,2018-04-12,43b64de675e9c2795d681799cae98b4c,2018-03-23
04c5574dca3570ecdde1cf8527993017,32cce0517ae46ccab825ee186eb8734e,delivered,2018-03-22 08:33:23,2018-03-22 08:49:16,2018-03-27 23:32:42,2018-04-03 19:34:25,2018-04-10,acf584f769dffdbc8e1ffcf59f1c5329,2018-03-22
de29736b0c955c213b7ba952d5f3b9ec,c73c9dcfbc22dd5f107fe8ac7382978a,delivered,2018-04-02 18:49:50,2018-04-02 19:08:05,2018-04-14 00:14:38,2018-04-19 14:12:17,2018-05-08,1a2e7faa3054228a9b5b2a7f24b7e580,2018-04-02
005a1dded353107dbabf8ffc83a20365,d7165639dc4a682258711343560a17d3,delivered,2018-02-09 18:00:00,2018-02-09 18:10:50,2018-02-14 23:40:04,2018-03-02 22:41:48,2018-03-07,eac51d2355307babc49fe52bc8b7d336,2018-02-09
6848638dc76d21225ff520f55b46b0ef,04f2f2e3624a1655e5c1ef9ea74db99c,delivered,2018-04-06 19:50:26,2018-04-06 20:09:24,2018-04-10 18:40:47,2018-04-13 11:18:43,2018-04-23,a9e0e08c05dc05fdb69b1ac2b18bfd82,2018-04-06
6054edadd122478439d42520ff966ebb,4bc8f7a705444a6eea9eee3dd8b9102c,delivered,2017-06-12 21:32:57,2017-06-12 21:45:15,2017-06-14 12:24:16,2017-06-27 18:38:51,2017-06-26,fe8d391d6d52830a3299805d3fd5a0a2,2017-06-12
904c018f707a0589da06a1c53e970492,df3450e94b312b2a7ef8517bd09a52f2,delivered,2017-06-13 10:17:04,2017-06-13 10:30:15,2017-06-16 15:11:43,2017-06-29 14:29:36,2017-07-10,92272a7a0e11f7d949a982e647a6d286,2017-06-13
f4bc8c5c2d0700575efaf3a5f913bc65,2658ec91fb28e93c99f2ff35dc81dc43,delivered,2018-04-06 18:57:46,2018-04-06 19:10:17,2018-04-09 22:26:26,2018-05-09 18:16:45,2018-05-03,6d5838fd74581697201defab8ea33797,2018-04-06
3d8ed993d912b6305a7e18299ee3f9b9,d0eec32751effe65122bc065642428c4,delivered,2017-07-31 21:58:08,2017-08-01 00:15:18,2017-08-03 19:17:35,2017-08-04 21:32:19,2017-08-11,c0ea3dca938e9ae207fa38719297efcc,2017-07-31
41b7766bb1df487d17fb9725b78ff509,31e83c01fce824d0ff786fcd48dad009,delivered,2018-05-14 15:15:30,2018-05-15 18:16:06,2018-05-21 16:14:00,2018-06-01 20:32:00,2018-06-11,f0767ae738c3d90e7b737d7b8b8bb4d1,2018-05-14
295f86e82a2d290cce6aef6009b55fb6,de95cd6494b4ee95bda2334c60d3d211,delivered,2018-08-06 17:52:03,2018-08-06 18:04:51,2018-08-10 11:36:00,2018-08-11 16:10:51,2018-08-14,d1990780329d15c7997f6f1a55c49c1f,2018-08-06
2c1a2f921c5be4edef5b3cc5f8e79477,edd297f09df0a4096fd1162bdc7327a8,delivered,2018-03-23 07:33:27,2018-03-23 07:50:28,2018-03-23 22:09:45,2018-04-10 21:42:49,2018-04-16,d50d0e32a047a94ae4d0722c82fd013d,2018-03-23
b75a6018e7dd4580ea41116341ec362f,157d0e216493fbaacd5ea9175f15076b,delivered,2018-02-13 17:36:29,2018-02-13 17:47:53,2018-02-16 15:58:30,2018-02-27 20:59:47,2018-03-16,171485408014aed36c75286eb7bb0535,2018-02-13
978fe45a42f99b9534520c4a5d880af6,55acee103cfe584bc279a010f6c6dab4,shipped,2017-10-26 19:12:53,2017-10-27 16:31:57,2017-10-31 01:17:44,,2017-11-21,70d58870c1a5f29a875f77716e5b34c6,2017-10-26
b488199329eb003825d6c439a19b58e8,600064af2cd8f3883167c77f726454e1,delivered,2017-11-10 10:57:36,2017-11-10 11:10:38,2017-11-22 16:33:24,2017-11-29 18:58:54,2017-11-30,6d5e4aeab1ba2f977475eee031e74e9a,2017-11-10
85d069ad55d052e43bfa0dfee9b079eb,f1bfdcd08a92feae90319538b67d7aa1,delivered,2018-03-29 20:21:56,2018-03-29 20:30:19,2018-04-03 17:18:32,2018-04-06 19:08:30,2018-04-26,1b9d0a0c0fd5211ae01a554419120554,2018-03-29
db090a16182b263b1e896bb26c6f66cf,b58a35cb4e1a1f9ea74dcf0b2639a9ac,delivered,2018-07-13 16:14:08,2018-07-13 16:44:09,2018-07-13 13:59:00,2018-07-27 11:34:31,2018-08-06,fd837fa3548f0e74f75081f38a34e56b,2018-07-13
3653ba2a669b704adc9d572f511941d9,0ad19196f5e5abc8052e1d46a24a6522,delivered,2018-01-21 11:59:58,2018-01-22 14:17:59,2018-01-24 13:48:56,2018-01-29 21:21:11,2018-02-26,7adb6f043d9770e3ba73daf87f9a760b,2018-01-21
f726de924d4419207ba2ba5f81608a24,5bdae14bdd8d815341b841422d5c2919,delivered,2017-10-29 13:42:54,2017-10-31 04:15:27,2017-10-31 16:43:42,2017-11-09 20:51:39,2017-11-28,2ccbfecb5f5c6b8d616e79abec45c0e0,2017-10-29
9e5608d7d556337c7a3f1bb6f0eea5b4,14f78603f7b2d6fb21d975186229cc2a,delivered,2018-05-07 11:58:52,2018-05-07 18:10:39,2018-05-09 12:12:00,2018-05-15 17:12:34,2018-06-01,893d467f49ececb3ba48d7a0e43d7adb,2018-05-07
75a9432bc86fcd9061f4557cc03183ef,9bd6c5fd5a674475ce62d2eba940d701,delivered,2018-08-20 17:14:29,2018-08-21 08:55:29,2018-08-21 14:08:00,2018-08-28 15:07:41,2018-09-10,1a4e78b4dd5dcf620f9256901eac431f,2018-08-20
2ec97dfd085ac4fe7b1fa12819d9a36c,4d53dc075b6e8ec9618f3d8a80b14942,delivered,2017-05-08 13:29:57,2017-05-08 13:42:16,2017-05-09 07:48:46,2017-05-18 09:39:57,2017-06-06,8f4968221af78d6f248322ad465279fc,2017-05-08
fe489200f721ffaeee9f708dae591569,e2a1ff977c145d903e6dc4e6e13213f7,delivered,2018-01-19 21:59:11,2018-01-19 22:16:18,2018-01-23 01:22:18,2018-02-06 20:03:17,2018-02-16,804066f58bd2fee2a3ed13a6216c47f3,2018-01-19
0bedd120ca5fc643805cd124f8805a86,da44b6af8b732fcd253a4dcc4afb1e7a,delivered,2018-04-09 08:53:39,2018-04-09 09:10:10,2018-04-11 20:25:47,2018-04-28 02:06:50,2018-05-15,82ae6166d6590f3144f98840587e7ed6,2018-04-09
8d6f70397db05604f0f4ccca7e376f12,6fa8e1a64acacedee7747c7e67715bca,delivered,2018-08-09 12:29:47,2018-08-09 14:30:19,2018-08-10 17:48:00,2018-08-13 12:44:38,2018-08-23,e7d6f5cff2438726fe10482cae9c257b,2018-08-09
a811f33c743a891f34de752bba733292,2ca947be2dbb0219314e655f888bd799,delivered,2017-03-10 18:34:44,2017-03-10 18:34:44,2017-03-13 09:56:01,2017-03-20 12:40:47,2017-03-31,a2de395141e65ad3d059a19c67c497bd,2017-03-10
a3bcfe79545bb67ae644a743a96d3cb0,9e4792211fe473a4851bf09c9f521f2e,delivered,2018-02-06 13:08:01,2018-02-06 13:35:03,2018-02-06 23:26:50,2018-02-20 18:23:18,2018-03-13,8b0b362398eeb00def78a223f9a48aa4,2018-02-06
40ccb6520c6922d1712766b66922e72d,ac55147578581612a3f796fe48be77d8,delivered,2018-04-06 19:25:50,2018-04-07 16:50:21,2018-04-09 20:48:26,2018-04-10 22:22:39,2018-04-18,1808e751aa698286626ce3c3396387c3,2018-04-06
315012d9bfdbacc2e9bf37cb91a6d338,5fb78b81a40494c48b3b18db5daa050b,delivered,2018-03-12 18:04:05,2018-03-12 18:15:34,2018-03-13 20:31:26,2018-03-19 20:58:36,2018-04-12,29b5825f7138d1010b5bbfbd129104c9,2018-03-12
2b40731966a5ce118fc7ca8b1cac993e,fd041a6da0b3bc599811717a2f42f7c2,delivered,2018-08-03 22:49:53,2018-08-04 22:45:12,2018-08-06 15:35:00,2018-08-10 04:48:50,2018-08-20,eb0bb04784b2f275ec5dfd88e0b4b8a2,2018-08-03
a77cca7194eb954b66731eb2541cfd9f,e589d2ddec56141383e6964017fe1cd2,delivered,2017-06-09 11:21:19,2017-06-09 11:43:07,2017-06-09 15:12:32,2017-06-19 17:14:42,2017-06-30,99fea958ea50f6594a30223fe83e8bce,2017-06-09
095d64baca2fe257a3dfe98da12f0460,c13f247183bc165964e488ea322be2f3,delivered,2018-05-03 13:51:07,2018-05-05 03:50:25,2018-05-08 15:09:00,2018-05-21 21:16:18,2018-05-23,67c96d10b5b6bc1f49410cbdc5f7b282,2018-05-03
f6b1dc24c91967f654555ba2830d5341,77b710e700482dfb6a75bca2f3ce4f0a,delivered,2018-01-26 14:17:49,2018-01-26 14:34:16,2018-01-29 16:58:44,2018-02-07 23:12:47,2018-02-22,d6a5b3ff038cb536d77130362360dd40,2018-01-26
35ba49bc8738a496558fdc62d9303342,4be4f52196e60842e26db6a85eca7d70,delivered,2017-09-27 23:32:44,2017-09-27 23:49:15,2017-09-29 17:22:17,2017-10-07 12:41:49,2017-10-26,b49b2c657a8e73683be19111b5754ca5,2017-09-27
7651f70d3acb1fcca5c5df23cd0f4308,b1fea71a27ce5536a619387408296d47,delivered,2017-09-04 12:15:28,2017-09-06 02:50:26,2017-09-12 13:39:22,2017-09-19 19:45:51,2017-09-29,88055311adcee315a7c05930e3849363,2017-09-04
00f6ac4816d12f49026b09f2aa77d15f,9bb70fa63970b9d88191a90481d551da,delivered,2018-08-06 17:17:40,2018-08-06 17:30:14,2018-08-07 14:39:00,2018-08-13 16:18:48,2018-08-27,d2c6c89bd52a9b70417f90313b1ce4a3,2018-08-06
1c94cd7e47639e11a41267b5c5eb7694,e5010ccb54ee9788ee5df0ceb378a7d5,delivered,2018-01-07 11:16:38,2018-01-08 11:08:19,2018-01-08 20:50:10,2018-01-12 20:04:35,2018-01-31,2b3ae868911dd0534cd71f4f30a02264,2018-01-07
ce2c9e84f00cfcc06d866288b23d051e,2a770b1e258efae5b00f4d53a673a955,delivered,2018-03-21 08:39:07,2018-03-21 09:08:12,2018-03-21 20:43:32,2018-04-09 17:22:08,2018-04-11,0927a38a967e0964544501deb58bd1b4,2018-03-21
7193174cc8337ec716bf7bef671ff759,625d57e5548cfd6cc1a5cb259fee61d6,delivered,2018-06-16 22:35:09,2018-06-16 22:57:37,2018-06-18 14:04:00,2018-06-26 17:48:36,2018-07-19,f13df728bcdb6984053eb041866d0b9b,2018-06-16
32ef380c758846764ca11d7f07672ee2,60eeade25d247c12ed374aae5574282f,delivered,2018-03-19 15:33:29,2018-03-19 15:50:58,2018-03-23 01:32:01,2018-03-27 23:03:44,2018-04-05,39764cc782cd106848fa1ae25cb2ad4e,2018-03-19
9fc10bcc93ad640d50e93cf996487104,6aec8808c6e537b8129bdfa4b572fb9f,delivered,2018-01-17 14:31:21,2018-01-17 14:50:45,2018-01-18 17:26:54,2018-01-19 15:28:02,2018-02-01,4b7e6033848b60b9492388db740eaa13,2018-01-17
8bef37e0a778afcdf32118f376beb9de,332ea0e2b2e87e9ed11f7aee42cf698f,delivered,2017-01-20 19:33:29,2017-01-20 19:45:13,2017-01-23 11:52:31,2017-01-30 14:09:01,2017-02-28,44e2da016dfb42c8d28e6ee043a812a2,2017-01-20
88834299d278c558dc9d76e61f0c2388,9617b9a23d254b90cd66aa0569a647c9,delivered,2018-06-09 19:24:48,2018-06-12 04:35:48,2018-06-12 13:35:00,2018-06-20 13:33:18,2018-06-28,b341f164a262ea8b386ad5f9e0e9f5e5,2018-06-09
25ea76c2e1524d813d0a0c15bba57426,6d77bcf2df82e334d47d16c53e0ac628,delivered,2018-06-13 18:42:39,2018-06-13 19:01:18,2018-06-14 12:41:00,2018-06-20 20:59:28,2018-07-12,f074e68d0790b67a2a8f620f6b451e57,2018-06-13
27a22bb13b2fc366ab20226479a22f5a,f5d8a545323f03c74139eb656ad7c355,delivered,2017-09-18 20:07:26,2017-09-18 20:15:18,2017-09-20 13:42:56,2017-10-05 22:04:06,2017-10-13,6d780482b7719d663ea50118c3f5ae7c,2017-09-18
a37d2d7219fd59058812f25e500a9a59,b9f3a86f04f939473dbfd9002f5595b2,delivered,2017-07-02 12:32:04,2017-07-02 12:43:41,2017-07-04 06:13:46,2017-07-07 15:31:54,2017-07-31,c914157f8f00a3b4fb31e9e4f02efb0d,2017-07-02
cd40bf01af63092e8abbe10a893710be,c2ba1add3e5b2df51357caedcf3ed04f,delivered,2017-10-02 16:29:42,2017-10-02 16:49:21,2017-10-03 17:10:13,2017-10-11 00:51:26,2017-10-27,313356b1d0c1460ef5ba54625e25d3fa,2017-10-02
1f2549d7ef318c284a2434ac629030ea,6d1cbce9f904172f2aa5c4ced52814f7,delivered,2017-11-30 15:09:58,2017-12-02 15:10:37,2017-12-05 03:24:52,2018-01-17 19:33:02,2017-12-26,8335dd62c5eacbf136c1613ddf1b06b3,2017-11-30
0af0621c001cb61ae1559c8f6417e1c6,239e340d23f21f1c9886eeb7c3d16c27,delivered,2017-09-17 15:12:35,2017-09-17 15:27:58,2017-09-18 17:58:57,2017-09-26 23:14:28,2017-10-04,2972286f33b3b191ff705035a1951441,2017-09-17
927a3d94fc86be42541c5261c741308c,dad68695d925cb31f658f7ef23036efc,delivered,2017-09-24 13:17:41,2017-09-26 04:14:21,2017-09-26 20:32:47,2017-10-02 19:04:29,2017-10-18,f9a05abe212e92bcc74fa436b1d1ee25,2017-09-24
3af6b9f9ea8f6b9c7fcf82f988e895e2,c8db7922514ad8197fb03934a9352c9e,delivered,2017-07-07 16:30:40,2017-07-11 04:05:36,2017-07-11 19:23:46,2017-07-12 14:12:59,2017-07-20,bab2644600d5999aa5cb93ee4ca45cd6,2017-07-07
da486904a2675b4a8878493429ead8d0,4e911c5f3035b48107c98b60f7b7c849,delivered,2017-10-13 15:11:41,2017-10-13 15:49:28,2017-10-16 18:04:02,2017-10-31 23:34:58,2017-11-03,dc53ec127fe3acbc6de0d7797c224e3b,2017-10-13
e2d21f16357e9da293db665a9d8a646e,b8b9976c697fc55f094b7ccf924c602b,delivered,2017-08-16 14:07:08,2017-08-16 14:55:22,2017-08-17 17:17:06,2017-08-22 20:50:51,2017-08-29,d3447240c4cab426cda9a36a1962f892,2017-08-16
c3cb4f1d84665efbb1bf71c31950b9cf,1d38e09bf3ba5793913255c5a736c6e6,delivered,2018-05-14 10:05:46,2018-05-14 10:34:50,2018-05-15 14:52:00,2018-05-18 16:18:34,2018-06-12,28f6c5e53f39cd45ccd6b22fc82cd1d1,2018-05-14
ed7d20ff07724a8c068aff6e6d621796,c7fb8d16c191ca0497f91b330341f45a,delivered,2017-08-03 17:48:23,2017-08-03 18:03:07,2017-08-07 16:59:32,2017-08-11 19:14:24,2017-08-23,3c2d1aeaebbb7a4b9afdffbce5628582,2017-08-03
57f49d7a95cd831411b2ccf01fb36b67,778b5eadaf22818aeab5750e40f2f1df,delivered,2018-04-22 19:32:20,2018-04-24 18:49:44,2018-04-24 22:56:35,2018-05-02 22:54:47,2018-06-07,9c56ad3e615eea94ea6db0a2fc0a2ced,2018-04-22
0c92cd0095b2e1f57c013f2094f4e434,d09516047dc5fa84a13d5b3273c09a6c,delivered,2018-07-20 11:20:15,2018-07-20 11:30:17,2018-07-20 14:25:00,2018-08-03 20:56:48,2018-08-27,62c17a9631a1a12d877943b6d1515abc,2018-07-20
d7c012e27187d85decdff9178b5105e2,d41c394310a182cb056aac9346787d35,delivered,2017-11-29 15:14:21,2017-11-29 15:42:49,2017-11-30 17:13:23,2017-12-05 12:59:03,2017-12-28,8ccefd0fe3c240e494ee7326a9feca1d,2017-11-29
7fbe250d2d22b8976024eee98fef9cef,1479ff715a4d0d50f559fb434ffaac23,delivered,2018-06-25 13:39:13,2018-06-25 13:58:44,2018-06-26 14:33:00,2018-06-29 23:18:41,2018-08-01,67d6a4689d69970e70ea9a37ec01b17e,2018-06-25
b6eaedebebeb4676e1afd5b94b048d52,e9589b94323c72f2a3c8528cb3adeea9,delivered,2017-06-01 14:32:30,2017-06-01 14:42:35,2017-06-02 10:31:41,2017-06-19 15:47:29,2017-07-04,d015e027ffb187723f3abfbf1eddc7e4,2017-06-01
4eaac246ef696b5524caa40f105ca46a,2c5aa0da1dbbea77b743d83340ec4b4d,delivered,2018-06-08 14:59:48,2018-06-08 15:47:23,2018-06-11 13:01:00,2018-06-13 22:14:30,2018-06-19,518fd5c7114ebcd2e9fa25b0d06127e2,2018-06-08
50a2d9e8f28f577acd594ba29d58eced,cbc57689231f7033b69a4ddbfb2019c0,delivered,2018-05-21 22:40:43,2018-05-22 01:53:38,2018-05-22 11:56:00,2018-06-06 16:08:47,2018-06-14,14966bf90cc0602c4596907f533f9995,2018-05-21
6e6242aabab7596add1baa594d4e7208,ed0adcdb82431e20ce22fb6a1cb61d78,delivered,2018-03-25 14:07:31,2018-03-25 14:27:41,2018-03-28 15:38:31,2018-05-08 20:14:46,2018-04-17,0b63b2c21b768c3575305cf04214e173,2018-03-25
4b558bf5d439e084e8e7807e55a1b591,479b12d283470bd0a6e5e143e4e97ea4,delivered,2018-06-11 01:07:28,2018-06-11 01:38:26,2018-06-14 14:20:00,2018-06-20 22:31:51,2018-06-29,e2b52947b91ca54d47df98ebb45d134d,2018-06-11
40e469fab44c238159217463721b36a3,7cbcf4e827dc81850e52179c4552fe65,delivered,2017-12-13 08:12:36,2017-12-13 09:15:23,2017-12-13 17:08:07,2017-12-28 23:51:28,2018-01-09,0f436e73766bc2048e67bf0fd585d8e6,2017-12-13
73c0fc13039b78072f6504565ebe2693,cff1d501592348b3c4708a9c9f425cf3,delivered,2017-07-26 11:41:17,2017-07-26 11:50:11,2017-07-28 21:05:45,2017-08-07 18:51:54,2017-08-21,2f6eabdd9cca65c0be3bda6a537ce2c3,2017-07-26
d6cdcb841a56b58210e4b5cf51842ae5,4567349a8c1c653990c0ef878c58a382,delivered,2017-12-19 10:40:51,2017-12-20 07:18:06,2017-12-20 21:37:03,2017-12-23 13:10:18,2018-01-08,9fa55e5021a8b65ef42cabdea443a8e2,2017-12-19
c185967262e6222ac9a864b18647ebc9,4c914527d97677f2bfd1c65421adde6f,delivered,2018-01-23 14:48:15,2018-01-23 14:59:24,2018-01-25 00:22:35,2018-02-05 18:43:16,2018-02-21,63387fd3e05eab4e51cf704f233db5a2,2018-01-23
90cc566706d738d2c3c67cc806e0b4ff,06e74e289cd7271757776a2b0aced701,delivered,2017-07-24 18:01:10,2017-07-26 02:30:17,2017-07-26 19:22:45,2017-08-02 18:59:01,2017-08-15,aa47b5f073e52de1872ad49240d50ecc,2017-07-24
0a0e76ba55e310fd24657a1f532b97c1,faf4c7a6a07938227b98f454caee1814,canceled,2018-06-24 14:49:59,2018-06-24 15:18:57,,,2018-07-20,b26bbb11c1875531633828f729d972ef,2018-06-24
27e64186c53a2a4b80641c116be0b834,d2bba849f339d556466b3cf88f912d36,delivered,2018-01-09 08:36:11,2018-01-09 08:51:26,2018-01-09 16:14:59,2018-01-14 17:42:12,2018-02-05,0714bb0eb4c336a6e5b3d962e9d03b42,2018-01-09
6d04ee9620b18893b53a68b7522f2fcd,bc648a06d0b0e1a59ce255f42c4949cd,delivered,2017-02-04 12:22:49,2017-02-04 12:32:32,2017-02-06 15:02:04,2017-02-08 06:13:43,2017-03-03,f0db0a54f2521254acd7eec3bc96b368,2017-02-04
05c30545ba4331e04ae0de1523bb41f4,eee54012f3ee01c587f3c2ba276b8094,delivered,2017-09-04 12:24:46,2017-09-04 12:43:59,2017-09-05 18:08:05,2017-09-15 19:27:31,2017-09-26,667f836c6b4cfebee7ed74b3bd753da4,2017-09-04
170b7a63bf7b5f3d511c138e81f06e54,66ca2ee8f30e613a3a693b7ba32936e4,delivered,2018-08-05 20:20:47,2018-08-07 04:31:23,2018-08-07 12:11:00,2018-08-14 19:46:42,2018-08-15,c80e2416ee96c127278f85b68e57e30d,2018-08-05
89fb8b371b28dcc037a9c1f798eacc81,666f323842b26742d638cea5e5599584,shipped,2017-08-21 15:43:18,2017-08-21 17:32:13,2017-08-22 15:58:16,,2017-09-01,48c22959df07213c483e0184c0dcdbf6,2017-08-21
24dd6883219c3c70aa4d84d059d279a0,17226a88d569de01674b6790dd3d6fbc,delivered,2018-04-01 02:35:02,2018-04-02 02:30:10,2018-04-04 22:16:31,2018-04-21 13:08:40,2018-05-03,d0f6a442ee95ea8674c2d8ba325f41c0,2018-04-01
0212767fce39149bfc2e12d54be96f65,b7079d031085e5dda5e1bcbd5ee3b031,delivered,2017-06-11 23:09:07,2017-06-13 04:43:01,2017-06-13 13:13:15,2017-06-14 14:41:45,2017-07-04,a151a9b996e1d74765c707cbf9fe0379,2017-06-11
dcaccc51fd72c756c94ebec8b6480b51,3771be0d7801bd5fe36223f4c83675b7,delivered,2018-07-19 18:40:43,2018-07-20 04:45:19,2018-07-20 08:54:00,2018-07-25 20:58:34,2018-08-02,b566f46e68c9857e7103d294f767870e,2018-07-19
3220cd63fe43f4d8ec90a2f1a2925714,869bd827e401cc44a918c5ee06db74bb,delivered,2018-08-10 07:37:44,2018-08-10 08:04:48,2018-08-10 11:38:00,2018-08-21 00:12:47,2018-08-28,462bdc23a9aeccf92dc12e5893e54c30,2018-08-10
8a9de8d81c80f26c6ed99cfe3fc60154,d45783aa0b9fe57e397da197f2bd7643,delivered,2017-07-23 18:52:50,2017-07-25 03:35:37,2017-07-26 11:28:03,2017-07-28 19:12:21,2017-08-11,8c34358bdd854f71325098f0430f95f1,2017-07-23
63691fa9c900687fdba06cdfee1b0ffd,e21675448953cc2578dbcb8dab0b0c57,delivered,2018-04-30 19:34:53,2018-05-01 02:37:27,2018-05-03 09:26:00,2018-05-07 21:12:09,2018-05-24,aa84e514b0adef684666ac8e4c022e13,2018-04-30
305117a349bea514f1b57f0d17aa7055,51b93a7b13da97fe20d275028db0c668,delivered,2018-06-10 20:38:32,2018-06-10 20:57:49,2018-06-19 14:13:00,2018-06-25 19:56:30,2018-07-11,733e51df45fe86e8dcfa035769cb3541,2018-06-10
f6eb6190398bfb32871584bd111dec04,76260335027bc37ab8baab5d49283ac1,delivered,2017-10-28 10:58:32,2017-10-28 11:10:50,2017-10-30 22:24:02,2017-11-03 15:13:48,2017-11-22,7ec0077665fe9020e7dfdb05b2be0162,2017-10-28
b50950170914e4e305ce324278513006,ce8089f79bfbd25ac982292f1764fa69,delivered,2018-03-12 14:58:09,2018-03-13 04:48:00,2018-03-16 20:42:37,2018-03-28 21:48:42,2018-04-04,a64afb855585c221c098e84459135d22,2018-03-12
7a189472050d185af07c5550a7dfc5ad,ab7d67572040ac842951475610557d96,delivered,2017-12-05 21:45:56,2017-12-05 21:58:54,2017-12-07 18:47:20,2017-12-21 16:52:06,2018-01-08,edbdd3649ed92048f7585873507282be,2017-12-05
841f2e1933fe5a504b9988e799265650,81ed477e10452817996fe3602e75b3cb,delivered,2018-08-16 09:29:06,2018-08-18 02:35:20,2018-08-22 15:00:00,2018-08-27 22:40:44,2018-09-27,fe5d307ceeb4ba712f7f926d3fe49304,2018-08-16
e3410c1b2ebfc0e23849d9fd01056878,265f3c6cbff516cd8fdb6c4caa566860,delivered,2018-05-03 13:44:52,2018-05-03 14:14:33,2018-05-07 12:30:00,2018-05-09 13:03:16,2018-05-17,cfc3985c3b87a7738830a0997c9d61c3,2018-05-03
eb2e70f9dff6ed61b9b0e5a02001d973,9c9221c1a68ce2bcdaf79835a2c9b319,delivered,2018-05-15 22:16:16,2018-05-15 22:34:04,2018-05-16 12:15:00,2018-05-19 13:04:38,2018-06-01,549a22adbdc24040832e65a60a044571,2018-05-15
35a1f77503821f43673d975ffe0bb7b4,bbcf8ece3eb8126cd7e507284ede76c7,delivered,2018-08-21 12:46:29,2018-08-21 13:10:39,2018-08-23 14:04:00,2018-08-28 21:32:14,2018-09-14,8c628e66ad97ce2163d23d1156e19a0e,2018-08-21
c537dcd8b3ea902501cfa7610144a641,8b4624f3ea37544e144ff4664eca38c0,delivered,2018-02-24 19:22:24,2018-02-24 19:35:26,2018-02-27 02:13:42,2018-04-21 00:08:49,2018-03-16,ddee3336bf30a4d449406c648e48462b,2018-02-24
fd0d8a359529c8fc086392d5b309d9ba,cc0790a628bcd4331e38e34d60f01233,delivered,2018-07-28 04:57:48,2018-07-31 04:31:39,2018-07-31 10:10:00,2018-08-06 21:04:37,2018-08-17,9787d0846546b31493d257d97f714f99,2018-07-28
cc779b75630b5b63955c7167fcadee93,9059a4de2206e2ebaf4f178ebbba19ca,delivered,2017-08-28 22:37:53,2017-08-28 22:50:12,2017-08-29 23:34:52,2017-09-12 20:54:48,2017-09-20,cdce9cc5f53c2468e1d74a0b51b6ffdd,2017-08-28
aafa7e2a173735576439ec483f27fa5f,8d6edf29c381a45a93d59919b6cdaae5,delivered,2017-11-29 23:56:24,2017-11-30 00:16:50,2017-11-30 23:16:02,2018-01-10 21:19:08,2017-12-26,b5af69f1d804d5ca35e8260e4f824f08,2017-11-29
da0a932ef9718aa2b198c6da94cd8cb4,392961e68205a2121f9b36f8116aa980,delivered,2018-01-23 21:33:52,2018-01-23 21:59:43,2018-01-24 17:41:57,2018-01-30 23:37:27,2018-02-07,8a530f19ed661d96a9911f0ff4c7a8f6,2018-01-23
f22420a030f491fdcaabbc5573a9ff39,001a57041f56400917a187dd74e6cbc1,delivered,2018-01-17 21:22:51,2018-01-18 21:16:24,2018-01-19 21:58:38,2018-01-20 12:07:32,2018-02-01,163b27a06a32c2fa565927170b59b5d4,2018-01-17
320f78fd535046175c97176db8c48b98,b23a21118740634a1bea05a021a9d95d,delivered,2018-01-29 15:49:12,2018-01-30 05:31:29,2018-01-30 21:17:00,2018-02-05 20:08:51,2018-03-01,dc1e294dceea9fbe6bd8646954e03c95,2018-01-29
4433add7ec1811cbdb34a289d636f1f3,c9e0d0359bc8996c8ab63442b39f3bbd,delivered,2018-06-12 21:35:49,2018-06-15 15:03:33,2018-06-18 15:24:00,2018-06-29 15:22:35,2018-07-12,4818e9b74711c62ee9b9ae1c9e174f06,2018-06-12
8fb7d40ee1093b202dec8c0e06e2d21b,7c31b35bce44552d9bab64daaadc1098,delivered,2018-07-03 22:11:32,2018-07-05 16:27:08,2018-07-05 14:47:00,2018-07-06 15:51:58,2018-07-18,69693f76e58ccf38038073f3b52b5b00,2018-07-03
9196d3400ed2994d3c08cc053b84c84e,0df0cc2d605e76a1560ce617738b096d,delivered,2018-02-06 16:04:15,2018-02-06 16:15:34,2018-02-07 21:19:44,2018-02-16 16:52:25,2018-03-07,ebd0921d9c892003ae0ab54fae01b81e,2018-02-06
81a4a5d32cb95aad3ce81680b8634b11,8a12fdc7884256c9bf8b7e3c48815268,delivered,2017-10-31 12:32:13,2017-10-31 12:48:20,2017-11-03 19:48:45,2017-11-04 15:39:50,2017-11-08,98f757ab78a0f5d161d62ef9424cfd81,2017-10-31
b8b24beb902191824754ff9bf973d9ee,30d2b11fe9e20d2851440b6224da55c8,delivered,2017-04-13 12:11:39,2017-04-13 13:05:10,2017-04-17 10:43:47,2017-04-19 12:58:58,2017-05-10,e975aba16b187d0a9932dba9bbd285f9,2017-04-13
6feae1bd5cdc1727594445028310015f,7b039396f4d695564083b7360a6fc38a,delivered,2017-02-04 21:38:34,2017-02-04 21:50:13,2017-02-07 14:58:17,2017-02-15 16:45:29,2017-03-15,e07a08e8084080512d1c5a77d2d937ec,2017-02-04
b07ccdfa28017f65163b05eaa308ff97,4238449f57e600dc2183fa60672b3c1f,delivered,2018-06-07 20:01:38,2018-06-09 02:57:34,2018-06-11 13:01:00,2018-06-13 14:05:23,2018-07-03,d2302d80561ca01cf25096d0a28f07b4,2018-06-07
403ed75cff50b04645c2414360fff7b6,b998a8b305893c94ee5d60a8d79dfbf3,delivered,2017-11-06 08:23:55,2017-11-08 03:31:02,2017-11-09 20:51:29,2017-11-17 17:29:05,2017-12-01,24af9d33418188ade58994554fe2fa30,2017-11-06
76d5f81776bd863daf8fa0a5a59b7f9b,a6e204cd1b59420e1e81ffb9c3bb2f0d,delivered,2018-06-19 11:46:45,2018-06-20 09:20:32,2018-06-22 16:40:00,2018-07-03 07:03:09,2018-07-23,af45bf15204ddbf0c87eb843da61a7b2,2018-06-19
527a4abbfe2ffe1727341dfdf63ae447,254a6774e65e20ca2aff0d3fc60451da,delivered,2018-01-03 23:52:07,2018-01-05 02:35:44,2018-01-15 21:09:03,2018-01-23 13:38:46,2018-01-26,be873460b0190017422d31d023b8466b,2018-01-03
eed901453b7e6495e3ccbe4c17733778,4dc9548302c943d726eb2c6676e869e8,delivered,2018-03-27 13:05:32,2018-03-27 13:15:23,2018-03-28 20:48:32,2018-03-29 22:34:38,2018-04-09,52fc428080f4eba62ce06e48f2c4de4d,2018-03-27
25991ff9d06bf9a881b1e293b7187065,9d0ac9f668494a6a1d242c6a89c39c36,delivered,2018-06-24 17:58:12,2018-06-24 18:15:19,2018-06-25 13:58:00,2018-06-28 21:27:49,2018-07-17,24569879a82f6ac70e702fa71ca7a719,2018-06-24
37f48ff33f63fbc3ec775459f0ae5943,a2de903735be6a654fcee8084aaa57d2,delivered,2017-10-11 06:11:44,2017-10-11 06:26:20,2017-10-11 18:35:55,2017-10-21 18:47:54,2017-10-30,655f63a97a940bfbf958037c145711a0,2017-10-11
890e7120b669f8e79df87610b80b3b91,7c3ebdf38a38927b0e184ef86d92ce8e,delivered,2018-07-03 14:22:35,2018-07-05 16:32:45,2018-07-04 14:55:00,2018-07-05 21:08:58,2018-07-16,3361b98330d010267b7bd0d49cefe24d,2018-07-03
4908ec7da1a1ce47b9b5da8de4192f4c,35dc5016674d49923c0e9028d82e9d7f,delivered,2018-08-14 22:31:33,2018-08-16 03:10:13,2018-08-20 08:59:00,2018-08-27 18:22:52,2018-08-28,9406b09ee310bd556a634c55e6781208,2018-08-14
fbd82b1fe98967de0db29b6cf134d00a,45f5c9d984dbfa2105e3544cc85133bf,delivered,2017-01-18 08:55:36,2017-01-18 09:05:10,2017-01-18 10:41:58,2017-03-07 08:55:47,2017-02-14,86a2b7754f964102510d42ab30898f63,2017-01-18
fed4ca34aeb50d89ab8f08db03c8c800,2c51d0c600a3cf399f2afad8a74ae1b1,delivered,2017-04-01 02:05:23,2017-04-01 02:22:30,2017-04-07 13:34:52,2017-04-11 09:55:01,2017-05-16,b99d74a79c10e715adaf03cd5779b787,2017-04-01
991219777efaa02d272fbd6d04632835,d2f46f32ddcde42c9e0f81ea3a23a9f3,delivered,2018-03-05 21:14:43,2018-03-05 21:28:59,2018-03-07 20:13:50,2018-03-13 19:28:33,2018-03-22,7bbdfd62d43359529987ccbb3c7e272f,2018-03-05
9da45042d8eb6c75611db8ff1a176f8f,d78c49cc36006df4427476c395aacf7a,delivered,2017-07-04 15:12:10,2017-07-05 02:50:18,2017-07-05 13:42:09,2017-07-10 16:14:52,2017-07-24,563d2cc4ac6801a20405ded1ad31dd83,2017-07-04
d7361a834a2dd8db2f6f133ce291ab6b,6e75444d6824648342ef94be68a6ee94,delivered,2017-02-27 02:20:06,2017-02-27 02:30:12,2017-03-01 12:19:49,2017-03-03 13:23:05,2017-03-30,350247863385a1cad9afedc5f4b2d1c2,2017-02-27
3dc295e279315e7e81cfed73795c77a6,53c554aead19ea0f3be4a75e0a2332bd,delivered,2018-06-27 13:17:05,2018-06-28 08:50:58,2018-06-29 14:59:00,2018-07-12 23:19:45,2018-07-20,04135ea9b5a7f3db234797e55e2d4deb,2018-06-27
9be2a464f1c3c6a07d0744db8972a9cc,d66c4072021de5b7715e5d0b756a1527,delivered,2018-03-03 10:03:42,2018-03-06 03:50:52,2018-03-08 00:48:47,2018-03-28 20:03:27,2018-03-29,968fe295f3c0ecbab2f617917cc4c46f,2018-03-03
445b8011d509adb520744d60fed763d1,fe890e9b4328e3ccf632960b3f2b51bf,delivered,2017-12-04 17:58:27,2017-12-04 19:30:58,2017-12-06 22:14:40,2018-01-04 02:32:56,2017-12-27,40e1a93e92c863ceba81c6c354a1e85c,2017-12-04
77de74763ac99bedb50deb68da4b981d,f565b0c0cab7869df7414d1dd50ee1cc,delivered,2018-07-05 08:07:42,2018-07-05 16:31:13,2018-07-09 13:22:00,2018-07-16 15:45:56,2018-07-23,ec62a773b4f436e0ec8cf255cf2fdc83,2018-07-05
dfacafa5fce5542f18db6d6bb7ed5d16,11ee259027b2302ab1d54d38f5ec9b12,delivered,2018-03-16 06:33:51,2018-03-16 09:05:53,2018-03-16 22:38:46,2018-03-27 14:13:03,2018-04-05,bab6c17a869a2f61f17e8a429e919c2c,2018-03-16
b07f363d9c31fdda91a9c8079b99c2d1,e94f6c1aa760a9ba006ae74a90538565,delivered,2018-08-15 18:37:24,2018-08-15 18:50:25,2018-08-20 14:31:00,2018-08-25 00:22:45,2018-09-03,5f7084619c4929d7f7f242560f980ba7,2018-08-15
dc4dc464cfa3377e0b31a936d2d117d0,4e301353a2036c4e1a67bf0c259850f2,delivered,2017-08-09 08:22:42,2017-08-09 11:05:11,2017-08-10 18:32:39,2017-08-14 18:22:28,2017-08-22,45f920c528716a2b9bbdcb7c8405122e,2017-08-09
fa1a7d5fce60b676600d188b753759dd,c8dd4d6866a748ee31f9946d60277428,delivered,2017-10-04 16:38:29,2017-10-06 02:07:34,2017-10-06 19:58:00,2017-10-14 01:04:05,2017-11-01,09f139921ca9b3ae3d9a2b2fbe6d8771,2017-10-04
b6631d81e07bf69a61192f31dfd41cf8,5d1a2c9bc5053137ce4e2be00b321e1c,delivered,2017-06-10 10:38:23,2017-06-11 06:42:45,2017-06-12 16:15:39,2017-06-21 18:12:07,2017-07-13,bf24756919f42951b17d8364e5b3e0b5,2017-06-10
b3298cf726e74882e77238c731e53f30,b9adab43b46a883bf011344a87ce00c1,delivered,2018-07-05 11:10:10,2018-07-05 16:40:33,2018-07-05 13:30:00,2018-07-25 20:26:37,2018-08-08,5e898aa66e7a032ad8ed357c52ddb7db,2018-07-05
87ee8793eb513dbe9a44ddf71529a8e6,01a9cf1ab208a3ce5a4cbf6d5877bf49,delivered,2018-03-30 20:08:28,2018-03-30 20:27:40,2018-04-04 02:41:02,2018-04-04 19:48:44,2018-04-12,c7472ec1990469475b1461047092f5e5,2018-03-30
b08e0b030ec3af9bc4ca51134a0bfced,1147cfa7db718ca80236195d7fbf7dcd,delivered,2017-06-19 22:42:16,2017-06-21 02:32:14,2017-06-22 08:16:36,2017-07-05 17:19:45,2017-07-11,57b628f46c00f9a7358e5e875d5b4dd0,2017-06-19
a9e15e580c42df5da11116e043623af5,feaaf94060f1f0d959576368072a8748,delivered,2018-05-07 10:12:03,2018-05-07 17:29:54,2018-05-11 08:40:00,2018-05-14 22:03:35,2018-05-17,df88646c806efe1125c6ccdae6760587,2018-05-07
670170576ee72ad56857204c13c357ee,8a6a65b388c1e8d3e47418c099ff76b9,delivered,2017-06-16 20:01:05,2017-06-16 20:10:15,2017-06-19 12:14:44,2017-06-26 13:46:55,2017-07-10,0b1634e8385cf6128cf9a6b6de14b207,2017-06-16
2f783e7dd705688d34e7d8b9e5a3e33a,455330a5f18d23b3e2d1e24861f18fe1,delivered,2018-01-30 21:56:23,2018-01-30 22:11:32,2018-02-02 03:25:01,2018-02-07 15:26:33,2018-02-15,0df4058d847e9707a228be629d3f5569,2018-01-30
64f1c7f1f8351d458b5821e02a1562d3,29417cc37ad2d9b4fc93ecf4c6901197,delivered,2018-02-11 22:34:37,2018-02-15 04:07:25,2018-02-19 20:04:48,2018-03-06 00:48:40,2018-03-15,abf91e0207b15fd6a697c5ae0afcfdac,2018-02-11
fbfec5593964c86891112d4bd2492c14,742f0bc6c75e25372359345648bec725,delivered,2017-11-14 22:30:11,2017-11-14 22:50:38,2017-11-16 21:51:14,2017-11-28 20:18:13,2017-12-07,f556521c58a5d218e0cfcf0ad17203e8,2017-11-14
d53d6bfa397ae6e5964b02131c1ea89d,4903c1d243cfbc9f8856154de8624811,delivered,2018-03-03 12:25:48,2018-03-03 12:49:30,2018-03-06 21:15:59,2018-03-13 15:38:27,2018-03-29,9d583bae8fb80baedcc34352f27687d4,2018-03-03
a187a55e25f2e2c152c294a12a9da0d0,cd985227e7e8ceab7d42757b44a5039f,delivered,2018-05-29 22:36:36,2018-05-29 22:54:30,2018-05-30 15:33:00,2018-06-06 19:22:48,2018-06-21,c97d81c9893fd580a861d932c289386c,2018-05-29
5b9680f27b5067afded00b23f9cb4d61,8b20eb37b30208feef373de67fc749e0,canceled,2017-03-21 20:20:14,2017-03-21 20:20:14,,,2017-04-24,c9d0b6cc7d9fccb750ba1cc6c4b76ecb,2017-03-21
6d202b521fc871b25823b671584c514b,95e5be12ea26c77d86333271aca395ec,delivered,2017-12-28 22:21:39,2017-12-29 02:08:42,2017-12-29 21:39:07,2018-01-03 18:36:13,2018-01-17,52d5934db56994b20103ef1dc1f6bb92,2017-12-28
6304866866c7683271828d0a97c0e2a8,97091e32f128bca94f9390b20ad77f6b,delivered,2018-06-25 14:49:06,2018-06-26 14:57:17,2018-06-27 07:56:00,2018-07-03 11:28:50,2018-07-20,841932360a6792a01c967c0750a354b6,2018-06-25
52bd968ba85e19e47b9d5f939e4a4b24,375b84477a8c0b4120bf4459a11bdc56,delivered,2017-12-01 13:39:54,2017-12-02 02:38:32,2017-12-04 21:29:04,2017-12-15 23:38:33,2017-12-26,07a725430cedc49e17e0f00e1fbf70cb,2017-12-01
cac2c6b6297e3743dc2caecac71350c1,f64607d55a643175674d022b56a62d27,delivered,2018-04-01 07:58:59,2018-04-01 08:10:20,2018-04-04 03:41:12,2018-04-13 22:12:10,2018-04-18,06fd1118f6adf43bf9aea1c5cae6d0da,2018-04-01
71ab839e1fe570014f0654f3e929b7cb,5bf58eb83a02d505bd17844c4e0983ec,delivered,2018-01-14 15:07:24,2018-01-16 03:51:14,2018-01-16 20:04:00,2018-01-23 19:12:55,2018-02-05,fe59c62fd17bec8e2c80ffa25028f88d,2018-01-14
9d35caf510e8c2497b6982952e1a3f83,2ec080c183f539ec92cf224883ccbce7,delivered,2017-07-27 21:14:17,2017-07-27 21:25:19,2017-08-02 17:59:10,2017-08-16 21:35:30,2017-09-04,28ec3145b727a2900237c8208e6bc4cb,2017-07-27
e80607d735f571309e8438fb2ca4f594,53bde5cc5d00676cf5c1f8ea1b3e313f,delivered,2017-08-19 18:51:21,2017-08-19 19:05:13,2017-08-21 20:15:54,2017-09-19 17:50:11,2017-09-01,16001cbe5e5de74015e3dd4fc03c6f67,2017-08-19
2b1ca6788df941cfecc7eb4ccde855e5,af111f56852e8c97d56f202294b0433f,delivered,2017-09-28 20:17:50,2017-09-28 20:28:24,2017-09-29 19:35:43,2017-10-04 20:06:03,2017-10-25,6dfac49639b7320b0d4acccb759a34a2,2017-09-28
d974716b98a0c162cd1e80fbf0d882bf,c230346fff00a90adc3c9e76feb5ea46,delivered,2017-09-18 22:59:35,2017-09-18 23:10:12,2017-09-19 20:37:03,2017-09-28 15:13:16,2017-10-16,a3953789c744ce9504d219e355203f89,2017-09-18
65b133214f06c44865a7a54148c84e0a,fde4a958c856e15b4dcfba719b967366,delivered,2018-04-14 15:14:39,2018-04-14 15:32:52,2018-04-16 13:15:03,2018-04-27 14:08:55,2018-05-14,389ef60b69fa6a5d58c75b159bced310,2018-04-14
0affd51e37e6621004e4fe4fd7c64f4b,693d7169ea4da2b4cb918c2c9b7e290d,delivered,2018-08-12 15:42:03,2018-08-12 15:55:19,2018-08-24 14:33:00,2018-08-29 17:16:50,2018-09-13,2750ea8eaed9066e36245a18802eac17,2018-08-12
3c91fb2601d8d06e7e3c9ee4f79060c0,aa680976703cc404563da71518e6b940,delivered,2018-08-12 15:08:24,2018-08-12 15:24:34,2018-08-14 15:39:00,2018-08-16 20:24:37,2018-08-24,c1a407e61dad78110e4e5150afe80f8c,2018-08-12
f8b13ccfc06fd1baa3b0b9a9f1d368de,f85e2cc1f55bd805121094b06905af7f,delivered,2017-02-15 14:47:09,2017-02-17 02:23:35,2017-02-17 14:45:40,2017-02-24 14:26:02,2017-03-16,cf8c2c98dd39a8d3b996f47f49c6ccc1,2017-02-15
dc66d02aa72baeed7ea19e8d5bf9531c,34d8e7fbd4ef064dc9fef296b5a69931,delivered,2018-06-24 23:58:10,2018-06-25 00:14:38,2018-06-25 15:16:00,2018-06-27 12:08:37,2018-07-16,82a78b7fe9c0c1a662b2d7116c203d36,2018-06-24
f9baa074dbaddbc7e87a92a30dabb5e5,c08f3572ecef20f3819d4f647ef4fe8a,delivered,2018-03-12 19:42:49,2018-03-12 19:55:27,2018-03-14 23:07:21,2018-04-13 00:44:37,2018-05-02,8f578ce12cb059350973d07e78125532,2018-03-12
c87d6447fb7ef9d8eb2d7bc76a1a940a,25362c0ad43cea95cf1ddcc7fb56a2da,delivered,2017-10-31 12:12:30,2017-10-31 12:32:11,2017-11-01 15:39:49,2017-11-13 17:09:13,2017-11-22,224ad8d3fd3099a48d721f8332159804,2017-10-31
040375f78f9a97d7edfa4e9d2aa8273d,bb8efe79c2c42a2d9ab089ca35832fb3,delivered,2018-01-25 13:58:54,2018-01-25 14:19:58,2018-01-30 19:54:58,2018-02-21 21:49:20,2018-03-01,2081d3d9578b6f0735f7f71ece11de6d,2018-01-25
42c8c432478c96a21d6b78c5350ccd28,6b32ee41d353d2d019d479408e4a1128,delivered,2018-07-31 18:35:27,2018-07-31 19:40:13,2018-08-01 15:00:00,2018-08-06 14:28:16,2018-08-10,5fb693e616b5ced7fcbcab50be1b1fdf,2018-07-31
0f0dcb31ebe72939367eaebbcd5699c5,033c00bd7a0ab85d4df111a754b5fd22,delivered,2017-10-30 18:27:07,2017-10-30 20:31:34,2017-11-01 17:23:44,2017-11-03 14:36:47,2017-11-07,a0cc18e61455053ff02bb3dd4052c9d0,2017-10-30
246a20bc0757d9b447970e67953d675b,25406db1db75fe43d45ec61920bc2a6f,delivered,2018-03-07 10:45:25,2018-03-07 11:10:13,2018-03-09 22:46:39,2018-04-05 21:48:24,2018-03-26,2a4f547deb6d251a94f28f4b88c3fb75,2018-03-07
570eccb41678dc30af2792b28b86bb45,73cbcead38309070bf1ad4ad60c8f638,delivered,2017-04-24 08:44:08,2017-04-26 09:36:58,2017-04-26 13:12:22,2017-05-11 12:33:18,2017-05-30,fa21132f1239479db4816f53feb7221c,2017-04-24
a1bf6f909b1f799e5b1f460e8a348ab2,1fc0b8d5b82b1c982a3943842f0d4ce5,delivered,2017-08-15 16:34:27,2017-08-17 02:50:12,2017-08-18 19:27:37,2017-09-05 19:24:09,2017-09-11,1b300cfd6ccdb561917f4e653f4d1abe,2017-08-15
ff558458632ada968431a2f973c209c6,40e16d92bed51ffa013c3a7d1bb1e328,delivered,2018-03-01 23:42:47,2018-03-01 23:50:33,2018-03-07 00:07:10,2018-03-14 20:29:47,2018-03-21,c611c8b5d084c8221b65fb3f54555992,2018-03-01
b07bd6d2317297a22b80a9836b464d59,96b26852f269357c7f9f7657a77d1a9c,delivered,2018-06-25 11:15:28,2018-06-25 11:33:53,2018-06-25 15:02:00,2018-07-04 00:28:42,2018-07-26,26b63382453df47a051e4104978f18df,2018-06-25
29ae0692b28230c48573dd73920619c2,abc6faca18c6e4b9c478c613ea2da98c,delivered,2018-02-06 13:31:29,2018-02-07 03:10:07,2018-02-07 19:36:02,2018-02-21 01:12:23,2018-03-12,3f3963943d834ff871027fadb0addb26,2018-02-06
442d43ef2431c6c8e8c2961781d59593,e97b06f12ef9f944635788cae1af1bf2,delivered,2017-11-26 17:33:20,2017-11-26 17:53:47,2017-11-27 22:58:44,2017-12-09 15:38:42,2017-12-18,273474c04d343aba1d6bf23d408b3ae6,2017-11-26
0e5d9583490deb1e011b1c8e7da13398,6bed27564bd99d78d09c1fac13da56fd,delivered,2018-03-22 12:07:30,2018-03-22 12:15:45,2018-03-27 22:12:24,2018-05-09 19:48:38,2018-04-11,463093247faa080167d77f2e6d1b297d,2018-03-22
135fc78debb3120eb1b780ff815ada9c,bda600d3d9e162b86da0fba1b1311fef,shipped,2017-05-12 10:55:59,2017-05-12 11:05:14,2017-05-15 11:36:14,,2017-06-05,32bb84e755e579f65d6a67509ecee2ee,2017-05-12
11553350b61a44e1a53b118b920e2e3c,971d3c042d4f75a7dca4383881b21072,delivered,2017-04-28 21:32:25,2017-04-28 21:45:08,2017-05-04 10:24:57,2017-05-22 12:07:59,2017-05-22,cbdc549429fc56c21e1213978d35cb53,2017-04-28
9cf68a98289ead1bb2175c2323255969,5929c48788d2352bd67271a7025b4bc4,delivered,2018-02-13 20:03:39,2018-02-13 21:07:24,2018-02-15 16:23:19,2018-02-28 22:41:53,2018-03-08,48a43a82b83f1e3b08e691ffb1d04c58,2018-02-13
1fa4bffa6539c9b85fa24de8db7b2d48,565764f24ffe1f2d7d54286cfa7b4a42,delivered,2018-07-04 12:24:10,2018-07-05 16:03:39,2018-07-06 11:27:00,2018-07-11 20:16:22,2018-07-24,28d0e86b835240b5195b82833793a228,2018-07-04
06ef029fb5e8d178fae15f909432ccc7,3eb07ec22fc740ce9b764a90fe636775,delivered,2018-05-11 11:03:37,2018-05-12 03:15:21,2018-05-15 06:44:00,2018-05-18 11:38:46,2018-05-30,fbc55b8c0ca31bec1459c4fc19b70b47,2018-05-11
ef37b19ea1b715580fb6394e75311fb8,7e578854f895d59d024743684ce1bc27,delivered,2017-10-01 12:22:19,2017-10-02 12:35:08,2017-10-03 21:30:21,2017-10-16 14:38:30,2017-10-30,5eccddab53ca123e6ef96b9ec5e6d6b8,2017-10-01
f6dd1aa8fa3044414e22a55d943ab7b1,08fabe21a36ebb71c55616524790909b,delivered,2017-07-05 12:25:05,2017-07-07 02:51:05,2017-07-07 17:12:35,2017-07-17 11:26:51,2017-07-19,60533f24c64a9b629fe08ff6cc8d7099,2017-07-05
190c1aac0c0643db9b7dff0fab7f9e3a,887602c8a91e14ec17654855a6a60e98,delivered,2018-03-10 10:09:30,2018-03-10 10:28:01,2018-03-12 17:06:50,2018-03-13 17:46:41,2018-03-22,7f1beaaa776989e886bfad28d22393b7,2018-03-10
e0e1fe9ae2dd406e99025006b746c364,bbf91df4f0a88830237a0e1ee1b9f161,delivered,2018-08-25 16:36:58,2018-08-25 16:50:21,2018-08-27 15:52:00,2018-08-30 18:52:30,2018-09-04,147b29ccaccc9ca1ce2a67946146409e,2018-08-25
2856ac8623bd804696480e1f14842f7f,1e7129f570fe1d1ce3a8beb6aeda1bf3,delivered,2017-11-25 11:20:09,2017-11-25 11:35:26,2017-12-01 21:53:12,2017-12-07 17:33:53,2017-12-15,d9255f0084fc7d4f159afb32f92dbbf9,2017-11-25
209addb62d4e3c8c3e8b364d841b4d58,db0f7940d5297fdb2a1c53161dbeace2,delivered,2018-04-08 13:22:20,2018-04-08 13:35:17,2018-04-09 19:48:37,2018-04-11 12:58:45,2018-04-25,d765658873d327f9435dd921f260d07b,2018-04-08
4a64a2d2b19e0614a3a20d705d5d9c56,12729283fd440bf783ab9abc2ce60385,delivered,2018-01-29 11:46:28,2018-01-29 12:11:26,2018-01-30 19:03:01,2018-02-04 13:18:23,2018-02-20,41b29b71c53487e42396497a769bd7a5,2018-01-29
e8a260d6cd7b356d0688ef3b78277eb7,00e5b2926b61c618f32e26a8683d84c7,delivered,2017-11-30 17:11:56,2017-11-30 17:20:26,2017-12-05 15:53:55,2017-12-22 20:04:43,2018-01-02,75e750a6279d55f7137bb9e9bb8662cf,2017-11-30
b6237516853bae5d21654428929bdb69,e1128b4c9ad263d6d9e6224ce32ce2ff,delivered,2017-06-09 21:06:11,2017-06-09 21:40:19,2017-06-12 13:15:47,2017-06-13 17:24:17,2017-06-26,c3aeca327af4dcdc1053277169424240,2017-06-09
c137d955d66546c460453c13ce560ad4,90a5d5ab7a65c199aa8d72af2961c7e3,delivered,2018-06-15 20:43:52,2018-06-15 21:01:18,2018-06-18 14:57:00,2018-06-23 17:28:42,2018-07-05,b1cc4ef96294a9f95b26b29972a9e2bd,2018-06-15
840d0fe65e307594f2f5fcd49d6898d7,bbeac8b201688b9c1ae8b64ff59f8b76,delivered,2018-01-08 12:51:33,2018-01-08 12:59:28,2018-01-13 00:58:42,2018-01-13 13:51:52,2018-01-24,e4830071207eb6aa2f738dc965f05f50,2018-01-08
fed00c385d43753c877738a19d1ea88e,40096d373e1a8379124445bdd50f43ad,delivered,2017-12-14 00:09:19,2017-12-15 02:17:39,2017-12-15 23:48:50,2017-12-22 18:53:43,2018-01-09,d863ddf53f3d6cb9ed4710adbe2edddb,2017-12-14
294a10c9e4939e8c4f1974b73970ff96,4310e4e2bd5d1b8f38cbb1c3a2136019,delivered,2017-07-24 22:49:08,2017-07-24 23:05:47,2017-07-26 18:49:47,2017-08-02 17:34:56,2017-08-11,7ef0e1ff584b39827ad160bf96de270a,2017-07-24
146a8097be73570f2318c78e5b16b91b,a5c445f445a790a98546688c0eb633fd,delivered,2018-04-03 17:01:17,2018-04-03 17:29:01,2018-04-04 23:06:36,2018-04-12 15:58:59,2018-04-24,dcc9b8fe59c6b0f7487d45fe83d38a02,2018-04-03
e55a581d6b3fcf41394ef2afb9a4205e,4962e73408e74b80e37b78b3a7a5126c,delivered,2017-12-03 18:39:00,2017-12-03 18:53:39,2017-12-04 18:13:41,2017-12-19 00:28:24,2018-01-02,35a08bdd30ec653d978c110be5d0c892,2017-12-03
e39fd2e5443413710adca912ade28b4a,47b0f9a44d1904590dd06ebe72bd3723,delivered,2017-09-10 19:09:22,2017-09-10 19:23:28,2017-09-11 21:05:45,2017-09-20 20:25:05,2017-10-03,68519bc41532d0f1a6613d278f86a5bd,2017-09-10
746aa06bf2958c834fce5348ecc31ed2,5adc7c631f3b01d335bb013fb3e71bd8,delivered,2018-02-26 14:56:39,2018-02-26 15:41:15,2018-03-05 20:22:20,2018-03-22 19:18:29,2018-03-23,d1d5df8c1c5a2a239bbd30a2b2685f66,2018-02-26
d891fcff7f5720b6a87ecd0a3dbf0c27,220a33720bcdfa04febf2e17b7695b07,delivered,2017-09-03 12:19:17,2017-09-03 12:30:15,2017-09-04 22:23:45,2017-09-08 23:07:26,2017-09-28,1a68c22c23a52a35f499dbd3c5a020a6,2017-09-03
2430d337cd4137d6647ae1afbcf88719,3737ee1839ce53aaae3de56a8a034ee2,delivered,2018-06-24 14:00:16,2018-06-24 17:18:27,2018-06-26 13:39:00,2018-06-29 14:04:10,2018-07-19,0cb7f0c5d651cb95e32abfd633338af7,2018-06-24
74a5900cf86c1ea72e09040bd744e793,81615092e749eba5998aafcbd72b3113,delivered,2017-10-22 12:19:55,2017-10-22 12:35:21,2017-10-24 18:04:08,2017-11-01 15:57:48,2017-11-22,9ab9e6724cc65e59593099f18081fd35,2017-10-22
7d56ba365c87c8bb457b75761f9a1df3,15b12b5faa56dd3acd4dfb4e98ebb28e,delivered,2017-05-05 14:49:31,2017-05-05 15:02:21,2017-05-09 07:59:45,2017-05-11 08:42:08,2017-05-26,80dfb11e19170913755fd629b0a544fd,2017-05-05
57ab698b8ff842969c3438af8c51583f,c7dc072427063b4a1fcf8ef951fe6534,delivered,2017-06-24 09:13:24,2017-06-24 09:25:10,2017-06-26 14:48:49,2017-07-04 14:15:46,2017-07-26,e855905bfa1db5d938cb19b380ef794b,2017-06-24
f16c08511de51e22a800aa456ce47135,2065367b25b692b29bfb6b079ee1df84,delivered,2018-03-02 08:00:04,2018-03-02 08:10:26,2018-03-05 17:38:21,2018-03-13 21:12:16,2018-03-27,d737cafd6e0da0ddf10d75c0dd181832,2018-03-02
2950c71359ad6e41415903d763381882,bfca88bf816c31d01923b1da0fdea9ae,delivered,2017-09-10 21:28:52,2017-09-11 21:35:35,2017-09-20 18:33:28,2017-10-05 14:32:43,2017-10-05,21d04d03937a63dee9384853d1b3dcd8,2017-09-10
a083c58efb31a3ae3e0ec63ccbdc8e37,f080619b236528f2c183ff41abde2090,delivered,2018-07-23 17:18:13,2018-07-24 08:31:37,2018-07-31 11:17:00,2018-08-01 17:46:49,2018-08-03,8c5f4c805be1a3f00349bd5868f75c47,2018-07-23
8b27e6702c707795bb5e0efff050d2ed,d9a97b85146c1d70a00c7048ad21e272,delivered,2017-07-20 19:15:31,2017-07-20 19:30:19,2017-07-26 11:12:30,2017-07-31 18:45:51,2017-08-11,a88e333ad3edebd486e83cc1c7c04c92,2017-07-20
2f731cfbee2fecc19b83992498f23c25,0b163d4fe7d6acebdcdcae6f4c0ca8ee,delivered,2018-03-10 20:29:26,2018-03-10 20:47:34,2018-03-13 01:05:05,2018-03-20 19:48:33,2018-04-03,5bfa01161c636caa43bc56112149a41b,2018-03-10
4cb127a2ef407430b38e8dcdaaddb4d0,8baa3f2de2bb64b697377a0b98aa2dfb,delivered,2017-08-10 21:34:12,2017-08-12 02:50:16,2017-08-15 17:33:39,2017-09-05 20:22:19,2017-09-12,12ce6198046c82e171428b11f0e872c0,2017-08-10
d5b20c4d4aa379d9215dba07d60c7e24,1d7dc770268b6a21bd58a278a1707794,delivered,2018-05-14 21:52:41,2018-05-14 22:10:23,2018-05-15 10:42:00,2018-06-06 00:25:25,2018-06-05,cfb82bcf7df6cc44ee0dd204e6b03fd7,2018-05-14
605396ecdc2610304702411452c54a91,10754027edc16b4efeb18e5e767ec590,delivered,2017-09-02 15:48:42,2017-09-02 16:05:28,2017-09-05 12:33:21,2017-09-20 17:57:51,2017-10-03,7e9b2006ccc1f17f6fc034e43b6444c7,2017-09-02
f19d214a923377a6b52d8451d06f946e,b8b00f5eaed92d8702f649dafb7dfd97,delivered,2018-03-06 22:27:45,2018-03-06 23:00:21,2018-03-09 23:33:14,2018-03-13 21:48:54,2018-03-16,d6dfb887a0dea041a5be2712dc856cde,2018-03-06
91bb03327725cc7058e5890bc6afda69,b68c49b9c29f5a6aa75b3c0cb741af32,delivered,2018-08-23 12:47:56,2018-08-23 13:05:06,2018-08-24 09:16:00,2018-08-29 18:31:24,2018-09-04,c5cd8249a8a891697b1b8b1a73f344e6,2018-08-23
28fc0d248a5ef452303f981578647658,b33c387ac5c9922825b25a79b0dc29cf,delivered,2017-11-07 17:33:23,2017-11-07 17:50:50,2017-11-08 18:09:09,2017-11-16 18:35:47,2017-11-30,b5e4462426d75ffafaf0b1a6c912b257,2017-11-07
3e8dab241fc3468ea66691de15216895,1c147c7a4229fc41feca9e5f688b5871,delivered,2018-08-18 19:21:21,2018-08-18 19:35:10,2018-08-21 08:15:00,2018-08-28 23:58:41,2018-09-10,67f90af2318b59a2f13beeb6bacf4ed4,2018-08-18
2e157239001a3bc129887997254f9af8,5d731fa195fc3a5789ef804d0654faae,delivered,2017-04-06 15:04:18,2017-04-06 15:15:23,2017-04-11 17:04:56,2017-04-18 14:48:05,2017-05-03,66a0ab491eb567d8e64b9434b6922590,2017-04-06
3e93213bb8fdda91186b4018b2fe0030,353e6a256f90a009d3e801b655f33b98,delivered,2018-07-17 23:49:21,2018-07-18 00:05:19,2018-07-27 11:54:00,2018-08-07 00:02:47,2018-08-09,b8beb7a6bfb7ed884386a8da46be8f8e,2018-07-17
5d41aedbfaf8538964fded39cb20280a,8b0dd3ec845dad673b5e5d6fb2ecf95f,delivered,2018-05-07 20:49:57,2018-05-07 21:13:59,2018-05-08 10:36:00,2018-05-12 13:28:47,2018-05-18,fc056c9606abd89308c26448f8036ffd,2018-05-07
1d39a1c8b0608d354cde577264409ce0,16d0b3d8fe2111a43555f861504de0f3,delivered,2018-02-26 22:13:45,2018-02-26 22:47:38,2018-02-27 21:38:36,2018-03-14 20:21:59,2018-03-22,521790050db54d0787251de730221760,2018-02-26
2281b9a155dc821e33ba9e7360964450,e7d6719126634a58d3dd17ffd14311fa,delivered,2017-12-14 15:16:51,2017-12-14 15:31:25,2017-12-19 23:48:58,2018-01-16 23:34:08,2018-01-18,839d684562d990a00a7d52eb93b3c02f,2017-12-14
f2d78e5d17d66ca25ccafaec01ccdff9,51cb4856db49f27e75b8d74da948ff43,delivered,2018-05-07 09:20:56,2018-05-08 04:55:19,2018-05-08 12:02:00,2018-05-16 12:03:18,2018-05-24,9cb439ed21b6862692797fe661d520d2,2018-05-07
85cc597a6403094c0e538adabc0965b6,456ae1937d2c1b366e333b0c9ad6c798,delivered,2017-12-07 17:08:38,2017-12-07 17:33:06,2017-12-12 18:27:14,2017-12-20 13:48:50,2018-01-04,7fea7e22ffb000703e487d6c868f3fd2,2017-12-07
0825a0aa574e4d49396e37335aa640f1,e429e3d84062a519aaa2f9355dbea8eb,delivered,2017-10-12 13:03:52,2017-10-12 13:14:25,2017-10-16 20:12:36,2017-11-03 16:05:07,2017-11-10,f32164d257e42aaf471e808c25c6da8f,2017-10-12
42de1b3e5c22770a440ee04f373fb846,e6595e1dfae04149e21586a32e6d8b9f,delivered,2017-12-02 14:37:36,2017-12-02 15:00:51,2017-12-05 23:58:45,2018-01-04 21:42:28,2018-01-09,2f1480e25f6f882940a9458f884e9bf7,2017-12-02
908c02868bb2a9b847e64b23139137e5,76f71522a4d0db001ac6caf99763656f,delivered,2018-06-17 09:42:02,2018-06-18 21:35:43,2018-06-19 14:35:00,2018-06-26 17:08:21,2018-07-13,397f33f299dc46f1961bc7d2262a96cd,2018-06-17
bf8f842ad319798cc4a0c3085c32a43e,a517fcb18c6a81804a6b51f3c4de3bb1,delivered,2017-11-06 19:38:16,2017-11-07 04:31:19,2017-11-07 19:21:29,2017-11-10 15:32:05,2017-11-27,6636a7466f6ffd32760ad04721d2da48,2017-11-06
e3f6d89187ed0a12fdd795ce6519f10e,6251f87eb0685b7a6bd734c99e6240fc,delivered,2018-01-24 13:51:32,2018-01-24 15:19:34,2018-01-25 23:17:30,2018-02-22 23:32:59,2018-02-20,057849337587f53b30857702b3f6a56f,2018-01-24
2ca70b2f655793dd6a6d502a0cd0dd9a,226c3dcc38c3e3e3e76c3717f4e2375b,delivered,2017-03-05 13:29:41,2017-03-05 13:42:54,2017-03-06 12:22:09,2017-03-17 15:37:53,2017-03-27,84703dcda053e1638663b0b65366af72,2017-03-05
cd623324c25a5749845117a6d628b994,c6edfb7641b6f29c6bf66ddd61108cbf,delivered,2018-02-01 12:03:13,2018-02-03 02:54:06,2018-02-07 01:58:38,2018-02-14 20:46:16,2018-02-26,2b47892cf01b01af79b0beeabb8b4166,2018-02-01
ffae981a027da994061d054aa171c4aa,81713b2f519b62832d79a3df8a6814a4,delivered,2018-04-10 20:21:08,2018-04-10 20:35:08,2018-04-12 02:48:24,2018-04-24 23:28:47,2018-05-14,7710b4d885fbd08711846e9dc39ec66a,2018-04-10
eb855beb3ac99461f7a076b4c3652472,c91289ce43149a8ea5560d446f1d1dd2,delivered,2017-03-23 15:51:16,2017-03-23 16:03:46,2017-03-24 13:38:18,2017-03-30 13:41:24,2017-04-19,4e78d9253ba5cc1d990eb09ea45a3a2c,2017-03-23
9e89e45d01fc1c23ba675ab3dfbfa722,9d3550c3aadd1b8a6796fb8d3c42840b,delivered,2017-12-01 11:20:27,2017-12-01 12:31:27,2017-12-04 12:17:39,2017-12-05 20:09:07,2017-12-20,ce65f5dccfcee167d6fde61b6f7029fe,2017-12-01
d72f653ddc9ff2fd28a70168d20aaf82,d728e1d8c703abb8872d83b85532ccb6,delivered,2017-10-03 13:03:55,2017-10-03 13:14:17,2017-10-04 20:03:12,2017-10-10 21:13:58,2017-11-01,c72f575d8a7079b640681f88a4005933,2017-10-03
b574767c7029a1d2a194e2769bdad806,55308e6fc26d946ea2b0e47db7c829ac,delivered,2017-08-14 12:01:05,2017-08-14 12:50:10,2017-08-16 20:54:36,2017-09-08 18:32:40,2017-09-18,cdb699c0b0aa0d1d4448f8fe73bd7156,2017-08-14
0967ab27ef08c9ab5cb890eb3c1f8f5b,9164aed89273c9b5a816b1a34fa37e34,delivered,2018-07-15 14:23:19,2018-07-17 04:31:31,2018-07-17 15:33:00,2018-07-23 17:24:59,2018-08-03,0cc429ab843b0fc3df5919baac12ad04,2018-07-15
6e9b1ed8338411f98f2dd86298e00826,9a3d0e3ef05103e082deb6095fa07774,delivered,2018-08-11 12:34:18,2018-08-11 12:45:13,2018-08-13 14:28:00,2018-08-16 21:52:34,2018-08-29,e500f96ccd277c75e55965ef5244d81f,2018-08-11
f6ba2b603300f7bd6e7014a602fae719,ce2ce80ecef0398901fbea650e59c2ad,delivered,2017-08-17 21:12:14,2017-08-17 22:05:16,2017-08-18 18:05:13,2017-08-29 22:12:47,2017-09-15,07eb6447a6953bfb3b630fea3995e850,2017-08-17
55ea42c21b83d2496cbaea27a33ca8d4,56e1189772b79e5a9f717ed219371205,delivered,2017-10-22 22:10:12,2017-10-22 22:26:16,2017-10-24 16:36:40,2017-10-30 20:27:01,2017-11-23,a5df13e5e4f8bf09fe7c025a9110b0b6,2017-10-22
366f322ad95ebd9a14346c9f8425a68b,a23719a98faaed0e45e77564e1ec3f47,delivered,2017-12-01 11:07:35,2017-12-01 11:31:24,2017-12-01 19:35:08,2017-12-04 20:33:05,2017-12-19,732fcda8c52d36068fec11e6a61f73e8,2017-12-01
eb0fec00c8cee7edcc91a031d939ac1a,8119ded42ca2d1eca5d7009f33102a0e,delivered,2017-03-23 16:19:43,2017-03-23 16:30:18,2017-03-24 13:55:59,2017-03-29 09:15:44,2017-04-11,f043529722a354cd3f185270e0c6aa15,2017-03-23
fe9fc8eb3ad784aaf13c6788561efe59,fde883b2a152ae5c4a15e020f7d6d8b9,delivered,2018-08-13 12:31:56,2018-08-13 12:44:26,2018-08-16 14:09:00,2018-08-23 16:26:41,2018-09-05,08a374bca4063116d5530a7b04ecaf3f,2018-08-13
ba67f9aa9f6aaa7645b40abdf9f980c5,30a5cae5a1460ba33ab1c44586da4b87,delivered,2017-06-23 21:59:33,2017-06-26 14:03:25,2017-06-29 13:51:46,2017-07-03 14:14:56,2017-07-06,6e2fc8eac882372ca97c4f38ac8a47f7,2017-06-23
03e5d6a8dd520898f86f8429ccd07c21,72b319c928f3d04322db2e904d91a611,shipped,2018-07-30 11:51:13,2018-07-31 12:31:25,2018-07-31 14:21:00,,2018-08-16,10f04a31aae273f9931b511a423b186d,2018-07-30
4312fbcaf802f48339fed28e13a5dcc7,97b57b892a79fbd7ef5fe13889e24696,delivered,2018-07-15 18:25:42,2018-07-15 18:43:52,2018-07-16 11:07:00,2018-07-20 20:58:36,2018-08-03,57a19cec3f7011ed8b200abeb144c4a2,2018-07-15
97a0c3698151724b828f425d511d224c,e8910241530576448f0e57525389269d,delivered,2018-07-25 19:02:13,2018-07-25 19:10:15,2018-07-31 12:41:00,2018-08-01 13:26:50,2018-08-02,f720a16300d5b9dfa4639686e56561ba,2018-07-25
6b51ade033ffeef603f6ee951ce831cd,6063d231ad10ccc79c81b5799fc90a99,delivered,2017-11-27 21:55:38,2017-11-29 02:17:27,2017-11-29 23:09:27,2017-12-06 23:10:00,2017-12-21,e40595cc328629356cfd85ec08511953,2017-11-27
ce280fbdbcce0a56084f415c8d0f7368,7dd4b768827b88fd42a05ba7bb5d0c22,delivered,2018-01-29 17:44:34,2018-01-29 18:12:12,2018-01-31 15:16:35,2018-02-02 15:42:12,2018-02-20,1e768d33fbf7bcb709bc434e156ca543,2018-01-29
380a3824a3077f718ff3e99534666bda,b509ac0ac5749b7e1b81b48de8fe7236,delivered,2018-07-03 13:11:17,2018-07-05 16:33:01,2018-07-06 10:24:00,2018-07-13 20:38:48,2018-08-03,b405e15c616b885b8aea6cb6a3019404,2018-07-03
33a07fed56477fe605818442871aa9bd,ad09d64abe2ba53c0e7ebf343898af81,delivered,2018-08-09 00:47:19,2018-08-09 01:05:21,2018-08-14 13:59:00,2018-08-21 23:35:42,2018-08-28,e54cd7fdf18d3b5b54bcc11ca2dfff43,2018-08-09
868cd870305713a260dbfe8d9603c6b2,cc9c2ded59a1a84faaabfa7438a12bfb,delivered,2018-05-20 16:27:03,2018-05-20 16:59:21,2018-05-21 15:30:00,2018-05-24 18:36:43,2018-05-29,6e4779d59935139d8410a45bc141bf8f,2018-05-20
b5caac3d864a0915203a1789e69329b3,c9347dc84f33e68dee8155d73757b001,delivered,2017-05-25 22:40:59,2017-05-27 03:15:12,2017-05-29 08:58:32,2017-06-01 16:24:57,2017-06-19,6c4bedeb8b1f3d285808dd5ea5dfc120,2017-05-25
e0d8898d1111db2716c99615cc4162fd,c7917629fc9296df082fde33d9f27670,delivered,2018-02-06 22:00:25,2018-02-06 22:10:43,2018-02-08 23:15:12,2018-02-20 23:03:33,2018-03-07,9ab115a080c21169407401456f16ff61,2018-02-06
abb44283b833f61c7c76d92b607ab4cf,b4ee9ca3874d95a64070f4ae06350f1f,delivered,2017-08-29 00:03:09,2017-08-30 02:10:58,2017-09-06 23:59:32,2017-09-19 19:20:10,2017-09-26,0f4a442b7983c8a1a7fe12f1c4690436,2017-08-29
dd12d75147243738f174edd9249b4d31,6b3bb3efa85c5b14ee91bc7227bdf0c4,delivered,2017-11-23 20:39:22,2017-11-23 20:48:28,2017-11-24 18:36:48,2017-12-01 17:39:05,2017-12-19,3030f6c7798037acd63d5d7e359b3f0b,2017-11-23
dbb4cfffcb19a1a2b48be73c1b1fe978,86133f83f0ff5943ee3c2d307fbb61d7,delivered,2017-12-07 07:33:56,2017-12-12 03:56:31,2017-12-15 19:52:12,2017-12-28 15:09:11,2018-01-18,91a32422b9ef924c785b9e7c6ed13116,2017-12-07
104a388dc1207b546c35e97288953ef2,b2275872bbac7bbe411a4b451f26f429,delivered,2017-11-27 14:13:47,2017-11-27 14:21:33,2017-11-28 19:28:34,2017-12-12 23:44:32,2017-12-26,42c1d5e7589f17e8a28570c052c8e60e,2017-11-27
4b9f89563bc345603505c8719f0c35c6,167678714d0cb453ff7a6e88214374e8,delivered,2017-12-08 13:53:26,2017-12-12 03:50:13,2017-12-13 16:19:03,2017-12-22 23:13:50,2018-01-05,dd328233b8fb73556476f3beae832691,2017-12-08
05640486a5e0b8140b20506acf791af2,ee13725bd807d030e78f60a8113d120e,delivered,2017-07-04 17:27:52,2017-07-05 17:42:09,2017-07-06 13:54:25,2017-07-12 15:09:50,2017-07-26,881a55a8eb23e4aca96bce25c79021d9,2017-07-04
a736c2ffae5f36d767e81dfc44146911,c27c8019d63fffbc54405a4c07cdd5dd,delivered,2017-11-27 21:08:35,2017-11-29 02:17:33,2017-11-29 23:22:15,2017-12-30 14:38:56,2017-12-20,105d32c5e369fd40105cc2fddb470d0f,2017-11-27
401eef3292ffd13d0d79c32c990de9f3,520f77c40eca64f4de3113cdf1f8dee6,delivered,2017-11-18 12:00:50,2017-11-22 02:57:31,2017-11-23 14:13:07,2017-12-02 14:09:48,2017-12-12,3adebbc9e5b4204d8955e11183def907,2017-11-18
190025dbe5811e87645792c21726e215,ee97471c730b510b97d5a7b8b30107ef,processing,2018-02-04 17:31:51,2018-02-04 17:49:14,,,2018-02-22,df7a07386a0a856e48da1562a9d93d9e,2018-02-04
ec6fa0fd3abb372973ffa4c792a2e936,4e788890a013dbbe9503d039ca0c3116,delivered,2018-08-06 22:44:57,2018-08-06 22:55:18,2018-08-07 11:45:00,2018-08-10 20:03:53,2018-08-28,53d6898973016b454942a026c1ffe1b6,2018-08-06
a92733241b636a8ffddd05c56714d32d,d5c1f718443d92468dc721f8fdcb23f2,delivered,2017-11-22 11:39:00,2017-11-22 11:48:35,2017-11-23 22:07:03,2017-12-07 01:38:48,2017-12-29,d92462d83762d5e5c112bccc344119e6,2017-11-22
8c3ef96e828b5894ec632ba10985867d,5cc1b597806534b1fd8814a7a9d85230,delivered,2018-08-23 15:50:07,2018-08-23 16:05:38,2018-08-23 15:31:00,2018-08-27 19:11:17,2018-09-06,7d4f2092516e2d6d87f82491164a3609,2018-08-23
9b4ce65d237bc82227e4b550d1ddf079,24c4f807cb6e92665d8f59e753657ccf,delivered,2018-03-15 13:30:01,2018-03-15 13:49:28,2018-03-16 22:04:33,2018-04-24 01:32:35,2018-04-04,c296bb63ae3787f081bcc184b913acee,2018-03-15
963030216f9dfae3f21a1660bfed8274,943db5b732a10f928de356cc1d7fb075,delivered,2017-02-05 20:21:51,2017-02-05 20:35:12,2017-02-06 10:14:47,2017-02-10 17:44:53,2017-03-01,9520b4a5c7c6d61675ec5c2c62a44cf0,2017-02-05
62ba0592ed1ceb90f1f417ef4c3be1d2,2a08c1df338020e00afa250b69e0096e,delivered,2018-05-15 21:55:06,2018-05-15 22:15:44,2018-05-18 11:10:00,2018-06-04 16:26:47,2018-06-01,e37891fab5207e6a4d3b4f5389bc8300,2018-05-15
5e6e9f9788b0a2ced8491d49b63a32b4,2405289a88eb1fbf99c89f5397b49867,delivered,2018-01-24 15:13:32,2018-01-24 15:58:05,2018-01-25 17:16:59,2018-02-05 15:52:16,2018-02-23,75db2ec39c573b06468d2763afe68184,2018-01-24
4c004439e63485114caf4e97ed9befe1,c5e457320e81424e18d8d9f78256eedc,delivered,2017-07-31 18:39:50,2017-07-31 18:55:21,2017-08-01 13:06:00,2017-08-16 18:19:00,2017-09-04,c4200f291eb0d916c376b5f75d0597b3,2017-07-31
9039bf11d9ef8467d23a4cfbc162653e,469bd5019cd9eb4e96fe8eaacc7a7cad,delivered,2017-10-25 20:28:24,2017-10-27 02:55:35,2017-10-30 14:42:41,2017-11-06 16:57:39,2017-11-17,6d2366521f257796f9213debb77e341b,2017-10-25
167a89d17687b40764e54424ec1f9afd,d7c23f3d2589891ae50aae3af800311b,delivered,2018-05-26 11:42:30,2018-05-26 11:50:59,2018-05-28 13:00:00,2018-06-15 16:35:31,2018-07-11,b0e9276c9a1616b659dba62a86625edb,2018-05-26
6c71ff58759ad54f8b55ea6414020495,0217db9efc54141e264d17de315874d1,delivered,2018-04-07 22:21:18,2018-04-07 22:35:11,2018-04-09 14:52:56,2018-04-13 18:31:08,2018-04-25,60e125fe877f1e33730083a32f4f113c,2018-04-07
2863995f5da2bd8866dc8830507be94f,816d158f2f0fbd39d10c9cb1e06fb7d6,delivered,2017-09-29 13:49:08,2017-09-29 14:07:26,2017-10-04 15:54:31,2017-10-10 21:33:31,2017-10-23,0b28ba51b9306655b752f66c3b2d3b94,2017-09-29
0589d8b975f21fea2ad626ea99527911,77dc1be4c4766a308f7c7516b732a825,delivered,2018-02-27 16:36:42,2018-02-28 16:35:43,2018-03-01 18:47:44,2018-03-07 22:44:26,2018-03-28,ea6f35445410a3f7e74c018be1642995,2018-02-27
ed63d1955429b2d9b6172c755b4fa1b2,f37b50df65da43da826393fd732a5b8a,delivered,2018-03-16 15:45:55,2018-03-20 03:10:35,2018-03-21 20:14:49,2018-03-27 02:33:36,2018-04-12,8a02975938d279e8478b5f793b0290b7,2018-03-16
5b6d199e9bbb33ac85dccad58acb53fa,15a338702a19087b1eacf119cfae08b1,delivered,2017-07-26 17:37:37,2017-07-26 17:50:18,2017-07-31 18:54:28,2017-08-01 21:09:50,2017-08-15,782d02110160b9efdd83f0b5d27376ad,2017-07-26
d2f6de2ff8b1a8a061b5e9af878ca86d,cca8e8cf66f7fb6cd5c7a6ca5e0f9149,delivered,2018-01-31 13:16:54,2018-01-31 14:03:09,2018-02-01 19:28:02,2018-02-10 04:28:34,2018-03-01,cbab12efd62b66bbcdd86ca64a6b25e7,2018-01-31
56430e0b9968b381942760e433583b27,25fc5fcd13751095236ea257c9cfb62a,delivered,2017-03-02 07:28:36,2017-03-02 07:35:17,2017-03-03 13:25:40,2017-03-08 17:53:42,2017-03-23,ff4050535c1351cd0b834ccf1c9d07f1,2017-03-02
672f0701a08a84f4d2363780ccd89d47,be62d0b42cb5dd7bccb8d519ec063795,delivered,2017-06-30 16:54:57,2017-06-30 17:10:12,2017-07-03 12:03:42,2017-07-10 19:24:47,2017-07-26,22f0bc50f5efd661711736a4839dd09e,2017-06-30
394600fad8c925734a04d88f935395e4,7af20ab489d2f181dd71530f340d59af,delivered,2018-01-24 09:41:07,2018-01-24 09:53:46,2018-01-24 21:58:52,2018-02-14 18:07:37,2018-02-21,7b5acdcf05476ab68e66944dfecd29f1,2018-01-24
4555a62ffc9eea4cabdf8f1a7219f813,a7b68644e7fd220dc2ffb68933bb9e18,delivered,2017-11-18 20:44:53,2017-11-18 20:55:52,2017-11-22 18:12:05,2017-11-29 22:02:44,2017-12-07,10e3af8b8ed65dc25dc02dfbcb562504,2017-11-18
6b17276ebb8c2bcae9b571b0f68d787c,ba27b7454fd88b454efdc2c21880225b,delivered,2017-11-05 18:41:01,2017-11-05 19:50:32,2017-11-06 20:05:46,2017-11-22 19:31:52,2017-11-29,e68adbdac93c15c8035827ac6634ad0e,2017-11-05
6cd070c4e831393345297bfa86b24c39,4fffc9aaeef546ab8e5476b4b61e30ec,delivered,2018-06-15 09:46:55,2018-06-18 10:33:45,2018-06-19 14:47:00,2018-06-26 15:51:21,2018-07-23,bb6177428e1ceb223688c1a86638ce1a,2018-06-15
c23d373d2ee0dcb52fd8af1174ee8502,6106eee0095cacb0f76f09443b14bf31,delivered,2017-11-17 23:55:44,2017-11-18 00:10:44,2017-11-23 17:46:41,2017-12-05 22:26:36,2017-12-14,0ed69e1f853d233e3293588dd2438211,2017-11-17
9f7cc89191a32daf25766b274c7f6b19,a100bd3bc89971db65003553fa4f0ba8,delivered,2018-01-04 11:31:42,2018-01-05 02:36:07,2018-01-05 15:42:05,2018-01-08 19:08:08,2018-01-22,39ffdfd77ee61c278d0baf4dddb0b013,2018-01-04
20ff9b4b339b20ef47cfcda736a17a52,96dfa7d4d4ac5b821ac90b04f7832ce6,unavailable,2018-01-11 11:59:41,2018-01-11 12:09:45,,,2018-02-09,1ba713c8258f756279a049018ce01177,2018-01-11
cf9df38ea8a894e959f635c3fce5b739,6a24075730b9c1400e48548a5cbd2738,delivered,2017-04-06 09:05:53,2017-04-06 10:02:24,2017-04-07 15:04:02,2017-04-19 10:53:47,2017-05-02,e8a398ff29ecd32cd95796a2fe0de274,2017-04-06
7b421b7b2a461b494f9b4e6c43b1aa87,3609367900ce8d7d8fbdd03ee43e74be,delivered,2018-06-25 20:15:05,2018-06-25 20:34:14,2018-06-27 13:12:00,2018-07-03 02:16:53,2018-07-24,2eddd038aa243da3fbe757ef7835d535,2018-06-25
4648e84e6a37cd3e5a3d0597fdd8ec9b,d24c27408a4944c4e2b0397495ea2b8b,delivered,2018-02-14 08:54:32,2018-02-14 09:07:53,2018-02-15 19:13:09,2018-03-02 17:57:29,2018-03-12,6d0b0c852f6d5ebac937dc59c36a88f3,2018-02-14
a0b393aaf1085966f34beb2d95817462,d1806517abdeab70d77e1ff58ec5f1b8,delivered,2018-05-01 20:47:37,2018-05-01 21:12:19,2018-05-03 14:56:00,2018-05-14 18:18:18,2018-05-30,e8d7e19524297d8d550594ba07bb139b,2018-05-01
5dd6d26490ce6d2c0c844caca646fb02,854f216a13d5e9d3c1fef396c69618e2,delivered,2018-03-14 23:13:24,2018-03-16 04:15:15,2018-03-20 22:57:37,2018-04-03 19:43:00,2018-04-10,738d911cece8896d012592926ae30546,2018-03-14
de83643596b6203d717e77769482e476,238a236a505ad5d85b7d1df842095d79,delivered,2018-06-19 20:45:02,2018-06-19 21:18:38,2018-06-20 11:48:00,2018-06-26 18:08:37,2018-07-16,f69be5e6c4f9cfd15033ece3a8094ccc,2018-06-19
55251ef8a25806da63971ca3046ca7a5,b5a45c11fcd45758fae4b970ec0697d5,delivered,2017-09-05 22:52:07,2017-09-05 23:10:16,2017-09-06 21:10:13,2017-09-14 19:22:21,2017-09-26,ed7f6178cc015319c2faf3f3f26cbe34,2017-09-05
60fedd48f279e3f0ce27e48d6d7b895d,51ef11dc522f9e3e2874a7678e7e7a1d,delivered,2018-05-15 20:12:04,2018-05-15 20:33:13,2018-05-16 14:02:00,2018-06-13 22:32:16,2018-06-13,ad67869b898bbeb8fa7b8cb5f6106b7b,2018-05-15
a885450c26922878599a0e8ab1bb0569,e43db3527104ef53e7cfdbc0b99b4fc5,delivered,2017-11-27 08:53:15,2017-11-27 09:15:51,2017-11-28 20:08:07,2017-12-13 23:12:11,2017-12-20,b61cbdd11278a64264845dc2b93b53d1,2017-11-27
b6fa3751148ad8ba139779f6543951d9,f7a412f8010d1609da2be707d4e9367c,delivered,2017-07-14 21:10:48,2017-07-14 21:25:08,2017-07-18 21:41:24,2017-07-20 19:52:14,2017-08-01,c232da5e4e536a58508df447aa6a5149,2017-07-14
c513e47b1ec7f0c630776aff9e942ec9,8bbcf9a0717a1cb212b45522ef61972c,delivered,2018-02-05 14:25:43,2018-02-05 14:48:24,2018-02-06 16:38:37,2018-02-24 00:29:49,2018-03-08,3078dfe83b099ae6ebe055be3abe0c0d,2018-02-05
7c8d6e2623f98429c28ab00ffdced669,4018093ea989c2f03959f6d71226faf3,delivered,2017-09-26 09:23:05,2017-09-27 03:37:09,2017-09-27 16:43:34,2017-10-10 22:15:59,2017-11-01,e818fc47ece813da7d37922e3b64fd11,2017-09-26
8c65d56ff533ea4260692ba747aebc7b,eadb38f485051a13664f0a4bdeb60b59,delivered,2018-08-25 14:23:47,2018-08-25 14:35:24,2018-08-27 12:38:00,2018-08-28 20:08:51,2018-08-31,fba82fc4c0d84e7fe3c835074c447598,2018-08-25
b93b11d71e901cb13e0c8a5f80ee67c6,2abeda77caeb8b48c7f250994d6adf82,delivered,2018-06-21 18:20:34,2018-06-21 18:40:46,2018-07-03 05:55:00,2018-07-06 21:41:32,2018-07-24,fde3aeda04b95e203c93fd658b75f88f,2018-06-21
7bdbf26950bfc3b92d415498376864fd,ef05574239559b43f9c131854ea45151,delivered,2018-03-07 21:16:02,2018-03-07 21:30:32,2018-03-08 19:08:36,2018-03-23 01:06:40,2018-04-05,e19914b25dcb51721653f6fda4c2b04e,2018-03-07
d253842de8c5d6f95feebe80f6f6995e,18faa018136406306e04ddb1e7ebf464,delivered,2018-03-27 06:26:35,2018-03-27 06:46:34,2018-03-27 19:32:52,2018-03-28 20:54:48,2018-04-09,9eaed62db4e25ad2ac2fcdec58a8e6cc,2018-03-27
26091f048710af6fa1c6d4f39d4897a5,84f28ac55d936946d201442e1a1e9058,delivered,2018-03-25 14:24:34,2018-03-26 10:09:09,2018-03-29 16:26:33,2018-05-09 21:43:50,2018-05-18,c674ae5b8aca5b218a57c791a10387bc,2018-03-25
6d384db975cc03a67526dcaa751e55fe,36b3899fb68249e20559b4cf0b16bd59,delivered,2018-06-14 16:30:02,2018-06-14 16:58:21,2018-06-15 10:29:00,2018-06-21 15:38:49,2018-07-13,353bc13dff6fa08e92e174442765da75,2018-06-14
ef21ebeb08690a0a1e20959c4d9f6357,7b18513ebd2fce36ff6408b7805252d6,delivered,2018-07-14 13:33:00,2018-07-15 14:15:14,2018-07-16 15:21:00,2018-07-20 19:08:57,2018-08-03,7c08ef032b9154ec96c36da83b4a1e92,2018-07-14
a316607f76b8992b9ef01d8e7ee6933a,88bfdd144525b83fcf4d8ff311286c4b,delivered,2017-08-04 10:08:25,2017-08-04 10:23:27,2017-08-07 18:07:07,2017-08-15 19:54:53,2017-08-28,6e0d94e83bae00a64c12c9497158ee1c,2017-08-04
9bf24c99c60f8ca327fd952471b5bee2,a37c5662ae8d3219eaf975205cfe2bf0,delivered,2018-01-06 11:57:52,2018-01-06 12:07:30,2018-01-09 13:48:58,2018-01-26 17:42:11,2018-02-05,ed776320ce6ea9a8ecbfac4bd91a9b99,2018-01-06
19a446583991325bc207214763eea124,f3a2d5b49cc090c679649818bc3f8e8e,delivered,2018-06-11 22:31:34,2018-06-11 22:59:15,2018-06-12 10:35:00,2018-06-13 19:38:50,2018-07-05,43926f36ab519f97f4c9ce01c6183c9c,2018-06-11
5f4a93e06fbb6c09a0f4afec6a1ea960,178e7d9d5737485a7a3fc47c9bc32f36,delivered,2017-11-15 19:19:02,2017-11-15 19:35:36,2017-11-16 19:32:16,2017-11-27 15:42:28,2017-12-06,fdf74893258fd69699b5414296b75e35,2017-11-15
25ff38b3eac37d28ac1fd35e41393218,49e4b2fb8926a656f2415667cd8f6c38,delivered,2017-07-10 17:55:20,2017-07-10 18:10:12,2017-07-13 19:12:26,2017-07-17 22:04:24,2017-07-28,c731a46dd44dfe456ccfa8968206943d,2017-07-10
5c5a4d0be78ff48f67dd7f81fd56d905,d694672edc54700d8ca5ed650115ee59,delivered,2017-08-18 08:33:04,2017-08-18 08:45:45,2017-08-24 21:04:17,2017-09-15 18:53:03,2017-09-19,c0f7e8c0c647d0a9a0875bf9c10a532a,2017-08-18
f93757ef61c71d0a9e052b7cc8d32fb4,2f717ff462b109be71bd1e5aba745f43,delivered,2018-04-18 13:06:52,2018-04-18 13:31:49,2018-04-24 00:38:42,2018-04-27 18:28:45,2018-05-11,8f8eb77a8d3f39241191f7a3ab6c2570,2018-04-18
8d58703c7926bd13b718863681e60e42,f7457bbcdd912ef2a847361418a2c67a,delivered,2018-07-17 19:19:04,2018-07-17 19:25:19,2018-07-19 06:14:00,2018-07-24 21:24:36,2018-07-31,64530478ef86eee94dfdc8e3c020a23f,2018-07-17
b56a539decbea0b1d4583abf7b1195b7,acfb0bca6344e3b5ce1f252b5da4c30f,delivered,2017-12-27 11:16:00,2017-12-28 02:35:34,2017-12-28 17:13:59,2018-01-04 16:13:18,2018-01-22,7f37cc6debfa37896ab820bff9e1ef6c,2017-12-27
223b21af0c2d24db54dfa4ee559fbe28,7743a320b133a0703f259bbabadb47cb,delivered,2017-08-07 13:10:26,2017-08-07 13:43:19,2017-08-09 17:00:03,2017-08-14 19:27:36,2017-09-06,603c79d4861632b8dd1557bdc063ebdc,2017-08-07
961b75f90f3f09b0b5b5526073ec83e7,1b365138742f0bc2e44e4fac0bf94c7e,delivered,2017-12-07 17:29:07,2017-12-08 02:53:59,2017-12-08 14:18:51,2017-12-19 18:43:42,2018-01-04,7cfca217bb8634cb7dedf1ffc05f7188,2017-12-07
70797100fedf9c14e0d0008c876f11b5,1661d19b3ecbfcabf7d551f2d0ad2733,delivered,2018-04-02 21:32:22,2018-04-04 03:10:18,2018-04-05 00:49:42,2018-04-12 17:21:18,2018-05-03,7c0e4a6359c6ff5cd0384f461562c59b,2018-04-02
e714fd896d1273fd224dbeef2cb97633,2ae0c48a27f15c77622fea0ec9ce6dce,delivered,2018-02-27 11:28:47,2018-02-28 11:32:31,2018-03-02 20:48:47,2018-03-06 20:53:00,2018-03-21,8a1d6a1ec3c9fc445f96ed9e7f646bcc,2018-02-27
6f0c925fc5d548afcddeea046d4e30d1,95249fdbd5e35ac3652c3f5e05e75f91,delivered,2018-01-05 17:31:53,2018-01-05 17:39:21,2018-01-10 20:11:23,2018-01-22 23:48:41,2018-02-07,82f7feb906cffc635edc1212ea2c3e97,2018-01-05
1809078b655469f11b429102fb296998,e49cb31672822de07bf6f6b0899ee58f,delivered,2018-04-20 20:22:34,2018-04-24 19:10:37,2018-04-23 18:18:27,2018-04-24 18:47:46,2018-05-10,d4e50256ef063395ef57726e6b289473,2018-04-20
35cf9be605f7018e3827a0349b1afaad,9223f91f9d02d1ec93b349431aa372fe,delivered,2017-12-03 18:47:28,2017-12-05 04:12:01,2017-12-08 10:45:32,2017-12-27 20:32:20,2017-12-28,e0c5865cae7de088e0b2e94dc4418ea1,2017-12-03
727e96ab29834171ff0fe393453467e0,f4e4eb064cd539154f9deae1cda1b3aa,delivered,2017-10-21 19:13:37,2017-10-24 03:14:17,2017-10-24 15:47:47,2017-10-28 15:57:51,2017-11-09,c536cc87b8a57aeb1b211e7b1898778f,2017-10-21
3d966a23ca6c6a3e5dca4053ee2c654a,ba4313262d731a83d0277b1d920a4639,delivered,2018-05-15 13:25:08,2018-05-16 02:53:47,2018-05-29 15:28:00,2018-05-30 19:48:44,2018-06-08,8a452cfa2b4925714df38aafd059e7a9,2018-05-15
37c8cbbb816470ceb8a3026653cf3d3c,0c6ddd0fc46185e7fd0bb6d767bf4d36,delivered,2018-03-01 15:25:54,2018-03-02 02:10:01,2018-03-02 21:56:43,2018-04-04 00:29:49,2018-03-26,daaa4bd4b2ac37cd00efc852878b626a,2018-03-01
4100b7218003e76b7c95e82ab07b3fdc,38db9a6684eac7a77ef71610592e409f,delivered,2017-09-01 22:03:59,2017-09-01 22:26:08,2017-09-04 22:03:07,2017-09-14 17:56:31,2017-09-25,21bb05add38438bb24dbdbaa3ef7817d,2017-09-01
71a88ca55a16c100b22fa5dace71266a,cf8988f6601f583a955185731958229d,delivered,2018-06-02 22:36:30,2018-06-02 22:51:08,2018-06-05 12:54:00,2018-06-19 11:38:43,2018-07-04,a56df37f1251ec47d5ad53dab3043f38,2018-06-02
681520892dd4126ee802bcd5aca41c73,8bfd33c4e201a1b9b6d07f61298bc6f0,delivered,2018-08-11 17:16:14,2018-08-11 17:30:14,2018-08-13 16:02:00,2018-08-20 20:26:44,2018-08-23,9ab2ee475b0b0398d2c9b9a5347ca531,2018-08-11
9d8207422d2e1b77d951d57df1693278,f623abff52174c8134beb9aab562b99f,delivered,2017-12-15 11:24:12,2017-12-15 11:32:27,2017-12-18 22:35:04,2017-12-29 16:47:26,2018-01-11,d5e1bbc558d15ff8b23ccb14656a1dc1,2017-12-15
242580697feaa388d1043faa3755cdfd,ac29d8de6a1e6a0d2505419db9f8dba7,delivered,2017-11-08 08:45:26,2017-11-08 08:55:50,2017-11-10 22:31:48,2017-11-22 00:02:39,2017-12-05,d38553a9c8d30efc45e02381e606740f,2017-11-08
9f1db27c49885bed69d54f9d11ba8058,5a73138934244ea1b068841d01d7b714,delivered,2018-05-16 20:09:59,2018-05-16 20:56:44,2018-05-17 08:25:00,2018-05-22 12:03:37,2018-06-06,ba611c64ba9683bffedbe55cf96504f3,2018-05-16
a7070a3e260832c27a6f36ce22d61151,6b05c8f3a25a71005d5eb9b51766c333,delivered,2017-08-15 20:11:01,2017-08-15 22:05:42,2017-08-17 17:19:55,2017-08-22 19:23:39,2017-09-06,1ead5f5c37bde289f52f322c4c497c4b,2017-08-15
92c5e555afe0fddf3e8e4ae6baf2fe68,c7e376aa9ce54b73baa1125944387490,delivered,2018-01-08 11:27:48,2018-01-09 07:19:12,2018-01-10 12:21:56,2018-01-18 13:17:13,2018-02-05,8e13edec0d9b5ad8f3fd6b32a5e7bbde,2018-01-08
7b4dd7a1e967f3c305574c48bf4045f5,d730b3e51e279bb9c2e6592ea515ed2a,delivered,2018-07-11 11:08:40,2018-07-11 11:26:36,2018-07-16 13:37:00,2018-07-21 14:03:19,2018-08-13,ad38a36de51f2106e9fca24dabe42a38,2018-07-11
3c4e225b9b32cc19fcefee42082df53f,a5c2163d1b3b465342d92ef5c8e398b4,delivered,2017-10-26 14:06:12,2017-10-27 13:07:18,2017-10-30 16:24:01,2017-11-03 20:38:51,2017-11-14,9cb6efa9ca01a3669d564332c521eca0,2017-10-26
9991f93b8033efb6a155363142504f5a,f8fd9bba9a4358344cb5dc6387c75b98,delivered,2018-06-04 09:40:03,2018-06-04 09:55:18,2018-06-05 09:24:00,2018-06-12 19:52:29,2018-07-05,a8cace4dc9e5fcc3be52319160150f24,2018-06-04
b8fc6ac941d47f4562ba6eec0e20cb9f,a74849ddbcb62bca40283e5c1918f426,delivered,2017-10-14 19:07:07,2017-10-17 03:49:19,2017-10-18 18:17:50,2017-10-19 23:17:53,2017-10-26,5bb42b1407a2074d382791d0884e1660,2017-10-14
766c99ec475fbe5700815bd8d452d107,2fe96b87b0ee448a5fd3c7cc6ba3dfe9,delivered,2017-11-24 16:28:54,2017-11-24 20:19:40,2017-12-08 14:29:57,2017-12-21 23:09:11,2017-12-26,f0f9c9ea7c846f3ce709d08a440e71a5,2017-11-24
0311da9b3ac095a57a2662813e179bcb,34b18316e1c66360c7d2603da9a8b0f3,delivered,2018-02-20 21:24:12,2018-02-20 21:47:16,2018-02-21 20:27:04,2018-03-12 17:40:51,2018-03-15,90b48ced7472af3c9c94ff5a432be4f2,2018-02-20
42d23fff3eee93c6c3b0ac65d3ca1e93,bc210337f80918ea78f87fa40d7d2507,delivered,2018-06-30 09:11:46,2018-06-30 09:30:32,2018-06-30 08:58:00,2018-07-05 22:51:46,2018-07-27,487c8bf87aa8420ba0f313346dd9ad69,2018-06-30
d6e8909db886a81c5a4087d3a837003f,31dcf859b26b69e249d9189f44b6adfb,delivered,2017-10-02 12:34:13,2017-10-05 12:28:27,2017-10-06 20:03:59,2017-10-18 23:12:48,2017-10-25,d23eb64e4aadb6ddd37107c3bbfc36ce,2017-10-02
fa6b45bf2faae7dd3bfdad05a28e91fa,59ccd68b1552f41045c3fa7e6402144d,delivered,2017-04-17 07:25:25,2017-04-17 07:35:17,2017-04-20 12:59:39,2017-05-09 09:51:42,2017-05-19,4354753387ebf06e303e2aff23663692,2017-04-17
81792b856e65e0a1e4782f1d7b34fede,f86147bca11f02f4e56ddb51b51cb4f0,delivered,2017-12-21 17:00:37,2017-12-21 17:12:40,2017-12-22 22:52:34,2018-01-05 18:39:04,2018-01-24,f0064829e58c747d86ef5fc82506fa4e,2017-12-21
89b9dca459730f82d38425daf378b9e0,2951177dd2ff5f7fb550f854733d1fa9,delivered,2018-02-16 15:38:29,2018-02-16 15:50:29,2018-02-22 20:53:39,2018-02-26 12:56:57,2018-03-05,f10dcb527dc33835e4762d61d618c96e,2018-02-16
e3a456432c2847da83a3cfb4fa72d9db,fd79d84ccc418c200ac0633a12166a71,delivered,2017-11-21 21:40:05,2017-11-21 21:52:57,2017-11-23 21:41:17,2018-01-05 21:18:48,2017-12-08,9a9fcf0d04d9364eb5d4ad3d4d3e6228,2017-11-21
5485b7aec242643d6d20665586e616e0,e1f1a6e71d316439cc80fde0b1009230,delivered,2018-06-24 03:33:48,2018-06-24 03:57:39,2018-06-26 14:59:00,2018-06-28 12:33:37,2018-07-05,b61b2269af2854f85609b0e6d6222e60,2018-06-24
874c1e6189681d0a986279d2055bdceb,f0c9caab08d323115a91ee5cd8c421c2,delivered,2017-08-09 20:53:19,2017-08-09 21:05:19,2017-08-16 19:17:33,2017-08-21 16:24:11,2017-08-31,dfb4c7d5d82eb2edf582707d11bb39fc,2017-08-09
c00c23faa6f8164515d2cb92ab49a87d,59d3236fcc52eecc14c7f6389c15ea23,delivered,2017-11-30 09:29:22,2017-11-30 09:50:37,2017-11-30 17:19:59,2017-12-18 20:05:51,2017-12-26,55be0e67e3776a12abb66e3fba0284c6,2017-11-30
ebdfc2a2bfba1c888ea6011aec355151,4e4e36c42356635776c1638d4b46a631,delivered,2017-09-11 14:20:12,2017-09-11 14:35:09,2017-09-11 20:36:58,2017-09-21 18:07:50,2017-10-02,821e4e781313d2eb18711efe7a50d66a,2017-09-11
08c7b46d1dfd29f3200c439119cfe4ac,2af6e83a140873ebe51bc9beb29143a7,delivered,2018-02-25 12:28:13,2018-02-25 12:49:00,2018-02-26 18:43:06,2018-03-07 15:58:40,2018-04-09,6f30a4e41a06877cb71c54b710161f2b,2018-02-25
ab30f399d360ddf62897051d813f887d,127db0c6508b462e3d75c81ec54ac5a6,delivered,2018-02-20 07:53:08,2018-02-20 08:10:30,2018-02-22 23:39:00,2018-03-12 21:39:41,2018-03-13,4fd1a56f7500d9a023a1dc23a9e014cc,2018-02-20
16da11712ebb71eea9d451ac99d0bc52,b5b7b0bb1d3963a4b731c4cfc4fa716d,delivered,2017-10-20 13:33:48,2017-10-20 13:49:47,2017-10-20 20:32:54,2017-10-27 19:57:48,2017-11-09,300f3841803da915f5300b11060a4922,2017-10-20
89e7c89d4642d0f6de33b1314a209e96,55c16f7e9ea3316a119a34d199c4f161,delivered,2018-05-16 07:13:46,2018-05-16 07:56:28,2018-05-28 14:09:00,2018-06-12 15:34:43,2018-06-05,23230b975a6783fb7bb5678d90520855,2018-05-16
2f913d8514e1297d2b7543d5e7a6f90d,f1d4502d91bfed06dd2dc1354a0c5100,delivered,2018-01-18 22:50:40,2018-01-20 09:07:53,2018-01-25 19:42:09,2018-01-28 16:05:04,2018-02-02,7dd60f12b50fbf7ba9f8c43f2712b429,2018-01-18
d7ebfa9a59497087b6f2383f00689fcf,6da7fdc344021e769a846085968f48f0,delivered,2017-10-29 22:45:35,2017-10-29 23:05:48,2017-10-31 23:44:50,2017-11-14 18:42:27,2017-11-23,4db04f3853752458316271e5a12f422d,2017-10-29
5fdc1bf5ee308d53a4d93be57828c888,04d55ff9d3701dc37126c0d9690b405d,delivered,2017-02-13 20:21:07,2017-02-13 20:30:20,2017-02-14 10:47:25,2017-02-17 20:24:08,2017-03-20,f8c1c61e15db294813a24ad5795a54dd,2017-02-13
c39fdd3fcd0af98b287d3c9732a7eb38,3d5b84857f33fca6a8358ca21d1817e6,delivered,2017-08-30 11:41:00,2017-08-30 11:55:09,2017-09-01 15:14:03,2017-09-05 23:46:57,2017-09-22,8ef9add628931053f28350c0ad4bc7f7,2017-08-30
03f8a04136edb44e749e0c70e8793caa,25751e4cdda6d1c387781a1b9e93e72e,delivered,2017-06-14 10:42:20,2017-06-14 10:50:16,2017-06-14 19:42:52,2017-06-23 07:57:54,2017-07-05,badfe870635ba56f341a37342f9d8530,2017-06-14
68b73b2773ff90dc774d217f5a554680,62faee0a2a0c1b99966bdc94c12081d2,delivered,2018-01-08 15:28:25,2018-01-08 17:53:18,2018-01-09 23:32:29,2018-01-21 13:09:58,2018-02-08,331b42fa305e26db26e50e92344f6730,2018-01-08
2ebc2fcb2f8e8a378323a13893adb1eb,e94ecefbefed9b773ccda2eea3ccd040,delivered,2017-10-03 11:29:08,2017-10-03 11:49:27,2017-10-13 14:45:12,2017-10-27 21:52:45,2017-11-08,90dce8afcb491a67cb4c5f2ce55641a9,2017-10-03
754ab3185845cb3b017c81b9c06165aa,b6af5bbd4465cddb6f8d3825a4d323e5,delivered,2017-09-20 13:36:22,2017-09-20 13:50:13,2017-09-21 18:32:07,2017-09-22 18:55:09,2017-10-05,b3d43bd56a11bef7fd4563bc852625ad,2017-09-20
1c2ad5f6b47949d550340116a33ef3cc,1a284e249eeb65478b4dcc8d15a8f10b,delivered,2018-01-03 12:20:10,2018-01-03 12:28:28,2018-01-10 17:17:59,2018-02-01 01:03:52,2018-02-06,d77dfc1bbb5d65b1725b30c9ebb89d5e,2018-01-03
e2c4cc7267755f2cbec6faa646f80a0d,6824e3de6e4de0ced93c58d0c2921ad9,delivered,2017-05-19 11:41:16,2017-05-19 11:55:19,2017-05-24 11:35:44,2017-05-30 06:12:52,2017-06-01,86a72c4e6cdda766f7515b816334465e,2017-05-19
8a4b6a61039b6aed2d1271fccce923c6,5b4b0bda90ced96540f32f713fb55066,delivered,2017-11-29 13:39:39,2017-11-29 13:51:36,2017-11-30 19:22:42,2017-12-15 19:09:39,2017-12-19,8a555cf7d986f1600be448161abab778,2017-11-29
487af6c1b2cb9c5259105b2388278bca,57e500590bf158a6014686a544f36298,delivered,2018-07-20 21:33:03,2018-07-20 21:45:13,2018-07-24 14:21:00,2018-07-30 20:51:16,2018-08-30,d6788de86b8559c0af589cec24384843,2018-07-20
e972859dd2d7d7681b40ecd41a465361,f9b0e8cc11858ed04c3b6690e47e2100,delivered,2017-08-31 23:08:31,2017-08-31 23:15:18,2017-09-05 22:49:48,2017-09-12 20:54:46,2017-09-28,ed2b3f325265fe93991e55adab759757,2017-08-31
5c734ce57306bb7ff8cf9a8fc11b63d7,6a9c922c5c65bbfa983c16742e4a4a6e,delivered,2018-04-02 13:06:21,2018-04-02 13:15:21,2018-04-04 18:06:47,2018-04-05 19:09:31,2018-04-12,e732b096aef595c36483a20cb2c0464f,2018-04-02
d050bb999c176f3275ed9876c64e0033,baa526bc6d733ee2f41e97e07a3a4d19,delivered,2018-03-17 17:57:04,2018-03-17 18:10:45,2018-03-19 18:26:43,2018-04-02 23:22:23,2018-04-16,49ad24729e856d4844fc0dda641d2386,2018-03-17
2342c7ad7ade2a5d4af9b379289044d8,4be3b1cf113336d33a890541de5f892b,delivered,2018-07-09 13:46:06,2018-07-09 13:55:19,2018-07-10 14:13:00,2018-07-11 18:14:45,2018-07-20,740b08c7336227fc78a2e744b9548f23,2018-07-09
00f426c7214575822c3cb44ea59ef0f6,f5958334207adf09817b5451cba61651,delivered,2018-07-13 07:40:22,2018-07-13 08:45:09,2018-07-16 14:08:00,2018-07-25 19:32:10,2018-08-13,8262ef5046932be5b3279393f8476614,2018-07-13
6c23fe4c807bfd4e197fe866a197b689,52daf91e2bcac63f4b5d1300a1b112e7,delivered,2017-12-11 23:19:07,2017-12-12 00:05:04,2017-12-13 21:59:01,2017-12-16 18:22:27,2017-12-28,6e297c75ef9ee80cbad745dd33977c7d,2017-12-11
e3254323dd511d109978d37345cdcbae,988c1b699bf81d3fabc3cf8aaf8cf156,delivered,2017-12-23 19:36:37,2017-12-24 19:30:26,2018-01-26 20:32:12,2018-02-20 23:42:30,2018-02-01,eaab150f32fb7b6b7c8adcf8db52e58b,2017-12-23
78278e87bcd17ccb24ec5c720a19c073,8322a01dd78f4c2d3e882939070ebe29,delivered,2017-08-23 11:04:06,2017-08-23 11:15:27,2017-08-23 18:51:45,2017-08-24 17:48:34,2017-09-08,649262de7a85e85d4aa59a350502429a,2017-08-23
37aa78c2f3c77d99ef98495517766373,b555736176fc35687ca2606ff18789be,delivered,2017-06-05 15:56:29,2017-06-05 17:15:12,2017-06-06 17:32:03,2017-06-09 18:41:59,2017-06-26,52a2b4feb86014a5ddc45c371debdf75,2017-06-05
2f4cad919c61a60ad1652a1355d3fdae,0ddca041b02e9e3f5160304e7e4d64a4,delivered,2018-05-10 18:14:41,2018-05-10 18:30:47,2018-05-19 06:14:00,2018-06-06 18:59:04,2018-06-12,14bda93fc8ff90d286a242d062035fa1,2018-05-10
23640b43da6ae4ac5a21782ca8c17c39,33eed39fcbb2cc8780a1599bb9f07fc8,delivered,2017-07-10 13:57:50,2017-07-10 14:23:30,2017-07-12 16:07:37,2017-07-19 16:35:39,2017-08-01,ea1c561cb3898d9046369b2ccd69488f,2017-07-10
487b0b7a323d6f88a2ef4e194cdfd287,adb4e5bac17156ebb312828a527d9d61,delivered,2018-08-12 17:49:23,2018-08-12 18:04:26,2018-08-13 14:53:00,2018-08-23 17:48:52,2018-08-23,f0c02e3b6b17ca31e371e1f440e0198e,2018-08-12
872e1ceb6beede021e8027145eefa8d2,d989fc7089c739f025fef52b7eb2c87a,delivered,2017-05-22 22:57:08,2017-05-22 23:05:14,2017-05-24 09:28:18,2017-05-30 10:46:55,2017-06-16,be0254dbd2aafac3682ebd387f7e1d2c,2017-05-22
6203c81147d0139e07867d4a07e3ec67,4aaeb02c63e7a4993045fa2c4202d31b,delivered,2018-05-14 13:39:50,2018-05-15 04:12:15,2018-05-15 11:14:00,2018-05-21 23:08:38,2018-06-04,d37b526282b105e8b96a8bd285906776,2018-05-14
cadb75b4ce8646d41b77eff5faa5d300,a9b64930cc252ddc772d8fd2db472fb5,delivered,2018-05-13 18:32:08,2018-05-15 03:35:11,2018-05-17 15:23:00,2018-06-04 23:27:24,2018-06-05,4615825a69abba2fd1e57b84581856a3,2018-05-13
39900b73a172015fa77a5a451c3cbc95,ef1e161c896524bd9b91e77ad5e5fae4,delivered,2018-08-19 23:28:25,2018-08-21 04:10:32,2018-08-23 14:40:00,2018-08-30 00:55:22,2018-09-06,d9647dd72c6b946acac7612123880b98,2018-08-19
fca2d3cd8d197a721028480baceb995a,afee5c7515e42d56b90259debb4ab26a,delivered,2018-07-13 22:34:14,2018-07-13 22:50:15,2018-07-16 15:19:00,2018-07-26 18:22:26,2018-08-02,d256a7a49cf28fa2fc83d96ab4b7c405,2018-07-13
3d422fc6d6750bc646e96641823be1e8,2061a03f190f40e42813e1c258ffc3eb,delivered,2017-04-13 21:11:04,2017-04-13 21:22:28,2017-04-17 08:47:06,2017-05-02 13:45:11,2017-05-17,f18e64a11af23c4ffa9e537e9ad39b94,2017-04-13
e326a262b6e44dcbb1df6b74f9aea574,e35070616c6bd238074e2ee5131113fd,delivered,2017-10-24 12:49:41,2017-10-24 13:06:25,2017-10-25 19:57:40,2017-10-26 16:19:36,2017-11-07,8158212aeee10a495fd38a7973b22b7d,2017-10-24
c31c1cc9cd9ad952cbdc6310eaf88e15,1bb105baf72d2212ea5579641339d80c,delivered,2018-05-13 21:18:17,2018-05-13 21:33:09,2018-05-16 08:13:00,2018-05-21 16:56:30,2018-06-04,a92c87122499c9e62ef53013c6b4565b,2018-05-13
6154476750769677d2c6845cc9f4a13c,dd715553c3f98a39626ca2e3686fe32c,delivered,2018-06-20 23:04:27,2018-06-21 13:25:23,2018-06-22 14:09:00,2018-06-25 16:23:37,2018-07-05,3c1c78609df1d7b24046f141189d6476,2018-06-20
4f6d5b0656f4701bba88a3351199cb14,cf0ba861eff63f6c405f6baf9f06fe76,delivered,2018-02-09 13:46:15,2018-02-10 10:08:20,2018-02-15 20:21:39,2018-02-27 00:06:57,2018-03-15,ab17132562436b8627dc90b683ee2a7d,2018-02-09
3b2869c5b6a037cf731d70ac76d0fea7,abbee7adad3d81e236a63c8bd72f1277,delivered,2017-08-15 21:20:35,2017-08-15 23:24:39,2017-08-17 18:33:30,2017-08-21 18:22:44,2017-09-04,204fa49efb5913a76287284d6e096f69,2017-08-15
de8a1cc20f0f3f44aded9ac6a1e8eaa1,8ad0559e9cad6b2d98210ab1c9fd4680,shipped,2017-09-25 09:22:25,2017-09-26 03:49:31,2017-09-29 16:47:27,,2017-10-24,143e3f1c28fde8c1202737cf558b1d9f,2017-09-25
6a24117d180f8b7de1ca1d5f35132ce3,f785b0a48b707292f98a12752dc7a95d,delivered,2017-04-29 10:54:55,2017-04-29 11:05:09,2017-05-02 12:56:29,2017-05-11 08:09:30,2017-05-23,873b6512a80d4ccc7ec1ad735ab81a81,2017-04-29
002b430ff89b3a24c31a1170acbbedea,8d69dbf0f4dcb6c90367e0877ae94732,delivered,2017-06-20 21:55:21,2017-06-20 22:10:14,2017-06-21 11:26:14,2017-06-29 14:57:35,2017-07-12,b1f8d8ebab0d8174f573bb6797ba8240,2017-06-20
8ce0356590d5276179650852e5e92eb9,5bfa69738c5ba07dde7bd439f8074be2,delivered,2018-02-14 18:47:47,2018-02-14 19:00:28,2018-02-15 13:23:31,2018-03-07 22:43:05,2018-03-15,5e55d25a9443b380fce0af5dc4f22c93,2018-02-14
dac9b7a51d7f27bbcfa19b93433f65d2,38522087a15a1fff7a96ad4ac2d4b719,delivered,2018-03-20 15:08:17,2018-03-21 02:56:23,2018-03-21 21:05:05,2018-04-02 23:32:55,2018-04-24,9f169df18e7618371e862cb1c181fdc6,2018-03-20
2bc7d8434e38fd99e69b2d4b88f7c638,8de64fc8fa179ff773b31c717f5fc995,delivered,2018-02-15 08:21:04,2018-02-15 16:50:34,2018-02-17 01:14:44,2018-03-11 19:51:37,2018-03-23,dc0274a25d881c813da7d55b7faace37,2018-02-15
ed2c57fed139a0eca6a0204624201f0c,4623cf76f5a83537bd7d4dcd07c213a6,delivered,2017-04-19 17:26:36,2017-04-19 17:42:25,2017-04-24 14:55:48,2017-05-16 08:17:32,2017-05-18,922106d9e4ab35ddf6a761c6137ab813,2017-04-19
3c69e47086d4cbe99a417c2d45a7aca5,a8ffa2cf2c4b3e911c953a76c4f54869,delivered,2018-05-20 21:44:26,2018-05-20 22:18:26,2018-05-21 16:02:00,2018-05-22 16:33:31,2018-06-01,3a04ed9e9a9af78e22bd6b10e2e4d3dc,2018-05-20
4f7dbee2068ee41007872df9d2532dfa,52456ff5adc8e12b08b5b8ddef520339,delivered,2018-08-10 18:32:06,2018-08-10 18:44:33,2018-08-15 07:35:00,2018-09-04 03:18:42,2018-08-23,b420fbfe51ec2d3d07ac69f1302fcf00,2018-08-10
f73cd8a734e54187ab54efc5efa6df60,a724af9a4cf8cd50372e0f0f11a73817,delivered,2018-02-16 14:24:45,2018-02-16 14:35:32,2018-02-19 18:22:50,2018-02-28 13:35:27,2018-03-14,dac91c3d12132ef9203d49f03ee19f2f,2018-02-16
98dbf8445c584d2354afd1a0ad55c033,82532b2c41a2e45166b1e5a01d1df651,delivered,2018-07-05 10:42:33,2018-07-05 16:09:14,2018-07-05 15:49:00,2018-07-10 15:36:32,2018-08-09,414ef2434c95095635a6050989bbbcb7,2018-07-05
2c922479dfa54e17760a70063a369e8a,a91a6bd11dcc87a1fa781ea828cf3bfc,delivered,2018-04-16 17:49:46,2018-04-16 19:11:42,2018-04-20 21:25:25,2018-05-01 14:27:45,2018-05-14,15be16af39a06b195c5434190a6345ea,2018-04-16
723ac9c5a1b83772c9e9cdfe4d94f5fc,48e68f9883402502055d6c41a62c5e41,delivered,2017-12-14 11:10:57,2017-12-14 11:18:11,2017-12-15 18:48:57,2018-01-04 20:25:17,2018-01-11,0bf1278577a2acf8532a031d98cd517c,2017-12-14
f53b39c6c91ce86717c15d8e4e5da0c2,42d1b4eb863054dcb04a019944ecd2d8,delivered,2017-01-08 09:35:07,2017-01-10 03:10:46,2017-01-10 11:53:06,2017-01-12 09:22:12,2017-02-17,fc00da40808e113053d8a26c3e854ccf,2017-01-08
a9850cfaa6a85bd626e548413454f108,22b9321f022b2c6574492c71012dcc2f,delivered,2017-11-28 20:16:33,2017-11-28 20:31:36,2017-12-08 12:42:05,2018-01-04 15:17:30,2017-12-26,81dafc2d9616f0d5673120d0318b5de5,2017-11-28
c264a164325d23f657477ec6c1f0907a,03b243d7ac6a467982044dd9dddb4d68,delivered,2018-07-15 22:09:53,2018-07-15 22:24:01,2018-07-23 15:08:00,2018-07-26 12:48:36,2018-08-07,ae7bbda26aa34d0eeab6e5e2f19fe122,2018-07-15
e7f65461e6bfbb6977c3d24ff623024e,b727b1a23df7aac384bf3b4ffabe70a2,delivered,2017-11-23 22:30:08,2017-11-23 22:37:26,2017-11-27 22:52:01,2017-12-24 19:27:47,2017-12-19,7c2df18dfe4e53d39317a9050caa4c60,2017-11-23
4ccc4e96e0fa5c35efbf9bf836ebef72,ff0d62f8be4c098e6306f39bc6ebded4,delivered,2018-06-01 15:21:45,2018-06-02 15:15:20,2018-06-04 14:18:00,2018-06-09 13:58:44,2018-07-05,ab26557b289641b505abd795c0913683,2018-06-01
7109277b7a33daf4d8ecd24795675ac3,df2bb2ee8165b357b15a1ada515d4597,delivered,2017-06-28 14:36:37,2017-06-28 14:45:24,2017-06-29 17:41:39,2017-07-07 17:43:35,2017-07-20,94f14dd9f48daed11d3f8225afdea368,2017-06-28
43a0277da1f854225ecf40b7b2411991,6dee228367b25017c502f04147a44e79,delivered,2018-03-01 22:49:55,2018-03-01 23:09:42,2018-03-05 14:09:51,2018-03-21 21:36:28,2018-03-29,2d3965ec99f65ef82af499280c95e81f,2018-03-01
5981fe47e1bfe9374b5c58d57ef9dbab,610afaffeb1682f6c97c3dcfde10f361,delivered,2017-11-24 15:43:35,2017-11-26 16:51:24,2017-11-29 02:09:18,2017-12-13 00:09:45,2017-12-27,96cf2365af288c0bb05034020a2accff,2017-11-24
275d77a4c30d29824ec29e90244c95f4,8eef778d4503babd0c72729b107387f0,delivered,2018-06-06 15:53:12,2018-06-06 16:14:30,2018-06-07 14:54:00,2018-06-11 17:28:25,2018-07-03,6c0de7ee66f58a94bb8ac257e5c49119,2018-06-06
d69e91e2ea89d907fabc80d44be64734,3ab92b803f7011fe479bc1502d40f1d5,delivered,2018-06-13 22:20:32,2018-06-13 22:39:23,2018-06-14 15:41:00,2018-06-19 00:32:23,2018-06-28,7c75e010e637f4f32ac425dd7982a9d9,2018-06-13
035c0a7b70aeddb6865a1faa3ecd1cef,9e0c3d9fa27dcc05361fb6b771f112bd,delivered,2018-01-02 16:07:09,2018-01-03 04:14:36,2018-01-05 18:46:49,2018-01-08 16:04:55,2018-01-18,384e8dae667c49a5004241d2b47f4e30,2018-01-02
0c484845a32b2d44b9857ab5c1956b99,4cef993bd4c1f61b12e8a8823f20cb08,delivered,2018-04-12 14:01:54,2018-04-12 14:10:40,2018-04-12 23:18:28,2018-04-16 20:50:58,2018-05-15,20c0d1b25561a2be22a834300123a413,2018-04-12
58b67b63bcec8f5f157c17d15b724b89,7cb765c85242eea08f1aa4dd273ae02f,delivered,2018-08-15 11:52:55,2018-08-15 12:05:13,2018-08-16 14:11:00,2018-08-23 22:56:44,2018-09-04,2a87b667d8f245547f3dad4341d8b850,2018-08-15
1982a20c2a9d116da964e488d59eebe7,f134935ef1c94d9f955a76705011d30b,unavailable,2017-02-08 16:14:48,2017-02-09 16:25:15,,,2017-03-09,3d96734ce2aceaaff2c957f9777639ef,2017-02-08
9cbc9568dccaf53e33a60ed966a8a94c,c3f85df1dee609015937d3d4807549cb,delivered,2018-05-03 21:26:11,2018-05-03 21:51:05,2018-05-08 12:32:00,2018-05-14 16:06:56,2018-05-24,3351efeee1597277261b8e8b14afae7b,2018-05-03
64bf167fb87c4bccf7cbfde95d835ed5,1cff04e5f7309d1e3439088588d45794,delivered,2017-08-18 06:47:24,2017-08-22 04:10:53,2017-08-22 18:08:03,2017-08-25 20:59:46,2017-09-08,95fc0e6f6939f521e44a588ff18eacb9,2017-08-18
ff850ba359507b996e8b2fbb26df8d03,219399e5496f8ca1dc6f68753131c084,delivered,2017-08-06 19:38:00,2017-08-06 20:20:07,2017-08-08 12:23:16,2017-08-21 22:15:41,2017-08-31,b0b3c2b74b3a2db6e2d76b7615ff6b17,2017-08-06
99aa8e638a0b9c72a30f52a0018c1e41,cca76cf5843954f90141bb998c1d58fc,delivered,2017-07-08 18:09:27,2017-07-08 18:23:17,2017-07-13 21:48:36,2017-07-18 21:42:45,2017-07-25,02f9070c2ed9e6fc09b8a6723318ce9b,2017-07-08
0749c820395dd586556efd230c9d1bb9,5248d3a86f1b9bfe42ed12027d84b454,shipped,2018-07-04 13:12:48,2018-07-05 16:25:09,2018-07-05 12:01:00,,2018-07-19,41c7ed8947f417e87623c940b227ab46,2018-07-04
3f708b582c7040dabf08966da9400649,5086db9b5b639d5b5a71a29df7d788dd,delivered,2018-03-30 22:50:50,2018-03-31 22:47:24,2018-04-13 18:51:47,2018-04-14 17:58:28,2018-04-27,2d859faeaa0d56101e13e87f4c6a175a,2018-03-30
e3042fda9ca1eec3bfd3ec1d352cee94,36f6b2e26dcacdc9010ce35092b01674,delivered,2018-02-12 14:39:37,2018-02-12 14:50:49,2018-02-16 01:42:44,2018-02-21 21:41:40,2018-03-09,eef1fc071ef984bb4fae3257e0c398e7,2018-02-12
70fd326c5cd0a2e95b8f8a457d62ee8c,886cfcb187d4931fc041ccd989df49fb,delivered,2018-07-27 15:24:22,2018-07-27 16:31:03,2018-07-31 15:02:00,2018-08-07 12:36:24,2018-08-17,24f8fb3587b82676b7354df6a625de72,2018-07-27
6b13656ef58757ab087064a5a263441d,9f330d42596f0b57e974509bac9c17da,delivered,2017-05-18 12:13:20,2017-05-19 02:15:22,2017-05-19 10:57:37,2017-05-24 16:44:33,2017-06-08,96da15363c1394365e691b6ca3b8dd7b,2017-05-18
43287b982ba6d7d5776d6220665ed2f1,1f90cd0db9aed93dd044876e178c2425,delivered,2018-01-16 23:18:30,2018-01-18 02:11:59,2018-01-18 22:00:29,2018-02-08 22:26:04,2018-02-06,26e401ee01d4ab4ff1c1346e71d1dfdb,2018-01-16
cd503c4ebaea202ada676515dad4d180,f97160beea1a75452c6c192f9e6135cc,delivered,2017-07-18 16:50:12,2017-07-19 07:25:47,2017-07-20 11:13:32,2017-07-28 17:09:37,2017-08-09,558e83cbe6bde610b528833d16ba588e,2017-07-18
e6547213be0aa7f2ebefd6ca62b1484c,cfd131bad1e8bc1cfb00b1f28f548147,delivered,2017-12-20 13:04:18,2017-12-21 02:10:55,2017-12-21 18:24:47,2018-01-04 22:44:05,2018-01-17,58a7c307c7039646a665ece65b580e48,2017-12-20
471203d247e323c6eeb7ddbea92e69f4,59e37465dbff42391e05940a53dcbd3f,delivered,2017-06-08 18:35:17,2017-06-08 19:03:39,2017-06-09 16:02:31,2017-06-22 14:24:37,2017-07-07,ab3a94ab1f410bd645de2170dce71762,2017-06-08
4b21c757f8c1a51d41c1653e15d8f289,cf8e348c6494786b1090cc70f23b2e5f,delivered,2018-03-31 13:43:34,2018-03-31 13:55:20,2018-04-02 20:27:10,2018-04-07 14:42:27,2018-04-12,4d5a16af4722856e79e5c877cb493765,2018-03-31
b9b90be72479c512c6ab9824a1ce256c,eef17c66b2901892bc82af4ccbf1d70c,delivered,2017-09-13 11:58:28,2017-09-14 11:55:21,2017-09-19 15:58:06,2017-09-27 16:44:29,2017-09-29,97a74865af92ce3f784fc7df91d9470c,2017-09-13
b7a4a66ce73fd0c32b0e380f5134d977,f8c36af7264a536d9e04e41c819ea41a,delivered,2017-10-23 21:22:27,2017-10-23 21:35:15,2017-10-25 12:33:23,2017-11-03 19:38:39,2017-11-10,29af62489367755ed8f64be040aa0e7a,2017-10-23
9275f351bb1115ae52dd93a883607ce8,cb4b5930e335dab5d818d5888f5dede7,delivered,2017-08-01 21:52:31,2017-08-01 22:25:16,2017-08-03 19:29:30,2017-08-09 14:59:59,2017-08-28,eb8fa2237c8dc803b8b4dd1eb2d44d20,2017-08-01
f9bdbd23ce1300c00fbe319f518dcd74,d8583ba686f2196aba5bc31f896bd8ff,delivered,2017-08-16 16:49:59,2017-08-17 03:06:07,2017-08-18 16:43:47,2017-08-28 20:07:31,2017-09-20,9a8ae5697c81ca094e4bc087022d89d9,2017-08-16
ea4b6713b8009eaeb7d72827ee097dc0,d53f4eb24571b232822f08a0ad906037,delivered,2017-07-04 19:08:30,2017-07-05 17:40:29,2017-07-06 14:27:37,2017-07-14 19:29:48,2017-07-26,9b2e057bf9be18bc0961bf6ee2f8dba4,2017-07-04
caaf47e44c959a733f8665acac275e69,66a6706f055fab5821f25b0cb8b02c15,delivered,2018-06-11 20:59:33,2018-06-12 05:16:42,2018-06-22 14:02:00,2018-07-06 19:38:44,2018-07-18,2d8d007ba29794525719f70b785480d4,2018-06-11
c4b59df9433d6b495858b721fa6008d4,d664e47f8c211a8dfd59924bc6256834,delivered,2018-07-22 17:03:20,2018-07-23 11:32:00,2018-07-24 13:44:00,2018-07-26 17:26:55,2018-08-06,086371743c5ec9485f9b4bfd20e60b48,2018-07-22
9a96e09dbc7db0c91c8534a4e3832664,2de8a75c5820858b2d014490d5209fcf,delivered,2017-09-20 20:51:11,2017-09-20 21:05:12,2017-09-22 18:19:17,2017-10-04 20:48:41,2017-10-24,bea668b49ade28f0952d925ecd8bec1d,2017-09-20
44d316d2e1eb305ec56acf91ab65b82a,e4466ff52d6fe124514d6e0365d40924,delivered,2017-04-04 19:28:08,2017-04-06 02:45:36,2017-04-06 13:09:36,2017-04-11 16:56:11,2017-04-25,62317cbed11d75c2098e370870706c85,2017-04-04
868368a37fa61f7147c73d271f0f7d81,c0f69e5b64bd59d051167278a16b1362,delivered,2018-01-11 19:54:27,2018-01-11 20:07:28,2018-01-15 17:59:20,2018-01-27 14:25:09,2018-02-06,9ea47ed3724ac2103d891a0433d95de9,2018-01-11
4a23fbea65fe9c7d1163141340436ca0,1b7acfc0a6269b3a0b573bf43648ca35,delivered,2018-08-09 08:17:42,2018-08-09 08:50:31,2018-08-09 14:58:00,2018-08-15 22:48:30,2018-08-23,90fa020691a2c06c0e22e6dad02400e0,2018-08-09
6507e6d141c37a9f7813b5432ba24844,1a2dcd73a29c02da2571be39f7f77765,delivered,2018-06-21 08:59:32,2018-06-21 09:17:53,2018-06-22 10:38:00,2018-06-27 13:36:27,2018-07-18,e068f01955a158afa643d644b709911e,2018-06-21
bc2a8c1c173cad4d61d1c8419ed71110,daffd33c9c28f5568d0b16153d4eab9b,delivered,2018-04-07 21:37:46,2018-04-07 21:50:07,2018-04-09 18:03:45,2018-04-16 18:51:41,2018-05-03,2a1bad624a5572429b2f0bdc933798b7,2018-04-07
a9ada7abcca958b99713b0cf42dc5c4c,5c60cb728486849503147328e610ab4d,delivered,2018-07-22 13:07:20,2018-07-23 11:31:30,2018-07-23 18:11:00,2018-07-24 23:08:28,2018-08-01,53bfb7666b508a9d940d714d534c4192,2018-07-22
84a1a8e9b6cf26aee8cb39ffb391362f,cf8eccf3a8f869c99693c1acb74363b8,delivered,2017-09-17 19:14:25,2017-09-19 04:05:43,2017-09-20 20:22:25,2017-10-11 22:04:03,2017-10-17,b2d4826e07798c984939a26b80682f8f,2017-09-17
cf32a9f2d342e42ac9058f9a0fac6330,d6055273a26289783f5cccefba271ef7,delivered,2017-11-27 13:42:18,2017-11-27 14:18:37,2017-11-29 00:34:47,2017-12-01 16:13:06,2017-12-18,4ff9108772fac1e02227d6a56d0167b7,2017-11-27
29e0119d96b893bbfd5ecea741a06835,33af373e9aba7e262bf924d87d50f117,delivered,2018-02-26 12:57:10,2018-02-26 13:10:55,2018-02-27 22:09:27,2018-05-10 17:54:38,2018-03-21,d001b42d69010adba394b4a986b6cb41,2018-02-26
94d98977316e4a4775c4d7dc3f94e326,0b0d5ae8e7aba592f9c9dd016f74e884,delivered,2017-07-13 09:40:56,2017-07-14 06:43:54,2017-07-18 15:06:49,2017-07-27 18:52:00,2017-08-10,51ae531a3e5465c51c286137b3795576,2017-07-13
b3dfe377ea8a76c9efd1f7053abbcb67,82fe15dec473d9f770220ec4641a84dc,delivered,2017-08-18 18:57:50,2017-08-18 19:10:19,2017-08-21 14:14:56,2017-08-25 15:58:56,2017-09-08,3985ad74cdf795e55185758b179efe93,2017-08-18
ea7835f19dc6af291955d6e270d443f4,d5c70e33b26d11965027895a8e8cb748,delivered,2017-10-26 09:49:40,2017-10-26 10:07:43,2017-10-27 20:13:57,2017-11-09 15:14:49,2017-11-30,5e5a9e721cb83187f5893a8c7109faee,2017-10-26
62fb68c86804042f32e43982f71ebb1d,a7d57addeb2318a047fac951b35db06a,delivered,2017-10-14 11:35:57,2017-10-14 12:13:19,2017-10-17 20:18:01,2017-10-26 19:13:45,2017-11-06,11fab046e99ff258864a0b9875c1fe3a,2017-10-14
11747955e7a8b046f04598f2ad8e337c,55a186d87435d0bbc44e79d149fd4d30,delivered,2017-08-30 00:10:29,2017-08-30 00:36:06,2017-08-30 14:52:36,2017-09-12 18:57:53,2017-09-22,575862d1a0824cc9a387286f0553bf5c,2017-08-30
e1e7bf45ba3cdff55983f9c1741384a0,357d68b341e4f439ca00574b3288f931,delivered,2018-08-07 14:59:39,2018-08-07 15:10:19,2018-08-08 16:38:00,2018-08-13 14:32:01,2018-08-17,48e57d4f0156fa9776721b687a75c29c,2018-08-07
e3f2faf5604308ede614257aeb86ccf8,ca8493599537f0eaea865bf482491b9d,delivered,2018-05-16 15:35:52,2018-05-16 15:59:46,2018-05-17 12:48:00,2018-06-01 16:58:19,2018-06-01,1d9e744bef33e92d5373533f4db95f24,2018-05-16
72dae7e56901083df5f2cb3dd2d4841f,ebd0a03792856e6dc6dfef1fe8b522cd,delivered,2017-06-18 14:11:37,2017-06-18 14:23:10,2017-06-20 12:35:55,2017-06-22 10:45:55,2017-06-30,be48df1546e5fce03140a2725c4d297c,2017-06-18
39863c5c4361d19d8c48522f77fb3bed,1a0b3aac9e3bb37ee6ecb39d97f5eaed,delivered,2017-07-25 13:52:07,2017-07-25 14:03:21,2017-07-28 19:26:42,2017-08-03 20:13:04,2017-08-16,7a443ff6dbc48349835cb18a9355ea1b,2017-07-25
a2a91e0cab81f50fd109a557ee1d92c8,d2be4369263b5ac03ffff07e2aa63967,delivered,2017-04-27 10:42:30,2017-04-28 11:44:46,2017-05-02 16:27:20,2017-05-08 09:04:49,2017-05-29,d952a28b3cefc24930d97d2ced2ea4e0,2017-04-27
97fe31438f653dfaeb8cb39c933a22dd,cf0e80779e12f785cf99cb6cafba8e3d,delivered,2018-02-15 19:18:10,2018-02-15 19:30:50,2018-02-20 20:43:51,2018-02-22 13:58:36,2018-03-01,108e63f3c5e4e864bde7ff1916f5e92a,2018-02-15
0b137ac032763829e728afcfee3ac3f2,b2bef38366dc077d98cbc04d439fa233,delivered,2018-07-01 20:25:18,2018-07-01 20:35:14,2018-07-02 14:34:00,2018-07-06 16:26:33,2018-07-18,26b177a2f8eddb2c4fd57ff782acf2d5,2018-07-01
b0f8126b6f93fb75365140979fb5d865,5a2fbf63df18332fdb0d28cc812e8393,delivered,2018-04-04 10:37:24,2018-04-04 10:49:17,2018-04-07 01:08:29,2018-04-12 01:25:52,2018-04-23,222ca22210e9df64deeedaa6c34b2d7d,2018-04-04
2865f21ecfed100829d47451fbff2ec5,8d4fb23fe96d3851e4f2ede32cd6a4b3,delivered,2018-05-15 11:09:02,2018-05-16 03:35:26,2018-05-17 12:52:00,2018-06-12 23:41:59,2018-06-11,e8a63b5829f45bc153ed838ba9de6c0b,2018-05-15
c575d4ac51a449488b640e19092ab952,1148f617d60f82ac1387eb4b2332530a,delivered,2018-02-28 13:24:15,2018-02-28 13:35:35,2018-03-06 00:08:38,2018-03-09 21:36:27,2018-03-19,963d4190ef57589c2826d4c434926e74,2018-02-28
8aee9dd7a741296bbc17f17fda6c1a57,2ee85e880c44486eddac3fc64c33b9d1,delivered,2017-11-27 23:42:00,2017-11-27 23:51:25,2017-12-01 19:42:02,2017-12-11 14:51:55,2017-12-20,5dd6aac1a7d7b9d52d3ddae570301a0e,2017-11-27
01b84214591ddd4edad9fa4a1f344f84,828c30ae3a51aea1d168e88e6e735bf7,delivered,2018-01-03 19:12:28,2018-01-03 19:27:03,2018-01-04 16:36:40,2018-01-16 02:33:43,2018-02-01,4788cfa765d9650f25d192b5d88b8613,2018-01-03
1abe7fd5dfa459b6d9ffcf465d5e39b1,660159c6fc85777811e378270024fb83,delivered,2017-11-11 12:20:20,2017-11-11 12:30:51,2017-11-17 00:51:55,2017-11-23 17:22:04,2017-12-07,c0ca0f488078e67aa95aa1f873f0242f,2017-11-11
b93500c13882d8874fa1d03641499551,db888d32c02d6e2480834937d0485ed7,delivered,2017-08-18 16:43:22,2017-08-18 17:05:15,2017-08-21 14:15:39,2017-08-22 14:03:08,2017-09-04,347daced5e2cf286c36bd727311f219a,2017-08-18
f838a927949e184c27e9965fdb239fcf,adaf22826d5921da0c7f050ca0015c4f,delivered,2018-08-06 22:18:08,2018-08-06 22:30:10,2018-08-07 14:32:00,2018-08-10 23:03:15,2018-08-17,960f3d06dd3ce9d5b1093462141e596d,2018-08-06
12ca562090f2708ccd57fbbec8f8d975,4b4a29e4ecaab53d5005458117e173ec,delivered,2018-05-03 14:00:42,2018-05-03 14:14:46,2018-05-04 09:04:00,2018-05-05 15:03:48,2018-05-15,17535894189994126bea24690329dda0,2018-05-03
1a7a280eca13140d779d2f43ea48c15f,2a2e5da410ee444f71ad3655ded22c9f,delivered,2018-08-16 18:56:19,2018-08-17 03:15:11,2018-08-20 08:04:00,2018-08-22 14:42:40,2018-09-21,3e9c196f94da349ceb80fbef9c18e870,2018-08-16
3c1241a1be26ab60ec48baeca3cc7037,871c4c3584c3e057fdf37d85f24ab594,delivered,2018-01-21 11:06:49,2018-01-22 13:47:14,2018-01-23 20:52:40,2018-01-28 19:36:39,2018-02-20,ad69cdcbf83c9361f26c0c38bef3deac,2018-01-21
38f6298aa79584030ff9a7a12d4ef6fa,a3a848099cc4077d5b5950c36eeb469c,delivered,2018-06-08 13:43:52,2018-06-08 14:54:04,2018-06-11 14:29:00,2018-06-15 19:21:05,2018-07-11,3049bb2058a7124bd3c48bbe8e978016,2018-06-08
72d92e444e5ae71da33e1ca59fb9f8a8,911f3d97487d2d823bb88015b5a61b84,delivered,2018-01-13 10:51:14,2018-01-16 03:38:44,2018-01-18 12:42:43,2018-01-19 18:19:27,2018-02-01,7fc74b3e8f95059240d2682e9cb5fec7,2018-01-13
4329016afd45b81e9b8368062208dc76,5b6d5d8a6516b6037fcbcecda40e9c92,delivered,2017-12-07 18:36:52,2017-12-07 19:22:19,2017-12-12 16:09:49,2017-12-15 18:29:10,2018-01-02,b7dbebc38f12098e6256143044f18823,2017-12-07
835132b61f09eb393ea7fb85c61bd572,cd9777ad835df5e47c10aa975226e716,delivered,2017-12-20 21:11:47,2017-12-20 21:29:57,2017-12-21 17:38:54,2018-01-17 17:09:26,2018-01-22,53e4d5ab8287848319f0220d47ee7ca0,2017-12-20
100ba6d6b73b6ff81956ec722bc10fc5,977a42394ae3bd12081fdcfc3de5f695,delivered,2017-07-02 14:59:46,2017-07-02 15:10:15,2017-07-04 15:37:34,2017-07-11 18:20:02,2017-07-27,84b14711bf79f7b5512e7c3d93ad18f2,2017-07-02
ee49a90338eb325a8ebf67fd48663632,fc01c82a43b55967223e6d39405624e5,delivered,2017-10-02 16:52:02,2017-10-02 17:04:46,2017-10-09 18:50:05,2017-10-19 21:07:56,2017-11-09,1ec1b240d9ddb1c47d6c95b1a995235d,2017-10-02
8eeaa67e826a9308e63f4436bf00a8f2,e6b9210d8d6ab1404223c31b0fe6a7b9,unavailable,2018-01-05 09:12:11,2018-01-05 09:27:25,,,2018-02-07,f68b3b35fb6592a270b5cae3c806d470,2018-01-05
94e459b09b747f2d80ddefe0e438d4cd,73948555e2ccaf80d48a3b1f736c5c84,delivered,2017-03-27 20:13:09,2017-03-27 20:25:17,2017-03-30 15:05:22,2017-04-04 13:30:22,2017-04-18,9694ef550b14073aa83d58e7b080a736,2017-03-27
f10d89887008fbf26e4ac9027716360f,6840f754fa78d5ba067c03ea53ae8a30,delivered,2017-07-18 01:48:56,2017-07-18 02:04:18,2017-07-18 21:32:38,2017-08-04 13:34:56,2017-08-11,2a6c8c25d4856b82e285868d3e4f3d5c,2017-07-18
aee899bef70c38166f036221fb190744,60b8f97b6eb90e76c3ea399ae4944aef,delivered,2017-11-16 19:34:23,2017-11-16 19:56:34,2017-11-20 14:26:48,2017-12-05 23:19:08,2017-12-08,0989fb5e9f6a42797d0567e751c97419,2017-11-16
ec33c3443b392906a9f78c84c93db4ba,a6676a384dea1c10564fcfe31cde0408,delivered,2018-05-10 10:08:03,2018-05-10 10:32:51,2018-05-10 14:12:00,2018-05-11 13:22:32,2018-05-23,aa5dd0967deea4691b54a5091db2206a,2018-05-10
f9e61c9f8bc46b085a411f4b83a3f657,315f4de9cae96fc9ba58d50b778e7e58,delivered,2017-05-31 02:25:24,2017-06-01 02:35:14,2017-06-05 14:18:10,2017-06-09 11:54:53,2017-06-23,a18aaccb94165061e9a41bf526b0ece7,2017-05-31
c3ea5c5d0f6da616026d4cee6df674a5,0928350f4927941ebeaf342287da507c,delivered,2017-06-25 22:58:15,2017-06-25 23:10:07,2017-06-26 16:23:13,2017-07-01 11:47:58,2017-07-28,2e0ff4ff9f2cf7df7ef931cf2359c085,2017-06-25
3683eb727daa8e1c605aeabd87b02445,e9d097338840a88d7fe49b922e270fa0,delivered,2018-08-05 22:22:50,2018-08-07 04:10:14,2018-08-15 13:06:00,2018-08-16 16:14:31,2018-08-14,b23a04cda64a25aef1b69b9cbdb97b4d,2018-08-05
d59d667327f6340bdea79e39c63893ad,97b2ffecc0133a682b181e1f48fa0654,delivered,2018-01-30 15:20:00,2018-01-30 15:35:24,2018-01-31 21:33:46,2018-02-02 23:16:58,2018-02-15,55543bf11f1d39d0639f7e9cbac20cd4,2018-01-30
c65d58d799052b1354bb0a7063b29621,7897c2b0a7cb0636ec2d75020c14c1a5,delivered,2018-06-01 10:24:52,2018-06-02 03:35:15,2018-06-05 08:53:00,2018-06-18 09:33:52,2018-07-16,7b3b8cf6cef1b5fb3f47348a33cd6d42,2018-06-01
cf2d94adef7bf9ffe6efd9c6413eb69e,a48095953c2c52f5900151d001daa464,delivered,2017-08-06 19:13:12,2017-08-06 19:25:20,2017-08-09 20:24:44,2017-08-14 19:52:24,2017-09-05,28cfdde4bdf02f44c1d3dd458afe42b3,2017-08-06
6644c3cbafddb2afeadec90afcd51454,998061465ec6c530709ed291333da28c,delivered,2018-02-11 12:21:17,2018-02-11 12:30:29,2018-02-15 19:56:30,2018-02-19 21:43:48,2018-03-16,3eb6f4efd164cb0e80692078521ff2fb,2018-02-11
9e0ce3f44bcfc81171be7c5362887b80,0940b98f5162963ae1885fcc71f6073c,delivered,2018-07-05 08:49:10,2018-07-05 16:33:19,2018-07-05 15:03:00,2018-07-09 19:14:33,2018-07-25,b8039c7c02e53cc813f765667246a581,2018-07-05
cea4a13d87d71c7fc5ed35c588ce28b8,77faee5dfb910550f2f3be9f2c615d8a,delivered,2017-02-09 17:25:13,2017-02-09 17:35:18,2017-02-10 06:32:24,2017-02-14 08:37:35,2017-03-08,692d479b583930d03960d64ecd004bbd,2017-02-09
2d57b1f21a3ec32c23b4d6e95870e4a7,b83ef9a2dc0cb8e6ab7c8db9d3ebce24,delivered,2017-11-28 01:20:00,2017-11-30 07:55:19,2017-12-11 16:48:22,2017-12-22 19:09:13,2017-12-21,82c0c03a1fb8968a30707374c8566fba,2017-11-28
4967290be75b3d8578beea482d48ceff,5172a004d508579b498afbb0edc2a7aa,delivered,2017-07-18 17:37:05,2017-07-18 17:50:24,2017-07-24 19:59:33,2017-08-01 19:47:22,2017-08-16,58ce8787c619ba5a1780c0a870214b42,2017-07-18
9a29bfd9264ed56f941e188f6b97bb97,7d19cf02f00880944c5622eb2cae3834,delivered,2017-11-14 10:29:51,2017-11-15 02:51:09,2017-11-17 19:35:02,2017-11-24 14:58:53,2017-12-11,5bb7e032a265074e4c8b68c68345859c,2017-11-14
38fd87d994221fb9d75ccd3af4b12b46,422ff8c7d9b772e324baad14ffbeaf96,delivered,2017-08-29 14:08:22,2017-08-29 14:24:42,2017-09-01 19:08:59,2017-09-09 17:09:05,2017-09-27,1c79e1fdf2d55ffc251aed0f621a0795,2017-08-29
47bcc66b360244699053868c95917bd7,6107b1307038a1ce0780b1ac1653fceb,delivered,2017-11-23 15:01:48,2017-11-24 03:12:13,2017-11-24 20:42:59,2017-11-30 21:44:46,2017-12-15,444ef91f64035ec08c91762a0144eea4,2017-11-23
a9b40a5190a294e3d8f733c1caf32934,533363729bbb70f47f8324cc1079350a,delivered,2018-02-28 10:40:10,2018-02-28 10:55:34,2018-03-01 20:02:59,2018-03-05 19:11:43,2018-03-20,859e6dcbe7240d1465c094366131b28b,2018-02-28
8c0464e7da83f3138bfff17574a840b6,2c60c3c170d57a625c8e9b07e30cf507,delivered,2018-08-17 13:47:44,2018-08-17 14:35:18,2018-08-20 15:25:00,2018-08-22 23:56:30,2018-08-24,55bbddc6c1dab5d6b051bbeedbdaf0dd,2018-08-17
fde43c8d10a125abbbc0b5e8e1c9d779,90aae7cae26e53acf3981e1de033e188,delivered,2018-02-06 13:17:18,2018-02-06 15:50:38,2018-02-07 17:56:51,2018-03-08 16:53:48,2018-03-16,61d7c2a1f734f7e8ff8a5271162941ef,2018-02-06
46ad8f532d3f76a1747288a6a5a88a18,0924789d2effb3f418c9e8148ae5a5af,delivered,2017-10-09 10:54:15,2017-10-09 11:14:08,2017-10-11 20:58:13,2017-10-25 18:47:02,2017-11-08,dbdfcd1e9de47452f3c9b0229bc0edc3,2017-10-09
3ee6694bb99d5a6db0deceffcd099597,127237a4aa0bd9ecc09015f781c9fc27,delivered,2017-07-07 11:22:13,2017-07-07 12:25:07,2017-07-11 18:15:40,2017-07-11 17:41:26,2017-07-20,6b27bfed0a7785feb3bb08725e057947,2017-07-07
daf3d34986ea6ba8b098570a1951677f,208cd697668b60abf6c27a842542f29e,shipped,2018-07-09 20:38:36,2018-07-10 20:35:09,2018-07-11 13:48:00,,2018-07-25,f2f39779300b0112f90b61a777da4e8e,2018-07-09
0a70b96b1997e3c8953bfa4254ad1144,2e40ab493582930b739c8a2b2a08b54f,delivered,2018-03-10 15:22:20,2018-03-13 04:15:46,2018-03-19 12:51:52,2018-03-28 14:56:53,2018-03-28,ae0e8c9ebdb53204ee18a9e2800dd105,2018-03-10
580f3268bc2075c5961b2d2929c7a35b,ce37390d21ccd85e25c90ba634097c29,delivered,2017-09-01 20:17:09,2017-09-13 22:03:42,2017-09-05 11:58:18,2017-09-18 17:52:20,2017-09-25,155d785ad38224d47cb36e4588d9d23f,2017-09-01
0faf27f68362829970b17e9b0989b20d,dd1239e9f1ec85658411937ae783f6c7,delivered,2018-08-09 22:53:02,2018-08-09 23:05:08,2018-08-10 14:07:00,2018-08-15 15:33:44,2018-08-23,4cb9a0c69594489bc5bf3ab2befa899d,2018-08-09
27d0167780910831455af6f6bfc7179e,ad1b638693b03bdda5f8a9cb6d8a000e,processing,2017-03-30 11:13:22,2017-03-31 02:10:21,,,2017-05-09,8de9becade3632835efb119c51f3df53,2017-03-30
1756895428025c2821aed95304b24fab,5a90682cd27ad9775778b346b7d53044,delivered,2018-01-22 16:15:09,2018-01-23 03:38:57,2018-01-24 19:19:00,2018-02-05 15:37:03,2018-02-21,404e06330a17fcbf34d1e64651e822b4,2018-01-22
489b43fc6f7840318ee5d83ee35b86c1,2e6ba659dcf054ba8087f739effcab5e,unavailable,2017-03-06 19:06:47,2017-03-06 19:22:52,,,2017-03-23,55c5664765d4a863df9a739c4d38838f,2017-03-06
520a772c685704aec515546f7a098ea9,919af88e1a7b7b4dddd2a0151a1de826,processing,2017-12-23 19:00:58,2017-12-23 19:07:46,,,2018-01-29,54d2f3f6efcd39875b4a81b2b8b03641,2017-12-23
f9cda286ca417062ff15bf5d63fbc70c,7b2a178190dfc4efadeccb75fc833074,delivered,2018-05-21 17:25:11,2018-05-21 17:56:47,2018-05-22 10:49:00,2018-06-06 20:37:37,2018-06-11,d05f3f809c89f1a915e8f534452b5c95,2018-05-21
2a430c80705b17c17f1e9e5b138e52d5,1775c6a9cee49f8881c1d4d3e1e0bc53,shipped,2018-02-04 18:01:23,2018-02-05 11:36:09,2018-02-06 20:46:00,,2018-03-13,39797478c47f1bb5d7423d3045f764d1,2018-02-04
45a96807a564f55507a8af6eaf3eb602,0edf76acf81689f330973dd29c6e2093,delivered,2018-04-02 09:00:25,2018-04-02 11:48:42,2018-04-03 15:52:00,2018-04-23 17:17:54,2018-04-25,39156c5681509661e8f8b87724c29ddc,2018-04-02
48fcb88788cb3df0296a5dcf8f95ac68,fffb97495f78be80e2759335275df2aa,delivered,2018-01-16 14:51:35,2018-01-16 15:09:51,2018-01-17 18:18:41,2018-01-26 20:16:41,2018-02-06,627d9a9da9965b0849f7551e4d325cca,2018-01-16
2db1e25288f9a89e2ed181d8b6216f4a,0d3fdbd4697ff7426b3d0fbebafa60c1,delivered,2018-04-11 23:17:07,2018-04-13 02:31:48,2018-04-19 15:38:23,2018-04-30 11:22:47,2018-05-09,a1f8914dd5e82283e1a68e7b29935434,2018-04-11
5b018cb93699b67367756f17e0a383a8,b8f6934b2c3cc47158ec691d288b04f0,delivered,2017-09-25 15:21:20,2017-09-25 15:35:37,2017-09-26 18:54:51,2017-10-02 16:49:16,2017-10-23,e84aaed23d396c8267a21604477f38cb,2017-09-25
35147acb423f303e15d12cfa60292799,1be97ded06a3b15e8bc7d21641c7dcb0,delivered,2018-04-18 18:13:54,2018-04-19 02:31:57,2018-04-19 21:46:47,2018-04-27 21:38:58,2018-05-15,07d48495b46fc8c62b3637bb52539ccc,2018-04-18
c378d1766ed412f14e38a4fd8547f9e9,4b0dbdea9ec36d6a05622ae783368715,delivered,2017-10-05 11:59:00,2017-10-05 12:07:19,2017-10-05 17:22:46,2017-10-09 17:38:53,2017-10-24,9475b70c3d9add279a65672fca348944,2017-10-05
75ed575ff4b09f901b32e4e7c0f809fb,ff4abe97b3faf9cfaf3c96b04e2a7101,delivered,2018-01-11 16:52:03,2018-01-13 04:54:20,2018-01-22 21:47:56,2018-02-05 13:00:03,2018-02-07,7b75b197aef060e27d0de89e9c175ef2,2018-01-11
057c9f435d8e14fda9a72b7bbf8b381d,92ad887388f84f3df2ba6b2249cecc3a,delivered,2018-04-24 23:52:11,2018-04-25 00:11:29,2018-04-27 14:47:00,2018-05-02 15:09:05,2018-05-21,e7c942cb88861c89b66d369c127fc651,2018-04-24
04378b376807e5fbc797362f9e06ea2d,59a972de56e32837ef21cada8664ddc2,delivered,2018-04-15 11:54:06,2018-04-15 12:10:45,2018-04-16 19:27:40,2018-04-24 19:36:36,2018-05-11,e78870c9b5858570a309e2f1152671dc,2018-04-15
8d682b67c7d1f4f55ec6440ca340c233,77b4e2a15303756cc2a3b4a5d2dd3460,delivered,2018-02-07 23:55:11,2018-02-08 01:35:37,2018-02-15 20:12:09,2018-03-13 12:03:16,2018-03-19,b80e88b58eae28e9b5751561b6d61639,2018-02-07
54797a712266c03924f8da87ff635b14,4dd7ad59ca568506d37109b703b0c9b6,delivered,2018-01-05 11:09:28,2018-01-05 11:27:25,2018-01-08 17:37:56,2018-01-17 20:56:52,2018-02-08,90694ce163c59fd30d1f1bd4405a399a,2018-01-05
467c282eaf90379509d1be19f71b2d2d,c52fb6d36696440796d611fe20c7799a,delivered,2018-01-05 23:04:00,2018-01-05 23:40:19,2018-01-08 19:33:19,2018-01-16 00:21:37,2018-02-01,0f92c5083f7c0edc9dd9fa43326ab37d,2018-01-05
3ad2e13d56e3d1d5078077f694885efd,bbef3ef694012e2bab3cc7ae43e063e0,delivered,2018-02-02 10:23:01,2018-02-02 11:30:44,2018-02-03 00:48:43,2018-02-17 14:37:02,2018-03-08,1494ca09fa947d1d83b1bead79f12b7a,2018-02-02
c5874d438cf199ea7c0f27967f6cf462,014fb09b34197c57ae3c77a43d18475e,delivered,2017-11-26 14:41:13,2017-11-26 14:53:01,2017-11-29 23:08:37,2017-12-01 17:28:43,2017-12-15,6b2766da6482d51ff4604a31659ccabf,2017-11-26
e05885007043bb1e8f723ff2d4f5aa4d,9970950b99d6e4d72f5f8d2843099733,delivered,2018-04-01 00:39:57,2018-04-01 04:10:15,2018-04-03 23:46:33,2018-04-17 00:02:45,2018-04-25,25de00f20632c107d4fc1a39807b9d27,2018-04-01
919478165f319106c2cd5c2d85ec666f,78b878c28045a5e31f1a1fc7e43dc489,delivered,2018-03-11 00:25:14,2018-03-11 00:35:31,2018-03-12 19:33:29,2018-03-29 17:12:06,2018-03-28,d5c727b4135d6a3a9566e496f3e35be8,2018-03-11
349021a1c38809e4b11418c2f8586c97,3da978bdc9235f7e0b3ae3e0415bbdc1,delivered,2018-04-07 09:08:26,2018-04-07 09:15:18,2018-04-10 19:50:53,2018-04-12 20:58:39,2018-04-25,e070f55914479b58495552e7d90e7c18,2018-04-07
1dae4ac9e374d9eba3736f7f8616266b,4e48950dc929261767232307f8fb3306,delivered,2017-11-28 17:45:38,2017-11-28 18:56:56,2017-12-01 00:58:39,2017-12-07 18:38:49,2017-12-22,e2bd52a0e097a71a26d69e14537e128e,2017-11-28
66b9c991ee308f9342f6a7f63bb68251,0b16ce67087d02bf833c807e82b1992b,delivered,2018-02-11 14:23:55,2018-02-11 14:35:21,2018-02-19 22:13:21,2018-03-05 18:25:02,2018-03-14,76a08544f95591acec0d4c976054c459,2018-02-11
0094bd07f49fed90209ffa62d1ef26d6,de0c1a4d8c367c58d66e61dfa379f4cf,delivered,2018-05-01 02:04:16,2018-05-03 04:12:53,2018-05-10 19:19:00,2018-05-16 21:12:15,2018-05-14,67339b5ed21a26219ebbeba53fba836a,2018-05-01
381d16906fcc904fe66028d7438ebc3c,26bae6c90b4b6d9a7260381fd825f8b2,delivered,2017-07-05 23:46:38,2017-07-07 02:44:19,2017-07-07 16:07:00,2017-07-11 19:25:37,2017-07-27,3bfda42ef722cb59c430e6be0b68628c,2017-07-05
3619a458c860886f0ec0a5b79ee5ad41,3fcc800884c4d07dd9b2bef74aa1a767,delivered,2018-03-01 13:52:21,2018-03-01 14:09:57,2018-03-05 20:57:02,2018-03-27 00:41:44,2018-03-19,e922cf29703c57cba963d6cb4bf28381,2018-03-01
9626ba1be44d8a10039916f18f20abf4,3d844101c1139f3f062e266bb772b529,delivered,2017-10-19 08:10:10,2017-10-19 08:26:19,2017-10-20 22:43:48,2017-10-30 18:17:48,2017-11-17,50c6a0339f3b3ec022e753b7a67fc418,2017-10-19
7fad4942eb2e0461140e94f51a3e5053,68b5fa82c5fd05f8669473eb1a88a48f,delivered,2018-07-21 16:02:24,2018-07-21 16:15:14,2018-07-23 11:39:00,2018-07-24 18:28:49,2018-07-31,db1c8ccddd2ae34421cbd973872874ef,2018-07-21
5f3af433b422f8039d6985ff87ba847e,858b83c3311b466f345309e5198ac663,delivered,2018-08-16 11:08:17,2018-08-16 11:24:02,2018-08-21 15:54:00,2018-08-25 15:41:51,2018-08-29,4041ea3e48950e323139bc93e290c059,2018-08-16
43eb55273f90173602132799e81d95e2,39f021a5b9c2d0ee4533c4e62c702a3d,delivered,2018-08-19 17:35:45,2018-08-20 12:35:43,2018-08-22 12:35:00,2018-08-23 19:44:43,2018-08-24,e7f5d606557690f1afa6e202a4e5bfb6,2018-08-19
cb7f0cda95b4c257c28e22496c219f5f,9361e922e3dfb157d65ed5bd5f4d2774,delivered,2018-05-01 21:13:07,2018-05-01 21:35:47,2018-05-03 06:32:00,2018-05-04 22:04:07,2018-05-15,a3fbc36cf6e1f33fbe6d8b11238fba1b,2018-05-01
960f19e6582d2068f7e443036d3a48db,34e69e90823816007ac5518a17f89dc1,delivered,2017-02-20 17:49:43,2017-02-20 18:02:40,2017-02-23 08:26:13,2017-03-02 09:13:53,2017-03-21,0e30f703c154e47face004ec99e38b2e,2017-02-20
19d64e865802a5330304560f7476b29e,d7aa0f10fc74a9cb305ff3bac2391730,delivered,2018-04-11 18:35:22,2018-04-12 06:50:19,2018-04-12 21:48:23,2018-04-30 21:51:42,2018-05-15,d197dd441f26cafde02f0304d3966f30,2018-04-11
63ec341d048559b0cb4216945930a486,f51c617d5ac6309979b1c223ecacf9b4,delivered,2018-01-21 23:09:42,2018-01-22 14:03:36,2018-01-24 19:52:51,2018-02-01 13:42:04,2018-02-06,153dca32dbf814bfc54d3d5598365111,2018-01-21
066bcda20b88b5f4d4870b32a387f822,dad80e24bb5ca55d7be9d9f94e174a5a,delivered,2018-07-30 19:16:25,2018-07-30 20:04:28,2018-08-01 11:27:00,2018-08-06 17:18:35,2018-08-23,db35cfeb02744d1f0606e7aa7cee72fa,2018-07-30
2d8e4baffe6056f0800c1d99f2960384,12a46f2f608edc0e101b843357ef9344,delivered,2017-06-08 20:02:42,2017-06-09 19:55:15,2017-06-20 13:18:13,2017-07-07 15:23:17,2017-07-13,64e9a736591627c469dae6f3d1592a61,2017-06-08
4f8c0aad507bf7d1561641f3208cb43b,85a7f0da8230a816465a0761365e660b,delivered,2017-05-21 21:17:13,2017-05-21 21:30:16,2017-05-22 09:15:29,2017-05-24 12:37:45,2017-06-02,35651bed380ae418121d130ce37222ed,2017-05-21
72bc9911258ab2d985943cde67ce4883,44a3bf8479ea498b81dfc90ca823e4eb,delivered,2017-03-30 23:41:34,2017-03-30 23:50:16,2017-04-10 16:38:16,2017-04-18 08:56:20,2017-05-09,fbf6e1550e67ef398598dcba1e80694b,2017-03-30
7a0caf0ff12b2c5b07c8c653fb6ff5c3,69479f98f213588f640333ac526c8dbc,delivered,2017-09-03 07:48:51,2017-09-03 08:04:12,2017-09-04 19:12:20,2017-09-11 18:28:04,2017-09-21,92b41b6450ac0ce3868e77dbc6681830,2017-09-03
844e12775ac8e461b63b4b1d225bb53e,0aff8fa1aa20ee1c70cbce19d7012a70,delivered,2018-01-27 10:35:58,2018-01-27 10:55:01,2018-01-31 02:58:43,2018-01-31 17:43:15,2018-02-14,50e1096aa54dec2a298d27f60f079182,2018-01-27
6ae192daf1b6e9b99225e7300b79df48,ac12022931d88a2a8688a62d0f583f51,delivered,2017-09-02 20:38:01,2017-09-02 20:54:30,2017-09-07 00:04:23,2017-09-12 17:55:30,2017-09-27,e203d1b0b0762907665230d52c223d73,2017-09-02
dbf84a758b184e6b2db6068e7cda2a11,2d4bb41e36a71f12848d9f85655d4eba,delivered,2018-03-14 00:40:36,2018-03-16 16:10:36,2018-03-19 18:16:26,2018-04-16 17:08:51,2018-04-05,3b5c3d5ce1dff33d47a3322702d894cc,2018-03-14
5737604cef8903a35b0b21ee477cfa22,f6625f51a1c8faeba24be89b628d7f71,delivered,2018-03-20 15:45:50,2018-03-20 16:29:25,2018-03-21 19:27:38,2018-04-13 19:19:31,2018-04-16,d8b72f12c43651567be8b580e1180ae4,2018-03-20
b643bb8d0f0c4ba0f834e7efd4f095b7,9567ac5412f0f3a59a4424341692c398,delivered,2017-11-27 22:39:31,2017-11-27 22:57:27,2017-12-01 14:41:54,2017-12-15 15:48:46,2017-12-28,3806d14e8decd4e754ca2a5203c604b0,2017-11-27
659931410d19a914a52ca0a46bc7992a,5ffc28dba523459f96579e4af297055b,shipped,2017-11-18 11:18:48,2017-11-18 11:32:58,2017-11-22 13:32:36,,2017-12-01,5a2dabee1b75af89efb14fe554b6044b,2017-11-18
31c2a1051b9b9899d82d9b980ec8775d,54bbff656de1454e0926dfe57185ab92,delivered,2018-02-24 11:46:26,2018-02-24 12:08:11,2018-02-27 20:18:47,2018-04-04 01:38:49,2018-03-16,e43791904cdd435a8b255093becdada0,2018-02-24
67c4fb37550e156c42ebafde460fa354,5e765dec5f63120d512eda39cba7574b,delivered,2017-05-07 18:40:28,2017-05-07 18:50:20,2017-05-11 13:57:46,2017-05-22 11:32:53,2017-06-06,910c15bb9615ef213506ee9e6d58f0ff,2017-05-07
6a93b0cb6a5a2c7732677334a4535a1d,bc3b4deda79fae642a7e529381e870ed,delivered,2018-04-11 03:46:10,2018-04-11 03:55:07,2018-04-13 16:17:48,2018-04-24 20:38:33,2018-05-08,a58c3fb6af3c545575b2d93dd050aec9,2018-04-11
c86ec4cb10140cc7588fc65d09c279ac,13380a1be72467ad40547095de94ed71,delivered,2018-07-31 22:44:43,2018-08-01 09:05:10,2018-08-02 17:46:00,2018-08-13 17:03:35,2018-08-20,55ca38e33aa46dac0aba47cff0b5613c,2018-07-31
9fa4cb601bf44b1c03ed05feccca9efd,760951a16e7fdb2e706cd262251d15a2,delivered,2018-03-01 10:20:17,2018-03-01 10:35:35,2018-03-06 20:33:27,2018-03-19 14:47:02,2018-03-19,6069f295bd56065722a705cddceeb480,2018-03-01
371ed9cae9680ffd6905f4e51f6a469b,5577576d2cb36ca00dd07dbe17635535,delivered,2018-06-28 16:21:23,2018-06-28 16:35:12,2018-06-29 14:27:00,2018-07-03 20:46:28,2018-07-18,82de2117e45caae62d809e83830601e5,2018-06-28
04948f70a0acaf8f9bcbc5602c4a7a47,d61f9007e9d3abfc30b266dc4f843ce7,delivered,2018-01-14 20:11:36,2018-01-14 20:18:20,2018-01-16 21:08:11,2018-01-26 18:36:47,2018-02-08,7bc99a9906c2b5167e4c6852ef4eff33,2018-01-14
00584d79015452d19fd3d044ba3abdc0,85d84596608ea7f87175ca9521ee12aa,delivered,2017-07-23 19:11:15,2017-07-23 19:27:31,2017-07-24 19:44:26,2017-07-26 18:58:35,2017-08-11,e4c1da04e1d03a2f6f276ebcb68b8253,2017-07-23
c682dfb743ebb49b200f4ad7fc4ab232,1ba15e656342cb648305661e7dd482f2,delivered,2018-08-08 09:40:36,2018-08-09 04:05:17,2018-08-15 12:03:00,2018-08-16 16:46:36,2018-09-03,2d4e4d4120d92c7fb25165583baa4ac1,2018-08-08
b059ee4de278302d550a3035c4cdb740,856336203359aa6a61bf3826f7d84c49,canceled,2018-10-16 20:16:02,,,,2018-11-12,262e1f1e26e92e86375f86840b4ffd63,2018-10-16
803f2f8bfcbe571642a39478ac759b12,910fefed3cc4a75d25273c6696b4d3c8,delivered,2018-07-05 09:27:59,2018-07-06 02:51:17,2018-07-10 06:15:00,2018-07-11 22:04:19,2018-07-18,0e8a5ddc15f2e76764aab1997f7f70ea,2018-07-05
89aabb395bd3e6f5778b44a5aa2ef6ff,46aa2c4ba592ef26df10b2ff62e349d8,delivered,2017-02-06 23:05:54,2017-02-06 23:22:38,2017-02-07 08:42:52,2017-02-20 15:28:05,2017-03-21,1504093af6c55e0ed58b85d1206dd5b5,2017-02-06
ffa2d919ed5fc1b6661b89904ef71b88,8c33b5139e4f68d40b1e97f12fd40d5b,delivered,2018-04-19 14:42:19,2018-04-19 14:57:41,2018-04-20 21:11:43,2018-04-30 23:52:28,2018-05-11,e63e016401c9d760ab2a6feedff71fc2,2018-04-19
089a371eeab2f86ebe76b23a4c99d3b1,db29e72564815db5aa89037daf547c81,delivered,2018-02-21 15:35:42,2018-02-21 15:49:13,2018-02-22 20:38:56,2018-03-14 19:03:57,2018-03-19,e7074f297dd4e0a17f2cc685a0b55ce5,2018-02-21
657db8ff40cea3fd850bed1681373336,809400fee84b0974febb3e3dfa7514be,delivered,2017-07-02 14:01:13,2017-07-02 14:10:13,2017-07-05 15:58:00,2017-07-08 11:37:28,2017-07-14,1291474366a550ebc251d9187e763d62,2017-07-02
1babef33391c6533d250cf41948dcb04,9a17b8f445e92a5388e8c239c118cc11,delivered,2017-07-28 10:31:57,2017-07-28 10:45:22,2017-07-28 18:15:50,2017-08-07 22:02:39,2017-08-21,89f3703a08940c1248efd0d81403ff17,2017-07-28
4a473906f11c8fe0749d47d07c24d13f,7ef6a0d32dec6a869a11d6186e7bc683,delivered,2018-02-19 19:06:41,2018-02-19 20:10:25,2018-02-21 10:45:07,2018-02-22 20:49:07,2018-03-05,d5819bc528ad4e776e70dc08e642685b,2018-02-19
562caa9adc299af2723e54c868bd7885,e05ff8716962c594a923bbd109178b31,delivered,2017-11-24 12:57:45,2017-11-25 04:53:13,2017-12-04 07:56:47,2017-12-13 19:58:45,2017-12-18,0e7677c6de7ed376a30bbb7b091d999f,2017-11-24
241920e630cc6e3ded0176b6f0579a00,e13da06f33fe065a43784b05e7307050,delivered,2018-02-17 10:11:35,2018-02-17 10:33:04,2018-02-19 19:42:15,2018-02-23 16:42:03,2018-03-09,c3b229a46d7a7e2f9d63e06536412910,2018-02-17
b400d39e36f84ebc05228967ada117ef,7e167ba395e3e75b2b899c96bbcacc21,delivered,2018-02-15 12:53:00,2018-02-17 03:35:37,2018-02-27 23:32:17,2018-03-06 01:18:58,2018-03-12,75d1ce200d43c21f84b17eb5322752d6,2018-02-15
b0d9e11d4daffb6828bd2ca9ea78d916,37c9f4ed2c98756074f6440f5dd817de,delivered,2018-08-08 12:52:01,2018-08-10 03:05:27,2018-08-10 13:04:00,2018-08-17 20:24:45,2018-08-28,8e29799c4ba7191b201ee13f4acece91,2018-08-08
902ea46124998b0aecac8f6e6480cecc,494ad8c19f34aeb9220db18e7a03b63c,delivered,2018-02-28 14:38:48,2018-02-28 15:20:31,2018-03-02 00:51:19,2018-03-23 17:08:58,2018-03-19,dbbcc06ec5a172406d9d3875f1597e28,2018-02-28
469154149d5faa926f0c01971b89dae4,8e607c2cb0711018115d7a6aaff94bc3,delivered,2018-02-13 10:07:59,2018-02-13 10:27:09,2018-02-15 19:56:31,2018-02-20 21:22:52,2018-03-19,2ced8de59385249e40413ffec045e0ad,2018-02-13
17fa9c64619b1cf287c13c5249dd6b0c,73464d896b5905196286e7edefa9840f,delivered,2018-07-13 10:06:35,2018-07-13 10:15:22,2018-07-13 15:09:00,2018-07-27 15:07:47,2018-08-27,3ed5ee72812f14afefbf03c357c56684,2018-07-13
7d21fbcf5adce98ed57bc3ce5b30b754,5e06bbf7e96e7db95a4c42d998405bd5,delivered,2017-03-22 13:49:34,2017-03-22 13:49:34,2017-03-27 15:30:22,2017-03-29 15:33:06,2017-04-10,a6c30122e649c21333637e3a8656ee8d,2017-03-22
b843ecf0468cd0f373c436effbd6f37f,413b5fb06cdebb89cdce52b030d3861b,delivered,2018-07-02 10:21:35,2018-07-05 16:22:37,2018-07-04 10:11:00,2018-07-07 22:22:26,2018-07-25,3a5ac54f9599ce8fc7bc6274dd9b6320,2018-07-02
a65b4ca3851f2b54790d82614f404348,00502500a53243e07961383bf1a6fa82,delivered,2018-02-20 14:24:58,2018-02-22 02:08:50,2018-02-23 02:49:05,2018-03-10 17:26:48,2018-03-12,bace01b0aa7c98f2a7fce9db19555eb9,2018-02-20
446f7424265f98943549eb1cb79eceed,b8073748f703e1954f4c48abceba89ba,delivered,2018-08-19 19:09:13,2018-08-20 12:55:21,2018-08-20 15:18:00,2018-08-28 00:52:01,2018-09-05,1dec77470a00863ec42e1167b3268f08,2018-08-19
7ee20272eb00cd391603903aad03de4c,1d31c85135ba6326c03dc4fd6e7c74cc,delivered,2017-08-24 19:33:26,2017-08-26 02:10:52,2017-08-29 17:04:48,2017-08-30 22:33:08,2017-09-06,a0e250c2abfcb1e4e61e1ddf8e3b6379,2017-08-24
161a55eab21951950a31e5106a7026f4,1f131d49769388703ae448ee84f88295,delivered,2018-03-27 13:26:08,2018-03-28 02:47:57,2018-03-29 23:22:12,2018-04-05 18:28:42,2018-04-30,bea5f2cfcdec8bea50e482f0bf428cdb,2018-03-27
68c3db91b9a3d1ad879db9e54d426f4d,d99ff94021e8cdd83a79c28812f1d6e2,delivered,2017-06-07 11:48:48,2017-06-07 12:43:07,2017-06-07 15:58:40,2017-06-19 09:51:43,2017-06-30,ae03d9bc60ea9a4254380f51832185de,2017-06-07
dcedb7d667c1e037b8e0a8910c6bd8a1,3cc792173620bddd0eb03256cd379014,delivered,2017-06-14 18:16:12,2017-06-14 18:25:15,2017-06-16 15:27:53,2017-06-23 10:57:41,2017-07-05,f081cf0e1afcf6b1996a3efdd9e2c043,2017-06-14
44851597b52d19f80a0b05ff48be5530,825e0702a45298fb469296d1ef110eaa,delivered,2017-02-23 14:23:00,2017-02-23 14:35:09,2017-02-24 08:15:58,2017-03-07 12:24:01,2017-03-20,252825a12ed84ce782d906a79c7c4b94,2017-02-23
cc6002db285464dcb2db31b6dc81f78c,b58ca5bb6a3f7370ab3456a7d2c582bb,delivered,2017-12-01 10:53:08,2017-12-05 04:13:57,2017-12-06 18:35:47,2017-12-13 17:32:38,2018-01-12,a3f67d68f7506c76a420c5f2a0e41460,2017-12-01
aaab96ab260f2839451f9c2839d59109,ca54aaa4768b5a9c668f503810b15aca,delivered,2017-10-04 21:41:08,2017-10-05 03:07:15,2017-10-06 17:13:58,2017-10-18 23:13:52,2017-11-03,aa1d80b858e7938cda51f9fe4335c34a,2017-10-04
55f8a030ae34836632355176608c7314,6c4f1f1c4c39dc8ccd561f4f0c2135b3,delivered,2018-01-22 14:55:18,2018-01-22 15:13:00,2018-01-24 11:13:02,2018-02-03 00:02:52,2018-02-14,b39fb81ffe4567441ce76b6f29550d04,2018-01-22
b5b7c54093bad4e0d745214e691224d7,5d9133508692eb6ed9d655448a746169,delivered,2018-01-24 21:06:24,2018-01-24 21:18:24,2018-01-25 11:31:57,2018-04-19 17:34:39,2018-02-22,3ba56d943428e62f2672631dd6aac73f,2018-01-24
6a91291873d8cfbde318656124eddf1f,0b63937f34f1967a105bc39a54c0e56b,delivered,2018-04-18 19:28:46,2018-04-20 07:31:36,2018-04-20 17:40:43,2018-05-07 20:52:45,2018-05-21,0185fbd2271efbc59bbb96ad3e99a7b8,2018-04-18
996259172fd54f591a1046dbffa906d3,4d01c1d6754e10b5ad500058aa6c0464,delivered,2018-04-01 22:23:43,2018-04-01 23:08:47,2018-04-04 20:43:45,2018-04-09 19:39:20,2018-04-18,9b753bc83d35b5c04b2e2844d0780e7b,2018-04-01
33b3e9a4e73233190d8644e4a37d2755,906e2003bcae032a29880793b1acb397,delivered,2017-11-30 20:57:35,2017-12-02 02:37:29,2017-12-08 23:17:02,2017-12-30 15:26:40,2017-12-22,1acbbb17de95ff9bd36fa08ebd47f87f,2017-11-30
3dbe9476def7eceba5ab2cab07ac948e,c5099702bb49534329077b382d0fb949,delivered,2018-06-06 11:18:56,2018-06-06 11:54:34,2018-06-07 14:58:00,2018-06-08 20:58:27,2018-07-03,0e453f5e726db1144cfd9e03b36322f4,2018-06-06
1b0e1058a094f333948edf16f4248323,91e07c844b9c9cd8a820a32f93af9629,delivered,2018-07-09 19:51:17,2018-07-09 20:05:37,2018-07-10 12:44:00,2018-07-12 22:08:46,2018-07-18,78fcdd841410275d44518b6b30b27809,2018-07-09
0327e521bdeabce73fcf327b2fc94c92,1519b1653748a7af60dc6f3d515bd4ff,delivered,2018-05-02 14:20:59,2018-05-02 16:19:56,2018-05-03 14:18:00,2018-05-04 19:33:15,2018-05-16,a98eca1e2110900f92984d7075d6d68b,2018-05-02
252b5c3120af058fdc9eb73b14e4b97d,e1a7e3c252a0a62a4936908e3725f7d3,delivered,2018-05-14 09:15:37,2018-05-14 11:14:36,2018-05-15 12:37:00,2018-05-21 22:46:51,2018-05-29,ac0651cf284cc653d37a4d2178ccbca2,2018-05-14
d6ee6e570c72b3abf832d6427e06627e,5eb4c61bb8be9ba76f38fb86a416f777,delivered,2017-06-01 19:58:20,2017-06-01 20:32:48,2017-06-05 11:46:49,2017-06-16 13:43:07,2017-06-30,b7ec5031566744cf5cc6b396f8ae4cf6,2017-06-01
a89e14734d926ba4f06da4c653abf873,d884f544da907f4cc6ffc6504f6a27c5,delivered,2017-02-10 10:02:07,2017-02-10 10:15:17,2017-02-10 10:32:46,2017-02-20 14:46:02,2017-03-20,012b8001e47392df808a454083a74b74,2017-02-10
b4aa3480c0ed15b8bf7f9d32a64c2426,d950a3cf4d3d4765ff33d20db0e0e6e3,delivered,2017-11-27 00:27:50,2017-11-27 00:37:25,2017-11-29 23:09:28,2017-12-02 01:12:46,2017-12-11,13d814211325cdd62bad9837a797b089,2017-11-27
16f4c47c722704ef26d0f086cb75d213,b0611a1d4bd46ccceae275caf19d304c,delivered,2018-01-05 22:38:43,2018-01-05 22:48:11,2018-01-11 14:53:35,2018-01-27 17:56:48,2018-02-14,30cd812ff21054f5e7a1383dc70de5d8,2018-01-05
57d4a340302e567af6c910bd60ed394f,5d237d05c54ae63473ce7907d9807309,delivered,2018-04-06 15:47:59,2018-04-10 04:11:11,2018-04-12 01:58:33,2018-04-20 00:03:46,2018-05-07,99e9d724d919f2f9ee3ecb28bcd3948a,2018-04-06
7ef1629063a04bbeadf9410dcf689ef2,49c92d0c9c958885201558d0d00f452d,delivered,2017-11-20 19:57:03,2017-11-20 20:09:13,2017-11-21 21:47:03,2017-11-30 22:49:06,2017-12-12,39d28c99c5382bfc238c047203595443,2017-11-20
dcd34cfe646e335b341fe9be82eddfee,1a7b745d4cac73a8e9ebdf12fbb7234f,delivered,2018-03-09 02:12:03,2018-03-10 03:55:25,2018-03-14 01:09:55,2018-03-14 18:16:33,2018-03-21,0a3907c4ddccaabe477c20169f8f3d9f,2018-03-09
cb4d16011feadfd13bac457789eedc21,1041aaa2d42eff78cb4b0fba4ba40d66,delivered,2017-08-01 01:21:14,2017-08-02 11:22:47,2017-08-07 13:07:55,2017-08-16 18:03:03,2017-08-25,bc3489ffe8991610167cf1de57851cff,2017-08-01
6b96b124951ba9a116788b9008341ee9,5ef437de8de859d07798c5571b3c8706,invoiced,2017-12-04 17:22:25,2017-12-04 18:30:40,,,2017-12-21,6cca8de53e101dcda4e4ac01a9f0d375,2017-12-04
70f357cca87c1162357bf3c0a993cbe5,4ac6bbe5dcaf264863bff08692d00578,delivered,2017-09-01 18:40:11,2017-09-13 22:04:49,2017-09-05 12:33:19,2017-09-12 16:53:41,2017-09-22,b88f3063be88d1ecc23e44d000d5f639,2017-09-01
1c5ab74a30a7b379ed18bd97d700d84a,1a4fc142d7cf2bb9a8e0852b67f2746d,delivered,2017-05-20 15:43:34,2017-05-20 16:45:23,2017-05-23 10:37:58,2017-05-26 09:58:51,2017-06-22,4c9402f218157f6a34c6c0fe13a3783d,2017-05-20
cc9d74eca99800ac6ddfffb42f0d3cc6,96b0e44d0c68df07e9cf26b156c38cdd,delivered,2017-04-05 01:50:10,2017-04-06 02:50:44,2017-04-06 13:51:08,2017-04-12 12:00:08,2017-04-27,3b48a45e4c6ad953c48bbff0633a5ebc,2017-04-05
104cf29a266be8f412ca30ec4cdab145,394c4558e06b0c9e8d6673e0d1c75d62,delivered,2017-04-25 22:50:48,2017-04-27 13:36:40,2017-04-26 09:47:10,2017-05-08 07:46:56,2017-05-12,1f3fe7fc12dbb34bd15e64c214657199,2017-04-25
1bbf2953472be17b4ba5726a24d40f05,c0ed8f3c7f69868393ea6e9d3e5de98e,delivered,2018-01-24 21:59:57,2018-01-24 22:12:40,2018-01-26 17:24:42,2018-03-03 02:06:49,2018-02-23,cf523d0df815451719f36ad96aff8d78,2018-01-24
ddba311fbcd3b55e2964aadd8ca8d231,8a4bcc573dd3f598d32bc5c4ef099548,delivered,2018-08-24 17:54:37,2018-08-24 18:05:16,2018-08-29 11:32:00,2018-08-30 18:52:35,2018-09-06,a15b391ff35b6120f86c753396ed4ec3,2018-08-24
e9b7d628e6897f747062f1e7236cf4e4,8c16347ea9dfd78c47af24c519212f4c,delivered,2018-07-16 19:37:27,2018-07-16 19:50:19,2018-07-17 14:09:00,2018-07-20 17:03:47,2018-08-07,c21db713eddb9b6d09735c10cbc85852,2018-07-16
ad9ad462491a04f6673a43f6ec4a54d3,5bd0f7fc46098d240d44f74e5c4bbe48,delivered,2017-08-10 15:27:00,2017-08-10 15:43:41,2017-08-17 19:33:28,2017-08-29 20:22:06,2017-09-01,05cab221c84aa6571f3d73bb6d98d662,2017-08-10
e19d4bc5b01581909777e6e48cec1e96,74748a33b4214cb9d8fa8919641e76b3,delivered,2018-01-27 10:38:07,2018-01-30 05:31:44,2018-01-30 19:51:56,2018-02-03 02:52:38,2018-02-23,05560137b6d40e9d06bb246a71cf559d,2018-01-27
2f900d5a897afc4d898757b047f67052,0e74be751f3b15fd04c9fb7e95ae4382,delivered,2017-07-29 15:00:58,2017-07-29 15:15:19,2017-08-02 11:29:58,2017-08-08 11:53:10,2017-08-18,205f0db02ccc5afdf26d31c642709db8,2017-07-29
fade3e37b5640d2582de9aacb77f9758,7d9694032de35cf2f781e1b31b3ac923,delivered,2017-12-06 16:16:52,2017-12-06 16:32:10,2017-12-12 19:29:11,2017-12-20 16:14:40,2018-01-04,2e5cd66074158afdc8628cb5e85f87f3,2017-12-06
74061a81b1a19f1c62f2f5466d0c2522,2cac6eb6144175d59831ef26dd8a7cff,delivered,2018-04-02 20:27:01,2018-04-02 20:49:50,2018-04-04 19:20:40,2018-04-13 20:32:30,2018-04-25,54440eb692bae2fc807017962d287336,2018-04-02
c3b3b91815037977b255690978788e1a,90223eba2b3f42a5d82242fb6d543aa6,delivered,2017-07-18 20:42:37,2017-07-18 21:03:31,2017-07-20 15:17:29,2017-08-23 17:25:53,2017-08-11,d204dcf673210fbc9b7068f035bc1b03,2017-07-18
651942ee572f34e1e6a5567ff8171711,ac34ec78db0c2b972ae79678343d6978,delivered,2017-06-04 13:01:10,2017-06-04 13:15:16,2017-06-06 13:09:11,2017-06-21 16:33:09,2017-07-04,72c6c1dceb160f3bdad48bf1525ead22,2017-06-04
3367d93673eeafe8986194cfce4f2770,c5651f386e4b8ce6b97577c7c4af5e9c,delivered,2017-07-02 10:45:24,2017-07-02 11:03:34,2017-07-04 15:37:34,2017-07-07 17:36:41,2017-07-25,efd9a6c82e7ac52dfef075391523eb04,2017-07-02
a31f5683a88deb4bf8e6bb729d94a2c6,1877701b0eda5b68e5b32ccc8aa04cef,delivered,2018-04-23 15:54:32,2018-04-24 17:22:27,2018-04-26 12:30:00,2018-05-07 19:22:24,2018-05-14,d09b41349fabc744449ba4958094cdcd,2018-04-23
c08918f04f354ae73e08676fd16d5527,ecbea905184a0c30d74e0c6e4da1ae85,delivered,2018-07-16 15:53:50,2018-07-16 16:10:18,2018-07-19 14:56:00,2018-07-25 18:53:00,2018-08-06,0b9653ee82c0d3f428fb8a375118d3ef,2018-07-16
770cda5595335d94a7ef1709b00c8eca,a250793aa840d6e7eccda919003ecba7,delivered,2017-12-11 19:26:53,2017-12-11 19:34:20,2017-12-27 13:50:15,2017-12-28 15:52:44,2018-01-11,59213b2296c88a9351ffd64bb95af40f,2017-12-11
b1cd8dc65cf496b0742bc29954dd322d,c52ddd3d99c477c9546a206b00d98244,delivered,2017-08-16 16:08:29,2017-08-16 17:05:12,2017-08-18 20:03:26,2017-08-24 19:22:18,2017-09-05,e0e395b0b7bda79224ed6df73624e563,2017-08-16
afef8c9d77440793d7bf762286fe97fc,34419ac92755800adf8819f48cc1d14d,delivered,2017-12-05 13:22:59,2017-12-05 13:35:32,2017-12-07 18:54:46,2017-12-23 11:17:18,2018-01-03,73215cc6dfcebf2d1486e6e99303505f,2017-12-05
a0ddb810bd79dc15910dcc56a1c7f3cb,5d582f1e23008801810225562c7cc50c,delivered,2018-04-22 13:16:34,2018-04-24 18:44:28,2018-04-23 19:51:36,2018-04-28 12:06:45,2018-05-25,939caa92993d9e0c743a19ef572d0da9,2018-04-22
f6eff1e7a78b73bc93814ee0fa7883cd,ea1bc3331c40786bfecc5b98eb2cfed6,delivered,2018-08-16 19:40:28,2018-08-16 19:50:17,2018-08-17 14:15:00,2018-08-21 00:11:50,2018-08-22,1470b6ff535b87d8e22976672214b6d8,2018-08-16
6b7d4f93eef2545036e4388db6d1385b,97852460708c435c766a2247670743bc,delivered,2017-12-08 16:10:53,2017-12-08 16:33:27,2017-12-11 20:29:06,2017-12-18 17:15:30,2018-01-03,709452517ebe527d5efe65766695b86b,2017-12-08
ffe311829861d844ad8de0f4d4923692,c472584339fbf78789a1285447d0e42a,delivered,2018-07-22 21:53:45,2018-07-23 12:31:44,2018-07-23 14:25:00,2018-07-26 13:08:36,2018-08-09,952b39fb64312b177f6c1b27924dea54,2018-07-22
a110796b9a1a01b83c8f591b9bfe9180,b02abbd46ff1b358a1d22942c98984c7,delivered,2018-04-18 20:14:54,2018-04-18 20:32:46,2018-04-23 18:03:30,2018-04-27 20:46:58,2018-05-15,e634d36dd6b9ec8a6dc714b1b954d8c5,2018-04-18
c8328720517a06417715c52c03e52c89,6c9d63dcc91fffd0889c697add8a03cd,delivered,2018-07-11 10:36:06,2018-07-11 10:50:14,2018-07-13 11:06:00,2018-07-20 23:19:45,2018-08-14,47828660b4aa2c38f57dee5d28805c40,2018-07-11
5347a7f07b3387d2dd23be64b9ceea32,346299cd59e7a881a48a074d8cec5694,delivered,2018-05-22 15:48:57,2018-05-22 16:19:25,2018-05-24 13:46:00,2018-06-02 16:08:56,2018-06-06,b0cfd61a082c5c417a81a8bd30ffcce0,2018-05-22
d550b5b77639c709f4dac266821e4321,c536a4bb48597507afa32180aa45e690,delivered,2017-04-23 16:58:47,2017-04-25 08:25:50,2017-04-25 09:54:27,2017-05-03 11:12:57,2017-05-23,ccc0975fe58663dbcabffb6c0b5569f6,2017-04-23
90353280ac36134265557e340e97032e,1eccf64f71b26ecffec246c562c4dea1,delivered,2017-07-11 21:42:31,2017-07-11 22:23:48,2017-07-13 14:36:30,2017-07-20 20:46:28,2017-07-31,3618f3dcc8179b8bfc25145bc9b1336e,2017-07-11
0abb65aa29ab57e5f52f657d22b47648,1652b873dc2f33c68dc15bb05e7542e3,delivered,2017-07-02 15:51:01,2017-07-02 16:03:25,2017-07-04 08:32:51,2017-07-12 21:14:35,2017-07-26,f5a5b725532096dfd2b144adfa62b6ff,2017-07-02
812086848825c140a1472472a845a774,4c641eb5ac1a5a0becc4610f1084125d,delivered,2018-05-15 13:06:30,2018-05-15 13:34:10,2018-06-29 15:34:00,2018-07-02 21:04:39,2018-06-13,44482ad67ba7af317fd50e27e5f0f009,2018-05-15
42eac028466118a879151bd1ad4c2acd,697b9b5a146051cc3f5d2e4fd5783ab1,delivered,2017-11-06 23:40:20,2017-11-07 06:31:29,2017-11-09 19:51:56,2018-01-06 13:37:11,2017-11-27,f365eaab05cff577be2283c5296978c0,2017-11-06
6c7dad15df3c2284a7dd2a9a35b73e91,2a625f2821b3df14f90f1b2206e614f1,delivered,2017-10-13 18:43:34,2017-10-13 18:56:09,2017-10-19 12:27:15,2017-10-21 12:48:52,2017-10-31,83e992031ebfa03162d40df2722f217b,2017-10-13
1143f20f5408741a0c7d79bfa56efa6b,9d38b9ddd07205fc46f9f3a9a8e32443,delivered,2018-08-02 20:07:24,2018-08-02 20:43:52,2018-08-03 14:57:00,2018-08-09 16:39:31,2018-08-17,95cc1118ff67d9215f9d961a3719910c,2018-08-02
191613fb4f2b5148a83470f7332551b8,f39c003fdebbe5161315afaf4f8639a1,delivered,2018-08-08 17:14:36,2018-08-08 17:30:10,2018-08-10 14:08:00,2018-08-15 20:48:44,2018-08-16,2a375540830e5c1f6834bad1c4f9dd9d,2018-08-08
330534a2e7ad98d0c76ee20bfa001c50,48f6ec1b60fe0b28221627cd97555714,delivered,2018-01-11 00:40:16,2018-01-12 00:33:29,2018-01-19 00:28:39,2018-01-30 23:52:34,2018-02-16,0d3aa1250bc34f6b34f94684ba3832c9,2018-01-11
f72289715f4416fb6e9a289031977b6d,7f2357cfd99c900565e6ffd6d2708d9d,delivered,2017-11-24 22:57:06,2017-11-25 01:57:33,2017-11-30 22:32:03,2017-12-08 21:29:11,2017-12-19,466c3a741a952640c1984a48ebbffbf9,2017-11-24
2634d2363b155e0d11a0f1ac0e7568cb,2e1e64ba1552ef64a0c3c4c29caddc35,delivered,2018-04-09 08:17:25,2018-04-09 08:30:20,2018-04-09 17:42:08,2018-04-10 18:51:31,2018-04-26,ef734dede0a85405134d1769816e0109,2018-04-09
86df669ae5f899e27ee38488affc0d16,8f73e4a4a7720052d07d8533e242c264,delivered,2018-07-06 11:21:51,2018-07-07 04:48:22,2018-07-11 12:58:00,2018-07-16 17:41:48,2018-07-30,db9292a4956f14b5f8f3c4740096f062,2018-07-06
288550748c3bf4d64ca22b79487eeaf2,3e40061e2f7a3c95b1eaf7966941eb34,delivered,2018-01-22 16:07:40,2018-01-23 17:24:36,2018-01-24 19:16:33,2018-01-29 18:08:31,2018-02-14,7b2c86d7b41a5d6f28cf8396b7809380,2018-01-22
1c2e03f112c29c38cc65602a33043198,01b29f87009aab9f829369f51478168e,delivered,2017-12-19 10:32:48,2017-12-19 10:50:43,2017-12-20 16:34:58,2017-12-29 21:46:44,2018-01-19,33985e3a0d3a60bb7202e818fc6cadb7,2017-12-19
abccdfc385eeac64f4e5147bc7d9191c,a80fa2513386488a670bd8d11355a19c,delivered,2018-07-20 04:09:34,2018-07-20 04:23:10,2018-07-20 13:19:00,2018-07-21 11:08:39,2018-07-30,b239347d4d27f75a5d272929368ba243,2018-07-20
7287b2de6dc6c20b794e9a068815314b,eb01458c81d62a979b212b8d740afe4e,delivered,2018-04-13 11:31:58,2018-04-13 13:29:42,2018-04-16 23:32:37,2018-04-24 15:28:50,2018-05-09,a57efc75b64a030eb02c4ebe7f48e45f,2018-04-13
5c8d479eeb47c38de98d8ab2d956e04d,e90f4de54f789cfc0696115e1a0d04d2,delivered,2017-10-10 18:31:51,2017-10-11 12:35:11,2017-10-16 18:22:05,2017-10-20 14:22:31,2017-10-27,0ee985410cac309bb1070cc729288d1b,2017-10-10
8361deaa04792e29663dbeace2dad89d,27c83dec91d18902c419a034bbeec47b,delivered,2018-06-01 21:21:10,2018-06-02 09:51:35,2018-06-05 13:19:00,2018-06-13 12:28:20,2018-07-25,cb3795ed4f0461c70f8b6eca66c25d0b,2018-06-01
27117cda67133aa93a8fc2b8916b1340,6c066824b81db30f3789b3c494b2852b,delivered,2018-02-16 15:42:13,2018-02-17 10:49:46,2018-02-20 01:42:16,2018-03-06 23:55:06,2018-03-09,f051c8fe0e5f5f2985ad839cf59104f9,2018-02-16
c7ac3cdb8e2ff8a57c503de24f1434fe,83a107eb8c850c4ec768e1370e689443,delivered,2017-06-27 11:18:05,2017-06-29 03:04:23,2017-06-30 09:37:50,2017-07-06 17:32:08,2017-07-19,50a662e7d7e7e2a94112a4f15a37464e,2017-06-27
7dfab96276603768666b7f949b3ea66f,ac65e0f290631ab09aea489afbc2aa25,delivered,2018-05-09 23:04:18,2018-05-09 23:33:32,2018-05-10 12:38:00,2018-05-14 17:12:20,2018-05-18,14436a8cae27ae2b55ad8714aeb33e49,2018-05-09
075e94be744f3e28a18d6ea444785f45,dc044d4d4ee10fe14d01b88c46ed2d73,delivered,2018-07-19 10:49:19,2018-07-19 11:05:14,2018-07-20 12:37:00,2018-07-26 14:32:18,2018-08-15,bce61d5d9d99d56aebdf845c12402095,2018-07-19
5ce5414216f07cdd464573ba59e7f187,b267d04370b0bff8bc30f5b7283a27b8,delivered,2018-08-01 13:18:12,2018-08-01 13:31:33,2018-08-02 15:07:00,2018-08-09 00:46:59,2018-08-22,62638efb394dae43f9fe84688732283f,2018-08-01
fd89a255572d435093d5e644dee61960,be5b244d74a2b683446b7610084c2baa,delivered,2018-08-13 14:43:49,2018-08-13 14:55:20,2018-08-14 15:44:00,2018-08-21 17:17:43,2018-09-06,bf031ca9921548300245c13a81fdd17d,2018-08-13
f20d2bec2f06bc0397b0ef50170a39e6,9c03ab210bf96ef944e181b73c125414,delivered,2017-12-13 16:18:28,2017-12-13 16:31:00,2017-12-15 20:19:28,2017-12-22 20:59:06,2018-01-09,6b4317e342a438c1285889fda1eac3fa,2017-12-13
1db522d84fad144624204d532f5277f4,204418cfa7ba634d96bcc057786b4307,delivered,2017-11-25 00:57:09,2017-11-25 02:38:27,2018-01-04 20:44:20,2018-01-19 18:33:30,2017-12-21,de347ebb49fcfbc533d0a62353a9f876,2017-11-25
59ad806bb1a82c19e0feadc488939a89,bbf5e4f5d513a583fda9a03c05bc4917,delivered,2017-11-25 12:06:48,2017-11-25 12:17:30,2017-11-28 20:22:32,2017-12-11 19:58:55,2017-12-19,0f0227e24eab6bcac35236fbeca84b8c,2017-11-25
4ed4fd7504f47d67ad6b728e867c4ddd,380d799be592d2596c25a4e8cc8fde65,delivered,2017-12-08 15:07:24,2017-12-08 15:31:37,2017-12-11 17:17:06,2017-12-19 19:59:20,2018-01-10,2cff19f82e5bd036997316e754134bb8,2017-12-08
bff370f6b528410596f33e9bb8ccae83,0f5309e6132dcfde05ef70e36f6bc24d,delivered,2018-07-25 19:12:53,2018-07-25 19:25:08,2018-07-26 18:46:00,2018-07-27 23:25:55,2018-08-10,e96d1b49177fb2d417849292cb34f0ff,2018-07-25
315263a000cbcf3e4fce4e3c8dfd7603,c7a91fd3c699d8d8c9bbb90b1b5cf235,delivered,2017-07-02 18:35:58,2017-07-02 18:45:12,2017-07-06 06:39:49,2017-07-19 18:15:33,2017-07-25,dbf00885a0a898c987a72be957c6435c,2017-07-02
416f4d86856fe1ce4eece8bb4e38cdb6,4aedb873047102044fd074fcd228a436,delivered,2018-02-08 13:47:24,2018-02-09 13:49:15,2018-02-09 23:47:52,2018-02-28 19:22:49,2018-03-07,e89b7a81e45b862ea70f38036a942ee1,2018-02-08
fc62bb19d9570fb44bd3ec979a890550,d1be7769b8bccef648de83ddbfde60d5,delivered,2018-07-24 21:50:21,2018-07-24 22:05:19,2018-07-25 14:13:00,2018-07-30 20:58:35,2018-08-20,988b81dfa23d990287d6ba1cde7db614,2018-07-24
b47472bf878a04af4bfa74c9b5c0f07c,038561d63c7a2c5cd26f05914cb27be5,delivered,2018-02-23 08:16:08,2018-02-24 02:55:41,2018-03-03 02:19:29,2018-03-10 14:48:39,2018-03-23,6986db56ecdf0b451083d7cb2fc66918,2018-02-23
88acd05b37d513a676b7151a8f08259f,1f2722fdca6b6d1179a1482e8ce679c3,delivered,2017-11-21 22:10:20,2017-11-21 22:26:40,2017-11-23 20:26:37,2017-12-05 19:42:19,2017-12-08,b4bb16d75425ffd70711b705974d13c1,2017-11-21
caeb9def6ebb2881fa87b103e015e814,3fac62e2f234a69854b8bb6e56f5267d,delivered,2018-02-26 21:08:26,2018-02-26 21:28:46,2018-02-27 22:58:45,2018-02-28 23:53:09,2018-03-12,37743264a183e41e3e830ab257709414,2018-02-26
1d92d2ce1ae2e0510b5ce50c5be578c6,f4cfdc08099c49123ea4fb6f32bb603b,delivered,2017-11-30 23:22:00,2017-12-01 10:30:59,2017-12-04 21:22:45,2017-12-21 21:23:50,2018-01-08,20a8698f41f83c2bcc9c20b6a2deaaee,2017-11-30
12fb5d0cb33d4e9aa4d07b4400346153,41061f2a3a70683b176c48c221612439,delivered,2018-01-17 11:32:19,2018-01-17 11:49:54,2018-01-24 13:27:26,2018-01-29 19:32:22,2018-02-07,a865a3f8b39809ab1ba53cd0e8122999,2018-01-17
d68577040bb03de699bdeebcb80b5d0d,eb0de0fe3b8d6ec0dbeb28f0e31293f7,delivered,2017-05-28 20:38:09,2017-05-28 20:45:16,2017-05-30 14:31:45,2017-06-05 14:29:10,2017-06-20,02cbdaaf4623b20082e2a5f80534a1af,2017-05-28
75c72037b139a024cbebfdce5f58d213,ea96dd10051a4638f8cce910ff168d1b,delivered,2017-10-19 01:56:30,2017-10-19 02:18:26,2017-10-20 17:51:46,2017-10-25 12:33:51,2017-11-06,5b707ef55dab6b40b8345eccbd262a88,2017-10-19
ac579d1cb61f3f0f7a4497e3513ae073,7bf41e9619852285ef47577944016105,delivered,2017-11-26 12:08:13,2017-11-26 12:18:21,2017-12-04 18:17:14,2017-12-28 15:34:09,2017-12-21,233bd5bb78bda74cebbc5aa403a9e613,2017-11-26
3ec2bc5de0fe81f5d14adb115df88e36,b879b2edd80f3988171c661574f0dd13,delivered,2017-06-07 14:11:58,2017-06-08 02:45:37,2017-06-08 13:34:01,2017-06-17 09:09:36,2017-06-21,bbd2ce57f57e6a7b4f93c16cad9a0a76,2017-06-07
1a792d35aa2e9abd1036092085f00549,5ea3d9259da6794623cd3b07a5b06242,delivered,2018-01-27 11:19:13,2018-01-27 11:34:33,2018-01-31 14:27:35,2018-02-08 16:56:35,2018-02-26,f259e5c4bc72ef41db0a04654b763da2,2018-01-27
fcda5efd5784446de6cc277ef91e6e2a,ef8ca6de2f90db6f28b22103b9993532,delivered,2017-11-22 00:39:48,2017-11-22 00:52:32,2017-11-23 18:05:56,2017-12-05 13:28:46,2017-12-14,434353ac0e7bf1cff35ddb62dc85fbed,2017-11-22
b3ea3204a201545654d616925ad2f946,72ec4ecd189ffec7ab27bba9e100a068,delivered,2018-02-19 15:28:39,2018-02-21 06:10:30,2018-02-22 16:35:39,2018-03-05 18:23:50,2018-03-12,d69471878f2d86ccc71479b81d3a1d27,2018-02-19
7936c09acf7a92301c6878c605b23f87,4a5252cf92ac5125bcae8715b989a870,delivered,2018-04-03 21:22:43,2018-04-03 21:35:24,2018-04-07 01:18:24,2018-04-11 01:32:46,2018-04-26,2e5ef59ba3d0e5db3fdf33cbf80aea3c,2018-04-03
824d7ceed6163ed2e8693f90f0400db8,887d3d832d661c9cec2fbdaedb821f6d,delivered,2018-03-14 20:01:12,2018-03-15 19:55:36,2018-03-24 02:03:31,2018-04-18 19:02:02,2018-04-19,dd68d984b89da70582f4930a5363629b,2018-03-14
a1cbe609c42dfd019719610eab787873,2cc6eb6fa8dd5772e74eac4abb24ca34,invoiced,2017-03-26 17:25:39,2017-03-26 17:35:15,,,2017-04-18,40a6951b70d47bd1adddb4cf7c5e5d97,2017-03-26
0b4e6da2eae282f0a0072085c7adacfe,767e8c949b1dabe87db4cacd1d9e7fe8,delivered,2017-11-06 17:29:19,2017-11-07 03:31:22,2017-11-07 21:35:06,2017-11-21 19:25:44,2017-11-29,e3d5e814512a05f84dbb36d52eac433c,2017-11-06
e85a5feeff7fbda800ceecfd2fb221e1,b9fcfcfa2b5dcda46ffb3bfe7f6a583f,delivered,2017-11-24 22:28:43,2017-11-25 01:32:41,2017-11-28 21:27:49,2017-12-05 11:25:03,2017-12-21,0c7f64065de0b9e719b025ee069d33f8,2017-11-24
2bcca46cc41a77cd84a4bdc700411b14,5fac0958cc42a73dbb13ed8f2707e9df,delivered,2018-08-15 19:58:58,2018-08-17 03:10:28,2018-08-17 09:38:00,2018-08-22 14:28:32,2018-08-30,6c77b3def5fdeb852ee4407969de9838,2018-08-15
fad263c690ebcbd7b6655a2d7e0d0df6,4cde67f0416f4b7161f9b5e28e739937,delivered,2017-03-02 08:28:52,2017-03-02 08:42:07,2017-03-03 13:25:41,2017-03-07 15:23:07,2017-03-21,7ae4bf16624c8869fb893bfc67035ac6,2017-03-02
30c4f4b428ca348c766ab59fbb03cf79,da5cf273e802884eda8cc65e1f27f316,delivered,2017-10-31 15:40:29,2017-11-01 15:35:16,2017-11-03 23:51:46,2017-11-08 22:26:55,2017-11-14,85d636e5dddd2848af142ea2c51fefb8,2017-10-31
cb1d3422684cab64f603f1b70a68e2ef,dbc3d77db84c3142dceb08cdd254f21f,delivered,2018-06-08 00:46:32,2018-06-08 00:56:47,2018-06-08 14:01:00,2018-06-11 14:11:28,2018-06-19,160ea61c2e2c2d1134fbc1c05b2f7723,2018-06-08
1f8956ea49b1eba62dd40aa5f7ac9133,dc855a052cb86604fb4d65498cece939,delivered,2017-08-18 12:37:40,2017-08-18 12:50:22,2017-08-18 19:23:35,2017-08-28 19:26:02,2017-09-18,1711d45a24a27a32bdf35537e866d0f4,2017-08-18
0f18a0163ab21f411df244c076fde7ce,8d10d69d2fac34eaff1d041c460d794b,delivered,2018-03-23 17:01:23,2018-03-23 17:15:35,2018-03-26 23:19:30,2018-03-28 17:58:45,2018-04-05,e65e6159c5cfea9bd5aa393b49b02ee6,2018-03-23
0fe1829613c45b423f51aa8949dd8d57,91a40cc40254f748df9028c2cfce3e69,delivered,2017-04-04 13:34:33,2017-04-04 13:45:14,2017-04-06 16:57:54,2017-04-11 15:23:12,2017-04-27,7ac1053db56152bf433d6249602a69de,2017-04-04
441395aaffbe4ce5bca4d8ca3b75a4e4,dbc0f38d854142156f4999358975f8d2,delivered,2018-05-18 23:11:27,2018-05-22 09:14:33,2018-05-22 13:29:00,2018-06-04 20:08:43,2018-06-12,e1d218506e671478f9bec837c1543988,2018-05-18
d93483d856574edc5b6fc108348cf870,db637c48d8ee971814cfd998ec482496,delivered,2017-11-19 21:30:38,2017-11-19 21:46:34,2017-11-22 00:47:34,2017-11-28 18:39:54,2017-12-15,054a0e55182507d21177a99a2965911b,2017-11-19
c981128521975354988b8e88309a898d,9cf2a42feb9dfd6fa2f0fccf54fbc20b,delivered,2018-08-05 18:06:10,2018-08-05 18:40:07,2018-08-06 19:19:00,2018-08-09 00:10:53,2018-10-01,4b4b6c80670b645e78fdc3438ffc0720,2018-08-05
08906bb784f60b396fdf8fb1773c5e47,3d816d69b7882f96f533d4d355a3f06b,delivered,2017-11-07 18:03:01,2017-11-07 18:15:50,2017-11-08 20:18:58,2017-11-10 20:07:55,2017-11-27,a7657330b1c135f3acd420326e335b2c,2017-11-07
443ed86b157df243aa07508ada4b34ca,b2612e81be79104e87d8591d9158328b,delivered,2018-04-03 09:48:40,2018-04-03 10:30:18,2018-04-03 22:19:32,2018-04-21 14:26:41,2018-04-26,184cdf3dff3b959c3e4eea45788b828b,2018-04-03
2490addf3d8f672cae84b56309e075ce,56a5751936680b08ec0da792f12193c0,delivered,2017-12-22 23:34:06,2017-12-22 23:50:14,2018-01-02 22:16:51,2018-01-08 17:45:03,2018-01-18,a1b87577de4401c14e2fc4a3f8e2444e,2017-12-22
5981ae276b32c4b5d69ed39efd08d0a8,78295153a52585218d93269a83230054,delivered,2017-04-26 02:02:47,2017-05-01 22:34:08,2017-05-04 12:41:46,2017-05-18 11:38:54,2017-05-15,544bd839b4e7f92a077c7bf2410f8b02,2017-04-26
dde52e7aadf2e606b4c1b0effe1950bd,af6309e0dce903544d58e52083be8eb5,delivered,2018-08-09 09:04:15,2018-08-11 02:45:21,2018-08-16 16:32:00,2018-08-22 16:32:29,2018-08-23,cfeb0902adeae93647ede529e5b1d9e9,2018-08-09
f2793cd4b64bd3a177d4a367a3cf40bd,517fd134276aa9d129443e66a4ec12c5,delivered,2017-06-25 18:30:48,2017-06-27 04:23:11,2017-06-27 13:31:51,2017-07-12 18:52:03,2017-07-18,de9d828cd09c8f103622fe8f2d444a19,2017-06-25
7bb11bc3a9863bcda38e8881f86b530c,d9123c5a4a115248a2be33bbd018a015,delivered,2017-12-14 21:58:39,2017-12-14 22:19:00,2017-12-18 20:49:48,2017-12-28 18:55:21,2018-01-23,1ed5829d1ab84b4f5c01629f3ea446f9,2017-12-14
7f6945b2c635db3bce1cfb585ba82d33,e0b51ab4363c175e59f94dd700050a67,delivered,2018-07-27 09:52:08,2018-07-27 10:04:23,2018-07-30 12:15:00,2018-08-02 23:03:29,2018-08-28,cdb9e623abf5ae6e91af68a4de2fd0fd,2018-07-27
030d5292e5796b7c461070e04a7ad556,880d640d4c1edb86a3499acd04525e2d,delivered,2018-02-01 23:05:45,2018-02-01 23:15:26,2018-02-03 02:49:06,2018-02-07 13:21:38,2018-02-23,500bc2751fb819c5a9d19e0b2cf2cf1f,2018-02-01
3ec7827aef6348ae5387e7dd08a53de2,180b596cd1cad920ac7b0013be409dbd,delivered,2017-07-07 23:06:32,2017-07-07 23:15:12,2017-07-11 12:43:52,2017-07-21 18:55:37,2017-07-27,16427c57a14336e472690a09ce8748fb,2017-07-07
a36a7f2219c828e52cb094ddc8d89b84,1118a9782ac9c9080b3f6fbdb92be7d8,delivered,2018-07-03 16:01:57,2018-07-05 16:31:01,2018-07-04 13:38:00,2018-07-09 20:02:59,2018-07-23,14423d510a4e669b7ae8f6cbd31be986,2018-07-03
0f04257628f269da8bcc26b6839d66f5,78e0ffa402b3adede5ccf60d0976f89a,delivered,2018-08-02 20:29:49,2018-08-02 20:44:14,2018-08-03 17:23:00,2018-08-15 22:53:35,2018-08-27,04971d60a4324aaa1378948f4a88f721,2018-08-02
1e0b82a0da7f09ea9ba1b82dfaf4fa23,5ffbac5f715d934689592f398af9130a,delivered,2018-04-19 23:15:35,2018-04-20 06:11:08,2018-04-23 20:08:23,2018-05-14 16:03:29,2018-05-22,c34e8c39987606d262573cdf7fd66330,2018-04-19
67a59d439611f207e8a3283540cda71b,9e27532e607078fbff6344b7c1063e65,delivered,2017-05-23 13:49:10,2017-05-23 14:03:22,2017-05-25 14:55:49,2017-06-05 15:08:09,2017-06-22,46d71c7de8c88604b1beafa0e1692b98,2017-05-23
babf3827fed8e4f27b7d8a680af07e43,136dbac56cabaf131db79d6032ade0c2,delivered,2017-10-28 12:40:43,2017-10-28 12:55:52,2017-11-03 20:43:01,2017-11-13 20:19:39,2017-11-21,97b408a555f76002001e4f673f6fe8c0,2017-10-28
ca066470fbce42af5941867af3a294be,4e7f7cf7f7b2539689243d439bfeb5c4,delivered,2017-10-06 23:21:37,2017-10-10 03:49:33,2017-10-23 21:45:12,2017-10-31 20:32:25,2017-11-03,16f3ea0fba6c3df83f8ae749912bb90d,2017-10-06
9be87d9a7a1fbeef85d11ae236ce4609,56b6948031be6d0a574b0d342f3601f1,delivered,2017-11-27 11:18:43,2017-11-27 11:35:31,2017-11-29 00:41:57,2017-12-12 16:44:37,2017-12-15,72c893b4bcfa21f696a7cc5c5e64c872,2017-11-27
2cff731fb7ec776272d34a23b54839e2,32ce16dfb58c1b2b80f256415089c5c4,delivered,2017-04-21 13:14:58,2017-04-25 08:10:54,2017-04-25 13:53:37,2017-05-05 17:17:50,2017-05-18,147af11e03e65897da764848c9646c0f,2017-04-21
b2fea8ff370123b5e89bfb2a213123e3,13566b455193fd85bc8fa35136138604,delivered,2018-03-11 11:49:11,2018-03-11 12:10:03,2018-03-14 23:21:16,2018-04-04 22:11:10,2018-04-03,a6e027867e1371635c6044ecc5ea271f,2018-03-11
42653d5c4df9e26fb929a370f55ee092,92c1b9d98949d77bf4d5b5f8f039bc94,delivered,2017-08-15 13:13:27,2017-08-15 13:45:14,2017-08-16 13:26:49,2017-08-23 19:06:51,2017-09-14,725ecf44b899ae61b88aff4a80236260,2017-08-15
1ba72b885472d4dd42ff46556f3de1c8,5e6ad19f435e97b7ad8b05d71ca6f032,delivered,2018-05-20 12:49:39,2018-05-20 13:10:26,2018-05-21 14:53:00,2018-06-05 22:40:44,2018-06-06,ab937298c3022bec8ae1ae1fa0bea6bf,2018-05-20
37f48a21c9c1cd7784eee9e1c6a91e5b,b70532b7ddd0b1a2f29df81e14ab57a4,delivered,2018-05-12 11:25:41,2018-05-12 11:35:19,2018-05-14 12:05:00,2018-05-18 17:32:28,2018-06-04,56fe3895d63a0ed8dbfc2dd6de6441dd,2018-05-12
b79a7395d3911e77688dfe966105a683,f11cf2dcc68edbb6e396b32b31d7aba4,delivered,2018-05-03 00:26:00,2018-05-03 14:32:30,2018-05-04 09:07:00,2018-05-12 14:54:51,2018-05-28,2e105d2fd20b0e0c85f4ccc9b0acdd94,2018-05-03
41d7166cd7b904ab5eb52a1fb6783e5f,638080b723966c4c61bb9169ead9c097,delivered,2018-05-17 17:13:19,2018-05-18 01:57:14,2018-05-18 14:52:00,2018-06-04 19:12:48,2018-06-07,20d55aefec63f14a88817c6c28125682,2018-05-17
236923fe36df7c931b0fb65f493e39e4,b1c1ce38e32f5c8f25f515f2caf1f1c1,delivered,2018-05-24 01:14:59,2018-05-24 01:37:58,2018-05-25 14:09:00,2018-06-08 17:55:30,2018-06-18,9c08d6f85c7fcec4b08ead25590c0af7,2018-05-24
652e395eca81cbe843ef95202a101cf0,1da77576f75de6e11b97a887bf8b353a,delivered,2018-07-24 12:26:26,2018-07-24 13:24:22,2018-07-27 15:00:00,2018-07-30 20:51:13,2018-08-03,3a25d96d18de69b1f8e5b49ba4b5d05e,2018-07-24
31edfdd76d49716666c52c80ae236d75,8dab87eadfc2c78d8bb4a17c25af51d5,delivered,2018-07-21 21:08:03,2018-07-21 21:35:07,2018-07-24 07:15:00,2018-07-27 19:16:37,2018-08-09,dac350081fa08c19d7a94fccab15c408,2018-07-21
17db3c7c3dc64b6f036bbe554a3520b1,46a5d6d36feb1d11d7cd62a70c2633c7,delivered,2018-06-03 11:27:29,2018-06-03 11:50:27,2018-06-05 08:44:00,2018-06-15 21:08:57,2018-07-05,06e9efd9908fc2459e4a34b0f616243a,2018-06-03
484e1ab05a56b8ad354e449200a41742,2fad067280027bc81969116c5516ba2f,delivered,2017-12-27 17:50:31,2017-12-27 19:48:14,2018-01-03 16:27:28,2018-01-18 18:21:35,2018-01-26,52242cf8937733d3fdb54db6720db653,2017-12-27
d915ad63f37385cc799d0b5363de302a,c9c082e00f8e245fb30df79db1964cd3,delivered,2018-02-06 15:18:19,2018-02-06 16:11:45,2018-02-07 20:04:55,2018-02-19 16:19:04,2018-03-06,282ae7be3c19b39aae6600da3258dc2d,2018-02-06
1cfcf75d2d461f1ffb85a3d7f85391aa,6fdc71b6a2bcc3d3ef70f8a53c3d039f,delivered,2018-05-16 18:32:36,2018-05-16 18:57:25,2018-05-17 11:59:00,2018-06-04 19:02:45,2018-06-11,9cac51d70c1ef9e4cd1480f1464b2843,2018-05-16
f30b5e94b68ee195b6ec2d817e5bef0c,e88f6a2addd720088765311a6833ed59,delivered,2018-06-20 19:51:05,2018-06-21 07:57:21,2018-06-22 13:47:00,2018-07-06 15:11:59,2018-08-01,695fc0861b4732c55437c87a81c4a242,2018-06-20
22fe036a63b56dfae665a7e584138f37,e5a2ecbf3dac004b710555e6d99ceb50,delivered,2017-04-05 17:54:31,2017-04-05 18:05:18,2017-04-06 08:44:21,2017-05-12 09:53:35,2017-04-26,6f1b9f60ea8ee748140353648c2d8d8f,2017-04-05
c33c0a34aa2beb75f41a04d1b3905d92,3c5be3902e3ee65ac45caf629dba3d41,delivered,2018-05-12 14:23:50,2018-05-12 14:35:30,2018-05-14 13:24:00,2018-05-22 15:29:12,2018-06-04,168de8fed35ccd79fade5fbb39a1ab1e,2018-05-12
5edc8e0c1ae7714730b6be87e97da686,0f3c4578cc4133c0e29cf96d0709d28d,delivered,2018-01-30 17:35:29,2018-01-30 17:58:01,2018-02-02 00:38:39,2018-02-19 15:39:20,2018-03-02,6a5ecf25eae9db640b117f6a67c67790,2018-01-30
543b09a837f0bfbe0b94e28a69588fb4,fecbcdb09e0bdc7c872876a36a74dbf7,delivered,2018-07-09 17:58:46,2018-07-09 18:10:12,2018-07-10 14:47:00,2018-07-13 21:56:35,2018-08-06,137bcc4182cebd6af16027c81932b49d,2018-07-09
fb44e4ed3e78403652d50fcf506de1ba,fd8b7f9f197ecb324475321da4d9c75c,delivered,2018-07-27 19:45:11,2018-07-27 20:04:22,2018-08-06 13:25:00,2018-08-13 17:36:36,2018-08-27,7599f84d293b7883666925869a5b5d4c,2018-07-27
06339e75ee1b614953aef978ef01d766,b36cee83a40635fe990ad29c7171f33f,delivered,2017-04-15 23:55:38,2017-04-18 03:55:42,2017-04-19 10:21:33,2017-05-26 09:12:42,2017-05-16,b6c5dc6ddcb93efe16687dc272f74aa3,2017-04-15
d3a268054d5bf82a14d5c0be7ea1588c,760658188339a7b91c7a4ca3c315b2ea,delivered,2018-02-20 02:20:04,2018-02-21 06:05:11,2018-02-22 17:22:27,2018-02-26 17:28:54,2018-03-19,48ee7a46eb501497a2573bff4d8c1e33,2018-02-20
25ed8cc8c43f4ebcabd60fc31840c401,8a498c95d77ec0e09c2472e3e97412a3,delivered,2017-08-08 17:40:13,2017-08-10 03:15:30,2017-08-11 13:36:58,2017-08-12 11:42:20,2017-08-24,1b5a8cd7503a0216a20db4737c54950a,2017-08-08
0a8c0300318aedd7b66f6dbc27409ece,f9549d865e9b3338b99f359a1e763afc,delivered,2018-01-24 14:50:26,2018-01-25 09:31:11,2018-01-25 21:24:35,2018-02-27 23:25:13,2018-02-22,97d2d110e335aa62ef0e10d09639373d,2018-01-24
a57b39b38d69680f2b3708ec611e8bff,ddcb940dd1491991528d482abe3c2d11,delivered,2017-11-06 14:40:16,2017-11-06 18:33:57,2017-11-07 19:06:55,2017-11-24 17:25:08,2017-12-01,abb988a3a19147f2a4dbaf0e71bd9e37,2017-11-06
329262a8ce814ac8ed283f9ae66ebee2,4d91c1526ac35f179973f1abba999ddd,delivered,2018-07-23 17:04:54,2018-07-23 17:25:33,2018-07-24 11:02:00,2018-08-06 17:46:37,2018-08-10,4e8a462337cfd94ff9798e7a91dcabec,2018-07-23
6222941cfa1ed5d04567dfff61e3e25f,5e82ab5c814f9e94d5f6986c0d3e2e93,delivered,2018-02-16 09:01:09,2018-02-16 09:35:29,2018-02-21 21:14:04,2018-02-28 21:42:12,2018-03-19,594fe19663e0da85c54704b990aa78dc,2018-02-16
24f18122273caa6950e256dcb2d2f7a7,fe92213bddc19f762d0c2511f4c3e861,delivered,2018-07-23 18:52:28,2018-07-24 09:23:48,2018-07-25 15:55:00,2018-07-31 11:41:41,2018-08-15,ea06f64f7343790c102c4539e3427605,2018-07-23
db18e1e78435519ff49eae6ada66f29c,0776b4f6e66409776cd39bf2ad45702e,delivered,2018-07-29 18:12:08,2018-07-29 18:25:14,2018-07-31 15:02:00,2018-08-08 01:48:39,2018-08-15,fd328253a704ad5b5796dc1df45ef842,2018-07-29
3177d42193cdca823f8c5d96008a4c7b,8d73e655c88b5d3fdd1f25b2aec2cf1b,delivered,2018-04-09 16:18:48,2018-04-10 07:35:13,2018-04-13 13:37:34,2018-04-17 18:29:28,2018-04-26,89e570dfc41cf1131fa292bae78f727b,2018-04-09
d3e1990c95a293c07983a54bfd02f062,8b53b0b9b7c26116768acc3f17fafd8b,delivered,2017-10-31 18:24:44,2017-10-31 18:35:24,2017-11-03 22:57:31,2017-11-08 21:58:51,2017-11-16,a47055fd3ff2680586a61fee204e8de2,2017-10-31
1c1d7c04efff33ea9ebb71907b576f50,513f69cbf70fa1089df98c833bbfd6bc,delivered,2018-07-24 16:33:06,2018-07-24 16:45:14,2018-07-25 15:32:00,2018-07-30 18:26:45,2018-08-22,13bf0b4120921402dff563cda4383ff6,2018-07-24
1baa165f6d1fc73d5be966f0b3ed1499,34ac1cb254a8bb25c32d4b3bcd0a2f6d,delivered,2017-11-17 21:48:41,2017-11-17 22:07:40,2017-11-21 20:01:48,2017-11-28 18:52:58,2017-12-11,4d98a16aebfef3772cc4d547bcae8761,2017-11-17
1f559479dd8bfb2e398b0372cad1c2a2,feaef48e150d4f22138e748bb313698c,shipped,2018-04-15 23:04:24,2018-04-17 04:35:22,2018-04-18 01:38:47,,2018-05-21,291a27ec3b888e036ec2a199bd76554d,2018-04-15
987b7884b5b6e23a2b4d35d8213815a2,d1463df09d68e404ee13bdd4494ea9cc,delivered,2017-09-28 20:34:16,2017-09-28 20:51:42,2017-09-29 21:14:54,2017-10-19 21:44:31,2017-10-30,e1cdf692ed47d0ba0429839e43913966,2017-09-28
321306819534558dae9c3a1a551e91c7,3304f410b0166209f4f630745838ff17,delivered,2017-08-28 17:57:12,2017-08-28 18:05:21,2017-08-29 18:53:46,2017-09-04 21:42:39,2017-09-29,17e5182d5817ab03fa16ee8e960e1b87,2017-08-28
c5551232b07d205a149a0277a194a271,5ebcdd52fb15fcc15facd7917971a569,delivered,2018-01-24 11:37:34,2018-01-24 15:07:27,2018-01-30 19:58:54,2018-02-01 02:06:00,2018-02-08,84b346aeb7581380f2a3f79e939d6ae9,2018-01-24
6597f8bf4610cf5291b83c0d57440e53,10cb0c87548cbc2b667a81ab7e31007d,invoiced,2018-02-06 14:46:18,2018-02-07 03:10:14,,,2018-02-22,f9303b7260dd15a73bfeef84ca6e653b,2018-02-06
94a6ebbfa1179d1c4fcc0eef4e3f423c,d3652ae10a550d0bc645274b4805656d,delivered,2017-10-04 19:40:44,2017-10-05 02:44:12,2017-10-05 19:20:16,2017-10-26 20:07:51,2017-11-07,1bbf6de8bbe287cb474e57d437d72969,2017-10-04
d8f4cab2c25988993e96c6c02a837ec9,51ec9c71b8a1fa7cfbdcd29bcbdeea39,delivered,2018-02-26 15:59:29,2018-02-26 16:32:22,2018-02-27 20:34:14,2018-03-20 18:26:32,2018-03-27,346fce1712054d4339be023a27c38f13,2018-02-26
3c8194a8d47f5852dcd52ccbf364596e,c57b4b6f3719475543b721e720a526ad,delivered,2017-11-27 12:44:25,2017-11-27 12:56:18,2017-11-30 19:25:50,2017-12-01 17:05:02,2017-12-11,b6c083700ca8c135ba9f0f132930d4e8,2017-11-27
f9cb71e454be8a1f13fe574dd261a6a8,10c45fa72c7596bd09e3ddc88edac6ef,delivered,2017-09-08 15:44:29,2017-09-08 16:04:50,2017-09-11 17:21:31,2017-09-25 17:42:16,2017-09-28,638a79e55f5dc90db25f08bfc1881caf,2017-09-08
d6af6233aac78108f824d75f4461fa14,a49305896ffc9fc8d2c9c6efe8bd6439,delivered,2018-07-20 09:18:39,2018-07-20 09:30:13,2018-07-25 14:53:00,2018-07-27 23:51:30,2018-08-09,dcf39ffb0de2236c5c6843f1c3f5e080,2018-07-20
284b02fa3e9a13f33180080d6c8fea2e,9c3fb1109b44bd639e335faff15da8b4,delivered,2018-02-18 19:06:20,2018-02-18 20:27:05,2018-02-20 19:40:23,2018-03-23 01:38:50,2018-03-16,9dc8677aad8c73d78a4193d99d056e72,2018-02-18
02be6bbf24cd996eb35dad6e9e7a09ab,c68ba7c278daca261cc3ae4f90821d39,delivered,2018-01-19 10:19:28,2018-01-19 10:33:00,2018-01-24 22:54:54,2018-02-07 21:07:06,2018-02-14,819ab4a3def491b5cbad94c02a997c7a,2018-01-19
ba8d16a572292d042403094d3c0fc354,509b47b411bde663f6275c5fa083121f,delivered,2017-07-27 22:04:42,2017-07-28 21:15:08,2017-08-01 17:42:20,2017-08-10 22:07:59,2017-08-28,a4cecd7c493ae3d99e588a79160e3b04,2017-07-27
74f4991efa445ddd9409f19cc6438115,b739eca04e1134c2ade57adb5f05e99f,delivered,2018-03-28 14:14:17,2018-03-28 14:28:38,2018-03-29 19:14:38,2018-04-02 18:58:56,2018-04-16,7b3e0d29af0aaa77fc1ffe8d9c39d364,2018-03-28
50459e4bff96bdc46566472362da2e0d,7486e979006d7e8197f5d0fdebcd62de,delivered,2017-08-02 10:38:14,2017-08-04 20:03:27,2017-08-10 14:52:00,2017-08-30 20:19:57,2017-08-24,1af07d283f70a0deb43449ce5f1b367c,2017-08-02
96caf486ad384c707d860dbb4e519794,b7335be40f14f35559f7222d4875b114,delivered,2016-10-10 10:20:13,2016-10-11 08:57:47,2016-10-15 08:57:48,2016-10-18 09:57:48,2016-12-02,9b0f710c65ae9320f0acd6dfccc1b4d6,2016-10-10
1f1d433b45ff83d34a8fe8071126c80a,e0ad0d36082194b476d7b15e1bf6d561,delivered,2018-01-17 10:23:02,2018-01-18 16:57:30,2018-01-25 22:43:00,2018-01-26 19:49:04,2018-02-07,07dd39490fc02f43bffa332f3e02aa57,2018-01-17
c494a0ccf52e43b779d85717ac428496,ca522fc70b24d849d86bc869543ef25d,delivered,2018-03-21 00:26:52,2018-03-21 00:48:26,2018-03-22 18:52:00,2018-04-09 12:44:41,2018-04-09,cbcec88b071db8cb28c9208e093a00eb,2018-03-21
336b91e412a5efd643eadc7e393192c1,465650aeeae0831eb7f2cd9379f41ec2,delivered,2018-03-06 16:34:45,2018-03-06 16:56:07,2018-03-08 11:19:44,2018-03-13 19:26:25,2018-03-22,420727b28fad05d6ca063b39130938e9,2018-03-06
87fa3e925b3406c52f70ca7c5faccce6,3a5a619866e843b7ebabf717e2f68d4e,delivered,2017-07-07 14:07:02,2017-07-07 14:23:38,2017-07-12 11:14:29,2017-07-15 13:21:33,2017-07-20,c035b1b5d88dc07f6f7e695bae8067e8,2017-07-07
2a528a8e3b4bcf1428e674b085ea5f65,d05b8abea6ae93bc1ce04ee244739f00,delivered,2017-11-07 21:58:38,2017-11-07 22:11:07,2017-11-09 21:27:33,2017-11-16 20:44:35,2017-11-29,77bd7829971086faea89789d03b62381,2017-11-07
a880b806f0a6467ea8044335fc629ff9,c1d5e6bc6c7bd0a017a08818dcde3295,delivered,2017-08-05 21:43:29,2017-08-05 22:20:10,2017-08-08 12:56:42,2017-08-12 15:03:30,2017-08-25,598505c01dee5f750170e9fdfeaf1972,2017-08-05
00b6e66f005a657a6b13eedcacdf9342,3f0ce4e8579d852bd56ab8bbe66f1870,delivered,2018-08-11 10:47:05,2018-08-11 11:04:38,2018-08-15 13:54:00,2018-08-21 14:46:31,2018-08-31,6ac4c2b8476a9b14dc824e2cda804dfc,2018-08-11
ba6b7c9ac45804edf2da548323f82306,0f2bcbb299b77a637956ff29b6c03b6e,delivered,2018-03-27 18:57:47,2018-03-28 18:47:21,2018-04-03 17:14:46,2018-04-06 19:41:35,2018-04-09,a10c7039e6b37bd74c831f523458ae28,2018-03-27
3290506deecf9d593a1e7a295fa13dbe,8d1170b160da623dfa402c737a0ed929,delivered,2018-07-21 13:49:03,2018-07-26 23:32:53,2018-07-24 10:20:00,2018-07-30 17:17:06,2018-08-21,a06babcbbb59612630e0b0c71c3f7da4,2018-07-21
5f79b5b0931d63f1a42989eb65b9da6e,00012a2ce6f8dcda20d059ce98491703,delivered,2017-11-14 16:08:26,2017-11-14 16:35:32,2017-11-17 15:32:08,2017-11-28 15:41:30,2017-12-04,248ffe10d632bebe4f7267f1f44844c9,2017-11-14
314639bc2e41647756681b0f2afdb306,a8b2feb6b27345e7706e17607e869eb5,delivered,2017-06-04 01:07:50,2017-06-06 13:25:29,2017-06-06 15:07:09,2017-06-14 11:47:03,2017-06-30,51f145ebac223f064570d43d35dca418,2017-06-04
e8735e0751e0e33b80ae0bac98f65381,dd73932cf2c9016f4441115ab70f506f,delivered,2018-04-30 16:50:16,2018-05-01 02:52:54,2018-05-03 13:54:00,2018-05-09 19:44:51,2018-05-30,e69e0e94670b725665d272fe2fcc050a,2018-04-30
ab722aebd7d92f979b381ec1d4080551,ade30c33d12f41fb6a80e79d43656cf6,delivered,2017-11-24 22:47:41,2017-11-28 03:20:46,2017-11-28 18:27:09,2017-12-05 22:22:12,2017-12-21,39071f970af0c193c6349207f7d890ea,2017-11-24
ca2faedbd7bcfa72032e1063fcc8ca5d,e98f2c9b79c25b1d54b0cef7e2edf6eb,delivered,2018-06-24 22:11:50,2018-06-24 22:38:17,2018-06-26 11:14:00,2018-07-11 18:12:18,2018-07-24,a0cc96769a941738e86ac88a9b06edfd,2018-06-24
c1df4a5d1b544e51e2f038412f96c0a9,27d313e3a9956df6642ab4a951109b5b,delivered,2017-11-30 13:29:37,2017-11-30 14:31:37,2017-12-01 14:26:57,2017-12-28 01:41:41,2017-12-22,a53f35f68424053a8cb5c55f63110cda,2017-11-30
a9d9e48bc0905664f33c53779b5edfb6,7195875a1f2cdaa5e75a1f132530e156,delivered,2017-10-29 21:59:06,2017-10-30 22:31:38,2017-11-01 19:39:32,2017-11-15 00:42:59,2017-11-10,9256f26e99c25928eab7f63799ec4885,2017-10-29
bd809a829bd4588fed061fedaaad437c,b98d5a796ad502ec4b775f6f737cb0ac,delivered,2018-02-18 17:31:24,2018-02-18 18:35:24,2018-02-21 14:55:16,2018-02-28 23:28:31,2018-03-09,faf77595403cffac767c94c44165290f,2018-02-18
08636a3fcd5c2b3e957b9b8c6ac8ecd9,4537e1008a9afab2213beb76df625f95,delivered,2017-08-12 10:05:35,2017-08-15 03:50:11,2017-08-16 15:26:49,2017-08-25 17:15:29,2017-09-05,7014b6141883847be921f098927b239f,2017-08-12
2458754d32649761e2c31fd65cb3fdf7,c40a552a2a91b93d3ca144eb009a1190,delivered,2018-01-16 18:03:04,2018-01-16 18:31:02,2018-01-17 18:18:40,2018-01-26 14:54:24,2018-02-06,9e7aef9f78fa2e1ae37d51898c3ea692,2018-01-16
1d1cd1be4eb8ccedea997348b859065d,b829375aba0fe46daa0cae92cfadfa95,delivered,2017-10-04 09:43:36,2017-10-04 09:56:22,2017-10-04 16:43:20,2017-10-11 19:28:50,2017-10-31,97071ed6fb1ac261920c48a146e86c66,2017-10-04
0a31cde0de75146ec6aa043161f74cf3,19820840290b94e5f07b8e02b7a57258,delivered,2018-07-15 12:59:52,2018-07-16 13:30:38,2018-07-18 11:12:00,2018-07-24 19:03:46,2018-08-10,6b341d2f1dd8fe09ce36560b4a4255c5,2018-07-15
2792c4f95b24c1a72641cd404561bdd8,8392c78357bb44adca4a1fcb344a6010,delivered,2018-02-27 13:23:38,2018-02-27 13:35:31,2018-03-01 16:09:04,2018-03-13 21:04:48,2018-03-19,65d6b6a1113bd6152e3307e99c5104c9,2018-02-27
d69debc082f137c0a4c9edaddd52b1fd,5c9f3097f3aba367342e6237eb0bd9f8,delivered,2018-04-30 15:26:52,2018-05-01 05:54:47,2018-05-02 13:19:00,2018-05-07 13:41:52,2018-05-18,a6332e8823d21edda1bca6d0aee96a7a,2018-04-30
db594d5ffa3060a8a682a7057a904f29,5bef4f44ca94736a626361ecd6066230,delivered,2017-11-24 01:55:03,2017-11-24 02:10:00,2018-01-03 18:37:51,2018-01-08 18:17:40,2017-12-14,e42e4bbfaf868de609fa86f11b091fe6,2017-11-24
8578000d0000b3bacf28bd31ee906b92,cc1052040f688d68994f5645c551ff78,delivered,2018-04-11 21:51:09,2018-04-13 02:32:02,2018-04-13 23:06:39,2018-04-23 19:46:54,2018-05-10,c99c4af82fbaef90728d0cd6488ef32e,2018-04-11
ac0453dee118265767bf9c26966ccbde,e3ab519b9f2681e43d1ecc7f1cfa5a81,delivered,2018-06-25 21:56:11,2018-06-25 22:17:06,2018-06-26 14:28:00,2018-06-28 18:46:31,2018-07-16,860c936c4d3e0e0374b5a3fcf814e813,2018-06-25
87ca9106c9cd25cfd5d85ee98d29d0fc,58e8acc1cb01e1f8f15f1413019d0457,delivered,2018-06-18 17:41:43,2018-06-18 18:02:47,2018-06-19 12:09:00,2018-06-26 16:36:28,2018-07-05,020de21f006326d43b15b28e073f8b4c,2018-06-18
2095de529ec22771a4996c8ef81f6ba7,da39c932a77f8bc1295a49f1ff45f5f4,delivered,2018-08-22 13:35:33,2018-08-22 13:50:12,2018-08-23 12:39:00,2018-08-27 21:51:41,2018-08-30,48fb15c89a4654ef7ac2e5c3cdc397da,2018-08-22
3daf8a0b8f1b1016e1bd500821a8d0c7,182087b1558916ad385080c371df4fe9,delivered,2017-08-30 13:17:57,2017-08-30 13:30:13,2017-08-30 19:19:04,2017-09-13 23:46:58,2017-09-20,55caae104bb0aefc6d44031e49373db4,2017-08-30
7a7375f58149053d599aae579288fd96,de7a087330a6bb7fe20d36390a5c2574,delivered,2018-04-27 18:13:27,2018-04-27 18:32:08,2018-05-03 14:47:00,2018-05-23 18:21:49,2018-05-16,03d5d879b6583adc0d8b84788ab189d8,2018-04-27
2a4f7453c73c4b1383b45944fd590c25,ecb3cacab8da3c0858a498a608630308,delivered,2017-10-04 17:39:19,2017-10-04 17:49:28,2017-10-17 22:35:04,2017-10-19 18:05:50,2017-10-31,87dfed7792030c27d3111ef6777c8ccd,2017-10-04
35b0513eaf7a477cdb93469b7b4a3d6c,8392aac1ac8a8a59e95b757b50387c0b,delivered,2018-04-18 14:26:43,2018-04-19 07:09:18,2018-04-20 20:26:44,2018-04-30 17:29:41,2018-05-11,b31a97956ee6ddae518d726ff76592d7,2018-04-18
6b2d24ed79ed33468e02675c7e93fed8,06635cef8f8be90b8a6a6dd84075b39e,delivered,2017-07-20 17:46:24,2017-07-20 18:03:26,2017-07-24 12:57:57,2017-08-11 14:32:47,2017-08-15,8fde03547587c1e6f97d14148f422242,2017-07-20
c3a1f7b3c574d1e8417bead437baadaf,a12aa449040e9ac7ea1a7ae64dad0176,delivered,2018-04-19 06:19:51,2018-04-19 06:30:14,2018-04-19 21:54:25,2018-05-12 14:38:38,2018-05-28,b450030e85b5f24b9ec56b8c9309aaa4,2018-04-19
9e5fc42becc8679682eb9d170dad5705,2ad943181e808e1c79612fe5fb565063,delivered,2018-05-04 17:38:37,2018-05-04 17:55:30,2018-05-08 15:13:00,2018-05-15 11:48:42,2018-06-05,238902c83abb90bcb156934816fff1ef,2018-05-04
69fc55f48e5117131b48477c34bbad8c,72fbcb6b724fd7646a1dd48df60752ff,delivered,2017-08-30 09:13:13,2017-08-30 09:24:26,2017-08-31 19:24:24,2017-09-11 20:04:47,2017-09-21,830aeedd501a65614f802f58f187bac7,2017-08-30
40542f414acd736bdacaeb85dc7df95a,4c617161230211252e057caafba04bbb,delivered,2017-05-02 14:11:00,2017-05-02 14:22:39,2017-05-03 12:33:04,2017-05-08 10:42:33,2017-05-31,911b520cf35d40681ad7fe3a5802ae3a,2017-05-02
2760fc9dd1ab8d8e9269d4d9f7ee48f6,221ed878c20bb0791cddf7f7faeb025c,delivered,2018-08-10 20:08:01,2018-08-10 20:24:30,2018-08-13 14:14:00,2018-08-16 21:48:52,2018-08-23,b69d9ca9e8cc00bfd4a6196017e46277,2018-08-10
95807754346c1a01b8040f29f42f74d7,986984da9f2ee3656b19f0c0bd10f097,delivered,2018-07-03 20:23:05,2018-07-05 16:31:46,2018-07-04 12:31:00,2018-07-10 16:52:26,2018-07-24,0b9b776f0da7972ff7d5bf5a6fab1853,2018-07-03
e82814bcbe40982225e142717ff99d69,9422f81fde161e5d65718e6b1ae0a96e,delivered,2018-05-17 09:18:52,2018-05-18 02:55:16,2018-05-18 14:14:00,2018-05-25 21:07:33,2018-06-08,08d8ad84b0088cbeae77da4ff3817479,2018-05-17
183c12927ff8c2fbbd1786541de98dca,92af88ecbab907c773739e57b6201628,delivered,2018-05-09 07:03:01,2018-05-10 07:09:42,2018-05-10 19:05:00,2018-05-11 14:42:34,2018-05-17,804ec7e091a1b6cf309938db5bca6489,2018-05-09
58e4f337e6222b76df3642affa8a0605,45ff99298b13ff934ceac68fe8ce405f,delivered,2018-06-05 01:26:41,2018-06-05 01:50:07,2018-06-05 10:34:00,2018-06-06 17:06:06,2018-06-29,24f2709edd3033672c85489a9d01718d,2018-06-05
f59424baad3fb86561ddc055c935fdb8,6b457b9e4c9a7894b2d4c3da6d039b1a,delivered,2018-05-23 23:41:19,2018-05-23 23:54:51,2018-05-28 14:01:00,2018-06-07 01:44:24,2018-06-21,602ae15839fbcb90b6cab05edf1acec4,2018-05-23
d4ccce5bb74fa1b913fefb501f0d63b5,df00b2504f1669b660b7eab5c0331e9a,delivered,2018-04-15 20:07:56,2018-04-15 20:30:58,2018-04-17 14:19:14,2018-04-30 17:50:52,2018-05-21,873fab9e6cad078dcd3b1934a1c69161,2018-04-15
0a584a18a05ee90c0e3793bb14a9ad3a,0d55393eac5360eec19095b10b1fab90,delivered,2018-06-21 01:15:25,2018-06-21 01:38:57,2018-06-21 15:17:00,2018-06-27 16:58:44,2018-07-04,58d513b04e154b773a1b26d3d5da1f6d,2018-06-21
87f1b9ad1e34b07badd5ba188838d127,2b6c4b1ee772f4932d7e85d6bbc64363,delivered,2018-01-19 07:31:59,2018-01-19 07:39:22,2018-01-25 20:23:03,2018-02-06 16:35:36,2018-02-14,0248acdec0648791650de14b758df203,2018-01-19
6508f1528c3648c8a9f751e811520269,326976c87b24b73a0a4d9f7e19f3abdc,delivered,2018-01-31 11:43:08,2018-01-31 13:54:56,2018-01-31 23:18:31,2018-02-14 15:19:04,2018-02-26,9b37e41b040b4a4192a919c0b73145cc,2018-01-31
8c026d542e6e6803115061acaed02330,76d32b8bc897c6f37d8a9d9b4f7bac2f,delivered,2018-03-20 13:20:40,2018-03-22 02:49:50,2018-03-23 00:16:41,2018-04-12 17:46:32,2018-04-09,85923fb1573c2bcc8e2a6d17cd58b076,2018-03-20
ddb860efe17d6082630b99db1200b1c0,dfe533d0707629488eb4571a6dd315cd,delivered,2018-08-20 09:09:53,2018-08-20 14:35:50,2018-08-21 14:29:00,2018-08-27 22:03:33,2018-09-06,1ac4011bec2c0d9ce8eceb56bb1142c7,2018-08-20
5af5569e61eae15d683a20b707882e60,65f3fd33198f167c161230c7aacfb2ad,delivered,2018-07-17 18:10:00,2018-07-17 18:21:33,2018-07-18 15:51:00,2018-07-23 17:48:32,2018-08-10,3ad00a1ab510eccc093d630080e10acc,2018-07-17
3513fc8efdce4afab5abc80cf24981f0,b45089bab74f82570b6e4b765a86aea5,delivered,2017-05-05 11:17:38,2017-05-05 11:30:17,2017-05-05 15:14:40,2017-05-11 08:26:43,2017-06-01,6bb8ec9a009230f06d1af78156b4f93f,2017-05-05
b00139d06ab8c3d765c3f2af0e181f9a,5c543a7ee18263a51c05becfb86627f2,delivered,2017-05-15 13:54:29,2017-05-15 14:05:16,2017-05-17 16:13:49,2017-05-31 10:17:02,2017-06-08,d38479043264fefec6f435939dd80120,2017-05-15
4d7a365119241cbd17c7afb5b39bb9a0,7b1536d40b410674d6580bf1a6883985,delivered,2017-01-29 20:53:13,2017-01-29 21:40:45,2017-01-30 11:45:17,2017-02-02 14:38:06,2017-03-07,6bf33cbc32d6feef3072bf6a6ff13769,2017-01-29
ab25c53c5259e107072732c1bae15244,d63e3e806d1c9000c9d7854f73cd0a8f,delivered,2017-09-13 08:35:29,2017-09-14 02:55:34,2017-09-15 18:55:57,2017-09-26 20:33:39,2017-10-06,367ce62ebfe00c8688f8c19ffd31b649,2017-09-13
5847b00fe9b3df8c2c090ec62a73f9d9,905b09aceebfc1b85def06a740b70399,delivered,2017-12-06 16:59:53,2017-12-06 17:13:22,2017-12-07 21:58:50,2017-12-18 23:23:41,2017-12-29,4dfbb38734e7375728b3a76cab5fa6ca,2017-12-06
021d08e4057e5b6414c8d2f69f4f72a0,7470a1ddb5f78a811fbef15b2556781b,delivered,2016-10-07 17:37:49,2016-10-07 18:01:40,2016-10-25 12:05:58,2016-10-30 01:25:57,2016-12-19,5d2db05a565eda438cf5069b7be6b1bb,2016-10-07
35990049382e07dba1a9ef3550cad655,0179f2f4c32e0b0c2a4cb0d57e7d5a26,delivered,2018-05-10 19:22:34,2018-05-10 19:37:39,2018-05-11 13:11:00,2018-05-17 20:16:07,2018-06-12,064fb6f70338688d1372235d95d92ff7,2018-05-10
545795e47c9e134237b256ef5b98857b,43940279ae4eb68e5e8047f5af626329,delivered,2018-06-30 10:18:49,2018-07-05 16:15:56,2018-07-18 13:29:00,2018-07-30 13:55:57,2018-08-02,89f846c93247a05aab54645bfe54a85e,2018-06-30
7f7b0dbca9d4f3fe1e1bd04866499f8d,04ea55920e35d12b624eed3a92b137f8,delivered,2018-02-03 21:54:08,2018-02-06 04:32:58,2018-02-09 22:52:29,2018-02-22 19:14:00,2018-03-13,d07b7b1f86d0398fd24b738d4c0630c5,2018-02-03
64b124e81c976cf11238b0bd8ae04aff,a36874062543a8fb71e68e85a85ca3ec,delivered,2017-06-03 18:50:13,2017-06-03 19:02:05,2017-06-05 10:47:40,2017-06-26 10:15:02,2017-07-10,47e95eb8a293b1b3f17dba3ab2281d01,2017-06-03
a245546c993a6f40b013cf1935965656,6957b3f555a2d12a5695c6108789df75,delivered,2017-03-16 19:42:36,2017-03-16 19:42:36,2017-03-17 10:41:47,2017-03-31 12:39:44,2017-04-10,386503f8c11b7c0fa148a77a039e6920,2017-03-16
af6e44b9d409160a33f41a80537af9b2,1a71c3ead49ef67aed93c31aacc4d046,delivered,2017-10-03 14:30:50,2017-10-04 02:49:34,2017-10-04 18:48:09,2017-10-18 16:40:28,2017-11-09,3c08c0c9890175f3be7d4a99d4ef91c7,2017-10-03
fe1a5360c2abc136a4ff63ddb09a33b4,878ea9106a20b18fe743a63aabe69853,delivered,2018-07-29 16:19:32,2018-08-01 16:31:44,2018-07-30 15:34:00,2018-08-08 00:42:42,2018-08-08,05e442cb93a23145b87b658840cea632,2018-07-29
4f55eae15690f1956ad981d54a08a22c,2442520164337b8eed2f2a9d1fee6021,delivered,2017-03-05 12:29:19,2017-03-06 02:05:14,2017-03-07 10:54:55,2017-03-14 12:27:53,2017-04-03,3cc308c68d26ccb8ee8c4e67e49aac3a,2017-03-05
5eff641a591dc86709424d65585467a5,7f67f25d7af1b0e5955c58f844aa41c1,delivered,2018-07-10 23:57:20,2018-07-11 00:10:13,2018-07-11 12:01:00,2018-07-21 16:07:41,2018-07-30,05bec91160ac972b215b0e0aab6fafef,2018-07-10
b75335994c32baf97dc6ab68ecc64e4f,1927c5e53ceafe1b0d6a5ca2f20286d8,delivered,2017-12-18 22:40:03,2017-12-18 23:51:34,2017-12-20 19:42:17,2018-01-03 19:41:26,2018-01-11,838aa2f09ee5cbf0fb2ca07b1cc2c5e4,2017-12-18
bfaf4827cdd358e6cc443e44f9f9132f,b6f1ce97a5c1317696905cc28a6a5857,delivered,2017-09-09 19:46:20,2017-09-09 20:06:03,2017-09-11 18:49:53,2017-09-18 14:20:06,2017-09-28,1520ebe0915772d3bd92d082a1afdf06,2017-09-09
98179ecee6d0176b359568f49c5ceffa,83995b06f96e8a3f6dc6711cfd0c261a,delivered,2017-09-09 16:01:35,2017-09-09 16:15:10,2017-09-11 16:52:32,2017-09-20 15:53:38,2017-10-03,cc27af9137856b6a7d351a53816d7609,2017-09-09
a8159270bc9cf7d54450e079ba6b7232,839b3007f7e5aee8f8eb130c8fa51c29,delivered,2018-04-01 11:58:04,2018-04-03 05:35:27,2018-04-03 19:47:10,2018-04-20 20:56:36,2018-04-20,c767dbe6f331a287a229243814f19e0a,2018-04-01
bef03713fe5980450be9ff427e26b699,5a1e1bd65193677d3cec2a77ce02bf18,delivered,2018-07-07 14:14:00,2018-07-07 14:25:46,2018-07-09 14:32:00,2018-07-13 13:08:34,2018-08-06,2c166cd7d00f0e0af5deb570d0522507,2018-07-07
da911c95ac6e4e0d008a7ec3d961554a,ad51902b16f520adb4013d26a3952d51,delivered,2017-07-20 18:55:51,2017-07-21 02:45:49,2017-07-21 19:02:53,2017-07-26 01:04:58,2017-08-11,ea84410de34ba26347ffd98c6e8bff2e,2017-07-20
90bd4466c2905d7b5b56370149e62bcc,f11278c6a8edfe30db8bb9506ecbdff2,delivered,2016-10-09 11:33:12,2016-10-10 00:22:44,2016-10-15 10:09:46,2016-10-21 21:17:53,2016-12-06,1881f0742867dc75d6e0bcc24f866710,2016-10-09
4315afe81f99b1c8d4c3c9ecaa6852fe,e69b6e58854eac54ef38c49d7b6e551b,delivered,2018-02-16 14:45:31,2018-02-16 15:07:03,2018-02-19 21:55:53,2018-02-26 16:22:41,2018-03-08,be8538b187992b25bbc4fc3d5966ce8d,2018-02-16
c9dbbd1ca9411200390b157cb42ea79a,10fe5969e9451138c0f393cf702f8495,delivered,2017-05-01 01:18:22,2017-05-01 02:55:20,2017-05-09 13:58:24,2017-05-12 12:23:06,2017-06-01,7118f503fd56b67980229260380b0f2a,2017-05-01
e96945cd2dc4e28e0089daf1c02476db,a5f95b21855ece6f75ed48e39bdba34c,delivered,2018-06-11 16:59:53,2018-06-11 17:20:29,2018-06-12 13:08:00,2018-06-23 11:07:30,2018-07-13,66ad7ed47109246c2c8c9ea0289575d6,2018-06-11
2bedc0d7231e504d0476c606108e7e73,fff93c1da78dafaaa304ff032abc6205,delivered,2018-06-13 01:57:22,2018-06-13 02:59:41,2018-06-18 14:01:00,2018-06-21 11:56:46,2018-07-11,d8dc373219d0f95053c8d65df85a7f1c,2018-06-13
e34bf2727ca40398b3762debb7512787,860ec782e574f57f6896c9ece4df37e6,delivered,2018-05-18 17:27:21,2018-05-19 02:58:55,2018-05-21 15:39:00,2018-05-22 18:12:42,2018-06-01,d2cebb84bc6027b2f388927f20f8e749,2018-05-18
9a769002f689e9dd972f6008d7312ead,aa9615c04bed4291268d1704096f9087,delivered,2017-03-04 20:09:02,2017-03-04 20:23:16,2017-03-08 13:42:06,2017-03-16 12:04:55,2017-03-29,99fb3e8774dea711bbd6f4938c0499e7,2017-03-04
60f2e590036bd3ff5c956e9bcdfe56ac,f4a5dde2323736baeba0f5f2f1aa780f,delivered,2018-05-04 10:44:54,2018-05-04 11:11:44,2018-05-07 11:33:00,2018-05-11 00:05:10,2018-06-01,821ccfc135816e8d0f92f5585737a0dc,2018-05-04
be3e82e85f91b973f1fbc0c75fb1b465,eb16dc79e70959059786731181942922,delivered,2018-07-10 14:51:40,2018-07-10 15:07:12,2018-07-11 15:23:00,2018-07-13 14:42:38,2018-07-19,6935d9d7a84826ccddecdbde0b117a94,2018-07-10
8c49dc4a643a15ef1db44391d2034366,5285c1f9715e25a883d2c74686f13114,delivered,2018-07-27 20:53:08,2018-07-27 21:10:09,2018-07-30 07:55:00,2018-08-03 17:45:54,2018-08-21,3a7eda76f0c7ac59d5d62dac7f3446b8,2018-07-27
0911e1a17247955a0d55f29f3199272b,05410463d02d98f83438d9ab15a0cab1,delivered,2018-02-22 20:29:58,2018-02-22 20:45:35,2018-02-28 23:03:35,2018-03-14 13:14:42,2018-03-21,672cc13f1d8220c6622ba842635301f3,2018-02-22
1f2d748b450582951d24a89c0e2fa4d4,63070e4e96e9d1d514fa14fe39ff5ded,delivered,2017-11-24 13:28:36,2017-11-25 06:31:34,2017-11-28 17:54:00,2017-12-09 15:24:47,2018-01-04,bca5c3beca846fabb85a0b4e7d68c3fb,2017-11-24
b0707b7956935b194cfa319dc1501d96,356788ba3ba9a9080367ee0d4e63848e,delivered,2018-03-22 00:13:15,2018-03-23 14:29:07,2018-03-27 01:18:55,2018-04-03 12:51:46,2018-04-12,39283d5cd669249b93b007f11d2a6e53,2018-03-22
93a5d882408bb90dde6eaf5159ac5adb,aa1e905d7034f4bff3e428ebd1c9c16d,delivered,2018-03-09 13:10:22,2018-03-09 13:28:37,2018-03-12 22:36:33,2018-03-23 22:03:48,2018-04-04,b1e68fcf407eb2e590c9fe86ba4525e2,2018-03-09
442c441e8e8588cbf0f462423f7d864b,eacdd50c53863a0addb2f31544628198,delivered,2018-07-09 10:22:48,2018-07-10 04:35:10,2018-07-11 12:30:00,2018-07-12 23:52:55,2018-07-18,b5cd6ee9bec3c631b27d36b38b80c65b,2018-07-09
681fc152c63481373cecdd46e390fe6b,efabb2b271a2d7ced97c99c3cbbe3870,delivered,2017-10-09 16:41:37,2017-10-11 03:35:21,2017-10-13 18:27:30,2017-10-24 20:52:22,2017-10-30,bafc5f1997ceb7c62d72da3e4e43739b,2017-10-09
cd63595a31d3717ff7ea9a0b041104a9,88427d6cb0325a6da3f9a0201a17338c,delivered,2017-01-23 20:46:11,2017-01-23 20:55:17,2017-01-24 11:37:15,2017-04-26 15:36:21,2017-03-02,b6e333234b9abfc51d7e00157d29f8f7,2017-01-23
5bd6d7a2a88f8150d8fa5b7e9158ec7e,8aed5e76471af1470607b27d670075a6,delivered,2017-05-25 15:11:45,2017-05-25 15:25:09,2017-05-26 11:54:09,2017-06-10 09:19:50,2017-06-27,3995ee80edd6d037333599d4da968829,2017-05-25
6fb0ec015d5b4e5f4031a61d1a6e1f64,53841c42d78195b64d7db922c8fc33f7,delivered,2017-11-17 07:40:09,2017-11-17 07:55:20,2017-11-18 15:48:28,2017-11-22 23:56:42,2017-12-06,f61d7cd21e2b34dbeb554f44a6e0eab9,2017-11-17
352c07bd942e2c6def34464d7d84469a,ec88af0313a04a591597b79a08501f2d,delivered,2018-04-08 12:47:49,2018-04-08 13:10:08,2018-04-11 00:14:24,2018-04-11 16:21:26,2018-04-19,9d5e4e0b8d8a62ad31df73c7b1d8e8c4,2018-04-08
3791546188451960cd4606d482b3658e,3761fb97ef1682ad84904bc2fb970b7d,delivered,2018-03-29 11:21:05,2018-03-29 11:30:22,2018-04-02 23:24:44,2018-04-09 18:31:48,2018-04-20,5282994a5378052fe1b82719ff09be75,2018-03-29
fad1e133ca16d525f3b6e2ae6008840e,7076c7f3aecf10b4e928caef589ebd18,delivered,2017-08-15 11:29:19,2017-08-15 11:55:18,2017-08-17 20:10:01,2017-08-23 17:37:53,2017-09-04,9fa409eb1f47eff0279c31d9712eca81,2017-08-15
459a7160018ed718a744f12b450a46c5,313b86166962ce166569a4da31f25a22,delivered,2018-03-30 19:38:26,2018-03-30 19:50:10,2018-04-04 20:10:59,2018-04-20 20:03:34,2018-04-19,ca0005ae6aa017ad083bc46cd0ab452b,2018-03-30
3363886715280209c8fb0bba5cc4ab95,7af6f16370ff07d2d1fbb16b3f23496f,delivered,2017-07-20 12:14:40,2017-07-20 12:30:08,2017-07-22 14:43:25,2017-07-31 20:22:05,2017-08-15,4c268e51eac74a07e98c948281166fe6,2017-07-20
5d848f3d93a493c1c8955e018240e7ca,0e4fdc084a6b9329ed55d62dcd653ccf,shipped,2017-05-15 23:30:03,2017-05-15 23:42:34,2017-05-17 10:42:20,,2017-05-26,8d50f5eadf50201ccdcedfb9e2ac8455,2017-05-15
b30b24f06aaf93a002acff534e7bddff,acc6a0bb583b78406eea9ca0e283ee0e,delivered,2018-01-18 14:04:16,2018-01-19 02:36:59,2018-01-19 20:25:34,2018-01-31 21:12:54,2018-02-02,308640dc7134ef5833a91aa0208643dd,2018-01-18
fb5162f6bb1fae60905bc92d1f1c6e49,3c80d9695c40154d0b7880e506e5f648,delivered,2018-02-05 21:42:18,2018-02-05 21:55:24,2018-02-06 22:54:39,2018-02-20 18:53:27,2018-03-12,53a727d7d348290e7267679b5c6a45b1,2018-02-05
b75ec2d4ba9e40634c65c4b6be946b6c,b84999d47cecf126835a23650ee4ecb8,delivered,2018-08-19 20:04:58,2018-08-20 14:53:37,2018-08-21 10:39:00,2018-08-29 19:18:24,2018-09-05,04efac4a29eec2c5662b65e87291ec38,2018-08-19
3c37c0f0e8a0e6d94c555141221ddc1d,166a0d1044fdcaf47697b34f13079170,invoiced,2017-08-30 21:28:09,2017-08-30 21:44:34,,,2017-09-20,fd11c87c82d566e6f678597b53313a2f,2017-08-30
916c26a4b35875fa3e5237c9abb44c2c,c68ef50ab50bcd3641328ffe3f745771,delivered,2018-04-15 19:15:18,2018-04-15 19:31:14,2018-04-16 17:58:33,2018-04-25 00:59:33,2018-04-27,e6201b5a6b3a2e42a4d3c295e7cb1d5b,2018-04-15
fa5b0745a97bb05ab2f5ce4642a1e16b,ab407bdc2ddec4a08ccb2441648a7c87,delivered,2017-11-27 11:07:44,2017-11-27 11:35:30,2017-11-27 21:24:58,2017-11-30 19:13:39,2017-12-19,151ab282634af790930a7587fba71ba9,2017-11-27
6db52864e566d8d4dd332974496a3c67,fd636f2e6a579b3241357a76b71b88e6,delivered,2018-02-01 17:04:46,2018-02-01 17:16:08,2018-02-05 22:58:32,2018-02-15 15:04:49,2018-02-19,43edb847a2edc6849200624355f20159,2018-02-01
8937c3e485f73f480931feaca88a35cb,ecfea8bfe1a00c6b4bdac9d7524efce3,processing,2017-02-16 19:56:08,2017-02-18 19:50:19,,,2017-03-29,ab0325ea50327c1d7cab7dd30e5c27cb,2017-02-16
00756576f4e494406945ac21cb82cfe0,f51670c66e7e928844fc66261ed1b91b,delivered,2018-01-30 18:08:21,2018-01-31 13:31:57,2018-02-02 16:28:53,2018-02-09 16:23:23,2018-02-23,4ddf25b85103aa90e4e53f275db83285,2018-01-30
6e1199a328a9d52a7f04542ee9092ff1,89ed9f545e7adb16e072d52358423f8c,delivered,2018-05-29 03:34:16,2018-05-31 03:10:21,2018-06-04 15:23:00,2018-06-08 16:35:39,2018-06-29,017fe3adcd1989f1ea8bac1848bd1b94,2018-05-29
fcc8173153ab317f1827da42e62661f6,f0b07dbbb28c0b794c5f937e2a8c34ca,delivered,2018-01-27 19:16:37,2018-01-27 19:30:42,2018-01-29 20:33:29,2018-02-02 17:15:17,2018-02-20,c0098d01acacdf00bb7a673c4ab68c6c,2018-01-27
9014b176a3efa6ac1b06cc50cf2d3fff,b38a443c4aadfa25d901d82ccb308dc5,delivered,2018-08-20 13:03:33,2018-08-20 15:50:24,2018-08-22 14:29:00,2018-08-27 15:37:30,2018-09-13,c095f09aac0d2fa2091eb2a75ef13f3d,2018-08-20
3f606b2bc4208fc4186a5105ccef5197,85e223135c4283c5a41fe1b53b53e9d1,delivered,2017-10-11 09:00:39,2017-10-14 03:27:47,2017-10-16 18:42:02,2017-10-23 15:42:49,2017-11-07,6d9db0096537e655c0d36d1ad4236b5c,2017-10-11
482a3e5009a4090348fe6f7d637a53a4,d49cbdbee1c22fbbc2ac603f3c4f17fb,delivered,2018-03-27 17:42:37,2018-03-27 17:50:20,2018-03-28 23:16:30,2018-04-18 20:13:47,2018-04-23,4c9f7850ecd8952525191c444fe9079a,2018-03-27
674e6f9346c417bc4de022b215ba282b,284e4fc3613d923fe4308e5aa54ce884,delivered,2017-03-13 02:05:23,2017-03-13 02:05:23,2017-03-14 14:03:12,2017-03-15 14:27:39,2017-03-31,5ab40d666d46ca852ca0aae93fbddb92,2017-03-13
8fb8d0916495ed884bf2dc5db9c771ce,b6844d6c3473b97ac44a3ae88e5287e0,delivered,2018-02-23 12:52:13,2018-02-23 13:15:38,2018-03-12 18:26:48,2018-04-09 20:04:58,2018-03-20,4ddc92abbdc3a80df336e9796cae4ddd,2018-02-23
269b7af9855d9f15ae366874df6c3aeb,0efd489ae0fdcbb706013c9b12ece141,delivered,2018-04-21 10:34:31,2018-04-24 18:32:53,2018-04-27 15:02:00,2018-04-30 22:46:20,2018-05-07,4a6306cf071b5cb4be8b3aacf682db8b,2018-04-21
b9de8e8832759dcda0d6543a57db6715,ccec27a960ace5d580c23cdd267a963b,delivered,2017-10-26 12:19:05,2017-10-27 02:55:20,2017-10-27 14:06:10,2017-10-31 16:27:34,2017-11-14,286b32b0c700fe3b21326f14d19c6d21,2017-10-26
b370e2d776f17cc50260493b2ae2d4fb,4bf0d6956d9db8ab89d0ad604226278c,delivered,2018-03-30 20:42:09,2018-03-30 20:55:41,2018-04-02 23:54:34,2018-04-04 19:14:47,2018-04-18,eca61ae704cc5ecddd7a6e558b6f04b1,2018-03-30
8964f4133f8364b5b7e09a6b274751cb,0eedc4b5eb923e6f72de7ef40ee46162,delivered,2018-05-11 16:21:04,2018-05-12 16:15:14,2018-05-14 14:50:00,2018-05-21 15:26:54,2018-05-30,b26283ba08b726d3f3d95afdecfcd0df,2018-05-11
9142a3c29501af1e90aa7eea2a6949b3,a8876ecd91fd22bc8b420c9a4be69955,delivered,2018-03-05 14:54:33,2018-03-05 15:10:31,2018-03-13 18:58:28,2018-04-03 19:41:49,2018-04-04,09d74edf20acb4f9523fb1cf19a18456,2018-03-05
6595ac809d7aefcb6c774733b6fd6055,c5f540feddbbe5117756831cc109b1de,delivered,2017-04-03 10:37:48,2017-04-04 06:35:11,2017-04-05 12:50:21,2017-04-13 17:26:00,2017-05-09,3bdc76a9b822c247122bf22bc27b321d,2017-04-03
d7280c643438b6380bc7b6d9c28fb175,9f7e1eca162ba964a09cb214b05b8497,delivered,2017-08-24 16:49:50,2017-08-24 17:05:18,2017-09-08 15:37:52,2017-09-16 15:13:59,2017-09-20,4edf95cd2dab1f08d1cf3ed2b3d3fa89,2017-08-24
00588f5f20fee630b83d4709e0a42715,b129d989bd1940915efbdc2d239386d3,delivered,2017-08-18 16:02:24,2017-08-19 16:04:45,2017-08-21 21:12:51,2017-08-30 20:43:32,2017-09-29,0b9779c6ddf61db3641edd60f13be109,2017-08-18
26a14aeb2410adbbf74a72c4ef0c8ae3,ab203421bf2878cd5d1361864472bd40,delivered,2017-09-29 19:42:52,2017-09-30 20:11:27,2017-10-03 15:18:08,2017-10-16 06:59:50,2017-11-03,59b822e7c7304dced326064c6971efd7,2017-09-29
9a4c784d443e8cf58374278572c916f9,f97e34e3f886be794716f2748905d78f,delivered,2018-04-11 10:47:05,2018-04-11 11:10:34,2018-04-11 22:37:25,2018-04-12 14:42:48,2018-04-25,e2be554e82e79ccbcc101fe5674f4ce1,2018-04-11
39f9559c0533f3ea56143c01bfdd7d9c,1d61114ff988a568ad5b62da890926ed,delivered,2017-03-07 16:20:35,2017-03-09 02:55:26,2017-03-10 14:12:58,2017-03-24 11:33:13,2017-04-07,05deca1c689c7d6d251146fbe36d37ae,2017-03-07
f5fd5a60ecd5d154ea3e307e70188123,b270579c1935934a8c214895e6086b89,delivered,2018-01-22 22:27:17,2018-01-22 22:37:27,2018-01-24 01:08:51,2018-01-26 17:37:20,2018-02-06,519d2d78b1a1c0e97783c2120def6751,2018-01-22
a013a41ba6127d4d8f594d0340d7627d,3ab0007af7ec055fa75339b04fbb2dce,delivered,2017-08-18 12:02:45,2017-08-19 02:15:26,2017-08-22 19:54:51,2017-08-28 19:48:02,2017-09-13,d185788dcbe6d14a8e7678c10f25bdd7,2017-08-18
7340c729fde93acb80c6932a5b883d73,7b1f7ba982a688da2fa0cc1b56749d8b,delivered,2018-01-17 20:50:24,2018-01-17 21:10:06,2018-01-23 23:25:48,2018-01-26 22:47:38,2018-02-14,ef0af2914d706fea1ae08532ad753362,2018-01-17
e9dfc83e3a97891266e996cc26a388b0,b49b8fc199c7b5e7f87655ef2d542874,delivered,2018-06-27 09:49:43,2018-06-27 11:06:19,2018-06-28 11:57:00,2018-07-05 21:27:10,2018-08-09,0874cecfab8aecc80ae065af07035e5b,2018-06-27
06495b5a6aa3e4527e8c1fb34d47ea70,0e178c8fb4e6772ba156b0b795993c2d,delivered,2018-02-21 00:35:53,2018-02-21 05:15:33,2018-02-22 16:35:38,2018-03-13 22:11:22,2018-03-19,5bed66cb9a3aa15cbc9a686537d69a41,2018-02-21
31ef673f8e35f0cde11a5945a4f7a39d,2eb5baa5fc118975682ae91596bbe78a,delivered,2018-05-15 14:34:25,2018-05-15 14:55:34,2018-05-16 14:00:00,2018-05-22 19:14:38,2018-05-30,90850b1bf110c8d4a9708f3a9c23e767,2018-05-15
1768e7971ac449abce2917f608c8a69f,989b74c3570c64316628830fe692dc3a,unavailable,2017-03-15 13:20:25,2017-03-15 13:20:25,,,2017-04-12,e9d2c30a942b3234199773339073b605,2017-03-15
52267d8c7f4a0227294efd0ef23fcefb,142fa91f4a5dddcf7df5f761f310fd61,unavailable,2018-01-21 13:23:04,2018-01-22 13:50:09,,,2018-02-06,15a361dca06ed33381b50b0eb45ba5ae,2018-01-21
c224c9c2f8598269441c76eca7720448,e1c29e7ed268f22c955322c710a37174,unavailable,2017-11-21 11:34:01,2017-11-21 12:10:08,,,2017-12-12,73dfdbee68e446152015276af9215a3a,2017-11-21
d5a0ba4a296ed948a8c9536f557cedb7,8781dd7a3b1e8a293587b0c07e4e60ec,delivered,2018-02-21 21:21:00,2018-02-21 21:30:23,2018-02-26 14:32:47,2018-03-13 20:14:19,2018-03-19,c8fc84ef3684a5754030bfdca0caf269,2018-02-21
9de066b66e2d360fe874c00becef6a22,88194e67a78e0bd069e3150058fbd5c8,delivered,2018-03-21 11:29:28,2018-03-22 11:35:24,2018-03-24 10:12:03,2018-04-10 20:32:37,2018-04-13,77ebb90986b1927896dd71c40498d3e0,2018-03-21
cd0e3aa0b83f4e50e2bdaaaf840a54ba,b59dbd9094646a60fab69da30b736b1b,delivered,2018-06-06 20:11:02,2018-06-08 03:14:07,2018-06-08 15:14:00,2018-06-10 15:32:55,2018-07-03,66af6d2dfdd573d232f965c65c8e7479,2018-06-06
8ac26cb701a7887cc7c458683408c56a,e8d9522aec46a24f049b2db9f06dff9d,delivered,2017-05-16 15:54:51,2017-05-16 16:05:14,2017-05-17 11:56:57,2017-05-31 11:22:20,2017-06-13,73e19c64ef2951e8dbfcb2c7575d2968,2017-05-16
c4416b46a61a027f858fdc3746644312,db07ec47837ea47b679c7d7bc49a2a67,delivered,2018-07-14 14:13:27,2018-07-14 14:25:15,2018-07-17 14:12:00,2018-07-26 02:06:24,2018-08-08,c8ee6c14198ec8d8c42be8e9f4b121a2,2018-07-14
21eb47858aa7100e94ede112bf5ed1b3,df5e4aab3ffa6952f744401391b14066,delivered,2018-01-01 17:17:13,2018-01-01 17:29:22,2018-01-02 18:48:54,2018-01-09 22:05:51,2018-02-01,4d3dcf327588c638dec11f14126f165f,2018-01-01
ead4c08388cefdf5b94b748b223c7c33,85727ebde1c2a3f68b9ea3f864382dfd,delivered,2018-03-13 20:26:19,2018-03-13 20:49:27,2018-03-14 19:41:43,2018-03-27 20:34:35,2018-04-10,0cbfef2a5a413995fd2caf018c7a26c8,2018-03-13
541ed556b294e1dc5e80fb34a44917d3,3a161bae49880d0ddb3a1e151496d90b,delivered,2018-04-02 10:39:14,2018-04-03 05:49:07,2018-04-04 22:38:43,2018-04-24 21:16:43,2018-04-27,3f74ef65226422546cf47a8de224c41e,2018-04-02
d27f68b7ab23e7d54229e59537c29176,24f24e0a790d2078061f35039cb310fe,delivered,2017-09-06 16:42:32,2017-09-06 16:50:31,2017-09-11 15:04:36,2017-09-15 19:49:44,2017-09-26,3bb6099eaf979b4e713e6f4d228d4e20,2017-09-06
64e31c69d5a163acc2d5c0632001e4eb,33387b0074d1a4017ec034c902bac9b3,delivered,2017-11-27 17:10:53,2017-11-28 03:44:40,2017-12-04 19:52:24,2017-12-18 18:34:10,2017-12-20,4e7b5d628cc3781d7be435f4c0598a55,2017-11-27
364aedfbbc0fa797cdee61d4dc4d2dcb,b9dd2402a49f032e7942c2e126e34f52,delivered,2018-07-18 00:04:57,2018-07-18 00:21:48,2018-07-19 08:51:00,2018-07-24 21:21:27,2018-08-07,352e7a92edcb90485141500a9051d480,2018-07-18
5d4a04483cce0b0e684e25f05919fa89,4c60fe3fdaef95d866f244636f242f2d,delivered,2018-08-21 14:37:10,2018-08-21 15:20:12,2018-08-23 14:09:00,2018-08-27 20:25:02,2018-09-21,f2721c929f255f63e9efb3ca7beab670,2018-08-21
1e31e7d6f842d0b5d1400ed7b6306bf0,59f64902cee384830e287540b58f98cb,delivered,2017-11-19 15:53:23,2017-11-19 16:06:39,2017-11-22 18:12:53,2017-11-24 18:03:54,2017-12-01,ecdc27eb36f4b33a38a4d6f312571d7c,2017-11-19
ffd9fe7f21106081de852f98c6c78dca,6cbf986a2e2aebe93c7f9ec8e598882f,delivered,2017-12-22 01:50:26,2017-12-23 08:09:39,2017-12-27 19:54:47,2018-01-18 23:09:14,2018-02-07,9716043346b7e5f149135aca5f2e8c53,2017-12-22
2b73dbb992c0aa00a2f031c7222d8792,0c8d6bbc798f3be3f8a28272dc070fc7,delivered,2017-07-28 08:26:08,2017-07-28 08:44:14,2017-08-03 18:42:47,2017-08-14 18:49:55,2017-09-08,3de6c8f655bf017ab009aa49ceb9a580,2017-07-28
f315217c0d9146e6018869629c9b4e5f,d174121c7375dfd60e474dca3832eab0,delivered,2017-06-27 11:28:59,2017-06-28 02:23:39,2017-06-28 15:32:58,2017-07-06 16:52:34,2017-07-17,adb8b0fee5a0cb2b9862775f76e5710a,2017-06-27
46305152468c40eab4e76930746d4ab1,0cf6581eab07e09cb466aed8cd26107e,delivered,2018-07-26 10:00:07,2018-07-26 10:10:21,2018-07-26 11:03:00,2018-07-31 17:52:43,2018-08-09,77d9cb30f296c026560aa40dca3b2ea2,2018-07-26
d9f2f547b09a41a6cd964ab5e652f5ca,d88851c561082485bcd890c843893fc8,delivered,2018-03-10 21:15:26,2018-03-10 22:00:30,2018-03-13 22:26:43,2018-03-29 19:54:28,2018-04-05,5d48118feb417eced2c0eeecb3add728,2018-03-10
e18d4eb13f1910fda9a9b86f190ae508,f30a1264b93b55ab92d2a2a202c32ac1,delivered,2017-06-05 12:53:57,2017-06-05 13:05:33,2017-06-09 16:02:27,2017-06-22 14:33:02,2017-06-30,e96db361d135b28d31e61062822c55f8,2017-06-05
353a971e298d36b113bdded48003102d,efcedc1fbcd8066047fc017291654449,delivered,2017-11-25 10:07:27,2017-11-25 10:16:44,2017-12-11 17:29:03,2017-12-19 19:38:46,2017-12-18,394dc24b7c4c8fa4ffbd0d36ddf26477,2017-11-25
5b8ee358a856b984447f8fab66c798cc,573b52edbe089b1124b9ab66535e07d6,delivered,2018-03-21 07:37:57,2018-03-21 07:55:39,2018-03-22 19:09:09,2018-04-12 00:48:31,2018-04-26,8ff1121db7b9b0f299a6547c6cc94a8f,2018-03-21
03b5a8a7f871d2a792f7af458fe13b4a,33f307d7f53585400ed7821b15a43132,delivered,2018-06-10 21:37:36,2018-06-10 21:51:55,2018-06-12 06:47:00,2018-06-18 18:48:24,2018-07-04,e1a10bb61c0b6bf6b7e3c1589ebeb3cf,2018-06-10
6d771a62f8e59777188b20db61acb214,da2468255bbed189389e37ff2b98c534,delivered,2017-10-02 14:57:03,2017-10-02 15:07:16,2017-10-03 15:29:00,2017-10-06 17:05:35,2017-10-30,fe99c37acdbd978fecb62eea4c58f415,2017-10-02
70e6517f1dbbc45684b77b43123539be,6b9dc02c5b16457dfd5325b2fc0e9b04,delivered,2017-06-25 23:10:29,2017-06-25 23:22:52,2017-07-03 11:22:30,2017-07-05 15:22:06,2017-07-18,8fdb30046559b506b2ea1588cdfded0d,2017-06-25
4878c3e81ce858124e902e2ecd97e6de,296294963bbb1fd2276b79361c86b842,delivered,2017-09-27 11:38:11,2017-09-27 11:49:56,2017-09-28 14:56:42,2017-10-06 20:03:05,2017-10-24,6075f491f2b7fa0d6427e88d82994b84,2017-09-27
39d83b95ee59584c2232febd3336f1e5,24562eac37931aaefdc9e16c0bb0a988,delivered,2018-01-15 15:11:37,2018-01-15 15:29:43,2018-01-22 22:17:36,2018-03-03 00:18:43,2018-02-23,9e463686c30a09bb7b14325ec505e5f2,2018-01-15
4dc9ffb13707b820e05c71f5a0ad967f,758700d093b1cfe56f4a4efad94745ab,delivered,2018-06-29 12:32:54,2018-06-29 12:49:51,2018-06-29 14:47:00,2018-07-03 19:58:43,2018-07-17,183a06b47fee04b1d2d497f9e5cd1c35,2018-06-29
c71ea8a5b6871328f8f6fc3998b96e2f,d94318baed6b8508abf89b3056bff788,delivered,2017-07-05 11:00:26,2017-07-05 17:39:25,2017-07-12 19:27:34,2017-07-19 01:57:44,2017-08-08,5fe221ba973f287e6e225e2aab91fc20,2017-07-05
ae2d7541c0bf40bcdf14b7fe20c00eb1,550ca60e4c24ce8ab68308e36d3f9534,delivered,2017-03-30 21:54:12,2017-04-04 06:05:28,2017-04-04 13:37:39,2017-04-18 14:17:35,2017-04-24,d04da6a5381d82179c8fcf7245b2db4e,2017-03-30
ae9d0bf6ee87cd0c5477703af0183e3d,36f9207e4dc61ce2430b37d4e4eebbb2,delivered,2018-02-07 09:24:38,2018-02-07 09:36:06,2018-02-07 19:36:04,2018-02-09 01:29:24,2018-02-23,f1ea905daf5865c01b0ed5eb10cb6266,2018-02-07
bd06f0dd5f59d29468f92ccb45bec510,668f3fa4cc9569a5d45726242e1310b0,delivered,2018-04-11 20:41:25,2018-04-11 20:55:24,2018-04-16 21:03:19,2018-04-24 11:32:10,2018-05-24,54e8fa81d4c5c5c2a4fa177e30573ee2,2018-04-11
f29044e048ba222cad4d3d69dc591186,c86e76efe8eec728f724cda7411de62f,delivered,2017-09-25 11:46:14,2017-09-26 06:33:43,2017-09-29 19:35:36,2017-10-09 23:12:07,2017-10-11,0c8a20624ff92116af35e9a9c7d281b2,2017-09-25
16d353779b7e746727313fe0b83a5cb3,24eafdf1adba85219732e8ec88a8ba3b,delivered,2018-06-13 20:38:23,2018-06-13 21:00:36,2018-06-18 06:34:00,2018-06-27 00:03:58,2018-07-23,c66d58cd01f9383afcbbbefb063d00df,2018-06-13
125e0c61fdbfc589f33683322310b7a9,c9d1fb28967e8e78d71aa54853d56306,delivered,2018-03-14 20:17:01,2018-03-16 03:45:20,2018-03-16 21:58:48,2018-03-27 22:14:35,2018-04-19,0d29728b863178dbaeaa01daabdb6e2d,2018-03-14
15e59b8fd2802ac2c5e6d7571775b661,3afd37d52008fa63a8f8872bd5af223c,delivered,2018-01-09 22:33:08,2018-01-10 10:31:31,2018-01-15 23:44:58,2018-01-22 21:52:51,2018-02-05,509223d253274abd4bf06f3ce46d9a18,2018-01-09
d01395763bb11d18d9482f322715b80d,9f245dbd9c58b9856a0cfd5b2a481a6c,delivered,2018-08-28 12:48:50,2018-08-28 13:04:17,2018-08-28 14:00:00,2018-08-29 15:44:47,2018-08-31,6d338ce1c12a81b0273d0f82bd0a2482,2018-08-28
b4319389e5cab88511c93e1f16e66c69,1e28576b21289ceedbf52b087d19283d,delivered,2018-03-11 19:25:41,2018-03-11 20:00:24,2018-03-14 01:03:29,2018-03-22 20:36:26,2018-03-28,a4bb3649f723083d5870b2f0f209e5d3,2018-03-11
6f2849e42b2d61384f499ab4bc2a5206,a190f4bbd7900a0fc820f0be7cbbded1,delivered,2018-03-20 16:18:39,2018-03-22 02:49:45,2018-03-22 21:20:40,2018-04-05 00:22:44,2018-04-16,325cd8136f7faafac47864d906106957,2018-03-20
bf1f33df43577a77207c702c39eb3056,844bdaca34a0e59b9476ad8f38ff1390,shipped,2017-06-08 16:35:57,2017-06-10 02:50:13,2017-06-12 13:44:14,,2017-07-03,f8b3a5ed96f1fcae64e4cbbe266f744d,2017-06-08
6b79c53cc0f1caf6aa3b3c6729cbaa15,7a59467e76dfe9bcea33647e331d65ad,delivered,2017-08-08 07:54:53,2017-08-08 09:03:01,2017-08-10 21:05:15,2017-08-18 17:10:07,2017-09-06,0a4e89733ec8fd1072bc583fbcabf1ab,2017-08-08
ea1a388e3dfe8c2f47be2bc881a6669b,8dc521d271787249d2b4ee3976db97be,delivered,2017-11-23 12:36:18,2017-11-25 03:34:15,2017-11-27 22:46:06,2017-12-04 16:26:54,2017-12-13,ca912e24085b5425cc01f5c93ea69384,2017-11-23
c9802358e22624de37bfa2d8cee30297,bc71e53f95bc23680e841afa02fbc89b,delivered,2018-06-19 12:55:30,2018-06-19 13:17:18,2018-06-20 08:18:00,2018-06-26 15:03:33,2018-07-12,1a24342603dbcfc1c5be4e2e574f9e9b,2018-06-19
f67dfbaeb6d5c6188f0aa52aa1634a7e,75ca64dc8e37ef74840b9c5975c29fb7,delivered,2017-03-23 16:39:19,2017-03-23 16:50:13,2017-03-28 11:22:53,2017-04-04 16:03:46,2017-04-25,669e44130af1f9e6d3523ab852672374,2017-03-23
b8f158c49d2b09fe06025a4c5dc346f7,e282126399eecb8506f61840a0d65c15,delivered,2017-08-02 00:24:21,2017-08-02 00:35:17,2017-08-02 20:17:45,2017-08-04 20:42:04,2017-08-17,fe171b73cfaddd2f6f9645121662da32,2017-08-02
a3f9e137835e6b213ac38b80947c3b90,60cc47aa348aa7237977740f6db71057,delivered,2018-01-07 17:21:29,2018-01-09 07:16:59,2018-01-11 00:48:52,2018-01-21 17:55:36,2018-02-08,b7d6cc6acda26ace0cfbf1727019cc8f,2018-01-07
8f0d1e4aff4a184fed56a36ae1d48e9b,708fd6d10a6802bf7407c946fe20a5b8,delivered,2018-03-30 18:57:24,2018-04-03 05:10:32,2018-04-03 17:04:56,2018-04-10 19:26:54,2018-04-25,3673c4a5f32f52ba698145f2988c81d6,2018-03-30
6675422f9d49e8525401bd2a643110b5,35aea88511c8610032abd3dfe755d0d1,delivered,2018-03-06 02:22:18,2018-03-07 02:48:43,2018-03-08 10:38:41,2018-03-16 13:28:28,2018-04-20,74f0427e52512352038c95d8a42febcf,2018-03-06
a068308d72bb8cf6b6b7815a3ee3840c,7765de07b0b2a50bb229b89784efbaff,delivered,2017-10-01 13:44:24,2017-10-03 10:07:22,2017-10-04 13:23:08,2017-10-16 21:34:56,2017-10-25,c04d78d81609c82ce63d5bc6043c22d8,2017-10-01
a251319d5dfbffe418e41459c227743f,0aad653c95d2d993aebe800c60a35558,delivered,2017-06-24 13:24:53,2017-06-27 04:15:27,2017-06-27 15:46:34,2017-07-13 19:16:28,2017-07-20,31380ad989067d1aac622b1eeadeabf4,2017-06-24
8fc8761fcdb6ded41323d2a484136e63,6898bdb434c7284e6a029910a073f542,delivered,2018-02-24 17:03:27,2018-02-24 17:15:29,2018-02-27 17:48:34,2018-04-05 18:31:43,2018-03-20,5b4eb8626edac3e9ae435dd925858107,2018-02-24
f915ed1f1575306e94ead41f9a2a5750,d972f8b63011e306f832b2eab57f0aa7,delivered,2018-04-22 18:10:48,2018-04-24 18:58:35,2018-04-25 00:56:51,2018-04-26 01:08:45,2018-05-08,a5ebba086297998bd705caf8214e751f,2018-04-22
d4cb1c0045dd65ebfe15e14c4d083281,71e0415715725a3be02b81d1d5222275,delivered,2018-06-17 21:29:01,2018-06-17 21:53:38,2018-06-18 10:06:00,2018-06-20 20:21:15,2018-07-24,de0e500b351bad70dab81e9d3812c1cd,2018-06-17
8365af41fac1717b66572b10b9c060c3,147a1a4a05130bcd2cc5bfccf54c753c,delivered,2017-11-26 18:01:18,2017-11-26 18:13:08,2017-11-29 13:26:43,2017-12-02 12:53:07,2017-12-19,fd500906cf74a37f7c4c62e41abbd022,2017-11-26
2922d9dd6672241cb658a40bf507e4b1,6b75995c62a24fe0ecf2ba831c454632,canceled,2018-07-11 09:55:49,2018-07-11 10:06:23,,,2018-07-25,3d0daef0dee218b1d11cb7972bf6a445,2018-07-11
b87cca02954de7fab0d5546843c56acb,3d8fef1c581a354a31b4b73eacb08b76,delivered,2018-01-25 00:08:19,2018-01-26 03:16:00,2018-01-26 17:49:07,2018-02-05 20:08:47,2018-02-22,1b1329dcb1b4fdbd4bf06c4a71fad0f4,2018-01-25
064c5d7833bce7bb4c9bff1302ac9d0a,a747a8896b60b5b62650776b82fac7d6,delivered,2018-02-26 20:57:39,2018-02-26 21:15:30,2018-02-27 23:33:14,2018-03-23 19:54:53,2018-03-19,5b8a91824cfd2e0cf24bf25307921983,2018-02-26
5be6381ed661b90ec9f7cfe2b7042955,47b596278938b9bdd07332f6b9e76810,delivered,2018-01-25 16:16:42,2018-01-25 16:34:55,2018-01-26 18:08:50,2018-02-06 14:47:53,2018-02-21,f3081469e7bac3750ac520b82290b7af,2018-01-25
f05fbff4a434f4d0c1e09000bf45f06f,dc707154393bfd176a45a7bdd7e496a0,unavailable,2017-06-10 12:33:10,2017-06-10 13:02:14,,,2017-07-07,4e67cc12e03d84ff4d5d51d246135778,2017-06-10
4dbca7341b34925d752e66dacb9bbae7,e180cb22c10859744b78296e8c461503,delivered,2017-08-15 17:34:00,2017-08-15 19:05:09,2017-08-22 20:44:45,2017-09-01 18:53:40,2017-09-06,6e70b482acf25024013c41ea286e9f53,2017-08-15
46081612169925ef8882b3bbf1c5011d,75ed40e82dfc05de3c82d79a73f4b48e,delivered,2017-01-23 08:35:27,2017-01-23 08:50:09,2017-01-23 13:45:25,2017-01-27 14:27:51,2017-02-28,9eb6958dbab7b4136d22e411cfa8ff03,2017-01-23
61b7f07d71e7fc1c7c14ee1bee152cff,aa9ed9bf93a60424f38411623fec1c96,delivered,2018-01-27 19:07:54,2018-01-30 05:31:37,2018-01-30 22:53:55,2018-02-09 01:26:33,2018-02-22,0a9dbce81a1bed323b0a5d499e5b6bf2,2018-01-27
e8be4ed828717563c5a78ad96ba1bc7b,770a4dcf5b37e7a43be3fe5ebbfe4275,delivered,2017-05-29 15:51:23,2017-05-30 15:55:21,2017-05-31 16:07:50,2017-06-06 15:08:36,2017-06-26,4c112bdeac93a04155c340b65b35c232,2017-05-29
851a1bb94704004cc93ad2edd7f6454c,717ed3929ad72154e69181f419c24cfe,delivered,2017-04-04 22:29:47,2017-04-05 07:50:12,2017-04-05 14:27:35,2017-04-18 12:24:12,2017-05-09,8d60a4803f5cf4a4275d5b69009e0e4b,2017-04-04
247ba9f6a94558776b1ccd2d59ce8cb0,cca9827c1bf2a5adfc9f187794c67b4e,delivered,2017-09-18 12:45:29,2017-09-18 12:55:23,2017-09-19 14:47:32,2017-09-20 20:09:15,2017-09-28,efc6c92c49e75f4f1615e905395d724b,2017-09-18
9ffdb44f6b79111e57d86b61146fba23,4ae146b62393e6b565cbc8d6cc149233,delivered,2018-06-09 15:42:39,2018-06-12 05:16:04,2018-06-14 08:20:00,2018-06-21 00:16:40,2018-07-17,7c94d323d2188159253000480f1a4839,2018-06-09
b340bad398af7decf0274add863baa06,0d03a578cc1b3e2eb801d7a01ed817f8,delivered,2018-02-19 16:05:56,2018-02-19 17:46:58,2018-02-22 15:57:44,2018-03-07 20:12:30,2018-03-16,244bcc94df0a2f24a77a6a3f52948b2b,2018-02-19
8c535ee262be59eb38411054b7365ca2,44336344f22fb3c2aa05af1ec8d6a3cc,delivered,2017-12-04 22:26:52,2017-12-05 10:30:42,2017-12-11 19:28:24,2017-12-26 18:28:44,2018-01-02,a4e36f547a69bcc6fcdcbc9135f7cc00,2017-12-04
1362f8eb7b8f4e07b852a57afc251381,f5e6adb8cfb566e12ea544f1db2d8568,delivered,2018-07-23 14:22:06,2018-07-28 23:31:12,2018-07-24 13:17:00,2018-08-03 18:26:48,2018-08-10,6d2e48142a6bf4ba1595c11fcf2e55bb,2018-07-23
c27815f7e3dd0b926b58552628481575,f85e9ec0719b16dc4dd0edd438793553,delivered,2017-03-15 23:23:17,2017-03-15 23:23:17,2017-03-21 14:50:25,2017-09-19 17:14:25,2017-04-10,e7834c7e017fb854ac65189a66c33132,2017-03-15
7bf074a71da84423b09ada4ec2932bf1,cc85156409f039e8b29255545a690c64,delivered,2017-09-27 18:24:36,2017-09-27 18:35:15,2017-09-28 19:17:04,2017-10-09 20:37:52,2017-10-19,784d4661e51b219aac73d3faf0bc3e5c,2017-09-27
7e093cfcd0f2a3b150e15125356fc4d3,87070d5708d689fec076a187eff93a3a,delivered,2018-06-22 13:22:45,2018-06-22 13:40:23,2018-06-22 16:27:00,2018-06-26 15:18:23,2018-07-13,582aa83403a824ebc67ad4b09a468a16,2018-06-22
b0f57536fcde0c4422cea71a465326a5,9f0b4a90663469a66e1b3ccf3d872219,delivered,2017-08-14 09:32:27,2017-08-16 03:25:37,2017-08-22 19:48:08,2017-08-29 18:35:43,2017-09-05,fb4754d02671ec24fe5d4952f8b8ecd0,2017-08-14
20aac17e27ac5fb3ebbf44a26b0e2d3c,1158880cb12ee968e191aef4c23db263,delivered,2018-08-04 20:33:44,2018-08-04 20:44:13,2018-08-09 19:21:00,2018-08-13 22:52:44,2018-08-13,467bf79ce2396e5892760388eae4fcce,2018-08-04
94d2360b6b3afaf6e51fee341b108392,c082bf0b958a8cb21350485333323e64,delivered,2018-08-24 01:02:58,2018-08-24 01:15:06,2018-08-24 19:37:00,2018-08-27 19:04:53,2018-08-29,b63033d18261a6c1cb8ea51b7657dcb0,2018-08-24
9e766b8cbac373f4795d99c05f57514c,e46281bc93a3e0a5e9043f4a19dd541c,delivered,2018-07-08 19:40:11,2018-07-08 19:50:14,2018-07-10 14:54:00,2018-07-19 20:58:45,2018-08-06,ab63cccdc1367499b533e102cc9631d5,2018-07-08
d142e450e61b3eabff86c13e6a89a720,e0b3f7b124e73c8b50ce6ad2bed45362,delivered,2017-09-08 16:38:15,2017-09-08 17:04:22,2017-09-11 17:46:55,2017-09-18 19:34:53,2017-09-29,31f49e069c399db9c3a0bdf8653e4e8f,2017-09-08
9e488299fb7e4dc6869975e2b3e9302a,d3c91b5f5fcf34f79c9f33ace68885ec,delivered,2018-05-26 12:58:10,2018-05-29 03:31:12,2018-05-29 13:55:00,2018-06-05 00:06:41,2018-06-20,586423d45348f2f72a08f2acac6e944a,2018-05-26
3fbd798d7e8c262456edce32abaee496,4410b688abf3a740eb252990826a8947,delivered,2017-12-05 16:39:36,2017-12-05 16:56:33,2017-12-07 02:32:39,2018-01-30 17:55:58,2017-12-28,7331d360e97a82b65299db5272c3538f,2017-12-05
67c98ded9839fea6b6482d1341517e40,f1158dfc03fcc951fea8e36d36836075,delivered,2017-03-07 11:22:42,2017-03-08 03:15:17,2017-03-10 09:41:02,2017-03-16 12:13:24,2017-03-28,72450dc4ac669cfa92d31b4ea583b492,2017-03-07
0fdc02a3d7f09a9d90181a8e4043aa28,a30fa291a66b4f39e49ba45680963d70,delivered,2018-06-13 16:36:37,2018-06-13 17:01:03,2018-06-14 14:17:00,2018-06-19 20:56:47,2018-07-03,ab88f23ceb6bce39c8bc063d48ee0d33,2018-06-13
66aa339665e1726ddd709618f3caf4ef,993de6c21217afef023f242f7ea8594d,delivered,2017-12-07 10:38:27,2017-12-12 03:49:37,2017-12-13 17:43:46,2017-12-14 16:03:27,2017-12-26,2d814752d2ee9984e22f7d59b8956f96,2017-12-07
21d5a8c3c47b36c7e6a5d06cd1a89087,e147664edb88621979c53f930f56ebd8,delivered,2018-03-05 12:29:08,2018-03-05 13:31:06,2018-03-08 17:21:40,2018-04-04 17:29:42,2018-03-26,4f9abb81a81465dfa9d717f658404d91,2018-03-05
ca82748f931a241022a6d939bf1f4f84,747d99ba78097c3ec1b2ce4287782bc4,delivered,2017-07-06 12:34:08,2017-07-07 02:43:38,2017-07-11 14:06:33,2017-07-19 18:22:12,2017-07-27,7806ddf4e843d92ea2cba1fc2d285eee,2017-07-06
a15d904c9e9cfb9f11a9752fbf1b6a7d,0d878c03ad06e377222d2130fba9dde1,delivered,2018-06-16 23:41:53,2018-06-17 01:38:36,2018-06-18 15:38:00,2018-06-21 20:34:45,2018-07-12,181aaefc598fc400210dd5148f5d0fa7,2018-06-16
c9a088f0077de94d4b7e57e5a234cea8,644b4d8b650172b6275f565595f2adec,delivered,2017-10-21 13:14:59,2017-10-21 13:28:16,2017-10-23 19:15:34,2017-11-16 17:49:53,2017-11-09,ebd180e7bb2c89b98fd2d48d8c2fbdc3,2017-10-21
b621235d09fbfbe88d897969dd240b59,da0b203dc40242d27e707a12c147592e,delivered,2017-11-03 18:43:16,2017-11-04 11:10:49,2017-11-06 20:42:13,2017-11-21 21:09:26,2017-11-23,8c532c86e424b28e85997dd891e26d5d,2017-11-03
12415173366718477ff1dfac106f018b,a08d12b411aff157dad8503f7cc03ace,delivered,2018-03-18 11:20:16,2018-03-19 11:15:10,2018-03-20 20:21:45,2018-03-26 17:36:42,2018-04-05,9b22d6fe1f74d6e1aefec789415ec847,2018-03-18
53b122ab361cdd253c61d8f63bdc2a75,a56944574643fc65a4c8753d9e0c37a7,delivered,2018-05-28 10:55:14,2018-05-28 11:13:46,2018-05-29 12:00:00,2018-06-07 21:13:00,2018-07-03,7459b18f9724a5d3bd27fcd8b60acf50,2018-05-28
a29e1c93ee597410428699bb1e339edb,61eab57728f3ca555e8a55f532169cc8,delivered,2018-06-04 12:08:53,2018-06-04 12:31:15,2018-06-05 14:50:00,2018-06-07 21:17:50,2018-06-28,edacb41488fd3a2f20e311b83848ee79,2018-06-04
dd100f66e45f6ae03f5c78d8edc86f28,f83a65f6e2859f70db7fde4c13ecccf0,delivered,2017-03-06 10:48:09,2017-03-06 11:03:10,2017-03-07 12:37:13,2017-03-13 09:00:08,2017-03-23,ca008329f4962cf9ccfb413e3bd0d9e4,2017-03-06
270876310226d967a79f278abd5eebdb,8aed2b9a0c5e28b55b9c3a70755f9915,delivered,2018-05-21 16:13:52,2018-05-21 17:17:57,2018-05-22 16:24:00,2018-06-04 18:34:43,2018-06-05,7cf246813e2eba78e113376e61eb5c3b,2018-05-21
955edcef18570af09e702de925422860,9c7d82f5c79d496c6427f47690852dee,delivered,2017-05-28 17:17:23,2017-05-28 17:30:19,2017-05-31 09:38:56,2017-06-01 13:17:31,2017-06-09,2091566068d3f2e7d7524403dacb695f,2017-05-28
778d960ed98fe278fca42ee20d002b1f,797b1107c9db6e7610141a5edc125009,delivered,2018-05-03 22:43:17,2018-05-04 16:30:26,2018-05-05 09:30:00,2018-05-09 21:36:44,2018-05-28,fde381fe79993303957d1fcf9cd6bf4a,2018-05-03
7714757e3e3208a4bb46a46e52596c78,dfb7c2c626c94a2991089835ed7c2da7,delivered,2017-10-31 12:34:29,2017-10-31 12:47:12,2017-11-01 20:05:56,2017-11-03 16:38:20,2017-11-09,63a5753519e3e9bceddc74685ee16961,2017-10-31
fc50f8edb8f9c1c84ad90e2af6e09ead,382915ca701de33661aae9578223a270,delivered,2018-03-14 17:13:30,2018-03-14 17:31:59,2018-03-15 23:12:04,2018-03-23 20:33:38,2018-04-02,9bd9ced98d1ee0cb1568b28b85867cc7,2018-03-14
9b36be8204e21a5c4bb5be20c404cc1e,abe671c39e0342ced2419a9348c6ab02,delivered,2018-06-29 19:41:25,2018-06-29 19:50:33,2018-07-04 08:18:00,2018-07-05 20:23:17,2018-07-17,68f2a91c188baba212dc32229260c452,2018-06-29
2a013a00580ed531afdce681a1ef062d,a36ab762d57231e279d1287c8270cb20,delivered,2018-01-26 00:09:45,2018-01-26 00:18:34,2018-01-26 20:52:14,2018-02-01 19:58:50,2018-03-01,2c9b76b4113203e14a84f098fc8f3012,2018-01-26
4b575947c9b0c5a9b7921efc13ef0bc9,6c5ea86f543868fdd90dd6d5e0468b19,delivered,2017-12-10 02:24:40,2017-12-10 02:32:47,2017-12-12 22:23:29,2017-12-19 12:57:38,2018-01-04,ea05fe42f6f8f29b3ae0500fc0381120,2017-12-10
152066afaaba08a8a38cb198f0b9b38a,39c480182a451e2c8dde999297ec5c8e,delivered,2017-07-29 22:32:22,2017-08-02 08:32:35,2017-08-02 19:22:41,2017-08-08 20:45:35,2017-08-23,bbdfd334d046bdab4197ad981a5fd420,2017-07-29
5486a5d84a1d6dcc94887f6f2821a4be,f83e78a46acb1871c42071b5d46f0301,delivered,2018-06-28 13:24:50,2018-06-28 13:50:42,2018-06-29 16:32:00,2018-07-06 01:58:41,2018-07-18,f94096f64929f1472a2d1f2797f9fd64,2018-06-28
f03434727c9a50ca23feaf58ce218aa7,8d454cd9156c615d96487be84f3b0d0a,delivered,2018-08-18 16:37:58,2018-08-21 04:29:47,2018-08-21 08:59:00,2018-08-29 19:08:35,2018-09-20,0507295d1e325fff6a062f91206d5efb,2018-08-18
ef7a5dc729f1b870d114de326d4ab611,47c13b7b660f139c663f025db04ab57c,delivered,2017-09-29 13:14:55,2017-09-29 13:28:11,2017-09-29 20:36:01,2017-10-06 19:48:57,2017-10-27,1af02f868fedbf83459c5c0603aa026b,2017-09-29
bda3c40c66117ac3211d4934f4a43ec6,1f7b6a50b303ed3ba8d54c2c87f2b683,delivered,2018-07-30 21:46:21,2018-07-30 22:04:34,2018-08-09 10:16:00,2018-08-10 21:53:31,2018-08-10,c92ef88d3d24fe868f2f1807259faa20,2018-07-30
de8f4a82099fe4fa6bcb8952ca51420f,13db9c37d449305364a897e44f479406,delivered,2016-10-10 16:00:30,2016-10-10 16:43:18,2016-10-14 16:43:19,2016-10-17 17:43:19,2016-12-14,746c7bded4ed70487bf7d6461e9f855a,2016-10-10
edffd79fe16d90ba3f6a8919eb3d7b3f,7684bee1eb8361fd02f8ecae26e4d149,delivered,2017-05-07 00:33:52,2017-05-07 01:25:23,2017-05-10 14:09:11,2017-05-18 11:11:50,2017-06-09,b1b4ff54de506a5d050614d9884e47f5,2017-05-07
dcfa642110e1838bd3bf2fb2fbe12042,2efff784e71058a57af1b1606a9c60ca,delivered,2017-12-17 11:22:07,2017-12-17 11:35:29,2017-12-21 19:40:34,2017-12-28 23:48:48,2018-01-22,b374d151d7be7c918c7feda520304a18,2017-12-17
c302cf694cfc7a418d97e46fbf49bebf,363c2e47fb53ec36998ad4b232a12952,delivered,2017-12-28 09:35:58,2017-12-29 02:09:27,2017-12-29 17:57:09,2018-01-08 21:42:09,2018-01-31,8a608527884b368073a4f2040ec0b3f0,2017-12-28
af6e14687f41b409fdde4f1998ec6e8d,08883c45fc07e8e4a16ebe31915fb463,delivered,2018-03-20 21:34:37,2018-03-20 21:48:47,2018-03-21 21:14:32,2018-03-28 22:34:42,2018-04-06,6a4c10be59a54aaf8ba728b8bc8dafcb,2018-03-20
5014c656e42bfdde371e00923238763f,5271dbf2466ac47f5a7cf3d845a46d1c,delivered,2017-04-26 09:39:23,2017-04-26 09:50:19,2017-04-28 12:29:37,2017-05-10 14:59:49,2017-05-17,a09cbb7e4a26757aa3df0191bf48b0ae,2017-04-26
42fa07019d8252444a920c348dc8b011,2939a5df4e8439863d6ef160fdd53295,delivered,2017-07-17 14:27:43,2017-07-18 07:10:11,2017-07-20 12:46:37,2017-07-21 18:21:26,2017-07-28,98127c719e42b8d7a589415d6649b0d8,2017-07-17
bfdb5bbb06458d600a33d61f5f287472,d82885c55f16d6d73b6cacd3f87bc852,delivered,2018-02-04 21:08:05,2018-02-04 21:29:24,2018-02-07 21:58:31,2018-02-22 21:23:28,2018-03-08,1502940793e8b3ff32e7bd4b231b0eef,2018-02-04
891aa648b48d27ce10d74e86d312d411,ba9a9f680e0ce9c248e43df637331ff6,delivered,2017-03-30 19:40:29,2017-03-30 19:50:18,2017-03-31 22:06:32,2017-04-12 15:58:08,2017-04-27,ca562cb49587d9c745d475756eb48dd9,2017-03-30
2c688788cf900283017516f05f50ebb7,32d28319e13266b3b88962cd06845ce6,delivered,2018-03-07 20:26:34,2018-03-07 20:35:36,2018-03-08 22:44:36,2018-03-29 18:43:25,2018-03-28,e3839dc99461bc42b5b169c5db72234e,2018-03-07
10ac5d510cf3a86b9f09342e46c3972d,230fdfccdddfcac16f118146a33a7030,delivered,2018-01-30 17:08:30,2018-01-31 17:13:40,2018-02-01 18:48:49,2018-02-15 18:48:00,2018-02-21,f0ac9678f480dae8631a720e2a8594e2,2018-01-30
faec57243cbdefccdabf032fc0bea9fc,6ed87d23528cc70b873dec58ff082130,delivered,2018-08-20 00:59:32,2018-08-20 14:52:14,2018-08-20 15:13:00,2018-08-21 17:09:01,2018-08-23,5e452c7100eb681c1ae6cd5662f1d153,2018-08-20
ebe76afae9242fc70b0b807b78f17adb,0088395699ea0fcd459bfbef084997db,delivered,2017-04-02 16:33:30,2017-04-02 16:42:25,2017-04-10 10:14:32,2017-04-20 09:33:20,2017-05-11,ffe254cc039740e17dd15a5305035928,2017-04-02
ef0f71fb2f7a2abd24c7b7dd78907ea7,7a8ae8a8e70473d717c2b2824819cd81,delivered,2017-10-09 04:34:38,2017-10-11 03:26:56,2017-10-19 18:03:27,2017-10-26 22:17:51,2017-11-08,cd8782f8a96057ffeaf64346402e7ce3,2017-10-09
4c3428283da9b354465abf10f72f556e,887363c85fcb5853fd68ed73182e12e2,delivered,2018-02-07 09:16:50,2018-02-07 09:31:33,2018-02-16 01:15:06,2018-02-27 21:24:58,2018-03-07,0efe8edcbf297127eb1a192bb91895c7,2018-02-07
5af72703d4208ea6a92351eb9806b4de,c2d787ac1420a26188569cf4f106af00,delivered,2017-08-16 21:04:24,2017-08-16 22:05:16,2017-08-18 20:14:53,2017-08-28 20:54:25,2017-09-05,5c3d648e2bbe2a68d3849bc5fd58b29e,2017-08-16
ee853ac1586ba81c396f4612daa1553f,7f3fc39c83759723562a0fa24e20622a,delivered,2018-01-12 10:14:30,2018-01-12 10:28:28,2018-01-15 13:56:56,2018-01-17 18:48:44,2018-02-14,4b1141303289a23d05776bd25076c2fd,2018-01-12
3fd1f1349635cb4c9b1f43de5594396e,cac8a50eab2329acd08644589cc1d5e5,delivered,2017-09-21 14:30:27,2017-09-21 14:44:47,2017-09-25 19:17:55,2017-09-27 18:11:53,2017-10-13,3f7486480ac9eef5ee7c5a9efe95276b,2017-09-21
3d3742a96f24a8fe4e2e57628807e476,b0e2c3d5cc9ecbf6a89693a15231ac7e,shipped,2017-04-16 06:31:07,2017-04-16 06:41:44,2017-04-17 12:07:41,,2017-05-12,0af334fc660bfc9c75109752cc8271d7,2017-04-16
f9d6c377e994e4333aab8559b9e850ed,b6e915dcd48c619d48981084cc4714c3,delivered,2018-07-14 12:08:36,2018-07-14 12:24:00,2018-07-16 14:29:00,2018-07-23 18:54:53,2018-08-14,6a075bbe12b0074149a8a7255362cd20,2018-07-14
70e54926c72b6a695f5b3421573b2c29,8f0c80240f693b7d3f30eb8e221bc6b7,delivered,2018-04-24 16:08:28,2018-04-24 19:03:57,2018-05-09 09:01:00,2018-05-14 18:03:09,2018-05-25,4cc3a1902b27b866d2007af256cce7fc,2018-04-24
65492cb556d99eb900c65a4ff79fd3c4,822f09a9859163e0f042c9fb35a02b19,delivered,2018-01-28 17:39:53,2018-01-28 17:59:13,2018-01-30 01:53:02,2018-01-30 16:47:48,2018-02-14,66ed3e8bba029bbabd67074340383f51,2018-01-28
486b47061ec8cb9d23cda4e69b20ecd2,4234f4ff08ef9e6f7e21d148e78e0bba,delivered,2017-07-31 22:02:13,2017-07-31 23:45:16,2017-08-01 17:53:18,2017-08-04 11:13:12,2017-08-24,054be8b55006d12284f472ba757c901e,2017-07-31
ea478babcce555886b89e947325ceb48,2ea4a2c9681e6c070611eab34c72d057,delivered,2018-08-11 11:01:07,2018-08-11 11:15:11,2018-08-13 13:18:00,2018-08-17 16:52:32,2018-08-23,0d508bb21cf7b5d51c46382a21bf379f,2018-08-11
9feb8a417a078949bf56e26f46bae06d,ffc52ce4f752d2649340c2fe10752d2e,delivered,2017-06-24 19:43:16,2017-06-26 11:10:29,2017-07-13 13:59:38,2017-07-25 22:25:51,2017-07-18,3333bb0d65f881de5be7165ada9867d1,2017-06-24
e79e9586e0286172870edc4c3f428966,f27266fe6e92b04127153535e6234636,delivered,2018-04-05 19:38:13,2018-04-05 19:50:18,2018-04-06 22:56:36,2018-04-18 22:51:30,2018-05-04,b4b7d5423b305f1f12a55eba32b39e10,2018-04-05
596761153565279406f3f9ee6ee947e2,b06cfc8fc756e56db7d7e8d374883b00,delivered,2018-03-24 07:27:11,2018-03-24 12:00:47,2018-03-27 20:12:40,2018-04-02 22:23:05,2018-04-13,258710aba24419c870194541184aa6a7,2018-03-24
862865039fe88f34031da2b55a3ebc7b,7fbdfd670d84fa1cc0a77adccf8c4f2a,delivered,2018-03-22 20:08:38,2018-03-22 20:28:21,2018-03-23 18:58:35,2018-04-11 21:45:33,2018-04-18,4c2e74b2e9dc74ed0c70eab44e02e11c,2018-03-22
e72f2609834d85254ae5c812097a437e,a45582c0ba251755a37d0f41a590b7a8,delivered,2017-08-11 08:48:50,2017-08-11 09:03:58,2017-08-11 19:14:20,2017-08-24 20:20:02,2017-09-15,f2e2d618020e22afab29148d1443016d,2017-08-11
59de12363514fbd1aca1eeb1b39816a8,bf4ed9934192b87c282aa83cfc3b831c,delivered,2017-08-23 16:58:21,2017-08-23 17:32:47,2017-08-24 20:48:06,2017-09-06 21:25:53,2017-09-27,18c240054ce3633cfaba4647aadce744,2017-08-23
4fd76322a41e4921f6a46978633a8011,f14f9d6981d8a92cb5376adc1e1eea49,delivered,2018-02-25 15:46:03,2018-02-25 16:08:08,2018-03-01 21:44:49,2018-03-16 20:38:39,2018-04-11,0b9485d1b170c7f8da17f8d2b0228d2f,2018-02-25
1c8e780f8b1bf3054b7f2be02ea4bce4,ba23b3d74e061865d0c30fdbad7ee501,delivered,2018-06-18 07:30:34,2018-06-18 07:51:53,2018-06-18 12:28:00,2018-06-20 00:14:42,2018-06-28,1da5dd752a84dafc9fbabf624c53fb94,2018-06-18
be79bec4cf283fa33ea0da903f3ca6ab,8a99d729c6cf610badf63e5bbf1f7b21,delivered,2017-10-26 19:56:56,2017-10-26 20:06:42,2017-10-27 20:07:25,2017-11-06 14:14:53,2017-11-28,45ef3db0d020143d8cb7cb75df16ac73,2017-10-26
aa4a7de098f44e8ab3764edd1e82f34c,2c413ac8eded2e9d75ec57a12edccce3,delivered,2017-07-24 17:28:51,2017-07-25 03:35:40,2017-07-28 18:53:01,2017-08-01 16:07:49,2017-08-04,93ea5fbfe27b3fb34c4d1da67207f727,2017-07-24
578edeaef53420e1e319b2485b95be30,fdcace958128bcaafb2fa7b9077b7f10,delivered,2018-05-12 11:42:27,2018-05-15 04:15:24,2018-05-15 15:33:00,2018-06-05 20:37:50,2018-06-08,177c97a1af7a77f5d6d36c0fd6021132,2018-05-12
5c7cd811e61b95684de8c9416aa236ce,215e8a070bc201ed868c5e7990191e54,delivered,2018-08-03 14:04:27,2018-08-03 14:15:14,2018-08-06 13:27:00,2018-08-15 18:16:51,2018-08-17,4bf859da8228b3eca66a7ecf383c9ac7,2018-08-03
ddbee74a2a5acaf9c9c17fb5671e13a9,c77dedc3c3a28926c79150de11a1d2f0,delivered,2018-08-19 15:27:35,2018-08-20 12:11:38,2018-08-22 13:33:00,2018-08-27 14:52:36,2018-09-12,5f32e35f44f6b94899759d719822b6c8,2018-08-19
554edf0d1c973fcec00cf16c0b6ed896,35cde6d465303cfec038ae1ee3974089,delivered,2018-02-20 16:06:05,2018-02-20 17:20:28,2018-02-21 20:52:41,2018-02-22 13:23:26,2018-03-06,d75841248e0e051a1fce7cc8126b4c1c,2018-02-20
9b3aaef8e7908ab350a9de73399ca846,5f231ae5c17f8283b13cf14227484538,delivered,2018-06-07 15:30:46,2018-06-07 16:00:02,2018-06-08 10:33:00,2018-06-10 14:24:43,2018-06-25,940ff936326b39542022f3a448c4bdcb,2018-06-07
242a0801712ac98aba33d3db88344ae0,9dc8bd747d598a1a747e3a5feba7d580,delivered,2018-07-23 15:26:11,2018-07-23 16:00:47,2018-07-24 09:14:00,2018-08-13 21:38:27,2018-08-20,6f8082b8f7365a98f3594867c2ae993b,2018-07-23
d143998543196dbe5c5bf1af62a5edbf,d1bdfb50d2f35e41136fa78e48497079,delivered,2018-01-10 23:53:52,2018-01-13 13:33:32,2018-01-17 20:47:04,2018-01-22 19:49:14,2018-01-31,985e1a47bfadc4c7983b11883b6bb441,2018-01-10
60b570df9018c6b6441017314a2dd081,dd3f1762eb601f41c5e289fa08dbc6bf,delivered,2018-07-18 12:59:21,2018-07-19 02:45:20,2018-08-07 17:17:00,2018-08-10 21:38:34,2018-08-31,96e91c0dba30f7ff60c9acd47677c248,2018-07-18
6b1c7130d5aac7f42b53755af58fe82a,7a5af48bab8a9cd08b729db964a4f8f3,delivered,2018-07-25 10:49:06,2018-07-25 11:04:50,2018-07-26 11:35:00,2018-08-08 21:13:28,2018-08-16,5da6e0ea4957aadbca5906b6c6173a7e,2018-07-25
7b7fe8c6f46917f4ade39f8aaa0d02ef,5cc1c9ac89cd78e5706b1a1a67a5313b,delivered,2018-03-19 11:31:57,2018-03-19 11:49:05,2018-03-26 21:42:23,2018-03-29 01:02:16,2018-03-29,17fe6b19265f94904d96308bef848df4,2018-03-19
74040cd9562ffaf774035a7eeb2c6327,ab5ff7cc145e092e440389dea069782b,delivered,2017-10-31 18:37:48,2017-10-31 18:55:12,2017-11-06 21:54:35,2017-11-16 22:38:47,2017-11-16,4ce12e6b673b72ff2cc5eaaaf0f4f0c7,2017-10-31
a1dc31acde1a4fdecc6147fb567ebc1e,76787c26641560eca7b7b6310e09f752,delivered,2017-05-19 18:58:48,2017-05-19 19:15:28,2017-05-22 17:12:49,2017-05-24 11:55:58,2017-06-08,8e2055281d566229b5926cb77be54f81,2017-05-19
59de7be8730dc1a20caadff4c7686027,dee56a25bd696b423bc0fa9bc1d1a8f8,delivered,2017-04-07 13:50:54,2017-04-07 14:05:16,2017-04-07 14:54:22,2017-04-18 11:38:06,2017-05-10,4e6796ce9e6321fce87648e8bbdd520b,2017-04-07
19ff76df4c7c512642f1b4793fda7ed6,3c5f67b7722c4637a5936ce33966594a,delivered,2017-06-27 10:42:16,2017-06-28 02:23:37,2017-06-28 14:37:51,2017-07-03 15:05:44,2017-07-17,0a8c1a60ccdf040e8ef6b5cebb8e6f3c,2017-06-27
3f7ebb725c26e1202db88d0b88462fc6,15eb96a41ee95091da6ca732746cd6c4,delivered,2018-04-08 08:23:47,2018-04-08 08:35:18,2018-04-20 14:36:44,2018-05-10 15:08:31,2018-05-18,9cb2c1708f3857b57ec24bdf212059df,2018-04-08
37956c8c2b061c4a39b146aac4a9077d,1245c5bc6e72ca725a9e4a021ff4ffff,delivered,2017-05-29 17:35:14,2017-05-29 17:45:17,2017-06-01 07:07:32,2017-06-07 14:50:15,2017-06-09,51ce134e1e8a52e2db0ed962173a844c,2017-05-29
f6b803d15fa58d6e0409ce0cda40121b,5d70320029286b786d50336af0fc26b7,delivered,2018-01-13 11:16:04,2018-01-13 11:29:23,2018-01-18 21:48:50,2018-01-22 15:18:47,2018-01-30,115ea2edb390500f3e6110d8ba288d41,2018-01-13
11d583b90a9032858521c21a83ae2128,8fa588537d3c2dc83712c26fbb9c58be,delivered,2017-04-13 12:05:15,2017-04-14 13:01:54,2017-04-18 12:23:27,2017-05-09 09:17:59,2017-05-19,d532bfb55840f19fc6ee2d089254c037,2017-04-13
7aa7d4fb7e95700145b7cabd86b1dc93,b02da23939473035247493e441118d56,delivered,2017-10-04 13:49:14,2017-10-05 02:49:24,2017-10-06 20:53:52,2017-10-21 15:16:55,2017-10-27,165b35b18144852e474ba63cc621060f,2017-10-04
f53b2ca622ef467612d1f38ba5e6f86f,5980c373bec269238b18136eb1675900,delivered,2018-04-21 14:43:26,2018-04-24 18:25:22,2018-04-23 20:07:56,2018-05-03 21:08:38,2018-05-28,ab2b514cd24a5789aa175e9f133087c4,2018-04-21
99a18b057d4dd4778d6f3a33ba498777,e5935642ca2560fa7b1591c18d6876ec,delivered,2018-08-06 11:11:35,2018-08-06 11:24:37,2018-08-06 14:52:00,2018-08-07 19:28:39,2018-08-09,859e3cbfe63e855467fb316b30267188,2018-08-06
8dfd2f309199e15f134c15b2a795026b,42f1c1df53d915805a195830bf82a1b9,delivered,2017-04-29 19:31:07,2017-04-29 19:42:58,2017-05-02 10:34:47,2017-05-08 10:25:38,2017-05-23,2d41142e093ad573a73f96ae4e0f8ead,2017-04-29
1e3068cb06f3020bc34aac3144c24300,90fc1fd439771609e89a232b462fd956,delivered,2017-12-28 22:10:13,2017-12-28 22:21:19,2018-01-02 16:04:59,2018-01-11 16:23:52,2018-02-02,fe9e22b5f00b48c483db9b65082c1d53,2017-12-28
244232dbaf1d3d08c7e863d28b8ec328,9a8c1956b613fbde47e7e86171a7d5f9,delivered,2018-08-16 12:40:38,2018-08-18 02:49:54,2018-08-20 15:49:00,2018-08-27 19:24:27,2018-09-17,e59a44f1fa1a252ad6aa27c0aa25a195,2018-08-16
a7c7a7efd0001000ffec268b29c694da,5df8304243068e4ec4a00352ad8aa688,delivered,2018-08-13 09:28:09,2018-08-14 04:10:23,2018-08-14 13:37:00,2018-08-24 18:46:46,2018-08-29,f1693bd94b1259ae43d065bfbe796ba9,2018-08-13
00f1cc7439ccb8671133776d1829faf5,5bbefc8139328a291147ac389f226052,delivered,2017-11-22 22:07:04,2017-11-24 03:12:39,2017-11-29 18:33:48,2017-12-01 20:16:37,2017-12-04,ec4d3f58a02a9b6a80fdf59418416b5f,2017-11-22
3a49d7313406b30c459b188495221eb6,249a185c6dd796b0c5d8663c79aca49a,delivered,2017-08-09 23:05:57,2017-08-09 23:24:29,2017-08-10 21:51:52,2017-08-16 19:55:34,2017-08-31,77459e6f170645ffec28f93855b19922,2017-08-09
da690cd4a5deda7317b9ab2565bfb312,66c61e3684210d473a218ab1ccb86d9e,delivered,2018-04-23 13:17:54,2018-04-25 03:35:33,2018-04-25 13:47:00,2018-05-17 12:20:52,2018-05-29,3e94022b44948f7a53ca0d04e28a06c8,2018-04-23
6afee4d1cd8a4356cf91e4d9247824f4,a6fcc239bd32476b7b2ce7f8b7db76c7,delivered,2017-07-16 11:16:17,2017-07-16 12:25:20,2017-07-18 14:03:56,2017-07-26 10:44:40,2017-08-15,ca3e6848ed24732e7b69944ea7b95cf3,2017-07-16
0a6b6d3fb4616f5b647bc8b0b8f69e0d,ec3e951d452fe7bc2a123f2544665c4b,delivered,2017-10-16 10:26:51,2017-10-17 10:35:24,2017-10-18 15:43:15,2017-11-06 15:23:07,2017-11-09,2e039c15a318216150dffbbd9d8afb7e,2017-10-16
a948c6ec1000c00b7ee37c611b9b49e0,e8a06ca27f98293eebc07c477d59558d,delivered,2017-11-24 18:33:51,2017-11-24 21:39:16,2017-11-29 15:03:56,2017-12-13 15:27:10,2017-12-19,0f2320d174a3a7e536636316acfd72ee,2017-11-24
ef58b71f4ad3a17f606417f1737c9d13,0934f70c7f958731db1499c679910b27,delivered,2017-12-21 16:37:41,2017-12-21 16:52:14,2017-12-22 11:51:31,2017-12-26 21:22:32,2018-01-10,398e169e703d45affa9b1acee2d667a5,2017-12-21
f3586031611f21667ec4fdcd6a42c175,f3a29da4a4c37829fc0e73d857faa863,delivered,2017-03-28 21:22:45,2017-03-28 21:30:15,2017-03-29 14:28:06,2017-04-03 11:08:00,2017-04-19,b8a7901168503f5c4f3d785358464905,2017-03-28
e06797dee43db4be30214e472ce94594,f182404e8acc68ac85290af8f010186f,delivered,2018-04-11 21:26:34,2018-04-11 21:51:06,2018-04-12 23:03:30,2018-04-13 14:44:56,2018-04-26,6c118931d1bb1435bbd81d3ae2efbcb2,2018-04-11
d3934d1785c21c97391c71a234a5a3ca,90fba6afe82263e7096cff789a216fa8,delivered,2017-06-19 22:12:23,2017-06-19 22:25:21,2017-06-20 09:03:04,2017-06-28 15:13:55,2017-07-14,93056b9326e069742d38238a4f6b89d9,2017-06-19
a4e90af1c84c4455c7c4c65293ae2c78,f83ebf1a13178e0c7c5c6cee2f411dce,delivered,2017-04-20 11:56:40,2017-04-20 13:05:30,2017-05-02 13:54:14,2017-05-22 15:25:48,2017-05-10,e3301490c373db9263c15a73172d0c6f,2017-04-20
bab0f0b79b3da1f56810300638d94112,ba7104a3bd3187a49b7e2b5f8eb2b1b9,delivered,2018-04-16 21:43:52,2018-04-16 22:32:33,2018-04-17 19:09:34,2018-04-25 18:08:29,2018-05-04,ad909018528c8a8c686020221e8e818d,2018-04-16
f40432ad717d2f328101784226c8af17,72892c89f327bcf5bdbf99b6be13eb5a,delivered,2018-07-14 16:16:01,2018-07-15 16:15:18,2018-07-18 13:34:00,2018-07-24 21:38:41,2018-08-09,301fdbdb88825096a683fcfacac44718,2018-07-14
01b330808c5819a6a3cb79b72f0b8288,c59e8ff99836e90d8b457d4122dc34e9,delivered,2018-03-12 15:22:12,2018-03-12 15:38:46,2018-03-13 16:07:27,2018-05-05 12:38:38,2018-04-04,0005ef4cd20d2893f0d9fbd94d3c0d97,2018-03-12
a87ff224eacb96fb31136e921f9c322d,224a3ccbc09897b81698cdd41095e94d,delivered,2017-04-16 12:18:38,2017-04-16 13:05:17,2017-04-24 11:57:32,2017-05-07 06:41:58,2017-05-10,5001acc859cefd081b938e9ad399f8b6,2017-04-16
593aa81f175c9cfc867c5fe71a508127,0786714cb4a6c2612752d9f00bf1a0fc,delivered,2018-05-22 20:11:55,2018-05-24 02:34:30,2018-05-28 15:39:00,2018-06-05 14:18:45,2018-06-08,3503a5cabea16e73a2c02319240c232b,2018-05-22
1093c8304c7a003280dd34598194913d,5e274e7a0c3809e14aba7ad5aae0d407,delivered,2017-11-16 19:29:02,2017-11-16 19:55:41,2017-11-22 16:46:33,2017-11-27 12:44:36,2017-12-08,57b2a98a409812fe9618067b6b8ebe4f,2017-11-16
5b57194733d4f66438a34574e9055b32,ca4979e5055011077c04d1b9702499b7,delivered,2018-07-17 23:08:18,2018-07-17 23:21:44,2018-07-23 16:06:00,2018-07-27 21:05:30,2018-08-01,76a03efeb938e41c28c9fb57fd252a86,2018-07-17
e9c9ec206dfea33f9613e1cac82f575b,d24d71f630561a1fae69125e435ad612,delivered,2017-06-17 23:04:21,2017-06-17 23:15:07,2017-06-20 00:15:24,2017-06-26 15:08:02,2017-07-07,1cafd5f02196f54ff217148cecc4c3fe,2017-06-17
9c9d1799a0c105b12976da39ae431d1c,4ee4f7acadaf22f8026a077bd1220bfe,delivered,2017-11-15 20:16:50,2017-11-15 20:31:01,2017-11-16 17:18:34,2017-11-22 23:33:05,2017-12-05,b1c936c1a71a46cf4b840a9851486d86,2017-11-15
4a5ffb8eac522b1d4e4223394967f25e,1b662ac85bdd75d2370956160f6406d8,delivered,2018-03-13 16:14:47,2018-03-15 03:15:28,2018-03-15 17:48:37,2018-04-06 08:06:33,2018-04-05,2ad8e239f8d1559571036c4660a6470e,2018-03-13
9a4682180e9fe8e7bbb9648d49c78101,e68d1430692ce82bb24d86e18e29254c,delivered,2018-04-08 08:53:42,2018-04-08 09:10:09,2018-04-10 01:12:50,2018-04-25 00:16:57,2018-05-15,6ba7e9b069e3593cea3f457be369b425,2018-04-08
96252dd234004b6e9d4dc740779742a8,5bc33d498a4eb8a94cd2e1ccdf44f45c,delivered,2018-04-07 00:16:14,2018-04-10 04:10:40,2018-04-10 21:58:32,2018-04-11 22:32:01,2018-04-25,e5f19a93cf85b13edc0376d90e4a0ba5,2018-04-07
3b67b88a0baffb745d55e7f74416756c,6af1c642ca58a65cfcd3e42125f51924,delivered,2017-07-11 20:24:14,2017-07-11 20:45:10,2017-07-12 21:34:26,2017-07-13 16:44:47,2017-07-25,aac21be5152c7957375448cc03b03f57,2017-07-11
80ea2d5cf20fdda59217af697130bcf7,fa62c325829f2939b1ac64786a39acc1,delivered,2017-07-13 21:09:00,2017-07-13 21:24:27,2017-07-14 17:42:20,2017-07-21 21:29:45,2017-08-04,dcc9c0fd8dbf091ca2965710ef45c16c,2017-07-13
982b3bee67e10358cdfe18e0bbee9d08,849f55b3f039513a3394254b3be4dc7e,delivered,2018-04-30 13:30:22,2018-04-30 13:52:09,2018-04-30 14:23:00,2018-05-04 17:21:56,2018-05-17,8d8a2e4656a4c446f26f1bcc7e5e4a64,2018-04-30
efd17d7b355035d21f96ab368400ee5e,9258ae1575d8c04e5f40fda2d1c9cf39,delivered,2017-05-27 17:47:09,2017-05-27 18:02:09,2017-05-29 10:26:51,2017-05-31 08:33:54,2017-06-13,c45ece361aab055ea6c55b61eb2d99c0,2017-05-27
3c5734985708da8eba1dc17768aacafc,0ace9ca5314b7bd412e2429479701719,delivered,2018-01-22 15:57:11,2018-01-22 16:18:14,2018-01-24 00:42:07,2018-01-26 16:48:55,2018-02-14,8afaa5c30034dda70e2012dcb0c50817,2018-01-22
ef7e039a2f25c56266be1a87fdd903c4,dd47ec035879a286789eb842ebe36739,shipped,2018-04-01 16:57:23,2018-04-01 17:10:21,2018-04-02 21:24:36,,2018-04-12,0cf67ae195537fb64f38305ebc3ca3ae,2018-04-01
474c4ea497345c47f7b63558a380d73a,d53f6de0d9148c8a17dbb4a993494f66,delivered,2018-08-20 15:46:41,2018-08-20 16:50:06,2018-08-27 19:01:00,2018-08-28 16:43:42,2018-08-29,31d5f22b3788dee2a6d03c13e90e0c69,2018-08-20
b553c2eaaf7ce5f82361ae904f3dbb4d,376b849049e148db18c8875c256cb511,delivered,2018-06-03 16:07:20,2018-06-05 03:50:05,2018-06-25 14:08:00,2018-06-28 14:54:32,2018-07-12,04f2fe2f22bba4933c8c149f015a7844,2018-06-03
3a5e90544587e9755b94618af63ab9de,4cad82e85b102488a286e95130b8de6a,delivered,2018-05-07 18:02:15,2018-05-07 18:34:46,2018-05-09 09:37:00,2018-05-23 00:18:49,2018-06-01,9f379a9b2a8b4356b1775c90cd76c66f,2018-05-07
60f108ddf1ead83be4c845987f20738c,fa5c701d2b05ce278748be41c56d06e4,delivered,2018-05-19 12:04:21,2018-05-19 12:31:19,2018-05-21 14:52:00,2018-05-22 17:41:25,2018-06-04,8910727c8df8af6fcf0e424c86742dc3,2018-05-19
aa9df3f4f57834f6997ff9c958411ce3,c1b779122d300719d8b8462a6e8d566d,delivered,2017-07-19 19:06:38,2017-07-19 19:15:14,2017-07-24 15:57:53,2017-07-26 09:43:58,2017-08-01,7d1e984a4531da606a7a8defa2605656,2017-07-19
27e4b27a4dcfd36a9ef0fdfb2fd1d476,c69260ab73f00089fb5eb67e8cb0dc01,delivered,2017-08-27 13:57:15,2017-08-27 14:05:15,2017-08-29 18:15:12,2017-09-11 17:05:16,2017-09-19,767f0c47d527f7153df994240eb12411,2017-08-27
841a78e6ae7179553c784f4a69955d5b,86aa5fc8f65c55027ad99b9ed5d272b1,delivered,2018-03-02 21:00:22,2018-03-02 21:40:26,2018-03-08 00:38:40,2018-03-14 17:59:25,2018-03-20,128e8489c7d968745e18ab40076ae698,2018-03-02
67de6a790d884f67e1c7bf78ce8f5605,481eec068ea167bad5161f87fa632038,delivered,2018-01-26 13:52:00,2018-01-26 14:22:05,2018-01-26 22:25:11,2018-01-31 22:13:06,2018-02-09,228870a3e43948df6f1d97d022ecfb19,2018-01-26
ba42f2a26f17be290cfc14c6f8b4e625,5a0fdde6c5fa48ee0a384197fcecc4ed,delivered,2017-08-24 18:26:17,2017-08-24 18:46:32,2017-09-04 14:07:43,2017-09-08 21:28:07,2017-09-21,9d36b2715d5419c3d906cd95e01c5a35,2017-08-24
5518dd9f50e817052664dcc935728b65,89edd6e8fa1856adf226970df1219271,delivered,2018-01-21 11:40:59,2018-01-23 03:52:30,2018-01-23 18:41:19,2018-01-30 21:44:59,2018-02-15,c528f9cd00622435a3b8dd4a8f6b01b3,2018-01-21
d630523e4ead4d29e7dd497f1a47b90e,563decc20c79fc58f6adaacdfb49ba66,delivered,2017-03-06 13:02:08,2017-03-06 13:15:25,2017-03-07 18:07:48,2017-03-15 16:41:43,2017-04-11,8ea83bae2f79bdd6075c254f29e29682,2017-03-06
2ecc68b349bb1dbe198e18f315c4889b,6a22352981a6c0bf8ff901686137d1d2,delivered,2018-07-02 14:59:34,2018-07-02 15:10:42,2018-07-03 07:55:00,2018-07-10 21:33:44,2018-08-02,c8879b82433186c4f4a94344384c840f,2018-07-02
4c3cc41d9fad33476cbf842592458f36,0fb46241bc33c52217f4f777890f5482,delivered,2018-02-17 16:11:09,2018-02-17 16:26:30,2018-02-20 12:37:45,2018-04-12 00:58:24,2018-03-16,c799727ab087d9615d3c7fcf0014ea1f,2018-02-17
3cd7db83ec0d0241ff01cd50c1571acb,531007f593d969d28d20f8e3ac72db15,delivered,2018-07-17 14:44:27,2018-07-17 15:01:17,2018-07-20 16:08:00,2018-07-26 16:04:11,2018-08-08,1984d35844b8163e4013976a2ad96170,2018-07-17
4af4d191d7e83818829a9af9ea7fcdfc,0adc3e20e5189e89caeceafdbcb0646e,unavailable,2017-07-02 20:05:48,2017-07-04 03:50:14,,,2017-07-14,69d41ad993d5b4166d8ea595656c4c70,2017-07-02
e0f2960cae7a59eeda7cc3c30ec0fa0c,b46cba739f0049bbfd7731932a0aa987,delivered,2017-04-27 17:47:20,2017-04-27 18:03:22,2017-04-28 08:36:12,2017-05-12 13:08:07,2017-05-29,cc434c101482125acee3ac19bf01d98c,2017-04-27
5d5128a0dbb59102263b66505895c98f,063d4a3e8b18f528d4695e3faad38ec8,delivered,2017-07-28 15:56:14,2017-07-28 16:10:12,2017-08-01 16:22:42,2017-08-09 21:47:41,2017-08-24,501f58a3186cef799338c598fea3ce1d,2017-07-28
94160aa9f25212c7db037d670c50f7c0,8b038505df5bde7b6eb148d0d3bd7f57,delivered,2017-11-26 12:01:29,2017-11-26 12:11:47,2017-11-27 12:04:58,2017-12-12 19:35:36,2017-12-18,6c8e1824617c6e2088b5f802b768843a,2017-11-26
2dd8a69d1eb8ea62bdddc073c4e80ab1,5e57e7fd729379e69ced54d4818e7f92,delivered,2018-05-30 19:19:48,2018-05-31 03:35:48,2018-06-01 15:13:00,2018-06-06 18:14:55,2018-07-05,eb3401656cd6eaad985629735dc1c339,2018-05-30
9695b39a3c85c3d4651b63f03864fd38,c9b6e2c05db6b05a84c5e1b1a0c4ad05,delivered,2017-07-11 21:08:05,2017-07-12 21:15:18,2017-07-13 19:24:38,2017-07-24 20:56:28,2017-08-04,9c2495bd9eafad8365c8a65b8e993e3f,2017-07-11
1d95cfa17a6ea1b7908c0d284f9ee2c8,62137f4b036702e112ce4e6a82933943,delivered,2017-11-22 18:03:36,2017-11-24 18:11:48,2017-11-27 12:46:05,2017-12-19 17:09:51,2017-12-08,896e454db1e2a651983c60aba3952a31,2017-11-22
9a0711872c4923672894e8289ecfab8c,12d5fe2dff8194a6c4b9320fac65c9a3,delivered,2017-12-19 20:35:32,2017-12-21 02:11:49,2017-12-22 17:24:13,2018-01-15 14:14:32,2018-01-08,9a4b61ff23cf22fff476440b5186844b,2017-12-19
e4474c18ee6216f7deac308805b4ef1e,00331de1659c7f4fb660c8810e6de3f5,delivered,2017-12-18 14:54:52,2017-12-19 09:51:41,2017-12-28 22:35:11,2018-01-03 19:32:32,2018-01-10,e1d387b30e693029c1e3d9ffe5df61e0,2017-12-18
42f364e1317053c36378cc534b19ab6e,93a991179d5b741e60819f8adc163df3,delivered,2017-06-29 00:10:22,2017-06-29 00:23:32,2017-06-29 10:27:32,2017-07-12 15:36:50,2017-07-24,021dbb48a965542d846e18a6799d37c0,2017-06-29
1b64aaf7875fa6e17e1a2013a03ef46b,ff2b4bfbdc1cea881963e91a30bff3d5,delivered,2017-10-18 09:53:59,2017-10-18 10:07:23,2017-10-18 15:12:31,2017-10-24 18:42:47,2017-11-06,c75bff5958b006ca015cd1206edab574,2017-10-18
4568a2bce4050c7579e898eca38f8833,beb8b0329b33c2237fc77674d22f01ca,delivered,2018-08-11 10:52:40,2018-08-11 11:05:14,2018-08-17 09:19:00,2018-08-28 13:42:15,2018-09-03,e195082a3172403c89957b50eb2db351,2018-08-11
a4dbe30538bb3edfdc9fe37ba1b1b3b7,4ac0daffac0a6cb85840a734b908c0f9,delivered,2017-11-14 18:21:55,2017-11-14 18:30:39,2017-11-16 19:44:50,2017-11-22 19:47:54,2017-12-04,4ad75aa0c2e7ad11c9f1b613e935f3e5,2017-11-14
53619dd8d4a6a651b7e864560eb84fa6,9f81d99a135977d2cf33344395adba2c,delivered,2017-11-23 17:16:56,2017-11-25 17:14:21,2017-11-27 14:23:40,2017-12-23 00:51:48,2017-12-18,4f075145fdaa9c693c87bc089a030214,2017-11-23
8acc22f310ec4d7164182c209ad650b3,2cc0514f5b758396c8e4f946aee21dca,delivered,2018-02-20 19:31:45,2018-02-20 19:47:45,2018-02-22 00:45:39,2018-03-12 15:04:39,2018-03-15,4cc71ad644acbf3c6d611c739b5852d3,2018-02-20
ccb44718a5b5b8bde31b24e888d56d09,71e4f35b8320ed3493a88df6af9f6651,delivered,2017-10-25 18:46:38,2017-10-25 19:07:05,2017-10-30 17:10:34,2017-11-06 23:48:25,2017-11-23,2b100d3737ff053e5003640064ee6ad8,2017-10-25
e62907b8603f88422352b8499461d59b,9ecc185eaf0a8f754b1acd9ddba66e48,delivered,2018-04-25 11:31:18,2018-04-25 11:52:06,2018-04-27 16:29:00,2018-04-28 19:07:55,2018-05-08,2acee48717b1474614688bc1c560525c,2018-04-25
cca53f6baff9286b728cc328ca7a2d37,279375c3290f45664fb0b20cde471987,delivered,2017-10-16 19:01:58,2017-10-16 19:40:08,2017-10-19 18:45:31,2017-10-28 13:22:55,2017-11-23,21447df3be05050af708bbbf3b2aef78,2017-10-16
6108ae9acd8ee0ffd527598b9ebc6acc,3451f0abea3bb822681b0220a5ea0965,delivered,2017-05-23 19:19:31,2017-05-23 19:35:11,2017-05-29 09:04:00,2017-05-31 16:09:34,2017-06-05,a423d0eb6e06ef44ce8ddb0e9cb579f7,2017-05-23
16378369550d1c3b2b2d3c817db399c9,9fc75a66f07ee76032de66af22f78c05,delivered,2017-05-25 09:26:04,2017-05-26 02:42:43,2017-05-26 12:43:32,2017-05-27 07:18:32,2017-06-07,71f54169ef0f105ddbea8ac39bb56d76,2017-05-25
7559c51df991c6861e6a8be5fb1e3751,494622d8ca78370960fce737e9ad15c9,delivered,2016-10-07 23:18:38,2016-10-11 05:02:26,2016-10-14 18:00:00,2016-10-26 14:47:42,2016-12-01,f3c581f21aff6af44eae11dc363a6562,2016-10-07
c5243a7341996ef3721590b02577a8b6,e03121c8731bd9b1e9ffba60f6ec86b0,delivered,2018-03-05 08:38:26,2018-03-05 09:28:15,2018-03-05 19:34:21,2018-03-06 20:59:00,2018-03-15,60d99d3e9da829a56d6dd54735778d42,2018-03-05
162f8986e2cc7a5fca25fd4be685b98d,fcc709844375ea0a1a14bc3c14b2c1ee,delivered,2018-07-18 18:01:48,2018-07-19 14:22:57,2018-07-20 14:20:00,2018-08-01 15:08:52,2018-08-13,5beb6ddd92a5f785780c5a7a08e9bca4,2018-07-18
e45adf5c3dac199c3e6db68dc225d2cd,40cdfa812f4db63989cac07cf9ecc2bb,delivered,2017-03-16 14:53:18,2017-03-16 14:53:18,2017-03-17 11:30:40,2017-03-27 14:00:09,2017-04-19,950ff1485a40b52c4f4d987c634fd4c9,2017-03-16
b48c09f638b289e9055c56ab3c3e4ae3,f2dfb1d4117a30ad0d7cec2c7f5941f2,delivered,2018-08-03 13:18:11,2018-08-04 04:15:21,2018-08-06 14:19:00,2018-08-08 14:41:25,2018-08-13,99f7fad55b93ef28bda9d8fe5561dc3b,2018-08-03
ba4b69317916ce7f91187e885404b6a5,b501129c66ed61e8d5cb8e2b67e29e4d,delivered,2017-11-19 13:43:19,2017-11-19 13:55:32,2017-11-24 17:58:53,2017-12-15 17:11:04,2017-12-14,724212362646bea010e7fd5154a4a046,2017-11-19
00275bce676303c3bfd7292aefdfa223,a12427487c970a4a75dbeb5884f126a8,delivered,2017-11-24 23:10:30,2017-11-28 03:39:45,2017-11-29 17:28:59,2017-12-04 19:42:16,2017-12-14,c5e94cf711798a7bdde48952d2b3ee28,2017-11-24
54eca33aede78efbaaadc4c0df4ae8b7,333233d1ca463988424b1f6404457e76,delivered,2017-06-25 17:46:59,2017-06-25 17:55:14,2017-06-27 15:14:32,2017-07-04 16:32:51,2017-07-24,8c84315356e5e608a1828b46be6ec017,2017-06-25
a9884879d65dd954426915174ac439ad,39c082628d716c7e5d595b2c28ba81ea,delivered,2018-02-15 21:27:07,2018-02-17 03:36:29,2018-02-19 19:57:45,2018-03-02 01:16:35,2018-03-14,f33469c09e20f0a4908a84a1296ffd4f,2018-02-15
cb383b52e0b0fc081bddb3bd8a5c5373,53bf7839f7ae7a8fc963acc19dc583c0,delivered,2018-01-25 13:39:35,2018-01-25 13:50:24,2018-01-31 22:16:41,2018-02-06 19:25:11,2018-02-19,cc264cea0fe2f0552e67cfc3aa039bfa,2018-01-25
323f4903445bce21694142efa4724879,6ec3932978b2813138d8782ec59e9ba6,delivered,2018-06-15 16:20:43,2018-06-15 16:41:06,2018-06-18 14:35:00,2018-06-25 12:57:23,2018-07-19,8a9bd5b2eed7836c996a9b43a9fbd9c8,2018-06-15
f78fd0f1675d338dbd4702e59c15222e,bd4fd209460236b28e1d8d7537aafec9,delivered,2018-06-25 15:43:55,2018-06-26 04:58:49,2018-06-28 14:42:00,2018-07-03 16:52:37,2018-07-16,8bda65e0419493e2b337a7c31bfa921c,2018-06-25
40dae50e569846342aff32ac4117375d,f719b26947ef006ca8cfca7ec9bcd1d5,delivered,2017-05-15 13:51:50,2017-05-15 14:05:17,2017-05-23 11:41:52,2017-05-27 22:04:43,2017-06-09,9dfd2e83c78c75bdb81e6c12a75c0935,2017-05-15
0a9d793da20eb89ec326c840c46d7a9b,39f008f05281376690e251346106e6e8,delivered,2018-01-23 01:04:59,2018-01-23 01:14:43,2018-01-27 19:19:41,2018-01-30 18:53:15,2018-02-07,64423fdadaa5ba5ca1b957a61bbea26f,2018-01-23
0725ad25260ef550bc00be1179252efe,d8fd3e0c904be88775c9541883cc5dbe,delivered,2018-06-08 09:34:48,2018-06-08 09:55:52,2018-06-08 14:02:00,2018-06-16 00:22:40,2018-07-04,257e8bba41b26c664373168d27c5a0e9,2018-06-08
87673b5ccb20de0a91c28cc461105d76,4083e8a3321f1d60c4e53d2e837dbe57,delivered,2018-05-15 22:54:19,2018-05-15 23:14:06,2018-05-16 16:32:00,2018-05-23 15:28:28,2018-05-30,448e3da0c2457f57cfc90d86dd839028,2018-05-15
92578ad781aea777f9022bdb6319e4f3,e372e544ed515524e099e4f543d9aeb3,delivered,2018-05-12 01:47:21,2018-05-12 02:12:04,2018-05-14 15:08:00,2018-05-23 09:24:38,2018-05-28,b067f83c11f3d3deda01a9e220ac0aa2,2018-05-12
bcdabfbcff6df68926c4176cf4c138c3,002d358e2462f87678443706cbf2eb21,delivered,2018-01-31 17:53:18,2018-01-31 18:08:22,2018-02-01 19:26:02,2018-02-26 21:04:41,2018-03-05,5a77d3e9231351d3a4ea54c3fe824e79,2018-01-31
2c8ade83a1d38262000ff586fe9b0f8e,78b2079d05ef3c868c4737043f33e6bf,delivered,2018-05-21 13:45:21,2018-05-22 07:54:14,2018-05-23 15:06:00,2018-05-28 10:55:26,2018-06-06,9e055296996902ac9c30c8803d9a62f7,2018-05-21
ad2730b7abb692df187294b85fc0705d,c7b0aa1f694c455c10a5d4e9adc7a066,delivered,2018-07-19 19:53:43,2018-07-19 20:05:20,2018-07-20 11:40:00,2018-07-23 21:12:21,2018-07-27,c78b90ddefbbd9b97545494d9b19ebc0,2018-07-19
28bbae6599b09d39ca406b747b6632b1,4c7f868f43b5cff577b0becb8c8b7860,delivered,2017-12-05 08:18:35,2017-12-06 02:50:09,2017-12-08 00:51:47,2018-02-05 14:59:09,2017-12-29,b1f51a4e19da3338e51fbcfabefad1bf,2017-12-05
6cf42ae592086e2192284047cbfb4632,b0727414d186922327c74eafb813d14e,delivered,2018-08-07 17:41:54,2018-08-09 03:50:20,2018-08-10 15:01:00,2018-08-21 22:04:59,2018-08-24,b9f416c140793a5342b9f9eb7f7cce3c,2018-08-07
f298d9cc0b7aea1a3bdf95d298c3cfc3,c5b7b3cf52a7611de3c6940025a26e2b,delivered,2017-02-22 19:44:11,2017-02-22 19:55:08,2017-02-23 20:37:33,2017-03-03 13:55:35,2017-03-27,5ee6ca3b3964cbefb2112a27d0bca899,2017-02-22
f6dcab66c74d945d217aed40942ea22b,2bb07e3ac6087606f0a3c7802a521cdd,delivered,2018-04-25 16:45:13,2018-04-25 17:15:26,2018-04-26 13:09:00,2018-05-02 23:38:56,2018-05-16,ed5b96650cfc16a49aea4bcf96b39d93,2018-04-25
1eeda8dc8c730c5f2a0ebb4e5207ee0c,b640f7a9fd6f58ec73ddc1b9a20922f4,delivered,2017-10-17 21:23:57,2017-10-17 21:46:11,2017-10-18 18:55:02,2017-10-19 13:57:56,2017-10-27,f9e7b09ef2e4767e0d47a2cfee88296e,2017-10-17
b9cbf1e1ae5d599ed61a06f92b1eabe6,dc24f2e844bc7b9779235188779f70e8,delivered,2017-12-01 09:10:28,2017-12-01 11:31:59,2017-12-01 19:36:42,2017-12-04 20:00:07,2017-12-19,5caed5b69635770ef574067e85255c52,2017-12-01
8db75604855db18d2672d5697268938c,f7c17f006f58342e6eb4afa6d076037f,delivered,2018-01-06 01:28:12,2018-01-06 01:38:22,2018-01-10 17:17:24,2018-01-17 15:48:57,2018-02-05,bc566e7376447f9dd149308fd08428df,2018-01-06
736bd2c49bc856e7dbaf8106a23036f8,1abde0f02489fb0d22f4a0be40aa537c,delivered,2017-02-03 19:56:28,2017-02-03 20:05:14,2017-02-06 15:22:54,2017-02-09 14:24:13,2017-03-03,37245a48d008eb321443206f47cb5c4a,2017-02-03
eb1c390413604079df388d4093910e74,5f0f9d089923434ed36bfd4e2bf8a213,delivered,2018-02-28 19:22:52,2018-02-28 19:37:08,2018-03-01 14:43:54,2018-03-02 16:22:22,2018-03-13,8d870f05bd56056c62d59f4447e4de09,2018-02-28
5f0fe7d686b2878d9aa1a72dbd9b72ce,858fc2fddb068b36f31568f7c9f2422a,delivered,2017-03-15 12:25:24,2017-03-15 12:25:24,2017-03-20 06:08:03,2017-03-27 12:16:34,2017-04-03,f8c6675e01e997c8e709c97633faf87b,2017-03-15
9797613eed6fac4314c4d5c9132c7ff4,759835de956bcaaf90c41eeb09e8ff1d,delivered,2018-05-28 11:27:41,2018-05-28 11:54:28,2018-05-29 15:18:00,2018-06-20 19:45:24,2018-07-16,5eb19df5da4313b36e50c1df3ec27fdc,2018-05-28
22f94104a2c1ac2af08122839aa708b2,528aaeab73d4582f7b8ee6c179db8fdd,shipped,2018-07-17 20:23:27,2018-07-19 03:02:30,2018-07-20 15:59:00,,2018-08-16,d3be03e43c323663eed97506de2f80e4,2018-07-17
eaf654ecfd0270019b5a997aad141e80,70dad7a715809631b98b0a843ee18772,delivered,2017-08-10 21:55:16,2017-08-11 19:15:16,2017-08-14 17:07:11,2017-08-28 20:22:31,2017-09-05,a70166e178a7cb30b696bc74c76715c8,2017-08-10
3c8e80909dd1066fdcce95a5bca82f88,54c9809e0315ee825c01a3bbe1cd61b7,delivered,2017-12-25 22:06:52,2017-12-25 22:13:24,2017-12-28 14:44:19,2018-01-05 23:48:12,2018-01-29,c5c8e42080d2712f53984e95d9864871,2017-12-25
bbd33e429ca683f6c4a848acdaab9f9a,343ca02f37141f6f2de321ba848b2aa7,delivered,2017-02-02 00:34:52,2017-02-02 01:01:34,2017-02-07 13:58:46,2017-02-20 14:17:43,2017-04-06,4c5bf10604737317669c73df4bc053a3,2017-02-02
6e27f04e8947d6be930769e3ce557bdf,259e07ebcf2a6be5fcd98f01099eb7f4,canceled,2017-03-05 01:03:51,2017-03-05 01:15:09,,,2017-03-29,79a7807093e30526f4087b6f11eded81,2017-03-05
4fb5f75a2ff520a28e987e6cb5435022,610c70a5e997a8222166a556a089d2c6,delivered,2017-09-07 11:23:20,2017-09-07 11:35:14,2017-09-12 00:40:00,2017-09-13 13:30:15,2017-09-26,a7c9c26daf4a6a9e2c5eadc4ac023fd1,2017-09-07
d3702a0c7d129ebdb41eb60791ea41e2,f2bc325d402d7f560681ec509ace7748,delivered,2018-05-08 19:05:19,2018-05-08 19:34:38,2018-05-10 18:28:00,2018-05-22 20:03:34,2018-06-05,8a01a034f72463062ae4f2a53cd4e61b,2018-05-08
93b885e8ae6403b9c59c24f1cd30e1ad,1f1d262df96204aa695fa4f0075ea33c,delivered,2017-05-11 21:52:00,2017-05-11 22:05:17,2017-05-12 12:43:20,2017-05-16 10:12:03,2017-05-22,9c90bdeb2b917c300201f89e37714cc9,2017-05-11
c3df9abd148ceaa39d9911b77b041810,0253cea0ff18bf585307f88ea4fbd5ab,delivered,2017-11-09 12:07:54,2017-11-10 03:26:53,2017-11-14 23:03:28,2017-11-22 20:03:18,2017-11-29,161a24b37c2040a1a6cba28e417684b0,2017-11-09
5adb752a21287f421571ba1688dafa2a,9d4a655962c8a0878a1a58c3ecf7cd3c,delivered,2018-05-08 19:13:31,2018-05-08 20:32:01,2018-05-10 06:55:00,2018-05-14 11:38:56,2018-06-01,0bd9702b6faa88ff1d9eb5e763cb84d5,2018-05-08
793e8a915e5cab9e60a0315c67380b12,8caf4f50077ccb67b019d85c42b48046,delivered,2017-10-01 12:48:14,2017-10-03 09:49:45,2017-10-04 19:59:46,2017-10-16 18:36:31,2017-10-30,fe66cdddc79a564c2ced2d5ea0f62e7b,2017-10-01
30123d8900ab69af8d7017c4e66ea57e,1be33a6809926667a83a435c2c09f5c4,delivered,2018-02-16 11:56:16,2018-02-16 12:40:29,2018-02-22 00:23:23,2018-03-12 22:41:59,2018-03-08,24b2c88eccca3ddc45bcb83011e0ad45,2018-02-16
54fb6d834ad868ddda6fd4562d4be5a2,c46757e9d12534dc8e5e6ab555cb5c9b,delivered,2018-06-14 09:31:49,2018-06-14 09:57:32,2018-06-14 13:35:00,2018-06-18 23:03:28,2018-07-11,d3d6c0dd8cd8e4c2b17b402adf4252a1,2018-06-14
e0d01033a569b492f76a8fc5d333cda1,d99426441f683e973cb56d6a5f9fb4bb,delivered,2018-03-29 19:59:31,2018-03-29 20:15:17,2018-04-02 18:28:37,2018-04-03 20:46:47,2018-04-12,979f47d601dcb9ca554e972dafe2690e,2018-03-29
ab116cd2cf14c6bfe1c624dfaedce308,dbf67ffbea0a80040ea2b6cde14ea06f,delivered,2018-03-27 00:17:22,2018-03-27 00:30:15,2018-03-27 18:51:40,2018-04-06 18:08:28,2018-04-23,e1aee958411b38ccf9fe3b9334dfedb6,2018-03-27
850a46317b5a1b4eeb14f915fda637c1,372369c546ecd90999d87565c5400e82,delivered,2018-01-02 16:26:54,2018-01-02 16:37:35,2018-01-04 16:12:45,2018-01-26 20:37:33,2018-02-15,ec0f5b4fe392d71f361112c1b508b707,2018-01-02
0623dbbd06c0d4059dbfefab8748a491,c954645fa23249e4c2b0dd3679b0b177,canceled,2018-08-20 14:17:09,,,,2018-09-12,39f31c1aae7c88de15521a33a3d5e44c,2018-08-20
bc80892738aa55b49dfd74ce6d50cd97,4450850ad98de459ecea38e7a1323f56,delivered,2017-09-01 10:32:59,2017-09-01 10:45:14,2017-09-04 20:04:51,2017-09-19 16:21:38,2017-09-25,7feaac01dadfb6a96508d738973ca456,2017-09-01
c3b1312808b5e55eda5efa7fcb111b00,1e889a782d674324faeacb81ad066144,delivered,2018-07-03 16:23:42,2018-07-05 16:34:36,2018-07-06 08:47:00,2018-07-23 17:22:02,2018-08-02,a0030d029d80dd2ead83e0844154285c,2018-07-03
056c68d093c100017aab1f00f260705c,2a3e9cc5c751116945121703c3013c83,delivered,2018-04-21 11:36:34,2018-04-24 18:23:52,2018-04-24 19:31:39,2018-04-30 23:32:07,2018-05-08,ef93c31f3f43e034a0523b6ed14f1bfe,2018-04-21
22036cdcfe0c280a53567412a2bc04b6,3ff94c4ed576ecb1d282f2e3c3f279ae,delivered,2018-07-30 12:25:33,2018-07-30 12:50:18,2018-07-31 13:55:00,2018-08-06 15:32:06,2018-08-20,e5cb6e20bd2aeb88e34f6c01b5172a81,2018-07-30
24a562b69731cbec7439c1752c500f82,0b37f01a95740e5ffc068dfae2738630,delivered,2018-02-19 21:58:59,2018-02-20 21:55:49,2018-02-24 01:16:46,2018-03-23 18:33:08,2018-03-14,5c65a2076c901f375b01aad3a60c7447,2018-02-19
e282dabaac0b31c7da8a0896fd56e7f3,63851348e2dae0893a180d516a13ebb3,delivered,2017-11-25 17:00:57,2017-11-25 17:13:33,2017-12-04 20:32:37,2018-01-08 22:45:34,2018-01-10,4107febd1391556f3ff24e1f8f7cb5d4,2017-11-25
fb60f4b1a57af4307122b7997fc52243,8e70736440f6e4fd50223adf95ead0cc,delivered,2017-05-04 22:57:10,2017-05-04 23:05:19,2017-05-09 11:28:21,2017-05-16 15:23:01,2017-06-02,3299a547368c58a4d2241b2a5189d7d7,2017-05-04
c1efdd2d9175b13e263d77e6ff0803ff,5914948062fa3526833e5f12ad03539d,delivered,2017-10-16 19:57:19,2017-10-17 04:06:55,2017-10-18 22:20:08,2017-10-19 22:17:45,2017-10-26,48c2efc910e703d1ca5a70fe634a87d4,2017-10-16
ba57eec47403f7ec083e0283b0dbf50c,f94356af391d5aa672f3d0dab3fd010a,delivered,2018-02-06 19:06:17,2018-02-07 03:10:07,2018-02-09 23:46:52,2018-02-23 20:37:52,2018-03-13,51c23d1b01aebce5a1e32e3d9b312aa3,2018-02-06
838f02ea52c8e48b8bc5ed2671e7bfd3,94df0e79385af6c3f631e35a19c9e0b0,delivered,2018-07-09 11:46:53,2018-07-09 11:55:17,2018-07-10 14:58:00,2018-07-11 18:56:38,2018-07-18,4f4af6b524ee11b36c534b23dd8f2205,2018-07-09
400f443373af2cc7cca6166823ef939e,c4fb92b97f427f554cd03632d9f81387,delivered,2017-08-07 17:26:19,2017-08-09 02:55:37,2017-08-10 19:07:51,2017-08-14 19:55:00,2017-08-29,979f3bf020fee365ea741df1468b620e,2017-08-07
5d9aa63551a24b92660a08b0e8ef22b6,e130e0b9fa4f2573df38d4ae3e87825d,delivered,2018-04-07 18:16:42,2018-04-07 18:28:13,2018-04-09 21:19:14,2018-04-19 14:21:04,2018-05-04,0ea123c30d764d3406572faf0fbddf21,2018-04-07
05bd4a1f3930d20f351ce8c406d77103,21b744d40c3f56ef36b6207f61c49db8,delivered,2018-04-25 23:44:28,2018-04-26 08:10:14,2018-04-26 14:00:00,2018-05-04 00:34:45,2018-05-21,21c5ca0b2e2eacc91af538e3a4063e43,2018-04-25
bb4c68c40aab77380324d2d741782056,70c99b15ec648bc2c97997dd3516ec93,delivered,2017-07-25 22:22:57,2017-07-25 22:30:19,2017-07-26 20:19:26,2017-08-03 20:29:44,2017-08-23,7561488def3bf8fff43daf94df29bd85,2017-07-25
5fbb36c2e55d34d7799cb74e65d73a62,cba7df91cfb5b29a0e92be5fb93b5e55,delivered,2018-07-03 09:09:36,2018-07-05 16:04:47,2018-07-04 10:54:00,2018-07-09 17:12:26,2018-07-20,14debbd298c3b01daa32cef625668068,2018-07-03
e3153a88be7511737359301517f63274,7fb2d32f0365313c45a849d85cec8702,delivered,2018-05-18 22:51:23,2018-05-18 23:13:31,2018-05-29 07:13:00,2018-06-07 18:38:45,2018-06-18,dd5686521e4859d8a967ada3c1cd6357,2018-05-18
10d5a1a31235b677b2d8856b22ba79fa,9a1f0d9e703c947913b178a6a50d4c56,delivered,2017-11-07 10:24:30,2017-11-07 10:35:37,2017-11-08 21:27:55,2017-11-13 23:28:19,2017-11-27,76fe66b3ce1eec54d618b0e23161c69c,2017-11-07
f9d5369378902ad40733614f75fdc908,7ba1f155f8054a982c040479a50f34e5,delivered,2017-01-30 15:17:38,2017-01-30 15:32:23,2017-02-01 13:45:40,2017-02-10 14:21:46,2017-03-20,26e9774a56353b496eda3b90961b94b7,2017-01-30
ad87f982d1ef40d7a0bc339828e35616,2d691a5872478b245f5c80c7077b8901,delivered,2018-07-21 19:35:02,2018-07-21 19:45:14,2018-07-23 10:43:00,2018-08-06 12:27:01,2018-08-15,46f8480c92b05fd97e37974a582df787,2018-07-21
acbd8e5be7c6808b8a971376f7e36b3f,6e2ea2d31a295948feadd5a4fb03eb26,delivered,2018-04-29 22:10:53,2018-04-29 22:30:04,2018-04-30 14:53:00,2018-05-04 18:42:28,2018-05-23,de2d91ca627f61447b0d3670c0019bba,2018-04-29
7450a94d5ad749cb013c5b1166520908,42448ecc1b942b2d14c69073e22d109d,delivered,2018-02-03 14:44:42,2018-02-03 14:55:22,2018-02-05 18:18:48,2018-02-20 21:37:07,2018-03-09,0d3c5f139fb9d657592aa8772d448b23,2018-02-03
7bfbe70d2fa4f8b872ec86a7a51d099b,a9f40b63f49d9ebff8201f4df39a3a88,delivered,2017-07-18 19:08:27,2017-07-19 04:03:54,2017-07-21 21:32:01,2017-07-26 20:49:58,2017-08-16,609b7feab0f0c9726929ec4891447b02,2017-07-18
e16fb24453a306d5d6ba1fb3156df7a4,fe382f8a2ee546cdd8a2db08bc63f347,delivered,2018-08-06 23:05:24,2018-08-08 03:24:54,2018-08-09 12:31:00,2018-08-20 18:38:44,2018-08-31,d908486b716f6afb6ad043b4193842c1,2018-08-06
4c0a7f1d22a884bf17e3d17c2861f946,6c485656112feb44f049b50042ddbce6,delivered,2017-05-03 16:36:41,2017-05-05 02:23:05,2017-06-06 14:28:50,2017-06-12 14:52:07,2017-05-30,8f299349d6fdc25ad456200adde96005,2017-05-03
c965c44f852330e40d852eff37abac16,6abe0ae88ae2256e56650e5d85768b9a,delivered,2017-12-02 12:19:20,2017-12-05 04:11:42,2017-12-15 20:09:31,2017-12-26 17:53:25,2017-12-29,bdcf76444782f7d31d94fc6ad9ba8ec1,2017-12-02
99022bc546d95ac49e5cc2ae5df73ae2,3f7e374a2f266e9e8f268c19d761408e,delivered,2018-05-15 18:17:45,2018-05-15 18:35:17,2018-05-16 12:04:00,2018-05-21 18:28:24,2018-05-29,e24349384534950b51c35bfe2ecbe3f5,2018-05-15
188a143816707d77b3976b77d4c0966d,bee0416079a335277a9de7f044144458,delivered,2017-07-23 14:03:24,2017-07-23 14:15:14,2017-07-24 15:39:38,2017-08-16 17:17:56,2017-08-25,03baf24d25db7e94b2bd04979c3de7d3,2017-07-23
8e5d0c2169e3d73e73ad4591d43481a1,5a43453cd838f7dceef8d280a1a2c0fa,delivered,2018-05-25 10:59:28,2018-05-25 11:13:49,2018-05-28 14:09:00,2018-05-29 18:09:28,2018-06-12,c91a2298842d411ec99d3b1f0b1b2e5a,2018-05-25
548c4aaaafce95ab8c06ac6a2f38d1cf,49222a9298b24e84f192e9e1c8830f03,delivered,2017-11-03 15:31:53,2017-11-03 15:46:31,2017-11-06 19:38:59,2017-11-17 20:09:06,2017-11-28,7d10d8a69b9a324de73dbd47850b028e,2017-11-03
270f00466aae4f41f010eaba2da31425,7173277fd224065c8b8100db8b2414bf,delivered,2017-12-28 19:23:18,2017-12-28 19:35:23,2017-12-29 21:39:05,2018-01-05 21:14:12,2018-01-31,ed392bdb968739afcf1a11bd610a7886,2017-12-28
c9f1330428746f0615d885b863acce6b,b0e95b319d7fc39e30be8edda9de0054,delivered,2017-05-16 09:58:11,2017-05-17 03:55:09,2017-05-17 13:06:33,2017-05-24 18:53:10,2017-06-07,91c4ddd0b79ef6d0d6f1f25c2a85a73c,2017-05-16
028e069ddb78a5a7179f1e6734e226c6,7475f775af7286fdb7c6802eade228bf,delivered,2017-08-20 12:10:57,2017-08-22 03:45:54,2017-08-24 19:22:48,2017-09-12 16:35:44,2017-09-13,7cc947985b74a0c1ea03e914b2aa3ceb,2017-08-20
3fe3d1ba41519dd81c6d6ebde0c8801b,7c8f752ec24bb402191fb6cda46d2305,delivered,2017-08-20 03:06:47,2017-08-20 03:24:14,2017-08-21 22:09:01,2017-08-26 13:56:42,2017-09-13,2a31a3b7124e88b7a191f2d87c549ffd,2017-08-20
40b9d0a196fc994938fec40d258133be,81ba16005b845b1e6b32ec1b425c5ca8,delivered,2018-08-11 19:57:16,2018-08-11 20:05:23,2018-08-13 14:37:00,2018-08-14 20:33:33,2018-08-21,91b7d0e2943bc6efa6b728d27dea86c5,2018-08-11
b3e1af57e0cb89557abec0fd31d47c37,e1082da721695c572e703381e22ddb91,delivered,2018-01-10 18:34:03,2018-01-10 18:48:38,2018-01-11 22:47:05,2018-01-24 18:37:12,2018-02-05,8d847804b5f12a9f42c3747f202025e1,2018-01-10
61a38ccd48075ef5117f661ffac57f0a,4a77324a41aa68f2af01c984245cb514,delivered,2017-11-01 16:34:41,2017-11-01 16:50:18,2017-11-03 20:03:24,2017-11-09 20:32:35,2017-11-28,11dbfe44e786e8b50df65bb358f352aa,2017-11-01
c8b572e51cdb580076ed91bd1ead1fe5,d8457d5a5e980f0815434f986cd24227,delivered,2017-11-17 13:14:40,2017-11-17 13:50:41,2017-11-21 09:52:08,2017-12-04 21:33:02,2017-12-13,d0d0d8cb93d0feabd35791a3502593fc,2017-11-17
454ecfc568c4d964048236e91a42bda6,ea29ee5d9096bdd7f6021a9697e289d3,delivered,2018-06-28 00:13:52,2018-06-28 01:11:30,2018-06-28 14:45:00,2018-07-25 18:36:52,2018-07-20,6ded428a112584341b720817104331bf,2018-06-28
47106caf7707ccc0552581877874349f,73c65731f86095845be2da68f658284d,delivered,2018-08-11 11:01:19,2018-08-11 11:15:12,2018-08-15 13:55:00,2018-08-17 21:42:01,2018-08-28,15a52a044cbf18c87283f8c460ad5ccf,2018-08-11
5921bd0f088c44dc7f90bd2f6b9c1816,9fed62b87969b514163d932f8ae4cd3a,delivered,2017-07-29 16:07:00,2017-07-30 16:15:17,2017-07-31 20:51:58,2017-08-04 16:08:02,2017-08-22,033f95a250538be18d7285d28b40ba4d,2017-07-29
fda6b3dc0172753cc6d00bddb5d4a6e7,1e2489ff630b27c2e1d61797902467d1,delivered,2018-06-07 16:36:01,2018-06-08 19:31:01,2018-06-11 12:54:00,2018-06-15 20:12:38,2018-07-05,9c58184d54e228e230a53169fe719aa9,2018-06-07
dc03cc1a4d22f8b8685cf1ddada1b85e,00a16acd591b4bb112f2e94c7d2f9936,delivered,2018-06-12 11:48:25,2018-06-12 12:23:26,2018-06-12 14:24:00,2018-06-21 23:46:36,2018-07-05,873e5a11673ea73e58db17af95546fc5,2018-06-12
712f2292ec222ac15f99e7320aa4ad44,80ad8f6c9a59a006d200fde84407ffcc,delivered,2017-04-22 20:55:16,2017-04-22 21:05:16,2017-04-24 21:24:34,2017-05-03 13:44:33,2017-05-17,ae26034a96158a3d79611792b7169283,2017-04-22
022790f69760d0a1c025cd3acdf13927,c2b5591d50732618e8245b7c01bda8cd,delivered,2017-10-08 20:24:03,2017-10-08 20:35:23,2017-10-10 20:45:10,2017-10-16 23:32:42,2017-10-31,083b54b120f24dd1d5ecb1c11322d043,2017-10-08
eea0b9f20011d9a23aedc845a26b40a0,f09fc8998d4c068270986edf79e4e761,delivered,2017-05-28 00:12:35,2017-05-28 00:23:50,2017-06-13 08:54:41,2017-06-25 12:39:43,2017-07-24,5bdc03993408f1f36f9ceec1bbb9ee85,2017-05-28
43ed2e201f59c4d2f7778d8e8c526fae,af06df1640aa1b80da72dc5687ce5a92,delivered,2017-05-29 17:45:13,2017-05-29 18:45:24,2017-05-30 16:26:04,2017-06-01 14:53:44,2017-06-21,e0684064315b305e1b1bb08e817c7a66,2017-05-29
4ce5781581782e1783fb9ed718ab6053,5338f485d3db2eb364c98cb56405cd71,delivered,2018-07-19 17:43:55,2018-07-20 04:55:30,2018-07-20 14:14:00,2018-07-25 14:55:45,2018-08-20,0e26195f126fc3a0d66b61b9ef3742ca,2018-07-19
e271431ad37021b0e445c4f01a6ff83c,2e8e02f3c8ccc706642c7c42b68178ef,delivered,2017-11-23 13:04:12,2017-11-25 05:18:35,2017-11-30 13:51:31,2017-12-15 20:53:25,2017-12-26,77c1880c5093ecf9cd8a6cc683fc8b43,2017-11-23
256ae4944b9b0399798c2067a3077b94,dc208550546c159c4776fb435c14b313,delivered,2017-08-14 12:31:04,2017-08-15 03:43:48,2017-08-16 18:10:54,2017-08-24 20:15:07,2017-09-05,08f3e0a1f08184e1723e4d3597caddfb,2017-08-14
bcdfe27f47e1b9e9cce4d8c2e54566ed,da55569eaa5bc38798b9c9fd67eac4fb,shipped,2018-04-01 11:55:02,2018-04-01 12:47:13,2018-04-02 18:21:50,,2018-04-20,d4cb45291bd48dfd94d3856aab38b9ff,2018-04-01
e3e1b813f658feb4bc2c345bc2d399f5,43a917e7a3082490cfb087d219d8a330,delivered,2017-05-23 00:08:56,2017-05-23 01:02:24,2017-05-24 14:29:35,2017-06-19 19:14:48,2017-06-16,64c52be5c041dc8e0e3f9bfa26f6ee12,2017-05-23
7fa75bfce88c324530041cb08a3ea734,5f137a3d1d167ed6fb9e59086c9aea86,delivered,2018-04-23 01:35:32,2018-04-24 18:27:33,2018-04-23 22:51:51,2018-05-08 18:42:04,2018-05-17,79600f54c5b39ecc648eb64519a7a71c,2018-04-23
9a327776c4009cd0980497d9386b1472,af3bbdd63bf976839718d59fd60ba9f1,delivered,2018-03-25 22:33:39,2018-03-25 22:47:54,2018-03-26 18:17:44,2018-04-03 19:12:49,2018-05-02,a0f2229ee39d5c8c6c0d1cab8905b3b6,2018-03-25
47d248c19f5affa1ef2a5b91c8006ddf,a701194f0a767e378a77e2c59b151d65,delivered,2018-07-23 15:55:26,2018-07-24 11:32:30,2018-07-24 14:19:00,2018-07-31 20:24:23,2018-08-13,40dc0d63ed50acb10021a6619e97d8ac,2018-07-23
f29ddf8225b83634a61798046455ce8a,238a5f6c34460fd3626df27cfb0d0ab9,shipped,2017-03-10 15:09:40,2017-03-10 15:09:40,2017-03-13 13:49:56,,2017-03-31,a2f0cc1002e7b9182fc9eaed0b8f153d,2017-03-10
eee0d370c2154116eb2fe9e4c75532e6,3f4c0f7e7fb59e7411dfb858748e45c3,delivered,2018-02-04 19:17:03,2018-02-04 19:30:21,2018-02-09 23:26:52,2018-02-16 22:26:32,2018-02-21,72feb591ae452672531b88c4fab94797,2018-02-04
bc8b4b64c37cdba44b9f2953075e8449,c1049b787fd9750498a00ffb0007e0e8,delivered,2018-01-15 22:52:30,2018-01-17 04:31:22,2018-01-17 20:43:36,2018-01-25 18:06:20,2018-02-08,c597ad0fefbe11bedbff96cd9e63fc52,2018-01-15
bdd829bf1090cb56da3e6106c1fd768f,22084eb4b3c2bd7f03c726aa0fc4ba5d,delivered,2018-04-26 18:25:39,2018-04-27 16:53:05,2018-04-30 16:16:00,2018-05-18 17:04:10,2018-06-01,82d5e330a81a4053bffbacd7fee07db5,2018-04-26
61b8f80f57eb27a3d6f27f6578b6b3c9,1290b1ab54f6ca32787bdd4b092797aa,delivered,2018-02-03 20:26:01,2018-02-04 20:30:24,2018-02-05 19:12:15,2018-02-09 20:27:45,2018-03-06,c644e6dedeb8779117b9c2b9ad6c75ff,2018-02-03
c680034cfb1945850fadf876ace52483,e4f69c779388ab0c6824d957a29755fa,delivered,2018-08-13 13:36:58,2018-08-13 13:50:25,2018-08-13 19:05:00,2018-08-18 01:56:37,2018-08-23,cc9b9e9c64d8dfc0456c0dc3484c1ee6,2018-08-13
b1268365b664df441154c615681ed911,48eea89af40f6e6691d00c5ab16a1f22,delivered,2018-05-29 22:09:50,2018-05-31 03:36:01,2018-06-01 14:52:00,2018-06-06 22:27:56,2018-06-29,a8941101d43dd447e7f5aa8e6cdc3e88,2018-05-29
1b3cd8f4c4ebba4139eb750ccf233e63,b4bfd1ea3d936462015549270cee273a,delivered,2018-03-26 14:22:35,2018-03-27 03:55:48,2018-03-27 20:18:57,2018-04-05 01:57:31,2018-04-27,e3792253a2a90ce93274393fdc332b53,2018-03-26
e29720228c32008620375389b6aa65e9,ef7d3722fe9bd14721ced0ea08b4b6fe,delivered,2018-05-17 09:59:25,2018-05-17 11:31:49,2018-05-21 12:00:00,2018-06-09 17:22:21,2018-06-18,dca8d755f4ac705bc0230636f775780e,2018-05-17
38fd8252e151b8a2392e7fc051a94240,81ee77ee8d1e9675aa596585f370c795,delivered,2018-06-24 00:26:44,2018-06-24 00:58:46,2018-06-25 08:06:00,2018-06-26 16:12:30,2018-07-05,9456584499ba1849ae10360efccfe281,2018-06-24
902864b6c62e404e8a57ca48c90657e8,2bf14bf7a1f0610883d264cae6bc4de6,delivered,2017-07-31 17:48:16,2017-07-31 18:05:24,2017-08-02 19:17:43,2017-08-08 19:15:45,2017-08-28,1605eaf5744972f09529a6ce287e9e47,2017-07-31
e167e5fec8b22247c94da22647f1d19c,1c60500fec405139b425e44a16d37a0a,delivered,2017-05-27 19:13:02,2017-05-27 19:22:11,2017-05-29 09:03:56,2017-06-19 19:42:42,2017-07-03,ba196b01634014ab8f69c7c3393d3c52,2017-05-27
c1e204186043302a0a6e1f4d955460fe,81840cabffc6c79f0f88fdbac5853531,delivered,2017-11-16 17:21:21,2017-11-16 17:38:40,2017-11-21 21:43:58,2017-12-02 18:38:46,2017-12-11,d4488cd2c52e84be85b9459b13a1682a,2017-11-16
38ea876db54669e7e86dc8c79049b795,0e7fec9f549c214a9303b5d4b2067ede,delivered,2017-04-03 20:05:04,2017-04-03 20:15:10,2017-04-05 14:57:37,2017-04-12 08:18:02,2017-05-08,3007d31c1b146229015df7b0acb29499,2017-04-03
1c42ccf6b3984742a3eacfcf23b4a67b,c4ddd9835b9536ea25f0302c98c4dbf1,delivered,2017-11-24 22:20:50,2017-11-28 04:31:09,2017-11-28 16:53:03,2017-12-16 14:24:31,2017-12-26,eaaec87b3486abc4078e664e7b8ae8ad,2017-11-24
db66ad4e69244a08ca990191877c78b5,fe15baa89a27d9486370adc29d11983a,delivered,2018-01-01 18:28:26,2018-01-03 04:33:30,2018-01-04 21:52:20,2018-01-11 21:06:23,2018-01-30,8b9d39691aea5534157f8cbdd46bf404,2018-01-01
4b9359b6bad98027f7a428063413d090,e33050f010b28fe50cf2c93329c97076,delivered,2017-10-24 22:30:12,2017-10-26 02:56:44,2017-10-27 18:49:52,2017-11-06 13:33:46,2017-11-28,f1c08d13b8520a6efa197627fada3a56,2017-10-24
06cd9d207dfbdde70cff4074b5b3dfaf,369fa8413084d3ca6d64c8532ed1943b,delivered,2018-06-04 09:15:35,2018-06-04 09:29:57,2018-06-04 14:44:00,2018-06-18 18:08:35,2018-07-18,2d5e5796e7901464c00407e69739c6db,2018-06-04
7cd531162eef394b7fb7def6cc0a9192,fa96d52ff7be59e7fc6487bd3a292ef7,delivered,2017-08-10 21:04:13,2017-08-10 21:15:23,2017-08-16 23:23:53,2017-08-23 20:25:18,2017-09-01,d660ffb88298ec2f46c7091097ec7439,2017-08-10
b0fea5446bb8ef92a53f062f4851be03,a43dbb1bf6bf0370736768de1e7210a8,delivered,2017-12-12 20:58:48,2017-12-12 21:11:37,2017-12-13 15:57:05,2017-12-19 15:51:55,2018-01-12,c3ecd543e25337bbc4396de872d8c333,2017-12-12
08ea1bc252569389d95f453e057ff092,e5dfc88a9e962f7b532ed9559d3bcc61,delivered,2017-12-10 22:58:21,2017-12-10 23:15:16,2017-12-11 22:58:46,2017-12-18 19:43:38,2018-01-05,3bf68977c380839add825091d73ba243,2017-12-10
c2732918af31f35e7fcf5d1bfb9b92fa,d3e368412ff575eaf086a0fd6aa37cbc,delivered,2018-03-26 09:57:32,2018-03-27 03:48:16,2018-03-28 18:46:45,2018-04-02 20:08:53,2018-04-16,c6d86dc61a679d6738e9a3e76c18d9e8,2018-03-26
d568f094af70874d55d22a89e093fe18,aa98b0ee899c4f787d88f11b88b50fc2,delivered,2017-01-23 21:35:49,2017-01-23 22:01:57,2017-01-25 09:37:51,2017-02-02 14:17:52,2017-02-28,0ac4d05bbe5f9dd1011eeadba1e76955,2017-01-23
1f6d86317f38faa3dc8534370197ee15,1a0760621f55a295a7603016d0b559af,delivered,2018-07-21 08:11:02,2018-07-21 08:30:09,2018-07-24 18:14:00,2018-07-25 15:16:58,2018-08-02,9cb59104da2858f0ed4ddc7b9d331f7b,2018-07-21
d19fb6723049906050963193ff88a628,bedca31272f1b18b30685a6c559871be,delivered,2017-05-14 23:34:24,2017-05-16 03:30:46,2017-05-17 06:10:04,2017-05-23 11:52:18,2017-06-08,7d3d94b4740895a17760e976797f9f0e,2017-05-14
d4b4050ad0885ce84603e34ee06201ca,49d7f0f85143c703b82ff332b33a4dbc,delivered,2018-08-07 17:16:36,2018-08-07 17:30:17,2018-08-08 12:12:00,2018-08-11 12:18:38,2018-08-22,ca60b9db72eab0a9a76c77f60aeb845f,2018-08-07
c28d64b0e65c1fc17a65f6902f11226f,eb136264e351f7e90ae306bdbbdbb44d,delivered,2018-08-02 21:57:29,2018-08-02 22:10:12,2018-08-03 13:55:00,2018-08-09 22:18:22,2018-08-13,f818b5035d2d61b52b779c512947f1fa,2018-08-02
db3a01453250325c27f1b54a5dabf495,bdb17993d471e48340c10c554b57ad7d,delivered,2017-07-10 18:11:49,2017-07-10 18:25:19,2017-07-18 13:18:01,2017-08-01 22:22:50,2017-08-10,de29b95d009359f46b6a7e8f7d932e21,2017-07-10
c1da287bcf49e04d36093b8296d121bf,ba4d4ea45ed0789a39a2546c52b078ef,delivered,2017-03-31 14:40:26,2017-03-31 14:55:11,2017-04-03 14:38:37,2017-04-13 13:04:15,2017-05-05,974148f722b785f187ae13ec0040abcf,2017-03-31
2c316630a424abef517f1f8d7295d666,9b2edc09b7b984bc7166ca79d4b7b864,delivered,2018-08-23 09:27:52,2018-08-23 09:45:07,2018-08-24 11:41:00,2018-08-29 16:07:28,2018-09-10,873f9e009227a7ee6deec94a05e82553,2018-08-23
5dab9be70a88ee01556f2313032412d3,6ce8b315fb9fdbbcedb0288584405079,delivered,2018-02-07 14:35:29,2018-02-07 14:55:40,2018-02-09 16:09:06,2018-02-17 12:46:00,2018-03-06,ddd369463e6c508c78dc1e53e2e3192c,2018-02-07
f918a05a6158db5265b92aa4ff3403cd,28acc3d60d72c58915836c96d496d0cb,delivered,2017-12-27 18:13:43,2017-12-27 18:27:27,2018-01-02 21:22:45,2018-01-06 14:16:05,2018-01-17,fe81b9d773a871a0c1395922c4357060,2017-12-27
865ac955daabadc2170a3a46480f4b5a,3de1e3501127d6220a7fa9cc9ec078c7,delivered,2018-05-15 10:59:47,2018-05-15 11:32:00,2018-05-16 14:10:00,2018-05-21 17:03:33,2018-05-30,ab26152e409f2f84f70b895fd820a110,2018-05-15
1167028eaef4a4e52b2ac530aa8beb9f,42f395e1f35d1a041bafea4dd0875e08,delivered,2017-12-15 11:17:17,2017-12-15 11:32:25,2017-12-20 12:58:10,2018-01-09 23:43:48,2018-01-16,846842ddffacb140a0ca1ef4daa033cc,2017-12-15
515ad53b1bdf1d9da25e0c1079a1b242,47f2b4375b6c1aee9a4f95cbe493e064,delivered,2018-05-17 00:18:46,2018-05-17 00:34:12,2018-05-21 14:29:00,2018-06-06 22:08:32,2018-06-13,ac546f61bb0d49eb5b0d8e61f10baccb,2018-05-17
38b80ac02e3ce34b306483fc57a33bc5,ceaeed79bef0496075037b3cc8eab28b,delivered,2017-03-12 15:34:47,2017-03-12 15:34:47,2017-03-20 12:44:54,2017-03-28 08:50:52,2017-04-13,7e2b5ad4ce455201b8264ff03f72ab6b,2017-03-12
4c374f090868ac5a5910f6b1fd383c25,023fafd700dff9fcc64d28e2defe98b9,delivered,2018-04-05 10:40:30,2018-04-06 09:09:23,2018-04-07 01:16:42,2018-04-11 18:19:24,2018-05-04,06c18dc9dc7a01e3322f4e9245dac0ed,2018-04-05
0eef4793bf3001d7eb4df206c37dffc9,64f878fbcfaa000fd3b63a0de693968c,delivered,2017-12-15 00:53:24,2017-12-15 01:10:29,2017-12-15 21:53:08,2017-12-27 16:39:07,2018-01-19,bef3261da7b48574dcefd076945e1b5b,2017-12-15
fe590d6e861c13a9b394a9d3775b07d7,b3b02ff03c556839d91070f207188bdd,delivered,2017-02-06 18:02:01,2017-02-06 18:10:19,2017-02-08 11:38:01,2017-02-21 17:22:09,2017-03-13,4ccb9e4180e8b01c2fbe9b1965929260,2017-02-06
6bd3baa0af5fdc1f3fe70a01055c597b,4283d1b5347631ecbabf42b4e91e9300,delivered,2017-02-25 00:50:34,2017-02-26 01:05:17,2017-03-03 08:07:51,2017-03-14 11:14:04,2017-03-20,fab9e084899053bcd70c3d4c1a28c674,2017-02-25
0705d1148d3c3d342f1a8c8ad33e5d3f,0805dba577d40a903cd65769580953ad,delivered,2017-11-26 22:34:08,2017-11-26 22:53:02,2017-12-07 14:48:30,2018-01-22 18:18:49,2017-12-18,ca759b8e1385038c002c281e4c4cc6a1,2017-11-26
3085b7ef3898f0caa9793f33a175b07e,1f182ea0d83bd0a076cf57ef94768e48,delivered,2018-07-31 22:18:25,2018-07-31 22:30:33,2018-08-01 11:19:00,2018-08-08 13:38:42,2018-08-21,420be7d41ee4292cb55d2616584b28f9,2018-07-31
680179732742008e49abbe7724279a81,1ad7f1b0c7aa25ae1cb06b495a2cd867,delivered,2017-12-03 21:31:23,2017-12-03 23:31:35,2017-12-07 12:24:28,2017-12-14 20:56:53,2017-12-27,0df55f5accedda71bda8f4c7f590951f,2017-12-03
39f0fe1c2222cc91a2c126338ffd0a77,a10f8faf57b7b124f519ba279f283791,delivered,2017-05-03 20:44:22,2017-05-03 20:50:19,2017-05-09 12:09:53,2017-05-18 10:41:48,2017-05-30,c49a27e936b3da76d05e20fd18a310cb,2017-05-03
a3618e87bbadb70219347557df7d551f,5056f8f76b7bb8600571fec6d7e542ae,delivered,2018-01-05 15:55:31,2018-01-05 16:14:31,2018-01-08 21:28:35,2018-02-05 12:16:36,2018-02-19,e97cafb8dc55238d5d13284f570f3005,2018-01-05
b2d1902261f105c5c09ca05dc05c2aa0,cffb78db58e0c8f599ae18ae859f9a31,delivered,2017-12-25 21:55:55,2017-12-25 22:08:31,2017-12-26 19:23:41,2017-12-27 15:41:40,2018-01-15,662b811d5be0ba95c55e6c89bfeb9cf1,2017-12-25
85f5aa79a7370114c788fd6752d6fdb9,75328d5e4b644743bbae293093f7be6e,delivered,2018-03-22 12:49:17,2018-03-22 13:09:10,2018-03-26 21:07:46,2018-04-07 12:26:45,2018-04-11,802ccb3100c72b81af2cb05d3be3ec41,2018-03-22
be162c3ed290c4feb0aab4d46123275f,26d3216ae8309f99d09049a7aa5b4495,delivered,2017-12-22 18:20:01,2017-12-22 18:29:34,2017-12-26 14:57:41,2017-12-29 21:22:07,2018-01-23,b982408cb592e409cf1931fda05f4f1c,2017-12-22
3068ff17db7d22d0a343f06ae2687c5e,00a2277d94755da60c916bab098b9b49,delivered,2018-03-17 11:17:20,2018-03-17 11:30:23,2018-03-19 18:38:32,2018-03-21 20:08:55,2018-04-06,9a4874151836dd0388acb83657ab7367,2018-03-17
16bdfd2bf4770d0648de769d3fc71cda,f3fa3dc9fd162f9d89d6d0957aeebdf6,delivered,2018-05-02 20:39:23,2018-05-02 20:55:30,2018-05-03 14:55:00,2018-05-10 20:41:44,2018-05-22,cd1a89e939f56a1809e967f4740305af,2018-05-02
75a9ffb4a9abf77fae3bf11aff5fedc8,08f3422a3e840638ce551d88ebe25a67,delivered,2017-10-30 21:49:30,2017-10-30 22:31:41,2017-10-31 16:58:11,2017-11-07 00:05:17,2017-11-13,552c85532ccddb4dee66f310466b4cc8,2017-10-30
2c810e97c1d3956172e1830863e6a133,ba2ad8b23fe2a0a45cdb33ae2cc42b98,delivered,2018-08-15 11:30:33,2018-08-15 11:44:11,2018-08-15 12:44:00,2018-08-20 15:15:42,2018-08-27,6ca64aa28917ec5f253c90fda7032b6c,2018-08-15
655bc8e53bf6638c8e7c49962fb60a4f,a7498bfe950aae505fb53f3647fa8178,delivered,2017-04-23 18:15:47,2017-04-23 18:31:32,2017-04-24 09:41:44,2017-05-04 13:14:18,2017-05-17,94de5f7537d6020a50a292445530837e,2017-04-23
662b16dd4926c4d8c8686a306b464500,28ffdf44f3266140740ff47770879765,delivered,2017-02-25 14:09:46,2017-03-02 03:45:15,2017-03-02 14:29:33,2017-03-08 11:22:08,2017-03-20,f5f988cc84c3eebe07da6c0782262a1e,2017-02-25
642286231b99c682c417463cbdc00b8f,68dc0182e4cf141c4b86924a0ba85937,delivered,2018-01-25 20:42:47,2018-01-25 20:59:12,2018-01-26 17:49:06,2018-01-29 21:19:11,2018-02-09,546512dbf70b82527113eb21882dd532,2018-01-25
544238f04f24765a69670a0195dc23c5,51b96673c2c4c07c3290326bcc6d2fb7,delivered,2017-05-10 22:44:43,2017-05-10 22:55:16,2017-05-11 21:17:44,2017-05-19 14:48:09,2017-05-30,821ddcb05dd510761712b157eff83c1c,2017-05-10
869bb454aa7fd93af2e620c1d34d5e49,be55f2be3c967a6b77b75158d8d6260d,delivered,2017-09-02 17:37:10,2017-09-04 15:45:30,2017-09-05 20:13:04,2017-09-13 20:39:03,2017-09-28,61e20081e2cdb77bcf311d438c3528a6,2017-09-02
7af8cc0ff9ec1dcbdf0880dac7cba603,4c89fdd6c3fa79bd2f7383da05475f81,delivered,2018-03-16 14:45:05,2018-03-17 02:50:40,2018-03-21 23:48:31,2018-04-05 15:06:42,2018-04-05,29c5fb3926f681168a4df2c0bee394c2,2018-03-16
110d11411569c88d2745d55180027f3e,dcdc2e29ce9bfb07a3c6d0d1e0775073,delivered,2017-10-03 12:56:49,2017-10-03 13:07:41,2017-10-04 21:10:56,2017-10-10 02:29:28,2017-10-27,3cb299a034806c72f41c926e8231ff90,2017-10-03
fab688950086bc930163ec1b228ead77,b25729f20309f4a1ffbfa1a250ed94d9,delivered,2018-08-17 15:10:54,2018-08-18 02:49:51,2018-08-20 14:30:00,2018-08-24 17:00:14,2018-08-30,a5d66eef5e4a6bf8cff6e4c1a941b82f,2018-08-17
4a67d501fffed1c90df7fabf5d40b861,51c7b23efae2b1f3a2b9fb6a2444d8a5,delivered,2017-10-20 09:56:47,2017-10-20 10:14:21,2017-10-20 22:37:29,2017-10-23 17:40:39,2017-11-01,8fa96451518d07499e1f5dcbac246376,2017-10-20
f34349c1787f5a47ace7555af961a47b,0bd97783f923de852985314ab0ef2f53,delivered,2018-01-06 13:59:12,2018-01-09 07:26:26,2018-01-10 16:45:55,2018-01-24 08:16:59,2018-02-21,983a584e1adcb4f3fad8211db435b162,2018-01-06
4114c50e035cecc014d1340671e07f88,7c39e1d850847549a7364245d341f35f,delivered,2018-08-13 12:55:41,2018-08-13 13:05:19,2018-08-14 12:50:00,2018-08-20 15:54:58,2018-08-23,3edd49fdcd50245d98b53ebb126af882,2018-08-13
1eec0efabea726c266e947674306621a,477b3eafd427bc07ce0ab9ddc85bc89c,delivered,2018-07-21 20:58:42,2018-07-21 21:45:10,2018-07-24 15:48:00,2018-07-31 17:34:51,2018-08-13,ee35feab2d4d97321df40774d0cd035c,2018-07-21
e5e002b62cfa5c3917cd18d862778916,83d55f159d479719eae036a2093ef4be,delivered,2017-11-10 16:28:51,2017-11-10 16:51:24,2017-11-13 19:02:40,2017-11-25 00:28:56,2017-12-01,065c54f9c2d4b54d9203c98f4f247089,2017-11-10
bc46a904b86fbf6c3d2f49a74fab7e66,94d7884a5c20f036ed5933759a5e0bff,delivered,2017-08-24 22:01:40,2017-08-24 22:15:11,2017-08-30 18:23:01,2017-09-06 17:25:55,2017-09-14,21cb9d12a5f5fa9226199fb6483c9208,2017-08-24
dc731e00fc45a039b43e6108a19c4db9,51365dd4199bd092e333ebcdb3f8942b,delivered,2017-10-20 10:34:52,2017-10-21 03:06:02,2017-10-24 20:47:38,2017-10-30 17:03:56,2017-11-16,c613433e349450674185eef904ac26b2,2017-10-20
dc1db1e1520b30e1d279a28b53a2f169,f357d1ab7a43c1fd63ed0d5e91e15cde,delivered,2018-02-21 18:56:47,2018-02-21 19:15:48,2018-02-22 16:44:00,2018-03-01 17:47:06,2018-03-14,57c5ce329d6c270b4024b0282bc0b015,2018-02-21
ca538977254d9e1b733e6946e3c323df,c664a140f1fb34170b8823eb0f7f8b70,delivered,2017-11-27 10:28:50,2017-11-27 10:36:26,2017-11-28 20:51:42,2017-12-04 19:26:50,2017-12-12,fbbe58a328ea42ef81cda135b2d3eae2,2017-11-27
27daa394276d904c4a0fbe8307e854b8,591a5073a1a1ba93697460e7b802558a,delivered,2017-06-11 00:50:56,2017-06-13 03:45:18,2017-06-16 13:58:16,2017-06-23 11:16:36,2017-07-07,754d6051ad0a7cb9382e899d9819f835,2017-06-11
2015fdddda0f27eaf4ebdf451d70a41e,1480b09f03509b43490678fedbfcf39d,unavailable,2017-10-19 13:52:04,2017-10-19 14:07:41,,,2017-11-10,d2f60a4415335f2671dc71a8f25c6396,2017-10-19
3e22c141d2861860889375c6fd7b89b3,afecd87de20b72ea2bac4b7cdfe977f3,delivered,2018-01-21 12:16:51,2018-01-22 13:48:46,2018-01-24 22:46:40,2018-02-08 20:26:52,2018-02-26,dfbcc41e559a4afae12abf5adfa17c6a,2018-01-21
b6d3f75a92e19fb13f1c33049cfb9a29,e22bf63c919b667e3f31fc1f6b28e5ff,delivered,2017-02-12 19:48:59,2017-02-12 20:03:10,2017-02-13 11:25:36,2017-02-21 13:56:21,2017-03-14,2f28267abd72c01678895a923690d89b,2017-02-12
c80425e9138d23b213a2cfd0261ddc69,fe874488da2abfa11a91a0ff32c5322d,delivered,2017-06-03 01:00:32,2017-06-03 06:55:18,2017-06-13 16:10:32,2017-06-19 11:53:53,2017-06-29,f79d38a140f25ec7457fa5dcb6d05c09,2017-06-03
6251915eca989de65a0d5bd949bb98fd,9d4f394cfc7fbf420201e20f14e87aac,delivered,2017-12-01 19:00:12,2017-12-01 19:30:59,2017-12-04 18:09:49,2017-12-19 00:22:46,2018-01-03,defe4411ce1c0039696a89f179d3fbfa,2017-12-01
ec9e84c39657229cb100e43cff1e533f,30e72f956b5a6cb7870d3de8f8ea98f7,delivered,2017-06-09 10:54:14,2017-06-10 06:43:00,2017-06-12 13:05:12,2017-07-05 13:47:45,2017-07-14,17775f8ed3e90ff0809cda3103c3852c,2017-06-09
47ea7a7404f3a2bd852026254b803f48,f28aac2789e12c47afd75647b5788bfa,delivered,2018-03-03 17:48:45,2018-03-03 17:55:36,2018-03-08 20:04:30,2018-04-05 01:06:32,2018-03-23,e3a07a2fce775f67bcf06e6278807608,2018-03-03
efbc0e9b01233ba37ab8dccf2f26bd64,525f5961d830dc5dbfcf7fa34115ab8d,delivered,2018-01-07 19:43:46,2018-01-07 19:51:28,2018-01-09 23:33:33,2018-01-16 16:21:53,2018-01-31,f43ddbe7f8592b5a39fc2f754f529f7b,2018-01-07
e096a43b2e81fa2c359be74375d5ac7f,c12696e075e4644cdfc57dcbb39ad5e6,delivered,2018-05-05 10:18:35,2018-05-05 10:30:16,2018-05-07 12:31:00,2018-05-12 14:11:22,2018-05-30,61a4644f21f92ec8d478c06ac6d3a88f,2018-05-05
235d63795ce7643944b9b41203d37c30,24912b3f70d821646de5391c74cad1a7,delivered,2018-07-12 17:34:28,2018-07-12 17:45:19,2018-07-13 14:13:00,2018-07-20 16:03:37,2018-08-08,398d0e6af5ad81e3cf33223483f0b967,2018-07-12
3bfd703ce884b8a0a65e63f2d4db6393,4f61f8c61f079aa7d12dc2b21087507c,delivered,2017-05-10 17:45:05,2017-05-10 17:55:19,2017-05-11 10:23:53,2017-05-12 14:30:06,2017-05-18,3ff2c5fbda0952d5b0a7f32aa0437e8e,2017-05-10
59ae998fa589f6eac5075e8cb57535d6,99321c3c5dfed7e71830be1e057958cf,delivered,2017-04-18 15:26:30,2017-04-18 15:50:17,2017-04-20 10:44:41,2017-04-27 18:37:51,2017-05-15,06e064e7008f3d351d74a80da7576bcc,2017-04-18
386b7bf21f38606191446a1c627e2de5,ef70c1f3ccf82c71b14732a31ddbed77,delivered,2018-01-29 00:04:16,2018-01-29 00:15:27,2018-02-01 18:54:31,2018-02-14 19:28:36,2018-02-26,1bf3e00d9dfea84376d327a7eb2d7821,2018-01-29
61bad37b59417cf4967b83748544fd52,380891efdcfa5b83e68b95d88a4b292b,delivered,2017-12-11 19:49:26,2017-12-11 19:58:31,2017-12-14 03:15:21,2018-01-03 23:38:31,2018-01-11,9282a1ee76b12ff57a5919652b3ad860,2017-12-11
bd4b1315e0c46475e9b9b287f60292ca,d21ba493f57709eaca3b75275925dbb3,delivered,2017-02-26 16:04:10,2017-02-26 16:15:12,2017-03-01 11:36:46,2017-03-11 08:09:04,2017-03-24,4203c7ce660fd8a234fdebcf106a4493,2017-02-26
6e57e0a357e780334cea7b98208d6f25,74ba059969ec252a654dbd3e73f11e26,delivered,2018-07-05 20:35:04,2018-07-06 02:35:09,2018-07-06 09:56:00,2018-07-11 14:57:42,2018-07-18,ec6228b4e70fad54a81c9677a1e191cf,2018-07-05
5bcc22a5b7883bf37424018f8068c511,2ff967be7f6652e68ab0c412054f6aea,delivered,2018-07-27 16:23:54,2018-07-31 04:31:53,2018-08-07 16:10:00,2018-08-16 15:58:52,2018-08-23,5ce0fe1fb00b7bd8dcb41e207c831c82,2018-07-27
d8eb5e8c7fc14da34fc5252a2ca7cfab,673109a1fff714fa4273743b032a9324,delivered,2017-12-15 10:16:16,2017-12-15 10:33:44,2017-12-15 20:38:04,2017-12-28 22:43:10,2018-01-10,f6cc987aff14cd5525d0302701942722,2017-12-15
498e066f76ea893807edbcf498e2cac7,398cdeaf241e3ab97c45cfc7471edc4f,delivered,2018-03-01 15:13:28,2018-03-01 15:35:32,2018-03-02 19:19:44,2018-03-22 16:04:26,2018-03-19,36bb24e56557dc59fe7919344f2b0a5e,2018-03-01
48a224f9ab91e6f61f0f90e854cd7deb,8e802aa92e088465b6a3cbb2a5188d5f,delivered,2017-02-14 09:04:02,2017-02-14 09:15:10,2017-02-15 09:28:43,2017-02-17 14:53:50,2017-03-13,b500796aff2ccdca14cd3659f5ec4977,2017-02-14
644a46554c6d9ad03b6b8c47553ff97b,ff1650eea871a455fa3c5467669552f4,delivered,2017-11-30 23:17:32,2017-12-01 10:31:04,2017-12-06 11:26:00,2017-12-19 12:09:42,2017-12-28,61d77e12c394f213193b63e2c0b1c8e0,2017-11-30
0261b9a1fd7da49cec3906e055b2f59d,8e78dbe65183a6e99960e0ce46b373ae,delivered,2017-02-26 23:37:07,2017-02-26 23:50:19,2017-03-01 11:09:38,2017-03-15 06:55:38,2017-03-30,8a7d35e7b3f0a4377e1c75bfe379ac6e,2017-02-26
e748c54b8577378ff4ec891345c9b884,fe699c8535ad2dde2050b768c4b2fb4d,delivered,2018-02-09 13:46:48,2018-02-09 14:09:04,2018-02-09 23:33:28,2018-02-27 01:22:27,2018-03-07,2312111a663c6fe21d6068e7fe2d9672,2018-02-09
652a34a98deb42a4ce9408d3287a100d,968608ae5dd04c867ce28fda6b8642e9,delivered,2017-08-04 01:58:08,2017-08-04 02:10:06,2017-08-04 18:33:11,2017-08-07 20:12:38,2017-08-17,7c5f9342acbf10fe530bd1af65dcd739,2017-08-04
6804819a81c7f5ddaa37b18b5824ddd9,2b626729e6d9c7d61d07f623c9602f2f,delivered,2018-05-29 16:27:34,2018-05-29 16:51:32,2018-06-01 10:46:00,2018-06-12 19:14:42,2018-07-04,4490a55cc9a1f1d5a0998c23f8c18367,2018-05-29
c8bb5e3a323ce2493a2a00f055b10f11,1314035a90e7564cd6612e1cc9d7c9f5,delivered,2017-09-12 21:22:11,2017-09-12 21:30:23,2017-09-13 14:42:36,2017-09-29 19:37:52,2017-10-02,43ecd911f3142c7d45b6bc8e951f9756,2017-09-12
9ea0a40497073e1fb4b7e78c1df24073,0411da92259f0d405855212ed6e54118,delivered,2017-03-29 07:47:28,2017-03-29 07:55:20,2017-03-30 13:12:53,2017-04-03 13:53:55,2017-04-25,3d5efc786ec6e6f3c748510e8d937473,2017-03-29
5c1a1b1497c648a90f29778a4fdfa2f3,e4ae92658a82f75ae29c271faead62c6,delivered,2017-11-21 11:23:29,2017-11-22 02:36:31,2017-11-24 20:36:55,2017-12-01 19:07:34,2017-12-27,7cb3c6987d53ecd1706fe2f9d6e3dfcc,2017-11-21
5c41c8b1cb46ca2a7fdd390e960d9ade,3d3464ab866955b8cb517c77fa19150c,delivered,2018-07-17 21:08:27,2018-07-17 21:21:46,2018-07-18 15:35:00,2018-07-20 19:51:55,2018-08-01,0eadf559de4a9aa3c3f67d5b5afe15f2,2018-07-17
46577915955882637e4399fae724c027,ac226e67c913e5f1039af998a59e538f,delivered,2017-11-25 17:47:46,2017-11-25 17:58:24,2017-11-30 17:29:33,2017-12-05 21:39:47,2017-12-11,a3ed0175a3e38fbad4e58cc1c02ded7c,2017-11-25
7dfd2a57927c21f5768da795fa18b460,386866a1fdcf810e483b35c769265464,delivered,2018-03-07 16:35:41,2018-03-09 02:31:21,2018-03-09 21:14:41,2018-03-13 18:06:29,2018-03-19,7e1078ea024b3eb464050d819ba6e75a,2018-03-07
4a2882a91107820eb25a65e0190575b0,2bf1c80d9968dd73dd1ff5a5981b884a,delivered,2018-07-09 15:14:48,2018-07-09 15:25:12,2018-07-10 14:22:00,2018-07-11 23:36:46,2018-07-18,17fd1d448d7f604a88daebca696d03c6,2018-07-09
dd14b7426d230b6c50002b13efdcbc9f,1133179ed0c10dfa70681cef16b90b52,delivered,2017-11-24 16:22:22,2017-11-24 20:19:32,2017-11-28 21:38:40,2017-12-14 15:19:06,2017-12-15,5ef21ead635e958516251760f2d69988,2017-11-24
6af3d9ab67bbedd3ca2c43eb08be0f91,f94ae0d07bfc8fb9170305971a288ad1,delivered,2018-02-11 09:15:52,2018-02-11 10:00:24,2018-02-20 18:34:32,2018-03-08 10:16:58,2018-03-14,02bcfe95cecaeec75514a6e1db184ec3,2018-02-11
0368f4fdb586fe3cde123934d4ab5b5e,f561479d04074fcab81dd916fd6a79e4,delivered,2017-05-29 17:55:47,2017-05-31 07:02:53,2017-05-31 15:56:57,2017-06-16 17:37:54,2017-06-22,0b7e8a47536e37a99cd123528fee61b7,2017-05-29
879ed1a79b3970f510fdb4b4aa3f86e1,0816e830480fc8a07ea1d535160a544b,delivered,2018-03-06 16:53:32,2018-03-06 17:42:17,2018-03-09 21:58:30,2018-04-04 00:48:32,2018-03-28,4ef160d0614da965cc0737ab753c006d,2018-03-06
48afb47de24e677ca982e101f5e1d7fb,5f9b9111b88da78fd820c8aaf90215a0,delivered,2018-02-03 15:19:52,2018-02-03 15:35:30,2018-02-05 19:32:37,2018-02-19 20:48:31,2018-03-02,ed14f2102a49e750f344b3be696f5560,2018-02-03
41b7994f6fdd38dc855f6f6a5c61b459,214c501c82476bcbd7e0f7b13e8ab029,delivered,2017-09-05 15:23:23,2017-09-05 15:35:20,2017-09-08 21:13:59,2017-09-18 20:57:30,2017-09-26,351748d78843cee737277f6f56fd8543,2017-09-05
53ae2131bd6826cb604888a0f7574146,4f6b571b7acbbb26229b0cda932528f6,delivered,2017-12-16 15:08:36,2017-12-16 15:19:31,2017-12-18 22:39:50,2018-01-03 23:57:34,2018-01-12,e7c90d9d21bb5720f0f07a7a3c73fc19,2017-12-16
8293cb6241edbf2b03ae13125b6b334a,3e39c97de34f634ccb1781e66e158beb,delivered,2018-01-06 16:06:31,2018-01-09 07:19:47,2018-01-16 17:22:38,2018-01-24 20:58:47,2018-01-31,d2ba84114230bd2f5d401ddb302ac4cd,2018-01-06
d9fa42dd4d9ba1b1ff2b371a141c8b82,19f78b3cea440daf3c75a48f8bb231e1,delivered,2017-08-14 17:11:24,2017-08-14 17:30:15,2017-08-24 22:25:00,2017-08-31 20:23:55,2017-09-18,c6f4ee4875d70f9094deb56a2ab36db3,2017-08-14
71ff7ff9c86023f13d546d2e953d531b,ef5a6ca97d80cfe694da8576c7442cbf,delivered,2018-04-16 20:07:20,2018-04-16 20:51:39,2018-04-18 22:31:45,2018-05-03 21:14:55,2018-05-08,53ebb9ee8a331049f639d1a92c908eb8,2018-04-16
576209b9fa58032b16db7d94289dd794,8526d7755b62b8997c276e1a475cc694,delivered,2017-04-26 17:02:12,2017-04-26 17:15:12,2017-04-28 16:21:14,2017-05-25 11:11:56,2017-05-17,286c51fe0bc2f07fed3594a58acf77f4,2017-04-26
931c2c48280fd5fdd6efb2ab446f4a89,9a088786e619fa69c5d54223a0903d49,delivered,2017-09-14 15:42:20,2017-09-16 02:55:46,2017-09-18 19:02:38,2017-09-25 21:12:09,2017-10-05,0cb77f312e44cf392c9c5a6e0268c20d,2017-09-14
150fcc8df2c2209011c3ddb2482f36f5,704224f1e04b795810ab54c059293306,delivered,2018-03-30 14:58:30,2018-03-30 15:47:06,2018-04-05 00:14:30,2018-04-16 13:20:57,2018-04-18,77bec160eea4c91d33d6b6b4e93c9e21,2018-03-30
e2d027e2358cd57b0616adc9ced4c560,5b82ff3ca89561e5ad30db98a155caa0,delivered,2018-04-23 23:01:39,2018-04-25 04:11:22,2018-04-26 13:57:00,2018-05-03 20:19:37,2018-05-25,f3384dce2fe174f81c5b726b00dfae40,2018-04-23
e5812a30b6ae5ceaae29fdb7920e7853,7fd75cde37763056447d7af53a56fe96,unavailable,2018-07-30 19:35:39,2018-08-04 23:31:03,,,2018-08-08,33e79e15e9937ba1bc8f61eedae9e7f0,2018-07-30
05ddc7eac5c1d01a5412368354426943,1e0123f53e6dd3fba2b938d4d5871029,delivered,2018-02-27 16:00:24,2018-02-27 16:15:33,2018-02-28 00:28:50,2018-04-02 17:18:36,2018-03-19,c80c64c5de8503dec1c5cf8ab277ea5e,2018-02-27
77ff811b9df5550b4691cc8b4bb4902a,5a071d05721e981ccc98f78ca852502b,delivered,2018-07-03 13:21:12,2018-07-05 16:08:45,2018-07-05 13:03:00,2018-07-12 11:41:27,2018-08-03,f08a6fc13e8f943fe12a891e58d232d3,2018-07-03
e5d4c985cfb24d8e62045041e4df6087,e529a06a810f06219aa64991c7df84c7,delivered,2017-11-21 22:03:24,2017-11-21 22:11:19,2017-11-30 17:58:42,2017-12-04 23:12:21,2017-12-01,a798808dffb7b6a9b706ade363390f54,2017-11-21
bb0523c46f053398dad1bd83fcc8ddf3,e933ace272dc60617553808f591ddd19,delivered,2018-03-04 19:32:27,2018-03-04 19:48:51,2018-03-05 19:28:53,2018-03-17 15:58:55,2018-03-22,27726eb47170a981b59b9842f2bc533c,2018-03-04
25fc8722bbbe6078d34f792c3cce00fc,5bbc7a7907d06b5ff8feda633ee5dae4,delivered,2018-05-08 11:59:05,2018-05-08 12:16:59,2018-05-10 09:15:00,2018-05-11 21:44:33,2018-05-18,a0d8e948b52b28c2528388f32033730e,2018-05-08
45029aac398517a7869c2f22ba01affd,a9fda05a43c3b49daa87bbc1058f1e0f,delivered,2017-03-12 14:02:57,2017-03-12 14:02:57,2017-03-20 08:35:50,2017-03-24 13:21:26,2017-04-05,609adc68db390a15fd21648c496f50b7,2017-03-12
c57fbb30efb2a0170ccc3db897839462,a340a31c375e325235ebea62465f3f24,delivered,2018-02-13 10:29:59,2018-02-13 10:47:08,2018-02-15 13:08:24,2018-02-26 19:08:07,2018-03-13,09fcc57e55d6ad4410ba53c762304320,2018-02-13
02d2287dea15cd93d945f1749f3288ed,79b51496a256b201c6b620c4106e9166,delivered,2017-01-31 16:59:03,2017-02-02 02:45:22,2017-02-06 16:23:42,2017-02-10 13:08:46,2017-03-01,2d63cee981bc69c503a9b6e25060f67c,2017-01-31
a3016f532570aae9cecf667e2a6e06ff,33558d4eb024b7bf312a7b7e188b4876,delivered,2018-04-22 02:23:17,2018-04-24 18:55:57,2018-04-25 10:34:00,2018-04-30 23:14:52,2018-05-22,408269108b8921c13ae1ef727c5ca4cb,2018-04-22
d58ee8a6ff29ae9de6d1c8037e0576fe,18a23b8649b823c105ec408fbb12c7d9,delivered,2018-01-26 19:53:54,2018-01-26 20:13:22,2018-01-30 19:28:38,2018-02-02 18:05:43,2018-02-20,8bd3aef6f6023912eeb6d7a4e9ba5fda,2018-01-26
2671e7f4ef9e76c9019650580aaeae95,6af371c39fedbcdd00ce27dd1d7b87df,delivered,2018-08-04 15:45:15,2018-08-04 15:55:13,2018-08-09 15:27:00,2018-08-16 11:26:58,2018-08-23,66638d4e6ade7a409fb4cf91e30b04c5,2018-08-04
6858998aecdc09bc7b5a8ec2d79d21ff,7beef6c0644f9402eba0252182e1b608,delivered,2018-03-01 11:12:48,2018-03-02 02:11:04,2018-03-03 02:42:25,2018-03-13 20:51:53,2018-03-26,822fbb1c216c4619d704515b52494dd7,2018-03-01
4e426aca1d549d77439cb4eb115a5d37,1841fd04cb90d18f82330850fe69994b,delivered,2018-05-03 10:42:42,2018-05-03 11:54:43,2018-05-04 14:01:00,2018-05-18 18:59:31,2018-06-01,f724b3ce91442d9343e2883ef1bbfa96,2018-05-03
7708627520d1045aae5a3e31f89d3491,20c6d809dfbc5aa2dec5652ee604a91f,delivered,2017-10-24 16:58:19,2017-10-24 17:14:28,2017-10-25 17:05:10,2017-10-26 18:10:41,2017-11-06,8dc4412f2ddf5ffee6cf50e6278b37fd,2017-10-24
26d3771b463a99f7dca5a96346871d48,af632360b0419c8b796d680b15acafb9,delivered,2017-07-01 15:16:12,2017-07-01 15:25:13,2017-07-03 18:07:40,2017-07-19 17:54:48,2017-08-02,f1fe2c49ea8099e0e531fd905a09c6bb,2017-07-01
387b686e67af0056a9b8784b8097808b,37e28b73bd82f4a01e05346a75f998d2,delivered,2018-02-22 16:33:54,2018-02-22 17:20:27,2018-02-23 19:46:36,2018-02-24 11:04:32,2018-03-08,de72cbafd7810135931b7c89719391c3,2018-02-22
84198a43f45cfba1ac8532871da9fab8,6b5c111bee605b7af9779ffd96c1b564,delivered,2018-06-02 14:19:39,2018-06-05 04:52:04,2018-06-07 14:25:00,2018-06-08 13:26:43,2018-06-28,abdcabbedfd76c4a52af2cea1f71c7e0,2018-06-02
ce6ce659b1584fb64a7ee077d764a37c,d076bfcf489b61fa7f2250ce85437260,delivered,2018-05-08 16:07:09,2018-05-08 17:11:50,2018-05-10 14:26:00,2018-06-01 12:12:50,2018-06-04,a2c8a9917071c92fde9fb4bb8f111d52,2018-05-08
273f82958d907705dde15be4062c6888,a15b58ce82f163a86621d29cad826745,delivered,2017-08-28 22:47:17,2017-08-28 22:55:21,2017-08-30 12:17:05,2017-09-06 20:51:54,2017-09-25,385c87610d86a6d2ce2c5ed1b8be5c15,2017-08-28
b607cddb1d5540b72adbffe3ffa05328,1b9d4ab93945ccf4032f286a4a803192,delivered,2017-02-10 10:31:39,2017-02-13 08:35:17,2017-02-13 14:10:44,2017-02-17 12:01:44,2017-03-13,5b77d434b60d6843067eb5494029a21b,2017-02-10
a1a601783c958327168e1009b0758984,71655ca61ab778759a241a1188d03d37,delivered,2017-05-09 09:32:59,2017-05-10 02:50:10,2017-05-10 15:49:48,2017-05-17 10:56:00,2017-06-01,bbf79cc2761d5dd29a99fcc49e00189e,2017-05-09
2703a0a31bb43692da23f4da8cf531d0,c9e5bdf1cc9f733390e61fca764b51e4,delivered,2017-10-17 17:12:36,2017-10-17 17:28:35,2017-10-18 18:32:26,2017-10-23 17:50:34,2017-11-07,d1648c587d8b9f4e343a6a0c1aae6a95,2017-10-17
9d141b2bebc8cf4060d3fe3e0d2f0b8d,c86715dcba3227e77d22ce56b9fe1356,delivered,2018-08-21 15:16:26,2018-08-22 10:50:23,2018-08-23 15:55:00,2018-08-25 12:48:38,2018-08-27,1cd60d3658331ad4d42bb8c35ea76c98,2018-08-21
e2cb8763d4216d9a23fd322ac9fec713,7adfc76578b9a1d88f2b3f7b45d00e7f,delivered,2017-11-06 15:07:34,2017-11-08 08:06:48,2017-11-17 21:24:31,2017-11-23 22:43:04,2017-12-08,0b8f48c242246419f92b6c43b0165010,2017-11-06
a969d2592327e7f49ce1f3edfc7658eb,42e43771ef15bff77540fb1fa6d3ae6b,delivered,2017-07-24 15:58:37,2017-07-25 03:50:25,2017-07-26 10:27:42,2017-07-27 21:27:54,2017-08-14,34fdb95b0ee757191d2fade6bed8745a,2017-07-24
85aa425106ebd563ef29f08d6cb0f4d0,4e9dcaf7221d67f9d31968732447c62d,delivered,2017-03-06 16:42:52,2017-03-06 16:55:13,2017-03-10 15:14:25,2017-05-23 16:52:25,2017-04-11,ae44e3fd0442d02e4622641099364b99,2017-03-06
525e11b26fdb7f41471d289897d0f6da,8f36bba3eb0b719188eec69560d5d815,delivered,2017-04-04 16:19:10,2017-04-04 16:30:20,2017-04-05 14:44:29,2017-09-19 14:58:10,2017-05-08,452ab8cfe9ab69e589da08845df9cebf,2017-04-04
011105c3b5b8693eda1bfb1f152cec2a,63cff72cfb37670b3c826dedcaf32a6d,delivered,2017-07-31 13:45:07,2017-07-31 13:55:22,2017-07-31 21:03:27,2017-08-08 12:45:52,2017-09-01,e2c40c8b0afea459059e4f2b8d22b6f0,2017-07-31
f8c830660882d73b51a825170d8ef567,bf1527fa94f9bea5592f737d50ea325d,delivered,2017-08-18 15:07:18,2017-08-18 15:30:21,2017-08-22 20:44:43,2017-08-28 14:37:53,2017-09-08,9c63cf8da1b78841b18e67eccb97ca65,2017-08-18
ec13417c22246237142725ec35601c99,dfac9d10624695e08c8f22fa589fc2ca,delivered,2017-09-27 13:30:21,2017-09-27 13:49:15,2017-09-29 18:58:31,2017-10-04 13:41:50,2017-10-16,c6a129ae82a126327a797768240be473,2017-09-27
89b0e57c47e090334a13fad8d382246e,77e10fc2d1caedc97de8b3e10db7e69e,delivered,2017-11-21 16:22:07,2017-11-21 16:34:29,2017-11-23 17:21:29,2017-11-29 00:39:07,2017-12-01,ae72fc322c436d955bae749b31ef4b97,2017-11-21
0cb709ce376d73c096eac3e210ebd5d6,da78330582f1c9cd7b9bed4c3453f269,delivered,2018-05-17 20:07:30,2018-05-18 01:57:24,2018-05-22 14:55:00,2018-05-25 19:36:35,2018-05-28,7ab7fd32096f1df75a29d00683c46b4a,2018-05-17
7e8621aee1744545201cf729ca143853,4c831bc8fa7d54c003e65dec6f327731,delivered,2018-05-16 23:22:06,2018-05-16 23:55:10,2018-05-23 13:58:00,2018-05-25 18:30:58,2018-05-29,dfc2cb9ebc14c82f8ad55f91d882cc03,2018-05-16
9e04fc75cebeb85d63c311105977d2fb,970e923dfba9a92316788f875593b923,delivered,2018-02-25 16:20:22,2018-02-25 16:30:40,2018-02-27 17:44:33,2018-03-05 10:45:06,2018-03-16,e6a3310e2cd4563b55022637e6ac3a49,2018-02-25
3c75044db750a89606612ed286713eb8,ac318397fb90e64c9a724a3fc61ef587,delivered,2018-03-13 20:11:20,2018-03-13 20:49:24,2018-03-27 16:06:18,2018-04-03 02:42:11,2018-04-19,aaad33c5051196b5e73c7d65b9072e1d,2018-03-13
6b6a02cd68662e796263b55aeced16ad,f1295cf50f85831a3c9e37651cba8792,delivered,2017-10-16 11:10:16,2017-10-17 15:49:19,2017-10-18 20:22:26,2017-10-23 20:52:21,2017-11-13,dae89ff4574b8811d0698010c326665a,2017-10-16
25dae1a0efc5bba5a14622eaf552ad78,868884e6ad80e650949473ce7f88d29a,delivered,2018-01-08 08:53:22,2018-01-09 07:21:02,2018-01-09 16:34:26,2018-01-23 22:25:54,2018-02-16,a42ab281a0f5126eb21dd9845327e39d,2018-01-08
3a4bb517adcdd976a7ec9d02ddc7878e,dd841ed125481bf757b5f97a9cfd7e03,delivered,2018-03-17 14:09:20,2018-03-19 21:48:34,2018-03-20 22:38:44,2018-04-12 23:28:42,2018-04-09,3317147a68cc73ed7169094bf7f001b0,2018-03-17
de5a2930a7d61f2dbf75078d7bfde0d4,faf44751a1b04dd9363e5dd2d8325854,delivered,2018-02-27 09:53:16,2018-02-27 10:10:20,2018-02-27 21:28:58,2018-02-28 21:55:44,2018-03-13,8898ed0e3fd8f195c1161bd89c74917b,2018-02-27
2563b04fb444e1918ac6d6e63f3ab039,d8236508771fa66dcb0d59cced5276ca,delivered,2018-01-27 21:51:04,2018-01-27 22:12:54,2018-01-29 20:17:19,2018-02-06 22:33:43,2018-03-02,91019e41930c9f39ebdc04bb58376143,2018-01-27
f42aa99551fc0cb6b7a8ec5762a23539,f728097fa8266554f9c64770d37deae0,delivered,2018-02-02 09:04:07,2018-02-02 09:53:10,2018-02-02 18:48:57,2018-02-08 20:04:21,2018-02-26,44bed2515d734a3c21ed8fe864783a29,2018-02-02
2bb0df7d50a3815dfdb6a617ce3d5325,deecde363ad6408bbfc7b40e97a7ca01,delivered,2018-03-09 20:48:27,2018-03-09 21:09:50,2018-03-14 20:46:36,2018-03-17 20:46:25,2018-03-21,a9f95ad21df4d6e1649b0592a23c6bd4,2018-03-09
53cc826fc95813b674969ef042406273,7f210db3cc1abe29d89c10ab8f75331e,delivered,2018-02-17 17:55:44,2018-02-17 18:10:21,2018-02-20 02:56:55,2018-02-21 21:43:17,2018-03-07,3922bdcf93b4c71adc360245e05dedb9,2018-02-17
8e2cbf2f771a9e3db9a33a324d3a2b0c,c956a929bf20e4511644a58aa4df6f88,delivered,2018-02-15 19:23:46,2018-02-15 20:00:24,2018-02-22 20:53:47,2018-02-23 15:28:16,2018-03-02,15dde4137d6fae5da4310bab2b5a953e,2018-02-15
e0043b9e113bdc5f84b14893d62e00ac,567e09a51ff57f2f6ef54ef2dcb742e8,delivered,2017-11-24 12:00:57,2017-11-25 04:15:21,2017-11-29 15:12:10,2017-11-30 19:26:44,2017-12-08,17dcb8c62667824b3e3755a5b680ebc6,2017-11-24
f68cab86ff2a610cff4a1c13fca1cdd2,e4560fe786a08159d4c201d309b4600b,delivered,2017-05-19 17:27:36,2017-05-19 17:35:14,2017-05-23 15:53:40,2017-05-29 16:57:50,2017-06-09,86abe4b00863e028cd0b291f7d6b50e0,2017-05-19
206fd475687c54cf4754368e15e43637,fc7e521457f2d19ac89645104cfa33f5,delivered,2017-04-21 09:36:24,2017-04-21 09:50:13,2017-04-24 13:44:36,2017-05-11 10:32:43,2017-06-08,16e783da25b0c8c2e912bea61a4dda9b,2017-04-21
1a4ce6e380dae0771ca218753b0739a1,0ef47f2d4519d5be12cc87d038f8760b,delivered,2017-11-26 19:40:29,2017-11-28 19:36:28,2017-12-11 18:21:59,2018-01-04 21:37:28,2017-12-27,ece1d23738202e1ff27cf42c39550074,2017-11-26
43f0c422cadc9474b673766a3f63df22,5103b5905f86db69255a1b30c64f58aa,delivered,2017-04-26 14:40:13,2017-04-26 14:50:14,2017-04-27 08:33:07,2017-05-04 15:24:53,2017-05-31,1ceef9dd9c5a59216a967a8c54bb4bbc,2017-04-26
4ef8fef15b3a1986d266d349b21ab021,8ad2cd280907b0111796b6218d3fe67c,delivered,2017-03-09 20:16:03,2017-03-09 20:16:03,2017-03-13 10:32:33,2017-04-17 15:23:36,2017-04-03,f7b4ed4662743e6d6f05652b7479c8d3,2017-03-09
74599b2f01a4dc2150e3e9c9d8ecab7f,e8ae3c014c3089e4d85ea36f72cacbba,delivered,2018-08-02 16:55:13,2018-08-02 17:10:13,2018-08-03 15:09:00,2018-08-10 13:12:03,2018-08-24,6bda880d3010df6afe07005de1b980fc,2018-08-02
91575acf2a356af85894e1c3b1612e81,9303027a4c0c8a1e479e4c67045dff4a,delivered,2017-09-06 13:07:48,2017-09-06 13:24:07,2017-09-12 13:21:23,2017-09-29 13:46:06,2017-09-29,2a3126325a3b3981d40d3662894199e6,2017-09-06
50a27906921dc9ef4b7afa6cdb04649b,36fb830261b73dccda10d2199a523d58,delivered,2018-06-14 18:29:40,2018-06-14 18:57:49,2018-06-26 13:47:00,2018-07-03 05:17:37,2018-07-19,18186af785c301b05127a291eac901e1,2018-06-14
c3bfb5dc8642d9d1df58c355dbb9f1a7,207ea2278fc568e2ca9d6e384797a514,delivered,2017-11-14 14:57:12,2017-11-14 15:07:37,2017-11-16 21:17:31,2017-12-01 19:22:44,2017-12-05,e495f8ba537e581982cae6441dc26871,2017-11-14
2ab77939476b7300425fb6a02125579f,d908de57bb9370416fbd7abac952e69a,delivered,2017-08-22 13:05:39,2017-08-22 13:16:00,2017-08-24 12:43:23,2017-08-28 17:49:46,2017-09-12,10407092f5176bba9e4e177520beb938,2017-08-22
4a7bd485a7782360556161a38c725e5b,b2b4d80645cd613edb31955f2e5f59d1,delivered,2018-06-08 17:26:46,2018-06-12 04:17:37,2018-06-12 15:51:00,2018-06-15 15:41:26,2018-07-16,730dc8ae933c09adf0f7d56967e0c804,2018-06-08
745e2506fb647deca4669e1c88ce9783,ea62ea3d096dc41f6ef76bbea7fcb40a,delivered,2018-01-21 13:20:39,2018-01-22 13:50:07,2018-01-23 20:51:40,2018-01-31 13:58:07,2018-02-19,a297dbece29f6d145402282b8cea51f7,2018-01-21
17290263a090bbef4685f5b23f355104,8b8e1f21809b87482e2b9f464ae65237,delivered,2017-12-11 16:53:48,2017-12-11 17:10:56,2017-12-13 20:43:38,2017-12-27 18:39:17,2018-01-16,e207a79167b7b813b367e5904bde8dc4,2017-12-11
adef101539535147ca5d0159a80ff7c4,c8f98b8dca8d4877d3f7922fbe8de30e,delivered,2017-07-07 14:33:33,2017-07-08 14:43:16,2017-07-12 13:09:53,2017-07-13 17:07:27,2017-07-25,0bb9d44bfac3e4f2118fe7667983fe64,2017-07-07
ad71f559c9264f19bdacbc2062847e74,c57c441872c2609f61abbbf8148a1ca1,delivered,2017-12-05 11:27:44,2017-12-05 11:34:25,2017-12-07 23:57:39,2017-12-14 16:38:01,2018-01-03,93603747aa73507db172820142fb3b81,2017-12-05
00c4f17dcb94448f27a2cbaa83f10a4b,92422ec9b02504c4d12eecce874990bf,delivered,2018-06-08 19:18:56,2018-06-08 20:33:17,2018-06-12 02:41:00,2018-06-12 14:57:44,2018-06-19,26ffd81154d2a5dbe5cae3dce93289bd,2018-06-08
f2fe1323701bf698117de51d28425ee2,720dc202e6806b105beff38814dc5d7f,delivered,2018-01-21 22:41:49,2018-01-22 21:14:23,2018-01-23 23:03:08,2018-01-29 18:19:05,2018-02-16,59daf3100e3be378ba148b4af3f46649,2018-01-21
d10be1718c45ae0bd50cbfb5b3814089,cb0a6db21e3691fc30b737162fee045c,delivered,2017-11-19 10:55:19,2017-11-19 11:10:20,2017-11-20 21:16:57,2017-11-23 21:05:43,2017-12-07,622b0d2296618ff97b7372a37d60c535,2017-11-19
9734c61e70431951ceea6da4c1c2a063,97ba00d9333c050db94cfeef8297c73b,delivered,2018-05-11 15:30:22,2018-05-11 15:51:37,2018-05-15 16:11:00,2018-06-11 17:54:52,2018-06-06,0c62da95f3d081e39b77e596cea54deb,2018-05-11
da3bac2656a4b63f668843b70a0a38b8,228a573acdda157d7d9cf3f40d86f5e4,delivered,2017-07-14 14:59:47,2017-07-14 15:10:27,2017-07-19 22:21:09,2017-07-26 18:03:32,2017-08-17,026928fd79018e3c6b635da82781eb62,2017-07-14
06ebe0964f3c6ad099d9117fb1e66980,72a1f1778a30429fd6162428855b0c1e,delivered,2017-10-16 23:09:52,2017-10-17 23:06:26,2017-10-18 20:17:36,2017-10-23 19:51:47,2017-11-06,70097aeb1bf8a90bc3898fe0a282193a,2017-10-16
0be31296e8456f2017743c363de5a1da,7ca107237a9bd4f07595806d73b75edd,delivered,2017-09-03 17:30:48,2017-09-03 17:46:37,2017-09-05 20:13:08,2017-09-12 21:53:46,2017-09-26,85101bc666e06929fec79cddadb14146,2017-09-03
7c405ba2f3b8dd2c78b2bc4b002def54,7920168915a313d4b9ce4a74d00c9554,delivered,2018-07-23 09:53:04,2018-07-24 11:32:21,2018-07-26 09:06:00,2018-08-04 00:11:41,2018-08-15,67d009c99c6839a0aa74b9ee05e999a5,2018-07-23
ee554cb464769c4696df94a049fa792f,75b28a861ab167c1271f55c3cb362d1d,shipped,2017-11-29 15:16:26,2017-11-29 15:42:48,2017-11-30 20:32:01,,2017-12-27,79d908dbad26dfd9660f36f73bc0aa5d,2017-11-29
b5f7ed4633fb5be4575467a3ecd2ebc0,3c4080981138bdcb28c729effeb9b682,delivered,2018-08-04 22:31:02,2018-08-04 22:44:21,2018-08-06 14:23:00,2018-08-07 15:22:41,2018-08-30,f310870c0f40daadb81e3a81ea65ee2a,2018-08-04
9d39d357291a0e87c2c2816dabc0b23a,0ef00481c9167acfacca4616798fc06d,delivered,2018-05-18 17:42:34,2018-05-18 18:19:02,2018-05-22 12:58:00,2018-05-24 15:21:59,2018-06-07,ed7261cebaa1bece63123ff16da4e11e,2018-05-18
02702047ff5a89b9dd2f5afa7dcff91e,cc1b493af97ae700d97fce303d5af14e,delivered,2017-05-11 23:04:35,2017-05-11 23:15:09,2017-05-17 14:10:01,2017-05-22 16:08:38,2017-06-02,573ddd3618687eecc338147df179590a,2017-05-11
0fff540f615876d9ffa4a67a83d9e380,b2883aab83df1452716e5d5b11038c62,delivered,2017-09-12 20:15:05,2017-09-14 02:43:46,2017-09-19 15:12:44,2017-09-28 17:38:55,2017-10-09,626f74f0a067fb6cda0455cf140859ed,2017-09-12
698c71e1afa1b5c7913ee16466a54cf0,d80b9b2a21321a180b82c0017fe8d9b1,delivered,2017-04-19 11:09:20,2017-04-20 02:45:35,2017-04-20 13:19:29,2017-05-02 16:39:32,2017-05-11,46dfac161b69dbb4b782ced9463b6c77,2017-04-19
63e7f3b68db3707aee7cb7b4c10db358,b38c5db46ee81f3c4fe27412abad336e,delivered,2018-01-03 13:28:19,2018-01-03 13:41:20,2018-01-04 23:13:49,2018-01-06 12:27:03,2018-01-19,a3b894ee3c49c153eaeab9afa95caf85,2018-01-03
b6969182ca56633a2bfb942ad18bb2b4,23c33bfb0f1549b5ac15cb65db88e613,delivered,2018-08-14 12:41:02,2018-08-14 12:50:31,2018-08-15 11:57:00,2018-08-23 01:03:15,2018-08-29,d630b2db27b08f7beeb032c7d002d3c5,2018-08-14
fc6dbce689351adc115bf0cc85884892,ae6da44dd162992d63e17e4f482792cf,delivered,2018-05-15 20:26:50,2018-05-15 20:55:52,2018-05-16 15:02:00,2018-05-24 19:03:46,2018-06-04,5beff53af2283902c240b61c1fd0a509,2018-05-15
c01b52b26b2be81e5712a958631d858e,83b1928fbc6df37e7c6e0d47a051cdcd,delivered,2018-04-21 13:54:24,2018-04-24 19:24:56,2018-04-23 17:37:47,2018-05-07 21:34:51,2018-05-16,88df0d1891d87fb99090f1eb6df46824,2018-04-21
f7f3b76959c6fadfb61d9c5474b885e7,294e9a8a67c78698557687b3dfa137e0,delivered,2018-08-10 22:28:27,2018-08-10 22:44:36,2018-08-13 09:27:00,2018-08-21 00:14:50,2018-08-22,1d18594dcb30012bc307435361aaea4b,2018-08-10
1482f7aea7e4031900a723ccb869f8d4,09aac084452bfe2880d35d02858aa98e,delivered,2017-06-22 22:22:55,2017-06-22 22:35:23,2017-06-28 12:59:47,2017-06-29 16:25:48,2017-07-05,54de682f0fdd9e588983277f98bdd15d,2017-06-22
f5c752a78da14f68db4afacc9d3c61d3,00dcc20224e6a230aa9f7ff8fb6f29f8,delivered,2017-02-21 11:31:20,2017-02-23 02:50:17,2017-03-01 18:13:52,2017-03-10 11:58:03,2017-03-20,7a91ff7dd6e77ba0f5ce7698cd7ba73b,2017-02-21
85a4233c3f96bae6e9b2c58d48101b0a,2b1da8246f1cfffd9c12f2beabb66016,delivered,2017-12-10 12:33:00,2017-12-10 12:50:09,2017-12-13 21:18:54,2017-12-28 19:59:12,2018-01-12,2d8ec4d0128f372a22551ae5d10479d9,2017-12-10
2f9892eb8df4a437d90cc5b1486f3b02,297aeb5959c0876ec66beba1a5202c6c,delivered,2017-07-29 20:26:14,2017-07-29 20:43:30,2017-08-03 18:58:46,2017-08-10 20:09:54,2017-08-22,bdbf163418c21776603c04b97d3fd37c,2017-07-29
c6151459c772b29c883545b54802f227,2be6ff74ee498635876fe137109f5f96,delivered,2017-12-05 15:49:27,2017-12-05 15:59:28,2017-12-07 22:58:33,2017-12-08 20:21:35,2017-12-27,4179c54b8298fc74c7c82118169342fb,2017-12-05
fb5114c39f632a52598cf770c6076620,94b216231ec09ee34764a8d456126328,delivered,2016-10-08 20:02:32,2016-10-09 14:35:35,2016-10-15 10:30:50,2016-10-19 17:31:37,2016-12-06,1d6bf991d51a595e57cf95d8bc861a15,2016-10-08
4900f8f1421400535834a94765872825,f7e528a6685f32dd35e5c47b81e93912,delivered,2017-10-16 11:39:13,2017-10-16 11:49:37,2017-10-19 21:17:53,2017-10-27 19:09:12,2017-11-07,e249bd3bd76cb410f316251c221e9056,2017-10-16
d2965251c0a29e28f3cecd7cf54d455a,7093a3faf4512a8732f8fd29c8bd9cd6,delivered,2018-03-18 10:08:40,2018-03-20 03:35:35,2018-03-20 21:18:42,2018-03-23 18:12:49,2018-03-29,f1ff0fa5d82e03fddeb5bab56ace14a6,2018-03-18
8b7b3969f3c39c57ab6c9d0df5741f39,c4abe2d92241e0ef3e26bce6bf3ecc10,delivered,2017-05-18 15:23:08,2017-05-18 16:00:06,2017-05-23 12:42:04,2017-06-05 16:52:05,2017-06-19,481b4f4abd0242f301beb442bda1dfc1,2017-05-18
183544bc98d94a996f01eb282e81ed46,d76acce71d1775d0c14941f843f14a26,delivered,2018-03-11 23:20:33,2018-03-11 23:30:26,2018-03-14 21:35:42,2018-03-21 22:49:48,2018-04-12,58d1509fa302f9334f63ca09ed674acc,2018-03-11
823e1b55f87736972904ce20e4e90f0a,151b1695d3bed9df99aeda2c19ea3e2e,shipped,2017-09-18 22:16:48,2017-09-18 22:30:11,2017-09-19 15:40:31,,2017-10-04,ba31ea04a575dfe13ef189d5dc797a5f,2017-09-18
c1fbc7155ea9f5c6249e998ab25708a6,c7714f993b003edee23b00277f8b8c23,delivered,2018-04-14 16:02:47,2018-04-14 16:15:11,2018-04-19 02:04:16,2018-04-20 19:18:36,2018-05-07,0dcb45d7d8517c1f6a4549f4c3b6512c,2018-04-14
3c7a723fc09b996f715cfddba2377163,74aec07f91feb0eda0bc6d6837c89170,delivered,2017-05-29 15:28:10,2017-05-29 15:35:22,2017-05-30 09:20:03,2017-06-05 13:17:59,2017-06-19,15dfaef21fbdff1c1ae363d33de51f28,2017-05-29
f4acc0596b8a9fa4199a609584e1bcf7,d1fc9970a51c0e723f333dbc34f546ad,delivered,2017-11-24 19:05:02,2017-11-24 22:34:54,2017-11-29 23:12:05,2017-12-12 15:58:26,2017-12-14,94388807a95b9b5c497c0f5a6eed13b9,2017-11-24
f4b984332e7956371b352bb4edae2cac,2e7e3945a863350a4eec25b95bb8ef12,delivered,2017-08-07 10:25:15,2017-08-07 10:35:22,2017-08-07 19:05:10,2017-08-08 21:17:14,2017-08-22,5015dcdde331f28a60af11688dd75f56,2017-08-07
e2df710c10b3d255c51ae1fb11bfcd11,a7a56d427f0a809b2f1a427783feca20,delivered,2017-10-31 15:17:43,2017-11-02 02:26:59,2017-11-06 11:31:39,2017-11-13 22:05:56,2017-11-21,c3807b5e102688c2dde01ce0292c7aa8,2017-10-31
e4b0a27c86f8084e7e42e7602ecd6b29,e6c4ccb0245f6543cf63f264f78b127d,delivered,2017-10-17 09:02:14,2017-10-17 09:14:24,2017-10-20 17:05:56,2017-10-24 20:54:02,2017-11-03,28c45e3942eba5d7c82df99b684ac115,2017-10-17
ec042ef0cc05d098905c4383c70f9132,3d2da3646e124512b39c838ab05b67bb,delivered,2018-06-24 14:29:30,2018-06-24 17:34:08,2018-06-25 15:35:00,2018-06-26 21:11:23,2018-07-13,511944b811593563cd8f32418a550d05,2018-06-24
52a17b4eb2b183eebabe108b91962001,e3dc903c745deeb6a71693af97133ab5,delivered,2018-01-12 23:58:44,2018-01-13 00:55:24,2018-01-15 17:47:08,2018-02-08 23:25:41,2018-02-16,62433d3d7e99d6e45157e08c491f3006,2018-01-12
7cf01fbc143d74367eedc9b9f8fbf437,8bb2d77361e0be681e34e64984e23b35,delivered,2018-08-08 20:41:15,2018-08-08 20:50:16,2018-08-09 09:46:00,2018-08-20 21:51:57,2018-08-22,e377739a26701e21004f39c3fd8870fa,2018-08-08
c02bcd4d35c9e36597256b02d86d33cd,6b506512ab0a47b1b878bdc698865247,delivered,2017-03-09 23:55:22,2017-03-09 23:55:22,2017-03-14 13:07:43,2017-03-20 11:45:00,2017-04-04,f5cc3842baed00ef58bdb8a50f42ead9,2017-03-09
6f7cd7fe9082def530646e04996eb8a7,11b6f2b5722c207804fcdaec15a84949,delivered,2018-03-06 09:57:46,2018-03-07 02:10:33,2018-03-08 12:11:56,2018-03-28 17:45:59,2018-03-27,4e486c8332adf49e145df51fdb1a514e,2018-03-06
efe9a00980989785f6defa2602f5e4cd,c7ab430e67a31db80dde9505dc371fd7,delivered,2017-07-11 17:54:42,2017-07-12 06:44:05,2017-07-12 20:29:47,2017-07-19 19:57:52,2017-08-04,177c2c5ccd436a4e269cc71050d6486f,2017-07-11
dd4cd6ebc3cef5658a5a0b35c7d5e417,ef81b90301795cbf03ef944ee16ed438,delivered,2018-02-26 19:29:46,2018-02-27 19:30:25,2018-02-28 23:19:11,2018-03-13 20:11:11,2018-03-19,7f4d6f63e1d28bd6e57ffa0bbd4fd87f,2018-02-26
b7e5018200fadf97c42e54cbd8814914,5b3cfd2d05b2759b123dd0d527cbc3f2,delivered,2018-02-14 19:51:27,2018-02-15 10:20:27,2018-02-21 04:33:36,2018-03-08 22:27:21,2018-03-08,8f7c8cbcc35002dc607459711c0ed10f,2018-02-14
dc040d454f8619d4efa801ed69538bc5,4a42e040bccc1ae4734e57ec61522691,delivered,2018-08-14 22:32:04,2018-08-14 22:45:17,2018-08-15 15:46:00,2018-08-28 14:44:27,2018-08-29,bc9fd6308f21541c2431ef862066776a,2018-08-14
910076e7bc1276bd9d4af024a9335049,c463f61ca591b98ebf5e53c45652fa91,delivered,2017-12-12 11:29:20,2017-12-12 11:57:08,2017-12-14 14:52:15,2017-12-26 12:22:41,2018-01-09,74bc78f8dbdf312f6b36305794c900da,2017-12-12
d5e9e8db560b61662ece609c63b8257d,55d6ff673e6f752350de2e8779f8a021,delivered,2017-12-06 19:48:32,2017-12-06 19:56:20,2017-12-20 20:44:39,2017-12-27 20:23:33,2017-12-29,58679291a77a997657d7a3dda51a784e,2017-12-06
fac7a12d71d1e7acb587f748a51d9ccf,b2205c5c3126e91dee627de5e09e89e6,delivered,2017-03-26 21:04:34,2017-03-26 21:15:18,2017-03-27 11:25:20,2017-04-01 11:10:09,2017-04-18,7e5b7e742837d14fb190b392122d80c6,2017-03-26
6fac795953102850a8d3886064e77a2a,242594bc28af1721264a30fd0bfccbcc,delivered,2017-11-12 14:59:37,2017-11-14 10:10:41,2017-11-17 17:16:49,2017-11-23 23:18:51,2017-12-05,23575ee4494e424a1c7da5fbf7f2c4ee,2017-11-12
dd8df609ed4683bda8dd7515115f3b50,123f593f6655a73fb519bbfc61f1336c,delivered,2017-09-09 08:32:52,2017-09-09 08:45:09,2017-09-12 20:38:44,2017-09-18 19:39:56,2017-10-02,528a2936af7562b17994a0d12962580b,2017-09-09
52e8d4898a4cd3b8234d0db5502b382e,e94397bc81d08a1d2a95ed0882b8bbb8,delivered,2018-01-10 20:35:10,2018-01-10 20:48:17,2018-01-11 14:30:44,2018-01-22 23:38:37,2018-02-14,db8dc6db3a82e78d874131b6d9a7b5ad,2018-01-10
74e641936ca794c33828b911b8907257,8aac3e1a9f8be34fa99b287fe3dd3a71,delivered,2017-02-04 19:42:12,2017-02-04 19:55:17,2017-02-07 12:51:49,2017-02-21 16:27:41,2017-03-13,2e5ac0b7a2ceee173dba5211e648bb6d,2017-02-04
78462cf509142618ab317d7106e8919d,2e21b1aeab76585106972bb64bbcc0aa,delivered,2018-05-14 19:07:02,2018-05-15 19:12:13,2018-05-16 11:17:00,2018-05-22 14:58:49,2018-06-07,c44a66200288da58d8a45411c1c870b8,2018-05-14
8580c2f1abe991d5bf205de482913d3c,a66c1ffbed5babcacb9dd2ded3a8e5bd,delivered,2017-06-10 19:03:23,2017-06-10 19:15:17,2017-06-12 11:46:23,2017-06-19 19:13:52,2017-07-12,803870cd14f6b6016ba7b99990aaa9f0,2017-06-10
a00ae528eb61acacc2917ce50bf77d65,63100cd7327f21c64c011139cad4670b,delivered,2017-12-08 14:21:17,2017-12-08 14:34:07,2017-12-11 22:14:26,2018-01-12 22:25:15,2018-01-10,a1d2ef2819793edd5a0f4f1547769a4a,2017-12-08
3e08aa33483ffe505b5de4748dc70c7f,7bb2dfd8b6d821891db258b2c198b86c,delivered,2018-03-23 18:25:21,2018-03-23 18:35:34,2018-03-26 22:47:43,2018-03-29 18:37:31,2018-04-11,10bf8afdd66da75c386fbacf04c85710,2018-03-23
f807d9018684b10d06ca569cdd62c0af,22bd81ebb97beea764deed2b93e1eec8,delivered,2018-06-07 16:31:25,2018-06-07 17:00:22,2018-06-08 15:22:00,2018-06-14 21:38:29,2018-06-18,c1a95094d6ecfd41d44bf9b770a4c505,2018-06-07
d27011ebb19676cc493eeee0d0f12c43,916cb5df0371f10f45ac0aa1f49f3651,delivered,2017-12-08 20:20:56,2017-12-10 15:31:26,2017-12-12 18:28:47,2018-01-10 19:26:48,2018-01-12,4626d9d18722ef09665317afb9666980,2017-12-08
81897e3300d655ed456f166e3b362b2c,1248e4a168a6a8319c2c7a043143c65d,delivered,2018-06-13 11:08:56,2018-06-13 11:17:48,2018-06-19 15:14:00,2018-06-21 22:46:41,2018-07-04,6b44f5fc6f792c4de9bac5bf85b02a82,2018-06-13
d1036b47b42a66f67a5c1b350697ee26,50b580aebd8bfa047c6201c176dba6cf,delivered,2017-11-21 14:34:31,2017-11-22 14:29:55,2017-11-23 16:39:41,2017-11-28 22:21:28,2018-01-03,18e3d276253780b44b5b7bf83f6785ec,2017-11-21
192a0f41d4f1af20d8ef537a12a2076e,96d88088646eaffdd90541093435f9c1,delivered,2017-11-21 13:59:23,2017-11-21 14:08:30,2017-11-23 17:32:58,2017-12-13 19:51:59,2017-12-12,bde7e409e8de1bac7f75702164251e4b,2017-11-21
a65e61b2cf7bed6e9df047a709f06242,6f8df3a3df9b40c5f20c4e5cc03bc0b3,delivered,2018-07-11 10:31:06,2018-07-11 10:47:18,2018-07-12 10:23:00,2018-07-25 11:41:45,2018-08-13,256c60dd0c544c43f8519330a48b427f,2018-07-11
f607a79926e2aa68b1b220ff073a35e8,f47d0aa693dc40ef978d9ad2b2af422a,delivered,2017-10-18 12:16:00,2017-10-19 07:49:14,2017-10-20 17:48:00,2017-10-26 18:46:57,2017-11-07,4d2ab073b50de7beb1f5e98d8e694d5c,2017-10-18
79d717fa467e6102ca28ef5a22785982,87013b240790484b45271bfb0eb96904,delivered,2018-05-14 11:07:04,2018-05-16 02:53:48,2018-05-23 14:32:00,2018-06-07 21:47:58,2018-06-04,037183160429da6dc28453bbabbf218e,2018-05-14
c967ef4ad213d1be9e71a0817b5365de,c42ab3d66f4c05b44b961f1763a03ea8,delivered,2018-03-31 09:33:47,2018-03-31 09:47:36,2018-04-03 22:52:05,2018-04-05 17:04:37,2018-04-18,1c628081cb579ed6035b9aa8614e69f4,2018-03-31
058dbc6a010af0332e7515f383c02b5b,b7f32ab5dccec6b4e6343bb8f3bc7a05,delivered,2018-07-31 12:11:39,2018-08-01 12:30:55,2018-08-01 16:00:00,2018-08-06 16:28:54,2018-08-14,dd20866f2a6d0f83a61cf8887a09528d,2018-07-31
ece7d51cf8bb9392bbef9c077bc32e62,689e1d17d1c2e9698a2859058b24d535,delivered,2018-07-16 17:59:44,2018-07-16 18:10:15,2018-07-17 15:00:00,2018-07-21 12:03:12,2018-08-02,207d998ffd9ef906e5b11fb465e43dd0,2018-07-16
0a131976e98291762104959158e2bdc6,a396376e9147cf6dedca4eea41c5eafe,delivered,2018-07-14 16:12:14,2018-07-14 16:25:17,2018-07-16 12:44:00,2018-08-05 17:12:18,2018-08-07,2d20a91bda6cce68319de3919a613914,2018-07-14
709df241f93833a67ecb2e47e4ab4be6,5ee0e90d6cf5698c23a76ab1debf467b,delivered,2017-07-19 11:48:37,2017-07-19 12:03:34,2017-07-24 12:14:53,2017-07-31 20:44:34,2017-08-14,ca68a08b57ed32344b850bfa39dd6814,2017-07-19
74be6f225276a31288092c4fe6664b42,6f17e84649c1fc41389c1a628f8926b4,delivered,2017-07-28 21:04:59,2017-07-28 21:23:29,2017-08-02 12:14:47,2017-08-09 14:41:10,2017-08-17,489d5ab0a3e3ae531f9efa5677878509,2017-07-28
a3bb66c7c27c79c21aeb788254e52626,8fbfb62a0a5abcb4573835d146b77c49,delivered,2017-03-29 17:44:04,2017-03-29 17:55:20,2017-03-31 06:10:13,2017-04-04 15:24:01,2017-04-18,bce72558f421c2a875e69c282ef2ec51,2017-03-29
65d20cd74349cb427d7feec3567a6fd0,4df495f45f53d7ffef19adf91a29f177,delivered,2017-07-07 13:06:55,2017-07-07 13:23:15,2017-07-07 19:03:10,2017-07-13 19:28:51,2017-07-24,be0fd3a8fd6192483df43de3e4b2c67e,2017-07-07
75c2711e9fabc4fc0531917afc748451,149ae3f1900036341359b6645be21c87,delivered,2017-02-19 19:01:40,2017-02-21 04:50:55,2017-03-13 07:54:32,2017-03-13 17:24:05,2017-04-04,13ffea011d319311b0a2a02c2ff41d54,2017-02-19
f6d9acdd7ca0c1bc3caad5661a1be806,f1283a7855d9e8e2426f243e01b827e1,delivered,2018-02-21 22:25:36,2018-02-21 22:48:19,2018-02-22 15:25:23,2018-03-05 17:38:59,2018-03-19,64236f75547fa285c81d0fd448464ae8,2018-02-21
d08811a07ac44cdbf0861e11d4f8af67,f4772b596b2cd360203f3d8e39b829fd,delivered,2018-02-14 19:06:05,2018-02-14 19:28:08,2018-02-15 15:45:15,2018-02-20 01:39:13,2018-03-01,67ab8d6142796c37f9d4831643b3bf81,2018-02-14
d905ef2a3ee51aff370cf4ca43eb5e8d,8173731cfd6e1b3cf14eb346dbb2b3a3,delivered,2018-05-28 16:08:37,2018-05-29 16:12:20,2018-06-01 15:35:00,2018-06-06 17:20:52,2018-07-12,d387ea85dc301a91740e31360d355686,2018-05-28
5b8dcad724fe4568d2615017c056e69b,97300bfd9a30cf2f2ec1046a2abc1f2b,delivered,2018-08-13 21:23:53,2018-08-13 21:35:20,2018-08-15 17:11:00,2018-08-17 23:18:36,2018-08-23,d876db981e46dbc9a9fbe25942d4564a,2018-08-13
ed1f83ea460fccaadaccff780127db45,c8f48d57ea33b178d8b6f07c15fd414e,delivered,2018-03-12 21:44:55,2018-03-12 21:55:30,2018-03-14 22:08:49,2018-03-26 23:51:44,2018-04-12,077ef1f9e798c39ba7883a0649826c90,2018-03-12
13928b311b04e84492db0d35f97ae0f7,cf744ed44c9bb68bad7b15f06041bd85,delivered,2017-11-24 00:11:46,2017-11-24 00:49:54,2017-11-24 16:07:59,2017-11-28 22:07:55,2017-12-15,0887b02bff888ce15de96f04361b4a44,2017-11-24
ab76aedb67702363009523f1a9bc78ab,3d529d95e05b65b487203e06b63db28c,delivered,2018-07-30 14:40:59,2018-07-30 15:20:10,2018-07-31 13:32:00,2018-08-07 22:46:45,2018-08-22,56c70c2138a78b7d67061a16a1995567,2018-07-30
58b7b387d2173cbc99155daa2b3017ce,999f1c0594fe8682e523baba67be6959,delivered,2017-05-04 01:56:13,2017-05-04 02:05:11,2017-05-04 13:12:10,2017-05-11 10:18:05,2017-05-29,b158c5a8fdb3600b0d4416c95cd1f052,2017-05-04
18b33f2430f136a8deba8893596a53da,436f56dcdaacb0a631a8dded7fd62bdd,delivered,2018-08-09 11:04:21,2018-08-09 15:25:33,2018-08-10 12:40:00,2018-08-17 10:47:31,2018-09-10,f99d6dcdeb904bc1feb8750a1a6a47ea,2018-08-09
f7bb368f14fba32a23fbbf157d57796c,2b730eb88332dabd03cf5cba3a474982,delivered,2017-11-15 23:40:23,2017-11-15 23:50:29,2017-11-17 10:41:42,2017-11-21 18:02:22,2017-12-05,0f2e6ce1d8ba177dd267cb75be6cd336,2017-11-15
9eb45b0aa6ff6baf71a20c68414f8089,86ebcb053082767a38cca1338ea45084,unavailable,2017-07-19 23:29:07,2017-07-20 23:35:19,,,2017-08-22,56b0ca904be7b0eeb32b90627b820f1a,2017-07-19
b0f00a17e5b2e5ced966e961281b123e,a1e90bb70c475104b93635434a20f8b8,delivered,2017-09-19 23:40:27,2017-09-19 23:55:12,2017-09-20 20:57:51,2017-09-22 20:07:44,2017-09-29,7a2e3d0f3c070d15ecc33629c0c886d8,2017-09-19
0a09de65d90e684e2fbd1c2588733f37,731330fb63d7ccdebeb8f36bc312c031,delivered,2017-08-17 14:35:26,2017-08-17 14:55:08,2017-08-22 18:22:13,2017-09-04 20:21:57,2017-09-21,2ee4a3605a94d0787e9de758ee28edb7,2017-08-17
79e324907160caea526fd8b94389dbbc,331d79b67223ee7e5cd31d3e03e4cfcc,delivered,2018-06-18 12:59:42,2018-06-18 13:16:46,2018-06-18 14:52:00,2018-06-19 12:43:27,2018-06-28,d18fee94d33d23af9211025b59299edd,2018-06-18
58c52765e19cea6cf6b0a66e90749558,625dcb12b2179bcc50165d8cb53fec92,delivered,2018-04-13 08:36:38,2018-04-13 08:50:55,2018-04-16 14:42:09,2018-04-30 17:40:38,2018-05-11,1a04d0c1c69390f4b06acf0d3c86e108,2018-04-13
8624511aa767a83ed91a47c158320964,376b286a6479ddacb9374ba88f19178b,delivered,2018-08-06 15:26:36,2018-08-06 15:44:40,2018-08-28 12:58:00,2018-09-03 17:26:49,2018-08-29,8bc3746e85755be3cd732b6dbe4bc21a,2018-08-06
516085f268c8d34500c845dda4d7e64a,4f1212f002575430394a22e55bfa4ce9,delivered,2018-02-22 15:45:39,2018-02-22 16:10:15,2018-02-27 01:46:58,2018-03-07 23:09:47,2018-03-14,a854cd85fabccfe2aee37b14f9c6e02c,2018-02-22
dff7f8766eb0c26b8cfbc2147c33e1e4,3e64181a017ab86b5d35ad23c3f0ee38,delivered,2017-11-16 20:49:02,2017-11-16 21:13:13,2017-11-20 21:45:37,2017-11-28 21:18:56,2017-12-07,09caca3fd11f5b9681118b007d46f76b,2017-11-16
8ef4e47082de3480075719f04698516a,b936d304dad38ff48ca4fcabd1c6a213,delivered,2017-12-20 00:09:58,2017-12-20 00:17:23,2017-12-20 20:09:51,2017-12-27 20:04:36,2018-01-22,248c825386ce0d2de633882a13c7f4c5,2017-12-20
d496c7682d606e5b5e371b47849d8ad6,0e780f8a6ffb6bb7e2ea528945da7222,delivered,2017-03-08 08:27:54,2017-03-10 02:43:35,2017-03-10 12:29:52,2017-03-20 12:43:51,2017-03-27,a6eedcaf502ec42921a5cc6bc354dcb5,2017-03-08
4fc010de2244ff9ee4e5e334699824bf,a6f8b61be585e6663e71479ba7934960,delivered,2017-05-17 16:30:26,2017-05-18 06:35:16,2017-05-18 09:13:27,2017-05-26 13:34:37,2017-06-14,062db47088ed7f674d6716ebeeb9e6b9,2017-05-17
1401bae5fe4bb9d7467a1b39ad94403a,c2825827a23f94a211cca297bc04dd1c,delivered,2018-01-12 20:23:42,2018-01-12 20:31:26,2018-01-17 15:23:34,2018-01-22 21:27:01,2018-02-15,d3359a56d96666ac0c21bb01e7a61c95,2018-01-12
84a4ebdaf1a5e3706587f226cc804dfa,72d50ebc689114498efcdd7b68c81d04,delivered,2018-05-12 17:45:26,2018-05-12 18:10:31,2018-05-14 14:39:00,2018-05-25 17:56:29,2018-05-30,db6e61cc87c906f26fac2c4adf7097f9,2018-05-12
df62ac4bbb9419ada32597da29f9fe31,5e3d32f8eaca4f6c9dccef909ed73e4e,delivered,2018-08-02 20:01:41,2018-08-03 20:04:14,2018-08-06 14:50:00,2018-08-13 14:24:41,2018-08-28,9c7dea3aa16d6a972fa85ba49976a2a3,2018-08-02
d973ffbdc6785dd43a4bc006e69ae3e3,5e28694d6a61d430630535b17b41ee86,delivered,2017-05-03 13:32:37,2017-05-03 14:02:34,2017-05-04 16:07:35,2017-05-15 12:33:25,2017-05-29,203176d5efdb94633c04cad04377447f,2017-05-03
d748f1038851a92e7ccb2b2794a286eb,714cd4f11fcc1b51f1789a7ee46e5450,delivered,2018-04-23 14:18:51,2018-04-25 03:51:16,2018-04-26 08:45:00,2018-05-08 00:45:32,2018-05-21,a036c542e541043fe795b76dd857c1ff,2018-04-23
eba1872af76af0cd06f3a63bdef90a37,76bd340b071ad08aa83e7b9c25451128,delivered,2018-07-27 20:40:18,2018-07-31 04:10:17,2018-08-06 08:27:00,2018-08-17 01:58:41,2018-08-20,00c8c7f0cafacc30bfda2a9a7445ec80,2018-07-27
9707e5dd2b32ab5cc39155a27eb3d0ec,1d38a317a5e9df61d2bfbebf4cc20068,delivered,2018-02-08 21:15:15,2018-02-08 21:28:07,2018-02-21 00:53:15,2018-03-26 19:42:19,2018-03-15,9c3520c602a22850ff2ccb44ab7da84a,2018-02-08
a951133aeeb49076723a581a3eb8d51b,c62fa47ec3288088f819f9d779871d76,delivered,2018-07-27 15:20:38,2018-07-27 15:35:19,2018-07-30 13:42:00,2018-08-02 19:48:48,2018-08-16,7ab3a0a367344e6c8143e3313986ad49,2018-07-27
3142418821f77f94d87514580a5d4bad,96b8b3a2b7aee3f6187009f7bf589e85,delivered,2017-11-20 16:09:59,2017-11-21 16:07:33,2017-11-23 19:16:56,2017-12-04 18:52:12,2017-12-13,b2b5902a2fb7f5f2fa9ef703b30dc487,2017-11-20
1b0cc057d13690ec8551090c920d4735,f912c14e8989bac8c4539afa12bf2884,delivered,2017-11-27 15:59:22,2017-11-28 02:54:55,2017-11-28 23:41:35,2017-12-04 21:47:28,2017-12-26,b34bf81e5f1110343af6fa26710408c8,2017-11-27
bd36f36524f5f3cc085c07a839d31a37,679f806bb713f4708899b805673758eb,delivered,2018-08-16 15:21:04,2018-08-17 03:30:33,2018-08-17 15:08:00,2018-08-23 00:22:34,2018-08-30,888126f1b154332995c01125378db342,2018-08-16
2fa9493ca588afc288858c5bb1c8abcf,9e8b9b7954bff0d47914ab1429ba44c4,delivered,2017-09-28 22:04:19,2017-09-28 22:24:40,2017-09-29 15:07:52,2017-10-11 22:37:45,2017-10-27,e1b211c5b488949e519fcc88af5112ff,2017-09-28
6e28c34a895e831db6c3bca247819453,faa2debf21e388f071f302ef5dc5e1cc,delivered,2018-02-02 18:03:57,2018-02-06 11:31:23,2018-02-05 23:34:20,2018-02-19 16:17:16,2018-03-07,bcdd58bcdd3dfb5efa50b742f6f64c3f,2018-02-02
b4ed4f83279457b6eae0d4c1c9ee8aa2,3d1491e112ea3484bc98616477849c71,delivered,2018-05-11 00:09:19,2018-05-11 00:30:10,2018-05-11 11:43:00,2018-05-14 19:51:59,2018-05-21,3319ea4aca32e5bd228cb9978f1fea08,2018-05-11
ac13993b49f8254ca1d6ab536c035473,e945178aa027f0306eb1da1f5dff2dd8,delivered,2018-01-04 22:36:32,2018-01-04 22:48:17,2018-01-08 19:50:26,2018-01-15 17:35:51,2018-01-30,87108df7a6b7bb5e449484a26af24eef,2018-01-04
633ac9e82a9350e4cd955f083a4dcd0c,51b1d74aa37644a52863a3510364b126,delivered,2018-03-01 21:02:15,2018-03-02 02:15:55,2018-03-03 00:17:29,2018-03-09 12:51:27,2018-03-29,742a871028da1b33f8f3365dfb92e659,2018-03-01
98ba8f657af33ed841528bcc38869816,9c81a41d8215e1598f9b05caace256a0,delivered,2017-05-13 15:29:54,2017-05-13 15:45:10,2017-05-15 14:32:28,2017-05-31 13:07:31,2017-06-13,5d1b18fb7cdd9337373abe5b471e089b,2017-05-13
0e1ab5408ec0c9ece6adcbb661b3a901,6f64d56fc9175ad1160cd602109e1304,delivered,2018-08-08 17:36:33,2018-08-08 17:45:25,2018-08-09 13:22:00,2018-08-18 01:16:32,2018-08-23,6508136a1b17fd2e1452746901ea0219,2018-08-08
db7b88e881d8890d4ea491444d0e43ed,ee03d69257bc84a3ebe06a1255e62b49,delivered,2018-03-29 17:02:55,2018-03-29 17:15:13,2018-04-02 16:43:34,2018-04-06 20:26:41,2018-04-17,baecdd126aa539b19fa13809d307d168,2018-03-29
55484b30fbc70a655031929c9a7acff9,4328587b29db684317b7e02ca1d232a7,delivered,2018-08-13 20:57:33,2018-08-13 21:10:11,2018-08-14 14:25:00,2018-08-15 16:21:46,2018-08-17,0d4f3935514e021bdd1bb681e511ec25,2018-08-13
24a670b13d0b287bf0e123c3010fd19c,8b79b48d3cafaff1d409a79c944e9ee7,delivered,2018-08-07 20:27:57,2018-08-08 20:25:10,2018-08-10 14:07:00,2018-08-20 17:41:26,2018-09-03,ef069fa3cbfa7fb1a7a2ac887bde56ea,2018-08-07
db5e341b9a765a33fd41da0b3f0944dc,c2d4ca05c1058ed1b1f59df1255cd148,delivered,2018-02-04 11:42:14,2018-02-04 11:55:33,2018-02-06 01:33:50,2018-02-22 14:36:58,2018-03-12,41dabaa1150218952d2c8b00f459aa61,2018-02-04
49c8d7acf28d999e86d3cf817d9793e0,3fe1b830cda03960fa7abad76397bc25,delivered,2017-05-24 14:06:49,2017-05-24 14:15:20,2017-05-25 14:35:58,2017-05-26 10:37:57,2017-06-08,80eabfc294b45b14ed77025fd9c51044,2017-05-24
ebf144597fc5b016fb405d0fea5c9e2d,78dbb0a0c4b3d6ca743616323a56c47b,delivered,2018-06-28 11:46:04,2018-06-28 12:40:56,2018-07-03 08:02:00,2018-07-04 01:59:00,2018-07-16,32ea3bdedab835c3aa6cb68ce66565ef,2018-06-28
88b09aac7b8d279dec75a3a810c21028,2ad663165e9d0bf46c7a41509af06f2f,delivered,2017-06-22 21:09:34,2017-06-24 02:30:23,2017-06-27 13:37:55,2017-06-28 12:19:55,2017-07-05,ec7307f4c274a7b1247cebb8a7de7345,2017-06-22
1e0cc5a03c811818d8f95ba53e014589,6c9e6937792cc04d9bb23451e0ff9f48,delivered,2017-06-15 11:46:47,2017-06-15 12:02:56,2017-06-16 16:15:12,2017-06-27 16:19:43,2017-07-10,b654c99744f2fa112d4f7a7762ecfdfe,2017-06-15
c05df8b616137f63b7d902415bd94490,2943c96dbf527b612175ebfd1b3266fe,delivered,2018-06-21 23:39:37,2018-06-21 23:59:13,2018-06-22 12:46:00,2018-06-28 11:36:56,2018-07-13,4f3fe5248913e3ec6380954881f93460,2018-06-21
e46f9622385a1b432c5376bc7a3be042,b33eef73393ea7936a041fa33f5d643c,delivered,2017-12-17 12:38:21,2017-12-17 12:50:31,2017-12-18 19:52:25,2017-12-27 22:59:28,2018-01-22,1d1f6b4106c5582178c7e94d8caf5a69,2017-12-17
a5293a76739d88fa86bc8c30b6d38e04,6fe0a95d74bde7d9466c7d44d0b89b98,delivered,2018-03-12 17:42:37,2018-03-12 18:09:38,2018-03-13 23:12:24,2018-03-21 17:34:56,2018-03-28,e80951dabdba370df78996bfea330daa,2018-03-12
d2af11a33bb15deb68513119e6159591,19e5f42aafd83ee6d8a1b6d5478cc59b,delivered,2017-11-11 11:22:49,2017-11-11 11:35:30,2017-11-14 16:18:53,2017-11-21 17:59:11,2017-12-01,d3a8a767ea6c6ecea1af7bcde1ba1248,2017-11-11
11052b4dd49ca81b1e7c63d562759b40,db8eb2e67c2b59f49a009213a8190ce5,delivered,2018-06-11 15:24:25,2018-06-11 15:39:24,2018-06-13 11:34:00,2018-06-15 22:17:41,2018-06-25,bb8de63c9f7b07330e2be9741068561c,2018-06-11
500c54b4910a5312b3afc7ab377b1a98,22d36fcccd3acff33874992a456a2d39,delivered,2018-03-02 13:34:44,2018-03-02 13:55:13,2018-03-06 00:08:53,2018-03-17 15:03:39,2018-03-23,8e7940db6d9e0dd9438a8ace2915412f,2018-03-02
fe8522d905daf1e2c69dd128d7e0f81b,f086f149136df0f183212ccea216a2ac,delivered,2018-06-02 13:16:37,2018-06-02 13:32:18,2018-06-13 15:19:00,2018-06-15 19:48:41,2018-06-21,439cb69b52e4e815ee04ce2b9b3e70ce,2018-06-02
764f7137987817d50f0c30066b8557d3,8db5d3f2bf24e53e41b3373cad793ed9,delivered,2017-07-29 13:46:43,2017-07-29 14:03:07,2017-07-31 20:37:44,2017-08-14 17:46:39,2017-08-29,76209d500b9d90d96a737a6e21d23fa6,2017-07-29
59a98d09bcae9400968b67411edc5840,192b7be3761bcf4f54e2463ce2266c3d,delivered,2017-07-31 15:05:59,2017-08-01 15:15:22,2017-08-03 17:02:54,2017-08-08 19:26:51,2017-08-18,34611ef3763006e0557de9c9e362ba3b,2017-07-31
1f96abbd2bfd92185040f1e5b6ef7c41,9fac23ba3b881f843a1ffa4302367de6,delivered,2018-08-16 14:23:18,2018-08-17 14:47:04,2018-08-20 16:29:00,2018-08-23 20:04:00,2018-09-12,58bfed1b2306655c80e33215ba6d494a,2018-08-16
05c852fbe20c108caf9f479633cbe088,30dc58c87bd6ea55196ceaded4afcf91,unavailable,2018-07-12 12:21:56,2018-07-13 15:10:16,,,2018-07-24,d280c55bb8f45e367a7f24151bc99fdd,2018-07-12
d9518a786caa6b0fb0f1be3f27664a09,1cd29745e28b461c00fc232c3fc17e56,delivered,2017-12-18 01:15:30,2017-12-19 09:14:20,2017-12-19 19:06:34,2017-12-23 14:06:35,2018-01-05,155bae4d7dcd3e55b5c72bc1ac871c17,2017-12-18
79bb5d4973c99b7718ed109c618f85a0,09a4d9a39e24d6a253196acf5a41358d,delivered,2018-06-27 13:38:15,2018-06-28 02:15:52,2018-06-28 12:00:00,2018-07-05 13:36:46,2018-07-30,5d0178b3ae43ec69cf3482b72348b14b,2018-06-27
aee18d60fc803049a82d81af5f2a75ab,6fca0539c47aec27b4479a6b866f9c68,delivered,2018-01-02 11:24:28,2018-01-02 11:33:25,2018-01-09 18:36:49,2018-02-02 16:12:52,2018-02-01,da287c10689b6cc622b0b1ab1457c587,2018-01-02
5fe3dbcaf7a5fd778212b6dcf650db26,1f2a03c677c86725f29a8bb0917c6a51,delivered,2017-11-10 13:47:20,2017-11-10 14:07:05,2017-11-16 18:57:50,2017-11-23 01:35:49,2017-11-30,89d8c064335c10779cab829ff42d5276,2017-11-10
2971bb6c6efc3b1f3eeb90a497cdf2ba,c845abb0677b86ddd8f3a9f48d6f09fa,delivered,2018-02-28 21:09:12,2018-02-28 21:29:02,2018-03-01 22:48:52,2018-03-20 21:26:54,2018-03-21,ee604e52be2a15c28ff587fdeb51b68a,2018-02-28
9bc24f40807084ff83a515d4f70a8eeb,ac44122c951dc8da17f9187cade77b5f,delivered,2017-04-05 07:55:45,2017-04-07 03:22:54,2017-04-10 14:36:15,2017-04-17 09:52:21,2017-05-08,61c6f307f0076a158b51e1f2bac49e9f,2017-04-05
eb5775c404ef8a8dd4526d6c75db4142,e402dc9d0ec5a3fd574ee8cc618d265e,delivered,2018-07-05 14:40:43,2018-07-05 16:17:55,2018-07-05 19:20:00,2018-07-06 21:18:58,2018-07-19,ce225eebd16fb72c0ca9ece942ebdad1,2018-07-05
351ddc87c9428b377765b7f1d3e478a9,500a535ea852cd584dea5ddce2e9a779,delivered,2017-10-05 11:57:47,2017-10-07 02:28:23,2017-10-09 18:33:41,2017-10-11 19:59:49,2017-10-24,ad309b00c99c151fa5abe1778059b5af,2017-10-05
fc174f22ce400b79551344335ef7d9d9,fe679f0292f2cd782061136e45b47500,delivered,2018-08-04 12:04:39,2018-08-04 12:15:22,2018-08-10 12:41:00,2018-08-15 17:11:58,2018-08-29,7d4237ca3e15d16434f782badc94e724,2018-08-04
b7a126656513ca4a59462228783ea29f,6c2f01dd689a62bd11bad852d758ae0b,delivered,2018-04-21 16:19:37,2018-04-24 18:42:22,2018-04-24 23:53:32,2018-04-27 17:22:18,2018-05-11,9992211e42adf7b7ecbd27a4509c0243,2018-04-21
e26598114d061f9c0f384b028f666c53,04f08e3b608a6e4f92edaeeb2514272e,delivered,2018-05-07 13:54:04,2018-05-07 15:55:05,2018-05-10 16:03:00,2018-05-15 20:05:54,2018-05-30,f1c0232ce687019727128896ebb21f09,2018-05-07
4a314795304cb8de1e5e3f7956e2765f,e6c987508575f76c548f26cb8cbc5f74,delivered,2018-07-30 08:12:54,2018-07-30 09:31:16,2018-07-30 13:48:00,2018-08-06 19:51:49,2018-08-16,59e84d0d472db8ce153e8a8841e6f661,2018-07-30
8a56602a95563e5b2a038fc31b9a5d7a,a968e0ffee24627fb3f39e54464cf0b5,delivered,2018-04-10 12:00:57,2018-04-10 12:15:07,2018-04-11 19:36:41,2018-04-12 20:42:03,2018-04-26,cc6d8f60f3fbaee9cebe6a6120aba36d,2018-04-10
ff4d755050a3a40c7cd03cbe7d11309c,86f759cadfc423887480182ca9589e39,delivered,2018-03-10 01:46:47,2018-03-10 01:55:32,2018-03-13 01:28:27,2018-04-13 01:53:22,2018-04-26,455c17b35969ca198c17f2fc9e8eba1b,2018-03-10
5ef603cf924626f99285129d63316a1a,a0a0dd13896ce11d4a9058e3e82d031c,delivered,2018-08-03 15:56:37,2018-08-04 04:24:12,2018-08-06 12:24:00,2018-08-09 17:08:40,2018-08-21,b0c835ab23d677c169486205e7d1d296,2018-08-03
505efa2eaeb145cfa984edf0efc092f2,03ca680e03197e7cce0c7d62a8c30667,delivered,2017-12-21 15:16:13,2017-12-23 02:15:32,2018-01-02 13:15:26,2018-01-10 21:34:08,2018-01-19,ed6bbef5eadfaa3f40b4e279a46a5f63,2017-12-21
62005c92ae50253cbafc90c07cf33d2e,10fa88a7b6a80c8361f3d4d83b6d384c,delivered,2018-08-21 16:53:34,2018-08-21 17:08:59,2018-08-23 13:06:00,2018-08-24 17:51:00,2018-08-30,7ba4e1c44f34ce244666826c869e46f8,2018-08-21
617a1be8a890f200080c6a798674e06a,c73b90e099cd1517cb2d1bb468de9a7a,delivered,2018-08-13 22:13:12,2018-08-13 22:25:10,2018-08-14 14:23:00,2018-08-15 23:13:48,2018-08-17,d172bab2b3cfd4d5878f7bcf38dabf14,2018-08-13
0b3ca8c9e3b3199306adb467fcd0e982,1b58076659bb8e9596faec56777da25c,delivered,2018-07-16 13:34:31,2018-07-17 04:05:10,2018-07-20 13:23:00,2018-08-03 18:29:09,2018-08-13,d526c2df957cc6b177070216427c299d,2018-07-16
f7667bdd9bdb0953511db7d56f25865c,9d92c0ce43722dbc5cfb9b7046dcce65,delivered,2017-03-16 10:12:09,2017-03-16 10:12:09,2017-03-22 03:22:26,2017-03-27 16:18:02,2017-04-05,336c1ce247e1f87858c70c13d27d74bb,2017-03-16
793edc24e4e9b6c0fbb5b63b1c07910b,73e8189e7bd89b797c89b1dec2fc8f7c,delivered,2018-07-24 16:13:58,2018-07-24 16:44:12,2018-07-25 15:34:00,2018-07-30 20:48:57,2018-08-07,a22db6502caed90511467435a9aa9c22,2018-07-24
7e9e110e4c60c9d33dabbc33133db636,17984e3bdcf729cdee5f2e4ad08a5f6e,delivered,2018-03-01 22:01:46,2018-03-02 17:10:50,2018-03-05 23:33:36,2018-04-05 22:27:32,2018-03-28,16c1909306ce443276ee6f9b1bf09fe9,2018-03-01
ad598503d5390301de7d5cd3b1dc2c4d,01fa120273bf003fb142073c53b27e86,delivered,2018-07-26 21:27:00,2018-07-26 21:35:20,2018-07-27 15:29:00,2018-08-08 14:32:18,2018-08-16,d6239720d4707e301f1ff0c3e0533483,2018-07-26
a5dc44fe023a6153b7b9df59de5762b7,380b3fc8462fdcd133a900ae7e665133,invoiced,2018-07-23 08:52:57,2018-07-23 14:30:51,,,2018-08-09,e1131f8a57b4dd8b28437352d44505c4,2018-07-23
d34bae2145edd5228bf4d92832988284,c81fd58c2a3e1fcccc9436fbfe9d1002,delivered,2018-02-26 09:06:10,2018-02-28 09:15:38,2018-03-01 19:47:47,2018-04-03 20:58:49,2018-03-16,2f3c23d155ce288b4f27feabf58f8b03,2018-02-26
6f55fe858c5557f14d4b6ee5255d793b,55a736fdef3f978c92f0477297b92973,delivered,2017-04-12 20:56:03,2017-04-12 21:10:12,2017-04-24 10:35:41,2017-04-28 14:33:31,2017-05-08,7ddb0d297fb4a3562e2206d219be4445,2017-04-12
c02812b449a4b26ad9af3ba39f32441b,44e6bd5683064042e52ab15dcdb56d7c,delivered,2018-03-21 20:18:05,2018-03-21 20:30:45,2018-03-23 18:08:02,2018-04-03 18:48:55,2018-04-11,dcd45e62c1f94ae100f32d88d5f14953,2018-03-21
7686c8e556ad063dbfec8224d665c37d,555f5d3c239776be4eb908473b18fe3d,delivered,2017-03-18 01:58:41,2017-03-18 01:58:41,2017-03-30 13:48:04,2017-04-01 11:38:31,2017-05-04,5ec4c90f549177a8cbbbc7419353e66a,2017-03-18
fe060c64faf15963690f95b750ec2301,147d517e942b17ad46de941559d06c46,delivered,2018-08-03 16:58:14,2018-08-04 04:24:15,2018-08-07 13:24:00,2018-08-23 00:53:30,2018-09-04,72a4f3be6a2d2a278670600064a0e403,2018-08-03
44ce5b2db8d5cdec03361d95f88fb2eb,2cb69c3e1a4bfd3e638cfd564c291dae,delivered,2018-04-23 16:19:36,2018-04-24 17:44:00,2018-04-24 23:48:42,2018-04-30 21:33:00,2018-05-17,421b2d1ce0bdedc6642381b35b1b97f9,2018-04-23
b33fb23930b882d67b4b114c33f2e6df,a2141dae4f56fd98148f8d8956f2c10a,delivered,2017-08-17 13:52:16,2017-08-17 14:30:19,2017-08-21 14:14:56,2017-08-29 17:25:15,2017-09-11,d4c81d143dd55c3f486bd6766446cd9e,2017-08-17
45fbd1cc1bb5257f84d6f5f283489de3,790115d3a438c1f74b85de5e413c4a2c,delivered,2017-10-21 13:34:16,2017-10-21 13:49:21,2017-10-23 16:10:17,2017-11-07 23:38:32,2017-11-21,25cb1a2b2c1a81a230a1b283aa356d26,2017-10-21
7fa26263c600a79bed73952426428e65,56971ad39cccab11ebaa0266e87956b3,delivered,2018-05-03 16:31:02,2018-05-03 16:56:31,2018-05-04 13:18:00,2018-05-14 15:12:20,2018-05-25,8533c0ad827aa78dafc101286cdaf4e8,2018-05-03
52a2359e51fb8624aed7515a20a1494a,7575557a12a4a1f9090984b67468bcf1,delivered,2018-07-16 16:24:16,2018-07-16 16:55:21,2018-07-24 13:21:00,2018-07-30 23:42:31,2018-08-13,37d5d5ca65a89456510f9f7313755cb3,2018-07-16
6f4d7831b4beb4c6c46bbcbf3a84df71,d9b79c5c0367faa77e4be9cff715e36b,delivered,2017-08-01 09:09:14,2017-08-01 09:23:16,2017-08-03 17:29:25,2017-08-08 15:05:11,2017-08-23,f17b1ad764b21ee284cab795b9d9d990,2017-08-01
2c47508caa1bde5360a34b306cdcaca6,57d4f3e86af974333c0d0ff941d9f2b7,delivered,2017-06-20 11:16:37,2017-06-20 11:25:29,2017-06-20 14:24:01,2017-06-23 10:42:13,2017-07-03,df580092def28a46b8d75258dc54e0bf,2017-06-20
4442d1fdf454197e9e141f0d83a9031e,3c3c45651f50bb4b13a4de268cad02b0,delivered,2017-02-03 18:08:16,2017-02-04 07:01:55,2017-02-20 10:49:53,2017-03-01 11:24:45,2017-03-06,9aed28a7d5e85a3f48fd4a23647dc8c4,2017-02-03
012b3f6ab7776a8ab3443a4ad7bef2e6,5ecc5bb2b96483a913b2d138e56aa1df,delivered,2018-05-04 21:18:05,2018-05-04 21:33:37,2018-05-05 09:30:00,2018-05-12 12:58:39,2018-06-01,d6caf670c8bf91aed723f242cafb71c8,2018-05-04
65df8539acbce2e41ba3a4a3ce0a3470,88d5d9648c5efd116d642161d4920bad,unavailable,2017-06-07 16:08:41,2017-06-07 16:15:24,,,2017-06-28,758c9db7a9e5480637d15c22a98eafff,2017-06-07
2ab7c0d346a37bba7f0a515bdd281745,c17665884beafd5dfe3cd9023b72528f,delivered,2018-05-19 10:20:58,2018-05-19 10:30:52,2018-05-22 11:25:00,2018-06-05 15:08:39,2018-06-14,5eeb9b5711ef3ae0a7cf4e96cca9c65c,2018-05-19
f989bc93bc7ab91d093d2307f9cd98f3,d42bef6fd6d62c26e60f1509137b1944,delivered,2017-12-03 21:10:24,2017-12-03 21:31:06,2017-12-06 20:26:59,2017-12-21 21:18:28,2018-01-02,3fe8b1731df7e23549702e13262d1e45,2017-12-03
7d23bcb0775adfd699d3f8c7447a2882,d7db71fdaa0580a5b0e0484c80a67b95,delivered,2018-02-25 11:53:20,2018-02-25 12:09:39,2018-02-26 19:42:49,2018-02-27 20:09:16,2018-03-12,94bbfd155627c9f5df629b15334d8f4d,2018-02-25
bf95b3f726bbc62043afc14fbfdbcdec,57d501c72879ffdf6edd0e31c2e25eef,delivered,2018-03-05 15:39:48,2018-03-05 16:09:27,2018-03-08 20:04:47,2018-03-18 11:52:09,2018-03-22,0da4c7d00921347054ca0be6b390dec7,2018-03-05
c23e8e36f82a11a84550ad1e7c87e24a,e16b5a59a6a1f4a9e047efc6ca0af440,delivered,2017-06-23 19:45:24,2017-06-23 19:55:10,2017-06-26 16:42:52,2017-07-05 15:11:44,2017-07-19,3e48bba0b7cb5cecafebde1c1bf0da58,2017-06-23
b59dd1cfaae00761d5a3b6749e874c80,69f32d82d34e7b1a4d7ea2d963a81838,delivered,2018-08-02 21:18:33,2018-08-02 22:15:17,2018-08-07 13:17:00,2018-08-10 15:48:32,2018-08-17,8fa1a3e33ff386b4b49700b8256fe4b1,2018-08-02
bed08b58982cd12128ec33bb7aae000a,e51d4d833af20d1989f1b1bd3e7c1d2f,delivered,2018-01-24 21:35:23,2018-01-24 21:56:48,2018-01-25 17:09:34,2018-01-31 22:08:12,2018-02-23,f91a4cfb572aef7649836f373c55b223,2018-01-24
016754282c7690ebd6658f9f8e0a49bb,2d5ef00df7f7b3574cee1033e6ec53cf,delivered,2017-06-06 12:35:13,2017-06-06 13:30:39,2017-06-07 12:40:53,2017-06-08 10:04:41,2017-06-21,7ed352d323845dec6500b903ad773570,2017-06-06
aef21aeac3544cbf31a1b0c4db759e44,b6fba4f325e0a771a6e80d8fbd035925,delivered,2017-02-05 12:08:28,2017-02-05 12:21:48,2017-02-07 15:21:05,2017-02-17 15:25:38,2017-03-15,29bede8fc099d697cdfffed784313103,2017-02-05
8f2b8de48c9a0aba299e3433e4c00df4,5bf2c693d60a0ee874569a3efa988b6f,delivered,2017-08-31 13:53:13,2017-08-31 14:05:27,2017-09-01 18:49:59,2017-09-11 17:22:42,2017-09-25,f709ce9201a71548c8ac219e8f50f5fc,2017-08-31
6b8efc56f3d4b9f43045ef4efd3a5e76,8afa9893a855d64656f1ff2afc37131f,delivered,2018-06-21 13:58:49,2018-06-26 05:37:20,2018-06-27 11:18:00,2018-06-28 11:08:21,2018-07-11,bbfa2fc0b051b522767faa6003216527,2018-06-21
dff20979c5b8b4378f7e769aa413390e,4128467caa12d62fe47421a1a02ddb5b,delivered,2017-01-31 13:34:09,2017-01-31 13:45:15,2017-02-07 09:32:30,2017-02-10 13:58:31,2017-03-09,1dc9d4d7bea77b585eb404951d81c420,2017-01-31
8173203a530c14fc205d5f87801b227a,8bebcfc55190b8055b33881744673c18,delivered,2018-06-07 15:47:32,2018-06-08 19:31:07,2018-06-11 13:10:00,2018-06-14 14:14:56,2018-07-03,f76d1ae90189eaa814b186cb8e87e335,2018-06-07
d26e5113b124c2bf24274139cf339a8b,dcd98ca7612d608435bc8233248e8b4c,delivered,2018-07-03 22:27:31,2018-07-05 16:11:40,2018-07-04 10:44:00,2018-07-13 17:12:44,2018-07-26,ba12e015f03481b290c31f07ef7765a5,2018-07-03
49e6f4ed0034a19d7c8051244c8d64ba,5f4691392be0759eac67f4aeb96950d3,delivered,2018-07-23 10:20:16,2018-07-23 14:31:31,2018-07-25 14:54:00,2018-07-27 16:50:54,2018-08-20,8fc0fc75220896ec20902c2e4a282f83,2018-07-23
ce04c06ff6aa33c21f5ffe29ff59062f,8bc813515b3bc503f13f53df20728dfd,delivered,2018-03-09 18:35:51,2018-03-10 13:15:26,2018-03-13 02:51:26,2018-03-23 17:52:32,2018-04-02,bb0453116202e8b3373137a1b01490ed,2018-03-09
44be450f0262cf8f77ea4fcab05dafa3,e4bbab9eceac56b0816883d12d499736,delivered,2017-06-13 19:20:33,2017-06-14 19:15:15,2017-06-16 14:26:29,2017-07-04 16:22:09,2017-07-14,1d57f9972dd0919fed3ef1e7ea8a54de,2017-06-13
6220b40639ab71c71d26a9ce7d5905c7,d3715aa5d97c7fb70347c608c5448b9a,delivered,2017-11-28 13:12:45,2017-11-29 02:20:33,2017-11-29 22:22:15,2017-12-01 16:52:23,2017-12-12,92f93187b1f2b2b3f774655a3936b90b,2017-11-28
d727b8f659908737e1e8927fc81fda36,6f5ab7951708c5ecf54e051674e7a419,delivered,2017-11-30 11:01:28,2017-12-01 11:32:06,2017-12-01 19:06:53,2017-12-20 19:58:55,2017-12-28,0dc0b084a1a2001912e165d0406e09b5,2017-11-30
994a9a6b0c7666ed14dd7790ce98bd39,348e44614598924fe73dd13f6b3f63ab,delivered,2018-06-21 22:26:45,2018-06-21 22:38:27,2018-06-22 16:02:00,2018-06-29 20:42:41,2018-07-18,bf296a611150240c6372649343a7e9d7,2018-06-21
0358c6f73774fe4d4ea9b936ce61ab2a,826620317269a6de80fbdfa41e213c83,delivered,2017-05-02 20:47:48,2017-05-03 16:02:59,2017-05-09 09:06:10,2017-05-22 23:49:44,2017-06-07,c7a121a8997c9fb5086cd1ab624dc1ac,2017-05-02
186ff84d5b5b50a2d790cabc5800b9d1,58281a0f2e7cf112033f164b20034665,delivered,2018-05-30 09:00:19,2018-05-30 09:35:11,2018-05-30 10:05:00,2018-06-04 18:20:44,2018-06-25,bf33d9afd66b26dca43892e77b7a34b8,2018-05-30
43d5113f8c14cc2c72b763c801f47ac6,5ae27e96182178bb0c1ff8ba02dd42d8,delivered,2018-05-28 16:10:19,2018-05-29 12:09:19,2018-05-30 13:54:00,2018-06-07 14:38:43,2018-06-28,710010a05158df70f4d6ce263cb801e7,2018-05-28
d0444c65949d9cea920374debbfbd723,17fb6d6ad630f465c7a86169d5ce0f4e,delivered,2018-07-03 15:08:20,2018-07-05 16:32:37,2018-07-04 13:30:00,2018-07-10 14:18:53,2018-08-03,87959fb6c60c67318d6e7c2f3d0c188b,2018-07-03
73efff4d70edf5102701931188e4b15f,c50f8b707f6bae0baa6fe4319fe4c92b,delivered,2018-03-14 23:01:15,2018-03-14 23:10:46,2018-03-15 20:04:01,2018-03-19 18:10:50,2018-03-26,06b61e1017ebf39ca2192af216259397,2018-03-14
d293e3383f4842a30acc6af140495dbb,c7e9e21722a66c9428ef03ebd3139181,delivered,2018-03-26 13:23:37,2018-03-26 13:35:36,2018-04-02 19:27:31,2018-04-20 22:32:38,2018-04-30,08d5cffab016626a395457f82ef338a9,2018-03-26
be05bd6519a58cf3d3e4ca73c99f5395,041d5700e430ed7d2f3ca2d7e781f077,delivered,2018-06-05 16:55:49,2018-06-05 17:15:38,2018-06-06 14:40:00,2018-06-08 23:48:59,2018-06-29,0e269c95d6f4b97fad56274b93bc2e36,2018-06-05
cf398216aad3dfa8731970860f663dd8,dd937b4f0c1c5be302c660e961fa2e48,delivered,2017-10-02 09:32:23,2017-10-02 09:49:10,2017-10-04 12:41:49,2017-10-11 22:05:23,2017-11-03,55b555cbe5c0b4b6d1fadcbe7b3421f6,2017-10-02
a96d3bc5d1e3315554ccd38f27ff5ef3,8aa26613f99b460c27155238fd55ec7e,delivered,2018-07-25 20:21:01,2018-07-26 20:15:12,2018-07-27 13:54:00,2018-08-06 15:54:36,2018-08-20,6402d1b2927387b210f6360a1933d931,2018-07-25
b3110047dd3a27ff4f565f9a7bf591de,38e226810cf647c1432ae75b8b8cf1b9,shipped,2018-03-03 12:21:38,2018-03-03 13:20:32,2018-03-05 21:04:32,,2018-03-22,47cf477d36e83220c84b6c08d9a90a0b,2018-03-03
a4df491ecbddc7beb456f2d14bcd0be5,ce26233b2ebaf4d7a4003215f3f81a93,delivered,2017-08-13 20:47:19,2017-08-15 03:30:35,2017-08-17 19:13:25,2017-08-28 22:38:02,2017-09-13,ad5d2fcaf9ffe6863ae85bce03138831,2017-08-13
9015087bd3384196d2ed2265cba81150,dbccb4da6723471cd6429812d0c3b086,delivered,2017-08-01 09:30:21,2017-08-01 09:45:14,2017-08-02 14:49:04,2017-08-04 19:10:10,2017-08-23,db29fa1f0d621557cec5d539a6e68050,2017-08-01
2109de10cb751b43648fd8c1ebbb1d0f,67a271d976c40ec0969381f5e5e3a240,delivered,2018-05-24 09:38:53,2018-05-24 09:53:17,2018-05-24 13:45:00,2018-06-02 12:12:47,2018-06-20,81cfc2bc23a8deed7ee0c987d50db6be,2018-05-24
9e607cec8bd33ad2250970a82dc17011,894680d04196842f885d856fa217e281,delivered,2018-04-06 17:29:04,2018-04-06 17:51:22,2018-04-09 20:51:39,2018-04-30 16:06:53,2018-05-11,027873e82cba22c40763c9e44a536a38,2018-04-06
3304b73bf1a8b2f1e44d5cd320476582,8bd28e79cfa24f0e69f918f7f31bbfb4,delivered,2018-07-24 18:48:09,2018-07-24 19:04:26,2018-07-25 15:43:00,2018-07-28 16:48:21,2018-08-10,92f51b68833e730ed3563bad29ef1a7f,2018-07-24
7f4ffc58a759986d20c8c592bb7c5cc0,f0f8173447c9877eeb1fd5691d571f45,delivered,2018-05-07 16:58:08,2018-05-07 17:56:43,2018-05-08 12:02:00,2018-05-18 18:18:39,2018-05-25,333bf43dc858229ead909c1264473418,2018-05-07
30484d32b54637054cb08b54438a6a77,c34f4cc207de4898f1bd24ee8766d739,delivered,2018-04-20 10:51:27,2018-04-20 11:12:32,2018-04-23 23:08:56,2018-04-24 23:29:34,2018-05-09,ab32e0b6af7f87620ec34c0416c1f8e4,2018-04-20
bc9c3bab22574d0c67e66cc6296b9294,fb3b60e4d8f392647f1564b0045b8d36,delivered,2017-06-01 00:46:28,2017-06-02 04:32:22,2017-06-05 12:52:54,2017-06-14 12:58:11,2017-07-10,3ffba26704fa2e86a463c2a295332dec,2017-06-01
48e7e805cf628681fb4e33aeba527ed7,c3dfa37c8b2db3ec83bddc50eaf16729,delivered,2018-01-24 20:03:41,2018-01-24 20:14:30,2018-02-21 16:26:52,2018-03-05 11:42:51,2018-03-27,2d05971ed0ee989dbaeaf117c1db3034,2018-01-24
2861a93eebd2b51ec9cf6dd4eb7abac6,3a6fed0fa3bf8f59ff44a58c7c289a36,delivered,2018-05-07 20:12:12,2018-05-08 20:35:20,2018-05-10 11:51:00,2018-05-15 22:07:44,2018-05-23,51adbbb7676c874825688d58fba789d0,2018-05-07
a651186842ef57c2a7a20501436beaf7,dcb8e12dd5c76cc347741cef1979b6cf,delivered,2018-07-30 16:32:06,2018-07-30 19:31:45,2018-07-31 12:55:00,2018-08-07 17:32:05,2018-08-13,c1802bc63a6c4c1d1723f2c59fd12be0,2018-07-30
139c61b5e6e119e1363bf3b6c1fdf598,632f7e990a361b6ccd31d6e04a02dbdc,delivered,2018-05-14 17:42:13,2018-05-15 17:54:02,2018-05-16 14:22:00,2018-05-23 14:14:46,2018-06-08,28731afd129953db2f8ec206b7a65e3f,2018-05-14
0ce94e50ed7d28e7856f3d127990d17c,2f7a0d01d00f7711a9334e4266cf0cfb,delivered,2018-07-29 21:26:11,2018-07-30 09:25:08,2018-08-03 15:02:00,2018-08-09 13:46:48,2018-08-24,8ed2447ace7f204bf94f070f0dfffbb0,2018-07-29
bf0a0b465be0fe8e8e83edb5bca69a34,e6790f36525b65120d28aee0fab34f97,delivered,2018-07-19 09:29:08,2018-07-21 10:05:21,2018-07-24 15:19:00,2018-08-08 14:54:22,2018-08-20,c59d44a792378a10062068958ebdc836,2018-07-19
3899c98e47bec0b8dc7d92daa46ee1ed,4119037f72479cd570a2419dc2fd9b81,delivered,2018-07-30 18:01:37,2018-07-30 19:31:38,2018-07-31 13:58:00,2018-08-03 21:43:41,2018-08-14,dbd5c20e0efaab67fb245d76fae17050,2018-07-30
66102db498a42db4dd18edc624df4a95,fda7b8ffe80f0ab6a9c67563bb3cf57c,delivered,2018-08-19 18:45:02,2018-08-20 12:50:46,2018-08-20 14:53:00,2018-08-22 16:08:29,2018-09-04,bb928dea9172ce21b98b780e35daf0ea,2018-08-19
5fd71cc4eb69ae6f65ac3acfcbc17ab5,a3ad36a86128c48a3b16bf2d47fc111c,delivered,2018-03-18 16:47:16,2018-03-18 17:09:22,2018-03-20 23:24:36,2018-03-28 18:38:30,2018-04-11,d7cc01564431616a71a12e2d7279d2d8,2018-03-18
574f906eedf477adaf3507222887d81f,45a730fd8d9383eb647641fed4b90354,unavailable,2018-06-03 21:19:01,2018-06-05 04:12:46,,,2018-07-17,77b5c062502dd14e828afd70925d3fa0,2018-06-03
9ce48efca38264fece92fb03a3e33562,316fc9b91c893ccbb91c1d4e90b1f3d2,delivered,2017-08-08 10:53:44,2017-08-08 11:40:07,2017-08-10 13:51:56,2017-08-17 18:46:45,2017-08-31,b3ea92a10fc1b7012b9d0ddcbbda9ce8,2017-08-08
59a547acd221c8cbc2db1baf4d53ebac,dcf2ccf356bf4d48003190405025cabe,delivered,2017-03-07 23:32:59,2017-03-07 23:45:10,2017-03-09 15:17:05,2017-03-14 10:37:51,2017-03-24,0588cca7a35c8d68b0503d9ae53dee38,2017-03-07
5f5f8f264b5202f9bf45ae2ea217572d,9ab762624f5a915c317327e3ea094fd7,delivered,2018-02-20 08:44:22,2018-02-20 09:07:27,2018-02-20 20:52:50,2018-03-06 18:17:06,2018-03-20,88fd6a9e964852b31db42c6babdeee0d,2018-02-20
73d31477d79e7d244fe031d4b2c9c58d,9cd09e55f0cc2335c314f0aab58cc1be,delivered,2017-08-21 12:56:26,2017-08-21 13:05:16,2017-08-23 13:53:24,2017-08-24 18:04:09,2017-09-05,1edfe3ca8d97195078537dcff2ae7be2,2017-08-21
47531efe4ed25555eba8637f9f6dc6ee,52f62dea0d8bb280602d81f7dbee3a00,delivered,2017-09-13 22:03:58,2017-09-13 22:24:13,2017-09-15 15:02:51,2017-09-26 22:33:35,2017-10-18,cad3225df2bb9583750577f8d5b07a08,2017-09-13
2b302d95360eac2ba6fcfc99c8d247a9,ea0199c623273bc071e2866191392e65,delivered,2018-05-15 03:34:12,2018-05-15 05:15:16,2018-05-15 12:17:00,2018-05-21 19:16:32,2018-06-21,fa08fff16b4da7ba209bd3175f659922,2018-05-15
99044ef6d39a9053e6c8be072306da0e,a6a1e36323dd31b11f38567fdf452c47,delivered,2017-08-03 08:07:35,2017-08-03 08:23:46,2017-08-08 13:29:47,2017-08-16 20:37:48,2017-08-25,168f1ed27237f26f7b5d763028db7a99,2017-08-03
f37ceab35e76b508f951fd148edead7d,3a67da457160007dc4393d326e9acacc,delivered,2018-02-14 18:35:12,2018-02-14 18:48:02,2018-02-15 18:41:48,2018-02-27 14:55:04,2018-03-09,aa1e43ec8b16996a85a123f80d164d02,2018-02-14
58ae1d454a356757c2e45298bcd0c9bf,8b270578b825aeb45e356403928ea647,delivered,2018-06-04 12:54:21,2018-06-04 13:12:04,2018-06-05 12:55:00,2018-06-11 21:13:28,2018-07-05,64e18740815366a3b2ba177b9ecc8b8d,2018-06-04
5897449bce69856d88610b3c0f4f63b5,2e19009aaf5ce281eadf19914ea75b5c,delivered,2017-01-15 21:46:43,2017-01-17 03:10:19,2017-01-18 15:12:19,2017-02-09 10:32:41,2017-02-14,dfad52af74ef4e4efcd09c4f00de979d,2017-01-15
9d7c75d76a63b0e133c2cc1b3b4b7faf,f802cd630bf91e3ac28c73f26e1a9f94,delivered,2017-04-23 11:42:23,2017-04-23 11:55:10,2017-04-24 13:03:40,2017-05-04 12:42:33,2017-05-15,7a88128cf4f06d5ee259d5f410ffdd19,2017-04-23
d902e0d07551cd7a8961363aae3e52f5,82d15550286831c47eab6c87e16f3704,delivered,2018-05-03 17:26:34,2018-05-03 17:54:17,2018-05-09 11:23:00,2018-05-18 15:33:02,2018-05-30,4b79cf991536666fcf7cfb73e5aae2d5,2018-05-03
a87ed2fb6e8666ad9ae06c12d370512c,b0da3230a8679856a83333aad33a42aa,delivered,2018-01-16 17:43:53,2018-01-16 17:56:31,2018-01-17 17:25:35,2018-01-28 05:18:48,2018-02-19,abd23f044145fba79343c5b345883641,2018-01-16
16fad10675dd44f440ae285b05386fdf,b79d8308ca464d8bee3c295ca2f758ff,delivered,2018-02-21 00:49:54,2018-02-21 05:50:15,2018-02-22 17:23:01,2018-02-23 20:37:57,2018-03-07,761a6992de97503a8b986c93d57cc53c,2018-02-21
d001290419ddebaed22e4089349d4258,1022b26224cd90d6da9894ffe5ff6552,delivered,2018-08-06 21:47:02,2018-08-06 21:55:16,2018-08-20 05:44:00,2018-08-24 16:42:23,2018-09-06,c5dddab9c57ffadd6ffabe8c2d60e17b,2018-08-06
ae86e8d601cc4c3762fff0d9609a0861,af3e0b1f2f40b0f33baad5d4801607d6,delivered,2018-07-05 11:07:32,2018-07-06 02:55:10,2018-07-06 09:35:00,2018-07-10 21:08:37,2018-07-18,dabc2d7741259132e906731a08c09d6e,2018-07-05
f84c59e73e295a051c0dbd03c3f1216b,cc0a7e9b8731076de1d04d352d532fd1,delivered,2017-06-20 10:41:50,2017-06-20 10:55:24,2017-06-20 14:52:29,2017-07-01 12:13:24,2017-07-21,9e1f2a2653ba997e1352dc75b338211b,2017-06-20
e4d88b96fb1801eb436496008e848e1a,a8ce6a904d2d16b128b6260b147734aa,delivered,2017-12-20 00:40:45,2017-12-20 00:52:23,2018-02-06 22:38:32,2018-02-22 21:27:54,2018-01-24,5605dfe001a21496976e0a8b1047df4a,2017-12-20
925f2b824125dc08ef7354aad4692fa8,e8cf020e529c13c2347d8f7cc4ba1a91,delivered,2018-01-12 16:05:38,2018-01-16 03:50:10,2018-01-23 23:22:34,2018-01-25 18:44:57,2018-01-31,40fb7c6925a1476bc7963e4a1869caf3,2018-01-12
5a85e924259fbcb51878c4fd7182b252,64f3acb4202732a3c994fdf06a61edc7,delivered,2017-10-08 19:00:45,2017-10-08 19:28:31,2017-10-09 16:06:26,2017-10-16 21:19:52,2017-10-31,9f3125f6b522e6b1b54cd2e92610a802,2017-10-08
4790bc3402a232e073d643e12035d859,7b9302469472267ccfa0a5c6966d2469,delivered,2017-03-27 16:04:26,2017-03-27 16:35:07,2017-03-29 11:09:21,2017-04-03 14:23:40,2017-04-13,914cb503fd36a7c0c3bf4393149b05db,2017-03-27
6b492e90666acecd3f5d1fd3fab7afbf,e90811cfde71a51d7d21823056b66762,delivered,2017-09-23 10:23:58,2017-09-23 10:35:13,2017-09-25 19:03:31,2017-10-07 14:46:17,2017-10-17,294b8a4a0434e2071aec3ebdbaa0e080,2017-09-23
7fd461d398eea64b8c3b9ff1761c6513,6fd328f1a74a0777918cdb53bad86308,delivered,2018-05-05 21:41:07,2018-05-05 21:55:21,2018-05-07 15:11:00,2018-05-14 13:16:30,2018-06-01,8d641cdfe05f83bdfba76ec1e52c952e,2018-05-05
be91ce89605c63dbe7f8d347a665e19b,ae404bf53c8dbbf8902f33c6756bcf6f,delivered,2017-07-14 16:29:06,2017-07-14 16:44:40,2017-07-19 18:33:24,2017-07-28 11:46:37,2017-08-03,3e0fa7823444fb8ba3e376b233b0e697,2017-07-14
5cc512157c6670b00ba7bc623fb9ec23,fc856ce2a07c49a22a5259d3b46e6a1d,delivered,2018-07-17 14:10:36,2018-07-17 14:21:45,2018-07-18 14:02:00,2018-07-25 00:52:39,2018-08-08,6b591c28d0e933a1d479fc1992dbca3e,2018-07-17
818fffaae89ab44e0f2254ab0a2b560d,535df384a6e62f8a3c5b6e6997a737ab,delivered,2018-08-10 12:12:35,2018-08-10 12:25:15,2018-08-13 14:31:00,2018-08-21 00:52:38,2018-08-30,e40feda1def9657e76e2d49e27d43bb0,2018-08-10
00048cc3ae777c65dbb7d2a0634bc1ea,816cbea969fe5b689b39cfc97a506742,delivered,2017-05-15 21:42:34,2017-05-17 03:55:27,2017-05-17 11:05:55,2017-05-22 13:44:35,2017-06-06,85c835d128beae5b4ce8602c491bf385,2017-05-15
4dcf81f76e3af4f8740d2b3c159a453d,91721b6690bba7032a15f885b4ebb190,delivered,2018-04-13 16:23:38,2018-04-13 17:21:54,2018-04-17 02:40:29,2018-04-20 11:11:52,2018-05-08,c3a5a6bb526f4595608414845b62f950,2018-04-13
c09b25f84f52644793916c9d834ee48b,b39cc591b3abb3b29b880bb174b10d65,delivered,2017-11-13 00:19:54,2017-11-15 02:55:32,2017-11-16 20:17:07,2017-11-21 19:39:37,2017-11-27,f53f4854a86a267104496432c29710e2,2017-11-13
2a3a15442d770b77f30d1c2c02be3697,51ea9b5bc33e6a32904b5154b82c3837,delivered,2018-02-23 12:30:32,2018-02-23 12:49:18,2018-02-24 00:51:55,2018-03-24 11:16:46,2018-03-19,11480394c66841456cad42fc97a3013e,2018-02-23
2524a4278af338cc4ba22f64a10d5798,766937eae4ef200d016b8717d52392fe,delivered,2018-04-12 02:17:54,2018-04-12 03:00:46,2018-04-13 18:04:39,2018-05-05 20:31:07,2018-05-11,4e67c0bfc3e8a35856795fe0c33af28e,2018-04-12
88d1a4053f36cee7a806c473458c6c11,5aba5cd911ef3113db47dc00f259399e,delivered,2018-08-17 16:27:14,2018-08-17 16:49:47,2018-08-20 15:12:00,2018-08-24 14:57:24,2018-08-28,03820299130367803663f7eb70bcf2bc,2018-08-17
536b55df90b1eadec8cd2151d8d54536,1938eb8b42615427aeb761316ba56d7f,delivered,2017-11-04 14:16:12,2017-11-04 14:30:29,2017-11-06 16:18:25,2017-11-14 18:33:20,2017-11-30,efc96f2b0d64a87eab5fda58be1f6c57,2017-11-04
281a4e1ef3ab9d256027ddd2db90c762,48fe0a56997c0eaac6fa6f50fc9d8020,delivered,2017-01-27 14:59:18,2017-01-27 15:30:56,2017-01-31 15:07:35,2017-02-02 20:07:49,2017-03-06,64fbafb2935c7a2588d6a26a9d750487,2017-01-27
aa380313c19905dd1651bd21e75f09bd,bca042dd52272f582872f0ab66cf2afc,shipped,2017-07-19 12:44:59,2017-07-19 12:55:22,2017-07-20 14:38:54,,2017-08-14,c8d8b460d18c2896b78bcc324ffedd20,2017-07-19
3597f6476c27b4e1cc2f58588116f8f5,79e2cae59c2216c721c54ff9c53ad657,delivered,2017-10-03 10:30:22,2017-10-04 03:04:14,2017-10-06 19:13:54,2017-10-23 17:42:02,2017-11-01,070742717e9b0a917f0823213f3669b2,2017-10-03
04bd525b12a75a2a6fafd26414588301,cfd6d3b7873694cf0b8b35a3fd00d504,delivered,2017-05-09 16:58:34,2017-05-09 17:10:08,2017-05-10 14:36:55,2017-05-18 07:57:49,2017-05-29,6a800c203f302b10693e7b18f4d92358,2017-05-09
66b090d3b031a3fc0d1e296a209b0de1,e00d5aeac61cd0816aca4d448d2e212e,delivered,2017-10-09 18:43:07,2017-10-09 18:56:54,2017-10-11 20:15:44,2017-10-19 20:19:38,2017-11-07,8ee86b67d90987db7e4c3db45dd0c8fb,2017-10-09
2df5aaf1eb7caf39dad85e2ce5de84c5,b7f0f8cd3edee9be516b3045dd0bab2e,delivered,2018-05-12 11:20:55,2018-05-12 11:35:14,2018-05-15 09:41:00,2018-06-08 16:29:07,2018-06-05,a02eacf0709fe99ed472320ba1ddd738,2018-05-12
d1d0ec044cc554a29e2e8fcb1c0f1002,2fa8b888993e6b2f087eccc07c47ac2d,delivered,2017-05-19 21:30:40,2017-05-19 21:42:47,2017-05-22 13:15:59,2017-05-25 18:42:57,2017-06-08,747a0cf72f0502c013f3f632061ad97f,2017-05-19
0c355e13567802628373895daf5f0a61,3e3cb27f0d01f9763177c6de2d4bf139,delivered,2017-12-31 20:17:14,2017-12-31 20:27:40,2018-01-11 14:34:20,2018-01-15 18:17:44,2018-01-31,393f8eed73a198197061b5e207cb6172,2017-12-31
aad7d7dacb681055d348e02842f0590b,67d919011e9111fd930af9c0e3e016d5,delivered,2018-02-11 20:24:37,2018-02-11 20:49:30,2018-02-14 22:46:10,2018-02-19 23:18:03,2018-03-14,0f9349a9da479b7e02c4cb4a0c73fb47,2018-02-11
cf891dfddefcb0fd6ebc574e0cc67846,b06c4f866065a1ea965b64e127cbf6b9,delivered,2018-04-01 16:29:59,2018-04-01 16:47:43,2018-04-03 19:25:52,2018-04-13 15:19:19,2018-04-25,f848cd3245c68b5d3a8f85c40dbf5af8,2018-04-01
67756d84a71c958f3c19cd41a7580d9d,91a4d4f7a264cddaab3e19a5ad4ae8bd,delivered,2018-06-20 10:33:42,2018-06-20 11:08:14,2018-06-22 14:11:00,2018-06-28 23:56:33,2018-07-27,b63f707b59f7668fd216594457b91a10,2018-06-20
f431c479d2300988a101976210bc2ef7,a19591cb42cf3526a2f767bdc2946990,delivered,2017-09-22 15:00:03,2017-09-22 15:10:27,2017-09-26 17:29:59,2017-10-10 10:23:02,2017-10-24,eb7cfc50754f21b955a078be34efe076,2017-09-22
c2727cc96d58f1f1cf1ff57b3e4fac27,e1e9c7c539b9c41b94f408473000c75e,delivered,2018-08-01 12:37:55,2018-08-01 13:20:10,2018-08-02 15:33:00,2018-08-07 00:11:50,2018-08-31,e19106cd4abc5c3ee0d5c13738d45c25,2018-08-01
7a7d015aba4cb837644d24afa509ab3a,88307fcbd0dc9aeb5decad275e3685fc,delivered,2017-12-12 22:58:44,2017-12-12 23:12:41,2017-12-13 20:22:48,2017-12-21 22:41:43,2018-01-09,4e88baedfadd384da318d6230d8ae553,2017-12-12
800447e795f2bcf1009e0b2a88d05bbe,3da98e49dea768b5addf8ff2a379bd10,delivered,2018-05-16 17:20:12,2018-05-18 01:35:20,2018-05-18 13:51:00,2018-05-21 15:06:45,2018-05-24,71532174b89899cc2edc27886af89ec9,2018-05-16
397e335a89983e6eba9313c4a8f65e4b,84e52783193cefa19bc60f352ffbc6fd,delivered,2018-07-27 12:26:33,2018-07-27 13:04:10,2018-07-27 14:50:00,2018-08-01 22:10:56,2018-08-14,f7d2eac6433d18a4f323f0c620ddfa8b,2018-07-27
0c436bbfd70e98c64bb73b3f23a78d23,6f1fc079f4830debca704c7575c2883f,delivered,2017-11-19 15:08:33,2017-11-19 15:26:32,2017-11-21 17:23:27,2017-12-01 16:32:59,2017-12-12,61fe2788dabfd25dcb423cdf82eabf7c,2017-11-19
88c58a28309ec405852216aa601ae32e,bb66f809e5e058fd11be098c90932c7b,delivered,2017-12-06 09:34:22,2017-12-06 09:49:15,2017-12-13 16:38:50,2017-12-22 17:48:35,2017-12-29,817dfd84bc8d5e4d6e57f5cc73369a0d,2017-12-06
d591fe8e95691bbffc5f4f2478bb3a7c,ede594735f243320b1e1c24c854ffe94,delivered,2018-08-01 17:45:55,2018-08-01 18:04:06,2018-08-03 12:27:00,2018-08-08 19:27:41,2018-08-14,b862b22cd187711bbb126470e46152c6,2018-08-01
b3fa7f92cf505c2b50d5e78e7835fb94,4d73f3be7a90bb514642db6fea2aa7cd,delivered,2017-05-22 09:50:27,2017-05-23 09:25:20,2017-05-23 14:50:11,2017-06-07 16:38:55,2017-06-19,9b8053235a21d91d4a863a30105fc7e3,2017-05-22
2f508dcfe7fed8d13639afe310df65ab,50c78c4b3b336807891817726f2c318b,delivered,2018-07-25 13:54:32,2018-07-25 14:05:40,2018-07-25 15:02:00,2018-08-03 23:28:35,2018-08-20,1380beb7941dc196c3dcb25022b033e7,2018-07-25
fac313dbb6add2eb12c5dc3cb6e6e807,c5ee29a7bd87f451fb68f5d6ee2d8cc6,delivered,2017-07-28 18:35:48,2017-07-28 18:50:18,2017-07-31 18:47:40,2017-08-03 17:23:59,2017-08-25,190291429a0d2886dfd20d2372779d72,2017-07-28
fa22247626749c6b54ee3b6a97cb8018,b47e3bb89a04830b931629ec351b5956,delivered,2017-02-08 15:32:23,2017-02-10 02:43:15,2017-02-20 07:04:55,2017-02-22 16:42:08,2017-03-23,c5f0c60baf99d169f7dc4d749dfb4407,2017-02-08
a3ef7e4271c9088cf2d3de8305ef2355,a4839648ce5d1a83c99e4383f58de2e1,unavailable,2017-11-03 22:26:44,2017-11-03 22:45:51,,,2017-11-24,1a674d0bad43d5b5c387fce838e4c428,2017-11-03
ffc1be2cfc663c95a4663eae09796e19,d91334c0843c16865902f1eb2356811e,delivered,2017-11-24 21:23:08,2017-11-25 00:22:09,2017-11-28 18:19:38,2017-12-12 23:41:42,2017-12-21,18cf733f47d311419adac897bfa46b70,2017-11-24
56f5ac1c23292d909b75a7d2e00774fc,9ab0653986d1b8f8ef845a8625863a30,delivered,2018-02-13 12:02:41,2018-02-13 13:10:19,2018-02-15 10:25:25,2018-02-21 23:27:43,2018-03-08,18cee462713aba96605f7918cd72cc58,2018-02-13
30572123f2730cbcda9ff3acf4b879e2,eea555ad0fb1839ff35f16ae66f0fb90,delivered,2018-07-25 22:12:50,2018-07-25 22:25:10,2018-07-26 12:57:00,2018-07-31 01:14:53,2018-08-08,c2d989a85afea908c4c9843c3e942a4b,2018-07-25
55767877e242a8b22f7903e1903d9c2d,b8b4f0721839f23a4808858f3348d881,delivered,2018-04-13 23:23:13,2018-04-14 23:31:33,2018-04-16 20:08:45,2018-04-27 12:32:20,2018-05-16,f4c4cb0db5861466f91436738ff2e67f,2018-04-13
68675622f4933bcfe998090c4e50e4fc,5949fb6269f521276e00bfda113fefa2,delivered,2018-06-19 16:28:26,2018-06-19 17:04:35,2018-06-20 13:11:00,2018-06-21 16:41:20,2018-07-03,51b878223e0bcf43625ce4536b031b0b,2018-06-19
fac596e78a482c65c9ebe4d9f7d8eb67,c79c0283008594b41e0a8a8c923d3d7a,delivered,2017-08-29 08:05:44,2017-08-29 08:15:15,2017-08-30 14:51:58,2017-09-18 16:08:04,2017-09-21,7f2ff9fad0d6edde58ca42edf1b99bed,2017-08-29
3ba4434655efde991569fe475dd0e688,910b8c007be2f33b0149a841b3d2aec0,delivered,2018-06-01 10:52:14,2018-06-01 11:12:24,2018-06-01 15:10:00,2018-06-08 14:58:36,2018-06-26,e541e88a6234baca67e2a5674cc7c79d,2018-06-01
64099350b7cbd1d6a7ac7786b990cb8b,b9c71896b3982d887261350a516f5c8b,delivered,2017-11-17 21:14:05,2017-11-18 21:11:41,2017-11-28 19:09:16,2017-11-30 12:37:10,2017-11-30,bb3d1731d90afd510cb744f4d2af3c0e,2017-11-17
14c981a2e9e98dbc3eedc6084803ef1b,2afc1d604e9a528a86dfc0beae4739c0,delivered,2018-06-02 21:11:17,2018-06-02 21:31:52,2018-06-04 13:19:00,2018-06-25 20:42:09,2018-07-16,8234e6c1f994bc829649de4ac248ed0f,2018-06-02
1db142fdab73b764609d8a15e7dd5a38,b7f840ef94a2311ac205dce9a1aac7bc,delivered,2017-06-08 16:14:56,2017-06-08 22:31:16,2017-06-09 10:36:47,2017-06-12 11:16:57,2017-06-22,49f5f0ccd8e9f10e878e57e046730888,2017-06-08
d527c6337841d7474102cbb7396891de,49a68cbaafb9101d1b168de68aaeeeeb,delivered,2017-04-05 15:15:05,2017-04-05 15:30:16,2017-04-06 09:18:01,2017-04-13 17:38:01,2017-04-28,b9236594bd1e7a7203767b53209b38b8,2017-04-05
3e6792dc4eaebe2820c5eab74fc6d3ee,45400e5af35d4f15c68b46c01c7bd8c0,delivered,2017-06-03 18:27:30,2017-06-06 13:10:23,2017-06-07 11:23:10,2017-06-16 11:32:01,2017-06-29,39f949657a885fb2d3657c690eafeffe,2017-06-03
aee019a48962151b8f0a5f2667523a69,b4a24540ca7eab4fe0c46d6efa6009cb,delivered,2018-08-08 12:03:31,2018-08-09 15:55:14,2018-08-14 15:30:00,2018-08-17 01:56:46,2018-08-16,02063d3c56dc62e17f57cdd78c4962ff,2018-08-08
be7a773222d5a7d8b12e75ed2320037a,14fb55c459d876ffaed351c4e23351b1,delivered,2018-02-24 11:24:45,2018-02-24 11:35:26,2018-02-26 18:58:05,2018-03-07 15:42:13,2018-03-26,9638a1c15270c287a78d0601ef262963,2018-02-24
7e39c7f737bbf597868c912bb9d2bb48,9db4f2dd60aad0f12db7f68b36a653b5,delivered,2018-01-11 13:28:05,2018-01-11 13:38:24,2018-01-13 02:10:58,2018-01-15 17:53:13,2018-01-30,119f64639e59ffde66a53dda588b0ee0,2018-01-11
c070b6a6cdd7d86e8661167d223786cd,9dabb3bf6243aa5e10bd2db67fa59216,delivered,2017-06-07 11:41:30,2017-06-07 11:55:13,2017-06-14 11:53:07,2017-06-22 16:46:37,2017-07-04,9540c54585aa41edcafad95dcf0da6a1,2017-06-07
0a5e1bafba05f64884feb58a0bd822a0,a64a5b108e13e362e90eb0ff71dec9ec,delivered,2018-01-13 15:05:52,2018-01-13 15:16:29,2018-01-16 13:56:12,2018-01-26 13:07:35,2018-02-08,77753ef90e9a8f166c652aa75de0486a,2018-01-13
8c9e68d34aa382d77160f9a1190037ca,b69720a2b394287868dd6fff64d161b9,delivered,2018-08-04 13:56:31,2018-08-04 14:30:58,2018-08-06 15:24:00,2018-08-08 17:16:35,2018-08-16,805ac6dcfedc51e45c96efa8db9bab8e,2018-08-04
481fc532b3f80d9dea57e91dbbcf7119,26fa92624a59797dda22be2e952140ee,delivered,2018-08-09 11:48:38,2018-08-10 03:15:20,2018-08-10 12:01:00,2018-08-21 02:22:14,2018-09-04,f6d4505f3eb179ddcf25fd5e76f141bc,2018-08-09
5d80dfb48f5c62fe1cbd194b1b6f57bd,925c3bfb7984d673dbd8f1bb68d0f950,unavailable,2017-12-04 15:42:31,2017-12-04 17:22:51,,,2018-01-11,12615f4b81dab3cef47fadaff3585279,2017-12-04
15a1cd1da2bcaccc711512ecb5701c5d,6fc99700f57ca48100655dc291a083ea,delivered,2018-03-27 05:53:39,2018-03-29 03:10:25,2018-04-03 20:58:25,2018-04-09 20:51:15,2018-04-20,098e17d731e1f0966dc7b478db419825,2018-03-27
f8d16199418f035ea1dba5f6fc4cdfd3,23645cfb38e6817c9b97695620fda92f,delivered,2018-02-28 11:19:15,2018-03-01 02:50:45,2018-03-01 20:49:20,2018-03-07 15:57:50,2018-03-29,ee733836f8e2772b2feab6db143af078,2018-02-28
6a3c507660b55ba44c463acc23cc8d68,e69bf5017b2f0579333d892780b11b56,delivered,2018-06-02 21:19:30,2018-06-03 21:15:14,2018-06-04 13:38:00,2018-06-05 18:30:41,2018-06-20,3965b3e9631ff87aa8c3d7e4d8473294,2018-06-02
a89c7ca4e54f3cad7dbdb78b5e33c4f7,59d196118ca8d55c3c6e469f532f9bf1,delivered,2018-05-23 11:35:43,2018-05-23 14:54:50,2018-05-24 10:46:00,2018-06-08 22:50:30,2018-06-18,6c7e3c83a8adc26b579c6248b044ed99,2018-05-23
97f06fe395ce93098b2deafe88e888c4,547c1c5240ab52551513cdd2d3ec52a2,delivered,2017-12-05 16:24:16,2017-12-07 16:16:27,2017-12-09 00:06:59,2017-12-18 22:22:18,2018-01-09,0a62dfd26b276f568cf1e8cbfd18628b,2017-12-05
de3e0df5f571319433fe7a4843f90587,9797f235d77daa2d4bb88ad6a848497d,delivered,2017-06-20 21:03:19,2017-06-20 21:15:16,2017-06-23 12:52:16,2017-06-27 21:57:33,2017-07-10,ed589c98dd05eb5337d7a1e75582a60c,2017-06-20
fc2893781987c8064e5db53f1ce4ec3f,213793bce063883455855e97246b1b0b,delivered,2018-04-07 08:33:36,2018-04-07 08:47:54,2018-04-09 20:48:39,2018-04-11 13:58:21,2018-04-19,8f2a016d69ea45860c49cf7877f0ae12,2018-04-07
2c0fcacf7cf12e9d0e8ea049d6285141,78b8e3c0c4ae2e5332a070adb9f5f014,delivered,2017-12-19 01:55:44,2017-12-20 06:52:23,2017-12-21 22:16:50,2018-01-05 15:44:16,2018-01-22,9b685597cfc19fbeec3947b9578a5819,2017-12-19
3478b113b28e0c77c5b870f927de40cc,bb5b0eba859f1f33921bd0336173c933,delivered,2018-07-05 13:49:49,2018-07-05 16:09:05,2018-07-05 13:55:00,2018-07-10 18:21:24,2018-08-03,dda1ca2a846869452e5a16e205d1fc5f,2018-07-05
df5097a15b08e55f820169e963f6fd2c,35cc404df7a1d1c031b7c944e7d71f11,delivered,2018-04-26 22:47:29,2018-04-27 08:12:12,2018-04-30 13:14:00,2018-05-16 19:28:22,2018-05-17,8aceaff31bf558470ed6433f264633aa,2018-04-26
864fb7308cf63ed5141c340f258de1b5,01c9d951957a4e8c098d7ba50e8a3f9c,delivered,2017-11-15 09:16:57,2017-11-15 09:26:55,2017-11-16 19:58:23,2017-11-17 18:56:52,2017-11-29,38019b1f69a4650e3a47d014d3e7ef12,2017-11-15
f00e76913de005d1e688bde18d970dff,242f5e8e3ca7e44f1f2f503946748b6d,delivered,2017-05-09 18:59:14,2017-05-10 06:35:29,2017-05-30 06:57:58,2017-06-06 17:28:02,2017-05-29,be090b890480d4e78f88e844fa68050e,2017-05-09
9bee6353b1a78c53133a7711049a33d5,01d086a800f69d84ec98c276bd44dcc6,delivered,2017-10-09 13:13:08,2017-10-09 13:28:16,2017-10-10 15:39:00,2017-10-17 16:58:03,2017-10-26,e18182c0ce568de398acb620835e9710,2017-10-09
cdf746aa8492ace4e8785a606adf00f4,8b74b725906ed53b60e9393d6c256575,delivered,2018-08-07 23:39:16,2018-08-07 23:50:19,2018-08-20 14:20:00,2018-08-28 22:34:53,2018-09-05,87ba56012a8a77f540b03685ef76d050,2018-08-07
5a91aca4cab56a1119249a6ab5d41318,e1c828a8bb2e4d96ea7ab8542865f103,delivered,2018-06-14 19:28:13,2018-06-15 02:36:58,2018-06-15 13:05:00,2018-06-28 15:34:52,2018-07-19,48e37c88d35ceb60154f8969893505db,2018-06-14
4a77a1a8add8db5a1d2cb407b6923849,2dce9a88e9782c5eb7a92dce1c1684ee,delivered,2018-01-19 00:18:33,2018-01-20 11:57:51,2018-01-23 23:18:14,2018-01-30 15:57:07,2018-02-14,17ecbb11ad271dc15ba46b93be52062a,2018-01-19
fd35f76586d33671031d89dc11030a4f,1a1c743fedba1e6a56838f343048daf9,delivered,2017-08-26 00:54:09,2017-08-26 01:05:12,2017-08-29 19:12:53,2017-09-15 22:07:20,2017-10-20,32f6a2f1bdab32a00739ef00c46cf4d4,2017-08-26
3d5b009657b66f53072a0c50aae31aaa,8308d885fcafa1e2ca6798101a8d4af5,delivered,2017-05-01 15:40:03,2017-05-03 11:35:59,2017-05-03 14:21:27,2017-05-09 15:29:43,2017-05-25,bff1f74cd26442ad22202884e089e94c,2017-05-01
42292e831d26e43153b9bc1e5e440681,e1ffcf6864bd61cd2bd1ab8619d914f2,delivered,2018-01-24 13:46:31,2018-01-24 15:16:00,2018-01-30 01:28:52,2018-02-16 21:23:49,2018-03-02,a4b5f9c363d6a5fe33c0cc046c375a6d,2018-01-24
c188cb8c1687e281f8d8e8021bc0b8cb,fa36032145744628462e7af460281237,delivered,2017-09-30 18:15:34,2017-10-01 02:33:50,2017-10-02 19:12:08,2017-10-14 00:28:59,2017-10-31,f83cc963773bdfdcf9915f3b0493a972,2017-09-30
ca823578aa819296a9581dee40fefb60,ace5f5494b09c4e9fd05d1239820cb98,delivered,2017-05-17 09:46:30,2017-05-17 09:55:19,2017-05-17 16:00:18,2017-05-22 11:49:33,2017-06-08,e34530063d6201d9d7df1d3e5f0925bd,2017-05-17
e83017d68cf294c6dc9386de02a700ee,369f91f6fec269279e15291df339ce97,delivered,2017-04-22 17:31:55,2017-04-24 06:35:18,2017-04-27 11:08:30,2017-05-05 12:32:19,2017-05-19,3290139ba650b14b9d1b5d749dfcb47d,2017-04-22
7ece841b35eb37fd53c5ddf9ce85b1aa,794c653990d6308974884f5fe235a9a7,delivered,2018-08-23 08:25:55,2018-08-23 08:45:18,2018-08-23 14:27:00,2018-08-29 20:18:49,2018-09-03,328685e0fb890223f3ab37351a0f33e1,2018-08-23
a24eb60f1866ce0cf8d9c0a47f738d96,a672c01a8706789a69a3ab1da540a965,delivered,2018-04-30 07:40:08,2018-05-01 05:55:03,2018-05-02 12:20:00,2018-05-11 21:19:36,2018-05-24,6b728f9855c35b9bb52276facffb8788,2018-04-30
549724824079ea56bf8f03069347fe0e,cf60e547390ad78dba593467dcfd853c,delivered,2017-12-11 12:23:28,2017-12-11 12:35:30,2017-12-12 22:09:25,2018-01-03 16:42:06,2018-01-10,64105b5f00ac5eff4120459da7f32cf2,2017-12-11
ddd72c925f9bdf6faa7d6a9dbbd6b907,ad19d1cbd8b1ab93d6a60e00ebabb602,delivered,2018-05-13 19:39:03,2018-05-13 19:55:43,2018-05-14 08:27:00,2018-05-18 16:38:52,2018-05-29,4c31188d7f3e42acc7abb33becbff495,2018-05-13
77d4a04d4a453d14c0a086cfd2f00fec,f5d9b89ce7c2abbca426c36ae04e613d,delivered,2017-08-15 20:08:04,2017-08-15 21:45:25,2017-08-17 13:03:35,2017-08-29 20:41:55,2017-09-06,520c218945cca2a6218aa55dd0886b0f,2017-08-15
16bd3fc02551c1d7c7adcfba92b674a2,931b4625cb00b378f07ca1a17fd37381,delivered,2018-01-11 11:36:37,2018-01-12 11:30:35,2018-01-13 01:19:27,2018-01-20 00:37:36,2018-02-05,9210007accfb0fd8bd83b48a1e603f3a,2018-01-11
a4c838975cfa8a5cffda389f44d58213,840ebf0107844a440bf64e877ecb3b2b,delivered,2018-06-13 10:35:33,2018-06-13 11:00:02,2018-06-13 11:45:00,2018-06-20 14:33:22,2018-07-11,69ec90d3f972879bf99785c78d1d4e15,2018-06-13
ddc904ea8bd4313e136beae61948c20d,1412be486661c275b82db0ddd740fea9,delivered,2018-07-03 14:37:25,2018-07-05 16:33:01,2018-07-04 14:39:00,2018-07-12 00:08:40,2018-07-26,15bcd9376b047df8dfc82be259a4cc98,2018-07-03
bdb7c7b648d72056fa0a7a19805dce0f,4da516541565ce46839da7c8a6af3fa5,delivered,2017-11-22 13:41:27,2017-11-22 13:53:29,2017-11-24 20:48:35,2017-12-05 18:27:48,2017-12-15,a6ac029c3ae532651dc2591ebaaac6a6,2017-11-22
014e7d12255fc66b5ea5e6c93eb4be7b,55ae57a8afd95ff914731cd2ff9bccab,delivered,2018-01-26 10:54:11,2018-01-26 11:31:19,2018-01-26 19:41:28,2018-02-16 18:48:40,2018-02-21,4860841dce3abd17be7022064cfa15a3,2018-01-26
77c514940a145ab624fa7ec202ef6dae,b672ec4fc48654c733127509c00bcfc3,delivered,2018-06-25 21:31:05,2018-06-27 08:30:42,2018-06-27 06:37:00,2018-07-03 19:48:43,2018-07-19,3cb378725c35b2af380dd6607e75b845,2018-06-25
275aba34a453b017029d48d8ffb43dd2,55bc475023176cd0a21a0be147b1ddc6,delivered,2017-04-06 15:10:29,2017-04-07 03:15:20,2017-04-07 16:12:41,2017-04-18 16:07:06,2017-05-02,b0b5fce969eb68ee07a9f5670e7835ea,2017-04-06
0d4a43cf7b7994e0a782864d075dc842,967cb8f7540c4e9fa2bffaa0f8f1c63b,delivered,2018-05-01 17:52:15,2018-05-01 18:14:13,2018-05-02 18:21:00,2018-05-03 18:36:47,2018-05-15,782dffac0f77aa5b5f950dffcf6e238a,2018-05-01
358691d1ca37befc409b28a20817ed0a,538e86a098b00ac8113f763fb5ef2900,delivered,2018-02-17 20:18:06,2018-02-17 20:26:49,2018-02-19 16:05:12,2018-03-05 21:10:17,2018-03-15,8badd2acf0b811e1596aa558df531668,2018-02-17
499689fc885e9c2bb31f4a13fc67f499,90e1d32a97d5acd67dcbe7ad2faa555a,delivered,2017-07-23 13:19:02,2017-07-23 13:30:14,2017-07-24 21:51:33,2017-07-26 20:09:51,2017-08-08,bf1bc30130d30c64e949ca5c5acdfe43,2017-07-23
91004f0959e3066dc81fbb1c82ef2de7,9c7dfbe1e9bd22a4b59181aad23ee8c4,delivered,2017-04-14 15:10:29,2017-04-14 15:22:09,2017-04-19 17:08:12,2017-05-03 17:14:54,2017-05-10,dcfcea1fed8afaf9165b1037af4082be,2017-04-14
f567c242e80099599cc0202343266187,ee9b87ea57b325579cd3f6cff93f5f55,delivered,2017-02-24 21:07:17,2017-02-24 21:15:18,2017-03-02 13:49:05,2017-03-11 09:45:56,2017-03-17,ed4f1d601522b19253227868892c33f4,2017-02-24
cd8a09a7fdc1232c4b96604d9bcadc98,72c66ab2471ae34d87b93674c19c4f67,delivered,2018-07-13 15:14:12,2018-07-13 15:25:23,2018-07-19 15:46:00,2018-07-24 16:56:22,2018-08-02,cb981605a5c79afec904c602efd19d81,2018-07-13
3a2ccd64420d46c86f575892f6d83753,25cc0b71a9122c62a2880aa1ce12eedc,delivered,2017-04-03 23:05:43,2017-04-03 23:22:44,2017-04-04 16:14:35,2017-04-12 09:41:03,2017-04-26,6856178ce177496369e3a83fd143e621,2017-04-03
906d4efc060eee725d73e93dc6de8eee,d759e1e92ecf8c1cbd551592f00019b5,delivered,2017-11-02 15:21:02,2017-11-02 15:36:10,2017-11-06 21:32:21,2017-11-13 17:38:59,2017-11-17,5806b2a3f14eb5221103741839c44284,2017-11-02
b76cebb0a09007c35a19e98b178acd63,e8043e94a03541766bca8246a5af9d8b,delivered,2017-12-20 13:05:53,2017-12-21 02:10:54,2017-12-21 19:45:58,2017-12-27 21:58:43,2018-01-10,04badcbeea122a16bcab6bd3d47bf166,2017-12-20
fee67a1d884fddbd3cd1da188db227e7,354708647aaa9f2b0e26dc6070de93d1,delivered,2018-01-20 21:18:44,2018-01-20 21:41:07,2018-01-22 20:54:42,2018-02-07 12:08:16,2018-03-02,66fac245c830beef84c7cc5054b7ad0a,2018-01-20
e8051e65754422caf457412193df751d,723eb4ba0ff9ab7d9b964b4bf7d30438,delivered,2018-03-10 16:44:09,2018-03-10 18:00:23,2018-03-12 17:22:53,2018-03-27 21:26:34,2018-03-22,34416450d9f82a563b07a853cb11d643,2018-03-10
e28a6e3aa7a161c1681ff579233321b8,26ea9638666b7ba410fb22400c5e7dd8,delivered,2018-08-02 12:06:56,2018-08-02 13:10:24,2018-08-03 12:27:00,2018-08-09 17:21:04,2018-08-20,578b6cae96786a167ce81b3d0b884be5,2018-08-02
40e6624f975fba72e2ca10754a14e078,cd241e892ac3082d6f1b45ca49ad158a,delivered,2017-07-05 10:09:40,2017-07-05 17:41:32,2017-08-08 12:22:59,2017-08-17 22:37:46,2017-08-10,2ff3dcc998781b110af2dd048670f33a,2017-07-05
00bdebefeb760588a3425fad9dfed3d9,c14cec6645dffb638b0cbbf9daf4a557,delivered,2018-03-08 15:59:34,2018-03-08 17:00:27,2018-03-09 22:16:22,2018-03-14 21:08:39,2018-03-26,0a4e2ad7c04efe811bc08978563c7b09,2018-03-08
ca43290a13163a41f1a14fd9728a8b64,a4c9ff14ae7620126461ca55f36a76ea,delivered,2017-04-26 11:19:28,2017-04-26 11:30:10,2017-04-28 09:14:11,2017-05-10 11:25:54,2017-05-23,e9ab8fd8ea96c85be2714c7f573fb7cd,2017-04-26
0cda3f4a118f3654ee4e487e867fa036,74756c0559cd1cc497e70925b040c013,delivered,2017-08-09 18:44:36,2017-08-11 04:15:34,2017-08-11 19:16:03,2017-08-17 12:18:45,2017-09-04,407dd82599ee3d552a284beb5ecff0ad,2017-08-09
0decb14beb4de8d3b4e37103e81f119b,be8bcd0555b36108840f4f4a8dd4f2d6,delivered,2018-07-31 17:45:44,2018-07-31 18:44:01,2018-08-03 15:55:00,2018-08-09 17:18:32,2018-09-04,6e35083480b2a962613d9547f50e8ba4,2018-07-31
d9dd31d18506394e89644f5e0b9664e3,525386e5496dcb6a38723359f7450144,delivered,2017-10-11 12:32:56,2017-10-11 14:43:04,2017-10-13 23:13:49,2017-10-17 18:30:07,2017-10-30,c9a86637da4318bb3d54cf1a79b205fb,2017-10-11
accc1fd1e3c84881e0a9b27f8b611386,5fe8c0482d540984e89e0d7aaaa6bc66,delivered,2018-06-02 21:13:07,2018-06-05 04:51:53,2018-06-05 13:52:00,2018-06-11 20:04:09,2018-07-16,c4dd889d7fe1cdefc11e1dca588e3ac6,2018-06-02
1667776af91110f93bdb9aedfe229e05,01b0099d07c9a887f45ad0e29342cced,delivered,2017-12-14 11:25:21,2017-12-14 11:35:21,2017-12-19 16:15:08,2017-12-27 21:18:30,2018-01-15,ea45b2b884b7d5ffc685d0aed6e9a11d,2017-12-14
ae2bcbe8fbd1ed3a7698b5d7cae26c43,29d638a84ba5f8b7a4b28d518b854fc7,delivered,2017-06-03 00:05:45,2017-06-03 01:15:10,2017-06-05 13:34:31,2017-06-13 14:51:49,2017-06-28,a56bac76ab2bd08ab5bda08f5edd2e6e,2017-06-03
9786fe4bfc559809a4bc1a58b72e2077,90005f3ce609c467eb968c7f7798ddc2,delivered,2017-08-21 23:44:15,2017-08-22 03:25:28,2017-08-22 19:38:17,2017-08-31 20:47:05,2017-09-20,841163588d4103f539c4a4a30474eff5,2017-08-21
7d7df8855c592bc0b098e2579a45b651,705919214a7406359e3d3641c1c5c2f6,delivered,2018-03-25 15:40:15,2018-03-25 15:50:33,2018-03-26 21:12:42,2018-03-28 00:05:46,2018-04-06,baedb36c4e25be4388cbe63b4c09b601,2018-03-25
2ba9a0408f6084acab89be7aa689e5b4,09b1878a274d15a0132b3c983ddc436e,delivered,2017-07-15 08:47:23,2017-07-18 06:04:09,2017-07-20 16:55:00,2017-07-24 21:53:09,2017-08-15,05bc195d57fb23eee0aea9e943f01c61,2017-07-15
d9673e96478769083775f81525768734,d2013285ea5d44bf4298cdaa180e58ae,delivered,2017-11-13 15:41:29,2017-11-13 15:55:49,2017-11-30 17:04:56,2017-12-04 14:12:49,2017-12-14,147e394a7aceda98ebf302df17040503,2017-11-13
112eb6f37f1b9dabbced368fbbc6c9ef,65f9db9dd07a4e79b625effa4c868fcb,delivered,2018-07-23 21:53:02,2018-07-24 10:31:34,2018-07-25 10:25:00,2018-07-26 18:29:28,2018-08-02,8d50f5eadf50201ccdcedfb9e2ac8455,2018-07-23
29c20a338ac69db0ccfe9702b4f94a54,f3d2136779b53dee8984591b042e6995,delivered,2017-08-07 21:09:46,2017-08-09 02:50:27,2017-08-11 19:45:54,2017-08-23 10:42:44,2017-08-30,ea563003f00c888b75349498e40d6404,2017-08-07
892a7f8b5be130248e2219e7d5136d57,7a568d5e56f817ae8835e7d92008691e,delivered,2017-06-07 21:47:27,2017-06-07 22:02:12,2017-06-13 08:23:42,2017-06-22 10:36:11,2017-06-30,33721607194e11aaf624612ea34d4003,2017-06-07
da6ff5aa71571cace6a438da4aff0326,4be9ed1bb341f4f406134d6a15088db6,delivered,2017-11-28 10:21:28,2017-11-29 02:31:38,2017-12-05 20:32:38,2018-01-08 20:42:45,2017-12-28,ef0e85848b6a00e7d41318ae87025954,2017-11-28
82d1cc65b6ffc4c9eec8803be7132040,ef5e03b25d6991bbbcf88c60e6214151,delivered,2017-07-17 19:05:54,2017-07-17 19:23:17,2017-07-18 18:13:54,2017-07-26 10:47:42,2017-08-04,d83257348027bd8c59a228cc034de5e3,2017-07-17
3510e9faecde23ba10f1b649d329b22e,ac428239d66ecbb6daff6de83569f7bb,delivered,2017-04-19 17:32:50,2017-04-19 17:42:26,2017-04-20 12:47:42,2017-04-27 16:42:58,2017-05-09,20dcf8462b6eb47784fc9a7921ac5ca0,2017-04-19
dd6f0c8e93a1d569d6353f78319a340f,889b986c4e5762ec5892d2458167cce0,delivered,2018-02-25 02:10:33,2018-02-25 02:28:25,2018-02-27 17:07:00,2018-03-05 18:41:53,2018-03-16,a3b3611519b288e646558999d27d0e82,2018-02-25
161a705881b7953621b8fac63051ee95,4db1426b23b363549387cc6273fdaf9e,delivered,2017-09-12 14:22:42,2017-09-13 03:25:52,2017-09-13 19:16:38,2017-09-19 21:57:02,2017-09-28,adaee8b5d69a42a179d0aa95e6763a92,2017-09-12
c252ac96b969b3f1f2c4b266a7a98c28,0bfbb7d2c85e85cedf327ac8cf74f3c8,delivered,2017-05-18 12:32:16,2017-05-18 13:10:10,2017-05-22 20:34:52,2017-05-24 16:42:55,2017-06-01,3415897060d38eb38e2abf5b3ef0f320,2017-05-18
6ede6615bc35ab422df675c8a25de420,a78737fe65e513541043cdb631b4d3df,delivered,2018-06-18 23:05:35,2018-06-18 23:16:43,2018-06-19 15:12:00,2018-06-27 14:51:54,2018-06-28,c3e59cb3cbc7ca4c864a9e57b1bc5c70,2018-06-18
e236416fb32f25eb00a7da9097cf36a4,7a09a14821e574a7774323bdfab4908c,delivered,2017-07-07 11:09:00,2017-07-07 12:10:21,2017-07-07 16:24:56,2017-07-13 19:32:22,2017-08-02,587587108fa69b24b7919f550114c1cb,2017-07-07
59e4b15bc4ba90075398df42e550a289,40167efd3222760691f4342a061d9bb1,delivered,2017-06-13 08:47:16,2017-06-13 09:02:36,2017-06-19 17:43:38,2017-06-23 12:44:42,2017-07-11,9794264dd1bdfd78006c7cb741b42fea,2017-06-13
c3e32e69bba7c640697cc4ac19936113,ed2f12c194565a4351a766c26fae57f9,delivered,2017-12-05 12:07:18,2017-12-05 13:13:48,2017-12-12 23:24:53,2017-12-26 22:56:34,2018-01-04,1ed97d199d05210d3de8fb7dc0ac9e8e,2017-12-05
0a001a3fae4c5478fd40c669ab7c7f48,5c66c2564730b91a30cfc39190fc7dc1,delivered,2018-05-12 19:04:30,2018-05-12 19:16:39,2018-05-15 14:07:00,2018-05-21 19:58:42,2018-06-06,7d4f7f21e47f67145e3c295dc97edc2b,2018-05-12
c65b423dfdccf2b3fb6fec8446116d32,b51c5f01071f83ed9833c0b35600d973,delivered,2017-07-22 19:03:26,2017-07-22 19:15:12,2017-07-25 22:57:58,2017-07-29 10:36:27,2017-08-07,c00a434aafecbb1552832fcca8539416,2017-07-22
717255f43d5c9b702e9bc8c7d03a82ad,9b414a49c9caedb92c273141857ac918,delivered,2018-08-06 22:17:01,2018-08-06 22:30:16,2018-08-07 12:25:00,2018-08-14 20:03:36,2018-08-15,5aef2622c33adfe3f039bf344709772f,2018-08-06
b067ce1272e65bbd38a7abc471e135c7,84e9275db50c9b0c69e8f1b832984bb2,delivered,2018-04-30 01:00:57,2018-05-03 03:53:05,2018-05-09 16:19:00,2018-05-14 17:36:46,2018-05-22,90898e232f1d9f2b15f8f5fd9fa46117,2018-04-30
981cb41791006b79817f4b05721fbe10,65a8b22f8c8c886648f53bdf0bd7072d,delivered,2018-04-17 16:10:19,2018-04-17 16:30:34,2018-04-23 18:36:49,2018-04-27 11:22:28,2018-05-10,b651ac344021309e2dcefe45af53da81,2018-04-17
0a9de604052383d06ffc7a3390c727cc,03d3a988c4d392b88975238160a947f0,delivered,2017-08-02 22:53:35,2017-08-02 23:05:13,2017-08-07 19:32:58,2017-08-15 17:36:58,2017-09-04,0da0e3cb898f1019529c5e5e738edc8c,2017-08-02
c5f664e73dcc25378764b81c1de812d9,26bc369dde46ec7d7d9a98012ba6cd42,delivered,2018-04-04 23:21:54,2018-04-04 23:35:15,2018-04-06 09:37:24,2018-04-19 23:46:35,2018-04-24,98debb76908632e0df4ab891533dd608,2018-04-04
5f540bf1c900b1734b6e0a2a86f4f08f,b59d0e3984e26ec067793eb51d7f051c,delivered,2018-07-06 17:41:46,2018-07-06 17:55:12,2018-07-11 14:52:00,2018-07-12 18:14:53,2018-07-19,9829c3cd9d0fd6f33e6f9950972926ff,2018-07-06
bb5a519e352b45b714192a02ffe25681,118295a853acb536efff13740faf5be8,delivered,2017-05-31 11:11:55,2017-05-31 11:22:55,2017-05-31 11:36:15,2017-06-01 08:34:36,2017-06-27,a0fea4478b5357571900273006dd7cd6,2017-05-31
9f5abaa01d419a15e448f089b1cf4b94,233d97d412c7f4bb8d857ec922c0317f,delivered,2017-10-28 12:57:36,2017-10-30 22:31:39,2017-11-01 21:41:55,2017-11-04 14:52:56,2017-11-10,5dff3703f9d82688ab5a1c92df1e4b18,2017-10-28
4c66bf9c016db115ad9cffa6300cb809,1f354267f54a1ee829ee41e7e8c9bdf4,delivered,2018-04-10 22:19:12,2018-04-11 17:55:20,2018-04-12 23:24:40,2018-04-23 19:58:52,2018-05-08,70256a0c13a167523056315eb228e4b8,2018-04-10
4e1c41b2e4e98943952522feb7ea67c5,e401ddea772552c341960357949fdb23,delivered,2017-08-17 16:23:00,2017-08-17 17:05:17,2017-08-18 19:32:04,2017-08-22 20:02:25,2017-09-06,efdbc9f541acf9732ba8b6b3cafc7d25,2017-08-17
df207fc4a11e0b1988a438d86ccb3c1f,ef96f06bc44607e1c2f798975fcd7b0a,delivered,2018-02-22 21:45:17,2018-02-24 02:55:38,2018-02-26 19:26:51,2018-03-28 12:47:12,2018-03-27,f544786d835bc77078c3a45330b4fded,2018-02-22
624dc7bbc5e8bce830fd84e8ba75da2e,a61230748116a8921a086bb0f289d101,delivered,2018-07-22 18:09:06,2018-07-23 12:32:40,2018-07-23 14:51:00,2018-07-24 20:22:38,2018-07-31,c8026e3ef33a5ad9f1f84e2c1a5996ba,2018-07-22
905c3d04fa7c2003ae6931a5ab967ad1,e092b7d4721ed70187d8efedaab626bc,delivered,2017-06-25 18:28:33,2017-06-26 10:32:26,2017-06-26 14:40:10,2017-07-19 17:47:36,2017-07-28,356dd955174c2a41c46b0b438d460765,2017-06-25
ad0fdf82adbac10e4f1161e52433fed4,158500a241d6d6adadbab0da49ed0878,delivered,2018-07-11 22:38:38,2018-07-11 22:50:16,2018-07-13 12:07:00,2018-07-26 07:38:50,2018-08-03,3cde7b9c219893b4f0ddf18055ab5db1,2018-07-11
a79cb797abc143a743a29342947938f1,57382974be066f139ebe0f3a177b4004,delivered,2017-11-24 09:59:16,2017-11-24 11:15:37,2017-11-28 20:54:49,2017-12-12 19:38:42,2017-12-19,624e5a79f725335e414f35d3ebb3906a,2017-11-24
2f2778a452bf4fc9d460a600c98e648c,4d2ceb17ba908d924678476c38dceca7,delivered,2017-11-30 14:39:38,2017-12-01 11:30:58,2017-12-06 01:33:54,2017-12-18 17:29:51,2017-12-27,65e2d3ea08c470f7e44b84daf6eb37bf,2017-11-30
ec38e40a750810e337a528576f0090e7,1612f32963e9825da1018976d1c9e8fc,delivered,2017-09-10 17:36:43,2017-09-10 17:50:36,2017-09-11 21:25:38,2017-10-11 14:17:03,2017-10-05,0e2cdea5b5c9dc617ad5a66dea978812,2017-09-10
bf5fcdf1603bb35d981edec95d3ac6c8,784c407781aa34749a388c9283782b56,delivered,2018-06-18 13:18:32,2018-06-18 13:39:53,2018-06-19 14:40:00,2018-06-27 19:46:49,2018-07-18,eca666aec08df69fe31aa9a11d4a3302,2018-06-18
a3d7554f37aea309a2f329921c2a4a87,59f4dd80d16f476dccdbe212a555896e,delivered,2017-06-26 15:58:29,2017-06-26 16:10:19,2017-06-27 14:18:57,2017-07-07 20:33:27,2017-07-18,38474def88dc4f4ffdd13202f31ccf99,2017-06-26
329aacec1c0231ed21bb1e2f8f4dc1e0,5c72e2429dfcfb0e1ac946ff1c05a0a9,delivered,2017-02-22 21:56:02,2017-02-22 22:10:06,2017-02-23 13:59:16,2017-03-02 14:25:52,2017-03-29,31d4b05ef830a7347b8f43640eb6511e,2017-02-22
39c438f2a835b25cd51bbd1bed5d089e,94fc7152214303f351fb2a3a171d8386,delivered,2017-12-18 23:10:55,2017-12-18 23:30:12,2017-12-19 23:47:16,2018-01-08 17:15:47,2018-01-15,a90d5eb21d1ee630c63f984b78210dc7,2017-12-18
460eec79907c666bcac2d1a397907b2b,41a060626489a94a1a50b8d5b6823070,delivered,2017-09-17 16:34:35,2017-09-17 22:35:10,2017-09-19 17:03:38,2017-09-27 18:22:41,2017-10-09,b573ce2ac3f4286014cef93b3e9c53dc,2017-09-17
1d8c63ae552e28d9aab13aa5a92dc389,98a703465d366addf75344ff4d63fba1,delivered,2018-04-26 17:48:50,2018-04-27 12:51:01,2018-04-30 13:55:00,2018-05-08 22:52:02,2018-05-18,619c98a8b880fa1bc4636f6b3d9f21f6,2018-04-26
334bdd786e5d50231aac545ecdc7e291,18afaffac96c533eecffd4a9b2da713d,delivered,2017-09-11 12:41:27,2017-09-11 12:50:44,2017-09-12 23:06:47,2017-09-14 23:22:33,2017-09-27,aee3ba1f1556734cc5f1fdd8ff225054,2017-09-11
51fedbcbd7b8a79c8af077f9a85a86cd,c25dde75cfd0b15217b50c96b57eb201,delivered,2018-05-31 19:36:02,2018-05-31 19:59:47,2018-06-04 20:33:00,2018-06-12 18:36:42,2018-07-13,2b50264af857ad93e50606f1716ee8d3,2018-05-31
767d5724eeed732496d987fd72755cd2,dca8bb831886a1d43676820eddda6729,delivered,2017-06-04 15:39:48,2017-06-04 15:50:15,2017-06-05 14:50:05,2017-06-19 13:12:57,2017-07-10,b0d4b589f3a90fd6baabf9e3837282a5,2017-06-04
465c942a1c3029a759415e862204114f,b58a1676e51dec9ee146aa8f8a101137,delivered,2018-05-07 21:57:29,2018-05-08 07:09:49,2018-05-08 14:08:00,2018-05-09 21:22:41,2018-05-15,15b2054b3d57a634b130aa3929cccca9,2018-05-07
9292a5004e4adeb999700abae47eb13b,3048281f246c7e5342d10ac837c5c8ee,delivered,2018-05-30 14:32:46,2018-05-30 14:57:32,2018-05-30 13:40:00,2018-06-11 18:32:29,2018-07-13,58e217b3560092a2aeb535376685dc18,2018-05-30
f4929b75acb29f2ae641fdf4848b8ec2,94f4d0765f25acb851c5c0a5452303fd,delivered,2018-08-10 19:45:59,2018-08-11 19:45:20,2018-08-13 15:27:00,2018-08-14 23:08:59,2018-08-17,7db4ea89b426e5d22106c2084b70667a,2018-08-10
7af8968dd47046c37943560bd00782b6,82801873ad509974bb62f7c5fbe26316,delivered,2018-01-10 09:06:09,2018-01-10 10:31:46,2018-01-10 21:45:12,2018-01-15 21:58:20,2018-01-31,59ecdf85e2990f37a49405f00c8409bc,2018-01-10
857026945972df7017e1a4930a8a2ada,7ebaa55d1bed516cd0311cdf0bdc9e8f,delivered,2017-08-14 22:45:01,2017-08-15 00:10:12,2017-08-15 22:02:55,2017-08-21 19:17:07,2017-09-05,345657b88489fbe4e0872e7ace9140e7,2017-08-14
138922735946aa65c66ca7e7bd4e5980,90d02fd307b005397290a57df5f0c986,delivered,2018-06-13 19:37:12,2018-06-13 19:59:58,2018-06-18 11:01:00,2018-06-30 00:35:24,2018-07-11,cb0f538c57d5d90b59f191d40e606634,2018-06-13
ff2fa4d5d45e92668ba2af1a45bfbe03,27137fd04492f317c07cabe6df937942,delivered,2017-12-07 21:16:40,2017-12-07 21:32:16,2017-12-08 19:24:34,2017-12-14 21:37:59,2018-01-08,b8456f460ad4d4e4038a2d59ceeac9f9,2017-12-07
d322025aff44e8bead04f4e81023ede8,237bf1bb29147868ba252c6fa367c746,delivered,2017-01-25 01:26:40,2017-01-25 01:42:12,2017-01-25 09:21:53,2017-01-26 15:34:17,2017-02-28,1ebcaa4880a924804df1ea3656e1c623,2017-01-25
53279ed2a831a63b7a6ebb56a9097cd0,2851697223c0fcb11fd38aafc95b156f,delivered,2018-05-07 10:47:24,2018-05-07 17:56:10,2018-05-08 08:44:00,2018-05-11 18:16:56,2018-05-29,3bf6d0a2b0719b5a2f9e8b2312975b33,2018-05-07
71b3ddf23337fe1597d27c6af949d17a,4362a6b470072e513cb7305a41985321,delivered,2018-01-10 08:50:04,2018-01-10 10:31:39,2018-01-13 02:38:57,2018-01-25 01:58:01,2018-02-05,86d3782e8a110fa56891948af93ba096,2018-01-10
ff632bc583a94f23c59db4cbaa0ba2ab,0214d81e1cb90cf47f40f5345a1a6c08,delivered,2018-05-09 22:23:41,2018-05-09 22:53:41,2018-05-10 19:05:00,2018-05-21 19:03:44,2018-05-17,3eb2432c10c27f0444e15779fb248c88,2018-05-09
da1b52d8581eb2f747d93ce7f77e4d87,5e8da2602df4c08e871369bab9405428,delivered,2018-03-13 09:56:31,2018-03-13 10:40:25,2018-03-13 22:12:02,2018-03-19 22:58:25,2018-03-23,20420aca195b9dddfa51c5b1637d7a90,2018-03-13
758c123811f3da2280246ba25f4938d1,90846c8af61d95ef1e68494b650d0bd7,delivered,2018-05-22 19:45:14,2018-05-23 19:55:21,2018-05-24 14:33:00,2018-06-06 19:18:55,2018-06-19,01027e860e6fb9591599d94a4189e2ad,2018-05-22
c97d02761ac50ebad2f99e2c4b710976,0babcbd58b162c0717951ef799d3a3de,delivered,2018-08-12 18:56:34,2018-08-12 19:05:18,2018-08-13 14:27:00,2018-08-17 22:56:52,2018-08-30,a9403b325f6e6619eaf3cfe9af0773bd,2018-08-12
465c108e33e2b7e6953f020140a457ba,46f6a5bae4ef97e9769697f718523353,delivered,2017-09-04 15:18:08,2017-09-05 20:55:20,2017-09-08 19:21:56,2017-09-20 15:58:18,2017-09-27,09a404d8a68d4ce0a92e7aa4848402ee,2017-09-04
5971f2b65e9c6f58aca350ec6674905d,415b99f305c529eff05251b2b4fb0baf,delivered,2018-07-13 12:52:40,2018-07-13 13:05:17,2018-07-16 14:33:00,2018-07-23 19:22:27,2018-08-09,481335cb3112f5a54c9ed7b7f702aea7,2018-07-13
6455e8459efbeeda59bb360229b889ea,644059e43894b09e9d86ee6bd2e9222a,delivered,2017-12-12 11:35:24,2017-12-12 12:26:38,2017-12-13 21:52:30,2017-12-14 20:21:55,2017-12-29,8fd816effeb9c0c48ceda294b0eb0858,2017-12-12
a92989d6b4e63152fcafa23dfc8a2595,7256b0bcca63b09f6681ed36d917aa2c,delivered,2017-11-13 18:05:01,2017-11-14 18:07:18,2017-11-17 19:51:05,2017-11-24 20:08:39,2017-12-06,9e84ca21d685766b9f52ee1232c47e49,2017-11-13
e354b2d0793a71a63da3f45920085835,586af8a2b104ecb53497149f1fb0cc51,delivered,2018-01-26 20:29:16,2018-01-29 07:32:20,2018-01-29 20:38:31,2018-02-07 21:43:23,2018-02-20,bbb35e0ef05cc5c8cfbf3a2b2dc94256,2018-01-26
03ee63602079004d0098fecfc1d4cfe7,8d5c6965b3461f79bdbe90e8cd67407f,delivered,2017-08-15 17:08:00,2017-08-15 18:44:31,2017-08-16 15:57:40,2017-08-24 15:40:18,2017-09-08,754f0aa37a9a58685e42e70973bc511c,2017-08-15
9c625b12c2d0805fc7b1bcb6db555298,3eac4fe509463021a5537d4f3d4e1d3a,delivered,2017-08-30 11:08:27,2017-08-31 21:44:47,2017-09-04 22:08:16,2017-09-11 20:23:05,2017-09-12,85bde71f3e119a4c4e32107d54f6c7b4,2017-08-30
95469d3451e471f3e68f18903e341d16,213a420e4bb4b2788313335599e84c8a,delivered,2018-01-24 11:55:23,2018-01-24 12:19:07,2018-01-26 19:07:02,2018-02-21 23:47:51,2018-02-19,6d09d6339a3127ac433750707484696e,2018-01-24
6462b86adeb33354833daece8787cb69,072a4d5c91be7fd81a21c401668a27a0,delivered,2017-06-16 10:36:58,2017-06-16 10:50:17,2017-06-19 21:17:52,2017-06-26 16:22:23,2017-07-10,f27b6301acd2953a9cf320c1be3eeb7b,2017-06-16
4ebc7efaeb93bd3bdb9eccaf404cd53a,edab921e9ef1edda11824a99a4fdb862,delivered,2018-06-06 23:00:12,2018-06-06 23:15:16,2018-06-07 12:13:00,2018-06-11 13:04:38,2018-07-03,f7655cdeabc84c2072c399d017a5f4fd,2018-06-06
8b5be28b78c96b28adca40358eed3d7b,4652920f1cba5bd776eb8a737b0b66f5,delivered,2018-05-20 13:38:25,2018-05-22 08:33:51,2018-05-23 13:39:00,2018-06-07 21:08:56,2018-06-18,31dfbc935e91c88c9670960adc969234,2018-05-20
c589526dcf7791fc0f41f7d0e1dce07d,adfdf9d6cc5472ac0df3d6cdc44f566a,delivered,2017-10-16 12:07:45,2017-10-16 12:27:41,2017-10-25 12:32:26,2017-10-31 17:13:39,2017-11-16,a266970c5e6f44269b106604202c97bb,2017-10-16
93a26c907f3cb027c20d10eb353ba175,bd2cdc4234461c8e50ff6b8a8f1079bd,delivered,2017-06-02 10:53:32,2017-06-02 11:05:24,2017-06-06 16:21:02,2017-06-21 17:12:17,2017-07-11,0ac10a57d07e3d38b11f66283c44672b,2017-06-02
52993856cd387ab5a4dd553e66dbdc6c,168023e02ef320da0289c0c6ca9e82c0,delivered,2017-12-01 11:07:11,2017-12-01 11:31:01,2017-12-05 20:38:46,2018-01-18 18:53:13,2017-12-27,2badb89298df400ba5c894b963a044b5,2017-12-01
a4edc7e0283cbdee6aa06b9a75dcd5f1,94950f8967d24eec282fa9968e1fc7e0,delivered,2018-02-19 20:56:26,2018-02-19 22:26:54,2018-02-20 19:19:11,2018-02-26 12:38:52,2018-03-13,b7a388c478cd7543d2ae62d572dc21b4,2018-02-19
f206c6ef0257553e7eabe4dbb10b6787,57770afac55ad920cc32d7b4d0a1230a,delivered,2018-06-03 00:42:34,2018-06-03 00:55:21,2018-06-05 13:50:00,2018-06-11 11:12:03,2018-07-12,05bce6290ac80965d9f8b1028106c9fa,2018-06-03
f6cb852e20e90f3e19b230d78b0bb97b,17fa3d29ccf983a44b9451716cfc859d,delivered,2017-12-07 23:34:12,2017-12-07 23:52:28,2017-12-11 19:59:42,2018-01-26 19:09:07,2018-01-10,1554e7aa8fc3158391031a73c3cb285e,2017-12-07
435361f134c9396bdb0de6ed227fd883,d1b1ef27bb2fbdeedc8823febfcc4072,delivered,2017-07-09 15:17:43,2017-07-10 21:05:15,2017-07-12 14:52:14,2017-07-13 18:18:47,2017-07-28,20120882a566b99eb67c104dc05d896f,2017-07-09
30afdf98bd76676a199127199643a168,6c298afb86c5e59ab2304f486948f306,delivered,2017-11-16 02:19:05,2017-11-16 02:30:20,2017-11-22 18:32:00,2017-11-24 18:14:35,2017-12-05,fbc40999bcade307ef3c517bc3ad3fad,2017-11-16
9bc4a96e4a1d676280d0f8ead78ceadf,042e5efb06ce782f900f6585a4671cbf,delivered,2018-08-05 15:50:12,2018-08-07 04:15:28,2018-08-07 15:38:00,2018-08-10 18:40:37,2018-08-14,3c001938ee306e3e8c52c7c3bbbd0d3e,2018-08-05
716f792041b3dcb9f66dab4a3d3e8e82,9251bb06afef9669c59fa288178630d6,delivered,2018-03-15 22:51:50,2018-03-15 23:11:05,2018-03-16 18:24:57,2018-03-20 00:37:42,2018-03-27,e7089f1d2d8ddaad71c9d89fa578d7fa,2018-03-15
17035df89fe5138ee57b9c50628f4000,be15dccdf1a8a6c2af763b631cfc41aa,delivered,2018-04-02 20:33:12,2018-04-02 20:49:59,2018-04-03 19:04:08,2018-04-06 20:12:00,2018-04-12,5f42b416ac3ac3af5133154ec2853f79,2018-04-02
3a5e6cf8d29afbbc312762c88b4a7fb9,dd88c0d649b8a0bf6cb4b24d5a4e17d4,delivered,2018-02-26 17:26:11,2018-02-28 09:50:57,2018-03-01 19:05:51,2018-03-22 00:46:45,2018-03-20,e499ded025595ffe76e8b012827e5fbb,2018-02-26
abaf92b4832d365e4314a162aecdb2cc,9357c546130d6ef751b30ab4d9dc5e93,delivered,2018-05-16 15:49:50,2018-05-16 16:14:45,2018-05-17 11:05:00,2018-05-22 16:22:10,2018-06-18,aee039e265274fecae97a2c47e9b14f1,2018-05-16
d6df48bb0f7ae326cc10448785ab0a11,b262251b73679ebd943908bf6d76649d,delivered,2017-09-10 12:49:26,2017-09-10 13:03:54,2017-09-11 19:05:33,2017-09-13 17:46:00,2017-09-28,68e46eb59eb4ac2211464bbaa757cdea,2017-09-10
7daec439cb159736ea49ba99f31b80dd,cb5335826b0ab39de2c0fcc6f6e3d7d1,delivered,2017-05-09 18:38:24,2017-05-09 18:50:12,2017-05-10 11:55:19,2017-05-15 06:39:37,2017-05-29,17edcf1332227a04be5ee81262f0757e,2017-05-09
4be2788762205570f593f00139891a87,fd845a6b26fb28a1ed6c59f9a58d0cc6,delivered,2017-11-24 23:48:52,2017-11-25 01:58:23,2017-11-27 19:37:49,2017-12-18 20:29:46,2017-12-19,86ccb21ebc1c58e246ecf00dadfd3df9,2017-11-24
d298ea5c4ab89055dffb4f0cf994925f,f75f376e63ea2acad4426eea83792ca3,delivered,2017-07-28 18:52:58,2017-07-28 23:45:21,2017-08-01 18:06:07,2017-08-10 20:42:56,2017-08-31,0076a71311bb2386a353f5ba87d2aa29,2017-07-28
f8fb39acd1750678fd3d2be1d4166cf8,cccc31230cccb4de694f9cbf1cb6e133,delivered,2017-10-11 10:41:14,2017-10-11 11:46:44,2017-10-13 22:57:36,2017-10-23 20:23:57,2017-10-31,dee268abe72f67f5d28e7499d6b6355d,2017-10-11
694bcde1f9a49ffeba5da89982f7b9ae,4d54b8539ffd28f47200ad625299b839,delivered,2018-08-19 15:19:56,2018-08-20 12:11:15,2018-08-21 15:46:00,2018-08-27 23:52:53,2018-09-18,94c78fbcb30456aa60064d87f14165f6,2018-08-19
a588eecfb1bc607f34f657272d7f8298,9f62b8e39ba26cc2cbba47f9ef2df418,delivered,2017-11-30 14:04:19,2017-11-30 14:17:58,2017-12-04 21:18:56,2017-12-20 23:18:09,2018-01-12,f816f2e93c794fb2d12612ac0be3d92d,2017-11-30
efc62033f5121310c119db54930b84e4,27e25db300f4ce83301e6e4d6225532c,delivered,2017-10-01 05:09:25,2017-10-01 05:24:32,2017-10-02 17:32:20,2017-10-10 19:35:59,2017-10-31,b210143805b6aa5e382fb2acc7b26e88,2017-10-01
8fe36dfd03ccfe3ed3d492c146705b9d,f18d013a75e175123bdcf626f02f8212,delivered,2016-10-09 22:34:11,2016-10-10 12:02:47,2016-10-15 09:57:52,2016-10-18 18:04:27,2016-11-30,7c2a1e9b8bdcf8c544175b2e93c70a4e,2016-10-09
efa3d5327513176bad13d0c62bb7bb1e,a650d6a91e67ab1f19e2671566a023dd,delivered,2018-08-03 13:32:32,2018-08-03 14:04:12,2018-08-07 12:06:00,2018-08-10 15:08:37,2018-08-16,41ee175c985a80197337531155581467,2018-08-03
c4ec84506bc793d3c774db9b0736d2c7,40a0950f8eea6c18a2d6a8587c195253,delivered,2018-08-18 11:43:42,2018-08-21 04:15:21,2018-08-21 15:46:00,2018-08-28 15:51:28,2018-09-20,a61f3d42fe066b53106cec5ad80499d3,2018-08-18
44809c64bc4e272b0ffd44dcaa3beb8c,0ad5196ae2834fffcb35daba2d3304ba,delivered,2018-05-27 14:58:45,2018-05-27 16:15:01,2018-05-28 15:38:00,2018-06-11 19:20:43,2018-07-11,da8ac849037c7201a41a4db0b1fa963e,2018-05-27
2482120dd4bce28edece66c4a4756985,d0a5cc1c6a1375f5ff65ec2ad6fac14a,delivered,2017-08-27 09:12:02,2017-08-27 09:25:10,2017-08-31 17:37:47,2017-09-05 21:52:43,2017-09-14,ff282fc5312e19d4dff860acd8427f0b,2017-08-27
5092b6107e85dcccc67ab1ddcb04b9f4,26470d2cf0c109dcb7cc046d48779846,delivered,2018-02-06 09:14:44,2018-02-06 09:30:22,2018-02-06 21:45:51,2018-02-16 23:58:37,2018-03-02,f5b18005a9e442583066a5527f119388,2018-02-06
04a92860751dfe7ae41f71e1228ffd18,c532a74a3ebf1bacce2e2bcce3783317,delivered,2018-05-14 13:30:21,2018-05-14 13:56:47,2018-05-24 14:26:00,2018-06-04 20:48:29,2018-06-12,91ec50a00ae74d0a229d2efdf4344e1e,2018-05-14
8f4506a1cdcab32fde709a67d49778f5,36808de714cbcf20714301f22923fb6f,delivered,2018-04-21 18:24:38,2018-04-24 19:28:38,2018-04-24 19:41:49,2018-05-02 19:33:05,2018-05-16,b0c590f3dc9c79208668a16e42ba16a2,2018-04-21
a17308b84626455b4487b37d1d8e11af,70bc415c0f7643fbd89ef8097a3d7b79,delivered,2018-03-20 14:01:59,2018-03-21 02:51:05,2018-03-21 19:14:40,2018-03-26 15:22:53,2018-04-12,e1cc1be2730188040748affa422b2803,2018-03-20
45fdf57d32ed70530cdf802610a331ce,afa3796401ef2c347fa0d96aa60730c5,delivered,2018-02-28 17:35:56,2018-03-03 02:50:35,2018-03-05 20:38:31,2018-04-05 19:36:38,2018-03-28,3e0ba089192700ff8d5db9cb4a1e77d1,2018-02-28
e28abf2eb2f1fbcbdc2dd0cd9a561671,b1ff51be5960d3ed39bb63679f068555,delivered,2018-04-17 21:54:15,2018-04-17 22:12:18,2018-04-18 19:24:41,2018-04-24 18:12:22,2018-05-10,f7485c007aaec8770e5fda0aad0fa419,2018-04-17
02e3d94731a28fe10ec1aa91b72b544b,5d90c459057d56d74e1299113a657887,delivered,2018-04-29 15:32:56,2018-04-29 15:50:45,2018-04-30 13:15:00,2018-05-08 16:27:32,2018-05-28,11c1e117f1dc1d9223622be1f02caa36,2018-04-29
1af4acf47f9833b90e3b7cb326ed85f9,5ec721f1279b850510ac109a5cad14c4,delivered,2018-05-25 14:48:49,2018-05-29 03:31:24,2018-05-29 10:31:00,2018-06-07 22:58:54,2018-07-03,af116fbccaa2f1d9db020b0625f4db08,2018-05-25
cab041584e63bfe6a389916c8f469abc,4f11e0c0c7d456f4e5bf43b4189927e7,delivered,2018-05-28 17:12:26,2018-05-28 17:30:52,2018-05-29 09:38:00,2018-05-30 16:48:49,2018-06-20,3e52cdb7a848261e1c2de77e50a88995,2018-05-28
93aaf8d530bf22398286f3e0dc709412,567cc1b3fda8d297071e825c702513d1,delivered,2017-07-21 12:02:53,2017-07-21 12:10:16,2017-07-26 10:45:30,2017-08-07 20:40:05,2017-08-22,e20537dd2c61c3343ff7535e1bf025aa,2017-07-21
5c3daac471748ba7152bf6760e8c12b8,909581047bbcefcdb301da7c5ce063f8,delivered,2018-06-13 11:33:32,2018-06-13 12:32:50,2018-06-19 10:30:00,2018-06-23 10:56:16,2018-07-12,47a69c6cc3076785e2a5ebe97997eecf,2018-06-13
cd4f0f2193950898c8300a435c222056,bb71bc10c4c3beaab9f410d34734805f,delivered,2017-10-21 19:54:10,2017-10-21 20:14:23,2017-10-24 18:53:43,2017-10-31 18:48:06,2017-11-17,e36b10253c820bcd0357e1723ef022d2,2017-10-21
477a9b413bd2c6a0ce2a9a4135e4b987,673784b5e44309bbf87ab662cf219565,delivered,2018-03-17 19:47:48,2018-03-17 20:09:10,2018-03-20 19:28:24,2018-03-29 22:46:56,2018-04-05,c81383e49063229b303a7e0bfece1b2e,2018-03-17
aa70246e9f9947e5a9a5e69684afe114,cbd27e89c7d9f328657dbdfe6206bf6c,delivered,2017-08-23 07:16:09,2017-08-23 07:30:17,2017-08-25 16:18:32,2017-08-28 17:27:32,2017-09-08,2ab1754a3f82d3ddc9ea1e80a2be1e3a,2017-08-23
e2d2e04c2fbe085bddeb94e5196d51d3,4c6219a661d4e4bcbbce037fb7705c89,delivered,2018-06-03 21:43:41,2018-06-03 21:55:16,2018-06-04 10:53:00,2018-06-07 20:42:31,2018-07-13,bd0d85da00389746b4e4fa7a840edde5,2018-06-03
da2875319484a07f1f78221c26e013c2,d9ac021e2e52cfdad32c8a7b27511c90,delivered,2018-05-14 09:47:05,2018-05-14 10:11:50,2018-05-14 15:04:00,2018-05-23 21:57:00,2018-06-04,ff44fb015977d6c3401404fd5c8f46ce,2018-05-14
ef445757c25db3525a25a2b9641ef288,e24bd26337fb5b09e1331622a2f0d2bc,delivered,2017-01-14 22:17:49,2017-01-14 22:25:19,2017-01-17 16:33:55,2017-01-25 15:34:17,2017-02-16,861ed4dff1719a5dec6ce78b1132f2de,2017-01-14
394959298025bc7fba4b9a6818907cfc,240735c9db4f3159b6bc634e19d32dba,delivered,2018-01-14 23:06:56,2018-01-14 23:18:26,2018-01-15 22:18:10,2018-01-20 13:35:05,2018-02-08,ee5523bdb747de67454c8736381b8ed9,2018-01-14
90558ff73a60e332ae75a7eef8d36b83,f20a4091c4067e44bbbb9885e0c34dd9,delivered,2017-10-06 18:44:45,2017-10-09 08:37:57,2017-10-09 21:38:41,2017-10-16 23:45:42,2017-11-01,e0249a837798cb45a30df554edf53de9,2017-10-06
d99a07d049ac5c39f6f62edba8d57721,f5fc6bc27d5c599cc9bed0a2eacf030e,delivered,2018-08-28 19:32:31,2018-08-28 19:43:57,2018-08-29 19:02:00,2018-08-30 18:22:46,2018-09-05,6d2ca69d13c11fd702133bfc8a1310a3,2018-08-28
7de9039f9657626d4d91e87919a7c363,1dad9e4bede5567523c2b61690408173,delivered,2017-10-30 17:02:50,2017-10-30 17:31:31,2017-10-31 20:36:42,2017-11-06 18:09:47,2017-11-22,8a8b3a65e035012f101c4078741b92aa,2017-10-30
fc5940447e1729d88293fb999ad3c2da,854d301fa7b72c81edc9f4109bda89cc,delivered,2018-08-05 22:41:08,2018-08-05 22:50:16,2018-08-06 16:58:00,2018-08-13 22:09:47,2018-08-14,b52b6da8f90af873b4f66f0705fd6166,2018-08-05
8ff11ef36366d995297165f26d073f3e,0273ad500c7050a14ee1d5a79d558605,delivered,2018-08-18 19:19:16,2018-08-18 19:30:11,2018-08-20 14:30:00,2018-08-23 23:58:56,2018-08-28,0b7bb644290878dd22d99f756a5f9eb3,2018-08-18
4e5d78056568f8ddda5520ba250265ef,e456552bac43602caab98f9beab94577,delivered,2018-02-20 15:40:45,2018-02-22 02:31:03,2018-02-27 19:22:56,2018-03-16 19:12:24,2018-03-26,f4a2eab4c5262cbdebed4da2a0dab7fc,2018-02-20
103d0206c9c5da0f26a2bf6381c953b6,08f008821c233241d973e7307f036cb6,delivered,2017-10-09 19:59:32,2017-10-11 03:35:43,2017-10-11 20:42:19,2017-10-14 14:47:55,2017-10-20,ab89cc89dd7a14476177c53514dcc37e,2017-10-09
360e47fcc6d138ac3f658d058fd2ffa3,2f3f9c52059b26181df228789a7725fa,delivered,2017-11-16 13:21:07,2017-11-16 13:35:54,2017-11-22 00:16:09,2017-11-29 19:48:00,2017-12-06,b31acbc6c63f344696277d4647f58241,2017-11-16
6ea34077e85038c0ecea08593783a1fd,c05d3c1fba5e86a3c980f6737860d56b,delivered,2018-06-28 19:42:28,2018-06-28 19:55:13,2018-06-29 11:32:00,2018-07-03 20:59:37,2018-07-26,bf087cbc0138d7066e1c41d1a97973dd,2018-06-28
03ef5dedbe7492bdae72eec50764c43f,496630b6740bcca28fce9ba50d8a26ef,delivered,2018-08-29 14:52:00,2018-08-29 15:05:22,2018-08-29 20:01:00,2018-08-30 16:36:59,2018-09-03,b701bebbdf478f5500348f03aff62121,2018-08-29
4b94acd672cc2977e6ee2e93ebd113ee,1658aca8e2203981e748c418abb17ec8,delivered,2017-11-30 17:46:08,2017-11-30 17:58:50,2017-12-01 21:38:46,2017-12-18 20:08:58,2017-12-28,284d3f0432b2206d6d73f75c999367ad,2017-11-30
87f3e0c786f2e675979bd0d0778cd9dc,1053135b5ce0836cb0440dbe51d85984,delivered,2017-11-15 20:39:05,2017-11-15 20:50:34,2017-11-17 23:39:28,2017-11-22 18:06:45,2017-12-05,8abb4c4b7dbbbda8bbb24e7169e9c470,2017-11-15
ac2f2e895072494a73148352b30c7f7a,dd6343f8e0969d29f4949a663a7ecb0d,delivered,2018-01-26 13:36:07,2018-01-26 13:52:10,2018-01-29 22:40:34,2018-02-08 21:38:25,2018-02-26,da0e3f29a7dc99277ff6054ca9a1e078,2018-01-26
7ea0da84e90dc5664dfa82a3ba9fff63,c3fd83a698a21d0b48ee2b8599a8bc25,delivered,2018-05-22 15:52:25,2018-05-23 02:15:44,2018-05-23 11:10:00,2018-06-21 00:34:45,2018-07-02,61cdbd7c924624c71fdf7dbbd671db41,2018-05-22
b509bd2eac0f3bf788f841a5cb5b69ad,93d7698c4b1a642da516347f577c4686,delivered,2017-08-09 12:29:56,2017-08-09 12:45:18,2017-08-10 19:40:09,2017-08-21 20:05:39,2017-09-04,ca2c4eba154785f0287fd609d67dfb9e,2017-08-09
6e55e4357294c390e20e59615b237026,0c84917730287c0b7fd7fb02a8389a9c,delivered,2018-05-20 15:15:42,2018-05-21 16:15:33,2018-05-22 13:55:00,2018-05-29 15:22:05,2018-06-12,9944b76be9da41b165d61c89598763d7,2018-05-20
ea9b4bd2f02654a60504474278dc2325,dbaf97669de0a14f532e1f5cd3ae9f0b,delivered,2018-08-13 20:53:44,2018-08-13 21:10:14,2018-08-15 13:04:00,2018-08-23 02:32:22,2018-08-23,ac24803bdce566fa275258a3a91ad3a9,2018-08-13
0901f97cdb91762c043d2330c81919a4,336857dea01e0e67e04d8e9fa9b61508,delivered,2017-11-29 11:10:29,2017-11-29 11:37:26,2017-11-30 18:48:21,2017-12-07 20:07:02,2017-12-13,16eb488d29edf5c35d37a1c1ec3484a3,2017-11-29
6e5f1d377726554b0f65e0efce15e195,f64470f4048d3944248bfa31f71aad09,delivered,2018-07-25 21:20:47,2018-07-25 22:24:37,2018-07-26 12:57:00,2018-08-04 15:16:32,2018-08-10,be67ce7b34880aba2e673aa2bb14f4a3,2018-07-25
e257fe6c043babc3b737247f4f2a88c9,c18e8169eb0401dd69528d0706769028,delivered,2017-12-09 22:28:45,2017-12-09 22:37:22,2017-12-12 21:09:22,2017-12-18 21:09:58,2018-01-04,5c3e72adb6df915170e970f436a0fced,2017-12-09
c2e858dea271d5346de79ab8859bc5d2,5780a168faf734b101f279f284e6899d,delivered,2018-05-19 09:43:12,2018-05-19 09:55:11,2018-05-24 09:27:00,2018-05-28 15:52:35,2018-06-06,213ec8ba298317826010a85c0433f62e,2018-05-19
00c95282163553a982f38481f9488481,e17b2b66a87062574242f1b20ab8b2a1,delivered,2017-08-09 18:27:49,2017-08-09 18:44:14,2017-08-10 18:58:57,2017-08-17 20:09:41,2017-09-06,b51d73d8179d999b81550d846940a720,2017-08-09
a85e1b0e72e3d941ebc9cbdeb31b728a,e6aa70ff0bfc37d68295ff0778e5559b,delivered,2017-03-18 22:33:43,2017-03-18 22:33:43,2017-03-21 09:57:04,2017-03-23 12:07:21,2017-04-17,4bdb9fd495ccd165cd79165833858258,2017-03-18
c3d4a81d37e11f1aa71ee71185d71635,d4ff9312291ec7e9043c086826070d2d,delivered,2017-10-24 22:18:04,2017-10-25 22:28:08,2017-10-26 17:58:03,2017-11-01 18:06:43,2017-11-13,77d87117b44d84c75f62e83aaef1e60f,2017-10-24
4be4efe219340018953ef852236df257,db4bfe6f8f3a7fb9635e8b0f2219a719,delivered,2018-01-10 09:59:25,2018-01-10 10:31:48,2018-01-17 17:22:01,2018-02-14 20:53:20,2018-02-16,0f45ff8119b49d6240a3c45f6f60234a,2018-01-10
d1e07e954814a237a314e375592363b3,fe52ace3bd289465e2c38b9fc5afdbf1,delivered,2018-08-21 17:35:43,2018-08-21 17:50:09,2018-08-23 14:25:00,2018-08-30 18:41:51,2018-09-04,e803bc718f4ff3c615edf9d17e4719b0,2018-08-21
1f19936281adf37ba0593a7b593421af,d418beef9d98b3cc74bf049c41434cae,delivered,2017-06-19 17:30:23,2017-06-19 17:43:11,2017-06-20 11:27:37,2017-06-26 12:07:34,2017-07-11,5597abb1da7abefae47b807babe058c0,2017-06-19
c02e19b57ca332a2dd2e61ff8b2f07ca,2b2cdde08e3dfef7b01d635917ec54a1,delivered,2018-06-13 15:13:54,2018-06-14 02:17:18,2018-06-14 10:18:00,2018-06-25 20:17:42,2018-07-16,c2279d745ab2b9347f3b8826a8ed513c,2018-06-13
d8f68e0ae10289264edb3f3bf8cac054,af8f3d820b6f704c37c873d7a8afc374,delivered,2018-03-14 22:28:11,2018-03-14 22:50:07,2018-03-15 20:32:31,2018-04-25 00:53:33,2018-04-19,8ffe40b2bdb6481384d317bc136dec50,2018-03-14
049ad2bf8710b108e943f5074aed4939,ef502a24cf89085171f7a1ec7625e43f,delivered,2017-11-08 09:03:18,2017-11-09 05:31:35,2017-11-09 19:17:35,2017-11-10 17:22:06,2017-11-22,b97b00bc9fb5b996fb0c7b338d064025,2017-11-08
053060b606af02b5ea4b079dd492ec5b,61527352a91ee41c02fa8c3bda8423f3,delivered,2018-07-13 09:52:00,2018-07-13 10:06:17,2018-07-17 13:18:00,2018-07-20 18:36:26,2018-08-06,8d7f6504c42ffb20375cb6c48668601f,2018-07-13
3f264002073a8f23aa66fa3ce82cc5ce,e68818a4f1f33d497a7417c7c6bf4038,delivered,2018-03-08 17:10:28,2018-03-08 17:30:38,2018-03-09 22:36:41,2018-03-19 20:48:49,2018-03-27,683fde70b64428ddeb8593c4a89dfd13,2018-03-08
4879204a6b45d7ba10b3d703ba460778,09f43bf7af6341180e8e334b0cd50a3b,delivered,2018-06-10 12:37:00,2018-06-10 12:57:07,2018-06-11 20:01:00,2018-06-12 18:12:50,2018-07-23,90c879a6be23028dbe6a450f8d5c10c6,2018-06-10
bee04fc605991e730c12544619d4a5ea,e635fbbf0a2c13640cd97ca7e17e1694,delivered,2018-08-14 08:21:14,2018-08-14 08:30:16,2018-08-14 14:10:00,2018-08-20 19:26:47,2018-08-27,9127aa9142b660298cfebd64b86f221c,2018-08-14
1a398850849e1f3b0532d27dddacf637,f1005bace330fd90be3c5743d3eefdb7,delivered,2017-05-15 10:40:31,2017-05-16 03:15:41,2017-05-18 13:14:19,2017-05-31 14:52:15,2017-06-02,e3b4afcb56abffc0ea514aee91ac1c6f,2017-05-15
cb00b252d2c836eeeb1d73ec439a0849,3f4c1215f72bf4746c1cb05b436e64f1,delivered,2017-09-06 18:33:32,2017-09-06 18:50:15,2017-09-11 19:48:02,2017-09-17 13:22:28,2017-09-28,471d491452eabd128b8fe5b12b913f9f,2017-09-06
5741ea1f91b5fbab2bd2dc653a5b5099,879864dab9bc3047522c92c82e1212b8,delivered,2017-09-14 18:14:31,2017-09-14 18:25:11,2017-09-18 21:27:40,2017-09-28 17:32:43,2017-10-04,4c93744516667ad3b8f1fb645a3116a4,2017-09-14
a394b2199baa9280c6febcaf0b35ffeb,e50a30de3c32f9406a7185f40ce6874d,delivered,2018-06-24 22:17:44,2018-06-24 22:38:23,2018-06-26 11:22:00,2018-07-03 17:29:12,2018-07-24,b4d6e1b900d99b52e901860bc1f44e35,2018-06-24
10710544d8adf2b743de71711a372fa2,e67be5e91fbbe07d43b7ae7263ef8b3c,delivered,2017-02-24 15:13:35,2017-03-02 03:50:27,2017-03-03 11:35:52,2017-03-28 13:43:04,2017-03-21,45789f1b6b6f306de2bd23a22810edc9,2017-02-24
f59f19205098bc544feb263fcdc667d9,ef29f577430c38d105fd63541e21e732,delivered,2018-01-25 09:45:39,2018-01-25 09:53:01,2018-02-07 14:38:46,2018-02-20 20:13:55,2018-03-13,21da1ed023e8748fc0716785be815825,2018-01-25
eedb09f615e5d17f4367396623933751,c5f864b059ed9bad0dff5b9e99220868,delivered,2018-06-03 17:32:15,2018-06-04 08:30:50,2018-06-04 15:04:00,2018-06-14 14:19:39,2018-07-20,930ff10207a0155e4d569dc1b66714c2,2018-06-03
1f6c0814bc17d77eaa0f31f053ec9ae2,44c6f24c7068fa89b2507c66b98e59f8,delivered,2018-08-07 20:25:17,2018-08-08 03:05:25,2018-08-10 15:21:00,2018-08-13 20:52:00,2018-08-10,0f4445cc3c0c9d9f171bb06276bf8628,2018-08-07
4a42846a6eed9d15714fe30181399f2a,85a7452fba73610a36dfad568e8ee016,unavailable,2017-02-17 13:57:00,2017-02-17 14:05:18,,,2017-03-20,7f22e12af8517c63331a74e83ac2296b,2017-02-17
626def5d634d7a7c180f03cdd9178930,d88a582259b2c0a9605d0ede35c62773,delivered,2017-09-12 11:14:11,2017-09-12 11:30:31,2017-09-15 21:13:36,2017-09-21 20:03:25,2017-09-28,c1e2bd8ea7c475de7f6054804cb2fcd4,2017-09-12
4a62fb19d5fa08fb514619dfcc617b3d,4d1bb9a4d16191ced3d0d1c473ccbc97,delivered,2018-05-09 19:23:46,2018-05-10 14:32:42,2018-05-11 14:44:00,2018-05-15 18:12:35,2018-05-25,e271fa40aa8fea4e0f304b3768b65d6a,2018-05-09
f5d4aae78e79c2093f0dc0e73c34ab58,d12dde7252db0c34c17f55e2079f4101,delivered,2018-01-11 14:09:47,2018-01-11 14:27:25,2018-01-16 00:38:46,2018-01-17 16:29:21,2018-01-31,a55bd54b38bf0a08c7627043c4bb8087,2018-01-11
6b3b2c21c6f15b7203c8bb1283c74569,aac634b21f104cc454d3e9c728c92727,delivered,2017-03-07 13:28:55,2017-03-07 13:43:18,2017-03-14 07:54:02,2017-03-21 01:54:44,2017-03-28,0049db44bfd6cee26ac9c649329ff6ea,2017-03-07
e32a917953bcef4f0dc22172bb6dec57,5b454468abd90792d5ed51d37eff8d4d,delivered,2017-11-09 10:34:47,2017-11-09 10:46:47,2017-11-09 22:12:40,2017-11-16 20:08:57,2017-12-04,a13ea5067343ece449a13ccdfa4b388b,2017-11-09
d0a2ee9c1866926b3d773366fd916e37,9af4227b61b5fdc0a5837dea799d9533,delivered,2018-07-23 16:02:24,2018-07-23 16:45:59,2018-07-27 14:50:00,2018-07-28 16:38:44,2018-08-06,9234a74ab15e0578c3122dd752af538b,2018-07-23
82fbfbdb67d2e217768c85d56eeef7f9,8a9d2de58d928e3d7849f82781013196,delivered,2017-06-05 10:39:09,2017-06-05 10:50:17,2017-06-05 15:27:52,2017-06-13 14:53:10,2017-06-28,b88703bae97dc649876fe4c9474d3357,2017-06-05
6334d07e554699500b61eb1cefb2d4ae,cae0b63186de49bdd6994020dfc98ec9,delivered,2017-04-13 22:31:22,2017-04-13 22:42:16,2017-04-18 14:55:38,2017-05-06 12:19:57,2017-05-19,d91f92777fc8e939f395a1f6e5f33ebb,2017-04-13
573024ed8dcbdf6407432206a56fa7b9,f9ab8d437b0f992dcf5110f604ae1c26,delivered,2017-09-23 14:00:27,2017-09-23 14:10:24,2017-09-26 10:45:56,2017-10-09 19:54:01,2017-10-31,d54df7694d98746f396a445200be2758,2017-09-23
21422c255842f3bab2e0579133824103,f0c32313efb0b7ffa0cffb57e0d947f9,delivered,2017-04-18 11:46:09,2017-04-19 02:05:12,2017-04-19 11:43:14,2017-05-10 09:07:50,2017-05-11,5c4606dc5aecfdef72c7cbddef508750,2017-04-18
0148d3df00cebda592d4e5f966e300cc,672510553bcfbf72de694db2cd88f046,canceled,2017-08-19 19:08:26,2017-08-19 19:24:32,,,2017-09-11,e75fd09539dff5c7c80a12781404ffea,2017-08-19
8b032554e12735baca24e92f1e33c000,1214e6e00eeb4df5e73fbccad87f17f8,delivered,2017-08-22 20:06:39,2017-08-24 03:10:20,2017-08-24 18:33:32,2017-09-04 21:15:40,2017-09-20,96ea9c7e1a29e040c68616f134e08e5c,2017-08-22
6265e86b71fc209d82742bcfebe33046,cb1a900268da8bd68454273b2ddddf4e,delivered,2018-08-15 12:25:06,2018-08-15 12:44:12,2018-08-16 13:56:00,2018-08-20 17:35:48,2018-08-27,f84091bcef4578cc81f75b3a3149ce76,2018-08-15
29bf861fea8df0d2df2b141d46aea6a5,dc2328555ba9ecbc494b6e4214eefbfa,delivered,2018-04-21 17:06:23,2018-04-24 17:22:30,2018-04-23 18:33:02,2018-04-27 21:48:44,2018-05-11,47e42541aea4f4511a58cdb37f45294a,2018-04-21
735c5eca158eedeb927b1278f570f6ea,89ba4fbb9c87d11be1172a0eca085218,delivered,2017-11-18 22:53:19,2017-11-18 23:05:59,2017-11-21 19:26:58,2017-11-27 16:12:10,2017-12-11,b992b6291f280a50c979e710edd2c174,2017-11-18
a31edef7b507f33a0ed568753097dff0,3be03375f9b164cfe53ed22dd5c071d6,delivered,2018-02-12 11:35:27,2018-02-14 11:10:47,2018-02-14 20:38:38,2018-03-16 22:51:51,2018-03-13,c75ab79eb3eaaca757f3ce14b8afed74,2018-02-12
a46e7f3658f8b1ede78bcb17c859655b,bd349dd644a066ec91473cb64c5921a2,delivered,2018-04-10 19:41:37,2018-04-10 19:55:19,2018-04-12 23:19:14,2018-05-03 12:51:45,2018-05-28,c08179657fa088f274b0d24ac3993c01,2018-04-10
3ebce4ad057096fca374d43a261707b6,17077a0f55a7feffb67f37a253b7e6b4,delivered,2018-07-08 17:12:30,2018-07-08 17:25:26,2018-07-11 14:24:00,2018-07-24 17:44:59,2018-08-01,498a2e3ddd8c88cfc2da2862d6b1a872,2018-07-08
cfdafe1f54a0d9d24944b603b399eaf0,8e6e118324e9b1a48fb079c5eee2d6ff,delivered,2017-06-09 10:34:12,2017-06-09 10:45:47,2017-06-12 14:08:29,2017-06-26 16:08:05,2017-07-07,35c75f00917e33d1db28551ee906324e,2017-06-09
2ee09d85df9aae765e175f897b5fb99b,3779bc83dd081d3bbaca961b1239d1c9,delivered,2017-06-26 16:15:16,2017-06-26 16:25:22,2017-06-27 14:34:10,2017-07-05 17:57:28,2017-07-18,fb90c6ed3ad0feb20e87265e1c70311d,2017-06-26
b02513666ca6bc4ca57d794a58854d76,b62065e6e845c47cf75747ae0d1c3718,delivered,2017-12-27 01:51:49,2017-12-27 02:09:25,2017-12-27 20:48:46,2018-01-04 15:07:45,2018-01-30,54cb43f1e5e95b1de1d0f21621600b2f,2017-12-27
3d5e2d8281ca0a708b96f43898c1314e,792c801a302e9ca858e41a0f73c797e2,delivered,2017-04-01 16:18:40,2017-04-01 16:30:11,2017-04-03 15:46:11,2017-04-06 13:22:49,2017-05-04,fddd48faa4d862dfe2f1c89fb921b0f1,2017-04-01
32ef444756734af84aa60ffb0e56e391,0b7b49d1d52d6ad4477b62a11f9f653a,delivered,2018-01-11 21:06:46,2018-01-13 02:08:41,2018-01-18 19:13:36,2018-01-20 14:04:10,2018-01-26,40e0ba58cd42a3472b7c726bbe0243cf,2018-01-11
b2355e2ae81244cdf571c90d5eb890a1,696f3523f62bb93dd3372686c4f54828,delivered,2017-11-24 09:42:33,2017-11-24 11:13:03,2017-11-25 13:08:10,2017-12-05 21:35:04,2017-12-20,37a5683a96b10a4f52ee4c0ea02aed3c,2017-11-24
e71a0fb0dee7e6d3258bf75dc67d7f2e,8e87b142722e70c60a9b7c42b6c3f477,delivered,2018-05-09 20:15:07,2018-05-09 20:32:54,2018-05-12 08:18:00,2018-05-18 17:22:01,2018-06-01,9b114e7b5728a746f4625c09de2b8bc5,2018-05-09
a5ec79abdf99faceb5f0c305185ef7f5,26299f241430972db79734a58139252d,delivered,2017-09-28 10:40:08,2017-09-29 02:31:14,2017-09-29 18:21:24,2017-10-09 19:53:37,2017-10-23,ecf1f1e3e351934431480e901feefa43,2017-09-28
b28d8bbc74731fb20234ba949894dd13,a2c96008f123e921c843461f4d294ab9,delivered,2017-08-03 20:05:10,2017-08-04 20:10:18,2017-08-07 17:33:04,2017-08-16 19:57:39,2017-08-31,bc8709a09463d360bb33db911381d18f,2017-08-03
218359f6652231bd2360d84326ffc578,f9f1a8a4b69d608c6436c9a1b8c5849b,delivered,2018-05-09 08:28:42,2018-05-10 08:31:21,2018-05-10 16:37:00,2018-05-11 17:57:33,2018-05-17,fc6f599e8e05fc72f08efac0026ec3bc,2018-05-09
e6aa236ec927bf47ea8069000e673717,1386c5914436355eefdc94c441ff15bc,delivered,2018-03-19 13:11:50,2018-03-19 13:29:20,2018-03-22 21:16:44,2018-04-12 18:29:00,2018-04-13,552e3c7cefbf9414ad1fcd05756eea18,2018-03-19
9f7db45b6f8cc96acdf9c10d8a56bf74,7dd3dafc8bc6bf2b3b62ebd463b416d5,delivered,2018-07-09 23:08:29,2018-07-09 23:25:15,2018-08-01 13:51:00,2018-08-09 18:32:43,2018-08-02,364849e1d0ec338fd949b47bfe80ec62,2018-07-09
6c2af5efcf8e3d632c9b27ea8b422d2f,b0f4495f106f5fcd6cf25c48fd34a1f8,delivered,2017-06-02 18:53:24,2017-06-02 19:05:14,2017-06-08 07:43:54,2017-06-28 06:19:49,2017-06-27,7a95ee0e85b1b0c863191e74ca227e93,2017-06-02
1b74651a2ec8ee2d9e115d444f07f019,4e8933709a80fc862169a64907870ce6,delivered,2017-11-28 13:40:46,2017-11-28 13:50:49,2017-11-29 13:48:35,2017-12-04 14:29:00,2017-12-20,2adf8d327421e9e4071af3ff079ab4f3,2017-11-28
3ead4ba601979178b8073243e9878d9e,c77b423508bc56bde329f75c4e98f0db,delivered,2018-02-25 09:05:13,2018-02-27 04:31:10,2018-03-01 00:45:07,2018-03-12 22:18:48,2018-03-21,15ac1685a52aa0fbf422e00a8e0d7498,2018-02-25
1cf4be6f1eeda2457a333fde5abf39fb,6c8876a2c918a9ba8a5b9479af7bbaac,delivered,2017-12-23 22:16:16,2017-12-23 22:28:47,2017-12-27 16:51:54,2018-01-03 16:48:40,2018-01-19,32c3312cd5a2dddfdcbd359694cd7ae8,2017-12-23
16ec508e18e1d4949fb54daf2539f7bd,6c8f7799a68b43732bd676927474b28a,delivered,2018-08-23 21:50:04,2018-08-23 22:04:30,2018-08-25 09:00:00,2018-08-30 01:16:29,2018-09-06,d2a79d13eaf31a901f23f1ba01b3d387,2018-08-23
44d1b486970419d4e0ed66e154ece21f,34f3948e492c28ed80ffb26eb73c25cb,delivered,2018-02-08 16:51:09,2018-02-08 19:50:33,2018-02-14 18:07:21,2018-03-08 03:08:26,2018-03-20,c4cda5538e1bc0a930d0153815c11c77,2018-02-08
2ddcc2305498e7f001b65b9c28b48072,d68b7456c437d53230a52a0cf28a6723,delivered,2017-10-21 17:23:03,2017-10-24 03:56:17,2017-10-24 20:53:58,2017-10-30 17:26:08,2017-11-17,80e4f74e3cab2841485cee868eefc16f,2017-10-21
1826d2a2eb6ba6e3e4da3ffd1293ba5b,f8d4fd17a8f45986298a522b397522d0,delivered,2018-04-19 15:47:11,2018-04-19 16:18:12,2018-04-20 16:56:29,2018-05-02 14:38:35,2018-05-11,d6dfecf0d36b4f41d87bec2c1d538856,2018-04-19
bd5ca78c172780ac8248ce1c4df1150b,5bcdc05f48d3a5a88df17d3a90854122,delivered,2018-02-04 22:27:05,2018-02-04 22:35:39,2018-02-06 19:21:59,2018-02-14 14:56:36,2018-03-02,fe843b2621523dc9e82cfa392b47e6ea,2018-02-04
623517cfdfeda91679626490fe32aecc,1d43379f3fce2ba1a40b2f6972feb30e,delivered,2018-02-15 13:02:37,2018-02-15 13:40:22,2018-02-16 19:23:07,2018-02-17 17:18:40,2018-03-02,f09df0ac7072e3ce92c8d98a6fb12eb1,2018-02-15
3124a5d54e93ba5ff18e0b1db8737f08,4d1a096b45676b44aed012205e9659e4,delivered,2018-06-25 15:14:32,2018-06-25 15:34:01,2018-06-26 14:19:00,2018-07-05 23:57:17,2018-07-24,7bbc5119a2acbac3add12aa20bb675a0,2018-06-25
3ab9a6bf4d756738db47d0878cdfcf5b,bdd1804f10b8848c98659a9034876414,delivered,2017-09-21 15:50:40,2017-09-22 04:17:29,2017-09-26 19:35:57,2017-10-05 21:38:24,2017-10-13,2af4a10e85eb4e2139698fd8dec91052,2017-09-21
cc7d45cd59dd03882eebd5df8bfa1e58,dfc378a784e40949b7cc29ef22040511,delivered,2018-02-04 10:12:29,2018-02-06 03:35:31,2018-02-08 23:28:43,2018-02-14 13:43:12,2018-03-05,e7b012e4aad5c8da471dd62376fb7336,2018-02-04
f3acc2164626450872d7ebb22d285670,3dcb7de7de626eaa7947b0726b838c46,delivered,2018-02-27 10:23:46,2018-02-27 10:35:36,2018-02-28 15:56:40,2018-03-02 02:03:28,2018-03-13,d03c15e6b366080f5ac8174d1c2c9b9c,2018-02-27
1d9f8648651f574a2e2e5d8728384f7d,65e8eb92d79163578ff601cd27408edb,delivered,2017-07-08 15:16:57,2017-07-08 15:30:13,2017-07-11 12:36:20,2017-07-27 17:15:57,2017-08-03,dac5a1cb9310e1531c38624d1cc518b9,2017-07-08
26c032093452825fab1ef0adcde581ac,1de5dc5b831942a9161baef126e93870,delivered,2018-08-14 16:42:17,2018-08-14 16:56:04,2018-08-16 17:15:00,2018-08-23 00:04:05,2018-08-30,d68ed97669e9cee5b36211dbc592f4b4,2018-08-14
156889c17ed038521b36aa41a165462e,255f5ed7c49a048796f68d0ef4ef6a19,delivered,2018-02-28 20:20:24,2018-02-28 21:00:27,2018-03-02 19:56:39,2018-04-04 12:09:01,2018-03-19,36fa14d3cae07b35ff836335b0638dd5,2018-02-28
ee26d089d5c499f52c8d6849d5d437ee,befd7bd9c4690e11b74181093f0b8e50,delivered,2018-03-20 11:37:07,2018-03-20 11:55:30,2018-03-20 23:21:47,2018-03-28 01:06:57,2018-04-09,b12d7c45c341678b86ca5eadb1d94708,2018-03-20
995ca4e760797710d04230ca83a51ea7,d5ee339324aa0689199584764bb23cfd,delivered,2018-03-19 14:33:59,2018-03-19 14:55:42,2018-03-21 17:51:49,2018-04-05 01:08:36,2018-04-16,749771e3293b16e25d9cd6b984b5ca77,2018-03-19
72a1e974343720f13da41cea61752c70,ce7ae632446772c1abd5351d374dbf35,delivered,2018-01-06 19:07:19,2018-01-06 19:19:22,2018-01-09 00:53:46,2018-01-15 22:46:50,2018-02-09,105be9ad12efa2f0da3cbddb9a40f6cb,2018-01-06
d4cbc225f34eaa10be0e578f70bb915a,625dc2294db00d8b4645f702ca683210,delivered,2017-11-05 02:30:19,2017-11-06 23:32:25,2017-11-07 19:42:19,2017-11-17 22:41:32,2017-11-28,fcc16c0b2588529f1f5b7a871b1ec018,2017-11-05
0446b999e57cddf002396ed4baa07074,18391e6f0c771e4f2cc815e155e61d53,delivered,2017-09-25 07:05:47,2017-09-25 07:15:14,2017-09-27 16:53:01,2017-10-02 16:29:08,2017-10-17,e6daf89ad5d70394292f763272af2362,2017-09-25
758d844e553488d2af66539369ed624a,5bae4968446165fdd4dd2d6889769ce6,delivered,2017-03-30 08:50:15,2017-04-01 09:35:18,2017-04-03 15:07:57,2017-04-11 09:44:12,2017-04-24,861b52934e16f683694f6ffe540ba3d0,2017-03-30
ee35bdc3d877400fe1f81cf038e84840,32b1ae50ca71feac0a21fddfa9be7d49,delivered,2017-12-06 11:12:04,2017-12-06 11:44:29,2017-12-11 23:49:07,2017-12-16 16:52:47,2017-12-29,90c371b04a9f23fef0d88dc353c74be4,2017-12-06
5802a2af7adc078756b394ca9f492087,e9fd1771e8a7e1f2e502b27b061b15b8,delivered,2017-08-10 10:42:48,2017-08-10 10:55:24,2017-08-11 19:21:57,2017-08-15 15:52:34,2017-08-31,388faf71183c52b5862abbedfd00259d,2017-08-10
03f51c9adce893f63936c5146701aa2f,36f565da5dace4bd09fa635892eb5fe5,delivered,2018-06-17 11:03:15,2018-06-18 17:20:26,2018-06-19 12:59:00,2018-06-28 20:17:06,2018-07-24,131571305eb6589b2433bbdf69821ddf,2018-06-17
1f9c4827a2d12030d6f364aa01425f65,e395ddcafe8859ae54f88bcd4fe2fcd5,delivered,2018-05-03 16:25:29,2018-05-05 03:10:14,2018-05-15 11:07:00,2018-05-24 15:35:00,2018-05-29,7687b7040d1802dfc7cdb10cebba92c4,2018-05-03
73bf036e9d518e060d6f766d816483cb,9e6da2ee3df481b6390e3d404a72b5c0,delivered,2018-03-17 15:54:08,2018-03-17 16:31:29,2018-03-19 22:55:32,2018-03-21 16:22:43,2018-03-29,ab10e9f940aee13c952a78e570f2486a,2018-03-17
f635c6eec2310dbda391c16a6eada675,299c412fded7334cb0c3a66d1ef90aa8,delivered,2018-07-19 14:24:09,2018-07-19 14:35:56,2018-07-20 20:04:00,2018-07-30 17:22:42,2018-08-22,2170d926f8cf66dc796f403fdb2db2d9,2018-07-19
50450e6dcc1a32535adfec1b01e88659,d2c218bda8ec8cab8e5d1930408fe95b,delivered,2017-08-25 19:17:14,2017-08-25 19:30:23,2017-08-28 20:04:02,2017-09-01 19:05:08,2017-09-19,7620f9d37c88244db194f06ec69f22a7,2017-08-25
1cba415ed9929ef8517f8915b418bbf4,7c029eef6932cb5c705df129bf18c52f,delivered,2018-01-02 12:31:13,2018-01-02 12:48:49,2018-01-03 17:28:58,2018-01-05 14:14:11,2018-01-18,3c42984bd2867c0d7b4af541f63d6a00,2018-01-02
dca8882f789c3caa5ae444cd8cdd1cff,680e13127e0c141850712a4d82c2b68f,delivered,2018-06-28 15:01:35,2018-06-28 15:15:14,2018-06-29 06:16:00,2018-07-09 17:34:21,2018-07-19,60126d91a7fc1aacef5b09400e276e5f,2018-06-28
ee3485f5152cb61d512769574a0a1419,083f43233953a6a6b3a4fbf9dcf3722a,delivered,2017-08-02 14:14:24,2017-08-02 14:25:18,2017-08-11 19:40:00,2017-08-16 18:14:30,2017-08-29,1dd51f88a76276139db81b45e9ffab98,2017-08-02
627a881a7d2543a80dc59460ab08eaab,f848d331d15eafe396639c7ee61217fc,delivered,2018-02-08 17:36:30,2018-02-10 10:18:37,2018-02-09 22:11:55,2018-02-19 23:19:34,2018-03-08,ad8e98694a0e0cdedb146cf5f8e8e913,2018-02-08
f064e104da3589eb8d9fe106c866b953,bd72d6ba3c64f59c10057a5cdc6061bf,delivered,2017-09-11 20:00:32,2017-09-11 20:10:15,2017-09-14 17:52:55,2017-09-18 22:33:43,2017-09-27,645f6703f46a173dd70f5ee24ea27176,2017-09-11
b270827d91e9cf4071600f8ec3dbbebd,43eb99f58b7ab10c0d125728f50e9427,delivered,2017-12-05 22:43:26,2017-12-05 22:50:57,2017-12-06 18:23:29,2017-12-07 23:48:33,2017-12-21,40e9c092e3af19ca08a4e90d31340b3e,2017-12-05
e59d87da20589e83f7efa1ab9b393b4b,7cbf96a5b37e368df815f57a68a8dfa1,delivered,2018-01-28 10:53:32,2018-01-28 11:20:09,2018-02-01 01:51:10,2018-02-07 21:34:33,2018-02-22,0af17a81442299d992348c65d70ff4db,2018-01-28
0cf7571add1c69ad1e6c35589c2a8876,6b1e761a745eb03341d8158e9e9cd3d7,delivered,2017-11-05 12:54:01,2017-11-07 08:30:55,2017-11-09 20:51:28,2017-11-14 21:43:02,2017-11-30,111004975efcc926fc61c8a640709a32,2017-11-05
664141bb6dcd20117425954f2bae35ca,c2d77b06136b5d4135a1c66f6b59e54c,delivered,2018-07-10 18:22:19,2018-07-11 09:50:17,2018-07-11 15:02:00,2018-08-09 20:41:39,2018-07-31,49ae2d6728fc4dbdf22dbde33c62ea69,2018-07-10
d8869b7bf74e01d8de9c3f1a58352113,4ca10045434f2376d99eb463e97a6f2c,delivered,2017-11-24 15:41:03,2017-11-24 18:51:45,2017-11-29 22:46:52,2017-12-04 18:18:03,2017-12-15,8f42345bdbb7a87724708a4a29e56590,2017-11-24
11642e99761a28ab38643f6a876f4e9b,7ed3bff19a3abe6e21e31d2f8f1a38e1,delivered,2017-12-06 10:56:42,2017-12-06 11:44:22,2017-12-06 21:26:47,2017-12-20 12:23:17,2018-01-05,538ec2d83e6a49bb2b2f6dd8f1fd2ed1,2017-12-06
b47cd76a21d19af864c8b5c8a255fc47,be2daa8c843f3bb2892dc7b6c1f4f956,delivered,2018-06-05 13:24:11,2018-06-05 14:31:42,2018-06-05 15:50:00,2018-06-12 23:24:47,2018-07-13,19f19354cf9524cc834a5036ff79925c,2018-06-05
44e80ef872fd5884851e68555c2ab020,611c4ddaeae7fa4fa8e4917ea84213cf,delivered,2017-05-01 16:00:57,2017-05-03 11:35:58,2017-05-03 12:36:29,2017-05-15 13:54:00,2017-06-13,f2d1dc5ee004b962760fb53749f297b8,2017-05-01
d455a8cb295653b55abda06d434ab492,944b72539d7e1f7f7fc6e46639ef1fe3,delivered,2017-09-26 22:17:05,2017-09-27 22:24:16,2017-09-29 15:53:03,2017-10-07 16:12:47,2017-10-30,3c7e305796add66698959fc7ad176f6b,2017-09-26
56bc98e6d5b88c2cdb905f2fbec2ca3a,1ac30d3d231e7b32f3c8b1f4770f451d,delivered,2017-07-28 10:51:21,2017-07-28 11:05:19,2017-08-04 14:23:53,2017-08-11 21:57:53,2017-08-21,7cee328bcc37d1d72cbd46ed95dad5e0,2017-07-28
3f6dd48701c4fd8500f4c6d8862a806e,d6178ecd6b4f4ff8516d93c3229ba481,delivered,2017-11-03 17:33:08,2017-11-03 18:30:37,2017-11-10 22:05:47,2017-12-01 19:27:47,2017-12-22,a33b71268bed518bd63c349f006f2aa8,2017-11-03
bd2aac1b602c3145efe09bf634bacd72,a4e508e575088175d5b090b52114177b,delivered,2018-04-12 10:09:37,2018-04-12 10:32:05,2018-04-13 17:09:26,2018-04-20 00:11:58,2018-05-09,db7a15d5265e4f070acc1c04384b8f9b,2018-04-12
b24235bd2ebf1a14887ec351288351d7,2bf704d49c9b17be928e46bb9914f45b,shipped,2018-08-08 22:35:27,2018-08-08 22:45:13,2018-08-10 15:49:00,,2018-08-28,b69c03620a53caf75c5d3274d7b0b328,2018-08-08
70e218295bdf5efe77ddb143b1b3c0b4,409021a104c22b3c6f9fad25a36f26f5,delivered,2017-12-04 11:49:02,2017-12-04 16:32:07,2017-12-06 19:08:42,2017-12-07 17:32:29,2017-12-21,db490256b0acf2d835d059e7246a5691,2017-12-04
5968eb552ac0dfa3a19e11d2190503d3,b91428fc385c2c1ace6de35869971d49,delivered,2017-05-06 16:00:24,2017-05-06 16:10:16,2017-05-12 12:27:53,2017-05-24 11:13:47,2017-06-06,8553d782bb805c62c69990c30ec5ec1d,2017-05-06
84d7b8f09ab474f27e37c8d220a996be,a57b7535d5456cda92677d9fbf1fcac0,delivered,2017-02-28 18:07:58,2017-03-01 13:42:07,2017-03-02 12:58:45,2017-03-15 16:13:49,2017-04-05,1f140f58fd390b82121cdeb84fc169ab,2017-02-28
fc81cb044ec3b7f1bae90870aa0db705,ce330ed29c56811fee0ee0b22a18ab13,delivered,2018-04-22 21:36:14,2018-04-24 17:23:50,2018-04-24 20:22:01,2018-04-26 20:52:56,2018-05-09,aa8ec62e689529fbe400d32f40f6e0d9,2018-04-22
3385c99ff53af3e0f1115d79f6165d6f,5b1939524fc66b1be29160f5dea0055d,shipped,2017-02-04 12:58:55,2017-02-04 13:10:38,2017-03-03 12:36:00,,2017-03-15,26af6d121da6876736d5105e98baed9f,2017-02-04
3afad8990c0e0d946e5a8903ed1764da,d423c36d945d1c3d592f6e75fbd25b8b,delivered,2018-01-31 21:36:37,2018-01-31 22:09:44,2018-02-02 19:04:46,2018-02-08 20:36:34,2018-03-06,e7faa4909187fbe531e3297afc72c649,2018-01-31
6e8ff76e6abbdfadc22d6569bf5b1ae8,89595847e7a6a2bbe729bf9bfaa0ea72,delivered,2017-07-26 10:51:20,2017-08-02 11:25:48,2017-08-01 13:29:53,2017-08-11 22:06:21,2017-08-22,8aeb59096fcdbe18111c2a78f3ebf18f,2017-07-26
d079556268ebfb6ee516faac531c2f78,d00190f9daefc365f13c8f87b1f3a17b,delivered,2017-03-15 01:20:06,2017-03-15 01:20:06,2017-03-17 10:02:17,2017-04-08 03:20:05,2017-04-03,e5bf3e1fbbb0876f6ef29e7132850991,2017-03-15
37864e339894159b890ecddc8f7cc55c,febd6dd5e254743d7cf204dc53224649,delivered,2018-01-05 13:16:11,2018-01-09 07:17:58,2018-01-12 20:06:12,2018-01-23 20:04:24,2018-02-14,38d7552f44eb6c2193b38ca8fdbb546c,2018-01-05
7a0ec92566b936a1e15fcf8b9f934f2c,24b168407182b01edc578f21c2dfb981,delivered,2018-05-11 18:54:55,2018-05-12 03:15:11,2018-05-29 07:07:00,2018-06-01 18:34:27,2018-06-18,ff763f6fccce840a04aea139ec04c86c,2018-05-11
9d2d5b1aace1a7c5fd2b594e38975fbd,0599829740d99532351d29f03033533e,delivered,2017-10-13 23:37:48,2017-10-13 23:49:20,2017-10-16 19:07:54,2017-11-01 17:27:35,2017-11-06,3d6400baed85391c0db4ab9ff1ef95dd,2017-10-13
a53e05ecd2ed1f46a2b8e1f5828be7c6,addc91fdf9c2b3045497b57fc710e820,delivered,2018-01-26 14:30:21,2018-01-27 14:35:51,2018-01-30 00:41:21,2018-02-02 13:53:10,2018-02-15,bc5e25094a7d51b6aee35236572e64f4,2018-01-26
de2198669f76c1dbd0d137f101a7d6f0,339e21440501b64f3b1efa0904eb54fa,delivered,2017-11-29 17:03:06,2017-12-01 11:31:33,2017-12-04 19:53:48,2017-12-21 19:34:55,2017-12-20,7d0b1773dc928e29e86a230ca9557d08,2017-11-29
ad1c31ec035e55a4187e536234b28e38,a9b440dd10180f222e61cb9016eec6c4,delivered,2018-08-17 10:04:12,2018-08-17 10:15:20,2018-08-17 14:51:00,2018-08-29 17:48:42,2018-09-05,4923b8ab746ce20a1fd5e6cb567a948b,2018-08-17
5c9d1c87014d033ba9f70a7fb96ba7e5,4f0aabc56eb3f3cfa1eb12bd4de97110,delivered,2017-02-09 18:39:50,2017-02-09 18:50:12,2017-02-13 16:07:48,2017-02-15 08:14:01,2017-03-08,67838d98e602ec36f0ef090871a591e5,2017-02-09
3857d86e945d7a098beffbf7cbd09a80,13ff63c985eeab277068cce1ab3dbf50,delivered,2018-03-10 10:30:51,2018-03-10 11:31:25,2018-03-13 20:12:34,2018-04-04 19:11:37,2018-04-03,9a6291b0d2509d6b44b54c6ce729bae3,2018-03-10
f83bde2f77db7c7343f2bd54bb17fda3,0d801865cd313be33b1ffdfac6b41936,delivered,2017-11-29 15:28:29,2017-11-29 15:43:11,2017-12-05 15:43:18,2017-12-18 14:13:29,2017-12-27,80cf7e81465582a9819c70287e1e7ac7,2017-11-29
d02bfb7e0c24da3338699d38469e3e12,fac5e047dfe7fe85724e99ce3ff7eb80,delivered,2017-07-05 10:36:33,2017-07-05 17:37:56,2017-07-06 13:58:14,2017-07-17 22:49:35,2017-08-04,f40511c8bdc27d27e6b36d78bd7931b8,2017-07-05
f29d2e7d66aaf2845c93e1fe45fabc8a,bc7bc166a8bdf0e93d73758882248ba9,delivered,2018-06-14 15:11:41,2018-06-14 15:38:39,2018-06-18 12:04:00,2018-06-25 19:58:24,2018-07-16,821e75291b1ad362e614c0ea79fc95a6,2018-06-14
5be92ef6cf4a42ece07ad8bc3c00c70b,eb8785624bbc5262c11b11518c6b9c33,delivered,2018-06-19 20:51:45,2018-06-21 03:17:52,2018-06-21 12:44:00,2018-06-25 17:07:56,2018-07-11,7878d477fdfe4911ac5543b953fb4162,2018-06-19
9e563813ce9ecf0328846e51263bf069,d7946774667f603e46935b3fea376595,delivered,2017-07-18 11:46:06,2017-07-19 03:55:46,2017-07-26 00:53:39,2017-07-26 18:05:07,2017-08-02,8d62394adab5520836764a6790d8a66f,2017-07-18
b0e6a68b73514f6bc8fbc29c98b88a39,0600d98425652cf44bc48650f63b5bee,delivered,2017-11-24 19:01:05,2017-11-24 22:34:02,2017-11-28 19:18:45,2017-12-06 15:34:43,2017-12-19,0c107f6ce73815a024e2a30e88161da1,2017-11-24
b91df8a50223b91c469a891832f929c8,8e52ae99d17f763c99acc334f6627534,delivered,2017-11-08 08:13:05,2017-11-08 08:31:29,2017-11-08 16:52:05,2017-11-18 17:31:41,2017-11-28,789bb47c3a17d63fc51a9ba8cc5f6110,2017-11-08
40b1be99be1654dadd7e49f038296ced,ce915e7052985989f18b0ba2e35f50c4,delivered,2017-11-16 22:20:47,2017-11-18 02:48:30,2017-11-22 19:52:09,2018-01-04 18:08:28,2017-12-15,0ab9e44ab47a8b63cb0f2690215fcd2e,2017-11-16
c1cf3cb3cf9e48ca06d7eb08d8b9dc0a,e97d66d68be1c0c578ac4697e6cc788e,delivered,2018-08-17 13:34:57,2018-08-17 14:30:37,2018-08-20 10:09:00,2018-08-23 23:48:23,2018-09-12,820c3c979ae7d6055d37b1a01809fb63,2018-08-17
cc7608c05975c4f77bb4a033825096bf,9b9c1f9c9d25d25e3204b5532314a02a,delivered,2017-09-10 14:13:03,2017-09-10 14:25:34,2017-09-18 20:15:34,2017-09-26 19:25:42,2017-10-04,77217df781f630fd1d0b9df7deadd8b6,2017-09-10
7719dd879ae3926cf395d78c4d2e3ac7,d9b7dbf7ffaea743958f87ca360d710c,delivered,2017-05-22 22:13:18,2017-05-22 22:25:17,2017-05-23 15:25:11,2017-05-25 09:05:00,2017-06-06,38e124a6ea27bb96550722fdd9811842,2017-05-22
f8ad47bd9f9cbbd124d9d68f97e6c000,d1a223f47b810d4f69f95710473a7d33,delivered,2018-04-27 10:55:36,2018-05-01 06:13:23,2018-05-03 14:03:00,2018-05-14 20:21:40,2018-05-23,5abc5823082905876eb8fa315c0e14b1,2018-04-27
e531f04ac27aac6bf0cba03986415776,0028ff36263a86bf679df7c863a0a0ba,delivered,2018-04-12 17:16:49,2018-04-13 02:15:26,2018-04-18 21:56:39,2018-05-08 23:08:59,2018-05-10,0659763dba9821af49728668716e1084,2018-04-12
cb16d44b781c5ad67de1aa0454fade88,be07e18b74c064de0313f6377d064e02,delivered,2018-03-04 14:01:08,2018-03-05 13:55:50,2018-03-06 22:19:58,2018-03-08 17:28:40,2018-03-15,aa36550268e01de2536999cd0add273c,2018-03-04
b0d16135605a90abbfc74a9e2221ab55,1cd94d9438e7e24ac46fe5c1b90b38d7,delivered,2018-05-12 19:00:42,2018-05-15 03:55:45,2018-06-08 11:12:00,2018-06-22 19:11:59,2018-06-26,46f2e955a2102e6c4fc5423b1fb76ad6,2018-05-12
56eb4939c8d3115474ab6d6a17c8f5f8,bd8fb526b865b29b6f487cb18bce432a,delivered,2018-02-25 10:22:54,2018-02-25 11:00:23,2018-02-26 18:19:20,2018-03-02 12:09:11,2018-03-19,c94da06bbaed1487abbfff1eeff80638,2018-02-25
5d79b555805a2c67a647b4f2ed28891c,d9e37b93fff8ef5386bfbb36695cc072,delivered,2017-09-26 12:25:18,2017-09-26 13:49:26,2017-09-27 18:33:37,2017-10-19 21:22:32,2017-11-13,4ab082a8e6b2182eb540d81d7c9fd06c,2017-09-26
1d03e29afa208b835f77145e0348170e,c1ba1d9fcfc1dc5b48a03ab56c5e3468,delivered,2017-07-15 14:22:57,2017-07-18 05:50:21,2017-07-19 20:04:43,2017-07-28 19:42:49,2017-08-08,45223f9403f1eff331762061fd640b28,2017-07-15
1e30314e6dd7717655ff9f2f186df393,501e72b0ab6bb25a06e35822a912a065,delivered,2017-04-22 10:30:14,2017-04-25 08:25:46,2017-05-02 13:17:03,2017-05-08 10:07:49,2017-05-22,f4c9f17baaf056a2b3b34ca484270e24,2017-04-22
6b5e3dbfa9a0da1777b2fcf36d09c0f8,6d1656cef2fba3826f10f1abb11bfd44,delivered,2017-10-08 14:24:49,2017-10-08 14:36:49,2017-10-11 22:39:15,2017-11-07 20:28:46,2017-11-08,351870359cf7c30a27004ef8ee1e5fa6,2017-10-08
e7e206c19879bfaf67b74f8a8740b21e,d41dab173ad07a8ac68cdddcc1d46bb5,delivered,2017-02-26 12:39:58,2017-03-02 03:55:40,2017-03-06 10:47:39,2017-03-13 09:03:41,2017-03-27,e0d196c25de8b81ff442d19d27c53564,2017-02-26
528b401a2474f3a33a3373be7a77a0cb,bc3b70c375396b2103e9a3189309a0b9,delivered,2018-04-04 14:22:03,2018-04-04 14:35:12,2018-04-05 20:38:20,2018-04-21 17:46:27,2018-04-27,78d5cb63ea2fa0684904906f0e4c9c95,2018-04-04
6d5c0b87109f123898fe2dde02cebe1f,49a5030caa1df00e0bdd14302ef076a9,delivered,2017-11-25 12:19:35,2017-11-25 12:32:00,2017-11-28 00:18:55,2017-12-07 14:44:55,2017-12-15,cc4580537b346363ceacc548801d1f0a,2017-11-25
df638e8bbe2b487525b22f5c7a5c9231,623a1b562fdff1fa192d04fd4272394f,delivered,2018-02-20 17:09:57,2018-02-20 17:28:07,2018-02-23 20:38:57,2018-03-06 20:32:18,2018-03-19,c758dd4fe61c38dc6fd93fdfdfec0b0c,2018-02-20
e0149a54492fa20c168e6c4929d7c53c,3e07316859116dbd247c109d58e6bdba,delivered,2017-07-05 18:17:36,2017-07-05 18:30:15,2017-07-06 10:41:17,2017-07-13 20:48:33,2017-07-27,18d324993bb58cc96d296368013d37b5,2017-07-05
450c49623c365a4edcf0c5a2c93aa7c9,5a1739996fb7a15067fa38c3a0a1097e,delivered,2017-03-01 08:08:10,2017-03-02 15:32:28,2017-03-03 13:42:55,2017-03-08 10:26:04,2017-03-29,e23daf58ce481f3d38066e654ef610cb,2017-03-01
cc780f51d20b4a6024436e6191c844be,fc0b8d1a8058c6d7d5caaf77fd8e8e8e,delivered,2018-03-18 16:33:10,2018-03-18 17:09:24,2018-03-20 22:58:54,2018-03-29 18:18:10,2018-04-10,36016f4836f1cd1acf2b28ff2e5aeee5,2018-03-18
0ece9be8cfc0d7014370475626b74cf7,24236d77a4ff02fc9acd751fd9f2ea3d,delivered,2017-08-21 00:01:29,2017-08-21 00:50:20,2017-08-22 14:03:01,2017-08-23 17:14:50,2017-09-01,8cf89aaba709cea6e13c30dbc493066c,2017-08-21
686809116cd16f0b805804aefb0102a4,fec7723925e22866dab2debf6a38b695,delivered,2018-02-16 09:19:49,2018-02-16 10:00:27,2018-02-20 11:51:26,2018-03-24 18:38:49,2018-03-13,dfc07a59c091d15819e54ed414006ba5,2018-02-16
4086b35550b0ef9c5c94ef7b116fa47e,3e197a7d89cb0fefceece3f4df280f10,delivered,2017-06-04 22:40:09,2017-06-04 22:50:16,2017-06-09 08:31:20,2017-06-19 21:07:39,2017-07-10,fe8e71d0bc90dc0d0b0e1646ee29fcd2,2017-06-04
e664de6693c1c46a03c7a561518546a6,88d4c18326bbe6b94df6b56706ee61e8,delivered,2018-07-06 19:06:28,2018-07-06 19:31:02,2018-07-10 14:01:00,2018-07-11 19:19:51,2018-07-19,ae73467749733aaee9382917add6574d,2018-07-06
204db9688bc8186b733dc3104b6616bc,448c2fc1c28370b7fd12f611282d4dd1,delivered,2018-03-26 22:10:11,2018-03-26 22:27:37,2018-03-29 01:07:44,2018-04-13 20:52:04,2018-04-06,cae0fbea253efcbae126e0da6823c934,2018-03-26
b06d6a76d26b5692a9a6f974dde874ec,05f755716925c7f1c0aa42b4730e77a7,delivered,2018-05-31 04:43:44,2018-05-31 05:26:00,2018-06-15 15:01:00,2018-06-26 15:22:35,2018-07-31,809ecdd6011f1787f73bef179ce2a63a,2018-05-31
e1cbcc0a628610d3a838acf58bb4a8a5,4aceced3f07173311e7bf932e72b2e25,canceled,2018-07-31 20:05:34,2018-08-01 20:10:22,,,2018-08-09,ab19eac6f484238b7fb42f4d97345634,2018-07-31
d7289e919ed445fbccb678459efd3154,3d5688f7c319b63b11b8d1c8dc5e6abe,delivered,2018-02-21 23:01:54,2018-02-23 02:10:39,2018-02-23 21:53:02,2018-02-27 19:05:15,2018-03-19,f102240598836332442c455abbcecfbc,2018-02-21
ee3565d2a50b87870c5b752412c360e6,baf844983ab8e47eeffa94edee0142b5,delivered,2018-07-01 15:57:58,2018-07-01 16:10:18,2018-07-03 11:13:00,2018-07-04 20:28:39,2018-07-25,989d3f62f1e7cd71ead28dd3aa093bd7,2018-07-01
fcafda6e35d67d0f529ae71fa9af530a,7762cccc9e7d358a7972e20199158510,delivered,2018-08-08 18:06:20,2018-08-08 18:15:20,2018-08-09 14:06:00,2018-08-14 16:48:59,2018-08-17,bbfafdbb1aff81b3772c1ccbd6c26979,2018-08-08
7c2235a930f355b9dc0741b70000d56c,6d8bfcc347e45c98bffc86c5f798ad85,processing,2017-09-20 16:30:26,2017-09-20 16:45:26,,,2017-11-06,302b181629296ea5999b8d0c55044018,2017-09-20
c3484520f8dc5726ffb461d9b63e162f,65408e1b890ef91ebd20525415a75006,delivered,2018-03-01 14:31:54,2018-03-01 15:10:44,2018-03-02 18:23:33,2018-03-05 16:42:53,2018-03-13,ee98a0579acac9a07104c8560691f935,2018-03-01
c92e9f25637b9515a95acd097e7d3543,f4c1c4ebe3fe512c2ebdb3931d265c03,delivered,2017-09-18 21:30:15,2017-09-18 21:44:16,2017-09-21 15:12:34,2017-09-29 20:44:40,2017-10-10,fab0026e50b7eb33c212efc1c6166500,2017-09-18
3c8625b6c73f463438071d00caa35617,9fd42d4233239984476ef9a779b2e2da,delivered,2018-02-01 22:04:25,2018-02-01 22:15:24,2018-02-02 19:32:59,2018-02-09 20:49:00,2018-02-26,1b9c30403ce4766b0ea8718a0b67ef0f,2018-02-01
a02c551c16a4f354b94361e1c6e0e283,bf84e7f1cf36cd90c6f27186dc787abd,delivered,2018-02-17 18:32:17,2018-02-17 18:46:43,2018-02-19 19:59:09,2018-02-27 13:59:20,2018-03-19,80e545fa344d06cc848bbe3b2fac30e0,2018-02-17
c463f0035fecd4a308f67cfe0bef72a3,831cf4ed313a9240512583f43b23d20a,delivered,2018-05-09 16:09:00,2018-05-09 16:30:26,2018-05-10 07:06:00,2018-05-18 16:04:34,2018-05-25,1a9a31d6ace5153b5900e76b7a396a94,2018-05-09
67937bb4e0c9a4156fe47c89382d33e7,78b7abcd3a5388f7e44868b2a67fc36b,delivered,2017-03-22 13:49:12,2017-03-22 13:49:12,2017-03-27 12:53:02,2017-04-06 14:09:49,2017-04-19,970e5f645670f1ab33d6815e1debd3cc,2017-03-22
3ea80782fbbd337428a6a454c4a297c3,753c1896b701191a973a7b3e7aded7b1,delivered,2017-11-21 13:01:18,2017-11-22 15:46:52,2017-11-23 17:41:09,2017-11-29 21:58:40,2017-12-01,b210912672cf72ad8a2408b009fee65b,2017-11-21
470b989e6ed77b973667564551fa80b5,7107df757f0be84cb9b48fe438eaf414,delivered,2018-02-28 12:46:52,2018-03-01 02:50:36,2018-03-01 20:42:39,2018-03-09 02:51:24,2018-03-22,70685f5e03d2d191e8ea03e420c5473c,2018-02-28
1c308eca3f339414a92e518e2a2e5ee9,e53e1eedc9ebf9fa7a3318c60ece1d25,delivered,2017-11-26 23:25:43,2017-11-26 23:34:29,2017-11-27 21:07:09,2018-01-23 14:37:27,2017-12-29,ff8892f7c26aa0446da53d01b18df463,2017-11-26
f2c32ffe6169d6332ed88c7d49ad6936,971f335f648423cc90e1110e518de75d,delivered,2018-05-20 11:42:05,2018-05-20 11:51:09,2018-05-21 15:01:00,2018-06-04 11:58:29,2018-06-13,67b04a227b516a51455f20cd66d6457f,2018-05-20
e4e0be4d6409eac95f01919debf6ca7a,f0a51de81b61dee051392841bca48828,delivered,2017-09-11 23:21:16,2017-09-11 23:35:14,2017-09-12 20:11:21,2017-09-19 15:33:15,2017-10-06,c39a6431ee05633792a9670d4317a5ac,2017-09-11
4de95857f36acba5b547fa7a76e6a4c1,5b21f3f793e9f6c8211c80e123d3f434,delivered,2017-12-23 18:51:40,2017-12-23 19:07:39,2017-12-26 23:22:49,2017-12-27 19:22:39,2018-01-15,c1c8e96cdddf350b61600f9a1717a87e,2017-12-23
e9c4c61fc2e0849ca2bf702265e47c91,eeb1531ed63226d548c9a56af412d488,delivered,2017-12-17 22:41:19,2017-12-17 23:53:50,2017-12-18 20:39:00,2018-01-11 18:37:50,2018-01-19,a5d58b7977312e4cbb339d50af597a3e,2017-12-17
2a770273775ea731f0a1f238f5c33a4f,30f5d14ca214a42c4c6a57e92e829ff2,delivered,2018-06-03 08:16:22,2018-06-05 03:55:15,2018-06-05 13:08:00,2018-06-16 17:34:56,2018-07-16,74117f45129c9dbc91367032166219ce,2018-06-03
b64694f8da34c98dc8734f15ad74ba86,56ecd08a6f16747959f7d6dc46d559ed,delivered,2017-09-06 00:20:57,2017-09-06 00:50:13,2017-09-12 21:52:07,2017-09-20 19:19:58,2017-10-06,b96977c98297c1f35980dca464fad4e9,2017-09-06
825318ce17c91088b4b6a3ece5aa5222,f2d18f78afede737e736f6aef5282bd9,delivered,2018-06-18 14:46:06,2018-06-18 15:01:55,2018-06-21 09:37:00,2018-06-26 06:24:25,2018-07-18,03ed0a57d01102b9a9bc725d1bd17831,2018-06-18
13fd69ecde7da52a8d2a2d5eb5cccf6e,2fef56c8fd7e2a7f6456659e8ff6f010,delivered,2017-07-03 20:21:23,2017-07-03 20:35:06,2017-07-05 15:03:35,2017-07-26 17:21:33,2017-08-18,b9dabbe592f3f23a402999bf72da8074,2017-07-03
d86151346a2ad9a3a4e6cfb4e2a885a1,2020dcad1856121845d8701ba78ccb33,delivered,2018-08-11 10:47:33,2018-08-11 11:04:36,2018-08-13 18:22:00,2018-08-21 22:18:37,2018-09-10,2acb24d6955995033f7c9d493100759f,2018-08-11
5494c710e1d7ff9770343f2abe0cf40c,f647802ba4732b3a5730faf366ae6607,delivered,2017-08-22 18:18:19,2017-08-22 19:32:36,2017-08-25 11:46:59,2017-08-29 17:42:14,2017-09-12,2d8ff00aeb57429cf50b428d7a4ac3ec,2017-08-22
6060aa9779c52c46a9a791c79dcc4423,ed69f0bf3132bc978df5b8de8979ea44,delivered,2017-03-18 11:52:16,2017-03-18 11:52:16,2017-03-22 13:35:31,2017-03-31 15:43:23,2017-04-10,3bf05893515aa9ee5cf9874f045ca0f8,2017-03-18
8d26b65d067075e451f93045b9c689db,7fad8196d25d044456634a95c6096a32,delivered,2018-03-15 22:50:19,2018-03-17 02:40:28,2018-03-19 23:34:27,2018-04-04 22:51:23,2018-04-03,3ccf77411e7d3ec58a58a518c82ed2f0,2018-03-15
7dddf95f24ff803266f8140883ce7f30,8ffaa0a60560ee8a123e8b7c244d82e3,delivered,2017-09-09 13:35:22,2017-09-09 13:45:27,2017-09-13 00:07:54,2017-09-25 19:34:11,2017-10-02,0e001755cc436c114f174c1652968216,2017-09-09
e2722b5691765b26eb6b660a88c8b3ee,6b1cc1836ba0502fe56d534182e18668,delivered,2018-04-08 11:20:58,2018-04-08 11:30:20,2018-04-10 17:11:23,2018-04-12 19:03:52,2018-05-02,0104a702e0f73442fe4dc3bfff6ba373,2018-04-08
4b019b8fe8e95fc64a3cf3793b35b852,478cd57af52b763a386a2a2fe791a230,delivered,2017-02-03 19:12:05,2017-02-03 19:25:16,2017-02-20 08:49:43,2017-03-01 16:27:34,2017-03-20,f11915ba29bfeff33b0f5610b9631aeb,2017-02-03
2ede41080a5404febc04debe6b371426,779477b9f9c25c89eede88c5a731f1cc,delivered,2018-04-17 10:14:25,2018-04-17 10:31:16,2018-04-17 22:21:20,2018-04-27 21:32:35,2018-05-18,d72a976551bbe1764c5c2034623000c8,2018-04-17
d37a4faa7cb8cd88246d73aee035a327,cb119e28018ffea7a8dc693d1aab7322,delivered,2018-06-05 12:01:37,2018-06-05 14:31:49,2018-06-07 11:45:00,2018-06-13 19:32:03,2018-07-17,8722a311d994356c039af6e3ec44fba0,2018-06-05
6b0918aeb353fa97d8df7b685c19e14f,81396cde975bc2d2d859247510aa71e0,delivered,2017-02-06 13:33:16,2017-02-07 03:55:34,2017-02-08 14:58:48,2017-02-15 10:38:42,2017-03-15,c847373ba11946ca0e30ffecda3c5be7,2017-02-06
321ccf646a619a8fc722779075ecc6aa,37a3b6f55eb0ce7f84258e3bae2a3c98,delivered,2018-02-06 16:56:23,2018-02-06 17:11:29,2018-02-07 18:48:44,2018-02-09 16:19:16,2018-02-22,4e0e1d6518f12f6410708c61c83d3638,2018-02-06
60a7df16f9a8d8f38bd974b8a873167d,9a02295e3381803554347ab4dc1ab41b,delivered,2018-07-26 01:27:57,2018-07-26 01:35:10,2018-07-26 15:16:00,2018-07-30 21:32:51,2018-08-16,182491a144858edd68163675689069d6,2018-07-26
9de93c000ca70a1ffac63cefe715bdf2,5d26e3331c75b8be22b3c9e169ff0ebf,delivered,2017-03-01 17:15:10,2017-03-01 17:25:18,2017-03-03 13:05:51,2017-03-14 08:42:19,2017-03-28,b68693bf3295ad9e895d2adce45deb7c,2017-03-01
1ed074db777e37c2621de389c076fc8a,3171bb44b50cefec7f8643a28e1a0343,delivered,2017-04-03 21:22:16,2017-04-03 21:30:21,2017-04-10 11:01:55,2017-04-18 12:53:59,2017-04-28,bc78398ffb6426deee3da12bcccff478,2017-04-03
d3f309d85c6d6cbd2a1775f23a5ce401,ec6a5b8c7710f3a29f879151cb3338b1,delivered,2018-02-24 08:58:07,2018-02-24 09:07:55,2018-02-26 13:49:03,2018-03-14 21:22:39,2018-03-21,721dbdcbd558019a1756eaff98496b59,2018-02-24
ced336e4408b7aa8e70c72bc5bd87b30,21a0fe1b8065d698dae75d6d25e8dd80,delivered,2018-04-11 19:59:37,2018-04-11 20:11:16,2018-04-13 01:22:44,2018-05-03 22:59:48,2018-05-02,68756fe9b8b4550d74c5ab19f0034910,2018-04-11
a66c9de993519a5f2d17c79d7e3a247f,a6e4791b144cd68bab4be0e640e230ea,delivered,2017-12-10 17:31:54,2017-12-10 17:50:33,2017-12-12 22:32:45,2017-12-18 22:13:49,2018-01-04,3cd241f544a033a3c85c8d1adb44d105,2017-12-10
0c433b41ac4f5739f4c65e19bbdc8208,bdfcde44c62495b7eeb742881cc8a4a3,delivered,2018-01-09 21:05:46,2018-01-10 20:57:26,2018-01-12 23:25:53,2018-01-24 21:44:52,2018-02-01,6d9cdc2c73e65c443351811fb9039bfa,2018-01-09
8a1f6fa828ef936fd572951d408841bf,0fa5c9cb31322dbe498b9e2fb4ee05e2,shipped,2018-05-09 20:53:45,2018-05-09 21:15:19,2018-05-14 14:24:00,,2018-05-24,31a661e2227564f12b1424a66f3cf528,2018-05-09
ac2ab574a89794ee4da739e33c7023b0,ed7e6711e28e714c0f736356d4b7d889,delivered,2018-03-17 19:48:38,2018-03-17 20:08:03,2018-03-29 20:17:36,2018-04-02 20:09:36,2018-04-16,4a790a1b18f0a9d7fcb468a407fa045b,2018-03-17
79eb12da9830f52ecee0bfda719fbefe,b040c88f891090ad0e7f55f789d6ed90,delivered,2017-11-01 09:04:26,2017-11-01 12:45:11,2017-11-06 19:22:13,2017-11-13 19:57:10,2017-11-24,fc3809b4bc01fc63d6135541882299d0,2017-11-01
9b81902439f42c509c4bf03acd8fb9d4,e645a6eb0c85a032c56e3a2170f90c3f,delivered,2018-02-16 19:56:16,2018-02-20 07:27:02,2018-02-21 23:17:12,2018-03-06 19:56:45,2018-03-08,c6c3f7deed0e844a38a9ba41b32f2747,2018-02-16
bba6bf145227da52495f05a3623a5e20,1573438472daa5bd90e4ec252b6e04b8,delivered,2017-11-29 13:16:14,2017-11-30 02:25:37,2017-11-30 14:04:48,2017-12-14 13:42:12,2017-12-20,430772cb69bcbe21e7c455dab65025a6,2017-11-29
e9a21226714589b1cb43d10c0a8cfb15,c74f90c33e410e49b09295977ad0e632,delivered,2017-04-12 16:58:36,2017-04-12 17:10:16,2017-04-13 13:43:18,2017-04-17 18:30:11,2017-05-11,0f9349a9da479b7e02c4cb4a0c73fb47,2017-04-12
24940b9866fb7ad55814fd366494b280,116d78f44108f799b1b11514ef84a6f5,delivered,2018-06-14 22:48:28,2018-06-14 22:57:00,2018-06-19 14:10:00,2018-06-26 20:22:09,2018-07-18,0fb3eacafe073aa1bbd240997c39882a,2018-06-14
1a1e19dbf8fabee87a30637487e4ddb7,f777c63e2d9f75c61f37b77360d2eef2,delivered,2018-08-13 12:19:12,2018-08-15 03:31:44,2018-08-15 14:51:00,2018-08-16 19:19:27,2018-08-20,d468fd7bf39ffb037723a24846a8d437,2018-08-13
0858c9b11272c041d6de2fdcdbc392f1,ef183189c0523a0c16c6d32c5e73ef62,delivered,2017-04-08 19:28:28,2017-04-08 19:42:23,2017-04-11 09:02:19,2017-04-17 14:51:41,2017-05-02,cdd91fddaea23f00cfc1dc0ffa69fac4,2017-04-08
7446025306e883cf5f81d6a59b52a77a,59211ee5ee45529e88e15aa981413567,delivered,2018-06-06 10:14:54,2018-06-06 10:31:27,2018-06-13 12:51:00,2018-06-14 15:52:23,2018-07-03,a6145625bf90ef8e9c0a051d98b6785a,2018-06-06
9577571b6dff4b75d5015aad1bd7c2d1,d54a719d682be793981617390e7098f0,delivered,2018-01-23 17:53:22,2018-01-23 18:16:27,2018-01-24 18:16:56,2018-02-01 20:29:14,2018-02-16,1615d67aed92d3cad77eefa2adfdca81,2018-01-23
faa0a8e07c82b4188dac82ef1d170979,9be47708361b959a33fb0b2a537c02ef,delivered,2017-11-25 00:23:59,2017-11-28 04:31:17,2017-11-30 19:28:54,2017-12-15 19:51:54,2017-12-19,1b1391338f96d9e2b40eab7c19f9e761,2017-11-25
0035c0b07126fe9c24a325216fb96064,c8c4991d84dbfef1f61c6152486db6d4,delivered,2017-11-24 01:08:37,2017-11-24 01:29:45,2017-11-28 17:17:17,2017-12-07 16:59:21,2018-01-03,9392534851a5f1f12396b5f897f9f2ad,2017-11-24
c1f7501bdc05e68361a9d1c71ef75dcc,c028679f52ba4535e788d2d70f32d7cd,delivered,2018-07-30 16:51:36,2018-07-31 04:31:33,2018-07-31 15:39:00,2018-08-01 19:18:48,2018-08-03,bbe6355f7a8178493809c415b956b078,2018-07-30
676932c5bc4092decfc9c84b4cb34055,fd3af103b28dd473810b5f00d7f43226,delivered,2017-12-29 15:47:50,2017-12-29 15:59:31,2018-01-02 22:19:45,2018-01-10 22:08:34,2018-02-01,0d322d78465c69d36cc9bc14ac869900,2017-12-29
c44883fc2529b4aa03ca90e7e09d95b6,ed9928905c52127d7f9dfbff8229255b,delivered,2017-07-17 22:44:24,2017-07-18 22:50:11,2017-07-20 15:27:40,2017-07-21 16:56:22,2017-07-31,b64ebaf3d11b7209fe566364cc359a51,2017-07-17
0f4825e873a47ef50f834a027fe4bf06,182f5011e168ab826a44acefe1b0cb10,delivered,2017-11-12 06:23:38,2017-11-12 06:30:27,2017-11-14 21:44:45,2017-11-25 01:48:31,2017-11-27,b9748d249c4f7906c4e869972454eba0,2017-11-12
2e557b5d820cbc4f2f0e25b3867f8033,04f3a7b250e3be964f01bf22bccdc602,delivered,2017-04-29 22:33:10,2017-04-30 22:42:42,2017-05-09 11:11:21,2017-05-18 08:34:48,2017-06-01,c34585a0276ecc5e4fb03de755e8f7d0,2017-04-29
77e5da65e4012cf642b5c84559cad7a2,3ed7cba4a47a679b4da80166f85dee5f,delivered,2017-10-24 18:46:36,2017-10-25 02:28:17,2017-10-25 16:20:01,2017-10-26 12:57:47,2017-11-06,22512529ecd6f405d4f82b88f3104ff7,2017-10-24
d060362f5f96859d8ae1ad639492c123,e21780b844c6bad5d56646808db6b5f1,delivered,2018-05-18 17:46:53,2018-05-18 18:19:09,2018-05-23 13:01:00,2018-05-24 16:38:45,2018-05-29,f9cb074050db08ff0b4a0fb6ab37fa59,2018-05-18
ced9efa04f0d7b0543fa0d8ab9472a6c,c83e383ad11fc7197adf9a062293f188,delivered,2017-11-06 11:36:06,2017-11-07 07:30:31,2017-11-08 20:29:20,2017-11-13 20:32:42,2017-11-24,b8a11136550032517dcc9183f87c057c,2017-11-06
3c0683f600fc10b269b333bbfba07813,fff89c8ed4fcf69a823c1d149e429a0b,delivered,2017-12-16 12:53:03,2017-12-16 13:11:08,2017-12-18 18:08:07,2018-01-03 15:14:44,2018-01-16,bdf90466e574f6413c41cf94d7bbb610,2017-12-16
360d1b0085f85a626f77b5fe558e8ae8,33c7436be4e08a85eb14b56f24f4506f,delivered,2018-07-18 12:10:39,2018-07-18 12:22:21,2018-07-18 14:09:00,2018-08-01 21:04:13,2018-08-03,7c7549c421f7dfb5b3b993c83ccb1274,2018-07-18
6b7d50bd145f6fc7f33cebabd7e49d0f,4f2d8ab171c80ec8364f7c12e35b23ad,delivered,2018-07-29 09:51:30,2018-07-29 10:10:09,2018-07-30 15:16:00,2018-08-09 20:55:48,2018-08-15,345ecd01c38d18a9036ed96c73b8d066,2018-07-29
0392bc239ce28b0377e6b3073df2c674,bf33e19935f4274841aad728f5f91d06,delivered,2017-07-13 10:47:14,2017-07-13 11:03:58,2017-07-14 16:25:51,2017-07-24 17:43:50,2017-08-04,e60453c5993596de58f6004e8a14a9b8,2017-07-13
ea5f0ecb07aab01d50c4a3089bb010c7,e499450a060a376c46c82653e112e81d,delivered,2018-02-04 23:55:29,2018-02-06 04:32:33,2018-02-06 18:07:22,2018-02-15 18:48:27,2018-03-08,3a4b76e1cc7d5fa520196e28754f1f6e,2018-02-04
d79454599de55e5f2f3bbf01e51f6cd5,744e512de8ebc8f28c301d0c4e874293,delivered,2018-05-18 15:52:25,2018-05-18 16:17:32,2018-05-22 06:15:00,2018-06-05 19:46:48,2018-06-06,8491b2236f63b9b12007a11201d7e204,2018-05-18
459bf040bdb67f151841bbf50f9b10e8,ef928bde12ccdb30b55573fc20f02990,delivered,2018-08-09 18:22:42,2018-08-09 18:35:24,2018-08-14 13:09:00,2018-08-17 20:22:36,2018-08-15,925742ddab5f1e085496a74ac67657e5,2018-08-09
ade793f46228acd3a7b6fd69a7311a93,c1a9ab96fa235b6202c6fad797dff6e2,delivered,2017-10-03 18:17:22,2017-10-04 18:14:24,2017-10-10 13:58:32,2017-10-19 17:05:59,2017-11-01,7430052c211f8f0501807241e9d6eb9f,2017-10-03
1194026a5099a99736bc99ca91903fb4,03ff9a2b7490e86627370e4a04864beb,delivered,2017-08-12 19:17:44,2017-08-12 19:35:10,2017-08-14 20:07:51,2017-08-19 13:57:28,2017-09-01,dff5ff8f411dd1d77875f7e17a3eb512,2017-08-12
8ff3300441375a48890e65ad8d06233b,37aed206805d3581cf77ea31a79beeff,delivered,2017-12-19 19:43:44,2017-12-19 20:48:28,2017-12-20 18:29:27,2017-12-28 14:59:10,2018-01-08,3f3b14f0f8378e2614a368bef792fece,2017-12-19
24c88e563ba8b5ed9b8b9ca7b72f3016,33b194055962ef1fc958b5ce53d6c48f,delivered,2018-04-08 09:54:08,2018-04-08 10:10:12,2018-04-12 03:02:34,2018-04-23 16:02:26,2018-05-08,80f12d5f1e4d44314120ecf336da2e8b,2018-04-08
6c6fb863836061fb0284ba91069f6200,ed67e157e536aaf41a97aea9c5b1e15e,delivered,2017-11-29 12:53:30,2017-12-01 15:19:17,2017-12-06 22:14:41,2017-12-21 01:45:04,2017-12-20,cae1d4d9dc6b99f4568a899aa027770b,2017-11-29
fe575916daa713f9830a8b7362121621,e2020bee31eda61095a0bd6a93cf9b7d,delivered,2018-03-28 11:08:29,2018-03-28 11:28:00,2018-03-29 00:51:01,2018-04-06 20:08:36,2018-04-16,e315941825a7b002e471c690046827a5,2018-03-28
f9b7d4be1a26d7a0017957e6a6f26e01,fef5bebfcd96024d880aa6a0b9b16cd6,delivered,2018-04-07 19:30:06,2018-04-10 03:35:27,2018-04-10 19:08:52,2018-04-27 17:26:45,2018-05-02,5e0fc24b616799fe27d9d3b87feb6011,2018-04-07
0c06a823dbc08a3948528a087cc01906,180bbae17bfa825b909b9daf2217d77b,delivered,2018-07-28 20:32:42,2018-07-28 20:45:12,2018-07-30 14:06:00,2018-08-01 15:38:40,2018-08-10,979c082388d594af8ca214fb5dbca747,2018-07-28
311a55e7e3386e44b73ace3d2fa51d6c,b4ed914db06c9bfc5e7ab07f09a3ee8e,delivered,2018-07-31 17:36:05,2018-07-31 18:20:08,2018-08-01 13:17:00,2018-08-04 15:46:31,2018-08-10,9efb6a3782fed7a8277eddbb421e72c8,2018-07-31
ed82480721701337227c1ab978712087,c1bdc290c9ae68e5f0825b2dfed4d422,delivered,2018-04-09 14:15:24,2018-04-09 14:31:33,2018-04-11 16:10:59,2018-04-17 22:05:19,2018-05-02,ae5df8e33ea496f14db277c8b8e77281,2018-04-09
1ade84aca2a23a5b07101e2c8db4f120,6de415323c0f244a419ad9485ae825ec,delivered,2017-11-29 11:26:28,2017-11-29 11:38:04,2017-12-04 20:28:47,2017-12-18 17:53:47,2018-01-02,1a13743254d9c8e6360106295947932f,2017-11-29
1dc44ddf13d4ec315adcfc2afafb9a0d,e8719e0c76755bafff0f1c61e131fd2c,delivered,2017-12-18 21:34:21,2017-12-18 22:35:24,2017-12-20 20:28:40,2017-12-21 17:58:16,2018-01-10,71925b15ac911df113c7ffd8f10a5f7e,2017-12-18
9bf1ceb820bc945c03785708af99d14a,2cf9e0cdf87e31f8f72fdf33448e3453,delivered,2018-02-04 11:42:16,2018-02-05 11:51:48,2018-02-06 23:18:35,2018-02-21 22:13:23,2018-03-02,ac541f60932b50a24e98fd4088c4d4df,2018-02-04
ad18d4d14b15eb7a3c5270067c1ae24a,89622b9cbcb1818eb3f182e5d7be488a,delivered,2017-08-18 12:54:20,2017-08-18 13:10:09,2017-08-21 20:03:44,2017-08-22 19:38:16,2017-08-31,6ec3c08c6e460cd43ac97336be9a7b7f,2017-08-18
bb874c45df1a3c97842d52f31efee99a,1afe8a9c67eec3516c09a8bdcc539090,delivered,2018-07-28 00:23:49,2018-07-28 00:35:19,2018-07-31 15:57:00,2018-08-07 19:28:41,2018-08-22,00172711b30d52eea8b313a7f2cced02,2018-07-28
6363b59d2e7f542672e0f11910c0c708,cf5c87f52f4f9d68b80bbaaea6afcb67,delivered,2017-07-18 17:47:55,2017-07-18 17:55:21,2017-07-20 16:02:22,2017-07-26 10:42:10,2017-08-11,2849324488a981c60e2d96d714acf617,2017-07-18
e0f3cd25b704e2b54b5837d443087ba2,a68b51c78cf1152a678a8c76f6fa10e2,delivered,2018-04-23 17:55:31,2018-04-24 18:46:41,2018-04-27 14:28:00,2018-05-04 18:05:34,2018-05-09,4e54fcb327bc9d17225409a411114e58,2018-04-23
790cd37689193dca0d00d2feb6459164,53e76dd2ac2339c712daa2fe769dad51,shipped,2018-08-10 15:14:50,2018-08-11 02:45:23,2018-08-13 13:44:00,,2018-08-17,db37a75815df9faedac0a3bb60b04d45,2018-08-10
6d415687ad03111662fbfc54c811414e,e65b23752b414a312194a5086c8ba7f5,delivered,2018-08-18 11:11:55,2018-08-21 04:35:32,2018-08-21 14:39:00,2018-08-28 17:18:28,2018-09-19,b9be3471610862c1c965533de088071f,2018-08-18
e04f1da1f48bf2bbffcf57b9824f76e1,0d00d77134cae4c58695086ad8d85100,invoiced,2016-10-05 13:22:20,2016-10-06 15:51:38,,,2016-11-29,8886115442775dd8a20c2dcc921c7cc8,2016-10-05
66db3ce2f1e6eb13f708e0bdda31c70c,352438065e364ccbd52f9663df267493,delivered,2018-04-04 17:38:39,2018-04-04 17:50:38,2018-04-06 22:48:34,2018-04-12 16:22:36,2018-04-23,cc4e45374cd203aedb9c2c9a14ee1edd,2018-04-04
bd6732607590d3b24eb163bcc2085997,6e7381694150328ecc07a8c28148c02d,delivered,2018-05-31 11:05:48,2018-05-31 11:35:11,2018-06-01 14:12:00,2018-06-07 19:44:37,2018-07-12,e785090c4e4bb36c2f293fac50124b65,2018-05-31
d5de523ef823dfdb68b1509abd0f64f2,311f42c5d087ceb28e115741e1087d03,delivered,2018-05-16 15:22:50,2018-05-16 15:59:16,2018-05-18 14:40:00,2018-05-22 22:42:41,2018-06-01,95fcf12c03df68bb5fe496b5a6421e9f,2018-05-16
d7e46fa6ab3491ceca084b0552086f93,1c9f03e36fc2fa3e359357778a093419,delivered,2018-04-19 13:45:44,2018-04-19 14:12:42,2018-04-24 20:36:40,2018-04-25 21:11:42,2018-05-08,3e99f0655b7c3a300d511490197320fa,2018-04-19
6ea6774abec27440369c7282c5511cc6,be961156244f41bb0728342afdc122e2,delivered,2018-03-21 20:21:35,2018-03-21 20:35:36,2018-03-22 22:54:31,2018-04-11 20:22:03,2018-04-18,fa0d24dd602c76038e9c0614d1620cec,2018-03-21
d66cdd2dee90bc354ba79f909e9dfda4,249ead6a60c68710994208dc93955831,delivered,2018-07-26 14:16:04,2018-07-26 14:25:10,2018-07-26 15:45:00,2018-08-02 01:46:47,2018-08-17,cb0deab009a7424c2962dae5cb0eb300,2018-07-26
7fc36388c29601f1be9fbfe28a1e26e4,6f7d4a89a940f3d8dec53e27caf707d3,delivered,2018-04-13 17:11:41,2018-04-13 17:31:54,2018-04-16 15:18:32,2018-05-03 17:04:29,2018-05-23,9505efe7b1d07838e33fd5b77088f8ed,2018-04-13
92fca7ed7b7df4695007bd7f227e3333,f489ef69fc07eee23f1ef2732df1c8f8,unavailable,2017-02-01 12:03:36,2017-02-01 12:15:56,,,2017-03-03,858340521d8ba271fb5a0a03816952c2,2017-02-01
bf4e96c11d738938b690d9995d6d5204,78298369ff18562343a2b8d69cca93ec,delivered,2018-01-30 18:55:51,2018-01-31 18:50:21,2018-02-06 16:42:26,2018-02-10 16:52:51,2018-02-15,c9aac7025075ccee8ca50363b2e1696c,2018-01-30
374287ecf047f9180fdb554bc4ae1c1d,f253023c8f1e0fa8abc68b0180cf96a8,delivered,2018-02-23 17:19:34,2018-02-23 17:30:58,2018-03-01 00:33:43,2018-04-03 13:04:18,2018-03-28,7cd148c92a7b9203793efe0844c45e52,2018-02-23
e444dbf63e18f98c43c81f5ccc7ef8a0,267d85c043aaf0dfbf9b0211546e7a0f,unavailable,2017-09-25 12:12:02,2017-09-25 12:25:45,,,2017-10-30,ea277807fd29752d687e5b5de76327bc,2017-09-25
4a0d967d4e5675eeabeef5ed2d185520,ff43182cf77e7ee5609976d3f7a7bade,delivered,2017-06-14 20:01:23,2017-06-15 03:05:47,2017-06-16 15:11:39,2017-06-27 15:30:01,2017-07-07,09252bc15c7c9e9b2538343227d15826,2017-06-14
277630ca53de43c81908ab9b5eb121a9,f599c364c91e59fb2243c0130907706e,delivered,2017-08-14 21:59:40,2017-08-15 03:50:24,2017-08-15 18:27:54,2017-08-17 17:17:27,2017-09-01,cfde4b49d93099c27f489e50a776c943,2017-08-14
7654e85433112b2a5cf2b51f1124d0c5,5b570df1f1def219b8c7f269b3eb3c23,delivered,2018-03-09 17:09:12,2018-03-09 17:28:48,2018-03-10 14:22:01,2018-03-27 23:42:34,2018-03-28,aaa32d09fdb08f6c25a8a39679fddb70,2018-03-09
d79b5d99bedf3d553349fb878a6da83b,7ace58bfbc93c19579f9d4585743abcf,delivered,2017-06-03 17:52:47,2017-06-04 18:02:21,2017-06-06 09:33:53,2017-06-08 14:17:54,2017-06-20,a773871075dbfbbf0dd1c2c26374ba3f,2017-06-03
805559bf950cf417d71f74d0d92b4302,977470fbc9b23aea3861a0defe6027ff,delivered,2018-06-05 11:43:25,2018-06-05 14:31:45,2018-06-06 08:16:00,2018-06-08 22:28:36,2018-07-25,1fb4a26745406d39d44aea5ee0da9608,2018-06-05
3e01e667dc4b025af8c5eb4f606cc7a1,cbec6c6e7a388dcb6c91bf4919a1f66e,delivered,2017-02-03 21:22:15,2017-02-03 21:35:16,2017-02-06 11:36:39,2017-02-12 10:34:00,2017-03-06,4050ab1fc484eccabb4479c214985342,2017-02-03
1a8727bd046055a86c1103773d39bcf0,a86517d8f9ce5bfd926863eaeaa748bd,delivered,2017-11-01 13:06:34,2017-11-02 02:16:33,2017-11-03 20:34:42,2017-11-08 17:58:51,2017-11-22,da4f9f9ac73ecec9f3a1ee1c0de6d6d9,2017-11-01
fdff9c6a7acb0e02d1cea8d18811e251,eddc5297a74164ee82529b15e8357af7,delivered,2018-06-19 14:10:30,2018-06-19 14:37:39,2018-06-20 13:03:00,2018-06-21 19:03:20,2018-06-29,779f7ec7155dfd74a8425e40c4d34497,2018-06-19
3ba5e1e9d44fafee8e7ec732a7503aa5,3dad616569d948fff5ee591c673f36d8,delivered,2018-06-06 17:33:25,2018-06-08 03:15:21,2018-06-08 14:11:00,2018-06-15 18:52:45,2018-07-18,1b61a1d07afd201d7da82b6eefcb63c0,2018-06-06
73f9e828566dd0de47c067e6ec94c989,ef14b2612bcb6c6c79574ab9caee3a97,delivered,2018-06-21 09:08:51,2018-06-21 09:43:01,2018-06-22 14:33:00,2018-06-25 14:12:27,2018-07-05,011733687890faf081be6fde9e7cc7a0,2018-06-21
a72cf1dee03a23942590dff282e7182f,1add0e650dfd0225736b13fd211566f3,delivered,2017-10-09 08:20:21,2017-10-09 08:38:25,2017-10-09 14:11:10,2017-10-10 14:42:44,2017-10-25,85ae65a77d7d2d4043b907366a00e5ed,2017-10-09
6e43eea0e8d014e2f6256da2a78ff5e7,5dd88d3417105c3064d64b64b8163712,delivered,2017-09-13 16:18:30,2017-09-13 16:30:22,2017-09-15 13:52:41,2017-09-27 18:05:29,2017-10-03,c0b0546d40615d8bd1420203e6767a97,2017-09-13
1f4ef92fe96573c57bbdf0fd5c284459,3ac5bc758161afdfbbea6eaa4c27996b,shipped,2018-08-04 16:03:47,2018-08-04 16:15:18,2018-08-06 13:09:00,,2018-08-21,36108c0f9b850fc04c4c84ece40ec40c,2018-08-04
904a8c5eecb566b06d4737b0cde3e0ab,6d911daa38cfeec4a1151bbd94910101,delivered,2017-07-14 00:04:50,2017-07-14 00:23:56,2017-07-14 17:41:10,2017-07-24 21:42:41,2017-08-11,b7365f8cf460918200ef5b03a8c20ff6,2017-07-14
efb26ebfb1e2ef4c7cc691d05bae1e2e,f6978bd4f963e719065c053b7cea7aca,delivered,2018-01-02 11:39:42,2018-01-04 05:10:15,2018-01-12 22:53:04,2018-01-15 21:09:20,2018-01-26,c3fd468e781ba344415ee191377bbb96,2018-01-02
222fd80282b4b53ba4affcabaaea6b31,7d2e9de299e7087ef52d931eae2f2345,delivered,2017-05-10 09:00:07,2017-05-10 09:10:17,2017-05-12 08:43:28,2017-05-22 13:39:38,2017-06-07,8c21dd8c37144807c601f99f2a209dfb,2017-05-10
a77da241d61b2939dba10220b807d732,6f71921817fd1f04aa328382f160d42e,delivered,2018-06-21 09:08:51,2018-06-22 02:58:22,2018-06-22 14:40:00,2018-07-02 18:38:41,2018-07-24,2a457a7a2dc9d8e3db075dfb97a12240,2018-06-21
af09d050740a057296c4ef35838ef579,fc3e75a78502d98c1eae2422411256ac,delivered,2017-11-11 13:49:53,2017-11-11 14:07:24,2017-11-17 19:09:36,2017-11-30 19:54:01,2017-12-07,f982a8f4e3f5bbdff4419db9d9c1ad93,2017-11-11
4eae2c0464a15323f650d829daf9b778,959652be1aeb349fb1f6b3851b02cde8,delivered,2018-07-23 23:36:10,2018-07-25 02:45:12,2018-07-25 11:32:00,2018-07-30 17:08:37,2018-08-13,bf3b9f35251a39ea43f88a85fbdd4594,2018-07-23
889d938cda41ef5efe5e59f2d72506ca,a82cf4c2ad9b46f2272edf04fcc4a861,delivered,2018-05-27 23:03:32,2018-05-28 22:55:15,2018-05-29 13:30:00,2018-07-12 09:48:55,2018-07-20,c79a078562e39b70a04991294dbfbd96,2018-05-27
adaf76b089579f5134e94eb39a7a6d55,5543b7f4e465ff9ec17e580054c06f03,delivered,2018-05-01 18:05:37,2018-05-01 18:15:21,2018-05-03 09:37:00,2018-05-07 23:46:23,2018-05-18,065718094e728619b5119a1aa8beb331,2018-05-01
babcb908e411ea7b016add4ba7928922,a4406af7a4cc74fff4ab8ba1d52a9aba,delivered,2018-05-12 23:00:51,2018-05-12 23:16:38,2018-05-21 16:33:00,2018-05-24 15:43:41,2018-06-01,d1aaf203473057f01f2270049ecbb5e9,2018-05-12
3437696fd6e7ed0db729224d21959bc9,f206315b02656d3adf91b65e35b7a70c,delivered,2018-03-07 20:20:25,2018-03-07 20:30:50,2018-03-08 19:09:48,2018-03-28 23:43:25,2018-04-02,0f862748da01132c74799afb1eacabc3,2018-03-07
b4c45d4cc2a2e24e10d4e20bae928819,5feeb43744a61e50a53346dc3169225e,delivered,2018-03-03 21:40:09,2018-03-06 03:49:33,2018-03-06 20:27:46,2018-03-16 17:51:45,2018-04-05,0ea72bc8d992598af459f73c9969837d,2018-03-03
3ea264e36baf2f2275cdcfbd1b96a4aa,b7f58105406451f1b16a368b61cf1ecb,delivered,2018-05-15 00:45:45,2018-05-15 01:16:09,2018-05-18 17:14:00,2018-06-12 23:05:23,2018-06-05,092d1ba154276416f027e086b5de9fc2,2018-05-15
c7b1a19d2ae06ca24586ea3d67fb4f38,18fe87412cc8e7c9979f992b9af7a19c,delivered,2017-12-11 11:17:25,2017-12-11 11:31:48,2017-12-11 20:23:06,2017-12-22 23:42:22,2018-01-05,1d449975fbda4d4cbf33927701881fe3,2017-12-11
297d104669f1daa3d656ca1bd1c34750,0cf58b15631312d9ec4e4468d68b07c6,delivered,2017-10-02 16:59:23,2017-10-04 02:56:46,2017-10-04 16:10:19,2017-10-20 20:13:58,2017-10-27,b72a9f21c1487bcf142a9772e140b6b3,2017-10-02
1d2cab957f150e9edeb3e456cef96882,f92c779f378ec9d9e214e32c3780bbff,delivered,2018-02-09 18:03:13,2018-02-09 18:20:31,2018-02-15 15:54:46,2018-02-21 19:36:43,2018-03-05,456f55fb46d4a022a85e246898be06be,2018-02-09
c738d688c1adff662d0e0e01f8ba756d,d84f2788580b9d5e4b1e36d9af83adbf,delivered,2017-07-19 20:59:24,2017-07-19 21:10:14,2017-07-25 12:33:58,2017-07-31 17:13:26,2017-08-10,68381dd3fadb0c28e9dba80120e80344,2017-07-19
bfe28aa1dfc04a7e2d243e25622e2c58,b6ee80458bce711275a5831a1af07048,delivered,2018-04-29 20:05:30,2018-04-29 20:15:30,2018-05-02 12:26:00,2018-05-10 18:52:17,2018-05-23,8836014b8b92813c371f72c9b5d96549,2018-04-29
ad850e69fce9a512ada84086651a2e7d,30bb84b541c96af98ba7d90b9ebf35d0,delivered,2017-11-21 17:23:04,2017-11-23 02:36:26,2017-11-23 20:38:26,2017-12-07 14:47:05,2017-12-13,33de26d1fafbfd4945eb586f7136efe6,2017-11-21
9d7ecf49e46ed6b1d5caa034b87404a5,e3f00fa1b62f66c2a2165901f56e7be5,delivered,2018-08-02 14:14:32,2018-08-02 14:30:44,2018-08-03 15:46:00,2018-08-06 18:16:27,2018-08-07,d32f60c918b1433e64d5981961571163,2018-08-02
49aa82d12066e455617693a42d2b8bb2,5c8d317f3565842d664a1a822d033123,delivered,2018-01-02 20:58:27,2018-01-02 21:15:25,2018-01-04 23:32:50,2018-01-16 22:25:07,2018-01-24,0334ba9c67b6f75abf243ebfcc46de6b,2018-01-02
b7f955dbe116a63ae780222ad1b1da01,34888597ccda0c851b4e75fae74363ae,delivered,2018-07-20 13:27:57,2018-07-20 14:05:13,2018-07-23 09:10:00,2018-07-26 16:56:34,2018-08-17,1b2fb6c5b88d8e186f796a1665e10c84,2018-07-20
8385aedfa19a31e7d4871586bd47de2c,ce303f783b5f596243cf7100d6b848a6,delivered,2018-01-16 21:22:59,2018-01-16 21:32:02,2018-01-17 18:56:39,2018-01-26 22:05:14,2018-02-08,8961b4ca2c5aceb7a78ea72c6e0c840a,2018-01-16
215081bdcfcac0c856994ef5ad2fba20,b6e8ea3ec16b6ac5bc9207ad90b855cb,delivered,2017-04-04 10:53:00,2017-04-05 06:35:15,2017-04-05 16:07:37,2017-04-15 13:37:42,2017-04-25,5494c6357233e45ac00bc125c7510ec7,2017-04-04
c4a28e8e313a4ec9ad2af047a0e564f7,042fe32d398b84650560f12af71f911c,delivered,2017-05-06 19:15:33,2017-05-06 19:25:09,2017-05-11 13:16:48,2017-05-16 10:23:46,2017-05-31,7eb4725d089262beaf75f9a296140a55,2017-05-06
a0a4f45a87d4f0655d00a76cd579651e,35de4cef6b0866a231557cdb5a0ec4d6,delivered,2018-07-29 17:19:10,2018-07-30 18:31:05,2018-07-31 14:18:00,2018-08-09 03:28:38,2018-08-28,6db2ff0bfea2ecd92d9b251b3e89a1f5,2018-07-29
d4b3b00396bf3d72f49b2e06219f385e,60febc34fb19061d99caf9ddf1f6a4d3,delivered,2017-12-05 09:51:41,2017-12-05 11:12:13,2017-12-09 09:58:35,2017-12-15 20:37:03,2017-12-28,ef3b6ab8a1704ead096adbcdee78284b,2017-12-05
f73f8b967be6b99c1a6aa84ace884e28,a40d46b45a96f651215b87fab01ba7b0,delivered,2018-08-08 15:52:44,2018-08-08 16:05:17,2018-08-13 14:17:00,2018-08-16 13:32:13,2018-08-27,ea5287f9b8b399e24d76a71234e43363,2018-08-08
b063bf13bfec7c847d7a6bdb54554c00,9116afdef84d57d567a2d87cc9dd12bc,delivered,2017-01-17 23:37:51,2017-01-17 23:50:17,2017-01-18 10:07:14,2017-01-25 13:53:45,2017-02-27,70c54f44c2b0fea644d1caae6142ed62,2017-01-17
b43889e8181d41782f7b8489b1500fef,86ee2f815eb7f2cc1b4277e578c36805,delivered,2018-08-02 22:07:34,2018-08-04 12:05:18,2018-08-06 11:07:00,2018-08-09 19:57:35,2018-08-13,3cdf85343de9512ef29d07a8c46a3ef0,2018-08-02
70824d82746ebb9193cceee2e1bc99d8,7f57408abbbc33ddc3d6a0072e87da0a,delivered,2017-10-12 14:04:33,2017-10-13 14:14:30,2017-10-17 13:44:14,2017-11-08 16:09:06,2017-11-09,62203293552d7c2097221962cbedc6a0,2017-10-12
3c01ff78a2f337f911274be0d0338656,ac16695d0fab1a5e22f7416bd75d325f,delivered,2018-06-16 23:42:25,2018-06-16 23:55:11,2018-06-18 14:42:00,2018-07-05 07:02:52,2018-08-06,2c3b4164d355435c686926ea0b391ce8,2018-06-16
be86cba0a64e59a003b13aa28388d3c9,9723953949c0de9858c86afaaeea8077,delivered,2018-03-24 22:14:30,2018-03-24 22:28:14,2018-03-26 23:58:54,2018-04-02 18:55:57,2018-04-19,534f38ad0217e0b082b91e933756a644,2018-03-24
05bfcf9e287cad216cadb8a850f8db5c,51cc1e38d0489d588d7a687da73b2458,delivered,2016-10-06 10:47:15,2016-10-06 16:05:51,2016-10-30 10:54:35,2016-11-07 11:18:58,2016-11-30,ff68ad2883e793597f1c343dd6505f5d,2016-10-06
809fc33617d44c48deb9b253aa7397ac,8e8d5b0eed17edbb9c3e920358c415f4,shipped,2017-11-25 18:01:26,2017-11-25 18:12:37,2017-11-27 12:59:23,,2017-12-15,153cd659636cb33360006b260f41c8f0,2017-11-25
12222b95d3464440506ffeede2239765,3dcab09df0adbfd87b7b49acae4d0a38,delivered,2018-05-08 15:43:43,2018-05-08 15:51:41,2018-05-09 11:17:00,2018-06-07 21:05:17,2018-06-11,bd09840aa5298e8aba03ec8651e60cba,2018-05-08
97826eac2ea69cbcffac7c3358a19138,b164311fb207ff095a8aec678688c763,delivered,2017-10-21 20:19:39,2017-10-21 20:35:23,2017-10-25 22:47:49,2017-11-06 19:55:46,2017-11-29,798c51ba7cb7ae0428009a93ee51ebb8,2017-10-21
338e0ac6db07e9a09668f8369d86877d,dc2d0dfac2b00a63f53a12dd3baae308,delivered,2018-02-13 00:38:22,2018-02-13 00:50:23,2018-02-20 21:56:33,2018-02-21 23:15:03,2018-02-26,7857512dc9a14ef806537f0443fd5d9e,2018-02-13
31e919190f59dd6dde547000ab20a612,f6e64070970103cd567436eb89a2ea55,delivered,2017-08-05 18:24:31,2017-08-06 06:43:35,2017-08-08 18:07:02,2017-08-23 18:53:45,2017-09-11,1828417f59821953b154b31e45a02a38,2017-08-05
a86ad6bfca543eb89c02ccd35b2d4099,3e66e1da69ab2a97a145d1cdd6294dbb,delivered,2018-05-02 16:42:56,2018-05-04 03:51:53,2018-05-08 14:14:00,2018-05-14 20:20:38,2018-05-22,799c7feff71e6702ed86e34d3d9b09d4,2018-05-02
9a56a27f9e40fe95b274a5e618b798c7,ea0a2eb375d81472344130f077f297a4,delivered,2017-10-15 13:46:36,2017-10-15 13:56:22,2017-10-19 12:03:28,2017-10-20 17:03:46,2017-11-01,6f5b9a8b6c5eda945113bdf468529a29,2017-10-15
b72a28958acaa4abcff7b24c1b517c42,cb831c015f5b26cae7cda73671c7510f,delivered,2018-06-17 20:41:05,2018-06-17 20:58:36,2018-06-18 14:58:00,2018-06-21 16:54:32,2018-07-17,10b9f2531b9808ef879b829d86792a9f,2018-06-17
81992009e7e97ec49b43657ece731404,f2868f631fdb3641e73597e907963008,delivered,2017-09-14 18:46:57,2017-09-14 18:55:23,2017-09-15 20:07:55,2017-09-22 12:16:09,2017-10-04,de31428a06b76c0907d2c5dafba17e87,2017-09-14
a4f1baba644a021e811a8fd82e838984,1b234122220bf26fb3bced29ba32645e,delivered,2017-09-07 10:37:05,2017-09-07 10:50:14,2017-09-11 14:51:54,2017-09-15 19:51:24,2017-09-26,bb8d55ef73eb6b4df9280fb3fbd8a4fc,2017-09-07
1b145bc82eff392da7924ddff9acac50,3f4c8d285dc22c878bfdd36be3fe2dbb,delivered,2018-02-09 21:41:44,2018-02-09 21:55:29,2018-02-15 17:20:47,2018-03-07 21:56:51,2018-03-07,7d23ca9b9d5f41298ec3ccbb2ff637d8,2018-02-09
63c65ef108b5fa957ead39600d605868,689d34f193887d19a45f5a32f47c717d,delivered,2018-01-20 22:55:20,2018-01-20 23:20:09,2018-01-22 18:03:43,2018-02-06 13:49:51,2018-02-16,6ca9b0b650c85e0371633ed9570b76f1,2018-01-20
714d9fe4cfc8fdfedd10c4a30abd4f34,538ef759aab2dc4b84994589b92e3ef5,delivered,2018-06-13 12:16:02,2018-06-13 12:36:48,2018-06-14 15:55:00,2018-06-19 14:45:43,2018-07-05,4b4d80d39b3e76e3cf819e0189cea3e4,2018-06-13
8527d5d408bdfbb716c2b89012db58ab,58f9233ffdbba4b15470ef0aedfee9cf,shipped,2018-02-25 19:55:29,2018-02-27 04:31:01,2018-03-01 00:52:41,,2018-03-21,ce476ffe3bc52860321ab92075709eb5,2018-02-25
d416617c5fada61b01ff48ec39b4ca46,19ec7d6fa6f155e51e054bcb66bd48d7,delivered,2017-08-04 14:38:18,2017-08-04 14:55:19,2017-08-04 21:14:02,2017-08-16 19:56:36,2017-09-05,b9196ecea14836ea527dbe1f97ab76c3,2017-08-04
53de14b6f2880327550fe827416010c8,36af88cabadf5aaad3a1eaf6dfa9547f,delivered,2017-10-26 20:53:06,2017-10-26 21:07:43,2017-10-27 18:32:26,2017-11-07 15:51:32,2017-11-21,a539e1319383ba7b4b8a354e46868b66,2017-10-26
e59e9afe2a1001d3d088289b474366e7,cac263b2a577e832774e02b3071322df,delivered,2018-05-07 21:48:47,2018-05-08 04:31:54,2018-05-09 14:43:00,2018-06-02 11:32:21,2018-05-30,706678762cfe28d4271ebcd98bc5d1a8,2018-05-07
2c19f031e843a243a60bdff55edc668e,97c16231065a73051157a67b66fdf34f,delivered,2018-03-22 18:59:38,2018-03-22 19:15:27,2018-04-03 20:13:12,2018-04-09 21:05:52,2018-04-09,9ece1c68d65c90d06f6a82430ba37437,2018-03-22
86c1a3ab2128e2448cecac7f29c5d48a,ebf535c9aa84f7018700a1ea1552d44e,delivered,2017-05-22 12:39:43,2017-05-24 03:05:31,2017-05-24 10:45:02,2017-05-30 08:14:57,2017-06-16,7cdcdb5976a5be4c23883f6d3a288ad6,2017-05-22
01ed8d522a969ceeb6ba285a161bf4c9,6b1d775b2094e9c5a3a86e9e8fe01b3f,delivered,2018-05-13 17:58:56,2018-05-13 18:13:28,2018-05-15 11:00:00,2018-05-18 17:42:45,2018-06-07,1ccfba98073a3f785a7dc51a4464bdd0,2018-05-13
ef118656ef537afb61840ff77a86a067,1958f99bfcd054e50319b5a07a44df24,delivered,2017-03-06 11:34:20,2017-03-06 11:43:04,2017-03-09 06:34:30,2017-03-13 08:14:48,2017-03-30,b0b057559c54c99e41a21c40c08f7780,2017-03-06
b08b60cece524686b12c2201f977ba42,4f81711673621b442e519f4635670126,delivered,2018-01-14 13:00:17,2018-01-15 12:50:52,2018-01-16 19:37:25,2018-01-26 23:42:35,2018-02-08,8375b2713e9cdbe8191eda82663fcbec,2018-01-14
c58f1f94f5d3c37128710cee5f687598,516edd7c653a89039877ad28c3b34fa7,delivered,2017-11-24 00:32:41,2017-11-24 01:10:11,2017-11-24 15:21:39,2017-12-05 18:15:48,2017-12-21,51ec3bc37c5f58ab949936efb7ec029f,2017-11-24
de260560dd72236bfe5c3c4a7a7053ab,d0953b063ad351d135287e685464d29f,delivered,2018-01-26 13:37:11,2018-01-26 13:52:18,2018-01-26 21:27:27,2018-01-29 18:49:25,2018-02-09,7d155a12fac42481566b85b7c7b6ba3a,2018-01-26
73d68ef344ebda9bf0c80b7e3ed70e45,2aa26f091cbe1ebe446df78de1628f34,delivered,2017-09-07 18:41:13,2017-09-09 04:50:19,2017-09-13 21:22:52,2017-09-19 19:37:46,2017-10-03,73254f2121f9a121ae8a5a32458bd7c2,2017-09-07
d0160c63f4290593b0d35f6e2045e693,b082b15e882634934fd91c73e4c057e0,delivered,2017-12-10 13:02:05,2017-12-10 13:10:23,2017-12-11 21:28:50,2017-12-18 18:58:09,2018-01-05,c8b9c295a4ad6bcc4458583eabba70fc,2017-12-10
ba75b10a16e530cca75088408909b325,fe7374607781a49ec88f4f6e274f5ee5,delivered,2017-12-02 15:06:45,2017-12-02 15:17:21,2017-12-04 20:42:19,2017-12-18 19:43:49,2017-12-28,08ddc0df5b096f928637e6622dc1af6b,2017-12-02
b33f9582323f5ebe1c82f0ab04b03734,582762f6f5415d10a1513f9fd9c074a8,delivered,2018-02-25 22:52:03,2018-02-25 23:07:56,2018-03-02 02:09:00,2018-03-03 16:58:37,2018-03-12,4343c49fea39abbe14ecbfee146104d8,2018-02-25
09744659d8e64274cf91bb288d9c3aec,75321717fe3af2a3148090d18c699f9d,delivered,2018-07-16 12:41:30,2018-07-16 12:50:19,2018-07-20 16:08:00,2018-07-30 15:39:20,2018-08-09,be83d747a325c0b259b6717700622e36,2018-07-16
c2132e2cae45a1362b9d3496c25c5783,8a7cf4cea62052d36e74d823a5044ada,delivered,2018-08-19 09:52:55,2018-08-20 11:10:24,2018-08-20 13:55:00,2018-08-23 17:02:51,2018-09-04,d2bc8f164525589501a5e62a257568f5,2018-08-19
cd80f267aabc7357c2caaa8848e1cd3c,a19cfe9d36bd6c3ad4e4cee2d165d366,unavailable,2017-12-07 12:26:00,2017-12-07 15:21:55,,,2018-01-02,b52378d2bae15325d2dffddb403ff3e3,2017-12-07
3f0cb8f5398fd5dc8e3b02e308391a63,f1033bafb0691b4ad24836f8f058ec64,delivered,2018-06-06 13:29:57,2018-06-06 13:53:36,2018-06-07 14:25:00,2018-06-12 01:34:50,2018-07-13,997154911f9f4d3fbeeb5a41934a0c60,2018-06-06
c49e86b525c30f1b55eaf9abbc9837a6,8fa9f17f7cc7af41d068b9b3f8df51e8,canceled,2017-12-06 19:29:14,,,,2018-01-04,5105b52fa696cbca4cd3ddade05149fd,2017-12-06
f79a35da168301ae56922475da21117b,70bc4d9cf2bbeea3f7b09798370f5884,delivered,2017-05-02 20:18:45,2017-05-03 15:15:13,2017-05-04 12:05:22,2017-05-10 09:33:48,2017-05-26,ffffd2657e2aad2907e67c3e9daecbeb,2017-05-02
35e3eedfd9714f8e56fee1b037cbb5d6,8651f8ac963881cbe37ad5f57f94e220,delivered,2018-05-20 12:55:50,2018-05-20 13:10:31,2018-05-21 08:37:00,2018-06-04 23:12:06,2018-06-11,cdb6b20649c7c03cbca6c626b2248968,2018-05-20
0905da36ee109b78ec1a3c9e089148a0,e95fd5cca40cc862687dda4846f9ac00,delivered,2018-04-24 23:24:26,2018-04-24 23:35:13,2018-04-25 12:04:00,2018-05-11 20:23:45,2018-05-29,c705e3b98b76bd8e56d09625ac94216a,2018-04-24
204393e6bcdb657eac91e88061a0f21e,d827f9b2a25d6b42cbb4e758256e6b5b,delivered,2018-02-22 21:30:26,2018-02-22 21:48:26,2018-02-24 01:13:15,2018-02-27 14:04:31,2018-03-08,bd84d267d2a9567d0a7ba46d14048881,2018-02-22
79177aaac7c3c0dd8e8a84db027512a4,8cd118ecfb9703463ef9670b1d18a26e,delivered,2017-10-17 11:12:57,2017-10-19 03:15:05,2017-10-19 16:10:37,2017-10-23 17:05:25,2017-11-06,c6e994767dccb6b8a8207c1f44451159,2017-10-17
e63e244ec02470ece2ac502d7548e3fd,34b10ac8b6807ba32d473de41885b2d3,delivered,2018-03-11 20:51:27,2018-03-11 21:00:44,2018-03-15 21:32:18,2018-04-10 21:03:31,2018-04-02,22943c7ae011e5d5fc8f7a4b838af5d7,2018-03-11
7970159f69f09e481001d678e5365a1c,c9729b100379c44cff2f36b45708e1c9,delivered,2018-04-03 11:02:44,2018-04-04 11:10:17,2018-04-05 22:33:14,2018-04-16 21:21:52,2018-04-23,03e3ef4497da2f83d62f7b14d86089d8,2018-04-03
eeba00e11fa68a44e8f8ea73e40da5b7,c5f083ee29fbad8f643af08c74fc8ed5,delivered,2017-12-26 16:25:59,2017-12-27 04:07:35,2017-12-27 19:23:03,2018-01-09 01:38:20,2018-01-19,d97729b78d322b5c970f696a69a6e2b2,2017-12-26
4055525efb230dfd940236b7888f2012,a801360fcad89119ab97d96f5818e379,delivered,2018-07-19 11:18:36,2018-07-19 11:30:34,2018-07-19 14:17:00,2018-07-23 23:41:51,2018-07-27,9ff2179ba2c564188e00d0de93023e15,2018-07-19
407ee2ab7ff5d2026801ff24b7b7cb7d,b44e5afe91c6078c9d08afdf11501c47,delivered,2018-06-27 10:33:34,2018-06-27 11:15:56,2018-06-28 09:31:00,2018-07-05 19:58:32,2018-07-20,7d6239ef5cbc5bc660613244258f09be,2018-06-27
1d534aca5a08cf7ab416a278efb8fc4d,aa9b819478f905f30084bbe6bf305687,delivered,2017-12-26 14:47:27,2017-12-26 14:59:23,2017-12-26 22:26:39,2018-01-04 12:09:33,2018-01-24,3bd5a2372bfc1a1a6b57ba52cd4b7697,2017-12-26
5e5f65b0204e38a3cfa1ef11f4fae391,5c4512b7818056950a47e3a97e43977c,delivered,2018-07-17 16:51:15,2018-07-17 17:05:18,2018-07-18 12:00:00,2018-07-23 22:16:54,2018-08-01,b141bd5759723f190516a148aec96954,2018-07-17
b53a9de5d97ba2bdb4053685fb09446a,1a419460caa1db06caffab0a3299514e,delivered,2017-02-07 18:32:13,2017-02-09 02:45:48,2017-02-09 09:44:17,2017-03-02 13:44:15,2017-03-08,9744622a06a031bee34e06b57375c4fc,2017-02-07
036bbb637f99f662c928d303d461ffe1,4b4a571ee8ef4a370a0cc9402b6a5744,delivered,2018-03-20 11:52:52,2018-03-20 12:10:37,2018-03-21 19:04:21,2018-03-28 21:05:16,2018-04-09,0ea40201a592d14399e4fe9230e16058,2018-03-20
34ca4adf4033386240f7ac16f25b14c1,0f2091dc4350fae3b3ce7b81a55c86b1,delivered,2017-11-28 21:19:11,2017-11-28 21:36:37,2017-11-29 18:37:07,2017-11-30 22:31:59,2017-12-12,dc48b0a1b0e6abb6586f322c189f6b93,2017-11-28
52a547866cd2082c600fb72eced19331,0bf644fc54b89e3ba5b32c2b9e618de6,delivered,2018-05-16 15:02:31,2018-05-16 15:19:36,2018-05-16 14:29:00,2018-05-21 16:53:46,2018-06-05,9065ff1d98e9831c8b9444fa2710d313,2018-05-16
fde1f9f7f42a794aed395c97703ed5b3,42b34449473b9f9a218abf52d52751f7,delivered,2017-08-01 15:04:25,2017-08-01 15:15:23,2017-08-02 16:27:48,2017-08-09 17:54:28,2017-08-23,0ae6f1aa489855895f9e8acb6fd16b98,2017-08-01
5d85e4fe11a0d403cf1313108b0ee754,8eeafc4a2696a4673ec4e0dbdaee54d1,delivered,2017-12-25 12:05:50,2017-12-27 04:07:30,2018-01-03 18:33:50,2018-01-10 16:44:06,2018-01-15,ab8c7824cc25f01781ec481060768576,2017-12-25
92d132b6237a2bb7de6b7eac0f203773,78634da98b79b4c53d247cf3afa889c5,delivered,2017-07-29 13:22:44,2017-08-01 11:25:16,2017-08-03 19:45:35,2017-08-05 14:42:40,2017-08-14,7ec163471da7520f672fef86422f42d5,2017-07-29
2a3a8593aad8c5ddedc827304dfedbab,9175f906b8ad6c804df1837458e0da1c,delivered,2017-07-19 19:43:14,2017-07-19 20:03:10,2017-07-20 18:25:39,2017-07-21 20:27:25,2017-08-01,008778a1591d49f6b2464dffaa4fa662,2017-07-19
069ba523744cdda8bdd148d748540487,49f17fca0708821d89d63803a5a2f954,delivered,2017-06-11 19:53:34,2017-06-11 20:10:11,2017-06-12 14:04:21,2017-06-19 19:22:41,2017-07-21,bc810aa449315aac3ade3e6fb89dfda7,2017-06-11
e04c11c5ac536f27f78b55aa30441f62,890452f55598c5ac58e2c80ddc815521,delivered,2018-03-30 14:08:28,2018-04-03 05:28:24,2018-04-03 21:35:42,2018-04-06 22:21:47,2018-04-18,0f8aacfe7a8eddbc20a82fbf9909c4e0,2018-03-30
92a507a7a3a1fa4b94cdeb6699913e0d,abbf9da820977da7a8e301a49d2fae98,delivered,2018-05-08 21:30:40,2018-05-09 02:54:10,2018-05-09 16:32:00,2018-05-14 12:43:33,2018-05-28,1bc8377a0e9d7dd8efa927e4ce2f2296,2018-05-08
73dc3e4baa93bb0d493ffa7a8d1ffad3,e5d1ab1c3818782836ea04640e49ce0d,delivered,2017-06-01 18:05:01,2017-06-03 02:25:33,2017-06-05 13:21:46,2017-06-12 10:57:34,2017-07-05,77f5b57b1fd3c29e01928da52eec9688,2017-06-01
32c618cf9e5152197af878badcd117cc,f4d7ceb33f4d29c6d2550c6f4d3e3f3c,delivered,2018-07-12 00:11:40,2018-07-12 00:26:06,2018-07-14 09:03:00,2018-07-24 18:58:24,2018-08-06,b761938e583e5c76f5fe1b9d59a146e9,2018-07-12
cb5e3bc1eaa293a7b2f0d73d90eda3cc,8554e010542e6c6e1764aa22d5d5b3b6,delivered,2018-06-16 21:16:56,2018-06-16 21:36:58,2018-06-19 13:05:00,2018-06-22 17:40:57,2018-07-19,103d84bb2976d228f12366cdce69da76,2018-06-16
a77c21d752d5b237bed9d74c9d94bb20,3419efae8346d22881e9f6f4a8d61e17,delivered,2018-03-23 15:07:52,2018-03-23 15:28:55,2018-03-26 22:08:57,2018-03-29 17:57:48,2018-04-05,0db78b80aaf30b86bfedaa0553c28a5c,2018-03-23
6a83f35521f0a1aa4761cc22f5d9241e,0c3f1f9eb96b95c93273ec13bc77bf94,delivered,2018-01-06 19:01:42,2018-01-06 19:13:27,2018-01-08 22:52:41,2018-01-12 22:17:47,2018-01-24,c27ff509c0ac6e84ba2cba73da8c253e,2018-01-06
bf7c86cebc16ca0d9ab2d92aed45a246,63eb9f915c5b93b3b133e075be8cc12d,delivered,2017-04-09 12:12:18,2017-04-09 12:25:54,2017-04-10 12:33:14,2017-04-20 09:43:11,2017-05-16,ecc97f913c42ef6a7bbd726dfe46f69c,2017-04-09
7c6b6a9c3d77dcb56f9d216b3edbb1a9,6d85a3ac7c668a1b826400ae9879c06e,delivered,2017-02-15 09:34:07,2017-02-15 09:45:14,2017-02-15 14:18:31,2017-02-24 10:28:59,2017-03-16,db6d2022036d6a91cf7a7db2d20aab81,2017-02-15
3fe0e2ede93f661b59fb83477ac2695b,35c305ab657a51a698c1abd317c59db2,delivered,2018-07-10 18:10:30,2018-07-13 16:07:22,2018-07-12 10:45:00,2018-07-14 02:10:27,2018-07-25,cec59a9201f7222b20a58da8c2def1ab,2018-07-10
320dcf288de15e4ff06ebbfce4e42c78,02ae654741ad895368bd9ffc371893e5,delivered,2018-08-26 08:40:36,2018-08-26 08:50:10,2018-08-27 14:53:00,2018-08-30 17:38:41,2018-09-10,507f6af076decee5860e7b57d23ca4aa,2018-08-26
43cc1b49644de5e13af22777e83a7808,c02ecc12c729541a4fcce88b8f42391d,delivered,2018-02-03 13:49:34,2018-02-03 14:10:09,2018-02-06 16:51:53,2018-02-14 19:38:42,2018-03-06,63cfc61cee11cbe306bff5857d00bfe4,2018-02-03
f25cd2e8e004f00c140fe6a5da9e336a,ad246c27f1d7a8e342b64ced001e13c7,delivered,2017-03-04 15:45:01,2017-03-04 16:03:20,2017-03-06 11:10:28,2017-03-17 14:22:36,2017-03-27,a4917fd5fc415e1578d73f2e71309f55,2017-03-04
7b125fa63a2a6d7655d17e58155c0017,440e07eadc5effdb7040206e0347de7d,delivered,2018-03-26 16:08:59,2018-03-26 16:29:06,2018-03-28 00:58:33,2018-04-04 23:12:30,2018-04-12,0b6891d0dd05ec9fae446b1cd358ee1d,2018-03-26
a94dbde6685583673685c6ee9a80359e,a67e116c2eea1eb8a3e8d670bd093026,delivered,2018-05-15 14:27:05,2018-05-15 14:55:13,2018-05-21 09:45:00,2018-06-05 18:14:42,2018-06-19,a7c4e11c44ee99de84c25a053b50842e,2018-05-15
e4dedbcf41b39d53b8ac735d22ce670c,cbd56f1f7c2f1d3c0adcdddce4a4bd42,delivered,2017-10-12 09:34:58,2017-10-14 18:33:51,2017-10-20 19:58:10,2017-10-25 19:55:18,2017-10-31,c29d9bec0bfc16f539cdec270615f31c,2017-10-12
04c3f7aeb511208363bae893105bd410,dfeb892a28d77cb8432b1c0c402bfcc8,delivered,2017-07-05 13:05:53,2017-07-05 17:42:58,2017-07-13 20:44:53,2017-07-21 19:31:58,2017-07-31,dd4dea9fc10dc16658ecb15ee6ecb263,2017-07-05
1d28088d0d3f5967393dad85006377b2,a8f4082789d3e57641eb1b6a881d95a0,delivered,2017-10-04 13:20:09,2017-10-05 03:04:21,2017-10-06 21:22:42,2017-10-11 17:13:24,2017-10-23,723f64c8dc689107ec98ba5bf580efad,2017-10-04
6d60fdb8565707824a98431255d3183a,dc275c5e585b7c3a3cddef527e34fc19,delivered,2018-05-25 06:19:37,2018-05-25 07:06:30,2018-05-25 08:43:00,2018-05-29 13:28:50,2018-06-13,f55ac7a3b459035c7a6e67c863cdcf5a,2018-05-25
ed8ea0a2a84f051dc83699eb389facb1,e60baa4442cb2a2f5e3c4fbad4dc16b5,delivered,2018-07-28 13:12:52,2018-07-28 13:31:42,2018-07-30 13:52:00,2018-07-31 18:38:28,2018-08-02,81d1bc1a5a2136671396cb6fa80fb42f,2018-07-28
c6f6cbb3c845593222d5c594bb69c5fd,c19f7da4784ab55d1332e7ebf7132534,delivered,2018-08-26 13:33:43,2018-08-26 13:45:17,2018-08-27 14:06:00,2018-08-30 17:08:43,2018-09-13,39bd5891db7b87eb546edc28933505c8,2018-08-26
fcbe557f2bb4cd2409d67dec35a1e6f3,972b98e458def47c41a327df83f788bd,delivered,2017-08-21 14:19:27,2017-08-21 14:30:24,2017-08-23 20:14:04,2017-08-28 18:49:59,2017-09-13,4363723e07aecdb401d5eaa306dc5d8f,2017-08-21
cb8e4e4edadcee29ddbe43c4d2396db7,d701f7351d75e7346ed793164c4cf9cb,delivered,2018-07-31 08:45:06,2018-07-31 09:30:42,2018-07-31 14:54:00,2018-08-06 16:02:50,2018-08-20,0c09709c3cf4c08292c1ad41add80684,2018-07-31
ee0a25ec12376692fee5a7d0613f466e,544c58d4cdf2d598c7146aecaca5f86c,delivered,2017-05-23 22:21:30,2017-05-23 22:35:15,2017-05-24 13:56:51,2017-05-29 11:01:32,2017-06-19,f794020f09d4ad9b9c4292da5fa9f722,2017-05-23
1722c7033df589c35fdf704cd5a8779d,ca36659b8e9c66b7e767d492fa167e79,delivered,2017-03-17 18:04:36,2017-03-17 18:04:36,2017-03-22 06:44:33,2017-03-27 15:28:20,2017-04-12,2c9aaf63524d8830d06d2898b097b464,2017-03-17
787bfd3b90a91fda23d2e58665f5e1ac,b6989f57cde250a32b82bddef73c3c84,delivered,2018-06-21 13:48:11,2018-06-21 14:22:02,2018-06-21 14:01:00,2018-06-28 22:21:51,2018-07-20,fcae70ccdf902ad057c1a89853bf5f64,2018-06-21
946a24e6c014fe25b4af2d002c1b0594,8be9edf093070963f58d76ba9333ceca,delivered,2018-02-10 12:06:03,2018-02-15 03:47:53,2018-02-16 23:08:08,2018-02-27 19:26:51,2018-03-22,4465b2c27023b8d20e629c7e225b314d,2018-02-10
16e59b28d489ea6bc1f2f9a7057740d4,25efef823626e7fa4e74f0bc9db133d1,delivered,2018-06-10 13:54:25,2018-06-11 16:20:19,2018-06-13 13:04:00,2018-07-04 11:32:34,2018-07-12,8b1ea5b8958ebfa320d33b80215dfbc6,2018-06-10
0c73113256d69beb31380c221529f19b,33728393eaaf9ce7c3ba59d63f31c26a,delivered,2018-02-09 11:37:38,2018-02-10 11:30:28,2018-02-14 20:03:30,2018-02-16 02:36:58,2018-02-23,e2082dc2d75a5928e1368838c56e1f3c,2018-02-09
d736797e446b9c7bc072d55b49748180,bd7f6754b4afe66c8b504002385e9079,delivered,2018-04-28 11:48:26,2018-04-28 12:13:20,2018-05-03 14:03:00,2018-05-14 21:58:25,2018-05-25,71d790b151c0349e5f5b2fbb4fbe1321,2018-04-28
2e355f2c21d0eadf3b8202cb969363c7,567edfb9219ec706653d253ba2759119,delivered,2018-05-30 23:21:36,2018-05-30 23:35:23,2018-06-01 11:53:00,2018-06-07 19:16:36,2018-07-04,c67c3cb5f9782dcee15e3c49628bb35b,2018-05-30
4f155f7ed209d3dd23bd51cf0e7a4c03,0761d6eaeed45df14fb10a8f42fa1d63,delivered,2017-06-26 16:05:09,2017-06-26 16:23:24,2017-06-27 15:40:02,2017-07-03 14:57:38,2017-07-14,a20fc167c385e7ef06b93ceaa35b10b6,2017-06-26
a34ed5f2bd7e75fc794ebabd8d4f1041,647ec85c95efad786c21bc2ec967de35,delivered,2017-04-16 22:43:43,2017-04-16 22:55:14,2017-04-18 15:44:28,2017-04-24 15:16:45,2017-05-11,358e9205c1df6c01c033d87d2b953d49,2017-04-16
0d8fd53f6fe12430bce52454cc326f8e,6e598f3c0385872adbba24dab664282f,delivered,2017-12-02 11:18:55,2017-12-02 11:38:27,2017-12-13 22:05:01,2018-01-23 18:38:37,2018-01-11,006ab6f5e82340e927757563a9fbe7e4,2017-12-02
a80d60911463339180881ccd9364d98f,4bc5b288fb0dc9643111cd35867e87ca,delivered,2018-02-04 20:43:02,2018-02-04 20:56:12,2018-02-07 01:42:21,2018-02-23 21:53:43,2018-03-08,bc44427aae137aa87a14d442f2b7fdc3,2018-02-04
8b4b66868641eb5fc2bc090dc4f702f7,4785f22240da3deb7f7f1fa70664fd83,delivered,2018-08-15 12:09:22,2018-08-17 03:29:44,2018-08-22 13:47:00,2018-08-27 14:56:51,2018-09-19,8c3d5f1918f1c3f03642c376627fda5e,2018-08-15
b12c008387c613526c4560e87f3f0dbf,14f4838109a4347385f8b3e8e8aff0ce,delivered,2017-06-03 21:21:30,2017-06-03 22:00:10,2017-06-06 09:26:53,2017-06-12 12:37:47,2017-06-26,e226254ce0c6d5b7a7ef7218c9b5b518,2017-06-03
50a1538292e8bbc31cf380994d1848f3,263fb62b2a4c23ef3bd03103e04b8cae,delivered,2018-04-12 14:56:02,2018-04-12 15:35:23,2018-04-13 17:42:26,2018-04-24 22:24:47,2018-05-10,ef05f5c748c835a8dac51f247772169c,2018-04-12
6a07987ebcaf841bbb554ee257052acf,243292e3a15c617b5ea3ac0cb388c9a4,processing,2017-11-12 19:43:04,2017-11-14 03:55:25,,,2017-12-14,75160c9201f64f69e5b0a3f7cba4ce84,2017-11-12
61c52217b9686dbe5382a3affae85cfc,470ec70c00d665d4842f4b0b63ceaed7,delivered,2018-07-06 13:29:24,2018-07-06 13:51:27,2018-07-10 11:22:00,2018-07-27 21:31:26,2018-08-01,db8a216f5ae509272be55a10f3c76902,2018-07-06
80fe5b2fe4869330fabbceea5e5e7c0c,efb399989df3fa489f07cf50a7673566,delivered,2018-07-22 18:14:45,2018-07-24 08:31:42,2018-08-02 14:41:00,2018-08-10 17:14:25,2018-08-22,39618678c9395910a7d675df2b0af941,2018-07-22
83167649ca3fb63d1a7daada42232e14,03a6f3a3935165f5d26f4797ba6039bb,processing,2017-04-06 17:11:06,2017-04-07 03:10:48,,,2017-04-27,94c1c602b16a9fdfbc154ef63cfa50f9,2017-04-06
98f7b0bbb8eebba6398ec18bf1a8cf12,b88afe0826aaebcba526212089e2244e,delivered,2018-04-16 10:18:15,2018-04-16 10:32:33,2018-04-16 19:54:25,2018-04-20 20:46:46,2018-05-09,dbbda69ec0b66b2a5ba148ef8ea721b5,2018-04-16
ae9c4f04442a554b5659e9521a00c455,bf945cd9ac7c849a7aa0ff130b2b3647,delivered,2018-01-07 15:03:38,2018-01-09 07:15:48,2018-01-09 23:29:25,2018-01-29 16:58:52,2018-02-02,d1d94c88646c70f52f7082d7860ce929,2018-01-07
b360e877916b9d6b03877df56551e4dc,f376d698bdb7db52c83a8aaccf765d87,delivered,2018-07-03 12:52:33,2018-07-05 16:27:53,2018-07-03 15:44:00,2018-07-11 15:58:43,2018-08-03,7d19ebd08ad749039d0fa34250b76cee,2018-07-03
a7a43f469c0d7bdb0a23a82db125aefa,d7c95dc1ece116c14188092ead3d0951,delivered,2017-08-21 13:00:05,2017-08-21 13:15:11,2017-08-22 20:43:40,2017-08-28 19:07:55,2017-09-18,c0378e9280a6e9401f2b0fd4a288496b,2017-08-21
d00c0296f63ccdcf9062c425887095e6,4b63e580a723f5f78ecf8f0d4c81890a,delivered,2018-08-01 22:10:36,2018-08-01 22:35:17,2018-08-02 10:01:00,2018-08-07 16:42:17,2018-08-13,c11274b1c6ddc3cc5c486a2e6cde4026,2018-08-01
5f4232203a9f7cd910b49787d7f32437,c6793321bb9d2c481ce86d3bc984e110,delivered,2018-07-30 17:49:02,2018-07-30 18:30:54,2018-08-03 14:57:00,2018-08-09 19:42:50,2018-08-24,48e1a3e847b35714a75755943ac1005d,2018-07-30
306e0ad52724751e50e96b6afeed27bb,ba3c543c2b495c38f9dc47b4814c7b32,delivered,2018-05-18 00:32:00,2018-05-18 03:56:22,2018-05-18 14:57:00,2018-06-05 17:49:28,2018-06-05,1ac5dab85412d6d1e4a731ee0a19fdc2,2018-05-18
ee88361b6c2439393e5eae2c0685acbf,1d437a0b38b3fc4a4c47c0adce4a11ff,delivered,2017-12-23 16:28:54,2017-12-27 04:14:47,2017-12-28 00:32:46,2018-01-17 15:55:25,2018-01-22,fbfc2aca60d5bc9867cfbe731ab3ad40,2017-12-23
a54148130ca55b63a313eced8c392850,e98b07a762a24e72b12e0bf2617eaf4a,delivered,2018-01-07 19:50:35,2018-01-07 19:57:21,2018-01-08 19:37:18,2018-01-26 19:53:18,2018-02-09,354b654b99e81e4c2d40efda561643e0,2018-01-07
3a5b3bfc6a2277d612dbf7eb03faebb5,5b2f7a6f614c0a90e49635115575178f,delivered,2017-10-12 16:02:10,2017-10-12 16:14:12,2017-10-16 15:45:29,2017-10-19 22:18:57,2017-10-31,2c6fcd1d1e9a6b44a68c56c0818f4855,2017-10-12
a5a80d557cce18e3c7f19debbb18bd77,89a9cedbeb4ccdb9b577f727503db5b2,delivered,2018-04-12 13:54:14,2018-04-13 12:50:54,2018-04-13 21:24:34,2018-04-18 18:31:50,2018-05-17,ab3e7240e3c562902503c6c5e2f4372a,2018-04-12
acc3d4031cbd2f28ac6b5b71427a054c,4a929b369cfa8293f0a22f9a65ad4b1d,delivered,2017-01-09 21:40:42,2017-01-09 21:55:11,2017-01-11 12:23:58,2017-03-02 10:57:46,2017-02-07,d93129fd763bf7f5541e5e69dcc2830e,2017-01-09
f0134bd71e6bbd312d86f1f073d60b72,76aec02fc0fe8e71e8903834b520cf2e,delivered,2018-08-16 09:11:19,2018-08-16 09:24:12,2018-08-20 13:56:00,2018-08-23 16:38:51,2018-09-03,56929b4cf5b306902176697e4b487528,2018-08-16
cdbb4d02acee4e30dcd2797d3ed1b510,917c477d3c63db7af7578b82bb101559,delivered,2017-12-06 11:07:43,2017-12-08 08:31:37,2017-12-08 17:52:27,2017-12-13 14:22:45,2017-12-22,871ca3b66113e2831103e55c820e3472,2017-12-06
88dc98a18a69037c35842524a4b9a058,1889da9a714df2f014fe375a0aa0ac7c,delivered,2018-01-19 09:00:55,2018-01-19 09:12:38,2018-01-20 00:54:44,2018-01-29 13:58:52,2018-02-16,aea02210a2a046d12742af2aa329c82a,2018-01-19
1a7b59b9cddabc898f2cc56389b5fbc1,17f4134d647aa6ec7219495933975d6d,delivered,2018-08-02 12:05:21,2018-08-04 04:05:31,2018-08-06 16:36:00,2018-08-09 00:48:45,2018-08-09,7a40f23f1fdc4704605cc6db0d4f160b,2018-08-02
c15790c4480e97b6a152024a4f53f0f6,ee217a8abefaf7d9da9679cc6d42f242,delivered,2018-08-20 17:09:20,2018-08-20 17:29:41,2018-08-22 11:29:00,2018-08-30 19:03:50,2018-10-04,99a85972598ac28ae4f203676e133b31,2018-08-20
fb5d8b462dc9570527eff204b8a1a57b,728e136fca2819b62d610743ae2904b8,delivered,2017-04-24 13:36:48,2017-04-24 13:50:18,2017-04-27 12:35:22,2017-05-12 14:04:42,2017-05-25,0011805441c0d1b68b48002f1d005526,2017-04-24
3b0dd90f0d2dbe97dec7df09db37ca94,176dcd8d432bacd4b0048b3b370f2e8b,delivered,2018-03-24 08:50:04,2018-03-24 11:48:11,2018-03-27 19:58:36,2018-04-02 21:58:43,2018-04-17,a7d9ac6a56705e3c7e6fd345d233f472,2018-03-24
40a6bf502702fa0bfaee3ae436b554ed,12485361650f36d12adc8cee72ff41de,delivered,2018-07-31 07:58:01,2018-07-31 08:10:17,2018-08-01 07:30:00,2018-08-07 23:36:26,2018-08-30,9689908caf4de73724feed92175d867a,2018-07-31
cea25ef7695cbbf27888da010e3ddd2a,1551880a021b8cc82b9d9fc4b1991506,delivered,2018-06-29 14:24:39,2018-07-05 16:06:14,2018-07-03 13:22:00,2018-07-11 23:55:34,2018-07-25,dbe0a60cd92b806e30b1150cbf9e92e1,2018-06-29
3d87ba4f7660501adecd3a4fa95886b2,5405e2ecf4b9c107ef102d38180b238f,delivered,2018-03-03 21:49:27,2018-03-04 21:48:53,2018-03-05 19:33:32,2018-03-06 12:49:53,2018-03-15,732d307839b02bc2d3a4c26b515ea2b9,2018-03-03
b62be88e52e1a504211a9b93f83cfa78,8d49f48fdd5db39e5be43546d69a848d,delivered,2017-03-15 04:25:48,2017-03-15 04:25:48,2017-03-16 10:52:13,2017-04-05 15:20:23,2017-04-05,a679859aff4d4e1615e18ea972b9aad2,2017-03-15
9e20564752c879d871ac6c809777e4d1,92870209c9c8b251ee171e1a7362ae57,delivered,2018-01-23 14:03:06,2018-01-23 14:16:50,2018-01-24 23:58:40,2018-02-02 12:17:42,2018-03-01,f427987793d5f8ba8a928af16674820b,2018-01-23
932a4c2b008cc2ca1f639a4df8aa42d9,8a446e06026e18c1031c6782ec0664ee,delivered,2018-03-01 10:54:20,2018-03-02 02:10:47,2018-03-02 19:27:29,2018-03-09 23:28:25,2018-03-26,95fa05d3222022ab6b98ff95b57a7e2a,2018-03-01
dab61751be110f17c309fed535523372,5ee90522743d960d6a969dab82bb6a3d,delivered,2017-07-22 10:08:37,2017-07-22 10:23:18,2017-07-27 21:47:55,2017-08-01 16:38:13,2017-08-15,751ce23d1333f5f094b90bcf634c7cfb,2017-07-22
780f86cd429a9039a91710b350accdee,f925c248cba4a2c048e952e13e06f61c,delivered,2017-12-01 17:27:57,2017-12-01 17:36:27,2017-12-06 23:33:09,2017-12-20 20:32:43,2018-01-05,f2063195fdb9a77cb1fef31f3b6a346b,2017-12-01
6c3b9813e98d409d3af5da143efbd2d7,d938f73683a2702cbef83047c31c611f,delivered,2018-03-14 22:08:40,2018-03-16 03:45:35,2018-03-20 00:50:39,2018-03-23 14:52:31,2018-04-10,bb182f55e4cff6eabfc26d08354b5995,2018-03-14
b63e91fac7037a2bba4fad09acd96691,04497bfb0621c08c82b50b7aa5de95e9,delivered,2018-04-01 17:47:16,2018-04-01 18:30:12,2018-04-02 21:34:50,2018-04-18 13:41:06,2018-04-25,682e515bc08d5cd4e70322fda54dd095,2018-04-01
da01eb83df2aafd16872ab0c5f24d5b6,123840a282dd67fa5c1e262750d2c9e7,delivered,2018-07-01 09:24:46,2018-07-01 09:35:09,2018-07-03 15:07:00,2018-07-06 18:57:24,2018-07-23,bc685d5d28b24613558138fbf1ea7811,2018-07-01
95886fbb27fa9240539af22614117003,ef3da544901e9868b3e3c78075f99386,delivered,2017-05-29 10:16:10,2017-05-31 22:15:11,2017-06-02 10:19:07,2017-07-07 18:58:44,2017-06-21,27eb793afb099ccb5d1fd07f314fbf77,2017-05-29
514988a3e142461049264d74b768b365,179e92fa909f97c9d77f559cb2f2274c,delivered,2018-07-31 16:20:05,2018-07-31 17:31:07,2018-07-31 16:18:00,2018-08-06 17:31:56,2018-08-16,b631651479e5f22e0ed0939080872f53,2018-07-31
8e8f8ef29c78c7b9c98cac70dd331ce2,9e478f18132211e1d6cf2637d12cc559,delivered,2018-08-08 14:24:24,2018-08-09 08:50:25,2018-08-14 18:00:00,2018-08-21 15:32:26,2018-08-27,c8460e4251689ba205045f3ea17884a1,2018-08-08
0db56631fc192195a572fea8a9231ef4,a06ec57ed20b9fb17629a60a7c3ef14d,delivered,2018-04-20 09:14:31,2018-04-20 09:32:16,2018-04-27 11:05:00,2018-05-04 16:41:21,2018-06-04,e802e0eeb3c7e283bd309f4adfeb07d0,2018-04-20
ba75b8044f56f7a37a05faab18d7ed45,d99a2c8000e14e11c6cf41a2352a9e91,delivered,2018-06-04 21:13:45,2018-06-05 21:13:18,2018-06-09 07:38:00,2018-06-14 16:48:46,2018-07-12,08285c6499b42230cd7a9e5bd0242164,2018-06-04
fcb6580ec29d157ac00337b604e33d61,ff2f5165c3155db5bb78c26df35a565a,delivered,2018-06-29 10:26:14,2018-06-29 10:49:26,2018-07-06 08:34:00,2018-07-11 21:04:16,2018-07-18,e57a3f1a8f7470c0a4731f58a6f75011,2018-06-29
0a3ff573ad87fe549fa3ce5c3f07b2cf,2aa42c33faa0688068c11abd00378113,delivered,2018-05-05 17:02:55,2018-05-08 04:55:13,2018-05-09 19:00:00,2018-05-10 23:14:53,2018-05-22,86c107d24a2ccfc28a4cf3392491d45b,2018-05-05
950e244d8e903f36efe98966a1c4e398,7a6034b320c40ab225e1d225c7192513,delivered,2017-09-08 11:38:45,2017-09-08 11:50:16,2017-09-08 19:49:54,2017-09-18 23:32:25,2017-09-29,163319de65bcf700fff42119025c0dfc,2017-09-08
0edefae02733735c88d242ce6b781802,d3ab89d9a1a9f356e6da0f519d0bf68e,delivered,2018-05-26 09:29:26,2018-05-26 09:50:01,2018-05-28 14:08:00,2018-06-06 20:46:44,2018-06-28,213b36024bb0b8261de0ffbd652ebc34,2018-05-26
8250f4901ec804e830f26ef6fc285138,34c77e04dfcf650b34a877d30b89bbf5,delivered,2018-05-22 22:37:09,2018-05-22 22:56:09,2018-05-24 13:29:00,2018-05-25 20:51:38,2018-05-30,fdccf003e59df7b490f1e4f363d94acf,2018-05-22
d1bae3aba9294d4d0cb1141637b50f07,e1beff196f6fd3f593afac2bc3131e4b,delivered,2017-11-20 17:58:06,2017-11-20 18:30:46,2017-11-21 13:08:40,2017-11-25 19:26:37,2017-12-14,c717b0e218c76b4b99aebfde50893a02,2017-11-20
f99981d9ac419b6da3ddfe6084646198,56c14b45de87e6d3841eff95c7377526,delivered,2018-04-08 08:59:35,2018-04-08 09:10:14,2018-04-10 22:28:23,2018-04-13 23:12:06,2018-05-03,f1bee02ceae8a430506b798786f766b4,2018-04-08
79e5ae80172f5697f2402439382f2d77,714e71bea93777c3bc2580bcacbf68f6,delivered,2017-08-08 10:24:11,2017-08-08 10:43:28,2017-08-09 19:18:20,2017-08-16 19:42:24,2017-09-05,af02f43afe4b521bb25d72a0872afeca,2017-08-08
21253df3d4ac1cbd029b0d1961dc6a23,fa93ec129d3c3932303fa2d2eeaac5e8,delivered,2018-02-11 17:15:18,2018-02-11 17:30:20,2018-02-16 23:08:01,2018-02-26 20:23:42,2018-03-28,0e4aa0b4db7ff3a2b1e696d8556fe0fc,2018-02-11
39147bdfd750c2d950429efe16ea6cf7,8816abf17cade9ba97f2b8561a238144,delivered,2018-05-19 19:44:07,2018-05-19 21:31:31,2018-05-21 15:56:00,2018-06-06 19:52:31,2018-06-21,460ee895c59eeeecd5ba9795752e59cd,2018-05-19
b7d6b37701289908bb8ae3a30fca73bb,f0605edc06e3b81fd28b0845801f6a8f,delivered,2017-05-28 11:05:59,2017-05-28 11:15:11,2017-05-29 15:31:29,2017-05-30 18:48:58,2017-06-09,9c28a565adee8c7bc1852b1278fb18c4,2017-05-28
371a5e62da258e95c3cf015f28350f06,8941b349c86c4d2d9bc5487da97276ef,delivered,2018-05-14 21:38:36,2018-05-14 21:57:48,2018-05-23 15:35:00,2018-06-01 19:30:59,2018-05-25,8efcf8d46a42df3522551b16380846fd,2018-05-14
3023efa2840e41b0609d1879b171cba7,cad1f9ec70f4fe10afa85f584ec62d37,delivered,2018-05-09 16:35:05,2018-05-09 16:57:48,2018-05-11 13:22:00,2018-05-15 19:18:48,2018-06-08,34797923acc0e38289e16cbd95fd4ff4,2018-05-09
b785bd1c8dbca76dbe516771af60c2f0,66b8ddcdb9e076dbe9500e2dafcecdc2,delivered,2017-11-29 18:09:55,2017-11-29 18:31:00,2017-11-30 22:42:06,2017-12-18 18:59:57,2017-12-19,6cd0edc5e4e962a81241f455667c8104,2017-11-29
aff32bb12b83b30724cae766b0270c64,b449a237ced28dd8fc749aef0d4d4037,delivered,2018-08-24 11:43:17,2018-08-24 11:55:18,2018-08-24 14:11:00,2018-08-27 18:26:31,2018-08-30,4d386f0c8f4ca6760283647577ac8c6a,2018-08-24
3a10bf307a2af842e384180678f26104,7a1cc938efd5640156e90dd7970b33a1,delivered,2018-04-22 07:59:02,2018-04-24 17:16:37,2018-04-24 19:19:14,2018-04-27 21:05:25,2018-05-14,e0f0ddf193e7bf3be486a26d65332b75,2018-04-22
5f9e4b231676bfe9ead7e5ed49d06dfc,adbc189e955a3bf544172851c2160b1e,delivered,2017-10-18 00:51:23,2017-10-18 01:10:56,2017-10-18 19:08:29,2017-10-25 21:02:50,2017-11-22,44975ad30406e58b8c7f2a8dae4c46f8,2017-10-18
e1b9464e860178e71f17bf7a03b66aa1,21c08e8c0f9b6009b28d08cb10ba449b,delivered,2017-12-29 16:49:37,2017-12-29 16:59:24,2018-01-02 18:06:25,2018-01-19 19:52:42,2018-02-06,3cee7e0d2a01adbd2c195350268efcd1,2017-12-29
042d7868efeb34d5748cf9262016f6be,11e9a91d1c890094c148f7ed75642135,delivered,2017-08-30 14:57:25,2017-09-01 02:30:37,2017-09-01 20:42:59,2017-09-12 19:34:51,2017-09-20,52597838f6c178b19b961b068d048c71,2017-08-30
9c781d427857ca8dee49b22614eb9e39,4396492d7da56955ab6c0fc9c9fceaab,processing,2017-02-14 14:28:17,2017-02-14 14:35:24,,,2017-03-15,a4585eb1763f581eae8562642424a638,2017-02-14
346ad2942aeb4695a2e69faa2479aee7,85fc9acb99cde7cb9f1950b2927549ce,delivered,2017-07-19 16:17:11,2017-07-19 16:30:16,2017-07-20 19:13:49,2017-07-31 17:52:11,2017-08-10,5bcefc1389a1860ce29e9ea6c46d9642,2017-07-19
caa275ffe24eb1662c6e22a43e200622,30daf624a5052e782f593af96bab6f44,delivered,2017-06-09 12:20:15,2017-06-09 13:06:37,2017-06-09 16:40:37,2017-06-19 20:23:30,2017-06-30,3114c70ec2cb1c6f87827d47f3acd338,2017-06-09
51c7edabb9739b6998ee68efb7e10d31,7c03ce81a9be9cb9fa1b4d7bb13ab08c,delivered,2018-02-24 00:32:57,2018-02-27 04:31:14,2018-02-28 23:15:42,2018-03-06 00:43:03,2018-03-12,ca4df60d55f10876f3361c2a1879f11e,2018-02-24
56fe61b71a31aec95c794f860ede4ab8,33b561afb9c33eb48c37e6140e767cd6,delivered,2018-07-16 21:25:30,2018-07-16 21:40:55,2018-07-18 15:36:00,2018-07-23 19:24:50,2018-08-01,e33e2a67704c5b94a7236a3dc7cc1991,2018-07-16
5dcfdc2d68c1f6c738bbb12bedf7a6cc,2d9e44d15887f511fd4e650144a25dc7,delivered,2018-01-02 17:19:30,2018-01-02 17:31:33,2018-01-05 19:28:37,2018-01-08 16:59:30,2018-01-18,90bc6e6e28acc7d33938b97c961903a6,2018-01-02
76cd472371f3f40f4019938329d21ac7,4b41318cee19efe66831e0b01fd2fcea,delivered,2018-04-05 10:47:30,2018-04-06 03:10:38,2018-04-07 01:34:34,2018-04-11 01:32:11,2018-04-24,57d0ac34721e07d2a11502c8e44f3d72,2018-04-05
5c94707bab626971391f6a6a31ea75d2,92aa089d9af8e6dce4438b395583ae3d,delivered,2017-12-24 18:12:00,2017-12-24 18:28:45,2017-12-28 17:19:18,2018-01-04 16:44:07,2018-01-24,3e62c89cf2d6f03cba175f18600e30be,2017-12-24
b32f34114b935df368070009548b3806,a1733c884e73b2a0cfc2c7a9e4db4ea0,delivered,2017-06-19 15:17:57,2017-06-19 15:30:20,2017-06-29 15:36:02,2017-07-11 19:37:36,2017-07-25,cbfefd07455c3e3c4ec77ceecfc1af67,2017-06-19
4d8ad885a7edb3c9c24859ce54227737,e04a3d281699153ba8b1028ec74d0169,delivered,2018-05-02 23:22:04,2018-05-03 00:50:12,2018-05-04 13:44:00,2018-05-12 03:24:02,2018-05-25,ae0ef1d2e3a62b54a83dadad4db14f5d,2018-05-02
a9eb400090d9995d02a1936a6f1ed627,fe582816ac842403b06d7daff93c3997,delivered,2018-01-22 17:28:01,2018-01-22 17:37:05,2018-01-23 21:22:04,2018-01-31 22:28:39,2018-02-26,55e6a20bcac8442b97ec5d2ecdce1d94,2018-01-22
07e2767fa261c1d690924d6d3baa379f,8f061069ee6bdea1be38ac7fb3de2d1c,delivered,2018-02-23 15:44:22,2018-02-23 16:08:18,2018-02-27 22:12:30,2018-03-05 17:14:46,2018-03-15,5a8e6eb55797c7b5e267339218b77883,2018-02-23
c7b73b6c33cd593cf69c46d0dca48375,1f0937552e0338ca515778d8b1268acf,delivered,2018-05-04 17:51:51,2018-05-04 18:16:01,2018-05-07 15:25:00,2018-05-09 19:35:32,2018-05-21,0f39e9d2f0a01e82e11a73daf7a512b4,2018-05-04
7a422b767b8a7f3738b95534a89f534c,d205a7668b53d1207fb7af95c114f28b,delivered,2018-06-14 13:06:50,2018-06-14 13:20:14,2018-06-19 15:25:00,2018-06-26 23:48:25,2018-07-13,3d7f8688d8a626e202baa1c149d4c2ca,2018-06-14
1d84debdc004d1f2394513ff9ebc7aa8,ca118846503b75b80967e975b535e4c0,delivered,2018-04-23 13:12:38,2018-04-24 17:56:40,2018-04-24 22:54:20,2018-05-02 22:51:46,2018-05-21,34861537b9ad182aca3c1a2ab1c5ec59,2018-04-23
fd9354a828aa2f49db34f6a1ec002aac,c89e1a69a9e065fefa96df80fc49c666,delivered,2017-11-09 22:29:42,2017-11-09 22:46:50,2017-11-11 00:37:38,2017-11-21 22:19:01,2017-11-30,7bf4041392a9345bb8e2ed4365c13914,2017-11-09
4f183da167de562d253b5bb596f17516,d6432abaa147482576f7efa196cb47db,delivered,2018-01-14 21:11:13,2018-01-14 21:18:21,2018-01-17 18:46:11,2018-01-18 14:54:50,2018-01-31,e741604c468509cab635806118e2a80f,2018-01-14
03c14c8290a74e1b205057282a26c63c,be19dc32fdd2380731782b48abe63211,delivered,2018-01-24 16:00:25,2018-01-25 02:58:47,2018-02-14 11:55:00,2018-02-16 03:07:43,2018-03-01,dce7181d2163e844624d28ec6bbef0b2,2018-01-24
19475e4f70007f7a726004e6c6f87cb7,fb0e90cefa6143ef5234ba910b193194,delivered,2018-08-16 19:27:59,2018-08-16 19:49:31,2018-08-20 15:57:00,2018-08-23 21:22:49,2018-08-30,9ad4e831d6e44322c9110d32feab5f35,2018-08-16
f1da12bb1c455443de52016c3b68e1cf,a9e1f7800d6912c041c1824f7947176a,delivered,2017-08-31 16:26:00,2017-08-31 16:35:11,2017-09-01 21:55:33,2017-09-11 21:14:21,2017-09-29,5c3f5a014b7e645dae89046db2439c7b,2017-08-31
559dd36353b3c469b5115f4832333032,7d1f510b59f54644ca1277a2d87473bb,delivered,2018-06-10 17:58:30,2018-06-12 04:57:07,2018-06-14 14:18:00,2018-06-20 18:15:52,2018-06-25,1c6623063e76a3c98670fa037312896b,2018-06-10
fffcd46ef2263f404302a634eb57f7eb,84c5d4fbaf120aae381fad077416eaa0,delivered,2018-07-14 10:26:46,2018-07-17 04:31:48,2018-07-17 08:05:00,2018-07-23 20:31:55,2018-08-01,0da9fe112eae0c74d3ba1fe16de0988b,2018-07-14
24d3148ec0762872918b6c2805afac45,aa52a4e93942568d204f25e5d3180d4e,delivered,2017-05-30 16:24:53,2017-05-30 16:43:22,2017-05-31 10:32:50,2017-06-07 13:53:10,2017-06-12,36d0c51cc6a671853274e69f1929cd0d,2017-05-30
e8b733ef6cfc7789f508ec9457122f42,701df2059403903cd511a0693e0138e1,delivered,2017-10-17 23:32:50,2017-10-17 23:49:33,2017-10-23 14:46:53,2017-11-03 19:10:19,2017-11-07,4ced1b9f8668a9792e5484da6d97b229,2017-10-17
be8f81fbf4bdf643e1f5548aa269bbef,167510ce303457c530c3766d431b9e35,delivered,2018-05-01 16:33:52,2018-05-01 16:55:26,2018-05-02 19:01:00,2018-05-03 22:36:32,2018-05-10,a133f658a4d462264b8d4d8cbb282393,2018-05-01
d06632a45bfed8725d59741e45820839,2e845e9a6ddbbaad0133e952fdc8ef2c,delivered,2018-05-18 15:27:15,2018-05-18 15:55:29,2018-05-22 07:07:00,2018-05-25 12:42:28,2018-06-05,4a64e946d6867537f422531feec7d966,2018-05-18
df7133582058755527a65a8395403d26,4e381215852121bf10c90157175d7ce8,delivered,2018-08-03 22:25:31,2018-08-03 22:44:09,2018-08-06 15:25:00,2018-08-07 14:21:51,2018-08-08,188347c7425484ea7458af502e62ac33,2018-08-03
f67a6c7e93104eaaf03516fbccffc711,1e668e04c39d29cce6958efd37f2d56f,delivered,2017-05-23 18:30:32,2017-05-23 18:43:01,2017-05-25 09:06:34,2017-05-30 10:47:39,2017-06-05,951646fecdd2dbc03a3d11cf0f676347,2017-05-23
40f00a10bbc6a312ff95f899d72817d1,e410246ce491cc1e9594cdbfcf92d1fe,delivered,2017-02-24 00:47:02,2017-02-24 01:05:40,2017-02-24 12:07:22,2017-03-11 09:58:49,2017-03-21,3f0c4ab1e2c722ecff46dd8a91099944,2017-02-24
d573a47c29466bb2e4e46aef0ff04f23,d5efb94fdd7fe8e0ba70c7580088acae,delivered,2017-02-03 01:06:06,2017-02-03 01:15:11,2017-02-06 15:04:37,2017-05-05 00:09:56,2017-03-28,aaf7ed8313a90b1735dd28ab46546b30,2017-02-03
a67fbbbf7ef00baa90a44ab097b61e29,877bb7b491518f3bd6f821bf1791b2fc,delivered,2018-08-06 15:56:13,2018-08-06 16:10:20,2018-08-13 14:16:00,2018-08-16 17:39:44,2018-08-17,561c55720d6ad810863839fea8f32329,2018-08-06
b034b38968b7bc21648e36e05d2eb09f,38248f5e3248ffe52b20c510522b04f5,delivered,2017-08-27 16:14:04,2017-08-27 16:25:17,2017-08-29 18:16:57,2017-08-30 18:22:53,2017-09-08,376c9c37aea85ca26315dfe54b3e4c93,2017-08-27
23fb39a2fa2ef8d8c4f2ce865c2dfae2,875c18043fe95f680dc49e0208734bc6,delivered,2018-04-30 14:38:26,2018-04-30 14:55:20,2018-05-03 09:05:00,2018-05-07 23:18:33,2018-05-22,23302f675d6d188a3f0042938e2069e2,2018-04-30
20bfd4b6f0ed6f72f3d3f9a2eca472cd,82430ca6e6cd0983e8886b493cab1210,delivered,2018-01-26 09:42:41,2018-01-26 09:53:05,2018-01-26 18:09:09,2018-02-05 20:36:46,2018-02-22,41a235c74d3d78123b8564f63ab50f3a,2018-01-26
79c05a5c6f400fdbdc0de8fdf288f22a,68605f0c6c6811b45cf553519196dd25,delivered,2017-08-20 19:04:28,2017-08-20 19:24:38,2017-08-22 21:53:42,2017-09-18 19:47:52,2017-09-21,4ceb1c0f041a331209154a49b7c2c940,2017-08-20
7a3b1ac379d3a8db0d2a257e0148d133,49ecdcbf6991febdfabd4d0e59964d09,delivered,2017-04-16 18:34:40,2017-04-18 04:32:18,2017-04-19 13:50:06,2017-04-27 14:38:58,2017-05-22,1164858a7a3944bcaf5d110a214081ea,2017-04-16
0930c651c82aaf68df7e69eed1816170,c6e095c02c127a9a70519bafb092be5c,delivered,2018-02-28 19:20:10,2018-02-28 19:30:27,2018-03-02 21:56:56,2018-03-05 21:39:05,2018-03-13,114f0b19eb9bbac33eff4d0f04e6b113,2018-02-28
1cb796218c383fc54a6a4541420201d8,42bc73dba3fba40b50d647a428d1089f,delivered,2017-01-23 16:38:09,2017-01-24 16:45:15,2017-01-28 08:03:35,2017-01-31 07:14:40,2017-03-01,02251550f4d16aca44ce66e4263c0522,2017-01-23
d80272e7d2cde76157c01c03b3deebcc,7a4f3a868af0521a7f527d78f5fa2390,delivered,2018-07-12 11:03:45,2018-07-12 11:15:20,2018-07-13 14:17:00,2018-07-14 13:30:57,2018-07-20,e75f73e5b255db0d9f83439240e7c49d,2018-07-12
5c2989919c369ef67197ecb7a2e4c4ba,fc77094fc15296718fabc473947c93d3,delivered,2017-08-13 13:20:11,2017-08-16 08:24:55,2017-08-16 18:36:46,2017-09-04 10:34:09,2017-09-05,f9125f220d7a199d2793e9557375e5a4,2017-08-13
8d282c2ddced263b2c6ddf398e3fb6dc,90d738bbfc25e6d6f2a4a8e8eac14ec9,delivered,2018-01-04 17:54:40,2018-01-04 18:07:48,2018-01-05 19:15:16,2018-01-15 16:38:56,2018-02-05,83745739eb78c2ecf6a0598c5634367e,2018-01-04
6bb6e95feeb71b908320267ca30d6bcb,cb67d30fd05843c145ebfa22c1bfe3fe,delivered,2018-02-05 14:02:26,2018-02-05 14:15:31,2018-02-07 17:43:22,2018-02-27 01:26:48,2018-03-09,7a706c9b90e36b7cf7706e439d0435e8,2018-02-05
b30fb34686fab6a41f51d78d944b6f41,ec9e7950585c76612d342df2e70dab9c,delivered,2018-02-24 13:02:45,2018-02-24 13:31:07,2018-02-28 18:47:00,2018-03-01 21:27:05,2018-03-19,89ce5eebcf7aca54e51284c59724a1e2,2018-02-24
9bb6a265f3bbeee30eefc244d21ae1d3,b8c87b84c9734273f3a1db3e61ef3ede,delivered,2017-07-29 09:01:31,2017-07-29 09:15:12,2017-08-03 17:55:06,2017-08-08 19:48:02,2017-08-29,5e0b5a6c58597a3a1377a75ab7f268e5,2017-07-29
1462d8a9d63e2c6a9787a923dcf3f7c6,bd6b1b234d42b8a97ccbf2ad0eb46e5b,delivered,2018-01-13 19:58:20,2018-01-13 20:09:34,2018-01-17 17:09:06,2018-01-23 19:09:35,2018-02-01,6f0c3539c433898c46084032a116301a,2018-01-13
d6c757b6e40610f380a0b29c11c2fd9f,96f2c486ccd8f41017a473cc951cc540,delivered,2018-01-16 09:33:21,2018-01-16 09:49:43,2018-01-16 20:03:41,2018-01-29 13:59:36,2018-02-08,692bad1ed1adef5e14d5985d4e6532de,2018-01-16
4bb910ec56715c3ecf032012fa3f8bbf,f9e6de662e2e839154775a325e9a254a,delivered,2018-01-31 17:47:31,2018-01-31 17:55:25,2018-02-02 01:44:00,2018-02-07 21:42:58,2018-03-01,fc85033561b538d0ca602c8e44017722,2018-01-31
3cf2ae4128b7627b6d9dacd45887cba7,0019c9aaad15b043c48f0a1180f22ce8,delivered,2018-03-06 00:26:58,2018-03-06 01:30:25,2018-03-06 18:37:48,2018-03-08 22:52:41,2018-03-16,4662682dade3cc1bfa04996c5225a849,2018-03-06
a947b36a514277825c11ad6c9bdf4b47,0e18570c0046b7b3686ce9a4164ae121,delivered,2017-06-14 18:14:55,2017-06-15 03:10:30,2017-06-21 18:12:42,2017-06-22 13:10:29,2017-06-28,7cbf84875196ee1d04dc880ebbfaa7ef,2017-06-14
6aa1b68888b0cf160c7072009c46ea24,c1e297d0f9c9a661bb83e5d692a66555,delivered,2017-12-01 14:35:06,2017-12-01 14:49:35,2017-12-01 23:22:14,2017-12-04 23:43:09,2017-12-19,0895c61a77b305efdfad13596c749c60,2017-12-01
d471fa0b4a2b653efa429a9caf70695c,421050860d28ef97f7a64fee1fd92471,delivered,2018-01-10 08:30:55,2018-01-10 10:31:41,2018-01-10 17:16:55,2018-01-23 17:07:11,2018-02-07,3ba9311ac4e8e2ba7ae4929a8b3cf9df,2018-01-10
ae579b8fbd291ba511e1f6fa5109d2f0,0ec177ccd4e189f07a265e98ee1abe0f,delivered,2018-01-06 15:53:53,2018-01-06 16:06:52,2018-01-08 18:10:24,2018-01-10 23:07:23,2018-01-31,b5401f2afb1b5c21497b191e471e43c9,2018-01-06
03d3db2eb72705d4b4dd30987cf610f8,670ec71eb17d748055f9fa2a0d111979,delivered,2018-04-09 22:18:02,2018-04-10 00:15:47,2018-04-11 22:09:40,2018-04-24 12:13:37,2018-05-07,64f153180018c78a3d75afacb057b284,2018-04-09
df408c5fd9ac041cb84e393a6ff9e75c,501da9e5d17a0a47149b7c9c6fcfe392,delivered,2018-01-19 23:04:51,2018-01-23 03:37:39,2018-02-07 16:47:49,2018-02-22 16:21:58,2018-03-28,11ddbd9781791a2189f37255546aaf95,2018-01-19
43b1a006a45825d17b170589b587f07c,e503bd071c6ab197513b320c4bdf5247,delivered,2018-07-28 21:47:05,2018-07-28 21:55:17,2018-08-01 13:21:00,2018-08-02 18:28:28,2018-08-03,12602d1809f16c64dc2bd219faf85140,2018-07-28
4df270f9f4c835c878f4aa5a2239216b,3690f0b9db1e13d5d4052971317426f3,delivered,2017-07-28 10:57:40,2017-07-29 02:25:56,2017-08-01 22:37:35,2017-08-15 16:46:22,2017-08-29,c901e09eef8f493d0667da6902fd5558,2017-07-28
eedf5956f97dac89154e3dcf9775e23a,cff340f8a8a36080e75e9c07c1057750,delivered,2017-06-17 15:46:57,2017-06-17 15:55:15,2017-06-19 20:56:31,2017-06-23 12:39:30,2017-07-07,2dd5a49b95790fb0f14e49a675906cd6,2017-06-17
c5175c4c2568fd199b71d9c2fbcafbf0,f2cb2c39dd256d43335ad9c4e0a088fe,delivered,2017-04-04 19:05:23,2017-04-05 02:35:14,2017-04-05 16:20:04,2017-04-12 11:08:20,2017-04-27,959957b04abdb0acd726e8f0e700a899,2017-04-04
093b4a025c91a570d1f3b60d428b60a0,b3327f513a96d213bb42f1aa16ee4d31,delivered,2018-02-26 14:57:42,2018-02-26 15:15:32,2018-03-07 23:18:59,2018-04-17 23:38:31,2018-03-16,1b270bd97f6e1d9af2d5d06f0d4a80e8,2018-02-26
d5369a7117efa440cea9df1c1c18362f,e507174b1d5e80a5dc66f2115ab55160,delivered,2017-10-17 16:11:34,2017-10-18 03:06:18,2017-10-18 18:19:59,2017-10-23 20:31:56,2017-11-10,212633812c4d7a52b5e6c2df731b6a5b,2017-10-17
b68dcf49a2ac5d629f24860c2959c6ab,0178cbf093400335e3d8fd88851e6bf1,delivered,2018-08-07 20:18:05,2018-08-09 03:55:24,2018-08-10 15:25:00,2018-08-16 19:03:58,2018-08-27,a52fecbb34bbba7fb780daa728e83204,2018-08-07
c333fbd06019caef9160f4b7ab8547d1,536f056456905b1e94b1fdb6f1fcc0f8,delivered,2017-06-16 21:49:19,2017-06-20 11:05:48,2017-06-22 13:12:25,2017-06-28 14:32:07,2017-07-17,92fc4892f11581ee802e8e2fa4296433,2017-06-16
c64c5f793e7b69138252d7c2fb45a3cb,eba08c6c5c4434c829e3c14613faff54,delivered,2018-04-26 18:45:55,2018-04-26 19:11:28,2018-04-27 14:46:00,2018-05-09 13:46:53,2018-05-22,1aadd26be7257412edbc255278fee64f,2018-04-26
0354fc44bfc5b7a6d382427c6046f5e1,c055020629cdb9a9bb8b46ac9eb7b1b8,delivered,2018-01-27 09:26:54,2018-01-27 09:34:23,2018-01-29 15:29:10,2018-02-21 13:29:15,2018-02-21,69ce6940c8709fa47a62bb1d74e5ae28,2018-01-27
c80cc9af6bd1c32747e2f79bc4ad031e,f9587fa6065768be96b7267f865a407c,canceled,2018-06-23 17:34:33,2018-06-23 17:55:45,,,2018-07-05,27781ef154ebe459c3aa7c77b45e2529,2018-06-23
2d4795e6f5375a02fac5626d3b94d407,89b021b2bfef7cdb5b7ae69addca0ec0,delivered,2017-11-25 12:27:17,2017-11-25 12:34:23,2017-11-27 20:34:46,2017-12-03 10:52:35,2017-12-26,a47e60ea2d887b551dd43be061f1bb07,2017-11-25
a6ba138c34e43a8e0613646f065fcf57,6291998ada5150f88acffb25e928ec57,delivered,2018-01-17 14:18:08,2018-01-17 14:30:05,2018-01-19 10:54:52,2018-01-22 21:51:36,2018-02-01,198476e6d4b537f6fc71e4f3adaa52d1,2018-01-17
470d06109882a6e13eccc99f24dce797,ca396e0addf79314ba98d3b71e7b38e8,delivered,2018-02-10 11:17:23,2018-02-16 07:55:44,2018-02-16 17:28:31,2018-02-26 13:58:32,2018-03-12,ae96f701e06ef9eccded6b629b00500c,2018-02-10
6d481d5204319959780a50031fedfb48,9c703a0e38ff9046314a1bff0c9cdd99,delivered,2018-03-02 22:13:53,2018-03-02 22:30:46,2018-03-09 00:46:31,2018-03-09 16:50:39,2018-03-14,b028293bc341508d395f3bc3b19ca914,2018-03-02
5615daf9549b14da3330183be93a47ba,d0bf65b9dcccd4b7872f8d131ab38c33,delivered,2018-02-13 16:44:00,2018-02-13 16:55:48,2018-02-14 18:14:16,2018-02-20 18:19:19,2018-03-09,d2ec4071a740c1b568c4decbdc6a54a6,2018-02-13
86501b9ee48e914f406cd33ddf6f77fb,824422e62602d2ed7c09adc7c877fa70,delivered,2018-05-26 15:20:04,2018-05-26 15:38:16,2018-05-29 08:26:00,2018-06-01 23:28:43,2018-07-03,c1f1283dda194fb643263dd9a9a73b50,2018-05-26
e0dfe8c4850a7ad0b8e41d3a4290ce49,586d84014545f6dcb510fff40fbf7e35,delivered,2017-05-02 17:24:57,2017-05-03 14:50:19,2017-05-04 12:05:30,2017-05-11 13:51:55,2017-05-29,4bdd2c681061bc68670ddcb3c2c3d754,2017-05-02
725eca9f9dda0b6d31796735ae596bb7,d6f95b3738c4ebaed63887e69825ae92,delivered,2018-01-13 20:16:04,2018-01-13 20:29:26,2018-01-18 15:49:09,2018-01-22 18:25:09,2018-02-05,bd7d88dec7e9cce42ae70631cd7b25ee,2018-01-13
c4dd811604d334a79810fd0387740e09,b546ec7b6ff311b43fd72d1cd665dc68,delivered,2018-01-13 17:29:43,2018-01-13 17:39:23,2018-01-15 17:49:11,2018-01-17 16:14:33,2018-01-30,bfdeb4323b60dd883932f1cd4f71a582,2018-01-13
e7171879cabb5e67b8df36332795315b,257ff24d22f126adcedba98db34c483e,delivered,2017-08-04 13:47:45,2017-08-04 14:03:50,2017-08-11 21:16:08,2017-08-16 19:25:40,2017-08-28,97d4a269c33335466594488e4af95afe,2017-08-04
0869a3c8a1dd07c13e4847627fcc704f,ffa36f901675ec7bb972fc9c0d773d1f,delivered,2017-11-24 16:09:01,2017-11-24 20:13:28,2017-11-27 19:41:47,2017-12-11 15:34:28,2017-12-19,8ea8f6e19845f2bb756661f582137111,2017-11-24
5204d67853f827d1ee32810bf8f2d6c2,3dc7eb6da6c008460353d9a171e8fe6d,delivered,2016-10-04 17:25:09,2016-10-06 15:45:42,2016-10-10 15:45:44,2016-10-13 15:45:44,2016-11-28,af46f006f8c0e0d06975480af3805422,2016-10-04
d374e958c5246d608c3baeca9ddccb16,c187f9ccfe83b8d98c81b403211cf8c2,delivered,2017-08-12 21:48:34,2017-08-12 22:03:54,2017-08-14 21:15:08,2017-08-21 16:14:06,2017-09-14,f161a28ceaa6d0cddc2f23bef93521f6,2017-08-12
7900ff338051fc207475b59ae5465060,6b8b4a6e41b8917b1d46ab80502aaaa6,delivered,2017-08-29 15:19:22,2017-08-29 15:35:30,2017-08-30 20:47:41,2017-09-05 22:03:45,2017-09-22,436407eaa91c84bd7aa8ed16a9e5be9b,2017-08-29
28ac52cca188141d6fb38c1e8bee7e1c,349831a25e77f136daa5f6363e8ed5df,delivered,2017-07-23 19:39:22,2017-07-23 19:55:16,2017-07-24 19:06:38,2017-08-07 19:55:18,2017-08-21,7c900ea30f36191d4d2016c82c65f708,2017-07-23
07dcf38560b8c50e101b3281edda6112,8aaad69c0f33504ee7c6bad3ae9e20a6,delivered,2017-10-03 15:04:22,2017-10-04 02:49:20,2017-10-04 19:16:54,2017-10-06 20:12:43,2017-10-25,e7b917f42818ddf2ff52d21a2270ca76,2017-10-03
b8996dc39f7c327bc92c7f8bb85dbe21,5557c462176e16e10d356c86dfad9146,delivered,2018-02-24 09:37:53,2018-02-24 09:55:34,2018-02-27 17:38:54,2018-03-06 21:57:20,2018-03-21,75985e792b00342ce88a34f7b8a08fed,2018-02-24
c1e3705ddd242ae29dca5c5d3367cdda,39d1b3f6e70944054f15906756f6f6c9,delivered,2017-11-26 21:47:48,2017-11-28 21:51:27,2017-12-01 22:07:06,2017-12-14 18:36:02,2017-12-22,1deeb2af44be649d0a8d3660bc7afb8b,2017-11-26
c15b6194f063aa18a0fd47136445c6ec,39794761aa663d624636cdc242f1950f,delivered,2018-05-11 14:27:42,2018-05-11 14:58:05,2018-05-14 14:10:00,2018-05-21 16:22:24,2018-06-01,057583d44728a47f6f223414b7e6cc83,2018-05-11
5a91e5de577ae1b3aa3c3cefe7181bc5,3c8296a5e7b1a8640f6e31bcfff5f41c,delivered,2017-11-13 21:36:43,2017-11-13 21:50:22,2017-11-23 22:13:46,2017-11-24 16:05:53,2017-11-27,38598d0fbae20a6cef60618ad21ec232,2017-11-13
26ba0c1bad97bbfdcc4419e3ca40d9a8,0b0021fc48717a02bcbd22404ed2f1f3,delivered,2017-01-31 20:17:34,2017-01-31 20:35:55,2017-02-02 10:18:59,2017-02-07 08:33:38,2017-02-27,688f41aa35d278c66448d8c443304f51,2017-01-31
182c7c260aa89ec58595803372f60d1a,e29730c885561e3856928e2a8ed485a6,delivered,2017-11-03 21:21:10,2017-11-03 21:35:23,2017-11-10 18:54:38,2017-11-23 00:31:43,2017-11-23,5e3e9e897d07a80fc2af58088a84812a,2017-11-03
e0e918bb13679f116c452a05b47151e9,d5879d3a1c4afa3089af92330d2ba438,delivered,2018-05-30 20:33:52,2018-05-30 20:55:34,2018-06-07 14:14:00,2018-06-11 23:08:56,2018-07-17,b9dff3be00cbb762ea3cf9bf9351e065,2018-05-30
bad80abf6bc799b1c731a90f1a761689,4bd1e2d6121560098c232dc158746e26,delivered,2018-08-02 16:32:20,2018-08-02 17:04:28,2018-08-06 14:53:00,2018-08-10 19:12:26,2018-08-15,7fd460732747aad1fe20e1049400c03d,2018-08-02
e546da8f5a68e30c67e5cdbb75a3447f,607e4ac7c659ddc86466344b63f73413,delivered,2017-08-04 16:11:22,2017-08-04 16:25:16,2017-08-07 20:21:54,2017-08-15 18:09:36,2017-08-28,bec96391fae48d625d79d1d9387d93d3,2017-08-04
ef68f7ac518a9309ceb3a3290ee123a1,a7a40a88eaee993bae094cd0d25978e4,shipped,2018-01-25 16:50:50,2018-01-25 17:13:14,2018-02-01 22:38:55,,2018-03-02,caf725364aaa8409b3156d86571f222b,2018-01-25
fc9c537fba757ca3bd69bf11f7e8cda7,957bbe2d1874d4862a7b3c2b3d80f3f7,delivered,2017-12-04 21:24:24,2017-12-05 10:30:48,2017-12-08 16:39:04,2017-12-29 20:47:10,2018-01-04,89c8a3640f26f91454d56890c470adbf,2017-12-04
98e3a00dc4ec45980ec0c6fb585edef4,dd903c92a94852dba21e825785f2a037,delivered,2018-04-11 12:51:28,2018-04-12 08:32:31,2018-04-13 21:56:53,2018-04-19 11:16:42,2018-04-27,307b9841d2ee784f96c41aa9a79dab60,2018-04-11
b6d8ffb86091833de0d17a93f919a4e8,e19fb725a29dccd777bda66e5d680bc2,delivered,2018-01-12 22:34:44,2018-01-13 04:54:47,2018-01-26 20:53:12,2018-02-22 18:28:29,2018-03-15,6b476da3c3b7ebe9ea675b2822539739,2018-01-12
17f2262c8b3797eadd32de22437bffa4,0857e520aa7eb2f1e414ae0907e994a8,delivered,2017-11-24 20:28:27,2017-11-24 23:34:37,2017-11-27 21:42:18,2017-12-17 16:29:03,2017-12-18,4dda5b46977a80031cce3a42aa96e98f,2017-11-24
7dc4ac6da71948249ca79f45c9de13b1,01726eb77399165550482a7037fb6a1d,delivered,2017-11-25 12:47:49,2017-11-25 12:56:24,2017-11-27 18:28:35,2017-12-11 22:52:28,2017-12-15,f8bf0d2eba6b6a3ddf735928f70922d6,2017-11-25
5e2df6edba813cfb4d74bdccf9d13a2b,55b7d2c43fc07222317e057078e80db1,delivered,2018-02-27 22:13:49,2018-02-28 22:08:14,2018-03-01 21:49:25,2018-03-05 21:16:40,2018-03-14,bbe406cd216d2391ed0c848f75102763,2018-02-27
656ada45a719393ba3e97d8d9e2ef750,d1be87b387dc03c20f9429e6390e6f25,delivered,2018-04-27 16:16:00,2018-04-27 16:32:45,2018-04-30 13:14:00,2018-05-16 23:21:34,2018-06-06,24f534b787ae812c2935cd802f24003a,2018-04-27
8cd72552fe9fd0c749487f44e034ea83,4966fc93776ba402263f53b2f41c7c4d,delivered,2018-03-06 17:46:12,2018-03-06 18:10:23,2018-03-07 22:16:45,2018-03-20 22:46:38,2018-04-20,7fc3dfe8d7dc3ff2c3b4ed6883dd8595,2018-03-06
07fc346abda30b632be799f5b4be2bd8,a1eef3423bc0e8339b67cb2208aa3f94,delivered,2017-07-17 14:04:47,2017-07-17 14:15:21,2017-07-26 14:21:38,2017-07-27 16:36:50,2017-08-03,6b3456281f27545556e7b915c8d19c23,2017-07-17
7494ff11ec6f65a817b90438cb03cd49,cb147aba8e26b9511a5645054b5ecb52,delivered,2017-12-08 14:21:57,2017-12-10 14:17:19,2017-12-12 16:42:45,2017-12-19 14:49:29,2017-12-27,460c23c2a127058a285280f9e44b92d6,2017-12-08
3f331b00c595c7954cd8f704b2f74056,24f8c8bdc4c0d2f09fab6429e2d10ca5,delivered,2018-06-28 18:20:30,2018-06-28 18:35:13,2018-06-29 12:55:00,2018-07-04 23:50:36,2018-07-26,779069c1936428d7f521e4c1b8f958de,2018-06-28
f6ca2b9e738276a523e65504634a762d,1c2eca232f8c616ae2c923acca50d5ed,delivered,2018-03-08 15:59:50,2018-03-08 17:00:35,2018-03-13 17:20:38,2018-03-20 03:46:37,2018-03-26,bd431f29d0d0fafcf4706ef1a0410181,2018-03-08
83d63d8a7bc56e6c8508003e1c7505f0,3464e3efe1897bd8e3e83d512b77bd23,delivered,2018-01-22 13:00:01,2018-01-23 13:01:34,2018-01-26 19:28:53,2018-02-02 20:03:34,2018-02-23,371e28475d573d69d2c02683e4132f5b,2018-01-22
64d90b334a89978bf78af244276aa415,180f2496e2634a22fba5220a7144adfa,delivered,2018-05-23 19:19:50,2018-05-23 19:37:01,2018-05-24 14:08:00,2018-06-06 17:05:58,2018-06-18,c2033db7bb6e8b762e5cde117e39f676,2018-05-23
6cca0cec5b4fc97f471ac73afc03ece8,615524b12e97c076f052c4fe166ecce2,delivered,2018-01-03 19:50:16,2018-01-03 19:58:43,2018-01-05 01:34:59,2018-01-26 21:52:36,2018-02-06,e169f767996e4dcd26af717fdfa1bf42,2018-01-03
7b1acb069ff55e773d2b0af98e1856ca,15284bd1d03bc96b99f4b60df9f651d8,delivered,2018-04-17 00:31:55,2018-04-17 00:50:16,2018-04-20 00:10:41,2018-04-24 22:44:43,2018-05-30,8ed59382bc7f2a312d62671973568c4f,2018-04-17
0f238eebf8511e286a8c3fb6330ece54,950dec801b6408c5679e84c382863481,delivered,2017-05-22 17:47:01,2017-05-22 17:55:19,2017-06-05 17:08:45,2017-06-10 10:05:43,2017-06-13,b3c45ba56e29a396943783b4a80785fc,2017-05-22
4703fef754ddf8addbed5b7935e2f868,0a30e5974eb5b071a0b36cfe55704138,shipped,2017-04-27 11:17:20,2017-04-28 11:41:53,2017-05-03 15:59:50,,2017-05-29,899e8b1252236f5fac662bb92f8d05ea,2017-04-27
7e7ce1bc81b9dfd761f11ce02aa3b5c6,73f2037bc13d4d82c9251f6425244adc,delivered,2018-03-04 15:28:54,2018-03-04 15:48:20,2018-03-05 23:28:48,2018-04-17 20:19:27,2018-04-06,9d75e3b65b801c580e8c015e175384b9,2018-03-04
ef237e5b4d945c2d685692f764555f89,1268526bf0726490d03a27535d35b390,delivered,2018-07-13 09:40:23,2018-07-14 02:45:07,2018-07-16 15:30:00,2018-07-20 19:08:39,2018-08-06,0881442e3b9a9a2e65938b30e0598eb0,2018-07-13
40e4b27fe658a1c1e627e503b29ef734,dcbb7859db42a729d4cc316eb6691974,delivered,2018-06-24 17:20:56,2018-06-24 17:35:17,2018-06-25 14:55:00,2018-06-26 16:08:48,2018-07-13,7589544c08cc5de364cad85ee73f4b63,2018-06-24
5fc9337527e54e6906760a44b78d3df9,6b35127d97d92944ea3db46690ddd4b6,delivered,2018-05-17 09:55:45,2018-05-18 05:16:26,2018-05-24 14:29:00,2018-06-07 19:12:55,2018-06-14,1b8faff3d5246020c1779ee2be7103ed,2018-05-17
3b98cf066d0d2a5121f8c95bd97816c0,b9ed1c3c7e68c101d9c4bb52fd335b35,delivered,2018-01-17 21:30:01,2018-01-19 02:37:14,2018-01-19 20:54:28,2018-02-02 23:17:14,2018-02-07,7cb9a6b438fe0a5f228bfd32ff9e1a11,2018-01-17
d4a72eff3bfdb6ff7667bef4119283e9,2200048a1b17ccf0499a93d1e17d7c57,delivered,2018-07-04 00:22:00,2018-07-05 16:24:48,2018-07-04 13:09:00,2018-07-11 19:48:05,2018-07-26,735d2f09948cabbdb942958b1f94debd,2018-07-04
9858c41d96443ebb71329d305f62302d,89b009b9871c7df3d23c56b673ddef57,delivered,2018-08-06 01:12:35,2018-08-06 01:24:20,2018-08-06 15:37:00,2018-08-14 20:57:29,2018-08-21,7aebb923329b1d8eda1290f37b56564d,2018-08-06
a58dce7bfbda8c2a9ea6744082fda9cc,88376db260cf955a98b0e64e7e4f78d1,delivered,2017-12-11 14:45:25,2017-12-11 14:57:28,2017-12-12 17:33:21,2017-12-27 21:48:05,2018-01-16,e38a9d13896946501404c6d82790728c,2017-12-11
607ee697173850d7eb749c1fc01be313,75bd6136ed4f7970c0d1ce767102fd7b,delivered,2018-03-25 08:45:38,2018-03-27 03:51:06,2018-03-28 18:33:00,2018-04-09 11:43:21,2018-04-16,73ab295c673249d521d8cb4ade92682c,2018-03-25
6f7626222f2b324b580e36eb22d8bb8e,606eff563eff430f88394911d8f868d3,delivered,2017-01-28 14:49:09,2017-01-31 04:36:18,2017-01-31 21:01:01,2017-02-06 07:12:37,2017-03-08,f46db3d98ff04f63ba4b26edba489dad,2017-01-28
417b2614e85c15a2087822cb09b09e30,14b60367330c9b23b108780addd19416,delivered,2018-02-28 12:48:31,2018-02-28 13:10:01,2018-02-28 23:52:16,2018-03-05 16:39:23,2018-03-13,9e710537bef55584ad51fda34ea24a45,2018-02-28
4723d2b5267461aedbbf2788ef629c31,ada9137aaa12f2327f1f775bd8f160c8,delivered,2018-02-25 14:15:44,2018-02-25 14:28:12,2018-02-26 21:22:08,2018-03-13 16:26:42,2018-03-20,1e9b4f7f89af6cf3db0a5a1f92241cef,2018-02-25
86dda1172108d1601101914c45b51699,c1e431000b601bb3652ed7f5be537ee3,delivered,2018-07-12 20:52:09,2018-07-13 19:45:13,2018-07-16 14:47:00,2018-07-26 20:32:11,2018-08-03,4b6572a06f6c78a9280f053a14797aa9,2018-07-12
303c3baec87996291b19d2448f79d67b,9cfd9d8a77d5b3f0ae759ac35bc464e4,delivered,2017-11-30 22:44:11,2017-12-02 02:37:24,2017-12-06 22:11:06,2017-12-27 20:10:12,2017-12-28,8689b3e15d4b16cfd05ecf597a523453,2017-11-30
043671e7714932580dc35789804ffbcc,6a4ddebfbf47946b17af9d23bca8208c,delivered,2018-01-18 17:05:20,2018-01-18 17:16:23,2018-01-19 16:49:05,2018-01-22 20:54:05,2018-02-05,b95af8a1e4210ac231669877aff22962,2018-01-18
521061459524ada27c911dfdc0059314,0c03fefc7ed9571281380ababffe4e6a,delivered,2018-07-09 18:13:38,2018-07-09 18:25:18,2018-07-11 10:23:00,2018-07-13 19:38:47,2018-07-18,1cdafb9c3a1392a00aa5710759319541,2018-07-09
89d881134bb068f04011771181b2cb86,b5c4e636b21367a011c2af4f758c8096,delivered,2017-11-21 15:40:39,2017-11-21 15:52:31,2017-11-22 21:42:32,2017-11-30 22:58:28,2017-12-08,ec6a85d8bf9c7a514c411a1287643d1d,2017-11-21
9da2b22e3f25c8310d5e5c36084a97ea,b5b5184afc7e70a0ef42d21d2897c8eb,delivered,2018-07-02 21:34:55,2018-07-02 21:50:24,2018-07-03 09:26:00,2018-07-06 18:15:29,2018-07-20,bc6514b5762cfa6194a371b54b767a32,2018-07-02
bb12d601d6de7f1b41c4d45dfea601f2,c859d02d6f88a8939a52180de122c420,delivered,2017-03-04 12:06:29,2017-03-04 12:15:25,2017-03-08 12:41:36,2017-03-10 09:03:05,2017-03-23,a9f45a59ebb97f2e0f07a66a14cf9f56,2017-03-04
1e8bd56a8a79c55409341b1c83b1e8b0,71335cf87387f20fd2819230310c6add,delivered,2017-11-24 09:29:14,2017-11-25 04:59:24,2017-11-28 18:06:54,2017-12-18 22:49:02,2018-01-02,0f06bc7e3909f7f41618ed3483f1e8a3,2017-11-24
d603daf41a69ac39e359dadcd655fd35,482f8693115d85a41ad7f88a36f265f6,delivered,2017-08-19 11:20:22,2017-08-22 04:05:15,2017-08-24 21:09:06,2017-08-25 15:58:54,2017-09-01,6c764ea9190f5bd9c7390b24840e6841,2017-08-19
6c1d204da4c5116b68d68a6292d601f1,61db999e171b586a01abd7d5ac904fb7,delivered,2017-04-18 11:54:58,2017-04-18 12:05:30,2017-04-18 13:21:45,2017-04-22 07:32:46,2017-05-09,12780b31b51f182e4791c197f23dd48f,2017-04-18
82c5cafaa9a07e68a28009b6cd031be7,edee5737d062e9274e403eff4ad67e12,delivered,2017-08-22 11:50:48,2017-08-23 17:33:33,2017-08-24 19:13:45,2017-08-31 16:09:45,2017-09-18,fe59d5878cd80080edbd29b5a0a4e1cf,2017-08-22
fbaea27eafbf4ac56866115c9096c490,b29ad9fdba379bec39155c8fb07b94e5,delivered,2018-08-01 16:19:18,2018-08-01 16:35:09,2018-08-02 14:06:00,2018-08-09 00:12:06,2018-08-23,cdd8979215540089e7b4c6e4d60dce81,2018-08-01
ece77ff7c87f439ddc4a2eb28c208ac3,d16e5fe6b27a647492b572f397b7a4d0,delivered,2018-03-07 11:25:34,2018-03-07 11:50:16,2018-03-07 23:38:57,2018-03-24 13:17:25,2018-04-03,aa2681b30cb759768b7c48b65211f88c,2018-03-07
b3b54427f53d13f6063ef7007bf7d371,887b174b639244a9b4a1fd79ce593eac,delivered,2018-06-21 08:41:07,2018-06-22 02:59:29,2018-06-22 13:26:00,2018-06-25 21:38:32,2018-07-04,8a97fa55795a6c45b2bf9661b96fd049,2018-06-21
3a47466ddf60f686bf60e6cc66ed45aa,1894bfd42e8ad783c68fc0a21c685916,delivered,2017-08-16 23:11:39,2017-08-17 01:25:04,2017-08-17 21:03:38,2017-08-21 21:59:59,2017-09-05,6862a79a2938bfda3feabe68f02e22e8,2017-08-16
e5b56ce7a1b3dd73d7425145a4319df5,4274d167515becbd8785581fe3f4c7a0,delivered,2018-04-23 03:09:54,2018-04-24 17:21:36,2018-04-26 12:34:00,2018-04-27 18:58:47,2018-05-08,f421d42956f76b6a92f28cb57c4690c7,2018-04-23
46d041b384bbdb77141815dd111b0e43,3ca7e43debc8bd63b6b3dfae174f2147,delivered,2018-08-11 21:20:06,2018-08-11 21:30:10,2018-08-13 08:31:00,2018-08-14 19:51:19,2018-08-17,7462a753a77ed093330660f7003064c7,2018-08-11
7049ca1ff975d9decf0802e3cb983e40,de6d5b2433965424935bdd44a843dc69,delivered,2018-03-19 23:03:17,2018-03-19 23:15:51,2018-03-21 19:41:49,2018-03-29 22:52:50,2018-04-05,c18a1bfb430b8cf8a4b453161384678d,2018-03-19
8f82857f5a738c96bb40a551c4c0bb40,c1afe3fd5cbd1a4e784e6f77ca2fbad6,delivered,2018-06-28 00:15:35,2018-06-28 01:11:09,2018-06-28 15:41:00,2018-07-04 22:43:38,2018-07-31,35ed93b42447b1ba7d7d49978156d5d4,2018-06-28
ddc7e0a6253bc5f668507296a8d17c85,98ee0e7037a72a373dde3cb7eb3dff5b,delivered,2017-06-05 15:00:11,2017-06-05 15:10:17,2017-06-08 11:15:30,2017-06-09 23:59:25,2017-06-19,ef2a6a46966c323b241c5d77a1920458,2017-06-05
b240d7e249b17ae4e87e7fc8023378c0,ebc513ad3aed97e53c11e0e773c10152,delivered,2018-06-03 23:08:46,2018-06-03 23:29:59,2018-06-05 12:20:00,2018-06-08 05:59:45,2018-06-28,08fb46d35bb3ab4037202c23592d1259,2018-06-03
97e63289be97b0d9bfd3fad99000f662,cccb28497c90b025d9edebd93eca48e2,delivered,2017-02-05 23:49:25,2017-02-06 01:05:35,2017-02-07 11:43:52,2017-02-20 13:07:44,2017-03-21,4de07fd84552f1674946f9529ae175c2,2017-02-05
521758adf4fa0c8f76b1488d0aebb48e,40403c2e9eafb740165e436a1949d5e4,delivered,2018-07-09 15:17:58,2018-07-09 15:35:12,2018-07-18 12:36:00,2018-07-26 14:48:40,2018-08-14,58243e7cff4dc130c687f335a40a058d,2018-07-09
fd85297a862adfe046d2d8793daa5647,6bb879b47fd62a8235d7f6334cbb4755,delivered,2017-02-23 13:59:22,2017-02-23 14:10:12,2017-02-24 08:52:09,2017-03-08 15:23:58,2017-03-24,6eab8fde2fb3ea6cf1d7eef66d74c91f,2017-02-23
8fb0ae76c2b0405cb99251c49e2b251f,8851a3c5fac2f9c3abd2fdfe879889fb,delivered,2017-11-23 02:59:21,2017-11-23 03:12:20,2017-11-23 17:28:40,2017-12-06 18:18:34,2017-12-11,a61ca7b7ca9bb3167c6d358afa7966e8,2017-11-23
3845b4e2da60560abb35635828f40b28,57b1ec1572b6fd9579082b0bda9fd30c,delivered,2018-03-10 10:59:44,2018-03-10 11:15:22,2018-03-13 19:05:05,2018-03-19 19:39:26,2018-03-28,3291358ca387c92fe6d877248b794936,2018-03-10
54f060705abd4a776a48a28f9858ca6e,7c559937ddc2dc285d511058d15dab5e,delivered,2018-06-19 23:26:12,2018-06-19 23:59:42,2018-06-20 12:40:00,2018-06-22 23:42:43,2018-06-29,aea5f1928eb4d8d8b016f6f101566984,2018-06-19
0ac83eb5438f811c9d825c0a059a0f28,2c7fd840b20f1551c8a151f86349f19a,delivered,2018-02-19 19:54:43,2018-02-21 06:10:28,2018-02-21 19:26:40,2018-03-20 17:21:47,2018-03-20,4c592d97ec529a019883285afe424187,2018-02-19
456305699578d4ca0be9fa96f39efe0d,19704fe62ad38251594fca76aecffd6a,delivered,2017-07-10 16:41:44,2017-07-11 04:15:14,2017-07-13 12:56:01,2017-07-27 21:32:40,2017-08-01,aa28a9b35d89b5e84007c3893a4ffa62,2017-07-10
5ad82a9fb12ff34f8883ccfaddf3da4f,1715df4e75c7b532c711759cac4d4148,delivered,2017-10-26 06:12:37,2017-10-27 03:07:05,2017-10-30 19:37:44,2017-10-31 19:04:41,2017-11-08,dee2286f5d6242e1b4295ee5f9e9de94,2017-10-26
b67ec52e59f354dc01f81cc0fea68f1b,9f848af937f7549ea642cea283039486,delivered,2017-06-27 15:16:34,2017-06-28 12:30:11,2017-06-29 13:27:59,2017-07-06 13:22:14,2017-07-19,7abae00801573274e96f3eddd4aac59b,2017-06-27
77ac5289e1fb34a1b4236cc77bf62866,4b2d305d5283dfc3fe60493756827c6e,delivered,2017-08-01 20:56:20,2017-08-01 22:00:16,2017-08-04 15:54:01,2017-08-10 18:56:49,2017-09-04,e3a11fc8ef6c9031128e14bb52d2d7cb,2017-08-01
952e4f8f61bc655acb5734ca68d878ca,455af77da49fdbd3a31944b47fa29267,delivered,2017-05-29 10:11:28,2017-05-29 10:25:09,2017-05-29 11:04:56,2017-06-01 16:48:00,2017-06-20,04b4f3b816ff05fcc63b8a88e1f65b63,2017-05-29
cd8232ac6e4909a74d5b0203bf13e70e,479867a42c16c68bf10119d36056d485,delivered,2018-05-02 12:20:40,2018-05-04 03:12:04,2018-05-08 14:33:00,2018-05-18 15:40:40,2018-06-07,8eec3ba32330105307cf0eaad32f3f1b,2018-05-02
500497099772fef25f1c6fe433ce0f8d,99bef1df3bc670cf9f4def0f9c371fe2,delivered,2017-05-09 22:24:03,2017-05-09 22:35:26,2017-05-17 10:44:12,2017-05-24 10:24:01,2017-05-25,da35742c46291cee09a5feea6c2d284a,2017-05-09
54249baa8f0143c895313b50999164ca,2094c493df40a2b91440dc9f91e395e5,delivered,2017-10-05 16:03:24,2017-10-05 16:14:20,2017-10-10 15:18:21,2017-10-16 23:33:50,2017-11-01,31b3e8da8546fc9ff5fb7626964360d3,2017-10-05
3cf7d2f50fc31d36d208c46a30855d22,f5b9a71412eaea204331a7c367bcd07a,delivered,2017-12-20 15:39:27,2017-12-22 02:39:28,2017-12-22 23:17:06,2018-01-03 21:13:01,2018-01-23,c83842c7be5b175dff4d68a092fb2fc2,2017-12-20
d9e98b1f6961932f22bf340d0153bbad,b7e6d605ef6d68ee56ae32f44ba064e9,delivered,2017-10-04 13:25:22,2017-10-04 13:35:21,2017-10-06 19:38:57,2017-10-17 18:10:50,2017-11-08,2ae9fca521ee3bc582571577ab33959d,2017-10-04
c38d4404acc45d16a0efea202c53271d,d280941cfae11e3a639136ab708b2c1a,delivered,2018-04-07 18:16:35,2018-04-08 18:15:21,2018-04-10 22:04:36,2018-04-11 13:48:52,2018-04-24,3924b7f68663fb6e3c29dbdc23b7014f,2018-04-07
5fb7722468335f3e0c49814fb820fff6,ef2493627ea24d23c6a4cb601f403044,delivered,2018-06-26 13:44:01,2018-06-26 13:56:18,2018-06-28 13:49:00,2018-07-03 22:08:41,2018-07-23,05f0200e2ce53f7ebdadfc9367257906,2018-06-26
35029df95fa6e0af9bdba562f4fc8fb5,0d790691b3b4bbbf5ed30d3fde7b5073,delivered,2017-04-16 22:49:24,2017-04-16 23:01:41,2017-04-17 18:25:59,2017-04-27 08:23:02,2017-05-15,ebcbefa0cdc3865ed7e77fd47d7a7bde,2017-04-16
c3a937f97910c3602c1e4cdb4b951b1e,7060be088f6226bb01433b3e2b36ad1d,delivered,2018-07-01 07:36:35,2018-07-01 07:49:55,2018-07-03 12:16:00,2018-07-10 17:11:44,2018-07-30,5d4f9e267e6955edd5915b44f7f0d422,2018-07-01
f9343125e70ddf02e5f091885f0d7920,35596f8957cb98a5db59435c2bcc5816,delivered,2018-04-12 19:49:26,2018-04-13 13:14:08,2018-04-16 20:08:44,2018-04-23 18:21:14,2018-05-04,0f8198567d28da6631c2019149dbb713,2018-04-12
d9fba4d4669d79e886681d5bfbdf9f17,7987b6603447377559edba58464a6759,delivered,2018-08-25 12:50:59,2018-08-25 13:04:34,2018-08-27 14:23:00,2018-08-30 19:18:27,2018-09-13,b7a3d98c05bfa1b94ccdad4c1736b8eb,2018-08-25
7a29d9cef76355b4b32321cc4c9e58fa,f33f9a5c45222b8094156815aab081bc,delivered,2017-03-20 12:19:19,2017-03-20 12:19:19,2017-03-24 12:24:24,2017-03-29 11:07:42,2017-04-06,4c0ebd1a76c3fd1198264e769769f66a,2017-03-20
c0c017c50d82e3833bd2e0a45b66b14c,280aa7f3ab12ed7c00216fb78fa0d065,delivered,2018-01-07 13:33:41,2018-01-07 13:47:07,2018-01-08 16:27:07,2018-01-09 17:59:17,2018-01-24,c7770d8b16c2c8d608209bd7df488678,2018-01-07
60a33bdbdd12f868ce8db165ae533c18,fc821401a1841453aef1515d55b09399,delivered,2018-07-02 18:23:17,2018-07-02 18:35:19,2018-07-04 10:03:00,2018-07-10 16:31:32,2018-07-27,72ddd7936c95e245146c86902f9a9d72,2018-07-02
f1ff6b4b59eb9cfef1cd47ad35743e93,eb316bf04a90b4dbeba933542e543476,delivered,2018-08-19 23:12:41,2018-08-20 13:49:39,2018-08-20 14:10:00,2018-08-27 23:09:31,2018-09-03,742fda6ab77445c9747d63569a795ae4,2018-08-19
03c7d8b2c13e98ae77a8167d1a8be2bf,ff5231b8a2bfe583c3ff95675d3f4c0e,delivered,2018-01-18 19:34:36,2018-01-18 19:53:13,2018-01-19 16:54:27,2018-01-22 20:35:49,2018-02-02,1bad1014607abb1ef00a39613bc6734c,2018-01-18
3decae904e0d1597367e65995c3f20b2,7ee354fee27d327cd88d09ebfd48c1c5,delivered,2017-03-09 16:43:17,2017-03-09 16:43:17,2017-03-10 10:38:06,2017-03-14 12:12:26,2017-03-29,b1c7eba683a980e054bbd1e870414446,2017-03-09
6e0cccf352909a9f784049b8e9005e82,894d3aa8af27666a91f56a3e102e8cf9,delivered,2018-06-11 11:17:47,2018-06-11 11:40:12,2018-06-13 18:58:00,2018-06-21 23:02:33,2018-06-20,d1e40668aaf15dfde916f05c8daad824,2018-06-11
28102fcf855de00539e3b6ab0920648b,89056b2877a2be69b4e9c9d7ebc3ae5d,delivered,2018-06-09 12:42:51,2018-06-09 12:58:57,2018-06-11 16:17:00,2018-06-27 15:33:37,2018-07-11,43676e9993577d1991036ea6720213de,2018-06-09
2fb597c2f772eca01b1f5c561bf6cc7b,217906bc11a32c1e470eb7e08584894b,delivered,2017-03-08 18:09:02,2017-03-08 18:09:02,2017-03-13 08:54:02,2017-09-19 14:33:17,2017-04-17,c6c0b794d3e4eb69cd85d1438a0db26e,2017-03-08
025c72e88fbf2358be05c594d4ad5091,4e766deafc3ec54aa57cb6d4d705e506,delivered,2017-03-15 21:24:27,2017-03-15 21:24:27,2017-03-16 13:54:27,2017-03-28 16:08:03,2017-04-13,3283673183a99cff1de963f7d44063e5,2017-03-15
1473b56d2b79b9044a78f3aa69469a69,c919633fca86b232fd7ccb55e4e1c299,delivered,2017-11-28 01:29:00,2017-11-28 02:26:10,2017-11-29 21:26:59,2017-12-04 16:38:54,2017-12-18,f2952370277219a495bbc66a46560c08,2017-11-28
a11cd01ac67beef7e8bf09740d8a35c1,51438ab3adcedb8f8c5b9e860f6d57f6,delivered,2017-03-10 18:29:46,2017-03-10 18:29:46,2017-03-20 14:22:06,2017-03-22 09:06:14,2017-03-29,bd4174fe2e76f6818b913f6dac96b49a,2017-03-10
06c9d7fdab61bfa60de3edd9ec99a28b,8445054b3aa0f68751e0f1ce5af349e8,delivered,2018-04-03 14:13:38,2018-04-05 02:27:47,2018-04-06 23:44:49,2018-04-14 00:26:22,2018-04-27,94374f520fa9fe75d477ecf113cae041,2018-04-03
ff2af1986f4b629f951d340d0a0f755d,6470fad7c87e2dc4edf0d527b4641c6a,delivered,2017-10-16 00:17:09,2017-10-16 00:35:20,2017-10-20 21:57:53,2017-10-31 22:53:41,2017-11-14,bbb91c432a5f4a163b777368d402a45a,2017-10-16
ef14069256aa13ccc53f945fd0aa70ff,16c9cbb7083e73d565e74dcd7278d349,delivered,2018-08-13 13:40:37,2018-08-13 13:50:23,2018-08-16 12:34:00,2018-08-21 22:08:41,2018-08-24,8d74a4db61bd2fac0908bfc45a79bd0c,2018-08-13
713ab5cfa6f7bc9064c48297201793f3,6dc10530802d3da9db8c93dda0c58371,delivered,2017-12-06 07:57:09,2017-12-06 08:16:31,2017-12-12 19:38:35,2017-12-23 14:39:46,2018-01-04,47d4b8d0b8da13dd7852ab95047236ff,2017-12-06
d7c663de1470a2d3671791d3f093991c,9d5649c260bd257ab401500072c4eb2c,delivered,2018-05-26 18:25:53,2018-05-26 18:35:12,2018-05-28 13:37:00,2018-05-30 17:42:12,2018-06-28,236d1367974cf48908ba7eca2abd3196,2018-05-26
a9de870f0ab5215e33e82eb181f7bc44,c7fabd6746cfefcfc0419147db8eeeb5,delivered,2017-10-03 21:51:02,2017-10-04 16:28:14,2017-10-05 12:33:12,2017-10-16 18:46:00,2017-11-03,8a1b2d5639bb2ce95393200afbd1ccff,2017-10-03
41be34ce9e31139caddf65c45ec3a39c,6189a73b7dc79f6210addc1fe2b742cd,shipped,2018-03-01 23:08:55,2018-03-01 23:29:48,2018-03-02 16:45:02,,2018-03-23,368ad1cd5eb8e06bb9b4cae407bb4bf2,2018-03-01
55fb38301e16de4684bb543bf4512b12,8b4cec2486696187fd2d2d5c662774fe,delivered,2017-09-14 15:42:11,2017-09-14 15:55:19,2017-09-15 17:29:56,2017-09-26 23:07:42,2017-10-05,a148ade3f3bc84f9c71ab58521221a7a,2017-09-14
bfd0c2d2890d1ef6f525a21ac63bf5e9,cd0bfb46992af3f658a01eaef07d8412,delivered,2018-06-20 13:27:43,2018-06-20 13:57:44,2018-07-16 11:12:00,2018-07-30 21:52:56,2018-08-02,1c66c32c613983e82adaeec7a9fe88e8,2018-06-20
6ef68a30425925354c7d5c7d4f664ab4,59b4f1123326b6a40784109e1b25b7ee,delivered,2017-05-22 22:17:46,2017-05-22 22:30:17,2017-05-26 13:55:37,2017-06-02 12:34:34,2017-06-20,5917c2b5dd58a629e3fcb5ee5652afe8,2017-05-22
712019d1870cae651794147ac4d25da0,0c0cff01107d9555110f6a6f0df65dd6,delivered,2018-01-06 23:01:03,2018-01-06 23:10:24,2018-01-08 22:26:16,2018-01-27 17:06:30,2018-02-07,130b2188edb1f787582e779853a02bd7,2018-01-06
e6bdeea6ac191cf9e397ab90f5db13ff,9d411d77d805b79ed58874e369a02b84,delivered,2017-06-23 13:58:26,2017-06-27 03:45:25,2017-07-14 14:38:00,2017-07-24 15:12:11,2017-08-07,7ed416889e52ee80ede3165555fe6162,2017-06-23
3fd2bc52f78d2ba4e12276c4ad7578b9,38efc316910029abb94b32e27de7bd11,delivered,2017-09-22 12:17:49,2017-09-22 12:30:10,2017-09-22 20:47:53,2017-10-02 15:42:51,2017-10-26,c76f390a72ba18ccac9e4ae30a25b188,2017-09-22
82c4a1e90ae81031b8bbd68f32130787,9dd7b7e6d68c3ed750cc7defc8a77b25,delivered,2018-03-13 15:51:29,2018-03-13 16:10:27,2018-03-16 19:58:50,2018-04-04 17:21:22,2018-04-03,09fda7853bc6c9c585f288349c38a6ba,2018-03-13
a48abf79f4b815add190fb96a34c058d,28d348bde67f80e5b6427e06648e0d59,delivered,2017-02-06 15:59:04,2017-02-06 16:10:20,2017-02-07 08:34:55,2017-02-14 14:12:05,2017-03-13,7b7dbb489c3afb099c5858c592da7daf,2017-02-06
6949cb0f930807e75f78dda8da436c81,c0c18a75f9998079c1e8cf8bd1f40e3c,delivered,2017-09-18 13:12:04,2017-09-18 13:30:35,2017-09-19 19:51:11,2017-10-09 22:07:01,2017-10-10,ebe0d2d7e6adc60e8a4b4e7c0fbc9751,2017-09-18
be00592915ef8e320b1604f87cb91239,c3dcabf8ac5a6e6eb0e29104c4c31b9a,delivered,2018-03-20 11:13:42,2018-03-21 02:49:06,2018-03-23 16:42:34,2018-04-04 19:14:32,2018-04-17,9ba12e905e7b14f77bb5d2d2a945fd41,2018-03-20
11ff39d90a8e9d316353b0a516c7a508,4db1727486f69718caa8e66ce168e48c,delivered,2017-12-20 11:47:04,2017-12-20 12:10:14,2017-12-20 22:53:36,2018-01-16 00:34:50,2018-01-17,6dd515151468eaa052e7243d54d2a104,2017-12-20
ea88ef80cceb79ad79ed25ed33d0b7d9,67198606d2a581bfeba1a019e45ab276,delivered,2018-05-03 10:09:55,2018-05-03 10:57:05,2018-05-08 14:45:00,2018-05-11 22:46:21,2018-06-04,c9f2898089cc985c092323f1fa128c6a,2018-05-03
e82821e8f1ffd4b14d53774b740db796,a32a659dc7f8e7fc55f44945f97dfd89,delivered,2017-11-05 13:49:38,2017-11-05 14:06:45,2017-11-07 15:55:02,2017-11-13 20:34:01,2017-11-24,0ad7cb4f48f2a2cf5080e3c19c7cf98c,2017-11-05
a7d6efcf25cbcbce23dbef446eb827d6,9b684ecb3042a93d9476416aa979f289,delivered,2018-02-17 10:04:31,2018-02-20 07:27:42,2018-03-23 01:03:01,2018-03-27 15:16:56,2018-03-19,17a75ce5eb94eaea04c988d44ab9cdd7,2018-02-17
33a67fb276caf546d718a4b4d19fea26,cd221328224fe4d038b6e3d3ef1a4838,delivered,2017-07-20 18:59:17,2017-07-20 19:10:14,2017-07-21 21:06:40,2017-07-27 15:47:29,2017-08-02,9f95e13416e4747c181706e2d17cdd1e,2017-07-20
c6381f3e639ac6b8e42d76ddd28229ed,edb5a1337d92be57d786844ee7a48a69,delivered,2017-10-18 22:03:21,2017-10-18 23:28:59,2017-10-23 12:04:45,2017-10-25 17:14:56,2017-11-06,140b5260f23853e48def60e5252f6d4b,2017-10-18
a006ea86ca084e35d8b24250d1321ef2,cc27b8e8cb3162001cceb7ae00801b3b,delivered,2017-07-17 16:14:02,2017-07-17 16:25:20,2017-07-19 16:32:21,2017-08-22 19:53:17,2017-08-17,2b5c14b7e1a3d88ff7e0c46e15851f5f,2017-07-17
4603cc4d4654635e3c16a1ac226036f4,698b3c135274f6effb8ce299935872cd,unavailable,2017-10-12 16:18:54,2017-10-12 16:35:34,,,2017-11-13,6ffddef348453cd01b33e04527b09df8,2017-10-12
45f3c6b73e741b9f127da84371a0cd90,c6d27a74743430e10b396edcb26d7e38,delivered,2017-10-02 09:55:36,2017-10-03 04:28:24,2017-10-06 18:39:11,2017-10-19 16:36:39,2017-10-26,722a0971b48c4517b65ad01a1252e96c,2017-10-02
9369e6a8348c5db62ce50008dfc39244,fbb43bb6c6acb8c718f9d2605526681b,delivered,2018-05-04 03:40:39,2018-05-04 15:51:23,2018-05-07 15:53:00,2018-05-14 20:36:54,2018-06-21,932c791305bfbb60f2ca6f11202fb48d,2018-05-04
a7931d1356ebfaff87f69f952ff58208,c892fd675db782773ba7aece9755b33c,delivered,2018-08-19 22:33:33,2018-08-20 22:30:12,2018-08-21 13:09:00,2018-08-22 19:04:51,2018-08-24,9dd1a6ccc8266ee2038d259c3e717b65,2018-08-19
402df52ba885529dfecfe3de3788b7a1,98d0d7b56387880c76e991775addc133,delivered,2018-08-24 21:42:26,2018-08-25 12:35:19,2018-08-27 10:24:00,2018-08-30 18:28:45,2018-09-10,8b8604f905b9307d94447449b3d55e4f,2018-08-24
2c4194cb7130f5749ed2f4e8d7328b0d,8df5730b67f4eadd0000f71bbee6dba6,delivered,2018-04-26 13:32:47,2018-04-26 13:51:08,2018-04-27 14:15:00,2018-05-04 11:03:13,2018-06-04,8f6991aea4ffb84b4c2e7e3d779215d8,2018-04-26
e5cbc7a4083ecd89bb5fbe04c2fb5eaf,c8fbcdbe0f00eac7bb22aedc4440d540,delivered,2017-03-16 15:44:19,2017-03-16 15:44:19,2017-03-20 11:08:34,2017-03-24 15:55:33,2017-04-10,e01489fe8bbdf496d4be8b867df479b4,2017-03-16
dc2152f56d388bfc5f358fd79d3e6bdc,57ff13230528d1b9ef2269694165b361,delivered,2018-08-19 21:36:57,2018-08-20 13:30:39,2018-08-21 09:08:00,2018-08-30 00:21:01,2018-09-27,493d4fabbc73c10039e8aabc0a74df3e,2018-08-19
01cadf993df82ff0e318addbd022f0fe,25ed0dc24f7c50b87f638e5b368d06ca,delivered,2017-10-15 19:48:23,2017-10-15 20:20:24,2017-10-16 16:38:15,2017-10-23 18:38:59,2017-11-10,18694061bb05a1d8d6ea1c14a7c2f912,2017-10-15
f4d6d01b8368046a6fab4c973f283769,adc254a5276dce1590f9e614704382a7,delivered,2017-12-26 23:34:33,2017-12-26 23:47:31,2017-12-27 18:42:55,2018-01-11 18:42:05,2018-01-31,5e0d2d106b8166eb33c1830cc6f82965,2017-12-26
cebfb93d43892425be3fe47edbb54347,2a851126045f8187455b0184079abcc8,delivered,2017-08-11 07:54:06,2017-08-12 07:45:05,2017-08-18 20:15:03,2017-08-28 19:16:04,2017-09-20,682f17fcf65cc5adf9c00267434a0f2a,2017-08-11
e3d1d37007a4d31d2269ba250664f6b2,74f6b68ef147f4ed4c8abde5f5960481,delivered,2018-07-16 00:21:02,2018-07-16 00:30:14,2018-07-20 14:26:00,2018-07-26 18:21:42,2018-07-26,f3c438f7628d03c822aca24d3e7f60ea,2018-07-16
cc791081312a967189fa0ec1f58d5ee7,3866b76bfb0afe45f073a0ff0b3b0e44,delivered,2017-12-05 22:15:45,2017-12-06 02:50:45,2017-12-07 19:53:26,2017-12-11 18:14:09,2017-12-21,7477908d7aea0bd43d20aa32c0416664,2017-12-05
8242b086009bdffe2eb081b77d4ca7de,94ee745f9c7998656cac472cd79c38f2,delivered,2017-11-06 13:16:25,2017-11-06 14:33:36,2017-11-08 19:22:20,2017-11-23 15:11:39,2017-11-27,4ecdcc06343fcc71cbd3d0905e74a45b,2017-11-06
bbeea8dfee8c14c1cf2d53c17971b6c6,1a01dcde907c2725b4170084bebc53e0,delivered,2018-04-27 22:38:14,2018-04-27 22:50:26,2018-04-30 19:45:00,2018-05-02 18:58:29,2018-05-11,70bb8d40cce49a25b570533ee5ac3d28,2018-04-27
c40cbf2797c3b0187b41ea072dcac55f,f04ba55a4b4264ecad954d2d6f7fe279,delivered,2017-06-28 08:47:01,2017-06-28 09:03:39,2017-07-07 18:46:51,2017-07-18 14:28:49,2017-07-24,b6172f1929f3af288c2f3693f2d05dd9,2017-06-28
0c349a33319c2d39efe799b472d71e7d,a1b1a9ff13df8a206377a149ceb54924,delivered,2018-07-22 23:10:44,2018-07-23 12:32:24,2018-07-24 11:02:00,2018-07-30 16:30:44,2018-08-08,16840fe27040d55fedbd956d8b575774,2018-07-22
014f1e63f9bd4f5578edcf4e5c305a0a,956b98e4d6642bc3c6ceccea5aa488a9,delivered,2017-04-09 20:17:53,2017-04-09 20:30:20,2017-04-10 10:37:41,2017-04-17 09:59:47,2017-05-10,95abd88649da5a5d03837dc62e6b2091,2017-04-09
4093e2a77fd359fe0046844307851f66,1c0d50fe7db361b639aada53b3558828,delivered,2018-05-10 19:41:10,2018-05-10 19:55:19,2018-05-11 14:36:00,2018-05-16 00:13:52,2018-06-12,edbf944afda643f111ee4e5036a394ed,2018-05-10
a1f3e74249308258ba4eb2c22902d995,3da13cff7d394446376b0b435579b416,delivered,2018-06-08 22:46:45,2018-06-08 23:13:48,2018-06-11 18:38:00,2018-06-14 19:06:10,2018-06-28,71a00261a365db1aa8b9def3a6f95eb3,2018-06-08
f1cca725e736dcc2534a57415b0ae4a4,bff5cea3431075c771d15920f4366ad1,delivered,2017-07-13 19:52:30,2017-07-13 20:05:22,2017-07-14 18:10:24,2017-07-19 21:19:53,2017-08-02,df1a450e996ad53a84e494263a4e35d8,2017-07-13
e55fb3457f263ce9c93e88a934d7cc17,f185f0c103eaf4cdb003c5fd33d29a9c,delivered,2017-09-06 09:52:11,2017-09-06 10:05:16,2017-09-08 16:14:11,2017-09-16 16:19:28,2017-09-19,082d6b71dce3485197b2204a0462acff,2017-09-06
7ab5966251309fe2519cc5810895b2f7,2eb498becf09b365ba2d46dd08e2bf82,delivered,2018-01-14 14:15:13,2018-01-16 03:38:38,2018-01-16 16:39:57,2018-02-02 17:27:26,2018-02-15,4b2a2f316b9f42a0918890dfdc9ffe02,2018-01-14
be75420cd32a5c26b69ec360e62b65f1,157d75537a132081437134e62ff76512,delivered,2018-01-06 14:05:56,2018-01-06 14:12:28,2018-01-09 18:54:00,2018-01-29 20:19:01,2018-02-05,5ad373cd5632f2ecf3b23d64f5ff72f2,2018-01-06
f0b96ba79d596f91b5ea273b9183b363,76704321b49d39de3fa159edb9ebfa9a,delivered,2018-07-31 19:51:59,2018-07-31 20:24:06,2018-08-01 11:12:00,2018-08-03 15:12:22,2018-08-08,b2e899f05a6f78ed0359de81eb853941,2018-07-31
d1aa2409cda0cbe698a489a0f9364c2a,5255f7cefc8d0ae4717a714b4484b5e5,delivered,2018-05-07 15:30:58,2018-05-07 18:09:51,2018-05-09 06:36:00,2018-06-12 10:54:55,2018-06-01,e67246fbe2968bed4a44a0df5dbe3867,2018-05-07
93d02f5f55e689031c89bf0162e50fc9,7d9b43e7df40315889242979a5df7238,delivered,2018-05-02 04:03:33,2018-05-02 04:35:12,2018-05-02 15:19:00,2018-05-08 16:10:53,2018-05-15,eef19771da1dd2927296fc1806c724ff,2018-05-02
86f67a35fe1b268a04dab03c7cbdb333,05e3947be871234fa8082ff85b5ef480,delivered,2018-07-17 22:10:03,2018-07-17 22:21:51,2018-07-18 12:21:00,2018-07-24 19:28:49,2018-08-17,99e2f46c9fe0bba48bd131ddac456549,2018-07-17
cf9e752831e5469f8efc0746767235f2,df88f317bdebd2b8f5fc2398547ba666,delivered,2018-03-26 20:13:11,2018-03-26 20:28:06,2018-03-27 19:18:43,2018-04-03 23:06:47,2018-04-17,7469b4a8ec797b22674516a30fca43c4,2018-03-26
f192fe5e9b2eea0553f09566de94b5b6,e1b895b6ad2adfcbe4a314fcd073b344,delivered,2017-07-21 18:43:05,2017-07-21 18:55:09,2017-07-25 11:19:38,2017-07-26 16:55:36,2017-08-03,cb9d949baf2d5b07cf456a7a4da90aea,2017-07-21
bbde15031c474ab4519b10001935f416,f9fa6e564d1e4b3292ff8df1402c34ca,delivered,2018-07-05 10:22:32,2018-07-05 16:33:14,2018-07-06 11:34:00,2018-07-14 01:04:58,2018-08-01,79ff5d9ba6dc750760a809b0a84d3397,2018-07-05
95fdb59e0ee0274a8b9b1ba4641ae5db,d650366fad052046dd37d7438aaf5f74,delivered,2017-09-05 16:18:47,2017-09-05 16:30:09,2017-09-06 20:00:04,2017-09-12 19:15:51,2017-09-22,75a9e81466dbc644796740cc49bfe8d3,2017-09-05
f2a6774c892c14709d530828352bdd34,f1346f37e95a3cc2daafc2aac77de500,delivered,2018-01-29 00:02:54,2018-01-29 00:10:22,2018-01-31 22:43:38,2018-03-01 16:27:02,2018-02-23,78459b88a80c9a5b01301a41c304f21c,2018-01-29
a6cb31bb597a9d756e3ee474b89ae272,316bfff658eecc62bb586e06fc31630b,delivered,2017-03-25 22:30:58,2017-03-25 22:42:27,2017-03-27 16:29:31,2017-04-04 12:18:08,2017-04-20,a9d6c918eae844151efa7dbc13696b63,2017-03-25
79ad173ce97ec1e564c9819eff96628e,1ed099dece19ec827760e48cb470fc88,delivered,2017-11-14 17:32:32,2017-11-14 17:46:15,2017-11-16 11:44:48,2017-11-21 19:03:35,2017-12-05,f4b332a565840fc47f4f079b959853e2,2017-11-14
7dedf1dc7e4fa0841ea52877fa906244,d6ba00945fc94080e793f23373067499,delivered,2018-03-10 14:14:07,2018-03-10 14:30:29,2018-03-12 22:44:27,2018-03-23 14:28:53,2018-04-09,25aae944595edaad09853a29d98860fc,2018-03-10
ecadbb1baca4ac613473d62989309321,af4ea2d184d714d4e1b57caa68f0aa90,delivered,2018-04-25 16:37:09,2018-04-25 17:12:36,2018-04-30 06:17:00,2018-05-04 20:58:36,2018-05-17,f51e087ece2a796f81a5fc37b20b5593,2018-04-25
04d93c61c57f9d6d4886adce5a64a9b0,606b9b7f9b4d451c3824adc8386d0557,delivered,2017-03-01 08:28:57,2017-03-01 16:35:18,2017-03-02 13:01:40,2017-03-07 07:53:41,2017-03-20,06b609212808563b18a3f818b86dd01d,2017-03-01
6c483afc20c0d15a5d0d7d35e2aa6231,b304102fa191d9d47af8c2fd5429387c,delivered,2017-07-15 15:10:44,2017-07-15 15:25:21,2017-07-26 03:23:17,2017-08-04 18:32:37,2017-08-14,5bf21e765852faf2dbdfe3bf0f4e2ab2,2017-07-15
33688e8b749940b759d6824ddf7f437e,3e21de36f45bda5fc08a8ddf5ff1ea3f,delivered,2017-11-24 18:35:32,2017-11-24 21:39:40,2017-11-28 22:55:47,2017-12-16 14:47:43,2017-12-21,6770c2cc4bb1ee7cb6fad85b5acf4a2a,2017-11-24
3d56216916c4f573940c222a4d3e763d,b8d6201394a9836b34de56193754471c,delivered,2017-07-26 17:16:18,2017-07-28 08:43:46,2017-08-01 17:55:34,2017-08-09 17:48:15,2017-08-22,e0bbb10705f6361b27c8b3466b9b7317,2017-07-26
d2583409621fd344d75d3a27da727c40,ccc9f4665a052c90def8b7604384c6f2,delivered,2018-02-06 09:16:11,2018-02-06 09:30:21,2018-02-06 17:58:50,2018-02-08 22:18:50,2018-02-22,e8a2dad9972d90985fec118534589519,2018-02-06
7336b444ed0c3b2431e2ec1e3f4ea91b,37f39e7a015413ba64cdf329b0bcc693,delivered,2018-07-25 15:33:33,2018-07-25 15:45:11,2018-07-26 08:58:00,2018-08-01 16:03:34,2018-08-08,2ecfaea14bd703ab890a6036cc4e16cf,2018-07-25
30dd13b35c665885d4e25450971f3fb8,dddb02c034b32280ebb8b9f74ca209ed,delivered,2018-06-03 13:43:18,2018-06-03 13:55:08,2018-06-04 14:19:00,2018-06-12 15:32:33,2018-07-23,85f29d8214d1eeb6d677db1c14489157,2018-06-03
6f0ac9b2069a1f5b1518938be44d87ee,f71163ca2d359b4946347969445ee4d1,delivered,2018-08-06 11:02:35,2018-08-07 04:50:19,2018-08-07 12:53:00,2018-08-15 19:34:33,2018-08-29,9daf56a98a44009bba4f7f2a64ba849f,2018-08-06
098cd6e4219c395a4de25a34d1adcaee,583cfd6b691f0de917b193d39e7a1508,delivered,2018-03-27 13:28:41,2018-03-28 02:50:17,2018-03-29 22:32:58,2018-04-17 06:56:39,2018-04-19,f29c32cdca5a097b0f61790aeed5a948,2018-03-27
dd1bd072c709a5e654fd047560eba5aa,71b5cbb958bd657c21d085a0d8d93ed4,delivered,2017-08-22 22:37:13,2017-08-22 23:06:54,2017-08-24 16:13:40,2017-08-28 22:19:08,2017-09-15,368b1c6eaef1672cbb9415f450cfadb4,2017-08-22
216c576eda21cb85b7b30d4668db4f91,b035aa8a03a453b62a62d1521ab965d9,delivered,2018-03-22 14:33:55,2018-03-22 14:50:22,2018-03-23 21:03:57,2018-03-25 20:26:41,2018-04-04,221696ee722ee6cd47e40b8d306ad889,2018-03-22
ed514599a6591d1a2df80bef99bbbf59,fb143fc86711d3d2c0fa08d408c78a74,delivered,2017-08-06 01:10:13,2017-08-06 01:43:13,2017-08-07 16:03:59,2017-08-22 18:27:56,2017-08-29,a1e192feebf4226b9482a3d73371e9a6,2017-08-06
dbe2d1c6c34f5c31bb6736e1720c9b7e,3b5cb25012ce1400dbf62ed0995e1c14,canceled,2018-08-28 12:45:15,,,,2018-09-03,1b2ca7e6f04df407b81492b44aef46eb,2018-08-28
fd13223292a59ace605fd1f8b0956183,1cd3686dcba36634fb02546c59b48291,delivered,2017-09-16 21:48:11,2017-09-16 22:05:37,2017-09-26 20:05:06,2017-10-05 20:03:28,2017-10-11,4b5a48d3935df0c566db34e6aeed4ef9,2017-09-16
088f6cd16a7a4bb22e9ab6dc417739c3,a6d7640f52f30dc6dbc120c31cfbebe9,delivered,2018-03-25 17:13:44,2018-03-25 17:27:47,2018-03-27 21:21:13,2018-04-02 23:14:40,2018-04-12,8b8c6cd9b82fe4f684b16e22940d7709,2018-03-25
9f59586295a7d2e6c788a21e6cf5d8a9,87ba7b183e6455c57728e6b2520f85a3,delivered,2017-07-13 00:18:47,2017-07-14 00:25:17,2017-07-14 17:33:59,2017-07-20 19:27:51,2017-08-10,06445b7b84f41be019bb45a23c972b6d,2017-07-13
c2efe3316fd0545aecf304c9689a33c0,be4b5e9f7813a8204cfdb7650502cb17,delivered,2017-05-02 20:06:16,2017-05-03 14:15:22,2017-05-05 13:46:58,2017-05-09 11:44:16,2017-05-29,4c694c3b39512b594cf9b896ec458c89,2017-05-02
d0caa50d59dd78761abd9c1bdd06bba4,96437a804b26c621efedf71a229768bf,delivered,2017-12-06 01:17:43,2017-12-06 01:30:57,2017-12-06 20:52:16,2017-12-17 15:09:49,2017-12-29,662950b4d6b81d540ab374f581a6bac2,2017-12-06
7b881c16b6ad7bd81eff459120afd91e,dcbdfdc5db114b2e25c901492cea0c54,delivered,2017-06-27 12:35:02,2017-06-27 12:45:21,2017-06-28 14:52:07,2017-07-14 13:12:13,2017-07-19,877122d1fddd5d461fb3ca297da899a3,2017-06-27
d48a999f0dd3cb2fdaf985d4f116e1ec,ea7784656202befff58dfcf1171447b1,delivered,2018-03-05 20:32:50,2018-03-05 20:49:04,2018-03-08 22:43:32,2018-04-23 21:41:40,2018-04-05,8f39a09c74c92ec505762e1e652a9a1f,2018-03-05
e734700453d78cc2958b64b3b5613bcd,44a36762b3b2f6bc16c48380685d3d6e,delivered,2017-03-08 15:10:18,2017-03-08 15:10:18,2017-03-21 09:52:21,2017-03-28 15:12:15,2017-04-19,5e98cd0ad93480e1d7f67062e4eee1b2,2017-03-08
f46423982b1927442355a79e98c8bb29,6a93f59d910079c839072844fe72a98b,delivered,2017-08-23 02:11:58,2017-08-23 02:26:50,2017-08-23 17:04:57,2017-08-29 18:10:20,2017-09-13,f1a6f1c758af468016ddc2edd81caa3f,2017-08-23
c027f3c5515fef73b9212d8381c33b25,28845dc8e98f83d4da9aad8429125dd1,delivered,2018-07-17 08:48:58,2018-07-17 09:05:10,2018-07-17 13:11:00,2018-07-25 13:12:52,2018-08-08,6e20b22b5f974a9491fedcca99e33546,2018-07-17
bea1d77e861b4f44276f02d599d25705,7ea4dc55434223bffb2bb27163c60d80,delivered,2017-05-22 14:21:42,2017-05-22 14:30:11,2017-05-23 08:45:25,2017-05-29 07:49:37,2017-06-21,71e1f051740a6d2fcdc204e989035526,2017-05-22
e6010bcb1cb9ceb44fdb0f15f817e25f,43dc5164445bf2972df8930fe3d651f5,delivered,2018-08-03 13:46:30,2018-08-04 04:24:03,2018-08-08 13:55:00,2018-08-13 15:47:45,2018-08-13,3f6f50910798d7d0b7420b3a49a7ae5c,2018-08-03
650437e1f9678defcc11934fb6307fe1,d2a1b8103fdf738eaa5a4b4f3e524015,delivered,2018-01-25 19:46:27,2018-01-25 19:56:24,2018-01-30 01:08:52,2018-02-06 20:37:05,2018-02-23,f091fce834235302bfe6b577e836ee3c,2018-01-25
1290c400f098233da222e95ed69ec171,ae06196c4d2b039dcdd1889bd4992f65,delivered,2018-05-08 14:50:03,2018-05-08 15:10:01,2018-05-11 04:53:00,2018-05-17 18:46:50,2018-05-30,2ff881fd08323303966e4e983a6607ab,2018-05-08
2ca369587935712412b0097c8b319bb6,703eb89c94533144bcad42f92dff2d4b,delivered,2018-07-15 18:28:55,2018-07-15 18:45:11,2018-08-02 16:31:00,2018-08-06 23:11:48,2018-08-29,607be94942447115f229a062199e5d49,2018-07-15
176654c710164dc3eaf312ae5b533767,8d89a83025d86a9fc48b84a82ef97da6,delivered,2017-08-12 22:33:55,2017-08-15 03:35:31,2017-08-16 10:40:02,2017-08-25 21:22:31,2017-09-05,4fa218061aaadbc973fcf7763366ec5c,2017-08-12
cd43510a9992792a9e22f4e9f8d20f4b,fe415a5a1222df38b1fb1f504b06901d,delivered,2017-02-02 18:46:27,2017-02-03 07:01:32,2017-02-08 14:14:40,2017-02-21 11:57:50,2017-03-23,b473037c9a5238bb73f2392b19f203ba,2017-02-02
8c3b7297f4d519ec5e4dc1f72b6165b1,e45233d12353c37d9a47b0e9d1416ab1,delivered,2017-11-25 16:14:20,2017-11-25 16:31:20,2017-11-27 20:24:28,2017-11-28 17:13:28,2017-12-11,60407605c43a0ff96a026b72b9369e24,2017-11-25
e7c2a4bc576d34b0de11f0f0189184d8,b02feeaa0ecde7acff3446302f724940,delivered,2017-11-07 18:27:14,2017-11-08 07:06:08,2017-11-09 11:16:49,2017-11-20 14:41:25,2017-11-27,703ad0f8e84588554b834ea24c894ea5,2017-11-07
42ccc07cc09ff8b0c392b43f125ae1d7,4f380751268a4e7ba3e8a00394d2e1ea,delivered,2018-04-17 07:52:51,2018-04-17 08:11:28,2018-04-19 23:02:01,2018-04-23 20:54:50,2018-05-17,993d47c24f159f09b8904941581211b3,2018-04-17
06a7f7a7fc6a846c853dd6f52a81be06,bc3b33c776afd3818bff753856688345,delivered,2017-02-12 21:40:53,2017-02-12 21:50:22,2017-02-13 11:32:22,2017-02-15 13:22:09,2017-03-13,b39eefe231ee42e53b8622b984b21115,2017-02-12
5f92ad7a8f00f12846cf6f654966adc4,d7968fb7ef90ea3acb1a7330bc9a1c59,delivered,2018-02-07 17:31:09,2018-02-07 17:50:37,2018-02-08 20:04:29,2018-02-16 00:47:34,2018-03-08,5df07aa2b147fcbf68d739d6c31dd5ad,2018-02-07
9c3f6ca9fe9375ee0027174cf6cc3952,79b2d0f76b70f50f1321dd107498329a,delivered,2017-02-20 21:14:31,2017-02-20 21:25:35,2017-02-21 16:32:22,2017-03-06 14:09:07,2017-03-21,3eb7583972f966580cd810306c3b5277,2017-02-20
bdf0dff2c16a74482f5ffce31586700e,ab98d2da5363a55f4c3fac106aa2ab8f,shipped,2017-04-09 17:51:22,2017-04-09 18:01:58,2017-04-10 08:04:44,,2017-05-12,f38532d296d5be924fdb891e14e34c75,2017-04-09
085b1f163267ab9db88bb6b4145e0df7,978092e16f71e6b97416a1763155e4e1,delivered,2018-01-19 08:13:59,2018-01-19 08:32:31,2018-01-20 00:48:28,2018-02-08 15:08:55,2018-02-14,ce7e9ac3f497e7caa4919d60d7b64c36,2018-01-19
6f515d972f4d8919ae573a155ab2d9bf,8aed318de518db4660a062339b604905,delivered,2018-04-04 13:03:51,2018-04-04 13:15:24,2018-04-05 18:38:38,2018-04-06 17:21:14,2018-04-20,8e90f1a1741b32eacce304bc03d8e3b9,2018-04-04
10a2d53148bb79d540a6a2e7cb706cea,8f7a9e47419062d350d47d945dd28cfd,delivered,2017-12-06 05:11:29,2017-12-07 03:11:49,2017-12-07 23:07:06,2018-01-06 12:54:47,2018-01-04,3f7cab612c3246b740c1b0c698cfa868,2017-12-06
312bfb221da51864b9fc4b361542ee5b,4ad01985d5063053b72dbd0191762f81,delivered,2018-06-04 19:33:54,2018-06-04 19:53:21,2018-06-06 14:47:00,2018-06-08 22:46:49,2018-06-28,1bdafae1c7027a28342348f48574e3e6,2018-06-04
78dd421c4700121100bb1297168a05d6,190b368f5dc9f4df66376860dbc8af15,delivered,2018-02-11 17:08:59,2018-02-11 17:27:27,2018-02-16 23:08:01,2018-02-28 20:58:46,2018-03-26,741f05bd287ebfd48cd4c618c24e78d7,2018-02-11
a327b5ecc65060cc462211724d715367,f63b5a41ad60764ade63d0cae2f8b5b2,unavailable,2017-12-08 22:41:10,2017-12-08 22:52:43,,,2017-12-27,f4624f968bb3e8f56c017a5810c49f0a,2017-12-08
15fbcfbb34bc49b1bd1cdbbb676de135,cd482c40033b2a1107deb3d9a10d14f7,delivered,2018-06-07 06:51:59,2018-06-09 03:13:22,2018-06-15 14:58:00,2018-06-25 18:05:17,2018-07-17,073f638e451a08d06f9b120b813cf03b,2018-06-07
5c097b2906957e90e5958008194041ba,9198fff3ca81d8af075a62a0ff689040,delivered,2018-08-08 22:03:20,2018-08-10 03:25:37,2018-08-13 13:21:00,2018-08-17 14:04:47,2018-08-20,b55c7b134de7fa6dc4406d08bdf0af04,2018-08-08
cdfdb4e7e805636ed4750f8dc333b01a,f63ca288648d57833c6d2b92d228b426,delivered,2018-03-13 15:57:07,2018-03-14 03:40:30,2018-03-15 17:36:31,2018-03-27 20:11:28,2018-03-29,86090c3ef4b87b58e443d84483082287,2018-03-13
31ee3947c87114eb0673d72864775bf3,dd2f524e2e32b02741d44311c4795291,delivered,2018-03-01 22:11:02,2018-03-03 02:50:51,2018-03-06 18:26:38,2018-03-23 01:58:33,2018-03-21,5f94fd833f707fe3500b31ec4757f6ff,2018-03-01
d2fb62d4ff8956f8a837609a902cd531,84434a091beb237c00b214e254580be4,delivered,2017-07-29 17:39:20,2017-08-02 02:36:10,2017-08-07 19:27:57,2017-08-11 20:17:58,2017-08-25,f8bdf9eddb52e5499f3c2bfbb498679e,2017-07-29
c3d20ed8b2a4660da61c57c8d46b6140,cc0f518f674be7b6495d266ef4699e11,delivered,2018-04-12 00:56:15,2018-04-13 13:29:38,2018-04-16 21:47:31,2018-04-24 20:58:47,2018-05-03,ef48b3d8335dd8953399ab3c0522d8da,2018-04-12
c5f9c59800d0f2f6124ea0cfa1ae8d1f,4799fe9675b9a46fb5b6737a494b2d2f,delivered,2018-06-13 10:06:57,2018-06-13 10:35:47,2018-06-14 13:30:00,2018-06-19 21:26:37,2018-07-17,128963de0688f0824e10f06012bd45f1,2018-06-13
d5f7a7805bc55f3aa5f0c267ac2c77ed,c09a03c98715b144a33f291d19c17741,delivered,2017-04-27 10:28:05,2017-04-27 10:43:03,2017-04-28 09:14:07,2017-05-04 21:57:57,2017-06-01,af4a4064051073083caa2b1d8e2e6ced,2017-04-27
b306fb3d8bca1a1605f5be5108fefdea,5d162124231c9ff55ac67aac49fe905d,delivered,2018-04-24 20:48:32,2018-04-24 21:12:57,2018-04-25 12:04:00,2018-05-02 20:07:44,2018-05-15,581ff652dc6e002c21a4dfe6a4eca91b,2018-04-24
7d3c222c835eb5ed8a43158bc0779abe,0f21c32f9c3806e76f3caec9ed9c4dfa,delivered,2017-07-07 16:16:50,2017-07-07 16:30:16,2017-07-10 19:52:17,2017-07-17 21:19:33,2017-07-31,187054c1f1bc3f61d559f9e62c9e3ac3,2017-07-07
a12c7cc529c689355b84f45a8992971d,02e5c40ec97aefc28340fa9702651e21,delivered,2017-02-23 18:52:47,2017-02-23 19:05:09,2017-03-03 09:04:11,2017-03-09 06:45:50,2017-03-29,4b45c236d7ff26dd4c92c934080970be,2017-02-23
b02cdf25c3ec98d2a8c9c0906981e3af,6615759e7bae7a443a7f45937dbbb819,delivered,2017-05-10 10:11:07,2017-05-11 03:55:13,2017-05-12 08:37:31,2017-05-23 13:21:44,2017-06-02,51be43bc1d4ef66dfbeef9681b3d11d6,2017-05-10
47a0b966a6a543cd3817b26d40ab8041,845fb3e1855d0b89dc84ad803207a334,delivered,2017-12-06 22:59:33,2017-12-06 23:12:54,2017-12-08 00:48:59,2017-12-22 17:10:35,2018-01-05,b4f0496d99ddbb5eba2926d66a9752d2,2017-12-06
0ef7736059e491311b0cc6bd02ca40a6,3414987e301876e9344b45d11c3a926d,delivered,2018-01-16 15:08:02,2018-01-16 15:19:33,2018-01-18 23:46:38,2018-01-26 15:22:33,2018-02-06,666f03ca32d297be63da8d3d06894cc2,2018-01-16
5fab55847de7117fd67d9522ef1db87d,1c9c9037a0b8785a354eff038ab99fc2,delivered,2018-08-12 09:20:39,2018-08-12 09:44:23,2018-08-13 06:01:00,2018-08-18 15:38:38,2018-08-24,3b247557d39bbe49256993300b981adb,2018-08-12
09b6cccc4166713f232f26db93a5d21e,59b7bf209533f09866b42a6ea7076666,delivered,2017-08-04 12:01:39,2017-08-04 12:23:48,2017-08-07 13:03:37,2017-08-12 12:37:43,2017-08-28,873c4850e7f66c106dca007db093e3a9,2017-08-04
db52cc46b34b6c79d06569a1f7163d7b,1af930e1051134b38027592f0890b19c,delivered,2018-03-30 20:19:11,2018-03-30 20:30:17,2018-04-02 19:12:20,2018-04-06 22:19:19,2018-04-18,8421c404660ad61d2c87142e312c6e26,2018-03-30
2112c4e4b32f421f701b405f05242c3b,036a059499bb4fda443ab493f192ebe1,delivered,2018-06-02 19:55:09,2018-06-05 03:50:19,2018-06-05 10:15:00,2018-06-13 19:44:37,2018-07-25,37c108ce3abd1d35c9a3ce93f016657c,2018-06-02
51965bbaf28462239df82affdbbb1301,30077c39313e8f71c1f94365474c741d,delivered,2017-12-01 15:03:07,2017-12-02 02:37:26,2017-12-04 18:34:49,2017-12-05 16:47:08,2017-12-19,1d8723cf8c3104c06962bfc35d7131f4,2017-12-01
d35d04877fd2f044b404b6e80567532b,01bb4e5dc779fa3f09a2c2cdf9561f7a,delivered,2017-11-27 15:11:04,2017-11-29 15:13:59,2017-12-01 19:37:57,2017-12-18 17:43:23,2017-12-20,17154f5ffcd58c8389049f763e2c01c9,2017-11-27
6bd11fe98af2b892fa7e7dbeb3e40cb6,6776335dbd77be669daf0506f0672262,delivered,2017-11-19 21:41:47,2017-11-19 21:50:30,2017-11-21 21:42:57,2017-11-27 17:54:19,2017-12-11,0d3b0c3dc72b06709d2e076067400685,2017-11-19
e77070db7fd22ebeaba41a390fe93a53,480fd1c536654f891eb72b71f4cc6bb0,delivered,2017-09-17 20:31:44,2017-09-19 03:44:11,2017-09-19 20:22:01,2017-09-22 15:43:32,2017-09-28,5afdf64c2f87e44b26158071b35b2caa,2017-09-17
a54a8115a2feb724778f05afb10f69e5,624f47203285d5306dd47b908384e50e,delivered,2018-01-16 19:15:22,2018-01-16 19:31:12,2018-01-17 20:19:08,2018-01-30 17:38:32,2018-02-09,decd0fc3c04777e920b7933ba4af8a2a,2018-01-16
0e3669da7effc0dce5fe5e8a52bb5805,9239e5e8adf3005462a81ff994c43941,delivered,2017-09-06 17:15:02,2017-09-09 04:55:14,2017-09-11 15:50:33,2017-09-19 09:24:02,2017-09-25,313d264786169d661c203a13672913ca,2017-09-06
02ce6664223305cea5b46ef1f2d81461,df3647cd1abeadb6a0fe143deb1b8cd2,delivered,2017-08-02 21:25:06,2017-08-02 21:42:54,2017-08-03 18:29:42,2017-08-08 15:41:45,2017-08-22,07d980dc24f39e66a3398573341d8820,2017-08-02
21f7e2c9460028c7700dfb23395f9a3e,f4bf1a2e51e9d44b9be1039aab49064d,delivered,2018-04-26 20:25:46,2018-04-26 20:35:18,2018-04-27 15:09:00,2018-04-30 22:26:37,2018-05-14,6519672bdc77197aea7d64fa8daa4dff,2018-04-26
9b5be2b2b32aab3c2d528cef27f8d6db,10df2de08a01e0a138f72206a5956993,delivered,2017-05-22 16:41:50,2017-05-22 16:55:19,2017-05-23 10:38:06,2017-05-26 08:23:50,2017-06-16,a48c90479dee6654236741182bce8e6e,2017-05-22
0adc694b12e2711cde18a5d31576bef2,9f0c1f084027175956642f25a0c96cba,delivered,2018-01-17 11:02:09,2018-01-17 11:12:20,2018-01-17 18:45:19,2018-02-15 17:14:46,2018-02-14,3e57306aa9904ddc83efafee12dd4625,2018-01-17
e616d46210bb3e58e38c5422a895f39b,612915de8f6eb958178e7f703fc51d22,delivered,2017-10-05 17:11:01,2017-10-07 02:45:10,2017-10-09 19:53:40,2017-10-13 12:07:46,2017-10-30,adc5f9c9d98b7eabb6ba968a45fc780c,2017-10-05
e9f2dca2852f01cd6047b07f225f2c68,15d63bd60a06e90dc6a42bac77e08b01,delivered,2017-11-10 22:21:45,2017-11-14 03:46:30,2017-11-14 23:16:49,2017-11-24 22:54:45,2017-12-01,376f87fc0c95ceb6668c29f4f37db4b4,2017-11-10
e2fbbd87fea5a8b236b00e5b274b143d,f84a84e29c14ad446d76a1efbd7d6464,delivered,2017-12-03 23:51:12,2017-12-04 00:50:07,2017-12-14 19:46:36,2018-01-03 12:53:05,2018-01-10,48ef479eb56aecc89cc41f60756007ea,2017-12-03
1fedda1b294263f50d8f0f78bf5c3e6a,08f68c9d6b891c565a87205b547d21a8,delivered,2017-05-04 21:15:50,2017-05-04 21:25:17,2017-05-05 16:26:50,2017-05-16 10:12:49,2017-05-31,fcbbe2856825553e6ed2bfbb252587fc,2017-05-04
141a3a105ece0b78ebacac138ca4a4fc,3d65e3c476623177f95b4dc8e04b917c,delivered,2018-01-11 14:54:38,2018-01-11 15:09:30,2018-01-17 17:42:17,2018-01-24 19:05:07,2018-02-07,4b0cbf5ea22869c5ea269442f9b849e7,2018-01-11
6def446d620c67c66889bf68e0552870,492048738031349eeec08979ca43bbcd,delivered,2018-06-06 16:28:44,2018-06-06 16:55:10,2018-06-07 15:32:00,2018-06-15 23:46:46,2018-07-24,3c6c168ccb2f42f67e2d392bb04d8a6c,2018-06-06
edfe3bc4d2b074eedb26e934a171f2f6,d2c045169d51f3cf216c258b5fdb12c7,delivered,2018-03-13 14:05:11,2018-03-13 14:15:43,2018-03-14 19:27:20,2018-04-02 22:54:34,2018-04-02,c35c37f51c0e215f8607485fb1f95509,2018-03-13
cc97c71d908caa2c0b5754b35ebaccd8,f93d45c8956eda83cf46d2e0ce19e910,delivered,2017-10-01 01:48:27,2017-10-02 01:56:15,2017-10-03 17:38:02,2017-10-12 14:12:15,2017-11-10,a76db88dcbdb1cd9c74b6c2c30b2b89a,2017-10-01
20a9733a8c2daed3d21e51040ecb4f22,e9d35eaacfc6537094c57afffde0a75d,delivered,2018-07-31 23:13:42,2018-07-31 23:25:12,2018-08-01 12:01:00,2018-08-03 00:52:26,2018-08-06,f73097e83fd5c9d496a42f5603874116,2018-07-31
e65fa5f31ce4436d38bcf5e109fd43e4,d9110683c7a282144e9fc97660026a28,delivered,2018-01-24 17:53:44,2018-01-24 18:12:41,2018-01-30 15:13:39,2018-02-20 17:48:37,2018-02-19,5cbfdb85ec130898108b32c50d619c39,2018-01-24
0ea360b42c5a190e93cf980fe3e1b736,36bf46cc485c39535135c33447264e2d,delivered,2018-01-15 17:03:20,2018-01-15 17:12:25,2018-01-16 16:03:15,2018-01-26 20:48:37,2018-02-07,5db64889ffdba48449cb50f6566a2e28,2018-01-15
3e37861f5eeb4e7f465390b54c79bca7,74ed6226fc58f6304ef1b52f22971c8d,delivered,2018-03-11 11:07:49,2018-03-11 11:49:24,2018-03-13 00:54:46,2018-04-16 15:17:31,2018-04-10,4bfa4d7aa92479c0e94afd88950a6b05,2018-03-11
32d5345315b43fe6681946d54874262c,ab90b7ba878fe22fdf07e1c3ce458d30,delivered,2017-10-23 15:38:27,2017-10-24 06:36:44,2017-10-24 19:42:20,2017-11-06 18:38:06,2017-11-10,c6c59862bc2551896d1f07e5db04d95d,2017-10-23
52577f39f9f27644903361597585d367,17a591e12299eb96e17f2986c3e2879c,delivered,2017-12-03 17:40:22,2017-12-05 04:13:45,2017-12-05 23:22:06,2017-12-08 17:38:26,2017-12-27,ceacd31e6413fd9d12c7c85b5fe2723f,2017-12-03
405ea1828ef697a508aea9cdafdc7e79,feb56fff80908f4fe956fbd278817f59,delivered,2018-03-27 19:33:01,2018-03-27 19:47:20,2018-03-28 19:46:57,2018-04-07 00:03:21,2018-04-23,fb44e60c3e1ecd150e6249e974c1930e,2018-03-27
89b2fb853193102092945ceae9c155a3,8c38e3742873ea9142ebf9d974969ef2,delivered,2017-12-29 21:14:34,2017-12-29 21:26:50,2018-01-04 22:43:05,2018-01-16 23:15:07,2018-02-06,9811341012232acb695c989f1fb0c14e,2017-12-29
b58cbfb87064005d62cb9fccbc720966,454cb2e166521abd12850178f0fbc238,delivered,2017-04-14 12:14:23,2017-04-14 13:05:18,2017-04-17 09:59:35,2017-05-07 13:46:51,2017-05-10,d56e3978365296a8ccce72ba1abb59d9,2017-04-14
a733dd756bea706319508beaf3873a3c,8dd4d9f93579665bf92ba2692f8cf7e5,delivered,2018-08-18 17:01:48,2018-08-18 17:10:09,2018-08-20 17:15:00,2018-08-22 15:21:06,2018-08-23,3fe3e628c6c7a15ae96416826a4c5952,2018-08-18
d84d70e52f7b7abba77d84d49d97a134,873834ac00ab80de4d9cb2decaf0af61,delivered,2018-08-17 22:17:00,2018-08-17 22:30:13,2018-08-20 13:47:00,2018-08-27 18:32:08,2018-09-04,7f56ce681ee64c458ef8fa5e8bfaa1f8,2018-08-17
2bc105d35047d0a17ecab19d5007d7f8,b67c0101a12bba7b737685cae2832604,delivered,2018-04-08 19:32:48,2018-04-10 04:10:40,2018-04-12 00:19:47,2018-04-16 22:58:43,2018-04-30,e5e6d605ccc7c5057f127b164d2d9a91,2018-04-08
5ae50807e27aa5da76c61f26abd3a04b,9ff88d5e97ce2d8b6d03be50f575318a,delivered,2018-07-22 04:06:21,2018-07-23 11:32:12,2018-07-26 19:28:00,2018-07-31 21:08:37,2018-08-08,97ccc019a6887ec03f664f02035a93df,2018-07-22
748ccedb4212cac72eb13001aa236a1b,3e246973d99cbdd2098df64bbb29f9de,delivered,2018-05-07 08:01:22,2018-05-07 16:15:20,2018-05-08 12:00:00,2018-05-18 19:05:30,2018-06-07,454ebb40cab6f36b4398e7b9c41cb485,2018-05-07
2907efa1cdb55842fe6de4ad2b71d26f,3143b2da761120eee4352f329a0fc244,delivered,2018-04-05 23:58:07,2018-04-06 00:10:36,2018-04-07 01:16:41,2018-04-12 18:06:43,2018-04-27,3611bfc3365eee7df8d4c5d039afcd86,2018-04-05
2304fd42f10881dd456928039a1ef576,a4780d661b345ac6e6d00d0acad24cc5,delivered,2017-08-28 13:13:06,2017-08-28 13:25:41,2017-08-30 17:24:04,2017-09-15 19:32:42,2017-09-19,e4015fd285e2a3069127fbf478efb6fd,2017-08-28
29b354bf7c5d99aba28b180fa56a2aef,42aceeb2ec87fe876c4c0ef9721d3623,delivered,2017-09-27 09:11:49,2017-09-27 09:24:51,2017-09-28 20:15:15,2017-10-03 15:19:17,2017-10-19,cf1696c20bfd1585c11813fd24e34b80,2017-09-27
b645d720bd6caa9606b492b81c3f537b,5e78f8af6f430ad990614cd6a8c882d3,delivered,2018-01-26 17:46:58,2018-01-26 18:31:26,2018-01-31 19:41:22,2018-02-15 19:05:20,2018-02-19,b7d7b6cdeefc2fe237759cfedd2bdb5a,2018-01-26
d96d7f559007441c85e5bb679bca0feb,66c53652eba1381be9df548b07d5ce6a,delivered,2018-03-23 17:06:29,2018-03-23 17:28:44,2018-03-26 21:58:48,2018-04-02 17:56:21,2018-04-19,282daa1e301ccabe946194d1275c9eef,2018-03-23
72af4684a55d706d5e011f13870c0648,7d8d274c36de5111d141260b020d51a9,delivered,2017-02-08 10:44:52,2017-02-08 11:02:47,2017-02-09 11:45:41,2017-02-11 03:51:47,2017-03-07,555f8bf70ca6d707e83c484e3ff359c3,2017-02-08
be46dcfc990766bfafdcc22141c7fb2a,0268654157b95bbfcb8cc3622adc9c8a,delivered,2018-04-14 23:28:11,2018-04-14 23:51:30,2018-04-19 12:27:33,2018-04-26 20:42:44,2018-05-11,767f1a70a46e047081b60f94134d7d7a,2018-04-14
cd1cc0b0cb5310080ed8f448be24d90d,dd7eb6ecd787c07ef08423cf05c6e56b,delivered,2018-06-17 20:58:46,2018-06-17 21:14:02,2018-06-18 13:21:00,2018-06-19 21:38:35,2018-07-05,52b0e4c820d4bf6ff9b2f4ca48514319,2018-06-17
b7077d240d1449882a2aa143b428b8b2,db41b8d7ff23d40f4002903e0109a136,delivered,2017-10-19 12:50:23,2017-10-21 03:07:34,2017-10-23 19:59:19,2017-11-03 17:04:58,2017-11-08,571fd0fd90da8bbbd90e58bbd11aecc6,2017-10-19
18edd05059b88de37d5667ff54a192bd,458ffa22478a3fac2da8c17151834d9e,delivered,2017-10-27 23:57:52,2017-10-28 00:31:49,2017-11-02 00:05:08,2017-11-08 20:11:34,2017-12-05,1d5c3bff14b93a1b655e7e8e77c6107c,2017-10-27
a79ff94e2b619ada69ba93bda509dabf,5ff78bac0b4943e13d653225befa39e6,delivered,2018-03-28 18:55:02,2018-03-28 19:08:22,2018-03-29 22:58:49,2018-04-12 18:38:28,2018-04-19,faf4d054cd36a9d892bb30bae4c8f30d,2018-03-28
9710f97e7fb3ccd742ef8b5270d8d78f,aa5ca611bf23e034bfd48685d4fe006f,unavailable,2018-07-23 12:57:36,2018-07-28 23:31:01,,,2018-08-09,3eadc791253552b8fd96e5f63b403c8f,2018-07-23
1ca643d83940d8a6482159517b32ddb7,dcf7c4a309fd8f1b1bf410e08ce5dd5b,delivered,2018-07-27 19:57:12,2018-07-27 20:10:07,2018-07-30 15:32:00,2018-08-06 21:58:44,2018-08-22,4b9f60f3e61ff3b12a2f9e53b914fd8f,2018-07-27
2044501bdcafe207535528038a6089fe,dc69189910231e3ab5a478f14ff70d52,delivered,2017-11-08 09:03:48,2017-11-08 09:15:31,2017-11-08 18:06:46,2017-11-13 19:57:10,2017-12-01,7aa78b3177f36d854c640ef8bf5902bc,2017-11-08
8f0dcae3e35bc2577f2ee00a4b016029,d5728a849d6ad2371a6481478e2c4ab1,delivered,2018-02-07 12:28:30,2018-02-09 10:11:40,2018-02-09 19:08:52,2018-02-10 16:08:32,2018-03-01,5d7e842b86539a0c8e349bdc56135e33,2018-02-07
82610088a4ce6de77c1d6ca3f3d738e1,afffd1d006743e2b5228b81a44417246,delivered,2017-10-31 11:11:14,2017-11-01 03:26:18,2017-11-06 19:32:06,2017-11-13 14:26:56,2017-11-17,f301e18c941715056e960d529fc131d9,2017-10-31
746304a164de98f57cfacf32e67b9af1,da90c6526afa51df0854027960309ead,delivered,2018-04-19 17:33:50,2018-04-20 07:10:50,2018-04-20 19:32:38,2018-05-08 19:11:52,2018-05-22,b279e05336c3480829c44eec89b8cf6c,2018-04-19
5beaa4fb9b23df20297e10365bfddcda,4cd0596665c1dea639509eceaa844e2c,delivered,2017-11-14 11:55:04,2017-11-14 12:11:02,2017-11-16 13:26:32,2017-11-22 23:59:02,2017-12-06,abc9e5b32caf6ec0c8fa356117b66d66,2017-11-14
e9127430dbed91fff9f8be5b50f3c808,c4c81ff3e35e9170bc2cd16c291963b5,delivered,2018-01-27 14:03:26,2018-01-27 14:12:53,2018-01-29 23:08:44,2018-02-09 21:16:50,2018-03-07,4698508dee43291b9576fcaafa81b1d4,2018-01-27
34243752a921e87a8dae2ee748b71088,6425a05ee87b1d9fb535392f9e65bbac,delivered,2017-03-16 14:41:04,2017-03-16 14:41:04,2017-03-17 08:23:26,2017-03-24 11:33:29,2017-04-11,52bd02ee1300199c1799ea9b048ac5a7,2017-03-16
2eb148d17176fe23318301162e290974,1efc3e831bd27060077fa4113a602c85,delivered,2018-07-23 18:08:41,2018-07-24 09:40:16,2018-07-25 14:17:00,2018-07-30 16:42:19,2018-08-15,a616efa5c39f96dd2ac56f99b4b3b14d,2018-07-23
b8ba908a9b1931ca2008a76e2efbb62d,435372b49a3fe1855aa3c30b1f3ffcf4,delivered,2018-01-22 11:04:08,2018-01-22 14:53:17,2018-01-24 20:36:44,2018-01-30 16:39:55,2018-02-19,e3ad2b8b3c90afa6abae02877449031c,2018-01-22
3fcef6f64992de28b33bffa27537d868,b3889ade4bf0e6c042b319f1618aed66,delivered,2017-05-24 16:09:42,2017-05-24 16:22:43,2017-05-25 10:39:18,2017-05-31 07:33:58,2017-06-16,e5dff8b747d77ad44d4c48238837036f,2017-05-24
fb845e7ec3f9c9eec92c1f2b163a7895,cbbfac864bf228e31822cc3b8adfcf5f,delivered,2017-09-30 12:57:50,2017-09-30 13:24:45,2017-10-02 13:39:08,2017-10-03 23:51:28,2017-10-26,bf0c6fefe4791dca044236e2d50a2c6f,2017-09-30
96c9a85ac467d3065eb7f6d184672511,a8b68ee0362dd1f3db60fd5145d113d1,delivered,2017-05-15 22:23:53,2017-05-15 22:35:17,2017-05-16 14:42:56,2017-05-30 11:41:47,2017-06-16,e63347de8c0d04c8aecc8cb960d0d4d3,2017-05-15
581bc29c5d7f193bd3f1cc87c24ae067,0396cb45bf62655a5a16b9c8f306d12e,delivered,2018-08-07 01:22:06,2018-08-07 01:35:11,2018-08-08 00:17:00,2018-08-08 20:24:35,2018-08-13,cd551cd35d670d82eba95de67c89b9aa,2018-08-07
b662bdadd70714c6b51d0d66049c6afb,75a4d1eec127caaf80d943aedf52ba3d,delivered,2017-10-22 17:04:22,2017-10-24 03:49:41,2017-10-25 13:12:30,2017-10-26 20:52:04,2017-11-03,dfda0d142029df58673c0f41a06964fe,2017-10-22
9950ec4daabde8b94541d6e0fc19f702,59f582f90f6f47c5b89fc070bbd3fd54,delivered,2018-02-01 22:15:44,2018-02-01 22:29:15,2018-02-06 01:14:30,2018-02-21 22:52:53,2018-03-02,f562c2624cb4987549faf68384660f46,2018-02-01
12ab522eccaca7c7be0e20ef475ea423,0d9895e91b2385df8c70089b49898392,delivered,2018-06-17 17:16:17,2018-06-17 17:39:05,2018-06-27 13:12:00,2018-07-05 01:16:49,2018-07-17,c2fd0cfe467f2a1dc7a1854e1924d232,2018-06-17
76ddefaaca25b27022eb9c68205583e3,2640d4ae56b6b352fa74a9acfddf0708,delivered,2018-02-26 12:24:02,2018-02-26 12:50:04,2018-02-27 16:17:08,2018-03-02 19:47:39,2018-03-16,2d10b4a9a412ef6bf4476223677a7a7a,2018-02-26
a2e0ceb6d71b7658cd40852920066f75,377f28aeae8dd99d9a5209e0b87837bf,delivered,2018-08-21 17:49:25,2018-08-21 18:07:43,2018-08-24 12:26:00,2018-08-29 16:51:28,2018-09-03,fea918b38379929f8a6b73c77360e0ae,2018-08-21
23fcffe57a7d7ba1b95f489fffb19bb0,6d85546e9a590d861adfb5e1e97122e9,delivered,2017-10-28 23:53:16,2017-10-29 00:06:08,2017-10-31 19:59:34,2017-11-16 22:09:04,2017-11-23,dc279e9d2a96d14c0c9fc9e65098fe4d,2017-10-28
17d3fed0f8f1fadf86cee573104d590a,861f0f5541b6bc7f636241019495d907,delivered,2017-05-13 22:13:35,2017-05-13 22:25:15,2017-05-15 11:43:50,2017-05-27 18:57:45,2017-06-06,78bffdc305c16771e6dda3a6884237f5,2017-05-13
938e24f88fdcd624734b6ba10ffdde6a,d67a9adc19a40eb71dc4cdcae8a45614,delivered,2018-01-06 19:18:13,2018-01-06 19:26:41,2018-02-08 14:37:06,2018-02-27 17:49:08,2018-03-20,99725d1822e8a48e8e4b2796ac502569,2018-01-06
73d8cc61665c773dfb85dc7fdb5c292d,c64c7fed4cc7e3fa5557d8fc6f9625d9,delivered,2018-07-20 11:32:44,2018-07-21 03:15:26,2018-07-23 14:26:00,2018-07-24 14:37:34,2018-08-14,d5b838b5c341f1957cea18610d054ac6,2018-07-20
565a27fae0aca550060e0f90a54495ef,0ac81c0790cd08bb157bdc505f4ab215,delivered,2018-06-20 18:58:05,2018-06-20 19:19:00,2018-06-21 13:07:00,2018-06-28 15:28:56,2018-07-20,4e54f29fd9be5d3b95b2030c55d6c640,2018-06-20
1e7b55dfee29c0ed7edb54c8cfeaf244,b39004c388b1f2b9191a927a99b6cb79,delivered,2018-08-16 08:20:09,2018-08-17 03:09:42,2018-08-17 14:25:00,2018-08-22 22:21:24,2018-09-11,270c0ad2a232e4a10be51000bc69eb03,2018-08-16
0e439875ab5824a65c5c2402b6302f3f,47ec91745f4835cbed3efd0c5913134e,delivered,2018-05-03 10:34:01,2018-05-04 10:32:34,2018-05-04 13:23:00,2018-05-10 15:04:06,2018-05-23,f0230c8b7c8cf0c55c96d578dc817814,2018-05-03
12b63c9981f087f01de97adb7f885540,0ffc6725f7acf582cc19d7db4b2e0c97,delivered,2017-10-03 00:25:47,2017-10-03 00:49:17,2017-10-04 20:22:37,2017-10-13 14:07:51,2017-10-19,bd9d3fd4a6971997da00e9792d06e57e,2017-10-03
34ebdcf6d440d454fd43e0595424acb7,3fafdfce933d4e075521618d2b8878f8,delivered,2018-04-15 23:18:41,2018-04-15 23:32:01,2018-04-17 23:28:51,2018-04-23 22:11:57,2018-05-29,7fdf865743794941bf6f1b094e0b49bc,2018-04-15
bd8c777b163d434c13d72bc016869c97,721597f917f48a34ca1712b58166ddee,delivered,2018-08-02 15:35:05,2018-08-02 18:25:14,2018-08-09 13:35:00,2018-08-16 19:02:00,2018-08-28,d1ac3aa60c15345204ee1bbd16e4850f,2018-08-02
4a03ac27b6a5ba3e30014433ff93cb80,d01cfbf8e18fcddbbd47f155c0e9cb68,delivered,2017-09-25 09:04:39,2017-09-25 09:15:17,2017-09-26 18:36:49,2017-10-02 22:27:48,2017-10-19,67055e05e9cd552d87a01611a9bfb1f4,2017-09-25
80b812cc3f7609fc00fba1b9beec3065,b550abac10e148e050efe03dd209aa73,delivered,2017-07-07 13:37:17,2017-07-07 13:50:18,2017-07-12 20:03:37,2017-07-21 17:56:58,2017-08-02,9376735196d597e46dbd48e03dae1a78,2017-07-07
3df5b35afbdc0b5adb218570cc635139,20916c349490dd9d498717b5f8c9b14c,delivered,2018-08-11 11:55:38,2018-08-11 12:05:20,2018-08-14 16:29:00,2018-08-23 21:28:51,2018-08-29,af365457cc03ab0c057920afc6cd6b1a,2018-08-11
7f4fc31e180fd06c1de45a945223f877,72d4958cd71988163a65a245caeae772,delivered,2017-07-04 06:27:25,2017-07-05 02:50:23,2017-07-05 15:04:24,2017-07-11 18:12:04,2017-07-26,0c3ec1b0e0dbe9befcb520bc32ee7ef5,2017-07-04
a31055f64bb0e04b826375f282e88c6c,2bda20cb35fe59471eb900f7389cad57,delivered,2018-04-17 10:32:02,2018-04-17 10:53:16,2018-04-20 01:58:32,2018-05-05 13:11:37,2018-05-10,f5b96958fbb9b445d8c03401fe2d8bb5,2018-04-17
1e3d732b1d231004fa6b9c9141f53856,92a86e619888559f3e83f8a4957f6e32,delivered,2018-08-03 16:38:35,2018-08-03 16:50:10,2018-08-06 11:46:00,2018-08-09 15:09:35,2018-08-20,924d9817dad96151ea1137d28b110a06,2018-08-03
b04b5f6052511a30ad4b0fddef226949,66b29a5190ad492e1b525a72c716d36e,delivered,2018-08-14 19:27:11,2018-08-15 19:23:54,2018-08-16 15:07:00,2018-08-22 17:51:31,2018-08-30,21e61aad3bba3bfa836a0f17d0fca14e,2018-08-14
e037080aea2d8cf5434282000d67c1ee,e083500378cecc0d7c91c8ec7e1ba661,delivered,2017-09-12 20:05:24,2017-09-12 20:24:11,2017-09-13 20:32:46,2017-09-21 19:43:59,2017-10-02,c25a4e26d161ec35477edeb0d795465b,2017-09-12
ba58afe54c3a57545b5f30a8f3a83d1c,9ef9212788d25fcf4f081195c5987024,delivered,2018-03-16 15:28:45,2018-03-16 15:49:39,2018-03-20 20:18:52,2018-04-16 15:54:34,2018-04-19,fb4f03aab91686aa8342c707dab0e26b,2018-03-16
e9a96b5609c733e7d97b5a3d57c222e2,6b3b453b6808a078161c3c7fe3d65d77,delivered,2017-04-09 22:05:18,2017-04-11 03:55:12,2017-04-13 12:48:00,2017-04-27 13:48:06,2017-05-04,9978a4af6e9bccf456493343ebfa3681,2017-04-09
22f0b84a8a9c81b88650569e4a4a55a7,ac404dab8e3ccae7f16263ac1e693c6c,delivered,2018-01-23 13:12:10,2018-01-24 02:34:58,2018-01-25 15:13:23,2018-02-06 17:31:40,2018-02-20,145ab5f56bb71a81592f7f7685f3e8e7,2018-01-23
2fcb286cb29d51ba670d1ae35aeacab6,95512e0ed7a522e627582ef07f02a3b7,delivered,2017-10-29 23:31:30,2017-10-29 23:45:08,2017-11-01 15:22:01,2017-11-09 18:28:57,2017-11-22,499fc778b427bbd8e1d35fc64d2e6036,2017-10-29
f571998fd428a610fa848c5eb34970dc,607a074ed4d512b341863cac94467a63,delivered,2018-05-01 18:18:28,2018-05-01 18:35:25,2018-05-02 14:15:00,2018-05-09 21:33:24,2018-05-25,e3047dd1cd3abb647dfc50267a9bf42c,2018-05-01
213ede0c70c581ede2b365194da6d2fe,21119651f4644d55f2b8dc4221623047,delivered,2017-10-03 12:44:33,2017-10-03 12:56:48,2017-10-04 20:25:33,2017-10-10 20:46:12,2017-10-27,d1354b6a5a8b77dbbe3e3187e418e8ec,2017-10-03
01978b8bae8292ffb4cee6abdf9b9089,a93aa8521621d68fc2a9bef496f701bb,delivered,2017-12-08 11:29:00,2017-12-12 03:57:24,2017-12-12 16:45:57,2018-01-03 18:47:38,2018-01-09,f0afe1fc505bdee6c81d9fb27d31d64e,2017-12-08
5e437aa4ed75f875937a1df3a2f41422,591dabcf056dad32574160278287db79,delivered,2017-08-14 10:59:43,2017-08-15 08:25:13,2017-08-17 20:04:28,2017-08-28 18:21:42,2017-09-05,28e1b7ef2e713db9eff2c1c4814cf29e,2017-08-14
017b11be3048fdfb58e63edc5fc8f4b8,1c34888248845ed3c9607a2652adad9c,delivered,2018-06-14 23:39:06,2018-06-14 23:58:27,2018-06-15 13:35:00,2018-06-25 19:51:39,2018-07-11,3ac21ab85b7a7594972f8b595c0b4827,2018-06-14
f7699c5eaa4b797013ef7a7e48cf42b7,9e00d50577b99758dc352144cfd13a76,delivered,2018-07-17 20:26:46,2018-07-17 20:41:40,2018-07-18 14:10:00,2018-07-26 19:12:33,2018-08-07,e0750a5a446b358ca000286122d84369,2018-07-17
37c9baad44854a2d5ac7022b4228dbab,ce05207bad22b9e8c744d1b1ea2ea0d2,delivered,2018-03-28 15:12:22,2018-03-30 03:09:02,2018-04-03 02:08:44,2018-04-05 22:08:37,2018-04-17,7a114c4d600e1eb56f331eba875d38a6,2018-03-28
3165f39a78f513c0877dc0d1ad69683a,c75bac65cdd6e3bafdd4398e63a3b0c0,delivered,2018-03-24 13:40:27,2018-03-24 13:50:44,2018-04-03 14:08:57,2018-04-13 19:06:24,2018-04-16,0fe9114129c81c945c319dc5af0ed961,2018-03-24
a101dc8c16d9f1b0217313ca346231c1,e4525ea87ab4389f2281f0624fb619cf,delivered,2018-07-16 20:43:32,2018-07-16 20:55:28,2018-07-20 13:41:00,2018-07-26 16:54:38,2018-08-01,d370a413e1f40d4798d3b33f16896a04,2018-07-16
8a90aa7c88256981f18784086121349c,8712d805700fade0c5aa62b792edcbbd,delivered,2018-05-09 09:58:45,2018-05-09 10:15:16,2018-05-10 15:12:00,2018-05-17 18:57:51,2018-05-30,d56bcceb82af49761c77a74bffe8f618,2018-05-09
db928c8eda4fc467e960390f20b6ddf7,5077f913059a0cc49bfdfb4dcd797f7d,delivered,2017-12-12 13:03:26,2017-12-13 02:51:04,2017-12-15 21:53:10,2017-12-23 13:37:48,2018-01-05,6b2b6929b713a6d49e0796ab61f09188,2017-12-12
645fe97a0bdded23a1498357223769de,b1d84e2aa801586af3b21ed91bb9ae6f,delivered,2018-08-19 17:25:36,2018-08-21 04:35:30,2018-08-22 13:52:00,2018-08-30 14:47:46,2018-09-04,d44c64edb94501e10f0fdca21c26fb64,2018-08-19
9eaec2635ebf99416ead21c62ef53f67,216b824e1aa1817c80b40f8f2f8b246c,delivered,2017-12-13 17:14:37,2017-12-13 17:31:27,2017-12-15 21:42:19,2018-01-03 20:29:09,2018-01-15,62bdd32424b656b8a1eafe5786bcdc32,2017-12-13
c5388edf36f442414419c24e6c65ee6b,e2a164a42f91a5ade4e93c5f07a87987,delivered,2017-11-11 20:22:10,2017-11-11 20:30:50,2017-11-14 16:39:14,2017-11-24 13:44:56,2017-12-04,7ba1abccffab64ce6e93a1831e3beadb,2017-11-11
ff7cbd73d6ce84294d3d40ec1a7e12f3,8c52d6913768a05524e8eacbe70a2808,delivered,2017-05-19 20:35:45,2017-05-19 20:45:20,2017-05-26 11:44:42,2017-06-07 13:39:19,2017-06-29,60411c8b17b1d71f68d288c9df2cdc8f,2017-05-19
c52b0e0ae184fb645004980db2d194a1,556e9100d05797d5269afdc8d3a1a99a,delivered,2017-11-27 18:05:18,2017-11-29 18:12:38,2017-12-04 20:07:03,2017-12-27 19:49:03,2017-12-18,e9921ff47a215f865bd152ce47637d65,2017-11-27
c5b977015b27b1b086bebf07bd454df6,eeac9716cda68b517145a971fdfbef5b,delivered,2017-12-06 10:58:00,2017-12-07 03:10:44,2017-12-15 21:09:09,2018-01-13 22:09:55,2018-01-08,df78e52624ff49b1bd4a88175d3f8c6b,2017-12-06
54222af95be89a263082f3998e8bf8a0,3a2eba7ed9f9013e842467ecdc53c640,delivered,2018-02-21 13:20:01,2018-02-21 13:35:41,2018-02-22 17:48:49,2018-02-26 18:34:49,2018-03-14,e1e597813ef2066cd046d3779aa4e7fc,2018-02-21
b379b3d63e1948d3692990c4e0a5adc8,fe76f5f82711c01468aceb3b3eb7026a,delivered,2017-01-26 13:08:14,2017-01-27 13:31:43,2017-01-31 08:03:06,2017-02-02 15:04:52,2017-03-06,9e9715e2dea5a3eb18d4e21f7d91a8ee,2017-01-26
5fdf877402c5fd87596c00099933005c,cf7256c633d7b75adc48d8b8c2fbb7e2,delivered,2017-02-19 19:53:52,2017-02-19 20:05:17,2017-02-20 09:37:03,2017-03-08 05:52:31,2017-03-21,9a08e6c18d6d3b861abe914483f0d038,2017-02-19
21387c13929b880edc728f519f72f0ae,55db0a13ed70f799eba92f0b2dcdf68f,delivered,2017-12-02 09:21:48,2017-12-05 04:12:20,2017-12-06 21:36:42,2017-12-12 01:08:51,2017-12-29,f017b573799c56f71b1b1dcaa676cd84,2017-12-02
36181ce9f0459af55f5aae302b4b13a8,5f82b6799f7f5bda22833caafe7e8cd2,delivered,2018-03-12 19:37:14,2018-03-12 20:48:17,2018-03-14 19:24:50,2018-03-15 20:03:14,2018-03-22,69173628c3f6d1c28d6285dfdf9f5dcc,2018-03-12
ad729f060dc2a81423b87ca2845ef6a4,fecd996a56aa84a55cb259ac334e0a93,delivered,2018-08-18 00:10:21,2018-08-18 00:29:49,2018-08-20 13:37:00,2018-08-21 21:46:45,2018-08-23,d9726562d5c4ff5851963dd4875f901b,2018-08-18
8ed5de57cd5a8f586bf53161d135fbc3,28423ae8e61c1263b93d65790d9de166,delivered,2018-05-01 12:31:36,2018-05-03 04:33:06,2018-05-08 12:25:00,2018-05-10 23:47:50,2018-05-25,51fd57872e6096c7b2999a2efdc45759,2018-05-01
4b75f705b345b06e009842c77701f7cd,e36ec26bae335f7b13951d6897b8802f,delivered,2018-06-18 17:52:02,2018-06-19 06:35:53,2018-06-20 14:24:00,2018-06-21 21:05:15,2018-06-28,752b204b9bbb2d9e3eb29b58059f7e17,2018-06-18
926e667aed4b5a389872a0777bceb8c5,042a0023939eb67c821adac70b70da2b,delivered,2017-04-28 19:02:57,2017-04-28 19:15:13,2017-05-03 15:37:23,2017-05-12 13:44:06,2017-05-29,a0d22df815994caa734d6338258b6db0,2017-04-28
010ab3b1993057e91f825c672375a66d,0e17f21d1c39581137b6cbc8d14bea37,delivered,2017-02-20 08:19:21,2017-02-20 08:30:15,2017-02-20 14:11:28,2017-03-02 14:06:14,2017-03-23,e2340cef700ec4ec7e6a338976b1dc13,2017-02-20
f3988a6f6afe000b1617ab4429c5396c,413222dcd7d8078653a8eaa81ba8d96b,unavailable,2017-07-11 04:47:35,2017-07-11 04:55:12,,,2017-08-08,ec31ab57bc5e2588a118777ce93ebaf0,2017-07-11
242bcea719638feb8c102d38e67a4977,8db4bdf985764f1587a5a06107a28d1b,delivered,2017-11-26 08:26:42,2017-11-26 08:34:32,2017-11-28 02:22:06,2017-12-19 17:54:32,2017-12-15,aad0fb3a1680f7a08d9b8de7da72e1cc,2017-11-26
8b160e3e272dcca4665850aae31ae6fd,4773a6473ca23c156f7a69ec38d0eb86,delivered,2016-10-08 22:41:36,2016-10-11 11:02:20,2016-10-21 13:58:38,2016-10-26 15:55:42,2016-11-30,16c362fd9bd8fd63d3e70f7f94b640a1,2016-10-08
b3523c5c1899c917f8d8c7ba39cb5571,822a469c601a7639db315155a642410d,delivered,2018-05-15 05:32:40,2018-05-15 05:54:51,2018-05-15 14:46:00,2018-05-16 17:38:52,2018-05-24,0cba50542577373c3715ebc396f759b1,2018-05-15
df9a83542974f3a48afb63552d2f4bc5,9d4c52eb6bd4259f6660207254a9d433,delivered,2018-08-21 15:19:04,2018-08-21 15:30:38,2018-08-21 14:36:00,2018-08-24 12:03:31,2018-09-06,2ed56cc05e70c955b7f85cc3ff8ef931,2018-08-21
58f43661df7f4ebc6182ed467729a405,efc682b906113fd3d8d7bec178aca886,delivered,2017-12-27 16:52:05,2017-12-27 17:07:24,2017-12-28 20:20:00,2018-01-29 22:22:29,2018-01-24,4b06970bf3132cb4456b75269c592e1a,2017-12-27
997c9f908691b9dc69c3b7b3a4433c65,0d08ac02306e9499991c9d47a434c68d,delivered,2018-03-27 19:11:55,2018-03-27 19:28:08,2018-03-29 19:49:07,2018-04-30 19:21:46,2018-04-30,8b409e78486d2995c1d435d679b7f194,2018-03-27
955d472a5c7c0e6ee8d3ae51e258cf6a,462a17cd00cf6ff721ccf8ad82fac28d,delivered,2018-05-22 11:03:23,2018-05-22 11:15:26,2018-05-22 14:41:00,2018-05-23 19:13:12,2018-05-30,c4abd28d515738a9e6b667c15f64fd19,2018-05-22
af4bc5e9bc2ad444c7d4e2fc8e45ebda,1143cb42a9d88baaa837658e0892f364,delivered,2018-03-21 12:08:41,2018-03-23 02:10:38,2018-03-26 16:03:38,2018-03-31 12:56:44,2018-04-12,2ef9e79cf6bf3c0dac3b48c8dd46259e,2018-03-21
132e2cd17bdaa2f84fc9cea118197634,2fc14824142e4206fb5848d2f9e43727,delivered,2017-12-28 23:10:02,2017-12-28 23:26:59,2018-01-04 19:58:53,2018-01-16 17:57:21,2018-01-24,7efe2c3e942e0e40200f5229b6802964,2017-12-28
f29bcfc9110dfb7b1fc0f77b31b749b8,f4d5a9f02a2d3ddca3595d199242badd,delivered,2018-04-22 12:45:00,2018-04-24 18:09:42,2018-04-23 17:33:11,2018-05-02 19:07:20,2018-05-18,89e66485ae825f847a730b07f2161d69,2018-04-22
cc747bcd22a8ec8bbddbe6c96945a5ad,bb3a6c24cbc3a31e2172ada378d04827,delivered,2018-08-02 21:59:52,2018-08-02 22:15:09,2018-08-09 08:12:00,2018-08-15 20:26:38,2018-08-20,9d0cc0aad4fc7436fd5ca50f7e899a45,2018-08-02
b4fc77bdadd28d0ee631208831bc0d49,55b963cc1b4611c655ed0dab98bc4959,delivered,2017-03-13 00:26:12,2017-03-13 00:26:12,2017-03-13 10:20:59,2017-03-20 13:44:58,2017-04-07,412f80b814dba8dd3aa39c6be5bb29c8,2017-03-13
aaefff6521e66b3e5c88bb2c93b9bc72,a9b14551e3b3b65aafda561259f08f03,delivered,2017-02-10 17:40:30,2017-02-10 17:50:14,2017-02-11 09:34:05,2017-02-24 07:41:19,2017-03-10,89a34476beee67a2773e86e0719bb492,2017-02-10
20850e5f8357a9477fbdbdae14e2de5e,17ca39ca2f5b7aa070abca19f330c5e2,delivered,2017-12-20 10:08:37,2017-12-20 10:32:00,2017-12-20 22:21:47,2017-12-27 14:56:55,2018-01-19,f48aea240a5a2c3bfdc55571b4c3cd47,2017-12-20
ace65bba8999142113cd63d84a6a71e9,5144672f3d4c43d179dc389a64de306a,delivered,2017-09-12 11:23:43,2017-09-12 12:05:09,2017-09-14 17:07:56,2017-09-21 18:50:22,2017-10-04,dc5ff175dc46767f2737fa4e5188ac64,2017-09-12
0a859572e5956923f4b083363aae7d7b,6afc62083bb702009f39e1b65e3bf2a3,delivered,2018-01-15 15:42:50,2018-01-16 03:50:55,2018-01-17 12:43:07,2018-01-26 14:45:56,2018-02-06,c5a2d400bac55c2ebcb3d7815810142b,2018-01-15
de6bab4da1dc5f9d599909b30747ba4d,0403515b897169ea1b001e4ea602bf84,delivered,2018-01-15 19:57:06,2018-01-17 04:31:16,2018-01-19 02:58:36,2018-02-01 19:54:00,2018-02-09,4977be3752099d95236a84a0be07e02e,2018-01-15
8cf67dfa08b350d79903184885a64f93,89cfc288cd2b6f9fa24562ff9c84abe0,delivered,2017-04-28 20:12:50,2017-04-29 06:35:38,2017-05-02 15:11:36,2017-05-15 15:39:55,2017-06-06,af95ce622c3683fc82b4b4de9783fc51,2017-04-28
5543f9965dcbb6ebc4d28d9ce6a6c7be,564aa03ec3ce47210e4de58cd8c5d93d,delivered,2018-03-15 10:37:08,2018-03-16 03:50:29,2018-03-16 20:37:49,2018-03-23 00:12:16,2018-04-04,5beef8fc3b71ef42fd7079c8d495ea95,2018-03-15
04814d2760b610101075888832621881,25631315ece1d1541fbede2ef9b2b379,delivered,2018-04-30 11:49:11,2018-04-30 12:15:23,2018-05-02 13:35:00,2018-05-06 15:47:38,2018-06-01,75809419f51063ccba205c281cb5330e,2018-04-30
ff82173a9821071cdd3e554219a376c1,f1ae335df0c4b9403eedeab63a4b3ba7,delivered,2017-07-13 23:35:55,2017-07-15 03:25:58,2017-07-19 18:55:46,2017-08-04 14:24:50,2017-08-16,7187cbe230014abac92d8af2c6f4a2dd,2017-07-13
91bc8de419040aeb9a64f84039c5f1bb,b09127083e669f9addee8813028f4730,shipped,2017-08-01 22:33:52,2017-08-02 22:30:16,2017-08-04 18:24:40,,2017-08-16,7a4acd039faaf48834f7af50f57b2d75,2017-08-01
fc57d3021b51a9424b4a35784601a628,6815bf204e3baca2b1b0fa5d285d3c99,delivered,2018-03-15 00:37:45,2018-03-15 00:50:27,2018-03-15 20:32:13,2018-04-18 17:38:35,2018-04-12,7a6ab2a056296225a0f2fb3c16bfeb77,2018-03-15
76263f760191f470b92de7f5ff14053a,674366004ccd62e6960110afc9998ffb,delivered,2017-10-13 18:56:10,2017-10-13 19:14:22,2017-10-19 19:44:54,2017-10-25 19:38:08,2017-11-01,cfe3afae435863f0eb15aaa90cfa4246,2017-10-13
6eeedb3e16d8072305be02562c253602,c08bcbf28cd7a7c95c95151a3ff141a4,delivered,2017-04-04 21:06:14,2017-04-04 21:15:09,2017-04-05 10:16:31,2017-04-08 22:53:55,2017-04-25,9fcc4bd5e142f49a33eaec45b270a053,2017-04-04
41dd305b35d3cac22fc8229f3179277d,a389075dd87304a5a17ced4d888d91ba,delivered,2017-11-25 15:24:37,2017-11-28 03:33:29,2017-12-19 17:06:08,2017-12-21 18:58:44,2017-12-28,821942667f74dd996c9423be8ca96ce5,2017-11-25
6c78a9434dea28ba5f0dc29840509e67,d729159365c9d50643bfb026ffdbef04,delivered,2018-06-12 16:12:12,2018-06-12 16:51:22,2018-06-13 11:55:00,2018-06-14 21:33:03,2018-06-21,caa1a53d52986e888322bcc60b71064d,2018-06-12
ccdcc52b2c054f91f8e3bc0aa65945cf,4284c642bfc4cac4ac6c6457cb6401b2,delivered,2018-03-31 00:35:17,2018-03-31 00:47:11,2018-04-03 15:51:25,2018-04-07 17:32:18,2018-04-20,1a11776fa1c7ce1476f69eb960f58068,2018-03-31
1c3a07f6d5470538c2bbed1275e785b3,edbb40ab4c8d64be5445fbc8ff340b8f,delivered,2017-11-04 21:10:16,2017-11-04 21:25:34,2017-11-06 13:32:08,2017-11-21 18:28:49,2017-12-15,cdba7ccee20eda71daddbfceb0e1cea1,2017-11-04
5dcfd31ce05e7696a4c635cc256a0364,59acf093c0d83e9d731710cc54fd6d92,delivered,2018-06-08 07:07:29,2018-06-08 07:15:09,2018-06-11 14:53:00,2018-06-13 13:56:43,2018-06-28,6c25a588bb1dc8321db547b516c06551,2018-06-08
f3759e04439be59217e3d2bf21ed2303,3da04883e076862fef240992d9534e74,delivered,2018-06-25 19:15:12,2018-06-25 19:42:05,2018-06-26 14:37:00,2018-06-30 14:36:53,2018-07-26,814462b6ef17ba288ac561e8990aeb56,2018-06-25
6b7c42fb73fe0b5dc28a8ca2352df45e,9ee1afd234622551892cff9d2c11b96e,delivered,2017-12-06 14:06:15,2017-12-07 03:16:20,2017-12-07 17:32:48,2017-12-13 11:12:39,2017-12-29,8a45d8032f58f6f3cb9347695e3d6aea,2017-12-06
fbd9cc8e07efb7ce22997fa2d2623551,e60f612c9536bbecceaad69c53388f2d,delivered,2018-04-26 22:09:42,2018-04-26 22:30:04,2018-04-27 10:15:00,2018-05-03 21:04:29,2018-05-21,da45f3e038898cb427ee5ec8cca4615b,2018-04-26
20c2a60238ac437bd325af95c7148e06,65ae89abc9ee5d0923cc160953ac86ee,delivered,2017-03-21 11:39:45,2017-03-21 11:39:45,2017-03-22 16:14:23,2017-03-28 10:05:42,2017-04-20,ed7850f8d2d8a4c078e5059be1fa5a15,2017-03-21
99439b0756d8f30273d1a49e1ad02baa,83e472fc272a642c39a9ef2215561aec,delivered,2018-01-12 09:32:54,2018-01-16 03:38:30,2018-01-19 22:26:21,2018-01-26 22:17:57,2018-02-15,454660f8ac7dfb584f85ee10e3a2000d,2018-01-12
cf34f0c3c6464f6cbca4e16b810f5553,d95a81ea868bdd86e57b8a551862f3a3,delivered,2017-10-09 15:30:44,2017-10-09 15:49:39,2017-10-10 16:53:53,2017-11-17 00:04:42,2017-11-09,69dc49b6115371d02775f2baabd26cfa,2017-10-09
e2a2dd06d145888e8ae6cd472c742e7d,597e456d1bb6e8dbde1ebcae4734e978,delivered,2017-12-10 21:11:07,2017-12-10 22:09:29,2017-12-11 18:44:27,2017-12-27 19:33:00,2018-01-08,af04ef55309dcf19b27d88d1165fb796,2017-12-10
e29da678b1634c56e518d57a3354fbaf,359ad3b4fc253aaf69e36cc2bb4a6077,delivered,2018-06-10 19:12:54,2018-06-10 19:38:00,2018-06-11 13:31:00,2018-06-18 12:18:46,2018-06-28,c6cd795168d2680a86505c83e0489347,2018-06-10
f1849c4f06c0360ebf0862e55c31fa8a,be8192f200acabe8beb25da7611fcd3a,delivered,2018-04-15 20:24:52,2018-04-15 20:35:15,2018-04-17 23:22:02,2018-04-21 00:19:11,2018-05-09,9d9ea475a4ea4e23c07db21a0539342d,2018-04-15
963ac22d582d11d2bef4a834a74ddaf8,dbdb8deabd16936733388daf58e81b02,delivered,2017-10-17 18:50:47,2017-10-17 19:36:16,2017-10-18 12:08:08,2017-10-24 21:57:43,2017-11-06,bf4d9aa2cdf387b99f3cd0018ace43de,2017-10-17
dadbe5c0d37a042483c113e0cbbe2208,a1fbe4dbc015f0f3c500435cd4a4a0f2,invoiced,2017-05-01 10:43:06,2017-05-01 10:55:16,,,2017-05-25,916ae0365354c4b2f98e32c0eaca4b20,2017-05-01
662157b4251f62efae6f4ff7525c4961,5455991bd713bcaa1aa748d420f7e034,delivered,2017-03-27 14:09:19,2017-03-27 14:42:33,2017-03-28 18:42:29,2017-04-03 11:52:52,2017-04-13,7f5c6e0414d78b89d32b504bf2d36afb,2017-03-27
3689194c14ad4e2e7361ebd1df0e77b0,40e2d0d7f6579118d9c02dcabf1fff65,delivered,2017-10-18 16:01:53,2017-10-19 16:14:29,2017-10-23 14:41:51,2017-10-26 16:08:57,2017-11-07,764bf13c9f7df277b9c0950b88b4c3eb,2017-10-18
b779a5a05a7f2a1955da9631df2a275d,99fca759c58d196a5c671cd079fdc16b,delivered,2018-01-26 17:07:28,2018-01-26 17:23:04,2018-01-29 17:41:39,2018-02-02 15:15:14,2018-02-19,6cd44af71dd90a84539acf678558dd13,2018-01-26
9be2582f6092606b2b3e9607581df63e,801ba07aa2b4e4ce09beedfceda64766,delivered,2018-01-11 13:10:48,2018-01-12 02:37:39,2018-01-13 02:51:34,2018-01-18 20:33:08,2018-02-05,522129188d9d37ee96e11dc42afdf903,2018-01-11
6c2c70815110121a6d8183b1f605bce0,97c13b305177b18f0a127b1398264870,delivered,2018-06-13 16:44:29,2018-06-14 02:17:47,2018-06-14 12:20:00,2018-06-18 19:22:21,2018-07-03,3225d4447ac52d32cd299b1bd326d29e,2018-06-13
c11b9c3650e886882788fb2f834dd152,2babdd28e3330374189b7be848c4342f,delivered,2017-10-15 13:14:57,2017-10-17 03:49:32,2017-10-17 15:25:59,2017-10-28 14:42:21,2017-11-14,70bc99ce1ad1307c3b9ed7a4e88ec99a,2017-10-15
6c8e518ac12b63752ec2f566bab61b79,95adab33dc843e33dbe2499bd2ce40e9,delivered,2017-03-26 09:05:42,2017-03-26 09:15:16,2017-03-28 13:48:21,2017-03-31 10:04:08,2017-04-13,02ae5429a2a0c57554a8d4b7ed04b7e2,2017-03-26
183e1cca7e6e1aa97b65598a1b2fe6ea,c360bd993e7f4afc779462c4dae4e2e7,delivered,2018-03-14 23:49:32,2018-03-16 03:25:08,2018-03-17 01:58:33,2018-03-27 02:17:03,2018-04-10,a4996d00a712bb29677b77bcefa587e8,2018-03-14
f4dd7fe0a280db5ce3ad8d200ab0e93c,28f8b98795a100b5782dd3977dc1c84a,delivered,2017-10-16 17:09:59,2017-10-16 17:21:12,2017-10-17 16:47:58,2017-10-31 18:16:33,2017-11-08,b21e92ccede453101ba84b121223c7f4,2017-10-16
198d8b83646f4c7c43be3a2e59364f1a,673c306944b76773b1ec7b6714ea754d,delivered,2018-05-08 15:15:02,2018-05-08 15:36:29,2018-05-08 16:34:00,2018-05-15 21:31:09,2018-06-08,91f15ef4db3006a762bc7e46aa544393,2018-05-08
bd6dce6c4936210f8fd197e2ba523fae,5614d75ab87c9cdd15aaa56ac850d034,delivered,2018-01-15 14:04:11,2018-01-17 03:39:29,2018-01-22 16:45:03,2018-02-21 15:29:37,2018-02-14,3a9aab332d472e048e154f1d1b8ea615,2018-01-15
e4332fcdfe53c13a7ac6feff6e31b6b2,7853d90ea3e84a965b9c72a0ac7abf5f,shipped,2017-10-12 00:04:51,2017-10-12 00:28:35,2017-10-13 19:33:51,,2017-11-06,204d2cf7c29b0399507f900f6b55a582,2017-10-12
1ba061d75a157b11f745ec097005eda4,159f1c87084f4debf9fd5997e4f625ce,delivered,2017-08-31 17:33:31,2017-09-02 02:45:40,2017-09-04 14:09:55,2017-09-13 17:32:17,2017-09-21,9d63c530c6dd3a547a40648e530bf21e,2017-08-31
06ab29b4849c4417bdac17b1e8a6e482,1f2fc9a5e5b79afd37cab0a1458277c2,delivered,2018-01-09 09:23:33,2018-01-09 09:32:35,2018-01-09 17:27:30,2018-01-11 15:48:43,2018-01-26,5d015eb911244b84cf8b5aedc7fd6f04,2018-01-09
4615129c8ec596bf8b287b95934c7b78,e97bba2718a6ad6031cd22ec08306c0a,delivered,2018-05-03 17:03:37,2018-05-05 02:35:11,2018-05-07 14:34:00,2018-05-11 22:08:55,2018-05-25,0b9779fc6ad98cb8c70a27bbf997d8bc,2018-05-03
660a02c58e33a4d888a10733703398a5,ec418576fd34a1b78480d1f2cb6efe97,delivered,2018-05-04 13:31:32,2018-05-04 13:51:08,2018-05-09 11:21:00,2018-05-17 21:21:28,2018-05-25,947f166e72623f7311d8e7a20b780ec2,2018-05-04
e41e7842fa15d821ce598a8b80915cd8,22263f5c5d6ca2fe997157c56fdf05e8,delivered,2018-08-27 22:34:17,2018-08-27 22:45:14,2018-08-28 14:15:00,2018-08-29 20:02:13,2018-08-30,31ffd7ebf0a3657a9d21ae8f3f302164,2018-08-27
489e9a78bc86403a43eed56b15c7c266,2acd4f56553f6a9b55047c9412e42ce6,delivered,2017-10-31 17:00:09,2017-10-31 17:32:14,2017-11-07 19:07:31,2017-11-20 22:36:27,2017-11-21,c4044b3ce2b3dd4f86cee01c54dfd44d,2017-10-31
935c371b7a2e36eb22eb8e1031186ec4,eda568e61068a95e0c5d8f13b52e190d,delivered,2017-07-16 01:04:02,2017-07-16 01:15:39,2017-07-17 17:34:58,2017-07-31 22:33:18,2017-08-16,b14b300adb85ecd1176d98768fdbba74,2017-07-16
994c71d451ee0dd361119399d7ade19a,1441e5e09ae697e64322b63d1909bd4c,delivered,2018-07-16 15:16:46,2018-07-16 15:25:16,2018-07-17 15:27:00,2018-07-23 15:31:16,2018-08-03,fe9f91b1ce7e2858c7dfd3fbca948db0,2018-07-16
67140d21efc3fbf8dbf3cdc8f2aaf005,33c05f040b3bb6708e7693876eedbabb,delivered,2018-01-31 11:57:33,2018-01-31 13:52:06,2018-02-02 23:51:59,2018-02-14 22:28:51,2018-03-08,1d22e5237cc19497587227c2a416804b,2018-01-31
8f1379d8dae370a771036f31d6b19560,7031864739c61a5d7a771f224a9f295e,delivered,2017-02-17 18:06:13,2017-02-17 18:22:51,2017-02-20 13:53:29,2017-03-01 15:24:05,2017-03-17,c828808ebb0358bc61afbe589e2ac125,2017-02-17
9ee05256cfc9c15eb6b752dadd498501,d868158cd6433a3fbb700da54594b05a,delivered,2017-11-04 12:00:59,2017-11-07 07:30:29,2017-11-07 19:54:47,2017-11-08 17:19:33,2017-11-21,f0d8077a3a9e24262cba3f1d2ea07368,2017-11-04
15584854fbd0fc60db2724d79a08330b,37f58f1d7a8bb23f1343a3da94ac40e4,delivered,2017-09-28 14:30:21,2017-09-30 02:14:46,2017-10-04 17:13:39,2017-10-06 17:52:23,2017-10-23,1de6d307a749bd18bbb50fd2baf2294a,2017-09-28
84b9993a4d8ffc1bde2fade8466fb07b,1cda2121be084b488b6ca6d827520919,delivered,2017-04-24 23:16:45,2017-04-24 23:25:19,2017-04-27 05:29:31,2017-05-11 05:33:50,2017-05-23,d244eded4b8968a6c533fde90dd4eb5b,2017-04-24
6471b260244ab316f8331321d689aff8,8310ed73d01e240966ac0b8127bc68b9,delivered,2017-09-16 16:01:47,2017-09-16 16:10:11,2017-09-21 19:44:09,2017-10-05 16:09:29,2017-10-17,dbbeccb05223aeb715c459c496258f4e,2017-09-16
fa9a30d528467b9e8e4ec84a6f9c4918,cf328e9adc688594ad4fc88c71d74590,delivered,2017-11-18 20:09:29,2017-11-18 20:26:15,2017-11-24 23:42:29,2017-12-06 20:10:53,2017-12-14,2743858792f616ce530a09f2d7f924ca,2017-11-18
50ce8749a5de60da0378aedfa46c1e6d,64cd9338d3ef094dd406d660f738e7e3,delivered,2017-09-10 16:58:59,2017-09-10 17:10:16,2017-09-13 16:28:48,2017-09-28 16:38:08,2017-10-05,f22107767172fbb6d8b0fb8b2229522f,2017-09-10
b81dc96814c73196e795524a469a2c35,ed3f4ba1e8981bd3773207b41a9de82b,invoiced,2018-08-07 19:13:51,2018-08-07 19:25:15,,,2018-08-21,3fe6e0ec04e3f210fccc62a5fda8a6a0,2018-08-07
40ed521be6e8041228d8007df60b8d47,ec1a4fc006c3758824c06841fd07c6dd,delivered,2017-12-19 11:21:25,2017-12-19 11:31:32,2017-12-20 23:59:16,2017-12-29 00:54:45,2018-01-12,ca2d7d8a783e0374cee52683dadb1089,2017-12-19
370e2e6c1a9fd451eb7f0852daa3b006,55f7adf99fd2a2c01af34e2dfa272c9f,delivered,2017-03-11 18:34:44,2017-03-11 18:34:44,2017-03-15 07:34:16,2017-03-30 15:47:50,2017-04-10,f9ae226291893fda10af7965268fb7f6,2017-03-11
52463ab7b28436f48c3ae2a48bc87ef5,42fa526f0f58f2ee8ee4c7791489426b,delivered,2017-09-01 17:56:59,2017-09-01 22:31:33,2017-09-06 19:37:40,2017-09-16 14:07:42,2017-09-26,de8717915181b17553183733eac66c33,2017-09-01
e80e2664d9e641d53ecead2bda1c5879,c00d2790175a7606d80d2a6b105390ca,delivered,2017-03-05 13:54:39,2017-03-06 13:10:59,2017-03-08 13:22:31,2017-03-14 11:42:47,2017-03-28,58aa21fb124635b10d46f253b0f65348,2017-03-05
505fc168ab839b442d590113f07ce67f,9da75a87d8365521c6cbb006f58686dc,delivered,2018-08-10 10:56:36,2018-08-10 11:05:17,2018-08-10 13:28:00,2018-08-23 21:43:53,2018-09-05,48d767f982023e9698b1b07a87e1df05,2018-08-10
c2a8cb0a8bf007dbb36ed1c3bda6aeae,2c3d6d3172a4df1dba737f827dc503ec,delivered,2017-06-30 08:50:38,2017-07-01 04:43:24,2017-07-04 17:15:51,2017-07-07 18:58:44,2017-07-24,c6191874019c0cb3ff510f571bfe6ae0,2017-06-30
40d107a58a8282eacb49320fb8657036,c2685a05ad83cd0ced27766071ea094c,delivered,2018-03-09 12:01:29,2018-03-13 03:55:33,2018-03-16 18:39:07,2018-03-19 16:18:35,2018-03-21,d767335b2aba2373545dcb199663aa3a,2018-03-09
3527757627581376738f42de35c87935,42b14764e9cf800aec2f02be2a085514,delivered,2018-04-02 01:19:30,2018-04-02 01:35:15,2018-04-03 19:47:13,2018-04-12 14:59:47,2018-05-08,e8606b2433ed009a32f7a35dcbc84d83,2018-04-02
baa5545eb30192ce3b92bcf1b8e19437,ff5a01862583adcd0f1715bb88931be2,delivered,2017-03-06 20:43:07,2017-03-08 03:15:10,2017-03-08 08:03:52,2017-03-14 14:34:14,2017-03-27,dd7c74023d4db68b3289a486601d0984,2017-03-06
b219de816ac1fb22f2810734825aa76c,42bca2a6ab49d3415f30b19f265720f1,delivered,2018-06-12 10:48:25,2018-06-12 11:19:55,2018-06-12 13:06:00,2018-07-06 01:18:32,2018-07-20,f6918f8ded615979a3ee192fb4697f85,2018-06-12
cb122b9cb47f1559e0bc3dc167bc38ed,51965bd257c834f80a6dc936635a3ca4,delivered,2017-10-10 12:31:21,2017-10-10 12:49:26,2017-10-11 19:58:30,2017-10-19 16:29:10,2017-10-30,7371189c8632ddaeb1e55bb5ed167adb,2017-10-10
570b8c11496979f54bf5bb027e86fcd2,dfeeff17eede15ddd241f1b3071a541c,delivered,2017-10-17 09:06:08,2017-10-18 02:57:44,2017-10-20 19:52:48,2017-10-27 18:07:52,2017-11-10,86c4249a58f7e18215e3bce9c836e28a,2017-10-17
c672b98a0a2c7259aefae3ac12397137,1818b3c40abed69918807911cad86ade,delivered,2017-05-22 12:10:50,2017-05-22 13:05:49,2017-05-22 20:54:50,2017-05-29 12:13:27,2017-06-16,b8cc2a0133d62f6aadc62534421feac2,2017-05-22
3090dd6007fdfb9b78972782cb7cfbd1,dce33dfaf44a90e82481892c82729efe,delivered,2018-05-14 09:13:03,2018-05-14 09:32:27,2018-05-15 15:39:00,2018-06-09 16:28:34,2018-06-06,dc6e5518ceb6ee64c37635e3515ea380,2018-05-14
329dc72939ca5ca51023e9e8b2d4ca78,9d3024fe924d8bcee342b205d1b70090,delivered,2018-08-22 22:36:53,2018-08-22 22:50:15,2018-08-23 14:58:00,2018-08-29 20:31:52,2018-09-13,ed9804f42ea58ef893439f6cd0355cf8,2018-08-22
ebdc2767784904d954117766b466ab76,36596d0942c2f9e6a1bb3673aaf75ef6,delivered,2017-11-16 17:01:40,2017-11-16 17:16:04,2017-11-17 20:43:39,2017-12-23 18:23:38,2017-12-12,0a560001d863c6894f8ac7508b2e4b7f,2017-11-16
e934b2954c4889c8f00365ddf0ca9256,f7e1e56f489ab7f79c3038d4ccc571b2,delivered,2017-03-06 09:00:37,2017-03-06 09:10:14,2017-03-06 10:47:49,2017-03-14 04:58:59,2017-03-27,574f5d9a334a2c41da10e7c1eb917526,2017-03-06
9c6b8dfbae8e7bac6fa1e9f198a5bb76,2249f071408bcad102a960d0c0d4f271,delivered,2017-12-06 09:47:56,2017-12-06 09:55:25,2017-12-06 17:59:27,2017-12-22 18:10:14,2018-01-05,43c987287f3384c6f9e9838edb2a6f82,2017-12-06
758bed4c2450a7378b75ad480da89662,ed9315449fb7309a249c80b1da794775,delivered,2017-09-04 21:48:50,2017-09-04 22:04:15,2017-09-06 16:58:06,2017-09-08 21:17:45,2017-09-15,ee3adea169ca02ca9bd1e80bc620856e,2017-09-04
2dbe4c889950d30ef0988bbcac7ca86b,28f39e74fdd45c116b369e904c3a82c6,delivered,2018-01-22 08:16:50,2018-01-22 14:12:46,2018-01-26 00:42:07,2018-02-03 20:22:53,2018-02-14,104bf655bf50ee72770d78ef753d4c62,2018-01-22
3d989e705eac70bfb1f4a430924f3402,58cc4d3f5e77f3ea1a9f93f1f751fac0,delivered,2018-06-25 08:27:21,2018-06-26 05:15:24,2018-07-03 13:34:00,2018-07-11 18:08:53,2018-07-31,6d1206f12bfcc03a5eb67892d3a6d86e,2018-06-25
5f9e345bd69028860ff1b6a72c26dc45,93168e8e25b26fa8eef878cc62adb380,delivered,2017-06-08 17:42:20,2017-06-08 19:20:21,2017-06-14 07:49:00,2017-06-22 11:37:55,2017-06-29,12b3c35f9498deca802f387aa8cf735d,2017-06-08
837cfe6109d725950d55450c2121f7ee,d40de5aeac0e2f41891b0d062fc4b918,delivered,2017-03-07 13:42:13,2017-03-07 13:50:26,2017-03-08 15:17:19,2017-03-17 05:59:04,2017-03-30,b8b48f488d93f7a62b982c9f7ccc322a,2017-03-07
094303c767dff093564257cc4d0e2c29,dface4a39e0988b07091bee092e06a0e,delivered,2017-03-19 16:55:53,2017-03-19 16:55:53,2017-03-23 09:33:04,2017-03-31 09:13:39,2017-04-24,177c725937ae5f96171bb8b43f196dfa,2017-03-19
7086e3b83e873f58a6933c0bbf734d19,5e0636e454fbf409d959e77c49a9e70b,delivered,2018-07-20 17:59:22,2018-07-20 18:10:20,2018-07-24 12:13:00,2018-07-27 14:03:25,2018-08-10,f2f82dd102c0fa36ff499e336f26ab38,2018-07-20
9728fc5dafb0d30b3b81562583396f13,b2efbe838b23a25bd390d03e4f6b9ba8,delivered,2018-04-27 18:12:14,2018-04-27 18:32:06,2018-05-02 12:52:00,2018-05-19 10:17:44,2018-05-24,0ed267eed750b4c8770aa1132b672f84,2018-04-27
504779028c4065be89d73e2b2aac60e2,6b4bbd473972925850acf5c7ff0a3b9e,delivered,2017-03-21 14:37:07,2017-03-21 14:37:07,2017-04-03 09:52:21,2017-04-11 10:32:07,2017-04-28,44a71455db7547f0b181c31e2eccd4d5,2017-03-21
719027b52e8d8311d1550f3c980dadf9,1d7c0665130e4bc5656f0984641199ae,delivered,2017-09-13 16:10:27,2017-09-13 16:25:41,2017-09-14 17:23:59,2017-09-29 15:22:46,2017-10-10,7834d4c8f1521e9f46f8aa332621fae0,2017-09-13
75e7e33e52d884da90b436ae1da13be5,0127d98d4a7e205081ddac271d6b8e52,delivered,2018-01-07 22:26:40,2018-01-07 22:33:33,2018-01-10 17:48:51,2018-01-15 16:58:47,2018-01-24,c0f2dff1f913fe4237f13f4c98ecdd5a,2018-01-07
b330ac45859df51adcd01c1c5257b231,30a950c5bfeb5af9fa8ecb7bbb0f38f6,delivered,2017-05-16 09:53:59,2017-05-17 09:50:18,2017-05-18 09:27:38,2017-05-23 11:57:37,2017-06-08,9eaf3cad24842d2e76c376119e26bfa8,2017-05-16
d75cb3755738c4ae466303358f97bc55,ea21c25f85f7532101bb681731fa8ce3,delivered,2018-01-22 19:46:58,2018-01-24 02:53:17,2018-01-26 10:39:12,2018-02-08 13:13:01,2018-02-20,d3581765bcf955dcf282b1642c74157c,2018-01-22
b7b4ac6cf1e3f2b55add5793768dc23b,57f0e44aca47fb9bc86427aeb98f8496,delivered,2018-07-07 16:56:54,2018-07-07 17:10:10,2018-07-09 08:47:00,2018-07-12 18:22:09,2018-08-02,19506c32fa96c6fa4505b4e3ad453b7b,2018-07-07
fb699452d6799cc45801c305bc0db749,68fee6738238719fc44935a11806101e,delivered,2018-06-24 13:53:51,2018-06-24 17:18:22,2018-06-25 15:08:00,2018-06-26 20:03:58,2018-07-12,6243210d069faac05f6375c14bffd47e,2018-06-24
7786642062339870927e5c0dd845985c,a1cd5efdca80422ec1850ef1c30679da,delivered,2018-03-03 22:22:38,2018-03-03 22:35:31,2018-03-06 17:59:02,2018-03-23 19:19:35,2018-03-22,34471a8e1a3d5425d255efa7d4b06220,2018-03-03
86c4303307d8b4c57e6359d46e938407,12c909b646762b18b93b1d61d4efcfd8,delivered,2017-06-25 16:16:00,2017-06-25 16:25:12,2017-06-26 13:07:27,2017-07-06 15:06:45,2017-07-19,51c2f039f08424330a6bbba4c9949d98,2017-06-25
a7a7d1f3081a018e9b2ec194066028b4,294e8fb2739c1d6a392ac5ed4f8d6aa3,delivered,2018-02-03 20:39:16,2018-02-03 20:50:26,2018-02-06 20:42:45,2018-02-10 12:47:25,2018-03-01,871c551c07c115996d3bd224f8ee5546,2018-02-03
0f77d110146ab4471e3492fa504f6377,0c37de9d0308364cdcfc8c1b2c5e7d11,delivered,2018-02-06 23:55:54,2018-02-07 00:10:33,2018-02-08 01:22:21,2018-02-19 22:08:54,2018-03-08,8afeceaa56e63d90251c475ab609dc58,2018-02-06
dcbf6ba1b6e503c2bc0a5a5e833e3174,7505e32ceab3642b215f1dad52232e45,delivered,2017-10-30 10:59:37,2017-10-30 11:11:16,2017-10-31 19:26:51,2017-11-06 21:49:27,2017-11-17,b9b5e4e35643f76076949133986f3b5a,2017-10-30
edcba1bf22c77c87ed44ca2402d92efa,f0f97266247be04325dd7378f92d920f,delivered,2017-12-12 22:28:27,2017-12-12 22:35:45,2017-12-14 16:44:11,2017-12-29 19:16:11,2018-01-09,79163202b077b7ab7ac11aafc5132e98,2017-12-12
3195c228f36c525c75f392549eff247f,6e2f9669ec885545110930d8103b5517,delivered,2017-02-23 22:06:24,2017-02-23 22:15:08,2017-02-24 11:43:07,2017-04-10 14:07:37,2017-03-16,945c2dc6c49b29e7329378181832ff93,2017-02-23
64fee01b4774a493de37aafa79a3d434,6f3a868402ca6c2fdf89a003fa9c49b2,delivered,2017-03-06 22:54:45,2017-03-06 23:05:20,2017-03-08 10:42:01,2017-05-16 13:47:52,2017-03-31,06c41bfdcfbb58cc7dfab0a107cd6436,2017-03-06
a6a1840fec3ecb04c489ffa4b2354631,c15b8062b4d0c30fbce33bce7715eae4,delivered,2018-03-04 21:58:12,2018-03-05 21:55:25,2018-03-06 20:27:45,2018-03-28 19:14:53,2018-03-21,f41158f81744cfd80d1f65c0f2915d35,2018-03-04
5db9b8f52b7f31e8ff3bd6111936000d,c325082376bffb2c2a229f640a6bba05,delivered,2018-08-07 08:41:50,2018-08-07 08:50:18,2018-08-07 15:56:00,2018-08-15 00:12:01,2018-08-27,1be4b3e9d2811e17fbced81bbd1dbb50,2018-08-07
3d9db74ebd029e82a9faec705ec2dab6,bcaa2cc585f77be679741d1d1fa8b4ac,delivered,2017-11-28 18:58:58,2017-11-28 19:11:35,2017-12-05 23:37:54,2017-12-14 21:09:47,2017-12-26,355e2999522b2ac86cb892a18fdbf0f4,2017-11-28
04221a4eb2e1a30903ffaaa72f8b268c,ebda943a2404d5532405326f2673ac91,delivered,2018-06-29 11:03:15,2018-06-29 20:15:10,2018-07-03 11:01:00,2018-07-05 21:37:29,2018-07-20,b1addddee0c4b35550114227d2328cc4,2018-06-29
d63a97a769887faf8e6c810cba555ebc,b89a4d0f2743a6ac27a4393b5fb63371,delivered,2017-11-07 13:01:15,2017-11-07 13:15:40,2017-11-08 21:41:06,2017-11-13 23:27:33,2017-12-04,62c54bb25534d79bbbd52c3d9de4c1bc,2017-11-07
f23793738e43d0f06f5c84486239ef45,687a8d0f9f48e958e28dab91da45a55c,delivered,2017-07-05 12:27:30,2017-07-06 07:15:22,2017-07-07 15:56:51,2017-07-17 23:21:35,2017-08-08,1802564b88918412a66fd35c3a0be598,2017-07-05
d6199904747af716384a5ddfde0e4b9f,5c021e3084ad3e3217045ef92245ef06,delivered,2018-03-06 11:53:40,2018-03-08 02:29:27,2018-03-09 17:36:33,2018-03-21 01:12:35,2018-04-04,4f8e0cd35c770318d9e8874c2956345a,2018-03-06
08e744bae85a55aa0143f7b41878a45d,5acaa0f6483771e35b156b28688839b4,delivered,2018-06-12 15:02:02,2018-06-12 15:46:57,2018-06-13 12:03:00,2018-06-20 17:38:34,2018-07-04,846ec9b0839996e86121ab30c9408a81,2018-06-12
cc24df8244d2fa6c7cdf82f11f85b001,5c8e527f6e004497cd4aed697e6dfb45,delivered,2018-03-25 23:55:06,2018-03-26 00:10:53,2018-03-28 22:04:19,2018-03-29 14:32:30,2018-04-06,04bd4fd3eeec7d0cac94134006ae6da8,2018-03-25
491a1961ff53513a57fa193570a11311,0306418261763252d46c47f9251e76e2,delivered,2017-07-29 11:51:12,2017-07-29 12:05:30,2017-08-02 18:57:35,2017-08-11 17:58:08,2017-08-29,470adde7d91f2694e38b79cb314252fb,2017-07-29
341aa5f2e049abdcf01324107401e6d8,5692d3dd6b2a9e79cc0f87c32932e5eb,delivered,2018-07-31 12:05:31,2018-07-31 12:40:12,2018-08-01 11:20:00,2018-08-06 20:36:53,2018-08-13,a9c58149b8d3e6d19d3f1cc6d9fc8d10,2018-07-31
dc80f04232a571734b52cd2c5b40a9f8,eab4d34332351e5db1bd1fd635065fe4,delivered,2017-08-15 17:08:00,2017-08-15 18:44:31,2017-08-16 19:53:50,2017-08-28 16:03:31,2017-09-11,754f0aa37a9a58685e42e70973bc511c,2017-08-15
9434dbf9745b53e6da97527b226f9219,ad2b60a04f13841b2e58de3556c2544b,delivered,2018-03-19 16:04:20,2018-03-19 16:27:23,2018-03-23 19:46:32,2018-05-03 02:38:31,2018-04-10,9914b30abbc4f22432cd5d3d9ba03d18,2018-03-19
5dfcc26420fd2e456e613e8dfbe6da34,5bb48db9d466101f820442f47014cf66,shipped,2018-01-13 15:41:34,2018-01-13 15:51:28,2018-01-15 16:09:59,,2018-02-06,592c4dd3ead25442e70463fb76c466e8,2018-01-13
86ab8c67b078c9f06af6425f03dc508f,ae6ab14831add8aba2de8b13d0ac1daf,delivered,2017-11-24 00:37:39,2017-11-24 01:10:44,2017-11-30 15:59:42,2017-12-07 16:43:28,2017-12-29,b7afc3a32c7c5ccbac116285bb835ac2,2017-11-24
d7d3a4c2c9adeb4eb48ee89382f89a87,595698b5f1c1d1d0118057e3ae454058,delivered,2018-05-01 21:36:26,2018-05-01 21:51:38,2018-05-03 08:40:00,2018-05-08 16:12:16,2018-05-22,50ba69e2245e99acaadb99b018ba505c,2018-05-01
509e842f25a95f3f7d53fec4c0b66501,55ee78889eccfefb08eaa053d161d1cf,delivered,2017-10-21 19:37:10,2017-10-21 19:49:33,2017-10-24 18:57:40,2017-10-31 15:16:05,2017-11-03,a57a9fcc0e53020ab47b3051ea497494,2017-10-21
c205abf27ff07fddd3fa9a67037138e5,b7984401569369a9695e7d3f5c66c4d1,delivered,2017-12-22 13:43:54,2017-12-22 14:57:24,2017-12-26 19:03:22,2018-01-10 20:32:48,2018-01-22,352edc42ddf92161e32abb07872de623,2017-12-22
22a5a3c464e26235c7eee056a3ca977e,6317b5bfbd32f5cbf2995601a5b0673d,delivered,2017-12-09 07:28:36,2017-12-09 12:38:21,2017-12-11 18:58:01,2017-12-13 00:09:19,2017-12-28,2edb7834d5a140caee6b83c182db4aa4,2017-12-09
6e1d72c49d6aa8e6a4c5670c6ae13c72,6dc1bcef448493d31be69e13dc73a07c,delivered,2018-07-14 23:50:02,2018-07-15 00:04:08,2018-07-17 12:46:00,2018-07-24 23:16:43,2018-07-24,30b782a79466007756f170cb5bd6bbd8,2018-07-14
abdd969b6261591f58d7f5fcc24c30f1,5bb27fe3fc3b5fa97f2ae7d2ba599a53,delivered,2018-03-06 16:33:49,2018-03-06 17:20:29,2018-03-08 14:09:49,2018-03-10 15:32:35,2018-03-16,099903381d6bf9f942002117d3d48710,2018-03-06
8cf0f8036fecc83aff5f07f4b5a4db55,500d19ce7db9f10540bb6a251379cc6f,delivered,2018-04-16 20:33:44,2018-04-17 14:11:30,2018-04-18 21:50:55,2018-05-08 00:27:34,2018-05-16,ee14b494d75d6bfdfb18c3456f37ee2f,2018-04-16
1985dcd0eb8cb683615c1d2b8f324572,7043701548d462c834782d596ac13466,unavailable,2018-05-01 14:41:25,2018-05-02 14:59:49,,,2018-06-01,6a02391b65b57634144fc612aa9f108e,2018-05-01
063be5d2e54f57f9673b26b87c8d8bfc,c3d53f4a39f61b483aa1746e60a2913e,delivered,2017-05-08 22:53:37,2017-05-08 23:05:19,2017-05-09 10:42:53,2017-05-13 10:22:52,2017-06-09,a8807a4faf40da4e8def0353a612677e,2017-05-08
395bd24a9f47fbb2a849ce49d4a04a97,8edfa29a17af5fe117f174c9d8995526,delivered,2018-01-21 13:11:51,2018-01-22 13:50:07,2018-01-24 01:39:14,2018-02-02 20:58:30,2018-02-06,d64729c1f8834e961018eb9378724361,2018-01-21
81378cf8e638ced3a370966f23a32ca4,0351668263fb4722095bb1db517004f0,delivered,2017-11-22 21:15:27,2017-11-22 21:26:33,2017-11-23 10:04:35,2017-12-07 23:51:45,2017-12-12,9bb8248ea4f097bd7420bbcce016840e,2017-11-22
d22de2b954752f441e769425053dcbd7,e6b790c480ba073afae50cd81e66c2f9,delivered,2018-07-27 18:37:10,2018-07-27 18:50:19,2018-07-30 15:32:00,2018-08-02 19:26:37,2018-08-16,184daad168b4f72322110f787d236f36,2018-07-27
b48623681f64bf6e435076c84b3eb077,47ed96cea4db9f8abefe2a0c30ad997a,delivered,2017-02-16 09:42:38,2017-02-18 03:15:31,2017-02-21 16:08:34,2017-03-01 12:16:05,2017-03-15,a0dc5366225164576f09b656221c05d8,2017-02-16
6d2902f0339a16700f1e5f8649112ef3,37d102be3b621f10e235c1e5420f00c1,delivered,2017-05-20 16:42:07,2017-05-20 16:55:14,2017-05-23 13:37:51,2017-05-25 15:21:40,2017-06-02,ff9ff869636c26565ded16038be5fa7d,2017-05-20
0c87dd1621990a460672f431810cb35c,d89b1257a6d34bbbbb9d3741fd88c3b2,delivered,2018-06-07 11:29:13,2018-06-07 11:58:30,2018-06-08 11:00:00,2018-06-19 14:59:41,2018-06-29,e349179dd1f912520636566e21d5c308,2018-06-07
8b5883ec44f905583a827ff06b986a6f,40347ab50e70f84eb4281ced0126b3ee,delivered,2017-04-25 14:30:56,2017-04-27 13:10:24,2017-04-27 14:56:35,2017-05-03 10:54:50,2017-05-12,0d2dc42990be5eb0afd437dc25676006,2017-04-25
dbcf58228a08ba02230fb4a888fb988d,9e6cae17256441213a833b1092984bf3,delivered,2018-04-22 13:14:33,2018-04-24 18:34:08,2018-04-23 19:21:01,2018-04-26 20:26:37,2018-05-11,c2761496761972cc52bd5f4373e744d9,2018-04-22
c9c25c5398564d49b8e1db3c3e620d4d,03440934dd266ec0b356eed6e0191612,delivered,2018-04-03 14:14:35,2018-04-03 14:30:14,2018-04-04 22:16:34,2018-04-23 20:30:44,2018-04-26,2f4118eaf3d3df4bf8c3d57f8c2bb1a3,2018-04-03
500e2838d85214e92e2c15b2fd5303b7,f78c8b0641299a312f545dd0d783b7ff,delivered,2017-01-24 22:49:12,2017-01-24 23:02:06,2017-02-01 09:04:21,2017-02-08 08:04:49,2017-03-03,d8597267ec0a9fc0eaa100bf063b7b1d,2017-01-24
f70bcdfa88e05f7e1233b958f9c7824e,1344fbf68f664eebc30ce0152fe87f01,delivered,2018-01-12 21:58:11,2018-01-12 22:08:18,2018-01-15 23:39:14,2018-01-28 18:14:44,2018-02-05,9487933d33666fd8e7da139dae449f56,2018-01-12
d4b43f099e2e2c48aae8090b1d632903,c0ee228fff37a57a46b0997c2c2bc190,delivered,2018-07-04 20:43:19,2018-07-05 16:12:52,2018-07-05 19:20:00,2018-07-06 20:58:31,2018-07-19,6def4b75da82cbe6486b452104ffffbb,2018-07-04
63001e1c2d2bbc51ed386b4830c757c8,72faf3075f590421c984b38197bbf833,delivered,2017-04-08 20:41:54,2017-04-08 20:55:16,2017-04-10 19:22:20,2017-04-12 13:58:03,2017-05-03,3b9c93b136fe968c604abd43b37295c6,2017-04-08
b7ae7c643ef9274727f48dcb0ba08593,be631308cb609ff74d0e0fb54815e18c,delivered,2017-01-25 16:51:27,2017-01-27 11:50:24,2017-01-30 16:22:11,2017-02-08 08:38:49,2017-03-06,1c137fe37df712015f6488edafe8ece4,2017-01-25
b4678434718dc9db31e1aa674f117169,f81efa4c34209e2098ea6196ac653aae,delivered,2017-05-03 14:22:02,2017-05-03 14:35:29,2017-05-04 20:13:06,2017-05-16 16:42:40,2017-06-02,85044d903fab10dc5889129a7f828195,2017-05-03
3c415210065a46fd831a05ef3fec9639,397814084ac415a056853092f220a4a8,delivered,2017-03-18 21:39:46,2017-03-18 21:39:46,2017-03-20 09:06:11,2017-03-28 17:07:52,2017-04-10,02c2bf0584517bcaf707619e633fa6ee,2017-03-18
7147bfba27147cf06600e5a1577d3a4b,c9208241068995082892e349a3c93140,delivered,2018-02-27 13:23:37,2018-02-27 14:00:26,2018-03-01 14:05:05,2018-03-14 01:51:43,2018-03-19,65d6b6a1113bd6152e3307e99c5104c9,2018-02-27
2b6f54b1e447bf7916396c36596c4e9e,3aa168bfad024da059211a55f98f4508,delivered,2018-02-21 15:59:28,2018-02-21 16:15:45,2018-02-22 19:33:45,2018-03-08 16:58:47,2018-03-14,45a821758a1de5040b127ce1e7523f1f,2018-02-21
c191988613dfd09d8904cc6b1147012b,fb5c27af6d623bc59e8a201bb84a8cfa,delivered,2018-02-03 10:47:15,2018-02-03 11:10:39,2018-02-05 23:34:51,2018-02-16 13:19:57,2018-03-06,b0e40d638230e7b0e8ab05319f75c50c,2018-02-03
148b8fe4a8be036e41ab3bfe75e5a592,972713eb3ddcba5085c76986935f26fe,delivered,2018-02-19 16:43:47,2018-02-21 06:10:12,2018-02-23 22:52:47,2018-02-26 20:35:55,2018-03-05,08217552239cdb1d7df3f90e9cc97370,2018-02-19
388ef804dd3afbcde7d2ba26480d0bb0,8f56c3486e99c4d3ef8796b59dfb5012,delivered,2018-05-16 23:27:19,2018-05-17 00:17:26,2018-05-17 12:55:00,2018-05-22 18:34:33,2018-05-30,0a6aa0e0c21e3ac12b0747949c4a2d2b,2018-05-16
af8cd0ccf7bfb5bc0998744b1ff8c08f,e43366d6939a89d151f1ad9246d07b8f,delivered,2017-09-02 11:21:41,2017-09-05 04:11:03,2017-09-06 17:47:36,2017-09-15 01:04:09,2017-09-22,9e6d7b03c60ff48f799449be3fbcd16b,2017-09-02
36b3e868e7c59377f81266ad905cbdb5,f20ec16f76db30b1d529b37ad9d6c46a,delivered,2017-06-22 19:18:24,2017-06-23 02:30:09,2017-06-23 13:12:45,2017-07-12 19:17:58,2017-07-20,beeabe8deffa11b18c2a7fed32b92c60,2017-06-22
31f8ec47a5ed8e8e24f730ccbb66baa4,bdda22735ca173eeb4725c8d8dcce39d,delivered,2018-06-30 12:46:42,2018-06-30 12:55:26,2018-07-02 14:11:00,2018-07-05 19:31:48,2018-07-25,194f1bab01e4e36f4255603e9a427b89,2018-06-30
a70e674cb417d64ebfc3ea9493ba90d8,9c0b479752d281591ff3ae138fe39b57,shipped,2018-06-21 00:50:08,2018-06-22 00:56:32,2018-06-22 13:56:00,,2018-07-17,5ea3241872d1e34589da0c0f8046f196,2018-06-21
90f56b2ed34b8c5f56dd1255faca84e1,a5bbb6cd2199394f772663b56cef6672,delivered,2018-07-24 11:22:27,2018-07-24 12:31:42,2018-07-24 14:43:00,2018-08-07 18:18:37,2018-08-15,dbc439d21d5e616521349eeb7959ca1c,2018-07-24
eb4d45691dac8a24af06b36b41845e7b,1778ad70f4ea47e65d3ddf0374a98f2f,delivered,2017-11-15 13:28:42,2017-11-15 13:46:32,2017-11-16 18:37:33,2017-11-23 01:03:01,2017-12-06,7881962e941c32573a90b02e07ac82dc,2017-11-15
4eef2062377fd17cb5ddfed73cc1e564,5d305b9adfca9b56ca8cb095226e104f,delivered,2018-03-29 16:11:04,2018-03-29 16:35:34,2018-04-04 02:28:41,2018-04-09 18:38:35,2018-04-23,9eaed62db4e25ad2ac2fcdec58a8e6cc,2018-03-29
eaf42d23fedb6d8d7747c8ab44b8784e,f0fec35cbcc1ab5ab6cc6339950fee20,delivered,2018-03-19 16:34:50,2018-03-20 16:29:34,2018-03-21 20:18:59,2018-05-01 21:20:50,2018-04-10,7e48fce1b9f081327baf3aabf7d1a993,2018-03-19
04f2e760bb583d5d2f8b88e247d58d09,aec38d4420cfbed169a7d1e2163a8154,delivered,2017-11-27 10:28:54,2017-11-27 10:38:20,2017-11-28 20:42:25,2017-11-29 17:16:50,2017-12-12,f4301dc158276be8a00b759b7f1a7f22,2017-11-27
517e0a52c193102990befc46a5c5245a,a998e828a104504f72ceb338f92043b6,delivered,2016-10-06 22:34:03,2016-10-06 23:11:27,2016-10-15 12:24:09,2016-10-18 20:23:49,2016-11-28,b39c8c284dd7875b68a31449852cc76a,2016-10-06
c7f4b989f51d1b737af2004212261508,440790853e2f2be2ed0df532e8e23726,delivered,2018-04-23 22:54:23,2018-04-24 19:05:59,2018-04-24 22:15:46,2018-04-25 23:02:32,2018-05-08,2d50c27c8b28404a6433d74ad19a639d,2018-04-23
60566939937556f587e9c32e761f794b,90349bba553ae62bed5e5d3220deb5db,delivered,2017-09-12 11:38:22,2017-09-13 17:27:51,2017-09-15 19:11:11,2017-10-07 13:56:46,2017-10-05,3f575e5c851e1ffe04a36b263cdda4c5,2017-09-12
f333088bba31372a0764adb36fd357b9,aea4f6f17bc15c55b15c503a4acddadc,delivered,2017-05-17 10:19:13,2017-05-17 10:30:35,2017-05-19 15:11:05,2017-06-23 12:28:54,2017-06-26,ba0fa50929820cee9d1c4a0583d48e8e,2017-05-17
6064862631581009b8eb676bc264d91f,1e9b87abaaa43836c8dca222073a4b09,delivered,2017-04-21 11:24:51,2017-04-21 11:41:38,2017-04-25 08:23:11,2017-05-08 19:51:50,2017-05-26,134381ba9753ac7b47b50259b1834938,2017-04-21
b2b22e6b8ad71ac3e8d2242b8f49c910,a9104f08d9c9512fe781cd8dd337f7ae,delivered,2018-06-05 21:19:00,2018-06-05 21:35:22,2018-06-06 12:34:00,2018-06-11 19:38:52,2018-07-11,7ceea8a1cd325cf3ada8f35d0d2ba36a,2018-06-05
0cbea266e238cccbca8f44662f87c527,97ccfffe894ddb0e47cedf509786189f,delivered,2018-03-25 12:44:43,2018-03-25 12:55:56,2018-03-27 10:31:42,2018-05-03 17:03:55,2018-04-17,a70f7f3e8d47b1ba38c8069096af384b,2018-03-25
c335b739a05623e0b6e674b39acbbafc,b29295a8c5c71f77e6d6d70403519d0e,delivered,2018-02-10 22:39:54,2018-02-10 23:48:24,2018-02-15 20:38:50,2018-03-02 20:32:58,2018-03-12,4bb34da540ac81243b3da4c00de00f71,2018-02-10
1cafec050dfd61009e2efb0428f28438,656f2af665dcba7baee530ca3ac749e8,delivered,2017-09-11 18:30:07,2017-09-11 18:43:24,2017-09-12 19:42:45,2017-09-18 18:15:02,2017-09-28,34a852ee935fc6076dd7b0019c3cb295,2017-09-11
77840c00dc79e7841ea2e4b1de1f21e8,af879b6570973a4039cc44f044ad9f11,delivered,2017-11-24 23:28:14,2017-11-28 02:59:26,2017-12-01 21:42:10,2017-12-19 02:27:41,2017-12-19,af15e990c1cc87013e6819e3da3f1592,2017-11-24
e2fa8f9e055fdb3a78220e1d3a16b85d,1dbc96adb6854a53cd13840541867be9,delivered,2018-04-19 19:41:48,2018-04-19 19:51:09,2018-04-20 18:26:53,2018-05-05 14:37:54,2018-05-21,be958376bd32586c2cf944873e565aa4,2018-04-19
d18bad91398c54df81cafc7b59e435d3,768db0b5fd40b2514b54bb802cf9dc08,delivered,2017-08-23 11:59:43,2017-08-23 12:55:29,2017-08-25 16:34:10,2017-08-30 17:52:55,2017-09-18,63720cc21fb7c27a011e35baeffd3ac4,2017-08-23
3b5e83bf808e04da4aaa1241937881ee,f5761c27a8914fea59ddbb75406d6c63,delivered,2017-11-03 16:46:13,2017-11-03 17:30:51,2017-11-06 16:22:15,2017-11-28 02:24:22,2017-11-28,5f7ec44cc59400e228915ad065285fe8,2017-11-03
f5bce854828285b05f16143027a664c6,6d84c2a1d0700d51abff6b1aa6024a58,delivered,2018-08-09 08:22:11,2018-08-09 08:50:52,2018-08-09 13:32:00,2018-08-10 11:18:34,2018-08-14,ab0369f66ee9ae7a31ebc491f73b5c5b,2018-08-09
b60afd7644cf54fe164f0520a690c1f8,02b93f79beb6ad4bc9f83969200c1652,delivered,2017-12-23 15:19:36,2017-12-23 15:31:27,2017-12-26 18:42:17,2017-12-28 16:58:19,2018-01-19,bf6230fcf1ad130d2bfadc1703c46e50,2017-12-23
87889791f729ac3bc040d1633961d826,b4fea8b00d9af9605b5381e3100a0271,delivered,2018-08-20 18:17:43,2018-08-20 18:30:14,2018-08-22 14:27:00,2018-08-28 16:10:47,2018-09-04,950bc6a4988c1e542ef65b3ec1718c0e,2018-08-20
12a1bc73d4736fdb9a60a8c58d9628b7,9c43c3ec193867224172a528e99f9205,delivered,2017-08-31 11:52:23,2017-08-31 12:05:17,2017-09-13 17:06:40,2017-09-21 21:00:27,2017-09-20,c6e38e80077f4b7bca42317e9708678e,2017-08-31
8b0899ff4934074e16ecacb55c7c2303,e74832e906e0ab3d12d7d52385ea2cf5,delivered,2017-04-22 13:37:51,2017-04-22 13:45:17,2017-04-25 12:28:41,2017-05-10 19:45:49,2017-05-15,ea2fdb081a59dbe22b0838af95228e65,2017-04-22
1de5187f980fd88f8bfc01ed31614f84,8ddf4903e712d503db7f470bcc1deacf,delivered,2017-11-13 14:21:28,2017-11-13 14:35:44,2017-11-23 00:18:56,2017-11-29 21:51:36,2017-12-13,64c1a1b370411c8056bace687b6e2b67,2017-11-13
417753e7b9376497030b2f497535bf5c,df92bc4e5ce45359089884512d0d4ece,delivered,2018-06-12 00:20:26,2018-06-12 00:40:35,2018-06-12 10:13:00,2018-06-19 21:45:58,2018-07-03,aa4919acd3da6c99755918ec0759e7a4,2018-06-12
eccef5ddc0904de000c633f3d1e36217,c72b7cde8f07ab4cfa525cc02e55f73f,delivered,2017-04-07 18:12:59,2017-04-07 18:22:51,2017-04-25 16:54:17,2017-05-11 16:17:40,2017-05-09,67462d12bd0e88bf680a22d94f7edaeb,2017-04-07
8f3a46cc0e9d362bf43dd339e4379615,a647ace45caaa650270d4684cb8831a3,delivered,2017-09-22 15:00:05,2017-09-25 11:50:13,2017-09-26 18:39:10,2017-10-03 22:16:15,2017-10-17,3d0f70584f6d968a0766ef766f7fa4c6,2017-09-22
05fcb26e37b34aa73157fa81401b6b15,e8ceabf82cbedd882e3e5d43d9d449f7,delivered,2017-10-14 22:46:48,2017-10-14 23:08:05,2017-10-16 20:39:05,2017-10-23 23:38:47,2017-11-03,4b27ed5216cc91caca981846106ecd6c,2017-10-14
c8cceb61313c24e7179ed55dee424114,ceec265247d47ba197d15ac0fd0dbccc,delivered,2018-03-31 23:54:10,2018-04-03 05:50:30,2018-04-03 22:36:25,2018-04-16 22:41:08,2018-04-30,207fbb89745af97761f170ab2e71fe73,2018-03-31
7a345df881eb8681e2d978d06fd9637f,6eec79ea1f85edfc2824c78c18b29a6e,delivered,2018-01-21 23:23:43,2018-01-22 14:05:01,2018-01-24 01:38:53,2018-01-31 20:07:20,2018-02-14,469ec0b8417fadb8a52ac4968ac897d6,2018-01-21
5d04adb20b546fc5628d3f926b5fe37c,931ce24e7e52ee657b39788051547166,delivered,2018-04-06 22:59:05,2018-04-06 23:15:16,2018-04-09 19:41:03,2018-04-19 18:44:51,2018-05-03,212ffb41849cc6edb71750751b31e290,2018-04-06
f9fef5fa980995355cc7c22692af5289,c2806c0df394460d6f97109ffa9ff60a,delivered,2018-04-25 08:26:10,2018-04-25 08:51:56,2018-04-26 10:25:00,2018-05-14 15:32:26,2018-05-23,2094db3750c971321e615977643b03b2,2018-04-25
345bd783a6a07b70ed006d1b11df30e6,a8875912e02ab70af811cd153eaee987,delivered,2018-02-02 20:05:14,2018-02-02 20:29:41,2018-02-06 14:56:44,2018-02-16 23:13:05,2018-03-01,a71dfeb2a3807efc5ebc7532c82ec839,2018-02-02
da7b74f9f21e34cc002c5910de20ef9e,b875c88c5bd948b4cbb747e90e9c412f,delivered,2018-05-07 11:50:30,2018-05-07 18:10:17,2018-05-11 10:20:00,2018-05-18 15:28:37,2018-05-29,d3857f98166ef23ca95d44cbe9b1828c,2018-05-07
f439741ef3997ceace2e3b92ad169e0b,4c2c68d88b09e3758eeac9a4cbc8248c,delivered,2017-10-16 17:42:49,2017-10-17 17:46:05,2017-10-19 20:00:20,2017-10-26 16:47:49,2017-11-08,111d3b4c481e8b542a8a5b6fde400a40,2017-10-16
a833470057703c13293c5d7c2bd5bd05,f27c2fc8a0cd988fff5e1e766dd16e67,delivered,2017-07-25 20:06:59,2017-07-25 20:23:20,2017-07-26 19:20:20,2017-07-28 18:59:31,2017-08-09,82b91eaddb2c4147fd4bf75753937304,2017-07-25
b1ccda4a09098702b17f54b190200b52,320773474ce0a5af09d0de44321739f6,delivered,2018-03-15 12:42:15,2018-03-15 12:55:54,2018-03-29 20:51:49,2018-04-02 21:06:12,2018-04-12,cfcdff180fb001b7c81c50010eaee53c,2018-03-15
ff410c670cb5018a763d815c1368f405,2e581e2fd057f25288a90c99d06ca1bb,delivered,2018-02-06 16:40:59,2018-02-06 16:51:49,2018-02-07 19:48:39,2018-03-09 18:46:49,2018-03-02,990467c17e58f091ea4d6bdc020992b0,2018-02-06
977864c01ce46bb65d6e13a345804645,3bcd26c92459f7ba8e0c6fd3e15dca06,delivered,2018-07-17 12:26:06,2018-07-17 12:35:27,2018-07-19 11:50:00,2018-07-25 21:21:51,2018-08-01,75cb100fdf544ec67bcfc2a771551ac0,2018-07-17
c4c1257d437761ebf697da82b5cca4e1,da7d9ea4de7fce7d6544ff08872e9bf7,delivered,2018-07-23 20:53:38,2018-07-24 10:31:48,2018-07-25 13:54:00,2018-07-31 22:51:34,2018-08-13,4d9e104764077f7dfae917c7cc803212,2018-07-23
b3158056db07efa2b7f1a0642d5dd1c4,ed1b0b5a6fe38cfdbbd99e995599408d,delivered,2017-03-19 22:53:47,2017-03-19 22:53:47,2017-03-28 13:48:15,2017-04-03 14:08:31,2017-04-18,5273a9a74549531d270507adb4c7013d,2017-03-19
85c1a7c9e1adc5b30ea61eebbcf07ea2,c76674aa2c0b761b1642970cab5baa95,delivered,2018-03-23 19:15:51,2018-03-23 19:27:44,2018-03-27 05:02:44,2018-03-27 22:48:29,2018-04-12,f2c6d3395eaeb0de7458a9c22901d738,2018-03-23
31a49d7427661b46338c025ff2e07d20,3f686d5c1b8fee2f56b00f5864f2bc18,delivered,2018-07-21 14:58:41,2018-07-21 15:10:13,2018-07-23 15:01:00,2018-07-25 18:38:43,2018-07-31,e12726d4773b0aeb1ef33874a1a599f6,2018-07-21
6d25b49ec255fb0bffe632d77a6345ec,827cb9858a69567332c16a3975c79582,delivered,2017-08-04 10:02:29,2017-08-04 10:15:32,2017-08-14 21:07:39,2017-08-16 17:44:23,2017-08-25,4aa4f96948855f6b44c1761679478719,2017-08-04
0ac484b631e29034fc50593451c208b2,5cf9b0860d48052e61c37a44fa92f3e4,delivered,2017-06-25 13:52:52,2017-06-25 14:05:04,2017-06-28 12:07:09,2017-07-03 15:11:37,2017-07-18,69f20911879e90ec43535d29c1a19e84,2017-06-25
977ca490eb652320089f258d0431c2c4,ec257db94d9fad7c9c2fd544e2af1649,delivered,2017-05-17 21:05:43,2017-05-17 21:15:18,2017-05-19 09:44:42,2017-05-29 14:48:07,2017-05-30,529bf74eb8101d9dad4b815c060a6f23,2017-05-17
6ae4ad0a162ebfca9800f1c1d490810e,833a808d63f0b42a67cb1bcd0e052c5a,delivered,2018-04-13 15:55:02,2018-04-14 15:50:49,2018-04-16 18:48:45,2018-04-24 19:03:34,2018-05-11,f3ad12a84b177322cefa965d8de4e5bb,2018-04-13
f3e6d2423031a399bbfc48b496eb12e7,9b47e059fe5228ac6c40aa71e43b5c3d,delivered,2017-05-25 16:39:50,2017-05-25 16:50:18,2017-05-31 13:49:50,2017-06-14 13:49:53,2017-06-19,844fcbfb5910baa085ac10b251bb0eb1,2017-05-25
8784e1595ac9dd7e7f4ebaa6bc6d79ed,0d6e60614912658914919485bad43534,delivered,2018-05-25 08:17:58,2018-05-25 08:36:49,2018-05-25 15:04:00,2018-06-06 20:26:28,2018-06-20,a8d91aea91e95b9fc06492ac162a7876,2018-05-25
bbe4d6ae1c84c35b76a7ec5ecef21a39,00c86cc609174f994caee1818b788e05,delivered,2018-03-10 18:04:04,2018-03-10 18:15:21,2018-03-15 19:52:26,2018-03-27 19:32:37,2018-04-10,0c13ce784ebdf9b7ac9dc35dac2f10fc,2018-03-10
f08e7cbe4ee33176122952f10c7128b6,fc786b631b0c7de13ab9d65b09aba88d,delivered,2018-07-31 18:14:02,2018-07-31 19:31:32,2018-08-02 10:48:00,2018-08-03 15:49:00,2018-08-07,d72c453cd952b79143e476ecc4a9b6ab,2018-07-31
ae99b18a689631b93726b2e19fca9ac5,efdaaa423d80c6bb8a11cc2674d838ff,delivered,2017-12-04 14:28:42,2017-12-04 17:08:24,2017-12-07 00:18:31,2018-01-05 20:25:01,2018-01-04,8e1fbcbc0feced831b73179797984793,2017-12-04
3c3103a88bb7a7ec1235eace4515f212,c22c18c6abf2718fb68eadc2d0c22a94,delivered,2018-06-09 13:43:48,2018-06-09 14:18:34,2018-06-11 14:47:00,2018-06-12 16:48:34,2018-06-26,f5903559731c712d21093bd818f731db,2018-06-09
9f2518b72db159913ee42d53fa1a9568,dce1c10833dfacdb89515fc35eee3bf1,delivered,2018-05-08 12:40:30,2018-05-08 12:57:00,2018-05-16 15:56:00,2018-05-18 20:17:07,2018-05-18,9cb2d9096e001a4aa14c57b0f24a7d05,2018-05-08
0ba375898f7c9b49e9d12cdd4f4467e8,d621fbec7b4a75ca6a753abd248e9250,delivered,2017-08-24 14:53:21,2017-08-25 14:45:51,2017-08-28 17:45:51,2017-08-31 20:48:47,2017-09-19,fd9f98ca9be23ad4f0cc5d11fc1d3132,2017-08-24
448c60334e2a53a5c678e4bd6b1e77a7,402ee7c789991c2390d968451ae17e0e,delivered,2017-12-09 17:04:08,2017-12-09 17:13:42,2017-12-11 23:32:12,2017-12-18 21:53:28,2018-01-04,a5015e9d8815045c474ccbdc0a55e6e0,2017-12-09
7699236048cea720bc29c41e6ed8343f,93991c5c4c23e2c29c343579b2d821f3,delivered,2018-03-04 19:07:47,2018-03-04 19:28:27,2018-03-15 17:11:11,2018-03-23 22:42:34,2018-04-09,9e6f401fb647a9805100e0f3053bc295,2018-03-04
c155ef1f20c6a210e6ba29644b4d578c,d68a4ad2e0e1b831588c397095a3ac27,delivered,2017-05-06 18:49:21,2017-05-06 19:05:09,2017-05-10 06:57:57,2017-05-15 09:54:41,2017-06-05,a24766c7aa784e75c989740cd3d3e9a7,2017-05-06
00d15ff0236872686e4899ed1ce680ad,8ebb06c13ec14673af1630a22715f4bd,delivered,2018-08-07 16:33:59,2018-08-09 03:55:11,2018-08-14 15:24:00,2018-08-21 19:04:31,2018-08-30,e6e8ea2a2c2e768f5824ef27196ed655,2018-08-07
8444b7e4c41755b890c97056b19e4713,cc4db88e38bc31a614fcba9423ed8c1d,delivered,2017-11-01 02:38:05,2017-11-02 02:27:30,2017-11-03 21:23:35,2017-11-10 23:11:43,2017-11-22,af721b7063b42fe531599b5fe3f75b59,2017-11-01
7b907821024740432d6d005caa3451ee,288e2844929a0296a4f9d2b671c09a0a,delivered,2018-07-29 20:47:49,2018-07-29 21:04:17,2018-07-30 12:55:00,2018-07-31 14:38:59,2018-08-07,b4bd56d71a07759d4c4c96123065e77e,2018-07-29
b5b0b49d9903b852bf6c638643a89dc3,fb0a3ac807a7db3c1ebefd75f19b76a1,delivered,2018-02-20 00:20:58,2018-02-21 06:20:18,2018-02-21 21:42:19,2018-02-23 16:15:05,2018-03-06,b67b7ef060f57409ac341acbc461049e,2018-02-20
dcfb709b0757c7e96301c882821adb2c,87b37364bba9f7fde63039df48e19f13,delivered,2017-10-14 11:18:59,2017-10-14 11:28:17,2017-10-16 18:19:07,2017-10-19 18:42:45,2017-11-01,392d3876ef698b2217a8701c9ef53504,2017-10-14
0385da8ba64dbb10adf8f80e55cae6f4,d2b896ff2ad7a94912a0a55d26a2ec5e,delivered,2018-04-28 12:42:16,2018-04-28 12:55:34,2018-04-30 13:31:00,2018-05-03 13:09:03,2018-05-14,00bd194837f2ad36d45985a6205df78a,2018-04-28
fbd68bde483e90e5e14a0d0e608b907f,926c0b9740ad5d440fa03396ca057aed,delivered,2018-08-19 22:00:12,2018-08-20 13:30:46,2018-08-21 14:00:00,2018-08-24 15:49:41,2018-09-04,a83d56cc6f2defc82388a7dd029d9f92,2018-08-19
74662215aaa1cd3e23a999f6de5e791d,c8897030bcdf94d563c275bbf46c1114,delivered,2017-08-16 12:04:52,2017-08-16 12:45:15,2017-08-19 15:37:53,2017-08-24 19:52:25,2017-09-08,e9175d1941ee1cbf0607dd0b76c614bc,2017-08-16
6cfb7323342e3d0389b8e67f9afa1937,30226777cc2d8078de7120ce1871f645,delivered,2017-09-15 22:13:41,2017-09-15 22:25:42,2017-09-18 22:11:41,2017-09-29 18:55:45,2017-10-16,056ca3094222431b54848cb9ace9e7f1,2017-09-15
de1b36816c8787f530a0c336e2598c12,f94b333a611276fe1f1f27cfd5767df9,delivered,2017-10-24 23:15:14,2017-10-24 23:25:45,2017-10-25 18:20:07,2017-10-31 17:44:35,2017-11-17,362928c8cd61df2e6951751dffb4be85,2017-10-24
82d1d87b52fc86b65293b86ccccaf60e,d11b3ac4700f987b19b93a5a26064ec5,delivered,2017-11-28 19:50:26,2017-11-28 20:15:32,2017-11-30 15:52:31,2017-12-12 19:32:29,2017-12-20,46d1656249779fd10b588d2593b714b8,2017-11-28
54b2059877686b3ab4438912cda13f5a,6867289e8e6ebb7d6ccc25ab8e8f30df,delivered,2017-02-16 19:09:51,2017-02-16 19:25:09,2017-02-17 09:06:21,2017-02-21 13:37:49,2017-03-17,adc5def00980baefc876eb8023fb053d,2017-02-16
3273968598d5abcf463ccde85fd91a5e,4e6cb162e877d11f219e17caca1507d9,delivered,2018-03-18 17:10:52,2018-03-18 17:28:30,2018-03-19 19:16:34,2018-03-27 21:52:20,2018-04-19,b5dcaa91dcd293757030b819a5d37a3a,2018-03-18
7a92ce27fd58082e708b8eb1eba5f678,6edb12d444d40648c4f9fbdf4ab42cd7,delivered,2018-06-30 11:20:14,2018-07-01 11:15:14,2018-07-02 13:14:00,2018-07-09 18:28:30,2018-08-01,81bbbd1679e9785333667752239e2b8b,2018-06-30
fed4434add09a6f332ea398efd656a5c,5e28dfe12db7fb50a4b2f691faecea5e,delivered,2018-04-08 20:11:50,2018-04-08 20:30:03,2018-04-09 17:52:17,2018-05-09 19:03:15,2018-05-02,e9f50caf99f032f0bf3c55141f019d99,2018-04-08
64994605d8b781cada123b1d5c06d637,7ada4336f7dfa49d1be7bc1b14e3cd10,delivered,2018-08-07 19:13:25,2018-08-09 03:50:20,2018-08-09 12:34:00,2018-08-16 20:46:37,2018-08-24,b8ca31bf64904983bb13bb1b7eb87d35,2018-08-07
df5f29f5092c8afd0f62b24ddfa9c06f,a0c07761ac81523e0a69e9403bb8d9e8,delivered,2018-04-04 14:31:43,2018-04-04 14:49:38,2018-04-05 17:54:48,2018-04-11 09:11:57,2018-04-19,d1a85d76a8b3b1b3319f2a3e1c5244ab,2018-04-04
57867f9fcc30232da57d5af5b831a4d8,0bebec3578296e4e4ff216ff6037cbba,delivered,2017-08-20 14:01:13,2017-08-20 14:15:18,2017-08-21 20:46:21,2017-08-22 15:32:47,2017-09-01,d270eb25f6d487d94778d358b01c651f,2017-08-20
d201c804379d3dcf1d7c9047b3abcf92,bbe9ac5f763035eac1cd266700e17d7a,delivered,2018-03-20 16:04:10,2018-03-20 16:50:23,2018-03-22 21:08:36,2018-04-05 17:24:37,2018-04-06,7d571c4d6bc3a0450f8c6db6ccb8dd82,2018-03-20
539f81f36185c122311c17561a1508a1,41057db344d5c62f0d22fa0733b8465b,delivered,2018-04-16 09:32:32,2018-04-16 09:53:01,2018-04-17 22:36:25,2018-04-27 23:33:30,2018-05-03,aa798bd609e98391c373f1f0f9102e3f,2018-04-16
4652e6a9e9b65b2e3304630e1f185939,e4becc9eb42bca5ecc23cf5f5955e1dc,delivered,2018-02-09 22:25:36,2018-02-09 22:35:31,2018-02-20 20:43:46,2018-03-04 17:07:34,2018-03-07,f69997c284fc08bb8eb98cbbd3670ae6,2018-02-09
452659f1bbc22357a8b75386eb2beb34,c3ed98d5b448548f7d7cbd4571641183,delivered,2018-04-23 22:57:12,2018-04-24 19:07:37,2018-04-24 16:52:28,2018-05-04 15:20:51,2018-05-17,ef485db541e9430d3020a6177649a465,2018-04-23
028ad19261e3ad3406ca689348755456,24cb3cfbb2834d6ec16baeef3933d55b,delivered,2017-05-18 15:19:09,2017-05-18 15:30:18,2017-05-19 09:51:51,2017-05-26 10:03:32,2017-06-16,e0a32719d497e50ca4d214adb2940134,2017-05-18
a574693e67b5acd2879ac5d182122fee,719ab90ee360e6144da27b3b35fa6936,delivered,2018-03-12 09:53:42,2018-03-12 10:15:51,2018-03-12 18:28:43,2018-03-21 21:46:41,2018-03-29,10358da89f6d391c6e8971ed1a23bdd7,2018-03-12
71b3388a645d70dc5468b10c82ead696,78519cf01865cbd8e54ae1dab60ef77e,delivered,2018-05-23 13:23:06,2018-05-23 14:14:25,2018-05-24 14:36:00,2018-06-08 18:55:50,2018-06-21,e9a5ffad71fbb203da7c2661b647cc9a,2018-05-23
79c808fd4b729a968738f5b3e919c885,9c8ce3bdfe54ce63fa2411fd302c6b61,delivered,2017-06-07 17:44:34,2017-06-07 17:55:12,2017-06-08 15:42:13,2017-06-14 15:56:45,2017-06-28,e22b87062cc9b978bb48207454385d0e,2017-06-07
db9564d23d5d0d213eb2a0b5ca279c2f,73a8c93b316350e98f0d0804293f2c27,delivered,2017-08-10 18:45:39,2017-08-10 19:03:55,2017-08-14 19:44:59,2017-08-23 09:34:00,2017-09-05,5acf34561af0200eb8fe2307fdb126e6,2017-08-10
5e21c6f2e0e0007bd16ba2839c9628b2,d0349571985dc0a748ecdd1b6bf25750,delivered,2017-11-27 19:34:44,2017-11-27 19:57:09,2017-11-30 17:52:10,2017-12-13 19:33:57,2017-12-15,527acd5ee1b69a0edddde8fe512007d9,2017-11-27
2cd690a78448d2d942353c66dd6f6064,1cd72e410641618ea6ae6d9896fbf760,delivered,2017-07-06 13:27:01,2017-07-06 13:43:29,2017-07-07 19:14:50,2017-07-18 17:13:59,2017-07-28,18f17efd50fd7e9595cc1a40205c937c,2017-07-06
3fc26ae71efc74ba9fc4e1c7640f904e,45da3381d789cc981c6a48e0212c2913,delivered,2017-12-03 10:52:08,2017-12-05 06:13:22,2017-12-05 22:15:34,2017-12-12 22:49:34,2018-01-05,8a635a0457e2fbf70e027d44f9bea9ff,2017-12-03
28b9a12b535522a451ecfffda6db4422,3152e713b94dc850dd3478ce3430571c,delivered,2017-05-22 21:12:15,2017-05-22 21:25:18,2017-05-23 10:19:30,2017-05-26 08:07:55,2017-06-02,77ecab2eb1a52c819356d9f53739a8ac,2017-05-22
edfa87ccc6e7fe8e13ecd0250efc802b,9f6fb6b6e0604706e549f43b15c9c0d9,delivered,2018-02-23 16:31:26,2018-02-27 04:31:13,2018-02-28 23:13:26,2018-03-12 12:58:39,2018-03-23,8a32cf6d51991f0d53e327870387bd27,2018-02-23
f6bea0bde2ee012e3899233133874ff7,dcac61adf6e0f0b560f223598683cdd7,delivered,2017-08-28 23:38:49,2017-08-28 23:50:17,2017-08-29 21:13:26,2017-09-01 19:10:13,2017-09-14,ff76c10ea028397daea34c27d06e9ba8,2017-08-28
cf56d3d1b65accb1412da2abc22ff4f7,127dff0d95e9dcadef5f3b15138db8d8,delivered,2017-12-02 19:37:49,2017-12-02 19:51:30,2017-12-04 20:45:20,2017-12-07 01:33:00,2017-12-20,e9a95d0829fc0a115e8cd86ce25a6b12,2017-12-02
bb8efe90a4b9dc65b0b365ca7a94db25,4092d16344338702210bcb2373506159,delivered,2018-07-21 22:23:34,2018-07-21 22:35:14,2018-07-24 07:15:00,2018-07-31 18:03:01,2018-08-13,e3eef2ad9ef550b61e3937e17029d951,2018-07-21
7b8c347893b1c057c2eb9d8d22435e6e,a7a5ee87dec9fa276a7aa5df67c593ba,delivered,2017-11-16 12:21:23,2017-11-16 12:35:33,2017-11-17 14:09:05,2017-11-24 20:42:59,2017-11-29,dbc591992a0223e59a1818e3f1fd5661,2017-11-16
cb47bdb6944b3df9373054e6ab62cf46,35a68e6e1ebd3fa29294c6a7b198db42,delivered,2018-02-12 23:27:44,2018-02-12 23:47:30,2018-02-15 22:17:18,2018-03-28 20:03:31,2018-03-21,c9e88dde299927079d22c21f72ba6e3d,2018-02-12
d7664bbc041ea9952d2a91527ba9982c,40e460ea23ba688006050f58df42150d,delivered,2018-01-08 15:07:56,2018-01-09 07:31:35,2018-01-09 16:19:36,2018-01-15 19:26:52,2018-02-05,2e29e4a59e08eff58e4fa2804e54a7ef,2018-01-08
bacd96c90a381b246902e1882c0fb7d1,bbd8ca56992dfe0124e5903375484596,delivered,2017-07-03 11:08:06,2017-07-03 11:23:41,2017-07-03 16:40:50,2017-07-10 17:50:12,2017-07-28,6f94f5b19a079abba527751a6185e11f,2017-07-03
e4517d1185ecc155fb8193a53f0e089a,4653546b86241aa601ccdc82ce9a2d91,delivered,2018-02-16 18:28:11,2018-02-16 18:35:52,2018-02-20 01:58:55,2018-02-21 19:57:03,2018-03-09,bb1c832729bc5f1220b56e56e334bd55,2018-02-16
e82e73273643d2baa933aa470a7308f0,ceb8245f2da49e83dbb3476ba25faf6e,delivered,2018-03-24 16:55:38,2018-03-24 17:15:35,2018-03-28 00:18:35,2018-03-31 18:17:33,2018-04-16,8367b3947cb0aa76142bc24d69a0cd69,2018-03-24
197d48bed0d9f4a71682dfc048409b59,12009d13a46cfa0b24a454a350401daa,delivered,2018-03-20 13:05:34,2018-03-20 13:15:49,2018-03-24 00:50:48,2018-04-04 00:28:59,2018-04-20,092232fb3902fb912c80531bc1460f75,2018-03-20
be63f8e1110d08f5003ca1a255ff4fb1,8c5f7a81527f366bc6a0d6fa4834ba19,delivered,2017-04-06 17:28:22,2017-04-06 17:42:47,2017-04-07 12:05:49,2017-04-13 15:14:30,2017-05-05,c35ffdd9679e194c3673533720b5e00c,2017-04-06
1685d74489a94f21cae1b0ea3fff8f21,51d02d48f4f915363693c6d40f674d11,delivered,2018-01-06 12:43:29,2018-01-09 07:22:26,2018-01-13 02:37:52,2018-01-24 14:56:33,2018-02-06,4d1035437d12863c3affb415501928fa,2018-01-06
f001d39de25ce801a4b275f5ad3e1c2e,12b911aa1a2831e2ee7c2e5eaf03bedc,delivered,2017-11-24 20:57:27,2017-11-25 00:31:33,2017-11-27 12:33:20,2018-01-04 00:18:36,2017-12-19,e741b729bd2bca88658390c69c432954,2017-11-24
818f7c870fbe03dd57e214684293e74c,1f7eb278ac36577f745414be0edd1b67,delivered,2017-10-16 11:32:15,2017-10-16 11:49:12,2017-10-17 19:37:54,2017-11-01 21:23:08,2017-11-01,b63089a22fe2c9192fc9189a13ebdb51,2017-10-16
18974292ee839a7a7038699422e6cd39,48d35ccbcd1e85743d67b4e0d564f7c9,delivered,2017-11-24 22:25:56,2017-11-25 01:17:35,2017-11-30 21:25:36,2017-12-06 16:03:55,2017-12-14,a8d5a736f4170bac7347f216bf803053,2017-11-24
09d7ebb0b2075f15dc48bd8da3961fe0,190db53dda370cac90e3b6a5c431dcbc,delivered,2017-07-22 19:11:55,2017-07-22 19:25:14,2017-07-25 21:47:40,2017-08-07 16:47:42,2017-08-17,e76e4da64a75aac84bd07e06fb156271,2017-07-22
4035ceaa65684a20c0e957436e500818,68a12fef36d6d11ab0023596f4e83ed5,delivered,2018-03-03 06:34:00,2018-03-03 06:48:08,2018-03-08 21:52:25,2018-03-20 13:18:38,2018-03-21,890d2b911fee843260ea88bf78dac846,2018-03-03
b230cdf7f5d8115711cbab88f4636406,eaff05733a47fe7dbd0a808b4cde8238,delivered,2018-05-28 21:16:42,2018-05-28 21:30:22,2018-05-29 13:53:00,2018-06-02 12:02:32,2018-06-28,d0f757a8414d4e457395d7d88062f619,2018-05-28
3600dce59c2a50ed7c67e0d818b1e5bd,d231f1ac967fe67f2853f0075012744f,delivered,2018-07-11 19:58:05,2018-07-11 20:10:12,2018-07-12 15:01:00,2018-07-13 17:29:10,2018-07-19,e5ef105b0d7651ba4159de0ca6c2aeab,2018-07-11
f89440ab0466dfe5ec50d419efd332a5,4b9c67805e75214715d5925d6853bffb,delivered,2018-03-03 12:10:51,2018-03-03 12:29:16,2018-03-08 22:36:31,2018-03-23 03:07:43,2018-03-26,99348d90573af76cd7c8e64fd097e6d3,2018-03-03
6c93ca822cc626b24dfbda211ce26e53,2e0106ca3b75936039430788f97c6946,delivered,2018-01-31 19:56:50,2018-01-31 20:10:22,2018-02-01 20:47:36,2018-02-23 19:48:38,2018-03-07,470a2cdf168b93d3c2d0f91e9a73b92d,2018-01-31
db0cb41e34ca5f61481ed9127f70379c,0bc54a02fdbcb70408167af288be3dc3,delivered,2017-12-04 16:24:13,2017-12-04 17:32:06,2017-12-05 18:12:22,2017-12-30 18:41:57,2018-01-04,e9710c8ff387bd8030f5665e90e7c019,2017-12-04
6c8a46db92b71607f9b4b53efe70b28e,cf54bb2b4462fd41cd545faf74a59ca5,delivered,2018-07-18 15:57:00,2018-07-20 04:35:17,2018-07-20 13:57:00,2018-07-25 20:58:21,2018-08-02,a3d6706e1d475bb73316ab0fa91cbc3a,2018-07-18
508f1058f7c9037c12fa29baf78dc417,5dde09cc77f38cbb0ca8360d5702b81e,delivered,2018-06-20 00:20:03,2018-06-21 00:39:08,2018-06-21 11:44:00,2018-07-05 13:38:56,2018-07-25,e759f5e4fc94ffa32b74c2e3cbe01e11,2018-06-20
467ba1d86d45ebd9cfa12501a08f40ec,c4f0c1f1c362bf3fe72cf405206da792,delivered,2018-08-01 11:11:36,2018-08-02 05:25:18,2018-08-07 15:52:00,2018-08-16 10:56:28,2018-08-24,6e3150675102c8e3a7886905248448de,2018-08-01
bdd991fac5f5716c8e330b2f8ec83e54,c5e38a5360ba207bf513b89b8a7845f0,delivered,2017-11-24 00:11:07,2017-11-25 04:15:16,2017-12-05 20:18:36,2017-12-06 18:49:04,2017-12-11,149508211c31224fbbe044c7dc56f098,2017-11-24
ba4f4ffc1063e52435824b76fc7933a6,eecb43b5c2dc03262b7b5abefd535b3a,delivered,2017-09-14 13:12:39,2017-09-14 13:25:49,2017-09-19 18:29:00,2017-09-27 18:36:31,2017-10-16,f1521950d7c6d0ece3647b5d90f63830,2017-09-14
4173b7694f9c23cfbbaa1bfb2f9593b3,29b35b6f15df7b4b34a66566376cc79c,delivered,2018-04-26 08:51:41,2018-04-26 09:13:04,2018-04-26 09:29:00,2018-05-02 19:40:41,2018-05-22,831038885b8dc5814f64c46fb7c57952,2018-04-26
7ff15ea63e622694922805d48de711a1,dbb869d4cbd925955933c54f00e0fe24,delivered,2017-06-25 18:23:50,2017-06-25 18:42:39,2017-06-27 12:39:55,2017-07-04 11:35:51,2017-07-18,80c1a041f22f3968d1994c3fdfc1cee5,2017-06-25
a4ac829a6eeef89f527cccf4f9efc1d3,450948fc068d09160516b26adc757d7c,delivered,2017-12-23 13:03:06,2017-12-24 07:07:24,2017-12-26 23:09:10,2018-01-03 18:52:49,2018-01-26,80c773655fa343cb673e7d59e7c8bd4e,2017-12-23
ac471bdf9aff56c1d79cc301b52ec72a,d29b5283a43b3329d02a723d440fc35d,delivered,2018-01-29 23:26:35,2018-01-30 00:21:12,2018-01-30 22:33:38,2018-02-08 15:38:01,2018-02-20,3cfdd33d92755c126d18b52958e96c62,2018-01-29
820bd7a99cb9df2daca2dc8125e0f7de,0ffd6b06e24c9fa1e0a6768a4267062a,delivered,2018-08-02 15:39:34,2018-08-03 15:35:19,2018-08-08 15:01:00,2018-08-13 19:30:20,2018-08-23,eda2ca88eda95ea85369d0a4a197f7c8,2018-08-02
009905140e9f8cc35d5be897937381db,c5452f24faa0b6d0febc5ec4ea9e3b13,delivered,2018-03-15 12:33:45,2018-03-15 12:49:18,2018-03-16 17:12:25,2018-03-28 20:44:41,2018-04-11,55c30000d759e95fa8d94da28ecd3288,2018-03-15
a8f7154bb991a05d09b8175c2e50364e,e80c95ccebdf5d9ecfb9f38b8f1ce690,delivered,2018-06-26 09:45:49,2018-06-26 10:17:43,2018-06-27 06:48:00,2018-07-02 20:23:36,2018-07-17,7276dbdcf4c8838b39accfacf236480a,2018-06-26
f6f2ee8dfe7b003fe207c62777e9fad8,217d27447951601aaa151e64e5779529,delivered,2018-07-26 11:50:04,2018-07-28 02:35:16,2018-08-03 11:47:00,2018-08-08 21:15:47,2018-08-13,976ff4311a82ab791a4798d19cf5fc67,2018-07-26
c64320125b49bb4797d5ee3def14d58b,7d42d764ec16aebab2afd3d9802e40d7,delivered,2018-03-01 11:53:10,2018-03-01 12:10:22,2018-03-02 19:41:22,2018-03-16 01:52:32,2018-03-20,6689e9f9ce799fb048f33674671a6390,2018-03-01
8470b86bd094925355e05df719031692,44bb23a3255a15c3e1a2851db5a57efc,shipped,2017-05-12 21:16:01,2017-05-16 03:22:49,2017-05-16 16:02:09,,2017-06-06,657b6d7b4830a666c6ff942cdff4318a,2017-05-12
962874b0c311c788d28a2437ce5dadde,d8164e724d685e70abb1242a1fd008dd,delivered,2018-03-28 08:23:50,2018-03-28 08:35:21,2018-03-29 20:11:12,2018-04-19 13:52:06,2018-04-16,1a3a9c105b4b4dc208eb28a61920c5e4,2018-03-28
467f3d18f63e2f01ade50df74d40457b,9b28e0736b3a594b4d253cb11227d360,delivered,2017-11-25 00:18:14,2017-11-25 02:18:31,2017-11-27 21:33:28,2017-11-28 17:39:22,2017-12-11,4e39429218dac10ad4e57dafee3d92d4,2017-11-25
ad19ba88530f3b247cf8c1bacc479741,05bb610f8efc9a227c9c88ca5bdac554,delivered,2018-03-22 08:08:32,2018-03-22 08:15:36,2018-03-29 23:42:59,2018-04-12 21:06:39,2018-04-11,84aa21c4ad6d2331fae37dee0d4660de,2018-03-22
198c1d42c0154d26aee31c80ffecad44,aeeb84f9b8136a05c7717635612ece8b,delivered,2018-01-23 14:03:25,2018-01-24 15:15:35,2018-01-25 22:24:32,2018-02-08 23:44:08,2018-02-23,17fd7872cb8d645f2421b63582f3eab9,2018-01-23
cc6c9b89f70b32d7fe075718e0fc58e7,418e9412b396846b861a8c5cb59ba65b,canceled,2018-01-27 10:52:04,2018-01-29 10:52:24,2018-01-30 19:52:55,,2018-03-02,6ab21d4e4c53e3189aa5f0756f477dd1,2018-01-27
0339ed6316da69c73459e191c10ff6ac,e26ff684f072838193772ca5506a1d04,delivered,2018-08-04 14:29:37,2018-08-07 04:50:30,2018-08-07 14:46:00,2018-08-09 17:16:38,2018-08-16,717369626ec16ea93f95caaa053e0bb6,2018-08-04
413d21c694c928b464c2cc8d3904b2b1,a30fa1104a5ff6f5d9d1d907ffb4c609,delivered,2017-11-24 15:06:59,2017-11-24 17:23:29,2017-11-29 14:52:23,2017-12-14 21:07:27,2017-12-14,655fb4f5aca04feecb2f00243473b2c9,2017-11-24
b8f13ae32e4f029890ca4d998651131c,90d9569ce4726c06bcba015540a62494,delivered,2018-02-17 15:07:04,2018-02-20 07:06:53,2018-02-21 02:35:30,2018-03-13 18:38:42,2018-03-13,335dcf460d147c60540ebd4920232306,2018-02-17
affafacc73679585996d33a95ee90afd,7cb4a90475120bde7e9747f794e7738f,delivered,2018-05-19 15:36:48,2018-05-19 15:52:00,2018-05-22 09:23:00,2018-06-08 15:35:01,2018-06-14,de6072dcd2448322d18a84dade6b9aff,2018-05-19
a433d013a850ada87efa1fc9d3195a9c,50d875023f0a34420fb37be9be212945,delivered,2017-07-30 20:52:01,2017-07-30 21:05:14,2017-07-31 19:37:44,2017-08-09 17:13:05,2017-09-01,eb5aadd6b1d2a06ada535f073761339b,2017-07-30
cbe1399d12a3b12bfe8fe73a29173053,c0dc668fe911c870b8687d0238042906,delivered,2018-02-09 15:04:42,2018-02-10 02:49:50,2018-02-16 18:51:46,2018-02-26 22:44:52,2018-03-09,0e0955b5cfc2faf3500525d8309b186d,2018-02-09
f9e86e23af5d5243b44d1eebaacc32be,a0b55aa995eb0a19a2b9279fa4bddf68,delivered,2018-04-28 14:16:36,2018-05-01 05:55:54,2018-05-03 19:01:00,2018-05-04 21:18:54,2018-05-11,56ebc4d93c2221f75b8463737f8cc7d2,2018-04-28
a74a0d8cb14bbd44e581b80beb6f1a37,1f41374ef769597a92f3f12fa61c4274,delivered,2017-11-27 10:02:13,2017-11-27 10:13:20,2017-11-28 14:08:59,2017-12-05 19:14:01,2017-12-15,1ddaa4bdcd6719c8ff5c1687c6c8138d,2017-11-27
3348fa7940562350a8d19cf788f0187b,64b455178716b45aadc159d5470bb0d7,delivered,2018-02-16 20:07:39,2018-02-16 20:26:35,2018-02-22 03:28:34,2018-03-14 00:08:25,2018-03-13,b7611364702d269cc3cdabba1e243ca9,2018-02-16
adbca6192a6df354651cfc657e0935db,eb1af103834509e4576f379f39d3953f,delivered,2017-07-20 18:43:51,2017-07-20 18:55:07,2017-07-25 21:41:21,2017-08-01 21:55:41,2017-08-15,7ed57df0e6ae22a4f9e0250d52608ad5,2017-07-20
39fe0f3cac902673a46b974f5d4a8528,99cfa33517b4d40116b8f33c18ea24c7,delivered,2018-01-05 15:07:53,2018-01-05 15:28:08,2018-01-08 18:57:10,2018-01-09 13:52:10,2018-01-30,da8f764b90a3b800f31d093c22cd3074,2018-01-05
9f6dfdbc41dfe578aaf31edd0ba546db,d78521153aeb150f08bf0ddb3cfcba84,delivered,2018-08-14 08:39:23,2018-08-14 08:50:31,2018-08-14 11:51:00,2018-08-18 15:03:48,2018-08-22,35ea3181ac054386b2ae83b29bef9b20,2018-08-14
238fbe10df7ff17ce21037d345e1cf00,b55211ae3c8f84fab4548ae1e592fc57,delivered,2017-11-30 10:52:33,2017-11-30 14:31:34,2017-11-30 20:28:50,2017-12-27 18:32:56,2018-01-02,68639fcde01876e0194320a18981b2f2,2017-11-30
21fc32f9f93b4d88f2c7763c29de4911,cb59001cc6ef082a42fd79806eed96b6,delivered,2017-12-30 16:23:33,2018-01-03 04:28:15,2018-01-04 20:22:06,2018-01-13 01:15:33,2018-01-26,37e7e69fbfa88ec7fda79ebe0af272cb,2017-12-30
5b7359c33f9eac26e1a575430eab31a9,e57add4d88806d780e707e4c23ac0db4,delivered,2018-02-11 20:43:49,2018-02-11 20:56:25,2018-02-14 18:38:49,2018-03-14 20:36:32,2018-03-09,7937e55f278950f0a110d4b2ee25756d,2018-02-11
ea67a5b1807c5b8fca4641beaf7a76f1,7f9dc3862d274f80c1c4797924627a7a,delivered,2018-01-06 20:10:39,2018-01-06 20:19:30,2018-01-19 17:49:18,2018-02-17 16:07:40,2018-02-14,62ba9aa6439e76ea875e1676b09ee995,2018-01-06
6386b8aabb7f032b77475740cb035e86,aea419ca36368e77678b20a1867481c7,delivered,2017-06-10 11:02:37,2017-06-10 11:15:26,2017-06-16 12:21:32,2017-06-19 18:32:28,2017-07-03,55710afb01abb82b30e220af139ec878,2017-06-10
dbd8e1a6d62bae210e6a42ed8bcf8d39,dd9a54bea0eff3f69bc420353f20b52b,delivered,2018-06-13 22:51:45,2018-06-13 23:18:38,2018-06-14 10:22:00,2018-06-18 14:54:43,2018-07-20,76e450ad0dd910adc304127c01dd8ab4,2018-06-13
b681b75880c64cf34a01e503b6c2aafc,72af9484e9faa02bf36e2f33e92d918f,delivered,2018-07-04 16:35:07,2018-07-05 16:15:52,2018-07-05 12:03:00,2018-07-11 19:20:47,2018-07-23,c8df3097d36f9cf5428b0c7f952916a3,2018-07-04
33bb5c9c0285bb31b6c9cab48da62224,9b44b356e5b71eac310f1e3d28d145f9,delivered,2018-01-05 09:23:59,2018-01-05 09:36:25,2018-01-05 22:58:12,2018-01-25 22:58:44,2018-02-02,a0ed3411bb7f2e5fe130baa348453c5f,2018-01-05
92fe083783a81f62019d6dcce018a85f,7414f2b75d82b48bc9e568503de1021d,delivered,2018-07-22 01:27:12,2018-07-27 23:31:15,2018-07-24 14:42:00,2018-07-28 00:51:54,2018-08-07,9d5bd387403328e28f64f1171744f8f2,2018-07-22
eff7cafa6042969690223d33c833fd00,9d4f09256e5f25a5524be3683a133cec,delivered,2018-04-25 15:31:51,2018-04-25 16:33:38,2018-04-27 15:11:00,2018-05-03 15:06:55,2018-05-10,37a72688e390d6518a34aba45b02e5b5,2018-04-25
af32f548778c455ef24c466f397130b3,e6a94dcbf84da543ec5c0188468e894b,delivered,2018-03-22 12:42:36,2018-03-22 12:55:47,2018-03-23 02:32:40,2018-03-29 01:12:34,2018-04-10,c61a1e498995d4fe0e340ff5ca65ffdf,2018-03-22
39cfa7b8a9a7828476d1074dbd1838a5,5f34948f5d071e36441bb09513db16b1,delivered,2017-11-24 23:49:53,2017-11-25 02:39:27,2017-11-29 01:52:18,2017-12-05 15:25:03,2017-12-14,21d8bedf9087cff4e87240cd8e8e09a9,2017-11-24
207fb26690b0cac4a3d8b36808b54833,ac14c96de0060afc775af479d4fd32de,delivered,2017-04-23 00:32:23,2017-04-24 20:45:17,2017-04-25 17:25:21,2017-05-09 11:04:10,2017-05-25,87315ceb47e77d03a1c90474e228db6c,2017-04-23
6a924969e49789ee7b332cdc7677c35f,6f35b5a833225638c4ba4fa744fd1716,delivered,2018-01-09 13:07:43,2018-01-09 13:15:29,2018-01-10 16:17:48,2018-01-15 22:42:59,2018-02-02,091e1631c6f743420398dd62ec58faa4,2018-01-09
961c6413a68361bbcd366dcac23671ae,709acb1734ff952f080f92d08dac852b,delivered,2017-11-20 12:47:07,2017-11-20 13:07:32,2017-11-22 00:25:51,2017-12-04 22:49:10,2017-12-07,053fcc3e138ec9256eddc6c938983946,2017-11-20
70b742795bc441e94a44a084b6d9ce7a,0c155574f4f4d27594dbdd37731a6ecb,delivered,2017-08-24 10:29:36,2017-08-24 10:35:22,2017-08-30 15:28:21,2017-09-12 20:27:39,2017-09-20,b8b3c435a58aebd788a477bed8342910,2017-08-24
b0ef2f9c3884fd4731fcbe926fcc3daf,5b779fb8d28ca1c0ab301331c97bc24f,delivered,2018-01-02 11:10:46,2018-01-02 11:18:19,2018-01-03 17:09:41,2018-01-11 16:28:59,2018-02-02,7234f47b995b338557694ba02dca059c,2018-01-02
8689805b7502503017ca112059637a7f,5551ca919431fc78c6bb85ee6f57c904,delivered,2018-01-06 13:23:46,2018-01-06 13:35:25,2018-01-08 16:54:26,2018-01-19 15:36:36,2018-02-01,436655c311c4f91bcbceccedd89cda32,2018-01-06
ef82a7205d24d2a9fb1e00177ebf9132,ff9bd2b16be115177afd3b10529d48a9,delivered,2018-04-29 20:48:54,2018-04-29 20:55:22,2018-04-30 13:48:00,2018-05-09 22:38:34,2018-05-25,0e913f556483a6b7daf2836a91ddd979,2018-04-29
74bb37ec1177c69720bff87b248233cc,365686a7c86e75148a456893fc8c2708,delivered,2017-06-28 12:18:17,2017-06-30 03:15:25,2017-06-30 12:41:55,2017-07-06 13:36:47,2017-07-20,8e2e1d4e6eb761a382c637ac69e70f74,2017-06-28
d798a6f2eef74e8cd33a5c79db6a316c,ad8357e9c4b9a78d08ec2bddcbf2dac9,delivered,2017-10-06 22:18:54,2017-10-09 10:14:45,2017-10-09 20:56:09,2017-10-14 16:17:46,2017-10-24,518199e5f36305bffce18e38aa2642aa,2017-10-06
995392413cee61cc1fcec9807870ea8c,4bf24904ec428325abad2791fcca1aff,delivered,2017-09-04 22:24:05,2017-09-04 22:43:54,2017-09-13 17:20:04,2017-09-22 21:09:32,2017-09-27,c95aaeaa550e5dbd7a4386337ddba614,2017-09-04
b39de9ed2bb8fd08a970e4517c698824,ed18b557140ff674f36cbcf73921dbbe,delivered,2018-03-27 09:15:17,2018-03-27 09:30:12,2018-03-27 23:52:09,2018-04-11 21:51:02,2018-04-26,2bdf6e9b5bcfd6c33a43ac443c0a90a4,2018-03-27
b1a88554eb1f7f68627549e26257b583,5cf799d0ac88e1d328434a595c015efa,delivered,2018-06-13 02:19:56,2018-06-14 02:39:10,2018-06-14 13:55:00,2018-06-20 21:07:29,2018-07-13,c5dc5c2635cadde29865e0a2d9611658,2018-06-13
fe2ac30768e07e362b649951cc625144,be07f06f183227b5c2b31c30fbb4f382,delivered,2017-01-16 16:41:18,2017-01-16 17:30:23,2017-01-17 11:26:52,2017-01-26 16:24:07,2017-02-22,436951eead1cce602da9256d8c59e093,2017-01-16
460673777918e7a42a262293341ae7d5,6f352988122e277e645d36a012e66bcb,delivered,2018-02-07 22:38:41,2018-02-08 22:30:24,2018-02-09 16:56:51,2018-02-24 18:06:45,2018-03-05,5717c3a742c0df7192fd1e1016e28bf6,2018-02-07
c170c51c1eb31dee8f0771f19fe984a6,3dd75da63afb021f9365e443faa64623,delivered,2017-10-04 15:32:22,2017-10-04 15:44:49,2017-10-06 21:42:15,2017-10-11 19:06:33,2017-10-30,91bb70a0ece56f51d7df614b042c6dba,2017-10-04
575ca88a26f8e32bb7691d172640bbb6,d73698c8fc11e06d4e414969c84a7d3f,delivered,2018-01-10 12:01:27,2018-01-11 11:52:23,2018-01-12 22:00:11,2018-02-09 00:09:00,2018-02-14,b1bfd7e518ac86fd5e44b796273c4f5c,2018-01-10
20fb6eab29c449df8173b2a3c868439d,2020c90730cbf8fae6f4f0a9a9a1d924,delivered,2018-02-02 10:06:00,2018-02-02 10:16:08,2018-02-06 21:59:28,2018-02-23 23:56:35,2018-03-06,ce590a0c44295fc160eca2f1791f37e9,2018-02-02
96c21ec9db51ad9d07c2b592c45f2144,14f2ec23fb7f10a1cd6226be0ff41f3a,delivered,2017-08-14 20:49:22,2017-08-14 21:30:23,2017-08-15 16:42:26,2017-08-16 14:46:49,2017-08-25,cefddec9f072bf889339624dc4353310,2017-08-14
750ed62dff96bf5713b8c6a6bbfdc948,a05f88744e7de808ee2378057e2b033c,canceled,2018-05-28 11:18:59,2018-05-29 03:15:20,,,2018-06-20,fd8ae395b4b313a4af523a90a92d6c10,2018-05-28
7cc42e63e4677cbb3e1434f08601b329,89c95f6bba6ab0759de782931bedd855,delivered,2018-05-14 12:48:29,2018-05-14 13:16:57,2018-05-16 08:54:00,2018-05-21 21:42:11,2018-05-29,94277998dba3020487abcff76ed3cd11,2018-05-14
e36869cebed0b0d8f600f719ec0b0478,5f8fcc77fad0649603a717dcb31c18d7,delivered,2017-06-29 15:27:53,2017-06-29 15:35:20,2017-06-30 14:28:12,2017-07-09 15:47:43,2017-08-02,9cfa9dd746cc855cc86fbd3b455ed20e,2017-06-29
c2fd626797fb5ca566e69305eebca31a,3f177c07b625f8800aa7b8fd5fc2a3aa,delivered,2018-03-13 16:58:02,2018-03-15 03:15:51,2018-03-15 18:28:52,2018-04-04 16:48:30,2018-04-18,35bfa12001f8a1b790b280f937f68864,2018-03-13
88ed58abfdfae2aeba565453608e8e07,253a82284b4833ac311c1bfd1f4cb595,delivered,2018-04-24 18:28:49,2018-04-24 19:23:34,2018-04-26 06:20:00,2018-04-30 21:12:03,2018-05-22,85c2b6464d4a95df398dad40a18213c5,2018-04-24
e5a8151b77b30febb4c0aec6a2f015b9,bc0268fa49c936b8257b4deed2ddf341,delivered,2017-11-02 21:17:47,2017-11-02 21:30:26,2017-11-03 20:57:30,2017-11-08 19:14:01,2017-11-23,601939a99fb9b09770238774701505aa,2017-11-02
448a4837b41e7f24ad7dabafe574c842,85e150f36bbcdbcee982caee4b0238c9,delivered,2018-06-14 14:28:01,2018-06-14 14:58:51,2018-06-14 14:20:00,2018-06-25 16:18:43,2018-07-17,95c7c379bb2224cdb12012298b192923,2018-06-14
5d4f5212371724259b175c9e1a1064fc,9534eefb05c89b50b207e58c511f6888,delivered,2017-09-11 11:29:12,2017-09-11 11:43:43,2017-09-13 16:41:25,2017-09-25 18:42:41,2017-10-09,c163b7430768742db2d4aa9b9dc6a0d1,2017-09-11
71affeaa67493ff0db555224e59b1bbb,f369d58e475e144e55d5936248f241cb,delivered,2018-04-10 18:30:50,2018-04-10 18:50:21,2018-04-12 19:41:08,2018-04-16 18:21:45,2018-05-09,204efc7a771f1a33fd28465082171f5b,2018-04-10
4baa06417aa0574e5ebf76cc4015f680,e4b6766132b13b3ab3edd2b7be4b915e,delivered,2018-04-07 11:31:07,2018-04-10 04:10:49,2018-04-10 22:41:56,2018-04-17 22:03:28,2018-05-15,7a6156ef7451bb5f25556d7332d1cf77,2018-04-07
5ffe81e9175008222d385b418ef51a6d,497ee8ce7cf70245d3636f91c968163f,delivered,2017-09-26 16:44:24,2017-09-26 16:57:02,2017-09-27 15:30:33,2017-10-11 18:38:14,2017-10-31,d42d80a0e58167c0dbb59315c93788bc,2017-09-26
669b4e413bba377a759547000b13117e,b8d7af2203d681d464861dc4c125ed48,delivered,2017-11-16 22:02:48,2017-11-17 17:27:58,2017-11-23 19:47:43,2017-12-07 22:42:10,2017-12-11,289dcfbdf9ce2f94565a76800eb71157,2017-11-16
3902c863a4cc7b325b57a420f8012a0e,862d420e0338df399fda69c18a1ae556,delivered,2017-05-01 10:02:47,2017-05-01 10:10:17,2017-05-04 10:24:59,2017-05-09 11:04:10,2017-05-29,ee2c658af2a4b5ecdca87c7897b79026,2017-05-01
6f7575421a734bfa430fcbf23f41e1f0,3e7a2e82fa0e0e950459e2dea53148b4,delivered,2017-09-14 17:29:42,2017-09-15 02:26:02,2017-09-15 11:37:31,2017-09-18 18:42:59,2017-09-26,6ba9ad0428a073f5b69c2bb5e1ffd698,2017-09-14
c40b742c11a9df1f4d5cda8301dace51,138674c802d7dcec4510a2f331a1db8f,delivered,2018-06-13 21:28:42,2018-06-13 21:58:46,2018-06-14 16:12:00,2018-06-20 15:38:36,2018-07-13,9d4d828e5b2e809e2e3dc974bd687399,2018-06-13
f09f3f77745d7ca1975a8c080123a68a,e6f47c1077e7bf89527cce6b7f53b275,delivered,2017-07-25 14:01:36,2017-07-26 19:43:16,2017-07-27 18:52:51,2017-08-02 12:18:34,2017-08-16,6a2a34176de0c67d37cc15c3068ca152,2017-07-25
55e437ea6e09474dfdddee9b983aa798,6b750fd410ccd959db815b48cd0b5804,delivered,2018-01-10 14:15:40,2018-01-11 02:48:41,2018-01-11 21:48:47,2018-01-12 21:27:04,2018-01-24,f4c6d45e65010a466b54a470dbeddfcd,2018-01-10
cc84d04f45b429e9b55417f15b01aa52,6e0515ee87122a9140e34f7dc2fdfcba,delivered,2018-03-23 05:29:40,2018-03-24 11:32:20,2018-03-26 14:07:31,2018-04-04 15:18:33,2018-04-12,f75e5365f9191ee25462594eb0744b48,2018-03-23
ba6ef427eddcdf12922391f524c053aa,460dc8184b5df8c865de24c0a5b69fd3,delivered,2017-02-10 15:27:02,2017-02-10 15:35:24,2017-02-13 02:21:39,2017-02-15 13:34:02,2017-03-09,68a0455356d1c5f8f28419184e72ab1c,2017-02-10
91d14212d8350307a23f62cdab6b4978,1e434301a5cb198f25c4362829482d04,delivered,2017-09-23 22:13:50,2017-09-23 22:25:12,2017-09-28 18:18:55,2017-09-29 18:55:10,2017-10-18,3ec645c5dfd9cd47e6527566f4386809,2017-09-23
88362b1861d6006c64c8a30e48a3be01,d33c3fc4db8fd0f1f4978ad96fc80013,delivered,2017-12-01 18:58:44,2017-12-05 04:15:51,2017-12-06 12:32:52,2017-12-18 21:38:54,2018-01-08,f9eeeda3c9e816d0375be50582876f39,2017-12-01
3cf35e66383eac0fa651e99728d09c8c,71c5bb8cc5706d93c55624d75b9bcdd6,delivered,2017-10-21 23:49:20,2017-10-22 00:07:19,2017-10-23 18:58:05,2017-11-03 19:17:39,2017-11-14,bb618097652f60d704f18da17c7ec977,2017-10-21
620d254bc4b9c32cda7b908de600926a,57255fab455feb9858e2ef1490150eb0,delivered,2018-04-21 19:50:43,2018-04-24 19:03:57,2018-04-24 19:26:46,2018-05-04 19:13:00,2018-05-18,ba57a73ff451ba7ac3a068c774818595,2018-04-21
dedfb42b20552455d833569e5fd73390,b500d309b1692da5cf9acacdac263087,delivered,2018-02-08 11:13:11,2018-02-08 11:50:33,2018-02-08 22:33:14,2018-02-19 21:58:49,2018-03-12,a0e3e2cd0dab1a10be8f67c8ea258fb4,2018-02-08
d6a7e3621ef1e50b038deaf06e44fe6c,cd3dced2dc9404b32b5286672f63f5e8,delivered,2018-01-02 13:07:22,2018-01-02 13:18:17,2018-01-03 17:39:14,2018-01-11 00:06:44,2018-01-30,a618a1b6addc6f796a77db56184dbc3b,2018-01-02
2e6d9b2e86ecc0efd34ab46632ef4448,d6ddffe6e681da24bc1e5d632224d497,delivered,2017-11-27 13:54:18,2017-11-27 14:18:35,2018-01-04 22:53:34,2018-01-19 20:11:35,2017-12-22,a3b06c02a7cc8af7c1a5919e1abf13a4,2017-11-27
95ef5243238e7b30c38c33fcdf05331e,a50f61856056bd0098cafba2a854495c,delivered,2018-05-08 19:19:08,2018-05-08 20:15:24,2018-05-09 14:31:00,2018-05-21 20:08:43,2018-05-23,bfc71172abb7b914d453f4063cac831b,2018-05-08
2f2d84378c1f56a11a3c7e6329ade2cf,c8ea6998e7065144d207ebd1e49b4a00,delivered,2018-06-12 10:33:05,2018-06-13 02:37:12,2018-06-15 14:27:00,2018-06-21 16:50:46,2018-07-03,660759763175d278e98190816536e355,2018-06-12
bb8a21007d7fc7789338070eaef9c601,9e8295d8e69d9a29ea22d9c0c9f5f16f,delivered,2018-08-14 10:23:03,2018-08-14 10:30:42,2018-08-15 10:05:00,2018-08-28 17:48:38,2018-09-19,27ecd750f4aa9cab7c1c7315d16dc641,2018-08-14
3bcc1c9f93f90f188ff37ccb4e22bad2,a0e89d4138485d7b7a038f96a4bb528c,delivered,2018-03-01 16:55:22,2018-03-01 17:15:35,2018-03-02 18:42:52,2018-03-27 14:22:37,2018-03-27,43ea9838620c66772a6e0f498307a63f,2018-03-01
73c03f80def4f5e6c940e49350125298,10549f89e59058b4e3ab40d4b475a03d,delivered,2018-01-16 12:06:32,2018-01-16 12:31:12,2018-01-18 20:48:51,2018-02-01 21:09:44,2018-02-09,0c996ed3e5090d9f2135ca296eb27cca,2018-01-16
7f31dc70c624428b42b32b0b0167ba39,58d5a762bcc3bc018a7c1669faa37422,delivered,2017-12-06 21:41:35,2017-12-08 21:12:00,2017-12-12 21:23:54,2018-01-11 16:33:28,2018-01-11,fa980c101c0dcecaecd3a1b5984c6b5c,2017-12-06
39d42259839b9cfad053b83e19e14fc0,8a44674ccda540b8e0668a90a61be197,delivered,2018-08-07 13:21:30,2018-08-07 13:35:15,2018-08-08 14:54:00,2018-08-14 16:24:37,2018-08-16,061b76ce23abc2b12a20ca14649f8f53,2018-08-07
76c8089e946c8fd0cea2f819f1aa6d78,255edffca85a3cd3aab6456892a7067a,delivered,2017-08-08 14:36:00,2017-08-10 03:15:22,2017-08-11 21:44:53,2017-08-18 17:50:04,2017-08-30,d4df69da9d61408e2805659af49452fe,2017-08-08
c86098909905caad95e52f3c49ed3b5a,ee52dae7fd06a5d6798b5cdef747edc2,delivered,2018-03-19 14:08:41,2018-03-19 14:29:38,2018-03-21 19:14:46,2018-03-23 23:51:40,2018-04-02,b1e1a9cf00551e30847a2d04f1c1f5cd,2018-03-19
01c139e11e826da7bf9782cf1ee904bf,d4e19535b2f75f549d799b3841795ce6,delivered,2017-03-05 19:25:45,2017-03-05 19:35:12,2017-03-08 11:39:37,2017-03-14 09:54:24,2017-03-27,c4750b080e135d87328222826982fe39,2017-03-05
995d87eccd226be9b3c4b980d2728eb2,02f818e19134685bb0b3114b4667868a,delivered,2018-06-26 14:56:36,2018-06-26 15:16:12,2018-06-27 11:30:00,2018-07-03 22:12:48,2018-07-24,9216cf327ac5ec58e8248d7f6986b413,2018-06-26
8c695ffcf56400764176fd1789ec7fa2,d0e385087b9413d7f74a518fb55c56f9,delivered,2017-08-17 14:35:17,2017-08-17 15:06:12,2017-08-21 14:33:00,2017-09-15 17:10:31,2017-09-11,d32cc3e0e4e7f8b40a58fae2fc9f8150,2017-08-17
eef1b5385bc2d6cdf899eaf1337be979,4e87ee70b31e161d2bccbcb0af7c035a,delivered,2017-12-10 10:45:35,2017-12-10 10:55:21,2017-12-11 19:38:03,2017-12-31 13:06:11,2018-01-11,9b184e00d4c7ca98227d44d85c9c1689,2017-12-10
5ff05cd5557e3cc10ba2ef800f2b8da6,dfe414a11599a003b95ff5ccffb8627a,invoiced,2017-05-10 18:42:38,2017-05-10 18:55:12,,,2017-07-03,6346380213f9631ecc10a8ade07d5944,2017-05-10
3675bad64212bdf96c5062ea051384e1,27fcfc8d27c86e1f52daa7d17fc24ce4,delivered,2017-11-02 22:59:31,2017-11-02 23:10:32,2017-11-03 17:39:37,2017-11-20 22:42:49,2017-12-04,810ba763835fb927c87eaa0a750b5ca3,2017-11-02
90afb8151d6aca71ae7b52a029ebc165,3faee0bb2909b67bc79d9f5650f728c2,delivered,2017-11-03 12:43:46,2017-11-03 12:56:15,2017-11-16 21:31:54,2017-11-22 21:41:44,2017-11-28,430f484aaec4eb059a1d074f4b0ef762,2017-11-03
31116b5bedeace2fc1202e1e5288be14,c86e8e6320baac2c4ffb96c11f4ebc4b,delivered,2017-10-25 18:12:09,2017-10-25 18:28:46,2017-10-30 13:37:49,2017-11-07 23:28:36,2017-11-22,b1594e6c58948053ffe3901e946c66ea,2017-10-25
314c573c3c333b3bfdaf1b7821642d39,bccae5c7dd2a780d7ff0324eddc18ea0,delivered,2018-02-22 20:25:24,2018-02-22 20:45:32,2018-02-23 21:22:08,2018-03-15 17:42:44,2018-03-14,f0a81d39a308ab070b0156077419e851,2018-02-22
549eaa78237c5a5c9ca1cc4a8d812208,08a4362bdde5810480007ce9baad3d21,delivered,2017-09-04 04:19:30,2017-09-06 02:50:19,2017-09-06 14:27:43,2017-09-11 22:53:54,2017-09-21,e9465ca5e9043493c69b786fcb10619e,2017-09-04
10e2410205407d25bc85d047ca583cdc,5bdb1b40eeacdbb24248cda34549e471,delivered,2018-08-08 06:28:21,2018-08-08 06:44:47,2018-08-09 10:35:00,2018-08-15 16:43:38,2018-09-19,e606dfd71d8cfb12b523ed4cf7266f33,2018-08-08
a4d5fcb131fab3ac106ae40ac7042833,60dd5ea5f8bfa751e88c6ba644c486d7,delivered,2017-09-24 22:28:08,2017-09-24 22:44:17,2017-09-26 12:29:07,2017-10-07 13:33:10,2017-10-26,06f660202926f97c1f4fda2b62b64d10,2017-09-24
fc7e3c066f67dcf0954cd79e8b52a7df,debb9c0b178e9096f08c8609c81e2924,delivered,2017-08-16 20:28:40,2017-08-16 22:04:41,2017-08-21 21:08:04,2017-09-05 22:32:33,2017-09-12,26d011d527e0a9fc7e93674895f73193,2017-08-16
f80a22b75de2f7ef552287c042b55904,e7f1c2016c1e04e02cb832355bfabbb7,delivered,2017-10-13 15:52:58,2017-10-13 16:14:38,2017-10-17 16:22:12,2017-10-25 21:57:43,2017-11-06,d8d98ce85135cc6521c24accb9121024,2017-10-13
b2adafcef9baffbef06c6e49e3d64c71,d19bf7506977eaa73334f94c63b46ade,delivered,2017-12-05 16:23:37,2017-12-06 02:50:28,2017-12-07 13:58:56,2017-12-20 21:55:08,2018-01-05,1ae6159fb2d716e145ebaaa0224f0b46,2017-12-05
56876127578ae75a3a469572eca6602b,92efb7442d7a27f11a453e0c0db25562,delivered,2017-09-02 11:21:35,2017-09-02 11:30:21,2017-09-05 15:47:59,2017-09-08 23:41:34,2017-09-21,5adb949d6dbe858471d4e41e8e2758d1,2017-09-02
a880a78363d1f9a76ec3ca2b150de0dc,e9753790630a0bf9f483e4b9b5defa14,delivered,2017-11-18 13:19:08,2017-11-18 16:26:12,2017-11-22 20:21:03,2017-12-07 21:03:07,2017-12-12,c41557d8dcdead0b6f609a1af6c9e62d,2017-11-18
499e36ddc9a7c36dd44e2dcd43a76620,449661f48027faecbed83ae63b438743,delivered,2018-08-08 14:38:18,2018-08-08 14:55:20,2018-08-15 12:53:00,2018-08-21 01:03:33,2018-08-22,3a2681b8e4c9f2171aaade5d578f2cb7,2018-08-08
2ab3c22d797ae5a4199d53021ac9e78b,084276e19165eb374ea209756511156a,delivered,2017-06-08 15:13:28,2017-06-08 15:43:25,2017-06-13 13:40:55,2017-06-19 18:28:07,2017-07-10,317bf1fa495c44c2bfbde9d9f4584b10,2017-06-08
5705bc62270ffb13ed25996c30d281c6,56b1b47903483551ba7310e09e1c8726,delivered,2018-03-01 20:54:13,2018-03-01 21:15:40,2018-03-02 22:17:04,2018-03-23 17:41:35,2018-03-21,f224610e8c3e57a1db87be0917b8758b,2018-03-01
3f6628878fb03f1d5fef1958971d1680,77768b56d04254a39d08736b43642c93,delivered,2017-04-07 17:32:24,2017-04-07 17:45:21,2017-04-11 10:15:16,2017-05-10 12:20:08,2017-05-15,bc9ca6cf4a0aedc4eade3ae32f498e52,2017-04-07
1ae3a362085a74b0934c19b2533b9265,44825e1c6d09b3e10747266d4209e43e,delivered,2017-10-26 14:44:07,2017-10-26 14:56:22,2017-10-30 16:00:06,2017-11-03 14:22:09,2017-11-14,e0eb75aeec4f8d22e82d4b34ec454e97,2017-10-26
88ef4dd86ce9168daf5579d4f878f93c,94bcf8baf19461186b00908eaaab6057,delivered,2018-05-06 17:07:23,2018-05-07 16:53:05,2018-05-08 13:14:00,2018-05-18 16:33:34,2018-06-01,d862d7974ad395a79599a22e7964f38a,2018-05-06
643fa404d2dac7349a17416c2d2abf42,b434038f25087d8cb775ac6167d6d87a,delivered,2017-03-23 11:58:25,2017-03-24 02:43:51,2017-03-24 15:26:54,2017-03-31 09:37:48,2017-04-12,eeea20d93b0e221411defcabab3c8949,2017-03-23
e7fad3681883337ef2d804f54f9adbc1,8ef275e924ff8b859b1fad762be80fb3,delivered,2017-12-13 18:01:48,2017-12-13 18:12:25,2017-12-14 17:03:48,2017-12-15 16:04:55,2018-01-02,6bb300f359b7e1f6bbe1844844d5e7ad,2017-12-13
e34c35f516c039e39fe961639b87cdc4,f90456a4a362936bedfe4f2aac7448eb,delivered,2017-06-20 12:29:59,2017-06-20 13:32:37,2017-06-21 09:58:04,2017-06-27 14:50:29,2017-07-12,8f63f0c16f3c4903073e8b3814feab0d,2017-06-20
e641c4c52bd0059576b2ed7d7acc2feb,952c65fb709964e297fc065a740de6ff,delivered,2017-11-24 21:07:19,2017-11-24 23:57:05,2017-11-28 23:33:49,2017-12-29 04:18:47,2017-12-26,bb84ae9518a104b2918f545c20367bf8,2017-11-24
05a4879e7e161809c8bf4d8171b0c670,b88494557063ca06b09ac6feee81eac4,delivered,2018-02-04 07:54:12,2018-02-04 08:10:47,2018-02-06 22:04:50,2018-03-08 20:36:26,2018-03-06,0406c6ac876da480cb76e163eb5d9359,2018-02-04
85ba0f5d522324bd5acb9d014fa37c82,bdb5eb50daae50a6f36eadc6974cc5a3,delivered,2018-03-19 14:29:41,2018-03-20 03:08:33,2018-04-04 19:41:30,2018-04-11 12:37:44,2018-04-24,9b64e70008d710e915b5903b341244da,2018-03-19
a052b4ec749ff1fecf61228b8dd68a4e,91486dd591ffc38e69608cd1684e6951,delivered,2017-07-14 09:18:44,2017-07-14 09:30:20,2017-07-18 13:28:23,2017-07-24 20:38:15,2017-08-07,855fef734a57eaf43d6592b4f59399e4,2017-07-14
d82c41502ff72f11870b7546659bc8d4,090db52e7c7c0f9133f03da051a4321b,delivered,2018-02-04 18:39:24,2018-02-06 04:33:11,2018-02-15 21:46:38,2018-02-22 17:53:02,2018-03-05,5e53947b9e4b2c887124c618b1ef3991,2018-02-04
96c3480bcfc103e174ee23d12043188b,49e0851725249f39533e3afdb6068907,delivered,2017-11-22 10:46:42,2017-11-22 10:59:23,2017-11-23 17:26:43,2017-12-05 20:09:55,2017-12-12,25ddba9d3db5783d52dc8c313bdd426f,2017-11-22
64d68b5e88c8e4cda34a9d46314132a1,95a9c3ab9abb53255cf892538cf22d01,delivered,2017-10-07 17:04:50,2017-10-07 17:14:20,2017-10-09 20:20:20,2017-10-19 18:17:53,2017-11-06,738c1b9fc247b6f2f7e0466e81e2610b,2017-10-07
3a387120748132611868e2e4707cdbaa,25dcca1d4dd5e5ae818c2eb083b3d177,delivered,2018-01-26 11:16:02,2018-01-26 11:39:28,2018-01-26 20:17:40,2018-02-28 17:46:53,2018-03-19,23841d4abf4583dec7773f3bd2fe267d,2018-01-26
07f267d3cb28221009ef6852101d70c7,36d38da46c36b3d6e53020634e2be979,delivered,2018-01-26 11:38:23,2018-01-26 11:46:33,2018-01-27 16:46:59,2018-01-30 22:23:32,2018-02-09,abacce626346090b3362b2eff5f5fb8e,2018-01-26
0828f00051736863b477ea7277ddda6f,3e6551142018cfa35fe34cc86e790ebf,delivered,2017-09-29 00:47:51,2017-09-29 01:04:58,2017-10-03 14:45:59,2017-10-05 16:52:44,2017-10-18,5b2b1ba630515ff8f2d4e426514e1170,2017-09-29
2f5af9bfb62b1adb5d3865bbf05c4a56,075c121d41edf32d2ce4b13c67152000,delivered,2018-01-06 15:54:51,2018-01-06 16:07:28,2018-01-10 19:18:28,2018-01-16 16:12:59,2018-02-01,32590caa4b6388ce5691bfeb1064db93,2018-01-06
335f7b1126543ca03f8bd08b7f78c5e5,2223ffe5b1560249d128c769de3e6db6,delivered,2017-05-29 13:32:24,2017-05-30 05:02:31,2017-05-31 13:14:51,2017-06-07 04:04:51,2017-07-03,419e1bbe92944a1a036eadef194cfa91,2017-05-29
c7b50349c671aee4a4e97aff1c8188c5,cee15e4c71628cb79e97aa9dd14b10c6,delivered,2018-08-21 19:59:01,2018-08-21 20:40:05,2018-08-22 13:36:00,2018-08-23 20:02:18,2018-08-31,4b483ad9ba083919d805a788362c71e5,2018-08-21
37da3da6179d8ae1941a30b52dd4815c,71efa359910b8b3aeab9a78a393b60c1,delivered,2017-06-15 12:01:06,2017-06-17 03:42:23,2017-06-21 15:37:39,2017-06-30 13:37:59,2017-07-12,c827cd0940bf566b46a1eac11d7c11ce,2017-06-15
bd6bcdd3e5ffd0d3e562f279e2b3fe3a,379a8332c6787fc0c2f5938bf6d31124,delivered,2018-04-06 22:55:56,2018-04-06 23:09:15,2018-04-09 20:18:33,2018-04-20 22:22:27,2018-05-08,3356697330b7ba406d5e532a1caf687d,2018-04-06
da0a6ee487d278ae0fc77b10e9c18d8e,f9ec92fefe9e8f36165390d2cf8a76f4,delivered,2017-09-23 18:20:14,2017-09-24 18:25:11,2017-09-28 18:40:18,2017-10-02 17:37:47,2017-10-18,ed2e7c127faf8aacf910fb4ecb881966,2017-09-23
676157c2d1075c88ea0009f8d7d2d389,f6d0beda15d742eb9351737ba24ec199,delivered,2016-10-07 10:18:50,2016-10-07 11:55:27,2016-10-21 12:25:59,2016-11-09 11:51:28,2016-12-13,41836ee9834e5c216b28ff121f5d8741,2016-10-07
664a44899f2e94b4b928c781547d7bee,5e2fa5546c2cbda91ab09183cc6f1ae7,delivered,2018-02-27 21:54:48,2018-02-27 22:35:21,2018-02-28 22:54:42,2018-03-15 22:58:52,2018-03-29,22afa4cfcc43dc48b007397284d0d863,2018-02-27
2c833074fc9fbb5d8c24ec212ce02bff,a9d27ae943179884354286b37d064e0f,delivered,2017-09-22 15:54:17,2017-09-26 04:07:18,2017-09-29 17:42:27,2017-10-11 14:34:03,2017-11-03,d1c7d1a41c2487c703c2f8653c7920f4,2017-09-22
7d7450d00dd0f7359d74c86cb5890fd9,d57a2dc04faae9e680626bda0a161217,delivered,2018-03-06 10:38:36,2018-03-06 10:50:32,2018-03-12 15:54:50,2018-03-27 19:42:17,2018-04-09,aedaaac7a536a3d36072cd7c6d567017,2018-03-06
22b7dd604ff5725df72b4245777f87f7,5f12f95bc1755253989dd6dedd75b510,delivered,2017-03-23 08:48:31,2017-03-24 03:32:54,2017-03-24 14:47:52,2017-04-04 23:43:39,2017-04-13,9973bc38efd3abba678e2a883c3984cb,2017-03-23
9ea386e9542809c5955f1b89354c5e5c,a77a71408320c4a9a0ab320e798cd728,delivered,2017-09-30 11:14:12,2017-09-30 11:28:15,2017-10-05 18:23:04,2017-10-08 12:49:56,2017-10-18,67b215fe2a62991b6d79fce79662296d,2017-09-30
5aad92458ca3d4d408c99f424de3cd73,60e7ebbbfb5f79a77465c0c27edf9650,delivered,2018-04-14 12:00:13,2018-04-17 05:49:59,2018-04-18 22:06:42,2018-05-03 20:17:56,2018-05-17,76a0491dd70c125840fa259f00dfc351,2018-04-14
7641030cb95588ea6eaeda75cb63fc92,b8fa8e6d8f3fab19a56eff647e21eb37,delivered,2018-02-07 14:52:33,2018-02-09 02:50:41,2018-02-14 12:41:57,2018-02-22 17:23:17,2018-03-12,3b4265bfd5b06e1a4ef82ecca14f2ac8,2018-02-07
6f46d796b9d7089d7d0a78e0d254f38f,70104960c292faf07d86774cc3047cd7,delivered,2018-07-20 14:46:23,2018-07-21 14:44:10,2018-07-23 15:12:00,2018-07-27 17:09:28,2018-08-06,6e4a6429fdeef11c61fd0d209a10874b,2018-07-20
8c4a924fbaf8e5d685676b7a7269cc07,7611a01c864ad64ae6fc27f18713df09,delivered,2018-06-10 13:17:39,2018-06-10 13:37:01,2018-06-12 17:26:00,2018-06-14 20:58:20,2018-07-11,f11d095131c897ec597016b61eb5d7ed,2018-06-10
3a604ee4bab12dd296760f2295b74614,495fd0cd8a1b4a316256a038025ac97a,delivered,2018-03-14 14:44:14,2018-03-15 15:31:20,2018-03-17 01:48:30,2018-04-10 00:44:35,2018-04-20,b308737d44431c72700c5e644cc96397,2018-03-14
f5594a5beff0da9f2ae31381e7f4195f,4770016d1bae6437b699bea4a2ce8ae6,delivered,2017-09-15 14:42:54,2017-09-15 14:55:31,2017-09-15 21:14:43,2017-09-26 21:18:53,2017-10-13,c535e55a7dfd8fc81dbfcafb89695c14,2017-09-15
b513b10ef81dc22d15e850789a8a96b1,fa3c9c28979e812523cac4180cf5bbca,delivered,2018-02-25 19:08:04,2018-02-27 04:31:09,2018-02-27 17:53:22,2018-03-08 00:10:24,2018-03-21,8e45fca580e5130b6f912da95dcf3dd2,2018-02-25
3d6c7984f741db86885c11fb6f8ef329,191645119367588923a2fdb37a2b919e,delivered,2017-08-06 13:32:42,2017-08-06 13:43:27,2017-08-07 18:18:31,2017-08-09 16:00:57,2017-08-25,0cf1a42d3cb695e862d8d1ceafe5f73b,2017-08-06
b23a3fbf20082ffb8fce7107c46d7355,9a1e931787506d41070e03c467a3bb83,delivered,2017-12-06 13:08:30,2017-12-06 13:18:23,2017-12-09 00:27:13,2017-12-26 22:59:04,2018-01-11,476067c2619e103d569ac1c3cde464cb,2017-12-06
64a954ed681af38362c928f1f6a7ec47,3990e05f8ede91d4ed641781605ac253,delivered,2018-01-03 00:16:06,2018-01-04 05:15:18,2018-01-08 21:38:07,2018-01-12 20:35:58,2018-01-26,8b0ac1a4b78316b6236267eb9488dcb6,2018-01-03
28889b0ebcf51e11d33d3b8913ec4780,2f2169644b9e1e3b8cc23a59d8f6345e,delivered,2018-01-30 12:45:46,2018-01-30 12:56:12,2018-01-30 22:16:48,2018-02-23 19:18:43,2018-02-21,558770f4634f41ba8d3ec7954b77cfda,2018-01-30
1d73d3f30d166ae684a1ae877edcead5,235f076913d26e213b917ae40e48f8b8,delivered,2018-06-21 16:34:24,2018-06-26 05:37:29,2018-06-26 12:00:00,2018-07-02 22:59:45,2018-07-26,9a4bd11896b90b6230ccf59ff48d43b5,2018-06-21
833aeeba583417aa644a7c311e6b5bd8,df358a91acde222cf3330baac5cecfe7,delivered,2018-02-27 19:14:20,2018-02-27 19:30:22,2018-03-01 00:42:02,2018-03-02 19:35:37,2018-03-13,e3e0e9112264452e4700d977ce02a4d1,2018-02-27
bc03012724b4db8837684e376b6eeacd,cacf236a67a1b018693b6e7309a3f670,delivered,2018-06-16 20:50:28,2018-06-16 21:16:10,2018-06-19 14:13:00,2018-06-20 20:58:22,2018-07-20,e5073843823d26c628181598e5b7e201,2018-06-16
a818640a99640aa4728f98489c21333e,62890bed8374aa32f13b9cd4611263e3,delivered,2017-10-17 18:08:17,2017-10-17 18:26:52,2017-10-18 18:52:45,2017-10-20 18:47:28,2017-11-03,11df178c14c4ecbb90146e19c2b8780a,2017-10-17
34fd1d0a76a47123cb6a008ceeb18cbe,57b61547bdd096c6501f7f22e512fed9,delivered,2017-09-07 01:47:49,2017-09-09 04:50:11,2017-09-11 18:10:19,2017-09-21 13:30:08,2017-09-26,a11f9210c12f1fe74078881adf37bb65,2017-09-07
569d4a814b28187752cfacdd96077037,300b8e97afe5517506eb5fd157b3a9f5,delivered,2018-01-30 16:13:28,2018-01-30 16:34:59,2018-01-31 14:46:06,2018-02-01 13:46:32,2018-02-15,0105c53fe2f742999dcb90ca99f4bfba,2018-01-30
f999e26054da652c7caa0da95228c9b8,4ad611a1b940916b2164d8957ece3036,delivered,2018-04-15 17:06:16,2018-04-15 17:30:49,2018-04-16 19:14:35,2018-05-28 23:12:03,2018-05-10,7a4d047d665b8239fa1665eb229a2908,2018-04-15
f7f1d7e07ff7f3af27812ea78aa10f89,3a427eb5ef71cca3ee5cfd21a31bfaf3,delivered,2017-10-31 14:13:14,2017-11-01 03:31:15,2017-11-07 17:13:06,2017-11-13 21:12:16,2017-11-23,875b7580c7fa6834a2c841e21b1a35b2,2017-10-31
dbae123b07ca4baf09ee93c5b52c8932,3db09129454f368874d3f18bb83c7d64,delivered,2018-01-27 18:04:38,2018-01-27 18:15:27,2018-01-29 19:15:26,2018-02-08 16:49:11,2018-02-20,0f6371fc9c2e78818a6e7aa33022a506,2018-01-27
fa4e39af0cabdc0f91adcba174a63b69,5fa845339b9bf6edcdf1e4bf4140cb8e,delivered,2017-04-13 23:47:01,2017-04-14 00:44:01,2017-04-18 14:48:53,2017-05-11 14:03:48,2017-05-17,0690c2d69698335f19976f6325e9425a,2017-04-13
c8c13c8c58d62b12f9df992a5fb5710c,b1690cdbec8f90ecdcc703c87e5e4b74,delivered,2017-10-26 01:18:25,2017-10-26 01:35:09,2017-10-26 17:45:10,2017-10-27 13:43:02,2017-11-09,52abf89b29f83d880575c6ebb425e846,2017-10-26
ee24d42e740ce630fbea0d9870d78736,c729265073a5aca84a794993a491a27a,delivered,2018-06-03 17:00:04,2018-06-03 17:10:51,2018-06-07 09:04:00,2018-06-08 22:37:20,2018-06-28,44cba4047e366c37cdf87c7ba9086d6a,2018-06-03
e32738e1f9a8c0b2af32e78bf6f892b2,40f93a99ab90718f8a7587bcbb6f87a1,delivered,2017-09-08 15:23:38,2017-09-08 15:35:16,2017-09-11 19:51:48,2017-09-14 17:25:04,2017-09-29,45739ea1041ad56af3f92be9bf397245,2017-09-08
35b21ed0cc9b73594a41b071693b55e4,4c1804fa3ef0c59a7b2f8a00618eeed1,delivered,2018-02-08 12:37:28,2018-02-08 13:20:24,2018-02-10 00:05:23,2018-02-16 22:48:25,2018-03-06,05338561f0c4969c162f584f2d093804,2018-02-08
c4d641da04a6c3ef517a2f03bf42a151,a7335a8b430a602d318ab371d4506e81,delivered,2018-05-31 14:25:29,2018-05-31 14:54:40,2018-06-05 10:03:00,2018-06-24 00:52:25,2018-07-16,557f068f9566c12d2f4f715709373ff2,2018-05-31
02cbfc1aa8d209d7fec3325970ca22a6,e4bc5ee736af8027fe3d62de92254f53,delivered,2018-06-13 20:39:04,2018-06-15 02:58:41,2018-06-18 15:15:00,2018-06-20 18:22:31,2018-06-26,16407329f1b032f9928bcae2535966eb,2018-06-13
03ff7f74352df18b6a9a261d68befe5e,623795ecd2f7580e1460a1af8f4b8f53,delivered,2018-04-09 15:53:12,2018-04-09 16:10:59,2018-04-11 18:44:34,2018-04-12 19:08:26,2018-04-19,e6a8938950a402905ab19025a26718c2,2018-04-09
ba2500147cc381c7d587dede7f034f2b,511bf1f58434360b2aa7420dd0a2929a,delivered,2017-07-25 16:31:36,2017-07-26 16:30:19,2017-07-28 20:21:56,2017-08-05 14:57:48,2017-08-24,62666e42501ce80d87eafaf0ff484fed,2017-07-25
866c3d690461371bdd01676cccd0dfa3,ca879bcfd80ef6944931e896c48798a5,delivered,2018-07-28 17:52:17,2018-08-01 16:31:40,2018-08-02 14:20:00,2018-08-06 16:14:56,2018-08-17,0f0ebff71680fcdc93d3cce51901f3f6,2018-07-28
0373763807c25ce94a4b85c7c0f47062,8cf0e572d0e13c3cd64a678d54e0ad09,delivered,2017-08-01 19:39:49,2017-08-01 20:27:37,2017-08-09 19:05:16,2017-08-14 16:41:29,2017-08-21,b8e1553512f23d443bba38596aca86c9,2017-08-01
5a0df53f2e4268aa5a298c50838ccb7c,7455d5b60a7e99853b11405c4860c525,delivered,2018-05-12 09:06:10,2018-05-15 05:32:39,2018-05-15 15:05:00,2018-05-25 19:55:40,2018-06-04,31d6e79d2e888a8a7e4378abfbb55816,2018-05-12
dbb182f0099f1b6b9172a1f1fe4a62b3,0a1b816a9e0ae82eeaa2c15a91f98d7f,delivered,2017-05-10 14:51:35,2017-05-11 04:22:38,2017-05-11 15:17:39,2017-05-16 09:41:56,2017-06-09,356196152e861e77dc01ce20d6b8a412,2017-05-10
c1d124970fcaa7b1b9cabc82418f7fb0,46cd40cdb8086e4507d4649843ceb79c,delivered,2018-06-09 22:53:47,2018-06-09 23:15:12,2018-06-11 15:35:00,2018-06-18 16:42:28,2018-07-16,cbdd486b71ba446b663d4dfacf391992,2018-06-09
7d3fc20e36b2ee9683b0307b1129e96c,16d505cd985a5e737955de5b91b733bf,delivered,2017-10-31 09:45:46,2017-10-31 10:07:00,2017-10-31 18:12:53,2017-11-10 18:29:07,2017-11-16,9a846ca77f404659bd94979a3864db64,2017-10-31
037853d95871494e2e6147d00e37659a,81f6608e7150cede9a3d8c1dbf592113,delivered,2017-08-22 21:57:49,2017-08-23 00:33:00,2017-08-24 14:28:08,2017-08-25 13:27:48,2017-09-04,46c3eb3d84e04b1f16f382ed7948daf5,2017-08-22
c2c6674097e6b9ea3b322ce6f3e56117,6d278dab1f561f3648b35e498335652d,shipped,2018-03-03 13:13:05,2018-03-06 03:49:33,2018-03-06 20:27:45,,2018-03-26,0f144893c76b53c5ca3aa797e2c1f0d9,2018-03-03
6b4383f4e80b98f77c7f02262603cf9d,06e55d0b482f746c8c177b04b8b27301,delivered,2018-07-16 20:23:56,2018-07-16 20:35:15,2018-07-18 15:36:00,2018-07-23 20:02:00,2018-08-01,92bdba5468727361c12ee22b41ebaefc,2018-07-16
b0c6b466f1a099c343926b4a538a887e,f31301c07f3e466ca7eefb37e929cb20,processing,2017-10-13 17:28:07,2017-10-13 17:49:12,,,2017-10-25,b502f79ce13a4cfb120cf5cd50f986c7,2017-10-13
0ed4f86f537498adc199e28f682e2946,7ccae4c14b25c44cc60e1d0d6e1268dd,delivered,2018-03-24 15:38:20,2018-03-24 15:50:25,2018-03-26 21:38:46,2018-04-03 00:14:22,2018-04-12,3cd119615e8abaf2bdf3927fded0075e,2018-03-24
a6a6c002fd9f0e9eb0c0148448cf8863,355b5f09816035f6001cbeda7beb04ed,delivered,2018-02-03 15:48:24,2018-02-03 16:10:36,2018-02-05 18:29:05,2018-06-13 15:57:49,2018-03-01,36d4ac720e881bac650bec8bb9de57be,2018-02-03
60eeb6cfb0da0d3db8ccd8a0ca15f272,7df0b431d81325e82cfc663f2c43efef,delivered,2017-11-17 10:24:43,2017-11-17 10:50:45,2017-11-17 19:45:00,2017-11-27 16:14:47,2017-12-11,0cd486dbca272abc9253e609b2052d1a,2017-11-17
2a757a7ab0204f779c01da4557d982ad,aefd6355ebd6b31a28fe1613ce45ddb0,delivered,2017-11-20 15:06:30,2017-11-20 15:27:02,2017-11-21 15:59:11,2017-11-29 12:09:20,2017-12-11,d43fa47b338e3c085591bfcc81bebbfe,2017-11-20
3b73bd0a67b08e5d8441574de9aae345,fa41ee1cb6d2ef05a172aedc5720330a,delivered,2018-08-16 14:04:21,2018-08-16 14:15:23,2018-08-17 13:56:00,2018-08-21 15:28:46,2018-09-04,2c03b41fba5ad24f3f4789ab982a9f4a,2018-08-16
f04955e9d40fccf99360d76c463cf97e,0d1912e9daa6b43f89d5ef6810d6e3f7,delivered,2017-10-09 22:37:13,2017-10-11 03:28:29,2017-10-11 15:23:45,2017-10-20 22:22:13,2017-11-06,2686ba7105a5b4eaa691cccdf3a866b6,2017-10-09
9792ae2286f14d76123f9010f9c83f92,d64c5598555304b3aacbd6e9d07e2d4c,delivered,2017-06-03 10:20:00,2017-06-03 10:30:09,2017-06-05 15:54:17,2017-06-19 15:15:46,2017-06-30,3ae5f28cf8eaed744e50bcd7e551ac1f,2017-06-03
edee11c6be644a02ad79dabf630c41ee,15b897ae00814eb17fcbd3adf06e0e1f,delivered,2017-07-03 23:02:39,2017-07-05 02:50:24,2017-07-05 12:38:36,2017-07-14 16:48:04,2017-08-04,40e7f7b975979f8e469c33eda2a079a5,2017-07-03
8b9ba2ff8ffd0a83f05139ed2a1a458a,798c892185a68de46c66da84b8c3031d,delivered,2017-03-31 17:04:13,2017-04-01 20:05:11,2017-04-04 14:06:00,2017-04-06 17:13:25,2017-04-20,280bf653e57167086c1a8ffd18b03ab1,2017-03-31
ffebd80e3291e811c308365936897efd,050309b91cc5e04e68841938e7984aaf,delivered,2018-07-13 20:04:05,2018-07-13 20:23:55,2018-07-17 10:03:00,2018-07-23 19:44:45,2018-08-07,a1c2e4b4c1b29e41684ebdf3cc6538f8,2018-07-13
1f4409e522bbd17f0fcc7b9d1409fe8c,5c6342a614894e38da53f835a34d9344,delivered,2017-11-05 15:57:07,2017-11-05 16:10:29,2017-11-07 19:07:44,2017-11-18 16:38:43,2017-11-27,72e79d08a90aa4e10f7e5aa76e65b258,2017-11-05
ad493e47b6b5de120afe23202e244fec,d3ba3ac30d3a26d6fe2007dfc0928b18,delivered,2018-01-21 10:16:55,2018-01-23 03:38:29,2018-01-24 20:24:26,2018-02-04 17:41:44,2018-02-23,b8af09f3a325207fadf59487375be54b,2018-01-21
8e39302e6b4d08eec0f5a5ac3274f338,8d14023e66eb2ea7ce18fd20e4985b00,delivered,2018-07-13 12:21:43,2018-07-14 12:23:59,2018-07-18 12:37:00,2018-07-23 14:48:40,2018-08-02,525cda9909aa001ebed396f6e55eae01,2018-07-13
5497a7c711fb6064cb94be4e7b68a598,7ce7535cbe0f24ab642f7584ec6d530a,delivered,2018-03-01 17:28:46,2018-03-01 17:49:36,2018-03-05 21:08:49,2018-03-08 18:06:47,2018-03-19,083a540f456d5f5ded15b75ca54ca1b6,2018-03-01
9e89b029e7fb38004f9e2d3b4055610e,ee14f905f8bfaf6d2f0653202d13bb43,delivered,2017-07-11 17:30:25,2017-07-11 17:45:34,2017-07-17 18:33:27,2017-07-31 18:27:49,2017-08-08,6d74740d498504341df1e7f104daebf0,2017-07-11
d688d29e40c2038d1ed9dff624fc9490,a4f89f092addda8288f8fb9fe2b5ae05,delivered,2017-11-24 10:32:47,2017-11-25 04:37:30,2017-12-06 03:36:57,2017-12-08 14:13:41,2017-12-19,146faa2ec54cf0c8eced962abf75b5d7,2017-11-24
2f95a71d2777d49b1ea9226320de5c3d,a46b4e70ca3ae048f937fd95563faddd,delivered,2017-09-05 11:29:06,2017-09-05 11:43:49,2017-09-06 20:13:23,2017-09-18 18:21:40,2017-09-26,849c05444af5fd7a93359458bf45be66,2017-09-05
a6d7b2808b32dae3b384222edb93efd0,7cb24ad499c1e7e4b94d04ea1cd3ac81,delivered,2018-03-23 13:44:28,2018-03-24 11:29:14,2018-03-27 19:26:52,2018-03-28 20:21:51,2018-04-05,42befda568ea0df110b6cec63c233bea,2018-03-23
9f452e5cf61ec9a8c6d4d276ddf5664e,4e4b8f299747fff2f17eab79f554e097,delivered,2018-05-31 13:16:02,2018-06-01 13:12:41,2018-06-04 12:18:00,2018-06-15 19:07:27,2018-07-13,5cb6b80b0da1832a1e272cdcecdbfe23,2018-05-31
a1211febecce5b1f8faf9f5e533bd627,377c587dca2f85d76e1621134f50c291,delivered,2017-03-22 17:12:10,2017-03-24 02:44:18,2017-03-24 14:51:56,2017-03-30 09:24:05,2017-04-10,c9b3b24308b1a4587ffa3e60fafc2b1f,2017-03-22
81197e2ef0c78f09e8ffd8a87efaf57b,243e878db91f17c94ef54a3338315e1e,delivered,2017-11-27 09:14:52,2017-11-29 09:11:23,2017-12-16 00:54:47,2017-12-28 19:50:10,2018-01-10,471b4157081884bf416a0cf4fd40f1c8,2017-11-27
f1dfaa2d6bf27637f8996f170eb3de79,67e000a48b561326797f273e60821243,delivered,2017-10-02 21:37:12,2017-10-04 02:49:23,2017-10-04 14:22:28,2017-10-09 20:43:48,2017-10-24,0a5c0f668ba756072a329f054a4d842b,2017-10-02
ad65e95a693ee0523cd2eafe78406feb,45b62f72b605ed2cbfbac6e3b05bc0e9,delivered,2017-10-27 13:36:03,2017-10-27 13:50:12,2017-10-30 20:26:43,2017-11-07 19:32:35,2017-11-22,36700f03dbb05c1170c60fb2bdd80476,2017-10-27
f4ed3372892bfb645849016388ddae75,3905e45f0ad04281158670ed69a01662,delivered,2017-12-11 16:05:00,2017-12-12 04:09:25,2017-12-13 01:13:25,2018-01-09 21:25:22,2018-01-10,ea2f26234c0847c137dce49a0de043c3,2017-12-11
89f5b57546c833d2885ea08dd4a7df1f,a3a2eb818ccf5d4f72646d2d952bdc11,delivered,2018-04-08 11:11:44,2018-04-08 11:30:24,2018-04-09 23:08:39,2018-04-18 15:42:31,2018-05-09,c957d1415d5b3bef70575f7de3a24434,2018-04-08
e80309cd64fb6ece56e9b31e8af773db,6955112320a9d13ab8bc7dc9fc7c6b9c,delivered,2017-03-12 01:31:17,2017-03-12 01:31:17,2017-03-13 09:36:58,2017-03-20 10:47:39,2017-04-03,d2d9b07f558db65696517838605cffd3,2017-03-12
ceecac582f10037ad46fd4fdc529e0f7,88eec1a222d81af1a2a1ae93c669f459,delivered,2018-02-10 13:57:41,2018-02-10 14:10:36,2018-02-14 19:07:50,2018-03-09 22:14:29,2018-03-23,632afc0c4fbe0df585a016246b2ea574,2018-02-10
7bb7e430dba5149615b3083b33604d53,719a71ac439dcf158b8dc2218eee47f9,delivered,2018-08-03 17:29:26,2018-08-03 17:44:04,2018-08-09 14:03:00,2018-08-22 23:44:22,2018-08-23,8c3884ad7276e74aca8432efdd5ffd61,2018-08-03
5112c764fa2925ae974ee7c77478a4cb,0b3d49ee61dd14be80fe19091b5b4b6b,delivered,2017-06-01 19:55:49,2017-06-01 20:05:19,2017-06-02 07:25:32,2017-06-05 14:46:02,2017-06-14,907034015bf516ec49fad31887e42a40,2017-06-01
d9fb924d08e165eff00a9745385a2a36,4eaa399e3bebfa914be5e064bffc323e,delivered,2018-02-26 20:27:59,2018-02-26 20:48:07,2018-02-27 17:04:13,2018-03-01 18:57:42,2018-03-22,eda6a8b2e945671c74de9bc13a7c27d0,2018-02-26
d57d9345daadd30b1ce4c22c40250583,8ad7db0c3b18dfe6180e0c59fae53d1b,delivered,2017-09-11 11:24:47,2017-09-11 11:37:34,2017-09-11 20:15:26,2017-09-29 20:41:54,2017-10-09,eec7b50baf267074b41ba9bf4add6f30,2017-09-11
4baefe0b13c215e6417751ad5121469d,322576b292677639114c4420ba8f30b1,delivered,2017-12-06 19:32:40,2017-12-06 19:38:26,2017-12-18 20:38:47,2017-12-19 19:03:11,2018-01-05,d5419994a02a55d4b7cd00e77fabdbae,2017-12-06
ed04068c75edb94aa53d146e07e4a67b,174a9f39593bc7209e888ffef4b0cad1,delivered,2018-06-21 12:55:36,2018-06-21 13:25:12,2018-06-22 16:27:00,2018-06-23 14:42:02,2018-07-04,5c5d3189dbede0c6c269f0057d52622a,2018-06-21
ff3a45ee744a7c1f8096d2e72c1a23e4,bb308532dc44f5973cd2caf17d15bd8c,delivered,2017-05-03 07:08:50,2017-05-04 10:15:19,2017-05-05 10:34:52,2017-05-15 10:13:46,2017-06-05,367879109f7a4aac09ac25b29d133d3a,2017-05-03
b5f5561bde462ba1bb5b15e5be5b6bd5,69f774928b3541289743181082f07ea7,delivered,2018-01-25 14:22:40,2018-01-25 14:30:24,2018-01-26 00:42:59,2018-03-06 14:03:46,2018-02-22,215f5dec9071a9a69ce68c5abb45fe6f,2018-01-25
2d58f989c5e9344556ea2a9526699249,1fc09040150013ea0ef014f02dcb4e97,delivered,2017-10-01 10:48:05,2017-10-01 10:56:10,2017-10-04 23:46:22,2017-10-10 21:19:58,2017-10-27,d9d377accc816fe2dd7cea89daefdbc3,2017-10-01
16527c396116912b555fa6c932501c08,9ddc63a77d0557bc59e02af0e546a644,delivered,2018-05-11 16:40:14,2018-05-11 16:59:54,2018-05-15 12:54:00,2018-05-24 21:48:46,2018-06-04,6b254fe768396fef4ba7adfb41befc71,2018-05-11
bb5be1811a54b7c516ea8c1eeb48272a,38b44dd008d81d41ec5390f334a855e1,delivered,2018-07-05 14:45:14,2018-07-05 16:17:23,2018-07-06 11:05:00,2018-07-07 16:51:36,2018-07-18,12827475c5d3b76501d00695eb5e1504,2018-07-05
9029ce944e85e8fd1f64bd03d9a36b9f,40d106e6d4c2c913ee99ca6afc70674c,delivered,2018-06-22 22:30:56,2018-06-22 22:58:18,2018-06-25 14:05:00,2018-06-28 15:28:53,2018-07-24,00ad4e6c01a3039fa1b45eaadb4222e4,2018-06-22
b8aaeda740b17cf925d3f2a13dcd1d7f,8612b92a20dce68bb90b3e3f35500db7,delivered,2017-03-22 13:04:35,2017-03-22 13:04:35,2017-03-27 10:05:53,2017-03-31 16:22:43,2017-04-12,86898a41b88fa568c79a924b455de62a,2017-03-22
6bd0ccbdad2eab45930f72fbd6d128ef,4417d6c2ba733e15d2757f966ee1dcca,delivered,2018-02-18 13:14:02,2018-02-18 14:15:38,2018-02-21 01:32:58,2018-02-24 13:38:54,2018-03-12,77fd4dae65944e77f4b02bbbb71730e1,2018-02-18
42db36760e9843077434d0e0eecadc43,f5b95afe13a02072a08a98ec842ce6c9,shipped,2018-04-15 20:37:55,2018-04-15 20:51:43,2018-04-16 20:58:40,,2018-04-30,0fddbc4a6e9e51528bdca1af8ff155ed,2018-04-15
03953c6f8f398530d8847bf6000ffa78,33e3447a291780d38e59f5d4fdb42d0e,delivered,2018-05-17 16:37:42,2018-05-18 00:38:07,2018-05-21 11:58:00,2018-05-29 23:03:45,2018-06-04,4868eb71f4e43f6c8450433ccaad7379,2018-05-17
c21c3619da9e98cdf7e1f4125cd1ad8c,229300f9dc4908a52517c276e790e932,delivered,2018-03-12 21:49:06,2018-03-12 22:48:06,2018-03-13 20:42:27,2018-03-14 22:33:11,2018-03-29,03588a1b5849958d2eef74080af1af88,2018-03-12
1f6d522523ec744025ba19da53169f45,2e42725b340b879a9e4e93caac411a3e,delivered,2017-12-29 15:22:13,2017-12-29 15:34:24,2018-01-02 16:43:34,2018-01-09 13:59:25,2018-01-29,94e416a11c3c2f3f0ec534356e4117f6,2017-12-29
a59c87e726e3c78e26769a422a140bd3,5c2e818e5963bc9b74d66fd5dcefaa30,canceled,2018-02-10 12:36:33,,,,2018-03-19,7879fe9c6ecf38c965286723da56f713,2018-02-10
9e711ba681b09da30750ac0fe7a0cc3b,0a9b989d01b6dcfb690b128b24ab3221,delivered,2017-09-29 22:53:38,2017-10-02 15:35:21,2017-10-03 22:42:51,2017-10-09 19:08:17,2017-11-07,4a333e04d23005c217ed0c15b132c94f,2017-09-29
44d66ba7bb976cfc2eece4ec46023143,d11fb02f680c3fe3f7b964722ff94a48,delivered,2018-06-15 22:29:48,2018-06-15 23:01:09,2018-06-18 13:45:00,2018-06-21 14:08:41,2018-07-11,69346a13c5185b6d8da5923d24ca6ca3,2018-06-15
7a0625aff6810cc6f982301ecd5f0e6c,3406007f255696bfdd2146446cd48927,delivered,2017-12-13 13:54:09,2017-12-13 14:13:42,2017-12-13 21:52:04,2017-12-21 16:07:25,2018-01-11,43eab98315ee581137998c88396149b6,2017-12-13
fe0096592e11810b60646c95d63eb883,03c3fccf8214a32cb024281191b454c0,delivered,2018-05-01 11:57:05,2018-05-01 12:34:02,2018-05-02 16:35:00,2018-05-12 15:46:53,2018-05-23,cc48dae46c689ddf723cc52e0a4d9b40,2018-05-01
b761497bef87779669a4cb894020af20,1d5647bff95270b378279649cf42a8c6,delivered,2017-08-09 19:07:42,2017-08-09 19:24:39,2017-08-17 21:36:54,2017-08-29 18:36:39,2017-09-06,8e773ebb6df34f95e3916f053e76ea45,2017-08-09
c84fc53c53493ddf7c688d601056510e,047c0b3a52864c10c09a8ca87bb9af7e,delivered,2017-10-05 08:41:56,2017-10-05 08:56:27,2017-10-11 20:57:56,2017-10-16 20:49:45,2017-10-24,2c193ccf494a9cd26151b453161c9343,2017-10-05
2e964efb3431da146c9fd849e39eb86c,5b1ea921958e57b323d3bcbd9bd6ed7c,delivered,2017-12-03 17:21:20,2017-12-03 17:34:29,2017-12-04 21:23:06,2017-12-13 17:48:50,2018-01-08,eae7ab2fc38ab94abc121aebb9185059,2017-12-03
b836e1c1c40c654579a704da62705543,76a9635a8a8946b470a9ad3ed3362951,delivered,2018-08-01 13:18:49,2018-08-01 13:35:08,2018-08-09 13:35:00,2018-08-21 12:37:35,2018-09-03,e256cf8806ede20ad8bca047d288885f,2018-08-01
268762d6a983092f8632e379836806eb,6363048658a384cad9f33456e5c5def0,delivered,2017-08-27 13:02:35,2017-08-27 13:10:15,2017-08-29 20:34:53,2017-09-06 21:16:11,2017-09-26,ee87870afcbb29a3c50c068dbd7921a1,2017-08-27
c93147c4c4e627feb6483c04a7111bff,561b111cb008e89e7d7b821cefa626bf,delivered,2018-01-06 14:13:46,2018-01-06 14:28:17,2018-01-08 23:19:08,2018-01-17 00:23:25,2018-02-01,49f098d93c4bbe47548b9351fb2a76ce,2018-01-06
7f929b681a9f07dd67df3e86db25bffb,30abbf846ea967077882b27bd40d671f,delivered,2018-05-21 19:29:42,2018-05-21 20:55:37,2018-05-22 13:24:00,2018-05-23 20:28:51,2018-05-29,5e270c1fc46967d19e3216e6192a71b2,2018-05-21
f3c2158661b32530c0482c598745fc61,c963b585a17fb368b83163af2e792adf,delivered,2017-11-28 17:37:19,2017-11-28 17:55:32,2017-11-29 20:09:03,2017-12-12 22:10:32,2017-12-14,b7004bff57fdb5efde2a19e2eb0a1d2f,2017-11-28
ec39cdf678b1f2c763a1027c55241ce9,cbc74b0ca7084cbe01cf1dbcf885078c,delivered,2017-12-16 16:38:04,2017-12-19 09:30:51,2017-12-20 08:55:29,2018-01-09 20:37:07,2018-01-17,a740a724bc243698bdbf93a8dd68a09a,2017-12-16
fa2c0183390d96cbabb604c27aedf7e5,06e724a40343b086ece691eb439a726b,delivered,2018-08-15 08:37:51,2018-08-15 08:50:15,2018-08-17 12:32:00,2018-08-22 17:18:41,2018-09-21,0f102c5586c1dcd6074766d4a0239990,2018-08-15
cb7def57f4ae68a387231ee8e446bd50,5d5c01406d9cfb3a832953eb651bcefa,delivered,2017-11-24 20:27:57,2017-11-24 23:34:14,2017-12-06 20:52:12,2018-01-08 17:37:27,2017-12-14,f3ecaafadaf7ba9ee628d93711ea6af1,2017-11-24
827efe7f5818a815652ea13b2dda5d7e,9aa861cf803f46fc1ad38073279d97d0,delivered,2017-11-24 23:01:08,2017-11-25 02:12:58,2017-12-01 01:44:34,2017-12-09 14:07:46,2017-12-14,1d3ba628e954b443ff536e95edcf4a63,2017-11-24
54174fa08b3ff11848811d5d92993892,08fb48675dd414001931daa99d6e2ea2,delivered,2018-02-11 13:10:24,2018-02-11 14:07:56,2018-02-14 22:48:51,2018-02-28 00:38:57,2018-03-06,e46a2eddf7869bfa54f38f03ef2bbd0f,2018-02-11
2285e0e0eee1ab7c740986a3ca10031a,214c4711883185dafca61404d4e9db7d,delivered,2018-04-30 11:18:02,2018-04-30 11:35:37,2018-04-30 11:51:00,2018-05-15 17:16:56,2018-05-28,c558dadcc296cc8d9c1ca740e16b2fa1,2018-04-30
9d241238f3827aced623154ace551dd9,7b8602bfd7410fdbd226bd6834947b3e,delivered,2018-03-08 19:46:59,2018-03-10 03:48:52,2018-03-12 23:27:24,2018-03-15 16:37:50,2018-03-21,2c74de174de65887717532ccb94bb5eb,2018-03-08
0c8d2195cb6aab1034f95a0f87b149dd,fe7bee92681d1c9369a084e14683ab78,delivered,2018-03-14 23:00:37,2018-03-14 23:10:42,2018-03-16 23:15:51,2018-03-26 23:22:22,2018-04-06,52e379cf88cabd97147c140223347696,2018-03-14
42147d583a31840a77e1db9308e9bebc,4c0ec9d0d68c34fa2d98cec088a75f2e,delivered,2018-04-28 21:14:41,2018-04-28 21:32:30,2018-04-30 10:18:00,2018-05-03 13:18:40,2018-05-24,64cc5b70a25c40aeb6f383cd595e6d4b,2018-04-28
7e5a1d0e245d9956f8919244b11a1da1,8c92f7eeb893a210a2bb0b220f5d1746,delivered,2017-10-10 19:15:23,2017-10-10 19:29:20,2017-10-11 17:03:48,2017-10-17 22:29:55,2017-11-01,c2a707a1e6c60b50f528c9875e721821,2017-10-10
c475a9d8286befc2ceecf1bd07f03a25,4a016c3ecc920db586be088aeea03714,delivered,2017-02-16 23:14:15,2017-02-16 23:25:11,2017-03-01 12:39:07,2017-03-10 14:07:55,2017-03-24,4659f48db02c5e2e5a1c87f97fa7bca1,2017-02-16
c0a7132617f6d55916e28d0478296b2f,a802e60b4961506099141f4e5f32d5c0,delivered,2017-06-22 17:19:09,2017-06-23 06:43:03,2017-06-23 12:35:50,2017-06-30 10:47:43,2017-07-12,2811bce3b9fabf7447f2e1485a7f1126,2017-06-22
c546e22ce132da6778538ce6aa0d867e,93266af05292c1ab5d4c7defe6bf4113,delivered,2017-09-20 09:12:16,2017-09-20 09:25:18,2017-09-22 16:53:30,2017-09-27 22:12:38,2017-10-11,db1e6d547884b22376edc5ea10fe8fed,2017-09-20
b8c672112a4b924d15cf410db2a8f955,b02fe747da41e2ed5f7ff745a81d5a2a,delivered,2018-06-03 23:35:01,2018-06-03 23:51:03,2018-06-04 15:23:00,2018-06-07 00:58:28,2018-06-28,40cbb17d11534c207060c959af39050f,2018-06-03
2b1e6b2fd50454ea70f9e8f9b437d24d,0bcefb6bd3a890ffc5ef5f2573cee9a0,shipped,2017-08-09 17:08:58,2017-08-09 17:25:17,2017-08-16 19:17:37,,2017-08-31,ecb297840d7d64a51b8fab8a17af9ac5,2017-08-09
44367541b21451fc1fff30873b2cd899,ec9f90219ae301b43e928199c1dcfc5b,delivered,2017-08-14 13:42:08,2017-08-14 13:55:19,2017-08-16 20:49:51,2017-08-18 13:28:54,2017-09-01,d132b863416f85f2abb1a988ca05dd12,2017-08-14
a7244b32a501eb75e809aea0f44556fa,024f63965c192d99e1da51a1c3516239,delivered,2018-05-21 13:00:59,2018-05-22 12:56:26,2018-05-22 14:06:00,2018-06-07 13:32:41,2018-06-06,f52f0e2afa2ce6c39854bd1ac2a355f6,2018-05-21
6adde7cd43f44ee3300a1490d5dc191e,d6f0492fa0c4d9bc33a27ef6fe2c33a7,delivered,2018-08-07 09:43:23,2018-08-07 09:50:15,2018-08-09 14:47:00,2018-08-10 19:28:46,2018-08-14,5469264371cfd83afdeec62f743a7bc5,2018-08-07
3c3bd116a6376b59b139b7a173986cde,f372e630a281a25b3e011a71d1158bf9,delivered,2018-02-07 13:07:50,2018-02-08 16:59:23,2018-02-09 21:38:55,2018-02-22 16:18:35,2018-03-09,e957c1e47f8592055a8f19fd2035ec29,2018-02-07
6baaa4f22af711c8b15dba8f8269edf8,f064dfebf1746622218a28ce2c345c48,delivered,2017-10-12 21:17:15,2017-10-12 21:35:22,2017-10-13 23:04:34,2017-10-20 18:29:14,2017-11-13,a809bbcbfd1b0969653f1669f0a32cd8,2017-10-12
841d2f58ddbae5e6d1230dbbbae2c0aa,0f812e34c75d9df59dde62f2b38668e0,delivered,2018-08-20 22:18:37,2018-08-20 22:30:11,2018-08-24 12:26:00,2018-08-29 17:34:28,2018-08-31,828e45d215563e183adc4ea35418b007,2018-08-20
7d3f6879bc1a51b59172756e8b404ea0,4b4d598de74e10dba4e7e2b3a8c8263b,delivered,2018-01-09 10:52:42,2018-01-09 11:32:15,2018-01-13 15:56:35,2018-02-02 16:23:04,2018-02-05,063084779e4c505fdeaac93ee8a86484,2018-01-09
8e5069e21f8244e0ce57c82063f8becb,edd183f39bf413df0f5b156e509a326a,delivered,2018-06-28 00:18:45,2018-06-28 01:15:09,2018-06-28 12:48:00,2018-07-04 23:38:44,2018-08-01,6da08c8703d251e4e843f92b352758b1,2018-06-28
957c8c1b62b4ae9e0a876f66ee080ed3,e666012f897c1523f8ba7f7ce77527b0,delivered,2018-01-10 22:43:47,2018-01-10 22:52:27,2018-01-15 13:28:54,2018-01-19 13:42:48,2018-01-31,9bd5b3ebc783033a18f5ca69ec2727c3,2018-01-10
c12a78eb30abe88570f3c2c79bea1334,04353ed5bac96a6aaf8a5dd52b6909eb,delivered,2018-03-08 20:08:04,2018-03-08 20:28:48,2018-03-09 19:58:38,2018-03-21 19:58:55,2018-03-27,d81c9733d8705744518cd8d2e1be4460,2018-03-08
844bb4883a6197cc8dba3fba3624ab5a,6d27dd415d86fc2145690d2d729dc518,delivered,2018-07-23 22:34:55,2018-07-24 10:31:29,2018-07-24 14:09:00,2018-07-31 15:13:05,2018-08-14,119a694043b9c7d2a7d4b3f9874dfe84,2018-07-23
589208c4bf8d3e9c613ee4b6de49c568,4c9b886e126801672007699045a20af9,delivered,2018-05-17 09:14:34,2018-05-18 05:16:34,2018-05-18 12:23:00,2018-06-09 00:09:44,2018-06-04,076b35e139e2e3de142e4d424d1cfb27,2018-05-17
bbcbe43eab7a6c93f7f05992378953d3,49528d004e8825f533e6457b98baa342,delivered,2017-07-29 01:18:55,2017-07-29 01:30:14,2017-07-31 17:47:05,2017-08-08 21:06:20,2017-08-22,b3d1abff5f1b7c3756990fd32ce68ba4,2017-07-29
2cb6f509b0ff4794888a4f664f857dca,db50b097b47375c976c50b3e472e3e94,delivered,2018-02-21 14:09:11,2018-02-21 14:30:38,2018-02-22 17:55:13,2018-04-09 22:18:37,2018-03-19,c6fe47b07ed75b130d71f768b07b68b9,2018-02-21
1dda4cf38de17d1b18e9132ed692d064,62e7aea1aa0f2c22f4935878ab350527,delivered,2017-05-17 18:47:02,2017-05-17 18:55:16,2017-05-22 12:17:36,2017-05-25 10:06:41,2017-05-30,f82be7dcd0ff430255f7b521413ea98a,2017-05-17
8b44dee1be7ea62fbe90e84feeffd4bc,83a98455acd09caba34da505e0e9176c,delivered,2017-07-05 18:06:31,2017-07-05 18:23:31,2017-07-07 13:49:57,2017-07-10 19:15:30,2017-07-21,f341beed3a47d57eb319f376337ec5b3,2017-07-05
3ee6513ae7ea23bdfab5b9ab60bffcb5,161b6d415e8b3413c6609c70cf405b5a,delivered,2018-04-24 11:01:06,2018-04-26 03:55:26,2018-04-26 13:28:00,2018-05-07 23:21:11,2018-05-17,d80730c15c647bc8f2ad77c908ba5ca9,2018-04-24
87787efcca530ffab1191c66c2023af4,f4fa54d46d7fb4d130ff9efdff0f8ac6,delivered,2017-08-04 11:42:37,2017-08-04 11:55:19,2017-08-07 16:52:09,2017-08-11 19:15:56,2017-08-24,4b7485f738a6b25ccbe5ef32171e82e2,2017-08-04
31e77c77690b6d70901ee51f324ab4f5,46b5eb8a92185bd65df82ba643905a08,delivered,2017-10-04 14:00:49,2017-10-04 14:14:08,2017-10-05 13:21:47,2017-10-10 12:58:23,2017-10-23,03a544149ebf0a377d5dbc871daaf05e,2017-10-04
b804f2f3be682c81a8600da13d96951b,04bb4cf0fe0618ca7a2abb353f333fb5,delivered,2018-07-24 15:37:30,2018-07-24 15:50:16,2018-07-25 11:24:00,2018-07-30 16:26:43,2018-08-21,2ca8eb891e78edea0a0fe1bdf26ded5f,2018-07-24
cf2dbfa7d6c75d12986db276131ec3e3,4440b50861717a3c8ffa4b5ed0704964,delivered,2018-07-11 18:50:41,2018-07-11 19:05:59,2018-07-12 12:20:00,2018-07-24 00:58:18,2018-08-01,700720d4394aeb1f8640a0acc9da1abc,2018-07-11
0509b3b20635c8d54544dc048d95318b,60d8ab975103138567fe656cf30575f4,delivered,2018-06-22 19:08:21,2018-06-23 16:35:15,2018-06-26 14:50:00,2018-07-04 21:48:38,2018-07-17,6109885a87d4541b0677c4d576c2c76f,2018-06-22
f7827c2a34b42e02f5f75571d008c2cc,5453916a62bcdc43ce63888524fbdc6a,delivered,2017-09-30 07:30:21,2017-09-30 07:50:48,2017-10-02 19:41:52,2017-10-05 20:26:18,2017-11-03,f86bc99f0c79a3a79c74007e3c65eea5,2017-09-30
0f33fb71f898568a0193fcbc892cf511,e725ee0c4279d554a9ab8740b3f4e963,delivered,2017-08-31 21:44:52,2017-08-31 21:55:18,2017-09-01 20:33:24,2017-09-05 17:54:07,2017-09-20,d28ed46e7f35515ee6cd6fee3a7998d0,2017-08-31
0a2407e0197d11314604cf01105f648c,d2038fc66997336ea2fb9a7870fc279c,delivered,2017-10-19 18:06:14,2017-10-19 18:21:32,2017-10-20 18:57:51,2017-10-24 22:22:19,2017-11-10,4f0592752b645e0d5625505d5286edd9,2017-10-19
05ce664903d14969bd94d9633ffd8f14,e2d80f15879933506a918d1ae458e70d,delivered,2018-01-09 00:16:48,2018-01-09 01:15:30,2018-01-10 19:36:11,2018-02-02 21:23:08,2018-02-07,ebefb707a0e21d073dfc5b0a1c90f4b8,2018-01-09
6baf552ae13caef8a6c9eacb206a8675,715f0276884836bbfd1c06b089136b16,delivered,2018-04-16 08:27:34,2018-04-16 08:51:06,2018-04-17 21:04:25,2018-04-20 22:05:17,2018-05-11,b18a527caaabad7c26509d9e12070c19,2018-04-16
dc67745e87e769607de677683ab1fd08,1f7908129bdd1f9bdefdd4b8aa0b1aaa,delivered,2018-07-31 22:41:57,2018-07-31 22:55:17,2018-08-02 08:05:00,2018-08-03 15:52:01,2018-08-03,c9ec6e9a0c1cf3a1302de5b343cd901f,2018-07-31
91b672da38fda8fcd61163ab133f7fe0,070ca12a62752e5464182d78c6fac033,delivered,2017-10-18 15:14:16,2017-10-18 15:32:36,2017-10-23 15:28:59,2017-11-08 13:29:07,2017-11-21,c0bfed338273072ae7f5b10034e82f20,2017-10-18
3d218f39d04ff6b133d343aed4364de9,859e8d002890e6169d70be9afa8cb71b,delivered,2017-09-16 06:40:54,2017-09-17 06:36:43,2017-09-18 17:58:56,2017-09-28 16:55:57,2017-10-04,36f20d1ea93854ebc4fa1745dbdfc217,2017-09-16
3139d2c500d282f1549eb3c6e7723985,5be865cd6c0d8f82203de5f4d0b3409b,delivered,2018-07-16 16:07:48,2018-07-18 02:50:19,2018-07-18 12:23:00,2018-07-26 18:14:32,2018-08-07,2a1dd58d2b2c5131c77f51da5e409c2c,2018-07-16
99ebd3bc1d6ce28d10723dc71bf6f13d,0db2a08a5e01142f41c443c3cead862c,delivered,2017-08-26 00:25:12,2017-08-26 00:35:24,2017-08-29 20:27:40,2017-09-01 18:42:06,2017-09-20,e8a89cb5ce83d81147477839ecdf00a3,2017-08-26
49f8e57dab902b9449d246e4cd6757d8,e108246cf006db9c2deec7df929f0df1,delivered,2018-03-26 11:17:56,2018-03-26 11:47:43,2018-03-27 00:11:03,2018-04-11 16:17:59,2018-04-17,429528ace8a214aaaf53615c4e810f4b,2018-03-26
3f2f8de95118170021d99d5fbc532352,9be040aacd72b1f7c7273d2c837f25cd,delivered,2018-08-06 20:28:27,2018-08-06 20:44:29,2018-08-10 14:26:00,2018-08-13 17:42:32,2018-08-13,dd7a43cb9bd97edbec9093db9d6591de,2018-08-06
ba3f16abde04a2864215c98e536e2a46,33c079892847267e01751ae4c018aeda,delivered,2018-02-02 20:29:33,2018-02-02 20:50:50,2018-02-05 17:52:19,2018-02-22 22:17:12,2018-03-08,533f6a082e21c4886702bd9868385498,2018-02-02
1ed8c6fe5521f6353342a136b63678f5,836df37ad1fc6e991443fabe4783ae5d,delivered,2018-05-04 19:51:38,2018-05-05 19:50:40,2018-05-07 12:07:00,2018-05-11 22:58:30,2018-05-29,31a0924f318661d053477b0e7870298c,2018-05-04
4af5a3b197af9f20f2ad9f856fdcc301,e2fe7e66eea033448291e758ade41374,delivered,2017-10-01 22:55:25,2017-10-01 23:07:12,2017-10-03 12:44:10,2017-10-11 17:44:12,2017-11-08,7f026b691ea1412764f542864a478e63,2017-10-01
b4600c38e204525370a517e69341d3c4,5bc5d5d88da614aecfeac652a0b29f4c,delivered,2018-04-26 18:32:43,2018-04-26 18:49:35,2018-04-27 11:33:00,2018-05-02 20:36:46,2018-05-18,71136ba93ec2a882f2f96f59a419f640,2018-04-26
58385f20ce70cfb92449b879d4d0d08f,c63af7127225df2f73e46d15ab662a2f,delivered,2017-02-22 17:12:07,2017-02-23 06:55:08,2017-03-07 18:07:48,2017-03-10 06:05:11,2017-03-30,9c4f1bfd69071a5c8a169fb02a47d4aa,2017-02-22
024602a52e3c89ca5f963affcd2bedad,33e9f4b9cf16be89234b0eac5a37173c,delivered,2018-07-06 20:07:20,2018-07-06 20:31:04,2018-07-10 15:27:00,2018-07-16 14:52:37,2018-07-30,e32aa4e5230e4f78cd989b979fc4279b,2018-07-06
3a1756d7060a993e85f1614b43da0c03,584a48000c599c79acafff0af5cd4cf1,delivered,2017-01-26 16:23:03,2017-01-26 16:45:14,2017-01-30 14:28:13,2017-02-02 10:43:45,2017-02-20,bf4023e50a4a19e09b7200e861af76c6,2017-01-26
be13f37493f5cb6297b454950d1208e2,706628b404584bdb88c625294bf65edd,delivered,2018-01-17 19:02:58,2018-01-17 19:10:38,2018-01-19 23:09:32,2018-02-19 23:54:40,2018-02-14,176c0b08f2127813b7f8c40d288c9c86,2018-01-17
334b9822c2bb533789cb5cd89f1257b0,7f1af4bbe65b5bf8c5e0e19766ff46d3,delivered,2017-11-15 23:37:52,2017-11-15 23:50:35,2017-11-17 20:38:44,2017-11-30 20:38:31,2017-12-12,d6af9c30ee51a73eca5466920289da26,2017-11-15
a55faa0a62ca4a533d69b48af1f9c74a,9421a3f2c1ede92bccf8355fe8b8d6d7,delivered,2018-03-19 18:32:30,2018-03-19 18:50:40,2018-03-21 19:04:38,2018-03-27 10:46:31,2018-04-05,327468307c55c60b0647a51eef329c59,2018-03-19
5468ed226abcf74527e93b11988e4a3e,30abcca05e3c8ce1278a2d8f8abbdfc9,delivered,2017-03-17 14:40:20,2017-03-17 14:40:20,2017-03-24 12:26:35,2017-03-29 08:28:53,2017-04-07,48c8add58f6544df93e408ca2f7e9333,2017-03-17
e29968d0d7fad6eb512591f25eca27dc,b0ab7fd9a303d4cc6e6efd2eb326ad0c,delivered,2018-06-06 20:19:46,2018-06-06 20:35:11,2018-06-15 15:20:00,2018-07-01 20:38:24,2018-07-13,2913887204f4f95ab9f513c860b13e84,2018-06-06
a45c1f10d2a3a9e829ea9125e9e17aab,f393da6b32b8d8ab1d9b5914ffe322b9,delivered,2017-04-13 20:46:58,2017-04-13 21:02:16,2017-04-18 14:46:17,2017-05-22 16:16:43,2017-05-17,2d5ebaca8779bfc70d5fea05fd1bdfd7,2017-04-13
b1055ce3474985fb91548bf69ace69a0,711dedaffad6b733cb80c2d3a63b9c26,delivered,2018-01-15 23:21:22,2018-01-15 23:30:02,2018-01-16 20:04:00,2018-01-26 19:43:31,2018-02-19,2ad9d7ea5f6b4315a58c9f2fb19b5621,2018-01-15
0a7224dae678203f5b1a0715b55ed4d0,c5b90d0229351c62429a0aaa3a5b65a5,delivered,2017-08-21 13:22:50,2017-08-23 02:46:42,2017-09-13 21:39:47,2017-09-20 16:13:25,2017-09-22,212559d08539e8f1eea444fbd9f93e41,2017-08-21
5775b40b5767cf4043ffa1322c7d646c,af74a1a52803a27d264a94205c651446,delivered,2018-05-13 16:21:59,2018-05-13 16:35:19,2018-05-14 11:20:00,2018-05-18 18:14:37,2018-06-05,5926b04bda3a482730b443f283a9ed24,2018-05-13
af5248d345341f797de31954e0d3d2f4,5b116028bd1f354477b49032b5c31766,delivered,2018-04-08 14:41:41,2018-04-09 17:13:40,2018-04-10 20:24:27,2018-04-20 20:27:39,2018-05-07,833c17e015173d723fea7bb8978f1cc1,2018-04-08
8719765a2c69491f63bc8b06f379488f,5b97cf3a33ee85a30c7dc07f080b52e0,delivered,2018-08-17 15:27:40,2018-08-17 15:49:35,2018-08-21 14:13:00,2018-08-24 00:16:49,2018-08-27,d4ad0dc6e79fc81e70b2f86a746c9b04,2018-08-17
abcf5984d3741238d9c49184b7fa5941,ae949beb91846815154c3fdff84351a0,delivered,2018-07-25 10:01:44,2018-07-25 10:10:14,2018-07-26 11:54:00,2018-07-30 16:48:43,2018-08-08,9ecf2912d2b7eb8a98c633504c643767,2018-07-25
0b5680deaa067376ba987f02b755e8bd,733c47cbefbef886d7cea3f0c37fdb22,delivered,2018-08-19 13:20:33,2018-08-20 11:49:54,2018-08-20 16:19:00,2018-08-24 11:18:53,2018-09-19,321236cee92896bc208459c90ac7a5b2,2018-08-19
10034668f0d3ab9832769f2f14e190fc,0f2aee532022e9dc46401a1007e7ad9d,delivered,2018-01-10 23:07:44,2018-01-10 23:19:27,2018-01-11 17:46:42,2018-01-18 10:17:43,2018-01-24,6a539cc0d8fdf922c316dc8c90d98dc9,2018-01-10
a6fae08670367e0f76ce493d39681ecb,dbf2ba9913dbfa7408f6ce58ef90b4e9,delivered,2017-06-12 09:27:15,2017-06-12 09:35:20,2017-06-26 11:59:41,2017-07-03 07:15:52,2017-07-03,7ce3ea474d923206446660775b87a34b,2017-06-12
58f9ab98b542d84139dda631d9e257d5,d260c19e95d0f5ccb3b112b787bd61bc,delivered,2018-06-29 21:00:08,2018-06-30 20:55:24,2018-07-03 13:57:00,2018-07-09 14:03:22,2018-07-27,62cf624048d2844c2c84846092ec0f40,2018-06-29
aee2f64144baa740663e8cd823582528,40145af8781e070b66bcbcd10099f420,delivered,2017-12-28 12:09:36,2017-12-28 12:31:12,2017-12-28 20:23:40,2018-01-03 17:38:56,2018-01-17,8aa59fdd819f9e9f78346a4a7b9f98f6,2017-12-28
f83c8acd504b93200d7313d293a35f31,b78865983d067a2d249b151a74ce1b80,delivered,2018-06-25 16:11:14,2018-06-25 16:37:56,2018-06-26 14:20:00,2018-07-04 19:11:53,2018-07-24,a7cf5b98e2c071e4b5708a06e3086a59,2018-06-25
451a92b9b2211031e527f7f85525388c,7754cb08fba4a24784d7c29d94593b03,delivered,2018-08-04 16:49:49,2018-08-04 17:05:20,2018-08-06 11:54:00,2018-08-09 15:38:58,2018-08-10,94963524c3028543b4ace99de7502162,2018-08-04
5d27ea6de8d9187a253180f20045dd3c,e10b0382148f93e9b71137e85ff8bbe1,delivered,2017-09-26 15:18:21,2017-09-26 15:35:14,2017-09-28 13:00:14,2017-10-03 21:44:05,2017-10-18,10c6c8cb0586f9809642b6c8435f1cdc,2017-09-26
ba2010e1e6a9cdc09e6699cc6ed48a1d,edfb82dcbb9de9b6e7cbc19f6da7f2b9,delivered,2018-03-20 14:33:13,2018-03-20 14:50:53,2018-03-22 20:32:59,2018-03-27 19:04:00,2018-04-06,9918130181480be9f35e7c188a809b33,2018-03-20
d93a680cc497c0df20ea2023a89dc68e,ae75ad8219b66770df6013a8aaaf8d64,delivered,2018-01-20 18:29:52,2018-01-20 18:38:06,2018-01-29 21:28:00,2018-03-13 21:06:07,2018-02-20,66fe2008c84e9fa1267824686602d92a,2018-01-20
a3270f2613a807c71433dada7bf3876a,2f3df719b7d2f0ce0eab4926ee355614,delivered,2018-07-03 17:05:33,2018-07-05 16:16:37,2018-07-04 12:06:00,2018-07-06 17:36:45,2018-07-30,7e387c726a8b2cc0ef5bc3908e30a7c7,2018-07-03
f2af7540e2b81731609d138b17191794,8b31c427777a285b016a851797b2a21d,delivered,2018-07-03 12:39:04,2018-07-05 16:32:46,2018-07-04 12:15:00,2018-07-07 12:44:36,2018-07-17,77bd7afca5514b5d711b8cbaa5c21c00,2018-07-03
b2dd5d5bb33639803c8078b84ee9d539,737e42af8d26b9ffa981449a2bc96f68,delivered,2018-08-16 16:15:34,2018-08-16 16:30:39,2018-08-21 12:03:00,2018-08-22 18:28:37,2018-08-27,54b7e7e8d86c256d7980a150903731e9,2018-08-16
0616b1a248556f0f4c5aea97beb0729a,340ea1e30ba5b8f87429cc58cb7aedd5,delivered,2018-08-08 17:10:50,2018-08-08 17:25:09,2018-08-10 13:48:00,2018-08-20 11:11:37,2018-09-10,5a3269ab007eee06346e5fe5da200a65,2018-08-08
f2203a676e8755fd0393acfcf038c891,c344799bf5a7883eb7ba4b14a26b861e,delivered,2018-03-27 16:42:54,2018-03-28 02:50:28,2018-03-28 20:58:31,2018-04-03 22:51:20,2018-04-18,cc959b44d8da92180cab8297645106eb,2018-03-27
761a14c58cb2df04ac97a42b0edf05ad,9338a72285eaa017ffa0efca8eb74df0,delivered,2017-03-20 19:58:27,2017-03-20 19:58:27,2017-03-22 11:39:32,2017-04-06 13:53:07,2017-04-10,4ff91cca083378d9d3144caf8eaed38f,2017-03-20
fd7eb2117233aa5ac29e94a28e082077,301e3c6f124f0fe3f01113bac52ca361,delivered,2018-07-26 10:34:04,2018-07-26 10:45:15,2018-07-26 15:26:00,2018-07-30 22:32:25,2018-08-16,c88c20de057349c1ac37ff886bfb9a36,2018-07-26
f70ef37b0768f2e5383b4fc11dc05bdf,bff92b3f66be70a9141168e84259fa3d,delivered,2018-08-21 08:23:49,2018-08-21 08:35:25,2018-08-21 13:50:00,2018-08-22 19:18:46,2018-08-28,7cf6aa111c7b888b8f9fcc26b6fa1130,2018-08-21
73c9b460f4a439f8c11b6f6fa0560d1f,e48488824096ce9278ca3b4bb6f32537,delivered,2018-07-17 15:38:46,2018-07-18 02:55:24,2018-07-18 17:04:00,2018-07-20 16:03:23,2018-07-30,f10f4af2c01fdf887cdfb02287a334e3,2018-07-17
7621329c02f78d02a8a6d51e4b10ee85,0f45c6bd4d7b296a3b3026a0b05196a4,delivered,2018-03-14 16:43:53,2018-03-14 17:40:25,2018-03-15 21:11:00,2018-04-13 03:34:28,2018-04-12,10af83dd4f3867bbd37d9614fbfb0394,2018-03-14
d56092262d95ed5dffdf4ff335af1396,feee031667b7b1c2ccf3bcd4755b694f,delivered,2018-01-08 08:32:36,2018-01-09 07:21:08,2018-01-10 11:08:42,2018-01-16 21:18:25,2018-02-06,a99608213523e724f7aa168995fcbd8d,2018-01-08
1b45f3d92af5691c2409e2a40332875b,9e285031fb5b57b3d1464d8672b8ed22,delivered,2017-10-01 16:17:45,2017-10-01 16:28:17,2017-10-03 16:17:54,2017-10-09 18:46:18,2017-10-24,3c3b0bfa811c02a524002ad191cbad2f,2017-10-01
c187d987adeda75b5ab837e11d253eab,cd7fce401268bce93c1a08db08dec8de,delivered,2018-04-18 14:37:57,2018-04-19 02:32:04,2018-04-20 17:58:31,2018-04-24 00:14:54,2018-05-07,a6f97488cd4b3fafd5f15aaf7ca1a545,2018-04-18
7b1edd49bf0406b3335b52cade098b1c,330ee6f4f67f65303c3afaba7807a6fc,delivered,2018-04-11 15:56:10,2018-04-11 16:10:50,2018-04-13 23:28:29,2018-04-20 13:54:51,2018-05-11,2894a2958be8660f485382075e61a170,2018-04-11
4bd6a761ef3cbc41f50e58b6bb2a5dda,173f7dfbe0aae1fb98e9d5d4debfbe0d,delivered,2018-05-17 16:39:34,2018-05-17 20:32:14,2018-05-23 12:32:00,2018-06-06 12:56:43,2018-06-07,313eaa57716005a36a7914f6953b9c43,2018-05-17
68c47b8460f7f1e30cc524010aae7464,757e031a8c137a3af4e2a437c4b00b75,delivered,2018-03-19 11:43:05,2018-03-19 11:55:23,2018-03-19 22:51:16,2018-03-27 16:11:04,2018-04-09,f5f9af94b42a303e821daf17686e6109,2018-03-19
94fade3ce4aef6f9a24bb31e0ff03edf,bc3696db902a5887db532d65970453ae,delivered,2018-06-05 10:02:07,2018-06-05 10:13:17,2018-06-05 14:20:00,2018-07-10 20:28:39,2018-07-25,aa75ba45baa3792324a215d92c965425,2018-06-05
f1d18fb87d755ecddcf4c37e141aa4f0,77b08d9c6315882953ee9a24b9f92b5f,delivered,2018-07-05 10:48:42,2018-07-05 16:14:53,2018-07-11 10:40:00,2018-07-25 17:03:56,2018-08-06,95182ea0c14010c1f53a857a9655efdd,2018-07-05
f5d7c7844669e4addcf57dd9c9b703a5,437ab8c619c372caf63fc4b6c8117290,delivered,2018-04-09 11:22:45,2018-04-09 11:30:17,2018-04-10 14:53:37,2018-04-27 23:11:32,2018-05-07,64f8e22b4248f194afb7b62666aec2fc,2018-04-09
f313aef57f83601a4652dd2225bbda00,15e48dca580bb25bb8074a370b8de399,delivered,2017-10-16 17:25:29,2017-10-17 19:27:13,2017-10-19 14:12:31,2017-10-25 19:09:51,2017-11-07,81f242fdcd1e2af71fe09b14aedac9e3,2017-10-16
1e33a19435ce77958b5716347a102513,88c4345364141e6e89db240bd02b1dfd,delivered,2018-05-20 05:56:06,2018-05-20 06:48:52,2018-05-21 15:04:00,2018-05-24 19:52:26,2018-06-20,7e511134d42abbdf2343f38b310747d8,2018-05-20
71e297393a1e63537a76e338c10dbff8,42141ff96dcb5e2c803d4419826e46f8,delivered,2018-02-26 08:50:45,2018-02-26 09:08:39,2018-03-07 23:16:47,2018-04-13 22:45:38,2018-03-16,5c0d36b814ba46a828f786a2872970a9,2018-02-26
a8b6cffc34d25d7c6dea874c364232f6,f2bd21cab03b9c3e39bce8fdecbc0eda,delivered,2018-07-23 21:58:08,2018-07-24 10:31:23,2018-07-24 14:10:00,2018-07-27 18:02:18,2018-08-07,8f5b839b2555ac28db3da016a0cd84d0,2018-07-23
f9ea6cc9d3f50070aba77ffd39ef6d13,55b082c41854f6ea941e814169e47a75,delivered,2018-07-15 19:18:02,2018-07-16 16:30:51,2018-07-17 14:28:00,2018-07-23 19:49:23,2018-08-07,537d4f256e7df5c6ea17915c4c445a95,2018-07-15
f6822e0fe1a0a216386fb50209b80229,e1be51782abd827754616947acce8d27,delivered,2017-07-27 21:08:01,2017-07-29 02:30:40,2017-07-31 18:03:06,2017-08-03 19:54:49,2017-08-09,5c30a2952cf3c02a6acc48746cab5635,2017-07-27
a848ecb46fe108b35dd5bd7bf4fdddca,9deb8336dd9a075a90ad8adb3459e4fe,delivered,2018-05-02 19:55:38,2018-05-02 20:38:58,2018-05-03 15:09:00,2018-05-18 00:14:29,2018-05-24,3353f412e65c52d3b1b5a91f4a5df5bd,2018-05-02
de623c0b6bb8c160e80eaacc3100433a,5657037a025fe48001ac545834d7b7d1,delivered,2018-04-16 10:19:27,2018-04-17 08:15:14,2018-04-25 00:42:06,2018-04-26 17:03:42,2018-05-08,81c3d02a8bdd43a185097b22a3f8cd41,2018-04-16
5fc76c1f5833af0c710c26857de81654,857e902240049a036702a76621f9c2f9,delivered,2017-02-25 20:02:58,2017-02-25 20:10:12,2017-03-01 15:51:29,2017-03-06 19:14:27,2017-03-20,01e0008efc8b3804e274ff934ba017c9,2017-02-25
0f729d432870db7325144a3e078c9dc1,a2fcfc4d53419500023fa293509b129e,delivered,2018-03-01 07:57:24,2018-03-01 09:56:13,2018-03-02 00:04:08,2018-03-05 23:08:46,2018-03-13,6bdd34652c5ca96ab6cb5d78173d2c27,2018-03-01
d028930433677c26ca42772687789041,d70d5b8b1b7a20eee8c44298312672d2,delivered,2018-04-05 15:47:18,2018-04-05 16:10:57,2018-04-10 00:18:40,2018-05-08 17:48:32,2018-04-27,3265362fcd6df41199c135b421f2a93c,2018-04-05
ce136deab0b93414db6536909873e31b,638042a6d4935fd75a8232e4efaeb0aa,delivered,2018-02-27 08:51:31,2018-02-27 09:09:17,2018-03-01 00:12:38,2018-03-05 17:43:29,2018-03-22,05deb0755cb5c09fab08a1f06ed4e3f4,2018-02-27
f9488f6dc3dcb5de76f7ba040405de01,ebd60a203b55ef9750c0d2671bc83ad4,delivered,2017-09-14 22:29:56,2017-09-14 22:45:41,2017-09-19 19:20:12,2017-09-26 21:43:56,2017-10-05,31b8437b83b69d714e1567144351b70f,2017-09-14
e15b3513c9d37fdf4a36b88911a5c515,591219cc67cc4c76efa171e1a7db4d12,delivered,2018-05-20 11:29:44,2018-05-20 11:51:00,2018-05-21 14:48:00,2018-06-01 17:05:00,2018-05-29,987d6d221b7825a26536474def528a2c,2018-05-20
a22e1b3b7821386e3fbcd6d3c5c6c3c1,bc3170adfdb336e2cfb9457ddc0761b2,delivered,2017-11-23 15:28:46,2017-11-23 15:37:25,2017-11-27 15:12:00,2018-01-15 14:53:15,2017-12-13,353e6391a4bc29cb187094eb2b7cd301,2017-11-23
fe67d9fbc13fc8b281cfab9b09f60607,2fcf059f0e80fc034f5bc5e878e9115b,invoiced,2017-12-15 17:46:39,2017-12-15 18:31:43,,,2018-01-16,8085f1482c093a7af04e397f07a88498,2017-12-15
a817a158841cdcf686cc668a702b0a71,9fe9adc0e67dc3577474e2043a3294b6,delivered,2018-02-01 20:03:23,2018-02-01 20:15:27,2018-02-02 20:57:01,2018-02-06 17:58:45,2018-02-20,56ec666ecc3d3b4f23385008b00be5f6,2018-02-01
039fcd445ffe2e560443c34326f2b764,7f3c887db8ec3506117be4612105cf28,delivered,2018-06-03 12:06:15,2018-06-03 12:30:27,2018-06-04 09:11:00,2018-06-12 14:29:00,2018-07-13,b5f9e64d3695a5af924e9906a9644593,2018-06-03
3a18feefe5d21fab0d8b3af7813510af,8a2fbe2c86f7f87cb8c663b48051c780,delivered,2018-03-21 20:41:47,2018-03-21 20:50:29,2018-03-23 00:59:35,2018-04-03 00:03:53,2018-04-11,83894dbbdc18b4b7e86685507551b1cf,2018-03-21
17abba481cb8e119c2d2fe55ee7e6bee,fcfdc4f9debc9174421c2c67887ac536,delivered,2018-07-23 23:49:45,2018-07-24 10:31:13,2018-07-27 12:56:00,2018-08-08 21:12:31,2018-08-09,e412dc0d60c3d444579c73a576d45b12,2018-07-23
d801ba7b9484d3de19c2c002d5c668ce,73e518d73d888ac12d7c69050f631205,delivered,2018-06-14 16:01:55,2018-06-14 16:19:23,2018-06-15 14:07:00,2018-06-20 13:58:29,2018-07-05,19b85b94fe8272be4caaa26ea1e9fda5,2018-06-14
c1c753c55cb7181eddb84c646d0ee51c,8aa383aa8c844969db4e195dcc2b263f,delivered,2018-05-09 09:25:59,2018-05-10 03:09:53,2018-05-10 15:07:00,2018-05-14 11:46:51,2018-05-29,366cf7b3ba178d11f5a988d4f8c2f2c2,2018-05-09
6eea8cd99d26a8bbdf39d5289e4e7601,e91d82bbb0f6fd7e6e30511456357ce1,delivered,2017-06-08 22:46:23,2017-06-08 22:55:07,2017-06-09 11:10:19,2017-06-19 06:43:32,2017-07-03,6bb535b0906b43e0041916897667aeed,2017-06-08
d43302fdeb00a216e03f8c14c1aa95c5,077df306cf5b17588bc5bf9a56e0c088,canceled,2018-04-13 10:14:55,2018-04-13 10:32:31,,,2018-04-25,5363812c31bae08d549b36205b76dc87,2018-04-13
ca155f4ccd7bb9e5cfac4beb82c52881,437bc0925660246c9396ff74caa4bb29,delivered,2017-09-17 04:00:30,2017-09-17 04:10:08,2017-09-22 21:35:44,2017-10-03 18:02:39,2017-10-05,b3844f3dd00d4c8fb37826bba2665033,2017-09-17
b7174804f0cc2ac4c7b84c73d8801912,e29eb61a92e3a863fa3d462ddd062365,delivered,2018-08-04 14:05:27,2018-08-04 14:15:17,2018-08-06 14:55:00,2018-08-09 16:03:18,2018-08-16,3bc3bce318eec9b0412ed505c583dba1,2018-08-04
951d716448e523309ab6bf46d9850979,8610b520601e1e478e7ae1c351808d7e,delivered,2017-09-13 13:50:04,2017-09-13 14:04:53,2017-09-14 21:10:22,2017-09-19 17:32:14,2017-10-02,f73e2417681edd372cbe8472ffcdd238,2017-09-13
48181682578362256145d6338e6488aa,5a4d2a02dd96fa6d646d5606e90d1bb8,delivered,2018-04-25 13:34:31,2018-04-26 17:31:47,2018-04-27 14:37:00,2018-04-30 18:20:39,2018-05-08,c1399e4da0d39c4c06fa3388def9a513,2018-04-25
033fd350afad5c65be91a385733af4eb,7ef817bba224306193a775257c181bae,delivered,2018-06-26 10:43:56,2018-06-27 08:30:09,2018-06-27 11:17:00,2018-07-02 09:43:48,2018-07-17,f4e1647d435bc9c00613ac1772ec0c72,2018-06-26
1edbad4d98e89b6d877e8460b60052b2,0c819e18747f3ac08bd14625d4bde32b,delivered,2018-04-09 22:45:56,2018-04-10 04:11:01,2018-04-10 19:24:31,2018-04-11 19:54:32,2018-04-25,ee6fd2a856a211c75cb7d55ccd5f4f75,2018-04-09
2c88a17cb7d3d34bc0d68ff242ba2316,ac926e07a87099320471974fde3ca6d9,delivered,2017-05-26 13:30:53,2017-05-26 13:45:10,2017-05-30 17:03:44,2017-06-13 05:58:12,2017-06-30,5f09345e70a93cf9d42ee260ea6184e7,2017-05-26
c9b8a39ed5297ea28a01944f413d6636,674e3a0c090dbd0deaf457fdcf083a5e,delivered,2018-01-05 09:28:25,2018-01-05 09:39:35,2018-01-11 19:18:52,2018-02-03 15:48:52,2018-02-08,d8fe76ade1c2ab48fac3affa57ff8753,2018-01-05
edc438144eedf58c321995efd0225e19,8c69a3d3c7c8b218cc0b98fed5304d07,delivered,2018-07-12 18:00:04,2018-07-13 03:04:52,2018-07-13 15:56:00,2018-07-25 21:05:03,2018-07-31,1c157a0e5e9d7f5c873ee7a1281d2cc7,2018-07-12
3beed0e86cd5296d2481066ba4cdf9fd,3add380b09c3af8adff762b842564451,delivered,2017-10-13 10:45:08,2017-10-13 10:56:21,2017-10-13 17:18:19,2017-10-16 22:53:53,2017-10-25,3f0ba58f5f28c02bd967f9cbd4f44d9c,2017-10-13
cd6825309a436ed7785575f1ac55a38d,3601fef50dd65e732601ad4f29005dbf,delivered,2017-06-06 20:56:53,2017-06-06 22:10:25,2017-06-08 14:46:49,2017-06-12 17:22:59,2017-06-20,f808e921286c81c86093c3eddf24fc40,2017-06-06
bfa80c640c89b8b47f3c864e6de67509,c334c7c2376bea0710476a797ec92388,delivered,2017-12-23 22:38:14,2017-12-23 22:50:22,2017-12-28 23:22:41,2018-01-10 19:10:08,2018-01-19,61575c95d9e40ecb8277a9cd8ace01c8,2017-12-23
03a18d20c8d8ed81a44b9dff494ff86c,03432b33c8aeb8601e3ffbb38127ee2d,delivered,2017-08-17 20:28:13,2017-08-17 21:05:13,2017-08-30 15:08:01,2017-09-05 22:09:15,2017-09-15,d7aba360e924fca1be9f96f56c85b0ba,2017-08-17
4b2c34f7fd82d07c39e5072079ffd2a9,fcaa1b94ff3c102dcab523fec40c1e4d,delivered,2018-04-25 10:32:13,2018-04-25 10:55:00,2018-04-25 14:20:00,2018-05-04 13:46:56,2018-05-22,b85c006c8c9c1ee78099d110f10a32da,2018-04-25
63902aae1ab37f12ba6aa2b6d21a0634,cc9e69978aa877c0442093a193254a67,delivered,2017-02-07 16:34:23,2017-02-07 16:45:18,2017-02-08 10:29:37,2017-02-20 12:21:39,2017-03-06,855d32ca5e45bf54e4d88c29c65cea0b,2017-02-07
46d7cf66dd7fcd0e6e42f3b736c02bfb,a5ae902c29eb236d0a9ce2052b2e4232,delivered,2017-11-26 19:49:01,2017-11-26 20:13:29,2017-12-07 00:04:57,2017-12-07 21:53:17,2017-12-18,204eec5bbdb1b2f903363ed7d4c22e84,2017-11-26
9585dcabb7fafb1d2bde20a5a995e5e4,3672240fddb571231ad0be2e2fa82b5a,delivered,2017-08-24 17:18:16,2017-08-24 17:35:18,2017-09-01 20:47:18,2017-09-18 13:06:05,2017-09-26,b9c6f1253196f3ad5ae317792179d4b4,2017-08-24
b36a19a1d044f4328c2b659fea4d8dbf,1e03a2aa5714007700c8e727849cf123,delivered,2018-08-06 09:22:29,2018-08-07 04:50:23,2018-08-07 12:30:00,2018-08-10 16:49:32,2018-08-31,54a2d9cbeb08a11268085529cfe2524f,2018-08-06
ebdc1743a498b33e5f50d4270c117175,334bc1ac6dd04141f8d4dcf03753a1b1,processing,2018-01-05 11:18:15,2018-01-05 11:27:31,,,2018-02-09,94cf5c28141c6874a27b5a9fc4425681,2018-01-05
581e3fa3023c8c6a8a485e6f8e52ce2d,b66312c857384ed1832f8095699dcd67,delivered,2017-11-06 17:37:07,2017-11-08 03:50:21,2017-11-09 21:18:33,2017-11-16 20:44:49,2017-11-24,29c50454ab44ffc215c1689ffc1fe783,2017-11-06
61a1c28195e1234b1e16c4fc086723d6,1e90a99fbdd15bce1f9d56876bbe4969,delivered,2018-06-13 14:27:50,2018-06-13 14:56:55,2018-06-14 12:52:00,2018-06-20 21:22:10,2018-07-16,5805463a39792aa5a5d68db55932aa50,2018-06-13
e5c83b9d7049d45d07109c42cb808281,7cbbdf2a9fc0a4e31714983133e90dc7,delivered,2018-07-11 16:45:59,2018-07-11 16:55:30,2018-07-13 13:50:00,2018-07-14 17:14:37,2018-07-23,f69186a6f7ba7aa02720d776c1ce6fb9,2018-07-11
45934f084d862eb8718ee18e2a2b2395,82c8e9be6934206963b7810a78e9a41f,delivered,2018-03-22 12:12:31,2018-03-22 12:29:35,2018-03-23 00:58:52,2018-04-05 11:46:26,2018-04-13,781f18f67c3825206201c5bfcd2632a3,2018-03-22
38934582b8eedc324fe26767c76fb63f,c441fa2338335316a37f3d372ae24a3c,delivered,2018-07-18 13:50:09,2018-07-18 14:02:23,2018-07-24 14:09:00,2018-07-26 20:48:46,2018-07-30,ecca690a3a84e03ad5b875b366cd1a41,2018-07-18
faf18cecda32bcf685059fb419574421,b39cc466a30b1b0b60c6a3e311ce255f,delivered,2018-02-13 21:25:07,2018-02-13 21:47:23,2018-02-20 00:03:42,2018-03-12 15:08:36,2018-03-07,3b04d5394d524951c5f8ede44023ddea,2018-02-13
737c93fc3e93b56ba3055202da5b219a,6f28aebfc5ff187df1f021a7379b2dce,delivered,2018-06-29 00:02:57,2018-07-05 16:08:15,2018-07-04 14:15:00,2018-07-10 17:56:43,2018-07-27,6b6ae20160c2ef99300fb110edd2ba9b,2018-06-29
39bcd5ec1743f20b61498be2277d28db,1e67921a3c7285bda4c370e5c865521c,delivered,2018-04-12 21:31:27,2018-04-13 13:53:51,2018-04-14 00:09:22,2018-05-01 16:41:28,2018-05-21,cb555883cf1a44c1a9ab8f116cf4c4d7,2018-04-12
e9f195e6586d8b704b5bd727b1a2f5dc,e593de7dced2583fb4bfedb1c60b7487,delivered,2017-11-14 20:37:53,2017-11-14 20:50:59,2017-11-16 19:32:09,2017-11-21 18:31:23,2017-11-28,568bcc371d3a67b8524648d7fa59067f,2017-11-14
0d560bf6bbc1b2e3637cdc56cf7e9639,6c6c6232ca79e97ca6629a5c0edc946f,delivered,2017-03-20 20:01:39,2017-03-20 20:01:39,2017-03-22 12:28:50,2017-03-29 12:15:56,2017-04-13,b49810dca56f5fe16ea32f249a5fb3b5,2017-03-20
cf65e1cf310d6860d96e2efaab1f5d75,4bf0860a7a4807c9e9160cf4b6c2b33d,delivered,2017-08-14 21:44:03,2017-08-14 23:23:54,2017-08-15 16:18:09,2017-08-21 17:57:43,2017-09-11,f34184400b8c7057f5752dc2e61bae9c,2017-08-14
3434e5afc6505a2ae4ae9300e35fb818,c725ee592ac80b13c57f17153bc99825,delivered,2018-06-25 21:08:12,2018-06-25 21:15:24,2018-06-26 11:35:00,2018-07-06 19:08:07,2018-07-24,5618c13afa9188bbe93a11dff76f3659,2018-06-25
98e5161ba292a2032d586ecc01ac0c87,2f6920cb4ff5b75f35052670c3ef6760,delivered,2017-11-12 21:35:01,2017-11-12 21:46:57,2017-11-17 16:58:47,2017-11-27 19:48:28,2017-12-05,345803bf110fab68d6606a97a2a519c6,2017-11-12
95502da30f1b1b49b7e29e09c961f77a,9e3c248cecf45df8908d2eba7f718498,delivered,2018-02-15 23:31:17,2018-02-17 03:48:00,2018-02-19 12:49:17,2018-02-21 14:11:46,2018-03-02,c933837ede8ff47cbe52b66402570389,2018-02-15
1e7c4d7f10431cde9911c1c659a6e3fd,6fcf9bc0b844ced66aabad3c2c962d7b,delivered,2017-08-20 18:35:01,2017-08-20 18:50:12,2017-08-22 15:12:42,2017-09-05 20:14:06,2017-09-25,56d8f3a4f1fdfb8f31e16699e0e2ae83,2017-08-20
cb71499c074fd6946adf7562f592ac25,a466f770c7ac6f01ace59cd8afff5e19,delivered,2018-04-25 20:43:19,2018-04-25 20:55:36,2018-04-26 13:46:00,2018-05-01 11:44:36,2018-05-14,b87e0c543a60cd19ae2f5568a69b8bf0,2018-04-25
a46b002ede0857b1e4814c0d12fe17ef,c58c69cda1b5a94f50d4655cee86e59c,delivered,2017-11-14 01:30:11,2017-11-14 01:46:23,2017-11-30 19:56:45,2017-12-23 16:58:32,2017-12-04,e2997c59f200cec309788d1cbb447c51,2017-11-14
321c2c691df365d1219bbd6cd6257f11,527bf037fd84f0b73622f6b4d52771fd,delivered,2018-04-24 13:42:07,2018-04-24 17:45:53,2018-04-25 14:39:00,2018-04-28 16:51:54,2018-05-03,ced7a17f7446b6db1b44aa12b971fe48,2018-04-24
fdce8dd7bb4b3a3424b42b3dd0e844da,f85312ef02a373029bcabb420bac7606,delivered,2017-12-04 11:23:50,2017-12-05 04:14:00,2017-12-07 23:53:08,2017-12-13 17:19:38,2018-01-02,777f0b6c50a348339e93e3516a2072f0,2017-12-04
9ca5909eae951dbac41c3cf4b9c0337b,a3a36e3871f4b05275d9603a13233db1,delivered,2018-05-14 09:14:57,2018-05-14 09:32:33,2018-05-14 15:16:00,2018-05-17 22:28:26,2018-06-01,81ca927779d6173fc2ab4a7c36ab8fbc,2018-05-14
dcfd7c52a6963113ae9c4e12ceebde69,4ffcfe8466141df05466bea2db1389c1,delivered,2017-05-15 18:51:09,2017-05-15 19:02:38,2017-05-16 15:06:38,2017-05-29 10:21:25,2017-06-16,a653cd03835e3c273caeb626d001f79a,2017-05-15
475e7154ea6c9ea4f90d281fd3f65069,c1e31d9730c5e4ee18340930c3dfcb77,delivered,2017-05-30 18:50:21,2017-05-30 19:02:45,2017-05-31 16:38:01,2017-06-05 13:07:31,2017-06-22,7ac40d04251173596461f1ab8a23ec1b,2017-05-30
8252bcfa635686ea7a735c795dea38ab,0e4265d2833c3c2eb76f1b46e6aec5c7,delivered,2018-08-08 18:54:03,2018-08-08 19:05:11,2018-08-15 07:53:00,2018-08-27 12:21:56,2018-08-31,c64a7a76347345cb900c4f4e45dd6dc4,2018-08-08
c88e6fb53503e3e625713f57d94360f0,a3b930d25e147f83840c5b4e774546f4,delivered,2017-06-18 19:42:59,2017-06-18 19:50:09,2017-06-22 09:51:45,2017-06-29 17:57:50,2017-07-13,b224a6cd45d83bd68f6632a2ec365527,2017-06-18
400ff75c92d93b68cbbb88a17d97b447,4469ee2fbe0d696dee57c67bcf5fa544,delivered,2018-02-12 13:46:50,2018-02-12 13:55:33,2018-02-22 02:22:03,2018-02-27 19:42:48,2018-03-06,35eee645f41875344ec69333a72922cd,2018-02-12
4f22b45861402b6db26c58fd211617cf,6932a8346062af34cc8e71cdbdc30c9c,delivered,2018-03-12 15:06:28,2018-03-12 15:15:41,2018-03-13 20:16:49,2018-03-16 22:21:50,2018-04-04,8d6d3cae3cded78859ef00793a6b361b,2018-03-12
bcf9b1ea597cf15ce7c93eebfd3a915a,dd20a8c24c0277b340ca8e8e57c52e11,delivered,2017-11-30 01:09:56,2017-11-30 01:33:17,2017-11-30 23:03:24,2018-01-03 22:10:07,2017-12-26,7ac047b79c1592ee9806d29dfa149b5d,2017-11-30
19feb5627c41ea1b36a8e50a469b3644,b8097c8f0c1f58ab56a53812a446a898,delivered,2016-10-07 17:09:56,2016-10-07 17:32:09,2016-10-26 11:42:05,2016-10-20 19:07:54,2016-12-01,0ac6c084c9623a0e2ace60297ad24d6c,2016-10-07
360983d2dc93d0b53cf1dd482a1caa5d,1cddf32e75b16d683001b555f0d3914a,delivered,2018-05-28 18:43:49,2018-05-28 19:16:51,2018-05-30 14:43:00,2018-06-11 13:32:29,2018-07-17,d2a3fbe8991a2fe51d812f589e19d80a,2018-05-28
ddd05ce5cf8b84ccf7f200b027c7753f,a16696afb36b4eb70a718a4932c0db09,delivered,2017-12-18 09:05:02,2017-12-18 10:36:28,2017-12-20 18:15:05,2017-12-22 19:22:50,2018-02-02,fc0749f31ad83e47f68714daa6034e96,2017-12-18
32a95b7b9e16b0e4ac4e9a279ba5c10d,b3765dbcb1552872f10dc638104f6598,delivered,2017-11-13 15:06:58,2017-11-13 15:15:47,2017-11-14 19:57:01,2017-11-24 17:05:05,2017-12-05,c688aee1174748a6896ec280c68a6c2c,2017-11-13
0c573af818c3b5409a2255629eec2ad3,fa68d3ad0b208c51a9c432396f968a55,delivered,2017-06-17 12:45:24,2017-06-20 10:50:11,2017-06-21 09:00:57,2017-06-26 16:40:23,2017-07-07,5f37cd104461c0fcaaeb1e6119122d87,2017-06-17
b1253279f7cb2552c9625335aa5ff684,12e244bdcf0634c2d48e7965647f06de,delivered,2017-02-12 16:41:04,2017-02-12 16:50:19,2017-02-14 13:39:55,2017-02-15 09:42:39,2017-03-16,070b63ba035b50eaddb3ed3f009a2221,2017-02-12
4ad158fb23644bc01f7f255b61b7ca9f,ed075555bbf25bf595005c1f973b136b,delivered,2017-08-08 20:50:58,2017-08-08 21:03:17,2017-08-10 18:15:48,2017-08-16 16:43:38,2017-09-01,2760a10fdfe3a77a374bc8823f9cf21b,2017-08-08
20f218e0289ef7cb82817b837eec01ca,25b00f5aa11b21b76df976c3642f851c,delivered,2018-02-21 16:12:15,2018-02-21 16:29:37,2018-02-22 19:04:54,2018-03-02 22:42:10,2018-03-14,79e922ce9d4f5b4deddbf56dcac14806,2018-02-21
ae76bef74b97bcb0b3e355e60d9a6f9c,3b37fb626fdf46cd99d37ec62afa88ff,delivered,2017-03-04 23:32:12,2017-03-04 23:43:26,2017-03-06 05:14:07,2017-03-09 08:33:08,2017-04-06,0005e1862207bf6ccc02e4228effd9a0,2017-03-04
960191fcb6e80a09e5060e382e0046b8,c38b3826795b7d0d8c4449bb5eb96733,delivered,2018-01-24 12:27:32,2018-01-25 02:57:47,2018-02-02 23:38:38,2018-02-16 21:36:11,2018-03-09,511152350c802fe363fd2417b1a09357,2018-01-24
c1e8d82bfb3b9310889636c7589e8007,9f67a4e8c3d027cf348f080767e7d1f9,delivered,2017-10-12 15:12:09,2017-10-14 18:35:36,2017-10-16 19:59:49,2017-10-20 20:47:33,2017-10-25,f214929c86f14b55dd10d7a673028010,2017-10-12
a756c394e02e7cc83cbcc594a969bf59,551afa83d8b12420ec6ab48726cdbc26,delivered,2017-12-12 15:24:31,2017-12-12 15:50:38,2017-12-13 18:19:01,2017-12-27 00:47:57,2018-01-16,40df81233d3f985a89d85cd5a41d3064,2017-12-12
a92225110bfd8206a036f272ccf0fb1b,7f96cdc06aa0cfe77e71187d5035f22f,delivered,2018-05-03 14:33:57,2018-05-03 14:54:51,2018-05-04 11:50:00,2018-05-15 21:06:20,2018-06-04,2c1e1a424b3426cfb207bc61849b4203,2018-05-03
de19da2c7ae72b08355e23a5a0f33351,b3d95ced976e3195fb9218d0852eb885,delivered,2017-12-14 15:07:44,2017-12-14 15:18:27,2017-12-15 18:21:57,2017-12-28 21:49:04,2018-01-23,feeca4444e6651005e53f2d57cb104b2,2017-12-14
d24c7346d4b0d3dca97138e03ef34ffa,4ba69fcf8797e82d487139d557ca685d,delivered,2018-01-07 10:57:19,2018-01-07 11:08:27,2018-01-08 22:08:53,2018-01-16 21:53:28,2018-02-16,2ae9c721d632d7cc6f6c99cbf051d4b9,2018-01-07
8e6a116ba7e4f5f50b595471926576d6,732482a7ffd8fc596c749a7d3190fc41,delivered,2017-04-05 10:16:53,2017-04-05 10:25:11,2017-04-05 16:37:57,2017-04-13 19:08:50,2017-04-28,d173d7ef39a936d38967c3a41d9d9cbd,2017-04-05
7e4f454abfc163899a6ef5b4d5facfb2,e09646444511bcbf9141bf44ab8e8ab2,delivered,2017-12-15 06:52:25,2017-12-15 07:11:03,2017-12-15 19:45:04,2017-12-19 22:23:49,2018-01-15,5f35d9d4ba41d3e71af2bc5c1fdb166a,2017-12-15
492af7055c78ba977bfc7e748dba1737,767a4c76d02bd907236d87d0dfba99cf,delivered,2017-06-11 20:28:52,2017-06-13 04:35:26,2017-06-14 10:37:40,2017-06-23 13:22:36,2017-07-18,6e3843e1ebbba4e965b2fcefac403e35,2017-06-11
bc70e827b5531f116d2254b6696fc290,2297775fd99b6ff5a4bc38cc821dc2cd,delivered,2017-05-14 13:21:58,2017-05-14 13:30:15,2017-05-15 10:25:01,2017-05-25 08:57:35,2017-06-05,c860da252e32944ba611d444e315968c,2017-05-14
ff63c818e5e38bb25ec5abce62d83d4f,e2b74b49a5439ebfc7d2ba744ca029ea,delivered,2017-10-12 22:19:28,2017-10-12 22:35:15,2017-10-13 21:26:54,2017-10-23 19:32:03,2017-11-10,3b5e50b983840145c98792e5d5299727,2017-10-12
f59b0460d13be0dd48e9762851d21998,da14c1c81592a7684449799d51f43823,delivered,2018-08-18 20:01:37,2018-08-18 20:15:13,2018-08-20 15:55:00,2018-08-29 20:03:32,2018-09-06,415e7620220b7c3846baf46db27e51c3,2018-08-18
ca757dbebcac3d3bbaa4eb7ea0f699c8,4e7d863b21180fc23a9185972ef8a1a2,delivered,2018-06-07 19:29:37,2018-06-07 19:55:29,2018-06-08 15:05:00,2018-06-15 22:58:49,2018-07-16,e0cf5132f89b834cc68faa73e4b90caf,2018-06-07
6e429b10b7146f0e09d492b45c32b8b3,33667b922438dec138af7bf94a3fef51,delivered,2018-08-18 10:44:59,2018-08-18 11:10:46,2018-08-20 14:44:00,2018-08-21 15:38:37,2018-08-28,e00c5263eca2236296ffa5ab8d17e421,2018-08-18
d6c877d8995925578fdeb1d186915549,ed31032d177b2192f391ea291d349b35,delivered,2017-05-07 12:50:03,2017-05-07 13:10:37,2017-05-18 10:40:00,2017-05-22 21:45:24,2017-05-19,3f1d63ca0cb4dbfbf42f0ceed7d82053,2017-05-07
906e820b85dd6c8ef9a4aa5581aa277b,43680df360ed4620c0970b131aefdc8f,delivered,2017-09-19 17:34:11,2017-09-19 17:45:11,2017-09-20 18:54:01,2017-09-21 18:12:10,2017-10-11,3c1f7fdc180bea0123164edbc53c50cd,2017-09-19
74fabba2032e7c6ce81eddebe5c4a368,af8b2588c519cdc1671fd5ef6cc0be95,delivered,2018-02-20 08:27:37,2018-02-20 08:56:19,2018-02-20 23:03:42,2018-03-09 01:41:24,2018-03-23,88f093140ce2bf5238a82a69537d7827,2018-02-20
c90e15a8d750212aa19ac74b22a39493,8976ae1c6e4275a2630fcec10027d081,delivered,2018-04-24 17:38:18,2018-04-24 19:19:33,2018-04-25 14:38:00,2018-05-01 02:38:39,2018-05-28,59d7dd5099fcbc0a7443e069e1f158eb,2018-04-24
1cb80dcfe2d0c0ec3b39d3d7b9bfac21,501e7762fd8841fb1d93a201bc67398b,delivered,2018-03-09 21:40:55,2018-03-09 21:55:26,2018-03-13 21:48:31,2018-03-22 15:28:36,2018-03-27,d849043e4fd62e9429e0eb99bde38216,2018-03-09
6f2ae8728d4663eecab7315f623ac889,1716045791057027d5bb15d0b91c243c,delivered,2017-05-19 11:26:16,2017-05-20 08:45:19,2017-05-24 10:47:30,2017-05-31 13:05:25,2017-06-20,1419121adc11f4ab1ecf6baee25e5f58,2017-05-19
ec13b401afa92c73e534aa28d83e4ec0,1e0cff4840869d26725b4115988cfd61,delivered,2018-01-16 14:13:43,2018-01-16 14:30:23,2018-01-17 16:28:02,2018-02-02 18:59:00,2018-02-16,d0ed8771e4bf2caadfd58c9b8a165584,2018-01-16
7fe47b14b3fcdb2ebedef3da6f118cdc,a8bad9142fcbce619092b42b569f27dd,delivered,2017-08-28 16:52:22,2017-08-29 04:55:28,2017-09-01 21:03:10,2017-09-12 21:13:30,2017-09-22,233a3db31ab1ca51be329dd3b085294d,2017-08-28
0880410ce1538dfc180e260708256fcb,6a5fba7498609a7aa97bb68654096329,delivered,2017-02-25 09:21:20,2017-02-25 09:30:11,2017-03-01 07:28:08,2017-03-08 12:59:03,2017-03-23,9fb0ba59bd3016e464017e82658423d1,2017-02-25
cb86e7fa5dcf2f86b0a038518514d891,678e29da385819d20ed00a3928143d54,delivered,2018-03-15 12:11:58,2018-03-16 03:50:11,2018-03-19 21:22:06,2018-03-21 23:12:15,2018-04-11,4ef804137fc4ee19605326b7f99edd83,2018-03-15
5eb2d78f174daa47e90249a44e033aca,481fddd031b883ec2b410fc6b4da759f,delivered,2018-08-19 17:22:11,2018-08-20 12:30:20,2018-08-21 12:06:00,2018-08-22 21:28:50,2018-08-29,26a3a3beac7982e1aa9db8e0f4fc2c94,2018-08-19
d5fce66a4a49fa934e841e84c0e4c1b9,378e7272edded57dcae0954307e1fc3b,delivered,2018-03-06 09:17:21,2018-03-07 10:29:05,2018-03-13 23:33:12,2018-03-19 16:12:04,2018-03-29,b3d5c6a9878c091cd0d07cdf46352fbe,2018-03-06
cf9d4912dd9ef4ee8a782ff746292e79,07c5c7b3efacaa6988784e189a42f84a,delivered,2018-02-13 06:49:11,2018-02-14 06:46:53,2018-02-15 23:09:17,2018-03-08 16:17:57,2018-03-12,baa43b795778c6e99e82a538bf2aa459,2018-02-13
d17a342bb9f94d40c3b6df4a600b5cee,511dfb4f5249ddae8cec62d7c650859c,delivered,2018-04-06 09:33:06,2018-04-06 09:49:01,2018-04-09 16:46:34,2018-04-10 17:41:55,2018-04-24,9f7e43e32a3faca81cd43ee54af11543,2018-04-06
2399e406198f0b9a12baf8e176453e9b,eda858c8539027ca08677453635a374f,delivered,2018-03-09 17:40:19,2018-03-09 18:20:27,2018-03-13 20:08:30,2018-03-30 00:07:45,2018-04-04,149b3af0daf68dd2dec8661569d20f17,2018-03-09
cba6084373248c908b641d3fea44ab42,d655196f3d736403532d4b8f4da5b1a6,delivered,2018-02-26 05:07:53,2018-02-27 04:31:06,2018-03-03 00:13:51,2018-03-05 23:51:42,2018-03-12,8602c08b123ac1a71b34df72647854fe,2018-02-26
b04215f2cbc4e1fdd167427e657c7d16,beb649b39fa226baecfc1b5333671de8,delivered,2017-02-10 20:22:24,2017-02-10 20:30:13,2017-03-15 11:37:25,2017-03-20 09:37:32,2017-03-09,4d5e4a9d09fe7108d3022c3c3f93100b,2017-02-10
b5e8d13478ad66ec57d480c9e00abb39,0781659176c3bdef80a6e2fe1fbd24a0,delivered,2017-02-28 11:52:41,2017-02-28 12:05:26,2017-03-02 08:05:36,2017-03-13 15:54:02,2017-03-22,0cb6bcb4572e64a3394ede6448db0482,2017-02-28
74a9f427a3c1a76a0af9ddf92aced07c,44b701cb9a97bd1780bba0d1233d8d12,delivered,2017-10-09 12:55:44,2017-10-11 15:28:33,2017-10-16 19:36:29,2017-10-17 19:44:56,2017-10-24,a3331aa44b50207a2f580848a07f0a6f,2017-10-09
85bdbf544abea637f0ed3c856bd0a0ca,dd87aabcdcbf176a0b83b6c7ea79348d,delivered,2018-06-29 19:15:06,2018-07-05 16:02:57,2018-07-03 15:14:00,2018-07-06 11:17:46,2018-08-03,2939db366b77761238ee6b67916b0a29,2018-06-29
0c21f042461cf5e64d2c087fdcc93fd7,549025fad34a0caabe89d632f0a20a88,delivered,2017-05-02 18:55:30,2017-05-03 11:32:55,2017-05-04 17:43:45,2017-05-17 09:55:30,2017-05-26,f6b425b2f38f6842c559fa89c27c2621,2017-05-02
df162f4770df5501980a87aa661b5dd1,7752b0de2e72a9b5eb86815876adb853,delivered,2018-04-19 14:16:54,2018-04-19 14:35:41,2018-04-21 01:54:46,2018-04-26 17:52:40,2018-05-18,58431be8f8f5c7b5fc049c2c9b3fe4cc,2018-04-19
b2cb3ebf627fc0385565fc328822fdc9,dfac5ccec20fa86006cd4fe5229fe7ad,delivered,2017-12-11 16:44:24,2017-12-11 16:55:11,2017-12-13 15:32:53,2017-12-21 14:08:37,2018-01-11,4b10b6d55dae649f09c66c0e3b6969a8,2017-12-11
887471afa7d8b51fa617eb2daf90c40f,5e999c70b359d4d94b417249a0b97902,delivered,2018-01-01 15:54:17,2018-01-01 16:06:57,2018-01-05 00:12:45,2018-01-09 17:40:02,2018-01-26,4a57ee1913f92b43d095a1a8ab9b30f5,2018-01-01
3b7c5f062ceeb4f7f8d035e52b5207af,3bc0cda3b8497bdc355d3d42a2cd97c6,delivered,2018-01-23 22:16:22,2018-01-23 22:34:44,2018-01-24 20:41:54,2018-01-26 15:51:36,2018-02-14,9122f2b827a522e952075da005e0a53a,2018-01-23
c5b31150f4307952a53f840287f03759,d8377b6daad072b33c9ceb27d1331c56,delivered,2018-02-13 15:26:25,2018-02-14 15:20:34,2018-03-03 00:39:37,2018-03-07 18:48:52,2018-03-28,141f1b86e17cb7921456186ece44c70e,2018-02-13
dbf6b190a7df1df00c6afaf326098789,7d672a0d32d9d7fb5b3ac68e6a49078b,delivered,2017-12-01 11:13:59,2017-12-01 12:31:31,2017-12-01 22:22:22,2017-12-13 12:12:21,2017-12-19,0ef74915f9bd7ef70668a50d59b635aa,2017-12-01
95bfa2a85ef50d3192609d8f29b92cf9,3b33e2fee0e33e2bca2cb29cd5efd875,delivered,2017-10-04 15:02:04,2017-10-04 15:25:22,2017-10-05 18:23:59,2017-10-06 23:09:00,2017-10-23,fc4ba0a9f0e75a36f05d73d56da16c45,2017-10-04
2b0a897dec5e098d39a6aad719ed97a9,a39f84a6a9e158a8f74014d8ebe1bcea,delivered,2018-07-14 16:42:34,2018-07-14 17:05:17,2018-07-16 10:23:00,2018-07-21 19:42:36,2018-07-31,da092f20061b44340f4f94b8ea4561e5,2018-07-14
ed71db1a67b318e8a56778f4f380e267,e572951f62a83fa3b6dbec2cb0722cf9,delivered,2017-09-28 23:42:32,2017-09-28 23:56:07,2017-10-02 17:05:38,2017-10-10 19:45:40,2017-10-24,628d8a3c4610611e98c8ed5a7bc3908a,2017-09-28
d6058929a46a5ce35d8b31986c2d3b28,bf7e567000ddec85158d4f04da91fa1f,delivered,2017-10-09 13:05:48,2017-10-09 13:14:21,2017-10-10 14:22:33,2017-10-16 20:29:05,2017-11-10,e44df7e4118e98c8d57da6ece942f459,2017-10-09
0fee1078d20817986a6a94360d415a37,3909643728e469c11fe39b47013e93e9,delivered,2018-03-14 15:34:58,2018-03-14 16:28:11,2018-03-19 15:28:31,2018-04-11 17:03:11,2018-04-12,7f94443aaca299f1234b9618d3f5805b,2018-03-14
28f0dbd673b8e80e38077292901b1fa6,76964e737528f1fd79340acd1881a5cd,delivered,2018-04-25 17:30:53,2018-04-25 17:52:41,2018-04-26 15:13:00,2018-05-03 20:21:32,2018-05-16,66c6f36e2c1de46fe24bd6ff17a742ca,2018-04-25
94c9f01794e2a40527d76e249ef9decd,521aa980b64c8bdc793aea903e19133e,delivered,2018-03-28 18:43:31,2018-03-28 18:55:25,2018-03-29 19:56:30,2018-04-02 19:33:04,2018-04-10,0ecb51b125ed09b06d5b5f2ef2df4dfd,2018-03-28
254b6101a615cb031624d5631cabf648,6edb393452072700e82092eefc805504,delivered,2017-05-18 06:01:23,2017-05-20 06:35:12,2017-05-22 13:31:59,2017-05-24 16:42:52,2017-06-19,3edd72aec37d086eb6a7f71f6974c488,2017-05-18
6a38a689d8240ba6b2e79f89a9ecf5c2,491b53d711e90db8195ba44d40bb83ac,delivered,2017-02-17 07:39:19,2017-02-17 07:45:11,2017-02-20 14:16:07,2017-02-23 13:05:03,2017-03-24,8625b708ec6cc8afaf5d676fafc4f37e,2017-02-17
0c71e6884d0d7ae94fe52ea917b42fc7,b80b7641c7244c79644d4f6fe6e2e731,delivered,2017-12-03 19:22:06,2017-12-03 19:33:51,2017-12-06 19:33:13,2017-12-11 17:12:45,2018-01-02,09baec50afccbb414f24bf8e0bc7c020,2017-12-03
07a8cc4e00c23ade7ccb29786d3de771,7928d81a48c28a0a11b381fee83ae5fb,delivered,2018-02-26 18:12:34,2018-02-27 15:50:29,2018-02-28 22:08:13,2018-04-04 19:04:13,2018-03-21,4be9df1cd93bed5e405591d930305b80,2018-02-26
4ea8c59c4fdb4196e0a54b5e5f7674e7,2ec644e3ac9d72a3eae0eaf54bfb4fcb,delivered,2017-06-25 17:50:19,2017-06-25 18:05:12,2017-06-27 10:35:42,2017-07-15 14:07:37,2017-09-04,5de4128b37ab05918cb2006a0465cf25,2017-06-25
e02abba86c2340a09ce002e3dcff5229,e03c007f725788d7bab57a0f8a5adbb1,delivered,2018-03-25 13:09:10,2018-03-27 03:55:22,2018-03-29 04:52:04,2018-05-14 18:47:32,2018-04-26,26a0b8001bfcc268ac3bcf8b03c6349a,2018-03-25
6e4465d771f02e4fe335225de3c6c043,0f139d1b208a62a37671423e5eff5016,delivered,2018-03-06 11:51:44,2018-03-08 02:49:35,2018-03-08 23:16:19,2018-03-23 20:08:40,2018-04-05,2cc893f1618b7317170ba2456cf76117,2018-03-06
24df0dde15d4fdb992f65fd1774feae7,b0a0403a990415da49aedce7a1c09acd,delivered,2018-01-15 23:25:47,2018-01-15 23:35:28,2018-01-23 23:17:35,2018-01-30 18:22:40,2018-02-16,b47028c63d2468b43e3e9668cb9ad70c,2018-01-15
e82ad91cbeae230bec5af4afbb1ef6e3,78322edce10f273a39ad5d6e1dcc5c47,delivered,2018-08-13 14:51:14,2018-08-13 15:04:41,2018-08-14 11:43:00,2018-08-24 00:09:46,2018-09-04,2798f00a33a0d7bc15670ccfdc861377,2018-08-13
b4546ff451b39382f5c1dd81355a0c58,2cc15144d83ab6ce9cf5f666022a7afb,delivered,2017-11-26 21:34:23,2017-11-26 21:53:56,2017-11-28 17:32:31,2017-12-14 02:39:30,2017-12-20,bd93ca26c7518f4d6be5829e2f188d07,2017-11-26
4979d2c68b2d76472dc5534434ee05f5,90b0204545329550aa9f0fdbb1993f8b,delivered,2018-03-05 10:05:21,2018-03-05 10:15:40,2018-03-08 00:51:58,2018-03-14 17:39:44,2018-03-28,13e3e42d8179f09cea1825bb9f10d6f2,2018-03-05
1be274b004c97a574419e7d7caeebdbf,100e7030e29e676a2266d7b3996ac4f9,delivered,2017-08-20 19:28:57,2017-08-20 19:45:13,2017-08-22 13:31:56,2017-09-08 19:33:11,2017-09-28,51bd7b10340eff7e799294cedcef8396,2017-08-20
bfc0684b4ba39c70fe4866744af09f40,a996b5ff41a38b5f33457b76a2362655,delivered,2017-07-21 11:39:51,2017-07-21 11:55:09,2017-07-21 18:07:42,2017-08-03 14:15:51,2017-08-10,4ba2c29f523373e925f655fe3e21b359,2017-07-21
9d8a3b882eccfedffcd196e7d1e4cf20,4b6feb99e3a796b2061b5a290cb2b2d7,delivered,2018-06-30 22:43:00,2018-07-01 22:35:15,2018-07-03 04:41:00,2018-07-11 18:08:59,2018-07-25,0a38322966d62df297e832d7db9a2d9c,2018-06-30
e97842d8eba41c516082ed8f5c1292cb,168cbb0b67d6042037c6ab7aefe24de6,delivered,2018-02-14 13:38:33,2018-02-14 13:50:20,2018-02-16 20:57:19,2018-03-15 19:39:00,2018-03-07,8bf663fa14d7cda8474c5da94cbd7032,2018-02-14
ccf572d63a735cf61e606a64d665fe95,9d17a6d0a33240368a86fb3136148b53,delivered,2018-08-12 12:31:10,2018-08-12 12:45:08,2018-08-14 12:24:00,2018-08-21 22:03:31,2018-09-03,364ab1765ac050468cdbbab502cd7c86,2018-08-12
cb9eeca1d9d3a0487a015a69bf5715ab,696f0002c84ed9082a868ce411e31a31,delivered,2017-12-02 00:48:09,2017-12-02 00:59:26,2017-12-06 13:23:12,2017-12-24 16:53:43,2018-01-08,9b090f064fa2f404b9b96a5e0a81a422,2017-12-02
ebddd100ca30ed764baf48cec7581c16,abda27cb02d4536c98bc0c41e6245317,delivered,2017-11-24 00:13:52,2017-11-25 03:37:28,2017-11-27 22:28:42,2017-11-30 20:17:04,2017-12-14,a494baf243b5b3dc416a4b81b3aa52d7,2017-11-24
9b1685c1d2c17bf27e16d9c7e6b1cba8,e5c9a4ccd1573908210311eb7b788ccd,delivered,2017-10-09 21:45:11,2017-10-09 21:56:25,2017-10-24 18:28:50,2017-10-27 17:52:52,2017-11-01,923287a53dedefe286d57f3763577ea4,2017-10-09
abfb34ed11820c7247adfb30fe5bb7ae,0d0f6b38e873757a949a9c3624b21a93,delivered,2017-01-20 00:25:39,2017-01-20 01:30:17,2017-01-23 10:02:29,2017-01-31 17:44:19,2017-03-16,5e0aa142dc4760e62a74c1830cbf91b1,2017-01-20
b5c568b689a9f0c35c9e008874943ba2,ddb73c7e7b71669891418abdbdb704a7,delivered,2017-10-27 08:06:55,2017-10-27 08:28:46,2017-10-31 16:37:53,2017-11-15 00:02:46,2017-11-21,e2e2ba359b4d37551009d340adad5180,2017-10-27
6d12f43a6648af8bcbcba202eab3a428,5377747fe0fb0411142e710e112b22b4,delivered,2017-12-11 14:52:54,2017-12-11 15:10:46,2017-12-12 18:17:56,2017-12-13 16:07:22,2017-12-28,ec686a7968bdfc1e0d6ddf56e75e8eb3,2017-12-11
f4ba230fb93b439b2007d62613a07cf3,d2aa33ffd2008e91aa85688b63974b7c,delivered,2017-11-16 14:41:00,2017-11-16 14:51:05,2017-11-16 21:31:52,2017-11-22 14:49:01,2017-12-08,5001f051aa4a78e73b318f9c24fc0fdd,2017-11-16
c2808827e6da8f333dedcd02d172fbd7,e0940b3cb5a6cd31e35f73084b3df877,delivered,2018-03-08 17:10:08,2018-03-08 17:30:30,2018-03-09 19:58:56,2018-03-20 19:23:32,2018-03-29,24300d480c6294ddb116c21c1af616c6,2018-03-08
4d5ddaa5ec4a041a958a8d0601836414,96d0f562462f7d4ea867eec46fc0244d,delivered,2018-02-28 21:50:43,2018-02-28 22:07:59,2018-03-02 19:23:18,2018-03-03 17:54:50,2018-03-13,c48519113e6436fc193d3b4ff2d7e4c1,2018-02-28
b6759a40becdcdd336eecc0a3a833763,031cc879a34f7c1f10a2b25a5d3e5b0a,delivered,2017-12-16 22:02:19,2017-12-16 22:11:31,2017-12-18 20:38:49,2017-12-27 16:48:18,2018-01-12,b8558ab9ff3d5c53d362f731eb8c88e1,2017-12-16
cd46e05b6f462a2298868447d193d1ea,96bb78ecaedef53ef3ac2745f906fe0f,delivered,2018-01-26 12:02:43,2018-01-26 12:21:46,2018-01-26 20:17:37,2018-02-14 20:23:27,2018-02-20,07c62075bc5c33b7d9bafa573e54402e,2018-01-26
e8253edb8afd8c06fed540435eac942d,6c435ed0cfd0b31d333015f5a2cdb2d5,delivered,2018-07-17 18:27:15,2018-07-19 02:42:34,2018-07-20 13:20:00,2018-07-28 00:58:37,2018-08-07,a9970426d016420b9153789103d3b9d1,2018-07-17
c1a8cd7002219199c6cddff33d64d4ca,59fa7d7e5891ef0ae8c16602e5069137,delivered,2017-09-11 14:46:45,2017-09-11 14:55:25,2017-09-12 14:25:10,2017-09-19 00:06:59,2017-10-02,a080afaa682ec3c326ed80bf30870f20,2017-09-11
359015301bc32c8897957246a4b11621,73e5c7f0880be36bc46d874edce2114c,delivered,2018-01-09 18:18:35,2018-01-10 10:31:43,2018-01-11 23:22:22,2018-01-15 21:13:35,2018-01-29,4faf947036af48df04b4498d9fd291af,2018-01-09
a0cad5ccb5a47034235dd39c3768e900,23034ec1c4065f28b2d79826cffcd1f9,delivered,2017-10-27 16:21:52,2017-10-27 16:35:51,2017-10-30 15:37:01,2017-11-08 16:28:37,2017-11-16,1f9d583591df9b062b4b97096678eb06,2017-10-27
14f39bb597d6744309d74e7b9daf849f,7fc4a63752bfc3f56f4b3c89afcf083a,delivered,2017-04-11 14:26:33,2017-04-12 14:30:18,2017-04-17 08:32:58,2017-04-20 14:44:19,2017-05-09,a257d59af2ac0e177a804a68e0afcd73,2017-04-11
01dcbb39823b4cda39ddcc6679fb00ac,8e1dff0d67c90649dba1440b80328275,delivered,2017-05-29 20:01:57,2017-05-29 20:15:19,2017-06-01 11:40:06,2017-06-07 16:37:41,2017-06-23,b26fa76ddf33e534491e4ec46f51bc64,2017-05-29
af2adc7e31b52bdfe068cf60426b54b2,afd3f4f110c36e0ec5b412f4d30af5fc,delivered,2017-04-24 09:14:06,2017-04-27 10:32:39,2017-04-26 18:47:58,2017-05-02 17:24:56,2017-05-11,664c5390aa2d8ce9fe4f871c08e86432,2017-04-24
d9926cee93b8e76d736ca514364a713a,6f32d93d54ccede897e54670112fe738,delivered,2018-08-15 03:59:08,2018-08-15 04:10:09,2018-08-16 17:15:00,2018-08-21 20:28:51,2018-08-27,a6843d10bac8173e01606ce15f583c6c,2018-08-15
0017afd5076e074a48f1f1a4c7bac9c5,8085a9af46f619bc25966f151a362b0d,delivered,2017-04-06 22:16:10,2017-04-06 22:25:19,2017-04-17 13:54:37,2017-05-23 08:32:07,2017-05-19,98758d88bf4b8eef1372ddee45d63178,2017-04-06
e34e1db7516bb12cd9985fe66fe2d323,95eff4eb0872c25f43bd6a915531e976,delivered,2018-02-10 18:43:34,2018-02-10 18:55:37,2018-02-16 16:15:39,2018-03-08 19:11:18,2018-03-08,e0c741a1ee8b24d1440ad6b6773adb64,2018-02-10
c92bf2822e45c50c51fc4c31c5e96cca,b969d178c115a1b21422307d1062b352,delivered,2018-05-05 05:26:15,2018-05-07 16:12:33,2018-05-09 16:36:00,2018-05-11 23:36:36,2018-05-17,f684ecd67dedb3312c81c32644af8e1e,2018-05-05
799e53347e276d82f68872b6741bf731,d890eafae5bea5d3609d7fa0b22cb293,delivered,2017-09-22 18:14:06,2017-09-22 18:30:09,2017-09-28 17:02:59,2017-10-03 15:52:33,2017-10-16,acae1e4b2fc65a8f2395aad32b15c859,2017-09-22
98a2198fe7cdc41447b479d9220f0371,03952dd46963b39ab13db3f9ab54bfd0,delivered,2017-06-02 14:48:34,2017-06-02 15:02:41,2017-06-05 14:58:14,2017-06-16 13:45:36,2017-07-07,721494552dea92421c7620c0eb0ea3b5,2017-06-02
62b59d3fd880df7032e73ddb97f7f00f,868c8d7f05eb9513ff234b3bf243f073,delivered,2018-03-27 19:15:37,2018-03-27 19:30:16,2018-04-03 20:42:50,2018-04-18 13:26:44,2018-04-16,26b6cdb1528246ada071a629dac5fee1,2018-03-27
06c82be9b8551eb37a9b8e7e05dec631,226a2de9b9feb22a76582963ebcf1e96,delivered,2017-07-11 14:27:14,2017-07-11 14:43:41,2017-07-26 03:19:36,2017-08-01 16:17:38,2017-08-02,570689fc52396f51fa384496fa086618,2017-07-11
a297af9c433b5e1ac1290d8057386952,2712ec2a4f99ec90fbcf6b3829d59872,delivered,2018-06-14 09:10:17,2018-06-14 09:37:53,2018-06-14 18:50:00,2018-06-15 20:52:05,2018-06-26,6f99bf204b1318f958b5f84a09806dd5,2018-06-14
761d24a47ebf005134bb75f8cde9c5b1,ed78b8e3b4ce8f10d7ff5f18f9758b75,delivered,2018-05-28 19:59:52,2018-05-28 20:10:30,2018-05-29 08:43:00,2018-06-08 20:15:44,2018-07-03,23ac9515b65c2d93841a55b35b0824e1,2018-05-28
fbae70a32d0f68cc7c48d802e69ecb7d,d213b2a00facc2c2a070d984aa6d69e0,delivered,2018-03-24 19:56:08,2018-03-24 20:10:31,2018-03-27 13:03:11,2018-04-04 18:55:41,2018-04-16,7ae1556cb24691f32a17292b52058524,2018-03-24
86d358acddab52d41c7ea21a648e40da,0f43bf2b2c2c726f9af8eb75d0774fcc,delivered,2018-03-28 17:11:28,2018-03-29 03:10:24,2018-03-29 19:33:26,2018-04-11 15:02:38,2018-04-26,78444f8aaffc4cb5acd57733fe5dc3eb,2018-03-28
0ce1d0a0c2f36c2ba5f02094119bbebd,bbe4079ce54eb3663947a8e3b012a5b0,delivered,2018-02-13 17:09:29,2018-02-13 17:27:24,2018-02-22 20:45:29,2018-02-24 00:06:46,2018-03-07,a601a970485c7ff0396bbb60146723b8,2018-02-13
416fe69769d22a8d2d34645ef7a5348e,826b2deb5ea79d63938996368ae60dff,delivered,2017-07-17 10:37:33,2017-07-17 10:50:21,2017-07-21 14:53:03,2017-07-31 16:53:36,2017-08-10,bd0402eaf714179e86d04c38bd43cbc1,2017-07-17
375bb4357db0f08e163905aa4bbd5d7d,ddc1ce8e98661b093c07a4ce91290c9f,delivered,2018-01-01 20:16:54,2018-01-01 20:29:22,2018-01-08 19:25:29,2018-01-24 23:52:27,2018-02-06,f3ed27670a94de4b074661b65f9880c1,2018-01-01
0aead977f249a62158c114e4460c37cc,432bebd364d9ae1ec762aa1916b29db5,delivered,2017-12-08 17:09:30,2017-12-08 17:30:28,2017-12-09 16:57:01,2017-12-12 18:38:55,2017-12-27,aeb650b8c165c16af6f5ff0ce5e586fa,2017-12-08
a09b5dbc48f0a699ca8de9d8c2f18867,f83d692fede22d97386db0c12fc78428,delivered,2018-02-07 07:59:40,2018-02-07 08:15:25,2018-02-08 14:19:50,2018-02-22 16:27:06,2018-03-12,63d321f7ef64c3ba08f4e9b581a12aff,2018-02-07
0fb7c15330c0eea20674f1e5a8be3b9d,47aa66905ec3df607310af4988d34bca,delivered,2018-02-13 13:33:24,2018-02-13 15:07:40,2018-02-14 16:06:25,2018-02-22 19:47:57,2018-03-12,58aaf012cc88d1de4b976f45e059ddf5,2018-02-13
1c8453ac180e833c992dc135bd9302c5,4eebac4bed2f2bb4edf34449b953e384,delivered,2017-10-01 15:53:39,2017-10-01 16:07:19,2017-10-03 20:56:06,2017-10-11 18:37:02,2017-10-27,4e9fd752a2a86aa404f4cc3d119ab5fc,2017-10-01
dc1566d1da1fa9690e49a940769c4f81,23589df603543a0256d62c1458a6f2c2,delivered,2017-12-28 13:17:13,2017-12-28 13:28:03,2017-12-28 23:39:01,2018-01-16 14:06:19,2018-01-23,04d9781f5650a663b140c035959ed222,2017-12-28
424c6d67ca4640c862066d58ea753a22,6f6b8fc825d778cdf5814944adb7b8a1,delivered,2018-01-22 20:30:18,2018-01-22 20:37:32,2018-01-26 20:27:05,2018-02-06 19:58:46,2018-02-16,a2687a5a8f7a11752e0361aa0130d3bd,2018-01-22
3ecb32442c4d437bedbe97a717ae5c0c,1df1b69addf563c32f7b5cdbb9ea23bb,delivered,2018-01-15 08:43:43,2018-01-15 08:52:18,2018-01-16 22:56:53,2018-02-05 20:28:36,2018-02-14,5c75ed77d0607bbae3e86a5360a73d1e,2018-01-15
e1bf27bc4d706e472f48ecb7c933bdbb,cbd2a30b9bbb012b7112dbb9a2c70bd7,delivered,2017-12-27 19:36:57,2017-12-27 19:48:16,2017-12-28 18:22:17,2018-01-05 20:14:37,2018-01-29,2ad1c4865ff6a4c0e6ad4deb733e4d34,2017-12-27
53a002f9aeb36729b360ddfcb9cee647,6b0f11ac7b20ef2f5f7f975294802cc4,delivered,2017-04-30 16:52:26,2017-05-02 10:35:10,2017-05-04 13:50:51,2017-05-16 16:33:30,2017-05-23,154092500b98b3fb55fad4ebc62984be,2017-04-30
01633cfec0376ac9f2606e271ede5574,7511d7ebaabaa2f1e5b75763fac193c9,delivered,2017-02-23 12:10:14,2017-02-24 02:45:27,2017-03-01 16:14:03,2017-03-16 10:24:02,2017-04-05,5254e267e74196f1e1c275f9716c89a7,2017-02-23
fd44d5496bf553658a71415d23179e70,1c20ecd21a004a543986a7ba6105a032,delivered,2017-04-24 08:31:32,2017-04-24 08:42:21,2017-04-25 09:36:49,2017-04-29 08:04:15,2017-05-15,b4106ea647cdaefbf92c28cdc1c2b918,2017-04-24
03ba96e3cd1a918f1e0126c93dd93bb5,d7536a1f7bb487644bee22033f480bde,delivered,2017-11-29 21:40:21,2017-11-29 21:56:50,2017-11-30 22:59:03,2017-12-01 20:38:36,2017-12-15,9dfe23c51c1758f1904a3fef4421b168,2017-11-29
77e4da3755c479aac3d6f7f2a5e94516,6995decf2663f921e8dfb49b3e7b5b9c,delivered,2018-02-13 14:36:43,2018-02-13 15:07:58,2018-02-19 23:42:39,2018-03-09 16:58:30,2018-03-23,5f7960decfccb628cea4c3f2c4c7c370,2018-02-13
f3aa2dd753099c0b69934615c49540c2,e0e21892a75d9de82362845630f91efb,shipped,2017-11-04 18:26:00,2017-11-04 18:35:25,2017-11-06 21:22:06,,2017-11-17,548c8c880671355a078b42dd9198405b,2017-11-04
8993ddd6e800f9cb267d42cc89e13f0f,6ceefb6ce28d436d2b9dc466594e8060,delivered,2018-06-10 00:50:24,2018-06-10 10:58:07,2018-06-11 13:47:00,2018-06-14 18:18:44,2018-06-21,f1b2cac3a57d1a488037e23910538e17,2018-06-10
e332eda82fe7ca4e86daf4f71ca785df,159132ab31eb3c8a1061ed18967f720b,delivered,2018-06-05 14:38:19,2018-06-06 14:34:40,2018-06-06 15:24:00,2018-06-11 17:38:42,2018-07-11,12138e8ba93973c9b561253683f5581b,2018-06-05
320aa533182a4c39740380e4cf887c83,9200809926659b3ce4e213bee21c889c,delivered,2018-02-08 22:24:01,2018-02-08 22:35:29,2018-02-09 22:44:05,2018-02-19 21:35:33,2018-03-02,cb643654a9fa39dd79bd173df126e304,2018-02-08
9808a7f5f5446817c3ebf7a804111d53,b2e5428802f42f9f27ef4b4bdf20524e,delivered,2017-11-01 00:12:34,2017-11-02 00:15:49,2017-11-04 01:13:43,2017-11-06 18:21:10,2017-11-13,5c96a1394a3f018245c5eac45e612efb,2017-11-01
60b38cffd151d75929529eb6fe8e6704,600b59b21a61468ff709c357aa600b93,delivered,2018-07-17 17:22:07,2018-07-17 17:35:21,2018-07-19 09:37:00,2018-07-25 22:44:37,2018-08-07,8ea39d60504cd43c27c6bd633ba33a48,2018-07-17
ffdd767d77c3322d78b286b6e8ecaf15,d95569d6265eab9ec6587b4e3d939f55,delivered,2018-08-10 12:18:39,2018-08-10 12:30:23,2018-08-14 08:09:00,2018-08-17 12:36:30,2018-08-30,4bd44500afbcc94d03fdcbf6966f5437,2018-08-10
69d7a6c47dc11a476f79514694809c60,89308d2e180453477f64c286806350f5,delivered,2017-03-22 12:29:08,2017-03-22 12:29:08,2017-03-24 12:40:30,2017-03-30 11:21:47,2017-04-13,043aee247e71edff7045664609f4d806,2017-03-22
cd800f9752d89c21e3fbac0e647d1d17,ac528205ad6baa447b16870dfeafebb4,delivered,2017-09-27 16:01:55,2017-09-27 16:14:35,2017-09-27 21:22:11,2017-10-03 19:42:15,2017-11-09,90e000d0f191d7ba2d0a9a3aa66bafff,2017-09-27
4978579248016c3a09d6dc043bbc4ae0,81b19d2deb2e6a0bb045072ac3bee91e,delivered,2018-05-07 22:34:11,2018-05-07 22:52:41,2018-05-08 13:47:00,2018-05-11 22:48:43,2018-05-21,6bb0bebc0758e1a834cb5bf96b6d8feb,2018-05-07
b4617485242633fa27f00e4f1a051e0a,7135726787ec7c5289c24668a8ac75d7,delivered,2017-10-17 17:19:13,2017-10-17 17:37:02,2017-10-18 15:23:06,2017-10-26 17:57:50,2017-11-03,63cfc61cee11cbe306bff5857d00bfe4,2017-10-17
51d435906a0487f17df29d38429e931b,4a7162d69479a7ef30cf4b383589dc73,delivered,2017-11-20 19:57:29,2017-11-20 20:08:53,2017-11-22 18:42:38,2017-11-27 22:56:03,2017-12-07,2550f5606243bf69740df59a95bcbfe7,2017-11-20
4ed4a6e12e74982dd78c78df1ed3f372,f211d9a5df865e35ec0010fdb6122f85,delivered,2017-07-29 01:28:37,2017-07-29 01:35:19,2017-08-01 19:37:24,2017-08-10 21:39:38,2017-08-25,668ddbdd3ee99d4339eadfef21531d45,2017-07-29
bee9e2345c4d8f186d2aa7d57e1589f3,be32bd080b6202c0024e3065140711aa,delivered,2017-05-23 18:31:34,2017-05-24 18:35:17,2017-05-25 14:55:49,2017-05-30 08:05:07,2017-06-20,652dd04c8aebd7a3ef12dd1f3509c253,2017-05-23
a1f4cd05945a0b268d626b4183922f03,d32a6b048fd35e64ca76936bb399f5e9,delivered,2018-01-16 12:46:01,2018-01-16 12:55:50,2018-01-17 14:59:55,2018-02-06 22:57:41,2018-02-08,987e22eac5949e6c50b411cdc386b421,2018-01-16
c32295e5877c879f156074c086bb536e,2a7bc2d645c5b0ae20f1c4cc0c9effbc,delivered,2017-12-30 02:36:20,2018-01-04 23:17:35,2018-01-09 23:09:38,2018-01-23 20:28:38,2018-02-05,b991b7e059c4f9e3743242db138403f7,2017-12-30
152d0ef67ad3c06d9bafca4dc8ab8f80,2cdd57ec09f3afe46c0dcf8cd8473cdd,delivered,2018-05-15 20:59:43,2018-05-16 20:56:45,2018-05-17 12:01:00,2018-05-29 19:03:52,2018-06-19,648967ddf3cbf5a5320ebfae8e12e4c2,2018-05-15
d122b26581f3954cf89222ce8a210005,3bf2673f98eb799f1c8b780bcfcef7de,delivered,2018-05-16 08:27:13,2018-05-16 08:53:21,2018-05-17 14:30:00,2018-05-18 15:43:38,2018-05-24,4ec499734d040e70bd1807b99c7cf1d9,2018-05-16
ec6dc3377849564c30896b7543229e2d,fb92391db333011d9c394f9e9d569d0b,delivered,2017-10-31 16:23:47,2017-11-01 03:35:48,2017-11-01 19:05:21,2017-11-13 20:33:19,2017-11-21,3c29f545213b70a3ac37bd77da044948,2017-10-31
84ba0cc83717486e49ab5b578d149e87,ca128dee534f460d25eca0fefefd4271,delivered,2018-01-10 15:09:02,2018-01-10 15:18:26,2018-01-16 01:23:16,2018-01-26 22:36:42,2018-02-14,1f0211f655ce37d41c611f7ffa8849be,2018-01-10
c23b694adb7d7d7438e6d33f3d6c8ce8,e856b83a3bd93a571592d7b2011c5951,delivered,2018-01-09 11:03:05,2018-01-10 10:32:39,2018-01-10 19:28:28,2018-01-23 20:38:54,2018-02-01,cf83793dbf400282a5e27eb18f8d27a8,2018-01-09
b7e56bc4544b2d0098a4571a45eea22c,2aa80ed97e46eea9e72138907912799f,delivered,2018-07-09 15:15:04,2018-07-09 15:25:13,2018-07-26 15:10:00,2018-07-30 17:24:53,2018-08-03,ca4c819244dcfc89d532bed6e629c80a,2018-07-09
7001dd0c9104e283cc76e35b1a73d2e9,983cf42eea94946e805387fc759d8d71,delivered,2017-07-11 16:38:45,2017-07-13 02:50:10,2017-07-13 21:37:36,2017-07-24 19:23:25,2017-08-02,c82aca6add83372a04a00a4446061a3f,2017-07-11
ed7fc7aafd6ebca5daa21eaa5274d536,14ae92ef4c5da09f8158657a1531eda1,delivered,2018-01-23 14:09:05,2018-01-24 02:52:38,2018-01-25 21:52:38,2018-01-31 18:24:38,2018-02-15,4a209254be80c85fbc7b0138a4d5f52f,2018-01-23
1852db4cb1cd327502f1deb0b4285b54,3260ff8e858a718c0da2fbe6cf28403b,delivered,2018-02-23 15:06:12,2018-02-24 02:48:36,2018-02-27 23:12:03,2018-03-01 16:59:17,2018-03-15,a97c042b3f5c435286cbf868b509a98a,2018-02-23
b508f32bf3fa37e0b3e53b309d477674,e1ca124135e30b02a26260d53be5efad,delivered,2018-01-20 23:35:29,2018-01-21 00:02:35,2018-01-24 18:09:26,2018-02-05 21:12:39,2018-02-14,c0637f59de56986fa292c06681ffbbec,2018-01-20
af8f5e473ef8dd20e4357b3bddf1accd,b5134fbb329c7a02b7eae0587eb98cdb,delivered,2018-07-18 00:52:15,2018-07-18 01:01:38,2018-07-18 14:08:00,2018-07-25 23:56:32,2018-08-03,dfc609c4c7408e13eec3faf2ee8daa57,2018-07-18
76d85afd545b8fc877273a68455675c1,e29b02752f22ba7a6ef120027c9f2556,canceled,2017-11-08 18:40:21,,,,2017-12-05,beaac6850b22bcbab22a72f9d8e31456,2017-11-08
21cb15950725534b614707f82846010e,c0fc852fa9977d4c42831774ed0a7eba,delivered,2018-08-27 21:36:16,2018-08-27 21:45:18,2018-08-28 14:58:00,2018-08-29 21:33:46,2018-09-03,354433b1b8aea032a7ff237431cf88f0,2018-08-27
c0c7a73363db4d3d632ff85f6b6f614d,0d1c6f285958b5a09f602025c11b2efc,delivered,2017-10-16 22:50:53,2017-10-18 03:14:34,2017-10-20 11:32:58,2017-10-30 17:30:12,2017-11-17,9ab3d990d6b94c3408e66a4fd587fa4c,2017-10-16
3d7843619ba9dab89ba9aa58cfa11e31,7cf4a335251640a443891c9e2b332ff4,delivered,2017-04-04 06:25:31,2017-04-06 02:45:27,2017-04-06 13:48:58,2017-05-16 09:32:33,2017-05-10,f8fa0bef87496b42a2f082d4be137ed8,2017-04-04
d9e85a628a68f162d46b273ae52d0119,a2591f825643f634e74804d71261369c,delivered,2017-09-13 07:57:20,2017-09-14 02:55:20,2017-09-14 19:13:40,2017-09-21 15:32:28,2017-09-29,2ce0650b500ba0f95e44b3481d435520,2017-09-13
fa5140866cde7c9764922065831a5510,675dd64ce8547c54a6cd06e46d312c2c,delivered,2017-04-06 16:57:07,2017-04-06 17:15:19,2017-04-18 10:38:09,2017-05-02 09:57:27,2017-05-08,51b52b687b786d0a22c5b1fbdacdc90b,2017-04-06
29667756c1c215acb0eb87fa48bde75f,46a72099107f631c76922dca8c19a204,delivered,2018-06-25 17:31:38,2018-06-25 17:57:44,2018-06-26 11:42:00,2018-06-29 22:50:34,2018-07-05,20a892f8929558824fe2abf43d858bcb,2018-06-25
f80549a97eb203e1566e026ab66f045b,4a60b2ce1ee8c7b828e4bbcca5b86b41,delivered,2017-09-12 10:31:42,2017-09-13 03:15:47,2017-09-19 13:32:36,2017-09-26 15:25:15,2017-09-28,20a5257c01689ac69410a14cb51bb447,2017-09-12
4ae00507ab69f40106a7c87aa6a1531f,95c45b91ec800546045adf92fbd1a565,delivered,2018-05-06 17:41:38,2018-05-07 09:13:55,2018-05-08 12:57:00,2018-05-14 21:05:43,2018-05-28,c1f1bc58d8bd6712acdea8c38d461d3b,2018-05-06
12376b5a59bae892cd083a87b57c0bc0,bb835a982568100f068d3206b4e52f8a,delivered,2018-07-24 11:06:43,2018-07-26 03:15:08,2018-07-30 16:02:00,2018-08-07 20:12:15,2018-08-23,f2772c6e5817727fbe9b6932ccaa438f,2018-07-24
69f438e4cdb96fa1ed6bb2dcf499281b,8702a62684cd9a0ad5a391017c6939d6,delivered,2018-06-14 10:44:24,2018-06-14 11:01:29,2018-06-19 17:20:00,2018-06-25 21:36:51,2018-07-12,9f8b6f8cc4798a86d2a782367b9ab82d,2018-06-14
a44769d4b105fc1256ab873c55d43af6,99d97d613b0c10ef9bc076f74dd4e001,delivered,2017-02-24 14:22:47,2017-02-25 02:15:12,2017-03-01 11:09:34,2017-03-06 13:21:32,2017-03-17,c813241bf524b530bddddff0e1891f42,2017-02-24
e4d70620497883d192090b7a6d48441d,6611182ab275e5093731c323e3805777,delivered,2017-08-09 20:01:08,2017-08-11 04:24:59,2017-08-14 20:06:51,2017-08-30 15:35:24,2017-09-13,27750a2a0de67d552d7ea1cb2892cf1a,2017-08-09
28904a75f66f01fd5c931d71e7a6ac8a,f4fde5b5396f5bdda6b22ed44f6ac580,delivered,2017-11-27 09:36:59,2017-11-28 03:31:49,2017-11-29 20:15:01,2017-12-20 15:52:31,2017-12-20,00aba8ca6b7a455bcde671692a3f9e51,2017-11-27
c3c637478a3bd7fb492aff16c4aa8ec0,2bda60edb6f8c6f0c33e334cae94a3d9,delivered,2017-10-19 09:34:04,2017-10-19 09:49:24,2017-10-20 20:45:49,2017-10-26 22:51:22,2017-11-10,1d14cb6d2345b213a6c066aea89ac8a1,2017-10-19
4728d981da8b9d9e9fb4c7c069e46509,9ea72efdba6e23e3f17163fa0a8ef164,delivered,2018-07-05 18:23:08,2018-07-05 18:35:24,2018-07-10 14:48:00,2018-07-13 19:31:21,2018-07-27,c813a09638563510d57af64d406b63fe,2018-07-05
4c8f74d2fa5a183591988e2c68c931e0,c1ac0c8e43e2940a6ab5efb9e4fcbbc2,delivered,2018-05-09 11:25:30,2018-05-09 12:15:19,2018-05-10 15:12:00,2018-05-12 11:28:42,2018-05-17,6f37023eb079b6afd92cf27c6d1abc0d,2018-05-09
7f4c5f3682bd5dc074d569ae3b5bc00e,4f4b3ffc64e12ab86fa70f6a4071ff5a,delivered,2018-05-01 14:15:31,2018-05-01 14:34:13,2018-05-04 11:35:00,2018-05-09 18:58:48,2018-05-16,462dce9655e008a695ccf13632e89993,2018-05-01
614c0b4b5169af9eb895bc8aefe5a418,907dbf4707a4cdd67d3f2c87a976c2c7,delivered,2018-08-18 18:26:41,2018-08-18 18:49:24,2018-08-20 07:53:00,2018-08-24 20:04:46,2018-08-29,2677cf09ca76d24d69bb46e7ec2415fd,2018-08-18
be7f750bcb350e7e289e828efc763466,2004beab18003b04d2e2603e1055d589,delivered,2018-01-16 11:06:55,2018-01-17 03:38:46,2018-01-18 22:17:19,2018-01-24 10:42:30,2018-02-07,d936da095a235937dbcc81ab08bac901,2018-01-16
f672640d8f525e7ee9e9662776f4ed0f,6b4f0a05f4853abf220b4b251f54c903,delivered,2018-04-20 21:24:30,2018-04-24 18:27:33,2018-04-24 00:06:34,2018-04-30 22:33:16,2018-05-22,e72c96ec19df075fd316d783847812fc,2018-04-20
a8116350696a40046ec644f6b4f3afbc,d7beb95c2f002bd33338f92d720e2f64,delivered,2017-11-26 21:54:21,2017-11-26 22:11:54,2017-11-28 20:45:08,2017-12-19 23:51:30,2017-12-22,94d6365032dbab5b795fa54d907ea1ef,2017-11-26
f1c179e3b024edd6b12fa92fb91590a6,4ae72d0daf2448a49bf98ec1b8cf68b5,delivered,2018-01-29 09:02:09,2018-01-29 09:18:43,2018-01-29 22:19:02,2018-02-05 19:48:16,2018-02-22,6346636a7220c273c587da376fdeb40b,2018-01-29
33f11ddd5042dcc18008c3f804d67a7c,3406ba91b8af6a841c0b7d48ceb5f752,delivered,2018-05-02 11:59:40,2018-05-02 12:14:47,2018-05-03 14:19:00,2018-05-09 20:42:11,2018-06-04,41c644963bc416360dac20b09ec98d0a,2018-05-02
44f3d1f080f4d91df2ed14744c6e8184,c744ed8aaea56c48c1e385afdeb17605,delivered,2018-01-02 18:05:48,2018-01-02 18:13:24,2018-01-26 22:46:48,2018-01-27 12:17:29,2018-01-24,057f54779f0908b7b0c72501aee70bcc,2018-01-02
b61196a9915235f4020fa1186580c99d,0b66b013c23aff19e0629f10dd2483f4,delivered,2018-07-17 18:01:59,2018-07-18 18:03:07,2018-07-19 11:50:00,2018-07-25 20:03:39,2018-08-02,8d0661ab943668129b4b061fd3d76710,2018-07-17
476bce9fb98b771f4908106e9d962dd1,beab9e3aec703ae980cfcab61b58a83a,delivered,2018-08-11 20:16:35,2018-08-11 20:35:17,2018-08-15 13:24:00,2018-08-21 20:04:01,2018-09-06,a389cb2cf90568bd23689f6d20c3bbc2,2018-08-11
9980c5519e01cc5a1c1c35bd247bb499,68fcf3339b654cd981786ff00d15bbfe,delivered,2017-01-17 16:59:30,2017-01-17 17:10:08,2017-01-18 09:46:40,2017-01-31 14:16:29,2017-02-27,8b1371e4a43d8e62075c06d7256373f8,2017-01-17
4f12293458fe42108080bd8c3da6a500,ebeaca016b045dff2d2282d10e2bfa52,delivered,2017-04-03 17:46:05,2017-04-03 17:55:11,2017-04-06 11:22:51,2017-04-12 11:43:04,2017-04-24,78d3e255b3ad3aac95d3a8abc75539d1,2017-04-03
76eb528b2b3ae258e1c9a8d0eedad2b4,ef7577652a1d5883231a5b0484d150d3,delivered,2018-07-05 12:19:33,2018-07-05 16:35:02,2018-07-12 13:50:00,2018-08-01 17:56:47,2018-08-13,7a64d174924331e54da147831ac056bf,2018-07-05
3ff4571d28b9a56f8a7b6c9c0e1d691e,9ee3d8535dea26048253e4ddafdeab20,delivered,2017-08-19 15:58:50,2017-08-22 03:45:42,2017-08-22 14:10:48,2017-08-30 22:23:15,2017-09-19,fc3b141ebec0da4bba152ef6b9bf96f8,2017-08-19
85b58bb30d219374cf9cfdebbc5fbb69,c498555685a103ca04bcb5f81cd974ab,delivered,2017-02-10 09:37:46,2017-02-11 06:50:17,2017-02-17 09:54:05,2017-02-17 17:53:43,2017-03-17,41048b76326f93ccf5218d8eadc626f1,2017-02-10
92fefd2a79d30d262d8999fee6937d4f,768b1212aff7e8d5f3cdde251b172390,delivered,2018-08-02 17:40:15,2018-08-02 17:55:12,2018-08-06 08:27:00,2018-08-20 18:21:52,2018-09-11,0209af58dcd97d6ff5bac3f5fdfb8c0e,2018-08-02
f19fff48230be5d17b1e9f75b268ebce,a7d9c6298e865b9ba8cd7d5878ff8472,delivered,2017-05-23 16:43:24,2017-05-23 16:55:28,2017-05-25 15:18:07,2017-05-31 15:46:54,2017-06-14,b82107c12f221555a0ac75289dbca25e,2017-05-23
0c228f37770f365a3d0e1f7493595e09,cd00039f779735fae733fbefe4aaabbe,delivered,2017-06-14 17:06:33,2017-06-15 03:10:24,2017-06-20 09:59:43,2017-06-27 15:44:36,2017-07-26,69298d2c495133fc08e9770e7b5a0c66,2017-06-14
dc35eb180bdb73bd01cd27509171cbb9,02e1dd9020188996a61734fe4b18a177,delivered,2017-10-08 17:30:03,2017-10-08 17:44:47,2017-10-09 14:34:20,2017-10-16 21:17:05,2017-11-01,f29591db23bbfc6ef67feef2deecfb8b,2017-10-08
1a102760523f4d9dfac2d4fab47dbeea,d8724f5c495f80e4e4cf56b8be67668d,delivered,2017-03-17 18:38:06,2017-03-17 18:38:06,2017-03-20 09:34:15,2017-04-17 10:43:55,2017-04-25,b0e6870a2c0f7a96e18c84c02da14f94,2017-03-17
93534e882600a1678683a51e57bb1883,533c5c5536edd8d26576060c2561b495,delivered,2018-02-07 21:01:43,2018-02-07 22:05:29,2018-02-08 19:15:04,2018-02-09 17:22:00,2018-02-23,10dda8a8f00247e75922ba56474db6b0,2018-02-07
57e17fb636b56e67ea9a40c9f2a02527,516b06c0275049f206f61eafe4445719,delivered,2018-08-01 19:10:07,2018-08-01 19:31:33,2018-08-02 12:35:00,2018-08-06 17:12:19,2018-08-14,4b5b30edd0bb597f080ceae7d16da470,2018-08-01
bb36ee4537bf2692447d8cbf50cf6c11,04d52731fefc328bb6ece40f6cbdd685,delivered,2018-03-08 09:45:38,2018-03-08 11:40:24,2018-03-19 19:47:49,2018-04-05 10:51:53,2018-03-26,0848ef3901afaa99199cbe1bbbd71e1a,2018-03-08
a992886b2689bf77a10ee24fb661d3c8,bfcd6bdf7c82235d200a912a7b307d90,delivered,2018-03-21 18:53:46,2018-03-21 19:08:29,2018-03-22 19:07:23,2018-04-16 12:51:48,2018-04-11,eb32df898db24098793f72a9542abb14,2018-03-21
0805ef7875f007ad8ae7f5179c939667,479ca8d1cff55ed96a8668fbcad81524,delivered,2018-03-26 11:24:53,2018-03-26 11:47:50,2018-03-27 02:04:42,2018-04-23 15:22:02,2018-05-02,65e43f0a771df20fd154bd6071356b2d,2018-03-26
fd1b1552b93d46b554afde387322f286,0910534b4858183e4e325e020ee37a56,delivered,2018-06-09 09:59:35,2018-06-09 10:17:34,2018-06-11 15:22:00,2018-06-12 19:12:45,2018-06-20,b7d3cbfb14a4edf028b735d0b44bc923,2018-06-09
97fbc461636de20246c51830ff77b05a,4829c10fe18b25501761fb10680827e8,delivered,2018-05-03 21:34:05,2018-05-04 15:33:18,2018-05-07 11:11:00,2018-05-14 17:06:51,2018-06-12,e9e234fffa6143b736121a5d7f3e93e7,2018-05-03
bf29bb776556e9880bb6b24b8e9ec434,ed7ea148da163f92ae8d98e8d07d122b,delivered,2018-02-03 19:36:46,2018-02-04 22:29:22,2018-02-05 16:12:38,2018-02-17 14:29:10,2018-02-21,b0f8c72c75b687b41efab251ece3f1d4,2018-02-03
3474f0d4ad10782520a12008a9598dac,b446f1e99726af80d3f5f45e3d4a876b,delivered,2018-03-26 06:52:33,2018-03-27 04:10:25,2018-03-27 18:58:27,2018-04-02 20:33:57,2018-05-08,bb94d0ad3a6cd6a6f716efb6ea2aedac,2018-03-26
cd472c4843f0157551fb2c99b21d3786,32aea1e0da2cb689dcf847a444bf252c,delivered,2018-03-01 19:06:30,2018-03-03 02:35:36,2018-03-05 20:08:07,2018-04-23 18:52:41,2018-04-05,223599228dfa6b29974a5e2b57f5d3b2,2018-03-01
f12927715bcaf69f662d9343c1b49b00,a51b93f7b634c730a36fe97e1eb23d8d,delivered,2018-07-18 23:18:43,2018-07-18 23:30:14,2018-07-19 15:57:00,2018-07-26 22:03:37,2018-08-06,0b88976802600496788651be648e475f,2018-07-18
9ecc63b839c404ca47e48f1af1f54702,269fe9714fd6a436d8394d573318d2d2,delivered,2017-03-03 23:17:53,2017-03-07 16:55:13,2017-03-08 08:35:29,2017-03-11 08:53:37,2017-03-24,131f17478755c64367696d3e75b24562,2017-03-03
c84b66bfc6edd6b56325d5342ec421a0,1adbc5f1d585ff6b016adb7627272d0f,delivered,2018-01-30 15:26:08,2018-01-30 15:52:36,2018-02-02 03:09:00,2018-02-05 17:52:21,2018-02-15,c445ea6306e2e1781c48d159a28f3aa9,2018-01-30
b5b143bb15757cfbb8c5f447e4586940,3ca12a51d893d20d10c81d3ed566c391,delivered,2017-08-22 07:41:18,2017-08-22 07:50:09,2017-08-22 18:04:39,2017-08-29 21:19:10,2017-09-15,be289c342435b949e07ea441b0b98dc5,2017-08-22
bca5631d3061da1301ceaf05bbf83e69,b495342c6062ac187cb872e2071a32c0,delivered,2018-03-26 21:22:33,2018-03-26 21:35:10,2018-03-28 22:59:53,2018-05-05 04:57:39,2018-04-13,fc2ee6e4662c1d201c8cc20f2ea247d1,2018-03-26
284ffa157b684f496366615a6ba3201a,782da48634bfc38ff47f2048dec76ca2,delivered,2018-06-07 13:20:57,2018-06-07 13:39:00,2018-06-07 14:08:00,2018-06-11 18:20:49,2018-06-26,90753e87d6102e8136a26f7c2e02b35f,2018-06-07
62059211790cf7661fe10443c75e8f17,f6750e31bcac8ebead3685be804fd3d6,delivered,2018-03-02 22:34:15,2018-03-02 22:55:29,2018-03-06 00:26:42,2018-03-15 21:28:35,2018-04-09,f3aff011695265b4e9803f2fb3cb86bc,2018-03-02
cb8372ec4562008e6648acf4fa8b81c7,5f1f934f0527b0822763ecfc7a918ca7,delivered,2018-08-15 14:02:53,2018-08-17 03:09:55,2018-08-31 14:53:00,2018-09-03 15:36:49,2018-08-22,5856493ea39ca6e9a98516a5f7182c68,2018-08-15
415f2ac1a1d977ad1f20427eec4c62ce,32af69248ec49894dc764dadab140179,delivered,2017-04-24 19:58:33,2017-04-26 09:36:17,2017-04-27 06:18:09,2017-05-06 11:42:42,2017-05-15,63863ebce0302146337cc4d8446250f1,2017-04-24
0c7ea5e6e467f13639db3b35dcc316b9,0ca30ecffdf9576a1fd10f70b32c5cf9,delivered,2018-01-08 09:32:39,2018-01-08 09:48:14,2018-01-11 22:20:41,2018-01-16 16:18:15,2018-02-05,b885995d13d09ce79ac8d65856c5df32,2018-01-08
4a8850f69928d666a410ca68a461f867,8eefb8b1c149c2ed80d2157087c68fb9,delivered,2018-03-02 09:46:35,2018-03-02 09:55:26,2018-03-08 20:11:38,2018-03-14 19:38:47,2018-03-23,b089625a601a7d9a296c7f0b2bf98a9c,2018-03-02
07bca5c8ae457c75c959c5e26fc04e3f,161e0409100c9e6de6bfd16b211b33ca,delivered,2018-05-13 14:40:33,2018-05-14 19:58:09,2018-05-16 13:44:00,2018-06-04 15:02:29,2018-06-05,b4a54ad19149ba21e0ac72f81a84865d,2018-05-13
0fbebd49386dfce3800986434bc990c8,a61a8a7ac65e21e8b19eb23204cd9a42,delivered,2017-04-21 16:28:11,2017-04-25 07:55:51,2017-05-09 10:34:29,2017-05-23 11:27:19,2017-05-29,1d99a25a91c1e04ed8abf8e814ca0b42,2017-04-21
fbea6a49d91331a6874627ab4aca845f,6c071d9c8b7a81a768515d6b5baf8941,delivered,2017-08-14 10:35:38,2017-08-15 03:35:27,2017-08-18 20:33:49,2017-08-21 20:51:43,2017-08-25,e0a435b6106cae0bc42a2cef0565b622,2017-08-14
b7a9713d1c8b02fbefa580bd0edc2756,b195e38bf691c3171e5861b9c431f4bf,delivered,2018-05-12 23:35:49,2018-05-12 23:55:54,2018-05-15 10:19:00,2018-05-18 16:16:37,2018-05-29,aa89c9ffe0bd4f4795c3ea49b59b7be0,2018-05-12
fac467ce69a8abb815d930471940d06f,6e5c7b7fe2218d9a1625b8f6c4021c3b,delivered,2018-08-06 14:22:04,2018-08-06 14:35:22,2018-08-07 14:49:00,2018-08-10 15:07:48,2018-08-16,fde02dd7be2a3183e1e6690ec9e952f8,2018-08-06
d21ad12ba64a2a372a9f78c1bcd003e6,af969b5850969637f9e5c4ab94f88107,delivered,2018-02-21 11:15:44,2018-02-21 12:15:30,2018-02-26 17:17:20,2018-03-13 22:41:18,2018-03-26,86fb382416ffb86010f61af6b21cbc74,2018-02-21
0a84b71d2fd93eeae49d3149a3e08003,f21fdacae3273ac85cc6e33919cae43a,delivered,2017-11-28 21:47:50,2017-12-01 10:31:42,2017-12-01 21:12:14,2018-01-09 18:28:48,2017-12-19,f9918df9d176276daf7d13cdf4532b48,2017-11-28
23668eb221a7b13ecb9e591f262e977b,045103dd48f804644731c10cfeaab4ae,delivered,2017-06-28 10:20:58,2017-06-28 10:35:09,2017-07-01 08:32:51,2017-07-20 21:55:05,2017-07-31,18aa614e7e09d0c2b0412ba79550c48f,2017-06-28
00c00d5b36157595e21108ba1da2828f,2b27fae969b7d2bc173e466a742e50c6,delivered,2017-09-11 19:35:48,2017-09-13 03:25:43,2017-09-28 13:11:45,2017-10-04 18:14:24,2017-09-27,ecdd7200b5bc4a68c5e75117d61a5751,2017-09-11
d155a1a261652fa30114d2b6c6373e21,2799559b8170172643a117e4d2923125,delivered,2017-12-02 21:17:32,2017-12-02 21:40:46,2017-12-06 00:05:59,2017-12-17 17:34:57,2017-12-29,c4cf9b10d2668bfabb498d93004ab4a0,2017-12-02
7658a7ef580794d45508695d05ba90cc,ab3be1e360ea3b56b14b099cd4760615,delivered,2017-12-21 21:44:06,2017-12-23 02:15:30,2017-12-27 00:37:55,2018-01-18 00:33:30,2018-01-29,dce1a8b6e5bd92895c69088e356880a1,2017-12-21
6009e92e3138b7db82c677226459416a,207c75901aa0706e1a4709359a6e4e00,delivered,2017-09-13 12:52:01,2017-09-14 02:45:36,2017-09-19 19:21:17,2017-10-02 17:29:10,2017-10-09,5f07691fd7182196e872455e8a3e6bff,2017-09-13
eb663148871943b62e1729add83f8051,ddd53690849f9dbc6f720f503fb37d3f,delivered,2017-08-12 15:42:33,2017-08-12 15:55:17,2017-08-14 19:40:00,2017-08-22 18:59:09,2017-09-08,81fcf63a0d321f011729abaa17f28c47,2017-08-12
c67741bd4d11de0a38dd4b3947612f70,e5640b8b65bb7e42d7452ef9f82aba5e,delivered,2018-04-07 13:42:38,2018-04-07 13:55:18,2018-04-09 18:29:50,2018-04-10 19:41:57,2018-04-19,06b77fff2cc4b645c3fcce45c57fa9b1,2018-04-07
988b9c003bf679e9c005ddc75d4567e7,26461ffe192531fc2d31446b79c8bcb1,delivered,2017-09-15 11:21:33,2017-09-15 11:35:26,2017-09-15 18:46:46,2017-09-21 20:40:25,2017-10-04,2c971f93b395018e49b3a670770a7b4b,2017-09-15
57c33fcace2177cbe5a1a1b7295434b6,11ceac611dc7103469eb991bd453fee3,delivered,2018-06-24 20:00:22,2018-06-24 20:16:27,2018-06-28 14:42:00,2018-07-03 14:28:47,2018-07-25,b042bf319e023e08e7da0960f2a9bba2,2018-06-24
375fd64923cdf29ddd54724395e80b69,82602246a1f4807a352295050e4eb4d0,delivered,2018-07-10 17:05:11,2018-07-10 17:32:18,2018-07-26 15:10:00,2018-07-31 16:03:08,2018-08-14,2812b956488e289363a9dacfd67010f2,2018-07-10
42746b2bd175a9a00d415b3bb3393067,82b894756246835dcfe03708d3ab53f9,delivered,2018-06-08 13:58:30,2018-06-08 14:47:17,2018-06-11 14:51:00,2018-06-18 21:28:22,2018-07-04,5fc7cb7aebf5dcce6aca8f2d45dd7903,2018-06-08
5008f69eb2ec85becc94d3a1c1918af5,80f5a59072be0a806e82821201438e87,delivered,2017-11-26 14:58:18,2017-11-26 15:14:23,2017-12-01 19:56:51,2017-12-20 21:14:09,2017-12-22,aca8b52301eab5c322089c05bce55e66,2017-11-26
6c682aa3032d2639e12a64b3c2a907b7,deaa5dd4f21cf2d8741e476989fe7d5d,delivered,2018-02-12 11:51:43,2018-02-12 12:05:31,2018-02-14 23:34:30,2018-02-16 23:41:59,2018-03-08,8afaf1b7859bb5b215d1053bb9ab3dd1,2018-02-12
0e5dcadb0c33c96bd4c6573929a80d9f,b0da2ef21288c6af3939878c7bdd63ce,delivered,2017-06-24 13:30:08,2017-06-24 13:43:20,2017-06-26 14:16:45,2017-07-12 19:03:57,2017-07-20,fc8ad69ba46c0b020b6cf174fedd690b,2017-06-24
17763f2297211e949e3925cfb2d30cdb,d85c42879d38fe0dbe78857952b04fc8,delivered,2018-03-12 17:24:54,2018-03-12 17:35:55,2018-03-15 17:18:38,2018-03-26 14:33:19,2018-04-02,97c4e515366dff570902bf8eb583d4c5,2018-03-12
c6b0115592f584f15795ca244bd83fb2,b979a7dda393bdbbf2aabff02dc14a25,delivered,2018-06-21 13:33:43,2018-06-21 14:00:10,2018-06-22 13:47:00,2018-06-27 14:37:30,2018-08-13,525fdc9cc1afa67763b7f17ce6895e27,2018-06-21
79bf72439e98b57a6f36b8ef0fcaea93,5f3487c31d0fe9c66b79c1cff28da081,delivered,2017-08-27 22:38:42,2017-08-27 22:50:13,2017-08-31 14:56:07,2017-09-14 23:28:58,2017-09-21,ab3283bc4e8ecfc03e47a5d98db84069,2017-08-27
db47a089bc272d77b480a33e5286eaf5,0e573a1ab586da9a67c1589a2c95a4b4,delivered,2017-07-04 16:18:59,2017-07-05 16:10:19,2017-07-07 19:53:41,2017-07-18 19:25:40,2017-07-26,74122f823e916d4c14c1e0c52d672349,2017-07-04
c7b81b11d2fbb30b6e215611ff0fdf15,ee07f61d1dc8259e953fdc1c6237dcd6,delivered,2018-01-11 19:17:22,2018-01-11 19:28:18,2018-01-13 02:38:52,2018-01-15 18:16:49,2018-01-26,8cfe6024dd76e6ea4945ef1ea39aa5e4,2018-01-11
e93c226c60a57236abb9d0962b440be9,e9229af15bf52bb68f6fe8e17f09febb,delivered,2017-11-27 17:00:34,2017-11-27 17:19:56,2017-11-28 22:38:36,2017-11-30 23:42:07,2017-12-18,dc08eb515c43d023d952b331e70856a7,2017-11-27
7cf83f7bc784d9fe6e59f25a3a303011,b41037cbbe6921b1888cecdda2002a25,delivered,2017-11-21 08:09:01,2017-11-21 08:19:21,2017-11-21 14:51:56,2017-12-09 16:19:01,2017-12-08,4476e2dc7b55a04ea38cea4a9c710f76,2017-11-21
a3df0981c7418c75ec3e64bcbaf4b82c,49bfff17c9d66763eb474bce40c414fc,delivered,2017-11-24 00:28:30,2017-11-24 00:57:10,2017-11-24 18:09:19,2017-11-30 19:18:36,2017-12-11,c4826f7bbaae77563603cb985322875f,2017-11-24
bf441b5e92c73361e0b414a864240628,cbae00cd725562e4b8d96b9b464545c7,delivered,2018-08-21 23:40:28,2018-08-21 23:55:13,2018-08-22 15:47:00,2018-08-27 23:42:36,2018-08-31,b16a724bb886c0fdb089b2c4cd9d6c11,2018-08-21
0c72cafc6d5d60d98d052051a2b028ad,f3faad339b52d207bed5cfadeb6ae797,delivered,2018-02-27 12:33:38,2018-02-27 13:20:32,2018-02-28 19:16:33,2018-03-14 18:12:25,2018-03-13,c22a7089b53d7c76d7e051d7d081c504,2018-02-27
64390314a38d7795bad0cd9fbbb8e9f0,b95b77cecfd29346ae834ad020686da5,delivered,2017-10-14 20:37:36,2017-10-18 02:58:50,2017-10-20 15:32:25,2017-10-25 20:48:50,2017-11-03,e4c56d7a21dc4a26cb423eb444fd4664,2017-10-14
8a096b1a1ab9573d96ff53df946afc68,dcc28aa0d26b98f8c3d4d1e338fb05ac,delivered,2018-06-12 13:40:38,2018-06-13 02:36:40,2018-06-14 15:08:00,2018-06-21 13:04:10,2018-07-18,9ac3c0274eb2380d2812edf6752c15ae,2018-06-12
657453140a74ec1d5771142a82e09fec,dc7ad4861af267442ef03d5e90d983c8,delivered,2018-06-02 19:51:59,2018-06-02 20:12:22,2018-06-04 17:55:00,2018-06-06 13:38:51,2018-06-28,3c53a4ce9db603cd8885c20351cefe66,2018-06-02
53d8a989f776f3331e1a763a0a294a45,21dd9b232d9d67acfca97fb54e200765,delivered,2017-09-13 22:01:03,2017-09-14 22:10:05,2017-09-15 16:06:01,2017-09-21 15:49:00,2017-09-26,fba846cf72d115e63aacb0f20be20685,2017-09-13
23faa587ac06ba5f8c60fd65dd9ca88a,013e4fc1800b9973a92b450d18c4f658,delivered,2018-04-26 05:53:11,2018-04-26 06:11:11,2018-04-27 13:31:00,2018-05-09 22:58:55,2018-05-16,e20250548f286289e38b1fb5e04a859f,2018-04-26
4d9d0b428174582a413b99766ffcb53c,dcde5d9823057e075bcad8edf118f4ff,delivered,2017-07-13 17:53:51,2017-07-13 18:05:19,2017-07-14 20:33:59,2017-07-20 21:13:21,2017-08-02,80532929596b8e054865555867064cff,2017-07-13
f5d6fb800f654ebb36a1fc03bed3fcc7,4b3a0c07244aff9a03ae48d687d3a4b3,delivered,2017-10-02 22:01:33,2017-10-03 04:28:21,2017-10-03 16:27:40,2017-10-16 19:13:38,2017-10-27,616990356adecc482689d3b66608b775,2017-10-02
d799d9179d71dbb119be4733fa817085,2ec3c08e30b58b6ecb63f16a7e3d9802,delivered,2017-05-20 14:16:40,2017-05-20 14:30:21,2017-05-22 10:16:57,2017-05-24 12:13:47,2017-06-02,4787c0603659db901f2b746f0fd77f1d,2017-05-20
6d6f0c5bbf3fc7bbef3b260c1a8c89f8,e236ca0447927499f71f89d6a453e0b0,delivered,2017-08-30 15:31:33,2017-08-30 15:44:36,2017-08-31 17:25:18,2017-09-01 19:13:03,2017-09-12,5fa49884bcb22c65d654793db374db9a,2017-08-30
ef02b499ada182fc2a48dd525cb062c0,8bd08da271c08b2d77b4184d4e5855f6,delivered,2018-07-18 21:21:02,2018-07-18 21:30:20,2018-07-19 12:31:00,2018-07-26 15:48:43,2018-08-08,9fbc6085aef8a6c39c5c177e7634c4e4,2018-07-18
be33f61fd2cab2493c81b0810b31da89,f9e408f34638e8fcbec8a3327142a164,delivered,2017-07-03 09:17:52,2017-07-03 09:30:16,2017-07-07 17:03:32,2017-07-17 18:47:07,2017-07-24,510000d1f73f28ac187c8038a328cc84,2017-07-03
ab92a98bb35621bd312084351fb238f1,8f37b3503cd144af77f3c3728b465c5e,delivered,2018-03-25 22:30:05,2018-03-25 22:48:20,2018-03-26 19:58:53,2018-04-02 16:32:26,2018-04-20,e27c2593cb0ed3da72f4578a110fd7b1,2018-03-25
80b9515e62b3dcb4da3c324967e6af86,9581e5cc4b6d9ea32cf3065424d42daf,delivered,2017-05-22 16:16:13,2017-05-22 16:25:10,2017-05-23 08:52:20,2017-05-25 15:55:33,2017-06-02,597985c8ce3d3724c7a28dd36ebeb2a0,2017-05-22
60bfb63930f066b16ee32b640d38c501,9690ae19fa23072cfcb90303086e261f,delivered,2018-01-22 15:55:00,2018-01-23 03:52:36,2018-01-26 13:57:51,2018-02-15 22:21:34,2018-03-07,0b5b808b715d0555129995da5c747110,2018-01-22
526298482ad701ff69888f90db67ca2a,9e384de3e192c7bdc6ac25727a86e1d7,delivered,2018-06-04 21:49:07,2018-06-04 22:11:12,2018-06-05 14:10:00,2018-06-07 10:52:59,2018-06-29,2cbe65525579f567248fb0230aaac642,2018-06-04
71a911a3509a408b60846ed2e5f91e70,07bff5422f6f580b0ebc4efe3cdbbbd1,delivered,2017-03-29 10:31:33,2017-03-29 10:45:15,2017-03-31 12:12:32,2017-04-11 16:08:55,2017-04-18,00941614a654458b888b8780815bd26c,2017-03-29
fdcddeda3ae969ee81769e0b7eb9b9f9,9ce7393a237786a791d85a624b9707aa,delivered,2018-03-23 14:17:35,2018-03-23 14:30:46,2018-03-27 00:20:55,2018-03-28 19:14:44,2018-04-05,c0a0138aad6a1bec90b3cf05a7d381d2,2018-03-23
be189e2867578f53e85ff49f5a1b3e74,595754ee1af34ada07cf34e8013149d6,delivered,2017-09-30 16:57:37,2017-09-30 17:14:08,2017-10-02 22:22:03,2017-10-07 14:37:49,2017-10-26,06a2f322004ebb6e68107114e2020afc,2017-09-30
7801e6ca1a15c062e68bd3c558df3d04,d624b24bc49f1d1564ae65d2bc15d1fd,delivered,2018-01-15 08:01:48,2018-01-15 08:14:21,2018-01-19 17:51:23,2018-02-05 18:37:41,2018-02-19,66e591fa51cfbad743873e5f42e3e5bf,2018-01-15
2dd30e05504d2714a28029f29ea95d80,895c0718eaf80a1be69a2b3c0ec144b6,delivered,2018-06-23 23:04:33,2018-06-23 23:39:16,2018-06-25 15:49:00,2018-06-27 18:03:44,2018-07-17,b1392563c59e549bb83fb81ee4a7fdb4,2018-06-23
54a845f5cc0d3691277e4adfebd4a5bf,f13734396b2c9bb9b1a0f09803712833,delivered,2017-09-12 11:32:10,2017-09-14 02:55:21,2017-09-15 18:33:04,2017-09-23 10:20:12,2017-10-03,bba7b9cfd1c937323f3ce6324dd9ee24,2017-09-12
f0763474ff93b0e93e8c14322f0e2921,b847591bbb185e19b327768d78af5a2c,delivered,2017-12-17 22:50:47,2017-12-17 23:53:53,2017-12-19 17:24:41,2017-12-29 19:34:41,2018-01-18,1232ed805c94f85c07527c40e54aa318,2017-12-17
70de580c254e6fc014c22e93c8c0708d,42a1099724d7b2c28cceef7328b874da,delivered,2017-11-12 22:07:37,2017-11-12 22:26:34,2017-11-21 22:32:34,2017-11-22 22:09:17,2017-11-27,e6746b0bfd66ae7f875b3d351e8c6018,2017-11-12
fae7d09a1409bc2651c0caec24606c71,ad015d052809f72a00eff106b1e24901,delivered,2017-11-27 21:25:55,2017-11-27 21:39:21,2017-12-06 02:17:22,2017-12-14 14:29:33,2017-12-18,01f1af590b3fa6e09ee79551635926b4,2017-11-27
de38b62136dcb5ff40d44d807c460a8a,dce86563857a5b7113eb74dc94d07fce,delivered,2018-07-18 16:51:01,2018-07-18 17:05:17,2018-07-19 14:56:00,2018-07-27 20:02:30,2018-08-13,54982b0c374191195d5f433c7cccae90,2018-07-18
f55227c04af301a96c2c22eb6973d8e8,49896c657941c4194e824df727d59d6b,delivered,2017-08-16 13:22:22,2017-08-16 13:30:24,2017-08-17 13:43:40,2017-08-25 18:27:52,2017-09-08,d0c426fc235a98b904f5f7132046dd91,2017-08-16
d5ba8093739265fed17f69492c65670f,e28090b411dfb13f68d46862e014b9c7,delivered,2018-04-04 16:20:32,2018-04-04 16:30:42,2018-04-05 23:06:39,2018-04-19 22:03:17,2018-04-27,8da4f8884cb807a1a95dce688436b0ba,2018-04-04
67475f71985adf5fc4111756430c2366,5fef5cebc61defff53af91f665b3913d,delivered,2017-10-05 14:28:05,2017-10-05 14:50:15,2017-10-06 18:30:00,2017-10-14 01:33:05,2017-10-24,ac7b071fc00dc5ed165bc5a3a9192aba,2017-10-05
adad66be45caa015d25e03ed17610197,570a608aee1a7a807a1cad82ee9ba9ad,delivered,2017-12-03 21:03:58,2017-12-05 10:30:54,2017-12-04 22:53:02,2017-12-10 11:56:50,2017-12-27,d6aa8d4d3cfc3b6e0e5eca602c9bbbc4,2017-12-03
205fd64bd13038fe08ccceddf788336e,6d67ee4d82190aad1716cda46991ecef,delivered,2017-12-16 22:16:31,2017-12-16 22:32:29,2017-12-18 14:15:30,2017-12-20 17:39:12,2018-01-11,c5257cb21dc4c3510047ffafc9c60174,2017-12-16
0cddb9a478d70a5651d1d36838974686,49fc491cda67a572a6fa17631b3ff033,delivered,2017-11-27 13:48:45,2017-11-27 13:57:25,2017-11-27 20:48:50,2017-12-06 21:54:53,2017-12-15,b15f238f84a6dc0efd1fa9ea22abed5c,2017-11-27
6ae79bd97f96c215a9711c79a6d7a192,4afb392089d90678ca8bbd2e397b98b4,delivered,2018-07-25 09:40:59,2018-07-25 09:55:19,2018-07-25 14:50:00,2018-07-26 20:02:43,2018-08-02,c8eefb9882c9daa20a617c00d8adc035,2018-07-25
e775e2a68408d7fa3fc0297268f1abf4,fa0cae916a066784cefe40972350de64,delivered,2018-07-10 13:05:39,2018-07-10 13:30:53,2018-07-16 06:03:00,2018-07-30 20:41:49,2018-08-02,6b102c363647e94b0c8fc664a6dbdf42,2018-07-10
5765ed9564cf818bc7711494d656f86c,996f20401a511998f66f74f30cfda76d,delivered,2018-04-08 17:39:23,2018-04-08 17:50:21,2018-04-17 19:38:50,2018-04-23 18:21:58,2018-05-03,28ffe93dc06305847cf14d0e6b20b779,2018-04-08
fbdda663869065b1521bf7be56191f6f,42b343409a90819f39c38275dc06bed0,delivered,2018-01-31 12:20:13,2018-01-31 13:50:05,2018-02-02 22:05:50,2018-02-14 20:33:25,2018-02-26,2147de2645487e2a48a448d53b2d25e8,2018-01-31
abd273cdcd250f53a125d77e6798e0d1,7552d6beabc937e96acf4875b7482344,delivered,2018-08-08 17:46:09,2018-08-08 18:04:58,2018-08-10 16:02:00,2018-08-17 13:05:44,2018-08-29,f3c82a25093541dfbbef3d800ef384bc,2018-08-08
91256287c54349812a38220b628d3c10,df29a9f0f42d3c7c086c7fa0edcb6639,delivered,2018-02-27 22:57:44,2018-02-27 23:10:32,2018-02-28 20:15:58,2018-03-15 19:20:59,2018-03-23,5a9de9baa3029a66e803ae933e4809c0,2018-02-27
b2ad7cad7381ae63e968c60fa8f7f7a2,8ae4f6962420bf836509d9a57f4f81f7,delivered,2017-08-01 15:09:57,2017-08-01 15:35:41,2017-08-02 20:32:57,2017-08-03 18:13:49,2017-08-14,f71ad9e3933eb975539528f2637b4ec8,2017-08-01
075024c4910bd35a5d251813d59009cd,b1a5afc135d86a079003163cf95cecaf,delivered,2018-03-25 14:00:57,2018-03-25 14:15:35,2018-03-27 00:42:09,2018-04-09 22:42:30,2018-04-18,924f226bd0426ed28ec908a135b18950,2018-03-25
6041616fca20babe9d45128ecc8d3b4a,f0e91584927a813fa67a5dfdecb200a0,delivered,2017-10-17 16:50:59,2017-10-17 17:37:16,2017-10-19 21:17:26,2017-10-25 22:04:16,2017-11-03,0741c3665e0505e68a217f2c39d289e8,2017-10-17
4517217f6929827c965b96a34e5ffbaf,70a5b820e30473ee4c953690ffd53729,delivered,2018-02-19 08:33:20,2018-02-19 08:46:30,2018-02-20 22:27:05,2018-02-28 16:42:18,2018-03-12,33a1c4d33a5e4da8d5919b023e732522,2018-02-19
5adbe48c338c130733d09677efb8c0df,d8ff2b62871d3aba6e62517b01e4871e,delivered,2017-04-18 20:49:50,2017-04-20 02:55:26,2017-04-28 14:44:58,2017-05-12 15:15:43,2017-05-24,adc2652cd2757c2adf987c064c7a7c5f,2017-04-18
14325b030357956fe06c611e432d7e04,f1497d68a89361282297041502917ad9,delivered,2017-06-28 17:19:52,2017-06-29 02:50:17,2017-07-03 08:43:41,2017-07-10 14:33:42,2017-07-27,4c116f8ddec984371284ab7bc860001a,2017-06-28
41dc44532d1b2b25698cd55dadb1b99b,acca6ecacf8197a805351a48b3f7646d,delivered,2017-11-21 15:43:12,2017-11-21 15:52:28,2017-11-22 21:56:55,2017-12-07 15:34:59,2017-12-14,3f07b27bda75f2b366711f3ddac52a4b,2017-11-21
a98f79318168a3b20eca9c4530909f49,9d49beb924f367539805cfc5edf5330f,delivered,2018-07-11 21:17:27,2018-07-12 12:45:48,2018-08-09 13:32:00,2018-08-10 16:58:46,2018-07-27,48ce3450c17d577bbe48dd240380f088,2018-07-11
ec7cf5f129c87b44a31239380516ae8c,6173b3b1c87bc8c813683822b06149b2,delivered,2018-07-18 13:06:44,2018-07-19 02:35:14,2018-07-19 12:02:00,2018-07-26 17:54:38,2018-08-02,13dbb05c191e998c48f31dcd7133c8ce,2018-07-18
a864be64d69bd7d14232006b22b17f96,bdc8cf249438de5d2f2d03ea0ac67a28,delivered,2018-07-15 07:54:38,2018-07-16 08:07:12,2018-07-16 12:35:00,2018-07-27 20:52:55,2018-08-08,525ee2a15c1d1afb98b444a8a3cba559,2018-07-15
7a398cc355d3a1a2d9101b5879b40cc8,3b15b0cbdffe0ee28c3f94e5adb5b9c9,delivered,2017-04-17 08:51:56,2017-04-17 09:02:16,2017-04-17 15:44:01,2017-04-20 14:51:55,2017-05-08,8a8cb10ec19cf7f2704907349201243c,2017-04-17
9edc1ee4f1a91ef8a52902a4d4c9ad79,2dea3eaf6af891a8185552a24a2575b0,delivered,2017-08-08 13:50:29,2017-08-10 03:23:58,2017-08-11 17:04:18,2017-08-25 18:24:03,2017-09-01,3e73988b9ecabfd9d994dd9a9f9cce94,2017-08-08
b31c6094960eb242c3513d619998cb6d,bb51ca7550fb2d6d3c9013fcacbca5b2,delivered,2017-06-17 22:38:23,2017-06-17 22:50:08,2017-06-19 21:14:59,2017-07-10 17:44:56,2017-07-12,9cd2d6e39e6a740ee3c6fcb77cdbf976,2017-06-17
5ee1e8b9ec2a16618f25fce5407f136b,31ea43aa4d2a91c8a07ac6ed7954db28,delivered,2018-02-28 19:39:46,2018-03-01 02:48:49,2018-03-02 01:28:41,2018-03-20 21:28:40,2018-03-22,188e50847b85739f86cfeed95bfdf76a,2018-02-28
df14f6645d1232e2c0e88fd8566e0a87,4baab2b6b4a4953c559534cf576b7797,delivered,2018-01-06 10:54:08,2018-01-06 11:07:45,2018-01-09 00:57:55,2018-01-15 22:26:11,2018-02-06,4e6f59096938cf1ba5b2709f6484e2f2,2018-01-06
783063a2c412e7e731cb43a35fa4b8b1,2436c5b46db0d157f45742885ea3e8ba,delivered,2018-07-27 17:29:41,2018-07-27 17:44:28,2018-07-30 14:27:00,2018-08-06 22:00:24,2018-08-17,0a97bdac2f197280badb633707f87222,2018-07-27
a13f2110ae8bab95d529304f3b2dbbc1,94e1e12a3d64d14c81f0058db88d2cdf,delivered,2017-11-01 17:47:09,2017-11-01 18:31:01,2017-11-06 20:09:20,2017-11-18 12:27:49,2017-11-22,17adee22dcf49a12b49cfc38e9f6397f,2017-11-01
5a85ba245a3a3bcb21334e761e0ef1a2,25a7aac1dd876892549320c943a19160,delivered,2017-09-16 19:56:51,2017-09-16 20:10:16,2017-09-18 21:07:28,2017-09-19 17:33:21,2017-09-28,dbdf835d7807129fb5cb917e11b1a933,2017-09-16
755c4aa4960614ec096601363b0ea48d,7cdc0c381865ebea439a62b1e014176d,delivered,2017-05-24 09:28:49,2017-05-24 09:42:27,2017-05-26 17:55:39,2017-06-05 15:20:00,2017-06-22,9891a0b954b46a998dcaf4ec71b89a49,2017-05-24
880769ba72966e66d6e8e1f1152a0d36,7742c0111a713083af57f1c9961023d5,delivered,2018-06-10 16:14:03,2018-06-11 16:31:49,2018-06-12 17:05:00,2018-06-19 16:55:40,2018-06-29,d3b4ce42a5aa45f6031277950f1661b3,2018-06-10
e56a1cb152fd9b915de07e0f4f5b462b,1f468c5a64641a32137d557ade625dbf,delivered,2017-09-06 09:52:56,2017-09-06 16:05:18,2017-09-11 19:27:45,2017-10-05 19:03:52,2017-10-17,69d93815c9ea08e83377d78cb088a295,2017-09-06
47d8487055416af863e81cb7f28f4f19,3d4750ef71b9c11bc21110cdde4cbda2,delivered,2018-07-31 13:07:37,2018-07-31 13:24:33,2018-08-02 08:37:00,2018-08-07 14:41:38,2018-08-14,99c59ed7ac72d3961c4c80e777ba2732,2018-07-31
faf170a7180f21b40983f2581c31270a,939d90676bf5387c6e87a81701a9250a,delivered,2018-08-16 22:18:07,2018-08-16 22:30:07,2018-08-17 14:56:00,2018-08-24 18:39:03,2018-08-28,461f43df116c38cf531a37ed0ea02547,2018-08-16
8c4c737b202bd8dcdaa2336b54e99dc7,bb5fc199a7fb4028471dc5325587f0aa,delivered,2018-04-10 14:22:03,2018-04-10 14:35:09,2018-04-13 21:04:40,2018-04-17 09:41:57,2018-04-26,f384b670963f2cf3ff4909da5a5c93e1,2018-04-10
1e359230c99e4510d4ce63375b5c7f72,c1052e49e04a1371d071dd1c045854a5,delivered,2018-08-18 16:25:47,2018-08-18 16:50:09,2018-08-20 15:31:00,2018-08-22 12:34:37,2018-08-24,4738939242f878ea51b949f6e89c9084,2018-08-18
5cebbdc79fff7c3b78bfffdf98c939ea,5eadcc1d6eb34d9462abb443e253456e,delivered,2017-11-19 17:04:20,2017-11-20 07:10:26,2017-11-21 15:21:09,2017-12-01 18:54:38,2017-12-22,cda8f76e8a2f92d42e625b791fde6c83,2017-11-19
f42de7e48a0daaa613b8aa877942800f,4f9cf399a95d0c449f3f799e1798f303,delivered,2017-11-26 23:03:58,2017-11-28 03:43:32,2017-12-01 21:59:37,2017-12-20 18:28:21,2017-12-21,46d5bdcc50df53ec8d503a81c0d2fa31,2017-11-26
4dc5ab28582ada8b30536d03787d2d12,51bc3a624e87dcb0265641071f4b988e,delivered,2017-10-29 02:18:30,2017-10-30 21:31:36,2017-10-31 22:51:14,2017-11-07 21:17:05,2017-11-23,2c10614a03d9c0368d939ba56d0b54d3,2017-10-29
799be3792f7db4e84ead1a2eefccd1b2,74d841cb5ec776ad34ebc824ad9906ce,delivered,2017-03-07 23:21:25,2017-03-07 23:33:21,2017-03-08 12:05:19,2017-03-10 18:10:13,2017-03-24,de0fcbf13e92c68080d909e87da3b510,2017-03-07
b8433dcc9c5745016d68b7ed9087e3a0,dd3699c2c959c88bba5adfe97bc6331a,delivered,2018-06-10 13:40:10,2018-06-11 09:11:55,2018-06-12 12:30:00,2018-06-22 18:15:43,2018-07-16,fee6c5dcacdf1de74f2b0a1bc76bb0b7,2018-06-10
895ab968e7bb0d5659d16cd74cd1650c,270c23a11d024a44c896d1894b261a83,delivered,2017-08-08 20:26:31,2017-08-08 20:43:31,2017-08-10 11:58:14,2017-08-14 12:46:18,2017-08-30,9a736b248f67d166d2fbb006bcb877c3,2017-08-08
5bb486f174563e721db5e7ba3ecd4fdd,6279699ddc44b1e242aeae46bdee5ee7,delivered,2018-01-31 23:38:13,2018-02-02 02:55:54,2018-02-05 15:49:55,2018-02-15 22:46:46,2018-02-26,158ff08f9b1aeebfa96820580f3877a6,2018-01-31
100ad9dbc9d9b325495758270807e3aa,c6afc87168ed229907f48e0b57f79ff4,delivered,2018-02-16 14:01:10,2018-02-16 14:15:25,2018-02-16 22:58:58,2018-03-14 20:32:49,2018-03-15,728c6a3b4c03e58b40127480f572dfc5,2018-02-16
0de2d81b96096126e5ac518128fb3daa,a14af00d694fedfdeb12c634c16b910e,delivered,2018-03-12 09:49:26,2018-03-12 10:55:39,2018-03-12 22:10:39,2018-03-15 15:46:44,2018-04-05,16958e0580aabd51c43765569afea366,2018-03-12
60a30f7ea15c14582856b8ae771be976,6379411be2963d9a38b9741ada4a016f,delivered,2018-06-15 22:42:09,2018-06-16 22:36:18,2018-06-18 08:13:00,2018-08-10 21:52:37,2018-07-11,b5294575700727d9702ed9c3edebca45,2018-06-15
fa8bc976c444fee300429c2465aa1842,b3ddf00785df5fa8baa46f6e32152164,delivered,2018-02-11 14:07:50,2018-02-11 14:25:25,2018-02-14 21:27:16,2018-02-16 20:16:33,2018-02-26,354eac4554eab556ca2b07c5473d4511,2018-02-11
b4d7995506859f96187970c8275ee66c,e019c5cece8b3842ed7335d88bdab190,delivered,2018-07-16 16:08:54,2018-07-16 16:20:31,2018-07-18 12:05:00,2018-07-26 14:44:33,2018-08-15,95742dcc3166c2d4aa27a4e9b68cd628,2018-07-16
fad93ddceb5b210f71589b1e9258a110,2822af661614ee97360679a39de22690,delivered,2017-02-11 11:59:05,2017-02-15 11:31:58,2017-02-17 13:50:53,2017-03-02 15:34:28,2017-03-14,2b46edbc40fd5cdf0d218e117b480191,2017-02-11
900701305cbfcd012076fb429e5affe2,3b3fa5f6633390f93ebe4245e60d757e,delivered,2018-02-06 15:21:40,2018-02-06 15:30:30,2018-02-07 17:43:18,2018-02-16 22:13:58,2018-03-06,1bc0e2bd401dfe59365116417998e58c,2018-02-06
cd1fd3d0c575167477e03169f9198518,e23dba10288e2e2038f508163937888c,delivered,2018-05-08 17:02:54,2018-05-08 17:15:30,2018-05-11 11:57:00,2018-05-23 18:24:58,2018-05-29,8c8e88e3b64b19cbee30eeda695a3314,2018-05-08
cbcad9f5b09ead6b9ae965fd9f598ba8,b65b5017b8e86bde50b8930ed0958286,delivered,2018-02-16 09:01:38,2018-02-16 09:35:26,2018-02-16 18:57:32,2018-02-27 23:09:26,2018-03-14,dfb90afc96be29f800b02eb25d876425,2018-02-16
37e1d9b8fc877b2c60bf51d2c4d8dbc6,59d688a4ae12c26301c19fc90cc15ce2,delivered,2018-01-03 19:28:12,2018-01-03 19:35:24,2018-01-04 20:10:04,2018-01-09 19:27:56,2018-01-19,134a40fcca40b8552643d16fcf0ca592,2018-01-03
19ef6de262591218648e1765adedad1b,2330ffa20d212f25e10df7dbe39a0648,delivered,2018-01-10 10:38:13,2018-01-10 10:49:34,2018-01-16 22:29:33,2018-01-23 22:33:37,2018-02-16,7a6bd1953c48d0cbb195e7828a8a09c3,2018-01-10
291d343dc236d7dd2466e052890f5fc1,26bf6f4f31d4aa89d55361a4c322bb85,delivered,2017-11-08 14:52:32,2017-11-08 15:07:57,2017-11-09 15:28:26,2017-11-10 18:19:37,2017-11-22,174c4f9e8e008d9ef89b7113c8c8dd31,2017-11-08
6bcf3c377d6129005ea42c8a6a635077,4611b9b3d9204fa20d52d332bf042669,delivered,2017-04-26 11:19:47,2017-04-26 11:35:11,2017-04-27 13:39:47,2017-05-05 17:56:04,2017-05-24,9749628809ac25a989c65fd65ba546b3,2017-04-26
33dea0203a24cd38fb9a7f8ee4bbe0ee,814cd71fa02d9328b0c1a0b4ab0b433c,delivered,2018-05-12 13:17:58,2018-05-12 13:32:07,2018-05-14 13:56:00,2018-05-15 18:42:22,2018-05-24,46d83174629858a4bd3c9e0927e1a802,2018-05-12
1dfc0bd3006c0dce1dd6e418bcb00413,3843923b2d53588c593c6f4afe05976b,delivered,2017-12-20 15:36:44,2017-12-20 17:12:28,2017-12-21 17:35:11,2017-12-27 20:34:10,2018-01-18,694d80d9924784daa43b1482ccda0af6,2017-12-20
ed41c1516f84bad938d8f086a1503029,63561178b68e85f17c3f280ac891ea56,delivered,2018-01-22 13:43:00,2018-01-22 14:26:19,2018-01-25 18:10:08,2018-01-29 18:47:40,2018-02-06,ef093a2f52ea08cd5e0fb40b1e7c4998,2018-01-22
2dd40e76f5720434aa1540eb92620584,86e6655319952985e01892337ab48767,delivered,2018-02-04 09:47:03,2018-02-04 09:55:25,2018-02-05 22:22:24,2018-02-26 16:43:35,2018-03-01,ccce19902b3e9c0ac6b8a952b0c70326,2018-02-04
c4c3e8d7834453acd59e70aee27a0b98,1d8e908dbcf6b493ed983a1b8a03a7c6,delivered,2017-07-13 00:19:44,2017-07-15 03:34:42,2017-07-18 11:37:36,2017-07-21 18:57:31,2017-08-07,8b160faff469868625c7c82cbd310636,2017-07-13
62c16e40e8cd43ca10fef5eadfc2d11f,4dee81b9fa9d2d25ed3ba1829f101c95,delivered,2017-05-06 21:49:07,2017-05-06 21:55:18,2017-05-09 07:25:56,2017-05-11 13:37:55,2017-05-29,16c1d26925563b2094e827ab6e72eb64,2017-05-06
67e871df7739d67a0a128b9e66a3620b,70f0328572afff623d74793061ab48c9,delivered,2017-12-21 23:56:54,2017-12-23 02:18:27,2018-01-02 21:33:09,2018-01-09 18:39:11,2018-01-17,0078bb0f0d23e922d08437b7d0e13907,2017-12-21
c4137876fee1440e24c08bb5921c0932,b6cccdc0fd62400b5b78915d061edc76,delivered,2018-03-16 01:25:36,2018-03-16 02:45:50,2018-03-21 23:48:32,2018-04-02 18:18:24,2018-04-05,27b24f7d7ec2b9447ed7d9c65f191b21,2018-03-16
20964c77d7bb845d228094e71ea28101,e91867593d78b02be5eb7163b8c295c8,delivered,2017-12-01 10:46:22,2017-12-01 12:31:39,2017-12-05 21:21:49,2017-12-18 21:34:39,2017-12-29,6f984cb70006e5af276f7765f3eb3992,2017-12-01
c51ac157d012284a7dae95487ebcc6ad,5cc51e6ea1924baaac699d04adb7f3f3,delivered,2017-11-14 22:19:50,2017-11-14 22:31:07,2017-11-16 22:16:45,2017-11-21 21:07:50,2017-12-04,4cec463e3833669772b6d2efeb2aa058,2017-11-14
732b59a6f2d05d4b23beade8d0a16a0d,3295b1d78b7c28090e18c60e726359ce,delivered,2017-10-24 12:34:29,2017-10-25 13:06:06,2017-10-27 18:17:01,2017-11-09 14:32:57,2017-11-14,c90e48690d479db6bd7fde249e50aa50,2017-10-24
6cad8647b638219c1df923544cc5aa0c,f7f386a18c04859490d4df0b71867ca9,delivered,2018-04-18 08:19:38,2018-04-19 02:32:08,2018-04-26 11:13:00,2018-05-04 17:57:31,2018-05-15,f59f412c52fbf5fb82ef139d666cfaf7,2018-04-18
9cee74c9ff8a65e8903b7435dd058557,a13300c8bde6ece2e8e5155ddb4b62ec,shipped,2018-01-05 10:59:28,2018-01-09 07:16:41,2018-01-10 19:43:53,,2018-02-05,0a5b67d7b537dcd4497b0fe7d8f35bb6,2018-01-05
d3b73e2ef2f6499b266d6ff81ac7efa6,85403284bf01b8188132debd736476ed,delivered,2017-06-27 18:33:21,2017-06-27 18:45:19,2017-06-29 15:34:51,2017-07-19 17:27:05,2017-08-01,4c75cb8f178d14bc4ca0eaa9ceacf5ae,2017-06-27
6c575369cec00e2f8bd918f14c1fc0fa,e54be54478f9ab15a21905c126060639,delivered,2017-11-26 23:58:24,2017-11-27 00:18:31,2017-11-28 18:51:56,2017-12-19 14:13:52,2017-12-28,1e878f69ebf0a48f7ce75f4f66e65e44,2017-11-26
1ca88ffec09fd363aa4aa1cb994c851d,012890b678dffa039b23707633b2eff3,delivered,2018-03-10 20:04:20,2018-03-10 20:40:22,2018-03-12 17:32:58,2018-04-03 16:16:34,2018-03-29,0a967bd086132c6daa8eadaa364c91a1,2018-03-10
dd4d68bbd3083ae0ee1f51019cffc924,2dfdcbb5e15acdd672fbb17cee980938,delivered,2018-01-26 23:16:13,2018-01-26 23:31:37,2018-01-30 22:24:08,2018-02-06 19:35:08,2018-02-26,d8d75970c291db47f7cc563585578711,2018-01-26
5394df5f572a529d916abd5272d0bb13,7dd5c1566fc89f51e10d018c551e43e8,delivered,2018-07-04 17:33:01,2018-07-05 16:24:48,2018-07-05 14:37:00,2018-07-06 12:51:11,2018-07-17,eb88bc5a559aec793008d66365d1565f,2018-07-04
7e472035214881a3939517a7d4e766a8,d5f9198f26562d9150d2480290e7935f,delivered,2018-03-25 16:43:44,2018-03-25 16:55:48,2018-03-26 19:02:34,2018-04-05 21:18:48,2018-04-20,7fd595b9d2adedc3b5c492e2ffdb404c,2018-03-25
5d245c97223bf9ad03cb5568dba7ea7f,734f171dd5a2ff5e2a21ac1dbb163b28,delivered,2018-05-16 09:35:16,2018-05-16 09:57:10,2018-05-18 14:11:00,2018-05-23 18:32:46,2018-06-07,1fec1fa184792edf944cf27e17c97b45,2018-05-16
b6f5e3bc6360fbc485ff34695b7b3fdc,88b4ee07501ad4605dc58366d31f09d3,delivered,2017-09-02 16:43:04,2017-09-03 17:15:11,2017-09-08 16:46:27,2017-09-09 13:08:52,2017-09-15,a2eb3545fdbc2c6687e8d66c78c206d6,2017-09-02
207fcb4ce4deeff5a3ec9db8f38acff0,b94acc6de36401e0d0bb861e6d196101,delivered,2018-02-01 18:38:24,2018-02-01 19:37:33,2018-02-14 17:35:56,2018-02-23 15:34:00,2018-03-12,1f66a12aca6f4ecbed2c0628570e81ee,2018-02-01
4174ab02f93138dbcae799299d390233,d15fcd763b3fe576eeff22682ba06302,delivered,2018-05-02 12:17:02,2018-05-02 12:33:45,2018-05-22 10:34:00,2018-05-24 16:22:30,2018-05-15,8e5f377492eae6dbd257b1d4f099683e,2018-05-02
35aade410488cc865a183d6a7fa637eb,9243444883a2537b2d21cf2b9568bb00,delivered,2017-02-05 11:56:43,2017-02-06 06:50:18,2017-02-08 11:03:52,2017-02-16 13:45:56,2017-04-07,148c32e019356ea9629df84a38656c13,2017-02-05
5b6d41acb7c2e60bf82df4d27888b501,11aa23a0db30e8c0c0613ad79f753134,delivered,2018-05-25 19:55:32,2018-05-25 20:17:29,2018-05-28 13:58:00,2018-06-06 11:28:30,2018-07-03,36f973f07dc43ed4d5fe36435d2c2d73,2018-05-25
8c7304b887c62d8b229df046f90e44f4,0519861eea334b9c63211d1a02c1a484,delivered,2017-12-05 13:59:56,2017-12-05 14:31:04,2017-12-06 03:51:56,2018-01-05 13:22:39,2017-12-28,ed92f716afaed80ff2cb54705754c912,2017-12-05
1d38bea3896f01c97d629d249f1c68ff,bc2d96d037549d343268fa67b34d2590,delivered,2017-08-01 17:13:41,2017-08-01 17:30:10,2017-08-04 18:12:16,2017-08-16 16:55:32,2017-08-25,e6f0ee5fa872be826a42412ba423e02f,2017-08-01
dec898799672bf9d3c4930eac5026453,94a292b8351222b8c21609a7c1105ef9,delivered,2017-05-02 22:07:12,2017-05-03 15:30:15,2017-05-04 12:16:18,2017-05-12 12:38:28,2017-05-31,81e3fe009117cd8a8b52bb74a15e2636,2017-05-02
3442cdf3d4f80564a97d51c8894fbcda,5a55ee72b541ebbbb98e812653c31379,delivered,2018-02-15 10:22:14,2018-02-16 08:07:15,2018-02-20 09:48:54,2018-03-08 23:34:37,2018-03-09,1fa9870159bfbac350f199e343299c9c,2018-02-15
3a83f1410163fa52e0679c788b31a039,8769df0587f504c9408b3d1a15fddbc1,delivered,2018-05-27 14:07:23,2018-05-27 14:30:40,2018-05-28 13:59:00,2018-05-29 11:08:22,2018-06-20,de5b15b5269883dea3cf95f30cf7fece,2018-05-27
387620ec766797a584b7e92a41daad5f,8b35556f6dbc3bc6ec78ca09748154cf,delivered,2017-08-23 18:41:18,2017-08-23 19:15:19,2017-08-25 13:40:08,2017-08-29 20:37:46,2017-10-04,8f74bcedc184adf49cdfff4114f3bedd,2017-08-23
3169ea0ca9e7b527454873b4aa6e6583,66666db1d1d248143aa09864faf1d31d,delivered,2017-12-11 19:24:25,2017-12-11 19:32:19,2017-12-12 20:33:07,2017-12-13 18:35:10,2017-12-28,e814d35af834efb0d5902c3b1b214816,2017-12-11
be97f88cbe71410f91432e2b3cacb89e,6f5267149fd1f8a2a32ac59ca1c17694,delivered,2017-05-14 18:11:07,2017-05-14 18:22:34,2017-05-15 14:38:55,2017-05-23 12:27:52,2017-06-02,56da201b53cbfca43adb4f1d771db24f,2017-05-14
20c8ecc3191ba43d600bcff60029c6b5,5a5113660da3d81c3e3df58328e166dc,delivered,2017-08-16 23:59:35,2017-08-17 02:11:56,2017-08-18 18:49:31,2017-08-21 19:03:02,2017-08-29,f81778386c425b1df10309509d23788e,2017-08-16
59f20ac0aae46d0940018c589d3571f4,4ad8853ad8108ecc6b8efbb445cde607,delivered,2017-11-20 10:59:38,2017-11-20 11:15:31,2017-11-23 18:23:01,2017-11-29 00:44:48,2017-12-21,3912b4eea85ce6a8745ff02382a92730,2017-11-20
2dee1b58f6f3c724427ad545adf6d5e4,1faa8235ed57dbf4adb767066a4c5993,delivered,2018-03-15 00:19:52,2018-03-15 00:30:25,2018-03-16 01:18:45,2018-04-25 14:24:45,2018-04-05,a49a856d438d3225628403ca13c1f1db,2018-03-15
edc3e43c9acea4a673df5f0dec3d7051,8939553de56703df40f815afc4786730,delivered,2017-08-09 12:13:32,2017-08-10 12:10:26,2017-08-11 18:37:53,2017-09-05 19:49:03,2017-09-13,0d46fe250a42969e1c64feb1b8747159,2017-08-09
32510b081654e6d2e96fad5a6525660f,f773ad68c6d12ab39621c0c4ee7085ac,shipped,2018-05-01 22:20:33,2018-05-01 22:35:14,2018-05-03 13:19:00,,2018-05-25,1ea1838176ad1d3fade10cc835297e85,2018-05-01
ae348c74e571e34c44d0874b21087f71,85182f0b98c07d6648143d62ec4182e6,delivered,2017-09-17 14:12:52,2017-09-17 14:26:50,2017-09-18 21:27:48,2017-09-22 17:23:14,2017-10-04,2b4efa2bb0d9e62ee5e197cacd93c0d6,2017-09-17
992d2942e83c306157957d54bf84fa18,8cd8dcd00b3204df8a1d464ae879c8c5,delivered,2017-07-17 16:14:02,2017-07-17 16:25:21,2017-07-19 16:41:58,2017-08-22 13:40:06,2017-08-21,2b5c14b7e1a3d88ff7e0c46e15851f5f,2017-07-17
2788c37316cfd96e71107c07b22454c5,2992d82866eeba001e7a1099e552ce53,delivered,2018-03-08 16:46:29,2018-03-08 17:40:29,2018-03-10 00:04:14,2018-04-03 20:14:41,2018-03-29,8f16f4af00d8c80ffa21898096a6c038,2018-03-08
a6401d6c8f6d0df7821a17a628c1f36a,d1fcef8497d8467278fbf8b1a4c980da,delivered,2017-06-05 21:10:43,2017-06-05 21:25:12,2017-06-07 16:16:35,2017-06-13 13:20:23,2017-06-26,8fcf94489d63ae96b1cfc198fd6079bc,2017-06-05
5746305e595500896b4f6621e08a80aa,8a7bde5e3dd9bfeb5cb42f7eb432797a,delivered,2017-12-06 12:35:36,2017-12-08 12:32:33,2017-12-08 20:24:43,2017-12-11 13:39:20,2017-12-22,ce7b7d2237fe1063caf6226d82661f53,2017-12-06
8a060d4d621f570de2264a68ad8b901c,51370d844d0f837eb086ae67290a35f1,delivered,2017-12-07 13:38:29,2017-12-07 15:30:17,2017-12-11 19:44:46,2017-12-22 21:44:25,2018-01-05,6a2c39f27e5c40a4d2a0cd94aeb8c925,2017-12-07
cae4fbb29fcef9ac16c59d7e70d167eb,f129bb049aea10d6b7850c6252cdced9,delivered,2018-01-24 12:05:29,2018-01-26 03:17:35,2018-01-29 20:08:56,2018-02-20 18:53:34,2018-02-22,1a04215423e9c1efa226c23c64be4326,2018-01-24
4513bfce86e880a4bb2d4fe606045ca1,d4ca0e62bacadd1061d6198cee71847b,delivered,2018-02-27 15:39:57,2018-02-27 16:15:44,2018-02-28 19:43:36,2018-03-14 09:52:58,2018-04-05,bf0e90f0615f77c26a7b8515b71b321c,2018-02-27
3c6c89e079dd7a3a2b71fe55bb30bc08,69dd18b28ea33e04b65244e7089b33bd,delivered,2017-10-05 14:46:32,2017-10-05 14:56:20,2017-10-06 18:30:02,2017-10-17 20:24:56,2017-10-31,360415f9e370307040ea722b260397f5,2017-10-05
145795196f6224e4557aeca5cad2863f,10f785ba86bc0fdf97ffb919fc432181,delivered,2017-09-06 08:53:46,2017-09-06 09:05:48,2017-09-08 19:21:54,2017-09-26 21:37:36,2017-10-05,ff0bf129a159cce3ea17ae8341c630f8,2017-09-06
a91c3d9045c21f1f101bfc28c30fbef6,5fffdb430f630b75465a5d5dfd37ab44,delivered,2018-06-29 18:01:59,2018-06-29 18:10:43,2018-07-06 11:00:00,2018-07-13 12:11:59,2018-08-07,d95c4b13476f7a25ed6b161fd23796b8,2018-06-29
f5e257a07a64d671c3c8116ff3462886,62522e4bd83dc86c27a26e6bd3684f16,delivered,2018-06-20 08:53:38,2018-06-20 09:20:21,2018-06-21 14:57:00,2018-06-22 18:33:00,2018-07-03,d55dc52cae01fdf7bd0a0f071c2a52e9,2018-06-20
0e0abe27977ea1d66568d6ee7d310217,f15f8e8e29f606f908de87a8f7ee14f9,delivered,2018-02-06 16:28:03,2018-02-06 16:35:40,2018-02-07 19:32:02,2018-02-22 19:33:43,2018-03-07,e61b45ab12853f3179132537d625d672,2018-02-06
91866c79939321e63218d7b71b2b26f8,36ec1e0f44dd8a859548c2210b381e3a,delivered,2017-03-06 14:48:06,2017-03-06 15:02:57,2017-03-07 08:09:01,2017-03-08 18:09:17,2017-03-27,1122c447b237df5c7ac5287b74f1e2b4,2017-03-06
a97041e9aa36c525119520db08b537c1,aeec91875fccf4f111dfb8ebddb601c8,delivered,2018-08-15 20:53:10,2018-08-15 21:10:09,2018-08-20 07:37:00,2018-08-21 22:27:11,2018-08-20,eed7a47de7c4c7e68df016a38cf6aa53,2018-08-15
15e281b810d3f48fd7f4e089ae5d25f1,b097adca864a599049d08d003ff5a336,delivered,2017-08-07 08:51:10,2017-08-07 09:23:49,2017-08-08 18:58:43,2017-08-21 20:25:56,2017-09-06,6bd3f57827bb82cb387edf931285a798,2017-08-07
f19584f0d2c7cbccc05621c23dee5cb3,5b3d688af33ea2a6e1ccf9a205709a01,delivered,2017-10-12 11:37:18,2017-10-12 11:56:23,2017-10-26 15:23:40,2017-10-31 19:17:14,2017-11-16,013f3d6549189a4802a268131ef47a77,2017-10-12
86290fe54601847212ec62845fb027e5,456606904ed952111743e6ad4390a8ad,delivered,2017-02-24 14:45:14,2017-02-24 15:02:19,2017-03-03 18:54:08,2017-03-07 13:37:54,2017-03-21,503f73bf29209771e164c6df2745ec15,2017-02-24
02efbfba398618f44f8c4097d6822ddd,be5c813710ea1e34cc1fb13a9a50b49c,delivered,2018-07-25 17:31:45,2018-07-25 17:45:14,2018-07-27 14:47:00,2018-07-30 18:41:58,2018-08-03,40932da19d41cf442221346e24db2cae,2018-07-25
3d500e622ba77dd0cc04cc8ccd2bb859,e2e73f564ad5b8cf837e18b273016983,delivered,2018-05-04 19:07:29,2018-05-09 14:30:59,2018-05-10 12:02:00,2018-05-11 20:59:06,2018-05-17,3dc92984d1948a75b084d620600a50e4,2018-05-04
54d0bf2cd634845822e8b0c29f3834ca,c3d8c825f8b88801bcbd6034fd4e438b,delivered,2018-08-07 14:32:23,2018-08-07 14:45:17,2018-08-08 14:27:00,2018-08-16 16:13:39,2018-08-21,814101b83b85436800244d9e0735c2b0,2018-08-07
b17fd4c033b06e8d888de8ea6105ef9d,70457f70bccd93467cce328f6b3bb89a,canceled,2017-03-20 19:38:10,2017-03-20 19:38:10,,,2017-04-12,802ce2dcb7d0d4a534945e27d53a9636,2017-03-20
3bddb2b41050ba947411a0fc9143fcbd,7e6e52c237a37ca567ec907c3dc6a93f,delivered,2018-07-06 17:25:48,2018-07-06 17:35:11,2018-07-10 15:48:00,2018-07-13 21:51:47,2018-07-31,3b885932732cd5252c8243102ab7fc79,2018-07-06
a78ac816235b4503a1af1b74fceb7a43,291d6844b59e2c397d3c5003a8bd709b,delivered,2018-03-19 14:12:42,2018-03-19 14:35:44,2018-03-20 22:24:48,2018-03-23 20:42:43,2018-04-05,66efda21323af0cafdc4490864d3ad68,2018-03-19
2d5a437d439fb3aed1979b2e5f9f6b39,96996a5c71cc84a8d12774fcba1aba1d,delivered,2018-06-27 11:13:52,2018-06-27 11:30:28,2018-07-04 14:48:00,2018-07-10 22:56:23,2018-08-01,3845ad581d694f73053fcbb88d8963ce,2018-06-27
bdf323b540c69988c9baca5f74e4c3bc,deb5bcdd7bbe002ca0f1413592e2f23c,delivered,2017-10-12 16:40:49,2017-10-14 03:27:57,2017-10-16 13:48:00,2017-10-24 19:35:46,2017-11-13,3ebe24c46c29017d591b88616ba7b059,2017-10-12
10631633611fba698054772b43dc118c,087924f653ede8ac260c3d6cec755a4b,delivered,2017-06-22 14:03:48,2017-06-22 14:22:58,2017-06-30 09:44:44,2017-07-07 17:47:40,2017-07-14,8a11c1f8a6ec66283bdcff8829df7918,2017-06-22
82ff712171b40c35233edbee68ab03e5,7d23e001940aeb347af11359501cdeb8,delivered,2018-08-09 11:56:32,2018-08-10 11:55:11,2018-08-10 15:05:00,2018-08-13 23:07:46,2018-08-15,bfab1c8698605a711b29da838f459ab9,2018-08-09
6f516d489f56fd8bc9d89e9e62c00d2c,1fa2b45910fbced4c773f679a75ae54e,delivered,2018-03-19 19:04:11,2018-03-19 19:15:28,2018-03-21 19:14:51,2018-04-13 17:58:41,2018-04-09,6846382f0e21517bd5c96200def20241,2018-03-19
bded443ac67a4c815ca74ea219ad30e7,1a105b14b5e38a1fd4ad59c1aeace83e,delivered,2018-05-22 16:17:46,2018-05-22 16:57:47,2018-05-24 13:51:00,2018-06-01 19:52:38,2018-06-04,3ba7cb9b6427a76c5ba071721dc7d8f2,2018-05-22
59de68e3ef040153cc9ea7978eaec149,267ab9426bea353f82ef7c5406d947c3,delivered,2017-10-12 23:26:41,2017-10-12 23:35:20,2017-10-17 16:53:38,2017-10-21 15:07:41,2017-10-30,b117d1f1ebf30b6c7ebd5ee68505e43c,2017-10-12
e60892b75a62acf30d28e0423f8ba80c,aa6436a8b6c5ff6d1354f0a5ebf3169f,delivered,2017-12-08 17:59:13,2017-12-08 18:11:20,2017-12-11 23:42:28,2017-12-22 18:45:42,2018-01-12,4c902678d29af27793e292efefdd952b,2017-12-08
ee27c5db38b1e5eba4ca12bbe0cef731,7e0b0aad493aeb53ac66ad26e9f83c5a,delivered,2018-05-06 12:03:57,2018-05-06 12:30:09,2018-05-07 14:28:00,2018-06-02 12:18:42,2018-05-25,ec3f200f1ecb2a979fcdf36e5882b917,2018-05-06
6925682cc441a2514cd15f7f17ece7b2,0f067484e64242cf92f86c358300fc97,delivered,2017-05-24 14:10:06,2017-05-24 14:22:56,2017-05-25 10:54:42,2017-05-30 14:17:53,2017-06-13,43fa44b3d8cb236780ff9a94f859c725,2017-05-24
35d5fa2dff695764ea7c3785b6679c6e,ccdb06d85ada20c9de4363bfc9816108,delivered,2018-06-04 08:53:48,2018-06-06 02:54:18,2018-06-06 15:28:00,2018-06-11 16:44:34,2018-07-17,f8e8ca028ca531040f0776d683855461,2018-06-04
a1ed33176c9eddd31601c69dfabab37f,08beb044c0172b237ad8f36fbff81652,delivered,2018-01-22 22:34:41,2018-01-22 22:55:38,2018-01-25 15:47:47,2018-01-29 16:18:27,2018-02-14,4d2a058cead19bc1e7b3580be5893b2b,2018-01-22
c56e40373799e9fb580a236fd5fc72a9,5d9ffaa41b4cbbe75aaa44cf0d5a8770,delivered,2017-05-31 10:23:38,2017-05-31 10:35:12,2017-06-02 14:08:46,2017-06-09 15:27:49,2017-06-23,b659cd169fc6bc95af0bb457f844df0c,2017-05-31
4857ab4a4500b4de3c4bbf57b2e04789,fca23aa596e040551b4db9d6f46fde88,delivered,2018-03-26 16:17:48,2018-03-27 08:07:21,2018-03-30 00:19:56,2018-05-14 20:41:14,2018-05-04,a5a41ed175e9ced7ee47aa1d2680b523,2018-03-26
d4e84d2279af74e9336d0c786d6abb78,f021ba337308a66cd38430a17cba2992,delivered,2018-06-04 17:00:51,2018-06-04 17:15:28,2018-06-05 15:40:00,2018-06-11 16:12:52,2018-07-16,82a15870eda11e6ce6dff87a2a0ea34f,2018-06-04
b8cc2632c865859a6e27f3955ff5e549,b487c0f4978642e789aac212c28b4953,delivered,2018-07-10 19:00:04,2018-07-12 03:35:18,2018-07-13 13:09:00,2018-07-23 17:51:06,2018-08-03,ce8db2920839d8b1491fdc0a78ecaed8,2018-07-10
b8667450c5709608993ae7ff3880e3c0,a8e85fd5c346013715e2d92ad37bd3fe,delivered,2018-02-05 19:59:57,2018-02-06 13:47:56,2018-02-07 14:43:01,2018-02-15 18:55:18,2018-03-02,7b49a3025aac8a08d39c7b2d282bd934,2018-02-05
93fba8d92f02aebd0882af7cb81bfcb8,cec875d9d4406529df6ccf5e1930b990,delivered,2017-11-26 23:26:58,2017-11-28 23:19:25,2017-11-29 22:29:38,2017-12-19 22:27:32,2017-12-22,c902f3ef39179b58e803da196af3467a,2017-11-26
65709b9620e3ef6f575918b8348a8ece,a2207623637c05c6e3d75bc34256c3f8,delivered,2018-01-09 09:51:35,2018-01-09 10:09:46,2018-01-15 20:18:34,2018-01-17 19:46:26,2018-02-07,3660e33bc132658a08c234cc82e6d0cc,2018-01-09
36a99d1efdc9f0b6d7a7f793d0f304b0,f4ef757008c51dc9573991137fe68ca4,delivered,2018-08-19 09:44:58,2018-08-20 14:53:14,2018-08-21 14:46:00,2018-08-23 22:11:56,2018-08-30,07351daa62f3b9d1ba90f22e7f106407,2018-08-19
34801c59d6ec5c5e89bfefb6ebef314d,0e114b02a45c9876080f3a9a19f51c16,delivered,2017-12-12 22:53:35,2017-12-12 23:42:29,2017-12-15 14:04:54,2017-12-27 01:37:12,2018-01-05,000c8bdb58a29e7115cfc257230fb21b,2017-12-12
423c157cb61f228b20c08e79cd28b9b9,26986b28dd538116e65c5b88c0e050b9,delivered,2018-02-05 19:49:01,2018-02-05 20:10:53,2018-02-06 16:08:51,2018-02-26 20:23:48,2018-02-22,b56d31572e47b1e6d1b88d3128f2226b,2018-02-05
7fda376286b806cee8955685bf02fc4f,4fc2eee158c87c2236c2ff71dcad76f6,delivered,2017-10-19 20:22:06,2017-10-19 20:49:18,2017-10-23 18:43:54,2017-10-25 18:13:44,2017-11-07,79302df457d7a5a5a89e534698c5f705,2017-10-19
96c1f803bd98812f30e0e72841822e3e,3ec9d596d9b2c56ecee7bf92e33c9bee,delivered,2018-03-25 21:23:38,2018-03-25 21:35:36,2018-03-27 19:12:08,2018-04-05 17:27:48,2018-04-13,ae46042dc6e613015d5d41e702f3ed53,2018-03-25
4a5ec3a39f61790953b9bb48bfd301d4,af5b7e91f763527a2dbd49268dbcf583,delivered,2018-07-19 14:32:30,2018-07-19 14:45:13,2018-07-20 08:35:00,2018-07-27 19:08:53,2018-08-07,0535470cf036d0c7242c67b16a16d5f7,2018-07-19
4b65b4aaa4c4e07d50727f0c87c0e9a1,5856b614fe54a8e8399e4eaf332b8542,delivered,2017-05-04 11:20:58,2017-05-04 11:30:20,2017-05-04 11:51:16,2017-05-19 09:04:35,2017-06-12,f964ff8c9303651329c6020eb2b5abf0,2017-05-04
b5bce4a3cda26884862a0c05cc4effb1,e424136ae114fb9f64bcf55d0ec7d224,delivered,2017-07-09 21:20:45,2017-07-09 21:30:19,2017-07-11 18:35:53,2017-07-19 21:43:22,2017-08-01,3843ad8082445bc8dc8abe41c22efd6b,2017-07-09
94d427c43b021e3554c0aae6436b57e9,ae158bb7f980ce5561ffbecd33920c1b,delivered,2018-06-09 18:09:32,2018-06-11 08:58:21,2018-06-11 13:49:00,2018-06-15 21:21:53,2018-06-29,2a4a5a09103c84ad6cebbd3dbd1b40af,2018-06-09
87440e08790d85796f5b8bc9f5ed2707,4b95f958af9c866353ae1108d8ebd023,delivered,2018-07-26 09:43:52,2018-07-27 02:05:20,2018-07-30 13:32:00,2018-08-03 16:04:33,2018-08-17,000fbf0473c10fc1ab6f8d2d286ce20c,2018-07-26
00d94e8901b75ee0d6ef1f87f947b666,9d797a1a7d8ddb192708608d25197161,delivered,2017-05-01 14:11:11,2017-05-01 14:25:13,2017-05-03 14:11:32,2017-05-23 05:55:05,2017-06-05,53f34954c078f5034197993c0e109b95,2017-05-01
dacdfcd670a373cee78c7f2acd952987,72bf42311a073feed30fa11259e56254,delivered,2018-01-07 18:29:14,2018-01-07 18:47:19,2018-01-10 12:01:10,2018-01-17 17:30:19,2018-02-06,aee22b44bc0887a6320fd0a020b28eb5,2018-01-07
abb1daa364efd153e14d22b0782a5065,749621056bfb760ca2dad4b5e3a24e3f,delivered,2018-01-10 09:39:35,2018-01-10 10:32:51,2018-01-11 22:34:14,2018-01-29 17:05:16,2018-02-05,068a014f6e432691891386ce1d382ce5,2018-01-10
e72a8568c8622825a95439791f668e85,7d741f274b5f16487253c349ff12b703,delivered,2017-09-24 23:00:55,2017-09-24 23:15:18,2017-09-28 11:13:24,2017-10-04 17:26:25,2017-10-26,19da55454167240f3a4a39430007d074,2017-09-24
6db73c4db61f029be8214914360f51e1,3b104572acedbced7ec24f882f1df2cd,delivered,2018-03-09 17:24:33,2018-03-09 17:35:28,2018-03-12 23:22:11,2018-03-15 16:58:44,2018-03-21,c0486ce01d76f8e5f5822442af172dd8,2018-03-09
85a0b57d401cf8eabdad7f818e087799,eb0cb5f239e0e0bd624410e207c3aa03,delivered,2017-07-31 12:28:55,2017-07-31 12:43:13,2017-07-31 20:14:40,2017-08-09 18:15:11,2017-08-18,07ff40b9ca21d36f928474447be80045,2017-07-31
7133741ec73ad73f2b0df0078f3dff59,7f89e070ec0556f373339ba76637964d,delivered,2018-06-21 12:20:52,2018-06-21 12:41:03,2018-06-21 15:20:00,2018-06-25 23:26:23,2018-07-18,959dc8ab795a2d3738f8a16e36411b48,2018-06-21
e3b176280b21cc3e797c3956845422fa,bf90fdd4fd96665f2f7d7a2efcf5c923,delivered,2017-05-27 17:55:40,2017-05-27 18:05:12,2017-05-31 12:47:01,2017-06-06 16:08:19,2017-07-03,68669d59a9852684bdcaf77062d14a7e,2017-05-27
69d222536063d171fcbccf22d45f0eae,722d17e6dc8ebbac9e661e3c7af844fd,delivered,2017-10-20 10:04:57,2017-10-21 02:49:34,2017-10-24 20:59:01,2017-10-30 23:04:32,2017-11-13,86cc133dc42f417db70b18db9af1f588,2017-10-20
627efe8e5230eb9f3bb4ecb645c759c5,4480661363e0f2f7fa2d1768c3b554c4,delivered,2018-04-05 13:49:01,2018-04-05 14:09:18,2018-04-07 01:14:44,2018-04-09 15:36:45,2018-04-27,6991221485787f31e830a729531c20f2,2018-04-05
320b4a5fa30f0d1eb0bb4c944d2205e1,974673840b08cb1219003a3f2b6a510f,delivered,2018-02-21 21:10:23,2018-02-21 21:29:16,2018-02-22 21:27:46,2018-02-25 14:03:31,2018-03-07,aeca194c9e14f177dfb4422e179a46ff,2018-02-21
4fe3375df4882c70c200e075e3f1fed0,3295d27f33d0a40b245030ccaca13fd4,delivered,2017-08-19 12:55:53,2017-08-20 07:04:41,2017-08-22 10:33:43,2017-08-24 18:43:50,2017-09-12,9ff51b23c9232ef82e217d9e9dcb7668,2017-08-19
a8f60b9282c2f8e193d23d668bb74fa3,d30a15613f4863ea6c94c671db37a27a,delivered,2017-09-14 10:35:42,2017-09-14 10:50:13,2017-09-18 22:47:49,2017-09-27 20:43:51,2017-10-04,04701c6d028551e35b43d6a2b181411e,2017-09-14
21f024b91cfeb5f135ceef69fe99fa50,a446567b84836138d1f780d653a66474,delivered,2017-10-31 11:09:26,2017-10-31 11:30:14,2017-11-01 19:47:30,2017-11-16 20:54:41,2017-11-17,442c918c1f8cdf37ddffd4935c405d9d,2017-10-31
bde03232a3f3f93facc6eb12e66e6b8e,52f838b3b224273fda779d20cdc0f259,delivered,2018-02-03 10:59:11,2018-02-03 11:10:47,2018-02-08 21:07:04,2018-02-20 21:49:22,2018-03-06,9229fd31a6082b07a556ef16d1465498,2018-02-03
cb3b0bc0bdf657e358637e649e0a4966,d62b098e61643a06d5f8fd6ebcabdf82,delivered,2018-04-09 14:27:21,2018-04-09 14:50:35,2018-04-10 18:27:01,2018-04-11 18:48:27,2018-04-25,abe2cf89d6ce911d07a1727592769ed2,2018-04-09
daed0f3aefd193de33c31e21b16a3b3a,cf258f4e485365461f6a68cf2720c60e,delivered,2018-03-12 15:21:32,2018-03-29 11:35:16,2018-04-02 12:36:42,2018-04-10 16:48:54,2018-04-03,18039e7ca2a459172fdc784e93fe834f,2018-03-12
132f60de8345d1939567ee2c11a6d476,65b5f93344ef9ca0301364adde71bbfb,delivered,2018-02-28 21:01:01,2018-02-28 21:28:38,2018-03-02 01:33:08,2018-03-20 13:46:50,2018-03-22,97a9cbfee4f4914fdb7761206d1bd014,2018-02-28
f9286b76e6aafcf562039ff69da4ef47,df8b21da119dfeea3fd6acc835648f83,delivered,2017-10-27 18:26:50,2017-10-31 03:55:18,2017-10-31 16:47:50,2017-11-01 13:21:59,2017-11-21,6aca95f477ff64c0bec9c5af2f0bd750,2017-10-27
349419805b6735ed9a2cf737205fae53,172a8d88b70c30286a8d76ac735b779c,delivered,2018-02-17 01:22:23,2018-02-20 07:26:44,2018-02-20 23:06:21,2018-02-23 00:53:02,2018-03-05,ecce47b0efca8ef66e9321e7eb431478,2018-02-17
c881f8c42d20430b008bf5ea6abe4405,64c8b77d23ed628b5ba151fbd000eed9,delivered,2017-03-01 12:40:04,2017-03-01 12:55:23,2017-03-01 17:43:58,2017-03-06 09:55:57,2017-03-22,3b37e59afc56b56443ee62dca627a0b7,2017-03-01
cef1e24f9b327a9571e045a091dea452,fe9ce9115fbb7f2e492e8c6704f0a7f5,delivered,2018-01-10 12:47:51,2018-01-11 03:31:23,2018-01-15 18:46:57,2018-01-22 23:47:37,2018-02-02,0c13df50aa9b162db03baebbcbd8cf1a,2018-01-10
b0edeeb83cb7a8e727e06255357cd7a1,922f741f35942da06a3d19400757dd63,delivered,2017-07-08 12:38:13,2017-07-08 12:55:08,2017-07-10 19:17:24,2017-07-24 18:21:31,2017-08-09,47b1f4779cce5b6a93c5f02310ca9671,2017-07-08
234ac296ce754ab2518ae1bcde8b0fea,c453a30a6a88ce8fa78b7eeeb0c85226,delivered,2018-02-11 19:26:48,2018-02-15 03:56:00,2018-02-16 20:41:53,2018-03-14 15:53:29,2018-03-12,5c39739978396f94580b807060b51f20,2018-02-11
008990da719764fb392914d8ab53ad04,cc4e2f483459498c9ce82a70ff415752,delivered,2018-05-11 19:20:54,2018-05-11 19:37:41,2018-05-24 13:47:00,2018-06-05 14:18:36,2018-06-19,d3391cadc57741a0defe8a569e476813,2018-05-11
89f3f2390082961f54df910ea5542a71,4ddb7775ce55aede9ac8c706ab6ef831,delivered,2018-07-08 17:14:18,2018-07-08 17:25:23,2018-07-09 15:37:00,2018-07-13 21:33:34,2018-08-06,232e0b420b111079c60c3ef53c735dd9,2018-07-08
5b9da43787a1ee10dd9c78432c3ebd82,21ba332c12032e208dc1354f429d1e47,delivered,2018-01-03 19:52:24,2018-01-03 19:58:45,2018-01-05 12:14:33,2018-01-08 15:46:47,2018-01-19,70abe73d5fa9a845ca1c23b0b2545b0f,2018-01-03
f706c0fff2fd0328697401c325dbd429,078285da1785eeb5bb83d3e4d1096fc2,delivered,2017-05-31 21:23:56,2017-05-31 21:35:10,2017-06-01 14:55:14,2017-06-08 17:22:38,2017-06-23,fc9de985b8f8cdd1c3ce06584312c6f7,2017-05-31
d49cc0e98373ebdf3a080d3bad016283,49b0fabbc5945e7c7724cde5f9c4f4dd,processing,2017-11-24 10:37:12,2017-11-28 03:43:09,,,2017-12-21,f16af2054d47d6b587676a790b5c0f3a,2017-11-24
09fd1722d038ec5290cb862bb8ed8e46,0893ae80a887e2e2c177f3162f05aebc,delivered,2018-08-17 18:49:15,2018-08-18 17:09:30,2018-08-20 13:20:00,2018-08-29 23:42:01,2018-09-05,d1746be9240248a16adaf23efdc3008d,2018-08-17
ed14c3058d5e31989c9c093cfcdae0d6,451db7f02beb13cdcef0b46768fc5d28,delivered,2018-08-06 22:06:25,2018-08-07 22:05:20,2018-08-08 14:20:00,2018-08-13 12:27:29,2018-09-10,09ccb0d09f04f503e9cd92d89ff45481,2018-08-06
f816e2d1a8c3f47837c88fc08ba39dce,98b57da4f6372460e9bd54e2e4491e0b,delivered,2017-09-06 09:49:37,2017-09-07 02:55:55,2017-09-13 18:22:53,2017-09-18 19:42:48,2017-09-29,019ac5580a897d52e5ed6f7ed89ade27,2017-09-06
21c3a36070a838388e823449f206f263,1f34e395c0794098ee3ffd75447c58de,delivered,2017-10-11 13:12:11,2017-10-11 13:26:08,2017-10-17 14:12:49,2017-10-23 14:42:16,2017-11-03,e5a91b2d0fe56e5ae67e4c886335112a,2017-10-11
c89b4f89b285537cd75b46ad90c49a50,93ee2b575a917c96aaa790b6ba7ca879,delivered,2018-07-20 15:13:09,2018-07-20 15:25:21,2018-07-30 11:56:00,2018-08-02 18:40:40,2018-08-17,6ad1477a7f2f85d95a3d7c6aff258ee2,2018-07-20
8dd9758206f8d9c23baf77b965e1c6dc,849d4f35271a07987c6af0c676c5ca31,delivered,2017-11-28 14:20:53,2017-11-28 14:32:18,2017-12-04 19:19:00,2017-12-19 01:06:41,2017-12-20,a4d4c09a2fe3081414f20b73ed30d9de,2017-11-28
a7da4c5d1aa10f5bd43694601bea7057,d96e54cb133388782b66c1a8ee174c11,delivered,2017-11-14 08:56:14,2017-11-14 09:06:54,2017-11-17 18:56:55,2017-12-20 18:10:40,2017-12-12,9c9cf13b46bc526124deffdce7697ca1,2017-11-14
5d3a95afbc99d6791214a10461aea2ca,607bfb98b36de78ff09e620965132fe8,delivered,2018-05-15 00:02:05,2018-05-15 00:11:17,2018-05-16 12:33:00,2018-05-23 13:08:47,2018-06-04,97f602f47bf779de7d8654358f92c35b,2018-05-15
22890d3bdbf453cdf060e03716c00012,c4a921c1e57e93879af0e203826ea5fe,delivered,2018-08-21 16:16:18,2018-08-23 02:45:10,2018-08-23 13:54:00,2018-08-29 19:42:09,2018-09-11,40c4fd5337242db6f6217e4db8bfaa32,2018-08-21
8b761bca5ade41b47694b0225c668b75,60759d1a0d02d7e2d74834df707b597a,delivered,2017-08-03 16:51:19,2017-08-03 17:23:43,2017-08-04 18:52:08,2017-08-14 20:05:54,2017-08-23,3a01046c309a105bb4688bf2174df242,2017-08-03
d4ce059dcf44b359b2c44a8fcc8d678c,0c5febd94332b38c1211a219137f2827,delivered,2017-03-09 13:32:01,2017-03-09 13:32:01,2017-03-09 14:00:32,2017-03-17 11:07:54,2017-04-03,465a9ad50ff153a3de590fa8c6dbf65a,2017-03-09
2996508e094e566883c9b4da24cb4d30,cf77e5af5f520eacce45789f54a49312,delivered,2018-01-30 21:54:57,2018-01-30 22:11:28,2018-01-31 21:58:28,2018-02-01 22:13:03,2018-02-15,f5c4966b33803ed39aaacd1358de8d60,2018-01-30
ab95c133fa91c2393fa23e00e0cbd444,a8fb55ecb0e1dd90ecb6aa4811bcfa95,delivered,2018-08-19 07:41:33,2018-08-21 04:50:23,2018-08-21 14:32:00,2018-08-27 16:58:49,2018-09-03,0c52c4e614254a0f701ca66f417fdc60,2018-08-19
24e1c731364b64c76d98e985bfdbef77,679b47a0e9e57e5f32b43a333b746f55,delivered,2017-01-17 20:38:15,2017-01-17 20:50:16,2017-01-19 09:26:02,2017-01-23 10:38:08,2017-02-27,fd25374ab64dff3da1f5bf91fccd7450,2017-01-17
5e57d61ff3a5b4ce52915cdeb62b2571,6ddaa9388561c7781a4419483c52c2d7,delivered,2017-11-08 19:30:03,2017-11-08 19:47:12,2017-11-16 14:32:04,2017-11-17 19:24:41,2017-11-22,3df11e3b6c22394922f7918cb3f0e406,2017-11-08
9d3bb95e31653d7f709918f0979f6d5a,870fd109261b9ff80198e87fbd70f940,delivered,2017-11-24 00:36:07,2017-11-24 01:10:11,2017-11-27 16:47:00,2017-12-03 19:18:52,2017-12-20,f29694e9cf4c6afe66fa3d69c9ef7af3,2017-11-24
553117c04d1b4458cc519551e04cfd01,70aaa31389167ce3fe1ce664f51841f9,delivered,2018-08-11 08:30:03,2018-08-11 08:45:11,2018-08-13 08:48:00,2018-08-20 21:08:44,2018-08-30,fcc4e7b7fcfebc7204802b5b797bf993,2018-08-11
e359161b033a3071a1f578ff47c8c48c,7bf976a7045a4d8032c71199ee5b3adc,delivered,2017-10-23 13:20:04,2017-10-23 16:46:23,2017-10-24 18:35:29,2017-10-27 18:12:03,2017-11-09,3cb6f7e969608dbb256f71633578e5f2,2017-10-23
f8195b598a0ec6b6abc1c2a06c59f621,2225548e2a47eaf7f7e8aa07459d06fa,delivered,2018-05-08 19:29:16,2018-05-08 20:15:51,2018-05-09 14:07:00,2018-05-14 18:51:26,2018-05-23,8aca2de6c9b73e2c9da56752395ac9ef,2018-05-08
27c9fc42d3018c63a19f1c85d55f4939,ab28b30f39b6b78ddc219af1fa5dcf39,delivered,2018-08-20 12:24:01,2018-08-20 16:10:10,2018-08-22 14:55:00,2018-08-28 00:33:52,2018-09-10,5acaed36f414e9dd58fe1372cc3a51d7,2018-08-20
ff365c0a4e998d21ccc46a829e68052b,7125c98fa677b9de633994997ab0f32e,delivered,2017-05-07 13:17:02,2017-05-07 13:30:14,2017-05-12 16:49:37,2017-05-19 17:36:30,2017-06-07,881a0a4ed61e14e4c9c138f2a1517620,2017-05-07
b0cad7d87be6ed433ef769ece189b1f0,d90b2cd88cdf3e8f99a5966299abd9d0,delivered,2018-05-09 11:44:45,2018-05-09 11:55:21,2018-05-10 15:40:00,2018-05-14 17:26:22,2018-05-25,64d819ec87080e83c38f2281a7450311,2018-05-09
35431beb6e4dc0ce4426a0c9ecac0640,d21146bb7e87bd17fcaccaabea993de7,delivered,2018-01-14 13:11:07,2018-01-14 13:28:27,2018-01-15 15:49:11,2018-01-22 20:14:22,2018-02-08,6051bd75e560b584cb6d3673d92f3c31,2018-01-14
7fc89538fb86a1a09c3e0d809a64f17a,712ac9c596bee080fa8b30ac51b2a4a1,delivered,2018-02-09 11:49:43,2018-02-09 12:10:52,2018-02-14 20:53:56,2018-02-22 15:36:48,2018-03-16,9785e169d9bae3ff57ed05d36a5ad11d,2018-02-09
bd93260007f883f2ee0594503add3025,867acb26df6bdec3856b1be4f3a9c7c4,delivered,2018-02-20 18:23:48,2018-02-20 18:30:28,2018-02-21 23:33:07,2018-03-06 19:26:38,2018-03-13,608743c9259ff42d1b34664e8b831bad,2018-02-20
2d268e4ebabcfdc515366a04056ae384,9133e4ddfde5181a01a0312e6f77b331,delivered,2018-05-14 20:46:41,2018-05-14 21:18:24,2018-05-16 13:28:00,2018-05-23 17:24:37,2018-06-05,29e4b8a35002f9a22daf3e7664046f3d,2018-05-14
29779056b8e8e8dc45effacaef7b8470,5a77f583f8b2edc307192e24ade6d702,delivered,2018-01-22 15:57:21,2018-01-22 16:18:14,2018-01-24 15:46:47,2018-02-08 14:43:55,2018-02-19,f0620b33e896c7e699472c9e12c1d3e2,2018-01-22
5408eceab061ca3e67853759c88a5fb8,9d298d12056b9264fbf5f9adcf8cd4d7,delivered,2017-04-03 02:14:58,2017-04-03 02:25:08,2017-04-10 14:34:44,2017-04-18 17:28:14,2017-04-27,0372bebe6d71cf4dc807d24a53403d2e,2017-04-03
6646811f070a6e46f85c938eb20b1842,2081ff2df7dc6982ff26036f2b7d113a,delivered,2017-11-26 11:01:04,2017-11-26 11:15:26,2017-11-30 21:33:18,2017-12-14 23:12:03,2017-12-18,926b247bcdbced4ca429d3b63934ddc5,2017-11-26
0757cb4ec76f9d0456800e40957db304,5cea701060ead4cc1a096a18ccf19ff5,delivered,2017-07-04 19:37:00,2017-07-05 17:41:34,2017-07-06 11:55:50,2017-07-12 18:12:26,2017-07-31,eb8ace0670e08632f5fe8977b669530e,2017-07-04
f5945e1d2fb8c0e83398780ccd89da61,7bda2f07225f6395fb23b58e2f7a816b,delivered,2017-10-06 19:35:38,2017-10-10 06:34:18,2017-10-11 15:34:48,2017-10-19 18:28:39,2017-10-30,3986b88d5ce3b2d754e3ce81e08b15cf,2017-10-06
ba3a333397102140e9240fd17ff05e4b,7db0da9613a8abf3df20bc935908ac87,delivered,2018-02-18 15:35:00,2018-02-20 07:27:52,2018-02-22 19:32:59,2018-03-11 17:48:24,2018-03-12,b868622ac663b6b51865047c773f4f6a,2018-02-18
1dea7f353eaea6c8a82b26087fabef18,120c86ea1d348cfc04fb2dccf0e116b9,delivered,2017-11-19 13:22:29,2017-11-21 03:46:23,2017-11-23 17:28:56,2017-11-30 03:09:10,2017-12-15,cd3b67c6c2d775a2d54fbfdb551c131d,2017-11-19
0218c7a4fb8d5b1bd22c82b783b8359c,430ec51e3c42def76f0d79a8edb21784,delivered,2017-10-13 12:58:35,2017-10-13 13:09:23,2017-10-13 19:33:52,2017-10-23 12:12:29,2017-10-31,11f78d8517618f460d3a1179f42b6f9f,2017-10-13
1c0c505a4321632f6c47fbd27fe142ed,f8e0526bf1893cc207e9b6283595a35c,delivered,2018-02-05 18:00:49,2018-02-05 18:15:29,2018-02-07 16:08:57,2018-02-15 19:09:28,2018-03-06,7a28ec2e57319849bf4dd47f07f68c23,2018-02-05
cf50674c8453f9984efb699f372e3113,b10a1073410b33ac0982099efe02f067,delivered,2018-06-11 23:17:29,2018-06-11 23:35:49,2018-06-20 14:24:00,2018-06-21 14:18:36,2018-07-03,efb248b580094dda3ef5a4878aa05f58,2018-06-11
48726972f0153574d5167b2db56f5464,8f4412b49832686551c68d31db32e3fb,delivered,2018-01-03 19:54:33,2018-01-03 20:06:38,2018-01-10 23:10:24,2018-01-22 20:45:26,2018-01-29,33f09d9a29fa0a8c7af20c24dc9af3ee,2018-01-03
fe1b5889171fd987d32665de60780aab,b7191cb7678f469dae052021a0291a4f,delivered,2017-01-31 14:19:02,2017-01-31 15:25:23,2017-02-02 10:13:04,2017-02-08 14:47:43,2017-03-07,c3669397ae7ad263e1f3b47d7f2c4ce9,2017-01-31
4b1e9e86e377397f8b305cc26fb038a9,23ddf94544227d2f8d924c2051a6c0b9,delivered,2017-12-05 19:05:20,2017-12-05 19:30:53,2017-12-07 00:45:17,2017-12-13 02:14:27,2018-01-02,725d3939caba3587f5d358c8e9cabb4d,2017-12-05
41217e834e81df08905e128234f22132,4cc238eb7ef21dda1015c1f3a129eeb9,delivered,2018-05-09 17:46:47,2018-05-09 18:13:26,2018-05-10 12:35:00,2018-05-16 16:58:42,2018-05-29,46746d93cfc6ef625b244bcea34833d7,2018-05-09
a39c7815a7969c5a2b73859f2b842f32,37b27530be4ea765cf8d3cba761a53cb,delivered,2017-06-01 10:35:51,2017-06-03 02:25:27,2017-06-08 11:16:30,2017-06-09 11:37:46,2017-06-14,61d7a4bde52b7f2a62ea927a8bb2a03a,2017-06-01
a1e04dff9ea10fdbe31202f5794c9b65,f8d12036818f22bd2f2fcbec27b9e6a6,delivered,2018-07-18 20:16:48,2018-07-18 20:30:25,2018-07-19 15:18:00,2018-07-23 21:03:33,2018-08-07,5feb670eeecbd9b95eb35a1b38acd0e7,2018-07-18
6480f18f7594419854143fa969cd9bf4,ea83c43088d4df128d8702adec29abb6,delivered,2017-12-05 13:04:47,2017-12-05 13:17:24,2017-12-11 16:48:23,2017-12-18 22:28:25,2018-01-08,16924f9438a259fc6a377fce4c9dc297,2017-12-05
f30b0f98bf4dd642e36ee8185aba1329,3b005155a176bb1701edcf9f258e97e4,delivered,2017-07-10 10:08:51,2017-07-10 10:23:28,2017-08-01 12:56:41,2017-08-08 14:56:14,2017-08-17,838553dacf830190d6dbe6e96ecbb5c4,2017-07-10
3b2639c14a48df0a716ce3bb0c9c6735,81d88de363d7b38da09c6600a7993d7f,delivered,2018-08-13 12:04:39,2018-08-14 12:24:01,2018-08-14 11:51:00,2018-08-24 17:11:58,2018-09-04,b09d341ac09f32d00b4721183bf7c0e6,2018-08-13
6dc17e936c09215edf6502467ebd5eaa,b42224a10ce2da43948ca2d2828c8fda,delivered,2018-06-23 17:58:00,2018-06-23 18:18:56,2018-06-25 14:51:00,2018-06-27 19:52:22,2018-07-17,46b1d8ade6686a4ae03e765b85d0fbb4,2018-06-23
67899dac84e7e591ff0edc0d1dd0574e,aea121c7ed7090e3fd711f7e6e74912b,delivered,2018-08-04 23:40:50,2018-08-04 23:50:14,2018-08-06 14:51:00,2018-08-17 09:57:43,2018-09-26,ec68881255e1e36e750fcb69f2315092,2018-08-04
a21d355726140b687ebda5830c68e5b3,a3d6403a83738ed4f708851f0620e1c4,delivered,2018-01-11 16:00:18,2018-01-12 15:11:33,2018-01-15 23:24:58,2018-01-21 19:22:26,2018-01-30,70607b93e471ca19ac3a9bbb2ebb5833,2018-01-11
75d592e235731df502636b3cc6c7d1f4,f55423f2ff6e633b328f58b0288a756d,delivered,2017-08-07 10:30:58,2017-08-08 04:44:21,2017-08-10 17:39:01,2017-08-16 14:34:53,2017-08-29,c531b6e663b7e78227a7cd650ab22db1,2017-08-07
fb81538ad88f59a4eb26ec0627825830,091ff88b45f8e6b1c909a9ca8b0618f7,delivered,2017-03-02 18:16:14,2017-03-03 18:22:40,2017-03-06 10:38:22,2017-03-20 12:18:11,2017-03-31,182d47b668f339c6047445253ffdf0fa,2017-03-02
ca759ab8f22c84329b8dbcb5192ef923,fed6164eb076a32849ac5d4d3cf14480,delivered,2017-11-24 13:38:06,2017-11-24 16:16:01,2018-01-04 20:14:14,2018-02-16 17:58:57,2017-12-18,f0697e6813b23d285c3b3c8c50002fc0,2017-11-24
fc819011d69f31560ff010860a8f0b28,d378dc07d2e8477f4ec8c841756337f5,delivered,2018-03-29 13:18:15,2018-03-29 13:30:29,2018-03-29 22:55:17,2018-04-25 16:36:41,2018-04-24,78ceb4ded6715f7e780ab913431b203d,2018-03-29
e582cfe4b3a98c739d268bea062b2f8f,ae2d20677bad5f0d74cc44d1c1d6d878,delivered,2017-09-28 17:57:25,2017-09-28 18:14:09,2017-10-03 13:57:55,2017-10-18 23:23:16,2017-10-26,6262a6b488bcda7fe06023b98f1355ca,2017-09-28
00ba57ae98928df6ba6ec9d3d8d4b1b7,8545a9b7b5b52bc607f0fe72c7dd323e,delivered,2018-07-16 22:06:13,2018-07-16 22:20:45,2018-07-19 09:11:00,2018-07-26 18:26:35,2018-08-09,6e0547a3483b069df1f0fb2414669584,2018-07-16
4d70edd024b83dac3189ecc2c9d802b7,53798226c7b9a315d93909d3ade79654,delivered,2018-01-18 07:44:13,2018-01-19 16:59:54,2018-01-22 23:19:19,2018-01-27 02:41:12,2018-02-02,9a2a773f825d14c6640c7bbfdfd07d9a,2018-01-18
82f80de0171e33975afd163727d03070,8902d99db31e2ecd6a35fcbb772dee93,delivered,2018-02-05 08:47:14,2018-02-06 05:31:43,2018-02-06 17:05:43,2018-02-27 21:13:16,2018-03-06,67c5ff675106e3c5899bce70c5bd5914,2018-02-05
c7695e0fa70ef0373d4eaa6b11a4a6ef,b63c5f2fdd730a3507ae297ff4832f69,delivered,2018-02-04 22:11:15,2018-02-04 22:29:42,2018-02-07 23:37:07,2018-02-09 21:08:48,2018-02-26,359bd4b13d3d5d19f668486babd62c53,2018-02-04
ebcb5b268095abb9ff8739f83b939864,168b5d343376984732f2f71895766adf,delivered,2017-08-07 15:15:03,2017-08-07 16:03:30,2017-08-08 18:52:55,2017-08-14 17:24:00,2017-08-25,c2ccefc0bb477cae8e2c242fca56a504,2017-08-07
90fc3ed69d3d78dd583b5c5d39196829,8f109845c8197564f9469ac655ca065e,delivered,2018-08-14 08:30:47,2018-08-14 08:45:13,2018-08-14 14:22:00,2018-08-15 23:21:50,2018-08-17,aa8da7430b307f09d3d7779de0530a52,2018-08-14
797758082c81c67fa72cb48448b5225c,c01062aa99eb36cd03b4d85cf49a8ae9,delivered,2017-11-04 15:52:35,2017-11-04 16:06:26,2017-11-06 18:51:44,2017-11-14 01:24:48,2017-12-01,6948c3ead81cb5ad121a53836d6bd858,2017-11-04
65dfd5eb6f5db48fcf9b5e4f5c8f1391,c3d1f7d1843910b559fe6ea1f7f09c7d,delivered,2017-11-01 14:10:46,2017-11-01 14:31:34,2017-11-03 17:13:50,2017-11-08 20:34:45,2017-11-29,cf2eeb3d980701df47a96b80b31bd5ce,2017-11-01
55d273b56003b6897fad01895ef4f482,06691a2638e9d6c12e0e4182a7e5bf4f,delivered,2018-06-06 17:31:18,2018-06-06 17:54:59,2018-06-07 09:01:00,2018-06-12 00:34:49,2018-07-26,b31a94a325327a6510959097a43bd82e,2018-06-06
19b0850bcc97d9186957e4dd2c36ac40,496d45d232b2572ba50dc3a5e1162518,delivered,2018-05-07 13:31:30,2018-05-07 15:32:48,2018-05-07 15:40:00,2018-05-09 23:08:47,2018-05-18,a3e9e6d6f2d4aa1a7c98370dfe6b7372,2018-05-07
75294baf702b2b91d850644b87670ff6,28125582ff9bad05afd11c8d12371e1d,delivered,2018-08-19 16:27:14,2018-08-20 12:29:47,2018-08-20 14:01:00,2018-08-23 18:36:50,2018-09-10,548813ad372f248c09314398604e4357,2018-08-19
03c6017ed63622d5a2ddd03fd0b1fee7,d7237be0a5e4b9247fc4d6e2dbdee6f0,delivered,2018-02-15 18:57:58,2018-02-15 19:10:31,2018-02-17 14:04:32,2018-02-28 19:34:05,2018-03-12,f382ea55b9bb6cbb6d1d7f340b096940,2018-02-15
a42e31c24c15dfa40b3b5179c811f43b,94384c84cc16bfa2d08be7bc9ed690e0,delivered,2017-11-21 19:50:54,2017-11-21 19:58:55,2017-11-29 23:06:24,2017-12-23 17:51:25,2017-12-22,d495db6ce5247658978f0173c09af319,2017-11-21
7806407a20e7d38caef6b35ea7757142,c52f8523a6448c43354e5ca966f61e4c,canceled,2017-11-14 21:58:32,2017-11-16 22:31:07,,,2017-11-28,5b8e2b1579f85b73591611c56267d7f7,2017-11-14
9029e2cb1f2898b0ef72bf80e25bef8f,be58b8a3614044fda9a604cf3e998c50,delivered,2017-10-17 17:11:53,2017-10-17 17:28:25,2017-10-20 17:51:19,2017-10-27 11:31:47,2017-11-03,b54a57fc256ee09b72f4510acf55515b,2017-10-17
eb6f144be5873df2f35c4de6df60735b,5c20865188785e6f1386c397a2741f89,delivered,2017-10-31 11:14:30,2017-10-31 11:30:32,2017-11-02 00:23:44,2017-11-08 20:37:02,2017-11-21,148081f1aad5bd78f975cd05286dff97,2017-10-31
db34c05a3a62253b75d21d5383f7f094,c34527f7e4e6e1af21c875a28db6e84c,delivered,2018-06-24 14:36:00,2018-06-24 14:55:05,2018-06-25 12:12:00,2018-07-06 18:04:33,2018-07-23,5ca4a66089082ffa052945c696b13dcf,2018-06-24
4e07f3bba6882deffa23c043baac93c3,87c1595396829625fdbb8420094ac831,delivered,2018-03-29 20:33:53,2018-03-29 20:47:29,2018-04-16 16:17:18,2018-04-19 17:08:30,2018-04-30,75b4c054dbce43062d94114fe56bc159,2018-03-29
ab9617b6232f2ae10e536212f4525e57,b0b7032f7d2fa1febf5fcec4b3d4349b,delivered,2017-12-11 22:45:11,2017-12-13 02:51:05,2017-12-18 15:18:41,2018-01-04 20:28:08,2018-01-05,68f996b25ce65102866aae09a641b3d5,2017-12-11
3cf5c56e5c0540ca1988e8de2f98fc75,5931bcaa98ca60005439bc789e47ab6c,delivered,2018-05-09 11:16:48,2018-05-09 12:14:47,2018-05-10 14:28:00,2018-05-16 22:03:03,2018-05-30,27667934aa9901bcaad1fe937155095e,2018-05-09
9f24a452d2f08d94503f8755cc845362,825803c33fe215e80ac490cc7ea55813,unavailable,2017-09-04 02:26:00,2017-09-04 22:30:15,,,2017-10-03,4b2534468685b1d75b27b711da73f59c,2017-09-04
db207002d58fe7f53935e30c37bbe862,400d5d5faea0c6f2ed476d635680373e,delivered,2018-08-01 21:27:39,2018-08-01 22:31:21,2018-08-02 12:15:00,2018-08-09 16:08:29,2018-08-29,1d26d43e612184322bd534abf62435f8,2018-08-01
42f59e16260400b61de263422f347ef4,79e9e3045681a5b732e05d595a74f10b,delivered,2018-02-11 20:44:04,2018-02-11 21:20:21,2018-02-20 00:00:50,2018-03-06 23:16:51,2018-04-02,94c41896e17a558189de6da770eb229d,2018-02-11
db8df3ead7750558f8809a8f1c031f8d,acb213efb7ff983754aaa5d643e4578f,delivered,2017-11-12 19:16:30,2017-11-12 19:30:48,2017-11-14 21:38:58,2017-11-20 13:04:41,2017-12-04,0ebadee2a83f3f4e0c2b9a3731c7c088,2017-11-12
fcaf7752522fa61b23a80737d5b5b312,37975001f0bc8f900dfeeb40a2b4e303,delivered,2018-02-06 15:01:33,2018-02-07 03:10:06,2018-02-07 17:43:23,2018-02-14 21:34:36,2018-03-02,f9751d07d96dfb9372734b69cb21213e,2018-02-06
be27ab7c550fcd6a7988396258c309f7,8395969c05c3191c6c0af2619e7a59c5,delivered,2018-05-26 12:31:25,2018-05-26 12:58:24,2018-05-28 15:55:00,2018-06-02 13:40:51,2018-06-28,7a3c2c001de18686d8f87037b28ad0ec,2018-05-26
4adfbdf6a5a3abbc6e4ef24e48d6ef0e,f3c82047aa4068a2b028e138db4df0f6,delivered,2018-05-01 21:50:35,2018-05-01 22:16:31,2018-05-03 07:57:00,2018-05-10 20:47:02,2018-05-25,6409bccd4062c7105e9fd94c9a72082c,2018-05-01
076594c6ae7f8e1157b7321c148efa86,8c4a94e823813e9e03460f5f42ce4fe8,delivered,2017-07-01 09:43:49,2017-07-01 09:55:11,2017-07-07 18:44:45,2017-07-20 19:09:47,2017-07-31,be4656d02bf1e9d6663764ac9c7909ef,2017-07-01
c1310d06e793969c9dfc72a433db577f,412298dcdcdf0447d852b9c1542e655d,delivered,2018-02-22 17:02:38,2018-02-22 17:16:07,2018-02-26 14:32:57,2018-03-22 14:09:03,2018-03-16,2a4fef10640069c57bb9348ee85542aa,2018-02-22
eca3561eac6b93f245edb7367ed7160d,dea26b5bc7f1d5fb063b030015ef482f,delivered,2018-06-04 20:31:05,2018-06-04 20:50:49,2018-06-06 11:30:00,2018-06-07 17:32:41,2018-06-28,a479373f48aeaf64b84ab40f50028f6b,2018-06-04
603486ac402cf457884d615c5bb8971e,a3ec152a60876934145cbaba40e543f6,delivered,2017-05-25 23:53:14,2017-05-27 02:45:20,2017-05-29 08:43:42,2017-05-31 16:12:10,2017-06-14,0b3a6b783d6625857a9137094715cf5e,2017-05-25
0462bad26ccfb8508951beb9ea398ae1,b1449a43a666cba48f485fff0a509b8e,delivered,2018-01-01 08:37:46,2018-01-01 08:48:19,2018-01-02 17:42:48,2018-01-23 18:15:19,2018-02-09,9443ba3216ed3d0c97bc6f688b181e3b,2018-01-01
d552048b782d11413b8f34ebc2d9d148,49e816a7f6d26d6433da89ca8e671418,delivered,2018-03-29 09:58:28,2018-03-29 10:15:13,2018-04-02 20:22:44,2018-04-03 22:35:09,2018-04-11,d03fe7297f064778a75008b2b3dec7ed,2018-03-29
8da3063f18b30c590bab1b8d083b03fd,6d611cdbc4cc0607f840cfbb7ae94f56,delivered,2017-09-10 19:26:12,2017-09-10 19:43:28,2017-09-12 13:07:48,2017-09-19 19:28:08,2017-10-02,e8fee231a8a4901e2b0b5a2324eb1405,2017-09-10
a40c4b7cef76fa945aaa465b7d13c1ae,0b5a1629eed016661c0b65ad74c64965,delivered,2018-06-28 12:57:41,2018-06-28 13:11:08,2018-06-28 15:22:00,2018-07-03 20:21:43,2018-07-12,0cdc6bb18b566d7ef6635a7fcae5b312,2018-06-28
d1e70a2caefe08771e0acbcf89df4900,9e126ac32c9fbec527dc3e9047d2dc7b,delivered,2018-02-28 15:41:53,2018-03-03 02:50:37,2018-03-05 21:59:46,2018-03-28 22:48:49,2018-03-26,3e1b36c213f60580d21d15530abd8573,2018-02-28
346802bf9d5846f06ec97c90b92af095,37fffa07ecd4388252d485b3eabf0d68,delivered,2017-09-04 11:22:46,2017-09-04 11:31:38,2017-09-07 00:29:57,2017-09-19 19:07:11,2017-10-03,741bf8c5b7ad7356fe624294bff29920,2017-09-04
293bc7dd9611917b0037860893adb256,e86cfb0048512f8e1b9a418e4e2235f5,delivered,2018-01-28 20:09:15,2018-01-28 20:17:30,2018-01-29 19:15:26,2018-02-06 21:35:40,2018-02-14,670c1299a10ffa50d42bf7d289c6a847,2018-01-28
cddae6b27b19d9567cff159df9498da1,7948f576eb56be65ffc4a0d4e40387b9,delivered,2017-10-09 13:58:59,2017-10-09 14:27:12,2017-10-09 22:47:46,2017-10-17 20:49:54,2017-11-03,986bad28ecce08f4d9bd02d7d1508be6,2017-10-09
6ee745e53a6ca0336b04b022ac01ac73,d5ed95e0e0e9e8aa11659f41ab6534b3,delivered,2017-10-03 00:46:01,2017-10-03 00:56:13,2017-10-03 18:45:06,2017-10-11 21:56:31,2017-10-26,719a09b8a1b5dd4f44c6f7a837476231,2017-10-03
c10214f41bb82f350a4a7f135c97f0b2,67e3cf0f18f3aab58e1ff2aea7667845,delivered,2018-05-01 11:24:21,2018-05-01 11:59:11,2018-05-03 16:51:00,2018-05-07 18:35:58,2018-05-23,d90e67639f62cd7e13ccec06de1d5cf4,2018-05-01
9ab8b682f4ecc3c07216e7376007829e,7e660d547620c36235229542ae7bdcdf,delivered,2018-04-21 13:35:57,2018-04-24 18:56:00,2018-04-24 16:46:51,2018-04-27 18:06:34,2018-05-16,99e444fb749aba33094f0ffc80cbfe74,2018-04-21
fe19b9548cc24e156387100515c5534b,89942dc468e3a820f4395a98761fdf3a,delivered,2018-05-20 22:43:50,2018-05-20 23:10:09,2018-05-28 15:30:00,2018-06-07 20:18:54,2018-06-28,89350f232e7d53c299459cc64024ec9d,2018-05-20
cd2827ebf0110d1e9a7495cb028c14af,dce38f01fa48a5575a26fdd8b9c26ee2,delivered,2018-05-04 08:40:32,2018-05-05 03:50:20,2018-05-07 12:31:00,2018-05-17 16:21:05,2018-06-04,ee48bfba35121a1d6aeb4455e4d9d9bf,2018-05-04
ae08a6e1781c8a44dfa832b70594a0d4,15277d2b8246076738b151b03cd2ca0b,delivered,2017-05-22 13:13:27,2017-05-22 13:25:14,2017-05-23 09:11:26,2017-06-07 15:38:48,2017-06-16,3060855a01a873a1ee2c98b56089f624,2017-05-22
a769cc9f5becd92358f5d4604e17e806,d7d395c0faef4d563b081f146512a0b2,delivered,2017-11-06 20:33:54,2017-11-07 04:32:36,2017-11-10 20:52:43,2017-11-23 00:26:52,2017-11-30,0b046317996aebdb7c05c8748a56c97c,2017-11-06
b56dae14729d912e3b87e6bc76be9c0d,17dd3ef8f3646271ba727819c3c085e6,delivered,2018-05-01 22:30:27,2018-05-01 22:55:27,2018-05-02 14:07:00,2018-05-14 22:31:58,2018-05-29,e200e8fd152f9ed3bc444aff30961d70,2018-05-01
18bfcd3049f8effbdf7a7e9b11d07f38,7b7d601e3afe9a8b3671f05c5feab78a,delivered,2017-09-09 19:08:21,2017-09-12 04:46:07,2017-09-13 21:09:53,2017-09-26 19:55:04,2017-10-03,f3da06e0291a73f2ae7d40029c91fc09,2017-09-09
a0ec2470862d2c4a1e6a4059cf80e330,01998a22ca4b0c83aa13f2e8bec67c81,delivered,2018-06-25 16:14:56,2018-06-25 16:38:13,2018-06-26 13:03:00,2018-07-04 01:12:36,2018-07-31,1d077f9fca72599b35fd98c617d458c6,2018-06-25
4fd2c689dda2edbc8c11a796959a1d24,14413e54e206d9d58a8e338dbda158a7,delivered,2017-08-28 21:16:50,2017-08-30 02:05:16,2017-08-30 21:00:10,2017-09-04 17:07:32,2017-09-25,66a6a17474f16d1bdcd03344f41cbc5e,2017-08-28
2aef043f46add78feb545aa658c06d3d,f2d1a5ec0f849f0c6face669f63dbb0d,delivered,2017-05-25 09:00:16,2017-05-26 02:35:33,2017-05-26 10:38:44,2017-05-31 03:37:41,2017-06-21,dbfdf8d2894578942f39125c7c5a17ef,2017-05-25
e601f404ef484e156f2242dc5ebd5554,e10cea5ba6297bd8736856b0ab6bde8b,delivered,2017-11-25 19:06:49,2017-11-25 19:16:33,2017-12-08 16:48:55,2017-12-14 19:07:59,2017-12-21,4714c6b809db8b92eaa6a690b9cb6e3d,2017-11-25
33fc608633261bfde6d48fc0a431f14f,eb182e82ac7e70870ad5e0ccdfc4bede,delivered,2018-06-01 23:49:35,2018-06-02 00:12:17,2018-06-04 14:46:00,2018-06-13 17:18:43,2018-07-12,80be8115b1239a9756aa538b49235bb6,2018-06-01
116499c6f5aa0822fcfa4f8aa8b194b4,d985e4c7c359e689eee39608fff97cb7,delivered,2017-11-28 15:32:25,2017-11-28 16:03:01,2017-12-09 00:35:24,2017-12-27 19:52:21,2017-12-20,1cafce36facffdac1067b9f27dc52703,2017-11-28
2261ff9e6868359245db75320f7e768c,01592d05fdd8a6deb7716ed80a0d18a1,delivered,2017-11-29 23:56:39,2017-12-01 11:31:46,2017-12-01 18:34:17,2017-12-04 18:23:25,2017-12-15,ba0c4da87f8b5170876eb429fde7613d,2017-11-29
c7b0be5584c50efa8a9d95d3eecbece3,d7c6f5abd3a5d2d8104fcfcd7d532537,delivered,2017-03-01 11:44:37,2017-03-03 02:35:40,2017-03-15 15:59:26,2017-03-20 06:15:33,2017-03-29,0326524848da9311350236471586bd61,2017-03-01
1c2764ffc47114baa4f45f92b19ec458,4c0d7cf1595c2e09a3dab5b773475c4b,delivered,2017-05-05 17:02:14,2017-05-05 17:15:19,2017-05-09 11:27:15,2017-05-24 11:48:07,2017-06-07,66fc2397a04f6470a941a6926cc71315,2017-05-05
dbd6d0d4696586fb1be53b1e8d1ed2be,e64d695b052ba75d2a0052ef2a1383fa,delivered,2018-05-24 10:01:26,2018-05-24 10:19:21,2018-05-25 08:30:00,2018-06-07 18:46:33,2018-06-25,1330753983ea42c07ec2c00d89592d01,2018-05-24
123bf681d8f2bbf410339ccef14d9c42,0300bfbf1ddf99a37c01bd52639e40d6,delivered,2018-07-04 13:31:42,2018-07-05 16:35:32,2018-07-05 14:01:00,2018-07-24 13:12:38,2018-07-30,de82de596de00f1b35a21443dc496c23,2018-07-04
9acd1ccfbc6445c0cad9ee9ddb48054c,8e5b95cc9167186235d12c22e7d79015,delivered,2017-04-19 16:07:44,2017-04-19 16:25:17,2017-04-24 07:14:27,2017-05-05 14:03:02,2017-05-09,d2aa8b5d0b07aa8079f5cc2f0d6f8a99,2017-04-19
68572b22ecec176d1f7c9fafe7ed15e1,154ab3ef96638c6c629b5cdb758e4afd,delivered,2017-09-21 09:04:59,2017-09-21 09:25:37,2017-09-21 19:48:16,2017-09-22 23:46:10,2017-10-06,5f5c557d3e64d9304d012b07373d0d3e,2017-09-21
d599833347cf704c11f7abd88b0f5194,9b07642438e9eacf96571117388677ed,delivered,2018-07-30 09:08:42,2018-07-30 09:44:34,2018-07-30 15:47:00,2018-08-03 15:37:38,2018-08-09,7a93348c9618a6e9d155ab098399fd55,2018-07-30
4ecf6d1c743c3a78cb1e0d1da3b9ebb3,68655b8d6c4419cfa83a5ec9c162f297,delivered,2017-07-18 11:41:12,2017-07-18 11:50:21,2017-07-20 14:12:25,2017-07-28 22:02:57,2017-08-16,607c353644b6dbd5a5324975ae4dea76,2017-07-18
c236814f448d4536d236cbe7e34f94b4,247c9865f4c7ebf8f3bdfe24f8acd8e9,delivered,2017-10-29 16:14:47,2017-10-29 17:01:19,2017-10-30 20:36:53,2017-11-16 15:14:46,2017-11-23,6cedfe5a1784562eb0b8a063d62f2c29,2017-10-29
31a5a68f9d077c999f8b5b3dc297989c,9c12b9f4ad1fc695394e78cecb8bb51b,delivered,2018-01-02 13:45:02,2018-01-03 04:18:21,2018-01-10 17:59:30,2018-01-20 16:13:10,2018-02-01,580561d937f063a0c4ffe1e4832df2f5,2018-01-02
ae60d8ce9aa713ec6cc02a1b15e6759e,6a8e32e45208a7e5bb55c5f84ef10e53,unavailable,2017-05-30 12:07:33,2017-05-30 13:10:38,,,2017-06-30,924ff59a67457b502f4b9cad742087d2,2017-05-30
f717c8f177b0e2927fb48196bc6b6383,a7f60f86d76ce82c5976dc7a4405b861,delivered,2018-07-23 21:19:59,2018-07-24 21:15:11,2018-07-25 15:04:00,2018-07-31 19:52:01,2018-08-14,73b1e8a7c2ed35a30417e49847d458cb,2018-07-23
ddaacb72e21c68c2863a84aa4b3e281d,0a00fd16d3a68e73856892a6a30201f8,delivered,2017-10-20 15:37:43,2017-10-20 17:28:31,2017-10-23 17:27:39,2017-10-24 20:28:56,2017-11-01,3d4ed585a581257fba784ab1a94190b8,2017-10-20
280b1ac31119367d8766fcd8eb8b38ce,adeb195020fed323f0d99bb649332085,delivered,2017-07-18 23:34:05,2017-07-18 23:45:16,2017-07-20 20:15:29,2017-07-24 20:36:56,2017-08-07,55bb89d4c9e83251c6d298c9105e240a,2017-07-18
19a2042d6f6af92a3c6312d3fd7a70c4,5e30d48d4f3d910fa07b4743d6e40fa6,delivered,2018-04-18 18:23:32,2018-04-18 18:50:18,2018-04-19 22:08:48,2018-04-23 20:32:58,2018-05-10,2ada528f1766009a910fb4c3828183b0,2018-04-18
3d0edcf47a5092f12524fc91a5fbdaee,309febb1a67feda3393b24ff5434355d,delivered,2018-04-24 23:17:31,2018-04-25 00:00:05,2018-04-25 15:20:00,2018-05-08 22:32:54,2018-05-28,546617cb179bc267054ed9e5b262ce58,2018-04-24
5667755369e8d8198dc1ecabb443abf0,a39eb3668ac2b1229860e6f13e4a093e,delivered,2017-10-20 20:52:38,2017-10-20 21:05:31,2017-10-24 21:07:43,2017-11-20 19:34:19,2017-11-22,55561c5398f644830ecf3479738c3cb7,2017-10-20
ee950b52f88b7665e4c1beda95b03b78,22230a34b8814bc412e5caca88188f48,delivered,2018-01-19 09:38:37,2018-01-20 09:10:04,2018-01-31 11:42:28,2018-02-19 23:23:04,2018-03-02,ed40f4e9347c913a17c97a34099d38b3,2018-01-19
0f070c89e1bd81ad150167f1c656a49b,24c62f7eb78d839d81364907596e4e94,delivered,2017-11-24 16:30:49,2017-11-24 20:32:31,2017-11-27 23:38:53,2017-12-19 17:41:48,2018-01-11,428a69fe9714859c412bfd68251b822c,2017-11-24
92bae9939a0e16250bbf0e11d6827228,9db4cbac1c8f78c5fc7c0b4e9f90f60b,delivered,2017-12-07 16:14:44,2017-12-08 02:53:50,2017-12-13 20:19:57,2017-12-27 11:46:54,2018-01-10,ce7cc66766156b9a0a9d6b6b3bea0442,2017-12-07
5b469b3ea9234b5dddd05acdf0b45849,863448d5dde6f842bcea5bcafec507f3,delivered,2018-03-18 18:19:51,2018-03-18 18:35:26,2018-03-20 19:41:55,2018-04-02 22:52:45,2018-04-05,43069068a21981fedb72d1985fc81616,2018-03-18
930c438920322d999f81073398288381,e62cf9e803aee2389d750a99f8a2986e,delivered,2017-08-26 17:21:49,2017-08-28 11:25:20,2017-08-29 20:23:26,2017-09-02 15:17:23,2017-10-02,e5f6bf6e4999102bc5405eb858869122,2017-08-26
191fa27b2a907e113d60ddfd7dc29696,9c04b06940dd762c639ce63ce827caf6,delivered,2017-06-10 21:50:43,2017-06-10 22:05:13,2017-06-12 17:57:52,2017-06-19 19:22:27,2017-07-07,606441378b517f9eeb89f9154a1c4d4f,2017-06-10
1cbd4699bdc656606f114d4710bf87bd,c60c8fbf339ecb59f31f57d6efa750a1,delivered,2018-02-27 19:15:16,2018-02-27 19:30:26,2018-02-28 21:42:48,2018-04-17 00:32:22,2018-03-29,9b5c4a6d33668a0d610ae8b8e7331a2f,2018-02-27
0755976647cbb58f1c4aeabeed997490,c056ec712e18300c0e2d49101fca0a80,delivered,2017-07-10 20:00:48,2017-07-10 20:15:14,2017-07-11 18:09:33,2017-07-31 11:23:45,2017-08-11,d46f760de99326ea2d7e1621d7075ed2,2017-07-10
d2e81202cca4ca39792d6ec435a4bfcf,e840e871f0ff8a442dfcf7852905a6ca,delivered,2017-10-14 15:13:03,2017-10-14 15:28:07,2017-10-16 15:57:17,2017-10-17 12:34:02,2017-10-26,036720aaa0ccc7d3c63a5d7e5729b6e8,2017-10-14
f2a51fb7a0d5651178c11509d8d98f5e,c52d49541e95efb5f54fe6b14295c3ce,delivered,2018-05-22 22:47:01,2018-05-22 23:17:39,2018-05-24 13:21:00,2018-06-04 19:57:21,2018-06-14,7bdaec9d7704d9abf914bb357be76a14,2018-05-22
ab6ea89ab2dbf39322353c4bfcbe33de,e72c4d36b517cd9acae9f519e3f9738a,delivered,2017-11-11 22:16:52,2017-11-11 22:30:25,2017-11-14 22:21:40,2017-11-23 19:45:58,2017-12-06,a84c2369d0550329ec9509ed225e210f,2017-11-11
5455f9b2863b5e33f55d0fb3894e1bad,5256eb769f0ee97e182010734e1b1409,delivered,2018-02-08 21:26:31,2018-02-10 02:49:34,2018-02-15 00:33:24,2018-02-26 12:22:53,2018-03-05,872fea2a0b6382311a124318cfd3aa77,2018-02-08
319d398b7ec933febdefe3104dcb8679,ab8cb67d593249c068209ba6f8b79a81,delivered,2017-09-19 19:52:22,2017-09-19 20:05:50,2017-09-21 17:48:25,2017-09-26 19:43:41,2017-10-16,827b555bb023de4e3e0a593d365a786e,2017-09-19
37cacebebb14aa6cdc982d4eb40b9441,366402da97c45a2f443202af1baff526,delivered,2018-04-21 12:37:03,2018-04-24 19:24:11,2018-04-24 15:49:39,2018-04-25 16:25:48,2018-05-08,47c67011872856871d6f7a6d594c5bf4,2018-04-21
32c37ffb30a6db200041e5603d1c23d5,b1ed8cfd988e2b0991c7170ce9f183e4,delivered,2017-12-09 19:07:28,2017-12-09 19:14:25,2017-12-13 11:39:22,2017-12-20 17:52:27,2018-01-04,b209eaffa2dafc66ec578e3b7c1ee790,2017-12-09
4af6ca2a69957cdc073ddf26d1900ddb,096ecce73f38110822bb4a4bd9341e37,delivered,2018-05-25 16:55:13,2018-05-25 17:12:09,2018-05-29 12:19:00,2018-06-01 13:11:29,2018-06-25,0ad7cb4f48f2a2cf5080e3c19c7cf98c,2018-05-25
11a3420ffa1e206ca23637df7176501a,e63ddfd77645004db43c2685513e92dd,delivered,2018-05-07 16:41:48,2018-05-07 17:56:37,2018-05-08 14:17:00,2018-05-22 22:51:47,2018-06-04,770b0fad89aa88629804fb744089a569,2018-05-07
48c0a263a6f5c112effbec24abbd468b,0f4a394b91654a290ad0e948e0eeeb88,delivered,2017-06-27 11:54:38,2017-06-27 12:43:40,2017-07-03 15:19:53,2017-07-12 17:15:43,2017-07-28,f95cd890258c20a784c1bef73ce28275,2017-06-27
ae4f9895e6602f33d89aff8166cf9346,2b572b45934f53e724ae672aa2a7ceb1,delivered,2018-06-01 13:03:01,2018-06-01 13:15:22,2018-06-01 14:48:00,2018-06-07 16:41:56,2018-07-12,17c9ae49ef0e4b3597e57d2405a8f128,2018-06-01
897ec6416d50126a9061626f0fc2d658,2dd769df72fbd8448297d18c48df7b92,delivered,2017-04-20 15:05:38,2017-04-20 15:21:31,2017-04-24 07:52:21,2017-05-18 08:06:47,2017-05-22,6e9d7c002cb4603011d3e83033b01878,2017-04-20
4deb2316dadf42f0daa6b8965d384ba8,b22ca452dbb41139048975084d8a8f1e,delivered,2017-01-29 14:46:06,2017-01-29 15:31:07,2017-01-30 13:22:34,2017-02-06 14:37:20,2017-03-17,1e13be066b12fd9fd852bbbfb790dfae,2017-01-29
036ea72a17833a6fbbcd3e4df8250292,c805f98a53f91cc2794ca2402fde6cd4,delivered,2017-09-05 06:12:11,2017-09-05 06:24:16,2017-09-13 18:53:36,2017-09-25 20:03:20,2017-09-28,06caeb75009153db427a6098d7974115,2017-09-05
26270398457731cfcecc0585e20bd45f,0e68d1ae54be868f7b4193684e0947ba,delivered,2017-05-14 17:33:19,2017-05-14 17:45:12,2017-05-18 14:06:55,2017-05-25 11:15:08,2017-06-08,65a7a9698de98ed9d655c3060c321197,2017-05-14
90423fbde022b7991066ba965cfe537d,8bca3a85b44a76353af3b18cffb13b2b,delivered,2017-11-22 23:03:14,2017-11-22 23:13:30,2017-11-24 21:12:04,2017-12-07 23:02:56,2018-01-05,e375ec312dc8f13ae8424527ca2397d8,2017-11-22
181a9d0dbee29b580a407cf2ccd80570,2cc7268593ff3c42007d3d64de2c809d,delivered,2018-05-06 20:04:18,2018-05-07 09:35:21,2018-05-10 12:27:00,2018-05-16 14:38:59,2018-05-30,ea09b32bf96ba057088e140c6bec60da,2018-05-06
e76486ae393e8df3d75bf770d3fc6407,898386769135789e940bd41b9d751b85,delivered,2018-02-21 17:36:27,2018-02-23 02:15:48,2018-02-26 23:03:36,2018-03-10 12:58:24,2018-03-20,94ece845c882081a618937eadb7fc0a4,2018-02-21
cb34373a94597d015349cc3712b348ee,487da2f80e8f4c2c7c0e1279d113e35a,delivered,2017-05-24 22:17:27,2017-05-24 22:30:19,2017-05-25 11:45:29,2017-05-26 09:04:09,2017-06-13,5568b035cb36880273bd32d40c7aaa05,2017-05-24
a9a06f91b00b0fa78f7f445311fa0881,8dadff39785f12f024ca4af07bb5077e,delivered,2017-12-25 10:41:30,2017-12-27 04:08:42,2017-12-28 18:39:11,2018-01-03 17:13:18,2018-01-26,1095295449892204c366ea4e0f78c6de,2017-12-25
5379f5de2b072f7848c401ee756d5aba,493d122f612d9b8b7499a1054354ec2c,delivered,2017-06-24 00:01:49,2017-06-25 00:50:21,2017-06-27 08:42:10,2017-07-05 13:39:59,2017-07-20,22f575d994d55dea0a6e8e42135cb4fb,2017-06-24
1bbda6dbb533293df7320c4f62b6e897,29c08f241b8cc5260d961b2375afda32,delivered,2018-05-04 19:10:26,2018-05-04 19:34:12,2018-05-08 06:32:00,2018-05-15 20:44:08,2018-06-01,5bcad71b7324e8e45e079e34fb4d1d0b,2018-05-04
1087ede9a334cc652bfecf7e944aad0b,90022669c773334bc88a7f36e5356c5c,delivered,2017-10-16 15:28:12,2017-10-16 16:07:50,2017-10-18 15:51:51,2017-10-27 19:09:43,2017-11-09,50b7c6b058bc386f4a414fa9f63352e1,2017-10-16
5262eaeb971616ffef822379ed91896f,35f335e770081fe4f2df0a8e7e7a2888,delivered,2018-06-08 18:51:03,2018-06-08 20:43:58,2018-06-11 14:33:00,2018-06-25 18:42:45,2018-06-29,75b19206075ccb2b6f9f9994481c32bd,2018-06-08
b552bf4c093b6c4804fa08eaee94a786,e346b26187c9fd7380d7cb6b11a0581e,delivered,2018-06-21 09:36:30,2018-06-21 09:59:08,2018-06-21 14:13:00,2018-07-23 15:48:43,2018-07-23,a3e9df44f0c518263a1513f7a03b2a0d,2018-06-21
0882461df7b87e99ede0ca735cf32e00,be9ab6439b46e597d921dad9db0d23d1,delivered,2018-02-20 17:30:50,2018-02-20 17:47:53,2018-02-22 16:23:01,2018-02-27 17:36:50,2018-03-22,b349d03dade93dc07d9cb0409e326f04,2018-02-20
74c7a458cadc2f76c4ec8354d32d0d9d,d0e9af3f0e38afd1371f0066fb9857f9,delivered,2017-11-01 11:48:48,2017-11-01 13:15:20,2017-11-06 19:17:31,2017-11-14 20:23:06,2017-11-27,278c74f960feeb2f4743d48a70f9bdf8,2017-11-01
d49ed6b5b1dd31d720b321ff3f3874f3,a3e48975d6250420ce214a7f3c7ebefc,delivered,2017-08-28 22:07:36,2017-08-30 02:24:56,2017-08-31 11:07:45,2017-09-08 17:57:59,2017-09-22,4107e2bcdb42c47591f1c40b67a8826a,2017-08-28
20020569f2b852ebd114b1373fb82aa0,9b665a2a798904a4f68c8b09f08c65dc,delivered,2017-11-07 00:32:03,2017-11-07 06:31:17,2017-11-09 21:29:30,2017-11-17 19:56:26,2017-11-27,8a36caf2ed634c8838b1f679359bec97,2017-11-07
588ae5afdb6a80a74e552cb5c59ba7ee,84d7fc1855828ec6618e352ffc20aeaf,delivered,2018-07-05 12:34:36,2018-07-05 16:11:40,2018-07-10 08:26:00,2018-07-13 01:58:45,2018-07-20,6b9a4c04a3dcc3415b55aebdfd499be2,2018-07-05
23304de05928dfbc015af4c7327fe0ad,a68262ca1274f00f43ae47bcb071eaa8,shipped,2018-06-17 12:29:42,2018-06-17 12:58:38,2018-06-21 12:15:00,,2018-07-03,4a685dec8ece3248354aab7bd2111080,2018-06-17
3af58300549c324fa418f079815fc952,be0b9ebc5a6063c689151c824e2730a1,delivered,2018-05-23 17:45:41,2018-05-23 17:55:58,2018-06-04 15:37:00,2018-06-08 17:16:37,2018-06-25,c690c0f509143039a808cc93aca2d9f0,2018-05-23
3eeeed9128175465db94d6c2406b5b39,05af51fbd839dd9f05c0e07f16e971d4,delivered,2018-07-20 13:47:30,2018-07-20 14:10:23,2018-07-20 14:48:00,2018-07-30 17:19:42,2018-08-08,fff3e1d7bc75f11dc7670619b2e61840,2018-07-20
d1d5e63e127f2c8bfa668d7073a89299,e7a176d12640c42f1d6f356d34adc673,delivered,2017-07-17 14:34:02,2017-07-17 14:45:26,2017-07-18 15:06:58,2017-07-21 23:14:47,2017-08-01,881ab91d042e5dfe9a917e47573845f9,2017-07-17
a2190a9035b404ef0f2156e0f0f06905,99d6b56ba50117ea38b58e27f9ddf3ae,delivered,2017-06-02 10:32:47,2017-06-02 10:45:16,2017-06-03 08:03:06,2017-06-07 10:42:53,2017-07-03,0751ebe1c05ef7a632934adae06c6d4a,2017-06-02
3c87c321032c0aad76143340499b6b55,d09d7d280cc60fca783c876f460d43a8,delivered,2017-11-21 15:11:07,2017-11-22 03:07:01,2017-11-22 16:02:52,2017-11-29 11:28:39,2017-12-07,304d32ab2f15a2ddc763e5eb70c268aa,2017-11-21
71c3e399882c5bab8e8b576ee1558da3,d965386e31405790ab1bd90955c7e53c,delivered,2017-11-23 21:58:35,2017-11-25 22:39:36,2017-11-28 14:52:55,2017-12-12 19:33:11,2017-12-27,09ec548c1b705c8d4692d87f049ace18,2017-11-23
a1a621e58a950260915df6e0b99fc155,a2f671aa98a5a68d022c3fe24e91d6de,delivered,2018-07-13 12:35:28,2018-07-13 12:45:15,2018-07-13 15:58:00,2018-07-24 20:03:32,2018-08-10,27bf54d5c1b529c68440b0276626eacc,2018-07-13
07b9098123333f897ad332b7c9c3820d,550fdfd5b0a7423ce63232c284993145,delivered,2017-08-24 19:16:50,2017-08-24 19:25:22,2017-08-25 19:47:41,2017-08-28 17:04:51,2017-09-06,37f2ad2df9d8b31b3075d61dbe915ae6,2017-08-24
e0a50ed7a5ce30e34da29ca222748a5c,a1a1bb8cd2a8b95113fabfbc60877e00,delivered,2018-03-12 11:41:03,2018-03-12 11:50:33,2018-03-13 20:33:07,2018-04-03 17:10:50,2018-03-28,e3e2da04b338a61fd9bab388565f8347,2018-03-12
242145b8067ab8aaa40c2da8d98b929d,3397324bae6ec84322ebc64bd683db0e,delivered,2018-07-30 14:36:10,2018-07-30 19:32:22,2018-07-31 15:39:00,2018-08-03 21:56:43,2018-08-13,e4e0b47eda7e31ba5c8626b5dd11c25e,2018-07-30
aaa265fdfcd9930f13edd14cdacd47ef,c4bd6a14690ef25b936bda7861e2e74d,delivered,2017-03-22 13:54:58,2017-03-22 13:54:58,2017-03-23 13:05:37,2017-03-29 11:52:24,2017-04-25,bd696e11daa7aeee5f08ef9612677281,2017-03-22
ee38c54d242516c9f651c8097815f90b,44da373b19e935a40f257bae42c3f04b,delivered,2017-10-26 10:02:13,2017-10-27 02:55:21,2017-10-27 18:53:59,2017-11-01 17:09:56,2017-11-16,7232d1544cedb097da098b936baac4d4,2017-10-26
f400946403a78fdd034cf522d3f85512,be552266bf47bfc6fa6c793fd74006bf,delivered,2017-01-26 10:00:37,2017-01-26 10:10:15,2017-01-27 16:37:45,2017-02-07 10:37:40,2017-02-28,7a84515823bc6c15b7b0e1ba70a704ae,2017-01-26
90024aa5d3878db3667cb0ece7f1aa08,4d83eea159330f461e9616243fadef9f,delivered,2018-01-23 11:21:49,2018-01-23 11:38:07,2018-01-23 22:37:12,2018-01-29 18:16:16,2018-02-22,33416ee3d4fa56400ec814d7b24bde02,2018-01-23
31e00bb404e44d46b89ff10b7a09d470,1717dffbf44849f19318caa8d72aeda2,delivered,2018-07-19 22:40:43,2018-07-19 22:55:17,2018-07-20 14:04:00,2018-08-01 21:33:13,2018-08-14,c377e85b89c482c0ec28287501bdf580,2018-07-19
676dc08d3b7a83fc6f45f5e0eb1a2d9a,def2cde31a49d08938ed47d1769adf6e,delivered,2017-11-24 16:45:54,2017-11-24 21:32:30,2017-12-08 14:07:15,2017-12-20 20:47:12,2017-12-26,c351fc20bfae0e5f5ed16c91d3bdad68,2017-11-24
3a3b0394c09dbf1c3f658c1fbe9adc31,388e380a8fd7135321bbe22ed193d8df,delivered,2017-11-10 21:39:06,2017-11-10 21:50:22,2017-11-16 12:02:21,2018-01-13 00:15:05,2017-12-13,3415a0268772d4cd19b0db5a7dec5676,2017-11-10
42c37b18445759836227d8f05e252d10,9a220d775bcd3ba306012ee934bc5298,delivered,2017-10-09 20:58:09,2017-10-09 21:14:14,2017-10-10 19:33:59,2017-10-18 17:07:38,2017-10-31,7d4297ce106c752018d700d5b26b1a2a,2017-10-09
3a4d0bd3463e22357c0b3ea55c2789a9,38c0e02a9cc35ad0afd0fe47e2a749ef,delivered,2018-04-12 23:00:13,2018-04-12 23:11:23,2018-04-13 19:28:39,2018-04-16 17:06:50,2018-04-30,eb4fa3b10263ca35a6fb16d975d10708,2018-04-12
60e27e3758187b1f68dc2784f5e6a9a6,b4c16be45fd4a77e585f1b40b51471e2,delivered,2018-01-09 16:40:43,2018-01-09 16:52:55,2018-01-11 18:59:36,2018-01-15 16:54:59,2018-02-02,ab36bad140cc97acdd3e70a623d72819,2018-01-09
f66ab2fcf6eb4fbb8c027f16de902cdc,90ab1a5224e5e1999b34c85f637a7491,delivered,2018-08-01 13:21:58,2018-08-01 13:35:09,2018-08-14 11:39:00,2018-08-15 20:31:53,2018-08-09,6a8ba9ca06038b014b687c42f4e00f3e,2018-08-01
8dd65fba2478cb614c25783cd1be3449,e2670ed9bc390629e358cf65e72fb1f5,delivered,2017-07-08 21:11:41,2017-07-08 21:25:15,2017-07-12 14:03:35,2017-07-17 19:18:27,2017-07-21,2ac4a8dbe057366eb424915ba868c565,2017-07-08
1c94a449dc6b10d99d35132b76ce081d,7c8d8780167597d7072bf7034b82f423,delivered,2018-07-08 20:45:23,2018-07-08 20:55:28,2018-07-10 09:26:00,2018-07-16 12:34:29,2018-08-01,e14944e33e2d8f2586c6c0055f8161d7,2018-07-08
2bec039adcca39ad3a2d76a949e6c99d,dd06035a7c124081d791d46dea94f128,delivered,2018-07-26 13:03:46,2018-07-27 13:04:27,2018-07-27 11:55:00,2018-08-03 15:18:37,2018-08-16,f251fa47f92c30e90adad31062a96a86,2018-07-26
64b474e9995eb9740db3190013984b6b,140e06ed00056011aa7326bcc0cd10e1,delivered,2017-08-07 09:14:30,2017-08-07 09:43:40,2017-08-09 15:59:38,2017-08-15 18:12:13,2017-09-04,c0118e2c0a037c31aeca71d0b81f66a1,2017-08-07
00018f77f2f0320c557190d7a144bdd3,f6dd3ec061db4e3987629fe6b26e5cce,delivered,2017-04-26 10:53:06,2017-04-26 11:05:13,2017-05-04 14:35:00,2017-05-12 16:04:24,2017-05-15,eb28e67c4c0b83846050ddfb8a35d051,2017-04-26
5cc475c7c03290048eb2e742cd64cb5e,75e8f990b9e289013b1d092614b52487,delivered,2016-10-04 21:54:52,2016-10-05 03:10:31,2016-12-06 17:24:00,2016-12-12 20:31:54,2016-11-24,2bf93b9956e26356b52f5d426c7801de,2016-10-04
031f488d7e8549b5d8af94f5a3e9300e,46dcf912d282f0e1aa9c3278ec488723,delivered,2018-03-04 11:20:09,2018-03-04 11:30:45,2018-03-05 18:12:40,2018-03-26 22:04:49,2018-03-21,122f8b38ffa5173825fedec390c9ff95,2018-03-04
c80e3da5b9dc27c8ab6cd05b1c72daeb,5fb32891a7dca617c09849418feedaa4,delivered,2017-07-05 18:43:41,2017-07-07 02:50:48,2017-07-07 18:07:44,2017-07-13 20:46:48,2017-07-27,883d6da5b1d25f3e6b743068f4181df7,2017-07-05
f790aa049bfa6a4143c96ad40711c558,8e13ce592a838ae656e66f18c4715863,delivered,2018-01-25 13:21:13,2018-01-25 13:38:52,2018-01-31 17:57:04,2018-02-03 17:35:05,2018-02-14,d123f45b809f5d30e2e13d0cdb74b1d6,2018-01-25
6561b237241a2fbd514d45440cd1b349,7b63a8b875b1f72f1a796fca5dc7be1b,delivered,2017-02-05 13:00:58,2017-02-07 03:55:28,2017-02-07 15:22:14,2017-02-21 13:04:06,2017-03-03,e5737b1b77380ba421a8af3f6288dce4,2017-02-05
22230cb95aa16cf1615db1cf10a0ea2d,e4c5917984666dcd1fac843b5938b6a3,delivered,2017-11-28 14:18:24,2017-11-28 14:32:17,2017-11-29 16:51:48,2017-12-19 13:52:25,2017-12-19,8e28b7b4a7feb17c7fa88b8837aad20b,2017-11-28
97823d6731e59cd6b4f9d3ea113a976e,f73735edd848cf439de47e82b57abce2,delivered,2018-07-23 11:26:36,2018-07-28 23:30:58,2018-07-24 07:14:00,2018-07-27 12:03:15,2018-08-09,a9b82c1107a9c2e53e36281aa2b6f0c4,2018-07-23
a4388d21a40d3fa0915cd15e2172eb45,a2db033ae19ddb38c3c78cf0689c521f,delivered,2018-08-10 18:22:24,2018-08-10 18:35:13,2018-08-14 11:30:00,2018-08-22 01:41:48,2018-08-27,748bcf5616e85a2e7500a83e69bee4d2,2018-08-10
c17789b6bce81222eaa468ad01dcc9db,c5b811eb984b0d3ad5a3f8a5fc439aa6,delivered,2018-04-05 08:37:02,2018-04-05 08:50:14,2018-04-11 21:32:17,2018-04-16 19:21:24,2018-04-26,09083515c735cc500a6aceb09f3fff9d,2018-04-05
795b392abe9e445552c226621cf9638d,f7ffda824870ec21df169cb0f7995e92,delivered,2018-04-20 16:08:37,2018-04-24 18:33:53,2018-04-23 20:12:55,2018-04-26 21:29:42,2018-05-16,4de76d63f9c146d8fd156ee3a75b8dee,2018-04-20
3211a50b2771974d1a3a57054cca7dbb,812eae943fb8d191851edb5039b93aed,delivered,2018-05-05 10:14:05,2018-05-05 10:30:07,2018-05-14 11:02:00,2018-05-22 14:03:15,2018-05-30,ab58f2fb5f71caac6366303095c0cd41,2018-05-05
79b7eb93349ff756b079e5cb0195cd1f,16723834970d6241faf5d1899fff6459,delivered,2018-02-14 20:14:51,2018-02-14 20:30:24,2018-02-20 19:29:23,2018-03-01 13:27:08,2018-03-15,309acc8c68f7c802015a2b0df9602323,2018-02-14
a3b51577e617e3ffd00a8718b05874fd,d5041ca8a2d24e7d9851395b060f6d44,delivered,2017-10-21 07:36:27,2017-10-21 07:49:14,2017-10-24 16:28:57,2017-10-25 18:18:59,2017-11-08,8164874ebf5fb63c80d2fcc636dd8399,2017-10-21
9fae83d9b8b2e49831f7017a29632728,7fab538587b4843694afea5717d0c61b,delivered,2017-08-28 14:11:28,2017-08-28 14:24:46,2017-08-29 19:40:08,2017-09-01 18:17:41,2017-09-14,eb041bbd338e346aaaea4f64d7d331e2,2017-08-28
e9a38530c1e59ad3e44e59f1921f148f,027976d448887bd81535c3328efc075c,delivered,2017-11-09 19:47:03,2017-11-09 20:08:15,2017-11-10 13:26:37,2017-11-20 19:46:58,2017-12-05,54378d078a93d05ccc63f1969c9b0deb,2017-11-09
1932f20df9b3883e48068ecd03e6178f,d4afe26e05e0272f48a9194977473439,delivered,2018-02-17 23:50:41,2018-02-18 00:07:53,2018-02-20 18:47:07,2018-03-16 20:42:19,2018-03-15,bd890667249799aa01d9d34cf3e4dda6,2018-02-17
24c6c83e90a996ebc2ef245089006910,b0ef96a773ef39c98f78db78f108c852,delivered,2018-08-14 23:53:56,2018-08-15 00:10:22,2018-08-15 11:51:00,2018-08-18 12:07:40,2018-08-24,525cdb648ffc120f9e84fc508c9f2e61,2018-08-14
37c5a6df9c11a51d43f647c3fdd0904d,e1fe4de4fdc660e7dc028a17b2fb2938,delivered,2017-07-17 10:08:14,2017-07-17 10:23:25,2017-07-18 18:38:46,2017-07-24 19:36:24,2017-08-08,911800f0c6b6d6292ba173787f3f9ac7,2017-07-17
a55747e3eb2e893b9c9195f00307e0e9,00652f7a6e012d58f58fefd69d1a1ea4,delivered,2018-04-14 07:49:27,2018-04-14 08:11:56,2018-04-16 23:32:37,2018-04-18 15:06:56,2018-04-27,e81d67dee583b417c53676f8926bd9cf,2018-04-14
1bb1bff5951d630e985ec8d3f8037b86,e5f10ef99fd8ebded4fe354af56450f0,delivered,2018-08-03 15:41:24,2018-08-03 15:55:30,2018-08-06 16:25:00,2018-08-10 22:48:29,2018-08-08,b35fa8c16e4eba9425ef56810cadcb73,2018-08-03
aa84b2cd6335cfdd4a56d7a15917d026,d55e4f2052c1a40c3432639d5f3659ed,delivered,2018-02-16 14:57:41,2018-02-17 13:46:39,2018-02-19 11:41:59,2018-02-24 17:29:21,2018-03-08,d1588e9ace87e26a010ceb25775113e8,2018-02-16
56069689ce24a3bafc1bcc3333744b24,508c7b4fb7d3851500f0e72e8fac153f,delivered,2018-07-12 22:29:03,2018-07-12 22:43:56,2018-07-20 09:59:00,2018-07-31 11:42:52,2018-08-07,f0f9b20b460b87fb270ac529686e96c9,2018-07-12
6c9e0983a488b321d5a291da9b9efc5a,96cd8ababfdcedc5d2572cc0874fe60c,delivered,2017-12-30 00:19:03,2017-12-30 01:31:31,2018-01-03 20:09:34,2018-01-10 11:21:33,2018-02-05,c8840ecf91694ad1462c7de7346824fd,2017-12-30
e010818e0f8eab0076d80f8699a22aa6,cb99d5f1c5278ded64a20fc48b03fd20,delivered,2018-05-22 23:00:44,2018-05-24 02:34:29,2018-05-24 14:09:00,2018-06-04 14:56:34,2018-06-07,80983160f5a84682b0f41774c5e58789,2018-05-22
797a924cf84d2f2ff7964c588c288638,9c7dab4c1f262f3280dc95d1a6b080dd,delivered,2018-02-13 19:01:04,2018-02-13 19:10:39,2018-02-14 23:58:31,2018-03-05 12:38:33,2018-03-16,11afb38992aab59586615dfec8e23883,2018-02-13
6586e869984a35a55b2a67b4b494f8e5,49ae4f11985c8607233f9246531eb284,delivered,2017-10-07 17:30:01,2017-10-07 17:49:18,2017-10-10 16:19:58,2017-10-25 19:36:04,2017-11-09,bf87a2ccf3ad8ac4d1ce63ebb89f2c5c,2017-10-07
3d536bddbad51e46b6bf390bdc17cb04,6dbbc0decd3468500c3faf6dccff6fd4,delivered,2018-02-24 17:24:00,2018-02-24 17:35:27,2018-02-27 13:55:00,2018-03-05 15:42:11,2018-03-29,857a44ef2c2131b7674acd3b48cbd609,2018-02-24
104dbb8a46362208d1b4b3cf7a7c2956,1629f51edbf454ebbe093e3b6fc63aea,delivered,2018-06-08 11:46:36,2018-06-09 11:50:59,2018-06-27 09:11:00,2018-06-28 12:12:44,2018-07-13,67ecd7d7621739db815d88688b490f38,2018-06-08
54056b0d1e99d13dfcb36c57dd33709c,a211a81dbe759c812006a8554316fc94,delivered,2017-09-13 13:21:38,2017-09-14 03:04:53,2017-09-15 20:19:56,2017-09-18 21:51:44,2017-09-29,2a3f4536e732a04cfad59b6e50c2e925,2017-09-13
1fa2e0b6f8f3657f36449befc7c5cbae,52cac740adc0bede5bd0b0dad5a0e9f4,delivered,2018-05-05 17:20:42,2018-05-08 03:52:59,2018-05-10 15:47:00,2018-05-12 16:36:44,2018-05-18,e6e91e884603a1ec35c2d931b0ed000c,2018-05-05
279f4b9e7b2a4b2b98c0d8c8a8f2a4b2,5be52c6dec12c72dc02ac315ae57a221,delivered,2017-08-22 11:39:48,2017-08-22 11:50:49,2017-08-24 14:13:07,2017-09-16 17:17:53,2017-09-18,c030e0039eb871c68179599013fdb43e,2017-08-22
6326b091c76460e26d963f38c7ab627c,b5690b9da0de1ba1461664517f19fd62,delivered,2017-09-05 12:39:08,2017-09-05 12:50:10,2017-09-06 20:54:49,2017-09-08 19:57:54,2017-09-20,0e30568fb1eed3bf10034b8972c5a67b,2017-09-05
34b1401adf2ab260c3adcf2c2be847dd,401501207df9d38d6119beffb7375741,invoiced,2018-04-01 12:55:19,2018-04-01 13:10:11,,,2018-04-17,1606de7bf937e09db4006dd77dd0eabb,2018-04-01
de5e00f9f07e671f1664172898ebf7a1,cad580d9f3d4996aac361e9275e5501a,delivered,2017-06-12 12:26:00,2017-06-12 13:10:19,2017-06-13 15:39:54,2017-06-22 17:09:42,2017-07-07,9bf1b9f34be1525d26416f40132617ac,2017-06-12
134ecc3a051e0aef2889ae1d42e79b87,958c7d63ed65a1a8b8323e253609d52f,delivered,2017-12-09 21:00:31,2017-12-12 03:38:22,2017-12-12 17:39:13,2017-12-22 21:33:11,2018-01-11,9a8fbae8a2c574783bd102e5c5060ea2,2017-12-09
37bcd96070aa2347efafe5daef980585,397562f2f757aff9899caac6d66a05f5,delivered,2018-05-16 00:09:32,2018-05-16 00:34:01,2018-05-17 10:17:00,2018-06-05 01:37:25,2018-06-01,22149fef0f3bf67cfb02c878f3cfc2a0,2018-05-16
13a129044d7c671ff1ca959083f80653,3fb3a5016598ada7b80d50c770a874b1,delivered,2018-05-24 16:42:15,2018-05-24 18:38:17,2018-05-25 15:11:00,2018-05-28 17:56:47,2018-06-11,64d38039d981544772e9ff4cf229b60f,2018-05-24
b20a448c655e1a13099ec0a1fdfc01ca,0b1386cbf11b90777319aabff481f5ab,delivered,2017-07-02 23:15:06,2017-07-02 23:25:11,2017-07-03 14:32:36,2017-07-06 14:20:02,2017-07-25,5f2ec485da1fb5b4bce0fbf413845a90,2017-07-02
666a6189eb4abc80b00d96312defb014,e12db17ce6ad004c0fcc4848bdd46b6b,delivered,2017-12-05 01:03:06,2017-12-06 14:36:28,2017-12-09 16:43:47,2017-12-21 18:03:34,2018-01-08,5441ea58ad29bdc53d456f310654639d,2017-12-05
835b4e81209a4b39fb6142da1591bd88,8d648eff7b575cc94425a0d12e48ebf0,delivered,2018-01-25 09:46:14,2018-01-27 02:42:21,2018-01-30 18:31:49,2018-02-15 16:32:42,2018-03-14,41513ca86fe6c43def09cdfd7467c0ff,2018-01-25
8dac680ab124621709e55d51a9a59cd2,b39def105bd70f65e3352f896c32d20a,delivered,2017-03-20 22:34:44,2017-03-20 22:34:44,2017-04-04 16:13:01,2017-04-07 14:48:14,2017-04-18,bbc4a49cc4f47303a5280aed498d80ed,2017-03-20
39de11394d8ad384d7b05c4b579cc811,ff32b7a1d4c88e44cac3859724b53a19,delivered,2017-12-13 10:39:20,2017-12-13 10:52:07,2017-12-13 22:43:22,2017-12-26 17:16:03,2018-01-12,11b14be1a33b2fbf040a34af6ce474d6,2017-12-13
f9c44da06151c190a9a6c9c712873d10,070db51ef1d6a1bd858c21b03de83e66,delivered,2016-10-08 22:11:57,2016-10-11 15:09:06,2016-10-14 18:00:00,2016-10-15 15:09:06,2016-11-30,1f98e3467d2b48dfb44fc12b137d3447,2016-10-08
ff73e2e57b5c7d3a1aa7c3ccaacafaa6,863b241a70ad9b999ecbaba0ebcb4a16,delivered,2017-06-19 23:07:13,2017-06-21 02:15:51,2017-06-26 17:34:41,2017-06-29 15:03:36,2017-07-10,85d7491f5ce9d8a38933002b715e4aa5,2017-06-19
51a73c564f9cc803ec067dd3a0381997,f3abd9d838b32ae720c958d71b5261b0,delivered,2017-09-05 20:55:39,2017-09-05 21:10:47,2017-09-08 17:40:03,2017-09-11 15:43:52,2017-09-19,07fd12ee529ce5bb01bada6ab08229c2,2017-09-05
5e01f3bd3366dac914df62787e0d3b3d,c98e02708e14452ffd0cdd16b5842bf4,delivered,2018-01-11 15:20:50,2018-01-12 02:35:30,2018-01-13 01:44:55,2018-01-29 21:53:03,2018-02-08,fa26d4d4d2760a32a7a7556b295f3c9c,2018-01-11
b5a76447895657ee2fd11c26613f585c,8c0db74e3a6a21cedcaaedcc13e311b1,delivered,2018-03-01 09:55:32,2018-03-01 10:10:38,2018-03-02 19:06:54,2018-03-13 22:22:04,2018-03-21,b66758e1b20aa0c9ca40a0891edc438c,2018-03-01
bd7e01b686605ad3276d16887069fdd7,7811bc56abc8cc9853718092db2b26d2,delivered,2017-06-14 01:13:33,2017-06-14 01:25:12,2017-06-22 05:41:56,2017-07-03 16:32:43,2017-07-07,05eb2fca0a8ccfee8c2cbe338bb5072c,2017-06-14
ce322da078046d3b1e267b888d563fbe,a3f3f06060fe4f8e89d4f2b8be6a8b2a,delivered,2017-03-02 20:37:08,2017-03-02 20:50:17,2017-03-03 08:06:00,2017-03-16 12:46:05,2017-03-23,118d6ab7f31bda9a1963b2f355d53312,2017-03-02
08613505c6d1fa61ec5908afbb99fe84,0989ad22ee10df514ada88585ebd3101,delivered,2018-02-13 23:29:56,2018-02-13 23:40:28,2018-02-16 00:36:59,2018-02-26 22:14:09,2018-03-13,37d072bb642db6424d5b3693de406a4f,2018-02-13
0abd009f16e89981bdb8ef51c8df289e,776e3127741b8d940d12afa4449e50a6,delivered,2018-06-18 03:17:08,2018-06-18 04:09:38,2018-06-18 08:13:00,2018-06-22 21:56:33,2018-07-13,b283972d8b63fa81402654b037f88651,2018-06-18
5f96a11ca1438f152748a22210b680c8,2ab798d772a25a203ea9e71bb0c9f89e,delivered,2017-11-04 23:44:13,2017-11-07 06:31:29,2017-11-08 20:18:54,2017-11-16 21:12:15,2017-11-27,ae927677d2eeaba059c05cc2154902ce,2017-11-04
36178eae87ee6553df1faf30e2c135b9,8b47c9a9eccb8a88658de10e8accf89b,delivered,2018-05-17 08:35:11,2018-05-19 03:12:58,2018-05-21 09:33:00,2018-05-22 14:11:12,2018-05-25,61d3dbf6fda72c665eb6f5d323b16fe0,2018-05-17
83e72081383fc363b9d9b2d509917824,ce4831c3ea13b5ac8a0d030b838acdb0,delivered,2017-05-18 14:06:06,2017-05-18 14:15:13,2017-05-19 10:03:46,2017-05-29 16:12:55,2017-06-09,93bf7b89c7c76b368a61b9d0b2c721b7,2017-05-18
7803d0f984dfa8078247ba07d2645bef,e1a8bac0030788c65d3500ef868c6285,delivered,2018-01-29 22:16:45,2018-01-29 22:30:20,2018-02-02 15:32:43,2018-02-15 23:13:47,2018-03-12,8de6467aea513d230e6b9e74f54a5d0f,2018-01-29
c2f3a413b93e57befdbc7877ae75758e,d5f689e7c0eba43c667059571388f2f1,delivered,2017-06-27 11:29:08,2017-06-27 12:24:02,2017-06-30 14:06:06,2017-07-14 18:47:32,2017-07-25,7b8b31516cdb407eaed1ce4f2d30c448,2017-06-27
ca274ea678d57fbf2dbfbb1b72a236d5,37dfb124f9e0d398a39c89db854e963d,delivered,2018-08-13 11:44:27,2018-08-14 04:10:19,2018-08-14 14:12:00,2018-08-18 00:08:50,2018-08-24,35bde19b4d0c0a2665e93c0518ce178b,2018-08-13
953a4462fe82c3e1939934b4e5efa516,e041783f7a7735817fcf16c57d10adb4,delivered,2017-12-12 13:52:27,2017-12-13 02:34:23,2017-12-13 17:35:07,2017-12-27 21:33:10,2018-01-09,809aa9786a084d09857768b1a458ba38,2017-12-12
01f3ed0a20c6db39216985812a092bea,88cd4760d06074426489e89bb4116184,delivered,2018-08-18 22:34:41,2018-08-21 06:09:50,2018-08-22 12:29:00,2018-08-27 18:44:47,2018-09-05,871d8e3ddc6aaebd0288d07eb1758d6e,2018-08-18
845af102c87e1c1bbcb900956ca08e90,c38c4b830f5c4a3825eea988694fb0af,delivered,2017-07-15 14:01:45,2017-07-15 14:10:15,2017-07-17 19:13:02,2017-07-26 20:27:27,2017-08-10,05c2f0afd235cae744d0cd6c31d8813f,2017-07-15
d4a3c28ffadf7c451e1d420fb14fe13c,25ab14fc672547e0312a9bb6b8953bec,delivered,2017-08-24 16:54:09,2017-08-24 17:10:21,2017-09-05 17:32:55,2017-09-23 14:22:47,2017-10-02,72b59180bf039593a3a6d21f79c62c45,2017-08-24
0a4717812af08b022a25c46f110d881d,a5d68d034b9beac73720fea281944794,delivered,2017-12-11 12:04:43,2017-12-12 03:50:20,2017-12-13 19:03:15,2017-12-23 14:19:24,2018-01-04,caf5619ca3dab3f848d564ca13a4c82a,2017-12-11
d6e32818428593eefe8ffd7e15acb83e,784210ee365c635556aeb69e14e072fc,delivered,2016-10-10 14:02:01,2016-10-12 03:01:36,2016-10-16 04:01:38,2016-10-19 04:01:38,2016-12-16,8fedeab003cb5fbd2bb599ccb940c49d,2016-10-10
6c596fc6f412dc68ef8d18c721687a20,2980eb390c71f54d2d046d240c978638,delivered,2017-12-30 19:34:03,2017-12-30 19:46:50,2018-01-02 18:54:16,2018-01-22 13:33:57,2018-01-29,2ccb4593675068e2975feca32b473274,2017-12-30
88fb267a50efb599d94ac61abec346b0,69516ffcc9deb07156b30e97c0573919,delivered,2018-05-07 16:36:48,2018-05-07 17:56:22,2018-05-08 14:04:00,2018-05-11 23:07:41,2018-05-23,b6c093368f7ec73197e04de2efa14a75,2018-05-07
60774e7210a075fb221731434321e048,c222cf7a226c9cafb1bedfa622b01bf0,delivered,2018-04-09 21:19:57,2018-04-10 00:12:41,2018-04-11 23:46:35,2018-04-19 14:08:53,2018-05-07,541c0b7ffb3a98de3ad16dfb4388aa61,2018-04-09
1e2873bbf8abcb5fd687719096812cd6,6b75e2df886b0fddea0581a52afb6968,delivered,2017-09-14 00:38:28,2017-09-15 00:45:08,2017-09-15 20:02:18,2017-10-05 19:58:55,2017-10-05,0fb5e343a4990e6efaddf9b256db388b,2017-09-14
786e317a02958a4345b7df21d49c9b3a,27a2c0a013aee9e9292894fe5f43d1ad,delivered,2018-06-18 11:15:23,2018-06-19 03:36:54,2018-06-20 12:40:00,2018-06-22 18:53:47,2018-07-05,2d4227fb7982c86e8d664ff174da1649,2018-06-18
3f927a0036358d9522078e7e3007cfe4,106019032c892c9f50d957f3aabd895e,delivered,2018-03-19 14:43:10,2018-03-19 14:55:42,2018-03-20 00:14:32,2018-03-20 17:13:05,2018-03-29,1c0a958a4332aee970a97c78c7c9a511,2018-03-19
adb3a0386f6e1f65d5fa85ecfc0f64a2,efce0446c7a2965ea8f7e70ddb7ebd7e,delivered,2017-10-16 21:51:29,2017-10-17 21:49:22,2017-10-20 11:33:00,2017-11-27 22:14:04,2017-11-09,d9b6d5883e041e520c9bd227f71e3a09,2017-10-16
49546e578022b62f674f28784482c34b,a3e3d6701c395ca34f3aee1c8dfda927,delivered,2017-10-28 17:18:18,2017-10-29 17:24:55,2017-10-30 15:39:44,2017-11-03 18:47:43,2017-11-22,aa6516338ac54be60781a6fefac18e05,2017-10-28
01a1553cddb473cec004af5ce2192f1c,d0f1e9e852ef9b1099b6dd3c25027d55,delivered,2018-07-20 09:55:09,2018-07-21 03:23:45,2018-08-02 08:13:00,2018-08-08 21:32:24,2018-08-23,704c21a02e59001049f14ec33b3b0be0,2018-07-20
96329094267555553b0fec10591cc3b0,f18d5b1ad1ce464e75cba9062a5166b5,delivered,2018-08-10 12:05:07,2018-08-11 12:04:33,2018-08-13 17:43:00,2018-08-17 18:02:39,2018-08-22,b39adb9e36b90d48aca89f2dc0d6d9b5,2018-08-10
493c01f6ccb506898f25e3b7eb123d18,36a6601c12cfce27029bbd8be26430dc,delivered,2018-02-17 14:07:46,2018-02-17 14:26:40,2018-02-19 22:28:52,2018-02-24 03:19:11,2018-03-22,cb4f48aa5b4657435b012a65f2a122eb,2018-02-17
010b143d83a59b355cd5a75c0f0fd785,c181ea8a3ec364246642e36dae84bf30,delivered,2017-08-30 23:28:35,2017-08-30 23:44:47,2017-08-31 21:12:48,2017-09-18 15:04:10,2017-10-06,51d121ddc025c1b70f8f62a1b727aecf,2017-08-30
84c904ab766712ddf5179277e7dc07f7,33815697efba93373844bb3d49166e43,delivered,2017-10-18 10:13:42,2017-10-18 10:36:01,2017-10-24 19:33:20,2017-10-25 16:08:08,2017-10-30,7429244afc9e9046e0c8b3603162eab8,2017-10-18
16f2b04292cfdf925c7d231f98812249,805555a6b9899dc153d8613a1a02c098,delivered,2017-09-30 11:48:22,2017-09-30 12:04:21,2017-10-02 16:28:18,2017-10-09 17:33:50,2017-10-31,370c2f5564234be2fa99ce15c1e8c962,2017-09-30
68e55ca79d04a79f20d4bfc0146f4b66,30e6e854c81fa16f46a5d7f3ab025e6f,delivered,2018-03-16 12:51:35,2018-03-16 13:09:21,2018-03-20 18:32:31,2018-04-11 02:12:46,2018-04-06,660786ed04a09347d8820938113f1df7,2018-03-16
6b84d210abf237ef478dd4f1b0f4c10b,39185bd4718b6a5459a822c7698891cb,delivered,2018-05-30 20:36:33,2018-05-30 20:55:30,2018-06-04 14:42:00,2018-06-12 14:11:23,2018-07-20,e4e090254ec5302a3598c619d9297f44,2018-05-30
b118865ab4b10eac2113204b666d7ab2,a68c7565bc8f5c17830d9e93f58aa006,delivered,2017-12-29 11:10:45,2017-12-29 11:19:21,2018-01-02 19:42:44,2018-01-05 16:49:25,2018-01-30,5cd4500e20f9e6983a303a91922e54d2,2017-12-29
0d68c551465186fc0cc6b48f617e0f3a,13a53c5effef02fd11d858e179c9075f,delivered,2017-03-19 21:29:07,2017-03-19 21:29:07,2017-03-21 12:21:43,2017-04-06 16:17:56,2017-04-12,e89fed84ed8b2024c15f83cb33b95d39,2017-03-19
325ec8a88062bc88aa724f174358df01,4bac80629229a5f4df8a9d643c573a7f,delivered,2017-09-20 11:53:31,2017-09-21 03:04:57,2017-09-21 21:47:55,2017-09-25 18:34:05,2017-10-06,3c25f47ab68536a1d3d6b29b9c8b7e63,2017-09-20
0f740a04b4f5fce0611344905b62332c,1db2189def22e420ab1b634c13b49566,delivered,2017-11-30 19:34:24,2017-12-01 09:31:23,2017-12-06 13:13:35,2017-12-18 15:15:04,2017-12-28,f366a3124d2ad33fb13d2dee2bca9c73,2017-11-30
d8488e5f53e0ae47397ca8f7936acfd0,dbd70b996af60a18747c8204e3435c5c,delivered,2018-08-22 13:12:34,2018-08-23 02:44:27,2018-08-23 12:48:00,2018-08-24 20:12:04,2018-08-27,d7a85949be9138c6975830637e482e50,2018-08-22
704611e37204252ce312c0b0ce22ef41,1bd85c9d65bc738698fef11a58127278,delivered,2018-03-09 14:55:41,2018-03-09 15:10:58,2018-03-14 18:24:41,2018-03-22 23:28:38,2018-04-03,5d23ae69b0954e919652a5d2a99d378e,2018-03-09
3e9a88f66e0a7f0a46ddf240f5370047,43c471f74a026f8c226d4f891ff93ad8,delivered,2017-07-17 21:15:52,2017-07-17 21:30:24,2017-07-18 16:03:06,2017-07-26 00:37:34,2017-08-08,cd27640474090a7558ba2d551636ced9,2017-07-17
a51972957a794d949aa4f39ca52249fc,9d9bba3706f6e6f719bafea5532c3b83,delivered,2017-07-14 22:39:12,2017-07-18 06:03:43,2017-07-19 18:55:47,2017-08-01 19:17:28,2017-08-11,27e86d2ae0db33b8d242c9251067d97e,2017-07-14
d710dadcf1f25993f76835a786761250,6d1ad1d9c18e0d87079cb0cd3d21b5d6,delivered,2018-05-16 17:46:11,2018-05-18 04:55:18,2018-05-18 16:43:00,2018-06-07 17:04:08,2018-06-07,1184d75f9890549854acf4e919c6a317,2018-05-16
408f2f229612df125125c44208331045,1a9e7bc5db555b1e83b4cd9389aa3063,delivered,2017-11-23 21:55:08,2017-11-23 22:28:30,2017-11-24 17:47:59,2017-12-05 20:33:56,2017-12-26,7b83df09e2a72468bfdc0b2014e4b1c8,2017-11-23
63b560062bb9ccde4a2b9e9d26b39486,e3d372b69974946e6e31f906d16966d5,delivered,2018-08-07 13:28:15,2018-08-07 13:45:34,2018-08-08 16:04:00,2018-08-12 17:32:42,2018-08-10,87556be40ca0f5bf64ba2b5e3d554991,2018-08-07
f96c95462f9bc5192f6ce1985d4a29be,00b7dcb6e32230f09195eb0e9aa1a94b,delivered,2017-05-13 22:23:00,2017-05-16 03:15:38,2017-05-19 09:39:52,2017-05-23 13:58:55,2017-06-06,f42ed5286ed2c811df0db5d230eb8383,2017-05-13
580530118ea1a9da5f64b2ce87a6bb1b,86503341952fe53c97b3aa4dcdab5034,delivered,2017-08-29 18:14:08,2017-08-29 18:30:19,2017-08-31 15:35:08,2017-09-12 20:45:41,2017-09-22,a28dd2b7bd2f18558618e98d4632f55f,2017-08-29
b2a7488d3bfedd8a8abd53fff6127807,4596b32d78313ebf60d4b14a6a95ff87,delivered,2017-11-24 07:04:41,2017-11-24 07:14:32,2017-11-24 22:13:14,2017-11-30 23:23:48,2017-12-21,c985b79a82c9ab8bae718d8b721eb6a5,2017-11-24
7aad36e062cda02d713d48d1e9d7c005,6c51d0ee3472d8e60c646d5480f08789,delivered,2017-12-01 20:07:31,2017-12-01 20:14:24,2017-12-05 17:12:54,2017-12-18 10:47:11,2017-12-26,69c532b12bd5070978227e529bad6f18,2017-12-01
7c4281b08578a1e5e13e56814b3c6123,686ba249f6f98cc2610b58e5b9982e6a,delivered,2017-07-18 14:01:45,2017-07-18 14:15:18,2017-07-19 19:32:51,2017-07-24 21:37:35,2017-08-24,70a8db6a5ae17c3a4e5df68bbeae451c,2017-07-18
4437322bbcfa3948b387f1e5e3801a24,1840ec1e113cdef52138fba79e65848f,delivered,2018-04-02 09:01:04,2018-04-02 11:48:44,2018-04-03 16:31:16,2018-04-04 19:33:08,2018-04-26,b9fd889214fcb1a45e4cd51f5af6cba3,2018-04-02
e3654d3f8136f013ad09af28b1585e24,72d191c8e8261379a271860bd5b2fa86,delivered,2018-03-03 23:51:06,2018-03-04 00:08:43,2018-03-09 22:28:39,2018-03-21 23:08:51,2018-03-27,8fcb55ff1a2135436d743907587cd596,2018-03-03
a8b2111a24cd1ebe4246f720de1b238b,e4821491cafc33d088879ee8cc3c1d1e,delivered,2017-07-04 11:49:17,2017-07-04 12:03:48,2017-07-05 15:07:25,2017-07-11 01:05:31,2017-07-28,a1c95ad97ab0e08edbc0da098d02d5dc,2017-07-04
e567001ce77d68566b016e7929c11bfa,9cb13b3ed746886e379ad84688f99fc7,delivered,2018-01-09 21:21:07,2018-01-10 10:32:05,2018-01-13 00:09:33,2018-02-02 17:47:59,2018-02-06,10f4306628fa1506df83021241006689,2018-01-09
09914aa3bf0c742de9a4819692ec756b,606ee56c24ba3bbe8db80bb73ff1dcb7,delivered,2018-01-03 17:44:15,2018-01-04 05:14:02,2018-01-05 18:23:03,2018-01-11 22:14:29,2018-01-31,192eefceff02aa918c56d35357557d93,2018-01-03
be1aff1e5ed8adabab251a979e96bdb9,826c677b00d964c53329e5ea1b5bddab,delivered,2017-07-14 14:20:03,2017-07-14 14:35:13,2017-07-17 21:34:59,2017-07-27 16:44:30,2017-08-18,76d5f0e306da4dcc92bb8c4a00b4f891,2017-07-14
13ab379ac762d840b29042681a1a6156,922f0518fb56e709d3ee898aa6435d76,delivered,2018-08-05 20:56:20,2018-08-05 21:10:18,2018-08-06 13:59:00,2018-08-14 17:12:03,2018-08-14,8b63adddca62a692068257a6b3d14031,2018-08-05
ef70e4d6b81be0fc423f1b77e4481e44,88815bf98f72d0aa820e81d052642721,delivered,2017-07-25 12:28:19,2017-07-25 12:43:16,2017-07-26 18:57:54,2017-07-28 17:55:51,2017-08-07,c2d24b3176bc7cbd5b4fdf3386d6d4c2,2017-07-25
b78ff92837a4593dbc8ed0e5f7ce3e16,7b499c7dbd0d6d1cc3c4bee26de8821c,delivered,2017-12-03 20:22:47,2017-12-03 20:33:23,2017-12-06 15:51:45,2017-12-22 22:49:08,2017-12-27,e25a9027ddebe5298cdf1d4432211e9d,2017-12-03
9fb1ba3c276b463ddaf0f78a653cde06,cd1cea5e63d0c517d4b68e569e72e28d,delivered,2018-06-06 15:47:12,2018-06-06 16:14:13,2018-06-08 14:37:00,2018-06-15 12:32:41,2018-07-17,0d3f9843bdd94c4310555468168ed318,2018-06-06
a304e27bd17a57240cb6779d293726d4,0af83a63def65b243f85cbb635e98b16,delivered,2018-02-23 11:22:45,2018-02-24 10:48:03,2018-02-26 20:24:02,2018-03-05 22:13:34,2018-03-16,ee363145447e9d3cf3f3b9f83294857a,2018-02-23
93b894aa172f143569242919b7b319e3,b2998e51aa3d8a7f6a8eda85dd48b564,delivered,2017-05-12 12:42:10,2017-05-12 13:11:18,2017-05-12 14:12:16,2017-05-23 13:47:47,2017-05-30,9e918007c748d368d9fcf48b492e71ca,2017-05-12
943dc313319b98a46f1aa70d59b68715,c0ca3b0cd457d58573982009c592f913,delivered,2018-06-29 11:50:43,2018-06-29 12:10:03,2018-07-02 14:11:00,2018-07-06 17:51:00,2018-07-27,0d153268371aa25450d4117ff070277e,2018-06-29
ec5c62e3694f59fb2e2694eeea5efd99,0d782cacd6172d4c1ccaa85cf43dcbd4,delivered,2017-03-15 14:17:51,2017-03-15 14:17:51,2017-03-16 11:23:38,2017-03-23 15:27:14,2017-04-06,184932ddf3c1f0342017fe32660485f1,2017-03-15
95238556fec6ef59d8ed25b4379008bb,1e1746d4456c3743892253a404e04439,delivered,2017-09-03 21:42:30,2017-09-03 21:55:25,2017-09-04 19:52:47,2017-09-11 22:43:21,2017-09-21,fb99cfd55992fdd347a3481dfb26c4fa,2017-09-03
161b62294734a5b8c35890b6a607c7d8,2d5b2e10598f23bee8a27fd92f570209,delivered,2018-01-11 13:27:24,2018-01-11 13:39:26,2018-01-15 23:08:35,2018-01-19 16:08:58,2018-02-05,64fa805e7807bbacdb54d9dd660a49d1,2018-01-11
3b42ad87f3292fab60e143988d332da1,4a63a260154fea565815aa2eace75155,delivered,2018-03-11 22:24:13,2018-03-11 22:35:30,2018-03-12 17:26:26,2018-03-15 19:41:58,2018-03-28,22bb5f27e6defb0d50a0cf5162891129,2018-03-11
2c0a28ce4971f66f2def8542ef0b6c18,764192aa284b3aa660e6c89aa3849511,delivered,2018-02-03 18:21:54,2018-02-03 20:10:12,2018-02-05 23:46:38,2018-02-15 23:04:16,2018-03-09,5d77cf4bfc8132075fc589f355875baa,2018-02-03
77338308426749365f169773fa614a56,c3c417054f5656e9470874ae63265424,delivered,2018-08-15 19:03:09,2018-08-15 19:15:19,2018-08-16 11:56:00,2018-08-27 12:21:54,2018-09-06,b34584b6d24d0f58b1b4ebcfc0cbb0a6,2018-08-15
7955aff2104a9da63a79084ab9b9cc62,2a3621021bfa1171d27422d35ffa2a36,delivered,2017-06-08 13:30:31,2017-06-09 02:42:39,2017-06-12 15:30:37,2017-06-19 21:13:02,2017-07-03,a4f28d9c2dfa05966834f934c436b0d4,2017-06-08
4c09b402a17b72a4a9338d51a8759b4a,10b59f56c87c5f68a2dbf3646f0f78bb,delivered,2017-10-30 11:25:08,2017-10-30 11:36:03,2017-10-31 21:58:24,2017-11-10 19:46:53,2017-11-24,552fc05a13d28356a38e8b13f64cbe4f,2017-10-30
8349d82bb3c36734477e55a95e61e0b6,7198566fbc1f1c289ebf20ae2ade636b,delivered,2017-09-16 20:30:09,2017-09-16 21:04:59,2017-09-27 20:33:01,2017-10-09 20:22:03,2017-10-11,39b94c1896243f056c3c93c80e88bfbc,2017-09-16
cb4a79c1e6c9ae44302861e7602cc449,536f46cc0f2f2b1e40d056f7998f0254,unavailable,2017-12-06 15:46:07,2017-12-06 15:57:29,,,2018-01-03,340152332a04149987a705602615f0d0,2017-12-06
c645c38b97d82c6a042adcf18df3daf3,f04a4d84ba2597da24b254fa733ebd80,delivered,2017-11-24 11:39:24,2017-11-24 13:33:46,2017-11-29 23:03:37,2017-12-06 00:16:42,2017-12-18,04f158a79b9d85dafce892b097226c36,2017-11-24
c6fa9f5af647f54d235728bb12eaf5f5,07731871dbc303d9af056c55552492de,delivered,2018-07-27 22:11:39,2018-07-27 22:25:08,2018-07-30 10:11:00,2018-08-01 20:37:39,2018-08-08,6e8743c0e88d51e1e7b2455707e209e4,2018-07-27
6e7f938e1ebc4eb4b205b2ad66c5525d,d64eb944d3fef8d269de717e4bc2d56c,unavailable,2017-09-12 00:08:18,2017-09-12 00:23:58,,,2017-10-03,d753489f200ed3b03e0466fbb4192bbe,2017-09-12
0411b9d67ebfabf519c3e47629e91e3d,68c4ac73f19217101bdf5c2924552362,delivered,2018-03-08 06:06:06,2018-03-09 02:10:23,2018-03-13 00:16:25,2018-03-19 16:52:39,2018-04-06,dd86b18b85b92a24f5f76f52576b48bf,2018-03-08
b9ab6047d37ddd3df234b9e3da860b39,3dce5a79db731771c20821693a0ade0b,delivered,2018-03-03 08:28:33,2018-03-03 08:48:30,2018-03-06 17:08:25,2018-04-09 18:28:48,2018-03-23,70f050aab212fbba29f413ff57abe67c,2018-03-03
ad20d0dfe5b91c07df72dff0206aacd9,50ff7fc5ed9bd9bb79a4313f9924c6e0,delivered,2017-10-31 22:19:42,2017-11-02 02:27:03,2017-11-07 14:53:06,2017-11-10 16:56:33,2017-11-28,5b65c2693d8103d23aa910cd33d68daa,2017-10-31
ce890faac8e2e4bece041845501ac3a6,8395381b2c2766ebceb43c768072fbce,delivered,2018-01-16 14:15:44,2018-01-16 14:30:18,2018-01-19 01:47:00,2018-01-26 17:57:58,2018-02-06,e3449ad43c76728fa690bc66f7f52b8c,2018-01-16
70ad2dc48af913cd86faef1c08d45c2c,695488135dfcfec7886b32ea7193a63e,delivered,2017-07-15 20:01:32,2017-07-15 20:10:22,2017-07-20 17:14:00,2017-07-28 20:32:36,2017-08-08,d69e62786ac4066f60eda65f4b8533c1,2017-07-15
0c8d39b03d0d4918d66be0eae8f57a58,26a1ebeb355f1ece14295353f49e859e,delivered,2018-03-26 13:42:55,2018-03-26 14:14:29,2018-03-28 20:11:37,2018-04-04 16:38:23,2018-04-17,93ad2338bae27bc1270bf71df46e4ba7,2018-03-26
72a96400285f2bd8dd6d47e55e203b92,bd77da350a9ea3d6a17d1ae01d8788dd,delivered,2018-03-24 16:36:05,2018-03-24 16:50:28,2018-03-26 19:27:44,2018-03-29 16:26:54,2018-04-17,47b89560d1a92d6f272bf5804993c620,2018-03-24
b83972e412c479d855b5fcdaff8f4d67,179c9a2f3d47b3179611a8e3279dfff5,delivered,2017-06-10 16:16:53,2017-06-10 16:30:18,2017-06-12 15:44:59,2017-06-15 08:59:54,2017-06-26,795f6995217bc847277fefbf3598db94,2017-06-10
d0bce34c31d4494a153aa82c468152c4,b177ef267a4377b77e0620d1a7f08dce,delivered,2017-06-05 19:38:57,2017-06-06 19:45:17,2017-06-28 13:18:47,2017-06-28 17:08:00,2017-06-28,bb149f7e7bfee3d984e265d0eae6181b,2017-06-05
9d37f81251d833e6328fe07745bfc2d0,b3c098f5250d9a6b7745b6888783a949,delivered,2017-11-03 15:52:40,2017-11-04 05:05:35,2017-11-06 21:53:46,2017-11-14 18:58:57,2017-12-05,ddca77853118e7de2caec7e1896c5eb8,2017-11-03
c00f7921a5003d2b642bea9583d40166,48a917be2f41443540f0071f765aeb06,delivered,2018-03-18 08:54:39,2018-03-18 09:10:33,2018-03-21 01:46:50,2018-03-26 14:56:52,2018-04-19,7f4adf7903f4d02c527585c4d0f65c2e,2018-03-18
28136596c0ceb5c43000c1776348b72b,0761a5ba0468e259dcc1cff863eeb3a9,delivered,2018-03-13 06:48:40,2018-03-13 07:27:46,2018-03-27 23:38:53,2018-04-19 20:19:20,2018-04-19,e1407f4d2fd92ed069307bb0b836615a,2018-03-13
d0c657a6c80777d2c1c616e0cf917e32,e8d87a4b1c62c22f08a17ffa6570c9cb,delivered,2017-04-09 00:16:39,2017-04-09 01:10:24,2017-04-10 15:52:40,2017-04-12 08:51:30,2017-05-02,635efb83a8893712f25acc9bb44abc48,2017-04-09
40b9d5b5beb5f07698425a388cb7035d,0a4fcb6da2e190e60839545ef0537c06,delivered,2018-03-22 19:47:31,2018-03-22 20:08:36,2018-03-23 21:33:01,2018-04-10 15:32:58,2018-04-13,2576fdbc06d04c569faf4ff1020fe5d3,2018-03-22
1b93c74fca59a2ccbd51e3fdcb15d36a,7c3f5c0a88de1382b659909c72030c1b,delivered,2017-11-24 19:08:11,2017-11-24 22:34:35,2017-11-27 22:58:35,2017-11-28 18:57:08,2017-12-08,590683b332332b3a4b07cb4eef0c1e94,2017-11-24
9630c641313083fe39397cfa75810e4b,c83de831b03523421671013ffb35372c,delivered,2018-07-30 01:36:28,2018-07-31 04:31:26,2018-07-31 13:45:00,2018-08-04 12:17:00,2018-08-13,cc2ece250c5699e811b557504549509d,2018-07-30
3fbb598da3d544e640039c789df239b7,d7df11c500868a6c4ca48e8252347de3,delivered,2018-03-05 17:08:53,2018-03-05 18:31:18,2018-03-09 02:28:24,2018-04-06 18:52:35,2018-03-28,0526ed43dbc2198ab355d10ebc4b6a35,2018-03-05
c0a5ee715d163c6faeafb628759657d5,81f010586b721342420324aa202e0c87,delivered,2018-02-20 14:06:09,2018-02-20 14:28:44,2018-02-22 18:46:08,2018-03-09 01:44:30,2018-03-12,399a40df315793549e5fa7cea5727074,2018-02-20
e8977f709bbb0367f51b589e6325f991,b7f69471fed8a036911323fca290a2c2,delivered,2017-11-13 21:37:15,2017-11-13 21:50:33,2017-11-14 22:38:39,2017-11-16 19:25:51,2017-11-27,5ceed695eeb968efc7959d859a902e00,2017-11-13
2ed40a95fdd7b319825703d38149a570,57254253b91069d90c2d105ce6d82f7b,delivered,2018-08-21 19:11:28,2018-08-21 19:25:15,2018-08-22 14:26:00,2018-08-23 19:48:44,2018-08-24,bdec0cadb0123e53db6faa2e56057798,2018-08-21
e5d223ea6296e491df65d5786ad215d2,c90f74efe71360d1205b83bc6458f825,delivered,2017-11-30 13:33:17,2017-11-30 13:56:36,2017-11-30 23:27:00,2017-12-13 18:52:47,2017-12-26,88388502f20df20b31ccd1a4aca9e898,2017-11-30
534100b99398bfa0b9ffbf40fc8c7757,777223bb800df171262ee66574f4ba7b,delivered,2017-07-21 21:47:09,2017-07-22 06:42:47,2017-07-24 19:05:00,2017-07-26 17:57:48,2017-08-04,2a6882983daf46321db71a7b1cb14bfd,2017-07-21
bffbc9914c0ed565820a4cf5b205b0d5,b80a097ea46d3cef0ea29a2b2ce06375,delivered,2017-11-27 21:19:18,2017-11-27 21:38:25,2017-11-29 16:17:51,2017-12-18 22:58:41,2017-12-19,6f2e5e2e2e2102e0f04a17fdb18cce0e,2017-11-27
52c470bb7e38c0180705d1339fbc1cc4,58226f65e8043f2fecf5ca45bc00f460,delivered,2018-05-05 17:11:22,2018-05-08 03:52:59,2018-05-11 15:52:00,2018-06-06 20:52:08,2018-05-29,95d39fa16b888b9d41f5a51fe79c40f7,2018-05-05
c38c88c87a4800eda1f0a4f0638a48f3,163c48611fdce2822d72501412c2b6ef,delivered,2018-05-04 11:34:53,2018-05-05 11:33:49,2018-05-07 13:55:00,2018-05-16 01:38:31,2018-05-24,428217fb568fc1287fe5dbf9bc49ff65,2018-05-04
894e3de9f4244f5113bf5b97627330d8,3b2a2167b75d2d89c226dca5c2f31ab1,delivered,2017-05-01 11:28:31,2017-05-01 11:35:19,2017-05-02 21:25:52,2017-05-10 05:18:34,2017-05-25,8e5ab06f3b845a533615ad9d9a1345de,2017-05-01
c87c652834da18e71fce5dd703bc5936,4b87e315da3b2afd640165f8eb68a747,delivered,2018-07-07 10:20:36,2018-07-07 10:30:11,2018-07-16 13:03:00,2018-07-30 11:48:32,2018-08-03,35837154dbf68a1e4f0a7f08449e9608,2018-07-07
f7a13f20a5890267b58c194a333edfe9,b1a4f6469e0fddafd5397c86f8321874,delivered,2017-02-05 23:22:30,2017-02-05 23:35:14,2017-02-09 16:09:15,2017-02-15 12:42:20,2017-03-13,de7358726d7a1d543845be84129b9afb,2017-02-05
acf29b3a5d8f9e4edbde7d332f4aab8c,c32d964e5a735adc76b1c80a09367f0f,delivered,2018-06-16 01:31:02,2018-06-16 01:58:45,2018-06-18 15:01:00,2018-06-23 00:48:43,2018-07-11,f037ce08051ed4742e3a8c8c58193f6c,2018-06-16
aef44b8c84ba0725db5b3c5bd7b29200,0b32a6f8b47212b01768e04e8a3bcbca,delivered,2018-07-02 23:11:01,2018-07-02 23:30:21,2018-07-03 14:00:00,2018-07-04 14:59:04,2018-07-16,831519a1435b5ad9276f918e6dea9325,2018-07-02
2477bfb97977363803e3cdd7c6805198,8eececd782170fd1c5b538b1fdfb0093,delivered,2017-11-26 23:26:59,2017-11-28 23:37:51,2017-11-30 22:45:36,2017-12-18 16:59:11,2017-12-20,c902f3ef39179b58e803da196af3467a,2017-11-26
057889a9d468c179e39e9a6cdb5f4f8e,ffb53eb1e2c74880a3f552a3a32a68ca,delivered,2018-06-15 17:21:08,2018-06-18 11:15:27,2018-06-21 14:26:00,2018-06-26 21:16:43,2018-07-18,517ff8d038302fa81f4a6ef9cdd06963,2018-06-15
83c72ea1f298ffb69588da1e76ad9bcc,4f04f3ee0fa1a4068563654d2c137268,delivered,2018-01-07 19:05:28,2018-01-09 07:16:58,2018-01-09 21:26:10,2018-03-16 01:38:42,2018-02-07,bd7862d965a9ab3bd0a925ae406639bc,2018-01-07
808fbd7ff181351baf5d9ececab82258,ba9f01f047473c3db12adbf0b68cdaa9,delivered,2018-02-28 18:35:05,2018-02-28 18:48:28,2018-03-02 01:24:52,2018-03-22 17:08:45,2018-03-23,6ff4f4fcdadf8410fcae5bad48d7044d,2018-02-28
62bb0ef3edb4e30a1481daa8f0e91f3f,0be23035ad10fedb829249b612f907cc,delivered,2018-04-28 10:46:48,2018-04-28 11:10:37,2018-04-30 15:27:00,2018-05-07 15:26:39,2018-05-14,9d70ea3ebe5c4a618a2cc65ea1336492,2018-04-28
adb5229ba2403ffab5e2b7cd6e33459e,3d52b58102741860726768607ec7e311,delivered,2017-06-20 12:39:27,2017-06-20 12:50:30,2017-06-22 12:36:40,2017-06-23 13:04:20,2017-07-06,d35b852498996bd67a141c266e92f35b,2017-06-20
2de7baec7f43b0d1d11acfb14aaa7e21,2ee4de7ea23d3e955ab725ec479db518,delivered,2018-01-26 02:58:28,2018-01-26 03:19:22,2018-01-26 17:19:50,2018-02-15 17:13:33,2018-02-23,5abaf8290581633718e3ad75f2400643,2018-01-26
c49ba2ce28a550d5d637acb88bda3ba1,9f68ba009f061aa7f0c6458e66efb743,delivered,2018-03-25 18:29:20,2018-03-25 18:48:32,2018-03-29 20:14:27,2018-04-02 18:48:47,2018-04-09,d364ccce795b874b3b24f38e98140254,2018-03-25
6c91816cad7d95fae9a51fd93671289a,cf04f5f184e4c0c5430894beada91b29,delivered,2017-09-30 15:42:59,2017-09-30 16:21:16,2017-10-02 21:14:49,2017-10-06 18:49:58,2017-10-31,c1562f430fde39464f3d286e9a9a3602,2017-09-30
d7c877c5db825f754e75a32ac35e13b0,75cc2d098cc1aa9cb7ea863100b5c200,delivered,2018-03-04 15:23:16,2018-03-04 15:35:29,2018-03-06 00:37:36,2018-03-15 22:28:26,2018-03-28,ad025c560160b103fa526e237381ece7,2018-03-04
d1a247356c40b7de748a36342cc9affa,5ccb310ba483a89f461da705b6906af8,delivered,2018-01-13 19:37:40,2018-01-13 19:49:37,2018-01-18 21:52:45,2018-01-30 21:08:17,2018-02-06,d498d0142e221f514c5db40075fc6e2b,2018-01-13
c42032f3265e1b479a385e0b537252b8,110610bf53fc189ecdff1917a441a991,delivered,2018-01-19 19:51:18,2018-01-19 20:16:40,2018-02-07 19:28:21,2018-02-22 18:17:11,2018-02-20,120c80fd3ef1f24d1a364d88a3be7dfb,2018-01-19
b5b015afaa8546f85da13e16878325c7,8435acb0d20dea7a8fc0d659bbc3eef7,delivered,2018-05-19 15:41:35,2018-05-19 15:51:59,2018-05-22 19:04:00,2018-05-23 20:25:24,2018-05-29,208c243a9fe50639cbef36748254ca72,2018-05-19
584c738e16c8bf7f525160ad449e103a,8d3adb13caefd60c8e611cb3f2a69da9,delivered,2017-12-11 23:18:47,2017-12-12 00:05:06,2017-12-14 21:39:15,2018-01-05 23:48:17,2018-01-09,338b4e6aeffb2e61a252a00b59b23c33,2017-12-11
1f86788aa6bb65cfe93c9bc996c27e91,8714d5f59b012655e9adc2f68b69957a,delivered,2018-04-03 19:49:05,2018-04-03 20:09:05,2018-04-04 22:03:37,2018-04-10 22:03:37,2018-04-26,30cdd9eea2b6192b8fa65c9ff5e59acc,2018-04-03
a1b8aea9fd9e26a8644a65e1aaea8740,0ab760a37d890cd1ebc3bf0d7d5f5ad4,delivered,2018-07-14 18:12:49,2018-07-14 18:30:20,2018-07-16 14:15:00,2018-07-27 11:51:55,2018-08-08,64652d43a3e2bbf0ce0ac8675b21b0c8,2018-07-14
ba63a64d0aa1576c6b826428f476da1d,cac8cef37f69570ba1cbc5e4ad1c3590,delivered,2018-07-28 13:11:55,2018-07-28 14:30:45,2018-07-31 13:34:00,2018-08-07 17:45:17,2018-08-15,0659c25d5236321b64129e6c3ac48ea4,2018-07-28
403bd63a3c63b59c73e32b1ee7c4a664,2ab985fdf76700a0c77d9ea89e2f3e39,delivered,2017-11-11 23:43:34,2017-11-12 23:50:35,2017-11-14 22:54:47,2017-11-22 19:05:32,2017-12-01,5770a9140aa5dc0ab1a2c046dd543664,2017-11-11
6c2a52b8ca498855b567ef1e5577940a,e95d937c7456ef0f947990a9eaee2b1e,delivered,2018-01-31 13:25:33,2018-02-01 02:35:52,2018-02-01 19:34:58,2018-02-23 19:04:33,2018-03-01,f71243a7969a7d12dc1cd3651a471625,2018-01-31
c668959320c802e085e34b42a9b3e7fe,cb9b503a684f6157c5eff93c908ad0d1,delivered,2017-06-07 18:27:24,2017-06-07 19:35:22,2017-06-08 10:14:50,2017-06-19 12:48:47,2017-06-30,3cacfbd1c1e185f2798fcbe60b502fcb,2017-06-07
7b99b84868d16899bd87924ba93f32bf,24a0c8ed6023ebf150adf2594bb824a1,delivered,2018-02-27 21:59:44,2018-02-28 13:15:27,2018-03-01 20:34:46,2018-03-23 14:28:57,2018-03-21,39dbb76067e3988124b9bdaa6033bede,2018-02-27
c9eadde41242e71dd70ad3fb033940eb,b3c2c42fe40ca63323ee2b44f207a66c,delivered,2018-06-05 19:12:35,2018-06-05 19:54:52,2018-06-06 12:54:00,2018-06-07 21:18:48,2018-06-29,2af65d0f2938791be476dab232a23c43,2018-06-05
a94d0b841df6a23bdb275b89448d1d3c,e28e57a3be0434b0b2eb366de657ec43,delivered,2017-07-29 20:47:03,2017-07-29 21:03:26,2017-08-03 19:33:53,2017-08-11 20:17:07,2017-08-29,cde6d165fe4bf320761c30b6d62e94fc,2017-07-29
46cede95824dbdc8bd1549dcd43e4850,1d858e0bb7f8c1a95605be259f635d86,delivered,2017-05-12 19:59:12,2017-05-12 20:10:14,2017-05-16 12:33:59,2017-05-19 10:09:37,2017-06-01,0a2aa3b7c6edb8e0e089229ba19a285b,2017-05-12
8dc54c68f91d6fcf2802cf289383a085,5746fccbf3921985147d1e85140e0e2d,delivered,2017-09-08 23:31:31,2017-09-08 23:45:17,2017-09-11 20:39:34,2017-09-19 18:12:42,2017-10-02,ab1f638cafcb8a252454fe5498e4513d,2017-09-08
f6159576a3c6447b217c3b0397b97e06,a1327b6cd120f01ea65a7418197d47db,delivered,2018-06-01 18:21:28,2018-06-01 18:35:21,2018-06-04 13:01:00,2018-06-07 15:27:47,2018-06-26,6077db684bfa5fae744d9a732bce623e,2018-06-01
58e49d5a213ab0b61bf261ddf8332f5a,9b9f6285956c99f9aaf3c2b1ae833836,delivered,2017-10-06 21:04:13,2017-10-06 21:24:41,2017-10-11 20:24:54,2017-10-19 20:33:32,2017-10-24,ba87a8631c10832e670eddd7ea54cabe,2017-10-06
22df89b611e2a03b4957043cf949e51f,3703dabac361c6249a0d8d21564fb925,delivered,2018-08-22 09:17:07,2018-08-22 09:30:20,2018-08-22 15:44:00,2018-08-27 07:42:37,2018-08-27,edbd256c62af7487800128f3c7ac7e9b,2018-08-22
dc7be79976943eeae2bd3e4530b511fd,d33b250cb9b08d63736d711cad71cc52,delivered,2017-08-08 23:01:39,2017-08-08 23:15:14,2017-08-14 16:26:31,2017-09-11 17:04:21,2017-09-01,e03b239e4335d431c5638456efaae133,2017-08-08
70c50ba283cdd637ec95a4c0b0821a7b,8e017b4671087e525f876be6b8a73938,delivered,2018-02-09 19:30:28,2018-02-09 19:47:55,2018-02-16 23:26:34,2018-02-28 19:42:35,2018-04-03,4572e4b70e1c7573250c2c47aaa30210,2018-02-09
46d0f76081021815e170035bdef4c828,7dcbe502ff17e2a150de35c16eaca314,delivered,2018-02-26 09:39:24,2018-02-26 09:55:32,2018-02-26 22:40:16,2018-03-20 21:14:40,2018-03-21,c766b8b2b94113d48756f09481596ae0,2018-02-26
74c2f1a8063baecde689a28b1704993e,b566df205f7a47c71d281f90e365b938,delivered,2017-05-29 21:39:33,2017-05-29 21:50:14,2017-06-01 14:17:43,2017-06-12 11:12:42,2017-06-29,dfb2bd287d201ec136be732c21bfd4d4,2017-05-29
0eb6c6aa0923d0a671134710c31319f7,11b5f83470e86b06f220fac828043b54,delivered,2018-06-03 08:32:54,2018-06-03 08:50:07,2018-06-05 08:45:00,2018-06-15 22:52:18,2018-07-19,7d5addd56bfffc740016b9f114624c45,2018-06-03
7de7d0f642682f06b2dbfd5a2e614ab1,fccc0ac1e7e53ba3df6e2b03dfb18c21,delivered,2018-05-21 21:50:47,2018-05-22 00:32:48,2018-05-29 14:33:00,2018-05-30 21:28:38,2018-06-04,b4e686faf1cb6dab11c2dd46338e97b5,2018-05-21
f3673235fed9c71ed5d7ae997aba157c,34430dd857cfe2224e2cdc97bb23b788,delivered,2017-07-01 20:27:50,2017-07-01 20:44:03,2017-07-03 15:21:17,2017-07-04 18:08:43,2017-07-14,928cba6485d1226fb12f5c2e80e90c13,2017-07-01
d18ed2885838f867171afaae0176226a,a91d30bc47334a1ea8facb96c936c114,delivered,2017-09-12 13:52:34,2017-09-12 14:05:45,2017-09-13 17:06:49,2017-09-19 16:57:51,2017-09-29,e0caf1bc5a0940109a4b13d7a8036850,2017-09-12
408d3b25332b720d54aeb8503549722e,d198b40ba4bff0ab7ca1a37d872e9c5b,delivered,2017-03-20 20:44:04,2017-03-20 20:44:04,2017-03-22 10:59:33,2017-05-31 09:13:50,2017-04-19,2f37a695478fbf531a61d086b444a634,2017-03-20
ae11d192084ba3db24965f271590124d,48f604f54860c1cb6d76ad2a8217ff4d,delivered,2018-03-01 15:16:26,2018-03-01 15:35:55,2018-03-02 01:17:58,2018-04-12 13:20:55,2018-03-19,bf482716881b0c14af9efda1fc58a649,2018-03-01
561e1660c58ab3daf4a9176547f0259a,cbd40e39b0766903c56693d9644fec96,delivered,2018-03-13 10:57:22,2018-03-14 02:55:35,2018-03-15 20:18:18,2018-04-09 16:35:24,2018-03-29,3d99d4a81b87cab06805afddbfd0e23d,2018-03-13
b5eb3252f8e5ded7044d176ed49e2ecb,86d7e0b2821894373d67a03352affdcb,delivered,2018-05-28 17:23:08,2018-05-28 17:35:10,2018-06-18 11:59:00,2018-06-22 17:59:29,2018-08-03,146f4256a3f10b6522215a138d9ac678,2018-05-28
67b8be73433478a113a8de62614329a7,70868ddda788fcb4c2b9f49958ce130e,delivered,2018-04-03 10:59:50,2018-04-03 17:28:49,2018-04-05 17:58:28,2018-04-14 16:45:42,2018-04-25,dee6ba013f0981441efdcef8142eb23b,2018-04-03
6d7a67554f1a6013a68994bebaab490e,bdfce79de4a1547f4c0f6a92ff75ee71,delivered,2018-02-20 16:11:33,2018-02-20 16:28:24,2018-02-22 03:33:24,2018-02-23 13:16:46,2018-03-14,f440860efb0757389b7f5f6398e42195,2018-02-20
a83755325957c8eed972dc614210922e,f1dff4553a649bda8159688956f0676d,delivered,2018-05-09 20:52:34,2018-05-09 21:15:26,2018-05-10 12:15:00,2018-05-15 18:47:25,2018-05-25,995707cdf9f6cc28afd73d31b48638f1,2018-05-09
774189d7c5cbddd496b190c3c0f9de56,51105ebece34f2e9db16cbde7604c79f,delivered,2018-02-22 22:30:08,2018-02-22 22:48:08,2018-02-23 22:59:35,2018-03-27 13:48:22,2018-03-21,e976616d580b3c98a1c3d86cb5609031,2018-02-22
4a5b3c7775a949350dd6077d40082bb7,c92cbf323a2d0bcfd0cbd1032cdbb166,delivered,2017-12-15 12:52:45,2017-12-15 13:12:59,2017-12-19 18:27:08,2018-01-11 15:16:45,2018-01-19,d05f55a2a87d03910009d1360c3b7ef3,2017-12-15
897846300466b8aa40902abef9250b14,685cff88e4e6a56deae11154a25f4d94,delivered,2018-06-18 12:51:14,2018-06-18 13:16:39,2018-06-18 19:16:00,2018-06-20 20:59:25,2018-06-29,932185bdb03ca6d9295b333dcc9ea9ec,2018-06-18
d43ade6350b54f4b4d26b52007496a3c,2eb694cbf51693879395766aba3897b1,delivered,2017-12-09 23:03:45,2017-12-09 23:13:26,2017-12-12 21:11:46,2017-12-14 17:27:34,2017-12-29,96b5954cbfd85b822464b6cd1db6ef1f,2017-12-09
18cbe13511542b17fb381213e324d4e6,26de5ab0f68967b8af2c7c56d39a3742,delivered,2017-12-19 20:37:17,2017-12-19 20:45:26,2017-12-21 22:48:31,2017-12-27 19:14:46,2018-01-12,d239a9ebe6d0db949389686f4ca4245b,2017-12-19
edc75396403e226e7ac4e42085860602,1242ec63ccc71cdb960422c3f26b9400,delivered,2017-05-01 10:16:29,2017-05-01 10:25:12,2017-05-02 07:37:57,2017-06-01 17:48:08,2017-06-02,6f146e4d85d91517d6065f2402b82dd0,2017-05-01
d8423fd123c19bd1a0c2a7151c73852f,53596e5715cf300ebbdcdc744b2fdb2e,delivered,2017-04-16 08:52:59,2017-04-16 09:05:12,2017-04-18 15:59:01,2017-04-28 14:37:45,2017-05-17,66e37a3a7182e9499d5c45b99763ae76,2017-04-16
290069e93a387bceb35f0106717ab803,c173afff5bcf226ffc8c9a1975910f39,delivered,2017-05-22 11:32:05,2017-05-23 11:42:43,2017-05-24 10:03:21,2017-05-29 11:36:41,2017-06-16,6cd315c36fcc1a203690c2bc092d2136,2017-05-22
4cf58ec9c2d5bfdae2390471f7836fca,d1a7592390f4a2e595a0f77f62e0a5b5,delivered,2018-02-05 14:23:52,2018-02-05 14:48:21,2018-02-06 18:58:54,2018-02-15 21:23:26,2018-03-01,c9d295dff87163412bfee2bf151a16b1,2018-02-05
ad27fd2d88f7a006c5629cab52082a8d,7b12b78707fde0cbf90aa13db59ebffe,delivered,2017-10-25 12:46:59,2017-10-25 13:06:05,2017-10-26 15:27:59,2017-11-03 22:17:38,2017-11-13,572f6043f6dab541eec0b9284b904dc5,2017-10-25
bf43328103299ae529116e4521e82191,5cc56ee044870a357f395d0c325274d3,delivered,2017-03-30 16:27:09,2017-03-30 16:42:32,2017-04-10 18:10:49,2017-04-12 18:09:05,2017-04-27,03543e7bcb602107d81abca01f3d94a5,2017-03-30
40b24dab374c01e18e3e6f269f67c8ad,deba89fcf410c9fa49c3965c6f56c132,delivered,2017-05-08 16:24:17,2017-05-08 16:35:18,2017-05-09 11:31:03,2017-05-17 10:06:50,2017-06-05,e933826051385d0cb7ca172238a49317,2017-05-08
091c34308e51d6dff47fe839b7aebbd5,13368f1b7479cf29edf6d91e842f23a3,delivered,2018-08-02 13:37:08,2018-08-02 13:50:22,2018-08-03 15:23:00,2018-08-06 14:54:42,2018-08-16,1921464974324e47fa3f2e73704df5f7,2018-08-02
f1eb378be592a06b8c3c6006b7d7102e,02a9ffdc4269af810deeb20a32c8aade,delivered,2017-11-27 16:36:37,2017-11-29 02:19:04,2017-11-29 21:59:03,2017-12-04 16:45:39,2017-12-21,f7d319c00224031393f1ba82343db3d6,2017-11-27
af9b17f2f1dfb02d55825bd0d7870d0a,1de8615754a9427f8bc52efdd114bec5,delivered,2017-08-19 23:52:34,2017-08-20 00:05:05,2017-08-21 20:09:38,2017-08-22 18:57:30,2017-09-01,02e6a8a86c74efabd650f01e0c460a1d,2017-08-19
621ab070c6e1491f81eb9a8a8ccb0ea9,d8a76a94468f01bfbbe028908b633981,delivered,2017-08-29 11:10:18,2017-08-31 02:35:44,2017-09-05 12:15:44,2017-09-08 20:36:27,2017-09-20,ee817fb6892963601874bd9a5b0ef55e,2017-08-29
c365542345d9e49d2a7b3bfe7b89b559,6a0bd57121101b39e6305fb2bb48d9b8,delivered,2017-12-22 19:57:01,2017-12-22 20:10:03,2018-01-02 17:59:48,2018-01-24 18:02:58,2018-01-23,c6cbf9074ebc61e2b1b30154c797cb85,2017-12-22
171706c3cdc94b7ab32ba08a0c408b21,c2586338703b7c08c56dab59d61cf3ea,delivered,2018-05-16 09:46:56,2018-05-16 10:12:32,2018-05-16 14:17:00,2018-05-21 21:20:45,2018-05-30,1ad84d1ab5998f0c9c3564cec9a4c2d5,2018-05-16
2d164bf33635284fdf3ae2ff61a2dba5,902e86086e218762aef97d7d22b68fae,delivered,2018-04-18 14:43:42,2018-04-18 16:53:56,2018-04-19 19:04:40,2018-04-29 14:30:58,2018-05-14,698531548ac69c49e7d41dd8026dd20e,2018-04-18
0e3bb5bc8f2262c9fc302e56de5b7c48,d43dca5b6e770255a2c53f2b6520be4c,delivered,2018-03-10 20:35:00,2018-03-10 21:08:09,2018-03-12 21:48:18,2018-04-16 21:36:28,2018-04-06,6fb14b8d512436392413ee0c70013680,2018-03-10
0e500dffc01c92a23a3a011ce669d039,64a36fc63db4a732e592bb4ebad5f088,delivered,2017-05-24 16:36:33,2017-05-25 02:45:26,2017-05-25 09:45:19,2017-05-30 12:38:21,2017-06-13,0634a0879af28b3d4ce68b1904e05dde,2017-05-24
6e9e60623cf73b485aee48dc4b45c98d,0b779368ba5d4d8f91414e244c260dce,delivered,2017-11-10 16:55:13,2017-11-10 17:10:34,2017-11-14 22:44:28,2017-11-24 22:03:32,2017-12-07,6e48a742733b07300f4bc5ef5847a0b8,2017-11-10
7435f7bbb58d39e8b780c0e60e4ef3dc,24372fd3ff29d6dcc6f7a274361899e8,delivered,2018-06-03 13:53:08,2018-06-03 14:09:50,2018-06-04 14:53:00,2018-06-05 17:52:02,2018-06-28,cb008483bac7f8a627fcfc63ceddc8b4,2018-06-03
fc0e7c52306f65220d5eca076e70c610,80cd284463cd296129eab19cac5f012f,delivered,2017-03-08 15:12:54,2017-03-08 15:12:54,2017-03-28 13:36:28,2017-04-06 15:08:03,2017-04-28,4820959c2ff0fca35566ad31c3a864f3,2017-03-08
c11b5924ad0d8c5d5d391d87178f00a8,e36b2be26fcc8f7f0f5e79f01122ddd2,delivered,2018-03-18 12:26:15,2018-03-18 12:47:35,2018-03-20 20:18:50,2018-03-23 00:05:05,2018-04-05,95e3f46e6735179a04550904b29c9696,2018-03-18
98cf2992d3cc12469646a6b42c49d0b8,996267e3543c657e34dba8f8315bd302,delivered,2018-02-04 17:10:49,2018-02-06 04:33:11,2018-02-06 17:38:35,2018-02-18 01:46:15,2018-03-12,8924dc106426bda7a86970094661bcc4,2018-02-04
55f13afd91122c753eafc7028f1e542e,451af7cfe419ce955dc4c0f7e16a359c,delivered,2018-07-20 14:25:51,2018-07-21 04:05:21,2018-07-27 09:18:00,2018-08-01 16:11:10,2018-08-15,d22a987064688b3ebfaf2e8f9ab529fd,2018-07-20
536b0208ff21c904d9537690f92f0363,d3234269a0c002e31b31048277027f6e,delivered,2018-07-19 19:38:11,2018-07-19 19:50:11,2018-07-25 08:02:00,2018-08-01 21:41:35,2018-08-13,f069575f825846febdf4f9bfec0abc89,2018-07-19
257041ac42267fca37db236f4d5d7197,40efffc7786c7185ed26f5e9b2c3e646,delivered,2018-08-14 20:38:23,2018-08-14 21:23:57,2018-08-16 13:36:00,2018-08-21 19:51:54,2018-09-19,7580e539c3d74ce5ff3946877db01dd2,2018-08-14
884245b62173977a377007d7c62cf9f2,3bec57f51a23b4e63d691df3ab023cc5,delivered,2017-10-04 13:58:33,2017-10-04 14:14:10,2017-10-04 20:18:07,2017-10-16 20:27:40,2017-11-03,0edae752c98ae9333a935019211d96d4,2017-10-04
b921acf09054fd397896f271b0456f01,d2e0e7fa94fbf4e2a54f40fa1dbb13fe,delivered,2017-12-27 13:48:41,2017-12-27 13:57:29,2017-12-28 22:16:06,2018-01-25 15:32:42,2018-01-30,1f4a3983dbe5e967482c2f5569f962e0,2017-12-27
9519371e37eebc065ffca4a20134aed7,85b65af675e83a04f5d0c511dcdf8f62,delivered,2017-10-30 11:25:34,2017-10-30 11:47:24,2017-11-01 20:35:59,2017-11-08 20:09:50,2017-11-17,dc2a7310affa23d52c045d14007f908a,2017-10-30
d62a17b3c34827259aa27647123f551e,42f98a15c32e05ec23c23a927420759a,delivered,2018-04-20 16:31:21,2018-04-24 19:23:56,2018-04-23 19:34:54,2018-04-26 12:29:50,2018-05-16,91c3c2b10f62dc342c721e0b7f73cc58,2018-04-20
2f4811e66be7f928c63acd083f0e0095,ffeaa6d37b3691d54a01171f6562f44f,delivered,2018-01-03 11:50:15,2018-01-03 11:58:26,2018-01-05 21:23:49,2018-01-22 20:52:29,2018-02-09,1c627eb230da69b6aac42e5cc550578f,2018-01-03
901742f6e040a1c33f13d686dff01cb1,f8c8e24b17b7d43215851e79c2918e9b,delivered,2018-03-10 17:53:34,2018-03-10 18:08:35,2018-04-04 18:26:27,2018-04-12 18:52:43,2018-04-09,1a98938596b109a224c2737e33198080,2018-03-10
76050ac42e05f52668728d3b535629f4,be8629dff2b09053a8d2b1d40f1b1b37,delivered,2017-05-24 21:57:34,2017-05-25 10:02:51,2017-05-25 14:09:13,2017-06-02 10:46:54,2017-06-20,5d6222887465eb9455b65d76d5954089,2017-05-24
c68f9fba87fb85ad8be4ae66379b138c,05389eed76026df7e3492a16dc57733c,delivered,2017-09-30 12:48:45,2017-09-30 13:07:55,2017-10-04 15:10:32,2017-10-20 23:21:19,2017-11-06,222351cc5b5ea6fcb83e6e21fce1ef6b,2017-09-30
d01f15491f3bc2e461d13e32f03978f3,b9038bec8a0b992f070fde7610f94a66,delivered,2018-07-25 16:48:32,2018-07-25 17:04:24,2018-07-30 14:01:00,2018-08-02 14:18:51,2018-08-10,54a0adda1e4280f00619da4f756ebad3,2018-07-25
5820dd9ea37cacf01bfff5a4b9ccfb13,a9f839d6b08599e6af4cb93719cec109,delivered,2017-11-28 00:09:47,2017-11-28 00:38:34,2017-12-06 00:09:16,2017-12-29 15:38:49,2017-12-21,7dcb8b2742c38a4da27d7ec24dc11d1d,2017-11-28
7257815d53dad2ce8c81e8e17b4719d3,0edce9e70d68276470e6f70aeaf53157,delivered,2018-02-10 01:09:27,2018-02-10 01:28:49,2018-02-14 20:15:21,2018-03-05 17:46:41,2018-03-06,af6dbe92f3d8de481bf1512b3a40087d,2018-02-10
c5a136c7cf492a759889d92627006f25,6d03352eec00b16dd668224560ff054e,delivered,2018-07-26 17:24:32,2018-07-26 18:31:11,2018-07-30 11:10:00,2018-07-31 18:51:57,2018-08-07,c9ca0f1dbcb863242badf7c9777420aa,2018-07-26
8ea30b70e3e6d110ab6eaec18f0a7269,6f347af44c9fdc0cc5aecbb4bba87bc4,delivered,2018-06-06 14:17:44,2018-06-06 14:35:26,2018-06-06 15:18:00,2018-06-18 14:13:02,2018-07-13,f78ec54f456f5ee365f29691c14c6ea4,2018-06-06
7e225c7be8d238e6c940f116d7583a13,8f2556a69003a64f11306c11535beb06,delivered,2018-08-09 18:27:50,2018-08-09 18:44:58,2018-08-10 14:07:00,2018-08-23 14:48:48,2018-08-28,224334c351576d6f4566d859ed229dfb,2018-08-09
8cca30720d5165714d3c1d64cf85e34b,3a5dbd95b86626c3f0c042ace081118b,delivered,2017-03-07 14:25:03,2017-03-09 02:51:05,2017-03-10 10:47:19,2017-03-17 13:39:02,2017-03-28,fc1eac58b91f0b363b4841ded521729a,2017-03-07
76774c936de5cb5a431120fde98e40da,70210c917bc804a1269942a71308a4f7,delivered,2017-01-08 20:57:29,2017-01-08 21:10:16,2017-01-14 08:38:00,2017-01-19 14:06:26,2017-02-16,6d9e2c0d8e12764c96436cdd2cd11655,2017-01-08
9a8df1603191fe8fa15788692de6f4c3,b723c6719289f4eec0e10d6955c475b5,delivered,2018-01-19 13:37:52,2018-01-19 13:53:56,2018-01-23 22:19:05,2018-01-30 17:32:48,2018-02-16,ce9249921183ab01a54d24cde8931072,2018-01-19
cbe66915eba00a69bf2b3293077ff20b,5cf5337c93e16510bfc0a4c3f0e7d162,delivered,2018-05-13 16:25:48,2018-05-13 16:35:16,2018-05-14 12:28:00,2018-05-18 15:11:36,2018-06-20,b5d121e93f04064270ba488823371a7a,2018-05-13
dba2f75a725a75eb4c18afc504088084,61b162d53ca0860436ad8f69ca371431,delivered,2018-04-30 12:08:11,2018-05-01 05:55:54,2018-05-02 15:03:00,2018-05-08 21:46:46,2018-05-25,eb73b5a60e66cc54cca56e8e9d7acd80,2018-04-30
e6ccb4e29b42a81b774b13101835b5a3,f5d36001e841dad8e3810fcdec2dda19,delivered,2018-07-26 16:16:57,2018-07-26 16:35:08,2018-07-27 10:57:00,2018-08-03 00:12:01,2018-08-16,36d715a6f21202f0bd0acbc2c4a32509,2018-07-26
c4b2b908aab6585b6a3147ac72952242,bc5c044b9f2533d8a03d44d518ce8fdd,delivered,2018-08-16 12:01:10,2018-08-17 03:10:18,2018-08-17 15:02:00,2018-08-27 20:37:33,2018-08-22,0515541e3c23abc097a163f6a363304b,2018-08-16
32720c0c8b42f4c2cdb07cee5ec2444b,8df8c71565b1b7c5d8bec24a7052ba2d,delivered,2017-11-24 22:46:55,2017-11-25 01:52:03,2017-11-28 18:41:04,2017-12-07 21:34:06,2017-12-22,7840943cd50f71e2a5999a5c92bd9f6c,2017-11-24
2591658abd3b77d980fb1d82584badc3,2ce72245ffebb0287ae4193d34128753,delivered,2018-03-02 14:14:50,2018-03-02 14:29:55,2018-03-05 18:33:58,2018-03-16 18:38:37,2018-03-23,e4f1eaf3bc1eda42616c79d56bb123cd,2018-03-02
3824a5d087901938c0b9f72f6008bd6c,369a5c8dc8949156048dad71a1da7412,delivered,2017-10-02 17:37:50,2017-10-03 17:49:34,2017-10-06 21:41:32,2017-10-18 15:10:21,2017-11-06,96a2e16802343955772267726f99653f,2017-10-02
edf2c3d6395a7bf3fb1f35a9e919a88a,81f145ce1cdec04d38be7be6611f2f10,delivered,2018-08-10 14:19:56,2018-08-10 14:30:19,2018-08-14 11:08:00,2018-08-17 17:51:25,2018-08-22,e17583ddad3d2284802b931bce2d8f58,2018-08-10
68fa78470b45315a116015f3f6bb75fe,be136dd7dc4b148c005bb99eaa6c8674,delivered,2018-04-18 16:40:40,2018-04-20 07:32:03,2018-04-25 14:19:00,2018-05-02 16:05:20,2018-05-11,1e2373253125b461d50a76a3704604aa,2018-04-18
41b6d9a83b4f55e253cc69d7cd6dd55c,511bc36a7fa92687dc6fd1c5bc5e120f,delivered,2018-07-30 17:49:11,2018-07-30 18:30:49,2018-08-01 15:17:00,2018-08-07 15:48:36,2018-08-22,3c148fda438c986c7f659079038f308e,2018-07-30
e118373a9e97e99fd3876fe78d34f501,7544eef54d4c048f168199ed39b6698b,delivered,2018-08-12 18:45:22,2018-08-13 10:15:21,2018-08-23 13:59:00,2018-08-30 13:03:37,2018-09-11,110fb8ecbfacd1883f0597310d5678b4,2018-08-12
e57764f2eb87817321ab13d72f3a8d7f,7a301b94529db5b1d84ad2f4b9d27a6f,delivered,2017-06-20 14:53:32,2017-06-21 06:43:22,2017-06-22 13:51:53,2017-06-29 11:59:28,2017-07-10,49dddb9ff4a65c97b11140ec20638f79,2017-06-20
6e454623148ed5b186a1eaf35d2b51eb,384758140507442ea3907362b7e9a3d0,delivered,2018-06-05 09:08:28,2018-06-06 03:11:05,2018-06-07 11:22:00,2018-06-15 17:02:49,2018-07-11,6d36779a69e622d2516fd3b0ebbd1b2a,2018-06-05
6c273b11e7a7b4b410ea29fac9769fac,9a4973b677cf78fb287918da79e7177a,delivered,2017-01-21 17:33:30,2017-01-21 17:45:19,2017-01-25 15:37:35,2017-01-30 12:22:46,2017-02-28,a59fce8e4ef38a56245316ca247b9bc0,2017-01-21
511792104eb626cc6881f7831561265c,19da0f1845f527a9b4f2e98ad2fc6a0e,delivered,2018-04-09 12:55:25,2018-04-09 13:10:48,2018-04-10 21:12:06,2018-04-11 12:51:01,2018-04-24,2e7c511f54e9d94776c606007d672a22,2018-04-09
ef6572468642ad6f224c1991a17bc4a6,86af402b2d13ee2e3d2c50ae1ced6df0,delivered,2017-12-04 20:25:35,2017-12-04 20:35:22,2017-12-06 21:38:54,2017-12-19 00:38:17,2017-12-27,66520ddf514fd245907d76a567d68d9f,2017-12-04
2d8ccc19e54ad8d47892374975c1a52c,d6db9474cda3f1211115a13259b6bcef,delivered,2017-11-30 19:03:58,2017-12-02 02:37:22,2017-12-04 22:52:28,2017-12-18 20:35:34,2017-12-28,a9ac205dcf5ca050f6b7ef9ff97e81ec,2017-11-30
5a4f11a9be03037cc84e5b77f4cf9d82,ae83491ae685afa6ec6af5deba64d7a3,delivered,2017-12-19 23:35:52,2017-12-19 23:53:18,2017-12-21 16:13:43,2018-01-05 22:05:43,2018-01-08,bfa3303d9ff1a7668d49cff0f44ceaeb,2017-12-19
bfa5a8f656b7dc663c21308b0bc39212,30bf64b71d75305d57cc0d8bdeaaa92d,delivered,2017-11-07 01:07:57,2017-11-08 03:35:38,2017-11-08 18:57:47,2017-11-13 20:09:14,2017-11-28,01531f72337b960a58cdba9c94e96d1a,2017-11-07
45aaf4069d08b57b6a114f06191ce5fe,0a2ea6ce0a7f5f632e48ddb690a10e5b,delivered,2018-05-11 09:19:45,2018-05-11 09:39:16,2018-05-14 11:56:00,2018-05-25 11:58:32,2018-05-30,b19f2d2334cae7c37c514123705f8525,2018-05-11
294daf7c492131f5d3168a93bb1b74f9,96589e8267dcafad07f9e1137d8089dd,delivered,2017-08-17 02:43:54,2017-08-18 02:50:08,2017-08-22 13:54:59,2017-08-24 17:33:52,2017-09-11,259789fc56fae3bb877bfed7dd368d76,2017-08-17
8a2e7843f87846d9318900e87497574e,78696c125f03688ffd05f0ba53b910f9,delivered,2017-11-29 23:45:13,2017-11-29 23:56:34,2017-11-30 15:24:43,2017-12-28 23:13:43,2017-12-21,7dd38a55db3e9d11ff8754f280620b92,2017-11-29
96bb0b52c144e3949db5f18787c13ce5,66f9f0ba70a8cc8c83a204016c16af4c,delivered,2018-05-20 23:09:42,2018-05-20 23:37:50,2018-05-21 15:55:00,2018-06-08 23:52:29,2018-06-14,d15a813e2e9d30604f12333d53a0ba26,2018-05-20
fea5a631859ef3c5c4a7ee9ff36096a8,cf6c82a042005e750e4b3d9c67c4ff03,delivered,2017-10-22 23:54:36,2017-10-23 00:14:18,2017-10-23 23:03:00,2017-11-04 17:34:39,2017-11-14,61c3f91716e12d5b61a072fff1d023cb,2017-10-22
4f7d7c29804187d1b3e013ac5fe1dae5,a02b819fdeb1a2e7c894b46763b47f44,delivered,2018-02-12 22:38:55,2018-02-12 22:47:39,2018-02-16 19:16:35,2018-02-26 15:52:32,2018-03-15,33b9dba81a2e17209bce55d2f9969273,2018-02-12
9e7b4dc19aadc8298e2984986d3bf014,2ab4c04d8d6160749ea57e125c32a6a1,delivered,2017-10-13 16:52:15,2017-10-13 17:08:29,2017-10-30 17:37:55,2017-12-20 14:32:58,2017-11-10,3db8d7bf0403ab19834e3690691af4ad,2017-10-13
acd7029e70d5e80091c71c9be6643758,b03ee9f793c8f31660394513b415e602,delivered,2017-08-01 15:17:33,2017-08-02 03:04:48,2017-08-07 18:42:55,2017-09-13 15:07:38,2017-08-16,95b0c515f4728a152b488e6bb002c6a1,2017-08-01
14455f1aaa833508297244b62e751d46,5cdc78f9be4a7e1c3622c9d22b8af377,delivered,2017-04-22 20:30:19,2017-04-22 20:41:35,2017-04-24 10:35:27,2017-04-29 11:28:07,2017-05-11,ad18533f6d2b763930c376f267b090bd,2017-04-22
9de858b61658028ef0540e8846830f82,090b074313d5a866233fccf2039e8b93,delivered,2018-04-09 13:16:46,2018-04-09 13:30:29,2018-04-11 17:19:15,2018-04-24 15:23:04,2018-05-03,81ae889ff96950c263ccb0e049609a3c,2018-04-09
fe400e74c1744f744f187225eb8d417e,c860db183cdb06557fde4d383acfd8cc,delivered,2017-05-01 20:58:23,2017-05-03 11:35:54,2017-05-04 12:32:09,2017-05-17 14:33:27,2017-06-01,be93a273882a796abf3066528a535075,2017-05-01
f55d478953a8f260b66fd32c5e8ae26f,b612238bc7dda69d1e4df051587b966f,delivered,2018-03-11 07:58:31,2018-03-11 10:21:15,2018-03-13 11:18:56,2018-03-29 18:22:05,2018-04-10,bff9db4b93c1d5da0e1d227850abb7d8,2018-03-11
2aceefa8498a058bac3f46c6336e744c,776d3fd90e5b9a236ea3079e9ab805ff,delivered,2017-05-13 20:02:53,2017-05-13 20:15:13,2017-05-17 14:58:35,2017-05-19 07:53:04,2017-06-02,8375c295d4db72bc773ffefc8b4866b3,2017-05-13
5d4cc8f9c45e3cc48483e096ddf967e2,381a9502dddddeca0a953c27ff22605e,delivered,2018-04-12 23:09:59,2018-04-14 02:15:32,2018-04-17 11:02:24,2018-04-21 04:20:53,2018-05-04,6bd72fc131653d5d70e4b109ccee6d06,2018-04-12
8076239f377d73802255196d49b6fcda,c8ddbb318c2e929e50588d7476556b4b,delivered,2018-04-05 13:54:07,2018-04-05 14:09:31,2018-04-07 00:17:32,2018-04-26 16:33:02,2018-05-02,ace3d0b12b1ae5f0cd83d700c5b1fc55,2018-04-05
f4cf1adfbef386f1559758ebe5db01b1,5d970c9d83f58152d477d717c7affd80,delivered,2018-07-21 10:39:29,2018-07-21 10:45:19,2018-07-25 09:40:00,2018-07-27 16:02:10,2018-08-08,109c7f4218856d932b95015a6cfecf57,2018-07-21
bbdd8d2bff419896027bf4daf92500e4,e30800acbcd9f1bc8b882b69f40cba70,delivered,2018-02-24 02:56:37,2018-02-24 03:08:31,2018-02-27 19:59:07,2018-02-28 20:25:12,2018-03-12,717d0f073d87705af84613946840ac41,2018-02-24
c3f5808c83edb107f1358fa1477bff2d,4505f2b01f5c3e8145e328bacf257061,delivered,2017-09-04 20:31:08,2017-09-05 04:36:09,2017-09-06 22:06:58,2017-09-14 21:53:05,2017-09-22,6350c35440e9a7a4700639848ffaeec6,2017-09-04
d4a4641b9e4409b16a31dd61760e89cc,0b26bb0f88ff2869dc89fc3703473cd9,delivered,2017-11-25 00:18:15,2017-11-25 03:11:52,2017-11-28 17:41:26,2017-12-13 21:07:27,2017-12-20,d6602551afbb5caf929f554eb476f980,2017-11-25
9656510a0f73952b9c305fe0bd264056,92567b8407d1f85946cda3732c6f9e40,delivered,2017-02-05 18:57:32,2017-02-07 17:30:10,2017-02-08 11:42:21,2017-02-15 08:07:38,2017-03-03,680e5e50b3eda64e3b4fee22f76b49b5,2017-02-05
0536f0244395bde3fde4212b3f4d64c8,d182316491d236e297714265a675d511,delivered,2018-06-14 12:43:47,2018-06-14 14:21:22,2018-06-15 08:31:00,2018-06-27 12:02:25,2018-07-16,055966f70078cd8c718bac6f0ec63542,2018-06-14
db986cb6dd75db5b02034f98fd00cf7d,d6fc5f88bd61861e269ea0d4fadcfb87,delivered,2017-02-09 21:01:59,2017-02-09 21:10:20,2017-02-24 15:33:29,2017-03-04 06:51:26,2017-03-14,c1d563f96746afcb44695b8e1ca7f6aa,2017-02-09
cb765962c1cf94ab1a1c8646ba7060c4,da417b8e179c3b4ac3b584c684c1e651,delivered,2018-01-04 12:20:48,2018-01-06 02:08:40,2018-01-08 22:09:19,2018-01-16 17:48:49,2018-01-29,d7a3a62600b5265613c14c6d10ff6fe7,2018-01-04
3fcf477d8f1cc1e4b5cf7594e9a7090e,0b7217d43bc1197dbb53b68db699798d,delivered,2018-01-26 11:12:18,2018-01-26 11:39:23,2018-01-29 18:32:33,2018-02-09 00:33:04,2018-02-19,73ee177ac4ef603b3520cecd3c1de213,2018-01-26
4798ef2f0de08baa8ddd97ceee3f7c60,94bd3a2bb2a1b295cf466c244dba1c4d,delivered,2017-10-15 20:13:50,2017-10-15 20:28:22,2017-10-19 14:37:08,2017-10-26 21:33:59,2017-11-01,32397f9b7defba82e3f6626350514be7,2017-10-15
143d00a4f2dde4e0364ee1821577adb3,322162b5ca010c2b059cb5224dd818b1,delivered,2018-08-03 08:55:50,2018-08-03 09:31:42,2018-08-03 11:48:00,2018-08-06 15:14:32,2018-08-08,619e926d09b26efbd5180368b1ddc874,2018-08-03
a775b8240ac316865bf5d1c604131e5d,f9d9b073466a195f7eca5070e2aaa41e,delivered,2017-12-10 13:56:17,2017-12-10 14:10:35,2017-12-11 19:16:00,2017-12-28 17:38:58,2018-01-09,4df8c0da8fc11cb8a07448b9c62d30fb,2017-12-10
86af9599ffd64a39d743904daa8bdb2d,199b9ae9fb9231bc21cd1c2ade5ba3be,delivered,2017-12-15 09:31:38,2017-12-15 09:53:00,2017-12-20 00:12:16,2017-12-27 16:05:52,2018-01-10,c2b85b27ebd380c2c156e3e8773bd4c6,2017-12-15
a8d23a2af796a519d1bfdb39065c9a60,ed47f5f38f4e80122bbf07d20e5dc3ef,delivered,2018-01-16 11:24:07,2018-01-17 03:38:52,2018-01-17 22:51:48,2018-01-22 14:26:56,2018-02-06,a27a8763f84588de80e4fd967826a66e,2018-01-16
0c75e71e90c568ddf98a984598c228fe,ba0b8884d1b2e367c211fc51cf96bd4d,delivered,2018-06-25 13:04:00,2018-06-25 13:17:45,2018-06-25 19:05:00,2018-06-26 14:31:55,2018-07-05,d39ad27ebe9439aa26965558c27aadea,2018-06-25
70120a058bcfa89a603e2f27aa5881ab,142b789d35a01d909f5c0119a5ecb165,delivered,2017-02-08 20:32:26,2017-02-08 20:43:05,2017-02-09 07:42:45,2017-02-13 09:54:38,2017-03-09,91c722c6637fda72368194f19b8c9822,2017-02-08
3ab0d24105c6aa5de67bd849dc3691f9,0dcac624860d07405941a82ea75f9c0e,delivered,2018-01-17 16:55:55,2018-01-17 17:15:23,2018-01-26 20:51:35,2018-02-01 13:28:46,2018-02-08,49c6d4f0b58058b760bc7608ccd35536,2018-01-17
d1594d3b636b86cf4ce22e2ca650a55c,54143fda447e90fc0f055d54bd925ff8,delivered,2018-04-29 19:45:46,2018-04-29 20:15:08,2018-05-29 12:28:00,2018-06-08 17:29:54,2018-06-06,a325c5d0d23576e172fcf22608993f0d,2018-04-29
b176e1a76bb30bc22f454c774e2826c7,aebec5ede7a3044cb28bc1e1a36c082e,delivered,2017-06-19 18:59:25,2017-06-19 19:10:17,2017-06-20 10:41:43,2017-07-14 20:01:37,2017-07-13,4039b151e0eb6614313bc87b7875f2be,2017-06-19
8e1ded141534096603108f1ee5c27735,3956d1e55818b7dc872d5a1de09e4ddc,delivered,2018-01-23 15:04:18,2018-01-23 15:15:32,2018-01-24 23:33:04,2018-01-30 19:35:28,2018-02-07,f80c7e4cf2fa8ff3532323f19bf603ba,2018-01-23
c9ff04aa260f20f8b69d7a6dce2327c7,025ce7b097bd128c2d494aeac94d62ea,delivered,2018-04-02 16:13:00,2018-04-03 05:08:23,2018-04-04 18:06:53,2018-04-08 16:38:38,2018-04-13,8485723ea4c23f245f2bad68833199ae,2018-04-02
e7ebcedbeffde5b87c32cd5fc5c4542a,8e86b977c665aff2f6b1ea89d18f5f53,delivered,2018-04-27 10:47:19,2018-04-27 11:12:08,2018-04-30 14:02:00,2018-05-03 18:41:45,2018-05-11,cf068829d6c4e4cb6f7a71f98f80b0e8,2018-04-27
97c355606053225f1b4e5eae2636acac,3a49e8d992f0898c0213836c71f8f7e6,delivered,2018-04-11 13:53:07,2018-04-12 08:32:41,2018-04-13 18:12:15,2018-04-18 15:52:12,2018-05-04,b7b387904448830d0cfc6b516e9e0c7b,2018-04-11
0fe3f84cf0535ad78f10115634d7ed88,0f4ca0a41b7dc9168f18ba37173316bf,delivered,2018-05-24 18:08:17,2018-05-24 18:38:24,2018-05-29 13:12:00,2018-06-07 20:45:34,2018-06-25,9d482a829aaf7cbf5f19892ba7042330,2018-05-24
d897077d0836ffdc2178d70b3f680baa,3d0d83ac2090c8d591dd28ddd943f093,delivered,2018-07-03 14:22:53,2018-07-05 16:33:07,2018-07-05 07:40:00,2018-07-10 20:38:49,2018-07-20,a8cd58c8bf99980918e0177f7883dbf9,2018-07-03
6e0f7d433f02475118beb9c7e4082235,b0bcf5b29b3eca0f8beb21acb372fd3c,delivered,2017-08-16 10:31:37,2017-08-17 13:10:22,2017-08-18 18:26:53,2017-08-21 19:47:41,2017-08-29,5c335d5e512b311af34bcf6b96df531d,2017-08-16
951e4d60c61ab5e6589ece585e40311c,a676aa5921495b8f01146bbc9502fb5b,delivered,2018-07-22 12:08:41,2018-07-23 11:31:47,2018-08-09 13:32:00,2018-08-10 17:04:09,2018-08-22,8d9d9d7b918b34862ba39b2464cf1d3a,2018-07-22
658882f50a73a92d5e716220da758ab0,309bcb520bb8afcefb0dbdc3ce5ec2ef,delivered,2018-05-14 18:58:43,2018-05-14 19:18:08,2018-05-15 14:36:00,2018-05-21 18:20:55,2018-06-04,bde3008b29a8a23dcde4614b72936304,2018-05-14
37e222dbbccdb08629912770464dfe9a,5533d88e32f3aad3007323b863aeca53,delivered,2018-03-16 09:17:05,2018-03-16 09:42:33,2018-03-19 19:17:45,2018-04-02 23:28:32,2018-04-19,04f962151ddbe47d408b6cf6994fa0ae,2018-03-16
b902f0200c95094acd2b768bdc56349f,20949dcbaca4657fd0618635255d5ce4,delivered,2018-03-20 08:16:59,2018-03-21 02:49:16,2018-03-27 13:02:57,2018-04-06 03:37:41,2018-04-11,3dfd18ea1defb59c80c18291627643f1,2018-03-20
0e1168df285cd6d3ceff240eb59c0776,562099b9d9d31ce8e39de3c6cae6a75e,delivered,2018-02-19 10:35:09,2018-02-19 10:50:33,2018-02-20 17:39:19,2018-02-21 19:09:29,2018-03-05,24a5ff1e7df1789ae3476cf0c7fa1362,2018-02-19
f49fba97be6948603366581e885e2a43,65dfd5b8d68e2066526adf81046811c7,delivered,2018-04-19 06:47:26,2018-04-19 07:09:15,2018-04-19 23:25:37,2018-04-20 16:03:00,2018-05-08,8897ea56bce6fe37a39cb2ec40898102,2018-04-19
7fecf198f9da11744da727bafd6702e9,108c2cefbc1052c7ff4d02e7c2051264,delivered,2017-05-16 18:41:49,2017-05-16 18:55:18,2017-05-22 14:58:05,2017-05-30 15:08:56,2017-06-07,a84b8a54d15e5e00f194e0a1b16db954,2017-05-16
84ebcff41a92fda70c984a3ef76d1237,164073eaa0690f5b1004c5bbe77f6046,delivered,2018-08-02 19:10:49,2018-08-02 19:23:54,2018-08-03 15:08:00,2018-08-06 16:43:26,2018-08-08,03241d5fec570b04acb3869bb343d8cb,2018-08-02
95ea4b536c51911b2e1d9d95c94286d7,7168bffa8f2e9386b085b2f86c3f3076,delivered,2017-11-17 13:16:50,2017-11-17 13:55:31,2017-11-28 13:27:37,2017-12-11 20:41:32,2017-12-12,4a3b465babd41fe0463a824c4a9474e9,2017-11-17
a4680fb98fd4f2ef703c815a43e4811f,637b8737cdd1775414a9749edd44ee7b,delivered,2018-07-03 09:38:53,2018-07-05 16:40:16,2018-07-03 15:01:00,2018-07-09 12:28:44,2018-07-24,f402054c82924c3b0529d70f344f7d99,2018-07-03
acab0597bcff87a5fa4b143f2d4aff80,a8cec3969083570cafc4751ba0e509c9,delivered,2017-11-14 12:41:49,2017-11-14 12:55:34,2017-11-20 12:21:44,2017-12-07 16:09:30,2017-12-13,1776278f433af4037baab69473c0f9ce,2017-11-14
4a38976a0eb800c5bd065b4e172b0450,e71b08dbd8f411cd4012c9022e6a5cb7,delivered,2018-01-11 10:47:22,2018-01-11 10:56:32,2018-01-18 19:52:30,2018-01-23 18:28:30,2018-02-05,410a4ad7377fb884305a59308e100172,2018-01-11
b4fb5424786d3482269edf0d0a02cdf8,10bd2414f584aa38f077fe620c1e6dfc,delivered,2018-08-01 15:24:48,2018-08-01 16:31:29,2018-08-03 07:30:00,2018-08-08 21:58:37,2018-08-20,0c4580b2b7ac133463419e2cefaab5ac,2018-08-01
4e08bdd0a71b43ba19f8c0a89c8ce665,2f937d962a1f0691576517e89efac3f8,delivered,2018-08-07 12:29:39,2018-08-07 12:44:58,2018-08-07 14:24:00,2018-08-13 14:50:44,2018-08-27,3672d762029f6a1869ac18325abf4795,2018-08-07
20ece825fd1a3714c240d58a96df35ea,56033dc0fa885647a8cc84db067729ea,delivered,2017-12-19 19:34:25,2017-12-22 14:31:44,2018-01-26 20:32:08,2018-02-27 19:43:56,2018-02-02,58c2385a00210b1ce3ad1542d4ab16fe,2017-12-19
8715451d749566a538774eab286a64cd,e44156e460b2a1fffad291a58bd2cd8f,delivered,2018-01-22 13:10:42,2018-01-22 14:54:33,2018-01-23 12:12:48,2018-02-21 19:16:49,2018-02-14,78c703ac62b5acf92db81e5a55d39d27,2018-01-22
9e26cbec7523f810798d1b3df04fa17a,468e665c6f787d6cd555482460df1b3f,delivered,2017-11-03 15:10:22,2017-11-03 15:30:56,2017-11-03 21:22:17,2017-11-08 14:44:37,2017-11-27,dab132ef31d0f8034b098624d1545e77,2017-11-03
12c624f532907ae11e5db7518dc6c917,6920a12554f2b5a6763c56fe38b84510,delivered,2018-01-11 19:55:17,2018-01-11 20:07:26,2018-01-17 16:44:42,2018-01-26 20:26:44,2018-02-09,812b567d67cbfcfa8f31bdfd5a5ef424,2018-01-11
07ff1545b26c5800dc2d25ab88055082,7ca700079250fbfa899bb7d098b8b108,delivered,2018-03-05 18:12:13,2018-03-06 03:49:43,2018-03-09 22:42:08,2018-03-20 14:38:43,2018-03-21,f5c2abaea3685b82e83fe7f039ca5b99,2018-03-05
5ef687909733df8914b4723111ceb1a2,bb3dfc96067959cc506ae60e0e3dddc9,delivered,2018-06-06 20:06:34,2018-06-06 20:15:21,2018-06-07 14:36:00,2018-06-11 12:21:47,2018-07-03,3732030d46376bb9af1a7fa6535ddc80,2018-06-06
38db33637385302252909c781f213e91,dbd39e878bd4aca0ed717fc128f8210d,delivered,2017-08-31 10:53:40,2017-08-31 12:44:33,2017-09-04 13:32:56,2017-09-12 18:40:02,2017-09-19,ac0ea78332208bf759eaf1716ec3ada4,2017-08-31
853fea10132fd987a6c350565818ba11,96a02af8f6191a0e35f18c123b760285,delivered,2017-12-10 16:37:41,2017-12-12 07:50:39,2017-12-27 20:10:21,2018-01-16 14:59:14,2018-01-04,a6914c0f619536c2635520e5add5fedb,2017-12-10
e19a5e9d32cf69f1a9dbb6422bde3623,29ad2ec77814bb6829ad6212b904fd75,delivered,2017-11-13 16:44:42,2017-11-14 04:10:40,2017-11-17 21:16:58,2017-12-06 19:12:32,2017-12-15,2c08b4541f6effbb823efc80409b64a5,2017-11-13
1a68123d36b3a96ebeb710db015da2e3,08e67c772d6a0d150aabc46eda41b466,delivered,2017-08-30 13:21:35,2017-08-30 13:35:08,2017-08-31 16:37:01,2017-09-04 17:25:47,2017-09-12,c75c6472c97395f646052da1c2e574f1,2017-08-30
6319f0da31d079b3614f52149b1632ac,8720d33d8bc5aeee786216aa733a89c5,delivered,2018-06-22 11:17:05,2018-06-22 11:39:41,2018-06-25 13:56:00,2018-07-03 20:44:25,2018-07-23,3190d2d36c6b61627550b40c8d0bc8c9,2018-06-22
64619901c45fba79638d666058bf6be6,3a1dda1ede23d7e71753e80d7f22c2c4,delivered,2017-05-21 08:00:08,2017-05-21 09:32:36,2017-05-22 08:59:27,2017-05-24 12:07:35,2017-06-09,df397f90c1538772d4102ef5faadb297,2017-05-21
2306aeccf5b70ab26762993fdf2f37b9,33cdf7dd400e36954b11995afd7f0aa7,delivered,2017-05-07 13:51:13,2017-05-09 09:30:35,2017-05-15 08:54:56,2017-05-18 07:53:55,2017-06-07,c68af16378e0f4457224f064d93e15ed,2017-05-07
cc7b510ece4b6212269c87aae1a60658,9be66588fc27fae0460e9066dc36c70b,delivered,2018-01-11 21:19:54,2018-01-11 21:28:24,2018-01-12 23:26:53,2018-02-14 17:13:24,2018-02-15,ef4059c73cf45588af7b028052665136,2018-01-11
be2463c66944514bb175f7a519a72cd7,f91eb13e253823f25cf9a20fc2d08f56,delivered,2018-02-07 19:01:48,2018-02-07 19:15:27,2018-02-20 13:59:00,2018-03-02 19:48:34,2018-03-29,1c91f8d50340522dd6601237ad13afff,2018-02-07
d53bb1636622626b300d199956668dcd,1e67c4865d4e1a05a16d7ae3eb790cab,delivered,2018-05-11 18:46:56,2018-05-12 11:14:15,2018-05-14 13:48:00,2018-05-23 21:22:08,2018-06-07,ee57d2114c202ff5b2a2c97d73180c54,2018-05-11
2ac44694fb65d738c9b26010ef5e6915,6067f23d5b56e42a5a825880f1c5e3e2,delivered,2018-08-01 21:59:32,2018-08-01 22:10:17,2018-08-02 14:51:00,2018-08-15 18:26:18,2018-08-06,1db60a8466443840cba29a49e6654326,2018-08-01
a037c35b691ecad7720b1d5cf7f14bc8,37a33f98ef66886bd343022f96f054dd,delivered,2017-08-24 05:53:24,2017-08-24 06:15:09,2017-08-24 18:47:47,2017-09-05 17:34:28,2017-09-22,fbbbc87d195ef6b03849b6d159658b1d,2017-08-24
047d4038afddd0dbca117fce7d5019d0,8476159dad022ab6538d74dd83c70d95,delivered,2018-01-02 19:37:17,2018-01-03 19:29:25,2018-01-08 17:07:37,2018-01-15 22:09:34,2018-02-01,6daace79579179309043833fac7f8bbd,2018-01-02
2a152286cc2026c2332455f5b2ba2980,221d79027182ae510f551736a38695af,delivered,2018-06-23 19:44:37,2018-06-23 20:18:02,2018-06-25 15:44:00,2018-06-27 16:24:31,2018-07-05,22410ef756f7df460c6b53b54f4f507d,2018-06-23
ff0768e3356919b32e3d7f30baecfcfb,f3e5d57c12abb230c4f16b6a0a23d7f7,shipped,2018-04-04 22:58:39,2018-04-04 23:10:13,2018-04-05 22:59:25,,2018-04-23,7425df6fd8a9ae635b5eab764d75b8e8,2018-04-04
a146dffb3f8c4214018779b35f997a91,ad7d82affb4396f40783dde4471877f6,delivered,2018-01-25 13:49:35,2018-01-25 14:19:52,2018-01-26 19:17:49,2018-01-29 22:58:37,2018-02-09,b6c76775bc3533e7528aa0b740ec6ec2,2018-01-25
3757dc827b45811e32f858867877df67,442c2a88842315cb04a3d46658371689,processing,2017-08-21 10:59:48,2017-08-23 02:46:19,,,2017-09-14,d22f09f605ea683212b07c0c6ef42675,2017-08-21
578403214d22590a9874c89eaf3c09b9,1b277e094d7add96b8704328769f7f1b,delivered,2018-04-13 17:32:02,2018-04-13 17:52:22,2018-04-17 06:02:54,2018-04-20 15:22:53,2018-05-02,4a3e63e98318348a7c9cc124cbdfcd48,2018-04-13
62a1dd419d1944689273edbf74ba1ec7,713f1957d05e4cd4475424454417a961,delivered,2017-12-11 11:01:46,2017-12-12 03:50:03,2017-12-13 15:47:09,2018-01-05 18:17:52,2018-01-09,ff1f50156bb927dd992dcd54a8d2c542,2017-12-11
1d61263296787e98a9e59fcaa66265af,985e6c147cd2d9da9548e8777477c1e4,delivered,2018-05-13 20:06:00,2018-05-13 20:32:26,2018-05-14 15:16:00,2018-05-15 18:48:10,2018-06-01,96a04b750becee1bc31899835b1084a6,2018-05-13
b9375e83d0e27c4aae45c4c1c7c121fd,eb6fe4f7dfa98e8ff658e2655a0e4815,delivered,2017-04-11 15:15:43,2017-04-11 15:30:09,2017-04-12 18:48:34,2017-04-18 12:09:23,2017-05-09,240f601d04eca6821d5b4d9f9a7dc477,2017-04-11
f642a274a615b1034be368fac85db8e9,e627e72eaa302b81ca6fbf62d1fc0e56,delivered,2018-06-06 22:07:59,2018-06-06 22:34:30,2018-06-08 09:53:00,2018-06-18 18:48:49,2018-07-16,808de3bfa35705cd9dbe50fe7e48675f,2018-06-06
c54e54dd1e0825cff027c9e76c4033d3,a27b79ba118c6001e72c267ea6ac682a,delivered,2017-10-09 12:48:17,2017-10-09 13:05:27,2017-10-19 23:37:40,2017-10-20 23:28:39,2017-10-30,5fd66a1f4e029c2bc89d772dc2223b7b,2017-10-09
f938a57be9682adfd320ae70de1f0e21,636c00ce74eb4cf8941d9224f7672101,delivered,2018-04-18 18:04:46,2018-04-18 18:50:04,2018-04-24 19:11:12,2018-05-07 21:14:21,2018-05-16,d81dbe3c717da0a1fc8f0fcd75115727,2018-04-18
6283d2cb264f76928dffd1faf0f5ff33,ef2e071d3b46a10875216b8b4feb9667,delivered,2017-11-26 00:50:30,2017-11-26 00:58:29,2017-11-27 23:18:50,2017-12-18 17:15:31,2017-12-15,5b20fe923c2314555c34bd05f036586e,2017-11-26
b9d93d361a6dc1b13c796267569b46cf,72531c142b7ed4b96616f425a7058b90,delivered,2017-10-16 10:14:49,2017-10-17 10:28:02,2017-10-18 12:20:04,2017-10-27 22:55:42,2017-10-26,475229dfd59026d3cc3105cac4fe00c4,2017-10-16
c209842083e6d90a0ae00af4749c6f4b,4010090d6f8f0a88baf140d0da4f2f88,delivered,2017-11-24 11:44:12,2017-11-28 03:21:41,2017-11-28 22:43:03,2017-12-07 23:53:14,2017-12-15,5afe78282678ab518e980e51a8597e1a,2017-11-24
372538516b3d3f36483772cc19b2e433,7c3c4d1fdc55ccfc2adae608089ebabd,delivered,2018-07-20 10:06:50,2018-07-20 10:23:47,2018-07-20 16:27:00,2018-07-25 18:04:38,2018-08-13,a69b21c9a73843d578c8641f4bf85939,2018-07-20
13c0912d87323337b72e40da4eea8e7a,69e7113f19863b835b93d61d5cef84fe,delivered,2017-05-18 18:36:43,2017-05-19 02:30:37,2017-05-19 19:32:01,2017-05-23 13:20:06,2017-06-09,031b6bf06cc2c9391a8a403cef221a1a,2017-05-18
f5ac3d2cc1cd3fa1eaab79b898066777,32f2d1a216e75920a1225b8f89ed9de6,delivered,2017-03-22 08:01:15,2017-03-22 08:01:15,2017-03-29 09:04:47,2017-04-05 15:42:36,2017-04-25,0aafa33eb8446afb62771e96dcb61c43,2017-03-22
62cebc207886dce8b9f4460a1266bfdb,d77fce353ad3d53a6a4fb5bf105d1978,delivered,2018-01-20 14:40:19,2018-01-23 03:36:55,2018-01-23 15:38:41,2018-02-02 15:47:46,2018-02-19,4c7ce7066ceda7a26b953bf1b47d09f7,2018-01-20
faacd0beba2277101f227f7968ddbc57,47e2a3bafc1d9ca14fcfb1bc14ac4d1e,delivered,2017-10-28 11:37:17,2017-10-28 11:50:10,2017-11-20 16:22:51,2017-11-24 15:25:29,2017-12-04,a322f1ec65ffb0fc6564dcaae08df6fa,2017-10-28
28763f36038db84d7ab6ff7b3ef9774d,01961d1b276640f460e6061e7f28873f,delivered,2017-02-04 15:05:16,2017-02-04 15:15:15,2017-02-06 09:51:28,2017-02-07 10:05:08,2017-03-01,60dce986762313a6e0b5d1ff0ecde379,2017-02-04
d4ecf069cf056cbde7553bbd394cb753,dfcde7971c143052874fa2bf1623a3ab,delivered,2018-06-23 10:16:50,2018-06-26 07:12:51,2018-06-26 15:05:00,2018-07-03 17:51:18,2018-07-26,9f36a026562036eaa8126f1ec73dab27,2018-06-23
30ffc5a11b83f6042cdd649d4ec89e7b,e79d64181abacd9be985cc46a106705a,delivered,2017-11-20 20:33:16,2017-11-20 20:48:20,2017-11-27 14:47:32,2017-12-06 20:38:21,2017-12-14,4283d1e6020b9922a8359b48c32dcbfe,2017-11-20
0644bbc829f241622c4c83b08436c465,2333b5eb4c77379b280aa26a66016020,delivered,2018-06-24 21:04:15,2018-06-24 21:17:53,2018-06-25 13:34:00,2018-06-28 22:36:43,2018-07-25,9ad5ef9b16d5ab5673e7738175c69a1e,2018-06-24
0cea1002b907a645918a03922e9fadbd,1253d291d269b1da011d7928695cc8d4,delivered,2017-11-21 15:19:34,2017-11-22 15:11:31,2017-11-23 20:22:59,2017-12-28 17:19:04,2017-12-14,aa425754a8ac268e8b21631cfd3e06b7,2017-11-21
9fb29ec1f3f0d8946086310c04e9c5b1,1c21c09e8bbdaf078da329d6e85072fb,delivered,2018-04-17 14:40:50,2018-04-17 14:55:50,2018-04-18 16:56:45,2018-04-24 16:14:03,2018-05-16,2ec8069711fa0190dae0735808addbc9,2018-04-17
70125414483e2ba226fd0c095bf5b802,ec3d1f2a0de948e4b58318e642b2b95c,delivered,2018-06-30 17:41:19,2018-06-30 18:50:45,2018-07-03 12:12:00,2018-07-12 15:16:35,2018-07-26,d89cda51daee5f58ebd5d1d12a4575bb,2018-06-30
2a06568281fa1a485b9ba5fac48c7df2,317b6bd739f5504c8cdb3979cdca9328,shipped,2018-08-21 11:00:37,2018-08-21 11:10:17,2018-08-21 17:04:00,,2018-08-24,01ea2467bec4e5ba6c007621c7df3bf5,2018-08-21
3f385ecc36597ee0221d131e42725177,42f17fa4e9073ed4f3dd813fd4f79645,delivered,2018-02-25 20:43:15,2018-02-27 05:30:54,2018-02-27 23:17:00,2018-03-07 20:36:51,2018-03-22,96b74ade51d6db32da43c6668045098f,2018-02-25
4a15babdb3e9f7216ea0fa4ab6b5ba8e,7a499c3eee84a0de2c53fecc255769d3,delivered,2018-02-16 15:05:10,2018-02-16 15:15:26,2018-02-24 00:03:31,2018-02-25 20:28:58,2018-03-05,49788b90e1ec6ef648fecca8bda623d8,2018-02-16
d43c0241a5f6a832183448eb8dbe18e6,ae9fe453e6f022b89b6b4c2427a0250c,delivered,2018-03-05 11:18:50,2018-03-06 04:20:25,2018-03-08 02:05:37,2018-03-19 18:02:47,2018-03-28,923dce48a931f52428d17c59d247d27d,2018-03-05
b907517f4d66cdc2f9a7335370a0e073,f46efcc57026aa7f5a7e0920d2a6d054,delivered,2017-08-18 21:40:21,2017-08-18 21:55:10,2017-08-23 20:42:19,2017-08-30 20:52:55,2017-09-19,8c214224a7332bf822f4837aa94e0813,2017-08-18
c0086672990e6dae8d6be4ccb38ab854,fe141070931f6090431da3c87c9be4ff,delivered,2017-06-15 21:19:16,2017-06-15 21:30:10,2017-06-16 15:11:39,2017-06-28 10:32:39,2017-07-06,439119cb65d2ef1713f87140b4fb28d9,2017-06-15
5a4cc097e0e591ab3f150524b83d81af,3e538d735070c509095ccbdb699f798d,delivered,2017-01-20 03:35:44,2017-01-20 03:50:12,2017-01-25 10:04:09,2017-01-31 10:12:18,2017-03-03,4f6e6ec3891fe96b3fbe50c587769eec,2017-01-20
b701057e29518346f3b457eaddf5c0ba,0f32385df13e46d88d997460208bc866,shipped,2017-10-09 11:12:41,2017-10-09 14:34:35,2017-10-10 14:14:59,,2017-11-23,4f67110f6d6d1241111167b141bfa780,2017-10-09
e825453884c3b7c9b5837fa547c8f9f1,85b3378e7df2ba898d918c66e7e98467,delivered,2018-07-25 09:19:47,2018-07-25 09:30:15,2018-07-25 13:55:00,2018-07-28 19:58:35,2018-08-15,0fca3e68acd9b69dcdf9a930de88b772,2018-07-25
342abacf5185442bacf95ce406225c6c,61a90100c4c577546058330f1ee45df9,delivered,2018-01-25 14:10:23,2018-01-25 14:20:09,2018-01-26 21:06:52,2018-01-29 17:28:58,2018-02-09,0f546eaf66eb19369deb8b9eda151b4f,2018-01-25
52d66d69f14ca67b1764e6ca25025a3f,4805d62fe2ec69e4290d0ebc213f34d5,delivered,2018-01-31 13:46:27,2018-01-31 14:13:18,2018-02-01 23:08:44,2018-02-08 17:57:44,2018-02-26,f8d8ebd46a0dc18752873a5bc0451340,2018-01-31
b50788fa41255b57ddf0782d1fc0ad2b,55df88ccac9c2a755f131feb3f74bc6f,delivered,2017-12-14 17:19:50,2017-12-14 17:32:30,2017-12-18 19:21:50,2017-12-30 15:32:58,2018-01-16,139bcc7fa9b38babbf3054cd13e98eb5,2017-12-14
01f65c9e501f46d2a15af4d2b28e6081,5ab56cf5cc9c12dca123f986599f88e8,delivered,2018-07-09 18:58:25,2018-07-09 19:10:17,2018-07-11 08:25:00,2018-07-14 17:07:21,2018-07-27,f18411d7b672c537a95a716f13fc0b17,2018-07-09
80f0181edc2f4a5bd3384a3c39a83cee,9ce9e0d0045dd13cb96601552c819eb0,unavailable,2018-01-14 19:24:28,2018-01-14 19:36:26,,,2018-01-30,88928f221be6f07b3571aad59adbdbb4,2018-01-14
63a19e889b69e5ef9ee2b2e646509051,593b91288d1e295c048f02347c2920b7,delivered,2018-04-15 11:31:39,2018-04-15 11:50:26,2018-04-17 00:10:58,2018-04-24 23:06:45,2018-05-14,447cb10f95dea91ce7886d7b445e6c77,2018-04-15
091deda616c370d63f0bf9a3f525fb34,0edf9134fdbeacc3596fa523a869ad04,unavailable,2017-08-11 11:08:53,2017-08-12 11:23:41,,,2017-09-04,3c7f809febe004c1753d9cbcc158ad59,2017-08-11
491830ceac81983791103aca18acb421,c4f1317436470834f2e69cc5cf9ea53f,delivered,2018-03-24 11:58:45,2018-03-24 12:08:20,2018-03-26 19:36:44,2018-03-28 23:48:41,2018-04-06,22a63b86837d5fc401b57324c67007d6,2018-03-24
eed9644811f4d0e16bbcf03449d12698,297f88ff2e58f19bedf2f9836f99dbf6,delivered,2018-04-18 20:43:22,2018-04-18 20:50:33,2018-04-19 19:21:49,2018-05-11 22:38:41,2018-05-21,3c166bd80203dfb723ba32f64bedd87b,2018-04-18
d5b7cd87c525268736b56f0b22d14ee7,60137151af3340995f552e4c5810cd6e,delivered,2017-05-15 10:36:18,2017-05-16 06:35:19,2017-05-16 14:20:02,2017-05-17 10:23:45,2017-06-02,0af1f97282af5bae6c1579f7c9596601,2017-05-15
cd577ecda4b9cd34a2193faa1143ce79,12b8d1a4a80c1c56dd1662d05dc05ec4,delivered,2017-12-11 23:18:08,2017-12-12 00:05:01,2017-12-13 15:47:15,2017-12-27 14:38:42,2018-01-04,db90824b10235daffd0272fad194cd8c,2017-12-11
b2f39212b22fb44dc0d57cdd6d1790dc,f5c0653d98714d68d23408677cceb628,unavailable,2017-05-09 19:59:26,2017-05-14 21:32:09,,,2017-05-25,d81e2519a3de0f6a9a5fbc8cdb12368e,2017-05-09
e9a82a82b91f0f1cb3703a5b6fb3c505,2583ccdc640198b5496a053f54b67b4e,delivered,2017-03-27 22:28:00,2017-03-27 22:43:23,2017-03-28 11:42:53,2017-03-31 13:03:57,2017-04-17,3714bf3ac39761a6e7e9bcf4d91fb47e,2017-03-27
f4eadb63785a85c5624767458b5f5cc6,7ff490f567ddaf9cec90714d3d40ade5,delivered,2018-03-18 09:31:32,2018-03-18 09:47:59,2018-03-21 18:56:27,2018-04-26 22:43:49,2018-04-16,7daf73d9a9dc80f4778b681ec5632fb8,2018-03-18
7229c37246dd5343775180438d13772b,5e9871527b49b68aaaf049bf6cfec670,delivered,2018-06-11 17:33:45,2018-06-12 08:41:51,2018-06-18 17:57:00,2018-06-25 20:12:22,2018-07-04,97e7177998c0005ca21886c6448d512b,2018-06-11
57683137f254d82a617e934ec6cd5472,816db053da03f4a8dea7f4e44aeb8d15,delivered,2017-03-10 16:59:14,2017-03-10 16:59:14,2017-03-17 15:13:07,2017-03-27 12:46:59,2017-04-11,04be33d0296a7f24f81925ea4ea346ae,2017-03-10
b5244709b8ea124be6761680b9966925,c3264cc61268e5b0768dc11cffdd8f26,delivered,2018-07-27 16:38:40,2018-07-27 16:50:20,2018-07-28 08:54:00,2018-08-02 18:38:37,2018-08-10,a69c78ff574a833849877fa6e789c640,2018-07-27
99bbd60bc8f989c66847afcdba6fbe7c,aebfc036a3fef8053e9649b7463d0599,delivered,2017-04-28 16:13:35,2017-04-28 16:25:23,2017-05-02 11:46:14,2017-05-10 16:32:20,2017-05-26,be159a97fb722315797491d36ca66990,2017-04-28
e3c3b6a76ec80dd699ad25f02be1a504,9801ac60f0291d180e5df02015b35f82,delivered,2018-07-02 12:00:14,2018-07-02 17:11:10,2018-07-03 15:56:00,2018-07-10 16:54:44,2018-08-01,5c1722cf39bfce65886808760c6a85e6,2018-07-02
8a3086454aae1719e85d336d067a66e1,638a9c5ee862d737a4adcddfbb7159a9,delivered,2018-05-13 12:56:47,2018-05-13 13:11:59,2018-05-14 18:52:00,2018-05-22 15:11:32,2018-06-25,d3d103e743ee1cd21f7abe579dd4bf79,2018-05-13
4cbc1adfd77a6cac701ee1f06cbfe633,814eb5af9d95d35f13f1e6e77847aaee,delivered,2017-07-11 19:14:53,2017-07-11 19:25:19,2017-07-12 17:29:33,2017-07-14 16:48:35,2017-07-31,f3da9b68d1719c69ae16534c80a71d83,2017-07-11
944d7c50b61e5da4f70724fe6c541128,51f85bb5c956b0958c65dfefdf996a83,delivered,2018-04-27 14:19:52,2018-04-28 03:15:25,2018-05-02 12:03:00,2018-05-17 20:48:43,2018-06-01,ff6071b8db1b9da6ca797d56bb0136fa,2018-04-27
2b234cbc0fc80ec00c9ab6f0ca1aca88,0fd32272b232b1f9014fec159b49efe6,delivered,2017-08-10 09:42:42,2017-08-10 09:55:10,2017-08-10 19:24:01,2017-08-14 16:05:14,2017-09-01,922183535094bfab01c64b9d9e19fdff,2017-08-10
3c98e4bedff26f850c4f9989b16c8ee7,a929dc93107a35a8f1e62177386711c6,delivered,2017-04-26 10:41:39,2017-04-27 08:22:31,2017-05-04 13:32:20,2017-09-19 18:12:28,2017-05-23,d6b45f0072a17a85ffbeb9db88aae570,2017-04-26
2b9c1a6934f2dd62cbe6df11189fb65f,82c5e6b98e498b4150818c913f3e9bc7,delivered,2018-02-10 20:46:25,2018-02-10 20:55:49,2018-02-21 10:19:22,2018-02-28 21:49:02,2018-03-14,0520a11c7af8a73b703f1d2e722c7c8a,2018-02-10
ed1b9f2005c0898488e8f36dce4078fb,612c9ea0c8cb5f31ffba433833598428,delivered,2018-02-15 20:09:03,2018-02-15 20:26:15,2018-02-17 15:38:56,2018-02-26 21:49:11,2018-03-12,0b5bb1adb16a830ffcc7a279385a858f,2018-02-15
0a814d38aa19654a3f35654847ba74b1,7d5bfe0ecf07750475619272cdd9b6d4,delivered,2018-05-22 07:41:02,2018-05-23 02:15:48,2018-06-11 11:37:00,2018-06-12 17:28:42,2018-06-18,43978cedabadf283de4a06dfac108ffd,2018-05-22
ea3bfc423914d19fa33ef1432bea0223,061a4710733bbe8404725ba211b0d1ac,delivered,2017-12-21 20:09:49,2017-12-21 20:16:23,2017-12-22 18:22:05,2018-01-03 16:39:27,2018-01-17,f5ac526ad7af441d502bb469cf00bad0,2017-12-21
dccb24d6f85976c77c64998e54d0f8f3,19d2fe3e9e67da50d9f93720a2b768e6,delivered,2018-06-15 11:08:54,2018-06-15 11:39:18,2018-06-18 13:53:00,2018-06-20 20:06:34,2018-07-13,3ff45f223bb4d6fc772a38ad5a7b1b33,2018-06-15
a7c17d3f5f5c9612a2bc81be1aadcdeb,641ab097b6b9e0e84304f759f2b6f78e,delivered,2018-02-21 14:55:39,2018-02-21 15:10:25,2018-02-26 17:17:22,2018-03-02 19:41:49,2018-03-28,17f4da5698e587db8e94689e236e3335,2018-02-21
30336ab6f4ebb61a88d9e3188b36739c,06d478ba352a27a5167f3de441af9f59,delivered,2017-03-13 10:18:25,2017-03-13 10:18:25,2017-03-16 09:58:24,2017-03-22 12:16:11,2017-04-03,fc0aab61ef4538d51cefcfb054fe809c,2017-03-13
bfd5957bdfbc86a1882ee0dfa7a36a47,c220f2e1cccbcffc95cfe20d771d33fc,delivered,2018-02-02 10:03:35,2018-02-02 10:16:03,2018-02-02 22:52:17,2018-02-08 01:15:25,2018-03-08,91916c27ce40a9e6a60e4e0d1a20c911,2018-02-02
74e284cea771553e1c5b513d44ac6b51,bc5aa9c14f397cb3060df1a4b9198f2a,delivered,2018-01-03 17:01:32,2018-01-03 17:11:26,2018-01-08 19:37:39,2018-02-01 19:34:49,2018-02-15,02c3fe273d4f8888613526c3a3d808ba,2018-01-03
565764e1a977efdce1789541c08aef07,b278d2b0a7398ea5ba2a108557f977de,delivered,2017-10-03 13:13:18,2017-10-03 13:28:15,2017-10-13 16:07:48,2017-10-16 21:05:48,2017-10-30,74604128a5433aa4a90de1ab309fc9e6,2017-10-03
19e99767938cf9c5969b4b00d1eaeaca,7c2f7ea28703035aea1c82509403b40b,delivered,2017-09-09 11:15:23,2017-09-12 04:50:41,2017-09-13 21:37:53,2017-09-14 19:22:49,2017-09-21,3dfa33e5348bd90b234a96f7294016d5,2017-09-09
5242fa332c499504758af265bbca7bde,15c127866ed4058a9edde9b6ca63b62f,delivered,2017-09-27 22:52:33,2017-09-30 11:14:21,2017-10-02 20:27:57,2017-10-04 16:44:28,2017-10-13,9b21a6a02abbacc376f966a5ec638605,2017-09-27
fa3bee504523342f3e1b29cfc38a91d3,08ba9d78fcb65b8297408608a3bc78b1,delivered,2018-06-22 19:23:05,2018-06-22 19:38:37,2018-06-25 15:21:00,2018-06-26 16:08:27,2018-07-05,34f29b8ed62748c6b5a9e64628e411c1,2018-06-22
7cc6b9b998cb009fe458744cc5ba5f54,dcedd59668720ae97bcf13b59d111fd1,delivered,2018-08-08 22:27:54,2018-08-08 22:44:54,2018-08-13 13:27:00,2018-08-17 17:51:41,2018-08-24,462b0806c67d0246d03c7d612b244862,2018-08-08
c75f4211fdf83ec2f56c89a1f41bf3ec,f9f0cae6f72ac7bcdace53158b1712ef,delivered,2017-04-22 14:04:00,2017-04-22 14:15:18,2017-04-24 13:35:51,2017-05-18 21:11:37,2017-05-17,c82e728a76f784230c3b9e9a1a8fb055,2017-04-22
1d2405e906478ce05adcbe8878f77bce,fd01b89e12549ac5eeac5888602ae446,delivered,2017-12-27 13:33:06,2017-12-28 02:35:19,2017-12-28 17:05:15,2018-01-13 09:55:48,2018-02-02,3eebcfec6899f431eed8eed24d55fc01,2017-12-27
0b8f8315c63f765c07a31a8c7e28bad0,81fcd802d74cece79db578cf4bb3b9ba,delivered,2018-08-16 12:51:38,2018-08-16 13:04:06,2018-08-16 13:42:00,2018-08-22 21:41:07,2018-09-05,96920b560cde2744c4d553356bc25219,2018-08-16
0fa927b252421189a0e0d5725fb3832d,ff7b32d3da9ed589c9695bc56021b10d,delivered,2017-02-07 23:17:02,2017-02-08 23:23:28,2017-02-09 09:20:29,2017-03-06 13:34:16,2017-03-16,19307987738a32079d45862f7f461285,2017-02-07
7d514be6da81debca0ed96cb31d6ed12,beadf961d5a71614a2ae77391aa04a9a,delivered,2017-05-19 01:52:47,2017-05-19 02:05:09,2017-05-22 11:33:46,2017-05-23 13:54:01,2017-06-06,defdf673e33e9c7cfaaad431a317bfad,2017-05-19
3c21b0106dae1dae82f648a22f94a98c,e2e2357a373755fe5504b59a4751ad44,delivered,2017-10-10 16:23:17,2017-10-10 16:46:32,2017-10-13 15:13:43,2017-10-19 21:28:01,2017-10-30,944c20afe3359df4c4a1f060b6c7c88e,2017-10-10
1ad47582d931ff1f07ced9a9856a2b1a,5449c0156b595816472923e07b218bf0,delivered,2017-12-08 06:22:33,2017-12-08 07:01:42,2017-12-08 22:22:22,2017-12-16 00:18:33,2018-01-04,a80d09f2b7c2e76ff8e22be10f468d68,2017-12-08
182be8798e939d0be032d7a197432113,a4f233c03b6fafdb264b06169a70deae,delivered,2018-01-02 10:49:29,2018-01-02 10:59:28,2018-01-03 20:45:39,2018-01-10 19:05:18,2018-01-31,5901d056a3f06df60e419be1bd82118a,2018-01-02
3c574782e64cbb135c6d3d0376a501fd,4dc1eceaf4663856b78053b92ea01df6,delivered,2018-02-14 20:21:36,2018-02-15 03:47:41,2018-02-21 04:09:53,2018-03-07 20:22:25,2018-03-09,af384f50db51cdf71035ab54e8675aa8,2018-02-14
8339a4963d8b1727c15465ff154ce74e,e7710c3d39c249c8731ae1a9865243df,delivered,2017-12-15 17:19:05,2017-12-15 18:31:42,2017-12-22 15:58:07,2018-01-04 17:48:56,2018-01-15,bf8a01cfddcebe0a35344552a5b76057,2017-12-15
a2271e2c867442b21df827861d9f8ef0,d6c2883b7ee3424c694873e751691363,delivered,2017-08-10 14:18:22,2017-08-12 02:55:29,2017-08-17 14:28:27,2017-08-25 17:25:53,2017-09-01,352f78d024fb5e6cc0c0c981c26b3e53,2017-08-10
80eb061ace1abe7c2ba1828e00492f23,38d8c30b79cf3c90e84e7db43c3fc702,delivered,2018-05-14 21:39:44,2018-05-16 02:35:16,2018-05-16 11:10:00,2018-05-21 16:16:26,2018-06-05,b868216cb95b47cb4507e885b1800e94,2018-05-14
781deb650ad035019d532569f8ab3072,a85ccbd509c181ea209a92956e8f181a,delivered,2017-11-27 14:13:02,2017-11-29 14:29:39,2017-12-04 23:27:45,2017-12-20 09:48:56,2017-12-15,08a5e43a460ed2d16c7ca07bf3ebd815,2017-11-27
b64f09a4cf903c5767f9f537158c24ee,029ca19aa34f9311941ab931975cff1b,delivered,2017-12-12 17:39:17,2017-12-12 17:51:45,2017-12-13 17:06:38,2018-02-02 16:27:43,2018-01-09,95363f351776a3f8a43145c79a046053,2017-12-12
bfe378d529206e45ce2ae4095aba264b,13d4313f89fc94278086f77adb232fc7,delivered,2018-01-30 17:49:48,2018-01-31 13:32:08,2018-02-02 19:53:06,2018-02-27 21:18:33,2018-02-22,8d0a178dc8e73c712e86f458a653106f,2018-01-30
d361517f7a73473e6336f783ab83011d,14e7c1d95f38ad5a830549879bd81a50,delivered,2017-06-27 12:17:58,2017-06-28 02:45:36,2017-06-28 15:34:35,2017-07-12 21:03:31,2017-07-28,701fa3d5fa532fe11148b9bfc56d964b,2017-06-27
aec9735c10ae64b07f60d33908e5b58a,a972cb872aeefad4764efd7b891d212d,delivered,2017-11-19 20:02:05,2017-11-19 20:10:35,2017-11-21 23:07:00,2017-11-24 22:16:51,2017-12-01,5528af7e794d044322ea7fc8cde9a086,2017-11-19
c68f8933bfde7861455fab77ea35596b,2df21fcdbb1fcad8f6edb8c472475cc9,delivered,2017-11-27 18:00:13,2017-11-27 18:12:06,2017-11-28 17:46:56,2017-12-13 14:45:02,2017-12-22,fc9c5c08c0b25d26b16b049530b62e5f,2017-11-27
157d64d36f001ed71b81dc87e46a0809,eb316b10309b44e855263e3fafaf1caf,delivered,2017-08-17 11:06:41,2017-08-17 11:25:09,2017-08-18 20:21:56,2017-08-28 11:22:57,2017-08-30,cf972829e418b613c42a0714f7603e36,2017-08-17
a7f8737adbb1896e0664c6bb67da182b,679d2e759ee30c8c1c76366b2cd5d8ff,delivered,2018-07-10 12:29:38,2018-07-10 12:45:47,2018-07-11 15:03:00,2018-07-12 20:51:39,2018-07-18,4584191916f82be688f93ec3e06ac1b4,2018-07-10
a294c654ef8ddfa4587ab732ff8aa101,5ad7ed68c6c5c3a7d85c134d2ccb5364,delivered,2018-01-02 19:42:00,2018-01-03 04:16:43,2018-01-03 18:08:58,2018-01-12 20:19:31,2018-01-30,f9173b558b4ca860e33b42a15a9d96d1,2018-01-02
e67a3047fa3e8b2aecd942f3b25b0e3f,5407ace33e0fa2c0cef7c6f1c13ba781,delivered,2017-11-23 20:32:36,2017-11-23 20:48:23,2017-11-24 20:35:52,2017-11-28 13:21:41,2017-12-07,ae8a8192571b12c25960dea678e968da,2017-11-23
01ae629e578b0eb0935ea1ce19c409f1,d299e0e07e35f5c6fd348ed83551a272,delivered,2018-07-19 07:43:33,2018-07-19 07:55:10,2018-07-19 12:45:00,2018-07-27 16:51:56,2018-08-10,c42419a1aa4e3642cb0f1a49f0ed81da,2018-07-19
695c5f386b78f79a4c1606cb71ae311c,e32ca66e09cc9793f1e4cfc5310ad8d1,delivered,2017-10-09 11:49:44,2017-10-10 03:49:22,2017-10-20 21:08:46,2017-10-24 19:22:46,2017-10-26,afb4dda79bc861c1094cfcb56b7813f3,2017-10-09
5b9a7fae2bc9ceadc539d174314bd4a7,d88d2012dab42862bce788b76739d268,delivered,2018-01-07 16:14:05,2018-01-07 16:21:21,2018-01-10 20:10:10,2018-01-19 14:24:53,2018-02-06,c05c208522729f03deccaf2a61001bb2,2018-01-07
1c518c9a4da98619eea4bc6fb9651832,39e6184f77cdeb15df7725f992dab34e,delivered,2017-12-20 18:00:37,2017-12-20 18:11:05,2017-12-21 22:13:36,2017-12-23 15:43:52,2018-01-09,fef64e867815034175d876d16048ced8,2017-12-20
0f17366db3415102c789999a513bbd35,d2e68d3ebaf2dc8deaf4cd28ec5c9da7,invoiced,2017-11-16 13:25:07,2017-11-16 13:35:52,,,2017-12-14,97f3624adbe2de46e29901ebdbbbb643,2017-11-16
e1e06d229be4515568fce133c60e6089,e87ec36a7eacb7f9f72a5a650cdcc0f1,delivered,2017-08-02 10:12:07,2017-08-02 10:25:10,2017-08-04 14:04:40,2017-08-05 12:02:30,2017-08-15,0897373755da346bcd56f3933d5331d2,2017-08-02
65693cc880b8cf8c5e24798b6e042e0f,5f5559367c34af05d2b0c45d01b768fc,delivered,2018-02-07 14:09:36,2018-02-07 14:32:00,2018-02-08 16:27:36,2018-02-15 21:08:00,2018-03-07,4ed7d341dd01b155473c7262debfcacb,2018-02-07
b04e44e92fbc14e258bb48695b8ee7ca,da37288857c2c86080d762ef3640b6f6,delivered,2018-08-13 13:07:18,2018-08-13 13:24:22,2018-08-14 14:35:00,2018-08-15 19:22:36,2018-08-21,9e7466ffcc437ea2ba3faacf9a422293,2018-08-13
d3bc8a8aaa147ade29961c9693ff1e94,716af2036a25a73295f575af6ff89e24,delivered,2018-02-26 19:39:50,2018-02-28 09:35:37,2018-03-02 21:04:56,2018-03-09 09:55:18,2018-03-22,6b52a7c2a49502b8b860755e6e020e8f,2018-02-26
19cfffc221208eb22b66057b2afe98f9,b2cba5f59f652fdc17f0d0a6c8f63ddc,delivered,2017-11-28 19:02:02,2017-11-28 19:14:27,2017-11-29 22:24:45,2017-12-08 17:41:48,2017-12-18,f5f70d2d2ecdad373475e565639e09fe,2017-11-28
db9a034f34174edd577b9f64cc982952,ca861b89bc99a9f6e4a639805b07cd05,delivered,2017-12-11 23:52:20,2017-12-12 00:19:34,2017-12-18 16:25:07,2017-12-22 20:45:03,2018-01-04,e833175a9cac5193854c00daf5703a07,2017-12-11
51355c5169d0324db651913ef8121f8c,e3090a0296ad1120f91ae33b94e1eb75,delivered,2018-03-07 21:45:59,2018-03-07 22:08:43,2018-03-08 23:16:20,2018-03-16 16:48:41,2018-03-28,22af4e27f147663e7bf523a8ebad15b9,2018-03-07
ade59b0e363885983290be2cc12ae8b4,b1e76084d8b2831421f8b7f4f7d0a457,delivered,2017-08-30 11:51:44,2017-08-30 12:05:45,2017-09-05 21:05:35,2017-09-07 00:52:01,2017-09-12,c5d5e9767d97897d77f4b25248981b7c,2017-08-30
4576179bf61955429e5ddf487e7dbad7,fb1442fddb3de56fa6ff095c77b296e7,delivered,2017-11-20 22:13:33,2017-11-20 22:27:59,2017-11-21 19:22:09,2017-11-24 19:47:47,2017-12-08,906b39303c8095e6ddec2189c4757317,2017-11-20
2897ea74f9139bdcd87a8d18548af8e2,f7a491b924e343625fdf0e87ed85b235,delivered,2018-07-06 12:53:58,2018-07-06 13:12:02,2018-07-10 12:06:00,2018-07-12 21:41:13,2018-07-19,7a36678cf84c3a41303a5c51a6665ea4,2018-07-06
8019e5f3a23ce0342b60a67f3fda2c65,7e0b99de3ad5bd9bea61fea9629aff5d,delivered,2017-12-01 15:22:27,2017-12-05 04:15:40,2017-12-05 20:27:45,2017-12-18 21:22:02,2017-12-27,30ec1e42686b488e353712bcde544e5d,2017-12-01
86a159c4f6b1da57e4f8d286a16e9c9f,61fb4e9e08bfc53dc60cad3a7a9ab94a,delivered,2017-08-03 17:47:10,2017-08-03 18:03:04,2017-08-04 21:22:07,2017-08-17 18:58:39,2017-08-16,b17319913219a3ff59c99143d47c507f,2017-08-03
2d106554b0848ac94107eeee022b7fb2,8c5d01807e2be214929eef7f44ff5a26,delivered,2017-11-21 23:13:30,2017-11-22 21:06:56,2017-11-23 17:16:52,2017-12-11 22:23:00,2017-12-22,46a1d003c88c3a4b3b9d97c774c63d5e,2017-11-21
139be8870b91e71fd70bb366305c8cde,7f0f4bcffd7d9085eed3ad0a7814dd33,delivered,2017-05-13 14:03:37,2017-05-13 14:15:18,2017-05-17 12:59:49,2017-05-22 13:18:02,2017-06-08,64bf6ad1486c8980c35a9a7a124a6aa1,2017-05-13
9ea8991baba81c4f6981637da7fbd544,431bdad95e6781a18b295b98d87335fc,delivered,2018-04-13 20:41:37,2018-04-13 20:55:31,2018-04-16 23:05:04,2018-04-21 15:34:34,2018-05-08,830f7609dc78b878bf555097ffeaaf4a,2018-04-13
dc17c01a54fba254ad3989a9ff6d67d7,48f34dee22146ef70227a531ba14ad46,delivered,2017-11-27 15:55:52,2017-11-29 02:18:11,2017-11-29 18:25:45,2017-12-18 22:08:16,2017-12-18,6c4bbbf3f47eeb55b9de73d9526bc80c,2017-11-27
288c5544af72d827e566c9ead00316b6,c3794a4836b0f1f979c4c6916f500abc,delivered,2018-01-20 14:00:08,2018-01-20 14:30:35,2018-01-22 17:49:17,2018-02-09 01:07:02,2018-02-23,720d9ddb844db4c54e3f36252844ba22,2018-01-20
c811b2b32820eb21f261701e61e863c5,310f4c1ebfa70d27337359ee72d472b0,delivered,2018-04-05 10:29:03,2018-04-06 03:28:23,2018-04-07 01:32:59,2018-04-10 16:37:51,2018-04-27,6b23bf3ae0316abc158f20db14a9bdb3,2018-04-05
3ad057222aa3896524e1f8676a6fed66,e5dc4f88a7ccf6b7d45b187c661a7343,delivered,2017-09-28 17:04:12,2017-09-28 17:25:04,2017-09-29 17:10:01,2017-10-17 19:52:31,2017-10-16,44b982000d829e1aade251cd555df8c2,2017-09-28
bb5ed7e3c00498a15ceff9bbca9ba556,bd3667372aa3b341575db35481d040b5,delivered,2017-11-11 16:45:52,2017-11-11 16:56:14,2017-11-13 10:27:39,2017-11-21 15:55:50,2017-12-04,18186af785c301b05127a291eac901e1,2017-11-11
9a19e859f5bd7a0bb22d64d35fa8b979,afbfb235f3ea4986295c741b4d21ea32,delivered,2017-11-24 23:37:52,2017-11-25 01:37:20,2017-11-30 15:12:48,2017-12-03 15:10:38,2017-12-14,788a2f679187362222b67dfe89da6c1a,2017-11-24
685e7e3eaffdd604a628eb6e0dbee88e,1d5127e3f9779d044a034868329d653a,delivered,2017-08-26 19:57:39,2017-08-26 20:10:19,2017-08-28 19:00:11,2017-09-05 19:26:43,2017-09-20,448f7657f73405728ef9975e388ed445,2017-08-26
44ce6def1c74186615c88a02d09abcb2,7d32094fa9c3a39dc91a3947cbef7a13,delivered,2018-02-12 17:16:09,2018-02-14 10:27:11,2018-02-14 20:04:11,2018-03-12 22:51:13,2018-03-07,89b4bdf3c35096d8da5e0c3ee606e96d,2018-02-12
c20fa8783cbf98de30a8cc0dc7b99bd1,ec7bace5c0ee787e5b521382ae27a112,delivered,2018-04-19 11:07:17,2018-04-20 07:32:10,2018-04-20 20:18:33,2018-04-24 18:52:43,2018-05-04,bf8369db656fa05eb3d26a4c74a13a36,2018-04-19
7d1996e6e2897f39ad7ab248767d66ea,667c0f68dff62a45f0be6fe6e944ae7d,delivered,2017-08-17 17:38:34,2017-08-17 18:44:39,2017-08-18 13:39:49,2017-08-21 18:33:40,2017-08-30,4903e5b339a6ec191c0428479ffd72a8,2017-08-17
0ff22bde315f6d0807028be76d9e736d,8125090a4744adfbe6d3940abeeb859b,delivered,2018-06-25 08:23:10,2018-06-27 09:11:47,2018-06-27 09:20:00,2018-07-05 12:36:25,2018-07-31,77943e0a39c2d2486c00d62871e36353,2018-06-25
3341c1471465b4198ac0c139659da90f,47bb83fd2e4a971ffb84209b5b725d00,delivered,2018-03-13 10:01:03,2018-03-15 03:29:34,2018-03-16 18:25:38,2018-04-09 13:53:41,2018-04-06,1a0bfc543e70fcbc433689ecab64b42f,2018-03-13
487102a0e698d9e4d4c20a484739489b,b5c786bdc9e15e28d33f2db4ea2f9875,delivered,2018-03-05 13:28:54,2018-03-05 15:55:37,2018-03-14 19:03:26,2018-04-02 13:41:33,2018-04-03,f6038891be91afcae859d5cb60d7bd4f,2018-03-05
6a843358bc668f6e6b3c4b13de5e1b33,26e3c68ac33db7ab2b257c9c35c23752,delivered,2017-07-10 22:28:33,2017-07-10 22:43:30,2017-07-17 12:59:44,2017-07-19 13:34:02,2017-07-21,031ea691b99fc101dcad357d1a83573f,2017-07-10
e5283432176f988a5d35d8f6b0711030,e60ef18ae2cc1f0e16b855a4ef2807be,delivered,2017-08-25 10:14:02,2017-08-26 02:10:17,2017-08-30 15:56:11,2017-09-01 18:45:50,2017-09-19,b9badb100ff8ecc16a403111209e3a06,2017-08-25
dbee9ddfb8d2d10e047b6cb5ac6c2318,3e70cccac729d32f6903f2d33858511f,delivered,2017-12-23 17:57:14,2017-12-23 18:09:08,2017-12-26 16:57:04,2017-12-30 11:37:46,2018-01-26,862f2b5f660c3e04d9d7f54f6fd15df7,2017-12-23
34cafed7dd8f5b67bf8411c7fda78f49,e4e471f37f9bf6542ae66be166142638,delivered,2018-06-16 20:33:33,2018-06-16 20:58:16,2018-06-26 06:34:00,2018-06-28 15:29:51,2018-07-19,8105ccf5f09207e3e4308f28ff4509dc,2018-06-16
789e059c493926a46f2365bebb807dc9,d4fe22646489eb78a9993e0a312ffbee,delivered,2017-03-21 14:06:41,2017-03-21 14:06:41,2017-03-22 10:02:02,2017-04-10 02:37:41,2017-04-11,54a818425af66f4a11baa6021239f941,2017-03-21
0b93ff37e8344c6013bad16484c7fbe4,41b40faae6aeea7a8b6884948863386e,delivered,2018-07-22 11:13:05,2018-07-23 14:31:12,2018-08-02 16:31:00,2018-08-07 22:11:10,2018-08-21,8733d5194de65480195c9afdc3bf8881,2018-07-22
92c006b2d334e2c603a6569c2a4ce53f,4e5ff35c08f08656c0cca3f46f97391c,delivered,2018-02-26 18:18:57,2018-02-26 18:35:39,2018-02-27 18:57:32,2018-03-08 00:48:30,2018-03-26,2d0aa39055b967248bf551e220b55f59,2018-02-26
2ca1f43a3b966324bcd1fee4818d01e3,24cf5c1e126ff78cbb839e0d1566dca0,delivered,2018-04-21 15:11:16,2018-04-24 19:02:32,2018-04-23 18:03:45,2018-04-25 19:15:00,2018-05-02,95068dc990d9bc06dd2f2d0bb96b0822,2018-04-21
ad8cbf1b92732052ce15fbcc313b59e2,f633918bd6e6a1a9bc31dd52189f1ac4,delivered,2018-08-15 11:31:44,2018-08-15 11:45:16,2018-08-17 10:00:00,2018-08-23 15:11:56,2018-09-04,e060eb8f37de232154b24bbb2413b68e,2018-08-15
18fda8c87fb70dfe4ab751acd63e39ff,0dfd0d69ff0b50c8dc4d6b7a5619dcef,delivered,2018-02-13 11:57:45,2018-02-15 03:55:50,2018-02-21 20:27:01,2018-02-28 22:04:41,2018-03-12,9da9fdedc4814415367b1caf679f8625,2018-02-13
31cc37975a360a347c3e668b4893fec3,77fba1f66a8848b09bf7255bc00f67be,delivered,2018-06-13 15:39:09,2018-06-13 15:58:50,2018-06-15 14:25:00,2018-06-21 16:22:08,2018-07-04,9f0f58c3c4a9fbfda6fd2aa4e1d8b51e,2018-06-13
44336b642856c33f94a6ba4b8a7dd6d5,72f2b4663a2f9ab47f956f7f75eeb398,delivered,2018-04-09 21:46:23,2018-04-09 23:30:04,2018-04-12 17:51:56,2018-05-03 21:48:53,2018-05-16,70bd0e1992adb52ebc75ab1093d4f48c,2018-04-09
f2549ba65e2aa4e4831c43946625e476,318e6461c1360f9bcd936bb5bc8acdca,delivered,2018-08-15 15:52:47,2018-08-16 10:10:29,2018-08-21 08:48:00,2018-08-22 15:54:44,2018-08-28,50d0a98c7b8bbe97a37c54c36d072d25,2018-08-15
a640fed02512517d0d460c194a02f23c,fafb088f52611a7af479495f14d95aba,delivered,2018-05-15 20:29:37,2018-05-15 20:56:10,2018-05-16 13:38:00,2018-05-17 17:22:08,2018-06-01,1eae8034d9871bd55b4c6720e3a226c2,2018-05-15
38581282d219040b90a904e154ad8cf3,008598a4ca17eba904c5fed695cb13be,delivered,2017-07-31 11:23:21,2017-07-31 11:35:25,2017-08-01 22:04:55,2017-08-09 17:10:34,2017-08-24,a6d8302831afb228546eccf6cb3b3b48,2017-07-31
bcbcdbe98e2e23143fd0f17070768b94,3bab702f05af85ee30fa407ed58b70f9,delivered,2018-03-18 16:46:32,2018-03-18 17:09:22,2018-03-22 20:12:17,2018-04-21 09:25:38,2018-04-12,efdcdf4a6c291b560ff2f9176ac511cf,2018-03-18
0cc36282e7b0e281bb99dfdc8c0f11aa,5ce973fbda84cc196075524439c99bb2,delivered,2017-09-07 16:07:10,2017-09-07 16:23:27,2017-09-08 19:52:59,2017-09-13 22:09:59,2017-09-26,63fd7218b0cc3d5d4a354445cb266c4f,2017-09-07
9e555160d5ee4c0a12a9451cc98afedc,ec55b85b43b1ea0b5488736283c05e78,shipped,2017-11-16 12:04:23,2017-11-16 12:31:39,2017-11-17 17:34:45,,2017-11-29,93e3888093274e8abcf2b46c370fb3d5,2017-11-16
80e8a0b7128272e407375016c1fe666d,f3dc55ecb71ebe4066a6efc57c6593b3,delivered,2018-04-05 21:00:26,2018-04-05 21:15:11,2018-04-07 01:11:24,2018-04-14 17:48:45,2018-04-23,e50f2d7844c4b32abba3df02aaae0952,2018-04-05
1754107f36ce978c21ba0509c7bf0889,051d8948abf627dfd3483f6bcdfbfa5a,delivered,2017-08-08 16:05:13,2017-08-08 16:23:50,2017-08-10 17:26:12,2017-08-15 20:51:49,2017-08-30,79f9be7c3adedc8cb4828a2ce3981222,2017-08-08
7097550e40c0506caaa47c978d54e66e,fcd8483d6bd11ee87b1e041869ecd2b1,delivered,2018-01-26 17:42:08,2018-01-26 18:31:27,2018-01-29 18:35:03,2018-02-05 15:39:49,2018-02-20,d1e778e53a618168392b6ba7b5e2259c,2018-01-26
464903700caac1e06ce732afb660cfe2,0550b43346bf7b76cb465d064ecc7bd5,delivered,2018-06-10 18:20:21,2018-06-10 19:12:10,2018-06-11 14:11:00,2018-06-16 16:02:06,2018-07-11,d383ccd394fc5ccc2418388b70060ab7,2018-06-10
82ea82026e50c602a0a88e158b8fa8d4,302e2c173a66a78cce4229248835a524,delivered,2018-06-07 09:23:19,2018-06-08 02:35:18,2018-06-08 11:09:00,2018-06-15 18:02:23,2018-07-23,23e95b1fb0e5e57d28ca850e7aab9ebe,2018-06-07
83f450ee2ce1601120b3ae155a1c43fa,ad6a6681c849e64c88a6fd9fcb54627d,delivered,2018-03-16 22:10:55,2018-03-16 22:28:15,2018-03-19 19:04:57,2018-04-05 22:11:07,2018-04-25,6673e2240036a0ca1d62bc315cb2cecc,2018-03-16
3008498e80be1b85f0ac899b5dc2da66,d14d2298c49bb29573732dcdb7aa9b56,delivered,2018-07-14 23:37:42,2018-07-14 23:50:09,2018-07-18 14:35:00,2018-07-24 00:08:23,2018-08-10,65216f15224fd7cc9647c9ba2c097205,2018-07-14
e18b75b8b2ba4ce613d10b2fd820aef9,97b022c15435bd252146590f7d05e314,delivered,2018-07-28 13:11:22,2018-07-29 13:05:14,2018-07-30 14:43:00,2018-08-02 18:46:42,2018-08-14,7e15cb8c71052e9010e175b604900929,2018-07-28
20dba2f8adcb7effe9f8fd64c8818656,a966dd3a971b4fcf59e306593c595e0a,delivered,2017-06-10 00:06:36,2017-06-13 04:05:25,2017-06-13 16:48:16,2017-06-19 20:03:22,2017-07-05,796214f3f3b496b3b116986185984393,2017-06-10
70c9e0c247d9f1e785e3a31d2a333ec6,4f8eccc9715d609c5524da78c3f072ad,delivered,2018-05-16 19:08:50,2018-05-16 19:36:47,2018-05-17 14:41:00,2018-06-01 17:14:52,2018-06-01,34336d34daf6f0fc2e2a594e817d773e,2018-05-16
c92364460bae25c97369caca38250639,d06dcdc91e45905da70cd2319052dfcb,delivered,2017-12-11 10:51:42,2017-12-11 11:11:18,2017-12-11 23:34:12,2017-12-21 21:28:34,2018-01-04,347ed94e7e083c2b4f149e5a2a8e0a76,2017-12-11
96b4ac4e2ffc8baf3231dec72926b913,08a97b5d819d8150e70e1a637d34b1ea,delivered,2018-04-27 21:26:39,2018-04-27 21:52:34,2018-04-30 12:18:00,2018-05-09 10:28:34,2018-05-28,a4f3f98f5f9d151530c62ab2377d3fac,2018-04-27
3f81d05c2ac8f59242c55b5b4460f795,ac9fc6d2a60feb9bd19d1c24370c5107,delivered,2018-05-08 08:17:45,2018-05-08 08:30:17,2018-05-09 08:25:00,2018-05-15 23:59:59,2018-05-25,de3a5867d30695249b77f9ba742ce30b,2018-05-08
714baa6be84305523afe9e663c1b8f48,b52897526af6657a36aea35d93443b07,delivered,2017-03-25 10:13:31,2017-03-28 03:45:10,2017-03-28 11:26:40,2017-03-30 13:22:15,2017-04-20,1a4525ff633206aabb70a01f16514175,2017-03-25
758b2f6c959f5aec10c8beefbcda84b8,a7ff44e0773e59861e6b784a4de577d1,delivered,2018-02-09 09:36:12,2018-02-09 10:14:12,2018-02-14 19:04:30,2018-02-19 20:05:47,2018-03-05,1648bc1038d8e5ce92bb931c342d2530,2018-02-09
7ee2c8e81e009d6c2d3ce6d381ebc248,9faf910da52163bdfa603771d11672c8,delivered,2018-01-12 10:02:11,2018-01-12 10:09:25,2018-01-16 17:52:48,2018-01-19 23:19:39,2018-02-06,6ccb05a350a2e27145d56bc51cc3e40d,2018-01-12
21e28426bf49f15032c93153c7a3e206,ba503b67e4b3b4faef99f1235920617b,delivered,2017-10-18 21:45:26,2017-10-18 21:56:39,2017-10-24 20:17:49,2017-11-03 16:41:38,2017-11-09,41336d1d975b7e02f51ea1b07845de35,2017-10-18
8a3dcb26a8eb146af97048a590585b24,50c3191f8256273399666c6edf0d9a54,delivered,2017-10-04 14:02:42,2017-10-04 14:14:12,2017-10-05 22:32:38,2017-10-06 17:50:07,2017-10-23,9d46fcc7c78714a9f3ca839b05ca5793,2017-10-04
a37e63f75db3f7601cd0e95a5b63c083,8dee5b9d88493d6dd0a51b834867dc84,delivered,2018-01-07 21:28:13,2018-01-07 21:47:38,2018-01-11 21:10:25,2018-01-12 21:12:40,2018-01-24,d279762c12550630b16f4b73a60f8eaf,2018-01-07
1f1a992f7bcd9a5c79b08bbf2a0d076d,681763cdf87fb901b23f8548b300f2cd,delivered,2018-08-16 16:13:24,2018-08-16 16:30:46,2018-08-21 12:03:00,2018-08-22 18:38:50,2018-08-27,bd8eb27476c9ce370bb6235abd6d3573,2018-08-16
12c52aeb1dba3fcbef2e36accacca1e4,0218de8038240591323aa1f89630a1e8,delivered,2018-02-13 15:19:02,2018-02-13 15:30:25,2018-02-14 21:04:25,2018-02-22 15:52:15,2018-03-08,77001b080dd723bc9a22e538e5e06e41,2018-02-13
f96c24233b2160cbda61f76e59f81412,a6cf8f5e39c94c61c9fb0e869f481fc3,delivered,2017-02-22 15:57:47,2017-02-22 16:10:13,2017-02-23 08:17:44,2017-03-07 11:42:44,2017-03-27,c9c6d353f4101827b3dbc83b093b2fe6,2017-02-22
32e4ab670ff4b606ef9ef7efdea0a284,972cd773a42450ed39ee9e1f290f3529,delivered,2018-04-05 09:48:17,2018-04-05 10:08:52,2018-04-07 01:22:37,2018-04-07 16:51:53,2018-04-23,d7140656936a641754fbd42e1d4efbbf,2018-04-05
a17ad45b2b8e8e73cdcc323bd9b90b49,0634cc5ac85b1f3049dbe5ef6f30b008,delivered,2018-02-27 22:20:35,2018-02-27 22:35:21,2018-02-28 20:55:03,2018-03-02 15:36:36,2018-03-13,1e72930fe3f4d228cb1e52f919fd1900,2018-02-27
9f9451274bc21055d9306c98eb7eb8f8,65b9c8af625c3c4a37af569d46f77136,delivered,2018-03-04 21:57:25,2018-03-04 22:10:30,2018-03-06 22:48:57,2018-04-17 00:37:33,2018-04-06,7d968cb7862adb320960788e55ddda05,2018-03-04
9f31d169352d4ba2e61af7dfcdeae8eb,8267a06cc4ef5ed40ac7530a57b70ae0,delivered,2017-09-15 09:15:42,2017-09-15 09:25:54,2017-09-20 21:16:04,2017-10-05 21:32:55,2017-10-13,3615a0782b52edcb08716ac2e1c17b05,2017-09-15
1620c790cd0d6a55f4f5c3922764c96a,b9ab932d839992603b54ff70dedaf357,delivered,2018-03-06 16:33:50,2018-03-06 16:56:34,2018-03-10 00:22:41,2018-04-16 23:56:29,2018-03-27,93158b6a04e6962deea46979e6b0f42d,2018-03-06
1ab2b1793236a9b4f5033929476665de,743ba6970529f6e6ac1f5b501be6d573,delivered,2017-11-27 17:31:28,2017-11-29 18:12:42,2017-11-30 16:28:09,2017-12-06 19:22:35,2017-12-11,7e16434105027a77fc643199684899b1,2017-11-27
43c564b825003473af9a68138631d388,7a9e4631c3fa2487b3a4d1a9becf3701,delivered,2017-08-08 12:49:01,2017-08-08 13:03:44,2017-08-10 16:50:06,2017-08-12 17:03:39,2017-08-28,0e3c753956e35026b965d9ac3590c5af,2017-08-08
ab30f8d4ebb7d33d1dcf54d420ea42cd,1e3597b6a3709825babc1f9c2c5d1992,delivered,2017-11-01 14:01:38,2017-11-02 13:55:26,2017-11-10 19:55:38,2017-11-17 20:18:51,2017-12-20,971b1719d3b2f6221dd8c5d1afb5cf2f,2017-11-01
2e10c534d5d49b8fcea5e034821a96e9,2228a3a881e33aa73e7958a61332cc35,delivered,2018-02-14 18:41:02,2018-02-14 18:55:26,2018-02-16 21:07:32,2018-02-20 22:59:03,2018-03-07,801c1d310fbdf6f92b937b8900ed7814,2018-02-14
9e223bb1dcd1b18c6f18c8530f8bd54f,97c7e43303db9a2be78a4d3691bfa9a2,delivered,2018-05-21 15:14:56,2018-05-21 16:35:54,2018-05-22 14:08:00,2018-06-04 14:34:36,2018-06-08,75e4b658091a900167075f7e7fe1f78a,2018-05-21
da737ef3ec9b9835b98345f6c155cdef,08ebd8171843fa54338c3474439144a2,delivered,2018-08-11 23:32:03,2018-08-11 23:44:36,2018-08-13 16:09:00,2018-08-14 13:11:48,2018-08-16,85cc592cd0bc4fda8effa4b10ca8eeb7,2018-08-11
f1e3357150ba2a42775a24d84090890f,27da2d4ea8e41b2ebf42861d6f5a3bda,delivered,2017-12-02 19:44:39,2017-12-04 18:30:51,2017-12-05 21:43:41,2017-12-12 00:14:34,2017-12-27,0f990bdf6dd514b25b665ba3707c615d,2017-12-02
41d3c3f700ca5ccd7c9068d16f4a4821,c5815bc51a3e03cef5eaea8d5cbc04da,delivered,2018-02-01 16:05:46,2018-02-02 15:27:47,2018-02-05 13:19:36,2018-02-15 18:38:48,2018-03-02,0ebf21c280ff67f685601e326ddd5f20,2018-02-01
3a85a31b3c013689dec78b3b5a951e3a,7b13faf41f9f9fbf81d94f7dc0390ad6,delivered,2018-03-18 18:53:13,2018-03-20 03:30:56,2018-03-21 18:38:47,2018-04-06 22:58:24,2018-04-13,fccdfbb8ce45cff164a891b424cfff78,2018-03-18
23233c7048bb0dcf2c4f0554a258fd82,5647b25ad25cdcfc8b3a9262887a7b4a,delivered,2018-08-08 11:00:56,2018-08-08 11:10:20,2018-08-09 12:19:00,2018-08-15 01:42:02,2018-08-17,8180b0d455d0e18ab5eecdd276b7fbed,2018-08-08
04130ed2567c23daa988cca5f1860430,e4447a5ba83bd803a92ff42706b70816,delivered,2017-11-11 14:47:40,2017-11-14 03:35:22,2017-11-16 13:48:38,2017-11-20 19:32:27,2017-11-27,e6fd45b1eab3940e2bfc5ed749f653fa,2017-11-11
d5e14257809839727a3b7094b8fbe64b,4e689a024aa738f5e834bc7fdaf17e7f,delivered,2018-01-16 09:44:46,2018-01-16 09:56:23,2018-01-17 18:12:25,2018-02-05 23:04:47,2018-02-14,5f6c58707d69851987c601bd7ffab85a,2018-01-16
2855ff46bd8a1e808b3a96e7bda374c7,93944abdbfeb7951bca77d6c3beaff45,delivered,2017-12-06 01:51:32,2017-12-06 02:09:36,2017-12-06 22:22:54,2017-12-16 17:42:39,2018-01-02,640d883e37fb8eb369bdd0401c6fcaae,2017-12-06
3ca46d83bc77fa642a73183ca1275aa2,e3c5c4be8d1f1398a937afb599399b3d,delivered,2018-07-22 17:47:38,2018-07-23 12:32:12,2018-07-24 11:39:00,2018-07-31 15:38:01,2018-08-23,bc671738eaaee4ae24ca1a652cdc816b,2018-07-22
5b4ac3ed0dfae10196fb525f4227ccf8,4dba2178903f42a374b15cdc931c5d42,delivered,2018-01-13 00:26:23,2018-01-13 00:58:30,2018-01-17 02:33:56,2018-01-23 18:22:06,2018-02-07,bf28f48b181486a81272d6c9f96bc90b,2018-01-13
441cf7155f976d42536081646f9f4714,51c5f0c1e195fc85859adee1046fa34e,delivered,2017-10-19 12:33:49,2017-10-19 13:49:25,2017-10-26 00:07:50,2017-11-03 16:47:49,2017-11-10,e187b9671c855c63c1400ecb2cbe5191,2017-10-19
c67440872252c7c4079023160409025d,6237a8d5188319b841ccd3c62faf8f85,delivered,2018-05-23 10:45:13,2018-05-24 02:18:26,2018-05-24 14:42:00,2018-06-06 15:42:54,2018-06-27,fec3e4a7b8f949d64af00058cc06c5c9,2018-05-23
6ac4c573549ec4d968907f982c4be7a5,8d40166f2db2f946bd75da94411e65c3,delivered,2018-03-27 10:31:49,2018-03-27 10:47:58,2018-03-28 21:25:18,2018-04-11 18:42:05,2018-04-27,bfd7d35b62a169033b12fba5f36430fc,2018-03-27
a6b63ae7118854d49f47a7445041e200,ca260fd44214a7a9b39457ce897f98d6,delivered,2018-05-16 17:33:11,2018-05-17 19:36:10,2018-05-21 09:08:00,2018-06-04 15:14:20,2018-06-08,ed6aff80736d347a9a1c101d084f8c3f,2018-05-16
f49d6ccb4f36a6204ff06cab948d268d,2ad0fa5dbcc34ae3e276ceb5eeb3fd33,delivered,2018-02-04 22:34:32,2018-02-04 22:50:03,2018-02-06 13:13:03,2018-02-07 19:04:02,2018-02-23,eb3c04f545e10b9e1c89a7db0051a334,2018-02-04
565f87125e672e704933159acb9d4587,fbbfaed4be04d3cd8c7698aab67ffc5c,delivered,2018-06-14 15:39:13,2018-06-14 15:59:58,2018-06-15 14:00:00,2018-06-26 17:15:45,2018-07-17,41f6e1b035458d4e908ad2afdb7006cd,2018-06-14
9dc3aae9b1d669cf1ede0c26d1d08b48,4492f85a663f8b75a94718799f60a8a1,delivered,2018-07-31 10:33:18,2018-07-31 11:04:43,2018-08-01 13:17:00,2018-08-03 21:32:59,2018-08-16,0ea2230b68a32e47af9b398fe42a6a0e,2018-07-31
245ac19080f071a4ef95b0aea0038fcc,d3308957c8595dff77a1deab1e20c24b,delivered,2017-12-09 00:10:59,2017-12-09 00:31:03,2017-12-12 13:19:02,2018-02-05 15:29:14,2018-01-15,99c8fe6c03b909611521253f07d4594a,2017-12-09
4a9200466bbeb3208e8b5fe268315105,3ecceee1818bcc7555b587631589f0dc,delivered,2018-03-14 14:54:18,2018-03-14 15:27:58,2018-03-15 16:32:10,2018-03-27 17:47:23,2018-04-04,db5754605976ff5c5447b8cbf09e369a,2018-03-14
70373e9075b8d9c1c57bebf62ba3b59d,37696faed2a66c905bce38870973fc82,delivered,2018-04-06 09:53:26,2018-04-06 10:09:05,2018-04-07 01:32:05,2018-04-19 17:21:25,2018-05-03,e44042afcb452182c8285d83e0d8cfc7,2018-04-06
9b4fc5c379134e1329bd48641ba285e3,cda60b855f79e10246781d30a9fd7be7,canceled,2017-07-24 13:22:29,2017-07-27 10:10:15,,,2017-08-04,1cf8baaa3547b7f159e6a59b3ef324d6,2017-07-24
caa321f911edb4b272c5e4aa6df6be81,cbd7f2280c571b565374cff6887d1ab7,delivered,2017-07-16 20:13:21,2017-07-18 06:10:24,2017-07-21 16:36:01,2017-07-26 04:41:55,2017-07-28,2273edfcec0422fe9279dacac772e931,2017-07-16
398c1e801f251d4b305bb3e2e4eb2e14,da6cc8104d73d2ed1e3ca5e3bcaf9ceb,delivered,2017-11-02 05:31:25,2017-11-03 05:45:40,2017-11-08 23:35:51,2017-11-17 19:16:31,2017-11-29,4ab734257fb3a7e0ba87961169cb17e5,2017-11-02
b311d7dd519074ae07f219467efbcc6c,958cac30fa94b05f7747e91ed8798ef8,delivered,2018-06-10 11:35:57,2018-06-10 11:51:07,2018-06-19 14:13:00,2018-06-20 21:08:33,2018-06-29,48196e2d81e1857fad24d838dc371e2f,2018-06-10
b7f12e29e55ecae289d444db518400ed,58e6ef977832bfd6f5c99001fc47432b,delivered,2017-04-26 14:37:18,2017-04-26 14:45:25,2017-04-28 15:03:42,2017-05-03 16:00:09,2017-05-15,11e6820156ff11c093e8b9a8a53de472,2017-04-26
ce6615d572a95ae4df7bcb227fa4d3a0,16b1c67999265df183e86f6a29d83626,delivered,2017-10-27 17:12:30,2017-10-27 17:31:14,2017-10-30 22:14:14,2017-11-07 21:04:49,2017-11-21,37c79e8070de39f8272b5491eba5bd2b,2017-10-27
50f6dc29061cc84a0517e8c487314855,cba2aa3b44e87d70be5dbcc4c388e982,delivered,2017-06-23 22:46:15,2017-06-27 03:55:20,2017-06-27 14:18:01,2017-07-07 16:59:36,2017-07-21,208b00125153b84a8a079da0461aa025,2017-06-23
c732a870596bb86c2a75055a13eed28b,039e439f9f8a9601b617aaf7168202fd,delivered,2017-02-24 16:09:19,2017-02-25 06:45:21,2017-03-01 14:30:53,2017-03-11 10:55:01,2017-03-31,4e9f806edc28d18aa8faff97f3fc15c1,2017-02-24
352f09822e9d9bd34662893b7266177a,38a49ec1f03ef9b4db7e8ef5fbb660ea,delivered,2017-04-11 01:53:32,2017-04-11 13:30:23,2017-04-11 14:34:00,2017-04-13 13:16:21,2017-05-03,bf3a222ebcf78d175ba8d463c1c299d4,2017-04-11
9c9caceea6d2d83cca38b235e4239dbc,8b6bdea286edd9e9c17e7aa7b83bba33,delivered,2017-12-29 23:07:25,2017-12-29 23:14:22,2018-01-02 18:48:12,2018-01-04 15:12:28,2018-01-18,d5aa348ef6262fa1375d429bdf1fb17d,2017-12-29
be33eea0051d8447b4c2ed4e7ac7be35,b91129706b580d867531feec323a1fda,delivered,2018-04-24 20:23:21,2018-04-24 20:33:31,2018-04-26 14:58:00,2018-04-30 14:04:57,2018-05-16,863586d6f6a253c43e88ef245088f3a1,2018-04-24
e4825515f8ef501b2887a2ad0685621a,a6fb9a183a4cf39ac1e24653da0ec6bf,delivered,2017-02-14 14:36:50,2017-02-14 14:50:11,2017-02-15 06:11:51,2017-03-02 10:22:10,2017-03-23,13e262867115ff6ec4f99423d9ab6a77,2017-02-14
01d3d4cb8c553d507dfd26fbd8b41e95,814dfd64a142fe2564faef3932b676b9,delivered,2017-10-29 14:52:54,2017-10-29 15:10:11,2017-11-10 00:22:00,2017-11-16 16:34:43,2017-11-29,d647bd6f2997e98e04f7d84da752b873,2017-10-29
1f9624a22a45c44073523bcf6f1c47a2,bbdbc21c0d067bd705b5aaff781709c9,canceled,2017-07-31 16:05:08,2017-07-31 16:23:27,,,2017-08-18,fb0ee3da1096d44aeb3bda500a7d33d0,2017-07-31
c0672e93bc1e3dc6754fcf935f3b197b,cb97d2288c6fcc10d89ebeed7368828d,delivered,2018-01-26 07:37:31,2018-01-26 07:50:21,2018-01-26 19:08:43,2018-02-05 19:06:11,2018-02-26,65e5e6dd661afd54a0ef9ace1c9fef37,2018-01-26
837a2b3fdf1af32fbddaedb82e8251fb,22cc41b7201d6a520de0775ba5159aed,delivered,2018-07-31 18:02:00,2018-07-31 19:31:35,2018-08-01 15:55:00,2018-08-06 19:18:39,2018-08-09,e017e385eca212c9245b334a1b500fc2,2018-07-31
b915355d5d44aa71d50cf04caeb78a53,5e2d7a5f33b0d7fb5d391ddff79b7bd9,delivered,2018-08-19 13:52:46,2018-08-20 15:57:39,2018-08-24 11:37:00,2018-08-29 15:51:29,2018-09-05,7d2252746734931a8177e2680680eeeb,2018-08-19
b2c7ce470c3bc3cebaef61950a33f2f8,b822fa79e7e6fae9710a5cfa3655e639,delivered,2018-06-12 00:01:00,2018-06-12 09:02:08,2018-06-12 13:06:00,2018-06-21 15:08:37,2018-07-17,269773a22afb7d31555459a234c70c41,2018-06-12
334ab6dc70bc9a09b01827959aee65ba,f825273ddca164fab2c91c5bcdc58f4d,shipped,2018-03-10 14:17:54,2018-03-10 15:08:10,2018-03-12 17:21:41,,2018-04-03,c32b20d9385cb48398ec96ff8c75357d,2018-03-10
0cf2af331f55382bd5698864658e73f0,bceaf8b12a79028075da3b7a36f1d6e7,delivered,2017-05-01 14:19:12,2017-05-03 11:43:07,2017-05-03 13:34:35,2017-05-20 09:02:28,2017-06-02,2887d406026c92a31aefd39960663798,2017-05-01
4165597d98e009aafd51a406a9c38562,71c4cb2c996f7c8a8583f350547290f1,delivered,2017-03-14 12:57:50,2017-03-14 12:57:50,2017-03-15 09:47:50,2017-03-17 10:47:55,2017-04-04,3ec9da608c4f401bb678f212a984393b,2017-03-14
7892a566b076a8f7248d0c39b1a62768,38050287d8c7650f0228136a01889f83,delivered,2018-02-24 18:35:03,2018-02-24 18:47:24,2018-02-27 16:34:13,2018-04-15 15:48:39,2018-03-21,f6a2736ab3c649db83008996997912b3,2018-02-24
3c0b8706b065f9919d0505d3b3343881,d85919cb3c0529589c6fa617f5f43281,delivered,2017-02-17 15:53:27,,2017-02-22 11:31:30,2017-03-03 11:47:47,2017-03-23,c094ac95fcd52f821809ec232a7a6956,2017-02-17
aae50e3ecf0a52e135b59e3df0d18c84,9d79c4397c82efe150bef59588b4913a,delivered,2018-01-04 16:22:45,2018-01-04 16:31:22,2018-01-08 19:07:49,2018-01-19 16:13:13,2018-02-02,55db0f105e5ff30ad61bf0650c5c5338,2018-01-04
7f97fdc3070d34e6e2a9db4b367e98c9,781b92d0f302cbc9e3f59e6bc15b570d,delivered,2018-02-17 23:28:37,2018-02-17 23:46:44,2018-02-22 20:53:03,2018-03-08 19:54:31,2018-03-22,1ce1b5ad9946e83cdb4f38d49327111b,2018-02-17
d87efaa8a13d7d43b3464f49c528c787,7eb927f63e4b090b789fac3324d400d3,delivered,2017-02-11 18:10:26,2017-02-11 18:22:47,2017-02-13 14:06:53,2017-03-04 04:42:25,2017-03-13,98dd82387ae3ba3b327c7c6427b28889,2017-02-11
513e088b2c0d0279b2df18d115a0d39d,4f3106b818772a80feb6aa2a658e2998,delivered,2018-05-28 15:37:54,2018-05-28 15:56:20,2018-05-30 13:36:00,2018-06-04 20:53:56,2018-06-28,37f2527bb624e379f72a742154fdb762,2018-05-28
ebbca2b2d601a4f4d2b6bf1bfaeed836,529f213a202af545c56e12001d3c8bf7,delivered,2017-07-14 13:57:05,2017-07-15 03:33:08,2017-07-24 21:40:16,2017-07-31 19:02:38,2017-08-11,801949754fd9dd7c45edbb4ce43de7a1,2017-07-14
aba950b9cde84070da405636a28d6ad2,8eeecbffca82741b05f4ac8684a09047,delivered,2017-07-19 16:59:19,2017-07-20 17:43:41,2017-07-26 14:23:19,2017-07-31 21:59:28,2017-08-11,0339d63f73ee6160ed3a7a6534ee2efe,2017-07-19
d2b9baaec80a1a1d4516a2228b5694d5,b5cd28e9aef7bab2d96668644ac46c63,delivered,2017-07-26 16:33:32,2017-07-27 08:50:46,2017-07-28 14:49:59,2017-08-07 20:37:37,2017-08-17,b9f6883c3f931f5ec4cd095746e00821,2017-07-26
843987ad16fdca324fc74eb57896cee2,938dbea1d465c3eee57f3dc8923dcb16,delivered,2018-03-03 11:59:50,2018-03-03 12:15:34,2018-03-05 22:16:45,2018-05-16 14:03:21,2018-03-26,651da97b2f7575d76efe82f970e57116,2018-03-03
477f47650910f1f97f312463b8c948d7,cdd2486e5676308021ce6f4b2e0ec701,delivered,2017-06-23 01:40:58,2017-06-23 02:03:27,2017-06-28 15:12:15,2017-07-13 19:20:32,2017-07-27,1115ea4b23b72ed96946ab8597ba1f96,2017-06-23
c5b1a5d21958f98a0c66114d622bc0ed,b51864a91835810c755a8c3438c63668,delivered,2017-01-25 15:32:48,2017-01-25 15:42:16,2017-01-26 16:23:51,2017-02-02 17:07:23,2017-02-22,75b1ebef8b5bd5d6a2a9c49e1beb1132,2017-01-25
e7adaca753bdafdfdee9f2ecc2effd33,eab37ea67f4c0a1b1bed16036a4af587,delivered,2017-12-31 14:52:35,2018-01-01 14:46:47,2018-01-10 00:55:07,2018-01-22 19:29:07,2018-01-31,698118425f0afbd4bee557e51b6bd49b,2017-12-31
fb98500e6403d8d8848509d3e8665aeb,70e0248a663cd8519bad434195061a95,delivered,2017-09-02 20:03:32,2017-09-02 20:15:14,2017-09-04 20:45:55,2017-09-11 23:23:37,2017-10-02,9b551d332a694be3deb566aba6417dd7,2017-09-02
5701526ccd29e0cb831e1324aa60b867,28cc138d10aaf11f6ea6c7503a23e8a0,delivered,2017-12-09 00:12:30,2017-12-09 01:02:05,2017-12-20 01:27:03,2017-12-22 17:49:11,2018-01-08,4783f02ed6fbca3c4e321d029826dbf1,2017-12-09
e10c65499c59e57eea4d979ac5eb3d0f,fc4c0a3b1164a080256f74d73a07046f,delivered,2018-02-12 21:16:51,2018-02-12 21:30:29,2018-02-15 22:47:14,2018-04-17 17:34:42,2018-03-07,1d039c05cbf3dea2ef9b6404451508de,2018-02-12
296752c5e35a99dd06b9100ab400c8eb,40fa5cb283fa23003378da712ee22419,delivered,2018-06-23 12:19:45,2018-06-25 13:17:33,2018-06-26 14:03:00,2018-07-04 00:48:49,2018-08-06,d8b877fb7950380c8d5d3093e334fcb7,2018-06-23
5f134bb3f194debb9b0fe39ca07f2b41,543e5400e118a2e723535d7877b2067e,delivered,2017-10-19 17:10:35,2017-10-21 03:05:46,2017-10-23 21:47:58,2017-11-01 18:34:41,2017-11-17,64cebc495258137f37c06549d6deaa86,2017-10-19
de6d38ce9e3cde2325eb83681cbf5774,157f0a9bacdeeeaa17cd314caad9e729,delivered,2018-04-17 20:31:47,2018-04-17 20:51:40,2018-04-18 21:50:49,2018-05-01 00:27:01,2018-05-07,c0c896babc30896cdc6ec710445cb91a,2018-04-17
5364d08bc3ef658354a3d13d17051f49,5ac92711268d4e0ec3a63f3dc96e6670,delivered,2018-01-26 18:44:07,2018-01-26 18:52:05,2018-01-30 18:18:43,2018-02-07 20:42:35,2018-02-21,5d301ed740e612497ff5c1542a39ce60,2018-01-26
4854bc4c9c26ab65c3b7ff11c0a03586,52a9dc68b108aba2ed1776eb6cda5c0f,delivered,2018-08-18 13:56:19,2018-08-18 14:10:14,2018-08-20 14:46:00,2018-08-25 01:05:29,2018-09-12,6261da496d2a146c1f1aa2b58c21e5dc,2018-08-18
21d8497f62e0a7a9a219af444cbd2b28,05c3bc7f2c3c3a45c39595a46c76ad58,delivered,2018-06-15 20:40:00,2018-06-18 06:59:34,2018-06-29 11:05:00,2018-07-24 15:48:43,2018-08-01,5114ebcaa15bc7f74dcd0bfe3acd1c86,2018-06-15
a2875319dd413ff3a25b5f7f5d403c08,aa536117aaeab5084565962e0828a224,delivered,2017-09-15 11:27:36,2017-09-16 02:50:17,2017-09-18 14:42:09,2017-10-09 20:04:06,2017-10-10,c3194e1437d051f582c12b4c81e98cba,2017-09-15
9192399976bb077688f5cf72fc8ab37b,9a90f5526fa4d6d2304a33e69d3731fe,unavailable,2017-10-30 13:27:56,2017-11-01 03:10:30,,,2017-11-17,fe163b538b9f14ce8e554c1ebcc66527,2017-10-30
89c1a3d3179ce60a4f6debd3c0986711,9fca88a9940dd40e6cd7bcb5f2e48996,delivered,2018-06-17 18:45:32,2018-06-17 18:58:04,2018-06-18 13:45:00,2018-06-19 18:28:42,2018-06-28,593f302f87ef546ea433ee6dc2a90026,2018-06-17
c811577fd6f05e9a1e607f874d37204b,3441d1ccfaa627cd4ab94b3c799cf663,delivered,2018-05-16 19:23:21,2018-05-16 19:54:26,2018-05-17 13:01:00,2018-06-04 16:51:41,2018-06-07,192480a06cf2860791cfbc767e1b718b,2018-05-16
adb6dd7e1e17a776182bc02f1385252d,297d8f453e4758854d285697a83b56cf,delivered,2017-10-25 16:22:29,2017-10-25 17:35:49,2017-10-26 19:57:47,2017-11-07 19:48:03,2017-11-22,9ff8378eea5a526772227c79aee1d94a,2017-10-25
7969425ee9683fa972ac9783b66817fe,637865664197695fe90f3ff7b19902ae,delivered,2018-01-15 00:25:08,2018-01-15 00:36:29,2018-01-30 19:37:59,2018-02-01 01:18:29,2018-03-12,e18cd71e54e44b7cedb7991214b691a5,2018-01-15
a8214c9e03a43c854489256848d39323,c25d0e3052c2c12a7cbdbe5c467f2db8,delivered,2018-05-22 16:22:55,2018-05-22 16:58:08,2018-05-30 14:07:00,2018-06-05 22:00:42,2018-06-06,b63a5402a0cd0cd8f811184c9184c45e,2018-05-22
36b33af016121e29d4fa1c46c492f656,b84cb4040b31f3a096842f90baa6523c,delivered,2018-03-15 15:24:15,2018-03-16 22:15:25,2018-03-20 00:21:01,2018-05-08 22:48:21,2018-04-19,457959756d09357d8f7210cbf5c995ce,2018-03-15
b9c2b60a685ded2236d95094452a9696,8ff2152f67ae2d4ae1198316824c0b7c,delivered,2017-08-11 11:01:38,2017-08-11 11:15:17,2017-08-14 17:25:38,2017-08-15 16:14:07,2017-08-31,d7720484ef3480c716a0c17e1d6102d3,2017-08-11
a5a2c04bf617121fede9ce243c7e59c9,fc2482a79b2ac295c740dd77571caef4,delivered,2018-03-06 09:02:13,2018-03-07 02:40:31,2018-03-08 18:07:35,2018-04-11 21:12:46,2018-04-03,6fe04b36f38d55161e0c453f53255da3,2018-03-06
8fe3c4dff68cddab1e0b9291b683c1fc,7a194ec1ed0cfbe0a4669b9d05d6a287,delivered,2018-06-26 21:54:50,2018-06-26 22:10:52,2018-06-27 10:49:00,2018-06-29 18:18:49,2018-07-23,1bc379b99432b6731cd1b96c48528a53,2018-06-26
27ee14d1c38daee265f97e4a6a63c4da,a3f5324ac97b5118b3ba3b5730d35502,delivered,2017-12-04 16:26:31,2017-12-05 16:42:17,2017-12-07 19:48:45,2017-12-14 20:17:20,2017-12-29,2c92ae7e6fe404b100ce9b1416ca103a,2017-12-04
e65454e1b3cf3efc00f09c7508245f4c,1a6a3799a5f4a04b52919d8a8a79ef5b,delivered,2018-04-05 20:58:59,2018-04-05 21:10:13,2018-04-07 01:21:23,2018-04-17 15:52:37,2018-04-27,1994064178d63c1a9405f120aa0da3f0,2018-04-05
6a32c701681d4c31dac221f9a2848c80,81774f458697acd21ab7e2ecc86720a9,delivered,2018-03-28 12:34:09,2018-03-29 03:09:12,2018-03-29 16:57:44,2018-04-07 03:46:33,2018-04-30,56e80e4b4a777631c5399e3fd0d6ee85,2018-03-28
e6a09c11fa9d7a43d90955406cab553c,ef2415ea1854ac041c3700df551dd63e,delivered,2017-08-15 07:55:36,2017-08-15 08:05:24,2017-08-17 15:31:03,2017-08-23 18:10:27,2017-09-04,0cbcf91ef2dd6dfcce9ee63c8772dc97,2017-08-15
c9240b9e46417f83c4cbca76aa120eae,660460944c229efa3fd6a474f7e827aa,delivered,2018-02-28 09:50:15,2018-02-28 10:11:38,2018-03-01 20:49:11,2018-03-13 14:48:59,2018-03-21,14d3f660556fd4543922be342b119911,2018-02-28
3e7c30293bf4e4c26815e44fa58ff074,6a8cd2fcf8edc180f478cdb30c2db869,delivered,2018-05-05 23:34:06,2018-05-05 23:50:24,2018-05-07 14:11:00,2018-05-14 20:38:45,2018-05-24,d276fb722cd56bf609a6bfa894ebffb8,2018-05-05
8a8b1b373a33b3d5721b9e7c02a068f9,c7675af0f038a858a108d39665c1e532,delivered,2018-02-19 17:24:19,2018-02-19 18:30:25,2018-02-24 01:54:28,2018-02-26 22:56:57,2018-03-05,dcb48214e46e4589ec6259917deb7c7a,2018-02-19
a28d2fd8b59565ab9973b930eac2596e,310491ee54f73c9663ccb5726a0ce485,delivered,2017-11-06 20:54:34,2017-11-07 21:47:09,2017-11-08 19:18:44,2017-11-24 20:11:48,2017-11-29,abaf68165a86b0e8ef85cac8f562a482,2017-11-06
8a4f049e93b07babc87ccf981d7cdd94,48fff52d4f4310b28df3862170b83f21,delivered,2017-11-05 21:10:54,2017-11-05 21:26:34,2017-11-09 18:13:09,2017-11-23 23:11:29,2017-12-04,42b25604b2a8dd76ed934e07a0aa1ca0,2017-11-05
b777b4bfa1fd6d0c466cf8fd0fe7f541,bbc956eb1bf346bab4697506b044c95c,delivered,2018-06-17 23:31:21,2018-06-17 23:53:00,2018-06-21 11:02:00,2018-06-22 23:38:27,2018-07-03,2a68f533b768389d681d14eda4926934,2018-06-17
e50cc13e9d831cb739ab84fe5d7fd249,8c38607817e8600468a7bc0b062e9d97,delivered,2017-02-04 20:22:37,2017-02-04 20:32:23,2017-02-20 13:12:36,2017-03-04 07:12:01,2017-03-31,7d96b91d456a20c55c74e85253ac6f19,2017-02-04
833d8240f42e55ec0f05be5b78efd6de,e00b3aff69a0f5b74a1261a041733b5f,delivered,2017-05-18 22:32:31,2017-05-18 23:42:34,2017-06-02 10:16:02,2017-06-16 16:53:41,2017-06-21,93fddf79f18ee3d70973e4fc05f20555,2017-05-18
5c3353d0e879379685e40fcfee970725,3367650082744b78bf5f60819c438960,delivered,2018-01-11 19:09:09,2018-01-13 04:54:50,2018-01-16 22:28:39,2018-01-25 22:09:45,2018-02-08,219e7d00bae01e01f9176668630b5a2c,2018-01-11
f575b5125a609778241c26809da9ed2b,3c0edeffc50a9e94bca0592bd7af3bc1,delivered,2018-07-01 14:34:52,2018-07-01 14:50:04,2018-07-03 11:26:00,2018-07-04 15:12:01,2018-07-16,cabc6af36271e2c869ffc21d8475c307,2018-07-01
a3cc993782ea3572fbd27048f12712ca,16abe2afce5b3fe3a0bbe99df52d214a,delivered,2017-04-08 14:55:07,2017-04-08 15:05:17,2017-04-10 15:52:43,2017-04-17 11:37:50,2017-05-15,f64cdb4a47bfde7bf1beb8a32e445f63,2017-04-08
8da23e61aecf8f2c23c49d53c6d16d40,2b3d94ad32203f90d7f85edb7a199bc6,delivered,2018-07-31 00:36:04,2018-08-01 03:31:59,2018-08-01 09:04:00,2018-08-08 01:03:29,2018-08-15,60204fb945f6c8fe2469fb41a8f95463,2018-07-31
72bab69c50432c6f94d8b50a5f84b69a,a7c125a0a07b75146167b7f04a7f8e98,delivered,2018-08-13 23:45:05,2018-08-13 23:55:13,2018-08-15 12:11:00,2018-08-17 20:03:08,2018-08-30,5c2991dbd08bbf3cf410713c4de5a0b5,2018-08-13
dba741d70126a95feb85435175370edc,a4426f6a2cfe4a7cea7146f236bf41ae,canceled,2018-01-24 19:18:04,2018-01-24 19:57:20,2018-01-26 20:12:58,,2018-03-05,ecdfffcd4e62fdf81f20794f19b97cdb,2018-01-24
05252513392111e8721062d8ecd9edb1,cf2211a4919cdc7a3acac6bb67e7d5b9,delivered,2017-05-19 18:49:33,2017-05-19 19:05:16,2017-05-26 14:40:29,2017-05-31 10:03:21,2017-06-08,eca0e6bca527ec363f29c5d038215d82,2017-05-19
863a5aae025377c66a973980616bb64f,af2e52573cb16f3a14e6306913817975,delivered,2017-12-07 10:59:43,2017-12-08 02:36:54,2017-12-11 19:37:02,2017-12-18 17:18:41,2018-01-04,7663147d559577cdd50e9754679be6f8,2017-12-07
270c203303119d8cee340c3b736a8ea1,87eeb28945305ef199a618fcb6b33197,delivered,2017-03-27 23:26:41,2017-03-27 23:35:18,2017-03-28 12:40:13,2017-04-05 17:08:19,2017-04-13,c431de9075ea553ff0168e19327fb554,2017-03-27
acc3d23f43622a2ad8db0ee9d65003cf,06c72249e5daf5bac0ada54b615fba05,delivered,2018-01-09 21:08:24,2018-01-10 10:32:24,2018-01-11 18:23:01,2018-01-17 23:04:43,2018-01-30,55ec32e63f828873da22685dcdc48fd8,2018-01-09
fc7f5997b1623d9bc1427466a7a70b94,a492b4e0d4c9f067d37341365a989e9a,delivered,2017-06-17 11:21:16,2017-06-17 11:31:33,2017-06-19 20:15:51,2017-06-27 12:48:39,2017-07-11,88e3956dfc2f14425687e85ec0f53223,2017-06-17
1aa7c7804ba8f6c5da37c380af66d559,21fc7edb4b4ddc19c5a1602b672a479c,delivered,2018-07-07 14:03:16,2018-07-07 14:10:21,2018-07-10 13:41:00,2018-07-14 11:18:50,2018-07-25,44834b4b8466250faf5a9e8e9568f8ec,2018-07-07
8ea1dbf8e7696dad19eec8c1585a2f14,443c0bdf844fc2b5299ac12317e5ede0,delivered,2018-05-03 18:05:34,2018-05-03 18:34:03,2018-05-08 11:36:00,2018-05-14 17:20:00,2018-06-11,eccd150f7fedf242c94b5a13c29fd0db,2018-05-03
a742f2cdf4187d253324d6b85675d2ad,8253580dbf1da6612eabc98200a8e702,delivered,2017-09-06 18:14:53,2017-09-06 18:50:19,2017-09-11 17:13:54,2017-10-05 17:48:12,2017-10-02,d42f8f34f2ff6e53af4bd4a40f6d6088,2017-09-06
0c0c250234e385578b31a38b198cf900,c9f0400e07ab2446a7485f67d31c51ea,delivered,2017-10-24 08:50:57,2017-10-25 02:26:29,2017-10-25 13:49:49,2017-11-07 12:55:27,2017-11-16,a30d83e1dca98475662141c4e5f1c727,2017-10-24
adf0847eb3eaae571ecb0a3d4c62432e,e71cca6981d4fc9afac8fab036387b82,delivered,2017-09-28 08:30:42,2017-09-28 08:49:09,2017-09-29 21:29:57,2017-10-13 18:07:41,2017-10-25,05c730147a672cb1c184840301c23a66,2017-09-28
6f51b9ddebdbc1c999a68bf0cabe83e8,f95bb63df8e45c05f3235752a62eb607,delivered,2018-07-27 17:32:55,2018-07-27 17:45:13,2018-07-30 15:19:00,2018-08-21 19:41:53,2018-09-12,1911558412802e0d3bf56c2f1b4d6532,2018-07-27
931518b84759d4344b33cace70b70a21,e04f75016199b36d84cdc8fb3763c991,delivered,2017-12-17 16:24:29,2017-12-17 17:30:31,2017-12-19 16:09:14,2018-01-07 16:09:20,2018-01-22,6b8a67d3ed07e4c5db3b85c36a1cbb5f,2017-12-17
48e785adb7ad7f98808fead60f65fd80,7095b09dc166171c75c9e2d0afc434bf,delivered,2017-12-15 18:35:23,2017-12-15 18:51:21,2017-12-18 17:12:49,2017-12-22 22:22:35,2018-01-15,8b2166961d2875675ef7cb5f67ab07a9,2017-12-15
b488cfda1bfd6a90c85b2d21c47231c3,f1b479fcb81a8fe3401269ad9b1819cd,delivered,2017-10-22 12:23:51,2017-10-23 12:21:15,2017-10-24 20:24:54,2017-10-25 16:08:03,2017-11-03,01a379e7c61f254c6c1bfc842b4d9416,2017-10-22
3b181504164d79cc0fe1188937fb3ce3,3efd312ced2ac9a548d6d8adf041f7da,delivered,2018-04-25 21:02:42,2018-04-25 21:15:22,2018-04-26 12:00:00,2018-05-02 21:14:47,2018-05-16,36eef06c29ffa3d3b6a1182d0b9ecce6,2018-04-25
b83a885924dfb45ba32e8450efe8d657,229b5ded3624d67af5986bf9fccebf42,delivered,2018-02-22 22:01:07,2018-02-22 22:15:33,2018-02-26 23:53:22,2018-03-06 17:49:07,2018-03-14,27feaffd3a749b256c736d01c4daf804,2018-02-22
35774167bb17537229f8ffb6e662981c,d367c5c78d7c17bff967e788d84518d1,delivered,2018-02-23 22:57:27,2018-02-23 23:10:22,2018-02-27 18:56:41,2018-03-09 19:37:39,2018-03-15,9293e1027b075828bdd3cee644ab667a,2018-02-23
510489aaadbd8f7064bc8f433b222de9,04cef6b920c0d8f16702cab269b59044,delivered,2018-06-14 17:31:53,2018-06-14 17:58:02,2018-06-15 18:52:00,2018-06-18 18:18:26,2018-08-02,6d0b86c615a3aa7ef4a13555ea965ef7,2018-06-14
f9b9c3c69ef08b6eda32ed086133abb6,2ee87cede5826cd6458393028d3ec739,delivered,2018-02-14 15:37:43,2018-02-14 15:50:38,2018-02-16 17:57:46,2018-02-19 19:32:29,2018-03-01,c564843d3f0bceb0c0dfa56a3fb35299,2018-02-14
f2665691d2aa17a8c8a37438686b1927,2ee64c10ba69ec9d4d5bf49f592c5fd2,delivered,2018-03-03 17:48:49,2018-03-03 18:08:53,2018-03-06 01:24:52,2018-03-23 21:33:23,2018-03-23,e3a07a2fce775f67bcf06e6278807608,2018-03-03
94112abf17930ce3b21294d61f34cde5,79dec4448255819a3747c702c4769218,delivered,2018-01-20 19:59:42,2018-01-23 03:52:39,2018-01-24 16:58:51,2018-01-30 21:11:39,2018-02-14,949824fff3bec6be074d6f59cae22659,2018-01-20
b4e381786201d38ab725a174f011ddb2,50458ca4ea9153ae810e6ba5e8dd6617,delivered,2017-12-03 20:47:25,2017-12-03 20:57:22,2017-12-05 00:17:42,2017-12-05 15:23:51,2017-12-20,cea8176c58f141bd320f9a03bfc69a5a,2017-12-03
fe185068c0d733ffb18fe6636ac8e498,465fb57f1267c03fca458f571bc5fed2,shipped,2017-07-16 12:39:50,2017-07-16 12:50:13,2017-07-17 14:56:54,,2017-07-28,13a3742f6e3430a2c403ea9b301270d1,2017-07-16
2631afe2c28beb1d0b168915054a952b,511f891aac249115eb29a6c442b4f1c8,delivered,2017-11-16 13:23:12,2017-11-18 02:28:46,2017-11-21 19:48:42,2017-11-25 14:04:42,2017-11-29,4d696e283acdb741ee9dbaae49e8f608,2017-11-16
ac2aafdd31bb2367504474de8b1191f3,5e6e7c5926d54f46cae7f468cd47a20f,delivered,2018-05-15 19:07:34,2018-05-16 20:16:21,2018-05-17 07:59:00,2018-06-04 16:56:49,2018-06-04,915ed243900e2c8f011bbf6b0f2ee2bc,2018-05-15
c77ab6252aa05bf818cb8b39d4879b21,5da48e4724bbe609f697fc1f8bd09bba,delivered,2017-08-23 22:32:15,2017-08-25 03:04:19,2017-09-05 20:18:36,2017-09-12 17:53:34,2017-09-15,37b975d4dae9f50590e7f0e7196e9b61,2017-08-23
9c0aeb926cb821f2644b956856d2d3b0,6856d69929a7b81e1531ae0c49054921,delivered,2018-01-19 07:09:20,2018-01-20 09:08:32,2018-01-23 17:06:40,2018-02-01 18:23:27,2018-02-23,4a38e46e39c8f291d2af43eeb17eadcc,2018-01-19
c1c1b5826946d4427c2f936e0ca1bb19,7e30357381f393a6d4d5f184f402a1d8,delivered,2017-09-28 16:05:53,2017-09-28 16:25:19,2017-09-29 16:38:42,2017-10-04 16:36:02,2017-10-20,ae177677ed10ce823b10685ac83d433e,2017-09-28
2f8dd4ef8e90826fb9e28ef7af565cf5,6dfeb5786ef57a96c2bdefd5d2821f23,delivered,2018-04-19 11:42:17,2018-04-19 11:55:28,2018-04-20 19:42:03,2018-05-09 21:41:53,2018-05-23,665d0c68dcff852fa16cd6aa6e0c4fb3,2018-04-19
46fff4175620a3642fa1a015171ad4c8,a35f6705cc81ed636aff9bbcbe141b49,delivered,2018-05-09 15:14:19,2018-05-09 15:37:09,2018-05-10 13:54:00,2018-05-12 16:10:43,2018-05-22,8a23128cf31e6dbb8c88fa635ad01b5d,2018-05-09
cdad73cef8e0453475b6bea7641a8ab4,8de8d680d194552df9e97d1aa1f168cf,delivered,2018-02-23 01:05:47,2018-02-23 01:20:27,2018-02-24 00:11:52,2018-03-06 16:23:35,2018-03-20,208f290481193105f0bdc2d8f543904e,2018-02-23
5e0eae0316373e1459c05b539e18f060,b4095692d39aec2b5531a339d0137a44,unavailable,2018-01-26 00:49:25,2018-01-26 01:13:35,,,2018-02-09,c55a939195a2e61cd11395a13f411803,2018-01-26
a2c828fce4cd697d119c360bb7f5c537,d5b18aa449e87dae9f9333f53524dcaa,delivered,2017-06-27 13:29:26,2017-06-27 13:43:23,2017-06-29 14:13:31,2017-07-04 08:34:36,2017-07-19,149b3904c6c6372bad50f56ece5cf378,2017-06-27
38dd491abd1019ce526c43c8145e2f4c,126020c44cce5e31e2e4ac4f44b0d638,delivered,2018-07-16 16:53:42,2018-07-16 17:00:35,2018-07-20 19:20:00,2018-07-21 13:37:20,2018-07-26,e372df26ddbc7532211a9886f9d3f358,2018-07-16
3c0a046b559b573fb30e2c6b041fd544,fb2340bd42a7561ca54dfd22978d7e2c,delivered,2018-01-19 14:06:36,2018-01-19 14:16:59,2018-01-22 21:28:55,2018-02-02 20:14:34,2018-02-15,527d81cb07e97f4e21480077b6b3f142,2018-01-19
b17c37c07ccd370cd72a1884f380c532,414771711b6812e2a3bbbc867213a28b,delivered,2018-03-28 17:54:13,2018-03-28 18:08:54,2018-03-29 23:54:37,2018-04-16 18:31:51,2018-04-23,f65cdf803fa5c41517f5269804281190,2018-03-28
22c53f78fdc3a9664521f2f78f15e6d8,3f553c1585d659764884d9faa44b68fb,delivered,2018-01-29 13:40:26,2018-01-29 13:57:14,2018-01-30 22:23:41,2018-02-05 21:18:40,2018-02-14,4b787b82d4a7d50a53f918c12fc4827f,2018-01-29
c72588a7cac72efbf2189a48d12ab61d,31c779d3dcacd9eb78bf03170581a958,delivered,2017-12-17 09:57:06,2017-12-17 10:10:05,2017-12-20 00:21:37,2017-12-20 14:39:13,2018-01-05,552359aee12150dacfdd0a76eb31f40e,2017-12-17
d8eb98d942e4eff84fc373665f8d7ca7,78220fa256494297be69b602223ef6d0,delivered,2018-03-12 11:39:07,2018-03-13 04:48:01,2018-03-27 16:30:47,2018-04-11 21:46:30,2018-04-25,db8bbd2b1deca04053594d14de665d9b,2018-03-12
24df3585323f6a191abb565d1706daf2,f37e018586ddc359d2f1ad32f64ff8aa,delivered,2018-08-14 23:23:38,2018-08-14 23:35:15,2018-08-20 11:10:00,2018-08-28 21:32:16,2018-08-30,5538f4cb054b71b5525a019a47019aa0,2018-08-14
e124baaf335d4ab03e2130c04d979065,5de1213d6fb211f90eb5ddc0ba3b2ed1,delivered,2018-05-10 19:02:19,2018-05-10 19:10:46,2018-05-14 11:36:00,2018-05-16 19:54:42,2018-05-30,ed16d18db18778572a06cc449ba29a86,2018-05-10
0b20c9791c7a502fc70f7f542e9a1405,2d0386ffa6a583f65981153d4f3ad5a4,delivered,2018-07-20 19:05:52,2018-07-20 19:35:14,2018-07-26 13:39:00,2018-08-02 17:34:53,2018-08-23,b3437705bbd85a5550645e65f26b1790,2018-07-20
d4126c989370101ec1b96733f4adfe79,7c59cfefe5ae2b8d96ad4c09c3126faf,delivered,2018-07-27 10:20:56,2018-07-27 10:35:18,2018-07-27 14:03:00,2018-08-02 15:46:52,2018-08-08,a6b926f9c0ba8b101d319957428b20df,2018-07-27
f43469e5bae88c9d9e6ce0132e05c8cb,1aed51887d522ee70b82f77304854226,delivered,2018-02-18 14:58:03,2018-02-18 16:08:05,2018-02-20 10:42:38,2018-02-27 20:59:07,2018-03-19,b2108a83e4d9e7b26a828bf42926a082,2018-02-18
2013e60377e57344d89d5e4a5b3f2a9c,2ae1b12b1746ad270633e41404c0cd1f,delivered,2018-03-02 18:26:23,2018-03-02 18:49:50,2018-03-06 01:34:57,2018-03-14 23:14:23,2018-03-27,e60856952187516c3397a2c4ac63aac4,2018-03-02
cb599c234fc71be7c137179b6d473a30,23534938f44ad51d0de4bf6a56ca1adf,canceled,2018-01-30 20:13:33,2018-01-30 20:33:18,2018-02-01 19:38:42,,2018-02-22,7e3428daa0fb88e55f65223d38c73b66,2018-01-30
1e718fdf3c8a1ab6f3831f7e61ed9e3e,4e92e128754432b15b2b198ff79e53fd,delivered,2017-10-29 13:36:59,2017-10-29 14:06:05,2017-10-30 10:47:52,2017-11-13 15:22:00,2017-11-24,c471242957862c709270c17a4ee3658a,2017-10-29
374289395a111a64a05644b1f59ef07d,1ed64053e3565c3405e4d8b033532194,delivered,2018-06-21 08:45:30,2018-06-21 09:17:46,2018-06-21 13:09:00,2018-07-03 18:48:56,2018-07-23,1640e6be9241bec25253b78bcf8c89fa,2018-06-21
f7352ff5cad83aaa79b315995aa6d115,cd1c2251f61356c121129749691ae2fc,delivered,2017-10-23 09:25:15,2017-10-23 09:49:29,2017-10-24 22:52:38,2017-11-06 17:08:33,2017-11-23,64ff4d6eaa7994e9699e2938da894abd,2017-10-23
f0f1e72d7f4186b7a9e271487091c9ab,9d1f05d166a3a858c0b9fc35fb48bc35,delivered,2017-12-31 13:08:58,2017-12-31 13:17:17,2018-01-04 12:45:48,2018-01-08 17:59:33,2018-01-24,31bb72a94e1d85c02c1fe1c025b71836,2017-12-31
cb54574d034b9ad15bb7088f568abd98,d1957303e38faeb5118629ad84024cba,delivered,2018-04-08 17:10:59,2018-04-10 04:15:35,2018-04-13 22:18:33,2018-04-20 20:16:43,2018-05-07,4e78b656d61670a56c6c0c70c58ed82e,2018-04-08
a941ab38d254e0d803027330cbfc9416,59b60a9c2357bfbc04dfa8cd38c54a65,delivered,2017-10-05 19:17:45,2017-10-05 19:35:10,2017-10-07 01:22:23,2017-10-14 16:07:01,2017-10-27,5fd7f583114ea5e8f5e29ede1e79a05d,2017-10-05
6c15888cd708d4c1487eb36753212d69,250625a5b2e001bf9876418c919f4a21,unavailable,2018-03-07 20:19:42,2018-03-08 20:10:32,,,2018-03-26,df6e683f07113fa30062d2f884569421,2018-03-07
a7e383cf2bb9bcd974e125f529c5952f,6031232b68d8f02157d627926d13579f,delivered,2017-11-13 20:01:31,2017-11-13 20:10:26,2017-11-29 21:42:00,2017-11-30 18:55:00,2017-12-04,dd860e2243453126f4f772158ab1a9b4,2017-11-13
4ea05bc522773f72fea5dd4de1f546e9,cb2559f845c75418909740bd35463398,delivered,2018-07-31 17:04:29,2018-07-31 18:30:52,2018-08-01 13:51:00,2018-08-06 17:32:37,2018-08-10,7bc23e69723bc03a7d2589ee71a37d07,2018-07-31
959736e06ddf68235a3bd98b1bf8edba,20b9fa6e5c3b0221bc22277024f4a1fe,delivered,2018-03-04 17:48:58,2018-03-04 18:28:04,2018-03-06 00:14:16,2018-03-17 13:58:47,2018-04-05,a86044788fad77c81f1ca6f22933f749,2018-03-04
6dac2e713f40b14ce9f85b719fb91a2a,b0a2a6680a062c32dae7fd1f02254235,delivered,2018-03-03 11:34:12,2018-03-06 03:35:43,2018-03-07 14:42:43,2018-04-18 21:31:37,2018-03-29,106db6ecd96194a8a17ff720035b3fcb,2018-03-03
aa73e81062a62cb7834b770ff58ff6b8,da4754b8a97ba178218a494ad7b768ff,delivered,2018-05-12 09:33:46,2018-05-13 09:32:52,2018-05-15 15:55:00,2018-06-04 20:37:35,2018-06-12,cc433adb81dd4d1623900ca79f68a2a8,2018-05-12
b7994d35101970f5e1a4621fe05cc1e9,79c07db4dd2ebdf63826672146b15128,delivered,2017-11-17 19:48:19,2017-11-17 20:35:43,2017-11-21 17:22:30,2017-11-22 17:18:42,2017-12-04,f671cb35b7e04c48331ba6b143ff6f5b,2017-11-17
330e33e1ba4ecfc10b0f1225fd9276ad,e6188aba82d3470095f9366e1a0b1ec7,delivered,2017-11-25 19:51:13,2017-11-25 20:11:10,2017-12-12 16:08:59,2017-12-18 23:43:27,2017-12-26,3c122b85ea003f5c96c5aa1f6a7ebbec,2017-11-25
bfc2b97037cfb3d63579f4a3f877a912,e1e09210e58d30df8e147c5a53eeaaf0,delivered,2018-04-20 08:09:59,2018-04-20 08:32:37,2018-05-02 15:03:00,2018-05-03 19:36:50,2018-05-04,a5934d510efd935a606ea73b93af950c,2018-04-20
08bc3c916f77ec2affe03716dd076af2,f80a53e3f59ba7c4aa9675cbb7ffb67d,delivered,2018-06-26 20:58:27,2018-06-26 21:10:25,2018-06-28 14:43:00,2018-07-04 16:02:12,2018-07-26,95a8cc62e51000cc4e68b13edf8bc392,2018-06-26
a2344ae300ac3c903f74d04494e45a2e,88e8338add1d62679672163d8018de2b,delivered,2018-02-23 11:50:18,2018-02-23 12:31:41,2018-02-28 02:35:33,2018-03-05 20:28:48,2018-03-26,33a3ca7b54324e31305439ac480085eb,2018-02-23
04116cd1278a6285625c664dc0d09594,58cf819bb4203647573c953697453110,delivered,2017-11-24 21:13:44,2017-11-28 03:44:45,2017-12-01 21:51:41,2017-12-29 13:12:33,2017-12-15,d99db834b8ea77e28fb20a5cd9ee7df9,2017-11-24
158e9141121ed2f3cf9904a08930ab55,ec23a649fd13947b6e0b7fb04aa6bf0a,delivered,2017-11-09 17:17:36,2017-11-09 17:31:03,2017-11-10 18:48:55,2017-11-16 19:47:03,2017-12-05,74ce387e516827d125f7593b76a570e3,2017-11-09
b3f8cce18de7b670b4bf149957000470,ac5a1cbb563d2114e713fe982f58e819,delivered,2018-08-01 19:42:37,2018-08-01 20:30:16,2018-08-03 11:18:00,2018-08-07 12:58:17,2018-08-17,054151a8eed2b75f007d3be0957fd5ed,2018-08-01
082730bdb06cc2b755fbb33becd6ccec,1909b44d6c01d36a4d946e60f46036b3,delivered,2018-07-24 23:00:55,2018-07-24 23:15:14,2018-07-25 14:50:00,2018-08-01 16:28:49,2018-08-10,a999002d66b0ee5c8fa36a45d9e9c891,2018-07-24
3f9c0ca2b7837ae6d1c8fa78e9b8e139,2f6e0e86487c0ad0b6bffb35ddff9644,shipped,2018-04-08 01:39:07,2018-04-08 01:55:09,2018-04-12 19:28:33,,2018-05-07,232ef1c64dc444902a76f80f7ce3fd4a,2018-04-08
9bf46e862461052ae9ad1134381e63d8,b3cef8f90b1a9ae1abd1f8248d4d27e1,delivered,2018-07-23 18:40:15,2018-07-24 10:32:04,2018-07-24 14:12:00,2018-07-26 18:50:46,2018-08-09,aa7658e197aca5c7932cf21de7b48fd3,2018-07-23
bb953a084ab406da9e19dfdc06df0245,152b39d7f829538d9a25281cc20b0af6,delivered,2018-07-29 13:54:51,2018-07-29 14:24:20,2018-07-30 15:24:00,2018-08-13 19:08:37,2018-09-03,dbe3f4e2e46a955ca13fc1554528dd5e,2018-07-29
528588e5accc2b1c808576e68fd1d46c,abc05696c031459d6f0ae1ad798d8144,delivered,2017-11-24 01:25:33,2017-11-24 13:11:28,2017-12-12 22:48:53,2017-12-28 20:19:30,2017-12-20,5f70cb09d12b087982edcb7ecfcf8178,2017-11-24
f3f9b48af7d08820e387bb0ead261105,15bc30c2a95adb9d5fd1743773bec1a9,delivered,2018-03-16 15:31:03,2018-03-16 15:49:43,2018-03-22 22:07:19,2018-04-02 13:28:32,2018-04-06,73b142838ac14f005d6c3b66ac32f61f,2018-03-16
2d4725d49513bce62ea366e8f0e213ed,6fc895d23c35083f10fe3e3275d11549,delivered,2017-07-09 11:21:03,2017-07-11 04:03:45,2017-07-12 17:23:34,2017-07-18 19:54:54,2017-07-28,af566d588b08330b4b19ee6aaf14d17d,2017-07-09
183f2bb10e984acdee08ad34070ebf69,d5b00ed5152f1e7956063b97cbed5dde,delivered,2017-11-05 21:58:39,2017-11-05 22:10:49,2017-11-10 18:51:13,2017-11-17 20:41:51,2017-11-29,dc8a6cdc8426f5ceede410e0dd67aa22,2017-11-05
2aabb4d8714e26a76aef91c6f0d5c329,a61a78484bbf3a46b2a83e5583a85667,delivered,2017-11-24 20:20:28,2017-11-24 23:32:20,2017-11-27 21:19:03,2017-12-05 14:48:57,2017-12-15,6d62aa37977b0222caf25a80fc75910e,2017-11-24
a0d0d423de1812c8b269e6944e180e1f,802ca8c86c99afbfb9b6637d8e21e015,delivered,2018-01-15 16:14:03,2018-01-15 16:31:14,2018-01-16 19:58:52,2018-01-22 21:12:39,2018-02-09,3f00548d480f59bdac5e1ad8a68dcfe1,2018-01-15
f922773efc48085fe86849501d49f96d,a52c5345047bdc96320561af39f668ad,delivered,2018-07-26 16:16:11,2018-07-27 02:24:21,2018-07-27 13:25:00,2018-07-30 17:48:28,2018-08-09,ac840a3dfb8d954f61630f0fc84288b6,2018-07-26
715e85b2a8ad19fcc56605b9904716e4,f5cff5cb3aac5689b84f6818eea0b921,delivered,2018-07-02 18:04:28,2018-07-02 18:15:17,2018-07-03 15:35:00,2018-07-10 16:07:40,2018-07-24,e26f27be060b5fe1cc613fddf08155a2,2018-07-02
04c28d1572e04b2b3e5b80ca7559e750,ad72f2a64075d63311e1bf4daf91e173,delivered,2018-05-27 23:56:01,2018-05-28 00:15:36,2018-05-28 15:46:00,2018-06-20 20:44:38,2018-07-19,db9d51b7d9555e9e714a129da54c593c,2018-05-27
8adc844e30dc63531a489163134ad405,01f57b226a3850a260e40698c2bd2fd6,delivered,2018-06-27 20:22:41,2018-06-28 20:15:12,2018-06-29 10:08:00,2018-07-06 20:21:43,2018-07-20,35795927d35685ef7d5bb2af5c66f1b9,2018-06-27
02950daa1214da108fb29cb5a0a3f74e,a884bd002c145c1aa0b57429e7ebbf2b,delivered,2018-06-26 10:57:28,2018-06-26 11:18:41,2018-06-26 12:50:00,2018-06-30 16:32:41,2018-08-06,b2bedaad455ab6e463c912cca3e0ca8d,2018-06-26
b31c7e456840330003ef5347ee802ab7,d123b52ec1c7f8e6e25f7383118a816d,delivered,2018-07-14 20:12:06,2018-07-14 20:25:14,2018-07-17 09:23:00,2018-07-20 18:17:47,2018-08-03,78d6d92bab9bfd21bac41a8c4c523181,2018-07-14
c7dc7be67e857a6c64557d42383dec8c,f63d6a90412b1f2f7962c7e34b1fc7cf,delivered,2018-07-25 13:43:33,2018-07-25 14:04:40,2018-07-26 11:35:00,2018-07-28 18:48:51,2018-08-06,77784ec016bfbcc51d2394d1632f0d3d,2018-07-25
4f821ef636d5a5eb870c9ae7b7d7654f,7cdb0e1dd6b7da9186fa0ddef12d9817,delivered,2017-01-29 23:52:27,2017-01-30 01:30:58,2017-01-31 10:24:45,2017-02-13 07:07:40,2017-03-07,212bd1dca013e0b1e466c735ca6d3bf8,2017-01-29
0854ba21ce30d4c823d2822a698f5bf9,e51e265631ae2f257a00482297d63017,delivered,2018-06-16 16:57:02,2018-06-16 17:18:17,2018-06-19 15:44:00,2018-06-22 14:52:31,2018-07-16,a1c796e8ab168cccdc1198aaad768942,2018-06-16
abeaa3ff8b9c8c049a351e55c4c9fc31,ce2d5c4b99be6a81c3b3a9639d168d9a,delivered,2018-03-06 22:46:20,2018-03-06 23:09:13,2018-03-07 17:54:09,2018-03-24 01:02:48,2018-03-26,9525b958bafc01746233b6cae54a123d,2018-03-06
5859bf190ee8241fc9369a880297ee0e,fa8298e3bbe898f427d91871c62ab252,delivered,2018-03-22 17:19:48,2018-03-24 02:07:52,2018-03-27 00:51:40,2018-04-04 23:48:30,2018-04-17,b6cbedb88ecdf8969959ad0dfd951b28,2018-03-22
5fc25db83662b2660bd61440ba3ec9b8,42d7132586f6d1b7f7be2f6d9a2a97dd,delivered,2018-07-31 14:50:52,2018-07-31 15:44:29,2018-07-31 13:43:00,2018-08-06 16:41:40,2018-08-15,dfa3e421c89e004ab5ba9a721beaf895,2018-07-31
95a79263ff4f759875074b9c5024edba,55277fd845b38b445fa6e6700f5e06ed,delivered,2018-08-05 23:21:11,2018-08-06 23:15:18,2018-08-07 12:54:00,2018-08-10 16:32:34,2018-08-13,54458fdd0b1de79189053f67c80cd45a,2018-08-05
ab8b1138bd32dba20890d59a736b53d2,8a98da413a02121d98fb2bba846b5d89,delivered,2017-03-17 12:33:22,2017-03-17 12:33:22,2017-03-20 09:41:50,2017-03-22 14:42:20,2017-04-05,c548afd73d06e332a846b16c6c253a42,2017-03-17
71f14ec1996fff780487b71d42dc041d,8c9b66f5ac9e06f0893c865fdae396be,delivered,2017-05-31 21:37:40,2017-05-31 21:50:15,2017-06-05 10:16:33,2017-06-09 14:35:03,2017-07-03,c346ffac1ff69025f3388bb98169cf55,2017-05-31
59afba5b7b763745429be3e96dbda975,ab610365471b25b2b6d3f055bb3d69ba,delivered,2018-02-03 20:41:36,2018-02-06 04:33:11,2018-02-06 15:05:05,2018-02-23 18:06:38,2018-03-06,007a2fab7046647dad04fe7d08c57820,2018-02-03
f709f3fec102226ab1dce1018209b7ff,3efe8c14fb961e74166b2b32cba0a386,delivered,2018-08-06 08:58:54,2018-08-06 09:10:23,2018-08-08 15:01:00,2018-08-14 20:06:39,2018-08-28,7ab1ea5af066f5c469ccc473e67d06d8,2018-08-06
0fe75a9839e7296629a6d6924fdf3365,2ae6618a66d60952d41816641958650e,delivered,2017-09-03 20:34:23,2017-09-03 20:50:14,2017-09-11 21:29:51,2017-09-14 18:17:48,2017-09-21,903c88e94d60602827df5cbdd8b2c60f,2017-09-03
f1f707a756579d773b3c1a28d213e85e,b7e31bd3bba16127094ec65e98466c20,delivered,2017-07-19 20:35:37,2017-07-19 20:45:18,2017-07-21 18:32:49,2017-07-26 21:05:20,2017-08-14,4e6fa1b65e5bddb76313844dab3020bf,2017-07-19
851c0a679381595b4b44873db7595471,12cd18cc5a7660e454d1475777a60e42,delivered,2017-11-24 02:30:24,2017-11-24 12:58:32,2017-11-27 15:52:00,2017-12-14 12:39:07,2017-12-26,51d47430ee617368f08cdad480f58f1c,2017-11-24
596f8123fe4a804da55175cc9c0a2a12,eead077503efe240789af036e92c1df3,delivered,2017-07-12 23:24:58,2017-07-12 23:35:18,2017-07-13 17:46:55,2017-07-25 20:47:48,2017-08-09,ff84c3cbb72d9419e3f76a6029f6f07d,2017-07-12
13f6d85f845b8bbd1af0a040dbc51a4c,8b64736ea0fcfe3d222766193b68cc52,delivered,2018-05-20 18:43:41,2018-05-20 19:10:29,2018-06-07 14:01:00,2018-06-20 16:38:38,2018-07-04,e74047a9c3d3695325da90d83efc6e69,2018-05-20
9a182d60eae452454100b4604c567d31,7ca4f9778dde63c688c401072bcfe460,delivered,2017-06-25 23:00:35,2017-06-25 23:15:13,2017-06-29 11:12:06,2017-06-30 13:07:40,2017-07-07,1d7f02d5722b6cc77fdce9c423ce7798,2017-06-25
f4e27ab53e927651894a4f69500baf5b,99291abf619e4c6b0d633ba7ba55caad,delivered,2017-02-08 13:50:59,2017-02-09 02:43:02,2017-02-10 13:27:41,2017-02-22 10:25:50,2017-03-21,a85027ecb7862b7fc2d4f377697c8097,2017-02-08
4a5d255caafbd8a6296a119b0611d858,e706aa7bdd060ec98070629c83fe6817,delivered,2017-09-15 08:09:48,2017-09-15 08:50:16,2017-09-18 18:51:26,2017-09-29 13:55:42,2017-10-11,0c9abfaffa0ae7587cebfdf0d680e3b7,2017-09-15
c932ba6d8ed80935ea754bb0bf682024,9314888fa0a62dfb7e1d1444bece3ede,delivered,2017-10-04 22:39:19,2017-10-04 22:49:14,2017-10-06 14:52:34,2017-10-16 18:37:51,2017-11-01,48a9594c4bc0d9295ff26c2e8faa9610,2017-10-04
71b9f09ef6a6f0957d9a0bceeaf7d97d,440026e9e865e0ffbe0d534c59a9ff75,delivered,2018-06-16 21:31:08,2018-06-16 21:55:50,2018-06-18 13:50:00,2018-06-26 22:03:29,2018-07-17,a9a4a946df26f6a76a14e9dd57d3d073,2018-06-16
b9d8b4ec472a40d54e329cc366627cba,91148129257266109dbd9be00f9447be,delivered,2018-04-16 16:33:22,2018-04-18 02:31:41,2018-04-18 18:56:39,2018-04-23 17:21:25,2018-05-10,b7de244d2a0dedef19bccddfe6afc999,2018-04-16
2464d9eccd0f742157e3387578dd27b7,4db4ae4cd4ea64dbc61d7c375c3987dd,delivered,2018-04-24 20:30:47,2018-04-25 20:31:37,2018-04-27 12:32:00,2018-05-03 18:32:02,2018-05-17,6acb1e60e10de157d43b56763e0046dd,2018-04-24
886dd09169ed29010eb71d9faed92259,faff147ae6331b4c764cfcac35a8a20d,delivered,2018-04-23 15:57:52,2018-04-25 03:51:30,2018-04-26 11:26:00,2018-04-30 21:56:45,2018-05-08,7d0b1773dc928e29e86a230ca9557d08,2018-04-23
9ff047a1638917c70a538d0aa9cdb6d3,f7c4276a2a1197f38b8a1c037aa11711,delivered,2018-08-02 12:06:18,2018-08-04 04:15:30,2018-08-07 15:14:00,2018-08-17 15:19:09,2018-08-24,0221e219e9875443d81e933d3d6f8c80,2018-08-02
d433c4d11b5681a6d64064f3ceb4c5a4,1cb344df36a1c186ed3526270cad5fdc,delivered,2018-05-04 11:08:53,2018-05-05 03:10:30,2018-05-09 09:08:00,2018-05-14 20:02:51,2018-05-30,fc5509d80fd73570b10a7592c0f2636f,2018-05-04
11896eca4737d6de23fa36ce716f559a,f2c01668df95ccb0d1c939ce0b89dfd8,delivered,2018-06-02 21:20:20,2018-06-02 21:31:52,2018-06-04 14:34:00,2018-06-06 18:31:57,2018-06-28,1a58cb80005db08aa7ebc4f6f32175aa,2018-06-02
2feccd99e8fb784baae9499c24c56522,4d618e49068e52a970c326bf2969bf78,delivered,2017-06-01 12:24:47,2017-06-01 13:06:02,2017-06-05 10:16:32,2017-06-12 13:09:37,2017-06-28,4d8077bc94e164ed529a1c85124e4063,2017-06-01
05d885b852158b0280c4abe2cd5108b4,ef8d59a019f2f85c6ccb715d0da3947c,delivered,2018-06-10 13:27:42,2018-06-10 13:51:26,2018-06-11 15:49:00,2018-06-20 18:11:19,2018-07-04,bc9c66643dcc92ad53dc9805bf199c8b,2018-06-10
c4b40afc3b677501f34190204aea02f1,6ae0139cfdfd904fc9a6d8aba02a6986,delivered,2018-05-10 13:12:46,2018-05-10 13:35:50,2018-05-10 13:19:00,2018-05-15 21:21:27,2018-05-29,8d09e7835ad7017c9c4420a07e6d8c18,2018-05-10
0516c22655fe1e1f0b3390f4ee3fc5f6,4830a9c02b42036ffca989c6d2f8ff67,delivered,2017-01-31 11:49:23,2017-01-31 12:03:45,2017-02-03 17:08:03,2017-02-09 18:38:01,2017-03-13,d26dfa98bd785e87a3d659aade51d0ba,2017-01-31
6274d552e3824c848e192c6c6c9509cb,e1c8e81bf239e4ca83c3f0dc690e38e6,delivered,2018-03-11 11:29:11,2018-03-11 12:10:00,2018-03-14 22:42:54,2018-03-19 22:49:38,2018-03-27,6d4f6714da11ea844c014c271668dabc,2018-03-11
3f19625b4e47cbd93b35ea05873667ee,8f8b7a582620f3717c11fde831e8860d,delivered,2018-02-03 15:25:35,2018-02-03 15:50:14,2018-02-08 16:21:42,2018-02-20 14:35:33,2018-03-06,ccaa4c1ebd356bfa3df7b0398fdbf04b,2018-02-03
e37ef4ac61b5803ac29b4056c8495108,3336317767e51b209329188eb22de872,delivered,2017-11-26 09:33:58,2017-11-26 09:54:26,2017-11-27 19:41:47,2017-12-13 18:13:00,2017-12-26,f565c1cbc438d2561d40d780f1da28c5,2017-11-26
14db1d0a0c68e65f2a097d76be8feb71,b4418874f366f5fe207f706ae11a7294,delivered,2018-03-08 10:19:28,2018-03-08 10:35:47,2018-03-14 00:56:28,2018-03-20 19:15:49,2018-04-10,e6c02b1165f16b52650469935b65bcbc,2018-03-08
56dcbf1c8f148732f46bb1770568aa5d,3a6d58dbca99e1b8ef6177a10d451ac5,delivered,2017-05-19 16:16:47,2017-05-19 16:25:14,2017-05-24 07:36:44,2017-06-02 16:33:04,2017-06-23,d7f925384467e3c256086de7392ac08b,2017-05-19
f96344495ad4aa6c46d0b40c3b6e4424,273a046207e0ef2179645ef8ef4892b8,delivered,2017-06-25 13:48:09,2017-06-25 14:04:55,2017-06-27 11:50:17,2017-07-11 16:21:52,2017-08-02,67fcfe4915b93624867d350b8191ff7b,2017-06-25
08b1d58f92c4e0dabb12dfa3d57f3b41,88b5387eec4d67f115960a554d9040a3,delivered,2018-05-22 11:40:39,2018-05-23 02:15:40,2018-05-23 15:21:00,2018-06-05 21:12:15,2018-06-07,c11f3aaf8e1577c0e2214499ef0f27ba,2018-05-22
0891b66cbcc48cf64f31ae9cae3d08d8,3c0b720f2a9aebf70b250e73ef4fda63,delivered,2016-10-09 13:57:42,2016-10-10 03:55:40,2016-10-21 18:23:02,2016-10-27 12:54:57,2016-11-30,b40f9f5a8ddb36c2b9dded8fc1f5a255,2016-10-09
1cfee098c50b9fe736b638203f7077df,b555c2cccafffab3b1ea024fca59f769,delivered,2018-04-11 16:17:48,2018-04-13 02:15:27,2018-04-13 20:28:32,2018-04-16 17:45:38,2018-04-23,e4c0c99b4fb327044e3488d6f7f8a71f,2018-04-11
388a9117213936e0290e6e7d50f9fee0,87ce66add9df2248ba4ee66897a478da,delivered,2017-05-05 21:04:15,2017-05-05 21:15:15,2017-05-09 08:05:58,2017-05-15 15:57:42,2017-05-26,f43710182f400d86a9aa16fecbbfd6d0,2017-05-05
44fa62376b39d4bf490ebd04e1601614,d013170b78d80c0195abeb230ec2d8c1,delivered,2017-11-18 07:50:39,2017-11-18 08:06:33,2017-11-20 17:26:47,2017-11-28 23:11:40,2017-12-18,7f9c2ab72136f9fbe2a2ca856021624f,2017-11-18
d2266b035a47467c40d174c6f55cf4dd,28fdcbdf2ebc3b9d20d4a810cec6a8b7,delivered,2016-10-10 04:31:17,2016-10-13 07:08:48,2016-10-17 08:08:49,2016-10-20 08:08:49,2016-12-02,1fe76010d06f4c73ed78f3a7d469d93e,2016-10-10
c191b759eb232bdd68e1ba7030f58a56,01abb8df2f71f7d6e087c28c6c0a8f39,delivered,2018-01-26 12:45:51,2018-01-30 03:50:25,2018-02-03 15:04:01,2018-02-26 19:26:43,2018-03-02,d2607f7f7e7ccba8843abeaa3e5dbee8,2018-01-26
93d350ebaa988529d9b1988c454035b2,3f0f45bd49f7908548178ad90f2e8f6d,delivered,2017-08-23 10:04:56,2017-08-23 11:10:18,2017-08-29 18:44:18,2017-08-30 18:58:07,2017-09-05,566425abe7c05c2c0c1126852687f098,2017-08-23
c00716d35eb52dd20ebf014740db8d26,761ec5e1717228608974cf6ccb30c7aa,delivered,2018-08-08 21:34:09,2018-08-08 21:45:19,2018-08-10 15:20:00,2018-08-21 15:22:51,2018-08-29,e4faf432d9e4d83058eda07b9b7e0503,2018-08-08
f1e1acdcfcfbd5084831b5dd2f1bd60f,5f6aad91617cb4f4b9722e77ca65818b,delivered,2018-08-11 11:53:43,2018-08-11 12:05:16,2018-08-13 14:21:00,2018-08-16 19:32:47,2018-09-05,0d7e1762f076ac6a2329a1811cf302e6,2018-08-11
a35f0b52cacb3c4208d7107bde82f2cf,59018458286e8b29ac7ebcac228b9366,delivered,2018-08-16 09:35:02,2018-08-18 02:49:58,2018-08-20 12:35:00,2018-08-22 22:16:32,2018-08-22,f49d5c591cfccf13d2995954cfdcf316,2018-08-16
f1ee39e9c5dd55fbb91449e918a7eb37,18bf2e9fc3b33ee5bf6836399bf4bea5,delivered,2018-01-18 09:42:37,2018-01-18 09:54:22,2018-01-19 18:35:32,2018-02-24 01:27:05,2018-02-19,18711d203a1a46a4cc3381012665cd3c,2018-01-18
1ea86cb67ac980ba54aa42725a5fcdf4,ea949f6f5753d29dc9185bb4cafaeb65,delivered,2017-09-10 20:22:48,2017-09-10 20:30:22,2017-09-13 20:36:33,2017-09-21 19:27:43,2017-10-04,8d7d0dc1fb2856d78e58fdf46d5f5ab8,2017-09-10
58829394980c3e52afb649be7d0e663a,c8d05282b481f15f12dd174d888b3b0d,delivered,2017-08-01 11:12:34,2017-08-02 06:45:19,2017-08-04 15:54:48,2017-08-22 13:51:42,2017-08-25,58af591de36d092aa6c948be6584f38a,2017-08-01
d9f732bbd3289880267ad9b54d466ec3,729f3a53386dad2106c9e1dd8727554d,delivered,2018-08-17 16:46:12,2018-08-17 17:09:44,2018-08-20 07:04:00,2018-08-24 15:46:23,2018-08-29,c2f3fdf15a66b1b9c751bc4e1c7a0f02,2018-08-17
398769344b1dcb8e4c13da1adc6bb4e3,f0597df49aa2644b5ec514baa2229271,delivered,2017-10-16 21:53:59,2017-10-16 22:14:22,2017-10-18 16:50:12,2017-10-23 17:09:47,2017-11-01,3ec108bf4d20bd037d1a5feac65a3243,2017-10-16
12907443c80937b0793096099e22990d,14ff02bb0043f9bbf84858c7aad8a05f,delivered,2018-02-04 17:44:16,2018-02-04 18:09:52,2018-02-05 23:44:50,2018-02-27 19:07:32,2018-03-08,918fcec0cbd3b82c43d3bc58ae942277,2018-02-04
e80da12103a938ccc9958f2c1ea95f92,adbb6cf458f5e432340801c4bb8c16ff,delivered,2017-12-14 02:42:14,2017-12-16 02:51:56,2017-12-18 12:29:08,2018-01-10 21:35:40,2018-01-31,85c3726baee0e11d07b88888586cb59f,2017-12-14
d2dcde253b72954806e86ee9f7995770,fdc6d9ace808ea44c8fdc1622b36a0ee,delivered,2017-08-07 10:28:07,2017-08-07 10:43:21,2017-08-08 18:46:15,2017-08-09 17:38:48,2017-09-11,ea4b2ac33ef4e6bddd270f982ce5dc7f,2017-08-07
5a0a4c1f366a0fcae698f3de1f03c0fd,63f403e8e14957ae478017322eaf5c9a,delivered,2017-05-02 16:51:34,2017-05-03 14:10:23,2017-05-11 14:29:02,2017-05-24 12:39:11,2017-06-08,7f57422760e12c56da14617802400fd2,2017-05-02
9a3956da42c0f49603a35e901b6e1fab,621924fa61a8414c52e2bac7d2c036b9,delivered,2017-02-06 20:54:37,2017-02-08 03:10:30,2017-02-08 09:53:45,2017-02-16 13:32:34,2017-03-01,7d9fabf002742f2309860e9351b6a863,2017-02-06
cfdb617e22dcebc94710036f7692969b,8aacc9bdd286bbd215a6b32460b797ef,delivered,2018-02-05 22:39:47,2018-02-05 22:50:45,2018-02-06 17:49:52,2018-02-18 14:35:53,2018-03-05,f5de43d4ead76e9519babb3d6189ea5b,2018-02-05
b164dca91a839328a3c8148df8b54628,e87076a976e7092eb963a3e983f27274,delivered,2017-05-24 10:06:18,2017-05-24 10:15:31,2017-05-25 14:07:10,2017-05-30 08:07:46,2017-06-20,d41af2e003acd6276472a2028a1e2678,2017-05-24
d4903bea07e89ed0f2bd8320a65ec482,4fcf1201b9a51dcf81d663ddf75988fe,delivered,2017-10-17 00:20:50,2017-10-17 00:35:25,2017-10-20 11:06:48,2017-11-13 17:37:09,2017-11-13,2efc380c5596eebc0be4abb98bd5b33a,2017-10-17
149bca3daf097d7695389efb9b491653,2af13ca2d0e14a998266edf6afa7291d,delivered,2018-08-20 03:59:40,2018-08-20 14:11:03,2018-08-20 15:12:00,2018-08-30 16:40:36,2018-08-23,172a828e0764f11e9b8f3c96072589bf,2018-08-20
c07b6d01a2a256bc2f370788d6ff6af6,a5f3932b5fdc76e36453f02c9a516072,delivered,2017-10-18 10:47:00,2017-10-19 07:34:15,2017-10-19 17:53:38,2017-10-24 15:40:01,2017-11-06,481cec33a46d7da0b97449f7a6c1579f,2017-10-18
fc8e9d7ad7a42cc52cd8438eaf428ed3,ea3c63f62f763a92b935e9ce73ea5d58,delivered,2018-05-27 09:16:35,2018-05-27 10:07:17,2018-05-29 14:08:00,2018-06-06 18:18:35,2018-06-29,0e90433a28e2ce9a8121569dbccd49b4,2018-05-27
0d1bbf582326272fa550ed829bd2e1d4,0ef9b2f2eb46a3d1193b12676de597a3,delivered,2017-01-31 17:33:09,2017-01-31 17:45:17,2017-02-01 02:07:35,2017-02-09 12:42:20,2017-03-10,7480dcbdd79758903c89f1e8548b60c5,2017-01-31
d28c3a1a135ca7d74ceb18e7ede17d8c,b2bf052d493866f99444fe8e178c1d2c,delivered,2017-10-24 13:08:38,2017-10-24 13:26:38,2017-10-25 19:45:53,2017-10-27 22:34:01,2017-11-06,3dc7cc4f9f4b10cd90216759ed14fd78,2017-10-24
d0040ecb24efd3792cd2f6679895c53a,171233b55272542bfb1e4d1dab2569bb,delivered,2017-05-10 20:55:13,2017-05-10 21:05:11,2017-05-11 09:44:57,2017-05-16 16:22:47,2017-05-26,7c4c172f6ad96039c75d87385d74d0b8,2017-05-10
7f11b258da5d293493da13b0d5894302,24adea0f827b75f7778fd571a8279a04,delivered,2018-01-27 11:54:02,2018-01-27 12:14:39,2018-02-01 01:07:32,2018-02-03 16:31:53,2018-02-14,331713278bf9bfddd8dda7060aca4aef,2018-01-27
1d3b8d78074e0b50f10346941e67e9de,b4839bd89fae37da872be9416381e165,delivered,2017-11-27 21:27:42,2017-11-27 21:39:27,2017-11-29 10:07:28,2018-01-09 21:58:51,2017-12-22,fe2a29c7a507b4c2606b459932f4e1e3,2017-11-27
ffa09361c7e09f1a6d067376a07455c6,c721ea083b00229814cd5083b3777913,delivered,2018-04-10 19:35:56,2018-04-10 19:50:19,2018-04-12 13:41:24,2018-04-17 18:38:41,2018-04-26,8451622a9dff8054cdf50cd32dbee05c,2018-04-10
169ac9ba86ceec1a102f2ac76b405a34,7514285bdd26b3ce763b21bb5e51f886,delivered,2017-09-18 10:01:36,2017-09-19 03:55:27,2017-09-20 20:07:45,2017-09-26 14:07:47,2017-10-05,0d190743fc183a30499aaf6b9e1ebd03,2017-09-18
cee3d35c01c3ae1ed31809bdb2272afb,8bd9274e690e57552c0516b0d323af7d,delivered,2017-07-24 22:26:44,2017-07-26 02:25:30,2017-08-03 19:04:12,2017-08-09 16:57:43,2017-08-17,d36fc675519adcbd1e824cabc25bda07,2017-07-24
69f4f52c9fc3a2b6f7b72516075657d9,25f2cb8613c844fb07e042433a5ebde7,delivered,2017-09-18 17:57:58,2017-09-18 18:15:17,2017-09-19 18:12:20,2017-10-02 20:23:37,2017-10-17,c9597dcaec3655919a9a2f2182f4ce5c,2017-09-18
c2c0ccad6e89d372981d2f5f6a13f7a6,ad2d139c6cdbb652b3f21dccf61a3f7e,delivered,2017-05-25 09:58:41,2017-05-25 10:10:44,2017-05-25 10:39:16,2017-06-01 06:04:42,2017-06-19,daae91576525131f5dc1a414aa663538,2017-05-25
912fac153319e5a8524a1a9646dcc707,c34488bc19ab8916b2764d3cca0fec2d,delivered,2017-03-07 18:09:43,2017-03-09 02:55:13,2017-03-16 09:58:29,2017-03-22 12:31:52,2017-03-28,7f63005298099caa7352d41b3f78388d,2017-03-07
61bd5e1a7364522ba03a89bd9f2bb51e,55e8f22c0447dcd78b438afa98e2b5f2,delivered,2018-04-29 11:43:13,2018-04-29 12:13:01,2018-05-04 11:56:00,2018-05-14 16:03:29,2018-06-07,604a66b980606461eed613355f90112a,2018-04-29
e2ec4ae060b3e2662724575b47ac605c,c44883d4af42d75135280741c983b988,delivered,2017-05-27 17:59:48,2017-05-27 18:10:15,2017-05-29 11:08:40,2017-06-05 14:59:45,2017-06-23,bdf64d03e4d49f0a763d96cf55fda2f4,2017-05-27
1daaf8be4f0713e6fd0b12a974e29110,9bac1e1b6b5ecc273cd83fd5c40b6d31,delivered,2018-05-09 10:57:58,2018-05-10 10:56:43,2018-05-10 14:23:00,2018-05-14 21:24:43,2018-05-24,6830cf7a24de7852d3a41a26dfa6e209,2018-05-09
26bafe5b8b70950ebe6c386b3aad1fe7,52c14344945f0f7b97a43d120ee86d17,delivered,2018-07-31 17:25:09,2018-07-31 18:30:55,2018-08-03 16:12:00,2018-08-08 20:38:19,2018-08-15,2f9d7d6dfebe59656d4385f4a90b6d00,2018-07-31
58d29b7e20a6fd9ece06ae3981c5e1e4,2f7de2e1063f4600d30a1bc72ce1d84e,delivered,2017-12-03 13:47:26,2017-12-05 04:12:09,2017-12-07 13:58:58,2017-12-19 15:56:59,2017-12-28,605c2a76795e04e5513bb3a7349c925f,2017-12-03
ec2a8c52ab5037c04553f10bcaccd971,3fe12eb6707de1cd2018e8e0297caa98,delivered,2017-03-21 16:22:34,2017-03-21 16:22:34,2017-03-22 17:48:31,2017-03-28 17:13:59,2017-04-07,12cc9a54117a13caabe6385600058649,2017-03-21
1927dede91841ae67045915ce6fd11f1,66446be15e059663cab1f9b17cf6d3a2,delivered,2018-02-27 16:44:08,2018-02-27 16:56:17,2018-03-12 18:40:35,2018-04-10 13:53:51,2018-03-22,c4ba227e9593faaf28a4ea8e5ec6c93f,2018-02-27
373e0e17a31683eb830eab2ade3df6dc,cbaab790e18f4b2f4e826078af9ba804,delivered,2018-02-22 09:35:36,2018-02-23 02:30:35,2018-02-28 00:49:02,2018-04-14 02:22:10,2018-03-23,c06e7048c86d4f8593172c5c60201669,2018-02-22
f96fa82074a906a2d44dababc061999c,f45377e42450803266fcca68cb51988f,delivered,2018-05-11 23:32:44,2018-05-15 03:55:56,2018-05-15 13:44:00,2018-05-22 17:17:30,2018-05-28,e728e3a7d46a49ee5a95ac5573a72d6b,2018-05-11
123bea8dab4550ec2592468bff3e0866,936ba96509c9bd5b74f051c834d1fda3,delivered,2018-04-01 20:26:00,2018-04-01 21:10:27,2018-04-04 18:34:53,2018-04-06 18:07:47,2018-04-13,6316cfb9fc33f7962f7459a3bc144a89,2018-04-01
5f2641f0b721482098589ada9a3b017a,cd5f79d3ad1687f27defdd03ce9523b0,delivered,2018-03-17 07:15:24,2018-03-17 07:48:30,2018-03-19 20:36:33,2018-04-05 21:24:41,2018-04-13,49b68fe8565f514a08034b3d53556b9e,2018-03-17
1f9dfc58c0cc9cd0436629cbcd7fb639,2c197bd27c38b48fe0dc6951d7c48f96,delivered,2017-05-13 11:19:20,2017-05-13 11:30:17,2017-05-15 09:17:23,2017-05-19 11:26:07,2017-06-02,83424549593093baf504ac260d4615e7,2017-05-13
504d232ad4b0cb2e0d3e8c99a98c9938,4abef4291b0857a104890ffc7b63456c,shipped,2017-07-06 19:09:22,2017-07-06 19:23:14,2017-07-10 19:52:29,,2017-07-28,5024dc7850ba072734b2c559e377bcff,2017-07-06
e67519acd1370f173550a6cb2b994ca6,80facf8c48b121912c78f67a6e1490be,delivered,2018-05-10 19:24:18,2018-05-12 03:35:16,2018-05-14 15:45:00,2018-05-18 14:03:31,2018-06-07,35c27e8cee784e79831f61f475ec7641,2018-05-10
d2507bd23d9c9e4c1a37406c22b7cadd,2a06c322bce920e9ca1b4666b1a6b8d4,delivered,2018-02-15 21:54:06,2018-02-16 00:31:27,2018-02-21 18:28:53,2018-03-06 22:19:06,2018-03-13,f2a1c4621acc0bd77c6323284e41a586,2018-02-15
7bdedb93bea002c3653120a85b3630b8,e0264110ce1164881d4735194a9d2b6c,delivered,2017-06-09 14:10:04,2017-06-09 14:22:37,2017-06-09 14:37:40,2017-06-16 10:47:32,2017-06-26,539cbf1d0d9d8c6e13e8b3383ee21e65,2017-06-09
5ab6412ef2b60684cba4139fe9eff658,0c7ae540b88a62ff59ef9d1602317254,delivered,2017-10-02 18:47:09,2017-10-02 19:05:25,2017-10-04 13:09:09,2017-10-11 22:37:43,2017-10-24,f0429420d07ad62d9c63fcf889284c12,2017-10-02
172fec73f3614b511c8ae819916ae54a,baea9bc37bb47475072fea1fed249b1d,delivered,2018-02-26 15:15:37,2018-02-26 15:35:34,2018-02-27 23:33:26,2018-03-22 17:19:01,2018-03-16,dcc7a1fe000947cd6814514532c2961a,2018-02-26
53b520e08ac92c447eee811c9aa93c44,30cdac206f7d21755061ef6ea062ab91,delivered,2017-12-23 14:09:59,2017-12-24 14:07:39,2017-12-26 22:42:48,2018-01-13 13:52:06,2018-01-19,16dafc8631f307e39ccbc2e3eecbf19d,2017-12-23
707ce3d3698a90d1ab9d9c2dc47223c2,f4a9f3a779e9783f7c992f5723bbe3d3,delivered,2018-05-02 20:08:45,2018-05-02 20:53:25,2018-05-03 13:28:00,2018-05-09 23:12:11,2018-05-21,09d4fed6320030973607491be508c075,2018-05-02
4fabd930204fbf8fd7e7f510a4bc6a2f,411d12673ccdeedc292f3aaae6538768,delivered,2018-01-23 12:37:57,2018-01-23 13:01:23,2018-02-01 00:54:25,2018-02-07 20:42:34,2018-02-26,bcc9f71b7e6728f041c8a18e2109144a,2018-01-23
19a63221f98db001dbb52ad0d4990d75,51ea9fd370abcedebbe9a0493cdfaf07,delivered,2017-07-10 12:53:49,2017-07-10 13:10:27,2017-07-13 11:22:57,2017-07-20 16:32:08,2017-08-01,0cc1842fb04b4097096fdf92f458038f,2017-07-10
16d65d58409db5d0534f2fb1817696b0,9711a23693eaa23367227bd36040faa5,delivered,2017-08-28 20:47:42,2017-08-28 20:55:16,2017-08-30 11:39:37,2017-09-04 18:45:54,2017-09-14,d1e3e64494186c80b7edf1181b42b0d1,2017-08-28
dc439747f5458bc4057918cb1c40dcbc,da83bf9a94ce8ee7a0dd931bf6029a85,delivered,2018-01-16 20:46:20,2018-01-16 21:32:03,2018-01-19 01:49:55,2018-01-29 18:53:12,2018-02-19,4753f636cd4b638747f560aef48855cd,2018-01-16
fe2eaa51ed9131df5be8b566f10f3772,3cef4697e20e318d151c7e2b8566e704,delivered,2018-04-15 16:45:08,2018-04-15 16:55:38,2018-04-20 15:36:23,2018-04-25 14:19:20,2018-05-09,3335433ecf91d06029a195ad59f4f07c,2018-04-15
e536cdf72fac1ac0394ce265d37d22e7,306236b26cb49de7dc58a2c121dbf0f8,delivered,2018-07-15 00:14:30,2018-07-15 00:25:22,2018-07-17 11:33:00,2018-07-23 23:41:57,2018-08-01,d716ab725d80838dd42154a479e4b5a6,2018-07-15
ba05479675b661ae63c431bcae09728e,1f231469a9fa94500c4a93608eab9441,delivered,2017-07-18 21:37:09,2017-07-18 21:50:15,2017-07-24 21:10:33,2017-08-01 16:35:41,2017-08-09,58e650f65bdf5500b4e2ab1158138a91,2017-07-18
ed82d3384df9ca70bcd946e63d8d172b,fdf25da38a22a7f03d508437155e8bb3,delivered,2018-03-16 10:07:32,2018-03-17 02:35:33,2018-03-24 00:48:40,2018-03-27 02:28:35,2018-03-28,65f81e95242df10c2069114a421b851a,2018-03-16
4b69646ae09c307e88da19eb05ee2aeb,f8fcf5232cf3d387de35d586d6535c3d,delivered,2017-09-30 00:24:49,2017-09-30 00:49:23,2017-10-03 16:55:40,2017-10-11 20:54:40,2017-10-25,1d19cadab94b48761a5fa614e7b8e5be,2017-09-30
0e556f5eafbf3eb399290101b183b10e,198b639c2da0e7f71ae2b720ad67f47d,delivered,2016-10-06 18:50:25,2016-10-06 19:31:39,2016-10-10 19:31:39,2016-10-13 19:31:39,2016-12-02,55b9662183a72ec77b8f467ff8d42fa3,2016-10-06
e4f5793a41c3b7fc06fc62b75a8ecb47,18a8fbd579db6b2163bc26aff51b61b0,delivered,2018-03-08 10:19:00,2018-03-09 02:31:27,2018-03-15 17:32:54,2018-04-02 20:38:49,2018-04-24,148a3de3d3d09ba6a6d975c21df3aef1,2018-03-08
46336bf0a9f5def552f2f03a691ee9ed,50522881b20600ac15e2c5d82e1bdcf8,delivered,2017-04-28 11:42:33,2017-04-28 11:50:14,2017-04-28 13:07:39,2017-05-11 12:18:00,2017-05-26,8eb39214e81b8a2e73bc3f06f5905def,2017-04-28
9845d84225d361cb655d4963c6aeaa87,c6cf18b71c8f0e99e92df766996aae66,delivered,2018-07-16 13:05:24,2018-07-16 13:15:19,2018-07-17 13:37:00,2018-07-23 17:19:38,2018-07-30,2030093618ba6ab6c8d9047aac996be4,2018-07-16
8f81186474a3ea634c707a15814fa1ce,e66db6837953f6a350fcf30a81062b28,delivered,2018-05-18 20:01:41,2018-05-18 20:17:32,2018-05-21 10:13:00,2018-06-06 15:52:41,2018-06-05,10351fa9e690ca750568e3c19978d69e,2018-05-18
8ab510910dc4b37ae2551acb4d6f5c4f,1b7e15610c7da5d4fba6794557aaf06e,delivered,2017-09-14 20:37:40,2017-09-14 20:50:20,2017-09-15 20:46:34,2017-09-26 21:15:32,2017-10-18,584f655d96d20c3c3991a948702bce92,2017-09-14
264eb9cf9edd31016e9e59017e746aec,c066d28a9507feed4ba59f8b63e44c2b,delivered,2018-04-03 10:55:05,2018-04-03 18:15:18,2018-04-04 20:58:49,2018-04-05 22:05:29,2018-04-13,2a09d2659a237c88102c3ccfe70a1e91,2018-04-03
c107e4232a2d4729ae3da1aede9eb1e2,4ad0815e1e40e32ab8a2d160ebfde705,delivered,2018-06-07 22:47:17,2018-06-09 02:57:42,2018-06-12 13:50:00,2018-06-20 21:50:41,2018-07-11,974cc6ff63850bfaa5cd09f7a9aed648,2018-06-07
823d27620ee2ff69604191b087250a3b,bf5fb5962bc4f22122214e62fa266098,delivered,2017-11-23 13:48:47,2017-11-24 03:10:00,2017-11-24 21:39:05,2017-12-12 21:38:30,2017-12-19,323ff9fd6b4a3edcdf3039e1fb213eb6,2017-11-23
74d903ac21372f331f2fa52be9681693,f38c1d00cf75f681c1aa5a5a282f83c5,delivered,2018-02-18 13:55:49,2018-02-18 15:06:47,2018-02-19 17:35:51,2018-03-08 10:00:02,2018-03-22,90b3ba1480d67c1ee0ad67d9e1944778,2018-02-18
8d63bb167adbc51f677d38af762662a1,8da86708f7cfcbf9ba8ca6004b14743f,delivered,2017-09-01 07:32:48,2017-09-05 04:30:43,2017-09-06 22:00:07,2017-09-15 15:25:48,2017-09-28,5aaf237a53b94f01b6043dd1ec7b0339,2017-09-01
2fcfccb19cbdf5fdd494de049ac1911e,fc6d5621cd3c9e4c35408c896771a7f1,delivered,2018-08-09 20:38:14,2018-08-09 20:50:10,2018-08-20 19:48:00,2018-08-23 23:35:39,2018-08-28,d3d63014836a34739077703ae4ccde07,2018-08-09
23face56b7b7b6a17d4759b7c86d6a9c,3f1f7e881a2fa10bc1064d3a98c8486e,delivered,2017-07-30 19:41:53,2017-07-30 19:55:17,2017-08-02 11:12:19,2017-08-08 20:03:54,2017-08-24,1dea2475daf687c0f021866a27d635da,2017-07-30
6a19c9502bf44deb70d04ba20d586866,52edc459da15ba6237812975585c88f2,delivered,2017-04-20 09:53:18,2017-04-21 05:33:10,2017-04-25 10:59:43,2017-05-05 18:35:50,2017-05-18,3c60dedc37d37c2d666ce99122711581,2017-04-20
15ea43bba4b54f2d044422c7cb71df80,8dafe375f5c86a7a0cdc175e009e6820,delivered,2018-03-02 00:20:31,2018-03-02 00:49:14,2018-03-05 19:58:24,2018-03-09 19:27:46,2018-03-20,fc1bbd664ccf3ae6af0d62e4fa292aa2,2018-03-02
dace50b472dbb4c65b72b71fc8f60c86,83d4c5cf09b56f567aea4fabe8fa14ec,delivered,2017-06-14 22:45:11,2017-06-14 22:55:16,2017-06-16 14:33:58,2017-06-29 14:37:42,2017-06-28,fa21158fe5fb199c6fd8c58d7ffcc04b,2017-06-14
fb95aa20d91cfc568a3bd223c03e9eff,844fefc57b6c9a11bfa1a8eb4b1a6e2b,delivered,2018-04-28 20:14:48,2018-04-28 20:30:54,2018-05-02 14:15:00,2018-05-09 19:17:32,2018-05-24,559a8ee3945ef2efb08cf74e36c8b747,2018-04-28
a27e7bc82ceed97d792b678d7ca3e888,9f6ce93bf74532714cde036e2695fb54,delivered,2017-12-13 22:34:56,2017-12-13 22:50:05,2017-12-16 14:16:22,2018-01-09 23:35:58,2018-01-16,af36dabeab187f855f484f521fdd1bac,2017-12-13
22167b7870f3c3b844087c5cbafac521,bf45a4524fffba803efa07f225cdfda5,delivered,2018-03-07 17:56:08,2018-03-09 02:30:55,2018-03-20 16:42:30,2018-03-26 14:05:48,2018-04-24,3ab6e6bb3eb3f63eb5c90244ce03f925,2018-03-07
b1a8e82d3980a5c20c95ffb4a7572f09,d5bc0475f8b2265e148b1e514ceaca97,delivered,2017-11-16 13:22:39,2017-11-17 19:30:22,2017-11-21 21:39:09,2017-11-28 01:27:43,2017-12-06,cc40917b6a945f138bddb4e4a1043738,2017-11-16
50ab8a54c2060cccdabcf4ad996be719,149ac0fdc3fc6ed91440c95c1a92736b,delivered,2018-03-27 13:20:27,2018-03-27 13:35:10,2018-03-29 00:26:45,2018-04-27 19:51:52,2018-04-20,f1bee02ceae8a430506b798786f766b4,2018-03-27
d805508e2cdf3a5b1453bc2eb0371880,f8cd59b49dad40a126346bd2da7649c5,delivered,2018-07-23 21:27:51,2018-07-24 10:31:03,2018-07-24 14:12:00,2018-07-31 17:56:27,2018-08-20,470853916afc14a84aaff482ca87aa6a,2018-07-23
03e9790f0220543f057ebca9e29b459a,5c3662c3c0d32edf5dd9e7b13abcd4ef,delivered,2018-08-01 12:32:19,2018-08-01 13:24:21,2018-08-02 13:10:00,2018-08-03 17:52:52,2018-08-06,12e230ff1bbc20b7e71976c11e1eabbf,2018-08-01
81e80c227293d804bda81c21f3defcc0,e4ca5891f91f5a7fb96dac539c5fabc1,delivered,2018-04-29 04:05:56,2018-04-29 04:15:09,2018-05-04 13:17:00,2018-05-11 12:16:59,2018-05-30,fd163ace3bb259243cb2c577f5b18e47,2018-04-29
0231f6b89e5798ff6c0dfb1e18a94da9,719f6e6129a784bbc01b1267fe488547,delivered,2018-08-04 12:35:23,2018-08-04 12:50:19,2018-08-16 11:49:00,2018-08-17 17:43:45,2018-08-22,e30fdbbdc726b0cba2116f03e5cebbe3,2018-08-04
31f0fa0bdab49b86bb8951961ba8f67c,b3aadfe6bbaa40c1a5d4ff3172d9d950,delivered,2018-03-26 12:25:52,2018-03-26 12:47:40,2018-03-27 20:07:47,2018-03-29 22:16:50,2018-04-06,579bed8121f490a9c8068ba6071edb3b,2018-03-26
686c0ba20be3837a5041edbc39d3f9ae,9d313f559eb6ce11ff81d6402f472763,delivered,2017-03-12 20:54:08,2017-03-12 20:54:08,2017-03-17 14:10:50,2017-04-11 09:27:57,2017-04-11,bb2f08afc6554dac6cad068e40145cbc,2017-03-12
26874945bcbf47606ab08580cf923693,8c6260231f19aa16c388266ba0854ef5,delivered,2018-02-09 00:56:49,2018-02-16 08:10:29,2018-02-16 23:08:04,2018-02-21 16:57:08,2018-03-21,2c0a90b7a66b7582c5d774d9599c08c3,2018-02-09
5ff620977c1907f6694bbbbc716cf0d3,9e068f35663b99bc508dcfea424d6833,delivered,2017-11-24 18:04:11,2017-11-24 21:17:06,2017-11-28 21:14:42,2017-11-29 17:48:57,2017-12-13,fc719c11b4dce594f47e1f9aa739a3a2,2017-11-24
5177d1217cafa2ba15337cd62cb1fc78,5f2269b4b3e234f5ede9b2f156bbd04a,delivered,2017-07-05 19:01:10,2017-07-05 19:10:12,2017-07-06 12:07:29,2017-07-12 17:47:28,2017-07-27,1e6dc17adde78e52b6fa5e634f4454e0,2017-07-05
a5f747164d57e9cdaf58787ec8158e9c,438eaefae192046b0a5fbe38cea8bd35,delivered,2018-02-18 08:55:49,2018-02-18 09:55:26,2018-02-19 22:13:48,2018-03-01 18:28:56,2018-03-14,07f6114ad453edbb3adfefa1a8389d25,2018-02-18
e1df61c61699c690427a33fc1b6b540c,4c44865a36098a8b24dba15c90f01511,delivered,2017-02-09 11:24:15,2017-02-09 11:35:21,2017-02-10 08:34:09,2017-02-20 11:51:52,2017-03-16,72a3b40a80ebd5abd2ff5618d2f402c3,2017-02-09
55b94c1376b9caed3fef602e9ca5f20a,88891fdcc43f37bf275ecdf1461982af,delivered,2018-01-10 22:56:19,2018-01-12 02:33:39,2018-01-16 15:29:00,2018-01-29 17:16:52,2018-02-07,e750069eb4f908b95d483f1b6dd331c7,2018-01-10
7762cd5ec1084b412956b01811bc553c,cc516792309320513ad2b67a0c0447de,delivered,2017-06-26 14:25:00,2017-06-26 14:43:35,2017-06-27 16:54:15,2017-07-06 16:58:01,2017-07-25,16c18db342c87c7e6123be902585dd24,2017-06-26
73cf654d0deb48918d5e67944a773d22,872b8edcddb1ebd8e8b4db1df2c1edcb,delivered,2018-06-13 12:25:21,2018-06-13 12:37:11,2018-06-14 12:25:00,2018-06-20 18:41:09,2018-07-04,d2e28504f8a62a1c9936faa54d344711,2018-06-13
9e5fd9b33580d845c54855ee2e3965b0,46ad19d390527ea247f395322d167aec,delivered,2017-07-30 14:54:30,2017-07-30 15:10:06,2017-08-01 18:17:45,2017-08-14 18:24:06,2017-08-28,2c0631ddaf23557e020baa30eac4a15b,2017-07-30
da0f3ca7a69fe74c208f8cad4b3a42f2,3911e9adb85bd0a22a4fa417087ce84f,delivered,2018-05-19 11:23:11,2018-05-22 07:55:09,2018-05-22 12:15:00,2018-05-23 21:36:33,2018-06-05,7d7d53c398d0e34f3b6a53b4c8273207,2018-05-19
9f7b176cfbef1c9773aa351fa964e124,00e0a2be19aca747d3051ed15e18b77a,delivered,2017-05-05 18:30:01,2017-05-06 10:42:31,2017-05-09 15:21:51,2017-05-15 14:42:14,2017-05-30,249749451a0cae7e2de98adce5811f02,2017-05-05
1042722433e7633a6a857a82dcb8d881,21929d7523b4ca73af799eed3d218276,delivered,2017-08-08 16:26:41,2017-08-09 16:30:14,2017-08-11 12:00:55,2017-08-15 17:59:56,2017-08-30,53266a0e7b0a61e8e41f4e71db335a89,2017-08-08
36f34e0afd0f39f2a94e0988c4a5047c,251782bc82d793bfc38ff538aa37f263,delivered,2018-06-03 08:56:31,2018-06-03 09:11:06,2018-06-07 12:55:00,2018-06-13 17:26:36,2018-07-16,d7f0169cfc48f3e8aa47c919cd5704bb,2018-06-03
84e79b84144443a29fcd4da110a8896f,90faa860db14d01d4ba25f1373e4c781,delivered,2018-01-17 10:45:34,2018-01-17 10:57:29,2018-01-17 20:18:36,2018-01-26 16:29:08,2018-02-08,95dd1a8d97c9162501d0ca76f44520e3,2018-01-17
0f76c26d0a331ffc4c0c5fd114cc3623,9c5b708a188f9bd992c4ae5676323d08,delivered,2018-05-15 23:53:45,2018-05-16 00:55:22,2018-05-16 12:39:00,2018-06-07 14:59:05,2018-06-12,5dd70e792ca39c93fce1b2e972f7abf0,2018-05-15
22d494f5aa645ca9c597962040fc930f,b5e017d6f4a1ba8e796b33cce51d4229,delivered,2017-06-08 20:47:17,2017-06-10 02:50:35,2017-06-12 12:22:07,2017-07-24 16:43:35,2017-07-11,fe23b83238356ce3d892cd2901e85506,2017-06-08
799dc0fd216e2a8e571a2684ddb6f940,f3fecb293f31350518ee2ac197202282,canceled,2016-10-05 22:49:57,2016-10-06 15:54:47,,,2016-12-23,a34c42acb1860ba63a4d59e9295ea75a,2016-10-05
9ee84e2bfcbb0e4aa06217c6ecbab36e,159ad0f6cbd047fb360f05bb09e6cfe4,invoiced,2017-11-09 13:33:20,2017-11-10 03:10:46,,,2017-11-29,fad2e77bba064ef0e420aae76fb3eea1,2017-11-09
96d88a64577266cc2aad81a6ec153d72,e3ece71ec8a47d36c188c6a18111a009,delivered,2018-04-27 16:49:08,2018-04-27 17:35:35,2018-05-03 15:28:00,2018-05-05 12:51:43,2018-05-14,dc315ba6f78409f4866b5a4fa0fc1973,2018-04-27
dc1bfd548330a38be6064d8857ab359a,fd70b09cd1fd10e0a24d7a477b3333af,delivered,2018-06-24 20:35:29,2018-06-24 20:54:55,2018-06-27 11:45:00,2018-07-03 08:04:09,2018-07-24,0862b23e50c4ac6cfe63e8f0cac1211d,2018-06-24
2a0359586f9d564e2ffcba4e14cf54c6,d6848f1f7a01a0518dbd1b7ef9801733,delivered,2018-02-21 22:01:09,2018-02-21 22:15:29,2018-02-22 19:55:54,2018-03-14 19:14:40,2018-03-13,c1afacf6e1bba51ace663abbea89feac,2018-02-21
bf475f9672e3314e2f2b503ceb340fd3,2597d599409989ece8d776be91b17f5b,delivered,2018-05-06 21:45:16,2018-05-07 10:11:28,2018-05-11 15:03:00,2018-05-17 22:28:31,2018-06-06,92046e40af14f7f88398c748bb559cfe,2018-05-06
345f3128d7ec2b4fe1b30bef9c24ac82,1da1ddb93496c573aa47b5c21d5107f1,delivered,2018-08-20 14:15:55,2018-08-20 16:15:32,2018-08-23 14:25:00,2018-08-28 16:42:07,2018-08-31,5c409570b00bdc3524ba591eaf6ac959,2018-08-20
64766c48d0be21c815096ba7bac96ed5,1a13f2430103c7ab17bddbc2016af515,delivered,2018-01-17 17:59:39,2018-01-17 18:11:23,2018-01-19 15:48:48,2018-01-30 18:11:48,2018-02-14,00e8cbf31206edcf22b7b118daa13983,2018-01-17
981a9806f64f9c36b258de8edafdbb39,7754b34de4a89802e74462bf76d5ec58,delivered,2017-08-12 19:12:03,2017-08-12 19:25:10,2017-08-14 17:07:32,2017-08-21 20:51:57,2017-09-05,500f657aa149e66a2cda480ae4259534,2017-08-12
ce06972fe7c25dca520903409efcb744,a213b9046b287f63b9c70da31ce60916,delivered,2018-04-12 19:28:02,2018-04-13 13:14:30,2018-04-13 21:37:40,2018-04-30 14:46:37,2018-05-10,966506d169ad25ae2710e67e50bf1e93,2018-04-12
5c7fb4191236c0b1404e9e97af9691c9,6e9d745e62f9337dff13d0b67bc2d6fb,delivered,2017-10-10 17:14:09,2017-10-10 17:35:55,2017-10-13 11:52:35,2017-10-30 13:30:04,2017-10-23,e184051e38203f61efc1b87fef5ea173,2017-10-10
8d6aed9188591d9a88993dbc07bac129,28896d119b6575081311592b99637c26,delivered,2017-02-14 13:01:54,2017-02-14 13:15:15,2017-02-16 11:16:01,2017-02-17 17:59:07,2017-03-13,81e0bb39175a7322865a568edb5f7659,2017-02-14
595316a07cd3dea9db7adfcc7e247ae7,696e8f940eeee6b009d1539b59e47366,delivered,2017-08-09 23:50:08,2017-08-11 04:26:04,2017-08-14 14:46:16,2017-08-17 19:32:48,2017-08-25,5c71f03d38ea1426874ace382efa488d,2017-08-09
ba6fe5e92a31200b06b69c99171eacf8,ebd1765f07bfab797475df79adb9b281,delivered,2018-06-19 21:10:11,2018-06-19 21:35:30,2018-06-20 15:48:00,2018-06-21 20:42:36,2018-06-29,b189483dc84746a11208785fb0aaf933,2018-06-19
e2fdffd08df55baaa7b97c04d4d2b606,7fc0e7dcd8f29cc5285c7f4981c8fae7,delivered,2018-03-19 22:55:23,2018-03-20 22:50:38,2018-03-22 21:35:55,2018-03-29 23:32:08,2018-04-12,184c60d3f769361e505a2310ed7c508c,2018-03-19
a92a6fc4d961b38efcdcc7a12610754c,6f0417a5db860fa53ef4542989cc35f0,delivered,2017-08-11 17:18:16,2017-08-11 17:30:11,2017-08-15 19:05:02,2017-08-16 17:58:42,2017-08-24,41e69281541168834457e0ef69f6a2e8,2017-08-11
5829e6abd78c204059d0dad88e6061f4,febad6c3f0ecb93ef3b9e2d80fe2a4a0,delivered,2018-06-04 12:29:06,2018-06-04 12:50:34,2018-06-06 14:22:00,2018-06-07 14:11:13,2018-06-28,ef7144e12add30740061a968ebb7b65e,2018-06-04
61c7ca53c85ddf347b33ff60118893c4,68d77f42be20e1ec478bd6ba5cbd9002,delivered,2018-07-18 22:12:03,2018-07-18 22:25:13,2018-07-19 14:36:00,2018-07-24 20:40:38,2018-08-15,a11abd71911b5cf2d046abeaa4e2d426,2018-07-18
9f1887ee4f71cd4db972aeac47ca54f7,672aaf2b9c8ab186e20451bdc13f5e7b,delivered,2018-07-26 10:12:47,2018-07-26 10:25:11,2018-08-07 10:27:00,2018-08-17 18:28:42,2018-08-16,1a947c7e4388f4529f9b1fd58eb8d955,2018-07-26
e6c487a027692996435c701644f98080,0ec5c18a4b6f9da0e3ca912e19bd010c,delivered,2017-09-22 07:56:51,2017-09-22 08:06:21,2017-09-22 21:22:52,2017-10-09 17:59:19,2017-10-18,892323d5d0997129223ae7714739e5f6,2017-09-22
ded5e63ba387dee72a94cc313a39b536,4f74721592a5128138d827de1840b50c,delivered,2018-02-24 10:15:05,2018-02-24 10:27:48,2018-02-27 21:04:40,2018-03-06 22:58:39,2018-03-16,e9d92452b38506d6379276d4b38cdf94,2018-02-24
ccecb43e46d11aa9ed8c92440657995a,26a390b7847ae9ad5b6542aa76736b3e,delivered,2017-11-25 22:18:24,2017-11-25 22:33:12,2017-11-27 22:48:36,2017-12-07 20:08:50,2017-12-19,5dfb3b7a3aab9269de647de9ab7c80be,2017-11-25
32a8de5ba7f744d3a361fa1ebe7f4b6b,b97b7c17da5ca217170dd0f9a2250838,delivered,2017-09-08 14:06:59,2017-09-08 17:25:15,2017-09-12 19:17:53,2017-09-18 18:25:44,2017-09-26,64936835dbe7caac4a87862c2faea0ca,2017-09-08
019aaee09698daf81dcffe9d94a18b5c,e3893e579755de4feb1a4d0313c103fa,delivered,2017-08-10 14:04:58,2017-08-10 14:23:38,2017-08-11 13:52:35,2017-08-12 11:56:49,2017-08-23,cd6b577df45c00daa6b2767eaa947c72,2017-08-10
c31e69041b0da7765a4d79c7dd6242ff,ba870e27d887b676ea8ef87bb63e5c3e,delivered,2017-11-24 22:32:37,2017-11-25 01:32:37,2017-12-04 22:38:39,2017-12-15 18:45:05,2017-12-15,4e788fe9f1e6f4dab87da92e126839a5,2017-11-24
695b3b57992d9247ea1b44bc6ec32978,8ba9765659c98e69e8345a1d6661fb93,delivered,2018-05-11 11:03:40,2018-05-11 11:15:19,2018-05-11 14:59:00,2018-05-14 20:57:03,2018-05-28,facdaacbcd099d5aea3c066c5be1ea45,2018-05-11
e28fe1201ebd15ccbbe9d7e18db98c31,9679137d11546cad3825ed2fcda53c0c,delivered,2018-06-07 20:34:30,2018-06-07 20:55:15,2018-06-08 15:14:00,2018-06-12 21:07:49,2018-06-25,236443e1f24706a97f5164057f3d3112,2018-06-07
fb1bc334ae23045c45df799504ebe1bc,c7d1e6445617720dd981429fb5580238,delivered,2017-10-19 14:13:04,2017-10-19 14:29:15,2017-10-20 15:42:25,2017-10-27 22:51:03,2017-11-14,79bb5a1e51a7d13de01f9f11596eb371,2017-10-19
e25bb8aaf2367bd1f96dc6d9a764de2f,3c02719ce51468b5f0a41b1a330d9b2b,delivered,2018-04-04 22:58:03,2018-04-04 23:10:12,2018-04-05 20:07:30,2018-04-10 19:31:15,2018-05-02,be8b8317c7cd0ba267784489e7df66d1,2018-04-04
7294705423e48be7177bcd2b15faf44f,00498d14e21c58ed2feb5d5feb4cd706,delivered,2018-01-12 22:38:53,2018-01-12 23:16:46,2018-01-18 16:48:40,2018-01-26 22:36:31,2018-02-09,0a9854e7028c74302d0963fa56e77a18,2018-01-12
f2b5d6c7cf7bcd8c765ecc7d1c964bb1,24e9bfd67b1e20cba11c64fcb1cc2663,delivered,2017-06-20 15:02:30,2017-06-22 02:25:34,2017-06-22 15:48:13,2017-07-03 13:53:31,2017-07-18,2b8be5aade3c3d7b9c8201664b6f76be,2017-06-20
21d032917e4ed1476f16ce92d0d8fdd4,51905fbecec4261539044170d7338c03,delivered,2018-02-14 12:26:23,2018-02-14 12:47:10,2018-02-15 19:16:52,2018-02-21 22:47:02,2018-03-06,e7f05599a82aa0ff9745e92f4b9a9188,2018-02-14
f62ff18c0fc73a78ebd80d0d881abfcf,0b0a4e9f5cbb2762f23341a271219afb,delivered,2018-06-05 23:30:25,2018-06-05 23:52:37,2018-06-06 15:31:00,2018-06-11 12:28:27,2018-07-18,246ef4748f64c4e716b4356d570967a1,2018-06-05
7baac6397b9cffaf882d73544ae9a085,2bb538d3b5a93ed52b5f504aeb097893,delivered,2017-09-11 15:22:55,2017-09-11 15:35:22,2017-09-13 17:47:52,2017-09-21 16:27:06,2017-10-03,afe83b0e19c8dabe4155e086e0055107,2017-09-11
b1cc959223d3beff53d4aeb97b8b6a8a,70fd0299eba8564ad88ff541dbfd9854,delivered,2018-08-03 21:42:35,2018-08-03 21:50:16,2018-08-07 13:02:00,2018-08-16 20:28:50,2018-08-17,be37c06cafca7de4303cdfc8aba6f455,2018-08-03
479d2226115d100c027f7dd83622c1ee,f7d7a109457a1d2a80a681cf379a015c,delivered,2018-06-04 20:07:13,2018-06-04 20:31:50,2018-06-05 15:39:00,2018-06-18 19:56:42,2018-07-13,e9e3c9df3c49f7f22acf7dcad829e13e,2018-06-04
fe379bcafadad5a792820631d49429e5,0e96da78f43bec2f07c7971bb4d47a52,delivered,2018-08-21 18:22:34,2018-08-21 18:35:23,2018-08-22 12:10:00,2018-08-23 13:16:32,2018-08-24,bbb9831131706c79317282c1b9ea1dbf,2018-08-21
f779310b7f128b2b1eebc444c867c5cb,1ad85378f72ecb62694df328c7ebca32,delivered,2018-01-22 10:40:57,2018-01-22 14:16:51,2018-01-24 19:58:50,2018-01-31 13:53:03,2018-02-06,9c1604a9e4b09ec12e4334420b483f3f,2018-01-22
f0ef9b99abb2937dd8698615e6c2f909,66aedbf6febb5a9634fc13fc728f9ae5,delivered,2018-02-02 22:08:02,2018-02-05 06:48:29,2018-02-05 22:34:06,2018-02-28 17:36:14,2018-03-16,9514926228a0286468d834b9da5d025f,2018-02-02
88729db89bc700104cd5ebd2725e4d69,44c6cd0bafac1d001d76ff0ac05f6411,delivered,2018-06-13 09:06:48,2018-06-13 09:40:06,2018-06-13 14:33:00,2018-06-19 01:19:45,2018-07-03,9852e627745c774d849419f9bc9d77e8,2018-06-13
c804674d437b41cf864db4bf8b66fff6,8d34b7b2024e215eebc8d21e7ea9b771,delivered,2017-10-10 17:50:55,2017-10-10 18:07:10,2017-10-11 23:12:11,2017-10-23 19:41:49,2017-11-07,36ab2f1518f25b449a3a1d02b34e47be,2017-10-10
49c9dc330935365ca454ba89a8a20efb,ce03e1248f6753a907cf1e5fc9013939,delivered,2018-03-05 11:05:50,2018-03-06 11:15:44,2018-03-20 17:52:50,2018-04-19 00:39:52,2018-03-26,fb6f9af66cfaf3d4bde172deb0e927eb,2018-03-05
3ae03c7a8dcbbe4e24c6c622b22008e0,8a5fbe3630893013a13d346a571d2add,delivered,2018-02-15 21:10:12,2018-02-17 03:35:29,2018-02-21 17:05:20,2018-03-01 19:53:04,2018-03-08,18ad089aabc02e18b19021194794b9ae,2018-02-15
60753b0d826f7ab796f24eaf861690eb,18a0ae9ef526e6c02b8d1c384524e70e,delivered,2017-12-15 17:06:07,2017-12-15 17:14:15,2017-12-19 22:51:45,2018-01-11 15:25:39,2018-01-18,f96fb3a4a96c2252110e0dd0240af56f,2017-12-15
e81600d4371046078150ab84d31175d3,5f78e0062e08a91ecc6a7cd787bd29ba,shipped,2017-01-25 09:31:09,2017-01-25 10:30:14,2017-02-02 09:47:38,,2017-03-16,85e2be50c49cbf58fcc2b12cfbaded03,2017-01-25
9f98d5dd7d91eb6e4b16499e2a9688c6,d928c613175499a892ce4b80342d7e81,delivered,2017-10-13 14:17:19,2017-10-13 14:28:22,2017-10-17 17:07:57,2017-10-24 17:49:12,2017-11-03,bc75609227330fe20016b26cf6fb43f8,2017-10-13
5f6212b4deba7d596254d55825e21cc3,5ba0313d8deae58f670a73b0f8b21b5e,delivered,2017-07-28 15:48:38,2017-07-28 16:04:01,2017-07-31 21:22:37,2017-08-14 14:34:11,2017-08-17,17c24fb77d25f05ca75a38e0dbff06a2,2017-07-28
09c6a742ab99ba6516e8acebf60127b4,61658fc3f28ed8b3f1d0248d7f0090d1,delivered,2017-12-01 23:15:22,2017-12-05 04:12:11,2017-12-07 20:28:29,2017-12-12 02:04:01,2017-12-19,97b2eabaa9fdd6362be0a3bea7f5a946,2017-12-01
fa2cfb69189369210d02d7f26fb6d59d,b24cc4673572493865cd0610167b9c12,delivered,2017-06-26 12:17:22,2017-06-26 13:31:03,2017-06-26 14:47:29,2017-06-30 11:43:47,2017-07-20,06688c85b652dcedc744636df2fdb09e,2017-06-26
e469c917c3a56975087c1bcae9391a54,6f03ae55e832204ea4904460510be391,delivered,2017-12-07 14:20:55,2017-12-09 14:14:22,2017-12-12 22:18:53,2018-01-03 17:34:42,2018-01-11,1a7b4d6d4c829e0559e700a57c37339f,2017-12-07
62529dde2b3d81415417822b4bc91581,a513b34c2f98a4777c23077339806088,delivered,2018-04-15 22:34:55,2018-04-16 08:32:25,2018-04-18 21:02:38,2018-04-19 21:08:51,2018-04-30,2ec6f49a6804f9c7caf81b5ed86829ce,2018-04-15
6c825e27cef5e047f570be83dd1feaba,98eeb01403eb1df551462689e9b5897f,delivered,2018-07-15 10:33:02,2018-07-15 10:45:13,2018-07-18 07:52:00,2018-07-23 21:46:42,2018-08-01,e657ccb2bb6a207f16a854b1e62a15c3,2018-07-15
7df4e046ace6ef86712aba299dd8526b,5efb71ecae9aec44a3c0303dd97ebd9c,delivered,2017-09-13 10:05:40,2017-09-14 20:10:09,2017-09-15 17:18:08,2017-09-25 22:21:28,2017-10-04,1ca460aa8740ed45db1248fe66c2227c,2017-09-13
d5a2a83ddd838aa8ea9297e7d3c773fb,056e2088f4f2b7a3b6d08cceb4ab73ab,delivered,2017-03-03 15:55:48,2017-03-03 16:10:16,2017-03-06 03:48:57,2017-03-08 06:21:55,2017-03-24,337171f37d6abe2a1ff41485e1576733,2017-03-03
576466ecdb1ad73bb848943a98649668,43a9b97803084721b53b240506f2e52d,delivered,2018-08-28 11:26:59,2018-08-28 11:44:24,2018-08-29 14:56:00,2018-08-30 14:22:51,2018-09-13,c68b545a924d24da9c0f35ab7e6aee94,2018-08-28
06ba77893723a9357f7e681bf336fb2c,993422eff8c6cfaca2c04adf2b097296,delivered,2018-07-18 12:13:41,2018-07-18 12:25:17,2018-07-18 13:39:00,2018-07-30 23:45:58,2018-08-13,6dd3c4339de6aa207cf4099bd3edac40,2018-07-18
52cf615b489664cc51497014207226db,c9cd9a4e5438dec9e84c776f42de1640,delivered,2018-03-14 12:02:37,2018-03-15 03:16:14,2018-03-16 21:14:37,2018-03-29 23:32:52,2018-04-02,1935a32a51f3226415de9e701afeb878,2018-03-14
8fb11f0652ca9a1fc2a32dd1b792fabf,906fc1ea0860711038f88389207bca8b,delivered,2018-05-03 21:16:09,2018-05-03 21:33:21,2018-05-07 13:18:00,2018-05-14 22:08:26,2018-05-25,69e83c4b32db228143050b2cb1ec68e9,2018-05-03
c337be7e160adf73d51a64678b8f7ede,883b1629cc252925fa1737723aa8e0c1,delivered,2017-09-12 14:51:37,2017-09-12 15:05:27,2017-09-13 14:04:01,2017-10-09 17:03:27,2017-10-26,786303b4908dd7996061fdf6662c2e52,2017-09-12
30eb9be01da3f3407bb948e99ad5613e,f2b66e5065737506b582d3303482e3d3,delivered,2018-04-28 19:55:08,2018-04-28 20:13:50,2018-04-30 16:01:00,2018-05-04 16:46:54,2018-05-17,b21e6ad1f970ff49e9a60fc17ecbf181,2018-04-28
2d0f4e1836f58122cbaabf97460af115,7a06b69fcd181fbc7da2ea961db14f3e,delivered,2018-05-18 00:31:55,2018-05-18 03:56:24,2018-05-21 16:54:00,2018-05-22 21:27:41,2018-05-28,2057b7f5d075a840e381f8073a6ec9be,2018-05-18
6288c084b4b8b9ed59cddc6793eba928,b7a18cb59c24649c7ab96dc6f8443688,delivered,2018-01-16 15:44:36,2018-01-18 02:11:57,2018-02-27 16:34:17,2018-03-14 22:52:38,2018-02-22,44f080e4aa155feb57ed4e7fe627f83d,2018-01-16
117a6f28c5cf04526b4869a9291c9d61,2874527f6c9f016402218377542a778d,delivered,2018-07-26 12:10:27,2018-07-27 09:05:13,2018-07-30 11:55:00,2018-08-03 18:59:02,2018-08-09,176c21456fab655afee57b3ea9799f47,2018-07-26
cb578e3b649e02ffe6afd3eb778d6370,afa337470e2e86d962cd960ac3bcacb9,delivered,2017-09-13 16:43:57,2017-09-14 04:32:38,2017-09-19 20:05:43,2017-09-26 21:48:53,2017-10-17,a1bd814d14be56675c1201a1a28a6e64,2017-09-13
61416eed18f816a60139b0bd59f11e2d,97ca397101025587ac98da9417dcfa72,delivered,2017-05-06 10:56:57,2017-05-09 09:43:05,2017-05-09 10:24:32,2017-05-17 11:56:44,2017-06-02,47b9d78289da613e90a5fe360d6212c2,2017-05-06
9abbdc48fa5090fc71433b094fd329a8,28a7aaa9b583fd1ff76b43273f22913f,delivered,2018-03-12 18:17:00,2018-03-12 18:30:49,2018-03-14 17:59:30,2018-03-27 19:52:17,2018-04-12,72859486253cab9dc82376ebc8ee911e,2018-03-12
7cdea6836b6842b3a1f5add3d236395e,920d4899e6a1c090a11bbec9da5a36b5,delivered,2018-06-06 10:37:30,2018-06-07 03:12:20,2018-06-07 09:04:00,2018-06-12 21:52:14,2018-07-26,99c0a4ee465df8aa8a68e3219b3ad69d,2018-06-06
08f982d8b8d8de12b00d35edefe5d26a,4341dee96f04f4070713ce5453d58a1f,delivered,2017-11-05 11:56:00,2017-11-07 07:30:35,2017-11-08 21:35:40,2017-11-17 06:33:06,2017-12-04,8af6dc185ec6635edfa865375cfcffec,2017-11-05
d8d5f372b6b1d10843065cbd97d6c55b,9fda2760c2553bd90eae1b616776cb44,delivered,2017-11-15 15:33:24,2017-11-15 15:50:28,2017-11-17 18:13:29,2017-11-22 18:56:42,2017-12-12,c3ae72f7fe12701be16e17345697d359,2017-11-15
9ee712ec23f9b7f2d1ad95b3451d2b5d,924eb7ed0e1ef7939edf901f5e545bcd,delivered,2018-03-22 16:16:52,2018-03-22 17:08:38,2018-03-23 22:08:36,2018-04-05 15:42:46,2018-04-13,8c8bae6394c92acd447b6f7d37f7e334,2018-03-22
e3f0b99663affed1a7f0f74ae482f636,d5a2f8a83140f5aa55fe387fee50b21d,delivered,2018-04-14 17:33:43,2018-04-14 17:51:05,2018-04-17 19:12:30,2018-04-23 16:48:51,2018-05-09,2f21c411e845689275fd38b2d97816bd,2018-04-14
9901f27d2b1cf8df5d7c12241328b82a,3b874fd30ba09bb54aa334b904fcc9a7,delivered,2018-01-11 13:15:43,2018-01-11 13:29:17,2018-01-11 21:12:52,2018-01-24 18:27:44,2018-02-08,69d4bf9c091cc0b32cbf1fa0932d9a08,2018-01-11
1b694ef5b28d3e949a4f0ffeb2c9fcd6,cba12036a88407a37770dc8ab725de77,delivered,2017-01-05 13:43:17,2017-01-07 03:35:38,2017-01-11 16:08:55,2017-01-16 16:54:04,2017-02-13,d753459418d268407f19b64be28e3c5a,2017-01-05
a6194f2c90f8905dcf4e5fe2b8c5358b,87dc506182489f087f60de20dbe2958d,delivered,2017-02-04 20:46:59,2017-02-04 20:55:20,2017-02-06 13:11:10,2017-02-13 15:37:45,2017-03-03,c808dfc8dc47f5c879ddc2e613255ba6,2017-02-04
187c20e7849e29f8582a8945283a6f01,e17afd09a7415bfaea4762a63683b83e,delivered,2018-06-14 11:05:00,2018-06-14 11:23:27,2018-06-28 11:47:00,2018-07-03 17:12:23,2018-08-06,a543690444efab3e67eccab469b5e93a,2018-06-14
aa421b88c987dae351823253084dcbdf,a075c0b70aaef6aae7d29efa27a26949,delivered,2017-12-03 16:09:35,2017-12-05 16:21:24,2017-12-07 02:23:15,2017-12-18 20:03:48,2018-01-09,48a5d6bea58eb9af16214fb4dc9cb78c,2017-12-03
ddc18af6ae773bf05e10a4f26aaf0b33,2e2311a6dcfd6916130042e7f0793281,delivered,2018-06-25 20:24:55,2018-06-25 20:35:22,2018-06-26 08:05:00,2018-06-28 14:48:47,2018-07-16,d8e4ca38c656682917db130fa23e1ea9,2018-06-25
c05f69aec5059df07e7c310e6ac3bc5b,43218c5d54f4c9153db8f595821e7800,delivered,2018-04-09 16:14:21,2018-04-09 16:31:15,2018-04-12 17:26:27,2018-04-13 17:25:32,2018-04-23,a8c7a4ada12f540aee63befb54e78e6c,2018-04-09
03467d8a7741a3737d4e3ae45ebba94c,728c8233f4259c2252c6c35692079286,delivered,2018-05-14 15:36:23,2018-05-14 15:56:51,2018-05-15 13:50:00,2018-05-16 23:03:24,2018-05-22,3a1aed3a4ca113b4909b06889ecba01b,2018-05-14
893233a6a55e2f152d2088ab047ad4cc,cb34f0aa5dcd750ae8febaaa4b335614,delivered,2018-06-10 22:01:25,2018-06-10 22:17:45,2018-06-19 06:11:00,2018-06-22 16:03:06,2018-07-13,62b6a37c79d62189745d83b149604ef2,2018-06-10
225d6c38f3b55e64713038cbb2a7d357,9e65cbbe0b4f517550e04293b56818af,delivered,2018-03-13 10:27:41,2018-03-13 10:47:53,2018-03-14 17:12:23,2018-03-22 20:13:01,2018-04-09,3f6bfbf0a0cde14c8953261e92f7d9d2,2018-03-13
8afd9b152eb9ffdc3b17c6e3599136bc,9099f0a5364ef7f0e1504822df341f64,delivered,2017-10-11 10:07:26,2017-10-11 10:27:26,2017-10-11 20:52:15,2017-10-14 14:27:31,2017-10-24,6a914d9e01090c0917d10d51c344ec3b,2017-10-11
dc771d8720de3625596eb0b0fa043528,1ad0dece6980bfb8fa8c3264637b77d9,delivered,2017-11-14 15:30:58,2017-11-14 15:47:57,2017-11-22 15:52:21,2017-12-18 21:09:12,2017-12-12,9829beaaa12bacf208e129f2098913f7,2017-11-14
d2deb9270ebda7fd5dc5ff3b9a499a58,58abc50932d82c0d93a282ad8d47757f,delivered,2018-08-07 15:25:21,2018-08-07 15:35:16,2018-08-16 14:02:00,2018-08-21 17:06:43,2018-08-27,87a5aecdd3818fbf00225653db863e81,2018-08-07
6b2909c0acee3c3cd2b71bcc89e6a7df,b57a5ecb737d245afaf5bbcdd8e0375e,delivered,2017-10-06 17:20:15,2017-10-07 19:50:00,2017-10-09 18:47:43,2017-10-25 20:58:31,2017-11-07,515d3550e900372e765ad518fccee139,2017-10-06
cc24eeca0b974f0489000f9f0fd82ed4,4e561104b788c49620355100eb215054,delivered,2017-07-31 21:26:20,2017-07-31 21:45:12,2017-08-02 20:26:51,2017-08-17 15:56:34,2017-09-04,6fa6419bcefd27ea5180b5ae53b2d1e2,2017-07-31
e3bdef3908e4c6a22a657b3786f89d4d,3003e2cad13e2943dcfadd1cf73e418f,delivered,2017-11-29 23:41:08,2017-11-29 23:56:36,2017-12-08 19:41:52,2017-12-27 23:04:45,2018-01-05,10f8e23a5018a2819d2c90a473b8733b,2017-11-29
da9b0368caaa51411598bf0e91610d0a,c892abcf71d09bf32658f23ed1878b06,delivered,2018-07-29 10:17:29,2018-07-29 10:30:39,2018-07-31 12:46:00,2018-08-03 12:22:26,2018-08-20,32d866ef81d259783f355b5d5381a7c5,2018-07-29
749a31c1093994e39ecb4aef66a7aa3a,8283002ac9ca2ece392746190b152185,delivered,2017-01-27 11:57:43,2017-01-27 12:15:40,2017-01-27 16:30:24,2017-02-06 10:39:02,2017-03-09,45db875949ee3ef18fafdf817076165f,2017-01-27
e6717b6671df1d58c3f2435ec49eb74a,1353681b09bdb49c50b81bd023a2b3fa,delivered,2018-03-03 01:55:29,2018-03-03 02:13:20,2018-03-05 19:49:04,2018-03-06 21:41:42,2018-03-15,44ee631c38054bd3331b42db304a0bd5,2018-03-03
876c93b0a50c1fd2ad77f265d32de95e,325f5ae6a8e3170a943610ea545ad628,delivered,2018-07-04 17:45:29,2018-07-05 16:11:30,2018-07-05 13:06:00,2018-07-13 20:38:59,2018-08-06,464ead365df0b5db3915541c6286ddd1,2018-07-04
9447fa0766ef67494824cbbdc2d58bcf,f1cfb339a0421cf53198e968f35e87ee,delivered,2018-04-22 10:39:10,2018-04-24 18:12:09,2018-04-24 19:13:29,2018-04-27 20:42:28,2018-05-16,940dfa70f65363b04ab3442ad629f1fa,2018-04-22
490f30e8fa50cb3ef01058c9ab43048d,37710b7e3cc24bbf318f4c61a5079131,delivered,2017-09-22 22:39:25,2017-09-22 22:50:16,2017-09-25 19:29:08,2017-09-28 23:48:02,2017-10-16,693b3203dcd4cef5288c5fd8d53f0efe,2017-09-22
c2af11ae3f61ffc78a1997289b07d497,36c6a1e2e38bc30f8e25c2541de9bba7,delivered,2018-07-01 10:17:56,2018-07-01 10:30:30,2018-07-03 10:05:00,2018-07-06 14:04:39,2018-07-30,dc346a06c99541e0d240bb1bf0967009,2018-07-01
ed79f88a78631eade029d1edbbe02881,a771359904314a20cbab60684a525438,delivered,2017-02-02 16:32:28,2017-02-02 16:41:45,2017-02-03 13:50:36,2017-02-08 13:42:07,2017-03-01,cd0c31244f6e7bfc218a64144fdd47fe,2017-02-02
7b1219cc26d69c357880055b52d87960,64247d2cff9b9b98b452d6e42e7769f5,delivered,2017-07-26 03:26:16,2017-07-27 11:36:55,2017-07-28 15:33:57,2017-08-01 16:43:14,2017-08-15,b7487da3ab82621f736a450edcf16ed1,2017-07-26
d82b6e7da21a039639022ad9e9bc3e56,0124a56e33d9d3da6b8340d2153f60a5,delivered,2018-04-27 15:25:36,2018-05-01 05:15:16,2018-05-02 15:02:00,2018-05-07 13:59:01,2018-05-15,a055c63f6e34861892f05da20782859e,2018-04-27
ab4e9c7509c66adaea2fe37d7e1537c4,080dddcff1908969446b2a21dce2fc68,delivered,2018-07-24 23:00:46,2018-07-24 23:10:14,2018-07-31 15:50:00,2018-08-03 17:28:55,2018-08-15,0f09cdca721fc27f3db141488a6ba143,2018-07-24
af7c5cbf4bb52c9f686828ffe06a4f6e,9edc52a63f14b6e1d5377cdd3a5b5f6d,delivered,2018-02-24 09:27:13,2018-02-27 04:31:14,2018-02-28 22:19:09,2018-03-10 12:41:40,2018-03-13,c1bde6763b9bddba67ab058777cbeff5,2018-02-24
e2b52d5633f80b9a22dbc3d79ef5edaf,57386e783f5bd1e694932e6d3f5fe28f,delivered,2018-08-16 20:24:09,2018-08-16 20:35:17,2018-08-17 14:37:00,2018-08-20 23:28:48,2018-08-23,13cf6c6f8209db22fd3918920a4bb035,2018-08-16
8ed46f28f884bd76db1f8d95fc27a5f4,6e7901ae39eb9c64958a51ff4a025cfb,processing,2018-01-15 16:52:44,2018-01-17 11:30:51,,,2018-02-19,2d3078f318e1fc1b298a075146c4b920,2018-01-15
4a84e6f77b93de41193b2b792ff366ca,5d1fd4b4f9da66500dcb4587a5d285bb,delivered,2018-03-13 10:09:34,2018-03-13 10:27:58,2018-03-13 20:54:43,2018-03-19 21:43:44,2018-04-05,59256ff8388feafafdc297f868dea116,2018-03-13
9f6183228aa32e890cd753d3efab7178,7a79ee1f4b2b1e45b054ef61a44f706e,delivered,2017-03-16 13:46:58,2017-03-16 13:46:58,2017-03-17 11:07:00,2017-03-29 08:47:37,2017-04-04,06a247426fc77f880369ccb79779d3e1,2017-03-16
f99b507d95cd5bfaee408ab6cd51070d,a3ec2256ff70cc52f3cca6d8ca3018b9,delivered,2018-08-09 12:09:29,2018-08-10 03:15:17,2018-08-10 12:30:00,2018-08-14 00:48:35,2018-08-16,9fc1580c56a5ccaa1332219e3690873a,2018-08-09
0068468c453d28c8ef3fd089e50a5847,6460086b02eadee2bb54c83af13698b0,delivered,2017-11-24 22:25:25,2017-11-25 01:31:26,2017-11-27 23:42:46,2017-12-14 11:47:13,2017-12-20,051be26c01eaee2404f19132b80da15f,2017-11-24
ecac5badffe4c7227c7d6ac1a33fd6d5,988a8fc4119640064ed24abf747f2e75,delivered,2018-02-22 19:41:23,2018-02-22 19:55:25,2018-02-23 20:47:15,2018-03-09 16:54:26,2018-03-16,30a349a309e57800c2973d46206d536f,2018-02-22
6a1ef716317c7b4817987c723669c2a6,777a72b307f2edae29414b26e2d5e3a1,delivered,2017-09-04 09:09:04,2017-09-04 09:25:14,2017-09-04 22:06:32,2017-09-08 17:23:43,2017-09-22,4b0969f187d21ab38c38e52e6f4cdff1,2017-09-04
7de19ba743b2b9a77e6fbb5598ff0efe,4e8484e21601c3a1c41f0127ad68f0e5,delivered,2018-03-10 10:44:05,2018-03-10 11:08:20,2018-03-13 13:50:57,2018-04-03 11:19:08,2018-04-03,3b8645300e377086ef5940337b59461e,2018-03-10
0c8afaedb1f20b1655f3ff0d84b4424c,0dd059e02831e97c8e5b1895a62eb290,delivered,2017-06-17 11:31:34,2017-06-17 11:45:35,2017-06-19 21:35:30,2017-07-04 16:58:38,2017-07-18,4ed0d05aace22bfec857e1f442d05e93,2017-06-17
fb436a0beef49b493351afe287150239,fab1deb9a9ec207df528ba82a18d848a,delivered,2018-06-28 12:19:32,2018-06-28 12:35:12,2018-06-29 13:48:00,2018-07-06 14:38:53,2018-07-30,3bb047d7544883956fbd68250f64b63e,2018-06-28
2f4fd11540a5bce987fa7ca6204081e0,e997c13467c0068a2483d7472151fc31,delivered,2017-07-10 19:59:51,2017-07-11 20:05:31,2017-07-14 20:04:25,2017-07-17 18:32:20,2017-07-21,f299bbcc3c38fbc18e53fe0f68b85f77,2017-07-10
c90563355d52a60bbfc6fd4b5bdcffc3,d7ae20bcd9dd7181c46d59b6faad8eee,delivered,2017-06-19 12:35:34,2017-06-19 12:45:23,2017-06-19 17:06:45,2017-07-03 12:45:36,2017-07-13,0a8b00a623aff928bef1b8595f2d6f4b,2017-06-19
8e2180a4fcb4cc57d8e0737c95cd4d28,9e69321bb2e7f46db966e815d56ee6e8,delivered,2018-07-03 14:21:21,2018-07-05 16:33:00,2018-07-03 13:32:00,2018-07-06 19:06:36,2018-07-27,2d5be5b4d4a603856911a03bb0dc8d0f,2018-07-03
6487672c685e7eafe0bd9e9ce9aebcbf,f7de0b22b237293845178f2ef9680c88,delivered,2018-04-29 00:46:31,2018-05-01 05:13:55,2018-05-03 13:33:00,2018-05-10 16:52:41,2018-05-28,a1078f17f218a230637f395d06c1601f,2018-04-29
241c2b89490a7f6f12808716cd51c45c,df1ff2ee71213d4b45436b9112ef71ec,delivered,2017-11-26 23:03:58,2017-11-28 03:23:46,2017-11-29 20:44:53,2017-12-13 18:58:37,2018-01-02,89e01d672c0a04d18ed2cc070fbc842e,2017-11-26
a4946418011e1f65770b4521844416ab,04689d95f1fc4d3d189a3b0414fce031,delivered,2018-02-20 16:23:24,2018-02-22 02:10:47,2018-02-26 21:56:40,2018-03-14 19:48:47,2018-03-21,79c992b34800f7c200ac412a676e4808,2018-02-20
d28f2bc60aaf4da8d97ff1319fdffab4,91c6fb2b7b643426eb8f72f1a3e422d1,delivered,2018-03-15 22:00:27,2018-03-15 22:10:28,2018-03-16 20:42:03,2018-03-20 19:08:48,2018-03-28,04d5d81451e0a6378b103c143688ae23,2018-03-15
7c5ad6209d169012159b05d9eda4a289,5c7692342f6274ea532c8ac076e8388d,delivered,2017-04-15 20:59:16,2017-04-15 21:10:15,2017-04-17 10:18:31,2017-04-25 13:30:32,2017-05-10,62912fcd945d7056e8a36e704701fb30,2017-04-15
7a415e8280c3ae4d608481124c4f5d62,6dad401ac9c02f5effed0476a0ece1ab,delivered,2017-11-03 13:51:16,2017-11-03 14:10:31,2017-11-06 21:32:47,2017-11-14 20:22:20,2017-11-29,03ab83a91e0c343bb0d7aa605338a013,2017-11-03
7d70cb0ac6f54fed6851b5179404450f,91f62c811980850204103279573e5dee,delivered,2018-03-01 11:55:47,2018-03-01 12:10:14,2018-03-07 00:33:48,2018-04-11 20:46:45,2018-03-20,c4cb908cbfdfa2972a4c977804ea7d96,2018-03-01
9b21d7e7e61740911f0008fc81681e63,29bc624eea63e77997d35b670c739591,delivered,2018-06-16 18:41:11,2018-06-19 06:56:59,2018-06-19 09:24:00,2018-06-25 17:26:37,2018-07-12,1356e660fd3ad4184ff7ca0f87bb3c9a,2018-06-16
b158e6d2495bf87d530c40053f666e21,e6bc21b8da796e00b32386ba8ecd68f3,delivered,2017-02-19 12:11:31,2017-02-19 12:31:49,2017-02-21 13:08:05,2017-02-24 17:04:47,2017-04-04,6ed77fe77805800ef9aeb22d79a36e93,2017-02-19
9c06233aa4c2b2e8321660e552582c84,2c00c73a8bf9fbcd26a132141d560afe,delivered,2017-12-19 14:59:43,2017-12-19 16:10:20,2017-12-20 15:28:37,2017-12-26 19:52:09,2018-01-12,d4324c012f50de08153c745e1f15d49d,2017-12-19
25b62036b2db47025c3d61123d159c2d,7150d0f1bfb62dd56458083def100175,delivered,2017-07-15 18:25:00,2017-07-18 06:10:33,2017-07-19 16:29:47,2017-07-20 21:59:54,2017-08-03,da97ff40ce7401ab9256b6eedf97be49,2017-07-15
9ff266389e4ad0e51b289d25547ce0d2,56fcdaa6bce85adf9126aa398f9c2a5a,delivered,2017-06-19 20:32:37,2017-06-19 20:43:04,2017-06-20 14:59:28,2017-06-27 14:10:19,2017-06-30,d8b59facd6316f4be5419c99a2535b11,2017-06-19
f2efe29fe1cac4dcbb6f53f87735245b,d3c3f43010ff2e66b79e764980f34e09,delivered,2017-10-27 18:29:43,2017-10-28 02:50:37,2017-11-21 05:15:35,2017-11-24 23:09:27,2017-12-01,93d800caaef23e2c5b2312f3881a495e,2017-10-27
64eda3241f07453a9d8aeb85428c18c5,a22f32819804b087cea3366de1fe1ca4,delivered,2018-08-06 15:21:24,2018-08-06 15:35:17,2018-08-07 10:19:00,2018-08-13 16:51:36,2018-08-16,b2a5d37aba6778303014ae7e4bf48fc0,2018-08-06
3ce4038922670fead496aeae61a8a393,5da810af4515e4470379a90fcf246a15,delivered,2017-01-05 13:52:39,2017-01-07 03:44:23,2017-01-11 15:37:55,2017-01-16 14:04:35,2017-02-13,83e7958a94bd7f74a9414d8782f87628,2017-01-05
36963a629da6c57d926df8f37a9e63a9,8af8f7bb2179aaaf1bf8fdc58c02975c,delivered,2017-12-05 13:50:53,2017-12-06 02:39:35,2017-12-08 14:53:17,2017-12-21 21:27:42,2018-01-03,de86eb78e40dda1b58f5ce00b0487a76,2017-12-05
e54e607e26e54c418ed2948d6006282f,054ba5f19270e104f7cc58b2d0fe54c7,delivered,2018-03-14 11:13:46,2018-03-14 11:47:45,2018-03-14 23:58:37,2018-03-16 16:40:55,2018-04-02,a7a8cc6ccbed7b3b12ef94bba1083346,2018-03-14
4d5c40dd2064b768317b735200761708,2197ed0d8932555074a013fd4500738e,delivered,2018-05-08 22:31:33,2018-05-10 03:55:16,2018-05-10 14:06:00,2018-05-16 13:12:51,2018-05-25,48bfb3506457c02094f5e413d9df2c82,2018-05-08
af85e6e8c9f67f653b51429df7839001,b704f6bff2b0add361439bc7ff6891b9,delivered,2018-03-06 14:22:46,2018-03-06 14:35:46,2018-03-12 18:47:34,2018-04-18 00:54:22,2018-04-06,87c966979c823236e0d541e7618f12d1,2018-03-06
a4626ad7558acf9abc9358586c8bacaf,72a8c8c545a738708b9b28ba80f586f6,delivered,2017-12-01 11:52:41,2017-12-01 12:31:28,2017-12-07 20:23:10,2017-12-28 00:30:10,2017-12-29,b6f681a86e6082ece0517a91927ba389,2017-12-01
ae51637de4a4424c759ab8b2c4279310,7ba7d0e0202fc622e5b327fdb02434c0,delivered,2018-07-18 23:52:11,2018-07-19 00:05:32,2018-07-20 14:46:00,2018-07-24 17:49:58,2018-08-01,65a748c5afb0b42b618c8d992bcaba46,2018-07-18
9a22906fa846451c54fca825591c0577,731ab8b73356171649cb8ed97ee1c99f,delivered,2018-04-20 11:03:47,2018-04-20 11:15:16,2018-05-07 14:43:00,2018-05-11 12:08:54,2018-06-01,fff2ae16b99c6f3c785f0e052f2a9cfb,2018-04-20
17ae981255b9bbb1d37590db2402ab87,62083b197f7d21df53008776543873ba,delivered,2018-04-16 10:58:51,2018-04-16 11:11:31,2018-04-16 20:20:55,2018-04-17 11:32:34,2018-04-26,acf406034db7146f78d7ccc7cfdbda2a,2018-04-16
904122dde5546809eb8058e42e976ef1,79e685c7b24294ea3ef5043b2a5e2300,delivered,2018-03-24 09:59:59,2018-03-24 11:41:02,2018-03-27 23:54:44,2018-04-05 14:22:40,2018-04-18,d3e6520dde5fda9917fb56ffc3066d66,2018-03-24
e3329a89dc0bbed6dd9a3df80f452eb2,6eda8b6897009af449a490b86f154f42,delivered,2018-07-19 20:41:09,2018-07-19 20:55:27,2018-07-20 13:25:00,2018-07-27 14:52:38,2018-08-08,a3bb3325e941d17e99d834dab1490589,2018-07-19
1a329557d7819d901a3b2cd102417f30,fcd51fd65ebb925e95e4874aded9cabe,delivered,2018-03-04 10:44:52,2018-03-04 10:55:33,2018-03-05 17:17:22,2018-03-19 23:32:02,2018-03-29,ea27dc06e684b4edf42ed72359531272,2018-03-04
189b3afbf782ff8ab44477e006153155,9ec7a3fd9d3597aff2900e7a102f3653,delivered,2018-02-11 19:42:18,2018-02-11 20:20:19,2018-02-20 21:07:26,2018-03-05 15:52:32,2018-03-09,af41d14a0f72b9a90bcdab8522327370,2018-02-11
0651282cd5dd7e7103729d800b143334,bcdec9d721222854e2bca0c80c9980b3,delivered,2017-07-11 21:12:51,2017-07-11 21:45:12,2017-07-12 16:18:26,2017-07-25 19:27:55,2017-08-04,4c58e6c18d4e81fb9e6b6bd0adfb193b,2017-07-11
809502db5eb0c22781dbd4d0c3ffbac3,6b49b757233034eabd75e303968f8d62,delivered,2018-05-04 17:00:27,2018-05-04 17:10:27,2018-05-07 14:34:00,2018-05-14 13:54:22,2018-06-13,8f909f6be5ef828557c7be02d0624636,2018-05-04
522bab90fe99c54a1892e812870ce221,1846f6ff0a0cc9bee5306bae11fcb681,delivered,2017-06-06 10:23:53,2017-06-06 10:35:15,2017-06-07 14:56:45,2017-06-13 11:59:59,2017-06-27,c3db10f12ce959f2eafb254f169bac4d,2017-06-06
1c72f6c4fb7c7f004287761dd7fa32aa,17b0e9829728899569d2b8bee6a124d8,delivered,2017-02-09 21:56:57,2017-02-09 22:05:23,2017-02-10 11:24:22,2017-02-16 09:28:41,2017-03-10,768777b7676d673fb19bc4c0cf613d86,2017-02-09
0f91c3ff994b282ce8c7fed21df7c678,5a27d245f4b5f27d2c9d26494ddfbbfe,delivered,2017-11-30 21:12:55,2017-12-02 02:37:09,2017-12-05 16:18:57,2017-12-06 15:07:33,2017-12-18,77569b5bcee52c3324e71118b45e64e4,2017-11-30
8e44776431d64c356d997ac00b74fcb7,fd8cd2759780f318fc3f5b9856cad495,delivered,2017-11-14 11:28:24,2017-11-15 02:46:18,2017-11-16 18:04:55,2017-11-21 17:22:50,2017-12-06,83959d161ab0ce8892af509aa729d2c6,2017-11-14
e1e51d84ada825cd2396a682884d7c5c,cdca899d14be512725f07274e28cb584,delivered,2017-11-25 17:45:40,2017-11-25 17:54:39,2017-11-30 15:05:46,2017-12-05 18:32:48,2017-12-15,98e724d438a472dd271a3d0e5df0ca4f,2017-11-25
a78cdda0b536155a210b115c530b1964,c06176336d389d51bdf77d87e4da8f6d,processing,2017-05-22 13:41:03,2017-05-22 13:50:24,,,2017-06-21,c474aa6535920a61d59568be0ecfa4c2,2017-05-22
94d319613cd8c3813cf10449f6049e18,5d31ddffc029174e9dac6e1fdb4f75a7,delivered,2017-06-19 13:35:55,2017-06-19 13:50:08,2017-06-20 14:54:24,2017-06-27 15:19:41,2017-07-07,4232024117e4618d2cfdc07c30b5d3c7,2017-06-19
3b37c28e5a147931346414ca89db2978,244ff6bb69eb5abd32b5598bec40cc82,delivered,2017-07-12 16:29:12,2017-07-14 02:24:45,2017-07-14 20:25:26,2017-07-22 12:13:36,2017-08-01,59e1e2b60e539a256e9ae81b4d4ef2e8,2017-07-12
8d994f4a7b065361eaddea05bd528909,a70fd3823ab6ab1e61ed9d12694177c2,delivered,2017-05-02 23:32:01,2017-05-04 02:50:13,2017-05-12 10:17:53,2017-05-25 09:28:54,2017-06-02,615d331d1748782f9c2e1b15b859809b,2017-05-02
9a31fd9d697e9670777501f720773fd9,c0a4ca941f313300f1694f4ab73b3651,unavailable,2018-02-15 19:40:00,2018-02-17 03:47:14,,,2018-03-23,3ee2f03d9b420dd5b3f09c2df2d985c6,2018-02-15
4be5f1347b9a783d77d8a9f5af069886,79859d97de80e479995cf1353d51dabe,delivered,2018-02-21 21:18:37,2018-02-21 21:29:19,2018-02-26 21:25:04,2018-03-06 16:48:43,2018-03-16,7264d781197b2960cff73ad372d11a33,2018-02-21
073049331da5458f61598e5d221f4928,b223b44714378dd59b2e92910714f19e,delivered,2018-05-15 09:39:35,2018-05-15 11:31:37,2018-05-15 14:03:00,2018-05-22 18:12:07,2018-06-08,0af3c2351aa741ac5fb2a0415616dd7b,2018-05-15
c08dd05931abd8cb08aad3d31e39bfed,1ecb47d23dc8203cd101549966ee942b,canceled,2018-02-22 20:16:43,2018-02-22 20:28:50,,,2018-03-21,23a08414260ab2e277906e5a5851793b,2018-02-22
3e6bf80e5361b0fd113b9185bf09d8d0,e072b019a16fd3b5bb52d26359902a4b,delivered,2018-01-24 23:18:19,2018-01-24 23:32:45,2018-01-25 18:14:27,2018-02-05 23:11:36,2018-02-23,c478ecd8fb0b0214190cade050702547,2018-01-24
a9cabf6172d0b9bf7909cd1235499fa0,a12ac3fe0ed76458dba0379ffd5fa972,delivered,2017-04-24 21:52:20,2017-04-29 23:32:38,2017-05-11 11:51:07,2017-05-16 14:43:11,2017-05-17,091a9495963cef2bbb8d614c9a03721b,2017-04-24
33cb922ef5a6167e70184dafbf013670,87e15e07277a925bc1695689f2401711,delivered,2018-03-27 12:35:35,2018-03-27 13:07:27,2018-04-10 01:14:36,2018-04-12 19:28:25,2018-04-24,0d053be755ea34db8ec7d949c0829bfd,2018-03-27
b525cb89f39363a599eef15755cf73dd,0e820add2684b6f6b9c9deebb7fe5766,delivered,2017-10-15 19:10:32,2017-10-18 03:27:05,2017-10-19 17:30:03,2017-11-07 22:35:42,2017-11-09,fae2a48e34baa8141f11dfdcc4254aa2,2017-10-15
f52770381c11ff33137e243fc4e3a7af,eae76d09c9a029b49fc5643c30664ab0,invoiced,2018-01-15 17:37:28,2018-01-17 03:34:27,,,2018-02-06,c7828e5f63b694f09da3ac49d56b2bdd,2018-01-15
75a9fc924db699a13c8d6176c3b16a61,a4f28ed68b2f9af8945705a5b6a6703f,delivered,2018-06-13 12:48:42,2018-06-14 13:00:07,2018-06-15 07:47:00,2018-06-21 18:23:42,2018-07-05,104b15d37c662bd9e98eb83cd123f892,2018-06-13
2fecaf598801440c691c00e5f378d0b2,4838d27fe53346a026298cb930544e69,delivered,2017-12-11 18:34:11,2017-12-13 07:35:28,2017-12-15 15:08:59,2017-12-18 18:47:19,2017-12-28,d0b0c7ab61ab438c36b0c9249186f230,2017-12-11
9a768a8d504ada830b38d678f12d972e,c2947e56dc5c90920aacae61cca36845,delivered,2018-02-19 16:29:09,2018-02-19 16:50:35,2018-02-21 19:47:00,2018-02-23 23:17:34,2018-03-05,53ac52c7eaa14d5da5263cbb8ca1c77a,2018-02-19
8d3cd96a636e59a3a47b52cedd6e9bbd,433d2182c7ede2cd82ab34f10ba26e2e,delivered,2018-06-20 14:48:16,2018-06-20 15:19:11,2018-06-20 15:18:00,2018-06-26 23:51:00,2018-07-18,e1b3204295a244459bc842d95243df7a,2018-06-20
46725d773b27a905cf629f60fa30762e,2bb81ff61b4291a4a14f17a9132308ee,delivered,2017-11-17 19:55:32,2017-11-18 02:15:27,2017-11-20 20:22:10,2017-11-27 22:10:36,2017-12-08,712c4abfd9b054e7872aad2021a4aee3,2017-11-17
6ad8c6d48181888c8e70e7d65b0508d7,52795c832b0d1110c039ac511aa5e5f5,delivered,2018-07-12 20:02:32,2018-07-12 20:15:20,2018-07-18 13:36:00,2018-07-24 19:08:39,2018-08-03,f261a859b60c37ad31e4b1e43725e965,2018-07-12
a77696c7b42da1121205a92ddae7b5c7,93b888a330b974d20e5e75eecbb3c6d0,delivered,2018-08-10 12:09:09,2018-08-10 12:24:53,2018-08-13 14:52:00,2018-08-14 20:08:59,2018-08-23,91fb82fe3e8b269f82616f53f2a4a690,2018-08-10
96ba203b82627b53d6797d030b330274,0641f390b82e408dd226cd5e98327258,delivered,2018-03-20 09:16:50,2018-03-20 10:15:32,2018-03-21 19:06:36,2018-03-26 15:41:20,2018-04-06,685fe057427e2f584aadce80ca79dd98,2018-03-20
3a65b9bc5c2434a4c2675629a610d768,129a8d86ce85eb3406dcfa7d7dcfe22a,delivered,2018-04-03 15:38:25,2018-04-03 17:10:43,2018-04-05 00:17:43,2018-04-07 15:17:24,2018-04-13,3f3610be34c5b7beba50c3b6b0a63865,2018-04-03
42e548c44f26b8bd3f4d885fcb0d88a4,54f882decb40c19510992ac57e00287b,delivered,2018-07-18 17:59:22,2018-07-18 18:10:25,2018-07-19 11:48:00,2018-07-24 21:24:38,2018-08-06,d5418082502b96161acaf77d122762a4,2018-07-18
ce66c6a0f60005b066500b1e8f467071,3cf2fbdc84deff5c5921e29c63678c8b,delivered,2018-06-01 15:23:17,2018-06-02 11:11:10,2018-06-04 15:04:00,2018-06-08 20:02:55,2018-07-16,b6c54869679ca8297369269d3d85392d,2018-06-01
0f548bd29148ebc519d6495e37a284e1,015faf9ec36eccd957c0f2782aab09a4,delivered,2017-09-03 08:06:30,2017-09-03 08:25:50,2017-09-04 22:03:06,2017-09-08 16:26:55,2017-09-27,dce323533e45e74d215e0fe7fb114118,2017-09-03
de15fbaac5e9c765778cc4c6875f183d,93bd1798196b062dcad1fad2d80b6357,shipped,2018-03-28 16:46:18,2018-03-29 03:15:37,2018-03-29 19:58:57,,2018-04-20,ad84eb40bebc0b761bbef7edd1e28d93,2018-03-28
6f1a557c6045fc877a74713dd8a7399e,245b9846289a6fed5a08328a36122dc1,delivered,2017-04-22 10:16:29,2017-04-22 10:30:16,2017-04-25 11:06:49,2017-05-04 12:56:28,2017-05-15,64b7bea5aa47bc135dfff846a7b799b5,2017-04-22
445f70d8cd0cc47a45c806cf81e37b61,fc9a346aec07e5e6c9e6cd469aaba8a7,delivered,2017-10-22 09:26:08,2017-10-22 09:49:13,2017-10-23 19:25:44,2017-10-31 18:04:03,2017-11-13,a9aed79226d0b629c7c02c51d90ce406,2017-10-22
8c470b0e73454784ae5e97ffa3e6f7c3,9ddaf1f0a04405bffe435c1bc24be999,delivered,2017-12-28 16:36:34,2017-12-28 16:47:22,2017-12-29 17:22:44,2018-01-04 23:09:24,2018-01-30,2505afff10de77f349895b58780017ac,2017-12-28
93d8685fec4218f06bf202723dc1da52,3c71dc159116331b7643d296a921f725,invoiced,2017-02-21 21:17:48,2017-02-22 03:22:38,,,2017-03-22,dfb6c5f0a9757047b2b686bf88afac32,2017-02-21
b4b01ea85163a8eb27d0be6bec949731,eca416d9a985b904572b57b4f78fa863,delivered,2017-12-03 19:08:41,2017-12-03 19:18:20,2017-12-04 21:07:42,2017-12-21 22:23:25,2017-12-27,3d0fec9384669a8c09990be52ddeb363,2017-12-03
539087d16a54354cfd81aabbedbd7f63,4906273f1863aeb6e0da5908e33e8cb5,delivered,2018-02-21 11:12:57,2018-02-21 12:05:21,2018-02-23 23:33:50,2018-03-07 17:48:49,2018-03-22,f9b5d3c8bd2dc9c26ff00bde73171554,2018-02-21
2e233dded5d8af5e2baa5c1fca89a6c6,7f6cc609946a187554550e1a9192a46f,delivered,2017-12-06 14:37:35,2017-12-06 14:52:16,2017-12-20 18:59:29,2017-12-21 23:38:53,2018-01-04,35da9093ca6f1782bbad4b328e31f35f,2017-12-06
94072af7dce5862d93084c2494df0a38,19d69d5009cad1024fa24c7acfde2268,delivered,2018-05-01 11:07:25,2018-05-01 11:36:15,2018-05-03 16:38:00,2018-05-10 18:29:53,2018-05-28,92145f3d405e6497d83832c99190be5e,2018-05-01
04c377db9e026afed8d38404a910c00f,40f1bbcb789024d217509ad89d2dd556,delivered,2018-02-18 20:18:36,2018-02-18 20:30:31,2018-02-21 18:27:21,2018-03-07 18:06:38,2018-03-16,a3be48d3220bbae396f9e236e0dc0b94,2018-02-18
3461745647fb12cf7450b0ca1df45286,0c3f40c66cabb9f44ca7431b719f37b0,delivered,2017-12-01 20:06:02,2017-12-01 20:37:20,2017-12-06 21:27:40,2017-12-19 13:47:44,2017-12-29,66558281bfab454b13fe288d5dd79431,2017-12-01
864a3b34b4e9cf8921cb17c78cf790ee,9dfda6f4234eb2949a188f44d489990d,delivered,2017-11-26 20:40:05,2017-11-26 20:53:27,2017-11-30 00:03:11,2017-12-14 13:53:59,2017-12-18,d43c9a77c7348ba88fdcac7ee2f600f1,2017-11-26
6cc093e3a5432dd810b3160fd965e76c,6f836162d2517fa99d38d418188dbce6,delivered,2018-05-17 16:11:38,2018-05-18 02:14:28,2018-05-18 13:36:00,2018-05-28 19:21:51,2018-06-08,4bf6b77fe533c5b893f18e23d4591e06,2018-05-17
7349428ccc1c563f452b351a461aeb09,099d4294d899dbebe71857546475ddcd,delivered,2018-06-12 12:21:17,2018-06-12 12:44:24,2018-06-12 13:50:00,2018-06-20 16:32:55,2018-07-13,9425ec21c083ba315fb70db882c72de3,2018-06-12
062f0992a050330334749ffa530fa796,1f49021da1642fde361de30ee4f1c935,delivered,2017-01-27 16:55:48,2017-01-27 17:30:38,2017-01-30 08:27:48,2017-02-10 14:09:05,2017-03-17,ed5ef953c0941dc977aba367437e876c,2017-01-27
5325c0655c8fabfab6654453c2265397,e97e0db2765185fa3e186bb32344aa15,delivered,2018-04-29 14:47:21,2018-04-29 15:10:26,2018-05-11 15:36:00,2018-05-15 21:38:36,2018-05-22,4cd3b3326574121d1fa353711f5271ce,2018-04-29
ed618f64e1dcd86615595645269fc0f2,98633d385a625996e77868705db2169f,delivered,2017-02-12 21:47:21,2017-02-12 22:02:57,2017-02-13 15:40:51,2017-02-16 14:54:38,2017-03-14,7f35a871b3a7a11a8cec451cbda0edcb,2017-02-12
d7203e6dcc106b75d1515673a179c873,25de11a0b7d4652627ec27a1dcbf1dc8,delivered,2017-09-24 21:01:04,2017-09-24 21:15:09,2017-09-25 19:57:47,2017-09-28 18:18:59,2017-10-24,26126de5cc6659742c2c9352cf2bd0bc,2017-09-24
9bcb423a861c6d643c7ce87c0cf4c7c1,b6eb6daeacac75cd1cc29c5f95a9f538,delivered,2018-08-03 13:56:49,2018-08-03 14:10:14,2018-08-13 14:45:00,2018-08-16 23:52:34,2018-08-21,eea69b2b4f7272b279bd2e0e9b106132,2018-08-03
77d5d33e7905054cee0bdb3dbebe4f1c,b4b70674594bffa85de4fa07e9413a23,delivered,2018-01-13 14:28:16,2018-01-13 14:39:29,2018-01-16 20:27:08,2018-01-26 11:25:12,2018-02-05,8cd6f80d3c3994e2060d46ec07ff0b0a,2018-01-13
9dcd4c42eb5a67201aaeb894461bab83,34aa9b747ada10d1a37c7efd209f31d6,delivered,2017-11-12 10:46:57,2017-11-12 10:55:37,2017-11-14 16:18:59,2017-11-23 18:38:48,2017-12-12,1a84c1d89100cd72996805f917b7f8b7,2017-11-12
16b14bdbbefd9bb58e110074fca00bc5,583483c4d60ab300ed89f4c905bba728,delivered,2017-08-02 21:40:18,2017-08-04 02:30:22,2017-08-07 17:41:57,2017-08-10 16:43:41,2017-08-22,68c7baafa6c7f52df24fdd9c0e24318a,2017-08-02
052ef5dcbed8fd1d4d01ba597103168e,7972adc90c55b1426a19d090b47a8a1b,delivered,2017-11-12 00:03:36,2017-11-12 00:36:13,2017-11-14 16:15:57,2017-11-20 19:38:54,2017-12-05,85b6c5865aca52d3b5c320062ea16844,2017-11-12
98991dc034323e310fdd97b8af6064b0,85db3d57353cb12f8ccf1140ea473082,delivered,2018-05-08 12:12:30,2018-05-08 12:29:44,2018-05-09 10:13:00,2018-05-14 17:58:16,2018-05-22,6741fe058b7a7605920b9060b234294e,2018-05-08
9ab2cf8063bac26a51227f2ebe58a554,61999ea0577a957d34dfa9728c1ba783,delivered,2017-05-11 18:01:55,2017-05-11 18:15:22,2017-05-12 14:47:58,2017-05-24 09:39:34,2017-06-06,7abf56cce374378793ed6118bb4eb9d9,2017-05-11
8ba38eb02a4a3e3b991c454cff9c9f39,45974b86bbdb40023640776aaa340a5e,delivered,2018-05-25 23:56:57,2018-05-26 00:18:24,2018-05-28 15:12:00,2018-06-04 18:18:33,2018-06-28,2ab762d43195d0d50046acf0fba47b63,2018-05-25
bab00350f5ef0c26654bc8eb1b90ea9f,fff0f9fbcdf9cfe4d9328bd3a7af71d7,delivered,2018-02-17 12:21:28,2018-02-17 12:30:31,2018-02-27 22:35:12,2018-03-19 22:16:51,2018-03-23,0cb95f1e2d716b9f4cf002be8cee2d54,2018-02-17
43e917b2a146846aca9fd484d407e819,cdccde3af7d3ab7c161edc216aec8f95,delivered,2018-03-11 21:10:19,2018-03-11 21:30:28,2018-03-13 22:41:50,2018-04-07 14:36:39,2018-03-28,a6414521c285c6de50c80d471e701cc8,2018-03-11
3a04af7ae8cc442a2dad55dec73fb2e6,8c7e3a1391467f1e46bade4b8cb8484d,delivered,2017-09-27 08:25:17,2017-09-27 08:49:19,2017-09-29 09:50:57,2017-10-05 18:21:57,2017-10-24,d3a9179d0ae5adb03b33dd5b994bcbfa,2017-09-27
33a5adbe3c5999ca418351ca4cd8bbdc,b77e938de842c3d2122d4e36db72d743,delivered,2018-02-26 20:43:12,2018-02-27 22:35:32,2018-03-02 00:08:36,2018-03-29 18:22:11,2018-03-19,6ef4101366e4340921398ba91fff1426,2018-02-26
9c9373d4b368de80c20e6a2ca4a43904,ef09439e943cc62d43a77aa04f6da1ed,delivered,2018-08-11 21:25:19,2018-08-11 21:35:14,2018-08-13 15:03:00,2018-08-16 21:21:32,2018-08-22,818a2d3c7e0a5c52e2f301ea5d0c3dfa,2018-08-11
278eb11fd9e41e960e36e311d4249665,cf521179de3b4adb73fbcbf7fcb5128c,delivered,2018-08-11 19:12:19,2018-08-11 19:25:10,2018-08-13 21:31:00,2018-08-16 11:46:42,2018-08-21,14216b2399a7e51f50f7993f4449e55a,2018-08-11
99370b8fb4593d0cff3e39579b993dfc,a361e2434dabd79b7882cff0c9b7f418,delivered,2017-10-09 13:22:17,2017-10-09 13:35:23,2017-10-10 23:12:50,2017-10-18 01:22:20,2017-10-27,21c008a3391c524e97b5c6210503fc4a,2017-10-09
f9f6e986125412f95569a18406c749f0,6fa1e8de9cfd0b20e7328bce6789facc,delivered,2018-06-15 00:25:25,2018-06-15 00:58:11,2018-06-15 10:34:00,2018-07-02 23:42:00,2018-08-01,c3f6672cd1077b53bc02e04a6c339cf1,2018-06-15
032ba6b521e033ef4b05f4bbb4e30100,b72b72071e374566785cc845ec347345,delivered,2018-03-09 13:08:48,2018-03-09 13:28:37,2018-03-12 18:32:54,2018-04-04 01:04:51,2018-04-11,7bfee396a66328e0fb0a65b05149bc6d,2018-03-09
8b96bc34084e85c00077915a55fa93f7,92c291fb956084c69f94b7fedcac307a,delivered,2018-02-14 23:20:55,2018-02-16 07:50:47,2018-02-16 17:49:34,2018-02-17 15:58:59,2018-03-05,87e551ceb471a0b2977a429609896111,2018-02-14
c16b2f87363358424fc62869aa07cb97,30d611c4fea5d7d5b2881c107627cfd3,delivered,2018-05-14 20:50:00,2018-05-14 21:18:23,2018-05-15 13:14:00,2018-06-05 15:04:12,2018-06-08,2630ea4e594d6062cb74e47caefee52b,2018-05-14
7abe0cad12e4aec0091551e7153275d3,efb3b5c4e83dab1cc1a1d656d0dab1b2,delivered,2018-07-29 07:42:55,2018-07-30 08:31:30,2018-08-03 13:08:00,2018-08-16 17:42:07,2018-08-14,322b626c652eccf3b4f90768ed128ca0,2018-07-29
b1ff76b779af8040fa4c9f78afe180a9,f6ac4d64f4c7a9950486003b8bebb2bc,delivered,2017-06-19 12:32:21,2017-06-21 02:23:04,2017-06-26 08:59:54,2017-06-27 12:12:33,2017-06-30,59de1c72ff3794305a1495454f6a942d,2017-06-19
9e4490f14f9c72dc40d107d497fa7573,60631e57e82948629e88dc2599c8df8e,delivered,2017-03-22 15:56:01,2017-03-24 01:42:51,2017-03-24 16:03:38,2017-03-31 16:58:12,2017-04-10,ec8bfb07124220bfe4886f6206ecf2c6,2017-03-22
b5ec211e31904eeec6f1dfc6f18c2520,c74b0208ec9a9f9f9d1e578357439b0f,delivered,2017-12-02 15:55:49,2017-12-02 16:17:34,2017-12-11 20:42:35,2018-01-08 21:45:22,2018-01-02,bdb25a0cf8f2088a29ba40391cb318db,2017-12-02
84f72613dabd8b11141ae6e2710c413c,c5ad72b2f05ae78bf8e25ff9865d6e2f,delivered,2017-03-06 07:36:04,2017-03-06 07:50:10,2017-03-08 14:23:58,2017-03-10 10:23:37,2017-03-23,d10f3e7c372e6f22315cabf55de3bef3,2017-03-06
4094718231b77af3cc0b3916449a1704,2ac3946a9c8bf23c3734a24e4fc29044,delivered,2018-05-10 22:55:57,2018-05-10 23:11:09,2018-05-11 12:15:00,2018-05-14 20:58:32,2018-05-24,6b3fb51dde6540257d99d154d4b38538,2018-05-10
3ac0423d1e7e335f83c8fa3600ae47d7,90b628e6e1e90b38b06cde74092a0ced,delivered,2017-02-14 17:04:00,2017-02-15 17:10:12,2017-03-10 05:02:49,2017-03-29 18:53:09,2017-03-15,b5e04fc588d13ee10dd2257351fbb126,2017-02-14
ae2882361453fcb73c3b3fcca0eb9a62,b0792b7825124460d0e85e6b9ba0661d,delivered,2017-11-15 21:57:32,2017-11-15 22:11:51,2017-11-17 20:12:53,2017-11-28 20:24:03,2017-12-08,0826256ed52c3f1f89e3936cc77bf949,2017-11-15
c8f3878880e3fbd29d201ad4b47f9b81,cf30ec80d5f3e4331573ba20edc78f45,delivered,2017-10-06 01:07:15,2017-10-06 01:24:59,2017-10-06 20:08:57,2017-10-09 19:25:59,2017-10-30,79fc316fe1845a67f34f4c32f09ee0b7,2017-10-06
d6d81bd1355195a80011c4040eddd98a,618a7b555a9053cad4401a556694b649,delivered,2017-11-09 17:24:48,2017-11-10 03:28:04,2017-11-14 21:56:59,2017-11-23 17:53:47,2017-12-05,11667edab68cce830297e1d7eda76419,2017-11-09
b0459878e11dcfafd042b81083011548,594b34fd289ad46d208bbcf008762642,delivered,2018-03-02 17:38:17,2018-03-02 17:50:36,2018-03-05 22:21:58,2018-04-05 19:58:53,2018-03-20,6e809ceca510bd8e766cd26ed4f1190a,2018-03-02
b6adeda1430443497b0126dd0877e7c1,1c78a9d0b5bcf38712fb4465d10d83fa,delivered,2017-05-26 11:15:31,2017-05-26 11:25:13,2017-06-09 14:07:34,2017-06-14 14:44:03,2017-06-08,2467b4330b80b91a5b382507a756fcf9,2017-05-26
9b4115e477837d876755fb7982d10be6,eb99eaaa3f61bd19664639eaf9be9c7a,delivered,2017-11-30 16:11:39,2017-11-30 16:18:21,2017-12-05 21:41:27,2017-12-15 17:47:15,2017-12-28,5e46241a3cc0414d8ee0be4765689c3b,2017-11-30
8d41c947e6def3996090e6d5944bc669,ae5c17051567f23d9159d13e095a9440,delivered,2017-05-29 12:12:50,2017-05-29 12:25:44,2017-05-31 14:50:01,2017-06-05 10:32:45,2017-06-19,9b9af2948f285161ae71264fd641deaf,2017-05-29
ea63d003e45a23a57429b135d4595111,fd068bfce22569bae3f1829bffe0782d,delivered,2017-11-04 11:48:43,2017-11-07 07:30:47,2017-11-07 20:54:49,2017-11-08 23:04:24,2017-11-17,8f20174c2cc13c9646f0ddd675a6d36a,2017-11-04
59d30d600974ba0320ff55e66d6bc67f,f806090d1d5bd75e986ce533ab850086,delivered,2017-09-24 19:36:25,2017-09-26 03:28:19,2017-09-26 19:53:11,2017-10-03 21:22:41,2017-11-03,87fd4c29d1a743e041787bced432a5ba,2017-09-24
ba6a857fd86ca12d49fd79c0d354aa0e,598d3839f11db213a5be6bcb757bc3bc,delivered,2017-12-07 05:43:31,2017-12-07 05:52:24,2017-12-07 19:03:49,2017-12-20 19:29:20,2018-01-02,02e43e4f1b48cdb9dcfe8ca5d35aafd2,2017-12-07
2ac64848de25f6d3a625d04e3ba740ce,560dc36db8afa12a1eb66f16ebc91f69,delivered,2018-02-03 12:31:18,2018-02-05 11:30:07,2018-02-06 17:08:58,2018-02-20 21:23:07,2018-03-06,708072ae4a6e2b7479fa5aff6cd63385,2018-02-03
b1997cc3c923edc41f7077c64c6309be,5c5ef261a2d3c2bc6221ec5986bbb5f9,delivered,2018-06-07 15:52:19,2018-06-07 16:21:03,2018-06-08 09:58:00,2018-06-15 19:42:03,2018-07-11,c96990a8287af2833c29ec5c745ab315,2018-06-07
126da462f642d99483c0691ac474c783,160ac713dfef7d7f57a0f61d8a0df5b4,delivered,2017-01-27 12:54:57,2017-01-27 13:31:02,2017-01-27 13:48:14,2017-02-03 16:14:53,2017-03-02,6bc9bf98a4897e4c512e8bfe808fe584,2017-01-27
af209eb4f7a3bd965aced8fe559ccd3b,7bdc1d4c549246678e5b86ab4f8e3bc5,delivered,2017-09-09 20:06:48,2017-09-09 20:23:29,2017-09-12 22:32:25,2017-09-22 13:07:04,2017-09-28,e6b7e9c1ec4f3c5ac749bd4502bc81e5,2017-09-09
88fe6c8d13fac8f0541f004562843994,3c300c979203f90dbe68b3434e8f4dc0,delivered,2018-07-18 16:28:04,2018-07-18 16:35:24,2018-07-24 14:14:00,2018-07-28 01:51:56,2018-08-03,b9cfe50acdf5b86c64eb599a758a670e,2018-07-18
bbefeab68749f74e42e52dc3bea0a79e,393465ffb9011b6c69b7364328fd9044,delivered,2018-01-18 15:53:05,2018-01-18 16:16:18,2018-01-19 21:52:19,2018-01-23 15:31:29,2018-02-02,71a30604a7256237019e7665fceea825,2018-01-18
24d08d0facbf7421b1d443d2c5430341,245ac221698f99186462019eccbcf736,delivered,2017-11-30 13:30:59,2017-12-01 11:32:06,2017-12-01 19:22:41,2017-12-07 15:18:28,2018-01-04,7760fbf7927ee39e24c6031b0ec3520e,2017-11-30
d53f2f6c0bd9152936601ea9590e1840,a3f74d8df2b8fa6182979d531f71c2af,delivered,2017-05-17 00:39:35,2017-05-17 01:25:24,2017-05-18 08:37:47,2017-05-24 09:12:57,2017-06-19,97ca33e15bc2919a48198c927fb17605,2017-05-17
27ab6a5caefe5efccdf548c79bf54a25,dea102b8f8c56987c4c64f27a5f8dc5c,delivered,2017-06-23 13:56:25,2017-06-27 03:55:21,2017-06-27 08:59:20,2017-06-28 12:06:11,2017-07-13,e889a9b6375dec39fac5c3223b837d8d,2017-06-23
5913c96e255e41e1a9ed2fff46dfc552,c1b5229b87a52440b2c3eca86b14ef94,delivered,2018-08-10 20:58:54,2018-08-10 21:10:17,2018-08-16 16:42:00,2018-08-29 15:03:59,2018-09-06,9311bd6eee7140ace1c786fe87bb8b42,2018-08-10
60c2fd4bd6d23ab4fa7a910b61dac591,f50ad8aad42ad296a4604a07de96b236,delivered,2018-08-04 14:23:25,2018-08-04 14:35:16,2018-08-06 12:21:00,2018-08-09 00:51:16,2018-08-13,e0bfebe882e90e821daffcf74257b046,2018-08-04
2ac1684c63240e84f365eb4527972278,bd6487cd55e5619a07823b9f68f2feef,delivered,2017-11-25 01:23:17,2017-11-28 02:59:39,2017-11-30 21:42:14,2018-01-08 16:13:50,2017-12-22,7a8362692180df32b3d7454c8bb9ca4e,2017-11-25
fe451ba1809fbc234c68216803496d39,b809f3ddc7909525d24c851b9582cb47,delivered,2018-01-08 23:26:52,2018-01-08 23:36:21,2018-01-16 01:19:41,2018-02-06 19:39:49,2018-02-14,3269478cf5571a1cd731a9143d623b99,2018-01-08
dd38e6620e0995c23a9f4c9c71dbdc1d,adcb313ceaacab871bf8ff21a49108d6,delivered,2017-11-14 14:28:05,2017-11-14 14:47:52,2017-11-17 16:02:54,2017-11-21 17:21:40,2017-12-06,5a00ad17554a6fe2e8388399a4af97f0,2017-11-14
768a7c234c6cd1715bde13496e5cfc26,af638847a50c6199479a15a219e1fa53,delivered,2018-02-20 23:28:18,2018-02-20 23:35:34,2018-02-22 00:15:17,2018-03-05 17:15:46,2018-03-26,254715d2d4fcd2f53617fa21ef13a78c,2018-02-20
d86e65a13d3e7a90d876cb6b9064f1ac,2f68abf93405bd413b5007660467e113,delivered,2018-08-06 15:48:15,2018-08-06 16:04:46,2018-08-13 10:25:00,2018-08-15 01:18:35,2018-08-15,f69d38aa20836e5f4af31b007cd73783,2018-08-06
1394e025297d62db2c4e7b15df476489,5ccb7016717e893a8283c17feedf72ad,delivered,2017-10-31 11:39:47,2017-11-01 03:10:13,2017-11-01 21:13:40,2017-11-07 19:16:49,2017-11-14,22af8b2c3a6df328b8923999e7e0a1be,2017-10-31
c557060689aaaae43b1c0369e2a1e221,74d10546f9168d9187c25bbf83a29833,delivered,2017-11-20 10:59:16,2017-11-20 12:11:30,2017-11-21 12:38:47,2017-11-29 14:43:56,2017-12-07,8a700eb66034af4248cb2ddc4a90cb58,2017-11-20
d318b7f49be14ab25218a6914acc404a,a642a541c31931ec96b37ddef53a25c4,delivered,2018-08-05 18:05:28,2018-08-05 18:15:20,2018-08-06 14:50:00,2018-08-10 22:55:33,2018-08-21,f360d43ad956298defeae1768a758910,2018-08-05
9f152df03010e6512d7911ee3d51a2de,64d06911ac36740bc541f066981944e4,delivered,2017-12-01 10:05:53,2017-12-01 11:31:06,2017-12-05 19:22:12,2018-01-06 03:33:26,2018-01-02,d8bb7fd9a4b36e5f1d0d7f7dc9b66cca,2017-12-01
39f7f311dd99e8f71f8d16bda3c615ad,9f645fa658613288487fd65c3dc104ca,delivered,2017-04-05 12:52:30,2017-04-05 14:02:26,2017-04-06 13:01:06,2017-04-12 15:08:43,2017-04-28,4ef969bb2229773bec2139a27f2187f0,2017-04-05
06c04e62348d799e4c410955a5b5ac54,c1a9d5a084a721697ebe582112bb7537,delivered,2018-05-16 12:50:33,2018-05-16 13:20:11,2018-05-17 13:52:00,2018-05-22 20:49:29,2018-06-07,e9de41a8974e3969d3187ee355d72efe,2018-05-16
1bb21849ba48d381c52bcc9426f28051,f96b1ea5b94b1f78d8dfc90b9c79866e,delivered,2018-08-11 10:48:51,2018-08-11 11:04:38,2018-08-15 13:08:00,2018-08-20 15:12:03,2018-08-24,bc3aa59acf252c15891b32c8f76eebe2,2018-08-11
aef24fc9e8f2acb0fd975391c6be7ff5,10bbc2e28e8d9aada22254f4d45a9fd4,delivered,2018-06-09 19:33:06,2018-06-09 19:50:51,2018-06-11 14:08:00,2018-06-16 12:51:38,2018-06-29,571b56c7c9a85b39baef2250fae008b0,2018-06-09
afed0d88ec7753e7be8744bb66e860d1,b1253701171dfb298f52a221f824e45b,canceled,2018-08-02 15:23:07,,,,2018-08-20,788313d21c3507fe890921f6e17aa679,2018-08-02
ef9436d5d8ad55bb0f9dc670d8391ee8,17562a579c67ad790469c2670d668574,delivered,2017-11-28 18:39:39,2017-11-30 02:20:50,2017-12-01 15:53:59,2017-12-09 14:08:58,2017-12-27,77c66234038e6a6e1e683192898272a7,2017-11-28
7d9ccfd5b1183560523d8351e2e22aa2,4b6204272cd5f2e9c0b13cdb47fd3c8e,delivered,2017-09-19 23:01:38,2017-09-19 23:10:22,2017-09-20 19:47:49,2017-09-25 21:22:14,2017-10-11,ae747f0645998238d4c68d5f362a3e89,2017-09-19
f090de1b2ed9f4e251662cb31e3c7127,ab2b94cec822788e131f15e0033544cf,shipped,2017-02-22 10:10:52,2017-02-22 10:22:31,2017-02-23 18:47:51,,2017-03-23,5692cd1570356a05121efc3514c7a09e,2017-02-22
73d7cec3155fd7d97f4e7bd0c996002e,167f125b0d662c28bb27ee76de59b079,delivered,2018-02-07 09:02:12,2018-02-08 07:49:51,2018-02-08 23:44:45,2018-02-19 12:48:54,2018-03-08,17cc1f0ba0003f601c460f5e541cb040,2018-02-07
f29cc3f249ead9567a70f592ac61f051,dc6c74aedc9324030804b25fa1021b17,delivered,2018-06-27 12:45:26,2018-06-27 12:55:31,2018-06-28 14:13:00,2018-07-03 18:43:31,2018-07-23,6be824f2933ae5094244f962068ca531,2018-06-27
850d4ef35655e814bf267b10bbd03b3a,93b78af37ecea7e653b2f5dde69ed23a,delivered,2018-07-24 11:15:32,2018-07-24 12:00:07,2018-07-24 12:48:00,2018-08-01 00:58:32,2018-08-21,e3dcf8bc25b658078f7f4f415c5618c6,2018-07-24
2543c6a3c6b09c5f720768e3d6f464d8,6dd9ebe0e071f399326ed3c8ff74316a,delivered,2018-06-24 02:29:34,2018-06-24 02:57:20,2018-06-25 14:13:00,2018-07-03 17:51:30,2018-07-30,ab33626e986b0b747123232aa46bb614,2018-06-24
8bc4d5f37009b2f896e60ebbdef6993f,1cd89fa8c8e91231c0c1a15165f668df,delivered,2018-01-11 22:24:15,2018-01-11 22:31:35,2018-01-13 02:33:22,2018-01-22 16:42:42,2018-02-06,870c24ea3afaa6b9dd9b1dd0d12192ef,2018-01-11
5c71ea0184088e38bb96418275b4fef3,a57b48bc16792fa6094d5c839ca7d653,delivered,2018-03-23 06:58:55,2018-03-23 07:10:33,2018-03-23 20:26:24,2018-03-26 21:21:51,2018-04-05,082c9b50e9877ec875c0f6c14f68edf9,2018-03-23
c4c6ad1225b0e8f8c23aaf36a96431b7,1f7c9b36c4bfd9aa8a08226240efc406,delivered,2018-02-14 19:37:51,2018-02-14 19:50:29,2018-02-16 12:37:56,2018-03-15 15:40:34,2018-03-09,5a257ff7c89ca232969c9ab7ca083f48,2018-02-14
461b40d4fc35428f6d7f4df87ae2b5b5,2b3a8cb14fc68a1f8670ffe4e22065df,delivered,2017-08-15 22:00:18,2017-08-15 23:55:20,2017-08-16 22:10:09,2017-09-19 14:42:17,2017-09-06,72aef312ce554f78a2faa8632aff6f35,2017-08-15
11b5d728cf646933ec26e0457f67890d,8dea027e557eebfe8df6a9878b440468,delivered,2018-06-25 19:16:22,2018-06-25 19:42:07,2018-06-26 12:18:00,2018-06-29 18:46:47,2018-07-23,fd03c620d5d3c1e2ad99ae9067783a9f,2018-06-25
47f5956f0545ab50be4333cf70997aec,7c8ff94d316346a637130db994d25a38,delivered,2017-10-16 19:39:16,2017-10-17 04:25:07,2017-10-17 14:38:42,2017-10-30 20:36:53,2017-12-06,37f8e7062a53c1a0fca4f59f4c6b1429,2017-10-16
94726dd6ee359e6b201305165dac1d5b,f766d9a5d297c1426e53c4301ddfab23,delivered,2018-01-07 23:00:19,2018-01-09 07:16:39,2018-01-16 22:15:18,2018-01-22 16:10:06,2018-02-08,f2ff01221e7b70e1ec88aab9858b6acc,2018-01-07
704ee0cb53db0aa5d0912298dd0e0c16,c4d805caf1414578f8c018e436f2ae77,delivered,2018-02-05 12:46:57,2018-02-06 12:52:10,2018-02-06 22:05:03,2018-02-15 15:27:55,2018-03-01,2fcd33610ede9898f954daccccf41301,2018-02-05
d35cead7fec778d8d6d84650399972ed,0aa6cab885100eaf269905dc7e8f5b93,delivered,2017-05-13 18:49:33,2017-05-13 19:02:31,2017-05-18 11:17:47,2017-05-24 17:18:07,2017-06-02,1f913844457627bf215281a9214393be,2017-05-13
012248555cb0bf51df99199cef81d562,c1d8a080ff171328688530727dc4e026,delivered,2018-02-01 17:31:00,2018-02-01 17:52:56,2018-02-02 23:42:10,2018-02-17 18:39:08,2018-03-02,89efe7e4fae8f61f003241315a2a5f83,2018-02-01
f6d067206524168938aa5ef598260e4c,f70db3370240ee4cf3dc237b7527a1bd,delivered,2017-07-02 20:42:50,2017-07-02 20:55:15,2017-07-04 13:07:36,2017-07-05 15:06:48,2017-07-18,426d44d7c495e41dda1d9147a84128bb,2017-07-02
347bc8940faceaaebb95b13bd9f497b4,2512566f876344aa76171ff2fb134b98,delivered,2018-02-10 20:36:35,2018-02-10 20:50:27,2018-02-15 16:28:48,2018-02-23 23:17:08,2018-03-16,01440d8dea55a5d0ed27d26c41044761,2018-02-10
7040e508843c4a26cb6fe367c92ac095,30bf893018e91309b87a1beba9915f56,delivered,2018-05-05 19:51:16,2018-05-05 20:13:12,2018-05-09 13:28:00,2018-05-24 12:21:27,2018-05-30,1ba48b4d4efc54779417f549fc4f8a89,2018-05-05
4932f0177140a9a8b32264ac6f41ac5f,da60a83676f4f423d010e046d2e19638,delivered,2017-04-14 22:28:12,2017-04-14 22:42:13,2017-04-17 09:42:59,2017-04-30 08:15:54,2017-05-10,8d3b3afd63d7065ef1457c94351963b1,2017-04-14
50a58980b691ff7dee971df1e77476e6,dd92455fa493b7eeaa6a3369589cc4ae,delivered,2018-06-19 20:09:00,2018-06-19 20:38:30,2018-06-20 13:48:00,2018-06-27 16:08:56,2018-07-16,dd5dcd97a1011374351bc9a6bbad4a13,2018-06-19
4f10217309e749b2c974370ca1f4d36e,9f0cb6ef09f0c4373e8713cd9bbb7673,delivered,2018-05-29 16:52:37,2018-05-30 02:32:00,2018-06-05 08:32:00,2018-06-07 22:22:07,2018-07-03,a1c9d5f18c57605dfb3e72e34a835831,2018-05-29
c78339d47b843efc7ca04533d1848568,444d3e995b677340acd5c8785a4515dc,delivered,2018-04-11 23:14:26,2018-04-11 23:30:53,2018-04-12 21:38:42,2018-04-16 18:58:46,2018-05-07,f4d1502ace38b0df6f052a5544add9f4,2018-04-11
3ca618a967a369a20ac5f2c4e00e151a,3de47730f7553f17b3e7bf5ea4934eb6,delivered,2017-12-13 21:24:35,2017-12-15 21:16:29,2017-12-21 20:32:34,2017-12-28 12:54:00,2018-01-17,5a30802342302d5bcef2bade8d40d847,2017-12-13
ca7f087476abd2a0a52b29410dab0939,84004e88cd470bb72eb252f8c9553a66,delivered,2018-06-19 23:36:18,2018-06-19 23:59:45,2018-06-28 12:57:00,2018-07-03 16:38:59,2018-07-23,7dc4759985194b4dc3083428936a048f,2018-06-19
36e4e23cd12bdb0504acb89751e85bc8,a871b1ff77cfbc257daf33b34db71c76,delivered,2018-07-25 13:18:32,2018-07-26 09:15:15,2018-07-26 07:20:00,2018-08-17 19:29:36,2018-08-20,5081e3d11879158d4b56df368e9a4ae4,2018-07-25
87c8ac1de72a771acb26702730aba866,5910297023a3745d6c6f4e455e4ceed3,delivered,2017-04-02 18:18:34,2017-04-02 18:30:14,2017-04-04 15:09:43,2017-04-12 13:41:44,2017-04-27,bc12004c243db01e675e30cb2ba5d81a,2017-04-02
2f8d9d86fd227f6a31f766d1cc5ef2db,472b23eb25c3eded31d5b227dd6b8e1a,delivered,2017-11-19 21:47:02,2017-11-19 22:06:22,2017-11-22 17:02:13,2017-11-27 20:22:43,2017-12-12,74b90a2c4250b43e544e95d3b99b3c7e,2017-11-19
94f07507c9b68ea4fd0a02fdba2a6fdb,446e65f5cfcd5e9c1f61d1fd818f490e,delivered,2017-06-28 09:53:14,2017-06-30 02:50:13,2017-07-01 08:19:41,2017-07-13 20:03:46,2017-07-31,2fcaa344e0af54404f0fa0f02ef0d171,2017-06-28
aedce126de46f6e9cfc35a9083ac0c81,7ba7a7ead798304838e37ed1872dea66,delivered,2018-08-27 00:22:03,2018-08-27 00:35:09,2018-08-27 15:45:00,2018-08-30 01:51:41,2018-08-30,d4ed8c361e25c9de427a6360bdcb1633,2018-08-27
e7e3c259f44e9bca3fda8c9713ab2dcb,8f88e3417dcfb63db0105c0a02b1ee86,delivered,2018-05-15 21:41:14,2018-05-15 21:55:13,2018-05-16 11:20:00,2018-05-26 17:03:54,2018-06-06,a6e344df68bcbe39d32abd04bfb47872,2018-05-15
50ef6a06a587a4f97f8483946c692e70,f4c1daadf5d94cf9f1fa530df0992dea,delivered,2018-07-28 13:13:21,2018-07-30 18:31:23,2018-07-31 13:16:00,2018-08-03 19:11:55,2018-08-23,9388f972d450c2bd01da5f04b2c4e16e,2018-07-28
ce648a016d0547e13c8cf94449256982,3b591652b5b59d3e035281d4597a81e2,delivered,2017-08-07 16:33:59,2017-08-07 16:55:15,2017-08-08 13:10:25,2017-08-14 15:17:25,2017-08-29,c36acb527b8f2c464abd036b879f4ec8,2017-08-07
d07375cf3d3ef985a796fdf0b8e08f5d,b67aa5d466db9ba59c24d6bcf4dae6d3,delivered,2017-10-04 23:42:34,2017-10-04 23:56:13,2017-10-05 21:12:58,2017-10-11 18:13:22,2017-11-03,ad0cba407198d9fbf36c7e116b598951,2017-10-04
9488305b52042a978d3bf78cf94bcd54,562b21c5974cb8b0673cfe3729b68671,delivered,2018-05-09 10:35:30,2018-05-10 10:32:57,2018-05-14 14:33:00,2018-06-08 23:03:54,2018-06-18,dd69f24efd472cdcae01b58709c81fed,2018-05-09
4b18f35d97c3ba68a1034e92dce1a2e1,28894762f8e436444ad220a622378fc7,delivered,2017-08-21 19:15:48,2017-08-21 19:25:39,2017-08-23 16:41:52,2017-08-24 20:30:05,2017-09-01,9fbb9f39da9ccd87bf143cd0532c0164,2017-08-21
15614845be2c250c8015bf509fd31b7c,48e28caac1de5529aa5f4fd77b556d37,delivered,2018-05-04 21:40:35,2018-05-04 21:55:11,2018-05-07 14:44:00,2018-05-10 12:22:56,2018-05-22,e474e6a046d799de6c8283183845a35b,2018-05-04
68354b9bbb79df0863b0138440c9e1b1,c86f7c54e57bc83cdfcb2406c144f038,delivered,2018-06-25 10:02:54,2018-06-25 10:15:23,2018-06-26 08:02:00,2018-06-27 18:06:54,2018-07-12,5cdcf64f2091cc0e0fd58913e46d2ec4,2018-06-25
c785921c49242bfac499ee30c455154f,1234431d00a8ee163e2c58e7c699ff0c,delivered,2017-09-09 19:25:38,2017-09-12 04:45:38,2017-09-12 21:27:28,2017-09-29 13:10:18,2017-10-18,3e04d4a97b15031c0b6dc8ab7f574aee,2017-09-09
4b8343f1c0a8eaec620be378f9a580c0,dc0fe965592b8547fc22ddf2a96dceb7,delivered,2018-01-28 21:39:42,2018-01-28 21:58:08,2018-01-31 01:07:57,2018-03-01 01:09:37,2018-03-06,5fd1897927609de45b0f55739501d495,2018-01-28
f4a9268b9d93be241636096dc063596c,2fb24078c13d0689c1a6812d0e36295c,delivered,2018-06-19 19:37:00,2018-06-19 20:16:21,2018-06-20 13:34:00,2018-06-21 17:36:34,2018-06-29,2051da8c86950104ad66748a1024abb8,2018-06-19
bd948f34444b602f314108a393c1f49e,baa600e4d9d98a86bd334869aeb7cf49,delivered,2017-07-12 16:37:28,2017-07-12 16:45:14,2017-07-17 14:30:10,2017-07-25 19:12:30,2017-08-03,20e0f6a8e0b90737b43357fb0f23b891,2017-07-12
76aa9d78a4f1594dcb28d8eca7734469,06479157217d318eb931662aa26919da,delivered,2018-02-15 08:37:32,2018-02-15 08:50:23,2018-02-15 21:47:47,2018-02-16 21:40:05,2018-03-02,33d3a7661b75f97d260b3b0cf11deebb,2018-02-15
dd3346a58fc7d6db3cb6f403c325ead9,8b1b6d1842a05d2dc378dc957c69998f,unavailable,2018-01-21 19:04:45,2018-01-22 13:57:24,,,2018-02-06,a0b57d0e1a86f382d0711698fa8b1e91,2018-01-21
ebb499c608d356e59ebb827f62b25712,7a1cfeb806ebb04fca2103766f26e08e,delivered,2018-07-24 21:59:37,2018-07-26 03:24:27,2018-07-26 13:31:00,2018-07-30 15:07:05,2018-08-13,8317de63953f63f4accd39edf4ba3d53,2018-07-24
28d1591eef9b1432d512e34dc8b3a513,a3adb82d7e4a0657fd32f41e92610b59,delivered,2018-07-30 17:51:44,2018-07-30 18:30:44,2018-07-31 13:27:00,2018-08-02 01:21:37,2018-08-03,3d62cb4ed938c901e7d7761c8248ec5b,2018-07-30
7a92d4bffc8f086e16f610875cee431b,8c79d93dd3718c97f2f4133f77c631fe,delivered,2018-08-19 18:54:33,2018-08-21 04:55:38,2018-08-22 13:07:00,2018-08-27 14:59:46,2018-08-30,9c81fb013661831022ab938f6541c222,2018-08-19
7e8dc21f44e46302a51e046680bc6598,818b02531726186e24f2e19a6de1b712,delivered,2018-08-16 08:21:25,2018-08-17 03:31:01,2018-08-24 18:49:00,2018-08-27 16:20:57,2018-08-29,1fe5362a7ab826c7f5fb85a9568ce3c7,2018-08-16
7bbb2b4fd60b56329b20353470ec4080,5569bcb7a89df3b049ddcbdd4d4b8542,delivered,2017-10-28 19:15:46,2017-10-28 19:30:49,2017-11-07 20:42:02,2017-11-16 19:11:45,2017-11-23,08564688c8bc59a88d97ad3bdce2e250,2017-10-28
5515b7426241a23d6b10fa6d7a2ef720,a16a267baab51438c8d2bf09e1107105,delivered,2017-06-16 10:57:03,2017-06-16 11:05:19,2017-06-21 15:54:36,2017-06-28 16:22:24,2017-07-10,546cb072496e4554cd1357b50ecf1ae6,2017-06-16
e36b28a5ad1829210ce96af49823ed25,20135d2f49c4381eb1f49f54d8b04485,delivered,2017-10-03 21:48:26,2017-10-03 21:56:32,2017-10-05 19:53:19,2017-10-06 20:28:05,2017-10-19,111cf2cb48c29324c1f8043a40973776,2017-10-03
4ba6cf8c58812d65edc6a67cf37c4aeb,231db9149e36c4d25ca75472a9ea4335,delivered,2018-06-21 14:25:39,2018-06-22 02:37:00,2018-06-25 12:39:00,2018-06-29 21:21:30,2018-07-27,c3e86b957537fc853921574ffb577691,2018-06-21
e7bd3db8abefd00235d14df8ab86abef,8275d796d34ee8410db22bcdb29ab461,delivered,2017-06-26 17:09:45,2017-06-26 17:23:28,2017-06-27 13:10:08,2017-06-28 12:13:57,2017-07-10,1bf88b5610fdc3111101a70fcef1333c,2017-06-26
83f524dae71f9cada869247b753f2abb,b9609058c7950a7350e50f9b2d286bf9,delivered,2018-04-19 21:20:11,2018-04-20 07:51:29,2018-04-20 19:48:27,2018-04-30 23:28:29,2018-05-15,cbaed4b35cd01ca40c5aded2079726aa,2018-04-19
0e4ac54a7cda0d985d64f8cba6f963ba,8c9acc84819fd7854bc541472f3479ec,delivered,2017-02-05 23:17:55,2017-02-05 23:30:11,2017-02-08 05:34:59,2017-02-15 09:32:18,2017-03-17,2a7e25165f7f6c801c257906eaee4a0a,2017-02-05
20b7f7b396dbb6dab793709e4cd89aa3,749f8ac2121143cb343bc5b5767ee6e0,delivered,2017-11-24 17:09:59,2017-11-28 03:19:11,2017-11-28 23:36:51,2017-12-06 18:58:58,2018-01-04,c2246b793e4d6481044fe69ee7ed60d5,2017-11-24
b0af79ece367cf77bcdd30d4f824047f,6587753525bbc2a29ea190c160d0edc9,delivered,2017-11-27 18:01:20,2017-11-29 02:18:03,2017-12-04 23:18:48,2017-12-11 17:23:37,2017-12-20,d8a968bb7064b44f3d61d6eff4832764,2017-11-27
bed5dfd1b6d819c52dbcf83071564974,aeba26a885fca6d1c3de0808d6ab999a,delivered,2017-12-16 14:52:52,2017-12-16 15:10:32,2017-12-19 02:05:06,2017-12-20 21:49:10,2018-01-09,92fb5e50e19058aef8ee440eb63b108c,2017-12-16
50ef0803caecc37cffe206f09dbc70b3,3c80df07cebec87b189890f807670889,delivered,2018-07-16 23:53:40,2018-07-17 00:00:52,2018-07-17 13:33:00,2018-07-23 20:04:42,2018-08-14,38661635e75ebe64598035a2b7631275,2018-07-16
e3352388edfd888eea554ed3c10eaef0,22e3f291b6673ef19eb92086a28cdba9,delivered,2017-12-26 13:18:26,2017-12-26 13:28:43,2017-12-26 20:33:08,2017-12-27 16:51:50,2018-01-15,9a335725700f667da96f950193f7df56,2017-12-26
4d9c8dea9380270c4d8151980f6c579c,2f944f4db017e0ca821988940060dde1,delivered,2018-01-19 14:07:30,2018-01-19 14:17:19,2018-01-22 12:42:35,2018-02-02 02:38:30,2018-02-14,b55c4cbaa102fdce0375bc2a92ed4bf8,2018-01-19
dac240c372efa20977771d685d447ec2,2b120558238a9f500d9fd6b6b3e195ce,delivered,2017-12-05 16:09:22,2017-12-07 16:11:43,2017-12-11 22:23:44,2017-12-18 11:55:29,2017-12-28,db99289567e2c741bcc6efe55b30215d,2017-12-05
f05061f4489d31233011621bd07caaf6,c23fb1930af84487049b7d29429d618e,delivered,2017-11-12 19:24:09,2017-11-12 19:30:49,2017-11-14 21:42:13,2017-11-18 11:18:57,2017-12-01,d636304cb6c30df849e0bd370050660d,2017-11-12
a95d5d1b048f23c192de4e65c5041e57,7df7fc112c0aee69fef608e8def7ccdb,delivered,2018-02-04 21:24:24,2018-02-04 21:35:30,2018-02-07 16:21:37,2018-02-15 11:08:47,2018-03-01,b5e54a7270af9a89b13fffeb0c57137a,2018-02-04
31e16c0b68bf061881fbd1d124697dd4,95d33f6a49bb667c2cb2f9bb87e149c3,delivered,2018-03-07 22:23:50,2018-03-09 02:30:59,2018-03-15 15:51:52,2018-03-29 21:18:54,2018-04-03,1363c62de6c14f60355310d49546b720,2018-03-07
9837f6ffaeacce372cd038e4e634d870,ef353b90b93a47ea1e43e68eec8606c7,delivered,2017-11-23 18:36:14,2017-11-23 18:47:29,2017-11-29 01:48:46,2017-12-21 00:24:57,2017-12-19,c0f92054b870a4077638e6f155101184,2017-11-23
493f708b1e1209147ca4bea838be1148,2cabf0e9d78b9d2f8d6a79ba87f24366,delivered,2018-04-24 09:57:09,2018-04-24 18:14:06,2018-04-25 14:06:00,2018-05-04 01:19:12,2018-06-01,0dbc9ca0fb07d71b7414129833887901,2018-04-24
613c63ad0aab038e86c572a39cd06979,2700b52a720e8eae7acadeb2d429cc11,delivered,2017-07-19 07:57:55,2017-07-19 08:10:08,2017-07-24 21:26:41,2017-08-02 19:37:51,2017-08-17,ee8a9b1d79fd7cf8077ffd6613ce1eb1,2017-07-19
637b8707a779cf11512f479310e5751a,c58b1ad8b8cdbaecaea2e6c45385cdf2,delivered,2018-07-09 17:14:04,2018-07-10 12:25:11,2018-07-11 11:53:00,2018-07-17 18:28:37,2018-07-26,f45ff20176b28f1af7fe3e10eab1ce76,2018-07-09
7146225dc080fb528c5c9571a11feca5,cb07b073490cf298dff90b9df4fdc969,delivered,2017-12-15 18:35:32,2017-12-15 18:51:20,2017-12-19 21:52:18,2017-12-21 16:57:24,2018-01-12,2ba28f488c8538ba907973e7f264a993,2017-12-15
3d80d12c0beadfcdcf2b4df407112f3f,bdfdc2c56283f7efc3f5a170ca983ce1,delivered,2017-05-06 01:49:49,2017-05-07 19:01:54,2017-05-08 11:45:04,2017-05-16 14:19:01,2017-05-31,d607f1defbce29fb3a69ff5e2f9df99a,2017-05-06
a4ec07f740626256a023968312b84b02,daef7f39adab43b9c061c3845c9abeee,delivered,2018-04-10 10:22:55,2018-04-11 05:50:11,2018-04-12 00:22:04,2018-04-19 14:41:27,2018-05-03,a43c3d65e38c8f1d715c7703b93ff431,2018-04-10
86cd4fa4ff90b76544cfbe330c5da54b,d5105a198bd098a63ec6041cfb7c683a,delivered,2017-12-27 19:08:30,2017-12-29 02:09:07,2018-01-04 22:52:12,2018-01-10 19:33:02,2018-01-22,a376eea6ecea6b0d118026e785f8e448,2017-12-27
5e030812d8c91d9cc0bdf07298bbb612,44ac2f795d5c5ecfdfabe89cb214cdfc,delivered,2017-11-24 11:22:09,2017-11-24 13:18:39,2017-11-27 15:55:46,2017-12-06 21:33:03,2017-12-18,f56839656035e071bd0643d95baea825,2017-11-24
d75779e6c1a84594d2f0721948133e6e,80bfc87185a9c58d5cd94377c31e8d88,delivered,2018-08-20 19:26:55,2018-08-20 19:49:54,2018-08-22 08:07:00,2018-08-28 16:30:44,2018-09-03,38fb75ff8e5db1b3885a77beb1442f63,2018-08-20
b7afd3ff20d28b3d5ebb3b0f1d4c2ffb,765b16069f3a85853163fa38153e3d0d,delivered,2017-02-18 21:54:46,2017-02-18 22:10:11,2017-02-20 16:22:46,2017-03-04 08:32:45,2017-04-06,1b77043d0d00564da870f4a61b484289,2017-02-18
418c957162c86b348f44688790168fb2,c86b9d401a0061cb8eedd4bd55633b77,delivered,2018-04-08 16:34:57,2018-04-08 17:49:42,2018-04-09 22:28:53,2018-04-13 00:31:27,2018-04-27,3f0b6d51a8fc078d8a6220c46f0db258,2018-04-08
cf77a280bc82f1008e6cbf4c16435622,4da548782212b3ddcddfe9943f1534ce,delivered,2018-05-09 15:22:41,2018-05-09 15:37:06,2018-05-15 07:49:00,2018-06-05 01:18:45,2018-06-08,bc1a88c9855f9a001b88360e5c6fcb0f,2018-05-09
faddfb9dace8ba5f745e2d730123b885,c92840b450cdab90816c60a32d4d2529,delivered,2018-07-02 18:29:46,2018-07-02 18:50:19,2018-07-03 15:04:00,2018-07-09 18:29:35,2018-07-26,e3b95b3a21f997d5d3e88954f5ff074a,2018-07-02
65db02d220343c553ba9181f56127c50,cf7bf5f577c6b54ee6721190d706f1c3,delivered,2017-11-02 18:51:35,2017-11-02 19:35:22,2017-11-07 15:47:51,2017-11-14 09:57:36,2017-11-16,04e990f9e49b538e1752899ae51e1b12,2017-11-02
d133e52fb7806aa87cec35e47a1d06ce,7d6272716530fbc9fc863f9239c87467,delivered,2018-05-07 22:54:09,2018-05-07 23:12:32,2018-05-10 13:53:00,2018-05-11 23:47:04,2018-05-17,f3f5e4512e909ece8dd0e64eef84e895,2018-05-07
122f89bf1364c998d4a766ff07d87b9b,81ce1286e7a8b0caaa0bfcdf19f2ca1a,delivered,2017-12-29 16:56:38,2017-12-29 17:07:49,2018-01-02 16:37:33,2018-01-09 20:33:40,2018-01-31,a1dfa25f92898e4395034e94c1f64233,2017-12-29
63773910895f35751c9a1eb0ba5530c9,fc7d02fe1a8f694424b9028c6b098b42,delivered,2017-08-29 02:04:08,2017-08-30 02:04:15,2017-09-01 18:27:38,2017-09-12 19:27:55,2017-09-19,a915c8d4e27f573bb89c9bac9064290d,2017-08-29
38b40f7c313e9e6b08f38e7bce6d93fd,05a434eda7da9b83ae8633e96bcfb821,delivered,2017-07-29 05:50:54,2017-07-29 06:03:18,2017-08-03 17:07:35,2017-08-15 19:07:47,2017-09-14,63ef969c6b4283a7f0e9415db4cf5637,2017-07-29
7e4b03dd0033e5b679e258243d9df206,664c19a838d368c81b12d20087ae22b9,delivered,2017-08-30 12:28:36,2017-08-31 02:50:43,2017-08-31 21:12:47,2017-09-11 16:09:06,2017-09-20,346dce995fc6c92cd80e64c0bd69c651,2017-08-30
3dd5cc10816f5a16ed7d1c54e7d7549b,645e4bcb4b050ff31253516e363bf301,delivered,2017-11-23 16:57:51,2017-11-25 04:54:39,2017-11-27 21:45:21,2017-12-12 15:54:35,2017-12-20,126646ff7e983d825b46a004555996bc,2017-11-23
1daedabfc80ee1a5cee98761da016d8b,e93ae5839998dc27b7d5150889b9a2a0,delivered,2018-03-10 12:06:31,2018-03-10 12:30:30,2018-03-12 18:28:47,2018-03-20 22:12:45,2018-04-03,78abeed824086fc471d411295775e50d,2018-03-10
9d83ef2eae9001ced10bfc373722a184,0137f0a46fd3e941f09ead2566bd6408,delivered,2017-09-22 15:11:31,2017-09-22 15:29:09,2017-09-25 19:29:09,2017-10-02 22:27:35,2017-10-19,f8935f608ed11f06cec5ab977057511a,2017-09-22
66bc614bb924869b79b65d7f8077a385,d44ef3d822f991ab3ccdc429eee4d8c9,delivered,2018-01-29 17:47:27,2018-01-30 11:15:51,2018-01-30 22:16:48,2018-03-06 21:28:38,2018-03-01,2bbb58ae225973d1f65a18140cbf0c4e,2018-01-29
d5cf2633d9ecb6dba748bca164760855,ab195e144742dca0e61f2a3fcf95e333,delivered,2017-02-01 15:28:52,2017-02-01 15:41:41,2017-02-03 15:14:02,2017-02-07 17:53:26,2017-03-10,9c098084cf270ea6705b41b313a46e13,2017-02-01
f0ab754d500c0fe13432dea76cdb2aaf,b9b7291179ec5d0952af8830e4b22679,delivered,2018-01-05 19:49:49,2018-01-05 19:59:25,2018-01-08 16:30:04,2018-01-19 23:23:16,2018-02-01,25521199fe85b2127ab93c6101d7d0e5,2018-01-05
017b1d6881222283afdc50baf3dcb0d5,9f72cabf8e5ebc5743665846b05617a5,delivered,2018-03-06 22:33:02,2018-03-08 02:10:45,2018-03-08 22:12:37,2018-03-23 19:48:24,2018-03-23,cef52ebf681cedda55ba6ee34e288255,2018-03-06
bda0a601b915e77d4f2d40c927fdc931,b5daf9b3e18570d7591b7d855523169c,delivered,2017-08-25 12:30:31,2017-08-25 12:45:00,2017-08-29 17:06:23,2017-09-09 13:02:53,2017-09-25,7c06be1276c120b4ab54b7405e288316,2017-08-25
620133b0b32ccf5727e6c53ba3b0fb75,dfcd94e8493dc5b9551c733d5a5e89c3,delivered,2018-07-20 20:36:01,2018-07-20 20:45:16,2018-07-24 05:55:00,2018-07-28 00:37:27,2018-08-08,e1da8367281568594e24f24e7349d894,2018-07-20
3586033d33df96014cf815491f3e287a,3b690e29d184eefe257e78e2b0d70f11,delivered,2018-04-20 11:51:49,2018-04-24 17:22:33,2018-04-20 23:03:53,2018-04-26 13:10:54,2018-05-21,4360d7b930bb9c9d54496d51192ce496,2018-04-20
0b41129fd5aa1fc7c44db1eaee43862f,3b39dd485342227fd54dc310a7af6f81,delivered,2017-07-03 10:56:34,2017-07-03 11:05:14,2017-07-03 15:37:51,2017-07-06 14:12:37,2017-07-21,9225e300949648e8b223cf4ba9732f9b,2017-07-03
52cf38023b42cb0b26ced61e1a900c47,4cee3893b1b6c2163c3cb0d202ea8387,delivered,2018-02-15 16:13:46,2018-02-16 07:50:53,2018-02-16 21:07:34,2018-02-27 16:48:54,2018-02-23,ff7cedf1c43f85a024344bd55944cf57,2018-02-15
7ab220eedaceff45d6b2bfdad5292a96,1683fabd45e65880729fe5db964a2de7,delivered,2017-12-01 11:19:08,2017-12-01 12:31:28,2017-12-04 21:34:43,2017-12-07 23:18:41,2017-12-21,0be75d075756fd1b54cb2f7ebfcd6432,2017-12-01
4b8531adbebcd4cee2f85862c7827dee,43f4903d8905cb8f4d58ee79bd166e93,delivered,2018-03-24 19:12:33,2018-03-25 19:10:32,2018-03-27 23:28:57,2018-04-03 00:51:51,2018-04-06,226919c9835e427d6e2839519262f522,2018-03-24
0c1e49ce507979f2fb222498663ce653,16b2af5a3dda4ad1940daeb17536c5a8,delivered,2018-07-21 20:32:28,2018-07-21 20:44:06,2018-07-23 11:39:00,2018-07-31 17:12:20,2018-08-13,d35ff7e26bfdc97d1e57191f1438fcfd,2018-07-21
d5d4ca33b423849f8f7a0645d0919738,82b54b87bf10a0580ccafe3ddf1e41e5,delivered,2017-10-17 20:52:55,2017-10-17 21:06:40,2017-10-18 18:47:50,2017-10-20 14:37:53,2017-11-06,4872c9f7d17baafcf572c49c824bbca5,2017-10-17
5a06fc966a12b41bf401b344464fd4b1,eb8f99038409153c4002ef64ee501e6a,delivered,2017-12-30 08:19:59,2017-12-30 08:30:40,2018-01-03 01:34:47,2018-01-12 21:39:13,2018-01-30,2b8ca4df13bc29ec8d30a966480cd549,2017-12-30
ff977ea68e67d2606fdb5981ae3d9cc5,a9d5a9dcee2320062aec0152bebfd659,delivered,2018-05-18 20:10:59,2018-05-18 20:34:30,2018-05-21 15:19:00,2018-05-23 22:38:19,2018-06-04,68f3c54955a8b5c03e373fd3186247ba,2018-05-18
4ba11c42df14ce7bc9c996b10f0a2f52,7ee25966f1d104b0f1783a1a8f5ff65a,delivered,2017-04-23 00:16:56,2017-04-23 00:58:42,2017-04-24 10:19:12,2017-05-10 09:35:39,2017-05-11,6122e6de2a4873da6b60db157619cf51,2017-04-23
6f54e5fd939df1228bb8df39c2f1341e,f95b3c9f2f18db3d9e17cfdc0808d89d,delivered,2018-07-27 15:54:52,2018-07-27 22:45:13,2018-07-30 12:20:00,2018-08-06 16:32:27,2018-08-22,52f4ebc12e417cd48ca91c97050d47a3,2018-07-27
537716eaf03b0a1904be0663cbcdafa9,e8a7df4eee97cecb90adaff30ab1774d,delivered,2018-08-03 14:16:35,2018-08-03 14:30:19,2018-08-03 14:18:00,2018-08-14 21:51:45,2018-08-20,c7819760e70376028f519e3b57e6c441,2018-08-03
daee6281770c2306ab2b78d4fd38ef83,65abb78f4472a6e1b67e687709e00e0b,delivered,2018-02-13 21:49:01,2018-02-13 22:07:54,2018-02-19 14:56:53,2018-02-23 21:12:11,2018-03-01,827785deb77533c37ed16b24e394b753,2018-02-13
adb868b8d7d0bd7fa24ed186543075ca,a7887745b4931b400d449100859f0f7f,delivered,2017-07-20 23:39:40,2017-07-22 02:15:40,2017-07-25 22:11:35,2017-08-08 20:42:19,2017-08-16,440f0cf18bfc09d6c7d14efa81625f38,2017-07-20
de8a2818f7fe963e53d394e7848bc9b2,a96bbd5a034a4d3432fe8ea79dcc29e3,delivered,2017-11-24 10:23:57,2017-11-24 12:32:44,2017-11-27 12:44:07,2018-01-03 11:08:17,2017-12-26,5043aec566bc42fa5821379a790015f2,2017-11-24
497463bc831a82dc0db5cdbb85c3a33b,4619492b155e0aa14feba59ad43194b3,delivered,2017-12-22 12:59:18,2017-12-22 13:14:26,2018-01-03 20:37:13,2018-01-05 17:09:56,2018-01-12,2ad0e1e350690bdeb7acf5e159485cc6,2017-12-22
a5469a655af5c94c8a3724543bc8f73d,08551822a68f0b824cd0d92fe4a3264e,delivered,2018-07-20 15:50:47,2018-07-20 16:04:33,2018-07-23 11:28:00,2018-07-25 18:52:57,2018-07-30,7e69f0de32e5a4faa76241e5f728e9ba,2018-07-20
1a760f4fb7016db883f1d801994c557d,395806f68e98a2dfa5a4929a243fb666,delivered,2018-05-02 21:08:12,2018-05-02 21:35:25,2018-05-08 11:06:00,2018-05-14 18:42:07,2018-05-28,2f114fcd7b0cae0300394b2f1f912156,2018-05-02
c52439e463e5cd80125600ab8ee93344,e2e763654987a355699fe26e00edf776,delivered,2018-01-23 16:44:08,2018-01-23 17:02:19,2018-01-24 16:42:04,2018-02-05 18:37:05,2018-02-16,46746595e31bcb6d5baeb905b33e1a52,2018-01-23
93b68446f352031c3899ff57f76f0a68,e29679a0f9c46f3c88b77731fb9af798,delivered,2018-02-15 16:15:14,2018-02-15 16:26:48,2018-02-17 18:19:05,2018-03-02 19:53:13,2018-03-15,9267eee401886f5bc5e6d1bbac5afa18,2018-02-15
e3687275f870db015a3a0dac327be380,6f7e45d5976fd45505722178307f5ed4,delivered,2018-04-10 12:08:02,2018-04-10 12:30:05,2018-04-16 18:31:41,2018-04-25 18:25:32,2018-05-08,1526fce690df9265b9e0fcd4358e8f6d,2018-04-10
f5c44d261c4019b41901de79a7312376,ae0a9dcd50750841aa9a4f2d55d25bd1,delivered,2018-02-20 22:57:31,2018-02-20 23:10:25,2018-02-22 17:13:04,2018-03-02 22:24:42,2018-03-22,84ad78a3fddb6419b2c861c3fe8b9846,2018-02-20
cc2e56876c1e46ae38eb40eb187b23a9,f24774b99842246d43379d09c7ecec3b,delivered,2018-01-09 15:42:32,2018-01-09 16:32:22,2018-01-11 23:22:55,2018-01-15 14:22:54,2018-01-26,35b34e59aa2f70737f40f2bdf80077fc,2018-01-09
b4bc40a1e857b8ebe41c4ecb73594e58,006ba1709128094a7047a4fa349f9bc8,delivered,2017-11-13 15:09:43,2017-11-13 15:30:31,2017-11-20 15:22:06,2017-11-23 20:16:07,2017-12-08,44a575d55982c95a7f09b62c7702bddc,2017-11-13
e5660f4c411090251a0a154f085bbfe8,2a2ed8a860ff9b8c1da194b013ded085,delivered,2017-04-09 18:50:11,2017-04-09 19:02:06,2017-04-11 07:43:49,2017-05-01 11:43:39,2017-05-04,0fa5c2e0bbef2c74251ed448e9ca5b82,2017-04-09
c22f2d718da2e903bc885bb2fb0c7ae2,ce73ad60d4bfdb6196b9d6a058718394,delivered,2018-01-21 18:28:53,2018-01-22 13:56:34,2018-01-23 20:43:30,2018-02-02 14:52:56,2018-02-19,3cb53a06e3758a8ee23882c36d2c7ff0,2018-01-21
7c03bf6cda48e5312a9e4cfb0002f3b6,fcb0a07f3175199fbcbc0c2f848c2811,delivered,2018-07-05 09:43:06,2018-07-05 16:21:12,2018-07-05 12:45:00,2018-07-12 17:22:35,2018-07-30,a988373d0194f577c088cf2ca5bdffb3,2018-07-05
e15c6296371161f7eabd6ce8335b5b51,7f093a78d3d5e33e00e9708b3fa14bb5,delivered,2018-07-13 11:36:36,2018-07-14 02:45:09,2018-07-16 14:39:00,2018-07-26 22:22:49,2018-08-06,1fe990cccf38a264f1ace358f24093bd,2018-07-13
208f186df8ea1fa4fa3d2672752e9788,7d08f025c28db259763efb79171d7fbe,delivered,2017-09-06 11:17:54,2017-09-07 02:44:00,2017-09-12 19:32:18,2017-09-20 20:55:06,2017-09-27,b31a9f05df5545cbe16aedbe65e3c560,2017-09-06
605b6e2919387ca3cd0480e7d420320f,406077e82ba68e2146f90962425d7cd6,delivered,2018-06-06 11:18:32,2018-06-06 11:54:31,2018-06-06 13:06:00,2018-06-11 16:12:30,2018-07-13,260f3bae3d84019a16a88fe615d6e387,2018-06-06
b149acf7e57747cd966a1f1a11e98e05,a187d29dfe942335287dc88897ed265c,delivered,2018-04-25 07:26:29,2018-04-25 07:35:20,2018-04-25 19:05:00,2018-04-26 23:04:28,2018-05-04,34b0cd95480e55c2a701293a2b9671b3,2018-04-25
a81fe0bc00939872ea30dc8337874760,7384882dde7e4edad4bd21fd57d1e363,delivered,2017-11-13 23:55:37,2017-11-15 03:31:47,2017-11-17 18:38:51,2017-11-22 19:41:13,2017-12-01,f7f7c86a6751896d012ebbe10e3fc6f3,2017-11-13
9971209651bda86ae11c4d218eb2bf7d,21cd116b7cae7d238010be460710fec2,delivered,2018-08-10 15:37:46,2018-08-10 15:50:20,2018-08-13 14:14:00,2018-08-27 20:08:37,2018-08-21,d109203ef69759c74d39e62d4f98dec1,2018-08-10
ea6151036572e7eb2ba1a80c5741ebd4,b49c3657443b89877fab016b62896b52,delivered,2017-08-04 09:58:14,2017-08-04 10:10:16,2017-08-09 17:14:25,2017-08-23 19:12:37,2017-09-15,5ccd4f1e3a2de9f3f8eb2dfbc3372ee5,2017-08-04
063f19fae1eadbb92dc30d00b7cc870c,17ee8098eb758ef96941fb81b414b364,delivered,2018-08-08 16:57:41,2018-08-08 17:10:17,2018-08-14 10:09:00,2018-08-16 20:38:46,2018-08-20,588f37798f35abdb26cd348067e723cd,2018-08-08
3ad326992786e78625f29c15ef3f54f9,fe91c3d2184281904c90874406d0ef9a,delivered,2018-03-12 09:51:54,2018-03-12 10:15:52,2018-03-12 18:28:44,2018-03-26 17:36:59,2018-04-05,ae784c237da902ce5e52ff16974843bc,2018-03-12
9d0f89ac7841fe621cb103d22838fb80,166dc8b778e0013ca7609fe105b2cb5a,delivered,2018-05-12 23:13:36,2018-05-12 23:31:00,2018-05-16 13:24:00,2018-05-23 22:34:45,2018-05-28,7fd9ee86d702b868c1ef7d8500624117,2018-05-12
1d047c7ee1b2d2bdb743f1abdcd4ffaf,e60ed27d397c93cd0ba12eaf4f743f4c,delivered,2017-03-24 00:28:52,2017-03-24 01:23:13,2017-03-24 13:12:53,2017-03-28 19:09:44,2017-04-18,099ee03b7db3d811b6cdb15bb53fd005,2017-03-24
cffd5f25c5b79f9d24b419fdcf74befb,e7338cc8d627d7b7bd90a1ce591b8065,delivered,2018-08-13 10:27:56,2018-08-13 10:35:13,2018-08-14 15:26:00,2018-08-18 17:27:40,2018-08-27,45857d9c4458ae4730be86b0d73cc592,2018-08-13
788dadfe475fc16d5e7562f1a5fa8e82,2d6fc313e9b54c69f0e3145d19ec6894,delivered,2017-07-20 10:34:12,2017-07-20 10:45:21,2017-07-20 19:47:48,2017-07-27 18:47:30,2017-08-09,d6903bc66ac9ae94d0bec00ea5c39568,2017-07-20
c6c43db46b6e0f1df21c57ba798a5d37,c0eb6d17912b87745c2b3c7bb901e615,delivered,2018-05-14 20:04:56,2018-05-14 20:15:23,2018-05-15 15:40:00,2018-06-04 19:55:56,2018-06-11,315cf02fd1575037cf6af382062bc1fe,2018-05-14
14f4374a9f796595c2fd49a1adbf232e,6fb5180858ba58d6a2fdc535e5b3de88,delivered,2018-02-28 15:31:47,2018-02-28 15:50:04,2018-03-01 23:25:00,2018-03-03 14:46:48,2018-03-13,e58987f06269ac19e9659064ca7b9956,2018-02-28
18f0a12f1ab339b1e6b86a163e592d58,9a655b636ba5cf7434d7351673def007,delivered,2017-02-21 10:00:48,2017-02-21 10:10:19,2017-02-22 12:00:54,2017-02-24 09:59:04,2017-03-20,a65d33985d9ab5a095f75b75a99f68a1,2017-02-21
417f9f65f61787a7bec245c5e8c589dc,f2220e827c9230ec561dab611317a232,delivered,2017-07-04 20:46:07,2017-07-06 19:30:11,2017-07-07 20:19:47,2017-07-27 19:39:54,2017-07-27,56bbcf30b470277b4241528cb33bab2a,2017-07-04
8c93135c36e74aa3a33098f13b1e506e,95c616cdefcebf551b579a1a7dc51b2a,delivered,2017-12-09 19:37:31,2017-12-09 20:10:14,2017-12-13 17:15:36,2018-01-03 23:28:34,2018-01-08,20cbcc5bd6db8b17d7b024228a221e65,2017-12-09
e8ad0b1713c8caae74f6da945c60d9e8,7f499cd2dcbddbb1f9e2657f34a799ab,delivered,2017-03-26 19:42:31,2017-03-26 19:50:24,2017-03-27 14:43:59,2017-04-18 14:16:06,2017-04-27,c644c379a96ef9468f073699ae37a84b,2017-03-26
9bdf0443f07f3b2fcff74937bf1df6d2,ad70fdd2f7607ba28b93771be8f1ad1b,delivered,2018-07-26 13:19:27,2018-07-26 13:30:28,2018-08-01 15:01:00,2018-08-06 19:08:54,2018-08-09,4ed173a3d2d7d890124bc76f45316ac2,2018-07-26
952428c37d3485c8bda244a1fb2ae67a,d1b933e07f5326f19fc4be6e7c02e39e,delivered,2018-01-08 10:24:13,2018-01-08 10:32:34,2018-01-09 21:04:41,2018-01-20 13:42:31,2018-02-09,76618d6560887af4998f64283a07b513,2018-01-08
e1df7b6d5a2462a2b2e02725a97ffda2,ce2d1e6c59d5e30df0838b2e82b0438e,delivered,2017-12-08 11:54:46,2017-12-09 02:36:22,2017-12-12 18:27:41,2017-12-15 21:38:34,2017-12-27,c5cffecee40dae701a41b01157bd3f2a,2017-12-08
dddd0246e8f6c9ac3de26c2b11f53189,3ecfcd8fd99b1f37da0d103cc059f7f7,delivered,2018-06-23 20:29:23,2018-06-23 20:58:01,2018-06-25 14:24:00,2018-06-28 18:53:32,2018-07-16,b66351179bcd07e361c940fa535fcc9a,2018-06-23
bb68ace3e06362eec8e986719378ba29,51cac74ce6915363d1ea1c919362864b,delivered,2018-08-07 09:27:58,2018-08-07 09:35:16,2018-08-13 14:14:00,2018-08-27 13:29:49,2018-09-05,46ed8030155b00e9e89eb1cac2ac2272,2018-08-07
63271c4f926901533f34d374c4126952,1a554527a355fb6472f50446520db582,delivered,2018-07-22 09:18:49,2018-07-23 11:31:35,2018-07-23 11:27:00,2018-07-27 17:38:44,2018-08-09,c4e2475e00e1b2f1a420b39d13b3f208,2018-07-22
e475e7ce217d2a677451521dce3d35d2,bba9e2a97db97c59188ff59562b430a4,delivered,2017-11-26 16:42:44,2017-11-27 15:58:51,2017-12-01 21:07:12,2017-12-18 19:34:17,2017-12-19,8053c90bbda11a80a723178870ba4a89,2017-11-26
ec6c53fc2c05b76708b23286ba2d9357,93034a219e57f3dbd6ad0abf8eabb313,delivered,2018-07-27 18:45:54,2018-07-28 16:10:12,2018-08-01 17:33:00,2018-08-06 15:12:33,2018-08-10,5e77164a61e9dbe926ee2fcd302a275e,2018-07-27
5b7a9a3c182d3c773dfd622600c5d0a8,fb558f79a0f989fd6058c737dae26e6e,delivered,2018-06-07 23:20:23,2018-06-07 23:35:35,2018-06-08 10:48:00,2018-06-13 19:52:00,2018-07-04,3a6179e33b41aef79c76c59a5cf79859,2018-06-07
e8381c69d3a0e256ea822a48d79c0c5b,9c92a11e85a06c68a402b7c13c45c62c,delivered,2018-03-15 15:28:21,2018-03-15 15:49:33,2018-03-19 18:26:24,2018-03-20 19:53:11,2018-03-27,75ffa152d6cc2ce2cac5397f2d8a133b,2018-03-15
13730566c226932791980fea73d5a41f,6e8705f85c9f53976893a1450d426dc4,delivered,2018-04-09 23:06:36,2018-04-10 01:30:58,2018-04-10 19:07:47,2018-04-20 19:28:33,2018-05-04,df20979ffa738ba3e3c29f9663b59c4a,2018-04-09
f0496c5b6508ecfdf0af4c67896dda41,a9c2657d6325c3a16a14172b79188fb8,delivered,2017-10-18 00:50:36,2017-10-18 01:10:50,2017-10-18 18:33:38,2017-10-19 18:22:01,2017-10-30,f327bc8aeab6d061c4c573c7e7de7d17,2017-10-18
24da4d9782584b90078fc30af8df32ad,c3e4fa41a85a5253d97c36b9977e11ac,shipped,2017-06-12 17:10:28,2017-06-12 17:23:03,2017-06-13 14:08:24,,2017-06-26,f38e1ff8ae0bc1839bc426a244532c69,2017-06-12
dd8d541616639212eb325bc7d015350b,5d547edb8110d2bfeeedbd045491ac93,shipped,2018-05-16 13:03:16,2018-05-16 13:19:59,2018-05-18 10:43:00,,2018-06-25,7bfb4300feb2a2ad6bcfba76fca42493,2018-05-16
c21b52965ab8bbc3d27579c093386807,898f1c592071ac298eba3751bb0100ca,delivered,2018-03-31 18:56:46,2018-04-01 18:50:26,2018-04-04 22:22:14,2018-04-16 19:58:43,2018-04-26,2ac9a6cc35deffde6039785e5c81573e,2018-03-31
68dd7c23e8b6c1e5f3ad16be5dd4bdf6,175f8430de932f744f8eebc3c680915e,delivered,2018-08-27 22:59:03,2018-08-27 23:10:16,2018-08-28 13:30:00,2018-08-29 20:19:50,2018-08-30,41d57ab847e5ccbe403f46b07ee577d6,2018-08-27
92744b8bd0b36fe5d9b3ea74a6edf994,9b2a6499fe7345f6cca25d1dc822a0e2,delivered,2017-11-03 09:18:15,2017-11-04 09:15:32,2017-11-08 21:13:45,2017-11-13 22:33:14,2017-11-23,3219cc23b3383c61bec7205aa614e778,2017-11-03
3ea27e818dd373d6afff3fb13be4910d,50f3e14da4521222cdb1fc97205151c2,delivered,2018-08-06 13:48:39,2018-08-08 03:30:26,2018-08-08 15:40:00,2018-08-15 13:24:37,2018-08-16,67a04f9380f2caffbe3b233d8cca7604,2018-08-06
b266fc1224f5d4b3ea5c8ac9ffaec15e,fb10366b5cffb865f427f5a5960fe220,delivered,2018-07-04 23:17:21,2018-07-05 16:33:26,2018-07-09 13:12:00,2018-07-13 14:03:03,2018-08-02,c373ff22a7aa4f91a4cf85688e7b3f75,2018-07-04
04f1f7895e1f86444c5965be2d773cb3,7f53d69112b0f1181f9e4fcf45b0ee9a,delivered,2018-07-18 12:30:21,2018-07-18 12:42:07,2018-07-19 10:15:00,2018-07-24 17:39:15,2018-08-06,e2de515cdfbc762d89f6e5a72f0e2aaf,2018-07-18
dc7a419b3cd13b51c38ff9442dfd4009,f97a6d5dc5996ca93920dba521495117,canceled,2017-03-21 19:17:48,2017-03-21 19:17:48,,,2017-04-17,0fd296454baa751e3cf77a8fb1745725,2017-03-21
4ff9568983067986fb26a752b22004d9,589ddb2c9a626ccaabab732c9c313c74,delivered,2018-06-26 18:04:45,2018-06-26 18:18:44,2018-06-28 13:21:00,2018-07-05 12:16:54,2018-07-26,db759dea7d1db13c02978264a6d9bae0,2018-06-26
5b6c9104077ed7c867d2f785f33f5828,4e3294fea80154d4cec0c79bd8b8ffa8,delivered,2018-04-06 10:00:32,2018-04-06 17:11:43,2018-04-12 14:03:41,2018-04-18 19:48:31,2018-04-27,c81005fe917a352789ce9387376b04ed,2018-04-06
933cae52f81a96867c679e5251c0a7c5,49d707c4f8c279f291fa063f2d5cba89,delivered,2018-02-25 20:10:26,2018-02-25 20:27:45,2018-03-02 00:22:39,2018-03-03 15:23:11,2018-03-12,6e64dc929d62442c813375d68c4e0c2e,2018-02-25
ed697c56bd912fb0016d4a090aa10b2d,1543296f2174f93ccda002c8d0962ebd,delivered,2018-01-29 16:16:23,2018-01-29 16:36:59,2018-01-31 22:45:07,2018-02-06 20:53:41,2018-02-22,8cecf15f8c5e54a01067d86434735227,2018-01-29
bc4a35f20466a9b911b3b0847021e30f,31aea396cd3697686bfc89253ce1962a,delivered,2017-03-06 14:29:15,2017-03-06 14:45:10,2017-03-08 11:07:48,2017-03-15 17:57:52,2017-03-27,07a05e32fa86df604836b995f9335b59,2017-03-06
6a9220b640ac4965f3f64a46a1f340b8,9d6760bac5cc8c62418cc949a05bf660,delivered,2017-11-17 23:32:46,2017-11-17 23:46:14,2017-11-20 21:27:55,2017-12-06 00:08:38,2017-12-15,e38d9c5c8ccd7ea3200aa9a66378b5a0,2017-11-17
4c0b23f1eb4ada3320fb0393a2e14d44,27e4ff21e7e70a7bc3a179e8e3a44833,delivered,2018-05-07 15:24:51,2018-05-08 03:55:28,2018-05-10 15:33:00,2018-05-18 22:46:49,2018-05-24,c6045f53afca3e0afbdf8db95e7e1b96,2018-05-07
fbf096edf8034d915770443bb21bfad4,1a8552b5f5ee891178aecf797f750d6b,delivered,2017-04-17 20:55:31,2017-04-17 21:10:14,2017-04-24 11:52:11,2017-05-05 10:56:07,2017-05-16,f37322563863005595feada30537cac1,2017-04-17
238cc4ab4cd49aa28c33016beb865c3f,f446eeec63337d146dc8d6ac36c7c58a,delivered,2018-05-17 21:53:08,2018-05-18 04:35:51,2018-05-18 14:57:00,2018-06-01 22:28:32,2018-06-06,7ca3a08cd556fe6692e3b9c335f3251c,2018-05-17
6e4ee1e1cfdf990b9c37dd33df4b2bb5,0d231180261545b94c266d436ae206c0,delivered,2018-08-03 16:56:34,2018-08-03 17:10:19,2018-08-07 08:33:00,2018-08-14 16:13:35,2018-08-16,a62e217991e220e9550765182809c48c,2018-08-03
bf3381b72ab1dc63ee282883a9018a9d,e6981b02dc65b491362dffd03ac0f0e1,delivered,2018-02-17 13:07:36,2018-02-17 14:00:25,2018-02-19 23:42:38,2018-03-27 18:04:17,2018-03-12,5e43c9625b6743d2f97f99b4bf64d123,2018-02-17
833fbc971cf15276b9fa3a392f73b4e6,f5b6eb47984600410c9ca0513ae5d7ff,delivered,2017-05-02 10:28:05,2017-05-07 23:32:50,2017-05-17 13:16:56,2017-05-30 12:48:12,2017-06-09,7066312402e27e3081b027a465cf5860,2017-05-02
dd674328887ef6d0b5b56c06c29c594b,4612f4483ec767250038bdfc0c3954dd,delivered,2017-09-29 22:31:02,2017-09-30 11:35:20,2017-10-02 20:15:01,2017-10-05 21:10:18,2017-10-17,4b66c0726b75991c1ea3791913367fc7,2017-09-29
9a9fda5708990832a3a7c4e9114de0b0,04bf1a1d175bd70ee2c3e58b923f29ed,delivered,2018-02-11 11:05:14,2018-02-11 11:15:26,2018-02-15 18:14:39,2018-02-27 22:44:42,2018-03-13,6afbf8b1d0c7c75becfa17aaa5d91e96,2018-02-11
f7395c7c8462ede2d52c7005b11a8f04,e910096abac79ac52acbad422a6c5b75,delivered,2018-04-11 07:48:52,2018-04-11 09:29:26,2018-04-11 20:38:31,2018-04-12 21:19:06,2018-04-27,dc000425f80e1ac26c5ff1b2f2e277c8,2018-04-11
5ba242824fe39eba234565e3f8c174be,982a91ff4ad73e6b9d09bad86860d184,delivered,2018-06-16 14:25:02,2018-06-16 14:38:59,2018-06-18 10:02:00,2018-06-25 22:03:29,2018-07-13,973804558319d069370365fba324e716,2018-06-16
0ebf39cd91e6c7f650db30a438805518,961acbe75033495a32244daf91936d25,delivered,2018-02-07 17:16:33,2018-02-07 17:35:36,2018-02-09 01:34:09,2018-03-14 00:33:35,2018-03-05,7747c9ce7e0825f2effdde8d3f2f2e1e,2018-02-07
7e3f4cf36fc0f5c5b678d1df4acccb8d,75e645f4c54045f7a8d2c28dd10eb587,delivered,2017-05-19 14:32:35,2017-05-20 04:22:48,2017-05-25 10:16:41,2017-06-08 17:09:27,2017-06-14,0ec8a2bcaa8e0b1ca282f7baf9d89513,2017-05-19
d75ef81f53c32c4f5857799a077a609f,6a5cc73969417c729aca1d3de85f4335,delivered,2018-08-09 18:01:20,2018-08-09 18:10:23,2018-08-10 14:55:00,2018-08-11 15:33:34,2018-08-15,78902223d7e2346c32ec70c7d2a9a164,2018-08-09
aad4cc3a0a8f37c519c7d72ea429c11d,6fd61b91ee774187723f8ab0077f1570,delivered,2018-05-16 12:41:05,2018-05-16 12:55:25,2018-05-16 16:19:00,2018-05-22 15:58:35,2018-06-11,0f41969b0c37aeb078908b19b828fbef,2018-05-16
e0ad0779328f1dbbeaa5f2ae58ca67d1,d2ae704f9d199bd4f701a59c5f7bb914,delivered,2017-11-23 13:36:00,2017-11-23 13:48:59,2017-11-24 21:56:29,2017-11-26 16:49:57,2017-12-08,de86efebaba5ac81ff6b32d9a55654ff,2017-11-23
0d74a4953206657c77bf6952c432809b,af5a08cfd606f40b7ecc0a4bf9f102db,delivered,2017-03-21 16:21:18,2017-03-21 16:21:18,2017-03-22 15:28:46,2017-03-29 17:57:57,2017-04-13,6cd05bd08c68b5215b59a54b9d274af3,2017-03-21
c0ebb2411df290b3d4e15a8409f419b2,417157086f4579206e8054d39cdc213a,delivered,2018-07-05 19:35:13,2018-07-05 19:52:22,2018-07-06 10:09:00,2018-07-13 20:08:41,2018-07-27,2cd6628c58cae6cfbc52dc52ed9f24a6,2018-07-05
f28b59f3a9d27b5a7ea86d0ede1b99d0,87037d2b655157357338785bb1d20e07,delivered,2017-09-27 12:37:49,2017-09-27 12:49:47,2017-09-29 17:41:40,2017-10-02 20:24:56,2017-10-19,d755847d9fc52accecf07132250da409,2017-09-27
e8b1509679b2b25a892ef27e75bf6ee2,22147b7268a3d11683446796593a24c7,delivered,2018-02-02 23:31:10,2018-02-03 01:31:24,2018-02-06 20:12:22,2018-02-21 16:37:50,2018-03-07,e3d83874a3da1f2b663c152632b734eb,2018-02-02
96d79140e31422ba9f8f990f4ed1addb,40edab5896ae543391de7bae5844fcfc,delivered,2017-11-26 15:45:16,2017-11-26 15:54:58,2017-11-29 17:33:14,2017-12-16 19:34:43,2017-12-19,3121ab94c8521f3dd674239524b337b4,2017-11-26
7fe55ddc45e39704cbd15147aba7b23f,5742df8f8d0c8db463550979a097b71b,delivered,2018-06-23 22:04:53,2018-06-23 22:18:46,2018-06-26 09:28:00,2018-07-05 16:21:38,2018-07-31,495387e14ed7bcb7f9426c86970c007a,2018-06-23
09e0732990558bc7eb24650cd444d8fb,dc8b16ce0696ed593281c1fad09ca07b,delivered,2017-08-10 00:44:38,2017-08-11 04:25:07,2017-08-11 21:15:26,2017-08-25 14:10:39,2017-09-12,889609c6f8182b1814483044b58bb0b7,2017-08-10
e87fe257e39252f5ed241bcb6222d2f7,619786d432210e74c96960702feae513,delivered,2017-07-14 13:32:08,2017-07-14 13:45:18,2017-07-18 11:49:46,2017-07-25 21:44:06,2017-08-07,89fc88eb69c9a0b0f71febf7c7495ecb,2017-07-14
296e1020c48c85d07b3fb22436e3e65b,2e13a3c09098f24694fdeeeea8015f1e,delivered,2017-10-16 15:05:28,2017-10-17 15:14:22,2017-10-18 18:43:57,2017-11-17 20:54:43,2017-11-17,1a2d5c1632c5aa94b031754125655c1d,2017-10-16
620f88e1cad4c60e7f3cc29d682e7eb9,e89e8c6a46f7f4a750d221ba1ccc012d,delivered,2017-04-07 04:31:15,2017-04-07 04:42:55,2017-04-07 13:19:25,2017-04-17 15:10:12,2017-05-03,de86048ae4dbc33a13f5f3898ab56fe0,2017-04-07
3e65f930729bc14824ce41dc1e8084d1,bbd2d195aa7eaf73da52f0095c5c1fe7,delivered,2017-07-11 09:55:09,2017-07-11 10:10:15,2017-07-12 19:04:01,2017-07-21 20:03:21,2017-08-09,5ad31e19d737a51f803e6986bbd119ff,2017-07-11
d5bb9d038d2a63cbd482acc8b1e5941f,d84e7210215ea4e41afc01709a2a9124,delivered,2018-02-02 10:53:35,2018-02-03 02:52:44,2018-02-06 14:28:02,2018-02-17 13:13:11,2018-03-02,1ccd4d08c7d4d9bc6ceb426ee6f7acee,2018-02-02
c5867ba83301a6a2d75eeed567fe23da,2f2c18d352ee8b3373c6fba9b7a78e4d,delivered,2017-11-24 23:52:05,2017-11-25 02:37:20,2017-11-28 17:27:36,2017-12-04 22:52:04,2017-12-14,4caa3cab5f94e58575a93a3891eb2f34,2017-11-24
90c76224c097ab3cc738957b2c204bb0,8f642dc505534b7a7908391f62d926e5,delivered,2018-01-07 23:50:53,2018-01-08 00:07:32,2018-01-09 11:53:57,2018-02-08 19:16:41,2018-02-15,aec5afe3f89725a9ce5f4587f8c2d6b8,2018-01-07
00cee8a4dbb042385cbbd84699e78b2e,450a869eb52446baa38f4beeecbc5843,delivered,2018-07-20 04:13:54,2018-07-20 04:25:10,2018-07-24 14:46:00,2018-07-25 17:21:09,2018-08-01,013ef03e0f3f408dd9bf555e4edcdc0a,2018-07-20
d2ac7fd0a36bf75505317960ab81748d,77e42141a294db586871c03ce0d9591c,delivered,2018-03-11 16:52:50,2018-03-11 17:10:32,2018-03-13 19:42:47,2018-03-22 13:50:49,2018-03-28,00bc6cf36e50f21a8478d86721c07aa5,2018-03-11
2edbc93b3992472ccbcb8d52b57fc375,dad91823e2eeed77b5d7972cc652440b,delivered,2017-09-19 22:31:50,2017-09-19 22:44:10,2017-09-21 18:13:50,2017-09-28 20:00:13,2017-10-26,1e4aa75c8f0f36fe9acf13bc9d9a7620,2017-09-19
d274c6fec283184db0a84729351bf6cc,976def33b41838395939fe28ca651b37,delivered,2018-05-10 22:37:13,2018-05-11 22:32:14,2018-05-15 14:27:00,2018-05-22 21:34:46,2018-06-20,7608e43d277f4b8c8d0e5756f6ea019e,2018-05-10
9e9f909cd250058d062bb2b0b0161c92,e15a69da6ddca9fc7bf178c28f529529,delivered,2017-07-02 15:37:04,2017-07-04 04:30:13,2017-07-04 10:09:49,2017-07-13 17:36:01,2017-08-01,55fd57195ae0bd2ecf368bbc4be6ad96,2017-07-02
785e8c8436f4631d009d208dd380b200,48e0af4eb65ad95cd0f6235295d56b74,delivered,2017-11-26 23:00:00,2017-11-26 23:13:21,2017-11-27 20:52:00,2017-12-04 22:52:15,2017-12-20,d38f1d8959db62f6ac6b940b6639ba64,2017-11-26
9099e5808d892fd34523293254ddb621,680e474bcf01429746b374d2166f3b7b,delivered,2018-03-08 17:48:23,2018-03-08 18:09:14,2018-03-09 20:28:29,2018-03-29 14:48:53,2018-04-13,f8e4631117f9db214b5366a49e793b9f,2018-03-08
14b1311682489866d9a6b5c6dbc0372f,a7ca11bb456bde34525e2c9049530c8e,delivered,2018-07-26 17:18:19,2018-07-26 17:30:12,2018-07-27 10:43:00,2018-08-03 19:12:25,2018-08-14,ec4a487ef4b548924b589a37beb39a3c,2018-07-26
2f336c3bd8fa1208e968bb0601eb8b92,d35b53d23b85638c39dd9d4e6a51f36a,delivered,2017-06-05 14:20:36,2017-06-05 14:35:20,2017-06-06 09:06:46,2017-06-07 16:26:24,2017-06-19,cf884c75a00eb3b8c5d4337cf91aef46,2017-06-05
c8f50df8a3e4fc40685c137dd2253eac,7e468d618e16c6e1373fb2c4a522c969,delivered,2017-02-13 07:34:18,2017-02-13 07:45:15,2017-02-13 11:11:01,2017-02-25 08:37:56,2017-03-16,96b1c916f245f2462efcde3fce04bc3e,2017-02-13
c65d7f18a62db6a4aee08e5d0d24f84d,a051bfa54366e22e1e0df328c1999bfc,delivered,2017-11-24 01:24:10,2017-11-24 01:30:48,2017-11-24 16:17:56,2017-11-30 22:59:56,2017-12-26,3ea1c0d5c92973751f10c90168fb2f52,2017-11-24
4797c6132f890b44c782e3e3518b68ae,9710a62796371a259147ea4602ddcab3,delivered,2018-07-24 19:54:23,2018-07-24 20:05:12,2018-07-25 14:37:00,2018-07-26 14:36:32,2018-08-02,51b9998a5df837d92472edf44387f16e,2018-07-24
f7c35f451e9f3f28c25c4cb36097b2d2,377fa3ff17985925de03df7dcd0a0579,delivered,2017-08-19 12:26:20,2017-08-19 12:44:54,2017-08-21 18:22:55,2017-09-01 22:05:16,2017-09-26,a13b330f835320fb49bec725ca000b16,2017-08-19
ffea5b26be781da4c215c0feb484f4fd,cefc16cdcbd69d1ea047f70227cd2927,delivered,2017-06-02 16:53:20,2017-06-02 17:05:17,2017-06-06 13:51:15,2017-06-28 07:09:55,2017-06-29,e19d6cb4b2c634a869a5c580395f8b26,2017-06-02
85e5ee2172746dd02b91f6d2f3189f7e,c4ebc72b14f3ffdea1626db488208713,delivered,2018-01-03 20:51:51,2018-01-05 02:38:04,2018-01-09 17:57:23,2018-01-16 15:46:44,2018-02-08,f2092562581c6e5e6d808e78e78ab862,2018-01-03
1b3502b901fcba41838c8d41dff38327,049ba78b6885e453786b80828dde6d34,delivered,2018-01-08 21:41:49,2018-01-08 22:31:37,2018-01-10 22:34:57,2018-01-25 00:03:27,2018-02-01,790e0376b9cb88842b6e939f0b11409f,2018-01-08
66d737f81143e3724207d2f2fb457ad9,cfbe4d21b471a3da81be31e3377dc857,delivered,2018-07-22 14:23:36,2018-07-27 23:31:18,2018-07-24 13:34:00,2018-08-01 18:13:00,2018-08-20,d3904799cfe3ef6444b9366611564f9d,2018-07-22
aaf4772267009ac972388c595ac96086,b3599df63349cf8003d59661bc0f6a75,delivered,2017-08-03 13:13:00,2017-08-03 15:25:19,2017-08-04 16:00:10,2017-08-12 13:11:44,2017-08-25,aae0e96ff119585d363a1792e5ea5835,2017-08-03
8c4d95230ea6b65fa945b79cf07ac312,c5af28f87656d1def1d64fe1095af38b,delivered,2018-03-31 10:43:46,2018-03-31 10:55:21,2018-04-04 01:52:39,2018-04-06 18:52:28,2018-04-18,4d30a8d8f690d08b4307705362f06468,2018-03-31
39be11247d0d55f0326c3cc79e1eec38,ffd733037d6daf1e080fba1890236d00,delivered,2017-11-30 20:18:51,2017-12-01 09:31:02,2017-12-01 18:34:17,2017-12-04 18:09:09,2017-12-18,109971a30c3389386a20317f9404f0f8,2017-11-30
a8f0774db1f2d93e5b48a0c370d423ed,643eef272290bb07a700d92a22096e37,delivered,2017-06-28 15:53:58,2017-06-30 03:04:28,2017-06-30 15:46:49,2017-07-07 19:51:57,2017-07-18,b684b5160d8661dcc3ea1a0a90f9f000,2017-06-28
d4c6540209a24e7769655f55d8a20493,c223c43fd4ceb27fe2f591388334b1b2,delivered,2017-07-23 21:59:34,2017-07-23 22:10:13,2017-07-26 21:12:42,2017-07-28 15:52:23,2017-08-08,93311e88a2a2c4fbc066fc30870f5e46,2017-07-23
2b34aa550445c67c852be463eaad083a,c9993d6a9ac3183eebd2fcaa4bf4c4dd,delivered,2018-06-02 00:44:48,2018-06-05 04:52:00,2018-06-06 12:22:00,2018-06-18 20:38:44,2018-07-18,0bb89e7e4324fc0c63a27ab1e165fa0b,2018-06-02
b6dbd61bb13118766af40ef6a325e303,aeffa87be1c09c7d3748eeae76527494,delivered,2018-01-12 18:38:46,2018-01-12 18:48:50,2018-01-17 18:58:13,2018-01-26 22:12:27,2018-02-19,42a47eb7e6b91e24719a090a47a270b2,2018-01-12
ff2ea5b20dfaf42bcf891f8aea31542b,32e84e30a72593d42adf2608dcdc3921,delivered,2018-02-02 10:04:32,2018-02-02 10:16:08,2018-02-02 20:58:51,2018-02-06 18:28:42,2018-02-20,25d35c284f65db164db0ad78763aa16b,2018-02-02
cd82b3b68f4843cceb338d860b8aa006,2f12998d5a7beeabde7287c051eec9f0,delivered,2018-08-07 17:35:45,2018-08-07 17:50:18,2018-08-08 14:22:00,2018-08-16 17:02:52,2018-08-22,4f588e08b2c4ff20661cd180a8b71b55,2018-08-07
fa7b2ac9d0a8b3d20805eb52c416c2fa,d997b945624a4b422fc7d3a58fdaab3c,delivered,2017-08-10 13:10:06,2017-08-10 13:25:14,2017-08-12 10:55:42,2017-08-17 20:36:44,2017-08-30,2e06bea1cd76710eed57a7e42cdfdcc1,2017-08-10
51ffb9765ad7cfe091821ebd4751dc05,e4412072d401a4c3bc29c976497e0186,delivered,2017-09-17 20:40:42,2017-09-17 20:55:19,2017-09-29 20:49:48,2017-10-04 20:32:42,2017-10-06,6cf5a61d865d979d060812cdb48ce484,2017-09-17
c8a93f34ce6f1d3299b0e762f62dfc3d,073d9752205a02fe743263d3d781cce1,delivered,2018-04-19 18:54:32,2018-04-19 19:10:52,2018-04-23 07:55:00,2018-05-01 02:05:32,2018-05-17,56c8638e7c058b98aae6d74d2dd6ea23,2018-04-19
f363b12aa89906f0696246938ec7c6ba,2ee6a7f9f041372de882883f3c8e7ade,delivered,2017-10-06 23:54:43,2017-10-07 00:07:38,2017-10-11 19:57:41,2017-10-14 01:18:29,2017-10-24,800846b4b21006519771e3508fb1797f,2017-10-06
7ef3a302148f7eb4741f831caaaab020,15b374a39d77931baf8a72e73194803c,delivered,2017-05-01 20:46:00,2017-05-03 15:45:20,2017-05-04 10:22:57,2017-05-11 08:54:41,2017-05-25,1e3415fbc413afd991df7aabccbcfe54,2017-05-01
ffab9e4ebdeda588f4193d78a09894c5,17c82cf184f52f63dbbda6f4db0abaa1,delivered,2017-12-19 09:56:40,2017-12-19 10:11:31,2017-12-20 21:03:29,2018-01-20 02:06:47,2018-01-23,b83e584b7eed92d99b1afa8017665235,2017-12-19
8fbf78773c7c8165b1fcbc024f923678,139490b2445621f453fbd24447107581,delivered,2017-07-20 16:52:04,2017-07-20 17:55:22,2017-07-25 19:18:44,2017-07-31 16:41:50,2017-08-09,97cd176537326c79f18606ee50600fff,2017-07-20
9acb3498d6260bb0844a9153e26cf8bf,c7ba8b2ebe7b8527de3cf285a9558214,delivered,2017-06-13 09:47:47,2017-06-13 10:02:39,2017-06-13 13:06:06,2017-06-21 16:03:31,2017-07-07,3e939dafe17682e712d8b0f90f8eb481,2017-06-13
533191a5fdbace2ae8c0ddbf17c4d47a,30f627e25a7d4f69e6882298acc5d762,delivered,2017-04-27 09:23:51,2017-04-29 02:45:47,2017-05-02 14:57:39,2017-05-11 09:23:03,2017-05-29,07d559aeede7894ccb00905004c31be4,2017-04-27
b0ae3c04778f1acb9c96dfef3d0357af,7c0db90f1a2f9c2e526e80a042f45945,delivered,2017-07-26 00:44:07,2017-07-26 00:55:06,2017-07-28 19:22:06,2017-08-08 19:56:06,2017-08-17,6e156be7c0264334c5c15adde036aa1c,2017-07-26
d23555007fbb6b414f8bb5ae6854782a,ab91349e3f10339b311f33ca2abe01d2,delivered,2017-02-19 12:22:52,2017-02-19 12:32:05,2017-02-22 17:36:30,2017-03-14 12:57:49,2017-03-21,eae9469721cad7c136be45f610618a64,2017-02-19
fa28a275f7cbd6cae66e0344f2445595,91a62d192859b7c2361a6a3b3329b4d8,delivered,2017-05-16 17:00:08,2017-05-18 02:23:03,2017-05-19 10:57:42,2017-05-29 09:22:07,2017-06-12,0a13bd4a8b422707fe6a780e40987f81,2017-05-16
6bd3a60971ad56dc2edfe2873ad1c9b7,b764aba48781c46c6c1b83bcfe367473,delivered,2018-06-04 14:46:05,2018-06-04 15:11:07,2018-06-05 13:14:00,2018-06-11 18:46:23,2018-07-03,9ecc03668d67dc9560d5b814baa8ec49,2018-06-04
e3e9a2046c37eea9713341a3994bcf52,e24770ef3ac259f30c13dc46a7963b47,delivered,2017-11-01 22:25:54,2017-11-01 22:45:14,2017-11-03 18:03:59,2017-11-14 19:33:15,2017-11-27,a14cb3472bf2cfb01f84874affb504c2,2017-11-01
d3a304fb1d9ad51a7a3b9d23e7d82bbf,07bfe0aec1af7b20ba9de14bca33b0f9,delivered,2018-05-26 13:08:53,2018-05-29 03:54:58,2018-05-30 14:00:00,2018-06-01 15:12:19,2018-06-14,079d3001fe85c616afa0de1a438545c4,2018-05-26
4327d6afdb4f716533cefc4929796d14,549cc176647d21009ad425d534600804,shipped,2017-05-10 20:48:06,2017-05-11 04:02:48,2017-05-12 14:42:02,,2017-06-09,44cb010211fb5e1d79771361d884027a,2017-05-10
273518ef5f778faeff322c052a5028ef,50c76b790bde4da51a84cfc429a5c4c4,delivered,2017-11-24 11:18:28,2017-11-24 13:15:41,2017-11-28 21:02:56,2017-12-15 21:37:05,2017-12-21,5ac9949214b568c3731ad93d006cb789,2017-11-24
1dd1d53c1ea5df0ef093bf150807315f,9cf0657bb79b3c818fd37100f4526d8d,delivered,2016-10-07 10:44:21,2016-10-11 04:56:51,2016-10-30 12:13:44,2016-10-31 12:13:44,2016-12-01,2108073aab31d087b1043c32fd9fdc47,2016-10-07
09c8e71060b07326dba9db865f46881e,a95af80256ebdb05713863cb03060667,delivered,2018-06-03 18:48:07,2018-06-03 18:55:17,2018-06-04 13:18:00,2018-06-11 19:18:53,2018-07-25,6832ad9ac97f82c7c5d614fb8e632e7b,2018-06-03
c1424efcde3c9e9febd9e1761667789e,8a80133b8ace6b21415367a131a75a26,delivered,2017-04-07 14:51:01,2017-04-08 02:45:36,2017-04-11 13:15:21,2017-04-17 19:06:00,2017-05-08,cf5e6a37d7ffef60af859e8025b3112d,2017-04-07
8f81a4191bcbef23cdd139470cb50dda,812dd63f04c3d1caa312dbbf513cbb71,delivered,2017-11-22 00:20:53,2017-11-22 00:29:23,2017-11-22 19:52:59,2017-12-01 21:42:14,2017-12-15,ed682d0a6b02ba0c382af599f33d76bb,2017-11-22
d4f5c68e1ec02222099819cd878a1b72,a2d392f4db348830e8ac599db501b834,delivered,2018-04-18 20:04:57,2018-04-18 20:32:51,2018-04-23 23:25:29,2018-04-24 23:36:32,2018-05-02,a9b5f2fc037a9682a3b11a0b144d0c56,2018-04-18
a0edce35ec325b10332d7806528e0dcc,288b5dd3bdc04e80c59fd66b0112f8b4,delivered,2018-01-04 18:23:23,2018-01-04 18:32:21,2018-01-09 01:09:37,2018-01-10 15:24:49,2018-02-01,d43c6aa82fc6dc2c43d6813a4822081f,2018-01-04
411863c544c533d3918d4e274ce334c8,a8fbdfdfcd4b5f2f67dcd87ca80add6c,delivered,2017-11-29 09:54:11,2017-11-30 13:31:21,2017-12-05 18:13:15,2018-01-03 21:21:59,2017-12-27,16b4e6a5fcbd35d8b50d07c047f30d17,2017-11-29
9d2542bf51fa5287da26940813c6c0fd,98ddf1278ecb6a88f6ee9885cb5b2b90,delivered,2018-08-03 15:28:52,2018-08-03 15:44:07,2018-08-06 16:07:00,2018-08-08 13:32:29,2018-08-08,95c809dc5171044fe079e2c25c7725d6,2018-08-03
c87addc63adfeea74ce7b7de9d99d161,622bb7ceaf6b6d07de6e06a1ef84924c,delivered,2018-04-23 17:04:34,2018-04-24 18:10:06,2018-04-25 11:09:00,2018-05-11 18:19:44,2018-05-24,2cf5b573431ad87a5a02b287e6611b81,2018-04-23
c49f6b5cef87291f38f2b1fccf57c3c6,90162d136020a80dcb381eb7a112f574,delivered,2018-07-12 13:05:21,2018-07-13 03:05:19,2018-07-13 14:04:00,2018-07-26 08:32:46,2018-08-09,1b822030c65d0755c1d071d3a94b6996,2018-07-12
0f3d5c4023c13c415b24e755cbe72fab,a9e5f310be41efa00690d727bf672cab,delivered,2017-12-15 12:20:46,2017-12-15 12:32:50,2017-12-16 18:36:01,2017-12-26 17:59:06,2018-01-11,3de7fd0b0d84bf1f9e653b8f00f175cf,2017-12-15
cd83ad740dd309ac88da603852ef428b,cc60b47ce769ebe7b893aacf8cebfb43,delivered,2018-05-13 18:04:20,2018-05-13 18:32:11,2018-05-16 14:49:00,2018-05-23 18:59:34,2018-06-04,17037b97047908eb95e7fb01f13195d8,2018-05-13
9151a91cb186d1ca78dc97f0cd26cec4,183d8dccdcdd93c6e9f4f934d6cfa235,delivered,2018-08-22 18:15:21,2018-08-22 18:25:13,2018-08-23 16:26:00,2018-08-29 00:12:01,2018-09-10,67c249fe1cab5cc055a8dff199057099,2018-08-22
c3ae28dee41a7607da8e659abe468564,8e34cb984544566ddd51c2a7b5a59f4d,delivered,2018-02-09 22:25:59,2018-02-15 03:55:30,2018-02-19 16:19:00,2018-03-01 11:48:45,2018-03-09,723951d88ecbd5b2e2d81202f5b233de,2018-02-09
074c1cfd061914778c545332b9c8cc5b,2e0ef40f86d552caaeda3b3b33e9572a,delivered,2018-03-22 10:33:01,2018-03-22 10:49:38,2018-03-22 21:28:57,2018-03-28 20:16:28,2018-04-12,139d91cb0779687389d93bbce424734e,2018-03-22
88236ec3283901ac03893885acd80574,b8aab5319687af47f93bba374f5e2f36,delivered,2018-04-05 17:52:18,2018-04-05 18:11:56,2018-04-07 01:27:43,2018-04-11 01:51:13,2018-04-26,9ee115cbebc7010b3e6810e46d0977ff,2018-04-05
71ad99b8dbf07cd53f96b3dd7cd0ebbd,d42b98520bd105441167611b4ee3cc2c,delivered,2017-10-22 13:02:17,2017-10-23 17:14:14,2017-10-25 21:34:44,2017-11-03 19:12:11,2017-11-10,91e824aa4dddbc9b26a1d3a01379fa58,2017-10-22
7180bb330cc6209bdf235f7a3a4b01f2,8848cb4793d42f70d84a297c489e29d0,delivered,2018-02-14 13:58:30,2018-02-14 14:40:27,2018-02-15 19:49:12,2018-02-20 22:07:54,2018-03-12,24f2cb635916caef26a6ea464f9f93a9,2018-02-14
b06ecc72eaea06f34af84222269f5cf5,a25fe438fe53dfaf18b5ac667d3107c9,delivered,2017-06-01 15:57:55,2017-06-02 04:23:23,2017-06-02 12:44:17,2017-06-13 13:34:06,2017-06-30,1a52b3c5a3ef0338b04f358ac8abbf27,2017-06-01
77197d80101ec8ad66a1e174eea411e4,e28f89822f6d7825420555ffd0b48ec1,delivered,2018-06-25 15:22:07,2018-06-25 15:35:17,2018-06-27 10:35:00,2018-07-04 18:50:43,2018-07-27,24a0eb76ea270046a71314ca2afdb85d,2018-06-25
86bf8acc0fe437ce824685e72037572d,59f9d8f64c877b9af00db2ddb0cd4e65,delivered,2018-08-13 16:19:47,2018-08-13 16:30:22,2018-08-15 13:18:00,2018-08-16 16:36:32,2018-08-21,c743381da5f37bf1cbbeb7d5cc932026,2018-08-13
94c302f23bee09a61c1aab616b01b7b0,7279859141575c9865ad01ef92b7fe72,delivered,2018-04-03 13:38:22,2018-04-03 13:50:21,2018-04-04 00:18:23,2018-04-07 01:02:46,2018-04-13,18e26df04ebaa21cebb08d780f0ea43a,2018-04-03
460cef6c65eb7c4ab96f05d1c6846293,725996336a7ab4fd518c0be1493fee5e,delivered,2018-07-19 11:14:53,2018-07-19 11:25:20,2018-07-19 14:43:00,2018-07-26 18:32:18,2018-08-20,ccedd01ebe7a8641887f6676ba5ae095,2018-07-19
4b30d547305dc914c94aaef8f842ebc2,665529d7b38b94e83d5ddf8efa19ca3b,delivered,2018-08-10 09:22:06,2018-08-10 09:35:19,2018-08-10 13:52:00,2018-08-20 18:56:31,2018-09-05,1e8b30d6e210ba8ec1f3d0fc9da014da,2018-08-10
43c19b4037a93e40cda474629cc40648,2d7e66739135e31f52914f0e203c705f,delivered,2018-08-05 13:37:02,2018-08-05 13:50:13,2018-08-06 19:27:00,2018-08-08 23:02:29,2018-08-13,6fd708ae2fe941e4e7f07b78e64c86b5,2018-08-05
d8812294227048fefff4168f5beaa9d6,86af59110d1c4598a7932ee65fe2cd54,delivered,2018-03-24 14:13:28,2018-03-24 14:27:48,2018-03-26 19:38:27,2018-03-27 22:52:33,2018-04-06,161883bd9e45daaa9434a4d92b7c6261,2018-03-24
336efd31419787f0000881576b3b0f0a,9c261fc5357a92197feb597b04d81a91,delivered,2018-08-08 18:13:39,2018-08-08 18:25:11,2018-08-09 12:25:00,2018-08-14 23:12:13,2018-08-30,b755de4e3cb4b71dfbe8ac4905642b6a,2018-08-08
95fba842978e008c75e640b1908f1867,a5817e13f0c91bdfddfb326c341451ed,delivered,2017-07-08 21:30:18,2017-07-09 06:43:07,2017-07-10 18:27:49,2017-07-15 03:03:25,2017-07-21,8e47db59c9d5254ee858ffa0f9f4490b,2017-07-08
a08e444c29fa117e22e5408c3ffd6646,9363024235560d595e1dae2ea61f4afe,delivered,2018-07-01 20:36:18,2018-07-01 20:49:59,2018-07-03 05:43:00,2018-07-05 23:12:09,2018-07-20,b351086fc2daed1477cb2b4b00133119,2018-07-01
836128c0637ca6a0c2dbe0c00cf19d99,8fb4ea6125942288ebda1ed544316770,delivered,2017-06-16 14:29:33,2017-06-16 14:45:14,2017-06-19 20:12:27,2017-06-21 22:26:27,2017-06-29,c8cfe34d4b8468b4765a398bbf3897e3,2017-06-16
5a1c439f628aa5c1a84b11b8a09bfcfa,aaa8ba61d84b61b5c3ff2ea0f5a98daf,delivered,2018-06-14 10:19:03,2018-06-14 10:41:46,2018-06-18 13:46:00,2018-06-27 14:55:11,2018-07-13,a1b1b1ff65d49b3c417da96e181b11b6,2018-06-14
e5719cfaa683987b3ac4bdcc0c5c6a46,26d46563156d3bd9dc62fd4d3efd92da,shipped,2017-05-02 21:45:29,2017-05-03 15:25:20,2017-05-04 13:44:29,,2017-05-25,c1540daae003129e895a1263817be69e,2017-05-02
01b1a7fdae9ad1837d6ab861705a1fa5,a2da04a295c890e30103aeb5356163f0,delivered,2017-05-29 15:48:13,2017-05-29 16:02:58,2017-06-01 11:45:09,2017-06-07 14:07:04,2017-06-21,1a871dc1de3ae88bf92c8d94ca34fa9f,2017-05-29
a95978001177e140008056316fd05811,0f07fc4aa37cf3ef826d1a14883847f9,delivered,2017-02-18 15:34:44,2017-02-18 15:45:19,2017-02-20 11:38:28,2017-02-24 03:24:46,2017-03-21,0eaff0480bd972db84cf247671da4130,2017-02-18
14904245b311483b6886be3c2e717e76,a52ee9f5a35cf680f2aea9dd5fe0941e,canceled,2018-02-12 15:49:38,2018-02-12 16:27:22,2018-02-14 19:25:00,,2018-03-13,07536baf8f8a329db4fca31c3f0b05e3,2018-02-12
3504e5f25e8c978b842d4f1164b52b59,5f74b0f2e7a914d47ab126a05d746638,delivered,2017-09-11 18:40:20,2017-09-11 18:50:19,2017-09-13 18:36:39,2017-09-15 23:43:41,2017-09-28,53ceb2ac880d4af294fe66fcadfa6ec7,2017-09-11
c518fcc14b2bf7ad3f5a833fe67ed9a5,e08b75dc9519535144829d6fccd04f6b,delivered,2018-04-18 18:36:32,2018-04-18 18:50:29,2018-04-19 17:06:55,2018-05-07 12:42:58,2018-05-15,bde9562ee4cf5399c87a158af191d6ac,2018-04-18
531694ee49280f6c3d2febd2c0f5334d,3333f866a124d5587c7b3233bb9173d0,delivered,2017-05-04 22:19:32,2017-05-04 22:30:16,2017-05-05 09:59:26,2017-05-10 12:34:49,2017-05-25,b381a905e677e24277fbacc1afef5807,2017-05-04
8804ce4a12b1afd7c2751be6810e6597,90970f7867ea91fe016dcb27b46f6261,delivered,2018-02-12 10:32:52,2018-02-12 10:48:16,2018-02-15 20:32:05,2018-02-23 18:42:34,2018-03-06,34d543245a1f8fd76371fd57bb49a31f,2018-02-12
a25eea9aec239850371fc90ff02f45a7,af79c47217ff7e3195ca3bb491e01e8d,delivered,2017-06-28 11:08:40,2017-06-28 11:15:22,2017-07-04 14:36:49,2017-07-05 12:47:28,2017-07-11,6a7703ab38254386fe574a7e13ca5bf5,2017-06-28
39036e9122762c9b45c239ddbc452651,c008f3bac9e5d451c760f32c168394a1,delivered,2017-10-25 18:30:49,2017-10-27 02:55:31,2017-11-01 21:12:19,2017-11-14 12:59:31,2017-11-22,1503709cd2fc94a7a459301c071c8331,2017-10-25
31bfcb30bb17876d402e178810ac042f,754cdf5cddcedbe257b8fbea2cc1ae03,delivered,2017-03-06 14:52:58,2017-03-06 15:43:00,2017-03-07 10:41:44,2017-03-09 05:32:34,2017-03-23,2d36e9b1be383c10ed0eeaaf60f5fe46,2017-03-06
25be1d2d060ffdd6d8f10daceda67087,811148a7f154ead231a5f3c0ee7b667a,delivered,2018-02-06 19:40:28,2018-02-06 20:31:21,2018-02-08 14:21:58,2018-02-09 21:29:07,2018-02-26,dfeecf0721d9eb12b7b76584d9577d6b,2018-02-06
5985ffeab1ed2339fe93d713e2c48db8,b511c2412ad8f6dce9174c4892484c5c,delivered,2017-09-27 14:29:22,2017-09-29 03:21:56,2017-10-02 21:35:11,2017-10-04 17:13:17,2017-10-13,d6001de23a84af2015864d980ced02bf,2017-09-27
b8f6c1f24bcd15ca5eb715c85b0abc29,45742477c326bf68df61971f1b7792c3,delivered,2018-03-28 18:46:42,2018-03-29 07:50:18,2018-04-05 16:31:01,2018-04-28 06:32:10,2018-04-26,9ccbe12805879061f2044713deb65877,2018-03-28
2aa91108853cecb43c84a5dc5b277475,afeb16c7f46396c0ed54acb45ccaaa40,delivered,2017-09-29 08:52:58,2017-09-29 09:07:16,,2017-11-20 19:44:47,2017-11-14,a2ac81ecc3704410ae240e74d4f0af40,2017-09-29
dcb56bf601ec6f24940b3b1ab0aa5e2e,ebbb7c7259a2e1d10119c909b11105d5,delivered,2017-11-24 19:18:55,2017-11-24 22:36:31,2017-11-27 18:36:54,2017-12-20 22:07:06,2017-12-18,ac509a71d7cf89fd9af2cf7b7629fcbf,2017-11-24
faa656e714039086ed78afa051133804,2e7260a389c2f73bd05eafad99f0b62f,delivered,2017-12-21 15:34:39,2017-12-21 15:50:04,2018-01-17 15:06:21,2018-01-24 00:14:44,2018-02-08,2fa1c3845c28d7cdb0c761be5ad792cd,2017-12-21
f49cd89d6dad6dd5759ecf15dfe4bb19,0f687ed7edef79545319e147f39a290a,delivered,2018-02-19 10:06:26,2018-02-21 06:20:25,2018-03-01 21:08:45,2018-03-14 18:28:23,2018-03-19,707ff98a0d7bf893aba17c5b961bcaef,2018-02-19
c1e6381e0212521187651df2d8d099de,f0b486ffd24a678cd2050bc29d3678c4,delivered,2017-12-05 10:56:31,2017-12-05 11:46:53,2017-12-06 21:46:54,2017-12-15 19:35:15,2017-12-29,53feb85c4073c914e22ad240338f20db,2017-12-05
9e99d220ca1057d22b317d36cf203620,60ff6e09a676bfa797f0ae3f1282ce4d,unavailable,2018-01-03 17:05:21,2018-01-05 02:35:44,,,2018-02-01,5554446bdf14acb1a4ea581d2dcecef7,2018-01-03
c3b8117e0c3ab4a5d6db91085a3e7432,a99315708cc05b41436c913e956c76e9,delivered,2018-01-25 15:14:42,2018-01-25 15:41:24,2018-01-29 22:14:34,2018-01-31 19:04:16,2018-03-01,d59cfb2d24c1e3d9fa9baa63871d5e86,2018-01-25
d8d2a08b724c4ce7446dea366703745c,b7b3b2f3efeac8ea7fbac0b84422829a,delivered,2017-07-04 10:46:05,2017-07-05 02:45:28,2017-07-07 12:32:53,2017-07-17 20:29:56,2017-07-26,50fd19860348ef2a4ff4db6168e99eee,2017-07-04
ba6f6f90eeff8fa9dd5b4ec6ed8196af,559aed281eceafa5b472042c7b82b0c5,delivered,2018-02-22 23:31:29,2018-02-22 23:47:50,2018-02-24 01:16:24,2018-02-25 21:57:32,2018-03-08,0ca34b61e26e5432f38297c3d7bd57a5,2018-02-22
7144fcbeada7426f9bb134795620511c,deeec572358e558412acc3e2386a35e4,delivered,2017-03-27 17:26:43,2017-03-28 06:42:33,2017-03-29 11:04:15,2017-03-31 21:08:16,2017-04-13,3c2cd533f2af84b6cb81b8b97be89988,2017-03-27
ebba0f0e2ffae0bde1401c8cc343eed7,e04fb0ff8c7aef7555088b36b68d77d9,delivered,2017-12-20 18:27:28,2017-12-20 18:38:21,2017-12-22 12:37:54,2017-12-29 15:46:59,2018-01-15,c9797c1870f10515470f1c45d5f427a9,2017-12-20
05ccdfa84392875afc23c1ae9f014ce4,b42b25490bee1f192dcb015b6f4c60fa,delivered,2018-04-14 13:04:25,2018-04-14 13:15:09,2018-04-16 20:19:13,2018-04-25 11:32:44,2018-05-09,ace8b6fb196b3073cebd97092f76e1ad,2018-04-14
5ded9a59e8920225f45b1d0e11dc7d97,807ef2b1870358b473e99027f30f2064,delivered,2017-04-28 15:39:24,2017-04-28 15:50:22,2017-05-02 13:10:07,2017-05-20 11:21:13,2017-05-22,abd87d6b8230ec9abd478b70fbb6df2b,2017-04-28
4e8eac5f839b87a8cdbd9847f4fe442d,beff7f4cbb7cccca1de04a53004a4674,delivered,2018-08-03 17:56:37,2018-08-03 18:31:44,2018-08-10 19:12:00,2018-08-14 01:02:30,2018-08-09,944112881a579a3dabb08c41a05a606b,2018-08-03
e62ce4c0697f4df07743beb01dae7ded,c789c5f1b9a116410c3777832c5cf2c3,delivered,2017-12-01 08:46:08,2017-12-01 11:30:56,2017-12-01 18:27:33,2017-12-06 16:43:51,2017-12-26,97f45d4f9959f08764ea7bcda122e8c3,2017-12-01
e20560466a7eee243aeda872e0e7b95e,9ab11fdb695c99582518b60b74d47879,delivered,2017-07-30 17:25:34,2017-07-30 17:44:17,2017-08-04 11:47:35,2017-08-07 22:07:26,2017-08-11,78815cf059955ab2ca5a6ddecdc2d67a,2017-07-30
f4b2e1f6d7efad219764d0da00936947,5bedc2a26d2aedfc0fae21122b985e0d,delivered,2018-05-17 10:59:34,2018-05-18 11:31:07,2018-05-21 13:45:00,2018-06-07 16:27:32,2018-06-11,42c69d0748468edb4bf96674d28e07ec,2018-05-17
362c615940e6d0069585388110f8bab1,15e25ffe745b83f124ec4d08b0af3667,delivered,2018-02-20 08:10:17,2018-02-20 08:32:34,2018-02-21 12:39:21,2018-03-07 18:51:37,2018-03-16,1f7e585f18385c15b191a1f9dd84639a,2018-02-20
892b015e3a78c1b2fa5449f09af3df7b,d0fd2347774bbae9e9118a08b1a4ea31,delivered,2017-11-30 22:20:59,2017-12-01 10:31:15,2017-12-01 17:33:00,2017-12-19 00:07:52,2017-12-29,0d4644eff058d75937ca1eec574bf87d,2017-11-30
fada5293c9a23323a95ffe4129f45f9c,91b9a65137927358dc068041f1f992f9,delivered,2018-07-12 12:25:22,2018-07-12 12:35:16,2018-07-12 14:11:00,2018-07-13 20:38:28,2018-08-01,ebd2896cb0c2b43c9534741b410eebe0,2018-07-12
03f127181062ad98441893efffd412c5,ebf80e000feb1315e227014ae07e4d30,delivered,2018-06-10 16:45:24,2018-06-11 09:11:55,2018-06-14 16:42:00,2018-06-18 19:22:39,2018-07-11,d288e311fec0a847cd9b6907a6d46d11,2018-06-10
b1c09ecb8690220efaee5aafdbcd520b,9c3a40251f4120fcda27549586f03ed3,delivered,2018-06-26 15:42:48,2018-06-26 15:56:59,2018-06-29 15:34:00,2018-07-06 16:49:44,2018-08-01,a162a5466fc1fd5b47439ca676db9a88,2018-06-26
01bbf0fb0773cef52b4d6501e83162f3,56e023e21be211feb920b2e0eeb75c1d,delivered,2017-03-22 22:04:02,2017-03-22 22:04:02,2017-03-28 08:13:59,2017-04-10 11:37:53,2017-04-19,4c6b7c9dc0a557d1aa17cca17b9f6fbe,2017-03-22
ce5420f8e3e7e46d19de72c08c690ffc,a7ec0eb4da9056774733b2da21fef63c,delivered,2017-12-17 08:00:11,2017-12-17 08:12:23,2017-12-19 18:06:58,2018-01-12 23:47:11,2018-01-11,a48f0610309fb6fa2729bb9743da26db,2017-12-17
8a7074d44436c26d7e0bd110395d0fe6,f0e868a9c5f71021ea5dfb44e002f466,delivered,2018-02-22 16:10:33,2018-02-24 02:48:37,2018-02-26 23:18:53,2018-03-01 16:28:38,2018-03-15,544f2f2affb53a0218865532eb820306,2018-02-22
78e669f43077eded2d55ba9455560995,38955481fd51ffe551f17d2efdeaf43b,delivered,2018-08-05 15:42:51,2018-08-05 15:50:20,2018-08-06 15:43:00,2018-08-15 15:12:10,2018-08-24,f31ac54af6af7097bddd1053011e7a3a,2018-08-05
34898d392f0f57ce2cb451fe7c86f555,44be8fee47b1fc354dc6e84806bdea1a,delivered,2017-05-02 16:53:19,2017-05-03 15:50:31,2017-05-09 12:32:39,2017-05-22 12:32:28,2017-06-09,8f97b3756513ab87cac373ea80ad8c27,2017-05-02
beb82936199adb4cf410d9dc9554e674,55b0cfd42e4162d7976f130efaa944e3,delivered,2018-08-03 10:35:32,2018-08-07 04:45:24,2018-08-10 12:16:00,2018-08-14 16:44:42,2018-08-09,0d4939594311cf6068b73f410432b426,2018-08-03
d6dae36830ffe3962efff0e91cc64127,3528b0f4fc89cd237f14b2ef3fa1530d,delivered,2017-12-12 12:23:11,2017-12-14 12:18:29,2017-12-14 23:07:45,2018-01-03 16:40:33,2018-01-18,b91f9e935f998d06c5985e7bef11d763,2017-12-12
6f4e7312027dba2bba5c1b75addfd1ef,db76a08441e64f32ac64a72161893227,delivered,2017-07-19 08:52:47,2017-07-19 22:35:12,2017-07-20 14:49:27,2017-07-27 16:43:34,2017-08-10,984d917117d762201643440a2c2e001b,2017-07-19
cfa740305abcdd1e81de66935e86df2d,b8865036ecec86d428dd84f85041adb2,delivered,2018-03-05 19:36:50,2018-03-05 20:40:36,2018-03-07 19:23:07,2018-03-20 21:08:36,2018-03-29,24e66432d3c2677b68a14617ec79a4ea,2018-03-05
2e9459cba62b0d848703c2c3d1c50abe,09f684f838e2d8ad58c6ddae94ba07e4,delivered,2018-03-27 14:05:03,2018-03-27 15:08:05,2018-03-29 23:44:42,2018-04-12 19:21:25,2018-04-16,33623c58d25498b52a6efb29f3b0c6fd,2018-03-27
0fdc6ce12cb319cb9c173af525080d3f,06297f06409ee00a3cfdbf2f1a016afa,delivered,2017-05-21 11:30:55,2017-05-21 11:42:37,2017-05-23 12:57:37,2017-05-31 10:52:33,2017-06-16,f08a9f4828806bfcddab58e530766b9e,2017-05-21
4082016610cd8b53add011fe068c04b3,0bb6025d17db5fa2352692bc680873bd,delivered,2018-01-25 14:04:45,2018-01-25 14:20:13,2018-02-01 01:21:16,2018-02-14 19:28:32,2018-02-20,96d3a3257161c32fe93aea0e38b16515,2018-01-25
18e4264c34fe91aab3b39ea012932f3d,1ecd973eedecc6e4983980892cd2b4ab,delivered,2017-02-22 14:17:03,2017-02-22 14:25:08,2017-03-08 09:08:33,2017-03-29 17:26:46,2017-03-23,49d570bfadb19577321324bac94574f3,2017-02-22
4b2dc3d5bb4accd12c73d55b2a10f856,4ca9f150dfdd7257bd211c0c7c5bb752,delivered,2018-08-03 10:09:01,2018-08-04 04:15:09,2018-08-06 13:01:00,2018-08-07 18:42:40,2018-08-15,1a9b42095eafdf3a838d07848c91118d,2018-08-03
6dc1b0448d8665a1ad93f2c1ec5b925a,06f51feba23580cfca0f581994fb7789,delivered,2018-08-05 20:14:53,2018-08-05 20:25:15,2018-08-07 12:24:00,2018-08-13 17:29:41,2018-08-16,1d2e1d611b6f49dda7adc03a1a061d9c,2018-08-05
c95f74e4997a96f046a9e40e4d8726de,40c894ae26b148a9c7e3491c99400628,delivered,2017-10-22 12:59:49,2017-10-24 03:49:46,2017-10-25 13:56:43,2017-11-10 21:07:42,2017-11-17,724046dfbe631c5ec36eb1256157a910,2017-10-22
8465a1ae25d801a0c2d8dbfeb425a6f6,1dc79b18a1a94a88df9b995e724a514f,delivered,2018-03-04 14:40:34,2018-03-04 14:50:31,2018-03-06 17:46:31,2018-03-31 14:58:33,2018-03-21,82e8a807d0dbd790eb24dd815a2c0998,2018-03-04
66b28b67d37eb8809a5cf1cc3ceb8310,1be4bdc654d6c8852647215506507d72,delivered,2018-04-20 15:41:57,2018-04-24 17:57:53,2018-04-25 14:39:00,2018-04-26 18:33:16,2018-05-10,ed0184f80d83d0c6d6541cdb9dccf380,2018-04-20
ead53bfbfe51cbde79b7a6e413627d03,6ff454ccc811de7423c70b5b3b8a5164,delivered,2018-05-02 23:06:51,2018-05-03 23:10:54,2018-05-04 12:12:00,2018-06-01 19:24:29,2018-06-04,431d091250e639413e1566de8a5942c6,2018-05-02
46b54803053a4980508c20a1927bd9ab,9ada2abc4fe3927b36a8eaf290b73d12,delivered,2018-07-25 15:10:00,2018-07-25 15:25:09,2018-07-30 12:24:00,2018-08-02 14:42:43,2018-08-09,c46c36a06070902d8b02187100228a3c,2018-07-25
a7b1a54a2b2cf96cfabf303fccafbc3e,00acc750f0c2bda99b95c4043ff1e662,delivered,2018-05-07 17:32:05,2018-05-07 18:10:41,2018-05-09 15:48:00,2018-05-18 17:56:48,2018-05-29,308eed157c50c58cd2d795eb5f1e096a,2018-05-07
99fe839853e734a1e1a1969bf1c230fc,171d82ea67bc562fb6be49934affdfd7,delivered,2017-05-26 11:21:29,2017-05-26 11:30:22,2017-06-07 11:24:31,2017-06-11 09:11:56,2017-06-27,33092ee3e3cf7f00eb5ad1ce9498b141,2017-05-26
d0bb06ef78b37700d2447cc76a9a71aa,80bcee93c907cb4fb64b23400031298d,delivered,2017-10-05 22:35:52,2017-10-05 22:49:26,2017-10-17 18:39:42,2017-10-23 20:57:04,2017-10-27,864b8b808aa7e1909150786c752338bd,2017-10-05
852f03ee94e792bd908883a245f246a1,fdfd1ab3c8bf25fea789cfac3e746e13,delivered,2018-06-25 09:05:04,2018-06-26 05:37:04,2018-06-26 13:50:00,2018-06-28 23:03:40,2018-07-17,a80a048ab08d27168131328d4e2fde1c,2018-06-25
49a4561c8844cc95f2af25a0fdf77156,48c9d7ac3c14a732cf8c8a1c108d0a83,delivered,2017-11-11 11:41:35,2017-11-11 11:55:29,2017-11-16 15:56:43,2017-11-27 18:22:44,2017-12-06,852e8ce228bff46dbd3cc01e5f8a397e,2017-11-11
062afb045916ff90100893d5df84c186,2812c5e9e26768d8b8d3046bb8aa366e,delivered,2018-01-19 11:47:34,2018-01-19 11:54:30,2018-01-23 17:33:12,2018-01-31 16:52:49,2018-02-16,64a973150258f99362669c52b293e3f6,2018-01-19
ff9fa3c222a580f6b52c81a08bd4f7dd,28292de0b6d5b83bd51f29fd3456cf45,delivered,2018-03-05 16:03:31,2018-03-05 16:40:26,2018-03-06 21:58:56,2018-03-16 18:08:44,2018-03-27,25c436221b7a9ab7efaefd486dbc1386,2018-03-05
54dfaf9697f69a07a441fc17ab325f5c,bf1706c03ccc5ecbfd217c81d02d3aee,delivered,2018-05-10 13:09:26,2018-05-10 13:35:49,2018-05-11 12:44:00,2018-05-18 19:05:10,2018-05-25,1edffe3d004f0b20e77e11aa489076f5,2018-05-10
8bee87d19d77da4782190d630e85e980,10916bffd55a5932a7e23fe4ab4d4b8e,delivered,2018-03-15 20:59:23,2018-03-16 20:55:47,2018-03-24 00:56:47,2018-04-03 13:51:49,2018-04-18,391a0503fb6a687f6100a2b45e7dbb1f,2018-03-15
2d3b451fae025eca7a05641e05e452bb,d33885da5770ce864e8c39b0e8e5dcd6,delivered,2018-07-23 12:35:34,2018-07-28 23:31:07,2018-07-24 14:47:00,2018-07-31 00:41:32,2018-08-08,f2acee9c80354f580f8e28fbd2f5abec,2018-07-23
dda34d917fca93319316d959e22b9289,38c07e7e9ae35da412133b052d05edaa,delivered,2017-02-22 17:46:56,2017-02-23 20:05:19,2017-03-02 09:39:47,2017-03-17 14:58:05,2017-04-04,41ef6bfcee3f50fe3d886cf23a0e2481,2017-02-22
82cc41708a2af46f14addaf31ad61ccd,e051602b99394979f726faa8b459b551,delivered,2017-10-17 11:10:42,2017-10-17 11:28:31,2017-10-18 14:36:04,2017-10-26 16:08:02,2017-11-07,4480bf5fad0520ee42ac1c5814fa09f0,2017-10-17
7b033cb628034cf26d21edbccd4f1350,23459e7ad85b62dda9739dba67c024ae,delivered,2017-05-30 17:20:52,2017-06-01 03:55:23,2017-06-08 15:33:32,2017-06-12 13:49:39,2017-07-11,f0f8a9be3a6dd22109d441556082058e,2017-05-30
d738667fa4f31f5d89dd8dfcc07699ec,e135e7b246c8d48ffed49bfc61c0f6c8,delivered,2017-05-08 12:05:40,2017-05-09 09:30:24,2017-05-09 15:01:52,2017-05-15 06:29:50,2017-05-30,4372e5fa60912ce319a7a75a8c3ce61f,2017-05-08
74bd06b5f9e79f8761e2b924e65cdfde,fa5dcf7e8ad9763d4f516596de111263,delivered,2017-05-30 21:04:56,2017-05-30 21:15:09,2017-05-31 10:46:54,2017-06-13 14:27:21,2017-06-30,6fdb9d2f1ca6a9eeee5ceb197c3bbc0c,2017-05-30
3558178e8d339107c501b79be5836b47,a9c030c61db29a75dfd4a45d8907837b,delivered,2017-10-28 23:51:31,2017-10-29 00:46:17,2017-10-30 19:47:03,2017-11-03 17:37:05,2017-11-21,28ecc0917d61cacc4ca1eb61fd9effb8,2017-10-28
4736832c0e59da8a5d32fcdce7afa55e,8048995a729129dc06cc00ec674bc4fb,invoiced,2017-08-15 11:34:24,2017-08-15 12:04:01,,,2017-08-28,672452f682b6cd65d8256f3e527bb93f,2017-08-15
2b31af271f3efcfd1f240a6ba82c631e,f7be82a2745ab37efb4f956c800a734e,delivered,2018-07-10 21:00:45,2018-07-10 21:15:16,2018-07-11 14:38:00,2018-07-12 18:17:31,2018-07-20,da5e5756ce126793a0aaff97647d3657,2018-07-10
75c02a4e1587058ae9cc570985965ca1,99c0d48ae664eb8654598e061df8c266,delivered,2018-04-15 22:29:11,2018-04-15 22:51:55,2018-04-19 23:53:45,2018-04-20 15:56:27,2018-05-07,1a4c6433111c2055a506fb5d77b509db,2018-04-15
f1a0df7b904668cd90438d0b076d522f,07396c453f4681f7be214112539b29b8,delivered,2018-07-04 17:41:47,2018-07-05 17:35:19,2018-07-06 08:57:00,2018-07-14 17:32:07,2018-07-23,b07e67720db749018d6c43935a524300,2018-07-04
7b1cf9f880b0f7eba111c5342dd2fba9,df252288cc550625697753e78aa41671,delivered,2017-05-13 23:47:48,2017-05-14 01:10:18,2017-05-16 16:02:26,2017-05-29 15:48:44,2017-06-05,a9b3796cfcd0791094dfcc581202e3fa,2017-05-13
f30663edef2c5ccbd8ac1901275ecf64,7b8ca289129bab18d8b098ca02bbc4bc,delivered,2017-01-24 16:26:51,2017-01-24 16:42:00,2017-01-26 14:57:02,2017-01-30 10:33:50,2017-02-17,688711ace86b45baab9186b99028062b,2017-01-24
cbbf61b366cb1ca7a9f9b954e8f345b5,887859ee8692098a45898e5917a999a7,delivered,2018-07-01 12:19:55,2018-07-01 18:49:48,2018-07-03 19:41:00,2018-07-05 21:46:28,2018-07-16,4186b96df8197e7b4982a751c1dde3b6,2018-07-01
0188777fe321843a18be24a6e9aa1e53,dc573d2a61a467e5e2826c1729691859,delivered,2017-07-23 16:13:37,2017-07-25 14:35:11,2017-07-27 18:45:50,2017-07-28 16:18:00,2017-08-08,f81c042ed0162a51b90372c233b4fbad,2017-07-23
a65211639143a90d6cb4116d808b1823,b23f056c8604016df9fefaa92128ab42,delivered,2018-04-02 20:55:25,2018-04-04 03:09:02,2018-04-04 22:38:56,2018-05-26 01:34:22,2018-05-16,660faf14e9201af9e1c4f65968010944,2018-04-02
f5c91344312b1179054ff03d56905ac1,acd6d873b87903bf2df580186eee89b2,delivered,2017-11-29 04:09:01,2017-11-29 04:19:20,2017-12-01 19:32:47,2017-12-04 19:38:36,2017-12-15,c3a8c3c742829113458555ed8d300404,2017-11-29
44e4c5a939b122bbe9e4688a50e44167,47e213633a3586db691bde58fde42037,delivered,2018-05-31 22:59:13,2018-06-01 22:55:11,2018-06-22 15:52:00,2018-06-25 17:44:56,2018-07-04,721a069e566c636f2b5da8ecb44289eb,2018-05-31
ff5b7f440481674b38554434638beebf,e6ab213cb124524887ac41b8eaca9653,delivered,2018-08-15 20:24:56,2018-08-17 03:29:42,2018-08-17 11:56:00,2018-08-30 14:18:52,2018-08-23,ffb3cbd5e1e507679e2db84c515410a5,2018-08-15
d4068e9d72451b844cf7aae5bd7ec922,681e334b8995206f1fc8ab3275d90592,delivered,2017-09-09 14:43:10,2017-09-09 14:55:15,2017-09-11 19:13:30,2017-09-19 17:18:46,2017-09-27,4dc19e952235d15cda17a77f0476a7f7,2017-09-09
e8d814b4bf8b7a90595e115ae8fc83bc,f987f6a75a1c705d58e10897c479e3e1,delivered,2018-03-04 14:42:07,2018-03-04 14:55:36,2018-03-06 19:15:21,2018-03-15 22:28:44,2018-03-21,26012880d7eaaf8148874c16411c7aa4,2018-03-04
c65986c7e2864168c83419b46efb984f,6c5672e9f126645b47e64e7f3e8a2d4b,delivered,2018-03-07 13:57:39,2018-03-07 14:40:20,2018-03-07 23:29:04,2018-03-09 00:40:52,2018-03-19,4ee5e610763a8ca2820c453e772d5e4e,2018-03-07
40873b37163716fad21393ee93374543,b2c2817603b236e42729436c3e652774,delivered,2017-11-24 08:17:08,2017-11-28 03:40:19,2017-11-28 23:24:40,2017-12-11 16:37:15,2017-12-21,3ae1af47490b09bf1f45c21c940e8748,2017-11-24
49ce81a5bb55c1d1afb2627410822fa7,85569a220677a6e1458ca456d5c0ff29,delivered,2018-02-16 13:43:28,2018-02-16 13:55:25,2018-02-19 19:29:11,2018-03-15 05:28:23,2018-03-26,3e36ebee541f59e4ef0cd93a00ae6b66,2018-02-16
39ddbf9faa7aa4f9c43b32acd366ea32,cb6d1df0f0d9b6245975a002383419da,delivered,2018-07-19 09:30:13,2018-07-21 04:05:09,2018-07-23 08:00:00,2018-07-26 22:14:41,2018-08-06,60cdedb656f7cc4b0f89c5797e2334ee,2018-07-19
2d89599c5c8a739bf6d061f82bd09032,48eab19088f16aa94632912e08ccb8bd,delivered,2018-08-10 11:02:08,2018-08-10 11:10:18,2018-08-10 15:06:00,2018-08-23 23:21:46,2018-09-13,2381aabb8ad1faa91c14e6200ffab4a1,2018-08-10
48dcd7368e7d1b9bedc55f16a3cc8188,016112a43e0319656ab0b25e1d904171,delivered,2017-07-12 11:55:19,2017-07-12 13:03:25,2017-07-14 19:47:48,2017-07-24 15:09:53,2017-08-15,66eeaaa6c61aee3fe0329bb54017a3bb,2017-07-12
739a725c63ee6fe22172060698bcb934,ef8dc86ec14a507b281494aa6db1f53f,delivered,2017-12-16 13:38:19,2017-12-16 13:51:37,2017-12-18 17:19:17,2018-01-04 22:57:31,2018-01-16,a3a5841028004f8640c85093ce7f74d3,2017-12-16
151c27c128aed0a8f60f8ed31c5d62f2,8f7076e6c2a866bb901bc35ada1f96c2,delivered,2018-03-01 10:52:14,2018-03-01 11:14:35,2018-03-02 19:39:05,2018-03-21 17:21:31,2018-03-22,e156e6c538c7319c3eb429aea950c699,2018-03-01
f65dd07add88e7040803c33aec4134e1,71c1cf733b397e66c54c91e1154d03b7,delivered,2018-06-11 12:55:47,2018-06-11 13:34:16,2018-06-18 09:51:00,2018-06-25 18:12:36,2018-07-13,14cfc6b6d7c6d905e35aa5e7b3f1334a,2018-06-11
f392f7aa851a5da079d2a4fb24357b46,139797e7ccd04eca107ebfef6888c0d5,delivered,2017-07-19 22:29:15,2017-07-20 22:35:09,2017-07-24 10:06:31,2017-08-05 15:32:07,2017-08-17,fbab89fec7dfaf1ca92284e31b8bd0d9,2017-07-19
4adbb023fd0ab6d84373f8f2f20a9ef5,bc0136edef6ccb670bfbf9303b8678a5,delivered,2018-05-12 19:29:42,2018-05-12 19:56:36,2018-05-14 14:10:00,2018-05-19 19:03:32,2018-06-12,1f25cb84d69fb0538ad7893e5e3cc34b,2018-05-12
02ff3675b59b53ca5cdcb2b6752aeea1,b537b5df21ba82fe48ad320005fdb620,delivered,2017-02-02 17:10:20,2017-02-02 17:25:10,2017-02-08 15:25:20,2017-02-14 08:12:22,2017-03-13,452eaa594224ed9b3892833ce675bc9d,2017-02-02
8ef25ada03b56cd00e4021ea5b98f58e,c1eed0065b42f01e99ef89311a727aa2,delivered,2017-10-18 12:56:16,2017-10-20 17:49:27,2017-10-23 18:41:36,2017-10-30 19:05:31,2017-11-14,ad6b78fa879babb5862c63a08a178c94,2017-10-18
603ed359003f9966416e844105537b03,fd36672298845c0b3f7cd97dd2a202c5,delivered,2017-03-03 16:13:44,2017-03-03 16:25:14,2017-03-08 08:19:03,2017-03-13 10:52:33,2017-03-22,62106c91034ab800d4e0ab8ff9e678ec,2017-03-03
48c56cc80e14fbacd59693351572327a,943214f1e7136b47167d03ce8a21824e,delivered,2018-06-02 15:26:52,2018-06-02 15:49:53,2018-06-04 13:58:00,2018-06-07 17:33:32,2018-07-12,9a9ef1d54eaedee3a50ed4de780713ea,2018-06-02
ead00e0026023c03ce71d6d072050bf6,85c4d9c7becf2cec8e59df8acb4dcfed,delivered,2018-04-20 14:37:08,2018-04-24 19:18:42,2018-04-21 00:12:08,2018-05-01 02:13:35,2018-05-16,89fe749e44506b34dc080e9c49f5d579,2018-04-20
9b045cde06f6adb6f6187e2119c89869,b8eff644a59838c6d4bb2db5b5e22d3f,delivered,2017-06-26 10:55:20,2017-06-26 11:11:12,2017-06-27 17:03:30,2017-07-01 08:39:48,2017-07-24,c7cf316c752d0adbf0d47feed7fdd0ef,2017-06-26
1c210d8d0ed766032afaef9c51cc04ba,5a810369c00ef52bb2d30faaaf81453a,delivered,2017-12-12 17:36:04,2017-12-12 18:10:52,2017-12-13 19:36:50,2017-12-20 18:54:37,2018-01-10,a2c73abf3474cb99671eacc20efcc043,2017-12-12
870fd43e82d46b9f89d7983527864ae5,c9877fb57fac51fb8569a813c5707499,delivered,2017-10-06 22:18:57,2017-10-06 22:28:17,2017-10-20 15:03:06,2017-10-24 23:48:03,2017-10-30,f1117bb20d676cd1cb7ccddee694c50e,2017-10-06
e10b36804f91a77995a7a1f3b5454f24,0f751fe5ddfc5d40e6e4d1be087558ff,delivered,2018-01-06 13:54:10,2018-01-06 14:06:56,2018-01-09 17:24:04,2018-02-27 16:15:51,2018-02-06,acc2e42944b7f6f75f26b6682f394029,2018-01-06
7bd571abe64a3b419a018f590d1b8046,604fa1090b6598592407c18aa0a31b5f,delivered,2017-04-27 14:08:56,2017-04-27 14:23:36,2017-04-28 12:37:12,2017-05-10 09:30:07,2017-05-25,d8e3c821b03ca51ce7d897514e421cd1,2017-04-27
7613c3754c405759d9fc074c35a02b3c,d61acc6e4228d52d3b651ba6ccfb3494,delivered,2018-07-03 00:53:07,2018-07-03 01:10:43,2018-07-03 19:26:00,2018-07-05 21:33:00,2018-07-16,bc692241027448d60d0ebe0a55562ef8,2018-07-03
ed4e8b0a842c00f7ff68654911fbea63,e075fd158936ca4de443df6b60e284e5,delivered,2018-02-28 11:06:33,2018-03-01 11:14:33,2018-03-05 14:09:46,2018-03-20 20:02:55,2018-03-23,7e2728d15944927b12e4ee9a3496664c,2018-02-28
56c07a8c954c56563cd630953dab3adb,e67ce987c6eed16599773cae6fa3ea2f,delivered,2017-12-04 19:31:15,2017-12-04 19:55:20,2017-12-05 18:23:04,2017-12-19 11:28:40,2018-01-04,b76f989f526322dde5be714142af1844,2017-12-04
5586165a8c737d52401ee3eadb09f980,af7945915ed20b1c68b178280bfacfd4,delivered,2017-06-07 13:44:57,2017-06-08 13:55:25,2017-06-08 14:52:29,2017-06-19 19:02:42,2017-06-30,fbf32aaf0ae5abe6f9ad3aa638c1af43,2017-06-07
6cfe871c3010e071e0672c44068d04fa,f5ae2322934eea77ddab0472112f1f3e,delivered,2018-02-15 01:16:51,2018-02-15 01:47:24,2018-02-15 15:38:55,2018-02-21 20:54:39,2018-03-08,810d216af181c8e479ab32ba0eed8601,2018-02-15
36749cbf5c327d95990050cbaa0f41fd,ca2290d0eee25f5bb4982b92ebbedc02,delivered,2018-04-16 18:29:52,2018-04-16 19:15:33,2018-04-17 17:06:27,2018-04-24 23:54:39,2018-05-10,387a2d05fa938050cc335eba0f308f1f,2018-04-16
5c617dfa96b6fe84f28fcb382042b3a3,ae19015eda5e64bb7ff163a4a4b87435,delivered,2017-09-20 06:27:32,2017-09-20 07:00:07,2017-09-21 17:23:15,2017-09-27 22:23:40,2017-10-06,31d958dffbf0b744375b5ff0393e6fb3,2017-09-20
5e22038cfe14c065388be1dd0a85ba77,fbb476beae00fbc35d20498ab657036a,delivered,2017-02-22 12:26:37,2017-02-22 13:05:26,2017-02-23 09:24:37,2017-03-02 17:42:14,2017-03-21,d06f24ddb7bf78dd92a904e5e80e19b2,2017-02-22
c3084098ea4ba59510ba1278d3cee2d2,153d5985755b0fd26352e485753c7b28,delivered,2017-02-08 08:09:51,2017-02-08 08:32:36,2017-02-08 14:58:26,2017-02-16 10:40:15,2017-03-21,bc92569dbc9e4f60efbc7a2e3e1d1bd2,2017-02-08
e8abe560216dcd35d47f6c27da0c99c6,1083e818f31ccc3ffe523edf73b71df8,delivered,2018-03-22 14:55:55,2018-03-22 15:15:42,2018-03-23 22:21:38,2018-03-29 19:58:51,2018-04-13,ada50f14fbe12c323a186812798725d6,2018-03-22
edc436664fdf8593a6e8c17096aa893a,ea1c0ff2fd07d7ea71dd80d36697f3e1,delivered,2017-02-28 16:24:19,2017-02-28 19:20:07,2017-03-03 14:34:26,2017-03-09 12:50:17,2017-03-20,337e75335ac0581e8cb807ffc9cab9da,2017-02-28
2b7737f7accfb9e2ee360963a202eaf3,ee46c93e6151b7c853a1fd784065695f,delivered,2018-04-15 14:27:23,2018-04-17 05:55:46,2018-04-17 17:32:33,2018-04-23 16:50:59,2018-05-15,2fb6dae4fb3a2f917940978144362cd2,2018-04-15
7747e7dad627e9be7ae087618777080c,5cfb23ffe74b81e0a0cbdf71e27a4021,delivered,2017-09-02 23:16:33,2017-09-02 23:25:17,2017-09-08 18:25:23,2017-09-15 21:33:43,2017-09-28,e47115a9874654c940261632691ee4e2,2017-09-02
b3878761474174aa7dfaa4140dd91ae5,6959ca0d495c1527a2b718ba44912c1c,delivered,2017-11-19 15:49:41,2017-11-21 04:07:01,2017-11-22 12:31:50,2017-12-05 15:25:56,2017-12-15,07c6f2c62ed11b92e5a90fd63f343e59,2017-11-19
9723bfef225ffa02fcb1be4299e59f91,b7efe309d1615673c7e5de5b6a7cac82,delivered,2018-08-10 20:49:42,2018-08-14 04:44:32,2018-08-21 13:58:00,2018-08-28 18:51:25,2018-09-10,f25d8575129b5291eaec45ee1fe4a60f,2018-08-10
f9f7f1e70523c75e60755a32756b264a,6a413c25bfb3eedcf283c7f1c7184e1a,delivered,2018-01-16 21:49:11,2018-01-16 21:58:38,2018-01-18 22:28:37,2018-01-27 09:52:03,2018-02-08,6fe87440e86dce7efbb49aa31397c4dd,2018-01-16
9d7f8c7566bb8c83694361b9838d9a2a,e40b8fd47a9b7363e3d4b1d324756a77,delivered,2017-10-12 11:51:40,2017-10-12 12:06:32,2017-10-13 18:10:13,2017-10-31 19:27:44,2017-11-22,c637cc2ecf10ec341680aa95b476f125,2017-10-12
bfae97f66e306e1f2832857d6d11925f,bc9bab6d6e6c3d1a7bc6c1242dbd48c2,delivered,2017-09-12 18:24:46,2017-09-12 18:35:13,2017-09-13 17:23:27,2017-09-22 22:42:39,2017-09-22,3f21b69e1f06cc0f9c8c3598ac1606a9,2017-09-12
d68393f8b33cd22df7d78832c2761013,6d2c453c45724e86f5b33a15dad5ba1f,delivered,2018-08-09 02:09:15,2018-08-09 18:30:29,2018-08-15 14:40:00,2018-08-17 21:47:39,2018-08-21,80184068dce7575934aa4f4b7e4c9641,2018-08-09
94a5522ae641d6b9d4d13b7940fde73c,40cf41db125f13bbdf079ff9a74cefe2,delivered,2017-06-28 15:23:34,2017-06-29 02:50:27,2017-06-29 09:57:47,2017-07-10 17:32:57,2017-07-25,a7cca8ed40942b11b4d09a325bf95fce,2017-06-28
3fa9021f55fa5af262cd4ffc427d834e,c9451d1226cf81d85fdddb4e608d00c5,delivered,2018-04-05 17:47:50,2018-04-05 18:11:55,2018-04-06 23:57:34,2018-04-12 01:32:38,2018-04-17,c36b3482105c80ba6f3b5ffddfa3c555,2018-04-05
d99ec4acbeb86fccf934f257ebd6baa3,493705fc389e90a33771f1522b6008cd,delivered,2018-01-29 08:59:43,2018-01-29 09:18:39,2018-02-01 17:55:50,2018-02-24 01:21:34,2018-02-22,71eddc0e84d970a4800bd8cabd71dea4,2018-01-29
5f2f3348a05e38d5f31b04f858c606f4,4e0afc4b91c3984459d61f3e4adfc334,delivered,2018-04-07 19:30:17,2018-04-07 19:48:05,2018-04-09 21:19:16,2018-04-16 21:28:36,2018-04-27,7f893abbd272bd2162f1f21fec07476c,2018-04-07
dc62c8d3266742ea5d47472b2c72b195,ddcb46e5e5665d514bc10d16c528ef14,delivered,2017-04-21 09:48:39,2017-04-21 10:02:31,2017-04-28 08:39:52,2017-05-15 12:22:12,2017-06-02,96b0783ecabf68b611d16611be39de5a,2017-04-21
2e740ecc4d15abb7cbef29f843b39942,57c0790260575dcab6952e29ee2ba0e8,delivered,2018-02-20 15:07:08,2018-02-20 15:40:29,2018-02-21 20:32:20,2018-02-27 11:39:05,2018-03-06,21f3bd4beb8f0c6bd813aeb8a5e5caa1,2018-02-20
6dfd5e5c5068dadbb8ac93001b69677b,1a1563377cf71e8ada273fd052a63bc2,delivered,2018-08-01 00:22:34,2018-08-01 01:31:10,2018-08-01 12:12:00,2018-08-06 16:01:59,2018-08-21,f1a0948e37cad002a23d21dfcd801de9,2018-08-01
cfdfd7862e532c4ec1ed1c6a1b56d320,0ab5ac09913dfd3f247c7929a3799799,canceled,2018-09-03 18:45:34,,,,2018-09-14,af5454198a97379394cacf676e1e96cb,2018-09-03
d405c5b11a649e5825842c4aaf8082ec,9b376404244cd24cf089abed1a44ff0b,delivered,2018-03-19 21:35:46,2018-03-19 21:50:25,2018-03-23 20:54:50,2018-03-29 18:46:41,2018-04-12,c6de56c832f5f691a88156fe95f4521f,2018-03-19
dd9aa4781edd47b13197cd4745fa846b,79c0aec7e6a81127ed9cc488a0cbc077,delivered,2017-12-30 11:34:58,2017-12-31 19:18:31,2018-01-05 22:11:04,2018-01-09 22:20:07,2018-01-18,01bdeb2c0f524bb2119a8c0cd5419f5f,2017-12-30
9996aad294da648f199033d51534f004,615aa0714efe59141007e095a2647e26,delivered,2018-01-15 18:33:21,2018-01-15 18:51:07,2018-01-16 18:19:20,2018-01-19 00:49:01,2018-01-30,9bb5ee90bbf9e5dec4a866a9d1117328,2018-01-15
58215b758929434cfc11dea9a2238af0,5eac511e7c75393ffdb54bcf789ad327,delivered,2018-05-12 17:05:34,2018-05-14 08:33:04,2018-05-14 14:14:00,2018-05-18 21:47:40,2018-06-07,d02922ed8b104d4596ca4bd3770c763e,2018-05-12
2305d46c47c716885a276ec1a322b612,645d58724df0468042044d31e6adf721,delivered,2018-04-17 11:49:48,2018-04-17 19:35:20,2018-04-23 15:39:03,2018-04-24 15:51:50,2018-05-11,96f178f231d72f743ac6704512135fbc,2018-04-17
4b5509e234ee8143cfdd7a1067f11926,3801634a8ed2f87c34df1cbe93378b6f,delivered,2018-06-10 23:24:43,2018-06-12 04:57:50,2018-06-13 10:27:00,2018-06-18 21:14:29,2018-06-28,cff7855b824064009e09b2cfaad0f912,2018-06-10
fae58c4baf50862a273c6ece28f239a3,d2a67e59deafdfa08a6b71a9c6c4f1f3,delivered,2018-08-17 15:27:44,2018-08-21 04:29:40,2018-08-21 14:46:00,2018-08-28 01:21:36,2018-09-03,a060a1733f36c269b08c21fc35bdbe9a,2018-08-17
1d6d28833a5f36495de13114e3f5f505,4694c7d85c3059f4b5648bf4e2268c2b,delivered,2018-05-02 14:34:58,2018-05-02 16:19:33,2018-05-10 11:18:00,2018-05-24 01:12:52,2018-05-30,b1ce37549de270226c9572f7f416ec98,2018-05-02
2636c69e57fce1b3a556b70f1acd1192,da1aa56ec12c8b63264ddc800772ce66,unavailable,2017-03-01 09:02:12,2017-03-01 09:10:21,,,2017-04-10,e3563c6f1fd46299584ea1393e0cb5b3,2017-03-01
7ac2d00b969e92c7ff873e5a751f3b3d,6f71faf65a5de1ae7579315eb83a0735,delivered,2017-07-18 14:01:46,2017-07-18 14:15:15,2017-07-21 15:13:54,2017-08-02 19:07:32,2017-08-18,b962494ed6d602329780bb310ecf1fc1,2017-07-18
f72467d6531722969a365e9bad203276,8a3e99fa5a51279609ea8a0aa20bd801,delivered,2017-12-09 20:08:15,2017-12-09 20:14:20,2017-12-11 23:58:36,2018-01-06 15:32:48,2018-01-08,f71f09d4b60cd8e410a156a8bc2d018a,2017-12-09
056bfadd41b8600ad5ecfef2ac132188,91faeb032f47277f654a8202eaa9fed6,delivered,2017-11-25 11:06:38,2017-11-25 11:15:31,2017-11-27 19:56:58,2017-12-04 14:44:45,2017-12-15,2106e7aa97e2b0bb0193c9f2478d85e0,2017-11-25
8fde182213914d24ed0bb9d4b02371a0,2456f8d019f041c966cd1d26e4759774,delivered,2018-05-17 17:56:25,2018-05-18 14:34:53,2018-05-18 14:26:00,2018-06-03 12:58:45,2018-06-01,69ba177350bd489817ce4053c9834e65,2018-05-17
bd546c347a5a00ff3faed07494bd681e,96a38239347713db442ef5972ea04aa8,delivered,2018-02-19 12:25:24,2018-02-19 12:46:51,2018-02-20 23:48:45,2018-03-26 17:22:06,2018-03-12,657b2587b69ef0995fe8f66888cf080a,2018-02-19
06914a88cb181e922cc58fed3d198c98,1abaf0a998b6b5157867e2311edba42e,delivered,2018-08-27 21:28:43,2018-08-27 22:03:47,2018-08-28 14:47:00,2018-08-29 20:03:23,2018-09-03,b7ad4199bc59eb9de334c49fc5b4ddd6,2018-08-27
b3d81ed08686a0fcfef9a9c3d5db6571,574fce7ddbad6801c939a465c9350e3e,delivered,2017-06-16 17:39:26,2017-06-20 11:15:10,2017-06-21 11:26:16,2017-06-28 14:29:41,2017-07-12,d172df965b5528bc2b513733f2e99e2f,2017-06-16
6215b65b1a79cc034605e477320e37c3,84309b932d949c30b561e2900fa86678,delivered,2017-11-29 11:11:52,2017-11-29 11:37:16,2017-12-04 14:33:44,2017-12-12 21:48:29,2017-12-29,fe64246944cea1dd63421ee753223b56,2017-11-29
b93bb71b5e2443566763aab6cc80a84f,2c53d62bd0641d02ecee8feb1a196882,delivered,2017-11-24 10:28:01,2017-11-25 04:31:14,2017-11-28 19:32:10,2017-11-30 20:09:05,2017-12-14,692074726678229d1fe1887a9f0abb14,2017-11-24
ba606d3faf73e13022d13479d760cb45,be2b84f5d9486064e0163c4c966b30d8,delivered,2017-09-16 23:10:37,2017-09-19 03:30:30,2017-09-19 22:37:32,2017-10-09 18:25:12,2017-10-09,066102a90a75eaca71e77248c54d4668,2017-09-16
ebc45391c3d191ea75a52f6e2201d311,97be631d09715d48d5fdc90d8bdc8d9f,delivered,2018-07-04 13:51:48,2018-07-05 16:25:43,2018-07-05 14:11:00,2018-07-10 17:58:45,2018-07-24,84b72567352c55d414356328f7a13e5c,2018-07-04
8023039e9b07973c9aea60155b52e41a,35b3a6efcd9d3b5c26ffc5267711d101,delivered,2018-03-22 07:58:02,2018-03-22 08:10:31,2018-03-24 00:21:53,2018-03-28 22:08:23,2018-04-11,6d884f62681147d301bb0517fb0c50e2,2018-03-22
ab27936ade5bcfe477dffe5b67f91ffa,50ff13a465b4008d00459abe1e442a79,delivered,2018-02-09 10:00:43,2018-02-09 10:14:40,2018-02-09 19:48:25,2018-02-20 19:14:07,2018-03-06,3ba79a5f08ab53b0bf1e83e66dda0fae,2018-02-09
89ab3deb002bd13b58edb1acb91cf903,c877712189c91e02b31a34e37974ebd7,delivered,2017-04-30 18:58:18,2017-04-30 19:10:15,2017-05-02 17:19:39,2017-05-24 17:52:26,2017-06-06,33659970091922188dcdb8cdcf47ffe7,2017-04-30
c274a2e17f75d6af15fc30bbdb0aa44c,f46232212123865e5196e5d003faebf7,delivered,2018-01-05 09:56:10,2018-01-05 10:07:54,2018-01-09 17:28:58,2018-01-10 20:55:02,2018-01-23,8d09061b374e2cec0e6c916b253cccf5,2018-01-05
e22ffd32ea0c410c250cb735498b60e0,7bba27b49f066cf993f93f83e232546f,delivered,2017-12-03 23:50:26,2017-12-04 00:02:29,2017-12-07 21:12:35,2017-12-11 12:58:59,2017-12-20,07b3f25ebe35cc57bb89eada6a231b7d,2017-12-03
6fea59a483e4a37701ffd5d5b8795ba7,a35e5f73f8f384c07ff61a9b159ce69b,delivered,2017-08-03 00:04:41,2017-08-03 00:23:46,2017-08-04 18:25:44,2017-08-09 11:30:03,2017-09-01,2011c34337f5a6f863b989b92ed18056,2017-08-03
4e4fe0553ce2d62b2b7ab4c81187ae92,213ce6a7d6ded42b67098609314c1c69,delivered,2018-03-23 13:52:31,2018-03-27 03:56:03,2018-04-04 20:42:19,2018-04-18 12:05:05,2018-04-19,4be5a194d167bb836c360258f6592026,2018-03-23
d0acc83d2ff6361a1b46385f475b723c,b1f6aad7ea584473474457e280189ce4,delivered,2017-07-10 10:00:54,2017-07-12 02:24:00,2017-07-14 21:54:43,2017-07-25 23:37:41,2017-08-10,89c1a3e3c96c821f7a06d1f84670727b,2017-07-10
8905761cac2180526408a54fdd74a54a,07cc1f06ad0006feaaffc09320ec4309,delivered,2017-06-19 16:58:00,2017-06-19 17:05:17,2017-06-20 10:29:21,2017-06-28 14:47:03,2017-07-11,0d72697a4108378b07a8c32d8c6181fd,2017-06-19
bd949e84979feb82c855184c3f3e5d13,26de99152866cb5cb5439d586bb0e20a,delivered,2018-02-10 16:41:02,2018-02-10 16:55:52,2018-02-15 00:52:44,2018-02-25 12:59:04,2018-03-08,443c229cec4576b7a466db2b13751721,2018-02-10
3f2467ae6b5a92494a59e95de0d79ba8,83b048e87ab6bc8d7f04a7bd976d9c31,unavailable,2018-01-21 09:43:40,2018-01-23 03:36:52,,,2018-02-19,be702ead111ea16e09aba67f992c46c6,2018-01-21
36d911df663c33d155c3bcc0433d703a,a245c1a62012e749291b8bdc54db0569,delivered,2018-01-05 20:49:11,2018-01-05 20:59:44,2018-01-11 17:39:43,2018-01-22 20:43:14,2018-02-05,1c3710b8934ff9df4ad9ab20dfab48f0,2018-01-05
3a3ee9aa5c27f048575edfd6d3926140,6191f53eb8ca0c04c84df58764791cd5,delivered,2018-06-07 12:07:41,2018-06-08 12:21:37,2018-06-11 15:23:00,2018-06-22 17:51:27,2018-07-20,178aa3ff5ef686b49041d63944951729,2018-06-07
d08cea64b0ea4e19362640cd4b7f5a12,4b5b8bca7058650178559c68f6df9961,delivered,2017-10-29 20:49:14,2017-10-29 21:04:57,2017-11-21 05:44:44,2017-11-22 17:08:51,2017-11-30,fcfeceb70fc4f20c0cd915a390e833ff,2017-10-29
69e43c38d7f53b87baae3045be7517b1,d31aa14d83534a9e149ec355751fb7c5,delivered,2017-02-13 22:44:35,2017-02-13 22:55:15,2017-02-16 05:44:06,2017-02-17 11:11:48,2017-03-10,2a2a346b1b7d689bb1a182182372429f,2017-02-13
f51fb43d2d69e83cc9cca35f9706798b,34667b3da73667b109439101ac3959d3,delivered,2017-11-21 21:11:30,2017-11-21 22:00:31,2017-11-22 20:44:32,2017-11-27 17:39:06,2017-12-11,40b42c1dbf1e5e67da02ca8ee280e28d,2017-11-21
0030ff924c38549807645976adeef2c0,c46e1af5a15417246a9c5e81ac964358,delivered,2018-03-25 16:52:27,2018-03-25 17:10:21,2018-04-07 01:18:33,2018-04-16 15:39:49,2018-04-20,da9fe686eb368251f74be6cf68c13678,2018-03-25
0cd60792eb628e2fe7f77456cc67c4db,56dae8b071493b64e4712e339cc50c06,delivered,2018-02-12 20:29:57,2018-02-12 20:47:34,2018-02-14 16:28:34,2018-02-28 19:23:54,2018-03-06,614a3a133bfc5ebd71c043daa17a5860,2018-02-12
472ce7491b9e1d5409e48c3717a8072e,2ed6fdee4db5f44a039a644dd2eab8d2,delivered,2017-10-15 21:56:58,2017-10-15 22:07:19,2017-10-16 12:57:39,2017-10-18 14:59:10,2017-12-06,3b448ea620c8771f1e3b7560d78d865b,2017-10-15
eea030f97651f49c9f16e5c34475dcab,26191a202fc7627d6498f61acefe4203,delivered,2018-04-15 10:21:47,2018-04-17 06:11:36,2018-04-18 16:38:36,2018-04-20 17:19:14,2018-05-03,771b863c9d789aa3178dcb5e4531fe5d,2018-04-15
986506281e1ebe5451e34c1e75a99670,8961e2d26072cb260886b927a21573b8,delivered,2017-09-19 18:49:27,2017-09-19 19:04:25,2017-09-20 20:27:52,2017-10-02 20:34:59,2017-10-11,591302451b5937a48c4503ce989dfd12,2017-09-19
2b766b959bb75e5cfef89489c1f26c6c,354e673f37377b827a159145807ffbec,delivered,2017-10-06 21:52:10,2017-10-06 22:07:28,2017-10-09 22:32:48,2017-10-25 22:32:38,2017-11-06,3df801f9e2c4ca2e953aea76d6ee04fe,2017-10-06
093c11a6b12993f96cb7eaa348a3cd09,77a6136f49bac0c337eb24e043f624b4,delivered,2018-06-13 08:52:03,2018-06-13 09:16:09,2018-06-13 15:56:00,2018-06-22 22:26:42,2018-07-13,842909a01087405cc84f9c41d519b3f4,2018-06-13
db70f8a5634ca9a20586be3dec6ad653,b41621582a61faa80d6607700ea04330,delivered,2018-08-04 01:57:54,2018-08-04 02:10:08,2018-08-10 11:38:00,2018-08-13 15:21:22,2018-08-10,7f26e88bd140ca9a8e4088e6851c7d73,2018-08-04
779cba6c6efdf8af5d1ac4c94fdddba8,031c797ef7f555f09fdd23dc122cda8f,delivered,2017-11-24 09:11:25,2017-11-24 10:12:45,2017-11-24 22:58:33,2017-11-29 19:42:57,2017-12-19,b0fa47b10368121c5f57a03a64414c0f,2017-11-24
2a33151ba8cf7a962bba23abe4ffd2c5,b6c89cb292299e574ed60db07369bfb4,delivered,2017-12-11 21:57:54,2017-12-11 23:37:44,2017-12-13 12:19:00,2017-12-27 18:32:22,2018-01-04,3e81bb70f316a2fbfbc5291a0a537e76,2017-12-11
f8276f728f18fb120f0404c7444fdc30,c330e15c594fba46d26cc80beb73b06f,delivered,2017-07-01 09:25:44,2017-07-01 09:43:41,2017-07-06 15:22:23,2017-07-11 17:55:47,2017-07-21,ef762e9ac267eceb5bddd89b44a74075,2017-07-01
029863af4b968de1e5d6a82782e662f5,74179773f1f31f3af11c3b3b065115f1,delivered,2017-07-06 09:03:55,2017-07-06 09:15:11,2017-07-10 19:43:43,2017-07-13 20:42:36,2017-07-31,78d665ab97fb0bfd754a20a48476c4e7,2017-07-06
1198ebbb7a23d6ca565a1c8596c5fb00,7ede38656037ea4714b989da45f8a44c,delivered,2018-04-30 01:03:56,2018-04-30 01:15:18,2018-04-30 14:00:00,2018-05-08 21:14:56,2018-05-18,74ad7441d374e44fcdf9938fab8c35c8,2018-04-30
98d327b68db476d9384f34d87a4244cf,403623ffbc1aa898df2232554fcad473,delivered,2017-07-15 18:54:14,2017-07-15 19:05:17,2017-07-26 00:12:36,2017-07-28 17:22:46,2017-08-09,361d5cb6776dc1e86e39521425e01a84,2017-07-15
b618ab0f426fbd3dd9dc8e184d33ce27,023f52d000d35a9fa8f4dad675c5e080,delivered,2018-03-01 11:45:17,2018-03-01 11:55:34,2018-03-03 16:22:47,2018-03-12 18:06:52,2018-03-26,d04cf8840eb709397012d6f257450ae7,2018-03-01
465e35e9d79f4b18d9c506b78cf86c62,1d404a3fed19ccf4bb7fc225643848b6,delivered,2018-06-24 20:40:44,2018-06-24 21:23:55,2018-07-09 13:37:00,2018-07-12 21:42:53,2018-08-06,e19d02312392ed80fac4b7adeb01bdb1,2018-06-24
b93b56bfb9867dddd26df4ee3efa2eb6,a2bedbeca6072d658c7a3a0fd0c5b845,delivered,2018-04-09 14:19:27,2018-04-10 07:35:24,2018-04-16 17:34:37,2018-04-26 01:18:40,2018-05-07,681405a99faf3ac8afc2dc018a3f67bb,2018-04-09
ca77a77fa11ce045321673afb2743d83,bcfd1a30a681c08c1ca5b038e5a8868f,delivered,2017-07-08 20:13:54,2017-07-08 20:23:24,2017-07-11 22:09:44,2017-07-19 15:29:53,2017-08-02,e8f65548a26a9799428cd3edbd26e672,2017-07-08
72824c152aa4963ec6ea310bad44c907,fe5d83d1ecba4c0346da617cc58d44fc,delivered,2017-10-19 18:08:11,2017-10-21 11:35:16,2017-10-23 20:18:06,2017-11-01 01:12:20,2017-11-10,09d8d8e0a40eb1a3c765b81f4b5b664e,2017-10-19
b80623966e8021f8f60984a3646abe70,cdf78a4b4403020ccadf1c716f28e89c,delivered,2017-08-11 13:04:07,2017-08-15 03:45:26,2017-08-15 19:02:58,2017-08-21 19:56:27,2017-09-04,b4203bc4574a50b169b7bd6583aeaf50,2017-08-11
457a53571ce58184246a9e382fe8512e,97866ba027584eabd512948f3854a840,delivered,2018-01-25 01:39:13,2018-01-25 01:55:59,2018-01-25 16:56:58,2018-02-15 23:22:39,2018-02-22,31e2e13cc64f2a3bd9dbde22bbad06b2,2018-01-25
a73ee012d205568e720cf2c801ccb0a6,921681820f5576cab1551e570e6dc62d,delivered,2017-03-23 14:07:06,2017-03-24 03:32:46,2017-03-24 10:43:28,2017-04-03 13:37:45,2017-05-05,32f7cd86cc860327410a818ca1a98460,2017-03-23
5f535417894495b2b12f4de92d996800,51b88799254da2772e7464551a676f1d,delivered,2017-09-14 18:02:41,2017-09-14 18:15:08,2017-09-15 19:26:40,2017-09-25 19:35:57,2017-10-09,bf4f262a88d97d499b40b533bfabfe4f,2017-09-14
18233451c81fa4cf187fae71d8e8a299,44e8a890084067f1ccc9689987c6d001,delivered,2017-11-29 18:40:27,2017-11-30 02:21:47,2017-11-30 23:17:32,2017-12-17 19:53:04,2017-12-27,5f435bbe57e905e19378fa56b60e9d16,2017-11-29
6d1941372f0503efc3953bd3b24bb512,ab6c885fe5639e705ab6ad8237e88c96,delivered,2018-06-30 16:52:04,2018-06-30 17:50:18,2018-07-02 16:07:00,2018-07-05 18:28:31,2018-07-31,2f118e666b41b76a61d8cdbbc19f7735,2018-06-30
a97a2be3f668f7c6d75a218b2dba8720,c3494677ed240d91c99a1011ca05bbf9,delivered,2018-08-02 12:07:18,2018-08-02 13:30:54,2018-08-03 09:54:00,2018-08-17 19:22:01,2018-08-29,52914e4c99a1d18136c96db53dec1852,2018-08-02
3f220b15c7ba9352cf87f6c869c55314,3a23363a9c6e53ea44cacd5fe028aed8,delivered,2018-01-11 10:22:52,2018-01-12 02:35:36,2018-01-15 18:14:08,2018-01-29 17:22:37,2018-02-05,d611f5e3aa5f461b1711d986397517d4,2018-01-11
6b41b0ad480f638d9639dddbf940c43b,362a2ba6dd5295b1d9eafd3f7bae9d99,delivered,2017-06-01 12:50:09,2017-06-01 13:10:45,2017-06-05 12:35:57,2017-06-10 07:13:53,2017-06-26,0e45d14e87bf6c7795f7caeddb9cf6a4,2017-06-01
ca212ae794bbfd785ba7d86a1b7e9f2c,9afcc5f0c10a8de1cce71389f667068c,delivered,2018-01-08 20:09:02,2018-01-11 14:09:24,2018-01-11 21:07:22,2018-02-20 19:16:59,2018-02-06,35ee1e377c72035d0556e11e1da4cb87,2018-01-08
70b69f2b877236e31de92860081e2c72,c781d832751afcb1fdda8fb4eedda2c5,delivered,2017-11-21 20:02:37,2017-11-21 20:10:21,2017-11-22 22:48:38,2017-11-30 23:28:34,2017-12-07,9962ed3a62cb7952540896030b2e0e6b,2017-11-21
84b91dcef1e21e8151a9618564095dae,f30d0854de694db1793c12eb3e78efe8,delivered,2018-03-21 22:20:20,2018-03-21 22:35:26,2018-03-24 01:12:37,2018-04-17 19:33:47,2018-04-25,eb9c572266aa5f579f393bec9a792639,2018-03-21
59322ccc8917e2a716dfd4f60499b983,4338d8a3d20f33e32e3fb9432bb3b58e,delivered,2017-06-28 22:42:02,2017-06-29 22:50:17,2017-06-30 14:53:07,2017-07-17 19:04:38,2017-08-04,9136946b6b16453f79f2dfcef449486e,2017-06-28
fc49594233f3f2be65bbb04bb82140b6,77e73bd7cd58e195d0e97161d3b6bcad,delivered,2017-09-06 15:13:10,2017-09-06 15:25:24,2017-09-08 16:17:40,2017-09-18 19:36:55,2017-09-27,75ee8169122e60d984ef1f105a2e697d,2017-09-06
bc057cb666f536dffa89e882573a1ff0,ccb3bd6adc91b59bc8a1bce6f1e336e9,delivered,2018-02-09 16:52:36,2018-02-09 17:09:46,2018-02-15 23:59:03,2018-02-19 16:40:15,2018-03-01,4afd2a0ca6ee2738cc43341b85bc6695,2018-02-09
3f63ce07f0fd566885c47bda7ad3c3a6,eceebf26966a4aed2f20b6937520fc0f,delivered,2017-03-09 19:05:16,2017-03-09 19:05:16,2017-03-10 10:35:25,2017-03-15 12:28:35,2017-04-04,36af8cdcecb90c7f1e1c9965180ffd37,2017-03-09
f6947f41d3ea19023c3e4e3a63887745,3c0fa547c538d255f09573b4a5739792,delivered,2018-07-14 09:30:19,2018-07-14 09:44:03,2018-07-16 09:02:00,2018-07-24 19:11:04,2018-08-03,71f244e88319075bc8fe613ca7eb6c6e,2018-07-14
abecbd6356fb44255baff524fd60438e,d3470f77b269e104971e5838d57261bf,delivered,2017-04-06 18:34:13,2017-04-06 18:45:16,2017-04-07 11:18:21,2017-04-13 17:43:52,2017-05-04,8e6e09a9d21276f98d691a2c181ec00d,2017-04-06
ff0286485ce9c3f1d6ed22a4c7402060,f2b7b740f0eec308afa55f1a994f21b8,delivered,2018-02-14 16:06:44,2018-02-14 16:30:38,2018-02-16 00:09:45,2018-03-05 12:28:39,2018-03-07,49093bd6f637629d01a0ee4fcbdc1887,2018-02-14
cc6084f06931be9f36e97f21edc3c5a0,ddf1e2420f62d79dc8f639b3a750241a,delivered,2018-07-30 10:32:02,2018-07-31 03:44:26,2018-07-31 11:28:00,2018-08-10 16:30:50,2018-08-20,75bda61fabcc887c559856f08652460d,2018-07-30
ad1958db0db2e99c3c93a66955396d7f,e4ee810bc2b3c953b3a94186d5709182,delivered,2018-01-24 21:09:31,2018-01-26 03:16:05,2018-01-30 11:25:10,2018-02-15 15:57:49,2018-02-16,e8575830deb710a62749c4d97325a67f,2018-01-24
4c37681ba7affce78f5b3b78731e1e67,a9286b30f896783137067a5e4a8abb2e,delivered,2018-05-09 17:30:54,2018-05-11 03:37:44,2018-05-17 13:33:00,2018-05-24 18:55:32,2018-05-29,5fcf9204fda5e433bac35bc0600da7d4,2018-05-09
c6fe39cb893dca9cdde3a0d2201cc7c0,018b4fd25720e7fb0de00600f3aa0947,delivered,2018-08-03 20:43:24,2018-08-04 05:05:18,2018-08-06 14:12:00,2018-08-10 23:02:28,2018-08-17,8c5a8945bec366bd1feed207d19e9730,2018-08-03
b76a5ae2b022043f9a47795f7ba9b763,cd0b95c681c4974d9b842417f91bd6c3,delivered,2018-05-18 18:18:21,2018-05-18 18:35:38,2018-05-21 14:51:00,2018-06-03 14:18:44,2018-06-11,f67a2c438fe007cff6a7a6bb8629f342,2018-05-18
fd846a883eef31061d47f7d1da654880,79a80f2e0e8e96f8e5be6d0cf1c49de8,delivered,2018-06-17 10:15:13,2018-06-17 10:34:02,2018-06-20 13:47:00,2018-06-21 20:12:49,2018-07-12,a3790c497b0ff156ac657a9521b86226,2018-06-17
faf914d3d1ca3436b58cc0140842310e,7e8d6b04aef8a6ba0a1cda9aa62869a9,delivered,2018-06-26 05:48:19,2018-06-26 06:17:41,2018-06-27 11:33:00,2018-06-29 18:54:40,2018-07-13,5886b46cf2dcc8548687dcf9a7d610c9,2018-06-26
f52085b82745f88592fcf7a4a4733949,2c1e2464154a3a39aae72700a9959b8f,delivered,2018-07-25 13:38:31,2018-07-25 13:50:20,2018-07-26 13:23:00,2018-07-30 18:15:34,2018-08-09,b4e1b9c59a311da853484d3a631e0cc5,2018-07-25
92e009fec77af8ce82e4c541890c978e,c86e636fca17f603f5d359d94c92b256,delivered,2018-01-31 19:37:01,2018-01-31 19:50:56,2018-02-01 18:09:59,2018-02-07 22:16:09,2018-03-01,7a51d1598e6ee450583ba8a3f7a6454c,2018-01-31
bd6fa53d62af230d53ede4b80c3b82ce,e93d76cef3cc12f081ade0c38cac93ee,delivered,2018-02-13 17:24:27,2018-02-13 17:47:40,2018-02-16 13:35:28,2018-02-24 19:36:27,2018-03-09,59548bde3cc3a8febcfca6cc70a538dd,2018-02-13
c10b534f7703a278c245f38852273dd5,79ea67d7e6a9a2c589ac7cfa17ae795f,delivered,2017-12-02 11:20:21,2017-12-02 11:38:27,2017-12-04 21:23:02,2017-12-11 14:34:16,2017-12-29,b77d8cafd13e8fb40c7f6a935ff6dbb1,2017-12-02
00921e4911895b93c7b4fc0d80c0815e,0825646a316d8b2bdddea079a5e01fda,delivered,2018-06-13 13:55:55,2018-06-13 14:17:26,2018-06-19 14:02:00,2018-06-20 15:21:57,2018-06-25,be2cff6c84f1683300337ecd499992e0,2018-06-13
1a494062b68a8ed99ba9171cb9c9aef5,8ac1fe94e53325560257c8758c9a8f4a,delivered,2017-05-12 09:09:15,2017-05-12 09:25:07,2017-05-18 12:12:45,2017-05-21 12:51:52,2017-06-01,ec81d1c881757b8d02f24f7a3da1a1d9,2017-05-12
9bd205c61d04aee7fe0ebec1bf0896ee,bcc5985d05e968e92d8075e2929e779e,delivered,2018-03-02 22:38:34,2018-03-03 21:10:26,2018-03-05 22:09:51,2018-03-06 23:42:21,2018-03-14,9f350f170fe9b3066133448f3be7cd10,2018-03-02
4b6bcf7a51da38b9e26ab10ee7186d6d,d8d2e004c9fb73070288b0e28ddbb2ff,delivered,2017-05-16 14:27:04,2017-05-16 14:35:30,2017-05-17 12:52:18,2017-05-21 08:33:41,2017-05-29,d17b59be6f4aad69cf32f35a39f58c6d,2017-05-16
8b3e71403c430eeafc548cd871850674,7033b3fb50c15b971ee2f06620a9d3c7,shipped,2017-12-06 13:40:17,2017-12-07 03:12:17,2017-12-07 21:19:37,,2017-12-29,b39e999fe1ae7298c7cd795adfc9e898,2017-12-06
de440e762de44c5b427633b249d7ea9f,9ce0d1bd0ed2d1cdf43e8bdcbb8de7d1,delivered,2017-04-07 15:12:04,2017-04-07 15:23:07,2017-04-10 11:15:05,2017-04-20 13:13:13,2017-05-03,77d9d122be8a6bba3c65ed3efac50b6e,2017-04-07
dea1d0da023a5aaf8113087fb08ce6c3,a45d8ece9ee9ab8b19e7b615167cc85d,delivered,2018-01-21 08:58:14,2018-01-22 13:44:32,2018-01-26 22:09:34,2018-02-02 00:11:33,2018-02-14,881e6d05ec76b71c30790b010e11b4d4,2018-01-21
2195712688ef03e20c8053de61c82493,45cb0fe36535222805dbee60662f9dee,delivered,2017-01-17 15:30:34,2017-01-17 15:45:13,2017-01-23 15:09:45,2017-02-01 16:37:26,2017-02-23,72190b69b96d51e002b07103b1e0c809,2017-01-17
db5d80117e19d41e6bee8c7ef9615a20,8461f1f06ea81841d973c7e57ec8cee8,delivered,2017-10-20 11:05:00,2017-10-20 19:49:29,2017-10-23 14:17:39,2017-11-07 23:11:24,2017-11-16,190a20a04dde1e66ff27f78df9b42146,2017-10-20
9cf3e6427f5cd12f23c42946aec43412,8c8ce2f09220cc6ce56968f17a6e1c69,delivered,2018-01-31 16:25:51,2018-02-02 02:53:56,2018-02-02 20:18:50,2018-02-16 19:55:16,2018-03-05,454459fdb0d4ff7e3984e10c2a4d39e6,2018-01-31
00d03eb3425f41a599ae2f788e23c07f,457e255722e958032b50ff72dd15a4e0,delivered,2017-02-17 17:46:42,2017-02-17 18:03:08,2017-02-24 14:16:35,2017-04-09 00:23:16,2017-03-29,dc87b4f4f0af2ecaa16efb92ca1d34fb,2017-02-17
c50900d38156ee6a498f19812b8152d0,541897c4a14ee949251467976a71fd07,delivered,2017-10-02 16:19:55,2017-10-03 16:28:18,2017-10-05 18:03:54,2017-10-23 20:03:25,2017-11-01,bcfd851bad786b32ac064ea49e811248,2017-10-02
793df0d4fd68cb0530ca5b533e3f1b84,508d6ba2adb4145700984a9c3f946cb7,delivered,2017-04-01 12:35:40,2017-04-01 13:06:43,2017-04-03 09:38:05,2017-04-10 16:21:41,2017-04-26,cbdc6920ffe137ac734bb5ae05842165,2017-04-01
6964c3bbea3114b80d332a513c1763d4,b5da75434bc34cab9625eb0f3a203994,delivered,2017-11-02 14:47:43,2017-11-02 14:55:56,2017-11-06 19:05:47,2017-11-11 20:38:26,2017-11-23,18902585037a6ccfcc4049a182ba5293,2017-11-02
a34373cb005b62a933e6329b9e09f58f,d69a86193597ed8b6e4d97c1099e94c2,delivered,2017-09-14 16:09:08,2017-09-14 16:25:03,2017-09-15 17:13:26,2017-09-19 15:28:45,2017-10-03,030839efe59a33d905f07a893f4aef8a,2017-09-14
7a9e6773c0d71852e2a6d24a2101646f,8bfcf76b0b18792e11b2fc7ec0584e10,delivered,2017-11-30 22:37:15,2017-12-01 10:31:15,2017-12-05 02:41:33,2017-12-27 14:32:59,2017-12-27,de8a4a69f09d2bf6584853b5db52529b,2017-11-30
531a321dff7247e76a5f6c2e702faa99,bedacf9e38540811c6f18eb143f9e27c,delivered,2017-06-01 16:05:29,2017-06-03 02:25:22,2017-06-08 08:07:51,2017-06-12 13:54:46,2017-06-23,e031118eb65330b4c180522f2743cf51,2017-06-01
6be9be082a8d228c8d43056cfce0c147,6c63c9d3fce6af66977a6d38873edcdc,delivered,2017-08-14 12:32:24,2017-08-15 13:04:18,2017-08-16 19:27:55,2017-08-17 17:52:03,2017-08-25,d26063f424217b14b5efe96491f987f6,2017-08-14
02457250c331120c9dea3bf840316d54,963a1bdf3457fa0fc821708aa51e087f,delivered,2017-07-12 18:12:38,2017-07-12 18:25:23,2017-07-13 17:42:34,2017-07-19 13:22:35,2017-08-03,a5691fa7bd4401e76eb85545f64dfa07,2017-07-12
a1d1fd8981cd1da55c3dc58cef2ecd8c,8b967287904ffb5b38db4c1be72ae565,delivered,2018-01-29 21:56:48,2018-01-29 22:13:28,2018-01-30 19:22:26,2018-02-07 19:58:42,2018-02-22,8f36c2cdcbfefca0a2f6c3bd0de9fd96,2018-01-29
f033a26ffcfd028f925b880c5ba6779c,5ca5c73c7d024f6e12c1b901124f604c,delivered,2017-11-27 17:28:15,2017-11-29 02:20:04,2017-12-01 23:22:03,2017-12-19 21:09:26,2017-12-18,220b9d003f75c1741fc9d40da0bb8783,2017-11-27
bb9a1bc465b8456a8d36e06370273b58,2268cb48c219a752fc0a039a2c365568,delivered,2018-03-27 20:42:07,2018-03-27 20:55:28,2018-04-09 23:23:29,2018-04-23 13:41:37,2018-04-19,a50a55d06f346f5e1a167832de7c3263,2018-03-27
26227999b191329fe62cd797aede5270,15ef8fd01187d42b5f57af41ef5a1fe5,delivered,2018-02-17 01:24:58,2018-02-17 02:07:56,2018-02-21 21:34:15,2018-02-28 13:14:10,2018-03-14,1f2c5059dad2c277b3b338163b49ca73,2018-02-17
2277cde48c3f407bad730e1dc754edf7,600d9b62bf2359d35f0e7ff9af6ba1d4,delivered,2018-03-26 20:51:56,2018-03-26 21:07:03,2018-03-29 23:48:51,2018-04-04 18:47:25,2018-04-23,5f3b4004326f4a56ebcc66c4e8b54525,2018-03-26
c17bc584fe68bdf389241631455fc2a5,a4f2d6fe9525ae4f6e009bf77e622e49,delivered,2017-07-20 00:15:29,2017-07-20 00:25:21,2017-07-20 18:13:00,2017-08-09 17:11:46,2017-08-02,ac939740cbc9e252219dd33ec9680158,2017-07-20
f860c7860a105bb2aba6dbdfbc7f17ef,4a468858eca50f59f59f95ec8faf84c2,delivered,2018-05-01 22:21:53,2018-05-01 22:35:16,2018-05-04 09:07:00,2018-05-14 19:48:39,2018-05-25,7f5a31a99fb68d672f872556ac80981e,2018-05-01
fdf9e48108cf744c38b7e25e1801e6c6,868c2c47163497b50be2e28d3ea04787,delivered,2017-08-05 16:48:23,2017-08-05 17:04:11,2017-08-07 18:27:41,2017-08-21 21:29:57,2017-08-29,1ae1a1d8cf3036555b2cb2a97fa1ff07,2017-08-05
21a2a72aad2ad28f19974dd4455722db,937e9cde9c6e45928d8ef0d7536d97e8,delivered,2018-04-19 12:54:04,2018-04-20 07:11:00,2018-04-20 23:18:30,2018-04-23 20:48:34,2018-05-02,7f501d538c4d41264691f6dbda5f381f,2018-04-19
6d86a700fbdfec909998eefa9110f3e9,6efe2f2c813379b610f5cd26e99ce0ff,delivered,2018-05-04 11:14:37,2018-05-04 11:51:35,2018-05-07 14:57:00,2018-05-15 21:04:23,2018-05-29,87b3f231705783eb2217e25851c0a45d,2018-05-04
7f62ff42160c8f3c778b5f4e16ef552c,9bfcdc8405b9bacb9db42037a7af09e2,delivered,2018-07-13 15:20:53,2018-07-14 15:23:52,2018-07-16 14:25:00,2018-07-25 20:19:38,2018-07-27,5461da5b4e1d3a1390f5fae001b3e6ca,2018-07-13
7e89342f1c29435e98fb7a1c2e5aa945,1f6ab90ca6cddef4ddaa7b27decc8e49,shipped,2018-04-02 21:09:39,2018-04-03 08:08:57,2018-04-05 00:35:22,,2018-04-23,3c10c8cf497edc42a80f093d69a9a195,2018-04-02
12a9a890cc3d7680ca149fd16535fb69,b08b1d914afbe92145d57379083eb6b8,delivered,2018-03-01 09:43:10,2018-03-02 09:49:10,2018-03-02 21:04:56,2018-03-05 19:34:23,2018-03-13,a3e45f6630ef02c9df3bf98076b01333,2018-03-01
3b2cb40cbb8ba2ab366c42e890ec4d4b,27cb4bf5cb4bb383dfe3e61c4b9779d0,delivered,2017-12-09 19:18:53,2017-12-09 19:30:41,2017-12-13 16:54:44,2017-12-30 00:43:09,2018-01-17,a2e0989f8ff312e3ffa7865b740d622f,2017-12-09
a9949021920356d13455f9cfdf3cba62,921dc5435f94cb152159a738b5593d0b,delivered,2018-06-25 16:29:21,2018-06-25 16:55:15,2018-06-26 15:05:00,2018-06-29 18:42:12,2018-07-20,1c27865fd31e4e0d9c2a285946507d6d,2018-06-25
219bf1bafc86f67b9a13637cfaeb68b1,4b8425aa99b63584eff7343a4d942996,delivered,2017-12-03 16:29:43,2017-12-03 16:37:23,2017-12-07 19:32:48,2017-12-08 17:24:30,2017-12-20,a9eb3e328b058c6952fb61c794c112e8,2017-12-03
544f1ebc2ee31c6f923a4feba2e0677e,83e4bbdd6e54fe1a68afb9a644667d4a,delivered,2018-04-20 12:34:50,2018-04-24 19:25:22,2018-04-24 20:03:46,2018-04-25 20:48:26,2018-05-08,bdf1e590eb5e662eb2bf38a92d6ee126,2018-04-20
acbb76e6b32badc4a60b1262b6a34c81,59ab821cf1dbb82c79fac9fd2cec1f6e,delivered,2018-05-11 11:16:01,2018-05-12 11:14:12,2018-05-15 13:44:00,2018-06-04 16:07:19,2018-06-14,9075cacf91131201e353d44281b5357d,2018-05-11
58b7ff437a5d00121b575eb9493dc445,a57b9412a20c347327a02a7cee299ab7,delivered,2017-08-27 14:07:43,2017-08-27 14:24:18,2017-08-28 19:22:35,2017-08-30 19:52:19,2017-09-08,3bcc05ddbfa78c5e5445f82ffdf4c44c,2017-08-27
33a34707fe2e887e67e5d2a555f13c47,cc6303121d9155c7071dc346ab37d820,delivered,2017-08-03 12:59:21,2017-08-03 14:55:17,2017-08-04 15:27:05,2017-08-07 17:24:44,2017-08-16,8c1fcf71d5f8996186d32a5b3b5259f1,2017-08-03
ddce97ee9ee3a874f3dda279ee4dcbf0,79e111d9cb72821fef9af1f728e6d697,delivered,2018-04-09 10:46:06,2018-04-09 11:10:40,2018-04-10 13:12:08,2018-04-13 23:06:51,2018-04-26,3cdf3a39f8145953ab80a7a0743f20ee,2018-04-09
31c54ed1a4d3fa48b61341540f1197f8,a9e46cc867db067cd9b59eaad29c6c89,delivered,2017-10-17 18:29:56,2017-10-19 03:15:27,2017-10-19 18:37:16,2017-10-20 23:53:33,2017-10-27,73b7bf72f8e13e85c6a3e7c9fabb3d48,2017-10-17
c5715ae9ef034f7036a9de7a5e9d858b,f7f51e7729ab96c512a283d4a190a07b,delivered,2017-09-15 21:22:31,2017-09-15 21:35:10,2017-09-20 21:12:53,2017-10-04 21:04:27,2017-10-16,ae9aa8f93dbf03449fa4e27c27a51b8f,2017-09-15
a53ebffcfdb8c4e47308374591571f96,33380c31f765f9aa184c40351e9f3b6a,delivered,2017-03-11 20:05:50,2017-03-11 20:05:50,2017-03-13 13:43:59,2017-04-27 05:08:59,2017-04-18,c113c632c226f699c39a1640a5b14fa0,2017-03-11
19423f200e948cc672a41ddbb4fb8c2f,d36b8161eef9101ed8376e0d4c783c17,delivered,2017-05-06 16:38:39,2017-05-06 16:50:16,2017-05-08 11:41:31,2017-05-09 20:52:02,2017-05-19,f35993d31a10101b36a58c67d9aeacd6,2017-05-06
9f6ddc9b8460329accba6276a10f635c,db81f23809617eaea8bd99cf31f165b0,delivered,2018-03-07 00:19:37,2018-03-07 00:33:15,2018-03-09 00:11:28,2018-03-16 00:28:20,2018-03-23,364b8087b99d694ef31ffc39fbec4701,2018-03-07
c6ee16bc69a830e4c2e978c559071137,fa0c2f65b5108e4a65327a1c31f63e2a,delivered,2017-08-14 14:44:45,2017-08-14 15:04:18,2017-08-23 15:07:27,2017-08-28 18:49:59,2017-09-12,4a06e33520b0e62ab9e81b065a098577,2017-08-14
d190601c7afe54080287732ad2b95941,c0f4986577a7d0f58fa631addd43222c,shipped,2018-04-06 08:35:20,2018-04-06 08:50:15,2018-04-12 14:30:00,,2018-05-09,8da56d006743a70098a597b07ba7c351,2018-04-06
f54e13b77fb04661973c69d4ff0a8dec,5b7b35a23a96b75f72bd1406d29a86c7,delivered,2017-08-11 10:24:47,2017-08-12 02:51:05,2017-08-12 14:24:53,2017-08-16 19:55:53,2017-08-31,db2a472043e17c632409c9487eece41e,2017-08-11
2170f9fac08a48aed1fc0b09c13b483b,02a2e57774aff37b1888526dd39717fe,delivered,2017-08-21 13:38:52,2017-08-21 17:31:21,2017-08-24 18:39:24,2017-09-06 18:36:22,2017-09-15,d0145502f422d4a9387f75186674f29a,2017-08-21
2c5e0fb51a8d73bd956b41fe2103f7ec,e6f7c5c97768755c5535d2a3f6add8d0,delivered,2018-04-12 10:56:45,2018-04-12 11:11:41,2018-04-13 22:05:17,2018-05-03 20:33:03,2018-05-09,a8f51700ba0a05ea6c535139886ad4e1,2018-04-12
c27ac06232941e2af3a9e86dde14a045,bb4f26c7127c65f7db82f24a85834086,delivered,2018-07-21 12:02:22,2018-07-21 12:15:44,2018-07-24 16:08:00,2018-07-26 17:07:50,2018-08-03,989f0a4fe35f8a9273ededb28bb0459f,2018-07-21
d96877bce74cc0d3a90e346baf151b4c,770ddb9ea8d35577fc57aeacf6eb8c4a,delivered,2018-08-19 10:08:31,2018-08-20 11:10:21,2018-08-21 13:28:00,2018-08-24 22:32:41,2018-09-11,9e27b4bc0cf717bdaccf71305709db5e,2018-08-19
b4e1a9081751ca0bd48a05c1a31a5f46,ddee05c9af94ca578d546c52eada5576,delivered,2017-12-03 15:58:05,2017-12-03 16:13:52,2017-12-07 20:08:43,2017-12-15 19:49:06,2017-12-27,c36a35fd733577a43d35546c9fbe7737,2017-12-03
2d16a65d064093d387d6b903359976b0,9451edb45cf5cceec7b51c5411a5e663,shipped,2017-11-24 15:46:46,2017-11-25 05:35:24,2017-11-28 19:44:44,,2017-12-26,a37506dcffdbfe2a81ba828c5c930d3b,2017-11-24
68f82154935d1b6e794d1bc0225c5f0a,db97487aac33db3e2595cee7a79983e7,delivered,2017-12-26 17:02:40,2017-12-28 03:31:08,2017-12-28 17:17:32,2017-12-29 12:53:02,2018-01-15,cfcce05b38ea2bb37fe769ace9c6d310,2017-12-26
e0aee1eb2d57773753d8744277ddf472,fe75555d86a6c7a5958c03b263a4e195,delivered,2017-12-16 21:42:49,2017-12-16 21:53:24,2017-12-18 20:59:45,2018-01-09 00:12:19,2018-01-22,dccf2045ca8a94692a1896f0c08dab81,2017-12-16
33d7b87dc8622d0482074d8b653f3b08,6cdc4436f2105274375304ecd8f88838,delivered,2018-07-19 20:37:53,2018-07-20 04:43:16,2018-07-20 14:22:00,2018-08-08 14:44:12,2018-08-15,103c1ec67848487f0c2e852f138e08c0,2018-07-19
ff2ac4e959a96a0c4dd3896f2d676267,e8267fae4397d97a1a9224e187284443,delivered,2018-05-09 17:28:15,2018-05-09 17:52:40,2018-05-11 21:57:00,2018-05-14 17:26:46,2018-05-22,57f374ff5fea84f3570619a1425a6b43,2018-05-09
0cc76fbe09687fda664178e9fc6c404f,007612fef51262f4762d32add5d128cc,delivered,2017-12-30 22:51:13,2017-12-30 23:06:23,2018-01-03 09:44:02,2018-01-06 13:53:36,2018-01-24,2f53681bf01c5cff02bada5809fe302e,2017-12-30
111fd867f837d390ba296535e5ce8b92,f253f58c3e8f21a0997f6332ecc0c01d,delivered,2018-08-03 21:42:15,2018-08-03 21:50:17,2018-08-06 07:17:00,2018-08-08 18:58:33,2018-08-13,9e5663921908dcd140cf657688ef6a0b,2018-08-03
08320dbc54cab8156a9a9f7c74a8b078,8f16e922756eecf1efa35a32d3a57fe5,delivered,2017-07-20 14:53:16,2017-07-20 15:15:19,2017-07-21 14:13:56,2017-07-28 16:16:37,2017-08-11,cd6d36ae7f6cae0d16e84f588958641d,2017-07-20
a9c5309c8e09098f6ff30217e5f05292,e99b3d263b693725c53b3bbd110b0661,delivered,2017-02-25 11:11:52,2017-02-25 11:25:14,2017-03-08 11:09:06,2017-03-22 11:42:48,2017-03-28,8077bbe6ca50d918cc20aaa4e724870f,2017-02-25
3582339d09804cb4c0ee1441f28eea77,3051f59342fb567ba3f8ce50ad4ea5a6,delivered,2017-08-31 21:48:37,2017-08-31 22:05:26,2017-09-01 20:26:49,2017-09-05 17:33:19,2017-09-13,3af478a0ec73d70be569f3f34aa782d1,2017-08-31
7897a7a7d23ab1fcc1811fdc75abcb47,d0244ea97de1322c239a5c65551176e3,delivered,2017-06-10 22:09:59,2017-06-10 22:22:34,2017-06-12 09:33:26,2017-06-19 18:53:31,2017-07-05,f3d7bed02753c161c5965cfdfcb149cf,2017-06-10
195ca8960d7d0d1604cfd88c7159ceea,a66d6e720dd8c5e2b0eece4bd2630992,delivered,2017-12-27 16:00:04,2017-12-27 16:11:22,2017-12-28 23:10:14,2017-12-29 18:07:08,2018-01-16,2f22bd3a40b284b7bd8847f37e625c8f,2017-12-27
b9cf3a59457dd74f7b1191bffa8d0511,b67f6f5721d4f60becb7063216c4d89d,delivered,2017-11-27 23:23:12,2017-11-27 23:37:44,2017-11-28 22:51:36,2017-11-29 19:21:19,2017-12-11,1c720fc61d85b8bccfa247b4cd1ede02,2017-11-27
46a37629a0e29368f654bab0d2a6cb36,bb2864742927b9a86091b575651f58de,delivered,2018-06-20 19:41:40,2018-06-20 19:58:10,2018-06-21 14:01:00,2018-07-05 21:32:32,2018-07-23,fd7a214fc54b7f03a07b316c3c99b53c,2018-06-20
1d7f3280ef428fd4fb454e6d0d1fef43,e587dd5e730f4af7337801d98bd17b6b,delivered,2018-01-31 11:55:52,2018-01-31 13:52:06,2018-02-03 01:54:51,2018-02-20 17:57:16,2018-03-02,3563c87d2f11fb5fc1a25236cf675abe,2018-01-31
51f927ef3f53e0caa0684589414f9626,b55a6e52cecd30fb64a9c15a2d79271b,delivered,2018-04-30 16:30:38,2018-05-01 02:52:53,2018-05-03 15:05:00,2018-05-05 17:02:24,2018-05-18,207fe5bb1b002dd89788c15163ccae8d,2018-04-30
cd2f659fa071787c2e90002891bbea4b,4c5eb8e3394ac94270ce5d9a7c22e6a9,delivered,2017-05-29 16:56:59,2017-05-29 17:10:06,2017-05-30 10:40:16,2017-06-12 16:50:03,2017-07-05,aebfaa38bc677c5d0f0d937fff7ecfa0,2017-05-29
e337b8ea5137b4759a1261a1599d122b,02277211c9842fee492b8e37a17cf0ff,delivered,2018-06-27 20:54:00,2018-06-27 21:10:18,2018-06-28 15:42:00,2018-07-03 21:12:20,2018-07-31,d0b3390ea758fc3db8a00af6c26e5478,2018-06-27
7c0385a35429f81bba270c85f63f4130,be43afaadaae2b40eae2c7db4b5e388b,delivered,2018-08-19 15:41:39,2018-08-20 12:15:17,2018-08-21 06:47:00,2018-08-24 14:48:54,2018-09-04,a293861bf0a71778b6a0747d13dbed3b,2018-08-19
807df0c56461a3ea59823e4144307dd8,c4e4beda841dae55b686660858d7d0e2,delivered,2017-07-15 00:20:17,2017-07-15 00:35:21,2017-07-19 20:24:50,2017-08-01 17:41:19,2017-08-16,6e2759b013eb9cc5025c952bf6b9861f,2017-07-15
5ddb1f7921a2218a2f21cf9ed9995a5e,514f273dcfd868433162e713fd57cab1,delivered,2017-11-24 13:01:36,2017-11-24 15:13:37,2017-11-28 18:04:27,2017-12-23 17:35:24,2017-12-22,e7e84072c5730f21d38aea4e37d531f0,2017-11-24
cf85b1adbeb2de42677013eeabe3befc,008d16b47540f172f75b765d5ea1eed0,delivered,2018-02-05 14:13:56,2018-02-05 14:48:12,2018-02-14 20:13:58,2018-02-19 19:38:22,2018-03-01,35757a3cfd70b9aeab443c4dc1d8ad30,2018-02-05
af89a9009bc9e17652f71301d4065a35,16d001fca73c47f08a0340066a39d984,delivered,2018-08-09 06:47:46,2018-08-09 07:04:41,2018-08-09 15:01:00,2018-08-20 22:55:45,2018-08-23,e10520edb03a947a2af33a375a52d471,2018-08-09
98a9e68b90e2913946a91acde7014d69,ebadcd8e460f755fc77a3750ec9a5e5e,delivered,2017-02-17 16:52:16,2017-02-17 17:03:36,2017-02-20 14:32:36,2017-03-02 17:43:50,2017-03-20,096209cca9e550c4c348cde7dade594d,2017-02-17
b0a7e2d798e5504e83715a7e5bed5fe8,726383c0fe1610954b5d2d1b0546012f,delivered,2018-07-18 18:46:47,2018-07-18 19:02:53,2018-07-19 15:46:00,2018-07-20 20:07:55,2018-07-26,ecc094513213b83c5ade137fb1e88bbf,2018-07-18
b38eef08b40fc62c878cc175dd26cd8d,ab861bc4b2bc57d0f9043c2df76cfe38,delivered,2017-07-23 21:00:12,2017-07-25 03:50:28,2017-07-26 21:13:04,2017-08-10 20:51:59,2017-08-07,a9b8982c5c9e68e1d4d45f6faad855a9,2017-07-23
5fea3cccea637c7c3b04bc1d92089486,29376649468511d1b27a6d6e529dccf4,delivered,2018-04-09 17:30:16,2018-04-10 03:35:27,2018-04-10 22:49:43,2018-04-19 22:03:36,2018-05-16,b3d82de2e6075f821657bf6c90234f76,2018-04-09
14af65d7109058f32b35ed10a594cfc0,2decf32109c63899d726c630b7e5d5f7,delivered,2018-04-24 15:19:51,2018-04-24 18:35:15,2018-04-26 11:06:00,2018-05-03 18:58:47,2018-05-22,1549e4556b77686c668e20bc84d6deaf,2018-04-24
a9880f780c93ecdc4a6c6cfbeec27925,dc3ff1c55f63746fe72910164fd2483d,delivered,2018-04-06 09:36:48,2018-04-13 17:15:23,2018-04-16 15:11:45,2018-04-17 23:19:06,2018-04-24,e909a34511c81a374a61b0f06a8bcded,2018-04-06
e943e3e10c10f28b98d9f5737793c267,e0fba8b6fe7a1d8932984439d9a58ad0,delivered,2017-03-04 10:57:10,2017-03-04 11:10:15,2017-03-08 12:05:22,2017-03-22 13:58:36,2017-03-27,970144268fef8e5a97213cb79f370884,2017-03-04
c3f522e0d16a23140f0fd5a49f89a4cc,52f0d7071e465ec002cb3321545c3e7c,delivered,2017-03-06 22:58:22,2017-03-08 03:23:03,2017-03-08 12:41:29,2017-03-20 10:43:59,2017-03-23,5cbf577aa643b800590b5b2db36aa400,2017-03-06
cadf2edfaac0597d9c8575252b0415aa,932c1d1714159ec293a693272c3a1335,delivered,2018-03-16 16:34:44,2018-03-17 16:32:29,2018-03-23 00:51:59,2018-04-05 11:55:29,2018-04-13,87c89a7f5fca6666fe5ea51e8b696702,2018-03-16
8ecbd154ae8606303efeff206a6b42f7,caf6604151c495566434d033a1f9a4ee,delivered,2018-01-14 18:02:21,2018-01-14 18:12:28,2018-01-15 21:58:49,2018-01-17 19:57:42,2018-02-08,2e3f6934171442bb4dafec9fbdde68af,2018-01-14
1c7c80b8301e9593ab7e370aba54a688,b01e8e88be6af213e6a6cbd5ad944e67,delivered,2018-08-18 22:45:25,2018-08-20 10:50:35,2018-08-20 15:17:00,2018-08-24 20:35:50,2018-09-03,ec750894cfa77e250eee592f9b10e522,2018-08-18
0df84fd499d4271993b678c5509f3779,e5969b5d6ff813ccb25b96aca4a9debb,delivered,2018-08-05 11:10:22,2018-08-05 11:24:19,2018-08-07 14:22:00,2018-08-16 15:46:57,2018-08-17,dde5d3aa9240a195f31460f12f526ec6,2018-08-05
d6bb1f2d6bbaa5c7ed01225a4eab7dc2,49b82890f880fd8d14654245b0826623,delivered,2018-04-19 10:24:04,2018-04-19 10:35:37,2018-04-20 22:42:01,2018-04-23 20:08:31,2018-05-04,2ad3e8ebee7119e3be506709cf52c2e7,2018-04-19
5a30bac46bd67c48565822b5789c0954,8009876c0e2c6b5b61c9e9dc5e1a7f40,delivered,2018-08-04 19:41:25,2018-08-04 19:50:13,2018-08-06 14:34:00,2018-08-08 18:14:29,2018-08-09,a900ff99a192cbaf6ae8e867a95117a3,2018-08-04
c6928363562453a5782ff77bebe5bfb5,fc4864717c28d7c6f7c77ba6fffca526,delivered,2018-03-17 23:04:55,2018-03-17 23:28:21,2018-03-20 03:42:42,2018-03-30 00:56:37,2018-04-11,f43a0abc09ca9be20e26630515a8a623,2018-03-17
c43ac850cb9c3f22945c9466b0c20888,8a9d6b437b4293c0b16f072a5b3bddb0,delivered,2018-04-12 16:46:36,2018-04-12 17:13:27,2018-04-14 03:22:02,2018-05-02 15:57:54,2018-05-08,59ad44260fe22a49e0403dbb90cdf05d,2018-04-12
39176f8e4a96aef60a2f8df4431ae834,2e64e5e8249adfb083002ba9557ad24a,delivered,2018-05-10 13:03:41,2018-05-10 13:35:44,2018-05-11 15:13:00,2018-05-18 18:22:07,2018-06-06,83a3745968ab3d20063d8a5e801e9144,2018-05-10
f8385fa26ee1a262ff80d5a3181a63e5,dca0cf5e53101adfeb3d71f5260d3a57,shipped,2018-06-26 18:55:55,2018-06-29 02:53:29,2018-07-04 14:46:00,,2018-07-23,20bf5df4cee4a9c25e75addb85e00d61,2018-06-26
5103a33779a9aef136d6dbe242f779e0,5b353a2b5939d6221b41e3e26a18cf98,delivered,2018-06-04 16:54:12,2018-06-04 17:10:51,2018-06-05 14:37:00,2018-06-11 18:52:12,2018-07-17,4c5b79cd982d1cd497fe84d1a693e27b,2018-06-04
90d36c9ade58b86290e2b48ca7348cc2,3eb2f427052bb599312cd03531c90469,delivered,2017-10-25 15:07:24,2017-10-25 15:27:37,2017-11-16 13:18:29,2017-11-25 12:57:07,2017-11-16,30d13c3e324acc4ee50bda3e4456c644,2017-10-25
68be5488c0fe6f10d9fcf87080556f7c,072dc9b3b89c0c4822159ec565baeab9,delivered,2018-07-30 09:18:59,2018-07-30 09:35:16,2018-07-31 19:02:00,2018-08-01 13:36:46,2018-08-02,b45a79024fbf6b64da5343cfa44db63c,2018-07-30
8a010b7aba0be6915aabf393ff26a45c,512f565aee4d2af9d8c5d974ca152bc0,delivered,2017-12-14 13:14:01,2017-12-16 02:51:13,2017-12-18 21:59:01,2017-12-21 22:18:08,2018-01-09,8890f68ab2a96bfa1ee19a3f2f72bd74,2017-12-14
2c0b15f658bd85594b7943de2c9719fa,31ce4afefe39aa36a75051e21e8ca600,delivered,2017-09-12 14:23:59,2017-09-12 14:35:38,2017-09-13 17:12:06,2017-10-11 14:02:55,2017-10-19,ddd9c384b4b7a2f80366ddacd8a7bfd4,2017-09-12
0277e2828b1b5735351d7818e6658ed1,9747b6c6ac1b29b403e491b74feacea7,delivered,2017-09-10 20:50:42,2017-09-10 21:03:43,2017-09-11 20:53:49,2017-09-14 17:47:44,2017-09-27,3260f4f60bac2dedc22a61b36c87b0f6,2017-09-10
406e77234ec47031020fa6bf9507b59b,158ced6ab5b04dcc374324d4390fce1e,delivered,2017-09-07 21:32:35,2017-09-07 21:44:00,2017-09-12 18:27:56,2017-09-22 16:05:05,2017-10-03,97c0d90b4d37062c75b5f836ce3ab957,2017-09-07
05c8ada178f3ab074886530731749bd5,c5a0f4b9e4131b697c6820b8f657daae,delivered,2018-03-29 23:18:04,2018-03-29 23:30:15,2018-04-04 02:08:27,2018-04-11 20:12:34,2018-04-23,ecf81a5aa7120aa2e01b8d9ce4f73b6e,2018-03-29
7d876888736c3cede00bba647f00454c,193649c4be7eb6195c1e365ff77d0eca,delivered,2018-04-09 03:22:32,2018-04-09 03:35:09,2018-04-10 23:14:19,2018-04-13 23:47:50,2018-05-03,fed23f9632ca388a24a83a0999c33c79,2018-04-09
e37cb83a77f2c53e5710ace789c66a97,cba01256a91cbf13bd35e735b8a5fdd6,delivered,2018-07-08 23:12:50,2018-07-08 23:25:19,2018-07-09 15:54:00,2018-07-13 18:26:25,2018-07-30,e540a3a7ed5d99abf5cb2c8c6e8a867f,2018-07-08
32e132ee5e808c1933c32c3c9ec17361,4f41b1a6da9287e5f4d3668400a2ea37,delivered,2017-05-05 07:43:50,2017-05-05 07:55:14,2017-05-09 14:49:52,2017-05-18 14:37:40,2017-06-07,61a375f949bbdfcb28bbac7bbf880f9f,2017-05-05
b2e77af6e5d073304e896d1f140da964,6ad36fa6ce85979f39488aad79575a1b,delivered,2018-07-18 21:33:38,2018-07-18 21:45:18,2018-07-20 13:57:00,2018-07-25 11:41:04,2018-08-02,169aa8b3ed15a2101d164c8ec9ae3ae4,2018-07-18
c06e996d9f8e42fc3e8d99d21366bd8c,41a02c8fd628009f83d4224f7be4bd95,delivered,2018-04-18 11:58:12,2018-04-18 18:36:38,2018-04-19 17:03:22,2018-05-08 18:38:49,2018-05-11,5515995dc7e8ee912a40eed563c01f16,2018-04-18
41d6a7b15ec6c87722ac10f480c1d5e3,489c961db4ea27ab3d9cfa6d9a0f0995,delivered,2017-09-03 16:48:45,2017-09-03 17:03:46,2017-09-04 12:12:22,2017-09-05 21:22:24,2017-09-15,d1139712d0e30659a2564b005eb45e13,2017-09-03
302e35ab075da160f3f02ba14e56d918,79cfdb8249a19f4294a99bce2fc9b2a8,delivered,2018-02-27 09:23:07,2018-02-28 09:50:58,2018-03-05 16:17:31,2018-04-02 23:46:37,2018-03-22,40d401516e918ca4302066d474b6ddd4,2018-02-27
756fc608f67478946b31c752681f27be,ce5b56c495944af078df7f4e10719be7,canceled,2018-08-14 08:14:45,,,,2018-09-04,6bb7c9ac69dc13b436f413acec41a1b6,2018-08-14
398d714b55535c832a8bd66bf83defd9,8b5eb6285132137324ae38a3f8c7d2e7,delivered,2017-08-29 15:19:07,2017-08-29 15:35:27,2017-08-30 18:17:46,2017-09-06 22:22:18,2017-09-19,da3176601c624fd9cdb0b9512f99c525,2017-08-29
6182f426bfaf3fcacda874e7da0a7561,e31b2f518f94b17e3b43a035427f7d0e,delivered,2017-03-10 07:58:13,2017-03-10 07:58:13,2017-03-10 10:47:10,2017-03-23 15:47:51,2017-04-06,c52ab8bfe2d6487d52c72337ad9d2654,2017-03-10
d0bff47153ef056bb4f884a2ec2f0691,5bbd3f38fe696e4bc73a9f914a6716e6,delivered,2017-11-23 15:05:54,2017-11-23 15:30:04,2017-11-28 18:59:15,2017-12-05 00:37:37,2017-12-20,7305430719d715992b00be82af4a6aa8,2017-11-23
2eae590e79adf4a3c3876767968770ac,582bde47354c490991f601d223d34537,delivered,2017-11-25 17:42:22,2017-11-28 03:21:57,2017-11-30 15:04:52,2017-12-14 23:25:04,2017-12-15,7e57064449560b92abe8f75f92a0a9b8,2017-11-25
2b4b44b2668666eb59404ad3212d4826,32e5be390665e8662d1c7523c2a4db25,delivered,2017-11-17 13:14:15,2017-11-17 13:46:39,2017-11-22 00:59:10,2017-11-29 22:04:56,2017-12-06,bc0c41b70e1126510082daf85aece147,2017-11-17
9a63315dcf91f9309c3a2307abbcb9b8,d1926dcc495a442316b12a825024a9d0,delivered,2017-10-16 20:16:28,2017-10-16 20:28:24,2017-10-19 19:55:36,2017-10-25 20:53:51,2017-11-07,0fae1816b7242d4a1201ececd7d84238,2017-10-16
4fe46529fed4601ccb07ba71cc357567,d6c6231fe530ce9dcf146cb013ff74e7,delivered,2018-07-10 18:55:39,2018-07-13 16:06:57,2018-07-11 12:26:00,2018-07-30 14:07:57,2018-08-07,c64b3c04a6122794a85f5aa1c304e815,2018-07-10
8821146ecf8a1eb441aa052b371f1814,6d41885118d1c89e00b8a67eb3e74653,delivered,2018-08-11 08:47:48,2018-08-11 09:04:28,2018-08-13 16:21:00,2018-08-15 16:26:52,2018-08-16,d518dd49354820d1ad430f1494afd415,2018-08-11
cf747734b50691a179b579b11690910f,1d7155ac87fdd56fd53e56c89ae371c0,delivered,2018-06-01 19:44:29,2018-06-02 19:50:26,2018-06-06 06:08:00,2018-06-08 14:23:46,2018-06-28,85205472cf78ef6ee170f19a5a08fee2,2018-06-01
1887d0f6362cc8dd05b9c7764fe627b7,22ae5f4de1d774859fac89de1d9658eb,delivered,2018-03-20 18:20:00,2018-03-20 18:30:37,2018-03-27 22:08:47,2018-04-08 18:03:11,2018-04-16,321509aeb2ff5dae0fec3654f50b7e56,2018-03-20
d483bb3f567fb6178f1c27240a01f44d,72014bae77677fc4c8913788f0b50a34,delivered,2018-02-15 20:22:27,2018-02-17 03:47:57,2018-02-20 22:53:21,2018-03-14 17:05:12,2018-03-08,e28d4afb289c74a91e78735c675ca468,2018-02-15
13d3f4e508a98d94177dcdb34a8469c3,74df87b2ebcb43ec7e67d677a3a88a8b,delivered,2017-12-22 13:56:34,2017-12-27 04:12:35,2017-12-28 21:29:48,2017-12-29 16:15:55,2018-01-12,1276676f98de84f12fa5883c68c38146,2017-12-22
d1579c450369b0b5d8bc67cdc0fb1f08,dc4ad93e6f41f8072965527c8083c47d,delivered,2017-12-12 11:29:56,2017-12-13 02:32:28,2017-12-13 17:35:06,2018-01-03 22:03:10,2018-01-10,7dd39512d400854ff4e21b1d8b9ddff9,2017-12-12
9c0dd0fc76f974318be91a7fb9dc337a,f52443eed97ec3bde9d3abf42938f44c,delivered,2017-08-21 14:29:52,2017-08-21 14:45:15,2017-08-22 18:46:10,2017-08-25 15:59:49,2017-09-11,bc110b835007414bd5f05e7200115cfe,2017-08-21
43dcf7dc059a67a9b9d62191f5e6b4d4,c315587ceb4ac7979c889fd24c860ef4,delivered,2018-02-10 22:21:25,2018-02-10 23:29:45,2018-02-14 20:04:48,2018-02-22 15:12:42,2018-03-07,58ac40e7d2d842b8167206114891669e,2018-02-10
4932255e68f63e3a5f809bd4b96fc9a1,9b9ef0b86d210aa78290882b2cbdcea3,delivered,2018-04-18 08:20:24,2018-04-18 09:11:25,2018-04-18 21:14:38,2018-04-24 20:46:46,2018-05-21,2585a52c9e40ce4cf0f16ce6c7336cae,2018-04-18
a1df9e94edfa8f6ac4cbd9b377899672,9e73bdfbdae3df7c758e2c049c16265a,delivered,2018-01-22 17:44:32,2018-01-22 17:55:27,2018-01-25 12:08:48,2018-02-01 15:55:40,2018-03-06,7fa6d33a71471ecc658fc9557bba75d9,2018-01-22
3e073b27114fe955e184db124d34a566,6ad78e330d6e0f3dfc471115f17371ea,delivered,2018-08-07 16:35:35,2018-08-08 14:10:16,2018-08-13 15:35:00,2018-08-21 17:18:55,2018-09-19,c8460e4251689ba205045f3ea17884a1,2018-08-07
96d4aa53586046965c471164413b37cd,12d54e7bcf721ea2debe5e1a7434aa6a,delivered,2017-08-03 13:59:34,2017-08-03 15:15:14,2017-08-07 15:29:43,2017-08-15 18:03:54,2017-08-29,49cee01774f85ef576192e1038cf9cc6,2017-08-03
aae1b0d4a875d809965f0ea19c86ff95,7fb06cf41183d4ff1eca879247681b56,delivered,2018-07-30 11:11:27,2018-07-30 11:44:30,2018-07-31 11:38:00,2018-08-01 15:38:39,2018-08-03,74ff722b4791b84ad9efa1a2caf9db62,2018-07-30
9cb197309d8105d9d407533fce50ae34,b7d357b5d22f91e4ee177ed8ae73e5d8,delivered,2018-08-24 18:00:29,2018-08-25 02:45:21,2018-08-27 11:34:00,2018-08-30 14:03:48,2018-09-03,3d0c8c998a357a87d2f075868f3479b0,2018-08-24
650cf4a3760375c8eab33cdfda4aceff,63060fbe4f7830b0dde95d6f4198d2d8,delivered,2018-08-21 08:35:57,2018-08-22 03:44:20,2018-08-24 12:20:00,2018-08-30 18:21:36,2018-08-31,21b415d826c810b064a7599851f90e2c,2018-08-21
1031e136362f6146fec2f01610358fca,df0be7a0d523566ae05e9cd7ab862a68,delivered,2018-04-04 15:57:48,2018-04-06 03:28:39,2018-04-09 15:34:52,2018-04-10 16:51:50,2018-04-16,eeb71e286af9562fe3477bfa239eccab,2018-04-04
5d4f7c285f497d34734c73d0db2cf236,8e85b6f2c0f14714b7a1cafaf9c4eed3,delivered,2018-04-02 14:53:01,2018-04-02 15:11:54,2018-04-04 18:24:52,2018-04-11 17:38:50,2018-04-18,7e9dc9b6162184e57e4415b69ecd3a8a,2018-04-02
2369ff1232ff0d10bb9d924732757881,1543d33006419c3806d6e4d2a1b7560c,delivered,2018-04-23 21:27:11,2018-04-24 18:25:33,2018-04-24 23:08:40,2018-05-16 19:48:48,2018-05-16,bd22e8c08d3479a7d228132d13dd08f4,2018-04-23
52c5e13fda94ceb769df5565b3415466,df68a541b3247a8de6570d0a788e8af0,delivered,2018-02-14 16:38:59,2018-02-14 16:50:26,2018-02-21 11:28:04,2018-03-05 15:08:33,2018-03-13,0ddba04798f1c085d0ca93af0e91f6c1,2018-02-14
7cd12f82d867bf5cda813ec60b7c4db8,a54aad5eae4138da92dbf946b7f71531,delivered,2017-03-19 16:16:44,2017-03-19 16:16:44,2017-03-23 11:03:31,2017-04-03 14:43:58,2017-04-12,ac3d0486b7d480d8a6377c735a0e59b6,2017-03-19
431edc9c63424518da8f273659cafa77,cd036f4704c0f53c4363227d956745a6,delivered,2017-10-05 10:01:44,2017-10-05 10:14:21,2017-10-05 19:49:58,2017-10-11 18:13:37,2017-10-31,eddc1407b097ef7952deb24806c9059b,2017-10-05
1f297fe93c435a51586ee198938876d3,7b9c62c11a289126729179b8a781c2a2,delivered,2018-01-04 14:57:28,2018-01-04 15:08:24,2018-01-05 20:22:19,2018-01-19 02:57:43,2018-01-29,b54ee6be9fa205d9824423429577e3b1,2018-01-04
0fe5bc7345e72628330234915ed373bd,d1bd63b46da6c1af59a5f618fa5573ce,delivered,2018-04-18 13:37:25,2018-04-20 07:32:06,2018-04-24 19:29:29,2018-05-07 15:18:59,2018-05-17,b65d950b6c9957afb376a73e25589599,2018-04-18
0b49ef15b00408f4b3cc8c7ac0c5ae19,b2e9fe38e0eb107f91e26b5f777de56e,delivered,2018-08-07 11:15:11,2018-08-07 11:30:17,2018-08-08 08:22:00,2018-08-10 22:08:33,2018-08-16,6f5994cb7fceadc61d70b91fffcfcc3a,2018-08-07
ce79ae0eb1e344fbf19835147efc64e4,e758443211dfead853b497789eb50c86,delivered,2018-05-24 20:33:03,2018-05-24 20:54:02,2018-05-25 14:27:00,2018-05-28 17:18:39,2018-06-13,5ea2a9453e4e5dfbdb7ba83435624914,2018-05-24
5fae5b3e4e5a5c6b02a38d8e4536a81a,8539453c168f44ac4ee095374bc8ea2e,delivered,2018-07-09 16:52:12,2018-07-09 17:05:05,2018-07-10 13:56:00,2018-07-14 20:51:24,2018-08-02,0d2ba808d67ee955842b258f37ecde78,2018-07-09
27fee5c620c806ed4f239ed553fca699,9dca8837b7f9fc25ae379a58bb66094d,delivered,2018-05-22 12:27:08,2018-05-22 12:56:01,2018-05-22 15:36:00,2018-06-03 18:39:37,2018-06-07,c207b575c7935606edefd74a43419a21,2018-05-22
5ec57659b85eb947cc673208c233ff65,98261ac4c9595f4d742f83d911922cf5,delivered,2018-07-10 20:12:39,2018-07-10 20:25:55,2018-07-12 10:08:00,2018-07-20 17:11:55,2018-07-26,de50d300d408a7fe1348fa8bd197ddf2,2018-07-10
badd6d6cf755e89c81ba57457f8aacc9,972056006e048e5851321a1269e1318c,delivered,2017-05-02 12:01:54,2017-05-02 13:05:46,2017-05-02 14:53:56,2017-05-09 14:25:02,2017-06-02,93aa7718a73f8be46d41f26c02abaff3,2017-05-02
486c20b6af5c5dc6163705a3c6031c3a,eca219203e02b039ed7f8d41c4a7af8b,delivered,2018-05-17 10:25:03,2018-05-17 22:09:09,2018-05-18 14:35:00,2018-05-24 15:49:32,2018-06-05,611d9e85d29b5fd39533958dbb11bbbf,2018-05-17
a2d72ff17d07bd4f05cfaa40c6c8e2a2,a801e13671f0d153d84b6e3907637afe,delivered,2018-08-20 20:44:14,2018-08-20 20:55:31,2018-08-21 15:38:00,2018-08-27 18:38:34,2018-09-03,da0d679e95ad36001e6013407061374b,2018-08-20
d15a203ea25983a3a17ec382a8a9122e,fe0697e0aefd1e73bef77dd71948100d,canceled,2017-03-28 07:27:16,2017-03-28 07:35:12,,,2017-04-17,29e926c059f7b8bc2ee0b483932e4f4b,2017-03-28
75a603587f83062993751067174b8cbe,e7a85f7732b63aa1d69776cde5991ac8,delivered,2017-10-02 09:04:58,2017-10-03 03:56:32,2017-10-06 20:57:30,2017-10-17 19:42:00,2017-11-03,4edc8b814260113b58134ee968726c5a,2017-10-02
f481c4a578efee5b662a2df18c3df59e,a1e3207213fb4e743661d253b7bf5b7f,delivered,2017-11-06 17:49:57,2017-11-08 03:31:02,2017-11-09 21:48:44,2017-11-24 20:09:49,2017-11-30,3b8e35acc6e08d9146f097dc1efbf471,2017-11-06
52ed4ea43ae701531f7a3a18b16783f8,8625add91cf6b981e6fac5cd0b5d733e,delivered,2017-11-21 09:56:24,2017-11-21 10:06:52,2017-11-24 20:36:34,2017-11-27 16:52:03,2017-12-01,bb35291ced41cfff00e819077c4d9924,2017-11-21
b6ab72d17de0a5c4bdf888f55c9acb4b,ec201fc4260520724e8ed826a03bfbf9,delivered,2018-01-30 23:59:17,2018-01-31 01:04:42,2018-02-08 12:08:32,2018-02-15 17:36:08,2018-02-22,71affe163d03c72a07cc3238d6945440,2018-01-30
8f41f6ee6b11dbc12bd14d1d0ce1641e,c45842da0f866f6c40b7ba3f7c1aac20,delivered,2017-04-10 11:53:07,2017-04-10 12:05:32,2017-04-11 14:54:36,2017-04-17 09:52:48,2017-05-04,caaddc11f386496d63c1c175522f0be2,2017-04-10
4642ed1845e7cd193a89f622e9f4611b,1c72b1dd375ef8c7db973309f930fb5f,delivered,2017-08-10 21:17:47,2017-08-10 21:30:16,2017-08-14 14:46:50,2017-08-16 18:32:23,2017-09-12,44a4a7cc2c0e9890778117619bdc7a96,2017-08-10
7b0991b804c1f59ff08aed876cd41c5b,269e3d5f088fc1f4b2a81eb0ce8ce7d6,delivered,2017-05-17 14:14:31,2017-05-17 14:25:11,2017-05-17 16:02:22,2017-05-18 15:09:30,2017-05-30,bb4a329975df85aa69684e124f0b48b1,2017-05-17
b3108f27643eea40f4f48165e702ec26,610cac052cc9c4467f0d271e7be51ce5,delivered,2017-07-08 21:25:10,2017-07-08 21:35:13,2017-07-14 19:47:49,2017-07-26 17:23:58,2017-08-11,220a4347e32856d9c20216702cab4a68,2017-07-08
c700b407cfb9699e423866878835f42b,8e35ad059c14e7c2098879b6812fbbe2,delivered,2018-07-03 18:30:09,2018-07-05 16:12:51,2018-07-04 08:51:00,2018-07-10 18:49:52,2018-07-24,5b97eb89e71d8e7cbe9b3023a4d69f97,2018-07-03
dd84b69df0da011da2e46699ce4cc853,50818551b3934e037e9f8d8dcf85c64a,delivered,2017-11-28 21:32:51,2017-11-28 21:51:22,2017-11-29 20:58:55,2017-12-05 21:02:47,2017-12-26,abfde0ddba960997232f27d6367a0cf7,2017-11-28
66ae643a6c0830c098026b35febfa2e4,f9d62536e8a5f6a1ea83f6d7e39e4d0e,delivered,2017-11-24 20:06:59,2017-11-24 23:13:25,2017-11-27 14:32:53,2017-12-12 13:18:50,2017-12-14,41bca98e3874923944af72e49f7671b0,2017-11-24
22a409aa094a6210e26006088a346124,73b25d06c4c8b89ac3c9ec3198e843d7,delivered,2018-07-24 01:34:25,2018-07-25 01:30:09,2018-07-26 10:04:00,2018-08-06 14:57:37,2018-08-10,0ee8c10ba5bf1fd978741e98bd9449b9,2018-07-24
6275720be53df0d94e7d7109f4f02ad2,a20eca856c890ec1eeb6d0cfffea3201,delivered,2017-02-20 23:05:53,2017-02-22 03:10:23,2017-02-22 10:46:50,2017-03-08 14:18:11,2017-03-21,42a1a17ab8c539d01d158aabd7d55eae,2017-02-20
d7d9f1ff0b6aa62f2d4e7fc99e60e8ea,acac7c47f37fdb07e2bfe3932a997d3b,delivered,2018-01-17 13:21:41,2018-01-17 14:56:22,2018-01-18 23:18:53,2018-01-24 19:52:56,2018-02-21,ca786ed29e0b265f60c9fd3b691e75a5,2018-01-17
74cf1b092d51c72a195a392662615069,8ff7a7b0a03872ee975dd87f0355b5a1,delivered,2017-12-31 12:16:02,2017-12-31 12:26:40,2018-01-02 16:49:40,2018-01-11 20:04:16,2018-01-29,638703f7716aade4177893b3e2a66d1c,2017-12-31
aa65d58f7ec283d50195563c69c9d6da,5d15d261277478578cc506877e251096,delivered,2018-05-01 19:37:56,2018-05-01 19:52:57,2018-05-03 13:56:00,2018-05-09 20:14:43,2018-05-25,375f43dbfdd8411099e469df43b49b81,2018-05-01
d120a708fb38c8232ca1d0ca112731c5,5380c5d416978c6db0a431ad809ae4a2,delivered,2018-01-15 17:26:49,2018-01-15 17:36:25,2018-01-16 23:03:24,2018-01-26 22:41:24,2018-02-16,602c5ad238042c02179404a7def5b4d0,2018-01-15
fb7688c98b85305cf636fb26b2804186,ae1f942f94dc23319dbe330f38ff5c04,delivered,2018-05-20 11:35:42,2018-05-20 11:51:04,2018-05-21 14:55:00,2018-06-13 00:36:32,2018-06-06,56c964ce504f3dce08f3f1df858eccd6,2018-05-20
103333c1fad5bfda8e9b1c84615fae2f,542ee88c6b2b09066ab2f1ebd50b2946,delivered,2018-05-07 21:04:51,2018-05-07 21:31:14,2018-05-29 15:26:00,2018-06-12 18:12:21,2018-05-30,985d9f53ad66ad77a18af05dde7fe8b8,2018-05-07
55a4f9b50beced29f599c03bf4df76e0,f91f25c334f44970a6b8e4b2f3b24f5f,delivered,2018-08-03 21:28:57,2018-08-03 21:44:06,2018-08-06 14:06:00,2018-08-18 10:32:19,2018-08-23,df3fe24bb641f97427acab1c46a06dd2,2018-08-03
293fe99febcd4990b7ab31c5cd2abfd5,407d685edcbff0e025864e271eb2e5b7,delivered,2017-08-20 16:22:25,2017-08-20 16:35:13,2017-08-22 10:33:43,2017-08-24 18:43:51,2017-09-05,ad6048aaece948651ee4715743f7aa20,2017-08-20
163099b696818c7c5dd7ffb4e01209d6,9c08631b9b6512391bedaaf207cd9b5c,delivered,2018-06-01 13:09:45,2018-06-01 13:31:52,2018-06-05 09:22:00,2018-06-09 13:59:39,2018-06-26,5cade7c0ab4c535a04b4836b7bc6c4f3,2018-06-01
478f37d7f0b12816126177f6d325380b,9e053c9ab0fdd14be294b0023de43c71,delivered,2018-06-07 19:45:30,2018-06-07 19:55:57,2018-06-08 09:35:00,2018-06-15 18:53:52,2018-07-04,10351fa9e690ca750568e3c19978d69e,2018-06-07
e2a875ab76ae9c68c532baa517d90363,07e9c547c9d2b7d8ac9a35e81dbd1d89,delivered,2018-03-16 10:07:41,2018-03-16 10:24:54,2018-03-20 13:29:32,2018-03-29 00:24:18,2018-04-04,f4b056f3ca53d48ed82f8c9671cddb64,2018-03-16
16561ffb6af09015484f1ab3dd7b0378,2980bff7375d754e10a2a4e73e9eda0e,delivered,2017-12-06 00:15:52,2017-12-07 03:10:50,2017-12-07 20:37:04,2017-12-19 14:29:28,2018-01-04,85e2c6230d1b9e2241cdd03d81bd0069,2017-12-06
9a9cac4ec55eecd7cbb85d77af0f07cf,c0220048be27a3faa01fab2bc5d5354f,delivered,2018-08-12 21:51:20,2018-08-12 22:04:26,2018-08-14 14:09:00,2018-08-23 20:38:44,2018-09-17,a163d05eecb19576ff0157a8f55844f1,2018-08-12
9e4f46493d96c5842aa031c7407d2552,cd0549937dd2e79fb141bf699fe2884c,delivered,2017-10-26 13:26:58,2017-10-26 13:49:29,2017-10-26 19:35:09,2017-11-01 19:07:33,2017-11-16,4b934f9a99d1695c32d82e0eb521a101,2017-10-26
612e4c9f0a4b338dfaae8a463a518e5e,812ae5f51087e46a1c491e95d3baf5e6,delivered,2018-06-28 14:06:43,2018-06-28 14:31:19,2018-06-29 15:07:00,2018-06-30 11:12:04,2018-07-12,890b3541cfb2ee499ee2d4eede088792,2018-06-28
bb31ece4e45d4374e78389359b01f690,3fb3b5a901f4d21b944d1bd9ece51e60,delivered,2018-06-20 09:02:43,2018-06-20 09:20:30,2018-06-20 16:40:00,2018-06-25 18:47:47,2018-07-23,32f1810f19fdb055c7f9beeadfd4d2a9,2018-06-20
3ce3ea3283555ac158b83c7cc2093ca7,b417cb435c44229b6f76ac61dccc1dd5,delivered,2017-08-15 12:54:48,2017-08-16 15:15:26,2017-08-17 19:22:47,2017-08-23 02:57:55,2017-09-06,042297beec42e6c4f8cf199860398c22,2017-08-15
ccbc6d72962da1952d471d3bb26cd5dc,f96fac15ddb994992dbd5297fcc32e05,delivered,2018-04-11 18:02:14,2018-04-11 18:15:22,2018-04-12 18:36:36,2018-04-30 19:54:31,2018-05-09,de8dd69c426a3d33c1f14c15ad8a2969,2018-04-11
ef32d0ec67bd0ab2ea40c31c3f44571a,956f92f85ef93e5464e0a4e80a51d9ec,delivered,2018-04-05 07:46:23,2018-04-05 08:09:56,2018-04-11 21:06:02,2018-04-19 20:38:53,2018-04-26,5cbb4434b22b272315655de6df0fcd27,2018-04-05
12a72e49c959db8d7552036e53a67f49,24965a26ac0ca8671c6c057ee371c06f,delivered,2018-07-30 12:34:38,2018-07-30 16:05:08,2018-07-31 13:24:00,2018-08-09 15:28:46,2018-08-14,29213b1365c936a2bbce9010324ff7cd,2018-07-30
b23dc118eeff3026e4439226216f5246,63f302027b9de5de5e4dbd5da3f70f0a,delivered,2017-11-30 17:41:26,2017-11-30 17:58:46,2017-12-01 17:36:39,2017-12-13 22:23:41,2018-01-03,031622ad47dd31196b3f0d7171c5eddf,2017-11-30
cd6764d145d06aa99b4d3e54afe203b6,358d340407453a509997b8298dc1ef5b,delivered,2018-04-01 02:54:21,2018-04-01 03:27:26,2018-04-02 21:19:24,2018-04-03 23:02:20,2018-04-12,a928e924ee8eccbcffb327ef266638b5,2018-04-01
9e9b1a4e3c37db666652ee2ce50e0700,d9823acef9aa0b55e9ba57c2b759ae82,delivered,2018-08-23 17:19:01,2018-08-23 17:35:17,2018-08-24 14:09:00,2018-08-29 19:22:31,2018-09-10,916bf8f66c0626d5a56bb24a048aa279,2018-08-23
329033bcfc8c56c7d06fb88f2e60f320,7da8f545ceabcd24a5237ab53f763657,delivered,2018-03-07 23:01:52,2018-03-07 23:10:34,2018-03-08 19:05:07,2018-03-15 21:22:26,2018-03-19,5a410e78b4053f22bdff2e82d86130ad,2018-03-07
accd923380006cc7eb4df308538f9cfd,99bde4061027dd85685a201b61d63722,delivered,2018-08-10 11:07:21,2018-08-10 11:15:19,2018-08-10 14:10:00,2018-08-15 17:44:56,2018-08-28,92eb9f69fe77f42bf7a648c21fa2cc76,2018-08-10
0e3e9ace0a88a5472a5fa59b8909a8e4,5d44b0796aed22e02ed55dc2d5ff238c,delivered,2017-05-31 09:30:25,2017-05-31 09:43:44,2017-05-31 15:56:57,2017-06-10 08:26:51,2017-07-04,886612f0f03ce824eda890fc69d81719,2017-05-31
9f9441b89b4d44ee3cf22af52e988757,c8158b6b236a4cc00e0766c812b7645b,delivered,2018-05-17 16:35:48,2018-05-19 03:13:03,2018-05-23 14:48:00,2018-06-09 12:32:41,2018-06-05,c9b254a82a1ab13c17407076046080ad,2018-05-17
c8584f2a0bdbf0ac38e859a8f7744039,6df926e23e9d935e27bcab0e120511d8,delivered,2017-08-29 08:24:09,2017-08-29 08:35:09,2017-08-29 18:38:26,2017-09-05 18:45:40,2017-09-20,f3fd6eb9a8d85c2f89b7158d3d4c6ff8,2017-08-29
b25487d8a6e4f29c0775a2a7d3c81610,6f897ed6fca03155c2447055f9b02183,delivered,2018-01-04 10:56:01,2018-01-04 11:09:10,2018-01-04 20:54:40,2018-01-08 19:19:50,2018-02-05,1416fe6aaf934fb87488f207d1ffd930,2018-01-04
d3762703e4549c646c1f000b5094abea,c192363842ee854764cd0db7e2195ebc,delivered,2017-10-28 20:39:20,2017-10-28 20:50:18,2017-10-31 18:52:14,2017-11-01 20:09:53,2017-11-13,e7688fef5438be571d0c39bbb3e8e998,2017-10-28
1fd97d7745cc7716a0ee9c65235098e0,e2c5caab7703c92bc3fe6fa8098843fc,delivered,2018-05-20 19:44:25,2018-05-20 20:18:50,2018-05-28 12:49:00,2018-06-07 16:58:33,2018-07-03,2c2ca0d812c417f751bf4a340e76a572,2018-05-20
ad810b94c2f3992f8c9ffd408af1e2c3,6440135860433debb1d531daa37afe74,delivered,2017-06-29 12:50:15,2017-06-29 13:03:58,2017-06-30 14:41:56,2017-07-04 14:55:49,2017-07-12,2280ecb8db2591c39d1c7d3e9caa115c,2017-06-29
18803fd773602aa97d59a2d49369ee1f,e128b79f608b553e65e9f0dbe909aaad,delivered,2017-05-08 13:47:56,2017-05-08 14:03:02,2017-05-09 08:22:25,2017-05-19 09:45:58,2017-06-08,6eb49422d76a2759d3883a3ceb1d3ecd,2017-05-08
fd216c435fda2be27c92920a5e5dba82,1ae563fdfa500d150be6578066d83998,delivered,2017-02-22 12:26:42,2017-02-22 13:05:25,2017-02-23 13:26:17,2017-03-08 02:02:59,2017-03-23,ff922bdd6bafcdf99cb90d7f39cea5b3,2017-02-22
e5890882225102403ce999fe5db85f83,5382de4e788e495627ee16f12d0097d7,delivered,2017-08-15 19:51:34,2017-08-15 20:45:07,2017-08-17 14:42:27,2017-09-13 19:00:09,2017-09-19,84b0bf771f3b14f21e6dd37e2fe2eee6,2017-08-15
2065ad549db75287b04797d276d50564,70b0e366782aca2ac5dcccd040448ad3,delivered,2017-11-07 12:17:21,2017-11-07 12:30:33,2017-11-08 18:19:35,2017-12-11 17:55:13,2017-11-30,81dea9a8d236dcc15823cc53f0eff2bf,2017-11-07
897885c5e0c8df643675e163c1af79f8,34c27ed6f4633b1575333f185f8910a5,delivered,2018-07-23 11:24:22,2018-07-23 13:25:01,2018-07-23 15:20:00,2018-07-25 20:58:43,2018-08-14,b34bf279d8f4790939d374647d9e1678,2018-07-23
7f14c64f7f48c0243c290e47dd51cfeb,52bbcd77f9b3c2757972b8c3eaac929e,delivered,2017-02-07 18:31:58,2017-02-08 03:10:22,2017-02-09 14:38:44,2017-02-21 12:47:59,2017-03-07,216fd197a786370ce9601ee2f6b5a31a,2017-02-07
820f4524bac68867cfa6f10ccff3c452,a2b4e1b8a7a47286cd4087fc90dea94d,delivered,2018-06-01 18:27:25,2018-06-02 18:29:54,2018-06-04 09:11:00,2018-06-12 22:21:40,2018-07-05,dd2f5ceb2233531ca49008b02b1ff13e,2018-06-01
b2965edf94b570cd52b1d61430a3beec,1afa170bc9d15b2d50c3af7fa5255717,delivered,2017-05-17 20:55:33,2017-05-17 21:10:16,2017-05-23 10:38:01,2017-05-25 10:33:06,2017-06-08,75743d98f7c2d040ee738b10bddb452d,2017-05-17
d32800fe9aa5928f98b923bfaa6e7a9b,d87b93ab4fa3917bf4af0e8c69f2cf8e,delivered,2017-07-26 00:09:36,2017-07-27 12:02:54,2017-07-27 18:44:47,2017-08-01 19:18:50,2017-08-17,e27517c5e79a5d7f0e4e8ea07b5d289d,2017-07-26
ec85c27a8b665a26a66f773bef603731,48cabebc3016b12079f4d41904c645b3,delivered,2017-08-03 15:41:08,2017-08-03 16:50:16,2017-08-09 21:16:30,2017-08-11 13:55:55,2017-08-16,7bf1c59401206e31a78523077f3a1144,2017-08-03
4059056b2f7cadb9cf31238fc351ca59,bb770c5def3cd3c1c16e76579a614abf,delivered,2017-08-07 12:25:53,2017-08-07 12:43:42,2017-08-09 19:47:40,2017-09-18 20:37:44,2017-08-29,9b4dc5f3bf6d6ff2ec0eb2cb7230395d,2017-08-07
c00634be8f1613b3019605c2cc96d06b,fb66001ed80569ba8468b508e63e8129,delivered,2018-03-08 19:32:08,2018-03-08 19:49:14,2018-03-12 18:24:26,2018-03-26 19:44:45,2018-04-18,dff85e1f521a1cd225cc7706968a32c6,2018-03-08
13a244719c4545551ba9e65d3649168f,a137da3b1f385fb488aed49363cce694,delivered,2018-06-07 23:27:47,2018-06-09 03:13:19,2018-06-11 14:46:00,2018-06-12 13:11:10,2018-06-18,df6537565afea95019f6cb5a733a206b,2018-06-07
77d2c1762d483a6012d9f32c2a59e5df,777ddf6fa6e05c93555d61e80b7bdfac,delivered,2017-05-16 14:24:26,2017-05-16 14:35:24,2017-05-17 14:48:02,2017-05-18 13:05:03,2017-05-29,ce5d073fa3e86d122735100c7cda589e,2017-05-16
d5c04536a130a623451bae3d0ce51001,53bb96e83411514386ad58ce123a3f55,delivered,2018-01-09 23:12:36,2018-01-10 10:31:53,2018-01-10 18:19:41,2018-01-13 15:42:26,2018-02-02,0724959b2a54f37d4999e4cacf8b12ee,2018-01-09
3de5fa8beb63cce5f5ee84239b1c14e0,049c2e1b1b7f47db2e3dfd7e10250889,delivered,2018-05-01 21:12:49,2018-05-01 21:35:45,2018-05-03 13:00:00,2018-05-19 05:15:27,2018-06-11,67d3167a661dc4f8a7d6265357c6dfbe,2018-05-01
bb05d405bed1d8f313ca3a2f9a8efd8b,a840a8a473510b964b751ccbc85d5988,delivered,2018-06-12 17:48:25,2018-06-12 18:31:31,2018-06-18 13:01:00,2018-06-27 16:03:02,2018-07-23,9f3bfb29bb8a27f598b15bbc29375669,2018-06-12
5810962e1a48530a03bc82a2e63c9f85,757278049297402a04deede8bd3816e4,delivered,2018-06-13 23:50:49,2018-06-14 00:18:20,2018-06-14 11:48:00,2018-06-18 21:43:33,2018-07-04,8b35a688fab3b4461f46f167d3be5631,2018-06-13
02dade411839b1c334363dc9058e1124,95aa1acd3c367fcf72a56d106afc9838,delivered,2017-09-18 18:43:37,2017-09-19 18:50:13,2017-09-25 22:49:51,2017-10-02 20:38:45,2017-10-04,34f0b37e89f9ef4768bdd233630f9b62,2017-09-18
4f69e61a03c8f8e1fb342ca5aca13de5,c8ffa0b63dd74e4733f3ae1f2c1ac5c0,delivered,2017-03-23 14:43:47,2017-03-23 14:55:07,2017-03-29 11:06:14,2017-04-12 11:43:10,2017-05-02,e1d025282d785c52497d1ba31d47cb82,2017-03-23
a78de2cc0d6bc691e86e944979c373eb,0b55a7a7e7a10bc49daeb902156bf22e,delivered,2017-07-12 11:42:45,2017-07-13 06:45:10,2017-07-14 21:05:25,2017-08-01 17:25:52,2017-08-03,df1bae0197085d251a5b7c89f87b65f2,2017-07-12
cd3f264de33e6d5f97fc058f8fec3958,24019b02ac2d57c4bf8b1fb47d4d9682,delivered,2017-04-17 09:16:55,2017-04-18 04:10:10,2017-04-19 15:16:14,2017-05-04 16:37:25,2017-05-10,359bacb2b5c52b4287667a7bc6c7bc63,2017-04-17
db0dca3813088a91aa97aaa8dfeadd9c,02d16f10703b6d4ef180f921028032a5,delivered,2018-02-11 03:10:46,2018-02-11 04:29:19,2018-02-14 20:15:52,2018-02-15 19:08:18,2018-02-26,7f6a667d1d03cffe2d0f084b9b4d824d,2018-02-11
a0c9d84c9ca938bbf711acbd940ba416,e171def7e1de79d5479970d8629ad8c8,delivered,2017-09-20 17:28:45,2017-09-21 09:35:08,2017-09-25 21:41:16,2017-10-05 20:39:54,2017-10-17,499577d71608181c4ac94226b315015e,2017-09-20
7477cb986eef32aa23035fdd22ed27d8,282145334ce859131410fef262f98bfe,delivered,2017-06-22 22:41:57,2017-06-22 22:55:13,2017-06-26 14:41:51,2017-07-04 14:32:12,2017-07-14,8597b390850fe72e108d53f42ca64846,2017-06-22
525dc92e46b18d912eb8462c043bff60,efca6623ba3c1feda8e61a3741188b4c,delivered,2017-06-07 18:05:35,2017-06-07 18:15:18,2017-06-08 16:57:30,2017-06-19 14:32:13,2017-07-04,3a869e3b9d254d4c6ead5d773b62ba63,2017-06-07
1b3d11cf9f92c0f7baf627ab059621f8,85ed641fe825f188f1a67b317b5f540c,delivered,2017-01-06 23:31:23,2017-01-06 23:44:08,2017-01-09 09:33:56,2017-01-17 17:27:49,2017-02-16,318b69202a96429368680f215843340d,2017-01-06
364d3755f83aedf6ca7ca34f96b5516b,77f7ad2a98bdfa9261168063c364f421,delivered,2018-05-19 19:35:46,2018-05-22 08:56:51,2018-05-23 14:58:00,2018-05-25 12:03:24,2018-06-01,c6207f5af6af94e8061b85d77234b6d0,2018-05-19
c76b8b4f31097feb8351e62691177012,7e9d9f81d2b989a3a734f4a6fd63cbf0,delivered,2017-03-13 12:23:20,2017-03-13 12:23:20,2017-03-14 10:59:16,2017-03-19 08:37:47,2017-03-30,8f030ee45c3eb5719fa76a2dad346ca4,2017-03-13
3e2b45761c1280a1c1165c83d3292c43,8dceb137a720a476f67a550cb3745aeb,delivered,2017-12-04 10:54:22,2017-12-04 16:32:16,2017-12-08 18:24:52,2018-01-25 23:16:50,2018-01-05,cbcbe50dad6a7ede751ac67564561b1c,2017-12-04
9cf86370700477e2bf11be1e7f3d16e6,3e76eb7fa8f981a0e5adc2e3f2351ba7,delivered,2018-01-01 20:18:40,2018-01-01 20:29:24,2018-01-04 21:22:38,2018-01-09 20:41:57,2018-01-30,75fe6d6206253ac53c1da067101cf7c0,2018-01-01
cd3558a10d854487b4f907e9b326a4fc,0004164d20a9e969af783496f3408652,delivered,2017-04-12 08:35:12,2017-04-12 08:50:12,2017-04-12 17:05:42,2017-04-20 16:12:26,2017-05-04,104bdb7e6a6cdceaa88c3ea5fa6b2b93,2017-04-12
4159bafe6c17fd0be809be0840a1c2c0,daefebbffcdbaad2794e33cfe5289be6,delivered,2018-01-12 14:35:30,2018-01-16 03:50:58,2018-01-16 23:26:40,2018-01-24 21:32:17,2018-02-09,9c95087caabbe824fbbf7c016a81237a,2018-01-12
35490431b95a5ac679998ad3d2de2d9a,580b56994c5634a40e472f3398da9f72,delivered,2018-04-24 22:50:44,2018-04-24 23:12:33,2018-04-30 06:27:00,2018-05-09 23:48:53,2018-05-16,1eaaf5035431353890f2771af98ec60e,2018-04-24
d206bed7e7aa9669bb62f42fa14d7071,9f93e34fc4074a28a2f91f0c7a4c5e17,delivered,2018-05-02 16:38:17,2018-05-03 04:35:12,2018-05-04 16:12:00,2018-05-19 14:30:55,2018-06-18,38e91bb7575a2e8d37289fb7c7889f35,2018-05-02
c6a5f272566ce95ded3e1b4de71b9acf,25363d393da9ee18ffd04574fcda9032,delivered,2018-01-29 21:33:01,2018-01-29 21:51:36,2018-02-10 00:16:50,2018-02-11 17:52:00,2018-03-16,14f1cc5fd579356fad04ec70f4f1843e,2018-01-29
23c312ca9f0242a48a95e5643bee2645,570045158cad692d4451429defac5f56,delivered,2018-05-04 14:21:11,2018-05-04 14:30:41,2018-05-07 14:31:00,2018-05-21 22:16:02,2018-05-25,fd16ef833c280c8e679d5025535a32e7,2018-05-04
4da691562dbd0818d7655eeb6dc1de84,2d7829de3fec217b93e903b0d7de423a,delivered,2018-06-12 10:09:19,2018-06-14 04:15:07,2018-06-14 12:14:00,2018-06-25 19:38:22,2018-07-25,e717433e36ea16c1d6538271333df060,2018-06-12
5598657697983e852a752bb7c10f4d01,fb866358cc889170eb31f05f257e16e4,delivered,2018-04-01 13:28:46,2018-04-01 13:35:24,2018-04-03 19:44:26,2018-04-19 20:22:06,2018-04-19,82bb03fe517ba388c128ea1ddd264d25,2018-04-01
ddc7c19ba9ea65183373ed66beabe356,0675dc11f2e7dc8ab2f0525b1dd57859,delivered,2018-06-21 02:12:27,2018-06-21 02:37:33,2018-06-21 15:17:00,2018-06-27 16:26:29,2018-07-16,74ba7d396fc92ee64392f33a54ea47fd,2018-06-21
7a725159d3784d99725573981fcdf93e,4d66962e97baeb612fc75237b75d6e56,delivered,2017-10-02 16:20:25,2017-10-02 16:28:35,2017-10-03 17:23:10,2017-10-14 14:58:41,2017-10-30,b54b05c97a841dffcfda2c32974de54d,2017-10-02
4a4c236dd0a477add66133368e7fcde8,16cd1d945f007ed5746a08c6e90d3bad,delivered,2018-02-11 16:31:47,2018-02-11 16:48:05,2018-02-14 22:41:41,2018-03-07 22:41:34,2018-03-08,c1223d843cfe21a903e44217e4c12284,2018-02-11
133fde906cdebbd7cae1889f1a8300dc,9801bf5ea241cf9f9b78a92058557146,delivered,2017-07-09 18:30:33,2017-07-09 18:43:07,2017-07-10 17:13:59,2017-07-21 21:17:37,2017-08-07,415304f0eb0a0988b726bea519131026,2017-07-09
0b1e280f28b576497838ec7684444971,2e2534a17bfa1b56a16d51f7514c5370,delivered,2017-10-11 08:42:15,2017-10-11 08:56:22,2017-10-11 21:23:48,2017-10-17 21:33:53,2017-10-24,54ebc03b7f24d848631e57095011ef22,2017-10-11
9bfa09357a0c7484a58b24bc8688f9ae,ed324391931f8cdefde889b97c58a9ef,delivered,2017-09-10 17:05:33,2017-09-10 17:23:37,2017-09-11 13:34:14,2017-09-18 15:41:41,2017-09-21,347fc6debafd316e515c9cda3a1baab1,2017-09-10
faeccb7dc26c1f48cdfc3881c6644f8b,1c1999a8f905f49cb570ee3fab3f8a40,delivered,2017-09-05 13:24:59,2017-09-07 02:50:18,2017-09-08 18:27:36,2017-09-18 19:04:58,2017-09-27,8e0f287397a2ee65486373616cf4a75c,2017-09-05
d9956b0805e324db3f2a546ef216c10b,10a86619816f9d2afce3f45b04aabc71,delivered,2017-10-10 14:30:25,2017-10-10 15:06:46,2017-10-11 15:47:54,2017-10-18 22:52:21,2017-11-01,c6111f70f40b3420e387493c627c27fa,2017-10-10
8bf3793ec227f088b66c635a34921940,28f583529f2c7fd70d83af5dc9411a1b,delivered,2017-09-19 18:46:41,2017-09-19 19:04:25,2017-09-20 18:32:42,2017-10-04 00:22:53,2017-10-10,5e0ab408941a219fe6ec4bc43dbf680e,2017-09-19
7c7b51735653e5eabc93b37b0f454428,ea630e23f32fb8ca4c141b2465b2481b,delivered,2017-11-29 14:55:47,2017-11-29 15:13:55,2017-11-30 23:05:07,2018-02-15 23:08:15,2017-12-28,7326e38b4dfdaa34f5a8737863e9d2fa,2017-11-29
160863da0eb253edd4f43186bfabc94d,acb5a2146699278ce5c1f961cbaffeca,delivered,2017-12-05 19:49:09,2017-12-05 19:59:32,2017-12-06 21:21:59,2017-12-23 15:28:10,2018-01-08,b9ab6f1bcf5710cb9b383928255f21fb,2017-12-05
65b93b14fb25e2776692abdbd64a44f7,c7e9d64ef2d3e98ad1b5068dbc859934,delivered,2017-11-24 13:49:15,2017-11-28 03:19:55,2017-11-29 21:09:47,2017-12-08 23:38:34,2017-12-14,df3b1140ecb0bddb871f5e70af09ec27,2017-11-24
82574189caad5cf569fb8cfd3e9d9382,d1a95718f4ba847aa46472c7d38ac885,delivered,2018-02-25 19:12:01,2018-02-25 19:27:56,2018-03-01 12:46:40,2018-03-02 14:14:04,2018-03-12,201a66e32793d607c47eb8282cd85fe9,2018-02-25
01b703d8365608f2b01ed9c076d0b3dc,475eec32deae43c1479b18acc1f7781d,delivered,2018-01-05 17:14:30,2018-01-06 17:08:23,2018-01-08 22:06:28,2018-01-19 00:48:52,2018-02-01,6b1b4cf479c558a8e050b249b9ecbd8e,2018-01-05
c1e9744452fb7f55208a14610436019c,9722b087b76b39052f39d7c7a1b51f62,delivered,2018-07-04 15:30:50,2018-07-05 16:31:21,2018-07-05 19:06:00,2018-07-10 19:34:41,2018-07-19,ee6daddc64b275135bc326be1a7bf8d7,2018-07-04
019b02e139cfcd97f93366f7a38f5695,82a6cf90eef165080973fec6d6dc8910,delivered,2017-04-02 16:50:31,2017-04-02 17:02:31,2017-04-04 15:03:58,2017-04-07 22:46:32,2017-04-24,0280239e6c4add91b8a415d9b2566649,2017-04-02
c9ac1cc11d801a9be848b342877bb077,fa7d662096338526b074e6f9d7b203d8,delivered,2017-07-13 11:29:42,2017-07-13 11:45:17,2017-07-14 18:18:10,2017-08-01 21:22:15,2017-08-16,bc8bc0b203d96506d52b12250200365d,2017-07-13
a6d26cc151cf55506e5fa88970b09edf,e5d33c5cc7dde34deefbfa6cfcd55ced,delivered,2018-01-09 18:03:35,2018-01-10 10:32:25,2018-01-10 19:49:06,2018-01-11 15:14:11,2018-01-26,00f8151e6b5d1b3710527075ef845a88,2018-01-09
c097f6812809a5732baad2b6aa8c3541,ad8fc75900ecf887ae4286d57123d51f,delivered,2018-02-28 16:01:07,2018-02-28 16:15:56,2018-03-01 19:42:25,2018-03-13 22:57:35,2018-03-26,4ef5a0b80908b617ba5e563a05c52095,2018-02-28
4da0d9f0eabbf66ac32280431ed7c6ce,46c711a52bd83fdad273158043470bed,delivered,2018-08-09 11:36:01,2018-08-10 03:10:16,2018-08-10 11:07:00,2018-08-13 16:38:37,2018-08-15,8cb0a62e8c536632e7c0a985166a089b,2018-08-09
1544633fddddf3dd98fd5e9eaeb01b4d,7d3be011d4a41aacfcdc7399e67d15df,delivered,2018-08-03 10:17:53,2018-08-04 04:10:24,2018-08-10 14:42:00,2018-08-14 10:31:41,2018-08-15,51ab4a2e23374ebf348c61ddde74cdc3,2018-08-03
96a03487818c437031605930844f4432,2b00c4e8dcc89e244018fc054bdecf62,delivered,2017-10-15 16:10:27,2017-10-15 16:48:49,2017-10-16 16:48:00,2017-10-24 22:33:18,2017-11-07,715b4b0599e152430fc8d1fa97f05524,2017-10-15
c7b2b75e4013ba825f8617a06936a014,4447740ba0a171df89769758c72f15cc,delivered,2017-02-08 08:36:00,2017-02-10 02:45:21,2017-02-11 09:38:05,2017-02-20 09:18:42,2017-03-21,a6fbff2049f9499251094b3d464b52bc,2017-02-08
c457891e7dfbb909e2ec96d592d94edf,659b21e93a6fdd45d2cb906223618cbe,delivered,2018-01-28 16:50:02,2018-01-28 16:58:19,2018-01-30 20:03:50,2018-02-07 22:04:17,2018-02-22,f92b108c8aedfb5e8ad69a540a689209,2018-01-28
e2047aaabab2869c1080a51c3e6b64ce,87d8a79b1f818010f6bff9a06a526905,delivered,2018-06-09 14:49:17,2018-06-09 15:10:33,2018-06-11 16:17:00,2018-06-19 18:05:26,2018-07-11,a4238bd7610115c6ba248432a104766a,2018-06-09
da56bf0bdea03c2780bb37ff9db85e3d,c42a35fad2783f9119d187d684a1430c,delivered,2018-08-15 23:03:13,2018-08-15 23:15:19,2018-08-16 15:19:00,2018-08-20 21:48:50,2018-08-20,98152c732aa47e7636c6112855e7225f,2018-08-15
d976668f821dc630fb317d30d3fbc35d,28875d00a7d44b1ddca4f37e78dd7055,delivered,2018-05-07 18:58:49,2018-05-07 19:15:30,2018-05-11 19:12:00,2018-05-15 00:28:52,2018-05-23,801b53359d2880a9bff63574103fb74c,2018-05-07
38162e93b3ce4e0511825eba9f0b4414,6e4bf3181d51b8957a210a1fffbae639,delivered,2017-12-05 16:18:19,2017-12-05 16:43:19,2017-12-19 19:14:42,2018-01-04 18:10:48,2018-01-03,f92fd2c87375f957ece022972b16849b,2017-12-05
f820932d157065aeabe1fe3482431dfe,0963eb8b148b433abf5fc7aec885c6ac,delivered,2018-01-31 19:35:28,2018-01-31 19:50:54,2018-02-05 20:18:48,2018-02-10 17:06:29,2018-02-23,b56759d19c583cb3956454a3f70beddd,2018-01-31
c98034f8df920ed8ca430c1105e3b600,97b1940e2aae6798a81d3a4015508078,delivered,2018-07-11 10:12:08,2018-07-11 10:26:32,2018-07-11 11:54:00,2018-08-01 20:33:07,2018-08-20,828f2457cc5cc3bb2b26c271bd6193d1,2018-07-11
5c959c1b3e28ba4e981471f98941585b,8d449ef5d6b9c0e61e27917b778db8af,delivered,2017-08-09 22:52:37,2017-08-09 23:05:16,2017-08-11 12:05:49,2017-08-24 22:46:48,2017-09-04,0671423fb05ed6ba0e594a9ceb1ca4a2,2017-08-09
ea6bd8f80f9e0495ab4d0eb5bd86fe10,cc80220c6e0873649ef45c04fb6b5303,delivered,2018-08-07 18:43:53,2018-08-07 19:30:28,2018-08-08 10:47:00,2018-08-11 18:51:12,2018-08-13,a416da5083dd27cada13aa5c7131ea59,2018-08-07
8873ba6fabe889712462bf8affb6b808,46001adad3618bae82db5ef329cc7873,delivered,2017-08-21 14:22:37,2017-08-21 14:35:41,2017-08-22 16:27:58,2017-09-08 20:05:32,2017-09-13,6ee806163abf5a06ccecfa1d6367ecca,2017-08-21
ccfba4fa3ba74e9052582349a558b474,16c76d3580c1549d2415b039b962ffee,delivered,2018-08-09 10:52:37,2018-08-10 03:05:15,2018-08-10 15:09:00,2018-08-14 23:45:37,2018-08-16,839aeb4091438508f25004314b33cdae,2018-08-09
0b5cb81ddd693dca629e9931e85f00c9,7fcd8494fc0c228c991aafe0770b08b4,delivered,2017-07-20 22:34:33,2017-07-21 22:45:15,2017-07-25 19:39:28,2017-08-03 17:45:08,2017-08-24,733fdf92db3b917e1176893d4b1786ad,2017-07-20
afd09879ff7489d300d0ebeab6348e35,e745e8122599d453a0b96fbf6047a476,shipped,2017-10-23 12:57:01,2017-10-23 13:14:23,2017-10-24 22:47:57,,2017-11-16,ef3e32f1b8658891add797672f995cc5,2017-10-23
4f58570952cc0b543a70a359a1b4a7f4,11a09dab519948f22f19b265239ff687,delivered,2018-02-01 10:25:14,2018-02-01 10:35:30,2018-02-03 03:07:50,2018-03-19 19:56:30,2018-03-01,636a1951d25e208626a71b60afcb4b6f,2018-02-01
263e751209908b03a2f97de2b669f831,99178d9df4101d6d43e3d5214a80fe32,delivered,2017-10-11 20:50:47,2017-10-13 15:36:32,2017-10-20 13:48:59,2017-10-31 18:47:53,2017-10-30,cc4ab3ff24f7421140ee31cbccc64d1f,2017-10-11
97c1f142e30f7b97cc66d73cd6c69428,217138d46fa46dde7370d830285713b9,delivered,2017-11-29 16:18:54,2017-12-01 16:13:19,2017-12-04 18:36:39,2017-12-12 17:57:41,2017-12-20,3df3ce53721f777f3ff79331fbef4523,2017-11-29
110002a2f7cc77699dcd81a24423cfc1,d8c707272d713759bf254e1a9bb9748c,delivered,2018-01-07 16:45:22,2018-01-07 16:56:25,2018-01-09 20:18:16,2018-01-10 16:50:32,2018-01-31,86306de9fa9c8a153f26c38f65105d2f,2018-01-07
494984e8205ee711abf407b39548f85c,441b8206c35723f88ae1c338f274149d,delivered,2018-02-03 17:42:33,2018-02-03 19:30:28,2018-02-05 17:05:09,2018-02-26 11:23:20,2018-03-13,1bb7abb3397238391b218aec1878f0a6,2018-02-03
c8c0e74f5426e74b812efe05eaab11a6,b6ba2c8d887b9586b6f9dcd3d7ddfd56,delivered,2018-05-28 21:30:24,2018-05-29 12:50:26,2018-05-30 12:56:00,2018-06-11 16:18:49,2018-07-04,13276b6aef4e9feb6042608046877493,2018-05-28
f6aeaaa897aaaf586ac05fb8d821ed9e,3f2036cf3539c9c355fd991251a13f60,delivered,2017-11-23 15:43:00,2017-12-04 10:54:28,2017-12-07 00:46:54,2017-12-26 19:43:37,2017-12-26,cbb8672239d6aa5041fec7db9be70971,2017-11-23
e4c509134655c5ab30ba6d298fc5d216,ea269dfe69d1f52cbdcb490f3960d902,delivered,2018-04-01 20:55:06,2018-04-03 05:28:24,2018-04-04 18:58:39,2018-04-06 19:02:20,2018-04-12,a0b4263d0f1978cc8d447c98e50f6118,2018-04-01
3765a79496712d9bb7eea316cc9ff2c9,756f996447639ab93df564474cd24124,delivered,2017-08-14 15:36:18,2017-08-14 15:50:20,2017-08-17 19:26:53,2017-08-31 19:15:10,2017-09-15,e463c284db8630df4b805240944d39d1,2017-08-14
ad5ca87a6601228af735af74e4077178,ee77520c9cca9a27df3cfdc74bfdb8b5,delivered,2018-05-06 18:15:03,2018-05-07 09:32:54,2018-05-07 14:17:00,2018-05-11 00:58:36,2018-05-25,4686402f8a3869e49791e69759c8315d,2018-05-06
10cb203e7598cb11350267c0600fc00d,8b6fb564288d7bee8cd7234845cfb0e6,delivered,2017-11-15 10:41:52,2017-11-15 10:55:34,2017-11-17 00:45:07,2017-11-24 19:48:43,2017-12-11,24d27f115e367d9129a0e7a7a5d36866,2017-11-15
f5226047c60ee185cf7f497f8c96024c,f04018667ff9194bbaaf6aa27934ac56,delivered,2018-08-08 15:03:15,2018-08-08 15:15:18,2018-08-09 14:49:00,2018-08-16 21:18:44,2018-08-14,87e5b2ef0c9dd7a455bea05c99177c27,2018-08-08
89035fb6f9ed1693ad716ef81c18cdb2,ac9d00289136be90ac64557222f2e9fd,delivered,2017-09-21 22:00:15,2017-09-21 22:48:32,2017-09-25 19:10:13,2017-10-13 21:37:47,2017-10-31,12c54f6dfd4b723a6c76c4c989494422,2017-09-21
07f970754e737efe221e6349eeb5a8e7,63e9de259c63644730104feea23efc5a,delivered,2018-06-18 08:58:54,2018-06-19 03:36:42,2018-06-19 15:12:00,2018-07-04 18:10:40,2018-07-19,7a6c96872e7bca769be36800f613f3b3,2018-06-18
50be9eb370672ac7e49a1c1741cef069,8b6f7ba395e5eb6b7f722e8f329b25c7,delivered,2017-10-19 13:57:32,2017-10-19 14:14:19,2017-10-20 17:09:52,2017-10-31 23:11:13,2017-11-10,f29d39e1f3bf25b0a4998540baf4e7ad,2017-10-19
c389bed1741c8f36cfc6908c1677288b,118c9f44d9c4e55593e9fb37c12268f2,delivered,2018-03-20 09:01:08,2018-03-22 02:50:08,2018-03-23 00:16:57,2018-03-26 18:08:50,2018-04-02,06b457298293c7aee65c8485874b26e6,2018-03-20
e26e9f6ac81aba6e29fb44def001d695,254b177b6a8e7c54a3216c70c77453d4,delivered,2017-06-23 04:46:53,2017-06-23 05:03:06,2017-06-23 12:46:15,2017-07-04 15:33:27,2017-07-27,98a6680f69a45da8df54e74a91818ff1,2017-06-23
a22866079d1960563c0bc524a13778e2,b30dd99d568f2a4d77c533d8c41e39d8,delivered,2017-11-23 14:12:24,2017-11-24 03:11:26,2017-11-29 15:03:50,2017-12-04 15:44:54,2017-12-07,e9859891b658a0d26035723a2dcc39be,2017-11-23
d0f4fe13d39b8c71a0d1f21ab65192c0,aaf0a71d83bfa25cc238ed45db577b42,delivered,2018-02-26 20:01:35,2018-02-27 04:31:03,2018-03-01 00:53:22,2018-03-06 02:17:14,2018-03-26,1ea90eacef417998418616131b63ce69,2018-02-26
e0316057201638c364f3f54c86eebdcf,5958c76e4a6814f01a6d34c9a2c392d0,delivered,2018-04-16 08:28:54,2018-04-16 08:51:13,2018-04-16 20:12:37,2018-04-18 20:34:36,2018-04-30,16996891554873c8c1cd14de234224e0,2018-04-16
f08f463d66cc5bfe30cd30cbe9177ad0,69c33417e1600c0d34fc935cc21bad16,delivered,2017-05-11 00:47:54,2017-05-12 02:50:40,2017-05-17 09:45:21,2017-05-22 09:48:45,2017-05-19,5c2780ae7fe8ae72dbc6cd197c13f2cf,2017-05-11
96d117bf2f49d7bb4c4895f0db29a86b,563c3f12975d266179524b153665fd74,delivered,2017-04-03 09:14:02,2017-04-03 09:42:27,2017-04-06 14:00:15,2017-04-13 13:09:50,2017-05-05,a80795eb4fc6d8676ca18511d58ffec2,2017-04-03
5df0b9dca1031d0b4abdf7b6f1f6e118,d7c92025f19ea01749d4977570bce493,delivered,2017-03-01 15:03:00,2017-03-01 15:10:22,2017-03-03 14:24:53,2017-03-13 13:18:09,2017-03-30,befed7f0bf7fc3d0262b0f95989a36ae,2017-03-01
a0da82bc20f55857de1085dc8c965e35,62675f64045ec165cbef2991e72e6246,delivered,2017-09-05 10:09:30,2017-09-06 02:55:40,2017-09-06 17:12:10,2017-09-13 20:32:55,2017-09-26,03205e5760c7d0d27d4f8a4d05b31df4,2017-09-05
42f5954cda381bd032934ee38c453711,7c6a9e2bdbb00e3007395f1ce3bda802,delivered,2017-09-21 14:14:40,2017-09-21 14:25:46,2017-09-25 09:57:07,2017-10-02 20:50:02,2017-10-18,30d2beed036d709d9e6ded9c08496981,2017-09-21
a74a1bb28cb0ae0a239270f8e3a85cdf,e3b8e1052eabf24ff52843086a5f4508,shipped,2017-01-23 00:53:05,2017-01-23 01:05:11,2017-02-03 15:16:29,,2017-03-02,c2fef0a4a3a237288e3ab4bb2df94c18,2017-01-23
9d4c70a4fba1638cb215c370f72a1fd2,67375d4b0ffd1ec02ad8e4c84f2a9cdc,delivered,2017-08-30 15:14:04,2017-08-31 02:35:49,2017-09-14 21:21:44,2017-09-26 20:07:33,2017-10-10,a9bcb9a697749bae2fc7ea4ffa643970,2017-08-30
7ad12b91a27a5b94bdd5a1f444d29783,f8f17b5c6c08d31d25a3bdee0cf4eb23,delivered,2018-02-23 14:58:08,2018-02-27 04:31:20,2018-02-28 22:53:06,2018-03-03 01:12:18,2018-03-09,0e9decf7b38058a73ba389cbb2808449,2018-02-23
67f4aab5a932827f4b8c6ad59033701d,b9fe4fe15370b83df77eeeeac27b3a1d,delivered,2017-11-01 08:34:56,2017-11-02 12:25:22,2017-11-06 20:18:47,2017-11-17 19:57:41,2017-11-24,1e77ca4b55d1249c3c4f45b4e41b7767,2017-11-01
50f7b4829c11fbf8c8b57926f1a0bfdc,c4dc594c44e31c40a59b7b34501a1e2a,delivered,2018-06-02 07:01:59,2018-06-05 04:35:14,2018-06-05 14:28:00,2018-06-06 19:38:38,2018-06-28,a7638fe2624bb960eb0385af57876155,2018-06-02
f692b6bd0ae87642d9c7656e6199ed03,810ca9554e64b702fcd371852a304794,delivered,2017-03-08 08:35:41,2017-03-10 02:43:26,2017-03-10 16:14:56,2017-03-17 09:54:49,2017-03-28,4c64f14f4ec0fd39ad45d4390eb08d5a,2017-03-08
66866953330f81976a2adcd51f603560,2dd24ac3b1b93ee4f95f4fb3a32b0d33,delivered,2017-08-01 12:02:36,2017-08-01 12:15:19,2017-08-01 18:33:42,2017-09-12 14:07:40,2017-08-31,79bad0b354e3b468d7d9e9b13387cacb,2017-08-01
bfa825361767b17a25a89b47922032c6,d9ba2a5674d8261aeceb564ea6269927,delivered,2017-11-27 11:33:58,2017-11-29 11:37:22,2017-12-05 18:47:57,2017-12-14 23:36:51,2017-12-20,26e8d473fbaef56f0f90930bb036fb89,2017-11-27
27e4b7566f5f9244634481ca9b048a2f,85178563d2e34e21e5daca9362c41d85,delivered,2018-03-04 17:23:24,2018-03-04 17:35:31,2018-03-08 21:06:32,2018-03-26 20:41:42,2018-03-28,88e0d24c0b4b092683069c8d9f89ab70,2018-03-04
0c66805964db8d43c1c81402e3433f9b,629037360cb6212f9a8831b62ee1a4b8,delivered,2018-06-02 20:57:36,2018-06-04 09:51:35,2018-06-05 07:52:00,2018-06-19 20:48:46,2018-07-11,f4cf22fe3fb2dc126d06b5b6f21b5ec1,2018-06-02
e9beb67cf376905f8cd308ef0f02071d,9465670791e0f1a1ba60680fa2677f3b,delivered,2017-01-23 01:22:51,2017-01-23 01:35:13,2017-01-24 12:18:59,2017-01-27 08:53:44,2017-03-06,b8d76f06a0601ac8fe3fa52e6fe8742a,2017-01-23
c4c4ea24b8d911ea6868b7aa33b5d0f9,0ad27cddd2dac328fa921f963202263d,delivered,2017-12-29 14:05:59,2018-01-03 04:13:32,2018-01-08 22:35:09,2018-01-23 14:53:19,2018-02-05,a3ef73edc977bdf570981ca7dbe28e14,2017-12-29
4297d3541d2675524ab8f092919f44b4,4e4ab12631767d0b1b3e6d3e8830326b,delivered,2018-02-15 21:23:09,2018-02-18 12:26:49,2018-02-21 18:09:23,2018-02-28 18:52:56,2018-03-15,2833606277939d24ef033ba7a4051906,2018-02-15
9d0912814b7389806874b7dcc00a3870,b8e2ff2733e0495f2d4a92032a74dcd7,delivered,2017-07-13 05:28:32,2017-07-13 07:25:11,2017-07-14 18:34:25,2017-07-28 20:07:33,2017-08-04,b2969ac5e060eb250c959025a2446617,2017-07-13
91a3c41404860e70eb6fbca545645af0,8df919a9f385879d22ddd9fda7215af9,delivered,2017-09-11 18:07:07,2017-09-13 03:25:25,2017-09-13 21:23:26,2017-09-29 23:26:51,2017-10-20,9a9c85d6f6c01c229c016fed83c80bb0,2017-09-11
d2b4c76c2ccfe2f70c1488434a362f56,c3cb9c415a6e5d99f82ade12a9bad4ef,delivered,2018-08-13 08:33:20,2018-08-13 08:55:26,2018-08-14 14:09:00,2018-08-20 22:38:24,2018-09-03,287329d70d61d570454a7019d25d4f5e,2018-08-13
cec31771f7be596e463066dab5db839f,ca1f3487e758f630ec135b5e82d8ec36,delivered,2018-08-07 00:53:55,2018-08-07 01:05:09,2018-08-22 13:14:00,2018-08-27 21:28:29,2018-08-28,57e8d047ad2beffb5ba6943bc16a5fb5,2018-08-07
2e6213374b023c009a20c3a618a74f9a,99b92126d21d9072d0a2e3c6ce66ac7c,delivered,2017-09-19 10:09:37,2017-09-19 10:15:13,2017-09-20 01:49:43,2017-09-26 18:17:54,2017-10-05,4fe1613d922fc2a3cc3bdee0a8caf4e9,2017-09-19
523f24867a34e6e564dda4898935e05e,e02ca2aa7caad49e0b4b540e2344d983,delivered,2018-06-06 11:37:49,2018-06-06 11:55:35,2018-06-13 13:47:00,2018-06-18 11:38:36,2018-07-23,7969c7e82018d97c58da95a51be76390,2018-06-06
7a8f7632f98c5b44c6dd9b33a3ccb019,d6fc0fbcc85a48ca40e30f51f3ea2798,delivered,2017-12-08 12:48:56,2017-12-08 12:56:20,2017-12-11 22:19:04,2017-12-27 21:50:01,2018-01-15,bcd7d6d6ca8f62546a225d906ca26316,2017-12-08
7a76fba56e5e78997c15b4e7a3a7e760,d18cb384febf76070f778d201134374e,delivered,2017-09-25 17:28:37,2017-09-25 17:44:42,2017-09-27 17:20:13,2017-10-04 21:32:32,2017-10-19,4fc64dfc8aaeb02ba72134681233c9a4,2017-09-25
891573b490d6f195502d57156a4b896d,369522f800df0cc10ec9306a5dfb7e75,delivered,2018-04-24 21:57:12,2018-04-24 22:10:18,2018-04-25 13:35:00,2018-05-07 21:39:53,2018-05-23,9ea611e7225d933c904726ab6d0cade4,2018-04-24
7ede9e815cd2aac7e60071e67117f176,e3d0868f17fa3a8e85d68545c1459ecc,delivered,2018-05-14 09:24:45,2018-05-14 09:35:22,2018-05-18 17:14:00,2018-06-06 19:53:54,2018-06-05,eb5a7dfb0404f789968767fa66bb8bbc,2018-05-14
e2a13826bfe262528a6755b2d38e9d5c,8c6f1fc49db37c4c0b9224991a53223e,delivered,2017-12-07 08:20:37,2017-12-09 02:36:30,2017-12-12 20:16:57,2017-12-22 16:44:54,2018-01-02,1e433d2aca7584032f8f56d51643e605,2017-12-07
1a667c9f13248047e6402a28b934c2e0,72084927a5286f8e61903b282eb1d41e,delivered,2017-09-06 12:28:33,2017-09-06 12:43:33,2017-09-11 16:21:37,2017-09-12 23:47:27,2017-09-19,3636f1d0fc31b743af8f8261e6dc8d5b,2017-09-06
32bcd8b7a5501464ffa9586eb4794f53,72e37d94fa84af028c40dfad2ae4d62d,delivered,2017-10-19 14:53:22,2017-10-20 15:05:56,2017-10-31 19:13:45,2017-11-28 22:37:03,2017-11-10,bbbe8cb57215b946226047da3b6e2331,2017-10-19
75a639df77fe1f5f3550222a60a47fdb,bd58be68ec31c0d2be16026dd9ab47d8,delivered,2017-04-10 10:46:18,2017-04-10 10:55:16,2017-04-10 13:48:20,2017-04-17 15:28:11,2017-05-04,32743e35115f201aecebe46b867450f6,2017-04-10
e99ac811e8a9efe60a334a5a985ac28b,b115c24fb8b1b4924ab8292b64b82405,delivered,2018-04-22 13:14:19,2018-04-24 18:34:57,2018-04-25 00:36:45,2018-05-14 19:34:34,2018-05-23,46729d189a3f38d74c3f762dd0a52b0e,2018-04-22
053d5ed007096a9cb5adfe0f0f6d30b5,e5a16fe01567265f371dc3aca0ae155f,delivered,2017-06-03 17:53:08,2017-06-03 18:05:09,2017-06-06 13:37:10,2017-06-22 18:16:54,2017-07-20,2301c934d6e2b1b7674238c34060ac6a,2017-06-03
3de642b372ed772362b5a3df6f583046,d3bee0359b17267f18ad65628bbbc537,delivered,2017-05-16 16:06:14,2017-05-18 02:30:51,2017-05-23 07:13:36,2017-06-01 11:47:54,2017-06-07,6fd6b9b24ed9773575ac261c0eb8ca63,2017-05-16
5f8c42f0624576e5f4c4c86cb176c613,10a5943f74a8f7f9a8e3785ac0a01cea,delivered,2018-08-14 21:24:33,2018-08-14 21:44:13,2018-08-15 14:37:00,2018-08-17 20:33:41,2018-08-21,0c5e290d64f5149ee73d9cc080d15028,2018-08-14
0b7d34c9f64b1a147d6660ceb770aba4,86bf3bdfb50d3b479ac3508e8654cf86,delivered,2017-09-25 18:41:45,2017-09-25 18:55:14,2017-09-26 13:13:29,2017-10-05 20:21:38,2017-10-23,99b026061fefe9ff09cdd0e745a9233e,2017-09-25
718216cd5a2cbb1cf695c655788c2aab,1f7a6acfadea5c8174e64ed338557ab6,delivered,2018-05-12 15:28:06,2018-05-12 15:59:48,2018-05-15 09:41:00,2018-05-28 14:08:51,2018-06-08,b89079a8e5c9da32f7ccab039f31b336,2018-05-12
87d3f1164e8055f7438ae314fe816cdb,5327a0625ac539b7f7500ceb3fba0065,delivered,2017-05-24 20:28:44,2017-05-25 03:15:22,2017-05-25 12:58:20,2017-05-29 12:13:24,2017-06-16,01fee81dfa09d00693bbb79aaf922f89,2017-05-24
9de73f3e6157169ad6c32b9f313c7dcb,eb7a157e8da9c488cd4ddc48711f1097,delivered,2018-06-05 12:45:17,2018-06-05 14:31:37,2018-06-06 09:15:00,2018-06-12 09:54:46,2018-07-03,58483a1c055dfb600f57c5b867174542,2018-06-05
fb502b9421eb6ab817d72fc973b7b708,d20e693e7c3e72c53f4048b669811243,delivered,2017-11-05 10:38:50,2017-11-07 06:31:41,2017-11-09 23:47:57,2017-11-19 13:32:10,2017-11-24,47a71b49f98984efd3c62cb213f977e8,2017-11-05
734a3c56683a8a7dcb4cf7f92319d101,3e91bfd1c7d8dff4da7aef367c2dec05,delivered,2017-11-25 12:20:11,2017-11-25 12:32:37,2017-11-27 12:49:07,2017-12-20 00:57:03,2017-12-28,6da211b3502aa2205ccd952d028df105,2017-11-25
e0be4cd18c3c6b6dc7adbe8e2239fe74,ff2c849b9bde0704934a4f19db9b1542,delivered,2018-08-06 10:53:31,2018-08-07 04:30:11,2018-08-09 13:25:00,2018-08-13 21:44:42,2018-08-20,85cc88d8328dc1bd3d745b1ee2d08cb5,2018-08-06
79eebbca25755d227de8e2255e3cb184,09ca1779c44a99be8f22fb0acfd3eefd,delivered,2018-02-03 18:23:00,2018-02-03 22:50:32,2018-02-05 22:58:54,2018-02-15 23:46:45,2018-03-12,924a005e5a757eebb101239222d99467,2018-02-03
c713e92621de8e6880f8de2b10923243,fdbf999a073957ff252e8f4897732299,delivered,2018-04-26 14:56:52,2018-04-28 02:51:42,2018-04-30 13:14:00,2018-05-07 22:12:43,2018-05-23,75895bb7a9969719015969d1fb7fbc78,2018-04-26
c9ac9cb5ec6a243bb9bd2338199748a5,43f6ebc958866877836364dafc90e2d0,delivered,2017-10-14 15:48:26,2017-10-14 16:04:10,2017-10-18 18:05:20,2017-10-19 18:07:29,2017-10-27,2361a519ff65f05ce4fe9282ef76b5cc,2017-10-14
c12c13ee9d5307f765798632ef70d689,bb83e03f2c15b980db3aec282cf53cb6,unavailable,2017-05-06 00:13:09,2017-05-09 09:45:17,,,2017-06-06,4fdfd9295b0a7c52424c7fbaee81a969,2017-05-06
44b5da55b74c44fd304b7b8b3b29d5d2,d409480e5edd252e55204343122c0286,delivered,2017-06-17 21:33:34,2017-06-17 21:45:11,2017-06-19 12:18:57,2017-06-29 16:16:33,2017-07-20,26364d4333521dffba5eef5cf98ca5ba,2017-06-17
131de76b3404646b971a901567b27c1e,416278ffe6603e08f2f135a04e07c611,delivered,2018-01-03 02:55:26,2018-01-03 03:07:50,2018-01-03 19:54:45,2018-01-08 13:40:07,2018-01-26,73091b670dda09eb7a0ba4878ae77094,2018-01-03
27bb9f8cf03a1e189a4047a05621074c,7c9c1015111c84b3feff7011e229470d,delivered,2018-04-23 09:32:25,2018-04-24 17:41:57,2018-04-24 00:14:49,2018-04-28 01:17:57,2018-05-15,5fe774b0de7d174c80687ee3c0a721af,2018-04-23
3c4f38e27c5f6f27be39c8a2932c43e1,45fd70ff9e07d189b82f07ee776b64d5,delivered,2017-01-25 00:19:56,2017-01-25 00:30:22,2017-01-25 15:45:08,2017-01-31 08:43:33,2017-03-06,0383aca4e461346b22c75ea54eb548f2,2017-01-25
369d4391cc475b184da61af43967f197,71ac7ff106160c3efd7f1fe76ddb461e,shipped,2018-06-05 19:06:38,2018-06-05 19:54:42,2018-06-07 13:04:00,,2018-07-19,2ad5c989cdbc90ca393b3b3cd2cdc19b,2018-06-05
f4021afbf70a873e407181a0a76e64e3,0155478730861c69019d0a41d9bc98f6,delivered,2018-04-09 22:05:15,2018-04-11 05:50:19,2018-04-12 00:22:10,2018-04-18 23:52:43,2018-05-08,d12bace10e873f0f8c045c9f1b2ebffb,2018-04-09
e47b03f344feda17a582c2aa3a734e9d,3876981810ad50e6fcac8fd58d311976,delivered,2018-05-01 08:33:20,2018-05-03 04:15:19,2018-05-08 15:18:00,2018-05-09 13:28:52,2018-05-14,d6853f6bfdbd971c8c59e823866fbe85,2018-05-01
173c5c245013bac81a2448638eef784a,a3d5aec988dc5a87e55667afa07191f8,delivered,2018-04-27 10:31:54,2018-04-27 10:51:57,2018-04-27 15:36:00,2018-05-03 22:28:58,2018-06-05,d8426d1422ef6070ff3c146588281d7a,2018-04-27
adaca9317c371ba7096be58316138384,912bee72812fad679d82c1178f108ae8,delivered,2018-05-01 20:40:43,2018-05-01 20:55:43,2018-05-02 07:12:00,2018-05-08 18:38:48,2018-06-06,4c5200f7d135c94fcd304cdd0af9837a,2018-05-01
c064f1af2555ae9dbb9efd65b5381684,4a67c8053442ff805d7354795303c17c,delivered,2018-01-18 20:47:13,2018-01-26 17:03:42,2018-01-29 21:47:55,2018-02-06 23:16:51,2018-02-14,90f9edfcaab9a5eb1b98bb784afee0b6,2018-01-18
5dedf97d50ce7b64e7270e21a30fc97d,51659c9420d923bc476f86828be8d7b5,delivered,2017-11-15 17:13:22,2017-11-15 17:26:48,2017-11-17 21:47:42,2017-12-05 18:31:55,2017-12-06,9222caaba88ea29eb30172b47f3c554c,2017-11-15
57241955d7675fbc53a892e7e739da68,0fcf933ebe274b596f72c8cdf2da09bb,delivered,2018-07-23 09:29:05,2018-07-23 12:31:42,2018-07-23 16:55:00,2018-07-27 20:51:37,2018-08-06,4e0b32d21520a635384d16f4156f2eaf,2018-07-23
3a026b1e98a953d5e0e675d1593ad4af,80e41f2c55ff25bd7a53ce33e5f799da,delivered,2018-04-23 01:40:58,2018-04-24 18:29:12,2018-04-23 21:33:24,2018-05-02 21:51:27,2018-05-15,805e7e0474f218a91b0a26c4eb1f9447,2018-04-23
04eb8bac62618bbc56c582cd49493669,b9d3b0749093e5cbd5c5017ec08f0ade,delivered,2017-05-16 09:12:37,2017-05-16 09:25:16,2017-05-17 15:10:53,2017-05-23 08:32:51,2017-06-14,6428403ac3b03984c38fd083fa1647b0,2017-05-16
dbe5b409519c5dfb85b5b0955913e5af,bbe35ecb54adfb96b16d95c719c756c6,delivered,2018-04-17 05:53:21,2018-04-17 06:11:47,2018-04-17 18:42:14,2018-04-26 02:08:48,2018-05-17,3184d07c9bb680de9f812e750965cfa2,2018-04-17
8b9db40975d36e27b6bef9ba264f0fad,6fafc5c3fc52e79ab26de962e6aee6af,delivered,2017-08-03 17:10:34,2017-08-04 06:45:19,2017-08-07 18:07:42,2017-08-25 19:53:52,2017-09-05,d7aeaca7e8d5221a4ebbfe3eba12a652,2017-08-03
7a23cfcc5fcb50ed8cfd257506a5e84b,2f2dcb995d3cd4769e53f5db2bf8fb47,delivered,2018-05-04 15:07:26,2018-05-04 15:15:23,2018-05-04 13:50:00,2018-05-09 17:58:47,2018-05-25,0f5b4669bd01f3c64ab92a3c32892411,2018-05-04
4bff82a994068f564e54b52b08ef4512,2e998a151ac7a977d4a7e806346e0092,delivered,2017-10-30 11:47:40,2017-10-30 12:07:18,2017-10-30 21:18:43,2017-11-03 20:16:56,2017-11-22,614087a028729b268d449d542c9154fa,2017-10-30
42df71f66e653cbe9e87913834e59873,39e6eb3d7b6113d9a44bed5583ec3860,delivered,2018-06-23 23:00:04,2018-06-26 04:59:09,2018-06-26 16:17:00,2018-07-05 21:04:20,2018-07-24,33211978916fd3f524fbe438870d5756,2018-06-23
a21218028d6e411d8a933cb50a343770,0228874050786ca37c963d514a71684d,processing,2017-12-20 12:01:34,2017-12-20 12:10:48,,,2018-01-22,f475dc24f1a2e37576b20e8c23970543,2017-12-20
893dc49276696129a9bf6f2a9fe23e57,483da61b9de320d057934319d30504b5,delivered,2016-10-04 20:41:55,2016-10-06 15:45:18,2016-10-31 14:38:06,2016-11-03 15:17:39,2016-11-28,a45afad7fcd7b8fa4fae020780a05b55,2016-10-04
c75a93873120c5c97163a9b43af4a159,1c89ee60a557970e0961c9fb2f6d82ec,delivered,2017-07-14 12:12:53,2017-07-14 12:25:07,2017-07-17 18:22:42,2017-07-21 17:51:50,2017-08-07,017fde295de136549d89d951da362287,2017-07-14
175f436110df7b451689d7d969ec64f5,7199d3db0db9697a789454d3aa8ef344,delivered,2018-01-24 11:06:17,2018-01-24 15:07:37,2018-01-31 00:05:21,2018-02-06 21:33:33,2018-03-02,8e88beb77bf95c5399f94d05ee681465,2018-01-24
ab02e1347f5a89f4142106cad4f9f7f8,d52487b960f7df5994f82f0a5de2fd06,delivered,2017-05-18 09:44:29,2017-05-18 10:02:59,2017-05-19 15:11:05,2017-05-24 11:22:39,2017-06-13,14c3ecc7abe42a4d08997a1d1a032dc1,2017-05-18
be97eee4de1bfb3280324360aafea3cb,6a291a202a987c3c9b1bb6da8420f425,delivered,2018-03-19 09:32:58,2018-03-19 10:07:19,2018-03-21 19:03:18,2018-04-07 23:05:28,2018-04-16,c4691a70a8d8dc992727b712687215d3,2018-03-19
33845be1eefb9674333d4b42ac9ca708,3e1539c4791020572954d38e9f77ac07,delivered,2017-07-18 21:58:10,2017-07-18 22:10:16,2017-07-19 19:58:02,2017-07-21 14:16:34,2017-07-31,8c0229a35061844febb3a52888b8f7c6,2017-07-18
4bba52ba149cb3ac9b1ccc35913b74d8,ee4152c1dc5029da4e66d41d52c0096e,delivered,2017-12-08 16:42:46,2017-12-08 16:54:49,2017-12-11 22:08:32,2017-12-19 17:17:04,2018-01-11,0711ee90de545cb9be5c470614ad976b,2017-12-08
4de3ade587f6ec5d1bab54a9c831f1df,6b8e89396ad836f5b045cf752f776742,delivered,2018-03-11 11:38:41,2018-03-11 12:10:00,2018-03-13 22:21:38,2018-03-14 23:51:35,2018-03-22,6e08bba0e51253b910f5ef72761a9a34,2018-03-11
396e93059094c4e5ebf8af645cb91e03,56153ce6acb6933c43d2215111c0b9cb,delivered,2018-07-05 10:50:13,2018-07-05 16:13:49,2018-07-06 12:04:00,2018-07-10 22:34:44,2018-08-13,e5e893f05bd2b19bced489c8f59edc97,2018-07-05
26a488b0eb7d46fb424069b683e98d9c,6001d6a937026758eac868ce5ed16148,delivered,2017-12-08 12:12:23,2017-12-08 12:32:21,2017-12-14 18:14:31,2017-12-18 21:18:15,2017-12-27,81bee27acd561903193b1ecb95ed9491,2017-12-08
1e1315cb0c2f66a0863138b7205a8e1b,bd9c26ea95121ee056c338cedb587129,delivered,2018-02-27 15:54:52,2018-02-27 16:30:05,2018-03-01 15:09:45,2018-03-22 16:08:46,2018-03-28,a3b93376b80eb16877483aadfcb01a6a,2018-02-27
2d68cfa7c620233fd6bef3084eb1358f,71d02ef9d7570ef25d59700fa0191807,delivered,2018-06-04 22:46:18,2018-06-04 23:10:42,2018-06-05 15:16:00,2018-06-13 20:08:29,2018-07-16,5f42c11fa490e04d4e87cfd3cecddfc5,2018-06-04
247a2d99c7c65136c3a968772716860c,31e490609b471fd1055c067585594722,delivered,2018-05-14 10:51:40,2018-05-14 11:14:27,2018-05-15 10:54:00,2018-05-28 10:08:52,2018-05-22,b0d7c2dbca7b1a828c1ac2cebbde4dd4,2018-05-14
58df776da444438e064d1e4910f8be87,0a515b177ea670c0fcb7dce752c5d05d,delivered,2018-08-08 18:42:02,2018-08-08 18:55:15,2018-08-09 12:39:00,2018-08-10 17:46:39,2018-08-13,52af4256d312f86a87d868bc4cb763ec,2018-08-08
d48b61ddc056e387c86d308c28798dec,6dd9d52bcd45ecf2d32dffe59591a3ac,delivered,2017-10-31 14:23:58,2017-10-31 15:31:18,2017-11-08 21:52:53,2017-11-13 17:52:34,2017-11-28,b2248f4ec8bf79ef88293657c4742b54,2017-10-31
e7fed674bb29ac98193d392f363cfcf1,6d67f906ad6110359e143ccbc441073c,delivered,2017-11-07 18:47:25,2017-11-07 18:56:00,2017-11-09 20:38:44,2017-11-14 17:06:59,2017-12-01,5ec923ab8b42bee304595138015f7a47,2017-11-07
724ce270686637620b2fdeb626828db6,6b5584cbcf69fe02b86db187f9a463c3,delivered,2018-07-14 00:28:21,2018-07-14 00:45:07,2018-07-16 17:32:00,2018-07-23 15:28:46,2018-07-31,3b31019152f7496d3f22bb0e6f26ec1d,2018-07-14
cd796930ba8c7ed14c79e469aa87c22a,f5cfbcc3ab365d919d7de5d09b6dc65f,delivered,2018-05-07 12:46:18,2018-05-07 15:54:43,2018-05-08 13:06:00,2018-05-21 20:16:34,2018-06-06,5c258ab1ab8ededc8f75931d237b6cfc,2018-05-07
f9e91772b7c00e703b2ef5657ec53ee1,6e9aa39c9ed70e8a1c1016c4ecf8321b,delivered,2018-05-20 18:37:02,2018-05-20 18:59:01,2018-05-23 15:12:00,2018-05-24 19:22:26,2018-05-29,2e829d87a358435cdf49440581d7ca40,2018-05-20
44b050f54fe22a957cadf3516ec0e354,1007c42bf45f77fdaae1d742f06c314c,delivered,2017-11-10 17:04:54,2017-11-10 17:27:55,2017-11-14 16:48:02,2017-11-18 16:28:28,2017-11-27,5922a57172f73401ed56db41826bd662,2017-11-10
607a624a0fb32899edc4e3f9c9b24189,8985819d4414a7471d5be1dac2f08233,delivered,2017-05-02 11:14:08,2017-05-03 11:40:13,2017-05-04 13:29:01,2017-09-04 11:10:58,2017-07-03,f236ed5552a1074b20a29af39a5c2bab,2017-05-02
79e08374fa404a48bc49a7fc7a594416,9c774535370f71a4b58e60ae4e82590a,delivered,2017-04-29 21:57:53,2017-04-29 22:10:21,2017-05-04 08:48:28,2017-05-08 09:43:51,2017-05-23,f4e294b108865ee25da71f30a838b8d0,2017-04-29
df7e2759236fdf704508c65069fb6dbf,fa32335a910037a330a6903984218b1a,delivered,2018-07-25 09:48:02,2018-07-25 10:05:11,2018-07-26 12:19:00,2018-07-30 22:34:32,2018-08-24,2562900ea6f7a328f45a1beaf910f546,2018-07-25
f0b673967b0be0bfcc14490d3d1842a8,d103375981626bdaa9778b0897ee405d,delivered,2018-07-29 16:15:14,2018-07-29 16:30:30,2018-08-03 12:45:00,2018-08-13 15:07:31,2018-08-22,b3a8c7acdafc51ba3cb61c2af50745a7,2018-07-29
a71b8771c97d895f5a8240e4a24597dc,203023c74ac69573e302e77c48e5c19f,delivered,2018-08-09 21:26:59,2018-08-09 21:44:55,2018-08-13 08:41:00,2018-08-14 18:26:34,2018-08-21,75ac010c4a24b22c13f45dbb0d308459,2018-08-09
c17fde14eedbd5559d73d27af557fa50,e2c6a543fdf9ce5b717cea3d44ff1949,delivered,2017-04-19 19:34:01,2017-04-20 02:50:48,2017-04-20 15:12:57,2017-05-08 09:23:05,2017-05-11,03b22e3c0ac42e03f94471e220f13f02,2017-04-19
d3a90a46b8f2324b6472545ce1bc2c24,b04716bb2aa95739c6dc543d7f9f4dc6,delivered,2018-01-20 22:18:20,2018-01-20 22:41:14,2018-01-24 19:37:16,2018-01-30 22:19:00,2018-02-14,107d122d467cf7c3225261447ad11f2e,2018-01-20
6f73a96cdd874d89723d560bda640b52,b88d262675f908d6b0a3958c6a091e74,delivered,2018-05-29 09:06:07,2018-05-29 09:15:38,2018-06-08 10:24:00,2018-06-14 15:57:40,2018-07-13,e635f73415c2f0f580fa7bdff6298ab2,2018-05-29
9e4cbed5d166b9e8857de3150c2af79f,5b573a53a62bf0f490763bddb8fa55dc,delivered,2018-06-21 13:02:57,2018-06-21 13:25:25,2018-06-22 15:16:00,2018-06-28 15:38:50,2018-07-25,90061eed64bb4bbb2e08184758880df4,2018-06-21
f99baadda882046359a8c3d699e0267c,f69eb006d41805e8d520d33e96a6394b,delivered,2017-09-16 09:34:02,2017-09-19 04:05:10,2017-09-26 19:04:16,2017-10-05 17:53:52,2017-10-09,c3733cbdb41f37b5477b2c01c523e220,2017-09-16
d326e75b3255dce0b8d809c02280d012,e559a42967f29b2c6d61571a448eee50,delivered,2017-10-04 13:21:33,2017-10-04 13:35:20,2017-10-05 16:17:03,2017-10-13 22:56:59,2017-11-03,f15ff1962960f100d18e9ff816c9be88,2017-10-04
ac7838d68577acf6e79c465b25ce9268,679d4ea2fbd7a090a67bde09ad348e8e,delivered,2018-03-05 19:58:57,2018-03-05 20:10:52,2018-03-07 20:33:04,2018-03-16 23:04:24,2018-03-27,9c0e3b85d08c322f8cd16873942b0dea,2018-03-05
353f701bcba3aef1da4ccc8d5c4c3162,7cbd24070f207fef09b1a1f0487a1e92,delivered,2018-01-23 11:19:16,2018-01-23 11:38:00,2018-01-24 22:23:15,2018-02-01 17:38:08,2018-02-16,e37707992e03081cfca223dca39b868e,2018-01-23
dad0bbde895c4becabe332fcdfd47893,e6f880597699e4ad4e9e3ca72e5ab365,delivered,2018-04-22 12:48:56,2018-04-24 18:07:47,2018-04-24 15:54:40,2018-04-28 01:22:38,2018-05-16,d7eefd40a793e2ac1285b3faa2416e8d,2018-04-22
80176445f6976a30f014195eb46053c1,fa5f6226717c8c528fa82574b1ce9836,delivered,2018-03-05 14:31:20,2018-03-05 14:55:45,2018-03-09 00:45:09,2018-03-16 16:28:54,2018-03-28,dd3c1473dd2061e08c79e5b469454b05,2018-03-05
92576d1a063e02c36301ba8edac515f8,822dba166663bda7a3a84ae0b5ccac08,delivered,2017-07-16 13:15:25,2017-07-16 13:25:14,2017-07-17 20:41:31,2017-07-29 16:57:29,2017-08-08,449f298d4f110b021219775b1f59c636,2017-07-16
122e1fa741b4749cb51d77c6a3f8107a,228c8d4d1310dbadc1a0b3dfdfb455d5,delivered,2018-06-24 22:54:22,2018-06-24 23:18:00,2018-06-28 15:41:00,2018-07-03 17:54:46,2018-07-20,2a6a579388eefb42e279a15fb25ef7fe,2018-06-24
1c300b10263fefc0edc45c99921586a7,96abf0d6ed5581dcb89480606bd1b729,delivered,2018-03-26 21:05:48,2018-03-26 21:15:25,2018-04-02 20:48:50,2018-04-03 23:18:33,2018-04-09,43beb78935adea90d769ef58208ca634,2018-03-26
9e3181bd51258dfbe09b6a057bc37771,0f503abd280f64bea652ba842728b30f,delivered,2018-07-10 08:34:37,2018-07-11 03:25:57,2018-07-17 13:46:00,2018-07-23 16:11:08,2018-08-01,48c58c3bba065e245d050057d47a2173,2018-07-10
c4bd023ec3c8f99bdc3a817584217988,5e2bff98772b674b3afcbcac6efe0f76,delivered,2018-08-02 14:18:50,2018-08-02 15:00:06,2018-08-03 14:53:00,2018-08-06 20:29:23,2018-08-07,77c9aefbd1400df8dc5e39ea9ddc3a54,2018-08-02
73df5d6adbeea12c8ae03df93f346e86,c7e04083bffe04edab6d27fb982dc6cc,delivered,2017-05-15 10:10:47,2017-05-15 10:23:03,2017-05-19 15:24:01,2017-05-22 19:43:00,2017-05-31,aae867e923db95a5af878ffec19ebd8c,2017-05-15
c2d2c80fb18401b6b761d887e378676f,10a0c974eecb63a6bf4ec30bbf90d54f,delivered,2017-11-26 21:08:23,2017-11-26 21:19:33,2017-11-28 18:27:43,2017-12-05 16:49:15,2017-12-20,23d83aae8643744884d8e64678220754,2017-11-26
c0fb0c31cc56e7ddc07f5306fdff9e05,a8a21122dd385225c248e304c8497b18,delivered,2017-05-04 18:52:50,2017-05-05 06:35:25,2017-05-09 12:17:20,2017-05-25 15:47:31,2017-06-06,1be00084f4412958838a4888bed98678,2017-05-04
8fe860202f0d87213c4056f1030ae367,c85b57d305ecdc88bcafb087e60a658c,delivered,2017-11-10 23:01:20,2017-11-10 23:27:00,2017-11-14 22:51:26,2017-11-30 12:05:07,2017-12-08,57b1f68c8d93b167ff6606951edccfeb,2017-11-10
e713bee0fe365659dd0bf2e261ce6f28,55079e53ef36aa309bc1f0cc5a7b9ca0,delivered,2018-01-29 03:08:47,2018-01-29 04:11:27,2018-01-29 18:49:01,2018-01-31 22:49:03,2018-02-14,d9d7d235596859c088e3d0f553585757,2018-01-29
d987cb7dbb81d5e2230b44b06ee52513,72be690ff8a35cf36393e506ee0975fd,delivered,2018-04-28 16:32:41,2018-05-01 05:32:42,2018-05-02 14:46:00,2018-05-05 14:21:57,2018-05-14,7564f5c9fde0f92dfdca2a934bdae5af,2018-04-28
e86d50789574a28a92e27efcdc90bd8e,f3fa4e33353f1e3a7f0012cedfaf5cb6,delivered,2017-11-25 12:03:26,2017-11-25 12:13:41,2017-11-29 19:41:44,2017-12-14 22:21:56,2017-12-22,729c760a59db664526597dcc2603b2fd,2017-11-25
e4e7ac3eab5f637e1bbe465706a9e806,a91184a3664b61bc9731ae1c76a4f2f6,delivered,2017-06-23 21:39:52,2017-06-23 21:50:08,2017-06-27 11:56:47,2017-07-12 17:53:58,2017-07-20,2b775b75afa0be08220fb73a7e68df3b,2017-06-23
a6c1ae4d48280b5b3c43231ac6afd701,8cefa3f70ed73678ae31bd3ebf441aff,delivered,2018-04-03 09:24:12,2018-04-03 10:09:40,2018-04-03 20:32:44,2018-04-10 12:19:50,2018-04-30,44d7152dc796f40ba57f074837515d91,2018-04-03
28cda4e2c431cbb41d153d52ba95f894,370a626b0e9d9f6657e160a36eea1048,delivered,2018-07-02 15:00:22,2018-07-05 16:05:53,2018-07-06 09:05:00,2018-07-10 15:38:57,2018-07-16,ee89ab49264ec7a4b29ddc22671a2784,2018-07-02
2c2c8f9fa930b610e7d6033fcedf581e,7ff51888aa637a777566f2b0584a088a,delivered,2017-09-15 08:34:43,2017-09-16 03:06:03,2017-09-19 20:14:51,2017-09-22 20:33:02,2017-10-06,5429321a7605597c6b90ac201aa78f30,2017-09-15
fda9b4bb2887d3fb7623f0bf922ca00f,01b783aa8c0944d07d43b8e2039867e5,delivered,2018-03-01 13:56:30,2018-03-01 14:15:54,2018-03-05 16:58:34,2018-03-22 19:38:59,2018-04-04,69adede4ae3342d2f37dce509635c95c,2018-03-01
080a96bd106fabe8c9a74df5cb5d8d26,abf6671124e009ac0b59ca2a8a3ecf3a,delivered,2017-07-03 00:09:17,2017-07-04 04:25:21,2017-07-05 13:16:46,2017-07-11 17:47:41,2017-07-21,e43c9920240823d6c97bedc723c25281,2017-07-03
f054123dcc8f4f62b48652df19a22661,b39454e07623df0f8a866238645601a1,delivered,2017-12-15 13:49:28,2017-12-15 13:58:29,2017-12-19 16:34:16,2018-01-04 22:07:50,2018-01-15,b12aef8f1bdd8436fa9bffec26e386e7,2017-12-15
d828baeaa3a4bf3f9f4e239432e1987b,024269ae81ed73c17c4c53d91ba2cc93,delivered,2018-03-08 11:31:56,2018-03-08 11:50:30,2018-03-09 17:01:14,2018-04-07 21:04:58,2018-04-04,d7bef5d7b7ad10603256deacec829d33,2018-03-08
7e27277184720891692df939d3a7b048,8fbf900a62f8963e652dc8fcb3a5256b,delivered,2018-07-30 22:14:14,2018-07-30 23:00:06,2018-08-03 16:27:00,2018-08-08 16:42:13,2018-08-21,b53ac1c2a99d424e41be417000f94228,2018-07-30
413366226243365b3aa9f054059269be,118c61e27177ceaa327c2c100bf629a7,delivered,2017-03-26 14:21:16,2017-03-26 14:35:18,2017-03-27 14:27:20,2017-04-04 15:24:04,2017-05-04,ea0cc2614cfc63c367b490eba267ad9f,2017-03-26
949935ca08c693338e2b2624e360ace7,b1ab70ba6fb6ecfad658fc7bae23e9a1,delivered,2018-03-25 18:27:37,2018-03-25 18:48:04,2018-03-27 00:34:28,2018-04-05 00:08:28,2018-04-20,3cf1f15061ccb553df5d503aa8ff44c4,2018-03-25
c13d13f1434937c5e9539c2393e2ec87,a9ece8c6777d0483382fac50f6f5ad38,delivered,2017-10-15 10:56:27,2017-10-15 11:14:10,2017-10-26 20:33:21,2017-11-03 22:17:39,2017-11-08,2dbf5ed343970ad3835b0847719006be,2017-10-15
fd79284ba0bd11e560e236f939640143,f722f83d0923ea785b61ed0cbdf0bc3e,delivered,2018-05-30 10:44:23,2018-05-30 10:56:31,2018-06-05 11:50:00,2018-06-13 18:48:50,2018-07-13,1a3cb4b16bd273dcf070ffd795669c45,2018-05-30
b40e6b17c67577727373280e84a1219b,572f9a5f953e8da7b990923e57e13ade,delivered,2017-05-20 19:09:21,2017-05-21 09:32:56,2017-05-22 13:04:34,2017-05-24 09:07:41,2017-06-14,c4d781fcde967593104a3f3adaee38c6,2017-05-20
6b022a73dc1fa183cdc18cb9c255d60c,0334f4a8d10b77fa20ecb172b9f3a50d,delivered,2017-11-01 13:39:49,2017-11-04 05:15:22,2017-11-06 22:05:21,2017-11-10 21:08:45,2017-11-23,73601b1eec55943e90ce8d61253d5c09,2017-11-01
6f3e13f4ef62b348e815f6375cbdd675,771cb90ed752d46f2ab874f2db1fad48,delivered,2018-05-08 11:56:46,2018-05-09 11:55:17,2018-05-16 05:29:00,2018-06-05 19:58:48,2018-06-06,ece10be38947ac6c501e9352ae27d61f,2018-05-08
5c25baef0771109ddfe73e4c91f68cd4,cf1cc250256e6104a7b863050258225c,delivered,2017-08-25 17:39:38,2017-08-25 17:55:11,2017-08-28 16:13:54,2017-09-05 20:38:44,2017-09-19,08731645c1377f6426bdd938accc324a,2017-08-25
4ada6d6dfed2a3a67e95d23f336ae96b,1cf10cb5031fd32d69fa19e7a98168a3,delivered,2018-07-17 20:01:22,2018-07-17 20:50:13,2018-07-18 12:30:00,2018-07-25 19:46:31,2018-08-02,d6e1eed2622aad86ad46108ab7436606,2018-07-17
4517d10652306c01990d40b0d6f76511,de099fce4200f3f631d8689e8d578253,delivered,2017-03-27 16:19:45,2017-03-27 16:30:19,2017-04-05 08:55:24,2017-04-07 15:07:21,2017-04-13,7cc23ec3506e4e1e67d0702da04a734c,2017-03-27
24464b3dfd623dbde6ceb96af55eba7e,6fd5c621e78c434aa741e9ffb9c68250,delivered,2018-06-09 16:04:38,2018-06-09 16:19:43,2018-06-11 13:10:00,2018-06-15 21:22:35,2018-07-03,ed8447bf08c6b1fb83408eb0eec608a4,2018-06-09
2ef410891d7032f34d90f6e7d1dc42b3,7dfcec15d820559bbf1201005afc06a5,delivered,2018-08-06 12:13:21,2018-08-06 12:30:11,2018-08-13 11:28:00,2018-08-20 19:41:36,2018-09-10,a4bf7fd6b3daf4278f52ff06e040e31d,2018-08-06
baeda3433d038ef8e761934c1d710b5e,1a9a069744116bd55564b27d4bd0af57,delivered,2017-05-15 10:10:59,2017-05-15 10:23:03,2017-05-24 15:44:20,2017-05-29 09:49:24,2017-06-02,5d2b8976970a58343a90136af70cf5fc,2017-05-15
4bb595621c2f6ee56c2c25496988f4d3,b60c8a7001e92a90beaaf17b93347e31,delivered,2018-04-12 20:42:42,2018-04-13 13:14:50,2018-04-16 18:19:13,2018-05-07 20:22:18,2018-05-08,cb114591d0be9a8a58edb922a0ded943,2018-04-12
0ca4f0c14bd70b836b3f05d6e115860d,fe74b59a789bbd55b090ac3f0524ca8e,delivered,2017-08-11 20:46:07,2017-08-12 02:51:12,2017-08-16 17:58:51,2017-08-23 15:42:51,2017-09-06,3b3ef0a0f4d944aa4baa38a856287d9e,2017-08-11
d4156493c21d6dc99c265f66e3943122,b07a16856a8cf47e352f7b243cfdf864,delivered,2017-09-11 19:01:51,2017-09-11 19:15:23,2017-09-12 21:05:53,2017-09-20 18:13:33,2017-09-29,26b19f83e269b7b62fca19a32a4b2d3d,2017-09-11
25a41191628ff8e6be3cfb655337cd75,e9bfc2119e76c4d6a8effe8e9ce67033,delivered,2018-08-20 11:19:20,2018-08-21 04:29:36,2018-08-21 12:48:00,2018-08-27 16:10:55,2018-09-05,796ac95511a7315f314e0a4459bbc411,2018-08-20
eb55f59a44f8ca8558eb570394b598da,98b1500707c943180b75a4c1bc110750,delivered,2018-06-29 21:28:13,2018-06-29 22:20:34,2018-07-04 13:52:00,2018-07-10 18:18:45,2018-07-24,93e5131726eede4b245f92e902b18dd4,2018-06-29
df047659f1d5de3eaf72b7d657450068,4b2d724e420ebc3f9e7d8cd57a4a7416,delivered,2017-06-05 15:02:39,2017-06-05 15:15:19,2017-06-06 11:40:26,2017-06-14 15:51:41,2017-06-28,215f259930550e6cf391072c5dd72cc2,2017-06-05
de86d7a1250c84c7845795cdcf16a9ad,4c8d80e17eae5b1140669da0438954e7,delivered,2018-05-17 16:36:30,2018-05-18 16:58:01,2018-05-21 17:42:00,2018-05-24 16:32:16,2018-05-25,4b5ca0a612c33fa2c9a38f92a3394729,2018-05-17
a5d049fb139be4e41df304569addeef7,326ea3c08b88fd580aca1f750690347a,delivered,2017-06-24 12:09:08,2017-06-24 12:59:59,2017-06-27 08:02:56,2017-07-08 14:29:34,2017-08-01,13e197814fc0cb8f5c472cd356db8699,2017-06-24
0035e6b7ade84b3f5b86bd49814793df,3a0cc7c9af6abf8868dad5a1de4a16e1,delivered,2018-02-21 02:46:23,2018-02-21 07:10:40,2018-02-22 00:51:33,2018-02-26 16:49:02,2018-03-13,fdfa1cc68f121149d8fcc27ee96e134c,2018-02-21
0a029b521ffceb219d63dce7e02403bc,0715d45e32d1a8cfc84dcb9a447ac955,delivered,2017-11-24 19:04:23,2017-11-24 22:33:54,2017-11-27 14:38:21,2017-12-23 14:52:11,2017-12-26,93bb3b99d1dfce71499c593c4ddede98,2017-11-24
b516aaa690f572fbb0bcd7159d394115,a40455e8783b666b28e506a7ccd93389,delivered,2017-11-26 10:56:08,2017-11-30 15:14:07,2017-12-01 19:23:08,2017-12-27 19:19:00,2017-12-18,facc087c068e6e5424422d532c1cf738,2017-11-26
68d40cb0612e4d3be0f773cd162f8368,e5fd766629a5c46edd8a477e2cccf648,delivered,2018-04-07 11:29:56,2018-04-07 11:48:39,2018-04-10 16:21:54,2018-04-19 00:08:30,2018-05-02,b91f1111cb2923aa4d2145afcff9ba29,2018-04-07
33b5d784209aa1c1950cec3c9cf0568d,71bf38418d2f752d4d021a5aab546587,delivered,2017-11-23 19:47:10,2017-11-25 03:32:55,2017-11-28 21:48:50,2017-12-30 14:48:50,2017-12-18,fa5ee780520782012cae6474774c26f6,2017-11-23
a37e262a26000281d0ade3b4eb1ce1e6,d0602b514179e7ed50e801cc02769bac,delivered,2018-08-06 23:14:27,2018-08-06 23:25:19,2018-08-07 14:16:00,2018-08-13 19:08:40,2018-08-22,ce05c653348a8e630ebbb1fd1e0968d2,2018-08-06
7f3377932727107412b17a48648987d9,e4876ce732ecacdf9cf64c42cb1b49dd,invoiced,2017-12-10 18:43:03,2017-12-10 18:50:28,,,2017-12-29,e4951b10e341a56871ef584deab3f2ef,2017-12-10
dc231a0130c907d3826e434585362c73,4679f6b56b929bc8adaf8d07ea14a4f9,delivered,2017-08-18 01:07:34,2017-08-19 01:15:09,2017-08-22 10:30:14,2017-09-04 20:24:59,2017-09-18,fde93c2ff20a5d3e3491b6d0de6c45d3,2017-08-18
ab408a8fc0534c213e9de5b875be325d,128df5509d1a786ff02367d087e7971b,delivered,2017-11-25 18:14:42,2017-11-25 18:33:37,2017-11-28 16:27:28,2017-12-08 17:15:25,2017-12-26,9dfd2269e72e12592282e9ebb1d02c5b,2017-11-25
93a955b7a775ad2a9a9309557360558e,c3a9e3906ec23b173611500248fcc3dd,delivered,2018-07-28 13:12:04,2018-07-28 13:44:38,2018-07-30 14:58:00,2018-07-31 17:41:56,2018-08-02,1ad8381180d88c4860ebf6550ac32aa9,2018-07-28
50ed8128c8b7ee1458b9961d8b100a23,6d94d4ff9668ca2d38340ff936d09370,delivered,2018-03-04 15:03:28,2018-03-04 15:10:34,2018-03-05 19:13:51,2018-03-27 00:59:36,2018-03-28,adca104c5a4f32b6d3575e5e40617eaa,2018-03-04
be555543375e799bd0f439ffc16134ab,ec17a9a3e1a147308f1e70ab736e787b,delivered,2018-07-03 10:11:40,2018-07-05 16:06:58,2018-07-04 14:44:00,2018-07-05 19:06:43,2018-07-23,abc44e2f6efb032cffeea78ae96772dd,2018-07-03
1dc69fc31f0dc327020f749c9008a2b0,572ac7d2f685ea87f7223457b6ba9603,delivered,2018-03-26 20:35:22,2018-03-28 02:47:50,2018-03-29 20:54:53,2018-04-07 00:50:31,2018-04-12,a18190c8e2045004fd01dccef039b452,2018-03-26
715cf0bf4a5b1cfaaf01d77a000d4c8e,57475ecf56f8bafe4d5c20f2477f944b,delivered,2017-08-19 11:46:23,2017-08-19 12:04:31,2017-08-21 21:30:00,2017-09-02 15:47:50,2017-09-13,e9ba3a04ddc50b089d9e2ef3d09d25af,2017-08-19
6be224d0725475f57e2f090a937987d9,290b547037c2540c23626e1596785331,delivered,2017-06-24 12:58:30,2017-06-27 03:43:19,2017-06-27 15:16:27,2017-07-03 15:39:28,2017-07-21,015fcc1fe9d3319fb41b08e986684598,2017-06-24
7bb862945115522f6861b172c72405b1,f187e3755e5efb3ee11f5c1f76cbb536,delivered,2018-03-26 17:51:04,2018-03-26 18:08:19,2018-03-29 22:18:31,2018-04-14 02:52:32,2018-04-23,19ebeb80eb80101688fd83df96a41a8d,2018-03-26
c8bb4240e56e924623f11cba58f29e8e,545d0b34f24d4ce299fb05e29748bc0f,delivered,2018-06-09 23:27:47,2018-06-09 23:50:08,2018-06-11 12:06:00,2018-06-19 15:22:44,2018-07-05,b4a3cd11a29231091c7c8123323c9ee9,2018-06-09
8f93ae788ef7f38de13973c559e55ffc,0a24a365e81dddf7b29f787249fa31dd,delivered,2017-04-07 16:43:31,2017-04-08 02:43:15,2017-04-10 10:17:40,2017-04-11 11:42:49,2017-04-28,9fd8f5f94f581b8cec25040424b15b30,2017-04-07
af8582de59ea502ec0626a2ded9c535a,2379f7158f4c66905a9dac92c4472a2d,delivered,2018-08-05 11:42:57,2018-08-07 04:30:18,2018-08-07 14:40:00,2018-08-13 20:19:45,2018-08-20,b957b3e2473035f8a2e94e9155c11646,2018-08-05
6d8d761e59ad4c88b15467b203d3367e,7a55cc7e8b77509988bef09447df0101,delivered,2017-11-23 22:18:48,2017-11-23 22:29:03,2017-11-27 13:27:36,2018-01-08 19:47:55,2017-12-26,668813f7302213b609a2e6972ca54eb9,2017-11-23
5880ebe9056ff99c864c131e32d62828,36931bcd29c6a16317fc5709800e252d,delivered,2017-12-25 19:05:10,2017-12-25 19:12:20,2017-12-26 17:07:09,2017-12-27 20:03:09,2018-01-15,e95ab7deba0f46265254e71e6e6eb815,2017-12-25
9c038e10f14d12a96939a0176c4ecc99,05e8c670b506e48de998151c93bf87a7,delivered,2017-05-26 15:30:49,2017-06-08 23:02:47,2017-06-13 13:02:43,2017-06-17 08:46:07,2017-06-30,b80d1a6675e4a81a5a45eca76d8f1c9d,2017-05-26
18d4a7100f31e670cfebe0dce5a2d844,c4e869a8f762791fd7c7837c55ee0de2,delivered,2018-08-01 14:24:10,2018-08-02 03:05:12,2018-08-03 13:19:00,2018-08-08 20:22:50,2018-08-09,733730c1f6e1b7a412cd1ebd1442b632,2018-08-01
7ce33b4d8b77b96a9a44c1295d534cd7,d8b72d2acc7dec7ab73e46dd5c3c6fa7,delivered,2018-05-14 20:13:13,2018-05-16 03:15:20,2018-05-16 14:28:00,2018-05-29 18:42:35,2018-06-12,d2f1ad53e53b29a9906a40230b04177d,2018-05-14
5bb7f13d8996f3b384e2820e7f7e8659,54436727adc02bac2985f7f95c883b72,delivered,2017-05-02 12:13:36,2017-05-02 13:06:19,2017-05-05 14:15:59,2017-05-09 13:54:58,2017-05-31,adf2f3c1524855ec8e22850045998f05,2017-05-02
10bedcbb416f0f53e5791b3f61807625,24c40b316f28ac7b0a7fa59e21e6b52b,delivered,2017-07-14 14:48:35,2017-07-15 14:50:17,2017-07-20 17:42:13,2017-07-28 22:51:41,2017-08-03,336fbe323de0c0baffb8e80f3f5257a7,2017-07-14
6ebc7d36b08fd168bebefb07e6170be9,eca9017eda056e3c2264fbd939a5e0b6,delivered,2018-07-20 10:19:21,2018-07-20 10:30:15,2018-07-20 14:48:00,2018-08-02 19:48:04,2018-08-17,28cccfbe3043f67ee85b1742c9e29557,2018-07-20
a9a75c64cb5e9f7bc92e68ec13f05c45,2bd2bb24b32d017bb23235299984f0b7,delivered,2018-04-03 12:39:58,2018-04-04 03:15:30,2018-04-04 20:52:36,2018-04-05 22:12:48,2018-04-20,9579583ea574e24b89b5585666fa0e2e,2018-04-03
0de2b30e13d8f2dec50a37917bdac7d0,29b62435a300257ca07bdd99be03385b,delivered,2018-08-22 16:26:51,2018-08-22 16:35:19,2018-08-23 14:58:00,2018-08-24 23:54:50,2018-08-27,40f9d577ef0012948a599b315505ac09,2018-08-22
3594e05a005ac4d06a72673270ef9ec9,4cb282e167ae9234755102258dd52ee8,delivered,2018-05-07 11:11:27,2018-05-07 18:25:44,2018-05-09 12:18:00,2018-05-10 18:02:42,2018-05-15,0000b849f77a49e4a4ce2b2a4ca5be3f,2018-05-07
9eedaa8643ebca26e894f58017d00970,dc1c74edc2e09c2e847715c002ae310a,delivered,2018-08-11 17:13:25,2018-08-11 17:25:15,2018-08-14 14:04:00,2018-08-17 14:03:59,2018-08-30,8f1715d52df81959a3903fdc47b4b0e2,2018-08-11
5a0d3e375b4f44ea40854520a34cb7b4,ef13317ce9921eab2057cb68fe99a912,delivered,2017-11-25 21:55:55,2017-11-25 22:39:30,2017-11-28 16:39:04,2017-12-09 20:03:48,2017-12-15,a053b33caad9b237f40a312e1dbe7af5,2017-11-25
2d3ae8314361346376456addbeb7e5ed,99895a9b5ea7a5e7b2bd960ade35f89a,delivered,2018-02-12 11:28:47,2018-02-12 12:28:03,2018-02-14 20:17:57,2018-02-19 12:09:33,2018-03-15,472326965e0bbde0de9809c6d6415bf5,2018-02-12
685560f41db4ede51af9319e0def06f1,05eaca22fc4bcd48f6c916e294a89421,delivered,2017-12-04 07:40:01,2017-12-04 07:54:41,2017-12-05 23:26:57,2017-12-11 18:37:02,2018-01-04,ede05169568ca326a88ef980420cf014,2017-12-04
abb750c460089b92cb46419e7d7964a7,3a70c3662e08337525423b5fead248a6,delivered,2017-05-15 16:25:40,2017-05-15 16:35:17,2017-05-16 15:18:40,2017-05-23 10:49:35,2017-06-06,c9c07e67d300986b2dd4059ea3b551b2,2017-05-15
57d94aaa6b72ca15b3e4801c6d5c0959,940fb59dede76bb3ca6585086a7a08b0,delivered,2017-08-10 09:47:46,2017-08-12 02:50:33,2017-08-16 17:26:29,2017-08-18 16:01:52,2017-09-11,0621c2a5979d3e887ae519620cbe2926,2017-08-10
f849f319243bc7755c4fa9ccdb35eea7,e3f12c713d9d75a7c1fd80b19425880e,delivered,2017-11-21 11:36:24,2017-11-21 11:48:35,2017-11-22 17:02:27,2017-12-14 17:25:57,2017-12-07,d38af04fcd13c9685d0c326c40d973e8,2017-11-21
4fa373aa126aea437de1bdab7e3f4179,9ba535d9f016f0b68a7fa5817b8ce979,delivered,2017-08-14 18:06:47,2017-08-15 03:43:56,2017-08-21 19:35:34,2017-08-22 23:19:49,2017-09-01,db0940e1012fa77e4e19a6e38f4105fd,2017-08-14
4c44ec23a8f0fccb0284605ddb1d1d66,5d113528d3c9d6a43dd63e3970c12f39,delivered,2018-04-23 22:15:29,2018-04-24 19:26:40,2018-04-24 19:40:59,2018-05-08 21:42:38,2018-05-18,8f0d0067a7736e0c5d88c685557e58d2,2018-04-23
45c353f026b87ee6a62e06be5517e37f,0fad62880fad2d3cc72cd82cc8131f03,delivered,2018-01-06 14:40:31,2018-01-06 14:48:27,2018-01-08 21:54:19,2018-02-17 14:51:56,2018-02-08,c697370b3cc6a831515978d389f2049e,2018-01-06
161df324497b4eb26108b523c74327a5,ea8fe7750632253df84eea3d7f0ee1fd,delivered,2018-02-27 10:03:43,2018-02-27 10:10:28,2018-03-03 15:24:32,2018-04-12 10:42:35,2018-03-28,f41ff481a6bca54f1f50e44fc4fdc312,2018-02-27
a64f4e02e9b09024e0d90529473a8748,05f66300b5d8ee50ebe7f31fb7ab89dc,delivered,2018-04-24 14:32:51,2018-04-24 18:08:28,2018-04-30 06:21:00,2018-05-05 14:23:19,2018-06-07,cdf2117a4b5a28e789346ff90841b015,2018-04-24
d0e7be325a1c986babc4e1cdb91edc03,ffffa3172527f765de70084a7e53aae8,delivered,2017-09-02 11:53:32,2017-09-02 12:05:40,2017-09-08 20:04:11,2017-09-14 19:47:40,2017-09-26,48fd7dec70f2b104a1d5e8c5c639102b,2017-09-02
5d6984ec26b0281d9a0dc72539961ced,4e6c6b0b19e656a1d215b5ea1a28bbcd,delivered,2018-01-11 16:31:59,2018-01-12 16:36:25,2018-01-15 17:04:41,2018-02-06 16:32:46,2018-02-09,a56fb3740bee7befeddf19d8fd38b374,2018-01-11
be00cfaf4e0d5de6b164815a10ca0ad3,8e4a4bf8cb5a4231d1f6abafb41f5508,delivered,2018-07-09 12:49:51,2018-07-09 13:04:52,2018-07-11 09:52:00,2018-07-16 13:32:32,2018-07-24,8eda36b1582f48911a40565f7646e442,2018-07-09
681dfff7b99a142f8add974aa7deab83,98884ec6bda9bc1b3104526bbcc19d17,delivered,2018-07-24 18:56:30,2018-07-24 19:05:15,2018-07-27 12:50:00,2018-08-04 00:47:25,2018-08-20,3fe413dde400746c53c5d0d38b266ca2,2018-07-24
3a72e0086b573f6aae986707a645e8e6,9a2dec0b33e6a1c7ea867c6f304279e9,delivered,2017-12-03 15:22:44,2017-12-03 15:49:29,2017-12-06 00:57:08,2017-12-15 20:43:31,2018-01-08,05a4ccd655aab0d1303b42b3bf3418ef,2017-12-03
2847c1e42885f76be2e67b11d8bd813d,27c0a66315d9a1e346449f60396ec741,delivered,2017-12-13 12:50:24,2017-12-13 12:57:26,2017-12-14 19:29:09,2018-01-08 20:41:34,2018-01-17,4efe868b77400fecf7a035fe226989fc,2017-12-13
effbced821ab774c03bd43060822065f,eb31f299c1cf5985343718bad2277eff,delivered,2017-06-03 14:47:45,2017-06-06 13:35:28,2017-06-07 15:15:42,2017-06-21 17:32:40,2017-06-28,0e8fd0a7c045c5ef834a20b373deed77,2017-06-03
c91bb9b296c26b316c8acead6501905a,c4fde97f6e821ddc92b2c39c7c77b95e,delivered,2017-05-15 19:27:13,2017-05-17 03:55:27,2017-05-19 11:22:27,2017-05-31 14:55:47,2017-06-06,77e223f4a031fdeb1650e797bf4c692a,2017-05-15
423c9f7fb9e8d430438bdac01e58c635,05ecb5fcafedf08e2eff99a170b9b3c8,delivered,2017-06-14 13:22:15,2017-06-14 13:35:15,2017-06-16 14:57:29,2017-06-19 13:20:07,2017-06-28,551415a9e398fd0e5fc764c172de3c3b,2017-06-14
e2ab87d52fec5bcac4a7a5206eba10fa,f48208eff9563f993ac37437d8b72d35,delivered,2017-12-20 18:54:59,2017-12-21 18:52:52,2017-12-22 23:14:01,2017-12-26 19:29:05,2018-01-09,2a0886b1f5a7dd6b2700c6c738a3defa,2017-12-20
493c6b85f2b1911ffe31be7e8c2839c3,159dae69a6a70a53da6319ab31b3c69f,delivered,2017-11-13 22:22:11,2017-11-13 22:35:25,2017-11-17 13:26:52,2017-11-25 02:25:40,2017-12-05,f93b999a0e8b28362ec2a18449560fdd,2017-11-13
fbd5d366a19445bc01b83fb9055b6422,a780609535c7b7ab858f53daaf25c628,delivered,2017-12-13 15:21:19,2017-12-14 02:12:00,2017-12-18 19:18:33,2018-01-03 15:42:28,2018-01-08,450050246ab04a3eb2778f7aceb2fefe,2017-12-13
ae96c285e2413fd08d98768e8dac20df,d8a27f544ddc81427db0d41973df9ae9,delivered,2018-08-07 16:07:04,2018-08-07 16:15:27,2018-08-10 05:43:00,2018-08-16 18:58:47,2018-08-14,a13d209f705cbe9214e59c10338120e4,2018-08-07
ba22840a24058d908b366cc202de7b7e,837cdc06f07712aecc5ef8932f4af38d,delivered,2017-03-05 15:20:06,2017-03-05 15:30:14,2017-03-06 10:34:34,2017-03-10 09:11:55,2017-03-29,20d93ccef8bcc44227243e23ee009b42,2017-03-05
7590e5484e3ab1973abbed2b5f8146e1,884a60a885505aa1fe1eca3f5b726e30,delivered,2017-09-14 10:24:28,2017-09-14 10:36:26,2017-09-14 19:52:12,2017-09-15 17:07:32,2017-09-26,bb10d4c7543ed244a4cbb64f45b2916c,2017-09-14
2932a008b292b9b8eafc415b46f0f3b0,3a736406a4d0c12b3b248f4af6dba673,delivered,2017-05-08 20:21:05,2017-05-10 02:42:18,2017-05-17 14:09:58,2017-05-23 11:28:02,2017-06-01,5a1471c590fdac5bd3e37208d724357e,2017-05-08
740c1d67ed429d1c95538970675f2cdf,1107f83ca5093ef5dba7039d74fef65a,delivered,2017-11-28 13:47:30,2017-11-28 13:58:35,2017-12-01 19:32:57,2017-12-04 19:32:40,2017-12-15,4aac93e085cac4bac1f8a3080ca6db94,2017-11-28
0ebf8e35b9807ee2d717922d5663ccdb,9126539aa02befb9271bed176c06c637,delivered,2018-06-21 22:43:32,2018-06-21 22:57:28,2018-06-22 15:18:00,2018-06-29 19:21:05,2018-07-20,c30e0e45d4256ff2f7ff26e600ad0f7c,2018-06-21
4d16edc6146d11a43b18720cce159643,ae1b6f1b36f47639b665736983884bc6,delivered,2017-08-27 21:12:55,2017-08-27 21:25:25,2017-08-28 21:04:43,2017-08-29 15:44:39,2017-09-08,b6460359ea9ee67d438f054e254cf0cc,2017-08-27
2740f9d58dd09ee632344af519b499ac,1b8251534223367e329cc7605f5d4a49,processing,2017-05-22 22:38:58,2017-05-22 22:50:21,,,2017-06-21,3a2a12f2fd7c80c8c73846ad8475f2cc,2017-05-22
2cfc3681e512e0d12b6fe84b396e3907,6c60b00bcbef919c1697d18c309a99fe,delivered,2018-04-22 20:15:52,2018-04-24 18:46:28,2018-04-24 00:58:19,2018-04-30 20:51:45,2018-05-18,4637328fb3cc446c747c7f83f80c651d,2018-04-22
03225b1b0b8897aa43a745d14fde3c87,aadf17dc4ad865d7d15ef9ceecd4bbb8,delivered,2018-06-28 09:19:36,2018-06-28 09:31:32,2018-06-29 13:51:00,2018-07-03 21:32:53,2018-07-19,4883109917dd4bf33d4d029dab65ad2b,2018-06-28
dcd83873dcbeaeea50f6001f418a1fc2,dcc9959af28c3b43a76693497d0ac476,delivered,2017-11-11 16:18:42,2017-11-12 16:15:35,2017-11-22 17:09:52,2017-11-28 22:34:38,2017-12-06,69be6fb514150278c7f1cba56c328fb1,2017-11-11
7d7688ff6a1534fabf84c9dc3f8b2c7a,2e94ea544f81f32c3b3f0dd59dde00fe,delivered,2017-11-27 17:40:49,2017-11-27 18:00:04,2017-11-30 17:35:08,2017-12-15 17:47:00,2017-12-18,8a233ba6470de63bebddd3ac86c514cb,2017-11-27
14272800e054af4a7886796fd6b65593,c91a8f7e2fff5d41a0bce4071fe8affa,delivered,2018-04-24 15:02:16,2018-04-25 04:11:12,2018-04-25 14:18:00,2018-04-30 18:28:39,2018-05-17,ee0c772bd24f571a3d9c4d834c72e353,2018-04-24
ff1c777a8addd690846357ab7d2adf5d,e7d7c19180d24061b0c4d7a7896c5b00,delivered,2018-04-24 14:16:45,2018-04-26 03:51:51,2018-04-26 15:00:00,2018-05-02 15:41:18,2018-05-17,be32ec8fc5ae1bf8c7ac26eb65c7c37c,2018-04-24
59ee425a0f0cd825c79aafe5990b7bac,d6e2e0df4f867871a4c0f0c0d26fb89c,delivered,2018-02-11 11:48:17,2018-02-11 11:55:33,2018-02-14 16:13:48,2018-02-27 19:16:03,2018-03-14,f5d955e18e6b7d33361cbdf6fd0b8c48,2018-02-11
377696852de6926eeb2b8322d847a15b,755d117f08b413b6638b6fcdc0dcb72d,delivered,2018-04-24 13:18:10,2018-04-24 17:29:26,2018-04-25 14:17:00,2018-05-10 20:03:34,2018-05-11,a8b0b80bc3b749cfc00dd50d1e8a1cdc,2018-04-24
edcde7cec7551bfe6606a221822941fe,a1856c9ff731ccf239a269c6b8a965fe,delivered,2018-01-17 00:39:36,2018-01-17 00:51:38,2018-01-19 18:57:44,2018-02-21 21:41:53,2018-02-26,26e86d4e15fb994dc778032a32566867,2018-01-17
724d164fcba4e6b5fdcffe2ef8d3bb9a,36382579f4df4413cf0d5122f890b973,delivered,2018-01-29 14:39:36,2018-01-29 14:55:23,2018-01-30 22:36:52,2018-02-08 23:21:51,2018-02-22,d8ec63b7f9bae2d8131031d7927430ab,2018-01-29
e39f6d647b130bfdb91a5804be15c88a,29c37f46cdc35fd09806f6a826079c47,delivered,2017-05-28 19:04:00,2017-05-28 19:15:10,2017-05-30 13:29:21,2017-06-05 14:42:47,2017-06-29,0349c4f5811eb0c1f2a56f459cbd962f,2017-05-28
e8b190298e9df363a6c2f7509dd413fb,f67b9ce7548e47223d43a3ee3242f7d9,delivered,2018-05-29 11:59:40,2018-05-31 03:36:01,2018-06-04 14:25:00,2018-06-07 19:38:46,2018-06-29,99df8eafda0ec08a24c64a9693f1a304,2018-05-29
094f7614f77e85fb05c77ecb164afdc3,a536fed4f2a97c5dea43c049d0850f1b,delivered,2018-03-01 11:37:26,2018-03-01 11:50:34,2018-03-02 19:04:57,2018-03-27 17:03:59,2018-03-19,818977c72a9a9db58e112e4704137f91,2018-03-01
e9435c6647559b99f3fd1fb54fb566eb,0cb626f6bb027482159790ab08643c1b,delivered,2017-08-09 19:27:45,2017-08-09 19:43:40,2017-08-11 13:47:39,2017-08-31 15:08:10,2017-09-13,c6b2c164bd41abc73502efd29be542cd,2017-08-09
80c3447167bed567a8646b0802408d48,dfdc7f1b2a4867687e05f63eb473f8b3,delivered,2017-07-04 13:13:56,2017-07-06 03:15:30,2017-07-10 19:00:04,2017-07-21 16:14:07,2017-07-17,e66101ed66527184bb8496f807ba5c69,2017-07-04
52ade67b3fbf4821fbb52e5c8e3a463e,81959f2d6b540243ccac326d082d4af3,delivered,2018-04-05 16:23:23,2018-04-05 16:35:31,2018-04-09 23:50:55,2018-04-19 00:14:41,2018-05-02,8f980c62fd126f959fbe8ca88fbacd1b,2018-04-05
0c44de2eb92602da9bddda1c7b66aa30,7006c8d76a85a3927c81d16d21e9a317,delivered,2017-12-13 21:14:33,2017-12-13 21:29:10,2017-12-14 18:41:37,2017-12-27 18:47:14,2018-01-09,4c6698e19f20acf48e64c56a7b81cdc4,2017-12-13
f67c92e18981eb42c81ad885ab25ce5d,b274e17102f2eeb17a29ff10c4581a2f,delivered,2018-07-06 10:54:26,2018-07-06 11:11:42,2018-07-06 13:10:00,2018-07-11 22:41:09,2018-08-07,38d94ac457643d14e21793879a07ec91,2018-07-06
9611e941e8b7f96fafa5a05714bb944d,ed555f377bdf73a1daf2fae0edb9807d,delivered,2018-02-24 22:22:25,2018-02-27 04:31:07,2018-02-28 21:25:11,2018-03-09 20:40:35,2018-03-26,2c1f0aa4cf15d1f48535304501d73e3b,2018-02-24
6e4064c4b1df562463ea9a75839db134,98f6ca55d340ba5dfd4192258c7e36d7,delivered,2018-06-05 11:57:19,2018-06-05 14:31:35,2018-06-12 14:47:00,2018-06-13 19:18:42,2018-06-29,af32f3c7d7fd3f19c601601a36e0ee7e,2018-06-05
8cdad83f1beddcb376779fde102b5b76,b1813590dedad75f0f5946aa4aab117b,delivered,2017-07-18 13:51:37,2017-07-18 14:05:24,2017-07-20 20:22:22,2017-08-02 16:14:43,2017-08-11,cbaa283d24331afa69ec87fb63457300,2017-07-18
0324ca9d12ff99bc4d2421530c376ba4,f1ee7bccd46ef23780664502fb146820,delivered,2017-11-27 16:17:20,2017-11-27 16:39:14,2017-12-01 20:52:49,2017-12-05 20:23:25,2018-01-04,3dd406f929a5a13ddc8d9301b7045eb1,2017-11-27
b6420ae713eeeea2dfa52750bab876b2,908da3238812331bbc1e8bca51b1911a,delivered,2017-05-20 12:04:03,2017-05-23 03:35:18,2017-05-23 10:19:30,2017-05-31 10:33:53,2017-06-13,8813cd4bc7b8fa5dcd778bf3e35ad322,2017-05-20
cc23fbbb872ac2c2426b0d729caf7e9b,a83eec9a997cd0c68981cb5794dcc7d8,delivered,2018-04-04 17:37:38,2018-04-04 17:50:36,2018-04-06 19:06:29,2018-04-13 20:48:24,2018-04-30,6f4bbd0007955acef2ef24322bf753ff,2018-04-04
51e284ce71f96710652ab6d5da30fc09,ae980a87b199d9bbd5de7b78a3ba312b,delivered,2017-08-02 13:39:43,2017-08-02 13:55:09,2017-08-07 19:15:49,2017-08-11 21:25:29,2017-08-23,025fef1b215081d46d39595c7b67c9a5,2017-08-02
d6ef90d4bfc59f045be6bf8ba008eaf0,b58ca9769b50b9d05020b15fcd34447f,delivered,2017-12-12 13:54:59,2017-12-12 15:12:27,2017-12-13 18:03:34,2017-12-14 16:09:57,2018-01-03,aa2f72837d7a2a0a493e7a299ef2d47a,2017-12-12
c462577fbdd44f40d9ded05b2ebd6096,45b25874ff6ec2e66c207386ac05c802,delivered,2018-03-07 11:07:38,2018-03-07 11:29:59,2018-03-07 23:09:23,2018-03-08 23:58:34,2018-03-19,e1b278ac98136ff6294baa3da174eaf8,2018-03-07
9be4b69acb574b3a1e968c60b563a99c,a8a235576737a150535f10ceac2d51d3,delivered,2018-08-23 09:52:33,2018-08-23 10:05:07,2018-08-23 20:38:00,2018-08-27 13:05:01,2018-09-05,036f41292af402f38e6ed17bacd3e174,2018-08-23
9c57e2e7098196c6c6ac9d333b0395b0,ebc2505d558c0819880f9d3da77b94ef,delivered,2018-08-18 14:46:41,2018-08-20 12:51:03,2018-08-20 13:54:00,2018-08-21 16:06:39,2018-08-23,0444928793cc48f75878dbb46107da14,2018-08-18
880995aee9550ecd4518103daaf74fa0,68f692d1f39843a16d9319a7306b6b10,delivered,2018-04-24 21:26:05,2018-04-25 04:15:14,2018-04-27 15:27:00,2018-05-02 20:36:47,2018-05-16,0bec90ebca9ff4b2b830950bb052e52d,2018-04-24
73f1e1ca4cf1bf1290b466cec4ce767e,c0c488d05c54c75903ac8598fa6a570f,delivered,2018-08-10 06:09:03,2018-08-10 06:24:44,2018-08-10 14:32:00,2018-08-11 17:57:26,2018-08-20,84468ede9a32c976e901d309f7b75143,2018-08-10
8bac7fabc9ec56a6a0a9b74619dd30b7,3b542cee52633ddfcc18e056344408d1,delivered,2017-02-11 13:33:12,2017-02-15 11:31:56,2017-02-16 14:41:28,2017-03-01 13:50:43,2017-03-14,7804eccdf70fe6377d097b4ecc73a5bd,2017-02-11
c2d3c6d37255eee5a79820fdd4e00910,2ff052b75d6434d18dc0b0bcc257f2e5,delivered,2017-11-09 15:02:02,2017-11-09 15:11:04,2017-11-10 22:05:48,2017-11-16 17:27:40,2017-11-23,353cb8992855e035f1bc164383a0ff37,2017-11-09
61d9fd654edc5f0ab50b65c6bceed004,0799c43cb2d6ed014fee088f3f4312fb,delivered,2018-04-25 09:09:57,2018-04-25 09:33:16,2018-05-18 14:44:00,2018-06-14 13:22:50,2018-06-01,b2a226cc804f98d7300269e690a07c91,2018-04-25
be62a7e48d2d0a10e3ce4d03e737843c,cd3ad76eca9e738a7529dfeb077d5a7a,delivered,2017-08-18 15:25:53,2017-08-18 15:45:13,2017-08-22 00:53:53,2017-08-25 22:07:53,2017-09-12,c34db728261251fbd489eb0045f9d114,2017-08-18
5b2b9ac65739f66309f4ca13b999dc19,1bdd2afb8db9bea3b7f7f00d20e751f7,delivered,2017-05-07 21:18:14,2017-05-08 21:25:13,2017-05-15 14:52:22,2017-06-01 15:15:53,2017-06-12,375b3c787815f287c81440dc4b706a15,2017-05-07
ef97cf414dbb8fe75a919ae7f4a642a9,7780891e6b30f04983e029e646666e35,delivered,2018-01-07 21:32:45,2018-01-07 21:39:27,2018-01-11 16:33:05,2018-01-13 18:06:56,2018-01-24,e308e5bfa618752eafa2141f230e3d0d,2018-01-07
b7023af39501fa62e77df88e2438b7e3,df8e606f235ed6eab5df099fefc1e4c5,delivered,2018-05-01 22:09:43,2018-05-01 22:31:26,2018-05-08 06:43:00,2018-05-09 20:39:08,2018-05-15,0d589ee71b3f046e5c03df7069fff213,2018-05-01
700070e69858b585d65a370ed6204d3e,5956f873b7fb56109115a33ff50a1c23,delivered,2018-06-12 15:57:45,2018-06-12 16:32:26,2018-06-13 10:34:00,2018-06-14 15:26:29,2018-06-26,82e623f8d62b444e316c74677ff9f2ee,2018-06-12
39079435e23220a9ac9488f15e35e408,ca689f1368cccb30e961e9c9a525fa21,delivered,2018-03-24 19:59:27,2018-03-27 03:35:14,2018-03-28 20:41:28,2018-04-06 23:48:41,2018-04-12,580bdfa1af923325cd7880e32bb7e15e,2018-03-24
354191f7dea5618706f6ca10eddd9d46,b8efd322c0aa3286a9d7c3a0e5cebbb6,delivered,2017-05-17 18:19:40,2017-05-17 18:35:16,2017-05-18 09:46:23,2017-05-25 10:24:01,2017-06-12,9c79021ba84e7c187553cec1196eb584,2017-05-17
4bdcd6e89c754563fdcc161a2a4b44e3,7c5a2c71a28e416cdbf1226dc542cc97,delivered,2018-03-03 18:00:57,2018-03-06 03:48:55,2018-03-07 20:53:26,2018-03-08 13:34:16,2018-03-15,da8a310d79c854cff220dc0852d50230,2018-03-03
e4be5aacc6848e44f045dfeb0e005447,547fdf3f3b5ff52d847e7dc145b31766,delivered,2018-02-19 19:02:56,2018-02-21 07:15:09,2018-02-23 23:09:52,2018-03-05 21:07:52,2018-03-12,c7b4749501147c8b69fd551ac98b3a6e,2018-02-19
1e575fc9d2c56fa7889923cd298830f1,984ccc607ad9b036402d780a2a10f4b2,delivered,2018-07-21 22:33:25,2018-07-21 22:45:12,2018-07-25 06:09:00,2018-07-27 13:58:11,2018-08-13,0697fbaa53cc4ce49707782afb2c17a9,2018-07-21
e92035da9ee39562f39f5ac1b0ddf3a1,b8de067c596b5958e00ede990b3af252,delivered,2018-04-12 22:36:35,2018-04-12 22:51:06,2018-04-14 03:08:29,2018-04-25 17:16:57,2018-05-07,2fa5c7e11c43bad99ea8ff671da72633,2018-04-12
2f1d1f33d34c7c83663ee62690921036,21f07f10952c958916e066054b024589,delivered,2018-03-13 07:35:47,2018-03-14 03:40:29,2018-03-14 18:51:51,2018-04-02 13:05:31,2018-04-04,16d2e75f54c1873d887a7c6775ddb105,2018-03-13
30ca6695cae8ac10c2431a366d30f0c2,a049003658eecf3b1d87246e326b3eb8,delivered,2018-05-29 02:29:27,2018-05-29 02:51:18,2018-05-29 13:44:00,2018-06-07 22:42:05,2018-06-29,9db51925992833f0528f9dd55a77f204,2018-05-29
b165078f2983467c970fe55fe99967a3,947f2ec0cfa373eb779979b222e09b5c,delivered,2018-01-17 17:40:14,2018-01-17 17:50:50,2018-01-19 19:53:10,2018-01-22 23:36:28,2018-02-02,b6216e2929abf9261e14d2e40f9a4d17,2018-01-17
1e9848c0cef533284eeb143f5032a34c,7fb8817553c00e571f674768c10a7bb8,delivered,2017-11-26 17:23:00,2017-11-26 17:32:34,2017-12-01 20:34:11,2017-12-27 21:06:11,2017-12-18,1c412bf88a8b68772474dfa27ecb73a1,2017-11-26
7811343e37a3cbe3fd4755f1a448c765,167ee70e0133482cfadf96bbb2d5d804,delivered,2018-07-16 22:36:53,2018-07-18 02:45:11,2018-07-27 13:16:00,2018-08-01 10:11:25,2018-07-30,2909970316bbbd6a90d8902bd1b426ec,2018-07-16
575bfb61f87cbd5b35f76ca953e1edff,f6a37d2205361441f0b53092bb4dae6c,delivered,2018-08-12 22:59:23,2018-08-12 23:15:12,2018-08-13 13:31:00,2018-08-20 17:11:00,2018-09-13,fadf46a597218878b48893bc947da67e,2018-08-12
c7d2e4441e2074bed6ad0cd9ee428f3d,79028b5530181ecc652433ad2f88df2e,delivered,2018-02-24 09:27:54,2018-02-24 09:55:29,2018-02-27 23:25:00,2018-03-16 22:48:49,2018-03-21,d535471db72095137da93810c98af688,2018-02-24
4191fb72d0d41e2814969339894ec19e,b5d774283195a95c35daf6e7f16e48bd,delivered,2018-03-15 16:45:19,2018-03-15 17:10:25,2018-03-19 21:29:54,2018-04-19 19:12:26,2018-05-02,8a796cf7bd37e02a20de477bd95efc58,2018-03-15
51abb20be6330420d4528fe527d3f90e,be8c3171fd93be859af167b6aaf33af6,delivered,2017-10-07 00:26:08,2017-10-07 00:49:18,2017-10-10 13:55:55,2017-10-24 20:12:12,2017-11-03,a0bf718d99c37ea39a6ba5cf3be46d5c,2017-10-07
79253603017826d2d9471136b52c2646,7253bf2ed52c3878022a7332a5602cf3,delivered,2018-02-13 14:40:50,2018-02-13 15:08:01,2018-02-15 00:48:58,2018-02-20 16:55:48,2018-03-06,faca1f85a0df17b777dd04b08fa3a908,2018-02-13
82905f4b411a687464762216db4424b2,a14a54843c4b23ca87386fe6088fb649,delivered,2017-11-21 19:56:56,2017-11-21 20:07:39,2017-11-23 19:02:57,2017-12-19 13:35:51,2017-12-14,4397cdacb59ba0ceee5f45401a8ba313,2017-11-21
71628d400b400bc93316d9d6245feef7,27f956858d2fe4db86872775ed97cbec,delivered,2018-03-19 17:53:54,2018-03-20 03:28:24,2018-03-21 19:16:48,2018-03-29 12:42:01,2018-04-13,29877a81378fcbf6a85c4520f6e34894,2018-03-19
6887345eddee5fcf98e3f730b4db9c47,d644a47b90ddb3ccb2933fc4a732cedc,delivered,2018-02-27 16:36:06,2018-02-27 16:56:03,2018-03-01 20:13:13,2018-03-21 00:52:42,2018-03-20,af85314ef8ae02a1a824f6f31936cd96,2018-02-27
cdc6f3d564f23d5a74718b6506312d73,b0589a40c88f375b99931580b7f26610,delivered,2017-11-23 00:10:31,2017-11-24 03:10:59,2017-11-24 19:42:02,2017-12-19 00:51:32,2017-12-15,f99a1bff974aa1938184d64df947997c,2017-11-23
e11e78a150492da775d6acead338315c,57cdc2c3d1a4f933be8b559960cb7f2a,delivered,2018-01-17 20:13:15,2018-01-17 20:30:49,2018-01-18 20:46:52,2018-01-19 18:52:17,2018-02-01,9fa5b42c7a6115987f26c1eb2c09b408,2018-01-17
7e3766d472dabd56a59bd81503062ff7,6e599ed4fb3710b997e820461e1c6a6a,delivered,2018-05-05 18:51:05,2018-05-05 19:10:48,2018-05-07 15:11:00,2018-05-18 17:23:01,2018-06-07,15495d61b129adce07a95f815c3ddabe,2018-05-05
ff98857a36b901baaa0dc19c6fcf65fe,7a465ba4f33678a7fb092c30546ff6c7,delivered,2017-11-17 19:44:51,2017-11-17 21:10:42,2017-11-21 19:06:13,2017-11-23 18:38:34,2017-12-06,9eaca38be18096a01e0dd2ed123d9b0d,2017-11-17
54385d537116e5d01683eb06b3828d8e,5a2bf02ad139c6e245415f91991a2e0e,delivered,2018-07-27 22:57:48,2018-07-27 23:10:12,2018-08-06 15:09:00,2018-08-10 19:20:46,2018-08-27,09add2b363f6597cde53462d930bb3d3,2018-07-27
d6e3732aea036f7d71b44db75163e2f4,0e030dda2e8d63beb191f52346ac0fbe,delivered,2018-07-03 09:45:53,2018-07-05 16:27:57,2018-07-04 14:03:00,2018-07-05 15:21:52,2018-07-20,27a12bf46bf13e96f6dc1d15ff2fce12,2018-07-03
fc55691eabf7bd6d38e8d49b4cdd8629,03a7ec15e921e602f51a834e5be50b4f,unavailable,2017-06-07 13:22:49,2017-06-07 13:35:13,,,2017-07-10,1d49289b3a906433e3ee62d969b5fd35,2017-06-07
a1617ff5999ad108a77df6cf3d2969d3,184325c53ecebe3757861f72a9528561,delivered,2018-05-02 22:01:59,2018-05-04 03:51:57,2018-05-04 10:19:00,2018-05-14 13:06:49,2018-05-21,ec5625006d029120e338890c30ca7669,2018-05-02
8912714cffbe195a053e461728955065,f6dea24b7bee9897f6903fea35390544,delivered,2017-09-28 11:37:21,2017-09-28 11:49:11,2017-09-29 15:51:45,2017-10-13 14:36:10,2017-10-30,82ad4a83fefc30b30d625a2a7bda7f91,2017-09-28
6d14889fa5a291bfb158f84de31cc0e9,ce7bb4d2cf76d2692bf39ad988f7ecd4,delivered,2018-06-06 20:53:22,2018-06-06 21:15:49,2018-06-07 09:02:00,2018-06-11 17:42:19,2018-07-03,a5a66842f57f78fb350c764782c05216,2018-06-06
e7d84e43b5d477e3b4a6fd6d90db1cac,6518928bd25682e50e13e7aa34695809,delivered,2017-05-09 08:33:21,2017-05-09 08:45:13,2017-05-09 15:57:30,2017-05-17 13:14:32,2017-06-05,4aafb9b8979660ba273b436d39de1255,2017-05-09
22b740460022df3f675528ed4e738ca8,e3e9ae1347443d356811dee97b0faa20,delivered,2017-08-11 01:52:59,2017-08-11 02:24:43,2017-08-14 19:53:28,2017-08-18 16:01:50,2017-09-08,5243ba594032a9e2e1b2dc095c26faac,2017-08-11
a3e47ceb0f0691a07708121b7a1e412c,6c21cc8db9c67fb803014381d506cb29,delivered,2017-05-19 18:41:40,2017-05-19 18:55:20,2017-05-23 12:01:57,2017-05-25 15:14:40,2017-06-21,acb77cf957357d4e770e8f809495da98,2017-05-19
38470e297a1603e94427029057416665,1680b407a5a42b8d82a8c351ad0fc6db,delivered,2018-04-06 19:39:40,2018-04-10 03:50:13,2018-04-10 23:05:39,2018-04-18 21:48:28,2018-05-03,3c38b0f52cc2531742187b22675dd862,2018-04-06
de745e34eb24d2c0c2b46c6e86659127,627d6904ea6322179cd3ff116c0f8576,delivered,2018-03-07 14:11:54,2018-03-07 14:29:54,2018-03-27 21:52:06,2018-04-09 17:22:54,2018-04-17,d7c3ad84c2c8b0f294d23087bacccb53,2018-03-07
21bffa9bb2f8540013b0eb048699805d,c1ede2501398563c6bc21454355670e6,delivered,2017-11-12 19:44:23,2017-11-12 20:06:50,2017-11-14 15:51:31,2017-11-30 17:55:08,2017-12-06,8acbf87fd228ba29d6de4b8e28665f5b,2017-11-12
65f7ec0b0b6cf697f5a228b3a34c4ada,776088f1eab3de3630b0b9f96ca838de,delivered,2018-03-18 19:11:55,2018-03-19 19:08:39,2018-03-20 20:46:51,2018-03-22 13:35:23,2018-03-29,def6a949455fb8a5acb76c38ec419ffe,2018-03-18
62db325bc32b729554e4fd9c793ab850,11ec5b987d7a0d733319182a77784d38,delivered,2018-06-27 12:28:47,2018-06-27 12:49:46,2018-06-28 05:52:00,2018-07-02 17:04:24,2018-07-19,ac8132d46f107a35071668c439ab63e9,2018-06-27
183672206ac52b475b8446069f70e2f1,43d69f3028e428de6f7316badb382658,delivered,2017-11-10 12:42:24,2017-11-10 12:56:20,2017-11-14 17:42:23,2017-11-21 13:06:58,2017-11-30,8bf9261c48d931bb76d80f926e5d9ca9,2017-11-10
47a2809ec3c2d8c1263a2e09fb62cbcf,8e2c656d2fe9f0d003a5507c15fe39ae,delivered,2018-02-02 19:29:48,2018-02-02 20:12:00,2018-02-09 00:43:01,2018-02-23 20:37:13,2018-03-12,cd757d2a56f899b388d0192ae19abb04,2018-02-02
792bb673f614c5eec62086b083eb9355,ae72392073d97f05c79caafb9a6042fc,delivered,2017-10-18 14:04:51,2017-10-20 02:49:30,2017-10-24 09:08:49,2017-10-28 14:51:32,2017-11-07,670df3711f72fcfcd719c07d8d2e568e,2017-10-18
fa3e74dbf7c2669de4cbb7d68adcb17b,21a60320207ccc9c5872c7b0d929e371,delivered,2018-08-20 14:22:51,2018-08-20 16:30:05,2018-08-22 14:22:00,2018-08-27 19:21:53,2018-09-05,8a75bcf1cf3c38af9dff219f4b3044f1,2018-08-20
ab036b681f93c56caee93990cecf22ce,652179d9b584aea5a6de577d7e707513,delivered,2017-09-16 11:26:48,2017-09-19 03:45:12,2017-09-22 17:42:38,2017-09-26 18:56:01,2017-10-17,b8ca2e14188d8a3ebd2da5dfccb5725d,2017-09-16
d475063859317702a25c3f60c5cfd824,191f2f8821e17ef3a5b2980e301f6890,delivered,2017-03-02 12:09:45,2017-03-02 12:47:52,2017-03-02 14:11:16,2017-03-08 11:14:37,2017-03-31,426fb970823989d24c32758dcfc93b12,2017-03-02
e2210e9067554988ff724209b5b7a474,1e9c542107046dc0a616dab2c63b1b93,delivered,2017-08-14 17:23:48,2017-08-14 17:45:18,2017-08-15 18:17:56,2017-08-28 18:34:23,2017-09-15,d5c58b8a7838af61bf0fe7262339ee8a,2017-08-14
03d11bececb87dec8b11f5bd6fa62472,d67b2efa31becbe2013bb1991eaf65cf,delivered,2018-07-13 08:23:59,2018-07-13 08:44:07,2018-07-16 08:57:00,2018-07-24 15:58:42,2018-08-03,5b61931b2b19276cef3e503bc3a571c5,2018-07-13
99cca049bdfcd6019f861465e6b9261e,17b162e0b8cd336b0c7624a8e463076f,delivered,2018-07-20 19:02:01,2018-07-20 19:35:17,2018-07-24 07:12:00,2018-07-30 12:25:25,2018-08-16,50d067af4bbd9a299e40a68f6ab31e50,2018-07-20
7b734c5bc97dccfab80232a0efd694d9,5d633f08f63d946e620b93e3ba8c91c6,delivered,2018-06-07 11:30:44,2018-06-07 11:58:32,2018-06-08 16:44:00,2018-06-18 18:36:22,2018-07-04,fbe11df40427d0ba8a4aa94af2185d21,2018-06-07
6bdc8831f7f05d0765b0d07c612b731e,e96fee75ad6df5e2113615972ab1d255,delivered,2018-08-13 16:28:01,2018-08-13 16:35:21,2018-08-17 07:14:00,2018-08-21 23:12:04,2018-08-30,dcffecd2a9bb321d4f30a0a125937243,2018-08-13
e0c51c7d23c16c36c365b7ae8bbe6782,0ca908d0f8c65e51340cf28d99485d2d,delivered,2017-03-07 10:25:58,2017-03-07 10:42:45,2017-03-17 14:05:09,2017-03-29 15:22:58,2017-03-29,ee5c5d0ff3ff8e904b5c2b66dd471b01,2017-03-07
3f2319ebb0d43c639d1f768216d5edf7,9c119140512ebdd0f4702dafb7c4258b,delivered,2017-11-08 00:46:50,2017-11-08 01:26:30,2017-11-09 15:45:01,2017-11-22 18:51:27,2017-12-06,ab8a9a2a6edc9fd52fe401722df80bee,2017-11-08
9a870e988c5cecaa5c381c345f158dce,0e4d01255766c7c5be91926bfb4fd30d,delivered,2017-10-24 13:20:36,2017-10-24 13:35:08,2017-10-24 20:06:45,2017-10-28 00:09:20,2017-11-13,ea1f3aed4734ee084ca8dd23e60309f0,2017-10-24
37f274d6183453f21639af5c037547d2,99591752fa0fde84c1d12934abf94ca1,delivered,2017-08-14 13:21:46,2017-08-14 13:55:11,2017-08-17 13:00:16,2017-08-18 15:57:36,2017-09-05,64a49116e11b65db66622da9e26395ce,2017-08-14
0adf68e8a310f18fc7e75cffa60901b2,5d91398ab075e8aa780bf0d893944436,delivered,2018-07-06 14:41:11,2018-07-06 14:55:11,2018-07-10 17:39:00,2018-07-12 23:48:49,2018-07-19,d77fe4b71641d48a814bc0daa68e8712,2018-07-06
dd67b7acc6c65e92fd2db3c8afd56b2c,6f6318810bcd532ff9ae0bda46011ead,delivered,2018-06-25 21:09:53,2018-06-25 21:37:28,2018-06-26 10:49:00,2018-07-29 19:42:49,2018-07-23,fe6140b314b10517d57a456367eafc1f,2018-06-25
0de9e77cb8416394c1d74300fd08213f,37ed0b3fa78fab54b771fc1e2723c5d0,delivered,2017-08-13 13:31:33,2017-08-13 13:43:43,2017-08-14 18:33:00,2017-09-14 11:33:00,2017-09-08,7f5d40ff4a466d298f80e646d144e833,2017-08-13
cd2f69bee54086eeb259dc69de724245,84a810a852122f710a0ea08820feaf54,delivered,2018-03-10 02:13:19,2018-03-10 03:08:49,2018-03-12 16:18:33,2018-04-11 19:41:39,2018-04-04,44520c5174b581299269d07e0735b090,2018-03-10
97d5aa85110fb7e998b5754af19b95c4,f154c3425ff09d9bd9cf677f7f658bd8,delivered,2018-03-05 16:15:17,2018-03-05 16:29:36,2018-03-06 19:09:09,2018-03-20 16:14:22,2018-04-03,fc4fcc305b7eb5bf85e06e1945587639,2018-03-05
0bb7e708846c7f44630a64e18292bb87,daa3fdea600ba786a3da7cbd4e19aa96,delivered,2017-09-25 17:17:20,2017-09-25 17:30:17,2017-09-26 17:23:45,2017-09-29 17:37:38,2017-10-20,bd0880583be8b120d23326b57ff8943e,2017-09-25
63f96415deb3a304ecad661aca59761b,2e8ef8c092d86cccf757dd9133e8dad2,delivered,2018-08-23 21:15:11,2018-08-24 04:05:09,2018-08-24 12:59:00,2018-08-28 22:55:37,2018-09-10,2d4912f3cb306836f73b919baad094ed,2018-08-23
891344f5dccfec55dfa8c3329ff13aa0,52063052b48c05347c9bee487a0a7d35,delivered,2018-02-04 19:36:34,2018-02-05 22:50:48,2018-02-07 23:12:13,2018-02-14 11:59:00,2018-02-21,cf381e9551dd911625f7afe5804d66ba,2018-02-04
25d9bae08f05016b8afec9061834e1d4,47afc61d974f61fba6bca5d77fb9f9d9,delivered,2017-10-14 13:55:49,2017-10-14 14:07:15,2017-10-16 22:14:16,2017-10-26 19:45:56,2017-10-26,8b002daaded6f293f349b059419d6300,2017-10-14
8418eb39cd68b52032566797b8f1bd11,34a53c28f4e30da0b45e69eee581a0c6,delivered,2017-12-02 23:57:52,2017-12-03 02:31:27,2017-12-06 19:37:52,2017-12-12 21:13:48,2017-12-20,911b12b22b35d7e0a732449a0535cac7,2017-12-02
c773cc960c0785e8154541eac3091b29,84a2c4c19cc18dcab616e5a1f061757a,delivered,2017-08-14 13:09:24,2017-08-15 14:15:20,2017-08-16 20:57:57,2017-08-30 19:24:04,2017-09-25,3adf7d81301bca529a1188678aa8c9e2,2017-08-14
94f506e669de10a239ec04627d90eef4,d8b4a91c31ba22e95b3c98a326d3dbe0,delivered,2018-06-01 15:08:16,2018-06-02 03:31:52,2018-06-04 12:17:00,2018-06-13 20:52:38,2018-07-04,804e1ee1cf0240df637f4266b7e32a6f,2018-06-01
8750169950344f2a94fa7d156daa3097,c585200b1a6afd14bcdd420e147b1f21,delivered,2018-03-20 09:43:48,2018-03-20 09:55:26,2018-03-20 19:32:46,2018-04-15 18:30:54,2018-04-12,0e66b615daa4df73afa6c160346708b3,2018-03-20
b25081e0843bf437bc7ae7edf71ccb4a,c72f69d9a10067f1ed55e5e682f9f292,delivered,2017-07-31 11:33:33,2017-08-01 10:50:18,2017-08-04 18:32:26,2017-08-07 19:23:46,2017-08-15,8f7be7114337f8d6f2883f1cda15f4d6,2017-07-31
aa7de70d0bf642d7221cb9b450e21780,5025f49aa0feab6544b796e66b8e54ce,delivered,2017-05-20 11:55:29,2017-05-23 04:03:11,2017-05-25 09:07:37,2017-05-29 18:37:44,2017-06-02,f359832fd1c530fbb94b787e049f833f,2017-05-20
891a2a73007fba5bc9bfb7ea1f486171,ad0d3c49b144627644b8e067ddeaffb4,delivered,2017-04-08 22:29:08,2017-04-08 22:42:19,2017-04-12 13:40:29,2017-05-09 09:21:42,2017-05-19,1447cdf970b1a1697ec349576d85e2bf,2017-04-08
aeb1bf959ce40f5e1fb6c3f225252b0c,97367f79378c5aa0836836ccb79cd2e0,delivered,2017-12-24 17:38:40,2017-12-24 17:48:22,2017-12-27 19:22:28,2017-12-29 15:49:11,2018-01-19,fcc0eabefd543a3882697a2b525866ba,2017-12-24
7f00ebc78d5d9f7e7b53d71d2003eb68,de907113d684cfb11cb4aad163ad6b36,delivered,2017-05-07 20:03:13,2017-05-07 20:15:13,2017-05-10 13:36:44,2017-05-23 14:16:58,2017-06-20,4f35dd90eaecd518f950102bf5ec256c,2017-05-07
975cb77712bd0680ba72f72f842db285,e39dc53b86f3f80d0d47279856748b30,delivered,2018-01-22 21:20:53,2018-01-22 21:35:19,2018-01-25 04:23:59,2018-01-29 13:11:49,2018-02-14,535835e982913fdbc36acd896bc0ae8f,2018-01-22
9949066ce492fadbb8392177ca22f2a3,d15f971f3eadef2a876f65093efedc57,delivered,2017-11-26 13:24:31,2017-11-26 13:36:26,2017-11-27 22:19:38,2017-12-09 15:27:09,2017-12-15,10ecd0a38feca46d7c3fa0c53be5c31f,2017-11-26
4cb45a7074870ecb5a1f362fd7043178,379d1c8b9cb461e483579f8239d3c316,delivered,2017-11-26 10:09:09,2017-11-26 10:17:53,2017-12-01 23:11:49,2018-01-04 21:22:50,2017-12-26,4411b0c7c7d9276a037248a82f108f71,2017-11-26
dcbb049126931a5d6c2d59539617ef7c,68af4288b6758d1096de587467d24586,delivered,2018-04-24 23:04:52,2018-04-24 23:52:21,2018-04-25 10:42:00,2018-05-03 19:59:25,2018-05-21,20f3ed5ed3184f24d7395c27a8f95ae8,2018-04-24
a250e33c3d40fa9dd726391ebc5a4abb,eb40667f90c8d0694ad616975d9729c2,delivered,2018-08-06 16:01:58,2018-08-07 04:10:21,2018-08-07 08:48:00,2018-08-16 19:02:58,2018-09-03,003c2067070f5b3d923235b1ea1cc17b,2018-08-06
28c64e857ee676bae6e88191ad4fc730,d1b19221b806907480971467a31a755b,delivered,2017-08-13 18:09:53,2017-08-15 03:30:18,2017-08-21 11:10:26,2017-09-05 18:25:08,2017-09-11,6ea0d41f78b71f40ad813129e7336f36,2017-08-13
23976d6dc9224e9d1f9e38a7b6fb03df,93aa25c384e914320479ac49f4cf8f69,delivered,2018-03-02 20:18:19,2018-03-02 21:00:24,2018-03-03 11:57:31,2018-03-16 17:44:49,2018-03-23,6c44c703ec4f7ebb1b595fc4cd05a244,2018-03-02
4516e24f7d61e13033494fd6252e5c29,dd4d918501319301699fe6e22694c590,delivered,2018-08-23 17:38:27,2018-08-23 18:31:11,2018-08-24 12:51:00,2018-08-29 15:26:40,2018-09-04,36320946b8186c340ddb3191058d7479,2018-08-23
81727d69b41f367b7d1e9e305d7eb92b,69ad57bcee99e511cabc697dc8db3921,delivered,2017-04-19 11:44:34,2017-04-20 02:45:14,2017-05-04 14:03:47,2017-05-15 12:54:02,2017-05-18,8e8640066dad5882e851e54ef51d270e,2017-04-19
baec85e7fa005a17b89b8bf93300cb5f,7857aa0e8336a02f2fc39c3489d90e2d,unavailable,2018-01-12 02:07:28,2018-01-12 02:15:35,,,2018-01-31,4ccd02ccc6c6bd7213880ba162e95b0c,2018-01-12
6424ddd05ffee73de1df9f8f9d1bfc25,b80c4b6a7f2a243e998baea98beb0188,delivered,2018-07-20 00:10:37,2018-07-20 00:23:14,2018-07-20 10:26:00,2018-07-25 15:14:58,2018-08-03,72799f01f52029adc1aae6d1388cca39,2018-07-20
3d356b012ee1e4e469b7b56910afdb6e,f7d94377ee8d0325d0c80a48ad910273,delivered,2018-07-16 23:27:56,2018-07-16 23:40:50,2018-07-17 14:37:00,2018-07-21 00:28:26,2018-08-06,404a868c6db476dcf82e844de7103ecb,2018-07-16
2283bc123debf0264cfbdef89f109122,09a8e8def9850cfe020c94330814ce94,delivered,2017-07-11 01:33:33,2017-07-11 01:45:07,2017-07-14 21:39:57,2017-07-26 03:12:23,2017-08-04,a063b616094aedb793893b38ad6ef6f5,2017-07-11
a06a3cf27cfd40d7af7e264e94b9829d,f01211dfab10bae65dbcf5b62aa3a82e,delivered,2017-10-02 09:01:25,2017-10-02 09:14:11,2017-10-02 17:20:03,2017-11-06 14:21:09,2017-11-07,9beb71141f96bf64bce6d546b7f83dd1,2017-10-02
da876db1c81523a33b4c05cd13a3959e,171780ee1fc2d18be297d242b02dec5c,delivered,2018-02-22 22:49:27,2018-02-22 23:07:41,2018-02-23 22:59:34,2018-03-15 18:49:39,2018-03-21,51b6e965d6bb81ff0f5bc5f71421f2bf,2018-02-22
fc0933f59ece039ad7fd014c0464b77e,5e0f4ae7f2f6850f4a30b16c0a24a732,delivered,2017-06-01 13:40:17,2017-06-02 04:32:30,2017-06-05 11:46:43,2017-06-13 11:48:34,2017-06-28,949828097eebaa6b76aaac1fd75708cd,2017-06-01
89e77e980d3b5a87724b660c307a6204,671186c545524a3f09fc6960c23bf20f,delivered,2017-07-06 13:58:25,2017-07-06 14:10:16,2017-07-12 19:52:23,2017-07-18 14:06:02,2017-07-26,eb33a3090da576bcfcee898e3b6ec45d,2017-07-06
dfcdfc43867d1c1381bfaf62d6b9c195,a7026133ddbd2e86c83ecd4dfa4dbe01,delivered,2018-02-02 18:01:08,2018-02-02 18:31:17,2018-02-05 23:46:29,2018-02-26 18:18:45,2018-03-09,f30856ad31d3e74253a3f4ccef670648,2018-02-02
ae0b67266fec287e49a6bfa534e52d8c,b8653dbffee7a7db60cba45398fd94ed,delivered,2018-06-14 15:31:33,2018-06-15 02:37:19,2018-06-15 12:24:00,2018-06-19 16:37:21,2018-07-05,8223442ce415860df6db9181e9a65871,2018-06-14
137ff6c1df388f6654474819ce9aacb9,522317a7c2e47ecd17ef8ce59f875217,delivered,2018-05-15 11:53:33,2018-05-15 12:14:29,2018-05-15 15:06:00,2018-05-21 15:05:18,2018-06-13,1beba2c8ca11daaba714752169b8470b,2018-05-15
71749baed4a3e47f47aecfced7c70ec2,b6d4257c1b2cbcf63de24113fb2cd879,delivered,2018-05-14 12:57:34,2018-05-14 13:17:23,2018-05-14 16:46:00,2018-05-15 19:52:03,2018-05-22,9655b8c752db36de445c5896def6225c,2018-05-14
c158a29fefce1c895e70154ee3963633,4653d9549c8d0bcfa57b462d36fa1b79,delivered,2017-12-22 09:24:11,2017-12-22 09:30:42,2018-01-04 23:29:59,2018-01-18 15:39:45,2018-01-19,a85677c3fcb55f51f42a55258da6080f,2017-12-22
f23565614af219662cb662c56a0d2f71,db2539853e0c422a7bf64e43bafe390f,delivered,2017-10-07 19:33:57,2017-10-07 19:49:57,2017-10-10 15:39:47,2017-10-18 21:49:53,2017-10-31,1f26419e119f6f95d42d47441942cbc1,2017-10-07
4f62f7be75d84075c16a2a5f65938a72,7dc1821631462acf95325b46d1be5345,delivered,2018-06-16 18:54:11,2018-06-19 03:57:28,2018-06-19 15:20:00,2018-06-23 11:36:36,2018-07-16,c108425de8f34f048cee7f466200de92,2018-06-16
cd86914245acd8379b9945b2351b6637,dce7c01f92a62d067b128a8ddf73a115,delivered,2017-11-27 21:20:13,2017-11-27 21:38:24,2017-11-29 20:30:16,2017-12-09 13:23:32,2017-12-15,2b5620d9b3c131ee3397ac8d950e050b,2017-11-27
bb1463881b6042a9499fbcb58706b918,0bc2b5ce8a4431c1888f01afcb9b3000,delivered,2017-12-18 15:59:21,2017-12-18 17:42:09,2017-12-19 21:26:55,2017-12-22 20:54:58,2018-01-05,d9718ed52d1918815375e89fce46181e,2017-12-18
cd9c0ba3bb3dbb5fadbe5ce7c15eabaf,0f22538a0fd58e81046bb26803b27aae,delivered,2018-04-23 14:09:29,2018-04-24 18:33:59,2018-04-25 00:12:18,2018-04-27 00:14:25,2018-05-07,5d863850ba4ac2a5dba2729a6abc36a3,2018-04-23
df9f35f4d3e966c35d7c1c81c4c7ba73,364f824c824823a6e6dcfce11fa7cad0,delivered,2018-05-18 10:34:41,2018-05-19 03:12:47,2018-05-22 08:00:00,2018-06-05 21:18:37,2018-06-13,a21a8c17fb2d281bb4890748efc12200,2018-05-18
503e9f9cbf09cc23e3323b165d9ddafb,d2aa0a41ed70531037851c02269c2120,delivered,2018-01-20 00:15:42,2018-01-20 00:33:03,2018-01-31 10:38:51,2018-02-19 20:19:08,2018-03-12,cd1ee6ab05f4d5b5461e818c87631440,2018-01-20
161e053585557a1c61af92492bdb4f21,a92f20c6aa106705bcbf1b72f5921ecd,delivered,2018-07-03 09:58:21,2018-07-05 16:40:33,2018-07-06 11:12:00,2018-07-12 20:12:46,2018-07-24,1b8b40f10e5b72efdfb46689145ac620,2018-07-03
c297f4fecff2d1898ed5266cd2c22b29,c0fdb02cad803492e549f8d6e785d441,delivered,2018-01-31 16:36:29,2018-01-31 16:51:20,2018-02-02 00:29:48,2018-02-09 17:43:04,2018-03-08,05348cfd47d1b9fdcf0cfa9e3abc98e8,2018-01-31
e5f9a6228c6f504115c5a514b109aaaf,8fae727bbd9f7466b0d7169b4d5137ec,delivered,2018-02-07 15:01:58,2018-02-07 15:15:37,2018-02-08 22:38:37,2018-03-11 19:16:28,2018-03-06,1361e34172047f2e9319340369203b44,2018-02-07
0572a001d46280ab9ab95964665ff768,11795bd5376cbbef9e6e3a699df983cb,delivered,2017-09-05 09:17:19,2017-09-05 09:30:13,2017-09-05 23:22:24,2017-09-12 20:27:20,2017-10-09,55bccecaaf1999c1d049ad6f48190bc6,2017-09-05
4157bbe2d286aea97eced684d71b229e,6789ff94f33ec35c9ce0eccb2513fa52,delivered,2017-10-22 14:36:30,2017-10-22 14:49:42,2017-10-26 20:52:48,2017-10-28 18:11:53,2017-11-03,a97fee335dc5ba79f2d8215523610793,2017-10-22
b1f901eee62050346f7f33fff6e6055d,b008d51650a20679ccb57527773eecb8,delivered,2017-05-23 19:13:19,2017-05-23 19:25:24,2017-05-24 12:37:37,2017-05-25 14:07:50,2017-06-05,0a4273c2defd59a5f1e0bd142da7f5ea,2017-05-23
de396a46ff91b76a683f05d1f1f9b2c1,27645e20a802dd1dfcff9851c39c5754,delivered,2017-08-03 22:47:48,2017-08-03 23:03:24,2017-08-04 20:05:51,2017-08-08 18:39:51,2017-08-25,086ae7aa99407688bc56960febc3233b,2017-08-03
7b1e41f3fe006429cbf78032fcb218d7,d80e4ee14e2b5400fd2ea5a2ea821be1,delivered,2018-05-05 10:00:44,2018-05-08 03:52:08,2018-05-09 11:19:00,2018-05-23 23:42:49,2018-06-01,900effdcb9f6a5134421cdc91dd321e9,2018-05-05
f8718b67f7469531acea685ab46722a9,6d881a0eb7e8fc2621fc8dc52dcdc756,delivered,2018-06-26 10:38:01,2018-06-27 08:11:24,2018-06-28 12:33:00,2018-07-02 20:16:54,2018-07-24,7513be49da156baab381b48bad34f6c9,2018-06-26
5e3deee52f0090069220e1b64e531dee,14d4f8a8cc228578671ce231dd69db78,delivered,2018-06-27 16:54:57,2018-06-27 17:10:39,2018-06-28 15:41:00,2018-07-03 17:19:45,2018-07-25,3222766f00819f046dcc925f5224afe0,2018-06-27
b41c9972504c576d0aef689e13a2df12,bf1e01d4184367afaef2231b37fe4d92,delivered,2017-09-18 14:23:11,2017-09-20 02:24:26,2017-09-21 19:49:45,2017-10-05 16:42:40,2017-10-06,90cd2695f924b148e6ce2d54ce0b3192,2017-09-18
4d2cdf20fe9f9e0f398d9323ae332b08,f222821ab815b3f4d0613cf19aad3121,delivered,2017-05-11 16:53:15,2017-05-11 17:05:17,2017-05-12 10:33:26,2017-05-23 15:42:08,2017-05-31,ebfc820e315239c05c86dc16a39ead96,2017-05-11
99c431d458f11efda5006517f77783ad,3075961d97e9b94b55ae2002725683ae,invoiced,2018-01-17 20:54:08,2018-01-17 21:10:08,,,2018-02-01,04e37d7c7586710c134376140a93bafe,2018-01-17
1c2b9188a3ec985a80fe268c3d0af21b,0533b52812f900967b365e6621ce9413,delivered,2017-04-29 15:14:50,2017-04-29 15:30:13,2017-05-03 09:20:36,2017-05-08 13:48:55,2017-05-26,a60f1a0f0cd8fb2f1f68348c98841558,2017-04-29
e29e00dc95dbbb50686a9fbb9bf2177f,0c4adbfa83c66d1e8272bddaa6574356,delivered,2017-10-11 14:09:17,2017-10-11 14:29:12,2017-10-11 20:43:13,2017-10-20 17:30:08,2017-10-30,04a1a465d6b1d13bb7166474c639403f,2017-10-11
15a8702db12279bdbd97a9f39a529bd5,afecf369193e9cbdbd615dbb804929aa,invoiced,2018-05-09 10:14:31,2018-05-11 03:37:33,,,2018-06-01,30ee15e4293d92177c75a3e037dc3edd,2018-05-09
67e9625c39f8c6e529f81ad4c28acc5e,b821c0ef4b3b00f7a2879f391aedb4fa,delivered,2017-02-10 22:30:01,2017-02-10 22:43:06,2017-03-28 14:10:50,2017-04-07 14:44:09,2017-03-14,e78981f99d04de4f43f46d261671bf72,2017-02-10
8eb40d0d6303f8fe16dad09968248c6e,092b35907abe6494490f6b3fc12f439b,delivered,2018-02-25 22:01:33,2018-02-25 22:40:23,2018-02-26 19:46:45,2018-03-12 23:20:37,2018-03-21,788e55742fbad849cae0efbd73b37150,2018-02-25
096b88181e326e47c571be4560692555,8ec2ff0f89db489ab703d4be25831be6,delivered,2017-08-21 13:14:42,2017-08-21 13:25:16,2017-08-23 21:33:00,2017-08-24 16:03:05,2017-09-01,e0f8ebd32ca3cf629c40b77227f8e847,2017-08-21
12d86cb46107086f370cc3512828696a,7eb0c64f6cac0546cb22ce7640797300,delivered,2017-09-01 18:30:53,2017-09-01 22:32:45,2017-09-05 17:16:44,2017-09-13 22:32:48,2017-09-28,bca559e6b9b89b31f1e4e56247b905bb,2017-09-01
9c7da05dae70be359391ea6cd8790045,934193e1fd8122b3380fe12dd0807ad7,delivered,2017-07-27 11:19:48,2017-07-27 11:37:09,2017-08-04 18:27:06,2017-08-16 11:19:59,2017-08-30,753706ca8717a3e33b70c26ed26cb87d,2017-07-27
14d64059935405be1dc46f30f7a123ac,4d5f7e1e4e0c9b91cb3a39737b940c93,delivered,2018-01-11 21:19:39,2018-01-11 21:28:21,2018-01-15 20:15:48,2018-01-17 19:12:40,2018-02-09,6990e8de9ad504481fb420366ddca60b,2018-01-11
0cb87161e7b8247087cc93117f44a6a6,5d3a8bfe360fccb31768010c5a8910b8,delivered,2018-06-15 21:14:51,2018-06-18 07:11:43,2018-06-18 12:00:00,2018-06-23 00:11:13,2018-07-24,2604117c1b7f93e6dc4ee94a32098440,2018-06-15
96284b020ae337bbc78a10ed82d5d24d,05210824bd5081b43f29e2ebe91dca02,delivered,2017-10-25 15:22:53,2017-10-25 15:35:57,2017-10-27 19:46:01,2017-11-01 23:51:46,2017-11-27,2d91ab6dab5e1239badf61d49e97dba1,2017-10-25
65967471ea680726ad2d27368e4c4dc7,0ea688ce531f269e58b0e4a9e81a16a6,delivered,2018-07-22 19:19:01,2018-07-24 13:31:47,2018-07-25 13:44:00,2018-08-06 17:02:54,2018-08-09,fa9d0d617b46a8e40244113dce291fbe,2018-07-22
46ab3e1c2c3eed0ed5bd72930759d25e,a2f9ee83cc551cd380ebf53a01e7893b,delivered,2017-10-02 13:34:45,2017-10-02 13:49:48,2017-10-06 18:29:12,2017-10-18 13:23:13,2017-10-24,c45ece361aab055ea6c55b61eb2d99c0,2017-10-02
bd3f7e369d30332eaf77317c5424e0aa,ff3aa1123b9a7d52d6043adec012e33f,delivered,2018-02-14 13:39:59,2018-02-14 14:20:23,2018-02-21 20:27:06,2018-03-01 16:17:14,2018-03-08,0d9b5504a97a75e202d2f33e1c1d31e9,2018-02-14
480ee2078a3e46f9d5e2fc737ca22b10,e9844a0a9ec2213423553af11768c3c3,delivered,2018-03-04 12:24:20,2018-03-04 13:21:50,2018-03-06 16:17:45,2018-03-14 02:08:26,2018-03-21,a516939bb16628e9d76e3d1334ad07ea,2018-03-04
9a06bcd8c19fdf8d78dd16837c3da5d5,faaf00772bca8a9e352dc28f1d243ec8,delivered,2018-05-03 12:27:58,2018-05-03 12:54:55,2018-05-09 14:11:00,2018-05-29 21:38:40,2018-05-29,f95942b63f2ada873227f95eaeab14b0,2018-05-03
9e98aaea0077f59cf590a518e4df6af3,ff3fcb5a13fff655d9c1aaa816a12dd0,delivered,2018-06-11 20:05:36,2018-06-11 20:40:01,2018-06-13 14:34:00,2018-06-20 22:31:50,2018-07-19,8a327802048f9909fe508e3c57088de1,2018-06-11
9b7aee2b156bb9edca9034462053c87c,5ab646fc0d2700250de071fccb889be0,delivered,2018-06-07 01:20:57,2018-06-07 01:34:25,2018-06-07 12:52:00,2018-06-15 19:26:34,2018-07-04,2c5f078ce487f33ee23c7b11e13ddc97,2018-06-07
44dc0411086c2f8c6b692be9ce3120eb,a0561b2c7966b97f7f00862466db854c,delivered,2018-02-13 11:58:53,2018-02-15 03:55:26,2018-02-20 19:22:37,2018-02-24 00:46:46,2018-03-06,a4aade0ce7988cd421340d39d0fba92d,2018-02-13
d579ab4fe27352cb09cfa39a9e4f25f4,4013e6a6ae8c0476d72909e1f5de3d70,delivered,2018-01-22 12:45:00,2018-01-22 14:20:17,2018-01-31 20:46:34,2018-02-05 13:41:45,2018-02-06,5127ad179e7992d6bd19b0107bfe3d60,2018-01-22
f66285cfbb668d7aae67580bd9ac19d7,3b59b8736180dfd0727518ab8c111985,delivered,2018-04-19 19:04:33,2018-04-19 19:15:21,2018-04-20 18:32:53,2018-05-02 17:52:46,2018-05-16,cbb8cc3e9465a2b7078c72b2cd81536c,2018-04-19
f148421b496a9c495b4f11e96b05f424,334a99a638d103fa19f70bf9dbf52755,delivered,2018-07-19 14:57:10,2018-07-19 15:10:13,2018-07-20 13:57:00,2018-07-24 18:28:31,2018-08-02,cd5f31dbf464a33a0f8272b2f1371e0e,2018-07-19
7719f9708389131806ee9274b88c911e,b05fb6222cb9c5d304e7982d27c3a379,delivered,2017-09-26 09:10:27,2017-09-26 09:24:23,2017-09-26 20:39:46,2017-10-10 16:25:09,2017-10-23,bff7213ed01da37603d10a1efe89d417,2017-09-26
5041be22b500c33df76174a76efcb8e7,302823b655b498a0686a3629645d6d30,delivered,2018-05-15 10:23:47,2018-05-15 10:54:37,2018-05-15 14:15:00,2018-05-18 23:28:40,2018-05-28,75d11497b37f311823bffccdb5ade9a2,2018-05-15
6df674fd09d933a85574460e32a94e23,49a332427c5be4c418541be8753c5238,delivered,2018-02-13 18:37:48,2018-02-13 18:50:33,2018-02-14 19:12:36,2018-02-16 17:48:45,2018-02-23,4847d361361a3440824346865cf03f83,2018-02-13
8b5ac3bd97ae763bf44b554c2933ca72,337be0b47c3b0cb04b314503067a2aaf,delivered,2017-04-29 09:03:45,2017-04-29 09:15:17,2017-05-24 11:25:49,2017-05-31 13:42:10,2017-07-05,22c0526367f8c30fcefa6acd45956e47,2017-04-29
ac24c75566d21c20277f373e1d16d234,0ac5eab9699c1d891e914d6a279d4be6,delivered,2017-11-19 11:41:07,2017-11-21 10:52:23,2017-11-21 20:11:56,2017-11-23 19:27:39,2017-12-06,6009d2857b194a47b8e54876c7a2c90f,2017-11-19
6368c8705f72b986b9fd5275b759e5e3,8ebae1632217e6669b1a563f319d238e,delivered,2018-02-26 18:50:10,2018-02-26 19:08:58,2018-03-01 14:47:08,2018-03-19 19:02:18,2018-03-28,2554ff0cffbc4eb10d6b71f41b3428eb,2018-02-26
48bc52c2b508d82a24686b9dceddf414,2aa37ca4ed109704638f8e79917460c1,delivered,2017-03-09 17:30:52,2017-03-09 17:30:52,2017-03-10 10:25:01,2017-03-14 12:32:50,2017-03-28,8239ca2046201271c02b956da21fd067,2017-03-09
5b3a63257bc1c61c9dd42f9b52df223f,bd40a0612024dd31a8033620fe91ba75,delivered,2018-04-29 11:43:18,2018-04-29 12:13:01,2018-04-30 11:32:00,2018-05-04 21:21:29,2018-06-01,ae3bd7bce9fbc6cd1ed1dc06aa79a36e,2018-04-29
5456769456d0d521af0d1675613702a8,40fa299dbe587c5c6e159511e90b66fe,delivered,2017-09-14 09:17:11,2017-09-14 09:30:20,2017-09-15 15:32:54,2017-09-16 12:37:31,2017-09-26,7ce58b1a94dc54dbb1e9744966158fd3,2017-09-14
af0e2fb7a59adcdd21cf571e4ef18ca8,4f31fe145e4acda5030dd7c41fc9c3fe,delivered,2017-11-02 08:19:51,2017-11-02 08:35:23,2017-11-06 19:46:45,2017-11-07 21:46:53,2017-11-16,b9012591f0071cffde9744468f7b4103,2017-11-02
ea7e5e953d0446082a6667e945c9c9b0,ea42eb64123b7ae057842bdb7406dc55,delivered,2018-08-12 11:03:19,2018-08-12 11:15:11,2018-08-13 16:12:00,2018-08-14 18:40:59,2018-08-17,273f807127210b0849356298746b4ef6,2018-08-12
2f1134015ad299ec4f3ae950c5761e69,0a7798689bde326ea921c4c1f9b2cf48,delivered,2018-06-07 15:36:52,2018-06-07 15:59:59,2018-06-08 14:02:00,2018-06-15 01:06:24,2018-07-03,0a3d4f596bd69fa0b5f599c4b66b9dc5,2018-06-07
3c54c8962d6cafc1d74f293b4f025483,7e9b88bc5b0aa43c38d8992aa2162006,delivered,2018-01-24 15:52:42,2018-01-24 16:14:13,2018-01-29 18:51:54,2018-02-14 12:52:43,2018-02-21,9c9005459415b7174f5afb922d4a7bf1,2018-01-24
f54b0f9fdbe3e0a69bcc611b4f3de1f4,7fbb0602aec7b6feb74b89777bc5754a,delivered,2018-01-06 14:50:23,2018-01-10 10:06:32,2018-01-08 22:58:46,2018-01-17 19:26:27,2018-02-07,d74cf068f77108901e6a0ed4d8e3f7de,2018-01-06
12809f06294a669708dc0edcb403b507,4ff9971cea5dbb771a4a3950146cf123,delivered,2017-07-01 12:10:10,2017-07-01 12:23:55,2017-07-04 15:52:00,2017-07-12 13:06:56,2017-07-27,9c46e32317aaa01d6c19dc03d49a512b,2017-07-01
985680a4287cdd85e885a79a6c24b023,8ddcde02078414346afd031adf6ce3e8,delivered,2018-08-22 18:16:55,2018-08-22 18:30:16,2018-08-23 15:07:00,2018-08-24 19:19:48,2018-08-27,17e7f3c4737a64cd70a228e677ee097a,2018-08-22
4ae2046be802b9779c96bbe988ff709c,a484142c4117eb9e1c7d070f9536f428,delivered,2018-03-18 10:51:41,2018-03-18 11:08:36,2018-03-19 19:52:51,2018-03-20 20:54:37,2018-03-29,66ba7e85d7ea236e82e389792571c4fb,2018-03-18
1f8e7859cbb92bb49f654c2801e6394d,22f8e15949ee7e8259b4dac40177bc93,delivered,2018-04-11 18:53:21,2018-04-11 19:10:33,2018-04-17 16:41:17,2018-04-23 23:13:35,2018-05-14,268c362ac8c2c07b560a77c750538215,2018-04-11
a65fde0b04e8ca23f84e79c9935e3b93,212acdad47c7cfa84e2103b1a76c150f,delivered,2017-11-29 18:07:54,2017-11-30 02:24:18,2017-12-07 21:59:02,2017-12-30 13:42:21,2017-12-27,b3c268871a609a6d4a63cc471b8cf074,2017-11-29
8e0ace07f58e07d34ada126b1de0d6a1,09d838e068f004c2f5c06f15e156499e,delivered,2017-11-27 11:33:51,2017-11-27 11:54:46,2017-11-28 20:51:56,2017-12-01 19:04:30,2017-12-11,e325e139452a1ca05f5a33acedd7d94f,2017-11-27
ed6c99480bc1ab87159e288140055645,ce9ae711134d1939a5aa747f4a40a549,delivered,2018-05-06 07:18:11,2018-05-06 08:03:33,2018-05-07 14:49:00,2018-05-11 17:41:23,2018-05-28,b0bef56c67e978dc9569a9177a8bca61,2018-05-06
7ea04d381a2ba7d7f14be55b878830a5,f54d024dc9788318f1b4e2ef9c80829b,delivered,2018-01-16 10:12:36,2018-01-16 10:29:58,2018-01-18 21:51:30,2018-03-02 17:22:47,2018-02-08,613835be7274f39d246f0c9c264ca132,2018-01-16
6e82dcfb5eada6283dba34f164e636f5,59b42de1617fdda0b327375d35efd708,delivered,2017-05-17 19:09:02,2017-05-18 19:22:29,2017-05-19 10:57:36,2017-11-16 10:56:45,2017-06-14,cf004a37244a84e6569ae75d1efa7149,2017-05-17
04f22b756f6367772fe11035fe75391a,dac7ce5b52b7268338bc50764f9572d3,delivered,2018-05-09 09:46:08,2018-05-09 10:14:44,2018-05-14 13:52:00,2018-05-17 17:03:57,2018-05-25,047087496466767512a076091ea74126,2018-05-09
2cace2864447738573effeabd83eaa32,7775deebb59b9257b62fd7f3117efa10,delivered,2017-10-17 02:29:09,2017-10-17 02:50:40,2017-10-17 21:08:13,2017-10-20 18:02:56,2017-11-03,26d23e38ed702dc7a476dbb107192848,2017-10-17
18167ddaf5805d7289af17daa51f35a3,98c39fc267125138d4b5a51bd2bb5e63,delivered,2017-11-24 18:41:11,2017-11-24 22:11:39,2017-11-27 22:11:47,2017-11-29 22:18:52,2017-12-08,99d1962d736052c7b8793ba94126c377,2017-11-24
3975795375144bc36a85de24cd441b21,dfb3fdcc688ded87fb75d226bc3d3eb9,delivered,2017-03-13 10:26:02,2017-03-13 10:26:02,2017-04-03 16:20:52,2017-04-12 17:09:09,2017-04-05,76b68868977a23d21cb2ac2c668898ca,2017-03-13
416174619acf1adcf7416d4c8dd376d7,aea9879eed7eaea1accab48e93be3ace,delivered,2017-05-05 17:00:37,2017-05-06 02:23:02,2017-05-11 14:41:30,2017-05-13 08:22:50,2017-06-02,5558cbd8b8242ff5e6855165f42f123a,2017-05-05
339a270674938f37ea8fad21713fb759,2104da2b62ad4201810992bfb20c121f,delivered,2018-01-26 20:14:13,2018-01-26 20:37:15,2018-01-29 22:10:48,2018-02-15 19:08:52,2018-03-02,037b6dbee70e569b15cffa55f7eeb15c,2018-01-26
36c5fe2c0135722473e275b3f5accd74,a55e569fba97d80bf37f54ed5d227977,delivered,2017-11-10 18:31:13,2017-11-10 18:46:32,2017-11-14 18:53:19,2017-11-16 15:52:58,2017-11-24,cc87fabf64e993d4b00b7ffdcaf7ddfd,2017-11-10
2a898874fbdeadc5df2ea8a0b01b85cb,b390fbcb0c905851f646e4434901847b,delivered,2018-08-15 15:46:35,2018-08-15 15:55:17,2018-08-20 11:46:00,2018-08-23 16:28:45,2018-08-30,2c79f90c9f6a30bcf44d5b3e9e6eee4c,2018-08-15
0d454d3e9e965e807648bfd8a52e4cd9,2a640283022f498a1cec238fbd94b1a1,delivered,2018-01-17 10:56:22,2018-01-17 11:10:22,2018-01-22 16:10:21,2018-01-26 20:27:59,2018-02-15,7a45465da41264eda14e20d185e0fa93,2018-01-17
891331814ee1cbcb8f77a53b2b136099,8f64da415df0a6866db60da16526f3ad,delivered,2018-02-26 21:47:30,2018-02-28 10:11:13,2018-03-05 18:14:45,2018-05-23 22:04:43,2018-03-16,2fdf57ecfc66761cdc103672f154f6d2,2018-02-26
5be887c26e086c8cc169b70cbc9afadb,9a0554df88040ba929121aa2f66bff47,delivered,2018-04-27 16:26:13,2018-04-27 16:53:10,2018-04-30 13:59:00,2018-05-18 14:44:41,2018-05-24,c8639255be49cc9a738ca337bcf2833f,2018-04-27
75107c0791f328a77ef65ab69646594e,149338c97694f4c1825ef1b9d0afc2cc,delivered,2017-06-18 14:46:09,2017-06-18 15:05:10,2017-06-19 19:04:24,2017-06-30 13:27:51,2017-07-13,c40b4a21d854ab194280dadc8998061f,2017-06-18
36c9568c1d0f5ff00d0d9d52a2b8ec18,1112e31a003d7a7ef429a45db0aee71f,delivered,2018-04-06 17:48:33,2018-04-06 18:08:39,2018-04-10 23:38:32,2018-04-12 17:06:19,2018-04-18,dffccc6ae2fa7d0c8904b6a31b221a61,2018-04-06
867c1fae09ee60fcad9d4257bcbe40d8,dfa02f88aa3d9a4cc36c29968ddb6b8a,delivered,2018-01-17 17:39:58,2018-01-18 02:11:14,2018-01-24 12:58:04,2018-01-31 23:33:29,2018-02-19,104443b0276cbdf0b12dd08935b861af,2018-01-17
699c772093df6cd7b0a73ddac5132a93,014f3e3c0e2ca31a15e844bdf3a25cfb,delivered,2018-08-03 12:53:23,2018-08-03 13:24:02,2018-08-06 11:58:00,2018-08-10 19:52:24,2018-08-20,eb1c13ad2fe7d3fbfacb2343a5351b5f,2018-08-03
c2aefd49b4f8cc1c0edec92c9e5351fe,1c483ddd736dcb89bb6009ad15471e21,delivered,2017-11-12 16:39:02,2017-11-12 16:50:28,2017-11-14 22:14:35,2017-11-24 19:17:51,2017-12-06,9ed91d5533f8a245302354feaadac85d,2017-11-12
ffd7d6378c4d0df542ece430b2daa777,c3c07d1bdef19401e13207023cd71e72,delivered,2017-12-27 14:15:19,2017-12-27 14:29:25,2017-12-28 22:47:10,2018-01-09 18:34:31,2018-01-24,71810b03e97e4f34a24c7e09393d3a23,2017-12-27
f203fbfc9805fb8324cc79559932f6be,c3c34612225b5faf8050bf850178f3d4,delivered,2018-06-28 15:46:02,2018-06-29 02:53:13,2018-06-29 11:12:00,2018-07-03 17:32:38,2018-07-18,dba5683c4fe467ed8da0dc897b8d29f5,2018-06-28
bbca89624572b1532cc19840d3ad81c8,819723cfaf6c94d3b950c01ed2c3913e,delivered,2017-02-14 10:55:36,2017-02-14 11:05:20,2017-02-15 07:27:50,2017-02-17 12:26:18,2017-03-13,5826505e3abd5975150f562df3b08d19,2017-02-14
099be5827a2f9692b1c1ad111affc9d1,06a552b13fb2cc33c6fde4ff1de4c9c9,delivered,2017-09-06 19:58:48,2017-09-07 02:45:32,2017-09-08 15:03:27,2017-09-13 23:17:43,2017-09-19,435ca69b2991db5926ec1af18d4d27fd,2017-09-06
2aa70a3997b199cbaa277cdbdd11bd84,651b8f2fb6afcc3498ffb4429617fb06,delivered,2017-12-12 15:34:58,2017-12-12 15:51:42,2017-12-14 21:39:17,2017-12-29 22:37:01,2018-01-08,c2038b4d8b01ceb6b509e4fc35c543bd,2017-12-12
dbb2c9fcb812c0eb6a8b856435e484d7,17fc94945c78e2f5d7100ae17fe19f12,delivered,2018-04-04 09:21:19,2018-04-04 09:35:20,2018-04-05 00:36:51,2018-04-19 00:26:52,2018-04-24,929de36edcb645b07f26d1871120a9ab,2018-04-04
91d231727ec821bb32a0a1a769441318,09f72882ee46dc4b201c6fc9ad2d7dd7,delivered,2018-04-02 17:03:21,2018-04-02 17:15:26,2018-04-03 23:22:07,2018-04-19 14:58:21,2018-04-27,0dbc11931c115ad195729066a817c54e,2018-04-02
915dc51399986dd386c9193f20cb54f5,5a0e6eb50e11d5cb0063f682bfb6d0f1,delivered,2017-09-27 08:01:35,2017-09-27 08:14:17,2017-09-28 16:14:01,2017-10-10 17:03:12,2017-10-27,9554d5a73d1ded2b9f7b8d5f38aac3c3,2017-09-27
60d86bf6b567364b56335cb75262c00e,44b360a2edd1cd9ecab51f5988ddf028,delivered,2017-02-27 23:54:11,2017-02-28 00:45:22,2017-03-03 05:23:34,2017-03-18 05:12:32,2017-04-04,3abbdb572309e93105f0ca0238df5f2c,2017-02-27
ce5ca80e8d65bb954be0233c815711e8,2742319d760bd1092185ec8550d69cac,delivered,2017-10-15 11:06:57,2017-10-15 11:25:43,2017-10-20 17:32:23,2017-11-01 19:52:41,2017-11-14,4e1f66da4140da0ddf401791d0d96967,2017-10-15
eeb91f346c409cf3a3f4049e626c67cb,9c80a3ec6d90e28189cd6d8ec25238f9,delivered,2017-05-08 15:16:28,2017-05-08 15:30:09,2017-05-09 08:47:48,2017-05-16 11:03:51,2017-06-02,a291051cdb7c719abfec834908107046,2017-05-08
943124300f49c04925947c81838ab67d,9a0b662a360c79f2dc50396f6041c1e5,delivered,2017-10-23 08:53:31,2017-10-24 03:35:16,2017-10-25 19:27:55,2017-10-31 20:27:38,2017-11-14,ae2f31bb663dcb464356ee4ca658cc88,2017-10-23
f5eda04cf77ec4fc17a1c7a4e8984afb,b884d405e354ad1e5213f72883e4e6ee,delivered,2018-07-02 09:14:07,2018-07-05 16:25:39,2018-07-04 15:16:00,2018-07-14 09:34:39,2018-07-25,5f18af0b923b19582d6d6f2723f05b3d,2018-07-02
250dcd1c3cc5c78b8c8f1c6da5ee4933,3fd271c39629ce966d3bc0d1958cdcf7,delivered,2017-12-19 10:19:53,2017-12-19 10:31:36,2017-12-19 19:59:19,2017-12-26 16:28:37,2018-01-12,ea7bca3c3efeb46e6785e76a369c363b,2017-12-19
cc625d1a7ebf7409c72ccb3798115ca9,4d0d910846be03dfe13c2f94c85554c1,delivered,2018-02-28 21:10:41,2018-02-28 21:29:05,2018-03-01 14:27:41,2018-03-14 20:46:31,2018-03-21,47ec51936c9435bb3873b99f67ba3694,2018-02-28
27870055ef90912de8d3ca3524bef306,b55f5e80852ddf5aafeb3d6ad66db919,delivered,2018-04-28 09:23:28,2018-05-01 05:54:50,2018-05-02 08:25:00,2018-05-14 22:20:44,2018-05-24,88d0877c2046d969de1a1bd6eab300ec,2018-04-28
34f336174dc7538b2fe8d1b6098d76ca,305f1f28ec140d565af170687e3ded1f,delivered,2017-09-16 15:28:55,2017-09-19 03:55:40,2017-09-19 19:02:57,2017-09-20 19:37:51,2017-09-28,79f1f74a6b746e6e81deb90cd32881bb,2017-09-16
0f2bbeda958833e5a67ceb4368f282fe,00da48d824214ffba48ab43f5b1d29a0,delivered,2018-04-29 09:43:34,2018-04-29 10:09:28,2018-05-09 13:49:00,2018-05-14 18:58:37,2018-05-23,1500da334da019c68fda219f942ba38a,2018-04-29
cdaa0dca6483df88852d59902ad653a6,989a7f021cfd9d7fbcb25ad2ec542f41,delivered,2018-08-12 13:41:42,2018-08-13 13:44:26,2018-08-14 10:22:00,2018-08-23 03:20:47,2018-09-17,4199bfc0fc1a7bc4009e77babf61038b,2018-08-12
bbbe6dced4d4ad3203023fe16c34e956,3c1635fcaa6b3776246c04523975443f,delivered,2018-01-18 14:09:46,2018-01-19 02:37:29,2018-01-19 22:13:43,2018-01-23 01:42:53,2018-02-02,116bf4289adfb3e9ba0852ad26704b04,2018-01-18
76a8885167de6cebce9e33f8abc9f149,566eb70d22f8c4b3ebd3b2db8718ff7d,delivered,2018-02-19 22:45:39,2018-02-21 06:10:25,2018-02-22 16:36:46,2018-03-12 22:26:30,2018-03-16,df35c187eb00e0b6670f8c8fc252b7f8,2018-02-19
077c51e0b25a9c8393b39a3f8c4a8cfe,ad899b71c43c34a6b3127690595a6596,delivered,2017-11-27 14:49:59,2017-11-27 15:03:29,2017-11-28 19:41:59,2017-11-29 16:33:18,2017-12-11,072ee71e1fabf49e6e17a47132ec849a,2017-11-27
6a90f6f5f3a52b4316054b51a53f4d4a,7d8b67a0d473037495f19350c169e775,delivered,2018-03-06 08:00:24,2018-03-07 02:10:26,2018-03-08 17:39:43,2018-03-19 17:28:56,2018-04-06,1d7551408f01fb193e14444f4d5f3e9b,2018-03-06
4427d18955f1dabba9ad7503aeed2886,1155d0a13041ffd8c90ee9cbf880b313,delivered,2017-11-11 21:55:06,2017-11-14 03:35:23,2017-11-14 18:49:16,2017-11-17 20:11:41,2017-11-27,113c1693277f17d3311207e0657dc76b,2017-11-11
8712b255e65bd40b073d43478f7d24d1,81f8204c7b60cd52de8b41af67772d4b,delivered,2018-08-20 19:29:57,2018-08-21 09:35:16,2018-08-21 14:32:00,2018-08-22 22:22:21,2018-08-23,2035421f30de4621c5c8184acfa5c918,2018-08-20
60022778f5467e9ba090ac42f6739e90,570d9fcd6871c5c4ab7116938dd8a719,delivered,2018-02-15 19:20:14,2018-02-15 19:30:46,2018-02-20 02:51:55,2018-02-26 12:22:23,2018-03-09,a5ca849aef780a6a44f1f5bd5b3e2d0e,2018-02-15
985dbac2172bbf6b32bcca35da50d7a0,3118aefef04e5e97d0e339cd75d6d775,delivered,2018-03-26 17:56:18,2018-03-28 17:35:11,2018-04-03 18:59:10,2018-05-10 15:23:30,2018-04-23,7f6fd66526ed914998d483cff9b7bdd7,2018-03-26
60a501a373300947c27bfdbd0b0532b8,9f9dd42dbc71b9e08cba4e61ea7c28b2,delivered,2018-06-24 20:03:39,2018-06-24 20:16:32,2018-06-25 15:04:00,2018-06-29 22:37:38,2018-07-26,0366651462307b0703818560d1472f9d,2018-06-24
ed7020a10eed1ef7a4895ad933baa211,b9a4ae03439dc5479da32b8359c44790,delivered,2017-03-31 20:58:07,2017-03-31 21:10:18,2017-04-04 16:14:35,2017-04-20 15:49:01,2017-04-27,96189ba2e196ee0dca8a0513ecb9a39f,2017-03-31
391cbfa45cfc95e90b2168e5afe04b25,3a1500cbb61e14b125c201baaae5afa7,delivered,2018-02-19 09:23:33,2018-02-19 10:07:55,2018-02-21 23:59:37,2018-02-27 16:32:23,2018-03-14,4e6588068c000d6f539cf24c66a96816,2018-02-19
efa4b51113fdedfdef6dee22876271ca,06dd86569c44f30ad3f0e3154e4d03d8,delivered,2018-01-12 14:10:25,2018-01-12 14:47:52,2018-01-15 22:27:43,2018-02-06 21:48:59,2018-02-09,10815c4e3a5862c07434b7b16b8af8a2,2018-01-12
c4af7035333104ac0c5a20ffbe8884ee,278ca3f32674746f15cf6cf2012188d1,delivered,2018-02-14 11:33:33,2018-02-15 11:30:35,2018-02-16 23:18:42,2018-02-26 19:33:56,2018-03-06,647e29d74f9d357db0ec0d5a968b0e27,2018-02-14
21fb84496c034392ca2aafe7f7919a3f,c1d8411b66c3b249ad98ad437f1ae958,delivered,2017-09-15 04:48:38,2017-09-15 05:04:41,2017-09-16 11:06:35,2017-10-01 12:44:49,2017-10-05,9d8a94e79250a131115909210a1e7518,2017-09-15
1a9c245550ac4d57455c5e25c866cad4,fc3ad5e4ca7a01c02e25bd40dd173b57,delivered,2017-02-12 10:27:34,2017-02-14 03:45:27,2017-02-21 14:06:04,2017-03-14 14:17:37,2017-03-24,e582d90cd110066a738621d01823ed96,2017-02-12
f51dee029e4d8a8d3cf9a33de36dce7c,00e7c7983371f6e0c6ce890040d431db,delivered,2018-01-30 14:45:46,2018-01-31 13:32:08,2018-02-01 14:47:34,2018-02-07 20:18:41,2018-03-05,a1a9bf49d51890f5f5db649034c7b59f,2018-01-30
8f9db38034b12eea6ef545d8071c249e,c5a047ba44b6b7b1219890951724863b,delivered,2017-06-20 13:09:25,2017-06-21 02:30:15,2017-06-22 14:41:53,2017-06-23 13:02:52,2017-07-03,1b7c39d6febc402d15b38398fcbedd1e,2017-06-20
ef1f56ac534b1aa1a5b6dc346d269f3e,99813858ec519691ed3e86a377bc7034,delivered,2018-01-29 17:41:29,2018-01-29 18:12:09,2018-01-31 23:52:25,2018-02-05 17:11:50,2018-02-26,a7548fa253dd4bfdda3572a252e0bfae,2018-01-29
a26aba3dbb6986530ac9f2c8866a36c2,c1a8c3346940f085805f42c662cb333f,delivered,2017-02-28 21:01:33,2017-02-28 21:10:10,2017-03-03 15:35:36,2017-03-14 09:34:19,2017-03-28,faaf3556cf7b4143da8f2b83eddd6d95,2017-02-28
ed9ffbb3fee532270f819cae7e6a87eb,1b83698cf7a5f87b3769b57bd1325a85,delivered,2018-07-02 10:32:42,2018-07-02 10:50:13,2018-07-04 08:16:00,2018-07-05 20:04:35,2018-07-18,bc99090f8644c9f5acb9361596566aa2,2018-07-02
f8501c44660f66acd201a4fbb6c7c997,0599e49e3b77b612391eba9e6ab01d6f,shipped,2017-08-26 12:44:06,2017-08-26 12:55:20,2017-08-30 19:03:36,,2017-09-14,0da9b1b6c4d02e5297170b44b383523c,2017-08-26
edbb9b1079a61cdf59d13e1c2970ee07,2703563a8140490729499f547f6d9756,delivered,2017-08-12 09:53:26,2017-08-12 10:10:12,2017-08-17 18:12:41,2017-08-23 20:32:44,2017-09-06,83945e32b8d6b4308401bd4030c1b3d6,2017-08-12
3478ceafeac42f48c6638021262660a2,c9705d3d44e65233cf06d01ede8bb45f,delivered,2018-03-14 12:55:16,2018-03-14 13:08:29,2018-03-15 21:48:55,2018-03-20 22:35:28,2018-04-09,f8e7e381ec820cca13ec1a0132a85de6,2018-03-14
0abe0832bcbe8e17c2ee4b5b9fd05216,36cda18e13c9b168f5d9eaabe227dc29,delivered,2018-07-16 09:16:03,2018-07-16 09:25:13,2018-07-17 13:33:00,2018-07-28 00:14:39,2018-08-07,2703a1fa76048d6d70520d1375b89cd9,2018-07-16
8dd212b37ef87381b34684de2200d25d,87acea672dccd1c6d744da7adf24a947,delivered,2018-07-03 21:50:44,2018-07-05 16:40:33,2018-07-06 11:12:00,2018-07-12 17:04:47,2018-07-30,718c13c177c807b983fe3faec307cf08,2018-07-03
798ad597febc1c2ece313c04fc33d6de,5f6106098e8a7d8d4f33deb3fcd97ff8,delivered,2017-02-08 19:45:37,2017-02-08 20:02:58,2017-02-10 11:58:16,2017-02-16 08:12:13,2017-03-09,53acc4368b7ba1ab5512f831c8bb9f2f,2017-02-08
887b1d05870ae363f160ab81362fe4bb,12ef52eb263e51edad2789a1a868d9ee,delivered,2018-06-15 10:57:35,2018-06-16 10:57:02,2018-06-18 13:52:00,2018-07-04 17:29:36,2018-07-26,386f4ccdf560d7c536c5e919f31267d0,2018-06-15
852e2ae704b2196f904561391b2b6bd2,35c73a071dbcb6ea541e419fbbf443f4,delivered,2017-09-07 17:54:36,2017-09-07 18:05:45,2017-09-11 21:09:54,2017-09-12 17:56:33,2017-09-21,e18cee143cce72844354d8e8b973ec3e,2017-09-07
2f7d729d01da93cdb12badf11a21d0e8,1502c1543977952bd2666b24f555b1e5,delivered,2017-12-18 09:44:19,2017-12-18 10:12:40,2017-12-18 20:07:11,2017-12-19 19:04:24,2018-01-05,3fe205252c153bf71775e1fe3a198e57,2017-12-18
d2116792f51c05e63040003857b5fb91,af1a02da78f2e9aab4a69b123263b3f6,delivered,2017-06-26 15:59:30,2017-06-26 16:15:17,2017-06-27 09:39:57,2017-07-04 16:46:26,2017-07-14,d0e577fb4794cd81f062326261a4f75e,2017-06-26
caada4ca97e8e01c14535a79224324d9,a51b9cba9204400d980afd668d27d3c9,delivered,2018-01-11 15:11:40,2018-01-11 15:27:44,2018-01-15 15:09:05,2018-01-17 20:56:53,2018-02-06,3e5306add1209e5ba184092dd1587282,2018-01-11
d96dd69ac1c031310e28e40e22130149,efe389e9d5152203223f50ad62a0572c,delivered,2018-03-15 20:36:00,2018-03-16 03:50:16,2018-03-21 21:25:39,2018-04-04 19:28:34,2018-04-03,4de3fcaf5977408cc3a1bc3e24a16a48,2018-03-15
0d01eea244609b22f49983e36c80c89c,45c67588b706be7ea593dd438b449e61,delivered,2018-05-14 11:02:38,2018-05-14 11:15:22,2018-05-16 19:00:00,2018-06-08 15:34:56,2018-05-24,06079a66084dabf812040d32d0b10f06,2018-05-14
f0276135124a092375f710cd9975bb82,799d813f892834ecc22b05e8dea120dc,delivered,2018-03-08 21:16:49,2018-03-09 00:43:24,2018-03-13 23:16:28,2018-04-03 23:06:59,2018-04-05,ed5a19597135c123f7c58790f3293231,2018-03-08
d15a4c4d1426b7275d538063d8fe4c6a,5b70139504198431b1a8465887ec205b,delivered,2018-04-20 15:45:31,2018-04-24 18:44:29,2018-04-23 16:48:48,2018-04-24 17:24:50,2018-04-30,04861081968535f2e788c4ff33e742a2,2018-04-20
bf31be735f38663cdc8cb59406c06017,284b5f3a0e56cef507a1747582056bbf,delivered,2018-01-17 22:27:45,2018-01-17 22:35:31,2018-01-18 18:32:13,2018-01-22 21:03:31,2018-02-01,48241d7effad8ab734a5935f51b606dc,2018-01-17
61e5353969ba519689f085a0379fccda,33548b5ff9b7ab73d389abe75ed2318a,delivered,2018-01-04 09:07:49,2018-01-04 09:19:30,2018-01-08 21:05:42,2018-01-31 20:58:04,2018-02-08,dd4e0ed450b3778da02e225058eed1c2,2018-01-04
42cf7a7b52b1c986f62a886cf4d24422,93bdf401821f957715b336131b46c56d,delivered,2017-12-21 07:44:05,2017-12-21 07:52:07,2017-12-26 18:53:15,2018-01-08 23:23:00,2018-01-19,c0b2a3314e83f8e9d7e5adc305582ce4,2017-12-21
7c40601f78201a5c1fd06535bec6a480,616134b157c9872424b90e0792bb6f68,delivered,2018-01-01 10:58:04,2018-01-01 11:07:19,2018-01-05 18:47:56,2018-01-11 21:43:00,2018-01-24,9767561f8185197b129c1efb62917f45,2018-01-01
34d14e4938fbe164df32fbf18b181497,4dbf01fdbd4d151fcd2f0f4cbec02c4e,delivered,2018-01-15 18:39:36,2018-01-17 03:36:33,2018-01-19 19:15:24,2018-01-22 14:41:32,2018-01-30,002d3bd901608f67c3fc11eaaa842b13,2018-01-15
643916742191b1ca29968acfeccf30ed,78844488c4550b818c51eb5f8e9b4789,delivered,2017-05-15 22:00:45,2017-05-17 04:05:26,2017-05-17 11:44:43,2017-05-26 18:07:03,2017-06-08,6bd59f86f477d1928daddbc9a9348787,2017-05-15
7fdaacb6531a303bdcfd48de1512a7dc,36ab9cafcfa49d9e5a6fb2d2deb3eb3d,delivered,2018-01-22 09:56:12,2018-01-22 14:15:18,2018-01-23 13:22:20,2018-01-24 18:35:11,2018-02-06,40d7d54eec87034f302186595ff7b033,2018-01-22
918e5db39b90c133257cfa0944fd9d4e,b3ac68842e5f6876589aaaa59a1e648c,delivered,2018-05-22 18:45:21,2018-05-22 23:17:54,2018-05-23 14:20:00,2018-06-08 23:03:19,2018-06-27,947d0bc776eba9d4dd6829457af09d78,2018-05-22
632203abfe718597f34e8d7ed449b4cb,93cfb05635821ab4ab784f7b3f8cfe44,delivered,2018-07-16 20:49:44,2018-07-17 22:10:15,2018-07-18 19:04:00,2018-07-21 12:56:19,2018-07-25,9106c4b8ec49b76e2d2e88087eedcb28,2018-07-16
a20a97869b7ddc65f69cb3373159648b,85ffd918d7d043bc4aaec22621818908,delivered,2017-11-25 16:24:40,2017-11-25 17:17:26,2017-11-30 04:36:25,2018-01-16 21:09:11,2017-12-21,67045ba793233569bed80ccf42e02070,2017-11-25
5e823b29f4c615d58cdbfec5bdb2ee73,01fa97994accc8a76cd66d477a124ec7,delivered,2017-04-23 09:15:49,2017-04-25 08:25:26,2017-04-25 14:00:13,2017-05-10 12:03:48,2017-05-19,582183483d33018384b309d31c45f353,2017-04-23
54d65a8b1ad01bcbb24c929d99b3a4e8,e1d87389c11602b9715c7e41bb158a14,delivered,2017-07-09 18:39:33,2017-07-09 18:50:13,2017-07-14 16:55:02,2017-07-28 23:21:38,2017-08-03,4fa26ca8091ebd9d2d0af6f67a915346,2017-07-09
ebc3ac81a5759d348b6e7f5820710f7b,2e8744d8bba88c9cef6e223caa148c6b,delivered,2018-01-16 13:40:45,2018-01-16 13:50:53,2018-01-18 14:33:25,2018-01-24 18:54:24,2018-02-09,9d51c0210615bef28963d5abfe06e874,2018-01-16
415171a59b0a29988351b6d7652d993a,e9ea2cfc8b1f20bdae40c9d48f4c964e,delivered,2017-11-08 09:36:53,2017-11-09 04:31:09,2017-11-16 14:08:49,2017-11-21 19:22:26,2017-11-28,e06f90c2401f2cee50f73a0ac5bc8741,2017-11-08
4686f1048cd093ff48fc17f4bf214a33,be125d5a46255820dd98b83d4c7c5db5,delivered,2017-11-18 02:28:02,2017-11-19 04:21:36,2017-11-21 12:17:10,2017-11-25 18:37:01,2017-12-11,390cb623c17b2edfdb1f1237110bb597,2017-11-18
9ccb6719fa8bca71f05094ee18873cd6,390da73b40bba470d3cf2eaa1870a962,delivered,2018-06-11 10:33:52,2018-06-11 10:58:44,2018-06-11 14:54:00,2018-06-19 22:45:34,2018-07-03,e23b0b98b5d5e5c2f718d4213604b3b6,2018-06-11
2fbff46c3474e8a16920d32aa242865b,8b3d7528278b8171490d1a1593f5594b,delivered,2017-11-14 20:43:11,2017-11-17 03:50:37,2017-11-24 22:51:30,2017-12-11 22:09:24,2017-12-18,300645872e088bfc3c78b788d84b1085,2017-11-14
69a575f85187107c2ae4464a6e2ccf80,1e636027145a885dffb87246dc57ff4b,delivered,2018-01-16 20:24:56,2018-01-16 20:32:19,2018-01-18 21:41:27,2018-01-29 16:53:01,2018-02-09,6a3115ea98d92a0394583182600e1bbc,2018-01-16
91d8a1dadf0fcb4bdf82d88e8b82e9b9,fb01441886c0f632a30c1573901cf46a,delivered,2018-07-27 22:32:13,2018-07-27 22:45:14,2018-07-30 12:46:00,2018-08-03 18:18:59,2018-08-10,5abeb81f1b33475c25dd22d61210c29d,2018-07-27
7b27aa8a07339a1e651fce232621d0cf,21e3291def7e45a14942cfed084ac9f5,delivered,2018-02-15 17:13:52,2018-02-15 17:27:13,2018-02-20 14:23:12,2018-03-15 16:58:41,2018-03-21,35faaf436abbafa5452ad20dcd70d692,2018-02-15
1116c22b8ac5fd55755a1357d17cb070,73b2d497721c5fa9118c61c9b6d5f54e,delivered,2018-03-09 13:18:03,2018-03-09 13:29:01,2018-03-13 21:21:38,2018-04-16 19:42:18,2018-04-11,37d8cb15f748fcbfb0a8f2155bf93b69,2018-03-09
bb0bb419d930e4bc8c823fc4379347fb,49be2968b33dc662350d42d8963c29c4,canceled,2017-10-30 12:17:51,2017-10-30 12:30:23,,,2017-11-21,cef3f66c58b52005df2fbba65ba9abdf,2017-10-30
c5267c7bad3d532ba30cf3b72596d3de,1b5b9f2f891b9cc15d72be9947f7bfdb,delivered,2018-07-22 00:26:45,2018-07-23 11:31:37,2018-07-25 14:08:00,2018-07-26 21:06:47,2018-08-02,9c585dbebfc4941478a07bef17a36a07,2018-07-22
9fce087acf59b40f00b151c3720178cb,b9cdbcd49a34f84d7115ec7bb592bc32,delivered,2018-05-02 20:57:14,2018-05-03 09:55:45,2018-05-03 14:28:00,2018-05-04 22:58:31,2018-05-15,6f29485886fda884afbe3428141646df,2018-05-02
af6bc55bfd7ce78e903212e971ad1bfd,ad286ce4a6bf7bfb8baf2716bf8c806b,delivered,2017-11-08 15:34:47,2017-11-09 04:31:16,2017-11-10 19:26:33,2017-11-14 17:42:08,2017-11-28,74ba462fb8ab5c99b43159448025269a,2017-11-08
4b4badb2df31e851262e8278b3a02871,1a108ff7d680891dcbcb0558fb6caaaa,delivered,2018-06-19 13:53:18,2018-06-19 14:17:34,2018-06-20 10:43:00,2018-06-27 17:51:34,2018-07-12,b81e63948bfc11535eb52b79a50ca7d5,2018-06-19
58673fc6f78ed538b23f278fdb461f07,5d96ef49b828a20fef0ecd4512e04b2e,delivered,2018-05-08 18:11:53,2018-05-08 18:32:07,2018-05-12 08:18:00,2018-05-18 17:24:52,2018-05-25,41fd1f283dffb62488773a564ce5cbdf,2018-05-08
b8602ecb5d10f27cd89d0e7b5a8ec2a8,b854c2a4e09bb1ebeacc74b225f4ec0e,delivered,2017-11-08 16:19:34,2017-11-08 16:31:06,2017-11-09 20:56:24,2017-11-17 00:58:38,2017-11-28,b43fa872bef5450df02d9ee898d21f0a,2017-11-08
bc0e0c28cbe995798d3afb7c7c75d269,a9dc96b027d1252bbac0a9b72d837fc6,delivered,2016-10-08 01:28:14,2016-10-08 03:19:09,2016-10-14 17:39:46,2016-10-17 18:39:46,2016-12-02,fdaa290acb9eeacb66fa7f979baa6803,2016-10-08
46046adea0e222a29259bad3d922fee8,e9722ab28655e07763e0ca2751c61c90,delivered,2016-10-04 10:41:17,2016-10-04 11:06:07,2016-10-21 16:29:32,2016-10-24 16:29:32,2016-11-28,4be873e3bf0455763882101d7eccc78c,2016-10-04
5548dc95d19f69811f26b8dc9f5fd690,22e40f23e407606505fea9fbe15b9ad4,delivered,2018-06-01 08:26:56,2018-06-02 03:35:11,2018-06-05 12:07:00,2018-06-11 15:49:41,2018-07-16,aaf915da4aea5e5bcd55fc6daf8abe92,2018-06-01
73e025915b8bd2c8856d0d3f85545506,dbf46bb30293d0d8ccd11d23c68ae6cd,delivered,2017-05-10 21:23:19,2017-05-11 21:30:15,2017-05-12 10:33:27,2017-05-30 13:10:48,2017-05-30,d2047396438601ff3ff44b3ffce736ca,2017-05-10
dcf834176dc467316b2e4dbd9544a9b4,1a20002dc2a385b4a371d9cdbd332a9b,delivered,2017-11-15 18:16:05,2017-11-15 18:30:32,2017-12-05 17:39:07,2017-12-19 15:32:51,2017-12-27,d509a63c7291d01839d99afb6387d94a,2017-11-15
26d795767ec2fca00042e8f7cdbe3fdf,28a6edb0d0efcf78339aea74946c31b5,delivered,2017-04-04 17:25:21,2017-04-04 17:42:59,2017-04-06 11:22:48,2017-04-12 14:17:56,2017-04-27,bb3ff8a30400655ff012c28bdca794e0,2017-04-04
4db2efafa3ef7a9bb740073addef3f85,34cc4171f1653be2c66b278bba591ca3,delivered,2018-06-15 10:00:40,2018-06-15 10:18:29,2018-06-15 13:57:00,2018-06-29 11:11:20,2018-07-11,0b1ef8f1c964c96702a47c381c61f84f,2018-06-15
a23fc2b3af4f1a48e6105fb5dd8d1348,97faa939f8156b67c9106bde6fddd6ab,delivered,2018-08-07 20:07:32,2018-08-07 20:24:56,2018-08-08 12:04:00,2018-08-14 01:33:34,2018-08-16,3ea8d85ed194aaa70297d0591bfd7c0a,2018-08-07
b016e89611c45abd1ec9cad23df2b290,58b897c41ac43010a41d263c2bff500b,delivered,2018-05-08 11:34:47,2018-05-10 04:16:30,2018-05-10 13:40:00,2018-05-16 20:58:27,2018-05-28,7877efe160ad9103873f165c0b6a3640,2018-05-08
69f406208d475c59b72a2b884f26c2fb,9efa8d8a4607191e0c121c1a4fc31148,delivered,2018-05-03 20:25:44,2018-05-04 03:15:15,2018-05-04 15:12:00,2018-05-07 15:36:45,2018-05-22,a10735f7a462fcf1969d98ea3907e2e6,2018-05-03
e3530cef4397fa883a4cebaf1c967a80,5783948a85bc114d3ec03effa94dd8bb,delivered,2017-08-19 07:45:07,2017-08-19 08:04:53,2017-08-24 22:05:58,2017-08-31 19:46:55,2017-09-19,b123b09c78e0f0ab24f8e4b6d6a3b5c4,2017-08-19
3cda3b82990d9613a19bac370a7b8907,4e0bffbcb4d5d3a82373399128547598,delivered,2017-11-02 16:25:31,2017-11-02 16:45:11,2017-11-07 20:21:21,2017-11-20 18:29:13,2017-12-04,412c6ec29d51104253bcb1095dd03140,2017-11-02
ff92e046b12e7380a5a54db4e3fdf615,ab9be535b07b4c39dfb0f40494bc9d97,delivered,2018-07-10 12:09:23,2018-07-10 12:25:15,2018-07-10 12:34:00,2018-07-20 17:14:43,2018-08-08,b097ca6b7c8f73187ee49ec44c234381,2018-07-10
430e723584294b481e1cfb980b10df3a,82754e9037879ee7d90e1facb88fbc86,delivered,2018-08-23 15:45:16,2018-08-23 16:05:28,2018-08-24 15:25:00,2018-08-29 16:14:35,2018-09-05,26815669ed805930225a3829246c1983,2018-08-23
8e3b10ce93deae6a8e8739b7a41b86d5,e7ee5ca88181306105b251db552c4357,delivered,2018-03-12 13:44:17,2018-03-14 02:50:54,2018-03-14 20:44:48,2018-04-16 19:56:34,2018-04-04,fd50833d789fe1fe0fa773a5b2916ddc,2018-03-12
6e718fd90e0bd9069986459dfe185056,cb7cc795161aab05c597e973559ba50b,delivered,2017-07-25 23:35:29,2017-07-25 23:55:11,2017-07-26 20:24:23,2017-08-04 20:12:31,2017-08-18,e2f9bb04db8e8b7e08374e8e5d48f242,2017-07-25
a5406e921aa2f3d19c33ab88c936f426,d5551343ca45deaabf15841e8ea574ed,delivered,2018-08-16 15:15:59,2018-08-16 17:49:07,2018-08-17 18:07:00,2018-08-21 00:15:39,2018-08-21,cfe1eef136a158a468e62ab7599aa256,2018-08-16
41a164c8a106bd1bd634b33340f2199f,b61df7cab5e55935007713b34a72b138,shipped,2017-09-02 14:57:43,2017-09-04 14:25:21,2017-09-04 20:22:16,,2017-09-26,cc19adad18f57b3c6b0e352e0833d222,2017-09-02
9a535db7017bc4d84dcfdd14e9a8cfcc,07bfca76246734f6cd62ba441a750d60,delivered,2017-01-30 18:43:16,2017-02-01 04:33:19,2017-02-01 16:43:07,2017-02-07 12:37:47,2017-03-17,b8177fa410bf355abdd2dc422aeb7269,2017-01-30
ffbcbeeac5c9c9495cd729f896bc1d5f,d3ce540a0fc7b47d22fc5951ccdd8914,delivered,2018-06-20 21:14:59,2018-06-21 18:21:06,2018-06-22 16:02:00,2018-06-25 17:14:48,2018-07-12,83756f8b7f32ba478361fe47f3fdde98,2018-06-20
501021e1ee6bd154570dd9c1efb46d38,8016136b9050c223bd33c840c0bdb2af,delivered,2017-12-19 14:49:45,2017-12-19 15:58:30,2017-12-27 16:29:26,2018-01-09 23:50:13,2018-01-18,5fb65a8446d3bf2c80fe97c2589eac8c,2017-12-19
93cd78e1b92970d2a7e7251057f85153,81805d02402ef56db08122440a0a938a,delivered,2017-11-06 04:41:37,2017-11-06 04:55:32,2017-11-07 22:59:45,2017-11-23 20:28:38,2017-11-24,0333b2fc6ba7014702e08ef613850270,2017-11-06
91f547a0881c0ca253a3822416926b90,8c2db8ebb47d738813b679a5fde0634e,delivered,2018-06-04 12:36:40,2018-06-04 12:50:48,2018-06-07 09:02:00,2018-06-08 14:25:52,2018-06-28,22be6b0c4ec4b916766bdacf188dcdad,2018-06-04
622dd1cb69dbde1c7e0685d12015a2da,d9f3d0cf8f434367e59ed7db2eec21e4,delivered,2018-02-10 15:47:49,2018-02-10 16:00:32,2018-02-14 15:52:15,2018-02-16 22:41:43,2018-03-02,582d734e27e3846ca8a985a4fea6b6ed,2018-02-10
c47dc6fcedbf35d7a69bfb400a3dec69,843639db2a0f040a4aa58c4e843ee45d,delivered,2018-03-06 10:35:29,2018-03-07 02:35:42,2018-03-09 19:18:32,2018-03-22 21:50:58,2018-03-27,e7a1475e285ac499e0aabe33bc3e95b1,2018-03-06
170668dbc6b505ada8c06356aa45177b,b6b58a1c673e6fddc7eb8aa3b5992e00,shipped,2017-12-15 18:53:52,2017-12-15 19:12:07,2017-12-18 20:22:49,,2018-01-10,ae4ee175689d48e31d08116beb86531c,2017-12-15
d3605b7117930d845a75af0d32c3bc7e,ea7c78d210a9cd6b447a80b3508edc0c,delivered,2017-11-17 19:59:06,2017-11-21 04:06:22,2017-11-23 02:21:01,2017-12-01 20:36:46,2017-12-11,02c39145f71fdb20ece3f92148868a06,2017-11-17
5b5df11336181a5d1e7a021ea5642bd6,b2f27ac68d800789258e48b15e8335d9,delivered,2018-02-20 17:32:52,2018-02-20 17:47:49,2018-02-21 19:34:11,2018-03-13 10:42:31,2018-03-26,d1cda6997ec00dd06cb0de062d2fa517,2018-02-20
c764b50847f8a6b31dd92151b3680d94,ece53d01d909f624beff12b089724fcc,delivered,2018-04-10 22:18:19,2018-04-10 22:35:22,2018-04-11 22:38:37,2018-04-17 20:54:33,2018-05-03,0e4d8b4ba52032a53ca6e81adabbcb9f,2018-04-10
599fbee4cc4b8dabe57ea66e0ecd7031,6ee1dd0b1a877f6ffdc9f75177bd62f7,delivered,2017-09-17 18:58:07,2017-09-19 03:44:07,2017-09-21 21:14:27,2017-10-13 17:22:20,2017-10-11,9350c369262a51cdcf07ab29be34e8e1,2017-09-17
de25b0f0bc16aa46db52a0cb9963b764,cce969b7050fc7d184d62c430a6c7178,delivered,2017-07-18 12:01:07,2017-07-20 02:25:40,2017-07-24 17:27:42,2017-08-02 17:52:21,2017-08-09,2b4871f788b44ee004ec2c7fc7cd420b,2017-07-18
9e4b90eef41ed5a85e2e2f8bef415075,bc0c9c6cb264837628cec0ce57cd91a6,delivered,2018-03-28 17:03:47,2018-03-28 17:27:53,2018-03-29 20:48:47,2018-04-07 00:28:50,2018-04-10,4a6ccb379c9e5062ad3ce2324222fbf3,2018-03-28
85314e23a8d6ca48d54dd3a235b2a25d,f2d450514f374ebd89036fe92df557bd,delivered,2017-03-10 10:29:46,2017-03-10 10:29:46,2017-03-24 14:43:19,2017-03-29 14:48:50,2017-03-31,2ef5e7aa9a2fc5b9b15a296e1de5f729,2017-03-10
b9a14e2078e1693e5e4c8c010c83fee8,39f428f30447ac7ffb5cb23c0d944ade,delivered,2018-01-16 11:19:54,2018-01-16 11:32:09,2018-01-17 17:54:35,2018-01-23 22:19:43,2018-02-15,b48f2d40175ddb7f501c6d2112e22118,2018-01-16
46e986bd2d3cdddfbc642749d67b4777,c998be2593cc44f760130bd79c8353f4,delivered,2017-03-20 07:34:21,2017-03-20 07:34:21,2017-03-21 13:41:46,2017-05-03 12:58:53,2017-05-02,d43652161ddd5440da7380ba3b0e6cb5,2017-03-20
3830b3dc35d6b2cb26c3cbeb0eafd799,f1a52bcd15f1aac3fdbb7dadce516d8f,delivered,2017-06-03 20:50:20,2017-06-04 20:55:09,2017-06-09 15:27:44,2017-06-28 17:25:56,2017-07-07,366701876d62a649e9c749452ad1ce2f,2017-06-03
582224f1420e01b2e33cb5690714d841,5c9f8a89e7a175b3deefd018e0249fed,delivered,2017-12-06 09:57:58,2017-12-06 10:13:50,2017-12-08 21:38:43,2017-12-12 19:53:30,2017-12-26,d09cf1b9d17de33dd213c1ff533352db,2017-12-06
058b47cafcb62845676917a46cf732e4,f0adbcc906e94774e167ee43ce2209f2,delivered,2017-10-03 23:52:07,2017-10-04 22:28:23,2017-10-06 19:53:18,2017-10-16 16:08:07,2017-11-01,b5b46581465f851df3529a30d2503f59,2017-10-03
21011893b3f77e5cf4c66ebef09016ae,d15c4eb0809f83e4b72065c920c69e1c,delivered,2017-11-24 08:11:39,2017-11-24 08:31:19,2017-11-27 14:25:29,2017-12-01 01:58:55,2017-12-15,f28904cafaf475d2a2cc68806cad24fe,2017-11-24
6b0de1567f1212f98b815cf9dd0197a7,73149e2def5373d0e10aadcf0d8f8167,delivered,2017-10-03 14:05:27,2017-10-03 14:14:20,2017-10-06 20:59:56,2017-10-18 22:33:06,2017-11-13,26e025af2347c3968f6a578f853a9da2,2017-10-03
ce9f7803d130fb5f7ce39962ea704afa,e5116548089d0a18315ccbe7a20d6639,delivered,2018-06-30 16:53:47,2018-06-30 17:50:20,2018-07-02 14:25:00,2018-07-05 22:56:44,2018-07-24,f783df68ff9e4bf9c167cdb841bba42d,2018-06-30
be178aef757640fe4721501249ae18d8,7a6fc2b547170211c51721e40fa157ca,delivered,2017-03-22 19:57:13,2017-03-22 19:57:13,2017-03-24 14:24:11,2017-03-29 13:17:16,2017-04-11,7b67f9145bf729fd8cdcc10c5ccd89e9,2017-03-22
aeda6c61bef46638c41d68216431979b,b2f95208b59db4cb98c50b698e1595e4,delivered,2017-11-02 22:49:47,2017-11-02 23:10:26,2017-11-07 10:39:26,2017-11-17 00:27:34,2017-11-24,54688ac015c0e130a8e00a28cc34ff92,2017-11-02
677c2ace9fc6945d4fbc83bfd179373f,3619bffe8c0a03dc3ea59340eeb0d5c1,delivered,2017-12-22 16:02:51,2017-12-23 10:18:20,2017-12-27 16:59:30,2018-01-04 19:53:31,2018-01-12,99771669986400b3c91ae293851b4c66,2017-12-22
79e0a33a60d364f1cf08bcd097985238,cacfd32da4e7bdfddb890220be2b58d1,delivered,2018-05-06 07:35:10,2018-05-06 07:50:24,2018-05-07 11:15:00,2018-05-14 23:58:42,2018-06-11,71c13f7e334e106357afc757e4ac79b0,2018-05-06
a90d54c4e730c3f73f5fbf256ebe58e2,cbe499bf7af1964f5924dbe8e244c75c,delivered,2018-05-04 23:22:26,2018-05-04 23:35:10,2018-05-07 12:08:00,2018-05-10 23:08:45,2018-05-23,6bcd85a35af3d6d244b6494062b825c7,2018-05-04
383216723797f06d317fcfee172ee005,b02bb5ef585d5fb2108090bb8f981572,delivered,2017-06-11 21:01:41,2017-06-14 10:55:20,2017-06-14 19:08:48,2017-06-19 18:54:30,2017-07-03,ad14ee8e47e0df1af034fbeb5b4b43e7,2017-06-11
b6d51ca2b26deb9b9bc37e6b3ea34244,96f63dc8d7bbb192d25213b41a5b2b08,delivered,2017-02-13 23:24:18,2017-02-13 23:35:20,2017-02-17 10:30:39,2017-03-01 10:13:52,2017-03-24,a79fe09c7ddc5d2d6ef342ddc46e1483,2017-02-13
f843ccac0632c0896595e1b790d93733,cda922f66aa89653f17a5c2974972168,delivered,2018-04-23 12:52:46,2018-04-24 17:42:46,2018-04-24 22:57:43,2018-05-02 15:58:40,2018-05-18,595d40070599c0a19d03363e16844bd1,2018-04-23
b7dc8c5296b448a5ccebf0c992c09f86,198866761455c414ecbba438e7256653,delivered,2018-01-26 12:09:55,2018-01-26 12:22:21,2018-01-26 22:41:16,2018-02-01 14:58:37,2018-02-19,33309f9ed7e5a38a193256d314dfc4aa,2018-01-26
90427548a7f9b99089d5449bdc44dbf4,e7cfb33c9c236417151d55134b4e14d4,delivered,2017-08-12 13:14:12,2017-08-12 13:25:06,2017-08-14 16:43:17,2017-08-15 23:47:32,2017-09-11,e7688fef5438be571d0c39bbb3e8e998,2017-08-12
c629fd3aa69824b58230aee97ab8930d,a85a476bc5d3873d712114497bcfed68,delivered,2017-12-15 15:09:49,2017-12-16 13:19:29,2017-12-18 20:56:54,2017-12-29 14:57:05,2018-01-11,3c24d5d68c6d7f07cc9dca3c4ee25131,2017-12-15
188c13d1aa80d3a7ffc208eb983bf267,343e3b5832f35efd7d16f8f14c122ec4,delivered,2017-04-29 15:47:24,2017-05-03 15:33:11,2017-05-10 11:43:56,2017-05-15 15:44:39,2017-06-01,ac44b758896654d4fb93117b6ee19d00,2017-04-29
c2fc2e36ac235bd9043a50b1af5466fd,160af96c093fe26cf4dfecd522a0256c,delivered,2018-04-17 09:35:19,2018-04-17 09:55:16,2018-04-18 18:12:04,2018-04-27 18:32:10,2018-05-15,8f63171bbe127d1e080b2d2ad26ba363,2018-04-17
d3320c7579b87d355511ba06b4d18aa4,4813c31bc42009db08118aaf5c22d4f8,delivered,2018-03-19 12:19:26,2018-03-19 12:35:29,2018-03-20 22:41:50,2018-03-29 18:04:10,2018-04-12,1a9137aba99bd9cf728aa2a77e61498b,2018-03-19
b4a38163bca1ff981f0ccbfdbaca0a20,4db85f54c09882d9f1e37774934551be,delivered,2018-01-29 18:40:56,2018-01-29 18:55:24,2018-02-02 01:16:51,2018-02-05 16:53:15,2018-02-22,100e4838d0bc624505f1e8d87294ac69,2018-01-29
f85b00b88275bb213518b0ebacca0544,d7c70fe22a435b47ba0bab4bb6ef7883,delivered,2017-09-15 11:26:04,2017-09-15 11:44:16,2017-09-22 18:18:15,2017-09-29 19:22:44,2017-10-06,59b90826e4ef0c0001e9d17359bf219e,2017-09-15
4f76b593a77720e6048225aa1705761e,3a88fb311c3752770c9c01e5e49bd38a,delivered,2018-04-01 01:16:00,2018-04-01 01:55:18,2018-04-03 20:27:31,2018-04-13 06:36:57,2018-04-25,343692f880d1624aef01a9409daa9fc2,2018-04-01
82534d85d355632cf7b983bb78e11537,136d3cfd01d32911a7fe50d5d965f1e8,delivered,2017-08-05 12:12:22,2017-08-05 12:30:06,2017-08-07 19:35:58,2017-08-09 16:29:58,2017-08-25,eafc4c1c33aeabdd114b45efd7cd31fa,2017-08-05
57ab8147bbaaee1cb90625da032adc65,ca7b22e9c3405131ea5f43068bdd3c3e,delivered,2018-04-11 21:06:07,2018-04-14 09:31:26,2018-04-16 17:48:39,2018-04-27 00:28:41,2018-05-07,3a4bc325c4db4896589829d7958704c1,2018-04-11
76237b6fd0f721a714d6bb93439858fe,3ff7ca0cebc624cfec47b5c21747f40f,delivered,2018-02-17 23:02:57,2018-02-18 00:07:42,2018-02-20 13:19:04,2018-03-15 17:08:35,2018-03-15,1894b7e20d2dcf1910ba73852af89d14,2018-02-17
e57d3ed114cc6c8892c6ad047ecb7c99,95ff1cbbe42e89b5a1e9a50fd2116e73,delivered,2017-05-17 21:31:07,2017-05-17 21:42:01,2017-05-18 09:47:53,2017-05-19 11:52:14,2017-05-30,fa0d8301b39cab67c292571ab3256975,2017-05-17
17bc0acf9f5ac57fc41fb222543c3c46,73dec2f09bd7eb27d94454620a6933d2,delivered,2017-03-17 11:55:04,2017-03-17 11:55:04,2017-03-24 13:08:31,2017-03-28 08:30:09,2017-04-05,04b82d7b6bea9cde35c9934ea1949c34,2017-03-17
29afb9bd764e2f5be034429f3d6811cf,e52bdb0106b6b7cf4307905679b11761,delivered,2018-06-08 00:43:29,2018-06-09 02:57:19,2018-06-18 12:45:00,2018-06-21 23:22:21,2018-07-04,a1f56aab52b1748c1f978deabd1f6e6b,2018-06-08
f3946e7bb785f6ad1f6747355f2f0707,48a0d58b5c9638c5d1bd192c4143f971,delivered,2017-09-13 16:48:25,2017-09-15 02:10:39,2017-09-15 19:31:58,2017-09-21 17:50:14,2017-10-06,4426a915a8e65d0f7c66a021b1590559,2017-09-13
5923d27ea800706e7c11665595951851,bb994f5e181a796ea6ec46a53c7f6928,delivered,2017-07-20 13:54:51,2017-07-20 14:05:24,2017-07-24 15:39:45,2017-07-27 17:15:56,2017-08-16,9e92aa47e2314278334cdcf672cb3810,2017-07-20
f6435b28da9f2c03528a41386144a403,eb41671b11b12b928b92cbe7e3a974a2,delivered,2018-03-19 23:06:49,2018-03-19 23:28:15,2018-03-20 22:19:10,2018-04-06 18:58:41,2018-04-12,47403791852ad9e03ae6f4d452df5d7c,2018-03-19
0700a8e0947d76a90800538ff87da453,96a41a2b6f1ce4dbd4f8fecc3fc26489,delivered,2018-04-22 11:26:58,2018-04-24 19:10:19,2018-04-24 18:58:03,2018-05-02 21:28:46,2018-05-22,140f41115187d454ee517720acc81f57,2018-04-22
f7756b6831d1f8e9ffdd15a08942cd56,c90005ee8bf3ab38f851a33a51de49ce,delivered,2017-12-04 08:51:33,2017-12-06 02:49:59,2017-12-07 13:22:53,2017-12-27 20:32:34,2018-01-04,a1b32898e643753859daf101e6fbd811,2017-12-04
18d2e92302e58abca7cd07fc8ff2ffa3,2a8d8cb85262f7eaf4f1f5a398e5b7fc,delivered,2018-07-25 12:52:30,2018-07-26 03:40:07,2018-07-27 11:30:00,2018-07-31 22:34:43,2018-08-10,cec0ca63aae01fe8090e07bbea4604b9,2018-07-25
4054f3a02c9191a518601fba04f06742,32f933ccfb84e611969e9b44d4ea5739,delivered,2017-11-29 21:24:39,2017-11-29 21:32:29,2017-12-02 12:32:37,2017-12-12 00:03:51,2017-12-27,955426621e97369fc4d9e9702140107c,2017-11-29
80fa872d47da85872411a201a1a89dbd,78f06a489006676218bbd6653cc79c47,delivered,2018-05-07 16:44:43,2018-05-07 17:56:37,2018-05-09 12:12:00,2018-05-14 23:47:41,2018-05-25,1ee8d4a5f182a64ee49185d3c534f3c4,2018-05-07
ebc7576de7c411cd4196d81d312d191e,9b9cac11df60b6a2ca95f4045dcde787,delivered,2018-05-10 18:04:00,2018-05-10 18:18:24,2018-05-11 14:14:00,2018-05-14 20:53:45,2018-05-18,58d5d62f6d1ddf4887c7ac601ed89e11,2018-05-10
78bfabdd678960433865cf37c15be81d,ab3c6485c1de9df6de671f4d04f990da,delivered,2018-07-29 19:47:34,2018-07-29 20:04:43,2018-07-30 14:40:00,2018-08-03 14:24:39,2018-08-16,9a19ee8421ad4c4beef402736ea29375,2018-07-29
423000c9a3d2d87b594ab701c1c9b944,266ea96d600b62246fb3da9f76b123af,delivered,2018-02-01 17:34:13,2018-02-01 17:53:02,2018-02-06 22:22:14,2018-02-20 00:34:52,2018-02-23,2e24246108224962ec75564d10d19103,2018-02-01
1e792fcdefb0bb34325cdc1dee84fcea,aaed1013b9b4c5ffea9394e093564a72,unavailable,2018-02-11 00:41:04,2018-02-11 01:48:51,,,2018-03-06,4fd1dbe5a37041f5f1e8541420d03c18,2018-02-11
153ba9c8183c2c6f39e8191d50cf0255,6d95fae30dcaee20608501a142ecf1a1,delivered,2017-02-28 21:38:21,2017-02-28 21:45:20,2017-03-01 06:15:59,2017-03-03 14:32:27,2017-03-21,61fe29e2a95240e5a321e0e7aaccbcdf,2017-02-28
dd2e84f453b5bd5297babe45f1183f84,84b105f64811531772a6ea55c14129a9,delivered,2018-08-16 18:04:01,2018-08-16 18:15:22,2018-08-17 07:23:00,2018-08-20 16:32:09,2018-09-11,dfc3fffe19ec7d3b45fc10137bb84065,2018-08-16
05bd0df2a2f8b3719b66372a66b8f5ec,bd28fb21b93201afe08e27ea9b3bc90d,delivered,2017-12-05 09:21:51,2017-12-05 10:48:16,2017-12-22 00:47:04,2017-12-27 21:34:13,2017-12-21,e226254ce0c6d5b7a7ef7218c9b5b518,2017-12-05
7d448da1a22951eccabbaf1d9b380f91,3bff47563cc1d384022a650cc62029af,delivered,2017-07-18 22:15:26,2017-07-19 22:23:56,2017-07-26 19:56:41,2017-08-07 20:54:47,2017-08-15,7eb7b405964ccb3e792ab1583883975d,2017-07-18
31a8fcbeaa65f2a7dec1abee188ffcc9,e02c7d012516647a8ad7b408edc8374a,delivered,2017-09-14 09:33:48,2017-09-16 02:50:48,2017-09-18 17:34:03,2017-09-27 21:53:42,2017-10-05,bb6d1d9832725c790c71194870d32bc9,2017-09-14
8628004441d1bfed0eba2925c11f0a9f,8a733c4716440dcb6c7fb14e31d296dc,delivered,2018-06-06 07:53:07,2018-06-07 08:14:28,2018-06-07 15:35:00,2018-06-08 19:08:32,2018-07-03,159d2ae0c3234b0dcaf35bd844a99564,2018-06-06
4c711260ad2538b278a96e13da501b09,1f42af7e77a5a54b16261ed44b747a07,delivered,2017-12-02 20:47:47,2017-12-02 20:56:34,2017-12-05 18:09:15,2017-12-06 16:24:35,2017-12-20,27822b36837c0958a93e37aa99148a2b,2017-12-02
301313444187abe8ef32ccb2b73b484a,cddad34eaa5c20206d505335b53a40c7,delivered,2018-06-28 15:46:18,2018-06-29 02:53:27,2018-06-29 13:52:00,2018-06-30 16:43:35,2018-07-12,4703af836df18f6542fa4f44ba6cebaa,2018-06-28
df5f65d2dec68b07404b0aa6f09aee32,2213b04ede603c2e8a992cade54e1967,unavailable,2017-07-17 21:42:18,2017-07-17 21:55:21,,,2017-08-08,2ccc9d32ff6e9a13005c4a500e8ea00f,2017-07-17
ad8b58f4364259dca06cf2e3d65f42ec,184e981d0220cb3a8ec710d1f62891f7,delivered,2017-11-18 20:14:53,2017-11-18 20:30:29,2017-11-21 23:05:02,2017-11-27 21:12:26,2017-12-07,e006cec3d04f1fd59a5b3ce3809efe2b,2017-11-18
79e8aed3400f69812f091a2b4f55a8e3,9e2124550af4e69423ee717012e6f23e,delivered,2017-09-12 21:03:26,2017-09-13 01:35:25,2017-09-13 19:32:12,2017-09-19 18:38:37,2017-10-06,97babdfdd49a90b6aee3d17729812665,2017-09-12
df1fb814cd2fd847abda026285f5c4aa,9c79eb1cd7a36127cba5b97b0a746d31,delivered,2018-07-26 10:31:00,2018-07-28 02:44:23,2018-07-30 14:21:00,2018-08-06 20:26:23,2018-08-10,39b8ac76649106747794608abf8a02e7,2018-07-26
1651e8159581ae560e31bcd322831f89,c6fa0b8e7a3f6679d53485285de58389,delivered,2017-05-18 18:08:56,2017-05-18 18:15:21,2017-05-29 14:09:38,2017-05-30 07:36:35,2017-06-07,089b6478aff75229f5abd18d5c8fcc28,2017-05-18
43e1069a30462196f230706e01f65785,9c220f3764a4e5a34b62cbc96c21c1b1,delivered,2018-03-06 14:16:41,2018-03-06 14:35:45,2018-03-23 20:38:36,2018-04-05 13:06:38,2018-04-02,3120f54da23ff19d587558a5fdc7a284,2018-03-06
2dd14275918584fb2a28d4a4300d01e0,5d9b0406ca19cb888e47386c944a8330,delivered,2017-07-12 21:00:55,2017-07-12 21:10:15,2017-07-13 18:37:54,2017-07-17 21:12:25,2017-08-07,be4e3d1570ec8a2ba9ab57afd17b29cf,2017-07-12
ad79f01d35b20279c363d738c8db9e65,8ffded0384e6de8805fdac6e9ffd78cb,delivered,2018-03-19 10:48:03,2018-03-19 11:31:42,2018-03-30 01:32:34,2018-04-05 13:11:39,2018-04-13,52e0931bd5f95d8cd524611285fd6b1e,2018-03-19
82492ccd735c628d8a98d08d7ffbe501,5d0b5e5f627d234d7cce220a7a3df097,unavailable,2017-10-18 18:21:48,2017-10-19 02:49:36,,,2017-10-30,14d50b4bc3b81e131121e74b754f592b,2017-10-18
ed0e7f24f9eadad43edce801270a981e,7958e417392cc47d4c91b93ee0aeaa39,delivered,2017-08-01 17:56:12,2017-08-01 18:05:20,2017-08-02 14:17:42,2017-08-10 19:24:33,2017-09-01,650606c8d2e45478f993ea474fc8f91b,2017-08-01
53d01d5ea7c4979fe175f37286263091,fbfa1608aed1d6338521b72305116529,delivered,2017-02-05 23:26:45,2017-02-05 23:35:14,2017-02-08 11:05:56,2017-02-23 20:45:54,2017-03-03,d54c2eb321beaf333fc773495663e2b5,2017-02-05
3ea1b4858d6688d2e95448944536e6ea,ce3e30e0a69d1fac23013ad343cb5727,delivered,2018-01-10 20:57:32,2018-01-11 20:52:23,2018-01-15 17:57:01,2018-01-28 12:06:54,2018-02-05,d07d8ca6888b515030c72a0515356afc,2018-01-10
cc91c60e003377485d9ab615895c9052,8c76491f42727034c617511392c0ae46,delivered,2017-10-29 08:35:40,2017-10-31 04:07:20,2017-11-03 15:27:13,2017-11-14 02:24:54,2017-11-17,4eb38d51627dea7007360d5bb9fd4493,2017-10-29
fad50f5d61cd24d316352c44508b6ef9,ef39d759940cb4a9c2659c802164e393,delivered,2018-05-01 20:04:48,2018-05-03 04:52:36,2018-05-03 14:10:00,2018-05-08 14:36:49,2018-05-21,1e8cca7349206e0b563c2c4cf326d8ab,2018-05-01
589a75d918fe423a0cef1540688e2705,0a10f2469747884fb49105c75f609257,delivered,2018-02-13 12:38:48,2018-02-13 14:35:25,2018-02-14 12:12:00,2018-03-01 00:59:03,2018-03-09,ab56d7563ecd7aff00cb5fe00db3dd9d,2018-02-13
c3483e54e973d333c6365c217f4422b9,2c000709cd9668216a4c418dd4be9391,delivered,2017-11-28 15:52:13,2017-11-28 16:17:48,2017-12-01 19:29:07,2018-01-12 21:46:46,2017-12-22,422d90437f8f2db185680ecc7ac85ab6,2017-11-28
90ec7e058a164b8dccce02591de2f99a,362bebb0ae1bae65c56e89f183346627,delivered,2017-02-15 12:03:50,2017-02-15 12:32:17,2017-02-21 09:05:27,2017-03-06 14:05:11,2017-03-29,7f335cc9c2c684d92a25b1758d15bfdc,2017-02-15
be56cbf6122c89bff90a40a8d82a0288,5b13b24421f95935c8726fb5a15a00e7,delivered,2017-09-13 22:32:52,2017-09-13 22:44:06,2017-09-14 19:00:13,2017-09-20 14:47:31,2017-10-04,bc519cafbb895b76011e452457be5f0a,2017-09-13
7157fd8b253bcba337ae46c9f0e10476,c1622509d879cc1ff9c0e10c340a3fcc,delivered,2017-08-06 08:22:12,2017-08-06 08:35:17,2017-08-08 17:02:42,2017-08-14 20:11:57,2017-08-29,f19da7cc5b4dfade49a32ad1935a73db,2017-08-06
29c7811622a48f352c1ad6ed24f6936c,d86a0beabd6581b04d8b125d230c955e,delivered,2017-07-20 10:25:46,2017-07-20 10:35:18,2017-07-24 20:46:06,2017-08-01 20:59:56,2017-08-11,c811ca8588b8f707c9c1fddcca0dd3f4,2017-07-20
dc53168ed84c77eb9eb18a8026bc393b,6fd1799158e0e89e413a22b93a94d6eb,delivered,2018-03-01 19:41:54,2018-03-02 15:12:18,2018-03-06 15:58:54,2018-04-04 19:28:37,2018-03-21,4909fc632891548ff0c209de1e3c51cf,2018-03-01
f7bb6bf5a28b347af13018a4b21ced6d,01206a881130146c337962e714f06d66,delivered,2017-07-12 22:37:59,2017-07-12 22:45:15,2017-07-19 18:19:36,2017-07-24 15:15:58,2017-08-01,40594794ab94ef383504b759584bcb0a,2017-07-12
994138db2313a294b3d23c7cf6ee7389,705e036ad050f41b861c6284af74090b,delivered,2018-01-23 12:34:03,2018-01-23 13:01:14,2018-01-25 02:35:35,2018-01-31 22:38:12,2018-02-16,af32e1e7796545fbce814d0a271dc824,2018-01-23
6d8660f8e645acd678cc75068d4fbcf0,ea3a22583524fd4920f5e3caf9d50968,delivered,2018-02-06 15:18:57,2018-02-08 07:50:25,2018-02-09 23:28:59,2018-02-20 23:54:30,2018-03-13,88c56828a05311d7ac1acfb9ed53330e,2018-02-06
b6713a6dc00fb0473d12bd8b08a88cd0,46da9ad64162a07e5830310786802dd1,delivered,2017-10-31 17:54:25,2017-10-31 18:10:56,2017-11-07 00:46:43,2017-11-13 14:04:53,2017-11-14,4b2f5146918f691e0e1a7204b9cf8248,2017-10-31
9a9c8bac5de91ca285c8224b5abd58ae,d8be51d4139b593eadb40bcb184f6c8f,delivered,2017-11-28 16:21:58,2017-11-28 16:35:26,2017-11-29 23:16:41,2017-11-30 12:59:04,2017-12-12,aa6c1d42efc1e9ff16ec83d91cc16b43,2017-11-28
ce11340d59020c4c840f12096c81b609,3a7f59bfd23506b1997a224724044691,delivered,2018-04-09 13:17:12,2018-04-09 13:30:25,2018-04-10 20:21:26,2018-04-25 21:59:36,2018-05-04,f9ae928da15e82a3fc6f97b3751ebea2,2018-04-09
afced00eb2f0134a2c5173999ca5086d,800967a7a5167197fb9b1d50a2ef8075,delivered,2018-02-05 10:21:07,2018-02-06 10:30:10,2018-02-07 20:42:33,2018-02-21 02:04:48,2018-03-13,d184e6edddcb1c912ebed8bb8491fc85,2018-02-05
c7a5d101d4b6ed70eacc97c78158eadd,9d109a169b7b88405b214e976c6039e7,canceled,2018-02-01 19:08:48,2018-02-03 02:53:37,2018-02-06 00:49:39,,2018-03-02,a7c8a84341382b33914490420a0394df,2018-02-01
ac11d10a9d24794506b10133391eaf2f,ae8114bdde5d84caebb6e3a3a74a0c03,delivered,2017-03-26 21:38:48,2017-03-26 21:50:22,2017-03-28 10:03:28,2017-03-31 06:22:16,2017-04-20,cbef69f1032025de55804dcad4877631,2017-03-26
4d938cb9756669aa9adb5e4e06db4850,ee9f244fe735d376a5a7a755431cd494,delivered,2017-10-09 13:29:10,2017-10-09 13:49:19,2017-10-09 20:28:21,2017-10-18 20:35:26,2017-10-30,1b8e32b9748d27829b9e496dc8622630,2017-10-09
273839c63013993629b3cad503bc92f4,a9a1cd2b24b0c26d1aced20c9ace4e60,delivered,2018-03-22 18:29:09,2018-03-22 18:47:34,2018-03-23 22:48:45,2018-04-03 21:54:45,2018-04-20,6950432d0232ba68b4f233b6d8f793dc,2018-03-22
359d397d63a00fc9587ae56bd9e5479e,0311e8645872f2e940fcdbd0373e8ef3,delivered,2018-01-14 15:33:16,2018-01-14 15:48:30,2018-01-15 15:46:59,2018-01-26 09:39:26,2018-02-08,7ba73215f8be9618e3460cc2d4f2423a,2018-01-14
cb12d32a82abfd6f2d13581b3c8e3e80,64554a77585a29ee9773f11065b33f15,delivered,2018-08-15 17:01:48,2018-08-15 17:15:18,2018-08-16 15:41:00,2018-08-22 21:51:58,2018-08-27,9b15ce578b528d24ad6640a5ad19bc7f,2018-08-15
c5138f289232734a71dc949e763c3dc1,6f97b0bb3562fa8dd719853be952a360,delivered,2017-10-12 23:38:06,2017-10-12 23:49:19,2017-10-13 18:27:34,2017-10-30 21:59:40,2017-11-03,79373f20275625266d51f1186efb0b3d,2017-10-12
2e24930adf68f4ce65ad35e0f23f08ee,dccf3db0a9cf098d12b4c4addd47de01,delivered,2017-09-10 13:35:37,2017-09-10 13:50:08,2017-09-18 18:51:57,2017-10-13 18:30:02,2017-10-11,5319caaec279e6335b7c7e872cb0972d,2017-09-10
fe51b08eff082393ace3cbc822e4d33b,d3afdb90978c6c51e32a939b9300a7fb,delivered,2017-12-18 21:27:38,2017-12-18 22:32:00,2017-12-20 20:17:46,2017-12-27 14:19:49,2018-01-15,71d23916b85c754df18166d08fbdeb06,2017-12-18
903bf628219e968e070f205a97500735,15597c6e1060d323ac01f89a332903d7,delivered,2018-06-04 16:01:51,2018-06-04 16:15:22,2018-06-05 11:07:00,2018-06-12 19:28:24,2018-07-05,c7affe3256d61970764c0dc02a321775,2018-06-04
df7f8e668092abf15eef89b947ba2ef2,abbeb6ed95fec1971a0502dbc128470b,delivered,2017-07-26 19:17:40,2017-07-26 19:30:18,2017-07-28 19:19:00,2017-08-02 15:57:03,2017-08-24,4e22025a6deef88bd555d3f198786181,2017-07-26
9b1936414d93398380f940b3f86edb5b,701f4ca7c23a770c833db304d7906b24,delivered,2017-09-24 19:21:57,2017-09-24 19:30:23,2017-09-27 16:48:20,2017-10-03 18:15:59,2017-10-19,93360190b9375a40b65720ee99387a4a,2017-09-24
72ac9b27dfe6809898729ee40dd3e353,79adcf02229a33e78f0f5412a2434f53,delivered,2018-05-02 21:45:22,2018-05-02 22:34:48,2018-05-04 12:10:00,2018-05-11 18:37:39,2018-05-30,8c8fccc50566baaed602e3775d9d5665,2018-05-02
b49998737b7359ebe1b64b0b7ffb20f6,d46d7edbddcff60db4428ed88fd33dfc,delivered,2017-01-20 16:27:25,2017-01-20 16:41:55,2017-01-23 11:06:31,2017-01-26 16:24:02,2017-03-01,9b115a88b163c830eea9e44080e81223,2017-01-20
6297b306b33b7a9028dfaa203b9742a3,371b2f2745e80d677eba83ffbe8df74a,delivered,2017-09-12 01:29:49,2017-09-12 01:44:09,2017-09-12 17:19:39,2017-09-28 20:17:55,2017-10-13,a1744a1716e6d5068d7d1312d3ce93c8,2017-09-12
ec88ef2191b5e44c70cd7fc05d9b5e95,373e936792314f96a1e0ac22efc99414,delivered,2018-07-31 19:27:37,2018-07-31 20:04:09,2018-08-02 17:46:00,2018-08-14 16:29:03,2018-08-28,3e0d4b27af236458df1cb979b79c6756,2018-07-31
cc2b671ecddacf155dfff5f460a2e9b5,78ce8956f81efe3cc1fdad3544381d20,delivered,2018-08-19 14:48:26,2018-08-20 12:11:19,2018-08-21 13:53:00,2018-08-22 20:58:44,2018-08-29,f501763f86860a6276ac5bd82ed23925,2018-08-19
d71107a6731127052448382e44f602ad,321eaf610c1ff5d6c82a5069ab9b820b,delivered,2018-08-16 10:28:08,2018-08-17 03:15:27,2018-08-17 12:31:00,2018-08-22 17:32:56,2018-08-28,34e7f65257e2109e4668e94403ac0f89,2018-08-16
06da8e499e3e6c47151b945f8c9eaab3,b12bae899f1c75498d7c096e41acaeb2,delivered,2017-06-28 18:09:28,2017-06-29 18:23:46,2017-07-03 18:03:38,2017-07-04 16:12:24,2017-07-11,71bbde2fcfc0f20f7111714a0c43bdff,2017-06-28
4587cee7619ccea5e9958dd64fe2db8e,942caba7c609eaeab06100f10e3fc4d6,delivered,2018-08-10 16:28:31,2018-08-10 16:44:34,2018-08-13 16:09:00,2018-08-15 19:48:45,2018-08-22,5d36dc3465b41831cbd984488576d1a6,2018-08-10
166e8da2582560e757c1c41e4a4148c7,221624054ca47ae560a9af1059268c30,delivered,2017-09-19 22:16:32,2017-09-20 01:38:17,2017-09-20 21:27:55,2017-09-27 17:43:27,2017-10-10,e2ebcd44979f59626a98ef7e88c5ea6b,2017-09-19
52b146f0c6613581ac31bd5c03646865,95641fccbbcbf2d1dcf51931ea95382a,delivered,2018-04-15 20:46:13,2018-04-15 20:55:33,2018-04-17 00:12:24,2018-04-19 00:14:45,2018-05-03,5b2cbadec92c22d7f9672eb315800c52,2018-04-15
96c31596f5df2ec1fc71f5849a903305,a8c3fafec23191001361449ed1b163be,delivered,2017-08-28 17:01:32,2017-08-28 17:15:19,2017-08-29 16:55:03,2017-09-01 20:32:45,2017-09-15,322678507420a8a84a6378a12794e563,2017-08-28
e8a923aa92f0c87c9bfcd7be05546918,b53c5c797073ad259f5b41027d9ba925,delivered,2018-03-07 13:11:37,2018-03-07 13:33:31,2018-03-08 15:23:01,2018-03-19 23:42:17,2018-03-19,4211a57a8dba65749e153d4a8275116c,2018-03-07
792aa3f0da2e24c9df178369950f2d13,3b4f7be4dafb7e86ff361b032f410ac0,delivered,2018-02-11 00:55:30,2018-02-11 01:55:20,2018-02-14 23:42:27,2018-02-16 13:48:37,2018-02-26,0019da6aa6bcb27cc32f1249bd12da05,2018-02-11
a2a4c95d100c7e658d167a0d989407e5,ebe7a67ec7942e3ab5f579305b245b7c,delivered,2018-04-15 22:04:17,2018-04-15 22:15:20,2018-04-17 12:31:58,2018-05-15 22:25:56,2018-05-23,ca574cfc4ceb012f09be566ec45614a5,2018-04-15
2f2bc2963a401290d92ba5b49f52f98f,d2381384b32c3ea2127ff775858a3fea,delivered,2018-04-17 23:20:44,2018-04-17 23:35:14,2018-04-18 23:18:29,2018-05-04 00:47:33,2018-05-18,a286008b18cc3a9834fb353915dd059c,2018-04-17
45209aac6a969b88fd706d4e10804b8a,15515c398e52f41ea2dd84fb77461e56,delivered,2017-06-22 21:56:08,2017-06-22 22:05:16,2017-06-27 15:47:13,2017-07-03 15:29:54,2017-07-26,1d9aceadf84ee94c22d77d41e502b5f2,2017-06-22
595b8ad8e65f0fcde27e156318750e02,87e5a2daed4f5a2bad7643086d6b3150,delivered,2017-06-12 22:20:33,2017-06-12 22:35:27,2017-06-14 15:52:15,2017-06-19 18:17:52,2017-07-05,a05a38ddd0ae67fbf4c382b68c9b1674,2017-06-12
98f0aebfebbcb44cfb1e1057ea15099e,1981af410fe5233cb4eb0e6708a3765b,delivered,2017-12-27 16:58:32,2017-12-27 17:10:20,2017-12-28 21:21:56,2018-01-29 20:56:12,2018-01-31,79c0a52e339ba9cd9c1ca39fdccef025,2017-12-27
19b6a2b67dc4c2f7cd5bad41395c42cb,2fe8e52fd791b40d67606f946c3a88ae,delivered,2017-03-13 11:42:53,2017-03-13 11:42:53,2017-03-17 14:28:02,2017-03-27 17:18:32,2017-04-07,496dbf79054fe5df6cc601ae1196ae95,2017-03-13
c05f8f8d85ec06af1b5de0baa7050f4e,97ac197efaaa8d142ed342ebe6a27365,delivered,2018-08-11 10:12:59,2018-08-11 10:25:13,2018-08-14 10:08:00,2018-08-15 17:39:02,2018-08-21,accb880b583394bc2442bd69b532118b,2018-08-11
8a20690ced594f1b8937e869026ccc89,0519065c0feb8da6ca9bd475784540c1,delivered,2018-08-19 18:39:49,2018-08-20 12:50:44,2018-08-21 15:14:00,2018-08-22 23:40:42,2018-09-03,e6b5d84d17272ebad73eb1d52363428c,2018-08-19
8b426ff8aa1c03dc173f1270133b408e,9840a2dfc996cade0dce0f64be44ecb8,delivered,2017-08-11 21:59:06,2017-08-11 22:25:10,2017-08-15 12:58:08,2017-08-22 21:38:12,2017-09-04,a7d9a3e447614288937ad2bba991676c,2017-08-11
851b8de268e532c930dc8f315d1434d0,ea8b0305292d6ec9236d154b122707ea,delivered,2017-10-20 16:31:11,2017-10-20 16:50:11,2017-10-23 20:21:22,2017-10-27 18:33:20,2017-11-10,0c16db80bc83142e88ef84bbd1d222d2,2017-10-20
3f84b0049b0be014bde59429ca8267fc,71882d714a4b6d1302fe9535174a0100,delivered,2018-08-17 16:49:49,2018-08-17 17:30:06,2018-08-20 15:02:00,2018-08-30 21:22:43,2018-08-23,619626cb81d2cbc234f4f19376242625,2018-08-17
d8e266265b5aa8df57f13a4fe58ee38f,b2939ba60688ad38a646e5ad35052707,delivered,2018-02-11 15:10:19,2018-02-11 15:27:26,2018-02-26 10:45:10,2018-03-08 17:33:42,2018-03-14,87689ecb1658b91df3cefee2142b948f,2018-02-11
e96f4349b4def654f003437cb0666374,dfc2362ea6ca4f00859a423f238e632a,delivered,2017-03-14 20:48:58,2017-03-14 20:48:58,2017-03-15 09:38:58,2017-03-23 18:27:18,2017-04-06,cc0b9f5821492c4c7ab54aad8894b350,2017-03-14
c47017ce1917964174d4b2b7d73dd0eb,ffb17239ca39724cfadc2b50d510f10d,delivered,2018-04-13 11:16:58,2018-04-14 11:12:31,2018-04-19 18:02:58,2018-04-24 00:41:14,2018-05-09,b57e60919a49a273cd91a34e88f9da28,2018-04-13
5c5dbf7439be3806b599476ff0264276,7b04de8a33e536fbb4d6a69451277537,delivered,2018-08-18 13:33:20,2018-08-18 13:50:03,2018-08-21 08:19:00,2018-08-24 20:12:06,2018-08-31,5a28f5bbcb11d1d48e721207fe91ee36,2018-08-18
2a9748c25bff8d93dd13a28eced24db9,0edba6ec24c2864c865aa7330cf297dc,delivered,2018-02-26 22:06:45,2018-02-26 22:28:21,2018-03-02 19:07:44,2018-03-17 00:32:30,2018-04-04,8d1f0528ce4f4396ead8fa47b853099d,2018-02-26
fd95c34a9c3218bafb1835cf55a5ae74,52fe9b2ae4107a4c19d92cc574a1275c,delivered,2018-08-09 12:23:04,2018-08-09 14:35:32,2018-08-10 15:06:00,2018-08-14 18:08:42,2018-08-14,c37566afb4d1668bfe05ec8e19f333f8,2018-08-09
32e48287f7d1ed208755d25cc12077bc,6e8d3eea6c3d2b4423f137f3ee3068d8,delivered,2018-06-28 23:47:29,2018-06-28 23:55:07,2018-06-29 14:02:00,2018-07-05 16:57:38,2018-07-30,0b4332604e9cd2e3caa01760bb79e8f8,2018-06-28
6f6bef4f457d0f672f90f3922db69090,ce0d13bd16594f391199f2413a85a5cd,delivered,2017-12-06 00:06:18,2017-12-06 00:14:29,2017-12-07 18:29:27,2017-12-20 17:55:11,2018-01-03,7b19fe77fc6a0ff295d5e2ef841e2320,2017-12-06
d6e8c00fe3761c680d73781f517b7e63,ba54cfc321d2626f125c2b07f1aeaa89,delivered,2018-07-05 18:21:08,2018-07-05 18:35:13,2018-07-06 11:33:00,2018-07-13 18:11:17,2018-07-30,aff7f8b5669fbc5d6f6097ce45e63b19,2018-07-05
e1f19495005161ca887eeb4b7cf3332d,074b92f6fc71f14f11bfa7c664136c8e,delivered,2017-02-11 20:02:31,2017-02-15 11:32:01,2017-02-20 15:58:50,2017-03-24 15:03:49,2017-04-07,98f20ef61d2a7311934c67c021037eb2,2017-02-11
e75b1f78d337cb36abc23dfd50d649de,9497c977e59506e4cc2e0f3094a3ca3d,delivered,2018-05-13 20:10:38,2018-05-13 20:32:25,2018-05-14 14:10:00,2018-05-21 15:21:12,2018-06-08,8dd0fe420f8f6e3084bbdf6cced1a1b7,2018-05-13
bdc82a7dd7a5afa642e590e280475da0,33dc04a1e7c748a2722c3f87f5b23416,delivered,2018-07-28 13:27:34,2018-07-30 16:05:17,2018-07-31 11:58:00,2018-08-09 18:27:50,2018-08-20,edf6f64d9bb54ba61b4c3a008416501e,2018-07-28
d7cc5fcfee9af53fcd78bb47e4e55584,6c081dfe77db2d63f336f33043f0036a,canceled,2018-01-27 10:22:47,2018-01-27 10:36:19,2018-01-30 22:24:41,,2018-02-20,11a8cfcffe73f7ed9c4364cdc871b27b,2018-01-27
aafd24ce72f716e644f9d4012e1afcda,f8342792b37394f1efe85d0e78ae1775,delivered,2017-09-13 13:04:05,2017-09-14 13:15:12,2017-09-14 21:02:47,2017-09-21 16:05:45,2017-10-06,e631ae7b47da2b7d002f0978aef5b7c5,2017-09-13
63a0e19325e063aabcb6d25bc5223d5c,77cd9974fb0d6d686e5f69e13b621419,delivered,2018-07-31 23:03:31,2018-07-31 23:15:18,2018-08-01 09:14:00,2018-08-02 13:58:46,2018-08-06,1b9d809f6e14eaa16075435fff033fb5,2018-07-31
9db7dba87b057d3eca3bcb6c671a9557,cf87fb0da5a0c81e2837bf2a7f3619fd,delivered,2018-01-26 18:42:00,2018-01-26 18:53:25,2018-01-30 16:03:54,2018-02-06 20:46:53,2018-02-20,a6d2bf0a1ef53455f08aa8cd87157d3c,2018-01-26
39f91df7a4dc89c3ad5fc7ebf794f3d4,af37bca8ff1fece07b46d92c0ed306af,delivered,2018-06-14 11:30:48,2018-06-14 12:00:25,2018-06-14 13:56:00,2018-06-20 15:57:24,2018-07-19,f5e97c4a357a49248114891b8b69fd80,2018-06-14
753a3deab4eed64bb300591cb01874b3,c2707c8fb97cae32e395d91109cf58dd,delivered,2018-04-21 19:58:09,2018-04-24 18:58:32,2018-04-23 17:08:51,2018-05-24 21:16:35,2018-05-29,2991acef9d130e62674c3d85a916323c,2018-04-21
92e9fd4b71a068595476e2490bb24acd,8dc575d88d1a84663a281b0acd9dd168,delivered,2017-10-31 19:27:25,2017-10-31 19:35:21,2017-11-01 21:33:17,2017-11-03 23:49:51,2017-11-08,9494fe7710d02509b323226ebc5b12df,2017-10-31
0dba8cb0559eb37cc0217a28496b5f07,f6243ddedb1bf96ae357422c43bb883b,delivered,2018-01-09 22:50:43,2018-01-10 10:32:05,2018-01-11 17:43:29,2018-02-28 23:48:36,2018-02-09,7b05e0471103ce0ef346e87c357273fe,2018-01-09
4ec3c9f805653722ef9965b81ffe924c,163fce777143335f91e6fe8b2c3b960c,delivered,2018-03-20 14:33:00,2018-03-21 02:49:08,2018-03-22 19:58:35,2018-03-28 19:42:07,2018-04-02,064d1aae158ad9addc625f5588fdc2cd,2018-03-20
7f01243bfbb619e73796571192245fce,bf2f941a497aa93ace6c2dc0b55984a7,delivered,2018-08-23 14:14:37,2018-08-23 14:25:56,2018-08-23 14:10:00,2018-08-24 15:58:33,2018-09-04,774da53f74682c76619a722e5b232d26,2018-08-23
b63843e9d44be8b60cb77879340c52fc,d3f9696555a002ce1122aed28448bc4e,delivered,2018-02-24 20:24:01,2018-02-27 03:31:07,2018-03-01 21:41:28,2018-03-21 19:38:37,2018-03-22,7205784d2c6e6701d1e7c7fbf9da4ed3,2018-02-24
d54e41bc912d847f8e635a72f7aab29f,d9efd74a15c05da6c45fa60f5ef55ca1,delivered,2018-03-15 16:24:58,2018-03-15 16:48:54,2018-04-02 17:12:35,2018-04-11 13:53:37,2018-04-18,6b2dc52b44b9c7d3c118c1800231040e,2018-03-15
7122be37b1b21797619ed0a6cf64f043,35cc79f94883e64adef77f344e09b7ec,delivered,2018-04-09 21:35:35,2018-04-10 21:35:17,2018-04-13 15:03:18,2018-05-09 22:47:31,2018-05-08,35b887857d9e7902094a37e9f2e51796,2018-04-09
02a001cb5f40b1fee4f0375c89cce463,f6268d33d76b777b9a9c8a2c7c781214,delivered,2018-04-14 08:49:33,2018-04-17 05:55:47,2018-04-17 18:33:42,2018-04-25 18:37:24,2018-05-09,5736be301e11f2ce0b0aa6fcc03b52c8,2018-04-14
6f70c9c5361a39744c5259adbec283e0,f0e5ba2801f71fcacc64a4d6b197a2dd,delivered,2017-06-15 18:50:26,2017-06-16 18:45:07,2017-06-19 17:14:01,2017-07-21 20:42:56,2017-07-14,c18dd5e3fc4a3d84f506d34d154e8f9e,2017-06-15
4b47ca7c3201379f99ee4c1f4d0c80b0,ad3251051c6981b78a714268f03e4e4a,delivered,2018-03-06 17:42:44,2018-03-06 17:55:26,2018-03-07 23:19:10,2018-03-22 15:41:14,2018-04-03,7f5bd6794737ef7e317f7c297c687ebd,2018-03-06
30a5599988bbbbed7e082d19cb225431,a47b519c7d781b447d2fc8314fb7fd36,delivered,2017-10-08 10:33:56,2017-10-08 10:49:20,2017-10-09 21:37:30,2017-10-18 19:55:53,2017-11-07,8d7faa92d12ce1712eea1ed6041ac736,2017-10-08
f48b0e16f86dbb29cbbaba5a05506a3b,96a3b1637f1cdf5e1bd78f05f1da190b,delivered,2018-05-12 17:01:57,2018-05-13 15:51:55,2018-05-16 15:51:00,2018-05-18 18:25:33,2018-05-24,4d581d91eb83030b22ad279a3ca06757,2018-05-12
a3032220da3f83acf7fa0db99dc28804,a5c75f2a835d91d32a32cca335ee150c,processing,2017-02-01 09:24:38,2017-02-01 09:41:04,,,2017-03-10,3bd86adb7f78c730ba9e150e1976ac51,2017-02-01
5874a902f1718385ee6ec11b4745d642,8763d381b85d6020fdd0b178c516af18,delivered,2018-07-11 13:33:45,2018-07-13 03:05:20,2018-07-13 19:02:00,2018-07-14 14:58:44,2018-07-20,4cefc4211f33330a289bde2d319582d7,2018-07-11
c39414c195d0f94c9d9c35e7c6ed4f1a,0dac2ac6dcbbda827846734c0dc2dde6,delivered,2018-08-01 11:57:29,2018-08-01 13:00:13,2018-08-09 15:39:00,2018-08-16 15:51:53,2018-08-28,53829feb906370f277393325399b8487,2018-08-01
6f8585475f12817c49274a1163f2cf87,77b93a183e00c4e4fb15b03427b11e65,delivered,2018-01-25 18:09:47,2018-01-25 18:20:13,2018-01-26 22:33:20,2018-02-10 00:22:59,2018-02-23,abf8d956684166e89a1783b5a929f163,2018-01-25
2e4899499b2a58836683747b7375d7a1,9b5af827b98640ceb1b528f07e0ea99b,delivered,2017-12-02 01:14:27,2017-12-04 01:15:31,2017-12-06 23:32:33,2017-12-29 20:52:12,2018-01-04,6c452aa2d61947a3231e887a14fd4580,2017-12-02
d8751e37cdb2166fa6df8a8ebc346768,65a23aa6cfab2172891731a229c0958a,delivered,2017-08-25 15:24:20,2017-08-26 02:24:30,2017-08-31 15:19:13,2017-09-14 18:44:47,2017-09-19,3041bf14421b7d218b3daa4a909199c8,2017-08-25
1636a9053d37c67f6463b90121fa81cc,0c409eadf7461d9e02860a7015a3f52b,delivered,2018-06-12 10:31:26,2018-06-12 11:00:14,2018-06-13 11:55:00,2018-06-20 00:32:04,2018-07-12,19f28638c0f171b159350463cec68042,2018-06-12
15e5d4cea5f386d7f1d2d2600b830aae,f38b631144009fc4075dad5b22d13163,delivered,2018-02-04 19:12:13,2018-02-04 19:28:56,2018-02-15 19:35:39,2018-02-21 22:43:20,2018-03-01,f1644ccc27a45d61b11ba1cb0dee7b77,2018-02-04
5ce2164977d6b13244196d9b0086d4f5,5e5246e426d3700d8b5b5e2ec76fbaf6,delivered,2018-04-15 15:57:12,2018-04-15 16:10:01,2018-04-17 21:03:43,2018-05-11 23:20:50,2018-05-15,b930ee77e4239e9c9e7fcc5fb9437bda,2018-04-15
ebea454f1c906682ce99e01f407a77b4,8dbe09013a08fbc2ae19dea00cd7d183,delivered,2018-06-01 17:31:17,2018-06-01 17:53:16,2018-06-04 13:17:00,2018-06-20 15:27:36,2018-07-16,bdf6eb7bb0e2f644a21364df4b11c4a3,2018-06-01
ed2e531820c09c6a5dd68fe295484148,4e157f7a1f67d7f847355a56eadf0512,delivered,2017-11-24 09:58:53,2017-11-24 10:33:30,2017-11-27 17:25:06,2017-11-29 16:51:59,2017-12-15,8abc71015fc29ed9233e71a9c0bdb451,2017-11-24
281312c1f75aca1051527291272b4b46,2ca3e71ac73842efb5a0a9670f8770f3,delivered,2017-12-01 20:24:52,2017-12-01 21:24:01,2017-12-13 19:16:36,2017-12-22 18:08:58,2018-01-08,4ea1efc2c927f7ea12efc43e03920cc6,2017-12-01
e95de39b06926e7e123cb18e3a99dbf7,1e02ab3ce71522db7370acdae82e6b64,delivered,2017-11-24 07:23:43,2017-11-24 07:32:24,2017-11-29 17:37:25,2017-12-11 14:58:38,2017-12-14,84881b81efe0ab121a717facb12192c6,2017-11-24
7ac7aa6251f124754c968e2a83346b96,215c61c4b363ec63da749d67a6b6bd59,delivered,2018-06-11 19:23:28,2018-06-12 04:35:42,2018-06-12 14:02:00,2018-06-13 19:57:52,2018-06-20,073f5b5e594a5dc257fe9592e981f2bb,2018-06-11
b13cadb185f2bb978f8d4395bbdb496a,de20529d4629622a69496c7a396fa573,delivered,2018-06-23 12:21:42,2018-06-23 12:34:57,2018-06-25 13:18:00,2018-06-28 13:28:45,2018-07-19,2656acc19a9b28f5d5eede0e842e5cfc,2018-06-23
8704f37bae751578cdec362f48c61232,262d7e8f0907b9d31c145b04e46d6a5e,delivered,2017-12-13 21:19:54,2017-12-14 07:12:37,2017-12-14 23:42:43,2017-12-22 18:24:57,2018-01-08,d40e8584dac0d6c2416addde5c01c89e,2017-12-13
4134453ac6de03395610be89e3e305c2,98b731f8c2cb8048f3c7cdcab2b28857,delivered,2018-04-07 11:47:56,2018-04-07 12:08:19,2018-04-10 23:37:44,2018-04-16 15:28:38,2018-04-25,7040c508baf9d834baf9373e8307d1d5,2018-04-07
b469d27d92d32ac0ddb615a295f2e9c4,c941ef68ec553525cb764b07bfd3d650,delivered,2018-06-06 14:14:13,2018-06-06 14:35:36,2018-06-06 14:37:00,2018-06-07 23:12:20,2018-07-03,99e17a94840d9a36f5964d3650e59ff1,2018-06-06
3b8163585696cb14f0e7c8183bb91339,596115f3401ce7826f03ca7c3d81392a,delivered,2017-11-09 20:11:46,2017-11-10 20:27:03,2017-11-14 14:50:21,2017-11-18 16:03:03,2017-11-30,0dd643f968d1268457ca7311eb347e74,2017-11-09
66a4f881071503b0efc571b88e98b201,978390b7c4973537ff9cf45bb02c238f,delivered,2017-08-18 16:36:40,2017-08-18 17:04:52,2017-08-21 14:15:39,2017-08-29 22:03:12,2017-09-12,33887cae10d5a86000667cd000c14074,2017-08-18
ec16409eb3a4bea9c172e550736b8520,5dfe4507f0c131cc7ffe946826effcd3,delivered,2017-11-23 09:48:16,2017-11-23 10:10:58,2017-11-24 18:33:08,2017-12-05 22:15:15,2017-12-20,b1d80bd715992c390493b754fa25e8d2,2017-11-23
5c56c7880cf0e335803dca7a7605b5a4,9ac12e07662978499ada1939080a0ea0,delivered,2017-11-28 11:39:54,2017-11-28 11:58:35,2017-11-29 22:03:32,2017-12-12 01:53:20,2017-12-19,9299ed5c5670091d97ff6c331641a877,2017-11-28
3dc3012f8b35d3e48e9a5537d549986f,3f4e232392aebfd6eba1b4e785120bf4,delivered,2017-04-19 20:41:13,2017-04-19 20:50:19,2017-04-20 14:47:34,2017-05-10 10:33:43,2017-05-11,0eb05d144016b81ff1ab9ebb6260234c,2017-04-19
c3aaf1005cc94a2f5efdf91212caa0b0,5c2462d7cb2ace0d8725188fbdcafb8d,delivered,2018-04-22 08:13:03,2018-04-24 17:27:25,2018-04-26 08:19:00,2018-05-07 12:08:35,2018-05-23,19e6d7335d209adfcdfce3210b7f6433,2018-04-22
77a2e7c36ffbd077e377bba2f76eec9f,22ec2f799a051918197fc8e40b1c32d9,delivered,2018-01-30 06:31:48,2018-01-30 06:53:08,2018-02-02 02:41:10,2018-02-25 14:45:00,2018-03-02,ed29a1f112ce673bb00c0fd3304042a3,2018-01-30
9690a873af5482db61b7058fa595dd66,d51275c3f827119f0c5ef28ea4709b66,delivered,2018-01-16 04:58:18,2018-01-17 03:38:55,2018-01-20 00:48:28,2018-02-05 18:48:28,2018-02-20,82495c4e3eaca10a35327087d80beab6,2018-01-16
d488e23d53c0d0e97d2e7ad942e5ecde,e2f3bdd671302392256e51000b2bd84d,delivered,2018-05-07 11:44:26,2018-05-07 18:10:15,2018-05-09 13:58:00,2018-05-28 21:07:02,2018-05-30,4978a65a3d0076a7c0e99a8d4734516e,2018-05-07
c681ff4f379711268d40128c1c2156a2,c0e06ed119571f26636e79f93bc2c03a,delivered,2018-01-25 15:12:28,2018-01-26 21:58:38,2018-01-29 22:35:48,2018-02-05 18:48:32,2018-02-21,171a4702adffb3df216c93172fbe9c03,2018-01-25
4610355b7b9a4c4d4c176acaf273b7e2,cbc69ea8e3b1fdb3cbc421f7d3f72fc1,delivered,2017-05-11 10:17:37,2017-05-11 10:25:23,2017-05-16 11:22:31,2017-05-24 08:37:41,2017-06-05,e8c460b5205d1bf57563df974affcb78,2017-05-11
801314f233a6117edb05a2c9dec436db,ae97ff778d5b40f6848124bdfed21ae8,delivered,2018-04-30 09:20:24,2018-04-30 09:35:54,2018-04-30 15:24:00,2018-05-03 16:38:38,2018-05-15,92dad797c35a05214b4ffcf93952aaa8,2018-04-30
a17a8c999619b6b4a7aec9d534cd56f2,c92a01ce2c9436e5473dba82a852c409,delivered,2018-05-16 14:45:27,2018-05-16 15:17:54,2018-05-17 14:38:00,2018-06-04 17:48:57,2018-06-14,70b038f999b07ddfd4e36081d4adee6d,2018-05-16
94b85615d0bf9757c6a3b1a20be1a9cf,5738d0a3932e3ae32a2169b9040e5c0b,shipped,2018-05-14 09:17:04,2018-05-14 09:32:25,2018-05-17 14:11:00,,2018-06-04,35a1e3dc12ca1b9f2fca417827fd6183,2018-05-14
613aa65ab0ca25bcfc8ce3812cafae2d,b86db8a0e327bc29efcf285830f21dfd,delivered,2018-06-22 21:10:38,2018-06-22 21:58:26,2018-06-25 12:44:00,2018-06-27 11:06:42,2018-07-20,de72450bfd5f94f2de83ad70e4362a04,2018-06-22
98e109d3f1db912647c2140cdee13836,018447394d87c7921d8ee1fb40d91d90,delivered,2018-08-19 20:04:32,2018-08-20 13:10:11,2018-08-21 15:01:00,2018-08-30 18:41:55,2018-09-05,c38af0f4805b67b05b7f6687846d139d,2018-08-19
e6bcb00ca5426e9d00b50f8eeee367c7,2fac2e14733a2deb5e7b5973ff95b115,delivered,2017-06-18 22:02:41,2017-06-18 22:15:29,2017-06-29 16:47:24,2017-07-04 15:50:21,2017-07-14,070faa17ae87e63c0cf50efe8287e913,2017-06-18
af9590febcbcb2c619ddf09330abc567,8346ee415c6478f424a155b23d6dfa5e,delivered,2017-11-10 16:31:07,2017-11-11 02:50:37,2017-11-17 18:26:42,2017-11-25 13:37:05,2017-12-04,34bac84cfbd0ba1da052e4f5b266c80a,2017-11-10
0dd13170e2f12871b1e007e5fcf6e944,2d0f20a9ebf453e188503754e69dd347,delivered,2018-02-27 17:39:57,2018-02-27 18:09:59,2018-03-02 17:56:38,2018-03-28 17:17:37,2018-03-22,a224f1c4191e5ab7a49b8974e81fb9c7,2018-02-27
b04719a0e9a9c2cb394b7ef1f0ec4b01,a3a212b842336eff11f74d947fe2e2a2,delivered,2017-02-09 21:47:48,2017-02-11 02:45:33,2017-02-14 16:41:30,2017-02-16 12:53:58,2017-03-08,8d97fd3bf37905a5c33ccb41331c675b,2017-02-09
302e20550af8f4aa30223f3cabcc14c0,07d1bea83eca0a2a6c133046390947fd,delivered,2018-01-23 13:18:16,2018-01-24 02:52:40,2018-01-24 17:23:28,2018-02-28 14:26:45,2018-02-20,1d900b1ce211e702e4704b1bee5752fc,2018-01-23
d4168014cf49632d19312aa3385b0dbe,12ff77d2365bf35a17bac92290192bde,delivered,2017-12-19 22:38:20,2017-12-19 23:53:15,2017-12-20 22:29:24,2017-12-29 20:15:33,2018-01-17,e6daf33c992e2b3c73e692b916972ab3,2017-12-19
ddde14c0021be582f5f7b9ce86b901d5,119e9171d6aad0a5434d342e81fddc6c,delivered,2017-08-28 23:52:46,2017-08-29 00:45:08,2017-08-30 16:21:38,2017-09-14 13:47:34,2017-09-25,7433185ba44562beaf358c26107efa67,2017-08-28
2141407f2e7978c2b3404404c6485515,e6a35efc433f99dc6254e33e86a2dd42,delivered,2018-06-27 22:20:40,2018-06-27 22:55:13,2018-06-29 14:32:00,2018-07-04 00:18:55,2018-07-20,d1343bc27dac08a865222949f03f261d,2018-06-27
dea87e82c0c86203867522c013b7743b,a72dfdf9a18da0ad52689d418656aa33,delivered,2017-05-22 13:04:57,2017-05-22 13:15:08,2017-05-23 09:46:07,2017-05-26 13:43:09,2017-06-20,91d3cfb7bf03075295fe5debb6f6dc3a,2017-05-22
9460e47bf3fddcb92a2bc8023ae541b2,befe7db992ee0eac08fbf09edf110fec,delivered,2018-08-05 16:31:31,2018-08-05 17:04:17,2018-08-07 15:17:00,2018-08-15 16:08:45,2018-09-12,30d6fa639215a7101b8c5ade4379ef21,2018-08-05
dc5287133fa7ba014e8083e381bf8270,4516041f4a9ae2a667008481d466cbe6,unavailable,2017-11-11 15:50:48,2017-11-14 04:15:29,,,2017-12-04,15aeff5530b46581c43114895c9bcb8c,2017-11-11
afda537d43a9276025c26c4a47347548,717a3a9459f9006f23e24a684be8408b,delivered,2017-07-24 21:38:35,2017-07-26 02:15:23,2017-07-26 16:17:47,2017-08-08 22:31:55,2017-08-25,5203034a29c3d294713bf8ccbd5d05a6,2017-07-24
ca76635b390431657148c4f92d697fe1,a987323541e7aaa37af318af901fbcc7,delivered,2018-08-15 15:35:11,2018-08-15 20:38:01,2018-08-16 13:59:00,2018-08-21 22:24:42,2018-09-03,8d9f557a025b97cd9a2fc782a97111ea,2018-08-15
117555989192fd7b3694c3acaa2bf0b4,7e91cf1ec108d97aa0f276f4c9df8c58,delivered,2017-04-06 19:40:40,2017-04-08 02:50:35,2017-04-12 16:07:33,2017-04-19 13:38:41,2017-05-09,56182a3fa247eeb071d511e046fa5309,2017-04-06
cdf9aa68e72324eeb25c7de974696ee2,272b46feddddc51904608ddd90feee33,delivered,2017-12-13 14:59:45,2017-12-13 15:07:23,2017-12-14 17:37:13,2017-12-22 12:49:55,2018-01-15,485fa1b8db05ed6fa0062ece4ce80d2e,2017-12-13
942fe6d25e56d372d2f6b5243d900ba5,ba9138e8cc38396b456615cdb000d90c,delivered,2017-08-28 16:19:56,2017-08-28 16:30:21,2017-08-29 19:53:01,2017-09-01 13:33:57,2017-09-26,e39e421b06cf25c423681cf58e943d34,2017-08-28
f1a616a394737d1454797dc162758454,26b68bc7d54ca728caeeeaf3cbc97827,delivered,2018-06-19 12:31:24,2018-06-19 12:58:11,2018-06-19 15:14:00,2018-06-23 17:58:48,2018-07-27,33206599c83f2cc41652ca68911cbdc1,2018-06-19
162dfc51ca1b437a56f199501bc7fbda,b0d9b06c52065e10e6dde42ebf6dd9fa,delivered,2018-04-04 08:13:01,2018-04-05 02:28:08,2018-04-05 20:12:53,2018-04-24 17:47:02,2018-04-24,b01d207a038e2e22b2f6eba47d3c92dd,2018-04-04
71435a06cf53842e055368f881a38b61,90dae71880786651d4e29dd2b56a54e0,delivered,2018-07-25 15:40:26,2018-07-25 15:55:10,2018-07-25 14:38:00,2018-07-28 18:46:39,2018-08-10,a7a03ae54870596f7aab41303a10d9bd,2018-07-25
565d193549c110156821ab4e05cb6240,5b68d641f6f6cf9920a7010d6a7cd755,delivered,2018-03-04 00:55:20,2018-03-04 01:09:43,2018-03-06 20:37:03,2018-03-09 16:46:35,2018-03-15,56e8e67775f027f5bd332c62e453db24,2018-03-04
21f9a8ce5872071fed94d64a8cf0f0e9,2efb8069d302dc415415902c3739a93f,delivered,2017-05-05 14:31:36,2017-05-06 02:15:51,2017-05-10 15:27:55,2017-05-25 10:03:17,2017-06-09,b43c1a277315331de31c570690050f60,2017-05-05
fb7f4f9f554fcd3ae98197ab5e81bb53,4013377bc64e177fbd641283c8f7bbd4,delivered,2018-07-23 17:07:05,2018-07-24 08:31:42,2018-07-25 14:24:00,2018-07-26 17:17:51,2018-07-31,544aff99ce0bffd8ea651406fbce1a41,2018-07-23
a1c70b0fa5138bdf9bea3d78cabdf659,3638a3325d0a96fa162961de63103f7b,delivered,2017-06-20 10:31:34,2017-06-20 10:45:12,2017-06-27 16:37:54,2017-07-13 19:57:53,2017-07-14,297fab71cc5569457eceb1d47ef3f497,2017-06-20
66ae6acee37f14260ca1e5b716563c1d,56b9e0cc006e93990785d891e836aa83,delivered,2017-08-30 14:47:37,2017-08-30 15:04:39,2017-09-04 21:21:49,2017-09-15 20:03:50,2017-09-29,bdfc69088acb8fa55f52fb37bdf087a0,2017-08-30
80f979599cc3bf88a0d1e1e8ed6a809b,cd0dbdf1e0c62296278fbf3133949247,delivered,2017-05-24 00:03:44,2017-05-24 01:25:25,2017-05-24 14:42:46,2017-06-07 14:12:26,2017-06-22,eb99009d1598d945ae06b4e5f761cd8a,2017-05-24
cc3336764b2bc18f4eaa8f17f86bfd53,bddabc9e266194149ea15a62de9e55a8,delivered,2017-06-11 17:43:18,2017-06-11 17:55:17,2017-06-13 10:09:27,2017-06-17 13:18:43,2017-06-29,64d2e33a3fe2eedf9cbe7a33ebf00270,2017-06-11
e4d07b09a7d7d1c61e31063438ce6e14,859cd8639232f2c23c96004b82df83f8,delivered,2018-05-16 10:10:32,2018-05-16 10:37:25,2018-05-17 11:32:00,2018-06-05 21:04:26,2018-06-14,b8b4ce7c4a0d8dc4b9de375ca40c3657,2018-05-16
f20750eceab3ceac5ce19312fd1a12e7,31da376c4c7b0521c09dd837f634f0bb,delivered,2018-04-18 08:26:37,2018-04-18 09:11:32,2018-04-20 16:34:59,2018-04-23 22:07:48,2018-05-07,4d2ea1640c539a0b2735d29f11a6e409,2018-04-18
73b89ce5c0496124b1f1a2850a0bcfae,2d6301078516b5eeb178587aa089841c,delivered,2017-08-08 14:39:34,2017-08-08 17:38:07,2017-08-09 18:47:14,2017-08-22 16:33:21,2017-09-01,a2ccecfe739bd1ecef99dbaf1e3b4422,2017-08-08
3c5c2cfeea91d9a57ac3c979ec6c9d62,d5074eadf84056c1ffc555aa27846171,delivered,2017-09-08 00:05:48,2017-09-08 00:25:26,2017-09-11 20:45:06,2017-09-21 18:53:34,2017-10-16,6576977872dd65f5b680e944afe3a724,2017-09-08
8bd13dbc62dab9ed07245c7ea355174a,910b83416543090fce576c3a995dac2e,delivered,2018-04-29 00:47:19,2018-04-29 02:15:12,2018-05-10 15:31:00,2018-05-16 17:38:52,2018-05-25,6f87940db2e1c0181e63db3092c668c4,2018-04-29
a4bebb3e6a897abebb5afdb45e4c710e,577c74c217aca976789bb195b3f57b20,delivered,2018-04-24 19:09:29,2018-04-24 19:29:30,2018-04-25 15:16:00,2018-05-02 15:41:57,2018-05-18,5df965623d1660997481fff0d480e70b,2018-04-24
07d35f516238db3cf2e71da57744922d,6b9c954ac26835161d0f34df89ca1175,delivered,2018-02-04 12:11:39,2018-02-04 12:31:42,2018-02-15 22:58:58,2018-02-21 18:29:17,2018-03-01,50ec8b3270b283cd2e3795d744932c3f,2018-02-04
f29282bc8841ae8bcb88e357e9a32c57,6fe3e86aaffe0c52d238e4f89950ac1e,delivered,2017-12-02 15:11:46,2017-12-02 15:38:07,2017-12-04 18:30:11,2017-12-20 21:09:46,2018-01-04,3543bfa56514a2ca65d2f2a7470e3ea7,2017-12-02
651b7b5c39ef65afb938cb9dc649b850,12eb34d4bad35bc05413ad9372c24b81,delivered,2017-11-25 22:32:05,2017-11-25 22:53:43,2017-11-30 15:48:58,2017-12-15 23:36:52,2017-12-27,597490bab3fe32f76963b049cf3eef83,2017-11-25
5f3d74501be6759a29c874abc7442048,f34f65770fa4ed98ee4adfe53eead50a,delivered,2017-12-12 21:41:07,2017-12-12 21:53:30,2017-12-13 17:19:36,2017-12-14 23:48:46,2017-12-29,649abf93e5d7e2c1695579caf7fc372f,2017-12-12
eb49a7916a6668a17d85eac9a7b73a18,b16623490956836285bed777c5e5c16f,delivered,2017-03-24 11:33:58,2017-03-24 11:45:11,2017-03-31 07:55:58,2017-04-04 11:22:06,2017-04-19,5f8fe54216ecb4a63a21c6ef3a16e72a,2017-03-24
b74bc3b933611bea834fda513928328e,d9e02253975d2de2009e95eb19bd9681,delivered,2018-01-29 13:36:45,2018-01-29 13:57:08,2018-01-30 20:38:00,2018-02-08 20:52:38,2018-02-20,835633031f4628479e99b6504642a496,2018-01-29
1cfb210fdaf81f98065605323fe31fa3,7d35377fa3e76abaa30c36099cdc7ff5,delivered,2017-12-04 14:45:18,2017-12-04 17:08:29,2017-12-08 22:41:26,2018-01-10 17:59:10,2018-01-02,d9b47b30b869af9e139bec926d0b57f9,2017-12-04
6da6cf03f09e5b28013185aff13ba6f8,8915665d20d98e8f92b724593bd3297b,delivered,2018-03-02 16:54:16,2018-03-02 17:10:50,2018-03-05 19:29:27,2018-03-06 21:10:15,2018-03-14,54a22a0d776f341e79356ad4a761aa81,2018-03-02
4105ca90d9e907e648f52d22593d140c,110a427df61d69706898e38858e075e0,delivered,2017-10-13 16:03:24,2017-10-13 16:30:39,2017-10-18 20:14:03,2017-10-20 21:06:48,2017-11-03,f47682126093159a82bcb0062814653a,2017-10-13
0cb67a1f07ecacac318a6eb35cf4928f,397f66d3001437d1499712eb4e2c8583,delivered,2018-06-09 06:23:04,2018-06-09 06:35:09,2018-06-09 09:47:00,2018-06-18 17:32:53,2018-07-27,577280430724633ce1a5e40af4383efd,2018-06-09
318160e821f4c754080f46f95afc1ded,1f71fab0d389e193f5162fde6227fb2b,delivered,2017-10-17 00:34:56,2017-10-18 02:49:49,2017-10-18 18:10:18,2017-10-30 20:16:37,2017-11-10,27517ed34c0406fe07b3a806e33cbc10,2017-10-17
6d1f16f4ed292206fbeedf3b44e0ceb3,c6e541df5fc7e101c333f2294d63b052,delivered,2018-07-01 14:15:20,2018-07-05 16:07:28,2018-07-03 19:26:00,2018-07-04 22:12:51,2018-07-16,4a4bda06e9a59aef06227b39ff05b36a,2018-07-01
09a12008dce38051d0f39f922b380e05,485a077ad2a0a1d77ab724863b2f50fc,delivered,2017-05-13 00:47:43,2017-05-13 01:03:30,2017-05-17 13:52:41,2017-05-23 10:55:47,2017-06-02,13b22209d84e4226957f4e4f6419bb3a,2017-05-13
aa7499316c24f7c2126ba470534e1ca7,5ddbfe234c5712f2da02f171c1788783,delivered,2017-11-24 13:19:07,2017-11-24 15:33:24,2017-11-25 11:47:10,2017-12-11 16:33:31,2017-12-14,5805cee6b0a24ef61240799512ddcfb9,2017-11-24
b6502edb6fe39f81f15fd2e42c725ed6,19625deff53ddd7ae31428185b7469e8,delivered,2017-10-08 21:50:19,2017-10-10 04:14:13,2017-10-10 19:17:02,2017-10-18 20:43:57,2017-11-01,bfd5e9e9f6246577ca73fa034de44b4c,2017-10-08
71d1754603b8b9def8a3484a67d5ca3c,f8b8b0008f7233f675ddf06d3da2a7fa,delivered,2018-08-17 19:11:20,2018-08-18 19:09:46,2018-08-21 08:10:00,2018-08-28 19:04:39,2018-08-30,ee9224970111add5cbc664c40144bbd2,2018-08-17
3196a24fc5b538fda8fa7664e74c411d,90bdbd31cdcae315cacf03845a466245,delivered,2017-11-24 13:15:26,2017-11-25 04:54:42,2017-11-30 23:48:37,2017-12-08 14:57:34,2017-12-14,0e4cb268bd62da7db135af6349b4fc2a,2017-11-24
2b091bda8d69a64119fa4ec34147f946,9097e442e65d053fa4a3540c362a8cc9,delivered,2018-03-13 13:06:22,2018-03-13 14:09:14,2018-03-15 23:04:52,2018-03-23 02:08:36,2018-04-13,077429d0b4ec15bbada7d1317f67273f,2018-03-13
a7f28fe443db7fc7f6f79297e3a18923,615d41b291075c1c126f20c616625a12,delivered,2018-01-26 11:53:56,2018-01-27 11:56:31,2018-01-29 19:11:59,2018-02-07 11:14:23,2018-02-20,b388ef1fc20ac12fa9fb8bd448d2f961,2018-01-26
6f497c40431d5fb0cfbd6c943dd29215,5beb36d1757aa17a044222a7d79b9820,delivered,2017-04-01 14:26:15,2017-04-04 05:55:32,2017-04-04 16:19:49,2017-04-06 14:53:18,2017-04-27,20b4eaef2100b061787764c2cba43541,2017-04-01
cc0f9e4057df851c6911641bf7ea0459,5209b05b5563ed01606cc30cadd672d2,delivered,2017-12-11 19:18:09,2017-12-11 19:30:54,2017-12-22 18:22:49,2018-01-08 19:32:36,2018-01-22,fe0020317bc13c518a6f5bf52c80d31d,2017-12-11
9fa4ce47e1ab92d83988552a89dc3ed8,ed0ff7e1e92ab6fcd67f435c1baeb562,shipped,2017-07-17 17:39:21,2017-07-17 17:50:14,2017-07-20 17:12:34,,2017-08-18,55488f8b90d7ef22a2ef74042a94685a,2017-07-17
5d9fde36e9b14f9c646577bb073b1486,ffed5d4f6245fe13cd57054621eec36a,delivered,2018-02-21 17:27:58,2018-02-22 02:10:26,2018-02-27 17:05:12,2018-02-28 22:25:06,2018-03-07,01ba3180d3c6e7a6e269c5a542985423,2018-02-21
1cde9001045df230785548237295c58b,c8bbe53cb751f3c380c8ac856f857b55,delivered,2018-02-09 18:03:47,2018-02-10 18:15:22,2018-02-15 16:43:02,2018-02-17 15:03:11,2018-02-23,3300501afe84f34094fb76684b90bdbd,2018-02-09
07b632a4645a2dba01074abfe4f34c4b,8a7610d26708795a04d4322e018f7f06,delivered,2017-09-18 11:33:17,2017-09-18 11:43:59,2017-09-18 20:37:00,2017-09-19 22:24:52,2017-09-28,535f2fdfff2af875ed0f4192e303ca76,2017-09-18
01c391e962558d0793e8dd8f6bad0999,54f4686e731120a05f1b88deebcfd894,delivered,2018-02-26 11:19:59,2018-02-26 11:35:26,2018-02-27 23:23:54,2018-03-14 14:02:50,2018-03-20,d9fd5d3e285095887e96c40369cfd588,2018-02-26
a951336e450bb85ef1cd906edbcbb270,ffd294eea523f67ee8c743d3a904ee20,delivered,2017-08-16 11:04:41,2017-08-16 11:35:47,2017-08-17 22:06:44,2017-09-08 14:37:59,2017-09-20,f4b8c62563542dad472e6868bf8267cc,2017-08-16
59798edc300f7563a9bdf18b2740def9,be1abfd06882c0ee1d45b976da59a494,unavailable,2017-07-05 19:06:19,2017-07-05 19:23:18,,,2017-07-27,e8e76b99c4deb6dd66ace26de01e426b,2017-07-05
b5572b1a9c58d00d3ad345667cd3a0de,a376d33e913d46ab63dc70ed9153a1b8,delivered,2018-03-13 13:51:27,2018-03-14 02:48:21,2018-03-16 01:08:38,2018-04-14 00:04:41,2018-04-09,c17dec01473d89441bb6a93fcb58e663,2018-03-13
c78d3864787e5e72f651722a8858d8b6,5ef22afa3412353bb66859d444af4dc8,delivered,2018-04-29 09:46:52,2018-04-29 11:52:00,2018-04-30 16:40:00,2018-05-04 13:41:54,2018-05-23,bb4cc6cb97b16d1d71982ec0057778c5,2018-04-29
1aebe3f95567c145e96f6139896e6ea6,a0a09af67bd6ab129e9d5a131f750f9c,delivered,2018-04-24 20:00:51,2018-04-24 20:15:12,2018-04-30 11:33:00,2018-05-07 19:02:49,2018-05-17,77a00465cf641d4c2160e40c247305a1,2018-04-24
c370da0f0fd81902eafd8ed8fbc86804,2dbef7c4fd8693011193adc8ae646272,delivered,2018-05-18 12:04:49,2018-05-18 13:05:34,2018-05-21 18:27:00,2018-05-29 22:51:15,2018-06-04,9c8c4083662be572f6bb390ae17ebd9e,2018-05-18
e13c1d62d9e04a895432ca001f2eda3a,adb818b198a6b8c7286bb9033f7c845e,delivered,2017-06-13 15:49:59,2017-06-13 16:05:33,2017-06-19 19:51:23,2017-06-22 17:02:47,2017-06-29,985afdaf5b848b75bac6a64779632687,2017-06-13
7752cfbc93594ff73fd8b59c616c4be7,f948127c1046ac5b25e3a009988c2b6a,delivered,2017-04-26 13:31:30,2017-04-26 13:42:28,2017-05-16 12:18:15,2017-05-18 07:30:04,2017-05-18,41e8c1fa9e9fa7279bef1f0dbcfe377c,2017-04-26
a5a9c92813961bdaade1939c699dbcc6,8b29e147ab899cbad8c60f9b054de19c,delivered,2017-10-28 12:12:48,2017-10-28 12:45:41,2017-10-30 19:55:47,2017-11-04 15:06:44,2017-11-13,c0be5113a45631a8e8a6f43e11dbd4b3,2017-10-28
0e8b6c11a73010fcf68119448a6182cb,121c6e0fb5e68761d78dd726a77e9047,delivered,2018-03-14 10:56:58,2018-03-14 11:15:45,2018-03-15 21:32:20,2018-03-16 13:28:28,2018-03-28,ad6e470bbf6ffdf49e9e1a709f964567,2018-03-14
37279733a7619c85ddb78e515811e665,e50c141902b23ec63f8b407c3c037b9a,delivered,2017-12-08 16:40:10,2017-12-08 16:54:51,2017-12-12 00:09:10,2017-12-26 16:19:59,2018-01-10,fdce081fd53442481da6b078d4fe814e,2017-12-08
dbe8fba9c7020282d2cf4a214f28a256,0e5a48a44a1fe17dc499eac5a8a72306,delivered,2018-08-01 21:38:52,2018-08-02 05:30:57,2018-08-10 15:41:00,2018-08-21 20:12:50,2018-08-28,ad1b3b08e95d4a77225285756f2b589c,2018-08-01
b5a04f1a99c4f9be971027e0ee021f95,95faada93c141da94079a8ec0965d02d,delivered,2018-02-08 23:32:36,2018-02-08 23:47:55,2018-02-10 00:28:42,2018-02-19 16:04:26,2018-03-12,85449f7184b852386381c5a31d2a6a00,2018-02-08
cef8a99d7dd7e35db1b3211b258b6550,c8660ee878b885629d78660691d2e8a7,delivered,2017-11-24 18:23:13,2017-11-24 21:36:16,2017-11-27 22:46:55,2017-12-07 22:22:42,2017-12-18,1ddb605c19314d9c694f40f8beab7990,2017-11-24
401485117f5375fd119981d95deb2303,517e52d7ed2da8ca45a5d8db2d7d9aca,delivered,2017-07-31 21:44:36,2017-08-01 09:05:15,2017-08-04 20:53:51,2017-08-15 16:29:49,2017-08-23,911f6c3b8b102ce320075dc43a8ada48,2017-07-31
ef5884d6401ac5bac05aadff9f2aae89,f4042a82b25cc987d5f56c4828af5d10,delivered,2018-08-23 21:39:21,2018-08-23 21:50:14,2018-08-24 13:27:00,2018-08-30 23:05:40,2018-08-30,16577b65534869415cb95befa8375f35,2018-08-23
04cb4d9e4f236cd2d6d42de8f1eea4ae,0c63c9530d251ecd4dcb350537e9ed6f,delivered,2017-05-23 08:48:23,2017-05-23 09:02:41,2017-05-23 10:01:34,2017-06-01 11:40:13,2017-06-22,618671719446aad2d578f97b9cfa915f,2017-05-23
119060af27b04f5fae8b2b0e27eef7f9,00c5b008c1465e327578fdacf185ccfa,delivered,2018-06-11 14:34:47,2018-06-12 09:31:54,2018-06-11 12:45:00,2018-06-14 22:18:58,2018-07-05,ccd9fc8fd74bc87817d864a5dfc1bf1d,2018-06-11
2590e980b10a80b8a69f0120addc6590,63b69c94f2e6d9c7d3ffe290601c526c,delivered,2017-07-17 17:34:59,2017-07-17 17:45:16,2017-07-20 17:42:18,2017-07-27 22:26:38,2017-08-08,80d9444e7cfcfd1288df2888c741cca3,2017-07-17
f07ffa8133ca1dcbc015a9c0ee98c872,a4eba83fdbc203894a86afba0bc15269,delivered,2018-02-13 10:15:52,2018-02-13 11:00:21,2018-02-19 19:08:36,2018-03-23 18:28:53,2018-03-15,695bbb3da4afc645d1f16657ae1bfc9f,2018-02-13
15ec221740e9cec424172caef8dbeeab,d5da921c053c5be5b56d704563f216d9,delivered,2018-04-25 14:33:31,2018-04-25 14:51:39,2018-04-26 14:17:00,2018-05-02 22:26:55,2018-05-15,eca43c4fb073fb0c0ad04bdfb1b11c2b,2018-04-25
4fe6cee06467399353cf7a3068d59064,40dac0b6e0b4a82845bdfcf014e84517,delivered,2018-08-02 12:07:11,2018-08-02 18:23:55,2018-08-03 16:17:00,2018-08-10 20:20:59,2018-08-23,33d7730adc49d5d0b8d9095b5c776d4e,2018-08-02
3aa0a75931f649d9e3e83aaa9d6a95e7,a2ddc0fbb3e8827c322579d6124b0c6c,shipped,2017-01-14 21:56:03,2017-01-14 22:10:18,2017-01-18 17:58:03,,2017-03-08,ff9b8e5654b51a827582daf1051b1918,2017-01-14
f605124d27f2e57fff4d4555277d0dbd,01a672f8689f3c466770ff1883deabe5,delivered,2018-08-16 09:08:23,2018-08-17 03:29:46,2018-08-17 12:49:00,2018-08-22 23:38:40,2018-08-30,6e2fa574b5d96d05551f67cff12f7a54,2018-08-16
92403e7845bd4b2d3d51719fcdde71ca,0fa9101520f0367a281d381dc47e8957,delivered,2017-12-10 20:25:27,2017-12-10 20:32:43,2017-12-12 18:18:53,2017-12-14 22:22:55,2017-12-28,44bbbf169e878d23d671c41ded80fb09,2017-12-10
cc3ab641e31e8e235693965d26a49ce4,c30b73483ee7bbfaf54085bd3aec4c9d,delivered,2018-05-07 19:35:07,2018-05-07 19:55:14,2018-05-08 15:15:00,2018-05-15 13:56:46,2018-06-06,143087becc2885c4adcbd475502a9f40,2018-05-07
85ee0b549c2d6696190c17f5b9be6991,2f78ef832d692748084dce34b2386d99,delivered,2018-03-19 17:25:53,2018-03-19 17:55:43,2018-03-23 23:18:57,2018-05-04 12:58:45,2018-04-18,f362df122b464975105a55a9ec62c241,2018-03-19
db52d0bad6e4192503aaeea87004ed6a,f0331bc1c4f9bb06fcbb14170f225284,delivered,2018-03-04 21:38:45,2018-03-04 21:50:29,2018-03-10 15:03:17,2018-04-03 20:52:47,2018-04-02,ed8c8bc9940261780b4fc1fb2129e55f,2018-03-04
0ae449254770bfec75a99b8d804e5b10,a89e53e23892b105599b8701f6353a5a,delivered,2017-09-11 20:35:49,2017-09-13 03:24:49,2017-09-13 17:12:04,2017-09-21 02:35:39,2017-09-28,3e2e0129ccee0dbc042204185452ab8d,2017-09-11
a767765cf25c6fcfd8307499da9205d2,8634716353031b0f8a834143916f9004,delivered,2017-08-05 18:36:12,2017-08-05 18:50:18,2017-08-08 20:49:46,2017-08-15 12:15:27,2017-08-30,5451e457f0e33f281ff9214c06691cb4,2017-08-05
4087849bcc671e4fd0e10770daa7bff2,927cd6e9fc974a3b4e48db435890ed8c,delivered,2018-05-25 22:07:54,2018-05-25 22:32:38,2018-05-28 13:56:00,2018-06-04 17:03:27,2018-06-26,13cee990a85633da28745ac856b76704,2018-05-25
0c311ce5790eb3a82cfaf0ab40840730,c99b00c3b4053a8a6159264ad625dea6,delivered,2017-08-13 09:13:02,2017-08-13 09:25:09,2017-08-14 15:11:46,2017-08-18 18:32:12,2017-08-30,73598046f1a96a0270bd36b6cfaa4624,2017-08-13
09cd0ef00759c25af3a62b31366074bb,aa5e341090958e5111abe3ba75bcfe87,delivered,2018-03-16 08:37:00,2018-03-16 09:07:15,2018-03-21 21:48:48,2018-04-24 15:52:57,2018-04-16,27e41bb481c6beb578b086dd0149992f,2018-03-16
d2875d0fcdf781a26064f20e778831b7,79d0eed454d5d063bb319ade0609434a,delivered,2017-08-29 20:08:13,2017-08-29 20:30:14,2017-08-31 11:07:46,2017-09-05 21:49:39,2017-09-21,3bcdeb71ecf69f400bae61d44e02a9d2,2017-08-29
28583c5f21217c9d51f9578b37a4b224,de7e11286b6aa5ad93fc02addbb32387,delivered,2017-05-25 09:46:06,2017-05-25 10:03:00,2017-05-31 16:00:28,2017-06-14 15:16:06,2017-06-19,701456b03aecc8f52bb08abd823f75a2,2017-05-25
aca2704c3ed5037a3b1c73eeea1ec038,b3e5565254cee458cd39deaf6337e519,delivered,2018-01-27 10:44:37,2018-01-30 04:31:21,2018-01-30 18:43:13,2018-02-19 19:51:22,2018-03-02,738a17042c83a30297ca6ed2972ad921,2018-01-27
e892eede814b151cc44aa21a6ecd1200,8854083a82a0c4ce4cd3d62fd6103645,delivered,2018-04-23 11:07:45,2018-04-24 18:45:44,2018-04-24 22:08:51,2018-05-01 01:58:38,2018-05-17,502fd308516b144f6a7c12467cca9731,2018-04-23
6ef6c0a23f7f0b6bbe9dfbc5f22b56c6,899400096395390baa4eee908a55dd73,delivered,2018-08-17 11:48:24,2018-08-21 04:50:20,2018-08-24 13:09:00,2018-08-27 20:28:51,2018-08-27,c03a02db01b0695c85f62cece882f3ba,2018-08-17
785ed304440ca3ec9d982f8bde46fc54,b0fada20b902133561c8c5f31d3a8b4f,delivered,2017-06-24 16:51:24,2017-06-24 17:05:10,2017-06-26 10:47:11,2017-06-29 15:25:51,2017-07-14,6b3d85d169396b3d51d3da2ea5135f66,2017-06-24
b1d03262cf81d5151e15a73bbde8e22e,66d087bc8114c87ef0f800c00ff2b64d,delivered,2018-03-04 15:38:01,2018-03-04 15:50:33,2018-03-06 22:51:43,2018-03-27 02:18:43,2018-03-28,960bc759291e2b4711d8c6f613349cd6,2018-03-04
482cf1efb88b24b4be018896f7070039,9958b0dbac8db6f853f419d14b29f201,delivered,2018-04-06 17:05:04,2018-04-07 02:48:14,2018-04-12 21:41:21,2018-04-24 20:07:02,2018-05-04,a35831b0bb639254771a18da696e3f40,2018-04-06
c1ccde0003fe02bcbe317d6ca7224419,87f7aa52df0bf228fa5bf39debc47e48,delivered,2017-12-05 16:22:07,2017-12-05 16:43:23,2017-12-06 16:55:20,2017-12-11 20:38:35,2018-01-04,3bfab9c819dc90972418b141ef1f29b9,2017-12-05
461e8275deb25e6d0a664125a07d3c21,31dd6b1c9b6c27e774c03bd264a29bf1,delivered,2018-05-19 14:25:25,2018-05-19 14:59:42,2018-05-21 15:25:00,2018-06-01 20:46:39,2018-06-06,c4c1e77ef5eef4f7c9e4e6ca06395f13,2018-05-19
bc19caab81c394331ef10aa92e337c84,9a52582aa7f51386e0fd0dc17623b0a6,delivered,2018-01-11 08:33:36,2018-01-11 08:50:35,2018-01-15 20:12:47,2018-01-26 21:38:32,2018-02-06,68504a3c0f0da60eb7bba35ec4a45df6,2018-01-11
5b14a3d13762f195f8bcefc1c2eb767d,2cfdbfa53cf0e9f4d65280c7bce32bd1,delivered,2018-08-03 14:21:44,2018-08-03 14:35:19,2018-08-03 15:45:00,2018-08-09 18:02:57,2018-09-05,80956442c9929b662ab7991d96772385,2018-08-03
c46a116ac9c84425011f5e56acb66c85,4b5988f858ad9f6e8b3773e13ee2c771,delivered,2018-02-15 19:51:05,2018-02-15 20:26:08,2018-02-16 22:18:28,2018-02-19 23:26:58,2018-03-01,d0be859f85cda9d896ab14e4ffba955d,2018-02-15
94fae7f49cf020b2696defe2380b2ae2,1ac072a16ec81fe233e85ecf6fe60dd1,delivered,2017-12-21 12:59:46,2017-12-21 13:10:27,2017-12-21 23:03:59,2017-12-22 19:48:00,2018-01-10,7e7fd2679cc81b13e0674ec36fe4a21b,2017-12-21
e2343a6b5961225ed50195057bd3254f,bc1d354b27648fc53db1cdc1cc7ff960,delivered,2017-11-14 17:11:39,2017-11-14 17:28:46,2017-11-17 18:38:52,2017-11-26 19:06:51,2017-12-11,479452fc4ecc3bb12ba0ee1fdf69d0ec,2017-11-14
f20cc6ac66becd9a2a6ed1cdff31c383,b905240579340303440e92a1b8b93d16,delivered,2018-01-26 09:44:30,2018-01-26 09:57:26,2018-02-06 00:38:41,2018-02-15 17:21:44,2018-03-06,eddc2346415a981ae382c62f08cb48a8,2018-01-26
3c1bdb3d635a802bc38ca0b87c14f2e5,6d869e6b0b62654adddfa7f8dcc8f2f4,delivered,2018-05-22 09:36:38,2018-05-22 16:58:29,2018-05-23 14:53:00,2018-05-24 18:04:53,2018-06-01,27364ade3735aa4e6883d94ee1c48f44,2018-05-22
cc94a3db006a9dbbf0a57bda0091d616,fae6990545d4a9103b5c9c7dc6b90cbf,delivered,2018-05-13 17:27:41,2018-05-13 17:52:08,2018-05-15 08:57:00,2018-05-16 21:05:44,2018-05-22,621a8f64eb2b310fb4c518fbeef9774b,2018-05-13
057712e71c25f78b04ba3452284c110b,193754de85c4fb8fa230a4da9b125c66,delivered,2017-12-11 16:30:45,2017-12-12 03:50:23,2017-12-14 22:46:11,2018-01-05 19:40:06,2018-01-09,155af62b6c947689a67af5c16acd5c55,2017-12-11
cb7adcbe8f1cc9dfa83f5bd41d81ec8c,34765ff1d45ff574aba9091a0c4ed223,delivered,2018-03-05 11:51:27,2018-03-06 11:55:33,2018-03-09 23:05:04,2018-03-23 20:06:26,2018-03-26,f4002efe3f2ff5f9f323e888b8a6d6eb,2018-03-05
4cdbb26aa0dc8e7179f33edf59722fa8,07de064ec1b736d53124c6275c05fee3,delivered,2018-07-03 19:29:11,2018-07-05 16:32:16,2018-07-04 14:52:00,2018-07-05 18:21:48,2018-07-20,bd723d073dbd7a197adadb1049a08a71,2018-07-03
d8ebb54dcd784b3c09814072db8e36d9,cdc17d8ff181ccde171cc63aa5e6df0b,delivered,2018-05-14 20:55:11,2018-05-15 19:55:25,2018-05-17 14:14:00,2018-06-04 11:06:52,2018-06-13,bf36366705bb86405746e71f105b747b,2018-05-14
9668df5c9cd95343e4c6282f85091924,32960cfa578ed22c98c6c039e9c29861,delivered,2018-05-02 21:06:48,2018-05-02 21:19:04,2018-05-03 13:49:00,2018-05-10 00:58:49,2018-05-24,b03b3e60f7e9dedc0d57b3e8c8d26e60,2018-05-02
5f308941ed9b7d5b0a5031e2929f17eb,91c4f7387cabb1d7057590321645f0bf,delivered,2017-11-25 23:45:18,2017-11-25 23:52:33,2017-11-27 16:17:03,2017-12-19 21:22:58,2018-01-03,aa819ffd42a7a52ddfaee53f024fafdd,2017-11-25
0d2f476fd2a5f059f8b4e36bc04d54ac,82c0faf1ab5df1c5e611354c4ebb2e67,delivered,2018-04-29 16:02:44,2018-04-29 16:15:27,2018-05-02 13:34:00,2018-05-26 18:12:42,2018-05-22,74958a1f33dd60bc1e5f332b32f6d6c6,2018-04-29
09bc4b63b3a1b631632aebe28d64df0a,075bf71fb03ea50d4da3b57efb26ce30,delivered,2018-02-19 00:26:12,2018-02-19 19:20:28,2018-02-20 20:17:06,2018-03-05 23:51:24,2018-03-14,b3a356f839411f38b9d99ada1c1000fd,2018-02-19
d55cd104a6a05987a3b55d39c0e77995,47fb4a430082767909a0bc89fa392fe4,delivered,2017-11-29 18:34:29,2017-11-29 18:49:14,2017-12-02 15:34:44,2018-01-16 17:09:31,2017-12-27,6a234e9bf30fd5642195960a3a374c22,2017-11-29
c70ddc702499e20988c929a93a3f1c57,e43b292cfcb72251dc4d75a8509db504,delivered,2018-01-05 14:56:40,2018-01-05 15:56:24,2018-01-09 18:59:11,2018-01-20 18:48:40,2018-02-16,4c0bac678bfb8ff0becd5b393b45a884,2018-01-05
18a9c1f948e1b0500785565ef4041b85,60294df5bf9dbd29d781ee731e7d5e0c,delivered,2018-06-21 14:18:04,2018-06-22 02:59:08,2018-06-22 13:59:00,2018-06-28 17:50:49,2018-07-17,adff49f8c4d0574ce37b9d2a6d2a7e60,2018-06-21
a103620b14c5f66c4a0f9c14a1327377,67cca9aa6ff6667f1e6fe8d5f180acbb,delivered,2018-07-24 16:30:02,2018-07-26 05:35:12,2018-08-13 16:46:00,2018-08-15 20:08:39,2018-08-15,fe8b8f603b72ea3ae721cafd06ac18e5,2018-07-24
e27da7442d05c49f4fa6388704a81663,e1ff709c0e719a336336dda3828c1aa3,delivered,2017-09-14 00:40:08,2017-09-15 13:55:26,2017-09-18 16:39:58,2017-10-04 21:16:14,2017-10-13,31aa2034dc4b34b06487e22a53b4a07a,2017-09-14
c565668594ff62ffd95ef9f06d90742f,0258b86016655dffa67ff624a6f76130,delivered,2017-03-25 19:29:29,2017-03-25 19:42:07,2017-03-27 19:13:12,2017-04-27 09:28:43,2017-04-18,2e48db33cae072a2306535cb04780dfc,2017-03-25
ed5c9b0b7aad77a4b3c8135892ac52c1,a496c62d3354a4274732d5ad5046c75d,processing,2017-04-11 21:30:10,2017-04-11 21:45:10,,,2017-05-12,568e1051db19b1168ae71bdd8e98262c,2017-04-11
a4ca973673139ab4959c3af923191c91,7cacaf79f19c5449299fb04133d3bd59,delivered,2017-09-16 20:27:30,2017-09-19 03:38:19,2017-09-20 21:02:39,2017-09-29 20:57:37,2017-10-06,cbd08b04b3f301152b7570da5e9c8cc4,2017-09-16
b5c4f14a0dee74d81b66f57da41ef77c,b6e5cac4424fac86b44df6506dc10334,delivered,2018-05-21 11:52:34,2018-05-21 15:06:03,2018-05-22 13:47:00,2018-05-24 01:44:21,2018-05-30,4cf559e0a7081c064403a190f0984939,2018-05-21
78445aad6ec7d2d58ab2c71c98f99957,fac679dba19bccd29e81192e5427a861,delivered,2017-03-07 14:50:59,2017-03-08 15:03:16,2017-03-10 13:02:11,2017-03-15 14:35:07,2017-03-28,2432c58848b4d5e5129a2708db9ee06f,2017-03-07
32bdee71c41b3a7d0426d858a8c2d821,0ede6cfaceabeb80e95c8cdad1886821,delivered,2017-12-30 08:20:07,2017-12-30 08:30:43,2018-01-02 20:41:28,2018-01-09 18:54:54,2018-01-24,96278eb6dace1f0dce1f78d760d5587f,2017-12-30
8fc3ff1d28b1b197058c88cc2d66a07b,e60d2d68c3408aae095b3669023f5aab,delivered,2017-05-08 22:26:43,2017-05-08 22:35:09,2017-05-22 13:58:02,2017-05-26 06:52:00,2017-06-22,03608653642e4fea136e39e9382d74f2,2017-05-08
e1716f3b568b31f585d5c531d45612d7,1313ac78892aefb0a54731597ca260a2,delivered,2018-08-15 12:05:14,2018-08-15 12:15:18,2018-08-16 13:36:00,2018-08-21 20:31:57,2018-08-30,6413a295ea4aa9cd13ee800e6ed9fa6a,2018-08-15
16c54eb283a375b2b1ae9acc7bc80207,abcde2c2a984e64cee117c3d5375f25f,delivered,2017-12-04 10:21:15,2017-12-05 11:23:50,2017-12-11 23:47:09,2017-12-19 18:28:58,2017-12-27,8ba4150a4fafb0077c45a9e03adff561,2017-12-04
218ccc84d9bd2cf98f2bc246f70f91c8,0259f74450d401ec64f87ad25aeab874,delivered,2018-07-24 03:07:49,2018-07-25 02:35:08,2018-07-25 14:29:00,2018-07-30 18:03:12,2018-08-10,c62fa0930905139e2a2f0f8f34fdc302,2018-07-24
c471a28c25283860362c67c0a1cd1694,890d848bc09129ea434222a7e2691708,delivered,2018-01-19 01:35:12,2018-01-19 01:55:28,2018-01-22 19:58:28,2018-01-27 01:08:52,2018-02-22,7589546bbc7e88f68f7ae7ceb5ac80b7,2018-01-19
737a52582de776db2631a7d53cb29eed,3f1dfe685c14112652c1765c32c99b95,delivered,2017-05-29 21:06:17,2017-05-31 06:55:34,2017-06-02 10:51:13,2017-06-08 13:03:33,2017-06-19,2b934c366c12e40e1c6311e4d3a3fbbb,2017-05-29
b76190a2c095fba255ab46987545a660,b15bc400089461a0549f238a6722353f,delivered,2018-01-16 21:55:29,2018-01-17 21:50:25,2018-01-23 22:42:16,2018-01-26 22:52:23,2018-02-06,f491ee1c8b179ef20bf46bf58085b51a,2018-01-16
2e266d1d2bf4cdf6d74ee51b92bab016,b6349bdae88bc7c85c4aeb0cb604dac8,delivered,2018-03-12 22:16:53,2018-03-14 02:50:56,2018-03-15 12:12:42,2018-03-21 13:03:16,2018-04-10,b5d37c728f9ea12eae24f87212cf90fa,2018-03-12
a38dda1569202dafdff4060bf32c811e,2f09f1108ccaedfd8dabcd4956cf863c,delivered,2018-03-21 12:49:21,2018-03-21 12:55:52,2018-03-23 00:40:57,2018-03-31 14:38:34,2018-04-13,f0b78d889ed8f051ab7f1006d9d4ab67,2018-03-21
32c7cc7d74701f67ffcb3b3a888de86c,4a438a83f19e019e648366017858bad5,delivered,2018-07-08 14:12:21,2018-07-09 14:05:18,2018-07-11 13:08:00,2018-07-13 02:31:36,2018-07-23,ae5b077a7ba102a667a435d8bd3a24ec,2018-07-08
f29d4e0699641d77c17eec1fa30099b6,a823dcd9550040aaba9d6602f0d7429f,delivered,2017-12-11 20:36:36,2017-12-11 20:50:54,2017-12-12 16:32:28,2017-12-19 22:23:47,2017-12-28,1552c8806a4784fd114355ecf40e1fb1,2017-12-11
0a11e1f5811dda6f2921ea5b87f67475,e68d2e59d2daddbd8f3c601ef50d987d,delivered,2018-06-05 20:07:43,2018-06-05 20:32:58,2018-06-06 09:05:00,2018-06-14 10:02:09,2018-07-25,d22c8aa90255caa03e87cf259292a70a,2018-06-05
00b4846d477a7baf5d4e47970bc08c7e,fe2b285a4d3936b9a37ff7460a0d403f,delivered,2018-01-22 16:17:31,2018-01-23 03:52:51,2018-01-23 18:51:36,2018-01-30 21:08:52,2018-02-16,7113a50db7ae2bc6f93d766749e5125a,2018-01-22
11579a4d945640c5c3a69f93c0986982,ee8f0c49ed13656cf3210d7b9d8f2532,delivered,2018-02-28 17:02:34,2018-02-28 17:11:05,2018-03-02 00:25:05,2018-03-13 20:04:37,2018-03-27,1389cf690748d665807dddc8a0c4936d,2018-02-28
40eb01ae347825d54e22426e22c5cd32,34a9142cd8fb2a2990cdabf6a94f50fc,delivered,2018-03-04 16:56:04,2018-03-04 17:10:25,2018-03-07 20:08:04,2018-03-16 15:03:24,2018-03-22,cf21b63bb98d1e934343542fcda2b128,2018-03-04
2a103014bffb0e98ec7019d0c7856548,50d46a33c6e173fe8c9dee8b1788a1ba,delivered,2018-02-07 16:44:35,2018-02-08 07:49:38,2018-02-16 22:18:42,2018-03-22 17:08:28,2018-03-15,ebb955e22b93cfdf7648643ce5d5ab02,2018-02-07
eec253358dad1c219d0b7cebcb8d894f,88cc083628b3e67a1ad2c500d3d00459,delivered,2018-05-09 14:02:32,2018-05-09 14:15:23,2018-05-15 16:20:00,2018-05-21 17:08:33,2018-06-07,e4e8abf681b0f14fbd9fd4cd9bb27cb6,2018-05-09
882dd62cfb645823fd2fe550592fd4fa,c12ac6df65e8fd67ae26f138e91aa0e0,delivered,2017-05-23 20:46:50,2017-05-23 20:55:20,2017-05-24 15:45:09,2017-05-30 02:52:29,2017-06-12,4f3b9b59f38f5f7203e462406b8fe320,2017-05-23
36b8a8489ea76d561b88cf2d22bd965b,320e3795378beb3d181653a098b47996,delivered,2018-06-25 22:44:43,2018-06-25 23:12:34,2018-06-26 11:28:00,2018-07-04 20:28:39,2018-07-27,c8bf3f66826d35871ede2b81ddd16389,2018-06-25
137c0b15e7a9356f9ecf5da8ccc5d995,7b433ce132416a12007e29dcb1a01ce9,delivered,2017-08-08 20:07:54,2017-08-10 03:25:24,2017-08-10 19:26:57,2017-08-11 17:41:46,2017-08-21,b0d033df9e6ba67e76b3cd09ea92d506,2017-08-08
5607f0f13187c06655842d7a41b6d109,2203e5ecb8282366f610bf97152820a5,delivered,2018-04-29 19:09:19,2018-04-29 19:35:24,2018-04-30 18:48:00,2018-05-01 13:16:47,2018-05-14,7484f47e432fcc7597a31359773e1964,2018-04-29
8e8937ffd86b20780f8c9ee7bc09357b,d9ae100eb9db1a0209ec7bdb182e743e,delivered,2017-10-22 12:44:15,2017-10-22 12:56:31,2017-10-23 19:29:57,2017-10-24 17:27:53,2017-11-03,7e3c0c5efe033210eb6cc4481a865593,2017-10-22
0394e320572c0048e41267320a28270e,28135fbf5e6fc1254fd50aafee7b02b0,delivered,2017-05-03 11:58:43,2017-05-04 06:35:24,2017-05-04 15:58:09,2017-05-24 20:51:56,2017-06-07,d00ff6cef15542658c3d75742fa2dca8,2017-05-03
5bf84aad38881827341f99a74df1b2be,e6bdb789d2f13fa75af23899bfc3511b,delivered,2017-08-01 11:44:58,2017-08-01 12:03:16,2017-08-02 15:09:57,2017-09-08 15:47:47,2017-09-05,dd34c3ec9e621272eca99fccad0b5e50,2017-08-01
15ef84e2fdba1fb2783ed97832b66820,60246f1a5bacddc1d0e0b946995b6b74,delivered,2017-04-13 00:49:53,2017-04-13 01:05:28,2017-04-15 07:26:52,2017-04-18 12:58:46,2017-05-10,0a06563eb688877be75296fab423c41d,2017-04-13
c943bc78c323d9a46208210c587c2ce4,2f85194b1fd6b4d732bde1d232b172d9,delivered,2018-04-01 19:40:26,2018-04-01 19:50:14,2018-04-03 19:25:55,2018-04-06 20:16:30,2018-04-13,b4bc615bef0bace4fa6f38365fd8a447,2018-04-01
911bdca18557d7d16cfd3964cd603460,30a923e7d770c689424796ae6bfef721,delivered,2017-10-02 14:23:54,2017-10-02 14:35:20,2017-10-03 19:08:57,2017-10-09 21:10:06,2017-10-24,82b1fc619514c098480129a85053e3cf,2017-10-02
db3b94ddef8837c5c780836f80da86c7,201f130e96c1e81beaabb40ad0a62191,delivered,2017-11-04 17:06:18,2017-11-05 17:10:43,2017-11-07 22:11:51,2017-11-17 23:23:32,2017-12-13,9a81c7dc0ab471b009bc6c0b3fd8ec1d,2017-11-04
2299665d9edd455e536eaf31b9cb0493,a3cee2a97bcd7357f8e276c84834d695,delivered,2018-08-11 10:17:55,2018-08-11 10:30:13,2018-08-13 12:23:00,2018-08-20 21:33:29,2018-08-30,2869e1b1f396e46a0cad5f8e640545ff,2018-08-11
66737528e19fe69a6a29f050128c51d3,825c3e6abb57bc070f488aa9638fa008,delivered,2018-01-23 18:13:08,2018-01-23 18:38:29,2018-01-25 19:15:10,2018-02-03 01:28:59,2018-03-02,7e75cb692d1003162e2ff993fed808cd,2018-01-23
32e229fa77e1933548f2304a2b4d7dc7,b114ab74ecfcb840843a672ae5c43072,delivered,2017-10-04 17:49:29,2017-10-04 18:04:30,2017-10-06 19:41:16,2017-10-17 17:38:45,2017-10-27,99e5b2c07ade040f4892f8e7294fccc7,2017-10-04
e3d86ff081e92dedbd7b2a87838f0159,baf2116c28c10f4732a0a9494b5e72a6,delivered,2017-12-22 14:39:24,2017-12-22 14:57:29,2018-01-11 23:09:35,2018-01-19 22:32:56,2018-01-26,7111b98337c28d07a49f14665989efd2,2017-12-22
dfaf7d1351211f9eda13848b34364c9f,db39c3b26a6c6256f40c8d74205e8f2f,delivered,2018-01-19 01:15:06,2018-01-19 01:31:24,2018-01-19 23:56:53,2018-01-22 21:38:29,2018-02-09,71495236670cf29077f9f9afa502d862,2018-01-19
25256c72510ddb7b4bd3b50f904c595b,6c2d4f0f802bfa13d0f5020cfe3c7010,delivered,2018-06-07 13:08:42,2018-06-07 13:38:35,2018-06-11 07:14:00,2018-06-12 20:03:30,2018-06-26,18256891fed9a64ad63a87ab67fa010b,2018-06-07
eabdb3245b41ac12ad9302904538202c,74aba88f4bfcb37413bf591ff9160a05,delivered,2018-06-11 19:39:20,2018-06-11 20:04:17,2018-06-14 15:37:00,2018-06-15 20:28:30,2018-06-26,278a8f360787380418fe60c3d6e8ae92,2018-06-11
f7d546d5833e27f1f2815dc05d94b4c0,ce68080021ef47325b14cc7acd673ab8,delivered,2017-01-26 00:16:29,2017-01-26 00:30:23,2017-01-26 12:01:49,2017-02-03 14:37:54,2017-02-24,5045da01402baca564e8d4fe5f74a968,2017-01-26
1041d437bb0a4bcfeb3a107426f2d5f5,8dfc2e7f0843dbb52899f8089fb7f560,delivered,2017-11-25 18:30:07,2017-11-27 19:01:38,2017-11-29 12:11:29,2017-12-22 17:18:52,2017-12-21,699003f10173022740145aa4aaeaccd5,2017-11-25
2e76a5ef63f6a5a14ad1de12b201dbd2,908dfa9a7f826cac4f898a765ccbcb78,delivered,2018-06-20 15:12:58,2018-06-20 15:40:24,2018-06-21 13:47:00,2018-07-02 20:26:36,2018-07-18,4a756bfd2164e4ef855cb6769423683e,2018-06-20
8b047d4d9fc0bfa29c568da18fc5ac30,b32b05c0935909a9c00fa3bea8a29e5d,delivered,2018-04-02 15:09:42,2018-04-02 15:32:30,2018-04-03 22:17:28,2018-04-09 14:29:01,2018-04-18,08417644f62cb87c2b413b49eb2e052e,2018-04-02
c0d11a106cbef6047ce147e9f8aac554,2fea795dd61498e3f5f5b08c56c5565f,delivered,2018-04-09 15:07:56,2018-04-11 05:55:18,2018-04-13 21:56:39,2018-04-23 18:21:56,2018-05-11,9bd3640787a2375e9c8e16279ad08e61,2018-04-09
9d2341ec61f7661d4b85708d835034f4,241f18344fc37a0b96f497e91cc0f7d5,delivered,2017-05-09 21:34:49,2017-05-09 21:45:15,2017-05-11 11:05:22,2017-05-17 11:03:27,2017-05-29,2a36b3e6b953c4dd0d0b09fcb0345fb6,2017-05-09
a2d899ba8a26c87fd1ae28e82fc25c85,7dda8fd8754df0adc18192f2a0749264,delivered,2017-11-03 21:48:54,2017-11-03 22:31:29,2017-11-07 20:23:45,2017-11-10 12:09:16,2017-11-16,386e31ecc3dc1faaa5255e184fea1e5d,2017-11-03
b7b11f6c6708310dfe528e5b729399a5,0d92a8c5b4ea740017de97793b717392,delivered,2017-11-24 00:35:59,2017-11-25 06:16:40,2017-11-27 21:08:08,2017-11-28 17:23:08,2017-12-08,547ef152d14479db29e8961775147a7d,2017-11-24
65744f8262c57c8b664c16aa7ec85879,e847b0edd45a9a2c2af60e1a1e34c242,delivered,2018-01-21 21:19:32,2018-01-22 14:00:17,2018-01-24 23:56:47,2018-02-01 18:16:44,2018-02-20,2fb9fe9bc2807ec282b410038d79490f,2018-01-21
c2483eefb9699f55ef5913344301c30d,d1ee9c37ab67d1cd889dde3ac4000ada,delivered,2018-05-14 09:34:52,2018-05-14 09:55:02,2018-05-14 16:01:00,2018-05-25 11:52:40,2018-06-11,45288841a520625ecc0dbc2afc834ee5,2018-05-14
0cd27a304d5325e6b68ff9895525e09c,f860f5524f85b83ed02bdeb0522f145b,delivered,2017-06-11 11:22:12,2017-06-11 11:35:07,2017-06-14 13:05:02,2017-06-19 21:06:53,2017-07-05,56251490b76587dfb8f8df2c38c32c33,2017-06-11
6a5771a7c4b156a321263b020bd7e3f2,6cca49b1c6983d8a2b755db0d41cd9e1,delivered,2018-01-30 09:29:33,2018-01-30 09:51:29,2018-02-02 03:24:59,2018-03-02 15:58:55,2018-02-26,4c20cece8dea060501365d002b9e4c32,2018-01-30
0f803d75772c7ca391ad07aafd23941c,d408c8549324876584c1b007d3ab9483,delivered,2017-08-23 23:11:25,2017-08-25 03:05:11,2017-08-31 19:32:29,2017-09-11 20:20:05,2017-09-27,aaaad2db83691c610e6b327d361be375,2017-08-23
5301ecfd0e379cbcb4129e22f8a7f0ef,ea5b7f5cd86a99b6d8406a44d86f4a8e,delivered,2018-07-08 19:17:26,2018-07-08 19:30:36,2018-07-10 15:12:00,2018-07-11 20:08:44,2018-07-23,ba1c93322a162b61d0122384ecc7c3a0,2018-07-08
e713f65c5d4bdb8c51c935cd205c3b22,d30a43ef4613415982f5d40a4d0e47bf,delivered,2018-05-22 07:56:00,2018-05-22 23:36:04,2018-05-23 13:03:00,2018-06-18 17:09:14,2018-06-08,0e28966e4e1641b7d265488f33cd9e70,2018-05-22
0ee62a44a21a9b7a751c01451bfcf512,e46601b6f6937b2acf0d1850df0b6816,delivered,2017-11-29 23:46:32,2017-11-29 23:56:35,2017-11-30 20:42:50,2017-12-19 16:16:41,2017-12-22,cbf4b0e12cf52da8261e10533ff86a6a,2017-11-29
a219a9f28e900359410d7cb6329cdf39,0c9fdc5b4e2b1d8d52de981dd05d7222,delivered,2018-05-06 23:39:58,2018-05-08 19:35:45,2018-05-09 09:01:00,2018-05-24 22:32:10,2018-06-05,f9e494e1e853b1ae259da70c7aaa317b,2018-05-06
f340419066ac8df79150310b1bcc7858,e2feb0cdeb886766c7de978438b668d1,delivered,2017-05-19 15:40:40,2017-05-19 15:50:20,2017-05-22 10:49:17,2017-06-01 07:59:36,2017-06-12,a53c4c61a482813ba1bec18d2ec7c6ba,2017-05-19
847c66c29ee30c07503066b3d254f993,371e25352587a8bf2f77b6739406281d,delivered,2018-06-11 17:08:37,2018-06-11 17:40:36,2018-06-12 14:44:00,2018-06-21 13:11:05,2018-07-17,366ca9eb02963d8e425c103a9a23a7d2,2018-06-11
98573bb494103800f6790b57c1357ba7,b400c7099a0e6c0cbde80f194133e762,delivered,2017-12-13 00:16:27,2017-12-13 00:30:28,2017-12-14 00:22:15,2018-01-02 20:58:05,2018-01-18,916b9317cbc6201643d98318bc65cf16,2017-12-13
56f46fb5630f80cde51dfe4f07de78bb,7bf8319d2198d91bf17336fb5cb6ec82,delivered,2017-08-30 16:10:31,2017-08-30 16:25:09,2017-09-04 21:43:59,2017-09-13 20:17:47,2017-10-03,896ae021b16a75c0400fad89141227b2,2017-08-30
65728b4e76bd429d053d9577654076da,dbd66d239e963e626556b738c4ac6d90,delivered,2017-10-31 14:44:47,2017-10-31 15:31:18,2017-11-01 17:44:36,2017-11-29 15:18:03,2017-11-22,bd13f03e99cf28bc439b63341cd365e4,2017-10-31
01ebb9ed879d6fa1da4857ed617972ab,65c931a66a152fc0769247ad03785247,delivered,2017-04-27 18:48:44,2017-04-29 02:43:03,2017-05-02 09:34:37,2017-05-12 17:24:43,2017-05-25,68b7335976732cd3d0bf1417eebf8b6d,2017-04-27
38bbb94deba996cc4485e25cd0b27a20,0681c6280d7eedf1cc8655fda6afca25,delivered,2017-07-30 13:14:18,2017-07-30 13:30:08,2017-08-01 19:03:08,2017-08-04 17:27:34,2017-08-11,bcee90ca103f2914a080bcdfac726ab6,2017-07-30
6831327c575ec5efdb90392fed9d2f1a,ef04d13b6ffcb6d0bdef9f0ac2b69966,delivered,2018-07-28 17:16:14,2018-07-28 17:30:58,2018-07-30 15:01:00,2018-07-31 18:16:49,2018-08-02,ffdf771c03dd683f1ed7017ae4e9efb2,2018-07-28
4251201dadd2e046f3ee0f0e31152cb0,1bda6f8193ada79f892c00b0c72cecb8,delivered,2018-01-17 14:39:30,2018-01-17 14:50:57,2018-01-19 23:44:53,2018-01-22 20:44:38,2018-02-01,3f4818a5ac2f6b493b9d890f00876c4c,2018-01-17
1eeb6d55147169da97608b38ece2b761,aeff643ffe546230ea975de5740197fd,delivered,2017-07-20 23:29:33,2017-07-22 02:25:23,2017-07-25 19:52:48,2017-08-09 12:49:17,2017-08-21,027d5c59887b8a32f409adb105c9cee8,2017-07-20
43f32db0dedd975e294e98ce23b24661,1217bf0350d846210fecc72bfa663ce1,delivered,2018-05-11 17:08:52,2018-05-15 04:12:22,2018-05-16 13:24:00,2018-05-21 22:47:46,2018-05-28,b25c74b16e09b4a3390a6db984004c44,2018-05-11
44c2a6a1b2abef0a76aa83b222217153,0e0b3f553f666f50cd5ef9d913a773a7,delivered,2018-07-31 13:10:19,2018-07-31 13:44:20,2018-08-01 14:33:00,2018-08-03 00:08:44,2018-08-06,ced61ad6ee001ff32a61a2f4ce34d514,2018-07-31
671d3f16cc641e15fb8b5df50be64cac,0fb62aa00ff179056ed520c3055e9b45,delivered,2017-07-17 10:36:43,2017-07-17 10:50:20,2017-07-18 19:03:23,2017-07-24 17:17:48,2017-08-09,62e60ff1f96c2e132ca02e04b34247f4,2017-07-17
cdab66293e2e4ea2b956d8016c5ad97d,6d03d9c7d95db6de5b59aa4d7218ec07,delivered,2017-12-13 09:01:12,2017-12-13 09:12:24,2017-12-15 22:04:12,2017-12-22 17:14:36,2018-01-08,1cda4924a950d149dc93db0ccf548933,2017-12-13
360b09c5650c8afc1ade7ab08cfd0409,dc30494a7cc1b61f81bb79af9447b4de,delivered,2018-02-21 10:54:09,2018-02-21 12:28:12,2018-02-22 22:58:46,2018-03-02 18:52:27,2018-03-13,32e54e772d5d1dc46e64a8a37b6e7f28,2018-02-21
eae14ee62ea02e4a202dfa6d713acabe,c4229c2ef3051a513c020e11d599c4e8,delivered,2017-04-30 23:09:35,2017-04-30 23:22:44,2017-05-10 16:35:01,2017-05-17 13:14:41,2017-06-08,48fd7dec70f2b104a1d5e8c5c639102b,2017-04-30
923c0d198a67f5fa9216397a9cba2047,d351b7e7ca128fe099da4c7f4a84f1bd,delivered,2018-03-23 16:42:21,2018-03-23 16:55:53,2018-03-26 21:54:54,2018-05-01 21:16:42,2018-04-16,40be7e4fd85e11ad8f339ce42c5f5ebd,2018-03-23
4295876088eaa108fede7b0b77109ed3,a64f98b1b0d8e2ca4cba10a0a2adb3c8,delivered,2018-08-06 21:37:26,2018-08-06 21:45:17,2018-08-07 14:32:00,2018-08-10 23:32:46,2018-08-14,48fb6bd698dd6bdd87a263c713f0b1e0,2018-08-06
d0592c70bab005f554e0fdb1726eb505,0c7204ee9281f0da796c071ab64ea752,delivered,2018-01-23 16:29:42,2018-01-23 17:02:10,2018-01-29 17:55:00,2018-02-05 23:06:44,2018-02-22,cfd8aec9d7d8a7eb62c58cebb4431877,2018-01-23
90e8f4c6614e2960a0334fdc9fe238a6,aa313a5d6e57357147dac80f1617c0b5,delivered,2017-08-05 03:07:50,2017-08-05 03:15:08,2017-08-07 19:57:37,2017-08-15 19:54:08,2017-08-31,ea1817c0d827555502255cef8af10fc8,2017-08-05
503ede67b27bbb1c7dca67c00af403a5,d550ac7fe9688fbc885f4d87a986a54f,delivered,2017-11-27 22:46:58,2017-11-27 22:57:39,2017-11-29 00:19:00,2017-12-12 22:51:55,2017-12-26,a343623dd03ba8fb128431669cb4ee28,2017-11-27
e5141c749e377be251981ba3ff55b1e7,768d73a87af63f0ecc15c2095bb55fcc,delivered,2018-08-20 09:19:33,2018-08-21 04:50:05,2018-08-23 14:25:00,2018-08-24 20:03:51,2018-08-24,eebd732c43d0ef4127e5abe2cc7438fd,2018-08-20
2218e4b81089f8cf52139915bdc1e48d,a73c818c7e2cd8ea248d8db42d14888e,delivered,2017-11-30 10:52:22,2017-11-30 11:11:07,2017-11-30 19:17:10,2017-12-02 00:32:54,2017-12-18,331fb083c24718f9ea5f6b6b93e2ddce,2017-11-30
50517e1413e46c6df586274af938d47e,185f32bc42c8690bdeae6198db6c7456,delivered,2018-01-18 12:43:08,2018-01-18 12:56:37,2018-01-19 12:39:07,2018-01-25 15:49:01,2018-02-02,da30f3419e79c781bbad1ca251c5c265,2018-01-18
128874d639055ad5609b5269defad1c3,863865c82cd0d41a60fc51307be1d19e,delivered,2018-01-28 12:48:36,2018-01-28 12:58:22,2018-01-29 19:23:37,2018-02-03 01:03:22,2018-02-20,8f32c2990d1d917d405396509c6ffac8,2018-01-28
471f7bcf95321e4e00d947114c884bd3,3dd73da1c3553ed2b05530b8b156b3b6,delivered,2018-05-24 18:56:59,2018-05-24 19:17:17,2018-05-25 13:46:00,2018-05-26 17:12:20,2018-06-14,4486eb1d562788e5ca083a857ddd5684,2018-05-24
8a9c9e6f36131fb108495efe07936f02,996043471e5f72df3824858bdc258270,delivered,2018-04-21 13:06:48,2018-04-24 18:06:13,2018-04-23 20:12:56,2018-04-24 20:42:03,2018-05-10,e76a4a59a44397490c32b5fb5710a819,2018-04-21
78efa452393fd1c902416648db793ccf,d5d4d92f2dc0ac11ab4fdf1e7577d8ba,delivered,2017-05-29 16:27:13,2017-05-29 16:35:14,2017-05-31 07:12:21,2017-06-05 13:07:02,2017-06-26,d301560c76f99987077a8c5e068cfa3e,2017-05-29
9bb11e2059f2b75d3590a4b33f96dfff,11317d393ab2910eaa46029823d55484,delivered,2017-11-13 21:55:36,2017-11-15 02:46:48,2017-11-20 22:37:52,2017-11-30 16:13:56,2017-12-11,6b5756defd653eb80579ec5f8320b3bc,2017-11-13
df0036e685fb491dbb08531f082ddbb6,4930f6567dce2dc4c31030e3683c9827,delivered,2018-08-08 20:56:51,2018-08-08 21:10:21,2018-08-10 14:24:00,2018-08-13 16:28:42,2018-08-21,931804c5ae857626f6855ad428616154,2018-08-08
704e4951f9087aea88ee9be9b6188b96,99f825b458dd70e86581333ddf39f92b,delivered,2018-07-23 04:22:07,2018-07-23 13:31:28,2018-07-23 15:28:00,2018-07-26 18:38:52,2018-08-07,77d8800715126168de9352864efb37b7,2018-07-23
fb520e46696d1669a96549c252ed177d,438bad05055d60b6e82e9f244a8a1024,invoiced,2017-02-08 23:17:29,2017-02-08 23:30:14,,,2017-03-22,893bcb1f52357312bb153f111912097b,2017-02-08
b30af538bad5d47134c88fefbad8e35b,c8173a3b6ff4af2ee9518742726055b6,delivered,2017-10-17 14:42:28,2017-10-17 14:56:15,2017-10-18 19:28:54,2017-10-31 15:31:57,2017-11-09,a8936ae98383967879ba16c1f896bcf7,2017-10-17
e78602addbd8567873e9ad519d11ad9c,2ac47a6fd8210114acf678959654944d,delivered,2018-01-16 07:16:37,2018-01-16 21:30:52,2018-01-18 18:09:27,2018-03-23 23:49:22,2018-01-31,a53e5a77a7bc419a73b6b8505baa9101,2018-01-16
c2ef540e16617cb62d8c9d0bb874a498,db4c18dc639572a181079c0cb47fded4,delivered,2018-06-05 20:32:32,2018-06-05 20:52:23,2018-06-07 10:06:00,2018-06-24 15:03:09,2018-07-18,4ea8a44dd97886a1e97c0237cb93be6f,2018-06-05
75d1c72933a62884ff7ead0752bdde06,adc6fbf06bb6d3f2e94e627158d44948,delivered,2018-05-22 21:59:28,2018-05-22 22:15:58,2018-05-24 23:06:00,2018-05-25 16:18:52,2018-05-30,b41a96aea8ffccc6f4a5091c0db99ada,2018-05-22
84a021f71429800674e0015e862c1b62,d76e0dd107058b058e2e37f6a87a7743,delivered,2017-04-22 19:04:36,2017-04-22 19:15:15,2017-04-24 11:33:19,2017-05-02 15:58:10,2017-05-22,424240fab0548ed808dcde95ea7e1661,2017-04-22
e7859e16ed08be3d7231bcb239b8903e,806124508bfecea36a0b8028dfc1ac57,delivered,2017-09-04 22:58:59,2017-09-04 23:10:10,2017-09-05 16:53:40,2017-09-14 19:52:30,2017-09-28,e9e397b0ddb9ad8cea2b09ee3b4ec539,2017-09-04
089692eb75f455bcb86e1a21ace6abad,6fca3886cb74147d27ba31c5016fd0fd,delivered,2017-11-12 17:58:23,2017-11-12 18:10:27,2017-11-14 16:25:03,2017-11-17 17:02:47,2017-12-01,0e05e2706e1dced2a98f116344db4825,2017-11-12
106dccd8cf01a9d15921ba6b3028a09d,7a1a51cc44b9a60d0b751d3ae26a07d4,delivered,2017-10-02 12:47:00,2017-10-02 13:04:35,2017-10-02 18:38:57,2017-10-03 18:27:21,2017-10-18,6537b7fadc28b640b12d156d4f299618,2017-10-02
f09392f5718864080526d96554221a13,541a57570b1b589aca128c8f8a849597,delivered,2018-04-18 10:23:23,2018-04-18 10:35:16,2018-04-18 19:21:55,2018-04-30 23:02:11,2018-05-10,b206a07624cbaa4a429f3c4d059917e4,2018-04-18
28d30364312f8bf1c89aff3a4816eb53,c90229cbe0e29073647f84cbaf3d21fb,delivered,2018-05-10 23:18:33,2018-05-10 23:37:10,2018-05-11 10:03:00,2018-05-23 17:07:49,2018-06-05,5c065ded96f2fc326cea8e740e384f59,2018-05-10
b9eb04083d9367fcd3523d0125406023,f8bc863d8da439189f1a3c7f93e30a9a,unavailable,2017-06-02 10:27:06,2017-06-02 10:35:12,,,2017-07-11,43fde7ff18992f90a96a5adfa6e95666,2017-06-02
2a81af36abe7c237e184b5f84e5b27bb,7c81feec196651cac071d56928d4c2e8,delivered,2018-08-17 12:05:12,2018-08-17 12:15:17,2018-08-20 11:54:00,2018-08-21 17:51:53,2018-08-23,61e9946a028638d3990617f7bddcad05,2018-08-17
49b1291e3a53100a17731adbbb76eb8c,291e486969763a40fc30fce9c73483ec,delivered,2017-10-16 22:21:27,2017-10-16 22:49:39,2017-10-18 15:09:33,2017-10-23 22:07:33,2017-11-01,8b4ffe5b0a5e9eb6094d57224f00fd5c,2017-10-16
6beaeac28bfa1ae5265ecfe29c71ccdf,a41984613c6b0242d2656260dd7ef1ce,delivered,2017-03-26 22:41:35,2017-03-26 22:50:23,2017-03-28 16:29:58,2017-04-11 18:14:35,2017-04-27,c055e29a95953e3666933b89aa2e2b90,2017-03-26
81e5ffe389c377c7b423c9669a9fe712,ecb410ea62e82d3757e90401045a0588,delivered,2018-08-03 12:58:11,2018-08-03 13:05:43,2018-08-06 11:21:00,2018-08-11 01:58:32,2018-08-22,0d49581899736d82522c6aeb7f7f63dd,2018-08-03
d4544fa7cc55fc21ef6a5ac0253a526e,8150c02d03c6726cbc3ac7262c9c1787,delivered,2017-06-03 11:37:42,2017-06-03 11:45:17,2017-06-09 16:02:33,2017-06-19 19:52:55,2017-06-27,8e314fc398b945c57059ddfbd1327806,2017-06-03
aa799c67bfe59b0de24f6db1dc1b776e,5c5932c767b1eea17f6374dab31c76ec,delivered,2017-01-29 20:14:15,2017-01-29 20:31:06,2017-01-30 11:38:21,2017-02-02 15:24:04,2017-03-15,35d5991f246b8b9c4e1b4b1a927b1465,2017-01-29
ddddd790d8e87b44e5063ca6854ff2f2,3937d71d6a2dbee45023eac5b3970f98,delivered,2018-04-13 12:26:05,2018-04-17 05:55:29,2018-04-20 21:29:38,2018-05-08 20:41:11,2018-05-11,8a195bd0415d8edf822990cb6671b2f4,2018-04-13
6c40af4bcbf19655a93e8d2cc37ac57f,0ae7de017434df230971260a258ed061,delivered,2018-01-16 01:27:44,2018-01-17 03:35:52,2018-01-17 19:49:21,2018-01-26 23:18:38,2018-02-23,9767d14e28899150f5944ad8c3b128e9,2018-01-16
332fbf902a0b37b6919c2d24fb9963c4,c19544a0aaa63e206f1ca0f2ac5d4431,delivered,2018-04-30 09:32:43,2018-04-30 09:50:28,2018-05-02 16:02:00,2018-05-10 15:24:37,2018-05-29,0336a6b865d6d804127fd89d84ffcde1,2018-04-30
d2c0ceb948cf7025d520cbd2c88ba435,d3e12a8123b74f8e02ad1200dafa4938,delivered,2017-02-04 21:39:14,2017-02-04 21:50:14,2017-02-06 12:54:10,2017-02-14 12:45:32,2017-03-10,93329158de633885e924a0c207c5bd6c,2017-02-04
fe46aba4a014e5b994e190a8b8ca18e7,269de2f9cc6cab3645075e7ba0b1d6fb,delivered,2018-08-15 10:11:51,2018-08-16 03:05:11,2018-08-16 14:44:00,2018-08-22 15:11:44,2018-09-17,2af002fc8264fde832eed43f914b9cd3,2018-08-15
6bef43b399ad748e06bfbd0a31efcfb9,196f617ec14599ab7ceb83a6117fd9e5,delivered,2017-11-26 23:50:05,2017-11-27 00:55:59,2017-12-08 13:58:52,2017-12-11 21:38:38,2017-12-11,e7ecabec7c3df7ee00d6ac4a80ff1f00,2017-11-26
0f343854453911b5614ee51d9532c619,e37fb175f9acdff48e722fe7b47ff161,delivered,2018-01-07 18:41:42,2018-01-07 18:48:24,2018-01-08 21:49:25,2018-01-15 18:12:39,2018-02-05,fcea3f24b44639b9c746e8cce917410a,2018-01-07
ef6ab439f4c596638239ac71cf5fb391,e799d1d95dba0a278d0b0e2962ea3e99,delivered,2018-01-09 01:24:02,2018-01-09 02:34:29,2018-01-09 18:44:18,2018-01-10 21:15:49,2018-01-26,1ce1097b476f97ea37d805251c5c74ba,2018-01-09
72473b65d11c21455f589854da03879a,07721eb08dd1b2ad67e03e8aeeb1a83b,delivered,2018-04-25 23:37:39,2018-04-25 23:51:53,2018-04-26 15:01:00,2018-05-05 16:48:49,2018-05-29,21c9ca31959d08bb5455023f84951387,2018-04-25
f07401e4337f90835db57d8bacabd310,ca3530e7983aef2c60f0a48394c81b65,delivered,2017-09-02 10:27:11,2017-09-02 10:35:11,2017-09-04 16:57:16,2017-09-11 12:11:27,2017-09-21,742911bd5109eccceb784f65b7175128,2017-09-02
a45a7a951625bffc98203d07f77e872e,c600223b2102c093e499cb6c4f6d8eac,delivered,2018-01-10 20:58:38,2018-01-11 03:09:17,2018-01-15 16:14:05,2018-02-02 02:10:51,2018-02-15,c184eff2d1eb72815575d2f819db885b,2018-01-10
d0e7875fcf8fa009f5295ad397fc7e18,4f7834e68e8b7f9054cc188ffc8c14c8,delivered,2018-07-19 17:46:37,2018-07-19 17:55:21,2018-07-20 13:01:00,2018-07-25 17:06:38,2018-08-03,ef309784561fed416ff25e05ddfe495e,2018-07-19
d0edee3bcedfcfd101b0c1a59c2fdad3,63bc9b54dd7ca51921325ea78e7485dc,delivered,2018-03-15 09:53:51,2018-03-15 10:10:26,2018-03-20 00:38:49,2018-03-27 17:26:38,2018-04-03,a1323538e84c9985dd22c9fe284c46c0,2018-03-15
38bcb524e1c38c2c1b60600a80fc8999,d2c63ad286e3ca9dd69218008d61ff81,delivered,2017-01-05 12:06:36,2017-01-07 03:45:22,2017-01-11 15:35:54,2017-01-16 16:05:22,2017-02-13,728e4a7d0db4845270091ded0923c71f,2017-01-05
669c18450a52085fedc525141e81e104,d1efadc2e9e7bbf38705f74bd0018110,delivered,2017-12-01 23:44:43,2017-12-02 00:36:36,2017-12-05 22:42:36,2017-12-11 17:35:00,2017-12-19,9594640aa2d9501164a86e10b55fe59a,2017-12-01
adb7bfeddabb6a9ac2f5f4c407c65e24,38d293d1db6b6b4532d3ce706ae89c12,delivered,2017-04-05 11:53:20,2017-04-06 02:43:20,2017-04-07 09:59:07,2017-04-12 16:34:23,2017-04-28,255fb4c626918665e839a111bb7f9446,2017-04-05
a25525284e494a7e2e276f3b30bdf66f,ad52c7ccdbfec7ec88d4185812d61b33,delivered,2017-09-17 19:39:10,2017-09-17 19:50:14,2017-09-20 20:37:07,2017-09-27 22:08:57,2017-10-04,95d319b707fca3ca22e48d189e5fbb38,2017-09-17
e465c5ff84ef7091d582b275cb0dd7de,363263d717319c175a7b063d383d95ba,delivered,2017-09-26 11:46:53,2017-09-26 12:04:50,2017-09-28 17:55:45,2017-10-03 18:05:22,2017-10-16,83eda75bbd932ba9059d0f9e7b8d97e5,2017-09-26
db6dae09bac5138ab59b6d6c0a1c5284,7ed5a166e71db107f477366bf55dfef7,delivered,2018-07-25 12:50:49,2018-07-27 02:24:45,2018-07-28 07:29:00,2018-07-30 14:28:39,2018-08-03,4ffbbfa4d433d6acbc716830d6172b05,2018-07-25
6206eea10c401d9257092927e5b66deb,1c7e5b9a91a01eef9a4a9c64fe4ac441,delivered,2018-05-26 22:02:35,2018-05-26 22:17:36,2018-05-28 13:38:00,2018-06-04 17:22:34,2018-07-04,e3815f874b584aa2f5d60c1cb1514030,2018-05-26
dc3400f2dd273de43a390ec373f09efb,e8021f8931216b1905c8c923995b6643,delivered,2018-07-17 18:50:36,2018-07-17 19:05:19,2018-07-27 12:00:00,2018-08-13 15:51:51,2018-08-13,fd0edbfb99014b4171b76aabb574cf27,2018-07-17
46a09de362c7550f138187deacc9f840,dd41ea901054c44fe4ccd11982c68796,delivered,2017-05-05 08:57:15,2017-05-06 02:25:23,2017-05-10 08:27:44,2017-05-17 13:35:47,2017-05-30,44e7a21370ccce958a0387b528717e52,2017-05-05
fb362fb533a2d245c5822558de85ce16,82e41cc1f87b1074c1f4bf5c840fd4a2,delivered,2017-11-06 09:25:35,2017-11-06 09:47:02,2017-11-06 23:09:54,2017-11-13 17:38:25,2017-12-01,5e14026973c4b71ae2e86aa64cde17bf,2017-11-06
bc6cd811b51ffe92ea712a6fda28289d,5fdc6e2816ce6523da6384842178ddcb,delivered,2018-05-04 10:15:39,2018-05-04 10:32:34,2018-05-08 15:13:00,2018-05-16 18:54:43,2018-05-28,d26b6452fd092c3b0537d106950dba73,2018-05-04
9cfde86ce7726cbb901e3dbb50be48df,b00c1b220a6016b9257a18638d982cf6,delivered,2018-01-15 09:36:09,2018-01-15 09:50:03,2018-01-17 16:04:26,2018-01-20 14:28:33,2018-01-30,11c89d7353d7e228965ea26a84d7bbeb,2018-01-15
8be05ca81704fb409d92021f7e7837c7,5d2e8807a328cda04fac87c577496439,delivered,2017-11-22 23:13:13,2017-11-22 23:26:20,2017-11-23 21:12:54,2017-11-28 20:26:52,2017-12-12,e396ecdd3e04d8260909e5b5193179fa,2017-11-22
349ac0dee57737a2916f90c7d3aabcc2,8527ac0dd27e2b15fba89b752116d0a4,delivered,2018-05-02 11:55:47,2018-05-03 03:53:09,2018-05-03 12:14:00,2018-05-10 20:08:31,2018-05-29,62669ce403a28aeef18e23bcf343f27b,2018-05-02
a8aeb93e160470d999c4ead1c7702124,7b9fc4cde64d7cc80781e5b573459e1b,delivered,2017-12-06 22:00:56,2017-12-08 03:31:24,2017-12-09 00:42:10,2017-12-14 19:29:26,2017-12-29,5d92744241fdae01fe3d360b4c5525ee,2017-12-06
95e19f10a6f514fa5e093e74d2e3f58b,33c39ed7b6362b7ea09ca4acc6f293e7,delivered,2017-10-06 16:56:47,2017-10-07 02:28:33,2017-10-11 18:14:38,2017-10-16 19:52:58,2017-10-30,3cf3148d940e0838e2f9ebe3cdd66f7c,2017-10-06
4955ee3a893b3b780fedd621473486b7,2e5e8c70b061b9754a3421dfea97bc07,delivered,2017-12-05 19:32:40,2017-12-05 19:54:55,2017-12-11 18:29:34,2017-12-26 21:26:52,2018-01-04,27c8243bd798cad94ce3e33fa838bbe9,2017-12-05
5036504a490faa98bb9506a134df8a6a,d3a20925d2f0bd1999fae024f4527db7,delivered,2018-03-11 14:56:25,2018-03-11 15:08:01,2018-03-13 02:08:41,2018-04-04 18:46:55,2018-04-06,06f52edb5666757a552cc099a5bce4a5,2018-03-11
dc4e8d6bfa225ba767349d3849229ec5,e947cb838b420b537d96d678a02dae26,delivered,2017-12-07 12:54:45,2017-12-07 15:33:10,2017-12-11 17:03:26,2017-12-27 19:33:18,2018-01-11,cd269e86e456885c13553072a4a2ee7e,2017-12-07
ac149cc1646470fa003284a354a2b4f3,5fe6feaf063dd24de0c2a3b2c6e55efb,delivered,2017-11-24 17:50:35,2017-11-24 21:13:19,2017-11-28 21:08:56,2017-11-30 15:02:36,2017-12-13,037825369fca3cecc1c05ebbce8b7f96,2017-11-24
025e095e20c6575abee30657b956b3ff,d74d3f409a5f2efa2445b8415108e184,delivered,2018-08-16 15:32:45,2018-08-16 16:23:56,2018-08-20 10:59:00,2018-08-21 20:41:44,2018-08-23,ee4fd9b375c5273d66ef1b20efd63516,2018-08-16
8dbd69de4c9ba7ac0f46c387f0e67ee4,cce2f2a4e26c4fc0745e71f78dc6f862,delivered,2018-05-14 16:59:30,2018-05-16 02:54:10,2018-05-16 11:11:00,2018-06-04 17:33:01,2018-06-04,c7c90bdba8f5246769bef4e8347b1679,2018-05-14
d12808b99f819df3b30216808d28259e,f204e25cf0fd136856dcedc3eb36de87,delivered,2018-06-19 21:06:05,2018-06-20 08:56:24,2018-06-20 14:48:00,2018-06-21 18:52:16,2018-07-03,7b840703dcc1bc50ad272509972de369,2018-06-19
ffbb04002876c95ff079b7b4df8eee28,2715ebaa46efc93f1025f565e5a78a8c,delivered,2018-06-25 19:32:47,2018-06-25 19:54:05,2018-06-26 10:49:00,2018-07-03 18:08:57,2018-07-30,1104a9f67272a18c1b93c88f5f7d5c22,2018-06-25
e14f99f488bd5610101ea33be3ce33d1,fcf7a60d70eb39ab02f9e40186a5fa9a,delivered,2017-03-05 14:10:40,2017-03-07 03:45:19,2017-03-07 09:57:27,2017-03-16 19:17:56,2017-04-03,b0316a50c00dfbd2a92a3d4dfee4b0a2,2017-03-05
71319d53f28cff9869fa0650f26e9758,8c1196de2dc3d4e69e8c9e37eec5957c,delivered,2018-05-17 16:41:26,2018-05-18 00:55:20,2018-05-18 14:05:00,2018-05-21 15:22:51,2018-05-25,37315219c68764dfe5e46f9074ddf8df,2018-05-17
71690141b0ebadd9464cd3adb5c6b881,cde26ce8314756f40137e12ff2476bb4,delivered,2018-08-21 14:44:23,2018-08-21 14:55:14,2018-08-22 13:54:00,2018-08-27 14:19:35,2018-09-21,cab90641a6ae9955b949f5f8d6fe3181,2018-08-21
aa7793d3985f9a2e8ba25eb1907fc587,4a9d0f36e6f227f870724fa9ee2ac10b,delivered,2018-03-27 23:19:17,2018-03-29 03:15:37,2018-04-02 23:57:44,2018-04-20 21:37:31,2018-04-16,37b1f3a3fa26950775e6ee42344d22d4,2018-03-27
fc2fce216ba47a84e54367275351c67a,152e0f1f108e8820600a9572e1cc8107,delivered,2018-01-09 18:56:38,2018-01-10 10:31:43,2018-01-10 19:38:29,2018-01-25 16:37:54,2018-02-06,bb5cb0b55123e8fc8b7994141cf4b551,2018-01-09
88394805fca0013406ebfb512aaa28c3,88cb1a50aee75f1e08c24a95f7cc59e3,delivered,2017-06-02 19:04:55,2017-06-02 19:15:28,2017-06-07 05:40:00,2017-06-14 12:08:18,2017-07-03,42e2e977ef7c9e55025e1f6eac99e5a2,2017-06-02
5f155df0ff83df161b2b07e60de709e2,738e127ec472a7e041cdc6d9c2cee697,delivered,2018-04-10 13:36:23,2018-04-10 13:50:58,2018-04-10 22:46:35,2018-04-16 21:21:20,2018-05-03,a69fb8952c9ab4e75513cd11b30168a1,2018-04-10
964267c31e3140c22ce0eb459a4cfb72,3f935515a6dcad83cb626a199b5f7981,delivered,2018-08-23 19:57:18,2018-08-23 20:10:16,2018-08-24 14:28:00,2018-08-29 19:08:26,2018-09-06,adbf5238a6bfd691119b986323f042ca,2018-08-23
8bc27fa525999e4e0a620dd5e5cabb36,a76872f53eca5f0d9e83189f7f0723a5,delivered,2017-12-20 17:47:27,2017-12-22 02:39:36,2017-12-22 17:58:55,2018-01-18 01:41:58,2018-01-18,89d0f4b58e71a7bea11ff355e38933c1,2017-12-20
b8e17df0f313ac216d29c0683a83b992,560c8089d5a164844c203f61c55d88c6,delivered,2017-12-11 15:26:43,2017-12-11 15:36:31,2017-12-13 00:24:02,2017-12-26 17:32:39,2018-01-11,6e585effe241882bc947bf1e7bff3fd3,2017-12-11
474541d7d0b44098a9cd7167a8d1306e,26ff87457a828181926c7ab34f407f8e,delivered,2018-03-27 17:45:36,2018-03-27 18:09:04,2018-03-28 21:51:52,2018-03-29 22:48:35,2018-04-09,eb2c3eb313d5a288d84a21bb94cb5cac,2018-03-27
fc14039d9862e0c47917cbb337d06b64,8e30d286d946595258929c8e7838c9bb,delivered,2018-02-08 21:24:22,2018-02-08 21:47:47,2018-02-10 00:41:37,2018-02-26 17:57:39,2018-03-21,c30f0e037e374142c810673dd06cc5d4,2018-02-08
b316b0217d77b6d04da5a3517a62461d,08d60807ea32c90570919ad6b1f0b0d2,delivered,2018-06-11 07:04:15,2018-06-11 07:15:12,2018-06-11 10:54:00,2018-06-30 14:37:47,2018-07-03,c27a30338b5d9d59399825f77e7dcc61,2018-06-11
52b783557d95971d0b42195e6bacdc68,c6ece8a5137f3c9c3a3a12302a19a2ac,delivered,2017-10-20 07:16:27,2017-10-20 07:28:14,2017-10-23 19:13:38,2017-10-24 17:03:38,2017-11-01,aaf22868003377e859049dcf5f0b3fdf,2017-10-20
aa7e9053d6514094d6d72f1ef2c2bbd6,20c7acb4293846ac1674cad47f98ca2a,delivered,2017-12-01 22:47:19,2017-12-01 22:55:30,2017-12-07 18:59:07,2018-01-08 18:56:43,2018-01-10,d95cb4bc2a58546a89b7bce7413758f3,2017-12-01
184f70b8fee18cd0046c3683f9ab3a06,9439f59651c7ed38295eed3df2016316,delivered,2017-11-09 20:03:48,2017-11-09 20:26:49,2017-11-14 17:03:14,2017-11-17 13:09:22,2017-11-30,6492197e26a1df770451fb3cb41d3a2b,2017-11-09
590bf22b132e188810d97f542a58f3e7,055a82f1af585df4506c8d053edc7641,delivered,2017-11-20 20:56:47,2017-11-20 21:09:27,2017-11-21 20:38:51,2017-11-28 19:04:51,2017-12-20,46417ad5a94a3c89c3725a93d3600b73,2017-11-20
491973b24e759d56ee5fb0e7477a823b,3935e0525a5b33ca987c4b6b54d7ab8b,delivered,2017-09-28 14:24:00,2017-09-28 14:35:20,2017-09-28 20:52:33,2017-10-03 19:17:08,2017-10-17,06e7c0ffe7f197e5ee11cd888ea71c95,2017-09-28
5fab005ced5596f6f711ea0b99d77100,d6e96f83633589d4a7dd877c2bea57e8,delivered,2017-12-01 01:41:20,2017-12-01 10:31:06,2017-12-01 18:03:35,2017-12-11 12:38:11,2017-12-26,cb1773ccb80012b3cbe87a1eb8c17428,2017-12-01
17ae98e755b32ae8ec73470952de4de2,80d88401a15807dd28990dd932495bc6,delivered,2017-11-16 23:07:13,2017-11-16 23:16:41,2017-11-23 22:13:39,2017-12-06 18:44:26,2017-12-07,0fef599ec418d6a774d937017ee7ec2c,2017-11-16
9a06f6b071c10b11ce8e6e8646dae224,89610c63a51a5b2ee28d3b69c6bfff3c,delivered,2018-06-09 09:22:08,2018-06-09 09:37:14,2018-06-11 14:02:00,2018-06-19 20:28:27,2018-07-16,921c8a95cd7f1ba09d26223716253455,2018-06-09
d0028facea13f508e880202d7097a5a1,d2509c13692836fc0449e88cf9eb4858,delivered,2018-04-20 12:57:23,2018-04-25 03:51:13,2018-04-25 15:25:00,2018-04-27 12:08:59,2018-05-09,00050ab1314c0e55a6ca13cf7181fecf,2018-04-20
812114e24682287b1f3eb86f112707de,de94552cb07b7cbb5219d1616580a65c,delivered,2017-12-04 21:36:35,2017-12-05 09:30:45,2017-12-07 15:19:17,2017-12-19 15:53:56,2017-12-28,3526e8083b82706f0a66e58c84044cab,2017-12-04
bc6c1d04178771a3ac9547f4770ab5f0,8fd50d32ac51d30d03b416bf7b27e72d,delivered,2017-10-27 10:27:03,2017-10-27 10:35:22,2017-10-31 21:53:55,2017-11-09 21:41:44,2017-11-17,8cf98fbd02b0efdde35bbc7aab39764a,2017-10-27
13d341318c77969f10d77e1382957542,3b6cfa5c62f4bfb3c09652d9ac539a8d,canceled,2018-08-01 09:43:22,2018-08-02 05:30:46,,,2018-08-08,405f6a0f60d44b5ad32044970938191f,2018-08-01
6bc8d0921edbcb67c01832572c2ca25d,6943ece6e8fee2637f6b06f466412be8,delivered,2017-05-06 10:29:30,2017-05-07 10:35:11,2017-05-09 07:57:52,2017-05-16 18:11:57,2017-06-02,c4fe9fc8b5e1b4f9992db983d0429854,2017-05-06
91d95fd4dd24e83041031228370438b9,4c5a1e184ff4fd41b2d4ac212b95d0fc,delivered,2018-08-03 08:16:49,2018-08-04 04:24:17,2018-08-07 16:23:00,2018-08-14 20:48:38,2018-08-31,cfa69922f9968e0e6271647abda09b09,2018-08-03
c04ccf5367e419a74f5589f156a0b8e1,6f7d7ececcfee77e1c4d624c81a37aa2,delivered,2017-09-30 19:45:40,2017-09-30 20:14:23,2017-10-03 17:06:05,2017-10-10 17:32:52,2017-10-30,2362ea945dafafd2f3c196effdbdb83e,2017-09-30
cd38154bf340cc6b376898bd4b82b125,6c0f0dd8985cc0a789fb68327a00bc39,delivered,2018-05-07 15:06:12,2018-05-07 16:55:52,2018-05-09 15:48:00,2018-05-18 18:08:38,2018-05-28,7c8cdb09963770391622f23f120085f7,2018-05-07
bbf778080cc883a8de2e500c0e490c75,437c6e906ba1e09eacb6d28d1de3f061,delivered,2018-04-01 21:03:55,2018-04-01 21:15:10,2018-04-02 19:33:05,2018-04-10 22:58:42,2018-05-08,09e9dc48aef9cb76de884bbbb8adf731,2018-04-01
bf79e4fa55a389d494f47feb2654892c,e8759aed1027f77226dddeb7c7481f11,delivered,2017-01-31 21:11:10,2017-02-01 09:45:26,2017-02-01 14:29:06,2017-03-13 12:09:45,2017-02-27,62972384465273ec1b0d3cf772abc390,2017-01-31
fb7aedc5796ee214a87461ece45355e7,40d3460ad3b63de04990975d2fb3330c,delivered,2018-02-15 21:39:10,2018-02-16 07:50:27,2018-02-19 14:08:52,2018-03-05 19:59:37,2018-03-09,2872114274bbdff3c561c28366c1979b,2018-02-15
c6c304f8417f11d277f34b8a6ffe1532,3be9371fc3606f9f4572254708def45a,delivered,2018-04-30 09:10:16,2018-04-30 09:35:45,2018-05-03 06:31:00,2018-05-11 16:42:34,2018-05-25,593e30b76f4138d5a9f0736ccedb9a40,2018-04-30
90a35d9f1707a645c3bd2dda9c3f2643,5d94eb3a651e44419266ec8fddbd57be,delivered,2017-12-02 16:44:06,2017-12-02 16:59:01,2017-12-04 18:04:30,2017-12-19 16:44:45,2018-01-02,a611c80155435e6a86012d159d9e5007,2017-12-02
fbfba2ffdcf0d5f4e4eeebc83a18b0d3,7decbed5e9dba1c414ec29e6642fc782,delivered,2018-03-18 16:14:17,2018-03-18 16:30:26,2018-03-20 15:09:35,2018-03-23 21:07:04,2018-04-10,6dfd32ebdda748f99584cb407510bb89,2018-03-18
3b762d0fc1d3436171716bc6c3ae8497,37566e2c7b3fc323c530b838b0178401,delivered,2018-03-07 16:36:33,2018-03-08 12:45:28,2018-03-08 23:10:37,2018-04-02 17:12:33,2018-04-04,452185d4297d39dc139799ce818d8307,2018-03-07
fc8b5696b23d0710ae737ff9c16f80ea,8953cac02ef5531e3b49afc55cc21232,delivered,2018-01-15 21:54:38,2018-01-15 22:10:41,2018-01-16 22:25:09,2018-01-27 12:09:29,2018-02-14,6b016ce767bbafe912ab0b8dce8e245b,2018-01-15
6debbd8568d730f4959d1fac74ed0315,66f7666afc694d88befe0d5e48871138,delivered,2018-01-12 19:23:58,2018-01-12 19:31:26,2018-01-23 00:08:27,2018-02-27 00:35:57,2018-02-14,b36e99aa28fa8a66d98742c741d653e9,2018-01-12
47cf7e28d8f434cd6a3f4825953cdbac,8fceafecb6f78c92c97dde2f6d1cac63,delivered,2018-05-03 20:57:34,2018-05-03 21:11:30,2018-05-04 10:42:00,2018-05-11 20:47:31,2018-05-17,39c13cde8e30f2f4516cdcd3c3100ddf,2018-05-03
642b39405abba96bc0e134680e8ceb02,bffd28b4af20bc7b1a477fe80e190c77,unavailable,2017-03-05 09:28:24,2017-03-07 04:10:29,,,2017-04-03,20763743ec53eec3a9949781bf459e6e,2017-03-05
9f7d6c40a518954cc676b40cf3e2c61a,cb4f601a5eebf94e41b2bfc80cbc8e62,delivered,2018-05-01 19:11:36,2018-05-01 19:33:39,2018-05-07 12:31:00,2018-05-11 23:06:29,2018-05-29,a36022b1b85179867ad8ddec7393824e,2018-05-01
f4b84983666d1ac021c0522f00a405c0,6a4d0a6c3f1bbcd88b4e58633a4f8184,delivered,2018-08-21 12:21:04,2018-08-21 12:30:47,2018-08-21 14:56:00,2018-08-24 19:41:45,2018-08-24,0afbb1db4938251436ec902d3e3b4c91,2018-08-21
12988705c14f4a1b899dcfba47f4fd49,0a42f79acdee1c80dc33cc9539e13b9a,delivered,2018-05-11 01:03:08,2018-05-12 01:16:37,2018-05-15 14:20:00,2018-05-22 20:27:36,2018-06-06,fa9d48426871b8a665348bae305bbc2a,2018-05-11
ab960bedab25b686fc5202ccf9be3094,588a6c2298f57752c9458dd79c675f36,delivered,2018-05-08 13:12:21,2018-05-08 13:35:16,2018-05-08 15:41:00,2018-05-14 22:05:43,2018-06-04,b0bc6af493883ddf6e65a498f4f197d3,2018-05-08
44c20b916ad4112aab925e7ecbd6b1fe,36ba612573e878b95e3e5de1b17ee495,delivered,2018-04-12 17:12:52,2018-04-12 17:29:31,2018-04-13 19:05:02,2018-04-14 17:42:13,2018-04-30,6923959f3749c4dadeee7ef220231bfc,2018-04-12
84270b9b2f185170b4b29b448ef3a0cc,b1fb921da8da31f114b8f25530967fe7,delivered,2017-06-19 20:32:27,2017-06-20 11:05:29,2017-06-21 09:58:41,2017-06-28 15:32:55,2017-07-07,e67af1efd445becc5019902668fe3218,2017-06-19
dd3f89a5330b29871785935cab37fcbc,bb2b8b9b95fc43819ab3ba6c5b6e3fd2,delivered,2018-02-05 11:07:13,2018-02-05 11:35:35,2018-02-09 17:52:06,2018-02-15 23:37:01,2018-02-23,af70fa34dfd5b02c0a4d7250a4026230,2018-02-05
26fa952896224ad19bba5529c49d077b,fb0eae96da2e5b5cd5b9756f883714cc,delivered,2018-06-21 21:44:11,2018-06-23 01:00:15,2018-06-25 08:27:00,2018-07-02 20:07:35,2018-07-20,7d9f821a5a0c0f80321140886696e7aa,2018-06-21
aa30490bcb62cf8283e389b35ea6b220,94e42ccb4c9e4e5003181fe0f7392003,delivered,2018-04-26 14:16:36,2018-04-26 14:30:26,2018-04-27 15:32:00,2018-05-04 13:29:02,2018-05-21,432af692ebcbcc54e763cfc7c8001208,2018-04-26
91ba86ad6462c11c5540359db369b048,3855c545aaa52b808d3db6af259b86ac,delivered,2017-04-02 16:50:12,2017-04-02 17:02:31,2017-04-03 17:58:30,2017-04-07 12:22:23,2017-04-27,6f639fbe76692e4328c8befbc0dab933,2017-04-02
bec70895c5fa3cbcdc432463d182bf30,123ad76650e71ba47212653fdf0b5891,delivered,2018-03-11 16:56:15,2018-03-11 17:40:25,2018-03-13 15:56:27,2018-03-21 00:57:37,2018-04-04,23b12b064e59d63e8ee75b671c72e550,2018-03-11
4313ba67282f2ba99c4b3c4f3e344595,4fe9a071f9509b1fb624febda3938108,delivered,2018-07-30 19:38:01,2018-08-01 03:31:56,2018-08-10 19:12:00,2018-08-14 00:13:46,2018-08-06,54055e35c875ba58822a99117549d2dd,2018-07-30
b62880756e815882264069601458b5b1,699dc65761ab6f0de12d244dd8315bb6,delivered,2017-10-04 01:05:09,2017-10-05 03:07:12,2017-10-06 15:41:35,2017-10-23 19:52:04,2017-11-07,9a6112e41fe902cd7fd23f202f33dd76,2017-10-04
9a072116d6c2ca9839e6d88a061a59d2,3b222455f9e5779b3ee7a014bef200a3,delivered,2018-07-19 20:57:41,2018-07-21 03:05:18,2018-07-23 15:51:00,2018-07-27 19:37:50,2018-08-09,4b2615761fd2cb7d824495700780969e,2018-07-19
b73095e1b4a660f696d90a6f5446b58c,f6f53faac556fb2d6b5f26f80317fe3c,delivered,2017-07-28 10:58:58,2017-07-28 11:15:21,2017-07-31 18:12:16,2017-08-01 20:43:25,2017-08-10,816d452bdeca0063091c23848e0bd403,2017-07-28
8e71c86d2b713a3391b21218049434f6,af876be1bbde724d170ebb81a4887079,delivered,2018-03-08 15:37:29,2018-03-08 16:20:30,2018-03-09 17:07:27,2018-03-28 19:31:34,2018-03-26,57c353c1a08011456fb832c7afd2130b,2018-03-08
28fef81ab1df2696fb04a5353d4ad79b,af4ebfb7571b2570d87f31b9a18a210e,delivered,2018-06-12 14:56:15,2018-06-12 15:27:10,2018-06-13 10:18:00,2018-06-15 00:11:21,2018-06-28,d5c5498a87a9abe87d1f48780b58ad5a,2018-06-12
7192fdda583a1beb9274f8693cee679d,3e71f7d5a2ebcfe9ec526be2f88fe747,delivered,2018-04-17 20:49:28,2018-04-17 21:10:07,2018-04-18 19:38:41,2018-04-25 01:46:51,2018-05-25,aa74a8d0d3929fb123701f5397a4c289,2018-04-17
e809e9009327e4a97a5ec915477b240a,02a9c98d09a951f9ae61e2f677922b1a,delivered,2017-05-08 13:22:47,2017-05-09 13:30:57,2017-05-17 14:22:24,2017-05-20 10:49:33,2017-06-12,388282491a7e1d15cb402d8fc820bb14,2017-05-08
1800254c5ad71baad5c53866d4ed0ea0,f872eb3035d6adfa491660d3d0f8f86d,unavailable,2017-11-14 11:38:34,2017-11-14 11:50:40,,,2017-12-04,fcea87b43cc1301b651cdcf6cf1b07e8,2017-11-14
16d9b91dbb8de7843ced59fe9c4ca61a,441b26b45cc685920f18a63cc112b0c6,delivered,2017-08-31 09:11:30,2017-08-31 09:25:14,2017-08-31 21:10:06,2017-09-05 13:56:47,2017-09-21,1c92abb53bbb5683b1c47011e5837e9c,2017-08-31
f033bcb921f7c09fa9203df5177932c0,1cea141062333aa5ee8a5f68c85e69a0,delivered,2018-02-14 19:31:57,2018-02-14 19:47:31,2018-02-16 02:12:33,2018-02-22 21:13:25,2018-03-14,19180f668d5586d5d54b009ceb4e5c23,2018-02-14
fb393211459aac00af932cd7ab4fa2cc,54365416b7ef5599f54a6c7821d5d290,delivered,2018-08-29 09:14:11,2018-08-29 09:25:12,2018-08-29 15:48:00,2018-08-30 13:03:28,2018-09-04,b4dcade04bc548b7e3b0243c801f8c26,2018-08-29
411282320ee1ea91c2fc8351aee73b05,542980ab4abd38838ea8a1998a879e7c,delivered,2018-07-03 15:08:25,2018-07-05 16:40:46,2018-07-06 10:16:00,2018-07-13 23:12:05,2018-07-27,1a7589237c0bec88642d7f93411f79e8,2018-07-03
365e182cfed9e7f3b3b0bd04ce2251e2,d6991eab03850ca580267c3608a42ca6,delivered,2017-11-25 09:56:09,2017-11-25 10:14:40,2017-11-30 18:37:17,2017-12-20 17:17:08,2017-12-28,6341d3fbce8289e47b4e1261026dfbd1,2017-11-25
2fa29503f2ebd9f53deba187160f3202,5c42637f3e7e7c520282ae5c4faab832,delivered,2017-03-31 15:03:51,2017-03-31 15:15:23,2017-04-03 14:35:57,2017-09-19 18:24:46,2017-05-10,9b1c9c3315e0c6f2ceb5da19d67f1baa,2017-03-31
67baff8b7c789c3e93b6787e4c18a14c,bf31c1d91f9b4e7c8d390099541be3d7,delivered,2017-11-05 16:47:03,2017-11-05 17:06:37,2017-11-08 13:58:32,2017-11-14 23:08:01,2017-11-27,1976cf27dc816eae1657095cc52d4ff4,2017-11-05
5639e62ac4812b66eefbb05288c44eef,15ece46f6d57c5e2a87774451f9f73f8,delivered,2017-09-01 01:49:20,2017-09-01 02:04:10,2017-09-01 17:39:41,2017-09-13 18:55:06,2017-09-22,94774e4cc3e0d1e721e1487eb544f61a,2017-09-01
ee044ff2777c49a97d4be749aa8e24bb,fa14529dcc5928dcc9a4a3776b2863a1,delivered,2018-04-04 14:57:59,2018-04-06 03:10:24,2018-04-10 00:28:47,2018-04-12 18:24:52,2018-04-23,2ddc001b620bd90d0f4378cfde1db887,2018-04-04
cf8ceeefc490504b4e117676aabb2820,8e5583107dab3fcc2a648fc223243821,delivered,2018-01-21 11:10:44,2018-01-22 13:47:19,2018-01-25 17:51:45,2018-02-06 12:43:05,2018-02-16,d9d33d7a21e635af608f62465c5efed0,2018-01-21
049db9aade07d0056ead438e182f2b52,d075570ed98e1a5bf9b6355be0f89b57,delivered,2018-07-09 21:25:55,2018-07-11 03:10:17,2018-07-11 13:21:00,2018-07-13 22:23:46,2018-07-25,2ac505ba214f8572497acd6b9b34af4f,2018-07-09
62d2be1fdefb1437c1d94932ecd95545,076879610b2df756d7bfaf2b8422d327,delivered,2018-02-08 10:02:25,2018-02-08 10:15:34,2018-02-08 18:56:22,2018-02-18 10:21:44,2018-03-06,79efc9cf72a5541b50300206e6e3642e,2018-02-08
767482d809d4cc358e3ac5ecb4204d07,b4249d0f0a43042537b483802778456e,delivered,2017-08-19 13:50:09,2017-08-19 14:05:10,2017-08-21 14:17:38,2017-08-28 16:22:49,2017-09-13,9cadae2f7d27384bdaf7baf5d48adbfe,2017-08-19
f3a03d67d9788246863ec5fc76716777,75f83a990e836eb646dbb3012266cc40,delivered,2017-10-24 14:52:16,2017-10-24 15:07:32,2017-10-25 21:29:56,2017-10-31 21:18:55,2017-11-13,b98645c4171899a971cb5439dfd304f5,2017-10-24
019a242bea1553b3b7e12bc38cb57a23,ff70b0c5553479bb9130858713a7e05b,delivered,2017-10-29 09:06:44,2017-10-31 04:06:21,2017-10-31 16:49:45,2017-11-13 18:47:19,2017-11-22,cd02ea87f23fff05145d05e4275270e1,2017-10-29
c55dca0234aa65398ed85315bcf5b062,e5c1358749c30acca897d993227c70f9,delivered,2018-06-12 20:22:06,2018-06-12 20:45:13,2018-06-13 13:46:00,2018-06-20 22:48:38,2018-07-17,2c145691bbeb9cbe77ea7424be496ef9,2018-06-12
8a8a69afcf838e504bca34a2081a680b,f15cb2508f4645327d9368c3402e6907,delivered,2017-08-08 17:35:09,2017-08-10 03:25:45,2017-08-11 14:06:43,2017-08-24 20:33:40,2017-09-05,a37d2247365b2a9cd6be7f9ed8a640eb,2017-08-08
5aa4778f637df7a41e0df0f10ee0f1c1,574733d6b5888f34d3918ffe1d629bb3,delivered,2017-04-04 17:16:38,2017-04-04 17:25:12,2017-04-06 15:41:22,2017-04-11 16:46:53,2017-04-25,2c58adb81726bab4f6d8836e8d6a217f,2017-04-04
e204c9b2f4c4eda05420bea7f4b7ac03,e64941affe5c05c4ac39ad03d69f8342,delivered,2017-07-04 13:27:14,2017-07-04 13:43:53,2017-07-05 10:23:48,2017-07-17 20:22:54,2017-08-02,a5c62e7e896b7e6ed95d39714f51304a,2017-07-04
7c9524b31589e9c6c9d84d17bc07a966,4db18e7bba09ac5b656a0a5d87f6e490,delivered,2018-05-15 12:12:04,2018-05-15 12:34:36,2018-05-15 14:59:00,2018-05-19 11:41:51,2018-06-07,78790d5fddddad607a9a13cdbd5fdfb1,2018-05-15
4f604161cac7949dd11d13af2a4944b6,c0e5a37ce927e7252e897f52e9bdb242,delivered,2018-07-20 11:10:41,2018-07-21 03:25:13,2018-07-24 14:27:00,2018-07-31 19:58:19,2018-08-14,0130baad44d0ccc44bc7526c1ac18c64,2018-07-20
ec9a51782b5483ba996ab13bc3bbc30d,3a2b4695ef4d00cd124b3e6f2bbcd212,delivered,2017-11-25 23:57:30,2017-11-26 00:20:36,2017-11-27 18:22:28,2017-12-11 15:03:38,2017-12-18,d56257633b86a68ecd4f773ebc8cac33,2017-11-25
bdb9cd40fa95e5b9ee433e9c1b8fa643,c682c376b07e35cfef480f78d130f14e,delivered,2018-04-24 23:44:45,2018-04-24 23:55:19,2018-04-25 15:25:00,2018-04-27 20:38:40,2018-05-10,b23eb80a955e0bc129a03d401ae682b2,2018-04-24
05e756a9715655ae26d98822c44eac0e,505daea6a4fe3f09365ec3d4fb3f2763,delivered,2018-05-17 14:56:38,2018-05-18 01:17:37,2018-05-18 13:33:00,2018-06-07 19:36:44,2018-06-06,0ad611d05148a7466e6ea0f3c508660f,2018-05-17
e885d4ac4244bd62acf41453b5684377,2801d79a4184546d1bcc7edd8a6eeb20,delivered,2018-01-18 13:22:26,2018-01-26 17:03:34,2018-01-29 13:42:14,2018-02-08 22:28:47,2018-02-14,b60b56a62765809c220077046e86475a,2018-01-18
b791cc8ae56058fd49a44d77c52f9150,494280b4db6a55a3a77b346a6395133f,delivered,2018-02-12 19:07:11,2018-02-15 03:47:45,2018-02-17 02:13:11,2018-02-21 13:34:39,2018-03-13,9549ae1ca94ef4cbb014a1ee3c6ffc22,2018-02-12
4a43d3c22320336cee933c3b90a9e55b,e4bfd3a13a21560e8fcbb997f9e7060f,delivered,2018-06-24 13:29:35,2018-06-24 13:59:12,2018-06-25 11:36:00,2018-06-28 14:51:59,2018-07-26,9ac85cfef44b2d9fd49af0ed9e762ef4,2018-06-24
a780ef8e1707e488f029e009123767f3,a2ea4efad2c2da38b23965947c541fb6,delivered,2017-05-07 13:52:16,2017-05-07 14:05:17,2017-05-08 15:45:11,2017-05-19 11:35:48,2017-06-12,0ecaff8e46f981c6e1218331d82d623f,2017-05-07
9f6afd2b6bb5e6ba9d5d9fc54c3c579e,bf332e0150c69e3c4f79d9f7561768dc,delivered,2018-01-02 21:49:40,2018-01-03 21:47:14,2018-01-05 19:34:43,2018-01-09 18:18:57,2018-01-19,cab4feb13c3a3ec71bef996deddb2ca0,2018-01-02
2d7d83fd96dd73654af01305b5c917b7,61ad1278123a413c2c6ae2500d453a10,delivered,2017-07-04 07:51:47,2017-07-04 14:10:19,2017-07-05 09:14:08,2017-07-18 19:39:29,2017-08-03,f3a366103dfc14d3bf924a4ab4ec2401,2017-07-04
76316d08dd15e53a577758b8f09059f0,9f0868f67243497c168be0190ed7a1d7,delivered,2018-02-11 17:52:48,2018-02-11 18:08:22,2018-02-14 17:53:51,2018-02-15 16:32:38,2018-02-26,904ee2bb340d695a5c29576e9e15f313,2018-02-11
f834e3467ee8fd252a9cf386dfac6991,25943239ef2ecee5e700508aba214dc3,delivered,2017-07-08 11:34:46,2017-07-08 11:45:15,2017-07-10 12:49:58,2017-07-18 22:12:32,2017-08-01,eb9962504782c185c94817fbf417dff7,2017-07-08
b5e032ca1418d9722dd033856f836800,a783e0ee89e3bb0bb0937794b4305914,delivered,2018-06-02 12:40:51,2018-06-02 12:55:26,2018-06-04 11:01:00,2018-06-07 16:13:11,2018-06-28,73f9fb2e48e3411e7f10fc6789266602,2018-06-02
f0b2da40b961baf662d31db42b3964e3,06f3fd76e17823db11f5af33cc79ddfe,delivered,2018-01-17 22:58:43,2018-01-17 23:10:34,2018-01-18 16:26:36,2018-02-05 16:59:15,2018-02-19,971257d709595abf1705177bb9e1ed5c,2018-01-17
883de4458b9920e4ec5ce2d4fb663473,e5b4c35110318298cc63deff9c26c169,delivered,2017-02-18 14:04:44,2017-02-19 06:45:19,2017-02-22 09:24:44,2017-03-07 11:13:26,2017-03-21,60247426854cfcb908159accf11109f2,2017-02-18
6170d8a92e5cd9a59e1f17ffdd5bf6ec,7df315ed766f2e365382e051a1642270,delivered,2018-02-24 11:11:20,2018-02-24 11:30:25,2018-02-27 12:22:27,2018-03-08 18:53:38,2018-03-20,252ab93100eb1b94276be1e4c1259d55,2018-02-24
bc877ab9e18f1ce0fda75eab87a0ca8a,23647526d326c88c24aae4523594b0d9,delivered,2017-10-05 15:56:03,2017-10-06 02:25:12,2017-10-11 20:57:59,2017-10-18 21:05:59,2017-10-30,8cc9a827ed019883783b95005b741a74,2017-10-05
88b09d34d523862ed31c57b3c3b310e3,dfaa16f4dc640a8770b7f760d0a4611b,delivered,2017-10-05 23:06:05,2017-10-05 23:30:55,2017-10-06 18:29:53,2017-10-18 18:27:35,2017-10-31,fb0b0f23796b9dda6d428cac76466b8c,2017-10-05
2b10fc23d5db1ae332b19fd2427b28e5,00618f4116647066768ca73893989605,delivered,2018-01-31 11:45:09,2018-01-31 13:54:57,2018-02-01 21:13:52,2018-02-16 21:19:09,2018-02-23,b2c9b1bf57d5e980f6ec3975c65e40ed,2018-01-31
10a2c5cabdf1f2dadfa09ab7491f1f04,4019351b4dc7609ceabb1b5881946195,delivered,2018-07-22 20:18:22,2018-07-23 12:31:54,2018-07-23 20:24:00,2018-07-24 16:21:36,2018-07-31,354ff3ad933b383571d26d356c561c82,2018-07-22
a73c9c5feb02773faae1f58886f5db9e,042427dee0803c0cb485dbf592083a4b,delivered,2018-04-08 17:08:40,2018-04-08 17:29:45,2018-04-09 18:08:21,2018-04-17 19:33:44,2018-05-02,7c7cc02989ccc874eb0b62f2a6682ba8,2018-04-08
02fc46ea58b91abb0507c92e7f6e33ff,c7f1addc1a4563e72059c69e14cf78cd,delivered,2017-08-15 13:12:01,2017-08-15 14:10:18,2017-08-16 15:45:42,2017-08-18 22:27:59,2017-08-28,a35fe301545e571a6369f1927fb09d78,2017-08-15
0f45620a11a03ee4bdf8f0877f47ad28,42f6c1525163111eb6473c014a46fc68,delivered,2017-06-10 16:27:05,2017-06-11 06:42:55,2017-06-13 12:43:47,2017-06-22 15:32:07,2017-07-06,1fe07e5b013e950aa1fb7a3b5bd8db95,2017-06-10
500c03ceb1146ec73ff0263b4d0e0c72,c2bbb78c68867c083d5e470c93f87a08,delivered,2017-12-06 19:37:07,2017-12-06 19:53:41,2017-12-07 21:39:53,2017-12-18 15:15:15,2017-12-29,b0d106613f3f3e5a398b06bbde83f394,2017-12-06
f9a0509d1e42522b51cc9789bbec8c1e,d842d0ebdf90c04a61d3c7ab3cab34a3,delivered,2017-11-20 11:46:30,2017-11-20 12:08:31,2017-11-22 20:02:05,2017-11-28 19:56:38,2017-12-07,7f56220e6daf86b5071cbcc34d1fd022,2017-11-20
d0a44f35dac3f3d6b96edaebca89a315,d4dcf14454693b453529393529b60e90,delivered,2018-02-16 16:02:15,2018-02-16 16:10:33,2018-02-20 13:16:21,2018-02-28 16:57:49,2018-03-22,5e8207fc1134e147415bf1a89730dad6,2018-02-16
9045c310fc95c955a99b9a9298366a64,6a7350848787b437fddcf8b2ca19dfd1,delivered,2018-06-26 14:45:26,2018-06-26 15:15:51,2018-06-28 07:59:00,2018-07-03 17:58:01,2018-07-20,9af330e0b75bef0f037046596df0cf8e,2018-06-26
383607d8aa23cad7a1550dc71f5ae7f6,15deb9a6467d1cb2dccff0c7eaf99380,delivered,2018-01-19 14:28:14,2018-01-19 14:39:25,2018-01-22 17:51:59,2018-01-27 10:35:06,2018-02-16,e6b4538b7f8624277a276ffe0867f549,2018-01-19
7f57d3b8d573e0fd1e3e11c931f8992b,497163d8568c92562094cedd59be9478,delivered,2017-04-22 19:47:24,2017-04-22 20:01:31,2017-04-25 08:24:02,2017-05-04 17:42:18,2017-05-15,83e9cbb7aae1a9b06f45112e4de92347,2017-04-22
2a5f568195087f0d7b94d9c98d203fad,82aa312822e828cafaf42905d0cda1e8,delivered,2017-06-28 11:41:15,2017-06-28 11:55:13,2017-07-04 14:47:51,2017-07-12 17:52:26,2017-07-20,837d83ca2369bcbd52df29f395e9cd45,2017-06-28
3656fe1c2f4a269235d18fc325aecb13,0a2a3b9d1077f4b509232f38c3f2c199,delivered,2017-04-12 18:34:13,2017-04-12 18:45:11,2017-04-13 13:43:17,2017-04-17 13:16:08,2017-05-04,9a0eefac2d296d66e1ab1330e9632f14,2017-04-12
39c6a14b3b53cb560bade12dfc733d11,aa0e3f93c0b17970c0a95ed100fbb6ae,delivered,2017-12-13 18:55:38,2017-12-15 02:17:44,2017-12-15 18:29:48,2017-12-22 20:09:28,2018-01-08,f5cdbeaf2f8a5b1411cfb92121e3b078,2017-12-13
70e30fe7e59801eb344ca1f7e7f0cee6,1fbe094f981836b6b6bf407351c7a7e8,delivered,2018-03-27 11:06:20,2018-03-27 11:15:18,2018-03-28 17:56:43,2018-04-11 22:48:44,2018-04-24,91f2597fd925c505ad569961a08eed8e,2018-03-27
ad90c16e076211ad58babc8c49811cb7,f6474b13a79e71d79897857b8b6c67d5,delivered,2018-05-15 19:43:09,2018-05-15 19:55:22,2018-05-18 11:48:00,2018-06-12 15:02:51,2018-06-08,2542d967894acdc11dbffa8dd2e82a6a,2018-05-15
bd095c62d90e92cb239dcbef7421f1ec,4504555088e2e0428e4673f325031be1,delivered,2018-01-29 18:47:16,2018-01-29 18:55:27,2018-02-01 01:18:53,2018-02-17 10:15:38,2018-02-21,3efe0b5190267d7d221eb2e8a9d20f22,2018-01-29
99a9646b3ae55969f333cc36747297fe,98292572bea55cef9978e190219ffad3,delivered,2018-06-21 20:37:12,2018-06-23 02:20:27,2018-06-28 13:23:00,2018-07-03 03:57:53,2018-07-25,255eddad4c4546b207b7aa406a931e67,2018-06-21
2020bdcbe9edf60fcc9c8a67b9733e2a,526b4f355949a761d3bdb702d6cc3eb5,delivered,2018-03-16 14:56:26,2018-03-16 15:09:35,2018-03-19 15:13:36,2018-03-27 17:22:31,2018-04-10,383df1215110c4ddacf028c26442d415,2018-03-16
87da169130c3778475f71ef7ed36b4d1,c44ed41097ef242726baeae88221801f,delivered,2017-05-21 17:05:07,2017-05-21 17:15:25,2017-05-22 15:45:20,2017-05-24 17:19:55,2017-06-06,563216a35332cb920e1fe83ba6a7dfba,2017-05-21
1308af1ed83bcb145e40683235fdfeb3,8709d8c03e1942524aaf6566a57e4e49,delivered,2018-03-06 09:38:17,2018-03-06 10:49:41,2018-03-13 01:48:18,2018-03-22 22:06:25,2018-04-06,5097528b417fe105b207979d2bdc036a,2018-03-06
34eee68850f6ab8118e4600207afdaf4,ce4c4fef0bf13c20bba8275489e6350b,delivered,2018-08-14 21:18:48,2018-08-15 21:15:25,2018-08-20 13:40:00,2018-08-21 22:21:14,2018-08-23,9b7b99440a9a79215d706296716e5632,2018-08-14
bf364cd2c5add23232b095630312a3c2,0c73d3ffa5eda2d98e6f4474a8e610b0,delivered,2017-12-12 18:35:56,2017-12-13 02:50:58,2017-12-15 17:18:28,2017-12-22 19:08:02,2018-01-05,7fbcf0382792e1e2d10669c049e8fa8a,2017-12-12
505d775eb158590af72d04189474e23c,45acf97b168ec16f75b8e504e62451a4,invoiced,2017-05-16 20:36:18,2017-05-16 20:50:13,,,2017-06-09,44ab13a607f108fd1ee019afda29064a,2017-05-16
641936471bfc717987f997bfed150bd6,1d987c203658c1e86d2e90b023a2dd89,canceled,2017-04-21 16:09:18,2017-04-21 16:21:30,,,2017-05-16,22eb98a12ac2a34e7981df4f66ec2fb3,2017-04-21
e76334c93e9af507d48bc63dba788ae1,39045d6060998a076974587a93d62b14,delivered,2017-09-12 20:05:07,2017-09-12 20:24:08,2017-09-13 19:05:39,2017-09-14 16:09:47,2017-09-22,b1a1d5fdec65cd4c2157493843991df7,2017-09-12
9d47e048cd4a6ff635406a2212b0a7f0,7a3c61993e2404bcfa34a29e12a6ef97,delivered,2018-08-21 19:44:42,2018-08-21 19:55:22,2018-08-23 14:42:00,2018-08-29 20:22:51,2018-09-10,3f6dbcb1be7c3ab43a38f47398532b5b,2018-08-21
d7c6f55ff58694d44ec72b8d807a0269,d9b274a5a8887270550e6967327bf40a,delivered,2017-03-26 08:09:09,2017-03-26 08:42:22,2017-03-28 18:08:05,2017-03-31 20:14:20,2017-04-18,fc0a613c6b9b23d3720b4f8878e1210d,2017-03-26
cedda2f47a1fb16e47db3dc393770701,353fba674bdb2eccc24aea76b0765b0a,delivered,2018-03-15 10:08:00,2018-03-15 10:29:30,2018-03-15 20:56:34,2018-03-16 21:32:42,2018-03-28,bcfd81cb457562d8a60fbe841caa86cb,2018-03-15
3bb74b872f957fed010fcdbeaf517d5f,b321c76c00ab4ac26e6f9714a4a249a7,delivered,2017-09-29 23:52:42,2017-09-30 00:07:09,2017-10-03 16:38:25,2017-10-13 21:12:29,2017-10-26,47ac0b5b994648c0ef789ef99e381f9c,2017-09-29
78420988bdc7bf4dac19e4fe4ccdbd6a,f83433f8f184ba327ebc8f2d559553f4,delivered,2018-07-09 16:43:45,2018-07-10 09:05:25,2018-07-13 11:18:00,2018-08-04 11:22:12,2018-08-09,89e86b0aa3c81c04fa88fa67030f1eae,2018-07-09
7f17ed9fe6d0823eee3396f86c6dea63,9d79415a4d0821d23b778a10755aa9c7,delivered,2017-10-19 19:32:03,2017-10-19 19:46:20,2017-11-01 21:51:23,2017-11-14 21:44:41,2017-11-22,aba4cbce5642248fc726ee1268ccaba0,2017-10-19
1ae12b6aeac8467444bd1b07ab3c793a,dc7633763aa34b15ed79ce81651a5b3e,delivered,2017-11-03 15:16:50,2017-11-03 15:30:56,2017-11-03 21:03:34,2017-11-07 15:49:53,2017-11-24,743b6b21edcc4f0a9be82e591187e0a8,2017-11-03
1a713382b46a79377b949a677d232162,3d780be456ac7e04fd6076475599bbbe,delivered,2018-06-30 21:18:15,2018-06-30 21:30:12,2018-07-03 11:15:00,2018-07-13 13:41:34,2018-08-13,d0e082119880f0a23900a5089d752d6c,2018-06-30
f9a56a1e02546f0d1baf56f282fa0659,84caf560da4490d5fa39fa676442304f,delivered,2017-09-27 11:23:59,2017-09-28 03:04:44,2017-09-28 13:58:09,2017-10-03 16:52:59,2017-10-26,20ba2d4380b84306d894aec13ef08bc7,2017-09-27
61ed1876bd482d2c77e3b085ce949c69,a7de58749b09c1b70e10847d7f8a3986,delivered,2017-02-18 12:23:54,2017-02-19 12:31:37,2017-02-22 14:36:06,2017-03-16 08:50:47,2017-04-05,af3afb557b92d4b738662b63bd68f894,2017-02-18
6db80fb2f35bb76524afa190b4654ff5,feafe685ffdb7b6118f0e3840eb57f64,delivered,2018-04-25 21:21:53,2018-04-26 21:15:23,2018-05-02 14:43:00,2018-05-03 18:28:21,2018-05-09,30f1bbd2465704e83a1214019b02e39d,2018-04-25
b0df6117e4e96271f505589dcd78b944,ef8d10671b9af3eca67b9d4024d50070,delivered,2017-11-14 07:30:44,2017-11-14 07:46:15,2017-11-17 14:11:58,2017-11-28 14:09:59,2017-12-05,80de999c72d38816b997a6a63948c4ba,2017-11-14
4cb054441d2b65e4e0f4fb128f1b7b49,fc493cac52ff802f1a9331e05c493404,delivered,2017-12-15 12:23:36,2017-12-17 12:34:06,2017-12-19 22:59:33,2017-12-28 16:59:25,2018-01-17,c374ed708502418b7604be700f84c0b7,2017-12-15
e17bd911e20bf0862b784df73f0940c9,282074f150991eb0d22d13a6521d0ba2,delivered,2017-10-30 14:40:48,2017-10-30 14:50:45,2017-10-31 18:13:48,2017-11-09 22:38:27,2017-11-27,b0e5e880c9c9983d7960f064f5c642f6,2017-10-30
29420ac99e8348dec23b07c28884e584,6527168356776dd94bcbd72a3fe1e832,delivered,2017-04-26 09:30:33,2017-04-27 13:10:29,2017-05-04 13:08:14,2017-05-08 07:57:48,2017-05-15,f8c078728b779487cd347dc770cc00ae,2017-04-26
42f62f6ce3beb21a0599ef18df6e8f8a,160162292850763914ee43e12bd84f29,delivered,2017-06-12 18:23:32,2017-06-12 18:35:23,2017-06-13 10:16:11,2017-06-19 19:09:53,2017-07-05,35b49d5ce0398f5d528c60422241084e,2017-06-12
e8459d340b6dbb1cc1aded2ff890f067,0bc8e98b6cd57c9fadeee5339a6e08ba,delivered,2017-11-14 22:41:03,2017-11-14 22:55:45,2017-11-21 16:35:36,2017-11-27 19:58:39,2017-12-04,2c289d464b7ecadb63c763b3ce8ceefc,2017-11-14
83def0f84b6e767ac0851e487612e66e,dd38c2b4e7c7546dd95a541d494d5fc3,delivered,2017-11-14 16:09:36,2017-11-14 16:35:32,2017-11-16 22:32:07,2017-11-21 17:17:56,2017-12-04,83eb047458c1950e6622f517dd7a4ace,2017-11-14
0363e6de0e2139c4988c0dba606fcafa,3ca51c5c83761d83b4385b4a1cf5f191,delivered,2018-04-17 12:37:34,2018-04-17 12:53:44,2018-04-24 20:12:50,2018-04-25 12:05:02,2018-04-30,ad6a319ffb5b85e94983a1be40455077,2018-04-17
b268bc99a523c42dc0bfe0149cd1446f,666c901345a407213ee5493214b87fc0,delivered,2018-06-28 09:44:05,2018-06-28 09:55:15,2018-06-28 15:14:00,2018-07-03 20:14:38,2018-07-23,4c96fe3f1bd797b86a71953f09b6c72d,2018-06-28
cfa61e32cb4b079cb21a373580d4af62,7848eca54e368d0c5f108a4c7865a8e3,delivered,2017-09-05 15:56:01,2017-09-07 02:55:41,2017-09-12 15:46:49,2017-09-19 17:12:23,2017-10-11,316931e22a071196028df612c97ceed9,2017-09-05
62e975f28aa68109d68f92298a9327ac,00ba767af52461bf567696d2a6d2909f,delivered,2017-10-25 14:58:58,2017-10-25 15:14:49,2017-10-27 17:26:55,2017-11-08 20:49:30,2017-11-21,4dfa53e424b44b9dcb3965683078712d,2017-10-25
2303956d13919bf90f2a4818bab96a71,80ab302132a7bb80c3162873b0bc23ec,delivered,2018-08-05 11:40:16,2018-08-05 11:50:11,2018-08-06 13:40:00,2018-08-10 15:46:49,2018-08-17,8674bb2f6b1541bf6562004e5ea684f1,2018-08-05
025830a006d984bf712a8c6a1eca41c0,8048f231121e6b83e7042a1d02021b13,delivered,2018-03-09 19:42:31,2018-03-09 19:55:27,2018-03-12 23:02:44,2018-04-11 21:58:46,2018-03-28,a13864ff18b06e8853bfd9d2525ae3b6,2018-03-09
091bd68043b7a721b0d82b5ff36304fa,64951dc059928ade3849eec4adbb689b,delivered,2017-03-03 18:02:51,2017-03-03 18:15:13,2017-03-06 18:53:43,2017-03-13 17:13:58,2017-03-24,9261f1b6e91d365ecd776fbe29d03cd6,2017-03-03
12bab4379a646f08ae89ed0561f5481e,347a3a624ac043af4bc49c2da5b01d95,delivered,2017-10-18 19:41:56,2017-10-20 02:49:34,2017-11-03 22:18:39,2017-11-13 21:02:53,2017-11-09,43e626e91409ae19ce7726fe7597681e,2017-10-18
68ef9f1dd1c75ff6bf1d6ba6d9942f71,2b9c4f6224f4c48aa0df74fbe0fee4ea,shipped,2018-02-28 08:39:25,2018-02-28 08:55:52,2018-02-28 22:17:51,,2018-03-22,0e1d41bfd37919f2c7ffcc9ee5be2ddf,2018-02-28
085dc4386ef92b335b19c17b1ab7876a,cc2560d14b160bfaddc6e058b7d45550,delivered,2017-12-14 12:45:50,2017-12-14 12:58:34,2017-12-20 23:28:11,2017-12-28 11:45:52,2018-01-09,774f507b837d53d048c79ca036082a5b,2017-12-14
4849762eab16354ac93fa3f76324ae57,1dd28f92d803938f46bada3f189cd5e9,delivered,2017-03-13 00:40:20,2017-03-13 00:40:20,2017-03-13 11:23:01,2017-04-04 22:10:06,2017-04-13,8f89a4a0a1d7b8a91a9691fb2d3dfed6,2017-03-13
628c4dc07e38c6a4309d58e8a42e2f27,90006c9239e7ad344dfc506766bd4a9d,delivered,2017-12-24 15:40:09,2017-12-24 15:49:35,2017-12-26 18:12:52,2017-12-29 17:30:15,2018-01-22,b0393dd04c5516902c42d133f56fcee2,2017-12-24
d4c1e781e9d24a003cf92fc0ba8384b0,60b95728fd802d4215c246c2ff792e3c,delivered,2017-11-28 20:44:48,2017-11-28 20:57:12,2017-11-29 19:38:30,2017-12-04 22:12:58,2017-12-18,7b390588b965d6e1b3478340c64ed445,2017-11-28
b0df2d550f7ba78eb5042f07ccc1b08a,f6105caea01b6ad607a561fe0d122de3,delivered,2018-07-01 22:09:57,2018-07-01 22:29:55,2018-07-02 13:43:00,2018-07-09 17:08:41,2018-07-31,992b6c7b2e316b2bf5388e32c5a51390,2018-07-01
6fdd6ca7bdcce986b6a442588af840a3,f13f5be3fb0e2df0eac326aa188c7a68,delivered,2018-03-10 11:59:28,2018-03-10 12:10:31,2018-03-14 23:31:22,2018-04-06 21:08:41,2018-04-10,532155a7e1214ecd05d6c445e3354bc2,2018-03-10
8d79387c949a14812dc166d8fe4039d1,75c10aae5ed03135ec947742e1537be0,delivered,2017-08-09 02:25:08,2017-08-09 02:35:14,2017-08-17 20:08:46,2017-08-28 18:07:55,2017-09-12,63818868fd5328e36af057b775922079,2017-08-09
9914efa57f1a52e1c0a2735c0f927bbf,c29e3f619b98fab35664181a8b8d9ab0,delivered,2018-02-10 21:35:59,2018-02-10 21:50:31,2018-02-14 18:06:08,2018-02-27 22:03:45,2018-03-14,1f8606e742ec7d59838440f20e7fa23e,2018-02-10
cfe7f525524a8cd367ada41bddf72f11,cd799fe9c246bf43b019cca3406afca9,delivered,2018-07-16 17:36:32,2018-07-16 17:50:13,2018-07-19 14:21:00,2018-07-25 17:44:53,2018-08-15,5f315d44fb1f026c6d72c10598711ea5,2018-07-16
93be3c680089cedbd7306a23dba47168,f3edd744e7890de622cd78447f343d0f,delivered,2018-02-26 12:42:32,2018-02-26 12:50:35,2018-02-28 18:13:27,2018-03-06 21:27:50,2018-03-16,dd7b0e9b51e5377bd9c1fd3e286c7b9d,2018-02-26
c4b6ce991d0e0bc8c0538001ee46366f,922c46a72c518d3188451f4970736540,delivered,2017-04-16 19:25:38,2017-04-16 19:35:39,2017-04-25 12:38:52,2017-05-02 14:06:22,2017-05-12,b9c40cf57e5c906df8abfd8682864943,2017-04-16
72897812c44d785964be11c5266c5c28,9bc6a3dd00160559656abcd2ed02ffa7,delivered,2018-04-06 19:54:30,2018-04-06 20:09:29,2018-04-10 16:58:30,2018-04-14 18:23:35,2018-05-02,eb2b2bcadd87189d355aff031bfb9534,2018-04-06
08cce5e2a4a4d08e17cef053da98254b,ae5b997c142cad29cab4f9fe0ed0a02f,delivered,2018-06-20 16:32:06,2018-06-20 17:00:49,2018-06-21 15:20:00,2018-06-28 22:26:30,2018-07-18,b247c07087a8be420ff1f398c89b2c76,2018-06-20
a9047d80280890b3b79607250042dc95,81ef0532e2e2d5100054c7e0152c00ff,delivered,2017-06-19 15:25:29,2017-06-19 15:35:17,2017-06-20 11:13:03,2017-06-30 07:37:28,2017-07-21,21d44451c1a181779c8a9fdc0b98efc5,2017-06-19
72ca7a0edf21ea90416daca244df80ab,aee060003327eefcbb5721a40a3e4144,delivered,2017-12-08 20:51:00,2017-12-08 21:12:01,2017-12-11 23:24:18,2017-12-29 15:05:17,2018-01-10,280bd40787648bfaa6756e2013520c13,2017-12-08
9e79ad9861f8710c1dfb684f37f418ac,434aff98d2a7b723a8275a47925d775b,delivered,2017-09-29 16:30:11,2017-09-29 16:44:19,2017-10-03 20:56:07,2017-10-11 20:18:50,2017-10-26,586fea56b00548491e318f65d6d17588,2017-09-29
0ab73486735f114f9e844522fa9b16ec,7a2e2c861b10856781dc1a45327e6189,delivered,2018-04-27 09:48:57,2018-04-27 10:12:30,2018-04-30 06:27:00,2018-05-08 22:41:37,2018-06-12,6f669b70cf8f200feb01c8c759fdb2f1,2018-04-27
fb2547a335f4231f46fd7b70e9aee046,1961a41144dc48610f2e2da84b0507fe,delivered,2017-07-03 23:04:06,2017-07-03 23:23:23,2017-07-05 09:56:43,2017-07-06 12:03:50,2017-07-14,7e66a5be4404c9c180b1dae1adb09083,2017-07-03
86f651af29913f6312791c5aef8ac619,68db318fa01188d9aa08594fb543704a,delivered,2017-11-24 15:39:57,2017-11-24 19:13:02,2017-11-27 17:18:45,2017-12-06 00:26:49,2017-12-15,75c02da3402c746e9864072d9d4d62f3,2017-11-24
b3ada39a1e9a71ee3b5dc5d61b32f0ca,ca5272c90747dafc99a824f9cafd63dd,delivered,2017-11-04 19:58:30,2017-11-04 20:10:34,2017-11-07 21:12:53,2017-11-13 14:22:20,2017-11-28,f153272ca75661659630de82f3f2084d,2017-11-04
8729a8f7c27d03afe731463091711489,11ec73ddb032be97ae8f0219cce6cfa3,delivered,2016-10-05 17:16:17,2016-10-06 15:52:09,2016-10-30 14:02:20,2016-11-01 18:18:59,2016-12-01,6b4f7aec68e9574e9383d72653ae0ea1,2016-10-05
2f41dbe3e1e76b3d8092ff2bd3ea676f,c98cc9fab2d3bbfe000364a98678a03a,delivered,2018-01-04 19:19:03,2018-01-04 19:28:04,2018-01-05 20:22:20,2018-01-13 00:12:08,2018-02-02,6d91fc3e94d180bd844df659308ee0a1,2018-01-04
1e2c9c8656ce0a547546849a9383ec0b,9af88c5c4913d8884c55c1b4c31cd843,delivered,2018-01-04 12:48:56,2018-01-05 16:09:03,2018-01-08 18:46:35,2018-01-31 17:47:40,2018-01-30,26a3c0f046180447599506e1295ddc33,2018-01-04
5b1ac5be77fb87f6f96cc73e47887575,e3d5f8908d3b4fb38cb028a3b8849966,delivered,2018-01-02 11:55:22,2018-01-03 04:11:32,2018-01-05 10:33:16,2018-01-09 21:48:08,2018-01-24,ad0043fdbad7f7a07f6169bb7a223ac1,2018-01-02
97f1dd40b5bea6a7e3cf78fd83a28cb1,8a4f9a65cf1e6a64ebaba3578c868d1d,delivered,2018-08-24 16:26:08,2018-08-24 16:35:22,2018-08-27 14:32:00,2018-08-30 18:32:02,2018-08-30,6d3db38fba37e90265c4c641fdcf8228,2018-08-24
fc4de496aefe84390ddbb5471ace9a8c,0905bd9a4436e519b45948d992a8a04d,delivered,2018-07-19 12:02:21,2018-07-20 09:43:42,2018-07-20 14:37:00,2018-07-26 01:53:36,2018-08-13,fb0122e601d03542c5c8e3e54c7f897c,2018-07-19
35fdc6a25ee3a21b000346caeee26e29,ccf08221f269e2c8efb102a1a6c98085,delivered,2018-03-20 22:08:37,2018-03-20 22:28:39,2018-03-21 19:44:47,2018-04-16 19:03:33,2018-04-11,3907c8f8f9ce88b817e59a4a5a1f0831,2018-03-20
61baef2a0f106d519247bdd98e7156a6,1e46b6f106ce27d415d81e4989bccc02,delivered,2017-11-13 21:16:41,2017-11-13 21:31:09,2017-11-16 19:31:43,2017-11-21 20:06:57,2017-12-04,881004133bce3a07d40ad3405dfffbd6,2017-11-13
600c05aa649cdbeaaf763a60cd0a12cf,474090b9b8e1541d8ff3f614fb17398e,delivered,2017-07-19 20:19:44,2017-07-19 20:35:12,2017-07-21 20:46:37,2017-07-26 19:56:40,2017-08-03,ea6ad96f2d4ea562128886eee252fc3e,2017-07-19
f3a5912c19c19f1c1bbbb7a47ed9afc6,1598b6d820a0d38b815e6643f972d02f,delivered,2018-08-12 19:39:00,2018-08-12 19:50:10,2018-08-13 12:50:00,2018-08-22 16:17:58,2018-08-30,9e275671202bef53a3e531057fd9c485,2018-08-12
4c7c393fba69ff5ae2565a9065c284b9,d3693d05f3fb5de3160eab1c9e998ab8,delivered,2017-09-17 22:48:08,2017-09-17 23:24:54,2017-09-27 19:08:04,2017-10-10 19:39:04,2017-10-09,629919ede6379e7958a73d93b3f200d8,2017-09-17
052bc85c00310b85dc5b3cae2d25aebb,081cea15eaa6b814b2f0c96821007981,delivered,2017-08-24 12:33:24,2017-08-24 12:45:21,2017-08-28 18:12:44,2017-09-11 21:39:52,2017-09-18,5f5db7ff4bd4aab0f8d503736584ad6a,2017-08-24
6524a88ca27a0b23f796705c11087d6d,6c2369985100e5bb8e2fcaf620252dd6,delivered,2018-08-18 09:43:00,2018-08-18 09:55:12,2018-08-20 13:23:00,2018-08-21 13:18:42,2018-08-27,2a9734cc9012fa6a0dddf72be130aaec,2018-08-18
8bab7ecb4ace6bff0ac3a7cc2dee73d5,61be3daaf57f7dcb63a786734ee6e832,delivered,2018-05-11 08:03:25,2018-05-12 08:11:52,2018-05-16 15:28:00,2018-05-25 17:06:31,2018-06-05,d5e474bbd54ff9219813f4e65858f099,2018-05-11
75090e5cd5378d0ed281964a43e7bca9,b637bb926652e18dcc6fb070691298f7,delivered,2017-04-26 22:11:08,2017-04-27 13:05:36,2017-05-02 15:04:33,2017-05-10 13:28:03,2017-06-08,d7f8e86b4432d80cb7133994497a0999,2017-04-26
604cf9b703209b8e0f87284d5aa05313,b43c7a46b9bb38b8d7a21f6c3da4bb59,delivered,2017-03-23 19:37:31,2017-03-23 19:50:19,2017-03-24 12:34:07,2017-03-29 17:57:58,2017-04-12,07e06867523dbfd3bf0ae7f3a3ed3961,2017-03-23
18045b4512947089463f5efbdaa3c341,210b65c1eb5a1df0da71126a258cfdc3,delivered,2018-07-09 16:06:42,2018-07-09 16:25:23,2018-07-10 14:47:00,2018-07-11 16:19:44,2018-07-19,93eeb8745a219d35b7e32d796528b681,2018-07-09
94c5693f7d8c98da89c3d014fc936bb0,076ad3c88780bf209694cfccc6052540,delivered,2018-04-28 21:16:58,2018-04-28 21:32:29,2018-05-02 12:26:00,2018-05-08 19:25:24,2018-05-28,abfcfba5c1992c4c3d9154d92900276e,2018-04-28
38f57eb1c562736170e0f20b1bb481a6,5c295355b13d4f4f3db98ab515035af6,delivered,2017-12-06 17:59:45,2017-12-06 18:09:29,2017-12-07 18:12:25,2017-12-12 21:38:42,2018-01-09,eceec0d08c47611baace003c6c26dd2b,2017-12-06
c5b0334dd1b5fec8ac7ef5d5721d32d6,b404f80d768c2ad3311a8852a81e5543,delivered,2018-07-20 12:59:49,2018-07-20 13:10:14,2018-07-20 13:59:00,2018-07-23 11:12:14,2018-07-30,38195b3f9f8579b1a21ba8854bf4386d,2018-07-20
d459b5202e74f12e92fd7324e3a9eb68,8718f6c0b91a5e7d40ec2ee9346e88e0,delivered,2017-10-03 14:25:52,2017-10-03 15:26:08,2017-10-04 12:33:32,2017-10-09 22:32:52,2017-10-30,0aeaf849947c2a3a62272fd8f6729538,2017-10-03
739d6b7c96f059453175f2ca21087a83,6a65261dcad2b1ac3c5a6c25d473809e,delivered,2018-04-03 08:07:30,2018-04-03 08:15:15,2018-04-03 20:12:49,2018-04-05 22:26:45,2018-04-13,9674f02855dc82f80b155f2d7d8b6e38,2018-04-03
c58baaf50e63ac84717a1bc9c0a9c991,f06cdfa88172522eef1fff025ea01d0b,delivered,2017-03-20 23:16:55,2017-03-20 23:16:55,2017-03-22 10:46:21,2017-04-05 15:08:06,2017-04-24,bff85330b75023c189b8b2ed2685daa2,2017-03-20
19843d257bf7ac782b0e4763f12b0a2f,be34d8fc402cc78e2fd1dbb151e9ad00,delivered,2018-04-26 11:03:36,2018-04-27 03:31:07,2018-04-27 14:15:00,2018-05-07 15:22:11,2018-05-23,2a2d6f3fcb7abba1230f06289718b0fd,2018-04-26
d464194574b82162a5a34d39082fb826,7582fcfebd9e610e9a7d765a1599679e,delivered,2017-10-28 19:29:26,2017-10-28 19:45:37,2017-11-01 20:38:54,2017-11-03 19:11:11,2017-11-10,b6f549a75631cc92442bb2ad696d8d9d,2017-10-28
a2e3d40e411a2dd9b89be4aaca991101,ac1acb6f8d225a70c72815199f63a383,delivered,2017-07-21 19:20:08,2017-07-25 03:30:16,2017-07-31 21:23:48,2017-08-05 15:13:22,2017-08-21,2bb655e5a68145d14491771f4a29e58f,2017-07-21
3770238340791fdcdaa3354fddeff2c7,ffcbcec4480d074ffd50398e66bff27c,delivered,2017-10-24 08:26:26,2017-10-24 08:35:22,2017-10-25 15:08:20,2017-11-06 17:38:55,2017-11-23,8e15270c95af9aa2ed81fb992e1391fd,2017-10-24
2f6c8229bb3fdf4119d15ce35c9adbd4,9c4b8311bc705b6eb654835cec0b3314,delivered,2018-05-07 13:51:05,2018-05-08 04:54:46,2018-05-10 18:28:00,2018-06-09 09:06:42,2018-05-25,ef58367f6474f46b8188c8635a31d18a,2018-05-07
96cf4805d2e98446035e05b0874255bb,6b6d9a374c988f07d7da7033df7b0914,delivered,2018-01-16 23:04:15,2018-01-16 23:13:21,2018-01-17 21:35:40,2018-02-01 16:56:13,2018-02-09,95828271d6bee6d5eedcd00e639d67a6,2018-01-16
606135eee1f82ed9f028183c267aa8d8,20e939ff61a38393bd8bc3f39f1bc396,delivered,2017-05-19 22:07:19,2017-05-19 22:15:18,2017-05-22 15:26:00,2017-05-30 13:19:27,2017-06-12,27d7f696f79576294166f9d85ec1f293,2017-05-19
83e6338b5cf25dcf222551cb8da8d0d6,3690e975641f01bd07ad635f03dbb894,canceled,2017-08-16 21:32:48,2017-08-19 10:04:56,,,2017-09-14,60b2ec19b8c18082cdb5180106a97cb5,2017-08-16
579d1ca1c229566ac9ad0bb17a50f99b,77ae41d2233b06b7272c078e0ff8e880,delivered,2017-09-07 23:08:29,2017-09-07 23:25:10,2017-09-12 21:37:46,2017-09-30 16:05:44,2017-10-04,24561d5dff99c04231cdc4103b8e03d6,2017-09-07
21df2b96ea32eb3b985c7c87a398b8d0,24566ba6ae931a905a53ddc9fe4cc3ed,delivered,2018-07-03 18:26:24,2018-07-05 16:32:46,2018-07-04 14:44:00,2018-07-12 22:06:55,2018-08-01,f8c35b14155dbda48c971aadbdbc7a27,2018-07-03
d3ba1a847406ac4e4a0c162d1ed5c0e4,7af90bf86067ed853f404630443d3650,delivered,2018-05-09 20:16:04,2018-05-11 02:57:40,2018-05-12 08:55:00,2018-05-23 10:16:48,2018-06-06,e5d71c2a04ee3a370295b3290a85b2fb,2018-05-09
35bc36d5460374d96175822d91d79cd1,7a66a682bc19eccafe78e901ad01cff9,delivered,2018-03-04 17:32:23,2018-03-04 17:49:03,2018-03-07 19:09:29,2018-04-17 20:11:54,2018-03-26,9c90aa9cb66638cee087f0d739075931,2018-03-04
8a54c9464b6ee0a6fe3502c6a6547eca,55a0e99166b39634d9dced4842210f7f,delivered,2018-01-15 14:30:41,2018-01-15 14:50:12,2018-01-15 22:07:13,2018-01-18 17:09:50,2018-02-06,ae0ef1d2e3a62b54a83dadad4db14f5d,2018-01-15
c4769f2899b00a90de4e1650e17174a5,9678552c6248a9fc2cbd38237a805243,delivered,2018-04-17 17:36:50,2018-04-18 02:11:26,2018-04-19 20:04:51,2018-04-23 19:03:56,2018-05-08,090e173ce1d7d8dda9e3e9044b51c5c2,2018-04-17
7daacf43d9593e9a2959cc753578ce09,0359293832be85974700b436b3ddc6ef,delivered,2017-03-27 11:21:21,2017-03-27 11:35:16,2017-03-29 15:47:39,2017-04-07 06:57:26,2017-04-20,68ee254c5cbc9c8f62f9a656c8fbf11b,2017-03-27
ef3a788ee3ed216a86b778030066df63,c1b567e2844710225f86fa21763e2ff6,delivered,2017-12-04 22:41:34,2017-12-05 10:30:46,2017-12-06 19:43:43,2017-12-09 13:08:59,2017-12-20,63e2dd4dab01929f9e1151e90b1a80cc,2017-12-04
de2a90ea49d2d479304633d9a4c25324,0b312ed4cd3253176725070e0567b01f,delivered,2018-05-07 15:01:24,2018-05-07 16:55:46,2018-05-08 15:12:00,2018-05-14 21:00:45,2018-05-29,5f9e57e6275e77379564f6b45b6c9565,2018-05-07
3b2b695f53e89a00f632277ce01b2100,dc6c6bacaee8aaf42d5ce696560033dd,delivered,2018-03-16 00:26:34,2018-03-16 01:55:19,2018-03-17 00:22:09,2018-04-11 21:44:30,2018-04-11,6dd5f0ee9c370d8034d6721c4fea22e4,2018-03-16
c991b8532e7abe41bcfae9b0ae4e8f45,6a2b9e1cf75c8dc7507792227a5d0ee8,delivered,2017-09-16 17:04:01,2017-09-16 17:24:22,2017-09-18 20:22:54,2017-09-22 21:22:14,2017-10-05,d02cbb85434c84acabb8e81bbf064d3e,2017-09-16
0e58e440db9719a92aae3d8ce4201168,7eb65253e071f9123cc70887599b39ee,delivered,2017-11-23 18:20:53,2017-11-25 03:53:26,2017-11-27 21:02:18,2017-12-03 16:54:35,2017-12-07,03cf44ca098593f8dab43ab78f01599a,2017-11-23
564d27104ae4e2c4d3592769b928fee6,9e285acaf2c6d21722c95b867409b8db,delivered,2018-02-05 16:32:23,2018-02-06 07:08:51,2018-02-07 19:28:26,2018-02-08 17:26:46,2018-02-23,928da7f426c6ee36cb9ad00eb8688d11,2018-02-05
e90bdeb22eaefb4d086cfec85e172214,ea275a487f1d42639b01e2a42aa275ae,delivered,2018-01-03 19:39:55,2018-01-05 02:36:44,2018-01-05 22:30:24,2018-02-08 21:29:11,2018-01-19,eebfd4c05820f493577bde5073229808,2018-01-03
1b88975e652b474825e1d68839f836be,3f27a4fd3d61f939a07a45a389c6d0c7,invoiced,2018-04-05 10:50:34,2018-04-05 11:08:11,,,2018-04-17,0311deb2e956cb6966ec4773130ba658,2018-04-05
1fd00a38cb5caa89ca06e82069412d5f,4eebea291949576a28945c39356dd65e,delivered,2018-01-04 15:01:26,2018-01-05 20:31:19,2018-01-16 20:08:52,2018-01-17 22:51:56,2018-01-22,9f39b243fe4ff463c733c9346a8de1fc,2018-01-04
1ab25645a921fdbe187d77753727daa9,d3dd181f6daa8b575c00fde53952411d,delivered,2017-10-11 15:30:52,2017-10-11 15:46:26,2017-10-17 01:48:01,2017-10-24 16:42:14,2017-11-07,0e2493618c951c85d5c80e05d0c92009,2017-10-11
405be8487a7fde1db0bc31ad6b08050a,e25a23b6ec8f03463e9b45176b59fc89,delivered,2017-09-02 16:42:43,2017-09-02 16:55:20,2017-09-05 21:52:45,2017-09-06 20:26:31,2017-09-15,a7e81ef44420c32ed404201355a14e14,2017-09-02
ff89535e175e759e9e3c5795c7e6e7be,c85ee5414c8ecc5cf4e2b17d5ab4ed32,delivered,2017-05-27 12:11:27,2017-05-30 04:30:33,2017-05-30 14:25:23,2017-06-05 14:46:54,2017-06-29,da31b1e727489a49662997c05c745b43,2017-05-27
a805d7a514bcde0719f99ddf2a3bb31d,7332d588234cc7f934719060d1fc60e3,canceled,2018-08-17 14:17:56,,,,2018-09-17,8fe6fc853d687dac18df5b163f84d438,2018-08-17
f22644ff4e2002aee973a3f3f815b135,8f018c09c2b3c8d78f0fc827a5041472,delivered,2018-05-13 17:00:45,2018-05-13 17:12:12,2018-05-15 12:39:00,2018-05-17 22:31:22,2018-05-25,b434a4f306b4eb09c0d57b76f0c4684d,2018-05-13
72c6b41818d5e645f455986b59b7a964,3917cd13f3dd7d8b6124ce56f00e88ae,delivered,2017-01-20 10:58:23,2017-01-20 11:05:24,2017-01-25 16:12:01,2017-02-20 13:34:53,2017-02-23,b824f6981f2ee1c30533c4138572428c,2017-01-20
a3cc222e087c192327ea32dd0eb161cc,bc1b903e51b30e698b5ffa427457bbfb,delivered,2018-04-02 09:35:34,2018-04-02 11:29:22,2018-04-03 17:52:49,2018-04-05 21:34:35,2018-04-19,1eea1926909d76092ca561c81d6f692d,2018-04-02
462d8e94b8f783ee75c23cbcef73748d,4f73f8389d911b8daf64e95c00d2b813,delivered,2018-03-27 12:32:16,2018-03-28 12:30:12,2018-03-29 19:51:48,2018-04-09 14:32:38,2018-04-16,6d19a598909a29728c1385db985d8ded,2018-03-27
26047bf46b017a9f8e502db4ef972500,30f3fadcb05c5f68e3ad4b51d093704a,delivered,2018-03-14 22:43:54,2018-03-14 22:55:34,2018-03-16 20:58:51,2018-03-27 20:48:49,2018-04-02,20c3735ec022a8542e5202c981b5a6d4,2018-03-14
b3666570c67eca46e04bc11a7285f0db,90460028374bf093ad66cb3722b67b14,delivered,2018-08-04 16:36:13,2018-08-04 16:50:14,2018-08-07 10:34:00,2018-08-13 20:18:59,2018-08-21,9eb4ca952e7e366483ff31a07619cad5,2018-08-04
f34fd6ac0a7e90bea64cb88ee0e475c8,8ff3e7037b1a4e96d5dec1f247273ffd,delivered,2018-07-31 19:29:13,2018-08-02 05:15:25,2018-08-02 13:56:00,2018-08-17 16:57:32,2018-08-23,49716b39483fe9b68aaf96c775549384,2018-07-31
63ad5fd77fd359625705305bfb02724b,5bcd71d65408e844d4bf4a73e9ba3bab,delivered,2018-02-14 10:22:35,2018-02-14 10:35:25,2018-02-16 01:23:25,2018-02-19 17:27:21,2018-02-26,387d1f34b1aa9d59d6b45c4f3e9279fe,2018-02-14
e65656d2103b156e7f60dfb3e27c3762,c8113333af250598fb17338445dce4df,delivered,2018-03-11 14:01:40,2018-03-11 14:40:23,2018-03-12 16:56:26,2018-03-20 19:28:49,2018-03-28,b8d5a24b75c1001495f32b01bb45fb54,2018-03-11
3e160e93900d5da52f6a8e6fc88d737c,ca9d6522ba10b57d739f4ab202535b3b,delivered,2017-03-04 19:54:16,2017-03-04 20:05:11,2017-04-03 11:22:55,2017-04-03 15:18:04,2017-03-30,ae20bce4e01b94c297b87bc056200028,2017-03-04
698b838e230eef7b304ba798ecc3ac1c,3c7abb0d2a9066d5585a15c7b39ae58f,delivered,2017-12-11 20:54:11,2017-12-11 21:12:26,2017-12-12 19:56:54,2017-12-28 17:27:24,2018-01-10,10ac9dd3c9585d66b06b38ce700a1b20,2017-12-11
99e1d586758dee362e01030739d3d87a,6e44e2abc8653ed3a1898883a172f547,delivered,2018-03-22 17:24:17,2018-03-22 17:35:37,2018-03-23 19:33:07,2018-04-10 20:42:19,2018-04-13,95b0bd5e07b0079932a7496664f2e854,2018-03-22
5ea6aff99c981e1b3a33743cbad8d546,e8b53c51f1889155d4c2bf79e684ab6e,delivered,2017-09-13 17:36:07,2017-09-13 17:55:15,2017-09-20 14:24:27,2017-09-22 18:18:01,2017-09-29,1bf551ac6c847c8924b69ce9e2b2cf4d,2017-09-13
67a2acb0fc862ad9d5ad0d2548966d5f,6a7e603b2cba1aa89b21273adf00f7b3,delivered,2017-12-12 18:06:35,2017-12-13 02:38:31,2017-12-15 21:12:49,2018-01-04 21:27:44,2018-01-08,a018cc40e638315cbc3e257224e16982,2017-12-12
7470539f5035ecb8d54ba3376ba09487,33b7695371b6758680afe0f96bc53d40,delivered,2018-04-08 16:22:04,2018-04-08 16:30:16,2018-04-11 01:54:33,2018-04-18 16:05:14,2018-05-04,6e4601c012f34f3e2bf3f1a97a25c99e,2018-04-08
34e28e181f142ed3b17dc370a9c22d70,b4de188c4951c5b03bb1d5f1abebf6be,delivered,2017-06-25 22:03:47,2017-06-25 22:15:13,2017-06-26 12:39:21,2017-07-07 17:29:35,2017-07-20,9e13ead8f65867fb0aa7f2eda86eb397,2017-06-25
328ca55e2f1c5493e39c0f3f96156367,76ef757e5f703c07ba565ebe68553f43,delivered,2018-04-16 21:45:20,2018-04-18 03:55:13,2018-04-19 20:48:44,2018-04-26 19:28:57,2018-05-09,6501c2cf879d54bbfaefd4a16d16ade8,2018-04-16
6cd38adf54359273a7b891f4480a809a,b10b4a8b2d231b223ec1fb80b0fe3cb0,delivered,2018-08-25 10:41:50,2018-08-26 10:44:08,2018-08-27 10:56:00,2018-08-30 20:28:41,2018-09-05,aa054b070684f5298f6fcde3a4513b31,2018-08-25
4cd3fa6ef1838f388495edcccfe64c02,d17095ba4834bd45133ddcd35f5372b0,delivered,2018-04-14 16:06:27,2018-04-14 16:31:12,2018-04-16 20:28:24,2018-04-17 20:38:52,2018-05-03,90ad7ee2564b31204dc33e92b506b8a6,2018-04-14
559e3bc7d9dd587ccb23c90505340ee1,185edadac2611dfd19643314264719be,delivered,2018-04-19 06:56:40,2018-04-24 18:05:00,2018-04-25 02:24:23,2018-05-08 21:48:47,2018-05-23,7ca19647e1200895475475186a3e072e,2018-04-19
96f09035ece72cb1bbff425efa9a372a,3dfbc814df98bf7f36e299170f1af8f1,delivered,2017-10-07 14:32:01,2017-10-09 13:49:37,2017-10-17 21:37:45,2017-10-27 21:04:36,2017-11-06,b49bce5690603fca67082d3c8a27d2c8,2017-10-07
44ec3a74b2c9dcfe0f2fa9031613065d,30f523f7def36192efe977b047ab4622,delivered,2018-06-04 19:29:49,2018-06-04 19:53:05,2018-06-05 09:05:00,2018-06-16 13:56:48,2018-07-13,d74f94b54581eed0b6675c48bf5fed5b,2018-06-04
cea5026b69096ddae036dee16fb94afb,ceadec4bf904e52ef6294e93d45b8b37,delivered,2017-02-08 17:48:25,2017-02-10 02:45:38,2017-02-10 15:14:53,2017-02-15 12:42:20,2017-03-07,968b12e1119dfbc70297dab87804ef46,2017-02-08
0277fae7eda81470bf6c87dc570e267a,1b7500033ab2ef2a6e9a8e9b9aa3d660,delivered,2018-02-08 20:14:10,2018-02-08 20:29:06,2018-02-16 00:57:00,2018-03-15 20:51:13,2018-03-09,e8df29dd96676053bccb41ded46935d6,2018-02-08
3d5c01d5bef96b82a7ae8684f1665c31,e0c8e9052318576da8ce43f3d0653f9f,delivered,2018-08-03 15:18:01,2018-08-03 15:30:19,2018-08-03 20:01:00,2018-08-06 19:48:45,2018-08-09,690b10f7165dfcc6e2687a8da1d5aceb,2018-08-03
0ef3432e1de2a568bf55ba299ad130b5,3f5d98eee5439942b85e0098843bc4cc,delivered,2018-02-22 10:18:05,2018-02-22 10:34:28,2018-02-23 19:14:23,2018-03-07 14:24:04,2018-03-16,bbbc7054c34b03503b905cbea71f2684,2018-02-22
05297254c9e41d34c1a38f75ca8656d9,0ad8985d712b965bef0db41bd4331248,delivered,2017-11-24 22:56:56,2017-11-26 22:53:54,2017-12-08 17:21:14,2017-12-15 18:24:56,2017-12-11,96b71af61d01165163b71ae61b354b25,2017-11-24
8b19f852c0580c73cd463337086a312f,21f7c79d481a191d3cde77a97ffd20fb,delivered,2017-04-19 23:55:11,2017-04-21 05:10:35,2017-04-22 12:32:25,2017-04-28 06:44:40,2017-05-09,7828a4a1ee004bbe6665cbffbc4bf2d9,2017-04-19
c4dad201936ed30eef3c94fafa59ed6e,cafd2aa4c46d2009f8ae97c20b2ccbed,delivered,2018-05-24 12:28:44,2018-05-24 12:59:13,2018-05-24 14:59:00,2018-05-25 17:42:25,2018-06-13,efa1d1628ae9aca26075d17f7aa596bd,2018-05-24
8d8c656fea441cd284f65e58233b323f,53f4c6a8bd3e929399321a02c1132f0c,delivered,2018-03-23 22:04:32,2018-03-23 22:27:56,2018-03-29 15:36:54,2018-04-04 19:28:46,2018-04-16,db0cf7c6c7cab8d0e6507d37d86b66e3,2018-03-23
4d8d0b4795fe858361a2b29c14556e83,145fb9bb55f0fdb3d5f89c09f7397946,delivered,2017-09-07 13:20:29,2017-09-07 13:30:13,2017-09-11 15:47:34,2017-09-18 21:56:59,2017-09-27,1a1e9e25eee52e6c8ee31c73a17b06ac,2017-09-07
47f126e7f64951d597355b1f8e2d2f49,78bddc5123d56f373d240a46bc3a97d2,delivered,2017-09-22 01:17:00,2017-09-22 01:30:09,2017-09-26 12:17:45,2017-10-13 18:57:59,2017-10-19,3388d71fa80d27047efcea65408cacfe,2017-09-22
74bc5cd043ebb6cf75b835d27249782f,702e22d4fab7c9b8456e82a4596f66af,delivered,2017-07-17 12:16:11,2017-07-17 12:25:29,2017-07-20 18:22:41,2017-08-08 18:43:03,2017-09-12,595c96ea90c502d0590aa435432a29b6,2017-07-17
1db2abc72703311e809fc353b3cc4b65,4b830f8b64b64b4bfc6fb975d86ff181,canceled,2017-08-02 19:21:07,2017-08-04 02:24:05,,,2017-08-22,d2cbe15b2846fe0c978242abcf9c40e8,2017-08-02
afbfc4a5b3161e9e1f89056b0b3ed238,b6868e9d74f44d57435a65e1bfad9be2,delivered,2018-02-25 16:47:07,2018-02-27 04:31:06,2018-02-27 18:36:07,2018-03-28 19:57:42,2018-03-26,7dfd78a3cb5b7264caabbbe75c9a29ea,2018-02-25
10946918b6dfb9d446d7fd1a39a45055,b8736223535f5503a888a81a00e5a7c3,delivered,2018-05-11 21:26:29,2018-05-11 21:37:07,2018-05-14 14:16:00,2018-05-24 21:35:19,2018-06-07,7c850f9150b71f11b92bfdabfdd3d30b,2018-05-11
ca64fa08707e6364a46a92d4092695ba,37c3241a1f076ae4d97f0b6c303384b3,delivered,2017-07-13 18:53:00,2017-07-14 02:30:14,2017-07-14 16:49:30,2017-07-26 17:56:39,2017-08-16,e41c430dcbbf5586a5ce447df1e37f04,2017-07-13
1f1812e687e3fe5ba82f09ebd3b93027,20ca1409bd63bc81c3e769e32a17f004,delivered,2017-07-07 14:21:39,2017-07-07 14:43:24,2017-07-10 18:51:58,2017-07-15 10:56:38,2017-07-31,911e391cb1231df9bf858577fe7f3e82,2017-07-07
ce8bc9d1350f5e9b6b22fcf981df3aa2,308aab7e9b6b7de09b6d244aa9abd218,delivered,2018-08-06 21:02:45,2018-08-06 21:15:17,2018-08-14 16:18:00,2018-08-21 01:54:24,2018-08-20,4a54835bbf6aead850517a77b8aea16e,2018-08-06
486970ef07e7ed3cce9ac167bc49e245,4deff69c14a8ec4b5489328936af4214,delivered,2018-06-06 13:24:00,2018-06-06 13:35:11,2018-06-06 14:49:00,2018-06-25 18:12:00,2018-07-17,37a8368e257edcccfe97f0edc7c72a96,2018-06-06
b0d1dbaf457a73a6acece6bafe89b9e7,2cf009122c9e8663f101b48ac6a60ff6,delivered,2017-12-06 22:43:30,2017-12-06 22:50:33,2017-12-08 21:28:46,2017-12-18 20:03:28,2018-01-02,a9fa9a5b7dd54d11fd541b60aab448c8,2017-12-06
9fa022506ea0764d8987a060dd6cd2a6,b6879da0a2a2bc9a35e015cbde01a51a,delivered,2017-07-10 19:41:28,2017-07-12 02:10:15,2017-07-18 19:42:50,2017-07-27 20:27:54,2017-08-08,91d566fccdd231e7906ae7f87b823f6b,2017-07-10
df339f81c46dc0bf186cb6307d7cdb6a,24c4002e71e045fd2ab92a4335f82703,delivered,2017-12-22 16:23:48,2017-12-23 02:13:35,2017-12-27 18:18:04,2018-01-03 18:24:43,2018-01-24,84b690d2579954a31de654b687c6228a,2017-12-22
7d2fd74a17ae87c4bf3f882f55b81515,372922185b99948dd405acc9e0d55828,delivered,2018-08-10 20:43:30,2018-08-10 20:55:24,2018-08-13 06:48:00,2018-08-16 18:28:41,2018-08-30,3bfe0607a8777c8e9bfb7d6bcf44aa0a,2018-08-10
ee42c12c15a059baf7ed413b090b2bc1,7ab5e3ad32b7e7648484b3bdf77d4f55,delivered,2018-02-22 18:11:25,2018-02-22 18:29:37,2018-02-23 22:35:19,2018-02-26 19:17:16,2018-03-08,9b73da29e198e5d12828f584b76cf471,2018-02-22
becbd0e26ba3a2cfffc4d318c2846de5,6214f10b91457747fee2bd960d160a8b,delivered,2017-12-08 11:08:54,2017-12-08 11:20:41,2018-01-09 12:59:22,2018-01-10 15:53:26,2018-01-02,54a3ba9ec6cf37d826fd98acb9f26ede,2017-12-08
b778fd298c71b362595bb3c3cd79c00c,b8d4ad8f2c0da3ff8ba7ddb5ed98a0b2,delivered,2017-12-06 09:52:27,2017-12-06 09:59:25,2017-12-06 20:56:53,2018-01-03 20:25:57,2018-01-02,e62dfc5c6c621c53845d9ab498a16f3f,2017-12-06
3da7a532b6ae989967fda8b6e790f2da,842f092867d93b2438c83bcac57d3a83,delivered,2018-01-04 10:38:31,2018-01-04 10:49:22,2018-01-05 20:07:16,2018-01-08 23:37:17,2018-01-22,dfd43fe82bbb6cb0f9c46142451bf66b,2018-01-04
f168e356f5ea5a1788381ad7d44bcc40,57cd8bc54e0c5c4a46a7d26f572f237b,delivered,2017-11-16 07:55:30,2017-11-16 08:10:21,2017-11-17 23:38:55,2017-11-22 00:21:27,2017-11-29,2b3d38f62ac89a0a3f16155aa0cc2750,2017-11-16
1565a76a3a30915bbcab8d5e698836cc,0184a596785fae3af62eb04f7c4221f4,delivered,2018-05-18 11:34:32,2018-05-18 13:26:09,2018-05-21 19:00:00,2018-05-23 20:34:33,2018-05-29,7cf6ad5293836d05e22afaa6accf18bc,2018-05-18
a6a5d5673d42186a8b8b94ad29b59897,f273dd8c96c0c0ae03dd3cba3014f4cb,delivered,2017-05-15 00:45:02,2017-05-16 01:00:34,2017-06-21 15:26:48,2017-07-20 17:26:10,2017-06-19,6b99d13a1a3299af3a6261bc1263d3e5,2017-05-15
d5558a097766363b8e76b38c43332e8a,49a4fe701c3d30eac6c180908e665ebb,delivered,2017-02-04 19:01:33,2017-02-04 19:31:12,2017-02-15 08:55:26,2017-02-10 07:58:32,2017-03-01,8612673f1121d1da48f141ee9dceb20b,2017-02-04
a027b795d174ac4c8c7fd853838b5744,cf13a089ed6e356ea5195f21e3d5d7b3,unavailable,2017-12-12 14:07:04,2017-12-12 14:49:58,,,2018-01-11,2ca0a7618ffe667bca2d25dfe576e25b,2017-12-12
1c408e58ac79e01aff0f0c29b1322ebe,51ac86c658c5b32eaf747eb4287f9e34,delivered,2018-01-07 11:47:16,2018-01-07 11:56:29,2018-01-10 18:36:40,2018-01-13 02:26:38,2018-01-31,1ce6662e2bd2879094fb4118f6b2d578,2018-01-07
b1e9076d07f0a18048ce3182655825f8,002ff70a5285669011090c077ef929af,delivered,2018-08-05 13:19:28,2018-08-05 13:35:14,2018-08-06 13:34:00,2018-08-09 17:25:38,2018-08-17,9bca65d60b3dffad98eafa3c50101fad,2018-08-05
13a20feb32c40abb62e7c279b664264b,66ea6e407cd72fa258a48793823a976a,delivered,2017-08-16 11:55:35,2017-08-16 17:10:24,2017-08-17 20:33:13,2017-08-18 14:17:55,2017-09-08,0e00daddecfabd465d514a0b11bfed6c,2017-08-16
2aad3ba5eaa0bcda42cc8fec92d395a3,e42bf264afc395bc0a0af379bf5cb888,delivered,2017-05-18 15:20:27,2017-05-18 15:30:20,2017-05-24 16:38:01,2017-06-06 08:03:25,2017-06-13,349b84f71fad75601b48f1db94e40dcd,2017-05-18
5dc67b2280a40b4fcf45ea52bc3b1798,4b32f83196998cff6c624822c33dac7a,delivered,2018-01-23 11:19:00,2018-01-23 11:38:00,2018-01-24 22:24:49,2018-01-26 16:59:08,2018-02-07,97a958fecdce1a11c13a7db0f6fb4d54,2018-01-23
a3925c1c7a9d4544b8b2a2d34988be43,24cba367364e421110e32838a6e1efba,delivered,2017-08-01 14:32:24,2017-08-01 14:45:19,2017-08-10 18:37:33,2017-08-17 18:34:00,2017-08-25,6af21304f6b3cb7e6ea276b0138193a8,2017-08-01
17741d347806fbe91c72a69918b484ca,d58c07eea7de10eca37d9a61ab7a5e16,delivered,2017-09-23 21:17:23,2017-09-26 03:35:24,2017-10-03 10:12:46,2017-10-17 20:58:32,2017-10-27,75571cecfdabc450ea36b40484fdc052,2017-09-23
e920944a200b0bbe19a0cdf27cc3524f,96f0f6cf86a7922f66a58ba8be3c1eb4,delivered,2018-04-09 00:03:18,2018-04-09 00:10:14,2018-04-13 20:46:36,2018-04-19 19:25:44,2018-04-27,f1df02a6fa6c4a82107f148627f65022,2018-04-09
a7400d3fec66a843cb54bd2396f75df2,28730d4a6f55626291fef3337baa4398,delivered,2018-06-20 11:00:29,2018-06-20 11:26:11,2018-06-22 08:54:00,2018-06-25 18:15:33,2018-07-11,dee6b8918a94b49f5461603abe94bfcd,2018-06-20
bc54eadd50eb0e830200b242f32152bd,aa3cdc56190e8af89caac31d0c2cdcf1,delivered,2018-02-23 12:04:01,2018-02-23 14:15:53,2018-02-26 23:58:50,2018-03-09 16:08:31,2018-03-21,014410afdd8e0393ec17e9d8488449e0,2018-02-23
b939c777ffdf0dba4013db55bc148457,a7bca92dd19ae1068ad6d0bd6fa44b8c,delivered,2018-03-10 20:36:59,2018-03-10 20:47:39,2018-03-19 18:41:18,2018-04-15 15:08:37,2018-04-27,b9e8addf4dc38a0070d330243e27f5f9,2018-03-10
29120f643cc96827e25210e076335805,8d0a9e28a092d4e8e8d97154f28f988a,delivered,2018-05-13 16:54:57,2018-05-13 17:12:11,2018-05-18 15:12:00,2018-06-07 21:19:50,2018-06-06,e3f149701030147c78adcac111d660ab,2018-05-13
7aa5fe5b772da0099ed083f51f800e8c,d63c8c779598c3f678248a820c6f56d3,delivered,2018-08-07 17:57:28,2018-08-07 18:10:15,2018-08-13 05:13:00,2018-08-17 18:18:36,2018-08-20,fae912ffcd1204d3c05f97213032eae7,2018-08-07
c2c7db553def6f2b47769b8bd9d08432,b8a225be894b6a23995331cd91d0fc60,delivered,2017-06-27 11:15:52,2017-06-27 11:55:14,2017-06-28 15:34:13,2017-07-05 11:46:04,2017-07-19,6f0537a5373948c640e5501b897e85dc,2017-06-27
ace93d8571d1d9638e9b7b0d70b9b5db,9a33c1a33043079350725b88636bbdd7,delivered,2017-07-24 11:14:05,2017-07-24 11:35:07,2017-07-24 16:42:47,2017-08-04 21:54:00,2017-08-17,dc634b0bee25db0c2d3f526e715dcbfd,2017-07-24
dc5f1b52c9effb2ca43d8ddbae249f10,d64a08de709e077018f8950694c25602,delivered,2017-12-11 08:18:54,2017-12-11 09:01:59,2017-12-15 18:21:54,2017-12-21 22:52:53,2018-01-04,c52b04ccada9ec1baabcb4853e8a212d,2017-12-11
1fd38186652acff41fc3e9e65013618a,b2948d9d07f52967e94d91d7ad999c91,delivered,2018-05-16 12:19:35,2018-05-16 12:39:38,2018-05-16 13:10:00,2018-05-23 17:18:36,2018-06-22,3c08208c1c33f579bd243d16e095d762,2018-05-16
4e279bc55cb8b7abc5a2c1ecdcb6b08e,ad09bfb021e70165d9590b7976cc6f33,delivered,2018-01-10 16:46:22,2018-01-10 16:58:31,2018-01-11 21:48:51,2018-02-01 12:03:58,2018-02-09,818980106a51173e54f72529c04f6b53,2018-01-10
0c4a23679a622eb0793aaabdc6ce5750,61bf256e81b104925bc8323ddda7cae4,delivered,2017-08-25 18:45:08,2017-08-25 19:06:00,2017-08-29 20:04:29,2017-09-21 13:52:42,2017-09-19,930e9f0d9455cb3951d1b2c258dfc9bc,2017-08-25
7ee6fa7da5936797c7ad71d02024d65e,cba07d9fe812b56f21ff8b4b72cb121c,delivered,2017-12-23 18:30:20,2017-12-27 04:07:31,2017-12-28 21:57:38,2017-12-29 16:52:03,2018-01-15,58b13e38278bc529ac05bb4b526cdbfb,2017-12-23
ddc6de714ab6793dd55ef3b191352906,a0e47f67969c2f4a301e64a2e191456f,delivered,2017-08-03 16:29:09,2017-08-03 17:10:15,2017-08-04 20:59:26,2017-08-08 16:07:44,2017-08-16,86d4ade546938f7f81621ac41a89cc5d,2017-08-03
40f29dd4112775a07ef4bcf5475642bb,bd3fc6f52431b710a9344958480be7a9,delivered,2017-11-25 23:38:28,2017-11-25 23:46:44,2017-11-29 00:22:16,2017-11-30 18:07:21,2017-12-20,3fedeeaeef471bd822f9381d87a46102,2017-11-25
0ac37dcbb2a733a4d81866a91ff65965,9e16e5717003b3e55ba4b40c22e8834e,delivered,2018-07-01 22:57:05,2018-07-01 23:10:12,2018-07-02 15:44:00,2018-07-10 20:10:29,2018-08-06,3f0348a29d7fa6f4ab557653f87473a6,2018-07-01
969c73dd2cf6f487633983f1e4eba3e7,f1d8941df4d2351d5cf88c5504119207,delivered,2017-07-23 14:16:19,2017-07-24 10:35:20,2017-07-25 22:46:42,2017-07-27 19:43:41,2017-08-16,d7536e2dd23e729efa38bb5c57355483,2017-07-23
90e7e2115b8dc9871bde5f581fc08313,11a10448e2adeaa0f579ccd356a6a3f1,delivered,2017-05-25 21:42:15,2017-05-25 21:55:06,2017-05-29 11:04:55,2017-06-06 14:05:35,2017-06-27,02d50470ba933abc280ae8815ae03d74,2017-05-25
e01d0329ac61c8582a1c115d9af33530,711db73575cd5b4fe3b548c21fe53d46,delivered,2018-03-05 11:23:21,2018-03-05 12:00:34,2018-03-06 15:06:44,2018-03-14 18:51:39,2018-03-26,2927ce060949fd0254743a59f113578f,2018-03-05
bd6a5598892338bf9e6ad1f5ba2d1f4c,405901129a10fc58c472bf5555e20d48,delivered,2017-03-27 09:49:56,2017-03-27 10:02:18,2017-03-28 12:33:14,2017-04-10 10:05:47,2017-04-24,5957410ced0fd9bf30b1612ad0e4beaf,2017-03-27
921b979d6940e958b136142b40312457,a5c3e28a3c416b08493f6c9d42151a36,delivered,2018-08-14 07:56:23,2018-08-14 08:10:21,2018-08-14 14:11:00,2018-08-15 18:36:43,2018-08-29,ac90b1a015cbd59913c358a8f0a7b5f1,2018-08-14
3f705be88be989c7560bc8dfd5d79dcc,163691efc6753a5bb2e5c85987c59166,delivered,2018-01-21 05:39:32,2018-01-22 14:28:44,2018-01-23 21:13:28,2018-01-30 23:06:31,2018-02-14,e30de13eeaf61271c16ae7ac68f763e4,2018-01-21
90c7f72cacf60b2a63da77187689e3d1,a3fd0ceb125291d15c1708931ec47218,delivered,2018-01-04 18:18:46,2018-01-06 02:08:49,2018-01-10 13:25:43,2018-01-12 22:22:00,2018-01-29,26b3f416e733946bfe1846edf815cd59,2018-01-04
6ec4bd1ab5a6833d9129bc04859db56e,b43d44f5ef38ef51e3c44a68898642e3,delivered,2017-11-21 19:39:36,2017-11-21 19:52:20,2017-11-22 14:21:48,2017-11-28 20:55:41,2017-12-13,450e6fdff1cc481b9e1e858b23d98fbc,2017-11-21
224a57164e7d58e7d551cdc70d6d902d,29ee61d7bce36b9cf564afc6bede150f,delivered,2017-12-15 13:07:21,2017-12-15 13:15:27,2017-12-18 19:18:37,2018-01-19 14:07:49,2018-01-26,20001d07954025179c613496803181a6,2017-12-15
f434066a90c729686966ab151fa4c7ec,17c3c21b444bea4f4893c57978ecf186,unavailable,2018-01-19 01:08:20,2018-01-20 01:19:33,,,2018-02-15,693c64859208c1cc7bb6f65c73836841,2018-01-19
19ba784efbf17691a04ac155893e93b8,f53789fc4a603015c6e5a040fffb6cac,delivered,2018-08-07 13:03:24,2018-08-07 13:15:18,2018-08-08 14:43:00,2018-08-14 02:08:42,2018-08-13,0ab5276daf22c0222983596592f7986a,2018-08-07
33dbd2002d80438989cc32296d1a2ed9,7349bc741ff5280290064d08ecf1eb62,delivered,2017-10-21 17:56:41,2017-10-21 18:14:17,2017-10-26 21:58:37,2017-10-27 17:44:01,2017-11-08,baa8144c90cc484cda27858b86a32f99,2017-10-21
99a3c8e51539b3ccb221a27cc29367f2,2d5fffafdb7a4df6df450ab48689a7b0,delivered,2018-02-13 14:34:57,2018-02-13 15:07:55,2018-02-16 00:22:31,2018-03-05 15:30:04,2018-03-14,034cd8fe25a4127c957dcc3c559865e1,2018-02-13
9f13927ccc18f46d4775442f5bda0459,c6fc811dda97cfc9b714c12f45e91ebe,delivered,2018-08-09 20:37:40,2018-08-09 20:50:17,2018-08-10 12:34:00,2018-08-22 21:12:53,2018-08-28,2cac668bd8be5a17a5ec4e1113e1243e,2018-08-09
576d9e6af8fd6888f42db26fb8bfc21a,ca49a9c7520f200db472140d566f4934,delivered,2018-04-29 15:17:48,2018-04-29 15:34:50,2018-05-02 13:40:00,2018-05-10 19:12:59,2018-05-18,105e25b71da608ff7ce69c4a3ae328ad,2018-04-29
425fcc243ccff35a28b40a54a506487b,acfc8c1edda9db2f54e88501df71e42e,delivered,2018-06-08 21:11:15,2018-06-08 21:39:26,2018-06-13 14:34:00,2018-06-15 16:26:38,2018-06-29,5ca59bab56181fa331bf3c0689f326d6,2018-06-08
23939807bace6dc4e9701a868e697f76,cc08e0f57bfd0c838ec360bf18a43ff0,delivered,2018-08-02 16:44:23,2018-08-04 04:24:08,2018-08-06 14:50:00,2018-08-09 17:36:47,2018-08-10,cf5e22c7bc24e94ed405938a1f4517a9,2018-08-02
056f1217c54403f6300ea6b50f6716d5,cfa2107afc077becb6d5c6538772c060,delivered,2017-11-07 18:12:18,2017-11-07 18:30:53,2017-11-09 10:24:58,2017-11-14 16:37:10,2017-11-27,adb359c7a3a7d05971f87478bbafbe7f,2017-11-07
858f8fbff9d717450f931fc6e9d15029,b159734fd8a05b497cb4907056824f6b,unavailable,2017-10-10 12:09:59,2017-10-10 12:29:53,,,2017-11-08,3eb7932f075743f0e50b0d9966707e6f,2017-10-10
18dd3f41a84cc95b6106008449cba262,326cbc06e2f48fa67a884ddfa1694412,delivered,2017-08-25 10:20:51,2017-08-26 02:10:15,2017-08-29 15:49:11,2017-09-20 17:55:29,2017-09-28,bd0512ab6c631a62fdc974a682600f56,2017-08-25
b96d1eec0b6f42ab363018c8f68c2254,4d3c8544c15c6485f585f143cf79cfd3,delivered,2018-06-15 14:37:17,2018-06-15 15:03:45,2018-06-18 10:57:00,2018-06-21 15:08:24,2018-07-05,3394b34a431d6a6357c188dbc1f8c0d1,2018-06-15
7b08446d3c48c10ae15e7d09e16e725a,782cddca87150c8ef0de9f360ffb7bf5,delivered,2018-05-30 13:42:13,2018-05-30 14:20:39,2018-06-01 12:23:00,2018-06-19 00:57:32,2018-07-23,0143a04eabe01ceb3a9fe2dde984e2b0,2018-05-30
27b26761047c76d67bee79dc2274df52,c6d4d749d1e1d2ff8f9e23c0f14cae25,delivered,2017-10-19 20:47:41,2017-10-20 13:15:05,2017-10-23 17:42:51,2017-10-31 21:54:30,2017-11-09,cf956c1231a33142c43d18c1de4e6a3a,2017-10-19
7e64edc21c29eb4ab27967e6462683b3,a89e9e4afe74397b3265aabd5b74d143,delivered,2018-06-20 16:41:45,2018-06-20 17:00:59,2018-06-28 11:22:00,2018-06-30 00:42:33,2018-07-12,13171de95e9334fadd9fbf009ed9009c,2018-06-20
726f3a5a67d986cbbf10bbc4f72cd4fe,dad626915d10f328fe7bd2eaa3a27e88,delivered,2018-08-07 16:20:05,2018-08-07 16:35:26,2018-08-10 09:28:00,2018-08-13 19:26:28,2018-08-13,bb4a3692528ba5e5b93b120642ef8474,2018-08-07
f02b294da37145d798be2c6143628850,af54dbbeea72cf84e927383202d45e18,delivered,2018-03-12 14:50:18,2018-03-13 03:50:44,2018-03-14 00:57:34,2018-03-27 19:48:30,2018-04-05,77cee5b6d2b971d03a87a33cea65c93e,2018-03-12
7caf5a3cc5b5e6a117a963be598bbae1,c5be23d385030fdbf83a9a02aab53b7d,delivered,2017-05-15 09:02:34,2017-05-15 09:10:16,2017-05-15 21:19:40,2017-05-19 15:49:40,2017-05-24,885db1ec0550fecf044e9a00dd51956b,2017-05-15
f81e71dd7c044a9ee7c1d6e37d68d64f,953f71324f3a770118c88a42363655b2,canceled,2018-08-15 08:34:42,,,,2018-09-12,08f334e84bc7ab7b588cb7fc77dd7f4a,2018-08-15
208e05b081036510b22aee2ff50a28c3,92c27dc71558f8edff69ad4068331e72,delivered,2018-08-15 08:52:02,2018-08-15 09:04:09,2018-08-16 11:53:00,2018-08-22 18:16:38,2018-08-30,046728049e76c60b3194851ce65ae9fb,2018-08-15
0ca8b6de19bde0d4ed1fe6f90f475ab5,1033b4922196d44bddafa67bdd942a8d,delivered,2017-12-11 10:00:41,2017-12-11 10:10:59,2017-12-13 21:58:39,2017-12-15 19:43:31,2017-12-28,0aec6e808fdded98ceda0f825a0240da,2017-12-11
dc9d98442e1b036b58ba9dadf51a52ef,7fff48e646846dd8b43891eaf34e71d6,delivered,2018-08-07 22:17:36,2018-08-07 22:30:13,2018-08-08 16:52:00,2018-08-11 18:45:42,2018-08-21,aaa42eb92a24abceefe71575b6042643,2018-08-07
1bf3cf4f3a842f629a7a52e336d96263,e377292245ecb36b1a471babbdda76de,delivered,2017-07-03 09:46:24,2017-07-03 09:55:16,2017-07-03 11:32:15,2017-07-11 16:36:47,2017-08-04,a980849fd0c3fdee84e1e323e8ce9a62,2017-07-03
ad62ce74c314772d34c956d73fb305f3,bbf02c631b2d633a8532316e697e71b4,delivered,2017-10-03 11:02:27,2017-10-04 02:56:22,2017-10-04 16:13:05,2017-10-06 12:28:45,2017-10-19,d8e4bf349af9df104faeef494ad2c6de,2017-10-03
4abe4e3e946e22c0f181765f83b2579b,7c54c8760b21bd81b3f0f77f3d068952,delivered,2018-03-25 16:21:32,2018-03-25 16:31:48,2018-03-27 01:18:52,2018-04-12 18:27:26,2018-04-23,35b2d70f1cb8c513340cd874d7a6cea0,2018-03-25
01bb5b3cb7df4da98ea2214d083784c4,a3b369b287f0fb3acdbd673d88cc3076,delivered,2017-05-28 15:00:23,2017-05-30 04:50:24,2017-05-30 08:34:01,2017-06-13 13:04:18,2017-06-19,3a54b74d74d5830855a03bbf6edbd70f,2017-05-28
0e685171210978ef27d06f208612c8be,6ae2c74898e63a9bcb85e3107799b4f4,delivered,2017-08-24 22:02:10,2017-08-26 02:05:57,2017-08-28 13:44:57,2017-09-06 18:56:53,2017-09-18,8baafc5b41ea5c1bfdbfb4cf91d71d54,2017-08-24
17528d72766893a90deabc12ffc91207,cd7f52e725467143b7ed30100a8bd63e,delivered,2017-12-06 13:15:33,2017-12-06 13:32:26,2017-12-08 19:06:57,2017-12-14 21:48:44,2017-12-29,150f4a8d730c3973097062946a5369ec,2017-12-06
e5e40991ee40d56c69312d1736f84cdd,c368c88299f8e3e90dc228c51a241b5b,delivered,2017-11-05 20:03:17,2017-11-05 20:10:39,2017-11-07 16:28:48,2017-11-11 10:04:04,2017-12-05,bd9e8963c5cc40946d3e404fec35ab9c,2017-11-05
e4a4383d0ef8c742a8c2c58be61b9722,674bd561f2a7868436ca0e8589b0b3f0,delivered,2017-11-12 11:31:41,2017-11-12 11:46:27,2017-11-14 21:32:05,2017-11-22 18:13:56,2017-12-04,6d6d6b0f7220c1ac2952f402c4213c83,2017-11-12
719beedd6c2193b3e1e1ea1d2706eaf1,0839786620cd7ef6e2da4abca81ac42d,delivered,2018-06-20 14:02:25,2018-06-20 14:18:42,2018-06-20 13:32:00,2018-06-21 15:04:21,2018-07-05,7cc84ca2c968110de3d5fdd67e5d0589,2018-06-20
3e47a8cc66024053901d7313a7d2a0b7,60ce73e9775f73dbdbc1ae5fbd9c2d73,delivered,2018-01-29 10:22:51,2018-01-31 14:31:48,2018-02-01 00:27:46,2018-04-13 17:14:24,2018-03-05,7e6009894a640a33f5357552877bcabb,2018-01-29
2c283d6fe3628e20caec652ad3703c7e,3fbbc212fc65fe7bbcfd10e1de5f3748,delivered,2018-02-09 13:56:23,2018-02-09 14:15:43,2018-02-14 17:05:50,2018-03-09 22:24:51,2018-03-14,158782d4ba53470b685361c5c84b310c,2018-02-09
31874b1728b2dc2adbd7ac767892fce0,daf22b7353d8e5021df9894b32dd6b45,delivered,2018-06-02 08:47:12,2018-06-02 08:55:27,2018-06-04 13:49:00,2018-06-26 18:50:45,2018-07-17,bfe6b5289dd1cec948d3714ae5453392,2018-06-02
31be4a9a42c356eb746eee159757c1b5,aff2bc2049dba7f43d6997a6e0994a1f,delivered,2017-07-09 14:42:48,2017-07-09 14:55:12,2017-07-11 19:43:54,2017-07-28 13:47:54,2017-07-21,71dbcb0126e65f6f0b396e8f36752972,2017-07-09
b1a8f9e83e8f8ebbd4393a2d846f9a8f,2f4d8102bda583f251263fd4c635d215,delivered,2018-08-08 22:22:00,2018-08-10 03:10:08,2018-08-10 14:34:00,2018-08-23 20:56:38,2018-09-03,db519d3abd3654c2670b23dd2bc4557c,2018-08-08
eb9cf2c383ca81f5d9750cc9e75fef41,1db74a8b644afe5d02543026ba693e76,delivered,2017-01-12 23:11:07,2017-01-12 23:25:13,2017-01-18 15:23:33,2017-01-31 13:42:14,2017-02-22,9ab6e9ce8afdb15b37eaa92421cb81e6,2017-01-12
e156fa52d1754d15b5be6ec616331b99,7da29294f20d94ec7eaadf109a81d54d,delivered,2017-06-28 22:00:30,2017-06-28 22:10:22,2017-06-29 14:15:40,2017-07-04 16:27:59,2017-07-20,51b7582a0c301b12db30713f39a23530,2017-06-28
375d01d18f644eb19328130122fcc9ef,46ce57b8f1721044536796261b69e637,delivered,2018-06-18 15:02:38,2018-06-18 15:17:30,2018-06-25 12:47:00,2018-06-26 17:14:50,2018-07-05,b9ab65a7b525847dbc422b9ba80a275a,2018-06-18
0170e40334131d971605ae70efb33e4f,c0c87e50917bad186dc13135c1820d25,delivered,2018-07-18 07:17:35,2018-07-19 04:35:18,2018-07-19 11:02:00,2018-07-27 17:02:28,2018-08-10,dc09df53d23ae01d6b42b547913aa2ba,2018-07-18
84919c45bc47815d2b211367a0149ffe,06e91d7b3e9c206aab9bc9fdfecffb26,delivered,2018-04-14 10:39:22,2018-04-14 10:50:54,2018-04-16 17:52:08,2018-04-20 19:24:24,2018-05-04,b28b38d48d8ff217e497c8f95805d7aa,2018-04-14
69e55e8336714dba1ef5bc0a7c284d38,2a7b6d8ebbeaf0ef9a8b47e8c38f676c,delivered,2018-03-19 14:03:01,2018-03-19 14:15:35,2018-03-21 20:34:23,2018-03-27 19:46:34,2018-04-05,1688373470bbd506c34a51195921f6b8,2018-03-19
6113b6607a9b3dba19df73168d0923e7,bde9ef5cd79125bf73b55d5d0ca31600,delivered,2017-11-01 22:38:38,2017-11-01 22:50:32,2017-11-03 18:23:51,2017-11-21 18:02:24,2017-11-29,43234ad7fbde5ca583237e699ecf6941,2017-11-01
0560d129c1357ea719aab1cf2cd4f03b,31fbacf0ea2089c524643a24907ff72f,delivered,2017-07-01 00:04:15,2017-07-01 00:15:36,2017-07-04 14:12:40,2017-07-06 18:25:36,2017-07-14,bc1b8aa17fbc6b2ebd22711951614b02,2017-07-01
42be6028bdacb5416ab5bd400589b0a3,a3d6e70f3986099ed45ef4b3ac960019,delivered,2018-08-07 22:40:33,2018-08-07 22:50:23,2018-08-08 12:00:00,2018-08-13 18:22:42,2018-08-16,81814a8a85ef3b0cace32bf039a7a31c,2018-08-07
4b2d035932915aa9c2a0d4d84cd6d3b0,09f4eb3d9181512ee7fe4bb6fcb5b1e3,delivered,2018-01-31 19:07:26,2018-02-01 19:37:38,2018-02-02 21:35:17,2018-02-06 17:25:05,2018-02-16,b07a68d575f329bb71dcbd58e3fb5a16,2018-01-31
b0f4100fd9f021ab148a7f95815fa2fc,4498f5e3202243c58ae58247497599a5,delivered,2017-09-12 16:18:47,2017-09-13 03:24:54,2017-09-19 18:48:03,2017-09-28 15:13:46,2017-10-04,7d5599666ef8e7e2fab7c3280e035705,2017-09-12
9399a675103ef72d04730f8062e1db06,7b8ba742814a479e4143a3e257545361,delivered,2018-05-01 16:43:02,2018-05-01 16:55:28,2018-05-04 08:12:00,2018-05-08 18:18:34,2018-05-16,159a50da8825e131e0ad4b1c4f971133,2018-05-01
4f851e6056e99764b563bff8fa90cd99,971c855da055149bf4a129ed983de936,delivered,2018-04-10 07:36:20,2018-04-11 14:31:24,2018-04-12 18:19:03,2018-04-13 19:01:20,2018-04-26,b436145f8417067b8a9c8803f92589e6,2018-04-10
3f78a6201286f6b6bcffb1a2b883b1f5,c1f3a8a08aa2c796bec1efbd3d573382,delivered,2018-03-08 19:20:03,2018-03-08 19:30:39,2018-03-13 00:51:26,2018-04-02 22:50:06,2018-04-06,cd090324b7acde65307fe6f156c69110,2018-03-08
0a7beb2015960a4d8c4ec8bbde5a1f5f,310933b9b463e39423744c745b979477,shipped,2018-01-20 18:43:17,2018-01-26 17:03:49,2018-02-17 02:22:48,,2018-03-06,e11134b32374c3e1ecbb1d0c5fb0a1af,2018-01-20
2bd634364e8082c1cfa1dc9391fa2a44,cf27417496ed0eb9daf8a4adc65686ca,delivered,2017-11-13 15:17:00,2017-11-15 02:47:18,2017-11-20 20:48:40,2017-11-26 15:04:49,2017-12-04,ca3275011f27c1f0b3246f63d3d37d79,2017-11-13
2c3e691445b0edeba4836606bbb095c9,b1262a81b8c88e650642ec06959b973a,delivered,2018-06-05 16:35:43,2018-06-07 02:35:21,2018-06-07 15:32:00,2018-06-11 18:52:05,2018-07-12,2b8fa097e611594e71a06a99db69beb0,2018-06-05
3bf7afbf899683dbd726ff8b50d69c76,86ef5367d9dbecc464c6118221706536,delivered,2018-08-01 14:47:50,2018-08-01 14:55:21,2018-08-01 16:42:00,2018-08-03 20:29:31,2018-08-14,e6f7ddad5d0159e391e27db652c17246,2018-08-01
1ed7a9f105bb93051eb43d410118a2f1,52d598f0c12d5b6e3e692560e34ec0bd,delivered,2018-06-19 11:38:23,2018-06-19 11:58:05,2018-06-20 16:57:00,2018-07-03 17:52:31,2018-07-12,076efbad08f34a6316ec570ea20a0568,2018-06-19
7ea46f2568975eb7b121e1b8093869fa,0b23173df4256132c3b3e3fe16c7f255,delivered,2018-05-11 10:09:09,2018-05-11 10:29:49,2018-05-11 15:05:00,2018-05-14 19:54:22,2018-05-24,018864afd6d3af6af6e3cf1245fc5ff8,2018-05-11
6332fe107a5380313f3f40acc5823b90,4fda921eb59b74ed21c9b69c470b8fae,delivered,2018-06-20 10:09:01,2018-06-20 10:44:05,2018-06-20 13:52:00,2018-06-26 20:37:19,2018-07-13,570a97232e0dd95c690bc0a5d0ac86b6,2018-06-20
b10b53f757455227e8b972cb1faba733,da7ad15b4e8b7a4c99e41ce7a4a0a1d3,invoiced,2017-08-15 20:44:01,2017-08-17 02:50:22,,,2017-09-19,0ee1969ea903c6be704958e2300068b2,2017-08-15
22e36c3e04ec75fdbe5ba6540fe0e649,a7d213cfd2ebd93950339fe79d6b9fbd,delivered,2018-07-16 19:13:44,2018-07-18 02:41:49,2018-07-19 15:39:00,2018-07-21 13:26:54,2018-07-26,38c7094070cb00ac7c0f03e5624576d7,2018-07-16
076d1555fb53a89b0ef4d529e527a0f6,f08306b95370e8d5f0d97b71229284b6,delivered,2018-07-30 10:04:21,2018-08-01 04:35:22,2018-08-02 15:04:00,2018-08-08 00:46:43,2018-08-14,f140f377d666848e3712b51a2734d120,2018-07-30
856810a950aa2ddd3f8e1016428132df,52ac2fdda5d32c848a5234a3226228c7,delivered,2018-03-23 07:29:56,2018-03-23 07:50:32,2018-03-27 20:57:19,2018-04-09 17:18:13,2018-04-11,7884a4772e359f6085bd17bcdadf19f9,2018-03-23
9bfe486cba6ba9af52af7bfe86ff9859,65348c9d451e37ed221909136f01ea7e,delivered,2018-06-21 14:35:23,2018-06-21 15:00:00,2018-06-22 16:02:00,2018-06-29 20:27:47,2018-07-18,202fb36687e8fc35f797f28dc6ea60ff,2018-06-21
0adaff16f16a26f5570209f0473fd609,4b7cea06a4086564b33d9ec3ba877109,delivered,2017-05-05 11:59:39,2017-05-06 02:22:32,2017-05-10 13:23:27,2017-05-12 09:17:33,2017-05-26,fc99653b0c5f9d1fb36e3ad3d1accbef,2017-05-05
fd84aa1fc4c825c367cbb777d82e5a2a,11e6c1e1c69c492681319ffe14aab2eb,delivered,2018-02-24 23:18:14,2018-02-24 23:30:22,2018-02-27 17:52:50,2018-05-11 19:32:35,2018-03-27,09ab36a420b5c87c5c9772bdb494f2e3,2018-02-24
986dfd5411cb5a65f3fe024bdb0d0745,0d0d6e3ef1bb0fc138cc892552ece941,shipped,2018-07-03 19:59:42,2018-07-05 16:05:58,2018-07-04 14:15:00,,2018-08-20,6f2d04122b00d52b32265aab1c8b39c1,2018-07-03
1854a6f99182e2eb617259d3336b7e70,c0938cd0745a2eab0fb613b66f288ba2,delivered,2018-06-02 17:13:12,2018-06-02 20:12:23,2018-06-19 09:28:00,2018-06-28 19:56:24,2018-07-26,8b02658bdec2b153ac745e0a562bf44a,2018-06-02
f7886facb594e65f0c41cdbb0583b560,a6d276e9c75cfeb2db5ddec9add0565e,delivered,2016-10-05 20:20:57,2016-10-07 02:48:30,2016-10-14 23:21:18,2016-10-20 18:14:50,2016-11-29,257c88e7a3ace7aa1a5eb5677f86b5b0,2016-10-05
c5080a16e1592695ec1c6cf3bad4e7f8,9de61a1bfe6d0c33ca06b1c0ad76c0d0,delivered,2017-04-09 21:12:29,2017-04-09 21:25:11,2017-04-10 16:44:25,2017-04-13 12:42:52,2017-05-04,fe14ebb85129d6e5c831170da6bbe792,2017-04-09
6f3b34d75d61bdd8ef79ba590a88ba5b,c66fcdb3319d2ebf6058b6634d1e86a4,delivered,2017-05-13 23:46:28,2017-05-14 01:10:24,2017-05-17 10:36:53,2017-06-02 10:47:55,2017-06-12,dc2b4d0d793a76ff59858bd8b983f929,2017-05-13
e1b2b399fc8d82464976a550af8ee646,8264e3518163dd09211870b24a5d741d,delivered,2018-03-24 13:38:59,2018-03-24 13:50:48,2018-03-28 20:42:25,2018-04-08 22:34:30,2018-04-12,67d21c8bea9d6017d1b124d3879dd815,2018-03-24
7ac91e0f915f57f3e9e3986b7c448289,748408d5f1ac7ed2b6fcc8a3aeea25cc,delivered,2017-11-19 13:23:00,2017-11-19 13:46:18,2017-11-21 22:56:58,2017-11-29 19:11:53,2017-12-13,c6994523bf0a5d3aaf5c442bc4fb2c56,2017-11-19
5d044d3cc3e80835784584a8df1a20a5,c2957ddd63f491db5281e8601eaeca9e,delivered,2018-05-19 13:37:58,2018-05-19 13:51:38,2018-05-21 13:59:00,2018-06-04 21:46:33,2018-06-07,ddbc31ac5198f6252ffd7811ff4c4e99,2018-05-19
c72933a2493f0ce8b9631656d78520fd,9f4eb6c88f93bf521e42f8aa8fe3f974,delivered,2018-07-05 20:51:02,2018-07-05 21:11:59,2018-07-06 10:54:00,2018-07-13 19:33:48,2018-07-31,b18f055a3d6a0309ef511b4e97f67e22,2018-07-05
5f10b25bf1ca7b7f55731524ad40b1ad,d94c483a63b1d3634fd82ff668124edd,delivered,2018-08-15 22:18:25,2018-08-15 22:45:10,2018-08-16 15:26:00,2018-08-20 22:04:00,2018-08-24,c2f9ef2c50d58816174f63a55200ac23,2018-08-15
c7e061193b749f7a762209326b964dc4,3747814954da96f7b6923584ccb0cacf,delivered,2017-10-28 13:15:17,2017-10-28 13:35:15,2017-10-30 21:23:36,2017-11-23 16:55:41,2017-12-08,ff043fc4d4ce09658d21408def8d5dde,2017-10-28
64e0ed97e04ee5c08429934ecab18de9,1925b748fac75d83dfbef4179ce1b880,delivered,2018-02-23 14:29:54,2018-02-23 14:50:59,2018-02-27 16:25:39,2018-03-19 23:08:23,2018-03-16,491202fa41b373be7a3ee51c73d80949,2018-02-23
09476766faf9215ae60de94d7c259801,a7ca77c243e6f130b70aa2cedcf78f7f,delivered,2018-05-11 13:35:48,2018-05-11 14:57:59,2018-05-14 14:46:00,2018-05-18 17:34:32,2018-06-05,44de7debb789fba4f5145c5cd47219ba,2018-05-11
392b29c08332cc1f57af36e3e094c276,f8575353f39a6549e55ad3c274e0936a,delivered,2017-10-10 16:06:13,2017-10-11 03:14:47,2017-10-13 17:33:41,2017-10-17 22:29:06,2017-10-27,31bfa97f1ea0663a50ebc5c811ebdf4d,2017-10-10
d9515cd3ca09c7b9b751f077d2adfc84,47e2de6eab3618c1d08f51f6d3af4826,delivered,2017-01-30 17:05:18,2017-02-01 04:35:07,2017-02-13 15:25:39,2017-02-20 13:34:04,2017-03-10,d0fa8c629348c626eb103877ba5e9a40,2017-01-30
a574fbd4ec3b7064ac9a3817ee71c044,fcb49f867923861e95f4c48620d14a21,delivered,2017-10-23 00:04:49,2017-10-23 00:25:23,2017-10-23 19:09:05,2017-11-03 17:53:40,2017-11-30,d9d89e798dfd000f8459932fbedb0c32,2017-10-23
f69d0a58330775f717bb47e9640e4c04,8fb6b9575e3431297555c4a59b070768,delivered,2017-07-11 23:32:40,2017-07-12 00:35:14,2017-07-13 14:24:46,2017-07-17 18:31:27,2017-08-02,7e62bbe88def80450ad8a152e4ee3f78,2017-07-11
75fb23d26903b71ce3dd550ae22d2cc1,3c6484a7438cd35dcc54f53f4b945829,delivered,2016-10-10 09:23:48,2016-10-10 12:02:45,2016-10-14 12:02:46,2016-10-17 13:02:46,2016-11-30,7c6157bc4c2bae550d37b6fc445db0d5,2016-10-10
4cbf1cc60a2d1704a70e11ee8be1510a,406c8e1382162dc6bef214e0c01fc297,delivered,2018-01-01 17:03:13,2018-01-01 17:11:48,2018-01-02 15:58:13,2018-01-10 13:45:30,2018-01-30,9b8844d7cceb1277e6508cce966e4a09,2018-01-01
e47353f32490612c3a0666507c09b8fb,b921e4c10af0bee895e4ae1ebeeb46be,delivered,2017-10-22 21:10:34,2017-10-22 21:21:22,2017-10-24 18:39:39,2017-10-26 21:55:55,2017-11-03,2d451255c7e74df9427b2ec8d19db505,2017-10-22
d710cc27e881afaa41ec9e8aaa954a89,af35a10dbb0aa8d88e7f0462fce833ae,delivered,2018-02-14 10:57:27,2018-02-15 04:30:49,2018-02-20 18:17:46,2018-03-06 14:49:36,2018-03-15,4790352dac464f21389858106fd211d6,2018-02-14
57659922ff6231d2d291063a626d9063,3ada412b472dd7ea7f5d6895a6fd3370,delivered,2017-04-03 17:25:59,2017-04-04 06:02:31,2017-04-07 14:20:17,2017-04-13 13:15:39,2017-04-26,e33df3ad85a5ef73e5c52ab705c587f7,2017-04-03
ac05f13680c4e4da78427313ecbe0a6e,b895d8a9142551ff5d7caad5e3d379b4,delivered,2018-07-05 11:34:09,2018-07-05 16:30:33,2018-07-05 13:10:00,2018-07-12 21:28:58,2018-07-27,f943d7adeee313c967502ddd266af4ac,2018-07-05
fa7d72fd5ce0a155a608f0981ef23c91,1006e6c8479e95cef7612414cf33059f,delivered,2018-08-15 18:52:16,2018-08-15 19:05:21,2018-08-17 13:35:00,2018-08-20 19:26:31,2018-08-29,148ad5663dff4bcaa23c6cf19460d969,2018-08-15
c942d232f05adc081f767f145dd8fa36,b633be7f9ec1d5e7c5dbcbf2c5f15354,delivered,2018-02-22 17:58:32,2018-02-22 18:10:32,2018-02-23 20:47:16,2018-03-16 02:09:31,2018-03-21,a0b099f128666af7277ed32b3c4e5ba5,2018-02-22
202e894238874491c6d7ab51da37d94c,db3a94ab9a8dfb3572f57e6f0e017363,delivered,2018-02-16 14:52:20,2018-02-17 14:46:52,2018-02-19 20:26:48,2018-03-27 14:03:04,2018-03-13,ce69ec71365638934e125300dd5e2d50,2018-02-16
1afc78423ebc34ed1e97cb320ac86620,ce9917011643785195fb96c64c8b8db9,delivered,2018-04-02 23:31:00,2018-04-02 23:47:58,2018-04-03 19:49:32,2018-04-09 19:22:50,2018-04-18,06a230ee53830547ef358d83218bc975,2018-04-02
2cc24fbadbb75e8e8922ca2671262b0a,93a31628afb977c8a4ac3bddb9068054,delivered,2018-06-09 20:12:40,2018-06-09 20:31:37,2018-06-12 16:25:00,2018-06-18 21:07:16,2018-07-11,a2ba52142f5e888f6c7dcdf9112a121e,2018-06-09
23bdd0be32ec574e0bfb0ae381405424,4a84e6a099bf50bbf5c3fe6f1aced99b,delivered,2018-08-01 16:15:05,2018-08-01 16:30:16,2018-08-03 16:22:00,2018-08-08 15:49:00,2018-08-17,9aa07b1818340a80d602ae4574955f93,2018-08-01
c5a49aa0c426e9c86aeb67a275c1a490,6970ff7981ff18da1b6035c94a3a9e9e,delivered,2017-05-17 18:26:35,2017-05-17 18:42:21,2017-06-05 14:52:17,2017-06-23 12:09:15,2017-06-20,0472523e2a5452424dd36808549e6487,2017-05-17
5d4904af2abec966288d8236c091bbda,301244891b00c0b50ec19d1707ff24f6,delivered,2017-05-13 18:20:06,2017-05-13 18:30:12,2017-05-16 12:01:42,2017-05-26 18:03:39,2017-06-02,667a996d867cb9540de65a0947dc121b,2017-05-13
a4396e55c140360b67296ee34f56752c,3e345e7e395a3ddd11abf786d6d74e3e,delivered,2018-07-23 14:13:23,2018-07-28 23:31:03,2018-07-26 10:17:00,2018-07-30 20:43:33,2018-08-17,f8c6e78ad5467fb3a1e2e08aaf7d4755,2018-07-23
2abaeadd36049815bac47f33e2ad3789,2a7dd1fbbb9bd76389b3882337e071f5,delivered,2017-03-08 20:17:07,2017-03-08 20:17:07,2017-03-09 16:06:10,2017-03-17 12:08:18,2017-03-31,5e41c6bbd9735ec7b620f742ad668f29,2017-03-08
7b310640f39d05e4f9beec5feeb8a9a5,034a67c9a4d321daf61515903eb02063,delivered,2017-12-28 15:28:39,2017-12-28 15:38:22,2017-12-28 22:22:10,2018-01-04 22:35:29,2018-01-29,bbb8c5b1f2649b6d5f1c37ebc9a1a41e,2017-12-28
c262a5f352a22159735734b273a4b888,7e525088ec0cbb01d466d0286f2b97d9,delivered,2017-10-18 11:41:18,2017-10-20 02:56:33,2017-10-20 19:05:52,2017-11-07 18:16:57,2017-11-13,8060d03e3051ee90e4ae2280cabb3237,2017-10-18
0c00eb38b29dd352b15a6ee44f8a531a,616c98205174419827715be4466f8ef5,delivered,2017-09-28 10:46:42,2017-09-28 11:04:39,2017-09-28 16:18:57,2017-10-11 22:43:46,2017-10-31,bfbc8b47cd99dbacfbb838b5c9253049,2017-09-28
f75d10ef288341085a1387de1052dfb7,6364e749f40ba21258f2ba31934d0593,delivered,2017-11-03 23:42:39,2017-11-03 23:55:49,2017-11-10 16:08:37,2017-11-16 22:39:36,2017-11-23,44692492d6bb5c44dc9f7bce39fd7b6e,2017-11-03
2f06a1fccf41b5ff7deb2ece494784f4,71483f0a767d32ad1f94a6cdb2afa6a1,delivered,2018-01-21 19:17:39,2018-01-22 13:57:30,2018-01-25 23:42:13,2018-02-01 20:18:23,2018-02-20,7fd38a14505d2f4cf2b255e8d1d4a5b0,2018-01-21
0988c678736998fba42218af0ebf2c1f,bd79156d8cd3466ec6c16a1153d80520,delivered,2018-03-11 19:16:45,2018-03-13 04:40:29,2018-03-13 23:17:09,2018-04-17 22:16:34,2018-04-16,6ac7fe1248debb910d994bf2e7009856,2018-03-11
9be09a23b7be8c02182ea310a949ba4b,dcc6dcbdb2b82cdda0fbf9be6d1f2ecc,delivered,2018-05-08 10:56:01,2018-05-08 11:09:45,2018-05-08 15:31:00,2018-05-11 14:53:09,2018-05-29,8f76a15a56777dc898c33fe920e76aec,2018-05-08
a55541361989054e33eeefbe9f6cf4d8,ca8997594ddf362159cbd41efe9a9827,delivered,2018-02-20 14:35:23,2018-02-20 14:51:19,2018-02-22 17:08:36,2018-03-10 00:57:41,2018-03-14,283cbb47660683abd92b1df1db8de700,2018-02-20
67cfccdc9f8cc58dc90fecf42712731a,b58f23566db09007cc825632374c55e8,delivered,2018-06-24 22:43:51,2018-06-24 23:17:48,2018-06-25 14:45:00,2018-07-02 22:16:56,2018-07-20,ff39c558b8a96573c4d8b8caa0e5168f,2018-06-24
148e87a8ff911451dd96a8375d138447,6aec49bfd345b021cbe84bcdb51f7d12,delivered,2017-09-01 18:32:18,2017-09-01 22:25:51,2017-09-04 17:47:54,2017-09-11 22:41:58,2017-09-26,e0cf90daa69a466fe59067fab6c17f3e,2017-09-01
3b49e8b3142b569c258368484a58bcea,898b4f6c2893bf2d77c56ff4d7eedfcc,delivered,2017-11-15 12:00:16,2017-11-17 03:35:47,2017-11-22 17:02:13,2017-11-28 15:17:15,2017-12-06,9da2133beff1d92067f766a45eb64207,2017-11-15
9e0e712546092840f5d209f6d4864f8e,220d33ea999487ba945f1c187f92ad04,delivered,2017-07-10 16:22:12,2017-07-10 16:30:29,2017-07-11 17:03:53,2017-07-14 19:39:41,2017-08-01,971e2252d557c5f6b2de810f6fcd52eb,2017-07-10
3a6a52cd14ff4ed808a62999c78f2226,22a0d3267eca495ae5c5ea5aea7cd2b9,delivered,2018-08-02 18:21:28,2018-08-02 18:35:10,2018-08-03 10:40:00,2018-08-04 17:11:08,2018-08-10,cc70a7c16df0bb4b2fa17403d4ec3769,2018-08-02
b9c0b1f4d54b647c2de2b065bf82adaa,3907d7c4513f0a3687e30d5106813a01,delivered,2017-11-24 20:36:37,2017-11-24 23:53:11,2017-11-27 23:46:51,2017-11-28 20:35:56,2017-12-08,3587e725eea92ebd552d1606ec6cd58e,2017-11-24
0016dfedd97fc2950e388d2971d718c7,2c8b917c5d7dd720ebe36a5ed3b501ec,delivered,2017-04-28 19:54:40,2017-04-29 10:05:12,2017-05-16 08:40:49,2017-05-22 18:32:21,2017-06-01,33febb33a42a35f5826a22584b127f9d,2017-04-28
453b7a88cd66cd9e4210f05233cbf197,d6390fa5ef00fd7645498bdc63c38e50,delivered,2017-02-09 20:43:22,2017-02-11 14:40:11,2017-02-14 09:16:25,2017-02-17 10:23:45,2017-03-08,2c9a49473b30bc138d8e38e73883ec02,2017-02-09
f4292190db56513f0a25ed9fa7fd2f10,7535c2b0ea212f291e0379e60a80888c,delivered,2018-01-03 10:05:57,2018-01-03 10:14:32,2018-01-05 19:45:57,2018-01-09 17:59:04,2018-01-26,acdd97a40f823d882b593db8649be17a,2018-01-03
ee9f6e9060450329e05aef3781e5ed38,bcbb4274a2c95a722079735b41f2d696,delivered,2017-11-23 19:33:21,2017-11-23 19:48:06,2017-11-30 00:18:45,2017-12-21 20:17:41,2017-12-22,72bd8ec700eb4e8b39ff2fa3b8f79de6,2017-11-23
22fed2ece8a0be1e992b0233796e62e1,2b77b28f50ccf9d13e149e374192d7ed,delivered,2018-05-11 11:35:31,2018-05-12 11:32:17,2018-05-14 14:58:00,2018-05-15 20:44:31,2018-05-22,c7e12d3508f0641d3fbf8242b27abacb,2018-05-11
e9a87f539448764e674a6b96122c3ef3,c3c705bc2da08d28ea0c6a1350747fc8,delivered,2018-01-19 08:49:47,2018-01-20 09:16:13,2018-01-24 12:58:04,2018-01-26 15:37:31,2018-02-05,73afc53830786f0c1f1fe7284eedec84,2018-01-19
2305ed31728716b03cd76aef3ace0377,d5ac978cbe8407b56fe9b45e0eb7ce9a,delivered,2018-03-22 19:14:09,2018-03-22 19:30:26,2018-03-26 19:27:46,2018-03-27 22:22:20,2018-04-04,8e62c9c6686792f463cf4f48cae9eebc,2018-03-22
c8b6a10fdc0b6fb3040774de4aa672eb,2d55edbcc093c74fe979c9af3f37de63,delivered,2018-08-18 15:19:31,2018-08-18 15:30:16,2018-08-22 06:26:00,2018-08-27 13:34:48,2018-09-11,944446c90b2f4d7bbd2d605396c42670,2018-08-18
e1340387000e6eeb71a9a7f65013c9bf,e4d617cbd4195b7885dc29d5ea5dccfb,delivered,2017-08-07 21:13:12,2017-08-09 02:50:30,2017-08-10 19:33:54,2017-08-23 18:56:53,2017-09-14,120938b8ae513a75bbe32a57397cf563,2017-08-07
1c4bf073acd58cd827c2ff0c97466bfa,087472c809af7a09b9cbf42d9938801f,delivered,2017-12-05 13:52:17,2017-12-05 14:31:06,2017-12-06 23:04:37,2017-12-15 20:18:10,2018-01-08,bab87ee5331a277979273905630bd50b,2017-12-05
eb2eaefa4195b7025954852dd88844a1,401f727dfc877a589db90428d30a7a34,delivered,2018-02-06 17:06:54,2018-02-06 17:32:27,2018-02-07 18:35:27,2018-02-15 15:03:45,2018-03-02,9fc74175f571140da6c160cb27ffed4f,2018-02-06
c5a28b8419934838e84eb4e5aef5a3b5,f84d0d7ea2cf322d3255ed470e443de5,delivered,2017-09-23 19:05:29,2017-09-26 03:49:33,2017-09-26 21:55:59,2017-10-05 10:28:52,2017-10-25,e7b6fc6f13da059e717efd7e2dda0391,2017-09-23
05b3514bb9492bc0eb20959fbf445927,f08cbd00eae908d02c0c4984598f1d2e,canceled,2017-08-03 19:04:35,2017-08-03 19:15:23,,,2017-08-28,e8ddc823809246fabd9c235ef7714630,2017-08-03
d1ec284532e192ddc41c2a400620e697,995a7b232e49271ee4f4896689b3c718,delivered,2018-04-17 16:57:48,2018-04-17 17:10:52,2018-04-18 19:32:23,2018-04-20 20:16:31,2018-05-23,a9495a3f10b5ed1bbb124d2ac59eec8e,2018-04-17
03d7f508a18d76f89489c40b7008f7e4,c9a67b1df99803321bd59735c389a6c5,delivered,2018-03-15 08:51:49,2018-03-15 09:09:30,2018-03-20 00:41:57,2018-03-20 17:30:59,2018-03-27,d9b27380a404b2f7f88faa075302f1b1,2018-03-15
9d8eb4197962f028d0a0f9caa37f0402,35364204862e86eb7c42936976e8858b,delivered,2017-02-02 21:15:18,2017-02-02 21:25:09,2017-02-03 17:51:39,2017-02-16 11:42:34,2017-03-07,05701e8cd8fe331cc9b4262af27d7ee3,2017-02-02
bd069f6bcfb7933f3c7675d5dce3692f,8fd92068ccf4681ed8b1568fcfda910a,delivered,2017-09-03 21:38:12,2017-09-03 21:50:13,2017-09-11 20:32:24,2017-09-15 19:48:52,2017-10-02,cbafa8227623af5855f89a9e49210ef4,2017-09-03
cb55e6deb67ba10e409f5e3e0a968254,ca585d20191f99e8dd7c811fe666b63c,delivered,2017-12-01 15:11:37,2017-12-01 15:30:45,2017-12-04 23:53:45,2017-12-13 20:27:02,2018-01-02,a00dacbc666efe1dadcc55a56a62603a,2017-12-01
3ff313d5a95fbba4b58f90086504022f,c9a0399124a3f27ccd79c5d8ea1b7e7a,delivered,2018-07-13 12:26:05,2018-07-13 12:35:15,2018-07-18 06:52:00,2018-08-08 17:26:47,2018-08-02,57338468f08576d92411de51e409f0db,2018-07-13
4757ef1fa10e5a5cc3e8ec29639f11f1,e5feed3cff22b82b296958c3027797b3,delivered,2018-03-17 14:07:05,2018-03-17 14:28:30,2018-03-19 19:36:46,2018-04-09 17:12:06,2018-04-16,2cc4dd91c2a9b7fed2b602db8a00cd69,2018-03-17
8dbbaa1122fc9db0a1c9955c388cd3b9,7759c30a7e23c7cb3aa0c2592818b1d0,delivered,2018-05-11 18:25:50,2018-05-11 18:35:26,2018-05-12 08:07:00,2018-05-18 16:41:16,2018-06-04,2ee02b9757d3a43c5d6e802282cc3903,2018-05-11
e28b309a54ca704f4ef3c6fa95da3fb5,8783747182004d9279315f7a1193ed63,delivered,2017-06-19 08:18:35,2017-06-20 08:30:20,2017-06-21 12:45:28,2017-07-12 20:32:11,2017-07-19,58812bfc80ed972fa2e7f3614c0cd22e,2017-06-19
98dd9c43c306401e85dec3ca829faea3,206eede398a0e68dbba3f1465e45c58e,delivered,2017-10-17 08:24:41,2017-10-17 08:35:57,2017-10-17 19:25:37,2017-10-24 18:42:13,2017-10-27,d3f0b40fc017be977fd4b1d478070de9,2017-10-17
f4ebe4ce4e9765df6954a4fbc44ed37f,6205eba809f9e95f3fa8118401f27b50,delivered,2017-03-05 13:14:01,2017-03-05 13:25:10,2017-03-09 10:51:15,2017-03-20 15:42:42,2017-04-06,a010d260a46ddce81c08ebc2bdb1f0d7,2017-03-05
53f691559a46605daffc49da7f178bee,822a47d8360c4c5a75af684ecbe5c9e0,delivered,2018-05-18 18:07:57,2018-05-18 18:19:39,2018-05-23 15:02:00,2018-06-02 10:38:40,2018-06-07,edcf591b9d76942cd4e31a91f85492b7,2018-05-18
62e62c8885c148b639ca92db8629c1ac,58aee0d0dfbc927800d152c34dc5e530,delivered,2018-02-28 10:14:05,2018-02-28 10:29:47,2018-03-02 18:59:04,2018-03-26 14:52:27,2018-03-27,92bb9040e87e4ca6ab28b3f558943488,2018-02-28
cc40ce12255e937ab19d9124f4d0d56b,07171815cfd9a9aa8ee3dd62767f3ad4,delivered,2017-10-06 15:04:26,2017-10-06 15:14:35,2017-10-09 18:58:49,2017-10-16 20:33:27,2017-11-03,c6b2ccbe75ac5addb40fcff5db96a5c1,2017-10-06
a5019121adc7c53836f1542a4138c4bc,a6d2e55e57d8cc9cea5329db4a39b10f,delivered,2017-09-30 17:10:11,2017-10-03 06:34:44,2017-10-03 19:08:02,2017-10-06 16:08:32,2017-10-25,3bddde2431ac39f5c20ac3e69722afbb,2017-09-30
2cf768ba32e4d7172e9b86a2042f5c32,0b724a70ab89854f2f367fd0a41f1974,delivered,2018-02-13 10:10:16,2018-02-15 03:47:34,2018-02-17 00:29:07,2018-02-22 20:32:27,2018-03-02,9230d476bb769173246f63a45d0000f5,2018-02-13
79363f9fc08a1bbeaf0964557a3f2db7,9602ae4aed9c7e5a1c9d07548424a77a,delivered,2018-06-19 08:06:29,2018-06-19 08:16:34,2018-06-21 16:08:00,2018-06-26 14:02:49,2018-07-17,bca836e662fb10719e759ecd5baf573e,2018-06-19
898377de9edf5bb634bf69bea116a339,d22efbc2bf3e677943e5308d143715bf,delivered,2018-03-24 11:32:40,2018-03-27 04:08:48,2018-03-27 19:52:08,2018-04-06 18:32:52,2018-04-12,a3476a0a75f611b7d6cfd641b8246b71,2018-03-24
0b84583d6c4780ec023cc037e77410d2,a1306c28063b41c54726e91e24ffcb3a,delivered,2018-01-08 15:45:44,2018-01-09 07:20:59,2018-01-10 20:23:14,2018-01-12 21:58:47,2018-01-24,c7cbfcb8dee7ddc7cae233ac314ca3c3,2018-01-08
09c0dd7d518cf413ce20facd85bedd5f,f4f12b8475349e0391008cf5e621a65f,delivered,2018-02-26 13:03:45,2018-02-26 13:15:33,2018-02-28 16:23:20,2018-03-01 18:53:04,2018-03-16,f8b5ffb2c5c11f32c3d09fd96a9265a8,2018-02-26
3c29c49c27446d81598a17be68d8f19a,737f9ac7c2fad62ec717bbe3583c02f2,delivered,2018-06-10 15:44:20,2018-06-11 16:42:37,2018-06-15 08:31:00,2018-06-19 22:38:44,2018-07-03,2c1675ae9bb1c3a554ff3885da68524a,2018-06-10
10a8ab52ea001eb59beb9c0f97d72eab,7dd6b8c6aa412198c9b992768af8683a,invoiced,2018-08-07 02:42:38,2018-08-07 02:55:15,,,2018-08-16,07d68754c24064a94aba128946c715b3,2018-08-07
e98b495d3efa269c922cf62d18c6e2ec,d2e0a313c6cbcf5207d54139631379fa,delivered,2017-12-01 11:58:02,2017-12-04 09:58:43,2017-12-05 19:19:10,2017-12-12 19:17:54,2017-12-29,9b2efb55dd99203d79594dd9f4db76b1,2017-12-01
4060a8c4cf4cdd2f9ffd6f7af3930fde,82e537298d0d9ab2e0f7d1a2c2b6a3d4,delivered,2017-11-23 18:49:03,2017-11-24 09:38:33,2017-11-24 18:31:55,2017-12-15 01:28:34,2017-12-19,1208c8555f90541f4ca397baeb16a26d,2017-11-23
ebd36ae6078da11e32ede1d950819ed8,6c8e558f8ea68068d8b0ca0245d0cb0e,delivered,2017-04-20 12:39:23,2017-04-20 13:10:11,2017-04-24 09:42:40,2017-04-30 06:33:04,2017-05-12,4c7346cf57dab3893486eb1b9225cfa0,2017-04-20
8dea767bef43a63174e344d0750bbb84,4a01e37356144728056d703b386ac1cb,delivered,2017-11-14 12:57:33,2017-11-14 13:10:42,2017-11-16 18:13:48,2017-11-21 18:18:43,2017-12-04,6495c356940c4916d758fbf139fe01bc,2017-11-14
bcd1f5bd3d7c694c6e68bd6b5e7f24a4,53919e6dfe1a7726f30dd10c4d89a085,delivered,2018-05-18 14:37:45,2018-05-18 14:57:36,2018-05-22 06:18:00,2018-06-12 16:06:00,2018-06-07,4edecdc614f89a2c1e8ba72feed1033d,2018-05-18
e0c12aa623c335d47b20986efb7bbd74,fc057bc7c190883369794b851d6f3ab0,delivered,2017-09-14 09:44:40,2017-09-15 02:15:15,2017-09-21 18:12:07,2017-09-27 19:35:35,2017-10-10,64ed00f32687108ce4e3ef77823945c4,2017-09-14
3536c2b6622912ea000e2358a139ddcb,855a5be4b3b7ba38a048ba086647be0b,delivered,2017-11-28 22:08:05,2017-11-28 22:30:18,2017-12-01 19:32:57,2017-12-11 21:37:22,2018-01-02,8c6fc6b7daf812da3200f0e81004c2e2,2017-11-28
996a763f13df13d00d9d9fd94f29f619,def0f35e7eeaf2031d59dcca9bd56bc6,delivered,2018-06-21 16:50:33,2018-06-21 18:20:50,2018-06-22 12:58:00,2018-06-28 20:04:14,2018-07-20,09e3b78372517508280cb92962edb83e,2018-06-21
b276f402443d899868708548298c858f,e8bd9dedb1baaa09c28c86c31597ac70,delivered,2018-08-03 23:50:15,2018-08-07 04:24:29,2018-08-10 12:25:00,2018-08-11 16:21:37,2018-08-10,24cd123e1363966acbc70d4ecfae3c83,2018-08-03
b5f6cf402404052650b6ca5f41f71434,ae2fa6e2989d06d2f7e68ea1d1510ea3,delivered,2018-06-13 17:04:59,2018-06-13 17:20:19,2018-06-14 14:30:00,2018-06-15 21:32:46,2018-06-28,737eedbb26a7b35b46c6dfd1442e6e2d,2018-06-13
c46eb22210707fb554e033849d39b24c,49427b49e7addb6ad5680c3491475991,delivered,2018-05-16 12:21:15,2018-05-17 03:16:19,2018-05-17 15:01:00,2018-05-18 13:10:33,2018-05-28,b4fa4135930ee86f5625bcce3a2650be,2018-05-16
9c45d684670744358dfa62bf619d648f,8e343e49837144656a76f9dcecd12175,delivered,2017-08-22 21:35:07,2017-08-22 21:46:25,2017-08-23 17:16:42,2017-08-25 16:20:32,2017-09-14,256a818e4a419ff827a36a52252fb8f1,2017-08-22
13ca758b93a2298b4571f97a8a97e3e5,f6a6b6537e91cdb94efd469d48d78690,delivered,2018-01-15 17:03:23,2018-01-16 03:40:05,2018-02-05 18:50:01,2018-02-06 15:56:54,2018-02-09,00fb8f6787f67bd33c7e86c9691d2b1c,2018-01-15
acb8a8355ba526f10697c17f40dc3352,232fc199e2c1159c64a569a38816e593,delivered,2018-05-22 09:53:18,2018-05-22 17:14:33,2018-05-23 14:12:00,2018-05-24 15:40:44,2018-05-30,89f992aaa88a3083883decd2202d779d,2018-05-22
8c7dfc8db40e356b09b711d9382eb60e,6e736039588cb75bc6f72b4ecdea2001,delivered,2017-11-08 15:52:48,2017-11-10 12:56:06,2017-11-16 21:22:55,2017-11-22 14:28:02,2017-12-01,65d7c0904b51f5b432e71a14b25121dc,2017-11-08
75926452a6f0f64a617dcb3b3b35a96e,879fd38fe4b5b07b823a30f1139bb682,delivered,2017-12-29 19:07:20,2018-01-03 04:19:34,2018-01-03 20:58:47,2018-01-11 21:09:38,2018-01-26,4020ee17d153efbce7e65c1397020826,2017-12-29
f3100bed66fcc67bf69111059a3aa4ac,033fddf04734fc23644c3d6298562372,delivered,2017-12-09 23:33:21,2017-12-09 23:50:30,2017-12-11 22:27:16,2017-12-13 17:47:01,2017-12-28,93e3c3a36bec70f3e91f41fa0efdb8c7,2017-12-09
6e1e856a0fa5c51efd83408e3f8d1fe3,d6819da44ecb6d2001b72d4f19ce1e4f,delivered,2017-10-24 12:20:42,2017-10-25 02:28:21,2017-10-25 19:09:22,2017-10-26 15:44:51,2017-11-06,9d50a2e2c97122c1b2a49dc28bef2130,2017-10-24
154e1f0a7267e7d9269d772aa4beeab7,f97863baca8a05e51370446679195ef3,delivered,2018-08-13 18:35:18,2018-08-14 10:55:11,2018-08-15 15:01:00,2018-08-22 16:11:26,2018-08-30,d98fadf502bafde1b929b6cfda715cf1,2018-08-13
8ae8d8173866d2467bdd036f34c5a86b,64f9dc7d9820632fd633116252d79a89,delivered,2018-03-21 12:48:16,2018-03-21 13:08:28,2018-03-22 19:37:43,2018-03-27 18:05:41,2018-04-09,1d72fecd719dc93911cfb8ac5723bf79,2018-03-21
5e9d20f05b27d15f099382c8d812e136,f51a083e0f7c856683e0b684ebf92ed7,delivered,2017-04-08 01:33:53,2017-04-11 03:55:35,2017-04-12 15:45:30,2017-04-18 16:55:11,2017-05-12,97d8a673c45444ba819d844ed563d537,2017-04-08
9e30c2d3e89eb62b57a1bd4563531cef,fe12426fa08047fa2b44da587db1bb28,delivered,2018-02-01 16:27:39,2018-02-02 03:37:35,2018-02-02 16:06:44,2018-02-17 00:18:50,2018-03-05,89a5a54fa3680e2af1c9e58057376086,2018-02-01
079aa97bd14929502e11d87d14790792,6e544db78613e468780690fcdd22a7bc,delivered,2018-08-14 17:11:29,2018-08-14 17:30:32,2018-08-15 12:22:00,2018-08-20 17:09:01,2018-09-03,8e47d2ea4964a08fe30cfe024f4039e8,2018-08-14
8ba70ffa9e502e40f33a3f9f59d739d5,1588284779024227e9d4a4cd7ada16a7,delivered,2018-05-02 19:51:26,2018-05-02 20:53:01,2018-05-03 16:51:00,2018-05-22 16:27:52,2018-05-30,fe3f10444de286e9f052425dd22d01bd,2018-05-02
3710f61b45bb40db596e352722b6937e,e54e09bbe2be2674c611aa7a6456a8e7,delivered,2017-09-07 18:43:07,2017-09-07 18:55:08,2017-09-11 19:48:00,2017-09-27 19:42:35,2017-10-09,43df16fc8bbc0499aa6bf4e582dfbb66,2017-09-07
ded320f8039d7a35a324cf22f83fdf67,fa10097e0f3f7df15ee8238d696d157e,delivered,2018-02-01 10:18:35,2018-02-01 11:50:41,2018-02-01 23:00:03,2018-02-19 22:11:41,2018-03-01,dcb9b14eb8c7d7de3c0a9041ed0717f8,2018-02-01
af9c840cca8fc0cb05a2f9e9ec923fa6,ede0af891a1bd75e55b44eaf6f6a458e,delivered,2017-02-23 15:07:15,2017-02-23 15:15:18,2017-02-24 08:15:59,2017-03-02 10:05:17,2017-03-20,ba00b7c5285f21652a5cd8c6bbdc8a2d,2017-02-23
c5976da90bd31c7f760891b7db4e0c9b,66a3f3356033193e40383a4f9888934d,delivered,2018-02-22 19:13:33,2018-02-22 19:27:54,2018-03-01 00:09:11,2018-03-02 18:07:12,2018-03-08,3157466613dad6ff9a7a98af3ba288f2,2018-02-22
ce86f3b70e7bb8cd539eaed55e3553f5,10474c1a58f214226d86ac3b7a41edb2,delivered,2018-07-14 04:13:19,2018-07-14 04:25:06,2018-07-16 14:49:00,2018-07-24 14:12:47,2018-08-02,219ae617a3bf9d1e7c0ad5efe9f697b2,2018-07-14
721ee49ca54fe5b73b1871b5e4cb1f57,b01a719a8ded8e727b7f6ab38e0df273,delivered,2018-06-26 21:42:26,2018-06-26 21:55:17,2018-06-27 10:16:00,2018-07-09 21:58:30,2018-07-19,a10ebff5171e4fbd99d9c92c8ed4bf8e,2018-06-26
69ac71086ec549aa1752b27edc954d40,95ec62e8d34f56e5eb89e9f8794cb2a0,delivered,2017-02-07 20:15:42,2017-02-07 20:25:21,2017-02-09 09:34:16,2017-02-23 04:28:51,2017-03-08,21133c740a001949b3396482b1dc31b1,2017-02-07
5a117521edf7b0ba502be754df6aac63,a3926309e844be59b488518e21e54b61,delivered,2017-12-17 10:50:51,2017-12-17 11:14:15,2017-12-18 19:09:14,2017-12-30 14:24:49,2018-01-11,49d1599dd80dedc213037342bbe43fd7,2017-12-17
6b1e15c6a0e45c136eb1b2474ca126e9,45856349acbad3f1df3fc464e53586eb,delivered,2018-02-19 08:00:02,2018-02-19 08:10:20,2018-02-20 20:25:04,2018-03-28 16:19:05,2018-03-14,cbff2844e9147796d9fa0b7c204c501f,2018-02-19
95a08547138ca5fa14fae54639939af6,138e0ddb0ba1dffb0f7190b2399c4a3a,delivered,2017-03-19 13:41:44,2017-03-19 13:41:44,2017-03-20 08:52:38,2017-03-24 09:27:57,2017-04-12,4d21ab2ad42af6539bf60f7d05cc6e92,2017-03-19
bf38e43fc10f062f5be5368acdac8415,009bd844996868ab5166ade7dd9ab471,delivered,2018-02-13 18:07:47,2018-02-13 18:27:12,2018-02-15 00:43:13,2018-02-16 15:34:39,2018-03-01,63df52c362d4b7183bb6a463452a8183,2018-02-13
b9895a352437ec0701eccabb55cc43ea,2c5c4d10f5fd1cc22c6e4548143f5c43,delivered,2018-04-15 17:14:30,2018-04-17 05:50:47,2018-04-18 23:48:26,2018-04-23 14:02:27,2018-05-03,f03cd475d41469f1bbd1d89ba184c93f,2018-04-15
8e213471c11bcad28837b1442a6f041a,61d08c372ebb31964180a47ac8159b52,delivered,2018-06-11 15:46:48,2018-06-12 05:16:27,2018-06-12 13:09:00,2018-06-14 13:38:51,2018-06-28,930266d530191afed33ac972ecb68b9a,2018-06-11
ac3b2d2f26b74c0c5f1e28c2f35abbc8,795dd2084a93274d000e07aa68dee14e,delivered,2017-12-05 14:49:41,2017-12-07 15:33:16,2017-12-09 11:46:43,2017-12-21 20:42:28,2018-01-08,3cbfa8093b3ae36fc7a01c0a263e0389,2017-12-05
0b75da0be2772eb19f522706b2078530,298a8c70a96b6e4bb07c44841e5ddd6b,delivered,2018-08-21 06:58:44,2018-08-21 07:30:13,2018-08-22 15:32:00,2018-08-29 22:25:44,2018-09-24,62710d18d2fc51ed913093daac4e9b0f,2018-08-21
eab1a39f86d8586c5bd5d18ec94b18d4,0437d633b71bb7bc68f45ab803c5e9a0,delivered,2018-01-25 18:40:45,2018-01-25 18:58:55,2018-01-26 21:03:45,2018-01-30 00:26:35,2018-02-09,c5471de16aed3d7ca21998ff0474ac14,2018-01-25
e2fd862b6691f32026ecf43da3109f53,68998236e5b627c52c5e17b13898ade7,delivered,2017-12-08 17:02:16,2017-12-08 17:14:20,2017-12-12 21:36:51,2017-12-28 12:37:33,2018-01-03,6f167e9c293939512e4011c636fc5bf6,2017-12-08
e0e67abffe91118f26ee31c1d1ee8391,24b7b8dee2d1ad1547b6feeedf2d3946,delivered,2018-05-08 11:27:12,2018-05-09 04:14:26,2018-05-09 12:01:00,2018-05-10 18:52:14,2018-05-21,6596f179362ae9b3c7ae83c0ab83ab2b,2018-05-08
f4f8eefd039e279c8fac5a307cb469c3,c5156853ded5199521864606a85ff104,delivered,2017-06-01 13:23:31,2017-06-01 13:35:15,2017-06-12 09:57:43,2017-06-13 12:50:06,2017-06-26,d58461ae8dabed69f875b341a19ab638,2017-06-01
1f186ad4ad389666cd9482ce1942038d,b3869e23f4d2aad91f558a1e535577d3,delivered,2017-09-16 01:30:57,2017-09-16 01:44:14,2017-09-19 18:26:01,2017-09-30 13:49:52,2017-10-04,00970787f181925ba33bd32b3817f742,2017-09-16
839b18549775e2e18c8af2ef891474a7,84c828b2ccdffcda91efaee8b3a30314,delivered,2018-03-20 16:40:44,2018-03-20 16:55:50,2018-03-21 21:05:31,2018-03-24 01:18:37,2018-04-16,e93cd30db0c9b8dc1e28d28a54917310,2018-03-20
5266088c56ae6a700425da42e273e7cd,b8bcbc6a8e07056ec28ac9c53b0c1ee1,delivered,2018-04-02 11:15:15,2018-04-02 11:30:13,2018-04-03 00:31:29,2018-04-10 03:37:30,2018-04-18,e52284279e234cf8a615273a1fa59846,2018-04-02
b16fc35ee8e5ad2889854407c7046d18,2eb54b8e77743e0741a56d5db935f28a,delivered,2017-07-20 21:57:57,2017-07-20 22:10:25,2017-07-21 17:15:57,2017-07-26 11:14:18,2017-08-09,fb0fd859e1a4edb3a9dc6da415ab4ef8,2017-07-20
fde34cec546a38cb083843964bfe83a8,1ab59f4039d380a1fcb71406821bcc71,delivered,2017-05-12 14:48:10,2017-05-12 16:42:55,2017-05-15 11:36:08,2017-05-22 06:27:40,2017-06-05,ee2e40e31211c5c36ebf28b78316542e,2017-05-12
96842863fc0b9e724387f412679beae2,51a8fc2b9e4808c0c05026e127c6e257,delivered,2018-03-20 16:14:02,2018-03-22 02:49:48,2018-03-27 18:18:50,2018-04-04 14:43:43,2018-04-06,e5109a89cf726fb1ef0e534fa284b0d3,2018-03-20
396513d397289140cf00910157e8a715,3c1f10511adf3a72a288c95ee29dcbc6,delivered,2017-03-10 12:12:11,2017-03-10 12:12:11,2017-03-16 05:34:11,2017-03-28 14:10:17,2017-03-29,70bdc4186a7403cfe41778a5969f0524,2017-03-10
a2a7a8c26f134471a22568ddf011e175,8f4758b55faa41da554b30461fa84f3e,delivered,2017-08-09 21:02:12,2017-08-11 04:24:58,2017-08-11 19:43:07,2017-08-25 15:26:22,2017-08-31,8f4a843ba725f85823d3c792e1ba6949,2017-08-09
b57e995a96941e23ee717939a2372baf,ede1cb1f72cca39d7966b210fb3bb14e,delivered,2018-03-19 20:48:34,2018-03-19 21:08:50,2018-03-21 15:12:50,2018-04-02 17:41:18,2018-04-12,d8e3ee58b556f531e452bbd938ecd975,2018-03-19
b7137352bdf2d8985750a6b13d49b2d4,cf15b6699cb95e493cd6e71431ffda1a,delivered,2017-07-16 16:18:45,2017-07-16 16:30:19,2017-07-17 20:22:50,2017-07-26 17:26:25,2017-08-08,ac2c1b1e9acbbcf716597958ecfdddc6,2017-07-16
3cef2febcf9500f2509317c92f432e8c,3c014a4731d721cd7116661c22dc0f2a,delivered,2017-08-05 10:11:18,2017-08-05 10:25:17,2017-08-07 23:32:24,2017-08-14 19:16:07,2017-08-29,fd529f754085722c53de23e72091b944,2017-08-05
7856517e7eaf2cff7a161cb290aa2741,254f9f11445e826179175084812009bd,delivered,2018-03-13 10:51:13,2018-03-13 11:27:53,2018-03-15 15:38:45,2018-03-21 15:52:36,2018-04-09,1ae047b629f5588f6c3066243ba66b7b,2018-03-13
decda04552d09fe71067557257928aaa,e6bd255da0a07c694653496c5c30c7ed,delivered,2017-05-09 21:09:48,2017-05-09 21:22:29,2017-05-16 14:49:55,2017-05-18 09:39:56,2017-05-25,c111ead1343db11cbd2bea3c24a0c9ae,2017-05-09
3a62cd7c5ca5faeb968cbb94ad3d27bc,f7a7fde12caac6edfac4282c4675b4ad,delivered,2017-08-30 00:49:26,2017-09-01 02:24:41,2017-09-06 21:37:55,2017-09-13 17:47:49,2017-09-28,fb70db26464e394fbb1183c5d5c36218,2017-08-30
ee08d8ee1e91201837b8d764336db291,ac9f15ac913deba60cf80a4dc82fccd3,delivered,2018-07-18 12:50:16,2018-07-18 13:02:02,2018-07-24 13:43:00,2018-07-30 21:38:32,2018-08-08,c7189a47def9de0fbc833e337cde9215,2018-07-18
b5946695c1837e21323da65699b4e187,c5591b513c6105e3a30573e90938b384,delivered,2018-04-15 18:30:42,2018-04-15 18:50:58,2018-04-18 00:48:35,2018-06-08 17:25:53,2018-05-22,3cca08caf45fdccb36e77a3832d96ebb,2018-04-15
36b746722f243c380682b35477411750,9b0b194acbdf6bdf7bde206fff44c173,delivered,2018-05-12 21:09:17,2018-05-12 21:30:24,2018-05-14 10:08:00,2018-05-19 15:18:45,2018-06-18,f96c22cb1c5244ef2e245ed6b249e7aa,2018-05-12
037a1aed2e8a5752977fd27aff7c230c,89a38ba4d20d8cc109418096b0e3cbf2,delivered,2017-11-12 17:20:08,2017-11-14 03:46:44,2017-11-14 19:51:57,2017-11-27 19:47:27,2017-12-01,d8e3c474b7e5ec5768bed69296a6d209,2017-11-12
494fa4e20c0a57c2f565a2d43a41462b,d6ac8c7fe64eb5e59bdcdd125ce9f5ba,delivered,2018-06-03 20:13:46,2018-06-03 20:31:24,2018-06-22 15:52:00,2018-06-28 21:33:17,2018-07-19,c798fab171e5084171bba753fd7d08b7,2018-06-03
1a0f86a669f41850ec641339c19c8792,d58c8453a61c2b4abcf15e051200635e,delivered,2017-07-17 22:46:31,2017-07-18 00:30:24,2017-07-18 14:47:39,2017-07-19 19:34:52,2017-08-14,0a856efc8c669c63477080ab965bdf94,2017-07-17
7fd7130d7e48470b9e4782edb0401a44,3560402b2a4ff51a8fc728b55234539c,delivered,2018-02-02 20:27:32,2018-02-03 02:53:53,2018-02-05 13:35:02,2018-02-15 13:16:27,2018-03-07,3e8b2eb038456ea0b4ab38cb1930f464,2018-02-02
5ae8b767398571b52ebd97dda7f3569c,655ce1567249ffb30f857843a966a3d6,delivered,2018-03-27 15:13:23,2018-03-27 15:29:38,2018-03-28 21:51:39,2018-03-29 14:11:21,2018-04-09,66ef54c4891b9c1f2c7668e9ed13d3fc,2018-03-27
7c5c8b715064d5bf2ee6a1cef59f2853,3b25473eceecbba95c66443d85075e94,delivered,2017-03-16 15:43:51,2017-03-16 15:43:51,2017-03-17 08:02:39,2017-03-23 17:23:01,2017-04-06,c7d59691aea3698faf39f497c1ced56a,2017-03-16
9a0b56e930f6e5cd70a4662400e4e6b5,dcdc9c7e585f8d8992ea33d72b924a64,delivered,2017-10-15 23:18:35,2017-10-15 23:28:12,2017-10-16 22:33:02,2017-10-19 18:27:40,2017-11-07,c33bbfc16120d7a669d2f168e7d71157,2017-10-15
6db0c63234f0e11e06c202b613a62f41,7b3924bba70acaea610883a7a9b3f768,delivered,2018-01-29 21:49:38,2018-01-29 22:13:19,2018-01-30 20:47:04,2018-02-01 02:44:46,2018-02-14,1203975b334f899fbe44e797ceb9bf43,2018-01-29
4387e79ec1a6317bfc7d9d8058f0283b,2ef8398f62042a2b4fb8a0bace741671,delivered,2017-11-21 20:48:32,2017-11-21 21:12:10,2017-11-22 14:52:10,2017-12-01 20:05:19,2017-12-15,d64224205254e254192fba44afe63cb3,2017-11-21
a833e4af2b4c893929b9f3adce3ecbeb,e88d4e743698d9ff2690a7bec36cb88b,delivered,2018-08-19 10:47:22,2018-08-20 11:30:07,2018-08-21 10:41:00,2018-08-29 19:19:40,2018-09-14,ea4bee12671b768aa4ffdb2864707e5d,2018-08-19
06970f3ad11e6267192d7d98af40a8f5,3121273a484955eef5f8c940af3ebfb6,delivered,2017-11-27 14:18:58,2017-11-27 14:26:26,2017-11-30 17:05:07,2017-12-06 11:42:29,2017-12-29,2eea530b4be6bbcb80f85bb9e29a33c2,2017-11-27
1ed0026cd10a75c686a9caab448154d3,5f269079392f6bbec64c4d148de17565,delivered,2018-05-31 20:50:51,2018-05-31 21:13:09,2018-06-01 11:12:00,2018-06-04 21:47:48,2018-06-26,71dfee60073c9dbc0a3b7d56f5bfe891,2018-05-31
878c411445b7128a9715f6f06ca14bea,ab90a48c16d5533595fc9f34949a8170,delivered,2017-05-13 22:46:15,2017-05-13 22:55:13,2017-05-18 08:53:39,2017-05-30 04:35:42,2017-06-09,4b7f624654e5181c5bfa4840abb208e3,2017-05-13
e95607028a36a5f9d9fa2702b4bc1f81,a56b0ef05e3ed83c0a73bcb14f44ab3c,delivered,2018-08-14 08:25:55,2018-08-14 08:44:12,2018-08-16 14:57:00,2018-08-17 20:36:38,2018-08-23,6eda0abe0ba2f7ea38105b682f2aabfe,2018-08-14
8394f8f42f1b8e51e88bc1901c0ea3b2,31355f407bde3b752177105ced719bd3,delivered,2017-11-15 20:50:40,2017-11-15 21:06:47,2017-11-23 15:58:50,2017-12-29 13:38:52,2017-12-13,ab4294bc718aff75bda733a8b92653ba,2017-11-15
21d601597d3c4723d5e5f81dc1d2c01e,1322870a5781743cc149549385e9ce4a,delivered,2018-02-28 14:53:09,2018-02-28 15:12:03,2018-03-01 18:39:11,2018-03-15 15:08:51,2018-03-29,e0eb9011db4b5eac138335cd4b7f07de,2018-02-28
54e9f969a3aa7533dc872c7aed1f25ec,809e6813ae5c0e032f08df8c91a3f8c2,delivered,2018-03-08 16:09:36,2018-03-08 16:55:42,2018-03-09 17:08:20,2018-03-14 17:42:40,2018-03-27,f39c2c384f9552231e294ac46f5aa6c9,2018-03-08
7135086500692af28aa3391f8b55ff1d,db2fd7dad619d15ef24b86379a91f5ea,delivered,2017-11-09 22:33:24,2017-11-09 22:47:08,2017-11-10 18:31:44,2017-11-24 18:58:43,2017-12-05,e1601bdf2082d110d485a6a1143f62ce,2017-11-09
c38db22a86ae94a2a5a9dd2d5700f6cb,da0f1d8609882eb8e79a55c7ca567834,delivered,2018-05-09 17:18:11,2018-05-09 17:36:39,2018-05-16 05:29:00,2018-06-08 18:41:46,2018-05-30,7db0eba759379d3a68e2922bb970c48c,2018-05-09
f313be47c42e07616027ad6d6ac3034c,1df2dcecdf59a9ec5bbd2f877821219e,delivered,2017-01-12 13:11:45,2017-01-12 13:24:45,2017-01-13 15:52:27,2017-01-26 14:03:59,2017-02-22,a4ed37fc830d1fb2889b4193ebb09a91,2017-01-12
c246fd65fbfdfd5eaf13ee936827a1d8,afae0f1fa6b82eaa634f9cf041e73814,delivered,2018-07-23 09:21:01,2018-07-25 04:05:17,2018-07-27 15:43:00,2018-08-03 15:58:58,2018-08-29,393a728a1c9ecd68f0ea0c56a3bc482f,2018-07-23
7021b6631e7eeee66d0c205798c9a8b0,08769b79055f98ab6f2878b6fbc39c62,delivered,2018-02-25 14:01:00,2018-02-25 14:10:29,2018-02-26 22:36:54,2018-03-15 21:48:27,2018-03-20,3725c5b8c1cf5ee69158f66922a862c4,2018-02-25
ed0a8bb0a99484236c428b5ae6447117,a67c3300a47c8ba4b12bcbed6731c7ca,delivered,2018-03-11 09:43:12,2018-03-11 10:10:39,2018-03-13 21:21:54,2018-03-23 20:22:10,2018-03-22,dd3f2da2d486101e88daf3eba6ad3b4d,2018-03-11
5148463bdbc74b975746afa3149a03c9,da5f4f7652bf87d943dbebb0a108adf7,delivered,2018-07-20 18:36:31,2018-07-20 18:50:11,2018-07-23 15:51:00,2018-07-27 13:19:02,2018-08-15,1270932573d025d8d44ea47a910a6612,2018-07-20
2526d08a2985e1b276a405915c2d8be9,2450926e09ca55f960204a2789ed4943,delivered,2017-02-04 15:00:01,2017-02-04 15:10:16,2017-02-07 14:00:00,2017-02-14 12:28:31,2017-03-07,a15a39c94a1934b7e64a5e10c5f9b9d6,2017-02-04
3861fdfecf4efb20b8a61f74643d40ef,93fe4181025d602ded002ff3a0c7d529,delivered,2018-04-26 16:33:56,2018-04-26 17:31:57,2018-04-27 15:37:00,2018-05-03 17:12:05,2018-05-21,e575520c007995cd9b25bc3bf4786df0,2018-04-26
f399f6c551fd6b54d3be535421eff2b4,06e7aeadaa608beaaf6f34c4fbb0e09e,delivered,2017-08-16 14:50:09,2017-08-16 15:50:16,2017-08-25 18:45:51,2017-08-29 19:42:23,2017-09-05,f213643d41322e7eb40ba39cac31847a,2017-08-16
ad3023e7d21d3ab26bd1d2939d18cd8c,de27e7ae8adefd14b55e07db50c5c037,delivered,2018-06-06 10:53:48,2018-06-07 02:55:02,2018-06-07 12:26:00,2018-06-11 21:46:45,2018-07-12,a50381d8ac7b457ced2071af9ef0caed,2018-06-06
add07aec0f5cae7d936f30137e686c40,dc34bc1e038fe5da49f47c457e5df774,delivered,2017-08-02 12:53:37,2017-08-02 13:05:22,2017-08-07 17:39:02,2017-08-15 16:17:51,2017-09-01,b439bf017db76aa19751bb210f736afe,2017-08-02
b8d8e7c7fe850dd45f9e3762c8b4b940,c6afd539f661cdf66e12f37802d274db,delivered,2018-06-26 19:50:52,2018-06-26 20:07:50,2018-06-27 10:39:00,2018-07-03 00:55:04,2018-07-20,b062791e857662403c72226238569567,2018-06-26
2e4ef279d418d092749185f9a030d1c2,91a61266fcdfa17c60eab874c7f2ad15,delivered,2018-07-27 17:05:29,2018-07-27 17:15:26,2018-08-06 14:44:00,2018-08-07 17:02:15,2018-08-08,7a1241db1c996fd0dc926ccc569203eb,2018-07-27
54c2fa26d524b90f034358bd9d333207,4cedc70e398faa2ae5e711c53c31d7b4,delivered,2018-05-15 16:13:37,2018-05-15 17:02:57,2018-05-16 07:01:00,2018-05-21 16:16:55,2018-06-06,387f4c38290acb792785db0a66e1ff1f,2018-05-15
eceb81b6addc38540d1ba8e218c0c896,160d39c7a142654123bac7b96de44c9c,delivered,2017-09-15 23:06:29,2017-09-15 23:15:25,2017-09-18 21:04:15,2017-10-03 17:59:08,2017-10-11,fb79e8b88e925cad4e38413756bbb265,2017-09-15
0435e97505a412ee97a24d62beb81cf0,05c866b580d387ccf3d664997dcb890a,delivered,2018-05-17 18:35:23,2018-05-18 00:37:32,2018-05-23 08:19:00,2018-06-08 19:06:40,2018-06-12,b6fee1c78cf3fc61efeb49225981c593,2018-05-17
4e36f5d1cafd53e3196ed1e81e7e0458,a3f5a2fe818a772eeea15149127f773b,delivered,2017-06-08 10:20:26,2017-06-08 10:30:38,2017-06-08 15:29:21,2017-06-16 20:34:47,2017-07-07,5ea155cf78a41b4b5332d4c2d0afd543,2017-06-08
a2aed6a87add50ebbbd74434cfcd1ba0,d9cc61b7ef701067f065bb57f81ffcba,delivered,2017-07-22 20:21:53,2017-07-22 20:35:17,2017-07-28 21:44:26,2017-08-09 17:18:04,2017-08-23,9e2fc5c2e7c82d0bc8151b721d57ac35,2017-07-22
aa57296ceb0b170f4823d71a06a43037,a59ce5c8d691e10ba1759f1894dd8dc1,delivered,2018-06-21 13:26:40,2018-06-22 02:59:29,2018-06-22 12:45:00,2018-06-28 20:03:57,2018-07-27,cbb28d6c78628689c129dbcaabf02d0e,2018-06-21
4527fe780d1facd3191d875fd794b233,f3fb90a75a693cc508aeee93a9cd627a,delivered,2017-06-07 17:52:49,2017-06-07 18:05:24,2017-06-08 14:33:13,2017-06-12 16:47:52,2017-06-28,d91ddce4cf48379d62b74ff3c55f361d,2017-06-07
94cbeb924291c55038f6d70ce58944d1,fa201b6b789affbeac2780ea9acf8c46,delivered,2017-08-21 14:57:34,2017-08-22 14:51:10,2017-08-30 19:41:35,2017-09-15 19:47:34,2017-09-29,41dba3bb0865d951cc1ea1c58fb7134c,2017-08-21
1b14da7ef108a4bfffbcb8f03d707def,ab521f20fbe5728cb41ce5a50bb1762e,delivered,2017-06-17 15:15:38,2017-06-17 15:42:40,2017-06-20 16:13:04,2017-06-22 16:21:59,2017-06-30,eb9e6cfff9699585f120e3fba3ebfc6a,2017-06-17
961e941567157246b67c0c448fb7252e,b009979731cd5472c89849587673800e,delivered,2018-05-14 17:28:10,2018-05-16 02:53:52,2018-05-16 10:38:00,2018-06-11 01:32:07,2018-06-11,ee43ae31d889d5f180ec0118b5145580,2018-05-14
f7ed76674fc0dbc31c2fc365c0b1cd8c,20553070f0f5d93ab91dd6b00e82afbb,delivered,2018-03-27 14:31:45,2018-03-27 14:47:55,2018-03-29 21:52:00,2018-04-09 22:57:47,2018-04-13,f54699e8fcbefb2773897fce9f7b2c46,2018-03-27
ccec592b58e122dc2bfc2305152d9603,ac062697fc30d35bd5bd10d4e71095e8,delivered,2018-08-24 16:35:15,2018-08-25 16:30:17,2018-08-27 15:22:00,2018-08-29 18:32:32,2018-09-14,61b4260aa3892f7f714ba862cd42fd0e,2018-08-24
4420eabc0fdae293aa0f049071c5d871,be3e55a849a12f3c2480f01cc50cdcb5,delivered,2018-01-21 14:41:29,2018-01-22 13:51:11,2018-01-23 21:35:00,2018-01-29 18:22:13,2018-02-21,64f5940ed8efdc106106909cdc5805c3,2018-01-21
02a059e99249511338c51476bf3d942e,76151005f31fee631493eb534d4fcf58,delivered,2017-07-24 19:24:34,2017-07-24 19:35:23,2017-07-26 10:34:54,2017-07-26 19:12:29,2017-08-04,3fe3e628c6c7a15ae96416826a4c5952,2017-07-24
a0fa357673549db3161966af6bda1598,54b9cdbffa0e61d94dc22de17fca4cea,delivered,2017-04-19 10:35:48,2017-04-20 02:45:23,2017-04-25 09:56:35,2017-05-08 10:07:12,2017-05-16,7761a5f33917cb2d80362b42771fdbb5,2017-04-19
1db3715533e603dd564cc484cdcf99fd,924ae879dd26064fa0628f0d2ee943b9,delivered,2018-08-12 09:28:01,2018-08-14 04:50:29,2018-08-15 15:01:00,2018-08-17 17:54:34,2018-08-22,691324dbe08df1efabf60764e485a7ce,2018-08-12
88eaab55607693a963f94efbf5ed8f1f,a82d3fdee4c861501662ea40616d36a9,delivered,2018-03-10 15:22:19,2018-03-10 15:35:38,2018-03-12 20:40:47,2018-03-24 11:45:39,2018-04-03,de5da5f4396e89725bc4bf041a6d09f5,2018-03-10
669e4a462a754fefc4473cfa2ef442dd,61802bf0b50dafc5f11e90421bf8899e,delivered,2018-03-11 19:14:40,2018-03-11 19:27:53,2018-03-14 00:58:45,2018-03-19 16:58:30,2018-03-22,61259867e35fca1ca48cc453736a1996,2018-03-11
b7eb76cd1ae26b1860fbfa21b819b4e1,f1f24f1979b19c75294283e4681ae7b6,delivered,2018-07-17 21:52:26,2018-07-17 22:05:16,2018-08-03 17:18:00,2018-08-13 18:16:45,2018-08-30,9f6a09ecbf082616ed3c6afd1460f6b5,2018-07-17
0fc71b3c90422c26bdc5df9d7417b505,394a520dc01e2dbf992d1bab7ab6d95e,delivered,2017-11-09 18:22:26,2017-11-09 18:35:42,2017-11-10 22:28:32,2017-11-20 17:44:51,2017-11-29,1e21216ab6c77754ae4f0d410ac67a7f,2017-11-09
35444785eacb17aeda6810ebd8dd188e,7dfd921b8d5eeee59b1b012e6696a99f,delivered,2017-01-20 10:47:03,2017-01-20 10:55:13,2017-01-23 14:04:24,2017-01-30 14:46:05,2017-03-06,c45bca52946a193b21364ad877e60342,2017-01-20
d82197665b49263e8815437c1e860b1c,14a1c2f98800b24fb57f4dccdfd4e668,delivered,2017-11-04 17:42:02,2017-11-04 17:55:20,2017-11-08 19:03:15,2017-11-14 18:48:59,2017-11-30,e620be18eb7152ef8303a266641a5cf5,2017-11-04
f086e4c6f1e932ae9d9cfe398889d148,ab1c95ee88c4f010e6cdc59b1e925228,delivered,2018-03-27 11:32:29,2018-03-27 12:08:06,2018-03-29 16:08:50,2018-03-31 16:12:04,2018-04-09,18bdaceade9716414163675e2ce002d8,2018-03-27
281eb181e6bdbdb242207fa323ffe58a,fa8effe5e95fe76afbeccc9191563d43,delivered,2018-06-26 11:58:10,2018-06-29 02:53:28,2018-06-29 12:13:00,2018-07-06 19:34:47,2018-07-27,0316bfd30c85ed27c45b5b63641464e3,2018-06-26
8292d13770a90cffad6ce596d5415761,2c5a9bc89fc2aa27aa2f47a451840a0a,delivered,2017-11-28 13:39:27,2017-11-28 13:50:46,2017-11-28 22:28:37,2017-11-30 01:56:47,2017-12-12,57e55b8b76e3e05a0604698a4b3f3243,2017-11-28
00fcf938cde49ae138942b632ed62393,396573e1df49285167b26331d72e7f96,delivered,2018-01-11 01:04:44,2018-01-12 02:38:41,2018-01-15 17:35:35,2018-01-30 10:58:25,2018-02-09,5ac6468b01b29ea7238103d44092c65a,2018-01-11
940938f15046a79e4e3f31015817e39a,f564a6977edca497bf999c9d025226df,delivered,2017-08-14 13:35:44,2017-08-14 14:10:47,2017-08-15 13:46:30,2017-08-16 17:12:47,2017-08-29,5d23c71bf76c31367deeb350ec0ab6a4,2017-08-14
a580fda5693f29e7c12c519a37a19b8f,0ba9a803b182db080870a20acb7a7a28,delivered,2018-07-26 13:34:47,2018-07-28 02:44:40,2018-07-31 15:02:00,2018-08-01 20:43:51,2018-08-09,96748a84ed9d28e85ab479fd7fa1ea75,2018-07-26
90a6c3a55e9c9cf3db4bd490b9ab44c7,84ded8b079a1aa215e8cf4c3399bcd37,delivered,2018-03-18 17:24:25,2018-03-18 17:35:30,2018-03-19 21:14:57,2018-03-23 11:28:57,2018-04-05,66359328632b4f86794ce0cd2596e48c,2018-03-18
899c7ad50db3894cb6e97312028c83e1,be2ca92c57f791f34a8eceef7ed06ae2,delivered,2018-05-07 16:41:46,2018-05-07 17:56:35,2018-05-08 13:55:00,2018-05-10 19:46:49,2018-05-17,9a2f985066b276ead8cfee5395d6495d,2018-05-07
b81ef226f3fe1789b1e8b2acac839d17,0a8556ac6be836b46b3e89920d59291c,delivered,2018-04-25 22:01:49,2018-04-25 22:15:09,2018-05-02 15:20:00,2018-05-09 17:36:51,2018-05-22,708ab75d2a007f0564aedd11139c7708,2018-04-25
128e1f34f6aa9b2a2df9e39c8c6e6146,5e6d51160e952ac7309b3fc99ee274e8,delivered,2018-01-18 14:24:20,2018-01-18 14:33:16,2018-01-18 23:04:05,2018-01-24 19:58:52,2018-02-09,c598c98e51f5464f6d4cba266520593e,2018-01-18
774c28738e389bcd9622059c5a6b173d,c90315fa2bf1e08a650b5dd68f744e39,delivered,2018-06-18 08:45:17,2018-06-19 04:16:41,2018-06-19 12:50:00,2018-06-27 07:31:13,2018-07-13,56cc07963df97ce96c18c1e8b8662505,2018-06-18
6139af649e0159b8129904b8bc5a869e,e435b927985a4a54692728ca2470bba5,delivered,2017-08-21 19:07:55,2017-08-21 19:25:13,2017-08-22 18:28:15,2017-08-29 19:34:50,2017-09-13,941f0c3842a0dd4a291b7eee3b535f34,2017-08-21
e97af7fcb2f185b68e1ef48e5c5ebb8c,e5c8b7d8833dc26d7b004bf52a4167f2,delivered,2017-10-20 13:48:58,2017-10-24 03:35:30,2017-10-26 19:28:48,2017-11-04 15:01:39,2017-11-13,1fc10d7cec16d089b4894a325dbd29d9,2017-10-20
c77e47704d90425196c86d3e237dd9fa,807b72b40be5c4b62b8588fc89d8c3bd,delivered,2018-01-23 12:56:14,2018-01-23 13:12:22,2018-01-29 16:18:53,2018-01-30 22:13:44,2018-02-07,343ecdc2253c7c6792a5ac40268849aa,2018-01-23
f2e140e28d86f0b4e360012c50983e22,0d2b974c6708819b9db8c88f71a33859,delivered,2017-10-19 16:33:31,2017-10-21 03:07:30,2017-10-23 18:57:10,2017-10-27 22:35:37,2017-11-10,9a2f8f0dc52f88ea53161973498b6987,2017-10-19
38035a76fee1437dca92e94b3e057af6,c808210ff5bbf25415730cefb3ca0113,delivered,2018-02-23 09:35:40,2018-02-23 09:50:37,2018-03-01 01:19:31,2018-03-19 14:18:45,2018-03-16,1288febe2567b6c947c5f7755a2856a0,2018-02-23
15cb7635b3916b4066beb14c7733542e,4313634481aee30e8b455bcb4b786d17,delivered,2017-08-15 21:02:06,2017-08-15 23:04:28,2017-08-17 11:15:47,2017-08-22 20:14:00,2017-09-06,cf718c153cbece145b8b0c2e70ea76bc,2017-08-15
f7adb52b8785594c7e357054489e371a,7c34219589e3983d508d3e782f0c18ff,delivered,2018-04-06 20:02:42,2018-04-06 20:10:22,2018-04-10 19:19:13,2018-04-18 18:08:42,2018-05-15,d56d91e2989c2aefa2eb79fb0942c1a2,2018-04-06
1115a717309037cd119797dbdc7e57d7,81ff308d29074038f8d342f9c4462ab5,delivered,2018-02-06 23:19:48,2018-02-06 23:30:31,2018-02-14 20:04:58,2018-02-15 19:04:25,2018-02-22,74b886232d43b4486b55d74ce1eaa150,2018-02-06
3b4b5ec89dc09c7aedc74199be65fef7,9e6179dbe5933b2f9ed17280257f1c97,unavailable,2017-10-18 11:33:40,2017-10-18 11:50:13,,,2017-11-21,5c8afe999a4f2e6371c3110b81d19a64,2017-10-18
494b5feb45ebf3e0dd57996b45bcf69f,bf52f0d94c28f425403dccf42a0ee662,delivered,2018-08-07 21:18:51,2018-08-07 21:30:16,2018-08-13 10:05:00,2018-08-17 19:32:33,2018-08-20,71d5717dc6973d501c8f2c7858196833,2018-08-07
9bf86d5822740bbf2ba1c14d18f377ab,c11aa130c37113217450f904cc30c8be,delivered,2018-03-10 13:31:27,2018-03-10 13:47:54,2018-03-12 17:28:31,2018-03-20 19:48:35,2018-04-06,2eb42d7e47cb1c6e6df73d98e87dc92a,2018-03-10
bc21aafa31286566776854b064ed351a,d7eabae45e5f9ff529e9e4cfa7bddfa9,delivered,2018-06-05 13:29:17,2018-06-05 14:31:50,2018-06-07 12:56:00,2018-06-12 17:51:16,2018-07-13,4c7ad96e45fcee507fff76ba9c45eb1e,2018-06-05
0194686a55eb0a869321fb107f4d114a,b577ba81b673d2fad6f974650f3dbb5a,delivered,2018-05-22 15:15:50,2018-05-23 02:15:30,2018-05-23 15:27:00,2018-06-04 19:05:32,2018-06-08,c68ffc361044816323eebe6a756f3060,2018-05-22
25c0199420985c8f6353d9bf1b3b107c,d835c1f9681f01512a39674a16a3f0a0,delivered,2018-03-03 15:29:53,2018-03-03 15:48:28,2018-03-08 17:25:18,2018-03-17 11:20:48,2018-03-29,ea2132cbd0c6d04614ca763e82edf30b,2018-03-03
2628346ae58dae6c3df3c7259ffe073e,acea0f3313c150db4e2bde9d03b5f2ab,delivered,2017-04-20 22:40:44,2017-04-20 22:50:19,2017-04-24 15:08:56,2017-04-27 10:29:15,2017-05-12,4f290954e4d7ca5af015b774e6eba94c,2017-04-20
4259b9850303df4a05fb8b708405b75e,b168384955d47d20478b0a540d870068,delivered,2018-01-22 12:14:12,2018-01-22 14:19:11,2018-01-25 15:52:53,2018-01-31 21:32:32,2018-02-14,401ac46c41b69c91c61f47f04ff73c4b,2018-01-22
fd9a39b683e84eb96a5c8a4f999f22ea,3f632d0fdd1a8ff580710beca22094d4,delivered,2017-11-10 16:15:04,2017-11-10 16:46:23,2017-11-14 16:37:06,2017-11-22 18:16:50,2017-12-05,5bd73a00d0cef6e2bf17ef04b6020ae2,2017-11-10
aec3389fc7c084e0cd8f8fae90fa52e3,465ad6320083538da0108d17efef1988,delivered,2017-12-11 19:50:08,2017-12-11 19:59:19,2017-12-13 15:39:38,2018-01-06 19:51:50,2018-01-09,74402a7740ee6989f349d7e491be8a68,2017-12-11
ef2d13d781a97ea071e0ad0236e35f49,39ed53d31627390f1a8fa1470cef1b5f,delivered,2017-03-29 21:27:45,2017-03-31 02:10:31,2017-03-31 11:08:54,2017-04-05 10:05:03,2017-04-18,98ec8f34699b3551d97011b3fa201265,2017-03-29
ceb435f46d86d2fb2890334c4862315a,b2e1defadfd7964f26a2f4a449eb6e26,delivered,2018-07-03 20:17:01,2018-07-05 16:27:04,2018-07-04 12:19:00,2018-07-12 16:58:36,2018-08-02,402f04a5afba423bb9741487b3b0a09f,2018-07-03
605fa1deddee0b912495c101e187f4e7,6b880c481ee7db0c31143fe7cbf8a3fc,delivered,2017-10-10 18:40:46,2017-10-11 03:35:35,2017-10-11 20:41:29,2017-10-20 20:47:51,2017-11-16,ae596023401b20ac95d2ed2af48e5e5a,2017-10-10
1daa6ab0e228948b72015ab51ea288f6,1b98448fca59c183a283c1ca730759f1,delivered,2017-12-13 09:25:17,2017-12-13 09:37:34,2017-12-14 22:10:49,2017-12-20 21:23:10,2018-01-09,e7fad66d9824eeffb63e016282e7ea1a,2017-12-13
f8fd25f70b750575ff9e8a348ee15692,9b38c5e19f3e7f498ab36c0b095f39a6,delivered,2018-01-13 18:52:46,2018-01-13 19:10:04,2018-01-17 15:35:01,2018-01-22 22:13:39,2018-02-08,0dc08717c1e08839d7c105878743f55e,2018-01-13
80cc0c2852de298dd40b80a78677f13e,f75b67b8b5ef458a20b70f057b6c6aa3,delivered,2017-11-01 16:17:37,2017-11-01 16:31:04,2017-11-03 14:11:50,2017-11-07 19:56:55,2017-11-14,5bb19317ef9d70891de66fd7f3a8e4e8,2017-11-01
82cb61093ee5284f77c35265ea66c4ba,d8aed8f8caaf359ef23d8084e816b12e,delivered,2018-05-03 15:10:55,2018-05-03 15:34:58,2018-05-09 11:16:00,2018-05-10 20:26:51,2018-05-18,fefffc5e1f105d0b0a395a95dccff067,2018-05-03
e95c2973b9be01bfe69bd4e1f33346fa,839610575e20348470abe5217901d91e,canceled,2018-06-28 12:10:28,2018-06-28 12:30:59,,,2018-07-24,c2691d1ebe8adfc8634704feebd9ba5e,2018-06-28
eb6027d9c2cabcf472d0ebf817b4ef05,2eb9e17dba31115f9121bbd6f0a17465,delivered,2017-10-03 21:25:15,2017-10-03 21:35:14,2017-10-06 20:52:56,2017-10-10 21:23:57,2017-10-25,3e627ef309be5df7f53b9dca70d51346,2017-10-03
e88333581538e25e87d48b2dbc1782b8,804c3fcfa00f15adc54c342c2971b2cc,delivered,2018-03-13 13:23:37,2018-03-14 09:35:32,2018-03-19 22:28:38,2018-04-06 21:29:03,2018-03-29,49be61a35d19a1411e1ab4d556a90a85,2018-03-13
15c31c519540921d720cca6129389633,c8db401ec63a5cf4fcc9e331cc626c96,delivered,2018-07-28 19:07:40,2018-07-28 19:27:20,2018-07-30 14:06:00,2018-08-01 00:11:09,2018-08-10,f120fc6d61289eefb3f39aac12abb022,2018-07-28
b27251efdb174e33b4c62af317cdc06f,8029c993d1227eb7f924230c8676ee07,delivered,2017-10-23 19:51:15,2017-10-25 02:26:12,2017-10-25 20:32:58,2017-10-27 16:30:00,2017-11-10,5461338ea772177374bcf3f23665178f,2017-10-23
c1156d369c303a211cdb53c6125a33b7,d0668834f2dd0876e74574b02aaa7af4,delivered,2017-06-21 19:37:24,2017-06-21 19:45:12,2017-06-22 11:27:40,2017-06-23 12:03:25,2017-07-04,ba2ca51c94b0d7c91c6f8f45f5d6cfb5,2017-06-21
f47cb24e99c4ceb74132fb58273bea3d,fb7400b8224647743c835eea88445704,delivered,2017-08-04 18:44:50,2017-08-07 10:23:35,2017-08-07 19:03:09,2017-08-14 18:24:08,2017-08-31,b113df13863504cc368109fddd9eeb73,2017-08-04
457acb24534ad6018f8a35441a118afc,bfe8e93ab568d3ccc2adcdfc1f547514,delivered,2018-06-07 13:32:39,2018-06-08 03:13:22,2018-06-08 14:02:00,2018-06-18 22:44:56,2018-07-05,567603a7a11f2b78096c2957421c364c,2018-06-07
79ba63b5e2113df41f0097eb9e9d143a,d4e5ff3c9dd6fa19f954c3a2f34e8704,delivered,2017-10-23 18:05:55,2017-10-25 02:26:37,2017-10-25 17:12:40,2017-11-07 21:38:39,2017-11-14,7b53ce3d0ba1f84b0ebcef52fffb110d,2017-10-23
560dbca079541765d29129e9b652f8c2,0b7f21f33e24667de2d6258aa72ab369,delivered,2017-11-24 08:55:16,2017-11-24 09:11:28,2017-11-27 19:24:08,2017-11-28 15:21:39,2017-12-11,2b242c41ff41dd94d733c61d9edd5bef,2017-11-24
a95f8f8384a13be626e06154468a9200,aea320a768b6bf82d76979c16260e2a9,delivered,2018-02-12 08:20:56,2018-02-12 10:00:27,2018-02-16 01:55:04,2018-02-27 20:22:47,2018-03-07,11f1da7f54ca7505e5d1b255774ac6d6,2018-02-12
676a8f34ad46ffcc2306f7548f04fb44,a4b30736aaa3bacd772ff5b3cb047a7c,delivered,2018-03-23 17:14:40,2018-03-23 17:30:37,2018-03-27 18:27:34,2018-03-29 11:42:12,2018-04-05,b8f785d2120597da19712664f917a779,2018-03-23
d747496c33d09cf369d4f70aa9282b6a,37955c5c4ea9ed8cdb555c4743e00d0c,delivered,2018-03-25 14:52:25,2018-03-25 15:00:48,2018-03-27 13:13:55,2018-03-29 16:06:41,2018-04-06,6dd4bb9e1c36c337cf410d9cc332c8ab,2018-03-25
38bec8cea5e040be0ab60e3415a27572,1caf1a66f78b479e81a45eae0dc3743e,delivered,2018-06-22 22:17:39,2018-06-22 22:37:34,2018-06-26 09:25:00,2018-07-03 18:26:45,2018-07-19,1dc7fd7bbecae96efa5fa3c0cfd71864,2018-06-22
dba5951df5e24339650c2552a565ad2c,a02eee6f48bfed375050accadda3756f,delivered,2018-08-05 18:25:52,2018-08-05 18:44:17,2018-08-06 09:34:00,2018-08-11 15:57:47,2018-08-17,495fe7ae31686381c8145b2936e761dc,2018-08-05
d2d3a710d923a0349be09988ab8d5ae3,9809326653e1008fc1612f14d9b35970,delivered,2017-07-07 16:43:48,2017-07-07 16:55:11,2017-07-10 18:43:50,2017-07-14 18:37:31,2017-08-07,85175e946e3b353b627e3d9acd756321,2017-07-07
db9b4cdab80e02f16927194367fb377b,136a9e6231711b3504d0b8b948694868,delivered,2018-06-22 22:04:34,2018-06-22 23:07:34,2018-06-25 14:39:00,2018-06-26 12:11:46,2018-07-11,19cb2ad9027f9c43ddf9326d748c87f7,2018-06-22
6f99460a3922c5c8fa61c49fa488a858,b6302ec7c7b78367c0f804f88b7b8461,delivered,2018-04-06 11:36:30,2018-04-06 11:50:19,2018-04-07 01:22:45,2018-04-11 19:03:50,2018-04-24,dbe6429f609e8f239f6247c48cfc3e8e,2018-04-06
4b9d4dd62814524c9244f8ca0bd377d1,e455f2d619b05659221d21dcb2f1de15,delivered,2017-05-20 09:16:51,2017-05-20 09:31:35,2017-05-25 16:15:50,2017-06-05 17:53:40,2017-06-16,285d7c6a3d33a46cf572fc005255928a,2017-05-20
106b5dd21daaf566b13f54cecc9ad32f,7fc8ef1dd2d7ac610fde57ee0cd595c6,delivered,2018-08-13 12:59:34,2018-08-13 13:15:09,2018-08-15 15:58:00,2018-08-17 11:18:10,2018-08-23,b6060f1e6ead8a46861445ea8ac72c85,2018-08-13
d68ac2a1fe441368e9bdea2c2a4d5ea6,dfb619c6ba6f2090f0f6e9494dbc0561,delivered,2018-08-01 07:13:56,2018-08-01 07:44:02,2018-08-06 09:48:00,2018-08-07 21:52:39,2018-08-14,e8a37d42b44d35a579e25d8d1c5b919c,2018-08-01
180c04aeebcb390784f7d9c08dbd159d,02193de2a9880973fdeb02923eb5fffd,delivered,2017-09-14 16:18:12,2017-09-14 16:30:24,2017-09-19 15:44:09,2017-10-09 15:43:50,2017-10-06,dd6ca4bccbd21803d32139af5b908fd7,2017-09-14
d6e60ce7022a6600dce9d2601399219b,bf78650e4243bf6f6a0acd9c977f7eb1,delivered,2018-06-16 15:01:08,2018-06-19 03:57:30,2018-06-19 12:20:00,2018-06-26 18:06:21,2018-07-11,7ad065f4818c722491c39b1cbfd8ab0f,2018-06-16
1843a612dd545ac2586d886db26c7af1,061eaa12db459fd7f6ba6a8b01f47652,delivered,2017-07-05 09:48:38,2017-07-05 17:42:30,2017-07-07 13:12:10,2017-07-14 20:12:12,2017-07-31,0d0bd0b9d01d33f30b80f395a4f0f824,2017-07-05
51357ca072c84c0efbec90b3a3a1afb9,0fa5a039cd4176f863e789167c679aaf,delivered,2017-09-29 13:10:32,2017-09-30 02:24:44,2017-10-04 11:38:12,2017-10-09 22:14:54,2017-10-27,989ab3e7980f749ed601702847d8f017,2017-09-29
8bca89b4311c48e6e6a22acd5cebd242,ecbefacde17c98967b427a3a1f98880e,delivered,2017-03-27 18:45:23,2017-03-27 18:55:14,2017-03-28 13:12:52,2017-04-05 13:34:01,2017-04-20,54a6ac9eafde53270240650b842f57ef,2017-03-27
fb4f1bfbc3032fb262e0548f93fe6087,91071294e01490e0b052deff9a5b0ab5,delivered,2018-03-30 19:56:57,2018-03-30 20:47:25,2018-04-04 19:57:27,2018-04-30 16:36:39,2018-04-27,6e78e4c50eb9d01d0ff6aed4c2ada2d5,2018-03-30
8dcf2ec06339997ba2eb7db51b7076fb,e9b20da6b833991bce7e39ed324e1c05,delivered,2017-12-04 13:43:32,2017-12-04 16:47:33,2017-12-05 16:53:33,2017-12-12 17:42:16,2018-01-05,9c0dc67fc74d6f2c48d65220076aabf2,2017-12-04
cb9dbf05ec6c88696a808bd2ec55f31a,3574e3f3077997227adc80e77e1ecf79,delivered,2017-12-18 22:12:55,2017-12-18 23:15:18,2017-12-19 17:19:44,2017-12-29 13:09:11,2018-01-22,c7cd7c949868a3a9167d4418c300f1c8,2017-12-18
2b83b8fa40c6831432a15681ecf065db,01690063395d386d320ea8f5a60cdece,delivered,2017-11-24 14:28:08,2017-11-28 03:45:16,2017-11-28 20:14:28,2017-12-20 21:12:57,2017-12-22,a9fbcde432c048fe5741d2c14006640d,2017-11-24
5798e78e71a22ca63000082377a15073,04f9ab3f03d2bce18997b1e224e6ad70,delivered,2017-10-04 10:05:48,2017-10-04 10:14:23,2017-10-06 18:39:08,2017-10-14 03:00:10,2017-10-26,337ae76c3ba514a2f0020d3a613fe6a8,2017-10-04
44924b3c408ca27175f5ded1a7320008,6bf3594f41ebbdba3f221d91713ae2cb,delivered,2017-02-14 14:17:39,2017-02-16 14:15:18,2017-02-17 17:34:33,2017-03-09 17:55:49,2017-03-27,b6b8d9b2f9f75e41f08353b3c5e59b56,2017-02-14
bd51fae4e79d90bca958267d6e6bee30,6804cebe528d82cfccaad1143fefbd38,unavailable,2017-11-17 20:03:46,2017-11-17 21:06:24,,,2017-11-30,035b968ba397e88fb108e40bc65de2b4,2017-11-17
669e401d6430b79db06491597d059230,d303ac03982ecfac0840f33bbc98b776,delivered,2017-04-18 15:44:51,2017-04-18 16:02:16,2017-04-19 17:57:56,2017-05-02 15:32:29,2017-05-15,e06e62694cd8ce637a1c3f4a624c647e,2017-04-18
63e9e738932324be5afdf33f891e4848,2046f63743ee0e7925fd2575cb194fcd,delivered,2017-11-01 18:32:13,2017-11-01 19:35:59,2017-11-03 19:29:02,2017-11-13 18:37:09,2017-11-27,2b8b1eb7ab53ac16a2b1e60e3ab0c4fb,2017-11-01
6df49762e95869691b34a001e36b8297,34ce17b3c7156f615f630f5d42c3863f,invoiced,2017-06-06 23:32:53,2017-06-07 00:03:06,,,2017-06-28,c00cdfa5f8980f3339ff0e5541e81961,2017-06-06
b14fc8930e4f3f413b6cb90f3c20b741,c60da9892d97a5f2e2f32899955e5700,delivered,2018-04-12 17:51:48,2018-04-13 13:14:28,2018-04-16 18:19:08,2018-05-11 17:46:35,2018-05-08,c7b73705707949cfb41847ff004ccfad,2018-04-12
75fd71aadc94da494ae8e9010c38d4d1,74db498590882c1bc2a01aebb32d7bb0,delivered,2018-08-17 11:12:26,2018-08-17 11:29:21,2018-08-21 12:54:00,2018-08-27 16:11:50,2018-09-05,683459cab0129375a071efb00da7c191,2018-08-17
9c8dea197b1aa3f75bf1baf53df41fd8,59d8dfd1edecbe50d98c151fe700e690,delivered,2017-11-28 21:53:19,2017-12-01 12:31:33,2017-12-01 21:28:47,2017-12-10 17:57:39,2017-12-18,e58e049eea2419a34274619f798d0cd4,2017-11-28
7a0b8eefc3f5c1e5d6baee73060caa44,dddbc5dcade50db78e88c37648792c3e,delivered,2017-05-08 22:15:35,2017-05-08 22:25:16,2017-05-09 10:39:31,2017-05-22 15:26:28,2017-06-09,6a950f43b0758a8e141079d3fdc5e1fd,2017-05-08
a3397fe4e0daa3278bc7de9c39a5e601,fd58e83220f721f32907fe4d3ff345d3,delivered,2018-03-01 14:27:17,2018-03-01 15:15:26,2018-03-06 22:51:46,2018-03-15 18:54:44,2018-03-21,43324275365c882796fc511ce01684c2,2018-03-01
0c65b1e5ce7f6d1bcc961e3a2d740d3b,0fc8cc4e3ab31e83bb291698794e0175,delivered,2017-11-30 16:09:58,2017-12-02 02:38:04,2017-12-05 17:32:47,2017-12-06 16:49:00,2017-12-18,0ecc403ec5d6ce000fd84f00cd5efb0a,2017-11-30
bc4bbcc74f039da59c73143881c5388b,7c4ec56ccef2942f428df26d64f4e93d,delivered,2017-09-24 20:39:03,2017-09-24 20:50:12,2017-09-25 18:55:43,2017-09-28 22:37:04,2017-10-17,0cc5f5c3a5c43732ee1d7550e7068e7d,2017-09-24
b05df0dfca38d85d9cc0bcdbd8bc643a,a8869329ea9cdeb330f527d0aff165c1,delivered,2017-08-19 21:00:35,2017-08-19 22:05:17,2017-08-22 14:41:48,2017-09-06 23:01:25,2017-09-18,9235bbcc21e7e985143d292196deccc9,2017-08-19
660f8620fa6f2cb3014b516eb8cfd24b,5a41e4482722187ca65fbdc372d3fb5c,delivered,2017-06-14 01:53:47,2017-06-15 02:50:10,2017-06-19 13:04:36,2017-06-28 15:16:05,2017-07-07,b1f7a17e4b8df4dc62658689775458bd,2017-06-14
b7c509157b933de261d2bb20abe06829,82ee5f0ff614d167fada2e62648ef53c,delivered,2017-07-07 10:18:53,2017-07-07 10:30:12,2017-07-18 18:47:36,2017-07-24 21:26:37,2017-07-31,cefecd23f8264f8fb6215e57a7c2ccaf,2017-07-07
9bf45ecba71e9121235e583ec3b824a3,9c85c926b9f69f10c63f5754d44e9858,delivered,2018-08-13 19:34:23,2018-08-13 19:45:20,2018-08-14 11:44:00,2018-08-20 12:38:58,2018-08-31,7c5198d8a67f7da5930f067766cb468f,2018-08-13
37297c70ff1867f5ad4b215cc27fbe81,8011a155cb0947b59d0e199dd4474428,delivered,2017-11-03 13:26:21,2017-11-03 13:46:03,2017-11-06 19:35:37,2017-11-10 19:33:45,2017-11-16,155622f6141435b9cbdb9cd89886200f,2017-11-03
abd94092d66fe4243b9297c30cbadf52,b5a87a2466545e708201d9f1b85a2bc6,delivered,2017-12-06 18:24:14,2017-12-06 18:33:48,2017-12-08 00:33:51,2017-12-28 18:47:58,2018-01-04,f3b301b98d453b98026fd514abd82931,2017-12-06
a5beaa646a0becb1965a0f77f1f05934,888444899332a330a2799e8b94779d1a,delivered,2017-06-08 22:38:47,2017-06-10 03:03:35,2017-06-14 16:06:33,2017-06-19 21:25:42,2017-07-05,b2ad5a5e154642b975afe1d70ef27f63,2017-06-08
d47a277ee3c0a6d83aac8548c06263cf,4d6a71e3cc10bf25e81389394f4ed0b5,delivered,2017-09-14 22:41:10,2017-09-16 02:50:15,2017-09-19 20:04:45,2017-09-22 19:41:52,2017-10-05,0f6355abd2fb808755d94a6084ee41cb,2017-09-14
ee58623a2689e830e5a9519a7088a04b,7e103a064dd90f7ffce8335906ba868b,delivered,2018-02-05 10:13:41,2018-02-05 10:32:07,2018-02-07 22:45:36,2018-02-26 23:22:20,2018-03-02,a004f0d471e548d9522a55316d680d8a,2018-02-05
e7dce62b3a446895d10cfb513a4eed68,2dc80e5f49de760e355af287ed29a984,delivered,2017-11-16 03:54:03,2017-11-17 04:06:33,2017-11-20 19:47:43,2017-11-29 01:08:38,2017-12-13,d77c1a205b8496db59a278ae78a64186,2017-11-16
9e24613b913b312f009ec05b56b339d4,e41024577c0be0553a143f9189d61862,delivered,2017-05-05 16:19:56,2017-05-05 16:30:20,2017-05-09 15:17:18,2017-05-11 15:04:05,2017-05-30,c477eeb763c6b24fe733bd8d2ca39045,2017-05-05
4a571f5e71e16ce232386c80d485db65,a08c3f511f37158bd7e1964e6efafa2a,delivered,2017-01-19 10:17:29,2017-01-19 10:30:18,2017-01-23 11:19:07,2017-02-01 01:05:18,2017-03-03,04b0c01cb1debde1573403fb50c5d915,2017-01-19
dde56e42843e19685d241a25e192184e,385b197700fc1ddc0cd7593456a8f0db,delivered,2017-08-03 11:40:08,2017-08-04 11:45:18,2017-08-29 09:13:53,2017-08-29 09:13:53,2017-09-04,8d979809915c7dd77c15b741b089c85b,2017-08-03
cf6af03cfe2aa7ce2b23c2b77c1ff722,e9c40158510e4577046c6a0b4a11538c,delivered,2018-06-26 16:47:10,2018-06-26 17:18:12,2018-06-27 11:29:00,2018-07-05 17:46:23,2018-07-26,5c1f61144f3fbb984bcaa5081d4ed587,2018-06-26
f3f10317ffc85603d3812d7f6467d4e7,56e8ea641a4364495f96d75163f234ed,delivered,2018-05-08 22:31:03,2018-05-08 22:54:28,2018-05-10 13:35:00,2018-05-15 16:58:29,2018-05-23,e4ce1ce06d8a4981e15d4b4b0e2d1feb,2018-05-08
44172b4c9cf753347bbd379c0df68dc3,c4ae69586d54c4205e4ce6ef761cf9fe,delivered,2017-08-03 20:52:47,2017-08-03 21:05:22,2017-08-07 16:59:31,2017-08-25 19:33:00,2017-09-04,6f52c792cd9cbb1d063ce3241964ad18,2017-08-03
a65e0938a2f3dc167ee856d4feb33290,91b789900931079575ec4039758423d5,delivered,2017-04-26 14:19:21,2017-04-26 14:30:19,2017-05-04 14:56:02,2017-05-15 08:54:50,2017-05-17,2bc046cc2566b168abea7da506a657c2,2017-04-26
d8c65cae037f8f9a93e2a53c54357a21,d14dcc33d06d94ffd075c4ac9f347f8d,delivered,2017-05-22 16:32:00,2017-05-22 16:45:12,2017-05-24 12:35:45,2017-06-05 16:52:19,2017-06-26,e8130681bbbc74b8dc1d4870a10787a4,2017-05-22
baed25a07d23ba7d05770c3f8562ecba,d43a36f935d6249dfaa042db93d346fc,delivered,2018-08-17 11:22:42,2018-08-17 11:35:17,2018-08-22 14:28:00,2018-08-29 18:26:30,2018-09-13,5429d605205d425eda9b059e0a50eb9c,2018-08-17
2b68bb35779189904b0cd730eaba3d1d,0d6dfc6e464d9f10db213e8b1898e4b1,canceled,2018-05-08 10:11:16,2018-05-08 10:31:31,,,2018-06-04,830380965d8421a9fca3631d665356a0,2018-05-08
42873babe11a5362e2b59e1bf80fbd92,3ec4d59cd0d003ac1da03b3c5fe970f2,delivered,2017-11-19 08:16:33,2017-11-19 09:04:17,2017-11-22 19:05:32,2017-12-28 14:29:14,2017-12-12,30aba6bf4b8516f9eda938837332f1ff,2017-11-19
1bce4e7b57b2796a7e726aeebb967a32,a62b76be178d2a33958fa60c8a59c892,delivered,2017-12-06 12:41:52,2017-12-08 02:39:31,2017-12-08 20:46:54,2017-12-29 18:58:42,2018-01-04,7b7009a33b7b2e95a55f5b6a4671251a,2017-12-06
8fc4cc76b7842723f0f25209b4420b85,b0d440357ef776fa982ac15a70502374,delivered,2017-12-26 18:55:42,2017-12-26 19:08:51,2017-12-28 15:29:01,2018-01-11 20:08:36,2018-01-29,aac8feb8dfcef01ed3d7751142d2d6c0,2017-12-26
0f3916a6e4cad3ec561784603b3af55f,e2d5baf25c5642adf9c640a2107df670,delivered,2018-04-02 10:40:45,2018-04-02 10:50:19,2018-04-04 00:43:43,2018-04-10 18:06:32,2018-04-23,3485cd46fbf0423dd04f61dd9d0e5d7e,2018-04-02
1000fd60c36051932866242b91c5ef43,c598e608cdb6430110d25237141c4e4d,delivered,2018-02-01 23:09:36,2018-02-03 02:52:39,2018-02-05 21:52:48,2018-02-08 01:12:51,2018-02-19,e6dcccd3be323b431eb4dc27c81da0f0,2018-02-01
571c2c71ea17995d3d512a069ac59772,b24d3c00a85a5c0f42fb5e47dc206e69,delivered,2018-05-06 13:31:16,2018-05-08 04:35:13,2018-05-10 12:27:00,2018-05-16 15:29:15,2018-05-30,aabebad69470c42dc362e1d347cff769,2018-05-06
eb7838c18a8fb7cd981b260bc220e739,9076176abe8c4a7ffa804d50816e9eb3,delivered,2018-02-23 08:56:44,2018-02-23 09:40:20,2018-02-26 20:32:41,2018-03-04 14:21:18,2018-03-15,4ad904de8f1df08767db8c2968a0854a,2018-02-23
415163634b075446172210d1b9717e2a,b0b272dcb47a51eace14ac2dcf4b5ec5,delivered,2018-06-21 11:54:06,2018-06-21 12:22:05,2018-06-22 14:00:00,2018-06-29 21:34:49,2018-07-27,3fcbe63cb72e63b891d14167dfb5f45e,2018-06-21
b6d950bbbac28a711a71455adc829a5d,f0624c72d61febd084427e85f2689cbb,delivered,2017-10-04 11:38:53,2017-10-06 02:28:43,2017-10-06 21:40:02,2017-10-16 21:42:08,2017-11-03,aa0ffb0310259ea699a5f5c8e72273de,2017-10-04
2545a371c2d78cb0967db6cea045029f,fd02e2278bbad54bce38c92d69935f41,delivered,2017-03-08 15:46:42,2017-03-08 15:46:42,2017-03-10 11:11:22,2017-03-17 15:34:19,2017-03-29,623e2f117542d1e15c07d861cdd4727f,2017-03-08
64c3de97be1b0e0518e9083d28fd3d83,367c7fed4f286c1f0f7ac137cade2edb,delivered,2017-05-21 15:05:04,2017-05-23 03:31:37,2017-05-25 09:24:38,2017-06-12 11:38:08,2017-06-16,84c09bb555869c014a06beccf280d725,2017-05-21
8a7323f90911d7d68c77dc684d64dfc7,9a5c701a70252c3bdb08d51378595ce7,delivered,2017-10-26 11:18:32,2017-10-26 11:28:41,2017-10-27 20:37:41,2017-11-06 19:16:54,2017-11-14,377b1fa711a628cfb829644338ab9747,2017-10-26
af79884abd4a25e4ed96f94bc7db48b3,b24c41e081cb6023a4248685dde92ed0,delivered,2017-03-04 18:13:30,2017-03-04 18:23:57,2017-03-06 08:59:16,2017-03-14 10:17:39,2017-04-12,6946ffdf1dc85027f50f5120ac063138,2017-03-04
8681822ccf2aaea9124f49a2a6dba7b1,92018ae7f2bc1871f7ec35c24cca37cb,delivered,2018-03-02 09:43:01,2018-03-02 09:50:40,2018-03-02 23:13:34,2018-03-14 19:58:50,2018-03-20,fb567adf300e73b60281b72af7702687,2018-03-02
5879d76b960909b8b080ac8e212dbdf0,7e80aacb72987a64dfb549d34b43802d,delivered,2017-06-20 13:44:09,2017-06-22 02:10:14,2017-06-22 17:46:06,2017-06-25 09:51:25,2017-07-03,b38838a2e47596dfee72a270515302e1,2017-06-20
650983d239f9c314e6b170ad1d41c9d3,88dc11bbb95301b0afff2cef3b794eb0,delivered,2017-03-22 16:56:22,2017-03-22 16:56:22,2017-03-23 10:08:49,2017-03-28 15:44:08,2017-04-10,1593dab1a9c62bc248db7de6da632661,2017-03-22
03be2f620301ed720f761e04f00270d4,f1dde6108ccd95c8341b628a7ecc6ef5,delivered,2018-06-09 12:20:13,2018-06-09 12:35:12,2018-06-15 16:38:00,2018-06-20 17:17:40,2018-07-04,fd5fa9d98454b4d02a677629e18f3717,2018-06-09
9d878626f2f4299a286c12663698d2d8,ee5e86adac545e66e1e4e3e2616d1600,delivered,2018-03-27 13:42:05,2018-03-29 07:07:03,2018-04-03 19:05:25,2018-04-26 13:18:25,2018-04-18,b6a70553f73cde17709a32cb714a40eb,2018-03-27
dcda492b42b10ec0db05f713cbd11b60,29c34330a2cd267405c6c32ac32817ab,delivered,2018-04-23 09:57:06,2018-04-24 17:58:13,2018-04-24 20:03:40,2018-04-30 17:05:03,2018-05-16,0fb71ae96ebb938efaff40d4cfd64f26,2018-04-23
d63fe1f1621db3763f40ec20a4a8b338,a20526ca1aa3ca00b2292925398750b4,delivered,2017-02-25 20:55:27,2017-02-26 21:01:57,2017-03-08 15:45:56,2017-03-21 16:11:52,2017-04-03,d53e608934f3bd2779c5c2471849798d,2017-02-25
fc0505833ea55953cb885d6694daa689,521aa7f67815ca2ccb46704be6095b68,delivered,2017-09-15 16:39:12,2017-09-15 16:50:22,2017-09-19 21:28:45,2017-09-25 18:51:18,2017-10-16,eea4a5a401d99f19cdb3452efca1cc60,2017-09-15
71049671af38d8dacc4b8bc9e488a4af,95201e55bb043c322386ae3f8f363ec4,delivered,2017-11-14 20:08:13,2017-11-14 20:26:40,2017-11-16 20:44:40,2017-11-23 19:33:16,2017-12-04,73de7b7b976fc6b75283b05f67fd6b5b,2017-11-14
5255f1faed117d0031d5f1c17d645d61,4847ee76209123fa40e1d2bfe8618ae0,delivered,2017-07-24 14:12:00,2017-07-24 14:25:07,2017-07-26 10:54:32,2017-08-03 14:07:26,2017-08-15,02e42ba4354c5aea7a08fc75d9f41b5f,2017-07-24
8e6c25f5e4548a8a880c0339b15b8ab7,cbadf6f2dd0d4d66c099751b7ad40c9b,delivered,2017-11-24 14:42:01,2017-11-24 16:53:55,2017-12-06 17:13:24,2018-01-09 17:36:14,2017-12-19,de3310643e5dc5aeda6082c500dc629f,2017-11-24
20c75d31d2151bf4e0b8b398e64fb163,655939edc67abc8156b1cb681af427b0,delivered,2017-03-15 09:26:54,2017-03-15 09:26:54,2017-03-23 10:24:25,2017-03-27 12:41:25,2017-04-03,61df60ca9c9f49010c88273398af9eeb,2017-03-15
da51cd652f0a94b12f506ac3bf37741a,1829e66069cce6e4a16ac542178d5b7d,delivered,2018-03-20 16:14:26,2018-03-20 16:29:38,2018-04-03 01:22:13,2018-04-05 12:54:46,2018-04-10,3c8ca1a6aa34cff7a4e07406ea50962d,2018-03-20
3a832277787e9783a3efdd6f49781a77,32338bd45fc1691a84c9cd0b2c52112c,delivered,2018-05-04 14:00:25,2018-05-04 14:12:55,2018-05-10 10:41:00,2018-05-23 23:16:49,2018-05-30,1f720a4ed168812c1dbf280e2a6c3638,2018-05-04
06b709d62777971bc95e6c32886f3ddc,8709f685a85d5c65fb7e7a9a77e97182,delivered,2018-04-20 20:36:31,2018-04-24 19:28:15,2018-04-23 17:49:42,2018-05-04 19:41:48,2018-05-24,5882e10ed75dbb86ed6b62bddb146e5e,2018-04-20
f86df9fa4000285e8ba647d4c6df5b7c,eea81ec9d315c8f8a46c7888c7475fe5,delivered,2017-10-25 10:08:31,2017-10-25 10:33:43,2017-10-26 19:30:08,2017-11-13 20:25:57,2017-11-21,537799a8ba7722e7776fe9aa7dd25612,2017-10-25
24aa32ff7b966959313509b567cb68be,b9e7408a5e9cbc2c32efa68fbdcd8c69,delivered,2018-05-16 15:45:13,2018-05-18 05:34:24,2018-05-18 15:26:00,2018-06-01 13:03:44,2018-06-11,a2356e8532a09cc7a793f05bb44be5bf,2018-05-16
a20fd8d03db72237712932934935ab14,b5bae8ef2af64a160264b103b7df0912,delivered,2018-01-30 08:38:27,2018-01-30 09:09:36,2018-01-30 19:58:51,2018-02-05 18:42:52,2018-02-26,e063d4243d764b831758a028e25706d6,2018-01-30
abbd44be67f3cad08ffac14daf36af60,41a16488effb86580d7a89f8aa19a03b,delivered,2017-11-13 16:44:41,2017-11-13 17:15:41,2017-11-14 19:16:02,2017-11-24 19:57:00,2017-12-08,1b6c7548a2a1f9037c1fd3ddfed95f33,2017-11-13
906a31b1ec17b0966ac6724b794b3b42,f0841938472e5ea8557e9f2c19c44b70,delivered,2018-07-06 14:54:59,2018-07-06 15:11:18,2018-07-09 13:53:00,2018-07-13 15:32:38,2018-07-31,eab30fcb1a82d74a4de3bd6df51eb0d3,2018-07-06
44a9994228432b835c3a4e720b6a41ab,ae5ba6d5577f1b5e2db6fa6d96a9dbd9,delivered,2018-03-02 20:29:05,2018-03-06 03:55:30,2018-03-08 17:19:24,2018-03-28 19:27:44,2018-03-23,3f221c8e33a9afc371b1d9f0c142e93f,2018-03-02
7daeb81638f9bb0b663a58c811266726,d37c4c240e67390494ac98d9758eb7a7,delivered,2017-12-04 20:42:20,2017-12-04 20:54:50,2017-12-05 22:58:50,2017-12-07 19:44:45,2017-12-20,864ee5b3811408d7153069a1ce1aa05e,2017-12-04
efb0cacb1ed48693e7edc6e10d9d1790,9f578aad6c6c21853f44c0965b35193d,delivered,2017-07-17 00:40:12,2017-07-18 06:23:39,2017-07-18 22:57:54,2017-07-20 16:45:05,2017-08-08,aa60cdc29dfb37e9388bdd20aa4d7a61,2017-07-17
cfc558750a7ad84d94c1348dfd89543c,1af8d640c317b12571dc17ff39aa246c,delivered,2017-12-30 12:15:34,2017-12-30 12:27:03,2018-01-04 22:22:53,2018-01-11 22:33:51,2018-02-14,8c5d1c8ed2e40a8dfc0842664ccebc1e,2017-12-30
71f86189760ff1dec6805f4fc7c6f52f,bc41a708ec6dabfa8b01320ad60ac6a2,delivered,2017-01-18 10:42:05,2017-01-18 10:50:21,2017-01-18 17:19:08,2017-01-31 16:59:08,2017-03-10,212fb8fd04191789cf67caf8c78e2d1b,2017-01-18
ca35a20423cabbc81c577f3ffe72169d,1e223899442e479b03b6e0056d14b25d,delivered,2017-10-31 21:40:27,2017-11-01 21:50:21,2017-11-06 22:22:39,2017-11-13 18:07:11,2017-11-29,3ec3b9e0f51059e087237fc0cb06427b,2017-10-31
a4e60f26b5298171b4a850402c2ae5e9,6b4698a7406abadac8afabf5f8b1a87c,delivered,2018-04-11 01:48:44,2018-04-11 02:10:01,2018-04-12 16:48:50,2018-04-17 23:05:23,2018-05-17,b354b80f821162d315ce64131d8d889d,2018-04-11
f7dbcda3f48b607b8ed01b6bcd84b92e,95159c203464fd65efba0ecc7a68d5b0,delivered,2018-06-11 14:15:55,2018-06-13 03:55:07,2018-06-13 08:21:00,2018-07-03 21:06:10,2018-07-16,0853e8da3198f1f0bd3909679096aded,2018-06-11
72220792349288e30e62a9c37fe8af6b,496782146406bab80a5e892f3e27eb70,delivered,2017-11-24 19:27:30,2017-11-24 22:54:47,2017-11-27 20:21:59,2017-12-06 12:07:06,2017-12-21,742d3c6312acbe227c765060532fe5a2,2017-11-24
e11161681691ee93c18b648ef563c05d,d3474a99f9a5637f3e8b70c0cb4304f6,delivered,2018-06-11 14:35:12,2018-06-12 10:21:28,2018-06-14 14:10:00,2018-06-18 17:03:51,2018-07-04,cf2e63f9862eeb97d00b2e072df28db0,2018-06-11
3fde8b7313af6b37b84b5c7594d7add0,248307eaf63a58203c675fccab2d1002,delivered,2017-11-27 22:36:14,2017-11-30 16:27:02,2017-12-01 16:12:34,2017-12-14 19:38:42,2018-01-02,370cd3b09ea745fe047fd11db7430441,2017-11-27
a8e8374bd84c7cc644b29dbfa3f02be0,c6652827d91312454561a09fa5529fc9,delivered,2017-11-23 14:34:25,2017-11-23 14:49:09,2017-11-27 17:34:37,2017-11-30 14:19:44,2017-12-07,e63831fda4513b2d962ea7313c8612ab,2017-11-23
383ba1470e3ace2021f232303b6d4097,3e2adca6ca503c06bee11ad4ebbdd009,delivered,2018-04-10 22:32:53,2018-04-10 22:52:39,2018-04-11 22:38:38,2018-04-18 20:29:20,2018-05-04,937ccb37e4aff745a55e6ab4d55f1034,2018-04-10
3751745dfce1d1e272f8eb38c1424a18,e9bfd7fa924dd546f0cad77bf5e7b272,delivered,2017-10-31 19:42:57,2017-11-02 02:16:33,2017-11-06 22:42:01,2017-11-28 23:48:41,2017-12-06,59d6bea9747ac212c29ab76df44592af,2017-10-31
6002f1429927599498f346578f57af4b,961ccc7ebd066291ebbe0aea52b5efad,delivered,2017-03-07 17:49:33,2017-03-07 18:05:17,2017-03-13 08:07:20,2017-03-23 06:54:44,2017-04-05,b1667d1833c649999401e36e75781208,2017-03-07
82e92636cb6064e36f4d3cfc7cfb6655,9e8988f5e00495563b04c5d85a18ad44,delivered,2017-08-09 14:03:32,2017-08-09 14:15:10,2017-08-11 21:03:52,2017-08-24 20:25:59,2017-09-11,3088a0262a86eb4882b0df026cbe9f51,2017-08-09
66408ac1fd2db14486fb5d2c432aef51,4bc5733793dc86f89314d99b0a91a182,delivered,2017-05-15 16:55:06,2017-05-15 17:05:14,2017-05-16 14:07:33,2017-05-18 08:04:00,2017-06-02,05a2746f52eedb30b1ba9a67a457e605,2017-05-15
7bbb6edafc3614ad57fb17a6ae04a502,0ae515e96084b7cd1e63340172c0990d,delivered,2017-11-16 12:26:30,2017-11-16 13:10:54,2017-11-21 16:49:16,2017-11-28 23:44:48,2017-11-29,e7039843c54c69530bbf70d926baaab6,2017-11-16
0b50f9db645dbb8c98ebe37fab6ecb3e,2c6882de19e82ab91b7cd3dd2c49873e,delivered,2018-01-04 19:15:58,2018-01-06 14:14:05,2018-01-09 20:24:55,2018-02-02 20:26:10,2018-02-02,0109643e8c9bc5d8d7791439f3fa4259,2018-01-04
74fcadc7525caabfaf228fbe8ab6d129,07eb2651119fce5364e9af667f651153,delivered,2018-05-27 15:27:50,2018-05-28 15:32:20,2018-05-30 13:12:00,2018-06-04 15:02:16,2018-06-20,50ea5031a877b26ac8fd34105cde2ee9,2018-05-27
ced669a0f18cc433701f1011449b80fe,70f455685561519d6a7770423cbb01ee,delivered,2018-06-26 16:58:56,2018-06-26 18:18:21,2018-06-27 10:17:00,2018-06-29 16:48:46,2018-07-11,c81c9108cffad3027309e6f0ff327de4,2018-06-26
f019a5199ecd85292da1320f0389a05f,b9e4d8c0a644aaa42e1eff5912fe8316,delivered,2018-06-28 00:15:39,2018-06-28 09:10:35,2018-08-01 10:19:00,2018-08-03 00:21:24,2018-08-09,84e049bcf38cde20526efe024b6d6403,2018-06-28
5b8bdf149fa5dca5978d5209a06ea960,09bb71db74001d48fba34cc642711ef1,delivered,2018-03-26 10:07:50,2018-03-26 10:27:17,2018-03-27 18:16:57,2018-04-04 23:38:33,2018-04-13,7e5ee303107bf4d179a0f8642d212f8d,2018-03-26
3239c022d37dc6c0fd3b8749bb7a0b1e,8effa4e9c5158c1f6b13eaa9b69a4a59,delivered,2017-10-24 23:15:14,2017-10-24 23:25:50,2017-10-25 18:27:18,2017-10-31 19:39:58,2017-11-13,362928c8cd61df2e6951751dffb4be85,2017-10-24
d0b5bc019c65134958fc43bf38b9359c,5226966b442ede0e7c5d138d9a23fb1b,delivered,2018-03-27 17:27:57,2018-03-27 17:48:39,2018-03-29 00:14:38,2018-03-31 16:12:11,2018-04-09,282173fd7ca1c435ffc4cd3cb0039c3e,2018-03-27
70af58ec6113d2f1bb7f6db857208687,21f4cb42191c2d7631a1fbf33c3e537c,delivered,2017-05-15 10:34:24,2017-05-15 10:45:18,2017-05-15 12:50:01,2017-05-16 17:24:44,2017-05-24,2e5389c6418534b53fdd599c4fcafa2f,2017-05-15
09be8ba0b5c0e3195ef77302707a192f,016890b20bac6cd8155fb02cd3ec3e44,delivered,2018-07-01 22:16:18,2018-07-01 22:30:13,2018-07-02 16:24:00,2018-07-06 18:08:35,2018-07-26,618753607eae5ce77280f5a82a2a730a,2018-07-01
932917bf5776b6b41c8184cde607a9bd,241510e91b641dc4a5646cb954e58cd3,delivered,2018-03-20 23:22:54,2018-03-20 23:35:31,2018-03-21 21:54:30,2018-03-24 02:06:09,2018-04-03,c926c68941389205342644381632f8fb,2018-03-20
5dff8347ba30bf1b9e5d1a1ce778702a,6a84735b4b1a1380e3abe5b91017d69d,delivered,2017-09-24 11:21:36,2017-09-24 11:30:12,2017-09-25 16:28:01,2017-10-04 21:15:14,2017-10-17,2969fd9a2254ab21d3a9ad9edda3030d,2017-09-24
0ac69790e2a6e4c075edbd78648a3594,1c3d8766b5f8b24d7e95001ce31d1d38,delivered,2018-08-28 18:49:20,2018-08-28 19:05:19,2018-08-29 12:35:00,2018-08-30 20:16:38,2018-09-04,ca36d819c1759cdb6257fef0bb5d362d,2018-08-28
1e5116c850ec5a9a3a83ff73bd06aef6,3b64e8ad1e003465c2d84ba24971bdf6,delivered,2017-03-20 20:31:35,2017-03-20 20:31:35,2017-03-24 15:18:33,2017-04-13 17:42:26,2017-04-12,05b3b3ee23ee41022bac0887570c9064,2017-03-20
189ad27f3364ce624ac4cf440388ec81,fc7c9cb0e42e853f8151a86deeda915c,delivered,2018-01-23 22:34:39,2018-01-24 22:36:51,2018-01-26 22:19:06,2018-02-03 14:32:05,2018-03-02,0beaf9cc284f1f176d2de1a36a1e2f8a,2018-01-23
35df2a75e8f319d4fe179f529613d23d,81ac2682a2b8aef4195465492dd0f14c,delivered,2018-08-07 20:49:57,2018-08-07 21:05:10,2018-08-09 06:28:00,2018-08-16 18:58:46,2018-08-10,11264e05f9874d4c46f23926b3491c79,2018-08-07
447e81187647a12bf1a254923877d0ed,f612d06761ea58eb016667c4b61916d4,delivered,2017-06-02 09:18:44,2017-06-03 02:30:23,2017-06-08 11:52:03,2017-06-19 13:36:32,2017-07-05,0b18593e033697810a62a987e77f4b8c,2017-06-02
eb8f4a89b1e0d647cd917487b06bed58,81b6a3e77aa8c0c17f242e828e241822,delivered,2017-08-11 19:14:23,2017-08-12 07:05:14,2017-08-23 20:15:48,2017-08-25 19:16:52,2017-09-11,bb5f97eb2e1c517fe842fadc1d1d9b91,2017-08-11
38285c101a3b9fd08110335d8405a232,ca31a87d801a1e0305e15aa27a643f7a,delivered,2018-08-15 12:58:34,2018-08-15 13:10:10,2018-08-15 15:33:00,2018-08-17 17:08:39,2018-08-23,f3a5211e8c9c9b9c682929339d3c8ab7,2018-08-15
f05c1aa49a54cd865ee8ac61c2b15473,0ee9116e24841febd9a2debcd75cdfa0,delivered,2018-03-29 00:21:32,2018-03-29 00:35:20,2018-03-29 22:28:50,2018-04-09 15:26:36,2018-04-20,3a614e2c3bbeb8769ff7b4aaba6cfee0,2018-03-29
9cbace8b4f2406f3a0a9c404d60a2328,10a8647af4266423ee2e0e4ad5bed737,delivered,2018-04-19 21:47:50,2018-04-19 22:11:37,2018-04-24 22:54:45,2018-04-25 14:28:42,2018-05-07,f8ca516b1accaef70c412cde13a8a7ed,2018-04-19
1f1b93186b0c7281daf8f6c6145279d6,968bd782669ee0d41d5cd63e3a18ca6d,delivered,2017-09-14 16:32:45,2017-09-15 02:10:19,2017-09-15 19:12:16,2017-09-19 12:09:36,2017-09-26,95cfb39a7e263160308a934e42cfc4e0,2017-09-14
126b4962a09981cf9da3c8dc0470154c,ab31ad74c93a01fd232c439ae612098e,delivered,2017-08-06 10:03:33,2017-08-06 10:23:39,2017-08-07 14:05:08,2017-08-11 21:10:10,2017-08-31,d105d31aef44b0173dbf878d2d93a6a7,2017-08-06
fc5d7fc2903cfc7a873e4669688028aa,35c2ad85d777a0eb16f4a2195cfe5be4,delivered,2017-11-06 11:33:43,2017-11-08 03:26:52,2017-11-09 21:51:14,2017-12-01 16:21:56,2017-12-04,0b704ed6ca67840f360498ffe905d8da,2017-11-06
a2ee8d70903c5b8b814aebf086ebcc11,eb848dcc50f5eac0a3c2705901141d8a,delivered,2018-08-08 14:23:32,2018-08-10 03:10:14,2018-08-10 12:12:00,2018-08-15 23:23:43,2018-08-23,170e8125c21689bf63a04bcaa2eedf23,2018-08-08
5df41d8270624e3bcd155e2803cd3fea,90ed84eba98a8891cb203e89cdada422,delivered,2018-02-25 10:26:11,2018-02-27 04:31:19,2018-02-27 23:21:45,2018-03-05 16:47:10,2018-03-16,b410d7fd96e7ff12af1d2f87aae875a8,2018-02-25
966f85d6e1a0628e2093a3d24b53805b,426a1722f03e1f1f3f1e1ad6f21573f4,delivered,2017-04-25 09:26:43,2017-04-25 09:42:16,2017-04-25 15:14:27,2017-05-09 12:43:52,2017-05-16,70b1d1315126a55fc0a512e2dd2e2839,2017-04-25
131a49afe3f297e46c9eab6f3a815b2a,266eb5a8fc8e3c3916870babf546da1d,delivered,2018-02-06 18:00:02,2018-02-07 03:10:07,2018-02-09 20:12:15,2018-02-16 18:10:11,2018-03-02,b35536d5a58b1d3ced149324c86223f0,2018-02-06
696428244100d1ab711bc608f832e5ef,7c4f2e603bef4befd6c7ea4c855fc817,delivered,2017-12-04 21:08:51,2017-12-05 08:30:59,2017-12-08 19:48:48,2018-01-08 14:57:58,2018-01-08,274982276baf60dd351fd21c02101477,2017-12-04
887c6b210d8a2d3a1158dfaaec74e786,bb68c919b4fbf06dd84198eace96183f,delivered,2018-03-04 12:26:01,2018-03-04 13:21:27,2018-03-06 18:56:31,2018-03-16 15:55:40,2018-03-27,4d39299268f3e150d37520451ee5b07b,2018-03-04
a82beeeb2b06557b19fe6b182d9f1a5e,21be47c7ee6be27a895e90abdc843e73,delivered,2018-03-13 21:39:26,2018-03-13 21:50:40,2018-03-16 18:08:28,2018-03-21 17:58:49,2018-04-17,805f3b42aea30c38c1625bba4d45b67d,2018-03-13
da2988eb7c9d85d95933fff26a03c5fd,77ea3ddb60c6f1eabb3a1a9a766457e6,delivered,2017-04-28 20:58:38,2017-04-28 21:10:14,2017-05-03 14:03:41,2017-05-11 13:46:00,2017-05-24,95efa3477de9d5ee6bcacfb42a618488,2017-04-28
bdf1a8a61e37e025dea2c5ef9fd2614d,70814f917907de02bf3b0803dd173782,delivered,2017-08-11 20:41:58,2017-08-15 03:25:19,2017-08-15 16:06:47,2017-08-21 16:45:50,2017-09-04,a7b692898d3828ce34e905a4356faa05,2017-08-11
ad9703dda0e19971bf6e878b552bf117,bd43f44fa28ef40813b0c69b6619858a,delivered,2018-01-12 18:58:03,2018-01-12 19:10:31,2018-01-15 22:41:46,2018-02-02 18:14:09,2018-02-15,41829c207242a4402de7d589984cb22c,2018-01-12
dab321037289756354fa98b118f4463b,c9e7c937d961937554a05768ef8c6e28,delivered,2017-02-16 17:42:42,2017-02-18 03:15:12,2017-02-20 10:36:49,2017-03-04 09:22:16,2017-03-27,e8e1a4c056f7ca0b9c6df9965dae723a,2017-02-16
05d3fead61b937bd7176c28ef8ed34be,db256fd07ff78521a748e1b8f516cc9e,delivered,2018-01-09 16:25:31,2018-01-09 16:37:52,2018-01-10 18:20:21,2018-02-04 17:47:24,2018-02-19,69ff0dc79e2d41cd986e6b794964d70c,2018-01-09
532726afcef522ad5dea18b26279e955,fde25a25e37d5147944893a108120e79,delivered,2018-06-20 09:29:24,2018-06-20 09:59:46,2018-06-21 13:55:00,2018-06-29 20:22:03,2018-07-20,6ef29cfbad2ab7902a89f82262e694c0,2018-06-20
67f8e053cf5ef87dac0a72cc08a49bd8,5839cd1ebb011269812882c66532a116,delivered,2018-03-28 09:18:22,2018-03-28 09:30:22,2018-03-29 20:54:53,2018-04-18 22:28:35,2018-04-26,a65b7ba0a1002c23491cc7cd882cf4fe,2018-03-28
998a27693557ae31e5e24fe002890865,e810731c38fcccc622e19c3717c64c4f,delivered,2017-11-10 15:31:13,2017-11-14 04:26:32,2017-11-14 23:34:55,2017-11-27 19:51:52,2017-12-05,c134ad2c632dcddbb4f8811584daa2f2,2017-11-10
219073ae370b0272fbca714f81a67ce0,73ade416b4d7ca66043b57a1daec1348,delivered,2017-04-25 10:29:44,2017-04-26 09:35:35,2017-04-27 08:04:33,2017-05-09 18:54:06,2017-05-16,7494ae28f5f873f764c2b09fca672b66,2017-04-25
707366aec5103380c9d2bc6e503d4f66,4b44972085bda435123999dab7212346,delivered,2017-08-01 21:23:27,2017-08-01 21:55:20,2017-08-10 21:14:25,2017-08-15 14:56:56,2017-08-21,b6d66f034c53af0aeaa276144f332291,2017-08-01
d0a1df38173b0296c8cfb65fd0e1e361,e84608e3babe2d06427e6ce76335268c,delivered,2018-05-17 01:01:52,2018-05-17 01:15:18,2018-05-17 13:16:00,2018-05-19 15:02:11,2018-05-29,b0c63a55c080a0c9e44bc9506bfe91dd,2018-05-17
b275756d48e9c633331d56a9caedf3ab,c576613eac887cc36b7a27e0290f6b81,delivered,2018-05-15 00:50:44,2018-05-15 01:16:14,2018-05-16 13:55:00,2018-05-28 13:08:49,2018-06-08,5d0c19002c87413e256eed48ec61d3a3,2018-05-15
3af48ad0934525e604c7f4329131ad43,419a11c259533c191e0890e6178f4d27,delivered,2017-10-03 11:40:53,2017-10-03 11:56:18,2017-10-05 20:49:22,2017-10-14 12:17:00,2017-10-25,f9888668c1b6aa4955d0b6923bcdcd48,2017-10-03
deb42902805e791b98323850fd5f76d1,a96e90e1d85a06537da3b40cec3df48e,delivered,2018-02-16 15:53:22,2018-02-16 16:07:06,2018-02-21 20:13:41,2018-02-24 00:13:15,2018-03-05,89fb8968948bb8340bc21992d3cb97c9,2018-02-16
715df31025aff2a2dd08b0d8c92ee63b,2b734aca7ae6ebd9138a4d1879b0d20c,delivered,2018-05-17 10:57:12,2018-05-18 04:36:04,2018-05-23 14:10:00,2018-06-07 16:46:32,2018-06-12,2de716466b332c55b9b6ad6619bef1b8,2018-05-17
cdddbaf91f8abd761e51c7d5f035695b,ab9109b6e190b6d2be9aa46d082fe5af,delivered,2017-11-06 21:40:01,2017-11-07 05:31:18,2017-11-07 15:43:15,2017-11-20 12:36:45,2017-12-06,d8a89dc47bde7dc0b83a3434cc017ee1,2017-11-06
4a2098244c1910e8e9e9251e2e5faa2b,a0f2862e615595e77bd1a0ce2c77aea9,delivered,2018-01-03 13:24:00,2018-01-03 13:34:23,2018-01-05 11:49:22,2018-01-09 16:10:41,2018-02-01,e257df1b80dca9f8a867b601ad79f859,2018-01-03
dbaabdb0be80480bf6306b5e3c953017,ab4014c73ea5362865a1e91244fa4e31,delivered,2018-06-04 13:11:37,2018-06-05 14:31:37,2018-06-05 11:48:00,2018-06-13 16:03:04,2018-07-13,2f6fb8d1f089595a3378822baed7b636,2018-06-04
d66a8247e14f44e46c77d098043af0d0,af84244bfd86c416200d5912d258151d,delivered,2018-07-20 11:38:08,2018-07-20 11:50:18,2018-07-23 07:29:00,2018-07-25 17:22:03,2018-08-03,15dd90517e41922bca9403ce5012b3f0,2018-07-20
089b005e56c360e749ff7185aa4814af,8ed6117c357c24a9dec01793baf6a633,delivered,2017-04-08 14:43:24,2017-04-08 14:55:18,2017-04-11 07:09:22,2017-04-20 16:55:57,2017-05-04,f16a1c72ac2205b12c667fec104005d0,2017-04-08
c81212c37109680367e3d709dddb029d,849c7583b188ee9dddcefb4ea0834fb8,delivered,2017-10-02 22:10:56,2017-10-02 22:24:00,2017-10-06 20:53:51,2017-10-17 22:48:58,2017-10-26,447f1273bfb5c1c9074e8f209f5ab6af,2017-10-02
c66e755acf913956ae3838e2c73e962b,5badee45df2987d35d692a6d851edb4a,delivered,2018-08-13 08:56:08,2018-08-13 09:05:12,2018-08-16 15:18:00,2018-08-28 12:25:11,2018-10-02,cc92bbc7b13a51e4baa5c05898717b6b,2018-08-13
e3aa3b61037e281dedb26da2882983ae,6d096f880bc145f805c6db79ea988789,delivered,2017-05-25 00:27:30,2017-05-25 01:22:31,2017-05-30 14:44:18,2017-06-02 08:51:41,2017-06-19,8b4f3f21f3fe735a4d85eded53ac5a9a,2017-05-25
f83c27b5d5d61505da0a4ce01db3dfd3,495617a9899228fc0eb3f63b77744d9d,delivered,2018-08-07 19:15:03,2018-08-07 20:15:28,2018-08-13 08:35:00,2018-08-22 18:52:29,2018-08-23,39e30c13156ac7711d6eb298cfce1fdf,2018-08-07
2cd29419827e04da5523a1af7419b2c1,c863ee474411523071aa3d34080d1f24,delivered,2018-03-21 20:07:53,2018-03-21 20:28:33,2018-03-22 19:25:27,2018-03-29 20:13:08,2018-04-10,02c0e149593ec363ed327a4651128d49,2018-03-21
5d4503ba682b806ff232782327b7bd7f,24faa20dd67cdb36a1efd90ca3d84550,shipped,2017-11-14 06:00:37,2017-11-15 02:46:53,2017-11-16 19:15:50,,2017-12-07,f67fc1386bc8c7ec87ecfa39c552dcd9,2017-11-14
2f61fac6b8c3e6dc71dc0999144e6ffe,987e330d74e0482b2926096aa53470f7,delivered,2017-08-28 20:30:43,2017-08-28 20:45:17,2017-08-30 15:47:56,2017-09-11 16:59:42,2017-09-15,81d767ed674c1bf4665e18c0eb0e8e18,2017-08-28
0d16648e64dc322e5a49d8c912d2b61e,b133f8b6eeb1b73bb5a9f49b9c049657,delivered,2018-06-11 21:37:12,2018-06-11 21:59:51,2018-06-12 10:07:00,2018-06-27 05:26:36,2018-07-16,ffa00504cf231ac90f01bf4e86f9782d,2018-06-11
36712c988ad3e0ce061946fffbdbbe2b,c06ffeb323ac2da92539a7c5d69eac23,delivered,2018-02-19 21:08:15,2018-02-19 22:07:33,2018-02-20 20:17:07,2018-02-28 22:26:55,2018-03-15,0da4fdf7e39f8742ccf5185473df33eb,2018-02-19
45bff70fb7b99a5a33bc8ccb3786e170,21cf8b03074c935aa1de2d527371916f,delivered,2016-10-09 22:38:37,2016-10-10 12:02:09,2016-10-14 12:02:12,2016-10-17 13:02:12,2016-12-02,f79fe58e24e35fe4c036e1fb462769de,2016-10-09
3e87ada006372f78ebf4bfee1cb020a5,60c3b5a878db7aac85cb26abee3dc7be,delivered,2017-03-01 11:24:17,2017-03-01 11:35:15,2017-03-02 06:57:28,2017-03-16 10:15:59,2017-03-31,1cdad576cbb42a05d19a13f85918b85f,2017-03-01
7feb7cbdc5d53729f835a1ae49f543b6,06e0c362c4a5cc74bff4e7a82362ff52,delivered,2017-08-20 18:17:26,2017-08-20 18:30:16,2017-08-21 13:46:51,2017-08-23 21:57:45,2017-09-13,238fd7578b78d47cae8aeba6806c4f68,2017-08-20
374e0b8ea6151d5eb1c3a6b4936b2953,88d3d491f83fc0c910b74974067f2246,delivered,2017-11-01 13:26:34,2017-11-02 02:15:45,2017-11-04 00:22:09,2017-11-13 18:47:15,2017-11-30,a36f546abad892a0322ac21fda994db1,2017-11-01
51744de0a57048d0c65ad482f60cca46,7cd23b5bc801943bff3e130093cdf687,delivered,2018-05-11 14:15:08,2018-05-11 14:31:58,2018-05-15 11:41:00,2018-05-18 16:46:05,2018-06-21,03555eacacdb0eb64b97bc653de89124,2018-05-11
5a1102060039d732884f1bacf59268a0,1d6d11fea42e7b1b454521e581e2adb7,delivered,2018-08-17 16:44:32,2018-08-21 04:55:57,2018-08-21 14:49:00,2018-08-30 20:07:09,2018-09-04,53c1f5ce010eb72375a86dd016f14893,2018-08-17
6f33b28ba717ec41a3d1e1901d492e05,37a4508f8d5befe35b0cabe9676f3982,shipped,2018-02-28 11:29:07,2018-02-28 11:50:31,2018-03-01 20:14:54,,2018-03-23,14d2c9b4d7d34d27bcfc480f3530ae93,2018-02-28
2ffa8cf8f2e683a7e91cb89a0d2c2328,9ce47d0fb301d49206765b57f192a343,delivered,2017-08-25 15:54:17,2017-08-25 16:10:13,2017-08-28 18:58:42,2017-08-29 19:23:47,2017-09-14,3de35609f8b9386c1b6c4a6ab34a05e7,2017-08-25
d710c73e401b4a2ac211c25a76f5af88,4a1292792f81671b2e1460f0e837cf04,delivered,2017-10-13 15:12:52,2017-10-13 15:49:39,2017-10-16 21:09:36,2017-10-17 21:44:55,2017-10-25,0f4ca3957391f0293d4d691029e52225,2017-10-13
9917855d5e68773f7db62f2dbfc06f71,1d5e651b27254d22c61551b31f0a9a8e,delivered,2017-10-14 12:45:05,2017-10-14 13:07:51,2017-10-19 20:59:03,2017-11-29 17:32:27,2017-11-10,d3a498659d2a03311f7a7d31941f686f,2017-10-14
c8cc23611bfe9e76b408c3a89ae933df,8a5fdba654300f99ae1e666b69c71d08,delivered,2017-08-21 13:45:55,2017-08-21 13:55:13,2017-08-22 14:43:47,2017-08-28 18:43:43,2017-09-19,11f88f6784ab7a3f875aaa5191a23c58,2017-08-21
869e5bd441672657e6b28cfa5e685fd4,2425346e1432c9bd532f5b39bc94763b,delivered,2018-01-17 14:35:32,2018-01-17 14:50:48,2018-01-23 15:52:46,2018-02-15 17:19:08,2018-02-16,64e037f54b4ff31461175bcc8bd210f4,2018-01-17
cd8676507ccbfc96f9e0908910b9e0bb,ab4764e19b0376c21427606045dc6ca9,delivered,2017-11-29 13:47:30,2017-12-01 11:32:12,2017-12-06 22:07:06,2017-12-13 13:18:02,2017-12-27,3c548f8815ccc730a538bd754b555dfb,2017-11-29
e1b1c48c3b7d0f02d03e3f09d85a9dd6,9aec5bfd40cd595a69062c07fe5f9d85,delivered,2018-04-11 20:48:17,2018-04-11 21:09:35,2018-04-19 11:29:38,2018-05-03 18:53:50,2018-05-15,72d56caffcf01308a62c63240fb9e7d2,2018-04-11
649d437623f7e3876334425683ecb20b,74a6b307569709700beac49919cf5a6f,delivered,2017-06-15 16:48:19,2017-06-17 03:23:55,2017-06-21 11:35:44,2017-07-04 14:12:25,2017-07-06,55ca723a8e39c21ab90c53e971eb95cf,2017-06-15
61920c076c4c9bd3f5e1cd9d42309139,728e53ea927b319d8d4c5e49b8f1731a,delivered,2018-08-15 13:14:00,2018-08-15 14:05:32,2018-08-16 14:44:00,2018-08-24 13:35:32,2018-08-28,396e4ae308d488f746265c8d28eb0270,2018-08-15
a8c7e8c088aabc1cd41eb0161f0c7757,9fe82e319a983fcac6e5ea245687ea71,delivered,2017-09-07 20:55:17,2017-09-07 21:10:12,2017-09-08 14:32:26,2017-09-17 16:49:10,2017-09-27,1bcddf0de06b8a76191f0f7d1cfa35ed,2017-09-07
4cbc42107122bbbbd5abe620ff9b9115,e137e57001df5ee4d2cb03d56139f2b4,delivered,2018-01-08 21:47:00,2018-01-10 10:31:48,2018-01-16 10:12:23,2018-01-17 00:06:20,2018-02-07,5f1e5036481a6e6cecde27f3f762bb7d,2018-01-08
7bb5a7e4263888da1c8db8cbdc6330c5,daa0508655db9a27d108899cdfa384e1,delivered,2017-10-19 13:31:09,2017-10-19 13:49:25,2017-10-19 19:12:01,2017-10-24 19:15:52,2017-11-08,0c8ac932c65f67489929f9164a86606d,2017-10-19
54ea7642b27bcfa4142c92f475f28384,39cdc05badbe44c2619d8f25dfce3632,delivered,2018-04-25 08:20:00,2018-04-25 08:31:08,2018-04-25 11:57:00,2018-05-11 23:48:51,2018-05-24,9dd75317d7f57fe6dc56de3e797534a8,2018-04-25
106426c15f2c7dbdc9f62157713297fc,a7ec1335201a9bbc7d6a4f1f0397e4ea,delivered,2017-11-24 09:19:10,2017-11-24 13:12:14,2017-11-28 20:29:07,2017-12-01 18:38:31,2017-12-08,193d38bc62a6c4e9fc3596337593c2fe,2017-11-24
c6efe3501b6b0b18cd47e3532faebc93,7595dbe91b8cea93ea30ff24450088b3,delivered,2017-06-16 19:17:20,2017-06-16 19:32:23,2017-06-19 19:04:23,2017-06-30 14:29:48,2017-07-06,a9f5c3a79712c265b684072569b2c468,2017-06-16
79ce453b9e3dc21f91d306eb1df8bb2a,02d90fa9d123cbc2535acd3871b10acb,delivered,2017-08-16 16:24:16,2017-08-16 17:44:48,2017-08-17 12:57:45,2017-08-29 18:55:50,2017-09-08,79c3ef46b89f10777f5604a5e1ee22b5,2017-08-16
3e36c841d95ee611719b42ff49a54792,3846f38f6b9a88b5c622361282deeefa,delivered,2017-03-09 08:56:30,2017-03-09 08:56:30,2017-03-14 07:45:37,2017-03-24 11:43:15,2017-03-30,1461a8fe4c3788017fa838501deeab15,2017-03-09
255a21c87a4a96bae0476d10dd3800e0,b7a49cc601821304d09c5abf1d65d55b,delivered,2017-11-22 21:58:24,2017-11-22 22:07:25,2017-11-23 17:28:40,2017-11-27 20:18:42,2017-12-04,444a0d79c7eee4bb7ee9151ed15fc116,2017-11-22
de727a3ecd5c174c519d64573cc0064b,27fe727389e4d6744b8a4d6fa58c9994,delivered,2017-08-19 19:02:06,2017-08-19 19:15:22,2017-08-24 21:04:22,2017-09-06 20:16:09,2017-09-22,99d0d6b77f343be4a009eba1f5b75591,2017-08-19
9c03da81bd00ffb889065591f180e708,02424d17085bd31f9856f083bb3aaa42,delivered,2017-04-18 20:28:18,2017-04-18 20:42:28,2017-04-25 07:24:01,2017-05-09 10:45:58,2017-05-12,33eaaa609cbb04eea9220db94b1c4b15,2017-04-18
9ec3685b1f21c7dfff4f656392b186dd,952f534f87d6ec6eeaa2cfd1d5987362,canceled,2018-02-20 11:37:45,2018-02-20 11:50:31,2018-02-27 16:17:59,,2018-03-12,0ddfa54803cfa2cbdfff70b8620151a4,2018-02-20
8f57cd376d453764bfae6581f236952c,ed1dcda329310c128c46c9d2e4294323,delivered,2017-10-08 20:44:33,2017-10-08 20:56:32,2017-10-11 20:03:37,2017-10-16 19:09:10,2017-10-31,e9e132f365108a6d8aef6a343819c779,2017-10-08
42053bb062d0d5bb79db26888b6f50aa,adcc75f12c0db891b2ee6e71907b4f07,delivered,2017-11-24 14:12:00,2017-11-24 16:17:02,2017-11-27 18:14:54,2017-12-05 19:22:44,2017-12-18,f712378e09a2445036ca279348b5a1b0,2017-11-24
9e96437ba8e86960a08b46716ccd3244,8baf5c99074e0862f7cc7b09db517026,delivered,2018-01-13 13:36:23,2018-01-16 03:38:36,2018-01-18 13:06:32,2018-01-30 21:48:08,2018-02-08,f170c6e04c4cdf9219fc5c669b10f506,2018-01-13
541c4c9245e27e65a02d9cc6d58fab08,4b63832d8981eeb3359955d8057588e1,delivered,2017-12-05 11:02:37,2017-12-05 11:15:26,2017-12-05 21:13:39,2017-12-10 12:51:40,2017-12-21,c015b2be46e1dbfe84981d75273c7932,2017-12-05
c9577dccdc314ce381822a54b1eaf22d,3484542c6ea610e48fd062a81b8d2220,delivered,2017-11-25 00:23:00,2017-11-28 03:41:38,2017-11-29 18:08:57,2017-12-06 18:04:42,2017-12-22,2b952792a20f6076f6e7a9c6a27ade02,2017-11-25
d877b306ef910af8ed6dc15022dbbc65,a614e89ebef5e6e90fc819d4d4064bc3,delivered,2018-05-14 21:04:37,2018-05-14 21:29:43,2018-05-16 11:20:00,2018-06-05 23:08:40,2018-06-06,3731a83d1bc3a61a39f94a4db374384b,2018-05-14
cbea63556805f3965ab75f4f56a79508,64a002fb777f7726efb2dfdcdf3a9d1a,delivered,2017-05-22 12:07:15,2017-05-22 13:05:57,2017-05-23 07:13:36,2017-05-30 08:09:56,2017-06-09,274a72bf284b97e0812c44f518955017,2017-05-22
9c0b834fc89f4dd70679baffe8bed38e,3ff64bf4067f2b8c240397252473423b,delivered,2017-01-18 22:12:34,2017-01-18 22:25:08,2017-01-19 12:37:06,2017-01-26 13:28:50,2017-02-14,dca82da75297f7cf5596674a229c89c5,2017-01-18
9068e8cf49f95d4c1684f38d5e570780,75a4c3f7bf2e1ba622f84c5ac2fb73b3,delivered,2017-09-05 09:04:16,2017-09-05 09:15:21,2017-09-13 18:05:10,2017-09-18 09:42:24,2017-09-25,1f620dda2a963087545df74707c61756,2017-09-05
de24995591633aa90ba93afa013ece1e,1a6621ac56bb4674312d97846fcc7dfd,delivered,2018-08-11 12:01:37,2018-08-11 12:10:18,2018-08-13 08:44:00,2018-08-17 18:46:24,2018-08-24,7ad13fbb3c49ffa98bd856fd5e6e397c,2018-08-11
ebc1b6869013db46733e56deb933dd5a,c7c039c6fc668b0255e63a0141ddd202,delivered,2018-01-29 11:12:02,2018-01-29 11:21:26,2018-01-30 23:24:52,2018-03-13 23:41:53,2018-02-21,0bc6002351839a82bf3c501e1ea807df,2018-01-29
3733b36d82377a01ed4386abf60df35d,54bca645ded187f38062b20452a649f7,delivered,2017-08-13 22:33:54,2017-08-13 22:50:20,2017-08-15 14:22:09,2017-08-23 18:58:00,2017-09-08,47cfc8afe7567f70d25fc8d2b153d0e5,2017-08-13
52829e9959fca34bf525c9e260e69e55,08793c36970e3c5f00eddedbc3648b3c,delivered,2018-03-13 10:39:27,2018-03-14 03:31:48,2018-03-15 22:44:33,2018-04-06 20:58:26,2018-04-13,5347ddd0233c010faabd8435f925a600,2018-03-13
6cdb9b31878fbe99cbad7cde30306101,a7994f163edf8455763d1630fd0fba3f,delivered,2017-04-11 06:33:17,2017-04-11 06:45:13,2017-04-12 16:54:31,2017-04-18 13:53:46,2017-05-09,d08289eba2f745ea78c7abd5b788f0fe,2017-04-11
b12beb9e03bfacd9b42cf189c5decc85,12146654a986f7db61818e306b1e227a,delivered,2017-03-08 13:13:49,2017-03-08 13:30:09,2017-03-09 10:01:54,2017-03-14 08:24:35,2017-03-31,c93f62481f5ec94519caf019bb6f7c4e,2017-03-08
4bd5b58c7b8331304e19d3fce19b9942,142a4e4e5238d5ff64a7cd659ec0f95e,delivered,2017-06-11 13:04:43,2017-06-11 13:15:19,2017-06-19 16:10:58,2017-06-28 22:25:58,2017-07-07,14941c46e18573d273e58109b6caa834,2017-06-11
012f255bd5034b8e7fb3c91566a91cc8,87eccba53579db5563b0588f8943373d,delivered,2017-10-06 09:42:12,2017-10-06 09:49:37,2017-10-06 19:48:56,2017-10-09 20:43:53,2017-10-30,aca661b86a424c1cbea17d14787d3ce3,2017-10-06
0e45c1c50018bc382b24647115e9eb6c,77ed5ae0acf4f7fd1298ef46f09eab67,delivered,2017-12-04 22:51:55,2017-12-05 10:30:42,2017-12-05 18:59:15,2017-12-07 15:41:44,2017-12-20,0ad16bdc7651e5ac483666ab0215bf93,2017-12-04
b335c1b6b81809fb3de72bab88595134,43c19903c140dc70e2ae446c1f49ac05,delivered,2018-03-14 13:24:21,2018-03-14 13:35:31,2018-03-15 17:16:52,2018-03-22 18:51:58,2018-04-20,055ab020f1b15db97acb142cb9d893ae,2018-03-14
2191c4b8b5384ed556dfd154ce6e319c,4d859c1cba06922887a78b10550b3c61,delivered,2018-02-18 09:36:02,2018-02-18 10:46:25,2018-02-21 20:06:10,2018-03-12 11:44:27,2018-03-22,34fbeb535f3ba8b34bb0f919b0ad36bb,2018-02-18
ba775766c1b51d74ebb0fffa075800e9,fec42995c716793ca5c8086890cf8749,delivered,2017-06-10 12:10:31,2017-06-13 03:50:33,2017-06-16 14:44:46,2017-06-16 22:34:46,2017-07-03,5a8c2315ec66ead5650b6c4b72f91cf3,2017-06-10
6803ba1b701523000d344241064d9dd4,3bd41ace6947e38ca8617d90ca110496,delivered,2017-11-15 21:12:05,2017-11-15 21:27:23,2017-11-21 14:43:13,2017-11-25 20:33:12,2017-12-05,c5e0bea8d76cf467944d3feb699ad06e,2017-11-15
d6292621d39936fc67116695f6f8ee9a,4b1b2e3866b27944860052d7dfd99f86,delivered,2018-06-19 23:27:06,2018-06-19 23:59:41,2018-06-20 12:39:00,2018-06-21 17:38:24,2018-07-05,a6d71cb586e0ac86534da421fd42a930,2018-06-19
23d4f61b839ef6570d6bc7210be91d8b,827f3496ce3332b3f9ef6b5ea4ea4025,delivered,2018-06-07 16:24:21,2018-06-07 16:59:53,2018-06-08 12:27:00,2018-06-21 22:21:25,2018-06-25,a1eadfa7668b5a49883829ebf8397bd5,2018-06-07
071773cf1c4d6c91cce83af65b9f8fff,e3cc4bf7e43cc5afc7bfc9693dcd5938,delivered,2018-07-28 10:25:00,2018-07-28 11:04:17,2018-07-31 19:02:00,2018-08-01 23:21:16,2018-08-13,3511aa3ff5fb9645041bf1875415142d,2018-07-28
9c9b21a2db3ef4c7109f69f7f3614d71,0b5ed41783e17d8e75af1284dff5b43d,delivered,2017-09-23 15:56:48,2017-09-23 16:10:13,2017-09-25 22:27:27,2017-10-11 21:37:44,2017-10-27,37cb035c10492203946b0089366008b9,2017-09-23
2064a88a243add2e2cc03b9c6043e616,b1c9a1e6aa6d7fcd06fbe3c647ff34df,delivered,2017-09-27 20:32:22,2017-09-29 02:14:42,2017-10-03 17:26:26,2017-10-10 18:33:57,2017-11-06,780a9088ee40f66cf21b3c360646fd45,2017-09-27
d44be4540d1a35533a9f5c89377b77f1,74b30896d931057ed18fd8e404ec5b9f,delivered,2017-09-17 20:35:28,2017-09-17 20:50:13,2017-09-20 18:37:54,2017-10-05 14:35:32,2017-10-16,23775069a10e6814ab83bf3133979f76,2017-09-17
3a635b5f9d8d66a95086d273fdf4b9af,85aef466e2b060295cda720078676318,delivered,2018-07-28 13:12:26,2018-07-31 04:05:40,2018-08-01 12:23:00,2018-08-07 14:04:08,2018-08-21,e6938f9659c2ee30b506199210abec81,2018-07-28
20073b5a4f4e82bae239dda7b336ca5e,956ca505668348db97e2ab931a66f491,delivered,2017-08-01 19:09:47,2017-08-01 19:26:02,2017-08-02 16:37:58,2017-08-11 18:37:41,2017-08-23,2c8de0a9e6dc4b80ea9f3a56e0e20009,2017-08-01
824fecdf5be64398335e151279b7e51a,e5c87f8146accd4ad373274872619d31,delivered,2017-05-29 20:30:01,2017-05-29 20:45:14,2017-06-01 07:25:56,2017-06-07 15:40:36,2017-06-19,e8c1041e916498bf50ea68017bbe887b,2017-05-29
09ae00385becd9090c7e85eb465605e0,76cbb2f50d9907cf49c5fd75d7ab80a6,delivered,2018-03-22 13:34:29,2018-03-24 02:07:52,2018-03-26 21:08:39,2018-04-03 18:35:35,2018-04-23,518e573d63cb0cfe30f910c25b28305f,2018-03-22
9682a979182968d8d0b1a356f8bb330e,d6e5a4173470d0e38dcff1153aba6397,delivered,2017-05-25 10:05:42,2017-05-26 10:15:12,2017-05-26 15:04:40,2017-06-16 22:42:35,2017-06-29,4cf4dbc82dc5faf26d7f363ed00a4441,2017-05-25
4c33f92b62a822db77b38b88bc7ad237,9ffe618cd036e060e22d52b89ded9be4,delivered,2018-02-12 12:53:47,2018-02-12 14:00:23,2018-02-16 19:56:51,2018-03-23 20:58:55,2018-03-12,f871e1ce300ec113fb4c14b46e48d89c,2018-02-12
ab74c0e5d243c75a0289ac0ed8811a97,84ff6882397b2bfccaca1644c4c9f37d,delivered,2017-07-02 12:42:15,2017-07-02 12:55:10,2017-07-03 15:07:37,2017-07-05 16:32:43,2017-07-14,7aae4a80365ca3d33b239e57884d9508,2017-07-02
d0f706ec8a0d8cd8b1733c1f2f7f4701,1e6bd00056db5ad190016e8d62d0bc36,delivered,2017-11-24 20:33:02,2017-11-24 23:33:52,2017-11-25 20:14:28,2017-11-29 16:57:32,2017-12-15,8ae601304ff0d1de9280c32bd2e26e3b,2017-11-24
6f2de71049be12a7261059378f59e229,615e5edf00b62ca6f134b8656c75fa1b,delivered,2017-05-21 12:26:59,2017-05-22 19:35:10,2017-05-26 16:12:41,2017-06-19 15:32:50,2017-06-22,0922b228e2f5fb61a624ee01c20345c4,2017-05-21
d1ecf8ea463b1f0cee4ecb78c2c5e3f1,68930e4bd02e1b1e603d462c6e4e2849,processing,2017-11-04 22:21:11,2017-11-07 07:30:49,,,2017-12-08,a85021416086b65d3e8dd1b205988fe0,2017-11-04
4ade81c98608cbcec03c4c345efaed72,8df178ced93d8d488dfceefc8f619d9a,delivered,2018-01-13 11:40:00,2018-01-16 03:50:25,2018-01-19 15:42:02,2018-01-24 21:05:52,2018-02-05,0b48151c4ac827afeee06ce2d77cc343,2018-01-13
1b50601ff6fbdeff70999a4a988c1eca,9837d06922d62b0361bcd2773ad8dd62,delivered,2018-03-05 18:11:35,2018-03-06 09:55:35,2018-03-08 16:26:42,2018-03-23 12:45:54,2018-04-03,f5733b4f604cb18cbd2d22b3f6d62db2,2018-03-05
a23d78879cb7bb079e10a2ffe1b43c66,86077345114daef70e5009a273c9d8c9,delivered,2017-09-30 12:46:54,2017-09-30 13:07:53,2017-10-04 17:07:07,2017-10-07 17:18:11,2017-10-25,0f984f9ca7135856453915690249541f,2017-09-30
47650b179fe1eb21e4f09dee5fc8305b,6fd5c3c0b0a188b36fde59515da3f790,delivered,2018-08-10 00:08:53,2018-08-10 00:24:44,2018-08-16 16:21:00,2018-08-17 12:42:51,2018-08-21,ec9a70abc61e9e4fec7925e23e7cc8c2,2018-08-10
65c56aa08aaade99b2cd074e12f1b18b,52cf80510bae1e1665b35b35b9560d26,delivered,2017-06-28 14:09:59,2017-06-28 14:25:22,2017-06-29 14:32:16,2017-07-11 20:03:13,2017-07-28,3626e4ce0be4c6b7f6d3e57929206fc5,2017-06-28
a7d5e53a5efe34103e6b5b67c497c2fa,f33b497e61563bc43e61de2c6d2ef1f5,delivered,2018-02-16 19:24:38,2018-02-16 19:46:23,2018-02-23 22:52:13,2018-04-07 01:51:53,2018-03-12,95cd3307a9284d501115da7611ee8133,2018-02-16
4857ccdd76808fc1fc5f5bcb02255a79,ba61b7bbb191268e2bdbbb6ca8aeb55a,delivered,2017-11-09 21:33:33,2017-11-09 21:50:46,2017-11-14 10:09:00,2017-11-25 12:28:23,2017-12-01,5bf19d75d1689afb341205495f3eae8d,2017-11-09
827ccb77a1b8dd1f0e079958667c7d7d,ff1a7dec380f5ed33f5144d4868ae60a,delivered,2018-05-13 14:04:46,2018-05-13 14:32:25,2018-05-14 15:05:00,2018-05-16 18:04:25,2018-06-13,b99d2069aaa120f7914b8d66182acb63,2018-05-13
7c0c550ebd758c3416ad56d50e5b2852,14bfbc2db2edda7a3de50b204bb81e33,delivered,2018-01-01 18:01:44,2018-01-01 18:11:28,2018-01-02 18:12:38,2018-01-09 22:08:41,2018-02-01,ac4d022503458e95583fe83aabb2f0ea,2018-01-01
39a74c4560e0e96397582d0a8ce8781e,624e7f9e9460748b09591ebc6d0bc828,delivered,2017-08-26 18:43:36,2017-08-29 09:25:38,2017-08-30 17:05:59,2017-09-11 23:37:50,2017-09-15,a66e716d02b556bd6a57ee40c8a610ef,2017-08-26
6505566db69a6882dfdde71d55151eff,f960d7dc815b411946b16feb8686fb02,delivered,2017-02-21 14:35:12,2017-02-21 14:50:15,2017-02-21 15:51:31,2017-03-02 11:43:05,2017-03-22,4d8a7a22298926d52321375e3e8bf2ca,2017-02-21
c1b6c1248aa41e66a84d6c6d8bcd9225,d2574045aa80d0981a27256fdc56c772,delivered,2018-01-29 22:11:27,2018-01-29 22:30:23,2018-02-06 23:19:40,2018-02-16 17:12:53,2018-02-22,4766b3e7d21432b89cf0bec7e206d013,2018-01-29
da6e14bf496bcc88c9a7e04053030e11,2c9aff9e7bc8f51885fcccf14cb2ed3d,delivered,2017-07-19 04:52:55,2017-07-19 05:03:19,2017-07-19 14:07:01,2017-07-24 19:37:39,2017-08-08,3a63f43ded99604ffb13a0c25579bb2b,2017-07-19
cd327d6285b9ec84417e1b5e76bd97ff,df7c2cc62452933478a9b73daf1c71f2,delivered,2017-11-14 08:28:50,2017-11-15 02:55:51,2017-11-16 19:46:03,2017-11-29 22:28:30,2017-12-13,04aaf081f15fb8dd128dc6dfd51f67e4,2017-11-14
316cbf18dca6cfe813ed375d15be4ffe,d3c86b434335bddcc4bfe421bb4419a3,delivered,2017-04-23 18:42:00,2017-04-23 18:55:13,2017-04-25 08:24:06,2017-05-11 23:09:52,2017-05-11,40528ba81da6d8e106bb9a7b68723dda,2017-04-23
e928ff37a53d06de70f40f1cc47ad7a1,0342d5b49f9d170b94f0beb69838ed2d,delivered,2018-04-25 23:22:10,2018-04-26 00:00:18,2018-04-28 08:01:00,2018-05-04 20:28:55,2018-05-23,78a2557725c376115af55c3600215c08,2018-04-25
b23a0369bc067f164e116241fc186d13,f2aede5beb5188696eb71fcdec48c673,delivered,2017-07-18 19:25:45,2017-07-18 19:43:19,2017-07-20 18:23:31,2017-07-24 20:34:48,2017-08-07,11beae315764309b8a23d0c1044d08f5,2017-07-18
38c08fbad68f49682733a8d83e997aa6,ddf7eddfa863931d992313aa1b1ccf79,delivered,2017-10-01 00:19:04,2017-10-01 00:35:17,2017-10-02 18:18:16,2017-10-10 15:42:25,2017-10-18,3a0eb98df6a9dd91b05ba93312f0dc95,2017-10-01
e460c3e09735ad9e71e6e6b84d5cd085,a1519634d0ae8ab534c5ff9a1ba53c89,delivered,2017-11-24 12:52:37,2017-11-28 03:33:20,2017-12-06 21:08:59,2017-12-19 19:48:39,2017-12-27,26e28dec8cb5276d208656aa1c8b3b50,2017-11-24
9ae2615288bae316687074b5dfadaf46,66bedeedb8b2f83e37860634125050c7,shipped,2017-03-25 17:51:57,2017-03-25 18:05:08,2017-04-06 09:38:11,,2017-05-24,d5803b21d09eaceb67d505173158bbf0,2017-03-25
b7e0190fdc95790f9d5634df91229b82,896f1932bd8ab3bd8e27bf16193fe1bb,delivered,2018-01-25 21:36:46,2018-01-27 02:45:29,2018-01-31 15:22:08,2018-02-16 23:32:11,2018-03-12,49c36ee3ff076feae18354f0d70f2e46,2018-01-25
272d40214dcc28e3eea31bcdb4d1f55c,85c6a3112d9b45e4bbb16f9337537dcd,delivered,2017-05-29 12:56:29,2017-05-29 13:05:54,2017-05-31 08:09:34,2017-06-05 09:37:59,2017-06-21,81a09c0e9db3e26269dc009a0106c58f,2017-05-29
b83a53aed7b1da149fe5272c3ea0a9da,513e518b5caafded884af053de30ed00,delivered,2017-05-04 19:31:51,2017-05-04 19:42:20,2017-05-09 10:26:21,2017-06-13 18:42:25,2017-06-13,7bc87ebcf1cecf35cd560bfb06a5cd33,2017-05-04
de1be6069a58eca5fcaa104e419e6946,368e258dda184b5d0df5778ae933c0a1,delivered,2017-11-17 13:17:07,2017-11-18 13:30:44,2017-11-21 22:27:01,2017-11-24 22:13:03,2017-12-11,b57ebf28b7e1e30ef06bd0c285356cb2,2017-11-17
b86237ab8ac8a32159a965fced9e9948,9c064232e8a5e06b45078b72132898f7,delivered,2018-06-11 12:34:45,2018-06-12 04:57:52,2018-06-12 11:10:00,2018-06-19 16:38:54,2018-07-16,52f363e552b7f70d376e9d365b87fb88,2018-06-11
3a842bbb29174bb6dbd2c2f364e8eb15,512d2f27ff16992be32202def0860e3f,delivered,2017-11-10 13:14:43,2017-11-10 13:27:37,2017-11-16 18:48:50,2017-11-26 12:41:26,2017-11-24,d2b30fe33794bedd2279dc83afef77b7,2017-11-10
2e4b9e7c90aaeb1b4a427c8bad708b3e,70a1cb84ba0314b09ca80c68b95da988,delivered,2018-03-03 12:54:27,2018-03-03 13:48:37,2018-03-06 19:45:25,2018-03-09 16:02:29,2018-03-21,dea4222283cafa20e8037dfceb7e960e,2018-03-03
1155a271e649284c3e901dbdda76e841,caf7d5509f2b18b8b71fd625341f9169,delivered,2018-01-21 17:40:10,2018-01-22 13:55:24,2018-01-25 17:14:05,2018-01-31 13:38:33,2018-02-14,6c987d6948f7562f6529fc929d9389d0,2018-01-21
a415ad4db7ac7a8d3f67fa7aeb0d569e,66fab3d0d2b0b2fd1e362ef8d9084fc3,delivered,2018-07-19 10:39:04,2018-07-19 11:05:11,2018-07-20 14:00:00,2018-07-23 16:10:34,2018-08-06,c01840db5a0ca3b5f6cf2e182a5d9f71,2018-07-19
d4f0a2e6724782ffec52257b637dc928,9298659a888542ee1dccd284384d8ff7,delivered,2017-05-02 11:20:34,2017-05-02 12:35:04,2017-05-04 13:51:00,2017-05-08 09:48:36,2017-05-24,d611faedfff870aae0cc0c0b4bf3fabb,2017-05-02
34ac92bbb6413e7f6efd32aa6a30fe37,6dcc24988b3cf3be1c025f5e6d17fe49,delivered,2018-05-15 22:38:45,2018-05-15 22:55:20,2018-05-16 14:35:00,2018-05-18 22:48:43,2018-06-05,2a7ba86bfe5b3b196de840ad96adb597,2018-05-15
48805bfedbbbfe75dabe602c05eae895,bbce69db62fbcc00884caa50b906a809,delivered,2018-08-13 14:15:32,2018-08-13 14:25:17,2018-08-14 15:24:00,2018-08-17 23:18:29,2018-08-27,bab0fcc94c8392299bc25fb2f5d540dc,2018-08-13
6465d3dc9fca8e88c2f2cbe75eaea6f3,c829c3889a5a46c6a74212c987c1a78c,delivered,2017-12-13 09:29:58,2017-12-13 14:31:51,2017-12-19 18:49:51,2018-01-16 00:22:51,2018-01-18,3e5b2a9f72b2d0d6ab8458da3fe7eb74,2017-12-13
3ae0851b6ee221c9db69aa800b869e3f,c1637785edaf603b308a7559994ae929,delivered,2018-03-19 20:47:54,2018-03-20 20:50:23,2018-03-22 21:14:54,2018-04-27 16:58:36,2018-04-16,ba190071ac45d4793202ab72a0544140,2018-03-19
a6aa2d9d0561ad1c39f33d69e3f1277e,13b24d45013751e69cb8764ac554a4d6,delivered,2018-08-01 19:52:40,2018-08-01 20:15:25,2018-08-02 14:21:00,2018-08-03 21:04:44,2018-08-07,176d944651abc55b63903ec660b8f0e8,2018-08-01
e4b40fda48f1528f2b88921fa069b2ac,cc5ee8a4c40090eefb75f6fef70c0041,delivered,2018-04-09 21:50:19,2018-04-10 00:12:22,2018-04-10 20:37:52,2018-04-17 18:50:45,2018-04-27,0e160b9e089dade9621eacc6bca590d6,2018-04-09
d1ad273eb19cc217511bb7d6f6de894f,ea73aa0b167932887e8ef6b43e1d8fce,delivered,2018-02-23 13:26:49,2018-02-23 13:35:51,2018-02-27 22:35:52,2018-03-10 13:21:46,2018-03-16,49196b5a839bc8d02a68cb1c4516e4a6,2018-02-23
551cf988ddc636bfcd08d383c5c371fd,b2d8b9180d9d78f3325bac5912398a67,delivered,2017-11-26 12:04:31,2017-11-28 12:14:10,2017-11-29 20:41:20,2017-12-12 14:41:35,2017-12-19,10ad957df9b2a91db111cd19e2aa7a5d,2017-11-26
6a42b7608f87f127149196afa0554473,a06aadc1e2a90865df8fe7ce1f570e04,delivered,2018-01-06 16:18:32,2018-01-06 16:32:15,2018-01-08 21:27:52,2018-01-25 17:53:13,2018-02-05,894a001669069bf6254de260f07bb507,2018-01-06
ed0621902f725df643367f63deec991a,12c12ffae8f42f1ced8772ca1c708d51,delivered,2018-03-06 08:28:29,2018-03-06 08:40:30,2018-03-07 17:54:10,2018-03-09 20:12:48,2018-03-22,6da8c333ff27c34a89f60c3a8b8f3e34,2018-03-06
591634e3db632b8d5a60099a1b81cf7a,1328b35044ea458d162dc73bc6d4c02f,delivered,2017-02-05 19:47:13,2017-02-05 20:02:29,2017-02-07 10:05:49,2017-02-13 11:53:50,2017-03-08,35a23d4b2b877b2565e30339e0c0c45b,2017-02-05
54c7a23f3dfaaf598f685cf985213ff5,f24242f44914c2af7b95dead241c4830,delivered,2018-01-12 12:29:08,2018-01-12 12:39:22,2018-01-13 01:37:37,2018-02-05 18:43:14,2018-02-15,7acadf6b49418ee3fb7df43abe1eb8ac,2018-01-12
a589a29e4907819c966a0c4840b41ccc,2f326df8bae20dc643eecaba92d0778b,delivered,2017-06-09 13:59:44,2017-06-09 14:10:25,2017-06-12 09:58:13,2017-06-19 15:46:55,2017-07-06,1267212283399f8294c491fec2b02be9,2017-06-09
5df35b35ce08d3d6f634eccfeb93a143,944c2b54ea0bb6e12cb06ead9d38c884,delivered,2018-08-01 17:45:22,2018-08-01 18:04:08,2018-08-02 14:40:00,2018-08-17 22:32:40,2018-08-14,81fd3fd3cb3c6feb4d681fdc6996d896,2018-08-01
7cfabaea28ed8990f6ed91454a1a7cd1,5a9229b88a571cf4c1a6ea23144f7417,delivered,2017-12-11 22:45:48,2017-12-13 02:33:31,2017-12-18 19:34:17,2017-12-27 17:52:41,2018-01-11,4ee37991abb735e85b6965adfb0316cd,2017-12-11
5c81ecc71f66f9a6aef23cc998bc47bf,9508b3e20db239b2e109de122417bfbe,delivered,2018-08-14 17:29:02,2018-08-14 17:55:18,2018-08-15 12:44:00,2018-08-21 14:28:54,2018-09-11,50602f98fb19ae4764267722678e0b12,2018-08-14
7428a574ede28cd343748b3ea5778d35,1acf4569604468397f3b048f50a7b4ec,delivered,2017-12-06 17:36:04,2017-12-06 17:52:13,2017-12-07 16:57:51,2017-12-11 15:21:56,2017-12-22,e9738b45a5906bd7778b089a4ebba74b,2017-12-06
c7437eea29f47fbd3d4baf3f4b83c5ae,d9af086fa1436ce10917c4d0362d5939,delivered,2018-01-24 18:11:43,2018-01-24 18:18:29,2018-02-01 13:54:47,2018-02-05 15:03:42,2018-02-16,6ac37d07d28f224d58ca5c8d595e91c9,2018-01-24
7b969559771f915ab40f2421e6f1a582,c83e0e9e4a2b35059ce91a67b288ca78,delivered,2018-01-28 18:40:36,2018-01-28 18:50:26,2018-01-30 01:13:29,2018-02-07 20:14:33,2018-02-21,5db6b2aa113db335c711bcfd466d704b,2018-01-28
a8ddfd6f6316a1c31da18f179981ecc6,5b4a17cdf8e611b47a912e232cdf6441,delivered,2018-06-27 12:01:22,2018-06-28 12:31:09,2018-07-03 15:37:00,2018-07-05 21:13:50,2018-07-12,5924dbae905fc6023d7297db2d613855,2018-06-27
1442b25f1cb6b0dd05c29b7df04aa0aa,1c8fcbabbadcab634eaf27c4fe94e6b7,delivered,2017-06-29 20:51:39,2017-06-29 21:55:13,2017-06-30 15:46:45,2017-07-13 18:06:26,2017-07-21,d505780d388a0788d957382e5eee57c0,2017-06-29
cda58baf4fa440869e819a444c1a65cd,119964566e4c0cbef2dac4d8a4291338,delivered,2018-07-17 11:27:25,2018-07-19 04:42:35,2018-07-20 11:14:00,2018-07-26 18:07:28,2018-08-14,e24fa7f40f8975819f43612ca3c3c3ec,2018-07-17
199c3d5d5456786637603c3975e504f3,526441615839170e46ce165be2760060,delivered,2018-02-25 16:35:44,2018-02-25 16:50:22,2018-02-26 21:22:12,2018-02-28 21:37:21,2018-03-12,a214e70576ced674f9ff61d283ab272e,2018-02-25
9e7752c172e3994115a2cd609a18de29,c2b15e2fdaf53bfb90b245f2ad21d94d,delivered,2017-09-04 14:28:22,2017-09-04 14:43:48,2017-09-05 20:13:05,2017-09-11 15:50:18,2017-09-22,420add00e535c5b9caf4e5f34c69124d,2017-09-04
867d8052e7e00c74f4a3dc15943ae847,3600815cf5b1dd91f6ad4c6cb968908a,delivered,2018-08-06 19:55:49,2018-08-07 04:44:41,2018-08-09 16:57:00,2018-08-16 19:14:35,2018-08-16,85bbce1d5467842800f2d80b78a54bb6,2018-08-06
013bc77d3ca5fba084a241fdcb307393,96ce05a47b37faa11bd59938ee555a7d,delivered,2018-01-17 00:23:17,2018-01-17 00:37:23,2018-01-18 13:53:02,2018-03-12 17:06:53,2018-02-19,e3695821bdbe747a2f9d72bb83dc4bf8,2018-01-17
b4b23a5f1e3af0a90cce47b18af0e612,9b4cb03c9a90f85c805a67ecb696ddc9,delivered,2018-01-18 00:00:32,2018-01-18 00:11:33,2018-01-18 22:26:43,2018-01-30 01:11:44,2018-02-16,94aea9aae532453c72b6afbfe0eaec10,2018-01-18
d2271c114a00d818beaafcbd5b2b567d,bfb3c9e5be070e932c96b362dd441807,delivered,2018-04-21 11:37:18,2018-04-24 17:30:16,2018-04-24 22:28:45,2018-04-30 19:17:48,2018-05-21,a30c775e6b838257149a25e716713297,2018-04-21
121dbde7d88c82adc886e26b28552ef7,e9d4a08d748f76bdddafcbbbaf1e9fc9,delivered,2018-05-19 16:13:18,2018-05-19 16:32:07,2018-05-22 13:56:00,2018-06-07 18:07:52,2018-06-21,d3691bf5f86bd67dd077416d79458138,2018-05-19
fda9a222267a9db0d0831209bfe668e7,40f91776eb08c0a9e9339c42b8bc4388,invoiced,2018-05-20 09:53:33,2018-05-20 10:17:14,,,2018-06-08,c5f654df41f8e436e97ce72ad3df2825,2018-05-20
753153c2c8b76dceab71239c68f0e5b7,95a8eab7b28631dbf0fc405e678a726d,delivered,2018-04-11 23:56:13,2018-04-12 00:13:58,2018-04-12 21:51:18,2018-04-13 13:34:28,2018-04-26,b133a3a7e60d02d01b9d4573061f96b2,2018-04-11
2fe95e63972d1a35491a2cf058c422ea,5ef48d1af1f169b2125fdb88df851f49,delivered,2017-09-20 10:53:34,2017-09-20 16:44:12,2017-09-22 19:08:44,2017-10-03 20:12:28,2017-10-24,d5ef266ebc1bc57c77cf818667b7c7c5,2017-09-20
adb295eaa7acf068902018c99076d0a5,77df569cbc1440126727ddd242595c2e,delivered,2017-10-04 09:01:06,2017-10-04 09:14:13,2017-10-09 22:53:42,2017-10-11 19:47:48,2017-10-20,f603700deb902a299a054eb0b8541596,2017-10-04
e68226afae9b0ff953f7853f783339dd,8197dc246c4a83cb58834c3495716dc0,delivered,2017-11-12 19:26:45,2017-11-12 19:46:22,2017-11-14 22:31:58,2017-11-17 17:52:22,2017-12-01,6a6da3ec7adcf59861e8fa302c24dadd,2017-11-12
9e13d10fe3ab7d47882c882943f5309a,ae086b2ec35d63f04c0c1aaa152c07cd,delivered,2017-08-19 11:28:39,2017-08-19 11:45:11,2017-08-23 20:52:16,2017-08-24 19:46:06,2017-09-01,402d0d7ccf49dc61ac47966f5cc06b70,2017-08-19
9266b73e961bef87166384687a9daddf,9acac19eb552df355abdb0347154865e,delivered,2018-03-10 14:38:22,2018-03-10 14:50:27,2018-03-13 17:12:20,2018-04-07 02:12:01,2018-04-03,c4a7318a4ce010b2ad0f40053d0fe601,2018-03-10
4ac05edf248d6206469e17c32e52c9ac,741f00aca12b97beb2db34f629655c30,delivered,2018-08-17 22:35:51,2018-08-17 22:49:33,2018-08-22 16:33:00,2018-08-25 12:07:33,2018-09-12,a1c537c2f5231abb4729ee7c83c4bbba,2018-08-17
8b9995cb757e53af93a0bcd17011a3bd,0c302f4e4722a7b2c5b1899faad9d5b2,delivered,2018-01-31 20:44:54,2018-01-31 20:55:57,2018-02-02 23:27:02,2018-02-22 00:09:07,2018-03-08,97241a595d1608f95eeabb4e5380349b,2018-01-31
02f0618d94e9aeeb35a81835fa5c64d7,d0c26cf29062e8483e02761ab2078561,delivered,2017-12-18 10:36:07,2017-12-19 09:53:33,2017-12-20 15:42:19,2018-01-03 16:48:19,2018-01-18,2ba79753c9f8a5c6fbd9be58077bdd69,2017-12-18
d7033967b0710c2c3169fa2649bf6576,8eb90845975135fe4d5279dbea7e8c1f,delivered,2018-06-28 08:44:49,2018-06-28 09:10:40,2018-06-29 15:05:00,2018-07-11 15:26:52,2018-07-18,1e3d627011cc2476e8ee4b0efa8c0579,2018-06-28
21dcaddbfa9fae12149a7c46cb6590eb,2604afbe12e2d1dd7ba180b00434d617,delivered,2017-09-21 17:48:33,2017-09-21 18:04:39,2017-09-22 16:22:28,2017-09-26 19:33:34,2017-10-06,4d2ede5429c0dbdb270968926c2b1f2c,2017-09-21
249385a8a3fb6a8765bed08eaeef9919,580d8871c30dc0e5f3522d8eb0c14658,delivered,2017-09-05 22:34:08,2017-09-06 03:04:12,2017-09-08 15:43:47,2017-09-19 19:10:34,2017-09-27,1c62f51cd14f547e77a584c89f3bf01f,2017-09-05
7baf1221e608e468c3a2daa7aba9ac6f,48b7d24cfc153c45d3d60290ef492ba1,delivered,2017-06-24 22:31:23,2017-06-27 03:55:13,2017-06-28 14:40:54,2017-07-06 09:23:38,2017-07-14,803ba8d15f1a2f90bfdb1c2f2148b6ec,2017-06-24
4a7676ed277c46594e4bc347c5be54df,b513e5c88725d337d84e279d97a7aa0d,delivered,2018-05-08 10:18:18,2018-05-08 10:32:11,2018-05-10 15:47:00,2018-05-21 19:18:29,2018-06-07,7c74bbe1e233f88ca0ef0a32b5d8fd60,2018-05-08
fa7c7045419850f12653d3ab75810322,741cb303c18254a4018cf12426c63e57,delivered,2017-07-25 14:06:16,2017-07-25 14:23:29,2017-07-31 21:16:49,2017-08-05 11:21:57,2017-08-21,881656d12d6a866d5bf208ce68cf6949,2017-07-25
ce938f4382d04c8b3df8c773d3187449,45d23d652ab776714f444ad2daf99995,delivered,2017-12-05 15:25:21,2017-12-07 03:15:42,2017-12-28 14:49:06,2018-01-03 18:03:00,2018-01-11,c5e913ed94ec2040210bbee0a7d10b1d,2017-12-05
d598240ace8c810afb856b735b84d66d,76df24431ff482962bb2d94c79871ca0,delivered,2018-05-05 16:30:30,2018-05-05 16:53:32,2018-05-09 13:28:00,2018-05-21 23:07:38,2018-05-30,ad06c817d988f222e84bd8972e41f393,2018-05-05
1f38f9f0e83af83813b5db8ee43e1a02,f76dc47174f01d73c76be3f39d35a676,delivered,2018-01-30 00:38:18,2018-01-31 13:32:00,2018-02-05 15:19:18,2018-02-21 17:52:52,2018-02-23,8b35c86e1e57c546ea886a54e42f3756,2018-01-30
fbb38f33f44df110ef060767b70bdfa3,ba1249c05a651c21b3e6a99caaad9525,delivered,2018-08-03 16:53:24,2018-08-03 17:23:56,2018-08-06 14:19:00,2018-08-17 17:38:42,2018-09-12,4e9fed16983d17a7db116c9215ad25c0,2018-08-03
e3cd6d82ade0e89d757b4d900460f1ad,56f48a4b6b679bf9b82d46ff1be7875a,delivered,2018-03-09 14:07:48,2018-03-09 14:29:14,2018-03-09 23:21:39,2018-03-20 21:32:20,2018-04-05,6020fa1d10076940d70f726949b0c1fe,2018-03-09
797fec22e68f5cadeda77e283dab6365,08bf6fdcf141c77367584ad56a79909f,delivered,2017-08-10 21:47:41,2017-08-10 22:04:49,2017-08-11 21:15:26,2017-08-22 19:46:38,2017-09-05,155d54f388f9f650614076fa7047e95c,2017-08-10
f1860618b7674572f1f08801ab36833f,f3fd434cefcc530bec7e71f31a914b60,delivered,2017-09-06 08:34:13,2017-09-08 10:25:22,2017-09-11 19:47:59,2017-09-15 13:37:41,2017-09-26,97599f226d383eed46713abef6325439,2017-09-06
7a1fc49af568078837d0bd6efc218702,a2a5465995a3a887603b8394b7dc69b5,delivered,2017-04-28 09:46:45,2017-04-29 02:42:48,2017-05-03 14:50:17,2017-05-22 10:07:57,2017-05-23,638b3aff46974791ab154d575190c706,2017-04-28
e45b8a62c43866e3c9989324547db51c,086a2eb2b3d6945a6c31f7d36f523bc7,delivered,2017-07-06 09:43:53,2017-07-06 11:50:07,2017-07-06 14:50:32,2017-07-14 17:49:49,2017-07-28,c402a1c61ebd8deca803bece099cb5dd,2017-07-06
92d7a73bcc35da100f6a725112d26730,76e096c68fdf19c14e89397f91d10159,delivered,2018-03-22 11:07:03,2018-03-22 11:29:43,2018-03-23 19:46:28,2018-03-28 15:56:40,2018-04-13,92814d50e37e74d3b07d9270257da763,2018-03-22
358001862da7e31fc81214650e2f134a,2b103a43381968b2d869df1c7da16dde,delivered,2017-05-16 17:53:26,2017-05-16 18:05:20,2017-05-17 08:51:03,2017-05-22 11:25:07,2017-06-07,9a1144b6f1e5f542e42ff8c7b7c5cff3,2017-05-16
8af910ab3dcf14bd966ba647e2ad995a,014b7917072f3fe8c9ca37d4043c31d1,delivered,2018-08-26 20:08:21,2018-08-26 20:24:10,2018-08-27 13:53:00,2018-08-29 03:12:46,2018-08-31,a50349ca8cb5bddb3a60eb56e4cf9f07,2018-08-26
ab94edba03e70a9b50a33580289792fc,50d2c11cca560b2e450922000cd44d51,delivered,2017-11-25 17:10:44,2017-11-25 17:31:58,2017-11-28 18:14:58,2017-12-27 19:04:39,2017-12-20,a2258c3165f816eb82fec3eafdc0026b,2017-11-25
f16e4c5b20fe01e09d3cee88c9c91fe4,f0d84f7bc23152603cb03037a44ae3ea,delivered,2018-08-14 02:07:38,2018-08-15 02:04:33,2018-08-17 09:35:00,2018-08-25 00:34:31,2018-08-27,6208b5246f5d418aa0fc6e574d3fe0a5,2018-08-14
146bc27ff71043a6ace37bd4dec7b754,0d051c3b978b24060b7d47b78efe11da,delivered,2017-08-03 18:21:36,2017-08-03 18:30:19,2017-08-04 18:52:10,2017-08-08 19:49:55,2017-08-23,030fbdd408131cb4235b5b7f241d727e,2017-08-03
e7b5bbd928c9dcaa3466502cd99b4907,d0019ad7e1264a69c1120123e9f3feef,delivered,2018-05-27 20:13:46,2018-05-27 20:31:20,2018-05-29 08:48:00,2018-06-22 22:20:11,2018-07-03,02c443d096d234acef0e1b00d625daa7,2018-05-27
f4a8d4d1b8f2020f7bcb532c8175106c,dfe5364df5b644ca5f0ff6f5e6c09c1d,delivered,2017-08-02 20:42:23,2017-08-02 20:55:10,2017-08-07 19:17:43,2017-08-14 21:24:39,2017-08-30,c0f1d2f878abf2e47ad002ae3e632831,2017-08-02
543191db0a8f28cd664d601260fb1dee,9d5b4e1c9cea65d80c0d229f2f51f8a0,delivered,2018-01-14 12:57:25,2018-01-14 13:09:20,2018-02-09 20:32:17,2018-02-27 16:21:48,2018-03-07,55b2d632bc5b7859767c1efd222c1659,2018-01-14
5607dd260b59aad9885b4dd7ad29352c,83db3ab5b2d2d11fcf877ea14d60e827,delivered,2017-09-14 21:10:17,2017-09-14 21:24:48,2017-09-20 19:53:14,2017-10-16 18:48:09,2017-10-20,7c1c54fdb1e699a2ee416a146ca63abc,2017-09-14
9d00e586fa5fcb774ed90678f734fb49,2f3c501d98b288fc694a6c82e04131b5,delivered,2017-12-30 19:38:48,2017-12-30 19:49:27,2018-01-04 15:15:26,2018-01-20 16:22:41,2018-01-31,11d4f577dc580ead8540555abe399882,2017-12-30
f8910e655b2182f4389f8fe8d6035aa6,42c73162e6fbc5a7d1656b3d0ff38e01,delivered,2018-01-10 18:25:50,2018-01-10 18:48:31,2018-01-11 21:19:50,2018-01-18 22:19:59,2018-02-02,0f4fc3f478dd0cda888a53ea11768b9e,2018-01-10
a49dc0169f9bb6d3ac9829bdebd12299,c78088a2467e83cbb726c1283608dca7,delivered,2018-07-21 11:46:28,2018-07-26 23:31:27,2018-07-24 14:55:00,2018-07-25 18:24:31,2018-07-31,0e09770453aa9d84c1c5db77a4bf3650,2018-07-21
0f79d33b1365193e6f789e898ecc5a24,ca405391078026cf61c08084376df2fd,delivered,2017-11-17 19:43:54,2017-11-22 02:52:42,2017-11-22 15:48:30,2017-11-27 19:06:04,2017-12-06,3664af3125549787c02050e7075fd8fc,2017-11-17
a61574f3d74d4d3cec6528240b2017ae,b87bbd15537c8fdb8f0f37f8f76cbd6b,delivered,2018-03-03 22:19:30,2018-03-03 22:30:29,2018-03-08 20:48:32,2018-03-20 21:47:07,2018-03-29,22cc26ccf404f3ebe60d6457f14179a5,2018-03-03
39e5dc2022ca487e81f4bfa3d855e649,bf401e7ba41f6772172dcf100f491d65,delivered,2017-11-14 17:30:59,2017-11-14 17:46:22,2017-11-16 15:37:39,2017-11-21 20:18:37,2017-12-04,074f6402565f35186c70908e5a47315d,2017-11-14
f2fdb2c26514430fe5fc50af581e9d2c,d09df6efe1d655b47865fc3efe81494b,delivered,2018-02-28 21:21:44,2018-03-03 02:51:21,2018-03-06 02:21:58,2018-03-15 15:21:09,2018-03-21,25266df8c27c20bf0f732404e17e68d7,2018-02-28
519a63cb3ea1d2c4b1364552eacb6b29,06da298efb6ead8ed9e9a271bcb9419c,delivered,2017-09-04 13:04:44,2017-09-04 13:15:12,2017-09-05 20:09:09,2017-09-13 19:25:59,2017-09-26,2e753a8ca566fe42ad644446fd5c7be4,2017-09-04
ea2568234ef491f3b42d83e8bc5f06e7,979d4607761bd7ed4af375a67bef322f,delivered,2018-07-03 18:19:32,2018-07-05 16:33:01,2018-07-17 10:29:00,2018-07-24 15:48:53,2018-07-30,df0d3c19f1e12081b97998e70598b150,2018-07-03
4531bfc9fa7b2b7582a6dfad40fa0215,705e79c115cf8479aa947256c3451a46,delivered,2017-11-25 11:35:05,2017-11-25 11:51:41,2017-12-15 19:26:39,2018-01-04 22:00:01,2017-12-18,258c1c4ccff86dd5d665464fa6b456aa,2017-11-25
cd3f1eb3138c86331f1d27332acdae59,11c66314e234e52a7dc67e9510ede3ae,delivered,2017-03-15 09:19:06,2017-03-15 09:19:06,2017-03-20 16:38:03,2017-03-27 13:52:50,2017-04-07,bea9f04455856515b699767458ea88fc,2017-03-15
9b403323790d69fa17479eb09e7e2cf4,c11f4ea85257db85de835c955c6509a3,delivered,2018-02-06 14:55:21,2018-02-07 03:10:07,2018-02-07 18:03:48,2018-02-21 17:37:04,2018-03-09,68a3580d3f02c8c500e1deda4a273f6f,2018-02-06
37c3eefe09fbbf5fd314de9cbc9e07a4,93c6f2c4efa28137204432b25e5b919e,delivered,2018-03-13 08:11:07,2018-03-13 08:34:43,2018-03-13 21:52:49,2018-04-13 00:18:33,2018-04-02,18318126378159e7d18d0c7a5218dcc0,2018-03-13
4be6db35f003429e3739868afdda6914,5759cffba9a4dcd1577947b10a8bb982,delivered,2017-08-31 16:45:09,2017-08-31 16:55:13,2017-09-02 14:26:07,2017-09-08 12:17:35,2017-09-27,e0f3bbfe91d5f6c5700300e9db4c415c,2017-08-31
cf2a9fcfac08206bae42b3118368c9d1,b3670b3da4ad23a4e0f9890e5b6cf737,delivered,2018-08-15 00:39:44,2018-08-15 00:50:21,2018-08-15 12:25:00,2018-08-20 17:06:56,2018-08-29,e797417d02ed60178f1f955aa1921ffe,2018-08-15
1af2f9b623aa5618203b6973830aec03,29e95ac82fd9078337d1f51422300047,delivered,2017-11-12 16:45:03,2017-11-12 16:56:05,2017-11-14 15:42:52,2017-11-30 19:29:08,2017-12-04,1a9de4c2a133efcc9a3e7f4778a07f45,2017-11-12
b665005f4d6ed76db213ab12680a0237,3262946514cd05bc2855bd1514f780a1,delivered,2017-08-04 15:39:01,2017-08-08 05:43:18,2017-08-11 16:01:22,2017-08-25 19:32:42,2017-08-28,876b7343b50c63c8f32b59908a9e554d,2017-08-04
0c45caaab2bcc146bef109bee64d3b98,5087defc2b2ec1e20defc362427ad2fe,delivered,2017-06-15 12:56:38,2017-06-17 03:16:43,2017-06-19 20:22:47,2017-06-27 15:09:46,2017-07-12,20a37002322179007fa568552bfac6f2,2017-06-15
740ae797f7cf4c60ba34060981cf6491,b58cc694479e16a5b9cb9972fbf5113b,delivered,2017-06-06 19:46:52,2017-06-06 19:55:14,2017-06-07 08:23:33,2017-06-19 20:07:57,2017-06-29,e2c05dfe7c3d3e7a659660dbd87818b0,2017-06-06
ec4406235854ee5e0fea135054afa0e6,a512255ffb0b2189e4f2317a93e39bce,delivered,2018-01-13 00:04:18,2018-01-13 00:55:28,2018-01-18 15:50:10,2018-01-26 00:29:12,2018-02-15,3f06430c1c6392c54e90bbbe27bdc76e,2018-01-13
0c4c58fca6e92bb1b43c04a406e73a86,226a63a502f031aafeb924719d58a805,delivered,2017-11-26 18:41:52,2017-11-26 18:54:05,2017-11-27 21:39:51,2017-11-29 14:38:48,2017-12-19,c434a9fbbb43e6b1d20451ae9c40ca8e,2017-11-26
06691ef50a126916cb2d45040258ee3c,9e9e7a5ee7c5e26e2782c06f0acfad1b,delivered,2017-05-16 23:09:07,2017-05-16 23:22:40,2017-05-17 16:48:10,2017-05-23 15:23:46,2017-06-07,480aeafa3cef617d1e34d786a24b7634,2017-05-16
8b30044038679449c915fdb8f46d6712,8dfdcec47ac9d8437bad1b90d5eabc99,delivered,2017-09-24 14:20:41,2017-09-24 14:30:19,2017-09-27 22:12:34,2017-10-04 17:37:30,2017-10-19,aeb749846ab8155be01c915f3937536e,2017-09-24
42a06602c542e66dd5a4377a0270320a,8f94ce3dcd293ee4ec6135cd00220016,delivered,2017-03-04 21:08:40,2017-03-04 21:23:13,2017-03-14 16:02:25,2017-03-22 10:14:19,2017-03-31,9e7c5116bcbdb93fb0e64d300251ff1b,2017-03-04
63d1268ad5a270923a280206fb76bc55,b125274701a8b2d9023dc70c2ba88b9f,delivered,2017-04-19 17:19:08,2017-04-20 17:30:20,2017-04-24 09:24:25,2017-04-27 09:52:42,2017-05-22,94a6b294526f452da659670937623db1,2017-04-19
a5db57e596494a2570d250dea03da4ce,993677d5b12e91002d0d47c2a782a7d1,delivered,2017-10-16 08:11:57,2017-10-16 08:29:22,2017-10-16 20:13:02,2017-11-06 09:15:55,2017-11-07,b983a8b74d888274c822490b2b4a1cd5,2017-10-16
911432777099c4ba4711a18faed3f4c0,00f625f67cffbda090bb7bd168821482,delivered,2018-04-13 22:24:51,2018-04-13 22:35:20,2018-04-16 22:32:53,2018-04-23 20:03:37,2018-05-09,a2e0f605a77015b28a90b06c31404e99,2018-04-13
2bca9fb7f37de0ca85a20234cdce1fb1,a8827f0bd340b0c925104fee0629e381,delivered,2018-01-06 09:54:02,2018-01-09 07:19:00,2018-01-11 17:25:05,2018-02-02 01:38:41,2018-02-09,aa200cd9deaa201aa2624b22425c8c38,2018-01-06
4824fef8a9f66256c9eb0c7682363932,05532b1940ad190dbf986712e00e716a,delivered,2018-07-18 22:49:41,2018-07-18 23:02:29,2018-07-19 14:03:00,2018-07-24 18:21:36,2018-08-07,dc322a386256164c01fc74e510ca3187,2018-07-18
f3f3b27cca7955c784c143b5886558d3,9ae3ca34775bd0f2a8a7e5915975c1f6,delivered,2018-03-01 07:50:27,2018-03-01 08:09:26,2018-03-06 19:45:29,2018-04-03 23:07:43,2018-03-26,1fea3244d38e951f0196b2728aee3bdf,2018-03-01
2d5fcae67cd267649c54367612ede338,cd4315960cc06b1f74525b160643e3b2,delivered,2017-11-02 18:57:27,2017-11-02 19:10:56,2017-11-15 01:48:24,2017-11-28 00:06:58,2017-11-29,e1970a4d5ae756f546f5d50b0d862588,2017-11-02
cf4e2fbc22f6efdf6c5988003626bf48,71a6ab0f5f611b05e407f11a655e8c38,delivered,2017-09-22 15:23:01,2017-09-26 04:04:34,2017-09-26 21:18:55,2017-09-30 15:24:52,2017-10-09,d76f067dc045a619248ea70437aa072d,2017-09-22
14d296847a335160b30c1e6afe4d011b,239237f358786f3f58304735a5ce87c0,delivered,2018-08-17 17:26:08,2018-08-17 17:35:15,2018-08-22 14:35:00,2018-08-28 19:34:22,2018-09-04,ee1e7b4d5b977159eb061732c1a1b1a3,2018-08-17
0aec87a19cce94ceda3bce4b605d9423,8efc8e00b4373776f0f3543e043fd768,delivered,2018-03-14 17:03:43,2018-03-16 03:50:10,2018-03-20 22:36:43,2018-03-21 14:36:44,2018-03-26,3cc3ddf7a8ea6ffd801732450f2cfb09,2018-03-14
087b7573e7bda014f7f61b472a7cf555,e04b0d3e98bf9cb1ccbe50eaa45ac459,delivered,2017-02-22 13:08:03,2017-02-23 02:35:12,2017-02-24 07:06:00,2017-03-06 10:42:32,2017-03-23,043098c475f50b4e7be9afc9b679f2fe,2017-02-22
390a142c6e05da81665de637c8460ca9,79f601e6be21ecaa934e0ea0897323de,delivered,2018-04-30 19:52:38,2018-05-01 02:39:02,2018-05-02 16:07:00,2018-05-08 15:12:26,2018-05-28,fc702ed26dd28341668ab32177d2ee2b,2018-04-30
f393b5ab60dfcc6d8c8000240a1a230f,4ad1e822e74d474a35edfb2cfb76f954,delivered,2017-12-16 00:56:31,2017-12-16 01:56:18,2017-12-18 23:57:27,2018-01-04 22:22:42,2018-01-17,77d4f556ebda0b4b6afb35ee72a5c902,2017-12-16
a6acb34f913bfaf8367a31f75d53829f,647210ee29ad619037c52bc024f07650,delivered,2017-10-19 21:02:44,2017-10-19 21:14:41,2017-10-20 17:03:38,2017-11-07 21:37:52,2017-11-07,6172318828b59d6fd3ea13ba4f2eb9bc,2017-10-19
1420860371690847f7c995bcc5a44635,99974447c69793d64b279a9d29910dac,delivered,2017-05-15 19:58:44,2017-05-15 20:10:21,2017-05-16 09:44:19,2017-05-18 11:06:46,2017-05-30,65a3782f7df3b2f6662c58da39c34fd8,2017-05-15
a1cadef58ea9a00d7e27089a29644883,35ce0878563c58ae6204141b827a6b86,delivered,2018-03-23 16:36:35,2018-03-24 02:07:55,2018-03-26 22:08:44,2018-03-29 01:29:44,2018-04-05,17723093b35bd2dccdba1cc91e0a7101,2018-03-23
6a8068cb2233e4e303e48efa7628d7ce,a995de3dc6d521edc82924a3e9941821,delivered,2018-02-23 12:49:55,2018-02-24 12:48:03,2018-02-27 23:42:15,2018-04-03 18:26:41,2018-03-19,69d5451bdb58302b28ba780ae9f2ef5d,2018-02-23
870aa2bc7aa8da08f2c330db4a88c509,1e89ae773b201e0b12529620979f6906,delivered,2017-11-03 11:55:35,2017-11-03 12:10:39,2017-11-03 23:38:36,2017-11-14 20:07:40,2017-11-23,4341721b8bea3da055c22347ebdea02b,2017-11-03
2d395688fd6ae7eb8d492b8fd1ce287c,118ea956ae83ce874aa0b2613c29f0a7,delivered,2018-02-22 14:17:49,2018-02-22 14:30:46,2018-02-24 00:09:03,2018-03-01 22:08:03,2018-03-14,870c9668c304c089116a4b3a3a421887,2018-02-22
b3eab105571ffb4a91b5516252cead7f,9b8a332e088c71b5728c58a94fd97dfd,delivered,2017-11-18 16:30:32,2017-11-18 16:50:27,2017-11-21 16:28:56,2017-12-14 22:14:44,2017-12-18,69adb76794a98a527a677731ad5e9873,2017-11-18
701ddcb0eab1d32958b3638a5e8c4e97,e73a40f7509a5e81a764029d4b7ea836,delivered,2018-01-22 13:16:34,2018-01-22 14:54:59,2018-01-26 18:08:56,2018-02-02 18:41:45,2018-02-19,f71d1ce0ca77b13eb4a0909685c1a288,2018-01-22
e3c64131d3d2295829639be7b74a6533,462edc38c8e3268231131fbce3347b86,delivered,2018-04-01 19:51:11,2018-04-03 05:49:07,2018-04-04 01:44:43,2018-04-16 18:32:21,2018-05-02,75dff8d19787e21eca5888a3b2ec5e6b,2018-04-01
c182d0749fbf4359feede804db96559e,d0d87358614b385a2720002e20d2df15,delivered,2018-02-01 21:24:28,2018-02-01 21:50:02,2018-02-02 23:33:03,2018-02-08 16:28:46,2018-03-01,3262b9775c907ad9697f2e260c392f7e,2018-02-01
8ec209265a47650812217445916b21ce,62c278822580d321ae9a7853e184eb5f,delivered,2018-05-04 20:23:00,2018-05-04 20:35:19,2018-05-07 12:55:00,2018-05-12 17:41:01,2018-05-24,598662261607777ba193376ab2c2411a,2018-05-04
db1de62685151430c248c3c03b951156,c6e338678dd6ad971bd8d9f15f8448b0,delivered,2018-02-26 00:01:15,2018-02-26 00:50:26,2018-02-28 21:38:54,2018-03-08 02:22:11,2018-03-19,95a544e89c0efca792d1253fdc786bcf,2018-02-26
aef19c7ffbe816963b54aa3bd8777f1b,131740d1fa70fbc1e265ac7fe700e34c,delivered,2018-04-23 08:36:10,2018-04-24 19:03:45,2018-04-27 08:48:00,2018-05-08 21:33:37,2018-05-16,a2b0bd17e5e3004764dfc68211ef94a3,2018-04-23
6fa12c96b3e4f807bef7f5fa4c6a1b58,a59e93192ada42b56c5be8eb74891193,shipped,2017-07-06 15:15:35,2017-07-06 15:25:13,2017-07-11 14:17:45,,2017-07-24,f741e181e378a05c47198365df23c363,2017-07-06
8a86aed13f75de6f6db042ac9465e231,e8e5e7bed9f414da8aa06cb2a95fe59d,delivered,2017-12-12 22:48:46,2017-12-12 22:58:29,2017-12-13 20:29:07,2017-12-18 14:42:51,2018-01-05,d3285d5827ede41e415072df8ceaa273,2017-12-12
82d3f649aa623394cf7ad9432dd748d4,2ad4d7bf0d9891d02025ef4c28bc0cfd,delivered,2018-01-11 11:17:37,2018-01-13 02:28:25,2018-01-15 22:22:41,2018-01-18 17:45:00,2018-02-01,df2dffd8fcad76ada93db0d7bd22c212,2018-01-11
66aef8b9776b9fbfb4ccebc6f3d984bb,f11f3360739b68aefb45eaba4a6bd1f1,delivered,2018-05-04 06:16:16,2018-05-04 06:32:08,2018-05-09 14:26:00,2018-05-14 18:25:02,2018-05-28,204efc7a771f1a33fd28465082171f5b,2018-05-04
e408dfd94b7e8c99fd27de19a3f388df,a426c4c6d4d9e1dcc7cc3a99601bd0d0,delivered,2018-06-28 12:59:04,2018-06-28 13:11:04,2018-07-09 13:09:00,2018-07-13 20:33:30,2018-07-31,405c248372dfb62b13889271b58fa2b2,2018-06-28
4540a046d78b66514285266847c73d3c,6f0972530647a75b615f7fe6fc69ca59,delivered,2017-06-16 09:24:18,2017-06-16 09:35:15,2017-06-16 17:03:41,2017-07-06 13:21:39,2017-07-19,56885c990d47feed3c93267cee4bd846,2017-06-16
8d6342c5d498f0042ad00193ce3038c8,e4fc1c835dd07f06ef7dacbd5f81fcbe,unavailable,2017-10-02 08:56:39,2017-10-03 04:14:33,,,2017-10-26,e49d22373ddc74c7c00f21bf987905a0,2017-10-02
4b6e439f8ebc7348898173190aec97e0,aaf20dc67023de7b3972bebe41ee09b7,delivered,2018-07-03 13:44:02,2018-07-05 16:33:04,2018-07-04 15:09:00,2018-07-06 12:41:20,2018-07-23,3bd8631b581ab05b791a8db95817d540,2018-07-03
6674020dce60ac29b7de0ffa6d2c34e6,7f84de4242b6904d52024a43b3c16196,delivered,2018-02-19 21:32:13,2018-02-20 07:07:26,2018-02-20 19:25:13,2018-04-17 18:32:01,2018-03-12,8f80dcd07df03512153467ec84c78329,2018-02-19
01bb52d7a8dffb8bef5b79268487cd10,28c250c622ecb0309adc441f549d9a0f,delivered,2017-06-06 12:54:19,2017-06-06 13:42:49,2017-06-07 11:51:23,2017-06-19 14:38:10,2017-06-30,49a8efac851377a035f6e206ea2d080a,2017-06-06
4b776c02a3be0e30b22a7e5ff6a72136,3de50cef5f608ce966220a332bafba21,delivered,2018-04-04 15:33:51,2018-04-04 15:50:12,2018-04-10 00:55:19,2018-04-13 20:48:34,2018-04-19,8aa91bd9d61152ee8167e620e58491d1,2018-04-04
94896a982ee16e53abdc889d32f289ba,e9afb35fd50cca0826a0dd50871d5308,delivered,2018-08-18 13:37:04,2018-08-18 13:50:09,2018-08-20 11:32:00,2018-08-24 13:38:34,2018-09-14,ea5328ebd6d11ae0f0633a5a92554771,2018-08-18
1072218ec4a811eca0a85325da45ac25,981e02a77d10b92a4a0eb3557906d182,delivered,2018-07-11 18:45:42,2018-07-11 18:55:20,2018-07-12 13:10:00,2018-07-13 15:54:50,2018-07-19,e1d928a9f5c4fe599e2418a0ce74d775,2018-07-11
bc792ace04233efedd8f161fb4b7b207,a480d7510ff88ed0d99ea92591143f07,delivered,2018-02-21 15:12:29,2018-02-21 15:30:09,2018-02-23 01:12:15,2018-02-24 12:08:32,2018-03-07,6f025f5d46df16f86dbd6d28c9795a09,2018-02-21
459c47b41c054e9dac96205be9ac9060,93a9facf901bff170e44b59fc32540d6,delivered,2018-03-25 13:22:27,2018-03-25 13:30:30,2018-03-27 02:24:35,2018-03-28 21:28:23,2018-04-12,603f63e323f678459ba8c1e3e783930d,2018-03-25
48e86fac091ccf24da8a7ebc63ec3111,ddab4bfc18971652ddc9d033e424af1a,delivered,2017-06-12 11:34:57,2017-06-12 11:55:13,2017-06-14 16:00:04,2017-06-26 16:39:50,2017-07-12,9dcd3d06dd06a98c6a13a9f8260d6172,2017-06-12
879875949eefeefb6dc391cffaa010a3,2840826c1d92fe0b6c3e79a4a68bff3e,delivered,2017-04-28 18:28:09,2017-04-28 18:50:19,2017-05-02 15:43:59,2017-05-09 08:46:14,2017-05-24,75cf2bb379c9454396cfe90a80e6e184,2017-04-28
92d8c82bf73dc132d90e6d3d176f33b4,23da49f483f692acf881d30a6f729736,delivered,2018-03-01 21:51:32,2018-03-01 22:10:28,2018-03-02 15:47:31,2018-03-13 19:32:56,2018-03-23,820e6e5444b863525398b0a5738cac74,2018-03-01
741bffa3ccd9486d8050c172ea085d43,feb0ec401c19c2f55e9a93280567ff98,delivered,2018-06-06 18:24:11,2018-06-06 18:35:09,2018-06-07 14:13:00,2018-06-15 18:43:49,2018-07-19,1c1a7c28b8fa21386a404a1a9a572a4c,2018-06-06
ef8e343c4abd7135c59d2a6179bd4351,e012c42980f243d89990940907be4fcb,delivered,2017-10-10 23:38:52,2017-10-11 00:03:48,2017-10-16 14:44:40,2017-10-25 19:06:18,2017-11-03,e6297bd675c065ccec8ea0b3140e6903,2017-10-10
6d634ac1e01a120c22e27efcba0a97dd,b3f70fe0a44778cf121e6536b2aa5d94,delivered,2018-05-16 17:09:54,2018-05-18 05:34:24,2018-05-23 12:57:00,2018-06-06 18:02:16,2018-06-04,1ea1e0acd2233a58407899ed25e9cc8b,2018-05-16
5de49d2694e14cb7d84e7131475e63b1,83b8264988c66fd059c5289c87e960a7,delivered,2018-01-07 15:18:02,2018-01-07 15:27:21,2018-01-08 20:01:42,2018-01-13 02:33:14,2018-02-02,22d2877b9ca5e488deee37db9028f56f,2018-01-07
abcf460ff11589e91290e8f95caeeef7,afc0bb207419f33368777e5258921f1b,delivered,2018-07-11 16:51:31,2018-07-11 17:06:11,2018-07-12 09:29:00,2018-07-13 17:03:09,2018-07-19,222ab849f57bc2b95a8c5b27f7604f71,2018-07-11
acb09adeef280bd9475bbc0fed1eb8ee,0de3df89f5aafcdb82290027e375d72b,delivered,2017-09-14 10:50:50,2017-09-15 02:10:45,2017-09-15 18:07:53,2017-09-18 15:22:57,2017-09-26,c7e75ac138d8dbdd7279cfc654a87374,2017-09-14
f4261614bd20d817d6bb3b181705d699,8a7bd75315cdfef62fd97d65526ecb9d,delivered,2017-08-20 13:37:28,2017-08-22 13:36:14,2017-08-23 13:47:27,2017-09-19 20:52:05,2017-09-27,fdd448b48290126d4a23dec91a35efe6,2017-08-20
2c6df2cdea838bd21bc2dc78dac3029b,1ac82e990f54a692a5bf3b92aa32311c,delivered,2017-05-15 22:01:22,2017-05-15 22:10:21,2017-05-18 11:20:41,2017-05-24 11:34:32,2017-06-06,418ee6e3b8f19158d67d5039f19783b9,2017-05-15
d961b0820bb2a8d47f4277d39ddf9efc,cae644882715eeb77677f6d9458ab35d,delivered,2017-09-26 19:28:45,2017-09-26 19:49:13,2017-09-27 19:27:41,2017-10-10 19:11:50,2017-10-19,8355aa2e2de76e0b1500e69adb2a99c1,2017-09-26
21139f7690512f960e095144356dbaa1,89e468d424e38a96a37874c45c663862,delivered,2018-04-19 06:28:15,2018-04-19 06:52:27,2018-05-08 14:04:00,2018-05-10 17:06:59,2018-06-04,fa3baf5e4ec577462a973b1e7809dd1e,2018-04-19
5e119c2064983e3218e5a34c5b54b2a3,f074977c5816f58f6178ba9a212d4d73,delivered,2018-08-23 23:04:04,2018-08-24 01:05:16,2018-08-24 12:29:00,2018-08-29 18:12:07,2018-09-06,0a0d53341312e66e04b930625f0b5dac,2018-08-23
8db7209b4e4d6b658babdeb4952b8328,8afc2e12c9663e6c26609864fd5e0a9a,delivered,2018-03-06 08:28:14,2018-03-06 08:40:30,2018-03-08 02:21:28,2018-04-02 22:14:51,2018-03-27,1f56d75faa1768d86795bb3d027e9afc,2018-03-06
6b7c8bd6aa5cfe7f791eb8caa3da1701,360045d44b7af38682e725c57ae565a2,delivered,2017-05-27 22:54:31,2017-05-27 23:05:19,2017-05-31 11:15:12,2017-06-08 11:32:08,2017-06-27,a37b9c0dbef8899d74b97531f2418a2f,2017-05-27
69b7bc8c7cc159eb5edc4ceb96b28c55,fb08ae08a633a43d908c5f80fdaa2667,delivered,2018-03-13 13:25:04,2018-03-13 14:31:54,2018-03-22 20:12:25,2018-03-27 17:57:38,2018-04-20,308481e4d9aa836155ef7979dcfb2e3d,2018-03-13
67c73223021cafc75df9335173151314,d91a0d822683606627c0694c208b90db,delivered,2018-08-06 14:31:24,2018-08-06 14:44:39,2018-08-07 11:55:00,2018-08-08 15:31:47,2018-08-13,370d03d053c21179153982555c9daf82,2018-08-06
6419e8e9d7f16635d9222eec191ce516,a7532e354c1895123fff8168ec3c3c1e,delivered,2018-03-01 23:00:07,2018-03-01 23:10:29,2018-03-02 22:13:08,2018-03-13 00:11:48,2018-03-20,11d2188ce598db142d37bc237bf3f291,2018-03-01
20e297eefc937e9b79e2cf97e9faddf1,12d0b91f6599ad6bd2e1ce29f0b221f3,unavailable,2018-05-09 16:39:41,2018-05-09 17:08:46,,,2018-05-29,05c8aabbcd0785f177ea403fa77c5204,2018-05-09
32f7f9fd01c6b5592202b48442caa441,db1f2c9256482f22307b39827a99f732,delivered,2017-08-10 21:05:35,2017-08-10 21:15:20,2017-08-11 20:48:05,2017-08-22 12:44:18,2017-09-08,aa591348866497ba6bf83de62e4f8813,2017-08-10
802d159a5a99085c8f291426f6ed7ea7,cf5b810e7cda8f5b798102195da70133,delivered,2018-01-12 21:57:52,2018-01-13 21:49:23,2018-01-17 15:13:48,2018-01-26 17:37:32,2018-02-07,910643cca3fe574589d1e0558f482ebe,2018-01-12
7374fa43431b3fcc18a164488c164d83,c8fcdfaaa749a779ec73e4f6d981faf8,delivered,2017-05-27 16:13:48,2017-05-27 16:22:08,2017-05-29 20:57:49,2017-06-01 13:17:37,2017-06-29,2cce7bcb57d96eb73eb2fa49de4ba2de,2017-05-27
f9701d96c7a213fc325f378bf83d3afb,2de94399dc30a8820e583410b32a9552,delivered,2017-04-08 12:53:00,2017-04-08 13:10:25,2017-04-11 14:28:42,2017-04-17 09:10:11,2017-05-04,d13888c9f9abaf080922c873924b46b4,2017-04-08
6d97e3d5d9043bb4fa4f8fd0b4d9f230,b2ba171781b90a99f8256ea5f0d6cfd0,unavailable,2017-09-20 15:01:41,2017-09-21 03:04:43,,,2017-09-29,a90a584ee146a7d150651b37c0c635f4,2017-09-20
28e69219369607a9fc2403113041677c,ac4e47076dd4ea31cfd3782f763461a6,delivered,2017-09-23 09:42:12,2017-09-23 14:30:11,2017-09-25 15:23:41,2017-10-02 17:41:47,2017-10-25,db1383ec20ebcf3d89fcc23c709493eb,2017-09-23
cee5a8cb995db00cc6582d61fb8f63f2,62b72e95468d22e1fae1192997adf341,shipped,2018-04-19 10:15:22,2018-04-24 18:44:23,2018-04-24 22:28:48,,2018-05-08,d98be010bc64b96129c1394bddbac371,2018-04-19
2f2dd59794b2eb30ba4aedc5dddd94c2,a39b1f21681a5f51ef0a0eb687254356,processing,2017-09-18 15:15:52,2017-09-19 03:55:22,,,2017-10-11,e6b7b590f9ed67d6a70419374e449878,2017-09-18
11c5dd2ae28c08beae350a88aa490d94,e608d750256e65c6b4f434ceab5dc7f7,delivered,2017-11-25 13:56:37,2017-11-25 14:16:42,2017-11-27 16:18:25,2017-12-07 20:37:10,2018-01-24,be01a5d9de2c567cef84dc1528fa4007,2017-11-25
5bda85803d5b100f4a2c1aea2f89c40d,ad6c8f1dafd59a1fee2c1c82b110a67c,delivered,2018-07-03 14:45:18,2018-07-05 16:23:41,2018-07-05 15:07:00,2018-07-06 20:58:48,2018-07-19,0e43ad74875936e30430aa01ff8af63c,2018-07-03
302bb8109d097a9fc6e9cefc5917d1f3,22c0028cdec95ad1808c1fd50c6e9960,delivered,2017-04-19 22:52:59,2017-04-19 23:05:12,2017-04-26 09:43:45,2017-05-23 14:19:48,2017-05-18,a6e7a18b4177a30844f7b0158cb9d6a7,2017-04-19
36b1f4e20647a8599217e502c9ed45e0,3bd9cab16ac6be6b2cf08859994a06e3,delivered,2018-04-02 19:44:20,2018-04-02 20:09:29,2018-04-04 08:33:58,2018-04-07 16:39:22,2018-04-12,3baae02c3b608a48d1dfbb678fe30d3a,2018-04-02
e0751bde470ca1e50b59a49b0d3d8fb6,b707c00f30ee3374f36cd70fb524625a,delivered,2017-11-17 08:47:34,2017-11-17 09:06:57,2017-11-23 17:43:01,2017-12-12 22:54:44,2017-12-11,68b918bbdd74845d1c7045ef16b0bbe3,2017-11-17
094af1d0ffa8afa4ddce0e4892491313,c743dace5b15ed39b17b44dc5ad44023,delivered,2017-04-06 17:01:33,2017-04-06 17:15:25,2017-04-07 09:59:07,2017-04-11 14:42:29,2017-05-08,9ca02217ef5f69e71ae75b08ea605666,2017-04-06
2db72c1513eb12a34d183d40a7291014,9691726baec5a32ce2780c8a4f40e0ad,delivered,2018-02-18 06:27:27,2018-02-20 07:15:38,2018-02-21 20:46:58,2018-03-12 17:48:31,2018-03-19,1633464fec5a0704d0d5a6de2cbf8d17,2018-02-18
f4cff4fb06f75d3b4ecebbc7e42fbdcb,7a403a66566f05868f4ace82fd9c8cce,delivered,2017-07-30 00:48:35,2017-07-30 01:05:12,2017-08-01 19:03:09,2017-08-10 22:12:26,2017-08-11,e0d043fa90b93f86d78ef1ca5551caf8,2017-07-30
5f0b0411ca9f0f3502f937000fcb1447,6c11f829f63b1bf47ad07aae66f314d8,delivered,2018-02-03 22:10:39,2018-02-03 22:29:36,2018-02-07 21:36:38,2018-02-19 18:28:39,2018-03-01,7b78bcad0cf93062cee9288b952533fc,2018-02-03
1349d7f4ec671ded42f2360828965692,a9568489e5db4fb0153e27a71f4bc3f5,delivered,2018-07-18 07:41:58,2018-07-18 07:55:15,2018-07-18 13:43:00,2018-07-23 21:39:38,2018-08-02,070acf4df1234a6257809e4e79644481,2018-07-18
a5a6776969179ec8c6942c432d35bf3a,365b271927c18b2fc6711b435b202a9e,delivered,2018-06-17 01:20:47,2018-06-17 01:38:39,2018-06-19 16:32:00,2018-06-22 14:48:38,2018-07-17,d76b4dc3d5d3c24e7ef954d4d78f9a6c,2018-06-17
016b451bbcd4f0766dcbeb082cfe89db,24b3827e65cf09e06d6510524822749c,delivered,2018-01-09 11:25:46,2018-01-09 11:32:33,2018-01-11 22:34:25,2018-01-19 22:47:35,2018-01-26,d7a7eaae05afd9cb00a7e5378dbae99b,2018-01-09
544bad401327a8f0de6786c7ccd73c8b,3663cf3c9fafa9cc511c4d990ea35326,delivered,2017-04-30 19:25:23,2017-04-30 20:00:07,2017-05-04 13:14:08,2017-05-17 15:32:56,2017-05-23,e80f396188991ae350a0c187e8740e97,2017-04-30
626ac0ce1580c1c2053b90b0d317f56e,28976f318be6fab13ebd08f99ad7dc3f,delivered,2018-07-23 18:49:06,2018-07-24 10:31:13,2018-07-24 15:01:00,2018-07-26 21:19:03,2018-08-10,5b6d9e07623d590dc2bca9d345e04072,2018-07-23
2e1f1b86124165634a36f9954e368b49,a35beaf9fec4fbac71efd9a2cd849683,delivered,2018-01-14 19:16:48,2018-01-16 03:38:40,2018-01-17 14:44:22,2018-01-23 17:32:25,2018-02-06,7361b4cce726b898deb902ee3fe27f28,2018-01-14
dbb7ef401708307dfd5ddd090eef26e3,ce789ca36ce4e7afcf929060781eb11d,delivered,2018-04-11 10:45:53,2018-04-11 11:10:33,2018-04-12 15:07:34,2018-04-18 21:34:40,2018-05-07,0322205ae7f3e00296468376610bc74d,2018-04-11
aa20a93ef3a47575823a475a8dd8399d,7a37b4155f68fadf391ca54d5ac9b719,delivered,2018-06-26 19:22:37,2018-06-27 19:30:21,2018-06-29 14:12:00,2018-06-30 12:22:03,2018-07-13,92c661ade97ce3bd31ae6d1da2b65eb4,2018-06-26
aed8a6355c72e229dbe6db611871f210,aa8825bc17f2b9387c3a0e0b2016f1dd,delivered,2018-06-22 14:31:06,2018-06-23 02:36:08,2018-06-25 14:17:00,2018-06-29 22:12:04,2018-07-16,ee2aaf59280b2b6c1e4bc11f88704391,2018-06-22
f4cf82130999a9a2f355fbe489c9f548,60441eb9342fee9c5ac1de4fc618592b,delivered,2017-06-23 12:24:14,2017-06-23 12:43:43,2017-06-26 18:04:47,2017-06-28 11:44:40,2017-07-06,7446cc3ba8fc5a1945175219514be4d6,2017-06-23
ef98e7a4267aa4457be7a1d9f8f8fa4d,d1756a94888f6544a8f726df44233c07,delivered,2018-03-15 14:49:22,2018-03-16 14:49:52,2018-03-16 23:48:40,2018-03-29 19:28:41,2018-04-12,2dc1f0328505e1db9aa4878e443692e9,2018-03-15
3d4747e5a741a90f0c60acf8ce8399a2,8880c936aea2e82a4b0ecda6f684b610,delivered,2017-10-16 22:56:17,2017-10-16 23:14:10,2017-10-20 21:48:49,2017-11-01 15:46:48,2017-11-06,9f18b0ab8a528588dfb698f392a55e98,2017-10-16
05529f3e7ed5cd4214281f2bf60e89d6,a9b2a6199654f4da4425e9c820bc57e2,delivered,2018-08-01 17:34:06,2018-08-01 18:20:05,2018-08-03 14:30:00,2018-08-17 00:14:35,2018-08-27,45cb7a0ecc2e6dc9c3e204f0bfa8454e,2018-08-01
c4e337a93ed5684e96de89aec8e02625,4f86c0e6b849509ccd3f8314c3c6bdf7,delivered,2017-08-12 22:26:29,2017-08-12 22:35:20,2017-08-14 18:47:50,2017-08-21 19:20:04,2017-09-18,6b6b1f0c96816bb7327a03cf006811be,2017-08-12
674e1f5ca0441058cc7fa110cb4f49eb,2eed99ae1020bfd0ff6ee54d3d547ced,delivered,2017-03-04 19:42:06,2017-03-07 04:23:16,2017-03-30 16:39:47,2017-04-01 10:07:57,2017-03-23,cc79f90b8dfa32efcbe8ea65c6a73dea,2017-03-04
68d9dd6e86cca6554bed81e921495cfc,20c821b095f48bc4d9c684592ec44357,delivered,2018-06-10 13:11:49,2018-06-10 13:37:01,2018-06-12 08:43:00,2018-06-14 16:12:34,2018-06-20,97ffc2a068683682cd75484bdb8df6fb,2018-06-10
cc72e34236e519ea8144e041bb5fd133,95dae130fb66764ddf9b336eb1620d9f,delivered,2018-05-01 12:24:22,2018-05-02 12:15:20,2018-05-07 08:37:00,2018-05-18 14:04:15,2018-06-12,4990cf097332c6c25b6679087237f7c0,2018-05-01
e4b774f7fa2c4ce8052731dfeb5cc3f2,2947d4dbc02c7525870063dffc24b79d,delivered,2018-06-26 19:26:13,2018-06-26 19:35:26,2018-06-27 10:17:00,2018-07-06 12:38:57,2018-07-26,347d5325d017b14e87632b4e0c7c3a7a,2018-06-26
2da8623704f2a31c2f57526043b28458,ca95eb21df668f8ccf2e9f213b9527a5,delivered,2018-05-21 13:28:16,2018-05-21 16:14:24,2018-06-01 13:14:00,2018-06-02 12:41:00,2018-06-22,c16948c2abc51af80a151392f718e895,2018-05-21
6319539d7990a9ba049730057b2612de,ee065ee29b53ebdd9e1c8811ab03b564,delivered,2017-07-22 18:14:01,2017-07-22 18:25:16,2017-07-26 01:04:19,2017-07-29 15:03:19,2017-08-17,85f3facff98f4dea43b15629933ca91d,2017-07-22
a364e56d89333e08e04192bec1549d8c,d65542dc714aba9e160f49af1f888a50,delivered,2018-01-23 19:15:24,2018-01-23 20:03:53,2018-01-29 13:45:04,2018-02-05 18:07:04,2018-03-01,8c6bcda1dbae43505f9983de1371d762,2018-01-23
346fa124d404d88a793438c41f21932b,331c5690c13e397b0e1fb1fb407c4f9f,delivered,2018-07-22 00:51:56,2018-07-23 11:30:58,2018-07-23 13:19:00,2018-07-31 17:34:50,2018-08-22,9604f001b227d66379f0fc355985ac34,2018-07-22
3174bfd4f0c9460d4299aa633bac43be,7549b10af4bafe80999f1b8024cae4d6,delivered,2017-09-21 20:36:42,2017-09-21 20:50:10,2017-09-22 14:53:49,2017-10-02 22:07:08,2017-10-17,150100a81e2fb3390928b137c8f289f4,2017-09-21
bb18e3fd27d453f8966cc3b57c5b75f6,4e91e8b56d8681a7002d2487ca151c92,delivered,2018-06-14 16:20:35,2018-06-14 16:58:19,2018-06-15 12:36:00,2018-06-20 12:16:55,2018-07-16,cf0bb203e30cd0e0a63bb92a37cffb3c,2018-06-14
210cf7d3028086f57d41f03d2a240390,f17cb09a8980e4f5a0a6b4df4707c089,delivered,2018-04-20 17:03:32,2018-04-24 19:28:54,2018-04-24 17:04:19,2018-05-10 20:52:14,2018-06-01,5758384c0722e1c8eb62d128a9cf56d3,2018-04-20
9125faac1b379b7b9ab4665189739e31,e181c405b2194c93d04a3660b222a8ca,delivered,2017-05-10 15:24:16,2017-05-11 13:15:15,2017-05-15 07:16:59,2017-05-24 14:17:46,2017-06-08,fc1a7488fffb57771bc202aad56bb74d,2017-05-10
69ab938f05d407e090b2620357ad4103,72956390716211e7146aed258c16292a,delivered,2018-02-14 15:13:06,2018-02-14 15:30:37,2018-02-15 19:08:38,2018-03-19 13:48:42,2018-03-07,e7d9a6b4c9bd10f8881fd29f0fb8ad01,2018-02-14
2a92c65417d964be9448faf2f572bbf7,9a9b364badad4eae84ed0f6e0e0fb7d4,delivered,2018-02-25 14:45:00,2018-02-25 15:07:38,2018-02-27 04:11:47,2018-03-29 14:54:32,2018-03-26,a9b8e114e8bd0d2f91910b31d9599a57,2018-02-25
002f98c0f7efd42638ed6100ca699b42,75fd1fb0bb511fc71ac2b2649c02b21b,delivered,2017-08-04 09:19:10,2017-08-04 09:30:15,2017-08-04 18:09:47,2017-08-07 19:07:30,2017-09-05,2e875ea57961ad115cec13fef0920ae6,2017-08-04
06d74ea6a80deeb7e69a3b1d5bfb9585,d7fc0a0ddd02070c8be5d906af2b5ded,delivered,2017-08-27 11:31:11,2017-08-29 04:35:50,2017-08-29 19:00:20,2017-09-04 15:33:58,2017-09-15,544654b8a6b602ab20d4440f0dacc6ab,2017-08-27
f3955393cd2c16c9fb4d96a3013d4adb,21520252cd5f078e780fa9d19b5742ab,delivered,2017-11-11 12:32:39,2017-11-11 12:50:26,2017-11-14 16:08:35,2017-11-21 17:53:08,2017-12-01,81d9eb8f254b31e3206b5ca7da7f8663,2017-11-11
a3edebd7492a607266af222e43e6cbc2,8f9141079392b07ccd5c74727132d89b,delivered,2018-01-31 17:01:42,2018-02-01 02:52:08,2018-02-02 11:52:35,2018-02-20 10:52:43,2018-02-23,565482c4a27a7c7f86870a5ab4ea0a85,2018-01-31
f2b9ba22ee2c63afa897fbd904851168,768233c1b23f5b36d4c6ade6538027f6,delivered,2018-03-29 09:28:06,2018-03-29 09:47:53,2018-03-29 22:11:40,2018-04-02 21:46:39,2018-04-11,7143f32c2c579a69f1b6a8df6150e777,2018-03-29
f65ca26881ac6c0ef00ce00baf3d157b,f6fb5f14fdbebba18783eb0e9be41669,delivered,2018-01-06 08:13:47,2018-01-06 08:27:39,2018-02-09 12:56:00,2018-02-14 19:41:34,2018-03-07,3306ce16186d1c3938adbfc02acae631,2018-01-06
94f522c26f2681ad053b999e34e7b317,fd92e79c1dfcd1ddae4d4630fef5bb7e,delivered,2018-03-04 16:17:17,2018-03-04 16:30:33,2018-03-07 21:27:57,2018-04-05 22:16:26,2018-03-26,c49c236a96f8e5b983ce6467af4317b9,2018-03-04
616349dfee9e27679881b25bfc3af335,31f925b24ebb6e23fb255f79e4c74b81,delivered,2018-02-22 00:41:09,2018-02-22 00:50:28,2018-02-22 22:22:39,2018-03-30 00:48:24,2018-03-15,0e730550dfc5d7f1cea73484bb2e0249,2018-02-22
0d6350e1fa2acb1318e3a53d52333e25,3540507264d3464eff1ed1be3e92c502,delivered,2018-07-19 22:00:14,2018-07-19 22:15:14,2018-07-20 09:28:00,2018-07-25 12:05:18,2018-08-06,c4c85e60adccaf6b8ccb7ff2701f2e36,2018-07-19
60e233aaaa492c07368a9bac1c0ee2d4,0c7bb23d01c5c4c485b8967dbacb97b1,delivered,2017-10-09 19:26:58,2017-10-09 19:42:20,2017-10-10 21:42:33,2017-10-17 15:03:55,2017-10-26,c490fbdee711156dcb40d434330896cb,2017-10-09
f5763c685bf8e3a552c2fcaa60aaa868,482de42da07b82da35bb97fe0c99bd09,delivered,2017-12-01 10:06:23,2017-12-01 11:31:54,2017-12-04 19:48:51,2017-12-30 12:35:05,2018-01-03,f40ecb069c4acc54019e3912a48c21e5,2017-12-01
adea49c55eec4c7af7b2cf7ba506d874,c74986f39d4600fcccc1a012403bbaa0,delivered,2017-08-17 01:47:23,2017-08-18 02:30:33,2017-08-23 21:16:37,2017-08-28 11:49:45,2017-09-14,ab42daa0e23e5cab504e10e72209f085,2017-08-17
13d37da7780bd1fb1eca0512a3e75f00,374f2849c1f5b32e29c9f7e2712c55fa,delivered,2017-12-05 08:38:22,2017-12-05 11:03:31,2017-12-19 22:03:24,2018-01-11 00:20:20,2018-01-04,2f2cb44412b6fab757a8776fa3a3fe6a,2017-12-05
0452166f3b0d8e378179ecea1efdfe05,f9ea98973ad5377b86d588b734afda06,delivered,2018-08-10 11:25:41,2018-08-10 11:35:23,2018-08-13 15:13:00,2018-08-14 22:44:56,2018-08-16,454426cdbe8229d900b78aa314e386ba,2018-08-10
ceed776cef69730e986a45c5051fad62,baadb98b0e4653b29f6408c9dd65d544,delivered,2017-05-04 20:45:30,2017-05-05 20:50:15,2017-05-09 10:50:13,2017-05-15 19:23:03,2017-05-29,de821059d96fe9cd40fa185083d065fc,2017-05-04
44aa65e291ac11fe59f9f4b622c408c8,d258e855035fb7cfc8a3251229cf0e0a,delivered,2018-04-01 16:51:42,2018-04-03 05:35:18,2018-04-03 22:40:38,2018-04-17 22:43:31,2018-04-20,5eccc58e102ec16e965a9f1c1c36c663,2018-04-01
8218c35b370a39df1a636efeee72a6b7,0d9f1ec8ce764e4b5cc17969cf9f6984,delivered,2018-02-21 01:28:02,2018-02-23 02:15:27,2018-02-23 22:15:44,2018-03-02 22:07:27,2018-03-19,c939b3e07fdf6ae8ff15df63db12e56f,2018-02-21
d9626ceed1048372a97bb68643b58410,c0d01003d19b83d49072648e2a7c030d,delivered,2018-05-18 11:40:47,2018-05-18 12:56:31,2018-05-21 16:12:00,2018-05-24 20:30:43,2018-06-06,dc6ea62ccecc42e56a61bafe0587d9a9,2018-05-18
ef71baaa81b69c4e549f11776ec90f97,adc59391390b3e7f83ce94f8615a555c,delivered,2017-11-02 11:28:20,2017-11-02 11:45:44,2017-11-03 19:18:05,2017-11-16 18:36:43,2017-11-28,bfb4ff02bbd5e54a6a855c1809b42acc,2017-11-02
b4587793077c17563480c33e3afa4786,f115c9fb49045355c502f201e83f432c,delivered,2018-04-02 13:24:38,2018-04-02 13:35:21,2018-04-03 22:48:29,2018-04-04 15:38:37,2018-04-12,da50337a5fb6694f66d5dabc0b5b2b45,2018-04-02
a005841d24a8532b663e347f1237ba30,966ae20cf540b0d81b6d50024b543256,delivered,2018-01-14 14:19:02,2018-01-14 14:29:21,2018-01-16 13:37:15,2018-01-25 21:42:55,2018-02-16,76a0491dd70c125840fa259f00dfc351,2018-01-14
bf941d5fc1bc7b644937b66246ad2150,fdb7df20df882fb648837ef2a96ff36b,delivered,2017-09-29 14:22:14,2017-09-29 14:39:02,2017-10-03 13:46:47,2017-10-14 12:21:41,2017-10-24,bae1f64666b64b2d299b4a075be6b2d2,2017-09-29
d226c6a38313ae07e11b12bad9adb222,f7bc089803fdef571f770ab60bbb8745,delivered,2018-02-05 23:24:02,2018-02-05 23:35:23,2018-02-07 19:57:50,2018-02-20 15:45:11,2018-03-07,701ada356e78d72bfd5b279280762b79,2018-02-05
2b3304ab62fd327fc4b24976e5ecfbc8,0efe3b60beba60a95722e85d02b73533,delivered,2017-04-29 14:34:42,2017-04-29 14:45:15,2017-05-02 20:25:58,2017-05-15 10:06:30,2017-06-02,3430a6a9a12567954dd8f1f73d01b62d,2017-04-29
23df618cc33c091a2663120f9de8dbfd,efbac5d10fdb11e07b78409fd8fddb45,delivered,2018-05-24 13:27:00,2018-05-25 02:54:56,2018-05-25 11:48:00,2018-06-07 21:27:26,2018-06-18,641729a1cf61d2c021815d273d42fb74,2018-05-24
8ef9b1e6158c40ee1a00338ed432d6f4,c35131c89c7ed378ee2b8380276f1573,delivered,2018-01-17 16:45:31,2018-01-17 16:55:03,2018-01-19 18:51:38,2018-01-25 21:28:46,2018-02-07,7fe9b383e5704af9cbbf1fd7d017156d,2018-01-17
eaa57ad5c8ee40c146f63a96ebe98295,425ddb100014d475ae084ca4ff77bf34,delivered,2018-06-13 14:35:29,2018-06-13 14:56:55,2018-06-14 13:01:00,2018-06-16 17:51:37,2018-06-25,10e0303bcd60f3f5c634b66658c43a8b,2018-06-13
845c454659dd4b14bf2cad50319cb032,b1161707c5b3711b7cf6213c114c91b2,delivered,2017-02-18 13:14:13,2017-02-18 13:30:13,2017-02-22 12:58:58,2017-03-20 14:08:13,2017-03-31,650dd69e8e20391188d727da3599e9a7,2017-02-18
3446075ceaabd2c708b0108c2f4da282,0d547bb38359b0d6a8b6eaacf2905aab,delivered,2018-08-06 19:21:58,2018-08-06 19:35:17,2018-08-07 13:34:00,2018-08-11 12:22:25,2018-08-17,f365500fd9aaf7bbed4c5023c821eda2,2018-08-06
ab89bb6e241707c49c90cddb12809696,b48d1ddfcc65853c958c64994c693714,delivered,2018-02-13 20:04:05,2018-02-13 20:15:35,2018-02-14 17:29:40,2018-03-07 18:29:01,2018-03-14,08ab626822effc1d98b7b50a7240381e,2018-02-13
182b04723eb5306a7d96bdec43fbd51e,3c0484744c9b3a3d7af35aa68c25a7cf,delivered,2017-11-21 11:09:45,2017-11-21 12:01:10,2017-11-27 18:13:24,2017-12-05 20:07:50,2017-12-15,825b9c9df57135f43fd663d46f0a8c4f,2017-11-21
b482da27c44f99cbb2c11a278ba31d6c,f491152c7facec74ef5e4cc2e7f86fbe,delivered,2018-08-06 12:35:20,2018-08-06 12:45:24,2018-08-08 12:58:00,2018-08-14 18:36:53,2018-08-23,d3952708a343bc7ca790113ed639b79b,2018-08-06
fc2f2ef49d2a1e5465fe133f1c240324,b28341d29236a550d729f6f74aff6474,delivered,2017-10-26 11:29:06,2017-10-26 11:47:13,2017-10-30 17:44:03,2017-11-06 20:58:36,2017-11-24,6ee2f372a155168cce58851120d3355c,2017-10-26
e175b8edb692594c903e6a020fe94d8f,96456ec75560f2ec10bad6ea8f497247,delivered,2018-08-24 18:26:00,2018-08-24 18:43:57,2018-08-28 11:32:00,2018-09-03 18:18:49,2018-08-29,f0347c282b3654c9a42bc10bbde1912e,2018-08-24
2af88e292104c45837ffce587530757e,1e2624f5ee714374913f28e768ed0f60,delivered,2017-06-01 15:15:58,2017-06-01 15:25:14,2017-06-01 15:38:55,2017-06-09 14:03:49,2017-07-07,5aaa50ef35dab9710bb7e8aa411f388d,2017-06-01
4dbffcbeb7412cf8ebcbd77a6f0b64b6,291ae85099302fb8d13e152abecc5691,delivered,2018-05-02 16:32:04,2018-05-02 17:32:08,2018-05-03 11:26:00,2018-05-10 20:52:46,2018-05-22,525b8e6fa72c37912e8f77312abd8591,2018-05-02
ef619b0959105492c5adfe3ba5a2fb9f,ee21cabc2fbf0d2b8f7d85d7312302fd,delivered,2017-12-12 15:26:09,2017-12-12 15:50:41,2017-12-15 19:21:49,2018-01-03 14:02:57,2018-01-09,11ebea68a1046fa3268cb278df2c4f31,2017-12-12
a836557bd25acb961f6381da4f877fd0,10c9c37bffaf8c3b0d16ba1d3f338ca9,delivered,2018-04-04 12:36:36,2018-04-04 13:09:54,2018-04-05 18:33:36,2018-04-18 15:32:19,2018-04-20,f0de20dfa8c975f524fadbc8c7b53254,2018-04-04
6a9325a3dbac8069159db1f701f548d1,74d5d9bcc8e0bcc424974010327b7376,delivered,2018-03-28 15:07:06,2018-03-28 15:15:25,2018-03-29 00:32:06,2018-04-11 20:58:33,2018-04-23,661b02fffce838354a8d1b32fed65757,2018-03-28
04276973bd289a01c0eb40a277fd919d,b1925af54f5dbae53bb849ba9fcd1507,delivered,2017-07-22 16:31:58,2017-07-22 16:45:15,2017-07-25 12:28:22,2017-07-28 14:09:14,2017-08-11,655b447df385f592de5ef331898d6a48,2017-07-22
b5292e949af082478a408f61a52eac5b,2253f352d1652c2309a1f1287bc3e740,delivered,2017-04-22 18:37:44,2017-04-23 18:42:40,2017-04-27 08:40:02,2017-05-07 11:41:12,2017-05-15,71a06ac25e00c414c23e1cd105a2b1b5,2017-04-22
73d4b4454cd4c30761c0aee44ba1f1d3,0359e57f5d0093284997d0cf36a75e7c,delivered,2018-05-13 12:51:15,2018-05-13 13:11:59,2018-05-14 09:00:00,2018-05-17 16:28:34,2018-05-22,a7642c8471382f961b102650dd020294,2018-05-13
f304e3c6d822b7221cb9df972c3ecd4b,101bde446b970893ef813dc3e88658a1,delivered,2018-03-14 12:53:33,2018-03-16 03:50:12,2018-03-19 23:03:06,2018-03-21 00:08:29,2018-03-26,52327e23bc5c8a9564962854d49b38a5,2018-03-14
a5d877aa32a04e227c66539c822988d5,bb8835803af8ffd7ee6dcc55ea6fcc3e,delivered,2018-03-19 22:03:00,2018-03-19 22:15:47,2018-03-21 19:06:42,2018-03-22 20:59:49,2018-03-29,1a60b48412de976745a42176416c1c7a,2018-03-19
2cbcb371aee438c59b722a21d83597e0,559885225f11e9c1af7436a3fa2b58f2,delivered,2018-06-26 22:33:55,2018-06-28 00:35:08,2018-06-28 08:12:00,2018-07-03 06:57:53,2018-07-17,c6f473df3a3442b2c28184fd9b91345e,2018-06-26
ab1cc49978a6bc3ae6e76e0d98f5886b,e86aabf122bf269f6a73ef1631ea593e,delivered,2018-04-27 11:01:50,2018-04-27 11:15:35,2018-05-08 13:40:00,2018-06-04 19:03:21,2018-06-04,264f33eb52366d6efeae97a7de43a1e6,2018-04-27
acfdfe594c452da60406c0a9a0a3d97d,27c90094367caa279beaf6f6e0eb3332,delivered,2018-02-03 19:40:10,2018-02-04 00:09:45,2018-02-05 22:34:03,2018-02-14 14:17:24,2018-03-08,50a06b6969102ac78482e07852b5de59,2018-02-03
9bc9e123b2d0de667a9468b65648ab73,aadba4edfc93de05c1142e39db3eedbc,delivered,2018-04-30 16:50:42,2018-05-01 02:52:55,2018-05-07 15:19:00,2018-05-10 00:54:33,2018-05-18,cc01683ca3f5fadd819ec762f7f1252c,2018-04-30
bb924cd9637a232ef014f73d9b3ecea4,6b824092332e6cc8333316b0dd3ffc63,delivered,2018-02-09 00:48:30,2018-02-09 01:08:49,2018-02-15 16:43:01,2018-03-01 22:56:35,2018-03-09,211bd54cbf96b19fa216983d51bacdb9,2018-02-09
3fa77b110b9ab22eac07c61566e1370f,72f7e1911ed992b03dcaab4c0edf7e1b,delivered,2018-06-27 21:35:28,2018-06-27 21:51:05,2018-06-28 13:36:00,2018-06-29 17:18:57,2018-07-12,e338b0b74ad651688b815dbbd8c4a965,2018-06-27
417575a363d3c393c6dcfcbbd67890e8,6f08afe6208e54d048a3fc50e512ac7a,delivered,2017-08-26 15:59:53,2017-08-26 16:10:20,2017-08-31 18:37:41,2017-09-11 17:55:13,2017-09-19,24beffe154cc4568bcfe9a4c27cabf43,2017-08-26
99a05d63022ee050d8ef1d1cd84238a4,bf3c4bc3c6e3449e9669d54294060590,delivered,2017-08-12 09:22:57,2017-08-14 09:23:52,2017-08-14 19:38:14,2017-09-19 13:40:07,2017-09-28,0cb82f96265f91a6d022ce6a3f62dcb2,2017-08-12
2a4315659861a015dd1f56bc705121d9,bc384df13ace1001c894117989ccfeac,delivered,2017-11-24 17:18:38,2017-11-24 20:53:53,2017-11-27 22:32:35,2017-12-11 18:33:16,2017-12-14,984a6fcd52c0f2ead062016550a21ca1,2017-11-24
0fb2f8a7178bc3a3ff6a1812f99a78bf,6b51e8782a01e0aeb45cd6f0b1cd4681,delivered,2017-09-23 12:22:02,2017-09-26 03:28:24,2017-09-28 17:25:12,2017-10-03 16:47:38,2017-10-18,c47c38aac46aee74dc84ab400dc6f222,2017-09-23
f86643e121f874b9e8e2223a04c79433,e551243e032114d31747d08408a73bd2,delivered,2018-04-26 15:34:53,2018-04-26 16:55:27,2018-04-27 13:34:00,2018-05-02 17:27:55,2018-05-24,b8a34259cb2100a642a2414734eaecc9,2018-04-26
33c395f5b7eaa637304434e553d45cf1,6964f3f60ad8c5ff9e3ff42d8747fbe3,delivered,2018-06-19 16:41:53,2018-06-19 17:05:08,2018-06-20 18:24:00,2018-06-28 21:28:58,2018-07-13,b8ca1e3838f1d2dd740a03128ba1b2ae,2018-06-19
a97107c0b3df262ab4454ad8c3a91d0b,99b953de8aa524974325fcf9b67c1d9d,delivered,2017-07-11 15:16:19,2017-07-11 15:30:07,2017-07-13 12:44:38,2017-07-17 16:22:36,2017-07-31,647f51639d03ce7ddbbc5c77efb6daf8,2017-07-11
1c79b6d729e3237f640dcf981b468fe8,fddf6ff3164683f459bcb89084c02e0c,delivered,2017-05-05 17:29:29,2017-05-05 17:35:21,2017-05-15 12:08:29,2017-05-22 08:37:52,2017-05-26,f633e7883bdc3236042f72e26e3aa7be,2017-05-05
434f7a628e876492870a0849b88e007a,99174f8fd08e1daf113666a2ad3383d7,delivered,2018-06-23 08:37:35,2018-06-26 05:12:46,2018-06-26 15:53:00,2018-07-03 17:41:58,2018-08-01,248c08a4db07e08b2ebca9196b69570b,2018-06-23
907d60e687ca48a571844a50f21ac995,559da40e28e7541e69053dcd7584946d,delivered,2018-07-16 18:23:19,2018-07-16 18:35:08,2018-07-17 16:00:00,2018-07-23 19:44:48,2018-08-07,f7bb1f3e1c7a97cf2498bcccb66a76c8,2018-07-16
39c1a4a89678bf3fbbcaa3719ba937dc,2d2c4e5a4b0840c87a09fb9ecc7ef144,delivered,2018-02-11 23:27:18,2018-02-11 23:50:36,2018-02-15 19:25:02,2018-02-19 20:11:38,2018-02-26,23b38ab82b8bcb3dad15aa9140ed82af,2018-02-11
91ce1f474cc41b0c5317e79388fe50d5,539d8feb518ae3873de2b32e491ae05f,delivered,2017-12-26 16:53:46,2017-12-28 02:35:49,2017-12-28 23:18:42,2018-01-12 20:52:16,2018-01-30,80c4f7a937cdfc17cbf34d76ea7df26a,2017-12-26
92bf118ea3ac10a83a254fe7246825a4,59d23acdbb3055458d86a0a379571d00,delivered,2018-01-03 09:50:09,2018-01-03 10:31:10,2018-01-03 19:04:18,2018-01-11 18:43:07,2018-01-31,8b953dc2d362eee6fa5f467ffd36001f,2018-01-03
37467cda81e62d78bf86acfaa7d9b030,a9d80d8258270aa25541958f8c3904f8,delivered,2017-11-14 22:18:48,2017-11-14 22:30:24,2017-11-16 17:14:59,2017-11-29 18:48:52,2017-12-13,239eca76b80e32a2d564284842d7ba44,2017-11-14
2b201a0bd7f6b90ccfe1b70c2124d631,c29945462273179c02e7f3066fab959d,delivered,2018-08-01 09:06:31,2018-08-01 09:24:06,2018-08-02 06:53:00,2018-08-07 20:58:30,2018-08-15,ae143f4618bf2d86ddf26f0a531f9b14,2018-08-01
d975f03243bb4cacbbbdab1631466bf3,64df3de02072f60c9f69e37c4f046e46,delivered,2018-05-14 12:20:47,2018-05-14 12:40:05,2018-05-14 15:15:00,2018-05-15 19:28:52,2018-05-28,52688afaba12df19fbdfeff22f6d2300,2018-05-14
c78b7d2ec9206abfd9d1853a97deaa07,9f32bc5bf706650e3d9b5b10a200945f,delivered,2017-04-22 22:48:28,2017-04-22 23:01:29,2017-04-25 09:59:13,2017-05-03 12:32:50,2017-05-30,4f8704b326e108bdae78faf717f991ff,2017-04-22
5225b8931d3158e7fc05b75d6f48ff99,ee553368eb5e7dc11f3d2c201ba81668,delivered,2017-09-06 21:43:47,2017-09-06 21:55:20,2017-09-08 18:14:38,2017-09-16 12:28:52,2017-09-29,322b98fa9ce8053bcbafef6c911d9a2d,2017-09-06
ede7a83eecd35db0e8db274811529d98,166e5d30f99819bb69c7803bf33923e0,delivered,2018-05-12 09:33:55,2018-05-12 09:54:29,2018-05-15 14:27:00,2018-05-21 17:25:38,2018-06-06,7a43cf5e239497c863cc71711981e179,2018-05-12
b255b9e7f77b7ae98a87260441d2905e,39460044c9b69c9585a64fd8f28f5904,delivered,2017-11-16 17:01:39,2017-11-16 17:11:18,2017-11-17 18:19:32,2017-11-21 18:54:39,2017-11-29,ba7ab98f6f77e33780b056ae1c3f1518,2017-11-16
3b81643b1ae987887152ef3e6ce0d989,16775472feb645411aba12f5e7a68b38,delivered,2018-04-03 22:25:33,2018-04-05 02:15:30,2018-04-05 17:52:49,2018-04-13 18:42:21,2018-04-25,eebebea46fc14fbd60b0fbe8d9f065e7,2018-04-03
25eac842862525f18a083c6edf1929a3,d5dfe91af956d7349cbb8ef18653c6de,delivered,2017-12-12 21:33:36,2017-12-12 22:23:28,2017-12-14 18:15:37,2018-01-04 19:51:45,2018-01-15,9cde2485320efdd065a76233a3612623,2017-12-12
ed08d32792c528ba9942fd6b9e95cadb,c99b0b8a41674337a4165c53ceb7139b,delivered,2017-08-30 16:37:44,2017-08-30 16:45:24,2017-08-31 20:03:22,2017-09-11 18:38:54,2017-09-21,2d1fbbd5413f3c6ecc454ad1754a7e42,2017-08-30
cd6d509561879ebc686e9a59a123c1e7,f99b6ec614acddef0ee27db739c82a42,delivered,2017-04-23 15:20:31,2017-04-24 06:35:19,2017-04-24 10:56:57,2017-04-27 12:16:14,2017-05-23,e3f340f86279b53cf8f5318f0399e248,2017-04-23
04d545b51bf8586200b03f1e22db97e2,59fd8981d47ba6ea0e75ad7e2e026817,delivered,2017-10-17 18:57:44,2017-10-18 02:58:58,2017-10-30 21:24:59,2017-10-31 21:07:27,2017-11-09,78558d2f6ab7a08ac122cf5d08afe919,2017-10-17
5a9119d91afaa4185d778d886309889f,51bb6ad388ce6731e45f77e1392457d8,delivered,2017-12-26 12:11:27,2017-12-27 04:07:02,2017-12-27 21:39:11,2018-01-12 23:02:50,2018-01-31,b2e803d748d08864a69aa128447a1358,2017-12-26
a728ee4ebe3964a5a4ab8b0409eaabc1,0db624494bc34733faf2f68bc0384e0d,invoiced,2018-01-10 21:22:20,2018-01-11 11:36:23,,,2018-02-21,688d5274462f91fa0332582b748ce41d,2018-01-10
c3ca09e4e3a9c10f9b91c9ceb0d8e379,5c3f0fbbb0706f7ff1b294956cc4a778,delivered,2018-03-03 17:54:35,2018-03-03 18:08:57,2018-03-05 18:46:52,2018-03-10 16:12:10,2018-03-21,36cdc132bd2d112b3b7690ac69907a8b,2018-03-03
73827caed84fde308c32fe526c70797c,083be08831dcb47000463797ec323855,delivered,2018-05-09 14:47:24,2018-05-09 15:37:00,2018-05-24 14:51:00,2018-06-03 16:05:29,2018-06-11,f739d2a8c552550b20a781313a2785d8,2018-05-09
d2e37e8fa08889fa108f66cdbf8f13e1,7a018f6ed18023f47d129aebcd7509e7,delivered,2017-04-29 20:57:32,2017-04-29 21:10:15,2017-05-04 12:42:13,2017-05-22 15:12:13,2017-06-08,18158b33a58b3ea56102b503c0cd83eb,2017-04-29
d877555d54e7b6c523dce69ff6eed257,8b88ddca05f92c92ebd089a65a2a7904,delivered,2017-11-26 00:26:37,2017-11-26 00:38:31,2017-12-05 01:23:08,2017-12-19 17:25:27,2017-12-18,7f16b4e5877f331491a851c8ebc1d53f,2017-11-26
0332e2e8114f5904403029875ac75329,b04895eee6cdbd56c1d80d896adcd6bd,delivered,2018-05-09 21:09:14,2018-05-09 21:34:07,2018-05-10 11:27:00,2018-05-21 11:21:45,2018-05-30,ae11ab40faeb1f8b85f6308e052bd710,2018-05-09
2d27fa8465e2c54b168794e916caf16a,621130b1ad4e55e3534c72fe4b80c381,delivered,2018-08-07 20:00:22,2018-08-07 20:10:19,2018-08-08 18:21:00,2018-08-15 19:48:44,2018-08-17,5c11388a117bc2f9c137f7c123f44325,2018-08-07
d9f44a4c9cc80a15b120c0d93b195105,43d8dda77403e74d05428f5b92b15d2e,delivered,2017-08-15 21:09:49,2017-08-15 23:10:13,2017-08-16 19:23:22,2017-09-05 17:56:30,2017-09-19,849a55399694b10b80e10ae0da6ec0d0,2017-08-15
710bbdae402cc011c47087b64a5f9c1a,9a1dbfc79989fbfcb8ff2b5e509447a2,delivered,2018-08-11 13:34:11,2018-08-14 04:05:13,2018-08-14 14:22:00,2018-08-15 21:29:03,2018-08-21,afe43922e490499ec16ff99edbe6547b,2018-08-11
e5d3ccacd4c9d00c28a3f328f72b254f,43255747b350f79ef9efb92fc90098c6,delivered,2017-02-14 12:52:10,2017-02-14 13:05:46,2017-02-22 13:49:35,2017-03-06 08:32:06,2017-03-15,ededa340c7b875fb103e17db31733dfc,2017-02-14
255cca206db1e20caf7179aeea4bf212,cb84feb37e33596f4d93c51a1b3036aa,delivered,2018-08-09 21:42:50,2018-08-11 02:45:23,2018-08-13 15:14:00,2018-08-16 22:46:35,2018-08-16,7a04fe212dd9661c84039147d592dae0,2018-08-09
dc86dc4acc1d71e89538c72f78688caa,adbf5fc5322e56f67546e9959ecd360a,delivered,2018-07-15 15:55:21,2018-07-15 16:10:13,2018-07-23 15:05:00,2018-07-26 14:28:30,2018-08-15,a703ef9405d97c8e585ee934c0b2fc1e,2018-07-15
c442147fb67e965dd93f9c2a185daeaa,075789f68b60edaacdb682ed2df93dbd,delivered,2017-09-27 14:39:45,2017-09-27 14:56:08,2017-10-03 19:03:31,2017-10-10 17:30:16,2017-10-23,0f38bd0969a6a1c329242e6d1a84b699,2017-09-27
343ee80178e16012130cb0007eac5888,aeed83f14583aecd0c82d49c45a833a8,delivered,2017-11-25 16:16:35,2017-11-25 16:32:57,2017-11-29 23:12:14,2017-12-20 20:27:38,2017-12-22,961e5601bd093eed69dd3e864ff4238d,2017-11-25
d80251514bbd83a5bb165f6e5667c6f2,040d91478309e90547cb930b7405509c,delivered,2017-12-11 23:23:16,2017-12-12 00:18:32,2017-12-12 16:58:56,2018-01-02 20:19:08,2018-01-15,8399fd4d16eb35256fea5735e18e5ed2,2017-12-11
e070ab9017bae918597b4998a81dca1f,c976067e4623ed60f31af326652803b5,delivered,2017-09-24 16:43:47,2017-09-24 16:55:14,2017-09-25 16:14:51,2017-10-10 20:08:03,2017-10-25,615ffa596c1405b5ca2757902c83ec86,2017-09-24
4f2a73bfb26889724652d46145c4a62f,0219be9d41699276f5d2010b4e758d51,delivered,2017-08-15 21:44:47,2017-08-15 23:45:14,2017-08-17 17:46:14,2017-08-28 12:47:45,2017-09-15,51d91326ffc0688da14a001de38c264b,2017-08-15
e484f4c3e8793e447052654990533c23,f35e64c823f62d46b6a6cab2d26f0a36,delivered,2017-09-09 12:29:54,2017-09-12 04:45:14,2017-09-18 19:27:41,2017-09-22 21:11:38,2017-10-06,c29988c75ec3c16f63c07d17cf612125,2017-09-09
fa57a38d61b5762b8f0b36342adc7157,dd7bca43684435e7b50006a86cb05c2a,delivered,2018-05-03 07:32:52,2018-05-03 07:55:17,2018-05-03 14:09:00,2018-05-23 15:23:55,2018-05-22,8f9875f4a26f495794d7fafb90888716,2018-05-03
678a38b0cc3c744c50dc8e0af737eda0,d1745188ff90181d92cba0b15ca4ecae,delivered,2018-08-14 09:46:58,2018-08-14 09:55:17,2018-08-14 12:02:00,2018-08-25 00:11:50,2018-08-29,f73316600f28297f791764283182dc4e,2018-08-14
6145340f417b2ec892ce4c053d245a0f,5cabdfd4f9760bfb7c2b51fc1f934980,delivered,2018-01-07 15:30:59,2018-01-09 07:25:48,2018-01-09 22:41:35,2018-01-12 20:38:02,2018-01-31,860e03dfcd52d97874c1748d8ab29b4d,2018-01-07
34f2ae2b7384d738b4a4787d6f8e20ab,fa58c3e5d27ab0cce470476d4113a7cc,delivered,2018-08-20 14:15:25,2018-08-21 14:10:40,2018-08-27 13:50:00,2018-08-30 19:48:09,2018-09-05,479785730dbfbdf54ea7d4191dff3ea6,2018-08-20
5503b14ddf7853393e5acf02e0128442,0219c0ad1f15c9d6d7fac84ccd3ec235,delivered,2017-03-13 17:39:56,2017-03-13 17:39:56,2017-03-17 09:43:19,2017-04-20 17:05:29,2017-04-13,3778fa7624b704c8630498a2787cfbc5,2017-03-13
98468461ec50580f3a212ef742cccbb3,9de78fd4789fc08ad15c6aff15ce3d48,delivered,2018-03-21 21:14:29,2018-03-22 21:10:32,2018-03-23 20:21:03,2018-03-29 00:58:37,2018-04-03,5531d719e72f20e61f0cf4a4ffdc8f00,2018-03-21
5037eb441ab49c481fe12cdc8e600dde,3c73e7fae1eb6c9dfb52767bf61393de,delivered,2017-03-03 21:17:03,2017-03-05 06:45:23,2017-03-14 10:25:48,2017-03-30 19:35:41,2017-03-30,1176405908f3d9251a3246e31b4ca72f,2017-03-03
188e8c3184383f5eee9e40255048191b,b592e09a4081a4503a755962e85624c1,delivered,2017-02-09 18:41:44,2017-02-09 18:55:20,2017-02-10 10:00:05,2017-02-13 16:07:45,2017-03-10,1fe11e8f0fa5bea7416ec09d6e8d2b4d,2017-02-09
35d67b8fff86c1b281f87c1d454fe49a,313b407abc3a4d3865ee0f63c899c153,delivered,2017-09-22 20:33:05,2017-09-26 03:24:41,2017-09-30 14:36:01,2017-10-09 11:43:48,2017-10-17,d98e2747f77e5fc12e8b76da32a9f308,2017-09-22
ebf2e7e7b736b66853e7a984a54cd3dc,980e54fe9de38e6ca4cf3c607e2215b9,delivered,2017-09-23 10:34:02,2017-09-23 10:45:42,2017-09-25 21:22:58,2017-10-05 20:13:19,2017-10-20,b5c13a2f7490896276cf27cee54b60c0,2017-09-23
dfe1a1cff6291723d37ed8f60e12d5c9,5717749da9b76db54162b8484a7b6477,delivered,2018-07-31 22:48:56,2018-07-31 23:05:12,2018-08-01 08:50:00,2018-08-06 17:21:37,2018-08-10,12737ff068afabbd9e1af007571aceb9,2018-07-31
e15ef863e09f10a538fddcac088f04b2,fb413c64b55384e839991cf5d72d9e6a,delivered,2018-02-07 14:40:18,2018-02-07 14:55:40,2018-02-08 21:51:59,2018-02-19 20:48:11,2018-03-09,89d8672e5291e86b99661e2a2f1780ae,2018-02-07
891b59dfbc8a1d7b30f7fe7fe81b7d7d,14018ff56b0d7cbc692397cc71d114c2,delivered,2017-12-29 00:11:14,2017-12-29 00:31:52,2018-01-08 23:50:00,2018-01-15 21:24:58,2018-02-01,1e55e11e763ab33050725d0e90174464,2017-12-29
8154be10166afed299f6534ee62fc010,377435a4e5288a8a26f9e8285c8fed96,delivered,2018-04-29 14:48:48,2018-05-01 05:32:35,2018-05-02 14:41:00,2018-05-09 15:46:52,2018-05-29,683ba252202131e0990f194f20239961,2018-04-29
0a44ca66dfa067a69bc92ef82ba68acf,28e063338299369124b14759ef655663,delivered,2018-05-13 20:05:55,2018-05-13 20:15:17,2018-05-18 15:12:00,2018-05-19 13:33:44,2018-05-25,268f67dec46731d0b3aec4305742423d,2018-05-13
22fe31bf1bf44c90b163dcc745fa1aa7,fa19cdce38b8c388177ed3abbe61df1c,delivered,2018-01-25 19:29:16,2018-01-25 19:39:28,2018-01-26 18:17:07,2018-02-09 18:27:07,2018-02-22,a29b74efe0e40a55562f8e8a05db5168,2018-01-25
fffb0b1a50e65c449020434fa835e078,46b385c6d972b73cbcf797a8b16c072d,delivered,2017-04-12 16:35:43,2017-04-12 16:45:12,2017-04-27 09:26:54,2017-05-17 11:38:22,2017-05-15,b2d2b4204f7fc4b4aeca38e3cd680a7e,2017-04-12
aea187bff82a5ccd3eb79e80d75d238c,d0cb207dcddd7af9b63e0f7f48e83840,delivered,2018-04-16 20:29:47,2018-04-16 20:51:37,2018-04-18 22:31:42,2018-04-30 18:08:45,2018-05-17,55584b2bdf6ec728549eced086ec8694,2018-04-16
0801f0d06dea3e577f48276a2a225597,db33548a973e1a93d3e7a6e599951336,delivered,2017-10-18 20:26:36,2017-10-20 02:46:00,2017-10-20 16:40:09,2017-10-25 16:17:57,2017-11-17,b9b1e425dfe2ef80d27e28300c2664fe,2017-10-18
3b03215cb91b5bb4f662af34c196bb34,ee039bb5e02a2f5eab3da733e88dbec3,delivered,2017-12-16 13:56:09,2017-12-16 14:09:39,2017-12-20 15:04:39,2018-01-08 16:29:03,2018-01-22,d3c5da1916a2eaaade7f588632395d68,2017-12-16
e12a43dfe9ec2b96d302683d1db0f613,321fd0141cb6dbeb70469d5a90f269f8,delivered,2018-02-23 14:21:10,2018-02-24 10:48:00,2018-02-26 18:13:44,2018-03-15 01:46:29,2018-03-09,31339f74e55f018c10f30863c1df277b,2018-02-23
abef8b5d0f7fa066c7473db7d650c870,2ed1b5c01561bcf39cc2f1566a8ac9f1,delivered,2017-01-16 13:17:46,2017-01-18 09:35:19,2017-01-20 11:00:39,2017-01-25 08:43:39,2017-02-14,ed05a1bbf9f8816af23fcc68084bb87d,2017-01-16
beb200af87856babdcd5d936fa928d41,c9004dd2575225ba9a571106e0f575ae,delivered,2018-04-09 15:04:25,2018-04-09 15:30:27,2018-04-10 18:36:50,2018-05-07 21:16:46,2018-05-14,ae1f78817927f05f48923d9c8a174696,2018-04-09
f5eb5acec9783ed29ec9e62f521e409e,d133517a687eca4534093d2c51ec29b7,delivered,2018-03-24 09:28:05,2018-03-24 11:41:14,2018-03-26 23:03:29,2018-04-02 23:54:35,2018-04-20,dcc9b6eac03a7f9c934c35aad0affdca,2018-03-24
d0b4c30f45087d9a9114b3cbe87aee63,2480cae0db14e17cff537d55abfb967e,delivered,2018-08-25 22:15:54,2018-08-25 22:25:08,2018-08-27 15:12:00,2018-08-30 22:58:48,2018-09-05,c4926fd1b6c4538237db814544461b7b,2018-08-25
483b53ea654d3566427a092cdef047fd,540b9cf91ccba6db4e12ffb269c5a2c0,delivered,2017-08-03 15:59:11,2017-08-16 03:30:15,2017-08-17 20:49:51,2017-08-25 17:48:37,2017-08-25,20d87b86d8f0645f20c1f14d25bdcc78,2017-08-03
0ab421a822cfefda840345b69417962d,835d2eb4a81db209086d1b7f73ae3c22,delivered,2017-11-29 12:50:10,2017-11-30 02:21:42,2017-12-04 21:23:03,2018-01-03 18:46:38,2018-01-02,d94652295fedf480163e4bacac00e947,2017-11-29
7cdb98b018309556c5994e4a200213c0,371800d440c7ea96d8757c42728e0032,delivered,2018-08-05 16:07:17,2018-08-07 04:44:39,2018-08-07 10:34:00,2018-08-13 11:38:28,2018-08-20,b021c4914aaf3c673e92473fb1e61010,2018-08-05
c809b7fce9716f7f28909c7d5aca9eab,80592dbf71be01f4059123025479d07d,delivered,2018-07-03 11:47:53,2018-07-05 16:33:19,2018-07-03 15:23:00,2018-07-09 19:36:31,2018-07-30,e2d9fde54edad0357447ce00bab3e9e8,2018-07-03
e8a7d3a84c7c313494dde4ab9d4d944f,b52f2910ff36fe94d5d1a2d96ac1ce43,delivered,2018-01-27 16:04:35,2018-01-27 16:13:16,2018-01-29 19:33:51,2018-02-06 22:13:25,2018-02-23,4cd3aaaa1cb1242c5db6e823a28d0ea5,2018-01-27
358a4d03ca7ff11e1005742a0fac54bf,bbd5210b3e2717166e17ca01df3411f9,delivered,2017-06-20 11:08:11,2017-06-21 02:23:28,2017-06-21 09:00:09,2017-06-28 14:35:00,2017-07-10,08ef7098aaddca9811a48011d37f850a,2017-06-20
c2b188860433e96beb3ef17cf8e69b0d,576bc9e57e0e6b4470c28334f5ba123c,delivered,2017-10-23 19:41:22,2017-10-23 19:56:14,2017-10-31 18:53:37,2017-11-10 21:48:28,2017-11-23,4da565e71f1f8e3afb57d4757f257c72,2017-10-23
ee7ea70b0b47cb7cd9db025c348510ad,1edb8e8410d5979a74abb4c22590c994,delivered,2017-09-14 18:27:54,2017-09-15 18:35:16,2017-09-18 23:54:40,2017-10-13 19:31:06,2017-10-09,a88fbd7316175b0da268d37cbbfd72d4,2017-09-14
209ee6cc42b6f0628db36da5d69fd1f7,1e1a421d0a27d6c790d1cc796b146dce,delivered,2017-12-12 14:28:51,2017-12-14 02:13:07,2017-12-14 21:21:34,2017-12-20 20:09:41,2017-12-29,7365eb2bfba49ab120bf649243a4cb6c,2017-12-12
550a0a633eaf0af78258105794106c1c,421480011b2624e173f40e9c1544c852,delivered,2017-09-16 21:13:22,2017-09-16 21:25:11,2017-09-19 14:15:46,2017-09-26 21:23:22,2017-10-09,4657c247b970684f3c0d778d9cec0445,2017-09-16
f2007850ef091173797b879e61610353,6e858ad97c0acbbcf000f5dea0b2b7b5,delivered,2018-06-13 14:36:44,2018-06-13 14:57:00,2018-06-14 08:24:00,2018-06-18 21:26:36,2018-07-20,3f6b376cd20486e869b775317e0d8008,2018-06-13
69b1741699a9270162ff84bea75ceb04,983ae657212d91e757e6413c83d2c3ae,delivered,2017-04-07 23:16:09,2017-04-07 23:30:16,2017-04-10 10:47:18,2017-04-17 11:29:59,2017-05-03,9fca9eeea062d51882419081f80ba5e2,2017-04-07
a4a05d9529999a7a1bfc497a2cb1221a,beb2d988f0a92b273dd13f6954d09f13,delivered,2018-07-08 20:12:24,2018-07-08 20:25:29,2018-07-31 13:00:00,2018-08-07 19:26:42,2018-08-02,60eacfc2e0f80149eb337cabf09574ad,2018-07-08
8619606361a2ff5ac09a8da0f221e540,7052a685364032f7d7c6d9f6e1e991fa,delivered,2018-03-08 12:54:55,2018-03-08 13:10:47,2018-03-08 23:39:27,2018-03-22 18:32:46,2018-04-04,2eb2e86da92529026de1ea7bdf2774b2,2018-03-08
a5fd921fa8875df40e98823f080b238b,a30167b7bd83044b7b383f2fe2f9f65b,delivered,2017-09-05 11:46:20,2017-09-05 12:04:18,2017-09-05 21:33:10,2017-09-13 20:51:35,2017-10-02,77492e5cb8356a9ca4cc19eb9dc699e4,2017-09-05
a813b199e66105ce6a4a841b94a330a5,6d808e68593fabbeb1d9892f5168d22d,delivered,2018-07-22 00:22:32,2018-07-22 00:35:10,2018-08-06 12:47:00,2018-08-07 19:48:09,2018-08-08,4e1a167ffa45769c686f7944a5624e3f,2018-07-22
32be8f17cc988f8a0a52deaa64576dc2,8547b99982b4f351a1ad78a61be2e44a,delivered,2017-09-06 17:55:36,2017-09-06 18:05:12,2017-09-08 15:50:01,2017-09-11 20:04:03,2017-09-19,c27bbe2a99a8bd195f7b2de43a8d5148,2017-09-06
f09b9aa6920cc3061b54d2febae19ded,f4b9989784f503651bcbf4ba6273aec0,delivered,2017-09-04 11:32:56,2017-09-05 04:15:52,2017-09-05 19:27:02,2017-09-15 10:53:24,2017-09-26,ee0452d8929c4ad07cf1bde10dcbab4b,2017-09-04
68987346a4a9df9cbbb2234b956dd59d,70efcacd9228dce2c7f15d3b5c5255fb,delivered,2017-06-05 16:01:12,2017-06-05 17:30:11,2017-06-08 18:26:50,2017-06-16 14:55:33,2017-06-28,e9026b5ac80431f8696d5849b873147f,2017-06-05
b90ff29b64c30c202414b3bdab0160b5,897b270361970fde3563dab281b3686a,delivered,2017-10-25 17:43:51,2017-10-25 17:56:51,2017-10-27 18:39:57,2017-11-04 00:27:54,2017-11-17,a6ec95b317def639868fe0c9881ba2df,2017-10-25
2c35f7790c51f8cc8e66365315d91929,41b8ed78b252f230f2ba8ff26d8881b8,delivered,2018-08-21 19:13:36,2018-08-21 19:25:18,2018-08-22 14:19:00,2018-08-23 21:46:56,2018-08-24,30fab172144c15c47ab56342c84674af,2018-08-21
e6fed6276bf6386ddf418ff601846889,3bfe1f59367a7183636a6856a530c770,delivered,2018-08-15 22:06:09,2018-08-15 22:44:06,2018-08-17 14:27:00,2018-08-21 01:34:34,2018-08-22,54d13755f9577fd2aad7da7e1197b116,2018-08-15
bd814ae8402bcbe563ceed37d1b7db49,7035fb71c29a1d4d4ea49ad94e5969eb,delivered,2018-05-07 13:14:18,2018-05-08 04:55:05,2018-05-17 13:38:00,2018-05-21 16:51:08,2018-06-18,73fb1dc5a70f88c9114dc85bcda21f6c,2018-05-07
71488f40fcb86621a50c86a9e1ce486f,5cb6989d4ab4ef65101a015223aecbe6,delivered,2018-03-16 10:42:30,2018-03-16 10:55:30,2018-03-16 23:11:47,2018-03-18 20:58:35,2018-03-28,ce2e72f22013e8876f86c31c1844f772,2018-03-16
0cda834be88c6e549a9895efe5e0b49f,9c64cd776ee9f018ad51dfda0666bae3,delivered,2017-09-10 00:14:56,2017-09-10 00:35:09,2017-09-12 13:50:03,2017-09-25 15:56:19,2017-10-05,9df0c554a0b37fc0c8d3ca2f4a47ef7e,2017-09-10
e39e98d4f4a88b8e39f59e17c9d0a7b1,4cd281d8030921fc1b77650f63efdda3,delivered,2018-03-01 14:12:24,2018-03-03 03:20:25,2018-03-05 22:14:51,2018-03-14 19:16:40,2018-03-22,185a2dfaa64f279610442cbedc189465,2018-03-01
f9207b5726780645ebba8401ccc336c6,d6f4a0ce3d9d4ad4b6aa20c54bfacb99,delivered,2017-12-01 10:15:33,2017-12-01 11:31:06,2017-12-20 19:52:09,2017-12-26 09:36:30,2017-12-26,a3b604670572162b5f9fecffaab090ce,2017-12-01
559d6842e0a3468f1941683ca901b582,cb7e8cd5140cc150773cdc7f06bb737c,delivered,2018-03-12 22:25:18,2018-03-12 23:48:31,2018-03-15 00:03:30,2018-04-24 21:39:33,2018-04-13,50985b8d1956bd782be94c09dc9f19a8,2018-03-12
36ca3c87ca7562cf9be42d80a0abe097,4716ede37d26452c09375d6f80870dc0,delivered,2018-02-08 06:19:23,2018-02-10 09:31:27,2018-02-09 22:14:36,2018-02-20 23:25:32,2018-03-07,c73b83c0a651782f730bad73721c533b,2018-02-08
d8716a985f69a46751cc046b0fea0d98,fb89de9d98c3cde010eaf1a31a5f7fd3,unavailable,2017-10-06 12:54:42,2017-10-06 13:07:10,,,2017-10-24,e11c9512b40228a348ef101e69835f9d,2017-10-06
bbb9be5bd8d6ef3bcd6c165902f3dca2,1fdbbeee2463b68075c1dbcdfbde3a4b,delivered,2017-12-17 23:11:18,2017-12-18 00:10:45,2017-12-20 18:33:58,2018-01-09 21:12:45,2018-01-16,cf93d1525e1cc398cb0c3f5095954913,2017-12-17
2f19a710f074d3785ffcc76b24e0c905,1dac165b8af97fef720a5b7295667dc6,delivered,2017-09-04 11:10:17,2017-09-04 11:24:24,2017-09-06 17:55:01,2017-09-12 22:03:26,2017-09-21,b1105163e94af121c52f947db1a960e5,2017-09-04
da47d890709778a462778fa7598ad3d9,5de568ec6b422231537d61820145cc16,delivered,2018-06-07 22:45:46,2018-06-07 23:13:50,2018-06-13 13:12:00,2018-06-24 18:03:11,2018-07-11,230a8fc05acd222a46fac6d828022667,2018-06-07
59f6f39258d9b1c7e60848000b3af9ea,5300b7cca80b30599f42376162c1c97f,delivered,2017-10-09 11:14:44,2017-10-09 11:28:16,2017-10-09 17:03:24,2017-10-16 22:48:56,2017-10-27,b2996e5818d450966e37228b7d4ec029,2017-10-09
e87eab6d3c69146b0c36c905a34600e7,81112d3c8ff7d1dc7b26c0f2052012ab,delivered,2018-01-06 23:50:14,2018-01-07 00:06:40,2018-01-08 21:19:38,2018-01-15 12:47:02,2018-02-05,12371a80c954faaa194868f17051dd3f,2018-01-06
fd54e2afe76bb472b26d47b2aea174d5,ce3e4ad9d1fd077a56f53f547205b1a7,delivered,2017-07-13 09:42:36,2017-07-13 09:55:23,2017-07-14 16:25:52,2017-07-17 18:17:52,2017-08-04,3788240ca725fbd60d785d4b888b8adb,2017-07-13
dc2b85f0ddea6ef19805bc5d4d599c53,a99420ee8768911f91f34b70236ce3be,delivered,2018-06-10 17:39:08,2018-06-10 19:12:22,2018-06-11 16:17:00,2018-06-21 00:18:35,2018-06-28,a410199f4f322e415970851646841287,2018-06-10
0b1e73fa546894ad7310916b480de067,bc265c24a5a745bff94d62fd5f5db043,delivered,2017-01-11 11:21:23,2017-01-11 11:31:52,2017-01-11 14:07:45,2017-01-16 13:18:49,2017-02-21,ec9c7ebb2a345ccd42c46b94ecb4d319,2017-01-11
c78b306b7a03ebdabf44e1d351f83427,caa4a8bf3eee527d50ea671e39e67ac0,delivered,2018-01-16 14:09:50,2018-01-17 12:30:03,2018-01-19 20:23:55,2018-01-23 12:58:47,2018-02-06,2bf2766ae283fd91c59a5d62891d5095,2018-01-16
2ee3514e0e2b5e8f574134fa5e036ed9,b4dcee8e4c365fd4be547bde123c7b52,delivered,2017-11-13 02:52:52,2017-11-13 03:06:58,2017-11-16 16:59:35,2017-11-24 16:42:14,2017-12-04,28a18a20106f88e886bcebef8c04eff6,2017-11-13
ad3af4ef16116b6bfc7fefc544fc234b,ba95e79f286d22117a9f0a8c543d7a4e,delivered,2017-05-18 12:06:46,2017-05-18 13:05:53,2017-05-19 16:48:59,2017-05-24 11:42:05,2017-06-13,135e6f5355e331418378a4cdf240c52d,2017-05-18
71d27026352e4ce6f225aa02cd8bacc3,ee8ccd2ba674c9e779e88e96a2595936,delivered,2017-12-03 17:11:47,2017-12-03 17:34:15,2017-12-04 10:58:54,2017-12-07 22:07:01,2017-12-20,770834d5e75dfa9c6f81de0791da6715,2017-12-03
daa8ddef333b2e2a012ef233e4566cc2,1f3976ead47ec831fbcad735afdc537e,delivered,2017-12-01 23:38:33,2017-12-01 23:55:08,2017-12-04 16:49:00,2017-12-13 00:34:53,2017-12-26,678ae1c8dcc2034dfa4b1894b91bbbd9,2017-12-01
a26e6ab76194128dc1b473d60cbae2a1,c13a16b27894556b40c34b7e5770f679,delivered,2018-05-05 12:25:23,2018-05-05 15:50:36,2018-05-07 19:07:00,2018-05-08 20:47:26,2018-05-21,f8d217b01348ea3781c48db472f77b6c,2018-05-05
e65718fbdfa15bbe0f31222856566e02,2304a16c6f87e1596b00b5bfedf72fba,delivered,2017-11-02 19:59:51,2017-11-02 20:11:05,2017-11-06 16:32:19,2017-11-21 22:41:29,2017-12-07,c41b29a1f1a375636331f2cec739bc34,2017-11-02
568f74fedb8dd376d4ec5cbdda44712c,b05b7ec51cef24539548ef473cac2f56,delivered,2018-08-08 12:27:38,2018-08-08 12:45:06,2018-08-09 15:52:00,2018-08-17 00:03:17,2018-09-10,0f856977b616ec9022400d6d5c1bed21,2018-08-08
c9caebb870a1f07175f8c7d130ddc24c,b08866a7b299195e0c530f94cff315da,delivered,2018-02-21 23:51:25,2018-02-22 00:09:06,2018-02-22 23:09:33,2018-02-26 23:23:35,2018-03-07,5bab89abe954b79a9699e3f71471179e,2018-02-21
f87af4a276a00d935b34c0d42c3fcfc3,15227c626cb65b59e12a8bd141e85247,delivered,2017-02-10 15:29:29,2017-02-11 15:32:29,2017-02-13 09:03:59,2017-02-17 09:06:37,2017-03-09,d4b299a6ea44b588fdebc893b50401f6,2017-02-10
59eb76a0fd6569a54967456dad8142ef,02a6ba585a45671c8f2d4c6732d8a6d5,delivered,2017-11-27 15:04:16,2017-11-27 15:19:08,2017-11-29 18:13:27,2017-12-07 15:52:49,2017-12-27,d2ec24d0e1be6d7c7f354a81b55e5d94,2017-11-27
b45d11b61c2a68756bbbd7665d67e812,52bd992e7e198bdcdd18854c7c2c1667,delivered,2017-10-11 21:55:04,2017-10-13 15:56:25,2017-10-17 14:12:48,2017-10-19 19:18:47,2017-11-03,78c5f76b60a3a2588635aadc70e34df7,2017-10-11
3127891eb38cfdbbe6d5603c658c1509,0efe244f8d2101871dfc0e2f3069fd85,delivered,2018-02-11 11:03:31,2018-02-12 11:07:56,2018-02-15 21:28:46,2018-02-18 16:29:11,2018-03-02,817ea1a2dbad30bb4bbb192f91dffdd7,2018-02-11
d34e950d8952f0edfb48e7be2634ff91,cbc03125dfd296354a81d5e64f7be0c6,delivered,2018-08-15 21:43:42,2018-08-15 21:55:17,2018-08-23 12:21:00,2018-08-30 23:34:40,2018-09-11,847a2a2569faba2fb48cb10c047c2ddc,2018-08-15
addf0ea6869d5d39c736e7229ac38ecf,f1c7e813ce5fd823912fc5daf6724511,delivered,2018-06-28 20:38:55,2018-06-28 20:50:15,2018-06-29 15:08:00,2018-07-04 23:12:17,2018-07-23,9784bdc3e035fe7e3e8e0b42bebe4796,2018-06-28
0c74c49e467222c92f1811d3c087b950,77cbedf4e47cd5ef93dc76c8e48c6cd8,delivered,2017-12-29 21:26:16,2017-12-29 21:35:27,2018-01-02 22:58:23,2018-01-11 18:20:26,2018-01-24,8b8cb3fc3f7ae14192f65dff259381ee,2017-12-29
c290bbb6c874ec2f6b428b6fe1f1887b,b3e148ecac48c289553e260344cb65d1,delivered,2018-07-08 15:54:42,2018-07-10 04:25:20,2018-07-11 14:23:00,2018-07-23 17:57:31,2018-08-13,e43c19aab8bec6111df58958b72ad1fa,2018-07-08
6478538d03095a03a2562a4fa6a658f6,2205062cf6fcb1d20614d865945329da,delivered,2017-06-03 15:43:37,2017-06-03 15:55:20,2017-06-05 16:10:11,2017-06-07 14:26:58,2017-06-19,fdcb2a985790cba441e21a78d13d0266,2017-06-03
fd46b456c10f8d438b9dcaeb69932853,c1c4c41821a112eb591b63308367e8aa,delivered,2018-06-19 14:12:45,2018-06-19 14:37:46,2018-06-20 13:37:00,2018-06-25 18:11:58,2018-07-12,a1571fa52389e31a3e9b9a7c8c0b9be9,2018-06-19
eb04d4a416c3fe2eb81a127774c89a7c,a0a18d98f8fbcc3a5450cbab481d9711,delivered,2018-01-31 11:08:33,2018-01-31 14:01:36,2018-02-02 01:29:27,2018-02-06 22:04:20,2018-02-16,2fdeeb9c4e989126f85c18531d56d1bb,2018-01-31
00f1bb0af030935db1745ee28367ea26,0d8111a81ce6ed7cb969e28a01392f63,delivered,2018-08-06 23:19:06,2018-08-06 23:35:17,2018-08-10 12:34:00,2018-08-18 14:25:48,2018-08-27,1c7255916dd10f4dae06f9f3c307a393,2018-08-06
ae162713f33901220faa2a22c2bdba45,b5bf62f40eab9d069c94486fc3c7479c,delivered,2017-01-31 14:38:41,2017-02-02 02:45:23,2017-02-09 07:37:52,2017-02-14 14:08:16,2017-03-09,fb51f201e03ae4c1660697b469f3333f,2017-01-31
f54e915fb2be62e8497873a69bfa151b,4f48eb37263de462dcd813b1213d1089,delivered,2017-11-24 21:49:05,2017-11-25 01:31:26,2017-11-27 22:11:20,2017-11-28 11:52:22,2017-12-08,8a010f436eec4cca32a54fdd3b3062d0,2017-11-24
3ffd96ca0884bf472feae91fe6f1de09,2cabf91af90138abf23efb7a2611dbbe,delivered,2017-06-04 09:13:01,2017-06-04 09:25:10,2017-06-05 11:12:35,2017-06-06 13:26:38,2017-06-19,ea41e2386f4a7e5baf6a5ad98a7d7a66,2017-06-04
4380a7440c4b9d8e47eed3703ea3a6d3,2326c5f3dfff28efaadce0c7e62b5a73,delivered,2017-05-31 09:32:45,2017-05-31 09:45:14,2017-06-01 13:47:58,2017-06-12 08:03:57,2017-07-03,70362d5ed50ee71abbd4184170945ef9,2017-05-31
c8be1a5ee02f0d4bfb401c7194b607e7,e1eb245dd677f80c7f2248aec3aa6bfe,delivered,2018-02-20 12:30:30,2018-02-20 12:45:25,2018-02-21 22:08:09,2018-02-25 15:51:57,2018-03-12,51325af30afd21d957ae43793aeb62c9,2018-02-20
1e343afd4282a335a2d8f1c6690902a6,5e19216b79235df70a847c63e6d2b439,delivered,2018-05-15 10:40:14,2018-05-15 10:55:25,2018-05-16 14:59:00,2018-06-02 12:51:37,2018-06-06,28030dc1ac3daef381dc9a980694696c,2018-05-15
09115b2d7c4d9d65a35b13be42e668e7,ceb911ab7ed6f6d7b8276fc3257ad08c,delivered,2017-12-12 20:35:50,2017-12-12 20:52:21,2017-12-15 18:56:47,2018-01-04 22:59:14,2018-01-10,6ae9f384742bd1c77def2ea71902d8e5,2017-12-12
4a6ec8881e005ff561833074489acf93,7f81e779c178bd2d4e80607ef7cc6eec,delivered,2017-06-25 16:55:44,2017-06-27 04:05:23,2017-06-28 14:27:49,2017-06-29 09:56:42,2017-07-07,a1a9db773e254d757a04ccc221ad91f0,2017-06-25
024a19cc498cc1a9efcf675d1ca465c3,54ae421973032c25067cdf03e04be610,delivered,2018-04-03 16:35:22,2018-04-03 17:28:43,2018-04-06 20:42:54,2018-04-30 17:12:19,2018-04-26,556d22748660d6974834bf3b8a38ebc0,2018-04-03
b0e9288a209f5ec50391c140dba4c91f,e1ccb7645c1d9af9b91b6d521e0ba64a,delivered,2018-08-25 07:32:25,2018-08-25 07:45:08,2018-08-27 20:03:00,2018-08-30 21:16:34,2018-09-14,d2ac08ce3b32b9dc32acb436d25a1ad8,2018-08-25
e21677585042e206b003e3d9766064e0,1ad05de046ac6a5e9bca4fb1652af25c,delivered,2017-06-20 09:56:04,2017-06-20 10:05:15,2017-06-29 14:49:35,2017-07-06 15:54:36,2017-07-14,d9d506dbb65bdc1f814c90dc64ee4093,2017-06-20
9a55824805066e5b894f07c60e254854,1e5f21f18acbf4055a7da15ae09bf968,delivered,2017-08-28 11:27:15,2017-08-28 11:44:16,2017-08-28 17:35:45,2017-08-30 17:53:08,2017-09-14,a4b00de045f5f5e70fe9b0560e70be51,2017-08-28
6aa3661755d14531db724d1af0dfbaa3,b5b3ce886b794c18d46dd2a3e75727a0,delivered,2018-04-09 22:33:14,2018-04-10 00:31:47,2018-04-10 21:16:42,2018-04-11 21:41:12,2018-04-19,bb2681cb4cd47fe8a701b3fc75d05001,2018-04-09
18a0085788733945772c772b19bceed7,b48c2118d9825d3f2bce214ac98fc081,delivered,2018-04-20 20:40:59,2018-04-24 19:28:59,2018-04-25 01:09:29,2018-04-30 21:29:06,2018-05-15,56200d87f15600112dde28a5c6009e9d,2018-04-20
3716cd16bc2a97768309209eb4d4c6a7,5b4681e924e266db4eaba48f9b3f2561,unavailable,2017-11-29 09:54:26,2017-11-29 10:17:33,,,2017-12-21,a12fcef9f67b7c5c7aed8cba0250a127,2017-11-29
4b3176150cda3ef1348ba91dfb6c7b32,08b0c3ca77cbc85b646e774a1ac760cc,delivered,2017-11-14 08:28:59,2017-11-16 15:07:00,2017-11-21 23:52:08,2017-11-23 23:06:49,2017-12-14,969a073e5e07991b03418169d7fccd36,2017-11-14
cf728450f45f3d3c59784f7539471f1a,19b31b29791bca548448d394fda4f8d8,delivered,2017-05-21 22:34:17,2017-05-21 22:45:12,2017-05-23 10:29:57,2017-05-30 14:42:06,2017-06-13,379db5eae5915158d0455e97c437f5bd,2017-05-21
835dcecf534791041554b984434d72a0,4b4e0bd0381028a4284d82ad490dea77,delivered,2018-05-15 00:50:35,2018-05-15 01:16:10,2018-05-15 14:24:00,2018-05-16 16:32:18,2018-05-29,40eee08744cc4491feda5dd61ec9d48a,2018-05-15
f1ed33d69dfbfab124dde0a2e8b129ec,ef2013fbc3141965a337692054d4fbd2,delivered,2018-04-30 10:44:34,2018-05-01 05:14:00,2018-05-03 07:30:00,2018-05-14 19:22:30,2018-05-23,9312facd0dceca008b7feae4fa9788ed,2018-04-30
79383ec7c2d33000e80ee9f0ecf93d8e,7c9c39b982c493070665640e2df12432,delivered,2018-02-14 15:22:03,2018-02-16 07:50:29,2018-02-16 17:58:48,2018-02-28 16:14:01,2018-03-12,d681209e8e330f640987111ec2d1db09,2018-02-14
659c573bcaa6bdd994c304a2de2b621c,793250d75e4cbcc12182cbfa4d7a6c0a,delivered,2017-10-24 17:26:33,2017-10-25 02:28:20,2017-10-25 20:52:51,2017-11-03 19:53:44,2017-11-16,93cc65bcb8c6e1c21d10736b25dacfef,2017-10-24
81cedc4d2132eb6f512354166e51b187,a8f6bb35d78515a1762eb626d52b6352,delivered,2018-07-30 21:02:01,2018-07-30 21:10:20,2018-08-01 13:40:00,2018-08-07 19:11:43,2018-08-09,d0ad8d078320fd639fe1ef1bcbe0e4af,2018-07-30
b6424d3ecaedf5f49836d503d4f0d671,246d1b806d240465bc8c33f4d80eb4c3,delivered,2018-07-22 15:43:14,2018-07-23 12:32:19,2018-07-23 13:25:00,2018-07-28 16:18:35,2018-08-10,e9862452fd09010c203017fdd43e84ca,2018-07-22
7595f9b8e070df43bea3c85e1e25d361,e3ac52398f15b521dd513e2bd1447813,delivered,2018-08-04 21:13:47,2018-08-04 21:30:11,2018-08-06 14:02:00,2018-08-09 15:03:43,2018-08-14,28599651e1e7a6d4ed173fca1f956009,2018-08-04
a14ae07ec866886ebfbd63a32b8f86a0,84174666481d1489fbafb3a7585aaaa5,delivered,2018-03-01 15:37:43,2018-03-03 02:50:48,2018-03-06 00:29:57,2018-03-15 21:56:22,2018-03-19,35535aaf49613143aca8799e8b45f0eb,2018-03-01
23e9d59ee7ad86ca85f8fc571420345e,73a19b7529a6ba668ac8926f83450270,delivered,2018-01-02 15:05:15,2018-01-02 15:13:32,2018-01-08 21:47:00,2018-01-15 13:24:17,2018-01-29,5375e796c88f140f146e6d3493dd1c7a,2018-01-02
322c7c19e12003144d90c31215ec170c,826225a44504cafa121687e2b7974320,delivered,2018-01-25 12:33:28,2018-01-26 03:16:31,2018-01-26 17:48:58,2018-01-29 22:28:40,2018-02-09,38b01aeb482ccf568cb65f24c3561651,2018-01-25
67f2f913bb16abed933504fb19d4ade4,d65d3879ccac114a8fab42f26dd67a51,delivered,2017-07-19 19:54:51,2017-07-19 20:10:13,2017-07-20 23:03:03,2017-07-26 18:03:23,2017-08-10,1b896f2127dc42563f43100ebbab8d2d,2017-07-19
c04bd0a98a1ddaf5a3899c6065bd8e9b,8c474b1f9450af16f71dc3e2302ec359,delivered,2018-08-10 01:04:04,2018-08-10 01:15:15,2018-08-10 08:57:00,2018-08-15 20:06:48,2018-08-24,327d98af616bab78debe5e12f1633a36,2018-08-10
370c98f5479d81244ca3b921956e0e87,027021c1f6351f20d4e78a9dc829459d,delivered,2017-06-11 12:55:01,2017-06-11 13:08:12,2017-06-12 15:51:13,2017-06-19 21:45:53,2017-07-03,e86c0a922a824087343f6b62fe97f673,2017-06-11
ffdee14e5cab83563d890d93e1d16f74,31a8f6d679715fe19892aef333993c5b,delivered,2017-04-29 09:57:46,2017-05-03 11:15:32,2017-05-04 13:08:35,2017-05-10 05:36:41,2017-05-23,f81b8f53cb470ec7176b5a56fcf40606,2017-04-29
ace9d4710c4e590edd2f5d7d09db4950,91b0b76bfecdab11a47e6fdd14c72889,delivered,2017-08-15 19:19:43,2017-08-15 21:05:20,2017-08-18 16:15:50,2017-08-31 12:20:06,2017-09-21,5295210efec13449be10b795a6546aef,2017-08-15
c90e8686c91e367aa92c3efa4faca2d3,cdf8637c15ff345eb86142d091e56926,delivered,2018-02-21 12:31:03,2018-02-21 12:50:28,2018-02-22 20:18:59,2018-03-13 18:12:20,2018-03-13,9660a046db6ac8102bce36f510e337da,2018-02-21
82c25f5fe611fe504eca8e2ded507842,182189e60d1b38036a9f89ba5572ed16,delivered,2017-06-28 11:55:57,2017-06-28 12:10:12,2017-06-29 16:20:00,2017-08-01 18:35:54,2017-07-28,78ac6736810349db7207e2b4b86d33ea,2017-06-28
124d67dd63d2412c950eadb79bf29006,777d7156a23f1cf6ec9a402e405d500e,delivered,2017-10-18 17:49:59,2017-10-18 18:06:06,2017-10-19 21:09:15,2017-11-10 00:28:26,2017-11-17,59b7982ee0a7133a24f50bfc4132a729,2017-10-18
9964c2007bb66c44ebc2d0c803f78408,c8d004f46e5756d8fdc8011477002339,delivered,2018-07-26 22:52:12,2018-07-26 23:05:45,2018-07-30 12:10:00,2018-08-10 23:24:47,2018-08-21,7db8638f875e79bab94c61c18c06856f,2018-07-26
779faf56113de193cb40644b3c455c44,b7ebfcc821920caa5e81eb829adb8ec2,delivered,2018-04-02 08:04:51,2018-04-02 08:29:14,2018-04-04 11:52:46,2018-04-13 14:37:37,2018-04-27,f5c218fd6bf99cdef608912be0c5b92c,2018-04-02
789541101a0e986e13ec3f43c425dcd5,72b4eef5f33af34d338cab565eedecfb,delivered,2018-01-29 10:37:53,2018-01-29 10:52:26,2018-01-29 20:39:07,2018-01-31 16:57:14,2018-02-14,20cb43fb1ada3ef1f839ab353d9dc6f4,2018-01-29
c941ad898bc2355a4c9e9a19b504c69c,36ab05a0017f0f71c0a7277862e9871a,delivered,2018-08-27 23:30:28,2018-08-27 23:44:02,2018-08-29 11:02:00,2018-08-30 21:36:54,2018-09-06,52d5908dbfc058803371433c6c7c178d,2018-08-27
0ecff8cca2d76a428d055ec79b94f0a1,8c083efa6a8732ae8413a694e5cdf1fa,shipped,2018-07-12 10:46:28,2018-07-12 10:55:13,2018-07-12 13:33:00,,2018-08-07,9c3fa803ac99d24d797c955fd0f93fdf,2018-07-12
84499df9226b91d3b5817d5e6651a143,89e67ca2edc02e593cb7a37cce12c705,delivered,2017-10-29 23:58:33,2017-10-30 00:10:13,2017-10-31 19:33:10,2017-11-09 06:56:57,2017-11-23,bfe0ecf869b3ea7377c5db8c6a127683,2017-10-29
efcd8852328a37fca811747c09c6fb69,1471498aaeb8618816b95071d851da29,delivered,2017-05-21 08:01:40,2017-05-22 10:39:14,2017-05-22 12:48:50,2017-05-24 15:05:49,2017-06-02,9b7fcfa05fb6f8b88fea3d74a6ba77d6,2017-05-21
fc34a24a0463d8668b0c6e270eb71358,12d1d47a8bbcc9fbb44f8edf70d9148e,delivered,2017-09-12 22:47:46,2017-09-12 23:04:14,2017-09-14 17:15:27,2017-09-19 12:52:35,2017-10-06,f5bd30b83412b911e3f0134d1ac20fd7,2017-09-12
0c01f50d13b63f9c7a1f073f51a45548,ff310159cfef87d3dbbf5341637bd4a2,delivered,2018-01-08 17:37:09,2018-01-08 17:49:16,2018-01-09 16:51:43,2018-01-16 15:17:10,2018-02-06,2878289928927b75d078057c8d91405f,2018-01-08
8adee5f27ae7551113fc26ce21202576,f7a372c8cda1efcf20d6d6821d6606b9,delivered,2017-11-24 01:29:52,2017-11-24 01:38:44,2017-11-30 15:38:01,2017-12-19 23:50:06,2018-01-03,438790b9e5fea9ff66469f2d3217d090,2017-11-24
0c42ffbb7daabd630cbe785466d587c0,850cbfa573438ea510bc828c7651b9b5,delivered,2017-07-27 12:29:26,2017-07-28 08:35:19,2017-08-09 14:24:41,2017-08-18 21:19:38,2017-08-18,d95c3d11c4d6efe2173065c13dee6e02,2017-07-27
6c7ddb7af21aaa2a8ff9601aad32c94b,1517caacf17317327ba135f91b7e5602,delivered,2018-06-18 11:57:33,2018-06-20 02:55:42,2018-06-20 14:17:00,2018-06-25 17:58:43,2018-07-13,b6c199c8ae17681ccf8d0e37ff5b86fa,2018-06-18
4fefc3f74b4239ec72723cde525a1522,ff5ca282b802097cc7182d5f4b58d199,delivered,2017-11-01 18:04:26,2017-11-04 03:46:03,2017-11-07 13:08:45,2017-11-17 16:38:42,2017-12-01,cd60953fbe070a440b5967020f76f51c,2017-11-01
ce11b5ccffa8cdf85eead71dfbf66f9a,edb728db9a06856757f3add5fa7520a0,delivered,2017-12-10 16:32:55,2017-12-10 16:50:43,2017-12-13 09:26:43,2017-12-26 19:17:08,2018-01-05,ff11315a5bdac16d660f8ad23ba5ed33,2017-12-10
da949b7a8b7e0bf3929ea6995148b197,95f2af33ba6766ab985d1a762f7e2ed1,delivered,2018-01-16 12:13:52,2018-01-16 12:26:04,2018-01-20 00:14:18,2018-02-06 23:09:14,2018-02-06,41061f90a640a682d5b590cc99772bec,2018-01-16
5c30ac49014e51744e821a352437d1ca,62f4dc75e19c7757a446b7434c05da8f,delivered,2018-07-02 19:08:04,2018-07-02 19:15:15,2018-07-06 11:01:00,2018-07-13 21:51:57,2018-07-30,44c5627c99bb3cbb7c84a8753489b045,2018-07-02
f6ff33b9c2ab6068f4b071c53f1c318b,f842c2c3c4ae59cdbf1fe4251f92f9fa,delivered,2017-05-17 16:23:40,2017-05-17 16:42:35,2017-05-19 06:39:47,2017-05-25 10:37:46,2017-06-08,29f630c11474af3e0def812741bf85b9,2017-05-17
a56b1d8a1e6ef5179f68ce22ff4454f5,c7be1b792259b72287f5da329e42eb3d,delivered,2017-02-26 10:53:10,2017-02-26 11:01:57,2017-03-02 09:49:15,2017-03-06 12:14:00,2017-03-20,9bf10a69502a4607deb26ef091689316,2017-02-26
78469a4c4c4527d1bf67198adc690ead,4a25adf3d4de6c23cefc6b79ac63fe6c,delivered,2017-11-11 19:58:51,2017-11-11 20:11:00,2017-11-17 01:16:48,2017-11-27 22:33:36,2017-12-11,d7f68c84fe943bb5659e63f6fc3b68fc,2017-11-11
1a3e254f72fc156c53e8a57d3129c7ca,7ef0e316835735132f9dba19d045d00b,delivered,2018-04-08 22:36:52,2018-04-08 22:50:17,2018-04-10 18:28:37,2018-04-28 01:46:29,2018-04-27,85797424df976bc451a90c704af04525,2018-04-08
646879122624b2217adfed3a0c2dc91a,37e486ad485015c1943cdec434b54723,delivered,2017-10-21 23:08:15,2017-10-23 15:37:42,2017-10-26 14:57:02,2017-10-31 17:43:49,2017-11-09,b4fe3506c521d05d9ea3cbc8ec760baa,2017-10-21
c3e01b655f3df3687080c7972d4a7114,11e38b97a28b27825858ca7790142796,delivered,2017-11-29 13:26:17,2017-11-29 13:37:19,2017-12-04 17:52:36,2017-12-11 18:58:07,2017-12-22,20a536d70b2304e2bf4fd3d7f4ffd0b5,2017-11-29
e466da8b1fce311e8469cb62530c18a9,68d8144a07678ddc6c45bf0af744e865,delivered,2018-08-16 05:54:30,2018-08-16 06:10:06,2018-08-16 15:07:00,2018-08-17 20:28:25,2018-08-24,06befcbb6c53f601d005532bb48d7410,2018-08-16
f2d40f6ced9546a04fec87530394e1ce,4d0712b81ba4e6502d8651dabc722612,delivered,2017-11-24 15:48:17,2017-11-24 19:18:34,2017-11-27 22:19:37,2017-12-18 16:12:35,2018-01-08,a5ff7e4f0cd1ea64c171a172b4cbe43d,2017-11-24
4c832b5c447f450474f8470737f7e580,532f9ca016bff3198570d8eb8aa6b00e,delivered,2018-06-05 22:54:28,2018-06-05 23:12:42,2018-06-06 14:07:00,2018-06-08 18:14:19,2018-07-11,f986c4da4f0520a33d986926c6da73bc,2018-06-05
1126e8ce51fcc395870c8fabcf7de709,223a9aa3954976590fb34edd7ad9ef63,delivered,2018-08-01 21:53:01,2018-08-03 02:43:59,2018-08-06 15:02:00,2018-08-08 20:22:36,2018-08-07,ad3865b06077d4271c1968dd91f76aa7,2018-08-01
1affa2b54c26489a1600dea208b13bfd,16ad0e153b12087b00ff6bba67fc0bac,delivered,2017-11-24 12:23:11,2017-11-24 14:32:24,2017-11-30 20:42:16,2018-01-05 00:41:43,2018-01-12,010d09c16c5fee11226ca7c5492892de,2017-11-24
7c33b548f0fee23cb4a8afe1f1333ee8,a04fd07fb2796275f40eed69b7c99865,delivered,2017-07-25 13:54:59,2017-07-25 14:05:29,2017-07-26 19:03:29,2017-08-05 10:08:56,2017-08-22,5040991d70fe8053dc6182340d0bfd06,2017-07-25
ac1e7b549740ac1a3e2ff3922d290e27,b4645427a641aee53c205d38e34dd5eb,delivered,2018-01-05 20:50:14,2018-01-06 02:31:40,2018-01-08 18:33:25,2018-01-24 23:23:06,2018-02-06,39a049ced60af02ddf4e0294d71bef10,2018-01-05
d39b6a20c700ff329d678922fe1dcefc,44b31ced7a446f3e5e6bb7f1b958765b,delivered,2017-09-04 14:44:08,2017-09-04 14:55:26,2017-09-05 15:46:44,2017-09-19 16:42:35,2017-10-02,771f822d4f288efa493c364dcbb1cebb,2017-09-04
bca1fabb8aee7868626d2d9eaa6940e6,4bd7db55d506dfc2a9fb48af0727e7dd,delivered,2017-08-02 12:55:49,2017-08-02 13:10:19,2017-08-02 18:00:09,2017-08-07 15:28:08,2017-08-22,c7be5dd594dcb1078e6822ba011a13b8,2017-08-02
7fd121b0b92e0534cea97fb49f190bb9,be776517966dde5fd0011e22950f4448,delivered,2018-01-05 18:08:35,2018-01-09 07:18:11,2018-01-09 15:57:33,2018-01-10 19:04:44,2018-01-23,2b63e07297aedef77d3ab70a91405127,2018-01-05
a169311914e5fbfba32bae481dd1aa39,0d3652cb1fda41494f012955e8d483d8,delivered,2018-03-17 19:40:38,2018-03-17 19:50:31,2018-03-19 22:32:02,2018-03-22 00:21:49,2018-03-29,cf9b4f5bd0cc8759d7115915f197d975,2018-03-17
bef6f136b891658b2b57851b5afb5c99,54565fff90abee9162c1e36bafcab49e,delivered,2017-12-08 19:36:16,2017-12-08 19:52:20,2017-12-11 20:56:34,2017-12-21 19:40:33,2018-01-10,139e7ad96c0f0042862c96fab83e30bf,2017-12-08
35587b2be9f6f8d236e7366bddaea915,ccbd5f3c7f46b8833facd60c6a4246d3,delivered,2017-11-26 19:45:02,2017-11-26 20:23:47,2017-11-28 20:57:07,2017-12-20 13:49:14,2017-12-26,b0a1162183ee3c09703953df5c0da329,2017-11-26
3c4eb32cdaf179f4dcd0afa93bb88783,e003f4a8676e8204286e3aa4d217ec39,delivered,2017-03-28 11:18:38,2017-03-30 02:15:41,2017-03-31 14:52:30,2017-04-11 14:55:40,2017-04-19,6a104b6a3a4525c71c6eb48cff25c6a8,2017-03-28
d22b9cdf085b4c46374d974de5b98296,5a614e662afcf66da8c7bbdf13e81c50,delivered,2017-09-19 09:22:36,2017-09-20 02:15:18,2017-09-20 20:13:25,2017-09-25 21:23:51,2017-10-05,bfe1ecef0f01ad67e5e0cf1860e94e60,2017-09-19
af0d9307a328df54ca2c27eb08cf62b2,cfa09ee8fa4d55dbb7d299db2bc05444,delivered,2018-05-05 17:10:12,2018-05-08 03:52:09,2018-05-09 09:52:00,2018-05-17 02:37:06,2018-06-07,90f74982f94f654eeab0e62fe63e3f86,2018-05-05
c65840ef66d2956cadb8efc3ee66623c,6673ccb89c78b1fdf11b012b4eaa9b99,delivered,2017-12-03 17:30:49,2017-12-05 04:17:30,2017-12-06 12:47:55,2017-12-27 23:49:11,2018-01-04,89299b4ef9fc3c6691e8d064de24a648,2017-12-03
14fa05104e2d0b8b2fc25c074c5740fb,bedc6fea4e51a49792c93e3a911c3e74,delivered,2018-02-14 13:43:39,2018-02-14 14:20:23,2018-02-16 20:52:18,2018-02-25 16:33:08,2018-03-09,c17b30aaa1802a71a6f4a9c2c792af3e,2018-02-14
97be7604e2c6e1cbccaa1103dbac25ca,56521fe800b09bd2b9803bd47858e11b,delivered,2018-06-16 16:01:11,2018-06-19 04:17:04,2018-06-19 13:28:00,2018-06-22 22:52:42,2018-07-11,17b5baf3d8ca44fc7c8e2456de80c075,2018-06-16
f410117aed616ae1d64d58779397161b,f937f9c4e3a73d5b981f233af9b27f49,delivered,2018-01-19 17:27:44,2018-01-19 17:42:50,2018-01-25 21:44:27,2018-02-22 15:52:51,2018-02-20,202a17812bf14c4879aa314899918c86,2018-01-19
19196153dd04a2d8685e3928185e498b,67103ece896ea12c89ef860d152ea9a8,invoiced,2018-05-12 23:19:17,2018-05-12 23:31:01,,,2018-06-07,e727655f572caa2f3f2dd4e0d1b9f960,2018-05-12
52ccb6a04d727e7ccc854dff8458dfb0,efef3994424e23ccbe4a144fd734e9af,delivered,2018-01-18 15:56:03,2018-01-18 16:16:27,2018-01-19 20:24:59,2018-02-08 02:13:30,2018-02-21,b0b94079598f018f9e72e9698aefef33,2018-01-18
6679904ebe40b42a197e435621f35ce7,351c6921a37b4f9a5cf6ee6d910f8a0c,delivered,2017-12-11 21:31:06,2017-12-11 21:52:15,2017-12-21 15:49:41,2017-12-28 21:07:19,2018-01-12,326260915f4a84174c71468b293ae0e8,2017-12-11
80620a1042ece99f97f3b32f50d91c79,9024933cb91293126310d7c0e3604edf,delivered,2017-10-25 21:44:49,2017-10-25 21:56:12,2017-10-26 14:38:04,2017-11-03 17:57:47,2017-11-14,1822072d725eb9c7ebcbffcdc0b85f9b,2017-10-25
e9e7c0bdfc844989ef92818d7f77f9b2,bc724341ab9ec337b8aeb519104b93b4,delivered,2017-11-18 10:53:18,2017-11-18 11:08:07,2017-11-20 21:45:42,2017-12-21 17:14:56,2017-12-15,e989c537a5867ffeb4af81ac947df469,2017-11-18
be59e03672bb8d48da16e07a0fb660a8,3c17af24cda9bc98674f6d7196cd5af9,delivered,2017-11-23 21:15:06,2017-11-23 21:27:46,2017-11-29 22:31:58,2017-12-11 17:09:00,2017-12-22,923b7039b96f81c6cbacfd8fec031916,2017-11-23
d314311fb805546efac408edd66415e4,7d6ebf7407b23a718bfd5b4e3833d428,delivered,2017-11-18 12:47:43,2017-11-18 13:06:18,2017-11-21 19:08:45,2017-11-24 19:12:13,2017-12-15,1d363621ae3d4e50225484febd20881b,2017-11-18
73eb2dbe87f00c86931e3ef008935806,77b1e04f28c1b933de6f83af34806288,delivered,2017-04-29 11:40:25,2017-04-29 11:50:22,2017-05-02 17:26:40,2017-05-13 13:35:55,2017-05-23,4c1d54f69e57a7999f21f2af9c6a247a,2017-04-29
61fbc4a76e5b3db28d2dd737ace32716,a4ed3677add2e1f5d0429d8822ea340d,delivered,2017-10-30 16:10:26,2017-10-30 17:31:32,2017-11-01 13:27:38,2017-11-08 18:08:51,2017-12-04,7fb211f99a01b4971fd1e07e3a256458,2017-10-30
068ded3b756569845d5ede597fe3b9d6,2ea4875e4673944bc07e7520e5d96df1,delivered,2017-06-04 17:50:22,2017-06-06 13:35:43,2017-06-07 08:51:11,2017-06-09 12:57:02,2017-06-26,4b326cc8e41dce8453e87a6f4781683f,2017-06-04
705c7fd61dcb0c54b80538158eec1f4a,0051337a96842850e1ec728dd158f4b3,delivered,2017-01-30 16:52:41,2017-02-01 04:32:28,2017-02-07 15:30:09,2017-02-20 15:28:00,2017-03-21,d31233132950973bd0df88d4523ed465,2017-01-30
e4ef0775ca01d0f6839f7d362041abef,b7e148738c004d326ccc987bf4d78372,delivered,2018-07-01 21:31:39,2018-07-01 21:50:02,2018-07-03 11:18:00,2018-07-05 18:32:48,2018-08-02,11dd6fa936085680ee67fecd8e8d05f1,2018-07-01
54ee4ac3ad09faa2237f8a844b4d7b92,502de0f9e9835ab231c2851acd163376,canceled,2018-08-16 19:28:02,2018-08-16 19:49:29,,,2018-08-24,6d004368588f6fee399cff4bfd5bf7eb,2018-08-16
8fbf2ac6a908c9a2738556bfed665557,e9f16e536ca2e832e8fb1296ad08efee,processing,2017-10-07 08:35:07,2017-10-07 08:49:10,,,2017-10-26,87737c8e661512803dcc324a22e4eb44,2017-10-07
34d03ba192ebfee7bb55fc8ebd151245,fdcba41a33384548f1e302a36e735230,delivered,2018-06-04 19:10:54,2018-06-04 19:30:19,2018-06-05 15:33:00,2018-06-07 21:11:06,2018-06-28,9421dec20ad3f90aa1360fa3ea2e080f,2018-06-04
9d444e4250635c5dc4e08fe078a6d723,18a8212a303f03734133d7cf22edee0d,delivered,2018-05-12 08:16:16,2018-05-12 08:34:54,2018-05-14 13:42:00,2018-05-17 20:27:44,2018-06-11,7e8ace5e83e019d284a1cf0108b57f94,2018-05-12
68abb8a2c8cd552dd8452406b2b0153e,9af404eaf2690b333084dfaeb96b8450,delivered,2017-09-27 10:45:02,2017-09-27 10:56:31,2017-09-28 20:06:56,2017-10-04 19:48:35,2017-10-26,e310ccba5d2a65840ea1123b6291b0f7,2017-09-27
4ee512b414a41f8ed0239751fc1d77bf,b416aff8022d39644292751bafe2e0ab,delivered,2018-06-05 20:20:37,2018-06-05 20:33:14,2018-06-06 14:07:00,2018-06-13 16:20:50,2018-07-11,471115dafc25680978fea214b759a522,2018-06-05
07e8a98c9affe8a0d02edf6229912b90,f4643666652177473bbdc283850ea710,delivered,2017-07-17 18:17:48,2017-07-17 18:35:18,2017-07-18 17:22:03,2017-07-29 14:22:32,2017-08-17,3f696cdb9e9dd19b1b1855a21c6974f1,2017-07-17
9c5d8aa9b979544037864b7bf09d3524,8750a7427e4bc81f9c78de4d5227d3cd,delivered,2018-04-15 15:07:14,2018-04-15 15:30:09,2018-04-17 00:08:57,2018-04-24 16:21:26,2018-05-02,38c95ee1583a2492211bde069e81a57c,2018-04-15
2ae00ff32b724a74e37b8264ac4fb85e,c2b75d1fd53bb83675bfdc21b3f6d1dd,delivered,2018-07-24 10:13:55,2018-07-24 11:41:04,2018-07-25 11:00:00,2018-08-03 17:53:09,2018-08-16,a01f9f01b6f3805f87e7a322e7470c7b,2018-07-24
7dcd0f2215594d90c8a4e7cd57d06dbe,f74697fa556a9bd9a5791b85607f8bb0,delivered,2018-06-05 21:50:10,2018-06-05 22:12:12,2018-06-06 15:08:00,2018-06-07 14:07:23,2018-06-29,72e80e590de0dcd0a184a03397c2e313,2018-06-05
e0d821e9ff2e0fc0823d159792d9a2e6,1de444c2c8dfd4df7003d1d4b446ef94,delivered,2018-05-21 22:50:48,2018-05-22 02:15:41,2018-05-22 09:22:00,2018-06-21 15:46:16,2018-06-07,4716de56a2dabba6263f78bfb5f4e605,2018-05-21
5e82d468c7839f98399b94c0ff1cede3,d156accae9133953e8c6f504a1caa9c4,delivered,2017-11-21 10:04:38,2017-11-21 10:31:20,2017-11-22 01:18:24,2017-12-02 00:58:33,2017-12-26,c5dac83289ef6117ec799cf0eaa51c60,2017-11-21
f49f77badfc3933812e76370092e7995,c72f9e7f1ffa78646bf17c180f5d3df7,delivered,2017-09-12 15:58:03,2017-09-13 03:10:19,2017-09-13 21:27:38,2017-09-14 18:49:46,2017-09-22,56c124b357c74db5b507408070b21672,2017-09-12
687077f28510ca13f49e640d06c032ba,703cbd03b726ec242ab43c0c9258baab,delivered,2017-09-05 23:18:28,2017-09-05 23:30:14,2017-09-08 19:56:34,2017-09-13 23:33:19,2017-09-26,2e3ce4b5f6ef07ac274956b5eb33f916,2017-09-05
99e75261f759faecb77b7f78e8822ebc,4dc68ba3ae112862a33e103279e8d64c,delivered,2018-04-21 10:51:21,2018-04-24 18:51:07,2018-04-26 15:03:00,2018-05-07 15:44:49,2018-05-16,3ac0ed8132f29c1423dcd89fbc18bdac,2018-04-21
67379aa14908a0e17c8de56896b1cfa9,6c75ed88adc5d6bec97bddf220e6d638,delivered,2017-10-12 20:12:59,2017-10-12 20:28:14,2017-10-13 18:27:36,2017-10-19 14:12:00,2017-11-08,ee03110c6fadc1dd0ceba4e61edbf412,2017-10-12
8f4235528e51aeb039cdf73bc049c7e1,058f0f800afc323b17c63576ee96b0a8,delivered,2018-02-28 17:02:40,2018-03-01 17:09:40,2018-03-03 00:22:46,2018-04-16 18:03:44,2018-03-22,c3f47f90f5598e162c8040c8ddd901ca,2018-02-28
e249cff481eb91f18da21f1884e86324,9e75a8ef6dc30d23dd4dd2b3b13a931d,delivered,2017-11-08 15:02:42,2017-11-09 15:11:00,2017-11-16 19:34:27,2017-11-21 12:52:26,2017-11-22,ec332007dbe4989e1dbce5f8a1c35abb,2017-11-08
f2bb7508b86fc27a97223eb329244fa5,7e130517edfab0028a525159f22b5cde,delivered,2018-01-26 08:05:51,2018-01-26 08:29:48,2018-01-26 18:08:51,2018-01-29 21:38:31,2018-02-09,228828f434a9df087f11af72492fe11a,2018-01-26
3ffa9e029879039a01783bc81c868df1,0ac3e5d8a4a25d55e97ec2e592dd4b0b,delivered,2018-04-17 17:34:00,2018-04-17 17:50:47,2018-04-26 12:59:00,2018-05-03 18:19:27,2018-05-28,cf84dd05532e0d88b3d578f6b57b5c93,2018-04-17
bafd325431534dcd8f9bbd75c67db66f,78a6f7a1d011eca1b849325f3a4c220a,delivered,2017-04-05 13:51:15,2017-04-05 14:10:13,2017-04-06 14:08:04,2017-04-19 14:48:46,2017-04-28,765737cd840f37587af53f66184d4d08,2017-04-05
f23444b164e24a1e91c2457d1dc788f7,14aea23889a3ead6c3e374e322f9e75a,delivered,2018-05-05 22:19:35,2018-05-05 22:30:49,2018-05-09 16:18:00,2018-05-23 19:13:16,2018-06-04,d7827cab7ba2fb2de1ffe346e362971e,2018-05-05
92cab9b20b9256633a1face403664670,627fd8fcf2921732e388c6d31005ba20,delivered,2017-09-20 14:45:58,2017-09-20 15:04:58,2017-09-21 17:51:40,2017-09-25 19:19:05,2017-10-05,1d39e33177c29b5058f254e78b3063df,2017-09-20
74c25aa167f9836099a217d0fa82ed0f,ad25199a971f5e90e17e19846f615d7b,delivered,2017-09-20 17:41:11,2017-09-20 17:50:34,2017-09-21 13:52:47,2017-10-02 19:10:03,2017-10-17,5b3186d7cf904f2f9369aec26faba4d2,2017-09-20
f0933beb55e4be862e281748abe0af7e,03c25401073fe088ba2c01a4db9e9857,delivered,2018-01-09 20:42:51,2018-01-10 10:32:18,2018-01-19 22:11:13,2018-02-02 13:37:22,2018-02-02,8f0e2c3a26c4ecbf30b1b83db3dd7acb,2018-01-09
eacb21138eac9fdf867afdaca6a39698,1b155d898d2a9c2fec690a22e52df81d,delivered,2018-08-13 22:37:22,2018-08-13 22:50:18,2018-08-14 12:50:00,2018-08-20 23:12:22,2018-08-24,96c0cff4dc09903ff58d6ae001100d04,2018-08-13
42cf52638c4c3e8d85390b79d1bf7998,fe11aa1e04561d1a152e302449bc045d,delivered,2018-07-24 07:23:58,2018-07-25 02:50:16,2018-07-25 14:10:00,2018-08-01 18:59:03,2018-08-17,1d4afefae05919cb73a6335dda5d8562,2018-07-24
996398cee62ebfe4ee7f2c2a4c969742,ab46ad28db5a117f42332f1e1f087641,delivered,2018-01-17 16:21:57,2018-01-17 16:32:51,2018-01-18 21:18:46,2018-01-26 20:12:11,2018-02-26,64f4c437b036c65101147cd5cbedf9ae,2018-01-17
8e065a60bb13d2bd598f70ea6a4e7f4c,e764db9b253ccf8e7606e6be9234a0b4,delivered,2018-02-02 00:36:44,2018-02-02 00:52:16,2018-02-05 17:03:27,2018-02-14 23:51:27,2018-03-08,8e5e12653f5b6bb4c1ae33ad1c0b28c6,2018-02-02
379d35a7f738e53131a68c79b97b005c,24e36b36ec363994dea55cf1d117b8f2,delivered,2018-04-19 10:01:01,2018-04-24 18:12:38,2018-04-24 15:51:27,2018-05-07 20:18:36,2018-05-16,3d8f1b4e488ff81955ca7f4c9475a91f,2018-04-19
0bf105a936021f82d572e73f846321cd,629519b219081ad5adc3887edab662d8,delivered,2017-04-29 11:46:46,2017-05-03 15:32:40,2017-05-04 12:32:14,2017-05-05 09:25:44,2017-05-25,fa7e27712151b924965ef33792d7dad2,2017-04-29
0f0d9b930d6e3a807fab635e52bb8895,e9628d590eb072c2063446c00a552895,delivered,2018-01-27 15:46:51,2018-01-27 15:56:38,2018-02-02 19:37:02,2018-02-16 01:44:39,2018-02-26,c4af77e29eb532b758812c5647f87ea0,2018-01-27
d696730916dce1a0a88fb9f34407ecb2,12cd97779bef91435975ccf9d4b3dea6,delivered,2017-08-04 13:30:02,2017-08-05 03:05:13,2017-08-07 18:47:30,2017-08-14 13:59:02,2017-09-01,035067251b3612bbcc30e7570e335ce7,2017-08-04
b302801106ed1f5eb6f08ccdae6fea99,e5de138028f173cb238674e1d76e3df2,unavailable,2017-07-18 15:51:54,2017-07-18 16:03:39,,,2017-08-11,3773db65dcc8cdff919dc782fa179380,2017-07-18
6e00f1b6909c139001c7df4ccadc97bf,ab26ca94753ef5f8b6bd8bd5477a4056,delivered,2017-07-18 20:39:20,2017-07-18 20:50:13,2017-07-24 11:47:37,2017-08-02 18:42:27,2017-08-17,2d00b9a5b8f0e868705931c75cc8e55c,2017-07-18
7cf5260aae0f17d544a95f631e3f5d03,05d0697ee7803f15ca4d3a5005551d06,delivered,2017-07-12 11:18:20,2017-07-12 12:15:22,2017-07-17 20:11:44,2017-07-24 18:52:32,2017-08-01,1dbc6c0e95ff4308d948e72895c8178b,2017-07-12
a733d8fae1088107bd126d4afc3b4118,09c950e5e38969b67f3959df1057d6e5,delivered,2017-08-12 16:12:38,2017-08-12 16:25:09,2017-08-16 15:59:50,2017-08-24 16:55:29,2017-09-12,825ace36a4828de05694b8047f6dd905,2017-08-12
be00589ef6917fe392acc59a700a0308,8edf77a07c8c4daa4a104cc7a4927b3b,delivered,2018-01-15 14:30:06,2018-01-15 14:50:12,2018-01-17 02:45:03,2018-01-18 19:13:39,2018-01-31,e23e3462f136f31e3c70327ebbb1bfef,2018-01-15
aef5267a7266e5536db6ea825b9366b8,5109c73f95eb76f76e7a3b7248fd0697,delivered,2018-01-31 14:47:21,2018-02-02 02:54:35,2018-02-05 16:15:52,2018-02-15 15:38:50,2018-03-09,017500c32b7353decc3a3a4d91acd0cc,2018-01-31
d57d13bf49ecf7a6274ac017e98eb4e6,818ea6be22d3705222cd97ea34e3f7bd,delivered,2018-03-02 11:10:45,2018-03-02 11:29:52,2018-03-06 23:41:38,2018-03-08 19:39:24,2018-03-14,18ada52e6ce6fad756d2a8d4dd1d00ee,2018-03-02
a93e58aa5de1eb22f8b27f0a45c0f15d,f6035281a2f3e97451b8961d5b141f1a,delivered,2018-01-06 22:45:05,2018-01-06 22:57:19,2018-01-08 19:35:40,2018-01-19 18:33:26,2018-02-06,f319eea739fffc205703d98b9539346d,2018-01-06
b3f3422c26d12dcb097fb8e9ed35118b,50dd9f5abacb4ff88d1caacafba4ab22,delivered,2017-03-12 18:39:34,2017-03-12 18:39:34,2017-03-13 11:13:30,2017-03-20 15:34:40,2017-04-03,680970eb6dc63a42a927a69d9226b080,2017-03-12
26da590d0803bb4a4468b3eec5a6f876,d6f16c7fb51cddc895ca6ad365664bee,delivered,2017-11-12 10:16:38,2017-11-12 10:26:30,2017-11-16 18:56:42,2017-11-24 13:25:25,2017-12-06,2cf289fc25807acabba89dbc197cd71e,2017-11-12
33a0cbee893f2c8ed0a6abfdc48926b6,153e7ede88bd53eb0dd8adbd397c766f,delivered,2017-10-26 12:11:35,2017-10-26 12:27:30,2017-11-03 15:33:06,2017-11-08 17:47:44,2017-12-04,cec195ea8c79d6fdf8ae8dede67603ec,2017-10-26
9dd89c2de0b200abf0a3d8119d9e3889,271e451957e108e5ff07598acd643d15,delivered,2017-05-09 12:44:14,2017-05-10 13:05:22,2017-05-10 14:56:58,2017-05-19 12:27:45,2017-05-31,6174c144feb4942ffc96c6a17aa40321,2017-05-09
b78daf077b6b98f10302642e4c657877,e5aa3a704292f28ace5ad4416c82c8e6,delivered,2017-06-01 11:22:32,2017-06-01 11:35:16,2017-06-02 16:03:09,2017-06-14 09:43:58,2017-07-04,120a6c87f397b2a831c3ef7876fded69,2017-06-01
e56f72c9203fe285a42e1c21888e44d1,216360d7df0e08d493f369b39a5fb69a,delivered,2018-06-20 20:51:47,2018-06-21 15:59:52,2018-06-22 12:32:00,2018-07-10 17:48:19,2018-07-18,0241fa2e9adf0576cb0f845377d05c03,2018-06-20
a038858b0a27929bcb1da0884afea304,7992bf55255b4be39d582eadce86b18a,delivered,2018-08-22 20:56:56,2018-08-22 21:05:12,2018-08-23 13:40:00,2018-08-28 20:32:11,2018-09-05,5ba6b74fb0741b0f6add7f5a5f7d61b6,2018-08-22
710a17b0d3c3a2ce582552d6bd8f6446,146a10f27b7755776c90efe2ef4f51df,delivered,2017-12-02 20:09:06,2017-12-02 20:17:21,2017-12-04 18:13:37,2017-12-07 12:46:48,2017-12-28,0256a460aa82066254d63d60bc21076e,2017-12-02
225563d7314189cce48116ae11188371,729b8930036e5f2c3883bc38d7cae018,delivered,2017-10-26 12:44:45,2017-10-27 03:06:59,2017-10-30 18:05:46,2017-11-03 21:18:03,2017-11-16,aa4fc6bd5cf9d541b5a808cdada1301c,2017-10-26
ed5495fbd35104360dbf954d7fece421,a0d3877fd0321b6db5c7b584c3b713a6,delivered,2017-09-30 23:05:06,2017-09-30 23:14:19,2017-10-02 22:37:40,2017-10-18 22:25:22,2017-10-27,3581031fd294025f4c16cd754bc4c90e,2017-09-30
a2a04ead650a00874aec73c0d989298b,0c5324c087cd266c3d99b0f1849bb8ef,delivered,2018-08-01 10:22:24,2018-08-02 05:05:11,2018-08-03 12:23:00,2018-08-04 16:44:35,2018-08-07,626c4e025030a60d2c9be658298416b5,2018-08-01
49bf9682392edd732a6f0a6c9ff7f196,62cadd06099c12fa83b043055c450583,delivered,2018-08-15 12:16:12,2018-08-15 12:25:21,2018-08-16 11:50:00,2018-08-27 20:36:41,2018-08-31,54135b34079cf13a9186095cf661e532,2018-08-15
37cc3389217eea1a2c533e2314052c32,020bc050aac2baa5e0d1b4ad091ef35a,delivered,2018-03-21 11:02:28,2018-03-21 11:15:35,2018-03-21 20:48:24,2018-04-05 19:29:47,2018-04-17,95320623262e139f44350f1610a7b77c,2018-03-21
aaf2a2f9c59483fb9eb7d044abcafc4b,375abd2810522ed78eabfcb615929db8,delivered,2018-07-13 21:24:09,2018-07-14 21:24:43,2018-07-16 15:12:00,2018-07-30 19:31:50,2018-08-07,236e278f3f926ac2206d12cfabcd2e1b,2018-07-13
f0f0463959db12d5eb2663e9af79f0ec,45823b70fcedb23436c8fd6509d693a7,delivered,2018-06-15 09:40:37,2018-06-18 11:02:42,2018-06-18 15:01:00,2018-06-21 20:36:37,2018-07-05,2def41525ec2414af2ffc74bc9063b6d,2018-06-15
f92b608c97b4dfa2e808d0b4008d2475,b0414648ea181ad51b800a1a2d5e7503,delivered,2018-08-15 22:36:25,2018-08-15 22:50:10,2018-08-16 12:35:00,2018-08-23 19:56:53,2018-08-30,6c6f6e14b556f1a59802d2e4a687f289,2018-08-15
fd6c0796eedfbda82950ee1f3255f0a3,e63b226e15e890d317368cae0053098e,delivered,2017-08-17 21:24:17,2017-08-18 21:30:21,2017-08-21 19:46:37,2017-09-01 11:17:56,2017-09-11,f2781bbea4c9d6396a0e1b080f69aaa9,2017-08-17
2a490849da4cef28b5edaea693b89ac7,8ce7af83ed7e52d2db1fdba28bfb11ed,canceled,2018-04-24 08:53:11,2018-04-24 17:35:59,,,2018-05-07,cff0857d677e9f5ce1bb5565401666ba,2018-04-24
67ebab4ca75954aa4385f837044a65f1,76c49e1b8a61a95ccd217cbe1a01542d,delivered,2018-06-20 16:05:30,2018-06-22 02:58:38,2018-06-25 10:52:00,2018-06-28 19:37:49,2018-07-19,3f8b8d632dde06c5bffa26cc1bd0a1b2,2018-06-20
68bf8482c9b58cb96095b7cb27e11c24,cd5e39e7ad16fd972969901c9f95a553,delivered,2018-01-27 13:03:13,2018-01-30 05:31:54,2018-01-31 17:16:46,2018-02-06 16:42:37,2018-02-20,0fd245554d4d1bf1310cc97d8c70614f,2018-01-27
bb00eb2dd9a64942be2a153901aae546,1c45c50d6eeeb77c888f37596c99ba5c,delivered,2017-08-20 20:50:18,2017-08-22 04:06:47,2017-08-22 20:32:46,2017-08-28 19:33:59,2017-09-11,84fda66962e2d7886a6a57596299f432,2017-08-20
979440acde78c7c04e8c8a92f2bc8ada,0c89a40b670ee7e1a48e5ff4fdbb313d,shipped,2017-03-23 22:59:51,2017-03-24 23:10:11,2017-03-27 14:25:45,,2017-04-13,8b1aed2dad15fcad8eb2a5c555e2d26e,2017-03-23
1093494b7fa933fd10ddc38171db9e58,fcaea92c811c7d92710ccad87ffef253,delivered,2017-11-12 11:17:13,2017-11-14 12:27:21,2017-11-16 20:58:35,2017-11-22 14:25:04,2017-12-05,73ddf889923cf022bbf6056545ed7b51,2017-11-12
cab33fc76d60b48dd6a512e892c54437,543ee5e646b5e72468e59c3dd3914edc,delivered,2018-05-16 20:53:06,2018-05-16 21:13:59,2018-05-17 14:00:00,2018-05-21 21:11:50,2018-06-01,9b1e00f78d979b12195643b6a5654e85,2018-05-16
3c93a4cc9ca8a3e1148b82d0425be9c4,fd9762feae4acdbfd1d89012de982916,delivered,2018-08-09 11:20:25,2018-08-09 14:30:16,2018-08-09 13:37:00,2018-08-13 15:36:49,2018-08-17,1f22ecb07d25446bf52c51afa93cfa3b,2018-08-09
889ebd7e736a2888d5157b4a97303bf5,cd910613d00220375ffbb3cc9b3369e8,delivered,2017-05-24 21:25:48,2017-05-26 02:42:43,2017-06-05 15:52:05,2017-06-19 16:35:34,2017-07-06,e8f21c085ad4cd0ffae015581145888f,2017-05-24
c298ba9441739fbb485aba00696cb44e,8a3f38933c6e9caee7791fe2441b3c3e,delivered,2017-12-23 11:01:46,2017-12-27 04:14:44,2017-12-27 19:09:44,2018-01-09 20:19:44,2018-02-01,ed7a653052283cd4af2d4e9f3dce3f98,2017-12-23
f47e4063d6bc1a7b8ae44e93faa70fc1,946ed1f7e8a8d4564830d66973e9f3f4,delivered,2017-09-03 18:37:22,2017-09-03 18:50:25,2017-09-13 21:39:45,2017-09-21 16:36:11,2017-10-03,31f561835c1d5a3ce77a25372738e891,2017-09-03
772c351a74ac46cb09d3733ed52c8058,d792fcbef4db8b7df7eaeca5f352f006,delivered,2018-06-06 11:33:41,2018-06-06 11:55:25,2018-06-07 15:15:00,2018-06-20 14:33:18,2018-07-16,2c8deaba3199ccc6384f36ad09dd82d5,2018-06-06
43ada20efaad1c2c55197dd39050267f,df56491c32230f0ef86a5c35dac4e0e8,delivered,2017-12-21 17:01:47,2017-12-21 18:12:33,2017-12-22 23:38:29,2018-01-03 21:34:07,2018-01-18,c94878ba8984da578f5b2674727fd748,2017-12-21
00b8d354b36820e9d6131fd5173c5581,a17846ed33d62b0e48c6f07ce9132318,delivered,2018-02-24 13:05:44,2018-02-27 04:31:16,2018-03-01 15:27:04,2018-03-08 21:26:35,2018-03-21,43eb0e993502bd4cbd3400a492a5444d,2018-02-24
299c93716e44a3cc7521ffd9b2db1fc3,7b473d4b33fa91ab7671f794ce54194b,delivered,2018-05-07 19:26:53,2018-05-09 03:11:46,2018-05-11 14:23:00,2018-05-16 14:13:01,2018-05-24,caa1dee6e3e85ee1003cb6d78ffc38af,2018-05-07
ddea5624735479277afba6faccdcc28c,91c97d87d9a42187329e6ff6816a8251,delivered,2017-07-15 08:16:18,2017-07-15 08:30:18,2017-07-17 19:22:07,2017-07-21 22:43:31,2017-08-08,042c4b7a631b4e91da36716f93e7e017,2017-07-15
d699207a636092e537b5283b37888988,4c18ccf1d0a65835d28bde50706c66c2,delivered,2018-08-14 14:57:20,2018-08-16 07:15:13,2018-08-21 12:13:00,2018-08-24 18:41:46,2018-09-04,e4b1b1760b2ec2f562d98f28d58f31bd,2018-08-14
460035f51387f5c9731f812ab180d3fd,49853823d80a001e8fc64418275ad45a,delivered,2018-05-08 12:22:50,2018-05-08 13:09:41,2018-05-09 16:33:00,2018-05-11 20:39:44,2018-05-18,e66dd06da2276a1908389ff972867f68,2018-05-08
5a0523870f53c30566d587fc8969159b,1ecec12b35d77b3828d6a1b40dd4a6d9,delivered,2017-12-25 18:07:29,2017-12-25 18:17:19,2017-12-27 00:27:18,2017-12-28 16:09:34,2018-01-22,28d3ac30e18d7c468c2faa290b03bd6c,2017-12-25
ba7349a4f248a6fa6c18ca067662c2c6,c313a2707fc8f6da5982ecba956b0a87,delivered,2017-09-25 07:58:26,2017-09-25 08:10:48,2017-09-29 20:52:12,2017-10-19 19:28:51,2017-10-30,211ebb34728a87efbc4dad9b405d8b08,2017-09-25
dfc2d4a62f7c1fab64145cf82dd95665,d8451f4035fc04e69afaae68804852a2,delivered,2018-06-28 18:35:05,2018-06-29 02:53:15,2018-06-29 10:52:00,2018-07-03 21:36:31,2018-07-23,e2db5ecd813f47028884aa951535b96e,2018-06-28
0999bc97673a2bbf7a81731329196b2d,c0912d91c480e2988d7f4f097fd5152e,delivered,2018-04-07 12:19:29,2018-04-07 12:35:14,2018-04-10 00:02:22,2018-04-11 17:11:48,2018-04-24,9b02db6dcad15dad9ecf70c0f0ba0373,2018-04-07
7eae04ada6ffa5ce119fe7526c8d77d5,c7d5c3347080c1ba85f7c9887d8e3440,delivered,2017-12-01 10:20:48,2017-12-01 11:32:10,2017-12-06 20:48:54,2017-12-11 18:23:33,2017-12-26,6aff90e0a744227f717c3bc35acf3818,2017-12-01
f4098f9fcb4389e4792281dd4a1b8777,fcb3f31727d05a2077a1e0a2c5ef72c7,delivered,2018-01-29 08:07:38,2018-01-29 08:14:28,2018-01-30 23:26:59,2018-02-14 20:55:08,2018-02-22,9be7af4d0e302fb8d7053548563e7a72,2018-01-29
710a55479936de44ffc31ad83de75285,0e222df71329466b86b2351431a67fe0,delivered,2018-07-05 08:55:50,2018-07-05 19:31:22,2018-07-06 09:24:00,2018-07-14 17:54:49,2018-08-07,be0a65601ac9985109e864f0b7a2b8e4,2018-07-05
2421f14e951ee2f1127aaadaa60d9763,51ec194d0f9af88a547b9b15fd47d390,delivered,2018-07-31 09:43:19,2018-07-31 10:31:16,2018-08-02 07:13:00,2018-08-06 16:46:35,2018-09-05,5b02d330ce52a5433874ed1dedc3b311,2018-07-31
3c5a23a85fc2367a39de50010bb6adea,28786e407ecbca9896054fe60ce164db,delivered,2017-06-13 20:20:57,2017-06-14 19:25:09,2017-06-16 12:49:26,2017-06-19 16:15:48,2017-06-27,7f9c4a8f1b0bce6e5c7677ffc846790a,2017-06-13
361e0cf744333677864a5e28558a53bc,29f6c977826acdfaeab958ed41c85de3,delivered,2017-08-10 17:04:54,2017-08-10 17:25:10,2017-08-11 21:17:19,2017-08-15 12:49:37,2017-08-25,7234ce699b4008506b3601f643517ae3,2017-08-10
d98a2ebdd7f67365e177d1c4465d317a,aec1172260219ca0dff7c01693a99456,delivered,2018-04-08 19:57:09,2018-04-10 17:32:42,2018-04-12 21:58:30,2018-04-18 19:17:49,2018-05-03,da64a1589bf4b438595ffa931bee5388,2018-04-08
3b9de7cf25713aac3ab7e5cc48d83983,4233f443bac7d7de2c4e6782763fa516,delivered,2017-07-20 10:38:58,2017-07-20 10:55:11,2017-07-21 18:22:58,2017-08-09 17:42:52,2017-08-22,ed7a7ddd472228e549caaa460f9d53ce,2017-07-20
3bf7f5b41faa36638d7516b58bd833a8,3334eeaf33510e0d823c4f038a6880ad,delivered,2018-02-27 14:51:02,2018-03-01 02:49:03,2018-03-02 11:25:07,2018-03-22 17:41:14,2018-03-21,6aff181bd06b313180eb608f4e0f0734,2018-02-27
0b30e59b6e985ef789c83d08753d59aa,520a609c3e7ac01830c176ab29145781,delivered,2017-10-01 18:25:06,2017-10-01 18:49:17,2017-10-04 17:33:42,2017-10-10 14:28:11,2017-10-24,0ff30db5b17181729996386a74e76a1c,2017-10-01
cd747ef99d8317de4ea4eda3de915865,2c9e52bb3f721f18122e80a7157915c0,delivered,2017-04-09 03:39:55,2017-04-09 03:50:13,2017-04-11 09:02:14,2017-04-18 11:56:34,2017-05-02,8b3ce01bee97c8e4104d8e355da4f395,2017-04-09
9f877178dc7e99f524c1b02e99fffd40,eb90d6525336fcaaea44e7f09a34bc1f,delivered,2017-05-26 13:34:08,2017-05-26 13:45:09,2017-05-29 09:07:30,2017-06-07 15:19:32,2017-06-27,ce2cc76c6b4fba6c8fafea4ac6886d7e,2017-05-26
c385c0eba07c858dd60ffe00a60dda64,7784df320c692bf79130b774cf55dc4d,delivered,2017-11-27 00:25:46,2017-11-27 00:36:31,2017-11-29 01:27:58,2017-12-06 20:19:04,2017-12-15,c21a8548a914d25a223b16cd2db5e0ec,2017-11-27
50414654de178b0b11767504bf0a2fb5,8900868696ecb4d5b67e33b0fe662008,delivered,2018-04-22 22:16:03,2018-04-24 18:09:30,2018-04-24 23:42:54,2018-04-27 17:39:55,2018-05-16,bba76e6e0d1d804fbf22f1ca58d7f78b,2018-04-22
771c4f1f521f462e4b95619e648aaeab,d424b3ce4c850247e8c84ff8752de868,delivered,2017-03-22 20:15:15,2017-03-22 20:15:15,2017-03-30 13:14:34,2017-03-28 17:28:32,2017-04-12,bbc4d86624927ed9617d2664bf85d1dd,2017-03-22
2fd7d8e43a256d464a02dd7bbe8cb125,c6209ed90e14cbc62a280238d1f1313f,delivered,2017-09-02 17:47:11,2017-09-02 18:04:24,2017-09-04 13:23:17,2017-09-11 18:47:39,2017-09-27,b11c24bb17454e2d358eb59b253835fd,2017-09-02
f3419091993faf0c528154a0fda1af52,f2ebc3bb688f3bd363cf9854383b61ec,delivered,2018-07-23 08:29:21,2018-07-26 03:10:19,2018-07-26 14:23:00,2018-07-27 18:58:19,2018-07-31,cd2c2791abc01e590e41af297238ef86,2018-07-23
0e905ed8f17c6568a12cad104c041e34,7e6a2c82f870d4169d3cd945fcacee60,delivered,2017-09-09 19:47:32,2017-09-09 20:06:04,2017-09-13 19:57:36,2017-09-25 21:18:51,2017-10-04,d497d6d20e5cf4baf00922c695e9b8c2,2017-09-09
79cbf24eda50c6fe5c1395974d913d53,080e89b9e2316da22eefc7b7146978ef,delivered,2018-04-27 12:13:44,2018-04-27 12:31:58,2018-04-30 13:15:00,2018-05-07 13:22:00,2018-05-21,9387a3940cc2d07a9ec8b85d82fad721,2018-04-27
c1446140c078144be23c01e9858697b6,43f5452f02cc200c6ce1ef2af3751e24,delivered,2017-08-14 13:27:21,2017-08-14 13:50:20,2017-08-15 18:14:59,2017-08-23 13:44:27,2017-09-01,e0387447b545f71dd9fa69a7faf58e0c,2017-08-14
16dfbe3cde151f6953d7fe801622598b,9d62ab31ead5388eb52f3f285d5d3a39,delivered,2018-06-19 11:41:11,2018-06-19 11:58:18,2018-06-19 15:22:00,2018-06-30 14:45:47,2018-08-01,657e052d73bd797f2bebba4996558e12,2018-06-19
027286057add812ecb77ad0b23604c06,8f039377398b08c900778a60909d1e49,delivered,2018-03-03 17:11:11,2018-03-03 17:29:19,2018-03-05 18:12:40,2018-03-13 13:21:22,2018-03-22,2b53267d59423e552bc93a0e771f4ade,2018-03-03
f497d2fc6c463f8bb817f0e94bf108bd,62f9b69eb2f6aa79f6ff3682bbc4e290,delivered,2018-05-04 14:46:54,2018-05-05 14:53:37,2018-05-07 14:23:00,2018-05-21 14:57:53,2018-06-01,5e67d554b45c2c663b3556df2d8cecae,2018-05-04
11913ca0eb4a5aaedf1c5fcb3a69899a,7a235e5d8bde93d40c5231c8308ba511,delivered,2017-09-26 09:37:01,2017-09-26 09:49:31,2017-09-26 21:22:17,2017-09-28 21:40:59,2017-10-11,1af9e7ac78a769eff9dcdf09f7b74f66,2017-09-26
b803962943a08a081c52d087e852358c,9d1ad1c80967c646f17783f8741c75e8,canceled,2018-05-06 20:15:04,2018-05-07 09:56:17,,,2018-05-18,b88054950162861bde66e9a073293bea,2018-05-06
4064338b1a0771e658af6c71d3fa2604,1e9af921838cb34a1bb286bd89abab23,delivered,2017-02-12 09:31:44,2017-02-12 09:43:02,2017-02-13 14:05:31,2017-02-25 10:02:45,2017-03-14,2c8189bf1c5697e1a59cae606e632784,2017-02-12
0815bb5a3a3289fdf7ac65a426cb553a,bb89ed467b77ce0e60a8af8152957ffd,delivered,2018-06-19 21:36:37,2018-06-20 16:25:43,2018-06-21 18:50:00,2018-07-04 19:48:38,2018-06-29,0192a97d19fd891f0a4453609753b886,2018-06-19
fa5a411aff02eb7f724264bb98ff585d,a76c60d4573c61bab74a9ff1f6576453,delivered,2017-06-13 09:43:00,2017-06-13 11:42:51,2017-06-19 20:03:31,2017-06-27 14:12:37,2017-07-11,90ca5315f2078e830d4581b0e9aa7312,2017-06-13
2e39e94b6b5f7944f872ba6bf39b758b,ecb17e6e5633358935ce41e8d84cf3d4,delivered,2017-11-16 17:03:09,2017-11-16 17:15:55,2017-11-17 17:09:23,2017-11-22 00:51:22,2017-11-29,019c20bc411068e6f296cd471ac8425b,2017-11-16
ddc162708923f29398f06661ac27c18a,f2d29d306dd51bd69fd4a75f95bfb058,delivered,2018-05-09 06:46:24,2018-05-10 02:35:08,2018-05-16 05:27:00,2018-06-02 00:32:07,2018-06-01,e919fccac7050e2b645180ea1bb47962,2018-05-09
72199498bf0e98991518d76445c744e3,69ff36bb2906f050ac8bf172cbe83f57,delivered,2017-12-08 10:44:05,2017-12-10 10:38:22,2017-12-11 19:28:23,2017-12-13 22:35:29,2017-12-27,048052335b350c4d2809406ed0b40927,2017-12-08
5e7065baa52b81a3e58f90a5d1ef35c4,39a31f3ad15691f349f86fb79840b223,delivered,2017-08-08 19:41:52,2017-08-08 19:55:17,2017-08-09 18:32:53,2017-08-15 20:37:42,2017-08-30,3b0158de3bff5e6cc984d6ff05f1615b,2017-08-08
0f637da50b3c7da105d5a5c6579110d7,eb9e7ff4a097e2ddba2ee69b9983bc32,delivered,2017-07-16 22:58:21,2017-07-16 23:05:15,2017-07-19 16:37:38,2017-07-26 18:34:43,2017-08-08,7783e58bd0d152c3db3e0ee908bfe9d9,2017-07-16
1844fd8d65bd9bd25e11e301dd99dc4a,3a9a5991344f5dc72fd450fa6defef29,delivered,2017-11-06 23:33:48,2017-11-07 06:31:15,2017-11-08 19:22:24,2017-11-16 21:47:45,2017-12-01,90e28a883386c71de943515d91f72a39,2017-11-06
396c9aae0975f1a701dc7ab136a676c5,5a59122dcab3fcdba3e878dcf3beecaa,delivered,2018-05-04 14:49:20,2018-05-05 14:53:34,2018-05-07 12:35:00,2018-05-10 14:54:32,2018-05-24,1bbefa71117fcbd8edee57bfb54f558e,2018-05-04
94aefbaa418823fa66d690b18fe5b244,f9a6eae78eee9737f197727641c75f44,delivered,2018-06-02 12:24:30,2018-06-02 12:51:43,2018-06-04 13:30:00,2018-06-12 15:08:54,2018-07-13,bcb2cbb9e368b1e6368890b1dd4ce80e,2018-06-02
fa2d13f8e78f4d76a375ddac6b2d4337,aec65bc941b0a6e412d0ba1738ab0bf4,delivered,2018-04-29 19:57:19,2018-04-29 20:15:27,2018-04-30 08:32:00,2018-05-02 17:19:27,2018-05-16,59bd535b5f613b4b22d265e25b3ca304,2018-04-29
086961934db99fd12a25cfeef96ff2cd,8b647f05640c46fd8d4be7f5e617dd61,delivered,2017-05-16 21:59:35,2017-05-16 22:15:12,2017-05-17 11:56:59,2017-05-24 09:52:32,2017-06-07,096b89eac72217a0dae8da7aea54c00b,2017-05-16
816ee6170d6a4d6542bf94ee9df5dcfd,e0ffea788064ae59ed7b2e072a791e45,delivered,2017-04-05 22:46:27,2017-04-07 03:23:02,2017-04-11 06:08:01,2017-04-13 12:12:41,2017-04-28,c23fffae692167e9e9c6991ae60d4607,2017-04-05
a8375c727655c94388acaf79f017be5d,8ea09313c0ee536559d17faa08b62eb4,delivered,2017-12-12 12:05:08,2017-12-12 12:40:50,2017-12-15 21:56:11,2018-01-12 22:07:39,2018-01-16,0b903538f8e4450b56591eedca26d473,2017-12-12
65c28faddc1bdb2d3d5de4f713de3f9a,e8334d453a2049e7a529d772be66ad61,delivered,2018-04-06 12:54:10,2018-04-10 04:10:47,2018-04-11 20:22:01,2018-04-24 18:29:49,2018-05-04,c68a95b096e94c5c6e1f47c06d847171,2018-04-06
917b7a118e4b00772ecde85cad8b27d6,24d4e44edd8929a7fcec074b019f3e4b,delivered,2018-02-20 16:11:53,2018-02-20 16:28:26,2018-02-21 21:35:43,2018-03-08 20:20:37,2018-03-13,291e00c9f23a19e6066eaabd67fabefc,2018-02-20
70fe4499137ae8b063ffb41f3833c2b4,500956a8876104d4536bc52cbdce511c,delivered,2018-01-29 23:50:39,2018-01-30 00:15:03,2018-01-30 18:48:44,2018-02-14 17:03:39,2018-02-23,b98fb974a40fdf2434aa8e8b3c4369c9,2018-01-29
e605cb87d9eccec27579c6d269f47ad1,12c611a156bcf3d8af5a1bf02aa21175,delivered,2017-03-11 13:35:38,2017-03-11 13:35:38,2017-03-13 13:11:29,2017-03-24 12:34:17,2017-04-03,1ae0620e7665c833940ffb4b9904a174,2017-03-11
ecb4edf6e7ce132e4b98c08c77d2c1a9,df9228015fa8ec090cfd579bbdb1b0e9,delivered,2017-11-16 12:16:06,2017-11-17 03:35:47,2017-11-17 16:58:48,2017-11-23 18:12:14,2017-12-05,d5dd2964bc2518122954ae58ac487138,2017-11-16
4d5f4d9f45924156c57a69d5ef886822,038eba7c093b00abd73987d7c22c6f06,delivered,2018-04-19 15:03:51,2018-04-19 15:15:20,2018-04-20 19:26:33,2018-04-24 01:02:40,2018-05-08,931e929b771e34ff95bbce281c733e3d,2018-04-19
9b1d98ad4511ad1c8bab0a4355ca3b63,e28d48b1fe42485c2c1cf7f29aa078ff,shipped,2017-06-09 14:24:12,2017-06-09 14:35:13,2017-06-13 17:15:15,,2017-07-11,fd747660ddf9df7c87b90f576960b2f5,2017-06-09
95ccb57a457e5cde6ffaf8fa01988e08,e167780623a4f7343ca616517f8dd503,delivered,2018-05-09 22:42:24,2018-05-09 22:55:21,2018-05-10 16:12:00,2018-05-17 20:18:41,2018-06-19,05b3a9ee7e4c98824766d8eccd3f8d89,2018-05-09
6e8e9748010ab5cc3d63563f8ac5b784,adacd5821ce9cbda11906a04cdc72c27,delivered,2017-10-27 07:43:45,2017-10-27 07:55:07,2017-11-06 18:11:40,2017-11-13 17:56:34,2017-12-06,6ecb09f2da50eeed0a887eb9a3e6df14,2017-10-27
958b8e9133a304e7c9e17632ee9e7e7e,1de2e3663214c8abbf613349c05aa921,delivered,2017-10-24 13:24:33,2017-10-24 13:35:24,2017-10-27 20:23:12,2017-11-06 19:56:56,2017-11-13,6998baf2e06e2cdcd31c045bfde5c123,2017-10-24
49a8037eb392560be2070774d0eb046b,2defe1aa56cfe5681c31064d51154bd2,delivered,2018-03-21 20:34:35,2018-03-21 20:50:26,2018-03-22 19:06:40,2018-03-29 03:14:33,2018-04-09,3f845b19f58827a68907a53c15de3bac,2018-03-21
6903412e8ef5bbc0934881a1059c0942,0614810921e3e1ef9adc33ba529b1663,delivered,2018-08-05 18:44:56,2018-08-07 04:25:18,2018-08-20 14:20:00,2018-08-23 17:35:35,2018-08-27,5b9c47e4a28bb993dbe8dd23ff5ca798,2018-08-05
0babf33efe3b411528d29e03b76acc5d,8c6d3fcd7164c66c11e742d3799118bf,delivered,2018-01-30 19:30:05,2018-01-30 19:54:00,2018-01-31 20:22:32,2018-02-19 22:52:07,2018-02-23,18732136dfb87593d4915dd33b402350,2018-01-30
dc7309efcb9745f3a27ffc133c309ec8,b7e08e844dc1417cf4f338c401fef8c6,delivered,2017-08-11 18:33:00,2017-08-12 02:55:42,2017-08-15 18:12:33,2017-08-22 19:49:37,2017-09-01,fc27b2de2edfed6001918a4baa836546,2017-08-11
60d517144cee8ca15bbbc4d52213b8a7,766a6ccdf75ff20205b37a6294bfb681,delivered,2018-08-21 19:45:28,2018-08-21 19:55:11,2018-08-22 14:55:00,2018-08-24 18:16:51,2018-09-06,76ab3222ccdd321f50a20b5df39d98ee,2018-08-21
5a548ca91de6462f6bf5c2eac853e0c3,8735606d69cc6187818699c503ce1832,delivered,2017-11-29 13:30:40,2017-11-29 13:51:23,2017-12-06 13:07:47,2017-12-21 23:39:50,2017-12-21,cad3d0a8ce32033e32792a268e38fe03,2017-11-29
e2df04c1573f061467ee1af3cc6e26bd,befb47ca7f3e74109bb67b4dda9b742f,delivered,2018-04-13 16:43:05,2018-04-14 02:31:41,2018-04-18 20:18:23,2018-04-23 19:03:58,2018-05-02,b13aa6fa39cdbcace11d493d1b64f0b8,2018-04-13
7ceefd4f41f12d8806ac52ee4dc49f95,6cab2c02a8a74b8ca16956d7e5714fa1,delivered,2018-01-05 20:33:32,2018-01-05 20:40:24,2018-01-19 00:35:59,2018-01-29 18:29:25,2018-02-16,f7471d502dd946e0a2cb6020bf076808,2018-01-05
f733e2c200f38406f8a21125a05a5670,0c320426834dddd6c276e7b22b715831,delivered,2017-05-08 16:43:57,2017-05-08 16:55:16,2017-05-09 09:37:57,2017-05-16 14:37:55,2017-05-31,a69bef5647b75971231f728de0fe91f5,2017-05-08
4214cda550ece8ee66441f459dc33a8c,be4ecdb7c9401fd98ed01456634cfcb2,delivered,2017-03-21 17:39:19,2017-03-21 17:39:19,2017-03-22 10:26:53,2017-03-30 15:05:20,2017-04-25,79403f8240aafdd83128106b5b48fd43,2017-03-21
a69a5c4111d73ce3dcdf4f24e97ef673,df3b3047bc5c1a8f41b128b649d37d83,delivered,2017-11-01 10:59:19,2017-11-01 13:06:27,2017-11-03 18:50:02,2017-11-14 21:42:13,2017-11-27,6a09b8412b1e72b3486c67bc14ac42a2,2017-11-01
01b4a2ad3420c19a1c7c402513e7725c,29fe805fdb52514ef2b8cd76491d1bba,delivered,2018-01-09 08:52:54,2018-01-09 09:08:29,2018-01-09 16:15:00,2018-01-18 19:52:51,2018-02-05,ce6739893b38038e0a51a8c8654b1774,2018-01-09
2459150b1b6791d5e62fc0752dcf6b91,7eb46835088fbcb521879c97a9e250c0,delivered,2017-07-06 22:40:27,2017-07-06 22:50:15,2017-07-11 16:44:39,2017-07-21 18:52:19,2017-07-28,4e8ac8f8c8437c809703dac113601ca4,2017-07-06
bc73e8deb8fec536f3e4c8340d37a8ce,223683bab5c2d9cb1ebf9eed851e45a8,processing,2017-12-28 21:49:55,2017-12-28 21:57:21,,,2018-02-02,8ab41c000f193f0c85138278e1b35846,2017-12-28
3d76cc1cc5ebdd45a03c0b51f79d43b1,6b00fd163c9fdafc7b423a98d9b2f690,delivered,2017-03-06 10:10:19,2017-03-07 04:03:29,2017-03-07 12:58:24,2017-03-10 12:04:47,2017-03-29,8870c2abd48d72e99d1664229a1f5e41,2017-03-06
829e9bcb88d163d9d6b6da8e8c396bbd,40400b45ffb5a864368b93d8f64451c2,delivered,2017-10-26 10:38:04,2017-10-28 02:51:22,2017-10-31 16:35:54,2017-11-09 15:58:38,2017-11-22,7c4b40bb2b820e20b226a5a615e357aa,2017-10-26
a4e36eea7c04210e13a89cd7f5bb93e8,e08f833bd017509e66ef49e6cfce824e,delivered,2018-04-07 19:59:55,2018-04-07 20:15:11,2018-04-09 19:48:36,2018-04-17 19:32:47,2018-05-04,c6e818fd9d2e848a51e4e213d658d466,2018-04-07
2c3bfbf5ecf75f13c01dd54f87ebbc36,1abb57edde8de48e9d6e1c1f3930fb34,delivered,2017-07-24 18:13:58,2017-07-25 06:43:10,2017-07-26 11:07:51,2017-08-02 18:36:00,2017-08-15,b1c885eefe54ec56820890b019e0540d,2017-07-24
0c58a94fb3bbbbca032e333885e6c2e9,bcf3fa82abfa5cab3d2910b999fa8f07,delivered,2018-02-15 21:18:50,2018-02-15 21:26:39,2018-02-16 17:48:33,2018-03-06 16:27:00,2018-03-07,838accaac392df91e07d025f32ee9634,2018-02-15
c1884aecda51600a6dcb16b487464fdd,d447c53562902a00d2ece8c6a1a13102,delivered,2017-03-11 21:01:24,2017-03-11 21:01:24,2017-03-15 15:32:52,2017-03-25 10:18:42,2017-04-17,3fc82d674da816bcfb001f19e4732557,2017-03-11
40b6a430e16e22f01fcf64a0a39d8aad,bf89b65c75259700abefe8c5828d7010,delivered,2018-04-26 12:01:31,2018-04-26 12:15:29,2018-04-26 14:04:00,2018-05-05 17:58:32,2018-05-22,7f6b5df9c365fd7f174995b66dda1277,2018-04-26
aa8d4db5d9342de37eb7945647d995d5,a51d85846771a83871867ee079b819f4,delivered,2018-01-28 14:29:15,2018-01-28 14:50:23,2018-01-30 19:14:43,2018-02-06 14:52:36,2018-02-20,dcabe5d0429e6eb485e7af9e81c7dcb1,2018-01-28
5cdaa660eb08635df23ca69011e9b5ce,1fc4cb255f4388f910777214ac9021c6,delivered,2018-03-23 11:29:51,2018-03-24 02:15:47,2018-03-27 21:34:29,2018-03-28 22:58:35,2018-04-05,708fbbcaa13e92334eede11fa5af2fe8,2018-03-23
893164a028d4c803fb8a597327b48488,cc8c2d369602910db921cc22d09aa33b,delivered,2018-01-10 15:50:32,2018-01-10 16:36:00,2018-01-13 18:14:24,2018-01-23 16:48:58,2018-02-05,442ad7ba94a268d72f436bcb3b663841,2018-01-10
b313c4c6f6035467d515a2e7e6031950,9adf38dde72b3e6f74335f97b2680f11,delivered,2017-04-14 17:43:56,2017-04-14 17:50:18,2017-04-19 16:06:26,2017-04-28 12:08:11,2017-05-29,6971ee5006902524460371fdbd952cbf,2017-04-14
98757611a90a81b5d191e3e5c78ceca8,3ac1aaa7b40f57b161835763ba125bce,delivered,2017-11-08 12:26:15,2017-11-10 02:55:49,2017-11-10 22:05:43,2017-11-25 12:19:07,2017-12-01,837b720668354ad30a5da42792f4c0a7,2017-11-08
7afcff8a70c8694553a96a768b4c19c2,36eb0c57b11107352f0eeb0824bd5cbe,delivered,2017-11-28 14:12:44,2017-11-30 02:26:50,2017-12-06 16:52:26,2017-12-17 20:32:41,2017-12-27,441b31db693293725f2f7e21043e4eae,2017-11-28
ef9ae36a629cd8f2a4d00cdc3691419c,bb04d6bffaa968f221005a9cbb28e928,delivered,2017-12-18 09:01:34,2017-12-18 15:37:23,2017-12-20 20:28:39,2017-12-28 21:33:04,2018-01-17,3032a9546067c1c3e06f886c700a5187,2017-12-18
47d11383b93b217d96defbb2ef1a209b,046f890135acc703faff4c1fc0c2d73c,delivered,2018-06-22 13:11:10,2018-06-23 01:15:48,2018-06-25 14:18:00,2018-06-27 18:18:35,2018-07-24,70601471b692cc0879300373118041ff,2018-06-22
acaaf1ded8aad100b7760b0ba16aad86,aad03b10f771077832a29862911f79a1,delivered,2017-09-09 13:21:51,2017-09-12 04:26:08,2017-09-14 18:33:31,2017-09-21 20:58:59,2017-10-03,da94d4626845802b678284be8d14cfcd,2017-09-09
ddc6faf8f6c347a8c369d7c2b7cc6989,c223939860940fd82bd05c7e02db0673,delivered,2018-05-29 11:59:12,2018-05-29 13:18:53,2018-06-05 12:34:00,2018-06-15 18:03:26,2018-07-04,c74ba3f35d41599f81c35e2646e2af03,2018-05-29
c8dfa9b022c03c9dbfe5e0fc504243e7,edeaa50f1c807316f652bda93c4d5f89,delivered,2017-12-21 07:51:04,2017-12-21 07:58:25,2017-12-21 22:12:24,2018-01-03 18:37:09,2018-01-29,8dcf2096a68ce8212a3f534ab31ee23e,2017-12-21
005e5166e99d1e4d0c4f808b0540ba94,0f2a7baf176f693c27c891360da9ef2c,delivered,2018-02-21 11:37:24,2018-02-23 02:09:02,2018-03-08 01:10:21,2018-03-27 21:14:59,2018-03-15,7e198addd609b9169441891b3f0df2b1,2018-02-21
375555206d0a5e78407912c60af6f883,d7533c2f12b14d1136cacbd6c0e6685a,delivered,2018-05-23 14:02:17,2018-05-23 14:15:19,2018-05-25 07:20:00,2018-06-04 19:09:45,2018-06-21,e3bef9f453ba3aa6bac8ca1e93869be8,2018-05-23
9e05a5c7ef1a7074746243745a430219,b6a347b55c80817052b0d04c1299daf3,delivered,2018-01-11 22:54:35,2018-01-11 23:07:27,2018-01-15 14:34:12,2018-02-16 22:46:51,2018-02-08,bbbce504c9e9c899d0384f88cd06edda,2018-01-11
2c1440ef98f5dc82a9936f1e55acecd9,3ba513bcd791c99551a3138697b48e3c,delivered,2018-04-28 17:46:04,2018-04-28 17:55:15,2018-04-30 12:34:00,2018-05-15 21:36:40,2018-05-28,5f3cdd64b6cb2c62c24c0afa10025793,2018-04-28
d884c6a73ee6bc49e4db45abae4f3490,2c8db57d87eae06ab00d1ec167f43324,delivered,2018-07-10 20:25:09,2018-07-10 20:45:35,2018-07-11 14:05:00,2018-07-12 16:34:47,2018-07-26,3baa54f04addc14aa4c461a37320db3b,2018-07-10
0dab86a2b3aa2b9f3d1149d2ca059ce6,6dacdd7ab3fe86501360607cfac57743,delivered,2018-02-23 23:18:14,2018-02-27 04:31:29,2018-03-05 13:00:11,2018-03-06 13:59:35,2018-03-09,4263f75ee4f1f1078efd30d4045320ab,2018-02-23
ef9c3f4c087b655a9255b0c846640e7c,c4a6eac004cba7cfbdfd86c647dcf9a7,delivered,2017-11-27 07:47:10,2017-11-27 07:56:22,2017-11-27 18:40:03,2017-11-28 21:42:27,2017-12-11,532eda7bbe1958af1a3de5eb3ffb3cb3,2017-11-27
e4e033a16cd8ed51faf3f16bc4d31156,8bb5ef8567547997f07558ee386a2452,delivered,2017-12-20 18:20:01,2017-12-20 18:30:40,2017-12-22 20:12:49,2017-12-26 16:13:52,2018-01-09,dd1c486d09049ab5ad36e561588764c8,2017-12-20
5ee65ec4982eb4667be9fba3b90fa184,27a932613712b4de8eb189a30a3877ff,delivered,2017-06-30 20:12:02,2017-06-30 20:25:13,2017-07-12 20:13:51,2017-07-26 00:34:38,2017-07-26,8ff1c66b0937eb3e43b4231afb2f7030,2017-06-30
c9a1595ae87467e3d6143d9c29542030,3c8ffb7e2d47b7dbf27a3524e6331078,delivered,2018-02-05 15:08:41,2018-02-07 02:52:32,2018-02-07 21:48:27,2018-02-08 20:09:27,2018-02-21,6a396b8b3108f4e59e0d22e6873c078a,2018-02-05
127b06830315a6224e76085943d1f565,71485e6aff99d0b5b003caf08e17829f,processing,2017-02-07 17:57:14,2017-02-09 02:43:28,,,2017-03-20,2d176518dbb1640107fd0f8b1349148e,2017-02-07
45eb4503d3f73099fb98d5fa26d2039b,fa4a5c28f404695fe4d6fa20d3822e58,delivered,2017-12-09 16:45:31,2017-12-09 16:55:48,2017-12-11 16:17:16,2017-12-28 19:43:50,2018-01-09,60038144dc3c3f74464c3453c39bfd6d,2017-12-09
ace58598846c21f25ac62b735a436731,b99054fd23768e0fc903c0eab8a83442,delivered,2018-04-09 22:40:40,2018-04-10 00:31:46,2018-04-13 21:16:54,2018-04-16 18:55:00,2018-05-04,bbbea7f167264b7236e4459dcb0a8838,2018-04-09
f3ac96719aada8e7d197ff55ddea4d12,cc680f5a69a1fa2b717acc340313c4e4,delivered,2018-08-15 19:38:26,2018-08-15 19:50:26,2018-08-16 11:53:00,2018-08-23 22:18:55,2018-08-31,338b674e2479fcfdc47cefeba0a41385,2018-08-15
c396df58ede55fc38761c0382b3bc791,2c5231dc7965bc16ec4e2b8dec37cf72,delivered,2017-12-14 09:05:11,2017-12-15 02:17:13,2017-12-15 18:47:26,2018-01-06 18:59:43,2018-01-12,ce3cf3ac5e131ddb0c0949c86fc73ffb,2017-12-14
5b800317354eb792a46abe15d89f7e80,b8f565881f1a50af58715e189a337100,delivered,2017-12-16 19:50:06,2017-12-16 19:58:33,2017-12-19 23:04:44,2018-01-03 13:42:17,2018-01-15,6bba76149cb0f52513ff95d502969893,2017-12-16
50d338eab6621c8872eb362f57f47fad,e52322c9ddf5421508cb543d91829c85,delivered,2018-03-26 11:16:42,2018-03-28 02:47:53,2018-03-29 19:12:13,2018-04-06 21:03:26,2018-04-24,4f8e0cd35c770318d9e8874c2956345a,2018-03-26
bd3fc7c13b5b892f17bec72d8c6824ce,67737af3b89804ad75d01d9f36ae2a21,delivered,2018-05-14 12:59:44,2018-05-14 13:17:19,2018-05-15 10:22:00,2018-05-22 15:56:20,2018-05-29,260898e53301ce7a48b5681f63c4280f,2018-05-14
261e56a43de07e1b1bc9e8615c8e8aa9,d37b279f2460117555674ab42f173063,unavailable,2017-08-30 15:17:09,2017-08-31 02:45:02,,,2017-09-18,e9afee56bf88242799eaf0f0c2853c1b,2017-08-30
23dbc396ba21c1bebfb9fc0185c55fe0,73ffc6da26f56063a93ebd8b9606dbd9,delivered,2018-01-02 22:12:06,2018-01-02 22:30:12,2018-01-03 17:33:17,2018-01-05 13:49:42,2018-01-23,793a2a2a73c49151a89114a7871eb1f2,2018-01-02
e98d5e05f90fd6600527ab0c1156cbe5,ad673cf21925de88ddf3041d4d8bbe5a,delivered,2018-07-26 13:59:31,2018-07-26 14:40:06,2018-07-27 11:31:00,2018-07-31 00:18:28,2018-08-06,2ddad95b2fbd8773e052c39e8d3c3683,2018-07-26
4449a71e066083e0ab4b2bd78df4c423,b1704059166b57898f4860dd1309c796,delivered,2018-01-23 15:09:07,2018-01-23 15:37:12,2018-01-25 17:46:36,2018-01-31 15:43:01,2018-02-20,d3a4ce5e579fccf1e83f3075e1b3bcec,2018-01-23
9a0cebd801c90d02abe53d221d4cb605,fac757b1842182c2765fcd9ae73eb806,delivered,2018-02-15 20:59:16,2018-02-15 21:10:27,2018-02-17 15:38:54,2018-02-20 20:12:47,2018-03-01,7d980414fa90e82d8fd2b7460aaca39f,2018-02-15
3955a17bc8a7cef95b535fb96e2abac0,790f9fb968e2516feeb6fa2efcf4c005,delivered,2017-10-06 13:26:42,2017-10-06 13:49:08,2017-10-10 20:22:18,2017-10-16 21:03:34,2017-11-06,d0d3048e6cca2e9fef806c50f4c2f34c,2017-10-06
4e859ec6c134b185e0102517fb986b4d,b4c4291f7c8e0d11b046622458f34b08,delivered,2017-05-03 13:08:06,2017-05-04 02:50:42,2017-05-04 12:40:11,2017-05-26 14:19:55,2017-05-26,b3a6784fab05edd31ceb7c5f5f4669ce,2017-05-03
614e6a3e3a3c1ef48fa89ab1e15da0fb,d8c38dd0361944b518966c4946a386fc,delivered,2018-07-02 21:51:28,2018-07-02 22:10:33,2018-07-03 14:54:00,2018-07-09 10:56:53,2018-07-30,877e3dbd1c8c0e919ff1add9c5aadf5b,2018-07-02
dc440c380cdaca851d50b4babb763a82,151728b591af91fcef8ae131a5746a97,delivered,2018-03-08 15:59:30,2018-03-08 17:00:31,2018-03-09 21:28:37,2018-04-19 19:32:45,2018-04-10,15b1bb7570661e05820cad0626dcf636,2018-03-08
39f4de18c3b28bba19ed3eeac7b9ee33,c1b8b898f68a9a9c7df33212d5366469,delivered,2017-09-01 15:02:34,2017-09-02 02:50:52,2017-09-04 18:10:08,2017-09-08 18:57:57,2017-09-20,3839c70ec5743c9a9207cb97683fe292,2017-09-01
fadbac33feb2a1e4f63dda6c1b6908b2,b7c9fb8b2a9ac4811c342a2693f6849e,delivered,2018-02-27 16:24:55,2018-02-27 16:50:00,2018-03-01 22:48:43,2018-03-16 21:05:05,2018-03-23,f4ae67524bc262b9fe7574d4007df896,2018-02-27
9fa4fbddf06979761ad62c2cb6fcd315,48c10ba322728565bb90db02e2ed0707,delivered,2018-06-29 18:27:05,2018-07-05 16:11:45,2018-07-03 19:01:00,2018-07-06 11:46:45,2018-07-13,a6d07e9af5c1a10994f572c37b3cac59,2018-06-29
67209bfa3f0c84a965b585ea6ed3ff8e,907f88caff04eb097b9fd8430d34d408,shipped,2017-12-25 23:27:22,2017-12-25 23:38:43,2017-12-27 00:03:15,,2018-01-30,1b35f8e75c3d1bd3572895aec5b79ae7,2017-12-25
ee79adbd6f648ea3c946d88fc8f3dd23,2323671c2d6713135f3ac686457b04d4,delivered,2018-04-10 09:17:11,2018-04-10 09:30:25,2018-04-12 00:04:52,2018-04-14 15:49:40,2018-04-30,e54013f22b11ceeaa5ee9a0d51076047,2018-04-10
3b401cba521461d124e0487ea53bb009,4d7041512edb1185f033b1d50eb87283,delivered,2018-08-04 19:23:19,2018-08-04 19:35:13,2018-08-17 15:28:00,2018-08-23 23:34:32,2018-08-23,cce3432f546c60893bd2ad7a2001148a,2018-08-04
e457a2de930926d39e56a93d5d53627e,67c4185cd715146c94e08bee4c466fe7,delivered,2018-01-23 17:13:05,2018-01-24 02:37:24,2018-01-30 01:38:37,2018-02-08 17:53:37,2018-02-20,37c759db8acec627a386cd7983075479,2018-01-23
f82fad0f66275ce506ed5b5c48138b08,6e0c9bef85839fa8f4107f3b0db5e4ac,delivered,2018-06-21 11:49:41,2018-06-21 12:21:56,2018-06-22 12:50:00,2018-07-03 05:44:46,2018-07-13,60bbf85d0e2d76455a8c9cb40f289038,2018-06-21
38e9145bfbed86212bf884f4a8420fcd,bbc078fbe2bb34f9a55897b99fd5c55a,delivered,2018-01-09 10:21:48,2018-01-09 10:32:47,2018-01-09 22:44:40,2018-01-22 17:04:50,2018-02-02,368c6d7db1389ffe82a1decd7018435a,2018-01-09
86e45b4f54438145ef4e56aafe0314d6,d692866d341e03251c309c8b6f49d640,delivered,2018-03-09 20:40:28,2018-03-13 04:28:08,2018-03-13 19:03:02,2018-04-17 18:19:45,2018-03-29,d5954d70dbdab5ce057d63cbfcd32cf9,2018-03-09
b0ff8e6a9bb47b224a599ff0c161006b,a160f351f9742dcf1732bb802b7fcd65,delivered,2017-09-28 22:23:10,2017-09-30 12:49:29,2017-10-02 19:40:08,2017-10-06 20:52:16,2017-10-30,dd1640a5d21d24d20ee6788725a303b7,2017-09-28
c618d3f25c239068c153e78f7d9edcf6,831bff098a1eb6eb624b3e6e1a537183,delivered,2017-10-26 15:03:54,2017-10-26 15:29:20,2017-10-27 21:23:38,2017-11-06 17:41:29,2017-11-21,894382535eef1ce243ec19088626be0e,2017-10-26
879d57dc015759bf30e71a20b5ae0652,085c3cdfa4c43fd07818db49409f7bc2,delivered,2017-09-24 23:00:55,2017-09-24 23:15:17,2017-09-26 12:22:02,2017-10-04 21:19:38,2017-10-20,19da55454167240f3a4a39430007d074,2017-09-24
9764559652cd9a07586f59136848e1f1,57c2f085b05b55969f44246acdf2b5ae,delivered,2017-12-06 13:05:37,2017-12-06 13:12:34,2017-12-06 21:28:38,2018-01-16 21:29:00,2018-01-17,b6fe953d815119f9d1f1a4e19f5d8277,2017-12-06
f29b2ca058a4371e9c8baaae26e7e1a3,e5edd00a011c09b7fcdf595c0da5178e,delivered,2017-05-21 13:03:32,2017-05-21 13:15:22,2017-05-23 11:05:24,2017-05-24 11:56:42,2017-06-06,1c0f77a98e3a13c2bc6b8e43b2e8a4f3,2017-05-21
a8a3eaaf155bc111acb10e0536a9e753,698bbedec1b23581c4ab4aee7270057a,canceled,2018-02-07 12:28:45,2018-02-08 17:05:57,2018-02-09 01:05:58,,2018-03-09,f26af5689353e4f341a4611f24e90aa5,2018-02-07
8a5a0a35111f447f72a0854ef30c576c,b8d2748eda17e24af2cdbf5896f40f88,delivered,2017-03-09 14:58:08,2017-03-09 14:58:08,2017-03-10 16:15:09,2017-03-25 10:39:31,2017-04-03,dd00b03dbf4de55fe71e509aa83ef3c9,2017-03-09
9c4b8eb5f1fb4f2b71018a6695171ca3,a341731cfc9dd5db5a49fea0ac04f97b,delivered,2017-09-06 20:39:57,2017-09-06 20:55:13,2017-09-08 19:43:32,2017-09-13 16:12:26,2017-09-25,f211894b1985adca8b6866556f7f6aec,2017-09-06
4bb0dade496fdb8b82cd2fe250996451,472b42bf049d640a9187977e0836c697,delivered,2018-08-19 11:10:02,2018-08-20 11:32:00,2018-08-20 14:46:00,2018-08-21 16:41:57,2018-08-29,96608443191b8d6ed17cb64b5a654130,2018-08-19
a47d9d942ab28a004f583312932bca8e,7d03c43800d4b16a114104fa658685c6,delivered,2018-04-27 12:55:29,2018-04-27 13:10:49,2018-04-30 16:40:00,2018-05-05 16:16:55,2018-05-30,218cd5dbb896e740c5230a227561bebb,2018-04-27
d28b9e0b37f4799ddad3d4599b1d160c,3f8c3a2a3d813e4ccf04a3bfa375d520,delivered,2017-12-30 17:25:15,2017-12-30 18:31:28,2018-01-04 19:52:51,2018-01-26 18:38:37,2018-01-22,be625075a2477b0eb34c9c781ad51bdc,2017-12-30
62a575a2a9f2c005b7ec7ff7dd76d5ee,8953a5c61a611a5a2779189ed24e6744,delivered,2018-07-23 19:55:20,2018-07-24 19:50:14,2018-07-25 13:40:00,2018-08-02 20:09:35,2018-08-16,1bd213456a494763b9c15492cf4d7005,2018-07-23
45942e54bf1edb4b2c481b77f7f8486c,744eaeaf58a86dbe348c4bf07a5b13e4,delivered,2018-01-17 19:03:21,2018-01-17 19:10:39,2018-01-18 17:42:16,2018-01-25 19:28:10,2018-02-07,086746205f37aa6b1539135d3d7a265c,2018-01-17
a97b999bd1190a8e2cfdd7c54b9f76a8,ebdb315fd2bb81221a59d02115a78c05,delivered,2018-08-20 12:20:33,2018-08-20 15:37:46,2018-08-21 14:56:00,2018-08-25 00:44:32,2018-08-31,f79cc616279f4ce0b5ce8e479c29b1fc,2018-08-20
52f3d979cd31211d1a3ef16a187def92,93e5f8d5d2e9f57e2c745e71861cd860,delivered,2017-09-12 11:17:32,2017-09-12 11:38:29,2017-09-13 14:53:58,2017-09-28 19:53:04,2017-10-04,d292ad21256bd552080d3990079866d3,2017-09-12
8cda3e06e93016da7b1b99e24398d19f,8f83e6b41895af70db99ce62f1e4eaed,delivered,2018-04-25 14:50:56,2018-04-25 15:12:16,2018-04-26 13:24:00,2018-05-07 17:46:58,2018-05-24,430783fb497508852cdfdbebb554c41d,2018-04-25
979ace0e958f3017f51d2b3dd92d9c28,091dbef0456b5c849a59e36748382ebb,delivered,2017-08-10 21:31:53,2017-08-10 21:45:18,2017-08-11 18:12:42,2017-08-18 21:32:08,2017-09-12,2ad1a50c46408a4177239d11911715e8,2017-08-10
f65bace465aae8e67ff3948524ca7270,59d620d657d548cce67b86bf39adc5b7,delivered,2018-08-01 22:44:09,2018-08-03 02:43:59,2018-08-03 11:20:00,2018-08-06 13:21:51,2018-08-27,cc47189ca6fe811e553fc45a379c42e1,2018-08-01
9b4ecacef8574e8bc05697a77c8437fc,d3ae9463bbd0a245451be4e0eba78726,delivered,2017-04-21 10:20:58,2017-04-21 10:30:13,2017-04-24 16:00:26,2017-05-02 15:39:50,2017-05-15,decce2b83128f16e56ddbfed372b5942,2017-04-21
930fff097a9427c8a9a70559aa36fa76,dc56b538928bb9f7212da239e24cda3d,delivered,2018-08-22 11:52:54,2018-08-22 12:05:29,2018-08-29 07:48:00,2018-08-30 21:06:43,2018-08-30,3fa1c17af99ac89a176ecf62649d30bc,2018-08-22
35d75af8e37e575e033ae1a48c1236ed,3580bb0836c4408b4b03c8ea4a43c147,delivered,2017-05-16 22:35:38,2017-05-16 22:45:17,2017-05-19 14:04:10,2017-06-02 10:49:55,2017-06-12,335d09e82cbddc9d4b81e0c68c227f84,2017-05-16
eef5a4bd5dd37ec132d383869df85eb1,0ebcaedcc19c16f38153ce813742e545,delivered,2017-08-02 23:08:01,2017-08-03 20:03:20,2017-08-04 16:06:00,2017-08-10 20:42:15,2017-08-24,1a39704fa1459528597c7e52f99e39d4,2017-08-02
88a63f5cd80c851070a20452bd83d4d7,511bbe422e11b19a7ff49a1790705935,delivered,2017-04-07 20:13:18,2017-04-07 20:23:19,2017-04-12 06:52:18,2017-04-28 16:23:53,2017-05-05,39b9b744242384edd2e84005788222c1,2017-04-07
d4dcec44106e7301b362ee4b771b7ff3,2154edd1de40ff360dfd3aa55932a64b,delivered,2018-08-22 14:18:02,2018-08-22 14:30:23,2018-08-23 16:03:00,2018-08-30 19:44:28,2018-09-24,64d9e123f9c1c1d2e51776e228b69a9e,2018-08-22
e5c14726728e5706fa969a03fa9102db,1305f0abb26461769228510330f77666,delivered,2018-07-23 13:23:49,2018-07-25 02:44:26,2018-07-30 12:24:00,2018-08-06 13:38:48,2018-08-16,3c804d0d0b464b093ba0c374468e3641,2018-07-23
ba506068ed3555effa5ca62cd1b22225,5729693cc754e134be2566d2369795a0,delivered,2018-05-28 15:23:57,2018-05-28 15:56:12,2018-06-02 09:05:00,2018-06-05 21:26:28,2018-06-20,b81eca43fe8c406fd5e82971283b7dfb,2018-05-28
43e9d6cfdcf9eaad45b8fb0a3ebcd521,8b02f8ef59c26d8b31e7d0b9e844a680,delivered,2018-03-18 20:16:55,2018-03-18 20:30:26,2018-03-19 19:28:22,2018-03-20 20:24:41,2018-03-29,e704f7f112e90ce7f1e862ea23ab959f,2018-03-18
5be9662cf57b643907e692632ff63fdc,f9f5b9bfc5b9fdceb180b9227737630c,delivered,2018-05-28 10:04:33,2018-05-28 10:15:12,2018-05-28 14:08:00,2018-06-06 18:59:07,2018-06-29,c6a33c46fa9bb38f09cf2fe802486203,2018-05-28
45415297b8a47870774692ea63d6f248,e93f39d199373faa6311812019f179e5,delivered,2017-11-28 15:28:38,2017-12-01 11:32:09,2017-12-01 21:38:45,2017-12-11 15:10:11,2017-12-22,a0745eca68707a7b5e72950d89974316,2017-11-28
2b0d2d60eaf705257bf8fc3eac1680d6,fbd2a08da7b03d6aa249b3b68ce13170,delivered,2018-04-08 12:39:48,2018-04-08 12:50:17,2018-04-10 20:45:32,2018-04-17 19:38:32,2018-05-07,ac95cdab584cac0e86ce97a5399ecf79,2018-04-08
e099ad1acc21f0abf4a378d865bc98bb,c82cb2106ee57d610d888da02a040b6f,delivered,2018-04-14 14:24:27,2018-04-14 14:51:51,2018-04-17 19:08:36,2018-04-23 17:12:27,2018-05-24,3dade23e5226fae15f443c13fd025547,2018-04-14
1e6f7a3666909b73be23bb1937571c27,6c7040281f5d03503ef2d5866bf40896,delivered,2018-04-30 18:55:10,2018-05-03 04:33:04,2018-05-04 08:42:00,2018-05-15 23:24:48,2018-05-23,236e7060f103dd646b63c340baedd2a8,2018-04-30
62640a90dbc0dc6dedc1ce5925e36e00,841a10b36f795c595b69ae09ee5b34b8,delivered,2017-07-31 09:47:12,2017-07-31 10:03:08,2017-08-01 16:04:49,2017-08-03 15:59:11,2017-08-18,51123d30e274aeedc27ae7f4d1abed14,2017-07-31
cf6216ebb7cf47589938fa83341bba0e,67e9e30e4c2cca9243f671d7ac6a7f73,delivered,2018-04-17 22:33:25,2018-04-17 22:51:44,2018-04-18 18:26:21,2018-04-24 18:03:30,2018-05-14,b9418b51b680453c60d08b04eae74fe6,2018-04-17
bc546e284ba8c6c9895808284985b24a,353608eaf3b311dbca6723b003449fba,delivered,2017-07-29 18:17:27,2017-07-29 18:30:16,2017-08-02 19:40:19,2017-08-10 16:28:06,2017-08-18,5432b107e647d9267e6c2cb5cd7620b7,2017-07-29
9cffb1e19a2d93d7959976c5d5c11138,cd361dc0e1c92d4c4697f9af769dabfb,delivered,2017-10-03 23:54:26,2017-10-04 00:07:20,2017-10-09 18:33:27,2017-10-19 22:27:25,2017-10-27,ceae573284b9faf72e72688668cb193b,2017-10-03
cc989a89a90abba764e86887625e7e26,99066eef70c41483ce836d19832c5a00,delivered,2017-08-20 20:43:57,2017-08-20 21:04:13,2017-08-22 20:52:16,2017-08-28 21:03:37,2017-09-13,1647c6dc2941bd075dc5dd3448807bed,2017-08-20
bcacde1646a9bcd27d5e0fc25ee685ec,37cb538a289c48e58289faddeed638d5,delivered,2017-04-26 17:54:37,2017-04-26 18:05:11,2017-05-02 15:35:27,2017-05-15 15:18:50,2017-06-05,98d2fc070f4afbd02c5788eacc6949c5,2017-04-26
ff33972f5d8e34bca2482d0c6bcc825b,e8c134628117267d5f4865c6abe768ae,delivered,2018-06-08 21:30:44,2018-06-08 21:53:22,2018-06-11 15:23:00,2018-06-19 16:03:54,2018-07-11,af4b424f33dfd210b52e5d5abb8e1f6b,2018-06-08
846e3d199aae8a67c1d6a2ca48889bdf,07e1c3725f2f8d2e91fdb691f0b3152d,delivered,2018-08-24 20:24:26,2018-08-24 20:35:21,2018-08-27 10:44:00,2018-08-28 20:50:57,2018-08-31,6dc3025e3a2d87b9a372aeb03bea0e4e,2018-08-24
db4c3f7858a333ee70e9bbf31768f704,855b3bf88a29a543905f5d4f10860f7d,delivered,2018-01-11 11:26:04,2018-01-11 11:36:28,2018-01-17 23:38:54,2018-01-19 19:32:06,2018-01-30,0e3d23c5a3d85e6c0bfea5187cc9c671,2018-01-11
032a25a524b766bdb806500361630bea,00bd2f03a3aeb727b9c7bf7c2a1c094b,delivered,2018-07-11 17:59:45,2018-07-11 18:10:17,2018-07-16 10:07:00,2018-07-25 23:21:50,2018-08-13,07187f9425311d0bd2a5451169bb8c3c,2018-07-11
673eb3db9ca5cc9c43b62b0052e65da8,5011c9671431b13cf35e52d7790fba17,delivered,2017-02-24 15:52:14,2017-02-24 16:05:15,2017-03-01 14:38:54,2017-03-10 07:24:06,2017-03-23,1c0cf9285ceca995c0f19dff3745cbc7,2017-02-24
99d77f27c8ce75d51ce78cfe695ca1c3,eb4f40368c958563004db00314d45274,delivered,2018-07-09 19:17:36,2018-07-09 19:30:23,2018-07-17 06:38:00,2018-07-23 17:03:36,2018-08-07,c70d5530b55e9fd827644803d24f7f4f,2018-07-09
861c1e37638360f0b8662592bc56f3e5,9a8cdb558b4a01fe8db50c413c649666,delivered,2017-12-18 22:22:16,2017-12-18 23:19:23,2017-12-21 16:46:54,2018-01-05 21:38:45,2018-01-15,9fcb0756c46276eb0ce1692395724147,2017-12-18
d77c90347fa4a918af7227743da9ecff,40635ca19a9ac706c671229712c6f76c,delivered,2017-09-15 00:22:32,2017-09-16 02:55:55,2017-09-18 19:52:13,2017-09-20 17:24:03,2017-10-03,812c25b1fb68b022482748e24a1a74c6,2017-09-15
deb733aececa59120f37a6395d57c4c0,d8a9d769f268e4800b019a0d8c2328ae,delivered,2017-07-11 12:53:26,2017-07-11 13:05:13,2017-07-13 21:37:38,2017-07-19 22:06:30,2017-08-04,e10193dae6c90d2807b69286e1207208,2017-07-11
867323864f390e786132fb596893b398,365ea489aa1e81ee23c0a26c918cecb3,delivered,2017-07-06 20:55:38,2017-07-06 21:05:13,2017-07-10 16:47:57,2017-07-27 19:21:38,2017-08-01,e226f1eb3c1567ca3924ac574f7250ba,2017-07-06
d280ffa94ba8d94d4fc416ee85612a52,00796be07bfc87dad2e31ef15490a718,delivered,2017-11-09 14:07:54,2017-11-10 03:11:04,2017-11-10 18:42:00,2017-11-20 20:12:25,2017-12-01,570eb70ff97166b85ea96be3bfb65fef,2017-11-09
b88cd65e1d90bf6e185bf9b6f0b614cd,b3d9d64d67b27599d01bb7de17a92ab8,delivered,2016-10-10 12:54:46,2016-10-11 16:13:11,2016-10-15 16:13:12,2016-10-18 17:13:12,2016-11-30,7965955995b477fd7c304f4caf2c6d26,2016-10-10
34fefcb94e75fb1b7a0cd863796ce6e5,04d00072237ea49b7decdfe6d22f98af,delivered,2017-04-06 10:25:15,2017-04-06 10:35:39,2017-04-07 16:15:53,2017-04-15 09:22:32,2017-05-02,106e0497270dd197f3911ddfd9251552,2017-04-06
0a671290b0be76ffb379a3c0031d2f44,c1e0d14af8d9b536de4a169254aa6429,delivered,2018-04-25 17:31:37,2018-04-25 17:52:33,2018-04-27 16:40:00,2018-05-22 23:51:02,2018-05-18,9a90907f6c5a8792225c6274e00a4261,2018-04-25
882abff9de7349a0ba8503f90af0a5b5,97de3598245baa770e5de733a1f7273f,delivered,2018-07-28 17:36:59,2018-07-29 17:30:12,2018-08-02 17:46:00,2018-08-08 16:58:39,2018-08-20,f3145438007e70fb9bd4fd460b20dc78,2018-07-28
43820afb33cfe47a6bbdc81d3fb51aa0,b6b9f3f1509ad186e09edefc447078d4,delivered,2017-10-24 18:18:17,2017-10-24 18:28:25,2017-10-25 20:58:32,2017-10-30 20:52:15,2017-11-13,5fb5bf48cd408d971f873069e5178898,2017-10-24
2a56c0c034674a4f3655fdbd44d8df8d,68ac50b4985070c79a1bf8153c381918,delivered,2018-08-22 09:20:10,2018-08-22 09:30:13,2018-08-22 11:47:00,2018-08-28 00:32:05,2018-09-11,ff176d08b6e19c92b5ccfcdfa01cdffa,2018-08-22
d6146bd142ef3ffa19fed2bcc5cab997,332dbedc045320b8aa3355bef2ed5ccf,delivered,2018-05-15 23:20:55,2018-05-15 23:35:15,2018-05-16 12:54:00,2018-05-17 19:16:30,2018-06-08,296bec20c55963130531ffcae9e4c276,2018-05-15
74eb09c234059210020478373826f860,70754af9f9ac781098034cfbb00f6d87,delivered,2017-03-28 17:00:27,2017-03-28 17:15:07,2017-04-04 10:34:09,2017-04-13 16:05:17,2017-05-08,28045a6a1ab1aab92e8db81ad3ef4845,2017-03-28
da3ecfa6e09fbd397cd3ba07a6859031,f6876851a8a4fc53646d4f30d35159fc,delivered,2018-03-31 18:54:10,2018-03-31 19:10:19,2018-04-02 16:53:34,2018-04-19 20:02:20,2018-04-19,7267d592a23d1a656eebbe90e21c3a92,2018-03-31
17c724b30cf8da2052338addfe28fefe,a92814cda208d3b99d729359a729f77d,delivered,2018-04-23 21:39:06,2018-04-24 18:33:58,2018-04-25 12:24:00,2018-04-30 14:28:45,2018-05-23,cc617bfe83c254c559215bc9fa50b88c,2018-04-23
d65f5dae0f306445c7b9d4a37a07f1b7,11a780bb84926a4090819aa9d2969b72,delivered,2017-12-13 13:58:18,2017-12-14 02:14:40,2017-12-21 17:49:01,2017-12-28 15:45:45,2018-01-08,5a389ac5b0d87b8b5250504852659845,2017-12-13
b73441a4e7a49b06d7219c969e5af0ef,4059656b16a5a2a93e9c0516a81ec52f,delivered,2017-09-10 12:22:47,2017-09-10 12:35:12,2017-09-12 18:35:55,2017-09-18 12:30:29,2017-10-02,0ff88f0dec35872e019c0f64daf3d1d7,2017-09-10
86f86502108b157c71437274d7a60be8,829605f711a1b775979373d642c17736,delivered,2018-08-21 10:48:12,2018-08-21 11:10:09,2018-08-23 14:09:00,2018-08-30 16:45:49,2018-09-10,7f8edb8ad7a9ae9e9351c0e57d226879,2018-08-21
8765f11b44250ff934514b69beaa1535,69ce10abd6955cc99646ae8b9bcd49e1,delivered,2018-02-25 15:25:19,2018-02-25 15:35:26,2018-02-27 04:16:59,2018-02-28 21:04:56,2018-03-14,d7578d8f825504e91af5ff2e552e2702,2018-02-25
67a133230aa69348648d14a177951fa6,96293c4b062e3cc55e86f6e843e9fa02,delivered,2018-05-29 21:30:08,2018-05-30 16:16:25,2018-06-01 15:10:00,2018-06-07 16:24:25,2018-07-03,e39bb16f1f3471cf79798676265d1247,2018-05-29
93e41e75d4dfc53553b20b0087738e4d,167952abef450eb8fc56bbf828db72e7,delivered,2017-11-18 18:10:22,2017-11-21 03:33:26,2017-11-21 21:53:47,2017-11-23 21:49:50,2017-12-01,08dad77aba35e08dac6e113a1c01d2c0,2017-11-18
e32a3048899c0e892845b12e78d039f5,b0679aa1778eff69e006fb323de25f22,delivered,2018-02-21 10:03:23,2018-02-21 12:27:40,2018-02-21 21:13:16,2018-02-27 12:47:03,2018-03-15,e66dbecf77f521f7970b116494a2414f,2018-02-21
07c25d3d928865cf442fac10a30163c0,c5ae7356add4217aa8e2d1677f60e49f,delivered,2018-01-12 10:40:17,2018-01-13 02:28:27,2018-01-15 17:08:52,2018-01-24 17:34:57,2018-02-15,83dfc040da239e9638aad258ea6f171b,2018-01-12
f65a0c0fc75a9ddad01b101ed5ae2e38,3609e81d0c4d558c178307ccd23540a5,delivered,2018-04-23 21:02:43,2018-04-24 18:12:48,2018-04-24 19:58:49,2018-05-02 20:36:44,2018-05-23,e62ea6d493a177361b35e9d0a743c61b,2018-04-23
712735486b60bc6aa8da903bf80c8a96,dfde4831d648dd3f56cdb221ef844e3b,delivered,2018-05-02 22:54:52,2018-05-03 00:12:56,2018-05-03 16:40:00,2018-05-10 17:21:22,2018-05-25,0a3f9f5825ce4a7aed31e400139f49e9,2018-05-02
c0c079ac0cf555703f5980f134cf762f,6d207800b2bf351d5589a2355a5b86d8,delivered,2017-12-19 13:11:33,2017-12-19 13:43:16,2017-12-20 16:52:07,2017-12-28 12:39:02,2018-01-15,a3f3cf61aacf1e74c0d821c5c5d46749,2017-12-19
b5548f1e1d8138e39efdf8b24c93bbd3,57a08db4c4e6f5698f07f80b11081805,delivered,2018-03-23 15:56:58,2018-03-23 16:08:48,2018-03-24 00:57:38,2018-04-03 06:44:32,2018-04-11,85a40d711d7e0546cf82bb776fcdbd44,2018-03-23
3b392a9a8d9765f668c57eee0f0ae054,51296a16038830c3706b54fcd4af0e86,delivered,2017-12-19 21:30:51,2017-12-19 22:32:56,2017-12-20 21:25:53,2017-12-22 15:33:49,2018-01-08,f33b8824f140e2f21e2a340a4552c862,2017-12-19
74331f5076bce90829fb2bb33e9d4fc2,ff46b4411cd7dd62403e3d6df6ea8059,delivered,2017-06-12 21:20:17,2017-06-12 21:30:21,2017-06-13 15:12:35,2017-06-21 16:14:31,2017-07-07,c3599131cc089add5823cadec0ec88ee,2017-06-12
49379667c1feebaf34be9e13b01210b9,dd8c7dea65351643d9fdc3256b822f08,delivered,2018-03-27 14:36:07,2018-03-27 14:47:55,2018-03-29 12:26:33,2018-04-06 01:14:35,2018-04-09,988170bc0ea4f91f194a78fe0a954d45,2018-03-27
1a1ddb5980f9699031296734e1b01187,9844c04cb1fe2692c7346016ef7b3254,delivered,2018-06-29 19:26:47,2018-06-30 04:35:15,2018-07-11 14:39:00,2018-07-14 11:32:06,2018-07-25,44def23f0c27fbe3dd30a79b3ccdb55b,2018-06-29
8dfc586b5e7803bddec671925c1ca06c,367605b57e5253221b9d9fd586e4bf89,delivered,2017-10-05 09:00:21,2017-10-05 09:14:10,2017-10-05 19:00:11,2017-10-18 18:33:02,2017-11-03,4114eae158719f038a40a33aa4be5678,2017-10-05
e2a34138116519cb702c72c12aeb99fc,1976d7f092d9e30dc6f65e2b890f67f5,delivered,2018-04-04 14:19:07,2018-04-04 15:30:20,2018-04-07 00:12:53,2018-04-23 21:29:29,2018-05-02,dd0c3f3af94f2d203f2ee8baed6eec66,2018-04-04
3ec588a9ef40bcc380a1f2401409b13b,59f4dbb9f66a941a534980a5311ce9b3,delivered,2017-12-09 13:45:47,2017-12-09 13:55:23,2017-12-12 20:45:10,2017-12-29 18:07:35,2018-01-05,2718bf40ffbf0f9e08988575ade1bf4d,2017-12-09
9f81963426ae1cb630eecb995323381c,feb44f156b74bd87b3cd5c0fb24db4b0,delivered,2017-12-03 12:49:01,2017-12-05 04:13:31,2017-12-05 21:38:40,2017-12-07 18:39:24,2017-12-20,7e37b836b189d010448b19815a599a16,2017-12-03
5ad4c42b55f95ad02ba670fecbcd0540,deece27ba0aadf232c43fb1f379174e3,delivered,2017-11-24 23:29:00,2017-11-25 02:32:57,2017-11-27 17:32:02,2017-12-01 20:12:40,2017-12-18,d8fdb98e13195529e2de1acdfa129e74,2017-11-24
a4b3642789b54e8f4e9effab48c70c7c,c5496720a0757e26b8f89cf82c07a072,delivered,2017-11-20 14:24:50,2017-11-20 14:32:38,2017-11-27 14:52:21,2017-12-22 18:43:01,2017-12-14,0c5e67fdba0da3e3df3b0a9b0f617c7a,2017-11-20
6d4d21ff3677c130cd3c6937482487eb,50966ab7a02e6f14ff2b81c938932200,delivered,2018-04-26 16:36:35,2018-04-27 03:51:10,2018-04-27 11:19:00,2018-04-30 23:21:57,2018-05-10,b1e3a89f390098128c40f6ef2c98b344,2018-04-26
69179b97c4e4774ae379e88e67339627,882a4e408c1653a16c5fb7fd54e6aeeb,delivered,2017-09-11 13:36:22,2017-09-11 13:45:20,2017-09-14 14:42:15,2017-09-15 22:56:55,2017-09-21,386cdae2eabdaa39bc970f5ee88549a0,2017-09-11
efecbe94397ac7e562f6b566abfc08ab,742b3a1a3d7523219121cf91b522b53a,delivered,2017-06-13 13:45:14,2017-06-13 14:03:09,2017-06-14 16:32:01,2017-06-21 16:52:15,2017-07-04,fe1990c6ee87393318fa63bad46662a3,2017-06-13
5a23dfaecf3aac7ca8bbcb6259eb4ce2,99735c2b6ea9221b65fc53e799037ac4,delivered,2017-11-06 14:13:12,2017-11-07 07:30:48,2017-11-07 17:18:25,2017-11-16 21:03:27,2017-11-27,0da5247e3af1907adfb86f93c6f769f9,2017-11-06
941eccbab1cd0aec1888e669e608e5bd,135366749a34710bc46eb15cb5db3531,delivered,2017-06-22 20:07:39,2017-06-22 20:22:41,2017-06-23 10:27:45,2017-07-21 15:28:01,2017-07-28,055e3d2a2a5a60055ea33e135227bf99,2017-06-22
431d455c1221ca2a6d50dcc4da83246a,c6396a2ea2a0c2af1f9ebd8a0e498d1f,delivered,2017-12-28 15:25:20,2017-12-29 14:27:32,2018-01-02 16:05:01,2018-01-04 18:10:32,2018-01-17,11b9187a3b182f36ef49b0d36af5f1d0,2017-12-28
6711fee36dd6c08f101b5b21eb439ddb,22c855868c3faf25b1273834d9b187a7,delivered,2017-05-17 19:22:19,2017-05-18 02:22:50,2017-05-18 11:40:35,2017-05-26 09:33:29,2017-06-19,cf4521a1632386922541928abd69ab42,2017-05-17
d0c74e12dbbf527b5557190c591ac98c,688f35cb57847aae242f01cac66e6137,delivered,2017-07-11 09:31:56,2017-07-11 14:30:21,2017-07-13 16:13:33,2017-07-17 19:23:45,2017-07-26,39e7e12f9686e91e6d62ca2b4a96926c,2017-07-11
94f400290d0a1008d5799712f1abcbea,36e037daa02d2286656c8fec46133136,delivered,2017-12-30 08:45:09,2017-12-30 08:56:21,2018-01-05 20:34:33,2018-01-15 22:21:49,2018-01-26,b1ff16ceb81f9abfb0f76ab05d1c13f2,2017-12-30
9b643bf8a8614206d936530d416aef57,e1b64e8d881811f9914cc891ab48ee89,delivered,2017-11-22 11:42:43,2017-11-22 11:54:27,2017-11-23 20:29:19,2017-12-19 16:04:42,2017-12-11,5995c21133c9ac12c6da5253daf5b40c,2017-11-22
a6d306fdfa4582a936be85949cf98a50,432f2e83c75cd332b78bf80f85c4b9d8,delivered,2018-08-17 10:48:14,2018-08-18 10:50:34,2018-08-20 09:46:00,2018-08-29 19:51:00,2018-09-06,b40e4649a88cc75bb78bd53984cfa3dd,2018-08-17
5c26fc72dfb3f4ee72fee72d193d62a5,e7c04f8aba1cd41dc50ca867e170c352,delivered,2017-09-16 13:24:07,2017-09-16 13:35:10,2017-09-18 16:15:42,2017-09-22 19:28:53,2017-10-04,be478db94af6a51b173d6719e3b8b828,2017-09-16
3e8a5d740a1e7db9eb5bdc6262644e88,0a80080a56579c6f51865b39c589b3b3,delivered,2017-11-03 18:03:26,2017-11-03 18:30:23,2017-11-06 20:15:08,2017-11-10 14:12:07,2017-11-23,a327e24eb412d88da38902427a3cf4bf,2017-11-03
44349f952ea4f26d94db5a15ef6f66ae,5eeb5555fe1eaaa8b3c68b87244b68e4,delivered,2018-05-10 16:43:25,2018-05-10 17:09:22,2018-05-17 12:43:00,2018-05-23 17:31:13,2018-06-01,957841865281b49b1f962e67dcb61b0b,2018-05-10
f6e680d7d727a699aa6a16bc524be196,4018b24eae5aab1b61cdd21b8dd86aec,delivered,2017-10-11 09:31:32,2017-10-13 16:49:43,2017-10-16 20:40:00,2017-10-17 15:48:57,2017-10-25,e3b735928c0c271286498af9380fb8f8,2017-10-11
b65db414b568d2c8b1eb008f7ea04096,754c940809abbdba13ef02e5e141b729,delivered,2017-02-03 11:33:20,2017-02-03 11:45:09,2017-02-03 13:50:36,2017-02-17 16:43:50,2017-03-02,8934c160f9f016e15f2823b6d54909ea,2017-02-03
f7f3e95cf456d7a1ebede3e7c3cce324,4dfee415924b098c74710e32070db47a,delivered,2018-07-02 20:11:18,2018-07-05 16:04:38,2018-07-04 08:02:00,2018-07-05 19:30:53,2018-07-18,47ecd04b2dbaa149d1fa634dc8b2d8d8,2018-07-02
ed2df92b95519613e72472fc57654e32,69294d8ca2e350d2295610b59a5294c7,delivered,2017-02-08 21:33:15,2017-02-08 21:45:20,2017-02-13 09:30:37,2017-02-17 16:36:56,2017-03-14,69a02eb6a406310b3472bd0cdf51bb69,2017-02-08
c7dd54b6015ecbd1bb94612862927514,7db05161725ac1df6eb73ea54ee0008b,delivered,2017-08-10 07:51:41,2017-08-10 08:05:15,2017-08-14 15:14:09,2017-08-21 20:14:34,2017-09-01,f3be6d92961af1e716ae274e0e8d8244,2017-08-10
186fc1aa898961515ca374b0a320f6e8,673b4323290db500f41f08839f6d62eb,delivered,2018-02-12 12:44:32,2018-02-12 12:55:54,2018-02-14 22:43:46,2018-03-19 14:26:55,2018-03-13,a03aab593e073c597b0d88ff2b17fd41,2018-02-12
b3242decb71b67b79f3b2069effcbaa2,ce730673fbb235448dccea069e34b64d,delivered,2018-04-08 22:18:41,2018-04-10 03:50:24,2018-04-10 19:03:17,2018-04-19 18:38:36,2018-05-04,f22be5271ec9cfe6dc20790e61fe65b7,2018-04-08
70807adf40446c39c3504cd513bcf3aa,fff200ad56bd3e1caa576cce9d282672,delivered,2017-02-12 20:42:26,2017-02-12 20:50:16,2017-02-13 08:57:55,2017-03-01 10:05:22,2017-03-23,7a0617df6cb8666f6db83a8d9786746d,2017-02-12
7bb854599c1f0c6bc0fc1dfd8a49e244,496092c6b78a42e0cd502fe42d698381,delivered,2017-11-20 11:46:30,2017-11-20 12:07:01,2017-11-22 21:03:21,2017-12-19 15:58:55,2017-12-15,98eabb6f29d352e0468aac1372508400,2017-11-20
6aad8a16f17436a086a9407258c150a4,20b21763accd4a567f5d11bf8e89d322,delivered,2018-06-11 21:03:47,2018-06-11 21:40:37,2018-06-12 14:35:00,2018-06-20 19:42:47,2018-07-05,eba8aa7786ed82f13d9ebd6783f2d14d,2018-06-11
24642ed9b8393cd8355bcc2e7cc6e7ff,20ef3d9f79879188544719d9ee117243,delivered,2017-09-07 17:11:45,2017-09-07 17:25:32,2017-09-08 18:39:58,2017-09-13 18:05:09,2017-09-28,e4c2f9f473b32b696e65abdc8c51296e,2017-09-07
88d0690c4598321b6166f806c2da7034,07efbcfb30cb5bc9848be5f17af8eaab,delivered,2018-01-30 14:04:57,2018-01-30 14:31:20,2018-01-31 22:48:45,2018-02-27 18:38:57,2018-02-26,9f13bdb4c0f5b6a3a6b5f4cf33c0121f,2018-01-30
9870d16ec4826588030fbb115e76ba70,4f0083922e333dbcac05a4ff42f6152e,delivered,2018-04-11 09:00:22,2018-04-11 10:35:30,2018-04-11 23:04:54,2018-04-17 20:36:24,2018-04-30,80c5c43430d230af635aaccdec61ab6a,2018-04-11
b038f6ae89bdd1fddd3b51ace3ff8b30,6f40052a8d45f8396c7446d4cea1826f,delivered,2018-07-03 15:48:48,2018-07-05 16:13:40,2018-07-04 11:19:00,2018-07-05 14:12:01,2018-07-16,00950dbc783342e164c24e09023ebcb7,2018-07-03
568e1e071d3191a1c23ad8ea7d6a8cbc,2f102d0fb5e6668b51fa5edc542254a8,delivered,2017-12-05 07:56:27,2017-12-05 11:11:42,2017-12-05 23:09:46,2017-12-14 19:15:47,2017-12-29,71b19f07ea0076597717c34541350ba4,2017-12-05
6cd30de23ae80f0c8c7439acece7ecd5,d4ef7f273c01134ab9dbdde58bca08c0,delivered,2018-01-23 00:05:39,2018-01-23 00:15:17,2018-01-23 15:57:12,2018-02-16 23:26:36,2018-02-20,ba93b30c40aeedd1996a5218a0edb45f,2018-01-23
6c0baa799dd3fa60c906590be84b0273,01eb75533d0297e3a47f6d40e866455c,delivered,2018-03-26 22:41:20,2018-03-28 02:50:39,2018-03-29 23:26:48,2018-04-09 16:48:23,2018-04-19,a9cb618eeb277ea66ffb0681cca2a504,2018-03-26
1c7bc1d2107c0101a38e3096fa42aa56,5c1fb0d5833614e60c4a2bc10bd5dce0,delivered,2018-01-31 22:04:08,2018-01-31 22:15:33,2018-02-08 18:28:25,2018-02-09 16:58:36,2018-02-23,32ff1dde3252a5ab192f8b8b52f64f44,2018-01-31
cebd090c9689c0cf282f067646f9c5ef,151fbaadc520b0f6a4a96965dd393a24,delivered,2018-05-29 11:23:48,2018-05-29 11:57:51,2018-06-04 08:00:00,2018-06-11 19:03:35,2018-07-04,2e72b1f55e154d67182cb0322a0b8327,2018-05-29
05ea910f7ffffe471fab783ea0d8e424,6b4604fc99e30a8ee23986529ee05c09,delivered,2017-06-20 08:18:43,2017-06-20 08:30:29,2017-06-20 13:52:59,2017-06-26 16:17:42,2017-07-13,303455eff9d155d26c9a7ed960fdd099,2017-06-20
2fdd35034a62541526bee9d3f287c2e0,124bd2cd4802bd7b4f64b19d46b53bbd,delivered,2018-02-18 09:52:05,2018-02-18 10:55:31,2018-02-19 19:51:40,2018-03-01 16:22:36,2018-03-09,8aedf194847a3675929c24576ddc0c2c,2018-02-18
711246846695fa895c1776f0ddc30b20,0fcd82f3be381d7a6f606313e6e2cccb,delivered,2017-07-08 14:55:53,2017-07-08 15:10:13,2017-07-12 21:49:31,2017-07-20 17:51:38,2017-08-01,6fc92189a4d83f8f8eb046b050ce8687,2017-07-08
0e93edf664c68e407889c757350ef76a,d2fb78d5116de6f334f7d6584b316869,delivered,2018-08-18 15:49:58,2018-08-18 16:10:04,2018-08-22 13:26:00,2018-08-23 21:39:55,2018-08-29,796214f3f3b496b3b116986185984393,2018-08-18
b892e2c2ecb74a9cca10c9dae8984043,6003af27083b57f0eaadcdbc42e69166,delivered,2017-06-27 12:00:57,2017-06-27 12:35:41,2017-06-28 10:44:09,2017-07-17 18:04:04,2017-07-17,a708496b0d4cec6f6ce374fd7eae540b,2017-06-27
a3d2d7bd607f48e67fa90453814180a7,8734fcb4937218b2065dd7a57a70eff7,delivered,2017-08-04 21:38:23,2017-08-04 21:50:18,2017-08-07 20:35:17,2017-08-16 21:36:35,2017-09-01,d6c445d0d835aad8c503aa9a0b5805bd,2017-08-04
c106f2772c1c3227637339f5d1833f5f,6d440263da0b60f585e26091269632f9,delivered,2017-04-19 12:53:51,2017-04-19 13:10:18,2017-04-26 13:38:14,2017-05-05 06:22:18,2017-05-09,323785a1649ad9bd7f2812512fe00931,2017-04-19
b56522f2eb41c4d499be5f343973d5cf,e47491820a6834b23c543d50adb9c7bf,delivered,2018-03-01 16:04:11,2018-03-01 16:15:28,2018-03-16 12:13:02,2018-04-07 10:41:03,2018-03-27,a1101f5a29a21c4bac2baeef692731a8,2018-03-01
052b7ade468bbc426187ed75fbc1fb3b,7bda2f42b18b59d03f8cf8d14368dd7d,delivered,2018-04-03 11:05:02,2018-04-04 11:09:58,2018-04-09 20:18:05,2018-04-10 21:21:57,2018-04-17,14e7273c0d9ae09ddca90384ab4a28e2,2018-04-03
0ecc87706e05dcabbbfe5aa29767e9d0,e8d6d155e9cb014bd1c2db488b6746e1,delivered,2017-11-01 10:43:33,2017-11-02 02:15:45,2017-11-07 22:41:12,2017-11-16 17:48:34,2017-11-27,b1972e951abdf114b6ebc0182b3b31c6,2017-11-01
9790914a516d3a166150d0d19f282b8f,932a711f0d0c8d066116ca79e358333b,delivered,2018-07-07 13:21:34,2018-07-07 13:30:12,2018-07-10 14:27:00,2018-07-12 17:48:33,2018-07-23,daf000736a5b97b67531b55ead4aff33,2018-07-07
47c1158d35b8d9f0453d5f2ddbbcb3b0,b0c33e271d5098a6280aeaecf3e48639,delivered,2018-07-20 12:18:44,2018-07-24 11:31:40,2018-07-26 11:02:00,2018-07-31 14:50:57,2018-08-14,168e53571f0da076eb259eeffe98eb8d,2018-07-20
36740de778429748e1ff6077c7d85e5f,73a1cdebbca2e661d484b28a55a3a02b,delivered,2017-07-11 18:17:11,2017-07-11 18:30:23,2017-07-12 17:05:50,2017-07-14 20:09:57,2017-07-31,94a19681bf6faa3c6ce3e2df1c2d97cb,2017-07-11
0286e258217733541e80588e29c208c1,010583f85dd55d32a6db1068f58ca6f1,delivered,2017-10-08 20:37:04,2017-10-08 20:49:20,2017-10-10 21:27:46,2017-10-21 00:34:45,2017-11-13,bd077a2aa972e28fd6c205b1a22a2c11,2017-10-08
9ee3edc7733fa734090a08a679636037,73ad662b1379dda5eb0c27774a0376d7,delivered,2018-05-22 12:47:36,2018-05-22 12:56:31,2018-05-23 14:33:00,2018-06-07 16:40:47,2018-06-13,c78e3a3e15b713c2c6e17c8377c3e7b1,2018-05-22
925d0dea93a81b5740cbc77930b629d5,2affb4edb80234af887eb6fe35a60185,delivered,2017-06-19 14:16:02,2017-06-19 14:30:25,2017-06-20 11:15:28,2017-06-29 15:21:49,2017-07-11,e468ed9c217aae4bb6e9119d0974c953,2017-06-19
1bb758b8244a768b78655fb2abb0c7f8,4af025b039a68460ed2ece310aec6da1,delivered,2018-08-21 18:39:29,2018-08-21 18:50:14,2018-08-22 13:56:00,2018-08-27 19:36:26,2018-09-05,add3bc7c0fdd0ffbb461f074a6711370,2018-08-21
65a99fa6dd84d361ae06b8eadf3bd4dd,c2b84ffefb0440f4c8a3d729ba3aeebd,delivered,2018-06-10 22:08:06,2018-06-10 22:18:05,2018-06-12 10:36:00,2018-06-13 16:28:46,2018-06-20,d164083cc9a667aa8e32df07c584e59a,2018-06-10
837b8d9b2e7afd344f8abfe25c899e7c,7bd66d7d5a389211902bd372575b253b,delivered,2017-09-12 16:38:45,2017-09-12 17:20:05,2017-09-19 19:03:58,2017-10-02 19:46:02,2017-10-09,b58712eebf82bf897facb7e877325625,2017-09-12
b3dcc3645a264d2f98b2be2940451718,506ca8613bc1a386416575be409361e6,delivered,2017-11-11 16:15:21,2017-11-11 16:35:29,2017-11-14 15:56:28,2017-11-24 19:56:56,2017-12-07,ab3b6c732c5d672043e2ff28e4be480c,2017-11-11
4aa5e89a54afc5cbb187bc2bccfdfe33,2157692c5db88799d2c32f8113d35286,delivered,2017-12-03 13:55:55,2017-12-03 14:13:31,2017-12-05 18:58:43,2017-12-12 19:12:13,2018-01-04,3392057cb6857cae346a55d319a8ec38,2017-12-03
51ad0046ea33a9c6f8835234fc73b8c3,dac9b9aa3863b89ec71d38061e4f4957,delivered,2017-07-10 20:19:26,2017-07-10 20:30:17,2017-07-11 17:28:59,2017-07-21 18:17:31,2017-08-03,9b0fdf77ff6853bcd1e683c4f29a1997,2017-07-10
28ee4942e257119c5bdc4d00b182ba6d,f77a0471e6b4c4d6181d1134e3c78da1,delivered,2017-11-16 13:08:57,2017-11-16 13:27:06,2017-11-21 14:14:46,2017-11-29 23:19:01,2017-12-20,ea2873d73ed42e2f83cabffdfdd078e7,2017-11-16
d47b9b1166f0cb84c9cc7b8a507808ff,3edd6632f0023b2e66e1cf3e7814c7ea,delivered,2017-06-02 14:35:36,2017-06-06 13:25:36,2017-06-07 12:02:16,2017-06-14 14:42:22,2017-06-23,1a091e1375e834f4fd228a1d4842f923,2017-06-02
2eeeaa9c6fffe79d2ebdaa43a53f682b,1b079952d7f8ea0edc2babd69178160b,delivered,2018-03-28 11:34:14,2018-03-28 11:50:17,2018-03-29 20:58:56,2018-04-12 16:42:06,2018-04-26,587482ee4b3da3583df4057f55e1c818,2018-03-28
7c455f1b3dd0fd15fc19e4372c451056,3f04be4f88546351e2d895e9fc9d0a7f,delivered,2018-05-29 11:37:15,2018-05-29 13:18:56,2018-06-11 14:23:00,2018-06-13 14:29:49,2018-07-04,c954e813ce233c2fca258c46f7d77dbe,2018-05-29
9fb0f5aec85853d38f0255b295cb4cb1,71f815d8142eb59cebe2d023f1a18bb4,delivered,2018-03-05 16:13:08,2018-03-06 16:10:45,2018-03-07 20:58:51,2018-04-03 17:52:20,2018-04-03,bad8ab2f494e16eec3d42467f2a62a60,2018-03-05
bc2373d0e7ab7801b2b550f82b6327f6,6cc5df4c5ba75812a9c847c4f56d0af8,delivered,2017-12-17 13:09:06,2017-12-17 13:16:23,2017-12-18 19:29:14,2017-12-27 17:04:23,2018-01-15,3045171a203def130088307b600401f8,2017-12-17
a91929c58be362dc4929f9b9c542a4ae,d66a1a4d6834da22157f93d8f7640a2a,delivered,2018-02-05 11:15:35,2018-02-05 11:35:32,2018-02-06 21:18:55,2018-02-20 00:47:34,2018-03-05,703cfa110ce97d74b07bfcbd76a38760,2018-02-05
c88226c0be178bf303537e6ffddc8dc3,144f886ca054309d0501bfe4c12d3174,delivered,2018-04-20 12:49:21,2018-04-24 19:21:59,2018-04-23 18:36:56,2018-04-26 20:05:10,2018-05-10,e2b6d6a4c85c57683fa019d2516cbb9f,2018-04-20
cd51709c98c738351915f79c4318675e,c455144b0c6e78f2574b7a92f22342cf,delivered,2018-01-30 16:10:05,2018-01-30 16:34:49,2018-02-01 19:49:46,2018-02-02 20:42:18,2018-02-15,d687c16dcf223790dd97278b2cdbe240,2018-01-30
e300f3511d8e46ed7e75b5bbc2e7958a,903dc81a0fdd7c15c763416420efdda7,delivered,2018-05-14 12:34:41,2018-05-14 12:52:26,2018-05-15 10:45:00,2018-05-24 19:08:47,2018-06-07,3807a9ff75bf4012d9a3d069dc66ae92,2018-05-14
d704531521342cc30fbd72ab1c5eb9da,c97a91289678421e61afa5159b0f3b97,delivered,2017-05-23 22:00:36,2017-05-25 03:10:18,2017-05-26 08:38:34,2017-06-02 09:52:00,2017-06-14,fb85a32bf6a7f632024c991fd5c15931,2017-05-23
d1d598b9c6fa6d135849e528650082c0,c0cfd65a6d4bd318ef871d81a9f387e2,delivered,2017-08-07 23:40:16,2017-08-07 23:55:07,2017-08-08 22:10:06,2017-08-11 16:42:07,2017-08-25,e939c7f5cc79fbbf0212a485c6ae0fd0,2017-08-07
1bd843e7f9464231fd6b9314cb092476,b418e5d6508aecd5a06130edf72d608a,delivered,2017-12-03 16:34:23,2017-12-05 16:43:20,2017-12-07 22:58:34,2017-12-13 23:53:24,2018-01-10,32025dc952b29cc2d56c26e7027f53fb,2017-12-03
7e575745a57b4d91a79d35729375319e,49193addee8cc5e2e743618ff4064101,delivered,2018-05-15 16:37:01,2018-05-15 17:37:37,2018-05-17 14:58:00,2018-06-04 21:32:43,2018-06-04,816a9d13b0b4a4c4b7c1015ba08deff1,2018-05-15
5c347356bed376c15129f3ab48c5dcdb,4668515d0421ba4dc31c3b9fcc5b39cb,delivered,2017-10-07 14:23:08,2017-10-07 14:35:20,2017-10-10 16:50:14,2017-10-11 19:12:22,2017-10-30,5ec2831cf2e8adf04f14fbf2ebcf3494,2017-10-07
86e806df199739693f45c9cd596771ea,c7282ae2ff7ef253197c18a28d80fdfa,delivered,2018-02-07 14:23:10,2018-02-07 14:35:29,2018-02-08 20:16:31,2018-02-20 19:57:14,2018-03-08,c7b577de54cb78d5d8f60f78f0476a52,2018-02-07
4a94f985ef69a52bcd0562790587a857,d4831a1ca791c88935d707b41f5282c7,delivered,2017-07-12 10:28:37,2017-07-12 10:43:08,2017-07-13 12:10:10,2017-07-19 20:07:00,2017-08-09,d2156fb874562ee968d3b7e9c59fca03,2017-07-12
8f743e79746b7603a908c7b536e4a14e,f6fd1a71023d22a9a49c52aaf3a904cb,delivered,2017-08-24 19:54:03,2017-08-25 15:15:15,2017-08-28 15:12:24,2017-08-31 20:33:14,2017-09-14,7647492b49dfbebcb0691685b874301e,2017-08-24
05fad97db96406de1787c7a532c46a2b,704435bd61cfb6de6ef8559c90f64aa2,delivered,2018-06-19 11:34:27,2018-06-19 11:58:13,2018-06-19 15:15:00,2018-06-26 19:57:34,2018-07-24,bc094fa657a84cc74226a70bfeb9c0c9,2018-06-19
1e21fe9a8a7ecfff79a63ddf04761526,7411ed38e0610456949ec3dcdc833c59,delivered,2018-08-11 18:32:29,2018-08-11 18:44:31,2018-08-13 15:19:00,2018-08-21 00:28:53,2018-08-22,99a2bd1a5f1f0928336ca18d1d63f942,2018-08-11
6076a8694fc911c2ed0a2bac1c30a9c5,57934d36535621517dc2b60295108836,delivered,2018-03-15 15:43:30,2018-03-15 15:55:27,2018-03-17 18:58:41,2018-04-02 21:33:26,2018-04-11,119d43da5cf2cec95289848aec20ac51,2018-03-15
42feb7d5648d74e7fdeee7163740cf5a,a602db8a2bcfe54098fd9670db2000de,delivered,2017-11-19 21:30:09,2017-11-20 21:38:27,2017-11-24 18:12:11,2017-11-30 18:13:56,2017-12-08,b0b4bc865f3dc1982e7ca86fea87bc0d,2017-11-19
fd52bb09b1cce1fa4ecbb721e934727f,0c70d21dbd94ee2062ab588e53a9cfd9,delivered,2018-07-03 12:42:04,2018-07-05 16:32:45,2018-07-05 14:18:00,2018-07-07 17:32:53,2018-07-23,7a6d185b1276f3f9ac5dc53898260709,2018-07-03
9dc0a33bcfa9c6bfa29e7434029a8631,36ed9379299c45eda07acf2c5012e28e,invoiced,2017-10-01 12:47:42,2017-10-01 12:56:10,,,2017-10-18,7b51de055baa302c8b306ace60f9f56e,2017-10-01
28e78b16d448f216559b2cdf366e6850,03e17eb5a208cef3b62b88f7956495b6,delivered,2017-09-17 19:30:23,2017-09-19 07:44:06,2017-09-19 22:27:47,2017-09-25 14:19:50,2017-10-05,8ae1dcdd10dc1e6ebbdf07a939f927f2,2017-09-17
f510fda0bfc99dc2ea6e0354a36c3f80,494dd794d228c8012ce6ffe29abb4478,delivered,2017-11-21 18:49:45,2017-11-21 18:58:34,2017-11-22 15:47:15,2017-12-04 22:37:01,2017-12-13,e70ae4c94bb5a2ab5e70629b4b26f503,2017-11-21
f9d2e3d2cc060d2d5fbbaef4fba580b1,2894210d5aba1fcc839762cf289cc56a,delivered,2018-04-09 17:36:04,2018-04-09 17:51:26,2018-04-10 22:27:30,2018-05-10 23:05:23,2018-05-02,92935a6d363d7ca2434f5b83f9cbc01c,2018-04-09
fbee188f61534261ec8009aca20859f9,92d571c936ad611745dc20b9b327ce97,delivered,2018-08-02 12:04:59,2018-08-02 12:50:14,2018-08-03 09:49:00,2018-08-08 21:03:25,2018-08-08,f99235f7ab8b9768e35a4b77469991e4,2018-08-02
6aaa7d9d6982325a6d29592aa3aaa7c9,7b66472223bba85c7deac55c7f890d70,delivered,2018-01-28 23:46:53,2018-01-28 23:58:31,2018-02-01 12:33:12,2018-02-07 17:43:13,2018-02-23,a4a5f8a051938a0501de0d0ebc267df2,2018-01-28
14b02f2ce3bb9d06412a704cb763eebd,72ff40895c2b5caf624195b25ceb4eeb,delivered,2018-04-07 17:29:30,2018-04-07 17:48:07,2018-04-09 22:34:38,2018-04-13 17:18:41,2018-04-19,626887d5ce4ac69f1bde59b971e7907b,2018-04-07
8d231bbb38eed41a50b6c9eb0c5a08c8,30fdba86ed2166bf2b09b3c3eb014f1a,delivered,2017-09-21 17:43:40,2017-09-21 17:55:14,2017-09-28 19:00:09,2017-10-02 22:43:57,2017-10-10,fb4dd583fc584e3e447af0d0eb6c4b0e,2017-09-21
d6e756dd8b364b5d06ceccb3f72e3d23,be48dad7da7972280b5eefc14b9122c8,delivered,2017-06-05 13:23:18,2017-06-05 13:30:20,2017-06-06 14:52:34,2017-06-12 14:09:33,2017-06-30,fa017439ce3a219e4d42d1aca4938a02,2017-06-05
e8c3c6c26df91aea7618de51cb6825f6,cb66e8cf0304da059605929638860457,delivered,2018-04-06 14:40:55,2018-04-06 14:55:15,2018-04-09 16:48:42,2018-04-23 16:03:42,2018-05-08,60d2143d5622c5f6708253156c308b5e,2018-04-06
1e190338f1e670011b0002daba8025a8,8bc46d4799de59c9d7fd16f5c78b1b4f,delivered,2018-04-26 23:09:19,2018-04-26 23:31:23,2018-04-27 15:37:00,2018-05-05 00:35:28,2018-05-22,28b4832bd9a73bb5bcb43c564f7e0cde,2018-04-26
00df27e666004db9f14bce766fa5327c,2f9fe192fe03e0b19bbe3ff35f3100c5,delivered,2017-11-18 11:44:56,2017-11-18 11:55:31,2017-11-20 22:16:49,2017-11-23 21:09:13,2017-12-07,588e6801be0610dc8c81d04eb23acd22,2017-11-18
1962912d9cd5fccb64ac53c3811a2ce1,70b2207633ca2235286713423c6088be,delivered,2017-10-21 18:47:47,2017-10-21 18:56:20,2017-10-23 22:13:37,2017-10-24 20:27:40,2017-11-03,0543880b57a2d6d701bb6b8771decc82,2017-10-21
cfe6280cb115ade27e379ed940db3f1f,a43e0f37cf24e9449489d65aea6daedb,delivered,2018-01-04 20:38:39,2018-01-05 20:30:32,2018-01-09 20:18:15,2018-01-15 16:58:34,2018-02-01,3e41c85ccb429fd9a03422dc9f0c18a1,2018-01-04
193c1dc57175afe8abd16a370d264fcd,f4898a10ff17e1b5df456b2a48322d7e,delivered,2017-08-18 03:10:25,2017-08-22 03:55:26,2017-08-22 22:04:01,2017-08-29 22:37:55,2017-09-14,a006883f56b285d0c28eb8e83e005813,2017-08-18
ccb152dea072048521b3a778267481ba,cb5173b3036a9c3673dd55615fdb8083,delivered,2017-08-09 15:29:29,2017-08-09 15:43:51,2017-08-10 21:04:44,2017-08-29 19:06:54,2017-09-04,f1307ff953946c8240a15b140d05a901,2017-08-09
29986e236b391de3edc9cf5a1fba4336,a6b8f6a47e0ed8ca9a8186aa15744eae,delivered,2018-06-13 11:15:57,2018-06-13 11:40:37,2018-06-15 14:53:00,2018-06-16 20:05:02,2018-06-25,3ed1fe6fcfc67d078d87dc6009544f17,2018-06-13
6120d49a9bec789c91d34b553c47573a,82ad997b66970bb98cdbe1df6c5b67e5,delivered,2018-03-07 13:06:00,2018-03-07 13:15:37,2018-03-08 16:06:26,2018-04-16 13:25:06,2018-03-26,eddbd0519139ec4a196125af2858064a,2018-03-07
cf44ae3babec65aa61511ec1730bac11,bdad4e91371fad706d6ef1e25c823708,delivered,2018-03-01 11:40:19,2018-03-01 11:55:32,2018-03-07 00:37:46,2018-03-09 20:38:37,2018-03-19,6273ffcd4d08b6ae543eb375c79ef65e,2018-03-01
8eb1c5be7906144e5984dfbf45c2ca26,368a12a44679f602d2dfaec782f49a03,delivered,2017-04-07 09:50:35,2017-04-07 10:05:15,2017-04-10 15:34:07,2017-04-13 13:06:58,2017-05-05,d852c59bce05b5f117f053f53fbfd9d6,2017-04-07
fe80ef8e06c4f85a39705d913eee0296,957119c2666753f6b5f7b53809dc2c47,delivered,2018-03-22 09:35:33,2018-03-22 09:55:46,2018-04-04 00:07:31,2018-04-04 17:05:24,2018-04-13,a387d752d46438289df416efcb368aef,2018-03-22
33299417d8206e70805c48ec081eeaf1,f765fb38b62aeb0ef8f74a083eeb017a,delivered,2017-05-14 09:51:48,2017-05-15 10:42:57,2017-05-16 14:41:19,2017-06-23 10:32:58,2017-06-02,de8aa40d1da9b00f974f10c02e4a6848,2017-05-14
04e83658486074318f1a806c19265817,91fd140e38421fcc6f81f31e07d21275,delivered,2018-05-04 21:24:35,2018-05-04 21:35:14,2018-05-08 10:59:00,2018-05-11 16:51:59,2018-06-04,f2d2d51b7f7b0c2eae23c90e8c3d1c1f,2018-05-04
8261284307e7712ea0491f342df56d74,ac2c4cb05aafb79b46c1b5e7e951bf69,delivered,2017-11-20 11:27:28,2017-11-20 11:35:24,2017-11-21 18:59:34,2017-11-30 11:39:48,2017-12-12,0f6b5c99a18002587ce3016b74990606,2017-11-20
0b7acd2a88da22f2cf5365bff495f1e6,57b50fca28ea8a0c5b2242e71e36e1f7,delivered,2018-03-07 19:36:19,2018-03-07 19:49:33,2018-03-08 19:07:41,2018-03-21 12:54:51,2018-03-23,8ec06d1380850ea7498b48e8997630b3,2018-03-07
9ed2c225dae392f79f0842d160072572,4aef40631e110fb4b8b98da55666faf0,delivered,2018-05-21 23:35:57,2018-05-23 02:38:28,2018-05-23 12:58:00,2018-06-08 17:12:10,2018-06-20,bf4ab46b9030a846535307564fd4f525,2018-05-21
6a98e607278ee9f5ad38602191a60843,b3087d7feca1d902e69cc648e2ca2af2,delivered,2017-07-11 10:11:50,2017-07-11 10:23:41,2017-07-14 17:37:49,2017-08-09 19:51:51,2017-08-10,4a81aadab545364a8385a6b8459edfa8,2017-07-11
7f39ba4c9052be115350065d07583cac,d7fc82cbeafea77bd0a8fbbf6296e387,delivered,2017-10-18 08:16:34,2017-10-18 23:56:20,2017-10-20 14:29:01,2017-10-27 16:46:05,2017-11-09,9de5797cddb92598755a0f76383ddbbb,2017-10-18
1aa78d3a94e9d8054d63fd230c076bf6,07c7380ec99877459637515df52ee55a,delivered,2017-11-24 18:49:41,2017-11-24 22:14:11,2017-11-28 00:12:11,2017-11-29 17:09:17,2017-12-08,3799155bba777b02074b6494271aa522,2017-11-24
e66871adf6309bd5dfab0e92fc591487,8eab0f859d9f479c0b4f8838c63f3cf7,delivered,2018-01-17 11:59:12,2018-01-17 14:10:32,2018-01-24 18:52:54,2018-01-29 17:48:43,2018-02-14,96a08fdd7d732232f9b6c94d47f29503,2018-01-17
25be22c7ea02446031d831e7b5dcd8b7,20c34b5bdcca9dc3e5d43d3953e02de0,delivered,2018-05-07 11:41:49,2018-05-07 18:10:02,2018-05-08 14:56:00,2018-05-11 15:22:47,2018-05-29,5de16979cd2b1a0bced0ccdc646c0491,2018-05-07
e2638c5bf9a25fab6628686b0ed83f9f,406a0bc4a37f2e94c87b90b6c2a9c921,delivered,2017-05-24 13:12:40,2017-05-26 02:35:28,2017-05-29 15:20:52,2017-06-06 13:29:14,2017-06-16,e7aa379378191e4f490e9e52095ebf73,2017-05-24
f086346ea98d5d90079f0d0503699d93,652e5ce9bc8a1abb65f37ddecb0f6919,delivered,2017-10-11 13:36:46,2017-10-11 13:49:27,2017-10-11 20:52:15,2017-10-13 20:09:31,2017-10-24,808124669dd42f1a3605775de7f35e7d,2017-10-11
0c99132c4ff916416ba8f74c378f1cbc,476762b9609040c46aa4e7288716197d,delivered,2018-08-10 19:34:43,2018-08-10 19:45:22,2018-08-13 11:57:00,2018-08-17 14:38:53,2018-08-31,dc323227bb5bc2e71f053871543d8a5e,2018-08-10
506537a590a8f111389ca1f2a4963847,57e761e5abb85226f648d44620795d9c,delivered,2017-03-08 15:42:23,2017-03-08 15:42:23,2017-03-09 15:29:47,2017-03-13 07:57:35,2017-04-03,2267afdad1a2e7358badcecca16edfbb,2017-03-08
5732c4d32ae81ea346107cb61aa2061b,a4a98a1e1a73eb104733646f6a473d8a,delivered,2018-03-04 21:52:46,2018-03-04 22:08:40,2018-03-05 20:25:28,2018-04-16 19:38:53,2018-03-22,2ea70c72b230071a2e130c4ec05051b2,2018-03-04
e062101a12bfc5d6a96a98ed8282a567,6b1ba959402bb8fb18cff99159492645,delivered,2018-03-21 09:40:36,2018-03-22 03:08:59,2018-03-22 21:54:56,2018-03-28 21:57:43,2018-04-10,cd52ca09554e5cc34d9ec28d230008af,2018-03-21
2eadaf71d4f29fd92a626c6a068ff74d,6927801c5cf0264f207efe237120977c,delivered,2018-03-08 17:11:03,2018-03-08 17:30:33,2018-03-09 20:06:35,2018-03-21 12:28:24,2018-03-27,b0c5293ef398d678e68671488c8b87bf,2018-03-08
f7bb51594cfc866efaf10953ccb34f85,5fc34b391c50e16a715f6628a74d63ca,delivered,2017-09-21 11:45:37,2017-09-21 12:07:17,2017-09-21 22:29:53,2017-10-04 19:56:56,2017-10-23,e68b250e16964c738b45c68d7b42a372,2017-09-21
92dfa5f3acdce1071906427ba5ee3c4f,d4f8e1812fd0113f69f5144bb4e584c6,delivered,2018-03-06 17:35:16,2018-03-06 18:20:37,2018-03-07 20:51:52,2018-03-15 22:16:49,2018-03-22,75a1b709c42d291828338fb543118891,2018-03-06
1d7ee49ee66da430b533a85af951430c,3d6a8c4a66a5bcea0c3c4e4fab313d4a,delivered,2017-06-01 10:06:12,2017-06-01 10:22:38,2017-06-06 16:52:33,2017-06-08 10:47:58,2017-06-14,b18c423dd62152fa5bc07d01f48fd809,2017-06-01
c301c2b97036e2e7ebfee92607c448db,fe05e29270a6cae8ffd5497ad214706f,delivered,2018-07-04 01:51:41,2018-07-05 16:34:39,2018-07-10 13:28:00,2018-07-11 16:56:32,2018-07-20,924beacfb9ac0868cd3533fec6a97530,2018-07-04
f11cba346b19c4f31b6b1e67ef5cfbda,ee4a6ef14acda8b8460451b84d71be19,delivered,2018-08-16 17:23:26,2018-08-16 17:35:20,2018-08-20 11:42:00,2018-08-21 17:39:31,2018-08-30,323a77c9bcb2a2a6c1979fac14e13009,2018-08-16
e54a8ab3ead9bbdf681b8e18273f2cde,e4322cbdee560cc80797f69526a6ca49,delivered,2017-09-13 15:31:16,2017-09-13 16:10:25,2017-09-14 21:35:58,2017-09-25 20:05:55,2017-09-28,298015567579b5d264e8398e6dec298e,2017-09-13
5bdb1effd4c3c8074b27522b4f0f7af2,85ed9975a964046c663872ddddf775ee,delivered,2017-10-31 13:17:19,2017-10-31 13:35:24,2017-11-03 22:04:50,2017-11-17 18:38:22,2017-11-23,b25e280cae5b3beef63f141808fe0e16,2017-10-31
33c4ff80921c70a563083f3e317f7247,bdbf80547c6689634a5ce426374c9f72,unavailable,2017-12-18 18:34:30,2017-12-20 11:51:56,,,2018-01-16,5d7ebc17bf6d80838b3b42da27e0a5f7,2017-12-18
98d93ed6312bbdb0b2d69a889938ed6a,1ebce23a0da37200264dbb568cac6396,delivered,2018-01-07 23:37:54,2018-01-07 23:47:19,2018-01-10 22:30:23,2018-01-24 14:39:26,2018-02-09,3a20fad1f940060ddb61e60bc002117a,2018-01-07
d1d889b705a1d015ae3040fe1cb24be7,d37a69de40751a15e695ac5b4d6d45d9,delivered,2018-07-04 09:47:46,2018-07-05 16:32:12,2018-07-06 10:31:00,2018-07-12 17:44:23,2018-08-02,6f8780c1db942452a66cad83fd1ec67f,2018-07-04
987a7513457d44ffc8432ee81ea324a0,39f1e972486294ade1fafd1c21948ea1,delivered,2017-05-22 16:44:11,2017-05-22 16:55:21,2017-05-23 11:41:57,2017-05-29 14:30:02,2017-06-13,7c359da735e7ab3d927a9a7e63ea5528,2017-05-22
3c7bea0b3fdeab82f1c819c75c5da223,215dfa49922ab400d27f54cba7281a3b,delivered,2017-11-15 21:03:17,2017-11-17 04:06:45,2017-11-17 18:27:36,2017-12-27 21:04:37,2017-12-11,1589506fa7566d683001a7493a1a807f,2017-11-15
5b4877f25d0bb4b4a332dc22f773d001,8014596af5bc7c3890e0b5b25b87c04e,delivered,2017-09-08 21:42:16,2017-09-08 22:05:22,2017-09-11 11:17:00,2017-09-30 14:40:00,2017-10-02,86c369a1021eeda0237acfcf0f37f426,2017-09-08
21ccfd8ee777c40d2407604c5ddd2db1,d8ffafcca7e2d9ee5d8e7cbd7a2eb524,delivered,2017-02-06 17:56:25,2017-02-06 18:05:23,2017-02-08 11:07:43,2017-02-21 16:57:45,2017-03-03,5c100416976d9113369919942548bea8,2017-02-06
06ef1c484cc535575da1724b5c6b913a,e7db9d2a47a9a2dc1c981f3520f053f4,delivered,2018-04-07 14:16:38,2018-04-07 14:30:13,2018-04-09 23:21:53,2018-05-14 22:19:20,2018-05-10,e77a118717779cdc2cd4f9a5c3865952,2018-04-07
740f8abb6f201b7c667c76ec32c2a94b,22498777e8676fd97e50612eb6bfbc59,delivered,2018-07-28 18:16:37,2018-07-30 08:31:27,2018-07-30 12:08:00,2018-08-15 12:09:32,2018-09-14,b49704a8f579c6f18b301b51d3fdece6,2018-07-28
3f0eeec2edc480e271fed817e2a9f6b6,1dca431885dd72251e23f8bfe57326a8,delivered,2017-09-02 18:27:36,2017-09-05 04:36:03,2017-09-09 13:42:38,2017-09-21 17:24:36,2017-09-29,c794f8c30b66486efd7a1a3e07b4d3b6,2017-09-02
ef26a1bd5203cf613f8150597210abdc,cf1e0f706ac278e11ae052f5399b2a86,delivered,2017-07-24 23:30:25,2017-07-24 23:45:06,2017-07-26 03:11:13,2017-08-01 19:47:46,2017-08-25,9f011bac2670cbffbe7d7f89921dd81a,2017-07-24
2942d87f97c462f2c402070d7e2c1882,1a6ae0c3bbfa4819e6d83bb7e1f95c58,delivered,2017-12-25 20:54:32,2017-12-25 21:08:40,2017-12-26 22:48:53,2018-01-04 13:52:15,2018-01-19,28ad66c8baf13c85d2a936d0b06e73f6,2017-12-25
f7a1e468985217906faa7ad93b8a3f38,d4d6670e1258513bd852a41914b4f1f4,delivered,2017-12-04 12:59:29,2017-12-06 02:50:09,2017-12-07 23:53:08,2018-01-03 21:23:33,2018-01-09,236e3817f24b45c8a6acf496aebdf699,2017-12-04
51d837b72cf24883a9a18f061f382c2a,4fcb81008b393431f4da5ee341b186bf,delivered,2018-01-16 00:19:11,2018-01-16 00:30:45,2018-01-16 17:35:03,2018-01-17 20:14:55,2018-02-07,3fc63a1cff1beeaf62fff26f695de143,2018-01-16
7471a79a069f8d195536e2c9c58d05ec,f22b3775609919bd63f913708763a621,delivered,2018-02-13 10:53:42,2018-02-13 11:07:02,2018-02-14 18:52:59,2018-02-21 20:58:51,2018-03-07,2fece77e050a5fe2f55351a54c822923,2018-02-13
116530874770e0e5a96a09cedb2722ae,2115063f9a5484613a8092cc67ac8b71,delivered,2017-09-11 08:09:15,2017-09-12 04:26:15,2017-09-13 19:42:16,2017-09-19 13:22:35,2017-09-27,3c22157d09d407b6b878256968874dec,2017-09-11
c10dd8d24a91d2ecbf09c578a5876125,0303094ff491b62a9ea6d2d1924f4535,delivered,2017-03-15 23:08:15,2017-03-15 23:08:15,2017-03-21 08:22:16,2017-03-24 16:57:30,2017-04-03,8d09435d115ebb9889d5f195866e1d25,2017-03-15
624cb9936b306450dbb6445fbadfb208,f2094fb8ea88f05bf92f84575b791ede,delivered,2017-06-09 19:19:11,2017-06-09 19:30:11,2017-06-13 12:43:46,2017-06-14 13:58:12,2017-06-23,aa15eec8a65ce4197f7a8fabe1fa4699,2017-06-09
49f70b872d93bbd22ed87d7fe40f4d17,4d7ff9463a63c3b93921c7e0de90ac58,delivered,2018-05-07 00:00:54,2018-05-07 15:13:32,2018-05-10 09:30:00,2018-05-15 17:45:34,2018-06-22,3e535f4b5c1ec2651ebc595df215c8b9,2018-05-07
17b3d1031f921e564f12f09e7c4b25e0,866ef94597e7c918f4f3b8e0ea3af41c,delivered,2018-01-12 11:12:43,2018-01-13 02:09:12,2018-01-15 17:28:00,2018-01-22 21:58:52,2018-02-07,a124fc2e9840df0966d840479d22b9c0,2018-01-12
d8e243ce9c93a72de3d0edb7dfeae971,be5c3fff234a8543864b5247e4e226ad,delivered,2017-10-06 10:13:09,2017-10-06 10:28:19,2017-10-11 13:25:34,2017-10-18 20:34:25,2017-11-08,125fda610f555c5eb9902cffac2cc8e9,2017-10-06
75b2d5bcaa2ff25faa70a904109d772a,d632083cdf2a28260b60285c2f1325f3,delivered,2017-05-30 15:45:37,2017-05-30 15:55:28,2017-06-01 12:52:17,2017-06-06 10:27:38,2017-06-22,fd923167784658e17889ae48c58a0893,2017-05-30
d37f6eeb2d27fc449e65051940060719,10a61fa7ba3ccbaf8b3fc8e49f763ddf,delivered,2018-08-21 09:04:18,2018-08-21 09:15:21,2018-08-22 14:38:00,2018-08-23 21:32:14,2018-09-12,46ed126bcf1df6e195dbc63d7c320983,2018-08-21
274cd784482aeed5533082fd271be663,f4aeffedf5df0d4eac1bddd754842776,delivered,2018-05-06 10:04:23,2018-05-06 10:15:18,2018-05-08 13:40:00,2018-05-14 17:08:42,2018-05-24,aad82fe415a8c3b628e756cdb61deccd,2018-05-06
33797bbcfc4f22d40110f77692f83c78,6aab0c0683221c586fec4f82bd36edd8,delivered,2017-12-10 11:29:35,2017-12-10 11:36:28,2017-12-12 13:21:54,2018-02-15 16:45:33,2018-01-04,6dfd53d0b64aa10fd66b8a7a4ad4461c,2017-12-10
56e1c856e7ae477843836db62d4589b5,334fe8ebbb3e2b25b3aa48b431e6e890,delivered,2017-12-18 16:20:43,2017-12-18 17:32:44,2017-12-19 18:38:19,2017-12-26 20:55:07,2018-01-11,af0ad37ea74bb3ee20f84bbdd1393111,2017-12-18
3e7abccf10d4c0df7c6923d7852657f2,6b9b119304bd30a72e528d9288127022,delivered,2017-07-24 16:16:18,2017-07-24 16:30:16,2017-07-25 13:21:44,2017-07-27 21:04:04,2017-08-04,ff8fdc7d6c09d56d08644a873fc70fca,2017-07-24
e68bfcd131b9bc3883d94edef69ea9bc,9ed50d8deab882be4daad281cf37b602,delivered,2018-05-04 15:54:55,2018-05-04 16:13:33,2018-05-14 15:49:00,2018-05-23 15:32:40,2018-06-04,56f0159fab94c568522d0ae455536bf1,2018-05-04
dc8f41882abf80287b353021f92f9892,4cf07d342b8b351f1203c36146dd792f,delivered,2017-11-17 13:13:24,2017-11-17 13:50:36,2017-11-17 20:54:38,2017-11-28 19:49:21,2017-12-11,e3af747ef43dd03df11012e3511b0361,2017-11-17
47892e2502f689c00844f192c73a4d0d,d332b2c8f76002bd5b5f7a0aa166fc25,delivered,2018-01-03 17:24:21,2018-01-04 09:03:34,2018-01-09 17:44:37,2018-02-07 21:04:49,2018-02-05,aeb502c0c495c56ace2819cf6f9235f4,2018-01-03
7e96e25e50e633b64d640a69f6084dbe,111e0d71d0351fbdac5b47d607747bec,delivered,2018-07-31 08:37:12,2018-08-01 03:32:21,2018-08-01 11:19:00,2018-08-06 14:18:29,2018-08-14,375d6fcaace5c048d77184689b991042,2018-07-31
35333dab609becd7a174fdb6537ef2e6,e6ecc454173ea784b7b4e80c55c8f20d,delivered,2017-09-28 15:14:22,2017-09-29 02:15:05,2017-10-05 21:19:00,2017-10-07 16:23:35,2017-10-16,cde7f673a737c930ff84009114fe8b98,2017-09-28
550c5a737f2d08a5e934958da8fb29bb,e5c572f3eee5a867a24d9e70b1f45c05,delivered,2018-01-17 22:28:59,2018-01-17 22:50:09,2018-01-19 00:05:23,2018-01-26 22:59:05,2018-02-09,88649e41fbe394406a26172086142a12,2018-01-17
fbdb43f2551a3acd3d9ac5e2ddf92080,40224de178a0923de5998a578a19766c,delivered,2018-08-16 14:09:10,2018-08-17 14:35:20,2018-08-20 07:53:00,2018-08-23 18:07:22,2018-09-11,170625905dae38f320bc2a9591f02e90,2018-08-16
32f388f8cf046166d6cce5d0980f051d,99f9444e4b8a3b3066762a7868f78a7a,delivered,2018-02-20 18:47:21,2018-02-20 19:00:35,2018-02-21 21:06:33,2018-03-01 15:05:02,2018-03-06,3e93754ef9a50c20e82c072642074555,2018-02-20
01428962dce3b65e5433eaeb16c0f48f,62a31d294c310db1ce08d21a575c4144,delivered,2017-07-13 14:39:29,2017-07-14 02:24:20,2017-07-21 17:39:57,2017-07-31 18:25:47,2017-08-14,3e8ec82c18ec9053aca2a527a3eb8494,2017-07-13
a7d0f5630dc1881470f6308869e95893,6f723cbc091991a59eab4988e7ae5abf,delivered,2017-09-15 09:00:06,2017-09-15 09:15:14,2017-09-15 19:51:26,2017-09-18 20:53:55,2017-09-27,ce6a260f0bde0bb8a0ad8007caa2bd04,2017-09-15
6ae75e4f34fa57a45c1e2e45e8b92042,82a23b4d5c1fc6b2d2ecb1bf9b8a8a0a,delivered,2018-01-31 16:14:07,2018-02-01 03:11:37,2018-02-01 20:59:30,2018-02-08 16:16:22,2018-02-26,e360b6b7973064d83141753fcbb1f22b,2018-01-31
bf32f1e78a79a95adafb71c5c8af47dc,29327856bac6f048fa117113f9270b92,delivered,2017-08-08 21:39:32,2017-08-08 21:55:11,2017-08-09 13:16:43,2017-08-14 17:18:58,2017-08-28,cd0ba16db1d01849d8037585f8bb5ad5,2017-08-08
6e35ff13275ac852d4ba9a446ae8cf1b,9c1c0a68a8d06da679bbf91989b635a6,delivered,2018-02-04 15:11:52,2018-02-04 15:30:19,2018-02-06 21:41:58,2018-03-03 19:22:58,2018-03-06,4c2901048e61af2c43811d47287dc1eb,2018-02-04
a1c2c61b9bc1876019b2b74b3a84f26e,ae25265cf319f68008560dda699284a1,delivered,2018-02-17 12:09:24,2018-02-17 12:26:48,2018-02-19 20:19:21,2018-02-28 14:29:13,2018-03-14,d89b8a8179c94edc9c398d57ebf3bf0d,2018-02-17
14ccc60c0ec2c92f5d40eec2ac2a94a0,da9c6feb0cae99a53c42fa919bd22c4c,delivered,2018-02-08 10:22:25,2018-02-09 10:26:31,2018-02-16 19:56:51,2018-02-28 23:17:43,2018-03-13,a25d7c18eea2ea65ad460f94e1783afe,2018-02-08
566ab1cf4172eda03dd94f7f6c531287,f679fbd06b9e6e0386c1755b740a8311,delivered,2017-11-25 11:37:51,2017-11-25 11:51:42,2017-11-30 15:52:16,2017-12-21 21:06:48,2017-12-26,23449b8db09b61165ec6dda58068de16,2017-11-25
4a5106153eb1387d4a830fd751deabdb,bb40f13fbd0503aeba9718ecd0cbf932,delivered,2018-05-21 09:19:37,2018-05-21 09:36:59,2018-05-22 13:29:00,2018-06-06 19:51:53,2018-06-20,f3cce03f79490ee8b5f0c3088821265b,2018-05-21
ed9a73914b6e0fca8d1b8939f2c41879,1f19186e80a1db14a79e2acf2f21fab2,delivered,2017-03-24 09:20:29,2017-03-24 09:30:20,2017-03-24 11:58:54,2017-06-02 16:43:53,2017-04-19,4db98cd6c721024cf56fcc4662069d72,2017-03-24
3055dd1084ebe409c8af9a050ab806bb,5a5128b9d1c98fdf27be2116cf7a5066,delivered,2018-04-12 13:35:58,2018-04-13 13:14:10,2018-04-13 23:08:43,2018-04-20 21:20:59,2018-05-08,bc0a64447c9614d1fd6cffc9473d3623,2018-04-12
a62e5e820da4b79811ca945d941fff8b,3a53fe43a64c4cb6a29c66e54185182e,delivered,2018-05-02 21:13:29,2018-05-04 03:31:48,2018-05-04 14:36:00,2018-05-05 19:03:53,2018-05-16,b608532e04a3070b4b31178948f5c43b,2018-05-02
885ba9cdf223d8e0f8979f8d2d6c36a5,c0aa8b308e76dfc4f1c5cda1416abc3c,delivered,2018-06-11 14:43:45,2018-06-11 16:31:49,2018-06-12 07:12:00,2018-06-16 01:03:30,2018-07-12,efe48ecb633ecb4b1748e16c46fd7a86,2018-06-11
cb589c751e6f002a96214f3a5c9284d4,fa30f98de295c17c75abaafea5409189,delivered,2017-07-26 19:49:35,2017-07-27 09:55:29,2017-07-28 18:33:39,2017-07-30 12:23:36,2017-08-11,15a38a0c1bf789e06ec42d24e485e794,2017-07-26
af7d0849149bec7653f157d2a28d1f6d,50f88b1c1d1f4fec543bea69952deef2,delivered,2017-09-21 20:33:31,2017-09-21 20:44:18,2017-09-25 20:13:33,2017-10-04 19:11:38,2017-10-18,0c387284712d4d7047d46d5988ea7c0c,2017-09-21
dd292af3ab66211a8d6e0e7a1ca5b03e,565d4d13c6d336f46342a14f1ff9d122,delivered,2018-03-29 16:35:17,2018-04-03 05:48:42,2018-04-04 21:36:43,2018-04-09 20:03:14,2018-04-25,acc22c5661d387052472b32523c6724f,2018-03-29
b38a18864273f006f829e388b0be1458,cb563e8a2ff495ba238b6263ea30bb32,delivered,2017-10-05 21:27:53,2017-10-05 21:44:12,2017-10-06 19:26:59,2017-10-23 23:28:44,2017-11-06,7ddd3753ac076502039fdc8f32a8c0e4,2017-10-05
20a97330a091c74984f7cd0018cd15e4,b089354f0f89724bf95156691d4c28dc,delivered,2018-06-11 09:23:51,2018-06-11 09:38:10,2018-06-11 14:12:00,2018-06-12 18:32:02,2018-06-20,ddd6069ec7c5f5400b73b32984354180,2018-06-11
407cc9b2c7575dbff71cb23b6cc26814,d718bbc92e7bf1c4864ca7c8538831d1,delivered,2018-06-16 13:27:15,2018-06-16 13:59:28,2018-06-20 12:21:00,2018-06-26 16:54:43,2018-07-16,e8f1c0a97339e350c4b81c8505ee70f1,2018-06-16
0794929f95ad2d3371bf525e22a2603f,b846152f6ca2bc8c18c46c3247c33426,delivered,2017-11-06 12:28:08,2017-11-08 03:30:56,2017-11-11 13:42:42,2017-11-21 22:55:49,2017-12-04,1650819cd492bbf4b9d189c7d4126475,2017-11-06
48fbeebc9d59b8f5b8c06d87af9626f2,20fed89d4e154ab11be0d7dc8550a980,delivered,2018-06-14 17:32:44,2018-06-14 17:58:02,2018-06-15 10:29:00,2018-06-19 17:26:34,2018-06-26,6beccfbe45aa4b180d2b6885886fccd6,2018-06-14
24afc354365baea8f460c85b4d78b9e4,3d8e1f7bcc45c0bb5538cfaa0d1a1437,delivered,2017-07-29 14:18:22,2017-07-29 14:35:12,2017-07-31 20:07:50,2017-08-07 16:23:17,2017-08-22,903a7793791fc37b61e3f0769e2c9132,2017-07-29
9e26e5f7edbbcd4d5bd3b19c4b20437c,4c4b7d79d6d887802ca1a79519b1e1c8,delivered,2018-07-18 00:45:11,2018-07-18 01:01:34,2018-07-18 10:10:00,2018-07-24 22:26:46,2018-08-01,32bead9c6b5f3cbbf61929b5367efa59,2018-07-18
c9aca7a39b1655e0d52070203567e664,85cea0ddc5af1b23c05bf395e22eca9e,delivered,2017-11-08 13:24:57,2017-11-09 04:31:09,2017-11-09 18:51:40,2017-11-10 16:21:47,2017-12-04,f7d319c00224031393f1ba82343db3d6,2017-11-08
ea28640cffa87eb4e40d8c864fb46aae,b5f1ba3e1e06b34bc5e7ad608a7e3b3c,delivered,2017-11-13 15:32:54,2017-11-15 02:36:15,2017-11-17 17:02:50,2017-11-23 18:52:08,2017-12-01,b90f9e6dde6fbc67e66b39880bc8f583,2017-11-13
fc3c882665c98c9b737a7b1b3aa6c553,01866d949d55c81c28d255114948b72b,canceled,2018-04-17 18:41:50,2018-04-17 18:55:18,,,2018-05-04,7ce5c1a457d7d23a2fca222d8f3d37e3,2018-04-17
ae33ac637d8999d976657ff3ab5c106a,c4a84cf3df4df3a4ca3f7d8856169ba8,delivered,2018-02-14 12:38:50,2018-02-14 12:50:27,2018-02-15 16:08:22,2018-02-22 20:28:56,2018-03-08,203148662a1b637a67c219d8ada39a93,2018-02-14
1bcc358683121573025279427dacc764,d07978b1573df93b66cb82101ef3a549,delivered,2018-06-06 19:46:00,2018-06-07 19:55:40,2018-06-08 12:38:00,2018-06-16 16:41:45,2018-07-13,21ea6d29806d0ef7296ddf05e7b03491,2018-06-06
d9b4c8cac94d984efe16ca1492bf3457,3bd33a92c58e8e1d7f9ddd8aed1e134f,delivered,2017-06-20 16:12:48,2017-06-21 02:26:05,2017-06-22 10:17:58,2017-06-27 16:51:50,2017-07-12,0ca72b2cf642d1fddb6a5277d95ad183,2017-06-20
e03758edc76b636006eb8f5bd648ca90,1853bf4644f7a9f18bfcb54291c3cad3,delivered,2017-06-06 21:31:50,2017-06-06 21:45:16,2017-06-09 11:50:00,2017-06-19 15:52:06,2017-07-05,fdb2f8a871f180fefdf3ba06bf7ab179,2017-06-06
94efce41dfeea273248d6b60b98fdf71,6f3e4042f915df9060f9ba95bc9b35cb,delivered,2017-07-21 20:13:36,2017-07-21 20:25:20,2017-07-24 18:09:49,2017-07-25 22:14:51,2017-08-10,41140f3b59638c033faaef72b6d4ae2d,2017-07-21
2961944c535cdf9a35710b3296931c78,8685c9c67e2d5eae365bea2f7855a1e8,delivered,2017-09-02 22:27:41,2017-09-05 04:44:27,2017-09-06 18:41:25,2017-09-16 14:51:11,2017-10-13,49836f57f840f0c1eb0b5cb343312df7,2017-09-02
01b538a0b1a9eeecdfbc03223190e4bf,65c6da734e03f00a02315762773f9e5a,delivered,2018-03-01 22:34:37,2018-03-01 23:31:13,2018-03-02 18:34:17,2018-03-12 22:34:48,2018-03-20,c658781f2931c08e5adef93d62b67007,2018-03-01
2d58fd72f5132f237b78fe897e578603,0b85fe0f29638fecccbd53288d8cf0f7,delivered,2017-08-04 11:00:09,2017-08-04 12:00:22,2017-08-07 21:33:40,2017-08-11 22:58:00,2017-08-29,aab19b44415043c9cf141d90a59c2c4f,2017-08-04
b37375a82d682e5d59381c0e7c86a719,b0de895a93ecc49af345a084a9068b15,delivered,2018-02-23 09:03:06,2018-02-23 09:15:33,2018-02-27 01:49:00,2018-03-20 17:54:36,2018-03-28,8d5f483f3fde35c13a1c8c135de9fa34,2018-02-23
3fb11bd2ea68c2502505db7590a9967e,cea51c6d1ace915c653856b93b4812cf,delivered,2017-12-02 13:04:02,2017-12-02 13:11:22,2017-12-04 16:51:36,2017-12-11 18:52:04,2017-12-27,82a4ce6d85d43daa930b207bee1ef4e5,2017-12-02
d9164ce0fa1f133d586e4373c8571614,c3d91bb352bcaec67b7d2fdb1e2cf98a,delivered,2018-02-14 16:48:07,2018-02-14 17:08:15,2018-02-16 16:09:27,2018-02-26 22:05:01,2018-03-12,241ad6bed19ddf512d166738618dfcc7,2018-02-14
408fbff46d0cdb99d7aa42898519ba13,3771d0deabc4e42e587e579072da89fc,delivered,2018-04-10 19:22:08,2018-04-10 19:31:04,2018-04-12 20:38:33,2018-05-09 20:42:45,2018-05-11,01eb9d565f58fe2b55946b72db045556,2018-04-10
39e4c3a989ee082695448d50fd840a2c,2a630b816f54a5bdfa3b922779745556,delivered,2018-01-26 00:28:34,2018-01-26 00:57:40,2018-01-29 12:33:13,2018-02-07 20:38:44,2018-02-22,09510bd709d39e1bab645f15701a1b51,2018-01-26
ba7da6649755130f12897371beb31272,3eae46e74d4780110d20fae4a9194b9d,delivered,2018-08-21 12:45:51,2018-08-21 13:10:45,2018-08-22 12:47:00,2018-08-28 18:18:43,2018-09-17,65533d9769cfc03da1adc057f4ef2afa,2018-08-21
9372c16a75d7ff9110358389ccaa0566,4d746d8722cb2f5a747240f9be720be3,delivered,2018-03-02 21:57:46,2018-03-02 22:10:26,2018-03-06 20:54:47,2018-03-28 20:27:42,2018-03-26,3a9cf971c83269e00c1a5373561e14cc,2018-03-02
2a2167222a256c1843f07d9d06fd92e6,e02357005a0c25c4b79537f0fabd64e4,delivered,2017-05-05 18:20:43,2017-05-05 18:30:26,2017-05-09 09:29:04,2017-05-22 13:48:45,2017-06-07,10f80329c13c7a7ecbc01a86a5bbc06d,2017-05-05
b7b1f2843edf05e98877ad7a739b2da1,778504bce13eb4db7d25932bb0eabba9,delivered,2018-07-19 12:01:25,2018-07-20 05:03:23,2018-07-24 14:40:00,2018-07-28 21:05:44,2018-08-06,89cc22f3d45ffde2891b48a7dc94b598,2018-07-19
5352e5739f5e5d0fb4d12c4fd4ca8bf5,1e733c62f6bcd8f7a6308bf03149bf2f,delivered,2017-05-07 19:16:16,2017-05-07 19:30:20,2017-05-10 04:13:39,2017-05-12 12:04:11,2017-05-19,f531a178fc2fee2d921943c711b3165b,2017-05-07
6c92e2d397693207d989d46464700492,d5105465636298d11defc066483d9cf3,delivered,2017-11-10 11:32:33,2017-11-10 11:47:36,2017-11-17 12:29:01,2017-11-29 22:09:23,2017-12-12,ea016c6b59af045a2ec8b05dc4ae93d2,2017-11-10
30da2d10bb9d14beedcc9996252deef8,59ee24b5b511f511967f7ba312f72555,delivered,2017-04-06 13:45:55,2017-04-06 14:02:59,2017-04-07 13:15:18,2017-04-18 16:48:21,2017-05-02,0151b5ff5b5d642815f094f303e7052a,2017-04-06
caf12c43defcd1c679e73f2398192965,f23784c27d0cc3a0067680936968951a,canceled,2018-07-02 17:00:50,2018-07-02 17:11:14,,,2018-07-27,035e7cd88b7450fd33efeca817081a53,2018-07-02
1175d97a3d270dddf3146abe7f5e4934,1c60caa82a933780279e85c4b7846bc0,delivered,2018-08-20 08:11:26,2018-08-20 14:15:32,2018-08-21 15:11:00,2018-08-27 16:42:40,2018-09-14,7505dc7276ce28ad936c63599917ea4d,2018-08-20
761d1ebbd0e356d78eb6a1a50cb16662,5f6b16b2dae42bcbceb3f79dac11c611,delivered,2017-08-21 21:42:43,2017-08-21 22:06:07,2017-08-23 18:35:45,2017-08-29 17:18:01,2017-09-13,f4e1ffa5c2042ce07aed52d6f949183e,2017-08-21
e83d0b32f94299783d4e8b9a1fdb6e38,9dc3bd35fb5a7f3d531398019e0344a7,delivered,2018-01-11 20:06:11,2018-01-11 20:15:49,2018-01-12 21:03:05,2018-01-23 19:29:05,2018-02-15,fa1af8aa3e8f2230398e63aac8ac5739,2018-01-11
d69bbac5aea344d3802887ca05fbf283,66437cffe176b78dac1e98ec39e1a7ae,delivered,2018-02-12 02:37:11,2018-02-12 02:48:51,2018-02-14 19:52:35,2018-02-19 20:23:29,2018-03-06,78ad85b91d9ca2d9b505816ab2662ff7,2018-02-12
416e55ae80dadfd48f380ae3b1b1dc83,0855291cdc70f901cb28df5cb677b0d1,delivered,2018-07-20 16:21:19,2018-07-20 16:35:17,2018-07-23 09:53:00,2018-07-25 22:21:31,2018-08-03,21c48d19dbb1543195f7e1729e6fdee2,2018-07-20
8ef4bed1022c0f48012b556559e43f06,6e9599527f2b3b47677de6623b1cd0e9,delivered,2018-04-05 18:13:07,2018-04-05 18:27:41,2018-04-07 01:16:40,2018-04-13 18:42:06,2018-04-30,200b9bf6af757bf40bf77067cb265bb3,2018-04-05
b9e84c5345afe0d23623324665a6df5c,cfbc12247b1b918d42a5f0f1094a86b9,delivered,2018-08-14 19:53:10,2018-08-14 20:05:49,2018-08-16 16:21:00,2018-08-21 12:35:40,2018-09-11,3da69f2651439353d2eac18bfb33b15e,2018-08-14
ad2891e57d3697aab5379b457214511a,fbf502ace030c7721fa678317d2567a0,delivered,2018-08-12 13:36:59,2018-08-12 13:50:13,2018-08-14 14:24:00,2018-08-27 23:43:48,2018-09-06,84fa317f69497da9e6cb89de6ade83b1,2018-08-12
25df55b3cb298807a64158bf3b4d26d1,0e747b71e41262f6648648e1f7799d80,delivered,2017-08-29 00:45:28,2017-08-30 09:50:16,2017-08-30 16:00:07,2017-09-01 19:12:31,2017-09-11,40afc4aac9be0b1ce4b1f520480edeea,2017-08-29
308389e2d91267e2713b8e3ae5a52f0e,b19e123e70a2fd33a077217a1b4db0d5,invoiced,2018-03-15 18:37:12,2018-03-17 03:09:00,,,2018-04-03,ba262a1dd923939c9c88d6eb2e657d87,2018-03-15
0e43d3e03f2ae293fc9e34a0ef9a24eb,960602e1849da56262bfe48c2c8bba5c,delivered,2018-01-21 18:53:21,2018-01-22 13:57:12,2018-01-27 00:13:52,2018-02-02 01:09:15,2018-02-19,0b5e110fbdeb611890cd447756638366,2018-01-21
0a31cb63d4483ffbef1d5503752a0b5d,d9e90748b0092bb0f5417edccf34783b,delivered,2017-07-18 13:44:30,2017-07-18 13:55:18,2017-07-19 19:22:51,2017-07-25 19:43:37,2017-08-09,031cbf8ecc3bd65cafc7061d111f3613,2017-07-18
afba2edab5bba30a0bfcb7fd9ba3d017,14bfea91b8c15d200b1eaf45add92e3f,delivered,2018-08-12 22:43:58,2018-08-12 22:55:17,2018-08-14 15:29:00,2018-08-17 22:33:52,2018-08-17,8a1e3a505234544e477253547e0479a5,2018-08-12
ba566f2aa895f419305a7688c55495e5,0f36f31f1f476b1e242d3f739cc63137,delivered,2018-04-14 20:18:00,2018-04-14 20:32:29,2018-04-16 18:15:38,2018-04-25 17:12:07,2018-05-14,1cf7862585181fe59d384cdfa39f4a96,2018-04-14
5917ce1efc6236fc7a96079d1f91a966,25713e9975537f7d2be3aa73911d73fd,delivered,2017-02-15 11:20:36,2017-02-15 11:32:19,2017-02-16 11:13:52,2017-02-22 19:22:42,2017-03-16,78ba49a4895ba3e63eb9a8584d12eec7,2017-02-15
082c30f193b1a499078fafbfa3a2d6a7,1b9b09dd0c719b512590f46d37e8cc97,delivered,2017-11-13 20:10:29,2017-11-13 20:27:42,2017-11-16 16:28:41,2017-11-27 17:25:10,2017-12-14,eb8b5ba32b829ecfb6a0f4366983a4af,2017-11-13
e4dffee41f8592aed45c0e12c872a731,de0fa5b9e4ce52eaad23baf90de3a6d8,delivered,2017-04-09 19:14:16,2017-04-09 19:25:12,2017-04-13 09:15:07,2017-04-26 10:00:00,2017-05-12,8821e81459adb5afd9dc690db11bd2a4,2017-04-09
e47ac2609ce0ccd8dab33391118792fb,30a9fd4c676d1e0be5cf675eb6017c10,delivered,2018-07-12 18:57:13,2018-07-12 19:24:00,2018-07-13 14:12:00,2018-07-24 17:40:57,2018-08-06,c63a8c4fb13043a3fbe33bd17c69d17d,2018-07-12
1d450eeb8b913996d213b6e22127ef22,7e82da75efa9f715cded0aa152158866,delivered,2018-03-28 22:18:04,2018-03-28 22:30:17,2018-03-29 21:27:24,2018-05-02 14:58:50,2018-04-18,3ff16e3eeba36e0cc8bd8950d7c43cbe,2018-03-28
88096595631e8d26b658306256e3ce34,29a48e3e901b5187dae9af8a5563c795,delivered,2018-01-05 16:35:15,2018-01-05 16:48:00,2018-01-08 19:45:07,2018-02-19 22:54:48,2018-02-06,e0faaaa5e888cd42e05f697c6dcb398f,2018-01-05
ef394b6ac2a7a089f6142d4449472073,925063180f27eade14d5e059b9d4fe51,delivered,2017-07-04 00:03:44,2017-07-04 00:15:09,2017-07-13 13:40:01,2017-07-27 16:08:06,2017-08-02,27e1476c37b57149dee90a4914f0ee8e,2017-07-04
c9abb9f3b4b71b87bfbc5645a02cf8cc,72430ca7638959110ed1dcc035402546,delivered,2018-04-16 17:14:02,2018-04-16 18:33:55,2018-04-17 12:51:09,2018-04-23 19:26:30,2018-05-09,d1253237cc6eb7a60bcb018343642b0d,2018-04-16
a6a6e64c59007f13ea3aa60bdae83200,72e3d271900aad9fa041dba9e8df3285,delivered,2018-02-14 13:45:59,2018-02-14 13:55:36,2018-02-17 02:17:25,2018-03-02 01:09:10,2018-03-16,0c0a39254cf3e1018592d210a254c6de,2018-02-14
814449e266f5cbff53f6e336abd1dd5a,2374bb1234352ce588b83dc14b59ea5f,delivered,2017-09-15 13:40:46,2017-09-15 13:50:23,2017-09-15 19:55:09,2017-09-25 21:25:56,2017-10-18,1ef632982d8b163acb60a2aa6539b49d,2017-09-15
844d901d8e848347a55c93cd4da2aa87,6762ef4cebf4a42904f6b163bdbbf351,delivered,2018-02-02 08:10:14,2018-02-06 05:31:52,2018-02-06 20:29:42,2018-02-16 14:23:54,2018-03-05,b05167904a34f1895c2d923b0c7aabc7,2018-02-02
ec65679b4c5a964591180c6066177c5d,894ce1f963ccd5807bc43fb0e71fa892,delivered,2018-06-05 12:36:46,2018-06-05 14:31:39,2018-06-06 12:42:00,2018-06-09 16:12:56,2018-07-19,c6c982f3a7d21bff300d662d034d9b9c,2018-06-05
191a21c0a0934fdb7dcd56c6b28a8682,c99a11e718aec7c3a6136757b0467d3e,delivered,2018-08-07 23:19:57,2018-08-07 23:35:13,2018-08-13 15:04:00,2018-08-14 20:11:03,2018-08-17,d11f94c61bfc4e47f09110cf6a4852bc,2018-08-07
3ae04700e729d283cfd0b9d1f9fdfec6,a67b88b996ddde574b43e59664dd61e6,delivered,2017-02-25 21:39:28,2017-02-25 21:50:15,2017-03-02 14:23:00,2017-03-10 16:11:56,2017-03-22,fee7018ee174ae6480e1d729c567248b,2017-02-25
1c4fa73d581e562be4c787e9d82259cf,9af7f9599ce4b639c91c54948cd60354,delivered,2018-01-15 15:09:33,2018-01-15 15:18:25,2018-01-17 20:22:02,2018-01-24 20:56:36,2018-02-08,9ac37aecaab945411628eacc01438746,2018-01-15
df499c63856f6f9152046828360192e7,bb088856ff6011b4654a83d2d41fd7af,delivered,2017-08-17 11:52:07,2017-08-17 12:04:57,2017-08-23 20:51:32,2017-09-06 08:43:24,2017-09-28,b609e84c9c83295bb241da5a704bccd8,2017-08-17
f01febc4e81a79e1db53bb8bd0be50bc,590dec4844bc876c38239f2b9d931527,delivered,2017-09-12 22:07:08,2017-09-12 22:24:29,2017-09-13 21:35:09,2017-09-18 17:12:58,2017-10-03,bf0de592fe2dca148e8697ef5d8d764c,2017-09-12
51eaae3287e04efba45a51f52098fc88,5d1bbf55dbbe7811fc7d591f636263b9,delivered,2018-04-19 20:24:08,2018-04-19 20:35:21,2018-04-24 21:48:58,2018-04-26 21:41:33,2018-05-07,5f75bfc1b61fc32b5ea99965ee2a88c4,2018-04-19
01d0cbd002be92b5a970cb8f233349c2,034c3cb26461c58520139e4efb33ed90,delivered,2017-07-21 14:33:49,2017-07-21 14:50:15,2017-07-25 14:33:26,2017-08-11 19:22:45,2017-08-18,b53c2691f8d9e0f58c1b548a4e68ec12,2017-07-21
308d6f3a55688463299b7763b12bfbae,9bec838708c4366cb25ef6bd4fca0c06,delivered,2017-10-09 10:48:04,2017-10-10 03:35:22,2017-10-16 22:07:36,2017-10-17 22:14:41,2017-10-31,69e333213f390c27d001d415de206697,2017-10-09
2dd6562d54546b910b4177b0c2dc447a,76bd337bddd4ba5190040498066749f8,delivered,2017-02-23 16:38:13,2017-02-23 16:50:21,2017-03-01 07:07:04,2017-03-19 06:42:06,2017-03-21,e0e6be3e6d3d0359ffce8b7eb6c1c7b4,2017-02-23
9f860e3990666fdf70352305861a678d,b96da6f69dffa13090a94cf87fb193b9,delivered,2018-05-03 11:20:56,2018-05-04 03:51:59,2018-05-04 14:14:00,2018-05-12 15:24:36,2018-06-05,9953a17fee8d42408513cbb2b66f2bc2,2018-05-03
af16d017fa8ed6ce6e28eebc8db83ad1,658199afa1f8cb62f0d98216d3e20bd4,delivered,2017-12-28 16:50:15,2017-12-28 17:07:31,2018-01-02 14:10:20,2018-01-09 18:15:34,2018-02-01,5077d8599684bbd54d36d9735724c944,2017-12-28
274b74ab9a2f1b057969351bc8e6b9e9,e239226c9cf95ea632088e498f9ab858,delivered,2018-07-19 21:06:47,2018-07-20 21:03:49,2018-07-23 10:43:00,2018-07-28 18:24:45,2018-08-09,0a55dcbbca6cd7ec2c0360195c75673b,2018-07-19
8a0ecc540156c0f21f25d7bfd4e95dbe,fb3aeabb381ddb0b8688ced4bd8d3d3e,delivered,2018-01-23 14:09:13,2018-01-23 14:17:20,2018-01-25 19:14:45,2018-02-02 01:21:49,2018-02-23,26b83e9758a0288ef534e69efff99468,2018-01-23
157ea8293c9bb4a4fbdc68be5e4ac5dd,a05665ebdbef752ab0584df83dfb1ce0,delivered,2018-06-22 22:28:48,2018-06-22 22:37:39,2018-06-26 10:51:00,2018-06-28 22:35:33,2018-07-12,1c0a25b9f75bb6871f5822c710e2a330,2018-06-22
acf3ac1c437e8674370762c5a482b978,6e49bb1c98e6dc8e904a19cca2a4b17d,delivered,2018-05-24 11:46:31,2018-05-24 12:18:57,2018-05-25 15:04:00,2018-06-08 15:07:36,2018-06-19,f0bde7d292f0931e16e51d29340433ea,2018-05-24
d949d4dcea6ae27ff040b9f9f40fac7a,a5fffbfacb602fddf7d992fa9cb5744e,delivered,2018-06-25 15:45:50,2018-06-27 08:29:50,2018-06-27 11:28:00,2018-07-06 16:28:38,2018-07-16,9efc8db07419e29f5edddf1fa98ce20c,2018-06-25
5985847295d7e0472fe475cbc0672ee7,d0cb76d6901788b3f9e893e7a7e93d76,delivered,2018-07-18 00:27:12,2018-07-19 00:25:24,2018-07-19 11:35:00,2018-08-07 11:24:52,2018-08-09,cae9767f5f614b9c607d38a783ac1910,2018-07-18
27b286dd0016893043cae6da2f07a2a5,f59df61ab130998cafd5d0b592eaa6e4,delivered,2018-02-13 10:09:39,2018-02-15 03:47:56,2018-02-22 20:45:10,2018-02-26 20:16:48,2018-03-07,f67322f65afaf144137b6abdb65c16d6,2018-02-13
43542fbe2e7b735e5db10cb3588d63d0,74f7b46796447b5cb19383e169b4a9eb,delivered,2017-10-23 19:51:07,2017-10-24 03:28:35,2017-10-25 17:34:10,2017-11-07 18:02:34,2017-11-13,ede36f460a23399b0ea210c1be846469,2017-10-23
771fc969d198bd5102b42e8d8db12364,c78bc72d6f37cf261d7a381fda4bcc82,delivered,2017-11-12 09:22:43,2017-11-12 09:35:28,2017-11-14 21:39:11,2017-11-24 18:11:40,2017-12-12,6e99e7518783af4ac50fa17eccd278b7,2017-11-12
6e269660f01d35b9a19cc6221711347d,325821eaf351939223d500b01e4f2c17,delivered,2017-06-05 00:32:17,2017-06-06 13:43:00,2017-06-07 14:57:14,2017-06-28 12:06:34,2017-06-28,6274efe311961dac63d754ca7c24e673,2017-06-05
9b6105fa4cb14f57b7a7581fc23327a2,96cf72e1ce19ef63a9c2c526203a871c,delivered,2018-02-06 09:36:54,2018-02-06 09:50:23,2018-02-21 02:52:19,2018-03-02 00:05:58,2018-03-07,83df9820baa3915949beebbeaeb86104,2018-02-06
181d88a6f744e030ca70a35438735cb5,76531560103bd5c550f98bf6fc1c0b18,delivered,2018-05-09 10:03:59,2018-05-10 04:16:36,2018-05-10 14:30:00,2018-05-11 21:58:49,2018-05-18,eca1a2e6cd1a843996346d9e7fada34b,2018-05-09
4b481f7303c6e3e12e9a4b3a8725f998,1c2308f26801ef199d9834d41830bde1,delivered,2018-04-25 17:02:52,2018-04-25 17:33:11,2018-04-27 15:54:00,2018-04-30 14:48:34,2018-05-10,086b67b71d366303b8c06ac7a1b48b78,2018-04-25
e117f2d33b09b76b46edadbd2ca908a7,df97921197ef7add5cf3d5059b7f1160,delivered,2018-02-18 19:21:35,2018-02-18 20:27:07,2018-02-20 19:33:33,2018-03-24 16:21:15,2018-03-09,a5a9d27465e5ad9ce3087693bfa67240,2018-02-18
e5b5f83f4369c413d3bccdd0a5a7fa01,89e0fb5231643d64e8088aa09207df9a,delivered,2018-06-04 08:10:32,2018-06-04 08:30:56,2018-06-04 12:05:00,2018-06-08 17:22:02,2018-07-25,a25de8f8e482df5dab693c3c6e712e78,2018-06-04
c0ed812b599ef187f8d89f8723dda7e8,0531af5b48d3d60dbd7e5c7f5e754750,delivered,2018-01-04 14:42:04,2018-01-04 14:49:23,2018-01-05 16:08:39,2018-01-10 18:24:00,2018-01-29,4562d0a42031990b876a6ff189d97db9,2018-01-04
e1d90e4b5616214b451c589d55a6914c,3d5be0e69a3f7bf64a6cce753cd74a3d,delivered,2017-09-16 17:56:07,2017-09-16 18:06:24,2017-09-21 17:17:54,2017-10-03 21:35:47,2017-10-13,30ef8b3605029f284dbb9f498d07c3bd,2017-09-16
dd445195b0424460abe3fe3bf4497228,07cb625d1689d0583fc1d853bb4b58b5,delivered,2018-04-15 11:22:19,2018-04-17 06:11:37,2018-04-18 21:59:26,2018-05-23 18:05:29,2018-05-11,e2f7603cc171882c272db5c5a479710b,2018-04-15
7af03c34c1e76949fb7ff650df82d101,6cef447cc527164f978d50584d6827e5,delivered,2017-12-05 15:11:03,2017-12-05 15:31:15,2017-12-11 19:57:26,2018-01-05 00:33:25,2018-01-08,e4f4210b68a13bb804545e51ae236a95,2017-12-05
4c14d29f32297333491d1cf6895acb68,ac19d9133bc8251690ad1c1d03ca85be,delivered,2018-05-13 15:17:57,2018-05-13 15:33:24,2018-05-16 08:13:00,2018-05-27 13:46:27,2018-06-04,4de4d4c19198225ff00de6166dc1aa1f,2018-05-13
c417c63bbe2c89c232d187e7bb1aaf9b,0c1faf0b5e24b7a0c450332dba9a9324,delivered,2018-08-16 15:59:15,2018-08-16 16:10:27,2018-08-17 10:37:00,2018-08-23 16:37:52,2018-09-14,f06bad5d5ced865164fd845e78074b9e,2018-08-16
1b151132de254c39a49f595684c80b41,749d30cbf1b9bd281f3a8be978f6b8a8,delivered,2017-10-26 18:51:09,2017-10-26 19:07:09,2017-10-27 20:40:12,2017-11-14 00:54:36,2017-11-30,c7c19110042036e6266adc998cbf1289,2017-10-26
5add1b45cd9bc70f43535f349cfed8ce,c0a731ad99c2f4bf26d8c018ce90cca8,delivered,2018-08-15 15:01:55,2018-08-16 15:04:23,2018-08-17 14:54:00,2018-08-23 21:52:05,2018-08-22,fc7c27fea81cacc1b8128d7c0812ac9a,2018-08-15
dc0b827df3db237adaa4fb6c4a770096,4b6e5308034f677e7b503aaa30ca7726,delivered,2017-10-04 13:30:24,2017-10-04 13:49:08,2017-10-05 19:41:13,2017-10-10 14:42:45,2017-10-23,8164c9011aaef0ae467dd2a15a036aee,2017-10-04
03e69d6af27047bf2721b317c321356e,179f0e4fe07ba87fe5291970261c42bb,delivered,2018-03-02 08:27:04,2018-03-02 09:30:33,2018-03-03 00:06:32,2018-03-19 19:04:25,2018-04-04,e047754ea69ac071b0a0894257a3111a,2018-03-02
d5019697adae49bc605b362a5647971a,735c67b1628759cb859e50fc525aa175,delivered,2018-06-21 16:03:01,2018-06-22 02:37:10,2018-06-22 13:47:00,2018-06-27 14:45:24,2018-07-27,33cc26eada9dbd243600e8a48719b80a,2018-06-21
58c10b9936eee35a71e3c48a423f2ec2,eab1c61ab54fb656da04dfdeed580682,delivered,2017-04-10 23:32:40,2017-04-11 14:10:12,2017-04-12 16:34:23,2017-04-18 13:08:08,2017-05-16,9128b404325e64a95b31473e17cccfde,2017-04-10
b630c986ea5c14749196132407a05589,81e881760435735cbc7c5c9861d70b27,delivered,2018-06-28 00:14:31,2018-06-29 02:53:17,2018-06-29 14:24:00,2018-07-04 02:12:43,2018-07-25,c9ab680161bc15afe6d2786d53abaf01,2018-06-28
0baf7baccd1d8c755bfb78c96a2bbc62,765916936db218a902d068127e62e913,delivered,2017-06-20 11:25:41,2017-06-20 11:35:34,2017-06-21 09:58:14,2017-06-29 15:09:17,2017-07-10,12611e5049d58be3e7edc5fa448d9ad4,2017-06-20
c1b6e4f2ff6555773a6764c3a3286101,77c56cf8646cc6b1911f5a3108e8d468,delivered,2017-08-16 19:14:45,2017-08-16 20:30:22,2017-08-18 18:49:31,2017-08-23 18:29:02,2017-09-05,705751b015f44b79a7ec4c13f84ead57,2017-08-16
acf135e0b39f84ba17db4d8ea2a42e7a,f3db44b13ff035a25a500e7081e200d1,delivered,2017-04-26 10:52:56,2017-04-26 11:05:10,2017-04-27 14:43:25,2017-05-02 17:11:17,2017-05-15,f852ebc052dcdc5641db11c9ca5e3ac6,2017-04-26
d0d0cd214412eb2dc2680e88b0767ca9,128705e3c217c73be91eb0572874cb4c,delivered,2018-03-16 00:36:48,2018-03-17 02:40:31,2018-03-20 22:38:47,2018-03-22 15:08:38,2018-03-28,640345c8a465a0ab5136a7a1bc10d9b6,2018-03-16
5f414388ee0de89c464f962cc46f4696,3943406d45d8c9bf7ee11a4cec5c9102,delivered,2017-06-04 13:12:02,2017-06-04 13:25:15,2017-06-06 15:12:28,2017-06-13 14:04:35,2017-06-26,53dea410c5e01733a2115245b0425dd4,2017-06-04
eb69b189eff3d0b2c623ced020983c03,9efff1d49eae459a6c8a2082410f7c4b,delivered,2018-04-15 20:10:23,2018-04-15 20:30:47,2018-04-17 21:58:49,2018-05-06 20:21:44,2018-05-11,c926f9749e71e831279c2eb90764b647,2018-04-15
1aecadf4362edaca7fa033e882076c8d,e81a9f176936e3124dfd90c483bf3289,canceled,2016-10-04 10:05:45,2016-10-04 10:26:40,,,2016-11-24,823c47d4abda1f8ce7568145f76c2b85,2016-10-04
c0c3e3561d570a706345bbd04b42de8e,297adadb07031a1f609eb3459eab01f0,delivered,2017-08-31 12:48:08,2017-09-01 02:25:33,2017-09-04 13:14:55,2017-09-06 14:26:07,2017-09-22,6bef52e5972563e5aa96dde8c2e13e06,2017-08-31
4ecdafc07882d357b5607a05e3a1a46f,e25c30386baad502153f382e3f8fd9de,delivered,2017-07-29 11:53:18,2017-07-29 12:05:31,2017-07-31 20:07:48,2017-08-04 19:24:53,2017-08-22,3d97b4dff4109c1a1398e97b0f4e2248,2017-07-29
0d5d3777270af3ab88e1ad0e74c57e52,d445b9c894d13feec15913b63b8f802f,delivered,2018-08-07 13:05:13,2018-08-07 13:15:22,2018-08-13 14:45:00,2018-08-17 13:32:38,2018-08-27,622584559fe8aa050314bc38693a419e,2018-08-07
373ed2d4d423781420b5755892ef90ff,b232b39a0548879364ceff434d6c3a35,delivered,2018-05-12 13:28:41,2018-05-12 13:54:38,2018-05-15 15:39:00,2018-05-19 00:12:06,2018-06-13,6f9af15720ebcefc310ae310efc7bb46,2018-05-12
d3e20e12dd625bc8aa36a78636912b0f,cb3724d7cb7db46b65cfd1e7c16c0df5,delivered,2017-07-28 16:22:00,2017-07-29 16:43:32,2017-08-01 17:13:28,2017-08-10 20:11:41,2017-08-29,84056c11d63b679a61f195ef043505f4,2017-07-28
175a79065991e40569812e90232dc38d,092b4a3968d596ad4eeb10b217b87cde,delivered,2018-08-08 09:49:45,2018-08-08 10:05:04,2018-08-09 12:20:00,2018-08-16 18:40:58,2018-08-31,c1d418c446613f769057f6291691b90d,2018-08-08
dd6bfd7035613ad5676e72a428b38ba6,a3cd25e77a52347467f8af69e01e2f1a,delivered,2017-11-25 21:21:13,2017-11-25 22:19:21,2017-11-29 22:38:54,2017-12-18 23:32:36,2017-12-19,c559097ea5bf2e95867985e1dfe6c774,2017-11-25
a085154af3d68d11b256a6facc891a56,0e7de6e91e05d4cb605014f859417092,delivered,2017-11-22 16:46:34,2017-11-24 03:10:42,2017-11-24 21:52:05,2017-12-04 20:56:16,2017-12-20,875118b1dcd48f69f97b99d67a5ef50d,2017-11-22
b8ed227712b7665deac44bd9a5fc6a6f,877574fdbff3531c20422802a8580662,delivered,2017-10-03 16:13:38,2017-10-04 02:44:01,2017-10-13 20:10:03,2017-10-24 09:20:02,2017-11-01,1d145be1c3df4da98204434d49bf4877,2017-10-03
d2aa41358e416312efc398ebd0984d2c,facce4dab98894c02651e3deb8ae35d2,delivered,2017-05-21 12:23:15,2017-05-22 13:06:19,2017-05-23 10:19:22,2017-05-31 08:56:33,2017-06-13,0b2b99b16090fc5d9527bb362cb668ef,2017-05-21
41e327a61eeb27d89afc2b2f39caad7e,97c33ea3a30e236b2a2e514dadfa171b,delivered,2018-03-09 19:28:24,2018-03-09 19:48:23,2018-03-13 00:56:29,2018-03-21 20:56:25,2018-03-28,42c769ded134d534a9dedabd8f83c547,2018-03-09
32b8249f810186f4cd9179daabc1f1dd,6c05f12cb6a66c47774242ee192825c8,delivered,2018-03-25 02:56:02,2018-03-25 03:10:20,2018-03-28 21:22:46,2018-04-01 12:36:43,2018-04-06,9e6a3ac8920c8489fe0c50efd711b597,2018-03-25
8cfbb8cf89ae7debae363e130964dfcd,354841d55248144bfb36d2713f14eea9,delivered,2018-05-01 15:58:00,2018-05-02 16:19:48,2018-05-07 13:23:00,2018-05-15 21:56:59,2018-05-28,76e22b73f118f4a7286555a25d816ab2,2018-05-01
0778ca929f32b5357008bd57489a1272,2bf35c36ca33d1e7d63b882349cc4018,delivered,2017-08-22 16:50:10,2017-08-22 17:32:52,2017-08-24 12:20:38,2017-09-01 21:28:55,2017-09-15,5b09c620db60411b0be6f1817c6cbe71,2017-08-22
1a6999c021291137f10864ddb9710172,9bb289a474b8b487ef1fb04b0daf7425,delivered,2018-04-04 17:58:04,2018-04-06 19:10:13,2018-04-10 20:28:24,2018-04-20 19:44:40,2018-05-03,8f5143570051e10cda490e55126b9ec0,2018-04-04
330003e600912f03d0036088e5eadf64,bf46f5628006409ce5740517ad6506f1,delivered,2017-05-04 10:09:36,2017-05-05 02:15:16,2017-05-05 09:34:33,2017-05-12 12:57:54,2017-05-29,8ef79d985c967673a6b6040cf4770936,2017-05-04
b4c788b394de32f3930119ad9938c9f8,b6e54ec7c8d54cf2c0cfa7aa39e9e1f9,delivered,2017-11-20 11:27:08,2017-11-20 11:46:28,2017-11-22 21:28:30,2017-11-24 22:21:15,2017-12-04,4b4e6199c7c6bb267b2f53dbc2f2606a,2017-11-20
3582fb0b1a99491e556c896ea2565708,20f7a1d73d2e7411457267a2218d66e0,delivered,2017-10-20 19:01:52,2017-10-24 03:28:30,2017-10-24 13:47:25,2017-10-25 19:56:06,2017-11-03,98105ec8c5b1d6f49921afd36e32c8e0,2017-10-20
a92ac2f2738d0a4b0add8fe65157d5f5,c0dcb00876fc9a5997a03a6503128b45,delivered,2017-02-02 11:56:21,2017-02-02 12:21:06,2017-02-03 12:45:42,2017-02-22 09:52:00,2017-03-07,499cd12b7fce1ab0f6b34c9aed0e43ee,2017-02-02
b2ac7b0754b724547abf07a172a45bf4,809ad2833c6b78506d5fc64546edc4cb,delivered,2018-08-02 15:12:56,2018-08-02 15:25:13,2018-08-03 06:25:00,2018-08-16 16:23:34,2018-08-14,f51f616a3ef1b481892426fb7c3f1f9e,2018-08-02
6bc068075770cc66b2bd231aec60f1be,14f48ad16762cbf2cd2fbd4d0e8c9ffc,delivered,2018-04-02 21:47:07,2018-04-02 22:09:36,2018-04-05 17:56:39,2018-04-07 00:33:45,2018-04-12,10b442e762ba8a5ad22de5ba2207e5f1,2018-04-02
673af36c8b5395e5199820c02b42abe9,aba2534e617ac48b51c85cd156d5594c,delivered,2018-08-10 23:06:33,2018-08-10 23:24:29,2018-08-16 18:21:00,2018-08-17 17:35:39,2018-08-17,d059670c6db059425ccb84282b482192,2018-08-10
367feab81137b698b971aa3bc25233d7,ad2910357a425b444b90821bb85efbef,delivered,2017-07-14 13:26:06,2017-07-15 03:35:37,2017-07-17 17:36:27,2017-07-19 19:57:49,2017-07-27,b1caed4a34bad18b88cdd65798312464,2017-07-14
69d5ba0223f159cd67fbe9092e0900fc,845c0d7f4c0b90ac35a93c8a3dc155bd,delivered,2017-06-25 15:27:16,2017-06-26 15:35:08,2017-06-27 14:34:45,2017-06-30 16:16:44,2017-07-14,f9bfc8da1444288905ef7b2bc1a6f5db,2017-06-25
22ecef80997c71139d9679802f02e84d,1109c3ef4ce1fb80b95b9765d6d76fcf,delivered,2018-08-14 18:54:38,2018-08-14 19:10:22,2018-08-15 14:20:00,2018-08-23 14:48:37,2018-09-06,d4754fee30c90844e5fe9380b8231f4b,2018-08-14
6c20aa516c6c94293fe199a1a90cd907,9d2ac25577105c9b6f970b09e28cce57,delivered,2018-08-09 16:43:32,2018-08-09 18:25:19,2018-08-10 14:58:00,2018-08-15 16:02:24,2018-08-23,beaa3612a9b735522e2d2b420478a3cc,2018-08-09
ecfac5c29a3281d0ccd4cd7b53ae7ece,e8c65e4a42d933351c72233946bf29b9,delivered,2017-07-14 09:22:18,2017-07-14 09:43:46,2017-07-19 19:14:39,2017-07-26 19:25:45,2017-08-07,daa7bbf7016cc30bf64f97d1db63e5e6,2017-07-14
2356da144f2eb45c2d226126cd72245f,ae114989db6894fdea28ea1cfad80125,delivered,2018-03-04 21:32:19,2018-03-04 21:48:55,2018-03-13 00:28:25,2018-03-20 19:42:59,2018-03-21,a5c9bd081c418ca86d0a718444499e63,2018-03-04
18706eb4e0b3e500ece5690acaefb220,0a24129b7aba68c67d83fcfd94ace35a,delivered,2018-02-18 13:38:49,2018-02-18 14:46:38,2018-02-21 21:09:22,2018-03-07 19:49:42,2018-03-09,d3738b2218832d0397dbbceffa3f3514,2018-02-18
300449403bc51b74937be794d4999da9,8fb42545bfc44763da22b9bf84a47cc1,delivered,2018-01-09 17:37:24,2018-01-10 10:32:16,2018-01-15 18:07:19,2018-01-20 14:32:38,2018-02-05,faa7be73dc33b7fba318507355db3f2a,2018-01-09
74c5c5c9380461f1751598087249a9e8,994c652f7a0aca3f3b1b78e7820c9168,delivered,2017-09-15 21:48:54,2017-09-16 21:47:48,2017-09-19 13:48:00,2017-09-20 19:37:43,2017-09-28,8b06cf67b3666ed9ddc62016c194dbd9,2017-09-15
7e0b50d7996f3b774c21b38458c54d03,df14b61cc7c66d382984e0fb32c40971,delivered,2018-03-26 18:30:40,2018-03-26 18:47:22,2018-03-28 20:32:30,2018-04-04 15:54:54,2018-04-12,3283aa91dc81ee74662972a337d0cbe1,2018-03-26
c253cb678b5c3b8e8c9a13fc97d8e7f5,1fd5eaabb77d2652f4eda8149dac021a,delivered,2017-02-06 14:31:27,2017-02-06 14:41:18,2017-02-07 07:59:49,2017-02-14 13:41:46,2017-03-13,8b42400c4cb61d91fbc68a94467a700a,2017-02-06
5c1d89aac6e3b4a8f69d548ea030179a,ebfec89ff4443951e41c19c07203210e,delivered,2018-02-07 15:30:26,2018-02-07 15:52:20,2018-02-08 20:58:49,2018-02-17 01:38:00,2018-03-02,0f64cafdb3e1e4806c99ff165305e27f,2018-02-07
0463f8ccb9ec5832bfeffdd28ce2359d,f340efcafd7be14d4014aa093a7efd9a,delivered,2018-01-08 15:26:13,2018-01-08 16:08:40,2018-01-10 20:17:12,2018-01-25 16:07:53,2018-02-09,a2961c13e89ab54c312606c65a77475e,2018-01-08
140d98b96ef924164add7c0fd859992a,06278b75c68ad852923f6ef0773eb154,delivered,2018-06-07 16:23:33,2018-06-07 16:41:44,2018-06-14 14:09:00,2018-06-27 17:58:33,2018-07-23,51254e30e483306de104997755d19537,2018-06-07
d6eaa14b089c4b3a1a97f905d9836018,11d70f03f893cb98ec454bfcdc3554d3,delivered,2017-10-09 15:07:56,2017-10-09 15:32:07,2017-10-13 14:08:43,2017-10-20 17:38:26,2017-10-27,78b36e7ac8153ad0dd6ce8318aa4409c,2017-10-09
7f59e384ee31edc27aa774219e5019f4,0f0263848b51bdafacb3a0f227f83a1f,delivered,2017-11-08 10:05:07,2017-11-08 10:15:59,2017-11-10 17:26:53,2017-11-22 00:07:39,2017-12-06,c49d13d6b244803683d21634ede21f03,2017-11-08
37965120652845efe3e27796c9a4386d,c4bccb6bca925c3c4907841f24877a89,delivered,2017-07-08 00:31:25,2017-07-08 00:45:14,2017-07-12 11:58:43,2017-07-21 13:36:58,2017-08-08,c0c66ac65f8a221060ea85ccfa62dc00,2017-07-08
cce2ceb2a8ee779a15975a90e6063cab,e6fca8fbc9c7096c3c1d4a464a74fe89,delivered,2017-03-19 10:58:02,2017-03-19 10:58:02,2017-03-20 11:20:08,2017-04-11 09:36:34,2017-04-17,adf458f98e9ee1dcbdf88c2536ea0596,2017-03-19
c71668ecb00ef95a73c7aedef1332d54,5686c2637c5d9d4b4c71a96627341cbd,delivered,2018-03-09 12:19:56,2018-03-09 13:20:35,2018-03-13 19:42:26,2018-03-15 21:38:40,2018-03-27,2933b9220ee0a0fa27f0dae046d4aff4,2018-03-09
5ce97d89fd3ee848e6c60736d3e32a3b,b4ad6f9e47240de0410c2b0c7c1e54d0,delivered,2018-08-11 15:54:58,2018-08-11 16:05:14,2018-08-13 10:01:00,2018-08-16 20:03:43,2018-08-21,58e59edbd1992e47ac5db1e6eddd4283,2018-08-11
3e97445a80fbe4c15f6f1aa9bf95c90e,3056864479a9f7e725da2e7da03f0c31,delivered,2018-01-04 12:56:06,2018-01-05 02:36:07,2018-01-16 18:18:23,2018-01-19 01:12:48,2018-02-22,7bf9c3c4bf8eb97a2c66b2ee15a9bcbf,2018-01-04
c7993b9c3400e607391a4927068193a3,03d0ec2d85870812d23393eda7a45e8c,delivered,2017-11-23 11:48:49,2017-11-23 12:01:53,2017-11-24 15:21:25,2017-12-16 12:00:01,2017-12-15,5b170b21e7df492ffdd39962c608ce63,2017-11-23
9a602e9f9b1dff857011b7aa548030f1,5f9cd39d3754cefc00985665eec28c6b,delivered,2018-06-20 13:22:29,2018-06-20 13:38:37,2018-06-21 22:00:00,2018-06-22 17:35:48,2018-07-03,69084434a5f84031844ea9437289dd19,2018-06-20
79ddbc258ea5329dbc3ec8c16a8ddbf0,b5184073970ea386d48a95755a1ad19b,delivered,2018-07-26 22:57:49,2018-07-26 23:05:48,2018-07-27 11:55:00,2018-08-03 13:12:29,2018-08-16,7cc41a80c476e125170bfc2b4e23cf87,2018-07-26
cc8068a058758e65bf66266523272c96,18403267352012ec6c688ea048de5fd7,delivered,2018-08-21 14:33:37,2018-08-21 14:50:15,2018-08-21 15:12:00,2018-08-27 21:18:38,2018-10-04,e0a5db60810bf77e8297ec649fdff00d,2018-08-21
5cfaa2e60887ab4aed7d4e637efe2156,fd7b70ad4f8576a3c21f1c1bb304015d,delivered,2017-06-22 19:08:00,2017-06-22 19:30:19,2017-06-23 11:27:53,2017-07-04 14:03:13,2017-07-14,c76dbe63126a89c815fe9716acfdb4a1,2017-06-22
4027aaf151a408af313fee7a5af64c5a,14ec0af04aab4398a904a77ac2e1c68b,delivered,2017-12-31 00:02:06,2017-12-31 00:13:48,2018-01-02 20:27:02,2018-01-09 18:15:29,2018-01-26,9b8459e95c991a7a5ee914b88bb2d791,2017-12-31
92068bbee229d1ee120976bbfc4fb4c4,fd0ba627e4335dfdd8f6e0271bfa8842,delivered,2017-04-30 19:11:16,2017-04-30 19:25:12,2017-05-02 10:17:50,2017-05-08 09:10:23,2017-06-01,e30c1f6a95fe5947fcaaa205dabc8f05,2017-04-30
2dedcbba76be1566c5b983e07348d75f,b7c31c82d8f6bedc8da47d41ba963167,delivered,2017-01-31 15:56:56,2017-02-02 02:50:37,2017-02-02 10:02:45,2017-02-08 15:18:43,2017-02-23,2ae1c58b259e5dc3f215ebc889d38701,2017-01-31
21fee944dcb6831cf34d4e387e32f3a0,749a4b9ff7fd0dfcc08fb248e217e123,delivered,2018-06-18 14:02:53,2018-06-18 14:19:43,2018-06-19 15:13:00,2018-06-20 18:45:38,2018-06-28,530e2b297b7ee0f06839d7f76f61985d,2018-06-18
1eea4fee5608c3a7087b63a20a3c7b18,4f3a9acfe1e04480b30e5a5dc97d8388,delivered,2018-05-17 02:57:05,2018-05-17 03:35:22,2018-05-17 13:51:00,2018-06-01 17:14:35,2018-06-07,a0f224083a07150c7a38e7a05fc00dc8,2018-05-17
ece456981916b0a15389f632ca95e4c4,83f3342b0ee6f0c116666610ec70e082,delivered,2018-02-05 19:25:51,2018-02-07 02:52:16,2018-02-08 14:58:24,2018-02-19 20:38:49,2018-03-02,ef615978504f00be4e6e171ca068e160,2018-02-05
8588dbb5ac5ec024b27fd96e6dc9b456,1887234b28cdec9f90bb825e6fc05c92,delivered,2018-04-27 16:43:33,2018-04-27 17:11:48,2018-05-04 15:27:00,2018-05-11 17:48:51,2018-05-17,d82b2bac73bce4d513d6708bcd0859a3,2018-04-27
28f94086a4839218d5499240eff0d805,ac415398632d16a5eb2a5d6903714c72,delivered,2018-06-24 10:58:35,2018-06-24 11:18:34,2018-06-26 14:38:00,2018-07-10 10:08:35,2018-07-25,61a82916fc77ffcc26ff4846de766de7,2018-06-24
d974773494a37afcdf96ac5a0e86b557,c6fee9456b9b3eb0238e6a00751064b0,delivered,2017-03-21 18:43:02,2017-03-21 18:43:02,2017-03-22 11:16:41,2017-03-24 16:50:05,2017-04-18,7d4697714f3fd77c53b5c77c93a3f364,2017-03-21
14ed86978b67164350d3dbe3d4f13ec3,44e0678c87b6d11c02fd7099d45342e0,delivered,2017-08-14 22:26:35,2017-08-16 03:25:25,2017-08-16 20:57:58,2017-08-18 14:07:45,2017-08-30,5c83ecb93c340986669fbe976ead71e4,2017-08-14
ada48b7ce9fee2a62cd265bd45a9c97b,64ded60f3124e272f4403c9fe551de28,delivered,2017-05-28 23:22:32,2017-05-28 23:35:16,2017-05-29 10:34:43,2017-06-28 16:09:45,2017-06-23,da2e2fa3c928e6c7cacadee28d84c8ad,2017-05-28
b351c57f3466ec0b11aa1696b052068d,b1d6ca91dc683ded001b2459ff45b745,delivered,2018-03-24 09:51:30,2018-03-24 11:48:18,2018-03-27 19:28:51,2018-03-28 20:42:04,2018-04-06,7119bf7ae87ab97626bb88f4752bf43a,2018-03-24
130654953b9f4e7e9f1bd08b1b882bf4,78507601d58635378ae8d1b0fb325a0b,delivered,2018-05-04 19:56:10,2018-05-08 04:15:33,2018-05-08 13:04:00,2018-05-15 20:08:32,2018-05-29,b3e1a4c3e4baa995d151cd0e88cbde0b,2018-05-04
736d9580e48fa6a156f60f5341acd2da,52dd2d8a2a8d602034af4d803ac06425,delivered,2018-08-05 15:56:16,2018-08-05 16:05:14,2018-08-06 12:33:00,2018-08-14 00:34:33,2018-08-27,decc6bfd467170246a0e99a582d4b1c8,2018-08-05
179abebffa31c043447ea7d933b8962d,e9c271fb6124f9984885577e35171ef7,delivered,2018-03-21 22:00:30,2018-03-21 22:10:34,2018-03-23 17:48:53,2018-04-04 16:52:09,2018-04-10,fb9b04e7213176031e867b02ff3a4bd0,2018-03-21
e47c4c77d188f893a6534dbca93d1ef0,442b1ea2036e73e62d354d7a71dbe075,shipped,2017-05-07 10:22:58,2017-05-09 09:35:20,2017-05-10 08:33:13,,2017-06-12,0a672c9d66a69aab1e7fa532288587f9,2017-05-07
47e8f8fc6c6d0bdeb784394a599459a3,df1c0d10b952370cfaf589b4f7c615b5,delivered,2017-06-01 08:50:03,2017-06-01 09:03:03,2017-06-02 14:39:30,2017-06-09 12:25:35,2017-06-26,f63ba17b6bf60a96c5b82a5106a10fee,2017-06-01
a702e68bc7f4b63f299ffe8105a5ac20,10492206abde41009b952754aebaf8af,delivered,2017-06-27 11:42:28,2017-06-27 12:24:09,2017-06-29 15:21:51,2017-07-10 18:32:32,2017-07-19,b50458902a59ba33802917166adaf31a,2017-06-27
16155ce5a2e0a989c3a5a173972eae2f,a4a31639efca4450f58e07417152b15e,delivered,2017-06-06 14:47:59,2017-06-06 15:02:48,2017-06-07 15:28:01,2017-06-19 18:47:54,2017-06-29,4e43bb0db4eeaff2a2593b9d1a0afe15,2017-06-06
3494866382f1fe5a926b1875d0c32bb7,333182ac41b476973fc3da5758115a2e,delivered,2018-03-04 22:55:52,2018-03-04 23:09:27,2018-03-05 18:41:51,2018-03-26 15:31:21,2018-03-27,8e5c884d5991c1b46ec3e857c49184da,2018-03-04
5e610a7e5b143f5d88aafc66cf9dad80,04660634d3f6c16b67b53dc0000bba41,delivered,2018-03-12 21:37:09,2018-03-12 21:48:21,2018-03-13 16:41:30,2018-03-14 19:03:50,2018-03-22,af400490f77ef67f2cff53ada92b5a50,2018-03-12
4baa3882a6f5d47e5ac98cd10c942c4f,fb0fe3df796fc48ccdd629d12095b108,delivered,2017-01-20 21:20:07,2017-01-24 03:36:28,2017-01-24 10:24:36,2017-01-28 11:34:03,2017-02-28,dd9e24aaf192ccb06c02cc76f40accb4,2017-01-20
1f0c014f0e64850a2020368551656dba,d829c6a67a93d7fc7f62dd56abbcc4de,delivered,2018-02-22 19:04:46,2018-02-22 19:15:32,2018-02-23 22:38:05,2018-03-17 13:07:53,2018-03-14,0a2b05c3d1a20898c3149697fdbc1034,2018-02-22
d069386dc9272623bf6734acaa0b5c74,efd005055362e06970c4f9b4576510b2,delivered,2018-06-15 19:08:15,2018-06-15 19:42:12,2018-06-19 07:23:00,2018-06-30 17:31:13,2018-07-27,19310b7e758678733270a242cc4bae64,2018-06-15
5074540fc1b349291fc4c4b11dea71de,6a5f436b8f92683dce9d7b7bb20ad411,delivered,2018-05-31 17:45:01,2018-05-31 17:55:16,2018-06-04 14:40:00,2018-06-06 18:33:48,2018-06-26,2e11f26892b958dcfdeba34033228e43,2018-05-31
6529605bc64275a6d53b085062f39d98,ab9c9ce20060a9d3aaf8071ac7d04674,delivered,2017-08-02 18:10:20,2017-08-02 18:25:13,2017-08-03 18:32:46,2017-08-09 20:10:13,2017-09-05,bb8958a7635632287327d57b990942bd,2017-08-02
d6027c4f8b46f61d7d4a2782b56e603d,d5a9dd036836c41f94a05b54d04359f4,delivered,2017-08-21 14:31:17,2017-08-21 14:45:14,2017-08-23 13:40:00,2017-09-20 20:27:47,2017-09-19,f74322325aefc98ba07eeaa276fcadfe,2017-08-21
dfd973e5e8ca86a5abccf718e6ad264e,76f0dbd7491610a96786b3c2c544ac9b,delivered,2017-09-22 17:14:04,2017-09-23 02:30:08,2017-09-26 12:17:46,2017-10-02 15:47:51,2017-10-16,02c233db34d21b47050e9db36aeec3ff,2017-09-22
2159b1a8db7e7cf857d6b85186c049d3,2ab28928cda7f94d5fe3728e3749dff1,delivered,2018-02-07 14:56:03,2018-02-07 15:11:14,2018-02-10 01:33:11,2018-02-16 18:04:07,2018-02-23,fa494e4132e6539d70a8478f1d0cf3e3,2018-02-07
64ffd968be8339d1911ef7957f314421,dd78b55f838a0542a2d09404c809a557,delivered,2017-07-19 16:39:20,2017-07-19 16:50:21,2017-07-21 20:12:04,2017-08-24 14:25:14,2017-08-18,586fa2f97a4ff8d144090a4fe903ee22,2017-07-19
2e6d2d54826e3dc0cf96b86f6d029dbf,720d7be2cfbad4db907a1a9d1357612a,delivered,2017-08-01 16:11:38,2017-08-01 16:43:03,2017-08-02 22:26:49,2017-08-12 16:18:59,2017-08-23,c87bae723aa2dcb8776c9b171db898ac,2017-08-01
667d5edf566de718db1489ba407232ee,edd13b692c82a56009adfb70e6f74391,delivered,2018-03-28 13:22:47,2018-03-29 03:15:25,2018-04-04 17:57:56,2018-04-17 18:31:52,2018-04-24,bb3cc40f6be3ca0f4ef9b1f9aa1d5473,2018-03-28
39f2f1bc7660c36850e4d3798f120658,ac63a50f1e7e18461fc6167c1a1152e2,delivered,2017-11-30 13:29:07,2017-11-30 13:52:15,2017-12-01 22:22:32,2017-12-11 16:52:39,2017-12-22,051880fa3e29a7a1888723737e788d02,2017-11-30
40b844d9eccc85cdb1d2ccef1efbeb40,7ce795a9cdc1671390a9fd9bc0de0a95,delivered,2017-06-30 13:48:40,2017-07-01 04:45:22,2017-07-05 07:08:55,2017-07-10 16:28:18,2017-07-20,8d536e99a891b61b306c56cadfbb540d,2017-06-30
7db3c476a7eed0f931dfe7e69deeb54e,8bd3e5ae89d89e1c50438845e21b9171,delivered,2017-07-18 00:54:08,2017-07-18 01:10:09,2017-07-21 18:27:32,2017-07-28 16:14:26,2017-08-09,8def957fa873df4182f3eee2ca584261,2017-07-18
a7b3902a1a640e1f0d4f861d468c588a,ca150f7080297fcc2977fc1bd5fa2bf1,delivered,2017-11-30 19:50:16,2017-12-02 02:37:29,2017-12-06 19:33:29,2017-12-11 23:19:52,2017-12-18,6ad7f988a8d4cf14bc53155dcebc30ac,2017-11-30
6a2cd48884fcfc672cc393f247c04a19,d64874264dadc5194c74b21d992eaec2,delivered,2017-12-24 17:32:38,2017-12-24 17:48:11,2017-12-26 22:45:01,2018-01-06 15:58:57,2018-01-26,2d8446989b07d204f4a9a85ddf8118d4,2017-12-24
aeecabebe0b93474b9f9cbe9c54e054d,263dc86c0d51564f1b3776b787ec8779,delivered,2018-07-21 11:03:25,2018-07-21 11:10:17,2018-07-23 14:12:00,2018-07-27 17:04:01,2018-08-13,0825f342da6a33d48c89202d11ef61f7,2018-07-21
b9115d0844f1d90bfd469a55db1c652a,e15eed31be53dafc30a0ef7c400b15b7,delivered,2017-11-16 13:08:04,2017-11-16 13:49:32,2017-11-20 20:41:32,2017-11-24 19:18:31,2017-12-06,817b80c7de598c394b9a89119262f51f,2017-11-16
101112c9a9084c756f17fd3951dd02a7,634538aaf116233d2280d6c093dd3528,delivered,2017-12-12 20:34:09,2017-12-12 20:52:15,2017-12-15 16:53:31,2017-12-21 06:59:43,2018-01-08,5a76612e828aadc27295600c272976c9,2017-12-12
e7eceb7362eb746b29dc6205f732067c,8600b231a8fa87131e4bcf9d1dd0cbd6,delivered,2017-09-08 09:34:14,2017-09-12 04:25:51,2017-09-12 19:19:55,2017-09-19 20:27:07,2017-09-26,0f994154412da4ae62966217594a1914,2017-09-08
517ff48f259d8b8c702398a25cbd5450,e0e03fe00173d2b18a04139a45acce13,delivered,2017-06-18 09:58:41,2017-06-18 10:10:16,2017-06-19 15:27:57,2017-07-05 16:05:13,2017-07-11,549a24530925587e2faddb35f667e458,2017-06-18
c3256d0b41fca9e8892884ca21306c59,ca0263b1cbe21dee5379bf130774572c,delivered,2018-08-02 18:10:23,2018-08-02 18:25:26,2018-08-03 13:38:00,2018-08-08 21:32:08,2018-08-14,73e81db0aa31dab4286bb18a2c3dc9ac,2018-08-02
57877cee20b0b56f383bcec5069c48c8,29566b1a3f2f8a3de8ff9bb1fc5c5dd2,delivered,2018-06-25 17:16:28,2018-06-25 17:34:24,2018-06-26 11:28:00,2018-07-12 10:25:45,2018-07-30,a467e2e01650f8ac74ac814ad3aff2df,2018-06-25
e46475bd25ec0611f7ce2a2f0e63bc8f,11c794d9a7bfe387c47c3308c8301ebe,delivered,2018-02-13 17:13:27,2018-02-13 17:27:33,2018-02-19 23:37:11,2018-02-27 02:27:08,2018-03-23,bdaa2493b3e706c215cea8a1bae41d41,2018-02-13
c2366de030bbb08e26d86e7489ce65c9,edafb59d9c6c921ea0a8f06d3b179c8b,delivered,2017-10-10 13:28:04,2017-10-11 03:49:37,2017-10-11 20:32:54,2017-10-17 15:55:59,2017-11-03,8beac40d60f202a69373cf2060419df4,2017-10-10
1c596aea2c7f298b4ccafe3b88d7dfeb,5dfa4470104f14d785fc50c65a475b8d,delivered,2017-11-21 14:55:38,2017-11-21 15:06:14,2017-11-23 14:43:11,2018-01-05 16:32:14,2017-12-12,37f744a5b54797975149a88fce114cc2,2017-11-21
53fafd0933d69603122f8f804fb76968,212a3604c770c9b1fdf5523e2b702dbb,delivered,2018-03-26 14:33:13,2018-03-26 14:47:47,2018-03-27 21:52:16,2018-04-02 15:12:18,2018-04-12,d8ca95d946a44bf4af460bc5eea8c00f,2018-03-26
6f6b5c08b8746e5c1ea778afcf6ec2da,9fde45102e6aa9006b12d7e95e1e08e4,delivered,2017-10-14 15:37:51,2017-10-14 15:51:39,2017-10-16 20:30:05,2017-10-19 18:03:36,2017-10-26,6dae5d77024d11f86a9ad1302ad6d688,2017-10-14
5545b19e008b4a2989c495761e53456a,9c0e68320c244cf91a86cfc2602ed325,delivered,2018-06-17 10:37:01,2018-06-17 11:00:58,2018-06-25 14:24:00,2018-06-29 14:08:42,2018-07-17,1f808388d1da8941a861cf956b230666,2018-06-17
f95bad5023f3ba2c5dd0715eb1c8db91,c5f1a1193dfc265ba0862d2d9b6a35ac,delivered,2017-06-05 15:53:14,2017-06-05 17:15:14,2017-06-06 14:27:28,2017-06-08 13:29:43,2017-06-26,3508ec74710c6c5650a963ae690fb1b9,2017-06-05
b6659c7944e48c1be78a188b4d51dbeb,8d6ec338278e48b954ed3892ff838f4f,processing,2017-02-01 23:33:26,2017-02-01 23:45:16,,,2017-03-14,57a00f215e83a19190f6a5dded389806,2017-02-01
17b64a39e956f1ff14d42a2f76a37305,6b170d60eabcac609caaaf419e9e57f1,delivered,2018-01-19 15:56:19,2018-01-19 16:15:06,2018-01-23 21:48:50,2018-02-08 23:54:29,2018-03-22,f121943f335b4993188fedd3852ea3aa,2018-01-19
d33a24a5ea67f8f5a06b0a32e53f3acf,5681c6fa141b43aaa13277dd0fd30b76,delivered,2017-05-16 11:15:51,2017-05-17 04:10:25,2017-05-17 14:37:03,2017-05-23 10:42:20,2017-06-07,6edb6d37f4e385515f898b31dafe8fde,2017-05-16
dbcf37e35ce87b02f0707de96a6b99db,53bfc92933d559ca8c1e430e300d0719,canceled,2017-02-27 22:23:36,2017-02-27 22:32:39,,,2017-03-22,266398d6cda9f76c3d993d63287141f1,2017-02-27
40a6a2ccfc8d35aaf5f5444635c1bfef,49e9f5d81bf71dbcb4b68818df039e46,delivered,2018-02-12 18:12:10,2018-02-12 18:30:23,2018-02-15 16:16:44,2018-02-17 14:32:49,2018-03-01,8a54234129baefa23e05e7a945bfc130,2018-02-12
9af6969948e200d06da8a823d774095d,8dd23f5c13cbaf795adb5ad458c0a35d,delivered,2018-04-25 19:54:53,2018-04-25 20:31:37,2018-04-26 13:20:00,2018-05-04 12:37:41,2018-05-22,06846137f99fc5cf2935c181711349b9,2018-04-25
45dfd15f7683ed22c00498dfb11776f5,f3a1341fea600e28f48c309c148e8fa9,delivered,2017-12-18 15:54:20,2017-12-19 09:51:21,2017-12-20 14:53:17,2017-12-29 18:37:33,2018-01-16,b2acce98049e99ee7bdc2e967ce40e1c,2017-12-18
90f9f38799be0f03a4053f82965a3a2e,e2d9a3bda5053fa5ea773af0ef49f00e,delivered,2017-04-10 22:28:25,2017-04-11 02:10:10,2017-04-12 18:31:44,2017-04-18 16:33:01,2017-05-02,0f9def879749d52671aa5e1c9cdd991d,2017-04-10
7368acd4c19348cd2ff9c3639f47c323,74bd52912746ddd767b12f2e812fa40f,delivered,2018-08-08 11:40:02,2018-08-08 11:55:16,2018-08-10 09:54:00,2018-08-20 23:29:36,2018-08-31,cffeca91b944c96743c8f71648eb8078,2018-08-08
3b51a2309bc5f73a379b1cd00ba5ad01,c1bbf3f33c3f56f6446ed870cadd5984,delivered,2017-05-21 21:10:39,2017-05-21 21:25:14,2017-05-23 16:49:50,2017-05-25 10:22:20,2017-06-09,8c38f215b0ac615b144af49067a1bedb,2017-05-21
be69fe9a7e7dccb7cac829b8d5bebc02,6bb78eb4ba83000a88ac996beed0751d,delivered,2017-04-29 17:38:22,2017-04-30 12:42:37,2017-05-12 10:32:13,2017-05-18 12:36:40,2017-06-02,45f1c844c7376ed6523aa7a8059f87d8,2017-04-29
7c38ea034c4ae0b36dae03dac6c6a7a7,1502f86a2eb8886ffb134f252debcae7,delivered,2018-08-07 19:16:50,2018-08-07 19:30:31,2018-08-08 12:00:00,2018-08-13 18:22:11,2018-08-28,2773ba74c4194912d068f986562359db,2018-08-07
790b06e5fd09d2f10757cb554a34eb92,b3ab583317b4c18eb28eb0b498e74be5,delivered,2017-10-29 23:40:09,2017-10-31 04:06:34,2017-10-31 22:03:31,2017-11-01 13:04:39,2017-11-10,30d4fc4cc1a9c6e93dae567c7b4d457e,2017-10-29
3dfff49e0dea27e1c2115d2273a6f0fa,96b2580181dcea8303d598627f26a0f7,delivered,2018-08-16 16:12:57,2018-08-16 16:25:21,2018-08-17 18:25:00,2018-08-21 00:40:31,2018-08-21,7f67e7f5f8b3c078845361053900bdb7,2018-08-16
e1cd00d644b9a24a7689ae42fde293c1,54158244385cc06f2eeb73a94e3b2b6e,delivered,2017-08-25 14:17:20,2017-08-25 14:30:17,2017-08-28 15:26:02,2017-08-30 15:04:57,2017-09-19,b7cf6ef5eb104a8b78b68a61d185a3ea,2017-08-25
d788d36048b59fbe35707de56c2fe939,e89af99c5a7a7b75b0bea8f5c0d00777,delivered,2017-02-19 10:22:18,2017-02-19 10:31:37,2017-03-03 09:41:59,2017-03-14 11:55:43,2017-03-27,76e775d32aef370ef5cb282b747d7916,2017-02-19
20d120b5a95a60c3d599810d5ee01c21,f6bbef5ba9eb60e9f08707ff5cded7cc,delivered,2017-11-24 12:49:13,2017-11-24 14:58:28,2017-11-27 20:11:30,2017-12-09 13:38:42,2017-12-19,df2cff8787632312e4f446473c339298,2017-11-24
55241c40e4d2ee72be056dc4d17acc5b,033c981e2b34fee357d40d07c83a1cec,delivered,2018-07-25 21:39:51,2018-07-25 22:15:17,2018-07-27 14:32:00,2018-08-02 18:42:45,2018-08-10,790fdbba24f0dbee6c7babb3402ed7c1,2018-07-25
acb57c5603a88c7f205dab4c1d8cd344,94e077d5876a2e9604cfd3df5a8e1dec,canceled,2017-07-05 21:47:36,2017-07-05 22:03:30,,,2017-07-27,9b751e45c7edd058729818752c5abf84,2017-07-05
c8f8f9f5df7a6ce2beaa9de85fbf8ca1,9acb157c9da0db6d65c118f00c625c9b,delivered,2018-02-09 14:33:23,2018-02-09 14:49:07,2018-02-14 20:15:45,2018-03-16 14:57:31,2018-03-12,0808eb9b0f2117c262a635a4f8bde1d2,2018-02-09
c7e1e46af92704b1c2e1924de96e7479,9d71e1cf1662cfda7aeafb61975a3e78,delivered,2018-05-18 00:35:08,2018-05-18 04:14:31,2018-06-04 16:03:00,2018-06-05 11:58:59,2018-06-06,ae4395be33e633d0c87010d59847e5ed,2018-05-18
078f6a01964ee122ef20881df839af31,2b7ae7a532ff538ce88f6bfdd2cb564c,canceled,2018-08-06 11:06:21,2018-08-06 11:15:27,,,2018-08-16,f755e02e22f99b9e1658cbd2186a212d,2018-08-06
79d78a9ea5d396742c0efb562c68e2ed,1ca50e7d622f289e9001345532e2dea3,delivered,2018-07-25 12:26:27,2018-07-27 02:24:31,2018-07-27 14:03:00,2018-08-02 12:56:48,2018-08-13,634b815741bfcd2ab575f45c83d8f122,2018-07-25
c6d61340bd8baeedca7cc8e7f7ec07e9,455f2e2988eaf87d7e2ba33b0a57969f,delivered,2017-08-17 19:10:33,2017-08-17 19:55:22,2017-08-18 14:13:07,2017-08-21 19:18:42,2017-09-06,000de6019bb59f34c099a907c151d855,2017-08-17
3e2502b60df63fbcde0afe3178232c70,037b2d739103d197af970f23448d348e,delivered,2018-04-12 08:35:09,2018-04-13 02:31:48,2018-04-13 18:11:14,2018-04-14 16:59:38,2018-04-24,4d43f4d6e457125f72eb14d92122f4c6,2018-04-12
4bc6bfbf65a140de5b9803eefad6ef41,915859a34b24020b5b9fd32c8ac40f0d,delivered,2017-04-08 22:27:52,2017-04-08 22:35:09,2017-04-13 16:16:16,2017-05-02 15:07:49,2017-05-16,2852756794b74680d1de8e8e8b8421ff,2017-04-08
3343a4f8db82a46ea07e9655077496b0,4bbe99234f537431b51482a386240d49,delivered,2017-03-23 12:35:30,2017-03-24 13:06:35,2017-03-30 10:44:58,2017-04-11 17:53:22,2017-04-20,0871cdc137d59bfafc74622d707da77b,2017-03-23
f443ec3003e193944b796356e1d62f8f,d2b6ca644c1dd4b427bae4e97f373553,delivered,2017-05-26 13:38:31,2017-05-26 13:50:16,2017-05-26 15:24:47,2017-05-31 08:12:39,2017-06-21,12e7408e50eae70e854608a105998f58,2017-05-26
6f4c22d6819340866bb330c97cb45c81,84af356c47c30a9754b1a35c0b29868e,delivered,2018-05-03 22:59:50,2018-05-03 23:10:47,2018-05-04 13:06:00,2018-05-10 22:32:19,2018-06-12,f9a3dca72d6e00f470eaa936a71f4c9d,2018-05-03
40c47ac0a33ea4a23b9ba2ab87a77f16,308532b0d57d2a3cf82dd24a7bbc8ee8,delivered,2017-08-16 16:25:41,2017-08-17 03:05:39,2017-08-17 17:51:30,2017-08-23 20:42:18,2017-09-05,b6d7faaf236059897f4d0440e1a327c7,2017-08-16
7b497afd7e9512da3d6780bf6b5c9971,cb522acbea137ad1fc7324606d247321,delivered,2018-03-21 11:15:17,2018-03-21 11:30:22,2018-03-27 02:40:57,2018-04-10 18:04:29,2018-04-13,0ede72cfe329ef543927e4dc1844ad5b,2018-03-21
b8356f852fca3a72234735d7b7c1c18f,b2b10558413c0708b753f3e7e1f69b5c,delivered,2018-03-31 20:51:18,2018-03-31 21:08:53,2018-04-04 00:52:03,2018-04-04 18:08:36,2018-04-12,fabd02c36d6fa70951b94d92d70afb02,2018-03-31
d6925e445c3e22218f550a7e13d5e87a,443f4b463b7789a04b55d86587c1e872,delivered,2017-02-12 21:09:27,2017-02-12 21:23:11,2017-02-13 12:19:21,2017-02-16 04:47:35,2017-03-10,57b1b2b668b521751c0a7abd459a43f4,2017-02-12
8e01476de7658766c75d118e291d2b16,b728285f0366b207acce12b492851e97,delivered,2018-05-28 10:40:23,2018-05-28 10:53:50,2018-05-28 13:45:00,2018-06-03 11:17:19,2018-06-28,cc931fa8834e00dde974ef086595e7a6,2018-05-28
57f2a60c1d6d8f4fb076ac300e53bc1b,65c563b14ed084517de63c0060ae266a,delivered,2018-08-03 23:28:23,2018-08-03 23:35:15,2018-08-09 14:44:00,2018-08-14 12:57:02,2018-08-28,974c7f1adfd3e592212adcbc2f1ded38,2018-08-03
404c1f64c8d08abf1e626365c95b2384,f68f43dfe06803e7ae272bc70ad38901,delivered,2018-04-11 10:46:12,2018-04-11 11:10:32,2018-04-11 22:22:13,2018-04-16 21:18:32,2018-05-04,56388f10525ecc7883a50bd640615e2e,2018-04-11
fecd2391540ed4dd35db71f1af87f03e,e5a33466701cd4bfbdfc0f03e4cbdb83,delivered,2017-05-15 20:09:05,2017-05-15 20:15:17,2017-05-16 21:25:45,2017-05-19 10:27:43,2017-05-26,112f5232fe48cb7a91ec56cfaf5fb137,2017-05-15
f967b3b4e10db096bfc62535abb40d43,d5daf7ae61b3e1e9de715d658bbb0133,delivered,2017-12-06 13:24:01,2017-12-06 13:34:23,2017-12-08 21:38:41,2018-03-02 15:15:11,2018-01-11,3de1c236a2e7a20cfde0fd544ec0f221,2017-12-06
f2fc3e958c7943badc989a1f5db932b4,dbaf23b654a0bbedc2781c69f0c6f03c,delivered,2018-08-22 21:25:12,2018-08-22 21:35:16,2018-08-24 13:34:00,2018-08-27 15:21:34,2018-08-31,2fc09b16746a702ba0aab85c6a9a7438,2018-08-22
5d4cc700b2defe73524d7d22320fdd34,be7a83d198cf17da19a8dcb5ac484126,delivered,2018-06-08 23:54:11,2018-06-09 00:20:27,2018-06-12 13:44:00,2018-06-14 20:58:58,2018-06-26,096b61b042cd8e3966c4bddae318624b,2018-06-08
62dc853d2c511ebfb7d441c6c74d811e,c216dab34a55ac810d2d7c92be816c2d,delivered,2017-11-24 15:23:31,2017-11-24 18:13:27,2017-11-27 17:32:55,2017-12-07 21:23:11,2017-12-21,038a554ef92b76a99899cd07bba80dd3,2017-11-24
402ea461fe6e548240f694aaf551c069,eef238ea4577afeb9aa4a5e5082cd922,delivered,2018-05-10 19:34:21,2018-05-10 19:51:07,2018-05-11 13:39:00,2018-05-21 10:26:34,2018-05-29,cabfc37c65b42f1ce5a26ac21a7b7887,2018-05-10
6f64e3dc6ee08865d4ec07bd0cdafc8c,d06394501873ad78212e530d7b89ca02,delivered,2017-09-28 13:05:54,2017-09-28 13:25:13,2017-09-28 20:21:34,2017-10-04 21:27:47,2017-10-27,bdee881867f5ad6762ca4618b624ba2f,2017-09-28
227881fdf69e55ab7906b7a818dd5e39,9a745c47c228743d4a7bbb9c94e943e9,delivered,2018-06-27 18:48:48,2018-06-27 19:11:56,2018-06-28 14:25:00,2018-07-03 18:34:40,2018-07-25,725342ad8f24e89e3d5c7d28e329a892,2018-06-27
c56bbf34e57026ecc783dc5db2ad1e69,443e207b18b61cc623c28d357866ea5b,invoiced,2018-01-10 21:18:29,2018-01-10 21:31:32,,,2018-02-20,881c74a9ad16066a1aa369fcad2c6c83,2018-01-10
ccce262c4b1775baab94c62c954014c8,5d6c8ab30ef2d0469ae465f4fc0df0e7,delivered,2018-03-19 23:06:19,2018-03-19 23:28:13,2018-03-21 20:58:31,2018-03-22 22:58:58,2018-04-04,574d2baf4c0842db3c07cc8e144d727c,2018-03-19
49d0ecc62e79de0f34766cb97df47cf7,aeb071a5333bfd7075457d99279f03f3,delivered,2018-06-04 08:58:43,2018-06-04 09:11:49,2018-06-04 14:18:00,2018-06-19 00:03:29,2018-07-05,350fa2842ce05b1c4aa6ee800bf0e43e,2018-06-04
56c52cf14c501d31e4d208bf86cecb53,809ad95bb436a0ababaa111dcc8064f1,delivered,2017-11-30 22:20:55,2017-12-01 10:31:15,2017-12-06 23:13:54,2017-12-15 19:35:16,2018-01-09,ed65c8fbe88aa56e1a960486a05b1fc7,2017-11-30
d0100a52880e5602a06176b78dcf5f1b,20942b63de1fcbbd69ec927c5fca6569,delivered,2018-07-29 18:55:50,2018-07-30 18:31:01,2018-07-31 11:33:00,2018-08-06 15:58:42,2018-08-16,cae70b962a1ff926f7d3c598f687cb04,2018-07-29
2ad674d5024f5e52836b96215eb73588,f1a46a71a91a14089a5aaebb43f0620e,delivered,2018-04-16 20:39:18,2018-04-16 23:12:08,2018-04-17 22:21:46,2018-05-16 20:51:49,2018-05-11,b2bec1967ec4645d89fe1ea0c6460c30,2018-04-16
2c46af8307c9250d7f461ca2b388da5b,3fa5cb8db19053333c80d6b5c049205e,delivered,2018-08-23 00:54:22,2018-08-23 01:05:07,2018-08-28 13:07:00,2018-08-29 18:46:45,2018-09-05,1d666eaa46888b8ec21cc03c899a17b6,2018-08-23
ad0cbc6e9cc5bce4165e35ad4a42d8a5,dba975f79975d56cf9183c88d5efe0ae,delivered,2017-03-06 20:45:27,2017-03-06 20:55:13,2017-03-08 13:22:23,2017-03-10 09:17:36,2017-03-24,3cb7cb6096fea95c2bd5fadb04a6084f,2017-03-06
a716cb9d34cccf1db631fdbdf2f398de,879d605eb56ec2268b4f75f49247421e,delivered,2017-11-05 20:02:16,2017-11-05 20:15:55,2017-11-06 16:38:37,2017-11-10 15:07:40,2017-11-28,55fb9192213bf782857b13d56eb0ec80,2017-11-05
700bbbd2dce29db47fd10e2ddbb1cd5e,01e3b59f83722a3b5c209feddd2a0b84,delivered,2018-04-16 13:26:01,2018-04-17 08:11:28,2018-04-17 21:50:38,2018-04-23 12:04:06,2018-05-14,2fb691b537417b45297b69ac3bb59fe5,2018-04-16
b7b95a33401e50caf4f570d95d028d6d,e827cfe8ae27a8222683d7f17d5baf0e,delivered,2018-02-18 15:27:46,2018-02-20 07:27:11,2018-02-22 02:56:47,2018-03-11 16:48:36,2018-03-22,f342d2f783745df9449c32700a88098d,2018-02-18
ea2fc3ee961d93cc0a7b657aad5b30e5,1e6cd369cf26ded4ed75185d5605241a,delivered,2017-07-06 18:52:45,2017-07-06 19:04:17,2017-07-07 14:46:29,2017-07-21 22:09:48,2017-08-07,6a586986112375fd757133d6a052b16a,2017-07-06
e910cff0c2911f3ca876a47602557c45,1e74b00cee8d685addcb531edfd5c745,delivered,2018-03-18 19:23:02,2018-03-18 19:35:24,2018-03-22 18:55:42,2018-04-17 12:08:45,2018-04-17,4db837094d22e1632a19781892b37c84,2018-03-18
c35fae60290d46aa0431b8c887c3a8c7,cb7a6f9242f8a283bcd9c6047ae5c8a4,delivered,2018-04-25 18:44:44,2018-04-26 18:35:23,2018-04-30 11:37:00,2018-05-07 22:06:25,2018-05-23,a4e9d1568df5584556b6a4d871095249,2018-04-25
7774c3eec02b65eb352e0847cca6b9d5,f3eae7f12cd789bf9cf7f28d65b3044d,delivered,2017-07-14 16:45:48,2017-07-14 17:04:41,2017-07-19 16:44:50,2017-07-31 16:27:06,2017-08-01,3a242c009822457ab6b5a4f9a47c5b9c,2017-07-14
3c75e106ed38695c5bbf7fe5ab77a851,a21aafe2dfc5afc8565390c8459a28e8,delivered,2018-07-08 19:55:34,2018-07-08 20:10:16,2018-07-10 15:24:00,2018-07-11 14:48:26,2018-07-19,4a5c915f7941f1511797a0ac65dc823f,2018-07-08
eb0b86031f7ecc48bdea37fedd25166c,edbb1df7ea9f65dd2a12a3383ffe79ff,delivered,2017-07-25 16:42:02,2017-07-25 16:55:09,2017-07-26 16:07:01,2017-08-03 13:07:04,2017-08-16,e0bd0e2b4849ac8c2588c8a72f2eeb84,2017-07-25
1a3fb0eb069594b60e454617d07b2913,a307dfcb0925dc89d342bea28aff2058,delivered,2018-05-07 13:06:12,2018-05-07 16:34:05,2018-05-08 12:09:00,2018-05-18 18:26:38,2018-06-04,bfabd561837fc8ae17420e8d97818ea6,2018-05-07
dac16a931a09274638e939d74d5a9097,5efe3366bf17528c3b0e5afea2e33809,delivered,2018-01-25 23:10:29,2018-01-25 23:18:28,2018-01-29 20:04:20,2018-02-01 00:56:33,2018-02-09,845242d03a9bf44fb38894d7465c407e,2018-01-25
b9eb8b76c59fb1d0c2bd45104f5a9cba,a8f264ba33c417425b9f36b3087fbb6d,delivered,2018-02-28 09:08:07,2018-03-01 02:49:14,2018-03-08 13:35:43,2018-03-08 22:28:30,2018-03-20,a675d4e66a486b86d81b4e69e4cbe33d,2018-02-28
2b558556ef2c5813bc84e3739392e44c,e5f3fb6263a0c33e518cc7029a60093c,delivered,2018-06-22 12:40:56,2018-06-22 12:59:47,2018-06-22 13:05:00,2018-07-05 17:32:59,2018-07-25,b222983612ccf9940049ebca9c555130,2018-06-22
48d4561752bbf4833c3cabba8d5a7c93,2e9b45811263327e120fdd8f4797fad6,delivered,2018-01-04 17:50:02,2018-01-06 09:53:31,2018-01-11 23:59:41,2018-01-16 18:24:30,2018-02-14,75a2adfe9f86d401f24b5fe2eb9a582c,2018-01-04
b3d9c976bbcf9d507f57ce76d82fd455,d0a3f59bd1527ccec9b075d58010caac,delivered,2017-04-18 10:09:00,2017-04-18 10:21:45,2017-04-19 10:46:16,2017-05-02 13:41:23,2017-05-22,8eff9cf91843bf847f0b18828c5e16d2,2017-04-18
0fedd03057d5e595d8f337fc2be6fe25,784448d59180b2b8f5624e0d13267b34,delivered,2018-01-07 22:54:21,2018-01-07 23:07:13,2018-01-10 14:44:17,2018-01-17 14:15:22,2018-01-24,5b3b3bca0040c9b6b75ff16cc7d4347b,2018-01-07
7d8cbe66ebd79f0202cc906a1dc9c91b,0ce3e08486c6d6768c5c7fded58a7fd1,delivered,2017-12-06 00:18:44,2017-12-06 00:38:24,2017-12-06 21:58:46,2017-12-30 12:36:36,2018-01-10,6561811999d2598aecd7f3b9f1451f47,2017-12-06
c6aae003b7c6c4c197112467858aa37b,fcf2e90a30d69843bd526fab018317c5,delivered,2018-06-21 13:34:39,2018-06-22 13:40:16,2018-06-25 12:12:00,2018-06-27 18:51:46,2018-07-17,2ec2e38828dcef23f800d27492e4847b,2018-06-21
8deef23d1fd8c6c5f9f3d449baec0648,ca10c299564ec71ffc062f199e380815,delivered,2018-02-12 14:31:23,2018-02-13 15:07:52,2018-02-19 23:08:10,2018-03-05 13:08:38,2018-03-12,b5bce336816a3b8ca6330d445f8992f5,2018-02-12
a3b3d9aba2b69c5764cfa5168ac9f58e,4b3a42c7c4431b53faba2d6b0c33f5ab,delivered,2017-05-12 12:35:41,2017-05-12 13:08:08,2017-05-15 06:53:41,2017-05-19 15:10:43,2017-06-05,c8f7ef614e657d0559cdf06fc5c0f945,2017-05-12
b8509bbf10018abb0d4e4abe957a715b,f8f337dd8c3932f7ee12e407abf7351d,delivered,2017-06-11 15:57:53,2017-06-13 04:55:25,2017-06-13 16:21:22,2017-06-14 16:44:00,2017-06-26,da42b876f3a07874823a11530a2e4cb5,2017-06-11
309f6784abccce4e6e99672dca8ff4cd,b0f06b1979dedd3f28f8f0d5e4ad08fb,delivered,2018-08-07 00:47:40,2018-08-08 07:05:11,2018-08-09 12:23:00,2018-08-10 17:51:57,2018-08-10,79dbe8f7d2cd77fc463cfb663ab1375c,2018-08-07
a7c318c46e14332323a101743ccfc72d,d3ab3164ac4797204e7592753ca9061f,delivered,2018-05-12 09:14:29,2018-05-15 03:55:43,2018-05-15 12:00:00,2018-05-22 17:11:24,2018-06-12,fe74c562689512f17b7eefffc41421c8,2018-05-12
35c66e9b12fe72dbb0b8d34af424c3cf,a9e6c48378ae343339cc2c6f85fb6cab,delivered,2018-08-01 14:19:23,2018-08-01 14:30:19,2018-08-01 14:09:00,2018-08-02 19:58:20,2018-08-06,0dfc182ea3002b05977bc575edf36c82,2018-08-01
e9e5338a83d501f28777f74c5d3203c4,99c58a7fd613b35d8c4d1fa01515b32f,delivered,2017-11-28 14:07:26,2017-11-28 14:20:12,2017-12-04 20:14:46,2017-12-12 19:10:18,2017-12-18,a6ff76a36f18b14a1884f58822537b60,2017-11-28
e199c3b74cd391568e7c99aa28b0f274,4980e09ebf3bbc325bff27e0bb00baa6,delivered,2017-11-10 08:02:13,2017-11-11 02:55:43,2017-11-17 00:09:28,2017-11-24 12:02:40,2017-12-12,6446e0c095a88adf3bea72247db69080,2017-11-10
2a5d9a5a8aeecf75120e38f1249a32f3,e950ef013e9b3faa6329f91e341a5453,delivered,2017-06-07 16:26:44,2017-06-09 02:35:28,2017-06-12 15:03:52,2017-06-19 21:26:45,2017-06-30,30108a53eacd43b6eec6e61547a4d6ba,2017-06-07
67e7cace5deab160cedd95c80e6f60a8,58a02b0700dd28cd6317626512912c3f,delivered,2017-07-17 22:42:24,2017-07-20 13:43:32,2017-07-21 17:52:16,2017-07-27 18:35:33,2017-08-10,fa91f87f2925e5b688c016eb481a6816,2017-07-17
11d0085cfa1ffc32aa630cb9c92ea970,f9e2647dd253626609ba428295860434,delivered,2018-02-28 21:49:44,2018-02-28 22:27:47,2018-03-01 20:42:39,2018-03-21 17:52:58,2018-03-22,ddb1b92ffbcb8854921ab8395eb14ea7,2018-02-28
44e627595178bc26a4df0aa4b4e002e8,b6c978aad575a4e08cf4781ede4fa129,delivered,2017-07-27 21:28:43,2017-07-29 02:25:16,2017-08-14 18:42:59,2017-08-17 19:20:09,2017-08-22,24e6845e9574241809bde99489b5213a,2017-07-27
1b01e824ff3005e8108c5112f41c219c,e621534f813417899b9d1f1a3556fe98,delivered,2017-02-08 17:01:04,2017-02-08 17:10:23,2017-02-16 05:48:47,2017-03-01 13:08:21,2017-03-29,f047e542d01be9ad0e176100dc736d64,2017-02-08
657c8133b6409d539b814888352b50f1,d36371b951fdccd7f6d3f1c09c241dc5,delivered,2017-06-03 11:50:59,2017-06-03 12:17:06,2017-06-05 12:13:25,2017-06-17 12:27:53,2017-06-28,c96b9f12e8d8b767988234c2ca0d95ce,2017-06-03
4e4b558e89e904e0f1b7f8de516cf529,a82801734b0e157342b02c32891bd79a,delivered,2018-06-24 08:56:20,2018-06-26 05:37:28,2018-06-28 14:52:00,2018-07-03 19:28:25,2018-07-25,a466176c1ee07be9e531a696ab01b74c,2018-06-24
22c8ca185710c015f6ae93a6d78c9b4a,61f3d4533295490f67b10606b6255145,delivered,2018-08-06 22:34:06,2018-08-06 22:44:37,2018-08-20 05:44:00,2018-08-27 17:15:06,2018-09-06,aee418ead04e58bb608a7b34a43e36e2,2018-08-06
ab2955d5a9fe4ad0e979935d68422c8d,22abcf13104241895955bb0cd5ecf2b5,delivered,2017-12-28 11:05:26,2017-12-28 11:30:59,2017-12-28 18:56:59,2017-12-29 13:41:43,2018-01-17,8375bb03884768ef81223f8cb980d636,2017-12-28
6612d55037369324a1556532b38d02cb,daa8453225636e0b071a47d14745259e,delivered,2018-05-24 14:41:16,2018-05-25 11:53:47,2018-05-25 15:35:00,2018-06-08 15:36:39,2018-06-19,0efabd89fcc2c019940f0616e34708ce,2018-05-24
f320fe2d0f359c67595c70baaf9ffdef,95d6c004d9e124fbca0876e72ca0b411,delivered,2018-02-26 19:05:37,2018-02-26 19:15:41,2018-02-28 00:44:34,2018-03-23 02:48:38,2018-03-26,c1bec3c0919c109808bc3dabba4ebda6,2018-02-26
8d90375388c45e7773231b09986b40da,3f244eb4a15e626a8fee14bc089303c9,delivered,2017-08-17 18:43:18,2017-08-18 18:44:22,2017-08-22 17:45:12,2017-08-24 20:40:11,2017-08-30,a06b9b55a735fc895b33546e46512cf8,2017-08-17
0b27d99f32650074301e63c1e00a2720,86a8d29472c668e0c99cfa94a7142ffe,delivered,2018-04-27 08:36:05,2018-04-27 08:53:18,2018-04-27 10:42:00,2018-05-09 22:41:56,2018-05-24,e7094a30b42cda14a6b4734a9f50465f,2018-04-27
afa4f45747006532ff507b1a527f6642,82f10cdf48026392161bedb195f79931,delivered,2017-03-17 08:20:43,2017-03-17 08:20:43,2017-03-22 09:37:35,2017-03-29 14:59:52,2017-04-17,0a6f34aa51fd18d116edfb8798793eb3,2017-03-17
6c7fb725a2431401d4419f81ef811880,ba8500c671470842f0088c47e386eaae,delivered,2018-05-10 20:22:11,2018-05-11 03:11:17,2018-05-11 15:03:00,2018-05-17 13:27:27,2018-05-29,e390906da0d183069dbbf154e78a74bf,2018-05-10
1b73fc583f45c471c55fd8d81945db74,b44dcc9a20f605a02ba9ffecffe022bc,delivered,2017-02-16 20:02:19,2017-02-16 20:10:22,2017-02-20 13:40:49,2017-03-14 11:25:47,2017-03-21,bba1b5c3343aa2955ecd4e53874021c8,2017-02-16
fec2c513cc9c10087af9e5d8f2da71fd,2f36348caf89270bc28a08f442968359,delivered,2018-03-16 09:34:54,2018-03-17 02:45:37,2018-03-21 21:05:15,2018-03-28 22:48:47,2018-04-09,7c59f9d0c2623bbf8fc60f620c5af8a1,2018-03-16
8c9cc9d7e2dfc4cb091854203914cade,f5bc53444f46ca178517d520d40bfdb4,delivered,2017-08-01 09:48:08,2017-08-01 10:05:21,2017-08-04 18:17:27,2017-08-18 20:13:25,2017-08-29,45530334bab265e2917d54ae975fd34f,2017-08-01
b0624d2980f37b2b7891d72cea900f0d,8849ebb37ab6a8c2b30bb867efc32903,delivered,2018-05-04 21:21:21,2018-05-04 21:35:13,2018-05-08 06:50:00,2018-05-14 16:24:38,2018-06-07,499d97e8196cc82dca00e7292f884de7,2018-05-04
d3909d7239431c7132c3aac806ec6507,ed454b70314eea3ee1aec9434ef6c45a,delivered,2018-02-27 18:16:24,2018-02-27 18:29:08,2018-03-02 18:21:51,2018-03-08 13:04:37,2018-03-23,9099c659f8cd764e87a1482d258fcec9,2018-02-27
ac6ee8b3f24f43e8a7b12154ec508b18,e6c6fda1974d40fccb069484ad249aa8,delivered,2018-08-14 17:19:53,2018-08-15 08:45:12,2018-08-16 10:21:00,2018-08-23 18:04:39,2018-09-06,1d28da0d60395e55c1c037441064de7b,2018-08-14
6c626fb49235255bbb0d81f5e8785aa0,e915ad11d2e4bcbec4bb5422ed04025a,delivered,2018-01-17 21:49:28,2018-01-17 21:59:30,2018-01-19 12:52:27,2018-02-07 20:33:04,2018-02-20,9212f4ece8a51010979efe6751d3d811,2018-01-17
1e5995be669dd5c3e290a163f1394dce,d78b6863dd19dc969e202b73e3070ffa,delivered,2018-04-16 13:27:56,2018-04-17 04:35:19,2018-04-24 22:55:55,2018-05-08 14:48:46,2018-05-16,4ca4645eb9a7ffd4698e3d8a22de1af7,2018-04-16
ef8aeb4a580c6270f2cae213db86a979,244376f13256b36cf1366004c694a329,delivered,2017-05-07 08:40:29,2017-05-07 08:50:10,2017-05-09 07:39:59,2017-05-19 08:56:44,2017-05-31,642d59e578f3b272a5f51e7ead30d600,2017-05-07
5046ecbc1ce636485cc146ddd706a55b,1379bf3dfed62bdafce8d0bf4a6c2790,delivered,2018-03-07 17:55:17,2018-03-07 18:48:50,2018-03-08 23:08:29,2018-03-14 23:28:46,2018-03-23,609fab92b67a067686dfd847faed075e,2018-03-07
0e2f9761d88e4ddeabc283a1f3cfd914,c4a21c97d76ce308f41aaeff48648fe2,delivered,2017-05-30 23:37:31,2017-05-30 23:50:14,2017-06-05 15:32:19,2017-06-13 16:08:10,2017-06-26,304e7ff75ebe5745d25c7fc7d7623101,2017-05-30
dedfae6510ab02ac08526276e245e006,a0727389c830127a85aee70ca5279b81,delivered,2017-12-01 16:32:52,2017-12-04 09:29:58,2017-12-11 19:43:21,2018-01-05 19:08:29,2018-01-03,3126c1a8c6c019ac92c7adfe193e6c75,2017-12-01
46d2d651f006b9b9440d1aa37d89c894,47fc7efce86cec4a5076958ff5ea7df4,delivered,2018-07-23 16:53:28,2018-07-25 02:35:15,2018-07-26 11:55:00,2018-08-16 18:58:51,2018-08-15,200ac352080f167ad0cf4ade344fbfd1,2018-07-23
df6c1db4ad957928715a81ce54563895,e65566ca7c20dc6d217ca2849f419836,delivered,2018-02-13 22:54:17,2018-02-13 23:07:42,2018-02-15 16:04:49,2018-02-20 18:17:05,2018-03-06,731a127666e5bc79810ebdc48eeff385,2018-02-13
812e2e669fa5382a338a2235ea502669,ca5ad2e5560559059de5a5f5692233bc,delivered,2017-08-12 10:38:42,2017-08-13 10:45:15,2017-08-14 18:07:49,2017-08-24 15:41:56,2017-09-05,83d6e1de275e9b87eb2b94bb46a82a3a,2017-08-12
69a4d311a122356e1eadee79beca43e0,cc5fdeabec9462ccb11a9514b7132450,delivered,2018-02-28 18:02:56,2018-03-02 02:10:30,2018-03-02 17:11:39,2018-04-18 21:08:31,2018-03-22,2fed36ca51df437a31b0b01403e0482a,2018-02-28
03e7fbb471b77e2baedac2662bd76db8,0c848f157605bb2142c5ebea60f348e2,delivered,2017-07-24 21:39:13,2017-07-24 21:50:08,2017-07-25 20:49:42,2017-08-01 16:37:25,2017-08-11,2c1e7c176d0336a1466da99b3c75d678,2017-07-24
7c37777bdd8b3124246796439d94e8de,69f245be5f53ba788480ffaa3b96d507,delivered,2018-03-01 13:19:20,2018-03-01 13:30:37,2018-03-07 00:04:59,2018-03-15 20:38:21,2018-03-22,4565a3ba3611087c155d46bd176a6d22,2018-03-01
7f47078a05106160c009fc89a215b154,2c7c6aac6ed9a1022e01f7c6e3f52831,delivered,2017-04-05 15:10:54,2017-04-05 15:23:00,2017-04-06 13:27:29,2017-04-12 09:57:07,2017-04-28,8cbe4d4ad382698beac3daa67a825379,2017-04-05
724d9ea2df2a8c8c93254d43a1016cb5,e0cd116b437ed2501f7b271190b7948f,delivered,2018-08-13 18:43:30,2018-08-13 18:55:22,2018-08-16 08:22:00,2018-08-23 11:45:37,2018-09-13,e0a6e17e3b2690b9510807638044310c,2018-08-13
8d0a114ca37cb411748456b1ee40531b,9025ef74255f0c47c13a1ed465f83a93,delivered,2017-12-10 01:35:00,2017-12-10 01:50:18,2017-12-11 12:10:04,2017-12-19 22:42:57,2018-01-08,773427df11aafc7829ca607109b19459,2017-12-10
fa4f3680ff457defcfbbc4f8e5e7e6fa,474655b3b66a0f79a3f8b4f9c68639b6,delivered,2017-11-16 20:52:38,2017-11-16 21:13:56,2017-11-17 17:56:56,2017-11-27 20:58:27,2017-12-05,126327d0296af322ac55ec09936686e3,2017-11-16
4ea61612c2adb6064eee7be77278808d,d8561449c954e3627bc7d836aef3f5dc,delivered,2018-04-11 11:41:56,2018-04-13 13:29:50,2018-04-17 23:54:46,2018-04-26 14:07:56,2018-05-04,816a66a9b2cfd1eafde48a88b48e8dae,2018-04-11
ea10bafdf9e136fa51a7d9a436ad9bae,69d8d7e49f532966ea7c5de9803b15da,delivered,2017-07-18 15:24:32,2017-07-18 15:43:25,2017-07-19 20:00:49,2017-07-25 19:14:02,2017-08-07,d6703c8261cb42ac068c2714db67ceec,2017-07-18
7b6e1f2c12c784e2ddc7c71547cb6502,05a6f2e172618604c3724bd8f9609d23,delivered,2018-05-03 10:01:02,2018-05-03 10:56:56,2018-05-03 15:11:00,2018-05-04 19:05:42,2018-05-18,7de01a3b3d0ad54a01e468ca9d9b55d6,2018-05-03
0b2f7d7319f367295bd93624be36ed1b,890b202d81e69fff91d33beba38bec9d,delivered,2017-12-26 10:08:32,2017-12-26 10:19:38,2017-12-26 19:53:31,2018-01-06 00:42:38,2018-01-29,fee8ac95346307f8076c4c7b26de5404,2017-12-26
aabe36f3706e352ac62dcb1caa6d9d79,9e2fbf49702bad5716487f79ee40b2a7,delivered,2018-02-07 20:53:32,2018-02-07 22:00:39,2018-02-08 20:08:55,2018-02-19 18:26:04,2018-03-08,d6713c8d9ad1314417fa68d23128ebad,2018-02-07
e7cae8a5597c537df32f554f5b938de1,36122b844a5f69861decff38a343c58c,delivered,2017-11-26 12:53:03,2017-11-28 02:58:36,2017-11-29 18:56:57,2017-12-01 21:19:17,2017-12-11,ef943285ffe0624c8d1be5a0ccbe7ac1,2017-11-26
2b6d1ff8e68170b9ff0b3267c3ae9e72,c091279f532017c47e8c424803f51f3d,delivered,2018-04-19 13:54:11,2018-04-19 14:12:52,2018-05-03 07:04:00,2018-05-15 14:02:19,2018-05-21,1116f18b9fd61674245b1b4b25cc9285,2018-04-19
2e386010d72473c60bdae32edf6823ad,aa9795e8b1f3047d51b386ad8a0cf1f2,delivered,2018-07-03 18:34:56,2018-07-05 16:11:44,2018-07-09 14:03:00,2018-07-13 00:03:08,2018-08-21,c76db8190f2db75fbe3feeb70b58a1ca,2018-07-03
9778cb541669139d06c5aaa454239be2,5ffad35cbda506f66e3ce02fe7461539,delivered,2017-12-14 20:32:12,2017-12-16 02:51:27,2017-12-21 20:32:43,2017-12-26 20:58:30,2018-01-08,3e9b91e124e3ce99d298b10573f8d17b,2017-12-14
196b28752aee8590f3ae915f8592b4f9,bef956fb396932cc6155862a051e4498,delivered,2018-08-06 21:48:24,2018-08-06 22:04:40,2018-08-10 12:57:00,2018-08-14 00:46:40,2018-08-09,69a08833720febf10dd53b86e97b054a,2018-08-06
906fa2ba215b24e3888dc3f8c0950f78,3ee82f4a953ea7f018f21457044917f3,delivered,2017-07-15 19:04:37,2017-07-16 19:03:20,2017-07-18 13:29:35,2017-07-26 10:38:21,2017-08-14,3080dd7d098635fb30d2c61822d5c055,2017-07-15
a6b52290e2cab59e8e7c8382eef9e523,cbd53fe27a0d896fa630df7abf038203,delivered,2018-04-22 13:59:28,2018-04-24 19:04:50,2018-04-23 19:48:19,2018-04-30 17:33:08,2018-06-04,4c5200f7d135c94fcd304cdd0af9837a,2018-04-22
9209a059ff5ac34761920d895dd2d7ee,d2317d845e2470c40a65395b96c49080,delivered,2017-09-16 09:01:27,2017-09-16 09:10:13,2017-09-18 16:11:40,2017-09-21 13:13:15,2017-09-28,9aa89ddebc6b7c54df609ac818bb64c0,2017-09-16
09b584a0cd8717a01d318729fa61a867,fc376bd798ea2c82b7603662867ee0af,delivered,2017-08-27 13:44:33,2017-08-29 05:32:05,2017-08-29 23:34:51,2017-08-31 20:17:57,2017-09-14,1cf641eb1fc43ff738ee8ee0662de8a1,2017-08-27
9ce40c402845819d3d1c88eb10a41e4a,a86314eff3e69dc24f43d56010778157,delivered,2017-09-05 15:11:47,2017-09-05 15:24:21,2017-09-06 14:32:16,2017-09-11 17:43:47,2017-09-18,c29bc878f4400d62f9d33ddd8d13236b,2017-09-05
d026317579e25a9dc30205ba3dfe5b96,f4a6449b040ef45fe219cf5cff341b86,delivered,2018-06-30 21:35:59,2018-06-30 21:50:13,2018-07-03 12:43:00,2018-07-06 14:24:38,2018-07-18,e0d4922fb2fb772322ec0bb273330874,2018-06-30
42eb921de62fe52db1e8954ac9971384,5ea0ef1eba15b7f18658bf6792019bd7,delivered,2018-04-11 12:01:10,2018-04-12 08:35:31,2018-04-17 18:02:47,2018-04-24 18:03:00,2018-05-11,4e94e6b967f250b74c25c613b02293c1,2018-04-11
f4e8bc6ae51a675b5d9ba08f3a4adf23,0baf61edad2e021f03dc5a4304aef983,delivered,2018-05-19 08:29:57,2018-05-19 09:00:20,2018-05-25 12:18:00,2018-05-28 16:44:49,2018-06-04,00720f160ff500d3605a1bf403eb62d9,2018-05-19
2fd592f3553f88b7489e09179c93f261,13f798d5b61ca9fbce91d7d2732080b1,delivered,2017-10-06 08:55:04,2017-10-07 02:35:24,2017-10-09 16:25:06,2017-10-13 17:54:43,2017-10-30,334293c291f43a6aa85020f8597a171f,2017-10-06
5c0b275c61d766ad137bc3a1627ce777,0b918f630623783e295db67659372d23,delivered,2017-08-03 17:38:50,2017-08-03 17:50:19,2017-08-07 18:33:41,2017-08-16 20:47:50,2017-08-25,0781838872ec0cf61c6bd00af978d3ae,2017-08-03
cfc586211a3ab93809e258acf7eaf737,37b4b98de348ee99450bbebe89300c28,delivered,2017-12-12 12:10:31,2017-12-12 13:02:23,2017-12-14 02:10:21,2018-01-03 15:32:53,2018-01-16,3ba9d4aa0432976e2ef966de73cd57bd,2017-12-12
e30e1b2d38289d666f614ee04f5951ba,94298cbe7a6c41305c767c411762afd5,delivered,2018-03-15 11:16:04,2018-03-16 03:50:15,2018-03-16 21:08:41,2018-03-23 17:28:51,2018-04-03,0fb9128a2668effe2575de5eb9472aa2,2018-03-15
ed149e6c2ed9dc9748702e5e9cb7483c,d7413590f94e1fa23e820721e53e013d,delivered,2017-11-01 14:09:30,2017-11-02 02:31:12,2017-11-07 16:38:59,2017-11-17 01:33:33,2017-11-22,4daa117393e38a804850e13486899605,2017-11-01
f67ad055c8a64745e26ca8d2f7a70b7b,0db3ed422aa8051a0bad010c30e5505b,delivered,2018-07-27 13:06:11,2018-07-27 13:24:17,2018-07-30 10:52:00,2018-08-10 22:36:29,2018-08-17,4bcc2db227674506ac6c45769afb126b,2018-07-27
63252ac9fcf4c3668aba4240e5f3b9b2,9a6dfbb7a20366b538ab1cbee3488382,delivered,2017-11-13 14:32:16,2017-11-14 03:50:52,2017-11-14 19:34:55,2017-11-27 22:19:02,2017-12-06,58161046e45e93cc8a30db711d553266,2017-11-13
81686c0fdb215cc2c2619c210f140e1c,e448b345bc513a1d73240506700af2b4,delivered,2018-02-21 14:28:17,2018-02-21 14:35:37,2018-02-27 13:35:40,2018-02-28 22:58:56,2018-03-07,59f8104259a7c06f9b0df795763c50db,2018-02-21
f49641d770ece70998b7b5ac891b3cd4,9dcedc76265e3bfef169075507093ea9,delivered,2018-02-12 12:12:34,2018-02-12 12:28:20,2018-02-15 00:27:29,2018-02-19 16:57:09,2018-02-26,2564f8c68026c08a570323ab09d110a9,2018-02-12
c8d07495cb4d7e181efd6c722f77c5f7,c9b32edea9b4dbeb78ff62916e82bb80,delivered,2018-03-26 20:40:47,2018-03-26 20:50:13,2018-03-27 20:22:28,2018-04-04 00:22:27,2018-05-02,add6a8d232ccde242ff31e9fe528963c,2018-03-26
9546aa638d07ac340a91c59b0b2dee96,8d0a81505e8e6b660cdb18c8b4c6c2a4,delivered,2018-08-10 16:05:40,2018-08-10 16:15:17,2018-08-10 15:18:00,2018-08-15 19:04:02,2018-08-27,2b8910e795f40ad6916339765ba12c60,2018-08-10
2fdb4ded4a31592814f6865adcaf9ea7,f810431ce112bc435febe209bf81cc69,delivered,2018-01-29 19:03:39,2018-01-29 19:15:27,2018-01-30 23:06:20,2018-02-23 18:33:24,2018-02-22,c0cbb934aac669d3de95352d1b4606a9,2018-01-29
cacef8f7817587b0fe261f6fec6fedfa,7229f79e1ba20779a834b81b4a4a589c,delivered,2018-04-28 17:33:33,2018-04-28 17:50:21,2018-05-02 14:41:00,2018-05-03 16:22:51,2018-05-11,8d384018dcb7cb4d9d4e1b48607ffc4d,2018-04-28
234d54f2c7e5f1b3fa99a853ee8a6211,d1692429b72bdc73587f97f6815f6f71,delivered,2018-06-22 13:34:48,2018-06-23 13:45:18,2018-06-25 12:59:00,2018-07-10 13:28:32,2018-07-24,0812791f3d218cab503587bf6530ab46,2018-06-22
f8ec8327ce5365e4a103b8a6a41841de,f0f6699433edca6bbabe571ee635340e,delivered,2018-06-14 16:03:52,2018-06-15 02:58:50,2018-06-19 12:09:00,2018-06-20 14:08:50,2018-06-26,48bf57f6da11e1d8b022bae4f04fdd81,2018-06-14
7e80537703a1b61bf60fbc4d67e0d641,cdc3c03dcbbe739ea43815cecb49523d,delivered,2018-07-12 16:36:22,2018-07-13 15:04:41,2018-08-02 05:27:00,2018-08-10 16:54:51,2018-08-08,2d917a257df793930f9ee3ca7fe0fa01,2018-07-12
612369de035e9ef7674cb2af64987979,4f9f51d45dea439f08ee780d99b39eb2,delivered,2018-07-09 14:36:47,2018-07-09 14:50:19,2018-07-10 14:34:00,2018-07-13 16:23:52,2018-07-18,2e2686e17a717835e738230bbf8bc551,2018-07-09
a5761ae3b7893e73551cb09842b9062f,10ecda9d739a3448c7004f8ca0c75361,delivered,2018-04-13 10:07:42,2018-04-13 10:15:21,2018-04-17 11:02:23,2018-04-26 20:14:38,2018-05-22,d0343a402557bbcef1c0b27f14689839,2018-04-13
78b7833f56f2ac54efd0e617ef4d4673,af07167f572cbc51105852f8cd94b89a,delivered,2018-04-20 07:37:25,2018-04-24 18:05:15,2018-04-23 19:24:45,2018-05-25 22:38:38,2018-05-25,7597d081c83002b6992779d40db6dbd5,2018-04-20
b446fd5e2b89b4ea9f610815cb707bc3,b775ec8e7c741faec597b40988848e05,delivered,2018-08-02 19:00:27,2018-08-02 19:15:11,2018-08-06 08:27:00,2018-08-10 19:38:36,2018-08-21,edab6374fa7fcaa308f361598969b01d,2018-08-02
80ae48078a8d6d539933ba20be26c8d7,09073977bb5829608c8e30ad15248f82,delivered,2017-05-15 08:21:57,2017-05-15 08:35:15,2017-05-17 13:52:39,2017-05-23 17:16:32,2017-05-31,76521f30731302a836c4ca38cf6a52b6,2017-05-15
3bdbd9f5f42278fb48aa879475fb33b4,6f6902e823f6258c17980cde1826c420,delivered,2017-08-24 15:47:18,2017-08-25 02:50:36,2017-08-25 19:22:20,2017-09-08 20:37:28,2017-09-27,f12f268bfcf8fb7bd9399d08cbe04ed9,2017-08-24
3f0f3c811e704a2423f25301eaedf047,3c29fd050b0f03c8edd4954ff0630eb7,delivered,2017-08-12 11:43:43,2017-08-12 11:55:21,2017-08-14 20:11:47,2017-08-16 12:29:17,2017-09-01,ed2a8c08257f47ebe412b0bd756f2912,2017-08-12
69aa05a091f9c98077f9a2ed8a2dafdd,0f077bc300c67ba6d69ac5302b42cd3f,delivered,2017-12-29 19:50:28,2017-12-29 20:07:02,2018-01-03 13:40:28,2018-01-04 14:24:33,2018-01-18,d142d5b5a31b037cdcf3229e94c1d0ce,2017-12-29
9d85f63ebf2543ff0cb9d3a3bdd7ead8,9388e71431ac086bae43ccdea08d6167,delivered,2018-07-25 12:14:45,2018-07-25 12:25:13,2018-07-26 12:26:00,2018-07-30 15:08:45,2018-08-28,0986bdec8293648f1187c4d08116d3d6,2018-07-25
f33b50da379ff892a3ad9d9fc6fdf23c,6258c05f1b3a07b7d33da59efd87ac75,delivered,2017-11-24 08:16:16,2017-11-24 08:49:46,2017-11-29 00:36:58,2017-12-11 18:33:32,2017-12-18,5dee3a0a9f032ce04532d521fb96b05e,2017-11-24
f7e0ff5f2a61e39b3c4641f3957c1c8f,631b9cf61859e356cb7e233f0982c6d1,delivered,2017-06-12 17:56:15,2017-06-12 18:05:22,2017-06-14 12:42:38,2017-06-16 13:17:43,2017-06-29,f20e809a3d0105b99814c37f88dc0e60,2017-06-12
91c6465db4928c8a908d1056f5763c8e,5fd62f8496b82e90e5879bb3769ea361,delivered,2017-12-02 18:23:33,2017-12-04 19:31:12,2017-12-06 05:04:45,2017-12-17 16:48:58,2018-01-15,3aaa5f97bd5c2963084bef5fbaf86281,2017-12-02
ee7de003de847c16e21f5298adf1d963,009c9d2be03f80df9ef29fade7f998f3,delivered,2018-04-14 17:17:10,2018-04-17 05:50:56,2018-04-17 22:32:15,2018-04-20 23:26:29,2018-05-10,459c24ec5bb599541f309cb00cd2cf60,2018-04-14
fbc212270a939b78ed5c8abcdc365ecd,59116842028366f9c16cb7c7e45c9306,delivered,2018-07-24 06:42:04,2018-07-26 03:25:14,2018-07-26 13:04:00,2018-07-30 15:37:51,2018-08-27,711d3f9ea406a09e7f0ee3a0416e8dc7,2018-07-24
cca6db6aa192f99ed392d637fc8c1b86,dd016c21610e21f5aea27c2e560d1b76,shipped,2018-01-31 15:35:20,2018-01-31 15:53:32,2018-02-02 01:43:57,,2018-03-01,980331124f1c9bb761311867a6d9dc7d,2018-01-31
f280ca4b6f953fa570dedf6f9b6f383b,8e88dfbdc464985339b99f7738ba6962,delivered,2017-11-21 18:08:10,2017-11-21 18:17:00,2017-11-22 20:22:52,2017-11-28 20:17:37,2017-12-04,65e2735427dedd6a787e5b065b3cc41e,2017-11-21
1e4dc51447faa970879bb120932eebb6,62713a902fd08c5ef31f5f108e95a168,unavailable,2018-01-22 09:27:54,2018-01-23 03:52:47,,,2018-02-14,5f1cb7a6781fb28e6ac9071e8ae0f9a5,2018-01-22
fcfc50a9520809adee86b167b0cf297e,b06fdea956d8b0a32da0e6e8df86d347,invoiced,2018-05-21 18:01:28,2018-05-21 18:53:39,,,2018-06-07,3ba9aebc9d5d71ee57ceeb539ab75794,2018-05-21
d7eb562631f3f08adc0a2428d057fc5e,7bf5c12ace6b84623dfbf869d1eb0bc9,delivered,2017-09-21 11:34:13,2017-09-21 11:50:10,2017-09-25 19:12:25,2017-09-28 18:28:47,2017-10-16,e505913947edf772f006873ddfb92ce8,2017-09-21
672dbfbd96238e4d07021fcdd9152b6c,b775111784ea2c3a1f3fd11125a07add,delivered,2018-08-05 22:28:27,2018-08-05 22:44:19,2018-08-09 14:44:00,2018-08-14 20:51:25,2018-08-29,e7b41997217f4daacb88d1bb6161615a,2018-08-05
818616212e51e6a1acfdf026e90c75c5,dfdeaa14f368e1d03473fbf43f0bada4,delivered,2017-06-17 09:59:09,2017-06-17 19:31:01,2017-06-20 10:53:39,2017-06-23 10:34:03,2017-07-11,2a68de4e6f417719973d073cc25e8b35,2017-06-17
8f0033d3ef07e82e7e942e4136cfbf50,c2895b6e8e550f6b2f424e5941ec1e68,delivered,2018-08-11 14:31:30,2018-08-11 14:45:07,2018-08-15 12:53:00,2018-08-29 00:03:16,2018-08-28,f7ca6b044cc46ab9fe26471d63cfe270,2018-08-11
9e6bddc3c8c30bb4f9e51b87aea82dd8,68297f12a6093d12d42f2dd6b60f6a5e,delivered,2018-01-27 09:47:40,2018-01-27 10:46:21,2018-01-29 22:10:35,2018-02-14 19:04:07,2018-02-22,384711326b32242f538666801a689106,2018-01-27
25f881c06011a27d879e9f15328a57e0,633586e0e4e3686ee988c54b28e1f4bf,delivered,2018-03-15 15:45:18,2018-03-15 15:55:25,2018-03-16 18:44:26,2018-03-27 20:08:50,2018-04-17,95e1a76e3dda082394fc342b13e9e762,2018-03-15
f22aed5c774f9d70037e26c5a4b691bd,c1aaf0e0e10e85bae38f799abe25e88b,delivered,2017-03-09 10:24:00,2017-03-09 10:24:00,2017-03-10 09:13:51,2017-03-15 11:37:53,2017-03-30,7c8f8d3ff715607148146c64ecb64b11,2017-03-09
cbe171f29dd9a2c2e2aa929bd4cb2646,fed7332ea01f08de619d1f26298d9179,delivered,2018-06-28 17:31:59,2018-06-28 17:52:04,2018-06-29 17:58:00,2018-07-04 19:50:52,2018-07-24,ff660633709ce2a8fcf2bf341753807d,2018-06-28
fa72cc9a6c1effa9ce0166cd8d5d79cf,5ba80471d655334dc80edc0d94bcb538,delivered,2018-05-07 16:00:05,2018-05-07 17:30:55,2018-05-10 14:28:00,2018-05-14 22:04:17,2018-05-18,7fb8d69b11789e5080c9314d9bc9eabb,2018-05-07
aef772050dbf72333f86812f5b2b7921,c6686d0baf735d0f767b456e910c7a9e,delivered,2017-05-19 23:44:08,2017-05-23 03:45:16,2017-05-24 11:42:01,2017-05-31 17:39:58,2017-06-20,917de9fb824d070a7f1f4db097cbea8d,2017-05-19
0f9ae004cd5a93d115668cff55d33be3,ee89fe624b4e22ac4beffac85aa26461,delivered,2018-04-11 17:48:37,2018-04-11 18:10:57,2018-04-12 17:08:50,2018-05-15 16:58:34,2018-05-22,d7e3adedc2a0fd26bf909b7d0072bcc6,2018-04-11
4a8dd75d2cdd9cb708636e1aa5a1bb29,b13e22ce02ce3538542c89fa6d25ed79,delivered,2018-02-24 20:54:13,2018-02-24 21:28:11,2018-03-06 20:51:55,2018-03-15 16:41:14,2018-03-21,1680c0ad8efa885aaca63994e6e65570,2018-02-24
9ff240b0d6016a232a320dfb5ee5f7ac,57613b233841cb5d133f6fd1fe6a98cc,delivered,2018-01-16 18:50:42,2018-01-16 19:10:52,2018-01-25 22:42:56,2018-01-26 19:53:04,2018-02-06,10ee350e3df8887344d0fd17ddc9ccd1,2018-01-16
15c04e22d4240a02f3f968690b8162de,353304a58d33fb139cbd70a09140b7d3,delivered,2018-02-20 23:03:44,2018-02-20 23:15:35,2018-03-06 22:45:31,2018-03-23 15:41:43,2018-03-26,90125656b67f366e482a98da3af867be,2018-02-20
64a52e5a0f31a4ccfe2f4318f49aa33f,c11fbe7b388030172ad222267ef2d57a,delivered,2018-07-07 22:14:45,2018-07-07 22:25:39,2018-07-10 11:13:00,2018-07-13 20:32:53,2018-07-26,95f4b915c12f5b61a638f3928d23a89c,2018-07-07
a949114fa0f52e4e6f29d71235868783,2b91c0e00db628c7f3f8f581ebd9c4e6,delivered,2018-02-11 00:55:34,2018-02-11 02:09:06,2018-02-16 17:16:13,2018-03-02 00:38:44,2018-03-12,bec46d4f7dbf57b38055df36befed4e2,2018-02-11
b8f82235baaa1a837797d86544239b5c,b7cc3569a50fb870096a1cefb406ffe6,delivered,2017-06-14 11:28:53,2017-06-14 11:42:54,2017-06-22 11:03:03,2017-07-03 16:56:44,2017-07-26,3b45dbba2ab60fe1bea335c6858abc85,2017-06-14
4852f370542e79ecd0ad9671dfcbc91b,fe25712115807b021f9006b84aec0ee9,delivered,2018-05-24 14:13:49,2018-05-24 14:33:28,2018-06-08 14:56:00,2018-06-13 20:47:35,2018-06-28,b01bc12620632dd4e72e5193ca55487c,2018-05-24
d0506b5ff5f73a65977c2776c1bac536,675295290d664e48d47ec07cd24468e9,delivered,2018-06-26 14:07:10,2018-06-26 14:33:58,2018-07-02 14:31:00,2018-07-10 22:13:43,2018-07-19,ada785a26148ea09200e575a6b209f2b,2018-06-26
6161a508b482a6f6cd50ac0449759706,0554215db356afb462ddf6089c4f6963,delivered,2018-08-22 17:13:13,2018-08-22 17:25:13,2018-08-23 16:26:00,2018-08-29 16:41:40,2018-08-31,0e843dd0f93fb01070ae7a3186a9bce4,2018-08-22
01d9a9aa7feccdaf99f7ea832bfa7301,4e2a379354e75a4545a46fe69949844f,delivered,2018-08-21 21:53:58,2018-08-21 22:05:16,2018-08-22 12:17:00,2018-08-23 20:04:06,2018-08-24,7089338086f563475ee59d1a0cd64ebc,2018-08-21
0606be58306f48924f5b44a39cfab9ec,a780fe4a7d5352de0e30ef4dcfbdc846,delivered,2018-06-07 20:35:11,2018-06-08 20:34:31,2018-06-11 14:43:00,2018-06-21 18:49:43,2018-07-19,2aec204bfe4ca88dfd6ba1616a949354,2018-06-07
70540cb2de8cdf8a399817159fc108e0,ae1e1f0cec5df61e31eaa2c12d094fe5,delivered,2018-05-10 16:38:55,2018-05-10 17:37:45,2018-05-11 12:46:00,2018-05-16 00:54:44,2018-06-01,44714c3d8e5b4a5ff2564f338dd5a5f6,2018-05-10
f7e9d1102c74fbea13db18cf2208fe3f,74359c5e719163f7edb9a3f29ba6fbab,delivered,2018-01-09 17:17:41,2018-01-10 10:32:22,2018-01-10 20:10:08,2018-01-26 22:18:15,2018-02-26,443e23b582e69ae01d4d254f6e7dd3ea,2018-01-09
832b3205936a6be47bc23c116eb22e8d,44a201b41213d0cb2bfbafe2f17fd3d0,delivered,2017-12-02 20:10:59,2017-12-02 20:31:39,2017-12-04 19:25:29,2017-12-07 22:07:08,2017-12-28,11456834db38d2d260cef5a6ab44a592,2017-12-02
38d33a629bb89c609344e7ef727bed13,9a2f80a6ac8f9a790c95774740335fa7,delivered,2018-04-08 17:36:18,2018-04-10 04:15:35,2018-04-11 14:18:36,2018-04-12 23:21:42,2018-04-25,fde7734e6d16bc042442d8517beeb835,2018-04-08
7249180b70badb4081586e4964f2c675,f72d23faedce4668482b0952c3907d3f,delivered,2018-08-01 12:57:36,2018-08-01 13:40:21,2018-08-07 13:02:00,2018-08-18 11:27:36,2018-08-15,ccc18053f74ccefee4e4dfc5abdbaa89,2018-08-01
42a1ac4cb7d28070b0c76e92bac2e087,10534aa113c7fbf11192c2e7f2763052,delivered,2018-04-03 17:45:41,2018-04-04 17:50:26,2018-04-05 17:37:35,2018-04-17 23:32:34,2018-04-27,4c612026edb8aa0feb52df6c4962f675,2018-04-03
8604fe3792737b36c7d60058b2d7a0ec,0308c8188ffa174ae335cf15234bef98,delivered,2018-01-24 18:39:56,2018-01-24 18:52:50,2018-01-25 23:13:23,2018-01-30 22:38:27,2018-02-20,d2a27e82643d13c96b770caa0510d2f2,2018-01-24
51a9b8069f801dc897252c09cd5831ca,960d47c0d03beb3e76e8772dd879e7d9,delivered,2018-08-06 15:01:20,2018-08-06 15:10:22,2018-08-10 06:50:00,2018-08-14 16:34:46,2018-08-13,ccac9b98925d5e6d30223f2bc134775d,2018-08-06
3b4a2b377fe671156cd586637d974f3f,b71d37b2430a0b3e0bb74cb6e7d52c3c,delivered,2018-08-15 22:41:12,2018-08-15 22:50:16,2018-08-23 17:14:00,2018-08-29 19:55:31,2018-09-05,18cd828c274db9b93e6caab41138cd61,2018-08-15
bf810a0d3b86bd83b11f6a426aedd339,a3cfc219899f8a9d074f534d8a527059,delivered,2018-04-10 20:27:08,2018-04-11 09:12:26,2018-04-11 21:18:21,2018-04-17 19:21:15,2018-05-04,5c939cd71ab7195b5f661728772069d2,2018-04-10
7905d74aefff427d164bf8a4b274fc9c,163a1a773e83bb4ec009b749a84e9666,delivered,2017-05-21 08:04:03,2017-05-21 09:04:35,2017-05-22 08:37:07,2017-06-06 13:33:06,2017-06-23,6e34fc248820623116a0758654503707,2017-05-21
ded5354b425cb60510972f4c92308d47,a44e1f83d67e91d573b65189302e7c54,delivered,2017-12-02 19:00:27,2017-12-02 19:11:21,2017-12-04 19:37:29,2017-12-11 14:19:10,2017-12-28,9e27d2071b688512d1313394991ccac6,2017-12-02
abdebb57cdeab645971e43cbe3c2f32b,d26479e3d4ae4515761df4f01cc3cf5b,delivered,2018-02-08 20:56:42,2018-02-08 21:10:23,2018-02-09 22:59:03,2018-02-22 17:08:02,2018-03-09,50ba09b8b7c50beaa585f18e0aa93862,2018-02-08
33e5224f58fe2ca5d11f07b36f3fb6ec,91e9379e373698c0a78d1be3ad7b2a4c,delivered,2018-01-15 11:27:28,2018-01-15 11:50:27,2018-01-17 00:35:19,2018-01-29 20:32:31,2018-02-20,d3812cb687a600c83ae45552cf81321b,2018-01-15
d09ffbeb0a9095250893b3da1ce411e6,7de43a2da470251d7f51f26a3d42ca4d,delivered,2018-06-23 12:53:04,2018-06-25 10:53:45,2018-06-26 12:11:00,2018-07-05 17:27:44,2018-07-27,15882cfb960f9bf1f7282011082d838c,2018-06-23
9de18154654e59d76a22157b8e439add,f4eaf5d95978c53f17c3395c1d4262b2,delivered,2018-07-24 11:46:04,2018-07-24 13:31:39,2018-07-25 14:12:00,2018-07-31 15:24:39,2018-08-17,608ed47c0df9537adfd562832cde783f,2018-07-24
99763d9a29968ec4bf66eeab50245db0,41d82a50627bdd848154aa0e9fdb1538,delivered,2017-11-24 09:00:10,2017-11-24 09:12:00,2017-11-24 21:38:29,2017-12-05 17:57:07,2017-12-15,e734105b773f439f8ec12bb29d0d2942,2017-11-24
6f4a84455372ad6b74c6ddd49e730539,43f44585945297e024c2f5814c7b408f,delivered,2018-02-13 02:42:20,2018-02-13 02:55:20,2018-02-15 15:17:00,2018-02-26 19:38:54,2018-03-08,89db030df6067a12d5b7d2ef66f9ba98,2018-02-13
403607f34876d4bb53d5184c2282e59c,5d7db21cd741bb58c88baf1e53a578a1,delivered,2018-08-03 09:03:38,2018-08-04 09:04:01,2018-08-06 07:08:00,2018-08-13 22:54:47,2018-08-27,aba681cb8f8096ffb08c03b2d21bdc4f,2018-08-03
c3e0d294fd277124450f8776d63dee4d,bba22cf547d984282a0659bdc21b832a,delivered,2017-07-26 08:51:15,2017-07-27 10:42:41,2017-07-27 15:38:24,2017-08-03 16:05:54,2017-08-15,4b1a4e9c594ac5e5c24c63ad62381741,2017-07-26
62e724c4929b9543648a7443b0cecb74,af2b35a1f9142e795b3bf98aa48ed575,delivered,2018-02-22 08:34:25,2018-02-23 02:31:06,2018-03-02 01:08:41,2018-03-23 02:51:53,2018-03-19,c4f03fdd2fb0a950857c1f87c4bb4347,2018-02-22
cb4063ae2e143a81d00c140fc62fc71f,2c72a677f4b7fbb494bf786d52269460,delivered,2017-11-29 13:17:23,2017-11-29 13:37:09,2017-12-09 02:12:16,2017-12-12 17:38:04,2017-12-14,ebd1f36f59af844e77506ef8b62d54fc,2017-11-29
ca836e631fd3b9408c19cf18ee331e08,49028f064e4f19ec1ce88607c1b40595,delivered,2018-04-04 11:40:12,2018-04-06 03:28:46,2018-04-07 01:42:39,2018-04-13 19:08:30,2018-04-26,ce87153ae6d1e210517154ec1057aad5,2018-04-04
48972775375677a6b44d8733e4f8c812,817c0a5bba6ada57e5de2262bee76be6,delivered,2018-08-19 12:36:35,2018-08-20 16:50:16,2018-08-21 15:43:00,2018-08-22 23:42:55,2018-08-24,ad8d8c44f34222cf276abf6e905441d7,2018-08-19
99ef3bde6a28c3a831215a21596b0d85,b8e5f13a17dbba03c377de6deb70c588,delivered,2017-02-09 18:26:58,2017-02-09 18:35:16,2017-02-10 15:11:32,2017-02-20 09:53:43,2017-03-10,a37d93a33143997c599b74d6d76562d9,2017-02-09
0cc4f59df564ec8dd6539dfdd8b29472,a039d274b51a190d03680d06479c7c1f,delivered,2018-03-06 11:42:16,2018-03-06 11:55:45,2018-03-06 21:57:06,2018-03-07 15:26:14,2018-03-16,950a33095847816021054ddf4a6ca1d4,2018-03-06
62b7c4dfc1bfb412daf2852c00c4a672,4675b55ad5cf9302218e93ac1e82dbce,delivered,2017-06-16 21:48:41,2017-06-20 10:45:26,2017-06-20 16:52:34,2017-06-28 14:16:37,2017-07-18,5158d59cf009d963bc390cf5377bc35a,2017-06-16
5ca67c75fe0b43ebc7ff9e3711b44162,a262c4837d797bd91c98d5249f31baac,delivered,2018-03-05 12:31:53,2018-03-05 12:50:30,2018-03-08 21:50:55,2018-03-29 16:34:48,2018-03-23,f7f91253ff1d1ea52d1176d691e2580a,2018-03-05
ce435884a2e9263799fda4abd28e7ea1,6805eb20b2eaf1e97f56e0fcb1a74def,delivered,2018-03-18 23:09:45,2018-03-18 23:27:45,2018-03-19 18:51:16,2018-03-30 00:02:28,2018-04-09,e6d9a19e22fd2cc2ca5dab4dff73eb03,2018-03-18
a2a802d19d01ddbdbf3920d42a2e6a64,5188c99c0e8778da0fa1c8df32b24c3b,delivered,2018-06-04 15:53:44,2018-06-04 16:12:34,2018-06-06 12:31:00,2018-06-13 18:46:45,2018-07-11,25f9f567cbd5b7da21b21040c03b306f,2018-06-04
931fdd63ba701dba6def14b3655e0a32,bc4851eac6f3eae2da00c2d91f5c5c41,delivered,2017-12-01 14:38:00,2017-12-01 14:49:40,2017-12-04 21:42:11,2017-12-19 18:07:35,2018-01-02,69f2934ad8b50cc05587a94cc7d68fc9,2017-12-01
d595d12a400a55972bc4a65cbfc2f6c6,0d18892f140925a15969429d0849f3ed,delivered,2017-10-01 16:45:09,2017-10-01 17:04:10,2017-10-03 18:23:23,2017-10-12 17:27:51,2017-10-27,05608ec24b6e52507bbe54dc921d3b62,2017-10-01
8f1cfc5cfd60e1141412987f215c8a01,0fd53cbc9dc85be3e9d7c6e74bc957a5,delivered,2018-04-12 20:49:51,2018-04-13 13:14:57,2018-04-13 22:38:51,2018-04-18 19:14:27,2018-04-30,ba66b6edd0756a62cb11be4d4655ed32,2018-04-12
4226897596086a3e840fd72442221850,5b6c9b4cc753bfd2ba753bcb51b56a56,delivered,2018-01-25 23:23:03,2018-01-27 02:47:22,2018-01-29 18:09:03,2018-01-30 23:26:24,2018-02-09,e57fcee6e702dfb952a4e88a8df24d5c,2018-01-25
05857c3db4187fe99fe1ae8b69747ab3,89430c6977d04d2733f4dd588d27f43f,delivered,2017-04-22 12:23:03,2017-04-22 12:35:23,2017-04-24 12:30:13,2017-05-03 16:07:53,2017-05-11,cf2982c3cd18ba12342bb2672e4ac3aa,2017-04-22
0a4bcba63e99001ad0349d8832963afe,259cd2e47ae29b399f8d36176b542785,shipped,2018-02-26 10:07:19,2018-02-27 04:31:06,2018-03-02 16:22:36,,2018-03-16,9c12edbabd56a4448617f67e0b9535b9,2018-02-26
60301aefa80ed57de1c39335c519622c,6bd97cd7b6f5dd3508633001ceedfdc9,delivered,2018-01-31 18:35:14,2018-01-31 18:49:56,2018-02-01 23:18:56,2018-02-19 23:52:12,2018-02-26,0d7b8a66f1105bd2347a66a5822680de,2018-01-31
16e233a1bc2e990959d5d28a9f4dab53,c8cb4c33588de8383a23b48b793d240c,delivered,2018-04-24 17:29:20,2018-04-24 19:09:57,2018-04-26 13:39:00,2018-05-09 05:46:53,2018-05-22,15009f9bee9c32528e23f434f7dcef21,2018-04-24
84067c1987477431836bf30d8689f6b0,5e289e8cd3b3f0416de203a17fac23c7,delivered,2018-04-06 13:03:51,2018-04-06 13:15:18,2018-04-09 19:41:20,2018-04-14 12:33:36,2018-04-26,5c7bf79c18e9b98a2f1fa6598d23a635,2018-04-06
6a840170ff9f5c99f069b8526d8c21a9,8ca7c9ebd7fe862bbe3af6866f1b2d20,delivered,2018-03-14 09:52:07,2018-03-14 10:08:29,2018-03-14 20:58:54,2018-03-15 21:42:46,2018-03-27,129fa4e40e804351b0739ec68ffebf46,2018-03-14
3a57e4aedebab3c2289a8aa44e405ec0,981f069de04dace1ddefa6090489cb4a,delivered,2018-03-26 17:45:48,2018-03-26 18:08:06,2018-03-28 21:41:12,2018-03-29 14:17:14,2018-04-10,844d9a5cb83fae8665bcc87b7578e867,2018-03-26
b061c1796cd341f652a36bdd8a5aedcf,3ada6c72db8b9159deef90a02a023066,delivered,2017-12-03 23:27:02,2017-12-05 04:12:04,2017-12-05 21:58:45,2017-12-07 18:23:06,2017-12-20,4d949a3cf3e577f2f2e373e8fcc7795d,2017-12-03
ef303518c213c484b45e3cd59f745bbd,14148e8de854cb67d2c730d568af1ed2,delivered,2018-06-19 19:58:06,2018-06-19 20:16:32,2018-06-20 12:14:00,2018-06-29 16:57:46,2018-07-18,020747bd836e23bc8e3692937ad85497,2018-06-19
4a6779a79e8397160e34e7e005321200,ea75bd99dd3d578861b85d1d1f28b903,delivered,2018-05-10 12:46:02,2018-05-11 16:18:40,2018-05-16 15:29:00,2018-05-22 11:38:33,2018-06-14,ebbcd2a9e626bb63de5ae9bb3357d2b1,2018-05-10
4fe44efd8929f9dc43de71da5537c25e,204861dbe8e80c1ed8b5257381bfcbec,delivered,2018-05-16 21:15:36,2018-05-16 21:35:59,2018-05-17 14:09:00,2018-05-18 19:58:48,2018-05-28,f2057f469d9f2620b4a751a05ec35061,2018-05-16
51177c088b8f453ffbfbbe60aa8a39f3,9719e4d70bc27545f643cdbdbe5c5578,delivered,2017-05-03 21:47:51,2017-05-03 22:02:34,2017-05-08 15:35:45,2017-05-16 10:53:58,2017-06-07,ddcd40e988c7ba625bb5890b51bf8e92,2017-05-03
793af9c2995ef7353d68d41e805a740c,bc1a49e5761918817835505d305c704b,delivered,2018-04-10 09:29:44,2018-04-10 09:51:07,2018-04-11 17:04:20,2018-04-16 23:56:36,2018-05-03,e8a450b1f0ac1a53c7a7871f4a54b7e4,2018-04-10
0a1d3041cccb0462981aec3f0b1ad106,a75d7c5126b91788b209b80176b03151,delivered,2018-08-17 16:36:55,2018-08-17 16:50:04,2018-08-21 08:29:00,2018-08-24 21:31:17,2018-09-11,f1a18e3c6ecfb958f83c496b81cff9b3,2018-08-17
08e33dc1bf04d3cbc2fb5e93fbfcd6c2,f501c6a2d17e3db17c26f8728988616b,delivered,2018-06-24 21:20:11,2018-06-26 05:13:01,2018-06-27 09:28:00,2018-07-03 23:33:29,2018-07-20,3fd9e671495c52739c5f0b896f01b88c,2018-06-24
416c076dfc39af8d2ac638a07641414a,ef9b3510ba80873dd2e3fd3984ad1665,delivered,2018-08-11 09:50:14,2018-08-11 10:04:39,2018-08-15 12:49:00,2018-08-22 23:03:33,2018-09-05,01541e2754a6e7830b2871d7191d27e2,2018-08-11
3bb3f7783f2e72ad6c1baacfdc807994,363491bac85cfd440eacdf521ac9bb2b,unavailable,2017-11-30 16:45:27,2017-11-30 16:58:24,,,2017-12-18,2b347f4feaffe91b2923e9e30ff1aefe,2017-11-30
2ccc4ef33a6274500f8eb7b10c5f4b39,5f3e5c17d9cb18877b30dd37487345d5,delivered,2017-07-01 22:56:00,2017-07-01 23:10:13,2017-07-03 12:37:44,2017-07-05 16:26:36,2017-07-14,d509ca553f53a126c619251ee4fc3fc3,2017-07-01
a9b8ca11d1c4f895787b4503f3772706,1fef69d2c1caa29efde6334f753dc41a,delivered,2017-04-20 12:22:59,2017-04-20 13:06:13,2017-04-20 14:31:21,2017-05-02 17:45:05,2017-05-12,c0ab0c71f36879a7e904700157a6d88c,2017-04-20
7dd7119f5e4a11c202cc89a68c123a14,9beab01fa571e9e5b47c42573490a67c,delivered,2018-05-09 10:05:34,2018-05-09 10:31:31,2018-05-09 14:08:00,2018-05-12 10:51:29,2018-05-23,2460df14a0e0aa8cadae9f5864abe9d5,2018-05-09
f245cbeb5e2f1bb0fe643069bb2eee06,19436fb3ff972066d6abf7a2fe66a4c6,delivered,2018-08-01 22:31:08,2018-08-01 23:03:49,2018-08-03 11:08:00,2018-08-08 18:47:36,2018-08-17,180c0185b703753d25b77b8b452260cf,2018-08-01
9827a7b79fe79be87d4d845fbe1e16e4,cc11572c482c869f138da6d448879444,delivered,2017-09-18 21:36:58,2017-09-20 02:24:01,2017-09-22 20:16:49,2017-09-28 21:33:54,2017-10-06,b54c0f5d4c001a783c4b04d847601cad,2017-09-18
1c3680cf7c64b8f0419ae839d0a44db6,540c737fc18060325ed168d358bb824d,delivered,2018-05-27 12:07:47,2018-05-27 12:17:04,2018-05-28 13:58:00,2018-05-29 17:32:25,2018-06-20,3c79b76657e51964708c338b82c906e1,2018-05-27
a0d8e0c491e4b25ae11e8bb875935c18,e9fc7edd6cde2e8c4f7f8617ed9cc8d4,delivered,2017-01-31 11:26:49,2017-02-01 02:35:18,2017-02-01 12:02:20,2017-02-02 11:09:49,2017-03-01,8d101c47a4c3fb0d038d454668b1464c,2017-01-31
1d0b0f924b8d43293ce021e875a67eec,425ed4e462dec1d7b049eb102acdd934,delivered,2018-01-13 08:36:23,2018-01-13 09:09:22,2018-01-17 21:09:14,2018-01-22 19:42:01,2018-02-09,be6cad85f9f4f67d26d0a36c39a353ee,2018-01-13
5d502df088caeaef73c83de571ef31d7,3ed3b8e6500fffcf751b8861174195f3,delivered,2018-02-19 23:20:19,2018-02-20 00:26:53,2018-02-21 16:22:26,2018-03-10 16:36:36,2018-03-16,a2b7188b91416738f3f713f6e107f276,2018-02-19
cdd1432a23108f3aff0acc23792b8285,2d235daeef950bf253fb464974d9aff6,delivered,2018-05-11 12:18:31,2018-05-12 03:15:15,2018-05-17 14:56:00,2018-05-18 19:32:22,2018-05-23,dd7c9d0f2b103f42c9b8a8a9e2cce511,2018-05-11
6002f6fd11937a1461a6c4780232191e,bce76905ad97b841d0dfd550f4e16b1d,delivered,2017-09-18 23:29:20,2017-09-20 02:39:58,2017-09-21 15:27:20,2017-09-29 20:56:25,2017-10-09,7480359f2bfb287f5723a3025890d06a,2017-09-18
20fc41b5546587400e8ef6a97936ed06,388a6d24e09dfca3841df183da7b0b92,delivered,2018-08-08 12:05:08,2018-08-09 03:45:23,2018-08-09 13:44:00,2018-08-13 20:48:52,2018-08-23,5a74e797db7c270957960dee96477564,2018-08-08
63770e5bb4dbde814360a6e2ac62caef,7dc919067ead3c078025c82e800efab7,delivered,2017-06-24 20:54:22,2017-06-27 03:55:19,2017-06-30 14:02:49,2017-07-07 17:12:38,2017-07-18,605c9f2be41b1632bec3dd720bc4fdce,2017-06-24
b695fe5ddff53003c905080dc456cd7a,9fda8229baa8c927fe3eb495042ff95e,delivered,2018-02-10 09:40:12,2018-02-10 09:55:31,2018-02-17 04:34:00,2018-02-23 19:33:41,2018-03-06,add3b1cbcaff08d902f0194694eb35a7,2018-02-10
64fa84c83d247d06bdb6cc81564890e3,82bf93cbbee8b49bd07234625addbd83,delivered,2018-08-21 15:44:52,2018-08-22 03:55:19,2018-08-22 19:09:00,2018-08-23 19:13:49,2018-09-04,7c64b0fb470f26ed726007fddb67fe90,2018-08-21
022d47e6dd2e127493b8f51c8408078c,02d2c49ef9837fbf18d71940dd7cf97f,delivered,2018-01-13 17:33:23,2018-01-14 17:28:45,2018-01-18 22:41:55,2018-01-22 17:10:03,2018-02-05,7f1b6966ec954a76bd752377eb61fd55,2018-01-13
e375d0d9503a5e95db66e6a83833b5cc,82c88c9c55cbb22b8cb4479e6334b454,delivered,2017-09-25 10:03:34,2017-09-25 10:15:19,2017-09-26 20:09:21,2017-10-02 19:03:05,2017-10-17,03424aff6b9a11b61bc6a8db840150ee,2017-09-25
0f0238a7185cf8f3f3f6404d1f5ea306,ebd5be4611773d33c22df823b634d225,delivered,2017-07-08 19:59:17,2017-07-11 04:10:21,2017-07-12 19:51:12,2017-07-14 19:33:06,2017-07-25,957d903f93cde7788cb84ca983b9d1a6,2017-07-08
3745e06e7f01e1652cfd4b9d31651820,08dc68ad9ab343289844fa36f6963b8f,delivered,2017-12-02 18:26:35,2017-12-02 18:35:23,2017-12-04 14:31:34,2017-12-19 19:46:39,2017-12-29,0de97ff655abfc142ba6fc83e86bf082,2017-12-02
cea503481ea27c2c550bc48e007fc0a8,f526bb86f9f476414d20f3def075c794,delivered,2018-07-11 08:13:31,2018-07-11 09:26:06,2018-07-11 15:05:00,2018-07-13 16:08:49,2018-07-25,42f3aebe1309a0f58863f1ec28898969,2018-07-11
1631521110aac3da4983314a2ae78ba2,d14a78215272e49773f7c8e45e5abb66,delivered,2018-08-06 21:18:30,2018-08-06 21:25:15,2018-08-07 10:34:00,2018-08-13 17:56:48,2018-08-17,e9c5be5403f95688feb8be84acb25a67,2018-08-06
491b3517aceaf23456a3a9cb1d95feab,d37b5fb9d0d04e5c6cac19f72b4ee5cf,delivered,2017-03-08 21:55:07,2017-03-08 21:55:07,2017-03-10 09:32:35,2017-03-20 10:04:47,2017-03-29,a544c1c8ec38eac6ab18455e99b685f1,2017-03-08
4e5eb92b77d7214fc3587113fd8374d7,f2f1996d492eeed51d8e8f181bc3418c,delivered,2017-11-13 21:16:48,2017-11-15 02:51:06,2017-11-22 23:14:40,2017-11-28 23:04:42,2017-11-27,e7ceb5e15c42737c00925a715525dc67,2017-11-13
291968f5d2acf526dad62cd114593463,a3cd105dab87c69d5efc7a94381706dd,delivered,2017-11-26 14:15:50,2017-11-27 21:15:35,2017-11-29 18:28:55,2017-12-03 14:35:06,2017-12-11,6086989b410249695d8a6ea3ef3bb9fd,2017-11-26
d66fe524b24e426e1f20aa7358ef80db,1612ff515cbb719b4fbea23720a1bc0c,delivered,2018-06-27 20:57:19,2018-06-27 22:01:43,2018-06-28 15:34:00,2018-07-03 19:16:45,2018-07-12,a147b35c04951884b4bbd65a0085cf88,2018-06-27
bfb04781e6dc96f737795a633dfd1b80,da4c3e669ffed2d54146919af6a78d27,delivered,2017-03-05 12:06:25,2017-03-05 13:05:27,2017-03-06 11:20:14,2017-03-14 11:35:29,2017-03-28,53dbdd35b14654695a34ee367688cb8a,2017-03-05
140c901be097e36e0ee9e2249e97dfdd,b5326d3b5a5bf32edf7bc68d9010e0d9,delivered,2018-05-18 11:47:27,2018-05-18 13:13:21,2018-05-28 12:49:00,2018-06-01 22:28:52,2018-06-21,8574eedf87be69a8f50ad3feb222599a,2018-05-18
509b62447c7e923930921811c30ac6a9,392e554526b6f08326db4fd0c99feae4,delivered,2018-08-19 17:45:12,2018-08-20 12:50:12,2018-08-20 14:30:00,2018-08-27 15:26:58,2018-08-29,3e0a8e38dfb4751da3a8412ffe077631,2018-08-19
9fa420e862b14f1b9485b201599dc574,6abace75252f2124cf2c0c3069bcab4a,delivered,2018-04-09 12:58:14,2018-04-10 04:10:32,2018-04-11 20:22:02,2018-04-17 10:46:53,2018-05-04,bdeed1aa4eca0066f5bb4a20d07bda29,2018-04-09
32f133e6183197d366f71e2d37f823bd,a7d431da1da2c65d5d93b343e122d2ab,delivered,2018-06-10 11:04:34,2018-06-12 04:17:49,2018-06-12 11:26:00,2018-06-18 22:27:07,2018-07-25,2cb4ace4baef1532a1bcae3a069f7080,2018-06-10
780d06f3d4a6cf29181986194b9c23bd,b6a1f0f770066f23f23023262bd47f63,delivered,2017-04-03 10:49:06,2017-04-03 11:02:43,2017-04-07 15:46:23,2017-04-17 12:37:02,2017-04-26,5e55d39d7c2e9f0d5ef702ce71de4546,2017-04-03
36420a143847ed4a3a7856f3803ec78b,ba7bf9187d8a05d7646a325a3575932a,delivered,2017-11-24 13:02:52,2017-11-25 04:53:31,2017-11-28 10:27:01,2017-11-30 18:08:06,2017-12-14,b20b50d4f95b912f9614feca3991caf5,2017-11-24
f3c997e9b2e9848caab4687aabaee30b,23bd7d98eb7c09345bcfb6796cbca4bd,delivered,2017-10-25 18:05:14,2017-10-25 18:25:55,2017-10-26 18:37:54,2017-10-27 19:30:00,2017-11-07,2e833a4d4ce7062903438ffa1eab18e2,2017-10-25
e9c84eca2fb9e4a208e311ac45eb220b,70337caf190d1780a90ef176de122e31,delivered,2017-12-09 17:42:34,2017-12-09 17:50:31,2017-12-11 20:57:41,2017-12-18 18:35:25,2018-01-04,0f8d0220e9d1b9290d75f7bcb9d8e420,2017-12-09
74f04ddd0bd65a396c7210db1e0d1259,ab2bba75dd82ff495694470d58fe2f56,delivered,2018-02-23 15:21:07,2018-02-23 15:35:25,2018-02-27 00:27:05,2018-03-02 18:54:37,2018-03-15,afc3cd7780da72161f5d0f87863b24f4,2018-02-23
e3618dffd8f8f787a12ad38ce9b342b3,89c4c6c5d68dd784c4bd60c4d4500e4a,delivered,2018-06-12 02:17:21,2018-06-12 02:36:15,2018-06-12 12:40:00,2018-06-19 00:08:50,2018-07-05,ffde9f4d5007c6675904e26947ba4538,2018-06-12
10ade03150da4c3a784807bae033f361,d7886c597dd3eb4baf76f81484a4b7f9,canceled,2017-09-03 14:54:11,2017-09-03 15:10:10,,,2017-09-15,4a8a841cb76a69535f66997767246249,2017-09-03
f5dbaf6c0097869f39c165f8677540a2,5245740a757b679fc210f46d7bc681b0,delivered,2017-05-23 22:59:24,2017-05-23 23:10:12,2017-05-24 09:10:55,2017-05-30 11:14:44,2017-06-12,2f5e8eac4bb8769b51998b18ca267afd,2017-05-23
e839d1b21d3efdeb377a2689db711b68,c77cf42ae5c9e65304958f02c978145a,delivered,2017-11-24 08:50:57,2017-11-28 03:38:34,2017-11-29 20:18:55,2017-12-13 19:59:14,2017-12-26,9c9a1d458299e475598c872ba2db5bd6,2017-11-24
a4cc6870ef62de14130af4692815c82c,614d3b628cf514be479410ed80dc1518,delivered,2017-11-16 22:11:01,2017-11-18 14:46:16,2017-11-22 15:38:36,2017-11-25 15:31:43,2017-12-07,6cc4314c23dcda2c625df58516cdd853,2017-11-16
d69fcef5a5fe3a3db60ea65c6ee499cc,ff0340330283c0d05ea7281e67fa2e76,unavailable,2017-12-02 10:11:44,2017-12-02 10:30:31,,,2018-01-08,dc80a79483121fee90b0d2f53d1054f5,2017-12-02
452f45581d396d07e3a7e9f4b4daf866,803f49f161629fc6ff7d59aa6aa543a8,delivered,2017-11-17 15:28:59,2017-11-18 02:50:29,2017-11-21 22:41:32,2017-11-30 23:36:33,2017-12-08,6e653d18e4792b6c91866a89d60942a6,2017-11-17
f5508c24aa4418c7069ad5a43b06bdee,73c5b90f781d271fe81aad2a4f3fdb09,delivered,2018-05-14 20:38:09,2018-05-15 04:52:36,2018-05-15 14:21:00,2018-05-18 19:16:45,2018-05-30,88fa5cefa0ddcf019e8c75e50ae0c703,2018-05-14
a12f4d6bb108cc421a0fbeb4ce5c6804,39df6b104a8835de07f1cdc4b62312c1,delivered,2018-02-19 22:03:20,2018-02-19 23:07:31,2018-02-24 18:12:13,2018-03-02 19:09:27,2018-03-13,3ad2d4aece4563a2574541631c7b923e,2018-02-19
94f7f6c088f847330bde21f4ba450b2c,678d9fab75387a33fd858264e25a7530,delivered,2018-01-12 22:53:41,2018-01-12 23:44:56,2018-01-16 00:04:16,2018-02-08 20:41:42,2018-02-20,23fbdcbbfd86349035c065caef8d44a9,2018-01-12
b87bff2c2c7ce847dc3c9459a117c3b5,4641dad4727af4e3ba6e53b0380f8f39,delivered,2018-04-04 11:19:17,2018-04-05 02:27:57,2018-04-09 12:46:50,2018-04-12 15:41:16,2018-04-26,c0a562a9534731e021f840f239163b5b,2018-04-04
48b3645f62cbacd4396279c43e8fb4b2,c8acaa9e724e15c79813b36a6f243d1a,delivered,2017-11-20 15:58:23,2017-11-20 16:09:18,2017-11-22 00:11:51,2017-11-23 17:51:48,2017-12-01,ca428a8288c8c4d4d348ade11b8b7280,2017-11-20
8e47a04b25d7a7075064e8e0bd2e0318,6809c387b18253d7e92f69dbecac26ca,delivered,2018-04-01 15:25:27,2018-04-01 15:47:52,2018-04-04 19:34:29,2018-04-05 20:36:42,2018-04-12,7602a5a3d9acc46b565e9c6551c8f494,2018-04-01
21c9e1884faf91f5fc65224d92b2ef83,0de7cc8d3218ed73d9621192453a418a,delivered,2017-07-05 18:33:29,2017-07-05 18:45:14,2017-07-06 14:47:57,2017-07-07 20:07:47,2017-07-21,1590457b4be348b165ff7030a6f94dce,2017-07-05
0641d69ef04d0d7b004cb9ec0106c3ea,f7f3861057dff6df914b58282f051b01,delivered,2017-09-05 15:46:38,2017-09-05 16:04:08,2017-09-08 17:27:49,2017-09-13 20:53:57,2017-09-27,a3b3b8d2cc2fa6448e63ebfdafe150d6,2017-09-05
73aff38a1baa00056cd97d9a0e8e0c4a,2c2c89758acd7a5da1c982330f02ccd2,delivered,2017-12-03 14:33:46,2017-12-05 04:11:58,2017-12-07 00:18:30,2018-01-02 16:43:36,2018-01-08,3fed79a43b6e656d60902b3f30049c70,2017-12-03
6c04516be61ae90e04756c3290c405b7,e67ca606dd04696d0ab6e2ed2d63a126,delivered,2017-09-24 14:59:52,2017-09-24 15:15:11,2017-09-25 20:51:31,2017-09-27 14:56:07,2017-10-20,809ea1c56f165109936fe5c51003fbfb,2017-09-24
d68f3a6decbb8a868a1a87c33c9f50cd,2276b635bde7b942fb5121b7a00e8b2f,delivered,2017-12-10 12:10:51,2017-12-10 12:19:26,2017-12-11 23:59:03,2017-12-15 02:24:50,2017-12-28,6e00d78e8b8a72aaddaa0282d94e12f1,2017-12-10
14a678af0f9ccd309467a5d6feb5a829,fada2bbe01ae55e2249d3ec874634f74,delivered,2017-10-05 07:23:38,2017-10-05 07:49:18,2017-10-05 16:07:59,2017-10-13 16:52:23,2017-11-07,0e373ea92380908770a79f7efcffd3cc,2017-10-05
d8e17cc85323061493b16b68a130bcff,3678034a0428898b73d8c6a2b353e769,delivered,2018-04-26 17:28:37,2018-04-26 17:52:19,2018-04-30 08:40:00,2018-06-01 19:48:47,2018-06-01,7f71136093e2c5653179b2380e1cb00b,2018-04-26
ccd8c28b87350369cecbd3d56662c116,6ba0dedafbdfea05e28bb3740df29bd1,delivered,2018-03-28 20:46:50,2018-03-28 21:07:39,2018-04-04 12:24:26,2018-04-17 20:08:44,2018-04-23,84efe5bc9cabe190f9c2f66f34fc3dcd,2018-03-28
bb95c9f509ff2da87b6015a0d9046f0f,8e7952773b680825d0c65e05592440e7,delivered,2018-05-05 16:47:08,2018-05-08 04:15:29,2018-05-09 11:06:00,2018-05-14 18:42:36,2018-05-24,b9d9da6805f069d2324edb4952e9d0c7,2018-05-05
705aedb629707ccd89c4fef86e25b2f3,a4e40d74e302b75220643fef1b9636a9,delivered,2018-03-25 22:36:32,2018-03-25 22:50:30,2018-03-27 16:46:54,2018-04-02 18:52:32,2018-04-12,fb28f0f2e77c89007948e870209403f4,2018-03-25
6582b7b59ad963f7a510455fb9185d1b,719e9763c8714da3c5a628d3de455ae8,delivered,2017-06-17 18:28:30,2017-06-17 18:42:39,2017-06-19 21:14:50,2017-06-23 13:22:24,2017-07-10,447c020c99b8f3d3d0b6703d8790787e,2017-06-17
6551aa5197870cea53e483f92d3a75df,b65df387ccc9a5adb98b8b5773e18748,delivered,2018-01-23 14:53:54,2018-01-25 02:38:36,2018-01-29 17:51:46,2018-02-15 15:20:01,2018-02-20,169375136c23aee8fcf19cc4f69a38ed,2018-01-23
65bc13ce9ce9abd1fb01560e41e0afa3,9028854a317912520dcf23f527c7363e,delivered,2018-05-07 21:42:08,2018-05-07 21:55:19,2018-05-08 15:32:00,2018-05-14 21:26:30,2018-05-29,19e465b2425e224ecd1105cc34d2576b,2018-05-07
6f1fd45a62a1568370bee476108eaa18,326d02c121e7690a00c5254b2b2c4cac,delivered,2017-04-29 06:54:41,2017-04-29 07:05:08,2017-05-02 11:08:48,2017-05-09 11:26:53,2017-06-01,90932cbc3036814c6e99e460cf941755,2017-04-29
b7bad41b595c73cedf79fe679bf246d9,60fabe9f92e0b77b6925cdc291cb5b96,delivered,2018-07-15 17:25:45,2018-07-15 17:43:59,2018-07-18 12:31:00,2018-08-01 01:52:32,2018-08-13,c0786d36f210da800628d3be5100578b,2018-07-15
dbf9ee18eee818b5030fddb6302c4f37,a8b20d79ce2761a5a6dcc7055ba79d87,delivered,2017-03-13 20:48:35,2017-03-13 20:48:35,2017-03-14 08:06:48,2017-03-26 10:45:04,2017-04-03,221f02996290e9cb2ff459a925c09ab7,2017-03-13
c702cb12656a8080118f76ed8256938c,a3796a380ee0dd249f86d5642cfb3b96,delivered,2017-09-17 17:11:41,2017-09-19 03:55:24,2017-09-25 19:12:49,2017-10-04 10:25:31,2017-10-10,69ca7e16397589668916580e5687aa5b,2017-09-17
4de39e6ed70e6add419cd6560467478d,c5cfb8b6f3e65d58ff632e69610c68ad,delivered,2018-07-18 17:18:04,2018-07-18 17:30:19,2018-07-19 12:53:00,2018-07-26 06:36:41,2018-08-10,e219a439f6ca99e32824bcc7153969c9,2018-07-18
add756e3e5d6be09e93f4e5ca22d7b44,beaefb15f57098290db7f598c19dcf87,delivered,2018-06-05 15:30:41,2018-06-05 15:49:03,2018-06-06 13:12:00,2018-06-14 18:48:35,2018-07-18,144c634298251b2555afab18146796bb,2018-06-05
fa2c90cc79e4e69f0083fa936998174e,2cf11b6b0d123c72731303fe0b5d0490,delivered,2018-03-29 21:44:05,2018-03-29 21:55:12,2018-04-03 01:58:48,2018-04-23 17:18:00,2018-05-03,85d19aee7a7697db24f8e1b24222507b,2018-03-29
7210d7fc318b9dc764bf75da0bd6c74c,877635a3045c4c3e150f73937bdb0fa9,delivered,2017-12-30 16:49:38,2017-12-30 17:06:51,2018-01-04 10:34:29,2018-01-06 13:56:03,2018-01-18,bafecc0576ae9dffba7b2ab20722070e,2017-12-30
ae4449c7c1d59db87e06f5758946907b,0e58b68bb3dcb245d8c846fe32ec8d05,delivered,2017-02-20 16:02:59,2017-02-21 05:08:25,2017-03-01 16:22:19,2017-03-07 11:05:15,2017-03-21,27cfd1c993e99552dd91cb76c869bc59,2017-02-20
a5bc722e653d42e3c7e1404d4779f19d,6ad49c06783cc69b736c128ca0b4ad49,delivered,2018-06-18 14:07:12,2018-06-18 14:35:51,2018-06-20 12:37:00,2018-06-26 13:04:25,2018-07-12,88227aadf23f5817850b5d6190ec5c93,2018-06-18
fee9afa24ed743a26803c4d03e8ba5e1,48537cbd0f029e9e9fbe57a086017ba1,delivered,2017-12-29 22:22:01,2017-12-30 22:12:27,2018-01-03 17:49:57,2018-01-09 19:58:49,2018-01-22,22d58ff974f5b038be39be8df0434e35,2017-12-29
5e15bf5197c40a5c6b4e94cc0ac12360,e8574ecef660b3109727ea82d01740a2,delivered,2017-05-23 00:13:28,2017-05-23 01:05:13,2017-05-24 13:49:52,2017-06-02 10:16:03,2017-06-14,8a218245ccde038f0762598adac8b5df,2017-05-23
821b1d19ba63b3109388a4bbc84d3f43,6feabe0db8240093bf5e96f20c146b23,delivered,2018-01-07 16:54:38,2018-01-07 17:07:04,2018-01-09 17:38:45,2018-01-30 18:21:34,2018-02-07,8d51d2b9d0a371455e0d3bfb473a6d1e,2018-01-07
aec156801075fbdb57c614c4f69d2695,e86338a2d7659e6794a36622cf6d8cbf,delivered,2017-08-27 19:25:41,2017-08-27 19:35:23,2017-08-28 12:29:17,2017-09-04 18:56:26,2017-09-15,b26bb35f3ec4887b61e8df58688c6895,2017-08-27
64ec5cf30ebdfb09f6c023919646545f,0ee225c7d86cc69c69f5ba43f36a3696,delivered,2018-07-13 13:55:49,2018-07-17 07:31:31,2018-07-17 11:29:00,2018-07-26 15:03:12,2018-08-08,5a83ed9c112da985d12f9d1a3762008c,2018-07-13
4fe6e6eee2e643359d66860e9954cb84,448fa305155e5a7e114440aa71143832,delivered,2017-03-13 21:30:52,2017-03-13 21:30:52,2017-03-16 14:47:25,2017-03-28 12:36:09,2017-04-03,25d6024f1eadd97cf86cfcfb7e9617dd,2017-03-13
732ea3eb55f0450b5da6cd76607c4504,7eccd9d443f9f61f39a60c9d17910c48,delivered,2017-05-18 09:56:49,2017-05-25 09:35:15,2017-05-25 10:44:38,2017-06-02 15:02:45,2017-06-13,01be09e08ce97be4356a7c93bda4ee70,2017-05-18
d346a1af31b9f42d7244edcba34fe990,d679f47ffdfa4ae1aec64bdae506be76,delivered,2018-04-11 17:20:17,2018-04-12 17:15:19,2018-04-14 00:28:39,2018-04-26 21:19:22,2018-05-03,981dd1cab0a06679e67d5441aec4f2f5,2018-04-11
203ac312a0ad1ef4bc3281ce1f638c4b,673657fadb14736e24dbffbc43f86d4f,delivered,2018-01-10 09:15:02,2018-01-10 10:31:58,2018-01-10 18:10:53,2018-01-16 21:22:50,2018-01-31,6c5f6bdb8062695ffa0e53d62e8d5e8f,2018-01-10
fb265b2dc558a56445dfc48f8224e201,910f716e941709375465b7d3ff059d4f,canceled,2017-10-10 20:21:14,2017-10-10 20:35:15,,,2017-11-08,f50ca6544a0ed8a52cc964e15cbe9cf9,2017-10-10
bb4412024038d07d6662179fe273519c,d6b09d23b3031fa9b3785989f4a635b1,delivered,2018-02-02 17:30:03,2018-02-02 17:52:07,2018-02-05 18:13:09,2018-02-18 13:23:39,2018-03-01,6ff62b85b8dd35a3402d54618bdafec6,2018-02-02
8791e495e7f1b8d77696f42ff295d945,d98d984f06ada593e263ff7cb810d798,delivered,2018-03-04 22:43:52,2018-03-04 22:55:39,2018-03-10 00:08:45,2018-03-28 14:56:38,2018-03-27,793000c4be1a654272437ec6676b78ff,2018-03-04
ccb78ed7a1acba9d251c8626f13097f5,2dede433203d09f2222b7d74c4040155,delivered,2018-01-12 12:10:54,2018-01-12 12:17:29,2018-01-16 20:02:48,2018-01-22 20:26:57,2018-02-02,910240400459e4edf250cddd2588bfd2,2018-01-12
00ace652c8a5072670f30674e5f19844,8ef0a1cf31ce44185f0ee98fd976ef70,delivered,2018-01-19 00:35:45,2018-01-20 09:07:49,2018-01-31 16:44:05,2018-02-19 17:12:48,2018-03-06,bea868f2d5335db6ea59f0028ca47515,2018-01-19
f68550a60fc010eda8ef9a1e5cd4d651,4314121fb5cfec01588f42ef6bbb3db3,delivered,2018-04-13 16:19:20,2018-04-13 16:35:28,2018-04-18 19:02:40,2018-04-23 17:14:33,2018-05-08,7aee89d30d522a26e21dd6931bcacf98,2018-04-13
d77f1a81387ccc7a918fed8c5fc8815c,7998996c8d5a845c7980920498fcc06f,delivered,2017-10-30 21:45:44,2017-10-30 22:31:35,2017-11-01 18:03:12,2017-11-07 20:38:30,2017-11-13,9290136e0f30582d37e02b69f7dddc0f,2017-10-30
5f0b0782790ceb15a39a61c73e13df9b,fa7f8570497a9887509dbdafa8a9513e,delivered,2017-08-22 07:59:33,2017-08-23 02:51:14,2017-08-23 19:46:37,2017-08-24 19:28:45,2017-09-04,521effe432b061eb3826b269917d5399,2017-08-22
eb9b354f1582c2c24333dc1eb187f47a,65da9d8be4d5288e06f7836851e93a6a,delivered,2017-12-09 08:16:28,2017-12-12 03:58:27,2017-12-14 22:18:21,2018-01-05 16:53:16,2018-01-11,adae96b4cfafddaeece146f00ab272a9,2017-12-09
2aec6692fda08fb7a050a161ea7eb59c,f6990f08f8262f1a0a9db4839fdd4109,delivered,2017-09-30 10:33:14,2017-09-30 10:50:58,2017-10-02 18:10:10,2017-10-06 00:53:56,2017-10-25,bbd9055963c1d7ed19a03ace1db72f96,2017-09-30
1aa7e7505275a3ce08be4b00f1d7a16d,b72e9c313a07ab5d332768583ba38a3b,delivered,2018-08-13 00:54:57,2018-08-13 01:05:10,2018-08-13 11:23:00,2018-08-17 18:45:46,2018-08-28,52e335528951c1f8c0bf689e07e84ea7,2018-08-13
66b5056a7febb8679fd88a5b42d59b05,efacfd34542547c82d99fb77d0f545cf,delivered,2017-11-09 19:30:59,2017-11-09 19:50:44,2017-11-14 22:11:40,2017-11-24 00:02:26,2017-12-05,218c877e8acfdd719e9201f40e0f7d6a,2017-11-09
ca8909b3f3d130ce4d68392541e91800,031124e0ea15f7bc530757fef9d35da5,delivered,2018-04-15 20:35:56,2018-04-15 20:51:52,2018-04-30 15:35:00,2018-05-02 15:41:49,2018-05-07,76ec82705e56eacde61e1102fc6d2455,2018-04-15
57963763b600cf44a5b4c9da5fb4c3f7,dab78ef6a96537debc922fc35be7aeda,delivered,2017-03-24 21:17:29,2017-03-24 21:25:08,2017-03-29 12:49:46,2017-04-03 14:57:39,2017-04-25,334b793e6537d5808cde171d8a09fc59,2017-03-24
431b44bec24dab56f23207e21a689082,fdcabf61d131aed008b2c4e33db30b70,delivered,2017-10-24 16:11:30,2017-10-24 16:41:53,2017-10-25 18:37:52,2017-10-26 20:19:57,2017-11-06,b325ea795151aaaebeebacbf6ac97289,2017-10-24
bc01a8209b5f19c81653540c57ca921e,a79fedb5972ba433980364647953bc9f,delivered,2017-11-14 20:54:21,2017-11-17 04:06:45,2017-11-24 23:38:53,2017-12-08 15:19:15,2017-12-11,56d66b54e3a3549a1865d46cd0ec16e2,2017-11-14
dbc476d2e6faedcc009ae94aa8c2f8f7,aecdc01ab5f129db72329f6f246abb3b,delivered,2017-05-25 15:15:29,2017-05-25 15:25:08,2017-05-26 10:07:03,2017-06-02 15:38:12,2017-06-21,b0f8dad6d4de1b5bb0de84cf969aab82,2017-05-25
044406a115a855072a8e79d38f028a80,c2fd07c064da726f771496f47be85d7f,delivered,2017-08-01 11:04:50,2017-08-02 03:04:31,2017-08-03 15:13:21,2017-08-10 17:34:49,2017-08-28,786ed6a6d920a0145c8411715ddbfd1e,2017-08-01
342425791003b2c3f04c6520885cbe82,251c3ac01400662353068f216a7293ee,delivered,2017-09-15 21:36:09,2017-09-15 21:45:14,2017-09-19 15:14:00,2017-10-03 17:57:47,2017-10-16,d20bd35339cadca00897f35a516b3941,2017-09-15
55898410e4c5e6aff68607cf55c05847,100a381a981220d884746d5585c4979c,delivered,2018-01-04 10:16:03,2018-01-04 10:28:36,2018-01-05 19:06:21,2018-01-08 22:56:36,2018-01-22,e325e139452a1ca05f5a33acedd7d94f,2018-01-04
9bbd8492ba2666b178725e2bfc1a8349,83d502e64b7cdcd4c495052a72ff6d20,delivered,2018-02-19 08:59:21,2018-02-19 09:15:28,2018-02-19 21:37:10,2018-03-09 14:45:28,2018-03-19,2d994e8434a8d72b6e694df52fd6721c,2018-02-19
afcfdb7d1228a7f2886408f63eaa2647,f6385b51dd6e272f4e13d4767de47ca7,delivered,2017-10-21 13:42:49,2017-10-21 13:56:17,2017-10-24 19:59:59,2017-10-26 12:49:53,2017-11-03,99f2916465c2536fc37f304e3eec684c,2017-10-21
c5ab3856ffd5ca3db23754e60db70cf2,016287d04d40c3c1c9625588b9fe4602,delivered,2017-08-15 17:28:20,2017-08-15 18:55:15,2017-08-16 19:27:54,2017-08-17 17:52:02,2017-08-28,08fa6e593b2779c2d3a8de886efc5d9b,2017-08-15
f94344586ac6663aabd08cbb1381e347,8ff02d450ba93882e5d0277f2fdc8727,delivered,2018-04-20 20:14:26,2018-04-24 18:37:31,2018-04-25 14:47:00,2018-05-02 20:52:14,2018-05-21,e58043c5746b4d123edd5fe77ef48696,2018-04-20
642c50cb8d316db5333548a2c0fde4c6,ed651737e2a85a653a4dc3a2dc2689e3,delivered,2018-06-29 00:34:12,2018-06-30 02:52:21,2018-07-02 12:47:00,2018-07-06 17:47:25,2018-07-24,dc1baecc788dfb33fe3a72738b605002,2018-06-29
7db778f8eb61d8961d57f8437eb9f68d,da1302d81b053019f172bb07928ebeca,delivered,2017-12-15 16:39:14,2017-12-19 09:57:07,2017-12-20 17:17:12,2017-12-27 18:15:51,2018-01-17,6d044c6e410e6cccbace86e1a291c94e,2017-12-15
1bd14d9418bc4bd605521c1afad99926,b5a7d50f6d78381d8096b3c3ec58f5e8,delivered,2018-08-11 19:39:37,2018-08-11 19:55:17,2018-08-13 15:21:00,2018-08-17 21:14:40,2018-08-23,2725531e4aec6effc440079bf702027e,2018-08-11
058ac520863d0c0d57e3cf920de368d4,002b24cb2cd0c3e575040dbd278885e3,delivered,2018-05-21 23:17:32,2018-05-22 02:56:24,2018-05-23 14:51:00,2018-06-05 14:06:37,2018-06-08,f422964d43fc7ecdc3e51443af0705f9,2018-05-21
4750713fdb6d170de81aa2c130a28887,13c475ce9e903abde667dce845003c11,delivered,2017-12-07 20:06:56,2017-12-07 20:17:26,2017-12-08 17:56:54,2017-12-18 23:12:27,2018-01-02,aec7b695ffa03580f72534077d5b26d5,2017-12-07
ef6a08eb361817fe2908f1553b5d00f1,d8550cf18fadc5a48406fade5a1b556a,delivered,2018-05-02 08:59:16,2018-05-02 09:14:57,2018-05-02 15:06:00,2018-05-03 19:51:56,2018-05-16,99d909bacd88dc7a0298d3256ff13716,2018-05-02
4c867c2aac81653679eff07e922441a0,8ffe52ac7d480a27180338e697eec534,delivered,2018-08-28 22:51:54,2018-08-28 23:05:10,2018-08-29 12:46:00,2018-08-31 02:03:50,2018-08-31,36a5c01d940c382346247b3e6c485c2d,2018-08-28
ee7f3ec19dc1fa90d0ee6316dffbfab9,069cc8646fca6d760e049d8a4bc0c334,delivered,2017-09-21 21:50:37,2017-09-21 22:46:53,2017-09-22 19:16:57,2017-09-26 21:05:37,2017-10-13,c7a1aad0a8d345d73a52343e36daa6e9,2017-09-21
e57050216cdcbc40e35c8f5667f7806e,5c39546ec48df2747323d3356a6c4720,delivered,2018-07-19 21:25:31,2018-07-19 21:35:17,2018-07-20 14:59:00,2018-07-31 22:51:35,2018-08-06,a5048a786b49d3222af059e7ee925efd,2018-07-19
5d5b6b66aff814c78983f7f220014db9,32280a7cfdc367286166cb31eb81b8b6,delivered,2018-02-05 00:46:08,2018-02-05 01:50:17,2018-02-05 23:17:24,2018-02-09 01:24:48,2018-03-05,ef910b013d196e74f53e4d93f328ace8,2018-02-05
ab537f9c58a21747d30d02a43d2763a7,1740021b72f00232653463652baa37a6,delivered,2018-02-06 13:19:49,2018-02-07 13:15:40,2018-02-07 22:27:51,2018-02-10 16:22:54,2018-03-02,43a0df0e2b2cdc93c8a0d6c5c453016d,2018-02-06
34d5a7f77e0207e1ff6a91a51aafaa43,c353461901b42aac7fd9fa38acff8885,delivered,2017-07-24 09:54:54,2017-07-24 10:05:29,2017-07-26 14:15:42,2017-08-04 22:26:43,2017-08-21,b208e94a9ac019914ea8e5ed6e6dd482,2017-07-24
5fbe060397f6628f649ee4007f133ac2,0c61c4ef63f4af3d1947ae372c5eb9c7,delivered,2018-03-02 07:37:37,2018-03-03 07:30:30,2018-03-03 15:46:44,2018-03-13 20:12:51,2018-04-02,68dc7a89f87830c6261e314dfed6faef,2018-03-02
cf96b38269fbc8916e7a53ad9011f42d,03c42b210f1e9fe31f69458ffb08eb2a,delivered,2018-03-31 10:12:37,2018-04-03 05:28:24,2018-04-05 00:27:22,2018-04-06 23:48:39,2018-04-12,99943365e96b3789803fdf561bba475a,2018-03-31
4b831e2d8329f605574def6a9e47d65f,2d8fb851ae0bb19c4ffedc1939b9559f,delivered,2018-04-01 20:17:21,2018-04-01 20:30:13,2018-04-02 19:28:56,2018-04-16 21:24:39,2018-05-04,da4ea1f9cbd08194b42f2f8278b16225,2018-04-01
b2021666ceaca22d815303aa71138966,50625571ef87a454e6251ecbf795ca93,delivered,2017-09-05 13:32:50,2017-09-05 13:50:11,2017-09-06 12:04:47,2017-09-14 17:47:45,2017-09-29,76964a7acc0d75365b88d283c241d133,2017-09-05
7da502f694a6d35d21b05492a9a315c6,6621c2be563f141fe46a3c6bfe501fa2,delivered,2018-07-22 12:30:59,2018-07-24 11:32:46,2018-07-24 15:51:00,2018-08-02 11:46:56,2018-08-16,ca742fc494077171e8b0235037eb9a66,2018-07-22
18a8bb432be9ac26b2115d500adf86bc,0c0bf0fde3d95689bc2241cf6d107032,delivered,2018-03-06 16:26:24,2018-03-08 02:35:37,2018-03-20 00:16:25,2018-03-28 19:42:43,2018-04-10,e27a73a5d870af369e93eac58482ebba,2018-03-06
0f30693cac68f8597594c35a1dc38a8e,9a667cf2c1f4d414eb5f05d55c22318f,delivered,2018-02-26 20:54:20,2018-02-26 21:09:09,2018-03-12 18:32:43,2018-03-30 00:11:00,2018-03-20,421e215a5b132d4d1ea0372741aeca73,2018-02-26
d619e17315e239a94dd71fc0e714b79d,a57274dcdb6fc292e2782a69fad35a01,delivered,2018-01-23 16:59:13,2018-01-24 02:34:57,2018-01-24 18:14:38,2018-02-23 19:57:08,2018-02-23,c104009c0cb0c348e886865772343ca5,2018-01-23
8fb4d17d3419dda57ca57e6a230152c7,08d04bb6463edf9dfe9d9ec2f066614c,delivered,2018-04-17 11:32:18,2018-04-17 12:30:19,2018-04-18 19:05:55,2018-04-19 19:08:40,2018-05-08,bfa362dad130e3c077e0008686b4f86e,2018-04-17
f59496f70e2c30c7d588903a7df7a768,d8b1f1df6bc9c29173bf319673ce6d09,delivered,2018-06-14 14:05:59,2018-06-14 14:22:40,2018-06-15 12:18:00,2018-06-25 12:51:42,2018-07-26,6ec6389f7995e967419e6932ce93649b,2018-06-14
23aeda90fa835596b6acd5fcaa2c3e7a,87631e4dd3b9c082baaac651b7bba893,delivered,2017-09-22 13:32:43,2017-09-22 14:35:09,2017-09-25 20:35:51,2017-10-12 16:04:28,2017-10-19,632f5954f9f91dcb773013397391bd91,2017-09-22
67c7a158005be379a21f733483dd43f2,d318ba1e45a1572fd96f36a09afcd6e6,delivered,2017-08-20 11:40:21,2017-08-22 04:32:15,2017-08-28 21:00:00,2017-08-31 23:08:37,2017-09-11,525ab305e3cec680cdfdf1eec779697d,2017-08-20
b293f468141dc24b16033560c8d008a6,ea90850946c0158ed02d4e895ed38ece,delivered,2017-09-23 16:29:38,2017-09-25 18:15:15,2017-09-26 20:52:21,2017-09-29 16:22:26,2017-10-25,825f7c168294302e603257cd31e7c593,2017-09-23
e68631ba647225f307d0fa392cc1fa13,3090a5486278c5bed3dec2bb7bed04a8,delivered,2017-08-01 19:11:35,2017-08-02 02:50:16,2017-08-04 14:57:50,2017-08-09 17:27:46,2017-08-23,41f1f3ec3fc4d082af18a6e3e15813c4,2017-08-01
7eb3066f65031745ac998c508b7ae614,816158478235fe7cc485d5ef205cb37c,delivered,2018-04-16 08:24:23,2018-04-16 08:51:12,2018-04-16 23:07:01,2018-04-30 19:36:29,2018-05-07,e34599769145c8be698ad4a6a561cdd2,2018-04-16
6ed366eb7c955fb0dae9c4932d9188c0,d1717fd7ea9309b0662f07b3b388b607,delivered,2018-07-23 10:14:46,2018-07-23 13:40:30,2018-07-23 15:39:00,2018-07-25 20:54:26,2018-08-03,438e6e0156d8d5c162459fc9c10f2619,2018-07-23
885ae5d5896b9a5f3bd2a626876ace12,b9c89128e72b43ac939802d32ad5c1cf,delivered,2018-07-05 13:46:13,2018-07-06 02:51:06,2018-07-31 13:00:00,2018-08-07 19:28:50,2018-07-27,e29331502ebc091c40e762683a107283,2018-07-05
620b0acb9258b51defbc51804c5298d5,9012f48ac2c416c82819101da4e4b75e,canceled,2016-10-04 11:44:01,2016-10-05 08:45:09,,,2016-12-06,89ff26f9d000b4a6d0f6e8c513f1cf08,2016-10-04
a6cc4d40b53f7e99ea8ba03cd33ae60b,3054e9226cf13ac6a363cd693d9fbfb6,delivered,2018-04-25 16:49:57,2018-04-25 17:15:29,2018-04-26 13:45:00,2018-05-02 20:52:41,2018-05-17,8eea446bbfa384e425aa5165d578755f,2018-04-25
0bff3ac704b2ab4cdb69873f3f551ce1,1aba9d2a7b717187271edc2f163c1d89,delivered,2018-04-09 17:55:42,2018-04-09 18:10:25,2018-04-11 16:14:36,2018-04-24 22:48:50,2018-05-07,caccd68dd4f7eb6c51f70c91ae9d7dc1,2018-04-09
21d33068d3dfe0561f1b60cc9be732e8,0e0d18a70d896c2a08f19fd48891dc48,shipped,2018-04-27 22:18:11,2018-04-27 22:35:14,2018-04-30 14:32:00,,2018-05-28,306ebd7ee37d61923dc568afbca56d0c,2018-04-27
7a883816859109cf747fc1c602c359f6,3a40a64d7f436e75094aaed82fa082de,delivered,2018-03-10 14:26:46,2018-03-13 03:50:38,2018-03-14 00:34:48,2018-03-15 18:33:43,2018-04-04,cedfec6b6307b8f10649aed4ca246644,2018-03-10
f0c1fadfe3832d32c7a44b37530c9e2c,89ac41e89828b6d6a8297c56ac839e05,delivered,2018-07-31 11:47:48,2018-08-02 05:05:09,2018-08-02 19:03:00,2018-08-03 23:12:05,2018-08-13,12cfa0ff9a9a4d0db40cbaa297c42760,2018-07-31
c37d452db8a3abfa3d99c322e92ef0ef,99de4444dbc09f097afa14d4ac4ae448,delivered,2017-01-26 15:50:03,2017-01-26 16:02:00,2017-01-31 15:31:05,2017-02-03 17:05:57,2017-03-06,e028094e844981adaf6de76e17d60351,2017-01-26
21515908d570049ddc9f08416524b09b,464a509b96c6a731375959826acf53da,delivered,2017-11-24 02:14:10,2017-11-24 02:29:44,2017-11-29 00:14:42,2017-12-11 17:58:45,2017-12-18,a2f93f1c0439b6e418c70a7a4f5e1cdc,2017-11-24
62a303159c09b65c288433ea06a99600,9e48a9b3a63506370fe66557f3e21f95,delivered,2018-04-09 20:01:44,2018-04-09 20:10:40,2018-04-10 23:54:40,2018-05-15 15:37:29,2018-05-04,76d91370df3ad38269e22a53edfa6f8a,2018-04-09
9f5054bd9a3c71702aa0917a7da29193,cb87122c4871e202777cf243fbea2d12,delivered,2017-10-05 09:13:21,2017-10-06 02:14:23,2017-10-09 19:22:42,2017-10-16 21:07:36,2017-11-09,93bc212addb25a5f5139fded3c2ee6b3,2017-10-05
81323de20fc0eae4b399b3ac667b87d4,6ff08b63fb563391aa26bb935501c19b,delivered,2018-01-30 14:42:31,2018-01-30 15:10:55,2018-02-02 02:32:18,2018-02-19 20:35:20,2018-03-01,022b5f96c507ad0530bb7c5a29d00a7d,2018-01-30
363ef87a97dcef74ca5b91ca4a415f3c,7c96fae5e749fc0e54a2e57dccdd2aa9,delivered,2017-11-28 19:31:25,2017-11-30 14:58:30,2017-12-01 18:43:24,2017-12-16 09:55:48,2017-12-12,8244a208606e3ae694173af499a6773b,2017-11-28
ebbd8a1c6cbbef1b5779a09e29ee122c,380387dd5f07e2d366041fd4fb85958d,delivered,2018-03-29 11:46:43,2018-03-29 12:09:01,2018-03-30 00:38:48,2018-04-19 18:38:38,2018-04-24,dedf12e87dac230e55395a96e466196f,2018-03-29
d5a09a21303952be950aa3cdf58104b7,9e46cd038b5901d785b0f1c080cd3f22,delivered,2018-05-04 17:33:18,2018-05-04 17:50:44,2018-05-08 13:38:00,2018-05-15 01:46:36,2018-05-29,fd517a1133b6ba3fa86859e6f11731de,2018-05-04
b19b043b39624f9f3c32b26aed8bedf1,4eec78743d83caef716a0c3d16bfa843,delivered,2018-04-06 16:39:56,2018-04-06 16:50:26,2018-04-09 23:38:39,2018-04-18 15:58:32,2018-04-30,d3cd4bb57e5aa42febcf471d532ee1d9,2018-04-06
1a6a61fc8a3caaa9599b17984f3f35bc,72108dc3b6db1e78f3d9dd7b7b95266d,delivered,2017-03-07 18:28:16,2017-03-07 18:42:35,2017-03-24 08:37:39,2017-03-30 14:58:04,2017-04-19,f7ba21d6b0af7a0cb8f9291a1d8e81a3,2017-03-07
8176e7870727634d66d2d127cb4dc27a,0980fbc9da406c4230f108f80b3578da,delivered,2018-01-21 16:46:26,2018-01-22 13:53:52,2018-01-25 00:25:56,2018-01-30 21:18:55,2018-02-15,be37a8ab84208f85f02e8dbad249f749,2018-01-21
6f295b89fc3e13345e3d9748140bfec7,f775aeb6ab62c3044f1f717dbdca6923,delivered,2017-06-05 02:09:00,2017-06-05 02:22:04,2017-06-06 12:56:22,2017-06-16 13:22:08,2017-06-28,c18e9bc6105e23984e0beed4b3dfda3f,2017-06-05
7d20c79f25c64f2c7feca12d01677c8e,abeff1410fcd658ea605208ba4ffb9ea,delivered,2018-06-28 00:15:02,2018-06-28 01:11:26,2018-07-03 04:29:00,2018-07-12 14:54:22,2018-08-06,edbc2c563c362f512885b9638445891c,2018-06-28
2385d136c16c57565bf3b41bc45e6551,30fa622c8d7ae7a8ae0be8c425350fc5,delivered,2018-06-25 20:34:54,2018-06-25 20:57:45,2018-06-28 11:06:00,2018-06-29 19:18:38,2018-07-11,5afbeb166c714c40b07531d39c67164c,2018-06-25
eb1a3c0954dacb5159740856bd53a3ec,8bb32f7f243ae653409d4aaf8aa66afd,delivered,2017-09-28 14:15:05,2017-09-28 14:28:18,2017-10-02 14:22:54,2017-10-13 21:03:51,2017-10-23,970bcb181a9694a0fb46b33fbe0b3986,2017-09-28
ecbc00952c2d863b377c63a529282c5e,51775bbd39b922160a84caa55f2190c6,delivered,2018-04-13 17:51:37,2018-04-13 18:11:42,2018-04-16 22:08:23,2018-05-11 16:56:54,2018-05-22,5038908495a860fe8f2dddc9ea5f7252,2018-04-13
e1ffdd8e1b12edd5af26c00ed9320af0,70ae459bc3be4052dd5de533ade087f3,delivered,2018-02-06 10:35:15,2018-02-06 11:11:50,2018-02-08 19:07:22,2018-02-20 00:22:16,2018-03-07,62b5b2292036ef438f964fc4bcc35128,2018-02-06
2735532a26f2d78fdc1dbe9467e0d8b1,e08758d04afb8f1a1b0005b478bf884e,delivered,2017-12-17 20:03:25,2017-12-19 09:51:12,2017-12-19 21:18:29,2018-01-04 00:39:07,2018-01-12,bcce6472b1b020e4ac648e74c111c6bf,2017-12-17
00f2a3509bd600bd1a06a48353788d93,37dafcdee86df7843f93d4b4d5325dde,delivered,2018-02-25 12:08:45,2018-02-25 12:29:23,2018-02-28 15:34:52,2018-03-01 16:58:54,2018-03-26,282586b515f07460bafc6bd7eae5359b,2018-02-25
d6c0ec2e67adc2163605b7c0eafe3e1c,62050266c1b57e15689a248e81f05ee5,delivered,2017-12-03 18:16:43,2017-12-05 04:15:52,2017-12-06 13:14:46,2017-12-21 17:48:30,2018-01-03,128498d867a54913fd7d7fc9bcde6cee,2017-12-03
886ddb536ba82bd61a9d3ddbf5d0e73d,332d12b9a5ece1b7e661271928d232ca,delivered,2017-09-05 18:21:26,2017-09-05 18:35:13,2017-09-08 16:55:56,2017-09-14 16:44:02,2017-09-22,da582579db9a13a67362c4b89069fb18,2017-09-05
99687fd750781ecf475d632c33a533ee,30641a4862b6f5885e2f9d8e14b03809,delivered,2018-02-10 00:01:06,2018-02-10 00:15:37,2018-02-17 00:15:51,2018-03-06 16:22:22,2018-03-09,970d5a05f1dd6679c374db78c839733c,2018-02-10
05cd5649410dd46b0467669ff19e294b,c87368f0131696c39951652dad18ff37,delivered,2018-03-03 18:35:13,2018-03-03 18:48:31,2018-03-05 18:08:48,2018-03-19 13:13:44,2018-04-10,0f943ddad69361eafb2a72fadebd86ec,2018-03-03
201797d3f567dc70cc5732ecf055e346,bbc8c12f7afeba03337723117f0a6f3e,delivered,2018-03-18 18:39:19,2018-03-19 18:35:34,2018-03-20 22:51:45,2018-03-27 16:42:16,2018-04-12,254f01c0c4853e5c23a801f29069f932,2018-03-18
9d055ecc79e567092196d9511b113990,b447b0271e72aa2ac63d5e051cbcf28f,delivered,2018-04-22 21:27:22,2018-04-24 17:41:32,2018-04-26 12:25:00,2018-04-30 23:12:28,2018-05-17,3c207195d2a3e4f5032c65447ffac19f,2018-04-22
ffa9a3142ddd51af248e648db27c647f,98a7010106c2e416c6311ce939553453,delivered,2017-11-24 16:42:12,2017-11-24 20:32:47,2017-11-28 21:58:55,2017-12-12 19:04:28,2017-12-21,f06a1ab06893b6c407e57dde5b62fd39,2017-11-24
bff04363f492d6a9314326851a1e4991,3d245e1794d041af9c15d9e8933be45a,delivered,2017-12-09 07:46:57,2017-12-12 04:09:55,2017-12-13 02:23:13,2017-12-15 21:48:38,2017-12-29,249752dac15d9302f0b43aa25b261c64,2017-12-09
7611315a76580a81e6f86cd62f4ad994,012b69962ffef2be728865fe6a90359c,delivered,2018-02-05 10:10:23,2018-02-05 10:32:04,2018-02-08 23:19:07,2018-03-06 20:18:50,2018-03-13,86b0aa3acd7e8f7427c8915780f5cd27,2018-02-05
38ab7ca6747531f5173881e11be23b74,419066fc49b7dbe8e8c97ffdaf7a227b,delivered,2018-03-16 13:08:02,2018-03-16 13:16:09,2018-04-12 01:26:37,2018-04-16 15:24:24,2018-04-04,099a607d7944ba260284ecd2cf3ba23d,2018-03-16
3ef28988ea616750c5ac6a0058814056,aa57e2ac661dae06e72fd085abc4b249,delivered,2017-08-14 20:46:10,2017-08-14 21:30:13,2017-08-15 16:19:56,2017-08-28 20:16:58,2017-09-18,bb9de7a757d93065939c7da2a3cd8ce4,2017-08-14
cfeb6fba6506bc759791eafbf3acb0c7,6a368a84640ffeddd3d37a46e26384ed,delivered,2017-06-30 21:32:58,2017-06-30 21:45:10,2017-07-11 20:32:27,2017-07-22 13:59:50,2017-08-04,cfd6ea17db8bbe26b8f20a13dcd550af,2017-06-30
94025de10c28a35becc4666e4d661698,b100f8f55ea9f4dd222373cc1d5ff5d3,delivered,2017-08-24 19:24:19,2017-08-25 02:50:34,2017-08-25 17:35:23,2017-08-28 13:32:51,2017-09-06,4c415fb7f61fd0cd63dfafdd6bc9396f,2017-08-24
c0d68ca2e27d53c566c02dc89021ee76,875c37aac6954f27ae519fe04562d0ec,delivered,2018-08-03 14:43:51,2018-08-03 15:23:56,2018-08-03 15:04:00,2018-08-10 03:50:46,2018-08-15,b27bb65f4dc82b2281ae2e783abdf8d3,2018-08-03
6275bca17b337da53d3df583024784de,7e85def6a9a67821728948644ea35f22,delivered,2017-05-28 19:05:43,2017-05-28 19:15:12,2017-05-29 14:00:46,2017-06-06 19:17:52,2017-06-27,4eecb6d1d9582503f26efbb7b9a42923,2017-05-28
34d79427f2177b6ab8397e13d4233a85,894993a398d2bf935b9a2c2e61c27201,delivered,2018-02-20 10:27:03,2018-02-20 10:47:25,2018-02-20 23:22:07,2018-02-22 17:28:30,2018-03-06,11f126f3e437afe2f58814397b1c3e5e,2018-02-20
833161948da9dc7becc70ebebb93ef4b,1470ea637a213181fd75f1f67921bd40,delivered,2017-10-26 13:20:26,2017-10-26 13:35:22,2017-10-30 15:37:32,2017-11-03 18:32:00,2017-11-17,bfd87e5c567d5b53600cd4645b56a316,2017-10-26
1f440e230578d73badf5afd8bb78c632,1233914219140e9e67169768bf6ee593,delivered,2017-08-31 18:25:55,2017-08-31 18:35:22,2017-09-01 20:26:03,2017-09-08 15:23:07,2017-09-20,3de43e16883dec171c5a142367cdfa03,2017-08-31
b740bd4096a75c3d97e686dee682607d,4be0673ac019fce3d0cc595272fa9850,delivered,2017-10-31 21:29:04,2017-10-31 21:50:15,2017-11-01 14:55:43,2017-11-06 22:49:27,2017-11-28,4e8a8a7ae3d820b060718c815d2ebcdb,2017-10-31
c8dee79811750611b390fe9501b1c543,a45c587035f04bb1a2534cc22a987655,delivered,2017-02-08 19:45:22,2017-02-08 21:55:15,2017-02-09 10:52:15,2017-02-21 10:38:49,2017-03-21,c5de5fafe22ef9984f1c1b66834a7427,2017-02-08
665739753f7fecfe16152f5be05500df,157c616c2111806bcef7d9a22b17a4c5,delivered,2018-04-09 10:18:39,2018-04-09 10:30:35,2018-04-14 01:52:35,2018-04-16 16:18:37,2018-04-23,8170c6e6d010d22195bcd959f5de1ea5,2018-04-09
648dc66e76b48403fbe92b924982a8a7,381453d9d27041020ea9f7dbb9ecbcca,delivered,2017-05-18 10:25:56,2017-05-18 10:35:17,2017-05-22 14:24:56,2017-05-25 09:52:30,2017-06-09,b2f6d1a1efef637d37b0654fdb259716,2017-05-18
70042449ba33e3a52dc0e16654257234,a611f7383e36129c6c7126899126d0a5,delivered,2018-02-22 16:25:21,2018-02-24 02:55:27,2018-02-27 23:53:52,2018-03-06 20:15:11,2018-03-15,7b402e1967fdd86d72fce36f53f6be7f,2018-02-22
7262ed3f8bffae5e3c8b15638ae38f58,8f25e3d0881a4a8ec6d6f05380230741,delivered,2017-11-23 12:53:47,2017-11-25 03:36:32,2017-11-27 17:22:06,2017-12-08 20:17:01,2017-12-20,417c106d1cfb829444065690c70a3465,2017-11-23
b1d94cc304c782edf6cef462ee68c90c,e4ea31172318c9dc47684e1d3e0e5fcb,delivered,2017-09-12 19:47:23,2017-09-13 19:44:05,2017-09-14 20:43:36,2017-10-17 20:57:33,2017-10-10,1e676975f5d02c11f260ab411f889462,2017-09-12
939d9e122aaa16bc3792f827d94aa25f,f04737dd8402bedda40458aa14aca131,delivered,2017-11-03 15:00:55,2017-11-04 04:45:55,2017-11-10 22:18:59,2017-11-16 11:58:58,2017-12-05,5e7643b562ec10d77a4de5dfc2a5d18c,2017-11-03
3944367288e7bcdbf7c948a4076d0fc8,36d7d2e65db0c8b99fe779122d6a2b57,delivered,2017-07-23 00:06:00,2017-07-23 00:15:16,2017-07-24 19:27:38,2017-08-03 11:29:36,2017-08-17,743b41f676c567a95f113207dc0379be,2017-07-23
bd1d2815016a0d22c926101c1c99d140,d520089f0783d83ef336bd06aa8923f9,delivered,2017-08-24 20:39:03,2017-08-26 02:16:19,2017-08-28 16:56:30,2017-09-06 14:39:59,2017-09-26,37e9028e0245dc5f5f55f11ba2483760,2017-08-24
2df6cb09f0e8e22d0a5a5821ea65556c,1e1cd2b9f6e858d7e193700a47302cad,delivered,2018-07-05 00:35:45,2018-07-06 03:11:17,2018-07-06 11:34:00,2018-07-12 17:51:18,2018-08-01,e2296f1411e9227cf190016c46a52fa6,2018-07-05
1b0bc119ea5ac37e73e2275afc7904ee,75e945badd2a39af63ee8c8b05af8fb3,delivered,2018-08-14 14:19:51,2018-08-14 14:30:22,2018-08-21 11:53:00,2018-08-23 03:24:50,2018-08-23,34cd0f2f38a66796cfbc8a33ece7448c,2018-08-14
62b2ed9f26108431f257836ea0139fd2,e0c1d85e27b4f7327c1e7ea449afe602,delivered,2017-05-22 18:07:53,2017-05-22 18:22:43,2017-05-26 12:53:32,2017-05-30 10:47:06,2017-06-20,aca735efe5db1358d0d51b746e85fb8b,2017-05-22
eafa7bec49243b47c23e9bdf98096f62,e52f81b8d0a4cfd33af7ea579e68316d,delivered,2017-11-21 18:25:45,2017-11-22 18:29:25,2017-11-23 19:03:02,2017-12-15 01:41:55,2017-12-12,e5e9da3a61436d34efc3250a52495330,2017-11-21
2f8a0fdae3cce1713cab2298e46c534b,45bb79e1c7ba4272e3823681573203f3,delivered,2018-06-15 10:29:59,2018-06-15 10:57:37,2018-06-18 11:00:00,2018-07-02 21:41:50,2018-07-19,ef33994d3fdb3bc4eadda9ee988ce412,2018-06-15
64c7d8f00d1087192f1615e32b1ae862,654e64ce6fd0c168890acea138c3ed8b,delivered,2017-05-17 04:26:46,2017-05-18 04:35:11,2017-05-18 09:08:43,2017-05-29 09:42:45,2017-06-26,f11821d908830e74ad782532ebed897a,2017-05-17
10182342fa0f202363ba83f9a4fad999,63d366de705b6075a69be7990aab1f42,delivered,2018-01-04 22:20:44,2018-01-04 22:33:02,2018-01-09 14:49:08,2018-01-13 01:16:14,2018-01-29,bd4921913ad497847f113328a746efcf,2018-01-04
f3ec304ba495d76a8dac93719dab77bb,9e4b7f5c3438f529cd165ff6dc63eb47,delivered,2017-04-04 23:09:02,2017-04-04 23:22:44,2017-04-05 14:28:50,2017-04-12 18:50:13,2017-04-26,c0382f84272f917845aa74394d91ccbd,2017-04-04
25bfb1b5d3a09e494eeea67d570cdcf2,9c78e560f118b228c2af50f2b5ea547e,delivered,2018-02-19 14:57:35,2018-02-20 07:11:03,2018-02-21 20:17:03,2018-03-05 21:22:27,2018-03-09,90f440a97b96da82c6fcfcf85983eb8b,2018-02-19
0d9b3b609f29c14a165ceb95c0ab91fe,6a75a813284e115076bfe8ca75562722,delivered,2017-05-10 19:09:02,2017-05-10 19:22:25,2017-05-11 09:00:37,2017-05-19 22:37:44,2017-05-26,d0b3a9a30abd9d7a3830a903e7ceae67,2017-05-10
8007ea147c63f8912e750ada3665086d,b4b518d9d26948512124bf30d3df9c7f,delivered,2018-04-23 10:59:50,2018-04-24 18:42:05,2018-04-24 16:08:34,2018-04-27 18:02:19,2018-05-16,bf794f8fd4060d995e7219ba0d75ac93,2018-04-23
8a4df9820e049472302bf6362daecb8b,87f51a0f934f82e81d8680ef1afeaf48,delivered,2017-08-07 12:28:44,2017-08-07 13:03:05,2017-08-10 16:42:51,2017-08-11 20:16:50,2017-08-22,89b88dc458d3997426620f99dd79c9c9,2017-08-07
77959eeab7515802d0b17bd97ca522b7,5964bb3f7c1627da0fb95809a3bec326,delivered,2017-07-06 16:18:01,2017-07-06 16:30:23,2017-07-10 18:46:24,2017-07-21 19:25:39,2017-08-21,f1378e1366318ecbd44ba46b5f025f5e,2017-07-06
c27c63dce1eb68e4b7bfd81611ad050c,0487babaee1a6d7e1aca94e4ecba5e47,delivered,2017-12-02 18:06:27,2017-12-02 18:17:48,2017-12-06 14:52:33,2017-12-19 15:47:07,2017-12-29,13e58e8be993cad079d11118950e9af8,2017-12-02
ae38baf8e79e71e5e32c236c9224109d,7c787b7e9001aa71d53fa9744e636604,delivered,2018-05-18 08:12:01,2018-05-18 08:36:40,2018-05-18 14:05:00,2018-06-06 13:48:52,2018-06-12,6603a86e401cf688d9dfeb155913ee16,2018-05-18
9d7a96279b14559afb68ea97f4767f33,6ead771fa151a566436c30ca97f90644,delivered,2017-05-11 08:39:53,2017-05-11 08:50:09,2017-05-11 13:56:27,2017-05-19 08:51:39,2017-06-12,c536f6076a522ee8ef654e5ba09a19a4,2017-05-11
b1efc100a3d0cb3de9c19987bff4766f,61c5d2e59d6e4a7c3e376265775092a2,delivered,2018-07-28 17:11:52,2018-07-29 17:10:18,2018-07-30 10:39:00,2018-08-07 21:28:25,2018-08-14,82e3f0d7b2c48afd0fba624437a47b86,2018-07-28
af7558c4c999c1d5de328e39a9ff53f3,ec63c72c4312c3231197b90bfc91ba79,delivered,2017-05-17 21:04:28,2017-05-17 21:15:17,2017-05-18 13:45:17,2017-06-01 16:07:57,2017-06-19,af18cc21e4400b700d7b7799880bb8fe,2017-05-17
0cb2239ee3c4947fce4ab10c1742fe67,9cc2c1fada1c57d908696c42d75e0283,delivered,2018-06-01 11:48:54,2018-06-01 12:11:37,2018-06-04 17:03:00,2018-06-06 20:37:41,2018-07-04,0ce5aea106c765c0d7baa950fa29544b,2018-06-01
427c7d6439a9eaffedb26448ab1fcea3,c434874e5533109f13c858cfa6831d65,delivered,2018-05-09 00:11:51,2018-05-10 00:14:03,2018-05-10 14:54:00,2018-05-15 17:24:36,2018-06-18,5f983e54304a8ee61fbdfba8a79c7840,2018-05-09
ecd6c4b673e81e3ba899f65b2135ce70,aff59e4810efb674d1efc783f003a25e,delivered,2017-08-17 19:49:28,2017-08-17 20:25:21,2017-08-22 15:55:19,2017-08-25 19:02:45,2017-08-30,22843e20c0f3db36fd1128f134b707f0,2017-08-17
a5016f72057fe780772bd4c88fa95951,05d6b909009e98a4cb2330bc6a4651ef,delivered,2018-05-29 11:33:14,2018-05-30 02:32:19,2018-05-30 14:26:00,2018-06-03 12:02:26,2018-06-29,7cb9411031a91c7046dced0d11364690,2018-05-29
037a9cf279c376ab222c9d27be892513,6f113a5510dd5bffba3fc6b0dd006de2,unavailable,2017-11-06 13:04:40,2017-11-08 08:15:33,,,2017-12-06,48a5a17d697d2da4735f51e37dfbdc50,2017-11-06
046cb513a5ed6d4f7506af8f88636609,14ed9dcdbbcf33c3e561dfdd374373d8,delivered,2018-06-24 23:13:35,2018-06-24 23:34:10,2018-06-25 14:44:00,2018-06-28 18:42:02,2018-07-11,88613309c9c1df2902d6778360d5f1d9,2018-06-24
a2f9ff7df829bc4345e5cf8b5bab2e85,a8d980404042b0e0e8c75c965f61d036,delivered,2017-11-16 22:02:40,2017-11-16 22:16:02,2017-11-17 22:48:33,2017-11-24 22:58:27,2017-12-06,f49120b9ad722f4972c5c2a601df6685,2017-11-16
f630b65d93478030e826b3a84804eb44,16187b81e2a6985dfa773e06a9f4eb8d,delivered,2018-04-16 15:17:00,2018-04-17 05:55:21,2018-04-18 22:21:19,2018-04-19 22:21:35,2018-05-03,e905fdee8264b6318b4ad90a3775c8ae,2018-04-16
6d57e677a70c56edb8978b8c68afdbb8,a5019deb4cbf976d2a46e2fe004e1e21,delivered,2017-11-29 10:01:16,2017-11-29 10:18:28,2017-11-30 01:41:43,2017-12-15 21:13:51,2018-01-03,e76c64814ea3267e0133dedcb1ad38cd,2017-11-29
b3084fd8b3860fa82232646ed2b33790,e09225b0fd84a6f06e6550b6b0b2f173,delivered,2017-02-19 07:07:30,2017-02-20 22:05:20,2017-02-21 14:25:22,2017-02-24 17:52:02,2017-03-17,9e30a4340db1e8165c0a29ba6780091a,2017-02-19
2434ed9a60fa201e6abb47734b414775,c1d7ea554a894b239ae94a0a459b0bbc,delivered,2018-01-22 15:19:25,2018-01-22 15:38:15,2018-01-23 20:29:08,2018-01-31 21:37:03,2018-02-14,5a517af207a42cf2a60b5379f30e21aa,2018-01-22
8b41e34451a7b359ebae366d22e4abd4,49d24dd7ab7122987868221504720732,delivered,2018-03-31 19:15:44,2018-03-31 19:55:20,2018-04-03 01:42:54,2018-06-08 23:18:30,2018-04-24,72fa4e66fcddd4b978987e81a00184f7,2018-03-31
8c21fe1b9ec8e9872ce5c040ee40fd3e,7f449435f005ccdf1808f0bc6e4ded34,delivered,2017-05-08 14:55:05,2017-05-08 15:05:29,2017-05-19 19:48:01,2017-05-30 16:14:59,2017-06-08,1ad20cb261e24038bc33ebaca6ddad62,2017-05-08
8145c63ff6601f1c1aa707a322a8aa99,ce8c6f8008f07e4aa7aa789897cb3e64,delivered,2017-08-01 15:37:27,2017-08-02 07:15:20,2017-08-11 16:18:00,2017-08-21 18:47:43,2017-09-04,9c79834ab7744d08eb6b0fd707549c09,2017-08-01
4699ddfefc61852827c3bc751aff6873,17296c1b3fa2a73cc61cf32378a0a042,delivered,2018-01-20 23:27:24,2018-01-23 03:39:33,2018-01-23 20:51:44,2018-01-31 22:08:52,2018-02-22,9ad4ea7335d8855261df49867b57a722,2018-01-20
2e23a32f0160b8226732e1fab87cbe59,8f28237485eb2bb177f4f1f83ff99cf8,delivered,2017-12-10 09:44:07,2017-12-12 04:09:07,2017-12-26 17:17:07,2017-12-29 15:57:10,2018-01-17,064acbd9e11224b6714ff050c761f30c,2017-12-10
c1c2ca16c60c1904fe27ba8b0f864855,e3362d99d550f0b6279c192ecae2c572,delivered,2018-05-10 14:36:44,2018-05-11 14:31:15,2018-05-15 14:46:00,2018-05-22 17:48:55,2018-05-28,81eefd7005f26001df310721b9b7af18,2018-05-10
8280bddb9636fd420fecbd96c5b0c877,e58c0ad3fe50d712626d88bef0a8f3a5,delivered,2017-10-13 15:58:32,2017-10-17 04:14:11,2017-10-18 22:23:47,2017-11-04 11:58:33,2017-11-07,613a2608945c46bcfd8eed5c9f520b77,2017-10-13
ef58bcf242133d6cfd9931ba4061e39a,e6cadf28d8957fb819d331c22b09fece,delivered,2017-07-12 15:28:19,2017-07-12 15:44:03,2017-07-13 17:52:20,2017-07-19 21:21:32,2017-08-01,b4159742c6b85f6c1958779782cc4e76,2017-07-12
39e391683a61f377780a8505120a0718,8f1b4f8718cef8f0bd5b47824495a53d,delivered,2017-04-06 06:45:56,2017-04-07 03:15:32,2017-04-11 11:26:38,2017-05-03 14:47:33,2017-05-09,c263033b0042821b6e3f1684d27ec734,2017-04-06
c51dcdd98e1c413f3d394ffcb4656ed1,555c1dc901d3cae90a9d452d888865c5,delivered,2018-08-19 19:28:08,2018-08-20 12:55:30,2018-08-21 13:07:00,2018-08-25 15:28:33,2018-08-31,0748f90b4f757729bbbc4d1ea60a0757,2018-08-19
ce8002e30a866ae23c03293b8d2d14e6,9e4c6b74c3c86a81e59c2c675b52d238,shipped,2018-04-25 09:59:50,2018-04-25 10:15:15,2018-05-10 09:28:00,,2018-05-30,6fe7e2440b26f6b12e12db0afdce1ee1,2018-04-25
3cd0599300d9ec0cf571c875db7392b4,6fd2f8d3c584b2fc576065ee15425973,delivered,2018-06-18 22:40:19,2018-06-19 22:55:42,2018-06-20 12:00:00,2018-06-29 16:29:17,2018-07-12,fbc1f243a1ad68ccc93f559bea2d4668,2018-06-18
8e935724e9c193a2fac95586bd2fc056,71e408286d30b2a62113cabe4dba3e94,delivered,2017-10-20 14:59:03,2017-10-20 15:14:52,2017-10-24 20:26:48,2017-10-27 19:41:08,2017-11-08,05779697464f50cf68fbff9f39a5ba1e,2017-10-20
54ff9c7f5e48a0e6ba2ec182428b10d7,139ad5935441608eb667751ae74b26d0,delivered,2017-07-22 20:32:47,2017-07-25 03:25:36,2017-07-26 10:56:38,2017-07-31 18:23:35,2017-08-11,d54a1980d188a90dd6f738cbd96353d9,2017-07-22
f53432b147736e0b2c2ee32ba00709c6,981fbce08bda7429770ff0cf3c2e8d5a,delivered,2018-06-14 08:30:25,2018-06-14 08:58:43,2018-06-14 09:16:00,2018-06-21 19:58:22,2018-07-17,e36c912ba716e0b99aec48073dc11338,2018-06-14
d58f40cb087ccfcba229691ca63c5082,f65f024c2da8aec3cd0395e1006f9d0f,delivered,2017-07-18 21:15:19,2017-07-18 21:25:19,2017-07-19 17:39:52,2017-07-20 19:26:42,2017-08-02,31910cd60f60fc5e692c80d83841c052,2017-07-18
b94927b61d86b53506f3e6bc8644eb77,72e0997496700af1df41815ffced78e6,delivered,2017-03-31 21:40:22,2017-04-01 21:45:16,2017-04-03 16:29:29,2017-04-28 08:11:54,2017-05-08,8bce6306eb006a2ff6135ba36d33d644,2017-03-31
8458ad0c5a4b19319109dc629ac03c8f,ba092dd1f1d597c938f27492a0912d03,delivered,2017-10-09 23:55:59,2017-10-11 00:13:46,2017-10-11 15:42:56,2017-10-19 21:15:52,2017-11-03,c154216d425e50fa232a228f6b9616bd,2017-10-09
b465e6231fb8411e534acc602cff4adb,5aeae82b1542678ba10c99ca292896cf,unavailable,2017-06-11 23:20:34,2017-06-12 23:31:15,,,2017-07-06,ba0fed3e80432a2a1679d58a24732c93,2017-06-11
e733891de1c5b78d0d7f77863402659b,65a60febfb84d9080ba940046cb70dc0,delivered,2018-04-26 00:03:03,2018-04-27 07:55:15,2018-04-27 17:10:00,2018-05-03 15:02:14,2018-05-15,baffecbd1fcc31f8a415cef1cd8cf772,2018-04-26
f8aba426293f758e260c19ee0f1982da,02e5947588097969bea7e00013dd7488,delivered,2018-05-03 23:22:01,2018-05-05 02:13:50,2018-05-07 15:25:00,2018-05-10 22:11:01,2018-05-22,d14fbebe36c24a8161d7cca1f074ddd2,2018-05-03
ea0295dc22e609716e19683e24874c1c,cf0f3195f07cb461a2cad0ba6cd19185,delivered,2018-06-10 10:31:40,2018-06-10 10:58:02,2018-06-12 13:25:00,2018-06-13 16:24:50,2018-06-20,b67719c01432c0fc630aba82df303d58,2018-06-10
47efcc8c3c3a6011c15cbff901605841,40da7436fa784c91abb13730ee83d8cc,delivered,2017-12-05 13:28:19,2017-12-05 14:31:06,2017-12-06 21:19:04,2017-12-17 17:52:33,2018-01-08,b7a9b8a565f38385bbc785eb2f5e78ce,2017-12-05
75be507e9480db0d8d9b3f84541c7d22,aa869eaaf388bc78060167ece2559f15,delivered,2018-04-09 11:49:10,2018-04-09 12:10:18,2018-04-11 19:45:23,2018-04-16 17:42:50,2018-04-19,38de4aa60534b5a9dc48cc6c523e6cca,2018-04-09
b124bd56472af8594cc676a304b3ed74,4376ccd7c419531b509f8d695df1bc0e,delivered,2017-10-24 22:11:14,2017-10-24 22:28:30,2017-10-26 19:41:42,2017-10-30 18:22:05,2017-11-13,8fb3f783b7f4efa7ba51496c597e53d9,2017-10-24
859ebef8753883ec6f703f60ebba766c,809b0c6960ad6e65ef30e145f8eeaddd,delivered,2018-01-25 17:33:13,2018-01-25 17:52:10,2018-01-29 10:15:31,2018-02-14 21:32:27,2018-02-19,bb5c793051ebaeff56925d51a3074fb8,2018-01-25
97df9530497023b31dd0654f5908e41b,e984f319feed64667c1dd59acd9bdcb3,delivered,2017-11-05 12:23:49,2017-11-05 12:35:26,2017-11-06 18:17:54,2017-11-07 15:13:19,2017-11-17,f1aff05a3d7dd7a5b84d3e68504bb669,2017-11-05
2096a9ff3dcd9dc1e2e90ea7296730a0,d7e40c35c26736ebc2c0a86b63d15f0e,delivered,2018-08-17 23:15:33,2018-08-17 23:30:12,2018-08-21 16:27:00,2018-08-24 14:28:59,2018-09-04,979954d4a54bc40e3cc849313887f19f,2018-08-17
c9c2db5b32175fba946f9600ff4a9bc3,8911ea3cf270e1abec0da8488ace069e,delivered,2018-05-26 13:12:54,2018-05-26 13:38:13,2018-05-30 07:11:00,2018-06-13 19:18:45,2018-07-04,de992d3f66b14c35f8335cbb188669e1,2018-05-26
f117aeca0c3c9410a2eafabdeafdc214,e1692eb72952a0a14c8abe0af6416b8f,delivered,2018-08-05 00:48:47,2018-08-05 01:04:36,2018-08-06 09:52:00,2018-08-09 21:08:49,2018-08-15,b9c403175f57580c5d6e62913bb17f6b,2018-08-05
dd49a987288a4d98ff61100ff35330af,5d160587657638c96131718f014d507d,delivered,2017-10-08 09:28:06,2017-10-08 09:49:19,2017-10-09 17:24:11,2017-10-31 18:47:56,2017-11-08,1451eb0264996760c67bbbad5d463fe1,2017-10-08
3175edf02fcecf739fa306e493b283bb,95428d5dfe353e4188da40fd3f81f918,delivered,2017-11-27 14:02:16,2017-11-27 14:19:50,2017-11-28 14:38:41,2017-12-01 20:13:59,2017-12-20,35cae1febfc8345355b6b53fdae6bb50,2017-11-27
7a1ba2b6951950af57efc4c1a7fe9fe2,689f0aee9648933dbf410f499b496e6a,delivered,2017-12-21 16:01:03,2017-12-21 16:13:26,2017-12-22 20:33:07,2017-12-28 20:39:55,2018-01-16,936e76fd2e18456e43eaff3ccacd4b5d,2017-12-21
525b219c8a73229f335cf7fdd97ab560,7d1b755bfda95a6fd7ad1f97a83234fc,delivered,2018-06-09 16:55:30,2018-06-09 17:10:03,2018-06-12 13:44:00,2018-06-20 13:15:32,2018-07-12,8280c88c851c03eb8575b581c0d1ce19,2018-06-09
522527427b29a3fefe865a02a7a78962,fdd60720327e89295c1c7a3bf2c94bdc,delivered,2017-10-03 22:44:57,2017-10-08 07:35:43,2017-10-09 18:51:50,2017-10-24 19:43:29,2017-10-30,d991aef4ca117e165d55f156e8da7fc6,2017-10-03
a32c76ce96d7b4cf912b2ae1ee6a8258,9de9d0f77bfa5ee78fc11c5fe54fcfb9,shipped,2018-08-02 14:37:38,2018-08-02 14:50:17,2018-08-07 09:18:00,,2018-08-23,61f081188e28056a7d7ad1fa608875ca,2018-08-02
64260bdf12901ecb9dc4cb0f207cf6f4,5633cc151a5a5506a81c6273a64fee43,delivered,2018-04-13 14:50:47,2018-04-13 15:13:07,2018-04-16 23:26:55,2018-04-23 22:40:44,2018-05-09,b36881f09d97d35e85aa4e0240cf55f2,2018-04-13
17b18aa0bfdcebddefdf2d7da5718181,3070d64dbd2b2eb531bd394fca72a9d1,delivered,2018-01-03 20:40:17,2018-01-03 20:50:27,2018-01-05 00:32:08,2018-01-11 17:04:43,2018-02-01,40c4ea3b2434b6f02cbf214aeae740ea,2018-01-03
06c7208cefd133b492daeccba355ab99,c2885ba32d9fcfb7c79c59ef42a74e88,delivered,2018-03-27 15:19:06,2018-03-27 15:30:25,2018-03-28 20:51:03,2018-04-02 21:19:05,2018-04-16,d7aa50b85cb81e36ab94fdd9aa295996,2018-03-27
db6a112d731420965a4db369191a8d86,c18796182709c0d37ce5bc1d46c79ca6,delivered,2017-02-18 16:41:18,2017-02-18 16:50:17,2017-02-21 12:06:33,2017-03-03 08:24:56,2017-03-21,0dced00907d6b96a2662a6746a9372dc,2017-02-18
7f8cb0e907ae9dc4012ffab6fe6f738b,188ac4e8b7765d24cdb434112a99111f,delivered,2018-01-28 10:59:25,2018-01-30 03:47:48,2018-01-31 19:13:39,2018-02-04 15:06:37,2018-02-20,27a42ae2a62b4442dd98ec2e16193118,2018-01-28
b3a5258257c3654b78826a31b7bef55f,f777265c4c823669cc77778bbe4dee45,delivered,2018-07-29 22:43:07,2018-07-29 22:55:10,2018-07-31 16:06:00,2018-08-07 17:28:05,2018-08-20,faab96fcbb1e27ca16d2ea3f2bb7fd17,2018-07-29
d6fb3b00e9bc6f76ab18c1808677a051,ec640f0d230b778b2fe0461ad9f25d9e,delivered,2018-06-03 10:55:10,2018-06-03 11:10:48,2018-06-04 14:45:00,2018-06-11 20:36:23,2018-07-05,518024cd9cf8ef40e5c96d203be3841a,2018-06-03
05535f67cf6802000ad3107136cff4bf,4b339b812b88b697ecbe6f20baae7e99,delivered,2017-09-14 14:53:35,2017-09-14 15:05:57,2017-09-15 15:54:58,2017-09-21 19:09:28,2017-10-02,397c43786b70d47098b02f72c2ced573,2017-09-14
b87f290b049eb668936a0f94149a1e2f,db58f016ec3ff9d07bff3e50c9ac6f50,delivered,2017-05-22 10:03:07,2017-05-23 04:15:27,2017-05-24 05:21:35,2017-05-29 21:09:52,2017-06-13,df8fc9f5259ee77b678192c7c3879a94,2017-05-22
f35eb04d9a3ff7d7d0465f00f6eead81,847dfaa76c7cea6f29bbac7ddf8800c3,delivered,2018-02-18 15:52:43,2018-02-18 16:55:51,2018-02-26 15:43:08,2018-03-09 16:21:25,2018-03-13,792d5e92b2b30dd9173f74b47131e425,2018-02-18
7c9269566935b5ef420df5610d847d6e,63e84bc58090bb28d796b6d6c251d0d2,delivered,2018-05-16 11:00:33,2018-05-16 11:19:35,2018-05-17 09:26:00,2018-05-18 21:08:32,2018-05-24,4e5a8ad9d7b11ec3e721a9284869d4a2,2018-05-16
29e966309fac074840d242051d6a357b,89205ebc66191c476b658ea3c79958fd,delivered,2018-03-15 14:38:41,2018-03-15 14:55:21,2018-03-16 19:09:00,2018-03-28 22:53:31,2018-04-04,7b5b8e4adc7e89fbffafead610f5311b,2018-03-15
665e56cc29529e3f1c50ab201a0fdbfa,5d8821d1963846a75b6dcaf3a14b5633,delivered,2018-06-24 18:44:38,2018-06-24 18:55:59,2018-06-26 13:42:00,2018-07-02 19:38:51,2018-07-27,e5f3e17c39ca961d8f61eb34b80302b0,2018-06-24
87b8be81ba41ffb89215da50509ea917,fd43bb238544ec8d68e39d4ced14da43,delivered,2017-12-30 14:54:54,2018-01-03 04:10:33,2018-01-03 16:47:24,2018-01-10 13:18:47,2018-01-24,9ed65d09d07d00e6c5ee661ad771b680,2017-12-30
390cb12cd3157360539ab0739c1b8fa9,edb85175262b80e62db167322a8501bd,delivered,2018-08-03 21:45:27,2018-08-03 22:23:57,2018-08-07 08:26:00,2018-08-10 14:42:38,2018-08-27,be9f760933638373fc0c4b9061f3f539,2018-08-03
384305b9cfec8a62f309b5e5cac920bc,566f3ca7161fa95dae551c144c67443a,delivered,2018-08-10 11:26:39,2018-08-11 02:44:28,2018-08-13 14:34:00,2018-08-16 20:18:48,2018-08-28,15dee872ef52b3a3caf055b45a946194,2018-08-10
5442b242d10aae8dff9aa365da9bf76b,6348d8e73c3d01bb030637817b424016,delivered,2018-04-09 00:00:01,2018-04-09 00:15:15,2018-04-09 18:35:28,2018-04-25 20:13:44,2018-05-09,6afb8e9e3a0620858ebd365bf6454c93,2018-04-09
fe0105a4696c7d31837cb3130fe9c4b1,d370a0c04adf10949536f4c5a5dd0117,delivered,2018-02-28 17:49:59,2018-02-28 18:11:01,2018-03-19 22:06:04,2018-03-28 18:24:58,2018-03-19,eb2d6e9e98ee7ae464092870e47e84bc,2018-02-28
75af1e1795850c2407c73221960b3d1f,8c13b0382b29fe9c46551ddc325a857a,delivered,2018-06-20 22:58:49,2018-06-22 02:59:06,2018-06-22 12:59:00,2018-06-28 19:56:38,2018-07-12,1a8f440d294f097d3337b42a8752931c,2018-06-20
f3c9119e4b962a560061917775f912af,3943ab310b409df9d58ab083922f6382,delivered,2018-06-18 16:33:43,2018-06-18 17:01:50,2018-06-20 13:29:00,2018-07-14 13:18:42,2018-07-13,457cdfab71a4eb8f8b5956ebcb14d42f,2018-06-18
03347815dd6e37a668b3954401838318,a3a4dcea8bf35b152eb89c42e403f258,delivered,2018-02-27 19:58:23,2018-02-27 20:09:37,2018-03-02 15:38:50,2018-03-21 23:12:21,2018-03-26,a8c2964c887359970daefd10d4c6c012,2018-02-27
d787f0005c0b233aa4ca3a61fc50d378,d2cb39d47ea1d44d4fdcd3f16801a9c8,delivered,2017-11-28 16:35:35,2017-11-29 02:20:57,2017-11-29 13:32:34,2017-12-04 22:29:17,2017-12-18,1765aa99738fe9ff3a2abe1d0ce13196,2017-11-28
c8bac0f86737c4d00dd169cec03acf71,b52e38ce5f71c622ea7c45311c970914,delivered,2017-11-12 10:24:54,2017-11-12 10:46:27,2017-11-13 13:58:31,2017-11-20 19:53:00,2017-12-01,ad7f41abd3f624818f0fe019b9c9cdf6,2017-11-12
01c1f3c10d2641a10cfd97ffaac0b3f5,fd8a9ce7e554b0a3b083521837d0f7c0,delivered,2017-11-28 22:08:43,2017-11-28 22:18:02,2017-12-05 23:22:02,2017-12-14 19:04:51,2017-12-29,201b506ed6f89c9de7c4fbfeea94ab59,2017-11-28
3a22a67fdde9c599b722069b9725a709,cf5f72dc3581d0f4f8f697f2ab6f0f6a,delivered,2017-05-28 21:43:41,2017-05-30 04:45:22,2017-05-30 16:28:04,2017-06-05 15:55:57,2017-06-27,551d7e7f909ea5c58235d9ab0d6e719c,2017-05-28
a669137c06cc23b7962d63be3a2ad6d1,0192827582be43c2180aee98a48933fa,delivered,2017-10-18 09:57:53,2017-10-18 10:07:20,2017-10-18 21:04:27,2017-10-19 20:58:08,2017-10-30,031cc9f0c34aac1349d8a7fca3814d70,2017-10-18
694197f98148ec200eaeea667995bb35,b7d8c5723ff2af6c90cb7ff564e8d0cc,delivered,2018-03-05 13:51:35,2018-03-07 02:35:41,2018-03-14 21:48:52,2018-04-02 18:28:42,2018-03-27,879ee1f90476a2fad74aec4f9c9961b3,2018-03-05
219b8a2c642a7c314644b58fa1036c7f,630f092bb4d1938a8134f50c4bf784da,delivered,2017-11-24 20:16:44,2017-11-24 23:32:18,2017-11-27 19:44:37,2017-12-03 16:05:09,2017-12-15,76b101afb403899789408bdc8c2ca8c5,2017-11-24
88f96737c1207235275f60d28574aa9b,99692122465f0b8cc44a630c0fa2e544,delivered,2018-06-22 12:41:32,2018-06-23 01:00:17,2018-06-25 11:48:00,2018-06-26 23:22:04,2018-07-05,1b3b35aeac8f2ce009f59279efc77ab6,2018-06-22
24612e38026c02a8fa677cd76673fd63,2361dd08b65da19da0c4dc581f02f5c7,delivered,2017-12-25 15:45:09,2017-12-25 15:54:26,2018-01-02 13:32:14,2018-01-09 23:13:13,2018-01-23,1d35875db271f1136229a00875a415b5,2017-12-25
0d88c1807ea23596e9a3222c2aad549d,899cc6edd6f59386ee145f8589db1211,delivered,2018-01-30 17:30:44,2018-01-30 17:57:58,2018-02-01 12:15:19,2018-02-15 12:56:36,2018-02-21,c3acc90196232a67b4d46d5a481f256c,2018-01-30
e01ddf23188e7eb714114d4ac5e8952b,f073db9b09570039769829fa79d05428,delivered,2017-02-03 12:05:04,2017-02-07 04:15:23,2017-02-20 07:24:13,2017-02-23 15:21:50,2017-03-14,91bcb2473a81ed49d4d9ca5b887c6b09,2017-02-03
369634708db140c5d2c4e365882c443a,b2b13de0770e06de50080fea77c459e6,delivered,2017-06-18 22:56:48,2017-06-18 23:10:19,2017-06-19 20:12:26,2017-06-23 12:55:50,2017-07-07,8d50f5eadf50201ccdcedfb9e2ac8455,2017-06-18
54e9fc9a26833002ae6521780af9dcc6,3dc2249f42d41b0a622da0c82c194856,delivered,2017-12-04 15:07:10,2017-12-04 17:07:53,2017-12-05 20:51:20,2018-01-05 00:13:44,2018-01-02,b59e4bb4efe81ba0f7d30cff6734f9a2,2017-12-04
904bb8d83ce0a924807b5d34e698a439,7758f8c9eb07e1ce83c75509cc984af2,delivered,2018-02-08 15:11:37,2018-02-10 02:36:57,2018-02-19 16:09:58,2018-02-22 19:29:02,2018-03-05,1744db0771ee6dd8387bd75d6a21420c,2018-02-08
f74d94774320327d0d48e3cc7eff82ba,4d5d0a06d01ebc9cfeeefb7201a8d312,delivered,2017-07-19 10:48:58,2017-07-19 11:05:06,2017-07-19 20:12:49,2017-08-01 18:03:16,2017-08-22,bb4eb3edf0ddbba864bb65dec4d8db2e,2017-07-19
1ccac023123acc23d8b0af4d3190069d,4324a4ed08aae12544d0dbcfdd6f9c4a,delivered,2018-04-08 09:17:01,2018-04-08 09:30:54,2018-04-10 17:41:48,2018-04-11 18:32:26,2018-04-26,633aa358e90a435dc47a30af5a0a832d,2018-04-08
37311087440803cc1960343121d1de26,1fc148759f50ec10a03421aaf5efd89b,delivered,2018-03-19 16:39:27,2018-03-20 03:15:29,2018-03-20 18:58:38,2018-03-26 16:05:28,2018-04-05,70ad91901ad4330af432978ff134fc6f,2018-03-19
dfe408de79271298c68699286c267169,5def4c024799f5734e4651ff6c889f4d,delivered,2018-07-18 14:55:44,2018-07-20 04:45:17,2018-07-20 16:26:00,2018-07-25 20:56:34,2018-08-01,1cc14c8b94f04f741b41b9c22ebd634f,2018-07-18
0e578caa492e82502cbc4abe275042a2,a0e826a80a3267186e6d63d1dc10e34f,delivered,2018-08-09 16:18:42,2018-08-09 17:30:27,2018-08-10 12:48:00,2018-08-16 12:18:31,2018-08-23,0b53fbff0a78346548a4dbbede242150,2018-08-09
c59691ad2976778e15003aefa6dafaed,76c6605f9d8ed381bdb519c6714e0c5c,delivered,2018-07-20 18:04:13,2018-07-20 18:23:49,2018-07-23 15:04:00,2018-07-24 18:20:58,2018-07-30,72ca9106ec7f3ba4bd347a6e033d2b36,2018-07-20
685ae4bd7f1b98a64ab9b9774889b621,045e763e2096b07525b1908bb365a0c6,delivered,2018-06-20 00:31:58,2018-06-20 00:55:50,2018-06-20 08:37:00,2018-06-28 23:06:51,2018-07-19,1ce349008bbace40a7befaa1295bbceb,2018-06-20
a1b57552891d32e63b959ed210edad44,939eb45bd46d770f10b41d0ea2bcf68c,delivered,2017-04-24 16:27:05,2017-04-24 16:42:41,2017-04-25 07:51:53,2017-05-04 15:17:04,2017-05-15,0b402d6dd50694a118c642448e2cb086,2017-04-24
186ab35ad2c07d4b35781c8bb314cbd9,e5c8ac379c73d799fb006f94e2cc001b,delivered,2018-08-01 14:58:58,2018-08-01 15:31:01,2018-08-02 11:54:00,2018-08-07 18:04:57,2018-08-14,2a8af6349035f556c845d3939d25ef4e,2018-08-01
cf4eb4d5203f0c0d14f191c15de0743e,002450e9ea44cb90b8a07ba0b197e149,delivered,2017-08-16 09:07:13,2017-08-18 02:45:49,2017-08-18 14:13:06,2017-08-24 16:31:56,2017-09-08,5e718c3c3061694c7b7e31d183f88a45,2017-08-16
622e1ac05d77a0fe978afdbb3d174017,34532438b4bd25e285a454257543b521,delivered,2017-10-02 12:05:39,2017-10-02 12:24:39,2017-10-05 22:46:11,2017-10-17 16:32:05,2017-10-24,2cb009fbb4a8d0a75b6f1226f4e6a97f,2017-10-02
711bc4b2d17a37baad63799a2ce92de1,f1c39bf34c1d3f9bfdff418c6399418a,delivered,2018-06-19 14:26:45,2018-06-21 03:17:52,2018-06-22 14:15:00,2018-06-29 23:47:57,2018-07-19,d91ffc3c2d3de97e1bcf01d30ea7e8f9,2018-06-19
caf0f5c4a7ef81f3056cdc400f45ef2c,4a8950b162dcedc1496677fe2dbf6ad4,delivered,2018-03-26 21:30:13,2018-03-28 02:50:30,2018-03-29 22:32:23,2018-04-18 23:11:38,2018-04-18,cd2cc97ebeb86f5791f07c0717c2311f,2018-03-26
07402f8be1c291f1c5da3edeaf5cb8b1,3c680ab7d6d1de8a82f5bfa92ef2156a,delivered,2018-01-09 19:28:30,2018-01-10 10:32:00,2018-01-12 23:33:58,2018-01-17 19:45:33,2018-02-02,1b50852e28418cb1e5878327001e1a92,2018-01-09
94a17118656ebafc4951d0f42859c168,c50fc62ba04395798ab62a551f8edef8,delivered,2018-08-14 13:23:54,2018-08-14 13:44:12,2018-08-14 15:01:00,2018-08-21 20:42:14,2018-09-06,309ae0ec4d5d4a0a68d0787655dacfa7,2018-08-14
69c4079cc7549d7c6da19191cc158d3a,2aff06bbc6e2b3edc33b58970d306bf3,delivered,2018-06-21 17:47:51,2018-06-22 17:58:39,2018-06-25 11:41:00,2018-06-30 17:18:41,2018-07-13,eada1eba12b103c18bf861bd25e889ed,2018-06-21
d3371dea823352e8d3016da2f4d2f24c,3d55024d27002962661b6619b72acf95,delivered,2017-11-27 14:30:21,2017-11-27 14:39:28,2017-11-28 21:14:37,2017-12-05 17:58:38,2017-12-19,920cafb7777cd2b90ecaa970d075fdca,2017-11-27
78b17b8479b96dcbe179a2c64bce00c2,41c6610c26481b3c6a075f4b09d0bae5,delivered,2017-03-04 16:08:18,2017-03-07 03:55:22,2017-03-08 13:53:54,2017-03-14 12:48:42,2017-03-23,2df13a29cbc4da6a6ec8b0d0a63d8104,2017-03-04
e440f8fc256f028a44b7e88e390a7ac2,e971d407e965d36aa51b45cf58abfc31,delivered,2018-03-03 13:26:34,2018-03-03 13:35:31,2018-03-05 16:19:06,2018-03-12 19:58:39,2018-03-21,0f97aca6c2f5937c43a5253d1eb61b33,2018-03-03
574c4ecf7699daffc21fc04eb876b8a8,e429c523dfea4bc7dd3ddb97466ecae2,delivered,2017-06-15 16:46:30,2017-06-16 17:05:20,2017-06-20 15:30:45,2017-06-26 15:03:34,2017-07-11,d7c6bdf20c4ec9c9cda815dde58e778a,2017-06-15
3f3db9c8cc4092015241bc6697ea24ef,8a01407aaa1f8466d91ca61353a5a469,delivered,2018-08-06 11:27:18,2018-08-06 11:44:29,2018-08-09 08:20:00,2018-08-10 22:22:38,2018-08-13,284b743ac2ee6ecfa0fa8cacc67f7c4f,2018-08-06
3ce61878d5eed0865d51e364fdd01ac2,030f8728859c2cfa3a4ec60388f43f16,delivered,2018-02-14 22:06:17,2018-02-14 22:15:42,2018-02-15 18:45:07,2018-03-03 00:33:11,2018-03-20,28f469dc966470e4607b05183ef6aa92,2018-02-14
3ed99ad145f818a65b1bcfce6a4182fb,bef38470e63f1682262948029b5d9ab5,delivered,2018-01-09 18:38:49,2018-01-10 10:05:32,2018-01-15 16:16:58,2018-01-29 13:29:45,2018-02-15,83e9758d5346b127eae0f24e6400c13c,2018-01-09
3db98e0e4429b61241e02a015c6cea46,47986eb3c63d69ebeb010f70fab00674,delivered,2018-03-11 19:15:19,2018-03-12 19:40:26,2018-03-15 17:23:25,2018-03-28 01:32:17,2018-04-03,e2efe475f21d833e6931c42bee2fc336,2018-03-11
f08dc1531373f63ea0779a333ae40275,8366bc749e2f3709d2687c1e446d64c6,delivered,2018-07-04 12:45:07,2018-07-05 16:27:00,2018-07-04 14:07:00,2018-07-09 18:03:27,2018-08-06,063f44f27765471c1e374ba8f83396d9,2018-07-04
164f9ed9263550111efa1a5518d97dfb,816c892100403472a6c27c4256729d4b,delivered,2017-08-29 16:35:47,2017-08-29 16:47:41,2017-08-30 18:46:40,2017-08-31 15:03:07,2017-09-11,d66f438b3fcdcf22e7224aaeaf525443,2017-08-29
694226194013138c43ca10eff850b78c,feab0aaf5084b14fd37335fadfe03492,shipped,2017-10-31 22:10:00,2017-10-31 22:25:49,2017-11-01 18:53:37,,2017-12-04,b6cfde2ddb98b728671ecc0a9893f5d8,2017-10-31
f9d5cc83106322c8781e4cc0c0bce572,ec7fb2a79382a4ecec04ada695ca0b57,delivered,2017-12-23 17:08:06,2017-12-23 17:19:20,2018-01-02 17:07:13,2018-01-17 20:48:26,2018-01-15,ea09b32bf96ba057088e140c6bec60da,2017-12-23
33d6fae0e702308c1b1c332b45653b71,896dada927cc2f8481ce0733ac6468ec,delivered,2017-02-20 09:17:34,2017-02-21 04:35:18,2017-02-22 07:47:44,2017-03-07 18:18:28,2017-03-21,edfb598df71127e92dfd8a7776eee7fd,2017-02-20
a762b5e99e0962bc51711998c7be8280,363133bedba50bf6ad398ce661dec61a,delivered,2017-02-28 12:10:29,2017-02-28 12:21:49,2017-03-02 09:14:57,2017-03-08 14:54:05,2017-03-22,ca3dde7e81dc5c816ca6226783438c32,2017-02-28
e3229814a5d932778d6a52c6816715f1,fa369e39e6bb664ce8f164d1f27af36f,delivered,2018-04-23 16:26:50,2018-04-24 17:47:09,2018-04-24 18:02:19,2018-04-26 18:06:45,2018-05-10,bdc133ea4fc555dafc26af2b5d499d7b,2018-04-23
30e0a586733725ef792f50d33720b961,6487f2dc75493ba7a83cc0de029e3209,unavailable,2017-03-02 11:07:10,2017-03-02 11:22:32,,,2017-03-24,54d909db6cb5f7bedaddf852f454b9f3,2017-03-02
10af96a0689260134307879127ac1952,c06d0ca3bead2fb2c60abf7864f427c4,delivered,2018-04-12 17:44:55,2018-04-12 18:10:02,2018-04-13 18:42:06,2018-04-28 00:50:33,2018-05-10,b807ae7957e78cf94c30251b4ddd0ed9,2018-04-12
be51ad88355af54c1e11579fe469d030,b4bf6e3b3de82854698f91d7f8213267,delivered,2017-04-25 21:46:39,2017-04-26 09:32:25,2017-04-27 09:34:44,2017-05-02 12:38:19,2017-05-16,4ba1a2e07dfdd6f3224561707860785b,2017-04-25
c9005699b095802a8c29533ef432d578,504b1f32fab0729c552a28e3db5e0d4a,delivered,2018-01-29 22:18:06,2018-01-29 22:30:22,2018-02-27 18:19:17,2018-03-09 18:04:45,2018-03-29,8a0c0a5a27f03eb1ee71c9ed1985a329,2018-01-29
7fc930983a4062abd3407e7d6a0141a5,4999b83ecd2fab104b958ce8d13714cf,delivered,2017-11-25 10:41:49,2017-11-28 03:33:47,2017-12-07 23:35:24,2017-12-14 16:39:12,2017-12-11,490b1bdf529053ea28add3a407c0e462,2017-11-25
24149968adb7fe949f6d6dec53cae0a8,d7d3d2109d4c4585689cde97ee05b35f,delivered,2018-07-31 18:12:06,2018-07-31 19:31:25,2018-08-01 13:04:00,2018-08-07 16:50:38,2018-08-20,d282132a7609f28f4580407b6c1691d4,2018-07-31
aebbdfa5636b87a2886bf445dfceeaf0,dacc998066e3c61ef9fefe6219ddccf4,delivered,2017-07-29 10:19:06,2017-07-29 10:30:17,2017-07-31 18:33:30,2017-08-08 15:25:14,2017-08-22,0c4c416f1f9844e6805b074f8f96f52c,2017-07-29
092a7de4b983f4ee3e77af64e2f8c9e8,657296a285e256531d85d3230f0d904b,delivered,2018-06-18 22:18:06,2018-06-18 22:37:11,2018-06-22 13:08:00,2018-06-28 16:08:36,2018-07-18,375deb6d2b745d531264fe0c6403a075,2018-06-18
063a0b076f63cb908176d8c1cc6ec049,04f201d7f9350c38e57f2d9eb9ef7c3c,delivered,2017-03-13 16:29:58,2017-03-13 16:29:58,2017-03-14 09:26:09,2017-03-20 08:04:19,2017-04-03,def6d043aa4d90414c22a80e3fde04ff,2017-03-13
390056468c27192af8354d708051054e,c450d2558dd77bc0cd8b290f5af4f5fa,delivered,2018-08-23 10:27:06,2018-08-24 03:05:16,2018-08-24 13:27:00,2018-08-28 20:17:39,2018-09-05,60de4491ffb20042d1970c993b5b3726,2018-08-23
bfb4f8775924839c47fce828a6826d86,e77beae82ea2b9ce19b5d85f9f3a244e,delivered,2018-03-15 23:53:39,2018-03-16 00:09:24,2018-03-21 14:08:49,2018-04-04 21:11:45,2018-04-05,8cad2cc9f987ea4b56680700841ce2b5,2018-03-15
e15c9f222bbdc4bf1d94606407787134,9732540e8a264effb27f32523048c3d0,delivered,2018-04-21 14:12:11,2018-04-24 17:42:29,2018-04-24 16:06:54,2018-05-02 17:43:45,2018-05-25,1741b0bef7ccbc530ba7287000d5f49f,2018-04-21
d8627b28da69b163792bfd62ce10b6f4,f08164b2d28b71e289f92f628e7cba37,delivered,2017-02-28 22:22:48,2017-02-28 22:35:15,2017-03-07 05:39:10,2017-03-14 13:09:49,2017-03-24,5c82413b70d65c90e4f9e465c303fc82,2017-02-28
9bf540995c670b022602a2f2e05249be,987453d06d3ab59975fa08222c80c5f5,delivered,2018-07-16 19:31:47,2018-07-17 04:41:01,2018-07-24 13:11:00,2018-07-27 23:16:42,2018-08-03,a89048adcf866e02bffee7122269f5e0,2018-07-16
14ab59654dc1a6eed3e374b6adfbc893,e96452f8c0c88f5a3a9abc55e9b172f4,delivered,2018-03-30 13:02:49,2018-03-30 13:47:26,2018-04-04 00:53:23,2018-04-04 17:51:29,2018-04-26,241b2982b3c0397e3eb8b3d865a9c68d,2018-03-30
b80aa0f66d8a0841be0ce473dc5d94be,28bbd1e071c4f1e3159803ad394fd43c,delivered,2018-07-31 17:27:54,2018-07-31 18:31:04,2018-08-01 16:33:00,2018-08-03 00:06:41,2018-08-07,2ec2f110dd55be58119e129df22e9826,2018-07-31
9391a350faf505bf6880c4d747f26e4d,be79b7c40a192a31f70eee5f24a64c9d,delivered,2018-07-27 10:54:56,2018-07-27 11:40:05,2018-07-31 15:36:00,2018-08-07 21:28:37,2018-08-16,6773c8dd1feadebbd76db5837f327b1a,2018-07-27
c12ff7ce7ec142c74f2265156fc0d2d4,cf83620dc4939775a6860bb0b9362f74,delivered,2018-01-23 19:36:11,2018-01-23 20:03:56,2018-01-24 21:39:08,2018-02-05 16:51:38,2018-02-16,30e240eb07efbf40cc4e1851d9dbb54c,2018-01-23
874904b7cdcd377a298d82e303930223,14425ff5b814c955a524faf453a68bfd,delivered,2017-05-01 20:40:57,2017-05-01 20:50:14,2017-05-02 11:27:39,2017-05-11 09:55:42,2017-06-30,4b7dc42c991b79a2dab9a95c796306b9,2017-05-01
19d3baace748a12b60b7c0901b11a285,3b3857f0e16e75028a0980e9fad79b58,delivered,2018-03-15 21:49:05,2018-03-17 02:50:46,2018-03-17 17:51:55,2018-04-10 21:19:22,2018-04-06,ccddea730067e7be3d36daf2c7b846b3,2018-03-15
a3d6f1c32e941d70a3261b7080854aa2,d96e56d19ecb5dbab5dcf308b5896258,delivered,2018-01-16 10:05:17,2018-01-16 10:11:29,2018-01-22 18:34:43,2018-02-08 18:55:50,2018-02-07,1346dcd91cd067f67ef0f0016f273a88,2018-01-16
b21b913f441070fd0013003e71bfb5df,76ba439a98b509237329cc60c29c7374,delivered,2017-10-31 21:46:14,2017-10-31 21:55:09,2017-11-01 19:47:31,2017-11-06 14:12:07,2017-11-22,b8d8f54f62d9cad0b9f07987d6e3c04f,2017-10-31
b0a3fa56d2d1b7e51873562656c0a796,baf810e5901cec50dce627826c967620,delivered,2017-12-04 23:55:59,2017-12-05 09:46:57,2017-12-05 20:38:02,2017-12-19 11:28:25,2018-01-08,a5278787dbae632dad2f87519da4cb34,2017-12-04
6e9a1a1213572dd3cde6887df64df77b,f0536d444683d894060a91bbb434fe2b,delivered,2018-02-06 11:53:02,2018-02-06 12:13:02,2018-02-20 13:43:53,2018-03-14 00:08:23,2018-03-22,a8013fd4e4acf9c0c679bda6d572eeee,2018-02-06
fc2d5b034ddb41db6c5a2eced97202b0,ef2b68fe20b497383fb1b10a308245ed,delivered,2017-02-13 18:21:58,2017-02-15 02:45:09,2017-02-20 11:30:50,2017-02-23 11:45:05,2017-03-22,ee22a003c1dbb35839e3e0af49eab52c,2017-02-13
aea25973afa6e521393a98e850ebe672,a0b6f2e2d82940cec8bf193f4f9b83bc,delivered,2018-05-20 13:15:21,2018-05-20 13:39:05,2018-05-21 13:45:00,2018-06-05 16:11:59,2018-06-06,67b96b3e28695a4bd615b5e95367ec99,2018-05-20
61b1a739fc2fb8f8efc10539082c16a1,d1578919c3fcaa8b8e5b4e43019af611,delivered,2018-06-18 13:25:10,2018-06-19 11:18:50,2018-06-20 14:13:00,2018-07-03 18:41:38,2018-07-26,4abc422597afe53e1edbc330ae83b898,2018-06-18
6c7cd83914ca57ceb8c205d80630e699,639b4be4445fb77ca44168e45ff2c188,delivered,2018-08-04 16:10:31,2018-08-04 16:24:14,2018-08-09 08:20:00,2018-08-10 15:38:46,2018-08-15,d4e95398b921976b908200c31929db7e,2018-08-04
f488ec10381a645d100c8e7ad0c6eab4,ca2c8da904afb50e7bf8708acea51f6a,delivered,2017-05-20 15:56:32,2017-05-23 04:22:39,2017-05-24 14:36:05,2017-06-05 14:22:25,2017-06-13,294e0922aa06792eea5094656727c0bd,2017-05-20
c4421eb740558d775cda9f659561f4c0,1cf1191d426dec164802a915eb01cbb6,delivered,2017-04-02 14:39:00,2017-04-02 14:45:14,2017-04-11 17:19:18,2017-04-17 15:05:44,2017-05-08,21167c6daede804f2d1f42aea0818ce6,2017-04-02
133b607354fbff7447ce545c8a0fa407,9e1cf20c1585106f749e4e257194a11a,delivered,2018-08-21 21:18:33,2018-08-25 02:44:24,2018-08-27 13:34:00,2018-08-29 19:48:43,2018-09-05,5212c50e79fe1349b9894f6508b401d8,2018-08-21
71cb873fdd4adf163236f26b9dd7cafd,797c7ed6570cd77d6817390a0fad145d,delivered,2017-05-10 08:00:37,2017-05-11 04:10:17,2017-05-11 16:14:59,2017-05-18 12:49:36,2017-05-30,827fdd596357a7b8a353cfddcfe94bf7,2017-05-10
49786a9c2b41f65bfb53a1c346f08f32,02f5e5dbe44491de10d095ac98567ad5,delivered,2018-02-19 10:19:53,2018-02-21 06:10:27,2018-02-22 19:13:03,2018-03-02 12:47:08,2018-03-05,a5ed96c1f32643055492dd786e93418f,2018-02-19
3ae63a94693532d56e8408de2a30ac10,21353e8505522af33c2bd5cfc6d371c9,delivered,2017-06-18 19:59:52,2017-06-18 20:10:18,2017-06-19 20:03:24,2017-06-27 17:48:52,2017-07-11,64b4630b1015051dc3c2e286684d444f,2017-06-18
788634b6e1564dce8d0833139af74c07,f6dce365f6e370de8ef3200de9c2ab99,delivered,2017-03-27 16:14:25,2017-03-27 16:25:19,2017-03-28 10:09:23,2017-04-07 14:12:57,2017-05-09,f24ee52da76941487bdac1de00300868,2017-03-27
649a327bed5a2799967cb9c666ff06c1,6401917f6b9f31fb91791bd2ce2783c8,delivered,2018-02-23 15:34:30,2018-02-23 15:54:27,2018-02-28 18:23:29,2018-03-22 18:46:44,2018-03-16,c83903beebfa7bffbbc0a9a897a744b7,2018-02-23
93fb48040a1df3db761491d59e233194,0b7406034474b610ba8efec701338267,delivered,2017-04-23 21:29:36,2017-04-23 21:42:21,2017-04-24 13:24:13,2017-04-27 13:58:27,2017-05-22,fc051e0c442911d33c20705b7ef27942,2017-04-23
39e5c415b7b8caafaae7fd1a4b191087,b74c99719fb1dbeec40d25847236e488,delivered,2018-08-10 18:45:02,2018-08-10 19:04:30,2018-08-13 13:13:00,2018-08-16 14:14:49,2018-08-22,9275b48e42a3c0d0edf727b40649d250,2018-08-10
2421a2b1bdf7d442b13675a1667d915f,e3728fcf58883f1e4c54287b01f12906,delivered,2018-01-11 16:32:43,2018-01-11 16:48:58,2018-01-18 21:35:34,2018-01-26 20:20:50,2018-02-16,8f4b51cbadc15d15f748c3313bfd5d83,2018-01-11
7f8ea9cfc45806c663bbb7cf99b530a5,240e27f232ec053a532de5b5f8c99df1,delivered,2018-05-07 09:32:19,2018-05-07 16:55:46,2018-05-09 15:48:00,2018-05-21 21:27:34,2018-06-07,a36b01718f4558db0fb8ed5dde8607e0,2018-05-07
8dc3550fe0754e1c7b777cba6109f525,17a924f2cca65378fd53c6f6696999e2,delivered,2017-09-14 13:51:47,2017-09-15 13:55:24,2017-09-18 16:48:25,2017-09-25 21:09:38,2017-10-06,2e042bbee6a6c8bd718684fcc0ca2876,2017-09-14
1cdeb72a3ac42cd76c1fad6af0b4b317,87bc71f87d3fc89b153c47b651b7cf8f,delivered,2017-05-15 20:09:57,2017-05-15 20:25:17,2017-05-26 08:08:11,2017-06-23 12:42:50,2017-06-29,e1a98cb77bc35b7a6b3cf855120fda68,2017-05-15
4338a4463f7f9193d2a03a83a4b68ba0,725ee0b98bf6711ad97a8155ecf3bba1,shipped,2017-03-09 18:51:49,2017-03-09 18:51:49,2017-03-10 15:21:11,,2017-03-30,803b276017c8faffe7d19bc0f0ebac7a,2017-03-09
7e7aa7dd23657ca98b6b94fa4ad4c576,21277eca77a0bc887c35c79b56520ccf,delivered,2017-08-22 20:12:47,2017-08-22 20:30:12,2017-09-01 18:54:58,2017-09-20 16:19:02,2017-09-25,b2664990a1ac9e250d98ff5c615c3276,2017-08-22
c4a4340f8f35d5289ea5eb4dd44815f4,23525e42bf556c4b729e86f16f5a011e,delivered,2017-10-28 15:50:23,2017-10-28 16:10:37,2017-10-31 16:53:49,2017-11-04 11:47:37,2017-11-17,19c71fdf1535be1defdd27109d9aa12e,2017-10-28
b517d1b56836ec7bbeccb6913c25dad5,94b32b425067eab90877f0dc1b08593a,delivered,2017-08-11 01:33:44,2017-08-11 02:24:08,2017-08-11 16:26:53,2017-08-17 23:22:24,2017-09-04,07ea8bb345521cdb110bb533e1d93e18,2017-08-11
6f6b636fb54260d97e6124e137986824,3d8350a7f8c55e7b98242cbd5da3ee63,delivered,2017-01-30 11:01:19,2017-01-30 11:33:48,2017-02-03 17:08:03,2017-02-07 20:27:21,2017-03-16,72083d3ab3b07e2d0f4506bf7b7bea97,2017-01-30
a8b4bb89dc728493ed20fe78acdefd9a,aa1367a3e933112df50ac2a81601fba8,delivered,2018-06-01 12:08:17,2018-06-02 03:31:40,2018-06-04 14:12:00,2018-06-15 01:08:38,2018-07-11,b9392117660d81f64190ba3c0761763a,2018-06-01
a9f3a3d1ad51353ad83d1cc38aa74a47,fdd0876705d2f479feeb936cd9cad782,delivered,2018-07-30 18:57:39,2018-07-30 20:20:16,2018-07-31 15:32:00,2018-08-02 21:18:35,2018-08-13,dfeba6046dba98aa0ab906c00c4a17d9,2018-07-30
5a254755df1e90c1e7bff386319a9cc7,23c2819f22e5fdc29df19048b6dac5ba,delivered,2018-05-05 08:37:48,2018-05-05 08:53:45,2018-05-07 19:25:00,2018-05-14 21:23:42,2018-05-28,1ec2c082b73cb50cbf52bf5638c9cbb3,2018-05-05
9389b64e7d922e3b0c30f8026e418e64,8f58d7c28536aa0c57af57516f3dad12,delivered,2018-05-13 20:33:36,2018-05-13 20:53:14,2018-05-16 15:30:00,2018-06-10 18:12:17,2018-06-05,9c150639ee6d9fd3a4dcd6cd7730b188,2018-05-13
54e4556bb09818e0efeb30e86c4022e0,f18f59b32ce00389ef6ecb7f801dd48d,delivered,2018-06-16 13:26:38,2018-06-19 03:36:57,2018-06-19 15:24:00,2018-06-23 17:08:23,2018-07-12,71fc009ce466ee6964c5867aa2764ccb,2018-06-16
b2c3a55ae550dfe8fea2cdca7df095cf,6545af4512c49eccda583262133200d5,delivered,2018-01-21 18:52:46,2018-01-22 13:56:45,2018-01-24 20:22:43,2018-02-02 16:05:46,2018-02-22,746d7dddce718e974c805ed8bfca6c86,2018-01-21
e98f62f167c0c56e1d6e2c852bf04adf,deb7123f2e2f5e7e0997e3af67d058d0,delivered,2018-05-28 09:57:09,2018-05-28 10:13:42,2018-05-28 13:09:00,2018-06-08 17:37:51,2018-07-05,7387cda312de9273ab3abdb5d5693709,2018-05-28
0b3348cfaae0bca40b23a36b64c7b941,76e4edb343ef3a63a0b831a31ea0338a,delivered,2018-07-18 08:12:36,2018-07-18 08:35:14,2018-07-19 06:14:00,2018-07-26 19:51:41,2018-08-08,75ec65a39f1077558ef1b259982297ff,2018-07-18
385d15b6382df6b32e10ff114cae5b4c,789e7fd3b32368aed09a7971f76758d8,delivered,2018-08-08 14:35:29,2018-08-08 14:45:17,2018-08-09 12:19:00,2018-08-14 01:09:39,2018-08-17,0c93af7b12937811013ec6514d609ddb,2018-08-08
28a77826d03dfad917f9b8d43d06341e,6db0640d603b5700f1d0a2b5938f46b8,delivered,2018-01-06 16:58:41,2018-01-09 07:17:33,2018-01-09 20:53:52,2018-01-16 13:42:51,2018-02-14,6a1bc53ef4693bbe8605a81c7646f811,2018-01-06
2f715a4ad1e86b20a19e070acf516b38,94a11bc09eae9dd2cb87ae221efcc0a3,delivered,2018-04-09 15:50:11,2018-04-10 04:11:11,2018-04-10 19:08:49,2018-04-12 20:26:49,2018-04-24,cae2ada40cc6955ec8969f7ed8550c02,2018-04-09
64c233aafb76618a84c4a3af54e79bb9,696bfeb907ce8c2682f82762a6ba2366,delivered,2018-05-05 19:57:21,2018-05-08 04:35:51,2018-05-09 11:33:00,2018-05-15 17:24:42,2018-06-14,d8dedd752663d42feacad077fc319a73,2018-05-05
2330997bb48bfc161534281ecbda1739,b125d7ca2bf699633dcec206ec51ce90,delivered,2018-06-20 08:46:36,2018-06-20 09:20:17,2018-06-21 16:17:00,2018-06-25 17:17:47,2018-07-23,82aa943f94e0f50ac5415b1a2cc7b354,2018-06-20
04b2afb6447774881079872788d97883,42bb50515411f1a0d51a700636416201,delivered,2018-04-21 19:29:14,2018-04-24 18:27:19,2018-04-23 19:11:29,2018-04-26 11:31:45,2018-05-16,ad3e4daca8169bc9e980a84a593194d8,2018-04-21
7f67aa0d55e12f8edd5ad5d2207e9504,39b7aa490a7fe0a3b97c53221bcc7367,delivered,2018-05-31 10:40:59,2018-05-31 10:54:08,2018-06-01 13:29:00,2018-06-06 20:04:47,2018-07-17,3a4440ee39220ea853142c7f29fc93a0,2018-05-31
3bf5c888a106e0e27fd82eb268baa621,1c696296295bcaedd258474aad4284cf,delivered,2017-04-08 19:07:40,2017-04-08 19:22:25,2017-04-10 12:24:06,2017-04-12 13:53:05,2017-05-09,8afafc036cb872b8535f393fc23ba2f7,2017-04-08
583e624231af818d0ab64b7f4b6a5cdd,ab23483a16bddfba9362d08402bc07b2,delivered,2017-04-06 14:25:09,2017-04-07 03:10:47,2017-04-20 08:25:03,2017-05-02 14:49:55,2017-04-27,76401c7bc739d12e695e0ef00cc49b11,2017-04-06
d0ce2ca3ae57a9ffd47a99bd72cc3b42,3a45751454c40ca3f7e90ff45c79eb90,delivered,2017-04-26 16:09:31,2017-04-26 16:22:36,2017-04-27 14:05:11,2017-05-12 13:47:37,2017-05-17,a6c0dc36c5d39cfa7e5a8bba7f08f560,2017-04-26
ef161f48adcaeede5920308df1c280b6,5491f5b2f7ef061ae1fb0b14b0fcb434,delivered,2018-02-26 11:32:03,2018-02-26 11:55:58,2018-02-27 19:45:06,2018-03-12 15:08:44,2018-03-21,f59f93013d1303b74bce6e947e4e5a32,2018-02-26
4f9b6a9b3216925859301fc767b0fece,8bc8cb1dff878240d081ac6d1e4260df,delivered,2018-03-26 13:16:17,2018-03-26 13:27:33,2018-03-28 17:32:09,2018-04-18 22:21:24,2018-04-13,f221dc7c3ec9670bf7e2ac84eddde9ab,2018-03-26
99482042fe756df3f9ce2adbde9b7c7e,25ee6ccd02d90e8e99185252f34ffb2c,delivered,2018-06-01 19:40:08,2018-06-02 03:31:31,2018-06-04 15:02:00,2018-06-11 23:29:52,2018-07-16,3cdc100dd27da08017cdf012da00d162,2018-06-01
f819c53d333f9775d516f9ab29e0ded8,41cced9cced599270c9537bd4de9801e,delivered,2018-02-15 10:26:43,2018-02-15 20:30:26,2018-02-16 16:19:22,2018-02-22 12:52:46,2018-03-15,e7abb19a7a009ea9d32e3addc71f502d,2018-02-15
c43428e158013a24ec4a18007fd99082,d5d9f795f5d1144d8105206c7e73d4ab,delivered,2017-07-31 15:37:43,2017-08-02 08:33:11,2017-08-01 20:52:26,2017-08-04 19:09:40,2017-08-18,334293c291f43a6aa85020f8597a171f,2017-07-31
63cf60878903ad6824697ecfa2bba46d,3ec5ccbd62cdba9f2d97f0ae56acd254,delivered,2018-02-28 19:42:15,2018-02-28 20:08:26,2018-03-02 01:15:06,2018-03-07 20:07:53,2018-03-20,d3fe51c620d7837de377b2b2d7b3b586,2018-02-28
ac9394e6566c5245be91e3dd87c8d5e9,1b373354ee8504335880567cbc6447f4,delivered,2017-11-24 14:33:35,2017-11-24 16:35:24,2017-12-06 17:41:37,2017-12-20 21:58:54,2017-12-18,4dd4862366d29145386ec1c6ce5852f4,2017-11-24
b8d0e1c664b4deb8dbe8583927497a68,dc01aec4b6fe0cd30c5f345eeeb915ce,delivered,2017-08-24 11:18:40,2017-08-24 11:30:17,2017-08-25 15:37:33,2017-09-19 16:53:38,2017-09-20,242d9d689ccba1d338ab7e40ebb20dec,2017-08-24
369b845bc7aec357372149df304bd341,167e8b35a0b05668af1287112213ef47,delivered,2017-05-01 17:59:15,2017-05-01 18:15:06,2017-05-03 09:20:39,2017-05-07 11:43:35,2017-05-30,098433b9f9255997177c7dfb1dc8fb87,2017-05-01
afc5c2d338fbbfa4e162a76236fe8ead,95073522f03c913b18f3007419e2b644,delivered,2017-11-24 23:09:24,2017-11-25 01:19:31,2017-11-28 21:33:40,2017-12-28 18:29:43,2017-12-21,272e033710a2d35aaa9f5f5e36763514,2017-11-24
d60b2bc250dbee7d1cffe229a0575233,b063701f756fca574fe2e421b86c6afb,delivered,2017-11-16 18:28:32,2017-11-18 02:30:37,2017-11-22 01:11:51,2017-12-06 14:33:40,2017-12-15,0a9c9aaa863ad9eca2a8c0d2f5d9f4ba,2017-11-16
43ca8748a71977b9d33696cd909f613f,36e56a8ac30cb5b2c06bfd83c52407b9,delivered,2018-06-29 14:24:39,2018-06-29 14:35:11,2018-07-02 11:22:00,2018-07-05 15:44:46,2018-07-13,797e92a62a1f9e018d0892d3c65e72b2,2018-06-29
e10eb327c30f510c648ebaa30c399ffa,9fd0f7c1f0c833ce6d92c9d7b171cecd,delivered,2017-08-21 21:36:39,2017-08-22 04:05:25,2017-08-23 19:22:45,2017-09-01 16:44:57,2017-09-13,1badc707b2fef0c1dabdf586ee736f35,2017-08-21
2b0259629144c6b7b9cbbeae440287a9,86a2212bacc5a9e26edca1f35318b797,delivered,2018-01-05 03:14:40,2018-01-06 16:46:45,2018-01-09 23:16:10,2018-01-20 16:38:52,2018-02-05,f0a874e42a1c98936d03cccfca6dbf2c,2018-01-05
55f33d1440ed529bf23f7b92248c149e,a55beda9aafbcf83393646d566a06b86,delivered,2017-08-09 00:38:43,2017-08-09 00:50:17,2017-08-10 17:41:34,2017-08-11 20:13:49,2017-08-28,999ca6c21fe8b6f8a5accfb5949ad503,2017-08-09
c4142556a994ea3382c0b8d954c0acdb,aa918dcf8eda36aa6639e3123a64ff2f,delivered,2018-06-20 17:02:01,2018-06-20 17:22:01,2018-06-22 12:52:00,2018-07-03 16:03:12,2018-07-19,98341ec53bd2130c32390570d0929da9,2018-06-20
09f8cd8a102b3f3fa2d5db0c6aee489a,ce5c2647d9125a115851c01b5b356426,delivered,2017-09-15 16:35:51,2017-09-15 16:50:20,2017-09-19 18:58:55,2017-09-28 19:38:39,2017-10-11,14b2d7596cff635e839b14b4bdea1a16,2017-09-15
f7ae7cbe3967049e8cf9103d84155c44,c38814c1b69f1bf87b5f261f08bdd363,delivered,2018-02-10 19:48:45,2018-02-10 19:55:48,2018-02-14 20:05:19,2018-03-14 21:26:58,2018-03-12,e8a8f9276f51c9efb5a2ae48e6bd7c1b,2018-02-10
8ef1cdf601ce23c589774e6fda185587,7c6d6a76efe8c2c8471cc574ae47a697,delivered,2018-07-20 12:17:20,2018-07-20 12:30:21,2018-07-23 16:49:00,2018-07-27 15:59:30,2018-08-09,f3e0c1b370d400b6268470bcceac6fbb,2018-07-20
7322eb240863564b9a92ae395b476be9,cbab0df1c06efe86403afef5dbdff079,delivered,2018-02-04 11:26:08,2018-02-04 11:35:25,2018-02-08 20:32:27,2018-02-19 10:44:19,2018-03-06,65610767e483dd4b2521f92a3a43c24c,2018-02-04
ebc8529a43a15aa54156695392ab28cc,7eb55cff2a0cf66188ae543da3b8a4d1,delivered,2017-11-19 11:57:19,2017-11-19 12:10:22,2017-11-24 20:56:58,2017-12-13 23:54:50,2017-12-07,2fd6acf7ac9a52b9c49b3c73072be956,2017-11-19
fc9a5afd96050ceb0d9f12a4f8c5d9f0,98fe6ae8410f2e46f8169623ccfa5e6d,delivered,2018-08-01 09:08:40,2018-08-02 05:15:10,2018-08-03 15:10:00,2018-08-09 17:11:42,2018-08-13,801be759d8867e392827a1fa5bac26d7,2018-08-01
5302018f3ca79e79316ca710edfe29a6,e49116a8cbc85883007a293eb252a799,delivered,2017-04-14 12:03:47,2017-04-14 13:02:16,2017-04-17 11:03:43,2017-04-20 10:48:42,2017-05-08,659140cc3652500a815b4e14b50d3335,2017-04-14
f2194f10572bc6bfabc99465a6d3f55d,f0aaffb5023be7a38e84280893892514,delivered,2018-04-05 09:08:47,2018-04-06 03:10:30,2018-04-10 00:58:43,2018-04-13 19:32:30,2018-05-02,f28b8db4c85bd1b6955fa57784ece720,2018-04-05
81fffc4a57c371d20f822517c9e4f9ae,bf9f964e516cb310162aa203b7e304ff,delivered,2018-07-17 18:02:13,2018-07-19 03:02:38,2018-07-19 15:00:00,2018-07-25 17:51:29,2018-08-08,8c9bf6a3fd1f3ae94e1100edbcf5f0b5,2018-07-17
7ab25586eb0423d8038091f70b35a4a5,fd34f9db23889bc5517d189546e18ad5,delivered,2018-07-24 16:26:53,2018-07-24 16:35:21,2018-07-25 14:12:00,2018-07-26 16:29:08,2018-08-03,d616660fb070f325b55a8c9a1e98b400,2018-07-24
2fb6a72b0a07a304bba3ff03e02728e5,8fda7a6f63fd5f1f098ad1dc28ce6d41,delivered,2017-09-20 15:34:26,2017-09-21 15:44:17,2017-09-22 14:07:08,2017-09-25 20:48:25,2017-10-05,544ee5c19a88a85c1dcc8db21055a5e2,2017-09-20
48bce5f7df05ac43bea16f77546ef22c,8b3bed1ed0578d5b682a475584250639,delivered,2018-05-10 16:43:08,2018-05-11 02:57:38,2018-05-11 12:26:00,2018-05-16 18:47:47,2018-06-01,02c53d2e9785a8da9dffe8d77a2cd882,2018-05-10
3ab2e0cca7a7831b28bb1bcff404f6c7,ed0deda10666afaa99bf30119f929ae3,delivered,2018-07-14 17:52:26,2018-07-14 18:15:23,2018-07-17 06:42:00,2018-07-26 20:52:31,2018-08-13,f415ac637291d7774a3bf274b8b33fd0,2018-07-14
7be4a210a223f13fac663c64d8cb6d04,84c34f46136918961512c810eeb48ff3,delivered,2017-12-13 19:43:57,2017-12-13 20:31:34,2017-12-18 22:43:04,2017-12-26 23:33:22,2018-01-08,73b4f420a9284d68e7ae8b441b0970f4,2017-12-13
ae82bdf97e99c33582559e2532915b53,f1452c1d5261b64ac857117bf23835c9,delivered,2018-08-08 14:58:33,2018-08-08 15:10:24,2018-08-09 12:32:00,2018-08-17 11:51:09,2018-09-05,f7f5074184a59c92c83fabe748cca331,2018-08-08
f221e96b7de74d489ab306e560fb83a1,ae1e1ba7da8c6aae741a7787b5935bbb,delivered,2017-12-18 11:44:31,2017-12-18 12:14:08,2017-12-19 21:06:59,2018-02-06 18:42:57,2018-01-11,b942af5991f733c0fee381817423fe80,2017-12-18
efe2bd0e4d25b933231492f36a6e1847,0edc831063e713610ad25d10ffb74848,delivered,2018-02-21 14:12:18,2018-02-21 14:31:03,2018-02-28 18:17:01,2018-03-24 14:32:07,2018-03-22,d409c5590a75603ae1fe24d66d5008c7,2018-02-21
119c7049e648e0c4073ceceab6c3cd3e,9fba2d301c9a7cea309e14ab04074f23,delivered,2017-11-26 21:51:07,2017-11-26 22:11:53,2017-11-28 00:08:32,2017-12-21 20:04:06,2017-12-19,aac4972475b8832c62f3d91891799ccd,2017-11-26
dc06d3b11cf4f6499a6fde2c1beda13e,ab59fcd8f3c0c950367c12d84f2676f7,delivered,2018-07-09 17:20:11,2018-07-10 17:15:14,2018-07-13 15:42:00,2018-07-25 18:36:54,2018-08-09,41a9be94e37afed8ad8c5959e43cfa8b,2018-07-09
62468ec3bde7ad016b389b68516dceb1,ad0e66c52492565817b1413109681a08,delivered,2018-07-18 11:23:07,2018-07-18 11:35:13,2018-07-24 14:59:00,2018-08-06 22:32:56,2018-08-13,846b70a08ed18f0f43f870cde3662376,2018-07-18
909fe8229847328fa7b5fa59b253ba25,adf9134ea7338307a33c4af9026a6b1f,delivered,2018-08-09 12:58:10,2018-08-09 14:30:16,2018-08-10 15:57:00,2018-08-14 13:27:56,2018-08-22,be15e4f2925c356e4361c9b7d0dd9aa5,2018-08-09
c0c48daac5ca760ce57d4e500886dc56,eb6c184537730dfd01497567b6dd15da,delivered,2017-01-22 14:13:58,2017-01-22 14:30:42,2017-01-23 12:02:29,2017-01-27 12:34:38,2017-02-28,9e706ee24d932f790f22a7ffa70989c4,2017-01-22
856d4ca373e855bd0cc6f782cd78686d,69cf319150fbe6796a8fc7cb1130906d,delivered,2018-05-15 19:29:27,2018-05-15 19:53:03,2018-05-16 12:37:00,2018-05-22 21:42:26,2018-06-04,5950403817f9120682f2a3330de922ad,2018-05-15
1710114c1a278545964b28b49d85a2a4,fa1b9531a23ed747b30acc5ff7bf4f54,delivered,2017-11-24 14:18:31,2017-11-28 03:33:35,2017-11-30 20:28:34,2017-12-08 18:51:16,2017-12-14,cef354e35d130e1452229886c37e5b7d,2017-11-24
f01954cab76ef5d938d291d2f1d201e5,e0c162c722b9ee73b89b93199e774b43,delivered,2017-04-14 18:08:15,2017-04-14 18:15:15,2017-04-20 10:44:35,2017-05-27 08:28:54,2017-05-16,d4f535499419d0b8bbdcd7d9a81e5578,2017-04-14
30192988070ccc8d5f5d40aad62b8ed4,c1bc1aaa41d83c84f70faad9a89729b2,delivered,2018-06-22 18:22:44,2018-06-22 18:39:26,2018-06-25 12:21:00,2018-06-28 12:41:31,2018-07-18,5b739e40ca3a2cdf70114f04e4384634,2018-06-22
a7684eee10105bc8c5a8e3f2f05f5253,0c09b433fb049996631021002c9cd554,delivered,2018-06-23 17:50:10,2018-06-23 18:18:52,2018-06-25 13:45:00,2018-06-29 20:38:45,2018-07-19,4f39af72395297f994a1bc1ece7d7796,2018-06-23
17de20f7c434b4c8c3a089b5bd72101d,04fdab473a47f9b5bc9176d939d43070,delivered,2017-12-30 20:36:19,2017-12-30 20:46:40,2018-01-03 17:47:26,2018-01-04 18:20:26,2018-01-19,eca42597306dd33b3f771960f5c05acc,2017-12-30
cff26b49480fa8c4917fed0c71a61e21,7b5d824ef05303b0260d358a1adf9b2c,delivered,2018-06-16 18:05:54,2018-06-16 18:37:10,2018-06-18 14:59:00,2018-06-30 12:28:52,2018-07-24,46111f39b5afce0fba8d897d15a9b2cb,2018-06-16
aefd4f1e5f6dc055f7a57ff5d884071e,e7efe6bb17180833851f8987a6ce0f1b,delivered,2017-04-22 10:28:31,2017-04-25 07:55:19,2017-05-02 13:48:38,2017-05-09 15:08:02,2017-05-17,160e82a2606e627111a80c143feee038,2017-04-22
86dc6d6365151fcdab6e43c4bd3c2dfb,bdd83d967b2308a3c858da8ca0a5d5cc,delivered,2017-07-22 00:26:36,2017-07-25 03:25:34,2017-07-31 16:42:02,2017-08-10 18:05:07,2017-08-15,ad6b41ac47a4468e992474b86b943a20,2017-07-22
31b3e1e5188e76431af2242ebbfb4ba4,10b290f2147c60a34dfa71fe158fd343,delivered,2018-01-25 10:29:14,2018-01-25 10:58:19,2018-01-25 21:52:35,2018-02-07 00:59:06,2018-02-19,6a3927ab5cce387591fcbe8740e58fb6,2018-01-25
01c2d2ffe8349c5eef0ab33e8ff1f41c,d57dc4003cdf3d2229ca20d76b889075,delivered,2017-10-10 09:49:31,2017-10-10 10:06:09,2017-10-16 16:25:42,2017-11-07 14:43:08,2017-11-10,58e9485906911afb2517d118f44b9195,2017-10-10
a9eff8f70def39eb9133c1861c49ee76,568b8a86595619181ea75af225d6095f,delivered,2017-09-15 17:27:08,2017-09-15 17:44:27,2017-09-19 19:33:10,2017-09-29 21:18:42,2017-10-09,a9ffffcb3c269896e73079f05db657a1,2017-09-15
f8b1f5bc1c01359c4cc4e611c257ff2b,ce2364608961bab62ec9fdb15166df40,delivered,2018-01-20 13:57:51,2018-01-20 14:31:03,2018-01-22 22:03:27,2018-02-06 18:34:52,2018-02-19,8c9944d49c9d38ba8bfb9a784e18b76a,2018-01-20
42ecdc74095df67319b9d2ce16c43329,2b5f3324b7e634c393c51b7647284bfc,delivered,2017-10-16 16:28:00,2017-10-16 16:50:19,2017-10-17 19:12:49,2017-10-23 21:21:46,2017-11-07,19f7951e700c600e4fb205982a06274a,2017-10-16
b300e160f5892169bafa006e670a43f5,61c2e2b154c006a3adc73f68f1df6fd9,delivered,2018-08-02 13:11:14,2018-08-02 13:30:51,2018-08-08 09:48:00,2018-08-13 16:21:56,2018-08-10,741196e4796c95631b0ca9b42a2fc781,2018-08-02
688777dd259c99e7554f3901ff653a54,d26f92dad3a2f62023e3411cc7ae6721,delivered,2018-06-28 21:55:37,2018-06-30 02:52:35,2018-07-02 07:57:00,2018-07-10 17:03:19,2018-07-23,8aaa1627d1c9bc4c067ea189493a5205,2018-06-28
dda00bd9d2607be3fdb9db2abe33b9b7,e75f17743ce11c2145ca3f188b8acf0a,delivered,2018-05-18 12:01:23,2018-05-18 12:47:56,2018-05-21 11:04:00,2018-05-22 20:12:28,2018-06-06,e89cbac27107d19916fbcd7ce9c9ac25,2018-05-18
6eea01cfbca90a278819c163602d0a69,8d7f766a4125882f2d59ef3b04ae7a39,delivered,2018-07-11 20:39:49,2018-07-11 20:50:17,2018-07-12 12:51:00,2018-07-26 02:24:39,2018-08-09,7f8198f8809d9091afbd1ad94aa2220c,2018-07-11
1d4fff6b3a70a427fcd88a848c3b6050,9c486e445f21a9e077e9f98ed915fd34,delivered,2017-11-28 23:21:17,2017-11-28 23:38:00,2017-11-30 21:03:49,2018-01-22 22:09:38,2017-12-29,4da685a67d8eed75f5bc0e7b01d3b0b0,2017-11-28
ced0e946ad5799158b4bebd93c91a100,766c2f70aa17fa444f29afb40ad857ef,delivered,2018-03-14 21:51:45,2018-03-14 22:09:13,2018-03-27 02:44:47,2018-04-03 14:58:39,2018-04-11,7a9731d2d1b7afb2d76f026c097e195a,2018-03-14
e9c21c4d7623632e74817142131f69ab,f31a4655577f4052dbb69223f464022c,delivered,2018-02-25 23:31:03,2018-02-25 23:47:26,2018-02-26 20:19:08,2018-03-21 20:08:44,2018-04-04,119cfbe712c803db8824361527f5cdfe,2018-02-25
95d5f038a551666d46a7729a67a1b414,4c8c7d418e7d4846f9d574b22fb89337,delivered,2017-12-03 14:39:18,2017-12-03 14:55:28,2017-12-04 16:42:08,2018-01-10 17:25:53,2018-01-03,d358a2a13cf7996abe26067ae5c43b3d,2017-12-03
fd5e05293e4e26b58d7cd6c75c7c9aec,7ca7693b6654f9f82bea7b9dfa8146c4,delivered,2018-01-08 15:40:15,2018-01-08 15:50:26,2018-01-09 17:29:06,2018-01-16 22:37:57,2018-02-01,d4c6529db1f1141c313f995abd7deaff,2018-01-08
bc6f0d20151b72e478b552a053707ec6,b000b36b33814dba6443ca09f8662bf6,delivered,2017-12-15 19:12:40,2017-12-15 19:31:13,2018-01-19 18:47:50,2018-02-08 13:17:10,2018-01-26,5e4d57b5217587ccb9234555c17e303f,2017-12-15
abd294844f541f770f1dba28105e2057,27b358511e5649e3ca16dbbd9e82660b,delivered,2018-03-28 18:44:19,2018-03-28 18:55:23,2018-04-03 17:14:45,2018-04-05 03:41:31,2018-04-10,b40eaa6c5e2307107ad59716f0baddde,2018-03-28
7f3eeda083f7dd3143b24b17ad4ad881,3f3c551ca0c2bef2ab53b699359901bf,delivered,2018-01-28 15:08:22,2018-01-29 15:18:42,2018-01-30 19:22:28,2018-02-01 16:58:38,2018-02-14,28cfa4471fab15695744e57ce3036694,2018-01-28
4f2499fee2bfca0fbbf9a76a31da4128,f923aa709f566bff2443096619a9cd9a,delivered,2018-03-08 19:25:35,2018-03-08 19:35:37,2018-03-09 15:48:26,2018-04-27 20:41:38,2018-04-11,d4a3c35b34e3bb5f93d8b23b34d742b5,2018-03-08
fa22f5f8711934f18364448592c96099,39baadc8a03599bc0b1463d5e5e5f4e1,delivered,2017-10-25 06:08:50,2017-10-25 06:49:17,2017-10-25 16:20:01,2017-11-07 22:41:12,2017-11-22,1b3e86618df590124d8d1290436dcd0a,2017-10-25
a13c2dd333f7fc6e2cc260f2e307ae0e,0a887e506b9ca97cf5c00190118d6c54,delivered,2018-02-22 15:43:46,2018-02-22 16:10:09,2018-02-23 22:45:51,2018-03-19 23:04:43,2018-03-26,cfa2f237bb69bf90590d25553746e604,2018-02-22
91d62a361b8c239a73fa1d50961da3fb,ba74d47434e0ebf1840b5c9341451fba,delivered,2017-05-11 14:19:13,2017-05-11 14:25:14,2017-05-12 14:10:40,2017-05-19 18:42:02,2017-06-06,68a42f27fe5a944473c10b8950cb94b9,2017-05-11
8c7567ec8e551d23654888754fef5e3d,08f70611f271f98cf3f7d7b15f257a9e,delivered,2017-11-09 17:04:35,2017-11-09 17:15:35,2017-11-10 15:46:49,2017-11-21 16:16:55,2017-11-29,bd9faf610de6660a02b39510406c8e9f,2017-11-09
f3e4e1953308df0b913ac8edce084e08,0340a58f4c5575ef03a6083a95c01166,delivered,2018-08-10 10:11:40,2018-08-10 10:25:17,2018-08-10 14:57:00,2018-08-15 15:27:49,2018-08-30,1b7656b5b3c92c5e7d878ed08f5b130a,2018-08-10
5d6ca8d2f39c609dc330b731dc5777cb,10031ad7752b10374ba516be41953b6c,delivered,2017-02-17 18:27:58,2017-02-17 18:35:21,2017-02-21 15:57:48,2017-03-09 09:14:02,2017-03-27,a262442e3ab89611b44877c7aaf77468,2017-02-17
b68d52eed868239b2bf137c03c5576b1,a9c06e645446b083037e61a649661178,delivered,2017-11-24 01:28:11,2017-11-24 01:38:45,2017-11-30 15:04:01,2017-12-04 20:37:10,2017-12-14,68f005bec8a7d42bbad9978b4076ba01,2017-11-24
b1127d37a7b6bdc4fadbc3e1345338dd,e6242688aa32fed2e637c9c7700eba53,delivered,2018-08-20 21:03:23,2018-08-20 21:30:08,2018-08-21 14:24:00,2018-08-22 17:21:39,2018-08-28,11e379501f73ec65c77def13ec8ae678,2018-08-20
3de96b35ed547a94451b30a4254f2c16,2e0ce1c5cb451e27e1848c657c0ad5cd,delivered,2017-10-30 13:27:55,2017-10-30 13:47:56,2017-11-01 18:53:03,2017-11-06 20:58:47,2017-11-28,fbeff5c13e7e935d9e2dbe67de1f43c9,2017-10-30
3941ca6fee43030b3a030be440e4ead7,fb7a1918bb56cd4318461bd2377e5e80,delivered,2018-06-06 00:07:53,2018-06-06 00:32:04,2018-06-06 14:31:00,2018-06-12 13:32:29,2018-07-12,aad8468ac5a4b7fa42c2039d062d775e,2018-06-06
39627a21dc26dd7c2810548c6b6e1e90,3d4b571062a7bb528ced4e8e11f095c0,delivered,2017-06-01 10:10:24,2017-06-01 10:25:13,2017-06-01 12:04:02,2017-06-16 14:07:52,2017-07-04,5ec0a4b5c5c7ea2a5b62f97f746bd4e3,2017-06-01
f909a30204df41fa3c27e9490f536aa8,ab374b1de7b43e4c22708b9a10eeff06,delivered,2017-04-08 17:30:18,2017-04-08 17:42:14,2017-04-13 04:57:49,2017-04-18 11:19:58,2017-05-02,d2787659f877383116444577ad10a5d9,2017-04-08
1f7c3aa924109d27ae780567b2672c62,ad2062b5c19d63ccc4771b5066c47b49,delivered,2017-06-28 11:43:32,2017-06-29 03:04:07,2017-06-29 14:02:58,2017-07-06 11:59:25,2017-07-20,98f35761913fd1bbaa341d160c7e2745,2017-06-28
6a2928ab4a049ae96aef70dd00d5756e,93c24ebbc0a15759dd6a9f32af1aa7d3,delivered,2018-04-13 14:44:33,2018-04-14 14:51:50,2018-04-20 17:33:54,2018-05-02 16:59:49,2018-05-18,94841e81da3b036dc95b5a421f39ebbf,2018-04-13
38f4048a89f04d7f0d74027b61128102,57c17b8d4ea6773fe5913b6815ff541c,delivered,2018-02-04 17:42:43,2018-02-04 17:50:31,2018-02-05 19:38:24,2018-02-09 11:38:51,2018-03-01,17752947437a7efb05a21168f427abb5,2018-02-04
737e75dc8fad86ce2b5b41377a28dac5,0fe96292e15cc4dedc8b1eae770933fc,delivered,2018-07-12 17:26:37,2018-07-12 17:44:44,2018-07-13 13:34:00,2018-07-16 15:17:34,2018-07-26,36daea52b0391fe31b9f5696e227beef,2018-07-12
916176e8ce74772807cfb28860535ae0,46c19710e4ec96f3c532cb3ac376b794,delivered,2018-05-28 14:51:21,2018-05-28 19:16:58,2018-05-29 13:51:00,2018-06-06 21:18:38,2018-07-04,159451004e67321c2dce6685958a8dc5,2018-05-28
1ebcf69fa275bb588691ece37ef82a30,19ad73c877b2ba253c68f626007cab97,delivered,2017-10-30 14:23:56,2017-10-30 14:35:20,2017-10-31 22:03:07,2017-11-08 18:12:56,2017-11-28,c3f8dd46275f086dbdc3d03475311e93,2017-10-30
7de5a6bdd0de17b60a6ca664159c18ca,5bb2d3412b01523e83672803d7a1811e,delivered,2018-03-08 16:01:18,2018-03-08 17:01:02,2018-03-10 01:48:34,2018-03-19 22:28:29,2018-04-03,596f46e4d4b172098ad46d4d7880bcc2,2018-03-08
c1d674e39c5817a71ecd386821d865c4,01ebd22baace52e484a1c52ff136ebe1,delivered,2018-04-29 08:50:21,2018-04-30 13:34:31,2018-05-03 17:14:00,2018-05-04 22:05:19,2018-05-11,903db28e56c4f89d0909f6e8ff7c6050,2018-04-29
fecfa796d77518eb5df5799cf3e1b495,55b06840682fa5c3ce0401f9b20a7983,delivered,2018-08-03 11:04:14,2018-08-03 11:15:19,2018-08-06 09:07:00,2018-08-14 20:03:33,2018-08-17,6d71d477d5829a895aff7f893f7b0ade,2018-08-03
d36b13fdc087b62c490a9db5c0e0a913,56dde41c7bb48ff317cf71625ee3b33c,delivered,2017-10-04 08:17:30,2017-10-04 08:28:18,2017-10-04 19:56:07,2017-10-13 16:53:43,2017-10-31,5ee1a7e84a17bcddc784977557a7a186,2017-10-04
25746e647fefb656cf0fc3a03216e7cb,552ea388817ddbb515cd8421649a972b,delivered,2018-06-27 08:57:44,2018-06-28 08:50:59,2018-06-28 14:59:00,2018-06-29 21:03:39,2018-07-12,5f23cbfc8eca46814f1ae83d0db49397,2018-06-27
6f5287c7bb4cef1435b9666c23c54f9e,3e2f9f7044212b8e635c6a9d19688cbe,delivered,2018-08-14 23:22:18,2018-08-14 23:35:22,2018-08-16 13:04:00,2018-08-17 17:38:56,2018-08-21,0372355b599cb57f978923b19a804290,2018-08-14
91dfad2e79a07e06a4b6d53c206cef28,d59c34e12125e2a7cb51d1ba558dcadd,delivered,2018-03-11 18:33:51,2018-03-11 18:50:26,2018-03-13 15:53:35,2018-04-05 16:50:49,2018-04-13,cb86b9cdda855d8daf972005bb29399e,2018-03-11
b601ce5415b4d58823d60e0e8e32ea12,facf77adcdd7eee70041e0e6dfe726b6,delivered,2017-05-06 09:04:24,2017-05-06 09:15:11,2017-05-11 13:03:19,2017-05-16 09:32:17,2017-06-06,3c666a108c01654a85fdcf2a20e12ed0,2017-05-06
67125a02929ae733f8087641f22c6842,fa8beffef385577583fa4f5ae3a01698,delivered,2017-12-31 11:30:26,2018-01-03 04:16:39,2018-01-03 17:54:03,2018-01-04 19:53:23,2018-01-22,4ee423014859c387547e0441f9230ea0,2017-12-31
33556b1dc910f89519193dc8a6e1632c,3608d35e0f5fdd7def8947406ff568f6,delivered,2018-05-02 21:12:01,2018-05-02 21:35:25,2018-05-03 19:01:00,2018-05-05 12:32:40,2018-05-10,a494c01aa2af91cc0556633fd0a4aefe,2018-05-02
08beae16754b76c55e9f49c7d4d138dd,a62ed90dfc56c8eb3e021e9151fbf469,delivered,2018-03-04 18:26:22,2018-03-04 18:48:26,2018-03-05 18:03:49,2018-03-09 23:44:43,2018-03-21,28de7333fe1c9bf7af6152972c01ccc6,2018-03-04
eba9f7d9010e498a2fdd4a48583db537,e3e12992b74ab5c23abf9a2d160af158,canceled,2018-01-29 16:10:57,2018-01-29 16:36:49,,,2018-03-05,4d8f12bc9b7ef020d6728530215daca7,2018-01-29
8cf7aec82620bc52e22e4cdcc76d0436,ace3ac15af94600e980ef4cffacb8ac8,delivered,2018-04-08 15:41:03,2018-04-08 15:55:18,2018-04-13 00:03:30,2018-04-16 22:22:35,2018-05-11,fdacfacca514cbc2c92a9b5ad1b765d2,2018-04-08
aa8a0a13a82200ca731915b262113b2e,999ea745e15b6f7bcb451e51d1b9d64e,delivered,2017-11-27 14:59:57,2017-11-27 15:18:28,2017-11-29 00:31:49,2017-11-29 14:12:38,2017-12-12,6f224b6cb1a2ea1df19abb532838f644,2017-11-27
70238f8ef874a547e18e58572c2c9a72,e051a01b04a8d5e78616a168648ed62e,delivered,2017-03-07 20:16:14,2017-03-07 20:25:21,2017-03-08 14:49:07,2017-03-13 10:12:47,2017-03-28,53924d76fdee811f00d845d85ff5f4cf,2017-03-07
60e2e89624c1d0711e325baf34fe2327,d91e1ede7c32d5c62cd335c194fec439,delivered,2018-01-10 10:53:06,2018-01-10 11:31:40,2018-01-11 19:49:01,2018-01-19 19:38:33,2018-02-08,3ebe8580732491ea32bd29cda3ad7d20,2018-01-10
7d77fa53e7aaa8b90c3bf1d55392d432,60be6efd06ea26069011a291c11a36c1,delivered,2017-11-21 15:44:48,2017-11-23 02:56:24,2017-11-23 19:28:26,2017-11-24 19:42:48,2017-12-01,0a8410870387eb3928e0c70b3861dab1,2017-11-21
697d17b442e7f401feca0e794a359fbf,2317e4dee52344e806677cbc15e7edb1,delivered,2018-02-23 14:11:03,2018-02-23 14:36:33,2018-03-05 19:04:55,2018-03-20 17:12:56,2018-03-20,6b665c73da554b10f620bac8ac2b7432,2018-02-23
ac5bec9923eff67a7b009e9b911568d8,6413dc9734b3d1aca5409aa418f22271,delivered,2018-07-13 12:53:35,2018-07-13 13:05:24,2018-07-16 14:39:00,2018-07-20 22:10:49,2018-08-03,0ef348bd29d8376594c33906d9d2a7d3,2018-07-13
436a28a029a7c89474beca1de4f02a29,f4a0b03123787bc57fd4fcd6ca35dbf7,delivered,2018-03-27 19:51:12,2018-03-29 03:28:52,2018-04-03 20:48:23,2018-04-11 23:31:39,2018-04-19,e67b2407c7cbaf5bf0168c19c45c09d8,2018-03-27
b66045a5fb8e241a3a6ed1b80d90a456,6c3a8830c60ff06ef8ad5f6dbe66de70,delivered,2018-01-28 20:02:23,2018-01-28 20:12:22,2018-01-31 04:36:29,2018-01-31 19:35:57,2018-02-14,c78640cabd63c4eba3b518c4dc4b7031,2018-01-28
84b0b638cd0168c9b746cca306bae3dc,78e154bde284dba22fb7eb2d5a4509f2,delivered,2018-03-02 06:38:06,2018-03-03 03:20:25,2018-03-05 17:16:57,2018-03-17 15:06:23,2018-04-03,d8578e261bb0f0da49e8512d68f356f6,2018-03-02
215b38acfb4aef3bb0144656bb102421,704524826c3b6ea14cea19ba0c11ec4e,delivered,2018-05-18 01:52:29,2018-05-19 03:13:01,2018-05-21 10:39:00,2018-06-06 22:04:14,2018-06-12,2852637db607bf7d453e51b172b3e7d6,2018-05-18
c2baa2c68f42b3980566cf7f366fcd5b,36cc844b2f496f003881ddf803ec6aa7,delivered,2018-06-05 20:44:27,2018-06-05 20:55:43,2018-06-07 11:18:00,2018-06-14 20:52:47,2018-07-11,ae899cddd0d9a9ae7f10099595241089,2018-06-05
6620ebb2d24058461a5605a2aa2c6375,c8c018e212ca340cf5be63635e834e25,delivered,2018-03-12 14:43:29,2018-03-12 15:01:35,2018-03-20 16:48:45,2018-03-26 14:08:34,2018-04-19,ae551e288551e65e0b2cf6717e872086,2018-03-12
b04b2f28409ccd550c06a3fca4d6eb00,634c177860e07b898a37785bfb0beb75,delivered,2018-03-13 14:53:04,2018-03-15 03:15:43,2018-03-15 16:42:16,2018-03-19 16:22:48,2018-03-23,50286d03f988d26e39345b56aeb0397c,2018-03-13
dc28a299ebc4b33090b37f7419c9b99d,fde152951ba154f18237d6296891a9b4,delivered,2017-03-21 07:48:30,2017-03-21 07:48:30,2017-03-21 14:24:33,2017-03-27 16:30:23,2017-04-07,fda964f1829992b75ad2378481c9aa1d,2017-03-21
77f0f62ff8a59620532b7f2ef9065e17,f696649e5d76695300d1b2c5f2129b02,delivered,2018-07-16 12:31:42,2018-07-16 12:45:23,2018-07-17 11:59:00,2018-07-23 18:10:46,2018-08-10,47210d3ce94df6a7e4895266f9658b6e,2018-07-16
00335b686d693c7d72deeb12f8e89227,d96e5c4400413a11fa8c9fd54be4a20b,delivered,2017-07-17 21:25:23,2017-07-19 03:45:26,2017-07-19 17:07:11,2017-09-12 20:58:45,2017-08-11,22b12c9c5bc6ba994b2423d87d3bb88a,2017-07-17
5d0c8f7d2215114ca6c95a8af1ad7a00,a8f0f80528ee6b2fa841d315ecb84cb0,delivered,2017-04-05 16:46:42,2017-04-05 17:02:23,2017-04-06 15:27:57,2017-04-11 15:54:32,2017-05-08,445e459fbbf14560d31135e71580f615,2017-04-05
97173f6b3efbc425e8b288645489e57b,87449a7d4a45da8538cea2e72ec2c729,delivered,2017-12-23 10:04:58,2017-12-23 10:12:30,2017-12-26 15:09:04,2017-12-28 13:57:18,2018-01-22,4d4d16ba9874d7ebc4760e519dcb52a0,2017-12-23
fa37c4d7efdb58513147c124a078bc54,6ef4f80d86d939eee04bc62dcaee39a3,delivered,2018-03-23 11:03:26,2018-03-24 02:10:47,2018-03-27 20:57:32,2018-04-06 03:11:39,2018-04-17,a8bdef73358f311895083a24ddf77c1e,2018-03-23
b4a61133656060766f7357f4a21777eb,cb6f428bfa76fcf7cdb49b85c70819b6,delivered,2017-09-19 14:09:09,2017-09-20 02:24:05,2017-09-21 16:49:18,2017-09-26 17:57:28,2017-10-11,ed64f46181e8ac77b7e9d545c082594d,2017-09-19
b84a7eeb925e2c96bd6cd7796394ece5,8f97ee7392291ea66b3592881e7a9102,delivered,2018-02-04 09:10:24,2018-02-04 09:29:56,2018-02-05 23:46:29,2018-02-15 01:28:55,2018-03-09,3f320e45f305ef3bb93b6c424a7a3cc7,2018-02-04
2b1d482e9b00a6f20d0e5688065cbf2b,ce40c9a92219c8eb3e2e44465e233a7a,delivered,2017-11-18 00:46:16,2017-11-18 01:10:35,2017-11-23 12:59:19,2017-12-10 13:29:13,2017-12-13,9c193d633d4bf351ce01f83404a8f9d8,2017-11-18
5d93a32a25ed8f8e884e5a1d283c43dd,b0dfff3b69c6420c45bee6e689f8b060,delivered,2018-06-19 11:23:30,2018-06-19 11:35:24,2018-06-20 14:43:00,2018-07-10 15:06:43,2018-07-17,517d9ab9040f980886f1e07e7c2781d0,2018-06-19
45ec898b8788003690b15eb232f9de53,d6aa925e45cc75abfa568f3eb35962f9,delivered,2018-03-14 14:19:09,2018-03-15 03:31:35,2018-03-16 20:38:32,2018-03-19 18:18:21,2018-03-26,3f20a510266ac248d87cb6778c77d87a,2018-03-14
a40502ef2029080537a03312ad509b69,351b2fd3a7f9c5580287edfbd6e98a7c,delivered,2018-01-29 16:45:15,2018-01-29 16:55:50,2018-02-01 00:19:02,2018-02-20 19:07:33,2018-03-01,ca741ffe88e9841fefb2151e76c3e4b0,2018-01-29
583174fbe37d3d5f0d6661be3aad1786,e545e697bb9d1b81e0a702121d4e94d5,canceled,2018-08-04 19:25:07,2018-08-05 19:24:33,,,2018-08-13,cdbbafa842e30d5e79dcef5bdc118831,2018-08-04
20530ee11f40ad96e576465649828c2d,7a7d13d8c12d08f68dcdd14385e7c1c1,delivered,2017-11-24 22:33:04,2017-11-25 01:33:24,2017-11-25 16:31:36,2017-11-27 18:39:02,2017-12-08,22b34225782cfc9df038af966053dd91,2017-11-24
cce2f38a1c903ff25cc0da92e7423d8c,2ff59de37854c7f6805146fead21e42d,delivered,2018-03-11 20:46:53,2018-03-13 04:08:19,2018-03-14 00:24:25,2018-04-14 16:32:56,2018-04-05,6169836fed62d7f3df7c2dfeca9b5f39,2018-03-11
7b498f4d63d591df8f2b0c675464a255,f024c67ecb2692299af6500fb49ef71b,delivered,2018-07-09 21:53:03,2018-07-09 22:05:22,2018-07-10 12:40:00,2018-07-27 18:03:45,2018-08-07,01462a1d33f1b303bead3ec1ae2c4f7e,2018-07-09
22bd0b5dc9f8dbddd22aeab8ef27fd85,7d1e5179bc9a15bb041726618ed35d12,delivered,2018-06-19 10:08:49,2018-06-20 02:54:57,2018-06-21 14:31:00,2018-06-25 15:36:46,2018-07-16,10ade705ca843fba444f2ef385bfa214,2018-06-19
fce3329932f72d11220888b9e69ef152,6624a1cf3972b0363b03c3cea8b84806,delivered,2018-01-25 15:33:51,2018-01-26 03:16:57,2018-01-26 17:49:01,2018-01-31 16:29:53,2018-02-19,9fbe4e8c2bf78e8a6daa4ee1f80706b8,2018-01-25
cbf058b13eb4a539f5e5541617bafb1b,228aa3fa3b39a6b67e5cc42f8d0e349a,delivered,2017-09-07 10:25:23,2017-09-07 10:36:11,2017-09-09 14:38:52,2017-09-13 22:00:07,2017-09-26,d612df8afa6ef49598a85cdced23474d,2017-09-07
3c6e9cb84555b442fd5622e552195a14,6ad03e6634e7f06c67c6d6833930dee9,delivered,2017-07-12 23:09:37,2017-07-12 23:25:12,2017-07-17 15:47:32,2017-07-25 21:57:45,2017-08-07,28bdccfb42caab5e4eb2a9295135cc67,2017-07-12
e35528176e3374bcb21842931b5a3e8a,08dbe84d5f0f740e4ffded575b686e32,delivered,2017-12-05 01:36:14,2017-12-06 02:35:46,2017-12-27 21:24:42,2018-01-04 22:58:42,2018-01-22,c6c03bba166b958a40328e452ead2b3f,2017-12-05
a0fd3e8622e5fd64beaf31de61399b1e,97b271d89f6d420be947869c55c64b76,delivered,2018-01-12 14:09:36,2018-01-12 14:17:34,2018-01-15 16:48:08,2018-01-22 13:27:18,2018-02-08,85fc5c4dd8693b31bd9494308b4080f1,2018-01-12
9dc032f4d0154877b3fdddff1324d5e8,48208b9deb3d51def25cd44b672cdff9,delivered,2018-06-02 12:54:29,2018-06-02 13:10:14,2018-06-05 08:06:00,2018-06-14 16:48:45,2018-07-16,819c65629034acc8a0e1c096c2c6715d,2018-06-02
04497a3993ecf2e604b91ca0a8a80ecd,539e46ac17d2bf235de0168dfc35ead9,delivered,2017-09-17 23:21:05,2017-09-17 23:30:16,2017-09-20 20:38:02,2017-09-26 16:48:05,2017-10-09,a7c0ec3d377b3485df8ee19439e3b10d,2017-09-17
33450e29053faedc2dd9b103e54b55fb,85ed38c1ada9c5fec7b999eebb4ac1a5,delivered,2017-08-05 15:53:01,2017-08-05 16:10:10,2017-08-07 23:54:52,2017-08-14 19:07:54,2017-08-29,dda1078b0a2275618f8d197ee18c2273,2017-08-05
f07c2a5561e437e1a61e62a3b7123b65,6debe8bb9f47c28f881f14bb830070f0,delivered,2018-05-08 11:47:11,2018-05-08 12:16:44,2018-05-10 16:17:00,2018-05-14 17:29:02,2018-05-16,3dedfe2989392f44335fef7f7075eb56,2018-05-08
a756ca7873d8dfa6a2954b040f53052a,96568e229f8fb757d86aa50a16bb7d47,delivered,2017-05-16 23:08:19,2017-05-18 02:15:35,2017-05-18 10:35:21,2017-05-26 16:23:55,2017-06-07,99a70034f8511a21a5ff098a508562db,2017-05-16
80ed095971ca276965730f312de98fcf,4d2b1b5c45ab369b6313b7fc803935f8,delivered,2017-10-18 09:31:35,2017-10-18 09:49:22,2017-10-23 15:12:37,2017-11-01 21:27:40,2017-11-13,4257fe126213e1c8ce9fccd3b576dbaa,2017-10-18
ee814067b8f3badaf5625948bc89076d,656c94f2310f24aeb13ecc4ef2941e3d,delivered,2017-05-04 14:02:45,2017-05-05 02:25:22,2017-05-08 15:28:52,2017-05-16 17:51:32,2017-05-25,84592f061980448c3c4814fc101ce06e,2017-05-04
0ceec07de9db57c3d2ba32e4fa1fd8ed,324af05f4849ced7fa7bd242fd8c4900,delivered,2018-02-08 16:20:19,2018-02-08 17:07:26,2018-02-09 23:46:42,2018-02-23 22:39:21,2018-03-07,18cd74276972b2ebffd8031770b114c6,2018-02-08
122f75d9c2b30dfb21ca6950ec587b90,7e95832184f874c220b8ebffa750837d,delivered,2018-05-11 16:36:36,2018-05-12 16:00:01,2018-05-14 11:53:00,2018-05-21 14:04:50,2018-06-11,f44ffa618df5f8a65899275c93b14ae2,2018-05-11
231e2dace3795631b40339ad8c53e5d0,ba3747e330b392aca8c504a91a3b6ed4,delivered,2017-12-01 16:49:36,2017-12-01 16:58:26,2017-12-06 23:03:50,2017-12-11 18:36:58,2018-01-03,5bb6aa0c66768142a9da3b6751b1fbbf,2017-12-01
a841d4f6334d9f62504a151e34babe90,1332071e42004e21b6999c8cad4503bb,shipped,2018-04-11 16:58:20,2018-04-11 17:10:55,2018-04-17 00:52:01,,2018-05-14,bedac9200b6d2ae901dcc6f3de0f0048,2018-04-11
52b7fa35b1e5c8bdea5869804dced415,de3375390ab39702b7268a2d01cb5e9c,delivered,2018-08-26 16:26:52,2018-08-26 16:44:53,2018-08-27 22:04:00,2018-08-30 21:05:53,2018-09-25,ba84da8c159659f116329563a0a981dd,2018-08-26
663f6abf22dfaca17fa6ecdb411d1860,f7444d23b5eb50854ccec43d9ae163a4,delivered,2017-11-25 16:32:46,2017-11-25 16:51:52,2017-11-28 18:13:08,2017-12-15 19:04:29,2017-12-21,dbecdabd53ac1b2f126499233f8bcbbf,2017-11-25
3ee6f1a94cd7b1aa622553fd94a3aaf3,ea4446b4fe6639ea64c2bd4483f494f2,delivered,2017-08-16 10:59:07,2017-08-16 11:30:24,2017-08-18 18:17:35,2017-08-31 19:35:18,2017-09-27,459759c02362af7a218dd2fe035b3c07,2017-08-16
48684d386e644dd78838cd828e1e4cc7,b54dc3bf4a79f9bfe2a96006b871ea54,delivered,2018-02-07 19:18:54,2018-02-07 19:30:26,2018-02-09 20:56:27,2018-02-14 20:22:56,2018-02-23,70cf21aeac4be3237f048a330094bc6b,2018-02-07
7a15ddc4006012ed0573d3c3b5b20266,5117ee6a8d286f41cebb2d0ba52f8de7,delivered,2017-05-08 09:43:44,2017-05-08 09:55:18,2017-05-09 09:28:12,2017-05-12 15:12:52,2017-06-01,26d64bc1c84d1bea013abec8ce481299,2017-05-08
bb16216a067e407c9e713fe14624e093,7624d155d33967030d26b7ec236c32dd,delivered,2018-05-03 16:06:44,2018-05-05 03:10:21,2018-05-05 09:30:00,2018-05-15 12:48:39,2018-06-04,76a74caf44c92f49f951964b79d191a9,2018-05-03
2ab88224f93f4cc491bf62def6bb9bd0,a1776ddc59dd25127aa556fc6b69958b,delivered,2018-01-11 23:19:35,2018-01-11 23:28:29,2018-01-12 14:18:04,2018-01-29 22:33:20,2018-02-14,f35b3a89b9ea983efba80cf9bd7fa6c6,2018-01-11
cfb8e55efaad874d0db87f44f2f850dd,c21ed416cfe35be3485f1f83d9632b3b,delivered,2018-05-07 10:20:46,2018-05-07 17:30:01,2018-05-10 12:27:00,2018-05-14 17:26:48,2018-05-28,3751b4d2899254905d2fecf46319caf4,2018-05-07
a1c4ab09bfeec2b1739a1a7c2e4c4634,64cbcc173ff7fd1895b8fda13bd90ded,delivered,2017-10-20 22:20:36,2017-10-24 03:35:18,2017-10-25 23:22:24,2017-11-11 04:57:08,2017-12-12,18f769ac0da309db824178c9301a9b2f,2017-10-20
dc17c17282032d56b1ca7dfbb291cf07,8feffbf725adf0e97ba87c57d4920bf8,delivered,2017-01-31 20:16:02,2017-01-31 20:25:22,2017-02-20 16:21:36,2017-03-02 16:59:18,2017-02-27,2c062277d1bc994eb32e7cad86190278,2017-01-31
5cb15aad23cb171ffca7fe16297f5076,9bfdc642eaa2d2c7c0beef6dc8d34b5f,delivered,2018-08-16 09:28:54,2018-08-16 09:43:58,2018-08-17 12:27:00,2018-08-29 01:28:46,2018-09-05,940cb8d54d3d65de1bb0f097212d1a3d,2018-08-16
0e8b07d6fde25fe5cd3d67ad93943b4e,fc88f088d243fe889616273a5256d9a9,delivered,2018-03-26 16:14:32,2018-03-26 16:30:11,2018-03-28 22:04:05,2018-04-07 01:05:05,2018-05-04,dc986ff28daaca3f8d0d08008ca08312,2018-03-26
a37ed53c21eec1edd358833c1900aa78,1b367aa0e27d23801ca51126afb52321,delivered,2018-07-02 08:39:01,2018-07-02 08:55:21,2018-07-03 11:06:00,2018-07-12 14:21:00,2018-08-02,b688e5b35e35f92582db6325596d2810,2018-07-02
c5d39e9011169ac0ed6676a42a757726,83b48fc1876fce5840cc200c3695704e,delivered,2018-03-16 17:34:57,2018-03-20 03:48:42,2018-03-26 22:24:44,2018-03-27 15:48:36,2018-03-28,17f3766db048319e954cbe3689649475,2018-03-16
21996e7c744554c7c4fac8896bbdf0ea,1a44c1aae0f913d13800d568e453dc64,delivered,2018-07-16 09:12:36,2018-07-17 04:31:19,2018-07-18 13:34:00,2018-07-23 22:13:36,2018-07-30,43d1016933affbeab125de3eb876ed27,2018-07-16
54fa8d2f7c784a6e766cbae8954da562,ba38e5ec36f3677053ab9909ce2f1b5c,delivered,2018-08-22 09:42:22,2018-08-23 02:44:26,2018-08-23 15:40:00,2018-08-24 20:11:09,2018-08-27,7dcfcaed65b2a6870336ec483b41ea73,2018-08-22
b979990724c0c6accce90ed2a7bb04e0,b0bd4acec8cfaa6f6f7f67792236401a,delivered,2018-06-09 21:21:25,2018-06-09 21:38:24,2018-06-11 15:16:00,2018-06-12 20:47:44,2018-06-20,9774dc6929861e95eafe51a7eb8d638e,2018-06-09
6adf72edbe32f7b03c39edd4b0b97fe5,95ae7c675a8591a773af47661e236ea3,delivered,2018-06-30 22:59:52,2018-06-30 23:15:10,2018-07-02 13:59:00,2018-07-06 17:21:19,2018-07-25,647492daf4b0d652f624abb53f5c7f4f,2018-06-30
7aaa96d3d1295c540305278952da9e7b,e4896be76a13751b29781085cd8fee98,delivered,2018-01-08 01:12:18,2018-01-08 01:27:31,2018-01-10 13:29:50,2018-01-31 22:53:31,2018-02-23,175d31d99e3c9cda3a97b4a228688c54,2018-01-08
0d36ae23909d6afcc7030279ef2f921f,13e21a595d9bd190d457a808e8b4431b,delivered,2018-02-03 18:13:33,2018-02-03 22:49:43,2018-02-05 20:58:44,2018-02-15 22:35:56,2018-03-05,e9d112026934f36bffa9cfb35ff894f8,2018-02-03
99b504380657b5d582c36a7748f77842,84315a49a363c4a59cd3008559516696,shipped,2017-03-20 13:10:20,2017-03-20 13:10:20,2017-03-20 15:18:49,,2017-04-12,f9ba2cfb1ae12c5c19b625e4b9f88ec6,2017-03-20
fdca429f65581d898afc2df41740f716,b40a20f4014af9d16d3239b690c5a626,delivered,2017-11-12 23:19:39,2017-11-12 23:35:32,2017-11-14 19:05:58,2017-12-01 20:03:17,2017-12-01,8411ef4ebe0b18e75fd75efde5455e15,2017-11-12
065be848b8cc9a907f12d443b2e4df7f,3dea56595e675d6e69c342d6c6999a28,delivered,2017-10-15 09:05:49,2017-10-17 04:24:39,2017-10-17 18:47:51,2017-10-18 19:05:10,2017-10-26,700e9581e83f2a412f2206f9657bfcd0,2017-10-15
59ff850287c170ca0c5844a659a456a0,d932de6fce118de65a177f37e11b4520,delivered,2017-09-09 22:59:17,2017-09-09 23:10:17,2017-09-12 17:02:48,2017-09-20 19:08:11,2017-09-27,25a757ef36095b5df60b620b7cead344,2017-09-09
1f6e38ed623eb80e0fa388787c9ae848,d3e263085cc78ecf28bbb1e0c0850e33,delivered,2017-04-28 09:14:57,2017-04-28 11:44:33,2017-05-04 13:49:50,2017-05-11 11:59:56,2017-05-24,52f14290a837f30d677cdb6de086963a,2017-04-28
cb560d710377eef2c41351f25c732da1,6087323bb610b4ca4a40963a5ef62ad7,delivered,2018-02-14 13:28:49,2018-02-23 10:15:34,2018-02-24 00:18:29,2018-03-06 00:10:12,2018-03-08,4f48318abb1f1520e2eaefdbc762a551,2018-02-14
ed6caf9b63bf2103757e2d3bcacc7fc8,df9f289fce3b2a96f6431807fbf632bb,delivered,2017-10-05 18:45:37,2017-10-05 18:56:15,2017-10-06 11:52:50,2017-10-25 23:51:26,2017-11-08,e9b87dccd9c326a3325385087eb0150c,2017-10-05
da56812895f62c346de61efef3c1787b,48da70fef4fd152e49be10586753ca91,delivered,2017-12-08 15:56:32,2017-12-08 16:11:46,2017-12-11 18:21:51,2017-12-15 03:08:59,2017-12-27,b8001c990e7756d3035a41bdf291affa,2017-12-08
35d2e9d7381058ab6ecbb845bb1dec37,1846c723a7571d53ebefb851731bfe53,delivered,2018-07-17 23:14:07,2018-07-17 23:25:15,2018-07-19 09:11:00,2018-07-28 20:03:25,2018-08-07,513937e9a4a66771240c41f11d217540,2018-07-17
16531229b848e54d09da87453688db0d,319a6bce8c595d7bbe2199dd09d671dc,delivered,2018-07-17 16:00:01,2018-07-19 02:50:18,2018-07-19 10:55:00,2018-07-25 13:47:38,2018-08-06,b4447a64b10169d2ea4ba2941ce55a13,2018-07-17
2d2fb7b68e6fcaf93fec6584b0937c52,a6ab0864a43614a2ff39d136ecdd8242,delivered,2017-09-19 17:15:14,2017-09-19 17:30:24,2017-09-27 18:36:56,2017-10-09 19:22:25,2017-10-11,9d0a6b738ed264615f676857866d3228,2017-09-19
b29aef07fc359c950db89a961acc1fa2,e6978c62c08bc49662a1edaac652c4f3,delivered,2018-08-15 13:06:20,2018-08-15 13:24:07,2018-08-16 12:58:00,2018-08-22 19:04:48,2018-08-29,fddb8fbf1c62f17b8c28501408d902ec,2018-08-15
96dedbc863308fafcabedddb58c1ae89,8ce2db78e5141c5ffd612b96da4043b9,delivered,2017-12-11 11:13:45,2017-12-13 09:30:47,2017-12-14 16:43:40,2017-12-30 14:24:58,2018-01-09,345953f3eecf4fc3073f08372dcc6896,2017-12-11
5bf1e6094b4bf3d73daa1bf1c22a0eda,e44654ae20534b72810d5e477091dad6,delivered,2017-05-06 19:11:48,2017-05-06 19:22:06,2017-05-09 09:28:12,2017-05-24 16:13:45,2017-06-16,b489e57fc1681f570bb5df9128c02f99,2017-05-06
be40ba471371fdea735b41499c8655c7,0c9a4971a6b2319c83049f113fb2eb48,delivered,2017-10-02 09:21:04,2017-10-03 04:14:24,2017-10-03 19:18:11,2017-10-10 16:05:16,2017-10-31,6c01815e3234868f2c7816b02d9dc047,2017-10-02
119d0d8c0ce562f9cacc40d06c57e76c,9df31f7119f2108af39fcb05cd0971b3,delivered,2018-04-18 18:04:55,2018-04-18 18:36:37,2018-04-19 22:23:24,2018-04-27 11:45:45,2018-05-18,d7d5f6f2b67cfad2c6485010900be756,2018-04-18
afb49153594bd2f7d55889b1c234a59a,e305ed08ec03ad16d304d12b92006097,delivered,2017-05-23 16:52:34,2017-05-23 17:05:14,2017-05-24 14:43:01,2017-06-02 09:27:42,2017-06-07,36e61142062289a6a0c06d04fd4a90f3,2017-05-23
7f1dd57d5e14f6ee8a3946e2f58b5396,aac168607cd6ec6ca4faa538b9b6a65b,delivered,2018-08-18 19:17:49,2018-08-18 19:30:10,2018-08-20 14:54:00,2018-08-21 19:22:04,2018-08-27,95ca9eeae4093e02a84160dc6f6dc510,2018-08-18
6c81f50d7f607e25fb51066b15c8285e,0d9c27a293b6a432d7a8f6581830b3fa,delivered,2017-11-24 11:49:51,2017-11-24 13:51:32,2017-11-24 20:36:56,2017-12-12 17:43:31,2017-12-15,42a21b1012cca74625ece81f2fbdca19,2017-11-24
df71a04c6a6a25fb6a6a94f30fa7354d,dc6df5423c596ad9de8f181efad35ad3,delivered,2018-06-16 21:29:36,2018-06-16 21:55:53,2018-06-19 15:44:00,2018-06-25 19:36:34,2018-07-13,11fb960ff16af342059c00631c55fae1,2018-06-16
484ce4bf2067023e5184d003c41eb07a,3e1e323e9d4c48ff9556143e9a32a3db,unavailable,2017-11-24 12:17:32,2017-11-24 20:15:44,,,2017-12-15,8e465bae21753e53ec554a6bf0a0dca4,2017-11-24
f13789f42f165f45674bdfb75866ce1b,cd77b18d3a3b8920c47d0a2f25a49935,delivered,2018-08-08 17:44:32,2018-08-08 18:04:57,2018-08-09 14:21:00,2018-08-10 21:51:25,2018-08-13,4105515e32285be5af1cf8d28f072c4a,2018-08-08
720c168395983625e42d1596d5cbc08d,3feb17a1f97ccc28e53ccbad3dc291b6,delivered,2017-09-20 09:01:50,2017-09-20 09:10:19,2017-09-27 20:12:23,2017-10-03 14:23:57,2017-10-16,d4729c72a167f1a4a2d5018243332f68,2017-09-20
3d86c4b9522b58a104b2fca7421713d2,a0868f8f24de8f750ad0661b700e915d,delivered,2018-01-31 21:25:06,2018-01-31 21:35:33,2018-02-01 20:47:36,2018-02-08 15:07:12,2018-03-05,c1fd4d9086a58539c2e2d108e8db34e4,2018-01-31
6189844031702fdf168d8194d504bc0b,09321f51c8b1b174dac932353c44a386,delivered,2018-04-27 01:19:40,2018-04-27 01:31:26,2018-04-27 13:38:00,2018-05-04 18:47:50,2018-05-24,439b3aa6accc99d94555c181fd457352,2018-04-27
b137475b3fba13092ed0f3cd8207d908,d99ff4d1545c5bb05bda303a040e9070,shipped,2017-09-22 13:55:54,2017-09-22 21:10:17,2017-09-26 20:26:28,,2017-10-26,859be3e24b1d2f673fc587981b6260dd,2017-09-22
db9a1d192383270a53f6fd68858f1783,bae4256d5272a98150d32a1cef395b8b,delivered,2018-01-13 10:23:04,2018-01-13 10:32:20,2018-01-16 21:27:42,2018-01-31 12:08:55,2018-02-16,772478b682869fb34d04cb3d16faa8a4,2018-01-13
ee4400c5937463920eed95003b8fd459,ca266cfd5f21fa533d2f62ece8ae9844,delivered,2017-12-01 18:24:26,2017-12-04 18:30:26,2017-12-06 16:58:58,2017-12-14 00:14:18,2018-01-02,644ccb24779a8aab82039d2f3f6578c4,2017-12-01
68cc65e4e8c5d7c8590c6d9d7aedba0c,35a35120489021f8434e231cdb81828a,delivered,2017-11-02 15:43:31,2017-11-04 05:35:58,2017-11-07 21:38:55,2017-11-10 18:07:35,2017-11-23,5cee614881d2b4cccc3378dcc933578d,2017-11-02
09951c1a8c91dc28f008c3ccc634f1fe,eb5e240ee56894e851dbde243dadfa52,delivered,2017-10-16 23:29:17,2017-10-16 23:49:16,2017-10-18 15:14:55,2017-11-06 13:12:13,2017-11-06,ac7845e83de06668e76cf232ea6aac9f,2017-10-16
420b64be551875169e87fb4a82d5fe13,43be7f68acb621076bde97c734132eb6,delivered,2018-04-02 09:25:04,2018-04-02 09:35:20,2018-04-04 00:12:15,2018-04-23 15:28:34,2018-05-04,1440bec7789378ccc97afd42215a2073,2018-04-02
81e5023bc130187e464f4f8c328744fa,ad2e63dce7420f1aea7bc997716a32ae,delivered,2018-05-06 16:24:57,2018-05-07 09:12:56,2018-05-07 14:37:00,2018-05-15 18:33:33,2018-06-12,6a55f718c0b3331c801e3fcc31c0340d,2018-05-06
b5f5d5a89b4ab4bdd4986a2aea4b4f17,c576e3c1b3d8b65c4dd8499f36d5f52e,delivered,2017-12-10 18:21:20,2017-12-11 09:30:27,2017-12-12 22:07:04,2017-12-16 00:33:58,2017-12-28,c00a679050f2f746e0facacfc7e50f42,2017-12-10
7736c8ef4b333cfc51d14b8a0c133627,4c099ac3859cec40223995bf8ad2e495,delivered,2018-01-13 23:21:00,2018-01-14 00:30:54,2018-01-15 18:46:44,2018-01-18 21:13:30,2018-02-02,9d85edc1fc68851c4500fa4a8bec379f,2018-01-13
cbe1b25dcc644c1107175a532b85549c,3d01293fbe4be8b93d92f5519d27300e,delivered,2018-03-15 15:09:12,2018-03-15 15:29:23,2018-03-16 17:54:25,2018-04-09 14:24:45,2018-04-05,7da0b6b298458b74953de3263e61adbc,2018-03-15
4b38fe7b90551ded1ee61140282fba02,dc7b7fddeffb8d1027998d198b6de1ca,delivered,2017-08-03 05:15:44,2017-08-03 05:25:08,2017-08-03 17:42:02,2017-08-04 19:23:44,2017-08-17,9418bd513ccc472862c406d4427910f6,2017-08-03
61986df3dc483509b39f7fda7a82c10c,a5165325694d4b37d5d85e51417c697b,delivered,2017-01-30 20:28:45,2017-01-30 21:35:50,2017-01-31 09:39:41,2017-02-08 13:12:40,2017-03-07,b0787e28f887f8b5a8ca9ef9c50ea83c,2017-01-30
495b9ae2b9c128e387b6c48ddfa390b0,4b93e0259d432e05c2fb75527705df1b,delivered,2018-03-19 16:55:37,2018-03-19 17:09:54,2018-03-20 19:32:44,2018-04-06 19:53:44,2018-04-12,275962dee6b3dd9150fd53d61b9ac4c7,2018-03-19
13cadcf6f032e98f0fc276734a16d743,6f5d85c34547e2f08bf91ff2f839e054,delivered,2018-05-17 16:38:18,2018-05-18 02:36:31,2018-05-18 14:27:00,2018-06-05 19:21:45,2018-06-13,6c9f7c866152e97d56871ea0b4feb616,2018-05-17
0526ac4e6b594d943d1865fcbbe8047c,03ea960cf43b1d1e8ea7343f503e8fd1,delivered,2017-07-10 14:55:44,2017-07-10 15:10:39,2017-07-12 20:03:36,2017-07-31 16:13:05,2017-08-03,5872f202865385317a6078777633adf0,2017-07-10
7a8345d4e981fc3d89b402f3e9978d15,b409a48a14d3a157df79b762696ab2d2,delivered,2017-11-25 12:43:03,2017-11-25 12:54:54,2017-11-28 20:47:06,2017-12-07 20:49:02,2017-12-26,248c6e95bd58d148fb635f18165484ce,2017-11-25
3476c2981106727d1a374f31ec932b95,219ef539aa157378fa0534c9ee774c29,delivered,2018-07-08 10:56:33,2018-07-08 11:05:35,2018-07-17 15:48:00,2018-07-23 17:14:36,2018-08-08,4cfa9d9ed1a4b7321fb592ce48766760,2018-07-08
9ea6d21c1c1b510f96f7917419175197,15f8356eda69cc714ad4bf6eced42fad,delivered,2018-02-02 13:14:06,2018-02-02 13:31:29,2018-02-15 19:23:02,2018-03-01 19:08:55,2018-03-05,1e9010d2a42db2cd24df67130a814552,2018-02-02
2e8644b6852a0e75700c764e182ddbbe,9bd92695f99895ea3782608dea8cbda7,delivered,2018-06-09 21:46:58,2018-06-09 22:19:00,2018-06-11 12:47:00,2018-06-14 15:03:46,2018-07-05,616ffe00f60a62eeabb276603a7971f8,2018-06-09
25a42a25fd4223696575df9383378279,d5e655381066bfb09f3c2b5bfadbcdee,delivered,2018-01-12 21:34:44,2018-01-12 21:48:35,2018-01-15 19:42:49,2018-01-17 18:22:33,2018-02-02,a68fb71515e1112e898f3a5340c07895,2018-01-12
e832fe7f7808b5f981ee02746681d40e,249818197d60080a40cb2c44290da09f,delivered,2018-02-23 00:22:16,2018-02-23 01:41:05,2018-02-28 21:23:13,2018-03-01 22:59:05,2018-03-12,fb82affcdf98ee48d9d36c7feb802417,2018-02-23
324fa8fbfb831d603c99858e4ee49d14,6c08773f9b71292c7089d4bad0fbc38b,delivered,2017-12-04 11:00:53,2017-12-05 04:13:30,2017-12-05 19:22:01,2017-12-12 19:09:22,2018-01-05,87c9702e078a75e6f0d484633a99c675,2017-12-04
e2f1a9fca16cf7780e6b22a78fb85479,820b5dadc730944903ac204cc797a441,delivered,2018-03-01 15:49:38,2018-03-03 02:49:34,2018-03-09 00:08:31,2018-03-20 16:12:00,2018-04-04,7478839156e2cc73aac2b69320236f42,2018-03-01
9056740c184b71423eeb08f38af4b3e9,daeaba03b9de4c81cd153e045ef505d4,delivered,2018-01-15 13:10:01,2018-01-16 04:31:04,2018-01-17 20:30:59,2018-01-29 19:38:30,2018-02-16,43188cbd5affbbdeb9038965900a781a,2018-01-15
373e33407e16fe7b1ae7de43384958fd,a786efe0406935f2855160ab59901712,delivered,2018-08-11 08:58:14,2018-08-11 09:10:21,2018-08-13 10:01:00,2018-08-22 16:44:27,2018-09-04,ed377ac5da552cf327d3f28c350fbbe5,2018-08-11
d9f675dafee2a1d2b4a04045a9c5afc1,ce77075ed8a9f941a7d9a3f6e6aaffb9,delivered,2018-03-23 14:07:06,2018-03-24 02:11:07,2018-03-24 16:54:54,2018-03-27 12:36:44,2018-04-05,9d776cc4281d18b0934823fe051cf93b,2018-03-23
4ba96c2b8351bf685cea0bc222254d6b,bddfce786b61788648666c87e2b309c0,delivered,2018-05-02 19:32:19,2018-05-02 20:38:47,2018-05-03 15:31:00,2018-05-18 16:06:43,2018-05-28,2a88f186874723cebe1ea0b3281d08b6,2018-05-02
f366be749b180ea3b663f5ae2d3a8f0e,1b47e7dd304911fe5ee072c6472ac0fb,delivered,2018-08-23 00:23:11,2018-08-24 03:10:26,2018-08-27 13:03:00,2018-08-30 02:48:33,2018-09-12,86f737e39078f2c560d5ecf78596eb29,2018-08-23
266d1afe42f1f376499cdd8e6df164d9,144756e897a43ed57c52f651e830977f,delivered,2017-11-24 21:20:50,2017-11-25 03:57:32,2017-11-29 00:25:48,2017-11-30 17:42:08,2017-12-08,71861c0aa983655274042420bc55a3cf,2017-11-24
7b35b8f7e47a6895e3fc370d47dde02d,4b51f4df3d8074552adba0bfb73954f1,delivered,2018-08-13 03:25:25,2018-08-14 04:55:24,2018-08-14 15:29:00,2018-08-16 22:22:05,2018-08-20,46e332b1356fd58191ae490a1dcf79c0,2018-08-13
3c25eb3ea386cf546da2ec2f471aa6b9,9adf5e5b2f1d72ce3a8685eba7822d6d,delivered,2017-10-17 11:24:01,2017-10-18 03:27:19,2017-10-23 17:57:55,2017-11-07 15:42:16,2017-11-16,b335808b104ad0cae192ac1fe7d511df,2017-10-17
7862252721fa2af6aae76774b7514b14,004f39eb181d53fa796fe82ce7a0cbd5,delivered,2018-05-11 17:42:26,2018-05-11 17:55:20,2018-05-14 12:39:00,2018-05-15 23:16:43,2018-05-22,aa5824451a9437648ed4dcdac530566d,2018-05-11
f37814135d330c836ab5815503b91c92,cc57bf7b13c49c59095d09da7a63abfc,delivered,2017-12-23 08:55:07,2017-12-23 09:08:13,2017-12-27 00:35:55,2017-12-29 17:48:01,2018-01-30,28b8333651c1350cc561dfe5678b0902,2017-12-23
f24f489f04a7f74d2ca01d753ff8e38c,8d31f10c7e26ab145710d27da348b9b8,delivered,2018-03-09 11:30:19,2018-03-09 12:08:27,2018-03-12 18:58:37,2018-04-07 18:13:30,2018-04-16,3a85db39310d85fe317589a36c16c1a3,2018-03-09
9743ae8710712e56c645d9dbf4bb8fec,5cee9f79d252c40d237aecf38cb30e0e,delivered,2018-04-11 18:02:33,2018-04-13 13:31:38,2018-04-16 22:03:34,2018-04-18 21:47:20,2018-05-02,f9f9d458425d72d9096af80c3d2b174b,2018-04-11
a7ce807c242d5d6683434cd39443e89f,a55b27e45a3868d10b0f57ca643c25dc,delivered,2018-03-28 13:01:27,2018-03-28 13:10:18,2018-04-02 17:11:11,2018-04-15 11:56:34,2018-04-25,0f7b92811571afb33b40495374b4dc78,2018-03-28
bd9d0b4bd72874264d4f1467b4d51323,732e51d935d8229e1df62a2584cbe899,delivered,2018-02-10 15:02:24,2018-02-10 16:10:23,2018-02-14 20:22:13,2018-03-06 20:34:00,2018-03-06,fcf834ad27782cb081e1e727732e0f37,2018-02-10
146f83fbe74a8608adecd4b19c1597fb,5632f9bcf2b8dbec21e40b4a3a9fe7cf,delivered,2018-03-22 13:41:17,2018-03-23 02:27:58,2018-03-27 18:06:39,2018-03-28 19:28:30,2018-04-04,175d66dd9a312a63f9082689fa7b665c,2018-03-22
c9c197c62cb2a03cfd83624c690744df,d703f3c2b4d6fb2cae200163afd450b8,delivered,2018-03-15 12:39:26,2018-03-15 12:50:51,2018-03-16 17:54:31,2018-03-18 16:38:38,2018-03-27,f831406dac07ac57b7b3b75076d14d67,2018-03-15
244e8c98d54a7a388245e6b5b85d37ee,26ef1573f4d7d4d8ddf8f351200c2068,delivered,2018-07-04 21:32:55,2018-07-05 16:35:20,2018-07-05 14:36:00,2018-07-06 18:33:36,2018-07-20,92804e89b4f4cfd4da6c62da8e68c62a,2018-07-04
55bfbfa061b18e10920a841846c3f932,464636daa4fb10ebfb8bf47d6b6fd468,delivered,2018-02-22 11:20:57,2018-02-23 02:15:43,2018-02-28 21:33:45,2018-03-05 14:05:15,2018-03-21,889e015ca36a78c63da1632de2f8bfcd,2018-02-22
442617a720896f8cbecf93ba2f11cb77,3904ae5c54ba03760cdce20cf5f6b9f5,delivered,2017-11-24 17:02:46,2017-11-24 20:36:04,2017-11-28 00:03:14,2017-11-30 21:16:53,2017-12-15,e312f3eb3f27d3e0cf13b487541bb908,2017-11-24
ad57f476bb2fef779bc42a032c512a23,ad455f9f8e3224fe29f1d5b0be816185,delivered,2017-11-24 16:31:04,2017-11-24 20:32:16,2017-11-28 22:03:48,2017-12-12 14:18:25,2017-12-19,5b3186d7cf904f2f9369aec26faba4d2,2017-11-24
d744cb215df7ef8b3354cff971229cb7,fe886eb588842ffebbe5af67cb142a9b,delivered,2018-04-28 19:18:59,2018-04-29 19:15:13,2018-04-30 19:01:00,2018-05-02 19:02:19,2018-05-15,7e8833bcffee549a658ff3dddfabb026,2018-04-28
cc22c1079310623da121859201a35682,291a2206115f4a76d3337720f49437ba,delivered,2018-03-18 18:23:05,2018-03-18 18:35:34,2018-03-23 15:32:53,2018-04-05 19:18:25,2018-04-16,ad7d6a3eae5d3ad55cb66a7da687ff53,2018-03-18
c67e0d971789e81577df7e52a57ce0f9,b508f17766dbf8744877880acaf0be4c,delivered,2017-12-30 02:22:12,2017-12-30 02:29:42,2018-01-03 15:17:15,2018-01-10 19:33:42,2018-02-02,5d8c53cc636f8d4d4a585625da580205,2017-12-30
25f22c7921c0a8d9aece054f7daab2b8,aa78737f742c0e7ba30e4e98121c2326,delivered,2017-05-16 15:44:12,2017-05-16 15:55:18,2017-05-17 14:45:21,2017-05-23 12:16:46,2017-06-20,d0640ad2b5cb16f3fbca866d1d76c52d,2017-05-16
2a8132eaf9676f8a46d18b33cfe3a993,299cdc3375f721a2bc596cdcc68bacfa,delivered,2018-02-25 22:18:13,2018-02-26 22:10:28,2018-02-27 20:34:38,2018-03-06 23:22:02,2018-03-16,d176981ee04d8ece7ba50df7d9c0aa8a,2018-02-25
1a63c19c8d289d696b2be1e4208eecf5,8921e13b140c42dec5109ed446554df6,delivered,2017-05-09 23:48:07,2017-05-10 01:25:23,2017-05-11 13:55:36,2017-05-29 11:23:49,2017-06-08,c6ee247499e7f1a36326926ac3b78265,2017-05-09
9e939267094b3b0e45de3c2474f4c879,6a929a1716c5c708dc69f57f33309e12,delivered,2017-09-26 08:26:57,2017-09-26 08:35:22,2017-09-27 13:45:51,2017-10-07 04:14:52,2017-10-23,1141c4942352003fcb199ae724ae8f06,2017-09-26
b741e2d273ca3f09c024fb1cbefb8182,edde00a1162525e6462a9af33a4903ba,delivered,2018-04-26 18:50:02,2018-04-27 19:31:10,2018-05-02 14:08:00,2018-05-07 19:38:26,2018-05-17,7b466ff1322d3d697cb6112c35f1141e,2018-04-26
06174d5608937415007fcf764cf799af,9329d0ceca507a1115dcba397fad17a1,delivered,2018-03-28 21:53:05,2018-03-28 22:07:42,2018-03-29 19:22:27,2018-04-12 23:46:29,2018-04-26,ac14942c0566a61583dc1aa03ed17c68,2018-03-28
3847dc5f7c8545297f35e196a49ff399,ce6ba65fd4448b24ff255c33cd734843,delivered,2018-02-28 11:12:56,2018-02-28 11:32:32,2018-02-28 21:52:05,2018-03-05 15:06:34,2018-03-13,d1d67ca1627bce744ed73f39498b8041,2018-02-28
2b9028857f54fa9bbb2a049cd5948d15,59770d8576db6731fdb47a6beb74920e,delivered,2018-03-22 10:08:56,2018-03-24 02:16:02,2018-03-24 17:32:02,2018-04-10 20:12:21,2018-04-19,5f35bc4d7414e7400a695e667a5ef456,2018-03-22
674b6e620b3996a9a6267267aec7516e,24e735f8e286da301a91d26b847530b6,delivered,2017-04-26 16:51:34,2017-04-26 17:05:16,2017-04-27 10:03:49,2017-05-03 15:27:44,2017-05-24,d418652394828c09dcd56cac7a26ae12,2017-04-26
3150d4c4bf87c7bfeef194d2514990ff,88ce8a1331792c94faf3e3816747be2d,delivered,2017-12-07 19:07:42,2017-12-07 19:17:32,2017-12-11 18:07:11,2017-12-13 20:59:01,2017-12-26,988d3a148138f2094fbd0e1c9128ee86,2017-12-07
f33d191c07d5d88e9216967ea8472d29,1d3857ce047c62d35874d1426eb47171,delivered,2018-02-18 18:09:59,2018-02-18 19:15:28,2018-02-20 14:28:48,2018-04-06 22:31:07,2018-03-19,338e6531b2c633b3375d59e26cafc20d,2018-02-18
16c8f9fcd71cc027920cc259a7b1b604,eec4a44316a2c73ef67187fad035a884,delivered,2017-10-30 12:06:46,2017-10-30 12:27:33,2017-11-01 21:59:51,2017-11-06 17:46:58,2017-11-17,cb83caadeeec86515aa495bd52b834f4,2017-10-30
686000ebfaca7883583f123c458a89b7,af6378fee220bbc5a909a38beaf2c4fe,shipped,2017-11-22 19:10:33,2017-11-22 19:19:25,2017-11-23 15:29:00,,2017-12-08,8066d1ad4d1146079bd23c7350674734,2017-11-22
49873be3d163feec184f5afcaea61a47,6b7aa31cb6d5390e54b3b29b9e581db6,delivered,2018-08-02 17:18:48,2018-08-02 17:30:17,2018-08-03 11:48:00,2018-08-09 22:21:27,2018-08-15,b12e97cb3bf8d1b59fc21cfac8e9dfd4,2018-08-02
628fedcd693f3b7d66306884d2c043c6,8d0da257cea9fbff4549499d73657f6c,delivered,2017-07-29 18:28:57,2017-07-29 18:43:20,2017-08-02 18:37:42,2017-08-03 16:23:39,2017-08-11,e3cf3b652fe7d4726f505d78b122b18a,2017-07-29
619c0d7bb827c1798108381f047b32e3,91c84007c68cd848eddd9df488f1594b,delivered,2018-07-17 09:06:26,2018-07-17 09:21:10,2018-07-18 15:41:00,2018-07-27 20:32:53,2018-08-06,03bd6312bff2b8bc0b9b621ab23c1169,2018-07-17
c351c2b3e121b7b8974ae6cc1f31d37c,7cf02d88fe787d3973ab2415d3d9faf4,delivered,2018-05-02 23:43:21,2018-05-03 00:13:10,2018-05-03 15:12:00,2018-05-08 20:41:13,2018-05-23,ed0974b9342430fd765dddc10484f75f,2018-05-02
454c3851ea6ca1eaa09fd44d2502aac0,759493fb6369860c506ab5adf25eb6c1,delivered,2018-08-03 06:33:16,2018-08-03 07:04:00,2018-08-03 18:19:00,2018-08-08 13:47:36,2018-08-17,7ef422c83c171ec4a12abee4354d77ae,2018-08-03
7733e69c809ba91635d96e87932641c6,418684b5c41abf3db6a08a1a5fe5c7cc,delivered,2018-05-11 10:00:20,2018-05-11 10:17:46,2018-05-14 07:06:00,2018-05-24 23:16:54,2018-05-30,7b0c9bfcddf1a89dec6c95a5c0c4219b,2018-05-11
fc133aaee8b52f75e07158ff2b65a5d5,4419e2e728754cc482db00c14be62a61,delivered,2018-02-06 16:18:25,2018-02-07 02:55:45,2018-02-14 17:55:23,2018-02-28 11:59:29,2018-03-05,a8b73585f061814653136e5a19d79b03,2018-02-06
4fae2518409c86365fc386f8824c2282,505a5eff68ca19c0f1b2fa8ccdf84de6,delivered,2017-08-19 17:13:23,2017-08-19 17:25:15,2017-08-23 20:25:18,2017-08-30 18:41:15,2017-09-13,fc76c3f19ceca5aeb9821342122e276d,2017-08-19
28128672c14c30346043c3627ff76011,cf229ca0398f5783366474af2b0e7178,delivered,2017-07-13 13:08:15,2017-07-13 13:23:28,2017-07-14 16:45:47,2017-07-24 14:13:18,2017-08-04,3f7df0cc6ed016660b9408f9e3fe16df,2017-07-13
d98c5ae5ced12b3d997f7b614a8f1bb7,b9067875e231cbef9ac17a3a366a0bc6,canceled,2017-05-23 17:14:58,2017-05-23 17:25:20,,,2017-06-08,c69639ce8dcb5bdba265004531a3747a,2017-05-23
6c578cefe8f43f6e1394ded9f6f537c5,dd747ee25e233b5cd6285d65972b7b7b,delivered,2017-04-06 15:35:33,2017-04-06 15:50:10,2017-04-10 06:00:16,2017-04-13 09:26:30,2017-05-04,cf3c7aa47c65edfe418cc5371049a610,2017-04-06
0eea5babd8acdffc1ce9dbc764b8dcd7,d011da4dd1619f32921e31835e194ec6,delivered,2017-09-24 15:12:22,2017-09-24 15:25:13,2017-09-26 12:38:03,2017-10-03 21:08:21,2017-10-26,b4b87caf686e586ba6c9c4b157598002,2017-09-24
d610bfa1439fc579a96c5eef81284f05,09a6ee079b6cde6bb2383abad4a33300,delivered,2018-04-29 22:38:40,2018-05-01 05:32:31,2018-05-02 15:16:00,2018-05-24 22:52:05,2018-05-28,62166adc5b30005dfb72f2668ae6ec3d,2018-04-29
82bfafb84a5843f06b8c3983edb1883b,86bbc4a292e9d3f4191ea8a4c82e6c10,delivered,2017-01-28 19:10:46,2017-01-28 19:30:49,2017-01-31 17:26:30,2017-02-10 08:53:23,2017-03-08,e1f24958eab121f153e4f405b6e9c843,2017-01-28
3755381b59f0d1e1540c0d3f1d6fc1ff,1c615574e183e74d030daedc373ba3ec,delivered,2017-10-10 16:53:09,2017-10-10 17:14:25,2017-10-13 11:40:08,2017-10-18 19:03:27,2017-11-09,2ed9b176103984fde193c99a4e6c6d5f,2017-10-10
3ceadc78831e81a4eb0cec59a8d44997,b432d37586f6573cbc1ea2be415a318a,delivered,2018-05-10 15:00:58,2018-05-10 15:11:42,2018-05-11 12:52:00,2018-05-25 23:17:22,2018-06-07,09cd73b13f103e47ce13675b4a4b36f3,2018-05-10
01eaa000fe5c9f80f535c3d0cad25a47,a43434ddd74de3fb686800674a4f1af6,delivered,2018-08-15 15:29:13,2018-08-15 20:34:35,2018-08-16 16:39:00,2018-08-17 20:02:52,2018-08-28,382f218d24aace0e7a0bbfb045399cf9,2018-08-15
cef32f42c7dcdc8bcf919ba74f04da78,e9a06aa3f7fa097f35f17df488b3cc73,delivered,2017-09-12 17:20:21,2017-09-12 18:04:36,2017-09-13 18:54:41,2017-09-18 20:32:23,2017-09-28,72ad747a4af70a206effc508dcf97a4f,2017-09-12
44f2785218ac7e69a0a6b5a334961b4b,9b7aa0e1f05724c044ec8e57d7dd912a,delivered,2017-06-12 12:26:02,2017-06-13 06:35:18,2017-06-19 13:57:55,2017-06-27 16:19:40,2017-07-05,e663700152b55c65c7b44d312bac6da1,2017-06-12
c7201491a58d3d5807cf6341496eb977,08ed72d2a50cd60e1fe8219de4f2f59a,delivered,2017-12-08 09:14:49,2017-12-08 16:11:47,2017-12-12 00:08:55,2017-12-14 18:38:49,2017-12-27,92472b452d795ce6a500b01546fc33ae,2017-12-08
a17d59822796f1d50132863fd085f109,39594b7114e70f980097f1c4a4f01688,delivered,2017-05-10 21:26:32,2017-05-12 02:45:19,2017-05-16 08:52:04,2017-05-19 12:05:38,2017-05-30,af40b8b8a23a2e3c5ad33aaf8508a621,2017-05-10
9c983856364a24ce56bf39aea9bb118a,05b0e6924c6fed9b001e0469aae1ce06,delivered,2017-09-13 14:02:31,2017-09-14 03:05:51,2017-09-18 22:12:29,2017-10-04 13:08:04,2017-10-10,20314b19b26b9f940eb42b1894d8839f,2017-09-13
e3cd7760d76646f3a871df5eb3eaa849,cbdd9bb50e1163924539c57419bc52fb,delivered,2018-05-19 11:09:56,2018-05-19 11:40:16,2018-05-21 14:31:00,2018-06-04 20:16:40,2018-06-12,61d0ba79e1031b0d52da6e1cf82b9f5b,2018-05-19
4a7062d398b2eba9c25e6483b056df8f,de4686899a57f8be675fabc4c73fe80c,delivered,2018-04-27 01:18:26,2018-04-27 01:31:28,2018-04-30 06:21:00,2018-05-04 20:13:59,2018-05-21,cb4c9c8546741b62c47dae1e1e8638fc,2018-04-27
adaab7718f21c04f40290e5afb01486b,7fe32b67bf4a2adff9a80ff91cc3702d,delivered,2018-02-20 14:20:19,2018-02-21 06:25:07,2018-02-23 17:23:06,2018-04-02 18:34:30,2018-03-14,e81be067a93fc8ca0ecdf19db6242bcd,2018-02-20
217aad2f8085d3fb8f57ba39f8f6bd93,9da470067c9f099fdc9597b5a7b57355,delivered,2018-03-23 11:37:58,2018-03-23 12:49:42,2018-03-27 02:21:19,2018-04-04 16:27:50,2018-04-11,004256f082951ec189a4962b6788c214,2018-03-23
50630ee90de1185d8ae34f8232f8e2fa,84bc567e9c0441681bb72fe00357f22e,delivered,2018-06-08 14:15:32,2018-06-08 16:30:44,2018-06-11 13:40:00,2018-06-20 21:24:51,2018-06-29,0964c7f23dd25a5c1b4587b1dd71d2d3,2018-06-08
bfea49050a2776e89546f0925b44c4dd,6a8c79d08f5389a8f4cdf918aba549f8,delivered,2017-05-05 21:39:28,2017-05-05 21:50:16,2017-05-09 07:38:06,2017-05-11 14:36:49,2017-05-26,ab59bca132e1e8ac2749d632c7904c77,2017-05-05
a0deb77d36e603aac0d0997a1923cc28,cf792e01f08b24b645839044854c1717,delivered,2017-10-28 16:18:09,2017-10-28 16:35:13,2017-10-30 20:12:11,2017-10-31 19:30:04,2017-11-10,7ca8be9e060fb1549ff22adbc3f9bae8,2017-10-28
20fcd1c0919ce89fc42c3085ff83e995,f2f8162922524931c0b80e4b8c0fec61,delivered,2017-11-11 15:08:58,2017-11-14 04:15:30,2017-11-17 19:38:45,2017-11-23 20:59:20,2017-12-13,b33e5827dfc95f97e4f8498bebea77a3,2017-11-11
9751ad9e269564b0b79cc17a82fe06c4,7959004bf58fbac26939ec9b640f2379,delivered,2017-11-12 18:19:32,2017-11-14 03:50:32,2017-11-16 21:19:34,2017-11-23 14:58:25,2017-12-06,3cc2b0e3f6321ae48b4b5a92f7fa0af8,2017-11-12
0c75100c462f99b5311006de43c26b3a,0cf9084f55a458155d34c0d55bd21b31,delivered,2018-03-05 09:47:22,2018-03-06 03:49:00,2018-03-07 19:27:04,2018-03-08 20:38:28,2018-03-15,0dbd9554170d0b68344a9d1df4015141,2018-03-05
4cd513ff3d4f0c420dca1f9f0b98163f,029c2a6b7e94cc671a465f36c5898831,delivered,2017-06-29 13:39:28,2017-06-30 17:23:17,2017-07-04 16:22:27,2017-07-10 20:27:31,2017-07-25,f30aca5c2b78d7b1e98ab7e62ef2fe08,2017-06-29
99695e8eceb2822d04f20fa0310f8402,695a3186de69c5b70383183bf7fbae57,delivered,2018-06-05 17:44:59,2018-06-05 17:55:18,2018-06-06 13:01:00,2018-06-13 17:13:01,2018-07-11,cae8622d51b654fcfad25446ef0197ce,2018-06-05
593854837f11564ca02e6406198b42c6,b278d66d9d84790351ae0d243d957448,delivered,2018-06-21 17:39:17,2018-06-21 17:58:42,2018-06-22 13:53:00,2018-06-25 18:44:51,2018-07-13,06e8ff0c6a24159a7e5e035a172ba989,2018-06-21
7a6351ddca16a16c5ec71c79dfef9374,cec91dd67b9dcd548f311238e3c1c76c,shipped,2017-11-29 17:43:55,2017-11-30 15:17:22,2017-12-06 17:03:27,,2017-12-28,a8a0769a8de810175613946a83f096fa,2017-11-29
e12b47202bb4acb32f6862d4d9666a6c,5d8a9f890db3deb5bcf58beb33076a0f,delivered,2018-06-22 13:59:47,2018-06-23 01:40:17,2018-06-26 09:07:00,2018-06-27 17:12:53,2018-07-12,e2df2f98903bf39f1a02c5ed9a05cfb3,2018-06-22
dd96d2bc36b1b3227d9defe815e46b7e,c036139bd0bbaa1ee2929f2ebc03d057,delivered,2018-07-09 10:07:19,2018-07-09 10:24:50,2018-07-10 08:30:00,2018-07-11 20:12:29,2018-07-18,a7395d034f7f5bd854915da5b5888f81,2018-07-09
56a4e1d3a1dabc4fa83466169b0a18d8,9d09ef151a920b7f5308d155174a89d0,delivered,2017-11-10 16:04:04,2017-11-10 16:32:48,2017-11-13 17:58:59,2017-11-23 00:18:39,2017-12-01,81e82130bc9944904ae78762e646d71e,2017-11-10
32638cca2927b1658ac8e3e154ed4a66,ae7732e62b989c9c97e99244e44e4284,delivered,2018-06-18 22:59:35,2018-06-20 02:55:21,2018-06-20 15:24:00,2018-06-23 18:51:39,2018-07-13,8dc6069f6ce4934d2dfcb6439a513c93,2018-06-18
e153a31382aa25c9890638d33b7c7c59,c4454e990aa89df90b0a773b81e20ea6,delivered,2018-04-22 17:58:49,2018-04-24 18:42:26,2018-04-24 21:38:37,2018-05-07 17:34:50,2018-05-29,7fcb03dde08e9a0a291c872ff691d57d,2018-04-22
17bd2faca1fa39213be29ec02c669925,529a4492ff9b10fca8225aae0d65dbe1,delivered,2018-06-26 15:58:05,2018-06-27 08:29:52,2018-06-29 12:34:00,2018-07-05 00:09:01,2018-07-13,53ffd799951aa2546336a250954ccb12,2018-06-26
cecf84099dc3067ec87149ddac39105a,5f956d6de694724a5de116a1f0e7b88f,delivered,2018-05-02 22:43:43,2018-05-03 00:12:56,2018-05-07 15:03:00,2018-05-09 23:04:25,2018-05-18,1c3d6cdb528a01132de19aa8f2e31ee9,2018-05-02
8a5c6f8c338d3e4804bd969ba46d5d0c,fadde80c0077197b4568c6b8649b3be1,delivered,2018-03-09 22:20:08,2018-03-09 22:30:29,2018-03-13 21:48:33,2018-04-06 23:18:27,2018-04-03,bedcde6f1ccae8e9228a013a94d094a4,2018-03-09
cbc90985c7072faac06292f2a5b32529,40aad538d998bd48436285b683e3ce41,delivered,2017-07-04 18:20:56,2017-07-05 18:30:14,2017-07-07 13:07:42,2017-07-12 15:08:06,2017-07-24,3786e249b4f0204ecd72d5af64a2fd89,2017-07-04
b69b78a1865e7b379d633794c80ef7d2,ebee626449f5d99c176463605112b09f,delivered,2018-05-03 15:43:50,2018-05-05 02:13:49,2018-05-07 14:07:00,2018-05-14 17:12:50,2018-05-22,25e9e44d12e89159ec1ff507f2ce9e3b,2018-05-03
8f936fb77c720ab9ccd618af38c885cc,58d45cf285d3d5bdd45609c696e00b9e,delivered,2017-09-06 09:24:02,2017-09-06 09:35:20,2017-09-06 17:21:38,2017-09-17 14:25:56,2017-10-02,35a4f22fd08c2cf0007129a2ff4e0546,2017-09-06
0af646de6e8d7191b1020ec0a5defcee,084c12a2c5354ee5059c02f470e22aec,delivered,2017-04-25 15:34:13,2017-04-25 15:45:20,2017-04-26 19:46:03,2017-05-02 18:18:32,2017-05-12,58bfa8233987cdb7b475f1ac752a7457,2017-04-25
ae6554cd477d704040e7a5ddb5a72886,bc337d05e7219a4b2408a28c4e269790,delivered,2018-01-23 21:26:56,2018-01-24 19:17:08,2018-01-26 22:53:57,2018-02-07 21:11:57,2018-02-19,7f14f0141917d360c6ebab50c74ae87f,2018-01-23
83e135b20ff2283297db69b97b00857c,7a45fcf693df9c5c5cc32ea0a9ffd952,delivered,2018-04-09 15:46:55,2018-04-09 16:10:14,2018-04-10 01:38:29,2018-04-30 22:07:47,2018-05-04,22e65df7874ccac60db894fae4901f50,2018-04-09
f1a2c0aa708e55ca4ab35b96f89c9aad,1d64e5676bf648b30a40a60e7c4f8ef8,delivered,2018-05-15 22:53:42,2018-05-17 03:35:13,2018-05-17 13:04:00,2018-05-22 21:48:45,2018-06-13,98d073c472d6309957c0ee7999c8804f,2018-05-15
3ea82ad47a5a11ed6d1cb5e1e8343b9a,5fc7418ce4819fe3478f17feed6e5c71,delivered,2017-12-31 12:43:46,2017-12-31 12:50:24,2018-01-02 18:07:10,2018-01-24 12:14:39,2018-02-05,c9ec7638cb8f2dd8e4439fa8374d89e4,2017-12-31
c7b452fdceffb8aff6cfead40826895d,a9b092e07636a2774286bc1b77d677c3,delivered,2017-08-28 19:37:57,2017-08-28 19:50:17,2017-08-29 19:10:50,2017-08-31 20:49:55,2017-09-19,3105529b59f299f44dfe7166fc8f1ad9,2017-08-28
ba21298fdb05dad91b7b31f4b3b17364,fe25a8b8eb9ca365ba5b01f39f7d0d00,delivered,2018-02-14 14:20:19,2018-02-16 08:20:24,2018-02-20 23:07:46,2018-02-28 15:42:37,2018-03-19,88a830a14a479075c655c2f9d3ba3934,2018-02-14
ed6276997e362e1ac151005a739fd684,b6092aeb3797d96e6cd8d9c586e8493b,delivered,2018-01-16 19:36:19,2018-01-18 02:12:53,2018-01-19 18:22:13,2018-02-26 21:08:25,2018-02-16,3842b7ef6abf29a826fdf0ac1e9391ea,2018-01-16
5508daa213736c46607364c74e226dfa,455dd870e5dc21f9f8595e7d81ade6a0,delivered,2017-05-06 19:44:18,2017-05-06 19:55:17,2017-05-09 08:18:42,2017-05-12 19:57:42,2017-05-19,5f8908fe5f61b5510a2c336aa0cc8a15,2017-05-06
ee93f66dd4c1471023afa917f63536d3,e5dd6c9d32e189fb4b38bb071984a888,delivered,2017-11-25 11:34:06,2017-11-25 11:51:38,2017-11-27 21:09:45,2017-12-26 21:41:31,2017-12-20,720f1b28ca26eef5aea3d1c8c40e8a3c,2017-11-25
8da1b0cac91830c54472e2f91579aeff,634591dd7e8bc907a41a5a0d6e450fe7,delivered,2018-02-15 16:48:18,2018-02-15 17:07:37,2018-02-16 21:11:38,2018-02-27 17:37:43,2018-03-12,debaae1c6a6a9329d64ab69d7c34e0dc,2018-02-15
322cf8d33165964665e1529f6cbf4f28,79b1044d5432d0a7bce1cc735c8b68a1,delivered,2018-05-08 17:13:13,2018-05-10 02:57:14,2018-05-14 15:08:00,2018-05-15 19:43:11,2018-05-18,143bcfdcb1b8b6c3be1aeff46c96bf6e,2018-05-08
c96826f70a2d5d38af58a490427b9333,5de937c20f9f89eceb3dc4b057949435,delivered,2018-01-05 21:06:01,2018-01-05 21:17:22,2018-01-08 18:56:33,2018-01-10 17:17:46,2018-01-23,80f385f03fb363e9f8abf4ae6fa28f56,2018-01-05
96ab137729eda207d82649ad931d71a7,098e41aa4dee243c17bbe8973499c960,delivered,2017-09-02 20:18:22,2017-09-02 20:30:15,2017-09-05 16:07:43,2017-09-19 16:17:51,2017-09-29,1c5be9abc44551378973dc44efef78dc,2017-09-02
b390b5413f28fdc1c5cd1164ee0a7cad,913f7366a195d993874a912b9aa78eae,delivered,2017-03-13 14:09:11,2017-03-13 14:09:11,2017-03-13 15:56:08,2017-03-21 11:54:06,2017-04-05,be3c969d918dd99b6c0804fd163844c7,2017-03-13
b5796047f40aa1f6a7b80f8a8e35fcbf,0834d7fee4edc0f82156d04a45272531,delivered,2018-08-18 12:45:56,2018-08-18 13:09:11,2018-08-24 14:30:00,2018-08-25 12:36:31,2018-08-30,ff2959dedacc441cc5ffe7d747a1a299,2018-08-18
cd89724850cc66ec67af22f8513e7010,452f4e8f57fd70dfc1e17c1759d5c7fe,delivered,2017-07-24 20:06:16,2017-07-24 20:23:02,2017-07-26 10:42:09,2017-08-08 17:43:44,2017-08-17,4e6e8f49ac335548b54d362e353f4246,2017-07-24
cc5f102c481f67aeb5e598a26d5db0f6,25a498a8c8d2356b21003899a42e3f64,delivered,2018-02-27 22:12:41,2018-02-27 22:28:21,2018-02-28 23:21:38,2018-03-16 23:28:53,2018-03-22,6544507a6d1b7a4019cd468e1dea4822,2018-02-27
b579612f258cd7fd3094cef8207e6f07,7213b48aa052d444b1ec51ce800a4ab4,delivered,2018-06-21 18:30:56,2018-06-21 18:57:04,2018-06-22 13:26:00,2018-06-25 13:58:44,2018-07-04,8e4547314b8fea1abee84fa14a782a31,2018-06-21
196130ff8b98e8406f66bac8b2cd9fca,b2f114b68085de86aebc3f6bad023e2b,delivered,2017-07-23 21:58:58,2017-07-25 03:30:44,2017-07-25 22:03:14,2017-07-26 16:42:17,2017-08-10,67466b5877fad6f2279c1fb634c9aa5c,2017-07-23
8fa7a057aba83c859446538740219b6f,74a5c783c269854f424a5ee0eecda16b,delivered,2017-05-22 22:29:13,2017-05-23 22:35:13,2017-05-24 15:39:50,2017-06-02 17:22:24,2017-06-14,c7635497d15ff3d2935040331df7f001,2017-05-22
3699ca6aff3879a2990159cd64537303,d64e8d755ff3a2146a4f11c855c52f15,delivered,2018-05-12 13:13:19,2018-05-13 13:12:00,2018-05-15 08:29:00,2018-06-03 18:33:05,2018-05-29,d0db4c3a552894c215d57c2b52bc1ab2,2018-05-12
5dc8e20ffe7089524efc98d33aa37b1c,6711f6053bcf874f5113990cfba8b061,delivered,2017-03-01 22:45:18,2017-03-01 22:55:09,2017-03-07 11:07:50,2017-03-13 07:55:32,2017-03-20,4016ff368c1014abe23940f9f847674b,2017-03-01
b9a7b23fbd0e02128fe7dd7a9dc7b486,6be91fa4a22985411cf40a3a7cf45a2b,delivered,2018-04-05 20:23:53,2018-04-06 10:50:22,2018-04-07 01:42:36,2018-04-12 19:38:44,2018-04-23,f6ddfb3bf894bb01f499dacb93b7e4b9,2018-04-05
38fc86c0e01c22306be55394abbbeb3c,3396c96cac1da6e13602290f5a4b09e5,delivered,2018-01-21 14:45:12,2018-01-22 13:51:13,2018-01-22 21:49:07,2018-01-29 14:13:31,2018-02-26,684b1800cfc8276eeda8178a2d254adf,2018-01-21
e549600509a13c599199c6fa86fa836a,04f8b1896b14f1a769b778682468b42b,delivered,2017-07-11 11:03:31,2017-07-12 02:15:42,2017-07-14 15:41:43,2017-07-20 16:23:53,2017-08-02,a013d464e12f7ff79241c06ff7b9f85a,2017-07-11
e650e545eab1cbfebd87c2cbc0ceb531,930df39c8a9d948a43f77b0fcec43814,delivered,2017-06-04 08:12:24,2017-06-06 13:05:45,2017-06-12 09:01:45,2017-06-22 18:48:02,2017-06-28,068be1461b57abc604678efe3ec659c2,2017-06-04
6f64881752fecf2f3a74cb41f7197495,2de62acac88898f922153c0c90bde026,delivered,2017-10-20 23:53:41,2017-10-21 00:05:50,2017-10-23 19:12:29,2017-11-01 22:23:39,2017-11-09,6ec8e6b1dd1d1c159c09b3e0ed0dd789,2017-10-20
0e71d62394f9b03218e1138af6b664e9,3d74941245d65a43d206256df9a88a89,delivered,2017-05-01 20:04:01,2017-05-01 20:15:19,2017-05-02 18:25:59,2017-05-13 11:33:52,2017-05-23,a37f74cf2de2112a7de0b9e8b305d43e,2017-05-01
95e7f49dc56e12097c265c45527a3941,78ed3e18a534175bae08b782393fcefa,delivered,2017-09-22 13:40:26,2017-09-23 14:10:23,2017-09-26 16:54:07,2017-09-29 17:09:03,2017-10-17,70ffda7e4167ce87ac620ab2c572ac4f,2017-09-22
2458de231bb0e4286a97ab335afb78c9,cc6f5db7dd5f6e879475e65899663005,delivered,2018-07-21 23:51:50,2018-07-22 00:05:10,2018-07-23 12:39:00,2018-07-30 18:16:51,2018-08-24,e611b0bc37eb590c0182ab46fe2b0454,2018-07-21
bdfa4237c19c14513acaf750e3e8b7f1,e8ca2bcd61f57125dea9b0c5675971dd,delivered,2018-04-27 19:05:34,2018-04-28 02:55:20,2018-05-03 08:48:00,2018-05-04 17:50:48,2018-05-10,d6b076cea51c7b38da49330932e57b69,2018-04-27
0718634f87a84ae0468224ecca3584d1,839e0b6ecf44591f3cb20e0e4f1352d1,delivered,2018-08-20 17:33:26,2018-08-20 17:50:37,2018-08-21 13:59:00,2018-08-24 16:12:32,2018-08-29,88c99e6b93f9e339e5d20c7bd6f34d5a,2018-08-20
26e2db0bd73689ff814692e3dc232671,e8640461d21ee25de8988187e7227b70,delivered,2018-08-26 07:54:47,2018-08-26 08:10:08,2018-08-27 15:33:00,2018-08-30 17:58:42,2018-09-06,70274c85eb170f583f0ae42e19494c6b,2018-08-26
9779727179007a2f946896a2d7150019,bcf0c03f03d12963583d545991870248,delivered,2018-02-22 08:35:57,2018-02-22 08:50:30,2018-02-26 21:18:43,2018-03-05 14:45:37,2018-03-27,01dff584b4563da3703fa375287a3a69,2018-02-22
ac509c21fa5c6600dd4b07e524fd5526,8a449a22da3672f99e89bc2f720f2270,delivered,2017-11-18 16:21:57,2017-11-19 16:30:33,2017-11-21 19:30:01,2017-12-06 15:15:52,2017-12-13,7ea4bec68d72e5d00c8c28e6a2c557b7,2017-11-18
64dcf61c577c7f454e0d2d968360efb6,0352f19bde56346648596f642638c657,delivered,2018-02-02 11:43:29,2018-02-02 12:51:44,2018-02-05 19:28:35,2018-02-15 17:05:13,2018-03-09,ec18492c03b697f38b02e5c6a73a48f4,2018-02-02
161e8319860a634de1d366b52f246f8e,44716e9b2f5b438ee2b8631758563446,delivered,2018-06-12 12:08:29,2018-06-13 18:24:41,2018-06-14 14:01:00,2018-06-20 19:56:34,2018-07-05,95126308986368adfa1fffafded5488f,2018-06-12
402d1de1e7261ecc31f90bb5fef7afc9,2ed9876a708635fda8c5deb0d9e2dc69,delivered,2018-01-27 17:27:46,2018-01-27 17:39:23,2018-01-29 22:35:16,2018-01-31 19:03:48,2018-02-14,73f44c9ccfdba449a65cd59eed6f4691,2018-01-27
0f28c88fb38fee388050be4fa4d11b43,3c880937d8fe54155db71a1010512242,delivered,2018-03-17 22:10:22,2018-03-17 22:28:12,2018-03-20 01:24:41,2018-04-18 00:05:05,2018-04-13,b4e412b6ca0f5fbf612a6e6e30b10507,2018-03-17
3d7eec3ddca1aab85c4f2e70a6ec3fa4,a92652f56ae6d1a39e714632159e9e74,delivered,2018-05-16 08:00:21,2018-05-16 08:15:16,2018-05-16 14:09:00,2018-05-22 23:06:19,2018-06-06,701f894790d2083cf4517c5345e04dcd,2018-05-16
9a7e8939f3e332415b9915a209e3607e,c8d008cabef5ece4d46688391a2f639e,delivered,2018-07-07 20:49:04,2018-07-07 21:05:32,2018-07-10 15:40:00,2018-07-12 22:40:52,2018-07-23,2b5471b78893ad2655a0fd86a095a80e,2018-07-07
228854f82259e0bcba1d3a55fd6d955b,14eb94d576ec3079b4db18114262d106,delivered,2017-09-29 17:18:01,2017-09-30 17:24:14,2017-10-02 20:12:29,2017-10-13 14:39:44,2017-10-30,b47712af218ddce78581ad97b028be15,2017-09-29
459d4fa45d8bbb1c914f0d4bb1774a1b,613f2c0ca4e0c3c8e161fa092f9ed98b,delivered,2018-01-04 07:27:36,2018-01-04 09:02:02,2018-01-04 20:53:33,2018-01-06 16:28:56,2018-01-22,4bac53ed80702b5842e3aadd06998538,2018-01-04
8ba82ebd20e0c7f083b53f3b3e78614e,e9dc3eb04f1bae4f6a3e8f939cfcef9c,delivered,2017-07-19 12:53:01,2017-07-19 13:05:12,2017-07-20 16:22:06,2017-07-21 22:46:55,2017-08-03,3f7c242174060c29fe7307fb722a6dc3,2017-07-19
98145a2792b36ee08e12d89372fadd6f,128f641bdaeb4fd8d57638278d6e22d6,delivered,2018-03-27 08:23:26,2018-03-27 08:35:14,2018-03-29 01:04:38,2018-04-04 21:54:29,2018-04-17,a16af76f80949cf52a52c2ac7c6b8d16,2018-03-27
e8d6e91dd3d56ab5e56777ea094760ec,c15928f7d673b005bb6e2363995f822b,delivered,2018-05-18 11:43:09,2018-05-19 02:58:40,2018-05-23 15:28:00,2018-05-25 19:17:38,2018-05-30,cec6f598181c63ea3943c7d4aa74812e,2018-05-18
e900040d6974a5afa661621dad127568,bf06e66b68359a1b2b57f347bf4d6a47,delivered,2018-06-10 23:50:47,2018-06-11 00:19:19,2018-06-13 11:56:00,2018-06-14 16:06:45,2018-06-26,26662dc8cc613781a196621d3462d2d1,2018-06-10
343214a6de71b79c0166799ba08e148f,5b0e15a1202c729bb7584d363973411b,delivered,2017-11-24 10:53:36,2017-11-24 12:52:58,2017-11-29 23:21:54,2017-11-30 20:22:14,2017-12-08,459a8cadf1f0e47aa6b299eae9864059,2017-11-24
ed3d229ff5daade6f2f99efc36a7fd05,125ee1e307ef264c24976717cc30edd2,delivered,2017-11-25 16:07:34,2017-11-25 16:16:40,2017-11-29 20:33:34,2017-12-11 23:49:04,2017-12-20,c091cd3b0b359525897e374dd8ea91c4,2017-11-25
7e52ab2aaf4fd6b758bf18e6295b2bbc,5086b528c85ca4527c186363558ba1af,delivered,2018-08-11 14:04:03,2018-08-11 14:15:10,2018-08-16 14:53:00,2018-08-23 01:26:29,2018-08-29,10c3a1c4d4262a949a536157ac3c4f6d,2018-08-11
5c4a0229b56d3c41da2609ef3f048293,bca062b7fa800bf2c7952da1b5778585,delivered,2017-06-09 15:16:36,2017-06-09 15:30:46,2017-06-12 15:36:53,2017-06-23 11:33:18,2017-07-12,02889f45776f057efa2323d295406cf2,2017-06-09
8fc088e94b10c2a02fcba1e2b69ec6fa,5ae59ee4b9425f6b9f70964f7b7b662b,delivered,2018-08-01 19:48:50,2018-08-01 20:25:14,2018-08-02 21:40:00,2018-08-03 17:41:59,2018-08-06,25eb1743ab6f01c25e0162a46e41d9cc,2018-08-01
71c89401f412b28f60a52e30f1691509,22a73afefe1ad65fc0710149cf5bd11b,delivered,2018-06-19 07:10:21,2018-06-19 07:37:22,2018-06-21 14:18:00,2018-07-03 17:29:14,2018-07-16,96c20f261106094cb771e7e9508b1887,2018-06-19
bfc318d0ca556b5d317bda9eb4b0ed76,8ed5ce3759211c747cdcc43276ababfc,delivered,2018-01-26 20:03:47,2018-01-27 02:42:20,2018-01-30 16:53:01,2018-02-10 15:03:59,2018-02-19,a29b34d1a94942bc18a1256afa2fb20a,2018-01-26
3a6f6cf4de24c8615434613e2f1db015,24919b72996bb428094aac6b57ff53de,delivered,2018-08-08 14:48:43,2018-08-08 15:04:58,2018-08-09 15:15:00,2018-08-10 13:34:30,2018-08-15,41cff65f8aa7af598d4366c2b70aa5ab,2018-08-08
b100b7e34a9b4da2a73dcb55310d2199,9274553a4765ddc5f089143cdbb3f2eb,delivered,2018-04-05 22:19:06,2018-04-05 22:30:26,2018-04-06 22:14:37,2018-04-09 21:26:30,2018-04-18,f61a6c9143d5698cfc16cdd6c0fb0d88,2018-04-05
d74791c08aaa52d2224fb2486e311413,8eed04f8cc4675d5a3ab5ffc7b9c3d44,delivered,2018-05-13 18:20:48,2018-05-13 18:32:25,2018-06-07 11:20:00,2018-06-13 19:42:44,2018-06-05,b22b660b766eee055f792b62d1f38cbc,2018-05-13
4ec755335e77b43c823c978d570fe48f,9018b88fcc77a0a7fa71b70a15375239,delivered,2017-12-16 11:27:55,2017-12-16 11:36:21,2017-12-21 20:32:44,2017-12-28 17:49:14,2018-01-22,b3a893e4b097bbf72dbb1ead256ec665,2017-12-16
040ffb806b943aa19e0b176e7746b2b7,2487a1f2ca00d0bbdd2b768b7407d75b,delivered,2018-07-31 15:52:32,2018-07-31 16:44:19,2018-08-01 15:45:00,2018-08-02 23:26:35,2018-08-06,e5200f35de4c094ffc5c6c56398fe944,2018-07-31
600f11f2924877daf80111221c047491,835419d3919bd71cdcef3f3eb05033b8,delivered,2017-09-27 14:47:27,2017-09-27 14:56:24,2017-09-29 16:23:45,2017-10-11 13:34:16,2017-10-31,99f84b137d88dbdd43b57b381d8e8ecf,2017-09-27
54d9fc18967ef28a2841c74e800acc84,522a974ff04a8d6aa8e22f84bcb8c4e7,delivered,2017-06-09 13:19:43,2017-06-09 13:30:23,2017-06-13 12:43:46,2017-06-19 17:56:45,2017-07-06,152c170d3fac9d95ba486b94fc41eb8a,2017-06-09
cf73e2cb1f4a9480ed70c154da3d954a,ef1ed1347404166e73e8f3977ffcbca0,delivered,2018-01-11 11:23:09,2018-01-12 02:38:33,2018-01-13 01:07:00,2018-01-17 14:36:38,2018-02-01,21effa61d72771ba8315ab56ce7fb7ac,2018-01-11
7761de3703673bd1c2aca237e52199c4,f838e842c0f8bda43a21d146deb6f087,delivered,2018-01-13 10:35:28,2018-01-13 10:49:26,2018-01-15 21:07:12,2018-01-25 18:42:31,2018-02-09,1c0b80f13c209893ef36ff95cc2041c1,2018-01-13
75f1f96566e2fbecc5fe22dd4f16f8e8,88d44020b4142f4668150bc2a3c9530d,delivered,2017-02-11 22:45:38,2017-02-11 22:55:16,2017-03-06 10:11:44,2017-03-17 12:08:17,2017-03-14,55845d91497951227fd70e450ffb35e0,2017-02-11
9ebf7ca77b62b4dfc7591796573bac74,736031571941969bbbc111c7d39e8364,delivered,2018-01-28 20:47:29,2018-01-30 05:31:45,2018-02-01 21:10:05,2018-02-02 21:39:55,2018-02-14,d73c36e2470981d463d1804601568f32,2018-01-28
31b39339d93a6949e2f2addf798d8904,e0c699c921f40e59216aec9d5b909f43,delivered,2018-07-29 13:07:11,2018-07-29 13:24:20,2018-07-30 15:36:00,2018-07-31 14:56:30,2018-08-02,153d4db4f82182c6bfe1d1bd73b9e647,2018-07-29
8fec3000dd1edabf27f78ee06f3abebe,a794aeb8ea48e9889df399b2ed132de4,delivered,2018-08-18 18:48:25,2018-08-18 19:09:31,2018-08-21 12:48:00,2018-08-25 13:58:26,2018-09-05,d96c70c50983a6a7b4af3177a40897f0,2018-08-18
57c6fa4668d9985ee3ffbcbdc15b77f6,090881015f7293808eff51132d75a209,delivered,2017-09-22 10:24:45,2017-09-22 10:45:50,2017-09-22 17:22:14,2017-09-28 19:13:38,2017-10-16,de86a31c04324655ba359a25f09f0bd1,2017-09-22
1db212a53e1922f5a77f524426250b8b,f974d5a7c970aad387e0b3082c6082e5,delivered,2018-04-19 19:41:46,2018-04-19 19:51:02,2018-04-20 18:32:48,2018-05-04 02:12:40,2018-05-18,d321b348f1ad392039158c2d77e6afa9,2018-04-19
796d7e38e13c7f6c4f227fb178fd58dc,bce8f513920e36d27e25af34061cf94c,delivered,2018-02-22 21:31:31,2018-02-22 21:48:28,2018-02-23 21:28:57,2018-03-23 22:21:53,2018-03-20,34faf897608d48cf4ae85e6248ea6fb2,2018-02-22
db665391fc74398efd9fc0d753e501b8,6e881b0f8bbf41ec6eb160602b44d292,delivered,2018-04-16 00:03:57,2018-04-16 00:15:10,2018-04-19 23:02:02,2018-04-23 20:38:42,2018-05-14,45d79f732f95ef85d1f29e68c945e430,2018-04-16
6fa3dea5574c5757ec985783489bd49d,28d22e4bdf20fac1030f7a4cdcfd3cda,delivered,2018-04-28 20:32:56,2018-04-28 20:53:23,2018-05-02 11:12:00,2018-05-07 19:08:32,2018-05-17,1a49044e7d162b211b02938d5dbf35ac,2018-04-28
a297e4ba9ce71eebc150ae6ca85e1bcb,91abec79c0b67e92c06abb4f10347e7e,delivered,2018-06-04 20:09:37,2018-06-04 20:31:48,2018-06-05 14:13:00,2018-06-08 17:54:26,2018-07-05,613d7f02d8920b58bffa14f641b249a9,2018-06-04
6e61e9948a1e8b1389dd34c5c11fe90d,17b6b7850070f21ce0cb8288fb80a606,delivered,2017-09-28 19:51:55,2017-09-29 02:14:36,2017-10-02 12:11:44,2017-10-12 12:43:36,2017-10-23,b888d4e8f85e9d3de8e234db65a87cd8,2017-09-28
4fac79a44297fdbf2088158540de5b2e,df9fff917a4003e4b5883f0d4156b4df,delivered,2018-01-31 10:59:42,2018-02-01 02:52:44,2018-02-03 03:03:00,2018-03-02 23:15:04,2018-02-16,9321f71d5fee4b69df04be7e29333505,2018-01-31
641fffc35cd22fa1a6092b0c0dd903b3,b0c4781da345dec9877d8971c0ddfe2e,delivered,2017-06-16 01:31:07,2017-06-16 01:43:03,2017-06-16 11:48:00,2017-06-26 13:36:49,2017-07-11,4d4c36b6e99990c45eeebd67b8804fd7,2017-06-16
dd517e36df351de8139a960329ab58da,59699572fb53609e196978771c89a9dd,canceled,2017-11-13 10:25:28,2017-11-14 04:15:40,,,2017-12-05,fce3cbf990e49bda6b74fa9c68640b06,2017-11-13
d856e505d0de5e968c3b1dffca9c8940,f369a6fd1ee964e60011051f9c690c10,delivered,2017-10-18 23:25:15,2017-10-20 05:33:04,2017-10-24 19:37:51,2017-11-04 11:23:54,2017-11-10,faf66aeac72468e336a368c270f607ad,2017-10-18
6951ff62555bae27cada94716835c9fa,d364f6386755f2e23f0c2d7bcfd9a146,delivered,2018-03-30 21:23:29,2018-03-30 21:47:08,2018-04-02 18:48:42,2018-04-11 23:14:21,2018-04-23,9bf8115570e9625107dd9705f6941f3a,2018-03-30
e42a84e9da2661784849b93dd02c579b,8ae3bda18f32c07a6b7920172f335d9f,delivered,2018-02-10 21:13:52,2018-02-10 21:35:24,2018-02-14 12:15:46,2018-03-02 17:16:47,2018-03-09,acaaaf3c264707b8563c243c40481d0a,2018-02-10
95d8c6b4c0b7c33f86f75fa4e0a74594,fc6f2443283ec7170b178d24aaf69f15,delivered,2017-09-12 16:10:13,2017-09-12 16:27:35,2017-09-15 20:15:54,2017-09-27 19:22:14,2017-09-29,ac1693bc8be40d9b685a670055bf3344,2017-09-12
d167a1099cf2b9ccd885c665394f5fd9,165412115747b056d83956cba0e9833e,delivered,2017-07-29 10:30:43,2017-07-29 10:45:10,2017-08-01 13:29:55,2017-08-04 19:57:22,2017-08-22,4b806e01274178b1c4435fcebf908063,2017-07-29
bdd19e1d8bec46c29644018d2c781aef,d9c31907f4ea9af9dbc3183716f5a200,delivered,2018-02-17 18:50:44,2018-02-17 19:06:47,2018-02-19 19:39:13,2018-03-05 23:29:00,2018-03-13,58873af0acb437b5f75d787f661f0fad,2018-02-17
f280cc89e43c0261d95d1ee72a78cb8b,96146cf7e9a4b8e25cab09715434bbb1,delivered,2018-02-14 22:28:15,2018-02-16 14:29:58,2018-02-20 11:43:48,2018-03-09 14:19:26,2018-03-09,9d1f8629dc5f3107dded59e772dbf9ad,2018-02-14
58bdd869f92592c105dbfad8b492e261,2fb3246810dd181ddc20c97084963686,delivered,2018-04-25 15:48:51,2018-04-27 03:10:22,2018-04-27 16:23:00,2018-04-30 20:03:34,2018-05-14,9318a1591e59379ea246449333e3c598,2018-04-25
6c7a2e394323dbc3b0ec1f9282030b88,964bdedcaffe587192ba8580b1018e36,delivered,2017-06-18 15:54:50,2017-06-18 16:05:22,2017-06-19 20:21:18,2017-07-03 12:42:04,2017-07-19,a50a83f0da93ec0a5f462b3b8c5644f0,2017-06-18
2f78724a34b125e8d8a5f731116bc5ad,5140a58e94f23985287e8f5f565b7c27,delivered,2017-06-18 14:32:38,2017-06-18 14:45:19,2017-06-19 21:14:49,2017-06-27 14:41:50,2017-07-14,f596242db91986b554f25768577cd5be,2017-06-18
7f6d16fab3bed015ec202cc66b21283f,a0ee08995836546ec96882db7a0f0d26,delivered,2018-03-29 19:44:56,2018-03-29 19:55:08,2018-04-02 23:31:45,2018-04-10 18:24:45,2018-04-20,8664da4ad5b85f32504872e752819e72,2018-03-29
ccf804e764ed5650cd8759557269dc13,92cd3ec6e2d643d4ebd0e3d6238f69e2,delivered,2017-06-07 12:05:10,2017-06-09 16:15:08,2017-06-16 15:50:28,2017-06-22 16:04:46,2017-06-28,569aa12b73b5f7edeaa6f2a01603e381,2017-06-07
531202443efb276e104f75af96ec510b,eb046ca6bd905531c208eb421e44a350,delivered,2018-01-10 12:42:01,2018-01-10 12:49:19,2018-01-16 21:48:32,2018-01-22 23:05:02,2018-02-14,fe4b1359683c4fb8798818b53e21a7d2,2018-01-10
5c1a7adae63c3dd38c445817f9947cf2,a55b85ff2960e23e05447c3c371899b0,delivered,2018-03-16 11:11:42,2018-03-17 02:40:36,2018-03-20 00:37:45,2018-03-26 14:17:37,2018-04-05,44723e30324b2effd5a8247794af92c8,2018-03-16
c9c76a6cf34575ea054a043a4d03c0a1,92c225f7c50be5d7a6fc60dd0b750dc7,delivered,2018-08-16 09:52:01,2018-08-17 09:49:52,2018-08-17 13:17:00,2018-08-25 10:26:25,2018-08-23,7bff27d438e66ad989d56f90ab48706e,2018-08-16
33719438c660a7964c608082a59a58c6,1777f8820f1331cc996abb92c3fa03d0,delivered,2018-01-01 12:51:04,2018-01-01 12:59:18,2018-01-02 16:19:18,2018-01-05 22:14:20,2018-01-24,c3d7eec78d52a03d9524c49064b55a33,2018-01-01
be8e82214fcaada34c6b645f54e20737,a85209e61b86457b6c628e4da9f2e488,delivered,2017-11-24 22:28:27,2017-11-28 03:46:16,2017-11-29 18:59:01,2018-01-08 17:35:24,2017-12-18,8a7a36ab245df09f3d998d09d47eb792,2017-11-24
dfc03c094a48b3fb28bfc70f937079b8,628d10d7ac1894e2f7fe3db86a82e93d,delivered,2018-06-07 16:18:23,2018-06-07 16:41:20,2018-06-08 10:53:00,2018-06-13 18:26:37,2018-07-11,8736a6205bc699acaf42100993af145c,2018-06-07
d61fb054800247ebeef5200e8bf9c9bd,544df65cf6b7f2cc5d7637b4189edc50,delivered,2018-01-02 23:26:09,2018-01-02 23:50:39,2018-01-06 00:25:44,2018-01-13 11:27:04,2018-02-01,06a35cec0273b785b2b58eb349841fb2,2018-01-02
26df1f409adf3bbb2f057e1ebb11b019,d0b19458cf51e7e8db284742e3f1d96d,delivered,2017-07-23 13:38:32,2017-07-23 13:50:18,2017-07-26 21:12:43,2017-07-28 20:17:38,2017-08-15,40480b822a64c501298bcd915a4d141c,2017-07-23
6179ca3aca88a0e2e379fbf3742a04ac,c220924fc6a7d4b71451a0c45598311b,delivered,2017-03-23 12:21:53,2017-03-23 13:05:48,2017-04-03 15:03:52,2017-04-11 16:40:12,2017-05-02,b39dde6dd619943190a8cc9aa6db38a4,2017-03-23
8c6abb3dfd36a21ee1597090659029f7,0da10477497bba0815cec910862d27d2,delivered,2018-03-26 18:11:31,2018-03-26 18:27:59,2018-03-28 17:06:43,2018-04-09 20:32:19,2018-04-25,b10ad4e6f01c7a3d522421e5e2305f22,2018-03-26
5e29bb4d91686c8d61f87779502db614,8059726e1bee32796e83bf37aa97ee5d,delivered,2018-01-25 08:48:39,2018-01-26 03:15:48,2018-01-26 19:39:06,2018-01-30 20:58:08,2018-02-09,17a75be2576209fee49b587f9cc8c626,2018-01-25
786a54ce0cf9dab273f41727d56f96ec,470cff54aa86be3ce142cc8406ad2084,delivered,2017-11-01 20:10:34,2017-11-02 20:10:23,2017-11-06 17:13:47,2017-11-16 17:22:16,2017-11-30,da4a999adcf6645f862d333271068632,2017-11-01
4fba3b9d5278d363d0c484bcbc816584,38f1b7fd67b4c87f2b42f7956917cac7,delivered,2017-09-18 23:41:24,2017-09-18 23:55:14,2017-09-25 19:09:28,2017-10-04 19:22:42,2017-10-04,db5845a22edcc1c05394690732caa60b,2017-09-18
dc40cf72430bda627804ff38c8fa6116,12a7082d8a209be27917d31b748d2498,delivered,2018-07-22 16:22:40,2018-07-23 12:32:00,2018-07-24 09:56:00,2018-07-27 19:04:53,2018-08-06,c4848464c7d1696de363b6ef59f6eedf,2018-07-22
ac7b697f61f36bfa2a98f18e8c065875,dd6b5ee1d78a075d11a1dadd03eddee5,delivered,2018-08-09 08:56:25,2018-08-09 09:05:09,2018-08-09 14:24:00,2018-08-20 13:09:07,2018-09-03,64dbbc66e67cd6b74a7b55c2d34adc6b,2018-08-09
830189cecc91f11c9dd9405976aa5538,3506351d6f6e36e9b381d2cbd40000b0,delivered,2017-07-07 22:46:53,2017-07-07 22:55:16,2017-07-10 15:32:43,2017-07-25 19:07:52,2017-08-10,14d42180d47d0b635bfbc58fa221f614,2017-07-07
96b7f5a470ca6a58f261be1af286e4d9,b35a12036c527e0cc8e2310bc04c14a4,delivered,2018-05-29 16:42:28,2018-05-29 16:51:46,2018-05-30 13:36:00,2018-06-08 21:33:17,2018-07-12,c0e66c87594dc652671df374b55c5661,2018-05-29
4caa878dd26539c88f5243c6bd277ad5,1bfb8cb079b0c028107b3fe473234ca6,delivered,2017-09-26 11:35:30,2017-09-26 11:49:22,2017-09-27 20:57:32,2017-09-29 20:34:57,2017-10-11,c18fbcad942f4f9e342cfb64c36dff5e,2017-09-26
430e7ae18173c5c5d351c37676f6d09a,828bcbf5432d3799131548454d33c916,delivered,2018-01-05 12:33:24,2018-01-05 12:48:47,2018-01-06 15:37:31,2018-01-10 15:40:23,2018-01-23,66effcac895bce9ba66507ceea743100,2018-01-05
aff48f2bfd2432bf92264b9308c424c3,c97dac991f2fb49d7734dce67c3292c9,delivered,2017-06-30 01:38:09,2017-06-30 01:50:15,2017-07-04 13:49:46,2017-07-13 02:53:56,2017-07-20,0ad6cef8e9b6dcf295f882fb13081702,2017-06-30
e9cc31bb3b7f19962bba87e032a9d485,d83086aa700534c6072ac231403baafc,delivered,2018-01-05 16:55:53,2018-01-05 17:08:40,2018-01-09 21:13:02,2018-01-16 13:09:29,2018-02-01,46f40961423812c64201b6ac9dc1f658,2018-01-05
c01f191e1c46c4246cac196674e22bdc,a2c1225e98e3aad59328023a46846df4,delivered,2018-05-14 09:15:50,2018-05-14 18:15:22,2018-05-15 13:38:00,2018-05-18 22:35:30,2018-06-07,02ce197e2c160b57561b0880cc8d9446,2018-05-14
c15f5ea47fd3c921cc356e8b581da5ab,a5edc7e1297118ad96ea3ec4ed031d57,delivered,2017-11-22 11:38:48,2017-11-22 11:49:05,2017-11-22 21:38:36,2017-11-28 21:36:58,2017-12-12,dc41c213511c0ec2a73cb054afa83dc6,2017-11-22
2ab0885da6ade32952b1dbf3a58ea165,1b9b9e051f6e7d8c3ada57853bd29d1d,delivered,2018-01-08 11:48:47,2018-01-10 10:31:57,2018-01-10 17:00:55,2018-01-31 17:48:42,2018-02-14,3c9c60cef75a8cbdd34d0edafc7c23b6,2018-01-08
d99e6849f7676dade195f20c26f0eb4f,a23e3f9a2b656b23b7e52075964b42cd,delivered,2017-09-02 22:37:17,2017-09-02 22:50:15,2017-09-04 18:06:57,2017-09-08 18:51:57,2017-09-26,afddf43a03a9941624ed42c0b2c17280,2017-09-02
37138848f84d12fc4015d8b261f905b7,b4fa300c78a41ad74748231d43b1423f,delivered,2018-03-19 14:28:12,2018-03-19 14:49:35,2018-03-21 18:51:20,2018-04-02 22:19:02,2018-04-13,b8b0cd7a9c4820526966e6ad5dfa726a,2018-03-19
5b70374ba741f581985a6f4f4f491c68,a634db1db5794b592867090738c401ac,delivered,2017-12-11 21:37:57,2017-12-13 02:35:31,2017-12-14 14:47:27,2017-12-18 17:49:14,2018-01-04,e0f58d4868f03cdb286a83ccb5bb112e,2017-12-11
88070a99472bf32fc96e605f816679b0,f16c12aa92ae8baf6812736511ce30db,delivered,2018-07-17 19:09:44,2018-07-17 19:22:12,2018-07-19 12:09:00,2018-07-27 18:22:30,2018-08-09,01940bd0ea09e8cbbeb24452e58dcb0e,2018-07-17
42d6c905b94bb9817871a7428dd99a62,cc859cc46f64dd91bf9b8d0a33b3dd2e,delivered,2018-01-03 21:51:21,2018-01-03 21:59:26,2018-01-10 23:08:18,2018-01-25 20:56:27,2018-01-30,59736f2645524713f749bc44accf5520,2018-01-03
24b08ea637db67e116dabc26306710db,f408514ea6598d6b04a3ff8f2a2ae7aa,delivered,2018-02-26 19:47:11,2018-02-26 20:28:32,2018-02-27 19:04:03,2018-02-28 19:17:06,2018-03-12,17612dfc44c7617bea6742ac440e2c6d,2018-02-26
a2a28dd9e703a77c8fbe7cfe9e8abce6,07cb5cf601f1745ecbed82fb6f887516,delivered,2018-02-06 17:40:58,2018-02-06 17:55:30,2018-02-08 17:58:32,2018-02-21 17:43:23,2018-03-05,ea1a7388080d7d3e8559459f39d2cc92,2018-02-06
20975671430924d7380f6d3816615e37,61264c36dc1a730c901f64018be8074e,delivered,2018-01-08 17:54:44,2018-01-08 18:03:33,2018-01-11 00:39:05,2018-01-24 17:36:29,2018-01-24,59aea6f3724d3746108354ec8312fe2d,2018-01-08
28aca242b9f57bd41f8a1d1791f4e761,2d3b68fa7243367b72e61375cd6b0f7f,delivered,2017-11-25 20:11:31,2017-11-28 03:40:10,2017-12-05 20:26:44,2017-12-27 17:47:12,2017-12-19,bf021b222ddfd6549c1ae7b11a8522d8,2017-11-25
a490a5d59a9bf4ef3334bfd7cf1dbdfc,1387e2d23533abc24be58c9b3a1f06b9,delivered,2017-06-17 14:01:58,2017-06-17 14:15:17,2017-06-19 20:09:52,2017-06-21 17:23:51,2017-06-30,2a2a3fad75a86811325aa30582b160a2,2017-06-17
e64491110f2ae901a81c88667bdb2139,ee2b312e7d5d2985bf0fa8420b0eaf00,delivered,2017-12-26 13:54:00,2017-12-27 04:07:19,2017-12-28 18:04:54,2018-01-03 16:02:42,2018-01-22,07b63c82ff24237c5d64a6b6e6eb6f60,2017-12-26
36df1ef65b497a01a02122e94735f13d,58432b542d94f1636a9a4aaa6bfb83f3,delivered,2017-08-29 18:13:49,2017-08-29 18:30:18,2017-09-01 21:07:49,2017-09-05 18:10:31,2017-09-15,1a7115b915a0a7db78740e862066cb8b,2017-08-29
0011d82c4b53e22e84023405fb467e57,2013d892495e1a101d742d533d2d1119,delivered,2018-01-16 21:43:23,2018-01-16 21:51:25,2018-01-23 22:08:06,2018-01-26 22:14:02,2018-02-15,02daaa0e021d624d1784c4ea5cc84ace,2018-01-16
23f8d85e1bed4bc79e3b7e9f7c2d6437,a99d98a0d509d3f6930bbe4a7f8cd9a3,delivered,2018-06-09 15:21:29,2018-06-12 04:17:17,2018-06-13 09:51:00,2018-06-19 16:14:30,2018-07-12,474306fa75a18e039c27a0dd0d2c5dbf,2018-06-09
377aec337a068541200f33229afa85fd,2fac402c3f6f98096688faadf805953e,shipped,2018-04-01 11:30:07,2018-04-02 17:55:15,2018-04-04 17:48:50,,2018-04-19,2c14db46aee6245ff5a01f7f69544f73,2018-04-01
3123ac94cc04ba74266ab34f2529bd33,e31c8fe91d2166f85f9363713fcc77d1,delivered,2018-07-27 11:10:59,2018-07-27 11:25:11,2018-07-27 15:23:00,2018-08-02 19:12:14,2018-08-23,a3be4fbb70c22ecb4fb7aa1c21d4b885,2018-07-27
5fbe0933118a1dec4ac5424ef0ed0686,8f69a86b6f73cb1bf07174b4b8a72aa9,delivered,2018-07-06 08:48:19,2018-07-06 09:11:19,2018-07-06 08:22:00,2018-07-10 23:31:44,2018-07-27,49c680336ba57c2f860dadf26a62e038,2018-07-06
4db79af544c8c9da4ef543192ec3179c,63fed2da86c0786cbc166968a5e6abbd,delivered,2018-08-23 17:29:25,2018-08-23 17:45:19,2018-08-27 14:31:00,2018-08-28 16:33:41,2018-08-30,bdd2db062e160b56deef394d3124eed6,2018-08-23
f19d7e5d1c51bae3d96c1877fc8654d3,facc60595302e4fdd1469e96558ebdcd,delivered,2018-01-16 11:40:12,2018-01-16 11:49:56,2018-01-17 23:13:46,2018-01-23 19:51:44,2018-02-08,54122cdd192ea2120652f40b8364af1f,2018-01-16
756e1225dfaad77b4be2985df1ad2a31,9a91e91d2641f317000c0b597097eb70,delivered,2018-07-09 13:32:37,2018-07-09 13:44:58,2018-07-10 15:06:00,2018-07-12 21:41:36,2018-07-18,21ac6bedb29956aec88d228d183d3bbd,2018-07-09
3e24e141d5703b84337db96998991424,71252f7f8d30834143d81dee469e8733,delivered,2017-09-20 16:10:38,2017-09-20 16:25:46,2017-09-22 19:48:12,2017-10-04 16:43:44,2017-10-20,ddd2930d58eccbe133d52b91eb6091ce,2017-09-20
15a167665d926699daaa439f546054a3,42c2ffc2f510d988ea1e7e7d206ae4dd,delivered,2017-05-19 22:35:01,2017-05-19 22:45:18,2017-05-22 11:59:04,2017-05-29 14:53:36,2017-06-12,31a243df42ab31a4d1f0a2dd6c120cbf,2017-05-19
028e1ce5e085cc7810f340572c316b35,98250a166957267b24eafb8fd85d8415,delivered,2017-05-21 08:03:50,2017-05-21 09:04:28,2017-05-23 15:48:57,2017-05-30 14:24:31,2017-06-14,3cf3b7cbb693ee1c1646eafdf1e7fafa,2017-05-21
97d03d6144f96be066dcfb67ba92f4c5,776cdd9adacea798b483176ae186e41e,delivered,2017-07-14 15:37:57,2017-07-14 15:50:32,2017-07-19 21:39:47,2017-07-31 20:49:40,2017-08-07,ef7ccf8e6acbf1ac71af305967e708c3,2017-07-14
512e098833ea4453e3b2145f5347e9d9,d681756695442e70776c9352a8eda350,delivered,2017-12-25 01:20:49,2017-12-25 01:31:18,2018-01-02 22:54:59,2018-01-05 21:49:28,2018-01-23,8ba8e56eaaa76727d00653ba8a1ff363,2017-12-25
187866e696f75b2a1383f04953c53cd6,ce56b2fb736f287cf6df4b468ad108ff,delivered,2017-09-25 16:16:09,2017-09-27 02:49:37,2017-09-29 16:19:04,2017-10-04 20:28:37,2017-10-20,b3dcb070bd559b53efbd3340673e51d9,2017-09-25
0cacc6e732b7bc8f08cca2ba2604fb1e,89c8c50250e077c8977215502000c179,delivered,2017-10-04 21:26:58,2017-10-04 21:35:23,2017-10-10 20:49:09,2017-10-13 17:45:05,2017-11-09,41c9ce6f9c3f1d038fba94006ecc8067,2017-10-04
8095c4dbcc3855535d22f18f284c624d,7a503ab0d71429773305ec84d3461e60,delivered,2017-11-14 17:41:00,2017-11-14 17:55:28,2017-11-17 13:27:52,2017-11-28 20:25:15,2017-12-07,8e5e82c50ec7111e1ea9757732b549e8,2017-11-14
938b81c296794bf21f608257efd9aae9,8dbfab81577117fd021d0f9a7f30b61f,delivered,2018-01-10 13:57:28,2018-01-12 02:36:51,2018-01-15 15:22:04,2018-01-24 21:42:37,2018-02-08,63b2513aba069664cb6c73102ede2811,2018-01-10
7b8ae8132da20b7b6f709b2d5fcd78c5,4867e76ef4bdc75f3ffa97fd17ff7c30,delivered,2017-11-24 10:09:10,2017-11-24 10:39:21,2017-11-28 21:36:04,2017-12-03 15:34:34,2017-12-14,0a33cf6799b4df9890e2319f566adf63,2017-11-24
fa620a3fb2d707b450b33dfb77ddb3a4,712b1d3c8411a245f933a8a3bca7b585,delivered,2018-02-23 19:11:53,2018-02-23 19:27:49,2018-02-27 20:28:41,2018-03-15 17:22:07,2018-03-22,3a29d9f6fb5aef9e5ecbf04e28540215,2018-02-23
c5119bb429cf05b928aca27cd9e62cf4,72eda8980db0411fc5406163a20ca6e9,delivered,2017-03-27 23:57:06,2017-03-29 02:15:19,2017-03-29 13:56:37,2017-04-06 15:40:22,2017-04-26,1a786635b3c66e50118171046b72fd5c,2017-03-27
4048b8311e92aa983ee72f0b5f1e8ce5,3839f89127a69207ac46a8c0f3269ac7,delivered,2017-12-13 17:39:57,2017-12-13 17:52:22,2017-12-14 20:09:07,2018-01-04 14:33:23,2018-01-12,7212270aeba658bd917f5e1ff62358d7,2017-12-13
bc0750dbbde0ce52c81895096a0deb7b,b3eae712d1fa65509032b1e8d2e0d075,delivered,2018-07-27 11:39:08,2018-07-27 11:50:42,2018-07-27 14:50:00,2018-08-06 15:16:46,2018-08-15,d5c85c4f61c544c20917124e715577ff,2018-07-27
42d99f88e122c545af5b33aff4bec141,553aadd42b8ea44fb45880816dc859d8,delivered,2018-03-28 15:13:30,2018-03-28 15:27:52,2018-04-02 20:06:30,2018-04-12 16:02:47,2018-04-26,f62e7f7a99a209909cd294dbc693734f,2018-03-28
7d521825cd606cb527aba4acc1943457,5f750fcde3b475b60c61b731cd78dba6,delivered,2018-04-16 19:20:10,2018-04-16 19:35:14,2018-04-17 23:22:36,2018-04-21 00:22:03,2018-05-14,64ecd6ed6e3f52a5d7499a0ce66b15f1,2018-04-16
1bb0235977da74346734b2f9a3a1d7ae,629e3a6c0d33d6bceac9a7f8d0fb1b37,delivered,2018-02-03 03:52:32,2018-02-03 04:11:19,2018-02-09 21:18:14,2018-03-16 22:51:46,2018-03-08,bf325b8a024afc7cdfaee267e452434e,2018-02-03
a557df88b44a07cf9885eb897089f0f9,bbd19dc1cbec6e7a4de9dd1ea15e2691,delivered,2018-02-12 00:32:17,2018-02-12 00:50:33,2018-02-19 23:52:18,2018-03-07 16:56:58,2018-03-28,2953379eb7a88dc2f3ad11478e069174,2018-02-12
9028ef4088169735678d41597586d167,964e99c196eea5af2e1bdfd2494493bb,delivered,2017-11-22 21:20:07,2017-11-22 21:29:44,2017-11-25 01:12:39,2017-11-30 19:04:53,2017-12-12,85a60d5787c0b204ea201cee02dc428e,2017-11-22
03138c298bfe1ee7855eefc9442346a8,462025be11ad81e8138837f833b827c9,shipped,2018-06-15 16:07:24,2018-06-16 08:58:53,2018-06-18 14:41:00,,2018-07-13,b6f0d82c95b4010de67a90cb4cf462cd,2018-06-15
0a0674921d2acf422fa3f4fd78717451,9d3f60afb962f188a275d0ff6790d3fa,delivered,2017-06-04 18:20:45,2017-06-04 18:30:52,2017-06-06 13:52:14,2017-06-09 09:37:54,2017-07-04,48e487feb7824fe154b6d5647e39f90e,2017-06-04
361454f6abef97fcf00c67ec27a32e6f,98938d16787de642d239bfe5ad2885a4,delivered,2018-01-13 11:49:12,2018-01-13 11:56:20,2018-01-15 22:06:50,2018-01-30 16:38:53,2018-02-15,7872afe601e565376efaa58d23e95f9c,2018-01-13
0a7cf771945fa809fa47399a1ba0eeaa,5da862c892972d042f5dfda14f1d6c98,delivered,2017-02-23 23:06:40,2017-02-23 23:15:18,2017-03-02 06:51:45,2017-03-07 09:25:54,2017-03-27,4ddabde26cd4b8378ccbdc76daf8b745,2017-02-23
e742713350aa1d4a7a0c80ed2f3ad4d5,7382178892f1ea46099be9e80c5f3736,delivered,2018-03-12 15:05:23,2018-03-12 15:15:37,2018-03-13 18:38:38,2018-03-16 21:51:50,2018-03-22,616c91c7231d7a3c9d47537dfe05f644,2018-03-12
b2fc720676930e0f9f3c1e472e8cddad,5d146b89f4c6cca290b3470a4bb12bcf,delivered,2017-10-17 11:28:18,2017-10-17 12:06:54,2017-10-24 20:52:03,2017-11-03 16:17:59,2017-11-16,027803eb28cc01fbdf5da72b109fabee,2017-10-17
dcccedd7ddcb971baf4602e441503030,f2b9d997f494eda0b86ec0f283df0a29,delivered,2017-02-25 23:26:07,2017-02-25 23:35:14,2017-03-01 08:41:58,2017-03-16 11:09:47,2017-03-22,b4169996e5a7dd05729cdb8a304b2fba,2017-02-25
ae6c44a481d84463cbc650311cee5b60,026460d9e7ce66ec77d827eaef2bb898,delivered,2018-04-16 21:47:26,2018-04-16 22:32:42,2018-04-17 18:28:43,2018-04-30 21:13:51,2018-05-10,d339e8958b62f51b4c9e5995879829b9,2018-04-16
780865d48893bd12dd23eb85abed0c6e,c2d0429940ce0afef52e564623133aec,delivered,2017-10-26 19:14:49,2017-10-26 19:26:35,2017-10-31 11:54:54,2017-11-01 18:42:13,2017-11-24,f746a1410892653e77ea12afc0a2af00,2017-10-26
ef40203169e7aefdd11556dd6629b657,22123c239190c64df263dd7d8bf4d344,delivered,2018-01-25 22:55:02,2018-01-27 02:50:35,2018-01-29 18:38:06,2018-02-05 22:18:43,2018-03-06,d20010c06519117bfbe41aabfcc8cb2e,2018-01-25
7a3b37948764cd3ae1bb7c332ee79397,679b52550b180e159ebaf811fb542de3,delivered,2018-07-13 14:23:47,2018-07-14 14:23:57,2018-07-17 14:16:00,2018-07-23 15:16:08,2018-08-13,f2044f20c466f86696dd34b9b969847f,2018-07-13
dad7fd1c4434137c836f09ae15ec86a4,14555edc3920d5f094b0f2278bfbd438,delivered,2017-07-18 08:54:51,2017-07-19 09:03:14,2017-07-19 18:22:30,2017-08-23 17:20:34,2017-08-11,8b6c9af5ae36593f4a83dfe44030b4a3,2017-07-18
86ccb38f30e2df75998a24bc06860169,d8f596477e39e35d2da1bdd85348620f,delivered,2018-01-04 17:12:44,2018-01-04 17:28:11,2018-01-08 21:54:33,2018-01-30 18:17:23,2018-02-02,5ecdf57f0ad605356b545f07aaac98e1,2018-01-04
a7dde6878527f0d1731d370978ba2849,bfd3bcc53296e057e04bbe0f9d97323f,delivered,2017-09-13 12:18:36,2017-09-13 12:30:19,2017-09-14 18:53:42,2017-09-19 19:26:50,2017-10-04,525e9dbf2f675f893b9f695d5ecefb31,2017-09-13
e3ec006ca1c696a42b47b941983aa2cc,91264ce6d0c952046dd16dd9a221622a,processing,2017-02-25 17:39:11,2017-02-25 17:50:18,,,2017-04-26,263e94d0771eb0152fbd97a7b71f6769,2017-02-25
8565434e7b68f273260f208a1d2c2aa2,e399faa66b9c2ca682f2d6272eb04364,delivered,2018-08-22 15:27:49,2018-08-22 16:20:07,2018-08-23 13:12:00,2018-08-31 02:32:20,2018-09-06,c76a5e4a90af9c01a66ae893c261a94e,2018-08-22
d9bd19ff1f9e434a5d633944430a97ec,d147fe71273c081f3d0481211ed1a7eb,delivered,2017-07-23 16:50:03,2017-07-23 17:03:07,2017-07-24 14:39:48,2017-07-26 00:24:45,2017-08-11,17badff4075fc950f602c0556e2e067b,2017-07-23
521dba2c6dc30813e9ec016f3eaa67ba,abdbe06f72f8f906238f2e3da7908a81,delivered,2018-02-03 10:18:58,2018-02-03 10:33:44,2018-02-05 23:19:02,2018-02-19 23:27:44,2018-03-12,12353f122afbe3a43644df84fb217a83,2018-02-03
99b76e435a17f555aaa82df563fff797,b9bb61281153eb02a8dda67981e54b4a,delivered,2017-08-28 09:18:28,2017-08-28 09:30:18,2017-08-29 13:33:33,2017-09-18 22:11:39,2017-09-19,491abf28425b21588a8ff60875b2dfb7,2017-08-28
984cefe3260707e1f6fc38b18b2b276c,b078566ae0d28c3e2964aa8ba7b119e5,delivered,2017-05-08 13:45:25,2017-05-09 13:30:56,2017-05-10 09:05:45,2017-05-18 08:32:21,2017-06-09,a9a54fee4e5566e8070dd4029e1ccf22,2017-05-08
7e439a3cffba90d9a5d684e4033d66a9,2a06665a19465bcdd512dcb3444c1de4,delivered,2018-07-20 16:23:26,2018-07-20 16:30:14,2018-07-23 12:48:00,2018-07-24 16:43:01,2018-07-30,0404ab99cfcbae7ad6cdc6e93eac6641,2018-07-20
9e86f2750fb63739aa63c24a716815ab,6716e1ac019b7a47c59e604467baaf6d,delivered,2017-10-28 19:23:49,2017-10-28 19:35:09,2017-11-01 18:22:26,2017-11-15 04:58:38,2017-11-28,47c477e496d8ee91adb59405be7e2342,2017-10-28
20e8b3dbc61b2396969ef5c3d02773d3,926b700a11f84407e1bf95edb9057784,delivered,2018-06-15 18:42:21,2018-06-15 18:58:25,2018-06-18 14:25:00,2018-06-19 21:11:18,2018-07-04,2a802e5f8676d69fbfed47ad4b9f35c9,2018-06-15
e19e0055828458457bb47794c262b00e,63c27e2aa9bf68a1c484ef91d4c1f247,delivered,2017-07-14 17:02:17,2017-07-18 05:50:17,2017-07-19 19:18:33,2017-07-22 14:05:01,2017-07-27,9565b6eb599caea334238cf517c2408b,2017-07-14
ce4d8859d85000477949b11c78144074,ac583d1c408be7cac515ad79d5e4c97a,delivered,2018-03-05 14:35:43,2018-03-07 02:10:26,2018-03-09 08:50:35,2018-03-20 23:12:24,2018-04-03,c661cbb0bcb6167c706cf76253911680,2018-03-05
414a59b4de3aa1d952cc6c75d79d628d,1c188a043c24a9ba1fb58fab235989c0,delivered,2018-03-03 13:41:30,2018-03-03 14:20:23,2018-03-07 20:12:45,2018-03-13 20:39:24,2018-03-21,7a3b3594aa73f3d60383e543cf3e13f8,2018-03-03
c714ff3ba4e1c85d122b41fa04381cff,86f4a2634e15469b99c06c273e6ed2c1,delivered,2017-10-25 09:37:58,2017-10-25 10:35:31,2017-10-31 21:35:42,2017-11-06 18:25:18,2017-11-29,37dda06ed205b40f9a328d94fc6a3d0c,2017-10-25
d7d3d5db0f040ecfad8982f09f73d075,06be0237e61e2d23a93ceff729704f1c,delivered,2017-04-20 17:28:50,2017-04-20 17:41:41,2017-04-27 04:34:52,2017-05-08 16:54:35,2017-05-25,3b92b8617254e581d164b5d213d437a2,2017-04-20
7a16d8eadd3c788ef0386c78218da6cc,82df80d0b10227cfb73163fe5c9a30f5,delivered,2017-10-02 16:37:55,2017-10-04 02:49:27,2017-10-04 19:49:54,2017-10-10 19:52:01,2017-10-27,636f3c8273a58f046ed964f00f3153db,2017-10-02
f8b1fd93645bdb65f94169a8815da211,9f532ca9ce604eeefe87d7d673b39fa7,delivered,2018-05-17 20:04:28,2018-05-18 01:57:21,2018-05-25 12:18:00,2018-05-28 16:11:47,2018-05-30,a492e9a02439d6e4fc1d915afaae1e97,2018-05-17
8c3a0f92a654ef1a5062138245e23887,2f4f3a33fdd3e16f1585adfd18d93289,delivered,2017-02-14 16:25:43,2017-02-15 16:32:22,2017-02-16 15:14:27,2017-03-02 13:05:48,2017-03-30,95288e979ee43b474b3c0ae7eb3cebe5,2017-02-14
49ef8c27301b117dac497090ecd4876d,dcb1185961f747a1b343ad31c2baadfe,delivered,2018-04-12 10:34:37,2018-04-12 10:51:57,2018-04-12 20:31:17,2018-04-19 11:43:57,2018-05-04,81446cd6d7ceaddfc66d7ab9ec60aa55,2018-04-12
4e16a9ec5cf02e97e8f7fb665cc89391,723c16aab4a4c8201b4bc4d9b74a48ca,delivered,2017-11-24 15:13:24,2017-11-24 17:35:23,2017-11-25 15:58:44,2017-12-01 20:33:41,2017-12-18,869d2edb8123459fe11fafaad8a330d9,2017-11-24
9fbfe9199f9a0440a9f57f31c57ccc21,9be1244cf16143395690e41538d5d1f7,delivered,2018-01-15 19:33:53,2018-01-17 03:35:34,2018-01-17 17:21:59,2018-01-22 23:37:21,2018-01-30,a54dc5848d717c7deb89c309c08a3a1f,2018-01-15
eb9d487086fb088d41b254e6985e26e0,27764b8d1e3c578021cd9c899ffd98df,delivered,2018-04-24 16:23:18,2018-04-24 19:19:09,2018-04-25 15:05:00,2018-04-30 15:29:29,2018-05-17,0294bdc2d323f7399d6c38690095e94b,2018-04-24
c5d8c0127b949963015b2bb461c29dff,bb69893dcb0e4b43151bbd1559963e5a,delivered,2017-06-28 19:28:49,2017-06-28 19:43:50,2017-06-29 07:27:59,2017-06-30 13:51:43,2017-07-18,9646af42a69659e9c6171512d63a0dc7,2017-06-28
dd00c3116ba05a43a16e3b84a9b1942a,e9b3c56a4e1098945e14219f16a1d314,delivered,2018-03-04 18:15:24,2018-03-04 18:28:22,2018-03-05 17:19:07,2018-03-20 23:30:52,2018-04-12,fd1b8e430580d6e54c9da5f8e5dfea74,2018-03-04
1c0fd29e6a54b2331357d1cdc6ccc375,a8de901d823613a32ea7587f0ed28fc4,delivered,2018-04-21 12:48:35,2018-04-24 17:31:05,2018-05-03 13:23:00,2018-05-08 20:56:48,2018-05-21,1a8110261bcb472691f5bd23701cef3c,2018-04-21
38fe8ffc7dfc8ee342b24cbd15715716,8981025c96d3fc1d524de6477fbe878a,delivered,2017-11-16 19:25:07,2017-11-16 19:35:28,2017-11-20 17:48:44,2017-11-27 20:49:02,2017-12-07,aa9082e28673f7a08a18c0b9bde3db9c,2017-11-16
f0efbfe7e1091577a93ddcf0d02e6119,4a302c694c98bc59cab354b78647fe32,delivered,2017-07-14 11:53:25,2017-07-14 12:05:14,2017-07-17 11:39:52,2017-07-27 20:47:56,2017-08-07,b9a2ae6cbfe3aeebde981406325a47ff,2017-07-14
f62c176f45acd8992e70d81c62d08971,96a27c3f6479c998aa26265070853e00,delivered,2018-05-29 14:54:54,2018-05-29 15:18:48,2018-06-04 11:44:00,2018-06-05 11:38:38,2018-06-21,12d660dd69f5cc5357479768393387af,2018-05-29
30dd65877d1287c17a2d2198a5f80da4,011fc4ea8b9a1e857358c71da7dcf852,delivered,2017-11-09 16:48:17,2017-11-09 17:08:02,2017-11-14 22:18:47,2017-11-23 19:29:52,2017-12-04,8c8014185acf983b2beedb0048cf2eff,2017-11-09
cfa821282b2834abe317546e33e615a5,f4e84894a26462a533a27940bf998360,delivered,2017-12-18 00:44:58,2017-12-18 02:18:20,2017-12-18 23:19:14,2017-12-27 20:03:09,2018-01-22,66b08fb1d2819e2e26ef8284b56cea55,2017-12-18
e638e0d967678a6c085133337514b57a,c60e4af29369cd00239b531be6ed122a,delivered,2017-03-16 13:51:19,2017-03-16 13:51:19,2017-03-17 09:15:06,2017-03-21 10:03:17,2017-04-04,cee8fa8314ae695c1870c91a70661c2f,2017-03-16
e1872a0261b0767b2c8a63400bfe505a,0b8f3578fcafc95887db21db6e68a9f1,delivered,2018-03-19 10:05:55,2018-03-19 10:27:14,2018-03-20 17:04:10,2018-04-10 16:47:44,2018-04-11,74774e01db12966380199d9fb79102fd,2018-03-19
4a14973ad9560660e3962ba5efc1ffaa,e1399f4341a6626ef5072e449e2edac6,delivered,2018-07-29 17:25:50,2018-07-30 16:30:28,2018-07-31 14:53:00,2018-08-06 18:22:08,2018-09-05,62697622ddde70ae64064f553b4a0672,2018-07-29
36d603f12540763fd9e99b6eabb53caf,d2f98382ccfc4e611cdbdfe5286feea8,delivered,2018-03-26 18:07:28,2018-03-26 18:27:59,2018-03-29 21:22:20,2018-04-03 23:03:36,2018-04-09,6316cfb9fc33f7962f7459a3bc144a89,2018-03-26
372be5fecee4c918be0eb2a2053a3203,4797bad18e14ee84e3f8ebdd435a2823,delivered,2018-02-20 01:03:05,2018-02-20 02:07:34,2018-03-01 21:11:18,2018-03-02 05:25:54,2018-03-22,acc14d1af4f5b74ba6669cf78859059a,2018-02-20
1edf6220f293bb806c6d390700ccccd6,ed4380ccb3b7d35ce4d7070fec436bc6,delivered,2018-02-09 12:28:27,2018-02-10 02:49:40,2018-02-15 17:55:21,2018-02-20 20:30:10,2018-03-05,6b8f8cb70e8ad3bee8c7493d536cd341,2018-02-09
3ac8d778d567a13ed3d66c07a74b79b0,d26249619b7e22a67f26df498314cb64,delivered,2017-04-19 08:40:33,2017-04-19 08:55:16,2017-04-20 12:41:22,2017-05-02 16:23:51,2017-05-11,9da198b3b0ddde5a4dfd5b1c445b1fc8,2017-04-19
2f371d97b4ea52be4c04ef49bb4f31ff,d782082d67302107f082c112b324aebb,delivered,2017-01-23 22:55:07,2017-01-23 23:10:11,2017-01-24 15:05:01,2017-01-30 12:13:46,2017-02-20,f65b9cde425984c1041a2b0b1b4f99ad,2017-01-23
9af65fab1b939ffd7b90131a6e77777f,a3cafc130415c67d4e17c9809e55c12f,delivered,2017-04-13 19:35:02,2017-04-18 06:35:29,2017-04-19 12:43:54,2017-05-02 16:50:30,2017-05-23,49f412f60497ae29f6d8cb94195df5c9,2017-04-13
8cc98854c500c9bea08c5f4be4a4c28f,75957e6d636be2b5f5a6d30c3f19ac5f,delivered,2017-12-03 23:49:53,2017-12-04 00:01:35,2017-12-04 22:06:58,2017-12-08 00:19:03,2017-12-27,eb0f4c15143a2b3b219816aa0431b57d,2017-12-03
ebaa5eb35a303a3a68afc58ede4f5661,c4ca148fe942475fe54810419dc18cbc,delivered,2018-02-20 20:04:54,2018-02-20 20:27:08,2018-02-23 00:45:23,2018-03-10 17:12:20,2018-03-15,d2d0f6197b446b968261f2d2e7392922,2018-02-20
1ccf68abfb6823f0eecaed1245461be7,1b530d740fc102663f8e9220f24b46f8,delivered,2018-01-30 23:21:43,2018-01-30 23:35:28,2018-02-03 14:38:35,2018-02-22 19:09:06,2018-03-07,ed7aae0bd6dae2a07a54cd4f9c0b9b0a,2018-01-30
548cef769a379d873b5a602a8bf39af6,cc2f89bdadc348ed9f50fa834110ccb1,delivered,2018-02-13 23:46:55,2018-02-13 23:55:33,2018-02-14 17:35:39,2018-02-27 20:43:19,2018-03-12,d11568ecebd6f5e8f5f5952b2e53fd33,2018-02-13
0583f502e04564cfe79eb0e4f5939729,eac5c7df93a1df2256f7b1ef0e5b9e71,delivered,2018-02-11 12:51:07,2018-02-11 13:08:46,2018-02-14 11:42:58,2018-02-28 23:17:50,2018-03-09,ffe9e41fbd14db4a7361347c56af5447,2018-02-11
d1f31783129ddeede87b72ab701d0e8a,1665c47e1eecada1c2035122a988cd56,delivered,2018-04-01 18:29:32,2018-04-01 19:10:13,2018-04-02 22:14:22,2018-04-17 16:54:42,2018-04-23,2d0491ba75aa71e706944001831eadf3,2018-04-01
50aab84da01ba9c794d22060d1b8abeb,d414fde275d1b2888f5acc164baef4a5,delivered,2017-02-09 16:37:16,2017-02-10 03:03:32,2017-02-13 08:32:22,2017-02-23 08:32:31,2017-03-13,ac881ef6a6cbbd0d94687c5fb9a35f3d,2017-02-09
0866fdb0c7de244fd6acbf00a2cbade7,55a18ae004af33e2dcfe7a956b30eafa,delivered,2018-03-06 12:27:11,2018-03-06 13:09:38,2018-03-06 22:03:42,2018-03-12 23:21:59,2018-03-28,f2bb0ec797f6958a1f82722c2e94fd4b,2018-03-06
3d959329c3f9a09c470085f1d4faaae7,b3c0a462867dca1fe2b860e827b996d7,delivered,2017-06-11 15:57:34,2017-06-11 16:10:13,2017-06-13 09:46:45,2017-06-19 20:46:51,2017-07-07,5e340ba78d1e285209d49e65bf0e01ab,2017-06-11
39b67013c666b5dfe0f02a61955c3b08,d9de10a327d2af13622acc9c94995b66,delivered,2018-02-20 13:30:26,2018-02-20 13:51:16,2018-02-21 19:39:13,2018-02-26 19:52:04,2018-03-13,0ed8d10e95266ae0e9deec8d8a85a390,2018-02-20
7c40c1fdc6c80fb91892fa1cd0b79d82,7f72f62adb974dc47f0139f5c09b1243,delivered,2018-08-01 02:22:49,2018-08-01 05:30:10,2018-08-01 15:20:00,2018-08-03 23:16:26,2018-08-07,913f9de018faaa8124e1162c01797f0f,2018-08-01
14a05c02d483800864e5c19a3a7f0ee2,0c1cbb5e025152139b7add7bd25df4b9,shipped,2018-08-18 06:29:22,2018-08-20 16:35:15,2018-08-21 14:43:00,,2018-08-29,98e455d15e526b632b25af1254fb074d,2018-08-18
bbed43d93838be47e3a0b194063660e2,1afcc25251c2502be51c0c0805015215,delivered,2018-06-23 20:20:13,2018-06-23 20:36:14,2018-06-25 14:58:00,2018-06-28 23:51:52,2018-07-16,bd9faf610de6660a02b39510406c8e9f,2018-06-23
e51c3cf4bfd09ebd8f6d0174af3ed628,6ad4a3dde17f5ebffcee1589413b5a82,delivered,2017-05-03 10:30:37,2017-05-04 03:02:53,2017-05-04 13:55:51,2017-05-14 22:48:35,2017-05-31,3c8f2e6c04d6808b8f9c3b34a01e0d60,2017-05-03
df830c3266897b412bb8598ecc43c09f,4356b30fcffe508b8253e740ff7b822b,delivered,2018-08-05 22:05:28,2018-08-05 22:15:22,2018-08-06 16:12:00,2018-08-09 22:03:21,2018-08-16,d3a803cb51b0748d2f04ff942b3dc0a5,2018-08-05
a94ef235b449b3aecceeb9b582658216,6bba511e5eff14df06ee63e3fd5d0ffe,delivered,2017-07-02 21:58:57,2017-07-02 22:10:16,2017-07-13 17:28:20,2017-07-20 19:07:02,2017-08-01,1d42fa98222a04f976b518089b300274,2017-07-02
b2c450c7534eb01ae390b7c5668ac39f,0f887db1a0da167d1b7c85c3ec5d1f5e,delivered,2017-05-05 22:12:04,2017-05-06 22:15:17,2017-05-09 16:27:54,2017-05-17 09:44:30,2017-06-05,581f517c9afcdcc8d3a9d827f83e51a2,2017-05-05
61792640e5c6bc477b960e28fff4d779,b73ac6c93755e492832020b47ded906f,delivered,2017-02-18 14:33:57,2017-02-18 14:45:16,2017-02-20 11:18:36,2017-02-24 10:17:37,2017-03-21,a7756cfdda50719fed15a09df71e081b,2017-02-18
c6196dcf85530e6e2d9eb1b65d0d8e55,0323b1ce5e0352a4c843df59359a133e,delivered,2018-07-23 15:53:55,2018-07-23 16:46:14,2018-07-24 15:16:00,2018-07-31 19:22:46,2018-08-15,fd370648aac84e9012f60469b6b32aff,2018-07-23
e9ce0279862b38f35d997c12b11ab61c,88ca4c624fafb371ef208917c76c4f27,delivered,2018-01-04 12:23:21,2018-01-04 12:30:23,2018-01-06 00:47:51,2018-01-12 21:43:39,2018-02-01,e518bbf78963c58ea2632830c43a2a3e,2018-01-04
17ad13a5069275b16fe6b68460d1545b,20143803d0cf60a8eb7d0d5876c3ca19,delivered,2018-02-16 13:23:22,2018-02-16 13:35:32,2018-02-16 23:22:28,2018-02-24 20:45:08,2018-03-09,f626055170e6b451e1eb8f617e028d40,2018-02-16
774039c8407ab307e575f7adce8e99cb,4c64b9d1122a70029fa577c6b5d8c70f,delivered,2018-06-13 00:02:17,2018-06-15 02:17:22,2018-06-18 14:31:00,2018-06-21 15:28:35,2018-07-03,5b35fd4f28c71789174620caf00839a5,2018-06-13
adf96d0e2ffb63b63d3a13180811c100,ca10ae6ba71f8e1c38495eba3ae2f123,delivered,2018-05-19 14:21:07,2018-05-19 14:31:27,2018-05-21 14:18:00,2018-06-10 11:34:49,2018-06-11,c8e1cd9cdfef5a269b059c117a0f244d,2018-05-19
fafc6736ffc73023e2685c30aa3822c2,1657e4dd989abb6776f8687d42abe7a2,delivered,2018-07-15 13:49:13,2018-07-15 14:05:26,2018-07-16 10:50:00,2018-07-21 12:51:31,2018-08-14,d0c332b6b2a3a646aeab9b019651a909,2018-07-15
ac4da4ca8b9fb6a4c52e170dec8f669b,9e9880f137c3420ef35b5e1a43622e0b,delivered,2017-11-21 13:31:31,2017-11-21 13:46:38,2017-11-22 21:28:31,2017-11-28 00:44:54,2017-12-07,0f200cf4334781439c43f0fc4dcbd7f0,2017-11-21
b89638c45bf1b7dcf3e47420ac9c9066,4f3ef15a15fa5342175b6a2c03990ff8,delivered,2018-08-11 11:52:08,2018-08-11 12:05:23,2018-08-14 14:14:00,2018-08-20 10:39:02,2018-09-03,97438eaa73d08bca1e2920dfed62f569,2018-08-11
0b52749edbf531f1eedb8226ae141b9b,72a483bdbb579a8b5c64ccf2dad900f8,delivered,2017-03-26 22:00:58,2017-03-26 22:10:23,2017-03-29 12:57:55,2017-04-01 11:51:28,2017-04-13,4dbafcb931c678dd5ba9a20ed4f01f7f,2017-03-26
cafe15573de0adda53dee071a1aa450f,0530963cc6bdc31ca98ac61d7514efc3,delivered,2018-02-16 15:09:23,2018-02-16 15:26:55,2018-02-21 01:22:05,2018-02-27 02:49:15,2018-03-12,090cfbba596e73ca60aa7c1e3f7ab69f,2018-02-16
65d5a0172af3046524552dc879670706,2e7827f7962394cb2944cedf40d9dd67,delivered,2017-05-25 15:52:33,2017-05-26 02:45:28,2017-05-26 10:13:23,2017-06-09 12:15:17,2017-06-14,362d77886e72758ab5bead038c819663,2017-05-25
45776460b7ff952460b7e9d32c28bd9b,8106875d8a76c94534a5cece49730acd,delivered,2018-05-16 22:54:29,2018-05-16 23:14:36,2018-05-18 13:06:00,2018-06-06 00:26:33,2018-06-11,8c164db0690b983e7ab343d1cacfdb06,2018-05-16
dbbe850a4424a2c03caa29c644644511,830bd5f2393366fa1a7da9003c1c57cb,delivered,2017-07-23 20:43:53,2017-07-23 20:55:13,2017-07-26 18:34:42,2017-08-04 19:47:30,2017-08-15,190f746aa9ef74783ede85ba37072321,2017-07-23
92eb26809c1b7146708f09a63aaf1183,e9b6597fda522c706bc8a4eb98a97739,delivered,2018-03-06 09:44:40,2018-03-07 02:15:28,2018-03-12 15:38:17,2018-03-20 19:21:45,2018-04-13,1af1f798bc7ec907d89c3bdd11f0decc,2018-03-06
1970f2fb4b83ff962a75b064abc37f4c,45b5b5e9424ca746ad6a3161de453e00,delivered,2016-10-06 07:53:10,2016-10-07 02:47:36,2016-10-21 16:32:32,2016-10-28 10:24:36,2016-11-30,4543480cbf99692641f5b35eeae7947f,2016-10-06
f5909b82b8d450b4e0a75dac08752dc8,6f0a02abf3285b0667fdb9c5289a330e,delivered,2018-06-13 21:43:00,2018-06-13 22:00:37,2018-06-18 14:43:00,2018-06-19 21:48:29,2018-07-05,8260b78c03f364bc5083001da3fadcbc,2018-06-13
bfa75f5b708094727e17ff4ec9bb4f1c,28450048348e99f41971dec6257cf532,delivered,2018-05-24 11:07:06,2018-05-24 11:39:07,2018-05-24 18:24:00,2018-05-25 12:24:43,2018-06-11,dbf7d089aafd5899c92873b49f156040,2018-05-24
8c0af913eb525b355c4997a2a4166696,c54541b6572fbb34622dad2c048ecac0,delivered,2018-01-06 15:01:01,2018-01-09 07:26:38,2018-01-09 23:44:09,2018-01-23 22:43:14,2018-02-09,3dde25397997c85f87f7737ebf570966,2018-01-06
fc549d96995ed2edcf63dc3d14bb0240,34937f7e6edeae4de7a92932002788b9,delivered,2018-04-27 21:36:20,2018-04-27 21:52:32,2018-04-30 13:27:00,2018-05-04 17:02:55,2018-05-22,c919c9da94052182e80322ba85e65656,2018-04-27
ace40b7f6657491f011b8a3ba9edeeaf,fe9c6eb008b730c9c343725234c31027,delivered,2018-01-03 15:07:46,2018-01-03 15:17:24,2018-01-04 20:32:13,2018-01-11 13:07:47,2018-01-26,6389849dc41c173de15159068c5ea710,2018-01-03
9bcd315f2d8687500366d9b2fb0e8add,3ac3554cfef89d9dc27b406c903f74d1,delivered,2018-08-09 19:21:08,2018-08-09 19:35:13,2018-08-10 12:59:00,2018-08-20 22:22:56,2018-08-30,9ca6bcb668b2c3137ba721e4c7c21b1c,2018-08-09
ffcb98e21b0bf085baf42b16a67732ef,d5b03af823742e307896a30d43e41340,delivered,2018-06-06 14:25:51,2018-06-06 14:53:16,2018-06-06 19:02:00,2018-06-12 17:03:31,2018-07-03,71f00016b4141f7b1e313029cc7d887a,2018-06-06
08d2474dd3622ba4e0992955a950810f,027f4c7bfb93550c488b03e3eb14e5da,delivered,2018-01-27 11:13:28,2018-01-27 11:34:28,2018-01-30 12:26:50,2018-01-31 18:37:06,2018-02-14,57086e0cbfd1043970a067d8affe54f6,2018-01-27
d25cff887d30200ad3668bc69804a495,1152728585ef8877654d15c623b7e817,delivered,2017-07-09 18:47:35,2017-07-10 06:41:57,2017-07-10 17:56:07,2017-07-19 18:57:21,2017-08-16,12e891af3980c5d72f4a17390b517b38,2017-07-09
0d7ef227c3cb5f6a3fc62c0beb5e11cd,a192615354b55122778ab9c19cc3a76a,delivered,2018-07-22 11:36:44,2018-07-23 11:32:08,2018-07-24 15:37:00,2018-07-27 14:58:47,2018-08-16,e4646ee2008a73ae118777612c10a807,2018-07-22
7c906aa48a52d3bce05f693a57b5d1f2,c8373a8efbfdb80df6188705ff1ba065,delivered,2017-08-02 19:30:50,2017-08-02 19:45:15,2017-08-03 18:05:29,2017-08-07 21:49:46,2017-08-24,2e758775ee3076238416f0968c441225,2017-08-02
9f48c669743b865ba006b1f2a9a0ce79,3122215d3d42a1dfaba52f906f19c838,delivered,2017-12-10 13:22:02,2017-12-10 13:31:26,2017-12-11 23:37:59,2017-12-21 20:53:19,2018-01-04,91845868e9046bb6cea74c6120dbf246,2017-12-10
e6eea6fed0b356b11cf7e35f76320b03,235e60205492c88cd6f41bfea21f7b62,delivered,2018-08-08 12:18:01,2018-08-08 12:30:15,2018-08-09 14:43:00,2018-08-10 18:06:54,2018-08-15,2ae9c0e55708edf3ebe5796bdcca1b80,2018-08-08
38e65d97a722fcc306a1ae87f68c5b45,8216473ac5a7037095ef12242bc77b99,delivered,2017-07-28 19:00:15,2017-07-28 19:15:17,2017-08-01 12:57:39,2017-08-03 22:33:12,2017-08-24,afddf086e5c1f35c1801236ac450c290,2017-07-28
2851b4d871e918b7328baeb639dda2dd,c3cea791b91b623017476ceaaf44a5eb,delivered,2018-03-25 10:27:20,2018-03-25 10:47:46,2018-03-26 21:52:53,2018-04-20 14:16:40,2018-04-26,850266d4f00eccc4df33d0b1f86987fe,2018-03-25
5850e8784a0cbe5e3e5c0d7ccd5ccef7,7b5f76e0a8bfb6184268579e3b4f5811,delivered,2018-04-12 09:58:06,2018-04-13 12:50:10,2018-04-16 19:52:46,2018-04-19 20:15:59,2018-05-03,14c51209471ea776cb9c1d24ff6c4d71,2018-04-12
e439b72b2d1f22819e11acbbc8102216,224d51fe180f7dd46ddec94c0c3f50d6,delivered,2018-07-25 14:15:54,2018-07-25 14:30:35,2018-07-26 12:24:00,2018-08-01 13:06:55,2018-08-08,bd618c7170ee97ac25bed1a72d0b6ab5,2018-07-25
e0babb29f62b941d1b6c1f2f6659973d,f5139fbec9e544a39f76d337e59fafa3,delivered,2018-04-11 17:15:45,2018-04-13 12:34:24,2018-04-16 18:32:18,2018-04-21 17:51:43,2018-05-11,f579b2bac53a5823acb9475c2973b7aa,2018-04-11
31e94b867c30c7627862d2311ec5e9b7,197e8b7c9f899741f17389f248607b65,delivered,2017-07-13 11:01:28,2017-07-15 03:32:39,2017-07-17 16:43:53,2017-07-20 16:51:50,2017-08-04,538635116fdea3c0b90ee91e9e64ceb0,2017-07-13
a178e5115c4f2f2b1f778cbf210e07cb,29e8e233706ea0290479e011ab628bbc,delivered,2018-05-04 09:22:32,2018-05-04 09:35:21,2018-05-07 19:09:00,2018-05-10 14:58:47,2018-05-16,b8b8e02a1e6a3ff488f170dc5a0fd9ff,2018-05-04
cb59129e626aa76c4e74faf4bfba07d6,ae4dfdfc0e4ac4c18a710ae213941b67,delivered,2018-07-01 20:18:54,2018-07-01 20:30:11,2018-07-02 17:18:00,2018-07-09 20:52:26,2018-08-14,9918efdd319d068ec1184d4d722dc5cd,2018-07-01
e746b487d30866b2cbd774406f2e7d69,da00d27b82df73ac88a4db1de1d412e6,delivered,2018-06-18 15:36:17,2018-06-19 06:57:01,2018-06-19 11:47:00,2018-06-22 14:42:28,2018-07-11,a8b3f8620c6a02887ab5c286ec53f49f,2018-06-18
6a82abcbfecb37ea8663513f7c4bf302,0dd483b51c6190c96232df15157970ad,delivered,2018-03-01 23:35:30,2018-03-01 23:49:01,2018-03-02 18:52:15,2018-03-22 15:11:17,2018-03-23,a0f206c2c1a4a8f15e1fab6fe953603e,2018-03-01
1a45c130db33df3cb0e3cd16f0a8ae9d,7e69a78d736e406a05871ede7ec377d5,delivered,2017-08-02 19:58:33,2017-08-04 02:25:21,2017-08-08 15:22:36,2017-08-11 18:47:56,2017-08-28,71be782fe7de27253a0a3b8323ab67b8,2017-08-02
5c59770bf04560b62d68aaa3d7570fed,616e38806d0772f1e78173b166508009,delivered,2018-05-10 21:54:59,2018-05-12 02:53:21,2018-05-14 15:24:00,2018-05-18 17:55:28,2018-06-04,729dd347e13c7413dec7340aeb98b968,2018-05-10
8ff1992743a7f3a6daffc9ec9db05cbc,a779b6c2195363f9d7da1e5b3934cb3c,canceled,2017-06-05 21:20:51,2017-06-05 21:30:13,,,2017-06-28,c8592d5ae5bde92205a4eedb41d9455e,2017-06-05
9db5b1ba7f04533533e400a1f2589d66,ba33a4cae101690de645fad078ba96f3,delivered,2018-02-02 00:34:34,2018-02-02 00:52:12,2018-02-02 22:29:09,2018-02-14 23:15:21,2018-03-07,13b3d4ae686949a84eb2757991cad8b6,2018-02-02
01f74d38c7379a28cc0ac3d90e80c7ea,aa49a857b9196c3ecc7cd8cc02f954f9,delivered,2018-01-31 23:12:05,2018-02-02 02:55:52,2018-02-02 23:48:51,2018-02-27 11:14:03,2018-03-05,84e13ef722e424b9f6ed3533f1996aec,2018-01-31
74087a3756fc76e1e19114c5d3f80cf1,6b9d5ac3e7fab7fd8c5d866fa7ed6175,delivered,2018-05-10 23:21:21,2018-05-12 03:32:19,2018-05-14 14:26:00,2018-05-18 21:17:02,2018-05-28,54ff1465fc605abd6e3df3b2d283e153,2018-05-10
d7bcf8ec332049e572643a61c63f3651,85b76fdce38efbc196243002901ee148,delivered,2017-12-20 02:57:43,2017-12-20 04:10:09,2017-12-20 17:22:16,2018-01-11 18:34:03,2018-01-15,ea5e053a950fed3df868703f16ec7cd1,2017-12-20
5b52136f452a7ee355f34fd4b2eb99b2,f568f19edc4fbbd907c3310b56b05f64,delivered,2017-11-03 18:06:09,2017-11-03 18:30:24,2017-11-09 18:29:02,2017-11-21 22:07:46,2017-12-01,08c3ccdcc31144cf6e0159fe71807428,2017-11-03
4636f82a7026844a74730ee1cf478e97,059ba2888199d4f7b4361686f67044d4,delivered,2018-05-08 20:41:12,2018-05-08 21:11:51,2018-05-09 16:34:00,2018-05-15 20:04:17,2018-05-25,e3614559b07b9c565bd2ccc736af472e,2018-05-08
d756d977405b47db7635ff6c50a6e6a5,3a0ca1b758cee704da2237c7108310f7,delivered,2017-05-04 07:07:04,2017-05-04 07:15:13,2017-05-04 15:04:46,2017-06-01 16:32:56,2017-06-06,abbfcc305fb76cc3492024ab39c005b5,2017-05-04
e99e0378742e46249a4ee59b77ee6440,94117baa4213389405c14148277ca6b4,delivered,2017-12-04 12:20:32,2017-12-04 16:30:52,2017-12-07 19:09:54,2017-12-11 18:04:00,2017-12-20,109e7a34b12496c349db4ab65883d0b9,2017-12-04
9c6585136c83fd43fc233e6cec52044c,5be7b57253817542d71c279f4d4cfcaf,delivered,2018-07-15 21:01:24,2018-07-15 21:15:19,2018-07-25 15:07:00,2018-07-31 20:23:44,2018-08-09,2063a3fcb89e48da7a1c352d9f994d5b,2018-07-15
05c7aa3928dd1b25667ba59cdc277505,63eaea1a0349793e34d1227d845d1f99,delivered,2018-06-12 08:19:14,2018-06-14 02:39:37,2018-06-21 05:31:00,2018-06-25 19:06:11,2018-07-17,73bb26a904faa09c298db6deb320c15f,2018-06-12
6ab837ed3e0f1ef51f147c0aad2f4cf8,c187c110ca6ac2860ff5b0465d452761,delivered,2018-03-27 15:32:09,2018-03-28 02:50:34,2018-04-03 23:36:21,2018-04-05 17:18:34,2018-04-19,22cdbb2cacc76cc791130127e8b9eb02,2018-03-27
92d7bb51e2c6778f7a049b89cfd52870,2b47bdaae674f41c9615e2b9acc34af9,delivered,2018-08-06 15:10:48,2018-08-06 15:24:52,2018-08-13 09:13:00,2018-08-17 18:54:41,2018-08-21,3817854420a08bb4060ce205e66ec268,2018-08-06
90bd52654dd4d9b5601a908e69f98659,f8553883bcbefee46064c68f92d01be9,delivered,2018-08-09 21:48:26,2018-08-09 22:04:38,2018-08-10 13:34:00,2018-08-23 18:56:34,2018-08-31,52a056ec8f54165ec3460d33f82a02ac,2018-08-09
1e4e642a89cc3c4bdbc8b9ac6299616a,18fe01502f6161167cc115274c79bdc4,delivered,2017-09-20 13:23:24,2017-09-20 13:44:19,2017-09-21 17:48:02,2017-10-23 15:32:40,2017-10-30,d428d057a3594a02319a937b499740b8,2017-09-20
fb216ce0d45ab76957e7bb2cf19cbac8,e57791ed14750442d6611472cc7c4e89,delivered,2018-01-01 15:45:24,2018-01-03 04:32:26,2018-01-03 16:25:30,2018-01-08 16:16:52,2018-01-31,3757b52d2d8b98130fdef2749af76fdc,2018-01-01
30a8343ec44216954bf765295fc0c65f,87d61d8c11c89fe50ae234f4acec63c7,delivered,2017-10-24 09:18:20,2017-10-24 09:28:16,2017-10-26 16:59:01,2017-11-03 19:53:50,2017-11-17,9d73089e629be81dfe8d09d929649d75,2017-10-24
2f93e05c16a3539594b2bd00bf46027b,4e6412fc18a7dba99c4330d89e824af6,delivered,2018-01-12 21:54:18,2018-01-16 04:30:59,2018-01-22 20:39:58,2018-02-06 15:39:35,2018-02-05,e8b4530e5e3b52fe3e8323ce802d9cc7,2018-01-12
45ef1c8236d1238dc2e98fb191e40f19,087cd29a72a408239afc8b168dfe8052,delivered,2018-02-15 21:45:27,2018-02-16 00:31:46,2018-02-20 16:51:51,2018-02-28 20:42:46,2018-03-14,dfc8435ab8895991fd803dde724f18fc,2018-02-15
f9fc53ba3989356ab3ecbe2a40702018,5ff4a63a058c70534a787230f7ad6ef8,delivered,2018-05-14 11:20:40,2018-05-14 11:34:43,2018-05-14 14:20:00,2018-05-18 20:44:32,2018-06-05,80842b3998185370df3c0c9932ad17c5,2018-05-14
c36722bf525388104790764a7917ca07,c37e1557e41bd2262d75e5b12712720f,delivered,2017-05-09 14:38:16,2017-05-09 14:50:19,2017-05-10 09:25:47,2017-05-15 13:56:42,2017-05-31,22150fcbc6502f84488627e3257877db,2017-05-09
b6918562ae8b764ad6d0022da12051fb,87ebe28d6ac91b1fdc8c272f17d069c1,delivered,2018-03-20 16:12:15,2018-03-20 16:29:31,2018-03-22 20:52:46,2018-04-09 22:19:48,2018-04-11,8ff91c068769286ee5d733e37f83b61d,2018-03-20
cf24aa38581b80bec680b5ceb9fb3085,54c27244f167fa3c4f4c58c1297d4df9,delivered,2018-01-23 19:35:43,2018-01-24 02:52:42,2018-01-31 01:45:04,2018-02-07 20:05:15,2018-02-08,4d06df1a129adffb01f27d5d018b1ef4,2018-01-23
8c824eef423592fdf34bcbac8f30a93a,c5508016590fdac232d591ab67744a1e,delivered,2018-06-01 17:16:28,2018-06-01 17:31:25,2018-06-04 14:11:00,2018-06-05 22:04:41,2018-07-04,ba226bc611c37ce0301d79ec0ebc99e1,2018-06-01
775322bb613293efa55001022c537e35,cfbf636b61bd5f30c64c427f0c55038d,delivered,2017-11-16 12:55:36,2017-11-16 13:16:10,2017-11-20 20:14:38,2017-11-27 22:52:28,2017-12-08,a78cd8b8b1792a9c8751bef58542ceec,2017-11-16
1c27cc37a379d096751586f7c8040f7c,d951d0e698b7803c10d296c1e1762178,delivered,2017-12-07 11:33:55,2017-12-07 15:01:28,2017-12-08 21:38:40,2017-12-26 18:57:06,2018-01-03,24259224caf748993c177ebf964c2e6e,2017-12-07
4505b87dc4843da73734e3e1a6537999,1cb8d99f2db06ce29268139361108976,delivered,2018-07-06 16:35:33,2018-07-06 16:51:16,2018-07-11 12:15:00,2018-07-13 15:53:59,2018-07-20,956efa68022628d8a2f3baabb33c3a0a,2018-07-06
fc72efeda6e41513a1c7956b6a0ccfc3,a5f29d37853cfd28ef2075755ed0cc9e,delivered,2018-03-05 21:23:50,2018-03-05 22:21:02,2018-03-06 21:43:10,2018-03-26 16:28:58,2018-03-21,f101e68be4f75243e13526bbe704a07c,2018-03-05
2ad9cdb77592cde1ce1ae1c771ecac8a,e4c53da258cc13caed58472b9dc974bf,delivered,2018-02-11 18:31:34,2018-02-11 18:48:06,2018-02-16 19:56:02,2018-02-22 15:55:05,2018-03-06,417bad2a750c8f7149b42cf699adc0d4,2018-02-11
fff90cdcb3b2e6cfb397d05d562fd3fe,f6cc7b845fde9d4e71361fe6fcd7ef75,delivered,2017-11-24 09:03:47,2017-11-24 10:11:58,2017-11-27 22:44:45,2017-11-29 02:24:25,2017-12-08,0e1dad535a5b2359a2ff0a7d475ffb86,2017-11-24
9d5ed4775557c8b39ac75a602205c915,6ec1975945c674d4db5eedfb71cb426c,delivered,2017-09-28 22:41:53,2017-09-28 22:56:11,2017-09-29 18:14:08,2017-10-09 18:39:19,2017-10-26,c33c0930c2f14c0ddee4d85252e6da1a,2017-09-28
2b05d12915aef151cf97bb4e2a5ca58d,def3ed0f77bde2dcb023d0249835e92a,delivered,2018-03-26 10:55:55,2018-03-28 16:27:46,2018-03-29 20:22:09,2018-04-13 23:53:44,2018-04-16,940bac32390de617da8240fd9e9beb4c,2018-03-26
744ce2fe884a45093b4a3df391cb16c5,19f76fe12db5d155a6ac210dedaba149,delivered,2017-03-06 08:44:37,2017-03-06 08:55:14,2017-03-14 11:21:54,2017-03-30 14:14:15,2017-03-31,66c5c92ccc2532647e4db3f2aed18860,2017-03-06
ab25d035abca0cb6c74fff900e926246,498fdb5ba5b08aa553dbbb047506ec6d,canceled,2018-04-13 05:18:38,2018-04-13 19:09:55,,,2018-04-25,37aa2bc3ddcdd0ece7aa1516f526a82a,2018-04-13
0900f1b09f4249e09ce4735618757707,3e67e5961d248ae6376ee09203e05e83,delivered,2018-06-20 16:47:24,2018-06-21 03:17:56,2018-06-22 14:11:00,2018-06-29 12:11:36,2018-07-17,3d994d29466d67fe64db3db1da5dfa81,2018-06-20
ee8f5d7599c575d8f8eb1a2ea7d66686,ce86321953a0e590bef64f5823dac5fd,delivered,2017-09-05 08:40:16,2017-09-05 08:50:21,2017-09-11 21:33:21,2017-09-21 15:22:28,2017-09-25,c25d2fb6d22e04ce43c3652e3cacadad,2017-09-05
7e9eac6236b24f54d858badd77aa172c,8a21af9ec38175daa9779d3d5d120334,delivered,2017-10-31 17:48:25,2017-10-31 18:31:13,2017-11-01 21:13:39,2017-11-09 19:32:18,2017-11-17,0471a0535e61dc7ed1f3b023b82a88f0,2017-10-31
048cb31a5449d208f197f1fe7b617c3c,d1b06f3759195097bcee2e0eac97859c,delivered,2018-04-23 14:02:47,2018-04-24 18:30:52,2018-04-24 22:56:52,2018-04-28 15:22:47,2018-05-21,9d84f7829432501761b1b1d43356bb7a,2018-04-23
b9f477fd3f945b7f9c9392fecdafe712,3360b71e6c02e71d90f1f1d48bef116c,delivered,2018-02-15 21:05:47,2018-02-15 21:15:26,2018-02-20 16:51:50,2018-03-07 16:18:36,2018-03-15,bdc598df338df6b3a950a2217130c6a3,2018-02-15
1e54c4fe23092d2cd26e7b40e2f7ac9b,605752f4d495f9a3fbd06c76517694ca,delivered,2018-04-08 10:33:18,2018-04-08 10:49:51,2018-04-09 21:58:47,2018-04-18 22:32:28,2018-05-07,86e7a171e35e9de8cfa8bdfa8780677e,2018-04-08
6703c0ecdc099b3260a56cb020f09ef5,f4f8f63280d609f794137beea04c78aa,delivered,2017-06-01 13:09:49,2017-06-01 13:25:16,2017-06-07 15:28:01,2017-06-14 13:55:58,2017-06-19,3768a61ac1092ad9e455432831f9062e,2017-06-01
cbfc4f1ebf8b2f4362a74b61505e34fe,a682744ef47efe139696f2320ee9ff3d,delivered,2018-07-25 12:49:00,2018-07-26 03:10:16,2018-07-26 15:30:00,2018-07-30 17:12:32,2018-08-08,4a6672015de0bbed2971095373df32b7,2018-07-25
a5a8d8582dc652909c4e2fd3599e7c74,202356201a70a663d8c0f77bf413a3a8,delivered,2018-05-03 19:30:19,2018-05-04 03:12:26,2018-05-04 13:09:00,2018-05-21 12:28:28,2018-05-25,e9b90f4e84901801f90a155fc1e6aebd,2018-05-03
b5f223689362e69338adf9d075524007,4a8c7005bd83d0abec06eea4d1000fb5,delivered,2018-05-06 04:40:17,2018-05-06 04:55:20,2018-05-08 15:13:00,2018-05-11 22:32:42,2018-05-28,551f26c6693657b95e4b6050af3cad95,2018-05-06
7597f915add73c37dc32e11cb4021fba,81e3412d8de66dd89f48a7ce6fab8fbd,delivered,2018-03-15 19:26:22,2018-03-16 19:28:22,2018-03-20 18:55:41,2018-03-21 19:52:33,2018-03-27,d21f3fa00b3029197cfa9966b82d9ebb,2018-03-15
5335b1d7638fab1eabeb24a1e2ff380d,789b8433c57dda539d9fe65acc4f001e,delivered,2017-08-11 11:01:51,2017-08-11 11:24:13,2017-08-14 15:29:59,2017-08-16 17:50:13,2017-08-31,ebe7ba13c6f4705a47664d9294782b50,2017-08-11
25ec17a7457f797d4a253f3f492d4686,8f255887fe8b85c220e25b63ccd30a06,delivered,2018-08-16 12:00:56,2018-08-17 03:31:08,2018-08-17 14:37:00,2018-08-20 14:33:49,2018-08-24,cd6dfb23b4b61776cbf3ab819b69c108,2018-08-16
19953aecc4be89d937f5f0ef2b46ff53,761887d4eaa53dab3cd2ea6f88dd7b82,delivered,2017-06-02 14:34:06,2017-06-02 14:45:13,2017-06-06 13:52:16,2017-06-14 12:58:06,2017-06-27,a083db553af48ac8cd8d459f38693b07,2017-06-02
b6531f716505d378bc60ea787c0200c2,0efb9bcc26d67d0988006142e31dd13a,delivered,2017-11-28 12:01:11,2017-11-28 12:15:04,2017-11-29 20:42:04,2017-12-12 00:44:54,2017-12-22,99d5d0fd4b317355327c8d1d229fef60,2017-11-28
4688d8a3d2db532497201af1f0f69376,552fd364da2bb5d699a6079aa01270f7,delivered,2017-03-30 00:03:46,2017-03-31 01:15:10,2017-04-04 11:19:05,2017-04-10 18:08:13,2017-04-27,2fccc620b1939780317ca3f384d922f9,2017-03-30
ffc0da1000e3fe80b745f005755bb814,096051eec6b1ce541205f75819ccb95b,delivered,2018-07-04 23:23:07,2018-07-05 16:12:56,2018-07-12 13:50:00,2018-08-01 18:52:49,2018-08-13,d0e9f6c72e2a536b38b0ca79b85053af,2018-07-04
cd01c1252b19226f4fec023234aaa41d,1c4871467e9b6bd73240e47909222597,delivered,2017-09-06 12:46:07,2017-09-06 13:03:43,2017-09-06 20:42:19,2017-09-11 12:23:54,2017-09-26,93b9901534ce68e10dc98174db711008,2017-09-06
c7a7c97d430f40628efc0f1e41f723b1,829da742aa5592be758793631d4afcf4,delivered,2018-07-05 09:39:44,2018-07-05 16:15:56,2018-07-05 14:58:00,2018-07-11 19:12:24,2018-08-01,323ff9fd6b4a3edcdf3039e1fb213eb6,2018-07-05
9df16fc9c0296bef63c2effb85d6969c,7dfcf04eef8eb511409413ca6bed1fed,delivered,2018-06-25 21:02:52,2018-06-25 21:15:26,2018-06-27 11:32:00,2018-07-12 22:11:16,2018-08-02,9b6839b18c37508b3a07fdec4c9572c0,2018-06-25
56dc36c0b4aa0d60f98017b5ce97d587,c0fb4bcd57149dfee5a0dbaf5524505d,delivered,2017-08-19 22:03:36,2017-08-19 22:15:45,2017-08-21 13:33:31,2017-08-23 12:37:35,2017-09-20,eed29848d751a23718be0a1e022b601b,2017-08-19
9e46071b97517d67ca29999622adb3ac,4e94cf3d24c2714968faf048303d2af6,delivered,2017-08-14 09:42:53,2017-08-14 09:55:22,2017-08-15 03:39:57,2017-08-21 19:35:03,2017-09-06,ca3e5f28d026e91e814eb93179412076,2017-08-14
eb7ce104c1b5f7a6aed28135fa4ee5e0,b366c01a52e0ec8ad29f7e9411371ad8,delivered,2018-03-12 17:05:46,2018-03-12 17:15:37,2018-03-14 18:31:47,2018-03-27 19:47:36,2018-04-04,d6c14e53d9e7f4f5a3c14192d59d6338,2018-03-12
6dd9fde79655c47ea76ff66779c0ee93,0cdc33b5a9c7b98659eaf508c5bb8650,delivered,2018-05-11 19:18:55,2018-05-11 19:37:31,2018-05-14 14:14:00,2018-05-17 19:32:51,2018-05-30,548d76f0cb7f2f381a7ca342b792e7a7,2018-05-11
7afff8cad4526f9932fecee92be8507a,6ffd4f294fd7e52f4fb63343912fc6fa,delivered,2018-04-02 10:24:47,2018-04-02 10:35:17,2018-04-03 18:07:37,2018-04-15 19:36:32,2018-04-20,aa869e19581b0fbcb10088ff7d0e5619,2018-04-02
96b796ae5c66cfff926cfe95448f1d85,f27e39cb8fcb6fdce0f031e5d650c874,delivered,2017-06-02 14:40:22,2017-06-02 14:50:21,2017-06-05 09:28:53,2017-06-12 15:36:31,2017-07-10,91fd93ada8ac3dabcc95769d269a5900,2017-06-02
55573ba9c7c0f45fc1c1b30bb498bbf6,a03c1b88f4d84065d51adae18f0b6578,delivered,2018-05-02 20:40:15,2018-05-02 20:55:33,2018-05-03 14:24:00,2018-05-09 23:04:20,2018-05-14,a20dbcbaba6a0b5dbbd4bb64797a1efc,2018-05-02
23ef9daa5d06d57a70a022994cd9ded7,5ca9d51e7f3f073fd3ce1024b29579b6,delivered,2018-08-22 16:38:15,2018-08-24 03:25:31,2018-08-25 07:47:00,2018-08-30 15:05:45,2018-09-24,c94045f9d90077afd60059afd84f3c7f,2018-08-22
85ca024d3c6ecdf9471558f7cb719c4b,f0b50609da2dc387b638762a458aaf84,delivered,2017-08-07 14:55:50,2017-08-07 15:10:18,2017-08-23 11:28:23,2017-08-31 17:57:45,2017-09-15,cc6af3b2d303bdcbc3138dd7f9bb1655,2017-08-07
7bcde8d5d9a48f795c1219a5eded63a5,a7f23c04bf2d534b95817ddbd39d60cf,delivered,2017-03-14 11:26:21,2017-03-14 11:26:21,2017-03-15 09:48:45,2017-03-30 13:42:48,2017-04-17,8600544d569af998116a82e19c3767e1,2017-03-14
b0687213cf67e3c3aa0fc89237bc79b6,add3e04b6e35f4df7b08f92e0b7acc71,delivered,2018-03-28 21:34:14,2018-03-28 21:50:14,2018-04-03 20:54:27,2018-04-06 22:08:58,2018-04-16,e6be62f693673ca3da7ded8c46122ae0,2018-03-28
033ccfbdfc4d29677b7e1e6df3a82820,718f5495b3bce9a9f415631186f52956,delivered,2017-04-22 08:22:58,2017-04-25 10:55:18,2017-04-25 12:07:17,2017-05-05 22:49:55,2017-05-11,c07c1558a5eca23b74513a4d04ed2d5b,2017-04-22
befb196fa280970252933ab714144a24,10a2fbde93ea4041295f9f209c016734,delivered,2018-02-06 14:58:05,2018-02-08 07:49:47,2018-02-09 23:09:22,2018-02-28 01:38:46,2018-03-05,11fd2a13f102a155e2742ae7bfcbdb03,2018-02-06
fb8d3c9c828695a80f48d03b0675ea08,f16dd3f2fdd8e832bfbf92a3fc29380e,delivered,2017-11-24 15:02:09,2017-11-24 17:31:51,2017-11-27 22:39:00,2017-12-06 14:39:03,2017-12-27,00543330561a9088f8b3879114a7b008,2017-11-24
e072ad0e4dabf06b9e381c614c27c903,c62a8534491c4b91761a88a5d9deef93,delivered,2018-02-25 13:22:09,2018-02-25 14:00:23,2018-02-26 23:05:26,2018-04-02 22:28:34,2018-03-19,3cbb6ae2da72a5cd83efac4990611b07,2018-02-25
88259593cc7450eaa22ee4d6ea2f9dcd,7ee7ed0667b079821f3189eafafeee4a,delivered,2018-07-26 22:59:41,2018-07-26 23:15:11,2018-07-31 12:15:00,2018-08-06 14:24:42,2018-08-20,baf26f8ecbbd9c3ace02c743e212988a,2018-07-26
33bb79c28616262f5e3fdcf5e678b266,24fe6e2ab7cb4705716e683ceb471d11,delivered,2017-08-04 14:46:51,2017-08-05 14:35:34,2017-08-08 18:13:28,2017-08-15 14:04:05,2017-08-24,c1016b3d5f035219759c76a15cad0aa3,2017-08-04
a1284e7f7544a4215fb48331c04fd83a,b14e0e09e9300295fad83e14291ccc85,delivered,2017-02-08 11:59:07,2017-02-08 12:31:02,2017-02-08 12:57:11,2017-02-10 10:35:49,2017-03-07,07075a6fe81bda04bf23954364fd228a,2017-02-08
fa6d6d6a627b660b3cfc54477126473f,c247a212d5bba55bd9cfc5966329538e,delivered,2017-05-21 08:00:05,2017-05-22 10:39:46,2017-05-22 18:13:33,2017-05-26 10:00:09,2017-06-09,ded2c5cbdf74038cb0ac494132275052,2017-05-21
5d7ebb8135efd1d4b10062c9237915df,7890b33c012af712223e75ee7df8ba55,delivered,2018-06-21 16:36:59,2018-06-21 18:21:06,2018-06-22 15:16:00,2018-06-29 22:16:46,2018-07-19,e430f4ffdc0847375e62c0b7055dc63e,2018-06-21
409a324803d22f3b95f99aedb4863c3a,8e61f21a8232d2a820e97fb85e4d7cbb,delivered,2018-06-01 14:18:41,2018-06-02 03:11:26,2018-06-04 14:16:00,2018-06-13 20:15:28,2018-07-11,3cf5f55948dea40c091af4c426ca14f6,2018-06-01
8f6ac8f0dd2588b2dc8dec2898d6095a,0888cf44bc996a137f289aacb49925f1,delivered,2017-10-15 21:25:43,2017-10-17 04:07:30,2017-10-18 22:20:07,2017-10-24 14:27:59,2017-11-07,fb72d21d05847399e89c4488f468cc75,2017-10-15
8e7ddbd94042f618f0ce625a8507ba11,9a53e5b5aa1200a59fc2b6c97a4f5c42,delivered,2018-02-06 17:02:17,2018-02-06 17:15:34,2018-02-07 18:03:44,2018-02-08 16:13:18,2018-02-22,15846066049c408131045c104ac44b8d,2018-02-06
a0b9376f23d21362e3f8060e47e1450a,dc30f5f92dea8459e7b87805306934d7,delivered,2018-03-28 11:33:57,2018-03-29 03:10:25,2018-03-29 16:04:57,2018-04-04 01:48:46,2018-04-10,c66af225ef91fe505b5c089833b36662,2018-03-28
f7165d089ce3bd58a12a202c6359b155,f0b5f99da4f3a71c5149259ce5ffda8e,delivered,2017-12-05 22:23:26,2017-12-05 22:37:36,2017-12-06 22:07:05,2017-12-08 17:22:17,2017-12-21,b59c0649e6c2044d4862fe43b1182cda,2017-12-05
5c5a9b69f5432af8c3c978fef0d6b96a,da2188f30be2a11ebf22e89dfd47f1c9,delivered,2018-06-17 20:00:40,2018-06-17 20:17:48,2018-06-18 13:03:00,2018-06-19 22:28:52,2018-06-28,c620c34022f164f5d7c7ff3f60ec611f,2018-06-17
b8bcd5c4f80a3e88b4d4581527e1d2cb,717f972f356835dfb983ee2437ebbbbc,delivered,2017-05-06 16:08:10,2017-05-06 16:22:03,2017-05-09 14:10:36,2017-05-16 10:26:01,2017-06-08,a855db03a8fcac8dea5b21f1e904e13d,2017-05-06
05ad4f359a4235a593f41f0533fe0457,8963214440da51e55f9662749ddb81c7,delivered,2017-08-25 20:53:06,2017-08-25 21:05:19,2017-08-28 19:15:38,2017-08-29 14:03:54,2017-09-08,dc93a795711b06b177aba91bddb79be8,2017-08-25
ce9840efc17fbec501472f7c784be1bf,950c3e2b1eab245ac9e26cf96a1c6a23,delivered,2016-10-06 23:21:10,2016-10-06 23:53:18,2016-10-21 16:25:50,2016-10-24 16:25:50,2016-11-30,202fad4a680401564558b2cda0c5a8de,2016-10-06
40087b9fa8303af7faf04a2eae4930d2,739a5d86abc94710d49a265fd761d456,delivered,2017-06-27 11:17:58,2017-06-27 11:55:20,2017-06-28 14:28:46,2017-06-30 13:32:15,2017-07-20,f73eb4f6a7ed19f78c917f86221a796b,2017-06-27
75adb6f5207887f03b547194819216fa,4d5e97a1930e2147547bbbf81715ceb7,delivered,2018-08-11 19:36:15,2018-08-13 18:04:15,2018-08-14 07:29:00,2018-08-21 19:32:45,2018-08-23,67ded0ef7d7f12a64b92d96c41120b4b,2018-08-11
e909df6bbac7fafee9713f25cd6913cf,b0bde8961b359e3e4840c9327862f43e,invoiced,2017-02-07 08:19:35,2017-02-07 08:30:22,,,2017-03-22,40b1c1468c27787235deb9bf979fd51d,2017-02-07
33b4e4420ddac9b1e67cc73717c9b168,8fd98a723350fb2ed3cac2f466923333,delivered,2018-01-04 14:54:25,2018-01-04 15:08:21,2018-01-05 22:16:58,2018-01-10 17:08:09,2018-01-29,a2e110835dee0c376cfa6eeab6028c78,2018-01-04
030106c028266ae3345eb9bf6dd790c1,7a4d4a91643c3ed808af700c41364e3e,delivered,2017-12-24 17:00:47,2017-12-24 17:11:22,2017-12-28 17:36:51,2018-01-05 00:58:53,2018-01-19,d3fc984c5a92922652079a947bcdd508,2017-12-24
83c4b4c8e8fdb6e9ef46162e012e691e,f7b2f2169f6c1f96ba7ea6704869ce29,delivered,2017-09-08 11:11:55,2017-09-12 04:24:09,2017-09-15 22:33:46,2017-09-26 00:11:37,2017-10-03,54e49438764cddd0e54741a77491af03,2017-09-08
5b922f60c60062b4c656c69ac0a5834f,c04e51b398eff4fd75a3e7eb519e5638,delivered,2018-01-30 17:00:39,2018-01-30 17:29:41,2018-02-02 01:17:50,2018-02-15 16:42:55,2018-03-09,80a4ecf33fd05db4826039fb6d55d809,2018-01-30
8a8ff2c8a82c73abed3c70e90953f0b2,681d6df6cd2fb282101e845100ff20f0,delivered,2018-04-01 12:00:48,2018-04-01 12:15:09,2018-04-02 16:19:15,2018-04-03 18:47:24,2018-04-12,f6a553ec911200eec3d9121d0a64bd00,2018-04-01
0ee97b38c4a4fd3b8d3c243e60b4cd44,631562d92afe78f309d88ee259052af2,delivered,2018-08-15 07:42:01,2018-08-15 08:15:21,2018-08-16 12:35:00,2018-08-18 02:41:47,2018-08-20,615d4fe06218d253ab6491129fbcd1c7,2018-08-15
69a75bcc12d792875fb4551caca0d35b,16b404ac73327b39cbcd740149792ad1,delivered,2018-06-20 10:23:06,2018-06-21 03:38:51,2018-06-22 12:46:00,2018-06-29 19:23:41,2018-07-20,a6d002c321561b33d7270deb354080b5,2018-06-20
afd40c7db09c18759908ed9d6c66fa2a,4a4b6b881f86d9d415bedaccd4eb70b1,delivered,2018-05-07 14:06:43,2018-05-07 16:15:38,2018-05-08 13:01:00,2018-05-14 20:17:46,2018-05-23,910240400459e4edf250cddd2588bfd2,2018-05-07
fc9478f69096b445f096798b968fbbd3,00bb27539e10159490e73842a90b173e,delivered,2017-07-27 14:33:06,2017-07-27 14:45:15,2017-07-31 16:53:02,2017-08-01 18:42:10,2017-08-09,9190d6ac7534e99da5edfd3aa43b29a6,2017-07-27
23cb8b17a53535670161bb4171633ce4,1322270a8d20f212f2a5b45d3c14fd66,delivered,2018-01-23 22:24:54,2018-01-23 22:34:52,2018-01-25 21:48:57,2018-02-05 12:32:24,2018-02-15,a24587c47d40ff560266576b543d16d8,2018-01-23
d5b01c154bfa35f8f18cf115336714f4,eda6b1598114de1c2eb5afb5a6d21018,delivered,2018-06-19 13:20:51,2018-06-19 13:57:23,2018-06-20 15:44:00,2018-06-25 10:58:34,2018-07-18,0d3999b145afab708cbde85968e0a671,2018-06-19
066772e2164fd7dbdff9ded585851352,1297707fa763fbc3183ce00a8f3eaf48,delivered,2017-03-27 22:37:36,2017-03-27 22:45:16,2017-03-28 10:09:20,2017-04-01 09:33:16,2017-04-18,42d7da85eacc2b17cb93c4078e1002f5,2017-03-27
42b71d23c4c47ac0364517ab0ada92c3,5f794585ed532b5bc3fb53e0a25b56f1,delivered,2018-07-10 11:49:29,2018-07-11 03:30:13,2018-07-11 11:49:00,2018-07-12 16:12:43,2018-07-18,f8b9e4272782335bb786879d4026069b,2018-07-10
6d238ce1fb32d1ef6e4422764a7f76cc,7ee349f8d855c56ac5151702a8bbf7f3,delivered,2017-08-19 12:09:04,2017-08-22 07:45:15,2017-08-23 11:52:35,2017-09-01 19:23:43,2017-09-19,69774f3da0d25fb8a277118151f994f3,2017-08-19
1a014516e31169d67ede0e351097a9d8,5e55f40ef1f4121bfd3f82403c8d5090,delivered,2018-04-19 20:29:47,2018-04-19 20:51:11,2018-04-23 23:52:52,2018-05-07 11:28:39,2018-05-22,896dcfd0ea1b14793b85d956423b2680,2018-04-19
eedcf06e125e04011d533e4259c36507,a787e32a70fd825e834c43849f53f1f1,delivered,2017-06-28 13:22:30,2017-06-28 13:35:21,2017-06-29 10:48:42,2017-07-06 19:17:49,2017-07-20,21148014d862cc7a041d3d67ac651cf5,2017-06-28
40f486f48285528ce9da6577b086c451,c315c87d66692883960f01d9ca597093,delivered,2018-01-31 16:43:25,2018-02-01 11:50:38,2018-02-06 16:33:31,2018-02-10 17:12:54,2018-03-06,c9158d089637ab443c78984d20da7fc0,2018-01-31
2ec8350dfe84d1726bc5bc3921003fd0,2f089e76215bcec0d0b4df58dd10230a,delivered,2017-06-29 10:17:22,2017-06-29 10:30:12,2017-06-30 15:02:14,2017-07-17 19:49:31,2017-08-04,94f23d5b2eafd75bc034e10beae53b46,2017-06-29
9783e4b24e95c1e243512f67f6e2a97e,f8989c74d32c636246efc5f2b72213b9,delivered,2018-01-22 13:24:48,2018-01-23 03:37:22,2018-01-23 21:54:13,2018-01-30 16:34:00,2018-02-19,27e52e8a9bc529fec96ecc9c7e0531df,2018-01-22
132761d24f94ef259bcbde9dacecb2e2,0137af0a69be6d96a77314fa91324ff5,delivered,2017-12-14 20:43:29,2017-12-14 20:59:25,2017-12-18 21:03:50,2018-01-11 18:46:55,2018-01-10,8f5cbeb89396d69fa2bad804222a6576,2017-12-14
98287ad06893756cfd89b354ad0fe866,5a90a527f175c7fac349eb85e9f2ada0,delivered,2018-02-28 11:00:45,2018-02-28 11:40:27,2018-03-01 20:51:33,2018-03-05 19:51:37,2018-03-14,dc7f9e19f80d22bc0ff12102c7dd4513,2018-02-28
e4986bb2932a43462ff2ff1751af9ae5,ec14d99da64c1ae367c3180051bc66ef,delivered,2018-04-11 16:07:22,2018-04-12 07:30:25,2018-04-19 22:32:09,2018-04-23 20:03:34,2018-05-08,ebb2fb4cc1c833966769d0e2c04cf334,2018-04-11
3e8a0bcdd82e7d0370f54bc991291d82,c354ab5a93962e093ef3f3cede03b721,delivered,2017-03-25 12:28:48,2017-03-25 13:05:49,2017-03-27 15:45:42,2017-04-04 15:36:58,2017-04-25,232d84a34f662a373cf033d7080b3ea8,2017-03-25
fe59203fdf21267082352e201ad44772,766688dea854fc408d44e2f210fdc531,delivered,2018-05-07 16:08:14,2018-05-07 17:30:52,2018-05-08 13:02:00,2018-05-09 19:33:11,2018-05-23,86fe9bdfd991105c910bd652862ab2e3,2018-05-07
708819b15b92924c2b0045e5e0a41c5a,db1391f5393765bd6ca2ebf18b16bdaf,delivered,2018-01-17 15:48:03,2018-01-18 02:11:37,2018-01-19 01:09:16,2018-01-23 15:42:37,2018-02-19,a85a504784568b5a41c18d3c22926d61,2018-01-17
089fd8829f0bd7f98a1b98614c835dec,6bf5800109c2c615c79f5d43105f8f18,delivered,2017-05-25 03:26:40,2017-05-26 02:45:20,2017-05-31 07:43:57,2017-06-12 12:44:57,2017-06-19,e0cc152157beafcfc0ed0ee5d100c467,2017-05-25
1afefea8a6500c83df5bfc6e4f2eec4a,4daaa55d5d0c4a008456666b94e9506a,delivered,2017-08-04 21:20:54,2017-08-04 21:35:11,2017-08-07 18:45:53,2017-08-17 18:12:45,2017-09-12,5307b8146f4c8f11029bb061d11ce967,2017-08-04
8d2d2c7afdbd8bd1642c89d8526a2890,57d3dcf9e155e9e027ccfe489f872324,processing,2017-09-19 16:56:43,2017-09-20 02:35:05,,,2017-10-10,672657455cce38b8fbf3f0c71b1f5f0c,2017-09-19
045e0b29f969d5cd3bf5ca04087a4af8,17eea6ff0e376f0b4aa18753bab227c1,delivered,2018-08-06 22:58:06,2018-08-06 23:10:11,2018-08-07 16:29:00,2018-08-10 12:55:23,2018-08-17,7ce70617500f4406c5bbed1b5e7e17ea,2018-08-06
24161cb9857591fc2fe821db0c4dd3b0,25aa953a41b1d732851dfba730552158,delivered,2017-11-20 14:49:53,2017-11-22 03:13:23,2017-11-24 18:09:15,2017-12-14 10:21:52,2017-12-19,0e1e99d27fe5ed6a7feaa7072343506c,2017-11-20
f96a9dc2a80bc15f23751cd2bb4f9029,92470b5b967407fa22b4790f46c90939,delivered,2017-06-06 17:52:07,2017-06-06 18:05:24,2017-06-07 13:01:22,2017-06-16 17:26:35,2017-07-07,34d8c6b1190ff7145a174230e2f955a8,2017-06-06
468edfd1aeeeef023e6bba4943f2cdfb,0dc19211283195b22b2c945bd5b0acd7,delivered,2017-12-06 09:50:09,2017-12-06 10:13:07,2017-12-13 19:13:26,2017-12-29 20:16:53,2018-01-09,8ca8b8dc60280d1f97c1c6817655ab63,2017-12-06
041cbce90c076b8e9eb9f79112a59899,e38db46321e8a8652cba6569860e5902,delivered,2018-03-24 21:26:30,2018-03-24 21:47:39,2018-03-27 20:44:32,2018-04-05 18:48:26,2018-04-19,0c10bf136ae164f2b69624482f95f6fd,2018-03-24
c1dc2aa07165a0844cc6a68cebfeae67,f7302cd809752f03603a30e3ee06696a,delivered,2017-03-05 12:57:38,2017-03-07 04:25:17,2017-03-07 12:58:14,2017-03-09 07:52:41,2017-03-23,c7879cce05a7329b9ca86568186406b6,2017-03-05
8c9e1d21a726356a014631e7339ac1c8,1d2fb9f421b86873f5f7604e48b4cd5f,delivered,2017-03-21 21:35:11,2017-03-21 21:35:11,2017-03-23 15:22:33,2017-03-29 18:43:05,2017-04-17,7e654af133d7e91260a099e52d407092,2017-03-21
ebfd75154f8fdbc98038250a80a41875,746df46c283df87d8ffc0ac45309b6cf,delivered,2017-04-26 09:34:47,2017-05-01 22:32:53,2017-05-04 15:59:01,2017-05-10 15:38:49,2017-05-15,42f222e3df147ae8e80fe87add2d9c6c,2017-04-26
28dc400a3035ba60273edf910c7c05f4,2ccb9ee4137ad183fc9df5261f3cb7de,delivered,2017-10-25 13:15:45,2017-10-25 13:28:30,2017-10-26 18:15:10,2017-10-27 14:23:33,2017-11-07,4c22e9df87f5f92201a2e3356e50ffdc,2017-10-25
8e111be7da8066764ce7894bc1623c69,e99b57de043eefbcc281b620254afd25,delivered,2018-06-23 13:25:09,2018-06-23 13:55:35,2018-06-25 12:48:00,2018-06-28 20:49:30,2018-07-16,4827d6a02f010b9505e4af04c7fac522,2018-06-23
210bc4b9c2323ee8e4e138be5ba0a9ef,77abfb6aeb8006c4ae021f20ad8ad3cd,delivered,2017-12-04 21:31:08,2017-12-05 09:30:56,2017-12-06 13:33:04,2017-12-18 22:14:44,2018-01-03,fd45f225d5bbef5400d9c080788feeb2,2017-12-04
b88187e3e61e2aa58b398415c2d2d4cc,62cdc09fa361dffa1c33237c1d8c16ca,delivered,2018-07-18 16:52:03,2018-07-18 17:02:30,2018-07-20 10:21:00,2018-07-25 14:13:54,2018-08-06,ee201d92b5da43381bbd85af3c7f51a5,2018-07-18
5ab3ac23bb4fcf50895b04971819b545,dd71b45326e4054c81c9ebfdfad977e4,delivered,2017-10-05 10:46:07,2017-10-06 02:14:21,2017-10-06 20:12:29,2017-10-18 12:17:17,2017-10-31,695edb4e455cb65a091e5f720137f5aa,2017-10-05
471a20066d4855e0de2359824437be13,603d1bd1f37caeb4169f53c033dd8f08,delivered,2018-06-13 20:58:24,2018-06-14 02:57:39,2018-06-14 12:25:00,2018-06-20 13:52:06,2018-07-16,56b9775c996d724559df1e39839ac963,2018-06-13
d4861d672cf3a6d906cb2451d9265211,976c466e2a94060328caf22c01f3eae4,delivered,2018-03-31 20:39:19,2018-03-31 21:27:44,2018-04-02 18:20:56,2018-04-10 13:41:59,2018-04-19,71d3ce43c3776539eda6691c71623e30,2018-03-31
b072d6d510b1444975b212db037ab429,bf9756f8172240e70bdf6b8474b9f3ee,delivered,2017-07-24 15:06:24,2017-07-24 15:23:36,2017-07-25 22:21:40,2017-08-04 20:33:05,2017-08-16,75dbc0a73e8b75de8da60c17a2c78699,2017-07-24
afa3e30ab7bdc8d5e7770d1d189076a8,4fff8a3a48dc8d24921a70e133e4e411,delivered,2017-09-26 17:09:40,2017-09-26 17:26:24,2017-09-29 13:09:43,2017-10-06 13:42:33,2017-10-20,d314efd4e1f4ae5b3c0f477fa7cba000,2017-09-26
38dbc93c7cdcf9081f75b317967ce3b5,90c5f97f25eb2579a585217e3c53a6a7,delivered,2018-01-24 16:02:39,2018-01-24 16:14:33,2018-01-25 16:36:20,2018-01-27 17:08:55,2018-02-08,df234180dbf40fa939a499818a8df436,2018-01-24
771ee386b001f06208a7419e4fc1bbd7,206c0fcc717333d169ff95933fb47341,delivered,2017-06-23 13:11:27,2017-06-23 13:25:19,2017-06-26 17:33:37,2017-07-03 15:59:46,2017-07-17,9a3526eee723accd014ec683afe5bf20,2017-06-23
27de05cb2f75e456b01b2bab56fd8844,fb47721204e8a34767aee552bebf77c1,delivered,2018-02-24 19:17:22,2018-02-24 19:27:19,2018-02-26 21:05:49,2018-03-26 21:42:21,2018-03-27,ac3369c4bf35de1210b2776def51af5c,2018-02-24
a802ae0c41c749a4a9acbe8052f23105,6ebdf3a14409c4c45ec71c99087864c4,delivered,2018-05-27 13:37:04,2018-05-27 13:50:10,2018-05-29 05:54:00,2018-06-06 17:46:26,2018-06-28,ca68e0073c8cbf34589728436a2c187f,2018-05-27
ce101c122a22608be5d6ba81b4a08080,440e4758b251e98b20be22c8ad51ef8d,delivered,2018-07-25 09:01:55,2018-07-25 09:10:13,2018-07-27 14:47:00,2018-08-08 15:42:14,2018-08-13,c672f1b40baa68d1f025887a4800a7ac,2018-07-25
f38bcea38944dc89223a23571a1207e5,ea15d85fe65df193ac50b5d8a9d50e6f,delivered,2018-07-24 22:36:15,2018-07-24 22:45:11,2018-07-26 11:54:00,2018-07-31 15:48:48,2018-08-09,0ee5e3487aa42b96e384bd4ae31743af,2018-07-24
65ac166c30ce56f69586b063209ba83f,f37d8e47c4050ed9d3aa6ac517c4e7a3,delivered,2017-11-10 15:26:53,2017-11-10 15:36:06,2017-11-13 13:34:43,2017-11-17 17:48:45,2017-11-30,cdb306911affc0304f177bad851db2e0,2017-11-10
00e63486fad9d24645c9c84ed77c15fa,d26415dbe622ef8eaf44c3c6e92ce1a7,delivered,2018-08-14 10:19:40,2018-08-14 10:30:39,2018-08-15 14:00:00,2018-08-20 21:58:50,2018-09-10,e59d98970fee89f123d04e23a357d371,2018-08-14
b88d53a015d4f2c2ca019f846a7f523c,b8863269e5fa3dc57a35d34991e25987,delivered,2017-03-23 17:31:43,2017-03-23 17:43:56,2017-04-18 14:53:47,2017-04-24 17:07:32,2017-04-20,70c50ca6953708e8752c1aad25b88364,2017-03-23
8832736e69bda45d9e1c6f5a64e64517,c4066b67476566dd1be18bc92ed18b6a,delivered,2018-05-01 14:17:38,2018-05-01 14:34:15,2018-05-02 11:28:00,2018-05-08 13:05:23,2018-05-23,9f60eb630f9e8fdc6f5cbd44a94931e5,2018-05-01
37a5204a049f51a78d2a3b22a808a779,ca9c542e0ee144807d875bc8702cecdc,delivered,2018-05-05 11:29:48,2018-05-05 11:50:40,2018-05-08 12:32:00,2018-05-12 16:21:07,2018-05-28,cef165f2bae75deb1c34658aec5750ef,2018-05-05
b9edb51e964553c82dd1cb214873cc32,9bb3ac159619d4e849349142a1aa33c7,delivered,2018-01-14 18:24:59,2018-01-14 18:33:24,2018-01-15 17:28:38,2018-01-24 16:59:40,2018-02-15,c697dce28c67c82352e199f4fea6ec75,2018-01-14
048d1e40afa8d75641833ebbb74f85b7,86bb630ecd16f9a56c9715b40834f460,delivered,2017-12-04 10:20:59,2017-12-06 03:31:06,2017-12-15 00:57:01,2017-12-20 22:35:36,2017-12-29,1bde824216fdecb95bf9ede207c2180a,2017-12-04
d3b17114bb5d12fd946e0bb2680ec2b0,afedfc4f973123fcb3db4d7981c211ad,delivered,2018-01-31 16:25:12,2018-01-31 16:35:35,2018-02-01 22:35:59,2018-02-27 01:22:46,2018-03-01,96723d819476887cc1e87e970ff5810b,2018-01-31
6a469666ec55c8ac48cca2b1160f10e3,583d0db4b92ff46b692dd229901ed449,delivered,2017-10-23 17:58:36,2017-10-23 18:14:26,2017-10-25 20:48:43,2017-10-30 21:43:02,2017-11-09,6f7a6d7131726a53eac56364538e7107,2017-10-23
465e8161fdbe4ef42b3b8371bd96100e,0577d52683decabca06a622f44194638,delivered,2017-08-04 23:18:15,2017-08-04 23:30:16,2017-08-08 17:16:33,2017-08-14 18:34:03,2017-08-24,0c5c1506b2cf6352053ba2f57ea5163b,2017-08-04
1f4dc97a6075ec55e785e55c4795a5fe,900d252388a6177a68f549e428fe667f,delivered,2018-05-20 20:16:42,2018-05-20 20:30:10,2018-05-22 14:00:00,2018-06-06 18:21:51,2018-06-19,02f9e064c4cd00599af7e26d15350de7,2018-05-20
8f89466a1d909284287823b13958cb5b,adef9269536e84c599b8ad8491be6475,processing,2017-09-14 09:58:24,2017-09-15 10:05:13,,,2017-10-25,4204caa25d32fa6fff872c9a435d9981,2017-09-14
ed263287962724d325200bb5bdc645ac,796aacb2684847829b6fb8ce7b927511,delivered,2018-07-23 11:50:03,2018-07-23 13:44:01,2018-07-25 12:39:00,2018-08-02 18:14:40,2018-08-20,9aa95849701c1992109fa87e961d9fe1,2018-07-23
6f0702d35ad394946ff1052b0c9f9667,9784b266de1f40b40b32233bed70b3af,delivered,2018-03-19 22:43:36,2018-03-20 22:48:07,2018-03-21 20:51:20,2018-04-30 21:38:59,2018-04-20,a9d133bb6c236fdcafea8b3edd7cc446,2018-03-19
d0359a27da2f3d0cec9b39779d622b95,7f552dc815b50d2f24b3f709f2b1a71f,delivered,2017-07-23 22:31:48,2017-07-23 22:42:51,2017-07-24 19:05:40,2017-07-31 21:22:33,2017-08-11,5287a4cab834a71675c2beee5b2a78b8,2017-07-23
7457d3d23917512e33d58f76c92b4508,17f569b832ebe61b0af0d5005f5fd6f7,delivered,2018-07-06 16:21:43,2018-07-06 16:35:10,2018-07-12 14:32:00,2018-07-20 17:28:25,2018-08-07,5516a01cd9074eebb614c48d6fcac88a,2018-07-06
23eaa9100d479846141e3105e949df27,dbc1b010bbfd839359e6a3fdcdc33689,delivered,2017-09-17 22:24:00,2017-09-19 03:50:31,2017-09-20 19:39:49,2017-10-09 19:53:41,2017-10-17,fc8285fe1d4d67aafe461c07d2234b13,2017-09-17
c1ddb9a2ec3bae0156fed0df64910447,1a32b53faf914452175c5464561e8f85,delivered,2018-03-19 18:21:19,2018-03-21 06:48:03,2018-03-21 18:56:51,2018-03-28 19:44:37,2018-04-13,843d97fcd6ec5e0c26577d2f9fe3a9f4,2018-03-19
96099ba3b59c848cb4a6d677c929a136,6ab2063710261f746ac7ad58c7a8b29c,delivered,2018-03-27 10:44:22,2018-03-27 11:08:14,2018-03-28 23:11:13,2018-04-02 16:21:59,2018-04-16,6fda6a43d1fef37099eeb8a7537d9f19,2018-03-27
731d09efba8a2040506f3097b149c979,b7594fafdd45711b75ec17b8d3585215,delivered,2017-05-01 20:04:31,2017-05-01 20:15:13,2017-05-02 14:30:01,2017-05-12 13:16:46,2017-05-23,bcc613447f8ad78b10c2d4e3198b3151,2017-05-01
406de5462666366ba69ee8d333eafc31,d023c6e72db6feaa3fe07734d7fdd17d,delivered,2017-08-06 13:09:40,2017-08-06 13:25:19,2017-08-07 13:24:44,2017-08-11 19:43:49,2017-08-29,d4905d4ebbdae57e9c242c7ab2c57cc5,2017-08-06
80ec14a614e66dcd5fe4051fdeb620c9,0b607303227b58cbf5132b0107f083ab,delivered,2017-09-13 23:16:51,2017-09-15 13:25:39,2017-09-21 15:09:51,2017-10-03 21:54:04,2017-10-03,4562e21decbf22093cf8b564863f2f96,2017-09-13
b23f0b276fa55094ad39dda33c542976,d9e2f992cd2607e140ce5bd507a2b8ac,delivered,2018-01-07 00:24:51,2018-01-08 07:08:23,2018-01-09 15:53:18,2018-01-10 19:05:40,2018-01-24,e1095e7068a10b429a780484faace57a,2018-01-07
07be9bc8241fb542df3e10f395d5b412,620f2482e95e1b24c3c228e940f84384,delivered,2018-01-29 12:27:32,2018-01-29 12:52:14,2018-01-30 15:36:11,2018-02-14 22:04:20,2018-02-14,8fe3952a1127c277dd7a83fd5fe96edb,2018-01-29
bbeb3a35e986d6a0f87217b567c99cd0,5ce6bccf8e7fd0fd5ee7fcb87cf857ba,delivered,2018-04-17 20:00:49,2018-04-17 20:15:18,2018-04-18 18:32:36,2018-04-23 16:08:41,2018-05-04,fbd53cc62cbd9bfbf21cfde4d6d42fe0,2018-04-17
3c9979e0cd0acb648d666e573dd343fe,4fd85249a73ef3fe0633c37c5b597bb0,delivered,2018-07-11 01:12:39,2018-07-11 01:25:47,2018-07-11 12:01:00,2018-07-14 00:32:34,2018-07-31,87275cc9c9a414378d9a9fba58e5ef86,2018-07-11
c05d6a79e55da72ca780ce90364abed9,3b54b5978e9ace64a63f90d176ffb158,delivered,2018-05-13 13:05:02,2018-05-13 13:33:22,2018-05-14 15:17:00,2018-05-15 19:37:06,2018-05-24,d3383e8df3cd44cd351aecff92e34627,2018-05-13
4de2ebda8d694076106f0a5a3ebaab1b,25b1a4dce6e22c03b3f25ea737690e7f,delivered,2017-11-30 08:33:11,2017-11-30 08:53:15,2017-11-30 19:56:10,2017-12-11 11:51:37,2017-12-28,0413683c053b2edd42a02b0dda010fe1,2017-11-30
b3e9c25f3bb564b708bfaac8199cf13d,415639f216510164ef6642e993548dc1,delivered,2018-04-24 11:04:33,2018-04-24 18:53:33,2018-04-26 06:25:00,2018-05-10 17:26:50,2018-05-16,6427eb9aca78a4aa19d7ea8095ba0308,2018-04-24
960f1dc42251b4fdfa41d260f5c8e3cf,8be8d722cdd8a15e382acd172a9ec9ee,delivered,2018-07-24 16:11:50,2018-07-24 16:44:12,2018-07-26 14:56:00,2018-07-31 21:59:28,2018-08-13,106daf23761c4a8426c2cc28d75fb342,2018-07-24
baff178d792fd40014fd024031a90fff,d5b6785ad0858259574a16b9a577d5be,delivered,2018-03-07 00:26:12,2018-03-07 01:20:49,2018-03-10 01:51:10,2018-03-14 01:03:58,2018-03-19,238f93c333a6fd8d79b8d9a5364e4208,2018-03-07
15ca98d5b78da3dda3626eb0ef55d3a4,4f50086cc2dcaa790e71e72171dda2e4,delivered,2018-03-27 20:20:25,2018-03-27 20:35:24,2018-03-28 20:58:50,2018-04-30 20:03:38,2018-05-09,11c345f91f9c76fd8d8c5a9dc888bdfe,2018-03-27
a7b3d17383515918f57cc831f29bc8dd,749a862491fe2a84c7de73d5c8664b50,delivered,2018-08-21 12:27:17,2018-08-21 12:35:14,2018-08-22 14:06:00,2018-08-27 10:24:46,2018-09-03,5d7b09d80abf617b949c5a7ad09e6bc0,2018-08-21
c136ccb91ace39bbcdd1012fe2002d8d,7166de904d50726d46d0daa3a9b5028d,processing,2018-03-16 04:11:03,2018-03-16 05:25:25,,,2018-04-11,7483f44bc711fd95dbe965add7e6dfbd,2018-03-16
3a9b7fc0a15c9fa73132a03f59306bb6,dac766eabb1289d59cb88e34b1489db1,delivered,2018-03-25 20:30:55,2018-03-26 20:30:11,2018-03-27 23:28:29,2018-04-09 20:49:35,2018-04-12,f9721131784ad9d58ba9278236b37845,2018-03-25
3b35dfd8bf0ca772d83708ba283e1143,14fbd36fbe6c925943633de58361ca00,delivered,2017-03-04 22:40:12,2017-03-04 22:50:19,2017-03-06 14:41:10,2017-03-10 14:58:28,2017-03-24,dc5a505acfdefc4a9e60ed4dc754a72d,2017-03-04
c911e05e122d374b5c4e8af53751f999,44a822695079e8aceca4e0c1a7725cca,delivered,2018-06-03 23:16:30,2018-06-03 23:30:02,2018-06-04 11:25:00,2018-06-16 11:32:04,2018-07-18,f4a2ba1f3326616d630571f24b7c5fef,2018-06-03
4c70befde2c6046dcf77a680ae1f356f,6f0a892d966449f97df09f1024a47c3e,shipped,2018-02-11 13:44:58,2018-02-11 13:55:23,2018-03-07 21:46:41,,2018-03-22,413c048b3543f926f2e486c53de5123f,2018-02-11
5bb8d2fbca419676d395687e28f5263b,bff5a17c6a2c64100921da9fe9591a43,delivered,2018-07-12 12:44:14,2018-07-12 14:10:14,2018-07-13 06:52:00,2018-07-23 19:08:52,2018-08-01,95ca2c58fa0c3425b47e477d1c7bb829,2018-07-12
4266ef14bd1c34c83c3c54ff7ad2f215,932ad206940b5c2214855afe95e16b24,delivered,2017-12-15 18:45:20,2017-12-15 18:53:25,2017-12-20 14:07:08,2018-01-19 19:46:38,2018-01-16,7dfa1a8f4b3419234a71533d1727e9c1,2017-12-15
c3fa73017c4a172907d79669eda248d0,58830055981413a6c6eb3b4b45561b5f,delivered,2017-10-08 22:59:49,2017-10-08 23:14:53,2017-10-10 16:48:03,2017-10-23 19:47:09,2017-11-06,615922c430abddd368735199c38e735d,2017-10-08
906866a791fe9017a3d218c44407d609,612ac88c129addd7fb064a64486765bb,delivered,2018-04-25 18:24:49,2018-04-26 18:31:56,2018-04-27 13:38:00,2018-05-02 20:12:32,2018-05-23,3d3fd715e63656617f8e3156658efed3,2018-04-25
f92ef153ceb4a6db2572cc8f79dff479,832e0159bea501e0a4b1ff43edae6b4d,delivered,2017-08-31 08:55:41,2017-08-31 09:05:19,2017-09-11 20:32:41,2017-09-15 16:23:01,2017-09-19,edfeb6381b626b0dae9b2f5516734dbc,2017-08-31
8927ff5642f163b8ea13371f33cca0f8,88e865cdbf3c499bd2c69dd3630a5276,delivered,2018-02-02 12:10:50,2018-02-02 13:15:25,2018-02-05 23:59:45,2018-02-16 14:15:04,2018-02-26,e7d711e774569547b95d05ec9e391c4d,2018-02-02
401aaeb144fdc31e60486809bf917ce5,57ae561786f80b4c665519e147319629,delivered,2017-05-21 12:02:55,2017-05-21 12:15:42,2017-05-25 15:18:06,2017-05-30 18:46:06,2017-06-09,35de25c73544f00e8adde226a4d1bdcc,2017-05-21
e485cebb1f3688deebd5e6ed3d5c18b5,70221a6e1af9e3ef492ab43ef81b6f5f,delivered,2018-01-08 21:59:49,2018-01-08 22:34:21,2018-01-10 18:18:40,2018-01-11 20:48:47,2018-01-26,94939fd11ba6e9d9891ad1eef88c4b7c,2018-01-08
b188c4dca07dd4ef80ba8ffa4d67e585,a6b14e96a2ff0feb2a461f8e6703327d,delivered,2018-04-29 15:05:35,2018-05-02 09:15:15,2018-05-04 14:21:00,2018-05-09 17:28:47,2018-05-23,d9b6c05326cf0bb2fae7c4fea4dc62f0,2018-04-29
4aed2e7583609a6a24a9fb2c7b6403f2,344e41976193f655e5ca2fdf1a9352c0,delivered,2018-01-06 07:36:07,2018-01-06 08:33:03,2018-01-08 14:43:12,2018-01-18 22:26:52,2018-02-08,e734176df31b8926be45dd4df2ee30a7,2018-01-06
08b1c04da876c66dc6f09acfd8d12f4d,c513203fe6e98698871cdf652700f459,delivered,2018-02-20 15:54:32,2018-02-20 16:11:02,2018-02-23 20:04:16,2018-03-01 20:09:16,2018-03-15,ca26c28cab4d8cef1f2bc24e9bc78380,2018-02-20
6f1ea17aaf0660f7eea41df1f6fc9e27,ed55ec2e2dfb8c29e07a1bf61cf889e5,delivered,2017-04-21 14:44:38,2017-04-24 13:35:16,2017-04-26 09:22:18,2017-05-16 10:53:03,2017-05-11,7a2201aa8cc595430b8e83b8da2639b0,2017-04-21
3188b88d4562d627bf472b5a3655237c,f91d5b6a4afce55008c258f1b62d8af9,delivered,2018-08-13 13:17:01,2018-08-13 13:25:15,2018-08-17 11:19:00,2018-08-22 21:42:29,2018-08-31,b60149b98fa462e9db51a623071f27d8,2018-08-13
b9f0e07d0b6d46a0c40cd3950a8cbeff,b4533ea6278d554a6be38cd324930625,delivered,2017-08-09 11:56:53,2017-08-09 12:10:21,2017-08-10 18:17:25,2017-08-18 16:26:38,2017-08-31,c2eaa58a554512017ec4273f8065f78f,2017-08-09
e79e5fa889ba35a56c0155d5a447857c,fb4a17cce3735ae695019b8ec47c9ab8,delivered,2018-07-07 16:45:56,2018-07-07 16:55:23,2018-07-09 07:09:00,2018-07-12 15:44:33,2018-07-31,cae816b98cc05fbf75c8d3c05e7cbac3,2018-07-07
e352ff9f2e0ad057b6ce41cc5a662991,bc9c9f7f6fe29481bb9f4e64342fb7eb,delivered,2018-01-26 15:45:51,2018-01-30 04:31:20,2018-02-06 19:04:32,2018-02-27 17:09:45,2018-03-02,204415173c3d3624e9db571d6ff0855a,2018-01-26
0c7eb5879f5e105bea55f6edcc70659c,2fc45a32ba781f1dbcc89fe684246a42,delivered,2018-06-26 20:06:50,2018-06-28 02:15:42,2018-06-29 19:01:00,2018-07-02 14:51:36,2018-07-12,c25f1a5ce465064c1eae7d708078128b,2018-06-26
41af28fe8d828495ccf17c4a26e177f8,b61b31a4b4b06a01b674b4a23d4d65b1,delivered,2018-01-12 23:07:35,2018-01-16 03:50:06,2018-01-17 15:29:15,2018-01-18 19:22:41,2018-01-31,3c2fb426452fe15304df50e9d4313366,2018-01-12
028b18bcd128b49e2982741f83b78e77,049e1221c498aac9230d750151d75706,delivered,2018-08-10 21:54:51,2018-08-10 22:05:12,2018-08-13 15:13:00,2018-08-15 12:23:43,2018-08-15,a696f333cede35688305bf9a303b5adf,2018-08-10
ec2315063d220f8b9a807f21b35c2928,6d384ee3b15cc25120b4820bded9e13c,invoiced,2018-03-01 19:31:55,2018-03-02 02:29:47,,,2018-04-02,958cf844b291da7070d18be8bd93aef3,2018-03-01
7e55ef94fac22db04217abf106e9758a,ca4d497fb0472b44b77b03f40e83c670,delivered,2018-03-06 15:43:53,2018-03-07 02:49:10,2018-03-08 14:08:35,2018-03-22 17:51:48,2018-03-28,da81e3405a184f44c18248e95f433497,2018-03-06
b75f08abdc3042ede58bdbbf3f4f7a52,219c684533c856c18d3d31208ece446c,delivered,2017-11-16 15:09:26,2017-11-16 15:26:56,2017-11-20 14:33:03,2017-11-29 01:16:45,2017-12-08,2534f31b7589603de7baa645e2afe123,2017-11-16
b6d7ff9193e91d57a1f501ba1ecc9536,88939fbeb041042ba1af676b28681683,delivered,2018-03-20 10:08:18,2018-03-20 10:28:15,2018-03-21 18:51:28,2018-04-04 14:21:26,2018-04-06,4b8906c83d801008eb28d24c80c8a59c,2018-03-20
ee28bb4fdf5a8603f545d312ff67c2e6,444999b7c8ce7c3a13ef53690b547753,delivered,2017-12-24 08:21:30,2017-12-24 09:00:24,2017-12-26 18:52:11,2017-12-30 12:34:44,2018-01-23,11aafaa6e41ca7905e4f92a0b0be98ca,2017-12-24
70110517388311cb851a9e9ba1d499cc,69c4b9f1119fe6220b93e9e6c8cda814,delivered,2017-10-05 21:04:37,2017-10-05 21:15:10,2017-10-06 20:33:44,2017-10-16 18:05:03,2017-11-09,db3b0a1a26847662327438b4cd783ad8,2017-10-05
f8b158fb8ab6cc090f0746a1eabd2e01,9c0c58af21e19302f4921f5e3f103614,delivered,2018-06-11 15:37:25,2018-06-12 15:47:55,2018-06-13 12:46:00,2018-07-03 20:51:59,2018-06-29,ebe46872371ec8fa657e9c7e66d70a26,2018-06-11
bab2b00c7dda561a8e77047d346f36cc,27b939024664f89f9ed6d687e1265de0,delivered,2018-06-06 08:58:02,2018-06-08 02:56:09,2018-06-14 16:02:00,2018-06-24 13:07:43,2018-07-25,487e9e85b88b68f2fb0a84d0296936f6,2018-06-06
b72f6afc986ced9a7b3ec827c073cb7f,a73dc23db3fd985d191e316fea29138f,delivered,2017-10-02 12:53:52,2017-10-02 13:07:36,2017-10-06 17:07:22,2017-10-19 19:07:43,2017-10-18,5ba5ed538b8b1117e83297b343d4d8ad,2017-10-02
b18c7057bf0a8cf25032b7dc0a680796,6d28f0fa1646cf572c403bae21daea20,delivered,2017-09-25 22:13:40,2017-09-25 22:29:18,2017-09-27 19:03:47,2017-10-06 19:34:05,2017-10-23,ed9729f97eed9d5d163b8af5210651a8,2017-09-25
50de76b6e07161441556b571d4e85248,44624c889935b95b1b070efaa459de42,delivered,2017-02-18 17:43:04,2017-02-18 17:55:19,2017-02-20 12:44:09,2017-03-01 13:47:59,2017-03-30,c0779cfb3d6695eb9a6c14772852e10e,2017-02-18
3788099435cbdafabe329e9228e70588,532e7743ee71036229bbcd93efedb616,delivered,2017-09-10 18:39:51,2017-09-10 18:50:15,2017-09-12 17:57:18,2017-09-21 19:43:07,2017-10-02,e944c17ad301717a2cc620e6c4cc109f,2017-09-10
354f62589ab0a15eb57e820d6fcbe9b5,ff51b92babcec282546c7ccf5c36adb3,delivered,2017-03-25 21:18:49,2017-03-25 21:25:19,2017-03-27 10:20:04,2017-04-04 12:55:16,2017-04-26,b091f0594b694484477cb61cb0b19d49,2017-03-25
7f59962b8f02ca840674b28f1b9cda2b,ed960019adef94c49b1239970f74b604,processing,2018-03-12 15:45:41,2018-03-12 17:03:05,,,2018-04-06,b495d807ccbd38ea1be486a826c88008,2018-03-12
bab6d565d15cd0e292a67fb901aab300,dd7fd23e665b40be0b227cdd2b179046,delivered,2018-04-09 22:49:59,2018-04-10 00:31:45,2018-04-11 20:03:12,2018-04-25 17:51:44,2018-05-03,a9734540d7dfa7d83f564ec7fcfac288,2018-04-09
030e234a82944425a6f46d5b2552b848,025ede66ec5d6ac9bbb393875dd71fa5,delivered,2017-03-06 16:37:16,2017-03-08 02:43:13,2017-03-10 15:16:22,2017-03-30 14:48:05,2017-04-06,17999c371b226d98242c95e006c22e3d,2017-03-06
7bddd9e6b1537e5eddb67e890e80119b,3c6aa574da9394f71e671be146e0ad79,delivered,2017-07-19 22:05:28,2017-07-19 22:15:24,2017-07-20 18:26:24,2017-07-26 17:29:47,2017-08-08,570e50a0c731f9e83ca1f860d7b424ae,2017-07-19
85e7df94996cce9657127b63f379ac14,bc7342cd2513951daf6234923692eb2d,processing,2017-12-15 18:18:38,2017-12-15 18:32:35,,,2018-01-18,4eb3cb72d0b7090334669fd4b36b7c0e,2017-12-15
6e58a0efc826a4a4fd29592260be773d,288afe31ee5049731be93138431905a4,delivered,2018-03-27 20:22:54,2018-03-27 20:35:20,2018-04-02 15:48:36,2018-04-06 19:13:29,2018-04-19,16fd4a65560ace047d491ce149537337,2018-03-27
236ac812debfa147da2a0e46eb8498f3,dc7cfdba05837cc07d53bf3e8ed07da5,delivered,2017-05-31 18:30:10,2017-05-31 18:42:30,2017-06-02 12:37:01,2017-06-14 12:18:58,2017-07-07,4f94b2a128e75939c61c188212388e3e,2017-05-31
fa87437f971fce498b2184cd2401e23e,71ebe0889c5ef604bd7281ecd5159045,delivered,2018-02-06 11:07:38,2018-02-06 11:31:24,2018-02-09 23:09:40,2018-02-20 15:29:26,2018-03-02,ce26bcc126789faf8d51fa4cc4f0d407,2018-02-06
913677abacbcdc2b2f18b3ec362a0cdd,621c4375f33e843ba4111a6fc493fd0d,canceled,2017-04-09 11:42:18,2017-04-11 03:45:22,,,2017-05-16,eda1dce5c553ce29ab7bcd3247392e87,2017-04-09
e124c7322cefdb43a61f072bedd00e64,da3cd2f77201ba1fb0637d3a485e9ffd,delivered,2018-07-30 08:28:12,2018-07-30 09:04:43,2018-07-31 12:30:00,2018-08-01 15:17:48,2018-08-13,167710b9b06b15b132e1b466f84534d5,2018-07-30
2853618de7610a6cb28d21b99bbb4dfe,1c656e83baed5d0044cf64449d4d4d39,delivered,2018-01-27 21:20:17,2018-01-30 04:31:08,2018-01-30 20:18:40,2018-01-31 18:38:58,2018-02-19,8ea95e0fc3da49749b66835754e2062e,2018-01-27
8783894e49c4c084d21c71b16a5aa83c,371ff128ab740c6a5d7e608520ef898d,delivered,2017-05-15 14:30:03,2017-05-16 03:15:14,2017-05-17 12:48:40,2017-05-19 13:42:09,2017-05-30,84c2b9cf0cc05f748d6ef32a0507dd2d,2017-05-15
ad7957c1cde1dae009b1fc01e3e02758,56622505c5b8e35701af6c6a4f0d8e9b,delivered,2018-07-23 09:34:18,2018-07-23 14:31:43,2018-07-25 11:07:00,2018-08-05 15:58:41,2018-08-13,e2c7ebb53395b059ec2f2a39b186acc8,2018-07-23
f0ab33ceba10623b929d52fe23fff27b,88ee40a99bacbe60eb2db44b445a83d9,delivered,2017-04-13 14:44:33,2017-04-13 14:55:14,2017-04-17 11:28:00,2017-05-11 11:21:25,2017-05-19,fe671564adbd29c727722191af62afae,2017-04-13
9a6c669a7f59b8d550c7a68fb1ab559f,39fd098f1a76afc1079eeb62ee924bef,shipped,2017-07-06 17:56:50,2017-07-08 03:30:39,2017-07-11 13:09:03,,2017-08-01,416887dca11c6f5af9da6438afe0bfc7,2017-07-06
9dcac4ea4003e5185ee8b597ee1f8854,8cf82313e7b03288264521546f4f1368,delivered,2018-02-25 20:49:20,2018-02-25 21:08:02,2018-02-27 16:44:14,2018-03-16 01:13:28,2018-03-22,137cd9c50de63a0c754445934fdc0fc3,2018-02-25
f72322b96b8a40b181a18018f99d72a4,7bb6a23f2b03aba1d9a3dc4c81610a15,shipped,2017-08-28 20:12:09,2017-08-28 20:25:16,2017-08-29 17:57:11,,2017-09-08,11d4e9bf7258c24dc382338b83d4e3dd,2017-08-28
465e367896219452ecc8d8dc02f61531,68f1d888d94100d13b58f401de3bb5b4,delivered,2018-07-13 09:12:43,2018-07-13 09:26:52,2018-07-16 15:08:00,2018-07-20 18:38:33,2018-08-08,e8b128d36a5960f5cc415013c0b88ac4,2018-07-13
71e6174ecee5b2562945b98c5fa17cd4,1421cb63f0a9dedc0c36b0b96bb60ec5,delivered,2017-03-22 14:57:30,2017-03-22 14:57:30,2017-03-24 11:37:22,2017-03-31 16:14:43,2017-04-12,e306c019a262500b02f86129b8d5954f,2017-03-22
4cd2e432faef34e3616ec529f1106de6,0ffcb297c971a2b8822d8feb8af90b06,delivered,2017-09-02 11:41:55,2017-09-02 11:55:22,2017-09-05 20:32:20,2017-09-15 21:05:04,2017-09-26,a42f083e350bbe8874943882e5620af2,2017-09-02
07ddc871675f337ce763af5edb521194,a7f4d7516b7cacd6f05cd98e355dac0f,delivered,2017-11-01 14:50:41,2017-11-02 02:16:26,2017-11-07 19:09:34,2017-11-14 21:02:24,2017-11-29,82095d3b7c6a379278d9d6a851248581,2017-11-01
f2c0317eedcc292f3a4f356cf92d506d,edd6907574d4a158ecd03f912804d444,delivered,2017-08-19 16:13:20,2017-08-22 03:45:50,2017-08-23 13:53:25,2017-08-28 18:14:24,2017-09-12,fef884aef1d69118d9092a0737aa497a,2017-08-19
b51dbc584d8ff7bbe0141e28cd79eca6,f4891489f2c2b3f48b045142a066f3e2,delivered,2018-06-02 16:15:25,2018-06-02 16:30:28,2018-06-06 15:04:00,2018-06-11 21:27:30,2018-07-13,aca7974d20037026ee9e65a3f7a0389d,2018-06-02
1c8b263f87762441df110e591a206a08,91d93e467ff37dc75fc4d686ec154564,delivered,2018-05-02 17:51:45,2018-05-03 04:33:09,2018-05-04 13:19:00,2018-05-15 23:38:32,2018-05-29,d209b4f4b50c58155c3fe21eeeb8c067,2018-05-02
597c2563d00470ca79904967e0cd6595,cb03cd9878a7746a45adcbf027f2098a,delivered,2018-08-22 19:14:34,2018-08-22 19:25:18,2018-08-23 12:33:00,2018-08-24 14:13:43,2018-08-29,c34694138f70e4a8ce236efd0bf258df,2018-08-22
724cdea7dfe5a52ad3c931f0c0f6f1bc,f6a8b9bb1d8bac01fb6b967c3ab340c9,delivered,2018-05-18 15:48:45,2018-05-19 02:58:47,2018-05-21 14:40:00,2018-05-23 19:33:17,2018-06-07,55840dd9a1ca54d819ce02d06bacde82,2018-05-18
8fbf517bc59cdd9b55f8237c4ee16cd5,bd5852c13e8543119a12965cbd4e47d5,delivered,2018-06-17 19:03:40,2018-06-17 19:15:15,2018-06-18 15:05:00,2018-06-26 20:21:26,2018-07-11,0568a1feeb10e06e647a24c49462b13f,2018-06-17
9e5fb230df649a8014388ee2cba9d347,610886edefcf1ab6711acc4e94f45637,delivered,2017-08-03 18:50:00,2017-08-04 02:25:35,2017-08-04 16:19:32,2017-08-10 21:17:35,2017-08-28,ee1aeaff4b31c4005fa61944d11ba51d,2017-08-03
d24633e7c227ea7a234d568eefb493a9,0831a589bfb84d7db1725b029edd19af,delivered,2017-09-23 23:59:42,2017-09-24 00:24:40,2017-09-27 19:27:31,2017-10-04 22:14:47,2017-10-19,350bc664ce5aec909a6734a8d095c680,2017-09-23
e8aed7e2732f05f26379ccfdd493be62,d1979341a7c0fd4450d615a231819e6f,delivered,2018-03-08 11:43:03,2018-03-10 03:35:38,2018-03-20 00:17:19,2018-03-29 20:13:53,2018-04-02,11b66726cb5a8a004b2be99bae233b94,2018-03-08
82f24cd9edb3455aa561fb4553ab5d1e,a6197099b792b7e384d9b1a760b575a6,delivered,2018-05-12 15:22:12,2018-05-12 15:42:29,2018-05-15 15:19:00,2018-05-17 15:12:28,2018-05-24,f2c2d7a4c309b9fd3374782dc6a4b0aa,2018-05-12
850f385057143a59fdc6840f5fb58c63,fceaae36ccd575ed9807e3b17cb4e95d,delivered,2017-11-24 16:07:06,2017-11-25 05:38:23,2017-11-30 18:17:14,2017-12-08 23:45:42,2017-12-19,d3dc00744afc8a1e1c22f3d2fb418c23,2017-11-24
ee514292cc5c49e7bb2856b564c4188f,5844ae86baf505b082338964c8879d80,delivered,2017-12-20 11:07:49,2017-12-21 02:11:22,2017-12-21 20:50:06,2018-01-03 21:56:02,2018-01-22,e61991d309c25313ecd4736baca5d0d0,2017-12-20
429c8e72bb984330b65c6050435242d1,f7991f9eb5f023c7c314de4987596618,delivered,2018-04-05 18:28:35,2018-04-05 18:49:30,2018-04-06 23:04:16,2018-04-18 21:27:48,2018-05-07,7bc513ad49cc1628da5766080afdb80e,2018-04-05
934b100257c7c0efcf161c10c6353375,ab6548be346a683e92de267f21494083,delivered,2017-02-14 22:26:09,2017-02-14 22:43:22,2017-02-15 09:25:47,2017-02-20 07:03:00,2017-03-13,5fccd8b2de0175666889cd298d65ae8c,2017-02-14
ec706e6ca42af828f8d9d2495e6c39c3,658037bc7cda7648d937d19265234193,delivered,2017-11-17 19:42:16,2017-11-17 20:31:03,2017-11-22 19:21:51,2017-11-29 23:54:32,2017-12-11,8d615af0c7db30ffbf24bda9b5e08838,2017-11-17
c48353f98f3f116ad6700f2b9539d685,7e5fade430af7a65ea25a95202d97b86,delivered,2018-06-19 12:18:11,2018-06-19 12:37:40,2018-06-21 13:48:00,2018-06-28 20:28:28,2018-07-25,5da0057842bfbcb343dd32d23f6f68b6,2018-06-19
110ac0768c3e3a78e2937b1cb1ea3395,770d7945efb2aa13cbcf28eb7a353def,delivered,2017-06-09 08:49:04,2017-06-09 09:05:16,2017-06-09 10:29:26,2017-06-14 14:46:53,2017-07-04,b451327530ee1dc95a3c03f34d97acf2,2017-06-09
e800de8b707b17c4fbe19fd465346dea,b65fc28ad254f61c3fec97d5a3c021de,delivered,2017-09-21 13:30:51,2017-09-21 13:44:11,2017-09-26 15:49:39,2017-10-06 20:09:32,2017-10-19,2fb75fe29dedacf443f6246ddf8172c3,2017-09-21
77d4ac706d235e72b62b7431fb2d9ee3,9c31813dad0c6a85c3fc5ae81aadc0fe,delivered,2017-06-25 16:32:29,2017-06-27 04:23:13,2017-06-27 14:03:20,2017-06-28 14:02:45,2017-07-13,b524e6b14cab87538060a16ceb4defc4,2017-06-25
585bfc58c577f0e1deb3d9b49fc7535e,4674699db4b6cde2515658ac74224f8a,delivered,2018-07-05 08:39:09,2018-07-06 05:10:52,2018-07-06 09:31:00,2018-07-12 11:51:36,2018-07-27,494645f7d9b6b1eb075615548ba4139a,2018-07-05
4dbf86293d77684dcfb5161dbba4f188,f334ce82209ad528c27324fbd3b5dbe2,delivered,2018-03-07 18:19:56,2018-03-07 18:30:48,2018-03-08 19:22:40,2018-03-09 20:08:36,2018-03-19,90505d8f1adc55a9fbab673291226249,2018-03-07
a459432bc27a00685ec5bec4367f56f4,6e6795552714215c0204565bb50fc7d2,delivered,2017-06-20 16:45:03,2017-06-22 02:42:59,2017-06-22 18:27:40,2017-06-26 13:03:55,2017-07-14,1147df62d0f6bed624510249d953b837,2017-06-20
f483c3a05f63d1b1c82df2e3a91e5d86,14473818b93e71b730b41049b8ab405a,delivered,2018-06-10 01:24:42,2018-06-10 10:58:14,2018-06-13 12:50:00,2018-06-27 14:51:57,2018-07-11,5267121ed09fd7fbc27ca6dfb1c0415a,2018-06-10
6a0b5fb923f32eb89950ee634a00bcab,4bdfe94fb04b8754cc3a5f283e26db9d,delivered,2017-04-30 13:49:04,2017-04-30 14:02:24,2017-05-04 07:56:26,2017-05-16 17:24:46,2017-06-16,c9778908c71bbb3477524a99e4bee889,2017-04-30
02358a9949662b292e80635305dea78b,e69e27216b375e2c7e1be6298b051bf2,delivered,2017-05-15 16:59:19,2017-05-17 04:05:19,2017-05-17 09:52:11,2017-05-23 14:18:00,2017-06-19,4702ba5faa8283e0f6b6a545cdaf8a9f,2017-05-15
9f632adcd34b1ead76a916ea1a887c9c,fae23e689afbb8d92d69b409b4d2df7b,delivered,2018-07-10 11:29:48,2018-07-10 11:45:32,2018-07-11 11:34:00,2018-07-16 14:37:39,2018-07-24,ca0d30b2dcc99f36d5a67b78fe05be30,2018-07-10
164c38e37faa19dde7906b9f357aca41,ba15d2abe9d748ca9cae18cd1cced72c,delivered,2017-04-29 14:26:02,2017-04-29 14:35:17,2017-05-02 09:34:37,2017-05-08 15:03:56,2017-05-29,b69d80e77b9f6172a5fe86c1979dbc6e,2017-04-29
2e6970c36c93d1de80a4b1ab87ac9554,c9560966250c77e7117b49e92b647ebf,delivered,2017-06-04 18:49:40,2017-06-04 19:02:24,2017-06-09 20:22:52,2017-06-22 13:02:55,2017-06-28,f0385ccb64794e5e7cf2d6babc72a2ac,2017-06-04
9934f2be60d7992700e66e947ebb8d07,cffc1605fbd8f27a7b74170511a65263,delivered,2018-02-04 21:40:55,2018-02-04 21:55:28,2018-02-05 19:26:41,2018-02-23 00:45:23,2018-03-06,590fd9db964b0038f6e400ec17dd3930,2018-02-04
ab69614515dc55d284aff7e3ab4a1c97,72753285b680041dea010790612a9751,delivered,2018-04-11 17:57:53,2018-04-11 18:11:00,2018-04-12 20:15:22,2018-04-20 02:08:25,2018-05-15,29e662675e0a4cf2e0e708f715095bd1,2018-04-11
44da5f6639e6db4190b643017e264022,a41a44bd65ce55bd82c4c75188916733,delivered,2018-06-19 10:52:28,2018-06-19 11:18:45,2018-06-19 10:53:00,2018-06-26 19:21:37,2018-07-18,a2643467d478699be6b4aa38f004e1d1,2018-06-19
8db4732513ea9f79910c0de430ec946d,60eb5592a7ccf23d366c5897278f5d6f,delivered,2018-02-26 18:36:40,2018-02-26 18:50:52,2018-02-28 16:24:52,2018-04-11 16:05:45,2018-03-23,91db2e9633e507c47274a5767ef6fb2f,2018-02-26
e1ecfe26de4293cc0e26bac6c0359f09,4ef218a12818dd5526da5dd679987396,delivered,2017-09-22 19:38:21,2017-09-22 19:50:20,2017-09-28 20:13:03,2017-10-11 18:21:46,2017-10-18,b1e637c49aff6f022b45dffc13ca5769,2017-09-22
ae917963181c56c14f8d0e873b1588ac,c09f8cdfa1c0e9d5ce962948b1a4f3be,delivered,2017-01-17 16:47:13,2017-01-18 02:10:29,2017-01-18 09:07:53,2017-01-27 14:54:59,2017-03-09,0651d1d452e23d14caf7c7cf51f46071,2017-01-17
999f2c3acec30e9b25d21ef56a233e45,544dd9e02b01648bfd3152513f08fbb5,delivered,2017-06-15 22:28:02,2017-06-15 22:42:42,2017-06-20 11:14:50,2017-06-30 14:48:44,2017-07-10,1ba19096c145ff59661bd287c7187947,2017-06-15
ee0bc21fad473e058d1c514663bf0a74,39bb94af240cb108d95e5d33836c21bd,delivered,2017-05-02 20:31:41,2017-05-03 15:15:17,2017-05-05 09:26:05,2017-05-12 11:49:39,2017-05-25,d5e9479e0d4462c1542dae4350837e08,2017-05-02
fb7b22bb2a29860909a25f91510e4292,c0ba81c65bd30a9c04cd3650c0dbed36,delivered,2018-08-22 15:50:50,2018-08-23 02:45:19,2018-08-24 19:02:00,2018-08-27 17:11:39,2018-08-30,72ff384d757b9a86b989214e8801b21f,2018-08-22
f65681ae52bf95372fcd66c697752f3d,eb47fece1267f094ec35bc6efb35b9a6,delivered,2018-06-15 00:41:04,2018-06-18 10:33:32,2018-06-25 12:56:00,2018-06-26 21:18:51,2018-07-04,e81fded4dcd87376e7d8ff1bc8e01cf8,2018-06-15
7513aa221a63febb0ca189d24474e893,c7b7916c136129f52f612c5ea89c4526,delivered,2018-06-22 08:24:38,2018-06-23 01:40:01,2018-06-25 15:27:00,2018-07-02 15:22:59,2018-07-25,3945fec78e20624b0ca8a69b3f64f436,2018-06-22
eef6b4895c4293f0b17e5fff1bac3c2d,c1254dd182176b5a248a2ef49537d3d3,delivered,2018-04-12 09:47:47,2018-04-13 12:34:06,2018-04-16 14:52:36,2018-04-25 14:56:35,2018-05-15,5b196e7bd861e25a459aa12437e6dc55,2018-04-12
ea95fbd737e51563fea85200471ce4d6,69ceea521dde4ffa999e3dee362d658a,delivered,2017-09-18 21:56:27,2017-09-19 03:55:31,2017-09-20 16:03:00,2017-09-25 17:23:54,2017-10-09,d45fc5518f40dfc2fa8b485b417e4429,2017-09-18
531752ff49fa411d865ecde8cce5c7ee,6bafcf687afcf7e1c6417df859337ab2,delivered,2017-12-29 20:19:35,2017-12-29 20:29:22,2018-01-03 20:43:50,2018-01-08 21:54:10,2018-01-18,d5f6ef71751bc7e4e84b325572eb6415,2017-12-29
abe6c06151a1d6382d63f49beb812f40,78ed91ece755bad86236f7121af3f6c5,delivered,2017-11-27 13:29:31,2017-11-28 03:20:15,2017-11-28 21:03:19,2017-12-06 00:58:58,2017-12-29,aadac29aa0038b157c996d1cebd8cc82,2017-11-27
0fcc817e41a60bbb439c5ce638f62f31,4915fcdf1fb75815bfaec49283fa4ec0,delivered,2017-09-29 15:43:08,2017-09-30 16:21:12,2017-10-03 13:22:47,2017-10-16 19:35:57,2017-10-31,ef4c885e8c3d5ff5b48789cba80de5f6,2017-09-29
88103bcbd13a5c9370870d086a609e1c,b70f7403a4a948591a710e973feaad27,delivered,2017-08-23 16:42:46,2017-08-25 03:05:35,2017-08-25 19:57:27,2017-08-28 21:48:44,2017-09-05,8ce274e239d7afaadabefd913f5d6418,2017-08-23
bd7a1572f0c329c9fa884396b3ac374b,ac9c40f688756c1d28e5a60845487208,delivered,2018-01-01 15:27:17,2018-01-01 15:38:28,2018-01-02 22:27:48,2018-01-19 00:04:32,2018-01-29,007d9f716ead2bc8712255271a38f609,2018-01-01
dcab23fe1f0afbe711b3092b6552f03b,1737ded16c1fb6e7d2929ec527fa129d,delivered,2017-08-31 19:57:26,2017-08-31 20:05:39,2017-09-01 20:57:55,2017-09-13 18:38:53,2017-09-25,63334487302ce6d0cc4b22c05065a651,2017-08-31
589673b4d98b5c40931ac6a6ff6f3416,96730a0e560b264051f2647442c048bf,delivered,2018-06-13 16:07:23,2018-06-13 16:38:56,2018-06-14 13:30:00,2018-06-25 13:12:47,2018-07-18,7357e4a553dd70c3a3eb1316fcade52c,2018-06-13
8fae71b6f454805690863b38407497c1,81a4fec9d1b3fc489c2357e7f24cc528,delivered,2018-04-09 11:43:16,2018-04-11 05:50:15,2018-04-25 14:05:00,2018-04-26 18:04:26,2018-05-02,70748955e152a47ef2e75452a79e4660,2018-04-09
13ef6b72bc3af6724e7d53bd84019b24,ea361251491228e4d24754e2d33b30e7,delivered,2018-06-15 10:58:15,2018-06-15 11:22:37,2018-06-18 10:57:00,2018-06-25 23:41:54,2018-07-13,1aa97204cf5a53999fc0052067895ef7,2018-06-15
a5376eacc65c47eeceb1e796b6c2600d,8d93c5dc4b7da51748b61df561bf1a67,delivered,2018-01-21 15:15:07,2018-01-22 13:52:40,2018-01-23 23:26:35,2018-01-25 19:13:27,2018-02-06,9816b894433c67b2c508efa8ecac2136,2018-01-21
ed130bb10da75cd0720fccd02487fed4,b0beebf7e9ddfadcc371f4b51f60d848,delivered,2017-04-18 16:12:20,2017-04-18 16:22:06,2017-04-20 15:47:40,2017-04-28 09:44:55,2017-05-11,c0140285255813aa0830caed71942ed5,2017-04-18
4316640980023505d9d103d3040a85a5,0702faf732d0bf1539d8808806133ab0,delivered,2018-01-07 08:31:39,2018-01-07 09:31:24,2018-01-10 18:37:18,2018-01-11 20:10:11,2018-01-24,48ee1f8dede3cc1ace87b5e3aa3fd20d,2018-01-07
6ea5512a5c86fbad911fe650286caa81,601e6917d565f2eefc44448851e9a6da,delivered,2018-02-25 14:47:46,2018-02-27 04:31:19,2018-02-28 20:08:54,2018-03-24 17:48:24,2018-03-19,c63299f6309946b11b819135ddc97501,2018-02-25
ab8f85575996e2f61235b8943be55eb9,4ccacb86ae95c3d9da2f5ff35bafa155,delivered,2018-07-13 21:39:22,2018-07-13 21:55:16,2018-07-16 14:25:00,2018-07-23 17:46:04,2018-08-01,1c08b06f4ab93921cad72057eb69403f,2018-07-13
9e2d7c69ae2f140294bc580b09100d87,9f813f104df6eb4e42db39a0e6f4aa92,delivered,2018-04-25 14:47:57,2018-04-25 15:12:04,2018-05-02 14:27:00,2018-05-09 17:27:06,2018-05-18,37adf8e8b637c6ab66beafbd470451a4,2018-04-25
9d32c5c773eba34ff2453be229a53ca9,906fe65de139f2901f158fa1b79263de,delivered,2018-02-28 15:57:50,2018-03-02 02:29:52,2018-03-12 17:46:48,2018-04-25 19:05:01,2018-03-22,d26c616e241736e0c1c1ab14150239e7,2018-02-28
dca63a291edb901f4f560bb6208e918d,5495ba682f40bc95e925273f8db0c169,delivered,2017-11-14 14:40:47,2017-11-14 14:55:45,2017-11-20 21:52:56,2017-12-04 21:37:32,2017-12-08,ce5d5c57caf43762f3054808fc5f3c60,2017-11-14
79efd318aeda850bdd05b3ae35392653,87aa30e83f7c52f5863d1437d17e27f3,delivered,2018-04-19 19:53:47,2018-04-19 20:10:55,2018-04-20 17:19:11,2018-04-23 22:47:46,2018-05-04,c37cd7abcdc247d7b35a95a1deededf7,2018-04-19
67d1681c8bb9f9eb28f2a9beb44b8636,e318ac5013fe7085087153196649820d,delivered,2017-09-18 21:23:58,2017-09-19 21:30:13,2017-09-20 16:06:02,2017-10-05 16:34:17,2017-10-06,bcc233fdfb5c11ed2dde1aaec91fd605,2017-09-18
0fdb712fc648aa524966c0a442999bf7,4e0c05acaaaff233a4a551dc27c673be,delivered,2017-09-11 21:49:04,2017-09-11 22:10:28,2017-09-13 14:05:12,2017-09-16 12:27:54,2017-09-27,5d33353c41e682d6ec9326aaf4fdbf01,2017-09-11
ceb9cfd5bb1caf536006196e9469e396,0ec772ec9c9b8134fbdecec2ff589336,delivered,2018-02-16 16:40:34,2018-02-16 16:50:30,2018-02-19 22:24:57,2018-02-27 17:13:15,2018-03-12,c56796ad30e680795862271384f49a8d,2018-02-16
28f8288537a74aeec728c4d0119a3632,753f04c687e206d194a80881790877e6,delivered,2018-01-04 10:54:39,2018-01-05 10:47:48,2018-01-08 18:58:17,2018-01-16 20:03:56,2018-02-07,bf1c9e2e2f0807e539101c46e215b5c4,2018-01-04
69141ed42ca63dfb205e837853313f13,5319964bd13d9e450e93061daafc6841,delivered,2018-06-15 15:55:16,2018-06-15 16:19:32,2018-06-19 13:40:00,2018-06-28 20:08:37,2018-07-16,e15126a662c4c146ff60d1ecc59a56c6,2018-06-15
dd13617f642718bd4cdc450d197960f9,88cfdf24cd7c7e09f64d5673857f7ca7,delivered,2017-03-17 20:28:33,2017-03-17 20:28:33,2017-03-22 09:48:04,2017-04-17 15:44:48,2017-04-26,03f0417063401e657863647d5a2230c9,2017-03-17
a700a71ce6a78eecc8bd76f967f63f2c,1011d7384455824a569ca7580acf4fa9,delivered,2017-12-03 13:07:59,2017-12-03 13:16:18,2017-12-05 01:06:32,2017-12-19 21:17:02,2017-12-27,efc1203c0e827ac8f4c277c55af77b21,2017-12-03
1d91296bc62c8df68ebaddb299a5a5da,6f9b814ed01d15962e4b2e7687a85d58,delivered,2017-11-06 09:57:24,2017-11-06 10:10:30,2017-11-09 14:13:01,2017-11-21 18:32:26,2017-11-29,e1cc10593186c139b7467649bf686743,2017-11-06
fe437c0788b9f47d5ec164c87988cbae,d3de790e516d9c92c74ddffad4a48fbd,delivered,2018-07-22 10:37:51,2018-07-23 11:30:47,2018-07-23 15:23:00,2018-07-26 18:52:34,2018-08-06,f2ab099d70e9378077502f9520bb2789,2018-07-22
dded122457c91045beb553240544c05b,f937f2a1f113cb765b295e551d35e26c,delivered,2017-02-27 18:51:34,2017-02-27 19:05:07,2017-03-02 16:08:35,2017-03-10 08:46:15,2017-03-24,76e2443e68f30fa2a5d131dbf2fb02cb,2017-02-27
0309a18e1e836baa9cd7289da085b4e1,899c69dce4b87e4000245330abc6ea13,delivered,2018-05-03 20:13:48,2018-05-03 20:31:06,2018-05-09 13:43:00,2018-05-11 19:45:35,2018-05-18,7d85325487bed44ddee4e098071a923e,2018-05-03
142b0e3de54c110a3109b26c79d6ec2e,91c72356a1fc125b59e0da51ec66bd74,delivered,2017-07-02 20:47:23,2017-07-02 21:03:54,2017-07-05 09:51:43,2017-07-11 17:44:52,2017-08-01,ba77e9b6506636dcbd03e463d4786f24,2017-07-02
dad3424b01751c6e21da6a7351174ca0,6c4961fd4b4f7102b656ae5d8f2ee517,delivered,2018-01-22 21:18:23,2018-01-22 21:34:58,2018-01-23 17:18:47,2018-02-01 01:45:48,2018-02-26,101e0b7303b708b2499c34ae43e3793b,2018-01-22
d83c0f39f97da394609c05ada10110a8,6aad6937658f89a7a0c4e25d4da4cbbe,delivered,2017-11-26 12:21:42,2017-11-28 03:33:25,2017-11-29 18:55:03,2017-12-05 20:27:03,2017-12-15,c25069412c7054d3e0adce36df8e556b,2017-11-26
b981e23277787bf0b0f6055ee85a22ac,fe1b16c1d48fd1f7318eeb68ee25bf59,delivered,2018-02-26 19:33:50,2018-02-26 20:09:24,2018-02-28 18:13:28,2018-03-06 21:21:58,2018-03-20,179fe68c83cfea484e8d91f2861a5d45,2018-02-26
96eeb147a88eecc583923d44e1e85311,7c35eea9239c528dc292c23b2169ef47,delivered,2018-05-24 10:43:37,2018-05-25 02:54:55,2018-05-28 10:02:00,2018-06-04 20:53:54,2018-06-19,e4033b087b65f4d6793ae71c6fda8b76,2018-05-24
aaae80f5b6239bd9e1b22e9aa542c3e8,c8e14cdb8278f31a2b204cbc401a4fc9,delivered,2017-03-08 09:38:25,2017-03-08 09:50:19,2017-03-09 10:16:05,2017-03-31 11:37:54,2017-04-05,548a593de4bdb5951b3b06c8dbe2e106,2017-03-08
2e2d43380f2a8c56a9378e75b9b474fe,138d90a5718a9d954db5bf73a9bdd11a,delivered,2017-02-19 20:17:14,2017-02-19 20:25:18,2017-02-20 11:05:40,2017-02-22 12:08:49,2017-03-21,c65442cdf05df52c3704ff7bb95d827d,2017-02-19
d1092f5c7d5bd489e3fe4c7d0746c2aa,139e44006d2388e32faf1718a043675e,delivered,2017-09-16 15:28:46,2017-09-16 15:43:30,2017-09-18 23:21:45,2017-10-11 20:57:23,2017-10-09,406a1ba5fdcd424df15806a036414d61,2017-09-16
3fa7ae01a5f654e3cdd31aa461a42de3,d4ade6a3f29c6560e5bf9b229c76f0b4,delivered,2018-02-28 21:21:18,2018-03-02 02:10:11,2018-03-06 19:47:35,2018-03-09 15:41:23,2018-04-05,12a277ab08c6560c0662d7bf05240788,2018-02-28
715d8ed9c706aef12151e802c2bc8962,9cd127558f60961e5d9c8bb247c56853,delivered,2017-05-12 16:01:02,2017-05-12 16:10:18,2017-05-15 09:23:00,2017-06-02 07:36:35,2017-06-12,f6f0f48f007874212c78d0e801c9a96d,2017-05-12
ef095afed99d361bb81103c9d6380397,824a5faddc63a548d02afea376eedc98,delivered,2018-07-22 11:29:16,2018-07-23 11:31:28,2018-07-24 14:27:00,2018-07-27 21:56:42,2018-08-23,aea52c1d62f77c0915d73a054c439b77,2018-07-22
11f97a9967bb081adb9883460c71e845,c0573fb95d387c7d26ee75592bd66991,delivered,2017-09-19 10:20:27,2017-09-19 10:35:27,2017-09-19 19:57:43,2017-10-05 19:40:23,2017-10-17,5868fa4dfdcec3c446fdc8cea6fc9d5b,2017-09-19
1acdd343f32412c986586a4f0c828460,425885462bb30dcb05866866aa6ff81a,delivered,2017-07-07 12:00:24,2017-07-07 12:15:17,2017-07-11 18:20:03,2017-07-18 13:47:56,2017-07-31,a5101a8d43822077372c0f81596b6bf5,2017-07-07
c4314d0c3517d1afc447262855bd2a08,3ad2516ff419427995c53ac22ac46ea0,delivered,2017-02-21 17:37:06,2017-02-21 17:50:13,2017-02-24 11:32:38,2017-03-13 12:21:56,2017-05-04,a369a5a27775a06ca5d4d499a88788a0,2017-02-21
bf5df6110fa6b9de1ed64e327a25396d,e16dbb19dc066509f763fe7850956959,delivered,2017-12-30 20:08:42,2017-12-30 20:40:19,2018-01-04 12:47:57,2018-01-30 19:05:52,2018-02-05,30f768355fc24e7859298d69a17eb269,2017-12-30
8d785027a8353d2f17d76f05b73f86ef,ee90f96e60f6d84ca036056c4f1f638d,delivered,2017-03-05 22:38:18,2017-03-05 22:50:17,2017-03-17 07:33:58,2017-03-21 17:43:41,2017-04-24,fd4f1bb778159835b762d9e0a19de23f,2017-03-05
10fe58b85b6fe7ecb21c99fd55c4720f,963cfddfd867d44a23f2bfab7161a4a5,delivered,2018-02-19 20:40:44,2018-02-19 21:47:14,2018-02-21 12:39:17,2018-03-05 16:35:57,2018-03-15,58c8b0b317452f176db7e275c073ef5e,2018-02-19
74a9eccbfd3a3b0754469cd587ee4920,c31fb63e9a0d4f50bced79f442f204e2,delivered,2018-06-01 16:43:48,2018-06-01 16:55:21,2018-06-04 12:53:00,2018-06-05 17:26:47,2018-06-26,4a1c2fd9f076942cb348b81e6841d3d0,2018-06-01
5c56feac31484b306b0612e027378d71,0e35daab59a593537c336bd0ea683915,delivered,2017-05-22 11:54:24,2017-05-22 13:05:17,2017-05-22 13:18:01,2017-05-23 15:04:04,2017-06-02,926bb51421314135d53c077ae76f3a17,2017-05-22
15abee31fcd5f096e6eb7c555eb3fca3,2732a3f9aa9dab45d4b7a1c35b90bb7d,delivered,2017-05-07 19:37:27,2017-05-09 09:25:41,2017-05-16 11:26:52,2017-05-17 15:38:06,2017-05-19,033583cf146c168c81773231723a1b2a,2017-05-07
92de9d5b7edc1d927072c1cfc562dc5d,1a0d2ff9ba4f35cd5f759d5ea35ecaec,delivered,2017-07-28 13:57:51,2017-07-29 02:23:31,2017-08-03 18:34:34,2017-08-14 17:42:38,2017-08-23,92ed49c89b00a33df67afde16ad3fe02,2017-07-28
0ad87ef89708a3c8f63a0016074b24f4,7da0a45d9578ab07386bcfa01ba8200b,delivered,2017-02-24 09:47:33,2017-02-25 02:25:13,2017-03-08 14:53:17,2017-03-14 14:04:54,2017-03-27,adf5412a5dc7ad4b3b76e30ca08ce400,2017-02-24
57b490831ac4a17a68d544c740bafe52,0d00ae3b37c3a20ceb4315a077f0d2a5,delivered,2018-04-07 13:48:17,2018-04-07 14:08:23,2018-04-09 18:20:38,2018-04-27 18:48:28,2018-05-03,638d5f3481fc907161c69952a1571363,2018-04-07
e1ebf9d9fbf1f356179a8f969dc8c4c5,ec8ccb40a803b77a809f6b32b2af4cec,delivered,2018-05-27 17:14:06,2018-05-27 17:34:42,2018-05-28 12:25:00,2018-06-06 01:32:10,2018-07-18,4bbb5cab7392b615489d21a59ef20ece,2018-05-27
64b7288026efc4a12f4e3351f03f2ac4,8d5fbfc7a221e6103e9ec6df26f51a3f,delivered,2018-04-03 13:53:47,2018-04-03 14:09:59,2018-04-04 20:41:21,2018-04-12 20:36:28,2018-04-25,a112047032175c5d3c6e1e5936f7d2cd,2018-04-03
e0ea34baecdf184089f368a8ba575907,6635cefdb448183a647fa3a813fa1628,delivered,2017-06-16 14:15:16,2017-06-16 14:25:19,2017-06-16 14:46:34,2017-06-19 21:11:38,2017-07-17,62a4c6ad75094eafb1af9d7f81b2fcb4,2017-06-16
bc314ea94634ec397df2b65d3bcb2c1c,d00ea5d7b369bf08fa11ddfd2db8173f,delivered,2017-10-18 16:10:25,2017-10-18 16:29:31,2017-10-19 19:54:03,2017-10-24 17:54:02,2017-11-07,d9464b6cf868d3a6f44b8d3f13e4fc14,2017-10-18
e4a4e438b4d2f4b43f3831c332beb438,c442790b98d80265e810032f3cad5308,delivered,2018-08-03 10:26:41,2018-08-04 04:10:30,2018-08-06 11:09:00,2018-08-23 03:28:33,2018-08-31,3c7d174ebe16d6f127f8eaa18518e757,2018-08-03
e7ae11a316ccfd7689dae760479ec0da,53c727b22c1c2b8e300711df1a6ea02e,delivered,2018-06-21 10:42:13,2018-06-21 11:01:15,2018-06-22 14:11:00,2018-06-28 20:45:29,2018-07-18,d8c49c085eee4d0d658aa16482e09fcf,2018-06-21
0c1f1a0595fb30e05d526ab83576cd24,e350a18244c16257e0bac342c17e3d1a,delivered,2018-08-28 09:18:03,2018-08-28 09:30:39,2018-08-28 15:43:00,2018-08-30 17:32:25,2018-09-03,839b7048886d2386c4cdaac164e77423,2018-08-28
38ba1e9f8530f9ecdce64d3b724bd81b,c8e2e9dcf35592ed3c5c2dd932cfc779,delivered,2017-12-11 17:21:32,2017-12-12 14:49:54,2017-12-18 20:32:58,2017-12-28 00:33:01,2018-01-10,856ca44a4366327c5131d575d15eacf7,2017-12-11
4f737bc2a795169102fc6d5b5aa31e27,28fa7dc03ec522bf4b643bf5b3f67134,delivered,2018-08-20 14:13:58,2018-08-20 16:30:08,2018-08-21 12:03:00,2018-08-24 18:52:42,2018-08-30,1cec9791df8f2c24491b0d9a50ab7228,2018-08-20
7212b4060f681024f3a8fe5681df5389,d420e75c9fb8c81b1108eb27bcda5aa1,delivered,2018-01-12 00:08:46,2018-01-12 00:30:55,2018-01-13 01:55:32,2018-01-31 16:46:54,2018-02-02,967b81bd5c56f58c823e6e5ecdc9af01,2018-01-12
1c851b2d3587fe02888b58c64fbc1ab0,1e5e274f5f75c09122b857147166f53f,unavailable,2018-01-09 16:25:08,2018-01-09 16:35:27,,,2018-01-23,ba9839f887179b69f59497695179fb84,2018-01-09
b5bed3500f9a785d0f4f8c1a1ef61a58,9a536b164593c8e139c94f455e0a6882,delivered,2018-03-06 07:35:48,2018-03-06 07:48:31,2018-03-09 20:41:56,2018-03-22 14:20:03,2018-03-29,2c4797ad0454a61d7b8c6b692237a366,2018-03-06
0664199560952a51d76e1ccdadbd2cb7,1e248ce64cdbfc9d30332ff380eef1ab,delivered,2017-03-20 17:52:09,2017-03-20 17:52:09,2017-03-23 15:59:55,2017-03-28 11:43:22,2017-04-07,f62d6572c9c25b3796d058d7b833f8b7,2017-03-20
d2d6e244e44e7731cbcbcc4d07921c85,f118d3eac2fbb3f21692540a853980d2,delivered,2017-05-09 11:02:03,2017-05-09 11:15:14,2017-05-15 08:47:58,2017-05-23 11:19:01,2017-06-05,ee7985f809751a8ee637210397d4868a,2017-05-09
7a6c48037234cbc7887f82848bf4d4cf,68121777d7ed2dbfd4456c0d4c037cc3,delivered,2018-08-05 16:59:37,2018-08-07 04:05:12,2018-08-10 08:08:00,2018-08-13 23:12:22,2018-08-09,e2596b02ca173fc272e2ce2c42ac12af,2018-08-05
891ba4502e28c6f12a1413e7b915c15d,9f7d520a76f847b1df92a69ce795f3a5,delivered,2017-07-17 13:42:03,2017-07-17 13:55:19,2017-07-19 20:02:55,2017-07-26 19:47:55,2017-08-08,d1ed58c0589536c0e201dd965b14386d,2017-07-17
6919ebfc042d621a6e860d2b4e26210e,6453a2d9099f39610bc937d33b3aa9cd,delivered,2018-01-21 22:11:53,2018-01-22 14:02:47,2018-01-31 20:33:17,2018-02-19 21:42:27,2018-02-15,06559bafdbb8779e03dc66e4026d8802,2018-01-21
10119d4db66b009219ceafdedfe38741,2ca5d56a792424d5243b18aa464c160a,delivered,2018-07-24 22:00:38,2018-07-25 12:05:30,2018-08-07 08:45:00,2018-08-17 17:12:04,2018-09-04,2bd910a0e7583728f66662e8f42feceb,2018-07-24
72aac576696a046d89aa7ac132ecd3d6,2be25d8d8bfb9d5cc6690cd241c7dab1,delivered,2018-01-30 14:26:43,2018-01-30 14:35:44,2018-01-31 23:59:10,2018-02-01 15:22:55,2018-02-15,e4119cadac78b72b896e02fcbd0d4991,2018-01-30
d447462f58938dfc50467353f88655cb,79f89bb6e2b2dd5e459520e2622eb135,delivered,2017-04-30 18:02:27,2017-05-03 14:25:41,2017-05-04 16:09:35,2017-05-17 14:57:41,2017-06-06,b68052fd1baff3a078738bae9a62589f,2017-04-30
5dcdb1a794cbbd564580b611e6f5f616,5b3637b010dfe6d8ceb70441ca03ad13,delivered,2017-06-01 21:55:54,2017-06-01 22:05:23,2017-06-02 09:19:02,2017-06-08 11:32:48,2017-06-28,36c2d946dba173b5ed59fd930e326da3,2017-06-01
bf21a9300d72af06297ea8782884a99a,c88655b337ba4f844260061949303a4c,delivered,2018-06-16 00:39:19,2018-06-17 00:35:37,2018-06-19 14:07:00,2018-06-25 23:14:48,2018-07-11,d41f37ab92ba0000abca9418e1974179,2018-06-16
55a0842ea8508da4c9ef096cbac8bfef,d2898df8d7ab23976854d61a684ef6bd,delivered,2018-07-31 19:31:09,2018-07-31 20:23:52,2018-08-01 16:30:00,2018-08-06 23:28:54,2018-08-14,d3d63c9f8b2eef8ff6bb504adf833fa2,2018-07-31
c235e3fbe42d171c9177e6664107170d,7bb4c430369ff8912aa785b2c4bfb20f,delivered,2017-07-02 19:13:26,2017-07-02 19:25:13,2017-07-07 12:59:46,2017-07-10 15:26:40,2017-07-17,4eda428a9ac244556096982b960224a2,2017-07-02
50aa3e58985353eac3370fc8bba877ad,41029da7b6da5d01717c78a149e30b93,delivered,2018-06-03 16:54:32,2018-06-03 17:10:51,2018-06-11 14:58:00,2018-06-18 14:54:49,2018-07-05,7739224fb6d3ff54a0e61ae0bf5e32e5,2018-06-03
d5157e3d901001c846b12765379f95a8,c50d965e793d79c247fdaf0fb7b93faa,delivered,2018-02-14 13:25:14,2018-02-14 13:35:25,2018-02-20 17:49:04,2018-03-15 21:51:52,2018-03-07,bf6609b2b07c4a40703229929ea1b61a,2018-02-14
f78c8c3b43d996a8ff2d7be6a2eb5e8a,2c2e3a0b219594cbfaa91ce4d83fed81,delivered,2017-06-02 22:01:45,2017-06-06 13:35:24,2017-06-07 10:31:29,2017-06-19 14:45:40,2017-06-28,b7342d16be4f3320ab6f6a64924afe9c,2017-06-02
ece5a3af75e2c8f290990d36bdf05ef9,e88cf8d704bde0df5f5d9b0261149ceb,delivered,2017-08-22 13:24:15,2017-08-22 13:36:50,2017-08-24 21:57:46,2017-08-26 15:38:31,2017-09-14,bae1058addece1a21442820fc9eea11a,2017-08-22
64d530ee7914438bb094a16e225c7cad,44f0975dbd512eaa8cabc7cd12b8e99f,delivered,2017-12-01 07:45:42,2017-12-01 11:31:23,2017-12-06 01:33:53,2017-12-22 00:38:58,2017-12-29,0a1900255aeff59cad6626afe47f1997,2017-12-01
52fe284b8a7ca9585835524dbd80515b,9595c23999d8f7f082a1fc80e59b72f0,delivered,2017-03-09 19:10:31,2017-03-09 19:10:31,2017-03-10 11:08:12,2017-03-23 16:30:18,2017-04-03,0a0dafd6c8aa41c5a50873dcc91a0c62,2017-03-09
5bf1e013121cccb5a168c91859a243e7,df37d6128feaa1009ac151929c362190,delivered,2018-05-31 20:16:37,2018-05-31 20:33:09,2018-06-01 14:07:00,2018-06-05 18:27:49,2018-06-28,d2a4d52c6e5ea6b12deca1dd8c1f59e0,2018-05-31
61e5cd1c042eccdc6df63d57e99b1ae4,17c39dc5d1c939fb916eae4ef3f22b61,delivered,2017-09-20 17:19:21,2017-09-22 04:15:28,2017-09-22 17:11:26,2017-09-26 19:33:28,2017-10-11,2aa6ba203104ac82b3bcb72bc14b46b0,2017-09-20
5b72a0a59eaf0de6502b2959810e3dd5,8787ba68a8789a9f9e2491e011573d10,delivered,2018-08-13 18:09:28,2018-08-13 18:24:15,2018-08-14 13:44:00,2018-08-20 16:03:55,2018-08-24,80afb728b839222d372e52f2ad23f731,2018-08-13
80f98860daea33485ed7375601bf94d6,e373476486d71774cb8ed05f84cb7c21,delivered,2018-01-30 09:00:20,2018-01-30 09:10:28,2018-01-31 14:32:21,2018-02-16 22:08:08,2018-03-06,b5a8de3a2f568f6d8b49e87a1272205f,2018-01-30
5d370cc80c063c339724dc1e68bb0732,a51b7721fdf5cba3b83e56b92b7f85cd,delivered,2017-09-13 20:01:06,2017-09-13 20:10:29,2017-09-14 18:46:41,2017-09-27 18:27:55,2017-10-13,aa8e52652dcc6bc33a2b427717809138,2017-09-13
67418605ab8f9414a2e238bbcdde1312,bbd6d73964cf368d685856fc8cb04534,delivered,2016-10-08 14:48:08,2016-10-08 18:34:07,2016-10-12 18:34:07,2016-10-15 18:34:07,2016-11-30,81f76d52e6e182a6b3358d20a50d888d,2016-10-08
006cba07f62f921fe4f58365bde2b2eb,c4e00400b6f79caa802740faa2829161,delivered,2017-08-14 20:28:45,2017-08-14 21:05:07,2017-08-15 23:54:24,2017-08-18 19:57:57,2017-09-11,daec6ee742b2b2ce14fcb41bd844045a,2017-08-14
57b3d29236e7283e25589300e1aa7337,efe84b3fbfbdada55c314a617f1c9fd8,delivered,2017-12-16 11:15:58,2017-12-19 08:52:27,2017-12-19 17:55:30,2017-12-20 15:18:40,2018-01-05,16adb47e8e9c8360e6077ec84f79ecc5,2017-12-16
c33af7b181d4da454737cbdb08450735,f1b50ffada8a14977978bac3330283e0,delivered,2018-05-04 16:29:05,2018-05-04 16:54:05,2018-05-08 08:59:00,2018-05-18 17:42:07,2018-05-29,e70d6fb605e05caf3589a6f853ab6c4a,2018-05-04
2914fce44eea46f09d61ba460bef0afe,399f1d244d4cd03e3687a5fc94c28604,delivered,2018-05-14 11:42:37,2018-05-14 11:58:44,2018-05-15 16:03:00,2018-05-17 23:44:47,2018-05-28,c3a37a96e35ca3d5432c2032fea8748c,2018-05-14
dbb728f551a0cd006a52d16c47834040,f78aeb91a981b197e077743d8711f1ea,delivered,2018-02-25 19:26:38,2018-02-25 19:35:28,2018-02-27 02:27:03,2018-03-09 18:28:32,2018-03-22,dad8e6ee3b60a473f7bdb3af19b78899,2018-02-25
579c04f647cacb17047677baa1282eaf,54dfe35409074a33891f8731644518a7,delivered,2018-03-14 15:56:45,2018-03-14 16:10:28,2018-03-15 00:47:33,2018-04-03 21:22:19,2018-04-06,cf6537b8c233d17a93a1b6f7a9a94aa3,2018-03-14
446e02d86df55998dcede938bc79e2cc,5a12a1ecadb4e8f242c539926905d4a9,delivered,2017-05-02 20:32:57,2017-05-03 14:15:18,2017-05-04 13:55:24,2017-05-15 08:33:43,2017-06-01,ab3ebcd3c8dac9e9c83715eb8af0f64a,2017-05-02
32c75dfb830b25a968cfd39e54d315a3,08c93b091ea536bc40e8e9436c24f7cd,unavailable,2017-11-07 15:40:54,2017-11-07 15:50:30,,,2017-12-07,d29d20c2b98be8a4cdfb197a5e0a391d,2017-11-07
dd6e5859df4016efe3a4c9979af4ee90,0d9feda3f375cdf2c05353795e024a5e,delivered,2018-07-30 17:58:01,2018-08-01 02:44:20,2018-08-01 16:00:00,2018-08-06 17:12:57,2018-08-16,5ba6756bffba1fe9727a104af43cf3e9,2018-07-30
6fb5acfdfed5a1951fa898d45b5b0f1a,9c9383c705961b79ab63c2626c0ee484,delivered,2018-02-27 16:23:56,2018-02-27 17:00:36,2018-03-02 22:09:07,2018-03-21 20:17:33,2018-03-20,8a7432d16aec9c2e4e40cdcbca613710,2018-02-27
b1e7ea6ef4104c3bcd94c0b9260717b2,54de4cb60651cd1a662722a1d14702b6,delivered,2018-07-10 14:29:23,2018-07-10 14:46:14,2018-07-11 14:21:00,2018-07-12 13:03:19,2018-07-18,80b2bcd23e7eea7b730b197a325eeb82,2018-07-10
9697d444ca3929fa6e055592b45a8033,077b2a02936841f3f6d5af88d668004c,delivered,2018-04-07 15:34:33,2018-04-07 15:48:35,2018-04-09 19:24:45,2018-05-02 19:12:35,2018-05-09,5c916abe6d4526b2e978a603912e4c34,2018-04-07
0f18445c75633a4beb91e985a0907b8c,f30cf2e68c0cf050e5879a95fa7f59d2,delivered,2018-07-26 18:24:47,2018-07-26 19:30:50,2018-08-08 15:10:00,2018-08-13 11:20:40,2018-08-13,a850c0bdac478453032aa91cbcc8ad35,2018-07-26
a83c5c172d25f80a91e4506352d2c412,9272c9373449fa586ea14f425b5497a7,delivered,2017-08-01 15:05:29,2017-08-02 15:15:14,2017-08-07 19:16:59,2017-08-11 16:10:31,2017-08-23,b19d292b262c20848e34f53cfb6e5de9,2017-08-01
ea272a0dfeb78b446aa525554dc50a70,3a7f116d2b26018672a238676ddaedfd,delivered,2017-05-06 10:56:15,2017-05-06 11:10:10,2017-05-15 15:56:54,2017-05-17 15:37:44,2017-05-31,3381de3c473250378b1d47934b2fc94e,2017-05-06
16af3bfaa6a2871b0c80b75da409f501,663c18a3be70329d3a7bc7a72aa88522,delivered,2018-05-01 11:10:47,2018-05-03 03:53:03,2018-05-03 15:53:00,2018-05-08 10:07:47,2018-05-24,efded363ea7f0918effac7c73231e03b,2018-05-01
ed0094f95927e35ebb97a275ed02d046,643c9a48cf1fbc625746c3533e4d7c4a,delivered,2017-09-18 23:33:56,2017-09-20 00:46:45,2017-09-21 20:00:22,2017-09-28 17:05:04,2017-10-04,e2308203e48b22740287786fd75a8b11,2017-09-18
bf3358fdaf47c7a9abf288008dc1ec59,86d6ae251437e34a8745e53332993665,delivered,2018-02-02 12:19:42,2018-02-02 12:31:54,2018-02-06 00:45:54,2018-02-07 20:33:46,2018-02-20,ed7ca272c833eeec1a3fbf86a84bb5ec,2018-02-02
046022868cf3fa04a308811fd6b0b282,9d1125c3aea5c247d9fe6bb35176bdd2,delivered,2018-06-22 20:02:38,2018-06-23 04:18:38,2018-06-23 09:08:00,2018-06-26 20:37:22,2018-07-16,56060d8ee85fd0c751e6a8119d8f9281,2018-06-22
45a4a071e0749a0e0f07a6d4bb653988,c2fe1153cf8172bb3bc5558ec3866cd1,delivered,2018-02-14 14:10:07,2018-02-14 14:27:41,2018-02-15 19:32:05,2018-02-26 23:41:58,2018-03-08,2692edf1e67702ef0c6ba16b0015a787,2018-02-14
a8b9282d0c831ea24e2884c9620c38c9,cc77edfcc062dfe56fbd88294db0a425,delivered,2017-11-08 20:58:57,2017-11-09 05:31:35,2017-11-09 23:03:13,2017-11-11 18:02:56,2017-11-30,762d95e6254ec7735e906476e047f333,2017-11-08
04a0704d5a3f27305100a48682d41bb6,6fe4f4c2c6976ee660a72d5f5202e417,delivered,2018-08-13 20:21:21,2018-08-13 20:30:20,2018-08-14 10:53:00,2018-08-20 22:28:15,2018-09-17,a61dea271acb6e99a18b90309f894706,2018-08-13
f5f29bce586850f2fb4f268aba6ed81d,1c5499ade6e45b15ecab428e2390e38a,delivered,2017-11-03 21:09:53,2017-11-03 21:31:22,2017-11-06 21:43:02,2017-11-13 22:51:56,2017-11-24,d5419994a02a55d4b7cd00e77fabdbae,2017-11-03
c6f821236b635a442caa06bbe3c7e109,873f1c4f230b516604d5fca8bb68817b,delivered,2017-10-16 18:08:18,2017-10-18 03:16:05,2017-10-23 17:22:16,2017-10-24 20:09:53,2017-10-26,6f22857001b77949eb8110295fced3ff,2017-10-16
11e50ba89335c383582f7eee76d4c55a,56df34401bf8ec42c9d8eeb28e4af0e0,delivered,2017-11-29 11:02:03,2017-11-29 11:14:25,2017-11-30 17:27:12,2017-12-13 19:16:30,2017-12-22,7d4d746cffd41458907db9b56344357a,2017-11-29
ebf69daeb3fceb21afa198a31d7e77d0,91f973575342b45e9db3c64bebb4a338,delivered,2018-05-21 10:24:46,2018-05-21 15:32:03,2018-05-22 06:11:00,2018-05-26 16:56:19,2018-06-06,2b1198e69c118dfb09cf6ec52614b9ef,2018-05-21
08448f27d81d804598569621e1fb1d8e,becb241e293e90d1a6c5906ac30ca79f,delivered,2017-11-30 09:48:57,2017-12-02 02:52:09,2017-12-04 21:38:56,2017-12-06 18:29:11,2017-12-19,d46c90e3abc3f45f678af0b8bc0d75c3,2017-11-30
4b1609677539e847e9d15f655ca4fcd0,88507b4af721b641e3cfbd7b2d65e0e1,delivered,2018-06-02 21:50:52,2018-06-02 22:11:36,2018-06-05 10:15:00,2018-06-17 14:32:52,2018-07-12,0ec29eadd3a732aa217a3310772bc2dd,2018-06-02
61dc7d82d2eb6ecf4f0ac2a3cd693cfb,eda669d85ef713eb385cf57a584a2b68,delivered,2017-11-05 21:54:53,2017-11-05 22:06:49,2017-11-06 19:33:23,2017-11-07 16:15:57,2017-11-17,cb85e26bc7feed69b59cdd1bc1aecb86,2017-11-05
27778e8302a1880621730425fd82fb60,f4114c3a49ac4dfbe34464e0df196f1e,delivered,2018-05-20 12:10:01,2018-05-20 12:30:32,2018-05-22 14:31:00,2018-05-23 22:08:51,2018-06-04,f418aaecfb78ed876345df7daf813ad4,2018-05-20
c5cc268cb03043a12fe9c322246d970c,8df826101613bb32c800c08bd0b16cb2,delivered,2018-01-18 11:34:00,2018-01-20 09:10:53,2018-01-22 23:43:27,2018-02-06 20:37:12,2018-02-15,2208d8e665794e6af2dcc9296a880a33,2018-01-18
0668d086b3ae41adde3aed3dacbc8fae,18e56af97c2f24afcfaf7aa97ad2b969,delivered,2018-07-03 17:39:14,2018-07-05 16:25:40,2018-07-04 10:59:00,2018-07-26 20:18:53,2018-08-01,d9ff7e37d7bf448abb783a6e56462d93,2018-07-03
c24eb1596ada91fe820fe0a5af003511,129f5be9b50b64a218f0fd8a06995a85,delivered,2017-12-04 21:15:21,2017-12-05 08:30:42,2017-12-07 19:32:50,2017-12-11 17:38:13,2017-12-20,b391286e1f982bdedd00bdce06c2d3c8,2017-12-04
cb445995870a57b13fdc0da6c15d5b27,ec20e77b141fc956c615c55eef6ebd80,delivered,2017-04-30 19:27:16,2017-04-30 19:35:19,2017-05-02 07:48:07,2017-05-19 09:07:40,2017-05-25,0c054cb94b6aed794a38611d168e6de8,2017-04-30
075867c84468363ed47de8b38d904253,0c8d2c8d7de4b3bbb87eb8475d964252,delivered,2018-06-06 15:33:06,2018-06-06 15:54:10,2018-06-11 19:38:00,2018-06-18 17:36:48,2018-07-03,c327e8d925f99e98ce94b739d78fe36c,2018-06-06
03481652329171ff571df2c58bae0167,14868f37a05bafdab87b728267196f10,delivered,2018-06-19 14:30:42,2018-06-19 14:57:18,2018-06-20 15:24:00,2018-07-08 16:03:37,2018-07-24,73adcb8cb8eebabe35641d29e7078079,2018-06-19
e9cec3364270c67c922b8891465148db,b371ea5550dc0fecc65d67ae999c7131,delivered,2018-04-21 00:43:22,2018-04-24 19:26:12,2018-04-24 02:52:11,2018-05-03 20:08:36,2018-05-17,51f06a027ba14a52ae70b1608dd1d019,2018-04-21
6f103e04419629871125495a575f26f7,a7fdbcc3ecc256a2b742dadbc3145f22,delivered,2017-08-31 19:30:58,2017-08-31 19:44:55,2017-09-01 20:13:10,2017-09-14 15:02:40,2017-09-22,af00f5cf86e87b9ace1a6903d2059303,2017-08-31
f18f555bdd4c33bcebaa68a9d6c91980,483d9226608f90c18049efd44ecbc7b6,delivered,2018-03-29 16:10:08,2018-03-29 16:35:17,2018-04-02 16:31:20,2018-05-05 15:44:41,2018-04-20,7cf96e1a99fc15b0101ab3ed47048461,2018-03-29
b94dc34e8bfc76a3e9e7cef3e5e93483,715fa746abf627658480252899cbd16c,delivered,2018-04-16 10:21:00,2018-04-17 05:55:36,2018-04-23 19:09:01,2018-04-27 20:47:32,2018-05-03,8a1203467c7f64472ca1ccbb900629b2,2018-04-16
d5c9d16cb39c145a934aac43316eb2a9,fabb645a1aa6ec294fdd9a723e744ee6,delivered,2017-10-30 12:49:20,2017-10-31 03:50:50,2017-11-08 12:33:13,2017-11-17 18:27:01,2017-11-27,d2f4d32a45734d31188beacceeb2d3f6,2017-10-30
addf1e910072af631c49adca7b07fbdd,64e0b9072003aeb0838bcf96609f2504,delivered,2017-02-05 11:05:44,2017-02-06 11:10:26,2017-02-06 12:15:01,2017-02-10 18:05:59,2017-03-17,77479db0fa60ddc453f3743abc02be23,2017-02-05
f92d165e697238dfb823e7ad27b9ba52,432a6ff8a318c04e5844d0f1e37248da,delivered,2017-03-10 08:41:19,2017-03-10 08:41:19,2017-03-15 10:33:49,2017-03-20 08:58:42,2017-03-31,eb5d7d093a080f6b02d4b1ed626db0ff,2017-03-10
60064a8ef6cf5a49ed3b7edbc7fd9eb6,acdd98a7de2d5524730599eef83725c9,delivered,2018-03-04 10:08:00,2018-03-04 10:28:16,2018-03-05 20:23:16,2018-05-03 16:06:04,2018-04-04,9bb13cd220fc3783d69a3d28accf2004,2018-03-04
cf6b059f3e677f41c42d6bfd225cc062,b71e7a738b9be01b2ae7347e8979a889,delivered,2017-05-18 14:19:36,2017-05-18 14:31:13,2017-05-19 09:27:59,2017-05-24 12:14:28,2017-06-07,29d59aefe38516c13125116fda9e4ebd,2017-05-18
57a35d61c0b1fd44dd181d80d03cc0ac,864afb5de2284946f98039d795cd65c6,delivered,2018-04-30 20:47:34,2018-05-01 03:15:23,2018-05-03 14:21:00,2018-05-09 15:22:53,2018-06-01,aa87d81170176d34f2aa2965c4ed431c,2018-04-30
f80418398916bd31aed5238ba6efe9b7,d31ee6d417c46d2469150acbc7c533bb,delivered,2018-03-18 14:28:22,2018-03-18 14:50:36,2018-03-23 02:32:07,2018-04-19 21:08:59,2018-04-17,c1c249a8cdc0294fd88d25846324877f,2018-03-18
3a7162d3eda153a373ed4112bdf53b32,00d9314fb3f147133d0dae548abab307,delivered,2018-03-09 08:32:22,2018-03-09 08:48:27,2018-03-15 15:32:28,2018-03-29 21:06:06,2018-03-29,b20f3ab024ac7114796526eb0c59bd6a,2018-03-09
4f420928ce3031d9833981e1bd5005a0,205e2ab340cb3c8bf457c76b98306c73,delivered,2018-03-10 15:31:45,2018-03-12 08:35:28,2018-03-12 21:21:54,2018-03-17 15:02:44,2018-03-28,25063ca4218b4983df1daec133b143a2,2018-03-10
6c6f13dc40d95be45c76aad771245a15,e55ceedb8cf0ee98dc7141b6597840db,delivered,2018-03-01 09:38:45,2018-03-02 02:10:54,2018-03-16 17:38:48,2018-04-26 12:27:20,2018-04-04,301d78467e734866587f0948c3499e91,2018-03-01
2c6e3395e4f4716fc4d23742912ff80d,43d9053de5513d2459433ffab5bd7599,delivered,2018-02-26 11:52:14,2018-02-26 12:11:14,2018-02-28 16:37:25,2018-04-04 14:42:19,2018-03-22,ff5f6731168d5441f57407f27b1e154d,2018-02-26
7ac910f78c4cf862326b6372c1e30ca8,462440503feca45c383d83e790692061,delivered,2017-10-29 20:52:45,2017-10-29 21:05:39,2017-10-30 20:52:38,2017-10-31 20:47:58,2017-11-10,2e80f02d8e19f90ec5ecf91f5a13811f,2017-10-29
36bd9a684be63b7aed450f82d31727f0,f8dce1f569bfcdeb294631c088f66ab7,delivered,2018-08-21 15:56:19,2018-08-21 16:10:25,2018-08-23 12:53:00,2018-08-27 11:48:55,2018-08-30,925a3849acfb1c22ec3f732af028df33,2018-08-21
7c933084ae34df732cfb3b47968b1666,cf4e269e30ba0f547477c32723ec2542,shipped,2017-01-14 12:17:10,2017-01-16 13:41:43,2017-01-18 16:00:12,,2017-02-22,ae2e59a60f342dda54b95647e88450b4,2017-01-14
7d995a95ce7e1ca123075ec04fefe14e,4c3d19f67387b497e305c4804fd59a04,delivered,2017-11-28 09:39:36,2017-11-29 02:23:19,2017-11-29 20:11:54,2017-12-01 00:09:38,2017-12-14,a19b1900acdb03a74cb9926cb2b6f24c,2017-11-28
79d157d689965472f742cb6b30a37b40,85788b14a51a7467a1aeb0715b480ac2,delivered,2018-04-27 13:56:43,2018-04-27 14:09:09,2018-04-30 10:53:00,2018-05-10 13:42:49,2018-05-21,27f65cdb99727d0f4a5a8c6f08e77130,2018-04-27
15894c1e0d37429ae01e88705a0e7941,10b3c5bcb5211413451e40aa64ffc772,delivered,2018-08-11 22:52:14,2018-08-11 23:04:24,2018-08-13 15:39:00,2018-08-21 20:21:40,2018-08-27,7218900f9eaa69d833efa1ff0ca5c5a1,2018-08-11
87e6012cbee71826e51d13439f497eb9,2aaa65ce049f1d48a12686e2142982a8,delivered,2018-01-25 17:52:09,2018-01-25 18:19:52,2018-01-29 20:35:59,2018-02-14 19:09:08,2018-02-26,6db94887b2f41be9187f7695878999cf,2018-01-25
b76d4cfacc6733093c4f0fd3198d91b0,cc0bb28cdfe5d4b253bb404efb6477a7,delivered,2017-10-13 21:08:03,2017-10-13 21:26:11,2017-10-16 20:58:34,2017-10-26 19:54:00,2017-11-07,a38c8a263448fedcedc6e360a386d273,2017-10-13
d9264b7ce5f860c5b8d439f2e77bbc40,ae789cb3b1ffa7e1a3f976d66f291159,delivered,2017-02-02 13:27:06,2017-02-02 13:41:33,2017-02-06 11:25:29,2017-02-13 12:35:46,2017-03-01,7ae55a36042c367a2e308ea52abf1511,2017-02-02
b60cb82db24efcb2f5d0df26426c3af2,075025f0dd1048d7ac30f7adc7483bba,delivered,2017-07-05 22:14:40,2017-07-05 22:25:28,2017-07-07 17:25:56,2017-07-25 22:47:44,2017-07-27,db05c37f1b35564419adfe2e2ab2f0f2,2017-07-05
8ab0c0ecda227b5dbcee5c23f28f0ef4,7c914fa77c2a8f1179c445cf9f539d0f,delivered,2018-02-19 22:26:15,2018-02-19 23:30:27,2018-02-22 21:42:52,2018-02-23 15:53:57,2018-03-05,ac6ea4396bbae820ad9faa61f1247a9b,2018-02-19
eb3496e5ea096b0366a2e552fd7ab470,40f3ad678e7faf0682800ca130302eb9,delivered,2017-09-08 11:55:31,2017-09-08 12:05:33,2017-09-11 22:09:59,2017-09-24 12:02:57,2017-10-04,681709d38d95f3c3a5ee385703f89a0b,2017-09-08
f5d26ce3ea53961345d0c99784d26c68,04638865a9aa6944aecf3b6c2170ab7b,delivered,2018-06-06 13:16:04,2018-06-07 03:12:24,2018-06-08 13:49:00,2018-06-18 20:54:50,2018-07-18,21961423c7fac82e915808217daab06f,2018-06-06
2d28016c67e1923035d4b20124818a84,e4da40bfe01c59d56d99c9722a68133f,delivered,2018-01-31 19:45:24,2018-01-31 20:10:12,2018-02-02 04:26:02,2018-02-06 17:04:28,2018-03-01,c33083d8e5fc4d5367286d199538c49e,2018-01-31
5ee31cacb02c4f421f938c50e446185b,efcb75d17dac5ed29c3a90167472f78d,delivered,2017-11-20 10:59:51,2017-11-20 12:11:31,2017-12-07 16:08:51,2017-12-11 21:39:03,2017-12-07,b80150ddbd98f4e62edc8b8f86d4d3a2,2017-11-20
f67026e78b00cb23af0f2ccdb5ee8245,2e8b2cd27d9c45276aaf3fa97a15edeb,delivered,2018-05-20 08:25:02,2018-05-20 08:57:49,2018-05-21 10:16:00,2018-06-08 20:06:52,2018-06-07,67390dad606d5717688d052bce46dc70,2018-05-20
ebdce44e563c1a59677857998ca312c0,610d46baa16bdd3d06be944f569b4df9,delivered,2018-03-11 16:36:42,2018-03-13 04:30:39,2018-03-13 21:18:39,2018-03-22 16:03:18,2018-03-28,fe091f6006da578cd57334618ca23dbf,2018-03-11
3ae23891986e183545f58cbc836a0106,905723a92cac17c4d438a08531734598,delivered,2018-04-16 19:54:11,2018-04-16 20:15:21,2018-04-17 20:24:38,2018-04-23 18:58:50,2018-05-18,4e2d666f4bbc94a8ded712172a433d65,2018-04-16
4bf1d1a9c60312c2e96fb9dd209e69d3,4d17e331060256334f7306addefb7915,shipped,2018-01-17 08:05:03,2018-01-17 08:16:23,2018-01-18 21:51:46,,2018-02-01,6d85580d7ff22f593be2982eee3c3c74,2018-01-17
236909a5eec961f916c742c7f991d3e5,1b620b9bddc08059302ad5287743d092,delivered,2017-05-11 00:53:06,2017-05-13 11:05:22,2017-05-15 08:03:31,2017-05-18 06:59:33,2017-05-31,89f0f964099dff599188375bdfba07c0,2017-05-11
80db8ac25fb7d41df0043cb440bb659f,8616b556cb8b60821573f069b4b510d1,delivered,2017-11-26 16:47:06,2017-11-28 03:47:33,2017-11-28 23:28:26,2017-12-04 22:48:49,2017-12-22,2df6d3a456f787db17dabcc23884250e,2017-11-26
a1be7c51d3ec9b3b6c2e778c99eb90d0,adda0af2072a3fdc5b3fe6781e132769,delivered,2017-04-28 12:38:06,2017-04-29 02:50:16,2017-05-02 09:55:01,2017-05-11 14:32:19,2017-06-08,39e9ca66abb0665312eb31817703476b,2017-04-28
4bb249470aec4b87d52edc4af12f5b53,107e500e8e622637a7a1c9d7de5a01ea,delivered,2017-11-13 13:47:12,2017-11-13 14:06:54,2017-11-14 22:33:18,2017-11-28 20:23:50,2017-12-06,16819142d064514cfbfffb12f75dd8b6,2017-11-13
54ed1bff3096b6570d2b11064cd13e46,9ea44c6865c92de7f9becf7d035a754c,delivered,2017-04-30 19:11:57,2017-04-30 19:25:10,2017-05-03 13:56:03,2017-05-10 11:57:33,2017-05-29,0a2b9adcfa15edb416193c8b435dc821,2017-04-30
20992a1c96a2ba25eda6cecab027cd42,ae2431c2ff77ba2c43f2191cd00d9cd2,delivered,2017-11-15 17:23:31,2017-11-15 17:30:39,2017-11-17 22:04:49,2017-11-28 21:12:42,2017-12-14,9ca6439ec56424b2717501565e0d5689,2017-11-15
6ec38f8d4862b74a1539b8e6ec91fa8a,1d2a51539bc74ad21b60720ccad39c76,delivered,2018-05-14 16:48:33,2018-05-14 17:18:41,2018-05-15 15:52:00,2018-05-18 16:53:04,2018-05-29,b6b5bba6e9e7087816eb2897694b8703,2018-05-14
fc699344c004d1635c1e3a27f707c8b6,c552b308fd0baf657702d0eba4ee3b65,delivered,2018-05-27 23:03:10,2018-05-27 23:15:24,2018-05-29 13:47:00,2018-06-08 17:18:33,2018-06-28,483247a7e4e366070d789c739369f5cb,2018-05-27
d983124667a44e540ef9ab35c37c486e,0bc92ea0f454d4bce3665b5716cfa58d,delivered,2018-01-30 12:50:09,2018-01-30 13:10:38,2018-02-05 21:14:16,2018-02-15 18:41:57,2018-03-06,c6b1d0d394ba367ae48f9bb69158231b,2018-01-30
e32d1cdb3683251a688c82d4a2dabb47,97526e28488acf9340a0025eb96b3a4a,delivered,2018-02-02 21:20:40,2018-02-06 04:33:15,2018-02-06 21:41:57,2018-02-15 22:33:36,2018-02-26,6f7f018c4780500817646014bc56a4b2,2018-02-02
53299baecd9869c74d5c439dc4078eec,863f37fd2bae6f4b89284c09145955bb,delivered,2018-02-05 14:46:07,2018-02-05 14:55:32,2018-02-08 19:47:42,2018-02-19 10:34:57,2018-03-05,5db5395b7721454236f9999bb0d791e3,2018-02-05
a533be8e152c88d32586ff0c9c230ba2,e318785a0ab20e1264cf1dc51625d53d,delivered,2017-11-12 16:13:19,2017-11-12 16:26:35,2017-11-16 19:41:23,2017-11-25 13:17:50,2017-12-05,d8cbd2f3df5890438ef2783a83ca9601,2017-11-12
b35a64cddcdbf617db3d9a4cce11f60a,756144852652bb51b6e54dc4c441e2bd,delivered,2018-05-10 17:07:31,2018-05-12 03:32:35,2018-05-24 13:47:00,2018-06-13 19:26:43,2018-06-13,f2ff5e0c019599cf64ffb9896edc4fee,2018-05-10
95516395b6779357dc689f56e6de3f02,f304a583c2f2f258c37079a8bdf1f60d,delivered,2018-03-23 00:00:26,2018-03-23 00:55:49,2018-03-23 22:48:49,2018-03-26 14:22:25,2018-04-12,fc9abf7bcd0a6c47d02dc60787e366bf,2018-03-23
cd6f283a1308f75b894c315359b521d7,d95ce2be6ff270c56b9120ab3a481146,shipped,2018-04-30 09:49:23,2018-04-30 10:15:44,2018-05-02 18:30:00,,2018-05-14,3b129e2abe3036a3e3eaeef3c496ecdb,2018-04-30
19f97beaab0d2b8ba54f9a458629f5d6,90f8e726ef106ec88000fc6cae1168fe,delivered,2017-02-12 09:04:50,2017-02-12 09:15:19,2017-02-13 09:55:12,2017-02-14 15:08:21,2017-03-10,48943e1c3938a59b72e1373c74796b0f,2017-02-12
ef6083295bf92222def5885ea2551112,1c845f6f154945eecef2938de48d74ef,delivered,2018-03-29 14:13:17,2018-03-29 14:34:24,2018-04-28 09:13:00,2018-05-03 18:28:20,2018-05-11,ab3a92a02a01c0340763e5018c13088f,2018-03-29
7728b488bf786ff1cfe423986a8d0048,ff7216f9f6a3ddfb9650aa891caf718e,delivered,2017-09-11 21:14:38,2017-09-12 14:06:05,2017-09-19 17:33:26,2017-09-20 12:58:08,2017-09-21,71232aba2c54eaa3bc5fba8d9c801be9,2017-09-11
61433627bdda467b4c2e9c3f4c17854d,8a2c3cea6ca7c17b8b72946649a74dd9,delivered,2018-08-13 21:47:19,2018-08-13 21:55:15,2018-08-20 15:27:00,2018-08-22 15:18:41,2018-08-22,9917e17894eb778066caebe770379978,2018-08-13
33053ee45764f34778295ba8a0a4131d,bb897f462207bcc6d9517184aa0c43c8,delivered,2017-11-21 11:31:31,2017-11-21 12:09:59,2017-11-24 16:35:50,2017-12-03 14:42:50,2017-12-12,6196129bbb35e46fc467b76e272fd298,2017-11-21
022e89c60857b5c81788e7e09d04b3ef,5f903b2d6b866fe2698c86e8dd4628c1,delivered,2018-06-06 14:59:11,2018-06-08 03:13:19,2018-06-08 15:44:00,2018-06-14 20:33:09,2018-07-12,4a2d9ad51edec61456cdcce3daefaeda,2018-06-06
23941956ac5ebb846fc41ddbf76e7ccc,63e6159a468d15ffee3037bacc550c29,delivered,2018-07-15 17:29:46,2018-07-17 04:32:03,2018-07-17 13:00:00,2018-07-25 21:09:48,2018-08-17,d13a4ab46ea23d33230f51b87e8ff9e3,2018-07-15
1ebb46fa1c7a6bddbd0362271a096e89,31665c48494006d98e9613234e672c3f,delivered,2017-10-01 12:13:59,2017-10-01 12:24:12,2017-10-03 23:55:43,2017-10-06 20:41:23,2017-10-18,45f9f5dc5d48b9c1432c8cc0718984a9,2017-10-01
39841bda2ced6b58fb455964b6ad0f05,085ee5f8069c949eb5e31d56514d38b4,shipped,2017-06-18 00:27:16,2017-06-20 11:25:24,2017-06-22 12:59:32,,2017-07-05,a324fb6c7e7c06e00ddca5cd47cab53f,2017-06-18
3c6dadd7a2f2603a966310532abc750d,5194b960e905cac68a0154a2d7cfcb73,delivered,2018-04-16 08:47:24,2018-04-16 08:55:34,2018-04-19 21:17:42,2018-04-24 19:50:03,2018-04-26,fbd57be4948621308e7cd56d0c4f78a1,2018-04-16
185a5466833e375703fe6e5e7fa3a6bd,57ab9d52c625428b85eaf16829bee117,delivered,2017-06-30 13:48:18,2017-07-01 04:50:27,2017-07-03 16:39:37,2017-07-04 14:47:36,2017-07-20,fd9d12a0b2262beda8754daa7072d95a,2017-06-30
6aabdc795efb588de3fc71a018cebff9,61c5055cd85138ee1109ea4a2f89a949,delivered,2018-07-08 09:11:27,2018-07-10 08:35:12,2018-07-12 15:06:00,2018-07-25 00:32:14,2018-08-06,8ae774306496f0c10fdaa2a2cae0bc84,2018-07-08
8e60a511ac30aacb9ded963801a906af,cb11798c6f6e786afc3afe6a0d34c87c,delivered,2018-06-06 16:30:22,2018-06-06 16:55:21,2018-06-14 14:58:00,2018-06-19 16:18:58,2018-07-17,9f67aa18a87ea9a76854deeb9385c011,2018-06-06
fa356dd17c7288d555da28bc4c43d269,077098037aba2fb9fac71525ee60f93b,delivered,2017-08-27 14:11:40,2017-08-27 14:25:16,2017-08-28 13:44:59,2017-08-30 17:42:33,2017-09-14,d434f0501c5bfbf21a5542885936f711,2017-08-27
4a5a1f0d3ea7bba1b88f2d68e80e4189,4927883c993298a88d03d81f70052459,delivered,2018-08-21 12:29:54,2018-08-21 12:50:24,2018-08-22 10:46:00,2018-08-28 00:52:29,2018-09-05,ca1f033f8b3498b97ea9d229159d75e2,2018-08-21
1bd6a77bf698ca2116db6f4731046425,c386ca94c617d6f14d009fd2a1204380,delivered,2018-04-07 11:05:35,2018-04-10 03:55:37,2018-04-10 18:47:10,2018-04-11 19:38:19,2018-04-20,481ca89097584ac46ced01f2ab16b0ef,2018-04-07
56ddb62cd43497b05a7deb575d7547d7,03db7508ff10612b60f9198e0b33cfda,delivered,2017-10-21 14:31:35,2017-10-21 14:49:23,2017-10-25 23:33:54,2017-11-08 13:36:29,2017-11-16,794307f7c4fd6c8325655fb3f7b89895,2017-10-21
6bdd4fc201b1c41b2d0daf3c5a4282ae,93878d61fdd60a05e37ecc6f8d51b379,delivered,2018-01-02 12:56:14,2018-01-02 13:08:01,2018-01-03 22:14:44,2018-01-10 19:39:10,2018-01-29,722e0897fd8b0ca57cbbfc01dc8a7c38,2018-01-02
827668d405f7156d24af6fdd76f7d057,8e4472be04a0d8fc826f7952c6320826,delivered,2017-09-26 17:28:03,2017-09-27 02:49:28,2017-10-02 20:34:05,2017-10-10 18:44:54,2017-10-20,f208c2e0e8c456b2359638526812c1e4,2017-09-26
e6dadbb941fc1ddd84fc8d2ef19b71c1,2ca34926198521857d8c7c0ec7902378,delivered,2018-02-05 21:22:04,2018-02-05 21:35:34,2018-02-07 20:12:36,2018-03-15 19:38:51,2018-03-09,8ade2ce1864e323859d09f5d5a8fde8b,2018-02-05
8b3bd30a8fe107026953fde99e95e351,4d842ab53e4a51551f795bcc1a742dc1,delivered,2017-11-21 23:51:33,2017-11-22 21:29:45,2017-11-23 19:05:05,2017-11-30 19:29:05,2017-12-12,04ec84709be36aae922647468a0be8f7,2017-11-21
89d409eb62cdbeaf1aff4260e523b0c1,b4a995dbed6017544af875ec52ecac3d,delivered,2018-05-04 22:53:19,2018-05-08 04:33:13,2018-05-08 10:17:00,2018-05-16 16:34:00,2018-06-07,ccbb0ca2be390108b89320996f411dab,2018-05-04
ba95b4f24ad0bbb40a753470c555727a,4a49dc2c0c4fb4afd6f8e9ddcd86f596,delivered,2017-11-26 19:39:49,2017-11-26 19:54:07,2017-11-29 22:26:58,2017-12-04 16:09:09,2017-12-18,52e2f07d775b077ff01d4019f5d28994,2017-11-26
a60a341474b10163591c7c089b348584,7b19ed27fa54710bbf4ecc1c5747a9bd,delivered,2018-03-19 19:42:46,2018-03-19 19:55:38,2018-03-22 20:16:52,2018-04-07 15:51:49,2018-04-09,d35a55ce9a82b78fcd783a1e345126f7,2018-03-19
310cddf7fcf3d915e764a4b145a42d7a,4e1748e5026a35ffa9d81584cd02a42d,delivered,2017-07-20 10:24:19,2017-07-20 10:35:25,2017-07-20 19:47:48,2017-07-24 17:27:54,2017-08-02,3d0029e958fd05bbadbffbde56044eee,2017-07-20
ea22618b32b3545da7c820e1ea37f0f6,972dceea95c4bf95c17d866c17dabc2c,delivered,2018-08-15 10:52:43,2018-08-15 11:04:32,2018-08-16 14:25:00,2018-08-24 19:08:41,2018-08-29,1cb83d1c24faca5ff66d8661d5fc4de7,2018-08-15
efe8d9c4bde87976dbaa45c77bdd5489,aec5041a07053553218398adfd05bb32,delivered,2017-05-31 12:41:20,2017-06-01 04:15:28,2017-06-01 10:50:01,2017-06-14 16:39:31,2017-06-23,445057e14b00ff360595079199cf2010,2017-05-31
2d296a65254039cec32b6f47fa89b269,05b4043e996041498a4886fc23376aef,delivered,2017-10-22 10:51:32,2017-10-23 10:50:10,2017-10-24 22:25:51,2017-11-06 11:08:57,2017-11-16,63fce2ccacffbe5d2a26829284ea71bc,2017-10-22
c95bc5d3cdd34cf9698e69308b545f48,625243048f1ccf53f22fcbf49cfc1cf7,delivered,2018-03-04 03:58:39,2018-03-04 04:10:33,2018-03-06 00:19:04,2018-04-13 14:03:12,2018-03-29,17ebddb6a60530cec37f8b17bf53c3ad,2018-03-04
3087da82d2601b8b5d7eb062012632b3,ac1f604f3b8002ca9a9c980fb56beb97,delivered,2017-07-17 21:47:42,2017-07-19 03:55:28,2017-07-20 18:47:41,2017-07-26 00:11:19,2017-08-04,cc9b820921cde626b09a1be8e0d1f714,2017-07-17
2c9dc43931bd73d816deb0582edff245,e7a5a238f60bebe0efe9ccbda1042ed5,delivered,2017-05-18 02:02:54,2017-05-18 02:15:34,2017-05-24 10:03:56,2017-06-02 13:03:22,2017-06-09,15a4554642b5fe5a003bb9a7a2ec4893,2017-05-18
c40c8f44fadbd73ec33576de59af7037,fb9c9c6bcebbbe6024d75155b10ead23,delivered,2017-03-01 11:36:45,2017-03-02 03:45:21,2017-03-03 09:24:32,2017-03-24 13:35:55,2017-03-22,8b7db08e111fdae5f59402dbba003d34,2017-03-01
7a3dbfe3daed55f0b5f34c4f9e73940a,d58d9b632ba93e5f55f80feef49b0d94,delivered,2018-01-07 22:08:45,2018-01-07 22:15:30,2018-01-09 14:37:13,2018-01-19 03:16:54,2018-02-01,1447003b4cfe4dbfdeb22ad92effffdf,2018-01-07
e6a4c64b81f572a51ecc005e12ccb92d,ae0dbfbdb1e077e84389ab5bbeadb178,delivered,2017-10-25 15:59:34,2017-10-25 16:07:25,2017-10-26 19:49:44,2017-10-27 16:04:57,2017-11-07,3ced91b13d1d682c8b18a4a063b8060d,2017-10-25
6c9fa8bfb266b4c7de3e162fb28f46d8,e57b35089f3e6a0d985ed0cd3579df5e,delivered,2017-10-18 12:34:11,2017-10-19 02:49:13,2017-10-27 22:31:50,2017-10-31 18:57:30,2017-11-07,b79939e7b655e75d48b325c460ea66e2,2017-10-18
1a927ea2c184c4fc99ba799892065638,e3b3223d331a00244e5f66c8ffa32f3c,delivered,2017-06-29 21:25:53,2017-06-29 21:35:16,2017-07-04 15:14:38,2017-07-09 13:51:08,2017-07-26,14de92b13bf9340bf251dad9dc03bdaf,2017-06-29
97266251d6749fb995904bb3cc13a625,0ca98ea9ff99ae186116cee125f1d16f,delivered,2017-12-13 12:20:11,2017-12-13 12:32:24,2017-12-14 23:48:39,2017-12-18 19:12:41,2018-01-08,3a95e219f52da2617ddc9e9c6d73dbb9,2017-12-13
ab797176e01c2fa3d13aa1fe3e63d9ee,49d0ea0986edde72da777f15456a0ee0,delivered,2017-11-01 21:54:10,2017-11-01 22:06:00,2017-11-06 15:43:02,2017-12-02 01:09:29,2017-12-12,3e6fd6b2f0d499456a6a6820a40f2d79,2017-11-01
c9aea907527f5d4f5fb44955c18a79fb,7fe2e80252a9ea476f950ae8f85b0f8f,delivered,2017-12-17 23:13:41,2017-12-18 00:17:27,2017-12-20 18:52:08,2018-01-04 13:08:05,2018-01-23,4b5820135d360a45552b5163835b1d89,2017-12-17
5f8727348fdce5ad81ba441d3bf9e18c,5a191290110e4563a197cf74bae3f90a,delivered,2018-05-06 12:46:07,2018-05-06 13:10:06,2018-05-07 13:50:00,2018-05-15 19:05:18,2018-05-24,e8b7beb6a236d1cc99740a4a3632f56e,2018-05-06
c478e08fbbbe0525997a381b60bf8a63,dd889a22818d798c1defb15d670085a8,delivered,2018-07-30 10:49:14,2018-07-30 18:31:03,2018-07-31 13:16:00,2018-08-01 15:21:08,2018-08-07,c80c792c3875d880f17ceffe8dd50544,2018-07-30
08f20d527e3a4331f254f4063920c6e4,3a41a5aa21ed1eac4f6610e89ab5309c,delivered,2017-07-12 16:01:51,2017-07-12 16:15:18,2017-07-14 18:07:58,2017-08-02 16:53:03,2017-08-11,71ff669905018ac7c422f4fc85c0659c,2017-07-12
1857ec1a182661136fe7584592437d51,1101f065d72d5db705dee21a12d5b950,delivered,2017-11-15 16:11:13,2017-11-17 04:15:47,2017-11-18 14:34:30,2017-11-27 19:09:39,2017-12-05,1a9e959a0b5c9032b4bfae0222fd2989,2017-11-15
e2cd000d3cc5a9067192e1b9f054d9c1,34605d425e279dada3fb9163309c0047,delivered,2017-08-20 00:48:01,2017-08-22 04:11:29,2017-08-22 15:02:53,2017-08-30 13:33:08,2017-09-21,4ca5b9ba5bc5bfff97efaca0dd7aaee7,2017-08-20
4186a838a13b7e0dfd69cc58cb89f012,a60cbf9e8eaf6fc7434bbe3db2373eb6,delivered,2017-12-05 00:08:25,2017-12-05 09:47:14,2017-12-05 21:32:05,2017-12-18 21:18:17,2018-01-03,a2d236fe3d62f946f3b74ae2fda7084f,2017-12-05
b23014161ca1bc596a96e77112ee5360,02fcd25668a084094acb25e5e6211544,delivered,2017-05-31 21:45:32,2017-05-31 22:02:16,2017-06-16 16:20:48,2017-06-27 16:58:09,2017-07-07,9f0fe68b9767ca4c4f2402bcdb084e51,2017-05-31
20205e58b36d43ecc44120a373616f06,c0d8991a1701037d5c1085767dea67b9,delivered,2018-03-10 23:56:56,2018-03-11 00:10:40,2018-03-12 20:46:28,2018-04-06 22:54:28,2018-04-06,7784b0eae100ac9e737e53146322cd35,2018-03-10
d9d1223099e5613e5667e557b4b4f075,ee821389d17d90c782d5174fd1319e91,delivered,2018-07-21 12:22:40,2018-07-21 12:30:12,2018-07-31 13:38:00,2018-08-07 21:36:38,2018-09-18,75a7fe0da25376c9717bf95824f073c9,2018-07-21
166456efeff39afc75c0ae8580db1318,5601306a3ab8ff0784dfb5fab690bde1,delivered,2017-03-24 20:06:57,2017-03-24 20:22:54,2017-03-27 14:06:05,2017-04-12 07:55:48,2017-04-28,8c36bdbc83ccd6f472bf94844043edbb,2017-03-24
25177b0d5cfe450e1fdacf9c6b5c8f5e,9acf0054ae9afde2cb1bb937967e2a20,delivered,2018-03-31 11:11:40,2018-04-03 05:48:45,2018-04-03 19:44:23,2018-04-12 22:12:26,2018-04-26,35b67549622f54ea9bef5df8350dc225,2018-03-31
f34dccb2f8c19c2bdbfb8a041af62ed6,80c3e1b1c8f720ec46e79b796b128022,delivered,2018-07-16 21:32:07,2018-07-18 02:41:50,2018-07-18 12:30:00,2018-07-26 20:28:49,2018-08-06,3b1a79c686a620ee35bbbf7f9bd2c6bb,2018-07-16
bf1b064ac1b222c3d923f782e5ca8a04,cf380eba825ac3b337a23bdf2c70d3f1,delivered,2018-07-18 19:18:33,2018-07-19 19:15:10,2018-07-20 14:12:00,2018-07-25 21:59:44,2018-08-07,0d6c318ebc31449b97e091106ab53755,2018-07-18
e9171e375d76592a7c88e9f155664869,d4bf0acae941d5b7be1d1991bd380a52,delivered,2017-07-13 15:01:47,2017-07-14 02:24:30,2017-07-14 19:17:36,2017-08-11 12:47:48,2017-07-26,5beb7f6309917549e8977592b1cc794b,2017-07-13
89ecd7cdfb061d3d0f81b26af772c80f,129f92c14328e9759485ee597bb75758,delivered,2018-03-06 15:45:02,2018-03-08 02:16:06,2018-03-08 18:48:36,2018-03-09 19:48:30,2018-03-16,280cc31ee94e7fbde4a7e0cec9a2b785,2018-03-06
70ebb67db2439278b553ac34549b715d,fc60d04fc5b40da6a511f0aa3157eea1,delivered,2018-07-17 13:27:21,2018-07-17 13:35:22,2018-07-19 11:20:00,2018-07-24 16:32:31,2018-08-03,cb4b8aee445cc400faff733f6cda7c48,2018-07-17
bf3071f4f1aefac3684ec879711ae109,e0d060bdc77f63ff3947e1f383393730,delivered,2018-06-27 21:17:52,2018-06-27 21:31:50,2018-06-28 12:14:00,2018-06-29 22:32:01,2018-07-18,114f4611cb49485cebbf9363f53c9e5f,2018-06-27
a3aa365f962ab8ec586f7d496209c336,1571b4b28094d5153322ad82db57fda4,delivered,2017-04-02 22:03:18,2017-04-02 22:10:25,2017-04-04 13:06:04,2017-04-17 10:13:27,2017-04-26,548d13363937e92aac1089e9ed0b96a1,2017-04-02
fef89b64a9e94a0533f8c0afa152f524,10f2f23370c003742306e23361255df0,delivered,2018-03-16 11:30:55,2018-03-16 11:49:11,2018-03-19 21:46:37,2018-04-09 18:16:35,2018-04-05,17f11ead6691a780604c61103562946c,2018-03-16
f91dcb4d9c1f886ee0e187dba0de6828,d7e97bb9c2ea415d1b1d1178198048a5,delivered,2018-06-06 16:23:53,2018-06-06 16:55:05,2018-06-07 14:09:00,2018-06-08 19:57:26,2018-07-03,9f6d078b7cb7a93a1bad6a1f0e9b1298,2018-06-06
d00d7bc5d6fa2124037aaf4eb5be0a0e,330a969c9598b012f28f388088fadcda,delivered,2017-12-14 10:56:51,2017-12-16 02:51:33,2017-12-19 19:24:33,2017-12-27 17:22:50,2018-01-12,49c3738a8b26381fde724a6154411e0d,2017-12-14
04132c02a610a19773963143ba1b5bb4,3b5c800065fd3c35d15b2906c706c6f5,delivered,2017-10-04 09:13:51,2017-10-05 09:24:20,2017-10-05 20:32:33,2017-10-23 19:34:40,2017-11-03,5ede9beb1608cb450626b3c83db9f8ec,2017-10-04
257e2d62e2b031eb09cea19d847305c6,623e5f6697794daaff59c39b7384a3eb,delivered,2018-08-05 18:52:58,2018-08-05 19:05:13,2018-08-06 14:17:00,2018-08-13 22:22:54,2018-08-21,f522be0944683283c4d275471fdc497c,2018-08-05
f338453ca69a4ab210fb2f6184e7f6ce,d866a4ec44fa725695311a8021e83c3f,delivered,2018-04-08 20:02:54,2018-04-08 20:15:10,2018-04-09 17:07:36,2018-04-16 17:23:02,2018-04-25,2b406323e59105a332238e74036dd4e1,2018-04-08
c785675f92b03bbf76fbbcbf2acfe7da,5aa4c7864680ff21a41d282a548404d0,delivered,2018-06-07 12:57:35,2018-06-07 13:17:57,2018-06-11 12:55:00,2018-06-22 14:03:19,2018-07-11,bc36410dadfa58f63b4b0a69edc8bb6f,2018-06-07
a059bf220c121cd3d48e82b036e831d0,1ea72f58ad176621daf1e0753b15f5bd,delivered,2018-05-05 08:56:58,2018-05-05 09:10:50,2018-05-09 13:00:00,2018-05-14 19:49:39,2018-05-25,6fe26faf75fc7f7315498c9fe7eaaf4f,2018-05-05
f08987078dd6364b07e3db42b792a1e9,a8b8b0b3fad1d06c3ecee2c6d0924ae4,delivered,2017-11-26 17:13:50,2017-11-26 17:32:16,2017-11-29 16:14:52,2017-12-18 22:03:11,2017-12-15,921fc1dfb52ee8f2f29b9f8e2ef228cd,2017-11-26
404e2c2a9c8b32e2c57597440e356f2f,43d6a236549309414a019142fee226f3,delivered,2017-12-04 21:49:26,2017-12-05 10:30:46,2017-12-08 17:18:27,2018-01-15 15:29:01,2018-01-02,fab210aeb81cf078319e0c5404e47bad,2017-12-04
a620134309363f6c21a14ebb3924590c,aa99ed6019be0975bae06ada5791c011,delivered,2017-04-11 11:31:51,2017-04-11 11:45:20,2017-04-18 15:12:25,2017-05-04 15:34:10,2017-05-24,9ebebaeb7533b8b926ae54b1fa0e33e8,2017-04-11
e6e2b1d0f8a98dca93bfcc801eaedc3a,a8bf87cfcbec9e129b0a2e9c56c2a95a,delivered,2018-08-14 09:45:01,2018-08-16 03:10:20,2018-08-16 15:34:00,2018-08-27 18:06:27,2018-08-30,94482ff46f667b068968b375e434222e,2018-08-14
700a3f10e64cfd0df7f2aea217cca5fb,541d3a3036f302ab95436fd3d7947b08,delivered,2018-08-07 22:02:10,2018-08-07 22:15:24,2018-08-09 16:04:00,2018-08-13 19:44:50,2018-08-15,8f6565c0dabcccf145013cbc1f8ae655,2018-08-07
01c22546c4f9914e232006df82d96e0f,2269aa9a9e0847496cf2a7c2d86ad59b,delivered,2017-09-09 16:45:33,2017-09-09 16:55:11,2017-09-12 15:55:38,2017-09-21 18:04:12,2017-09-28,b7f06c191c30297630e3b2771ff19e26,2017-09-09
423a4ec1579258ccf1267d7414246c52,1388eca3c7f75f6038c0d636f9f3b2ca,delivered,2017-06-06 23:09:15,2017-06-07 14:25:22,2017-06-09 09:21:33,2017-06-19 19:58:28,2017-07-03,ae52fa61f27bd494a25bc4c101fa29d0,2017-06-06
ce14e551b308d863fc17c8c43f15d87b,b122895c7bc74d8ee10cf7097b6c13a7,delivered,2017-04-23 02:51:01,2017-04-25 09:35:11,2017-04-25 20:06:48,2017-05-18 13:52:01,2017-05-11,31eb58b2b9cc1ddbb66ace0727f22211,2017-04-23
0e14afb59249defa7237fa94e266941f,e7762e41533907d1aee1c0b0e1b31785,delivered,2017-11-22 07:39:27,2017-11-22 08:06:42,2017-11-27 15:42:09,2017-12-21 17:03:13,2017-12-19,b5bd3c2ffcb059d2618f5496f5ddba8e,2017-11-22
9120414c699465c006338cddd76e42c4,c700c4f516bc9efd4588bb9cb28f6d8e,delivered,2018-06-09 13:15:02,2018-06-10 13:11:34,2018-06-13 15:02:00,2018-06-14 20:58:26,2018-06-25,50d5f4177e8fd069626001b40cc4b274,2018-06-09
d8c9468038ac4ddc59b9cc15ee15cb0e,759bdc8779336011a659a2ce29d3c74c,delivered,2018-05-21 15:59:18,2018-05-21 16:56:35,2018-05-23 14:05:00,2018-06-07 18:11:10,2018-06-08,c6820612b6b200926644d54889433d14,2018-05-21
b50261ba6fd497d968f45d9687e27e84,51d11ac0e8033bba4aee1c2fa2012d84,delivered,2017-02-21 15:45:17,2017-02-22 15:50:10,2017-02-23 14:17:19,2017-03-28 16:03:24,2017-04-03,e0dc2867fad669a57be9492e90092a5a,2017-02-21
a5cdddbe997b781dcb63b4c33a3faa4c,b15ae4b21fc9d8d66abc3083f1f6465d,delivered,2018-08-13 16:25:25,2018-08-13 16:35:23,2018-08-16 11:41:00,2018-08-21 16:12:19,2018-08-27,40b80a791496f0ec1d353fa17c4465a7,2018-08-13
879c7f0d19d8c74f03005b40ba422b8f,00f539ee95c97870a2a4f261a2d96ba4,delivered,2018-03-27 22:38:33,2018-03-27 22:50:11,2018-03-29 00:48:26,2018-04-09 21:05:00,2018-04-18,ca17449b50589db8a44f96a187133bcf,2018-03-27
e4e6eaed893d267970fdfae82dde8715,190ab458165966495c40355f99a3cf23,delivered,2017-11-24 18:36:43,2017-11-24 21:39:27,2017-11-30 01:24:41,2017-12-04 20:17:45,2017-12-19,a5a4dda10a759bf8a54f75817f7f6fcd,2017-11-24
7a55766a3de515247830c9283a0d2745,6fe4315d751e6365d88b81b2ecd3f75e,delivered,2017-11-16 14:51:50,2017-11-16 15:07:00,2017-11-17 16:03:31,2017-11-22 22:56:49,2017-12-26,a8b3d77aa9c40e00aad33bb461cfae5f,2017-11-16
95b1f6f56e1831a87c509debb79f3c52,03107396af0b320ed3c0f37f2159915f,delivered,2017-12-05 13:22:22,2017-12-05 13:35:34,2017-12-06 18:23:30,2018-01-06 13:05:22,2018-01-04,aaeea88eac3beaecd932b0d4ef339566,2017-12-05
39263e1d21c19dd12321cbdb04b3175c,1f47727d222a72bee5cf240bd1380f3b,delivered,2017-06-01 22:44:23,2017-06-01 22:55:06,2017-06-02 15:30:01,2017-06-13 17:36:42,2017-06-27,6ee2f345f4f2fbd1cafb6447a6b37642,2017-06-01
2c1f923bfda154d36f6dad2084cbde2e,7029100d659d87b7f41d16c113f691e8,delivered,2017-11-24 18:49:27,2017-11-24 22:31:29,2017-11-28 21:18:01,2017-12-18 18:10:27,2017-12-22,d46cfe7dbd862bdd03e603561e672f80,2017-11-24
1da4a48423b45db9eb872fbd7b5eaccb,704ece8ed0f1ba814027c5f615478165,delivered,2018-05-22 18:31:24,2018-05-22 18:57:12,2018-05-23 13:35:00,2018-06-14 15:06:43,2018-06-08,e4c86e662d2175b91ad7c9615024b408,2018-05-22
d02d64a92b368e50d9d1dd6093514a5d,dfe9ac4c1f62211a550f6979937c91e4,delivered,2018-06-19 13:38:23,2018-06-19 13:57:45,2018-06-19 13:48:00,2018-06-22 20:08:38,2018-07-11,5aaea40535337a39bb7b3a959b28b58e,2018-06-19
475fa9160e2a29d7eb459744a2b16635,d610aec427a7162440339804b45559d2,delivered,2017-12-01 17:00:41,2017-12-05 04:18:38,2017-12-06 20:58:36,2017-12-27 18:52:29,2017-12-26,ec39f1e8b8321e93194fd73693d4f920,2017-12-01
407c915b14e91ef7bfab0f2f272ccfc9,39a6ee9489fe63680ad9b1fc3b2fb332,delivered,2018-02-28 18:59:42,2018-02-28 19:10:38,2018-03-06 02:46:08,2018-03-13 13:17:00,2018-03-14,0e13c1c24097d0c8564611784c1092b2,2018-02-28
9c27a49a6afffd10bd25a5990a02c1e1,5b126323c33914e3a0d693c50f84c495,delivered,2017-11-28 20:13:10,2017-11-29 02:19:08,2017-11-30 20:04:41,2017-12-06 00:16:49,2017-12-19,4a10e86057837dd697b5eef0561e333b,2017-11-28
220d88b24d65edc8d4b8d9eaa5ec0796,09ad9d1167eae6f24c762b46f6470aec,delivered,2017-08-07 11:41:03,2017-08-07 11:50:10,2017-08-08 19:04:50,2017-08-14 17:10:11,2017-08-29,97f6bccc8a818d0d2afb5de2cb2690ff,2017-08-07
4f2d72bec3f76b37047967ded26335f2,7e501124aeeefcd0be137fd8fad250e9,delivered,2018-05-27 21:44:08,2018-05-27 21:55:22,2018-05-28 14:47:00,2018-06-26 17:35:37,2018-07-13,4874a0131b4bebcdd5c938c3fb105ce1,2018-05-27
ca5a4af4d2f58995a39865ef80e34cbe,b56cd2aa756fd6fe4fb009a57623e7d0,delivered,2017-10-07 23:29:18,2017-10-10 06:35:32,2017-10-13 19:27:42,2017-10-23 21:12:52,2017-11-08,096a786371ff71bdcc3e1e40558362ab,2017-10-07
f522ddf23e3ce51e2ad669c0c55f75af,5adb76c2c749cc4021ffeb2d5a088c51,delivered,2018-03-08 09:46:24,2018-03-08 09:55:31,2018-03-08 19:36:23,2018-03-16 21:21:13,2018-04-04,cf324d08c3a9c04a6db5acffa524169b,2018-03-08
3991f987ebb5686ac2cd5fb69d16d9c4,b3238c49535e70a13bc79e930519ba8a,delivered,2018-07-12 23:06:51,2018-07-13 08:35:16,2018-07-13 14:48:00,2018-07-25 21:28:48,2018-08-13,cc8fd1385c01ba06ff6d2e32c0ee4fd2,2018-07-12
8a1971d2df1c5e6101ab0285700c7ebd,79e4f604f0dd8a921403af5d17c708e0,delivered,2018-01-02 13:11:53,2018-01-02 13:19:26,2018-01-17 20:09:09,2018-01-30 16:17:00,2018-02-08,73b186766ffa66af11c6d6a95423a234,2018-01-02
4b9e031a205af9c7035eda4f4db1ba69,c55751576fef472fbe91aa1fe165a581,delivered,2018-04-16 22:28:11,2018-04-16 22:50:15,2018-04-17 23:24:35,2018-04-20 15:48:57,2018-05-08,46aa7e827e3cb537498732f920844b05,2018-04-16
5316d7254b2e8e19620f2aec8a6f822a,ac8a12f7bcb418b011e3d14b3845a20a,delivered,2018-02-14 15:25:39,2018-02-14 15:36:08,2018-02-16 20:41:37,2018-03-09 00:11:26,2018-03-15,d762c5ca31ba7df232b5ba2e700697e7,2018-02-14
4388bfaee1fd1126906a13064ebf3f61,ab12f8bc68260488a55650e09e442297,delivered,2017-07-24 22:03:29,2017-07-24 22:15:09,2017-07-31 17:51:59,2017-08-08 22:27:47,2017-08-15,b18083e08d61b862480bbfa0a1103cf9,2017-07-24
77bef84f0c2e69b9412164d5a95d402a,bdc451bc0bb56979976f1c65ee98368a,delivered,2017-11-10 20:12:56,2017-11-10 20:30:19,2017-11-16 20:52:40,2017-11-22 21:28:49,2017-11-30,368b5a651d633d13acaa5b83c13726c3,2017-11-10
45fb34f01dd01f620227b97a2dcb16bc,f47fe155433cf9f2f0f544adf7f60ca2,delivered,2017-05-26 14:27:09,2017-05-26 14:42:28,2017-05-29 18:56:30,2017-05-30 12:03:26,2017-06-08,3eb24ad3b2caaaee3c6f071ca8d7a8b3,2017-05-26
28bc8f33c194dd4f636717ef490d0921,64ebc89fe827e44bf4c57f7e22676e12,shipped,2018-02-26 12:08:26,2018-02-27 10:48:37,2018-03-17 00:11:31,,2018-03-12,dd5ed00973cd7d965333d81654bec5b4,2018-02-26
f54fc4773a70856861f06fd47df664aa,630a8c52c651e607568d25a1da038105,delivered,2017-06-12 19:50:16,2017-06-12 20:05:31,2017-06-14 19:16:59,2017-06-19 21:45:54,2017-07-11,f52352802781534d27e044dc93ca9710,2017-06-12
640037457ab0f3f6fbfa8cd6908e74ef,04a8f68b5b040ff3e1d961c2d280d4e5,delivered,2017-11-24 01:20:00,2017-11-24 01:33:25,2017-11-24 19:02:40,2017-12-05 23:16:39,2017-12-14,dce2e10812c2435cb0e44886b8e1d484,2017-11-24
810233b1d86cfaff1b46b1458f7d0a41,b28e4e1a855f322972761f8617f0be88,delivered,2017-10-29 22:10:07,2017-10-29 22:25:16,2017-10-30 23:23:46,2017-11-23 21:02:46,2017-11-22,5e2d89be42420641aa1c19cf1a90247e,2017-10-29
6e59250a3263ec525190b4625db82da6,67a994ef388769cac17749f83484f047,delivered,2017-09-27 20:20:55,2017-09-27 20:35:18,2017-10-03 16:28:14,2017-10-09 20:03:51,2017-10-24,6b67862defc8f9e3f04a4ce5d3c35d7f,2017-09-27
b72bd7bf1e84a4cde235a7ffcc7542ca,585593d76e71aa8bcabac6773c2c3de7,delivered,2018-06-06 21:39:53,2018-06-06 21:55:21,2018-06-12 11:14:00,2018-06-14 21:47:57,2018-07-03,4a2df408882c707548be413cc5a1b656,2018-06-06
dac39ed0abfc9b2092f74f36f5157a79,2bef8a5f3e9494ab114d8971a6ff2ed2,delivered,2017-12-19 09:29:42,2017-12-21 02:11:57,2017-12-22 18:37:28,2018-01-09 20:29:29,2018-01-17,77233960a5ebdc4982ce7614de7030f1,2017-12-19
74ead5a61500dd4047cd05f77848898f,2280ee2d641ecd26e3f9811a5373bdd2,delivered,2018-02-20 20:03:50,2018-02-21 06:20:04,2018-02-23 01:45:50,2018-02-27 19:29:01,2018-03-13,17dcaba39e80eb77da026dc03b3b2428,2018-02-20
d3fdc781c4b06febef9311a7fcf93eb5,3252549124d33abd339f98591f95d9ff,delivered,2018-02-26 21:32:42,2018-02-26 22:08:38,2018-02-28 00:08:02,2018-03-28 17:08:50,2018-03-27,16746cee4fed07f5ae8dafc90fc0025d,2018-02-26
363c28b78897354ff4e126dfe41f2890,f96380e72a790bed9e678f38580d7864,delivered,2017-09-05 22:04:20,2017-09-05 22:15:35,2017-09-06 16:14:19,2017-09-11 13:42:48,2017-09-22,893a3e18a09332571b4cbb3d5b723c90,2017-09-05
e9989a2b67c5d83fa24cef205772dd0b,3e7f4132736787e21b8acecff2e7421d,delivered,2018-05-16 10:09:18,2018-05-16 10:37:13,2018-05-18 15:23:00,2018-05-21 19:49:52,2018-06-04,6c0e6ce5291a3b16d57fcbce64f2aaf7,2018-05-16
6e2916ee4de2e65b95b2429f865374f7,4a3563f10fbe3850e2afd7e6d6b54ca3,delivered,2017-05-21 07:57:53,2017-05-21 09:32:11,2017-05-24 10:45:04,2017-06-02 14:33:51,2017-06-13,34b04d2838c173fcff895e0f28ffdc8e,2017-05-21
7764be5b6bee0dd95410f25abc0ecd6e,954759bb948c954f87dbba72b4703451,delivered,2017-02-10 12:10:51,2017-02-11 02:45:07,2017-02-11 11:21:35,2017-02-21 15:16:20,2017-03-21,343342852b4407d53d342233890bdb7f,2017-02-10
11177b43d0995dfa2114ceefa2c0cc16,a64c6e8ef34e7fff66a93133937bcde2,delivered,2017-11-17 08:56:41,2017-11-22 02:56:30,2017-11-22 18:22:57,2017-12-21 20:08:33,2017-12-12,e14705d2e06ab8ee7c665f21c72f874f,2017-11-17
6585229c15187cf5b05b2586099c86c5,1b97c9da9c97d1fbe7be867abdb7f446,delivered,2018-01-27 19:41:44,2018-01-27 19:58:25,2018-02-07 19:33:00,2018-02-20 00:04:48,2018-03-02,34478bd76ec4342d1d47df943131539e,2018-01-27
cdd37a2cbee3ccf5fb245f4e19971f31,20b9b3b3b190f69de242845d26fb346d,shipped,2017-09-08 08:25:19,2017-09-09 11:30:12,2017-09-11 21:05:02,,2017-09-28,acc1e0b988a7a43c910111cfacdad11b,2017-09-08
9548d47e368ce1b35e93375dd2f3ccd7,eca1a1aa65a7924689ffbd52004fae8a,delivered,2018-03-03 09:59:16,2018-03-06 03:49:43,2018-03-07 13:16:41,2018-03-21 00:09:22,2018-03-28,d9677c3b852c6aad297449c457839ec2,2018-03-03
3c58bffb70dcf45f12bdf66a3c215905,7bb57d182bdc11653fac1593436df8bf,delivered,2018-04-02 17:11:30,2018-04-04 13:10:01,2018-04-04 23:36:54,2018-04-12 15:58:51,2018-04-18,1bc3d5e384c365c86cf79078f32eb495,2018-04-02
0af058fb1b7b4ee95c3c2e1ccb9ef743,d01a8f6d77e1f773bdce618e0b98db9d,delivered,2018-04-16 19:13:31,2018-04-16 19:32:34,2018-04-19 22:31:50,2018-04-25 21:42:15,2018-05-04,2a116a40565c303c1511a8292ded87cd,2018-04-16
3b1f8d68684710eac0cad28d412dcaf8,471ab303812a9558d0dc904831c807c5,delivered,2018-07-31 16:54:37,2018-07-31 17:44:21,2018-08-08 15:43:00,2018-08-15 22:36:43,2018-09-12,d0c168cfb311d3060f7bd520d4999c4c,2018-07-31
eca3ad869826b027ef93cf88ec6c0e44,20f99ce26ab1dcd6954644b2d76102de,delivered,2017-03-13 17:02:01,2017-03-13 17:02:01,2017-03-15 05:04:05,2017-03-20 11:51:26,2017-03-30,76015850dcf96d3206b6924e93547e7b,2017-03-13
4871768fbfa49644fd5a92cffa201556,66f6040febed2f48bd70eae6e143a360,delivered,2018-08-08 20:17:47,2018-08-08 20:30:16,2018-08-09 09:28:00,2018-08-16 10:54:49,2018-08-20,9dc01ea357d3146668dc5167ffacb880,2018-08-08
593820c7bb9aa1200abb7e6404b2143a,022d21be26ea1508038afaa271aacd08,delivered,2017-08-19 03:54:00,2017-08-19 04:05:28,2017-08-22 16:32:54,2017-08-28 20:29:40,2017-09-13,fed8418e3e633e39d474419dc6932698,2017-08-19
8cfb75065f0afb476ac735606878a893,185493af1240d6356f4ab3ae4033ec00,delivered,2018-03-07 17:10:15,2018-03-07 17:31:43,2018-03-09 20:31:53,2018-03-20 19:22:33,2018-03-26,1225c9614c5129a3085416d30d50e143,2018-03-07
7948a599ad3b5be1c5394644d0d4f8a4,1e230d328938b07141e28583f50af1af,delivered,2018-08-15 00:08:07,2018-08-15 00:24:11,2018-08-16 14:30:00,2018-08-21 20:38:51,2018-08-23,7522a2ae7299e2b07aa1b38d1234d66b,2018-08-15
976fa354f6ecccd2abd6d95c676ab62d,94abfe813e83b1072b526539bcbd0d99,delivered,2018-08-07 20:57:01,2018-08-08 03:10:25,2018-08-09 14:35:00,2018-08-13 14:46:45,2018-08-20,353a132b67fce64072f632a8bdc1b6ed,2018-08-07
eef276c7d2a8add364316e714f060623,c79c8d356d92bb1b74efb6c4a7766527,delivered,2018-01-26 15:10:11,2018-01-26 15:40:12,2018-01-29 23:32:23,2018-01-31 19:53:08,2018-02-09,bc19782d13a3729e8ebcd477e849034f,2018-01-26
aeb280e267d4fcf5e2c8da2cbd0ef890,3183ae586c7ad93a3d009b21237b2996,delivered,2018-01-13 00:12:06,2018-01-13 00:55:31,2018-01-15 17:24:46,2018-01-23 17:52:35,2018-02-07,8df826a31ee646f6fe5c45c796777bef,2018-01-13
d62ce432bb1d1056c58fc8b58d30d260,af46eef89eb37fb33875e6531cc2ecfb,delivered,2018-02-11 00:10:30,2018-02-11 01:15:31,2018-02-14 19:27:09,2018-02-22 22:13:38,2018-03-12,06efe14ae14452f6c8cd70696f9478ac,2018-02-11
2105771f19af1ff52afe2a18c984c412,84f563605ea3fca13e318007b5ecc61b,delivered,2017-03-10 02:59:42,2017-03-10 02:59:42,2017-03-10 12:29:50,2017-03-30 17:12:37,2017-04-10,455c17b35969ca198c17f2fc9e8eba1b,2017-03-10
28c05e313e0aaaed61e9d07ad5a62f7e,2508e77547922a7911f976225b310043,delivered,2017-07-20 15:37:23,2017-07-20 15:45:16,2017-07-26 16:13:09,2017-08-03 15:09:53,2017-08-09,eb98c26188f33f7ae01dba6825c4ddd3,2017-07-20
9c9e615a6b717a5c6fd398ef41422f14,63a22e0bf991ea09bf15a9bf0f62e7ee,delivered,2018-04-18 08:19:13,2018-04-20 07:31:43,2018-04-25 02:24:26,2018-05-02 19:58:50,2018-05-14,31211ce721363d74816326589e637b60,2018-04-18
edbb939fffa4ee03b8ccf49ed3f6e66e,2f36d971005f4a8a072667fa2e5bf407,delivered,2018-04-26 23:33:22,2018-04-26 23:49:42,2018-04-27 13:12:00,2018-05-15 17:14:26,2018-05-25,e7f05de61a01a07f06bca3583c2d8ce1,2018-04-26
983de0fdf98ff06d6cf1c379f7540f7f,2b468844813abceb44b6cd3cc7dc6b81,delivered,2018-06-11 21:04:10,2018-06-11 21:40:32,2018-06-12 18:14:00,2018-07-03 16:03:56,2018-07-19,7fd17ce864ad5c091f999f9f0efaa93c,2018-06-11
5f739b9d416fe64eaaca0f74c6a96239,2740275ffdc269b76a204c20fbb880d5,delivered,2017-12-01 14:16:10,2017-12-01 14:39:00,2017-12-04 23:24:39,2017-12-12 22:18:58,2017-12-26,e01719d1077d8e338be6d5b91b24947d,2017-12-01
de170050f62caffbd0b8b077187ba262,83fdbc7a2c69f371538d61721ae5f507,delivered,2017-11-22 18:55:53,2017-11-22 19:06:38,2017-11-23 23:11:46,2017-11-30 19:14:05,2017-12-22,07acb09a41aa1596aab43daa0f9c2e80,2017-11-22
d211250c55eeca57b507cfe8e97e8d7d,d9a86687225f7fd77a54eeef4e5dba4e,delivered,2018-02-15 14:34:24,2018-02-15 15:06:57,2018-02-16 18:26:51,2018-02-21 22:15:48,2018-03-07,a7f680dafd814cd6fe5b37cd0e623a5a,2018-02-15
283a7afd444a9a463b7bc938f0344f70,71c87b1447c3045b2cc7e46235eef43a,delivered,2017-06-23 01:55:44,2017-06-23 02:05:07,2017-06-23 10:42:47,2017-07-03 10:07:48,2017-07-17,ddaa84d97afb2d3d932f167f60a5d716,2017-06-23
66673d07632c70dc8a9393c230b2e275,95352b0833aad8e54a296a597fc84dfc,delivered,2018-06-29 12:14:56,2018-06-30 04:35:20,2018-07-03 14:15:00,2018-07-13 20:59:29,2018-07-26,fc5bf54fd1332bf5d849bc5e0c751a71,2018-06-29
8481478249ba7d8799056856230b56f9,44cf54f2e6b9ba1a2eea3231a300c24d,delivered,2017-11-11 13:30:50,2017-11-11 13:50:20,2017-11-13 12:14:58,2017-11-21 00:02:55,2017-12-14,0390ca8fbd1fcf29c61892ceb9fe45db,2017-11-11
e0f3492b65c9f4b2e1ce0453ab64b72a,64372f00dc8abe94d9017ec307570942,delivered,2018-01-22 11:34:24,2018-01-22 14:53:31,2018-01-23 22:38:59,2018-01-25 17:33:55,2018-02-07,f87de6fbe657522de5572ae2f2353ad3,2018-01-22
4cfd0406d7db1d6877a1f7cbbaa722bc,6298ba3029dfa6658693e1b36ce1842a,delivered,2017-11-26 14:55:20,2017-11-26 15:14:23,2017-11-29 11:51:21,2017-12-20 23:22:12,2017-12-21,212dff73941d7289377ecac3f5021cd3,2017-11-26
adcc8462c02143ed9914cc08bf3d6136,7bffb08b36c8d94c9a3d1c6c3a3263ad,delivered,2017-09-11 12:20:35,2017-09-11 12:35:12,2017-09-14 15:43:08,2017-09-25 14:50:22,2017-10-04,5e56701952734f813152333743780891,2017-09-11
b2728d138cc3cebb796105eedbb4784a,e80a15b9bfbfc93d266599c844f56c8b,delivered,2017-03-20 19:12:46,2017-03-20 19:12:46,2017-03-22 06:44:33,2017-03-29 16:43:41,2017-04-13,e1b5274987593318a464a7db745e2064,2017-03-20
c2df028c86d4158c1bae5a4028860656,0c97be3891f7e2598f4e113dbdb6e528,delivered,2017-12-30 18:58:47,2017-12-30 19:07:23,2018-01-02 20:02:52,2018-01-04 22:47:45,2018-01-18,a1c931aa70c8e7361a50e7b3caa98876,2017-12-30
e1be3305b8d5ce4a075e7795055788e9,e87997d4b2cc76882dac94784dc41ada,delivered,2017-11-23 09:21:45,2017-11-23 09:32:11,2017-11-24 20:55:52,2017-12-09 10:52:46,2017-12-13,2def482b659aae2e2620d4c3abc81bc3,2017-11-23
1d812d7b785dff5e4568cc8f7e76f230,00bae1a0d3566c3af0c3c67fd2204935,delivered,2018-02-22 16:11:14,2018-02-24 02:51:09,2018-02-26 22:39:46,2018-03-06 19:06:41,2018-03-19,66d201c13937598dd4e036788a10a203,2018-02-22
d51bd9a2ba2a0c6d76955459164d238d,b88501b556eb6ca99d56add0a47ed16b,delivered,2018-03-30 10:35:24,2018-03-30 11:27:29,2018-04-02 23:28:30,2018-04-04 17:51:09,2018-04-12,3f537414e06fdda9c61ba1e272979376,2018-03-30
0dee58528ed64475b6af5433ef84dc23,bcef5de9c6261c340bf350662b4a6872,delivered,2018-01-24 12:38:18,2018-01-25 12:31:28,2018-01-26 15:19:58,2018-02-07 19:25:33,2018-02-22,da31a1d899e1176fa4476f6cc1a0542f,2018-01-24
5f332fa4ad3167e08253c656a2fae4cc,f092dc5c7219f24ce749882d2e11c43b,delivered,2018-05-20 21:14:51,2018-05-20 21:38:26,2018-05-23 13:17:00,2018-06-08 12:40:51,2018-06-20,e526cc0d06f2d58a41626d21f0ada4e4,2018-05-20
c590ba67ec2c2ec0625ec1f9119b6598,73030ce73a719fa299775db21dc5033d,delivered,2018-03-20 11:19:37,2018-03-21 02:49:07,2018-03-21 19:18:34,2018-04-04 15:07:04,2018-04-18,111efab0031b5c6b18c5f17760f8b338,2018-03-20
a437b04047ac97f23b5baf153991372b,44a89ae5208fbe0ca6280cead9622fda,delivered,2017-04-23 18:54:11,2017-04-25 07:55:35,2017-05-02 19:11:23,2017-05-11 09:29:48,2017-05-11,20f22bfddcbd75ca3a2e801701b58eb4,2017-04-23
55c53a2d3c60e83064ad06dce6069af5,709de197fcb34c63b216c3cafaf689cb,delivered,2018-07-11 17:37:25,2018-07-12 17:35:11,2018-07-17 14:16:00,2018-07-24 22:15:50,2018-08-14,b2548072b7eaacbe2845a32ae7868348,2018-07-11
28b01f0f5376bd0156e25d9cfd797b35,ff6ba48e587d8075a65326145000ff87,delivered,2018-04-16 17:49:34,2018-04-16 19:11:50,2018-04-17 19:52:30,2018-05-07 23:53:27,2018-05-11,e791b566eeb2e4f257c1a5a6e8bf6704,2018-04-16
9b1d71b20edcf15ab15e0bb4a932f23f,7343c19728d9499883e74b93863dcefd,delivered,2017-09-10 09:14:32,2017-09-11 20:43:27,2017-09-13 21:54:46,2017-10-05 20:41:55,2017-09-29,c38c61e6e0db3f20cd3ce925d795b5a0,2017-09-10
ee2f74bd4af6f0a1995488fbd5c978ec,692cdb57d84a869787575eabbe323218,delivered,2017-11-12 15:38:42,2017-11-12 15:50:47,2017-11-16 19:34:31,2017-11-23 18:33:06,2017-12-13,191e0f453bea7f50ce1fcd514af38835,2017-11-12
60e3ebce36d40be343e1f240b81a811e,55a365cf4d82f1b6e044a0da88b681a1,delivered,2018-04-19 17:25:39,2018-04-19 17:35:48,2018-04-23 16:52:44,2018-04-30 21:22:50,2018-05-18,dfe0f3e7727bb6270b91c28bb8964304,2018-04-19
d3a3e3a97ab240877d7898e0a85e9d37,ba58047d3124fa183ce64088402c6f3c,delivered,2018-08-20 19:01:14,2018-08-22 03:50:18,2018-08-22 14:55:00,2018-08-24 20:38:32,2018-08-24,55d35e9e4fe5836670ec7024dae5b55a,2018-08-20
2177c383835d2102aaffabf80638aa19,ce11c5da877465175182c9082327755d,processing,2017-05-09 11:01:12,2017-05-10 02:42:49,,,2017-06-14,80a0fe15e25dd27bcf6f0d95755aada6,2017-05-09
2b016617466b3d768cebf616e68a3983,640c3b3d8f8dbaf9c95839f3b7944bba,delivered,2017-11-16 14:50:35,2017-11-16 15:07:00,2017-11-17 20:16:51,2017-11-20 21:16:56,2017-11-29,5cdf4ac69b03e14c4d4817b53db660fe,2017-11-16
2b91a37b71adaff0cc49079ce382939d,00cd55d78c1db8aa5f78e95d363373e4,delivered,2018-03-16 23:30:40,2018-03-20 03:15:28,2018-03-20 23:37:27,2018-04-03 02:27:22,2018-04-09,3899fc7fcad23e796f29ac0f2ec6c231,2018-03-16
ea61ed29f4c6dd7b047e92ac87e73392,a0a0edc6aaa1850d9462d1ddcc22dc3b,delivered,2017-07-19 12:07:26,2017-07-21 02:55:35,2017-07-21 18:56:57,2017-08-02 20:59:46,2017-08-22,2274c5fa51c6d8bc10880c772c3c5365,2017-07-19
08cf63d17d15433573bf10ae778045ab,3782b0146ca11125a619eb487dd7b2e9,delivered,2018-02-09 09:53:17,2018-02-09 10:14:36,2018-02-09 20:18:26,2018-02-23 18:08:09,2018-03-09,7b9fdbf39311ea24e456accef9d98b6d,2018-02-09
f8b6d271cb2c002baa7fd9d98d258577,2cd756bc2589c1bccff1bd60a783f05b,delivered,2017-12-18 14:29:33,2017-12-18 16:31:58,2017-12-22 22:44:36,2017-12-28 16:23:31,2018-01-11,edf9297cc47d6ccecdca1789c7eed363,2017-12-18
0cbb4eb8eb55f8386cb8c934ff936358,219ac6264d4fc0182ce6773440355b6e,delivered,2017-05-13 15:37:46,2017-05-13 15:50:15,2017-05-15 11:33:39,2017-05-22 17:04:44,2017-06-02,aa89c9c0b36d35205f4bc13f3ec61c13,2017-05-13
aca5ef1d6df08d476703f538ba867594,ca2138bd02478a64b51c063c4bb7fd8c,delivered,2017-03-28 23:49:12,2017-03-29 01:15:46,2017-03-29 15:37:43,2017-04-07 17:08:13,2017-04-19,7a4c9f57e55ea064c1b84e20a6406be6,2017-03-28
0ca1bac7f133e0eced641bff853f52ea,c38daf55356a31e900fd1f44eb1609d5,delivered,2017-10-31 20:45:18,2017-11-01 03:15:34,2017-11-01 17:12:39,2017-11-07 20:18:45,2017-11-21,af6a2de82194f10015a08e0def0cf911,2017-10-31
88a385737ede49900eeccbcd1d16fa00,5e1d72bbaa87d25e9c72e387b86b5a05,delivered,2017-02-15 12:56:00,2017-02-15 13:10:39,2017-02-16 08:07:19,2017-03-02 15:07:27,2017-03-20,7e7301841ddb4064c2f3a31e4c154932,2017-02-15
7d83d15f8cf6bff14a6be51ed7d16683,1e3bdbcd4096588079be99fcf4355d6d,delivered,2017-10-23 11:34:23,2017-10-24 03:35:14,2017-10-24 19:34:47,2017-10-27 18:16:53,2017-11-13,2160f785d4f84d9a9b8605812c6af43d,2017-10-23
2ee5c3b1af17065d0631baf102930c8e,2a56657815bb20eb7a1bc9afb957e784,delivered,2017-11-20 16:48:59,2017-11-21 03:46:14,2017-11-21 21:30:21,2017-12-05 01:12:20,2017-12-18,ae8d92221ac0113ab44034cb5b550c10,2017-11-20
244ff746320ac713392dff3201120c0d,64786fdb53bdbf2ae4270adbc81d371d,delivered,2018-03-20 15:05:08,2018-03-20 15:15:31,2018-03-22 20:38:30,2018-04-06 23:48:40,2018-04-11,4959db54141eaf0a815b9ab254fcd3c5,2018-03-20
60f262077cbc086086e49d225d09114a,1bee2327fc9d466e7cc69c631f6edac4,delivered,2017-11-11 13:26:34,2017-11-11 13:35:31,2017-11-14 22:17:09,2017-11-20 19:44:36,2017-12-06,33fde9c9e4c9c62c02224ec7d84cf29b,2017-11-11
03fa4271f18542d22ecbb7eb41802ada,8a59aa4c819f3517cb74c672f5564ab1,delivered,2018-04-19 22:44:24,2018-04-20 06:15:10,2018-04-20 20:18:32,2018-04-23 17:42:04,2018-05-08,4108ea48ad6d98fc83df0cb9223df199,2018-04-19
243e95f7ef35f86a258727975245bd4d,354c6800a77f0d4f3c1d08086499e0dd,delivered,2018-06-07 23:29:48,2018-06-07 23:53:49,2018-06-11 09:47:00,2018-06-19 19:18:40,2018-07-19,6c3d1b81e595aba0254605a410702826,2018-06-07
fd97401041e22864ebc2b6b2388d5a8e,06922ee99355bf830408f263ba2c3e10,delivered,2018-02-23 20:39:33,2018-02-23 20:50:33,2018-02-27 23:06:59,2018-03-17 13:21:00,2018-03-15,965b44e284338ef0be919cefaa022669,2018-02-23
8df58f40fe1df92d0594a2ff4993ab55,697f5da4a12635cc0709677e6481514a,delivered,2017-06-28 19:09:11,2017-06-28 19:23:48,2017-06-29 11:24:47,2017-07-05 17:04:20,2017-07-24,2fdd60147e67dd66778b746379a18c1f,2017-06-28
a10eaf1d37ed2040bb65b479fccc8bf5,787ce24878a10ba3edc37411f8a2dfff,delivered,2018-06-11 14:19:16,2018-06-11 14:38:38,2018-06-12 10:48:00,2018-06-14 10:18:52,2018-06-26,9645b21c9729854b350d4f7c595f4037,2018-06-11
b41cfe56ae135b607c1210cd3dd73744,1b5c7a6245081fb431cbc7e64302454f,delivered,2017-07-07 14:33:54,2017-07-07 14:45:14,2017-07-12 18:39:55,2017-07-17 17:46:35,2017-07-31,4e3d77b3291e18789ecc9a4bfbc7569c,2017-07-07
10f727ff394decc79ce4fe9d02d3528e,90a446c72dfcaf840b54bd7dce8034ac,delivered,2017-12-12 18:23:41,2017-12-12 18:31:52,2017-12-13 19:42:58,2017-12-19 19:42:39,2018-01-10,b475dac05aa47932671e811996dfe4b5,2017-12-12
d2fc2b831fe2ab8c9105c66246c93802,6af31d40667393d09cf9e596c5ab9fb0,delivered,2018-02-16 15:02:18,2018-02-16 15:15:27,2018-02-20 12:57:37,2018-02-27 17:04:52,2018-03-15,1f7f0fc2f33d75abbffc9600b86adfb3,2018-02-16
addd750cdd1e291d03ffa31e89eec86e,566b3728a85d64d9446ccc95dec63ad8,delivered,2018-08-14 17:32:09,2018-08-14 18:25:22,2018-08-15 13:45:00,2018-08-23 15:57:57,2018-09-27,caa9b67231953f5fa8f8550fa8d70bb5,2018-08-14
f512eafa07f2352dec6a35497bccfc65,bcfac056b5c61627f1652a23282304cc,delivered,2018-01-16 08:08:21,2018-01-16 08:18:21,2018-01-26 20:05:23,2018-02-06 17:48:32,2018-02-22,93db63f804c7a1810e53bf03544efb15,2018-01-16
caebb338f575e41c6ff53ac124033ccb,0f6d05e9c956bb1bbd47af66ad74b86b,delivered,2017-09-20 15:05:16,2017-09-20 15:15:18,2017-09-21 16:32:12,2017-09-22 16:38:01,2017-09-29,e7e264e44cacc99a3813e8fc72533ef1,2017-09-20
dbd0a0b89b3fe516f8534b0f5de08534,887e8328775b187e3a8863ecba16f06e,delivered,2018-07-09 10:50:33,2018-07-09 11:05:24,2018-07-10 14:34:00,2018-07-20 18:44:40,2018-07-27,733923b802f2455761814d7704da2a61,2018-07-09
dc7b9b702c0effb86fee8579bff12f3c,b70df5d8ce13c932735c5718395d1e54,delivered,2017-05-29 13:38:04,2017-05-30 13:45:42,2017-05-30 13:59:27,2017-06-02 13:42:54,2017-06-19,56f2dae7f42545c864a7d15c7898fc9d,2017-05-29
2ae4b7aa9e05e499dc71a87e27f0017c,6eb39dd9d1e69c667575f339f084347e,delivered,2017-11-22 19:42:41,2017-11-23 02:35:24,2017-11-24 21:09:12,2017-11-28 20:32:13,2017-12-04,891a64e8fdc0f8fb9a47ebfcdb9c28a0,2017-11-22
9c440fc86e36452b4288efbf2d65dcf5,4eeac7973c20e53807075b630a295b50,delivered,2018-03-31 11:40:16,2018-03-31 11:50:17,2018-04-05 17:56:40,2018-04-07 01:00:39,2018-04-12,a56176db79e4f08b0619930f19b3b96e,2018-03-31
b675c85f6d0f5171914694e00382548d,e536895ab7864eaf78dc9ce8ad805a34,delivered,2018-03-15 19:07:43,2018-03-15 19:15:50,2018-03-16 21:36:49,2018-03-20 20:36:44,2018-03-27,d05a3738cc3bc89d82f3ab71ab1f6291,2018-03-15
747948a9e0576dc3881e63a32fa5ce47,ab629c3a39d46c21aa1e426b6e22e105,delivered,2017-12-19 15:58:02,2017-12-19 17:16:13,2017-12-20 22:29:22,2018-01-09 13:14:32,2018-01-19,148965f37095f74a608fcaf601662d24,2017-12-19
127f3dbf0dfc0da17005ba12e05d988c,aae1dec3df4a219450d7de738f0b28db,canceled,2017-04-27 18:28:20,2017-04-29 02:45:43,,,2017-06-16,c80489e73175d4958c4677b5653d5238,2017-04-27
8c046353553dfa27785df739e508fa5a,280fae5c545891d56a80f5550b461239,delivered,2017-09-28 18:52:53,2017-09-29 03:36:01,2017-09-29 20:02:08,2017-10-03 18:29:14,2017-10-24,3335a3c890772bd267bd0cf161ad315d,2017-09-28
79cbfbf8b4e4102b3aea0d89b2560830,7ea449aa8a4045d570e2d0cb6473fa47,delivered,2018-04-18 20:37:39,2018-04-18 20:50:34,2018-04-19 18:48:34,2018-04-25 18:07:23,2018-05-14,ec32972bf30cbf84fbdee29e77df0069,2018-04-18
ec816a2c8c072f4907171e81a58bed46,ce1b1867b8ff73c07862289d59dac7dc,delivered,2018-02-10 11:10:16,2018-02-10 11:28:02,2018-02-15 12:51:57,2018-02-27 00:22:17,2018-03-12,73d2187253ae230737dde9d6779ed9a0,2018-02-10
c2c7f4f0955b1fcd9425c97f401411b8,dee628e4308cba581d78419dce05b1e9,delivered,2017-12-16 19:31:49,2017-12-16 19:50:51,2017-12-21 21:36:37,2018-01-05 22:20:05,2018-01-23,ef89c781d27561d99c4b90783fde3c57,2017-12-16
595e43e67e03405d594d8c690a73264c,f6fb09a1fc38571f394ffb6ce4116ef3,delivered,2018-04-23 10:28:37,2018-04-24 18:19:50,2018-04-25 00:37:34,2018-05-10 18:19:36,2018-05-25,d792afcd46fadcc021eb23004a1be849,2018-04-23
3f04e710beea0fa7c09842c227f005ad,9e601769a837f171cf58645b7e89da4d,delivered,2018-08-03 20:51:31,2018-08-04 04:15:34,2018-08-07 12:06:00,2018-08-13 22:30:36,2018-08-20,525e9dbf2f675f893b9f695d5ecefb31,2018-08-03
8bacc2f32b92ef5631a9c135352efee2,d3899636621793bce495e52632ae5b2e,delivered,2017-04-18 22:44:26,2017-04-18 22:55:24,2017-04-25 15:37:33,2017-05-15 12:08:21,2017-05-24,b4b90b2b382d7691962d0f7704a4dc06,2017-04-18
aae35f8d7c5a9806060218e572d8370d,2ce3065b5ddebd3b59b31861d2f9bf5e,delivered,2017-11-30 23:14:31,2017-12-01 10:31:17,2017-12-04 14:48:46,2017-12-15 17:39:07,2018-01-05,85ed7212fe192ab02ab44c95ba87868e,2017-11-30
1f8f107ec282753323eb8c093b00767c,2bc7f60e995164669011e304e5db2dae,delivered,2018-01-19 09:07:53,2018-01-20 09:08:52,2018-01-23 18:32:19,2018-01-30 19:53:11,2018-02-14,80a64f995d6856775e1c12a6e9116b57,2018-01-19
c349154248a3236a01cba7d40dbef250,b258506ae96a283a3530790689693e19,delivered,2017-12-04 14:12:13,2017-12-05 04:13:54,2017-12-09 09:58:37,2018-01-11 22:36:06,2018-01-05,23eb4dead10ccf85749603687fe9e044,2017-12-04
cdbd8e67ad713458b75e3543d685f456,094cafa0ff204c7f367f840ba94209a8,delivered,2017-12-18 20:45:14,2017-12-18 21:51:48,2017-12-20 15:37:38,2017-12-26 18:36:52,2018-01-16,82e1a1e7c48fe142617f3cff6c5bfef3,2017-12-18
991bec1822c6466e1a18fbe592a034b0,fcfb42393d756d2101104011a3d81c95,delivered,2018-02-16 11:03:23,2018-02-20 10:15:29,2018-02-20 22:40:08,2018-03-05 18:06:07,2018-03-14,a73eb7f35fddab5ceeb1a45f36164051,2018-02-16
9d7737b250ca12ae1e89ef38f2e5d213,ca17d4fd424a130fa7a57e5465939eb1,delivered,2017-02-07 08:25:08,2017-02-07 08:35:20,2017-02-13 16:16:59,2017-02-16 16:53:50,2017-03-14,0802a1a217680f13264a70ddb7220823,2017-02-07
73420d311b56ca667f78b32cfccea8eb,16d54b87b9a9b62fdbe0efd2521e8eae,delivered,2018-01-18 19:10:52,2018-01-19 02:38:40,2018-01-22 22:49:20,2018-01-24 17:59:44,2018-02-02,27af82bd44b2906618154ac87b14520c,2018-01-18
67eb3ce7b13b9f4112f71b922f69d234,3634a95f9744f906816e3369c09ca6f0,delivered,2018-04-03 11:12:00,2018-04-03 11:29:08,2018-04-11 18:21:59,2018-04-17 16:54:43,2018-04-23,f75492c7227146ecd7c552ab581dc77d,2018-04-03
3c31676dda1c2731a56d31f4157f72b4,59fa4d3923b20aed0ae89cc86febe83d,delivered,2017-07-10 09:21:18,2017-07-11 09:25:14,2017-07-11 18:55:44,2017-07-14 17:34:00,2017-08-01,6a612d163c494321a5a32bca5f558296,2017-07-10
86d5e898f1f6df69168021ad87246fad,2239013efdc86b0fafe3dd57c11a77a2,delivered,2018-05-19 13:19:54,2018-05-19 13:39:44,2018-05-25 14:58:00,2018-05-29 00:27:25,2018-06-01,432330e05e1c2be75c5d88ba69797f1d,2018-05-19
885f4f4ae28b4914c99d01be5bf570bc,bf8408dbf7fb19840ec21ac0c8fa345a,delivered,2018-01-15 22:21:30,2018-01-15 22:30:43,2018-01-19 23:58:40,2018-01-22 20:52:32,2018-01-30,cc17c84ae98d4254235d357b2b38c266,2018-01-15
59b8a01e16359f7855eb1fc04091ca08,dba6a521ff58c91c3b7802383a2b77e9,delivered,2017-08-11 17:35:47,2017-08-11 17:45:16,2017-08-18 17:34:20,2017-08-25 20:37:46,2017-09-12,0a61b571f594b6919601bcf3380da7f7,2017-08-11
330e2bf62773e756f26a7b39ca758c08,bfd1c364658be656137aef5ce944a929,delivered,2018-07-09 12:04:24,2018-07-09 12:15:17,2018-07-10 21:16:00,2018-07-13 20:54:37,2018-07-24,f601e000754b54851347b0b14ca81a17,2018-07-09
095f058cc1daeb1e7ba1c133473090a3,37589709e8da3fb3e3835c7c7b942de7,delivered,2018-04-14 18:14:42,2018-04-15 18:10:47,2018-04-16 23:12:01,2018-05-05 11:41:25,2018-05-14,ef068814b087cac3c1bb6cea58c98480,2018-04-14
dbac9bca550d09c1e25a38dc0086d448,34dc1959beee5ccbddabcbe79132f8b3,delivered,2018-08-18 22:36:58,2018-08-20 10:51:10,2018-08-21 12:25:00,2018-08-24 13:38:52,2018-08-30,8b9e6aa68f935c6c7bd002db3bf66c30,2018-08-18
3e470077b690ea3e3d501cffb5e0c499,4a913a170c26e3c8052ed0202849b5a8,delivered,2018-04-05 19:33:16,2018-04-05 19:48:59,2018-04-07 00:38:52,2018-04-07 16:12:43,2018-04-19,0004bd2a26a76fe21f786e4fbd80607f,2018-04-05
2da17c10595f4473acf4564e3bd57ce2,3019339804e4bbd61f55671c4bc52d8a,delivered,2018-05-15 18:10:29,2018-05-15 18:34:53,2018-05-17 13:14:00,2018-05-18 22:28:36,2018-05-24,940d9d317d40eeef75780396a46f3c99,2018-05-15
bca23b0c0c24178fcf6fb1838fadbe86,42d2d2023056a7b8a7cab5c68fad2fd8,delivered,2017-06-09 16:40:56,2017-06-10 02:45:36,2017-06-13 07:15:37,2017-06-19 12:55:55,2017-07-04,d50400f697ee951d603219bc33e5833a,2017-06-09
1053f48dab84166419bcecff0003c7b9,7b2cbf1521e98968f700c881a38a1663,delivered,2018-03-09 19:20:38,2018-03-09 19:48:15,2018-03-15 01:48:44,2018-04-19 17:55:26,2018-04-06,075184ee2e1b9812f7cc980b787a4ac8,2018-03-09
57c69ed198726d2114eb47ca8c2d64c4,3bf7096ca4aa72588b26d99acfc1a823,delivered,2017-08-31 17:47:19,2017-08-31 18:05:09,2017-09-02 14:26:06,2017-09-11 20:46:53,2017-10-02,fc0daebcdb47ce543e33c0e1a192578e,2017-08-31
ecfe65cfaa102e8a89b64e8847d79314,810aa131ec726be20478b44bae2d8934,delivered,2018-04-30 23:26:40,2018-05-01 03:53:48,2018-05-02 13:03:00,2018-05-11 16:03:03,2018-06-01,174fcc4051bac2ad2dc603347e5d2e7e,2018-04-30
e42404a21e1f2985aa073939b8375da5,fccdeafeeb46d7a1e258e97b5801db6f,delivered,2017-12-20 22:59:28,2017-12-22 02:50:49,2018-01-19 22:58:58,2018-01-25 11:36:34,2018-01-15,fd2111f93b5ea7bdc12f42454235076e,2017-12-20
fd74a95ccfea489d33e78d0c076a640f,75b825be7ed48b117b651c8f0346ab4b,delivered,2017-10-15 14:55:23,2017-10-15 15:07:12,2017-10-17 14:58:06,2017-10-26 18:18:11,2017-11-08,fe43684c93772b6d8b8c68fb6343a676,2017-10-15
2abc183ed563bc04debbc0e9cd90c220,e46a954e026813d17a304893da1e0862,delivered,2017-11-12 16:12:40,2017-11-14 03:35:34,2017-11-14 22:12:07,2017-11-21 18:39:08,2017-12-04,3a79deb2ed11b1ef86c4f8bf08c51caa,2017-11-12
6cd3f2ca1a0a50c0500752842d4dd018,436c99758020926f3516983ac84cb5cf,delivered,2018-05-18 22:38:05,2018-05-18 22:58:12,2018-05-21 14:47:00,2018-06-01 17:53:23,2018-06-11,9194f9aedc33b4f984bcdcc7da7461f4,2018-05-18
08b9d47b3be61595c61eddc50b42ee02,1453fb48451a18493f27e2e36cfb0962,delivered,2017-07-28 10:24:45,2017-08-02 08:35:26,2017-08-01 18:48:48,2017-08-07 13:14:01,2017-08-23,d46de37fe2b8f3bab462d95755aac731,2017-07-28
73b12cfaa8f20bc1ff6b36c9ef17f656,1f8092991f4b9845fb57ffeff3a4aff0,delivered,2017-05-10 13:45:36,2017-05-10 13:55:18,2017-05-10 14:54:33,2017-05-19 12:26:17,2017-05-30,83da9395e9b903250bb02069381cf83e,2017-05-10
bbb0e248cd5ad3480165a7ed356a9d1b,438fcfe9666d1e6d343db1a978811313,delivered,2018-04-30 12:06:49,2018-05-03 03:53:09,2018-05-04 11:24:00,2018-05-05 18:03:48,2018-05-16,8be05568b6b14d52fab3dd61edcf268a,2018-04-30
ef2ad8ca843fcd41ef3395b5f31e5930,51b3c797c38b500b72e45712e8947e0f,delivered,2018-03-16 21:24:33,2018-03-17 21:28:28,2018-04-13 00:44:24,2018-04-20 22:53:31,2018-05-15,fe2d886211a6266da2f527a93a5058de,2018-03-16
dc554659515cf551660a23d201582805,d8ce092ad6bcafc4380d93f54fca6786,delivered,2017-11-23 22:14:44,2017-11-23 22:28:25,2017-11-24 16:43:27,2017-12-13 19:22:13,2017-12-13,295fd2f87bb3ed940c1d0a6aa5b15a26,2017-11-23
54eb0622bfe39fbc377326bc9f327a6a,8e708b1d7995a86a9130ce6267066b3a,delivered,2017-07-20 17:30:17,2017-07-20 17:43:44,2017-07-21 17:00:07,2017-08-09 20:27:54,2017-08-23,d465a25dc97010480e01cd95871d36a0,2017-07-20
7c8ef607483d6add6bd812fcb934dca9,570bf883bce837f8895cdbfd2ebe1310,delivered,2018-04-12 21:33:20,2018-04-12 21:51:43,2018-04-13 19:41:39,2018-04-18 16:18:39,2018-05-11,bc68d76fc88fc15e4f81d571464ecd45,2018-04-12
f2e503ec5863ccf71c41fbe188c1879f,8cab8120c3ee21c5a4b8b2a189f98310,delivered,2018-03-27 11:44:20,2018-03-27 12:08:01,2018-03-29 18:31:32,2018-04-13 23:15:21,2018-04-27,e8b52a437e134cf2dcb5dbb93b29d0d5,2018-03-27
bcc8085a0288cf3353fea3d79ae6b9a0,10fe8f57329b7dde626bdb7ca0398f00,delivered,2018-05-13 13:38:38,2018-05-15 05:32:40,2018-05-17 12:14:00,2018-05-22 15:34:33,2018-06-05,11e51ed66f70f42bde927545b4e43260,2018-05-13
c2abf9bb9aed7fde704bd9b34802c52a,98879612677b8300006561d29870872c,delivered,2017-03-16 13:30:46,2017-03-16 13:30:46,2017-03-17 12:48:47,2017-03-28 14:09:55,2017-04-20,51fa3540caa303144c5ad7d9469caa03,2017-03-16
f067b296555af485cf64c4d69aa38a0b,e3809e6f419c37bf36138579f8bdcc80,delivered,2017-11-28 10:07:43,2017-11-30 02:25:45,2017-11-30 23:21:27,2017-12-04 20:33:24,2017-12-12,236cf8f27012eb2561d859423a532269,2017-11-28
4e77bf9e57e21666590f89f0d68b0041,88d87ad44ce535620cb1e78dc9f72347,delivered,2017-12-17 14:04:45,2017-12-17 14:16:22,2017-12-20 20:45:56,2018-01-04 23:36:12,2018-01-16,55ec642b2a46b662cbfb82ef95875d9e,2017-12-17
cb2e2bf4d2990911417af94995df6adf,6fb5ebfa196681dda53a2c27199a995e,shipped,2018-04-30 20:02:51,2018-05-01 02:55:31,2018-05-08 13:40:00,,2018-05-25,cec0294a268b6436e03f5316627d75ad,2018-04-30
23ec62701b81a534e40494d279ea0b83,dd2b489e0d54de04ef56427126b0d480,delivered,2017-08-23 17:34:57,2017-08-23 17:50:17,2017-08-25 15:10:48,2017-09-04 18:32:32,2017-09-15,c38c7a58e8f7e3509fa51119a3a0973a,2017-08-23
6ec704c9a120baaa6b3e162255ec684b,ea493c4332b771f1c1cf1592c320f8c9,unavailable,2017-12-30 10:52:01,2017-12-30 11:06:11,,,2018-01-30,5d607421da6962c3a1f43b1abccb3119,2017-12-30
2dc5825eb69b865a9c9b8fbfa69c340d,9a0f9aa98b8176aa96732ecc86f540ea,delivered,2018-07-17 13:19:56,2018-07-17 13:30:15,2018-07-23 07:16:00,2018-07-26 15:17:28,2018-08-03,80636347f037db2d8e3cbe3b7a34c120,2018-07-17
fd905a86dde23ea43876bd2c8f266221,e16470b87375801e2d9e881764b7305e,delivered,2018-06-08 10:50:41,2018-06-11 08:58:13,2018-06-12 12:39:00,2018-06-29 22:18:57,2018-07-24,8326f28306a624b3dfc81aec2fc6d8bf,2018-06-08
62a50d53a4e50a04954b779f7ee090db,356f911f4a74dd8d365a720285b1c5db,delivered,2017-11-23 22:27:48,2017-11-23 22:36:59,2017-11-24 21:46:58,2017-12-11 12:38:58,2017-12-22,8bedf33150661f0780786c9a61b7bc35,2017-11-23
377955b64069de71f75ed5378881046b,671e16bbd6fab5c418a797451d9ef568,delivered,2017-11-27 12:15:56,2017-11-27 12:33:37,2017-11-28 16:06:45,2017-12-22 19:05:09,2017-12-20,5efc910e3e46e63215be18cb1fbc9461,2017-11-27
252aabc5aca2bc51672fb4ded077dcd7,5974a7436459910a0a91a5e6cdd9c6bd,delivered,2017-12-14 00:06:50,2017-12-14 00:17:38,2017-12-16 13:38:28,2018-02-06 17:27:03,2018-01-26,6080a210886780ffc895bce6bd114e4d,2017-12-14
856602c4185777967161034778407d21,e9e5f7799a82d42f2ed1eabcbabfdd56,delivered,2018-01-25 14:10:51,2018-01-26 20:53:19,2018-01-30 18:08:44,2018-02-16 21:33:02,2018-02-21,55ce5d7beec2d30e0f4d4decdbafded0,2018-01-25
fe166f25e5b4e549094b37531b20cd19,d4f95045b6d8e14b9854ca5b2495928b,delivered,2018-08-15 17:00:09,2018-08-15 17:15:20,2018-08-20 14:15:00,2018-08-21 17:21:42,2018-08-22,b0bd994fd9d1c590949928d2f319587f,2018-08-15
42ac49d6394099d7c2a5d2d7fd813bd8,e5381e8c6c9fd17625f8ab76bee76b8d,delivered,2018-03-19 08:43:21,2018-03-19 08:55:56,2018-03-20 20:58:31,2018-04-05 19:17:27,2018-04-06,f85414bbf5586e689f360ade9e8d905c,2018-03-19
fbca4283c50aa9846b2fb711093da41f,b905cd2d6fb12189d83870be0d608c9c,delivered,2017-04-06 16:11:42,2017-04-06 16:30:25,2017-04-07 15:09:57,2017-04-12 10:34:50,2017-04-27,68b75d0ffa11262395e86f499004703f,2017-04-06
6d8d35fe33dba5876a6748e641de5058,e18a73e99813ab848fe50a216642fbb5,delivered,2017-12-16 23:02:31,2017-12-19 09:50:45,2017-12-20 21:57:08,2017-12-27 14:06:43,2018-01-11,b0a1c9b0e0f248dc866daad0aa8b4081,2017-12-16
8906cb0ae3ccbd4613940de05579b218,fd5ddf911dca5e102a4856a2ace88a09,delivered,2018-02-12 22:25:07,2018-02-12 22:35:30,2018-02-19 23:39:37,2018-02-21 00:33:39,2018-02-26,69de2f5d39283da764d28336701fa8e8,2018-02-12
d9fb85f3f3239e18e331c9f622d6998b,a48c2e41f8bbd21452646a72838533bc,delivered,2018-08-03 16:25:57,2018-08-03 16:35:19,2018-08-04 09:46:00,2018-08-07 21:21:40,2018-08-08,2becda1b0931e0a482dbbe720d4b84bf,2018-08-03
78cdcb172d0131f82c621d36e496db8d,482106fe3dfb5d9b889c62e60e51273f,delivered,2018-08-01 21:57:38,2018-08-01 22:05:18,2018-08-10 06:14:00,2018-08-14 20:31:53,2018-08-10,a00a134e5138a58ff0ea77d6248dc949,2018-08-01
43d29c6fc78c31c80080d85e5260a9fb,41fdaf0dcabfb53a5556c46cd8cc0a32,delivered,2017-01-05 14:36:18,2017-01-07 03:44:12,2017-01-11 16:25:58,2017-01-16 09:13:47,2017-02-01,fc545111108ebc9bf49eb27c828d25fd,2017-01-05
32c02fe039c39b0f5675fda43d532d9f,49777592155d7d53a5a3143d9f62a3d7,delivered,2018-08-10 23:27:51,2018-08-10 23:44:33,2018-08-11 08:33:00,2018-08-20 22:21:06,2018-08-29,baf1099048e858142a6ea3684365d500,2018-08-10
39d340d25b904393423407b7b5ed5030,5826d0f4bd70a31c10a770bbfdda9cfa,delivered,2018-05-03 21:14:33,2018-05-04 21:10:19,2018-05-07 12:28:00,2018-05-23 17:36:39,2018-05-22,f8d1720cca57b3c6961eb25114347ade,2018-05-03
4e1d5bf07ad851a6470d6b28cfd1f1e6,b19ab8d36d0de6602c4f57aa41e8dabb,delivered,2017-01-30 18:19:23,2017-01-31 20:31:32,2017-02-02 13:58:06,2017-02-09 10:17:57,2017-03-28,580561d937f063a0c4ffe1e4832df2f5,2017-01-30
ea1dcb4757a844d2642547797bd5feb0,4999e129610251dec1e6fb712dc15171,delivered,2017-07-18 13:38:29,2017-07-18 13:50:23,2017-07-27 19:21:31,2017-07-25 19:43:10,2017-08-15,a6cc2b0e951069e78ca04b7c5d68d8af,2017-07-18
1355ee2061d2b2ec16fb59836b808c96,11fb4a84b02d5be5f1bd38d80b185db1,delivered,2017-08-06 16:19:28,2017-08-06 16:30:20,2017-08-08 18:12:52,2017-08-15 22:36:31,2017-08-29,468a27d5bd094619430a55dcddc7eac4,2017-08-06
2a8ceac6f57f939a8dbd1b8d2fac1b19,ba8dfa73b67c1ff15514bbcecaa2357d,delivered,2017-06-07 22:00:11,2017-06-07 22:10:15,2017-06-13 14:22:37,2017-06-19 18:13:46,2017-06-30,2d25199208eddd7559de2cee830eb267,2017-06-07
813ef880f4bd43a937a8c15bd672681d,d073b9710a594b0cbda0ec8fdfbf5d7a,delivered,2018-03-27 15:33:31,2018-03-27 15:52:02,2018-03-28 16:47:51,2018-04-13 13:36:53,2018-04-23,3707f6d56402b6fc7eae5a73583149aa,2018-03-27
d39427c386e367ef8a3e77bcaef4cb7f,a50e121890928010391cbc82c8b8e83b,delivered,2018-02-01 20:44:36,2018-02-01 21:09:59,2018-02-02 16:37:01,2018-02-07 20:26:51,2018-02-23,dd417973d131a2d305cf4102ecba0a09,2018-02-01
4e0d63d72f1cacc32d4cbc36b7d1d176,bce8476cc98277930a248e422354c4b0,delivered,2018-02-08 16:23:51,2018-02-08 17:07:05,2018-02-15 16:08:16,2018-02-23 15:42:45,2018-03-02,a49bd61a0399978d6fddb322d5e9d284,2018-02-08
0ff91985e1cbf76b8e97b408d735f7b6,98a2d639991fc713adc2c95e1b5a3c51,delivered,2017-09-16 15:02:11,2017-09-19 03:44:10,2017-09-19 15:29:02,2017-09-25 17:48:40,2017-10-04,78fcceb499ec9008fcecbaad21efefc6,2017-09-16
fa350da9efbba83c2957b629bf6c2c7c,7497a06928794c94a04ed924922922e5,delivered,2017-04-22 11:35:34,2017-04-24 16:45:13,2017-04-26 10:08:57,2017-05-09 07:22:54,2017-05-26,afc79cb8de7d350f1909eb6dcd0cb8dc,2017-04-22
a2e800724114bf08cc0847941b882a4d,c96e4b1faa66775c112927045ead1c5d,delivered,2018-04-04 17:20:08,2018-04-04 17:30:20,2018-04-09 22:42:02,2018-04-12 17:34:45,2018-04-20,5f2eb40c7352bf49c3876e764133f0c2,2018-04-04
cffc9d6f9230a7eb234ba6f3574db1ff,508c98640dab1de30b6663686fac065c,delivered,2018-02-23 02:22:17,2018-02-23 02:35:26,2018-02-26 16:10:36,2018-03-15 00:19:59,2018-03-26,663a02b5b809485e2e0a1db9a6003146,2018-02-23
6d55fe3b32304e2b54494df5d44379e8,a0e671dcb000ed7d071fa2f308a9c625,delivered,2018-07-19 00:43:16,2018-07-19 00:55:26,2018-07-19 12:11:00,2018-07-23 19:46:38,2018-08-06,7ec00a2a05fe53efc7c3a87f4b97f053,2018-07-19
fa3c71ffffeeb5eb71a5cceba27226c8,11e813f91a44b1a07738e81621786657,delivered,2018-03-20 17:01:01,2018-03-20 17:15:29,2018-03-21 18:46:57,2018-04-13 01:51:02,2018-04-10,0faaf37c3308c120fd273845719604e7,2018-03-20
bb20c4604785ba622d796faf32f66d53,93b341f1e116e77ca817cb52e9f436bc,delivered,2018-02-09 11:21:02,2018-02-10 02:49:48,2018-02-14 22:41:37,2018-02-21 19:53:13,2018-03-05,015e470a59ee1adbb4d6586fd90e4c52,2018-02-09
c0c7bd9b0f4864ea4d1e2671ce38bff8,3ee7951cbdbf56ac257be470c8baa4fa,delivered,2018-02-25 11:38:47,2018-02-27 04:31:10,2018-02-27 19:51:14,2018-03-06 14:13:59,2018-03-21,fa99df1c130d029b5cb2077284790259,2018-02-25
dc825a422ff7a8e462852fc476ba5686,812620275ae6895f00773306dfc75769,delivered,2017-09-27 18:42:32,2017-09-27 18:56:13,2017-09-29 19:38:36,2017-10-09 14:03:26,2017-10-25,b0ee09a612abb2a24044216adc08b665,2017-09-27
12cce3d016df33ce0039ebb4ff5b5111,79ff73ee4e2d30dfe853ed111a3e367f,delivered,2017-12-15 18:01:37,2017-12-15 18:11:59,2017-12-19 21:03:19,2017-12-27 18:37:33,2018-01-10,f7089cec59a3515cbb4d1fbf45c20cf9,2017-12-15
6681acf07c66eff9fee173f15b893de3,9c6b61f2628ac8f47746441b011b6f5b,delivered,2017-02-04 18:07:07,2017-02-07 03:50:35,2017-02-08 08:44:00,2017-02-17 17:17:48,2017-03-16,c1aaaaeca74838e484da2e77ff5e5896,2017-02-04
6defcba2f5df4f21c16be676addd3ce7,301bb7f7306732397e9e0a1c614b397e,delivered,2017-05-24 22:42:55,2017-05-24 22:55:11,2017-05-26 10:35:16,2017-06-14 10:34:23,2017-06-13,77ea34bdf8e32a91d7ffee1f6c4e6a47,2017-05-24
fceb38f42fbf13b53a6253648c8d47cf,d5c38f60d37fed94adf6911209686a32,delivered,2017-05-21 08:02:01,2017-05-21 09:04:31,2017-05-22 16:17:52,2017-05-30 07:17:44,2017-06-13,ac0dbedf05a8aba4b1e0228ebcbb3338,2017-05-21
ac259d6b492dc2248e737fd75bffa70b,a9651fc92d9b667864a91cbec8142b7d,delivered,2017-08-09 18:09:40,2017-08-09 18:25:18,2017-08-10 20:57:46,2017-08-21 21:14:56,2017-08-31,0bf423fbee1a9e814a8c348c5549eb0c,2017-08-09
ec0731e8ffcfd31006b6653b5c0fe392,f90b39e93ec323e6a09e112e03fb186c,delivered,2017-09-06 17:50:25,2017-09-06 18:05:14,2017-09-11 15:42:57,2017-09-15 20:07:43,2017-09-25,29bafed2dc1ef578fea615d3a3176902,2017-09-06
c8350e245c8ca4aa481b246c4afeb1ce,0bfb7d529667db8a81546aa992725f91,delivered,2017-03-21 22:52:10,2017-03-26 23:32:14,2017-04-03 13:33:17,2017-04-13 08:04:24,2017-04-11,ebf2e859da14bffdc1b2837932d4593c,2017-03-21
4037a3583a32f7b85f01628dbab478da,55204f8702cb4ac85c8577d061a88aa4,delivered,2017-08-13 15:49:59,2017-08-13 16:03:51,2017-08-15 19:52:07,2017-08-30 22:47:56,2017-09-06,24c10f505400c92d00d98d13297f0bc5,2017-08-13
86c6e56273d0ef4bd22ba9fdeac0a439,8e48478c4e940ece3f60237f748b9091,delivered,2018-01-14 20:26:38,2018-01-14 20:36:23,2018-01-18 21:14:24,2018-02-02 13:18:23,2018-02-05,3ab4482a775b369d2c068eb2661a6098,2018-01-14
62b3fdb5d9d02edf8ba0cc44095b8c9d,51a3f6ca37ce15e0d719bb118ee10c96,delivered,2018-05-27 08:57:17,2018-05-27 09:10:16,2018-05-29 10:55:00,2018-06-12 21:47:35,2018-07-11,7f9f86b641fc1acfbc8a26052a6cc8c4,2018-05-27
5784dd3f2dfc12119aa244a42ed18b9c,d566b2a7d9a57d0a5b512388c7fc200d,delivered,2017-06-14 00:58:04,2017-06-14 01:10:14,2017-06-14 17:17:38,2017-06-22 15:27:01,2017-07-10,cb4253d36367737b6baa4f8ca58fac62,2017-06-14
3d2d939521e7bcf1be4b407ff2690e5f,c2ddb4af80101150ea4ab7b7de63e95c,shipped,2017-11-24 18:44:16,2017-11-24 22:13:17,2017-11-27 22:37:43,,2017-12-22,82689e662b9ee3779b197585f113a6ee,2017-11-24
c82e3eb519fbd1983966e7c8bff4d6cc,26397f9b3de2b37e5d21fdfe45d4dd07,delivered,2018-07-19 16:54:57,2018-07-19 17:05:34,2018-07-25 13:05:00,2018-07-28 11:52:02,2018-08-08,cb5de55fa00bdce3b35ba4870d33ba1e,2018-07-19
86d8178c00bf4d820e52b4ec4d4b3a21,5e3e76f6b240308f63f64503ad8d11a1,delivered,2017-09-13 22:34:19,2017-09-13 22:50:15,2017-09-15 17:57:49,2017-09-18 13:55:48,2017-09-26,57b29f12929a5677e0299f5da91d145d,2017-09-13
dfc5c1ae34c30f42aba88ae3a51f97c6,09339f204d1b627af024216de772ccce,delivered,2018-06-27 22:15:52,2018-06-28 00:35:09,2018-06-29 12:41:00,2018-07-02 13:29:42,2018-07-12,3adc7b3ea7954aebd5c4fabb0fe735fe,2018-06-27
9db124260fdb15801f3657542b1e29fa,f5ace4ef2568ef0227edb9709a3c0954,delivered,2017-09-12 12:54:43,2017-09-12 13:05:36,2017-09-13 16:17:39,2017-09-29 14:58:07,2017-09-22,3cf84c61470613356758d04aab518a99,2017-09-12
69b324e5a47d15d61742ad9e0e3e5f62,b8b4236f2c8dfe56a8a4b13eb8fcdb4c,delivered,2018-02-08 13:02:17,2018-02-08 13:15:27,2018-02-09 19:48:49,2018-02-23 17:35:27,2018-03-09,d2e452331cd1f0910a35607c59086c5b,2018-02-08
0d6b94a6fbdff968503c0aa3e7bffdbf,0a160d7838c9baf60991f2b623ea69ab,delivered,2017-08-07 18:51:58,2017-08-07 20:03:15,2017-08-09 14:04:35,2017-08-28 20:48:01,2017-08-31,253a63a026e59e4e13818379476836b5,2017-08-07
446783bed4af912fc010915b3ead3b91,8420c67c3e79c468234b1d79a15c4d6d,delivered,2018-03-06 13:43:08,2018-03-06 13:55:46,2018-03-07 20:43:21,2018-03-22 16:52:13,2018-04-06,720d84aae6eca7bf195d5fdadf69f88c,2018-03-06
805c5e08abb1db3756bd998d0aa90d3a,6eb053c6527e98323331236547ec2f21,delivered,2018-04-08 20:29:33,2018-04-08 20:50:16,2018-04-10 16:21:55,2018-04-25 00:05:17,2018-05-09,05f8e6e32b003644892b67fd13a474d8,2018-04-08
3c2988b42a58560a3f8f467ddef9eebb,633431e9aedadd76153cb6a8153921c4,delivered,2018-04-04 19:13:15,2018-04-04 19:29:06,2018-04-05 19:03:11,2018-04-13 02:10:55,2018-04-30,85c400e7c41d5be742c6ae9855d8034e,2018-04-04
dfd3b8be9c79b05f55241f6cd00a557c,176399cb0f604acf4cfe1684fd80cc99,delivered,2018-03-11 18:42:12,2018-03-13 03:50:39,2018-03-14 17:12:22,2018-03-28 19:22:54,2018-04-03,63ace03c7ba627bf2b4b0906b295f2c5,2018-03-11
8b03a3a298d3b5831724d10b7c35ea95,968dff08fe3a49a95c2eb63749fd1519,delivered,2017-10-07 13:34:36,2017-10-07 13:44:49,2017-10-20 18:12:30,2017-11-03 22:23:22,2017-11-08,a2f711878a3c6cb0b01b6b5f69d1d035,2017-10-07
6c95d23402e2f0bd260853d11f45d3b7,76fc8f6114e39b45430e09eff0fbeeb2,delivered,2018-05-14 17:03:15,2018-05-14 17:19:17,2018-05-15 14:37:00,2018-05-17 23:18:25,2018-06-11,4c26b909b9b0cbf1359e77157405179f,2018-05-14
726893c7634806ba896815b5769e8097,4a52dba9433b55f3ed5532b923591af9,delivered,2018-03-27 22:56:01,2018-03-27 23:07:15,2018-03-30 05:08:45,2018-04-07 00:51:54,2018-04-13,b4eab7feae43ec5a12b8a46be62e985c,2018-03-27
c285661a8320d062c60574830bae4199,537b2215fad860dff368ec7bcf1dce65,delivered,2018-01-03 10:50:21,2018-01-03 10:58:21,2018-01-09 23:38:48,2018-01-22 23:28:27,2018-02-01,5760ee6fa1818011681a52e8fd4375bb,2018-01-03
6bae084fa2e6b9972110f6c93fa4b9a3,a68598296c25b9f8fa76e2c23ad978cf,delivered,2017-06-24 09:36:14,2017-06-24 14:55:23,2017-06-29 07:57:53,2017-07-03 12:35:43,2017-08-11,ac2ece36efbb38ff8d1c377ed9f333c6,2017-06-24
f1e419ef48040a2bfda456af0e345ad6,690056484ed8c2a8991de1f268d37edc,delivered,2017-09-16 18:32:53,2017-09-16 19:04:06,2017-09-18 22:33:46,2017-09-21 14:42:54,2017-10-05,cbfcf971ec054f7666cd76c28c53c7a9,2017-09-16
173c3636f03f699cb30e222a549969e1,bd81e308e8a988354b90826cedf558b5,delivered,2017-06-02 13:18:11,2017-06-02 13:30:17,2017-06-05 15:10:10,2017-06-06 15:47:10,2017-06-23,13db70b979f04cc9ce9ee3efd20b8997,2017-06-02
c7436c65f20daf8cd6e18c35a97867c7,61f0e827727727a1a58f6eb63b553288,delivered,2018-01-13 10:43:54,2018-01-13 10:50:29,2018-01-15 22:42:48,2018-02-02 17:32:36,2018-02-14,1a24445f0e6006e4336ecba4ba576e4b,2018-01-13
6fd7aad38ed11be7812e861b8947f7d4,82becb9786935b5880aad883239d6f98,delivered,2018-08-08 13:12:51,2018-08-09 03:45:26,2018-08-09 13:02:00,2018-08-13 18:03:04,2018-08-22,1270e6aadca40eec66377905fff931e2,2018-08-08
f1375aa56cb0446176623bce0a650bdc,8784312ff5690601660ce1e1b4a7400c,delivered,2017-04-29 11:31:05,2017-04-29 11:43:12,2017-05-04 16:30:59,2017-05-16 09:25:36,2017-06-05,66e05eb40f8d647c2a68e9794fbdb010,2017-04-29
3562b1452ae270e6b3ebc1f464cadc0c,236d99d977ae007fdcfb4bc845fd4403,delivered,2017-10-23 08:40:56,2017-10-23 08:56:22,2017-10-23 20:40:03,2017-11-07 19:33:19,2017-11-14,c540aa5574eeb88d5f8a75d3bf3440d9,2017-10-23
427985079f72032e3d53ac33888b88e7,a3e6f5bb46490290dcb0352b40cc9e34,delivered,2018-05-19 14:58:10,2018-05-22 08:56:53,2018-05-25 15:04:00,2018-06-08 23:38:25,2018-06-26,a66c441eed909a1be5447b3490acecfe,2018-05-19
49bf04fe426e7517bbe768c2ba22699f,eff63fb5ce9f9c5ba32d31116c8b61b5,delivered,2018-03-15 22:12:35,2018-03-15 22:30:53,2018-03-20 18:22:26,2018-03-29 11:06:46,2018-04-09,9b1104323a4038103944dfbade23eec6,2018-03-15
8a690db6867c58d3ed896a9a2127746b,e88cc8cbff5f53b1b1e00812ee916642,delivered,2017-10-25 13:43:39,2017-10-25 13:56:26,2017-10-27 20:36:48,2017-11-06 19:28:45,2017-11-16,528553785a32652e5b1f5dc33899f754,2017-10-25
c78ebbd697d902b76f0b9381f22b17cd,3503428a3d15e8996817dd3369735114,delivered,2018-04-17 20:25:52,2018-04-17 20:35:19,2018-04-19 21:28:37,2018-04-25 21:04:51,2018-05-07,908615aac51d5fa23f383006e55fbc4b,2018-04-17
4a64b07f28105fb8ff33ad6f91f4b2c8,cc8b0712a7ec5ad6c11c9dc377a22fdd,delivered,2018-05-30 10:18:42,2018-05-31 03:10:21,2018-06-08 09:48:00,2018-06-11 19:28:34,2018-07-16,f546599ed71aa25a38e930f765d356a3,2018-05-30
aff4313b33f91694afcfa2064fd20878,42439da7ffa1f3fbf13124a30d42dabd,delivered,2018-01-04 10:27:42,2018-01-04 10:39:23,2018-01-08 17:46:58,2018-01-09 19:33:08,2018-01-22,6962878a47e9d4139c78394fb4c2adc6,2018-01-04
0cf04ba4ccc895b3134799f74e4c2557,6a67ec8122d1c3aaff99fb0fed2d198a,delivered,2018-04-17 14:09:10,2018-04-17 14:30:27,2018-04-18 19:35:08,2018-05-03 20:24:31,2018-05-22,c2dc2b9a1777eceaedde12f73466bf67,2018-04-17
bb00f0278f16240891573af5f83f48c5,ec1215f4802e0a54be684377d91734ae,delivered,2017-10-29 20:36:05,2017-10-30 22:31:35,2017-11-01 14:22:22,2017-11-07 23:46:46,2017-11-23,94400c935afcaef71d2590a2efdae157,2017-10-29
9973f9740bab3248c510c83fb2a8960f,0225ea6650051752e6352a65f4316c49,delivered,2018-05-18 09:49:56,2018-05-18 10:46:17,2018-05-18 15:15:00,2018-05-22 17:39:39,2018-05-28,7fb1599a88a6b7d15f100b29908d25bd,2018-05-18
e39da2a439a8eaa3c651d72888b5d700,5ac65f9c50c32dbce8f2ef6b90b05822,delivered,2017-12-05 20:08:48,2017-12-07 20:11:01,2017-12-11 17:36:27,2017-12-13 12:57:10,2017-12-22,8d80ed24d71a9eec08574161a47291d6,2017-12-05
8886ee70beb8a41ff67ea24b357ea228,2c91e3beee30845d54fd4e243cbb4c02,delivered,2017-07-31 17:00:10,2017-07-31 17:10:25,2017-08-08 22:13:05,2017-08-14 14:12:28,2017-08-29,433ce5e5ee0f3094a75c8390d2b97a95,2017-07-31
eceb086306ac6f01d84d456703040293,3a2d2e97cf1969e199af03a22bf53ed6,delivered,2018-04-25 09:42:58,2018-04-25 09:55:16,2018-04-26 14:36:00,2018-04-30 15:14:25,2018-05-16,3b5eb681dfcfa7c345a296a4b1bbf282,2018-04-25
c2774b819e7538c28284f005fd38edcc,ca3b3b0a7b395e376473b89a0e350fc5,delivered,2018-02-05 16:38:45,2018-02-05 16:55:57,2018-02-06 22:57:40,2018-02-14 17:29:07,2018-03-09,ce94ae624d25743b5a418886a26f144d,2018-02-05
cd002226356c8056b3e5d2ab6098543f,ca5a8d53f43c28c976ee6a54bb66d2e9,delivered,2018-03-27 18:21:43,2018-03-28 02:50:28,2018-03-28 22:52:44,2018-05-09 11:05:39,2018-04-26,59aaf8a23bd819df3aba00cf40f97778,2018-03-27
6fc237eec099504ef31e3f3896596be7,1ffc32ce1838eaa0b0d8df34cb96b2f4,delivered,2018-06-12 09:49:52,2018-06-13 02:18:31,2018-06-13 14:04:00,2018-06-14 16:46:44,2018-06-26,ea771ec8b5df14b42149327300216f51,2018-06-12
76f9204ee569a062f27c7e6e5c51983c,e724e3027c657c81b466b6dcb418364b,delivered,2018-02-05 10:11:19,2018-02-05 10:32:07,2018-02-07 19:52:36,2018-02-17 13:57:04,2018-03-07,6dfebea9c80b931762d19f3276d82280,2018-02-05
f0b3358d0acb067d9c09d3fb376a5e0d,9898e7a6254ea0e7e8bd2bd10a2ce2f7,delivered,2018-01-02 13:37:04,2018-01-02 13:49:26,2018-01-08 14:34:46,2018-01-12 20:57:06,2018-01-30,8a3b2a4cc28d91f16a8e0dc4d08bc0ba,2018-01-02
ae134de5629ae433d7a526ffb396750a,881ecd568c8e9b78be7c86580059c248,delivered,2017-07-10 15:45:50,2017-07-11 18:50:11,2017-07-13 13:15:59,2017-07-20 13:37:23,2017-07-24,e0e333056bddce25fefcad356e3f8029,2017-07-10
babc844d408abfa49b0c875fcc3738d4,ffe1eab23bff108bf37c973b05d4e9ba,delivered,2018-08-18 08:43:29,2018-08-20 11:10:05,2018-08-20 15:49:00,2018-08-27 19:46:41,2018-09-11,6fa76b0d56f88c4685b9e12f1d8a4220,2018-08-18
7df9eb31da854b5933f29c618f9a6c59,2315ebdf0fb52060560274ace5fc5fce,delivered,2018-02-19 12:18:48,2018-02-19 12:30:33,2018-02-22 01:06:21,2018-03-07 23:38:33,2018-03-14,380cff30e63b0c764de4b75f32d6a323,2018-02-19
fe8f4055f38e22b71472cea8d0d2ecbf,f5dcce7b8103b1e9756f13555318045a,delivered,2017-03-29 15:06:13,2017-03-30 15:50:17,2017-03-31 16:19:10,2017-04-06 14:34:10,2017-04-20,08d4a52e91433741a01c445badbcdd17,2017-03-29
a26bdfa860437e3b9199a81b6003d928,863e3a165607322347d4d4d2f051d519,delivered,2018-07-31 07:37:42,2018-07-31 07:50:12,2018-07-31 16:26:00,2018-08-07 21:04:31,2018-08-14,37e86a77329c08569629e718cda02cbd,2018-07-31
39cb3c161fca712dbe881de9eccfe19a,2d91a3bbd8ccc17c9b5ef5758f2b5fe2,delivered,2017-03-15 21:19:51,2017-03-15 21:19:51,2017-03-21 17:38:42,2017-04-11 12:20:08,2017-04-12,2c88ae9990320d917845ad5ac1b38b41,2017-03-15
2ff5a9a440a7153c1eb3651f16f631c4,6faedef7d910ae07797891cf9e262af5,delivered,2018-02-17 12:10:19,2018-02-17 12:26:49,2018-02-23 17:36:55,2018-03-02 17:33:42,2018-03-12,3df709072fed7dc8efef3e7595a09e5d,2018-02-17
048846960b74c996a4af7802498f52f2,7a085850c3eb2e98ea58e13502a3b4ba,delivered,2017-06-06 13:59:52,2017-06-06 14:15:07,2017-06-07 14:59:31,2017-06-09 18:07:34,2017-06-20,bcb5ac806d7b044434c32b9185e89e04,2017-06-06
682779e328058fb2b64a2d79f9855a27,dcb3960c459074de5ea387252fa5b8d1,delivered,2017-11-11 17:41:30,2017-11-12 17:35:29,2017-11-18 00:18:45,2017-11-23 19:04:48,2017-12-04,e2ab3a921e9060b900aba73bede6e85e,2017-11-11
2b1d82acc9561318937048bf5ea0a990,b9c2587a0c43c2e078f1beeb3ab78a00,delivered,2017-08-17 19:47:28,2017-08-17 20:25:22,2017-08-21 18:23:39,2017-08-24 21:05:19,2017-09-11,750b9fb35b3b01557b00bad2d716b748,2017-08-17
36c7fab784bf8876dca0c2c59183e692,98f6a15fb7c7964452d97ae8713fb621,delivered,2017-02-14 12:49:54,2017-02-15 02:55:36,2017-02-15 11:45:46,2017-02-25 00:31:41,2017-03-15,face28a7a8462fdde778e2b28ec6422f,2017-02-14
870e485d122051fe03f9acf1049d2d09,238055ca3f7022d97d4ef190612c5205,delivered,2018-04-29 15:00:08,2018-04-29 15:10:43,2018-05-03 19:01:00,2018-05-04 21:18:26,2018-05-15,412ac49a0e314bf1e97ac5802d2c253f,2018-04-29
e25f6eca6acb03e66f46143b18fa6829,b6181936ada8baff0ad3239156cbb691,delivered,2017-05-13 20:16:01,2017-05-16 03:22:30,2017-05-19 07:19:51,2017-05-22 07:36:50,2017-06-06,e83bad81e63e93a6a95a573cba3519bb,2017-05-13
546fb5e88f96553369c04bd920b9becf,04cf986f0c5486033b0790fbcb6452ed,delivered,2018-04-30 18:55:19,2018-05-01 02:15:24,2018-05-03 15:05:00,2018-05-11 16:28:48,2018-05-29,5a113bd934e8b75919fbddeef0f9282d,2018-04-30
13b825fdc28948500cfc7a03eb975fbc,669b06cabc9d39c1bcc52e6889e1318d,delivered,2018-02-13 11:05:56,2018-02-13 11:30:22,2018-02-15 01:28:57,2018-02-21 20:09:22,2018-03-12,f0903f4311560f0f99dca752df6dfa67,2018-02-13
b6f445cf5a3df2567435ce41a1ad3708,8dfffab81aa1ae858598d70c91b69122,delivered,2017-07-24 13:40:42,2017-07-25 21:45:10,2017-07-26 18:49:46,2017-08-09 17:41:41,2017-08-25,b1df71e54705d81ffb072b96035fcd83,2017-07-24
d2778bedb92f5e0d8d10a0a7c3ffd2f2,253d88df078c198b41a10a3fbd4c4667,delivered,2018-05-24 00:22:58,2018-05-24 00:35:07,2018-05-24 09:45:00,2018-06-04 18:08:50,2018-06-19,f58b624587c166dc243abc92d8128b9e,2018-05-24
22ca2c0914d6a325764b5d09f54c1c00,5b88b885457237b574a2496d634bb905,shipped,2017-03-11 09:44:32,2017-03-11 09:44:32,2017-03-14 10:44:52,,2017-03-31,7ce718f89c67398367c2c8661bd6fb0b,2017-03-11
718b0347307048ab53739ec0458eb9a4,170c146979f65f866aaf118ad91d8d5d,delivered,2017-12-23 20:49:02,2017-12-23 21:09:07,2017-12-26 19:28:45,2018-01-25 22:42:13,2018-01-26,f8155cc5cc62f52e8e74806e535589a7,2017-12-23
95789d8c645027ebad06866c20ca409d,c157189f93c2907d96bbcc14573f5e8e,delivered,2017-09-05 20:18:06,2017-09-05 20:30:15,2017-09-11 19:35:45,2017-09-15 18:28:53,2017-09-22,f210c98fb60acdcea32f694f00ac7868,2017-09-05
c61c0270f78b8e83946c5ea769c2cff9,655e4ac9743faf6ec2d032a75c002723,delivered,2017-05-17 10:22:14,2017-05-18 02:31:40,2017-05-29 13:42:16,2017-06-01 18:56:30,2017-06-13,89e5359fa2be142772cde79e34891dd0,2017-05-17
d8f7f9be7fb1c9734fecec3ba39cba52,6488f2a76eab9b9daeba726d73c2e762,delivered,2017-02-22 21:38:59,2017-02-22 21:50:16,2017-03-01 10:51:19,2017-03-07 14:23:49,2017-03-21,b96c32251a4b7a0555341d03afa8eef7,2017-02-22
4ccbe923ee3f46cb221f6efd5a2fce46,5509194da789aaa612594cb987c5d451,delivered,2017-05-30 19:58:17,2017-06-01 03:50:20,2017-06-08 10:52:51,2017-06-22 12:24:02,2017-06-26,47dd6e418b9cca1890da64367fc87454,2017-05-30
aa46951898e69724ebbcfb1c6cd4879c,52d0c49912765b6dccd9bbb9f1f5cb85,delivered,2018-07-22 12:14:28,2018-07-23 11:31:25,2018-07-23 15:07:00,2018-08-06 16:31:51,2018-08-06,34383fef7f83d7dbad2d575940bbfac0,2018-07-22
1cd6dbd1ca9fa0233fdae069c422f48f,24e7a173733006aca99832f296659e62,delivered,2017-09-18 14:01:02,2017-09-18 14:10:22,2017-09-19 16:27:38,2017-10-10 20:12:23,2017-10-24,ce08156f0b4538295804335617df0040,2017-09-18
c093725142d6e40dbbe38e657c8966c6,726ff65b6ba6b18f48504f89db904963,delivered,2018-04-01 23:08:54,2018-04-03 05:10:33,2018-04-04 01:33:23,2018-04-18 22:04:25,2018-04-27,f44099e91fe66e388a73f5e4ee4ecd8c,2018-04-01
ae9a9e54b4927c718d4e66073b5acf33,300e7a0ece4aa3aff333829fffd19179,delivered,2017-09-19 10:46:03,2017-09-19 11:05:44,2017-09-21 18:54:59,2017-09-30 13:49:46,2017-10-09,c87924d33e36634a62378933ece1343b,2017-09-19
77129217c76b6dcb453393ba67cff13e,3095ac11dd2c72f1387b522cd6033661,delivered,2017-11-20 11:27:12,2017-11-20 11:46:23,2017-11-21 23:37:43,2017-12-05 20:17:02,2017-12-12,460aa5bf21f70b578ac7a997483cc275,2017-11-20
ff27e1834865dc01e39567836980d12f,1bfb8f3c031530d0b0a10e01c714c470,delivered,2018-07-13 07:19:54,2018-07-13 07:30:20,2018-07-13 14:07:00,2018-07-23 19:42:38,2018-08-03,b36a28beccc1c78bea1473814736ed9c,2018-07-13
a484a3b382ad9e61385e85f22607e135,f3ad67b1581156529c0f795da0622ddf,delivered,2017-08-18 21:51:45,2017-08-19 21:45:10,2017-08-22 17:04:18,2017-08-31 19:22:13,2017-09-20,09eefdfadd9f432c75355f95f51b2da3,2017-08-18
34a254b2668083c77b9158c151571877,bd026bdd374fc832ac47cf6d01e64bf7,delivered,2017-10-06 17:10:58,2017-10-06 17:26:39,2017-10-11 21:36:45,2017-10-16 20:57:45,2017-11-03,26832dc76d1a05cc0972247fb1bdcdf9,2017-10-06
fcab81c753507a9453c01a1b9e136d2f,5165000b455801f536ef90813b9a4499,delivered,2018-01-29 22:13:07,2018-01-31 13:32:19,2018-02-05 14:05:49,2018-02-08 15:34:16,2018-02-20,0e892e090fb1f8f86c2dd08805c32467,2018-01-29
57d1548a5e964a5d6d303ff32de7859f,8cad5ea5d951df9c2745a79c027b239b,delivered,2018-02-14 18:04:45,2018-02-16 07:55:33,2018-02-19 17:33:41,2018-03-07 09:42:01,2018-03-20,5b881f1b0bea55f5933b61c9a99c9ecc,2018-02-14
3517c4c24184e3c518a1c8319dc60765,7d33b236218941a7bca694abb998eeda,delivered,2017-09-06 11:16:05,2017-09-06 11:25:21,2017-09-06 19:10:09,2017-09-19 21:17:41,2017-09-28,d0c62583f73531eba6338b2390e7a861,2017-09-06
12d25d7a8e7c08f437b1d6129cce93ae,4d71cfb094a509ab008017d24063ddb5,delivered,2017-08-29 09:42:04,2017-08-29 09:55:21,2017-08-30 21:55:00,2017-09-13 16:54:32,2017-10-03,c96e44dd7772d9bb112f6da7ad691b0d,2017-08-29
0c35edbaa0be6feafb77f2846a3750fa,fb8b676e8673ddd7d4e235130ec65362,delivered,2017-11-24 12:08:29,2017-11-24 14:38:33,2017-11-27 20:22:16,2017-11-29 20:22:21,2017-12-08,e987698e04fbb20def6a810f1c249da4,2017-11-24
5c1da208717de55192c6556da7d1f0c1,ffa9ff0c2fa827f12873d6936df22164,delivered,2017-02-02 13:26:08,2017-02-02 13:35:10,2017-02-03 11:55:56,2017-02-10 10:23:45,2017-03-01,11711367808fec049e0b933233174365,2017-02-02
9b5efb42ba88b4bdef7e4a84b439acc3,5146d2de3f8139107458758bcb6d3db7,delivered,2018-08-05 16:31:22,2018-08-05 17:04:14,2018-08-07 08:26:00,2018-08-08 23:32:08,2018-08-30,bb6069c06ebe289c666ac63a12d1443b,2018-08-05
a8b4dfc1843395b826a9d9a5cf0a5bc8,2f80bd4fe578e6516584e82a6e475107,delivered,2017-03-01 23:23:50,2017-03-03 02:15:37,2017-03-07 08:48:01,2017-03-22 12:13:10,2017-03-30,dd8cdea52211bcbb80c74476057d84e7,2017-03-01
e93eb47bed2556150d399b6cc03c4e60,8d932e9a418ca6e6b48bcacf45aa0993,delivered,2018-01-21 23:39:13,2018-01-22 14:04:28,2018-01-24 00:04:21,2018-02-02 00:52:05,2018-03-02,876ca68be83ef8385a63eb0a0fdda2aa,2018-01-21
eaec582d6403b30186964f6df957047e,1318775058e4321f5018e2fe470947cd,shipped,2018-03-21 23:45:08,2018-03-22 15:35:30,2018-03-23 20:47:54,,2018-04-19,9ee6a2c5655e8fc3807cb35989933271,2018-03-21
85a4fbdba48c815924115fb82330071c,ff93b4413884cd9b2d851e9133d8c1ab,delivered,2017-05-24 19:20:02,2017-05-24 19:30:48,2017-05-29 08:05:45,2017-06-06 14:55:57,2017-06-20,e9b87dccd9c326a3325385087eb0150c,2017-05-24
76e240e4908ef93d0701e8627b46fb98,73029b336c9c20deb25167b6cbb2b1dc,delivered,2017-10-30 13:09:00,2017-10-30 13:27:36,2017-10-31 16:49:46,2017-11-07 23:07:28,2017-11-17,db85a8c19ec3c0e7a80edacbf7e6e43c,2017-10-30
5b1629115cf38158bd2f439bfbb69d08,feac61f9b2103facafb08f447664c598,delivered,2017-02-17 11:22:13,2017-02-18 11:25:14,2017-02-20 14:25:15,2017-02-23 16:04:00,2017-03-22,51049b1905107596bbb79961d34da94c,2017-02-17
56db5b03dc275ea7e773ea8b097ac795,ea9725a3d5bc2c6b09e6bed12ee02a6a,delivered,2018-03-03 22:26:12,2018-03-06 03:55:51,2018-03-07 19:37:26,2018-03-15 13:32:30,2018-03-28,d5f2755878123a8b5090a1ecfc2c8091,2018-03-03
9e05956862c333308733e2155ca16950,185c0ab94dcd0aaf2b9f6f0b1424527a,delivered,2018-05-23 19:46:14,2018-05-23 19:55:50,2018-06-06 13:18:00,2018-06-09 00:38:44,2018-06-19,a2816010e66c2b2e4acb191fce3bbcf5,2018-05-23
26abf01a363e544bdd173cd8aac107cf,288e4f877f14acb0b9823c5cbf408b45,delivered,2018-05-13 19:30:39,2018-05-15 05:14:43,2018-05-15 14:44:00,2018-05-18 12:05:22,2018-06-04,307dd3ab0ad7900a7c239e9ea2acc7a3,2018-05-13
bdaa94a07026daf1f4f152151b223588,6c0884dc74447fe375a964ce086d614a,delivered,2017-10-09 06:44:51,2017-10-09 07:20:15,2017-10-09 20:14:03,2017-10-24 18:53:51,2017-11-03,855a147916da11bb885117dcc272c9c1,2017-10-09
d49efe682cbc3494ff3dee6263ff7164,b3fd4b54ff2cc5156f17db70dce41aac,delivered,2018-03-22 10:09:49,2018-03-23 02:31:02,2018-03-23 18:25:31,2018-03-26 18:14:27,2018-04-05,5b43d4825caf7058ddbaa8f1f6e7f81c,2018-03-22
00f86b368251d739f1896d41469b2b7a,14c152bfbd60c86aa6bc4d4e68a9378e,delivered,2018-08-17 23:15:06,2018-08-17 23:30:08,2018-08-20 12:33:00,2018-08-28 18:12:12,2018-08-31,51364d114acc5ab07134bd34edaa1722,2018-08-17
d730d8d0ea3149120703933fdf98b2d4,ce2a66464da8b80dedd7639a6e489a58,shipped,2017-01-13 20:12:41,2017-01-13 20:25:16,2017-01-16 10:23:19,,2017-02-09,604646306d7dd997cb030962126a05ff,2017-01-13
c20f5cf8451a562b0fc50dd48fc8d68a,a84e0599bc69dd52b14e2fb4a1f3ff9a,delivered,2017-11-18 16:58:38,2017-11-18 17:15:21,2017-11-21 15:52:58,2017-11-22 22:09:19,2017-12-07,4587b42cc2b74f250c75548038ac4586,2017-11-18
70ee39a40074e0c39dda6d286a77d5c5,410bf44fa819e660e2fcaea12c35af43,delivered,2018-06-25 14:30:51,2018-06-27 08:29:48,2018-06-29 12:29:00,2018-07-04 16:14:53,2018-07-30,4092bf290aa60e4f2d4a0dcc2f38c954,2018-06-25
070fcffce3b0a655482d4f5f11607599,b82fcfbb09d3c02e8a173bb8b02e6504,delivered,2018-07-19 04:16:59,2018-07-20 12:15:16,2018-07-30 06:43:00,2018-08-06 11:22:03,2018-08-09,0f700cf8f23d5ffd9f3a034132c1d84f,2018-07-19
a946d303fa4b1b68eebaf28216e3442a,baa47b562bdd4118b6b923aa24b14119,delivered,2017-08-25 22:57:02,2017-08-25 23:10:10,2017-08-29 18:33:38,2017-09-04 20:33:30,2017-09-20,040771bb467e731e2f7946b575c319be,2017-08-25
339d0b50bd16829e382509eafd0ba1b6,07e64b2722ddec4df9b603e96def8ede,delivered,2017-11-29 11:47:31,2017-11-29 11:57:31,2017-12-02 14:13:11,2017-12-08 16:31:45,2017-12-20,b62b78d2b2557632f9fcaadd5d7c27b5,2017-11-29
4639d13dd176fbaa7ea1b4429449b8ef,9012842fac2badd2da4ffc0febcc9a3a,delivered,2018-01-10 22:43:39,2018-01-12 02:38:35,2018-01-12 22:49:18,2018-01-15 15:12:50,2018-01-29,ff47f8d8c519a1140725612c2d6162d4,2018-01-10
0615cb58aaa538ad222e5ce52b5cc2bf,5409f7748ccbd09483a4cd5e827a47d0,delivered,2017-03-18 21:08:16,2017-03-18 21:08:16,2017-03-21 08:45:36,2017-03-27 17:53:33,2017-04-24,a4587ba7c7efa732b3902638a6e88e87,2017-03-18
bb21240e76cdc74a9b8e4dbc8f846c51,77d0b9c2f9dc9918e0dd1f09c095d1b6,delivered,2017-06-17 13:35:06,2017-06-17 13:50:15,2017-06-19 16:12:57,2017-06-29 12:26:36,2017-07-11,e9a2267d90aba3e5ea9c9fc15bd8d343,2017-06-17
3ee3908bb8219eefa5d3699d6fdc6d75,6c1433334b9652a4b751fe18aaaf4225,delivered,2018-05-10 10:49:01,2018-05-10 11:11:11,2018-05-10 15:22:00,2018-05-25 15:05:23,2018-05-28,7d254f1bc170b393e1867073b8e12d89,2018-05-10
0ff4f3385afd05bfdf9a3c39fb32766b,360d84083dc972ab6f34d90ee8c44dbf,delivered,2017-11-03 15:14:03,2017-11-04 15:10:29,2017-11-08 19:03:15,2017-11-17 21:28:42,2017-11-23,8588ffeed09487d07cfb0442a51d2b0b,2017-11-03
ccd2795b4fd33757b039fb15b8a12109,e21e09c974438b29525fc0e318648258,delivered,2018-08-15 16:58:08,2018-08-15 17:10:16,2018-08-16 14:27:00,2018-08-17 22:51:29,2018-08-28,53cc7338a7d5994fe8baa28a039d2343,2018-08-15
8d04cc6c75bba21874268deda821055d,424b42e2d01114b7af0d3950259acb27,delivered,2017-07-15 20:34:24,2017-07-18 06:10:25,2017-07-20 13:22:28,2017-08-16 16:37:34,2017-08-16,65167699456f1d387b90cd6ba2cfed6a,2017-07-15
cc8791078134803e82728472be137f38,b21a5f2bdcfbef67004e8572bd4ba9f7,delivered,2018-01-18 13:55:14,2018-01-18 14:15:05,2018-01-19 23:52:13,2018-01-21 16:44:47,2018-02-02,b3933f964971e7e4286dc1bd8dafd851,2018-01-18
3ad043d1c1455d9bfce6c14877cac318,9132adfc6d71e0a95f4f3bbaccfb30f7,delivered,2017-11-20 12:47:45,2017-11-20 13:16:46,2017-11-30 21:52:37,2017-12-28 17:19:19,2017-12-13,ff913fbe58ff8a761c3b01f4c718fc85,2017-11-20
6aba5fd844444953a171f0bd61469a8e,229f50ba299b472ddb52496f761a032b,delivered,2017-09-24 01:57:12,2017-09-24 02:05:31,2017-09-25 19:21:41,2017-09-29 18:13:30,2017-10-17,01deea8faf538e657bf2b1cb6b6c24f1,2017-09-24
497f97bb280fe07465c3833fdfc04736,f820fd9b314fb28e6f839b478429157e,delivered,2017-05-21 07:59:38,2017-05-21 09:32:47,2017-05-24 12:14:25,2017-06-16 06:36:22,2017-06-14,4666e7be827bb14bf746a56f740e62c5,2017-05-21
b9ce9285aa642df4742b9839964076c6,bf654df65423a4716b8ecd654aa356e4,delivered,2018-07-23 17:18:44,2018-07-24 08:31:37,2018-07-24 14:19:00,2018-07-30 19:32:49,2018-08-13,1852429a01e2dd12b065a0a2cacbe1bd,2018-07-23
d3397f49eba129958cca1d4ed73dba9a,dfe2c56fe645cce819861d7b621661ec,delivered,2017-10-01 19:59:03,2017-10-03 04:05:09,2017-10-04 20:06:07,2017-10-06 15:17:03,2017-10-18,5349753f92959dc075b7c0cdf664ce24,2017-10-01
3c8d79ea0ac82caf57807f9cb39f8dee,0ee4b421ef183a074b24f04f970145d2,delivered,2018-08-08 14:50:34,2018-08-10 04:35:09,2018-08-10 11:27:00,2018-08-20 15:08:51,2018-08-22,4837d18df7cb3d4baf1a3959d0244554,2018-08-08
54961a607f23ad237b732e2bbce05afd,4b62c95dea641c36e1f26d4a8617c4a2,delivered,2017-06-28 16:17:39,2017-06-29 02:50:33,2017-06-30 16:08:21,2017-07-02 12:26:32,2017-07-11,2ffb0968044a0caad99fda3d748f0cde,2017-06-28
51fbc7ecec17e2dbcd5c495410af77ca,38db66ceeb2f79538b16c2add29879ee,delivered,2018-07-21 19:34:46,2018-07-21 19:50:16,2018-07-23 19:03:00,2018-07-25 18:08:59,2018-08-02,4f4816c14a2f023355f36b4f1433a914,2018-07-21
7e7c6416e3aece73d5dda3fc6f33a044,a3ba7cf1375a040a0e2c9f4ad1718a9d,delivered,2018-03-31 19:20:36,2018-03-31 19:35:12,2018-04-04 19:14:40,2018-04-10 19:51:32,2018-04-24,1a944e970ccde4e9ed94431c8c53784f,2018-03-31
24b41566e32a4a737536859707517572,1935a24e84786e81a8f932f18ce7af50,delivered,2017-09-04 20:29:33,2017-09-06 02:50:24,2017-09-06 18:10:05,2017-09-11 20:54:45,2017-09-26,709e328364b86dde5b6ce4eaea0bd8f3,2017-09-04
b3786fe1fdaf726bc9e7a5a9138f4cb6,d082daa62d6cd59509f13eda1d0b98f6,delivered,2017-11-25 21:24:37,2017-11-25 22:31:32,2017-11-29 20:04:42,2017-12-07 01:58:50,2017-12-19,2854ec45024367d1c3f4690485ef01c4,2017-11-25
6e423e84dad4440e916d554b5f0643ff,ed9c6085da361dd489708c34eafefd39,delivered,2018-04-11 17:10:09,2018-04-11 17:32:09,2018-04-13 22:41:20,2018-04-20 20:58:48,2018-05-07,7eee11ff52f5477dee9a27c9ffd8f30a,2018-04-11
cd833669dc6a68cd473eac313fe69a6c,bc4ecd6bee226a3064e6f48f3a67be1f,delivered,2017-07-08 13:05:29,2017-07-08 13:15:21,2017-07-13 18:04:28,2017-07-26 10:17:44,2017-08-16,3d0dd42b5efe4d21ee7ca0985b5a6aed,2017-07-08
b25c35510098745aca28d8d04a7eaa11,d9e2f7dbda4a813504550f20e12bcbed,delivered,2018-03-17 11:47:37,2018-03-17 12:09:05,2018-03-21 22:51:34,2018-04-23 14:58:51,2018-04-05,903df9a1bc4abee57193990229957260,2018-03-17
110d9355d6338eab0a65a0cacdde5434,02060b47874e560f104dad93ae22e6f1,delivered,2018-07-24 21:30:17,2018-07-24 21:50:25,2018-07-25 15:35:00,2018-08-02 19:46:49,2018-08-10,2a6f1c54c079bb319508a8278df9febc,2018-07-24
3f72f100dae2b5099ad6e5a486e95ec0,5d90f76c016edad7a931b49fb39b9c2d,delivered,2018-03-05 23:31:49,2018-03-06 00:35:59,2018-03-07 23:34:06,2018-04-05 14:36:29,2018-03-21,90445636126e4dbeacad6c7ec24e4c16,2018-03-05
889d204697bec781401132649cffa867,25bfca2b3898584b2f52351f55d87f5e,delivered,2017-10-19 17:40:51,2017-10-19 17:56:24,2017-10-20 18:41:37,2017-10-23 20:32:41,2017-11-29,2960bbc2b7cd9bb35a59ba3f047004ec,2017-10-19
37f911dd56e9bd520b23d4ea1fd65236,67b6caed864d2f1be217d8d61a186c83,delivered,2018-02-09 10:14:28,2018-02-09 10:26:37,2018-02-15 20:21:36,2018-02-19 21:19:04,2018-02-23,cdd20755602f3ea8d943ba1a435b26ea,2018-02-09
d0d0beb416cef186261cf1f2287bef19,be2f45b8ea4f041b49c8469f2f58acc5,delivered,2018-03-26 05:31:56,2018-03-26 05:48:22,2018-03-27 01:57:45,2018-04-04 16:50:47,2018-04-12,443faddf064d14e8cf4000bbd1daa25b,2018-03-26
819228bb978a781e564b6de402397c19,9fe64e39becf76961f0e4a73514d7630,delivered,2018-02-02 10:13:38,2018-02-06 05:31:52,2018-02-07 15:48:53,2018-03-07 19:46:27,2018-03-07,8fbf6ea3ed2dcc9a1284e74264d0c5a5,2018-02-02
272cb4760cf5b97f2b4bddd15520e10a,f458a61218c7206fe37d24d130304f29,delivered,2017-03-23 23:58:10,2017-03-24 01:23:25,2017-03-27 15:29:45,2017-03-29 16:28:07,2017-04-12,bdf71800659e839719245cb3bd3d156d,2017-03-23
c71306562d226384a996365f61966a78,c067558868a9268e8d8665055a206ddb,delivered,2017-10-06 21:41:36,2017-10-06 21:56:12,2017-10-13 17:25:52,2017-10-30 18:53:56,2017-11-07,765d3cda62b7a2ce00e1b65953c81c8d,2017-10-06
969fa6c8bd06032423ea3e4d69d12206,28c8e0ed252e934cf306cf5aa846490e,delivered,2018-03-18 09:41:28,2018-03-20 03:28:30,2018-03-21 19:04:14,2018-04-04 00:25:47,2018-04-17,4e97e027ba98ea94741986df9712c839,2018-03-18
5ef3a01aff74727ebbcf7175c68f51d4,e65366d6108f8f7456d6c14f330ccfc9,delivered,2017-05-19 20:46:52,2017-05-19 21:02:50,2017-05-22 16:17:52,2017-05-30 07:42:06,2017-06-12,fb4f6ee2ee6ca62de0a0cbd319cde779,2017-05-19
18f4bd3e68ff66e98c8c5afefd502ee3,a894e37533981aa4c3846740280fa5f7,delivered,2017-07-14 19:18:50,2017-07-14 19:30:15,2017-07-20 17:36:48,2017-07-25 22:27:47,2017-08-10,ed112096d8a470773e239b876da28d9a,2017-07-14
c264b15fa68ce10784f6f22b5f7737b0,37e1e85933b178ab35f10dfa332dd4bc,delivered,2017-10-13 08:52:59,2017-10-14 18:33:32,2017-10-16 16:45:29,2017-10-19 18:31:57,2017-10-31,d01b1c6e0a25732e2e6841261fbce36a,2017-10-13
6f1922674b5f09c6cf23965e47b9b675,240d4a898ded55c3a9f83ef0f89a07c5,delivered,2018-04-10 14:47:00,2018-04-10 15:30:51,2018-04-11 18:49:25,2018-04-14 11:05:09,2018-04-25,5a3d6a8fc775341df4718992aba6d474,2018-04-10
828c98fce36f901cb4d8eff92964095f,24c7aadbfa060eb49dc0a8e299aa42cb,delivered,2018-05-10 13:50:44,2018-05-11 03:37:34,2018-05-11 16:28:00,2018-05-17 14:06:54,2018-06-04,51779e82e1660741e7551fa972589921,2018-05-10
a21f7cbfcb4757dd5866a2673dc059b6,8e37466ad86944a7a42628b170a417c3,delivered,2017-10-08 18:58:53,2017-10-08 19:28:32,2017-10-09 17:31:00,2017-10-19 21:09:23,2017-11-09,b85e213f9db37110648ee929f5c5b19a,2017-10-08
fb285e1092b57ff370ff926da4b96511,cc8d0dbf061c92f65ecad9e3966d9ce2,delivered,2018-03-15 13:18:35,2018-03-16 03:45:27,2018-03-19 20:47:31,2018-03-29 16:42:28,2018-04-17,5cdefbe4c8da8530bc77b69f00f91453,2018-03-15
56329c4faab8b220947aaf471b09e4a0,d5dfeda08fbc9fc305a1903925a91c1b,delivered,2018-03-06 21:36:20,2018-03-06 22:20:30,2018-03-08 05:09:31,2018-03-21 17:05:07,2018-03-23,6321cbc5ca73fae88f1acccaa086ecdf,2018-03-06
9dd764f96e7bebcba02aa61d0785c173,1b00e2a1acd75bcfb3e96544e789c048,delivered,2017-07-22 20:35:13,2017-07-22 20:45:15,2017-07-24 18:12:37,2017-08-02 13:09:54,2017-08-25,368086940adc762c76724731f1b3adb5,2017-07-22
f4f6ca3a1a95c3f5db08489c2ec2ef1c,b3df14e2e91fcad2abfd3854ccb2804e,delivered,2018-07-04 10:38:10,2018-07-05 16:40:42,2018-07-05 15:28:00,2018-07-09 09:31:24,2018-08-01,64bf965a6a1615cd440970859d0c11e0,2018-07-04
04c3465b312fdf85de8e4cf4dc186600,8846f3bf9edb9b9abd019336b3b8d3a7,delivered,2017-12-08 16:47:00,2017-12-08 16:54:51,2017-12-11 20:41:39,2017-12-12 18:09:59,2017-12-27,3c6934aa81e9b87adc82413bc4617873,2017-12-08
bb5f5dd023eabf15e5d178f887f37cb5,1bfb55c78f90699dcb61d9622cafd180,delivered,2017-02-18 23:54:03,2017-02-19 00:15:21,2017-02-20 12:32:42,2017-03-01 13:35:37,2017-03-17,9dc4b05ce1cabbd9c3be75b2420d4d87,2017-02-18
7254ba1421bac35de5d5da660715bf0e,65e1faa1535d1b4ca089fd7b9e84b5b3,delivered,2016-10-07 22:46:51,2016-10-07 22:59:23,2016-10-26 11:41:50,2016-10-28 12:11:38,2016-12-01,958df1746c3131f9c7359ae5fb848497,2016-10-07
51ecb060e9a1eb74bde191bca7fd69bd,b1005aeffad8459e85104d902eb0eb72,delivered,2018-02-06 15:42:54,2018-02-08 07:35:43,2018-02-08 18:32:17,2018-02-20 18:03:44,2018-03-08,9ab8da3d97f7888dc560b6e0cdca36ba,2018-02-06
e388ba23a7be5ab887a1ee138de9e8d3,7580693c52b3d4910b3520349fe92940,delivered,2018-06-26 18:31:58,2018-06-26 19:04:02,2018-06-28 17:21:00,2018-06-30 16:18:36,2018-07-12,5ff2a60da4020c59a1fcb445bd7f571d,2018-06-26
3d47e0476424fd50eb22128e64571e97,76f5c40bbc0e6a67810993ae4904b081,delivered,2018-04-12 17:23:10,2018-04-12 17:35:17,2018-04-13 19:12:28,2018-04-27 19:48:51,2018-05-02,67e22f725c6a78733941d8681d3822ef,2018-04-12
4d107edcce9acf824db9d203dcf9fecf,d6a3a0fbd3d52a8cc638b0ae1dbd00d0,delivered,2018-03-18 12:22:33,2018-03-20 03:48:35,2018-03-21 18:22:37,2018-03-26 15:14:41,2018-04-05,dffdc8e60eab79300b75d9febd9eec46,2018-03-18
89a9df2136d41c99322bcfe6f0c1c7cd,72f1d0a4234a68ac84541e9c70bebde9,delivered,2017-03-28 21:19:42,2017-03-28 21:30:11,2017-03-30 13:13:18,2017-04-13 13:05:19,2017-04-27,dfa1b70f520aa1e08ed075bea998d267,2017-03-28
6eb92aaa2c5654c87c82252bbbb0cfb8,b353853b89d86bc337655d1f78d49119,delivered,2017-04-20 13:07:04,2017-04-20 13:22:03,2017-04-24 11:43:20,2017-05-03 15:32:59,2017-05-15,dd8c586651f9232e473ad86cf89c143f,2017-04-20
bb834ae438c1dce8fa0736a15ac30242,904bd8e98e800d6531eb4afccdb8abd9,delivered,2017-08-22 20:50:09,2017-08-22 21:06:05,2017-08-23 17:52:11,2017-08-25 22:12:36,2017-09-05,0cdfe74aff8aa4116f69ee4277601a6a,2017-08-22
9ff8294af4730928d432cd048756c28c,0fcfe9c03abfd6e62165710d63957ba2,delivered,2018-03-06 15:58:57,2018-03-06 16:10:42,2018-03-07 20:05:32,2018-03-16 21:22:55,2018-03-29,2d7ad9d86fe426b0a9ce54ad9e9aa183,2018-03-06
75fb82fb938aeaf36ab0b8b670deb1d6,fe545ad78bc59d1a99427c3e5f99ecca,delivered,2018-01-07 01:33:10,2018-01-07 01:47:15,2018-01-09 20:13:44,2018-01-13 00:29:27,2018-02-06,a28e0a2f9a5542e51038c2370ec9aca7,2018-01-07
0dfd5d2f0b9f06775f9630defe80d510,4cc825a34f88e568e8bc28d470687d5a,delivered,2017-07-27 22:05:06,2017-07-27 22:15:19,2017-07-28 18:41:42,2017-08-04 18:49:33,2017-08-18,eb6b0e67076546247fdf737a8a361d0f,2017-07-27
83b02487c4caa3adc52a33d673606551,22b3090d10a556a6c2e9ad753161ef14,delivered,2018-08-20 20:02:22,2018-08-20 20:10:23,2018-08-21 13:54:00,2018-08-22 19:04:07,2018-08-28,b80c1a7b76e8104245be223374df5fd9,2018-08-20
c76aedd9fd59ea0c51535fd72fe97d9a,c5a94d20980806febe5ae3c0b653dde0,delivered,2017-12-09 16:44:19,2017-12-09 16:55:47,2017-12-11 17:33:40,2017-12-20 19:48:03,2018-01-04,3a40c20f9cad0f453dce78648a2e22f3,2017-12-09
dce21447fc49b97ea255257c2bdf4d22,6e305e6f8be29890b5cd9b62ef76b772,delivered,2017-11-16 14:11:17,2017-11-16 14:27:03,2017-11-17 21:17:51,2017-11-24 22:13:50,2017-12-08,a2b6aaaabb6a9fa56a6bca1e9ba4515c,2017-11-16
407c6c87763b40c6ecbdf86ce3e07d76,8e405dd9f8e0d75e9f59ddac294336f9,delivered,2018-07-10 09:31:47,2018-07-10 09:45:13,2018-07-10 14:30:00,2018-07-12 22:18:30,2018-07-18,d09788048203ac04881f4eab41575291,2018-07-10
17241db677e74dd094059c24370fb785,123287f3f6e1998cc472de6310f8e81d,delivered,2017-12-07 20:01:16,2017-12-07 20:11:42,2017-12-08 21:39:03,2017-12-10 17:39:04,2017-12-26,3ba05008f7ff203601756159a5dad8fb,2017-12-07
8ec9caca9f30411bda28f48d2aec61e2,74fdb503b54edd52fcce38bdeba37406,delivered,2018-07-29 11:39:14,2018-07-31 04:10:19,2018-08-02 14:52:00,2018-08-06 17:07:52,2018-08-14,404d906a46f3843a1cff9ec72feaa151,2018-07-29
acddd4c6d411c210e4f1580dd071bc90,b96bede1f4682663765d92387ad7a7f7,delivered,2018-02-20 07:16:06,2018-02-20 07:30:46,2018-02-21 18:17:15,2018-03-06 14:17:09,2018-03-15,1dff0925cab1b8455981b6e4b1499817,2018-02-20
574f1a0e4b524d471f68f01a0eae8e7d,991813731aa6099746606df62872f889,delivered,2018-05-03 10:07:33,2018-05-04 10:11:31,2018-05-04 13:16:00,2018-05-10 00:38:57,2018-06-05,f638de6be977cee5899a59b29d761f5d,2018-05-03
03c1fddd11851ddf712a2c28bd3df54a,ebfe079ca7dc32461b16c74985ea8e52,delivered,2018-01-21 00:23:44,2018-01-22 10:19:20,2018-01-23 12:05:05,2018-02-15 20:12:03,2018-02-14,4e676ce75406017793289779b73282cd,2018-01-21
66396f37a00b742094e5bb7fa7398ea7,aba40c358810d9a20641b531b9ea4229,delivered,2018-06-19 23:15:05,2018-06-19 23:34:41,2018-06-20 13:03:00,2018-06-21 19:46:25,2018-06-29,5dd3fce30fcd14192d778995175d4f67,2018-06-19
7cbc58346dce935abff14a7c5a0488f5,5d38c66c874ea566658a9ef3f31812e3,delivered,2017-01-26 09:15:18,2017-01-26 09:25:12,2017-01-26 09:32:58,2017-02-03 06:17:18,2017-03-08,46ff58bc972f26ff6132f8e3c2b0215c,2017-01-26
102b790156f60813474ed025355a59d5,b97e4013860297dba48d699f12f91fcb,delivered,2017-01-26 15:37:38,2017-01-26 15:50:17,2017-01-27 13:24:47,2017-02-08 08:04:25,2017-02-22,9b408f12da0705a93d8e83f59b84f60e,2017-01-26
4a59b00152497e88a6a4ab7bfe77e04b,ceb608636dee1c78b0329ee1143640d6,delivered,2017-11-06 15:59:48,2017-11-06 23:32:27,2017-11-08 18:48:33,2017-11-14 01:53:00,2017-11-24,7bd3bf5cf286d73c6876f46cf03b7595,2017-11-06
1ed66358fd4ddbd6469aa93633c3006b,3c694cb7224ed4579b918fbbaeaa33db,delivered,2018-02-18 10:56:17,2018-02-18 11:55:31,2018-02-19 18:17:19,2018-02-21 21:21:46,2018-03-05,f768f8f54145953e881641ebf06d267d,2018-02-18
5e5fed142a552be6d6f1e04a800446d6,767e7728e2f0597fadd6651fae991b42,delivered,2018-02-10 00:23:51,2018-02-15 04:11:48,2018-02-21 20:27:09,2018-03-16 21:48:37,2018-03-12,90c066c2bf4b7db62318ace373c8387f,2018-02-10
859c549cb42de5d30cfc3ef3ecc432a9,0b74ffe6ee712595a3d89e0cbda91be0,delivered,2018-05-21 13:24:44,2018-05-21 16:14:48,2018-05-22 07:02:00,2018-05-23 18:48:43,2018-05-29,13b224838d6b1125c37c50e7160a1868,2018-05-21
e097ac66f292d985c83f3e00b4169170,4eb9006df565bc421b07771e021529f9,delivered,2017-09-17 20:41:23,2017-09-17 20:55:21,2017-09-21 19:14:09,2017-10-04 20:14:51,2017-10-10,e395de53a61a2f8fa96ea1ca399c3ff5,2017-09-17
82d2162edf841b38e563dbf4380daead,345f372c11ec16bd9ebc7e95e935cb5c,delivered,2018-07-02 20:03:31,2018-07-05 16:25:13,2018-07-03 12:59:00,2018-07-06 18:26:43,2018-07-24,7ee5ac2e020b7bc2358c4dd3fa2311e0,2018-07-02
3cedecb4c098aed91d062c54ece4bca4,af5e377c92351996f031b00fd38a4958,delivered,2017-05-02 10:01:50,2017-05-03 15:31:46,2017-05-08 11:44:22,2017-05-20 15:30:03,2017-05-30,c692007cb765407ea7510cb5b4f47512,2017-05-02
c36ef1e1846fbb375cfa1e035bc646ca,193ddb393ef321ccba26a7a61694de7e,delivered,2018-04-26 17:19:33,2018-04-27 03:35:26,2018-04-27 14:28:00,2018-05-04 19:34:59,2018-05-18,12e63ceef00512761969b2f43ea7be8c,2018-04-26
373f8831c38f949e1a6bbc1af1e4a72b,c16b7a7d3a0183751d0b316992048d9f,delivered,2018-02-06 21:44:06,2018-02-06 21:55:32,2018-02-09 16:56:52,2018-02-15 15:28:59,2018-03-07,4f850254107aadb9de64a3729c078500,2018-02-06
db627a1f4bb56a7887ec7709535da727,cdf85d0d3bca555a030e00a95504ffca,delivered,2017-04-24 15:06:09,2017-04-25 15:15:07,2017-04-27 12:34:06,2017-05-18 05:11:41,2017-05-17,3291a6c41c0c56bbf7f0bbbfa6604a6b,2017-04-24
67514fcb055f334d27330858482a410b,45ad3f7082738671f57811a3c120b947,delivered,2018-01-19 18:36:18,2018-01-20 09:08:59,2018-01-23 23:24:19,2018-01-29 19:42:51,2018-02-15,4df46622377e2ddf009e7adfa43c1dc4,2018-01-19
1e718803a62786233aedeb09414e1495,997f5003c833c402b8b21404f179ed21,delivered,2017-09-15 14:29:40,2017-09-15 14:44:04,2017-09-18 15:45:33,2017-10-27 00:03:17,2017-10-11,8b7b4755570796fdcd9f5f4bac986eee,2017-09-15
7afae2eaa778fded3e2b0af2256d0f7f,26d867bd2cae0c9840ab2e5d537d70bf,delivered,2018-01-24 11:52:36,2018-01-24 15:16:05,2018-01-29 20:04:31,2018-02-16 14:42:18,2018-02-21,2d3ad2bb4dd0b5b435e19ab7970cd24c,2018-01-24
63b7e12b14a2f33c859d0239ad193934,bd6416851a5e65c02fd83b7f2f16a471,delivered,2018-05-20 20:05:26,2018-05-20 20:19:07,2018-05-22 14:47:00,2018-05-23 16:32:02,2018-06-05,9bc09d962ee939278d84f4141b3cad3c,2018-05-20
f645a340daf39e04d6d8ae3e04f99b5c,a78e85d7d80bdae62134eb73e68b521a,delivered,2017-05-26 19:28:02,2017-05-27 02:55:10,2017-05-30 04:45:07,2017-06-12 11:25:48,2017-06-26,13e8905e2187dc94e94b4caff8dedee5,2017-05-26
b9a8d194c52bcb022997d990bd402f7e,5bde57569eb8318a2306865d06de2bfb,delivered,2018-03-01 17:28:42,2018-03-02 02:15:30,2018-03-06 00:05:59,2018-03-10 13:48:34,2018-03-27,6ce73016161f051b4267667a28bb417e,2018-03-01
a7392ea1b39e7c7f9928e1f12d3a4d90,f552eef4dec7177ce21ba2b5532da268,delivered,2017-06-06 19:54:28,2017-06-06 20:05:17,2017-06-07 14:40:09,2017-06-12 07:35:24,2017-06-29,a96c07930248536ba6d1d66f68916d2f,2017-06-06
1217de8bb29e23b3b4ca52c564fb143a,8fcebad47cb22e7a7576c02a882a66ed,delivered,2017-05-02 20:57:56,2017-05-03 15:22:49,2017-05-09 08:48:03,2017-05-18 07:35:54,2017-06-01,1dc64a765cc16cb5c9962dcb25491751,2017-05-02
c2e8b417a29b392b9f49a30a868489cf,94585f4d164dd1117626d9db77c597fc,delivered,2017-07-07 21:15:49,2017-07-07 21:25:16,2017-07-10 19:53:29,2017-07-25 18:37:54,2017-08-04,9d90edd76b7414655a3283f7eeeff8fe,2017-07-07
be2daa888694c8fa4bc8aaec2c95ddd0,6d34b68801655b93a27ef40982f28374,delivered,2018-05-14 00:11:23,2018-05-14 00:31:14,2018-05-14 15:31:00,2018-05-19 13:36:33,2018-06-08,9c08d6f85c7fcec4b08ead25590c0af7,2018-05-14
14332cb639e07b39ae968650f7ed52db,5d000c4b96c4f8f9db7adf817a7bc2af,delivered,2018-04-05 10:07:32,2018-04-05 10:15:23,2018-04-05 22:34:39,2018-04-11 14:28:38,2018-04-30,9c397332d189c72d6a05c90e39d97170,2018-04-05
0b47f5e9432bd433f8c5cf64e60e6e5f,90bd3163f91abddea340d03ca4eaf140,delivered,2018-08-07 11:08:50,2018-08-07 11:24:58,2018-08-08 15:01:00,2018-08-15 21:28:31,2018-08-29,bddc05c034061c84f92fe1710bfa5fe4,2018-08-07
efaed69a3670eec3151a31c6f19ac699,efbd645fff588c1f79128c56cb5da5ce,delivered,2018-05-05 00:47:56,2018-05-05 01:10:42,2018-05-09 15:48:00,2018-05-15 16:39:46,2018-05-28,4184295f1be152870c1b7bbf5f232d03,2018-05-05
9d440eeeb611d4b50ec1cee0ca410507,b7f5e7be6992f2dbf83cd873e2f8f898,delivered,2017-10-03 13:32:59,2017-10-04 02:43:57,2017-10-04 23:46:49,2017-10-10 20:25:09,2017-10-25,b733ec3a35f8812cae168042f8f8709f,2017-10-03
d788474677e79e148bb5cf2c5f0f637a,688df872e677f02c3da2960a87e90b65,delivered,2018-03-24 12:59:47,2018-03-24 13:15:31,2018-04-10 12:19:26,2018-05-23 00:28:30,2018-05-14,7b63dc606147754731a3024c85f6edba,2018-03-24
ec7a019261fce44180373d45b442d78f,c24fc5f9a446b4d8262041b9c64de772,delivered,2017-01-05 11:56:06,2017-01-05 12:10:17,2017-01-06 12:43:41,2017-01-11 13:14:05,2017-02-01,f7b981e8a280e455ac3cbe0d5d171bd1,2017-01-05
afd71840756746edd2c71bd69b2e904e,96526ca2d4b3defae648259436c371c0,delivered,2017-07-06 21:50:02,2017-07-06 22:03:40,2017-07-21 16:13:07,2017-08-01 19:15:27,2017-08-11,878d1683076172a5b7ffc7126ba99acd,2017-07-06
cdfc8d98469b5469527223fa4d487882,117c74aa6cd3541068f9c0915dd95fc0,delivered,2017-03-14 12:25:25,2017-03-14 12:25:25,2017-03-15 15:11:46,2017-03-22 09:55:39,2017-04-04,d2e9386bb0a89d5e832f4fbbe677514d,2017-03-14
e55b46bf1f7b0739a890db6c07478c9e,44d195c70ddbb47f1a0a3efa789b76d4,delivered,2017-04-06 13:13:35,2017-04-06 13:25:08,2017-04-11 12:27:58,2017-04-13 17:04:53,2017-05-08,d7b91fb85c24f413d7c4715d9464f3f2,2017-04-06
4a91a1ba7768e400ff40aad6730251ed,252eca59746ea50c35bbd4cee0fbd333,delivered,2017-11-26 19:35:21,2017-11-28 19:35:49,2017-12-06 01:52:59,2017-12-13 00:53:07,2017-12-21,be348ff0d3082bde9319e803d3312fb1,2017-11-26
46b2b58e9d83e34e026642e9d8f7e5fb,13fa9f3ef489cd8c830f724b99b7c3a3,delivered,2018-01-16 17:36:35,2018-01-17 19:50:24,2018-01-18 19:41:34,2018-01-23 19:33:48,2018-01-31,662fca09527fb55e4d59c0560e08d00c,2018-01-16
01029b44abe6e15c8df48b1b759ab437,3e0d489d05ca15801e274f39adb8d213,delivered,2018-06-27 22:24:29,2018-06-28 00:35:11,2018-07-03 16:27:00,2018-07-05 19:03:19,2018-07-16,9451854d3727357cf0506f99e4a41661,2018-06-27
ee18e41d0d059cc434a43e62e3352c40,89b46f8b1cc765c98ffb9989a137abde,shipped,2017-11-18 17:32:51,2017-11-18 17:46:38,2017-11-22 17:08:52,,2017-12-07,9f71aace68f5ee2f070fb1a241280263,2017-11-18
df6c49ed3556438e1755c756bed90fff,a2c14c283d74f8d348c0ff49280e933a,delivered,2018-08-01 20:18:03,2018-08-01 20:30:08,2018-08-02 15:48:00,2018-08-07 15:42:05,2018-08-20,0fe26430d5a31ed01f849a89beb51017,2018-08-01
8b1789e10f33bfc4af50c1e39aae50f7,fba30b28beee38fcf673926812eca40c,delivered,2018-07-30 00:52:46,2018-07-30 01:04:18,2018-07-30 14:19:00,2018-07-31 19:21:18,2018-08-03,d297277f6ebad07f5256e6e8cb31391e,2018-07-30
77b24e14e65cdeff7657a0ea3c9e9878,97152089d604253afff5a53f5120fcdc,delivered,2017-09-29 14:41:17,2017-09-29 14:56:10,2017-10-02 20:12:20,2017-10-03 20:12:45,2017-10-17,b59813b174a0896c121bbf247cdf6b57,2017-09-29
46725157f2a21347b2c792dda26536d4,9310deea6432dd2625106c03b88b7c83,delivered,2018-03-06 16:13:13,2018-03-06 17:00:23,2018-03-08 11:19:45,2018-03-13 19:26:36,2018-03-22,f4202c3346044fe24a5ea470c6fa7755,2018-03-06
c05394da933eae4ce6e374978c70998b,7b333885995b5c88252e8cbb4572a360,delivered,2018-04-03 17:37:40,2018-04-03 17:50:15,2018-04-04 14:07:09,2018-04-12 15:22:32,2018-05-03,c121863d847c3d9a0e686e85e8dead9a,2018-04-03
681ab8d80849148ae66f3f191a142a1f,ad2cd139d2158c76a9dd5508150c95f3,delivered,2018-03-20 14:29:41,2018-03-20 14:49:25,2018-03-22 21:35:59,2018-03-31 14:13:36,2018-04-11,6f854b13c59b4c9e7cc599b8a388e302,2018-03-20
44afcef35a5f8874ce556826e49769a8,28d7d6495ae4ce3db7fa5edb5f74e781,delivered,2017-10-05 18:23:52,2017-10-05 18:45:21,2017-10-06 20:10:01,2017-10-18 12:32:56,2017-10-23,6a326dfff2d6435236a10e7ead26d1b1,2017-10-05
2956c3060085d849e6c81602a6e99eff,da81a00964085d84df193ee32dc97d20,delivered,2017-06-22 20:05:39,2017-06-22 20:15:15,2017-06-26 15:47:53,2017-07-05 15:37:58,2017-07-14,4b384b778ebc0449d0244902bfce7beb,2017-06-22
5bd39e6a06371941eb585cbe79b41efc,e2a970af77a3457a621dac37b1fe2208,delivered,2018-07-28 06:45:34,2018-07-28 06:55:09,2018-07-30 14:12:00,2018-08-07 19:21:50,2018-08-29,d6da88f652fc0f69dea0db20393a752d,2018-07-28
b292a6edad2285c61d34667a9fdc7f23,7952d4730e054d5d890d8f38ce6bb6f6,delivered,2017-11-18 15:49:27,2017-11-18 16:06:20,2017-11-24 22:06:47,2017-12-14 00:22:55,2017-12-13,8befc8a892e313fb7f53719381277c24,2017-11-18
1084873135af1b72eb54613119a6604f,1d9f74e07b4bb44ceb73e68c4f3036ac,delivered,2018-05-18 16:32:06,2018-05-18 16:58:02,2018-05-22 06:39:00,2018-05-23 17:57:20,2018-05-28,59da3c4be06e8efc9583f084fba97c3f,2018-05-18
bc9fdcff8d8146b6f6c58c294f047b3b,296ab1d0d22dbc2bfcb80832953a0550,delivered,2018-04-30 10:41:01,2018-04-30 10:55:07,2018-04-30 15:09:00,2018-05-07 21:28:28,2018-05-29,13ece232fdf1ca084551f8a7d1fa503b,2018-04-30
2c9edac668d691947b1107b0b68a1adc,3229ba8c68c7b0df85799761ad0eaa08,delivered,2018-06-13 22:21:38,2018-06-13 22:40:31,2018-06-18 14:26:00,2018-06-22 18:22:11,2018-07-13,a7ac48ebc47cc191ff1998b37e3d9af0,2018-06-13
d0f10a06cef93a439ce94948f700d7f1,24c9296f4679f53ae284ba3e7d3914f7,delivered,2017-12-04 13:05:13,2017-12-04 16:33:24,2017-12-05 22:17:49,2017-12-20 18:48:00,2018-01-16,87a17e10b75af9d7acaafe6963ce3282,2017-12-04
6c6e0980a0b7646b5ccc523ced08876b,b385fe265ac9a21b28a89debacc0b4de,delivered,2017-12-10 22:31:27,2017-12-10 23:09:38,2017-12-11 20:11:38,2017-12-12 17:59:30,2017-12-28,c08082945f230333c7065508ac63fccd,2017-12-10
3ca6693c62bcb94cf84a1c9f89191483,558d10ad25cf808e1f3e532951991954,delivered,2017-07-10 14:36:12,2017-07-10 14:50:18,2017-07-12 15:32:03,2017-08-25 15:09:29,2017-08-09,d22c0c336aba5e843663824265447a5b,2017-07-10
82546b6c4067f92f498a1cf281dd791e,3c726d68f076146069063ee94233eddc,delivered,2018-04-03 22:08:31,2018-04-03 22:28:55,2018-04-04 20:39:35,2018-04-05 21:33:12,2018-04-23,012714eb883337fd2631c13d2daf4466,2018-04-03
01e9feecd7fba975c1869a8fbbb38b65,18a76d8e984df9cc300315102a1008b4,delivered,2017-03-28 20:44:07,2017-03-28 20:55:15,2017-03-30 15:48:02,2017-04-04 16:32:25,2017-04-19,3c93aa15af0ff23c5b07f6f5a3277745,2017-03-28
22ef9d3714207d9a803bd9acb19fd0cb,1322ab99d2cdd4a0da0150a209d321c5,delivered,2018-07-23 15:11:08,2018-07-24 11:32:35,2018-07-26 15:33:00,2018-08-06 14:02:46,2018-08-14,032b3a42598667caf2e099999b9dc1b9,2018-07-23
3375c68ecbc81a56191ced194ca3f760,95d30ed2ada241476fe5dabe6e4ff4e7,delivered,2017-10-16 10:45:42,2017-10-16 11:10:10,2017-10-17 18:10:39,2017-10-24 00:25:33,2017-11-01,7896ae2ced63a78833e87d9c83ae0a4c,2017-10-16
9544da84a1f36efaf61504e2fbed951a,2e4944041038aa2b71a74eab8d9b819c,delivered,2018-05-28 11:01:11,2018-05-28 11:15:21,2018-06-04 15:15:00,2018-06-05 12:41:04,2018-06-20,96778f280ed8bcde9efece65af002a75,2018-05-28
c72f5bd034e8242048f9572c4f3c7fbf,4e0634d6a5e7c3112d50bed585af3ccb,delivered,2017-11-30 22:25:04,2017-12-01 10:31:17,2017-12-01 21:17:42,2017-12-04 21:27:30,2017-12-18,e9d3338aa7955583a76f83d03a27252a,2017-11-30
e1b1ed7246d40a12bdb135bcae8956cc,404a4ef274e8c7022d5488ff39bcb90d,delivered,2017-04-30 09:08:12,2017-04-30 09:15:17,2017-05-02 15:21:34,2017-05-09 16:15:07,2017-05-23,c7b01040beeade7395e39974563cf098,2017-04-30
98532042bd5c904d95cb1ae5acb4e908,ed6779ac25af6720d0d862aaa46fd031,delivered,2018-06-16 18:59:04,2018-06-16 19:18:01,2018-06-18 16:22:00,2018-06-23 00:05:18,2018-07-16,d4673ad4bba01765654bf77930d17711,2018-06-16
8bad870bb86e0b67f6db07bb5e3c55c5,7a83a95f0d08cc419552f5ec647db491,delivered,2018-06-24 19:13:23,2018-06-24 19:36:05,2018-06-27 09:42:00,2018-07-03 04:38:35,2018-07-18,5dd8aa781248cc4d29f0ebe4d41ff0cd,2018-06-24
ace5866349278761370529383b3c0057,91f86c788bda1e3b84770668a6368e15,delivered,2017-03-20 20:52:28,2017-03-20 20:52:28,2017-03-29 15:52:09,2017-04-03 11:23:03,2017-04-24,40b237c0cd978df62e24a857b984c63e,2017-03-20
8d607893abaf69faeb1313f7cacfeca1,30ef75ecbcfb818484c4854a8caace0f,delivered,2017-06-20 16:12:23,2017-06-20 16:25:16,2017-06-22 08:28:44,2017-07-05 11:52:03,2017-07-12,316107d320bc2ee4b4b0d66c60cbc2a2,2017-06-20
958a4a1077deacbebcc8cdd442792b77,b8718c4bc8bcd8bf3cbc7500d9092c10,delivered,2017-11-30 13:30:20,2017-12-02 03:30:52,2017-12-04 21:54:30,2017-12-11 22:16:48,2017-12-22,6579054b7ec738e586953a6bbbc7c75d,2017-11-30
1af85a7bfa8727b2f0009a9035341f3f,2cc96e1e4307b9b4c1e710fb2c3b5d24,delivered,2018-08-26 20:57:20,2018-08-26 21:10:26,2018-08-27 09:13:00,2018-08-30 19:27:49,2018-09-12,2c87946b5ec3cc85a1fe672b7b020b8c,2018-08-26
d7ade8c5f36a13fc95c8251b9db08874,a2dbbb33079eae5f9f27ce19d9ad1b02,delivered,2018-05-21 16:42:29,2018-05-22 08:16:23,2018-05-24 14:11:00,2018-06-04 15:24:37,2018-06-22,3134220c64f9bd39abb6e21079aafc88,2018-05-21
81633234173b1cd685789057d87021c9,0afd3fc9533b6a435dab3f0c2f591b8f,delivered,2018-08-13 10:12:41,2018-08-14 10:10:13,2018-08-15 05:41:00,2018-08-18 16:58:54,2018-08-20,6894859226b72a108f30b988fb60c71e,2018-08-13
4e645edf6d8d91302d90770e9fbf1f91,8a811aba2bf51a27cf902cf23fcfcabf,delivered,2017-09-09 22:22:34,2017-09-09 22:35:12,2017-09-12 21:44:30,2017-09-15 19:27:28,2017-10-04,36208b4ee25d4fd88b28e927f318dc9f,2017-09-09
0ae4456639dd07164db5f2433c8f55e4,c991372fe4a2b75d9c43c318062c1f97,delivered,2018-06-06 12:44:20,2018-06-06 12:55:34,2018-06-07 14:01:00,2018-06-08 16:40:58,2018-07-03,1387a0c12934ae05c968ec7313927811,2018-06-06
654236657c61378a35416f08170ff0ad,244c5781e9005c4d4ed312232b155b00,delivered,2018-02-17 19:32:41,2018-02-17 19:50:23,2018-02-21 19:49:06,2018-02-26 19:22:33,2018-03-12,4ee952a26c5e8af732f1e08c163dff5f,2018-02-17
8c8d824536e2e08f134637875b9154ba,a87a24ee764f092e8e4d331359d2e3da,delivered,2018-04-07 17:28:00,2018-04-07 17:35:19,2018-04-11 20:51:46,2018-04-30 23:26:38,2018-04-27,35f117d30dd8948f41e821a27e1ffefd,2018-04-07
34b7253ad75b068d9abf56b9fc5c68a2,4a55003a271fa2d0d8ddab6c8fef71fd,delivered,2018-07-10 13:44:28,2018-07-10 13:55:19,2018-07-10 16:04:00,2018-07-14 17:23:45,2018-07-30,b08ebd8821a28d75827d51509c294612,2018-07-10
3e1d096455531309ff1f946ed0f580cc,e87f6224556205ac036d949a6b6a6e85,delivered,2017-05-20 13:34:44,2017-05-23 03:45:11,2017-05-24 12:41:38,2017-05-25 15:44:04,2017-06-13,41a0dc27f21519c6e3b09a8c7b44c9c3,2017-05-20
3f60c18dceaa348eb8891eea71a53dc1,7b0e5d9d1949bce0504d928d8897dead,delivered,2018-08-01 20:48:00,2018-08-01 21:04:08,2018-08-02 15:16:00,2018-08-09 17:21:03,2018-08-22,ab5cc494deb02196afe86cac127ae4e9,2018-08-01
c8aac6ce6c823a94f0ac0d259b947130,aa2c4c511e308053dcab7fc8d1000604,delivered,2018-03-19 17:41:13,2018-03-19 17:55:55,2018-03-23 03:12:25,2018-03-23 20:58:36,2018-04-09,f1134b1de50308ac531ffc9b4cec06d3,2018-03-19
942a2811a7a6e202eec1790c6b69be88,6b18fa3dced515841e3d09e216f4974a,delivered,2018-01-09 09:51:36,2018-01-09 10:09:48,2018-01-17 21:00:18,2018-01-26 23:33:45,2018-02-14,3660e33bc132658a08c234cc82e6d0cc,2018-01-09
23b51e2ed131cc184e283beb7605c156,04c2efda112806f34862f8bf4066462a,delivered,2017-12-11 12:40:06,2017-12-13 02:37:30,2017-12-22 18:28:34,2018-01-05 19:47:09,2018-01-31,5821a17a4f620e48a8d9dbcd4072a5b0,2017-12-11
b963c12b1ff920123b6b5de4ce5e4a19,3019e355edb1326683c0511bd4ed2451,delivered,2018-03-23 08:13:21,2018-03-23 08:30:22,2018-03-27 20:08:36,2018-04-07 02:05:18,2018-04-19,de818e3f3ae0a258c1bd45baf154ec47,2018-03-23
db666cbae1499f226a7759852cbd0e69,5ec1892d5c9e8d9b8684599cfc01f7fa,delivered,2017-08-24 17:10:05,2017-08-24 17:25:12,2017-08-25 19:54:44,2017-09-06 19:59:47,2017-09-22,3a6151e0327e88108e535009c5ec9912,2017-08-24
9737e3c834c45ffbacf7736192be7d0c,10e44054ee2f2767e7ffb33321045f44,delivered,2018-06-26 11:17:51,2018-06-26 11:35:54,2018-06-27 14:38:00,2018-07-03 18:27:44,2018-07-26,a201226500f99d87a10338b912ef6dd2,2018-06-26
af4e2e186d1553f35c402a9e153f9444,6cbc59fd1d1f852406689ea9ad5fbffa,delivered,2018-01-11 10:32:13,2018-01-11 10:48:36,2018-01-15 15:33:26,2018-02-02 00:44:58,2018-02-07,bd8e0f3ea9fb694fc53c7a358643fc06,2018-01-11
64e9a35b6a64013d05435c2b3faca268,e6ecc0b5fedfd6d00a8b01dcf1f7b10c,delivered,2018-04-15 11:05:45,2018-04-15 11:30:50,2018-04-20 14:27:48,2018-04-21 13:58:29,2018-05-03,b92a41ee62ae33a9f0de3dc70bd79fe4,2018-04-15
0baa34fb7824f076c177df17da43b62b,903ac795fab792a96d6838180994d171,delivered,2017-05-12 14:58:01,2017-05-13 02:55:24,2017-05-15 10:35:16,2017-05-16 08:37:35,2017-05-22,f567e7fbc8b057e2d275d74ee8b5bc27,2017-05-12
588085f388f3dd80c9c56681b47bf588,da6c87d5d7a19234100f5f9cce913a7b,delivered,2018-05-01 20:08:06,2018-05-03 04:12:57,2018-05-04 13:48:00,2018-06-17 20:42:22,2018-06-04,19b4cb065aab4ec05c074ecad011f4a4,2018-05-01
dd359d3c294458c6d642b2eea9212bf5,5c58d1ea5a893380ecdd96dd6dfd5ec5,invoiced,2016-10-04 13:02:10,2016-10-05 03:08:27,,,2016-11-24,2ad9e4ed11e15401527b7e30080ce45f,2016-10-04
acb597dfe15a4beb04578cbe48a6772a,fc67e04362ada373e1f7e7b6dab539e8,delivered,2017-12-01 23:33:35,2017-12-01 23:55:05,2017-12-05 16:33:55,2017-12-11 20:34:07,2017-12-27,c8c2da9bd439351646da66077a4f6896,2017-12-01
d29eca3633b0b60adf268cae9133cd93,cbbd508281ea66e2f36b4acfc28a85b0,delivered,2018-01-17 23:34:21,2018-01-17 23:50:02,2018-01-18 21:35:34,2018-01-30 14:16:38,2018-02-01,de34b16117594161a6a89c50b289d35a,2018-01-17
203763b580fdf4ab6596f692370d27a7,74fa7da987003f4756e87a5b1dcb11b1,delivered,2017-07-25 17:04:50,2017-07-25 17:23:19,2017-07-29 12:13:02,2017-08-17 16:53:48,2017-08-18,0f5631183979dbb731f2cd0acf9f32e5,2017-07-25
0ce3dcca0c123ec98cc73a514f7e9922,a04cf226c7a48fb4e95019bded0ea863,delivered,2018-07-14 22:27:04,2018-07-14 22:35:21,2018-07-17 13:49:00,2018-07-24 17:43:44,2018-08-09,08000bf3f358f324fcf4db2d071d0155,2018-07-14
4b417a70a89a9c265f52c8279dd489d7,259749df278437824ec1739846281357,delivered,2017-02-01 13:08:13,2017-02-01 13:21:31,2017-02-02 13:12:22,2017-02-13 13:07:36,2017-03-01,62c79c0597b18fa523384c502e972d5c,2017-02-01
b002f1139d86ddfc3579ad4d0fe8556a,a86fa41b9d57893b8b23ad9bf2b10427,delivered,2017-10-17 12:48:19,2017-10-17 13:06:26,2017-10-17 19:41:51,2017-10-26 22:48:28,2017-11-08,132af74d1bd8b2b57807743c3f257081,2017-10-17
d9cce1189df2e1b16f34c16c80f29f2a,536ff0cc8ec1d90d40b63686caeed8ee,delivered,2018-08-16 11:34:12,2018-08-18 02:50:13,2018-08-23 08:57:00,2018-08-27 20:06:51,2018-09-20,dc1589289c5a3b8cd2474d9496025bff,2018-08-16
597793d262bf35d4ff6b50360f836d82,a8f70597c7c83e71598dfe9af1c791bd,shipped,2017-07-06 12:55:44,2017-07-06 13:10:09,2017-07-07 19:22:14,,2017-08-11,6d510dd2fa67f4c129c169db50612a8c,2017-07-06
513f45dfe361a2cd8b5627b1414b20ae,a90833cea2417e46c2ff5512bbf5aabd,delivered,2018-05-13 23:02:56,2018-05-15 05:15:00,2018-05-18 15:12:00,2018-06-18 18:12:34,2018-06-05,dd029a83ea06acacf1e617fa1a702de5,2018-05-13
a4b3883d938d54ee36ea65cdfc552255,75ee4ded6b8b2510f575110c1bbc81a1,delivered,2018-01-05 10:44:19,2018-01-08 07:16:22,2018-01-17 19:46:43,2018-01-26 15:08:57,2018-02-06,0aa1ab39ff2b837c05d7c9ff85b6d983,2018-01-05
38224f332ffd3bc5b46d6a5139b76c2d,7dd1463208b208ccf68a5bcb0d515da4,delivered,2017-04-05 15:25:37,2017-04-05 15:35:09,2017-04-06 10:05:37,2017-04-12 10:04:50,2017-05-03,08e196b17b4c622560db468411547e92,2017-04-05
af3ad705f2a257c863532e7fec91462e,9131058bc0fd58a4fd04dbc141c4aa5b,delivered,2017-11-13 14:52:21,2017-11-13 15:11:01,2017-11-14 18:14:54,2017-12-01 19:13:56,2017-12-18,dda3eb6b3ec5eecd65bce234b27b8a7c,2017-11-13
4a444b385541349263bc8ab5a26a54c4,4e6049d06b37e851ef393c27efc23a69,invoiced,2017-08-15 10:22:51,2017-08-16 03:25:45,,,2017-09-04,7f072e96426514851a55c862905dd43a,2017-08-15
9abd4434524a2140bc9418988f93b4c8,3c00b418224c7d87dc77761bfd76a327,delivered,2018-03-14 16:23:40,2018-03-16 03:50:03,2018-03-16 23:15:46,2018-03-21 22:44:31,2018-04-02,3fe77d4d4a0d8193e91d54e26a927964,2018-03-14
c97448e24a8f892f02dcf3089103346f,6fd2c51b3eaa23c3ced2674b452e228c,delivered,2018-01-03 14:43:21,2018-01-03 14:52:23,2018-01-03 21:15:01,2018-01-08 21:42:33,2018-01-30,a3cff19572a9d98802efdd6603792ce9,2018-01-03
021f21b778ea0a81da47ebe141b1b29c,668602ff7a4ac16b00c73785fda2025d,delivered,2017-10-26 16:31:16,2017-10-26 17:31:47,2017-10-30 15:59:03,2017-11-03 19:37:54,2017-11-16,a3a988b211e387fba3be6fdd9b3b23be,2017-10-26
719ff9684dee150a72b969c2d0853af5,c5043670cde64f4796a1c5fc6176923a,delivered,2018-05-17 09:44:35,2018-05-17 19:34:59,2018-05-18 14:13:00,2018-06-06 21:28:59,2018-06-07,0df4d9dae561fb18d0f2f18ba7223d95,2018-05-17
a6361585c0b12a78bf663af14eb817e7,a45b0e2ac459c0a7921a20d88205764b,delivered,2018-03-31 16:14:59,2018-04-03 05:15:34,2018-04-04 15:52:53,2018-04-09 14:18:38,2018-04-18,eea594cf2dc1f7f8d905d0adcf7d393b,2018-03-31
a3b14686446d3401d67a3421891c34a3,756a1ff94dada665c9df2c5800d359d1,unavailable,2018-02-09 14:00:02,2018-02-09 14:15:43,,,2018-03-21,8c266b603fa2abbd026c6cfa0e7e05f4,2018-02-09
b54c7973502fa2cdd1b75c993dd98029,9627f089c0a53a343210849f1c341cc8,delivered,2017-10-09 13:40:14,2017-10-09 13:50:08,2017-10-10 17:03:17,2017-10-23 22:32:47,2017-11-08,5ebe715158eeab61dc879da9071480b9,2017-10-09
b6124eb66f799ee6f995083761816983,a551e0db88458b42f4f6a76ecdb114dd,delivered,2017-08-17 01:29:31,2017-08-17 02:12:23,2017-08-17 17:52:33,2017-08-18 21:38:07,2017-08-31,642a2db84185f97d2b5a89ef628b8434,2017-08-17
c86817562aff5741e8cceb3f8b6a6108,3f5634e4e68cda2e6bdb2dd93180e0ba,delivered,2017-11-15 18:06:40,2017-11-15 18:27:08,2017-11-17 16:41:47,2017-11-24 11:26:37,2017-12-05,79b5958bf2a8f26e52d5df883768655d,2017-11-15
dfc227d5e6d4ba1e696be1e730e9e796,e2bf3a59a2af09ad1498888dce519811,delivered,2017-09-22 13:37:18,2017-09-22 14:42:23,2017-09-28 12:07:38,2017-10-02 16:42:25,2017-10-18,f474403ed10590a3eda1dc4641525bc7,2017-09-22
0a0837a5eee9e7a9ce2b1fa831944d27,4f3f778022aefa22b9f9e52d2c47edf3,delivered,2016-10-04 09:06:10,2016-10-06 11:43:20,2016-10-15 10:33:08,2016-10-22 14:51:18,2016-11-24,cd5a5843d35eebdf90368bf24d4a04cf,2016-10-04
5629fdbbd11b9755743ba8b8f517f8cc,410487a17df8bb033e4173a7ab925f66,delivered,2017-02-06 12:55:28,2017-02-06 13:10:34,2017-02-09 12:24:58,2017-03-10 15:12:42,2017-03-08,d3cb1ff6f56fbf14dff73e4b24bfd600,2017-02-06
19306838a9d7a11a82ea7656dbd2f151,caf4f7415f1dcefc703eea9c86b42951,delivered,2018-08-10 12:50:30,2018-08-10 13:04:45,2018-08-20 12:31:00,2018-08-24 14:22:43,2018-09-05,491957a3de1bf787fca9e9af19b1e30a,2018-08-10
1fcde8f1d8b0a48e0ce8a212f1fb8dc1,84f8d3841c9595ec254d45d1e103b056,delivered,2017-09-14 13:06:07,2017-09-14 13:24:55,2017-09-14 20:13:32,2017-09-26 18:14:58,2017-10-03,6a9e853833560b04c8551f356b02ebfb,2017-09-14
195f299b40b4d78afa81a4109b618c02,4a4fab07a73760a8b9c42ac4c4129b84,delivered,2017-11-08 19:12:02,2017-11-08 20:31:00,2017-11-09 20:56:46,2017-11-27 15:43:59,2017-11-28,6dc16c31f4c57727d3bd51e10a977270,2017-11-08
c8b5282d408a1646c2b36a65f3d6fc80,259e30be470dc3beda52b7504700face,delivered,2018-01-30 11:12:52,2018-01-30 11:34:52,2018-02-01 02:12:02,2018-02-15 17:58:58,2018-02-22,f4f2d85371955b0e254ce594fcf09a0d,2018-01-30
1cef8c054a99de4870f9f34b4822f206,bb992aa0173715b2ec5e1e3b74903743,delivered,2017-07-05 15:44:33,2017-07-06 15:50:25,2017-07-12 17:42:48,2017-07-18 20:43:22,2017-08-07,50ee4216cf03192e364398340383f584,2017-07-05
dc0faa2850ff8a9f74623864b2e6214b,793fef0d9dab381e0a4e6f2b5ad506d4,delivered,2018-03-22 01:12:26,2018-03-23 02:15:48,2018-03-23 18:17:37,2018-04-03 19:21:14,2018-04-13,6ebf447f2c50cad83fecc83a05c03fc2,2018-03-22
00b6c055922e0ed2d88efdd252b2fb64,f7bdab6e68a28bf26acc7cbd785790fc,delivered,2018-05-01 16:01:41,2018-05-01 16:15:13,2018-05-02 18:21:00,2018-05-07 20:54:44,2018-05-16,95a4a22f35928ef1a276bdef2d07081f,2018-05-01
707641763cb64b52140f74e1389d0f10,319b2c12a2862f145c1a59e89560ce2d,delivered,2017-03-24 10:15:43,2017-03-24 10:25:19,2017-03-28 12:03:58,2017-04-05 14:40:03,2017-04-19,19117bb5bd4772328c8871b18853ed90,2017-03-24
7f2646b3858bd8c12613670a0da91593,5a0e7a3d1f745af614dd6a9193197821,delivered,2017-11-30 13:29:43,2017-11-30 13:42:13,2017-12-01 20:49:45,2017-12-20 16:39:06,2017-12-26,5d9e4d0b91da571a02ecd87e49f26652,2017-11-30
1a3bbdc45bf26fe719899c99c26cdc08,9cccd2dc2b91b1fa0e19d3ba831e948a,delivered,2018-06-12 16:31:58,2018-06-12 17:51:10,2018-06-14 11:19:00,2018-06-15 18:08:49,2018-07-13,5de973be83ad9b3769004c1a8a99af93,2018-06-12
09b010b4dba0b79a21a0505f234e44fb,18b8a289b963f319f9c59bb42cc44193,delivered,2017-04-07 15:47:19,2017-04-11 03:55:32,2017-04-11 09:21:25,2017-04-17 11:28:07,2017-05-17,c004624e104826546052d55f9357b0d1,2017-04-07
844f7449f9593fb8f8804b997e9210e6,90a8c6c6dff16cb628150e8cf1a6d6d9,delivered,2018-08-22 03:16:24,2018-08-23 02:55:24,2018-08-24 14:48:00,2018-08-29 15:38:55,2018-09-05,aa3646682f29b1c9c488e210680586a0,2018-08-22
073c1615e55e3c047b8254b49d3503df,a4e7d5d9719609261aca55abcfbb5985,delivered,2017-08-09 13:08:42,2017-08-09 13:24:21,2017-08-10 17:30:08,2017-08-16 18:24:45,2017-08-29,5174f67c5ed487530dce2130067c9b3b,2017-08-09
687114e8d86b372c3c02f33833df2383,d7596b2c9f409e620d46a4156992a165,delivered,2018-03-16 07:38:09,2018-03-17 15:15:26,2018-03-20 23:33:26,2018-03-26 22:42:07,2018-04-10,91eaec27828d36f92efbcdfe51916b35,2018-03-16
22ea5431233830227f077473a051d55d,699c53363f423420e15ad5b424eb584f,delivered,2018-05-06 17:41:23,2018-05-07 09:13:41,2018-05-08 15:39:00,2018-05-18 20:08:47,2018-06-04,aeab624af1bceb8dfe2bd2f89b1aefa1,2018-05-06
05095322e4f3619255e9450335966c33,d6d2c033c21383b51bda46e1e5580f8f,delivered,2018-03-02 23:16:28,2018-03-02 23:28:49,2018-04-04 22:42:07,2018-04-10 13:21:53,2018-03-23,840c06f67ff65d4e51d8c970ff462185,2018-03-02
b7832620d1c6dec5b515fa82c3bd6577,f1f18986d8df86bab07951e9d044123a,delivered,2017-10-17 22:42:16,2017-10-17 22:56:19,2017-10-19 17:39:59,2017-11-01 19:58:26,2017-11-08,aba7f6fb56c6551551bec299c74363e2,2017-10-17
1907abda7b8d9460f40f04928a4f1721,8c02349217989ee7257c050cd31c5933,delivered,2017-03-09 20:18:24,2017-03-09 20:18:24,2017-03-10 15:12:35,2017-03-17 10:26:36,2017-03-30,ee358f7b59eae6fe49bf4848b2928000,2017-03-09
122c0857cda2681ca041cded5e95741a,a6d9e3593fee6cf4000e7fd40e14a15a,delivered,2017-06-09 20:35:47,2017-06-13 03:50:32,2017-06-14 09:08:25,2017-06-19 18:43:48,2017-07-10,af7eddc6b6c71109b0e05f9a0f49dde2,2017-06-09
3c13a632eab1c856909bc8733878cf8f,3c3db1ddc514e9642527dd20d7f8e780,delivered,2018-06-15 00:14:18,2018-06-15 00:38:41,2018-06-15 12:24:00,2018-06-25 15:37:46,2018-07-16,7a7fd0079f196ce205b0af2e3170f5fe,2018-06-15
751c243ac05d86027b2fea2198de7d3c,3440df7a1bfd7becf564b373e2f2bd9d,delivered,2018-02-02 10:10:38,2018-02-03 02:53:30,2018-02-05 22:41:35,2018-02-22 01:19:22,2018-03-05,f4dd7dc4eb290c8d7b68883a3255db42,2018-02-02
93d00ae1e20d553e6b5bee7a7d898996,3a4c77b134b116a9f90b0a98fe0d0727,delivered,2018-03-29 20:20:11,2018-03-29 20:30:16,2018-04-02 18:42:50,2018-04-05 23:14:50,2018-04-11,912e2ccff19e46260d7de4bc22a7d012,2018-03-29
37113d4a4b32eb2a62556a3688dc0277,a1603ad4b06ff900d10c3222f1818bbf,delivered,2017-12-09 09:18:49,2017-12-09 12:31:31,2017-12-11 18:10:17,2017-12-20 18:16:54,2018-01-04,a85e98ab857451a1af52f7a996dc81e8,2017-12-09
efe34eef7701ffb344c58af77b116019,d6d99bb4414c24f4bcae748c02d7a111,delivered,2017-11-07 14:37:06,2017-11-08 03:26:51,2017-11-08 20:46:38,2017-11-13 11:38:42,2017-11-27,bd810a9ad3e742094af678699a265574,2017-11-07
a1f32c6c2615f5638247552c003abd14,50e32dd6b681377c81efe062a389353c,delivered,2018-07-26 16:36:49,2018-07-26 16:50:11,2018-07-30 15:42:00,2018-08-02 19:58:41,2018-08-06,a0ec7257ec63062740b661dff07e5232,2018-07-26
ebac8364f6f97c06df19ad674a12b359,e6fe99ccca7205804697a0aaef1539fb,delivered,2018-08-26 21:47:50,2018-08-26 21:55:18,2018-08-27 13:28:00,2018-08-29 22:07:52,2018-09-04,5a9bf3d0461db198b67ae2df9fbee11d,2018-08-26
a1f12bceaff1b0d9d2a457fca14d1fa1,460d69a7f123395d881d1122d36e0f87,delivered,2017-11-02 17:07:50,2017-11-02 17:25:43,2017-11-06 19:22:32,2017-11-10 13:12:07,2017-11-23,487b4ea515b16a8a3bae87a0c487b438,2017-11-02
a3fc2463aca2385a6ca276ee9d42e0bd,cff3017a38470298f6dce1e9d75f759a,delivered,2018-08-18 11:33:41,2018-08-21 04:30:20,2018-08-22 12:00:00,2018-08-25 14:29:47,2018-08-30,deebc0166868feff9f08c5dc31ed0bce,2018-08-18
0a0eb4fdd818ed6fb62d07792c948971,ed3dc6d3a1e46e631a61cf76894b41cb,delivered,2018-05-15 21:17:37,2018-05-15 21:35:35,2018-05-17 12:26:00,2018-05-22 18:12:04,2018-06-20,e9a1247491846908f72b85b854b37a15,2018-05-15
e7a1117eec05af2eb6dd62bd7fd864c2,37baee082b2deb84f52d3444b9922453,delivered,2018-04-15 16:47:36,2018-04-18 11:10:44,2018-04-19 19:18:34,2018-04-25 19:12:01,2018-05-09,71d159d200cfedf6901210904c47cdf1,2018-04-15
ca252aefd6f7ef3c5879eaab99e277eb,8fee2d5b7e5794cb5998ce266c9df1f1,delivered,2018-05-09 00:54:27,2018-05-11 03:37:30,2018-05-11 14:28:00,2018-05-15 20:41:24,2018-05-29,058d30d972910f7fa6cf0121695a6e37,2018-05-09
7ea34f2216c81857e7dd59d9d02b4626,2330310e89498b7b63bc9eadc09ab998,delivered,2018-01-05 10:39:43,2018-01-05 10:51:26,2018-01-10 17:17:44,2018-01-15 23:48:36,2018-01-30,dcd3fe290dd33ad8e5b253ebddb1f5b3,2018-01-05
f9e4b658b201a9f2ecdecbb34bed034b,e226dfed6544df5b7b87a48208690feb,delivered,2018-02-03 09:56:22,2018-02-03 10:33:41,2018-02-06 16:18:28,2018-02-16 17:28:48,2018-03-09,1d47144362c14e94ccdd213e8ec277d5,2018-02-03
43d9990607d3ebfae75f19c16d53d589,59e0b2fbf8c9258307645d377d4c80ff,delivered,2018-01-20 15:44:08,2018-01-20 16:00:33,2018-01-25 21:03:53,2018-02-07 22:12:43,2018-02-15,2f5ec69cee0b6131e785f2767ae990ed,2018-01-20
4f20f374acaa47920134df2f634691da,18dbb42d3322bd536fae68ae41640e0e,delivered,2018-01-08 16:03:45,2018-01-08 16:12:27,2018-01-09 17:24:49,2018-01-10 20:24:37,2018-02-05,cbbdfa950c932203f98dff23007d0182,2018-01-08
37681095e51224168a55b7a4ed598359,96bf655c5a1979487dc8f2eb06d34336,delivered,2017-11-28 11:16:04,2017-11-28 12:07:25,2017-11-29 19:57:42,2017-12-11 21:46:39,2017-12-22,77ffd877f9f0bd0d7a50fe72a7021d3a,2017-11-28
ad979a858d9d6a2b8bbec764d452d1a9,262f9be79b20e6b708e25229076f2a1f,delivered,2018-08-02 13:57:47,2018-08-02 14:10:21,2018-08-03 14:22:00,2018-08-09 20:43:33,2018-08-14,a93d5bc325f8844f5ae36b1c9b79b3e0,2018-08-02
f6dbef2d61321dedc716a1683d7b1509,8091032f392951aa6e5a1933b88ffd00,delivered,2017-04-24 22:16:57,2017-04-24 22:25:24,2017-04-25 14:17:55,2017-05-04 11:04:45,2017-05-22,ac43eb575838c88069e068dd164dd392,2017-04-24
9e22c8dea6cb942311efd79ca6fbbdfe,b78cdf02e03e25164b49c143c5bd0645,delivered,2018-07-31 22:31:57,2018-08-02 05:30:51,2018-08-02 15:32:00,2018-08-07 15:42:04,2018-08-21,6219e5582a7e25cfeff228a9bee2339b,2018-07-31
e1e0cfc8398a7bcd9699fe42c1651566,2e28b1a46d27d698ecb5253364df051b,delivered,2018-03-04 12:01:25,2018-03-04 12:41:35,2018-03-08 18:07:28,2018-03-09 18:46:25,2018-03-15,ff57f8187098025972fce7e36704ab98,2018-03-04
f5948c001130b3ffedc316eec2522996,dcb0fdfd6a314986e19ad9a7d6871449,delivered,2017-10-14 11:13:05,2017-10-18 02:58:50,2017-10-18 19:32:08,2017-10-20 14:39:48,2017-11-01,9783edcd9e1266f8a1041f07716a3ba2,2017-10-14
18e91442199add8db6ce7be9b2c51760,aa6ea53126c88a731fd84dec4d4f3500,delivered,2018-02-27 23:41:31,2018-02-27 23:55:36,2018-02-28 20:52:43,2018-03-15 18:04:07,2018-03-20,7a19b0145549f450df2d15588c93efe6,2018-02-27
66eebf0e266f975af04450e28dcadbf1,064e67871d53f3fbfd15385a0ca3a54b,delivered,2018-08-11 18:31:35,2018-08-14 04:45:11,2018-08-22 14:17:00,2018-08-24 19:48:29,2018-08-28,4dad028c287475ff2421bdb9c9b5dd2f,2018-08-11
cfd1ec4b19410ea11aeb847b699f281a,102f97ac10e250abbeda21cd6c3094ac,delivered,2017-08-25 21:09:03,2017-08-25 21:25:10,2017-08-28 15:22:28,2017-09-04 18:12:40,2017-09-19,012c61cc2c69b09c85071ccac0ccee16,2017-08-25
832bc1632236af4fde736234395402e3,4dd0798c083c504495639b4613c895d0,delivered,2018-01-18 23:07:20,2018-01-18 23:16:44,2018-01-19 18:16:29,2018-01-26 19:49:10,2018-02-08,b1addddee0c4b35550114227d2328cc4,2018-01-18
5c26d05602b6bf6463faf31fe5031c1c,b3048bed6f8e24f898f1f83e038f247e,delivered,2018-02-11 11:08:36,2018-02-11 11:48:02,2018-02-14 18:07:39,2018-02-20 18:44:56,2018-03-09,9959487d958bbcf9143eccd6f13df4f7,2018-02-11
2930e165d2d299f01940b519c86c7ee5,2f6dfea8a3388d1f025e78ec17369d09,delivered,2017-05-23 09:50:26,2017-05-25 02:45:20,2017-05-26 11:13:17,2017-06-08 11:39:01,2017-06-23,7ecc5251c43bab8ab38923eb2a03e291,2017-05-23
ae7dc97e75f7b915af6ef838d96df18a,84b76e9f9c9791f2ca2756bf99e471b1,delivered,2018-05-16 18:03:37,2018-05-16 18:16:50,2018-05-18 10:37:00,2018-06-04 21:18:45,2018-06-12,f37230f81e6b31a1c64bb65973fe4cc1,2018-05-16
6d20d4bb2f512f9cc072f9b1ca5c614b,3612d49439bc99659b9e3aba3e715c79,delivered,2017-04-06 16:50:03,2017-04-07 06:42:32,2017-04-07 15:12:17,2017-04-11 11:12:49,2017-04-27,93dc2a2ebc72f2b7205be0c130cf1fa3,2017-04-06
2b6f5b5b04f0331895f9e1103ac75fb7,d95b3ef0b39a4c4192e102a1c59d4c0e,delivered,2017-12-12 08:58:41,2017-12-13 02:33:33,2017-12-15 14:43:45,2017-12-27 23:09:54,2018-01-15,8a8dd033ec9d2eec8671243a98da24f8,2017-12-12
20f6d173df627e8c6f72650504ddfa7c,c829b5b75bc53cf5b5616a253f7e2517,delivered,2018-01-15 18:50:31,2018-01-17 03:35:47,2018-01-18 16:08:56,2018-01-24 20:27:52,2018-02-09,e31786d1a981414c1c02912ce3679783,2018-01-15
4c1cb882a6632f95d9732ca92f5715f8,6b7c4885e1dd12bd058d809f39e2d660,delivered,2018-01-10 09:49:00,2018-01-11 02:48:32,2018-01-15 17:24:44,2018-01-24 22:52:40,2018-02-06,5ed603e92ce43d47e8f3a5ec4b1746d4,2018-01-10
c64f7f0d99ba9d06966f9bfe36e564ee,b463091eb4a2e2889f5e5ce0421fe523,delivered,2018-08-10 00:17:09,2018-08-10 00:30:17,2018-08-17 08:40:00,2018-08-20 14:52:13,2018-08-17,e7a48bc9b2ad63fc14cb08a053e3d2f8,2018-08-10
a87a5ed1e5a7211124791f4ee820ddfe,e39f32af4e74151a07a6a3108b123f1c,delivered,2017-11-21 14:54:39,2017-11-23 02:58:34,2017-11-23 22:04:51,2017-12-01 00:13:26,2017-12-15,a776fa09b1b0a5b40d46bc4c9b91906d,2017-11-21
b84945a92dd9b4125072450332eaf6ff,bfd4a40884fd30bcd8bc4e6838fbdbb6,delivered,2018-02-03 12:48:47,2018-02-03 13:11:56,2018-02-07 23:07:57,2018-02-19 20:09:18,2018-03-12,e375b7dbcb3488825da72e3633758db8,2018-02-03
3339caccb4f94a45abaf8ed1990cfc36,9a862d529004b7051c686f79baba08fd,delivered,2018-01-22 15:42:00,2018-01-23 03:52:50,2018-01-24 10:24:59,2018-01-26 20:09:19,2018-02-06,099d8e01dfb37c541cd65b12ee03ff10,2018-01-22
278d3d690a2154d06eb95b5a171ade8f,d92966ea3d638f9b965f661de8d6d01d,delivered,2018-05-28 09:39:27,2018-05-28 09:52:21,2018-05-28 14:02:00,2018-06-04 20:08:23,2018-06-29,da136461ee13c8cadd6358eab6a9bec7,2018-05-28
b153954b30a6a686b88cf18a599b4382,a75bcc763c11877e9047c0646b938866,delivered,2018-06-03 11:31:07,2018-06-03 11:50:34,2018-06-04 11:52:00,2018-06-18 18:02:46,2018-07-24,5acbcf8c54d3efdcc30a8c125c90d1e6,2018-06-03
8a9be36ffd78382f9ac518945e909636,de30bd949849b73af18418c2a5d4599c,delivered,2018-06-01 04:19:11,2018-06-01 05:01:36,2018-06-01 09:05:00,2018-06-13 15:46:48,2018-07-05,b5464389046818dc7c08d2c2ad6cbf39,2018-06-01
82d57496fe85e9df6e149099e638aef0,8558b9ef796a38f15cf9b5d39bfa4fc1,delivered,2018-08-15 19:55:58,2018-08-15 20:10:20,2018-08-16 14:14:00,2018-08-23 18:41:08,2018-09-05,8fd5cc32e79fe18f222bed7b6cd9e95c,2018-08-15
84226f5c73669d7711ca44aa9cac602a,346b20d184e7206d1b55ba6edabd61d6,delivered,2018-04-30 18:04:50,2018-05-01 02:55:33,2018-05-02 14:00:00,2018-05-09 20:51:58,2018-05-23,3894553e805e7701befe17655de23870,2018-04-30
36581e1238aa28c3d912c1574ba976fd,08f25914a47aef2e25c337a19b1a482d,delivered,2018-06-18 21:15:34,2018-06-18 21:35:38,2018-06-19 07:22:00,2018-07-02 15:58:53,2018-07-13,6c48f3c255961feb799c3b6a312d6622,2018-06-18
6d58638e32674bebee793a47ac4cbadc,2ba91e12e5e4c9f56b82b86d9031d329,delivered,2017-11-25 13:54:39,2017-11-25 14:16:34,2017-11-27 18:49:58,2017-11-30 14:59:18,2017-12-11,90807fdb59eec2152bc977feeb6e47e7,2017-11-25
9dd7bd30536daba0afe7e080f4b8a3dd,903041972f5a3a9b12369017eefaef26,delivered,2018-01-17 14:24:58,2018-01-17 14:35:25,2018-01-17 23:14:52,2018-01-27 14:36:00,2018-02-07,2c586ec06743d74f7106584f85bb0224,2018-01-17
a11a425bf8a1d74271b19f31a3cbe76a,07a7e5b0029e354e4428f755cc1988bb,delivered,2018-07-24 11:15:42,2018-07-24 12:00:05,2018-07-30 12:50:00,2018-08-03 15:12:28,2018-08-10,8a4fee7db73ccd4a26a67ab745ba6e12,2018-07-24
948be76f305c16c3ddc7bfcdfaf093ac,e80cbdbc6b5a428ecbdabeb46c4945c2,delivered,2017-09-27 17:21:04,2017-09-27 17:35:15,2017-10-04 20:32:06,2017-10-06 21:13:12,2017-10-19,65a18aeee777ca2721b30e3ad1ef46a6,2017-09-27
2db55bc45408ca33aa8ff88bbe7fc720,9a91fdf882a557e2fcbf6d64ad100d94,delivered,2017-07-13 16:05:56,2017-07-14 02:15:48,2017-07-18 17:56:00,2017-07-25 18:49:24,2017-08-08,73630b166ec1457c896290ec9ffaee6a,2017-07-13
6784eb6ac53d515d589b68821f86a2c8,3fddf2d86128110da11753b3c78b844e,delivered,2018-02-05 19:27:32,2018-02-05 19:50:05,2018-02-07 00:11:37,2018-02-22 23:06:42,2018-03-07,e9f9c5d80e8af76d270545cae57bbced,2018-02-05
801fd091fe53f9ce56198949aee82afb,eb3df526c00097de12986e7f17592ad8,delivered,2018-06-13 16:48:11,2018-06-13 18:22:52,2018-06-14 14:32:00,2018-06-15 20:22:14,2018-06-26,1c82279b43c1a19f86322dbe08bc6bf6,2018-06-13
53b788f7cb182a99dbcf654bbdf21933,350285f2b060dd3b8df76551d0c113a4,delivered,2018-07-08 10:48:22,2018-07-08 11:05:26,2018-07-10 15:13:00,2018-07-31 02:04:14,2018-07-27,ca36805a06d8dd07a07a83aaa13f344f,2018-07-08
a6f6b75dad02327bd16a4d391963c579,a53465af275137d100190c3f5254b283,delivered,2018-07-28 21:52:00,2018-07-30 18:31:17,2018-07-31 14:27:00,2018-08-07 18:36:42,2018-08-13,ddbc58ddef228089df3b22d83cb69564,2018-07-28
033d674880f1edbb660161a0c672e9d3,30324c881a62562ab08e01a916582091,delivered,2018-02-26 12:18:58,2018-02-26 13:00:21,2018-02-26 23:17:46,2018-03-09 23:03:42,2018-03-22,99d2f4598749093c61038fe54bf3a9d9,2018-02-26
487243d388612209472c309efc5e6442,57cc8bffffb6658309f62558280029dd,delivered,2017-12-20 00:56:36,2017-12-20 01:54:21,2017-12-22 22:53:07,2017-12-26 18:47:28,2018-01-16,7bbb9bb28c3a6caa6bebc1fdfd9bf032,2017-12-20
dbc337fe795b89d0a42fed65a448b964,7eb04a79ce864d7e123251dba21c1fa8,delivered,2017-08-24 07:48:11,2017-08-25 03:03:57,2017-08-25 18:29:55,2017-08-30 19:22:17,2017-09-14,72118de5811561369321307db730ea6c,2017-08-24
1ba1c0a51a27e3c9c621d7128ba44a5a,1f8001281bdd2472be96407684a262db,delivered,2018-05-05 10:09:32,2018-05-08 04:15:00,2018-05-08 14:20:00,2018-05-14 21:14:41,2018-06-05,5158804606fbd87cd264ba48260e0c57,2018-05-05
33a03fef07e3bdb46a7ca7fded715d53,355b461d256187e4daa141b6000984f3,delivered,2017-09-26 15:51:24,2017-09-26 16:04:53,2017-10-11 00:42:02,2017-10-11 21:14:02,2017-10-27,b46f3b9b8b450db744148a4204d78ec5,2017-09-26
1329f69c4d3811f5a7bc6be850089a0d,840b47362264dfde96bdc04f1d702d0c,delivered,2018-07-27 11:30:02,2018-07-31 04:31:40,2018-07-31 15:17:00,2018-08-06 16:32:39,2018-08-29,222f30917bb3136dd794ee8d25531199,2018-07-27
1856dd06ccd053bf3456e3d5bf73f2e3,cc109454691b793edeaeed419bcbf617,invoiced,2017-09-30 20:12:05,2017-09-30 20:23:08,,,2017-10-27,216d3571625b3ec2fe57bbf4c47d18e1,2017-09-30
3eca5b2c3635ba49eb926da7ab5df0c2,36ddb89b429a4a864da90f888435ef41,delivered,2017-12-13 19:38:44,2017-12-13 20:31:39,2017-12-19 22:25:31,2017-12-22 14:19:21,2018-01-08,51c1ba123030a7e64b7dc0450a64b915,2017-12-13
20e7a6f048b842f51258e0b90b76339b,3f443551fca1f7c1820002a3a06496ec,delivered,2018-01-29 22:54:56,2018-01-29 23:11:31,2018-02-01 01:06:49,2018-02-03 02:22:21,2018-02-15,e04770f94f452d1cdd8d84c048af4860,2018-01-29
c3596ec59d5f965ff86933aed7821721,6357aded91db310a3e6e6737d7ea169f,delivered,2018-05-03 18:31:13,2018-05-03 18:55:20,2018-05-04 13:06:00,2018-05-07 15:05:45,2018-05-21,4ada8926817f24fd3eb613705b6f8699,2018-05-03
d303e3573610c562757a6703a7b0f933,bc3eba0e1ac44a8b77ce937f9926f9fb,delivered,2018-07-18 17:00:55,2018-07-18 17:15:18,2018-07-19 13:20:00,2018-07-30 12:42:38,2018-08-02,9c0c52aefb6c26c1c3573ce619d02f69,2018-07-18
dd6eb2d6d50c1539804511adb0e4fa41,ad8939b7dfebf1e59e4145ed73bb0e33,unavailable,2017-08-13 23:23:00,2017-08-13 23:44:01,,,2017-09-01,546c408c60e18bff4156f30d48d62ec2,2017-08-13
2454a5f6b258e0f1239d6b193c7f2784,ec5b53e1170724ebbcf81489ca5f3add,delivered,2018-05-04 15:19:41,2018-05-04 15:33:36,2018-05-08 14:21:00,2018-05-12 18:22:25,2018-05-29,7409e4524389838039b9d68924a597e0,2018-05-04
28e5c316b9b1b1902c094ab90ea33ffd,976adb38de58c8851a9e7858a56ae18a,delivered,2018-08-23 19:57:47,2018-08-23 20:10:13,2018-08-24 14:01:00,2018-08-29 14:08:34,2018-08-31,dee969dc30e66e371b2e2e0b25c172aa,2018-08-23
a599309f5f79fbd2d37ff1451b16d526,e57ae57f9ffcf35c400a61fc36e752b7,delivered,2018-03-25 18:04:19,2018-03-25 18:15:23,2018-03-26 21:12:22,2018-04-25 19:06:53,2018-04-16,3c00ae4d32ad5318b8dde8208f7f5b25,2018-03-25
760f8a7020b621798a7b0e3d57f2d31f,ef663dcc664fcfba5fc7170b168ec458,delivered,2018-04-05 22:13:25,2018-04-05 22:29:18,2018-04-06 23:32:17,2018-04-16 21:54:45,2018-04-27,e59f8d1e716e53d3abd8c08169a49448,2018-04-05
1ad631eef80afb67f53ed0b9083846e7,8a2384d1b9ee16f3fc7114fc0c293451,delivered,2018-07-17 10:06:32,2018-07-19 02:50:08,2018-08-08 15:21:00,2018-08-14 15:11:48,2018-08-21,05f1259e0082bb50b132b11aace45979,2018-07-17
0f7d5acc75cb241f4756f0e318fa67d8,9e7e083a1b48be7b56d33fd5ea02029b,delivered,2018-03-12 17:09:43,2018-03-13 09:51:06,2018-03-14 22:08:59,2018-03-27 15:36:38,2018-04-06,cc140d69d77e50e3b529dbc42c83d299,2018-03-12
60d5461dab300c5e833a29ac2f534ac4,971690d4a9c0044682ddf18ae5b32f1e,delivered,2017-07-18 21:46:19,2017-07-18 21:55:14,2017-07-20 19:37:23,2017-07-21 21:23:29,2017-08-09,9cc1d4a8e2122003ff52f44756c0540f,2017-07-18
722e6f9c78cf4ce9ba1058d788a6740d,0fefb7600dc297f9fcce9c5a7043b6b8,delivered,2018-02-23 21:18:10,2018-02-27 05:30:59,2018-03-02 01:22:35,2018-03-13 12:24:38,2018-04-30,f4f8cabd97674b488c265169f2525713,2018-02-23
d2f3c6bc866e8739ed6b470f1c13cc44,d82827f717f9c28668c81a103047726a,delivered,2017-04-26 12:56:58,2017-04-27 13:25:26,2017-04-28 13:17:45,2017-05-11 09:59:49,2017-05-29,50bd89a752ec44cac3aba8eb9960fc41,2017-04-26
d8ca4d3c24aed1ff86900cc75f3b6016,5884301406e14ebe07568ffd26271154,delivered,2017-10-28 12:31:20,2017-10-31 04:10:18,2017-10-31 21:59:34,2017-11-08 15:58:25,2017-11-29,28345e4479fbaa6c278e0f64546ebf96,2017-10-28
d74e29bbba41049b6c17603fd9fabc58,24f9d86fe662411f563ed4cfd6361b1b,delivered,2018-04-18 19:56:04,2018-04-19 19:51:05,2018-04-20 17:32:41,2018-05-03 16:41:18,2018-05-17,ef6d1a9c7ec71b2ad0b9db9feae55478,2018-04-18
f3cb950f0d57842dbbd55317ceaeaa71,80bbbe390ca6d4bbd1d21f50093e2a34,delivered,2017-07-25 15:02:02,2017-07-25 15:40:12,2017-07-27 18:11:34,2017-08-03 18:26:02,2017-08-23,7a2dd18c0df7348c511f284197bf6811,2017-07-25
8d3e3ee88c55c4666fda9d82a922a036,7b5d63eb48386b35bc84661adc8ea79e,delivered,2017-08-22 22:06:41,2017-08-22 22:15:16,2017-08-24 20:36:50,2017-08-29 21:14:40,2017-09-12,7273020f331bd9d211c3875a8ada22a8,2017-08-22
553a57de41103c69daac4c829ae9fb19,f18172f929d9460477b1975109a5543a,delivered,2018-04-19 09:33:42,2018-04-19 09:52:34,2018-04-20 23:16:41,2018-04-26 13:42:20,2018-05-14,2684d38ecd706eab3d0eefff43c3e90b,2018-04-19
0996218f2d0c8ec0cb08f7498588bc41,2c94ee4423f153e13ce3fb15ac406a13,delivered,2018-04-02 19:13:49,2018-04-02 19:28:41,2018-04-04 19:05:46,2018-04-05 20:08:40,2018-04-12,55bea30cd78db302debc515e81a851d4,2018-04-02
3858a71b117aa9a3c509cc87fe9c8960,096fadb12270ba03ae06893cc6579575,delivered,2017-11-30 10:55:44,2017-11-30 11:11:13,2017-12-07 21:34:00,2017-12-12 18:42:01,2017-12-20,58ece1dd8ed825ac9392b4521801d272,2017-11-30
052523fd2c735b15cb107afc0a413bc2,ef6df80448de23799ff246c3c898c8eb,delivered,2017-01-27 17:21:48,2017-01-27 18:31:37,2017-01-30 08:37:37,2017-02-06 08:25:25,2017-03-21,92ebc42647a2339f0ba0c33f84d9bdba,2017-01-27
da199a7491e600f839b6a5f580902cd9,b8a5c16528757594028cc97c84dae4c8,delivered,2018-05-21 11:54:32,2018-05-21 15:31:58,2018-05-22 07:58:00,2018-05-24 15:28:35,2018-06-04,29a43f0feba16aff6f0bc20b8cf80864,2018-05-21
2be55396cc21a15c826362a670a8a844,69a2031c6a5259f4649be50190c01861,delivered,2017-12-20 18:45:54,2017-12-20 18:58:30,2017-12-21 19:30:06,2017-12-22 16:23:34,2018-01-09,7b9dca790407b1666af5595badfc1596,2017-12-20
c79ed1b056f284598fb15ad333c2cf78,9c9c1f6b5453a9a4a004a66ecf2fb51e,delivered,2017-06-19 15:39:13,2017-06-19 15:50:40,2017-06-23 10:13:46,2017-07-04 13:13:12,2017-07-18,2dfcda64e46be800718fe18177836760,2017-06-19
c7873fbbe3a42117a53be238d9b734f3,e13363e1db087b7d98c27f9b9405d793,delivered,2018-04-27 08:44:03,2018-04-27 09:08:27,2018-04-27 15:10:00,2018-04-30 22:03:47,2018-05-15,fc0444e91c145f2cbc5c76c0e8f8be4d,2018-04-27
9630f4af52c269bea30409c275052f6e,23b628ded33cb58a4dd4f8e6104517a5,delivered,2017-03-08 16:13:41,2017-03-08 16:13:41,2017-03-09 15:22:51,2017-03-17 12:27:07,2017-03-30,31934416054332748fd3fa41e7e3ac12,2017-03-08
44a5ad3dfcc50ed80b03ffd522a27cd4,d1a7a58bca769116d3a13b423bd6530e,delivered,2018-01-10 19:34:38,2018-01-10 20:10:24,2018-01-24 11:14:48,2018-02-20 21:39:33,2018-04-02,c6384cc0ff283dfc67d9f052ff0436f0,2018-01-10
a0727c663f544d6618123c94c779f29b,c248d31c4fed7d662b3a78538f3b1da6,delivered,2018-06-08 16:39:34,2018-06-09 02:57:24,2018-06-12 19:03:00,2018-06-26 15:44:37,2018-06-25,0336f24f20b52c8af2f0dd8e4697374b,2018-06-08
8be26417e499e19c531a3ebfd1b14c20,08345c45f60f7377380fceade8679400,delivered,2018-08-05 23:13:32,2018-08-06 23:05:14,2018-08-08 15:30:00,2018-08-14 18:03:41,2018-08-29,ec4dd12f389b27bb8a3705e530700ceb,2018-08-05
68b9aa6b2c83d8c8567e4908fb35598d,c2fc989efb1ba341cf5b24a995828c0e,delivered,2018-02-25 12:46:46,2018-02-25 12:56:21,2018-02-27 16:59:11,2018-02-28 17:15:06,2018-03-12,4b37052b91137f41121a29a5e006cf4f,2018-02-25
65a4bb74f4811cd08327302955cfc9d9,cfdcfdbed5ae9cc38b954b2c5e40e6f3,delivered,2017-11-13 18:17:46,2017-11-13 18:30:56,2017-11-14 20:14:55,2017-11-28 22:48:45,2017-12-07,073e370951a4184f37a3243bb5bb8a19,2017-11-13
38eb04fead5a8c966e7e01b87830b50e,1d11acf6e954df528e6a0b28a454d646,delivered,2018-08-04 08:48:56,2018-08-04 09:04:03,2018-08-09 14:03:00,2018-08-13 23:36:52,2018-08-17,b9f0263ed58ccbb9222d26b7c34e7b80,2018-08-04
1c939324bacd87c65d030c7974e38338,be18603bce09d123fbcb26af9ec069c5,delivered,2018-02-14 18:10:38,2018-02-14 18:20:48,2018-02-16 00:22:28,2018-02-19 16:45:07,2018-03-07,bd250672128c616edcc1cb6d7cdbd197,2018-02-14
8b4d265764544f6a280f2ae60b579be7,90813c0766f48e5b2306a4f0158f713b,delivered,2018-08-16 22:02:32,2018-08-16 22:29:19,2018-08-17 09:55:00,2018-08-24 00:59:21,2018-08-29,ff49f6b0c8dfd20fb24656481e8b04f6,2018-08-16
9b0f1e1427db19a11c3ab29e6ebf4846,c353e4d9ce4b56d736c8e8149d106e51,delivered,2018-07-29 13:31:50,2018-08-01 16:31:37,2018-07-31 15:04:00,2018-08-01 19:28:56,2018-08-02,452a82ff75aaa7f5feae4f472de3d1c2,2018-07-29
e56edd78b1e5a0c3144fe825d289fc6b,ca14bb60dd25b45476d1df73dcd4d2f9,delivered,2017-11-25 16:48:58,2017-11-28 03:45:28,2017-11-29 18:08:59,2017-12-10 17:22:42,2017-12-21,a5d4a418bdc6deec7cb208585141ca8c,2017-11-25
85255dfbdf9d963a4517ef2587876dd4,5b39b48541837b16cfbd5aca0cf71d51,delivered,2018-04-05 08:57:35,2018-04-06 03:08:25,2018-04-09 16:53:17,2018-04-10 18:34:47,2018-04-17,043c6318111021f28bd6f750981c9bb6,2018-04-05
c1d47bf45869556f656d75e071338018,0ae6c0e01ee23ba41231d29740c2a8d1,delivered,2018-03-07 16:24:13,2018-03-07 16:35:49,2018-03-12 23:02:48,2018-04-12 15:38:51,2018-04-04,feb8c6afadc3c588d2b20b62968171c6,2018-03-07
a5bb475db1b4bcf9aa10cda733fcda10,0e547cffbbc6b5b7c0fcf80f67f41773,delivered,2018-08-11 19:27:59,2018-08-12 19:25:14,2018-08-14 15:35:00,2018-08-21 21:56:42,2018-10-01,0bda37300068898e6b332c52e645a5ab,2018-08-11
e316d17cafee5024c175ba56fc437d56,69cdb945535dffeb2313ce7c20a95c3a,delivered,2017-03-27 11:29:51,2017-03-27 11:42:36,2017-03-28 19:05:36,2017-04-04 21:26:55,2017-04-19,a44a57fdcc4cefbcefb7e4a92eded716,2017-03-27
937ca79de438593867663c25fd34ea4b,2d12c6935dea7173e8c94c416ef44ed1,delivered,2018-08-19 15:53:57,2018-08-20 12:16:09,2018-08-20 15:51:00,2018-08-25 13:18:34,2018-09-17,6a4ed801b3dc07f27715cb3075d5ace3,2018-08-19
81dec63f48ee4e24401d392921393ab3,d009b56995af220371a203e9742de446,delivered,2017-12-13 14:40:20,2017-12-13 14:56:59,2017-12-14 20:29:02,2017-12-15 19:08:52,2018-01-04,e89bab624ed1d8c75012bf52bacc654c,2017-12-13
4a3b5641ebdc66e5c3c2a2d2e6633587,bef3b7e0d09c81ece65cc174475bb2f8,delivered,2017-08-01 16:52:42,2017-08-01 17:05:20,2017-08-03 13:47:39,2017-08-10 20:42:55,2017-08-21,72fbda3a8f7ddbe9247958d80e7621db,2017-08-01
3baaa5448af22fe09f43c61e6f2591bb,0ca951f1645620c999a12c845cda83ce,delivered,2018-03-26 06:23:38,2018-03-26 06:35:20,2018-03-29 22:31:53,2018-05-02 16:32:54,2018-04-12,0bc6a141b17a9e42140deaa6e5cdb9df,2018-03-26
37507e1d5b294164b69056c22f217b1e,aca1f39abe6d7cf10d2710f33c0a5f54,delivered,2018-02-15 09:50:21,2018-02-16 08:07:03,2018-02-20 01:49:14,2018-02-27 20:27:11,2018-03-08,a74cca5b53aa3fb9a6841f847033dcc1,2018-02-15
cc8f9408b4fc4e225c3a571d7b38f24d,c0b65b623d3f8fc03f70b3ef5e732a30,delivered,2018-01-21 15:52:24,2018-01-22 13:52:40,2018-01-22 22:57:23,2018-01-25 22:57:56,2018-02-14,2bfb5880bfa061bee717d6c3a41c5b7e,2018-01-21
5def57005a0074cf4fd6778d99e6b7f1,7f78f99d57a8543ff2c2696626deca4d,delivered,2018-08-18 11:46:32,2018-08-18 12:40:33,2018-08-20 14:11:00,2018-08-27 21:48:38,2018-09-14,d239a29cda14b9082364fd94577cf81a,2018-08-18
49d4786fdea2f533a5aadced38470d5e,373e9a798e46e7800f58a27b5462b073,delivered,2017-10-11 18:11:14,2017-10-11 18:24:33,2017-10-18 19:41:27,2017-10-30 18:53:57,2017-11-01,e3a96db7ab562ab21c9676136dbfc73e,2017-10-11
22a1a580ac153c5e2f469d27ad6a4e3d,b9662bb6c6a36059b08d2ade7f499d65,delivered,2018-04-15 13:45:06,2018-04-15 13:55:18,2018-04-16 22:13:32,2018-04-23 21:28:42,2018-05-09,21f86e97c14e9524ace161a8c9decf5a,2018-04-15
09f541f117ac3f665dc3aad6d3bb8fc9,9f2034168e1690d1dccc52e62fd50ba5,canceled,2017-04-20 14:54:24,,,,2017-05-19,79132474f452e159527245c7141ebabe,2017-04-20
df7f29945c1263ebc3b787b14c326b18,9e5762a5cd19d0417324f901120a2ea7,delivered,2017-10-18 20:37:23,2017-10-18 21:49:17,2017-10-24 12:09:11,2017-11-01 18:58:29,2017-11-30,16bf924f32df7c2607fac42a6682293c,2017-10-18
8057ce8ffded1481446ada68f97941d6,2efa8d107eb5b62a6506419325b8fc28,delivered,2017-07-05 08:48:20,2017-07-06 08:55:11,2017-07-13 20:47:34,2017-07-19 17:06:26,2017-08-02,4ed27c4720bb91443256a9f03bca14c1,2017-07-05
1bd5cd406d71988a9ea81d022fc161ba,42fc8a799c40493b77e9bf7edbcdc286,delivered,2018-04-21 05:31:57,2018-04-24 19:20:55,2018-04-24 16:54:35,2018-05-03 19:22:51,2018-05-22,a73190e7d8a7e809979025a44e64bd1a,2018-04-21
5ce0709158a972bda105a5c17a5094ed,42f5a4ada1492abc600687788ab83290,delivered,2017-12-02 21:08:30,2017-12-02 21:40:40,2017-12-06 00:34:47,2017-12-07 14:03:29,2017-12-27,26874c233e3f7b363d33153b29e0c133,2017-12-02
9eaeb9a3ef1fbb54f2c06d5ea38dd919,56d361be1eb9434e60410e456a56a559,delivered,2018-02-08 22:51:59,2018-02-08 23:08:42,2018-02-26 20:36:31,2018-03-01 22:29:00,2018-03-19,feccaf856b7f457beb24494f956a7d7e,2018-02-08
05ec8e2b68474e347ff47b71274e2361,df754dc98698ef596762561b4a9a9f1a,delivered,2018-07-20 10:39:13,2018-07-20 10:50:16,2018-07-20 12:43:00,2018-07-30 22:03:03,2018-08-09,c6cd2822c711430097776c7512a0bf95,2018-07-20
e015afedfc53ee0d62f972db3149480b,fa8047426049005aaa90db11b5fd39ad,delivered,2018-04-26 16:49:42,2018-04-26 17:52:23,2018-04-27 12:51:00,2018-05-03 20:28:40,2018-05-17,ecc2cadae1306ec2f3cc3c4c3ebdf1f5,2018-04-26
724c7b9d5d226631f82c0c09a9f51685,ef588805eee0e2362fb49f347db06922,delivered,2018-06-29 16:03:27,2018-06-29 16:15:13,2018-07-02 13:50:00,2018-07-05 19:16:37,2018-07-30,ad6cb9c7441bed87f39a478a1830a0df,2018-06-29
953f6ced48912ca83c01cb13092c2fe8,a5e7ae88f3b312ffda6e89e6723dc4a1,delivered,2018-06-26 19:00:25,2018-06-26 19:18:46,2018-06-27 10:52:00,2018-07-02 23:03:13,2018-07-23,9d6db5d0cd11901fcd82ac760a6e1d7e,2018-06-26
d5639d8a973cec351be75a3186835068,f99805f296e9a95bcd2f9eb3606feced,delivered,2017-11-10 18:09:26,2017-11-11 02:55:26,2017-11-16 18:05:02,2017-11-24 19:24:39,2017-12-05,be54df277bac50d1ff64f1c5df2730dd,2017-11-10
7292d6e02e9cf2ad86b9688e67487750,2697425b692b6a1f2a6f06cb1b162129,delivered,2018-03-25 10:03:24,2018-03-25 10:15:23,2018-03-28 20:53:26,2018-04-18 15:24:44,2018-04-27,18d6b88d410d05c75e0c23d7fbe82466,2018-03-25
b5af0ae994e0a12e8246da3f7170f54e,e9cecf8cb178c26ebbe032e7836221da,delivered,2018-04-01 20:58:48,2018-04-01 21:10:25,2018-04-03 12:04:40,2018-04-06 23:06:45,2018-04-18,39e415a986e7e6fe1d19d29947cc27bd,2018-04-01
ff92b9f4c3333e0e977c4530a2e8d9cb,19256cec9e847b0c1a2922e56fec42a4,delivered,2018-06-17 10:45:05,2018-06-17 11:01:05,2018-06-18 15:53:00,2018-06-25 18:08:31,2018-07-13,c107527184a9e9f426fc5a3e89cfb7e1,2018-06-17
5317d6f0c0b5822201596d8f4aabdc6e,061ef7eda5cb54d9ccde7f54ea98f7fc,delivered,2017-03-01 06:24:20,2017-03-03 06:45:15,2017-03-03 12:18:00,2017-03-14 15:52:24,2017-03-24,336a58bfc72c8a05d6f17fe74a7ecda4,2017-03-01
2c90ec9da45501ac02b58fa6fb8deedc,bc448306c9b538a38ded1022413353f2,delivered,2018-03-15 15:19:05,2018-03-15 15:35:28,2018-03-16 19:52:01,2018-03-21 19:47:36,2018-04-04,0a5fa700fbc77dca1f32c3a696a8f8e2,2018-03-15
64d68170391ac401d5ff137d9d7775d0,a6e321b583f50c1fb8e68d9d913a2f0c,delivered,2018-03-26 14:06:33,2018-03-27 03:56:04,2018-03-28 15:08:48,2018-04-09 18:21:52,2018-04-18,f43b24153d60b755a44dd5730f983729,2018-03-26
9bbaeca96f9c4a3be4aa32aefcd1cd11,56091616e7ea94009dae176e74bc4fa5,shipped,2018-08-04 14:30:06,2018-08-04 14:45:18,2018-08-07 21:27:00,,2018-08-14,306cd234c18417db39138e4700ced0b1,2018-08-04
8fd361858abba7604b18a32f16483a8d,8392e3d4cfeec63f2a8bfea68bf1f91f,delivered,2017-05-22 19:23:14,2017-05-22 19:30:19,2017-05-24 13:40:23,2017-06-02 13:06:02,2017-06-27,fd2d5fdb84e65fa6b54b98b0e2df5645,2017-05-22
4ce2a78f4b4b1166f0e04bbdc825f7b3,d615aea633470f9686f84cec51940be8,delivered,2018-08-16 09:41:52,2018-08-16 09:50:25,2018-08-16 15:14:00,2018-08-22 15:06:41,2018-09-06,37e80198ecac0062c926db959cd2d3e1,2018-08-16
eb45ff263f9e77136f626c712add7354,25132871ae2b537453a598c4156ae8c5,delivered,2017-04-17 21:07:54,2017-04-18 03:55:35,2017-04-18 11:07:07,2017-04-22 10:57:49,2017-05-09,17d9e5fb389aa6a163f1bc7d8b1510f6,2017-04-17
0b2942062fff77e603cf4837c421e9a5,c59308d2a8b807a93f3a7d00e9f2b222,delivered,2017-02-07 11:34:57,2017-02-07 11:45:14,2017-02-09 10:23:44,2017-02-14 16:53:49,2017-03-08,24c2fad8c24d02f02cac801f74d6a6cf,2017-02-07
10edb7acff4cd11eb43b993548b67f95,f02301922d0f788f8472d47432736fe2,delivered,2017-09-29 01:04:16,2017-09-29 01:24:52,2017-09-29 19:05:50,2017-10-13 21:07:55,2017-10-25,bd175eda0510a90fcb57ead16a5e85d3,2017-09-29
c8a4aa3a9990bffa86204adb8fa2dc37,e805a2d89df2d760a6ad978b424cd561,delivered,2017-11-29 18:06:16,2017-12-01 17:59:31,2017-12-04 23:48:36,2017-12-16 01:41:56,2017-12-19,98c438e19ccdab086f626596cbc5465c,2017-11-29
e020c537e96d13d9331a1badf93b50d1,ada97234c297d1fcdf68fc5d72f90808,delivered,2017-12-29 00:29:14,2017-12-29 15:09:25,2018-01-04 22:55:09,2018-01-25 01:12:59,2018-02-01,fcaba43cfd594b9a6e1389bcbd33d5bd,2017-12-29
9c074b1d5c9fcaa13fdea5c761dca404,96921ad25d266bdd979a8106edcd1e57,delivered,2017-08-07 08:31:36,2017-08-08 04:15:20,2017-08-08 16:04:10,2017-08-21 18:27:49,2017-08-31,93dc7a5d5dca34e5f276857be0e74a15,2017-08-07
5b305608c98ca66ced71cde019aba8e9,0a80cb0961116e638ec1e053d8107557,delivered,2018-05-13 22:06:07,2018-05-13 22:15:16,2018-05-16 13:31:00,2018-05-21 18:19:28,2018-06-04,684fdd89d877968793cfb9c8f7ef7874,2018-05-13
c849168aa8c91a3346f9a62fff05da71,6efbd167ba77f51f9da359e85f4c801d,delivered,2017-07-29 15:16:48,2017-07-29 15:30:09,2017-07-31 17:53:51,2017-08-09 18:26:24,2017-08-22,2e5cfba8ab54081ba38c4a8abdc995f1,2017-07-29
30f7c25897bac24c9d57f04e7cd8903d,f21ba9720adb1d11243d94fb25c8607c,delivered,2017-02-11 20:33:07,2017-02-11 20:45:08,2017-02-13 13:48:04,2017-02-21 10:17:42,2017-03-22,afd907e82e22caa1e6003419e11c2a5a,2017-02-11
947f3467c45aa7dbbf64b2b6fc5dc3c6,6b1155994bef28cfc2294616b033dfcd,delivered,2017-06-14 09:03:12,2017-06-14 11:02:26,2017-06-20 17:41:02,2017-07-06 16:03:22,2017-07-13,4ed7886e919c46e34863657e510bf495,2017-06-14
60e6f7ddb40a12b4b2b272b60f8db990,1a8eb043bc13de00b3d39495190dade0,delivered,2017-08-10 14:46:06,2017-08-11 04:25:42,2017-08-17 17:38:32,2017-08-28 20:20:04,2017-09-06,a45cb33109cba712405ffa2093ec1545,2017-08-10
96f236475cf9ab0ff0c202d36a84b311,1c225b9fdf91a8323ec6c5832c83bf07,delivered,2018-03-23 10:26:19,2018-03-23 11:31:37,2018-03-23 22:09:46,2018-03-29 19:58:47,2018-04-11,f3d71f4d8f54a54163588b67959c5061,2018-03-23
fa2211e05a1ebb8eedfa015e5d6d7957,62a91310a7666cefb5f7275f731338db,delivered,2018-05-22 15:11:07,2018-05-24 02:18:31,2018-05-24 15:37:00,2018-05-28 16:08:04,2018-06-04,549db5f8678440bd1be9ddef9dede02b,2018-05-22
fab2aac6ff265cb5b66ffec77b3fd882,7712425a53e890f6ffcfd785aaf73f2d,delivered,2018-05-12 11:05:06,2018-05-12 11:15:10,2018-05-14 13:53:00,2018-06-04 22:25:25,2018-06-12,746807d0d2357bfbf7c1e66be0b88f21,2018-05-12
95bdb86dcfd0b17e0923fb8740f18e35,fda46ced682d0ada68b040066545388f,delivered,2018-08-22 13:43:32,2018-08-22 13:55:18,2018-08-23 15:32:00,2018-08-29 18:58:49,2018-09-04,8e0726e0bd499f17523ed58fa5357913,2018-08-22
99986880076491bbfa81921df6b676f2,98657b7713c40b024ac68724ca606f32,delivered,2017-11-06 20:47:54,2017-11-08 03:35:32,2017-11-22 02:14:28,2017-12-02 00:38:52,2017-12-19,bf0627436135c129fa7d967439780b16,2017-11-06
439a1c71dfd435cc08d15b98b9ea6c43,4fd3fdf05fbad10ac8e68669c297e889,delivered,2018-02-23 15:55:16,2018-02-23 16:08:26,2018-02-27 00:14:48,2018-02-28 16:33:32,2018-03-09,d521bc1193364fe9d1faa9d7965af565,2018-02-23
5b36d696990ca3b000d4094e51d5b2a1,a4306b0d6656a3f3ca5630b4c2ed08a2,delivered,2018-05-12 11:29:33,2018-05-12 11:54:11,2018-05-14 15:19:00,2018-05-18 13:58:21,2018-05-29,0a60bb46bc8f8311a2211ddfdc2b47ae,2018-05-12
519f5c942411291de3577a9915b8ecd5,767a7d8d37d25b8ceab70da4bbf1b628,delivered,2018-03-14 12:50:02,2018-03-15 03:16:16,2018-03-15 18:05:14,2018-03-21 19:46:38,2018-04-10,531c32f0529fb288c21468ccf1a9b0f8,2018-03-14
25046cd9dd88041134abd808c4719a36,28419f064605a15eb2038c4790b4196f,delivered,2017-09-12 19:44:36,2017-09-12 19:55:13,2017-09-20 19:18:45,2017-09-28 13:20:07,2017-10-04,7d6b089029085b9d544174ab78412378,2017-09-12
288362e230c2f06b85ba337e5f3e54c5,81f19f3d4fca0f3a2360f1aa2f369f11,delivered,2018-03-27 18:33:35,2018-03-27 18:49:07,2018-03-28 19:34:28,2018-04-11 17:11:45,2018-04-16,63742cd57d3921335e6a3ffd006e2702,2018-03-27
2aea39f518e5af3c58b9047d5f0e5e0e,0e5406f881c6967e0fa8d49d2a5ad553,delivered,2018-01-31 14:00:05,2018-01-31 14:13:36,2018-02-02 01:33:51,2018-02-09 17:07:14,2018-03-05,8c31fa47de4d7473c1ca8be68bfe505c,2018-01-31
ca7dc685e1c6b20f8404d4f28acd96f8,bc1397d64d7111923b94fa9448da681f,delivered,2017-09-26 11:16:02,2017-09-26 11:28:30,2017-09-27 15:15:13,2017-10-16 22:04:59,2017-10-30,d8e99fb3436ba8df32bb469189420fc0,2017-09-26
05af503aea07ddc5530506f2c349756f,5c92329a45f0d22c263d98a8ce845cd8,delivered,2018-05-30 20:50:08,2018-05-30 21:10:25,2018-06-01 08:53:00,2018-06-13 21:12:41,2018-06-25,a05cfcebcf75e206a15b3e63f7b08ab8,2018-05-30
2509129288c3aab692ab6651a58c7bda,fe35a0177887ee0a5edc2e4945099139,delivered,2018-04-30 20:20:31,2018-05-01 05:35:30,2018-05-02 15:08:00,2018-05-07 17:34:21,2018-05-23,703f95cfc18a1b6362230d4655e14026,2018-04-30
e78cb558fcb803bfa9fd0e4325bc94d4,a4e35b6b294f14e3ed6f6a324913b9ff,delivered,2018-08-03 10:20:22,2018-08-03 11:00:12,2018-08-03 11:50:00,2018-08-10 16:59:41,2018-08-17,3b3cc28dd7cc5ac2e6ee4ca3192e4c0e,2018-08-03
609a92d3db448bbe4e37ebbe28b72b16,5a99f3ed7b721d9aa04b6f73e0abdfc7,delivered,2018-03-09 09:56:28,2018-03-10 03:48:52,2018-03-12 19:21:50,2018-03-22 15:51:48,2018-03-27,91352e06066eef42b60b24049ccde4fd,2018-03-09
ee9dfabed586581a184f72e03544b4a2,1b566b82a558c61bab2da9bdb9ba2e97,delivered,2018-01-28 00:28:27,2018-01-28 00:37:25,2018-02-16 15:08:03,2018-03-11 18:38:27,2018-03-19,475e1ab568d2e1fa9722c0428f8b0b8c,2018-01-28
e9be4a779b9911ae4f412b78093d2921,c5741f989a6049395c73425008fdba81,delivered,2017-02-10 11:57:02,2017-02-10 12:33:30,2017-02-14 14:31:19,2017-02-24 08:51:54,2017-03-13,58e0dbfde3061a4431faaa2ecd6e5c6a,2017-02-10
f8577a7c62ea6630f36ed31870b83462,98bcfdbfc353e97ee082d8ba2f04b3aa,delivered,2017-08-31 11:03:57,2017-08-31 11:24:22,2017-08-31 19:18:24,2017-09-11 18:04:05,2017-09-20,78a181850af81e9efac18b4fdc67c48c,2017-08-31
4a083057db0623d0df1ef9dbaa64c2c0,2ad5c8b883b8d596e41a125006510e9b,delivered,2018-03-10 18:45:59,2018-03-11 18:47:34,2018-03-13 21:04:41,2018-03-14 22:51:29,2018-03-22,9c6b95edad9422ead215f7340e051d8c,2018-03-10
1d388ca413c8664cdcd1892712f791c7,4293007bf0f607259f9c577e2d03df33,delivered,2018-03-02 09:31:48,2018-03-03 09:28:51,2018-03-07 20:38:35,2018-03-29 16:56:28,2018-03-26,66d0106c808fc4429599b07fab2b35ed,2018-03-02
619476e805415f3f855b5e0f2494836d,163a3270d1a8e43494ef68937908784b,delivered,2018-02-19 21:32:33,2018-02-20 21:27:53,2018-02-24 01:57:06,2018-03-06 17:16:31,2018-03-21,1e5e95db9f9bd3926b92b0c6b9aa523d,2018-02-19
d8650bf37d486fd6c6111210e5c0e282,2538ea304704fbd6be4ffb8f14a0de4b,delivered,2018-06-11 17:33:12,2018-06-11 18:00:11,2018-06-14 15:02:00,2018-06-19 22:03:43,2018-07-11,4bf92511b4656776aeeb07d31b1d1a34,2018-06-11
dacfa847106ee5d2da9b2815ff4819a3,1fd5ecc89ca499a340f0b1e1f4a1fd9b,delivered,2018-06-21 11:34:27,2018-06-22 02:58:36,2018-06-22 14:07:00,2018-06-28 13:33:02,2018-07-18,d1115f45685081b1f96dd1f80c54b7b1,2018-06-21
aa8434554633cbb808bb70f4f2d6bbcf,6ace8efa987c742a36dc0cbb83cf85e8,delivered,2018-03-20 20:26:50,2018-03-22 02:55:41,2018-03-26 15:28:30,2018-04-10 22:51:29,2018-04-11,19985726e72b4c8301c1413ec5433f1d,2018-03-20
266e6e41522572e8bc4068738beaef07,a910f3a92b629ccc1d3444a102254023,delivered,2018-08-27 23:12:55,2018-08-27 23:25:13,2018-08-28 08:33:00,2018-08-30 19:22:00,2018-09-10,ea68118dafa903c52bbe82fc947e5c1f,2018-08-27
3dcba6a4791ca82b9de4b0590404b27c,a83989ecf881b6cd5114a2a383cd1284,delivered,2017-08-29 16:05:24,2017-08-29 16:15:54,2017-08-31 15:35:05,2017-09-04 22:23:44,2017-09-21,959f4001c949d2e995b59f384aa181ae,2017-08-29
c75e9a685439f75e990bcf13443f02c5,889a8a0aaae4f2c4730948cb1ec0d638,processing,2017-09-30 16:28:52,2017-10-01 16:35:09,,,2017-10-24,5897410e62336f05afe673aed70c88c1,2017-09-30
bdd3ff4ef47b27548e0f1337fd6d042d,dc5e67641a1399fb3d2fe80769d85520,delivered,2017-09-19 17:31:55,2017-09-19 17:44:50,2017-09-20 14:49:17,2017-09-26 21:20:05,2017-10-10,7c39b5ae15ff7c31c9362b8bdc75ab1b,2017-09-19
1a0d8f4b7cdd8a27c1ef92e118931fee,b384083c3749d6d528dca6af0db99e32,delivered,2017-05-04 08:51:47,2017-05-04 09:05:17,2017-05-09 11:56:13,2017-05-19 13:20:00,2017-05-29,bf05db5c3dac3f9361cda729a1e35e73,2017-05-04
6dccad8ec71dc70dd2387523396a93e6,abfd4bf45af78e5df062d10bdb4add3d,delivered,2017-11-27 18:19:43,2017-11-27 19:01:58,2017-11-30 19:28:46,2017-12-26 18:44:56,2017-12-19,deb75c690f58afda0ae97f88ffa56d14,2017-11-27
697190b1b46c11294879f6bc10364865,c4f1f918cbb3c788b660a59218d51376,delivered,2018-03-14 11:58:49,2018-03-14 13:20:58,2018-03-14 23:58:36,2018-04-02 19:38:43,2018-04-03,17485853dbca0d7a7f671f9b17b7d8de,2018-03-14
801ad870fbcdfae41bd492be8976cbc2,d8a288228129c30f34ed8821c5f7108e,delivered,2018-04-16 13:07:56,2018-04-16 14:33:00,2018-04-17 23:32:33,2018-04-23 14:21:37,2018-05-07,5139a9fbe44ad38861371c82e115ad61,2018-04-16
0ded624c5ee2b7b281cb9495e5eeb502,aeb95a289cdd3f55cbab46d47dc8ad91,delivered,2017-11-11 19:51:19,2017-11-11 20:06:38,2017-11-14 22:42:40,2017-11-22 23:41:58,2017-12-01,fb4e9ba4acfdcc51c90e8c32ca90920e,2017-11-11
561e6fec91c4b5771dad3f613b72c699,3fc94ea7aed9a5ab86431c3842c44542,delivered,2018-02-06 17:02:06,2018-02-06 17:15:29,2018-02-07 20:28:34,2018-02-19 23:52:25,2018-03-07,049978bae2febc352587dab45fb38d3a,2018-02-06
8d97dfb850543060acf6f461bf37533b,3bed1a75ce48dad3e90b5c47c36b5204,delivered,2018-07-26 15:22:27,2018-07-26 15:35:18,2018-07-27 10:43:00,2018-08-02 20:12:20,2018-08-13,8569c68a7518b17cf9c309f4c2c0115c,2018-07-26
6b5e619dedba6d4297fb10dd5886912f,9ff88efe6c5c047c8894c5e6c2cd206f,delivered,2016-10-08 17:43:25,2016-10-13 21:09:05,2016-10-17 22:09:06,2016-10-20 22:09:06,2016-11-30,7a176e5d88c7acb6000a055e008c055d,2016-10-08
42764ea3fe3c6143d0c7e3deef849e78,95c3787dd85f9d218c94a47d6a9fd288,delivered,2017-08-12 22:35:45,2017-08-12 22:50:18,2017-08-14 18:07:48,2017-08-18 13:10:21,2017-09-05,54795167137a9242b5f13793c78f99aa,2017-08-12
4e4bb6dacb3e7da91a40dfc6efcf7ccf,1daba7d65f084430a3d8aeaefeae4680,delivered,2017-03-26 11:28:56,2017-03-26 11:42:17,2017-03-30 09:14:16,2017-04-05 08:20:08,2017-04-20,29209fe36b1f2c11836d538740f5954d,2017-03-26
c6fc08f61ce9c85486883b096d38432f,429fb96c99c8d00bc88317f8f9a3fb4f,delivered,2017-11-18 07:28:09,2017-11-18 07:46:32,2017-11-21 17:23:27,2017-11-28 15:47:01,2017-12-19,6cc912d1c55264833107f685747bc658,2017-11-18
42c9e271e2d5ac7698d3061451576d42,f5d5492dc94a7ec64f842ba6f34220b2,delivered,2018-06-13 07:25:32,2018-06-13 12:21:08,2018-06-14 10:12:00,2018-06-20 13:08:55,2018-07-11,9d09c43d7c8f66d826992ff621326f68,2018-06-13
26d400a875f601666c17347c2350beb3,0057f8b7c332d630b992d6a8ca79748c,delivered,2018-02-15 14:23:43,2018-02-15 14:35:32,2018-02-21 19:28:01,2018-03-05 23:34:17,2018-03-07,36fbd29c230b156ac9b04a382bb20842,2018-02-15
660e589af9553d75506968867c922d91,d3a6febf47e02bf9635d6b8e8443092e,delivered,2017-01-25 23:30:25,2017-01-25 23:42:04,2017-01-27 11:19:14,2017-02-02 16:09:48,2017-03-06,995bb1c47d900b47cd32436d8a622593,2017-01-25
3f47ec0b2559c907cfd0ba667d4674b3,fca0521fbfab0aa52246267ed29f4150,delivered,2018-06-10 19:47:52,2018-06-10 20:17:18,2018-06-11 09:51:00,2018-06-18 15:48:58,2018-06-28,cdd0d75ebaeda86b5d2e5219938d3248,2018-06-10
e6b3a4b18f4aa0958228e833f2927c30,f822ca093818862741351da642ef501d,delivered,2017-02-07 19:27:58,2017-02-08 03:15:39,2017-02-08 15:36:39,2017-02-10 13:22:41,2017-03-20,f757482977cb6137615b622a8b782d97,2017-02-07
39f72b79ba5e9b6b512b7fc2ba46a4a5,1a270bd3424ebc7805d5e63c51957e12,delivered,2018-02-28 14:41:52,2018-03-01 15:09:50,2018-03-02 20:09:05,2018-03-20 18:07:36,2018-03-27,61277dd809247a27f8d6f208b0bfeec4,2018-02-28
2306c7661204e073c32a8463bb750335,f2f91f1f95614f711a997ed12b5a4170,delivered,2017-11-25 22:19:01,2017-11-25 22:33:28,2017-12-06 23:32:25,2017-12-11 12:21:57,2017-12-19,c4d57cf9df584e201a5b1ada83256330,2017-11-25
107c4b8b68f41c60258f21df32424c83,44a6739d3099d74270c8cb111143acf3,delivered,2018-05-03 14:54:21,2018-05-03 15:10:19,2018-05-09 15:48:00,2018-05-20 17:38:24,2018-05-28,b45808c7d05673483b8a0fa206141cf4,2018-05-03
4eeb109daa183a813c95015270bf4358,0fa62bc56b1179a5b1bb88f2b94fcf11,shipped,2017-12-17 13:34:57,2017-12-19 09:53:31,2017-12-19 21:03:53,,2018-01-05,7a5295a863e2c090ab08478cda626b0f,2017-12-17
76b1bcac04cffba74b00e4be75f58f9f,bb33fa516cc79147a1120958912fdf33,delivered,2018-03-04 10:51:11,2018-03-04 11:10:39,2018-03-06 00:20:03,2018-03-12 17:50:43,2018-04-30,5cc1eb5a94ab59494d63f06a5c7eec15,2018-03-04
9e59d7a05399ce3b14328231dcf4bab8,5a48aef534e60b444f54a22e2afabc6a,delivered,2017-12-26 11:05:58,2017-12-26 11:15:23,2017-12-26 18:19:05,2018-01-09 11:34:30,2018-01-29,3c00dc27be37b3446a1892577acd51ab,2017-12-26
6e424a06931a556c15b962b40017f690,ec4da82eff98a289e6a3200ae727613d,delivered,2018-08-17 11:19:40,2018-08-17 11:35:12,2018-08-17 12:37:00,2018-08-23 20:22:00,2018-09-14,7563e474eebee2d05c8bf60c557cc2db,2018-08-17
f4e69e26765d66772006b9885e1dc6f5,e9321b93108930a33cb84134b7267348,delivered,2018-02-24 21:26:19,2018-02-24 21:35:28,2018-02-27 16:41:48,2018-02-28 16:52:24,2018-03-12,6fc16c6126369a7de8daa47dcff721ba,2018-02-24
b8a0ea35d4a5efa22c003976eb138ebc,bb0b336b64ce8d27877043e5f9477e67,delivered,2018-08-06 14:10:47,2018-08-07 04:15:31,2018-08-07 18:13:00,2018-08-08 13:59:33,2018-08-09,63a5d1be2682f35c9a9ae974dc9a293f,2018-08-06
6d1143ee8f5c735af54e03b051445d38,f55f11890fdf8c53a659cbbe7990a18d,delivered,2018-03-08 16:11:08,2018-03-09 02:30:39,2018-03-10 01:18:24,2018-04-05 14:56:39,2018-03-28,f32c1aecbcc72c9ca5c43a7956ef7e06,2018-03-08
d273fced15e8d7ff3a29be85653e8fdd,0b195c8bd6f19b62c86b632913467703,delivered,2018-05-12 14:40:10,2018-05-13 14:35:21,2018-05-14 13:46:00,2018-05-17 13:38:40,2018-05-29,1bd10a644c0d5c8ab09b87fc0e558038,2018-05-12
3ac0ffb709352d438749d4c180e10781,be5754bd42630f8f381c24daa762f613,delivered,2018-01-27 10:16:42,2018-01-27 10:33:58,2018-01-30 23:05:14,2018-02-05 22:23:36,2018-02-20,8c63055a8861ae1815fc52929f14d5a8,2018-01-27
e22739f2795ccf571ea9b5634b5bef5f,9684d6a43efb29f118833629c617812a,delivered,2018-01-10 15:42:09,2018-01-10 15:54:25,2018-01-15 22:26:48,2018-01-22 19:58:56,2018-02-02,720c05bfb8fafdbdfb898e4994ffb261,2018-01-10
87ca2f8dc91bf074b1b0e441341b2a53,adf523f65682ebee63b7bc4810e19bee,delivered,2017-06-22 21:39:00,2017-06-22 21:50:13,2017-06-26 12:06:36,2017-06-30 15:53:27,2017-07-14,0885697bf4809cb17c520fb4075ca3cc,2017-06-22
1801188abb11362aac0ceadede4a9745,ac93b6fae191dbd368c6388805b29a4d,delivered,2018-05-02 19:50:01,2018-05-02 20:38:43,2018-05-04 15:46:00,2018-05-16 13:48:48,2018-05-30,a8c6090d9d8904b70c2a29726ffea041,2018-05-02
0eb80d59f694ad72634241a02599f64b,0ad75f229f9238883a44dee88ba6cc1f,delivered,2018-05-02 15:26:33,2018-05-02 16:19:00,2018-05-03 14:33:00,2018-05-08 15:31:51,2018-05-25,d62eafab1c6e906b9517c4153b96a22e,2018-05-02
541a11b1d88450d6afe20b72118476e8,7e75773058e5fc678964b5d4dbd9d2c9,delivered,2017-09-15 21:16:02,2017-09-15 21:25:19,2017-09-20 20:19:38,2017-09-25 22:14:10,2017-09-27,5feccd8c15f3ec2bffe12073c41cb594,2017-09-15
9d7bda1d8caaa92f82edb8e4559852a8,95d17bc328718beea3fff69d2812d169,delivered,2017-04-04 09:56:53,2017-04-06 02:50:31,2017-04-11 06:32:48,2017-05-05 12:36:47,2017-04-25,2a05fe612c018e47cd05684d06f7311a,2017-04-04
9edc784457fc74368eeab9b7012495f0,cd37bc7c650eaf90f1675508bb70c809,delivered,2018-01-03 23:40:14,2018-01-04 01:07:52,2018-01-04 22:37:05,2018-01-12 20:59:11,2018-02-01,1450ca0539e1e64a77c08ba841c8be94,2018-01-03
245547d35a6f1c94c1e2546ab3322e0f,58f76e4a043d24cfeaf71cb24f22854f,delivered,2017-11-03 17:01:40,2017-11-03 17:30:50,2017-11-06 15:18:57,2017-11-21 20:17:10,2017-11-29,86abea0b1511d2e6b8a256580fb49c83,2017-11-03
f24ceadb94b770c52ec2a07ac8e97100,79817d6f8a11b22d8406a256c95243b5,delivered,2017-06-22 07:34:57,2017-06-22 07:45:07,2017-06-22 17:46:05,2017-06-26 15:38:54,2017-07-06,d853cf38981c048f58e719a3782c360a,2017-06-22
65eba24f6b354696a553f0fe9719ac31,15e61b14dbefc4eff85195e9f2f056a5,delivered,2017-10-01 08:22:47,2017-10-01 08:35:15,2017-10-03 00:15:05,2017-10-05 20:37:45,2017-10-24,2d1673afec3c23bb2d7456b555264fa0,2017-10-01
c6bbde0cc0abfd5ffa9ab6da2d7391d5,f2b21667a66caffb143cfa7b66ee903f,delivered,2018-04-03 14:42:26,2018-04-03 14:50:18,2018-04-04 01:03:57,2018-04-10 20:28:54,2018-04-19,a0d44d593fe455c0ec7ed8f4715190cb,2018-04-03
f6ac794aa8cea9470250b0af77efcc17,2a9584c1ab5178e20f6b2761a4561cdb,delivered,2018-04-14 15:08:02,2018-04-14 15:32:38,2018-04-18 18:28:31,2018-04-24 00:08:37,2018-05-15,1ac5b2186ab1438bb5a3f0c77e310369,2018-04-14
ffc49b9c9d666410e9ecdb0a3efadb9c,e175dcb4b025365a33467693abf7b4ca,delivered,2018-05-28 19:29:49,2018-05-28 19:56:23,2018-05-29 14:04:00,2018-06-12 18:57:37,2018-07-11,974fcb536095266b0620344239af2d66,2018-05-28
3f4cc91bbcf1a05dbef15d8f976588bf,8c8f5b3c8926c5ea73a5109340b74ea8,delivered,2018-07-04 15:17:33,2018-07-05 16:14:24,2018-07-05 14:32:00,2018-07-06 13:24:33,2018-07-17,7cb95d86014da7cf65e66a38a17d6d23,2018-07-04
7b97a5b2bd022d2f4ced0cc6232616a6,26f79186ad50c0aef167aaf9245ad6ce,delivered,2018-06-11 16:26:48,2018-06-11 17:02:35,2018-06-12 14:37:00,2018-06-26 21:42:26,2018-07-23,1e2ed8baccf0b162951b922e8936bc98,2018-06-11
6a6e5c462c252f8fbfae93257d8f3df6,cdfe8c99fea297085c6b13241e2f0508,delivered,2018-02-15 10:05:21,2018-02-16 08:07:13,2018-02-16 17:34:19,2018-02-24 16:49:07,2018-03-12,455c4cf9166818b1739c900a57433aba,2018-02-15
97d8101d1c704d437f9dfae4bdd530fa,5284b9ec69bde8150dbc4b8710309cf1,delivered,2018-03-17 22:40:45,2018-03-19 07:50:53,2018-03-19 21:07:46,2018-04-13 21:18:36,2018-04-13,915d3291101b4029ab6220cbb993fb5b,2018-03-17
621072862bc6de6626af8ce049533638,6ea7c557e13c73169ee461b123bc254c,delivered,2017-12-03 16:05:02,2017-12-03 16:15:29,2017-12-04 19:13:25,2017-12-08 19:27:03,2017-12-28,f11451a120b48a5c4c36d3274f0fd80c,2017-12-03
6ec804b7799bf7e38aeeb28d8f470877,aac6ff0b4a7bdfaecc06c38c4d37312e,delivered,2018-04-23 13:50:35,2018-04-24 18:20:54,2018-04-25 00:45:41,2018-04-26 01:08:28,2018-05-02,6fed7fe97f1d56bbc753e667fd8fe30c,2018-04-23
7ac78cb9b8592cea74cb5b1c3df6f84c,9ece0d90f73ec59bdde04341bc4373b7,delivered,2017-10-11 17:09:05,2017-10-12 03:00:20,2017-10-13 16:39:59,2017-10-20 19:03:30,2017-11-14,f096cd3ea6bddba2fb1ea07373530e36,2017-10-11
4ea74c10d71348796d3a70970d7977e2,85f40164ae641428731f872e94483b1e,delivered,2017-11-17 15:31:21,2017-11-17 15:50:38,2017-11-21 15:57:05,2017-12-21 19:23:09,2017-12-14,108a7d8996b4298ae1a7f5b0653e613f,2017-11-17
82a1738c7a1654663209157934203633,9def8a387656f069ff6bfe9c5f60bd39,delivered,2017-10-11 15:46:06,2017-10-11 16:07:33,2017-10-13 18:15:57,2017-10-16 23:15:34,2017-10-24,1556832478b62ecc7322e3c27aab2af6,2017-10-11
edb81087bda65895772e72d1a5daa686,082d513b7fb405e92c135e71496754d4,delivered,2018-08-06 17:56:20,2018-08-06 18:10:12,2018-08-14 16:17:00,2018-08-20 16:58:45,2018-09-10,fa494e4132e6539d70a8478f1d0cf3e3,2018-08-06
d7defcb8f59419ce565959f595bbb988,fb53b449e82b537c318a3a742ef82dad,delivered,2017-03-10 23:35:49,2017-03-10 23:35:49,2017-03-14 14:07:18,2017-03-17 16:17:56,2017-03-31,b0e6a81c94855e7f45b1033dac12995e,2017-03-10
5b53d1ab227e420c40de3c82fe53e46e,fb6a83f99f6afcb8fb97f8164e819d4a,delivered,2017-08-31 17:11:25,2017-08-31 17:25:16,2017-09-06 18:47:45,2017-09-12 22:05:46,2017-09-25,d3bfe4077978a162a06173afdf873ff6,2017-08-31
653f05432280006916452a2fbb55b136,784218b26424ee2726401c5e73df14d3,delivered,2017-03-16 15:56:47,2017-03-16 15:56:47,2017-03-20 11:41:55,2017-03-24 14:33:30,2017-04-10,9c05287bdc440e6109e6174e2879699f,2017-03-16
38b5e5b5e96a6cf2a6aa7b93542a0c29,09fe2879d6e51ec7b16ec794dce544fb,delivered,2017-10-17 17:49:33,2017-10-17 18:08:27,2017-10-18 20:57:24,2017-10-24 19:17:54,2017-11-07,e182591d966613d6985100ca20898a38,2017-10-17
26bcf76706fd675a268ba2cf63119270,1137d475838377849d917c784c1f21ad,delivered,2018-03-21 13:33:51,2018-03-21 13:48:12,2018-03-22 21:22:50,2018-04-02 13:05:35,2018-04-09,9064c8531c29bfa15494e6b223ea851c,2018-03-21
85fb2afed45145db40381a894fed8d1b,9aa7354b0719e5e51822b84828b73dd5,delivered,2017-02-09 23:51:22,2017-02-10 01:05:22,2017-02-10 11:34:12,2017-02-21 13:09:10,2017-03-16,c29405183182ce277b873efcc3eefa7b,2017-02-09
d077976b2620a58d80c6bb4bd721276b,a5158362cc54afe8731402040b13d7e2,delivered,2018-04-02 21:14:44,2018-04-02 21:30:17,2018-04-03 17:18:24,2018-04-10 20:28:37,2018-04-18,55d5321a2f84f80d13308d258582eb2e,2018-04-02
abda295410da87e6ac0742ce5abbbb9b,8d8e6f619006962166b6137961a772e4,delivered,2018-06-23 16:40:42,2018-06-23 16:59:01,2018-06-27 10:46:00,2018-06-28 23:46:29,2018-07-13,1a8f8917f27d583467a3eeb58f42c2eb,2018-06-23
8fac4937d08ac74197a48a70c5bc1245,edc6464f7cb53f6f1095bba2feea9242,delivered,2017-05-01 11:00:59,2017-05-03 11:34:30,2017-05-03 12:22:23,2017-05-09 09:05:05,2017-05-25,d0ef660a1534a332d79641c7f3735c48,2017-05-01
0c83ca3fc3a83bd059a1834a8ffeb917,924a7f5e3822e366a9ed25271bad99b5,delivered,2018-01-28 11:43:06,2018-01-28 12:00:31,2018-01-30 21:42:49,2018-03-03 18:16:37,2018-03-20,fb3f3a60c883e25c1870545a9e6730a7,2018-01-28
a4285d97aac2bc967bd5b9f50db5b3c7,dfc5a96ced6dc9547e39a2e8e8df2192,delivered,2018-06-26 23:57:41,2018-06-27 02:15:34,2018-06-27 14:31:00,2018-06-29 14:42:14,2018-07-12,e40673fadaa85614aa76032d529baac6,2018-06-26
589cee057c9f85a83427878ae34dd47b,01ebd7292a8ec3c547e0876d1aa4b3db,delivered,2018-04-25 23:17:16,2018-04-25 23:30:24,2018-05-09 15:34:00,2018-05-10 19:48:51,2018-05-18,004f84d065096f3cedd26cf0adc80b9d,2018-04-25
881dc2026f05e74a417c90317f896090,df869137146d50fb21e9be10c9e8b806,delivered,2018-04-14 15:50:54,2018-04-14 16:12:13,2018-04-16 18:21:38,2018-04-17 18:12:05,2018-05-09,28ebaa78da519efc260f734e49aad545,2018-04-14
9a3f1cdf5909e7ed3b0566e9ee3f1618,0c21e6ca6ea55cba835f883bb68350c8,delivered,2017-11-04 21:37:25,2017-11-04 21:46:00,2017-11-07 18:57:08,2017-11-16 17:46:44,2017-11-29,0f5a5218812ded0d641b87f580c47ca9,2017-11-04
e8ea590efa98677641fd4094dea4ebe1,0f26de186a9840155f45c0a930f78dd8,delivered,2018-03-27 21:10:39,2018-03-27 22:10:21,2018-03-29 19:12:10,2018-04-02 18:48:37,2018-04-13,7a6124ddc27f509ecf916876f5f98e4f,2018-03-27
62be3a00ba095e9cdbe1fe482e6130a4,9f706c5702d3f84250726d4d46078caa,delivered,2017-10-19 13:21:58,2017-10-20 02:49:29,2017-10-20 18:53:55,2017-11-16 13:28:52,2017-11-16,f74245d74d7011f608c159a1a420f747,2017-10-19
285e35ce9a55db39353f12f48120d8a7,a02fef6f590d55ccff3354172746e1d8,delivered,2017-05-14 00:25:17,2017-05-15 00:35:21,2017-05-15 13:50:56,2017-05-17 15:19:07,2017-05-24,64665180ca16fd349458ff1d91d1c1ff,2017-05-14
60ff47e655e87de64037be5d1f09ce7d,5a761ff24ca0a248f82d71235398e852,delivered,2018-08-26 15:46:28,2018-08-26 15:55:18,2018-08-27 15:26:00,2018-08-30 01:18:38,2018-08-31,d182f15098577048b08272a6fffa9e10,2018-08-26
9329f50c47b9fec9b9a79e159a2e64cc,b1b31726e0f06908abd1d752f98e0d4b,delivered,2017-11-16 17:04:14,2017-11-17 17:07:00,2017-11-22 21:06:41,2017-12-11 21:09:23,2017-12-15,d918450664046ceedf2b05206d8553dc,2017-11-16
ed2fd29485ba0cce066d8a1e5fcd8bbc,c30d6ff9e2fca6659a28c1c9e89ef661,delivered,2018-01-22 18:27:32,2018-01-22 18:36:28,2018-01-24 11:02:38,2018-01-25 23:49:14,2018-02-14,786c1bc3f7883dc7f01fb86aef168692,2018-01-22
f4026d9ae34e982204b4f7b627939d32,1e88b5f20d4c915f63c41dae61f1c23f,delivered,2017-01-27 19:44:14,2017-01-30 10:31:46,2017-01-30 13:14:00,2017-02-01 18:55:37,2017-03-27,3274f2b2174433e889854e791974e48c,2017-01-27
005cad6157eadc7f1f09917607f1704a,3c3472f5efc17888458e428b0b9eeef3,delivered,2017-04-15 16:35:52,2017-04-16 16:45:13,2017-04-17 09:05:53,2017-05-03 14:56:08,2017-05-10,3ecdba3759728beba1f9ed3643e133d3,2017-04-15
9f2a805b0495acbda211c48398c8d606,cc09c3d685e69f23f703cea2f3d81675,delivered,2017-09-21 13:05:39,2017-09-21 13:25:46,2017-09-22 16:03:40,2017-10-16 19:50:09,2017-10-25,a03915d727574e12db46491f7c65e049,2017-09-21
e03802b5209c43fd6ba9d5fefbd664ca,7c26e6e9bb97ca9576d80b206f6d28ad,delivered,2018-02-21 20:49:39,2018-02-23 02:31:02,2018-02-26 23:37:54,2018-03-14 21:12:09,2018-03-15,58f5a0b391493cf37a8c32956f14d6d1,2018-02-21
2ee73e51b815651a0723f6bcd3cc87d4,6b5d84c6bcb4a5d3df4dcac1f4220140,delivered,2018-03-17 15:42:57,2018-03-17 15:55:36,2018-03-19 16:51:14,2018-04-02 12:38:27,2018-04-13,6665cb7b0e68f39df7e6d42b866a072c,2018-03-17
f36a1eff2af8e26d62b33c28ead8063b,225f19f6a66d9619acd23171fe3863f2,delivered,2017-08-22 20:25:19,2017-08-23 14:36:43,2017-08-31 23:27:53,2017-09-15 18:20:10,2017-10-02,866745ad5f9292bf4d3cdb58d21425bd,2017-08-22
2cedacf09b697a584a5078a5002c7d5d,7e582b8e7ecb568c332560a6545ad313,delivered,2018-07-02 12:05:01,2018-07-02 12:15:15,2018-07-03 12:24:00,2018-07-04 18:26:34,2018-07-18,ad91e0644ba71a081246c2e7d4d77794,2018-07-02
a058c79008ed0d21597ac66af7733642,75adc5b78bd09694f9e111f3a5bad759,delivered,2017-11-08 13:58:58,2017-11-08 14:10:41,2017-11-09 18:47:48,2017-11-23 16:48:06,2017-12-05,d3d9b7841c6c16621fb338399bd9d727,2017-11-08
116c70afde066c60adb8381e4c23c07d,e52f11ec7d64e959c974a0ef5403abd7,delivered,2017-09-22 17:00:22,2017-09-22 17:10:32,2017-09-25 18:23:21,2017-10-05 17:14:56,2017-10-26,a2236686090f13308295eebef6700383,2017-09-22
c0a0e85637a11f4f6c0e90520b2eccaa,b0d33288506011adf589fd1e8a547731,delivered,2017-11-18 21:19:33,2017-11-21 03:46:15,2017-11-22 22:52:50,2017-11-28 22:52:56,2017-12-07,7e05fc45a5b781d7ee8ae205f947da54,2017-11-18
8a75ced6f19cc287863a3444fd11f74c,3c36eb6d59869d20b01693b3523bc996,delivered,2017-12-06 13:26:15,2017-12-07 03:10:43,2017-12-08 17:19:01,2018-01-09 14:59:11,2018-01-05,be83684a358c30c97a7029f631606dea,2017-12-06
9e6928e55ec6948338048d72ebdf2305,d8f5acb57547935a0768faaefbd2ce58,delivered,2018-04-27 15:12:36,2018-04-27 15:32:59,2018-04-27 15:08:00,2018-05-07 19:03:52,2018-05-29,a82fce0562d6de440964ac52e82e13a5,2018-04-27
826e8ed6853186bc70550a793129c288,a836f6725983cd79994904405fc070aa,delivered,2017-04-10 20:57:54,2017-04-10 21:10:14,2017-04-11 14:02:00,2017-04-13 13:35:25,2017-05-03,8091492c09780918d5403f76f6132671,2017-04-10
a96effa6b0ae730c1b6bbfb81a6164b4,83941af59521a5289c43d8f604e847d1,delivered,2018-01-15 19:14:49,2018-01-15 19:30:06,2018-01-17 13:16:48,2018-01-23 15:07:35,2018-02-05,080758a20753e774932dab878d0d5218,2018-01-15
a10025dad19bcbddfb29902513f39ca3,1a6fdce580e785d2b1348c0efd45504e,delivered,2017-03-28 15:29:43,2017-03-29 02:10:34,2017-03-29 15:24:05,2017-04-04 15:32:02,2017-04-19,0400cd54f629df117d18b4104f4d125a,2017-03-28
221184b144deebdd34aa73473f31402c,d83ba54849e875e8f350178388514b0e,delivered,2018-03-21 09:47:33,2018-03-21 10:08:12,2018-03-23 19:19:10,2018-04-03 00:54:52,2018-04-04,69ab784981f3fd46bc5f65a70c220fdf,2018-03-21
93422fb579e58ced14dc90678d1ee09a,19b718bde73bdc9cd4eeee8d034d2e1a,delivered,2018-04-18 09:38:35,2018-04-18 09:51:48,2018-04-23 15:08:40,2018-04-24 15:47:50,2018-05-07,0bb800560be35215db11c5405aa294fe,2018-04-18
55c51475b2f1d79d83c0c0c9c6fce9a8,2bfb2176354d5c7c4409a521d4d9b05b,delivered,2018-04-17 15:57:19,2018-04-17 16:30:34,2018-04-18 21:58:42,2018-04-28 13:16:49,2018-05-10,b5f2c57c4c6ffd6a717b31b970e7fb07,2018-04-17
a49b8f92334f6b3b8eef67010a8e53ce,a3e063a0fa6c25bbb150f73f9ac2ff91,delivered,2018-07-19 18:00:45,2018-07-21 03:15:29,2018-07-31 12:33:00,2018-08-03 12:23:24,2018-08-07,a77f14b2f8865a4e64ec60d9f116b55b,2018-07-19
3d5297364b0d752cbbb48a11a58eef00,ab78499b2e8cce30443e32123634ec98,delivered,2018-02-01 14:54:43,2018-02-01 15:10:32,2018-02-02 17:18:58,2018-02-20 10:52:49,2018-03-01,284cef87d8ebdd121f6b8d16e61bd494,2018-02-01
d94cd4d810e4cf28560cc3b12aa4b210,7c10f2de074270cfec0085fd54e2779e,delivered,2018-03-09 21:25:12,2018-03-09 22:28:31,2018-03-14 01:18:37,2018-03-26 18:28:39,2018-04-02,72dbd2f0dd50c345890819985e599536,2018-03-09
c271d6d965ce901e7efaae6879247e43,31798549a2bd00104ac9b9dbe884b455,delivered,2017-12-23 15:11:39,2017-12-23 15:30:20,2017-12-28 19:52:42,2018-02-02 02:37:22,2018-01-24,7bfc31a41c322c45f4f2121489408f44,2017-12-23
0e7e973a8d82ae12e070d767abed8960,138f87e7c0902d7890876b95dc1a5ef4,delivered,2018-03-31 19:07:33,2018-03-31 19:27:30,2018-04-02 23:56:36,2018-04-04 02:10:56,2018-04-12,ad0ab3a7b55bde26410aff17192f6699,2018-03-31
c2544ad612ec331d963be4a4daa7fcfc,b268920db89279bdd95a06d4e5c703b1,delivered,2018-08-22 18:20:04,2018-08-22 18:30:13,2018-08-23 15:05:00,2018-08-24 19:31:48,2018-08-27,de246ae4cc410a8429b9d8b3764d7410,2018-08-22
e051052721cb64f972da9bf551be79e4,86d55c1416082f5a565a05e62a32b091,invoiced,2017-09-19 09:02:15,2017-09-19 09:10:21,,,2017-10-09,010c88e815c8386129e0762691851850,2017-09-19
2445a82ec841c77c3fa6573bc3e00dcb,88c1c3d0d402ba73d2fed9d5b71163f4,delivered,2017-03-21 15:16:57,2017-03-21 15:16:57,2017-03-24 12:18:55,2017-04-04 17:04:02,2017-04-13,986ff90db14726eb2bddffbb797e3f54,2017-03-21
a648a1e4045712bdac2d6c2524900a13,735da8aed9eb8112d8b3472d632acadb,delivered,2018-07-20 21:11:30,2018-07-20 21:25:08,2018-07-23 11:50:00,2018-07-24 19:12:01,2018-08-01,0ee253d3d99e193879f12d5adfc66af1,2018-07-20
37975a7ef83d81d3c78d1920bb923f8b,ca90047bfa3f38ec336498a3f21b8834,delivered,2018-05-11 10:05:25,2018-05-15 05:14:51,2018-05-17 13:01:00,2018-05-21 19:46:43,2018-05-29,55507ccf4995e1ed3ef6e49ea7c27f8a,2018-05-11
04f6cdae6a85ade2864cd5fc811fb9ba,fcbd7b0353381303b9fc5b486f398838,delivered,2018-05-14 11:43:07,2018-05-14 11:58:42,2018-05-14 16:42:00,2018-05-15 19:28:46,2018-05-25,bd6c8e9ea5cd9adc391f0784e02eb855,2018-05-14
2b9f86a52457f652ac6b282b5dde09b2,db781c2a257ae6fb647104d94c9af367,delivered,2018-06-03 14:50:19,2018-06-04 14:51:09,2018-06-05 09:43:00,2018-06-07 23:27:24,2018-07-05,37e1a83b513512531032b4a9c43bab5d,2018-06-03
7e195313ab92db7ef95cf8140cfe5f81,a8e03c54c10893c78668247d5466b725,delivered,2018-01-10 08:53:24,2018-01-10 10:31:50,2018-01-11 15:13:17,2018-01-26 20:29:01,2018-02-09,b65b6c94e3c9cb75661c49eebf1e6da3,2018-01-10
52c19f029f1e4d22ee6cfa38451ab0fe,ade47ed1beab3126cad16dce9dd5b363,delivered,2018-03-14 09:55:08,2018-03-15 03:15:44,2018-03-15 22:06:30,2018-03-29 07:07:47,2018-04-11,4a90e7a4110fbeae7c3ec5fd5a1c4050,2018-03-14
a3d4051a7f847866e86aa7e6a7427898,2144d50aff3ee4a90c2a037d1de4cb93,delivered,2018-01-23 18:13:41,2018-01-23 18:38:40,2018-01-26 15:22:31,2018-02-06 20:55:02,2018-02-15,74c71b05534700daecf8314443e929a9,2018-01-23
ae15bf1ddb1e3e96132e81c6c7fbf7fe,3771dfd1e9b145a2459775515f01d34b,delivered,2018-03-18 09:54:31,2018-03-18 10:08:01,2018-03-23 13:44:36,2018-04-25 00:03:53,2018-04-13,c541681bb8f119d61fd87bd2c06e2931,2018-03-18
c7824980982e5311909ab52b74679d56,56901e02ef29bd6331e8893dc08c87b0,delivered,2017-10-10 17:26:22,2017-10-12 02:20:01,2017-10-13 19:58:51,2017-10-18 20:57:21,2017-10-27,9eff90421f90d8445b8878fda6a99a1a,2017-10-10
f6f4791d4e9af576b54789af41c06f23,d555b8d70c02be78fe7f6f59377a8ada,delivered,2017-12-14 10:55:35,2017-12-14 11:17:53,2017-12-18 21:21:57,2018-01-03 17:37:51,2018-01-12,ca454b629675ec3d8b7f597a0c06ce02,2017-12-14
996186a13b77eec25041bc5bfec0b19b,88281b4219f3e5d73c0b35911df605fa,delivered,2017-06-08 18:16:23,2017-06-10 02:50:25,2017-06-12 14:13:16,2017-06-26 14:09:56,2017-07-07,181fbbf50f3fc53083d3b15020208371,2017-06-08
de86df6ab3b291975266e6ebf8da2bf3,dc4f5706be870acda3bb46094e505062,delivered,2017-03-05 09:56:06,2017-03-05 10:05:19,2017-03-06 10:08:39,2017-03-13 08:29:53,2017-03-29,394f75d5757df3b195e34a78d73f2642,2017-03-05
7509d9e6878341d7b8d48945529c94e3,0035b30e58c620fa2bd30275ddd4f7ef,delivered,2018-04-08 18:56:27,2018-04-08 19:10:16,2018-04-10 00:31:25,2018-04-24 22:55:58,2018-05-04,422ce018570adf9fa031a7838717be81,2018-04-08
8e43f2c9b150b717ae56640b5fb64150,e9f46540ef118e5937bafbb8bbcaa09b,delivered,2018-08-05 11:03:29,2018-08-05 11:15:13,2018-08-07 14:31:00,2018-08-08 20:52:35,2018-08-10,3e725d14ef3c693cf7fb787dfb82b229,2018-08-05
01d0aabab5da85da61bbd4d40882b82c,5aa74c879595083359ded75778c85a3b,delivered,2017-08-27 19:21:22,2017-08-27 19:31:26,2017-08-28 17:52:26,2017-09-13 18:33:20,2017-09-15,cc0472ed54d7ef34d66a4cad6bf2e666,2017-08-27
cd95fe8a82e95e3886c96b347c69fccd,2752f0dce1154d9ec3290f9bea9636c9,delivered,2017-04-11 14:30:03,2017-04-12 14:42:37,2017-04-13 10:56:10,2017-04-20 12:24:13,2017-05-15,8b6f91195941ea75f619a48220bd7c24,2017-04-11
69ce5a9c71e938c852ea2142a90dddb7,dcdf7a6ad289593d2e9e4174f69d5640,delivered,2017-10-04 16:21:13,2017-10-06 16:07:26,2017-10-10 19:23:12,2017-10-16 20:10:48,2017-10-31,ecacfb5d93bc00a03f36729e6e927e36,2017-10-04
2081888273614ad809543f519e949fc5,482b3471974ec5a1bc58ee86a8414b12,delivered,2018-03-11 14:41:55,2018-03-11 14:55:35,2018-03-13 01:34:28,2018-05-04 21:22:37,2018-04-12,cef82db324c0cd93edb2c23aae1a69ac,2018-03-11
5e93017b6f1f803a8daebd361ac1f98f,7aa832bc19de6e6b6b4c4d5a13302469,delivered,2017-10-25 15:41:29,2017-10-27 02:55:29,2017-10-27 21:53:41,2017-11-16 17:52:54,2017-11-22,3b6da25db459301fd8fa658cc847205a,2017-10-25
3551cfc89b9792b082608627a57d6bc2,1c7a373d004945165d29545ef5c4914a,delivered,2018-07-21 13:10:30,2018-07-23 11:32:13,2018-07-23 15:42:00,2018-07-26 20:07:33,2018-08-21,0b01785701dcb53ed1ae0b2d8c226b7a,2018-07-21
301c441176beabdc9ef015807d9290aa,200c580999cc1e2c937f6e2f82eb04d3,delivered,2017-06-29 00:20:21,2017-06-29 00:30:20,2017-06-30 09:11:33,2017-07-04 13:32:15,2017-07-12,bf6504419e536f7c4c2461ebb0689d48,2017-06-29
e886c6890329e3b34b75f755974c4349,64553969cd28069b6e92d7a16f886e17,delivered,2018-04-05 16:33:16,2018-04-06 09:09:27,2018-04-10 20:33:14,2018-05-02 20:08:47,2018-04-30,42e4ef7368d5c83004251c9e1be8ac24,2018-04-05
55463000ff2ec17f2fc06a0b6a1c846c,4b0f5f7c3efeb7a2436e3b8b693f66c3,delivered,2017-04-04 00:55:54,2017-04-04 01:05:29,2017-04-05 15:51:04,2017-04-17 08:12:36,2017-04-27,5f37e3a4e259226acfcff519bb54fbc5,2017-04-04
5874c5a855871e35bc123b521d3d041a,bfac2ef907f4452ccf633343ddfbac3f,delivered,2018-06-08 20:27:44,2018-06-08 20:35:22,2018-06-11 14:40:00,2018-06-14 23:54:47,2018-06-26,35b8769298e700eab243f8aa2c9517a4,2018-06-08
c4d21595038e045af516cfd9f1496c2d,a6a6191fdbe183b3891aed7908ca4640,delivered,2017-12-06 16:07:55,2017-12-06 16:15:32,2017-12-07 17:57:19,2017-12-21 01:45:02,2017-12-29,a61c90260897c58b7365e7b2e664c93e,2017-12-06
1bfa3dbef549cf9ba5c5661ef1b63168,e22bab8950872ef60d229f7d6926b58c,delivered,2017-01-15 14:35:54,2017-01-15 14:45:12,2017-01-16 12:25:16,2017-02-13 08:51:25,2017-02-24,a4d9bca01de16ecc32654c12e2c18c05,2017-01-15
8cdd96554616b2466ae2bd275781ef0f,49c8292f2dee77af4b38126194d34622,delivered,2018-08-23 17:25:48,2018-08-25 04:05:12,2018-08-27 12:39:00,2018-08-28 18:12:11,2018-08-28,2e08ffee189263b36cbd1faac94153fa,2018-08-23
613ea91cb4b6b072a114ef3e5e9b6227,804101df19b9e3e6be806314f23892ce,delivered,2018-06-28 12:36:06,2018-06-28 12:50:34,2018-07-02 12:27:00,2018-07-05 18:12:31,2018-07-19,a136639d058fc587dedd283a287474cf,2018-06-28
0bc2f31a926a812c0002115befdfdebe,aae53fd05ec93f09b7dedec22367e9c9,delivered,2017-11-13 15:37:39,2017-11-14 17:27:33,2017-11-21 20:28:56,2018-01-20 11:53:50,2017-12-11,f951da148496f526577408477569e7da,2017-11-13
03fd1ecfbee7068edda48a4ad8b838e1,5e57d863ea7e6962334cb87cdebc54f8,delivered,2018-06-27 07:42:05,2018-06-27 11:00:39,2018-06-28 13:05:00,2018-07-04 22:05:54,2018-07-27,f808ab4b504328108d411f95d4d0d5b2,2018-06-27
a2d034676ee5e73dd49f9202b58bbb39,735c9db72feaec11cefd42d50c2b7f66,delivered,2017-10-18 01:02:25,2017-10-18 01:14:26,2017-10-18 12:58:17,2017-10-23 19:52:07,2017-11-10,6267d5c4c84591fa44e9c56c4e31af20,2017-10-18
4537fa33050632b53247df7983dddff3,8a67b0ac7c48474af658fc58e55840b6,delivered,2017-02-26 23:33:43,2017-02-26 23:45:12,2017-03-01 10:52:25,2017-03-15 14:32:54,2017-03-29,11d8cc7d540f8377b4bdd8297a612484,2017-02-26
ee6a6563831f675482a3a816f1bef6e3,9712f52bb03dbf1e5f778230d13d96cc,delivered,2017-11-11 11:32:53,2017-11-13 17:15:54,2017-11-16 23:24:32,2017-11-22 22:42:07,2017-12-01,49d79c76cf12065b7a08103cdba3e1b8,2017-11-11
24be8b5db4950507d07bf5797c5de555,c7a73d8fe5c01904adc31ea511af512a,delivered,2018-04-25 19:27:16,2018-04-27 03:30:33,2018-04-27 14:53:00,2018-04-28 16:58:46,2018-05-09,a10e3364f0f9b110be0712605b25cc64,2018-04-25
7f9418ca35e76d5071b5906780d62874,3d3f936e07349832a8620f07ed29640c,delivered,2018-01-23 22:06:31,2018-01-24 02:35:02,2018-01-30 15:38:38,2018-02-01 22:39:38,2018-02-16,acab73a17e98e17fd1b3af30b6d77ec6,2018-01-23
aed4ee357f34e0cc3ce296eb5829d7ae,b65246bbeb74e7bb5639de9495e2ea9f,delivered,2018-03-02 09:40:58,2018-03-02 09:50:42,2018-03-05 21:51:52,2018-03-26 16:59:43,2018-03-23,fbddeabbb917953701d6888bc87e1abe,2018-03-02
e5da6b075bf12389011f8a4ce3c1d1de,df377e290cefceec223b0aae5213425e,delivered,2017-04-09 13:43:53,2017-04-09 13:55:13,2017-04-10 15:57:54,2017-04-18 12:57:32,2017-05-11,2bf954679d98f1c38e01d8afd15e5012,2017-04-09
4259e68b0021b91e05471e07a45c813c,bbf16d46cf6f0d99fadf053943f17e85,delivered,2017-08-01 16:51:20,2017-08-01 17:05:18,2017-08-03 13:04:08,2017-08-08 15:15:07,2017-08-31,2986880c7bff6286784a02c253850535,2017-08-01
e487ce7714f24d747f3a5fd3adb68273,f19d9e3b7538a7bd0228b221d42ff6e0,delivered,2017-04-16 21:49:04,2017-04-18 04:33:02,2017-04-19 11:23:12,2017-05-04 12:19:58,2017-05-16,7f51bfb71592874f6a71903a28a72159,2017-04-16
39b9c680e3da898246a39142b4ffc1ac,180bce02235c8b5667752d1a8144f451,delivered,2018-05-16 18:23:30,2018-05-16 18:57:07,2018-05-17 10:55:00,2018-05-28 21:22:01,2018-06-19,73ec5432ca3c54042994df75bdf7c3c6,2018-05-16
09e90e3936db197d43b9bde1291c307d,35eb8474043d903a123d6d6965c530a4,delivered,2018-08-02 14:21:15,2018-08-03 02:43:57,2018-08-03 18:19:00,2018-08-09 22:11:36,2018-08-16,a689fe2b66cd8b68f8eb95a9c0e44cb9,2018-08-02
3ad157ca74c35f0e167f7c21cb6dd3af,911882d93977d216a84a03171f671ae2,delivered,2018-06-27 14:33:18,2018-06-27 14:51:48,2018-06-28 10:54:00,2018-07-13 22:03:51,2018-08-08,cc6732b8481b5d8d6690188b5fd562f5,2018-06-27
84a050a9a90fcbfcf5d83858c583959a,09691e1d4b31ba0fec34f8f1e9327bfc,delivered,2017-05-28 23:54:32,2017-05-29 01:10:20,2017-06-06 11:33:34,2017-06-08 11:37:54,2017-06-19,6ce3775f57a303f29a9bf9839f48391f,2017-05-28
6f0bbdaf91746e96253d10fe7e374f7d,3071ce9d57b701079af6747a0d89b13b,invoiced,2018-08-05 17:18:30,2018-08-05 18:00:08,,,2018-08-09,1427b47a463aa0edd349ca3a0e556729,2018-08-05
fa4414ea1a5c591f38b0d62663879b17,83c9e096bf610d2e67205659d4913ba2,delivered,2017-11-26 16:50:52,2017-11-27 14:18:30,2017-11-27 22:24:53,2017-11-28 18:33:10,2017-12-11,8d6a9a9a3668517b1637d994c94742bb,2017-11-26
19d199373015a403f1dad61de94637a8,da460b84e3998a8d67a9fdac0ab9f14c,delivered,2017-12-12 10:32:17,2017-12-12 10:50:34,2017-12-12 22:35:07,2017-12-29 16:19:58,2018-01-09,ee500d78bdda99bfda9e1ced135fec8c,2017-12-12
fa7b7f7ad0c4b34047663becd141b09f,e760d2986fa5c424e303e1823952e3a0,delivered,2018-06-19 20:38:15,2018-06-20 03:18:12,2018-06-20 14:40:00,2018-06-26 18:08:53,2018-07-13,9cdfa57dd6afa3d51e8a00b07ec81752,2018-06-19
d62cc2763a30054a5d55992b3c88d3d4,736c8aa786302c5d61fc8502ccba8586,delivered,2017-07-11 22:53:31,2017-07-13 00:50:13,2017-07-13 11:42:45,2017-07-14 15:58:34,2017-07-24,65fc5068e1cd70d224585c8daaa75f18,2017-07-11
c0a1dc99f45387972d7c24cb3ffb3727,0975cbdd343ee157b43e6104eb9fdadc,delivered,2017-06-30 14:34:45,2017-06-30 14:45:07,2017-07-05 13:14:43,2017-07-14 18:52:06,2017-08-03,8418894735b3f7de55e38d1fff69b7d6,2017-06-30
156f6f0ed73a57da184aecc81303bf9d,ef1c3ec5a70e66609b693763c132fdf5,delivered,2018-05-09 17:23:03,2018-05-10 04:16:18,2018-05-10 15:12:00,2018-05-11 21:36:48,2018-05-17,7b226620b3a1c846ac88e2268185806c,2018-05-09
bced6994157f0832d51623583ac46719,19b963ff5c5aacf997da7ea79cd8e530,delivered,2017-05-02 20:17:25,2017-05-03 15:31:38,2017-05-05 13:46:58,2017-05-09 11:52:35,2017-05-25,a0082ae22049673154e85708f41c6d16,2017-05-02
223067157b61a8e20dc19cbafe40eff6,0a60413541d00d686cf4a7cd994cc1f2,delivered,2018-01-20 20:47:34,2018-01-23 03:36:43,2018-01-29 17:45:52,2018-02-14 14:19:14,2018-02-16,2c961ee955abb3ac9a80babd54ed4156,2018-01-20
b724c12024f2ddd6151b0d8dc88a5823,4442cf326cdb49f7580c6d67a8495161,delivered,2018-08-26 09:29:46,2018-08-26 09:44:09,2018-08-27 14:14:00,2018-08-30 17:14:21,2018-09-10,044ca7e46c0d89f6425f734864fb0212,2018-08-26
3fa90d1a16450a2ad12d9b7fde5fc990,20c0988ea537553f6369b9602f985c36,delivered,2017-07-30 01:02:28,2017-07-30 01:15:11,2017-08-01 18:29:44,2017-08-14 20:07:41,2017-08-24,8fdffaebaacda18f461887c03498e849,2017-07-30
c93d8c5d743044e34a559198afa97c86,db424deeea01535e91a89385177baff3,delivered,2018-08-02 22:48:54,2018-08-02 23:04:06,2018-08-03 13:19:00,2018-08-16 01:11:45,2018-08-14,5f8799c5d506f14db36c321c7a462039,2018-08-02
8e65fdbf220572dfd3430631b5d89947,de2425c7317b3c9ecf9a1a31da719569,delivered,2017-07-26 17:36:36,2017-07-26 17:50:18,2017-07-27 18:33:25,2017-08-04 20:34:37,2017-08-21,53e442955c4e1dbb227d45026ddbcc02,2017-07-26
1f01338ddd8a4dfb9c1e745ef2bdb09e,9003223af373afceda47a0d23b0dda20,delivered,2018-03-10 11:18:28,2018-03-10 11:48:16,2018-03-14 19:03:22,2018-03-16 20:27:34,2018-03-22,1f4f2aa006242f480775f41e43428e52,2018-03-10
97ae49da0d699c7c500d0c4e2ac54c8c,92af5cd28117b607ce3510a916c1fca7,delivered,2018-03-12 11:21:58,2018-03-12 11:35:33,2018-03-14 01:09:34,2018-03-16 20:08:53,2018-03-22,f57b7aa3a97c996df00eae480ab7beac,2018-03-12
cf41661584eda445aed5c0534bb31275,e69607605ceaebc6abb7a77d24cd3633,delivered,2018-01-20 15:31:21,2018-01-23 03:37:42,2018-01-23 13:59:49,2018-02-01 22:24:45,2018-02-14,30e72091f438f128e3d468846df8ae34,2018-01-20
6c269e3a9b9ff5370697cb124cbc63ce,32b835e598d0770c757962836c16bec2,delivered,2017-05-08 12:14:05,2017-05-08 13:03:12,2017-05-08 15:41:30,2017-05-18 15:41:45,2017-06-12,de83f3a69319c7c7e238c58bf0f219e4,2017-05-08
0599833bed37a5f88c9ade7cf219fd6b,09803e29b7c6ecb7de771936dd75302b,delivered,2017-09-11 13:39:20,2017-09-11 13:50:35,2017-09-13 13:15:03,2017-09-19 21:55:01,2017-09-27,5e30ac16a0659e3fde66a7e3ee135da9,2017-09-11
4f2d0f7323a3507fd4d36383958ec6fe,a8413ee5332b66e830274ce87d490fed,delivered,2018-04-29 11:43:37,2018-05-01 05:14:00,2018-05-07 12:31:00,2018-05-11 23:18:43,2018-05-23,f79aa45136d8243492e2eaa67f203425,2018-04-29
2431f37c6b8654b085c5e96c606acd2c,15f938ef63c15fd5a70688ea5003e3eb,delivered,2017-09-07 00:21:14,2017-09-07 00:35:26,2017-09-08 18:47:40,2017-09-11 22:48:47,2017-09-20,35011bda713791e52b3910f5a1b3f6e8,2017-09-07
333e8c69214e02d9be6bc5b7a3e4202b,5fa1a866e30c0512c4bd4daac4da1979,delivered,2018-04-27 15:48:26,2018-04-28 02:51:43,2018-05-02 16:11:00,2018-05-04 19:51:57,2018-05-11,eca62bba0746cb0228163ee488fc2467,2018-04-27
fb2f2200a3b712539e9eb91ef5c7e1cf,4b2b781bcb66650405f99cdece998cf3,delivered,2018-08-06 06:04:48,2018-08-06 06:24:22,2018-08-06 08:45:00,2018-08-07 16:58:30,2018-08-09,e005e7fb556bb7b6c677dfe30a85846d,2018-08-06
c57f0cccbb35bc98d5199bb5bda322b5,91bfe7a07b35a7caa17a1ab6c587a5c5,delivered,2018-01-20 16:00:29,2018-01-20 16:21:21,2018-01-31 17:33:19,2018-02-01 17:21:52,2018-02-23,770d94a0be6e9d8f5ecf5ab0ae8a2c03,2018-01-20
36b99cb18912a8b79b8b49685d71503a,9bdd5cd13aabfe185161f71fc3b505d2,delivered,2018-05-14 19:26:30,2018-05-14 19:35:31,2018-05-15 15:39:00,2018-05-21 14:51:38,2018-06-01,23c313fdac8a653b80dd4bdcaf4064a6,2018-05-14
cb067eba36d6236992ae70d7498ca3d8,f5dd9c33e88f071db885c5ce71a4f550,delivered,2018-03-12 07:31:29,2018-03-12 07:48:29,2018-03-14 17:12:22,2018-03-23 13:36:48,2018-04-03,1f6669d922106a5e761cfba1ede22a1b,2018-03-12
8b1f6a9fcd45ffc05a994c5a4b0a8a9d,5c3d59a9c0b40cc3bed4a903267dcbe8,delivered,2018-03-09 22:05:22,2018-03-13 03:50:43,2018-03-13 22:24:39,2018-03-16 15:38:42,2018-03-21,28a9d4431cf569b575a1f5460dd34eaa,2018-03-09
0a721c801fb74738e32f7ffc3c068a46,eda3ac9158cb43faace7e932c763378f,delivered,2017-12-20 13:01:13,2017-12-20 13:14:16,2017-12-20 23:05:02,2018-01-05 17:48:21,2018-01-19,314b690fa4e208f1e8122220378e7b5a,2017-12-20
13c43b9af95067fe5366ed2f57afcf77,18143f5d1df13826796fef11466b6a92,delivered,2018-02-24 18:57:09,2018-02-24 19:10:27,2018-02-28 18:33:12,2018-03-07 15:18:50,2018-03-19,7ccd4b3adc10b3b893c063d0a7e7d01d,2018-02-24
27022b76108230492760e5e0a34c159e,45cea136a7ccc9defbe927fd8b27d2bb,delivered,2017-05-07 23:40:38,2017-05-09 09:35:13,2017-05-09 15:36:18,2017-05-11 08:52:09,2017-05-31,860ea7467ce162456f5fc8bb3ece3425,2017-05-07
c0f8258a486cbbdd64c2fe207a1960f3,38ae941c1e6d3bcc43b271af858d362e,delivered,2018-04-23 22:12:12,2018-04-24 18:56:43,2018-04-27 14:32:00,2018-05-04 07:11:48,2018-05-14,52a16afa8408384e51137ee052adcb0d,2018-04-23
b8d7fee0274d75202bee63e9e71fec3f,c2c7d500a4b8ee6bfa979833a61249da,delivered,2018-05-02 10:09:15,2018-05-02 10:34:15,2018-05-03 16:56:00,2018-05-11 22:16:32,2018-05-25,425b3989e06f90e51154ca6f6e375d9f,2018-05-02
6277bde22948356c8a5aa66e61f4a720,db564644bbae1f649cb2beeab33fa1aa,delivered,2018-04-09 12:48:47,2018-04-09 13:11:00,2018-04-10 18:20:40,2018-04-18 17:38:49,2018-04-25,acf37de0229d203f096e89332b8cfd31,2018-04-09
c501bcc74df5ad09bcabd7774b6ae383,c09a83740cabeb9e62ae874c6636736f,delivered,2017-09-18 21:41:12,2017-09-18 21:55:11,2017-09-19 20:24:36,2017-10-05 11:33:35,2017-10-06,22ea0db15bbece729a39dccd60acea9f,2017-09-18
e03e8192ecbedf3c6493ae3c01ba21e3,fd2e6e9ae894e78bc1eecbf68286c28c,delivered,2018-07-01 01:57:58,2018-07-01 02:48:59,2018-07-09 13:39:00,2018-07-13 20:12:40,2018-08-09,c26acf4e43730d37eca795bcd809b8ab,2018-07-01
b73c36e570877e647fc56872cfbb3fa6,183df1decda4a848844388d117f8605c,delivered,2018-04-19 10:05:04,2018-04-19 10:34:22,2018-04-20 20:26:37,2018-04-23 18:32:59,2018-05-07,7632be7cc056571dedd7b95c2f6e0751,2018-04-19
ab75125adb0d56e4a58e073b90b7b6c6,957fe1ab4d9b13795cee6642424fe368,delivered,2018-07-12 18:40:28,2018-07-12 18:50:20,2018-07-13 13:57:00,2018-08-23 00:03:12,2018-07-23,45f27c718d67d15a1893a7fb0433b4d4,2018-07-12
dece33065768a2ac17723827e6a03c0a,dd84119ecdc89727e8bc3f1039e8f868,delivered,2018-02-13 18:08:29,2018-02-13 18:47:23,2018-02-15 23:16:21,2018-02-27 20:35:32,2018-03-13,98341ec53bd2130c32390570d0929da9,2018-02-13
4d9e31ff85efba399f614db862300f50,bc7f75a572edf4c26dbcf4528e7c6de3,delivered,2018-06-11 10:50:23,2018-06-13 02:36:28,2018-06-15 10:59:00,2018-06-18 19:28:37,2018-06-20,7b343884881f183d63f86140766cd089,2018-06-11
9706ebea892b263fa7c4c09c658ff5fb,c64dc07e4160bcc4089e133f004f5aa8,delivered,2018-01-25 19:34:00,2018-01-26 19:31:28,2018-02-09 14:47:51,2018-02-09 22:58:37,2018-02-14,66fd22c6391793b478f105a1515b50dd,2018-01-25
fc395bfc7bc0ca54d0fa3e4cc90d055f,1f09c5f1dca56a5017be0bf4642d6c5a,delivered,2018-04-21 10:58:18,2018-04-24 19:02:32,2018-04-23 20:52:45,2018-05-10 13:09:44,2018-05-24,cc2fdb384d6a6e40a1de9427aa4a3a6f,2018-04-21
808bf4092870d798031105528ece9e37,24dae7a96334acc076cbf38e4e5ef7e1,delivered,2017-03-26 19:38:43,2017-03-28 06:42:26,2017-03-30 13:13:17,2017-04-04 14:30:20,2017-04-17,4c2c8f8ef2a2b81620649fca795076f5,2017-03-26
422dc200156c43d69ba21c16beffd57e,7d0006ecf079f0df09d48b43d853ef88,delivered,2018-04-08 12:59:58,2018-04-08 13:10:19,2018-04-10 17:16:44,2018-04-27 00:12:41,2018-05-07,b5888ddd6375b6eb28e07d26a8dd75e3,2018-04-08
7443eeca92daa9ca934f515628610510,c5e7e155521703e687bc3bbc6ee8c688,delivered,2018-08-04 16:50:40,2018-08-06 15:04:51,2018-08-06 14:13:00,2018-08-18 20:54:44,2018-09-13,1468aa4b5f22f471eec1f791bcb81d8b,2018-08-04
f6044945e005e4b173972736e3917bf4,7122bac66a16dd3724dbbe2bdfa6a2ad,delivered,2018-04-27 13:23:22,2018-04-27 13:35:24,2018-04-30 12:38:00,2018-05-08 00:44:46,2018-05-22,d56638fccd43b143dd463b5a9cc3d8d8,2018-04-27
8ab698a9cb0d97ba97d4626a7534273e,0eb1ae7642d2e060ff0a1f063b05afdb,delivered,2017-06-19 20:18:52,2017-06-21 02:15:47,2017-06-22 12:06:11,2017-06-26 14:03:04,2017-08-08,1a15eecd72a08e1134ba406c7a7998e6,2017-06-19
fff7c4452f050315db1b3f24d9df5fcd,dec8952e97ef6124259c56914fb3569c,delivered,2017-06-01 16:53:03,2017-06-01 17:05:23,2017-06-02 11:49:53,2017-06-08 13:04:40,2017-06-26,c86ab5ff2bac777c4e770a383feca4eb,2017-06-01
a19e4d493994f0d2b444b5af6d7e93de,90bc6f9dcc1497cfe9b3da6a8ecbfb9e,delivered,2017-11-24 05:27:33,2017-11-24 13:11:43,2017-11-28 03:18:46,2017-12-11 17:12:27,2017-12-14,d0af770f00435c5ae81312dbcd1656fa,2017-11-24
866f5476165c062d96e0db0aed03c96a,7fa99eee346e3a57243e5d30c76ad243,delivered,2018-03-20 22:09:54,2018-03-20 22:28:37,2018-03-21 20:41:49,2018-04-14 11:36:39,2018-04-10,2ea0d4aef3699b453927c6e10886ba95,2018-03-20
62f5759d5657059823d7a8a9e25c13e0,4c699449580d55e1580e2d7d1d216922,delivered,2017-05-29 22:01:05,2017-05-30 22:05:39,2017-06-07 15:28:02,2017-06-16 17:32:14,2017-06-23,9346d13c5aebbbe578af8f9eb9215ac0,2017-05-29
a62de6fa1ce225032f7220425c941b50,d653adc18616e3bf4070236ee0041627,delivered,2017-05-24 11:39:16,2017-05-24 12:03:48,2017-05-25 10:43:21,2017-06-01 13:03:47,2017-06-16,90635f71a521f2261d8ce0462fa6b72d,2017-05-24
c1f81880aca45c52130764058999025e,cc665602c5a3f9487780d90695667353,delivered,2017-11-24 13:04:14,2017-11-24 15:14:34,2017-11-28 18:48:55,2017-11-30 19:14:10,2017-12-08,066db19e60f728fee9d3e308792e5292,2017-11-24
03dbf3a42789c67ed5e2198f08d997dc,f63aa9fceef15019d51c24510d8d6c30,delivered,2018-03-04 13:20:26,2018-03-04 13:35:38,2018-03-06 02:57:00,2018-03-28 19:03:04,2018-03-21,e3d328a7aca90ac234635088875d1646,2018-03-04
79dcf055e74b18132713733d8a66a44d,8b1dc34a89bde906f1d7fc1d11378ad9,delivered,2017-12-06 18:48:23,2017-12-06 18:56:32,2017-12-07 19:44:49,2017-12-27 14:42:52,2018-01-02,9e993c9e1416294dcc04a232e1967375,2017-12-06
c41790594db216ff69f55d178ea8c863,85e6bee910c0820fdcbb1750cab14205,delivered,2018-03-22 16:15:00,2018-03-22 17:08:39,2018-03-23 16:42:04,2018-04-03 16:48:26,2018-04-11,9f46168e683fd402e6951fe5999ac7a9,2018-03-22
43fe8de87e65010ff44d19a21207029d,2965de1142f42605ba0a478d0f69cb76,delivered,2018-07-16 16:12:33,2018-07-16 16:25:21,2018-07-17 15:41:00,2018-07-23 20:37:55,2018-08-01,3b2ba597f7abee805bebbb2ee4aa0faa,2018-07-16
b1d5bcea9a62e23247030b3e1f814ef3,55fefed6ba1e216d5dc35ea5ea0bbf5f,delivered,2017-05-12 13:07:22,2017-05-13 02:55:16,2017-05-16 11:42:00,2017-05-19 16:12:30,2017-05-22,3b1e1d08efea734493e9d8c1d65743a1,2017-05-12
60326f680976abc2782f4c5dfb522c4f,b8c0c50fd3d124008de3fe32b85e995c,delivered,2018-03-20 17:31:43,2018-03-22 02:50:10,2018-03-23 22:39:42,2018-04-05 23:36:34,2018-04-09,a64bfb334439db079ef9a3f8f227aabe,2018-03-20
a738e9e6770c9eac21287cc96d82dc76,a3671f3a8d8cb539be0134d5a2eb0c24,delivered,2017-07-15 12:24:22,2017-07-16 12:30:09,2017-07-17 19:16:54,2017-07-31 19:19:31,2017-08-14,3329202f1e357ad78ad4bbc14f3f658a,2017-07-15
782d2a64a6133bc3512a372661880972,ae216013042d108bf91199cf75800c16,delivered,2017-10-31 17:05:38,2017-10-31 17:32:13,2017-11-06 17:28:50,2017-11-14 20:26:52,2017-11-14,9d54daa19c43f4d96f69ec2c3f2d8bb3,2017-10-31
11c9715759819d9b4a3b7708111b3a74,768fc1fbc64588a761d7c91844052984,delivered,2018-07-25 16:09:10,2018-07-26 03:25:16,2018-07-26 11:33:00,2018-07-30 15:21:31,2018-08-08,b6d976529b37a9921a398fea60d5a6a4,2018-07-25
eeb725ce8cdcde856d5b39ca2ce110b6,31ea82d50eb91d9f1632f463db556c4d,delivered,2018-08-09 00:12:42,2018-08-09 00:25:11,2018-08-10 14:07:00,2018-08-22 22:38:45,2018-09-05,3c87409c5c4603f199506e7cd79f15d3,2018-08-09
87a7993a41d542a5b33757b3a453efb0,a0caf8dca329ba2b6b08a3d13b6bf43b,delivered,2017-07-15 11:21:51,2017-07-18 06:15:22,2017-07-19 16:36:29,2017-07-28 16:51:58,2017-08-11,adf07c5d6f5e52388374cba3c62cfb08,2017-07-15
034d69957b2269cb4e06b31561b64973,02ae7918f75386935260f02cbf60d7f7,delivered,2018-06-04 15:22:10,2018-06-04 15:35:20,2018-06-11 12:58:00,2018-06-19 13:48:44,2018-07-13,02f299c978d29bb1d1b47c5a231f7d02,2018-06-04
2af7994de778d60a50bc24d1ef9e2331,8f7fb123acf4ba4066d94e75d701a57f,delivered,2018-04-28 16:55:52,2018-04-28 17:11:07,2018-04-30 15:24:00,2018-05-08 19:22:31,2018-05-21,3c03928d7b8fb32a745f6a8151497808,2018-04-28
0799a27b55977a0aedea205def0a6297,bf715f8713583bb9ebc5dbb551b8ba30,delivered,2017-11-28 12:00:04,2017-11-28 12:15:04,2017-11-29 20:09:02,2017-12-12 13:38:35,2017-12-18,c84fb7503e3f8d3f1d094719abb6683d,2017-11-28
5f95f5f78f509a3af5a6c83d81c1117f,58d54b1ff5f21bb5fe6928646949ff4c,delivered,2017-08-06 13:38:15,2017-08-08 04:40:20,2017-08-14 12:47:34,2017-08-23 20:18:04,2017-08-30,8adff52976579b096284ce43e65d6160,2017-08-06
79295abc14c5066ba9850a99185015d6,790a05c9cb4a2ed50d88ef313a7e9dfd,delivered,2017-11-24 17:08:10,2017-11-24 20:52:18,2017-11-30 17:16:53,2017-12-09 19:48:53,2017-12-19,ee4fdf2f9e5f4a1b211db070c78b1215,2017-11-24
8d99000d8edc9aa445a270e29e85fb05,af1fd846bda509c70e4fefbc3b1961bf,delivered,2017-02-05 18:47:13,2017-02-05 19:01:53,2017-02-06 08:37:48,2017-02-15 13:13:50,2017-03-07,8187109cff1c32197ce4943e71f84360,2017-02-05
fa906f338cee30a984d0945b3832e431,00050bf6e01e69d5c0fd612f1bcfb69c,delivered,2017-09-17 16:04:44,2017-09-17 16:15:13,2017-09-18 21:02:46,2017-10-02 21:14:31,2017-10-13,e3cf594a99e810f58af53ed4820f25e5,2017-09-17
5e2c33d2f30f75167981f86a98b727cf,6a747a9382486708e3501030fbfdbd3c,delivered,2018-06-29 14:17:30,2018-06-29 14:31:53,2018-07-03 12:12:00,2018-07-10 19:38:27,2018-07-19,f9204c23c2e2ea395271c889bac8f4ca,2018-06-29
4fe4c496a13fb35dc73b330ccb988813,a6ee8a4d65a310510bc71df4c3d4edf8,delivered,2018-07-18 15:54:28,2018-07-19 15:50:10,2018-07-23 16:06:00,2018-07-25 14:42:49,2018-08-02,bb6e88b71e6a75be87ec2a1b55a73bfe,2018-07-18
97b29283af3491c2c82f26f6f848d210,60f98bfa86c829d4a3321163d61c0cc2,delivered,2017-11-09 11:09:51,2017-11-09 11:26:38,2017-11-09 19:18:40,2017-11-23 17:28:49,2017-12-08,13f6b0a02ae595d07b4754cd8d2cfaca,2017-11-09
ab208b143122e9e71bd46dbe322baf85,29b458c3156da95a3f75c5f92ae6826c,delivered,2018-06-23 19:11:29,2018-06-23 19:39:07,2018-06-25 14:07:00,2018-06-28 17:18:48,2018-07-18,549a24530925587e2faddb35f667e458,2018-06-23
f8fb768a4889846eaf601b29827b596a,95a614f4e894a20b406e2e5f866b8347,delivered,2018-08-06 05:49:54,2018-08-06 06:05:16,2018-08-07 22:06:00,2018-08-08 17:46:49,2018-08-09,c4df0c046a22510a34f78f64808e9ccd,2018-08-06
1aa53856bbf007e716eab896ddea3187,01f5c92b138f7260aeed5a7aea4d0af4,delivered,2018-04-04 14:35:15,2018-04-04 14:50:13,2018-04-05 00:14:40,2018-04-11 15:52:33,2018-04-20,2ef37525237ec4c3dcac01a5b940a0bc,2018-04-04
a380f666b6f5f63175077284df9e7237,4668c704e95dfb24de784c2a9bb46b46,delivered,2017-12-12 20:16:51,2017-12-12 20:31:40,2017-12-13 18:04:07,2018-01-10 20:52:30,2018-01-09,e82ca55c52c5693ba7ed36f0935f6e3e,2017-12-12
925c06d3251137f2c176e80cd9b87e32,0e5d87e1d51e9f178cb9b52c16f4ec60,delivered,2017-10-09 11:01:57,2017-10-10 03:35:39,2017-10-11 22:27:01,2017-10-16 21:57:50,2017-11-06,a65fc1b725d855ce33c1d3fc353048b6,2017-10-09
8298e94c8a2989b7c343d2021ef17fb0,6712c5110db84b7ded6762f74a8bd43b,delivered,2017-11-18 19:59:13,2017-11-19 20:07:00,2017-11-20 16:43:04,2017-12-01 21:12:29,2017-12-13,03fa49df615c32f37b7cb036bd89d217,2017-11-18
bd62b37e405552f1b1c8ba894723f336,a5828b3291ddb79cc8f5b6288e8acb11,delivered,2018-03-02 20:12:55,2018-03-02 20:35:23,2018-03-13 22:38:33,2018-03-27 15:51:58,2018-04-10,d677554de4db98971843badd6cef3cc4,2018-03-02
8fec1057df930bcc1be865fbfef606b4,1964a80794004a2f2456740630cc3b9d,delivered,2018-07-26 20:18:26,2018-07-27 08:24:21,2018-07-30 14:44:00,2018-08-08 20:06:36,2018-08-20,57dd3bbd8b010e66ef1c8f4d114ddac6,2018-07-26
a7db8c5327329206a779bb63dca4a2f2,b0790158897607011071ef91f76d2002,delivered,2017-03-31 17:33:23,2017-03-31 17:45:17,2017-04-03 15:13:35,2017-04-13 17:24:58,2017-04-26,13c1818938b618d8ed50b46bfb3efddb,2017-03-31
293e34b72465ae7478f59d4d0b3e58ba,369681dede08381d68cdbc2e76f226d6,delivered,2018-07-17 16:39:56,2018-07-18 02:55:19,2018-07-19 14:26:00,2018-07-25 18:31:29,2018-08-02,b92646aea30af5f5e4c6aa65c84fd547,2018-07-17
197eebbd778d2ac6ee1ca48441bcd80f,2ebff6706876c13d515f6efb2c687db6,delivered,2018-08-15 20:13:15,2018-08-15 20:25:15,2018-08-16 11:53:00,2018-08-29 17:31:53,2018-08-30,f489231774bb1b459de6d233ea125a1b,2018-08-15
af49e4908db21ac0697725549558e0a3,183a08971a6a765d93ce3a523f013c68,delivered,2018-02-21 14:37:32,2018-02-21 14:49:32,2018-02-22 00:22:55,2018-03-02 19:33:15,2018-03-13,667cd9efcc8926f10b8d454859417b5f,2018-02-21
33f54eb5a5aba085c0d70b2664b6926f,52d7c0657734687b64282a9b4db2dffb,delivered,2017-05-06 12:17:56,2017-05-09 09:42:58,2017-05-09 15:39:49,2017-05-12 14:54:42,2017-05-29,7b00713258967aec4ca78f3c26e89a2f,2017-05-06
e69f75a717d64fc5ecdfae42b2e8e086,cfda40ca8dd0a5d486a9635b611b398a,delivered,2018-07-01 22:05:55,2018-07-01 22:15:14,2018-07-03 13:57:00,,2018-07-30,3bc508d482a402715be4d5cf4020cc81,2018-07-01
ed601eaed5611e4ce24cfb482cf2b7b3,a82bdf553fadc78cde56ecc961376472,delivered,2017-11-24 19:29:33,2017-11-28 03:38:47,2017-11-29 22:09:54,2017-12-12 16:27:41,2017-12-18,179f496c6c02a7640d09f0843452e0fc,2017-11-24
6806f0c7951cb006052a1c2c8e305057,0d282dc38e152f55ee86d71192414af1,delivered,2017-12-21 22:34:31,2017-12-21 22:51:28,2017-12-22 18:58:56,2017-12-23 15:29:10,2018-01-11,fec2799cc970aa5a34cddd8c0e09840b,2017-12-21
eb95a4c291f6bc5ae2db8d266d20058b,09ce4d254e339685a989bc8fad82057d,delivered,2017-08-16 15:33:08,2017-08-16 16:10:12,2017-08-18 20:34:55,2017-08-29 15:20:05,2017-09-08,4d6fd65864f9f166842e7e0d51740b2b,2017-08-16
2c559a6f1ac48c4f100f4775a1362ea1,5be5d703076bbbf577ade3fdddf51e20,delivered,2018-01-10 10:50:11,2018-01-11 18:11:25,2018-01-17 21:19:00,2018-02-02 17:29:57,2018-02-14,29bbf509bf085413d69208f1547f76e0,2018-01-10
82c997b659ae33d1e56c30e028bd7591,9c7698f6d1448481356f97b24097ae65,delivered,2018-05-15 08:21:48,2018-05-15 08:35:20,2018-05-17 15:00:00,2018-05-22 14:16:27,2018-05-23,97fcc22215c1b14eed7117f8ce9370cf,2018-05-15
55d80e98635154dd309f2cb107f5e205,25cf4c295de346cbb91e705df4cb49e9,delivered,2017-12-01 11:52:34,2017-12-01 12:31:37,2017-12-05 21:28:39,2017-12-17 16:04:22,2017-12-26,8555a17ba20435f173a230c3ced133fd,2017-12-01
cc79900e669a12933cc02b37c489fe00,f229cf58ad9ec2c7d685620141ad228d,delivered,2018-05-11 20:56:55,2018-05-11 21:10:55,2018-05-14 13:55:00,2018-05-19 16:51:50,2018-06-06,98381e27dae24c6e76c6c15b89156e92,2018-05-11
19aeea45917083f03541b7d11afc8e2b,afc216c58cdbe8ed9cebe1495b155a86,delivered,2018-06-11 19:19:29,2018-06-11 19:41:01,2018-06-14 13:30:00,2018-06-22 20:48:43,2018-07-19,5ba3404c4dea10b76ed8db6f1999b012,2018-06-11
4122d084b6a345866be978647c68acd2,df08d47452e8c05ceafc28e09afd2488,delivered,2017-08-22 23:18:09,2017-08-22 23:30:08,2017-08-24 20:03:04,2017-09-21 19:52:28,2017-09-14,7c65cf3f80de99df7194eb66d9a9ce98,2017-08-22
9d9963c450921c5db41bfa4095ea57ba,795aa95b8fb6726444ec4594f7b2dfda,delivered,2017-07-10 13:02:07,2017-07-10 13:15:10,2017-07-14 20:04:26,2017-08-03 16:09:05,2017-07-21,f1a617e9eae04ad1b4dfdd04baa507a7,2017-07-10
77e866a3acbb6e6eaf2ffe9089313076,4c6bc85dca1705923c61ce674c99dca4,delivered,2017-11-03 16:49:37,2017-11-03 17:30:50,2017-11-06 19:11:54,2017-11-09 15:32:25,2017-11-21,e9fcb1c22404eb2c263c61a842c23055,2017-11-03
1a47da1d66c70489c8e35fe2b5433ab7,3d8e326c3cef3a9bba7ca121baac5fc3,unavailable,2016-10-07 18:16:31,2016-10-07 18:53:48,,,2016-12-07,b18b6d40c3c5510727e0f22b568d3e1f,2016-10-07
4a1c879db7056f078a037fdf72b6d0fc,d34411df392e5437e4582b81f9ecb90d,unavailable,2018-07-10 19:11:10,2018-07-12 03:26:18,,,2018-07-26,d09ec60718e454b7f2d3c0de607d69fb,2018-07-10
b8795e01eda8fcba56bfad837fa68d92,4fcc62d157765c0af28cae95c4ec6b30,delivered,2017-04-05 11:10:40,2017-04-07 03:23:04,2017-04-11 16:14:59,2017-04-17 13:40:04,2017-04-26,5e7380d021c7a83647f67b39964712fa,2017-04-05
5403e41a6cd4260f3804c8887b407032,cc79391162e718a3d1783b37820aea9e,delivered,2017-05-24 14:34:18,2017-05-25 02:45:21,2017-05-26 07:47:47,2017-06-05 10:28:47,2017-06-16,41d92d0cb5f7f9ec270a722ff8fef153,2017-05-24
645a389e60ffe5af0bdc4800a14c36e2,dfa2fabfd09898113c191770dd4c9c96,delivered,2017-11-08 11:42:13,2017-11-09 05:31:35,2017-11-16 22:51:09,2017-11-30 17:21:33,2017-11-29,3380d04c5a41e41cbd582fcdcfa50759,2017-11-08
8f93cec866576e5ca8701b22100e7084,e38a0b2efbbdd258b46bf5aa7c0d9d01,delivered,2018-03-28 00:41:20,2018-03-28 00:55:21,2018-03-28 19:36:43,2018-03-29 21:07:16,2018-04-10,9352a16f46bde98f66ffc46ad203ac5a,2018-03-28
9e635c54c1b48e4a6c2dee84d2f4f11a,3a8786a9cc39793482bf265365139cfc,delivered,2018-02-27 18:14:18,2018-02-27 18:29:08,2018-02-28 18:12:43,2018-03-05 19:32:56,2018-03-13,c4785a393068b519261cbae0b30b72a6,2018-02-27
64f475afc29a44f71955d00897cbeac5,918519afaa037c5976204ab2be641aba,delivered,2017-05-17 21:50:33,2017-05-17 22:05:17,2017-05-25 09:47:43,2017-05-29 10:58:01,2017-06-12,2baa23a5bd2ab426e7958a5f498d39a9,2017-05-17
8eb1d3ed40538d746e6147a86703ca50,e779e549b4bf11350f71dd5eec806670,delivered,2017-11-05 01:28:00,2017-11-05 01:45:57,2017-11-06 23:12:58,2017-11-14 19:38:45,2017-11-30,66c4cb83cabf31a7dd19db539d2a9b68,2017-11-05
4bfda23ff0ed8665aa9113bfb4130bf3,a42fce0a9fe2e8ba2f7b2b0dbaa4b626,delivered,2018-07-26 14:01:41,2018-07-26 14:40:05,2018-08-01 17:33:00,2018-08-03 19:21:44,2018-08-09,e66c9fc4d25d56edae6c24853f718922,2018-07-26
9b065fb66bb55fb371de21a292a25d63,fcf0cd42fd7991c2a63cb036bea62c95,delivered,2017-07-20 05:01:48,2017-07-20 05:15:06,2017-07-20 19:39:55,2017-07-26 19:33:11,2017-08-09,077afa5d93724dc59cc6f3c094214d11,2017-07-20
b81b7bbd880517f099a053130e75d933,95ac7eec6a3ece1a7afc792575d0482f,delivered,2018-05-27 14:04:27,2018-05-27 14:16:15,2018-05-29 16:21:00,2018-06-05 16:46:28,2018-07-11,3fb80e5a15ee99f980e70bdbc858dabd,2018-05-27
ea0f64679be1b080d448187df10e8a1b,e9e123cd1d3227c217e8157b72135287,delivered,2017-07-21 12:18:12,2017-07-21 12:30:18,2017-07-25 12:33:58,2017-07-30 16:04:22,2017-08-10,18f3c391b2784def4044145a5214205f,2017-07-21
e92bfc2b80158dd5cca5a92e08f1cba2,04782c73fe6e7a3b4a99879710f7362a,delivered,2018-04-02 18:18:22,2018-04-03 05:10:36,2018-04-04 05:44:33,2018-04-06 22:54:22,2018-04-26,2a6cb5039e5e1e7c058a8190753b531e,2018-04-02
b2f9c5f1cd2900a3d140068d35509ff5,c67de3b27c091f07a35cd57362cf225e,delivered,2017-09-27 14:59:05,2017-09-27 15:07:24,2017-09-28 18:02:59,2017-09-29 18:23:41,2017-10-17,0567f279c243671842613f581ed3462c,2017-09-27
d8f911c371592e1eb0dda906493c91f3,cfd081c4d5b83a60af99aaee52396013,delivered,2018-06-08 15:20:11,2018-06-12 04:57:36,2018-06-12 12:00:00,2018-06-15 15:28:54,2018-07-20,4576bce24d1ea0103f02441197bd97c2,2018-06-08
5bd66069fada7fd89c98b9a329d9737c,9c3547e21265b2128066d941f6b1cf17,delivered,2017-07-23 17:53:01,2017-07-23 18:05:23,2017-07-25 22:23:36,2017-08-02 19:55:51,2017-08-21,0751ebe1c05ef7a632934adae06c6d4a,2017-07-23
5abf4d5854dbe45f295e2c7dd390073f,db14bb23cc4a6f37a93a9e29660eea29,delivered,2018-02-19 19:32:14,2018-02-19 20:30:33,2018-02-26 17:28:59,2018-02-27 17:38:45,2018-03-05,5839ad23c91f94a95b641f45a76944ef,2018-02-19
2ac520de90670f0cb695af6630a00c4a,66bd9b38f2219cd1108930c3cc1df43b,delivered,2018-05-30 15:41:11,2018-05-30 15:55:22,2018-05-30 14:55:00,2018-06-14 17:28:41,2018-07-03,299d64e6a025c66001d55353c13ace56,2018-05-30
ceec746c7328281e1971f104cba060db,2f98684e0e9be4aba2f337d0eae650e2,delivered,2017-06-22 16:32:15,2017-06-22 16:42:49,2017-06-23 11:57:44,2017-07-06 15:12:17,2017-07-26,694c8614ad52b775cbb8c2f7d9fa8564,2017-06-22
c38c0f119b3e3e8985c68a0204872116,4a7a0d968dbe3fe412df2fc1c107dd1d,delivered,2017-10-03 18:52:56,2017-10-03 19:07:14,2017-10-13 13:56:25,2017-10-18 19:15:50,2017-10-31,7d2ccd4b114fdbf42e1e9bf1522396f7,2017-10-03
cfe0e21a3b8390e60daf26aa2ad9538c,ec68da87f13c22e1f89f2f9ce34a3164,delivered,2018-06-04 23:00:22,2018-06-04 23:10:41,2018-06-05 11:58:00,2018-06-15 15:58:46,2018-07-16,7e450184c6aa12f5939823d069991979,2018-06-04
7c1568b712565a331d904737d825b819,9a700b48b88176d78038d24893e175c6,delivered,2017-12-13 15:25:42,2017-12-14 02:12:42,2017-12-15 14:33:19,2017-12-19 17:15:05,2018-01-08,74c6b6336f05cf00bafc9dd75f50e42b,2017-12-13
4017e89aa0de21cfc97ea96afbb9e1bb,beb421e885257679e07816ac5aa8bffb,delivered,2018-04-30 23:18:42,2018-05-01 03:35:23,2018-05-03 14:15:00,2018-05-14 11:15:06,2018-05-25,58fd87b6b794fd7c2f3369068a0a3f5f,2018-04-30
727d6f1c0f045a1a301ea6484e83697c,d3acce793dd61c7d71e57c152af13aea,delivered,2017-07-31 16:54:34,2017-08-02 03:04:35,2017-08-02 18:16:34,2017-08-03 15:51:18,2017-08-11,3c45cdc3826cfd437199cd7a5c2bf24b,2017-07-31
b2a9f52374e167c4c512d27dcefe1d72,697d39c7890dec663bb0604cdc315dd4,delivered,2017-03-04 11:44:25,2017-03-04 12:03:18,2017-03-06 11:50:00,2017-03-13 09:48:54,2017-04-06,4fd6a064482fb4ef7435b59626cd7e1e,2017-03-04
2fd334a4961f67b10314902c51de811b,d3cf6cc9ff5cc6cb8b1b864d847074bd,delivered,2018-01-22 15:27:09,2018-01-22 15:38:22,2018-01-24 11:32:15,2018-01-30 22:38:36,2018-02-19,03cfd07f6d227b61528051d6215b12ce,2018-01-22
698642d4db0df8b8c4710af6bdff1acc,3920e62a14350104e67c0b4222cb8e26,delivered,2018-07-15 23:59:54,2018-07-16 00:15:20,2018-07-17 12:38:00,2018-07-30 16:26:37,2018-08-01,538cf24f0e8a9bbcefa7e0106591674d,2018-07-15
aaddf267c922a9dd81dd0d1ba5d0459a,781d747c16dbfb9977a8b4f6fef6b652,delivered,2018-06-08 14:39:49,2018-06-09 09:52:13,2018-06-14 14:01:00,2018-06-22 23:08:38,2018-07-18,befb720e4cfa47f68678cd7895d7e89e,2018-06-08
e145c6c37dcc3fca500f3002c65e5e6c,54c8e2af42de8737d1e0fbbef5e7416c,delivered,2018-02-17 12:14:11,2018-02-17 12:26:51,2018-02-19 20:38:30,2018-03-01 00:27:19,2018-03-19,a9ab74fb1f68a684f04a5f812efa4e4f,2018-02-17
951c9001e1a85a1a91441b1830726ce6,1856bcad63b2f42566260b1a4bb68841,delivered,2017-07-17 20:24:19,2017-07-17 20:43:20,2017-08-14 19:55:01,2017-08-22 20:42:12,2017-09-01,d9523d3bf5e0df12424d78d07eba5823,2017-07-17
3290f39297b8a329b033a77a8ed856b2,ab93c4cff5dca2721ac4bfef3489d30c,delivered,2018-06-05 16:52:31,2018-06-05 17:15:13,2018-06-07 14:19:00,2018-06-13 20:44:40,2018-07-11,edd353af7480071a81b841a8bef4ee7b,2018-06-05
6d6c3ad8291ffb9fd855faa127500137,122255f6f72c8210560b25b3b1a7bfc6,delivered,2018-02-08 20:39:01,2018-02-08 20:50:34,2018-02-27 01:19:11,2018-03-16 16:33:02,2018-03-22,82017a345df3a38896b394899a20d9ae,2018-02-08
1158253c7825da7f3e2ac5fad75fd6f7,915c65ee734aa66f635040c38c04b7a2,delivered,2018-04-06 19:29:09,2018-04-06 19:49:06,2018-04-10 00:22:16,2018-04-19 16:42:25,2018-05-15,796f8adf188c977930038bd75b164cf9,2018-04-06
2efab00b70c96a73f5fed910d373957a,0b82ef8137cfb5f47ebcc41131c03663,canceled,2017-12-24 10:07:19,2017-12-26 21:39:19,,,2018-01-19,334099ce6fb2daf71f1077d6442eb9a5,2017-12-24
7e47c4ea5c29d23c9dee60dbd8474476,c18093a5e2d5339f3b49bf1c7c68ad77,delivered,2018-02-21 11:49:05,2018-02-21 12:10:34,2018-02-22 16:03:47,2018-03-07 21:33:47,2018-03-22,ab37682da3bd1b975f7fcdc1a9c877f7,2018-02-21
899cbfad4bc94409cc6bddd6b602ef39,7a6fb54bdd798c5d8087ea65ff38d5a3,delivered,2017-07-06 00:31:21,2017-07-06 00:44:04,2017-07-06 15:40:02,2017-07-21 19:29:53,2017-08-07,d8dcc60aa16110addf999dc6ed7ef42f,2017-07-06
2359b971147acb269d1cdd25c07c704d,0b698fd84ad40923ed1c5ca93965ab4b,delivered,2017-04-02 18:22:23,2017-04-02 18:35:18,2017-04-11 14:12:31,2017-05-15 13:48:18,2017-05-12,93b298f93c123a14108dd43838ccbc8c,2017-04-02
9823d62e92fd7b2e7fb1dfe0e83c5ab3,d9e9b54e6283adbb56b08b7ff2859ce6,processing,2018-04-11 10:45:26,2018-04-13 12:34:24,,,2018-04-27,78a6273ccbe430ea32b3d354c8eab5cd,2018-04-11
99d9290d68f3a7252778d4cfda7cd872,c6afa00b0ced2096920a19561088a577,delivered,2017-10-09 17:44:57,2017-10-10 21:49:37,2017-10-17 21:13:12,2017-10-20 22:10:18,2017-10-23,4d5ee74987101175958fcb350e7fdf48,2017-10-09
5b9714d8a4016e5add108c3ebb3c21a5,23337549917956398498fa582924a762,delivered,2017-02-08 07:50:36,2017-02-08 08:05:10,2017-02-14 14:26:31,2017-02-20 16:51:29,2017-03-09,cbe5ebffe5922e54abe61932cd3996f9,2017-02-08
042e247be09aeae88a74e35766aa03ca,23b8c6b8acf581a5d3c4bd97d55c86bc,delivered,2017-01-26 22:28:07,2017-01-28 20:32:18,2017-01-31 13:23:50,2017-02-14 13:38:40,2017-03-06,83822098b0d5345dc6cb790a224c4492,2017-01-26
b38b7224daf780cbff9e261080b46068,a2418b2362af6503b38a99e2259cf8ab,delivered,2017-11-25 13:36:32,2017-11-25 13:44:31,2017-11-27 18:22:36,2017-12-04 21:12:38,2017-12-15,e5243dad4db05ad23e5c7d9b96c32309,2017-11-25
60a66add21590acd620d89fafedc04c4,bbbaa74c8397d487f8a22d52330f9275,delivered,2017-09-08 20:16:50,2017-09-08 20:25:37,2017-09-12 15:05:45,2017-09-15 18:32:51,2017-09-26,c3e53143bf9c1496ec6ff7d0bf4d25b9,2017-09-08
541a54e2a8381eb2797b40e7b1b255f0,cbb95f8f386e54a6f4f41134f77bc78a,delivered,2017-11-08 08:46:40,2017-11-08 09:06:26,2017-11-08 18:46:53,2017-11-09 21:21:51,2017-11-22,f3f9ad393795500a09d55345662b18d5,2017-11-08
7ff9b10e71f943448ffa7bcb62acd1aa,7e9a5d4cbccb404e8ddce807dc3622c1,delivered,2018-03-02 20:37:46,2018-03-06 04:08:23,2018-03-13 01:48:21,2018-04-10 01:48:31,2018-03-27,90bf31428610d8297cf6e27fe70da525,2018-03-02
2cf41be0101a0a0487c951ef0de7ee5e,f97f608f3198abc49df971b934cf07aa,delivered,2017-08-02 10:57:45,2017-08-02 22:30:19,2017-08-04 16:22:22,2017-08-18 17:41:20,2017-08-24,443868483eabd639a41e92df984d9d83,2017-08-02
2bb3da876b8f7fc4c82f55250303fb64,ea87a3c76facc40864ce0887652426b2,delivered,2018-06-14 15:11:36,2018-06-14 15:38:04,2018-06-18 08:43:00,2018-06-20 22:27:23,2018-07-04,3606e660519f3988c6b7a4fd15ce6c28,2018-06-14
bfa74f7450cf978b57226b70a6a8936f,e616e1806cf7fa06607a83d2f97f3993,delivered,2017-01-27 12:51:19,2017-01-28 04:35:47,2017-01-30 17:42:10,2017-02-03 10:37:40,2017-03-06,93d934c3a86cf8a7e0e7631fd80f9ce9,2017-01-27
a38cca6e536fd8ada7779138a6e36d43,c2bd0d10a6175420d7de0d85b089929c,delivered,2018-03-11 19:59:27,2018-03-11 20:10:29,2018-03-14 23:12:48,2018-04-03 22:47:26,2018-04-06,95166bc9edaf8dd1c556208fb58c4fe5,2018-03-11
bdcdfb7b6f9c4287ac7b5d25f874047e,8f61d7acafd5ccaa235c4a6135c0180a,delivered,2017-05-28 22:21:09,2017-05-28 22:30:13,2017-06-01 13:27:48,2017-06-06 12:52:04,2017-06-23,09f5446b5c627585a7fa0cd58b6af9bd,2017-05-28
9d252a6e320b8830dde812ffd93b4a90,93c6113c1d525c4bd1e12336662e1fd1,delivered,2017-09-24 10:47:39,2017-09-24 11:03:40,2017-09-25 19:21:37,2017-10-03 22:39:18,2017-10-18,ab243cd9e788d689cc822380f59616e1,2017-09-24
6f458a4f9539960d4e6661e78486af6c,050847efd8d1bf6c54662d9fe2fae0c8,delivered,2018-04-17 09:59:30,2018-04-17 10:11:54,2018-04-17 22:46:21,2018-04-19 22:46:41,2018-04-30,ae81f7525461d59870e615dcecd126b7,2018-04-17
097abce97e431993434adabc1aaec4e4,1f4c47d2259bd9e65d581d268b02d0a6,delivered,2017-10-08 22:13:39,2017-10-08 22:28:20,2017-10-10 19:44:54,2017-10-16 21:14:15,2017-11-01,11395124061744bf276aefd8073f3105,2017-10-08
4671212f0e4f559c957baffa7a97aec5,9ba47d5490ca6fbd03d9ba1ad552b215,delivered,2017-09-27 08:28:04,2017-09-28 03:05:17,2017-10-02 19:23:58,2017-10-09 21:47:52,2017-10-27,07342638d0e0aad32c3cf0efc1a37ba5,2017-09-27
988e590d97e4ab6873f71ae33427afed,4e50c85578e6c9f99862341ceaf42a78,delivered,2017-07-15 21:38:16,2017-07-15 21:50:08,2017-07-18 19:41:37,2017-07-21 18:23:45,2017-08-04,fd1dee953e5de87c317aad44e90dd5fe,2017-07-15
27ccb594bc1f76fe69a6625b71321af9,11eb05d12c1bedd3740c8e4b91d84d1a,delivered,2018-05-14 21:04:36,2018-05-14 21:29:41,2018-05-15 14:03:00,2018-05-17 19:59:34,2018-05-28,613414e80c8cc14aaad29edb20bae5e5,2018-05-14
8e0ea21ee6cfe4bbb2269955fb3967cc,2b9f1825765f0c9856589a94d45bc165,delivered,2017-07-28 16:15:36,2017-07-28 16:30:12,2017-08-01 13:10:32,2017-08-07 21:55:43,2017-08-24,4c447a622f519b77990f8db6dc763af7,2017-07-28
363298a11fe308fc97c376a8a9707a2b,94ed00e154e845ce2950839d35b0e196,invoiced,2018-05-19 19:12:08,2018-05-20 19:10:36,,,2018-06-22,b69f63b93d7515ae7954a7f5cae50e4a,2018-05-19
a46ca44d1b7cf49a346dbab87d2344ac,7682165fb7924ce303e686009bd6cb9d,delivered,2017-07-18 17:38:12,2017-07-18 17:50:26,2017-07-20 09:51:12,2017-08-01 18:47:53,2017-08-16,6dad4d8cc4ec34a6f280425543408aee,2017-07-18
223f47f5cccb611b2c3058c1bbba5a4b,c03f13a216dc4a2cf98a0109ca7aed80,delivered,2018-01-13 16:07:57,2018-01-13 16:15:34,2018-01-15 19:22:19,2018-01-29 17:29:32,2018-02-15,a77c5403d6e63616dffdeab9af21cf7a,2018-01-13
1a46043f18f483b119bbeebb563aa77a,f7ff526094d4b81bbca47f972f6e6502,delivered,2017-12-16 10:36:56,2017-12-16 10:55:03,2017-12-19 19:16:48,2017-12-26 21:27:02,2018-01-15,81f99d4137bdfcb71918514503904cef,2017-12-16
c387bbffbee248ae797d4676d8967e36,13e424a5e34d53d87217feabf8c22d36,delivered,2018-01-12 15:48:25,2018-01-12 16:08:36,2018-01-18 21:52:09,2018-01-25 16:09:03,2018-02-14,0728106bcd50b527bd5f6e9412fac0f5,2018-01-12
dac3cf54f4d52017ab99420c95845083,a1d77a9088348b107655d10e8fc7f020,delivered,2017-01-30 19:43:17,2017-01-30 20:33:05,2017-01-31 09:06:02,2017-02-09 11:08:58,2017-03-21,c97f43354466238a486e90287d00b81d,2017-01-30
bbb39449a277499952671cc64cbd7232,eec09eca4fd01d649cdc17286fb5099b,delivered,2018-04-17 11:12:39,2018-04-17 12:29:53,2018-04-17 22:46:22,2018-04-23 21:14:31,2018-05-10,b75a691fc54375af8f7476d2008a5201,2018-04-17
08dd1de0a5ebe393a3beb05a4cd4894f,f3b41cd9b60e1bcdf8f3302a63d6647e,delivered,2017-05-01 19:40:06,2017-05-01 19:50:19,2017-05-02 12:59:56,2017-05-20 10:32:37,2017-05-23,3d7a3f1fe7f87faa145eff08b571030a,2017-05-01
0267556bb9e07f6184470cf755f5b5da,aae14cc68c254aa377d8a2139e3c7c72,delivered,2017-05-06 22:56:18,2017-05-06 23:10:09,2017-05-09 07:44:52,2017-05-30 12:55:32,2017-06-02,32d981bbadb92a8763089fdbbc16bfa8,2017-05-06
c51d2278e29d32e380430c62dc81608a,253789b3181e6c75a3c80bd68dbebd54,delivered,2017-07-31 04:31:58,2017-07-31 16:03:48,2017-08-03 17:27:43,2017-08-07 17:04:35,2017-08-18,bf15e187955656a3f3ee274caf07b11a,2017-07-31
8a30a7cb26760b8664fd07de75bba294,243e7255bbeb3f21e375bf43aacea2bd,delivered,2017-06-18 18:34:19,2017-06-18 18:45:11,2017-06-19 19:12:20,2017-06-27 15:52:19,2017-07-11,1391fd4abaccffcb26aaca2bda783875,2017-06-18
bf6b2de2bb164dc2a23c23c554a46a05,8e31d3df66af9239cb3cea5d0b663f4d,delivered,2018-06-05 10:23:28,2018-06-05 14:31:47,2018-06-08 11:53:00,2018-06-16 11:38:26,2018-07-11,967b7eac8118d42f4f8fc269ebe3ca27,2018-06-05
df275b3b9c9f29071b451ae6d993ef00,ee3f2f412d2ddddc74a7076f4b4da780,delivered,2017-08-20 21:46:36,2017-08-20 22:05:31,2017-08-24 21:45:14,2017-09-01 20:23:37,2017-09-20,14f3f4e2fe9bfd986a7cc66cde9ea44d,2017-08-20
db2f0b731c53190c15527344d01f22f8,5e5f7e688924a066a166c00d05f12ce6,delivered,2018-02-18 16:28:43,2018-02-18 17:35:29,2018-02-20 15:47:26,2018-03-16 19:58:59,2018-03-15,33cb19b1f517bf04ea009b50c3d70d39,2018-02-18
4c1c077d67d0bdf88d4523a14781be05,eef45f8941e908eed712af490be3ac7a,delivered,2018-03-04 17:57:09,2018-03-05 18:31:48,2018-03-08 22:10:49,2018-03-13 20:42:41,2018-03-26,8b3b90cc5262cfd93b2018c105ede68f,2018-03-04
f5f810c2e855e43855a29906c1cfcfde,fc067032141f0ab1eebb2097755ed067,delivered,2018-06-03 23:24:03,2018-06-03 23:35:10,2018-06-06 05:43:00,2018-06-13 21:07:37,2018-07-16,5c8c5935b0473e4c5c7681b8dc75adff,2018-06-03
1f1f6cb06f69d4d020c56d12c8943240,cd846b862c51bbaf9ef41facd522906a,delivered,2017-12-18 12:25:40,2017-12-18 14:11:22,2017-12-20 21:27:12,2017-12-26 18:58:47,2018-01-05,70dcaa39a6563099de9b9eec667c4f75,2017-12-18
37a7476e58da10721b5e55ba4be6807d,8caeb53ff1ed9da844ec4e1f6bab7dd8,delivered,2017-12-06 20:22:29,2017-12-06 20:33:01,2017-12-11 17:30:14,2017-12-12 22:14:31,2017-12-22,a6d9bf9bd00ca98f44894adab0578a6f,2017-12-06
16ad7f24fbb116513e75c705b17e3227,d330b8e10abeb519d7711441f327c95f,delivered,2018-04-05 20:32:06,2018-04-06 23:48:56,2018-04-09 22:51:00,2018-04-17 14:48:44,2018-04-26,50a30bf4d70f512aa417c3fff15b4b94,2018-04-05
2780bd2c2ec051df9919aa3841b9d049,672e77494e53c15e0ff6f6469c9b1c4a,delivered,2018-05-10 21:07:18,2018-05-10 21:37:08,2018-05-14 14:44:00,2018-05-17 14:12:44,2018-05-28,01c19b1261325781dcf2f82c9892f80e,2018-05-10
26499163fd30a5493b2e498337e9e2a7,d42fc1b5243a68aa0735371148f2cde8,delivered,2017-07-06 12:43:38,2017-07-08 03:25:27,2017-07-10 19:52:20,2017-07-18 20:23:19,2017-08-01,acd86b11bd4adbca626c750bb51d5f48,2017-07-06
385de16f1457125fdef85002bdc4f7d4,99499442bbce6e9b3d7e62603a05b591,delivered,2018-08-16 16:45:08,2018-08-16 16:55:29,2018-08-16 15:17:00,2018-08-20 20:42:42,2018-08-23,a47aa72870be46323b8062350f97568e,2018-08-16
11213bccfe63e0bbbd624aaed30f199d,a76399fd355e46b6b04d71fa2e63eb4d,delivered,2017-08-05 23:11:10,2017-08-08 04:15:38,2017-08-10 13:08:11,2017-08-25 20:47:33,2017-08-29,89367b100e66582c1cb224ebde4727da,2017-08-05
9c23de67d0d6beb91f77b0c1bcc17d90,872deb900d7e77d23ab72edf164c9be9,delivered,2017-09-23 15:12:06,2017-09-23 15:25:35,2017-09-26 12:17:46,2017-09-29 17:32:13,2017-10-17,1c4208887f7d32e3f8a2fbae69d955db,2017-09-23
6d80b0865b3140d16b2ddca281931566,1bcb8bb3f3503ef8b155d64e2e9ded0c,delivered,2017-04-08 05:57:27,2017-04-09 06:02:14,2017-04-11 06:28:00,2017-04-20 13:27:23,2017-05-22,25a560b9a6006157838aab1bdbd68624,2017-04-08
8febb29840d98fdfb4f00b2b26e4000c,7f570d720bbdcb41c7d97a5562a4ea98,delivered,2017-11-26 22:38:55,2017-11-28 22:37:34,2017-11-29 16:55:52,2017-12-01 18:18:43,2017-12-11,3a25052c7420cdc16ebe4b549519d8ee,2017-11-26
08e4b9181951f803229ff26c157f5045,73b2b2fcb77f2cb1eef9f1f9789da60f,delivered,2017-03-07 14:10:57,2017-03-07 14:22:52,2017-03-08 09:40:29,2017-03-14 14:39:10,2017-04-10,18c5c4fe1e1ec0844d6dc8bad7ace3e3,2017-03-07
390b0aaeb630b5a26d4a9bb2ece1dcd6,9268b8eddeb5b243d368fb57cfe7cab0,delivered,2017-11-25 02:08:25,2017-11-25 04:14:42,2017-11-27 20:29:49,2017-12-30 14:56:57,2017-12-21,fa20beaf1f3411121968ce0546c75e06,2017-11-25
efa7253c2d9b573cc24cc19a03162399,bb350bf40145b52d47ee7ebd4fa2e485,delivered,2018-01-17 18:05:22,2018-01-17 18:17:39,2018-01-18 22:43:57,2018-02-05 13:53:06,2018-02-21,30e075349ee5b47bb5f9028ad62cf20a,2018-01-17
aeb4e12821bfe97432c32dae7797a35f,fca7239be09224569cbef96a97b20903,delivered,2017-10-25 23:08:24,2017-10-25 23:25:25,2017-10-26 17:32:21,2017-11-03 19:08:51,2017-11-17,04da8bd477b726f35f349e1d8f1b40c3,2017-10-25
a2bd1f83214e09083ffd7b7320fc0948,c9fd6700a8b99995b60095c7135aeaed,delivered,2017-10-22 18:46:03,2017-10-22 18:56:24,2017-10-23 19:43:38,2017-10-26 19:26:54,2017-11-09,9273cac3f94133e3229247ea6d633b56,2017-10-22
9d6f2f3cd249678b19ac473c2e38bee9,69f039960e3b36c2658862b8c030a727,delivered,2018-06-10 22:12:14,2018-06-10 22:31:33,2018-06-11 13:34:00,2018-06-19 20:26:18,2018-07-11,b5db5b642a8fd50170ad6da1672f0c3e,2018-06-10
15b556128c60e476389b2957ed666cbe,8fcc84cf7888e90fd1598d2e87e2bae4,delivered,2018-06-14 17:08:06,2018-06-14 17:39:50,2018-06-15 12:19:00,2018-06-26 20:51:34,2018-07-12,5b990a40f0cc96373130487e69d4345f,2018-06-14
9710f86f12fdfe5106f012d72a398288,d98edf3a73e942ed1ece36e5228783f5,delivered,2017-09-18 21:51:46,2017-09-18 22:10:26,2017-09-19 21:52:28,2017-09-27 18:22:07,2017-10-04,186544261e45aea5d2603dca5c820486,2017-09-18
d94c726dff2fd4e74f45a4fb3e3d07a6,8f372945116f5b1a57e1b67f114d9e33,delivered,2017-12-05 13:35:34,2017-12-05 13:53:44,2017-12-07 16:13:42,2017-12-18 12:54:37,2017-12-28,5a7ef7a5e9c4e9e7851f635d31f58448,2017-12-05
7ec78885f0818489a2b5afdff64a81b7,a02baedf480b9068ce23496ce5a125be,delivered,2018-07-08 09:00:39,2018-07-08 09:10:17,2018-07-10 07:12:00,2018-07-13 15:42:30,2018-07-31,5595cc8e21946d81a82054dea257108a,2018-07-08
a3efa89d25b51667d526208e03ec60a8,b8188154ae93a9fa6eec16b491dfcd03,delivered,2017-12-13 21:12:13,2017-12-13 21:29:03,2017-12-14 18:04:56,2017-12-18 20:48:51,2018-01-02,fe8a3f7661f79b2bb6e2bf0a0902f549,2017-12-13
18d28a9e760a03f78cd4801507a48398,52f441eb6db6a415704a7130643d0b31,delivered,2017-12-02 14:56:32,2017-12-02 15:10:38,2017-12-05 00:39:34,2017-12-22 19:26:57,2017-12-28,92f57e0ece2726703123cbddf69daaac,2017-12-02
2f98f40416fdda614b3c3b4539ec23cc,d6ef3328eedc908b44e74cc119e4af95,delivered,2018-08-16 13:35:44,2018-08-16 13:45:11,2018-08-17 12:44:00,2018-08-20 19:16:51,2018-08-22,56230a25a1d71c48091eeae2e4024ade,2018-08-16
37362a3c12684efebab6305210e3bc06,fd50dd2288c3b379ab9ccb8dd2e421a4,delivered,2018-04-01 13:13:46,2018-04-01 13:30:31,2018-04-03 22:16:53,2018-04-13 17:25:01,2018-04-19,7f9102abcd4d3ef6284c65f347730f0b,2018-04-01
b756c448e0699de0783e5e0164f553ba,afad69b01f122007ea994c0893f2eedb,delivered,2018-08-08 15:20:11,2018-08-08 15:35:18,2018-08-09 14:47:00,2018-08-16 16:43:27,2018-08-24,26dbd39e0e97ad35a53fa676205f1fce,2018-08-08
6ae0fed7d9950cae705f13ef261f3d1e,83897467c7d8815dab64c0aac7b3a47a,delivered,2017-09-12 19:17:38,2017-09-12 19:30:31,2017-09-13 20:06:47,2017-09-17 14:06:42,2017-09-29,9fa6d7575adc0cf43a6d504d190de6b0,2017-09-12
4a6d74776f450ae638cd987636c78491,dd65816219cf87a2d9a157a7c6055ea3,delivered,2018-04-30 23:04:47,2018-05-01 03:35:18,2018-05-02 12:57:00,2018-05-24 13:18:25,2018-05-25,c47ac8bddba8f729e6bc6279638bbc68,2018-04-30
58373cef6a0a70e65f59d65a757fb2a7,735cdc6f61c25a60d0c9436b6205eda4,delivered,2017-09-14 10:47:07,2017-09-14 11:04:29,2017-09-14 17:07:02,2017-09-18 22:23:43,2017-10-05,4d233db1d58f2008e3b4bece0c1b2e9c,2017-09-14
4888eb67727162d62e275521e8d6bf41,651f7c182ec669f3030da7fbdf316826,delivered,2018-06-08 00:30:31,2018-06-08 00:56:36,2018-06-08 08:33:00,2018-06-20 20:48:47,2018-07-16,3d3614f7b9d97338929d92e8657e7ed7,2018-06-08
e54709b9ea953fc92e1964e0772eecae,fd1f2f48696fa43cba7b13be48179210,delivered,2018-04-19 12:59:22,2018-04-19 13:10:56,2018-04-23 18:44:39,2018-04-30 16:12:42,2018-05-21,c14ab20be0cf4409f4ed61b554ad7d0c,2018-04-19
01015fb6493ea5b9ba105c80b5452da1,32f56b65a879ae7a310257eb5bf070aa,delivered,2018-01-09 21:01:41,2018-01-10 10:32:56,2018-01-12 20:43:43,2018-02-06 18:37:59,2018-01-30,03466aa4289c03856add8a3537f914cd,2018-01-09
a1271d56297bed4beb42e16d758bf7e4,0ac6284a32c5a5d0a62d9dd33d96a98e,delivered,2018-05-10 10:18:34,2018-05-10 10:32:57,2018-05-10 15:27:00,2018-05-17 00:04:11,2018-06-01,f3b75d6f1b2a6555223b35fcb52dcf54,2018-05-10
bbe6905304b4ffcdd776c85a16a71976,347502050ad2af3db43a5e9f3867c471,delivered,2017-06-03 20:28:04,2017-06-03 20:35:28,2017-06-05 16:18:13,2017-06-07 08:46:34,2017-06-19,28e4e07d6455f539a49cf5965f88760e,2017-06-03
93eba6dd823462cbd0f6cdd46095ee36,e77e013edbafcd4bbb08d482ede7ca16,delivered,2017-09-24 10:55:15,2017-09-24 11:10:11,2017-09-27 20:08:14,2017-10-03 20:16:18,2017-10-19,614dff8971a50ecca2de2edd11934796,2017-09-24
ef8cf6d88de00f6cd773dbe8e7a23c16,4880a63b137dd651b8693f789b45f7ea,delivered,2017-08-20 16:16:51,2017-08-21 16:26:40,2017-08-22 19:05:05,2017-08-29 19:41:43,2017-09-04,09976c4152a3803e8e139858ddd87aa1,2017-08-20
316689f43f1ba849c8cb83df6f355632,6cd0023a7262f2b816862e3107508624,delivered,2018-02-05 10:44:15,2018-02-05 10:55:24,2018-02-06 18:18:07,2018-02-14 20:35:49,2018-03-07,0b391e93cdb4fe7ad5446c111c647f9b,2018-02-05
8d41e13abb5f09190f8323201b806210,d6c8961c564c5fd099de1fd41041e25e,delivered,2017-10-10 08:27:25,2017-10-10 08:49:15,2017-10-10 20:06:55,2017-10-23 20:25:44,2017-11-09,8d128975c6d9f3cc67640ef55cdf266b,2017-10-10
b715cb1b8af49b3ceed29f8d3562d0a8,c560db9198ea7638dd9149ab789da21b,delivered,2018-06-07 16:29:17,2018-06-07 17:00:01,2018-06-13 16:21:00,2018-06-20 17:42:43,2018-07-11,ba6779ca6532c9955032803a5f9424a8,2018-06-07
aab0a15c4d4fd11c8b5c5827d567f202,d2cc2064cc10dfe0fb9d2fc6ad12884d,delivered,2017-04-08 15:30:54,2017-04-08 15:42:18,2017-04-27 09:35:36,2017-05-13 09:37:37,2017-05-16,500026b4ec80a224a43a055fc1616406,2017-04-08
c812c0f1cdbb156865e2d5e0ee09ee5f,3c5de2876ef848c693b452c96cab5d13,delivered,2017-03-06 14:33:25,2017-03-07 03:55:27,2017-03-08 13:21:02,2017-03-13 08:03:33,2017-03-30,e8ff60ffee5f05d8c6fa450165504054,2017-03-06
cc12de2df2defa0f3352ae0d4bd2ffa2,cd58586e6dd41554e05228197a532da6,shipped,2018-05-13 11:11:05,2018-05-13 11:33:03,2018-05-14 13:53:00,,2018-06-05,78060ecc8f5ce7cf5eff44b073c9ba4d,2018-05-13
1436cb05507a787c1dc757c1fa2f275f,b0213548b35c4f02bc3770b0fb4469e3,delivered,2017-09-18 11:11:32,2017-09-19 11:33:58,2017-09-19 17:03:42,2017-10-13 21:52:52,2017-10-05,15753d7a63ba3bf904c40226ab3ed61d,2017-09-18
9fc6faedaf0973bdddea7d2672e71923,0f28bdd9cc5e7809ee80dbf2f426b221,delivered,2018-07-18 08:54:40,2018-07-18 09:05:16,2018-07-18 14:08:00,2018-07-25 15:49:53,2018-08-03,c82ac11370d292cff24da9d6c8d16ceb,2018-07-18
eafa53108733896f6f18e2f8daca6f37,7300450cedf7e4c35c243c4a03c1e8a6,delivered,2018-07-30 22:31:37,2018-07-30 23:31:33,2018-08-06 09:52:00,2018-08-13 23:58:41,2018-08-17,95700615deef776ed32faa08f0be634e,2018-07-30
f947483d17043c99e4de12dacdbd763a,7fccb06249b648a3e172a38c4833f81e,delivered,2017-12-29 09:04:58,2017-12-29 09:11:26,2018-01-03 21:44:04,2018-03-05 11:59:01,2018-02-02,477241a396a48eaca5dfaea4fa27fd75,2017-12-29
bbfd7ab56f4f985f9224215c00808d04,6c43722b6d2eb07bc665b32dd753567c,delivered,2017-04-13 12:42:25,2017-04-13 13:05:41,2017-04-13 16:35:33,2017-04-20 14:45:06,2017-05-09,ab7965e349ab9e88b977c06ac791a4d3,2017-04-13
fea37071a9fe1444fc1ed7f316b68478,260d3578e7364bc239a08277dfec894e,delivered,2018-07-04 00:19:09,2018-07-05 16:09:17,2018-07-05 11:08:00,2018-07-06 14:54:46,2018-07-17,860fe3677604e9c382ce6a934bd74fa6,2018-07-04
97439bb2f0cd4c9f36612b0ed0288417,09a1bfe230250d668671a2415e97c4e0,delivered,2017-10-18 00:12:14,2017-10-19 00:14:18,2017-10-19 17:46:51,2017-11-15 16:33:28,2017-11-17,4ef529d89c99e136e6821a1c470e7353,2017-10-18
18c3417287d1c86d7176f72fe1110be3,698e74c33fe7c958024f07a31dbd2f77,delivered,2017-07-10 14:28:22,2017-07-10 14:43:20,2017-07-11 17:41:25,2017-07-20 19:54:56,2017-07-28,db87b9a23aca22405ab394338f087a68,2017-07-10
1614605e8fe6174a4352c23452985f64,ff1ef36bb2d8abe17fcecd0ae6476e77,delivered,2017-07-03 16:32:59,2017-07-03 16:45:13,2017-07-06 16:33:15,2017-07-11 19:13:59,2017-07-27,c857b28ff71a8f026990245b52cdb6a2,2017-07-03
ddeb944cad8c597ee45d421a640f164e,f0cdb2ae79a6b5b952ea78764ab49cea,processing,2018-01-15 06:16:49,2018-01-16 03:39:56,,,2018-02-14,271b856c3872dc10f80ef7c72434a248,2018-01-15
bc4ab4df5ac77edfd72c1832a24e72d8,9dd350c699a69dec25cfd851cca9c7b3,delivered,2017-03-23 20:23:25,2017-03-25 02:15:57,2017-03-27 12:56:19,2017-04-13 13:27:59,2017-04-25,80186bfabb22164ca06e4085b2a04813,2017-03-23
89d32b64af005178b318f76cd60f2c3c,41932cfbabbfcfd18e1369ad72baff9c,delivered,2018-07-06 11:54:40,2018-07-06 12:11:05,2018-07-06 09:48:00,2018-07-10 11:44:45,2018-07-27,1791d89d286e95b24ae99730bcae77b1,2018-07-06
8053c8b6bcfa27de650bb879815c3835,e28f61f60696c03754e0ab705ed04182,delivered,2017-09-05 23:38:29,2017-09-07 02:45:30,2017-09-14 17:39:04,2017-09-21 19:07:58,2017-10-05,df060d00986253c06af905c95d50bb30,2017-09-05
4babf11400453218f9ec503eb43d60cb,648bd227d87fc8dd1af8c45230a340c3,delivered,2017-03-13 18:49:14,2017-03-13 18:49:14,2017-03-14 09:58:27,2017-03-21 11:52:02,2017-04-04,a4938741a949495027da0fbd29db89bc,2017-03-13
63ad2e2fd8c7abbfd3d27807b6577f1b,4dffcf2b3f0118d881c49b8b991aa0c8,delivered,2018-04-05 12:54:41,2018-04-05 13:08:51,2018-04-07 01:32:27,2018-04-13 17:57:28,2018-04-27,d2ee3771ccf5fa3b9243f067c9c0ceb6,2018-04-05
20e8787aafedddc04670cbfd2c24953e,e495b3dcc07c9d608448027135eff86a,delivered,2017-07-14 23:23:08,2017-07-14 23:35:16,2017-07-17 20:16:40,2017-07-21 16:56:43,2017-08-09,5017c946ecaa88d2c3d78196f282b5ef,2017-07-14
e4c9031df14928b20f99e53c11d6e1d4,785f8391b5df3c6711b981cbfc1a0526,delivered,2018-07-11 09:02:55,2018-07-11 09:15:20,2018-07-11 15:05:00,2018-07-12 20:32:20,2018-07-19,fc74ebae6cc8ef73fc1bf400ce098c99,2018-07-11
1cf0b7c4073a483d2badd4824a894b77,7018f4094bcdce37a283dfe2945aca8a,delivered,2018-08-13 19:43:15,2018-08-13 19:55:17,2018-08-14 10:11:00,2018-08-21 23:41:47,2018-08-28,ceb9cd47dea298857207934eef12b8dc,2018-08-13
f71548efb94082ec81596149dba6bc12,757d837c8c560c6d2e4277a1cee15f4c,delivered,2017-10-10 09:16:34,2017-10-10 09:28:47,2017-10-10 18:32:32,2017-10-17 22:16:30,2017-11-03,bf0aa549bd0093f1bf35c64984c385da,2017-10-10
c1b770015e27aaf2b475026989d04fe0,86c0159e4a9735e1a0ab95bf4c7958f1,delivered,2017-12-11 11:40:32,2017-12-12 03:56:25,2017-12-18 21:52:53,2017-12-19 12:34:57,2017-12-28,9f6ab3755da328c4f8c77b8c7a642177,2017-12-11
08b04eb82fbd41d6a4a779d822d57a08,cf708bad4ed7ea3afd2d58d189fe2c6b,delivered,2017-03-13 14:20:10,2017-03-13 14:20:10,2017-03-13 15:12:10,2017-03-23 12:52:57,2017-04-03,0214a2864bcff8020dbe8c40a2e9d26a,2017-03-13
7b516384a257b86ecff5692da89c20e0,989d52c42804f345e0730c7cc60bc93a,delivered,2018-07-17 14:01:34,2018-07-17 14:15:10,2018-07-18 14:24:00,2018-07-25 16:28:34,2018-07-31,b879fb96bb44983df31586cf53e03405,2018-07-17
1c735d7c3e1d3e7f05d904b3f15757bd,95f1c19c007a9e92d436534c97f17b43,delivered,2018-03-16 17:11:44,2018-03-16 17:28:57,2018-03-20 14:38:58,2018-04-03 01:24:54,2018-04-04,1df0aacbc049016b488fe2817dee277e,2018-03-16
f926a7ccfbe7af773ea940b92a67f2fb,06090287a89123f034e1d47b115ed0be,delivered,2017-08-14 22:54:24,2017-08-15 09:15:23,2017-08-15 18:33:49,2017-08-17 20:05:39,2017-08-25,50996b84681a93e315b0bbf1b960e606,2017-08-14
223f078a123f6e7b1374cc086dabfa69,e584f02d9cfc953ca2236a5fcebc2fb1,delivered,2018-04-30 18:55:04,2018-05-01 02:36:17,2018-05-03 15:01:00,2018-05-09 13:58:34,2018-05-28,1cba83304eaba52a71d853f593d565f1,2018-04-30
f2fecc6e386231f071a5ec6438b7ede4,38ab12976fda60f9c224adfe69523ca8,delivered,2017-10-17 22:02:00,2017-10-17 22:14:29,2017-10-18 10:58:44,2017-10-24 20:46:32,2017-11-07,0b6d5a31c4ae0c951f96d40fb1641a24,2017-10-17
4d1469bf66cf37bc18f5ec280e25cac5,e3e6b14fba3ff05feff10bc128c63d24,delivered,2018-06-24 01:16:08,2018-06-24 02:08:06,2018-06-25 13:13:00,2018-06-26 12:08:54,2018-07-05,cebfe6141162fd21a2e149f584777344,2018-06-24
59ffc24bc635a0a0f190bf021df20508,e05edff63cfb055873bb81627f6419af,delivered,2017-11-02 21:39:35,2017-11-02 21:50:58,2017-11-06 20:36:21,2017-11-14 12:32:28,2017-12-04,6304255f37a0e0672ad9d547304192a3,2017-11-02
80c8d87f9b745f9d1a5480d9c936c4a6,f70b5ebf467ae65a93a94b9e028dff02,delivered,2018-06-20 15:41:20,2018-06-20 16:02:01,2018-06-21 14:52:00,2018-07-03 18:57:53,2018-07-26,5bfcc9fbed449ce4e70bfd19bfa7e71f,2018-06-20
0559598ddb2398bb4c202d6efd54f04e,496336231bd05e1117aacb8263e47608,delivered,2018-07-13 21:43:39,2018-07-17 04:32:18,2018-07-23 17:10:00,2018-07-24 22:14:38,2018-07-26,d49c6c627f11ac43639a9f361a84e2c4,2018-07-13
941b2fd26e5b95866e364344706f66c0,990e231928ac749b44d8826008cb048b,delivered,2017-08-23 10:36:41,2017-08-24 03:06:24,2017-08-29 19:22:49,2017-09-14 22:17:00,2017-10-04,05b580c24df8ccb5d7a77e8c8c661e85,2017-08-23
f01446f8957b17a489cea2b2b77c1e97,571a9b575c4f7da10ac263410da3eb54,delivered,2018-07-11 09:41:14,2018-07-11 09:50:24,2018-07-18 14:10:00,2018-07-24 01:13:57,2018-08-01,b638efc3c6873e97c798b7e9d192388e,2018-07-11
56b5b289cf267ee095bfd1f77406e924,9e7dab1406984c841b099a8a9e58fbcf,delivered,2018-05-31 14:35:52,2018-05-31 14:54:45,2018-06-05 12:31:00,2018-06-08 21:07:45,2018-07-05,f43a741f2b86fc593b013959d7b34083,2018-05-31
61b66cce18bec7e3ee5ada29bd17c9f8,c7f80405f2b5affb06a3d1024becc070,delivered,2017-05-28 22:58:12,2017-05-28 23:10:15,2017-05-30 10:36:21,2017-06-02 17:25:54,2017-06-26,e5678ec62177f8cb1d121c02cf7aae89,2017-05-28
457afd8c764234eb93f7a25268578440,37750266450eef3226b92346f056b786,canceled,2017-08-14 22:13:14,2017-08-16 03:25:03,,,2017-09-20,64f74dd56b328dc02d0492da5f0cce31,2017-08-14
fc80ec53e727cdf78992749b30d5af3a,50f685a3459979901d080e6d5efa0bc4,delivered,2018-01-31 16:50:37,2018-01-31 17:13:43,2018-02-01 20:49:27,2018-02-15 19:04:16,2018-03-07,a45cd739193c990570114fd33532df4b,2018-01-31
477d8df8acc3c2b3f1fbb4e41c4f7f32,17605eaa42786601c59faea89bce41ce,delivered,2018-06-28 12:49:38,2018-06-29 12:49:48,2018-06-29 14:42:00,2018-07-05 19:28:38,2018-07-27,48b60c703260cddbf33578e8cb8c8819,2018-06-28
16266dcc0650cb074864170843ad9238,6177cc6aeaedc1dda65903dc80adbdd2,delivered,2018-07-08 22:48:12,2018-07-08 23:05:25,2018-07-09 14:17:00,2018-07-12 13:31:06,2018-07-26,617f681efbc6061d6a33388bdb9a0ab0,2018-07-08
27f2c6d84c40154475f997b5d6884f0c,f9e1d3693e689c53900412074666e86e,delivered,2017-07-27 16:45:36,2017-07-27 17:03:42,2017-07-28 22:57:35,2017-08-03 19:17:27,2017-08-18,7f2ce1722207b68d4196b5f92f8ff2a1,2017-07-27
73577ce3b6a2774c1b4dd602ace4e025,5ba6dd4a38073be5904f836367f74b20,delivered,2017-06-19 12:22:17,2017-06-21 02:23:28,2017-06-21 18:19:35,2017-07-12 21:32:55,2017-07-21,f99394cf562442b4d929e191cd098118,2017-06-19
9aff2e622002df9b94eb9255485fec96,69d14927f98708eef99ec0b5d3e2a37a,delivered,2018-01-08 19:35:28,2018-01-08 19:48:27,2018-01-09 22:07:46,2018-01-13 15:03:27,2018-01-31,67cc9e01f369c13b1b2efe553ec7b349,2018-01-08
4b6661abf2da1932d74ee64f19a5ca41,147f29ede8714f69f9c35d43b6eb4bad,delivered,2017-07-29 17:17:45,2017-07-29 17:35:08,2017-07-31 18:39:55,2017-08-03 17:07:50,2017-08-22,2d3ea960a069f176238d6435279ee5ff,2017-07-29
c9fff6f42450201f1c5b500726598c70,07d39c9c43a03208a3329192bfa03a01,invoiced,2017-09-21 13:12:56,2017-09-23 02:25:07,,,2017-10-20,1edf4deb02241e161f8364b5f3ba3b06,2017-09-21
0c81fc19191e17701fb34579f8eb7840,11ab6d2231a0af5746b44a810b62b0a1,delivered,2017-07-26 14:43:56,2017-07-27 10:15:12,2017-07-27 21:45:40,2017-08-03 20:31:58,2017-08-21,a6cc6e3138236cf4795743335351594c,2017-07-26
10d8b5de0aebb551e31944a4f81e9f25,c5a403a9068e20d5721cbe18394aa496,delivered,2018-05-14 07:27:19,2018-05-14 07:52:17,2018-05-14 14:42:00,2018-05-22 14:04:01,2018-06-18,47cf6f0c0740c2108f97ee80f2191e29,2018-05-14
98b32fa8a6061086a412ad8606ab2b09,9d38887c88b90b20a6e45a93c433750b,delivered,2017-06-02 09:41:21,2017-06-02 09:55:17,2017-06-02 10:56:00,2017-06-12 12:59:50,2017-06-27,b5c3d4ecfd7b7c1f1fce995513bb1b34,2017-06-02
df87f618719ef397d4681011b2e2e934,3df3f882397d3a98d74537af750d175d,delivered,2018-04-19 18:02:15,2018-04-24 18:14:27,2018-04-23 18:42:12,2018-05-01 00:12:47,2018-05-22,4a23e03208e152bce1fe3db16cc4ed27,2018-04-19
ac95b87f13bbd7609c75bfcc17cf3ae7,c1cc319cd4cc87a520c08d8e403bed0b,delivered,2018-07-20 14:50:31,2018-07-20 15:04:22,2018-07-20 17:13:00,2018-07-27 17:04:21,2018-08-01,1346b4e599086be1c522ffdd2a3f816d,2018-07-20
81aec891278f19ec437121ceafcade4f,9ac9a9ab3252a8734a70641f112289d3,delivered,2018-04-10 19:08:52,2018-04-10 19:30:48,2018-04-11 19:15:32,2018-04-13 19:31:58,2018-04-26,14d3feff8b5fd07c16fc608931711860,2018-04-10
86fafaeca020f3aecf950cc1fe6c68da,2f6b491c9ea4889a9c00ba8cbb612bdd,delivered,2017-08-15 21:32:42,2017-08-15 22:15:17,2017-08-17 16:25:12,2017-08-24 18:17:31,2017-10-16,f2f9bb5883b3116c03cb77965de93ca6,2017-08-15
763baf4e9136a2dcdee675d0e678a8a1,a8d3181bc61bbb2d572a0d4d87210363,delivered,2017-08-15 09:25:07,2017-08-15 09:35:21,2017-08-15 20:58:43,2017-08-22 17:37:04,2017-09-04,ba632319f69194ac9e52b9eae606b01d,2017-08-15
a641046de06615446028b4d7e35c6940,e9af954eb418b346e2b856a952ff34e1,delivered,2018-03-26 13:44:13,2018-03-28 02:48:04,2018-03-29 19:24:49,2018-04-10 21:04:49,2018-04-20,989b318b195e85af6c5179fe244bbc50,2018-03-26
876ccdbffe8b9e0d081dd74f449ba339,aa3b4b13310e63dc7918471ddf6a7e0f,delivered,2017-07-04 12:37:59,2017-07-05 02:43:44,2017-07-05 17:17:41,2017-07-11 19:49:34,2017-07-28,4aabd55a39b5d0d348b4492b22d6f751,2017-07-04
5bc3203b0e60b48478c1a0d406d8e764,fe98b3e2be9373d693b14d788257fca7,delivered,2018-04-23 20:30:52,2018-04-24 17:53:00,2018-04-25 14:59:00,2018-05-03 19:52:55,2018-05-15,fea0e442a0561eccf352e19e3e0a093e,2018-04-23
f963c329c770720f168067c84761f221,4f5751a959b692ffce1b61ec839cd70a,delivered,2018-08-01 23:50:00,2018-08-02 00:05:11,2018-08-03 16:23:00,2018-08-06 15:34:40,2018-08-08,8bc55c9077e4b76de8264ffa56b646fe,2018-08-01
0777357b31babc84dc93894f0a58b942,a3e919f4567ef43cc1a6b171c5900f42,delivered,2018-02-09 10:35:28,2018-02-09 10:49:12,2018-02-09 19:45:58,2018-02-20 19:15:34,2018-03-05,c6f494dcb0a7ac2cc4e151332b7a6d3a,2018-02-09
91dffa2edbd51a725ad5a704d4635b1f,2e92630672e4fcc444d521543f719afd,delivered,2018-06-27 19:37:59,2018-06-29 02:53:13,2018-06-29 14:28:00,2018-07-04 17:48:46,2018-07-23,3d87e8b0354890f77f35bc49eb45e76c,2018-06-27
da633678d6fbb684914e7ed5fe73c290,767cbcbb777197d1d5a3b19c3eed2d2d,delivered,2018-02-04 00:03:08,2018-02-04 00:15:40,2018-02-05 22:44:51,2018-02-09 23:48:58,2018-03-01,258d4b35e2ad0a1677215c1f033fe407,2018-02-04
43dc7ea19a987e4cdafa291aebe38eab,46481c2b34e457e6c93dfb7954697189,delivered,2017-03-16 09:53:06,2017-03-16 09:53:06,2017-03-17 11:03:35,2017-03-24 13:44:57,2017-04-04,ec79b81306f2de1843730f0db528ea4b,2017-03-16
1a695d543b7302aa9446c8d5fbd632bf,b882cbae40f34e60a3ec3efefabda4ea,delivered,2017-12-16 10:32:49,2017-12-16 10:55:00,2017-12-19 23:17:45,2017-12-28 22:18:23,2018-03-22,63c73f6683f862b3724fd838f4787fc7,2017-12-16
f6b737b2892803a060990f8483c2f014,0386dfdebdb359b0612a0563487cbb7f,delivered,2018-02-22 14:30:27,2018-02-23 02:31:40,2018-03-02 00:42:27,2018-03-08 20:47:21,2018-03-14,f8a45ea781e72553d785afcdc0660c91,2018-02-22
ee11405a850edd187af2fb6e1771bcdb,7b1ee2639b161a86290418176e607153,unavailable,2017-03-01 16:20:27,2017-03-01 18:15:15,,,2017-04-06,8f5ca3aafca3333286790de607a88590,2017-03-01
8fcc357da7ca48e86ae2423b5e95bffe,32b9cece2f8b3b967e0c469559e29e67,delivered,2017-06-05 16:54:47,2017-06-05 17:05:16,2017-06-26 15:17:38,2017-06-29 16:37:52,2017-06-19,ac64526c1f2d171d1b08e1ebfe0bab17,2017-06-05
5d2ff43aa9d044bfeee7a47f21b05f8e,d4e97f030d21e570183fcf7997ed9efb,delivered,2018-06-10 00:00:40,2018-06-10 00:21:47,2018-06-12 11:33:00,2018-06-13 16:58:38,2018-06-25,76f01a48426ac77fc25f5892410c0916,2018-06-10
19e4266dc016719bc96212fff65532d2,d1fc9fe690ac0f423da5b742d3d45620,delivered,2017-06-06 19:44:14,2017-06-06 19:55:12,2017-06-09 12:59:54,2017-06-16 17:13:30,2017-06-27,9194f9aedc33b4f984bcdcc7da7461f4,2017-06-06
5e73c84a4d8bfcb7f5f1aca946e843c7,d57d4907c0bffedc7eaa6a8bad9d3249,delivered,2017-07-05 12:24:06,2017-07-06 06:43:48,2017-07-13 21:12:36,2017-07-29 16:22:27,2017-08-10,44e905b20a14f06ab278d91af2629815,2017-07-05
95f5825a4d547b92c4f1824df000084c,548f6f80c5fc00a45fde0a80b87b7955,delivered,2018-01-28 13:03:25,2018-01-29 12:55:54,2018-02-17 00:18:51,2018-02-23 23:12:00,2018-02-14,4eb57395b615d5f5b1b67d08e3e3eea0,2018-01-28
63d8235747e25f4b65895e91ff64d778,001b4e9b73aa98a6276b241bfd496822,delivered,2018-04-07 02:12:51,2018-04-07 02:27:24,2018-04-09 20:12:48,2018-04-20 21:04:28,2018-04-30,b6d2145b6b5de5dcc494c151af5fdce9,2018-04-07
f8e1c556dbd76c6784f4283973f0095f,a390fe558b139ce011632daae403ef40,delivered,2018-02-19 22:46:38,2018-02-19 23:47:35,2018-02-21 00:39:14,2018-03-27 11:06:06,2018-03-14,ddba355d0cd959da2f0c98983ee61afd,2018-02-19
46f6a036274a2f5b1dcb63556d620923,6d3d4f206d1dfff9564a2dd20bc0d787,delivered,2018-01-09 00:33:37,2018-01-09 01:33:26,2018-01-09 21:38:18,2018-01-13 02:18:50,2018-02-06,729cfcd1fdb847e1ea457c522bc88126,2018-01-09
200e0548bbc2cbdcafa92e6c5ab73fb6,21866995bb1dd2c15eea9269bfa0a8dd,delivered,2017-08-02 10:20:00,2017-08-02 22:23:33,2017-08-16 19:10:15,2017-08-24 14:57:35,2017-09-11,7ac48f0b6b3fc3519cf3032c0591e521,2017-08-02
1204cdb049baac2f6aad4233ce740cd8,a576e881eeb38ab307e132587fe563c7,delivered,2017-10-15 21:39:53,2017-10-15 21:56:17,2017-10-17 23:17:18,2017-10-18 19:34:35,2017-10-26,d75f14523552474917ce3e8793612f46,2017-10-15
a0b07a92ce295982730306c83af1da2a,b5e633e94cee7ad1b81f39f88a4ee6e1,delivered,2018-05-28 14:45:03,2018-05-28 15:15:41,2018-05-29 13:51:00,2018-06-11 16:37:47,2018-07-12,03701675fee7ac7829e93d60626f2b63,2018-05-28
ce1102192008032289474c932a4c241a,741fe7c77752d287f9654ebf6564000a,delivered,2018-06-20 22:11:57,2018-06-22 02:58:53,2018-07-03 14:20:00,2018-07-04 19:18:44,2018-07-12,6ef0d775352981d10982e3cbaebb54f3,2018-06-20
34c2654b609f57f294795b5131b7c7d9,8f1154600445b412fcea3fb8cc527b5e,delivered,2017-09-01 16:13:42,2017-09-05 04:45:46,2017-09-11 20:37:32,2017-09-12 17:25:12,2017-09-14,300b06d38615af5ec9a0b9297742e1d3,2017-09-01
385949d678cba16e50726d65f1743d7c,63e66520bb65f8fdf7a7fa9f5e1a335c,delivered,2017-05-21 13:26:10,2017-05-22 13:35:09,2017-05-23 14:40:58,2017-05-29 14:21:43,2017-06-28,7f4c430e1f1c950aeeb38d200b5c076a,2017-05-21
5c9ef82c5db4b1a72d24609ec6779955,f6617e6db7ba5a1f45819029705176b6,delivered,2017-12-19 21:06:42,2017-12-19 22:10:46,2017-12-21 17:37:13,2017-12-30 11:32:55,2018-01-17,efe797705b98f548de87e24d035a7dbb,2017-12-19
a151248b1f51c21684d1a9a65a2c04b2,e37a08d28805582b1081a49c041a97e9,delivered,2017-06-17 11:14:32,2017-06-17 11:25:19,2017-06-19 12:18:57,2017-06-23 10:53:29,2017-07-20,0d56c78ed9306af8a4afb0488eb5fc2c,2017-06-17
79b690847d556fdcccfe7dfdd9d77dd4,8417fd15df3d45a797fb476587eda385,shipped,2018-04-06 19:15:26,2018-04-06 19:28:46,2018-04-10 20:14:33,,2018-05-10,106b8aab99a48f461bc17b52f43d0204,2018-04-06
737d1628b4fc7ee47b3380c9f1f41991,604c21ef70f5df8a002db0fd1cb1ab6b,delivered,2018-08-09 14:18:19,2018-08-09 15:15:29,2018-08-14 16:33:00,2018-08-21 23:58:29,2018-08-20,1fab45044607781492b36762739233af,2018-08-09
1c08a89405de0c81093b9eff6caf3dbf,5e0871625e4eb77e78357ca04985e135,delivered,2018-05-26 20:09:53,2018-05-26 20:29:50,2018-05-30 08:30:00,2018-06-05 00:07:30,2018-06-20,da5db265e788276b465d4c5cac2b0021,2018-05-26
da21a2894f0f303a180cfff4becfd050,fd2bc7895fa1c769be64f398f45c8dcf,delivered,2018-02-11 19:37:06,2018-02-11 19:50:26,2018-02-15 23:13:13,2018-02-20 00:08:35,2018-03-07,49afd3c23241b0af0b035001c508eea9,2018-02-11
92db190a97a2ab00dc878d38080537bf,493995f180abe3880781d71ee5788885,delivered,2018-03-05 10:43:16,2018-03-05 10:55:35,2018-03-07 20:52:04,2018-03-19 13:32:37,2018-03-21,377d0d53b837b9afc1f047f3437a212c,2018-03-05
cf3b1dd0779afd4864077711786dbe2b,3918845c74432dcada4d2f437df6db3c,delivered,2018-03-16 15:22:36,2018-03-20 03:48:52,2018-03-23 23:33:04,2018-04-02 21:34:24,2018-04-04,d9a091ea64e6e6905e16215d98732b1f,2018-03-16
481108b01977381d1a999e86ca953938,e0ffc77d2547b25531918a0ef0d4900e,delivered,2018-02-19 20:32:41,2018-02-19 21:35:28,2018-02-20 19:13:25,2018-03-17 14:02:11,2018-03-16,3918f123ee0b53cac997dc589a641ade,2018-02-19
96402b1c3c1c2d9a3dc09966eedbd0fc,ac379a43707819363d962c1a1cac810b,delivered,2017-06-02 19:56:30,2017-06-03 20:03:07,2017-06-09 12:19:46,2017-06-12 12:34:33,2017-06-16,49d1599dd80dedc213037342bbe43fd7,2017-06-02
0c23622888d617e198e3098806d986a3,77f4513aa9a32affef441dbe2f123e15,delivered,2017-02-25 14:12:57,2017-02-25 14:25:10,2017-03-02 11:02:52,2017-03-15 13:09:44,2017-04-05,3072b7704d35fd0b53b94f5129ee8dea,2017-02-25
de1c6db658e84e0ba847b2c1bc857bb5,74a78c83e4b1d9c3e6ab6e59de7437a7,delivered,2018-03-29 17:59:54,2018-03-29 18:10:22,2018-04-03 19:12:01,2018-04-16 19:22:39,2018-04-24,35efd65c9611ebec2a436a0a0ca739a0,2018-03-29
46658d903ac296a4187c4869bd2a3939,1402b31a46b7bb594499ae2d188b2913,delivered,2018-08-17 12:06:50,2018-08-17 12:15:17,2018-08-21 15:09:00,2018-08-24 11:59:37,2018-09-11,2840be608c11dd64b5c73e51752422bb,2018-08-17
7ffeebb0c29e0949512e4346b8b6e172,02179f1b13ecf4531f0e73e24e0211ad,delivered,2018-03-21 10:17:43,2018-03-21 10:30:22,2018-03-22 21:20:49,2018-03-27 19:58:45,2018-04-09,3e1e36d456548cb715d71cfffdc2dca2,2018-03-21
9574d5677b89094eaa4e246e506737c7,cec98100d629346c9a1227b8c7b95730,delivered,2017-12-22 11:33:37,2017-12-22 11:52:19,2017-12-22 21:08:51,2018-01-03 11:32:40,2018-01-18,dc7ffefe7e41b05ea9473ed2d11567a8,2017-12-22
5d7d650b7b91849a41cfc2389d1b4e03,df461a5f8ea74267575c6b0ef94d14b3,delivered,2018-03-23 18:28:16,2018-03-23 18:35:35,2018-03-28 12:40:56,2018-04-05 19:36:37,2018-04-16,2df96ec536c54c5f3c7a09e610f325ab,2018-03-23
9abfc84ef4c9b890984bba7039a634b3,1106c98e3e238c15a37f86586c61effa,delivered,2018-04-05 20:37:14,2018-04-06 03:10:33,2018-04-07 01:32:05,2018-04-16 16:17:53,2018-04-30,5dc7a67e8f67e4a66f8e3ef6a0568997,2018-04-05
d2dd28b2a74faaeb77da8d3e53a9bd75,5fb09de922cb071effc0c1c12ab94f78,delivered,2017-03-10 11:26:08,2017-03-10 11:26:08,2017-03-13 14:57:12,2017-03-16 09:25:53,2017-03-31,59a304dbba6ed821b878d6af23b71ba7,2017-03-10
db57aa40a4bd36993047eb80281d0df3,32ddbb258315f2a582ed71802e1f6c75,delivered,2017-10-06 00:36:50,2017-10-06 00:56:28,2017-10-06 15:41:32,2017-10-11 18:12:38,2017-10-30,300d31d3796ac084abe1c2a5182b0746,2017-10-06
ceb533871105f7cda81fafc19e1ee38e,f86da6175d72ff2d6a9de63342e1d303,unavailable,2017-10-20 07:33:11,2017-10-21 03:07:36,,,2017-11-10,8cda74bcb48b709a90e5441e19b1d759,2017-10-20
ae83ac701e482df677985b4dfe2960dc,eb6a82aa67158cda7cba8c6ae9a5912a,shipped,2017-05-15 21:33:28,2017-05-15 21:42:55,2017-05-16 10:58:21,,2017-05-26,eb461101e27e9b833fda1a2e0fb6a1d6,2017-05-15
9c2d1fc16f35a46132271707af17d902,44f12cde95ad6d10c0af01a0bd4558f1,delivered,2017-08-10 22:49:34,2017-08-12 02:51:19,2017-08-14 20:53:48,2017-08-24 18:29:51,2017-09-05,66babda3cbcd59615e545212c30e3567,2017-08-10
1fbb2db5f09b8f2fe37fb58c85d2e301,29be48f5de0efaa0edc2d8741bd6a218,delivered,2017-12-05 08:49:10,2017-12-06 02:35:38,2017-12-07 19:59:04,2017-12-20 18:44:40,2018-01-02,b48287e135b544e8cda94aa7bd4cb343,2017-12-05
80662cbd7cfe054d30ee5fb8f89c5d6e,40fe6c120a1246d5a8a445e58f077c9f,delivered,2018-04-23 10:47:18,2018-04-25 10:30:35,2018-04-26 13:23:00,2018-05-02 22:12:44,2018-05-11,b78c5d7a0b1744ec7b45066bcadb2846,2018-04-23
47282cfe5747c1c19920f090e491d285,3483b2a9e678865616e7d1b69b28dd4c,canceled,2018-08-23 12:38:08,,,,2018-09-06,ff36be26206fffe1eb37afd54c70e18b,2018-08-23
c92c52fc8165c38e21adf26ffcf62028,13f1c2d6b9a507bb66e4cae829635936,delivered,2017-04-29 21:56:10,2017-05-03 11:34:39,2017-05-03 12:11:38,2017-05-12 11:10:08,2017-05-24,7ee9e6c80bf1b7ec4a52639eab6c128c,2017-04-29
0cbd2fb0c897c82c6b348a62de100f4e,4a4421979cccfa3b34b609540e6a86e9,delivered,2018-06-14 22:14:33,2018-06-15 08:39:50,2018-06-27 14:56:00,2018-06-29 17:03:59,2018-07-12,dd89306d4242240ae088c8cb94bc198f,2018-06-14
edde00d72b1354fd951171a2c702f5ae,193975242724bbde03dd270c7f320993,delivered,2017-09-14 14:50:45,2017-09-16 03:05:48,2017-09-18 17:27:47,2017-09-25 18:49:53,2017-10-06,27635f54dce959dee4ab3a0f52608e68,2017-09-14
e94463ec887705d951724d52248d7855,0a014efd7c067b6527b82c28abef318d,delivered,2018-05-29 16:28:45,2018-05-29 16:51:30,2018-05-30 14:09:00,2018-06-19 18:24:45,2018-07-04,04ae551b5f47d2ad463a30d96c15ca7f,2018-05-29
14419beee19b41341bead9fe7fc49d76,6a838ac68f33f20d8149fde39fe6f294,delivered,2017-10-17 14:30:21,2017-10-18 13:27:06,2017-10-19 21:03:57,2017-10-25 21:11:58,2017-11-16,ecfeb27fe4efa25d282d1c252e203fee,2017-10-17
c2c7eaa5d10a2d1abe8f0948534ef196,69045e1a5534b760b1d4c77ec2fe7cfb,delivered,2018-02-27 09:42:22,2018-02-27 09:55:28,2018-03-02 23:06:31,2018-03-19 19:08:29,2018-03-22,3729f8f3dacbb68f393d2d6ad2b3dc91,2018-02-27
66059239f0bd74e72007ecfb7db524f2,95fb58d534186ce930bafef130186371,delivered,2018-03-09 23:37:17,2018-03-09 23:50:33,2018-03-12 22:36:40,2018-03-18 15:38:38,2018-03-28,06ede5944201480c87b5c70545b0bb18,2018-03-09
d8ae8292c42789ec8fa46d9abc72b493,438a48b70a56b65897fa3c42563ecde7,delivered,2017-08-21 13:43:28,2017-08-21 13:55:15,2017-08-21 21:43:51,2017-08-25 18:57:45,2017-09-13,4ca44b6cd74f5f02ea19a7e2c1fc4444,2017-08-21
2336042fef9de12619fab599b39f3d6d,ff7808b1c90725d05ce0adf5d45b8c56,delivered,2018-01-18 10:21:56,2018-01-19 10:15:59,2018-01-19 21:14:31,2018-01-26 21:14:19,2018-02-15,ed6b39b50c87af0b361367d0adbc8d03,2018-01-18
62faf07dbae1258c108166ee7b2ba6c8,d5c96d2a6e1eb3023eca2f5da25d1ad6,delivered,2017-06-13 11:33:59,2017-06-13 11:55:16,2017-06-14 17:03:08,2017-06-22 14:45:11,2017-07-04,c9c95b219030669874730623d9f9a7a5,2017-06-13
510d53ecef0e951a4c0cf058f579b626,c79c9d707adfc4088887617a50b6a2fe,delivered,2017-03-27 20:17:54,2017-03-27 20:30:19,2017-03-31 08:03:24,2017-04-12 14:57:49,2017-04-25,51f96a2acab767da9d3e1fc31fe17775,2017-03-27
d6d22504739cdf3c8ebce460d0a08199,c16e0e88c09984e5956c444275f35f67,delivered,2017-04-12 14:59:43,2017-04-14 02:45:56,2017-04-17 14:36:33,2017-04-19 15:30:16,2017-05-08,ee478ab17bcc9cf2909f690b72e1bc62,2017-04-12
f27659655ff5261318392d03c74da742,a2f6dcc96d504dae0d2a061a094e0feb,delivered,2018-02-08 17:04:10,2018-02-08 17:40:32,2018-02-09 17:39:02,2018-02-27 11:29:05,2018-03-07,3debd108587ecd8053ab39afc60b69ec,2018-02-08
ccbd198eb55e22f3b2240d1605961c5f,352289eecb0665692f1020c18c945378,unavailable,2017-07-07 13:24:00,2017-07-07 13:35:14,,,2017-07-31,8a5f848de8330c73a9689d7cdc15fdba,2017-07-07
8e6bfb81e283fa7e4f11123a3fb894f1,5986b333ca0d44534a156a52a8e33a83,delivered,2018-02-10 10:59:03,2018-02-10 15:48:21,2018-02-15 19:36:14,2018-02-28 16:33:35,2018-03-09,d16000272660a1fef81482ad75ba572a,2018-02-10
e47a8c70f93fbf49317a66dffd051012,22da43024cf241d4197fd0880123fcd8,delivered,2018-01-18 16:14:01,2018-01-18 17:07:28,2018-01-19 17:48:36,2018-01-24 22:56:46,2018-02-08,783aee3bff1db5cfe31a0f0138ad1e5c,2018-01-18
f1faa948ad7764d64dff89bdcd2b88fa,efe6b975ad6b24a56b1bfeab0ae12fd1,shipped,2018-03-21 22:02:42,2018-03-21 22:15:53,2018-03-22 20:46:42,,2018-04-11,b748d4f5d3080ce97dd1ec2f71e5cb1d,2018-03-21
bd3ad7eb83661a769a1a6c35949982e2,0d4f08a71e7d520c9422cccaeeebebc0,delivered,2018-01-12 20:39:57,2018-01-12 20:49:23,2018-01-16 23:24:41,2018-01-18 01:42:04,2018-01-30,20a3e7c8d91a4e4998a7da210a3d90d7,2018-01-12
4186d97cef6fd694f27860fa65bc53ec,d99b0f07ffce001e0de7815b86e63b4c,delivered,2018-05-14 10:56:56,2018-05-14 11:14:27,2018-05-15 13:09:00,2018-05-29 15:48:39,2018-06-05,1c0cebef9716e58116c406641c5f471b,2018-05-14
aa63ba4f7387f6698c253e3d96b32797,9f8652dc4390049256f7e5e9fa5e4ca4,delivered,2017-12-18 19:22:43,2017-12-20 07:17:55,2017-12-20 20:38:50,2017-12-28 23:35:19,2018-01-18,ad7c932e7496c0366076f986ec1b027e,2017-12-18
97d09fc348cbda42ae770c92ec3af0c1,6bd151b89882bdccc0d6282a65dfabd4,delivered,2018-05-02 11:48:58,2018-05-02 12:14:37,2018-05-02 14:00:00,2018-05-09 16:59:26,2018-05-25,c2f49a56b518e8d95ac88950fd93133c,2018-05-02
0cbd0d96e2c18087121c68e209f4e8a3,d538faa55c1f7cec661fd02a25d8a74b,delivered,2018-08-11 16:36:03,2018-08-11 16:45:15,2018-08-14 13:23:00,2018-08-16 15:29:01,2018-08-21,29b58ab34a2b7a11858c320f7f1da2b7,2018-08-11
beebcdb81ca8d717ee63fbee85b1826e,65a04e0839e2ca5199c9529621969da2,delivered,2018-02-09 22:30:07,2018-02-15 03:51:26,2018-02-19 13:13:38,2018-04-25 21:56:42,2018-03-08,522c322cfbe25706828659f8eaf23e12,2018-02-09
dec8a288bd6ae97892bacfc5574a451c,07ae5e78d3f125fb413ccd2e37b7206c,delivered,2017-10-26 18:11:21,2017-10-26 18:31:28,2017-10-31 16:58:14,2017-11-01 13:09:51,2017-11-21,77f990b8b2cae027e436e8b74a1e7d68,2017-10-26
434b90dea540070a2a53a26185a29552,7d77d42024e7abf3cfc98638ca92c21e,delivered,2018-07-08 13:03:17,2018-07-08 13:15:16,2018-07-09 15:14:00,2018-07-13 20:28:26,2018-08-06,107f4a8b2a16c8956b93cea0208efb95,2018-07-08
6dd1bbd09d930c58640b49ba57069186,043166c34654da038d2d97c57ac27e6a,delivered,2017-11-28 22:10:15,2017-11-30 02:22:05,2017-11-30 21:38:25,2017-12-12 18:54:47,2017-12-18,af2d7ebc983f470f6b749a81d147cb61,2017-11-28
c88dcb67671acd5a7aeef76f77cc16f5,de23cb539f563443818ade003bd65b6e,delivered,2018-06-13 09:40:31,2018-06-13 09:57:10,2018-06-13 14:23:00,2018-06-16 13:03:46,2018-07-03,5a7a31fea58aa59718d6c9156222f0ca,2018-06-13
5cebddc9f18e00d1cdbc79c8b456a0d1,af96b52dd49cd0d1a9d4447d2321d3fc,delivered,2018-02-24 14:14:58,2018-02-24 14:30:27,2018-03-03 00:27:52,2018-04-02 23:46:35,2018-03-20,93fd59582e8689d3079bb69dae1cdd06,2018-02-24
a7a9af59fd37637073e26e33f78d015f,04ee38c5668f2c41b881802106383533,delivered,2018-08-14 15:21:36,2018-08-14 15:35:15,2018-08-15 13:00:00,2018-08-20 17:56:37,2018-08-20,534c8cc9fabcb34e123fc1b79e9a8526,2018-08-14
5919d6d984a8708f94ec241fe4805df0,c112cbf7b38f4c1df8d307ac2f71c07e,delivered,2017-02-18 04:35:10,2017-02-18 04:50:08,2017-02-21 12:41:36,2017-02-25 05:28:56,2017-03-17,eba2e542b6a37aae711332ae396a6902,2017-02-18
ba6ee9c4b7e882c58b1d576c48d45d7c,973e521911275bab66be08d43c8b3aaa,delivered,2017-02-27 09:38:12,2017-02-27 09:50:17,2017-03-01 16:28:45,2017-03-06 08:51:42,2017-03-27,2da442731cc9a197eafb8cabd9bcc4df,2017-02-27
01311f2795d8463a11f9422173687696,4292ad887342214c93ed734b90355ce8,delivered,2017-10-25 16:10:01,2017-10-26 03:08:40,2017-10-27 11:45:44,2017-11-07 18:53:52,2017-11-17,01d4d353f424ed250bf892af49d30abe,2017-10-25
4dacdd4bc2de0f5f0aa9e11a735e8e33,c19f7a6ff12999a4f736969f058f84af,delivered,2018-04-13 08:56:04,2018-04-13 09:11:57,2018-04-13 18:52:05,2018-04-19 17:37:55,2018-05-08,193724657ce8f22013ad1d1c480ab7aa,2018-04-13
128eab471caa0f101433f172ca9041bc,b3d9a7a1e8ad667ffc19133a44b58213,delivered,2018-05-09 15:06:00,2018-05-11 03:37:40,2018-05-14 11:56:00,2018-05-16 21:28:35,2018-05-24,3e544080d5c6dddc9c12925be95c1164,2018-05-09
023dec08929b8cafa8028da5e6b527b6,ace4c0c7241fb02b72bb8d019b738693,delivered,2018-03-17 14:49:12,2018-03-17 15:10:03,2018-03-21 18:35:38,2018-03-22 20:12:24,2018-03-29,e1465d5a238178407248585f8b3b9491,2018-03-17
64bbe3a7dae1ea0dae5ac315fe779596,85aba4309838f346319dd7c5e1eb9f0c,delivered,2017-06-11 12:44:42,2017-06-13 03:50:18,2017-06-14 15:03:34,2017-06-21 16:41:24,2017-07-05,3bab949ef05da8e9b3cfd541b6af0ffd,2017-06-11
9000ac1824b0d81895e185e41fab65d2,eaef21c024d74335f9cce35c9d96958d,delivered,2018-06-01 15:52:45,2018-06-01 16:11:41,2018-06-05 07:52:00,2018-06-20 11:48:44,2018-07-05,fd409070d1019427111aec50b929fb0b,2018-06-01
b1cc9d6366adc60f9810891f491b54f5,409334e233daee55eb33a208c8295db2,delivered,2018-08-17 15:20:30,2018-08-17 15:30:34,2018-08-23 14:40:00,2018-08-28 04:24:49,2018-09-12,628c43de9f1abb6558226b7661420179,2018-08-17
59aeb2ec44b9400fafd0b59e842959d1,f927f7178bfe24dfb3e036785eadc000,delivered,2017-08-22 19:18:10,2017-08-22 19:32:07,2017-08-24 21:12:44,2017-09-13 19:21:51,2017-10-02,07dcf3117fea678392c679fc1c86d135,2017-08-22
a6e3294e40c7d6573efdb79f99d46351,42ca3cf7c637265888941245a3b1447c,delivered,2018-02-04 03:44:01,2018-02-04 03:55:21,2018-02-05 19:26:58,2018-02-10 02:42:44,2018-02-21,b7452c2bff3bfdbe63b773bd744d3d46,2018-02-04
1de6e7f62ac6216f4c6b407eaa28d6e8,66ebf6832f076ce198e877b3db4d50ae,delivered,2018-06-03 19:20:42,2018-06-03 19:30:20,2018-06-04 10:20:00,2018-06-05 17:32:59,2018-06-29,e47b1e10edb9b2866d9d070ac9e01dcd,2018-06-03
1fb291320c9a5276869ee9f50fe885e2,9893361d541a842b16206836086185b5,delivered,2018-07-25 21:17:26,2018-07-26 18:44:25,2018-07-27 14:03:00,2018-08-01 20:12:24,2018-08-09,92fecb98a11e815b0640e7b0b8c2f591,2018-07-25
05d92af741841f7bfebf71cc949b807b,d52a234746053c5d8415c61a8d1101f1,delivered,2018-01-26 19:54:09,2018-01-26 20:13:19,2018-02-01 01:17:46,2018-02-07 20:46:34,2018-02-22,ae5b8a2e542058597f030d4a128cf81a,2018-01-26
667e8016c1467476000d4dde127343ac,99a1ce52801276a0468c5dc65cf77280,delivered,2017-09-19 14:27:33,2017-09-19 14:44:25,2017-09-21 21:00:31,2017-10-10 17:12:41,2017-10-13,f3b75d6f1b2a6555223b35fcb52dcf54,2017-09-19
3f424138a3ca8909a57b75d4389c91de,3308d5e4694a8b8f2170b88acab14dd7,delivered,2017-08-21 00:03:34,2017-08-21 00:24:25,2017-08-22 18:52:31,2017-08-30 17:27:41,2017-09-18,780ffe2bd729ace30be4442375c66989,2017-08-21
ce182b138eec89ddd69e9fca1c900aae,5b7f75e63b3845cc1e306d5f667d69b7,delivered,2018-05-30 12:42:08,2018-05-31 03:15:18,2018-06-01 16:43:00,2018-06-15 21:06:41,2018-07-25,90c876a16ad0f0187a0aa8d4f8b1377b,2018-05-30
b04367fb19ad3f39d1222e76b9b2ed85,b8d19ef5e8272057dd55666e41a006ac,delivered,2018-04-17 16:45:20,2018-04-18 03:30:11,2018-04-19 01:45:40,2018-05-17 21:12:51,2018-05-14,2f42ccbaed1893449ff76d769608b98c,2018-04-17
5a7e3486fb94e316c6926e1d6d52749b,f231e0441fbde50fb850af1950d6f21e,delivered,2018-07-27 12:38:21,2018-07-27 12:50:11,2018-07-27 15:46:00,2018-08-01 14:04:36,2018-08-22,005f6fa02633470267dcd1e3ecd0fa79,2018-07-27
ad18dd9246cad2f3e5f862857d1379be,0e4a0db41e5ea0f9d32ad03f0fa1759f,delivered,2018-02-03 19:02:09,2018-02-06 05:31:46,2018-02-07 00:52:05,2018-02-10 17:04:11,2018-02-21,0fb407e468da891db3d636a5d05393e7,2018-02-03
da532fc1a4b9307f2d351689f9e39a4d,831182e069bd68b990ec3a51910370e1,delivered,2018-03-29 18:13:36,2018-03-29 18:29:55,2018-04-02 20:06:45,2018-04-12 17:12:58,2018-04-20,2884f2e224ca44cd4d5bc6c668e52506,2018-03-29
7c456a887b23a75268a45a224d191c52,b31f9f275c6f4ab74a60d0bebb303f0b,delivered,2018-04-18 11:42:32,2018-04-18 11:55:21,2018-04-18 22:42:35,2018-05-01 17:54:24,2018-05-16,fb16d95d709fca0485dec8f7a6781ce0,2018-04-18
287ff4320b900d78a8b1a4f1b9cf32b4,1e4d728d3caa078c9be3fa119d15f3af,delivered,2017-09-04 15:27:58,2017-09-04 15:36:55,2017-09-05 15:10:15,2017-09-11 17:13:05,2017-09-26,b11da0c662ce37cb3df6461f01f1006a,2017-09-04
8c23a5662eb362f46a3434c07e30f009,0130b37ed963c4a595792582025bdcb0,delivered,2018-06-30 09:23:11,2018-06-30 09:30:32,2018-07-03 10:39:00,2018-07-11 21:38:47,2018-08-03,e47adb6f53a1fa2b49599b756eaf4265,2018-06-30
ff9770f7299db492e5fe01b4a231341b,c57b89d756843557ab53f7c679ea0572,delivered,2018-03-12 07:41:09,2018-03-12 07:50:28,2018-03-16 18:06:53,2018-04-04 15:05:24,2018-04-06,95c2ad3e523a6395602cb25b83e419c7,2018-03-12
66bc1623ea6b06835dc37b5ec1c95a75,46519369677f6d2bc58d1f438ea96099,delivered,2017-11-20 22:14:42,2017-11-20 22:28:50,2017-11-27 15:17:39,2018-01-12 20:23:09,2017-12-19,d389695c178dddc47317fe37641f0058,2017-11-20
1c76327f379b6c9a3ae42f2244e9a1e3,34faa9a948b3263e8ec9863bbd1456ab,delivered,2017-05-01 22:47:34,2017-05-01 23:03:05,2017-05-02 17:21:58,2017-05-04 15:32:29,2017-05-23,4757b4d81eaab4d270e585126410dc5c,2017-05-01
f5ce5c20560cb88a5e940f660077ba1e,07d4d7c6584be1dfbea942bd0fe5b9b9,delivered,2018-03-06 12:54:04,2018-03-08 02:11:07,2018-03-08 17:27:23,2018-03-20 18:12:21,2018-03-28,01bfd443225216fd172d2af98ae80068,2018-03-06
7715ec335869451fe7dda18fddf75da7,03a3b2d52dbe4375adc3dcba1e3f3ff2,delivered,2017-05-04 18:29:13,2017-05-05 02:15:15,2017-05-15 14:04:00,2017-05-22 16:49:49,2017-05-29,1bf2c83e9b4d2faa2a8fba48797b832c,2017-05-04
dd013805a824a02edd2301fd442a1c1b,2a686c756ae7f35a186f543d3603008b,delivered,2017-12-01 22:51:00,2017-12-01 23:14:57,2017-12-08 15:33:51,2017-12-28 18:18:06,2017-12-26,4c2b8cb434ed5dc7d01b3d56e548b65f,2017-12-01
fffc94f6ce00a00581880bf54a75a037,b51593916b4b8e0d6f66f2ae24f2673d,delivered,2018-04-23 13:57:06,2018-04-25 04:11:01,2018-04-25 12:09:00,2018-05-10 22:56:40,2018-05-18,0c9aeda10a71f369396d0c04dce13a64,2018-04-23
166b01d0fce75a595b92ad9e84e0843b,f41bb7eb1aa215a93ebbdc0bce5ee717,delivered,2017-09-11 11:22:49,2017-09-11 11:45:12,2017-09-15 21:38:38,2017-09-26 17:13:37,2017-10-09,714f9a119b14a6247daf44cb34cbaf42,2017-09-11
5289007f1e5b5752ea61bd32cc51cb04,5ceee9e50049277201c6f90b9d1454b1,delivered,2017-10-24 13:43:11,2017-10-24 13:56:24,2017-10-27 20:41:07,2017-11-03 21:23:30,2017-11-06,aafe4a691761f6b35d1357638b299b0a,2017-10-24
3cf0c41fd2773c0890ece77fd53e071d,82cc0bfe0721cd93d8385061f9214290,delivered,2018-03-10 19:12:32,2018-03-13 04:31:17,2018-03-13 19:37:47,2018-03-16 13:19:58,2018-03-28,a66e72c0cab406d07c1f52cd1490611a,2018-03-10
89b5116dbbd69d3d03c3c5571b1e1c62,8e701a68e78164f7db35aec3712ee685,delivered,2018-03-26 19:57:20,2018-03-28 02:47:41,2018-04-03 20:42:25,2018-04-09 21:12:55,2018-04-12,b0a8caa0612d8821325c4555dea6226b,2018-03-26
aa92022889a8c635cd807d74cc6878f5,6d65c6aab9e10cf1c8116fcc72721267,delivered,2018-08-22 16:28:33,2018-08-22 16:45:13,2018-08-29 10:47:00,2018-08-30 16:27:34,2018-09-03,541f0b6d642031e24c524e6718431b28,2018-08-22
114b047e7bac7728e93bdf39f7031875,90d1c7278be8f2418fd8ea151450f359,delivered,2018-06-08 21:02:49,2018-06-08 21:15:23,2018-06-18 11:55:00,2018-06-26 18:26:52,2018-07-18,6ec755d90bdc7f44bf3d9b61a095bd47,2018-06-08
55d74dbd18c5f5e386303d8ec5b70a65,d638b109de58991e385ffbf5291eba9d,delivered,2017-05-17 19:26:07,2017-05-17 19:43:26,2017-05-18 09:47:58,2017-05-22 14:56:16,2017-06-08,45a44531da4008965e2b336e1083af8e,2017-05-17
9366d3931a502aa67cc11909c49773af,8dd17dd3cdd09eedbbc5b82e905433d8,delivered,2017-06-15 19:56:15,2017-06-15 20:05:17,2017-06-19 16:10:19,2017-06-28 11:44:49,2017-07-12,bd96ce1f9a04352ffbb8e2e87fe1f98d,2017-06-15
e5f16a228606870d0afa65439fa90be1,762abd3204b184a51c371e6c7ba15611,delivered,2017-03-18 16:35:53,2017-03-18 16:35:53,2017-03-21 08:47:33,2017-04-03 12:13:36,2017-04-12,0c64b68753742932af8c3d3b2c98087c,2017-03-18
fd4907109f6bac23f07064af84bec02d,0ca4bbdbec6605e739a455a86c28e158,delivered,2018-04-24 10:44:57,2018-04-24 18:34:57,2018-04-26 13:25:00,2018-05-08 10:26:31,2018-05-29,287ae0a02c99fcc6944ae8922beb860a,2018-04-24
6d4e74b6495388cdfde5999070ad25d7,171a26ae975ba30f2c37f6c0df67f18d,delivered,2018-07-27 15:39:19,2018-07-27 15:50:20,2018-07-31 17:09:00,2018-08-01 22:22:55,2018-08-07,c6e1a25f0d2a3df5802c7a2921cd49d5,2018-07-27
705de20d99bad1d33f30357181b9e9ad,89e0faf57dd5bb277f3f91e014924a6e,delivered,2017-05-28 16:31:17,2017-05-28 16:42:19,2017-05-30 14:31:44,2017-06-08 12:16:00,2017-06-23,6d97028799b1d0a91160e11d45cfeb7b,2017-05-28
cd0b7d7d5492c631a934cc6e1346d830,5714dd463af519706d784fa0072a4d1a,delivered,2017-10-01 13:25:48,2017-10-01 13:35:17,2017-10-02 20:02:56,2017-10-06 16:59:58,2017-10-25,58efc734a69649d13ffdec1920011cca,2017-10-01
6f118d78773e39ac1e5efcc4622bfe18,f855fa86c95a0c15d441d399213f8ae1,delivered,2017-03-31 10:55:55,2017-04-04 06:05:24,2017-04-04 14:53:57,2017-04-06 08:33:38,2017-04-28,51471983a16795b28218d45c15d22fd5,2017-03-31
d8efabfe9ad61f46b19449da5215e3f6,8d2535251c6e51c0b8e527d8f3ab2532,delivered,2018-06-27 13:05:47,2018-06-27 13:15:25,2018-07-03 15:02:00,2018-07-13 16:26:29,2018-08-27,9357edf3235b665feb0f0d347c890155,2018-06-27
e137acc00a73478b179ca50de0176bbb,d36226a75bd645b98eb282c9ac967eb2,invoiced,2018-07-18 15:28:39,2018-07-18 15:42:30,,,2018-08-13,33db96cdca5de6fcace0b3a7a0fb05c4,2018-07-18
e1c236043073a6a483972402917e8cc6,429ef9e10d6d02b19a69ca63ae9ebdde,delivered,2017-12-24 11:35:32,2017-12-24 11:48:43,2017-12-26 18:05:45,2018-01-03 21:09:22,2018-01-24,cd6eeee5f80930410a3bdb55808132d5,2017-12-24
b211582376ba1a7f217b9cd45696d8a1,8f4a1725e4493fd9f4ba0de5ac1f190e,delivered,2018-03-12 15:55:21,2018-03-12 16:13:12,2018-03-14 16:27:23,2018-03-29 03:15:36,2018-04-04,eb80b2c3b253cb2b7e97ec0d542ba0c1,2018-03-12
966c90ba25d70f16e21511a31533928c,f1b4556cb70283660e95764334f88a77,delivered,2018-07-27 16:51:53,2018-07-27 17:04:36,2018-07-28 08:56:00,2018-08-02 18:51:56,2018-08-10,1ca827933813d56f07c416b2d086b799,2018-07-27
318847873c9758a0bce305f4f3099583,a23a7bba2a9fb6f506b92ce45b0ca17d,delivered,2018-01-17 16:45:54,2018-01-19 02:37:07,2018-01-25 22:38:55,2018-02-05 20:57:28,2018-02-07,b89de0b6cf4e2ebd086f72ecc1b57a00,2018-01-17
9958682e9a3eea5beb7a32fde4612f65,c758b493f9f15038dce9e459b9074f4f,delivered,2018-04-11 16:44:05,2018-04-13 02:15:43,2018-04-13 17:36:38,2018-05-04 21:57:39,2018-05-21,f0e5cfb9219e168895e03ed49c20043a,2018-04-11
d339c3ad62c16e15e4c2f3e39abd1abb,fdc884bc653acba888ada07cca18a635,delivered,2017-04-15 11:44:00,2017-04-15 11:55:08,2017-04-18 11:25:02,2017-04-27 08:04:13,2017-05-15,30e203c08f7725a9f7a4deb875e76b6b,2017-04-15
b3e176098b9f9f6122d37fa3cb06279b,4922363693e673167789c03faf24a66d,delivered,2017-02-08 23:08:53,2017-02-08 23:23:27,2017-02-09 17:12:01,2017-02-14 15:12:22,2017-03-09,c76762dfb642ac154475239639f7f8f4,2017-02-08
a8224a3529e84b453dd1681ad5788e61,463f484603d195a56332cd14bb2af0ca,delivered,2017-09-16 17:59:42,2017-09-16 18:10:17,2017-09-18 14:48:11,2017-09-27 21:56:36,2017-10-10,127f8f62505196f9181003fb59ae9e9d,2017-09-16
65d13486abbd44fdd686246bc21c5b75,2300457c28afe54edb4da376808a8781,delivered,2018-04-06 11:28:12,2018-04-07 02:48:24,2018-04-09 19:53:24,2018-04-26 19:26:40,2018-05-10,4c581027a6bd52c46aaca848e6e0aebe,2018-04-06
42b0798ccc52aa08aab4693a33960eae,5a9a8acf73eec0a98589fe69e4dd9c95,delivered,2018-04-27 17:43:13,2018-04-27 17:55:23,2018-05-02 14:24:00,2018-05-04 17:48:36,2018-05-22,ecc6d0f3eb9435df737e1f0d9a1c6d3f,2018-04-27
07f37be24f36255553680d16336b6d1a,0dcee6eaf86fc9b2d45643f46af4c87b,delivered,2017-04-23 18:00:10,2017-04-23 18:10:14,2017-04-25 08:23:19,2017-04-27 09:24:56,2017-05-12,b549673f2c471b17bb000c264dfe252d,2017-04-23
3cd9ad25e3764f6769112c081a0f08e4,35e3bd54fd302a4b250df23871fdcabc,delivered,2017-11-27 08:23:51,2017-11-27 08:36:55,2017-11-27 19:20:07,2017-12-06 19:22:58,2017-12-18,8b4447c69feb2b408e29edc0fe9d0253,2017-11-27
dcd19a1d42b2e3ad39cf3d5ee0fb7ddb,3d1688c4011a8de5b3b77d2f0bebbb6a,delivered,2018-02-18 20:25:04,2018-02-18 21:26:51,2018-02-23 00:07:22,2018-03-02 19:04:21,2018-03-09,e2eb3273ec3fcb6caf6f98e069c2ab54,2018-02-18
b49c3cb97e24ce87687679ced9c9134a,72b654cf38dc1199ac39ca9bd942d33b,delivered,2017-03-20 14:45:57,2017-03-20 14:45:57,2017-03-29 15:14:01,2017-04-13 15:23:58,2017-04-26,b7f170888469e5332e43c92edd77793f,2017-03-20
3cc14e2cf62e0a0d4d469d77141dfac3,749fca10df6c0119082405bad607b479,delivered,2017-05-19 23:24:52,2017-05-19 23:35:15,2017-05-22 15:13:14,2017-05-29 13:48:05,2017-06-12,b8a7d1929f23c02ee41c13c0119eba6d,2017-05-19
f7df7f91530ad835a392fbdccf183a22,a605ae8d6b71bf7fe80607d548e99956,delivered,2017-10-03 13:08:51,2017-10-04 02:44:09,2017-10-04 19:25:16,2017-10-18 18:33:42,2017-10-25,779377551afcb3c2a198168ac704baab,2017-10-03
4cd51713ee492e2d1ed57e6db22876ae,b799a602477d0a77304a0bd00af1d804,delivered,2018-07-24 14:50:42,2018-07-25 14:15:09,2018-07-26 12:57:00,2018-08-06 18:41:28,2018-08-16,1bb886b5bd37e8ffe7a318a1a19a8b58,2018-07-24
3817aebb6b2eab8cb6e13f3d2f163216,0d085f8ec7d2e0ab26856ca2a14955f2,delivered,2017-04-30 21:33:26,2017-04-30 21:42:24,2017-05-12 08:55:37,2017-06-22 15:42:32,2017-06-07,6dd0a6d03071c87df94996e81774a8e1,2017-04-30
293de03695b43b231adb3dcf835d08cc,0832c8cc1659c444cbc48df30ed59ec6,delivered,2017-10-24 23:57:05,2017-10-25 00:07:22,2017-10-27 21:26:28,2017-11-07 18:47:32,2017-11-30,f492b25a76d30d8bfb4e12ddc7df7c95,2017-10-24
d6229aca790acb92366c9888f1e0c181,5cb5ff757d630a29902ea9b9699b936e,delivered,2017-02-12 19:40:41,2017-02-12 19:50:19,2017-02-14 12:28:30,2017-02-17 06:52:16,2017-03-10,be7fcc357c85f653824260eed04cb57c,2017-02-12
22479f588dbf140ab4e8f3a6688c31b1,efe0b326802e3b2636f4b6b2a7466f15,delivered,2017-03-02 00:16:18,2017-03-02 01:02:17,2017-03-03 11:13:54,2017-03-07 04:47:49,2017-03-21,55106ada3521d98df887932e42fb829d,2017-03-02
73f8be4d47a3eca8b9b1ab39e9894b27,272aac5797624f4ea0d5a2c2003bc5c3,delivered,2018-03-27 13:53:33,2018-03-28 02:47:26,2018-03-28 21:36:53,2018-05-03 22:46:57,2018-04-17,d983c7f255482c26ef540711c23d6ac6,2018-03-27
86a06021035571b058d6c172b0fae435,f862332cefd11ea4ea52998e2b039d87,delivered,2018-01-16 11:47:29,2018-01-16 11:55:26,2018-01-16 19:43:26,2018-01-29 14:22:13,2018-02-07,24e0d0700d3999f56cefba0404eb5944,2018-01-16
b9d42ba20409a35fd5e832fad2beebd5,bc3e98b4c029a7d01579bfa712577c83,delivered,2017-07-23 18:54:34,2017-07-23 19:05:14,2017-07-24 18:32:11,2017-08-01 18:11:34,2017-08-15,bf0624610ea9aedb0fc1e2a5219b7fa9,2017-07-23
ac1b50ab07c56a0d1a1f1da407e4723a,c8a7de1c8fe5ab146fe453e2eb504f60,delivered,2017-12-19 08:53:07,2017-12-21 02:11:26,2017-12-22 19:20:08,2017-12-28 19:12:41,2018-01-12,1a47c86cb1c2e88340d93d50bf2add3e,2017-12-19
1fe07512d05f79bf44e02f7052cca2df,b95cd133dd19a62f386a7afdca3b2360,delivered,2018-03-09 17:11:54,2018-03-09 17:28:53,2018-03-12 22:32:22,2018-04-02 19:43:30,2018-03-27,3842d2de8b603bbfe941ade4da285f32,2018-03-09
6bb425cfe5c2338ba1386a0114f7fb50,14777b1b80f36a5b1e889b6ebeb634a2,delivered,2018-08-20 19:55:54,2018-08-20 20:10:25,2018-08-22 13:00:00,2018-08-23 19:21:23,2018-08-23,20c502cb9e1d8d4c555d7b63f6f5aa2c,2018-08-20
fdd678635b39274d95c2c554ab99c6f3,1eb6183ae88d681a0c359e65e06b73d8,delivered,2018-02-01 10:45:31,2018-02-01 10:55:32,2018-02-03 02:58:59,2018-02-08 12:14:57,2018-02-26,4f87bba95001d12f04b01fdafdf257b9,2018-02-01
e689f14f838f1f7eceb75090e3c6cddd,87bb73ebd36b9395f428d97769d7af2f,delivered,2017-11-24 09:15:49,2017-11-24 10:51:50,2017-11-27 20:14:38,2017-12-11 23:44:47,2017-12-20,6b52c361ccb2a01ae01762d5becc66cc,2017-11-24
ca9a7d8232dd4979128fb7efc1666d69,4fdae31f8a602171e41215be582f60ca,delivered,2017-08-06 15:51:54,2017-08-06 16:05:47,2017-08-07 20:32:35,2017-08-21 20:07:56,2017-09-01,4488cb13bd5f660d3cb3960c0484c562,2017-08-06
f4ffbf5a60f1fafa7ed118b999b34ff2,a33ccd0ba17bc25e9e1a0be5a0cc2c74,delivered,2017-02-09 16:26:09,2017-02-09 16:35:17,2017-02-10 10:17:33,2017-02-15 16:27:35,2017-03-08,680d77c7be679e3e7bd86770ecc8ce9a,2017-02-09
91d34a183e2eae29ccb607481a4d8ca5,633b73891ad4cd4be0bd5f55da98bc99,delivered,2018-08-04 19:38:07,2018-08-04 19:50:08,2018-08-06 19:08:00,2018-08-08 14:52:53,2018-08-24,57e205798923cafb0c9d64142ee1e931,2018-08-04
7af34335adbe8e29fa3ef500f9f2c270,8ab434ea368809385d2243c0f05a00f2,delivered,2018-08-10 05:28:38,2018-08-10 05:44:41,2018-08-10 11:32:00,2018-08-15 19:21:40,2018-08-22,bfa83f01d2982ad63ce61fd220ac5d98,2018-08-10
e39190d1881f0e85df9c678ad44e2512,f9fea0f544124ebc49eb7bc969e0a492,delivered,2017-03-10 07:47:11,2017-03-10 07:47:11,2017-03-10 09:29:33,2017-03-14 10:44:59,2017-03-29,de045b87192063d6b7f9a963915e5167,2017-03-10
7e00454e2e8b8b2e12e9a580ec77f00c,0ccc218a4ae96c625b76f6156fd0d65f,delivered,2018-07-21 17:19:59,2018-07-21 17:35:07,2018-07-23 14:06:00,2018-07-26 23:16:31,2018-08-07,ae489dd437e52f25ef2e094a75141396,2018-07-21
fb66baf2c1d8942a11844c52f37baedc,209ea487b6fcccbc9d7629045a1ee055,delivered,2017-05-31 21:22:31,2017-05-31 21:35:08,2017-06-07 15:53:51,2017-06-26 16:43:52,2017-07-05,241febf646e1f170eb505675880cd39a,2017-05-31
b7e1823a1a3137ba666bef3dfbca19dd,1db1708a6143b3cf20f1dcb77d6aac75,delivered,2018-04-23 07:28:21,2018-04-24 18:48:20,2018-04-24 15:48:39,2018-04-27 16:42:21,2018-05-16,36d13ad5e10481dcb648df14f576379b,2018-04-23
928c456c589166bf1f6a77a4ec6a8165,10b7a2a6d7bb0cdf36516a6e6671e219,delivered,2018-01-26 12:27:45,2018-01-27 12:19:22,2018-01-31 01:03:58,2018-02-06 21:28:57,2018-02-22,1b786278a223f27a60d2c8a6a7b3522c,2018-01-26
afb8e7d292d49589f6583efcdbda2058,e02c67c745a0ed9e6b0a907408503e2e,delivered,2018-07-23 09:24:50,2018-07-23 12:40:23,2018-07-25 12:18:00,2018-07-31 18:11:33,2018-08-09,13139131c06ef5dd80e4760e2152766a,2018-07-23
4099e45fcb315a95f58e5149bc1c0baf,91ea8dff15a094560c0fb7bd64ac1c26,delivered,2018-04-19 10:19:58,2018-04-19 10:35:29,2018-04-19 19:26:36,2018-04-24 17:08:45,2018-05-17,9c6bb1eaa5d69a32f4511d04d68f0a7c,2018-04-19
30e92c30b450ba0009e6664e0d8210dd,204f2214df152493387db796c85ae8cd,delivered,2018-05-23 19:05:42,2018-05-23 19:15:56,2018-05-25 14:06:00,2018-06-08 19:51:40,2018-06-29,ad822187b84ea51e722e7ad72e1e8faf,2018-05-23
e13329e37a8f95bafe7bbef35d07fb24,2edd445927d31339271f0b68dacb8218,delivered,2017-09-03 10:45:43,2017-09-03 10:55:19,2017-09-04 14:10:12,2017-09-25 17:51:16,2017-09-25,d9ddee677c0afeffefccf33c50695dbd,2017-09-03
b59cf01a46ed2ffd1319e181d3ac2217,3b90bb11f66915b3f23a14637ba4f96a,delivered,2017-03-05 15:35:01,2017-03-05 15:45:15,2017-03-06 11:20:11,2017-03-15 11:35:45,2017-04-03,7e796a8eb4eda5643bdd008b8681c78c,2017-03-05
9c9471a2e1b2cb608b22437f51cbe184,d36a25df7ff60b473c289feb156dc6e2,delivered,2018-01-27 22:30:14,2018-01-27 22:53:05,2018-01-30 23:59:26,2018-02-02 23:06:52,2018-02-14,543ee4dd7404e671b9f0077fed32cf11,2018-01-27
01b1800f51715ab76f67caf732206437,456c1e01c8ed3b83aa8fc564119bc81a,delivered,2018-07-18 19:05:46,2018-07-18 19:23:14,2018-07-19 09:06:00,2018-07-27 19:26:24,2018-08-08,4ac6ec83ece04605a854d931c8e8d8c7,2018-07-18
3f75656d4a9d4b3e18204bae2bd96925,887a7f0cf91952bc799bc7a555262389,delivered,2018-08-05 09:56:45,2018-08-05 10:25:14,2018-08-06 11:51:00,2018-08-07 13:08:41,2018-08-09,ef42d0634eedeca8960208b282f1c6fe,2018-08-05
a82c64a9f378c8c3c0872bff2591a41e,1e1e5231546c0e67ff2dc6d3d563f085,delivered,2018-01-13 02:37:26,2018-01-14 02:29:40,2018-01-15 16:17:58,2018-01-23 17:54:43,2018-02-01,46b2fb5b2cde564a0a1824ae6a38bc5c,2018-01-13
66ef8af8edec04b75469fd942a8ad66e,b471c2f8fad20b84d2b631c8112b0b26,delivered,2017-12-11 18:25:17,2017-12-11 18:34:30,2017-12-15 23:56:16,2017-12-18 12:38:57,2017-12-28,35959790d544f8c6df6c75cfe205f66e,2017-12-11
4a6c07557205c5dbdeae7e289af5c1c6,09a4411bb14055b9d846fac02dd79782,canceled,2017-11-28 13:09:13,,,,2017-12-19,320e13a9e22b4e4cda8c17ed1c140ce0,2017-11-28
13ed81255fbefb7db48926a0a30e0674,8476f21b02f42c9cbde452be87cfa6d4,delivered,2017-06-28 11:34:29,2017-06-30 02:50:22,2017-06-30 14:53:22,2017-07-10 14:43:37,2017-07-20,ee1120b9ea8a90182ea6c2543f06e3ef,2017-06-28
0d522996b29429a46093cbc004e8f29d,01973489089879f533dd627cad53e7e2,delivered,2018-04-28 08:17:33,2018-04-28 08:30:15,2018-05-02 16:17:00,2018-05-11 21:21:05,2018-05-21,c9ad7084604c389cbcb85ba60d8a157c,2018-04-28
78c0a28679d359bd04124988a2e04bac,5a2a027db93ee7ca12f71003b0fd98b1,shipped,2018-04-24 22:14:06,2018-04-24 22:32:55,2018-04-26 10:13:00,,2018-05-24,d7e2da50edc0e56f6cd33d8b667a2899,2018-04-24
9a012c7e7148025de0f013812c6f2e51,e62b6469fde6eb6443cb25b3f12c0103,delivered,2017-12-10 18:51:49,2017-12-12 03:55:37,2017-12-13 20:16:31,2017-12-20 17:58:55,2018-01-11,9dbf8077457b9fd79a22b7d882e4b98c,2017-12-10
4d6de9e9aa5820e340e8438ed218931e,2c2a91fc56f4732272b4e94f61fb250b,delivered,2017-03-20 16:15:32,2017-03-20 16:15:32,2017-03-22 09:11:57,2017-04-04 16:07:54,2017-04-12,f473ec6900b2a625150a6849506cd3ed,2017-03-20
8a35c08994c840d30994c8c915bfff3d,30842c7a57bfab94becbce0a9cf0dc36,delivered,2018-03-02 19:59:17,2018-03-02 20:40:20,2018-03-14 20:10:52,2018-03-21 20:17:34,2018-03-28,bdd54dde20755227f669f7bddd797d84,2018-03-02
9ceb39f6dd30ca18e40696a0ea01d09a,61259afc20eedac60913bc39c6d83ff6,delivered,2018-02-20 09:53:46,2018-02-20 10:07:42,2018-02-21 19:34:05,2018-03-15 17:19:46,2018-03-21,7ec5700664d6d858f20c0d108062de10,2018-02-20
a124f3c8e5213835b392c8a30125a521,ba23a00c1935d41d7da609e49cda2f49,delivered,2018-02-09 10:38:33,2018-02-10 02:49:24,2018-02-16 20:56:46,2018-02-24 12:36:42,2018-03-06,b3dc8eaa25a1212037fae667340f20e5,2018-02-09
7ed7d32f98587cf0d5aee4ccec43e11e,d0af5ed3d49037624ba7b6f741823122,delivered,2017-09-07 09:10:58,2017-09-07 09:23:25,2017-09-08 21:27:47,2017-09-11 19:57:24,2017-09-20,1d2a8637d2ba2782a63ac2662ba7b604,2017-09-07
b9a9e9876a24264089b78553266b219f,e6284a431f7260e6418bb080d3176809,delivered,2018-01-17 14:42:01,2018-01-17 14:52:31,2018-01-18 21:46:29,2018-01-19 19:52:45,2018-02-01,169a07ccf594d9e1ef046a387c02b017,2018-01-17
8942a6fec26a6b80ba003514457c9d8d,33e4f721d5ce4a77810690e77b51ea23,delivered,2017-12-06 14:08:40,2017-12-06 14:15:19,2017-12-08 01:12:41,2017-12-13 18:34:14,2018-01-02,265fd6fdfb53451dead7aea471f99fbe,2017-12-06
aa728e83b25c036cf32893a200faf390,e7dd49da03a311bb6234425183112e26,delivered,2017-05-12 18:34:32,2017-05-13 18:45:10,2017-05-15 09:03:13,2017-06-19 20:12:54,2017-06-05,273087c05d0c34102eda4ea9d7087417,2017-05-12
9a197fc58b547707fe88aab7206627b5,61b73325170f8d7d184f17e4b08b05f9,delivered,2018-05-14 16:23:04,2018-05-14 16:37:24,2018-05-17 15:31:00,2018-05-21 15:22:34,2018-06-05,fadde67cead5460377521cc31ac4c6cd,2018-05-14
7ff3ee6ebd4a25304259d862bad701ea,0a78f8e47a705e10082383eba3165dc4,delivered,2017-04-06 12:22:49,2017-04-07 03:11:00,2017-04-07 12:57:50,2017-04-21 10:53:54,2017-05-02,ba4c1ae8c5e5f7f9de59ecf9723bbd97,2017-04-06
71337e86cf1670b5d2c900b2037bc7e6,2b970cf192278e9812ed80e3db89ac40,delivered,2018-02-13 17:33:42,2018-02-13 18:07:51,2018-02-14 22:48:52,2018-02-16 22:26:33,2018-03-09,7b436cdf595907b9b0b142e8177c0072,2018-02-13
5ded6a13b2bbe76839104c57159463b3,6eca6a68fb5698b5bb9671f869617f2c,delivered,2018-07-06 16:27:29,2018-07-06 16:51:11,2018-07-10 08:15:00,2018-07-13 21:42:39,2018-07-30,469ee8eaeca110925e9e9f99be0f0640,2018-07-06
a6917b5d71e0e9bc434e9228db8daeb2,8247b5583327ab8be19f96e1fb82f77b,delivered,2017-06-09 15:46:17,2017-06-10 15:42:38,2017-06-12 17:10:55,2017-06-19 19:32:32,2017-07-04,d85547cd859833520b311b4458a14c1c,2017-06-09
8772e0a97847589e126a8fc3d6e05782,1b03f1416a15427f26e39af3d530b8f3,delivered,2018-03-26 17:46:20,2018-03-26 18:08:08,2018-03-28 20:32:42,2018-04-17 22:27:39,2018-04-12,42b3b11ca9a34bc92c2da4a0b3275567,2018-03-26
d2cc32c3614a3446aef94cfc1ade79b3,61e4c5b188a03022c0b1c76309dd5187,delivered,2018-02-19 20:33:09,2018-02-19 21:35:27,2018-02-26 23:48:46,2018-03-24 18:51:08,2018-03-12,33b95535fd1c9bd7db907b188e97b03d,2018-02-19
637c727b1b59f7bfc89233e573d05715,238fd3e6bf2e5a4f8306d257a633a56c,delivered,2018-05-10 10:49:00,2018-05-10 11:11:08,2018-05-10 13:45:00,2018-05-31 16:11:58,2018-06-04,cd7842747d0a08345adb407d006b21da,2018-05-10
ceceaa52ae02dc05d0ce987ed6f6f7f9,3b70834384c703544dc22e4b4187e486,delivered,2018-07-22 12:40:49,2018-07-23 11:31:41,2018-07-26 10:48:00,2018-07-27 13:56:36,2018-08-02,6573ccc16abeb36ed5d7621baa24e9f8,2018-07-22
a08dbd25a53b850542e9dd616f5d9120,20d4755cfabd6aa349768a13ef1c7f78,delivered,2018-02-18 18:41:17,2018-02-18 19:46:48,2018-02-19 21:43:49,2018-03-05 17:19:19,2018-03-16,d0f0202f6ae05106aead3534c9e9ebb1,2018-02-18
157728e3687cd5012c1e732721098570,0e068d477b784dc327ce26836411eb00,delivered,2017-07-17 06:53:07,2017-07-17 07:10:12,2017-07-17 19:44:33,2017-07-25 19:19:32,2017-08-22,8d386257586276430b56d546569ae1a1,2017-07-17
be1170e8310ba4a85f3bac68de9f9acc,a4be55b23bb72de2f1a18c9d11eba2d2,delivered,2018-08-10 22:17:45,2018-08-10 22:30:12,2018-08-14 08:47:00,2018-08-22 15:27:42,2018-09-10,606c733fd49c2283ca1a269528cb39fa,2018-08-10
0f39e640d202449c6fd3aebf9b09f1fd,7b3a3ec1498bfbfa893ff037034cd0a9,delivered,2018-08-15 18:56:54,2018-08-15 19:10:21,2018-08-16 14:03:00,2018-08-20 19:12:52,2018-08-30,801512ead4c9cbc98ecd208f45c975ec,2018-08-15
a492faf7122bc5286708b544c9f16924,345a376098bc749ca948eda410e404ed,delivered,2018-03-13 20:28:59,2018-03-13 20:49:27,2018-03-14 20:24:25,2018-04-02 15:37:29,2018-04-06,3fbb62c633a2594527e7763c94a45f6d,2018-03-13
776ad95dfcf33ceaf3651251cc75e020,dc2675504e71fdab6b084e961865ea9b,delivered,2018-04-27 10:45:37,2018-04-27 10:55:18,2018-05-02 11:07:00,2018-05-09 13:22:44,2018-05-23,503280ca1284835c30e375d33f252107,2018-04-27
d344f519a9ec12a430ad3312f4ec6363,757d6a64e897b3558f5714458cf6b5a1,delivered,2017-02-12 20:37:21,2017-02-14 03:50:31,2017-02-17 11:09:39,2017-02-23 11:28:56,2017-03-10,fe97a20a987dd0adc99328b52be73c4c,2017-02-12
584fa640e7dbb97b52206a50abfa4d0a,c79e2edd31f31992979ab5ead7a9ace6,delivered,2017-09-22 11:52:54,2017-09-22 12:05:15,2017-09-25 16:05:14,2017-10-02 19:43:33,2017-10-18,754bbe1dff9e4a1b5ceaa358da9b0141,2017-09-22
99e4c7eebc4e218f0ef4729921038c19,7b7d563426a10b8b26bfc679be70fbd8,delivered,2018-03-11 19:30:33,2018-03-11 19:47:54,2018-03-13 21:36:41,2018-04-08 13:37:48,2018-04-03,3a38c5469df621ba4fa026396ff4ce3d,2018-03-11
f6b5a2c1e180d02a3b579941b782da7d,630485c75bb8e700c589bf101f618bd3,delivered,2018-07-31 18:27:57,2018-07-31 19:31:32,2018-08-06 14:11:00,2018-08-10 14:18:50,2018-08-16,e9389a5427ea611439a86fb139ddd49e,2018-07-31
9f24306ad42ec0b914ff60357df376ff,649bbe04de822b1a2a9bd8cf6e4a7435,delivered,2018-08-20 21:33:51,2018-08-20 21:50:17,2018-08-21 16:45:00,2018-08-24 03:27:03,2018-08-29,51a286b2f4b587dbe8657ccc005b3ddd,2018-08-20
bcbbaa1f21815f0a2b083dc1097f368d,b16c72edd4f9a1d943d7aa4fda13eb02,delivered,2018-04-23 23:06:56,2018-04-24 19:07:34,2018-04-24 23:24:41,2018-05-14 19:33:43,2018-05-22,b9505e566e84b40171b23c478fbb5dff,2018-04-23
bcbef667390aafa23e9d20e93ea9e5af,23b25f6927e174c61915e12593eb1746,delivered,2018-04-16 13:45:57,2018-04-17 04:54:24,2018-04-19 00:38:48,2018-04-19 16:56:54,2018-04-30,1501fb94311512e6b98462d159e05a23,2018-04-16
48655ee6c7085fbfd82ff485d614a4b8,3e4682bda7a65dae44f8ebf2267d9a70,delivered,2018-02-05 19:03:06,2018-02-05 19:15:29,2018-02-07 01:33:17,2018-02-15 19:51:42,2018-03-07,e731a00e02bb8dc07bb71f43830504ea,2018-02-05
8b267a755ea7f8e11012c8d4cb85e7b3,616077b2a7c75e09c541623ceb18c22a,delivered,2017-02-10 11:58:00,2017-02-10 12:31:53,2017-02-20 03:36:09,2017-03-21 08:45:40,2017-03-30,03e7923886f2bf499508dcc22da46422,2017-02-10
c118358030a8414b5f5f8429c4f368e0,823e38236a5c348730fe1596ef359451,delivered,2018-02-05 23:01:46,2018-02-05 23:10:47,2018-02-09 20:14:48,2018-02-21 22:42:38,2018-03-02,93733bb544b033db4a771bade8c8e70e,2018-02-05
f53fa17609006c9c6669b5371ce08044,3654b6ccbba27cc2fc3fc52ac93ba937,delivered,2018-08-26 20:58:26,2018-08-26 21:10:28,2018-08-27 15:14:00,2018-08-29 20:32:21,2018-09-04,b5cddc57e28947e23bc5e7eb48dc230b,2018-08-26
f596454780aa1b19597e739fdae8c56c,a75c9c1d65a2a1df8d788369a668eeb2,delivered,2017-08-14 20:59:57,2017-08-14 21:15:18,2017-08-18 18:05:20,2017-08-30 17:10:07,2017-09-05,f6991bdcc3faff31d8d18debd02f66dc,2017-08-14
5dbbb88d9ab8820dbe265323e2ab44a9,91e2b884d3b5174b3c9910dee03bc0e0,delivered,2017-11-01 12:01:39,2017-11-01 13:15:24,2017-11-03 23:07:48,2017-11-06 21:56:26,2017-11-14,85a5edce6d603b18b5eb60c05f755e4f,2017-11-01
1c5dded30baeb7f5dabbd1e613c76164,37bf6ca0a677445a3f521046ba630f78,delivered,2018-06-13 19:10:21,2018-06-13 19:40:38,2018-06-14 14:26:00,2018-07-09 19:28:43,2018-07-27,8165d55b87871cd256280ddd432c51ad,2018-06-13
82fbc12799bc20f75c107e8e3fd55f38,7161f151fe8646a5fdaac9198eac0d87,delivered,2017-03-11 12:35:02,2017-03-11 12:35:02,2017-03-13 08:41:35,2017-03-27 15:57:40,2017-04-12,c29cf2e62be3359b74f7990382a24777,2017-03-11
60ca761c522b32f4c47465e3ab5c5b8c,7167388318dc1270ddfac0f46bce5f6b,delivered,2017-11-24 12:08:59,2017-11-24 14:38:36,2017-11-24 20:48:57,2017-12-05 01:59:53,2018-01-03,0dd933d1e0253343083013791bf5d5e9,2017-11-24
b66cbfeca2b3978020caceb7a64093c0,58ad68479691db6a7a4cdb3c83184080,delivered,2018-01-20 09:22:45,2018-01-23 03:39:28,2018-01-23 21:12:33,2018-02-06 14:23:22,2018-02-23,b2bf03dcaf210222688c05da933599b2,2018-01-20
05751d04e18329aec0f74b16883db3b2,a99502daa1647c54cf56072d0be8f58e,delivered,2017-08-18 16:10:52,2017-08-18 17:35:22,2017-08-21 22:09:01,2017-09-01 20:53:31,2017-09-14,1e1713cc2ccadf1b45ceca4fad9a4aa7,2017-08-18
10a6730b0b333e2b017dd139a0530f19,ec9941bfae382794f75c237d60273a42,delivered,2018-02-20 01:39:23,2018-02-20 02:48:29,2018-02-22 15:15:09,2018-03-08 20:57:28,2018-03-22,d747d5d50ec718b9ce0c27d8b44cd617,2018-02-20
2b49d60af10ea7e2443376987ec8a184,178e83d7625fed7f8544c81e7f61f85d,delivered,2017-03-25 09:03:08,2017-03-25 09:15:09,2017-03-27 13:07:43,2017-04-17 12:52:42,2017-05-09,b10ad793f6d2cc31b08a3b8366f3d251,2017-03-25
25dd1f1d02c23e3aeae4950e52dc5c5b,dcef99778373805819a17479a572fa15,delivered,2017-05-15 14:17:13,2017-05-16 14:25:16,2017-05-18 07:19:48,2017-05-22 10:48:02,2017-06-02,e1685c5f9027cfce7467c05f0be12ebd,2017-05-15
ebdae6e0363106fc02c8417d1e95745a,2372485d851ed971042496b0515a048d,delivered,2018-08-13 17:11:32,2018-08-13 17:25:29,2018-08-15 12:42:00,2018-08-23 23:38:30,2018-09-13,53f041c1699c620ca082bed9b971094a,2018-08-13
2501d981eb7ba23c129bb38d8fefdda8,cba6b1a0bb5587e12649c755c1ad432a,delivered,2017-08-22 15:34:21,2017-08-22 15:49:08,2017-09-19 15:57:07,2017-09-21 21:00:26,2017-09-25,2a064c8e3b9af572d59359f2e72fee39,2017-08-22
841c1d3a2dcd2252ee4f20c3858b2e95,e7c40947bf69befa79b8f13205c9e22a,delivered,2017-05-29 07:28:12,2017-05-29 07:35:09,2017-05-30 08:35:58,2017-06-02 11:10:40,2017-07-03,0cb273df1ad8cd85abd79f29dd34fd42,2017-05-29
e6b545944786339d4e5205e99554e8aa,99a2bda0ebeb3b26b7880095fa319225,delivered,2017-12-07 00:11:46,2017-12-07 01:03:46,2017-12-07 19:47:58,2017-12-11 18:29:17,2017-12-26,08f202bd26e057d0e623282aa3eaa73c,2017-12-07
c9843bbe46c6789de67e9b2ca521d5d2,d3f4923a3015d308e770c73dcdbd749c,shipped,2018-05-11 18:33:00,2018-05-11 19:01:14,2018-05-15 15:39:00,,2018-06-01,2849a8ecd0b9b89515401ccc6e5c23a6,2018-05-11
e6c26291ecafd46c4c94b0fa0904b589,418e6ea9c4e96368bd9dbf2480ef2c7b,delivered,2017-05-23 14:44:11,2017-05-24 16:15:16,2017-05-26 08:08:46,2017-05-29 12:33:04,2017-06-05,f04b1eec48dc77c92bd9b5827e43efb6,2017-05-23
b47f53f735ee76b0f07d10b4525d564e,07e1f9d11c41ac087f7726061742bb6f,shipped,2018-02-13 12:25:11,2018-02-14 12:26:58,2018-02-21 15:23:03,,2018-03-07,a2e427c83d0f704438d6362d05065ea4,2018-02-13
aa6ca3b40dae9e69a867b8b50d18434c,c1709adb3e236034941086cefdb16801,delivered,2018-04-07 13:05:52,2018-04-07 13:15:19,2018-04-09 18:17:57,2018-04-18 17:41:48,2018-05-02,7d7a4aef2ec03f6373d8937d92334d6d,2018-04-07
0e4463c6e144261bd3b088fac9fef441,e96b8d0cf6eb527f97d92d4d8ed31ba5,delivered,2017-12-24 17:47:55,2017-12-27 04:07:13,2017-12-29 17:22:42,2018-01-08 20:03:29,2018-01-19,fea0f9a9583bcc0173a04d95d7939974,2017-12-24
4b0e0e0eba7274a1ee0fdeb53d17ea99,220b82862b9aafdcb492730f9e3a575f,delivered,2018-03-21 11:26:08,2018-03-22 02:56:20,2018-04-03 23:19:13,2018-04-10 23:55:21,2018-04-16,3cd69f17edc3b18fe0ac50e239e39a35,2018-03-21
742dbb1a78c6cd58266bd0ee8fa0c89e,4fc64c2ce4ee430857b759ef0242873a,delivered,2017-12-14 23:39:28,2017-12-14 23:50:35,2017-12-19 19:27:47,2017-12-28 00:48:02,2018-01-17,3b460ededc4c23cb9eae28c706b3a310,2017-12-14
70b746f6d25c9df56e8e41bc05da3f1c,0c1ce64a6c962bfba2c87a6515b0be91,delivered,2017-05-01 10:39:07,2017-05-01 10:50:16,2017-05-03 15:22:22,2017-05-17 10:44:03,2017-05-24,7f4d8e5e443b1ac061c7d4eab0594be1,2017-05-01
55c5a129994903e122566941b7c4189d,116a414505bdc6407434a0ed928a47ad,delivered,2018-07-15 11:28:15,2018-07-15 11:44:21,2018-07-23 15:08:00,2018-07-27 20:12:34,2018-08-21,c4de6c1719eff03b6d30aff09571e272,2018-07-15
b6659c782155d09b529dc57d587fd87d,35f10361a2b8d0440ae0d8a650139e46,delivered,2017-09-30 21:55:40,2017-10-03 04:14:27,2017-10-04 14:35:14,2017-10-14 12:29:43,2017-10-30,864d85adee9b24427d11f366271457c7,2017-09-30
8dc119de90a425151daffdb131bbc779,34477fff7db585afabb325d9607cc560,delivered,2017-07-28 14:56:02,2017-07-28 15:05:20,2017-08-02 17:22:13,2017-08-09 17:14:28,2017-08-21,14890ee87a5f29fd666239e94c6f3b30,2017-07-28
17a99f37c9e5cdf9e15df2b7d7e4df3a,ddebb2c1ef54d5d045ebfa082cf869da,delivered,2017-10-01 22:25:26,2017-10-01 22:35:24,2017-10-03 15:28:57,2017-10-09 21:44:30,2017-10-18,7da11710b7b7aeebec5c91a6057c9969,2017-10-01
1afbdc6ed9143871e5b8be14ce2762e0,2f32cc670061125271017f98f73addde,delivered,2018-01-20 20:00:12,2018-01-20 20:20:20,2018-01-22 15:19:10,2018-02-02 05:02:37,2018-02-19,66ffab11964dda54f46a826323635120,2018-01-20
36138672074a247040d772897526e427,eb097f0bc1c67934f3172862f49f082d,delivered,2018-05-02 00:19:37,2018-05-03 04:32:55,2018-05-04 14:10:00,2018-05-10 20:27:04,2018-05-25,3932bd59c5d6ff8874b63212ecb459f0,2018-05-02
187530cc7669030a3535f758f769165d,44cee6676b4cf6680ff8b82493a57cf4,delivered,2017-03-06 15:32:18,2017-03-06 15:45:13,2017-03-07 11:16:22,2017-03-10 10:33:16,2017-03-23,38dda53943eea67bbe666d76f0a3db70,2017-03-06
be4768dd055593866bead9520f676029,591ba9118b21ba061acf202b9c5b6e0a,delivered,2018-03-13 20:44:16,2018-03-13 20:56:23,2018-03-14 23:54:24,2018-03-21 00:08:45,2018-04-16,1bc4853daf81bf04ff914f0ec3f4edf9,2018-03-13
37e1cfbabe363c0b6c56f4d3c4b5f752,2e8e710ac67cdd26eccfea7c39f2fef7,delivered,2017-04-28 18:28:34,2017-04-28 18:43:10,2017-05-02 14:54:33,2017-05-15 17:11:37,2017-05-26,fe0c8e3d2977bbc3a00de8a09153c8da,2017-04-28
b4de3b7a1fd0c8b6481454b3e3c02a52,89826e838207100cbb653011a5756080,delivered,2017-03-16 11:14:28,2017-03-16 11:14:28,2017-03-20 08:02:08,2017-04-06 07:33:17,2017-04-25,2f3e895f9da18f193afe1978e656037e,2017-03-16
e9d40a10468b79b4c35c82f1bf078545,a566b9ac72621f15bf0438dc1bdd95a3,delivered,2018-02-27 12:21:57,2018-03-01 02:50:46,2018-03-08 13:33:05,2018-03-09 23:14:39,2018-03-28,3ec83b54e0afb70def9480cd6b9097f7,2018-02-27
491d54c8505befdde05293e4e97c16cb,6cf57791f71aa8069fa4aee6c48d9d8d,delivered,2018-07-29 16:04:47,2018-07-29 16:24:17,2018-07-30 11:19:00,2018-08-07 23:46:28,2018-08-09,da4ae1d87b204150d3623b81d3e2420f,2018-07-29
f885037230ad5460192a6a2c609af8d9,10db7a938590915abf795e3756ec4d0f,delivered,2017-03-11 16:55:15,2017-03-11 16:55:15,2017-03-20 10:54:03,2017-03-28 15:18:05,2017-04-18,2115ec5b03f66c4083b9f02046ddb855,2017-03-11
dd103933801d1fccfa8cf84150eae10a,b412429b3fdd145935b685097b6bc88b,delivered,2018-01-05 13:56:55,2018-01-05 14:32:01,2018-01-08 23:08:07,2018-01-16 18:33:35,2018-01-30,e1ef4653ab6fb94cd7811e661eaa3948,2018-01-05
45435ca6ad009bf6d0b66e2c375a21d6,74021b5668446a550ea808a67d54fa87,delivered,2018-08-15 14:55:06,2018-08-15 20:18:23,2018-08-16 11:49:00,2018-08-18 00:02:42,2018-08-22,8cf5e0d2c58366b76f400a25fbe906d3,2018-08-15
65f0f32bf61ebe1f0fd39ef5c56a583a,3cea834e27d1758a55deea9a52e66e40,delivered,2018-01-17 10:39:45,2018-01-18 10:31:37,2018-01-18 22:04:29,2018-02-02 21:32:52,2018-02-14,ac63062a6669add32041c1f6dacc0057,2018-01-17
a77391cdf600460b495855e76f6938c8,63a8b0b5f3e4542aba902611b5f4655b,delivered,2018-07-15 23:40:46,2018-07-16 00:35:17,2018-07-16 13:09:00,2018-07-20 15:12:01,2018-08-03,17adf928f6a69dc03349de2d9abed258,2018-07-15
b983574a488ab6b6bf5355f8ea775f7e,b1b12d4f09aac15cf601f1dcab1897eb,delivered,2017-06-05 20:46:48,2017-06-05 21:04:21,2017-06-06 10:06:12,2017-06-13 16:04:54,2017-06-28,92780b513694a69ad78065593f467900,2017-06-05
963dd4dc90067e6cc40c3ddb89e991be,44d9f3ae381deda0c279fae4135ab153,delivered,2018-04-30 18:56:11,2018-05-01 02:10:56,2018-05-03 16:51:00,2018-05-21 12:58:53,2018-06-04,62bb8ccbd0b7a3c15b13a13f3c383b53,2018-04-30
01358622f65717728b3b2ec2cf4e8812,21307401801cf2242315563c89d8b9fb,delivered,2017-10-28 22:00:08,2017-10-28 22:10:14,2017-10-30 18:45:28,2017-10-31 18:08:15,2017-11-10,bfe8411cb6fed718c3879fac9847f23f,2017-10-28
20085191cbcabee83a2016eb4a9fbf21,ee19ddfbb2f016e6e65d8c2f159a725c,unavailable,2018-02-26 09:54:44,2018-02-26 10:16:13,,,2018-03-16,84c8f6c4bb2200e6e7095f64616bb5f0,2018-02-26
d9b4ededbb6c5f5e5afa0e7cc2a5dabf,e417c8315d721358f514b9cbce0b665b,delivered,2018-03-05 12:45:19,2018-03-05 12:56:13,2018-03-08 23:51:22,2018-03-16 18:06:01,2018-03-21,59e13abedcf24076cb1ea9ceffc0235d,2018-03-05
7dc8487f60263dbf289600757f5c6f99,8a8440c5a7fd24d8bd07df72f6abf753,delivered,2017-05-22 22:21:31,2017-05-22 22:30:16,2017-05-24 12:14:23,2017-05-26 09:58:01,2017-06-29,8241424764e0bfa6bfcb3c6cda391ac8,2017-05-22
4649bedb89b61c0d443ab07ece8b17ac,5d72529b6ab4493b72ba6a4debce51d5,delivered,2018-05-09 19:59:32,2018-05-09 20:14:11,2018-05-11 08:06:00,2018-05-15 20:02:55,2018-06-13,d4f553d430d80edc3fd954edebae33db,2018-05-09
aa12a07df2b43bc0d2e8ebebd7271879,29d79aeed09623a1ffc16ff0d5d05ba7,delivered,2018-04-04 20:43:55,2018-04-04 20:55:29,2018-04-16 20:19:17,2018-04-25 11:24:38,2018-05-03,45b74b6e12342b44df029204a0fd7c46,2018-04-04
29867728eef5282c4181cbed99246268,3306b138f542d4f9ad7d9b59ffe3b83e,delivered,2018-07-15 15:34:42,2018-07-17 07:31:35,2018-07-18 13:28:00,2018-07-24 18:32:05,2018-08-10,9f0db3c84e4abda5988e129be3fd2ec2,2018-07-15
f4b75a851727133860699dd7a8acda5f,2b02d032edb6e61872c6a7869e7e52c2,delivered,2017-12-01 14:18:33,2017-12-02 10:18:39,2017-12-13 15:19:22,2017-12-26 17:48:53,2018-01-09,e6d511bd228c7136272472a56c6672dd,2017-12-01
bb49c47a5800aa19d5212ffb33038a55,1b78708c0a7202e040b9c50acedbdc6f,delivered,2017-10-09 15:25:30,2017-10-10 03:26:57,2017-10-10 13:44:05,2017-10-24 19:06:56,2017-11-09,cdbfcbd9454f2807600f6f46b6d9d27d,2017-10-09
3347d1c2249e2e53f4ebb12db1ebdf91,73b30fa5dd4c0ae9bf6a4659bca928a8,delivered,2017-09-26 20:26:12,2017-09-26 20:49:20,2017-09-28 19:00:18,2017-10-03 23:13:20,2017-10-19,a3b67ca7242189ae4e58dcefa18719e5,2017-09-26
d077407f0f6dccff3bb4224b3aaec82d,b6ca512b8c0c1de7c9ab1a742da52d4e,delivered,2018-08-02 15:57:37,2018-08-02 16:30:46,2018-08-03 17:40:00,2018-08-06 18:34:35,2018-08-07,a9e21dbc0a0e69348c3895c18f8d8d60,2018-08-02
53c76273765484d43a78ad7375d2298b,367f881e0ee513cc57aff2ee105b0e88,delivered,2018-01-31 18:03:57,2018-02-02 07:31:21,2018-02-06 00:51:18,2018-02-16 23:51:58,2018-02-23,e42751c87c890bdc406e1b8cd738067e,2018-01-31
a04e5564f7cbcf78fee1ccaab8d3b0f2,3f83e6393c2e518068d45d536424ccba,delivered,2017-04-20 12:22:59,2017-04-20 13:06:24,2017-05-22 08:38:57,2017-05-24 11:12:30,2017-05-10,c0ab0c71f36879a7e904700157a6d88c,2017-04-20
31001a77165dd554fcc32640defe98a1,cc3eee250369621d282cee76b06935e7,delivered,2017-11-27 08:51:19,2017-11-29 19:58:28,2017-12-06 16:43:15,2017-12-28 15:22:16,2017-12-21,59394eea21b87a06242255c31dda06dd,2017-11-27
24759f3ad867f833fc09e69987719d52,1fb7addf69570523e63db8ac2f5c9923,delivered,2017-02-19 09:32:13,2017-02-19 09:45:17,2017-02-22 08:42:33,2017-03-14 12:47:43,2017-03-21,a75d0dc05a62ced01b3afd2412b4e0d3,2017-02-19
81b1c5ab3c30ee9f67392bbd60dc0f58,015c9c9ba7524dcb69a8a6d2f383db8c,delivered,2017-09-27 13:28:47,2017-09-29 02:14:19,2017-10-04 20:57:47,2017-10-09 22:23:03,2017-10-23,51855c3f2ea880a51f27afc4b49f660a,2017-09-27
feea76ccb6f2e1daae9c52ad70d24a09,934404a128b7233cbf982b5dfae985af,delivered,2018-01-18 15:17:55,2018-01-19 02:37:54,2018-01-23 15:47:57,2018-02-05 23:52:41,2018-02-09,dcd5f209ff668130646a026ef5d47d71,2018-01-18
812a3cd39ef8ee7455ea166a05534b0a,835db60e0407215c179aacec8574ddc9,delivered,2017-12-06 21:12:08,2017-12-06 21:29:58,2017-12-07 22:19:05,2017-12-14 15:37:05,2018-01-02,f880707ebb7cdcef8edab8d8a74667c6,2017-12-06
edf0616bd376b3416b676c10dffad049,91f5c89b6c85928de6df8cc711577efe,delivered,2017-07-16 02:28:22,2017-07-16 02:43:19,2017-07-26 03:16:28,2017-08-29 22:26:04,2017-08-24,37b766aa181f72b9c44b4cb0f7e01375,2017-07-16
f15823135aadc5deaa75fac279913c00,f5596c5e0f2741d56e462d9737cb8972,delivered,2017-12-23 10:23:30,2017-12-23 10:30:23,2017-12-27 21:37:49,2018-01-08 23:13:03,2018-01-19,362109339da687eb86d48ebdbea81a9a,2017-12-23
7571d2e7a9f69174c92679c6018a13ee,572809338c1b14b317ca25b3981cd133,delivered,2017-08-18 16:54:56,2017-08-18 17:35:16,2017-08-21 19:24:43,2017-08-22 19:04:09,2017-08-31,f26a513f91c93fdd1632285f461cbc4d,2017-08-18
d1b16860e7b68a8ab13eb5c3327aa758,03429d54443e1269399f0e20eefd7512,delivered,2018-02-16 16:24:15,2018-02-17 03:35:33,2018-02-22 01:07:16,2018-03-05 21:09:20,2018-03-05,4c48cb96cff2990ac4573f88d035a42c,2018-02-16
fb37932de0ff192d4c2a5054de38bca1,d8328c8f7eed994c605f576e590d014c,delivered,2017-11-24 22:23:58,2017-11-25 01:31:36,2017-11-29 20:16:33,2017-12-07 18:58:42,2017-12-19,786fa24eb3b1bc48652dbdacd50c5290,2017-11-24
0e63c49b5c63653dcea73c7e37166112,ecd0cc4b88a538583a63d8bfa1d17a74,delivered,2017-04-18 15:09:35,2017-04-18 15:30:12,2017-04-19 11:06:07,2017-05-09 22:28:02,2017-05-19,3f31485edb88c756d5163cdcea80d7ed,2017-04-18
f1b7981b1f973562b7093fef02351b64,cdeaec3f8528e3be6e375bc600645c72,delivered,2017-05-30 19:42:05,2017-05-30 19:55:17,2017-05-31 14:35:35,2017-06-19 16:22:31,2017-06-22,f8309b834186f428f9b4072036885959,2017-05-30
57036fa92425953d26c370e6fd4b3943,d824ec16e5d17a3e12b51b5b6fdeb2e5,delivered,2017-03-06 01:03:37,2017-03-06 01:10:15,2017-03-09 09:21:57,2017-03-13 12:15:11,2017-03-27,34fd99b7879fcbf0cdb65186a2c0560a,2017-03-06
3624eadd61b06f751ee55ea522226e3b,2f56514539e882df540e387ae35f2dd1,delivered,2018-01-07 16:55:48,2018-01-07 17:07:12,2018-01-09 17:07:40,2018-01-11 15:20:01,2018-01-24,69022d7cc8657749aeb1772c1cd8a32c,2018-01-07
842e431b8a715723dec813ec65be3f55,d5b758eb06118bb42e99c0d2b9ec22db,delivered,2017-12-05 19:10:29,2017-12-05 19:30:21,2017-12-07 19:17:19,2017-12-30 15:23:29,2018-01-02,3e7df5939a3d55f5a1535d27a8a6f016,2017-12-05
352096b87a2e9b123d84ec3f1380d8a9,3cd215d1f5e1965177ecbce1f46dbdad,delivered,2018-04-18 15:41:02,2018-04-18 15:55:52,2018-04-27 14:40:00,2018-04-30 16:12:54,2018-04-30,af842a6ed9f77511c9bf46922a29ecb5,2018-04-18
5342b9531898bc55c9af92a2c49dbfba,2d48c2c84b9087df5df0815193fa1ed6,delivered,2018-04-11 18:23:36,2018-04-13 13:30:14,2018-04-18 17:46:51,2018-04-24 00:06:49,2018-05-09,f5f0d3e28165a2902358c69aa059ce1e,2018-04-11
6fc329fc5cf04756f90764baf31daa17,ac8ef6ef5bd4441da783f9b6abafa0af,delivered,2017-09-14 18:50:44,2017-09-14 19:04:53,2017-09-18 18:03:37,2017-09-30 15:42:27,2017-10-17,64897b3807f3046df2563ff33e4011f9,2017-09-14
6ffdfdfb37aadee7183542be7b825777,e0420a848706f881619bfe32bbe22b2b,delivered,2017-08-12 11:24:12,2017-08-12 11:35:12,2017-08-15 15:27:41,2017-08-22 20:10:09,2017-09-13,dec8632530ce2c58e688e63cbc5105e6,2017-08-12
86f452af7e6c8314fa5b43b768eb9d0d,2990678379ad404c1f529701dbdb157e,delivered,2018-07-19 13:50:48,2018-07-19 14:03:01,2018-07-19 15:34:00,2018-07-28 14:18:31,2018-08-08,e04fe007b7b22980f2ae77b7ad991c0e,2018-07-19
a6e7e7222c014201fbfcdfb8c4593ce7,4a4bc5301ac979c57a95bef67041937e,delivered,2017-12-07 15:00:39,2017-12-07 15:43:06,2017-12-08 22:18:25,2017-12-11 15:32:59,2017-12-27,6c656995fbcf3e0c3b91fbf12a555f5f,2017-12-07
87d092cb0dcd08b672315eacc525d8bc,f8f6c5761c03da3f964b3aa9dc5e37f3,delivered,2018-05-03 13:17:54,2018-05-03 13:34:25,2018-05-03 15:28:00,2018-05-21 13:58:52,2018-05-28,5751e5d3aab71e2f8a1812c41cd8daee,2018-05-03
baca011f486fa4b0fd171c68fb8957c9,4dd8be21997b67cb6bdb882ad1137f15,delivered,2018-08-11 12:47:25,2018-08-11 13:04:24,2018-08-13 12:21:00,2018-08-20 16:38:57,2018-08-29,47075b7e79d05b3d1c76bca315ae187d,2018-08-11
a73d469a8747dea1740e9545d1051002,fa5e5ede73e8f02fe888b6f3bd44a714,delivered,2018-08-27 12:41:49,2018-08-27 13:15:50,2018-08-28 15:07:00,2018-08-30 22:24:46,2018-09-10,4dff4725813168461eb3e5e9f807d66a,2018-08-27
066debbd2c7642782a8fa6ec60fb6722,843492ad5fcb23eda76867776a3cea2f,delivered,2017-12-04 15:17:54,2017-12-04 17:22:39,2017-12-06 23:49:07,2017-12-13 22:35:23,2018-01-04,c35d100ee9a5dceed9c5dbbdb242cd36,2017-12-04
3a2abdde2d9547be9828b598160bd25a,4da765d9231dcdd0343372cb7c0aea0c,delivered,2017-08-26 15:22:41,2017-08-26 15:35:15,2017-08-28 19:56:33,2017-08-31 16:05:37,2017-09-14,576ee0f4c958d7e79e9bb3cc7c9b2441,2017-08-26
58ac90861e40974e190198a79144f7d0,ca8c954d9a1f49a7c8677a4c033fc913,delivered,2017-06-01 21:28:03,2017-06-02 21:35:09,2017-06-05 11:33:47,2017-06-12 18:18:27,2017-06-28,f4a43aed10040450d0bde1c43026befe,2017-06-01
0cd0bff6841594d9006994fcfbf3e44b,b299a44de561de2dbfc8fa91dd704af8,delivered,2017-08-02 09:07:50,2017-08-04 02:35:18,2017-08-04 18:43:41,2017-08-16 20:39:43,2017-08-28,67b657ec047f29a2f42ec7e7be4d03e6,2017-08-02
a0ba767f45d100f0a10b9c7c5ffe077e,77ab6ec3ef988005ffe95743990808ee,delivered,2017-05-30 20:32:45,2017-05-30 20:45:17,2017-06-05 17:38:33,2017-06-14 17:33:52,2017-06-26,0db407af8c82bff70bd4c566345ffd88,2017-05-30
cc101c96c9b05fb5b3ed39f35a15995f,1fde5180f7129ed9d42921fb641b768c,delivered,2018-06-15 07:06:19,2018-06-18 11:02:23,2018-06-20 18:14:00,2018-06-25 23:03:51,2018-07-11,bde14cee5ad6324eeaee52326a617346,2018-06-15
55bb87b958949d33812cf0a037320db7,f1ba014aeb480e2059ec74c58715c789,delivered,2018-04-15 19:39:10,2018-04-17 05:55:26,2018-04-18 23:02:48,2018-04-27 23:12:32,2018-05-21,9bff77a776574edf41418ddd01bcbb4e,2018-04-15
fcaa27705f4857554664f4e54825d593,0f4fdd519d9533f65a7190ae9a25628f,delivered,2018-05-22 09:10:27,2018-05-24 02:18:38,2018-05-30 14:41:00,2018-06-06 19:03:19,2018-06-22,14418104e2b69c02fec4aa6b3c72d5bd,2018-05-22
4ee652dab819aa02ee2c18e9375146c8,a60b83e02b730c9347ece8bc68e79cc5,delivered,2017-06-30 10:51:10,2017-06-30 11:04:02,2017-06-30 17:19:48,2017-07-06 17:42:52,2017-07-20,de58eaa53c2e48cc7649f4be56766a95,2017-06-30
400476a0437490391fa7b509434ccf53,b4d6740dc65324242332aea664f707f3,delivered,2018-04-30 20:53:11,2018-05-01 03:15:27,2018-05-02 16:58:00,2018-05-10 19:39:21,2018-05-29,97e6f4c6a893fcb96c107796bf12b952,2018-04-30
ddf732195968469df311feb9d52e542a,4491394c47b830b8d4c14645d4c55344,delivered,2018-04-21 21:06:08,2018-04-24 19:21:40,2018-04-25 12:44:00,2018-04-26 18:56:49,2018-05-04,6345e3b3ba5ee47685e29ec5febc8155,2018-04-21
085c76ec2a854d66417d0dddc622adb0,46cba3072f7ba5816dfcf09245ae676d,delivered,2017-05-09 22:29:06,2017-05-11 04:22:38,2017-05-19 17:08:00,2017-05-31 17:12:53,2017-05-29,df4b3907034de61afb0a33cf4cf97610,2017-05-09
b77c7b2203310a5160f61121eaf97415,3318893afb474b7b706d3f99bbe7038d,delivered,2018-07-23 10:53:28,2018-07-23 13:31:03,2018-08-10 11:51:00,2018-08-20 23:46:34,2018-08-13,403d72cc5dd9bfa30defea6449ded536,2018-07-23
84be7c64b278c1dc955e62970dea11c7,df44fe608faeb3d5e1186cd91f02f040,delivered,2017-05-19 16:09:06,2017-05-19 16:22:36,2017-05-26 14:05:41,2017-06-01 17:22:14,2017-06-14,d1e06d1ad381bfd9e03fe4a51f22c1c9,2017-05-19
85753864d88f4986b209b6e2b035fd3b,f3eadc8ea3f4d94285eaa4e05a0a7c6e,shipped,2018-01-05 15:22:44,2018-01-05 16:13:31,2018-01-12 13:56:19,,2018-02-05,b39c32137a1b9528b7c707b53980a1cd,2018-01-05
5ac307bf9cc42cc06491535dfd5b87ab,0353600c1d2362be0bd0aae14133bd1a,delivered,2017-11-11 21:48:45,2017-11-12 21:55:36,2017-11-14 22:19:36,2017-11-21 18:22:32,2017-12-01,8bcf4dc0342b8295df1d7bc9fa4d250d,2017-11-11
0460d320a0a3d5a59cbc08636053751b,693214577dcce707468e89aee554cd90,delivered,2018-07-25 19:55:29,2018-07-25 20:05:15,2018-07-26 12:26:00,2018-07-30 13:18:36,2018-08-09,483686d2c2ea82359b6aa0bb2b20829a,2018-07-25
c3efced6bf6cf822e0fafd1c90b303d3,b2c8b552197447d6505dd622e60a4cd7,delivered,2017-11-14 00:01:10,2017-11-15 00:10:44,2017-11-17 22:54:28,2017-11-27 19:18:16,2017-12-13,129db84dd0051bdfab30583da9440834,2017-11-14
152c2472d13abe1c989b66d0a8c2dac9,b1bd6e32de08eb41082fac5622c75fad,processing,2017-10-15 14:58:12,2017-10-15 15:14:09,,,2017-12-11,10c3c06a641e5d25577f483d4adad569,2017-10-15
38920184572395a482db42cb4c8e1067,214bfa16b119c00cf6883e976038c1a5,delivered,2018-01-04 18:30:19,2018-01-05 02:36:36,2018-01-08 21:57:33,2018-01-12 10:47:13,2018-01-29,b47715fad5cbc17bfb21e9ab646fdfb2,2018-01-04
16c9149a437c7d21f682dd7d693985f0,095e3c71150ecfd3408fcacac37fd762,delivered,2017-08-08 02:24:08,2017-08-08 02:35:12,2017-08-09 18:43:24,2017-08-17 18:53:34,2017-09-05,8e9ebbdc869f34b54dc6ebe05596944b,2017-08-08
fd8ae066cb36d75d6a3679bb30370c39,5a7c460ee5e0b6156ebbe1e50c74cb2d,delivered,2018-08-07 21:54:25,2018-08-07 22:05:20,2018-08-10 12:02:00,2018-08-16 16:18:45,2018-08-22,7652600b49cc383da4ffa500dee66048,2018-08-07
87fd335973d9705b9c82ee68d314a8c5,190b3a7bceb7d7529c7013d8d25202ad,delivered,2018-05-02 13:52:23,2018-05-02 17:54:03,2018-05-03 10:33:00,2018-05-04 16:04:27,2018-05-18,26642f255960d9ec6775f88524238e45,2018-05-02
3a0855d32f10ac8041aaa2e84ba0bbc0,fac9298d311758a73a72867d032ba175,delivered,2018-03-12 10:02:53,2018-03-12 10:16:18,2018-03-15 22:57:32,2018-04-02 15:54:24,2018-03-28,693a6f03eac80789da16ec28b283aadb,2018-03-12
d6e4c66836507e15b054fd436417a9d0,30aa6e2e5bce6448ef6c3a0bfca52806,delivered,2017-10-17 10:04:01,2017-10-17 10:14:44,2017-10-19 20:53:03,2017-11-17 15:58:59,2017-11-10,db3d2c340a500126dec4308cee9135ae,2017-10-17
b8f907da9cac0beecc557cc50b6b02ef,4bc8074eead7a2f7b36765ef9014148a,delivered,2017-03-03 11:02:44,2017-03-03 11:15:14,2017-03-06 07:05:29,2017-03-20 15:47:28,2017-03-31,31e676ac8908725340b0a64325dbc613,2017-03-03
0ff2ccfa60758f3655e2f18156bb80ae,7b6ad38e2915f65673cc3068c660dfd1,delivered,2018-04-14 14:50:11,2018-04-14 15:10:25,2018-04-18 22:38:42,2018-04-25 21:34:41,2018-05-09,6b2035606e450179518fba1d60202b9b,2018-04-14
45df056976e1015aa17da9c75858579b,e9b740eb3de4a7e8a66c891c777b87f8,delivered,2017-12-09 09:44:23,2017-12-09 12:37:18,2017-12-11 23:36:36,2017-12-20 16:35:05,2018-01-12,5017b8c71b3fe0abad1d300666eefd97,2017-12-09
ef31140c3893af9ea1b480e8c33f4fcd,930e15ffc7331e28283aaff828c3a1dd,delivered,2018-01-17 11:09:52,2018-01-17 11:30:53,2018-01-19 01:18:28,2018-01-25 19:11:59,2018-02-19,b2b06506ac36f91b573fddc71c763efa,2018-01-17
5f45459bf082afe966e284649de7df96,7a280344ab17d6b3ca09592444f943b4,delivered,2018-07-21 11:57:20,2018-07-21 12:05:19,2018-07-23 13:09:00,2018-07-27 18:24:33,2018-08-06,2a0244203bcd54794164aec4347930b4,2018-07-21
47e8ba7c05a52927e500dfc927b74031,94d5ee043c24f4eddfb22dc2bf38deb4,delivered,2018-01-30 15:29:52,2018-01-31 13:31:40,2018-02-05 15:22:13,2018-02-06 20:15:15,2018-02-15,eb298aa6b37d4851972cd61b24112a6b,2018-01-30
376ae7556f341edea2995422a5fa74a6,38e8b91748adac314f46a476f648f8c7,delivered,2018-06-27 13:05:06,2018-06-29 02:53:19,2018-06-29 09:03:00,2018-07-02 14:52:52,2018-08-01,75fc49194726b173a8cf133432702281,2018-06-27
23fecfa4bb4a22fea354fcab23bcf1cc,d8f217f3a8862f9b10d4dced8128d572,delivered,2018-02-14 09:58:15,2018-02-14 18:35:40,2018-02-23 03:49:41,2018-03-21 12:24:42,2018-03-13,22f6af8201369f9eb96592db3142b9c2,2018-02-14
478e0f644b5e774c5ba7f6196c77fc61,418d9907028a270989a15259ebe42e8b,delivered,2017-05-18 08:00:43,2017-05-18 08:10:11,2017-06-05 15:25:38,2017-06-19 13:45:38,2017-06-21,fb07b99deeb96b15aa108b2835fd0e60,2017-05-18
4fc086ac405e656d6a0462a18802cc28,df7fdcf45f4eb3ff483dabc694bea9de,delivered,2018-01-16 18:18:18,2018-01-16 18:29:47,2018-01-17 22:42:42,2018-02-01 00:12:18,2018-02-16,8b7ff21fe7358d040f963f38dfc4e7bf,2018-01-16
f907eb5eddb04b68f52bbba38b075e8d,79f25ca3e3ffdecc5ff884d8c2e61dc8,delivered,2017-11-22 07:54:51,2017-11-22 08:07:20,2017-11-23 14:21:29,2017-12-09 15:34:39,2017-12-12,24fc2d6f4c3339820a1a3746a125f8c5,2017-11-22
6d1590646b6c320a92101bed4984f0e2,fa740e3640ed3a4f993e00a1a0b73ebd,delivered,2017-12-21 17:11:28,2017-12-22 17:10:51,2017-12-28 20:38:10,2018-01-03 19:22:49,2018-01-19,98b61acae39030e1ecaf59eed5d93df0,2017-12-21
0cb398989a2bafd3944803b5427a622d,c57651797d7dca0e93258700748d3d7f,delivered,2018-03-25 21:20:12,2018-03-26 21:15:25,2018-03-28 11:28:44,2018-04-05 00:28:50,2018-04-19,04fc637963fe982dd25ac58e4f4770c1,2018-03-25
45292053a3683625e6bdfdb876eee3ef,7becbba5a47b3e5b4c9d09bd956f4d4f,delivered,2018-03-19 00:03:41,2018-03-19 07:50:42,2018-03-21 18:52:34,2018-04-02 21:35:28,2018-04-06,c38100d7aeb315d6a0bf5a8e31520aed,2018-03-19
0a5235f11c613716411d3a631d55fc60,6c6e923ab3cbab96efabb3cf786653bb,delivered,2017-06-15 18:58:28,2017-06-15 19:10:24,2017-06-20 11:17:03,2017-06-22 15:38:12,2017-07-06,00b72937dcd829c0d8ca72ec77cd073c,2017-06-15
05c63e6b53127320a7768d19898ac320,efcccd5eaf8ce8883708e4589cfbe585,shipped,2017-09-26 07:53:38,2017-09-26 08:07:12,2017-09-26 16:43:49,,2017-10-25,f87cc5528524d4b40f9763709fbd0649,2017-09-26
26ed76d9ca565506c2d4c50fd5fc323b,27914729140e0b9e30458f92c83baa05,delivered,2017-10-23 10:24:36,2017-10-23 10:37:03,2017-10-23 19:11:23,2017-10-24 16:48:52,2017-11-03,7c846ea8433e8b3160ddb020015c51b3,2017-10-23
9a2ce34bdd75611944aecbd0dfc9cbbe,9c54a6b24fbd93cd769c37d26573118b,delivered,2018-01-26 20:45:43,2018-01-26 20:58:26,2018-02-14 20:38:38,2018-02-20 22:11:49,2018-03-02,77f3cbf4728bd20845148639eda02039,2018-01-26
3c8aa4e17d7d0b7a6b3c5f8ea6d36038,c8b2f0378ceb06c867200b203223d13e,delivered,2018-06-30 14:41:10,2018-06-30 14:50:11,2018-07-02 12:22:00,2018-07-06 18:30:34,2018-07-24,6f208bc8335390df9ac13fc05dea345c,2018-06-30
680caaeaa537d89cb256b5538bd02773,3fea3d755a5a58b1ee95755f4d68efd4,delivered,2018-08-16 14:03:25,2018-08-16 14:15:17,2018-08-17 12:24:00,2018-08-25 12:13:18,2018-09-06,7feca966e6b074e970b7e29f5843ad3b,2018-08-16
b3c20d53be137128e8ae69ee76a60326,bdc6a9fb78c7bc3357e405a272342bc2,delivered,2017-05-08 22:48:43,2017-05-08 23:02:41,2017-05-09 15:16:27,2017-05-10 09:25:40,2017-05-19,4c7ba37a823a6222050a800bf3465e7b,2017-05-08
71ca3bab201007339dfb592df2d185d4,ac9b518157bd24e321650a1a3f7eaf65,delivered,2017-10-23 19:29:00,2017-10-23 19:45:46,2017-10-26 13:39:50,2017-10-31 21:09:50,2017-11-14,5f5c947ab0e8d5a62830dd4bc0d3d7ad,2017-10-23
138db286991b7cc18370680e5f5154da,fd0fcdbd68483dafd1be738a3879afff,delivered,2017-09-08 00:05:47,2017-09-08 00:25:24,2017-09-11 15:37:59,2017-09-21 17:49:06,2017-10-04,6576977872dd65f5b680e944afe3a724,2017-09-08
367258cb8adb7d125d3c49861d32497f,28b087b4cc65d6fcf8043e95f978de32,delivered,2017-08-06 21:30:58,2017-08-06 21:45:17,2017-08-07 18:33:55,2017-08-23 20:37:25,2017-09-11,ae33c9582ddd875870c176634abc1236,2017-08-06
6f78a74ebcd33afa2bccc0c0a82ff04a,abb3c38326d02b67b1912e2d7a87d735,delivered,2018-02-13 10:20:55,2018-02-15 03:51:08,2018-02-21 10:53:36,2018-03-02 16:18:38,2018-03-13,3e5dd5efb71f831fffee3735c9e41e87,2018-02-13
f099e6fb7d901d838db4dfd5f2bfe249,8a45db04a785a6086103d0bc795f74a6,delivered,2018-01-24 13:03:39,2018-01-25 02:58:08,2018-01-29 21:18:54,2018-02-03 15:53:30,2018-02-16,67a87bee609e568ff5f9b5d230b9d681,2018-01-24
2b1b3e27032562816a63a8472681a344,f6b4c6a33d8851dfbfbb35517fa7d6d7,delivered,2017-03-22 15:56:54,2017-03-22 15:56:54,2017-03-27 10:05:52,2017-04-07 12:59:45,2017-04-24,831e20f0baba3784474fc95c91a6c83a,2017-03-22
513aeb569eda09cb3e7bf6aae2ddcdc4,feedd5ec61cfc3b216599c09345069ce,delivered,2018-07-31 14:39:51,2018-07-31 15:40:13,2018-08-02 11:30:00,2018-08-09 13:38:40,2018-08-20,1322aeab45dddda6c3f9095b167f3afc,2018-07-31
41f5e3f5a534e0af91f17caed45b97db,8da590ff9a8f6c931088fef959e93c7e,delivered,2018-03-24 10:16:39,2018-03-24 11:28:37,2018-03-28 20:50:59,2018-04-03 23:32:44,2018-04-12,a0ad81bdb2ff60eb81d46efc82e901a7,2018-03-24
b0b2c1eac18964a383e18b20e718e806,fe955316fa2ecdc7cf6c136dab7fdf1b,delivered,2017-10-07 11:45:08,2017-10-10 04:14:24,2017-10-20 20:45:34,2017-11-02 14:58:50,2017-11-08,76c9f92d036ee7d24f2a7c709f45e723,2017-10-07
ba8725726da21140bbe12319d7369d39,f841ff6d8a0fc9f81895b8a4c82fc779,delivered,2018-08-07 09:49:28,2018-08-07 10:05:23,2018-08-07 15:08:00,2018-08-14 22:42:25,2018-08-28,4c7eee990da9d782f7374e4cdc1efba4,2018-08-07
78af4d32fa98a1435686699030cbc1bf,14771e5438c96d48727f0abcc82a0f9c,delivered,2017-09-05 14:55:34,2017-09-06 02:55:23,2017-09-06 22:03:13,2017-09-11 19:13:24,2017-09-25,82c173abf4679049bd8628bfe89a9f2c,2017-09-05
9d53d672d0f8a9f2884dbf37bbb4d7fc,d15b4822b0f37b8463bfebc5c82608ef,delivered,2018-02-28 14:07:13,2018-02-28 14:31:05,2018-03-01 21:06:36,2018-03-27 00:05:49,2018-03-27,bd3d8576417686aaa8c3973f7b5a0ba3,2018-02-28
c82fe0a88b7cc1ab65215b3ddd3d6000,7879a620ff6156a091fe7a57f92720cd,delivered,2018-05-22 08:05:14,2018-05-22 19:17:25,2018-05-24 13:55:00,2018-06-04 17:58:47,2018-06-07,04530097e2b38fa538dd38926cf34f77,2018-05-22
fbfad390c633c114671b200fa2979b7b,de5287cb904d178cb3f21c27c0d96b84,delivered,2018-06-02 21:23:09,2018-06-02 21:35:12,2018-06-04 13:15:00,2018-06-18 19:08:28,2018-07-12,64bcd4fbbbfe682e749d484371c4ed1d,2018-06-02
00daac8efd71674d62356c2a306d1e4c,2b99e152f2351410951c503a2f6a2d7e,unavailable,2017-11-21 19:20:25,2017-11-21 19:29:26,,,2017-12-12,a8797524cfb4b5c6f1f780cd11d51739,2017-11-21
698718954b64ad9f11e9ef210e72d100,cbc38fd363bb1b56f5afd2e56123c3a3,delivered,2018-08-19 13:02:11,2018-08-20 11:49:46,2018-08-21 15:08:00,2018-08-22 22:02:43,2018-08-31,32e529de5b551bf04e4d6261c3d2d3e4,2018-08-19
36a808b6fa3c174f916654743fa82b1f,9ece2977687cc1d1a6a9e470881db6cc,delivered,2018-04-30 09:51:50,2018-04-30 10:15:48,2018-05-02 13:38:00,2018-05-03 17:18:41,2018-05-14,dcb958e4e8eb43df998b9607eecfcbf3,2018-04-30
c80905206d43c8d2105bc9c7fee90ae5,c8a973f6bdd3f34ad7e9bcc84e9b6fae,delivered,2017-03-22 20:23:47,2017-03-22 20:23:47,2017-03-27 12:14:10,2017-04-03 16:37:41,2017-04-24,0399fc306dd05be4530b4df550736685,2017-03-22
95417f5a4c30e5e8d627362f281bdb1e,5b1b1346e003cb0b49f547bedcc21f5f,delivered,2018-05-18 12:41:13,2018-05-18 12:57:47,2018-05-21 14:42:00,2018-05-28 12:38:02,2018-06-12,f6b879ec05dbe0cea864f6bc8dcfe2e8,2018-05-18
d360a6c1f7b7eb35282e2c574c5cbf8c,0da103714d9838fca662d39c8335322a,delivered,2017-07-25 16:49:28,2017-07-25 17:03:23,2017-07-26 19:56:38,2017-08-05 14:47:32,2017-08-16,2e951556bdd74f6a0db185f39ef04490,2017-07-25
b330d4bdde86ff11a726ee57dd2a7d75,dfac72372f9e21b7edd69eddd81c7b63,delivered,2016-10-05 22:24:40,2016-10-06 16:06:05,2016-10-14 18:31:23,2016-10-17 19:31:23,2016-11-25,517a3d8518447c776efd430b66470e27,2016-10-05
241a5c06b9d7d5cdc9df0d2157f5be9e,9603268837cee8403f0ab1cd6cb39c7d,delivered,2018-01-10 10:24:07,2018-01-10 10:35:32,2018-01-11 18:49:24,2018-01-15 16:18:53,2018-01-24,9ced3f7f4dad78dcb7868c943f1538c3,2018-01-10
4047217c6029782c1996e3cec14ef005,7c912bf7e7b05be2cc0a11c603a6332d,delivered,2017-01-26 23:41:13,2017-01-26 23:50:17,2017-01-27 10:15:52,2017-02-06 10:15:33,2017-02-22,0d8813732f25d4185df8c792dafe28c8,2017-01-26
5b82c22a00fe66ed0c0802552bc2d8dd,cd1ebef5484bc13677e36bc77edc42bc,delivered,2018-05-15 20:14:33,2018-05-15 20:33:12,2018-05-16 13:27:00,2018-05-21 23:12:35,2018-06-08,cd8138084bff9d6ab52330785ce6b5d2,2018-05-15
3206db48a35131540e67f96b35a30ceb,b29bbda363ff12ef560a07d075e3a82c,delivered,2017-07-13 14:52:54,2017-07-13 15:05:17,2017-07-14 16:44:45,2017-07-24 20:13:35,2017-08-08,a60b5e0f1a3c8ab2375a4df611f5e928,2017-07-13
96ec69be415af025f08688f1fa8b2d02,4f59a5ae9f9bd9028e34ff7059119ddf,delivered,2017-11-21 21:20:20,2017-11-21 21:28:25,2017-11-22 23:54:54,2017-12-05 20:09:57,2017-12-11,07a74ede472d8ec78c26b7a0e21848ee,2017-11-21
1c8eb5af70baf6e4b24cb34d8a8df501,2086f96c2dbc3656d9843850da7e8ca9,delivered,2017-07-01 09:30:08,2017-07-01 09:43:42,2017-07-04 19:02:19,2017-07-13 19:15:26,2017-07-25,fe9e7e3770e87bb00445911e06d77d20,2017-07-01
7e1513d1c3dcd78268465d40ac95561b,b39743b29a319d8dfc815e877302a616,delivered,2017-10-29 00:03:55,2017-10-29 00:25:48,2017-10-30 19:17:56,2017-11-07 20:21:27,2017-11-22,ae5a6df23152f7cb314d0d693ef4de97,2017-10-29
e9218bd99902f989cd719d7fd0c97e8f,c20623c847b639afa4afab62d1f0f3f9,delivered,2018-07-02 22:03:35,2018-07-02 22:30:29,2018-07-03 15:16:00,2018-07-04 15:09:03,2018-07-16,0e9e5727d2dcc830042102e53601b1b2,2018-07-02
032e68585bbc07ebb038769737b9410f,5a31a9de95459eb5b6930f540a1b368c,delivered,2017-06-09 17:27:45,2017-06-09 17:42:43,2017-06-12 13:52:14,2017-06-26 17:36:36,2017-07-10,194ec39b076fb2178ae682457b073c36,2017-06-09
5b6e82f76cdae6678ce541e6f72c9b01,a293defffa2a7b3ebf36a12720450eff,delivered,2017-06-25 20:55:51,2017-06-25 21:06:57,2017-06-27 13:37:55,2017-06-28 12:19:54,2017-07-07,1f80e2d0cc571920e312b26856aa7175,2017-06-25
cdc3df0761ce26f0f930079673444a04,1e7ef303479b8085a9e8d59dafa5a8e0,delivered,2017-09-27 12:01:09,2017-09-27 12:14:17,2017-09-28 13:53:40,2017-10-02 17:19:24,2017-10-27,a7490351da739ea23ff7c4214cc29968,2017-09-27
2914261304b677c941947ce10f6424ec,6660fb67b7a37e9e3542b5ad38a5f2ad,delivered,2017-08-02 11:03:11,2017-08-03 03:05:54,2017-08-04 14:19:37,2017-08-15 21:05:24,2017-08-24,5dfec95ebaf4dace7a2dc91a397b5535,2017-08-02
5fdab414c63ae3857866968ef3104328,2d0c80dd7a25610af4d8171318c4c1ce,delivered,2018-06-23 22:12:28,2018-06-23 22:35:00,2018-06-25 13:39:00,2018-07-09 20:20:43,2018-07-23,9728b6943cd66d2000665d9454c8fa33,2018-06-23
a22775141b5e773fb0dec808e36bf9f4,9596cd16cfef60f8c7ec8c8d78d008f4,delivered,2018-08-03 09:47:50,2018-08-04 04:15:37,2018-08-09 12:12:00,2018-08-22 23:41:44,2018-08-30,1aaf8586442c8d4d86aa61069f858c20,2018-08-03
c811a0a169f6226a82aa3cc2c6229897,e30ee9cb305181ee6c6e995c68f37583,delivered,2017-03-16 16:55:28,2017-03-16 16:55:28,2017-03-20 08:35:54,2017-03-21 11:27:51,2017-04-18,6c6c296e1853f83bd38e8b55eddeb2b8,2017-03-16
927a6b1ef2d0f3d510b0aa14885919ff,6d1d259349c3354c9a4afefefc776b4c,delivered,2017-09-20 23:02:46,2017-09-20 23:15:13,2017-09-21 19:14:21,2017-09-25 09:42:44,2017-10-05,a518c60e2e7f3a2820b4ef5cf5107189,2017-09-20
9b284ead0b827957b9e9ee5f48128bd5,615fbe297f3f877ee5bf7b9ff3254fdf,delivered,2018-07-11 19:32:26,2018-07-11 19:46:01,2018-07-13 14:48:00,2018-07-21 00:02:56,2018-08-02,6bf558c1aae5004b6a410c3294c5e119,2018-07-11
3c6956bf8f0e149d42761d50bf2ccb84,20880149166c1e70a7e235e486e3ff00,delivered,2018-06-24 10:34:31,2018-06-26 05:37:15,2018-06-26 15:10:00,2018-06-28 16:48:51,2018-07-05,e7bf50359bfd0baf0cb6a928068a7cc1,2018-06-24
6d6175b9c1b238c3d6b510b070f96ed1,fa99f5ddc38935d3f0fc67c775b9db1a,delivered,2017-12-21 12:12:42,2017-12-21 12:32:27,2017-12-22 10:51:42,2018-01-13 12:28:11,2018-01-29,254cc55d487e49155d9a904883f7dfd0,2017-12-21
3b0d3aa4a3663e2dfe9db5717d70d5a9,d473db85c392fee4f94c300cf4ddc792,delivered,2018-01-14 20:08:00,2018-01-14 20:15:30,2018-01-20 11:23:15,2018-01-24 20:26:39,2018-01-30,61c58e2a27aacce685979dfc1f8ac424,2018-01-14
aa6fe4963f1ceff46626f56e08564bdb,7611c3b8e884af2035406accca147b09,delivered,2018-03-19 15:24:25,2018-03-19 15:49:57,2018-03-21 15:51:55,2018-04-03 21:34:50,2018-04-20,ed3042144eaac40bd646363a89f43477,2018-03-19
466b52b6a096e514ee88ebaf70d5d2f3,897b859229e7230cb639b3241220c04b,delivered,2017-08-16 17:34:37,2017-08-17 03:05:44,2017-08-22 21:25:36,2017-09-22 18:12:38,2017-09-19,c11b49cd5e286f19445c7211b6039abe,2017-08-16
e2b6ff8b7152f1c7bf320b17088bf731,81e90e05ec48bb929c239b13a0b96394,delivered,2018-08-09 10:06:46,2018-08-09 10:25:06,2018-08-09 13:12:00,2018-08-14 19:16:52,2018-08-22,ada9fac7011d794f54542d6137544058,2018-08-09
166ab94329c9512235fd5b3143685927,d1696a395840f367158d21c47d90d20b,delivered,2018-04-16 13:45:27,2018-04-16 14:33:16,2018-04-19 20:03:58,2018-04-27 20:03:07,2018-05-11,44e1bea5ba50cee8a34cbb23c2d44bb8,2018-04-16
8a2a5c9ec8db9fd57f3af20fb4fa32af,b2e849e5734ddf100d55ad8852646170,delivered,2018-04-17 15:52:46,2018-04-17 16:30:27,2018-04-19 18:48:33,2018-04-25 01:37:33,2018-05-10,e93b97f0c78dcf82ce8c3232b8726375,2018-04-17
1ccf7e1581518166ddaa4fe829c3ca11,0e31b4f03534cff1a85edca3eec8841b,delivered,2018-01-31 16:06:34,2018-02-01 02:56:47,2018-02-05 20:03:41,2018-02-17 01:04:13,2018-02-22,1f33932920384e451c1f95e931ed6ea2,2018-01-31
a1e10f6f3eb90b7fde54e6486a24b044,18fdca36cbf14a6972c06d9b3c58452d,delivered,2017-06-12 21:55:52,2017-06-14 02:35:20,2017-06-19 15:59:36,2017-06-21 16:53:57,2017-06-26,65c0cdd393763bd382c149152594a24f,2017-06-12
81dbb577a47365babeaa44fe4f9a5666,1b4ad35cb1feaa66c6c7e1cca7efc4c5,delivered,2017-11-29 17:44:25,2017-11-29 19:16:51,2017-12-01 21:54:31,2017-12-08 16:06:59,2017-12-27,0079b7407a428543a7f178cc09164035,2017-11-29
6de01bde7c77294473059b82b205b7ae,865c0d2c9e29497de146c1744ae25068,delivered,2018-01-22 13:04:52,2018-01-23 03:52:54,2018-01-23 15:57:09,2018-02-02 17:28:49,2018-02-21,1dc08195df616c37711014c8a280835d,2018-01-22
05a0f6d062da2d6c66fa846737770d35,d61fdb0c42d843ba72a06f8b597bcf6c,shipped,2018-01-22 19:12:05,2018-01-22 19:19:28,2018-01-23 16:59:02,,2018-02-19,84ab84c176061542731d809158c20bbf,2018-01-22
934583479bac4ab37120cace4120596a,c61712069fee480dc1e288d0b9019dbb,delivered,2018-06-07 14:56:01,2018-06-07 15:19:24,2018-06-11 18:38:00,2018-06-19 12:40:59,2018-07-13,44394af0fdf8805feb5a03e86274efd5,2018-06-07
78803193be3bdf95bc16a5d9271aedb8,c7425219e008cdbfc8cd8c88379580e7,delivered,2018-01-04 16:52:43,2018-01-04 17:09:26,2018-01-05 15:04:14,2018-01-09 02:18:48,2018-02-01,295fc568d9911ee55c2eef79be1af99c,2018-01-04
00b4a910f64f24dbcac04fe54088a443,d70e5eac00a9d35a3cb193442c0287cd,delivered,2017-01-18 17:55:34,2017-01-18 18:05:17,2017-01-19 14:44:25,2017-01-26 13:21:57,2017-02-28,4831f388aaf5dfed43c1bd4455f37eac,2017-01-18
628e083cb05929c84163ae8b63c4c018,1b5ad11367e387a0da032a2d27b62cd5,delivered,2017-12-10 20:03:36,2017-12-10 20:14:31,2017-12-14 17:30:04,2017-12-28 19:40:10,2018-01-11,e06f1a5cb691053f132de2a8e807f7c0,2017-12-10
ab3a669dbdc7a8d447bb6fc7a158cf94,98e766a9ea72fd17df6d0a773c5bdb52,delivered,2018-07-20 16:32:54,2018-07-21 03:15:29,2018-07-23 10:43:00,2018-07-26 23:08:40,2018-08-14,c2e971c4b49f34cd0dd4c155c1d541a5,2018-07-20
4af58f695f1f0ed484c93be8b6e8b845,7bb9a8dd609778f4f40ced2ce708e67c,delivered,2018-02-02 21:42:32,2018-02-03 02:54:06,2018-02-05 19:16:57,2018-02-10 16:58:38,2018-02-20,924b585f6c30a1b3107ce437e1de47af,2018-02-02
21f8398df3e0b6c3c2ba3efbebf46b3f,bce53bf51af5de1bbe4963b6828fb2c0,delivered,2018-01-24 14:26:35,2018-01-24 15:07:37,2018-01-26 00:12:55,2018-02-03 19:09:02,2018-02-14,bf088f76969a44c82e7fe6d6efae4665,2018-01-24
6299a3c11640c557bd4b4bd34226b407,e90dfa11acd0c4d2c06797cc178c27e1,delivered,2017-04-03 15:07:33,2017-04-03 15:22:39,2017-04-05 15:18:49,2017-04-17 12:11:02,2017-04-28,db6a3415113111c49e13e8ca75037728,2017-04-03
78eccf94d43a3769c3eff6e740758c1d,219e2ae459da58e8179154ddbf543130,delivered,2017-09-19 21:35:53,2017-09-20 21:30:45,2017-09-21 20:42:31,2017-10-09 21:32:54,2017-10-10,c7281b8ec735a2dc0cc301e8a831bdb6,2017-09-19
ccdccfd1b0d1abbc475ff9940a46aa70,947d3f2b286ee739782ebc5d08c376ad,delivered,2017-05-30 02:58:00,2017-05-31 14:25:16,2017-06-02 12:58:52,2017-06-07 12:43:00,2017-06-22,dd1b2bd49c5034eaccbaf8666e5459b9,2017-05-30
bb64f1e18d5d902401536be66f719e3e,60e9587295a33c24d123983494bc8718,delivered,2018-03-25 20:32:13,2018-03-25 20:48:22,2018-03-27 19:28:51,2018-04-07 00:34:29,2018-04-16,c96e04d30d9707030553d545b2a6837e,2018-03-25
4962467df8bbf58b2f212f805a473446,6417d1fd8cb80c2e0bf434e9a283bb1e,delivered,2017-07-16 17:07:18,2017-07-18 06:15:24,2017-07-27 17:59:44,2017-07-28 19:33:57,2017-08-03,a9627c80243a2e970d08e277f1d27e3d,2017-07-16
4abace28e7ad35184649078401530a5c,db98acbd759fed659a06d03ecd36cd26,delivered,2017-09-04 17:11:04,2017-09-04 17:24:02,2017-09-11 21:14:28,2017-09-18 19:07:42,2017-09-21,76c4953e8540270ef3b4ad81340f7e3f,2017-09-04
fcc5914e9f71ef930cd32cb26b3563c4,1d8512a5d47ea41e5940a0a60be7e644,delivered,2017-12-15 18:01:49,2017-12-15 18:14:27,2017-12-20 13:14:53,2017-12-26 18:17:53,2018-01-10,877d668b9e0fb1952d2dfda6f377303c,2017-12-15
95c8563ff69b82a5e9345b9f0464f788,1b578c59aaa40fc41246abb68142e3f2,delivered,2018-08-15 12:21:16,2018-08-15 12:30:19,2018-08-16 12:58:00,2018-08-21 22:56:54,2018-08-24,a51912fb6f1f6810414ffce4d56c30cd,2018-08-15
3c140d933d3475ec823f9b748ca5c49f,d64c957183fc8d75e536e89468feccda,delivered,2017-12-12 11:30:04,2017-12-12 12:32:08,2017-12-19 01:39:08,2018-01-09 17:43:09,2018-01-10,4a22982d15a6758ba7a93495769dd490,2017-12-12
50a3da0c0ed16ef14182ca96382849cc,8998916ec8835c7e91dda0f4a10c9a67,delivered,2018-03-28 21:37:46,2018-03-28 21:50:08,2018-03-29 22:54:37,2018-04-07 01:11:28,2018-04-16,917449084a17a1c5497d6eaa812e0162,2018-03-28
7a5ffe966dbc98f0f43ceeb96e1d73c8,b36bd531d251104d5fcc8526263693e1,delivered,2018-04-15 20:36:20,2018-04-15 20:52:14,2018-04-16 23:05:28,2018-04-20 15:51:53,2018-05-10,b1717e0d57454ea7b24b1da9e7c2e4f5,2018-04-15
6bcce39be127575854779e39a50f2059,d8b65951c84554c80270720c9b5f1178,delivered,2018-04-28 02:23:24,2018-05-01 05:32:22,2018-05-04 11:35:00,2018-05-08 00:18:58,2018-05-17,c6c805ba1449708b259b6da9375318ec,2018-04-28
88fdf07e2e8bcf581835191551224be7,28da029822232f74f6920cc4681ff5a8,delivered,2017-07-07 17:28:39,2017-07-08 06:45:15,2017-07-10 21:10:28,2017-07-14 18:41:31,2017-07-27,5c0c96462b9ef326e9b8570fa92c0a3d,2017-07-07
3ca7b3fb51ca030ccab5b14f9b68cbf7,5bea6d07f718b9f709d04810c560ffb6,delivered,2018-02-05 10:44:12,2018-02-06 04:33:10,2018-02-07 20:07:07,2018-02-08 18:24:59,2018-02-21,502957d47617693ec553c3b645f1dcab,2018-02-05
e7d25bc1cfa2be66b76db0da8dd7a515,d15f8db721a80c84018ae6ebf89ace97,delivered,2017-06-15 23:10:45,2017-06-15 23:25:11,2017-06-16 18:47:32,2017-06-26 14:55:43,2017-07-10,a6cadd8fe1e041091b77c90113f8ae39,2017-06-15
eaa327106ae5437fcdfca397f45beca9,cb93948c1a93db0f9f2ccb86b85efa6e,delivered,2017-12-29 14:22:35,2017-12-29 14:28:22,2018-01-02 19:48:53,2018-01-04 22:47:53,2018-01-18,dceb7911ff2c7e2a5ab987c87172ab40,2017-12-29
81935e523702224d87bc6b915f51649e,35aa57b591f1dd750d03ad11047bf18a,delivered,2018-07-18 20:54:03,2018-07-18 21:05:16,2018-07-19 12:15:00,2018-08-21 20:22:58,2018-08-16,4bf5e216e3bcd7c0edd5463ec30bd552,2018-07-18
bba3ea9fc64e1b3a64a4c0a5dd38b005,ee0c2cfd11830d31ea22fcadfe061af5,delivered,2017-12-04 09:57:18,2017-12-06 12:52:23,2017-12-07 21:34:56,2017-12-11 20:19:11,2017-12-27,8f6e909d54c48380666fa71e01a13d3f,2017-12-04
becd371fde115e16f5a63f7f9db1a5a9,9ca3f13a2b2467b0b0651b18fee3c32f,processing,2017-11-25 01:15:04,2017-11-25 03:51:59,,,2017-12-21,bdfd2b4e49e1bda73744e43a96795eec,2017-11-25
f8a7ddc8ce9090a2647d48daecae3a24,341661549b66eb2b11c398b0fd0e0e85,delivered,2017-06-02 18:54:54,2017-06-03 13:05:17,2017-06-09 15:27:30,2017-06-19 18:18:48,2017-07-03,8a9f0cb78da35bb893404df1e39ef0e3,2017-06-02
c5f9f79b60cb1ddfec0fc9556781952e,93a299e3ecaf475ec2425edc903203df,delivered,2018-07-26 22:32:40,2018-07-28 03:35:11,2018-07-30 14:01:00,2018-08-07 17:58:35,2018-08-10,c63865aca3d7bec634208927975a5301,2018-07-26
acade99edef372cfc2cf2f1fe6cd4d21,c2f6ae872b23d58128200cee5c1fa7a4,delivered,2017-10-18 10:43:31,2017-10-18 11:06:39,2017-10-19 15:44:59,2017-11-06 21:09:17,2017-11-13,068697882367a90fe63292a2af7b3b63,2017-10-18
eccf3572dd199488a18da264de60e1b0,a80a06dc6c8e09869e3d62105a0a53fd,delivered,2017-05-16 15:42:43,2017-05-16 15:55:22,2017-05-17 12:50:25,2017-05-22 10:07:43,2017-06-05,483e50f687193b68c66d5266e9dfff7d,2017-05-16
22cf975c95f8d3ad3a2263e94f79182b,3124ab539419a5537fc6db7a980b9c3d,delivered,2017-09-20 23:28:43,2017-09-22 04:05:21,2017-09-22 12:33:26,2017-09-28 18:37:42,2017-10-11,79abd55efd139ad036a57558aea211e4,2017-09-20
42c2ef9ab0adaa37947689775c22ecfe,1cd059a719d09c26a44b8efbadd9564f,delivered,2018-04-14 18:23:02,2018-04-14 18:35:21,2018-04-16 23:52:19,2018-04-23 21:28:46,2018-05-04,6f1828ec7878d4ecbaead282957d6c67,2018-04-14
f6bce229e7e3fce75cf00f2028efbcac,ca39118cc8dc7a02eaea5bd20ab6fda8,delivered,2018-01-17 20:41:09,2018-01-18 20:33:37,2018-01-22 21:59:20,2018-02-03 16:26:53,2018-02-14,31269dc7d85b5cd7392a4a28455d9047,2018-01-17
5f48e612805a732c3ebd58c26f2c06ad,bb7c3eb1ec66e803fe95c724da22a0b2,delivered,2018-04-22 21:06:28,2018-04-24 19:06:51,2018-04-27 06:09:00,2018-05-25 19:27:25,2018-05-15,80bf3d806721132ce36aca430efbeff0,2018-04-22
38d1820172173a03d8163d806d3fd926,62e03ecf5dae004db358778553258677,delivered,2018-02-16 15:36:23,2018-02-16 15:47:24,2018-02-19 16:24:51,2018-02-20 16:59:40,2018-03-05,dd663933c8b8fc4d05f190b1a41c283c,2018-02-16
d687544abdea4089903461a48fbef8ff,7b7f18edfa5424e0e56fc9e0573d6b74,delivered,2018-05-16 15:06:26,2018-05-16 15:34:19,2018-05-17 14:16:00,2018-05-22 15:11:26,2018-06-05,3600f403d28c45545ab3cc9aee5e45fa,2018-05-16
3505c513a3095f2c4f59e29ec7d77b68,09e1847a8809a9ffb12000a7b7853eca,delivered,2017-08-30 11:34:58,2017-08-31 11:44:46,2017-09-01 13:42:15,2017-09-21 17:33:15,2017-09-19,1c05d0960d1f777d8fb51e1d9293c3fb,2017-08-30
2536adb313f6bc4854a1cc21a2ecde8f,00459c4eb23e40414ca067d06fa303d4,delivered,2018-05-07 15:18:18,2018-05-07 17:17:11,2018-05-16 13:44:00,2018-06-07 12:37:54,2018-06-06,96d0aa18ee946b81f6b78e07830194a2,2018-05-07
14699aa32ce85735f3b0ce2ffe417d17,8db7ba9491a09cd557d774a1f4aacc9d,delivered,2018-01-19 20:17:58,2018-01-22 14:19:21,2018-01-23 20:54:43,2018-01-30 22:18:26,2018-02-05,bcc058e7668566225dda3a5c4c9ed514,2018-01-19
683f04dde2c04fd7b5a1a520a4abe379,d81753bcd5b30d81d6c07b603142ca6f,delivered,2018-03-26 15:49:49,2018-03-27 08:07:33,2018-03-28 23:05:36,2018-03-29 15:29:48,2018-04-06,91b00d0fcab369c185e18897222a22bb,2018-03-26
674957a5e7051291e2b937c5867a06b4,2e9d4643a1ebc489399808480f59370e,delivered,2017-07-16 09:00:30,2017-07-16 09:10:14,2017-07-17 20:41:30,2017-08-02 16:42:10,2017-08-08,a47c4c6ad8533383ca16ba1ecab6563d,2017-07-16
962f38a7552486ed03fe72fb4ddcfaee,b9c44a9648797a0f874382d85596da91,delivered,2017-09-21 16:34:52,2017-09-22 05:36:14,2017-09-26 20:31:47,2017-09-28 20:06:48,2017-10-13,32ac2a355ade922e2fca78d840b5e2a4,2017-09-21
df3330ae0fa0cb3d71397806c44980d2,c5cdbbfb12f3ef65f0580b2899571775,delivered,2018-01-31 17:50:17,2018-01-31 18:08:11,2018-02-05 19:24:31,2018-02-08 21:23:19,2018-02-16,8ec1dbe8a5e435ff67eed21bbf78b170,2018-01-31
363524b17966c3a64696d5a68c5f4d34,49253ab6642f4857f50f36d4d9005289,delivered,2018-05-10 22:19:03,2018-05-10 22:35:14,2018-05-11 14:08:00,2018-05-17 21:54:38,2018-06-06,00ae50eb5e1d2514f694dee1dcbbd5ae,2018-05-10
59c5c4cc621ff113b29a769d968a163d,05e1dc39bf70b42e5110b787c846f88d,delivered,2017-11-24 16:57:43,2017-11-28 03:33:20,2017-11-28 22:54:30,2017-12-04 21:59:16,2017-12-18,8858ebdc3765f9aeb72a495bb3b2328f,2017-11-24
42c43329be23eae70ca32f087617feef,104e94af58cbbe9c3b40b0cd410160bc,delivered,2017-11-09 13:43:31,2017-11-09 13:55:30,2017-11-09 21:41:33,2017-11-17 02:03:14,2017-11-29,2dce5489a40a90047c65406410f12dab,2017-11-09
3c48d0b1606cb9fd83fc2f50ecdcdbab,6ac47e54cdb3856e0162294aaf1ea58a,delivered,2018-06-11 15:54:22,2018-06-11 16:21:00,2018-06-12 10:12:00,2018-06-20 19:33:50,2018-06-29,2770b17e8e78edd09f744d8199243557,2018-06-11
b919d851cfb225ed3aaad31f248ed88f,7d7e1b92612e4b349ca697d307c6d74f,delivered,2018-08-08 22:36:16,2018-08-08 22:45:15,2018-08-09 13:19:00,2018-08-14 18:56:54,2018-08-17,a06d5f043aa58ad7285eccfeb17a293f,2018-08-08
1edf3cfb4e85e8094a0a1f4cef3f6215,34013e6172fdd3af23275163a583bd8f,delivered,2017-11-25 11:17:19,2017-11-25 11:34:29,2017-11-27 19:07:11,2018-01-02 12:09:51,2017-12-18,deed7b5b71b27dff5c9fb7263a3c2857,2017-11-25
5ddedb27d1d30cb41cda46d654ff3d96,853fe739af32030fb7727018ca65bdfd,delivered,2018-07-29 13:10:58,2018-07-30 13:05:14,2018-07-31 15:50:00,2018-08-04 00:48:45,2018-08-17,1600975a9c11d5940c7f558c7223fc33,2018-07-29
a51cf85ecb6bb335d21abd348a85acd3,a9b62919f561d58d7c33f82dd7bea88a,delivered,2017-04-28 14:19:11,2017-04-28 14:35:14,2017-05-02 08:48:40,2017-05-10 08:24:50,2017-05-24,264bf07eaebba3093af588cec7b01072,2017-04-28
86509c09dbafbcba748558e5f36d1e7c,9fa7ba9796af82aa03eb8a0c67776bff,delivered,2018-04-22 15:34:12,2018-04-24 18:34:54,2018-04-24 00:12:13,2018-05-02 17:22:15,2018-05-28,76a64080f30c054c5355e766a926ecb6,2018-04-22
72b2fcda503003e4694141745d12c2ee,c49662a07b7f737506f6fa7c914ce44e,delivered,2018-08-18 17:09:44,2018-08-21 04:30:19,2018-08-21 14:44:00,2018-08-27 16:45:39,2018-09-06,a7d306c8bdd41372856f5368c150bc48,2018-08-18
d967568814749cfaacca8b63248a2232,9739875c8c4bfb511d3c2d2e9887eb89,delivered,2018-04-11 12:09:07,2018-04-11 12:29:23,2018-04-13 22:32:00,2018-04-20 20:32:55,2018-05-04,c9ce356481a1a5121b8a88305c166732,2018-04-11
0345ba423eed2b009e0e407b19c422e4,9418fa1d37504cf6f7dafc0420acf406,delivered,2017-05-15 12:55:13,2017-05-15 13:10:13,2017-05-16 12:29:04,2017-05-22 10:29:39,2017-06-13,494e875bef93610d10c951763389f74e,2017-05-15
dd6871ac691db075bd6f8e6c70576648,a222c8efebfbf41bdafb7e821d9467fa,delivered,2017-11-13 19:00:04,2017-11-13 19:15:46,2017-11-17 14:46:56,2017-12-12 14:47:04,2017-12-14,a08534083323be652600b0f166abead4,2017-11-13
b92773553b06cfc1042db69dc1a5b70b,c470810bfc23c2293a7d75a7200cf99f,delivered,2017-07-09 10:18:26,2017-07-09 10:30:06,2017-07-12 19:48:48,2017-07-25 18:27:52,2017-08-01,bc112b2d320a73189173fd2d4e6be36c,2017-07-09
7e3fefb35b0b1d765a343618ca5d454c,f0c0ed957add2cc4abeb60ade9ad6d19,delivered,2017-06-14 18:52:29,2017-06-16 06:55:09,2017-06-22 08:11:38,2017-06-24 09:13:37,2017-07-07,e079b18794454de9d2be5c12b4392294,2017-06-14
43c49f2283bd15bffcc46ab6c049c312,65d47fc72b8e5311c67b18fd3d665df9,delivered,2017-02-24 21:32:05,2017-02-24 21:42:19,2017-03-01 12:55:45,2017-03-03 05:33:05,2017-03-23,aa38957b998721fa07a810074030fb34,2017-02-24
b788267177aac63aeb5b805af8edd8df,01c79a7d3c3d25b655514206df838701,delivered,2018-01-31 11:48:43,2018-01-31 14:21:20,2018-02-06 22:57:38,2018-02-20 18:44:57,2018-03-01,c87a62e76b9ddba752d818984e8ed12f,2018-01-31
aa86c4bcf478e2b2ed682466b6ee33c9,728adceb3068b4b17a6f8a3bc9adf966,delivered,2018-06-27 17:54:54,2018-06-27 18:12:45,2018-06-28 12:00:00,2018-07-05 14:03:35,2018-08-09,13bc34cccc360483090d846208423d08,2018-06-27
1c2d01bbcf7e33d42dba32128b5d9869,016fb9a9ab3b0b9f1d9e7438236b3fba,delivered,2018-05-23 20:34:35,2018-05-23 20:57:21,2018-05-24 11:59:00,2018-06-05 15:33:13,2018-06-14,a7740806da4b66c8c4f1c8521c29399d,2018-05-23
be3075dc2d8e37b6ab298688f2534f9a,a07364aa3e87081fae32f62a85067e52,delivered,2017-06-07 16:25:46,2017-06-08 22:31:27,2017-06-16 11:20:12,2017-06-23 13:13:08,2017-07-18,500a1e8de5a997e3e523af2947aee208,2017-06-07
244e91c4c416908e17829094e3eb7aa6,fde06130cde1fec674a5470155f9dcaa,delivered,2017-03-28 09:24:55,2017-03-29 02:10:54,2017-03-30 07:48:32,2017-04-05 13:22:56,2017-04-19,93703e703e163c46a2382d695551a962,2017-03-28
17510720f670481600a76f4d188d7b5b,a50b97c5344a35fdbc10c442e88e720d,delivered,2018-01-14 19:40:59,2018-01-14 19:48:59,2018-01-15 21:04:07,2018-01-23 21:57:09,2018-02-14,b2e1f3bedd8c990367059a23bc85d87e,2018-01-14
77ae79f517b55536c4be2d6953ef30af,a98102f934d6566ffecc597e6f762e90,delivered,2018-04-30 18:56:04,2018-05-03 04:32:51,2018-05-07 08:37:00,2018-05-10 13:17:14,2018-05-24,e781248e2958c16c4d1916598ca6c11c,2018-04-30
f8348a1010449c16817a418fbb9e3620,8110c15004d4a39eea1ca78bf5e6cfe6,delivered,2018-06-19 14:04:57,2018-06-19 14:17:46,2018-06-19 15:07:00,2018-06-21 20:33:16,2018-07-04,b77fe00c1fa6c6d5b1f576802d1162cc,2018-06-19
ef208a54d9b685d3a803b28bcfd72f3a,791e96b5c5bd657bd35c741628d4ec4a,delivered,2017-04-30 17:45:21,2017-05-03 11:42:42,2017-05-04 12:02:13,2017-05-09 09:09:17,2017-05-31,e0756023a0618e69bb930da8ab76e661,2017-04-30
e646693de81fdeb786896ccf5518d750,8e86f0490152454ec19c8b726fed3a93,delivered,2017-08-23 13:11:04,2017-08-24 02:56:03,2017-08-25 20:07:54,2017-08-28 20:23:57,2017-09-13,7788a77b1cff036288e906beec15839e,2017-08-23
ef3845484f82e3b6eed4a579e3c1063d,67352448ce9cea9139d829803b4b824d,delivered,2018-06-21 12:44:54,2018-06-22 02:58:22,2018-06-22 15:15:00,2018-07-03 15:35:09,2018-07-18,d56dfbcb10a4b7190345c1a2bc134fcb,2018-06-21
8e401549ad1337dd0ac5ca3eab054c5c,35c38c5f1c0b6df10f9f690a71361121,delivered,2018-02-25 13:06:38,2018-02-26 22:35:33,2018-02-27 21:37:01,2018-03-15 21:46:46,2018-04-05,36bce88e7f6308dbe529ac170a8d9e39,2018-02-25
66409e4f380c789c566f4e64a48394af,ac16230fda23be062901fc1e9fe7979d,delivered,2018-03-19 09:58:49,2018-03-19 10:14:43,2018-03-19 19:07:39,2018-03-24 01:08:53,2018-03-29,a406c4406af0e3f271527024f84c1312,2018-03-19
d3e80887b0f3cb72b3b9966a6071c8db,ff3cc011a4b83b12d3907af66e56f70d,delivered,2018-05-01 09:11:14,2018-05-01 09:33:18,2018-05-02 14:02:00,2018-05-18 14:38:47,2018-06-04,84bf09c728eebc3873c6b761c808ce80,2018-05-01
690a163db7b76c6d6a2b166293f0c87f,84557c10cc045489235069bee10f6f6e,delivered,2017-05-13 16:17:53,2017-05-15 15:43:11,2017-05-18 07:39:50,2017-05-25 08:15:03,2017-06-12,ebf61f998fad68173ace8a52a6f8a293,2017-05-13
5da572f1c63aacf97fb438f54d622546,ab5435d7f1635a9eb10cd11e46e488f1,delivered,2017-07-23 17:48:17,2017-07-23 18:02:44,2017-07-24 19:14:29,2017-07-26 17:53:56,2017-08-08,6451d702a671528c2723ae647cf9df54,2017-07-23
c1642f56f39a87a53527bc120e231299,981408ecd1bd02aa4bb69a5f85c452a3,delivered,2018-05-30 20:33:07,2018-05-30 20:55:20,2018-06-01 18:28:00,2018-06-13 17:41:40,2018-07-11,e795e7f76c0779fa2b4aaa24d15aba59,2018-05-30
698c0a83d7fbe733d10f2ca901f60117,6d52aa467c2ca8720371701992bcb49e,delivered,2018-02-26 11:14:10,2018-02-26 11:31:29,2018-02-27 20:34:39,2018-03-21 20:32:24,2018-03-21,8c05f20d5b89876f05c9be84bf65b31f,2018-02-26
eaeda5b9e869c82e60f0a3281c38fa58,1f184dffcd5da4c1f957cb0c260a2ac7,delivered,2017-08-18 09:34:07,2017-08-18 09:45:19,2017-08-21 19:05:24,2017-08-23 18:04:02,2017-09-08,3b87edb7be973ad80cbcddb0e561f2b8,2017-08-18
8667d8b065b72f775a46212c6170fde2,9dbbc2d1be1e5e12baf6d5d1c7c2408d,delivered,2017-11-10 10:28:57,2017-11-11 19:50:34,2017-11-13 13:43:57,2017-12-04 23:59:06,2017-12-11,b2233d3dee64ccc23443e4e9d9bbb9a0,2017-11-10
7f943a5cd90759046667677f4cb74b0f,a477dacff781622c9c7958cb03ef0bd5,delivered,2018-05-15 09:37:29,2018-05-16 03:14:45,2018-05-16 14:22:00,2018-06-05 17:56:49,2018-06-08,13452ca16876ca24ed0dded56bb0b593,2018-05-15
7057f095c40b9d5ac73a8d6bac57ef14,7f81a4e40daa26a8796f184917cd9a3b,delivered,2018-04-13 15:21:02,2018-04-14 02:15:41,2018-04-17 17:52:37,2018-04-23 17:27:45,2018-05-18,3c9c408149c012c4589dab449b1c4620,2018-04-13
8ac55ad4ce4706e06f7284f61746503a,c60514fbcdb1a7f647f66e5ed07f59b1,unavailable,2017-08-13 17:33:09,2017-08-13 17:46:20,,,2017-09-06,84b19ed453ffee6b3a13dae20065543a,2017-08-13
ac6744e4410acdd7696dbc6bb6eca10c,0e99a77a57eb93e26714f2322bab7571,delivered,2018-08-20 20:45:22,2018-08-20 20:55:32,2018-08-27 14:24:00,2018-08-28 16:02:47,2018-08-29,cd0541a52fa5eb86c717ae30f158f460,2018-08-20
36d434b5513fb789bc34ac7796e53cfe,bffccdc4f614a1ce8fcf750bb0a7ab9d,delivered,2018-01-14 18:48:21,2018-01-14 19:09:21,2018-01-18 23:07:27,2018-01-26 14:46:33,2018-02-14,e4629ef570a30f5c5a420c2ef532723f,2018-01-14
4d800ff31c8c5d493ba7137dbf5b45b7,2a4731bf63376d5aa8ea1489e975f82b,delivered,2018-07-09 19:44:51,2018-07-09 19:55:15,2018-07-24 13:50:00,2018-07-25 21:10:50,2018-08-10,656f12202668d78fb1b5c5218306d06f,2018-07-09
2e9247e7cf0c983200999ffee09f6e70,0bb1df1c6ebb8a342e2d1b02d3c7c312,delivered,2017-05-16 11:42:24,2017-05-17 16:35:09,2017-05-18 12:01:48,2017-05-23 10:43:29,2017-06-07,e273e73259bf36eb8301a79b0a76b0cd,2017-05-16
0ccc4d2c7102c48188f50be5107fe442,e464bacc73c48134f460e289a5f0baf9,delivered,2018-07-10 20:53:38,2018-07-10 21:06:10,2018-07-11 13:32:00,2018-07-14 14:46:36,2018-08-22,a1a9e43decb5941c1fc7f7c5fd507c5d,2018-07-10
dabf944b5665812f782733657428f68b,f777046b0b96f66f440c9194c817e432,delivered,2018-07-18 08:03:09,2018-07-19 04:35:23,2018-07-20 05:47:00,2018-07-26 14:15:41,2018-08-02,4481642247fb4faa6bc530bd69c06b74,2018-07-18
3c003c58ad1a4915b94afef4b6ca5271,8e8f9255ca4b0cda01794006e51b3121,delivered,2018-07-13 16:20:10,2018-07-13 17:30:52,2018-07-16 12:11:00,2018-07-25 18:06:41,2018-08-22,df32194b03ae6bbae9ee6697acffcea8,2018-07-13
8ba3b1fe7aa3cefdeb39bbc9a822b1cf,b8cf1fd043cb02e585aa685b0563f2ea,shipped,2018-05-06 21:07:07,2018-05-08 19:34:50,2018-05-09 16:19:00,,2018-05-28,e58794f824727826e01ac2e0290a7a2c,2018-05-06
fd71e966fa4f37c813b3c56fb077971a,c044d877b734e1a9e6c0cdc585943d84,delivered,2018-07-23 18:19:11,2018-07-25 03:04:40,2018-07-26 10:00:00,2018-08-03 14:49:54,2018-08-13,408e9f55a292bbdde5a16b455b5d9f05,2018-07-23
b52379e61429a9d5e19e7b0946eefbb4,baaedcb1496831c75d4bc7cf080ffc3c,delivered,2017-08-17 22:13:13,2017-08-18 22:25:18,2017-08-31 17:37:51,2017-09-06 20:12:57,2017-09-11,d8df92f0b9600ee7c8602495c3d54bca,2017-08-17
b614efabb8e6d8c441aac4ae39cd8ec6,241f39fba4b7707ec98ec5c226d7a143,delivered,2017-08-02 19:21:00,2017-08-03 03:06:19,2017-08-04 16:20:13,2017-08-07 18:07:09,2017-08-15,6281a312c55bf0b4f93685b3fadd24ab,2017-08-02
61b4fb3e9dff469a5a1d25847d6b9385,aa8444aa7b1175a798e1b0452d98983e,delivered,2017-03-14 11:30:01,2017-03-14 11:30:01,2017-03-15 10:01:38,2017-03-22 13:22:40,2017-04-04,a6768d90ece6ec0afb77fe711f6bd589,2017-03-14
8332829ddb8a92e5e730111419b90bc2,52e3f988105c693d97a459362eb0bdce,delivered,2018-07-03 22:19:03,2018-07-05 16:27:04,2018-07-04 11:28:00,2018-07-09 22:51:18,2018-07-23,23a770fd5943e69e3e3d42cca04f7557,2018-07-03
450acd2e753be51b02a7db4e9f742b52,bf9b405380881bef94f5909857a47eb0,delivered,2017-08-07 23:00:14,2017-08-08 23:10:19,2017-08-09 17:54:25,2017-08-21 18:27:50,2017-09-11,e067bffe035aa8a098fb9e7883baec65,2017-08-07
eef98923f3fe58345e2aa0ff71f97bd7,2f3f1e169a5eca20dac6c858857b99b4,delivered,2018-06-02 14:24:17,2018-06-05 04:31:00,2018-06-08 14:29:00,2018-06-19 12:32:48,2018-07-12,d7f1f2c2fbdb3323715152564d0a9c73,2018-06-02
32e1c00df175ddbee2fff12f3bb01eed,03b4899033e1fd024b660308eefe79f3,delivered,2017-03-20 18:48:12,2017-03-20 18:48:12,2017-03-21 08:17:20,2017-03-23 09:43:56,2017-04-10,5ebd2c3c300970d885d058c5d7e88f16,2017-03-20
0ede3ed4237f1c32b4ccd29e759d0a00,2e7932957aeb978bcdacc9ce7d8256d6,delivered,2018-03-01 10:19:22,2018-03-01 10:35:27,2018-03-01 23:08:00,2018-03-05 23:09:06,2018-03-13,6a8486027bddd6ae08e53aac48efb2a6,2018-03-01
b6230773d920876bc61d03d8b93263a9,cfd7ec5aba91084c10b80fa03a128a20,delivered,2018-05-16 11:07:08,2018-05-16 11:34:20,2018-05-18 10:46:00,2018-06-05 16:48:21,2018-06-08,30f332e3c2918624115cf18e5ca3bc3e,2018-05-16
9d32e14ab99f206e6f8f2b6ad13baabf,ff73a759cba534dba02faaffdeb00e61,delivered,2018-03-09 12:01:33,2018-03-09 12:15:33,2018-03-09 21:55:20,2018-04-03 20:26:24,2018-04-06,cf96f6830f6e50b7dcba257a163e465c,2018-03-09
1b640919f98cb92c70a328ca7625c3db,bed2ee34a9844b7ef08aa6ac5929b9d1,delivered,2018-05-05 19:35:55,2018-05-05 19:50:51,2018-05-07 15:20:00,2018-05-08 20:18:57,2018-05-18,9351c1add9b844325a12580d0ebeda6b,2018-05-05
0757cf1c2a32b4597b8192f2c4912adf,c3dc6b915bf0b799fa7f374212b0faf2,delivered,2017-07-17 18:44:08,2017-07-18 05:55:22,2017-07-19 09:41:46,2017-07-24 22:03:54,2017-08-10,c5056fac89d788e603663e403467ffc0,2017-07-17
fc54ccf498649592ae3befacdc91b8ee,6939ce7cd8ff24edc55abf96d82c48ed,delivered,2017-11-28 01:55:05,2017-11-28 02:11:51,2017-11-28 19:47:51,2017-12-02 00:48:29,2017-12-12,2df143c734a8b238db650fffb3346c33,2017-11-28
2ad9dad7b4962fc37fd33869e09ae5b6,ac6ea0ab33845a564031838893725a80,delivered,2018-08-07 08:19:25,2018-08-07 08:44:53,2018-08-09 14:59:00,2018-08-13 21:32:21,2018-08-20,46f231c09857b4aa8ab3a3b0912cf002,2018-08-07
319bc0c166b503154f66246b54a1751c,957fd9898cf5b656130fd940dc022580,delivered,2017-05-05 10:12:43,2017-05-06 02:15:28,2017-05-09 16:36:37,2017-05-16 09:43:35,2017-06-02,87f50253f6c799dd5d7b331fee6f94a9,2017-05-05
ac246acde7cb6dd640863d0c428900de,5ccbe19454188dfbb5c832a7367654ac,delivered,2017-08-26 12:02:27,2017-08-29 04:36:01,2017-09-01 12:33:29,2017-09-18 18:27:29,2017-09-18,03a44a735736da9775bb45d409e885b7,2017-08-26
9888a5d5164497efd85f110e29cac580,8937aa61b5c46df7ea740a6c4c3a0b27,delivered,2018-07-23 21:44:00,2018-07-24 10:31:09,2018-07-25 06:56:00,2018-07-30 19:26:37,2018-08-07,bdd710c465e9827aff166974ed49f6a9,2018-07-23
bab71444714d05cc2c1a721b3ae823c0,15966ba7e307e5ca606f328071d5148d,delivered,2017-11-16 00:48:59,2017-11-17 00:46:22,2017-11-21 17:38:53,2017-12-06 19:19:31,2017-12-11,591728b3486e5504ccdac043d2157f3e,2017-11-16
0872f22df707596feed1639609f6eba7,dc837eded61982cd9978632a52e3bbc6,delivered,2018-01-30 09:00:45,2018-02-04 23:31:47,2018-02-01 23:37:21,2018-02-15 22:05:15,2018-02-22,c314e75b4010c52c80965dea2596378d,2018-01-30
96c0cb58d9c14384c9441f49917a911f,b8e1ec335320a93eb146923a356813a0,delivered,2018-05-24 18:23:01,2018-05-24 18:38:57,2018-05-25 14:04:00,2018-06-05 00:23:35,2018-06-21,8ac65c8875b3d5985a2b30fc5f69df28,2018-05-24
8ef83b451028f1c25c509274028ee1a1,0c829e5443c9d6f5e02e90b8450a5dbf,delivered,2017-07-19 13:06:07,2017-07-20 02:10:59,2017-07-20 15:53:59,2017-08-03 18:51:21,2017-08-14,8f5705a3f564ec3cbc8873d6255da3c2,2017-07-19
fc2dd41f06d775c7fd26ecf8a529ae0a,e10e6a77a6eae703e39fd0fe6e453315,delivered,2018-05-21 21:34:55,2018-05-22 00:16:52,2018-05-22 14:44:00,2018-06-07 20:37:50,2018-06-19,a660768f87f5460dead886e622dd5741,2018-05-21
aa942d6c13162cf699a9ed59746af588,b56bc2668907de41b2e651b6d9e7a36d,delivered,2018-01-27 19:28:48,2018-01-27 19:58:13,2018-01-30 12:06:44,2018-02-07 22:12:40,2018-02-21,fbacf55907cfeeab0f1cb05ac31c429e,2018-01-27
371c68be14162562da1b0f09a47e54df,a55e8e19f8787d1c56a55001da76ccd0,delivered,2018-03-18 21:41:07,2018-03-18 21:50:41,2018-03-21 18:44:41,2018-04-02 13:46:43,2018-04-11,859b1c60b32236f6e71137547894935d,2018-03-18
a80a4dd2b9980b28322554cdb0477b85,cd15de0c90eb620ddb7cee20733c9dd1,delivered,2017-09-21 20:14:52,2017-09-21 20:25:11,2017-09-22 18:44:05,2017-09-27 20:53:41,2017-10-17,f4d6eb709a4f53273b206068884c29ad,2017-09-21
adfc3673a2cbc4c987d02dfdbc8dbe53,f14ce63206ed46c639e48863c0789820,delivered,2018-06-26 17:33:44,2018-06-28 09:15:11,2018-06-28 14:58:00,2018-07-03 17:12:32,2018-07-24,0910b91559b33125f87c2a002d088bb5,2018-06-26
b838ad168e49e794a3ca0c60107a3851,76153ec83edb14acc4ed55c9f176f1f0,delivered,2018-06-04 10:08:07,2018-06-04 10:31:55,2018-06-06 09:59:00,2018-06-12 15:38:44,2018-07-05,a6e6272914b42fffb616e5c975d14533,2018-06-04
31c48fb282a0daf35c1aceadc0231bc1,30c61ea2e06c753a1cf9dcbde313319a,shipped,2018-01-23 18:28:10,2018-01-23 18:55:31,2018-01-26 18:56:34,,2018-02-16,fd42b707e449d49ffa416b24f6b16e82,2018-01-23
2f3da8000c481dbb2a71c9a5a756d701,68a8eebc501a239f455bc02b4847baab,processing,2018-03-15 14:49:50,2018-03-15 15:09:46,,,2018-04-10,33bb8754d600af7707eaeeb76f097f29,2018-03-15
7fd922efa924f2c7b4f65128901590fc,519d4e9648eb8099708003c04939862c,delivered,2018-06-28 20:54:22,2018-06-28 21:11:15,2018-06-29 15:07:00,2018-07-02 19:29:42,2018-07-12,5f883c0ff16ff2e3a775bee3e0fe0712,2018-06-28
d248a26c7a58d74a85d6baf93e5bf772,fd475098454916759d0c3d5a9d8996c2,delivered,2018-03-20 16:00:09,2018-03-20 16:10:32,2018-03-21 19:12:04,2018-04-10 15:28:56,2018-04-11,aee707c0ed6136caf4804406dea859de,2018-03-20
975a0b1030c5f60d85ae5431fb40162b,6906dc635a151b12340ae5657e98a0ca,delivered,2018-03-10 13:06:03,2018-03-10 14:08:25,2018-03-12 21:37:24,2018-03-22 09:18:23,2018-04-06,951577078b4e0ac49e34e90b059779a9,2018-03-10
33576b663693aaf1afd5b5920c37401f,ae7109e50c9c2d88e5a061d5dd142835,delivered,2017-09-26 00:05:02,2017-09-26 00:25:04,2017-09-26 18:54:53,2017-10-11 19:34:07,2017-11-01,dfc556305b7d82f4a53de00d607503a1,2017-09-26
5577cb7e0293ba6a71ae4a7bea29c5f9,536776a02f0112fade5744985be0866f,delivered,2018-04-13 12:15:27,2018-04-17 05:50:10,2018-04-18 16:38:31,2018-04-24 15:19:14,2018-05-15,54350062476d8cadeb3460a0afce6735,2018-04-13
2f64f730b534c45e97b887c36a0ea0fd,f9055270b5abc752526d3bb0a5a68cc3,delivered,2018-06-29 18:52:27,2018-07-05 16:01:00,2018-07-04 06:49:00,2018-07-10 11:31:55,2018-07-25,4e7058c93d75bfef660be809f0cc8d2e,2018-06-29
57d7dd14ff04ad97e8fd20fbd41a358a,db33db9b5cea9aade217feb53422fc97,delivered,2017-07-03 17:29:47,2017-07-03 17:45:10,2017-07-04 11:29:48,2017-07-06 11:27:47,2017-07-14,c0578dad64a2b596bd1983c3e20d0ae9,2017-07-03
139896d70810e6830d07fa89403ac91e,e4935d22d9267fc6b605e7d2194ebe88,delivered,2018-01-07 17:33:27,2018-01-09 07:19:12,2018-01-09 16:49:34,2018-01-19 14:55:13,2018-02-05,8a01f07afd22b3916133016f95a74434,2018-01-07
37267e648017fb381fd8e43ac35fabb9,aa33af07fac4c5c49b0f8d493a932e0b,delivered,2018-03-08 09:30:32,2018-03-08 09:48:55,2018-03-09 04:02:32,2018-03-19 19:36:44,2018-03-26,378706457855d2e06f8f62a2066b8b82,2018-03-08
b44133e0f26a28702b5e18b9c795efe7,a5ee2f393f8a0fd11bddaf08b7e44212,delivered,2018-01-06 19:34:15,2018-01-09 07:25:33,2018-01-10 17:45:26,2018-01-23 18:48:30,2018-02-09,b80cb983207c2e69ac0a94ed1f70e72f,2018-01-06
1a0f5914485e7b79c7bd708563bccad0,a6a945490e87ec92deae6659a4ebc73b,delivered,2018-08-04 11:06:54,2018-08-04 11:40:11,2018-08-08 15:39:00,2018-08-14 23:59:10,2018-08-30,3373bf580dad176f0d3348318679804b,2018-08-04
f437da70eac9c43477ccfa608ce84deb,1cad4a70058245488e56d4faa31717e3,delivered,2017-12-05 19:49:14,2017-12-06 02:37:22,2017-12-12 19:48:38,2017-12-13 17:29:35,2017-12-21,4a30520cbf8b43696d1f8b6814ff6530,2017-12-05
22f10895276404bd09fd68a4021e5489,a3dda9a3e80421c30c99adad855f1df8,delivered,2018-03-28 10:59:57,2018-03-29 10:55:16,2018-03-29 22:22:22,2018-04-09 15:22:01,2018-04-24,02700eac78be35e1cbaab825c2314f4f,2018-03-28
25273b22ff54701a1030f32669e15d07,c11b85dfef946e03d1acac20a11ae5b6,shipped,2018-05-09 22:09:46,2018-05-09 22:32:07,2018-05-10 11:31:00,,2018-06-01,7bc7d0be378c616b909f43d5bacf152b,2018-05-09
12958a97a4e26a4e7dd8bce7de8955b9,02f84ba9cea5411cab9f0eab87bb9c5b,delivered,2018-01-13 13:21:14,2018-01-13 13:32:29,2018-01-19 21:32:09,2018-01-24 20:13:33,2018-02-15,8c8bc67c372d5c409fbf1a340205ddca,2018-01-13
f64c08c0963b3624b4f2198791c17197,82cfbe4fb82b2551ad2e05be8c255ca5,delivered,2018-07-13 12:32:25,2018-07-14 02:35:13,2018-07-16 14:23:00,2018-07-25 14:56:37,2018-08-08,4321abf3b2fc2c204f7429f9a3c598da,2018-07-13
85958e05a9ae7ade12cafdbbdc882de3,9299ad407ca5889d1e78def4f7bbb51a,delivered,2018-05-06 14:59:14,2018-05-06 15:10:17,2018-05-07 14:50:00,2018-05-11 18:26:56,2018-05-23,3c59c2fae1c3aa7e2c583c21ea73cda1,2018-05-06
ce9a4145e5720586690aa60fd0128597,9d8eea9c9b15c34514bef695a0c0653e,delivered,2017-10-10 13:35:26,2017-10-10 13:50:01,2017-10-10 19:49:11,2017-10-17 21:55:25,2017-11-01,239b980f87891ca4befc455f997a5c4c,2017-10-10
70b9b8ed11b0ec066d1068325baff277,2370fd2f366b76f9fa59768ed7dbcc25,delivered,2018-05-13 14:23:30,2018-05-15 04:12:13,2018-05-15 15:31:00,2018-05-23 19:38:21,2018-06-08,cfb9250ad7da3bac88843a57f83e93bc,2018-05-13
e1d010e4693683466fcd40145f3c084f,15fbfc3e6c62dc7cb6cf3a1587121051,delivered,2018-03-20 12:38:32,2018-03-21 09:47:58,2018-03-23 00:47:35,2018-04-11 17:40:59,2018-04-12,997ae69514e4159b5b9e24a1e74e691f,2018-03-20
0acd987fec172c76297f6aadad48c67a,836ac53e072a95b5b18cbaa4a4f67f7e,delivered,2018-07-28 20:21:33,2018-07-28 20:35:13,2018-07-30 15:07:00,2018-08-01 19:42:46,2018-08-09,abb921fd52b3004d27bfbbf14a8e0ae4,2018-07-28
4645204bfe0435a74ce5ada0eb4458ae,7683dfaaadfb136aec1a583e782ec5f3,delivered,2018-01-05 22:14:58,2018-01-05 22:48:00,2018-01-10 15:02:23,2018-02-07 19:59:01,2018-02-05,3ae57fc5d1525ba56a4010e1730039a7,2018-01-05
de273694b3cd5827467dbc63a115382b,89ee21657f18986bd7717fdbd961b001,delivered,2017-07-16 21:16:38,2017-07-16 21:30:11,2017-07-17 17:12:27,2017-08-01 16:03:44,2017-08-09,c0c29e87d30c3ee58d202b1d8776f227,2017-07-16
f8941c4e03c5fdb1736fb5cd167c17a1,61de05227162194a72ddd75c0b8ea706,delivered,2018-08-04 14:18:40,2018-08-04 14:35:16,2018-08-06 09:52:00,2018-08-09 13:08:39,2018-08-15,461d8e6bf14795ab427805e72cf395aa,2018-08-04
61b5e339a1a45b4d6eb6a2cdf40da6a4,789adfc01cc490cc19d0ea1d0fa0b420,delivered,2017-09-17 17:31:07,2017-09-18 17:30:24,2017-09-25 19:41:46,2017-10-02 20:55:46,2017-10-16,9570508b7d8259b85a92c83eb47763fd,2017-09-17
af0dd2a67b9f1bc277c83ecb2df57f99,9e0723a7e30c18a0062be93d986fcb11,delivered,2018-07-12 09:40:37,2018-07-12 09:55:12,2018-07-12 12:36:00,2018-07-14 00:56:41,2018-07-20,cc9b971616942b5d7dcdd0c996727918,2018-07-12
6c59866fa177b6a7321592a88b0dc718,5f5807b2902d221edab3af4b1268ab00,delivered,2017-09-05 10:05:42,2017-09-05 10:15:12,2017-09-05 21:14:51,2017-09-11 15:24:32,2017-10-03,a8becdc52eb49044d9d158c4199ab1ad,2017-09-05
8006e91ab98e5e16b4c125d42b170cfc,13114cff38ecc96a70ecdfbe4802da39,delivered,2018-01-23 19:43:47,2018-01-23 20:04:05,2018-01-24 18:26:12,2018-02-06 12:26:53,2018-02-20,fb6f67a96176030dbd8f1147afed40b4,2018-01-23
49584997a9180455c41d4c70ebaac683,d505b6bbae97b47f93e1ce62d3dcd07c,delivered,2018-03-01 23:56:42,2018-03-02 00:56:47,2018-03-03 01:52:15,2018-04-04 20:16:33,2018-03-26,7c4c626bfc738e4f6fe40c5c6e9b8a04,2018-03-01
874b5f0892d39a5537e47c53d0ad4457,3bac688ff89c697ddfc8fccb1206efee,delivered,2017-12-01 12:45:19,2017-12-01 12:54:48,2018-01-16 17:45:55,2018-01-17 19:45:35,2018-01-24,a2b3ce5552d104942d42485e8cf59397,2017-12-01
b6f81d8751504e5385c2785d615c8f67,28684418aaf9d2fb4f300de4f7724cdc,delivered,2018-03-21 17:40:25,2018-03-21 18:09:23,2018-03-22 21:05:18,2018-03-23 15:12:24,2018-04-03,9ea9fbf686a2805408e35d894174ea6d,2018-03-21
618f2dc846a3929a1e61bc34ed6fb267,1d5dae086b3f7fe285742c43193265a5,delivered,2018-07-07 21:12:45,2018-07-07 21:25:39,2018-07-09 09:39:00,2018-07-13 00:12:34,2018-07-25,747d0e01784dc7d7c3e0eca8e2cd2b8b,2018-07-07
6c8c84221e424ef0729c9e08d70ad8c7,fa15e89eb4e9dd71dc106178ecbbeb15,delivered,2017-12-23 15:42:12,2017-12-23 15:50:52,2017-12-28 13:46:03,2017-12-30 15:46:50,2018-01-19,dd8e2c08c5d813c743effe9800b97a0e,2017-12-23
790bb4bb687fbe180a7a4228aa2c00ba,af728e0bf96a8d350bf03ff43dadfd75,delivered,2018-04-28 20:28:08,2018-04-28 20:35:17,2018-04-30 14:41:00,2018-05-03 20:22:23,2018-05-15,cc5c771d84e5ed72077117c152430191,2018-04-28
85cc31142603d0be894b74d4096db738,372a1a3ae257624bdde208da2e0c6adb,delivered,2018-06-02 15:50:34,2018-06-02 16:11:33,2018-06-04 12:50:00,2018-06-08 18:32:28,2018-07-05,94236cd074c9591659f942f9d687e08e,2018-06-02
d3433b37aa2f57a56e8c97c455ac6ed8,1d51ab9a70ead50582098a67457ccd8a,delivered,2017-12-02 18:38:46,2017-12-02 18:57:15,2017-12-06 16:35:20,2017-12-14 22:04:35,2018-01-09,3e07cafe9109c34edd3ccca457aa0adf,2017-12-02
ecc456d35c9d055761fd14b57b97a8b1,8531b40c75b2d5afbbc3ac0fbac91931,delivered,2018-04-03 16:47:37,2018-04-04 16:49:56,2018-04-05 23:42:27,2018-04-12 15:22:22,2018-04-26,96e531168402c7a98cffcdd828a42437,2018-04-03
c28c4378f50e09ee967e830dac65634f,b9142bab03ea7538114d9f90f28bdee9,delivered,2018-08-04 15:40:46,2018-08-04 15:55:13,2018-08-06 16:52:00,2018-08-15 10:46:52,2018-08-24,c316912edc02788a6a3f441da9969068,2018-08-04
68706b8abe45aa264f07ee944684ca28,7e2fd260cc294a71f685312691b9d8f2,delivered,2017-10-01 17:13:09,2017-10-01 17:24:24,2017-10-02 18:18:01,2017-10-06 21:37:52,2017-10-27,707187e4ea640536003e17499d9d880b,2017-10-01
4f259869d5c650af6f847b027032515b,6fc16fa677c8528424093b92165f7ddb,canceled,2018-04-28 19:25:30,2018-04-29 19:35:35,,,2018-05-09,d3a632335982db082524ce259ab13c13,2018-04-28
3dcf6bbf1ee3961f91de6a7c6e51076a,6f2424decc3bd68aee42dbcabb162fd3,delivered,2018-04-02 19:10:06,2018-04-03 05:28:26,2018-04-03 18:58:55,2018-04-18 19:33:32,2018-04-19,e83d10d3e69a2fd56a6a63849df71af6,2018-04-02
d01d40156285b68a07581c2f2321ca55,e9cd11c2b7040919ac9104a9fd2d1f07,delivered,2018-06-20 22:19:52,2018-06-20 23:15:37,2018-06-21 11:53:00,2018-07-03 20:55:51,2018-07-20,69cbd4fd075f586e051b8130eb3592d2,2018-06-20
ba3c3f0a08fc618d7bee784ef3a1574e,890d7395a44463957839140e1ed3c1c5,delivered,2017-12-05 12:30:36,2017-12-06 02:39:31,2017-12-08 20:05:52,2017-12-20 22:27:49,2018-01-05,d2bbc82920b7993ce1ed23b1d6313afc,2017-12-05
6cba904e38ee56184c2b77d9dbc79ccb,ecdeb9623fd735d8ca13204e079ec57d,delivered,2018-07-19 13:02:02,2018-07-19 13:25:15,2018-07-20 15:00:00,2018-07-23 17:03:26,2018-08-02,33d63b8742df3d30c44de39655096da8,2018-07-19
c1163af85cdf883a08dbedc7c26ad8ce,80ae4efaefbd76dc1756c55accb67119,delivered,2017-11-01 23:33:26,2017-11-01 23:51:04,2017-11-06 21:04:53,2017-11-30 18:04:22,2017-11-30,876a262de02307eaa2e7c5c07627d850,2017-11-01
2cc93fd6f68e6cfcb968814de8a14296,a983c02db2326fbb498f173d0d9fe068,shipped,2017-10-11 18:25:49,2017-10-12 19:00:08,2017-10-18 21:12:41,,2017-10-26,1d4ef611a25dabe55d41c22881c14fb0,2017-10-11
1d7542bb5262913fe0516f7943b69a58,a7bf5e6fa311950360efc620e590fa74,delivered,2018-07-28 23:32:46,2018-07-28 23:45:09,2018-07-30 11:33:00,2018-07-31 19:06:21,2018-08-02,ebd6ab952b5135af7e9544f40a3c7e64,2018-07-28
90da6c29892f7992fba135aae37af2eb,e94c14839b8dac0fddfbfbf13fae91aa,delivered,2018-04-16 19:05:40,2018-04-18 05:11:22,2018-04-18 15:42:45,2018-05-02 16:08:33,2018-05-10,e840d9c294df1338435b89cdd82ce7ad,2018-04-16
c0663e7701a516c68fa3009dd4f93ac0,afa35cd648263a2b82ca9fc2473d21b6,delivered,2018-01-04 21:21:17,2018-01-04 21:31:24,2018-01-05 20:28:44,2018-01-13 00:21:58,2018-01-31,25a125f23f476ca50059c592a21e8363,2018-01-04
7c11eb6e7bdbdf76e17fd6cf7e1eec53,ad43a1cff14fe08a87051ca82f1ae98a,delivered,2018-03-14 14:45:18,2018-03-14 15:08:28,2018-03-15 18:03:27,2018-04-23 13:38:47,2018-04-05,e3e00c425f5ec15aa9231913cf9254e9,2018-03-14
3f8f3b3ace5d3cf820f9d891b366f621,8fe543b6030bffa32dbf44f62da1fffa,delivered,2017-02-14 10:27:49,2017-02-15 07:30:16,2017-02-22 09:27:52,2017-03-13 01:18:05,2017-03-15,057494718ad48e723270968367ec3a5d,2017-02-14
0da9ad216b1827c67a72f0c852666c40,cf49ace1e2e9a0f9eebb6377d93f5b53,delivered,2017-07-10 16:56:10,2017-07-10 17:10:25,2017-07-12 14:52:14,2017-07-18 21:42:12,2017-07-28,c6d41ce217f6885c81ecf5fe91880309,2017-07-10
4a1ea52e0dfcd2d974464a1cb86cfbf2,f5fb123023cbd4acdc614393621b6f86,delivered,2017-03-18 23:16:57,2017-03-18 23:16:57,2017-03-21 09:48:07,2017-03-30 15:58:07,2017-04-17,13b803281d115aedb3ef271db9be3f2d,2017-03-18
2935c56eef4b858e80e28d27d3243b33,b112c25162f677529330d2d69d25ea4e,delivered,2018-07-31 18:10:16,2018-08-01 18:05:17,2018-08-03 12:20:00,2018-08-15 14:48:40,2018-08-15,111cf8a9daf60d3546f563db7ed8455b,2018-07-31
7897a2eebb3941ae97159cb88f65cb1c,ce30477e5bf86ecc45ad74fd8adda309,delivered,2018-01-21 21:42:20,2018-01-22 14:03:02,2018-01-31 20:54:07,2018-02-14 20:06:31,2018-02-06,96b5b2e02beee64d4767aa546b4984ef,2018-01-21
87070dc27c09158806c987c8845912e5,35514175c242f45e81cb61bc1a973323,delivered,2017-12-31 06:57:36,2017-12-31 07:08:51,2018-01-04 10:46:26,2018-01-05 18:47:47,2018-01-18,7bec5e6b5125283fe3a391db68fba33d,2017-12-31
89c5271497489d8c7fe6d3432f8ce193,4979f27f283cb0583f3e188420013a20,delivered,2017-09-20 12:52:52,2017-09-20 13:10:26,2017-09-22 17:27:05,2017-09-28 18:39:10,2017-10-20,83069ab0275c19bc4419fb14224e9df8,2017-09-20
7a66199975779c8e2b418d608ceb2e2a,50746721607619f58bb3efddd42a502d,delivered,2018-05-12 19:18:53,2018-05-12 19:30:18,2018-05-14 15:45:00,2018-05-18 18:38:29,2018-06-06,e45f2a5243076524f9fa34824a58ad15,2018-05-12
2e9a02fad8f4629cc049053cca7a9a1c,8cb9c96288df5e44d44d767b4d3c4cc0,delivered,2018-01-23 11:29:39,2018-01-24 02:53:21,2018-01-25 00:41:31,2018-01-29 23:36:58,2018-02-16,7a114c4d600e1eb56f331eba875d38a6,2018-01-23
51879b7474407f56048b6c36cc3e263c,82141426f5565b47a8b8433342024da7,delivered,2018-07-25 21:44:59,2018-07-25 22:15:07,2018-07-26 11:12:00,2018-08-20 11:52:13,2018-08-08,7b15d3cbd163f636a2e28c3edaea9a2b,2018-07-25
7ed980a67023306cce5ada7078003bc6,957e79d34a00288f566fe7b082516945,delivered,2018-08-09 10:47:50,2018-08-10 08:05:19,2018-08-10 14:20:00,2018-08-13 12:16:50,2018-08-14,3567cb0ffdc5163858a98f5bdf45e58c,2018-08-09
df6c01d270d262c21e166451f80eaa74,68d1a1a291e491307ff610511e25a860,delivered,2017-10-15 19:18:27,2017-10-17 03:46:05,2017-10-23 18:36:39,2017-10-27 21:12:53,2017-11-09,e6d25eed5dfc35d21dc09d0aaa6d0c95,2017-10-15
a1a68e110acccf4536909795aef7dc9b,d1e65403f8fe29061b2180137a35323a,delivered,2017-02-27 12:26:09,2017-03-02 04:05:29,2017-03-03 16:38:10,2017-03-20 09:37:49,2017-03-22,42a4998f500d5379b66cf4ea7730472b,2017-02-27
56fa59437624f620d5695b5cbe89526a,2e6e4e3cb07ca8e126b5a3035cd9b07b,delivered,2018-02-17 07:58:07,2018-02-17 08:06:57,2018-02-24 01:32:46,2018-03-07 20:04:41,2018-03-13,82f2ff3fa566313ec765aa8af6833d80,2018-02-17
c2c532396648bb54b975a3f2f7845884,eb46deb9e3c7469abf39577b396e5346,delivered,2018-08-19 23:51:06,2018-08-21 06:10:14,2018-08-22 11:53:00,2018-08-28 23:46:23,2018-09-04,8529e161c142654b93e390b55b37c002,2018-08-19
cd076cd6f94843e39c58e62994c320e1,c7e72966796b9fe35ff370d8a8e03e61,delivered,2018-03-17 14:55:59,2018-03-17 15:08:47,2018-03-19 19:41:57,2018-03-27 21:47:51,2018-04-11,a5982542cc06d3bc21523d2396064840,2018-03-17
80ef7b40d74026eaedfecd11cf473a65,d03eabacc0455a4a83d90cc74dc127b7,delivered,2018-06-23 11:42:18,2018-06-26 05:13:10,2018-06-27 06:22:00,2018-07-03 22:32:24,2018-07-23,249b4163ab7412ecf52478d857922831,2018-06-23
442be05839341a530c60503334ac0488,d12dca16ecd5d626b790f6d85f7c20b2,invoiced,2017-09-21 12:50:17,2017-09-21 13:04:41,,,2017-10-17,1ee3cbb6a137faf4788a3fef268e3eae,2017-09-21
421deffec215845f8632fb3543789f86,07d32200708d263fc5006988e4b6eff7,delivered,2018-08-24 14:05:59,2018-08-24 14:24:29,2018-08-24 13:46:00,2018-08-30 20:32:08,2018-09-11,0b08d01a339342b612080ef1cb877fd6,2018-08-24
fe200ad195ed77d67e1de3300313f170,121d3c0609b8e4783396c134b682711e,delivered,2018-01-18 17:58:30,2018-01-18 18:14:53,2018-01-19 22:42:22,2018-01-26 16:51:52,2018-02-08,692c055d3498b3654eee909e6656d30b,2018-01-18
1ad22e16129698e1a3cc11e4350d2cb7,d6441eef3f37c3edb0d5634c3c85120b,canceled,2018-09-12 15:32:16,,,,2018-09-26,ef0103e9602d12594d19c2b666219bc1,2018-09-12
a539050b5ced5a45fbb22fa7a99f2043,67a9926031ed753f9736c0f8892aba6c,delivered,2018-08-15 16:34:21,2018-08-15 16:45:15,2018-08-17 14:47:00,2018-08-23 00:54:42,2018-08-30,4b71d99501b75f685e69d6120790bc7b,2018-08-15
08fb515ec54c34ca06b1e2268acc429c,64adccc0de9d57989a74c5ac34e43272,delivered,2018-01-13 14:27:17,2018-01-13 14:39:32,2018-01-15 19:22:21,2018-01-23 20:28:42,2018-02-08,f79caa1270a074f4da71dc3847ea61e9,2018-01-13
e3e1cd5b453de646c076ea5da017da13,716b77893ea2eac1f37d4c035a1d8c18,delivered,2018-04-13 17:59:20,2018-04-15 17:11:08,2018-04-19 00:05:08,2018-05-03 15:46:33,2018-05-14,21d0c6bc12b987a3cdbeea27e4571dd5,2018-04-13
30143cbe639436a82c4936717cc5ecb6,d7602c50f544cd619427d56ae028a08b,delivered,2018-03-02 16:48:42,2018-03-02 17:10:38,2018-03-06 16:35:33,2018-03-11 19:02:55,2018-03-20,ceb767afcf00ef4fedae42343064aa3d,2018-03-02
e3f9305c1f7dacfb140929cb67698575,ce91ccb151759da0c0674484384a0b45,delivered,2018-04-16 10:14:11,2018-04-16 10:32:30,2018-04-17 20:25:48,2018-04-24 19:31:47,2018-05-10,1398ddd491d68ca130f665f766c63cbe,2018-04-16
6068425eef94486cf980570a1e00b58c,1d0c4d56d5c41a141201ea8df99e59bc,delivered,2018-04-23 23:00:52,2018-04-24 19:07:34,2018-04-26 13:32:00,2018-05-03 10:29:51,2018-05-17,fcda364be74555da695b4afe5166c2b1,2018-04-23
d50b42288a180cabdc414b2d43b67a3d,c3a333fba4aeda785b5c71badd565313,delivered,2017-07-12 10:16:54,2017-07-13 12:25:10,2017-07-14 15:14:59,2017-07-26 19:23:54,2017-08-09,5f66ee1b2e030748fdb83ab9b01a7064,2017-07-12
34264146fae64f03cf47c5211091acfe,8eddeeb14e0999f2e78201542dc0f4ed,delivered,2017-08-07 16:08:12,2017-08-07 16:25:14,2017-08-08 11:39:59,2017-08-14 18:06:06,2017-08-29,b212d941f149d0c1f077a268273bc502,2017-08-07
2d5fe300d9ae2c54ed035449aac94391,b6c0aad38db369fef790e41254043f63,delivered,2017-10-18 00:05:11,2017-10-18 00:14:28,2017-10-18 18:07:45,2017-10-24 16:32:54,2017-11-09,e9778a6917d430ca5897cf5afb89b759,2017-10-18
e0be387e4482cc1e135c5ffe3d896885,78044ea05d807cf1a0d4ed51c4064c11,delivered,2018-01-29 10:17:02,2018-01-29 10:39:25,2018-02-02 01:18:11,2018-02-10 01:38:57,2018-02-20,49e3dd51659577fd2fff8f09779586af,2018-01-29
99f59289c097596a1a30bd181430f2b0,f21af0b30cca19e2f168e1cc62a12623,delivered,2018-02-16 13:18:52,2018-02-16 16:07:13,2018-02-23 01:41:56,2018-03-21 00:36:40,2018-04-10,a09d3cf8049c700597f6801d108d164d,2018-02-16
6e52fe67778a12f079296a3d416ebe86,634a4e35cb377fa096c26eaee2add85a,delivered,2017-12-10 12:24:17,2017-12-10 12:31:23,2017-12-11 16:45:06,2017-12-26 14:42:39,2018-01-04,b2e08e8b5bdf73af23a2934907bb7631,2017-12-10
783058adb0589c4c5b2f3f748a27485b,a764fba79ae39e814c41f8cd1da0571d,delivered,2018-08-03 17:13:19,2018-08-03 17:25:23,2018-08-07 14:33:00,2018-08-20 20:08:29,2018-09-03,50b29eaf9eb01ad9a8426af7f1fd5964,2018-08-03
eb8276a1299b1e3f817ee40f4dccd563,49510cb6fa5de3b5375d6ab76f11c9a7,delivered,2017-12-24 16:56:45,2017-12-24 17:09:12,2017-12-27 17:19:22,2017-12-28 19:23:51,2018-01-15,13c7a22afe0d9aa889d09542c28621d6,2017-12-24
1ec5ab4a5ab1b60a84603c6a06da028f,0aa76d5f7e9e7b8305d6a6759fe8120b,delivered,2017-11-29 07:25:31,2017-11-29 07:35:20,2017-11-29 22:24:41,2017-11-30 19:28:51,2017-12-13,5f3c76215fd76f8ceea500f0a731a735,2017-11-29
e11884595cc1ab95ac7a14344bc412d6,e8155b5bad40bfbdba318809d91b2e4b,delivered,2017-06-14 17:57:46,2017-06-14 18:10:14,2017-06-16 19:27:36,2017-06-27 16:33:36,2017-07-19,b96e768aa507c2054526cd547c2d9fbc,2017-06-14
38f3f9b07a8b12e3b5b699ea7297932e,38639be8824a9d656a9cdd13afd20924,delivered,2018-05-01 16:05:40,2018-05-01 16:15:19,2018-05-02 18:15:00,2018-05-09 14:12:11,2018-06-01,0d7e4cf46cc4e8b1fb0bdbd2bae8d73d,2018-05-01
4644c8e42b3f62ea4f683927c2e1a988,8404096c5c0ab0cfcf76fbf0ab1b7885,delivered,2018-06-21 14:15:29,2018-06-22 03:17:18,2018-06-28 15:41:00,2018-07-03 18:33:30,2018-07-23,546a0718ba3e37914fc77f113f312637,2018-06-21
a1bec8f10a79152e439c5133f404c772,aa58d5e8a1d6cd547904e11ef30f1f9d,delivered,2017-08-13 11:04:18,2017-08-13 11:23:42,2017-08-14 20:53:48,2017-08-23 21:24:10,2017-09-05,59d3e51fd478cdaf8a7d40e6ffe28edc,2017-08-13
c5b8a34f0c16a7c4ca64e57aa15462db,7cd9128617dbce537891eb42ac4f5ab3,delivered,2018-01-23 17:34:42,2018-01-23 18:07:24,2018-01-29 18:53:19,2018-01-30 17:04:41,2018-02-16,54f5194ca570ab0f799418851be2b692,2018-01-23
f1bc4367547388bec3e4ecf266defc71,3ce8fb2428f3fcecbca120bce8f7b253,delivered,2018-03-13 09:39:41,2018-03-15 03:10:49,2018-03-20 18:08:46,2018-04-19 17:49:39,2018-04-03,dd54dc717fbbcc67d92a15d8b2350249,2018-03-13
df51cdd0d48077d8cd198c5033b8dff6,0fba7e91e927412505af523e126dc637,delivered,2018-07-28 23:19:39,2018-07-29 07:05:09,2018-07-30 08:16:00,2018-08-03 18:27:01,2018-08-10,5eaf6ab0e2ca9bb3aeace80327027b70,2018-07-28
e3a59f0c0070cef211194f618687ee20,582302abe5112d45149d760acd6e0c1b,delivered,2018-06-19 17:43:52,2018-06-19 18:04:28,2018-06-20 16:57:00,2018-06-27 13:28:25,2018-07-13,ecc693b513a0c362c8da8e6beeeb545a,2018-06-19
1b5011433abb89a8ad7b787401280a0a,11379ea61f696fee82d5132bd194360f,delivered,2018-02-25 13:49:19,2018-02-25 14:28:01,2018-02-26 18:55:02,2018-03-06 14:33:43,2018-03-16,7f4e38baf95bcea5049ebb122df9a8ce,2018-02-25
04075153ea747446984b909a58edef85,c3f1f14135a14fa76da70e04a0ac530f,delivered,2018-07-20 20:48:35,2018-07-21 10:15:26,2018-07-24 10:27:00,2018-07-27 20:46:29,2018-08-08,db8d487c1be4ba61cacb3b26705c40f3,2018-07-20
dac3092fa896a585ef8cfe91762294e5,6ac4f4b8a8559141e69a781be84aacee,delivered,2018-07-31 10:03:33,2018-08-01 03:31:45,2018-08-06 10:01:00,2018-08-09 21:18:36,2018-08-22,9d7b7634f5b8ca6256a702c210021d28,2018-07-31
f3290f4b0c78e37eff2ade0174b0c307,986faab8e9af39855911d39d9d6e9a8f,delivered,2017-04-27 17:58:30,2017-04-27 18:10:23,2017-04-28 13:32:10,2017-05-12 14:32:41,2017-06-07,616a2ad9d3147707cec3d08f1d76ba2c,2017-04-27
63648126e49f90edc171d5a2a5fc433e,b275c3a32500fd86fb187b62b90c0d6c,delivered,2018-01-16 15:32:35,2018-01-18 02:12:39,2018-01-19 17:49:17,2018-01-25 20:48:33,2018-02-07,5980f546cbb6a7df45ccae926feea7d0,2018-01-16
f1462fd2d8a35339426c88472ba32354,4d749355dca24a17569bdfc2f21f757e,delivered,2018-01-16 17:42:39,2018-01-16 17:55:59,2018-01-17 19:54:00,2018-01-26 16:55:18,2018-02-07,1356ed37fbb918d791b255d9a9daed07,2018-01-16
f16cbac8a72057c2daba4b64662100ba,08f632ba547ce8a3f9d4efe3028a216e,delivered,2018-08-01 08:29:38,2018-08-01 08:44:07,2018-08-06 14:23:00,2018-08-15 16:47:01,2018-08-13,4291db0da71914754618cd789aebcd56,2018-08-01
ee0ceef4f6b0b57613eedaf1568bff02,d69707d828e613d5e042ac0de8ae64bb,delivered,2017-09-22 11:48:42,2017-09-22 11:55:23,2017-09-25 20:22:22,2017-09-26 19:55:45,2017-10-09,672959d5b438386d5363798416866afa,2017-09-22
ba2a82359a00bf0bd1f5ae32527a5a40,a7f8ce7902371e84a160590635b0c546,delivered,2018-08-17 08:29:19,2018-08-17 09:09:42,2018-08-20 08:59:00,2018-08-22 17:24:42,2018-08-28,a1fa7dde65cdf5e024a2b2cfcc54feda,2018-08-17
4749ee8fe12594e5e3b2170f35ed441d,481aa2704b487a84a33416f60148190e,delivered,2017-07-06 19:09:12,2017-07-06 19:23:17,2017-07-07 19:59:22,2017-07-21 17:22:29,2017-08-10,9d471065b72938db48ed449f1c4b826b,2017-07-06
958e577696e108a5f94c9b0f1b6f763c,6f2d07aa1080a10cdf51a8463b6750f7,delivered,2017-07-15 15:57:48,2017-07-18 06:05:14,2017-07-21 20:58:28,2017-08-01 12:04:40,2017-08-08,c979fdd5b969fb5a78a88d88fd555be5,2017-07-15
e15f1e584322c33341bb95913477ae2a,5585e81d18619898a7ee6517d67cce6b,delivered,2018-04-02 15:53:14,2018-04-02 16:13:29,2018-04-05 22:08:52,2018-04-07 12:41:51,2018-04-18,c49f6a2915f215f805e527f63901779a,2018-04-02
2d472b4b2d08108565852ca0782507f2,7c3c95a24ec40f62f817a4b46fa1130c,delivered,2017-09-14 23:46:41,2017-09-15 00:20:20,2017-09-19 21:47:49,2017-09-25 13:56:28,2017-10-03,923c196bd8ad794e9d13679e356c43df,2017-09-14
0e3737a398f635ed0c0957a0320781ec,7e54da0c70661ce35754a113fcda1208,delivered,2018-01-07 12:57:21,2018-01-07 13:07:18,2018-01-08 20:50:19,2018-01-10 19:07:59,2018-01-24,f17f35164ab56d603c4ef9ec60816200,2018-01-07
c9f8b15e667ca2f541bf3e608b5c1192,bdb07c4ef56b510b835265bfdfbe8319,delivered,2018-01-08 13:14:48,2018-01-09 07:27:34,2018-01-11 22:39:14,2018-01-18 15:24:31,2018-02-14,209e5691e2cda59cd71e45417d7f95a2,2018-01-08
d278b5de7264ce84ea98dc603be04661,30f735a941f2d39ec866c4ba349ee5c0,delivered,2017-09-26 18:44:52,2017-09-26 18:56:15,2017-09-27 13:13:04,2017-10-02 21:05:51,2017-10-24,f36075d4260ed925c1ac58a72cf6fe4b,2017-09-26
dfa89510eb5c9e15b363ec8395e702c1,06267fe0dcca48cbd55db1d8518bdb38,delivered,2018-01-09 02:10:23,2018-01-09 02:19:53,2018-01-10 16:30:15,2018-01-13 01:05:34,2018-02-07,0a2638867971b511e31c4633d8f4b3e4,2018-01-09
9902c4cfc248909d6edb216912e16ef0,dc75c759d2f158676e6d90bb661bf42b,delivered,2018-07-16 19:42:34,2018-07-16 19:55:23,2018-07-20 15:50:00,2018-07-24 19:48:55,2018-08-01,b24c4437995f71c98a2800e9af46090e,2018-07-16
026054570865201773b27b2748af1217,7b2dc93ae14fdd68c575ca579d937b71,delivered,2017-12-08 14:32:08,2017-12-08 14:49:20,2017-12-11 19:32:15,2017-12-22 20:59:01,2018-01-08,cd0e81bb667bef6d632fa5a71a076e74,2017-12-08
4d680edbaa7d3d9bed69532957368a03,1444f701e835b7d189637c10f5287e76,delivered,2018-08-20 14:34:51,2018-08-21 09:15:09,2018-08-23 09:21:00,2018-08-27 17:51:52,2018-10-01,14f64911f31f3722899596d1095a233e,2018-08-20
00b12f4674177ef40c4bdb034138c843,5d6daccfa147ddbc4d54826f8645ca5c,delivered,2018-07-15 19:47:30,2018-07-15 20:04:06,2018-07-16 14:23:00,2018-07-20 22:03:24,2018-08-02,aa584bf61054b3967bbc9e8c6f74159f,2018-07-15
387f9402f82c83ab40342b5c6b00a09d,f64dd9c3e5de7276aa2a3ff45273e47a,invoiced,2018-04-22 21:14:16,2018-04-24 19:24:47,,,2018-05-09,e49fa235fc3a731b852691ef284684eb,2018-04-22
50b8c557d8dd265d4417824162c5888c,aaea8b0c58ccf12e787f33aefb1243e4,delivered,2018-06-08 11:33:03,2018-06-08 11:54:36,2018-06-11 11:52:00,2018-06-16 01:25:42,2018-07-18,614a4f18d9031d4743c82752112d92a3,2018-06-08
2b7e3239c2257eb4a6cc95f73285b970,8877ad2e63b8bc49e95b1c18133c4f8d,delivered,2018-05-02 12:41:41,2018-05-02 12:55:32,2018-05-03 14:41:00,2018-05-08 02:19:18,2018-05-18,003db7adfcdc49857b095a50191b6c9d,2018-05-02
d640892cc6e635047b062a06b5f9ce32,ed3f5834a1aa32b3e924a622a6753d88,delivered,2018-08-01 10:59:25,2018-08-03 02:50:26,2018-08-06 10:44:00,2018-08-11 01:25:40,2018-08-13,3d796a13dad7b34c4c022b1be13b479b,2018-08-01
eb56ddfc112b49241ad368f44da00dc3,5fd6dead0d9541b66439ca774ae0d73a,delivered,2017-11-17 19:55:36,2017-11-18 02:29:13,2017-11-20 15:36:23,2017-11-25 13:51:25,2017-12-18,86203f952211b0a9cd27328c255e23e6,2017-11-17
31f2b7c70b716879e5c4080ef87f20bc,98b8e49c0cf885f1da80403205b422a6,delivered,2018-04-02 15:37:39,2018-04-02 15:50:16,2018-04-03 20:55:25,2018-04-09 21:36:46,2018-04-18,7218da49ef6bca3a8d862b83e6112cf5,2018-04-02
73d70dce05cb08ecad51b47c4fd26925,3ca320c118e7ec2503867e31a79c479d,delivered,2017-10-29 17:58:42,2017-10-29 18:10:15,2017-10-30 19:58:46,2017-11-03 17:57:39,2017-11-17,295350f65ec6b7f96b39c8e100ebfff6,2017-10-29
7f3be4acbc6f640562b088d72add56b9,3c8636b14f946db377d3a5201548cad9,delivered,2017-11-27 14:49:44,2017-11-27 15:03:25,2017-11-29 21:09:02,2017-12-09 13:52:03,2017-12-20,f55d1eb478472b60765e2a1e9eb785e7,2017-11-27
4bd1099b6061705c9dc280f3f0c4324a,2c170599bc976f4cf90327b4baf83aeb,delivered,2018-01-17 12:03:01,2018-01-17 12:12:21,2018-01-17 19:37:08,2018-01-19 22:28:52,2018-02-01,003650b504826ea534e02eba0ab58dd5,2018-01-17
824fa8179b9911d58831e0b09eedde13,21e3335e3f6a66b540ade23f25b6bb41,processing,2017-07-22 00:37:21,2017-07-22 00:50:16,,,2017-08-08,dbd74164682e2397d489169439362184,2017-07-22
b5e095024706f86e26f9ae88b1d81811,fed063142605b95f0ff2fe32c641348d,delivered,2018-01-03 03:24:57,2018-01-04 05:15:22,2018-01-04 23:48:34,2018-01-12 23:11:11,2018-01-26,0af8d59b2f4cd9169b2abc898f0e7b31,2018-01-03
d41ac75d7d2093a499ca5d7252a3e3a0,1c8bd4ede09cf207df1dab28bf663747,delivered,2018-02-14 02:10:26,2018-02-14 02:27:35,2018-02-14 18:38:21,2018-02-26 21:09:35,2018-03-15,90dae9ab80c9f1456a1e6a2360cdd52b,2018-02-14
0392da48d173776fc37d98de1a253370,07afb3a78aa11eb38f98dedc9200eaf2,delivered,2018-05-21 11:08:43,2018-05-21 15:32:01,2018-05-22 13:33:00,2018-05-23 16:38:42,2018-05-29,200b87a6facb84c0bda20f5b38b18a2c,2018-05-21
ee7560a748685ea9c6d3bb5341f4e97e,29fe5fbfb6d35ec13954cacf85e3e341,delivered,2017-12-01 17:17:29,2017-12-01 17:29:49,2017-12-04 20:52:40,2017-12-19 17:12:15,2018-01-03,a3c09de4545ea911aa36f25211ddf483,2017-12-01
01e7cf79ff6fdb0a65634f714c67dd24,aded241eaa68c31246d82eb3198d4ae3,canceled,2018-02-15 14:58:55,2018-02-15 15:10:35,2018-02-19 18:52:15,,2018-03-07,970f8e94d1e9ff19f5362c239c803768,2018-02-15
485ebaf1444009348caf87a4fcb8f0f4,019b7b400189d67c8b75754edd1919f7,delivered,2017-07-19 17:14:37,2017-07-19 17:30:07,2017-07-21 11:59:27,2017-08-12 16:13:42,2017-08-23,b25a21b56a2d74da49e04cadbc9e0dd8,2017-07-19
d0ddded2fb44f032154b6149cce5e2e6,5f3789bef735a3dd4cc9a85f08b69fc5,delivered,2018-03-15 19:10:03,2018-03-15 19:20:40,2018-03-17 01:58:32,2018-04-18 18:51:58,2018-04-10,48806103f609b2bb022644d2853a57f5,2018-03-15
f5b28abdd8945a967d21c597bfae65b0,3d511c4a8201a48297ad8de9e03dc991,delivered,2018-04-12 10:30:22,2018-04-13 13:29:45,2018-04-13 22:19:22,2018-04-16 19:55:32,2018-04-30,079c973a57703865bce893f274d9f9f2,2018-04-12
7b57eaf2caa8c4844ecceaca731c93fe,b76d67086136493ca1369feae3f5cf2e,delivered,2018-07-16 20:42:10,2018-07-16 20:55:28,2018-07-17 13:45:00,2018-07-23 18:09:20,2018-08-03,f76bb65e9f29e3fb131dd3cec3808f1e,2018-07-16
d6f8a3db5b45d8d7ca18eb34d5c902ae,4fb4e9973cfcdb270134d0a9f81ad158,delivered,2017-01-31 15:39:27,2017-01-31 15:50:14,2017-02-01 09:42:31,2017-02-07 15:41:14,2017-03-01,27147dbc9e950da24fc983f4589858d4,2017-01-31
56a51e881f6f95bd1546e9e1e49254f5,7312b3a08eed8d37ae91765f2eb303d2,delivered,2018-04-27 19:48:04,2018-04-27 20:10:48,2018-05-03 14:13:00,2018-05-10 20:51:28,2018-05-21,13ed7d66b8ffc9edd4b288c811fbfbf0,2018-04-27
0be7e98768e4af5d5f972b05d01a82e1,8da4a561ec4d53e218fa89fe8530d8c8,delivered,2017-11-20 12:49:26,2017-11-20 13:16:47,2017-11-21 12:49:06,2017-11-29 22:04:05,2017-12-15,5cf7ac94f5697a614605e110b45a5d2d,2017-11-20
5a328406a89e62a595591f1a4cdeaa91,236aa615a20028cfaa35e762a96d2307,delivered,2017-10-20 17:01:29,2017-10-21 02:49:10,2017-10-24 19:48:54,2017-10-30 15:51:44,2017-11-08,b72198a2beb46a34b18efa39a79c5334,2017-10-20
558266bfba11bf9a23f7634ee0657f43,fcd3d27da039898ed57693dbbe9d99ce,delivered,2018-08-13 19:38:49,2018-08-13 19:50:15,2018-08-14 13:09:00,2018-08-16 20:27:40,2018-08-17,6b3a47841eeaf152946111ef677b582d,2018-08-13
8d9a3b767d2f523b2c1cdf4fd7806205,1ded2724f10a7e371f4ef9ddb927cebf,delivered,2018-07-18 14:12:04,2018-07-18 14:25:25,2018-07-19 06:14:00,2018-07-26 19:09:01,2018-08-15,a174e2584a544c4cbf316a164f2aff15,2018-07-18
f9a84fc50b50973cb20ce6494f8e7eb5,2317945e1dd932e7a65b81cac0e7c5e9,delivered,2018-04-12 15:45:42,2018-04-13 13:14:14,2018-04-19 12:27:32,2018-04-20 21:17:44,2018-04-30,e4ef9f9a8e69ba8dfe0d369fe7510f85,2018-04-12
2b0edc4c59d83dcef85466718c36a317,5effe9491d0f5a1c12ee4a384ec09bdf,unavailable,2017-09-29 19:17:10,2017-09-29 20:00:07,,,2017-10-17,e9429d622d9e764ca60ba01bc252b0a8,2017-09-29
8f817d4e9c6f6c17d7a5381f04dc3c9d,811c084bafb5d1ddcb9359ee13d71a36,delivered,2018-03-12 12:15:20,2018-03-12 12:29:18,2018-03-13 18:42:01,2018-03-31 21:55:48,2018-04-04,682b686cadc44f99b2b14a3c15f65083,2018-03-12
334aeb42957ddc27b1e35631aa2d120e,2d900f649b6456aa43078c5f05d3079b,delivered,2018-05-29 20:21:13,2018-05-29 22:32:46,2018-05-30 15:17:00,2018-06-01 18:41:00,2018-06-21,d40cda7052fc4c07791b27fbf717103e,2018-05-29
dc3a6fce0933ac9fd82c5b80bc036192,59729bfa30b6041c728f4bcd519c0687,delivered,2017-07-14 09:59:17,2017-07-15 10:03:13,2017-07-17 20:05:39,2017-07-18 20:37:10,2017-07-27,ae9ee15ae1b1d6e59cdcf7d64ce07060,2017-07-14
5b33463a5e3fd8ed5b6ad88d44edd316,711f011a1988cc9a77992e8a3dd4c689,delivered,2017-12-16 17:07:49,2017-12-18 17:52:34,2017-12-19 17:45:41,2017-12-27 02:48:42,2018-01-05,77bc8a7b582f1def0c501c225e15048c,2017-12-16
1f133ab6b29096670c6f0024ffa95d3f,929fa62eff5107a5fc968a7ca9934389,delivered,2018-06-16 15:01:52,2018-06-16 15:19:09,2018-06-18 08:42:00,2018-06-22 14:56:55,2018-07-23,49a2ba187dd2a87ec8796a1763a218dd,2018-06-16
4e6c0babb00ec8391d7ceda5773064c6,def82bd2aaf543e4a7ac20d87b8c5651,delivered,2017-06-01 10:55:34,2017-06-01 11:05:16,2017-06-06 14:08:38,2017-06-08 13:42:21,2017-06-22,94a6a8ead5c42ee8c5e111f8e4aa5b78,2017-06-01
1882b3d31fb4a660930adb0ba04e8680,f8e3dd33cb55cad04f7ec33d102bd4a8,delivered,2018-02-08 18:26:34,2018-02-08 19:09:55,2018-02-09 23:44:29,2018-02-19 23:52:14,2018-03-07,055cb384b9943609b975e574725f9fe1,2018-02-08
1c4321d51d7e6f9ac2ae011396ecde38,8dc26b31e83f4d58759c682f919a7b95,delivered,2018-02-24 16:10:19,2018-02-24 16:27:31,2018-02-27 21:33:24,2018-03-01 23:56:50,2018-03-12,c00b72e6e187ce997106fc5270659eaf,2018-02-24
6ba12cf8ea93dd8fbc3b6aa38295b708,8a92f7ae7a5ade8bec9b01a80f5a34e9,delivered,2017-07-31 12:36:27,2017-07-31 12:50:22,2017-08-09 19:00:22,2017-08-22 17:47:44,2017-08-28,beacecc55d33e930a6c39c125920a226,2017-07-31
0dd96ab2fca2927658c83b7e2e954ec9,b2f66716339acf3fd29df8cb5ad63158,delivered,2017-07-09 01:55:26,2017-07-09 02:05:22,2017-07-10 12:47:55,2017-07-22 13:24:37,2017-08-01,d2185da6e80942141ffc1dfe5ebbe716,2017-07-09
73db7f6cd086270ffe2e67b8379385bf,77ef49f7617864ea2913de00c9545ae4,delivered,2018-01-18 12:49:09,2018-01-18 13:13:04,2018-01-19 16:54:26,2018-02-07 21:22:15,2018-02-16,1828d3049fe78517541dcd7b554afcac,2018-01-18
443cff258a277bb6451a8357fcc7f43e,da89768d5e47c76c1b3f2694e6c8f6a9,delivered,2017-12-28 12:31:49,2017-12-29 13:26:53,2018-01-02 18:23:48,2018-01-08 20:10:18,2018-02-01,3bfe238d63378a92a404dc5c8ca31944,2017-12-28
5979684d63c8a62e550943dacdd1231c,d44e6dff13a8df604fff158eebb4c383,delivered,2017-12-07 13:39:33,2017-12-07 15:05:56,2017-12-18 15:41:39,2017-12-28 21:18:16,2018-01-05,797000faae1adb6e87066d2ecc50cd09,2017-12-07
aa523156b5162b36d717c11ab1d48509,c9915c7f8ac83ac76a9a605f4a4db5f9,delivered,2018-08-09 08:36:47,2018-08-10 03:10:20,2018-08-13 12:56:00,2018-08-18 01:39:21,2018-08-23,3cee8934fe8994e23c223072f8c22eb0,2018-08-09
13cef9e0a4505f2d911e9c4465b5eb22,583ef57cb746d7949710ccd882a51242,delivered,2018-08-21 19:12:04,2018-08-22 03:55:15,2018-08-23 12:01:00,2018-08-28 16:36:50,2018-09-06,d161e69247c6bb129741ae40347d9d1c,2018-08-21
591697bc2284f1e5acb373a47ff9f0fd,e617f9af2c4e5229546cf4102bce4d42,delivered,2018-01-26 20:37:19,2018-01-26 20:53:22,2018-01-30 23:38:48,2018-02-21 17:47:14,2018-03-01,7e0f30085378ad6155c5d42d94e6c365,2018-01-26
aee8131e9015100163acf980dee10533,7a375a6afdd7f2db74c57a74568439fb,delivered,2017-05-11 14:04:20,2017-05-12 02:45:20,2017-05-16 12:18:10,2017-05-24 18:53:39,2017-06-08,853e396ef794a4eeae9b8ef67f974b6a,2017-05-11
623782c0605b507c31691b1fff4dc299,7e358e84314f95f1ba53d7782a34037a,delivered,2017-03-01 21:44:05,2017-03-03 02:10:42,2017-03-03 11:01:34,2017-03-08 14:48:01,2017-03-23,ae484a0d7d686f25d7f81a2b442e059c,2017-03-01
81f667f73efffe2771ab8b77d326f1ee,0219e8c875d04bfff5a49b0555a08e89,delivered,2018-02-14 21:17:34,2018-02-20 10:07:45,2018-02-26 20:32:59,2018-03-17 19:12:51,2018-03-07,8ed5c9e86c5523080c5ca26609825599,2018-02-14
382dc35d6a778251ca13cf1a68a5128d,ee1435be88c6663ac63aa3e43b0c3112,delivered,2018-02-28 13:43:17,2018-03-02 02:10:57,2018-03-06 20:04:29,2018-03-23 03:16:40,2018-03-29,6be9721316c4b18ab264218e97c1a89c,2018-02-28
18f4834a46d0ab990c2e0b565fdf646c,bf46322ae97e484afe52808f7e357ead,delivered,2017-12-07 10:00:07,2017-12-07 10:12:26,2017-12-08 20:08:51,2017-12-29 16:56:16,2018-01-04,49c05eb9718973be96c8f67d3bbcee59,2017-12-07
3040894afb173b3e85c8f03508f46a51,46b980cca62c88e12505b6c87e37194e,delivered,2018-02-16 07:12:09,2018-02-16 08:07:37,2018-02-20 00:42:35,2018-03-02 14:39:06,2018-03-15,321d812c2c8962fc8e10fa67b6fc5a8f,2018-02-16
c5ed857804a0f52fd862cf81de0b261f,7538db9c4874300aadec63e501ad046c,delivered,2017-02-19 19:10:30,2017-02-19 19:22:19,2017-02-21 13:59:12,2017-02-23 08:57:51,2017-03-23,06435ea24fa29c3b3727990f2f67d7ec,2017-02-19
95dae95803419f516509a4b5fc8a2d09,0404d1fae25bd35102d36861b05e0108,delivered,2018-02-21 14:28:54,2018-02-21 14:49:24,2018-02-22 22:52:01,2018-02-26 22:32:27,2018-03-15,2795c58c219802a191224d7756c24679,2018-02-21
679444cad1d40f241461739afef6add9,268b639e32e5d28e8cfe379fc1fdd3f1,delivered,2018-04-16 14:35:32,2018-04-16 14:51:12,2018-04-17 16:03:24,2018-04-28 14:47:37,2018-05-22,e66f33ecd0aa6099d6378a8752b026ec,2018-04-16
d29a401d12ff3433597a0aa1d17d37ba,4c0e8d666997c501202d811cb61c4ec7,shipped,2018-04-20 20:14:41,2018-04-24 18:38:45,2018-04-24 16:42:36,,2018-05-16,f6dce53c87565ce82b8a2286a54d4c42,2018-04-20
63cd6c93d785b3b54d7955bc5fd74c3d,2872db8bee140b1c1f86b8a3647bc83f,delivered,2017-11-08 17:50:29,2017-11-10 03:11:24,2017-11-30 23:47:16,2017-12-18 20:39:50,2017-12-01,aa68ea9af3ca240acd9fb5e416ede248,2017-11-08
fb028e12fd2759b233545fd4583ba026,305236c9ed47b8d84f14d18c87841daf,delivered,2018-03-29 07:31:55,2018-03-29 07:47:14,2018-03-29 21:51:28,2018-04-05 17:41:45,2018-04-17,2de1be5a38c9460c6bfd2bec3c4df80d,2018-03-29
f28d2797b047549663f2e82b4afbdc1e,fa60dc846cc1ab755dd1768fc500b400,delivered,2017-04-06 18:47:46,2017-04-06 18:55:12,2017-04-10 14:24:52,2017-04-12 08:22:43,2017-05-19,f8abc116dfd2fedc52825bae1ab37a67,2017-04-06
3d7264091d686b71e3250b37f6ea6f07,3d46e2b167c26a577fb12420046629c6,delivered,2018-02-14 19:52:45,2018-02-14 20:27:06,2018-02-15 18:41:19,2018-03-02 15:46:47,2018-03-08,1f80b9b457fcf4c37779dd5bc661b9ce,2018-02-14
f7e76d88532589dec3eca969d70af654,eeed45d421233a092443e8a5714a4755,delivered,2017-09-08 06:48:01,2017-09-08 07:03:46,2017-09-12 22:07:33,2017-09-22 18:38:55,2017-10-04,4e25dcb638fd85d4d08c8218145357fc,2017-09-08
5d09cfbc4fad0ff520925e4b6d6c4b75,849055ab6cd4bbc743b31a7a5f218b8a,delivered,2018-06-26 16:37:03,2018-06-26 16:58:26,2018-06-27 13:03:00,2018-06-30 14:02:56,2018-07-18,01922cf678f7c6d925421a273a885fbf,2018-06-26
96b8bacb04c05e3e178f33bf738f357b,ee1df5476c09c1850cdff1f73e3a9306,delivered,2017-12-21 11:22:27,2017-12-21 11:30:57,2018-01-10 01:19:16,2018-01-16 17:05:46,2018-02-05,abf6a925f7ebe4713ecb8f67c41ee350,2017-12-21
7920529b8621a433718e66c72a763bdc,5ef5b5c4390be15d51dc7637f3e0bcd9,delivered,2017-11-20 22:35:58,2017-11-20 22:47:25,2017-11-22 23:51:22,2017-11-28 16:54:34,2017-12-11,46ce52f81d681a7597cf5eb4d1a957ec,2017-11-20
37069a22c82db05d43b447a96abf4af0,5740a132befda6003442f8834d5ad458,delivered,2017-12-21 13:52:46,2017-12-21 14:44:08,2018-01-10 01:25:01,2018-01-26 17:47:58,2018-01-22,6e24b7dfafa4be3c48d279cb085da0b9,2017-12-21
59e87cfa722bf039f1379c56d0f97e07,48d13513873378a375f90baf4bb5834f,delivered,2018-08-17 14:01:36,2018-08-18 11:55:12,2018-08-20 10:20:00,2018-08-22 16:56:31,2018-08-28,b5da5d0a329cf6e06dea9b309ecdc28c,2018-08-17
22393c9bb58fd23ba0aaf68dab5094cc,e46731ed04dacfd209c14dff32d96e58,delivered,2018-05-20 11:04:08,2018-05-20 11:15:18,2018-05-24 12:25:00,2018-06-04 20:03:52,2018-06-06,8a5ebddd26a21185101e42434d23de7f,2018-05-20
0c03662cf0a2be624f6cfd189de46224,cc0375db490f28340c99213435819839,delivered,2018-04-10 08:11:52,2018-04-11 10:31:28,2018-04-11 23:24:33,2018-05-02 21:46:56,2018-05-15,da4cc4e2ac4d719b70b3d98f1733dcce,2018-04-10
bcdb2acf83fbdd65aa15e879cd8afaa5,39fca5d473f90b6a8b4cd39f5834202a,delivered,2017-10-07 15:27:15,2017-10-07 15:35:17,2017-10-13 16:13:52,2017-10-23 17:52:40,2017-11-03,f2ab7bd70a9a23df0dac0be98f038374,2017-10-07
eb5ece07af1767cf4ef1f4a8eeed991a,2265dae5343f841be4b12b31b32b9326,delivered,2017-04-18 12:18:22,2017-04-19 02:50:46,2017-04-20 11:18:45,2017-04-26 13:28:19,2017-05-11,50f4e219519575c26207600c7a3f9ad0,2017-04-18
a5b473174cc18cb742dcca534550b5b3,7568bd18487fbdb632e296a69422aede,delivered,2017-11-10 12:40:49,2017-11-10 12:56:07,2017-11-17 12:57:02,2017-11-24 20:41:19,2017-12-11,6838cee3fa0334366859c3fb5867c834,2017-11-10
d04eac33e07f50f9ca76062f344a3dbd,303be88e30298d86fb4b2f794740a059,delivered,2017-07-31 21:26:42,2017-07-31 21:45:13,2017-08-01 19:46:47,2017-08-08 21:22:14,2017-08-18,8397c072f7fd0a7ef7dc1240d58a0678,2017-07-31
812f070ac6102e758e95be181e29403f,614538d4b26bd1763e449494de2968ed,delivered,2018-03-11 10:40:55,2018-03-11 11:40:25,2018-03-15 22:46:48,2018-04-09 19:12:03,2018-04-05,0adf3b0ad1b1b68561e64ab79e890c1b,2018-03-11
19f925cecd63e4728d771fc9ee389f3d,cb2d03b2c38c746356b9d38902960f05,delivered,2017-12-07 11:15:33,2017-12-07 15:32:06,2017-12-08 14:49:11,2017-12-29 19:09:31,2018-01-10,3dafa422e2bd9ea31a31ca1c9b70c7f9,2017-12-07
15e2d9eb38b0fecf6c2bb792d11bfb93,76f0ac2dfd0045e6ea44692fe8aab7ea,delivered,2017-11-30 00:28:05,2017-12-01 11:31:30,2017-12-01 21:41:57,2017-12-07 16:43:20,2017-12-29,2e9a43a3ee892a66b86c7dd6022041ae,2017-11-30
531a41568e23a7a1b2d62fe6e5842149,a4e7f95a56ae5d343df14b2a4558d766,delivered,2018-03-17 21:03:59,2018-03-17 21:15:28,2018-03-19 20:23:51,2018-03-24 19:18:56,2018-03-29,d60f14ed63f435f63b85628a7d41c1bc,2018-03-17
9bd2751f058566408b3584868d9e0c2d,390c2d63ab072df8eca0658f3b9a9f3e,delivered,2018-01-23 00:18:46,2018-01-23 00:34:08,2018-01-23 23:48:29,2018-02-09 17:49:27,2018-02-26,d4e1025ab443665f0aed4e25f5464ba8,2018-01-23
1f720d7cfaf86011d6a8cf13b397394c,5547a5468ff2b3f4c27164dde3546f28,delivered,2018-01-08 13:30:53,2018-01-09 07:19:46,2018-01-09 19:27:05,2018-01-10 21:59:07,2018-01-24,261a77b834475d007b26b16494d7bcbf,2018-01-08
d785a3d0046f381b43dd7b218998b06a,37c7462de8e76bf2b77641876c3c25e2,unavailable,2017-11-11 15:18:25,2017-11-11 15:30:36,,,2017-11-27,187550ba7829d80212753a84d256dec6,2017-11-11
4a422e8c9f64de121752b33d4571f783,429af1faa9c02097973cbcc46dcb148f,delivered,2018-02-19 13:27:53,2018-02-19 13:35:33,2018-02-21 17:55:10,2018-03-22 20:16:35,2018-03-16,e3535a0059a01d1364e590fcf9fadb1b,2018-02-19
1d211ed3ac0f4b3a52d4fb038f02da04,733ab96989cc675bf88f824069034074,invoiced,2018-03-29 09:57:50,2018-03-29 10:15:12,,,2018-04-11,b883334771dea669b6bb0b623b652d33,2018-03-29
dd21ec42c62a6f0292861be657c2286e,553445cd0424821c124c5920122fd73f,delivered,2018-08-19 13:49:43,2018-08-20 11:55:23,2018-08-21 13:19:00,2018-08-27 23:04:12,2018-09-03,0623a77ecb65c1c973663a3a4aedff8f,2018-08-19
1dddc8e72eede911b9b36ff702a8f198,e19f65c224e33e06be44655f7d8a954f,delivered,2017-02-06 10:57:27,2017-02-06 11:05:22,2017-02-06 15:06:35,2017-02-14 14:15:10,2017-03-15,b82cc83c7fa128a0ae245e5ad1dd8dfd,2017-02-06
4f19c6b4e6eec789ace7daa84889dd37,5fb0bfb81349f0313dee8ad96b97258c,delivered,2017-05-26 01:57:45,2017-05-26 02:05:15,2017-06-02 10:16:08,2017-06-19 18:33:40,2017-06-29,6a88124470b2dfdcd14d76a86778eb1a,2017-05-26
1c215cc70a409c7297e2f0f228fd6801,1378dd597bce95c55a86695b2cc549ae,delivered,2018-05-14 19:35:53,2018-05-14 19:57:56,2018-05-16 07:46:00,2018-05-25 17:38:43,2018-06-06,1ad4dbc30056b9ffd37400b026e5bd5b,2018-05-14
0c7c1a76995d6e6abffab973788b1992,e34d3a140f571b7c43b606afb0d5c015,delivered,2017-11-07 21:37:19,2017-11-07 21:51:20,2017-11-09 17:47:02,2017-11-13 16:58:33,2017-11-27,16558848a53e314a1cf4dab75bc5c0e0,2017-11-07
486ca1ee3ed5de201a5efe379082190b,c415a738f28c07a932696776d019070b,delivered,2018-03-15 15:27:43,2018-03-15 15:49:36,2018-03-16 19:05:56,2018-03-29 14:42:14,2018-04-18,65ae5594fc1cdc2166f8787adbb3c617,2018-03-15
cb12723b588f7153304564e192985477,0cf598c859665ba5b58f27857d26f5e8,delivered,2018-06-25 15:29:36,2018-06-25 15:57:50,2018-06-26 14:42:00,2018-06-29 16:22:38,2018-07-17,cff05796c7ae76babed6402b0165f6b2,2018-06-25
1bb89d713790b13c538111b4e0e8c80f,89f02b0138f4585547efe6007692639f,delivered,2018-01-27 17:29:35,2018-01-27 18:31:27,2018-01-30 21:43:13,2018-02-02 21:33:45,2018-02-14,356996e9faf14b86bdd44a5377e24f1f,2018-01-27
51d52f115820f57bd947308b77f392db,8a69183a69b40f4b931f3c023574edd9,delivered,2017-12-12 13:30:08,2017-12-12 14:21:50,2017-12-22 15:36:59,2018-01-09 17:19:36,2018-01-05,64172a9822a4a2b3d9bd447d67811fe0,2017-12-12
8737b567a657802c6dd1761fdf3c256f,0f51a7a10a8e27e61852fdad564d3c0e,delivered,2017-10-24 19:35:03,2017-10-24 19:49:38,2017-10-26 19:49:46,2017-11-14 14:39:07,2017-11-24,e62939d733b54b22be518ff862ecc3d4,2017-10-24
2fbb05b3ee700e1897b9fa501e416005,b85708f7ff9d1b6fce163c71086084f9,delivered,2016-10-10 15:37:12,2016-10-10 16:02:39,2016-10-25 11:44:28,2016-10-25 20:11:24,2016-12-16,08da95f931937b2c20f5225f2e6c93b0,2016-10-10
88d845f17b3dbf8c5d642a0ffcea2e48,1e876547ea4be0528954ac23b1e48c0d,delivered,2018-04-03 09:02:42,2018-04-03 09:29:00,2018-04-09 18:35:28,2018-04-30 22:48:43,2018-04-19,4d42a6da30084c87412ab016b0eba4af,2018-04-03
5bfb6e0571dfc12cf4710357871f00ba,7ef2fe96dc160d36f8848d6716b31ab9,delivered,2018-04-04 14:25:04,2018-04-04 14:35:17,2018-04-05 17:37:35,2018-04-11 00:08:38,2018-04-26,def2f17d562354f6223c1ad17a4b4cb6,2018-04-04
0e5864ac7bd0aaa12bf5e9eb866e63f8,2348337390df48263dd73fc53b8606b6,delivered,2018-06-08 19:16:56,2018-06-08 20:33:17,2018-06-11 16:55:00,2018-06-18 16:28:47,2018-06-28,6b73d59a0f7877f65bfd742ab3fecff7,2018-06-08
ee263786b14ba18ebbaf5ea65f7e7669,6eb70f7edb8c444d79b48b399f61ead6,delivered,2017-05-17 09:44:13,2017-05-18 11:35:19,2017-05-24 07:59:30,2017-06-06 19:10:04,2017-06-21,62810330c82337428e0db8720016dcb6,2017-05-17
bc8af8ba87a87d3c5210f3ad3de3f659,5238696a92fc34cd82338ca256d49ebd,shipped,2017-04-25 17:43:34,2017-04-26 17:55:13,2017-05-05 12:55:58,,2017-05-31,f849b8ea39f8ae164ab09d6d51be1bf3,2017-04-25
490a106aa6e43aef35bf3ea7d14bd87f,190037940f3c572b5f1bf357de77b6d2,delivered,2017-11-16 14:08:31,2017-11-17 14:25:21,2017-11-21 16:22:20,2017-12-02 04:38:48,2017-12-18,568121d169875772aea1021737ad76d4,2017-11-16
dc12fa02210be1acbcc15ed310547ba0,c42188ecda96aa87f2f7ae67974093ab,delivered,2018-05-11 07:12:30,2018-05-11 07:37:03,2018-05-11 14:08:00,2018-05-25 15:16:46,2018-06-11,f5136b8fc0ca2d9037d400ec1f196305,2018-05-11
fa4a86f6961b73c40db2f5f3199705ad,cf3936d849e31f9a9bacb6f0ccb98fd5,delivered,2017-05-12 15:21:10,2017-05-13 02:55:10,2017-05-16 11:36:24,2017-05-19 15:43:43,2017-06-08,ff9b12e78f7c6c8ad5327b63374c370c,2017-05-12
8c0badb93d803736320343323266425b,c8ad4c1c133f88953574152734c23120,delivered,2017-08-20 19:33:26,2017-08-20 19:50:18,2017-08-21 19:54:50,2017-08-22 18:42:29,2017-09-01,a5a6e6337c82bdb5b3d19fc42ebdee8f,2017-08-20
aad88050b26c8f49d2bd3c87af5b7b19,0d1629a66b1a456b616fd22b238961d4,delivered,2018-06-25 14:24:26,2018-06-27 08:30:45,2018-06-28 14:51:00,2018-07-04 18:50:58,2018-07-19,a24799ffe87b5934c95792755e6d688c,2018-06-25
b7cf59f6158a9fd83ee0c75e95c65af0,c4b3853cb43c44b695d2b86cb2b0b9b4,delivered,2018-02-17 13:51:32,2018-02-17 14:07:54,2018-02-21 21:34:14,2018-02-27 13:39:11,2018-03-06,fe723a20cfca7bef0e6b4e7f2fe1c802,2018-02-17
20e871f0177ed08afbde20c48b9ab83e,b8326a40ee0667ece0fa82835b3fe286,delivered,2018-06-24 09:58:26,2018-06-24 10:15:36,2018-06-25 14:13:00,2018-07-03 18:52:57,2018-07-23,9ae01eb2e0da950979b0cc7090fc49a0,2018-06-24
a0fdcd775c7cf9f4bfa70207f7d6e239,67e270a20e32380799290f749b950b00,delivered,2017-04-07 15:18:30,2017-04-07 15:30:19,2017-04-13 12:26:54,2017-05-19 16:13:47,2017-05-17,e2a591bbf69802b67f67052b93a0f8b1,2017-04-07
4e274937e70553f7fa77357b814afd77,1845aa40e4a2a088735e3d6b87097637,delivered,2017-08-04 23:04:25,2017-08-04 23:23:42,2017-08-08 20:30:05,2017-08-23 19:07:42,2017-08-30,32e85a570c612de24f33e8caf108f059,2017-08-04
b02bd8ab1e9fcfed6347f12a37e01532,5da19ee2d56313a2e88a16b31568dc07,delivered,2017-12-27 11:15:17,2017-12-27 11:22:21,2018-01-02 19:09:45,2018-01-16 00:07:26,2018-01-26,26471c55ce2a9117ad3e402527ba3caf,2017-12-27
4950976b463f24286a8eb3f80a2de8dc,9806e34efdf047eb4175288ac54ec96c,delivered,2017-12-09 16:06:45,2017-12-09 16:14:22,2017-12-11 18:12:38,2017-12-27 18:33:06,2018-01-11,487b8276b2914d7cc08a7da63a441e5a,2017-12-09
059162a0bf2726c87dd0359eef84c878,aece34f7c1fd0c6130f0d8298c1b93bf,delivered,2018-07-29 15:29:19,2018-07-30 15:25:15,2018-08-06 13:37:00,2018-08-13 16:08:25,2018-08-16,82056edeb34b1497e39bb52ae3142b26,2018-07-29
fe586a853555fc16df58af7c72fc30dc,b5d969127bdba5ee81d09c86e6363176,delivered,2017-03-15 11:07:01,2017-03-15 11:07:01,2017-03-22 06:58:37,2017-03-31 16:47:01,2017-04-12,ad9a41097bbd4fb4fd0e84f7b409cffd,2017-03-15
c9740baeefbade2c945acb18f4458c28,1cf5ef75dd5d6d44eaabdd942a78978f,delivered,2017-10-12 13:10:55,2017-10-13 16:56:19,2017-10-26 20:33:21,2017-11-03 16:58:51,2017-11-16,fcd084f9c88541a10205d56a313d9676,2017-10-12
e13fd2b405c7a3685ff6214f38b86e79,44cca1fa7d1de86eb3543ac5bb900c30,delivered,2018-07-26 09:41:39,2018-07-27 02:05:14,2018-07-27 14:05:00,2018-08-02 14:51:43,2018-08-13,f4a94b65d848d7d3d83b55d3627a8509,2018-07-26
421b4ffa3b5162cfda443317c902f866,312f2600c780ef11495b2747d324451c,delivered,2018-04-21 08:51:36,2018-04-24 19:20:41,2018-04-24 19:38:50,2018-04-27 20:37:38,2018-05-16,45cfc55a4d5073c50be858369454fc0e,2018-04-21
dda3f9f30f216722d8012c30ba016663,5cd2839e8d8faa454eac8cb98311be73,delivered,2018-04-06 13:22:26,2018-04-06 13:35:23,2018-04-10 22:52:47,2018-04-12 23:27:41,2018-04-24,c85aa747346fb651773ad0384949c5da,2018-04-06
a62bfc6bc99b59ccb234aa5366297fcb,32db8bd14561bd687e2264e7aa7a372a,delivered,2018-02-27 09:28:49,2018-02-27 09:48:17,2018-02-27 20:39:07,2018-03-05 14:47:54,2018-03-22,9dab87a8390e01d9afeec9b019d02b65,2018-02-27
71d7141d917163379d3bd485bb9a4265,a16137096c93f2569bef62f379f7ed13,delivered,2018-06-12 23:20:33,2018-06-12 23:41:32,2018-06-19 14:31:00,2018-06-29 11:24:44,2018-07-12,3c47dfe68c3af2dbbf662331f698c3e2,2018-06-12
fd5b9b48b02b126417d2c44352c783bb,93b714c0a47ab24bfadeae5a0d33ce12,delivered,2017-04-29 20:00:43,2017-04-29 20:10:19,2017-05-03 09:40:53,2017-05-19 09:51:20,2017-06-05,8123bd292b5074afd2f169532cd8041f,2017-04-29
f70e7bfddfbd645f0a0b45d6b1815e98,f8e2c69fceb19e32d3bf44633ef40f5f,delivered,2017-09-27 22:55:18,2017-09-27 23:07:18,2017-09-29 18:07:51,2017-10-03 16:47:43,2017-10-19,286f543bf02b25afdc7fc73cd07b727d,2017-09-27
7449beca42d01504e128802e11560201,577ebb5b9d8b9c4f42a89430683dc032,delivered,2017-02-09 20:03:28,2017-02-09 20:25:26,2017-02-10 14:04:05,2017-02-17 08:52:12,2017-03-16,d3202f53ac6ddddfd16d23d26b0cf6aa,2017-02-09
75fc2d6227460881589d526e733e0499,1c046c32f1026cd41aae355ed7c8585f,delivered,2018-04-26 21:39:21,2018-04-27 08:12:13,2018-04-30 15:09:00,2018-05-02 19:04:58,2018-05-10,d4810b4aac3f3fb339b0857b88021f12,2018-04-26
c2d986bdce3f3823bbd8b8b4e37f5727,dc971e038785f1115cdac2d3f59a33dc,delivered,2018-07-23 19:36:17,2018-07-24 10:31:43,2018-07-24 15:11:00,2018-08-04 00:44:29,2018-08-17,8a1e8b556fd5feb59a63729b5341e71a,2018-07-23
aa07f635676a372d30a2ed5b2c5e5f0b,6dac8c7b9424e39244722510acbe31eb,delivered,2017-06-23 10:32:11,2017-06-23 10:44:08,2017-06-28 11:29:31,2017-07-12 18:58:02,2017-07-19,3940057886300e363df2dd94958e3d6e,2017-06-23
6582cf66806f42b2efd341d44fb384f4,e6483e4d87d4b29e45d299d8c2cce5c9,delivered,2017-06-08 08:52:19,2017-06-08 09:55:07,2017-06-08 14:07:55,2017-06-19 18:30:02,2017-06-22,2aedf0bc7d7202ac00a0d7bea68a310f,2017-06-08
4210d6c8e386746480631c5c8075e77e,9f0595b5f15640ce9e6473221ed313be,delivered,2017-09-23 13:01:13,2017-09-23 13:10:10,2017-09-25 19:21:18,2017-09-27 18:09:54,2017-10-10,22d06b0463d386772d188dca830cbada,2017-09-23
55529dc7cb99d0befad66b19ad9adc8d,8caaebb31592d2d5431d4a0b856ad536,delivered,2018-04-27 13:39:47,2018-05-01 05:32:32,2018-05-07 16:10:00,2018-05-17 16:25:30,2018-05-28,c0c1297e485ae1ada2be4d451d8d42f6,2018-04-27
45aa62cda08ddcf57a8d58b5fee12500,f67cfba90391093c3309e5106905fb31,delivered,2017-09-27 14:56:02,2017-09-27 15:07:23,2017-09-27 20:24:48,2017-10-02 19:17:13,2017-10-19,d35e2ff296ea858fbe0277a50bc714a6,2017-09-27
ad9d242e1b6aefaa8945ca684dfe813d,a7ac775d0a436281feed636df6562969,delivered,2018-07-04 17:45:20,2018-07-05 16:07:06,2018-07-06 11:27:00,2018-07-12 21:21:30,2018-07-30,43c79e5f812b2b7cae786bb0efbf2d88,2018-07-04
c53079ef16fa59b2fec31f6f48dfd186,94ada3085d63aeb141e94cbf631078ce,invoiced,2017-10-24 15:12:12,2017-10-25 02:14:26,,,2017-12-04,ee045b90faf4a12331e1d98f86b71e71,2017-10-24
e5ab0577510f6cf1d376b14deab49b24,c2965054d8e754a1265437c9b79bea95,delivered,2018-06-22 03:14:17,2018-06-26 04:59:15,2018-06-26 14:13:00,2018-07-06 11:14:48,2018-07-19,282b891fbc896965aa4bf4673d2418f8,2018-06-22
7e47240215d1672082248c49887b245a,b916419c11af91b5f41d6c227c2562d7,delivered,2017-10-13 14:45:04,2017-10-17 04:24:39,2017-10-20 11:26:57,2017-10-24 19:46:11,2017-11-03,f8777c0c5c96632fe9ded01856cb8c82,2017-10-13
fb469bc8a14b598d891a004c34546078,8cfccb3fb973f58b56ba50e213092e4c,delivered,2017-11-29 18:11:24,2017-11-29 18:37:23,2017-12-04 14:37:08,2017-12-08 16:03:13,2017-12-26,eefe1ea56c1116469d9f0a77b903a188,2017-11-29
f5c0a50fca24005a875520606aaad7a1,c87dce09fd74bdb86531c5787982a840,delivered,2017-02-13 13:23:46,2017-02-13 13:35:16,2017-02-13 16:02:06,2017-02-22 08:13:52,2017-03-10,ef894e1773fa0e4d5200562696788aad,2017-02-13
0953ccb40a8fb30d5fd5ce0c06bbf4ad,b08d8e609d55b8d13dafb964bfed9acd,delivered,2017-11-23 19:50:30,2017-11-23 20:00:39,2017-11-24 19:04:33,2017-11-29 21:57:02,2017-12-15,463f4877f80ecb1068b9369b237999f8,2017-11-23
9eb628e57f6ac8d0e5ef022e6bd9030c,43540c600261f22e0dc1f2d1141c352b,delivered,2018-01-20 15:46:57,2018-01-20 16:01:05,2018-01-24 19:46:40,2018-01-26 14:22:16,2018-02-19,48400760df76c2bf8106c8999d82e80a,2018-01-20
23d80303690482f9b28107267da8dade,cf6e3740f099572bb867b5fac9b3d375,delivered,2017-05-16 16:20:43,2017-05-17 16:05:14,2017-05-19 19:32:02,2017-05-29 10:36:42,2017-06-20,8fad625c728b6a1dbbbba0502c7285fe,2017-05-16
595ea00662b10b0cfeed71a17c7df49a,e63c09c2673a53564d751b260587670d,delivered,2017-12-12 23:48:39,2017-12-14 02:11:08,2017-12-14 19:58:56,2018-01-16 21:19:09,2018-01-09,caad1c1cf6b6a030e4d6958d7038bfc0,2017-12-12
d80681e64c64ae8f7056f86223e646b7,71f089d61cea57c60865409a6adefec0,delivered,2018-05-30 09:03:01,2018-05-30 09:35:10,2018-05-30 12:30:00,2018-06-05 17:19:35,2018-06-25,635aa3bbff322f693323857b56eff037,2018-05-30
a4f9f0de4e3a9448542ac5a53197839d,dde52768b1a81f7cb1ba0e73dfde59e4,delivered,2017-11-19 18:02:18,2017-11-19 18:26:16,2017-11-22 17:44:46,2017-11-29 00:18:51,2017-12-15,e8eb2f666ca9325e5dcfca80e60576ae,2017-11-19
77aecc9798d57db2f5a83579783cdec7,f79c95fa7462b1cb87c31e3b68e30b5f,delivered,2018-05-15 22:09:21,2018-05-15 22:33:51,2018-05-16 15:27:00,2018-05-17 20:18:39,2018-05-28,2d1685d91e7c5959eba292c2a484ab05,2018-05-15
d3cef289324500ecc29f7f0697299919,369476ab6e09d8c6c1a3d59a662f607a,delivered,2017-11-24 19:11:53,2017-11-24 22:39:28,2017-11-30 01:32:19,2017-12-05 19:29:03,2017-12-27,0e720d86277d573d1f63b61447f09d69,2017-11-24
334ed4f858d2361daeaf939cd365c42b,d61a25bb79ab12320b1c6a873f3eb1ad,delivered,2018-06-27 09:18:25,2018-06-28 02:15:51,2018-06-28 18:08:00,2018-06-29 16:14:49,2018-07-12,6edeeed37ddd3dee7559f358b023ef9b,2018-06-27
5575cc86f17fbd16ed34491f6d50aee5,b70aeb2786fcd9d124d4a8e00368381b,delivered,2018-06-29 11:31:08,2018-06-29 11:51:27,2018-06-29 13:32:00,2018-07-06 17:52:39,2018-08-03,f03018a3d9baf890acef8ac0c5436844,2018-06-29
c021ea4a80ce0d1bce358a2f831c34db,d5868f39eb4669f88b12b8f3d0d294d6,canceled,2018-08-07 15:40:54,,,,2018-09-06,d6da88f652fc0f69dea0db20393a752d,2018-08-07
8c600fe7313f8812bb80d7049fb7031a,a486d2f4e67998e7c7e945dd4b801260,delivered,2018-08-14 17:26:15,2018-08-14 18:24:01,2018-08-20 10:57:00,2018-08-25 00:08:29,2018-09-06,0eb0dd012a70c19cf133b47aba8ad6f8,2018-08-14
118336b5857e4150a37c03273f5da089,0916ccfc0748fba303c17f71caa2e34b,delivered,2018-04-05 00:25:15,2018-04-06 03:28:22,2018-04-07 01:22:44,2018-04-14 17:55:20,2018-04-27,cef2042a8aa3e8cda7738e11a0d19399,2018-04-05
d9877e15acab7084c36ddb2cdc47cbc5,09c37992ede0b3ef2b7b444d76ea484b,delivered,2017-05-17 16:50:43,2017-05-17 17:05:13,2017-05-19 17:58:11,2017-06-16 10:04:57,2017-06-08,68a583388d8e467ef321890883f7016b,2017-05-17
44701fee78d50ad4307eff3c630a4f24,94736ebf57b9caceb018f767340a8f59,delivered,2017-03-13 14:31:08,2017-03-13 14:31:08,2017-03-14 10:45:06,2017-03-19 07:41:53,2017-04-03,1c9beaea36b8b6f2e959b7b46094747c,2017-03-13
a642fa6ce51876af02674a0997845469,8e3df270b06ad7bc9e0f93bfe075aa90,delivered,2017-07-28 17:41:01,2017-07-28 17:55:12,2017-08-02 19:41:00,2017-08-12 17:05:27,2017-09-08,23fd47f36200b41a0fa9df9abeabb738,2017-07-28
0096668e5b0b8e9657a6f7209a4e58b4,b6fbaad4eb3a0794111683dca8122610,delivered,2018-07-11 13:33:21,2018-07-11 13:46:36,2018-07-12 10:23:00,2018-09-17 14:42:46,2018-07-19,839ec7c231c579ed10ddab6610f8f12b,2018-07-11
5c87df1bf58be29c3a7f6d8c8ef5648d,e0afbbcd78556accecc9538e96dcb217,delivered,2017-08-28 22:08:13,2017-08-28 22:24:34,2017-08-31 17:32:59,2017-09-01 18:49:57,2017-09-08,662cf4a9ef8a71f817f9aaedaaa3199d,2017-08-28
9e5a1beaee5b0847c3254738fe668243,cdae1aa477b74c82203974ef56a06604,delivered,2018-02-09 11:03:02,2018-02-10 02:36:04,2018-02-15 21:20:14,2018-05-04 05:12:09,2018-03-09,decf5e95920bb2dc3fe659c102dbbf70,2018-02-09
133653359984cfee2030890e2e117e8b,410697da59f581a4f92b665a15051cba,delivered,2018-02-02 20:29:27,2018-02-02 20:50:52,2018-02-08 00:45:59,2018-02-20 22:33:51,2018-02-26,6863a13f83b23b789d6a7219d5eda9c6,2018-02-02
6301066e2dac8d64b49ee0cafd9c727e,27b6e4c5866e60ba12262a3f16354657,delivered,2018-03-26 19:41:21,2018-03-27 14:55:35,2018-03-29 17:03:32,2018-04-02 17:21:23,2018-04-06,82f613051d507d5b4a9b3cca70057616,2018-03-26
12734d5805fd317dc486f3630fd82bcb,eaea4d8d2b6dc3c8f55676d6b5455055,delivered,2017-06-05 10:32:49,2017-06-06 13:15:14,2017-06-08 17:17:58,2017-06-19 20:27:48,2017-06-30,e0c67c09cd9a1143a62477fc0ea4347a,2017-06-05
e2e85885a15f712ba00eb35cf5be7cfd,bffec816107aa26f6836f6fa687c9039,delivered,2017-02-18 12:36:08,2017-02-18 13:10:16,2017-02-20 16:22:47,2017-02-24 16:12:15,2017-03-30,9060b6b1f3023237c45bf25aba446795,2017-02-18
e8bbe1e50121557f66b60660a6b62289,450a256c32a90629c3d89c1f38f5cf32,delivered,2018-05-27 18:14:56,2018-05-29 03:35:19,2018-05-29 13:29:00,2018-06-22 13:58:41,2018-07-12,9aae8213ff9bc04cc3ce48b85f43a173,2018-05-27
7141b87b44fdcff68e7feeb4a99fd6c8,d21df30b8f969a6cfc3f8a39b45fed72,delivered,2017-10-11 07:32:40,2017-10-14 18:35:07,2017-10-16 14:57:58,2017-10-23 18:58:53,2017-11-03,f5931c0b7b57859851449d62a64e37ea,2017-10-11
c410904a63a021b7cc16816947ea4769,5dae3234ff8f2891c3ce08f65f791d1e,delivered,2018-03-20 14:04:25,2018-03-20 14:15:33,2018-03-23 23:08:49,2018-04-17 00:39:52,2018-04-17,6e28e785f4011cbd0616332a9db3d1aa,2018-03-20
0ac320cb8bc861f5745b6406074d960a,347f08af0418f504b8c7faaeb6c5a367,delivered,2018-05-31 13:00:29,2018-05-31 13:15:16,2018-06-01 11:57:00,2018-06-06 15:03:44,2018-07-04,59c2d3b87536dc2fc9745d625519292e,2018-05-31
204438d765af0adaf4edd282a01c735e,5232d7881a1c0c3752674ca351c2c5de,delivered,2018-08-08 17:57:51,2018-08-08 18:10:18,2018-08-10 12:26:00,2018-08-15 20:02:51,2018-08-20,2d53a06bc53cb76c5744e1659361aaf2,2018-08-08
d1a1b353059e100c7c271feb85daafe2,26b9df47600a751ee3d6e57c1dd9b560,delivered,2017-10-23 14:29:19,2017-10-23 14:49:17,2017-10-24 20:13:22,2017-10-27 19:09:10,2017-11-30,c87ac9ecbb3f66b02622001bbb3eeff4,2017-10-23
40fd591202d04d78c987cfc6990ad237,1f4eae24bba3f706b3f8db9a4cc8c950,unavailable,2017-09-24 15:58:12,2017-09-24 16:10:10,,,2017-10-18,882ec00054fec90395323a306ae89f46,2017-09-24
bb52ced4489bd747f0cd5a314b973f0e,bbd6934051fed7ac0842045fd9b24e27,delivered,2018-07-14 19:22:14,2018-07-17 04:31:38,2018-07-19 08:53:00,2018-07-27 17:11:56,2018-08-13,561d195b5549cb0973d6fc2357b0b20f,2018-07-14
b4f893e0215b50346c1efd59f3a8962e,a7b403d3e6d0a8e245dfa476a003cd24,delivered,2017-12-15 16:03:07,2017-12-15 17:00:57,2017-12-18 20:05:50,2018-01-13 00:52:57,2018-01-22,cca4932933201cc824526a5cb5e10ee3,2017-12-15
aff9437f91ba611b2a2fdd890e826d91,2bf9abf5f27e13dcaa8c91c036473895,delivered,2018-02-06 21:07:48,2018-02-06 21:29:40,2018-02-09 14:57:34,2018-02-14 21:58:58,2018-02-22,559b4e068cbe3b0fe760abd5baad57a9,2018-02-06
8d9c408abef22868d40547ecd87d327b,aad6d1a76f57eb4025d1a8eccbf24437,delivered,2017-06-30 09:06:16,2017-07-01 04:55:25,2017-07-03 10:45:01,2017-07-05 16:03:49,2017-07-24,f3a11c969ba460e0788b2745a93ea65a,2017-06-30
195f145ac1c5e473431a8b605fd8a7df,11a740e9fc98568cbc38f920e92c850b,delivered,2018-01-29 10:14:02,2018-01-30 04:31:07,2018-02-01 17:52:58,2018-02-20 19:55:04,2018-03-01,966b7355ef72f80ea960de14a57fd686,2018-01-29
49ca71290aca256140005165217e2644,57ea4ab67c545f039981125c28fbf3ed,delivered,2017-08-29 21:46:03,2017-08-31 04:31:21,2017-08-31 19:53:05,2017-09-14 17:33:19,2017-09-21,10098792fe3438509a12a3dbe490dc2b,2017-08-29
f0c5109edd3bd711ebbffac37016ac1c,d6585a7cc48b6183f11641f735dd3f6e,delivered,2018-04-05 11:44:38,2018-04-05 11:55:29,2018-04-26 16:29:00,2018-04-30 18:08:27,2018-04-18,22fd1884325c81c96ff845702b141796,2018-04-05
e865bd184ea97ef3be5f3a47a0be59f0,081827aeff138dbb3a5b6d8ca7eeac23,delivered,2017-09-11 13:21:02,2017-09-11 13:37:56,2017-09-13 19:32:45,2017-09-19 23:41:46,2017-10-04,1f5b7bdb5557858a31118800110efc0e,2017-09-11
99cf68b71ac96d8b4c0f20dec410d8fd,074ed25364c115f9e35c10d260b87780,delivered,2018-02-01 14:04:51,2018-02-02 02:54:12,2018-02-05 17:35:53,2018-03-20 19:06:33,2018-03-01,f00c99264fb9ffc45921e4d276e0da00,2018-02-01
3f7ac2772804d1316e995c3621024c7f,24c4a139416d9ba7fc593a3dc162df8b,delivered,2018-03-11 11:38:50,2018-03-11 12:10:02,2018-03-12 23:11:22,2018-03-15 16:58:44,2018-03-22,3be9c553e23e8c83ced423a32f5ea1f0,2018-03-11
4f922bb38b84918b2711a293c04055aa,edc982d0c07e8652a9d589a8d88fdb7a,delivered,2017-12-01 11:05:34,2017-12-02 02:52:20,2017-12-12 00:29:02,2017-12-21 22:46:58,2017-12-26,5ebe183df26c51bcfb30f709ea794080,2017-12-01
5bee1275a1f504f2f52c69e8a0533a2d,ff18d77e35600709ff43a4644f9eaec1,delivered,2018-07-15 07:09:48,2018-07-16 14:30:56,2018-07-26 07:18:00,2018-07-27 16:35:40,2018-08-01,7a66c1d02d78ab0cbff0f9446d99d238,2018-07-15
17c1ae37e6e096d8059b53c96a21ea9d,06c43f008d5fe07b07911ee6a4d16100,delivered,2017-11-24 19:15:15,2017-11-24 22:36:49,2017-11-27 12:44:58,2017-12-01 20:07:33,2017-12-21,f7b47595543652d859efbc3f33f7bbcd,2017-11-24
332c91ab63b630c1ecd7d5b100ce43bd,c2d8b365f68fcb1debcf27cf9a3322ac,delivered,2017-07-22 20:38:40,2017-07-25 03:43:52,2017-07-29 13:49:44,2017-08-11 14:17:34,2017-08-29,2bf99c4f9877fa445ec3aff385930b23,2017-07-22
410ff79f9ba04f27006e7f6123bf486c,e8a583567b6f219150acc1406bbe769e,delivered,2018-04-01 14:13:39,2018-04-01 15:08:30,2018-04-04 21:28:30,2018-04-11 21:51:57,2018-04-30,f99976d1d88d55bc06d73a6067f418d0,2018-04-01
735349ca95c43f6af88a10437821de08,6c99c2743ac8c7f04fc33d796f7b93a2,delivered,2017-10-15 13:33:52,2017-10-15 13:49:21,2017-10-16 22:52:15,2017-10-19 16:22:48,2017-11-08,5f88aa929c85ba484b884c2670662dfe,2017-10-15
9c1b3da77c4477dc54252547b9f93312,322df87939dbce240b026201c91603ae,delivered,2017-03-16 00:01:12,2017-03-16 00:01:12,2017-03-16 08:57:15,2017-03-20 06:57:39,2017-04-07,c38301e466361fa062d52d47d4e57788,2017-03-16
ae4580214e2a8a708272e357b88d4ec4,966494554a31cf57b149a2ca4da38fd4,delivered,2017-06-07 22:18:23,2017-06-07 22:30:09,2017-06-12 11:04:10,2017-06-19 15:27:41,2017-06-28,4a03730402e5a03b6c26b10122ddc8b4,2017-06-07
79f6a9bb3d0d92e29f2c0fdc60940e41,d5fc46a42d50c2688f49d78f45e76cfe,delivered,2017-03-25 20:21:09,2017-03-25 20:35:08,2017-03-27 14:45:14,2017-03-29 14:14:11,2017-04-13,5a1831e0ed9768e304daaf6752ac91f6,2017-03-25
d4308c105262daee5f407e855f5c1e25,ab5cf57386da1f9ca72e6d68e511daa1,delivered,2018-07-08 11:09:26,2018-07-08 11:25:23,2018-07-10 15:37:00,2018-07-17 23:08:33,2018-07-30,0ffe9210039b13d22cb30fe5fbd501a8,2018-07-08
688c77c72e79654a39228923333fc18f,77f7c604e368a8138a47ca081a232508,delivered,2017-10-28 07:10:49,2017-10-28 07:26:05,2017-10-31 14:59:43,2017-11-08 20:51:56,2017-11-21,09fe8ab1462ab9578e8b5ca1bcf63947,2017-10-28
a9c1797126d283581f739c4c96640963,77a385ed7574f6d6da77902de5abbe18,delivered,2017-07-17 22:08:36,2017-07-17 22:23:48,2017-07-19 16:32:20,2017-07-25 22:36:47,2017-08-11,2c693e71cc2c3b66b36ecf55c7668f49,2017-07-17
ba3d713d46b9dadf35bf0ab911b06408,8d3b3107ff3d5416c2aaede11192d34b,delivered,2017-01-13 09:02:32,2017-01-13 09:10:10,2017-01-13 16:11:22,2017-01-23 17:09:01,2017-02-23,fb67e36c7821196d862282dc44ead86b,2017-01-13
2ab0be5175c93d7e68f1d91459183a87,32224721a96f2124f81c29c03cb00f9f,delivered,2018-03-29 18:23:25,2018-03-29 18:35:50,2018-04-02 23:31:46,2018-04-18 18:05:40,2018-04-18,e627a946f4e539a31e1743a053c865d2,2018-03-29
969eb8582a6eb40b1d3a6c28b4193a55,0ac9820adc762a4eb29aca5b4df47847,delivered,2017-10-02 17:43:54,2017-10-04 03:04:05,2017-10-06 19:53:20,2017-10-18 16:38:25,2017-10-25,effdafe34c3a8fd08ce7678cfb73e675,2017-10-02
883b467852944646af1b7eff7c0f5d35,77cdcacc9685e05bb13f514d180d1cdd,delivered,2018-06-15 08:23:31,2018-06-18 11:02:30,2018-06-20 13:09:00,2018-06-21 23:55:30,2018-06-29,10b442e762ba8a5ad22de5ba2207e5f1,2018-06-15
cc93f3b0bbc28bf5e1bd3ff40b4b2666,6a7add565bee8d10537837268f674a76,delivered,2017-12-22 14:45:15,2017-12-22 14:58:24,2017-12-28 19:58:03,2018-01-03 17:58:03,2018-01-22,e7063b5898bfb640e26cb07a8c12f835,2017-12-22
f025bb97dddaa40dd4f6132f1a13abc9,07d57c4ab3e35e1f8d78c7c816f9ec6c,delivered,2018-01-21 20:04:16,2018-01-23 03:52:33,2018-01-23 22:51:54,2018-01-31 00:32:21,2018-02-19,c133c545d042d995a3b953bad577cc90,2018-01-21
7ff9f85b17d5d633e604956759f5cca1,435cc2e67028491d872d747c15ce41a8,delivered,2018-05-06 15:35:28,2018-05-06 15:50:35,2018-05-11 14:53:00,2018-05-18 14:18:45,2018-06-01,525dc103430f167f9b4dcb300393b1b8,2018-05-06
901db8b5147279a8318455a65fcd653e,9f86f950682d984973f7514d94bedb98,delivered,2018-02-22 09:48:01,2018-02-23 02:15:36,2018-02-26 18:54:15,2018-03-19 18:48:49,2018-03-14,580d1824723e1ffd2baf1d1fcf9d558d,2018-02-22
2eeb4bc46c835dd71feabd29e503b3a7,ce6c72a5c10e8d9da4e5c070221fc83d,delivered,2017-05-07 17:20:47,2017-05-07 17:35:08,2017-05-09 15:26:45,2017-05-19 13:37:51,2017-06-06,f6019caace5acb3c12373c4f17b005a7,2017-05-07
5b4e9a12d219f34f5c2de9f8d620b19d,7cc1b69d6b78c7c6e939481920760a79,delivered,2017-07-17 13:57:04,2017-07-17 15:32:30,2017-07-18 12:17:55,2017-07-27 16:24:50,2017-08-08,a17ca519aa3a4ea487eaa5781baf570c,2017-07-17
d323b02e4d09a0a84bda45d240aeb3c0,1db2b65fe180603deddda6476084b52f,delivered,2018-05-28 13:37:22,2018-05-28 13:54:47,2018-06-05 16:00:00,2018-06-06 15:08:55,2018-06-26,a7d0558cdae7a2b18b1ca18680928a44,2018-05-28
8ed4fab28a629dc8ac54a72fd279da02,03418d9b571e1f02f974011713dd2c38,delivered,2018-05-07 09:12:14,2018-05-08 08:56:18,2018-05-09 12:58:00,2018-05-16 17:28:44,2018-05-28,e1c0467a9cb9d19bb9f716249f79bb2e,2018-05-07
482df43f85d48add2d83b40f3737062d,1a2e27ad78a8c2a582a8f29b851a0c13,delivered,2018-04-13 20:40:46,2018-04-13 20:55:24,2018-04-17 01:03:31,2018-04-18 17:39:28,2018-05-02,39230f9aaaab9eba3f6442ced520b1c9,2018-04-13
21b8b46679ea6482cbf911d960490048,1e7c63005e58c8c02c20ef58f76735a0,delivered,2018-05-08 14:23:15,2018-05-08 14:35:11,2018-05-09 14:57:00,2018-05-10 21:18:35,2018-06-04,cf4fa55f22af926c5ae29864635892c8,2018-05-08
b249bb5bc00cfbe2ce917a5a07c72b46,291112ea24a58ed3cf44e795d75249ec,delivered,2018-07-28 21:11:55,2018-07-28 21:25:10,2018-07-30 16:27:00,2018-08-02 19:06:43,2018-08-29,d7a4e3c7f8f94921ebe0b6f850708ffe,2018-07-28
3a70ea20517224ef5bcb72742f0cc439,3cd98128568062ef64935e7e64b642bc,delivered,2017-11-21 21:31:08,2017-11-23 02:47:31,2017-11-23 18:23:08,2017-12-19 20:47:02,2017-12-08,7e1681f9bb31800364869a2cdbe289db,2017-11-21
b87229ec7078f06000a680a6ab38ee2a,905a3805a7e2e8df1ed199d837f0f48b,delivered,2017-11-24 23:45:24,2017-11-25 02:33:26,2017-11-27 11:52:43,2017-12-21 18:43:01,2017-12-21,48c7e6f3fbb28948c98001bafc91a178,2017-11-24
ad499781b21c0094f83cb6df5d672dec,728e8273d534bdc419dbd96ab60b0098,delivered,2018-04-23 10:55:31,2018-04-24 18:33:46,2018-04-30 15:57:00,2018-05-07 19:21:49,2018-05-21,6a711f9219386f50d6d4258bd4d2a680,2018-04-23
2fc1b0a22fa3205a36abfec767951243,1b6d44ecf985f4cc5a3e78f9771f4cf4,delivered,2017-09-22 00:11:03,2017-09-22 00:30:15,2017-09-25 10:56:24,2017-10-06 20:56:41,2017-10-19,c3336a41feea83d0f9633f5cb4aadabb,2017-09-22
4574f007160b73672228b5b6b27f8b92,6986900ddb0096d967609841e537ba49,delivered,2018-04-16 18:49:15,2018-04-16 19:32:51,2018-04-17 22:40:34,2018-04-25 22:42:48,2018-05-07,c6f6de06bc701d5bf62d9e61ca3f20c2,2018-04-16
2beb7e011571a837462a006a779881e8,a26d969df103529ca7d2dc3b8f8a1e5a,delivered,2017-07-24 15:37:15,2017-07-25 15:45:14,2017-07-26 19:17:47,2017-08-04 18:13:41,2017-08-15,c1d17de7f48b64a544769023500456f0,2017-07-24
0718c5bbf159e96715ef033576c56316,b815bc9e9f6b9713dbaa7f27c5b1bab1,delivered,2017-08-06 14:01:30,2017-08-08 04:05:48,2017-08-09 17:11:46,2017-09-19 15:02:32,2017-09-06,53defe9adcb049a5e1001f9d333e3710,2017-08-06
69254704b1ebb61fa514636b0d51542b,f0f535648bfe2cf5a7a03489163faaa1,delivered,2018-03-17 17:19:14,2018-03-17 17:35:44,2018-03-20 17:04:32,2018-04-07 00:17:33,2018-04-12,e7068a73941fb1a8074ab952c1cc4f15,2018-03-17
f849a31dd0dcf26a9af068f40ab197a8,1bcc6431fd96901eaa998ac18b687ef2,delivered,2017-04-26 14:48:36,2017-04-26 15:03:09,2017-04-27 09:39:08,2017-05-05 13:07:44,2017-05-17,a2370b590b2453d5a748d4c4c35f900b,2017-04-26
b65589b94530126b587553d33874aaf7,72447ff46c5271077a40ebcc65d239d7,delivered,2017-07-16 18:53:48,2017-07-16 19:05:09,2017-07-17 14:27:29,2017-07-27 18:22:34,2017-08-10,65ab3020e6a929e4e9a4b61e643da832,2017-07-16
03a10721769c7d8f2fefab105e64fbef,bdae1c8fe3cb5924d3ffb3f2887d2236,delivered,2017-08-11 14:11:42,2017-08-11 14:25:14,2017-08-14 20:53:49,2017-08-19 14:45:05,2017-09-04,b515b4864f64817fe4c75b08b532f92a,2017-08-11
1272198ea0829564b49fe8bb6ad3ea27,2d2ad21a86347b86b40390702d660410,delivered,2017-07-29 15:38:47,2017-07-29 15:50:20,2017-08-04 20:03:59,2017-08-07 18:56:00,2017-08-25,5036f4227f2e546879f581d8fd3e6ec6,2017-07-29
20406ee2d530e69d8cbbb87409cc609f,69e2b2d99d8483a0f04bfea21b2f78ac,delivered,2018-05-30 11:23:09,2018-05-30 11:37:50,2018-06-15 13:35:00,2018-06-23 17:28:21,2018-07-19,1389bb86697a3e75ca0e12aebc352480,2018-05-30
6311e2bf4ff2a50d88a27f8178ed0282,9905bde99309ce3fb208d38a390092d7,delivered,2017-05-24 09:34:41,2017-05-24 09:45:23,2017-05-31 10:52:36,2017-06-07 08:46:32,2017-06-06,f5d013ce02f116af981bd43774985c3c,2017-05-24
144e2a5f3cce02b2f4678bb2bd5107d7,ae70eb1dad4e84497e4ed573ef907ecb,delivered,2018-02-17 10:26:31,2018-02-20 07:16:05,2018-02-23 19:42:08,2018-03-08 23:38:28,2018-03-19,dbbeed4e003327de09805157884b508b,2018-02-17
5a1fff3c127fb5c7f1faea51f9a8310a,3f07acf831ce862f6527b1e299140a23,delivered,2018-03-01 14:46:09,2018-03-01 15:10:47,2018-03-02 19:16:42,2018-03-05 17:12:38,2018-03-13,10e7d7dc0a454a7a085ff0d6e65346c3,2018-03-01
9365bcfea1b55fac36333fe520a9a53a,e2a4d558898ab0fcc9a9b60d3b52f01e,invoiced,2017-05-05 15:52:18,2017-05-05 16:02:31,,,2017-05-31,518de4c3f1112cc288a2e59d9c7ea234,2017-05-05
67b0f3d0a405fc007841f73f2792323b,f358737ffa6369c7c39875bb5ab81cd1,unavailable,2018-07-30 21:40:41,2018-08-04 23:31:23,,,2018-08-03,07a47aaed3703199835441d912aa3c43,2018-07-30
304de8e45238077a307c2676739f3c8d,1d9369de8e15cda03be460dc48b80e9f,delivered,2017-11-19 20:31:12,2017-11-19 20:46:39,2017-11-21 22:19:56,2017-11-24 22:36:52,2017-12-07,53aed757aab107f0a02ec107e4825c75,2017-11-19
40a62332da0cae00581de556c36c00ac,3ec112a237741d9fe3d21f4675fe29b6,delivered,2018-03-03 17:19:08,2018-03-06 03:35:45,2018-03-06 19:59:02,2018-03-22 17:16:00,2018-03-26,44214d543577a9a0041fef33ea2d70ba,2018-03-03
badcf619a4531116e06f0f2f6f711215,f77c7eef15674a5fd3d3c13553ca803e,delivered,2017-05-08 08:53:43,2017-05-09 09:35:41,2017-05-12 14:55:58,2017-05-15 09:06:42,2017-05-26,1a073bf0423277d82e201d983a86ceb1,2017-05-08
fb13f043bf44bf8356e7adb8c08917cf,b5ab7dd63788ea7b1f83fc3f428205a6,delivered,2017-12-06 00:05:19,2017-12-06 00:12:39,2017-12-06 23:48:31,2017-12-21 18:33:54,2018-01-03,118a3106c2751acaec7b49424cefda3e,2017-12-06
5879796c147e015b683a59522938d4b8,cdf4c7f6921c52550bc9c727b8dbfa9e,delivered,2017-09-05 10:15:35,2017-09-08 08:55:22,2017-09-08 21:54:39,2017-09-13 19:57:35,2017-10-03,adbd6d6a556af6ed785a902dff6581ca,2017-09-05
2204bbb697844bd29a5e76a067ca97bc,40fb1854bd3c770f504f315619aa2805,delivered,2018-01-17 13:42:20,2018-01-18 02:11:13,2018-01-18 22:04:25,2018-02-03 12:27:30,2018-02-07,8d7a9e15cab735c9f85a8611ff5a06b9,2018-01-17
220e9a646a779158c953b9bf145606ab,5ffd5a0bcd9c75d85e2b2969181611ce,delivered,2017-11-09 11:50:46,2017-11-09 12:06:51,2017-11-09 18:32:27,2017-11-20 16:37:36,2017-12-04,6d941b3978a4f78f9036c7eecf65563e,2017-11-09
e907b2e33705c695c9086a8e3ba8be42,c4d8ba36994ecea400e6823aea6b9174,delivered,2017-07-11 21:41:30,2017-07-13 16:55:07,2017-07-14 15:09:25,2017-07-27 18:17:51,2017-08-17,2ae9c276a5197266a4ed4987688c0360,2017-07-11
3becc6bf91be2f15e6373b353532e294,9f6b8355f612973c067b66f28c966c5e,delivered,2018-03-28 09:52:38,2018-03-28 10:08:46,2018-03-29 15:49:01,2018-04-06 18:11:48,2018-04-19,18c2aead4577deeb8da71815b89f69ad,2018-03-28
ac1d2f450b51b1b679146ec9877e7d61,ee4a0cd3974fc0e7602d7dc09391b080,delivered,2018-06-14 10:36:40,2018-06-14 11:01:23,2018-06-14 15:05:00,2018-06-22 21:42:36,2018-07-23,a87c8816e47b155f547acdaa19c6fac0,2018-06-14
aa8e678261a5c83986ed3be5314c033d,f67f5e54df9b0d1e64d7f8bdb40aba79,delivered,2017-08-01 16:34:29,2017-08-01 17:20:10,2017-08-02 13:13:20,2017-08-03 15:17:37,2017-08-16,cea77860bd914a494d05aa2d74d8dbe9,2017-08-01
34196d9c6207a12879fa5ac8b3585a20,98fa14e2659110866662ae62046a3026,delivered,2018-05-08 10:40:47,2018-05-08 10:56:20,2018-05-10 11:44:00,2018-05-12 18:16:54,2018-05-24,be29355c60341b357ddbd33496185d83,2018-05-08
1b767ee7dada9fcf77567007fb90c2a8,e3f80f0f73a4b146a20671cbb8291ee6,delivered,2018-03-20 12:48:36,2018-03-20 13:09:46,2018-03-27 20:06:27,2018-04-05 01:38:37,2018-04-09,1c30a8a26206c73ad4574db04965b98a,2018-03-20
37d93a1b01875ccff7ffb170b763b796,b8c2d8bc208411b41172e9bb30aaf510,delivered,2018-08-09 12:50:39,2018-08-09 14:35:32,2018-08-10 13:23:00,2018-08-16 21:06:29,2018-09-04,d2aa470e4c57454dea812ea401a89e74,2018-08-09
a2ade02b971edbc56f74ca5ee48e766e,364494c896e14af987f4ace014b15533,delivered,2018-01-13 12:10:40,2018-01-16 03:34:40,2018-01-17 13:13:15,2018-01-18 16:32:27,2018-01-30,49d500030b7cb6787fe3ce9c2bb33185,2018-01-13
3f698de643d49203acf6e773a09ff631,d14ef07e2e84e11ab9ef6e327e9312f9,delivered,2018-08-04 23:37:19,2018-08-07 04:55:28,2018-08-10 11:40:00,2018-08-13 15:41:34,2018-08-16,666eb33c6a1def9e1e4c8a11f2b95615,2018-08-04
d261f742e37c276d530490e42afd81ba,f01ca018a6840c7c5996bce7dd5123cf,delivered,2017-07-20 10:14:47,2017-07-20 10:30:08,2017-07-20 20:15:44,2017-07-21 17:49:57,2017-08-02,2a88513c7f614b01104e0cde5e587a84,2017-07-20
ca1e3e900a855946e8450397d5336c73,630b17e6d0e50025b0fd34573e6e5647,delivered,2018-02-01 21:16:41,2018-02-01 21:32:16,2018-02-02 15:34:13,2018-02-21 19:23:53,2018-03-09,10f8b486a04bbb2fb812b9b13b0259d6,2018-02-01
9978e0dbae7672b5995553acd12ea6f0,9077d1906497e0ebf4d30e38ca07c5a0,delivered,2018-03-10 11:16:54,2018-03-10 11:28:48,2018-03-13 00:03:33,2018-03-14 17:28:30,2018-03-22,dfe152660626bd0a3a9d6fc4c1e39420,2018-03-10
765f62aa9ec878cf62b1533261ae8e87,68d430cabd68310e0732347be5e9be22,delivered,2018-05-26 08:58:34,2018-05-26 09:15:12,2018-05-28 13:19:00,2018-06-11 17:52:45,2018-06-29,12d20cdd868f3abd1c95a1c75056577d,2018-05-26
13359bb817972f7492a922fa64a69cad,4934ff805b3b425278a6bf155a28dce0,delivered,2018-07-21 10:02:27,2018-07-21 10:15:22,2018-07-23 15:07:00,2018-07-26 17:12:41,2018-08-09,b27739502aee0eb80a4699f471027da2,2018-07-21
356320c581316d9fc10af6ecbdb0931c,5dd1a78c91779125165d545ce97a38a9,delivered,2018-01-20 19:23:26,2018-01-20 19:40:04,2018-02-01 19:55:20,2018-02-07 01:26:30,2018-02-06,ddede920abb1e7884efb519edeca52b6,2018-01-20
bea597ea1f5ff4fa02bcaf403531e944,4a2f70b7ed35b1881bab73d2be8d440c,delivered,2017-10-20 22:34:48,2017-10-20 22:49:17,2017-10-23 19:48:21,2017-10-24 22:43:56,2017-11-01,9a6d3775ed3c4dc33243faf14264f1a9,2017-10-20
e13c7d85f07a4e00c383115a154dcc39,88bfbe93f1c2d378de7fb22d588f9661,delivered,2018-05-03 18:19:27,2018-05-03 18:34:19,2018-05-08 13:12:00,2018-05-09 20:31:58,2018-05-16,1579133af5d1fadd0e5e37ec439ed1ec,2018-05-03
6ca01767c49571ed5701f01124f6540b,05ead51567953ea5f7ec061090d0f424,delivered,2018-01-02 09:08:46,2018-01-03 04:19:34,2018-01-15 21:41:51,2018-01-23 23:43:05,2018-01-24,fa5ec1369edd835e4d64c2698c272bde,2018-01-02
563d79c663703464db20c1c8d6b49b44,db4960afd6e782cffbc6e57b5f8f7624,delivered,2018-02-05 14:26:37,2018-02-05 15:55:35,2018-02-07 20:33:13,2018-03-14 19:21:56,2018-03-06,fab73249cef66d32b0102e3a8dbfbb0e,2018-02-05
214580954d7ba593f5d402590c80d49c,f7b7dbae4f8fcd392494307aa5f645f3,delivered,2018-06-02 21:26:38,2018-06-02 21:50:00,2018-06-04 12:23:00,2018-06-05 19:38:49,2018-06-28,e19d2823a5489529fea91a66466455f3,2018-06-02
652e44f3368f39a67174a6726a187b3c,fd23397154cff65b48495d4188d3f610,delivered,2017-05-16 12:36:37,2017-05-16 13:10:25,2017-05-18 08:22:20,2017-05-19 11:04:52,2017-06-08,baa2381220d03aa74d97baf23302ddc9,2017-05-16
dc3da2a9d0c93951fdc030194d48bb02,8ebb5bcb13deec1375db0fc1bea402fb,delivered,2018-05-04 00:13:40,2018-05-04 00:31:14,2018-05-04 13:24:00,2018-05-09 18:26:41,2018-05-23,f0bc14cc2b1c0f7f28e790bd4d016a7d,2018-05-04
f0865a20899e4f5c8c93070b298ed6a3,a31f56d8dd075d878f0b7bdc851d2905,delivered,2018-04-10 19:46:58,2018-04-10 19:55:22,2018-04-12 00:57:24,2018-05-07 19:50:36,2018-05-11,8d0f0b9706204fc3c419ce5527e8beb3,2018-04-10
9df59efb56784bf4cd310c094c234035,5e89152d3238fc7986e1c5222eb50e58,delivered,2018-04-23 11:46:49,2018-04-24 19:06:34,2018-04-26 12:25:00,2018-05-05 15:44:44,2018-05-17,0eb34a6657a03ec649cfeb4559d0e22a,2018-04-23
72af7514238e36c16453f0a9146ecb52,1ea8e45ffebf367b2f046c8b3c8ff230,delivered,2017-12-01 15:40:46,2017-12-03 15:35:50,2017-12-04 22:52:24,2017-12-11 16:58:43,2017-12-19,bc5b38c4913692426b92b0d40a6ddc1f,2017-12-01
f69ae31bce06a78d626762b53067c7e0,08c95eb831d93a76079d7e24a117db29,invoiced,2016-10-06 00:12:47,2016-10-06 16:03:56,,,2016-12-02,e0998bd9b9ddc78c925d8a815f18673a,2016-10-06
698b8ecdaf8c15fe44343352cff74210,76a4445aef980132c91ca6dcb2506bcc,delivered,2018-04-19 08:33:25,2018-04-19 08:53:56,2018-05-04 14:58:00,2018-06-15 15:19:05,2018-05-09,1317843451728c78f9750c6c6eb6f576,2018-04-19
0dfe811c6d5e59581eb93ef96fc13d72,e51234890e1956bd1cf29cbbbbb42171,delivered,2018-07-09 12:01:32,2018-07-11 03:55:20,2018-07-18 11:50:00,2018-07-26 18:06:47,2018-07-31,2efc483a7a1ab3e87f652394367a033f,2018-07-09
e2e415b0eca67d98cf1b6fb11336025a,0a0a4fa4a067e329684308c3b34046d8,delivered,2017-12-13 20:16:51,2017-12-13 20:29:23,2017-12-22 18:03:11,2017-12-28 19:12:25,2018-01-08,a2138c9b24829fd5b7b4c21ac39be33e,2017-12-13
298065a5a50cdd8643be2945a421f4bc,ff6cd6fda65280fe61323a5ec3d50f5d,delivered,2017-06-01 20:22:18,2017-06-03 02:10:21,2017-06-07 13:35:54,2017-06-12 12:16:11,2017-06-22,aa75a071e0ae16f8214e72d26363f290,2017-06-01
02557013eeaffd86a6cc5ffd80a4b54e,df578de48490fad348557aca8514d6be,delivered,2018-02-17 22:48:59,2018-02-17 23:06:52,2018-02-20 16:49:18,2018-02-22 11:06:23,2018-03-06,87efb3bc38dea0dc5625e73a053724bc,2018-02-17
ba0d5e0e81059283cf50ae9d9d43e4d5,422ab037d254fc398f1f0c44fe05d7d6,delivered,2018-02-22 03:14:54,2018-02-22 03:30:28,2018-02-22 19:09:14,2018-03-13 17:58:50,2018-03-15,9d9b2bcb6155c920fa1c3f132f2755f5,2018-02-22
14cfc006132ad861a3d1b6c7bb9fd8a6,59d32780c34796d374ccbf0c02dcb417,canceled,2018-05-01 11:45:29,2018-05-01 12:14:41,,,2018-05-18,3b80d2592c113d689c05232eb90db0ff,2018-05-01
d1e799b4645be8aef2337253468a31f7,4423670dab211b3b055c27e5c310d36e,delivered,2017-09-13 08:19:01,2017-09-22 17:10:33,2017-09-27 20:29:11,2017-10-05 14:43:13,2017-10-06,00ae9ea276a5a4335382c9391059ddf2,2017-09-13
818b470109d94829497e6d4cef2e0079,e280f4e8a18e19f0f93fa93e18691424,delivered,2018-03-25 19:39:35,2018-03-27 03:48:06,2018-03-29 21:16:31,2018-04-10 22:59:32,2018-04-17,da2a135412e57ee25842fa8278823163,2018-03-25
a3885d945bd33bb3665635ea049b46e4,4248196dd47d5ac977480cd59511e0af,delivered,2018-07-20 08:59:05,2018-07-20 09:23:43,2018-07-20 11:47:00,2018-07-27 22:31:54,2018-08-06,c8b881b82279b110ff7920c69e637fe8,2018-07-20
71ac32ec5a0e7bc1191a964c4ffa9247,b205faaa6caf091b5e037a90f25c6e96,delivered,2018-01-22 12:30:23,2018-01-22 14:19:46,2018-01-25 22:47:09,2018-02-10 18:24:58,2018-02-14,59426584e6d497b599e941914f4a8fc2,2018-01-22
4b8790aad555862909b489f99383b16c,c64e6cd99ad2fafbb731fb38d4f17ca6,delivered,2018-04-24 17:06:54,2018-04-25 17:12:23,2018-05-09 08:14:00,2018-05-21 18:18:23,2018-06-01,eae0a83d752b1dd32697e0e7b4221656,2018-04-24
cf7cd0f395801ff5971596509470129c,1f465a9c67eae2c93ea1dd105785b9a6,delivered,2018-04-24 06:54:18,2018-04-24 18:59:16,2018-04-24 21:45:50,2018-05-08 16:52:39,2018-05-25,d41354e6a6ae039648012f25e66af000,2018-04-24
f75455b78762d30c7e663172f18dbcbe,6b92dda6e324283dbe4969c443e3bf1a,delivered,2018-02-12 10:12:55,2018-02-12 10:28:08,2018-02-14 22:09:36,2018-02-27 23:07:45,2018-03-06,3e43e6105506432c953e165fb2acf44c,2018-02-12
afff419a18c7e010d1e4fd0df0c45940,945913f3d6636b336fae3e340957799f,delivered,2018-06-17 20:24:10,2018-06-17 20:35:14,2018-06-18 06:52:00,2018-06-22 21:08:39,2018-07-19,3c464d1867af52329a4980e916b09193,2018-06-17
342ef067ff890d38864730c89a8776ff,fd6ff62eb00548fcb8744d703ddf77ea,delivered,2017-08-29 17:00:52,2017-08-29 17:10:41,2017-08-30 17:48:38,2017-09-19 16:00:41,2017-09-21,07a62725db1b6ab611d0cdd89184f39f,2017-08-29
8f1d6980e5537dd52cdd222e0794fdf4,38bb507d2633cb3070255ddf8b2daa5d,delivered,2017-11-24 00:48:08,2017-11-24 01:13:41,2017-12-01 17:28:59,2017-12-03 12:18:37,2017-12-08,ffbb6557e45f7158781514f0efddb0d5,2017-11-24
6b20cc3647e96150f914350d12208e9d,24942dcaa62f0890aa97a575367249b3,delivered,2018-01-29 13:52:40,2018-01-30 18:49:56,2018-02-02 00:06:09,2018-02-28 19:52:04,2018-02-21,5cac06162e355ea76921d635ad2ef757,2018-01-29
582da9422bddcddbee36fd48edfac489,7a8401e1da2a596fa58956567b4cdeec,delivered,2018-05-08 11:18:15,2018-05-10 03:09:52,2018-05-16 05:27:00,2018-05-19 13:38:59,2018-05-25,772eba94f32186c933f571e8cc4e0642,2018-05-08
d2816e182d8750e410a4288b16a9ecd6,9cd5e05a30f36125715250b8a012d354,delivered,2018-05-04 12:44:54,2018-05-04 18:30:23,2018-05-09 16:08:00,2018-05-17 20:13:27,2018-05-29,04c3799d1da502e6977882da307f39bd,2018-05-04
7c62cf0327c291a9f3d7d3394b4c0166,464b815e53d5593b7748577c0c8b0c2f,delivered,2018-08-12 17:13:52,2018-08-12 17:25:15,2018-08-13 13:30:00,2018-08-17 13:41:09,2018-08-27,4189ff9ea486c4cd42da6c3dbebb27ca,2018-08-12
8d684f38cd1edd267da04f1d65ec5eff,7029afc830c23ccf0c2edcbdd3d1e422,delivered,2018-02-21 21:15:04,2018-02-21 21:29:15,2018-02-26 20:28:23,2018-02-28 20:34:21,2018-03-07,078f7e669cebf2fb640d0ad0dabb3068,2018-02-21
59e7ca596664da0a459a145eb95cc9c5,c851e38392f26d6a33bfe6f717c0fba8,delivered,2016-10-05 14:40:44,2016-10-06 16:02:26,2016-10-21 16:20:49,2016-10-24 16:20:49,2016-11-25,415ee7f7e65b172382f321e711057114,2016-10-05
a15224cfcb9e6a6d8915714b32c2311a,ef0d13d0138b37bcdc82c6b70c9ce3c9,delivered,2017-08-17 10:01:50,2017-08-18 02:24:34,2017-08-18 21:15:41,2017-08-28 11:34:05,2017-09-08,c69113dbd73f729a1e6c0d6f75446116,2017-08-17
9e64fa6df99d260d54897bdbd85f762e,dc9ae412a0b2da0d7627852dc1e496eb,delivered,2017-12-19 22:18:31,2017-12-20 22:10:27,2017-12-26 20:28:53,2018-01-04 19:43:56,2018-01-22,6d3f380be8557322f458de4b459cc35a,2017-12-19
046100ad996b1c80d13e7e90fccd0560,80aecbe9841e2594daf4211199cec79b,delivered,2017-08-07 17:35:03,2017-08-09 02:45:12,2017-08-10 14:10:03,2017-08-15 19:17:41,2017-08-28,f34e9f318400ab43aece943bf7d6c6ef,2017-08-07
14849d6088ff7e250be24f360af91c07,769c490768f4f4d5287e1330dc46df92,delivered,2018-08-21 16:39:32,2018-08-21 16:50:38,2018-08-24 11:26:00,2018-08-29 14:58:42,2018-09-14,d7d3802e938372dcad74a334666b3cc3,2018-08-21
f9845299f54329dbb79e202ff8301543,c92f41078c09dec4a094e45a6708d8be,delivered,2017-08-09 10:26:47,2017-08-11 04:15:33,2017-08-16 18:19:44,2017-08-21 20:19:58,2017-08-29,ef5208d5587e8fbc3fda6271d870085e,2017-08-09
5b5043f6dc2ed04c3956162d98ee4005,2ff43777e29da5847e6a524a3d105644,delivered,2018-02-28 13:38:38,2018-03-02 02:15:33,2018-03-03 00:49:23,2018-03-16 22:31:49,2018-03-19,d2fa6ec543f3e7dbdb9ad4a1bc7b2e5e,2018-02-28
745377d5b3a162c57200f0b24796bafe,1c46337bad2d54f65733e30e3967d378,delivered,2017-09-07 15:38:39,2017-09-07 15:50:12,2017-09-12 21:52:05,2017-09-20 20:13:04,2017-10-09,4e4033522a311e3660bb42addf44398b,2017-09-07
1bd87f39c9bb8c699ef042b3e79ac18d,bcda0127e53e823248ef84c3f6869b78,delivered,2018-03-19 21:19:53,2018-03-21 09:48:04,2018-03-22 20:51:55,2018-04-10 23:19:10,2018-04-24,5b356a89416c4a69ce35941f4072901a,2018-03-19
30c5c38cb890960278d9a04521f5fff7,1ce7d8b38f4bdfb50ba3cc9136eb0917,delivered,2017-11-30 20:48:07,2017-12-01 09:30:58,2017-12-06 18:28:37,2017-12-21 19:47:48,2018-01-11,7e32bb5af2a11c212fc1fa22cb3cb318,2017-11-30
d469b51abffc6d74299c8a0a56db5314,40e7f92901dab91f3c1b9acbec7d05bf,delivered,2017-01-20 17:41:58,2017-01-26 20:21:56,2017-01-30 14:42:43,2017-02-07 15:46:11,2017-03-15,7465b59810cbcff4636277053dfd7bbb,2017-01-20
773df75aea7caa830e319150c9e54c90,c14f029f1f1925a1094b30437a8425b4,delivered,2018-03-21 20:20:16,2018-03-21 20:35:41,2018-03-22 22:51:27,2018-04-04 18:04:59,2018-04-12,5a4fbd332ca470b399a62dcd8067caae,2018-03-21
364f451ee38a4268d7c15d317021eb35,23924b2105c5376cd6204757c8b68752,delivered,2017-12-01 18:23:51,2017-12-02 11:50:36,2017-12-05 20:17:11,2017-12-18 19:45:53,2017-12-26,3806104dbbc3d14c17b091b3b8e38d59,2017-12-01
636fac4217a01ca1f468baf22a52e945,45d196ca62eb0b8f5f2f3037e417425d,delivered,2017-03-11 09:26:18,2017-03-11 09:26:18,2017-03-17 18:08:42,2017-03-22 17:47:41,2017-04-06,ea5a9bb2e0b17b2f0c9b826ae0db1c22,2017-03-11
a90f9ba8f37b93b785af54fd5a52ada5,e00a6aff8899f38c128b081e5fc9b0b3,delivered,2018-04-21 12:06:32,2018-04-24 18:35:04,2018-04-24 22:37:49,2018-04-25 23:02:42,2018-05-10,e6f007caabe8b4889085f3f8eb33eedb,2018-04-21
08e68e2142974e562f504a105edbba76,b441a818126f1e5aacfcc95a690be79b,delivered,2017-06-19 16:23:25,2017-06-19 16:35:27,2017-06-26 05:32:46,2017-07-06 14:44:43,2017-07-13,6f8d1a112ba99c85aa68bd8e82f6a021,2017-06-19
e5269b1523b5dfd5eb71102c6fd3d8d9,5decf38298507f43551a5ca799ac67c4,delivered,2018-01-31 23:19:49,2018-02-01 02:10:33,2018-02-02 23:51:59,2018-02-16 13:23:08,2018-03-09,28b0b4457de068a35178bbc436db6f78,2018-01-31
e15220c597e20a77d293f05d69bd506e,9e03d982aeea5eb32e6baa70855c4f2b,delivered,2017-10-10 12:39:41,2017-10-11 03:14:28,2017-10-11 21:53:55,2017-10-17 21:38:37,2017-10-23,4c0e51abe036b613850d7d6b389e57b4,2017-10-10
ccaa7f476eec8a9922ac7193691d310b,1bd953cf0bf329cffc57a2787803734f,delivered,2018-07-01 20:13:26,2018-07-01 20:29:53,2018-07-03 10:53:00,2018-07-05 22:43:45,2018-07-27,6150fedf315a60da35736cb17949a42b,2018-07-01
693d0d4622b8c4324e34ae71fe19a58f,9bf5369cd6c87944bc8586fca188efcf,delivered,2017-10-25 13:35:24,2017-10-27 03:10:13,2017-10-27 18:23:48,2017-11-03 13:38:33,2017-11-07,15a6fabd8c57509ef6244ef21f9aa892,2017-10-25
b9a528ec4ad891d009b3dc50588218f1,518443930ad4ef078459ca33a710cf3e,delivered,2018-04-19 08:26:02,2018-04-19 08:35:12,2018-04-27 12:30:00,2018-05-09 23:08:28,2018-05-09,d6df1c8cb71c59d9b52d828dc6d0f5b3,2018-04-19
73fef4e3ee8931c3e71fd76d01433bf3,d30240349203d309f2d1c1db24c9d9a5,delivered,2017-07-06 18:58:56,2017-07-07 02:55:26,2017-07-07 17:25:54,2017-07-18 19:12:58,2017-07-26,d0924cc48eeb9e613a31e365ba1db47d,2017-07-06
9ec76eb1505d29c81d9bfadf8c2e3afa,73a9e9f7ccac657483bed5f2e891a8fd,delivered,2018-04-30 16:59:38,2018-05-01 02:53:11,2018-05-07 14:15:00,2018-05-16 14:08:59,2018-05-25,f30e5372c141d9c050759c8638a81b7a,2018-04-30
1914c742b8eb90f77c7459441e819a11,f1548444c208edf9769ea46ce3b9e4a5,delivered,2017-09-24 15:00:51,2017-09-24 15:15:14,2017-09-26 17:30:00,2017-10-05 21:50:03,2017-10-20,70e6afc64e31b717bcbd37fced7fb0de,2017-09-24
2805499c211b52dfc1e64a1349ef45e2,d01edd84cac251d9ded0844cf196f39b,delivered,2018-02-19 15:11:50,2018-02-19 15:27:22,2018-04-16 13:54:50,2018-04-16 22:16:52,2018-03-16,c92f31f36283b5e3c4b4657734ea8c16,2018-02-19
b043c164d2bb303491fd84e4b86e4189,ff2d536c433f91b0b34f93fcc205dee7,delivered,2017-10-16 19:20:02,2017-10-16 19:35:12,2017-10-17 18:46:40,2017-10-26 22:39:50,2017-11-09,6e15371928610391effc66ecaf59ed7a,2017-10-16
9a0a6c39b6be7e1b0f796b6005d52ac4,c852de8b3ffc76d74b6a201e22a92f30,delivered,2017-09-27 11:10:04,2017-09-27 11:25:14,2017-09-28 21:03:45,2017-10-06 22:47:57,2017-11-03,7afe5ca82a84ed4b8fe9f7463f17abba,2017-09-27
9b2504f4428a8a4d047d22a966df321d,b73c33bd51d10d28fb1292c899b9dc8e,delivered,2018-02-20 10:39:34,2018-02-22 02:10:27,2018-02-23 19:15:38,2018-02-28 15:49:14,2018-03-06,6a44303aa03b41d094432bf42de4abe0,2018-02-20
ea4fcfe5ac29f18e634476ce3f68760c,444bb369d4ab45ab9e65a78c4a2904dd,delivered,2018-05-25 20:11:19,2018-05-29 03:31:24,2018-05-29 12:41:00,2018-06-04 22:25:40,2018-06-26,037bf06ede74c617f31ca7ad8989860f,2018-05-25
a6414c6610d79fef8ecb35e54989d566,31d517c2ccda6a4b33898d5f738ecb3b,delivered,2017-08-07 16:51:16,2017-08-07 17:10:12,2017-08-09 18:24:26,2017-08-14 11:03:44,2017-08-31,e5c080a674f1c1610f4c1385a394ae60,2017-08-07
ef13922ec40b82bbcc3c440334a71c76,ec09a9af852389e9ca7e4565b67119eb,delivered,2018-01-27 22:24:11,2018-01-27 22:35:31,2018-01-30 19:38:54,2018-02-03 16:58:31,2018-02-21,938fd79be4d911896e2b28511dc0524a,2018-01-27
935cbf337f50d03fc7ecfb5a601dc7fc,78e5e5a5de6f4de446c8eb4509755a13,delivered,2018-07-25 08:15:09,2018-07-25 08:25:14,2018-07-26 13:44:00,2018-08-01 20:35:40,2018-08-15,18e5e6ce831d632e84a6d42374c39221,2018-07-25
2584c861bb72f285ca7a7a702a9accf2,264ddecf8839127528b72b2bb47cfb19,delivered,2017-12-28 23:58:34,2017-12-29 00:31:57,2018-01-02 17:13:44,2018-01-04 19:38:32,2018-01-17,b7e8139cd64a3ed238e59bad21e3b937,2017-12-28
b20dd961dbee68e4ec89fc7d71e111cf,20fb4fa6cf9cfcac864b9625e0156853,delivered,2017-07-02 10:08:50,2017-07-03 10:10:19,2017-07-07 19:07:38,2017-07-10 17:25:49,2017-07-21,83ea23c69cfe7bf7a85bc5010f5775e6,2017-07-02
05728fca024954ba1ce915ad5c94991f,a302033b7db39c0d3521b729a3a64522,delivered,2018-05-15 09:22:26,2018-05-16 08:53:26,2018-06-07 14:01:00,2018-06-15 15:42:08,2018-06-26,a0988feb55f4bf6cd3643c2a0d8d3899,2018-05-15
09c06d47b8b58dbabf753646fe5b89ab,f9d7122bdd5b9a3ad155417469c69c34,delivered,2018-04-03 13:22:38,2018-04-03 13:35:15,2018-04-04 19:27:28,2018-06-21 13:04:31,2018-04-30,698b9fba35afa2346c8e579695ca2151,2018-04-03
7fdb63849c1ce634d770fbf407dbca1a,0bf1cd44cdc21a2be05e1917aa554f0d,delivered,2018-04-27 19:01:01,2018-04-27 19:15:21,2018-04-30 07:13:00,2018-05-14 14:46:56,2018-05-25,d78113394d16563b6cc3cb54ecc2db79,2018-04-27
478da79acc71487110d44b06dbd8444c,dd2ad4aa7b7e7746302163814ad58eef,delivered,2018-05-10 09:28:35,2018-05-11 03:15:15,2018-05-16 15:28:00,2018-06-01 16:53:47,2018-06-01,e60d98ff06f60ebb60513be4eb25f9e0,2018-05-10
9b961b894e797f63622137ff7eb1c1af,000598caf2ef4117407665ac33275130,delivered,2018-08-11 12:14:35,2018-08-11 12:25:08,2018-08-13 14:41:00,2018-08-20 18:18:41,2018-09-06,7e0516b486e92ed3f3afdd6d1276cfbd,2018-08-11
aebae27f4df9c32304566e5b5b44956c,9753f84b730453267fe8375749d02fcb,delivered,2017-04-23 21:28:27,2017-04-25 08:15:59,2017-04-26 08:38:09,2017-05-05 12:59:04,2017-05-17,b6fc43dfb598d3b8ec4c90c56d0298f0,2017-04-23
4ab51400bd3a6c748fceb579fb4502b3,0a99769a832fecc64920faf892ed1be5,delivered,2018-05-05 14:00:57,2018-05-05 14:13:53,2018-05-07 16:12:00,2018-05-11 21:16:40,2018-06-06,56f154706913672dc7f0c7350db0dda2,2018-05-05
2a743fc30067036b7910663ced5a0b7b,2db7dacbf02159ccab4166655db31546,delivered,2018-06-11 08:27:04,2018-06-11 08:58:04,2018-06-12 14:14:00,2018-06-13 18:48:48,2018-06-25,d14814e0c81b9cdd5e00a5663cf1d4d6,2018-06-11
d64aa68e4a96734f280b7ddf0852d511,136f4c1a0629b4ef8681a46dfeeddc2e,delivered,2017-01-08 20:25:12,2017-01-09 20:30:17,2017-01-11 14:22:53,2017-01-17 10:52:10,2017-02-17,8c4eb133c4a45634289a9727130a32e1,2017-01-08
1a8d422cb8cdae5221a5a8eb371c49cd,971b5100c36334ff389c9ba8db84c93f,delivered,2018-02-14 11:52:12,2018-02-15 03:55:56,2018-02-16 19:51:57,2018-02-21 23:35:53,2018-03-01,d3882d7abd0c66064d740d7ed04dd1ef,2018-02-14
304e8cf62306a897106fd54ccfcc88bc,ac4d5f4e8cecad39a4410adf430bfde1,shipped,2018-04-20 11:58:38,2018-04-24 17:33:43,2018-04-20 22:28:26,,2018-05-15,d840e8b1df1db46b4d073214c0e5afb3,2018-04-20
db4ce50c00a40c05fc3ad1b73abb3189,659122b2315c5da332592caa393d425b,delivered,2018-08-21 20:24:33,2018-08-21 20:35:20,2018-08-22 13:03:00,2018-08-28 01:38:56,2018-08-31,0be9598a3e5afa20716be40168e3c07a,2018-08-21
7af37eeddc46c55638ce1c2b0594261b,2aff9d1d67db8b6940220d901a107eae,delivered,2017-07-21 00:21:26,2017-07-21 00:35:19,2017-07-21 12:39:27,2017-07-26 14:41:53,2017-08-14,dce9116386e619573e33d72610450e03,2017-07-21
5294773561960806e1eb6ce0a58e12e0,1c81f92eb53399d87c28346e46955246,delivered,2017-10-04 18:54:46,2017-10-06 02:14:20,2017-10-07 18:09:50,2017-10-13 21:09:29,2017-11-01,730324833ff34aa6e1d16f0d035ea35e,2017-10-04
15008182975b6283817426f03e9f79a7,9203fb0fa970d00bb279ae3265dac0bc,delivered,2018-08-17 22:29:33,2018-08-17 22:49:38,2018-08-20 14:41:00,2018-08-24 16:08:49,2018-09-19,2755ca9b549d1b3881fdbd96007ba468,2018-08-17
58941328547eb733f03a9d179aa7313c,4e54f0e868c4d5582d7c821fb763d605,delivered,2018-07-03 23:50:08,2018-07-05 16:31:11,2018-07-17 15:09:00,2018-07-24 15:06:52,2018-08-02,0b4ea0237786c5d1c034ebb2f27ccbd7,2018-07-03
e008f3c4303db44b2edc9cff1a6f9f0d,35649f8c1d7c545186e5679cf6294362,delivered,2017-04-21 15:35:32,2017-04-21 15:45:12,2017-04-25 11:06:49,2017-05-02 13:59:54,2017-05-15,d774564259756a9720d2f05855af4987,2017-04-21
291db84768080eac60e76d9a3ef9d1de,febfcda160c15b084868e19aae69d8ba,delivered,2017-03-20 17:20:30,2017-03-20 17:20:30,2017-03-23 15:20:40,2017-03-30 11:44:07,2017-04-06,3364a8146335df8b90c5b67295ecbb78,2017-03-20
8d0104be66d2f2828b6dd123117d7c22,580daeb93e7486f0882342d86eece148,delivered,2017-12-04 14:58:14,2017-12-04 17:32:09,2017-12-05 18:13:44,2017-12-12 17:19:04,2017-12-28,8959f65b9e0d898ee60de9acd7276205,2017-12-04
f1331ba967671bd1a0cc183d806c57c7,01d443a484536e8a8c520f79dd9f6ad4,delivered,2018-01-10 13:04:50,2018-01-10 13:12:24,2018-01-10 21:35:04,2018-01-24 20:45:09,2018-02-09,c7a71f7c54e8e3cad9f4fedeb13f45af,2018-01-10
aba9c0c1ee2e5f45591967f4cb01e708,aaf4ae37c35d48ecc202ed358a53ea6f,delivered,2018-01-07 11:12:58,2018-01-09 07:24:30,2018-02-14 13:20:11,2018-03-07 22:08:14,2018-03-20,ba7517b52f297d63b6f204a33f6f2aa4,2018-01-07
ef31025693a0212c0b45d12f12f12a5e,2db629e8830e736fb8869d8cf28e1935,delivered,2018-02-20 11:30:02,2018-02-20 11:47:44,2018-02-20 21:59:18,2018-02-22 15:29:17,2018-03-08,c8060d3780dc605de76f35961e0bf2da,2018-02-20
cf057afc06ce934f9899caadecdf409c,051a0fa5363efa358bb6b04123df227a,delivered,2017-11-20 11:46:16,2017-11-20 12:09:22,2017-11-24 17:02:12,2017-11-25 17:42:16,2017-12-01,5619be46876286f4ec32b7822fe0af94,2017-11-20
880da098e6d00eb875b766a0cc533ede,1a99828642291db08f4a55b60b769c90,delivered,2017-05-15 19:54:27,2017-05-17 03:45:31,2017-05-17 11:49:13,2017-05-25 10:52:58,2017-06-06,4c8bd848de103dac10c8c86d60265d6b,2017-05-15
8d7de30c33f737a080cdd433ec8670e4,0b95e76c8ededa5139d9f8b5eed8f904,delivered,2018-04-04 08:14:06,2018-04-04 08:29:31,2018-04-04 18:41:24,2018-04-14 12:21:35,2018-04-25,9571fc1b978dab6e1f488d52855ef622,2018-04-04
8a57df5bc496d7439886b2f23b58f56e,15afbf8ac67202642376cff3d3a5843b,delivered,2018-08-02 17:58:29,2018-08-02 18:30:52,2018-08-03 12:54:00,2018-08-06 19:56:24,2018-08-07,bc93c9c28cadb414340fc1c628c96569,2018-08-02
61edec4c7086a5383dc4f5e6fca69e9b,395ce4e9b5ad9165113d5321fcb7a864,delivered,2018-06-06 15:11:41,2018-06-06 15:34:23,2018-06-07 12:20:00,2018-06-11 22:11:14,2018-07-12,c2bf78abcec9afb44b59c7e2f2918cab,2018-06-06
6c680c441a53c52610b5abd41e2b8ce6,4fc3b1a5f61e6ac0d356d91a9dc1d434,delivered,2017-08-30 15:25:39,2017-08-30 15:35:15,2017-08-30 21:04:10,2017-09-01 19:26:36,2017-09-18,45c4b204047920964f6e07d7d08c09e0,2017-08-30
2cd4d457a1de3adcdb9d8237cb975c6d,8e6d1663d54c1c7aac1cb0bae73df8b4,delivered,2017-10-16 17:03:04,2017-10-17 17:14:32,2017-10-19 15:38:08,2017-10-30 20:27:49,2017-11-17,650f945256ea49b526cede6f2dbb89a9,2017-10-16
8eea3ecd28a15babda20e8afff4c32d7,8abbf0e126072255138704489bd9897a,delivered,2018-01-14 21:39:08,2018-01-14 21:49:17,2018-01-17 17:53:12,2018-01-24 11:33:05,2018-02-07,15953271a3edb45285e9eda56b41b393,2018-01-14
ef44dc293c54ebe5db4f3c09dd4c5133,d00bc5e2fd46b561aa23416a96f2178b,delivered,2017-06-07 20:06:06,2017-06-07 20:22:27,2017-06-10 11:24:06,2017-06-16 18:25:40,2017-06-21,968c6fb9c150c34935b7914a6d9e4f28,2017-06-07
d838d4f27cfd8fefb3ad286dda195b12,42fb9cec876ba1a8f6ccd3fdb2dc1a45,delivered,2017-09-11 16:16:25,2017-09-13 03:35:16,2017-09-14 18:48:46,2017-09-23 11:57:59,2017-09-29,0d26ad97e4a962687ed81659eff0e3fb,2017-09-11
72957a7ebd28baf4446a71d68ff98de5,a1b041bf294ac9a4c79a3ade1f9c5bac,delivered,2018-07-08 13:06:41,2018-07-08 13:25:26,2018-07-11 13:36:00,2018-07-12 23:18:30,2018-07-19,2d09bcd0f8a0385c3e6674b927991983,2018-07-08
c9feff2c5d40e5902787da6c586f42f2,bdf73493ab7ca81ec177fbd685d2b43a,delivered,2018-04-18 18:48:46,2018-04-19 02:15:12,2018-04-19 17:32:36,2018-04-23 14:56:34,2018-05-14,a9924de6019137342b896d2700152e05,2018-04-18
7263c7e1f9fa94a0bc47b767342352ca,ed57d857ec4dccbb1bbe917e16ddfc76,delivered,2017-09-25 20:06:47,2017-09-25 20:24:35,2017-09-26 13:20:04,2017-10-08 17:07:51,2017-10-26,978e83905eee9ce945a68d0a7e23ca08,2017-09-25
c6c5a3bd6cdccabdc09336d43f4897b0,030ae7b844c8db8738bb14019351ea55,delivered,2018-02-20 10:31:58,2018-02-20 10:47:24,2018-02-22 23:09:05,2018-03-26 18:22:08,2018-03-21,291384255a1ee845c40f5b555a7d99ab,2018-02-20
e8fd4720a1fd3b72cadc05313036fe78,9f9e0ccba7c167dfe7736dcc9a703f8b,delivered,2018-05-10 09:10:15,2018-05-10 16:31:04,2018-05-11 14:39:00,2018-05-15 18:32:11,2018-05-23,8387e34a28c264e9d2ece1aae019fe21,2018-05-10
0218bc1c672e0e92f10a6633ca1cc461,aeb6533eeab4fbea7f9bdf37db0f8ee0,delivered,2018-03-07 22:36:15,2018-03-08 14:30:28,2018-03-09 21:47:41,2018-03-29 01:11:39,2018-03-29,959d0dedf5b88c8c99c9c1375f839230,2018-03-07
55361b153c0444dab69a4f7fc00bbb66,67f7f5c57abd3964c11e644ea6ce12e5,delivered,2018-04-04 14:41:43,2018-04-05 08:10:07,2018-04-05 21:52:49,2018-04-07 20:03:01,2018-04-20,3db49645cbf26782b4211ccd821d9e06,2018-04-04
142c00b1a365aed0b31af96d7d79e673,a78232744e32a2bcb0993dda7ade2356,delivered,2018-05-25 11:38:12,2018-05-26 02:18:24,2018-05-29 09:26:00,2018-06-04 17:16:38,2018-06-12,3f4a4aae89a77c544bba5fc6effb5fc7,2018-05-25
4b33e7ab86ba5f28513f84e4d75c79fe,b624b39871b61bea50020c6c8946239e,delivered,2018-06-21 19:06:28,2018-06-21 19:38:10,2018-06-22 14:56:00,2018-06-27 13:32:53,2018-07-17,911aed9658c324c08af0053e463b5953,2018-06-21
ca46eb68fae2bde83aab2f0400cabf6c,d0fb18df226036c465f5e8fb53e3f93d,delivered,2017-08-18 14:12:12,2017-08-18 14:25:20,2017-08-22 19:33:55,2017-08-25 17:36:17,2017-08-31,c59a973e3f2aa9b5bf48c47aea234488,2017-08-18
ce4fa279c37bd40295b4f0658ea359fb,3a3412d56c49df8bf3a9c56aa6be8ea4,delivered,2018-02-13 18:10:03,2018-02-13 18:27:11,2018-02-21 05:23:11,2018-03-05 17:04:57,2018-03-09,5d864ff5d02f44d5f84ba5ca14bff668,2018-02-13
c256ab3bcaf77d9695562a49f8be8a26,ab5bc6d7681714398d7588cf35ac5eb8,delivered,2018-06-29 18:50:59,2018-06-29 19:11:07,2018-07-03 15:57:00,2018-07-11 23:22:32,2018-07-27,fc0aa87e3c2c13a4166152567bab1de8,2018-06-29
d349a57c214e76cb866e64ffc04c23f4,6907931df0d69c049a6ea3f32f3f67cb,delivered,2017-10-13 19:05:21,2017-10-13 19:14:30,2017-10-16 22:04:23,2017-10-24 22:22:24,2017-10-31,158247c674cd1d308912b4df8461139e,2017-10-13
1fed2f02e296e7767a2eea3dc76f69bb,e2dfdb0818021b6bbc677390b9c42674,delivered,2018-07-22 12:50:04,2018-07-23 11:31:25,2018-07-23 13:09:00,2018-07-27 17:40:33,2018-08-06,6299e5458d9866aa5f444cbbcf8462dc,2018-07-22
c0af7d6752f0e0add223d0a2ea62e031,c745f811acf567d8a8ce7d13c02a5078,delivered,2017-11-30 16:57:01,2017-12-01 11:32:04,2017-12-01 20:46:50,2017-12-05 19:42:38,2017-12-22,bad18f223013bb903006c5b1288129c8,2017-11-30
c6a9052634caae576f272ecf2e3a9b1e,dc76f8ffc77e7e4923f58d9b49d7fb4f,delivered,2018-03-04 17:51:58,2018-03-04 18:08:40,2018-03-07 22:08:06,2018-04-08 19:19:12,2018-03-26,98353c61f5e4456ffbc69a29ffaff78a,2018-03-04
14feb2791a33105fe2092f7ac34e3200,62943fca2aa3e99b0f51ad01550e9cfd,delivered,2018-05-07 11:14:34,2018-05-07 17:56:37,2018-05-10 08:32:00,2018-05-16 00:41:24,2018-05-25,031f055c013d9b147263937cc2d5b6a2,2018-05-07
c3c8037bfac88b34744bb96cfed9c7f7,ed3a502932ab63e9bfb5a0eadb3b63ff,delivered,2018-08-06 13:41:58,2018-08-08 03:15:15,2018-08-08 13:58:00,2018-08-13 18:03:32,2018-08-22,11819e46db552cab92381d83c205805f,2018-08-06
7a8643660eadb0c1328937510e072773,49910d1030506fb74264ce1f9e534690,delivered,2017-06-12 12:41:16,2017-06-12 13:10:38,2017-06-22 16:04:02,2017-07-03 15:03:08,2017-07-13,7f0686b618b26143cabec58fb2d64b98,2017-06-12
91ad6a8d591e94d9e1ca998185243e2d,941a225471304a6c4d1e3694b7a19220,delivered,2017-12-17 17:54:00,2017-12-17 18:09:53,2017-12-18 19:57:18,2018-01-05 19:59:03,2018-01-11,eed3d9c8e42c6b95338e0a8b675640e6,2017-12-17
0c5229491f40a024f07dacd49b445b64,eb2222308ec066485ecffca88d08df46,delivered,2017-08-13 22:34:38,2017-08-13 22:50:16,2017-08-14 20:24:39,2017-08-24 18:55:16,2017-09-08,7a5bf215350b8fbdd2ae018d1f4b7853,2017-08-13
7a1b04571b7a200f334cf7a4ab4c918c,0827a9c2399f5a54a666bb8c2b783be4,delivered,2018-06-15 15:25:33,2018-06-15 15:59:54,2018-06-18 10:57:00,2018-06-21 19:58:48,2018-07-13,93d298520e0efe01c932386d4696c355,2018-06-15
dacd9ea86285f197d0b7495e8af14781,1ee7676535dc405dbb88977050668100,delivered,2018-04-18 20:51:20,2018-04-18 21:11:15,2018-04-19 18:35:29,2018-04-30 21:17:21,2018-05-28,763ee7526cfb0c0cf9b56d2990a5608c,2018-04-18
adbac4b12d94ba3f3e7c47dfe548fc81,1fd2567f42ea6e7de4f9772c09f1637f,delivered,2017-09-15 12:14:10,2017-09-15 12:35:09,2017-09-19 20:44:53,2017-09-22 16:57:27,2017-09-27,a484d6a80277ccf24d9980cf34c47546,2017-09-15
b081a26ca9566254713995a623e0941e,49c03cf95fc171d13848ae72107de156,delivered,2018-08-06 16:49:19,2018-08-07 16:45:22,2018-08-09 12:45:00,2018-08-16 21:28:45,2018-08-16,1e1afff9bfc695b6e4e3c627e0c9d442,2018-08-06
5a0e61bf3bfdda7dd3ac0aae7dfb86ec,355de5b8c9f5ca3b0b7484479c376137,delivered,2017-10-31 09:53:30,2017-11-01 03:15:25,2017-11-01 21:46:05,2017-11-03 19:07:50,2017-11-08,c8d3d9443d7414d6e762d6a22d870533,2017-10-31
fc7ff0e22c4d9fc5789816ee0131296b,3b729d6d2cfbb81761af647bafb669a6,delivered,2018-05-11 11:19:16,2018-05-11 11:37:35,2018-05-14 08:20:00,2018-06-01 19:43:31,2018-05-29,398e43c0e810fc562fbcc1a698a4ce12,2018-05-11
446d3eee7dfa0cb1844584b53bc37cab,66ed6d5a68cdafffcc357d283beec21f,delivered,2017-05-31 20:03:13,2017-05-31 20:15:21,2017-06-01 14:15:02,2017-06-06 18:01:04,2017-07-04,2c2f63b96a7a35fc6645ad26f215542f,2017-05-31
1303938f4e61db6da994b6d00e34e7b0,d7d6d2aa2c72b6e7815a44ca8278f7b9,delivered,2017-11-20 12:47:57,2017-11-20 13:07:09,2017-11-21 02:36:58,2017-12-06 00:57:43,2017-12-26,32f00f20e6843b0a4ef767ffed5344c7,2017-11-20
7c191e583fc264b819bc71653e4fc229,2cab7eee9c179f0149439f5c1f8dcf9e,delivered,2017-08-28 17:01:46,2017-08-28 17:15:27,2017-08-29 21:34:43,2017-09-01 20:32:43,2017-09-14,3724bfc68569cc4df876284536b8add9,2017-08-28
cf5a5b72cc9714b2afbbb79d472baaf1,fdf20c129602a9bceaabd909fdbaa421,delivered,2017-11-27 11:24:20,2017-11-27 11:35:37,2017-12-02 00:34:21,2017-12-15 11:38:55,2017-12-19,09113dbaaec44b2476caabc25f9f01c2,2017-11-27
31c672e3859d5d55d460ea8dbc39053d,c0fa053afcb588fce87ade5024cada7a,unavailable,2017-02-13 13:56:12,2017-02-13 14:05:21,,,2017-03-14,dd95799592e245bb3f6746f25b4e6275,2017-02-13
b0b61472cd1ff0e9f1450c6ae4c8d5a4,2b410721c8a084c3221f9a93d695c1dc,delivered,2018-05-01 19:00:26,2018-05-01 19:13:20,2018-05-02 15:06:00,2018-05-08 16:57:45,2018-06-01,94df37e4754ab5c74634760fb126082a,2018-05-01
d34e86154f29f6aa2093eb2a578b9326,80b6efab04a0273b5065335546f162d6,delivered,2017-08-01 21:39:39,2017-08-01 22:10:17,2017-08-07 20:07:24,2017-08-08 13:46:01,2017-08-21,65acc8a15459519fe9efb12b5e74bf80,2017-08-01
110d534aef964d7dc718809cf07b9a3e,f78b1ca3fee0550ee6405056128d4432,delivered,2018-02-19 21:25:25,2018-02-21 06:15:24,2018-02-23 23:58:44,2018-03-21 22:31:04,2018-03-19,3836edf29ec11091bdd2e04f2df90896,2018-02-19
902540001de909e522ef26569c6a2c8e,838dc89983b5b33da4af30898b1fb507,delivered,2018-01-14 11:59:43,2018-01-14 12:17:20,2018-01-15 18:26:43,2018-01-16 21:07:09,2018-01-30,ed7bbb7378dfc803f3718216bbc38b52,2018-01-14
93e87829bab4127b8692f52a73df4284,8cc5b669b36635162d2d3261b8559d6a,delivered,2017-10-24 19:23:44,2017-10-24 19:35:24,2017-10-25 21:11:58,2017-12-05 00:59:06,2017-11-21,42e985b548ef9fd9091db179901faa5f,2017-10-24
c4352553d02a3a4dcb7c01701bca8e59,92bc2422a7740b9ee88c414a640075e4,delivered,2017-04-20 17:57:09,2017-04-20 18:05:18,2017-04-24 14:41:11,2017-05-02 12:48:53,2017-05-12,e34233eb26c2da53d18a9be68b6e4173,2017-04-20
88298d252bed01a2c1f80676edc1d2b9,c8c205b130f46434844534e728a14046,delivered,2017-11-25 19:45:05,2017-11-27 19:56:55,2017-11-29 19:48:53,2017-12-22 15:33:56,2017-12-20,246579132d8845a7263a1365be4ddd56,2017-11-25
7511a8e7c7e991e0e129c3fa111404c4,d5667e555d7e4093f1470362e13f37ca,delivered,2017-08-04 19:02:19,2017-08-05 03:05:10,2017-08-11 16:17:58,2017-08-25 21:41:38,2017-09-05,e446eea0f05db4b20f5a954ff925c1bd,2017-08-04
d7bf4c08a7f6b6fc82ca1c5076732e6b,674c68d47e2603b3d020f5b73285d677,delivered,2017-08-30 15:52:16,2017-08-30 16:10:11,2017-08-31 20:32:22,2017-09-12 17:31:46,2017-09-19,566f7f098954f24bbe463e2a8955d876,2017-08-30
0019c29108428acffd089c36103c9440,5f6bbac628ae418db4e0f92932f899c1,delivered,2018-03-06 06:40:28,2018-03-06 06:50:26,2018-03-07 01:20:05,2018-03-16 22:34:53,2018-04-11,d02e64b28b7c386aab81bb6ce148799a,2018-03-06
64f65d9b37717ef40554badd2b22d6f8,b3ead64d0fefb438368d32d7842dfb7a,delivered,2017-12-24 13:32:27,2017-12-25 13:29:29,2017-12-26 22:40:02,2017-12-28 01:05:41,2018-01-15,4cc9cb7b3a8aa286f045942eab5d924b,2017-12-24
9cc8449aff35ffa0d977428fd75a127f,84051b8582c858f080e8432d60c57719,delivered,2017-10-18 09:48:06,2017-10-18 09:56:19,2017-10-19 21:17:26,2017-10-20 16:19:58,2017-10-30,c23b717896d9834927f4cc19921516d9,2017-10-18
f93c4c6491ecf4b1f3980d36ed6dd943,21c58571fd2f1284282f300426a6c5d7,delivered,2018-02-04 22:12:07,2018-02-04 22:29:21,2018-02-05 22:35:45,2018-03-06 20:38:52,2018-03-06,0f9510c08523bc1bd58495ca932079c1,2018-02-04
fbc32bc4a800352a5c9d8a57828b4727,d81c79479192992a07033707560d6598,delivered,2018-07-12 00:29:41,2018-07-12 00:46:07,2018-07-24 14:13:00,2018-08-09 18:03:38,2018-08-09,2da1a627d2ec3b57ecabc9249d7266ed,2018-07-12
1a5c3dad7f8ccf75ce213a3726a25af2,5e65da8ad6a8110e555eb93a1fd38f3e,delivered,2017-10-23 13:06:12,2017-10-24 03:56:38,2017-10-25 20:32:56,2017-11-20 17:58:12,2017-11-27,3a327d1b4ecddb57e1ab6b46a626edf7,2017-10-23
bfe6602edb1568292d527c61684405ed,32a7bc3e8823bf94324ec828e7888d6d,delivered,2018-01-10 02:41:38,2018-01-10 10:31:50,2018-01-11 18:45:43,2018-01-15 15:58:32,2018-01-26,9c3a23565ded3e71fc8979579e8f091c,2018-01-10
9ee3b22242a910b9fb5ee4ce5de709ab,44e6209b7f44e822f8b3a2eac321720d,delivered,2018-03-19 11:54:23,2018-03-19 12:10:16,2018-03-22 19:26:48,2018-04-13 16:03:18,2018-04-09,f190bd9c1d71792c70d05451bbce9335,2018-03-19
d7c3a90ab28bbb07e47e1fccdbae401c,2f321cc7e64a7af349f673fb7877c2d0,delivered,2017-12-11 19:10:48,2017-12-13 14:13:38,2017-12-14 17:22:49,2017-12-15 15:52:14,2017-12-28,a007cc60b9d63f637069859037070d1d,2017-12-11
2354dc9068e42c3b75c3137f572566e8,f8f256090748f89576b65bd6825f6f6c,delivered,2018-06-28 16:48:45,2018-06-28 17:11:49,2018-07-03 14:20:00,2018-07-09 20:03:30,2018-07-23,bc10d1437145d86b450d1d8f416ff145,2018-06-28
f1ccc06d5cdcd19f0e436c6cf8b9325a,d94ee517afdc11b99ccec10ed695c55f,delivered,2017-06-29 12:14:57,2017-06-29 12:25:19,2017-06-29 15:07:27,2017-07-05 15:49:48,2017-08-02,24fb5923c927352d20c2adfe3675ac8a,2017-06-29
ebe0a2b49f09387ce9e38a8353ae7f27,02fa7cd4dbbaf1b6794f6f78b0918985,delivered,2018-08-10 21:08:47,2018-08-13 14:50:12,2018-08-14 16:16:00,2018-08-15 18:38:44,2018-08-17,0d3bcb1f77dada007752678d338e47f6,2018-08-10
d3f7c0e804b501782903f7af749eb797,303f96887b473d72e34c2d0e492fa43b,delivered,2016-10-10 13:57:41,2016-10-10 14:42:00,2016-10-14 14:42:00,2016-10-17 15:42:00,2016-12-02,01f156677184504063bd19739f924af1,2016-10-10
2550d9e4df78c17fc2f0eb644551a867,52070fb1710f5ddc60c6ae977a6d005f,delivered,2018-01-19 19:23:16,2018-01-23 03:37:34,2018-01-24 17:49:15,2018-02-02 20:58:30,2018-02-15,bab333fcf9f297310b4ba3be1e6f6e50,2018-01-19
26e05207defbabc549b477ecdd135e06,336fe4ef7e8a7fa121c8edc71ca52a2a,delivered,2017-08-28 17:45:20,2017-08-28 18:32:03,2017-08-29 19:34:52,2017-09-04 21:17:35,2017-09-22,fa2dbeb44a8f201154251721760c37d1,2017-08-28
9da6e3bacbae9dfb6f886b2fcdd80bcd,69829caa6a2c8ac099579f56582ea0c9,delivered,2017-12-12 01:32:09,2017-12-12 01:47:12,2017-12-13 16:14:12,2018-01-23 12:25:56,2018-01-05,06ea39a8bad3e21f8f83bb4910094196,2017-12-12
c3fe6314b2bcaa6de6f9611550dfa399,7f575cf716dfc615c5db8a2135cae948,delivered,2018-08-03 14:57:40,2018-08-03 15:05:14,2018-08-13 11:13:00,2018-08-23 20:51:31,2018-09-24,12b33c7a486cea99a21bd222f15e8d24,2018-08-03
b72eceaf3e014a8336da6b52928715f2,af3e2512698db57266bf9f5e5aba537d,delivered,2017-06-26 15:08:20,2017-06-27 04:15:23,2017-06-28 12:35:10,2017-06-29 12:08:07,2017-07-07,3de675e6f79e135540ee0144844d26a7,2017-06-26
4a2a03eba693b69ec224283b56ee486e,946832699a5d660dcdfed91bc6346cbb,delivered,2018-03-02 16:53:54,2018-03-02 17:10:46,2018-03-05 20:19:08,2018-03-07 23:48:49,2018-03-14,695dee4c200e4cabdfdb01287f5fd29d,2018-03-02
ced16c8394f44cb7ea012b774a490f88,09f0687c10e265596b8b96b7f63ecb19,delivered,2017-11-25 02:43:09,2017-11-25 02:56:44,2017-11-29 21:11:55,2017-12-13 19:34:01,2017-12-20,6f0e5d6ed7f2ed2a867d979212b1f129,2017-11-25
9423ef61917b540d13c95424f195e0a9,c3927b78c31a42dcd5b822146997d534,delivered,2017-04-26 14:21:00,2017-04-27 13:05:44,2017-05-02 13:06:44,2017-05-15 13:29:34,2017-05-31,eadf7a25dc898684bcc3b31f93d07db8,2017-04-26
e65b6de1ae31aa66d1601342f04806a4,618366b4ce2ecb64705e8ff5b0da07da,delivered,2017-09-17 11:27:12,2017-09-19 03:45:46,2017-09-19 14:36:11,2017-09-21 19:46:19,2017-10-04,c252c42227dbe68f82064c1a6d7f46cc,2017-09-17
23f016ada08eb6e9abb24597bd8556a8,b31e07b7f3a2cd0c8172ee7947e7589d,delivered,2018-01-03 21:55:18,2018-01-03 22:07:54,2018-01-08 19:24:48,2018-01-16 13:24:12,2018-02-06,70e6373e736b2b00e9a6b8cbe158bc0c,2018-01-03
2db80b6de1f777a374265d6b873a9c6e,f3d1bdb2683faa58b8e164e34b7595c0,delivered,2018-01-21 20:27:30,2018-01-22 13:58:37,2018-01-24 13:37:01,2018-02-02 16:18:44,2018-02-16,24b19fe386f44bcce3e0d40c1eb20a7f,2018-01-21
12c404363fece070157a8d13afb76b71,ed7aa26942d4514875aa11462f8e24c4,delivered,2017-05-05 11:42:53,2017-05-05 11:55:20,2017-05-05 12:23:33,2017-05-15 12:39:03,2017-06-01,c9ac145cfaa87b54c05ffccf03854fd1,2017-05-05
692308c8297bd7b28cb7d15678ccdbbf,543c10d713a8e8174a9e4af168c1b6ed,delivered,2017-09-29 22:33:10,2017-10-03 03:49:26,2017-10-04 15:42:06,2017-10-14 13:37:45,2017-10-26,c8e70b381c40a3f18fa5a61973634778,2017-09-29
22d764197653b8e72e86fa89109d3a07,27ad3ccd3f49b1ca2149940f0b840dfd,delivered,2017-04-06 01:08:20,2017-04-06 01:15:12,2017-04-06 12:53:14,2017-04-11 11:57:57,2017-04-28,32bbf66d4ee8bac93ae1e501cfb12c6e,2017-04-06
61102a4a6d41f03e2c98d15f372979e1,5a9e2ef7d42425c3967d5d8720449ceb,delivered,2017-08-10 14:39:53,2017-08-10 16:30:20,2017-08-15 11:56:44,2017-08-17 18:36:41,2017-08-30,59eaec5056af4aa4305833b3d242a8c8,2017-08-10
11aab800a7e398a77f8f1a28a74092ea,c5af0a7b53ebe8aebb64d09a25639352,delivered,2018-07-04 18:04:23,2018-07-06 02:35:15,2018-07-11 08:59:00,2018-07-24 20:12:54,2018-08-02,8685ad39b9e017f2da6bc1b8c8bcf7bb,2018-07-04
c2f065051bb7c9e7f88ebc998f332968,70603180c918c70f8f1455d0ae52a79a,shipped,2018-07-31 13:09:16,2018-07-31 13:25:15,2018-08-01 16:13:00,,2018-08-09,3d080e991fcfaba6f10d9f7718c4732a,2018-07-31
dbc3e6a2a3c9316533f1bdf9f915b132,55d9f4928298fc683858c347ebef6a69,delivered,2018-04-14 16:53:48,2018-04-14 17:10:36,2018-04-16 18:02:37,2018-04-24 16:46:53,2018-05-03,b8fdcf42ae259199339e36da52bbe35c,2018-04-14
0216ea85f929ce4795f933573c6bb055,ce88121027e42c2e895f84a8f3ccd665,delivered,2018-06-08 20:27:32,2018-06-08 20:59:11,2018-06-12 15:09:00,2018-06-19 17:42:08,2018-06-26,5891450360108dc473afec34275d86f2,2018-06-08
be898fe8e3213cd0d57464c0b1284b99,7727e2cc9ec428ad3173cc812ce1781b,delivered,2017-12-01 11:15:02,2017-12-01 12:31:37,2017-12-04 18:32:34,2018-01-05 00:28:55,2018-01-16,863bdd77d135015fc5c250a5255864a6,2017-12-01
7ae4fd8c81d9c0d64e4a89a71adbb6c2,6bec28a0162e9cf0dac2934b4c158954,delivered,2018-05-24 16:33:03,2018-05-24 18:23:49,2018-05-25 14:03:00,2018-06-05 18:17:51,2018-06-19,0e991e99c7b6436923a14d437cf2a041,2018-05-24
6c214c3ee7e08a8b8c20d95d7e7ba215,a669b020b336a5e0e9d1c47043dd05c5,delivered,2018-03-13 21:52:27,2018-03-13 22:40:23,2018-03-15 22:27:19,2018-03-19 20:41:58,2018-04-13,9adb732fc2916ddef1cac640968da0b7,2018-03-13
6460cc80249f46f8289b2a8d55d61dbd,0987ae71e7ad93d01d1202b7299fbb50,delivered,2018-01-31 23:06:27,2018-02-01 01:29:49,2018-02-01 18:12:26,2018-02-08 21:22:16,2018-02-22,56bc36aa1d5d1b03965ae45caadb6598,2018-01-31
130661e5b5e7e4e1948747351cbf14a7,13752115a6ce16bd31a5f5f519400aff,delivered,2018-03-27 09:34:49,2018-03-27 09:47:11,2018-03-29 11:36:59,2018-03-31 11:36:30,2018-04-09,c1f1840f3fa14ca2f059a4af7cb111fd,2018-03-27
890617d30098dc78a28e27cfc7d6ccec,8e3041cd8997318e5f9144c00ed966fd,delivered,2018-04-24 08:02:21,2018-04-24 17:12:43,2018-04-24 23:58:49,2018-04-25 16:19:33,2018-05-10,c63f9270c652dda1dc296042e4527788,2018-04-24
442d76affff0114c57a8b5e3af634638,8ef649ef21b6d9a16b2ddc78c9486b4b,delivered,2018-04-22 16:56:03,2018-04-24 17:44:41,2018-04-24 23:50:53,2018-05-07 12:07:53,2018-05-16,9b51730fa415922803b46fe82216e75d,2018-04-22
77123692722eeb90408b713bf016651f,524987dbd2ce54fb339152d74a265232,shipped,2018-02-23 12:18:03,2018-02-27 04:31:15,2018-02-27 18:11:55,,2018-04-17,d5349a131964fd10f901296bd4219e47,2018-02-23
20b6d93cb808407fbfa6438a2582538c,9ba5995f589c7b34e63b60f5c5636a89,delivered,2017-05-20 17:52:48,2017-05-20 18:05:36,2017-05-22 11:05:03,2017-05-24 14:32:50,2017-06-02,4ba16e2f6120b2503466540024985dcb,2017-05-20
5414dcf22671804826c78b8b9a09f52b,32528379afbb9b9a5826ab2d980f227b,delivered,2017-11-29 12:18:36,2017-12-01 11:32:09,2017-12-04 21:09:17,2017-12-06 18:16:10,2017-12-13,0bed2a910405e22f8d00eb45146e955a,2017-11-29
b29b6b47b5ee24d369956ae7e38d495b,6d1e40ca3883e4f90a1249bfb13856bc,delivered,2017-10-26 14:34:56,2017-10-26 14:49:37,2017-10-30 20:26:44,2017-11-08 20:57:50,2017-11-14,3295c454b9ba12a3adaf3efc83bf5574,2017-10-26
c05a01b6c9f5e7ffda5b8d367db045a1,ad8f44eace50d9e7a722ed20dda903aa,delivered,2018-06-09 17:36:22,2018-06-09 17:50:27,2018-06-11 19:10:00,2018-06-12 22:52:45,2018-06-25,e7d0d9995e4a1cd0a7e6231b52da49b3,2018-06-09
371ecec04db578a2451088388326d50f,e76d3ee389e60c9f35945ad13caecf32,delivered,2017-08-07 13:16:11,2017-08-08 13:40:12,2017-08-09 15:10:20,2017-08-17 19:45:10,2017-08-29,8e4be769c1e241198b7ef3bb4cea5277,2017-08-07
d7dfc2d3f206658f411ff6be69b5cb24,5b2695ffc73db84093637a9da2436697,delivered,2018-05-15 20:32:43,2018-05-15 20:56:12,2018-05-17 11:57:00,2018-05-18 13:07:49,2018-05-24,e461ade854a447180d93dc9806a80b28,2018-05-15
052957b74548fe2ce95f70d3623e6eb3,dda6bee0b54815080a67be5cf145e0df,delivered,2018-06-11 09:46:31,2018-06-12 04:35:28,2018-06-12 14:50:00,2018-06-18 10:28:45,2018-07-11,f357618bc89705b66a9b7991a10d4f04,2018-06-11
20e45fb012dbdf66f09290158664ce79,c6a0d9feca03b4c670ffda33632acc15,delivered,2018-03-28 11:05:41,2018-03-28 11:15:21,2018-04-03 14:56:31,2018-04-11 18:46:46,2018-04-30,db8159cc1becccd7a22f363eaeaff402,2018-03-28
bf0e3e56f8900efaafc1325b7c74372c,fee3120f2dacfdc90f4bdb6dd83c49b8,delivered,2018-02-25 21:26:25,2018-02-27 03:10:35,2018-02-27 20:53:03,2018-03-12 17:42:27,2018-03-29,2b2020df99e90ebd37aabac53ef29e56,2018-02-25
04a38c066d7f34688a58ac150102619e,2976b8562dbc7e44887d817a96376692,delivered,2017-12-03 09:10:57,2017-12-03 09:32:04,2017-12-04 21:23:03,2017-12-11 14:22:13,2017-12-20,344ab689e7566bab9ab9505fe83aa42a,2017-12-03
d625545017fc7c86aee1dd49f0471c0c,e91474c2e43239738e917b06f84dae5f,delivered,2018-03-01 14:51:53,2018-03-03 02:50:47,2018-03-06 00:13:11,2018-03-08 21:03:30,2018-03-19,c5996b566f3eef42e8de705479c6f8cf,2018-03-01
384552460d294e72bca84e0412609b8d,97ff9b5ae14f8fd17a06e38dcbfc3af7,delivered,2017-12-19 21:38:43,2017-12-19 22:37:35,2017-12-20 18:20:07,2018-01-08 20:20:23,2018-01-18,b430154fdba45ac6e519e53c25fbb068,2017-12-19
3311bcf8b85d70179b7a3addec72e5cb,ee4fb78170d564d965ac4d1cb80f5dd3,delivered,2018-06-18 08:56:07,2018-06-18 09:13:59,2018-06-19 11:21:00,2018-06-22 21:42:02,2018-07-05,e7cc3ff52a58ea9aacc1e0179930018e,2018-06-18
e7df3fcd195fafd25a46f580fc96c9f3,38b9cf892706e93eddf8ec8265869722,delivered,2017-12-01 00:05:35,2017-12-01 10:31:12,2017-12-01 19:27:01,2017-12-12 20:15:17,2018-01-04,90f718695747b51939085c20ef742241,2017-12-01
9095f0efd46352f74ec4937fedfeb0be,d2e283df85b37eeb1cf37fc3416a2686,delivered,2017-07-06 22:28:48,2017-07-06 22:43:14,2017-07-07 16:24:56,2017-07-17 18:37:31,2017-08-03,b1a01b5e537b13ac57823093179fd764,2017-07-06
ffe1f3d903f7d8189c55f1e52438f593,31f102bb049b4af90fb8b555e921b6d4,delivered,2017-06-17 17:20:47,2017-06-17 17:35:09,2017-06-19 20:03:21,2017-06-26 15:03:35,2017-07-21,695b1a9949ea23a94dc3ce68267c66ee,2017-06-17
6af1785f8b08c8802cad476fa3590291,5ff50264ef1c7e41b2cc310306819e37,delivered,2018-06-06 00:59:14,2018-06-07 02:54:38,2018-06-07 15:05:00,2018-06-15 19:56:53,2018-07-18,b3b5643d2f50401b32e880619e3a32b8,2018-06-06
c62449227473f63a96e42cec192ec143,6fa8f3946080c37c68b16234a475b081,delivered,2017-12-21 19:08:38,2017-12-22 07:12:22,2017-12-22 16:22:05,2018-01-06 09:24:36,2018-01-18,2b055d03c0c7dc1678cd3b261b93aaa3,2017-12-21
372f8e1a08cbd807194b89b3c31a448a,f767e7437c3aa2c044523c0a6712380b,delivered,2018-08-25 15:12:30,2018-08-26 15:10:14,2018-08-27 15:13:00,2018-08-28 15:45:57,2018-08-30,e6fad5b1c79a4760aac5068d09c46535,2018-08-25
8d5522903eb78728024e688cd6ee9dbf,f02a30c0159ad2d40c75f300fa9e338c,shipped,2017-07-03 07:46:05,2017-07-04 03:45:30,2017-07-08 13:21:17,,2017-08-02,2d4569914909ec4491ff62e042765142,2017-07-03
a2be25bfae58419f64922010bd631e74,4c2c6a3a31581db2f488267bc1a6ced0,delivered,2017-09-20 18:14:44,2017-09-20 18:30:22,2017-09-21 20:18:17,2017-09-27 21:10:08,2017-10-05,42cbfde6a595790d057c4df09b3d660b,2017-09-20
35648a75454c580b64688dd24dea43da,19036764f4047b59ae815a2cf9c75c62,delivered,2017-09-04 10:59:50,2017-09-04 11:15:17,2017-09-05 21:25:10,2017-09-11 17:14:21,2017-09-21,0c21e1a3d81972abcbda2c745560421e,2017-09-04
ec60b0d63f32dc9f14da8503a72af821,0916acefe664698288f758bbf549a53e,delivered,2017-08-09 22:45:43,2017-08-09 23:04:32,2017-08-10 18:15:33,2017-08-23 22:52:37,2017-09-08,8cb21d81689c51427852671500c8225a,2017-08-09
4caaa2c8d6544804296a156b210a8d47,9a07f29a0a2ecb8c56fcfe168b48e5d2,delivered,2018-04-27 11:36:35,2018-04-28 03:33:07,2018-05-02 15:20:00,2018-05-03 19:21:03,2018-05-16,957282a3b1148afdb0a2673478378161,2018-04-27
b02f2888891cd431e71f2f0a9a85e7b8,53d5e3e5a2eb022edd3570dde355947b,delivered,2018-04-28 23:14:00,2018-05-01 02:10:24,2018-05-02 15:14:00,2018-05-04 00:03:45,2018-05-16,03a4abdc6deb7b5b3c18b4cde6d63761,2018-04-28
7b2224d2541bc6874a3767724399a203,fbbf2375a1b32cec004f68916082efb1,processing,2017-12-11 16:20:06,2017-12-11 16:30:28,,,2018-01-08,a822694d644f95a8209e50258469a90b,2017-12-11
8cf934bd823646de5fc0daf4d918c396,a7f53b7c2c022eacdc998a7649746c1b,delivered,2017-07-10 19:10:58,2017-07-12 02:15:24,2017-07-12 16:37:30,2017-07-18 19:07:28,2017-07-31,ac61b6e29b8b0cc7d5323998f3a84cc1,2017-07-10
a53d5c8476995cd1a3a77e4036f30020,2362960b45242bea24232b1d474ac707,delivered,2017-12-11 15:20:40,2017-12-12 03:55:35,2017-12-13 21:45:44,2017-12-21 17:14:54,2018-01-04,c2ae5d2676fd65af058a894d9655ec9a,2017-12-11
e19a6a3393b0a8dec5b1117a0642252e,b522cbb477037ce502d6887bd6684a29,delivered,2017-10-03 08:00:22,2017-10-03 08:14:15,2017-10-04 11:33:37,2017-10-09 22:27:52,2017-10-26,28a9db0a11c3384a38457d7f6fe9985f,2017-10-03
6353f1b671ade418ad05f552dc16df4b,9be414fa82e43d3fa9cea3b3cc00eae0,delivered,2017-11-27 09:08:54,2017-11-28 02:56:44,2017-12-05 00:07:52,2017-12-07 04:07:11,2017-12-21,47c1a3033b8b77b3ab6e109eb4d5fdf3,2017-11-27
62b9390d7c1dc711de68f1ee929e9a55,bfce888b3ff4cdd00edbeff6866a5ea8,delivered,2017-11-24 19:12:37,2017-11-25 04:54:03,2017-12-05 18:40:40,2017-12-11 13:09:32,2017-12-14,1b6fa39a3b6bb161675151c6928882ed,2017-11-24
3a40d639b7d8167f255bbb2b7372cddd,52701c28ce8192ff074de5576a1b9288,unavailable,2017-10-17 15:17:53,2017-10-18 03:06:45,,,2017-11-10,06252f261291989025ec516dc69f26ad,2017-10-17
afb770251c33fc53665114a61b41a835,527b0b448bc0f85666e0704fe5021acb,delivered,2017-12-18 19:09:28,2017-12-20 07:18:45,2017-12-20 19:22:15,2017-12-28 13:49:57,2018-01-16,f3c2af0ce2de48fe64c5746bd88ae871,2017-12-18
0695bd018cbf6e999fad4c321b32d26d,df0ca504291a65e2e7e2c2439fba4b10,delivered,2018-07-13 17:22:13,2018-07-13 17:35:17,2018-07-16 13:59:00,2018-07-23 19:48:35,2018-08-17,cbea983a8218befb98795a4ef7f82bcf,2018-07-13
1c20a41a4a868fe36f6a5caa0a2abb2f,b3ae360749eac8fe9388ca0ce8f27d4f,delivered,2018-08-23 17:25:50,2018-08-23 17:45:19,2018-08-24 12:56:00,2018-08-27 20:11:28,2018-08-30,1b7d67b49e7aa54eda9b8844de692435,2018-08-23
3d421d7db55efafc84d7e3a6d8bbe4c2,843a771c6235fdb0a3003a61633ff6ce,delivered,2018-06-15 15:23:07,2018-06-19 06:35:39,2018-06-19 13:06:00,2018-06-29 13:09:37,2018-07-13,ac6b09376dbb997cd8ef1f957a5051e7,2018-06-15
c57d4208bbf0984e623a7f5dc58b99ef,196eb7a5f5948157db8803bf9a4ea2bb,delivered,2018-04-18 13:40:18,2018-04-18 14:35:13,2018-04-20 00:41:37,2018-04-21 01:22:03,2018-05-07,40769bc3677cca7d4648972391818d2e,2018-04-18
b0ff3393cff8b64e9150a65b49220259,1207f6cb80c8f74018e7fb3cff8f82f5,delivered,2017-11-25 21:52:45,2017-11-25 22:31:32,2017-11-29 12:28:41,2017-12-16 16:14:58,2017-12-18,4592c0e0ef2c11893f9723e4222690a3,2017-11-25
9788e1264a6ffeed8da515914c103b70,067f6ee158ce40dff3f69c4d8c8ac676,delivered,2018-02-06 14:42:05,2018-02-06 16:11:30,2018-02-07 21:28:58,2018-03-01 01:04:50,2018-03-07,9a6a921e2fdd2e6ba9c4fbdf24381248,2018-02-06
00d4439957b7fd3f8da4a33a965817fb,150262ecde07c5bc549ca2cc732dcbde,delivered,2017-04-19 07:47:04,2017-04-19 08:02:02,2017-04-20 09:17:16,2017-05-03 10:43:35,2017-05-11,6fcd81a947162c4b4fd4cc59b204dbad,2017-04-19
875457c60d42163f5d8bc4b4e94b2412,cc0c38361d064bff576ef1fc19336cb8,delivered,2018-05-21 15:15:27,2018-05-21 16:36:05,2018-05-24 08:41:00,2018-06-07 15:21:15,2018-06-08,d633949030fd101bb4bb0683b0d90f50,2018-05-21
e1bc33c09440b7c1e0189f4653fb6bd0,15a4891890d4d0a7262782ca51ed93a6,delivered,2017-05-30 08:48:18,2017-05-31 08:45:17,2017-06-07 12:46:13,2017-06-13 14:08:24,2017-06-22,8091550abd9ca29ba409a70cb640af4a,2017-05-30
42299af0a6ded1aaf44fa88f6c57dfac,dc75a87fffc1d1b008e2e1606edb0a19,delivered,2017-09-17 18:13:41,2017-09-17 18:25:08,2017-09-18 20:29:27,2017-10-02 19:43:07,2017-10-11,87603dde65ee7120467ddda1a883bb24,2017-09-17
e4096fb3855821fb19ff9025c7ce4edf,a78a3b844bcdc775fcea2bc88b41f787,delivered,2017-10-28 18:31:22,2017-10-28 18:46:38,2017-10-31 16:54:36,2017-11-13 19:21:26,2017-11-27,8bd8969a5be073bb5910e5e6f2b261cf,2017-10-28
0800193c2810da8b955ec8cae2b82e11,78d2344fcf124f101a40d35cf4df5c18,delivered,2018-01-25 16:32:37,2018-01-25 16:59:47,2018-01-26 15:53:20,2018-02-01 15:32:58,2018-02-22,da15d63ab4ec03312f36e0f1fa767ca6,2018-01-25
9f7be9e6940b2bfd52658daa8005d265,7bde890b1798d812542ac5701b228dc4,delivered,2017-08-08 11:41:18,2017-08-08 11:55:20,2017-08-09 15:30:23,2017-08-14 18:11:59,2017-08-28,aa553d8a72493bdd84b51501e626714a,2017-08-08
68b52c864211bf27622d40f286985bc8,93388432cc47c78c4b4b420e43d4a5af,delivered,2018-05-08 11:51:48,2018-05-08 12:16:43,2018-05-09 11:18:00,2018-05-16 21:52:06,2018-06-07,062b361a53c7484d20c411aa5b91b500,2018-05-08
58065f9a7440bface5400a5cf953ff93,87e7b0410f911edcee1fe9bcee3a8b21,delivered,2018-07-22 16:15:17,2018-07-23 12:32:22,2018-07-25 14:35:00,2018-07-27 15:32:35,2018-08-09,8868b962ad71211ca1ba461116f9f3c8,2018-07-22
96087ef44ca9abdbc4c372a3dd3c859f,ea810cad61bae649188759964758915b,delivered,2017-11-19 14:02:16,2017-11-19 14:15:21,2017-11-20 20:05:11,2017-11-21 19:11:35,2017-12-01,d945c7b2e010124a6aebc17396abdb19,2017-11-19
483e06611c77dee5a2e4b91b489eb95e,0dc954c9c93860a5d29fee62c27add39,delivered,2017-09-15 15:03:39,2017-09-15 15:15:16,2017-09-21 14:56:28,2017-10-02 18:26:03,2017-10-05,89f5b2eb3f11f9c413dbe8c3765f397f,2017-09-15
b09109563f9a006540433672e92f5c13,ee910160bbbdf7ba4b1dbd4dbc1db3ae,delivered,2018-04-24 09:27:39,2018-04-25 03:51:36,2018-04-25 15:09:00,2018-04-26 18:17:28,2018-05-17,d55417a83a73d1702b43988e63f0731a,2018-04-24
2b02cfd07deb1e5bf28fea9334be0b9b,650ce1306fd481b41aa8860f021050a0,delivered,2017-07-14 23:01:23,2017-07-14 23:10:20,2017-07-18 12:34:05,2017-07-21 21:30:00,2017-08-03,ac229c12dbb2086d76e9365e2fb9d6ee,2017-07-14
acb240f46b51c9c771670344a66976b4,c8431d21b0890f5760a4c628052bd458,delivered,2017-11-26 23:22:29,2017-11-26 23:33:16,2017-11-28 17:41:25,2017-12-19 20:35:45,2017-12-20,77ab3fdb605c40eb8fc80fb2b035ef44,2017-11-26
d84351a9ee5a7c7b237e3a1480d252d9,aac4c01fb6c2796fc966d56e7b5a63f0,delivered,2017-03-17 18:39:46,2017-03-17 18:39:46,2017-03-28 07:34:30,2017-04-07 14:08:15,2017-04-17,938c00fbef88cee0870e41b55870a9ce,2017-03-17
c48a91a7cfb7c545883da4020ea3555c,450cd10445a24bc0d52c39dca54d1257,delivered,2018-07-14 13:46:20,2018-07-14 14:04:08,2018-07-17 14:12:00,2018-07-21 12:58:47,2018-08-03,c76d1d808a5ed9c89a3431fc911c9696,2018-07-14
37d7fe3b89c5111a0bbed48ed650101a,9ac79dbd56c788bdaa3fd33476b5e31e,delivered,2018-03-21 14:20:32,2018-03-21 14:35:24,2018-03-23 01:21:00,2018-03-27 14:03:03,2018-04-10,f9b074cca28d2f4143036e8eec7eb60b,2018-03-21
c855d7dabfd631a4aa54cdeefab7dc3a,c4c9264d7abbbea53865481269ac55ce,delivered,2017-11-11 21:08:41,2017-11-11 21:26:51,2017-11-16 12:49:11,2017-11-28 18:02:45,2017-12-04,e9cacd62d2a5bbc6b9806ccd99105580,2017-11-11
c0a3c804bb323cc5a4f30ac1f6bd2837,f6dab93db29fd73583114f15f85cd245,delivered,2018-04-23 10:01:16,2018-04-24 17:57:12,2018-04-25 14:20:00,2018-04-27 17:46:46,2018-05-18,81cac5e539b7849224280b2b7b4114a4,2018-04-23
ed1d4b46f3903db668554c9c5b5a1d16,6670268d1bb3bfc53f5c2f34abf56ba3,delivered,2018-04-21 08:14:07,2018-04-24 19:01:18,2018-04-23 20:12:54,2018-04-27 12:57:20,2018-05-15,61da7b66af6734bbfd4a7a1852bfeb05,2018-04-21
fd014fb42116364b9f36fd0a79a016f0,c6bc93376073354fceb3e603bcd50c79,delivered,2018-05-05 22:54:08,2018-05-05 23:10:39,2018-05-08 15:23:00,2018-05-11 19:07:35,2018-06-06,e7f66193ae74b2d22217bb5c330ef07d,2018-05-05
15b5597f4ace3db6ea01c54d433187ce,efddfbc145b918ff26003947b617fe70,delivered,2018-07-13 14:19:43,2018-07-14 14:15:10,2018-07-17 13:15:00,2018-07-24 12:36:55,2018-08-01,f437f2cc0e091dfc91cfabd06ac99981,2018-07-13
c0ac0672fbc1b9f9424dc334437a3564,a83d9778528a50b4850c15eddb39ab57,delivered,2017-11-10 08:19:22,2017-11-10 08:30:54,2017-11-10 20:28:27,2017-11-21 15:06:52,2017-12-08,b174f842ed0fe72ba49abed080d8d15e,2017-11-10
189711984919a2bdda375153d796d096,69c095e20533ed0e7245ab4ad0282fac,delivered,2017-07-01 20:13:01,2017-07-01 20:25:11,2017-07-04 16:18:59,2017-07-17 18:30:05,2017-08-02,d0281d057510ea65874d743462897abd,2017-07-01
c13bcd05a0786cade9dec7974f1b5cc1,1c3c352713e2c8c11f15e6f07408751e,delivered,2018-02-25 19:06:00,2018-02-27 04:41:26,2018-02-27 17:48:57,2018-03-08 18:05:07,2018-03-16,1f8201a7ef707def40afb6494fce6658,2018-02-25
7416fe84ef0fab161c4990ff538a07bc,8c6eb8cc62ec4775e56cd5a96647bad4,delivered,2018-04-08 21:15:14,2018-04-08 21:29:32,2018-04-09 18:03:19,2018-04-10 19:08:55,2018-04-20,fde5f089df2dfe06fdc16a0feb34c3ec,2018-04-08
e40339cd43c38724ea64647be58ae59e,7ef6e35412db5a85693dc0909481ee07,delivered,2017-10-21 20:12:40,2017-10-21 20:28:08,2017-10-23 21:36:05,2017-10-24 19:42:27,2017-11-06,2b9eaef1311d306fe845a1e6c9a59a28,2017-10-21
7d9222bcb9fbdafc453620f32f6fb996,66ec897fe7dc187b52b3f654bfe0c80c,delivered,2018-07-28 15:35:20,2018-07-28 15:45:09,2018-07-30 12:17:00,2018-08-03 16:21:35,2018-08-14,c9a7082c7fcd2d95243b4c971e996abc,2018-07-28
3817a2f8b9b02eda56309cd9960453c2,37c94bc93406e224d829c62d66d25398,delivered,2017-04-07 18:39:24,2017-04-07 18:50:17,2017-04-10 10:46:59,2017-04-13 23:39:01,2017-05-03,0489eb155166019d60e13ca2b0f76895,2017-04-07
d4bf1286601648f75bf89839e7991d17,991b6e88c5c983654861053d33fd7e16,delivered,2017-07-18 09:21:45,2017-07-18 09:30:19,2017-07-18 21:26:55,2017-07-29 16:08:38,2017-08-09,b581a61602c09719611cfc33124fd977,2017-07-18
5d4f99cbe5d36d97c16689770008cfc1,1a9af959246e8b02fc642b87dd09642c,delivered,2017-07-25 11:02:16,2017-07-26 17:23:19,2017-07-27 15:46:35,2017-08-03 16:29:08,2017-08-16,3d3b6109fea769485435a8f27873a2de,2017-07-25
8fd853ced43959cc63ab4c1e06c6e7b6,c6caa319858057b3f7895c4f6926c824,delivered,2018-06-29 00:09:05,2018-06-29 00:31:00,2018-06-29 17:36:00,2018-07-16 14:59:02,2018-07-18,8b50ee8cca3616bc8601d6f4f9074e80,2018-06-29
7694252f454aa20f5bc63f72363c3167,5d0291752b08178d853009985c9dc803,delivered,2017-07-28 19:53:43,2017-08-02 08:33:58,2017-08-02 12:54:59,2017-08-14 20:12:25,2017-08-29,6b264214c616558168e746352d03b77d,2017-07-28
f77ea394864509e417418362e526ce60,73175bb66381e7cf02294f0a8c2ea137,delivered,2018-01-24 09:54:54,2018-01-24 10:16:18,2018-01-26 18:41:56,2018-01-29 21:53:02,2018-02-08,6cd8f672079bdff390a8117696d3cdb5,2018-01-24
86e883b47142d3549c534112623c0de4,e56ffe8318ebaa8e036399ca8809f975,delivered,2017-12-10 20:15:45,2017-12-10 20:30:22,2017-12-18 18:25:26,2017-12-22 23:19:13,2018-01-16,5f9d77dafcb64af05b5098aed0d3efbf,2017-12-10
e138a14b6a413d7a17ff420a130b2759,6dc2df445e3eff17ac265b74560f93cb,delivered,2018-04-18 12:22:26,2018-04-18 12:31:44,2018-04-19 23:12:54,2018-04-20 15:17:19,2018-05-07,2afe882179ea5c1eb6c9f527fb19ad4a,2018-04-18
94913aafe17653bab62750f84e739d1b,eabdbae819e2939ce6b3afc5533e00bc,delivered,2017-04-22 17:54:27,2017-04-22 18:05:13,2017-04-24 10:46:00,2017-05-03 18:04:05,2017-05-15,43c626b276eda6206691e657b858fc47,2017-04-22
fc5850037cf5ed63407d1c26885ba778,29a8df8e2035d20aa4bea83d1c766e8c,delivered,2018-02-06 15:33:42,2018-02-06 16:11:48,2018-02-08 21:12:18,2018-02-09 20:07:18,2018-03-09,d3f0e3b979deec25383cb56baf74a7da,2018-02-06
dbc1c19f8bd4df6a9271d408ce48c776,8812b65bdb19fab647a1d84368576ddb,delivered,2018-04-13 17:29:31,2018-04-13 17:52:26,2018-04-23 21:42:43,2018-04-28 00:04:12,2018-05-08,911d8d8b9caf08632be0ed8889151d8d,2018-04-13
ce52a7a6fba6e7475592bcb989ff0487,c1193057b66b6e369eabc16df122e985,delivered,2017-09-30 20:27:43,2017-10-03 04:28:18,2017-10-04 14:17:36,2017-10-04 19:17:02,2017-10-18,15555e5d36681ed0f1991d187f946cf8,2017-09-30
dc75b1010fd4556e765a7a5bd7d2acb1,1779d71add5370bdb54259a813133543,delivered,2018-04-06 21:24:06,2018-04-06 21:35:15,2018-04-09 18:03:18,2018-04-12 20:25:30,2018-04-25,941816bc8bf0ba36593c7ff873de3174,2018-04-06
b7c3462b308e3d9d375ba7d120ee0893,c445359b5a2478c8b99696562ad4a2fd,delivered,2017-04-04 19:41:58,2017-04-04 19:50:22,2017-04-06 12:48:17,2017-04-20 08:48:03,2017-05-15,61e32ff7e0509ddd8884143f08643318,2017-04-04
4de273e695a489841193c7a5bd6911cd,cbb2359424abfe3190e892223a27b650,delivered,2017-10-17 14:31:02,2017-10-17 14:49:48,2017-10-18 20:48:38,2017-10-20 21:25:22,2017-10-27,9e4a93fc6381bfb1ae75569272a0990d,2017-10-17
bdce854b86e3fe8851225cb4d17f0776,f3d5f4d7dfe0ba7806d68a521836f436,delivered,2018-05-04 18:09:14,2018-05-04 18:29:58,2018-05-07 15:15:00,2018-05-08 18:12:52,2018-05-21,eabaccde0fe3120d2cbbcfc93e2b4177,2018-05-04
8f0dec20d92d7f1c553d41ed603d57cf,d19c3418d4f7e139dc545de1ff45f41d,delivered,2017-08-30 09:53:59,2017-09-01 02:25:42,2017-09-04 19:52:29,2017-09-14 21:23:24,2017-10-02,acea6bd29b8c1e3c6a8b266a8fb4475e,2017-08-30
7b04a7ac2acca6b694c8e7495f57369a,656bd85a001fda76187bae2e92027f5b,delivered,2018-04-19 13:55:42,2018-04-19 14:13:04,2018-04-19 23:34:39,2018-05-04 12:28:38,2018-05-21,ac34c6ac0b84f376ed037d65c5de029d,2018-04-19
c233a5be39263e6b4d380d2af589ff09,d32d060ed6d1eca9162c3afeb7e873f4,delivered,2018-04-05 13:58:45,2018-04-05 14:10:19,2018-04-05 23:11:47,2018-04-16 14:42:48,2018-04-24,e84acaddf31e811887142b13ce102bb5,2018-04-05
a57e5933aecc63699d3d4657af21b9ad,bfcb0eccc6cbab4f67a465a8838dc542,delivered,2017-12-07 12:48:36,2017-12-08 02:54:10,2017-12-12 22:59:09,2017-12-20 18:11:31,2018-01-03,777681f9b9224be7805d16ba1bb73b6c,2017-12-07
1dc15f1603f062d0d4b587b55dea3006,3c39516a1b33d6d890f3d1094267e54e,delivered,2017-12-09 11:17:34,2017-12-11 11:12:41,2017-12-21 15:49:41,2018-01-04 20:44:42,2018-01-18,14cbaed6f27a7aab94b666fefa33d5d4,2017-12-09
fc355d449ceaea8f858ef33c4eba83fa,44abc08e78c370ebe0f4504045713574,delivered,2017-09-29 08:12:43,2017-10-03 04:07:20,2017-10-04 14:10:58,2017-11-16 12:42:52,2017-10-23,ab651f1d7e2ced2584980b1614d5a129,2017-09-29
6eb2a690131ac9952365adf622793a1e,9e73b20ba4eb379917978219be55ac56,delivered,2018-01-29 09:00:30,2018-01-29 09:18:46,2018-02-01 21:46:10,2018-02-09 00:57:18,2018-03-06,10932073de3cfc114c1e40ce68bf67a4,2018-01-29
36eb70069f7101d0960ad249d5228f5a,989e6a65ea8c76a7d2ec66bc72274758,delivered,2017-06-15 22:14:18,2017-06-15 22:25:14,2017-06-22 16:52:28,2017-07-07 19:03:51,2017-07-17,dab76a99a4a70d276fd10059ef6e63d6,2017-06-15
6db1acfb7eb6c31cde5a3fd0a83f8b51,d4fc2ef8f515dbc8e1889ef8319d3f11,delivered,2017-09-26 21:09:07,2017-09-28 03:34:27,2017-09-28 18:06:47,2017-10-02 16:44:03,2017-10-19,93711751406953c5f6906161ac61e41e,2017-09-26
57bfb7a49bcdecb20d9dbb778d7d7590,6421f7c015f434812081873e3765b3af,delivered,2017-07-29 17:28:18,2017-07-29 17:35:18,2017-07-31 20:19:07,2017-08-08 21:20:10,2017-08-18,46f85d17380660c2b457a30d81b7fd32,2017-07-29
bbb45005fd322e2f3349b9b764a34d50,d74286e9f56b6926ec98bee130a867b6,delivered,2018-01-09 08:50:14,2018-01-09 09:08:28,2018-01-09 23:57:43,2018-01-10 20:43:13,2018-02-09,6a527828dde2b20e0d5cda4e145deeee,2018-01-09
b7f82499548a3de02968030aa7d011f8,5bcea12287a87f4845aab1b18b0a0280,delivered,2018-05-18 22:59:34,2018-05-18 23:15:20,2018-05-22 14:43:00,2018-05-23 20:25:27,2018-06-04,4f57fc9ae18c34832d4a65e18c415625,2018-05-18
07159640598ab46b708279254ec3be0f,907578100e52cfb751d235d0930227f7,delivered,2018-06-26 08:06:50,2018-06-26 08:18:47,2018-06-26 12:48:00,2018-06-27 13:31:45,2018-07-11,0fdec6c625ebd21f4304696b1dd3b37f,2018-06-26
bb1c550483af505863fb58b7f90e5861,1d3d7b3c6b940ad81e655e4a42f3d5e0,delivered,2017-12-19 22:00:18,2017-12-19 23:11:53,2017-12-20 17:58:57,2017-12-27 18:03:43,2018-01-12,e4f4eea578a428f14cb1801be1d1294e,2017-12-19
e2a04e95ea3fda8f64fc1edeb4e04c34,e41ca8cd2c3ae3aec718fa68a2ff49d4,delivered,2018-05-24 14:20:48,2018-05-24 15:55:22,2018-05-25 15:25:00,2018-05-29 13:56:55,2018-06-12,6f8e7d40046694539c87b98cb5096a28,2018-05-24
f8f71fc4d28872b4d80e802d58d73c27,a76f6411f0bcaaab45749b1d2734960a,delivered,2017-12-01 11:04:16,2017-12-01 12:31:33,2017-12-08 14:58:55,2017-12-22 18:49:09,2018-01-02,f9675a69fd667de8b891bd7506f14a4a,2017-12-01
1a3c522fdd0e9dd7afd78e03b2858a54,7025bf2c3dca2e1d48f783533403e776,delivered,2018-05-21 17:11:25,2018-05-21 17:56:40,2018-05-23 13:47:00,2018-05-28 19:17:29,2018-06-01,9491c195b742b5efc634c2020eeea244,2018-05-21
945425732a4ff01eed5bfc09c1d5bd7f,f1e20e29a707cbf90c52db66704ebc70,delivered,2018-08-05 19:07:16,2018-08-05 19:15:20,2018-08-06 14:28:00,2018-08-10 12:58:40,2018-08-23,73583b6d8dd288a75e32766d0e532a4c,2018-08-05
88c73414c84d0729fdfc26ad5442963e,4ff6cf227ad4c418dab2aab38d9022f4,delivered,2018-03-17 09:32:16,2018-03-17 09:49:14,2018-03-20 00:22:37,2018-05-24 22:22:27,2018-03-29,7da12aefce6a8b6112fb9dda7c5c6dd9,2018-03-17
069872f35a2ed2d455f9b64e914dd4bd,04b980084e94db244952738c91136dd7,delivered,2018-03-03 00:44:24,2018-03-03 00:56:25,2018-03-05 18:43:29,2018-03-13 22:56:27,2018-03-27,e6852fcc42a88802bb6fd79fee5d3a73,2018-03-03
cc95bee5397d2c44e076ccffd9dd766c,19f515a27e9715e1786e492cc22c53f0,delivered,2018-04-20 19:44:27,2018-04-24 19:00:44,2018-04-24 20:32:09,2018-04-25 12:24:29,2018-05-09,e6c47652fdee1b92f1baec5acf0b4ce8,2018-04-20
02355020fd0a40a0d56df9f6ff060413,b28f05c74142c8e7c6e07e5336fa63ae,delivered,2018-02-28 16:07:09,2018-03-02 02:15:42,2018-03-02 19:16:33,2018-04-10 14:48:49,2018-03-26,2dacd79aa5d1a86240b37b6c588de551,2018-02-28
e147052b9ecc00bf938f9e8581944207,b00b81a9b7416a8fe6ebe883a5e5ea7a,delivered,2017-05-11 16:03:58,2017-05-15 11:33:24,2017-05-17 12:59:29,2017-05-30 05:49:41,2017-06-14,c9a91bec3bfa5993c6560e6dd6bb5beb,2017-05-11
bf65b4dfd8ce84479e31f38c67b18312,42ba079fc0a7b2de60c95138b0162fa3,delivered,2018-08-14 16:48:55,2018-08-14 17:05:10,2018-08-17 13:53:00,2018-08-22 19:36:42,2018-08-29,63ff0bab723a94a8885b83350cd5faaa,2018-08-14
67384817c871ae183b24f9a0a6eb9bbc,f83083fcbc51d12f8279b5713c2d4b4d,shipped,2018-01-25 12:12:37,2018-01-25 12:31:27,2018-01-26 17:49:00,,2018-03-01,0465f164e35aba70f70e911b252513a9,2018-01-25
83962168dce2d06a69a7e27082962069,fe1dcedfb68e0c82a41bfec87a55688f,delivered,2018-02-09 10:45:32,2018-02-09 11:08:41,2018-02-26 23:59:00,2018-03-09 14:17:26,2018-03-12,99edaf80780f7762a826c6d5b05fcbbc,2018-02-09
8608b68211e2b6a120ff2e767285e069,473c77cd60d911e3b6d30859b4acf7ec,delivered,2017-09-18 20:11:16,2017-09-18 20:25:12,2017-09-20 20:50:00,2017-09-28 19:19:10,2017-10-24,2a9c9698ae8fb45eee69ca8808382671,2017-09-18
e223f6ac4712ef4fd137edd9cc2bbdd7,5a76cdc27fc4b7007275407cc5374470,delivered,2017-11-23 06:38:18,2017-11-23 06:47:28,2017-11-30 00:07:00,2017-12-08 20:09:19,2017-12-15,59293545b02da9dd4e3e704c7e73f0d6,2017-11-23
e63d9de42a90dff1cdde4dac22056ac3,ebe041d745f3b356107e0ddeedaa91f2,delivered,2018-05-04 11:54:06,2018-05-04 12:12:02,2018-05-08 14:14:00,2018-05-14 19:38:46,2018-05-24,c9f4279fb9904eec84b78fad5b3f2c6a,2018-05-04
ae44f114faaadcc8fdbcdda840ffee18,e3a2ecc76f9a48dedb531f45863a92b1,delivered,2018-02-02 18:01:20,2018-02-02 18:15:56,2018-02-05 22:44:52,2018-02-09 15:08:38,2018-03-02,3d217f28b2f54d2ac1b06781cae22eea,2018-02-02
465dd2ffa0a3037d69ecd75c4e987e4d,9c5e88e3fe00bcd6bd2093125838f703,delivered,2018-08-08 14:49:25,2018-08-08 15:04:58,2018-08-09 14:47:00,2018-08-16 13:22:46,2018-08-31,787e422f4ab02214e5312445d55ff22f,2018-08-08
29c8471e22b812817dc9d933a3690694,ca9b20feece217c22f11384c2a78f78d,delivered,2018-01-03 22:00:03,2018-01-03 22:11:36,2018-01-04 23:15:26,2018-01-11 21:52:15,2018-02-07,3a410d8f6209fe24eb8e1b3feb1fdbf5,2018-01-03
c6f6d0d2fcec284a2c01d8913a86ed33,bf000009c73436a90b2e3d4e90c968fd,delivered,2018-01-14 07:49:53,2018-01-14 07:59:26,2018-01-15 17:52:03,2018-01-22 21:47:27,2018-02-19,39fec3e583b5cc60d2de505e090d60a1,2018-01-14
cdd55639e282b90007cac9a8ea6a7798,6065fad852344e668bc2352e47d3db07,delivered,2017-10-20 16:53:16,2017-10-20 17:14:09,2017-10-20 22:32:49,2017-10-26 19:18:11,2017-11-01,d26c18f646566e96348d5782c71d9453,2017-10-20
60aed0a4eba0e424eb3cac85017fd752,c596bc25904f9043dae514f6a26c89d3,delivered,2018-06-18 13:07:05,2018-06-18 13:39:36,2018-06-19 14:30:00,2018-06-22 23:08:29,2018-07-19,0b52c0db190fe9e3558ddcfa4407ea90,2018-06-18
3999a126b43090c600e16c9044722e1c,038718a29c41e770aaeff44f49232eab,delivered,2018-02-16 15:04:38,2018-02-17 15:06:35,2018-02-21 20:03:40,2018-02-23 13:37:02,2018-03-05,e8c901de2619a65c9271aa51c5df1b2d,2018-02-16
5c4e6dc9331f62136e1d51c2af608af9,8635815549630cbffea696e18a9f8d6a,delivered,2018-08-15 16:11:47,2018-08-15 16:24:00,2018-08-16 12:58:00,2018-08-24 13:29:43,2018-09-24,f435be2fc1336c5bd3bf67a394388bfd,2018-08-15
489f4aa5c9356b6e5b7882bd7a6d6379,48714233f2b7355320ec3bbdfda8264f,delivered,2017-05-27 21:17:02,2017-05-27 21:30:15,2017-05-30 14:24:17,2017-06-01 13:10:05,2017-06-22,9642e3a3287af4d3afc3aa04e95cc0c7,2017-05-27
1e93085d89b5c7f620b569c05e89d904,dade53d3190192887535ca1264cd90c5,delivered,2018-01-15 19:57:54,2018-01-15 20:10:17,2018-01-16 21:34:53,2018-01-25 16:48:49,2018-02-08,e23a7277fa8adae2426eb6b36fcc6915,2018-01-15
ec4c612592a61abdf6ef3d26a135ab28,29855e598b8e32b458fbfe4ff8f67dff,delivered,2018-02-20 16:56:59,2018-02-20 17:10:27,2018-02-22 10:47:09,2018-03-02 22:33:35,2018-03-12,40c1a1a090858c1d4b15f4f3143a5526,2018-02-20
650e96bb8f069e30f346534aa42860a7,020fff139f1af3a6dff28456f386fe2d,delivered,2018-08-10 16:55:53,2018-08-10 17:05:17,2018-08-13 15:17:00,2018-08-14 17:26:42,2018-08-16,00705dcbc0b9cad67abd658612770905,2018-08-10
9c00e21690ded199ff76a235193af3ec,877888965c706598eccba35bf3f11662,delivered,2017-06-12 16:35:49,2017-06-12 16:55:24,2017-06-16 12:49:27,2017-06-23 12:35:58,2017-07-07,6776bcc1bacf98f85e5717a3df87dac8,2017-06-12
81db4954527dbb6dbda29235cf4bf043,9ac96931f198ab99179b224796559427,delivered,2018-01-03 23:39:24,2018-01-04 23:32:19,2018-01-05 22:58:09,2018-01-19 17:46:38,2018-02-02,48bbe346ca894a3473b715c94323183c,2018-01-03
0a558295652f98bafe12e259c4d3fa26,4748b3055f838bb2685924aae49b1aac,delivered,2018-03-06 16:06:20,2018-03-07 16:10:52,2018-03-09 12:18:25,2018-03-20 21:26:59,2018-03-22,27cba8de86d3af0359c557cb971c891a,2018-03-06
2c7e5cbdab3bc1cc70b61425a7648ff1,0c97e8cae92b456d9477d51b046cb813,delivered,2017-12-15 14:53:00,2017-12-15 15:12:43,2017-12-19 16:48:33,2018-01-03 16:32:18,2018-01-12,7df29fec2ab7ea4fd3cddb21314c8f03,2017-12-15
5b19e6d8d588e5f729477c3df4552051,5252326c6b990fdcde424e82efe2a7ca,delivered,2017-04-10 21:26:22,2017-04-11 03:55:29,2017-04-11 15:00:07,2017-04-20 12:36:55,2017-05-11,571aff22226aab813ea6b7e9904673c3,2017-04-10
1e5063a13feccd482c1d71d5148a8a8d,edbdebdfd7bb25917c54cc105e4686a9,delivered,2018-01-20 14:54:05,2018-01-20 15:21:34,2018-01-25 18:51:37,2018-03-02 21:21:56,2018-02-21,dc0ac01d387473583f56e937850e0df2,2018-01-20
25d411068cdabc418a1c4c90020d4426,4826a87e5af2eb5fbfc74ec5a966f66f,delivered,2018-04-13 11:57:01,2018-04-14 02:30:40,2018-04-16 20:22:11,2018-04-20 11:34:34,2018-05-08,5695f85fe3f23ecf517d31dbd3b9b2cc,2018-04-13
17be7ed9263bf0ea1f2e8ad91f699dac,32cd44465ecbb61fa74d4b3ef350efbd,delivered,2018-08-06 22:35:23,2018-08-06 22:45:16,2018-08-10 08:51:00,2018-08-20 18:59:00,2018-08-31,18cff74df42543eb441533275e696208,2018-08-06
3862ca36e4adb4dc6380e0b7819c752b,ad1cbc8c0b2b1bcd16739bf4f609fe1b,delivered,2017-09-19 18:11:48,2017-09-19 18:26:21,2017-09-22 17:04:54,2017-10-03 17:11:53,2017-10-13,c7af797e1afa5cb811aae636e3b92e09,2017-09-19
833124c58a852f0accaa7c09219e2967,7d7c7132b37ed525b93bf574f9948d69,delivered,2018-03-04 12:04:09,2018-03-04 13:21:40,2018-03-05 19:53:14,2018-03-16 15:42:06,2018-03-29,a725b80fa6c51469bd7e8cd3f923ea1e,2018-03-04
5ad85d28c59b651cb87335659a49f1cf,787cfff80aa3a2af863ff92e442ed041,delivered,2018-03-25 13:37:45,2018-03-26 13:35:33,2018-03-27 13:36:38,2018-04-09 19:34:25,2018-04-24,acb92ad47d687da31cb69ab8de127f43,2018-03-25
311033a32a090c758aced7844f53d0b3,5f3221403110323a072c5eaa148080f3,delivered,2018-01-16 09:55:52,2018-01-16 10:10:56,2018-01-16 22:17:35,2018-01-29 20:13:16,2018-02-20,e225b3c270984a8097a136089a11aea9,2018-01-16
7960d74e96a2fc6a608c4bb2d622f456,16e60282203c560325df62d5c0b435b5,delivered,2018-07-20 16:14:47,2018-07-20 16:25:22,2018-07-23 12:25:00,2018-07-24 17:36:29,2018-08-01,63822de2a13203c2aa8a22cb8e52bcd9,2018-07-20
542ed9dd96bd38be14a8dfa8abc13065,f0e28113cd4ad5a6e901d09c7d1b5df4,delivered,2018-07-18 10:33:46,2018-07-19 02:50:23,2018-07-19 12:15:00,2018-07-23 18:51:50,2018-08-01,047448ccb9c66b5d0ab04072e735df8d,2018-07-18
aeb970f75d1a1aa41b4fd895c60fcdeb,23b8d8f0b764cd3b1b8791a64cf2e79c,delivered,2017-03-22 19:47:12,2017-03-22 19:47:12,2017-03-29 13:23:15,2017-04-05 17:27:55,2017-04-18,3476f88b6c1982086dda29ac29cd345e,2017-03-22
47272de616a0636ec03ec5bfb56a86aa,cc989f18e4bef56cdfb6157afb5f792e,delivered,2018-02-15 19:58:08,2018-02-17 03:35:47,2018-02-19 21:22:58,2018-03-14 16:39:59,2018-03-20,18ef211d78482b9f5e0a138993d6d4dc,2018-02-15
60370e827435d6cab7062f5852f15d80,348ef1537e9e0c1e2c783d7132570c8e,delivered,2017-12-05 17:14:52,2017-12-05 17:33:55,2017-12-08 23:58:37,2017-12-11 17:18:59,2017-12-21,d18c3b9249d3e5aaf8e7b951a42daf0b,2017-12-05
8c22d7e0d7c5b5642258a6da3a5458c5,a351443c0558c6661ad5bf0ced4e848d,delivered,2017-03-01 11:31:23,2017-03-01 11:42:26,2017-03-06 17:11:39,2017-03-09 13:05:57,2017-03-22,5b0be88ba5c3b82ce49eee8705c2b188,2017-03-01
e6fd05b126cb5c89f360d14068a14e78,f2ed9261ec0fab7ba0245fadee48d2d0,delivered,2017-03-12 22:32:20,2017-03-12 22:32:20,2017-03-15 16:01:03,2017-03-20 16:12:15,2017-04-04,90e4e338fa77318ca2c8de514ca4ae5e,2017-03-12
5708ae647d7017fafc39273981150d84,febcf121404f8430f271a004c6d7b29c,delivered,2018-01-28 00:47:12,2018-01-29 00:49:02,2018-01-29 16:26:04,2018-02-05 13:02:47,2018-03-06,b0ea7c59423c17a5450474db7e973a29,2018-01-28
e96343d353d85658fdfef8ba65b57ea9,6e4b305e5412b2204719639379f38b35,delivered,2017-06-02 14:34:31,2017-06-02 14:45:16,2017-06-09 18:26:38,2017-06-28 10:36:47,2017-07-05,84bce7ce9999b331f8c18d359fa0ba0d,2017-06-02
314309621e99dff004e43be09afbbb3c,33f79984eed79b3bf692c17db97c4334,delivered,2017-12-19 10:04:27,2017-12-19 10:12:21,2017-12-20 23:12:45,2017-12-28 17:47:21,2018-01-16,be8cec1133d0c0b877fb44865a226245,2017-12-19
d1c064261a09ddbda89abe658558d56f,76060eb33e403961469c1b4b81181f3c,delivered,2018-06-26 10:22:59,2018-06-26 10:35:21,2018-07-03 06:27:00,2018-07-09 19:38:34,2018-07-25,a99e3f897f5244cc9e9491a608daf32a,2018-06-26
cbdabf28d94ad320e51b6a0a839003c4,29dc6045f9acedc61817755d41b1eab2,delivered,2017-11-24 16:52:31,2017-11-24 20:38:35,2017-11-28 20:26:57,2017-12-06 23:35:44,2017-12-14,dbcccf777a4321bfa9977dfb8306cb89,2017-11-24
68ba2f5321a125f8524a6e7b2fcbfd94,51d16c21b35029b39397b510e5021487,delivered,2017-06-27 17:01:45,2017-06-27 17:15:31,2017-07-03 14:37:48,2017-07-07 19:43:27,2017-07-28,88083cd11e9ebe3f90c955770cf2bf76,2017-06-27
50ff05d6d0da8a197889efe41244b0ee,2dd2a6cc4abcac6d1d49a34171bcfbdc,delivered,2017-10-24 22:29:51,2017-10-26 02:57:28,2017-10-27 15:14:01,2017-11-06 19:21:21,2017-11-14,c3fc29aad1a12b95d9be4072de2f97ca,2017-10-24
11dd4e8d5273dee8fbe9260bd8e0e5fe,14cc76078935118a32fb1f6c01c55488,delivered,2017-06-01 12:30:35,2017-06-02 04:32:23,2017-06-08 16:58:16,2017-06-19 18:53:48,2017-07-04,ee1b5488e7e5141b4c02181185f1e080,2017-06-01
bbb4d4b4c440b97b67239affd65878f5,024679569f0c2c3aac239e0d2ab50b7b,delivered,2018-05-17 10:36:48,2018-05-17 17:45:00,2018-05-18 14:03:00,2018-05-22 19:04:28,2018-05-29,f3804928119930c453551cc4bc29f52e,2018-05-17
8b6ed0131b6379b73b0dc313d55eb377,5f14698630f1ed4e0ba7070de560d8ab,delivered,2018-07-28 21:05:44,2018-07-31 04:05:34,2018-07-31 14:07:00,2018-08-06 18:33:48,2018-08-14,1ef3122207584f16de7f48a317bcf179,2018-07-28
9ebfe4f8443f801cf3685442b0d26e6b,eafceab51b7f2121c2ce2f94e0152d3b,delivered,2018-01-03 16:56:47,2018-01-03 17:07:59,2018-01-05 18:09:51,2018-01-15 18:49:32,2018-02-07,5301f2f2142439cb77b84547ffb4b721,2018-01-03
13b81a1e19dd22ce11a49e06b77a2b28,529d7b05ef37cabe2210c85097858b14,delivered,2017-05-02 09:53:39,2017-05-02 10:02:31,2017-05-04 11:52:53,2017-05-08 15:38:55,2017-05-25,c4bbe35ff5cb5a2d70cb00dfe6b68527,2017-05-02
90fe9b961eeb1a29da7dd853622d187b,7ae557da267b224689563199c18b8750,delivered,2017-02-26 22:47:23,2017-02-26 22:55:10,2017-03-03 07:45:49,2017-03-10 07:46:08,2017-03-20,14e08fd963e8440ad9b9d43fe47a9808,2017-02-26
6ed990b44c245abc401519dfc68b4af7,d4d03fd95aa1755db8fda2fef2bd6f83,delivered,2018-03-28 11:08:14,2018-03-28 11:28:06,2018-03-29 23:12:28,2018-04-02 22:36:52,2018-04-10,a745cd88426dd0196d729330aeca1980,2018-03-28
5f2ef01a80318d172da98271698fb682,ab078ca665a1e44577255d0501b0dca7,delivered,2017-11-18 16:41:52,2017-11-21 04:10:21,2017-11-22 20:14:39,2017-12-01 16:42:51,2017-12-18,fd5044339824c03f3b89f398840801a7,2017-11-18
1f484f0337419fecf42ab5861ff70ceb,734ce03875efaf7de6dbe878382fcfd0,delivered,2017-10-17 19:08:50,2017-10-18 06:49:17,2017-10-18 20:40:01,2017-11-10 23:04:35,2017-11-16,d1f96e64e2b613b828c28eeafe177b20,2017-10-17
37f699e1c2746962c33774a34872fad7,5ce19e6c79a4a3d9de36c5cccf0eea3a,delivered,2018-04-24 10:22:06,2018-04-25 08:51:58,2018-05-02 11:19:00,2018-05-11 02:38:12,2018-05-22,a87f3307c1b45456352b4d70632ecb05,2018-04-24
ba89a3d7d01c8a2a0bbdb514a851e9f1,7cf9c49c88da7a1deb790fb3d2848c0b,delivered,2017-07-24 13:40:56,2017-07-25 06:43:03,2017-07-26 18:09:46,2017-08-10 14:52:31,2017-08-15,3b6f5d22fb32e6ac2fbbb944b18cf1bb,2017-07-24
161dba2d39ca4ba1fd1a5f8024de7da4,a45fdf15523abcc42ac5a7793b940938,delivered,2017-04-01 23:33:23,2017-04-01 23:45:07,2017-04-06 12:58:09,2017-04-12 16:24:53,2017-04-26,cd16ab483fa61f147797225a474d5c5e,2017-04-01
935560928e5f091092de5aecfbf28876,03fa8e275f7ffe9b81f18e30c42fa7a6,delivered,2018-05-01 21:25:44,2018-05-01 21:51:37,2018-05-03 13:56:00,2018-05-16 13:48:26,2018-05-29,7f27d58e9d083b8a6ce07a167442fd17,2018-05-01
686fb1c21e29924074b592b5c2ebf96b,ed8dd21e56b9e94f098b5284475a33fd,delivered,2018-04-23 22:01:58,2018-04-24 21:55:14,2018-04-27 11:52:00,2018-05-17 16:58:41,2018-05-15,d5372a3694fdfdf2a17bb89e25d34097,2018-04-23
9325fb51e9f962575496da599b4500fe,bf753ecc8c9b53e99d0c6c655a0271ef,delivered,2017-09-16 20:23:59,2017-09-17 20:24:04,2017-09-18 13:51:40,2017-10-03 16:48:59,2017-10-10,a1c8233f8b613c9e87ed803f26048bb3,2017-09-16
762955db358210db24103ff9ce1ddda7,a0f1806a93811e5dd87821e891b3024c,delivered,2018-02-21 15:15:10,2018-02-21 15:30:24,2018-02-22 22:12:27,2018-03-22 22:40:59,2018-03-19,fb9bbd241311c681f09b955a1dda7999,2018-02-21
627d0a64da1bf5e9b75efb519c4d4c4d,873aa5da96b7300ef0a4019f8807522a,delivered,2018-01-24 15:51:25,2018-01-25 15:56:24,2018-01-26 22:19:12,2018-01-29 19:32:24,2018-02-08,86de88846955d8227bbf4d3661c131cd,2018-01-24
4152a677b7acfa7fdab8dc8e1dd436eb,f9186c4eba8c803ac493a2ea4a189fc7,delivered,2017-01-24 19:39:42,2017-01-24 19:50:17,2017-01-25 10:47:31,2017-02-02 08:39:06,2017-03-03,0ef86c70dde0066d9348655fc4e95470,2017-01-24
635c8d3ab47b7448b5d6c81dc9b7526e,d7b2339f118be9c6d98389f6d0c370d4,delivered,2018-06-07 22:36:29,2018-06-09 02:57:41,2018-06-14 13:59:00,2018-06-18 18:33:50,2018-06-26,0c2bb0bab2bf22858fa762d320a326bb,2018-06-07
0902d364e14a1dc0b156a550d070cbb6,a7b8f9ee5992584fcb84251ee5671f6f,delivered,2018-03-19 22:57:09,2018-03-19 23:10:23,2018-03-21 19:55:45,2018-04-04 18:38:32,2018-04-17,45a1f95249146b8f0345b7f4b9d5a021,2018-03-19
ce85845ca7d1014cbae2bddabe1d468c,430b71cd7a955a7232bea5a2911b8271,delivered,2018-01-20 22:25:35,2018-01-20 22:41:12,2018-01-22 20:12:51,2018-01-31 00:16:49,2018-03-19,1a716867d4991435608b0c3296384801,2018-01-20
fae3b1a8d40ef353a1dbc1846bd5cbc2,ea330ac50b0b7ea91f599e2626d90300,delivered,2017-03-28 18:17:18,2017-03-28 18:30:13,2017-03-30 09:58:09,2017-04-04 16:24:37,2017-04-19,1a1923957844a4a24dddbba4a1cc487c,2017-03-28
ccc0965b6e9996d22fca63fe790a3c30,4c594e94dfd6acf3602a38e5998b5378,delivered,2018-05-10 20:04:34,2018-05-10 20:17:42,2018-05-12 08:18:00,2018-05-25 19:05:09,2018-06-04,dc0c390d282366e451452dc72340b949,2018-05-10
70bc63a4b15c36daba5d68676c6eb65d,919279990314ce9290fe3fd3bca96ee8,delivered,2017-11-24 19:29:35,2017-11-28 03:39:02,2017-11-30 18:58:00,2017-12-13 13:42:53,2017-12-21,179f496c6c02a7640d09f0843452e0fc,2017-11-24
7b95d76914bb5cec919366223c2f3190,6d00cd7a9751462820dddbed135e3375,delivered,2017-05-11 16:27:13,2017-05-11 16:43:27,2017-05-18 07:25:37,2017-05-25 08:57:48,2017-06-13,a2cb4f6348c28f91948c48b744559952,2017-05-11
bbc914b2842d3c32f438b913b31f0ff8,933781c2fe801634beb7c62734cd40d9,delivered,2018-02-27 21:37:36,2018-02-27 22:08:20,2018-03-23 20:38:48,2018-04-04 22:42:24,2018-03-26,63b3d613e28a214d6009012b49883393,2018-02-27
3ac29c0eeeb73047c1eaf402ee857939,5b0a38ce9fd2cb2076feaffc61018bb6,delivered,2017-05-17 20:30:54,2017-05-17 20:42:25,2017-05-24 16:08:42,2017-06-05 14:28:10,2017-06-14,d525f364245c31dfc8483ac204d20d7f,2017-05-17
43671c3e31b4bf4bf44ff94a4b6e6db5,b9eda58724d0b0c95a21c14bc9a817ee,delivered,2018-02-20 20:51:22,2018-02-20 21:27:43,2018-02-21 21:22:14,2018-03-06 17:27:00,2018-03-13,2e3236748ddcb07540a9b70948eb542f,2018-02-20
1eab1ffa9531378ef38084bc19f595c6,e6bef37b9fafe1f72e911f102bbca3f4,delivered,2017-12-19 11:04:24,2017-12-19 11:14:24,2017-12-20 21:22:13,2018-01-08 15:19:24,2018-01-12,e4c848f1bc9a397f940d4056ae35256e,2017-12-19
bcb093f60b7e48f285bf92f681e65651,fc65613a333059225d516c273fbff1c0,delivered,2017-01-19 13:06:45,2017-01-21 03:10:24,2017-01-23 21:44:04,2017-01-26 13:33:59,2017-02-15,d2f38262a9f66d15aa9fc2b60ea873d9,2017-01-19
8046235d64b3479dfce835281a85c0d6,9aeead5285b1635b4c0a55a8496e998d,delivered,2018-03-03 21:20:20,2018-03-03 21:35:29,2018-03-06 18:26:40,2018-03-12 21:22:46,2018-04-03,0867c4bb85527f7e0b1d67326b5d8abe,2018-03-03
15001804f74060f67b97719c69f2fe6e,9205f96959d0899cf127815c70b9abc7,delivered,2018-04-04 14:44:31,2018-04-04 14:55:24,2018-04-05 17:57:32,2018-04-07 00:26:46,2018-04-26,b7d76df20c149b1a54afbe25d9ecf658,2018-04-04
23cb56e66a2abb69511896a6aef2aa67,49b712be39af04ef4a73cdcb83cf3ac8,delivered,2018-02-06 23:56:13,2018-02-07 00:10:39,2018-02-08 19:59:25,2018-02-21 11:44:55,2018-03-13,0c9abfaffa0ae7587cebfdf0d680e3b7,2018-02-06
aa390c2a8b1889cbd84765ef2268fbcc,77ebc669c95a4faf1c6b941b1e46e475,delivered,2018-07-19 22:40:35,2018-07-19 22:50:12,2018-07-20 14:04:00,2018-07-31 18:56:34,2018-08-17,21f4a0f496d66f5ad60f6c47caa96515,2018-07-19
fe0b24305fde3889fdd0d23abaa7e52a,540fd94d138edcc2e81b4822c8d8f068,delivered,2017-04-09 05:33:03,2017-04-09 05:41:55,2017-04-13 10:03:59,2017-04-27 14:51:44,2017-05-22,25a560b9a6006157838aab1bdbd68624,2017-04-09
c2453c426084d540cbe9433887844fd8,07105ab4f77bd53b0128579b64df5cc2,delivered,2018-01-08 11:39:05,2018-01-08 11:49:05,2018-01-10 17:40:13,2018-01-13 14:43:01,2018-02-06,cb2d9f848a8c8e58dc791b3290253275,2018-01-08
9dad14cb70926812afb5ca62be79f298,53f46f4de675eddf5155ed374fd47b14,delivered,2017-05-12 18:47:42,2017-05-12 19:02:53,2017-05-15 14:30:14,2017-05-17 00:04:59,2017-05-22,5fabda03f882994e35cd517195ec71d9,2017-05-12
35d89cb00c04825ece90d7a205c0347f,11e50198c769f7badb6655afa56724a6,delivered,2017-11-27 17:14:33,2017-11-27 17:30:11,2017-11-30 16:41:41,2018-01-05 20:04:17,2017-12-26,7053b255a7dc04c16609c23f9b5d11c0,2017-11-27
508ef7d543f489f3a281d9b0157edce9,670e01f4e598fb1ce6e208a2dd0b6a81,delivered,2018-06-24 18:23:34,2018-06-24 18:39:44,2018-06-25 13:47:00,2018-07-09 16:58:33,2018-07-23,9c6a2c33b3baba19503393dd4a47648f,2018-06-24
445cd794c7ff61866803ea314dabe645,694edc807e805eca279af219e9fb4086,delivered,2018-07-16 15:38:52,2018-07-16 15:50:53,2018-07-17 13:38:00,2018-07-24 15:07:54,2018-07-30,91a30f7e47d6cea51afe0b1724b87119,2018-07-16
6cc8ea41e721d4a32913da4bb2179069,9ade91248eb4d71d634c09e4650d36d0,delivered,2018-08-20 18:44:49,2018-08-20 19:09:55,2018-08-22 14:43:00,2018-08-24 15:37:34,2018-08-30,cbcb2c5702a23202cd373b0e54748370,2018-08-20
9210972190e4cf80bcfda96b9c4112d2,a7c6d471aaa5d069a79158daaf254b65,delivered,2018-03-26 14:45:58,2018-03-27 13:30:12,2018-03-29 17:03:55,2018-04-17 19:08:48,2018-05-08,af1f7f1899f93df2a8790567d2267598,2018-03-26
3284a74080329a1d90714bf77280db30,ed6759db821e3f3dfe3a15f3f516ca84,delivered,2018-02-26 14:29:30,2018-02-28 09:29:28,2018-02-28 22:08:12,2018-03-08 20:31:24,2018-03-28,78cf129e526bb784c2d9ff1616c40f50,2018-02-26
89fa4e94189a9acfa88b8d22f4513035,cf7f629389df05c279179f3e158d506c,delivered,2018-03-02 12:19:51,2018-03-02 12:30:53,2018-03-02 21:58:32,2018-03-05 20:54:59,2018-03-14,4384b3c81f2e5d7f6a028cd588a9eb3e,2018-03-02
b5201a0b6f9977a55b5e41b5af2817be,d602a337672652d844343a4d67687be4,delivered,2018-01-21 20:51:59,2018-01-23 03:38:31,2018-01-23 20:42:59,2018-01-24 18:26:15,2018-02-06,d97a63970897fc87106967ad41656eb9,2018-01-21
29449197055445f2fc9d9f08777b676d,8d5835c2acf4c6a7e16dc7f1ae375229,delivered,2018-01-20 07:56:02,2018-01-20 09:15:52,2018-01-24 20:55:39,2018-02-06 13:08:55,2018-02-15,931ad7421a1ae10f94cb465c12d83e64,2018-01-20
141d7ee98d9a50269f84d9a3c5330cba,db7432cb997db7083db6aaea715d3433,delivered,2018-08-28 18:58:13,2018-08-28 19:10:17,2018-08-29 16:31:00,2018-08-30 21:26:27,2018-08-31,58ffbb506c34ffb731c99595589a4ebe,2018-08-28
d6f83d3377bbf1697831ea355301fb87,f3e73ca7cd85db9bb9be47fc88d38bc8,delivered,2017-01-23 18:56:45,2017-01-23 19:10:11,2017-01-25 15:35:11,2017-02-14 07:03:23,2017-03-02,e2c8e74f4e59280c388ac4e3ebd90933,2017-01-23
008f831b7185cff7ab35a46c37d64cd2,e19a18812eb4e4fadf5db16932c2595b,delivered,2018-06-30 11:39:38,2018-06-30 11:50:14,2018-07-03 07:25:00,2018-07-07 12:21:32,2018-07-25,18cd91b09cbc8c28ae022b38889aeb5f,2018-06-30
8b764472a3c75a91699bf9a06df43031,5fc394627a79be1e2bee7293d09ebe59,delivered,2018-03-22 13:41:42,2018-03-22 14:48:42,2018-03-23 03:42:02,2018-04-03 13:23:07,2018-04-23,33c5c5b44be21fa2b9422c9780a14e9c,2018-03-22
c030f7ca1f3c2efd8ebcfa44d922c8ff,0c5e2526f505308526e91651e4ea4d5c,delivered,2018-03-14 14:40:42,2018-03-14 15:20:29,2018-03-15 22:39:27,2018-03-23 12:18:41,2018-04-02,53cf7eb9e465763dc4d304c499183ceb,2018-03-14
c9e32538a07ba70090d3943f2fad8d3e,8fedf7fcd872249e0a37000da08e8070,delivered,2018-06-12 13:48:28,2018-06-13 14:31:27,2018-06-13 15:55:00,2018-06-15 21:12:47,2018-06-21,2fd4cb5dce68ba1fae3ac5615bf1a3db,2018-06-12
66c92878ff24df297127ec1838a99b14,3db4c0fe8caa4be97b54adcefe8ad391,delivered,2018-05-12 13:52:05,2018-05-12 14:11:58,2018-05-15 12:10:00,2018-05-23 19:36:47,2018-06-08,ad92e07b1a227d59980cb7e44f95dbcd,2018-05-12
ec902ac3921edfeace159efd4f973840,d0c3324f488ecab081d2b40e9cc7ff52,delivered,2017-10-13 16:10:18,2017-10-13 16:30:46,2017-10-19 21:45:46,2017-10-26 17:45:31,2017-11-03,86df00dc5fd68f4dd5d5945ca19f3ed6,2017-10-13
f07d68bd43db49d20192ee3036b2cf01,fae3f8be2e875eb58705a85d2d810b50,delivered,2018-05-05 11:54:12,2018-05-05 12:13:28,2018-05-10 14:26:00,2018-05-22 19:22:24,2018-06-04,877fc05a30691158e353d70a99a3b534,2018-05-05
c5931c69b3085bba2cdb9c348ec86719,af9d76931724cedc3b32de0c5aabcc8a,delivered,2017-05-21 15:46:48,2017-05-22 15:55:22,2017-05-23 08:50:16,2017-05-29 11:42:19,2017-06-13,93bf5d4e752358fa9ea738ebf793cb79,2017-05-21
866ec84f10b8bb9f0cbc1f4ef5ae69dc,85cb38e7ce275772f8902a8d128f9e8e,delivered,2017-09-29 14:10:13,2017-09-29 14:44:29,2017-10-03 20:28:23,2017-10-17 21:03:39,2017-10-31,b29a3d5aee9bf5492666f7dcf6f92989,2017-09-29
bf17a7202282460d2e5bdb15bfc64373,aa1f108848b9e00411aa32c1161484d8,delivered,2018-08-06 13:46:43,2018-08-07 04:05:14,2018-08-08 15:01:00,2018-08-13 18:26:35,2018-08-17,15fafda46b8cabcafd80cd37a664181e,2018-08-06
47ef13fca91bfb3e48014e107c728081,60354a6f7e4f95878f29a4732d5944b2,delivered,2018-08-14 08:27:55,2018-08-14 08:44:12,2018-08-15 10:42:00,2018-08-16 16:34:41,2018-08-17,0f87d7cfb00043855a54ab0056ba8fb2,2018-08-14
bc7deb68dcaf77b2dc7e9e90e5b9a6a4,f3f40ba7c9092d8f04cdd6548a61f7c7,delivered,2018-05-06 15:08:03,2018-05-06 15:15:23,2018-05-07 15:03:00,2018-05-18 23:09:35,2018-06-05,f0ef6034aefd5c7f6c3162bf49084006,2018-05-06
b7089edea86b66215b60ecb4c1c6b116,53bcad3e9f672313d27548b70d93371a,delivered,2017-12-27 10:43:45,2017-12-27 10:52:31,2017-12-28 19:28:56,2018-01-04 18:23:45,2018-01-26,13978827340103c624d10b58ffa9ebde,2017-12-27
9993e9c87a491b66f16f75f61d99fb61,b0fecb21589d0fa068b1d753aa8f024f,delivered,2017-08-16 17:02:10,2017-08-17 17:30:21,2017-08-18 21:08:37,2017-08-26 13:06:55,2017-09-08,8a2507b280078064818431d59fe2031b,2017-08-16
ad458fa56412b48d51846cda26a85b2b,010c697e9133c540d8acf1535533f7db,delivered,2017-05-24 16:55:59,2017-05-24 17:05:25,2017-05-26 12:39:14,2017-06-05 17:52:52,2017-06-26,408d1227fdad76c0cc0c03f202f4a6eb,2017-05-24
fcc6a4fcf6e0cc5de15fefccafb07ed7,9820c89554ca090925273be4b3cdc9eb,delivered,2018-05-11 00:21:06,2018-05-11 00:35:21,2018-06-08 13:40:00,2018-06-14 19:28:40,2018-06-06,c516ab5d3734828829370782add9a630,2018-05-11
d17cbd88da86748917f52864d1be98d0,bf3a896f3dd013f63ca58bb72b813fc5,unavailable,2018-02-20 19:08:46,2018-02-20 19:28:37,,,2018-03-15,7526f21265203925c117f87d654ff1fc,2018-02-20
a0b7e79b8a0c48aa2f4112b356be6e01,a2bf84b5e73519375966d99f41a53166,delivered,2018-03-15 13:30:19,2018-03-17 02:55:25,2018-03-20 03:21:29,2018-03-27 21:17:44,2018-04-10,52a9e391f6f7b0b69fcf07301d3be00e,2018-03-15
e2ea01f68f92f0c55b08ca739af834b6,258c52543b8045fe23644c47a645c9fb,delivered,2016-10-08 10:55:44,2016-10-11 05:02:59,2016-10-25 11:33:52,2016-10-27 10:58:35,2017-01-11,de6150bc32a048990e6cbb6dbd3825bb,2016-10-08
524e3b2972addb1ab5b352d85333407f,473fa9a9c0acd10f52a4df4c52adc881,delivered,2017-11-24 21:43:48,2017-11-25 00:52:14,2017-11-28 19:03:50,2017-11-29 22:56:46,2017-12-08,b9a6bd45dc716a1f9db0a56da554d5ae,2017-11-24
7a5ff6680378afabf6b6a1e75bff8b8c,2f3524f7d4156e3c4b08227bcc982d66,delivered,2017-10-18 10:56:27,2017-10-18 11:07:45,2017-10-18 16:39:15,2017-10-19 16:51:55,2017-10-30,70afcf62dbcb85ba639147332897231a,2017-10-18
8ba172a5cefe32a643579fe4c0a5ceee,444d8edf88cb47c875c15356930c5e1c,delivered,2017-08-31 17:20:46,2017-09-02 03:04:15,2017-09-05 17:58:16,2017-09-06 15:57:50,2017-09-13,8bce880e9732bc53570bf914abf0f991,2017-08-31
abb71252913999175f6eee9cc4ea672a,1ed276c1784fa46d7834f7d86c3ed78f,delivered,2018-07-30 07:41:42,2018-07-30 07:55:11,2018-07-30 13:48:00,2018-08-14 21:04:26,2018-08-22,9cbc1bd8a45cc9c4fcd091283fbec385,2018-07-30
fdede0753b9a5863a834fee26b9fd73c,2989ce8ae64417334433bc6188dc8427,delivered,2017-12-30 09:41:20,2018-01-03 04:32:30,2018-01-10 10:46:23,2018-01-29 17:08:51,2018-02-02,bd10ec3ad72914d1866c911956f9180d,2017-12-30
64a34c8ee5041e4d48d904db6dade006,3cf4a26ded6ca887cdf90556c5f8de9d,delivered,2017-07-06 09:52:53,2017-07-07 02:51:12,2017-07-11 17:17:32,2017-07-17 20:24:54,2017-07-28,438c96e9dcbe6dcb55c9843600693d2b,2017-07-06
a6ddd2889891733e0af306332c71a3b8,ad4bd45f6fff9e63bc8447af2af95544,invoiced,2018-02-14 13:38:46,2018-02-14 13:50:32,,,2018-03-16,8293393fa92d4db6500fc4cda0ef3537,2018-02-14
853f6531ac67b7e58f3f8104ef85bd66,6dd2c6f73170b8f3b10e4720e6b54032,delivered,2018-01-02 18:08:35,2018-01-04 05:19:13,2018-01-05 15:57:51,2018-01-23 12:52:41,2018-02-02,793266cb580a4a4d3bd21e0b6ecfa2ac,2018-01-02
4c4a931a93ef9f28f4746db1e2e0e753,b288aefecb0f8fee71e37fca66d83a4c,delivered,2018-07-05 01:16:37,2018-07-05 17:35:16,2018-07-06 09:43:00,2018-07-13 18:46:26,2018-08-01,82fcd0536836195d08311219778119fb,2018-07-05
bf2965e4058cb6bfdeb4b81435f90829,880242566cb2746117ac9e0995cd637b,delivered,2018-01-09 18:25:03,2018-01-10 10:32:23,2018-01-13 01:05:40,2018-01-16 20:13:03,2018-01-23,91da289fa4deba62c108246d150a8f4e,2018-01-09
41edd5d27833b73b29761df99f146624,fe93936e114cd096f6fe9b875e9e56e5,delivered,2018-02-05 10:43:50,2018-02-06 03:50:58,2018-02-06 23:57:46,2018-02-27 22:47:05,2018-03-07,eae1c6167bd7b68ccc43df0a97051c43,2018-02-05
5e5d6b5f5e7801991be4d2299bfa37eb,730f18d38dcf34a19e4897e18b24f095,delivered,2017-05-28 12:52:47,2017-05-28 13:05:08,2017-05-29 09:39:58,2017-06-26 17:23:53,2017-06-29,ad7a82ad700c917ec7703d1209587365,2017-05-28
0aaf8268ec2a56cb1befff78bd5cc190,0ad73a033a18bf40507b6a86e483b303,delivered,2017-10-02 12:32:44,2017-10-02 12:49:15,2017-10-04 09:16:13,2017-10-06 20:55:57,2017-10-24,6e2b3a7037cf0a73a8c5d83e0f850a13,2017-10-02
73563e5cad2305f7972626384efdd8a1,874ae74954bc8564ba82f82ca77a4526,delivered,2018-06-07 22:21:19,2018-06-08 22:18:51,2018-06-11 14:16:00,2018-06-15 20:08:50,2018-07-12,7c66c3f2d0e3d127cf9435d8c5409e38,2018-06-07
f14cabd169ba0d0ecb7433e55c72aca2,8ef7c689216e12ab959d9003a6c4b3b9,delivered,2018-06-01 14:22:02,2018-06-01 14:35:15,2018-06-04 15:15:00,2018-07-05 17:33:01,2018-07-18,3d6465ac2502decfdfa5ab1e1a915a54,2018-06-01
e4d760499e9cf7d9e555ac7206aa45bc,bbc2628991d194b57c8166721570a3c7,delivered,2018-03-11 09:49:23,2018-03-11 10:40:25,2018-03-13 16:58:36,2018-03-15 19:02:59,2018-03-22,eab4e55c2672ded9897bbcf39a7f162b,2018-03-11
832079e71d5ee058d10e1ee1abe0e0f9,41397863e4d52c8b25203f276d95cce4,delivered,2017-08-04 14:27:42,2017-08-04 14:43:24,2017-08-12 16:48:02,2017-08-17 16:22:00,2017-08-29,20e972a041373d571b391a3947b042f8,2017-08-04
db636ab6ce613a2d9be8a77fb2f6c47a,24b4d0c68000a9d238dbda53980081f0,delivered,2017-07-24 19:36:33,2017-07-24 19:50:24,2017-07-26 17:13:36,2017-08-03 22:12:05,2017-08-29,5534504c239c977a7c211309140afe59,2017-07-24
3d5f8849e80f8da8726a2ce6fafa7d10,aa3df59d99c2b0bd34ee55c59e5ad387,delivered,2017-11-30 20:24:07,2017-12-02 02:51:23,2017-12-06 11:51:52,2017-12-21 00:43:33,2018-01-03,ea7bbb7c63d8f6c9077df71d99eb5015,2017-11-30
2c4d1806b435310226780e966c46b985,568b83eeb64ba07933eea074009ee7b1,delivered,2018-05-05 02:17:50,2018-05-08 04:16:06,2018-05-08 13:08:00,2018-05-10 16:52:35,2018-05-22,8bf31cb37e165cfa7859792cd6390204,2018-05-05
2ea2e9d43eeeec020af7c136c91858cc,46763c2a0cd789f76306c49835ed260d,delivered,2017-03-13 21:59:50,2017-03-13 21:59:50,2017-03-15 15:10:42,2017-03-21 08:43:42,2017-03-30,26fb34f6190c94992b30768102bef5b1,2017-03-13
ab3705f0d480eb14371c9b4fc007f339,9c254076a9b89c8831a8cd6b20013d42,delivered,2018-04-20 20:20:42,2018-04-25 03:30:55,2018-04-26 12:52:00,2018-05-08 17:59:07,2018-05-18,bed8721e3f7edda182c794f6e9ab6d5f,2018-04-20
40e66087ad7bd8e05f8f52a99bdb50d0,70c5df327b31188d6f5bebcb28da38d3,delivered,2017-12-09 22:39:58,2017-12-09 22:50:33,2017-12-12 21:21:54,2017-12-27 16:26:42,2018-01-12,4322133acf1ceffe6260dd8ddbec7f8c,2017-12-09
a5dcc015b748b353c2ddfb0939d36c58,289fd418dcc325a3820763155a982c51,delivered,2017-11-05 22:08:34,2017-11-07 05:32:00,2017-11-07 21:56:49,2017-11-14 01:38:34,2017-11-27,d31877e6feecf887ec4e9b95c30e6422,2017-11-05
cf9b4a50fa5f421075dbe48dc3a1e30f,2481f2274a2e24e642d601abce57618d,delivered,2017-11-24 13:07:27,2017-11-24 15:15:00,2017-11-29 20:22:07,2017-12-07 18:04:43,2017-12-26,85cf844d25277c3808dc3f5f24abeb54,2017-11-24
84225c358d07c8f17a45d20e4e126e73,7ba19d24f792ab4179cc00e4c1ff2ff4,delivered,2017-05-31 22:39:38,2017-05-31 22:50:17,2017-06-07 15:28:02,2017-06-10 06:15:56,2017-06-21,4d00d27cc600ddf5d33c56753468f9e9,2017-05-31
3e075f63ef4d9f5913423c2ff5a22d67,e57ac226cb5bc1415cd2a03e81807da0,delivered,2017-11-28 13:12:43,2017-11-30 02:24:10,2017-11-30 22:16:10,2017-12-05 19:22:36,2017-12-18,792291241b147361ade79a3926cd1caa,2017-11-28
24bf227d444a1df7957f78e6f03bc5b6,25c12681274a662fb98ea0eeef8405c2,delivered,2018-07-23 12:27:09,2018-07-23 15:32:00,2018-07-30 14:17:00,2018-08-09 00:22:36,2018-08-22,50eacc6be7c87e8f8eebf09bf174f538,2018-07-23
ea122906c8fc6d0da422b4491274099f,5a7a70f2dea7cd6d8ac604a3092d9895,delivered,2017-11-20 10:59:08,2017-11-21 04:06:21,2017-11-22 18:11:32,2017-12-05 00:44:36,2017-12-07,7fc72f80d976775bd31e1c8edf9d8c32,2017-11-20
3e902e82bfbe40d0e2299bdbbf8af8ca,1e5317cd1def009c1067326813a9a727,delivered,2017-03-17 20:32:49,2017-03-17 20:32:49,2017-03-28 11:56:49,2017-04-10 16:59:00,2017-04-13,76e72aa959a74de3215c1e859d2bf0e2,2017-03-17
3837859eff41b5dbbd1dfad5a066d0ae,20602f40eb31f207bdcc555839e65193,delivered,2018-04-08 09:58:22,2018-04-08 10:10:11,2018-04-09 21:41:43,2018-04-18 13:21:46,2018-04-30,3de2bae7937264461688ba8737c0f09a,2018-04-08
d22be2a4da2ca6e4cf8f164d63f5be02,d127a44d04cb62dc42601454eba26be4,delivered,2018-02-27 21:25:02,2018-02-27 21:35:33,2018-02-28 22:19:10,2018-03-16 21:38:35,2018-04-02,42187574c3dbef60799c8b585bc3d340,2018-02-27
5cf83f6f51a8b5c52504a09006a69eb0,8101bf533d228dfb0d83efbbcf75df7d,delivered,2017-12-27 19:52:09,2017-12-28 13:18:18,2018-01-03 20:46:57,2018-01-08 21:40:10,2018-01-26,e8c8def5450ce0cd1d3bc4f724aa48c5,2017-12-27
7dbe3b6d08b31967f83f9c26988bd7c7,9a2c29ec1dc69081f67b635a67e36231,delivered,2018-04-19 20:58:43,2018-04-19 21:10:16,2018-04-24 21:45:51,2018-04-27 22:38:30,2018-05-14,428e8bd29641652d41f0584016e0be0f,2018-04-19
8712dadcec00a4826a72ac3431a3ced1,1292d40b311ed71dfb5ee06f351b6fc1,delivered,2017-09-15 11:44:50,2017-09-16 02:55:54,2017-09-21 11:44:02,2017-10-03 22:42:09,2017-10-11,485934e16363d40b17da7b832d237ce5,2017-09-15
418dd833928c4570f94442ef4c76e55e,3ba36eb3d25f31398506aecfd93c5d44,delivered,2018-05-15 22:43:45,2018-05-15 22:55:28,2018-05-16 15:33:00,2018-06-11 14:28:25,2018-06-11,b0f3d28e2998ac736990360e75dca273,2018-05-15
f334fd16605daff29477b725df9162cb,60a54af65a5a4a0c2f348e937937e9aa,delivered,2017-05-21 08:06:10,2017-05-21 09:15:13,2017-05-24 16:33:13,2017-05-31 08:33:38,2017-06-13,85fc7cb0076a2139134cd87b2e54de45,2017-05-21
e80adaeb250096a2042a63c4b3d20bcf,3c6b53c8e45e6e5dade9f914c7c22c46,delivered,2018-02-21 17:35:00,2018-02-23 02:31:11,2018-02-28 00:32:58,2018-03-24 12:51:36,2018-03-13,c143eafe10719dcc7dc0a855b2e3554d,2018-02-21
0a32ad9d3be8a5b1ce582225aa1cd166,bfdc41ae95fd0559aaa3ceb47770735c,delivered,2017-07-06 18:39:08,2017-07-06 18:50:25,2017-07-10 14:35:02,2017-07-14 17:25:53,2017-08-09,da4498479da8116853e055f1e2fce2c7,2017-07-06
4b6f330815f08dad6be6165da6699e3b,45f1282bc4f56bceabe97e0af68f4703,delivered,2017-05-16 08:43:59,2017-05-16 08:55:15,2017-05-16 09:38:02,2017-05-22 10:16:15,2017-06-19,0d002c58efd9f4b06f5f681f1ab651c6,2017-05-16
b78c9cad52a105d7e8ec97c7e6d57739,63c5c73adbdf452c65a824bba452d037,delivered,2018-03-25 19:25:39,2018-03-27 03:51:11,2018-03-27 21:34:33,2018-03-31 15:06:30,2018-04-06,799a65e0aa01c9f1630924ed7e70979f,2018-03-25
a5a9ab54271581abdd06955ba59d7684,659518c00554d21bca93139f0c8fc565,delivered,2018-04-09 20:05:38,2018-04-09 20:30:14,2018-04-10 20:21:30,2018-04-11 20:56:32,2018-04-25,2b3db2208861fc893211c977bf3d0244,2018-04-09
e08c0d2d7789dd95e166e6c1a831cbb4,65e3c0ce8c93fe4446c87cf7ac5c235b,delivered,2018-05-13 18:59:44,2018-05-15 04:12:04,2018-05-15 13:41:00,2018-05-16 18:53:30,2018-05-25,fe686f6f92b967b80e26310be8c28dc4,2018-05-13
d51d47c376acc042f6cd2811a08b5c62,ba5c8647970adfafb5ff9b6ca922bdc1,delivered,2018-02-07 15:44:19,2018-02-08 07:49:47,2018-02-09 22:45:50,2018-02-14 13:14:00,2018-02-23,f05662fe45e051553bffad1ec8bc52d1,2018-02-07
a2de6d09e4920c38cfd65f4c8f875fbb,cb95eb60ba3fcca766af7a54daf3657e,delivered,2018-05-26 16:54:05,2018-05-26 17:09:52,2018-06-01 13:23:00,2018-06-08 16:28:51,2018-06-28,1f6264e4bba67b9a40a0192ad3dc647f,2018-05-26
51fa5b2b3ea1aa99dc3cea8f008216ce,ef06094ffe03fd32a68618fafac1e377,delivered,2017-09-20 16:30:12,2017-09-20 16:44:20,2017-09-21 15:09:49,2017-09-28 20:12:03,2017-12-12,6a61713a4ddb05622e4a13baa335a61e,2017-09-20
83a748270a134df5ad432092f4e26e4d,a103cd66a980f336d30492d01e9c3d71,delivered,2018-07-02 21:20:18,2018-07-02 21:30:21,2018-07-03 14:23:00,2018-07-04 15:19:00,2018-08-01,6581c5cc675ed5887994ebb682aa569b,2018-07-02
2dfec57a2eeca47759f1bc36f72fd96b,85b0efda75c7b15c684d13e4f0792ce4,delivered,2018-05-14 15:06:56,2018-05-14 15:33:30,2018-05-16 13:31:00,2018-06-04 15:13:50,2018-06-11,4cc5210e6f8bd0fa18a8afcf92a88d94,2018-05-14
95ec9fe2e9c23dd55749ce07315b818e,90b42864e69464c727c7b8e69b53b008,delivered,2018-06-18 09:27:06,2018-06-19 03:57:32,2018-06-19 12:45:00,2018-06-20 17:32:29,2018-06-28,3ae60a2c6511c5fc2d8bf97fdfb7cb8a,2018-06-18
03e1f719ea43e7eb59344cf78cd99ff4,c447c5e0a10dfabee87e3d41dc0250eb,delivered,2017-07-04 20:43:38,2017-07-05 17:40:07,2017-07-10 19:13:49,2017-07-12 17:07:59,2017-07-27,7a167e835e9a0aa46714fdce78a7ecb4,2017-07-04
e3866f0f605208a1b7fc42b0dddc0da6,d6289f136d013245718f865a4f5d9a61,delivered,2017-12-27 13:17:07,2017-12-27 13:28:25,2017-12-28 18:29:01,2018-01-17 21:29:08,2018-01-29,f85d249a06c7d4fe336cb8d1e925689a,2017-12-27
e48b09695cacd2726aef9ef0e3730b47,7b2a039a8b7b57d48e97d3673978a185,delivered,2017-12-07 23:19:50,2017-12-07 23:30:31,2017-12-08 17:39:04,2018-01-03 14:17:24,2017-12-26,fbf1b27fc02af440c30ff6978f440a95,2017-12-07
a6048ee9317b5bf604ae61505227e407,5b7e6de7b89cb911855c83a991097cc1,delivered,2018-03-14 08:57:54,2018-03-15 10:29:39,2018-03-16 13:28:33,2018-04-25 18:23:00,2018-04-10,0de6624aebf4294467289855fe86d08d,2018-03-14
a92cfc44e62b26e5bda2aeb39b0e0217,b6d6fadbee4df0e3c0aab81a046124a6,delivered,2018-03-28 13:14:26,2018-03-28 13:28:14,2018-03-29 23:12:55,2018-04-18 18:42:02,2018-04-26,69b09832dc41358029209b44f47854ff,2018-03-28
6644170ea0130942cfb3064dce01004a,1a9c7149943c405cdc9cdd35b20aed1f,delivered,2017-09-13 22:17:54,2017-09-13 22:30:21,2017-09-14 16:03:58,2017-09-18 20:11:48,2017-09-25,a1d5e43cb94338161cf729569621a759,2017-09-13
139f560e44636d72034722f833c7fdbc,ec3c691f4812ae37bebd0f383a869562,delivered,2017-12-25 12:24:33,2017-12-26 12:16:26,2017-12-26 19:34:58,2018-01-08 22:04:15,2018-01-19,3de00390e8b61e32f1e28db68941433a,2017-12-25
0fc5deb2df203e00080d925c2c8d1dfd,019017e9f8b2c0e399f1f00e6e87f306,delivered,2018-07-21 15:08:22,2018-07-21 15:24:08,2018-07-24 13:11:00,2018-07-28 19:08:49,2018-08-07,9abae9882c1fe2471da597f874c3e09d,2018-07-21
3c972b3c00e3f894b841f6602a9a6abc,ef3e5a5941284c07e66c263fe280b804,delivered,2018-01-13 14:28:03,2018-01-13 14:39:31,2018-01-15 20:36:47,2018-01-19 21:38:34,2018-02-08,0ce0b9a5ebce3d6b709b4a1c02ff7915,2018-01-13
29d3f2fc23b7f95b28dbe5e3ef783d93,cb3ee5f55f9cbc6ed99ee638a4c72613,delivered,2018-08-06 13:51:30,2018-08-06 14:05:20,2018-08-07 11:47:00,2018-08-13 19:12:47,2018-08-17,a37fc2f55cb2f185411e5c9b7b0f0bdf,2018-08-06
1eea5cc217ecbacdca75369789d9774c,a15a0e4e8c1247af365c25097f34a576,delivered,2017-11-10 22:41:20,2017-11-14 04:10:41,2017-11-28 16:03:51,2017-12-05 20:42:40,2017-12-06,9ea9a16f73f10a955723ed570c35f735,2017-11-10
2142bac418a228e6086f5294a8fa88db,02e5db654b2f6b734ed89d5a28cb200e,delivered,2017-06-13 21:52:55,2017-06-13 22:02:57,2017-06-19 20:11:47,2017-06-23 09:31:24,2017-07-04,879262bd8707d8d98d6873312dce9fa5,2017-06-13
556eb5d792f623f57e47713c9839100b,430218dc35f3cce79873eed8dcac9059,delivered,2018-03-25 14:07:23,2018-03-25 14:27:46,2018-03-27 01:12:17,2018-04-24 22:57:43,2018-04-19,de50ac43cfb291123f8fef9b8ba42a2f,2018-03-25
b6b8305352b7f21764d7a8e573f1e8aa,cd2323501d2be6e4536cb19e12c6a92b,delivered,2018-06-09 21:53:29,2018-06-09 22:19:08,2018-06-11 14:39:00,2018-06-21 20:06:42,2018-07-18,fbff9b6a93c88f5c1fa0c3ffcf243d97,2018-06-09
958e6c2772ed5d52cfea3f7356502973,4a4da2516f325e16bf8f117f71c49679,delivered,2018-03-20 13:32:57,2018-03-21 13:30:22,2018-03-23 20:14:20,2018-03-28 16:52:02,2018-04-11,79886922ec220bc38ed9d2bfdf9983f7,2018-03-20
700aa498c8151678850324adc6729e07,af39d6939664bd5a5a8edb2ac00c4df5,delivered,2017-09-07 10:52:46,2017-09-09 05:10:14,2017-09-12 21:45:25,2017-09-18 21:11:51,2017-09-27,c2919fbdb45366551c1e80d5cb35cd3f,2017-09-07
7852c8ab608aef3bef7d6521357dd67d,d3a7c4a756384c101585cd13190a00b4,delivered,2017-09-04 21:13:36,2017-09-04 21:25:13,2017-09-08 17:35:58,2017-09-14 16:51:51,2017-09-21,6d06583742c138d70b952a6f5f4fd62c,2017-09-04
e10cdac25bec58a01b1a9dcad1b6263f,781eea806854d68b10a31603ac72a84c,delivered,2017-12-29 13:51:35,2017-12-29 13:57:22,2018-01-02 18:39:18,2018-01-05 22:39:36,2018-01-18,50f3f997a16d24ccd33410ca15ca7663,2017-12-29
09ae0443d05fc72908daed24036acb22,0dc4d1b841d3c1a1f076fef9a39c210b,delivered,2017-03-17 22:24:21,2017-03-17 22:24:21,2017-03-21 11:55:22,2017-03-23 14:36:28,2017-04-06,f18598d2f1d11637c3ed5fa9ebfce5b3,2017-03-17
9341630a8687fb3b0cd5483bada2bc98,0204a63d458a2d9495e82ab5ea7fe40f,delivered,2018-04-13 10:56:09,2018-04-13 11:17:16,2018-04-13 20:58:42,2018-04-16 17:56:22,2018-04-27,817a088c8362cb5814377a31882ec667,2018-04-13
04c1e5f3771cb0ccfdb672669807401b,43b2288200b50dd759ccc3e4c3b24d2c,delivered,2017-09-17 20:09:45,2017-09-17 20:24:03,2017-09-19 20:03:00,2017-10-06 21:07:34,2017-10-17,bc8d400be39b139e071b416e548ab75a,2017-09-17
5fb7dd0236cfe4fd2c620959623e4619,0ccb4c74c8bb23990e7430fa72df436e,delivered,2018-04-25 14:38:23,2018-04-26 03:35:13,2018-04-27 13:30:00,2018-05-07 16:39:46,2018-05-15,45cabbb00b49a581e07756f58b367642,2018-04-25
f3cd6fd2bd9ec528bdd3a45d423636b9,ef81ebfc786a732f1f6df171799c30a5,delivered,2017-03-03 19:34:38,2017-03-03 19:45:16,2017-03-06 10:08:40,2017-03-15 11:41:52,2017-03-28,c59724996ebd7942901f11a2ec90defe,2017-03-03
9e0c2694cab5339938c2899355feef83,344182e4ddfad3df86e699ebec644ad6,delivered,2017-11-26 17:35:11,2017-11-26 17:53:42,2017-11-27 21:25:02,2017-12-06 12:51:48,2017-12-18,1c156fa91a9d4697714d56cd667bb0b3,2017-11-26
f90d9d087252c72d1f8a43c65f16f515,cf1ec2659f4b1f34f858a0c25e1d5d1a,delivered,2018-08-03 18:20:50,2018-08-04 04:05:31,2018-08-07 08:07:00,2018-08-14 17:16:30,2018-08-27,592134387e7f13de6a9e38eb7d412b3d,2018-08-03
0487007c18089d38f1492091945d7ba8,5cbe9410f3ea413f95d0858d75f0a42c,delivered,2018-06-04 15:00:32,2018-06-04 15:11:36,2018-06-05 13:14:00,2018-06-08 16:48:40,2018-07-05,14296c52ecd7063d06a69f915d801299,2018-06-04
d3964aaa8f344d16a3367d03e540be9a,1d3d3d421496f24e0ef77180f1895894,delivered,2018-03-12 22:34:01,2018-03-14 02:48:49,2018-03-14 22:38:37,2018-04-02 18:05:30,2018-04-06,6ad22635edc258d67ded0716daf7a662,2018-03-12
8b88af6ab4bcba779184de098d66c9e7,e4756f623e8c167acef360bc3e22f060,delivered,2017-05-30 20:09:15,2017-05-30 20:24:09,2017-06-01 09:22:01,2017-06-06 12:44:38,2017-06-20,6e1550b8966f327f29bc06b18972dbec,2017-05-30
1f671eadd2a6b6a109eaa0c5f41b9ab1,27ea604d9f8b803e5bf46309e3d3255d,delivered,2017-12-19 17:18:41,2017-12-20 06:55:22,2017-12-22 16:47:12,2017-12-27 16:27:32,2018-01-08,c0bb3fab86d495a29eab17cf7d5506fc,2017-12-19
78135b03c6d7a39f10996624b9baf92a,13f086098e5127ccae2a020e4fabbdc5,delivered,2018-05-20 22:30:17,2018-05-20 22:58:14,2018-05-21 14:52:00,2018-05-23 16:16:22,2018-06-06,3aa3735d9b66e6722198fc49064304a3,2018-05-20
493ba31a3539787ea13a41ca2ca33ef1,3f25ae79ccca4a4202201980bdc7059a,delivered,2017-09-16 08:51:24,2017-09-16 09:05:37,2017-09-19 15:03:40,2017-10-10 20:19:49,2017-10-20,5a7cd0ca0226ed67b086d8e37d46692f,2017-09-16
4b71930df17d95315e7217a05cff3c17,bfc1c2ef0d081bcaaffd067dc53e5f7f,delivered,2017-07-08 21:07:44,2017-07-08 21:15:21,2017-07-10 21:10:28,2017-07-17 18:04:04,2017-07-28,c2a94ad27cb5fcf5d0c65cde3a9f267d,2017-07-08
4d4c65feca16bc9de359cb5d4feef10d,7cfa3cb5ae1ae9ae5ffcc1904141b47e,delivered,2018-07-06 22:01:35,2018-07-07 14:10:18,2018-07-13 15:15:00,2018-07-25 18:41:05,2018-08-02,c3b1652b28fd90f007ac0319804f6c91,2018-07-06
a28d9d45abc45839d16fa972466353ed,883b55d27dbb8b02ab6767419aef0af2,delivered,2018-05-09 15:02:01,2018-05-09 15:37:09,2018-05-10 12:03:00,2018-05-11 21:42:37,2018-05-17,eee94591071751c6ba4cedc4a433f21c,2018-05-09
c131acb8c30ee5b5d6063dac2470d95d,40b9c9e927f334145400f110362f260f,delivered,2017-03-12 10:11:52,2017-03-12 10:11:52,2017-03-13 11:04:47,2017-03-16 14:47:37,2017-03-30,5b542513d6870ee33b3c018a5fe9bd43,2017-03-12
806a1957ff8cbc748448e062ac9affc5,8fd1d60325f0bcb9ff4a0cfee9eb0b75,delivered,2018-06-29 19:52:09,2018-06-29 20:10:19,2018-08-07 09:34:00,2018-08-16 18:16:58,2018-08-30,796cc5c052e5048768d67088c4ba1a4e,2018-06-29
2bbef351a53fef6df1c423b96cbfec31,41adf4cea6b5f7f48fabdbd24bb8bfa7,delivered,2017-08-01 11:38:14,2017-08-01 11:50:21,2017-08-02 21:14:57,2017-08-07 18:13:58,2017-08-31,71f975941034caeb6962ea1655fb93ef,2017-08-01
9b748aef33e9ccf30c83d8cac9b0f6e3,12fd0fe408926a0f68ccdf59606d5a41,delivered,2017-08-23 11:59:19,2017-08-24 03:15:52,2017-08-24 19:43:47,2017-08-25 14:36:52,2017-09-05,90e6f11c918392758565c4d437558538,2017-08-23
5cfaede08a76aca6dd951c717ad45bc5,6c0c79e9da7535261f65616290ddcbd3,delivered,2017-06-28 13:20:44,2017-06-28 13:35:18,2017-06-29 10:48:11,2017-07-06 18:03:47,2017-07-24,5aeeed5097c02fc81d1123d954f191a5,2017-06-28
357e8bcc302e3f48f4d578d3e3f239db,b741f49aea8e2c104fd2f5e29d012d9d,delivered,2018-03-18 00:40:55,2018-03-18 00:50:26,2018-03-20 01:48:23,2018-04-10 16:57:47,2018-04-10,375978078457c41057c7641766c95a22,2018-03-18
7dc2cd8c070cb20ae535d75d107741de,415aaffb1107d25fa9ef86ae696613df,delivered,2017-05-29 17:35:13,2017-05-29 17:45:16,2017-05-30 14:31:44,2017-06-07 14:18:26,2017-06-22,4237e178b99a74f1dce89bd80ff9543b,2017-05-29
50bfe4eff164a24384ea5b05f633613a,170c8dea7ff31d9f3bb01e40268da59e,delivered,2018-05-17 11:07:32,2018-05-17 16:34:38,2018-05-18 09:49:00,2018-06-01 19:09:50,2018-06-06,d4678a9e957390b9c150496e4edc3124,2018-05-17
aeedca46099933fd8fd182a71b4f22c7,5d9c68cecce34584576a3d8ca55c21f1,delivered,2017-09-07 12:38:15,2017-09-07 12:45:19,2017-09-12 00:51:21,2017-09-19 22:38:55,2017-10-03,0488328f0b499963e32a37fa42a20ca0,2017-09-07
67124ddb9431dc57aca8f687a178167d,cd461407373ed9a97abc9ab4eecac2c5,delivered,2018-01-15 16:32:50,2018-01-15 16:51:13,2018-01-19 15:42:02,2018-01-24 14:09:52,2018-02-05,4993527f520f9dd99e490df021618750,2018-01-15
a465a6d5ac23c4a20c1dd7e542352106,80c666119b87238e8635dde95dd66b29,delivered,2018-01-10 08:27:39,2018-01-10 10:32:07,2018-01-29 21:59:02,2018-01-31 18:38:13,2018-02-08,e214e2446b3ca1e58f8b3cc5f466e096,2018-01-10
c4dfe85811ecda8bbc7002dfbffc468c,485760799b2cd07783a674fb73c5cc96,delivered,2017-11-25 12:00:25,2017-11-28 03:43:34,2017-11-30 22:37:07,2017-12-12 12:38:34,2017-12-22,655e94487e6c8fc38d9221ff9aac4cf3,2017-11-25
2c76b4566b3bab2c0f23f992ed70ea07,d3d14e3778714a38a67735307ac56a73,delivered,2018-01-30 11:12:55,2018-01-30 11:50:01,2018-01-30 21:46:32,2018-02-15 11:37:15,2018-03-02,f4f2d85371955b0e254ce594fcf09a0d,2018-01-30
c3238b66f1aaff3377a91bf1a3990e1c,7eddd9656c948fc49d7f70d9d0c15a03,delivered,2017-11-13 08:52:06,2017-11-13 09:06:34,2017-11-14 16:32:33,2017-11-20 19:19:14,2017-12-07,5aaa0ff9afffc7a19ffb30e300bb9087,2017-11-13
4fa1036b592aee1a8008e9dc0a7158c3,38b6b47af8fce9219333a0b450f44ad1,delivered,2018-07-09 13:04:51,2018-07-09 13:30:16,2018-07-16 15:02:00,2018-07-20 21:16:25,2018-07-30,c6a19309b1d44fc027e12ddff12d2e26,2018-07-09
e409123d7599a3a34c467521576b05fb,444a5cfcdc5e76437c038ec2e42e4ac5,delivered,2018-05-14 09:33:57,2018-05-14 09:55:02,2018-05-15 13:56:00,2018-05-23 18:33:44,2018-06-11,1500da334da019c68fda219f942ba38a,2018-05-14
dbd32517a2d3acd957e41d6c4a8a8a49,7ff9bb06c12c2a81674d806fb707fc81,delivered,2018-07-03 17:32:14,2018-07-05 16:32:44,2018-07-06 08:25:00,2018-07-10 18:14:29,2018-07-17,0985c44e36312424edacdd735482f4f9,2018-07-03
983e16bfbe23e60f23a6fcb9c4792204,2d6272fc5e22facb8937eba512bad93f,canceled,2017-03-27 08:24:03,2017-03-27 08:24:03,,,2017-04-20,8d877eaaa7ea4566fd68d52d332feaa5,2017-03-27
8d45ba0ad212829bdc547dacea18c3a2,b9bf4384ad7fad5b3637ac1e05508999,delivered,2017-10-16 12:55:15,2017-10-16 13:14:14,2017-10-17 16:58:01,2017-10-25 17:12:55,2017-11-08,341755e02598ae770f187a141826f2d9,2017-10-16
9e968d83d3fafa00e86e4468cd4b49bd,29deb00c7e695e946f532b093ed6aa99,delivered,2018-05-14 15:27:45,2018-05-14 15:56:38,2018-05-15 12:00:00,2018-05-19 17:51:08,2018-06-01,07d9274cd46ab1e4d6f47b8507e81b74,2018-05-14
75690508c66a165f03197c26708cd23b,5b4eed64a1e8421148260c2d88ecd047,delivered,2018-04-10 18:15:19,2018-04-10 18:30:33,2018-04-16 19:31:12,2018-04-20 20:22:12,2018-04-27,3357d1041f98e943037ac819d90b59c8,2018-04-10
b3c22881ab836451fc66d6cbf6a2083e,c027cf60049626bfb9eff599becb848a,delivered,2018-07-13 22:03:58,2018-07-13 22:24:00,2018-07-16 14:23:00,2018-07-25 21:35:01,2018-08-03,4fb0b7d66f3fb460536ec2d7e448cc74,2018-07-13
72f164fb286431d6dc328d09e588a434,f47ef1265710e418c2622bd290feda95,delivered,2017-11-24 22:11:47,2017-11-25 01:19:30,2017-11-27 20:46:43,2017-11-29 20:57:41,2017-12-14,09b496dcae2c6c126812d20369b44bf8,2017-11-24
455d05ce8b86b6e2b3c2e6e0a7994942,2319dc20d045c9b7f7b720821e8a7336,delivered,2017-10-03 08:30:39,2017-10-03 09:20:05,2017-10-04 02:10:13,2017-10-10 18:02:55,2017-11-01,8f24365a46f82ddd0cef7893319a40d5,2017-10-03
d9ae780e2e7cd20bca43149fc09cf5bc,a63ae68e35ba0e9868b2bd12eb741331,delivered,2018-02-15 23:29:21,2018-02-15 23:46:59,2018-02-20 20:43:52,2018-02-28 14:54:03,2018-03-08,c7f4fd1aae6cbe2ea000ab837e83891a,2018-02-15
3186f9e3ece60a4d50fc4dc7ea8ee6e8,edf79999b12e85907461cf678974bb69,delivered,2017-05-28 12:00:44,2017-05-28 12:10:23,2017-06-02 16:35:39,2017-06-14 12:06:14,2017-06-28,ce85cadfea658c5a74dec74a7776fb61,2017-05-28
6eb9f3d505ab7a74d384c6b0acf7d57e,4d92a3b7a734fdf21d16feba6dbdd95e,delivered,2017-05-20 14:42:05,2017-05-20 14:55:08,2017-05-22 10:16:57,2017-05-23 12:42:30,2017-06-02,364cb4f2a41aa84eb36090a25f26060c,2017-05-20
cd4e24fcdcb30525260f987517272999,ddcf7eb0bd65aa35b2f55d322a9863d7,delivered,2017-04-10 20:33:44,2017-04-11 06:35:29,2017-04-11 12:18:23,2017-04-13 11:42:43,2017-05-02,8f01f92134cafd494c6ac7ace2951f4f,2017-04-10
fd10d31bdfb91ffa20c8b037fb9bdaf0,7d27a33a8ff0ddca1e52596e7977c9b7,delivered,2018-07-10 22:19:07,2018-07-10 22:35:20,2018-07-11 13:11:00,2018-07-13 22:08:36,2018-07-18,17cf7606dd2c75de6761b0a30652c8ce,2018-07-10
938110b6904380feefb719683295f04a,5ac248f34549732cdb204497ba80a838,delivered,2018-03-23 20:59:25,2018-03-24 12:10:32,2018-03-27 00:32:12,2018-04-04 15:42:29,2018-04-05,61b1e7f9316e833654768a4c8cba3625,2018-03-23
0ad0006728103ff08cda112f7940bcd1,13b8a8ecfc5fa07a03bbb4449c4358fc,delivered,2017-12-14 21:16:43,2017-12-14 21:39:15,2017-12-18 22:10:09,2017-12-28 20:03:15,2018-01-11,f6654fd4af5fb046fc7ba6521fa69999,2017-12-14
2df92bb513196bf374baecd5ecdabea0,dceaadb66fb79bc1b3287635870b8202,delivered,2018-03-12 20:33:26,2018-03-12 20:48:28,2018-03-14 22:11:56,2018-03-26 22:04:11,2018-05-07,e55d3914796dc1c07da63ace3f5ff33b,2018-03-12
f71ddf3d0916592b8bad2ec379bd10ce,bd7080f4e1207b77f1ca37fad420d3d8,delivered,2017-07-15 18:57:15,2017-07-15 19:10:15,2017-07-17 20:22:51,2017-07-18 16:40:46,2017-07-28,b2babf1b0c888db6be06401956ca1ef3,2017-07-15
f7f66bbcbf357c9e1ce14217b8b39316,1ac00b74a9a101ee109feb3d27e8fe80,delivered,2018-04-02 08:48:21,2018-04-02 09:09:17,2018-04-04 17:52:06,2018-04-11 18:05:02,2018-04-12,d0617e96d9e1d5a652ebd86dff10d557,2018-04-02
e8844ed350d0a0556e982b89e2d727cb,2b11be9617fad2924dfc186b73220db0,delivered,2018-02-28 19:16:03,2018-02-28 19:28:29,2018-03-02 19:48:52,2018-03-13 13:38:56,2018-03-26,229af2bc314525d19240f5c62dccfbbb,2018-02-28
b254aaf3ccd939e570def6639accb4a9,e788cda1179a326d2dd6458dde28b2a4,delivered,2017-08-14 20:16:43,2017-08-14 20:50:12,2017-08-15 18:05:02,2017-08-24 17:48:05,2017-09-05,22c2b62e32db92882cd409bc993d9749,2017-08-14
5b21b46782ed9faaaa055f0c4eb0cac0,0267501c086535d9c9babc4a39cc63cd,delivered,2017-11-30 18:23:25,2017-11-30 18:38:05,2017-12-04 22:09:08,2017-12-12 20:57:05,2018-01-04,6210dedb542a2b9b7b15eee10ef1ac14,2017-11-30
aade48c1fd0adef0f33df25f995d379c,327886570f6c5d99eddb5677b1ad9c72,delivered,2018-04-20 12:06:22,2018-04-24 19:05:58,2018-04-25 18:56:00,2018-04-30 19:21:20,2018-05-18,d5b4fce33a7ef8e6025bff334e6bbf1d,2018-04-20
44e9b033432b09e965d73f10f3a6d179,3e79cb7a8f04303dc8cc43d10ce2210d,delivered,2018-02-19 19:48:45,2018-02-20 07:27:08,2018-03-01 21:08:45,2018-03-07 15:38:48,2018-03-19,1443fee1e6002f8607edf57f013f05a1,2018-02-19
ebb5116440ccdfdc111d58849b096401,83b11ba2776ca7656542548b827906e5,delivered,2017-09-16 00:45:39,2017-09-16 00:55:10,2017-09-19 16:58:58,2017-09-25 12:24:47,2017-10-04,e8006a297a4d7f1e1b15fafc296ad757,2017-09-16
546cd63915b3ef4ab92bfb85277bee75,85f6549a336f5dc9e1cd95fc23d2b60b,delivered,2017-04-29 14:40:22,2017-04-29 14:50:17,2017-05-02 13:07:08,2017-05-10 14:49:39,2017-05-25,01f2285f85a1c603eb7ef755ad311769,2017-04-29
5168f4f478a3ad3d61e81119fc158910,ea58ac92790dd12b742089da5ea69a4a,delivered,2018-02-22 12:56:40,2018-02-22 14:20:53,2018-02-27 19:07:02,2018-03-15 18:32:21,2018-04-09,8f975a2db915de9376b489443ab78b43,2018-02-22
22c89f5554dc6e4bc93654840a544f94,9f76cb1ff3b9cd49c45bffdc45bebbe5,delivered,2017-08-28 13:45:06,2017-08-28 13:55:21,2017-08-30 10:38:03,2017-09-17 17:02:27,2017-09-22,ab364f2411aa664f844730f2afd40a54,2017-08-28
f939e2a89376e44158657a15465cacce,ec980872eea3778facea3e17ec48107c,delivered,2018-01-08 16:02:04,2018-01-09 07:25:32,2018-02-17 02:21:38,2018-04-03 17:38:54,2018-03-19,ed18ac3d4b68e1401845d3e48636a8e8,2018-01-08
e1384a36c7c9da10121e8a7fc78ec01e,a24e97fa9cdfe337d1a096700bae6c66,delivered,2018-01-29 17:20:10,2018-01-29 17:35:38,2018-01-30 19:36:48,2018-01-31 17:43:22,2018-02-14,294060b79986f9d2e81eafa9b9cc3f11,2018-01-29
70d5edd4381ab253c2c35262ca31386d,a430ec62fe6f707ebae157ea4eff1781,delivered,2018-01-08 06:58:05,2018-01-08 17:56:21,2018-01-09 18:03:40,2018-01-10 21:34:15,2018-01-24,07f86cfa706de48c074b0f149fadb9d4,2018-01-08
5dd871f6fd1166d54fd30dc6c68368ed,9e2e01091435c6e4a3fdb05cf11423cc,delivered,2018-04-28 21:04:15,2018-04-28 21:15:19,2018-04-30 15:03:00,2018-05-10 11:16:35,2018-05-18,19400d6a4f870689c3463cd68bae0b2f,2018-04-28
393d3838b419167a5bfff37dffb2ca77,613cb6b6716d5dbb4cb4f57028e2ec3c,delivered,2017-10-05 14:35:14,2017-10-05 14:50:17,2017-10-06 19:52:38,2017-10-11 16:00:09,2017-10-30,0fd87d5e030a90098f2eb5d78c4f14f4,2017-10-05
eab346b68385f2b894d7d95be157085f,4b4839712f1f77b8f762b4532538ff9d,delivered,2018-02-26 20:55:59,2018-02-26 21:15:37,2018-03-15 19:27:39,2018-03-19 19:26:38,2018-04-17,a6b0fe83ed9bc3e862df0f8d9d2f7c58,2018-02-26
400c0de4caec4b78416fe5a3c094425f,8d7abda34726723cd9bcd4c06448814b,delivered,2018-02-09 15:09:49,2018-02-10 02:35:50,2018-02-14 19:36:57,2018-02-22 14:22:01,2018-03-06,c834a9586882f82d2807da86111a9d6f,2018-02-09
75b01078ad5e499d81b6b0f33cfbbf66,08e5b7d999d037498bb7f2b3ffa1ef68,delivered,2017-12-25 12:34:48,2017-12-25 12:48:47,2017-12-26 21:06:28,2018-01-06 14:16:00,2018-01-26,3702a031c0facbc9afe8ae0c7b7f52bf,2017-12-25
d3b224f55ede50045860d4fd4eab01ef,bb8cd99e5a0a3bd2153261396b1e3723,delivered,2018-05-25 21:09:12,2018-05-26 10:19:17,2018-05-28 11:46:00,2018-06-25 18:52:31,2018-07-13,cb39a11a2ea980aa13a2f3abe9497bb4,2018-05-25
55207ad1b8a7afec37d6132f6db7fd1e,25bcf96caed0ffa7418c7bddf65a597c,delivered,2018-04-18 17:02:16,2018-04-18 17:58:17,2018-04-20 22:03:48,2018-04-25 12:34:43,2018-05-11,97d317c93926a64a8d94b938f9955d6a,2018-04-18
8eb1944a7a10d25d432ce78ad46f3436,0d784347b63ed7b773817046d8674758,delivered,2017-10-30 22:20:11,2017-10-30 23:31:09,2017-10-31 16:49:45,2017-11-07 21:06:47,2017-11-17,5e2511d76bd86f0fa980d3ba00b14a03,2017-10-30
434455c454a49013064dfa54585892fc,5ef2d0d20efcd63c0d0af8b7bd1fe3c0,delivered,2018-03-28 08:03:41,2018-03-28 08:15:19,2018-03-28 17:59:47,2018-04-09 10:51:51,2018-04-20,80595d3bad09de090bc650cda167cb33,2018-03-28
62f30b2a0b0347a3859e2125b6f504ac,5204cc6cd68828d006ca3bad2a8aca13,delivered,2018-04-22 23:37:08,2018-04-24 18:59:51,2018-04-24 18:03:02,2018-05-02 19:48:45,2018-05-22,1663dd15b132fecf291f4830b46133b8,2018-04-22
dbc578f6daf094e54db6224e96514e09,3ca43cc0917df3889eeb420132fa9e3b,delivered,2017-07-19 16:15:37,2017-07-19 16:30:15,2017-07-20 18:49:27,2017-08-08 20:23:04,2017-08-18,35a172346886b854017a747378fbdffb,2017-07-19
de31761577484638ef007ecc5691c6f4,1e400ea0c7d20f16c2b9416d806fcdcf,delivered,2017-12-22 11:43:45,2017-12-23 11:37:44,2017-12-26 17:03:46,2018-01-08 19:35:28,2018-01-19,ceeab4e8d40747cd863a7e360b25a52b,2017-12-22
04107d105302558ebef9aa631b9bd13a,cccbff3abc86a7fd77f8090cb0b9639e,delivered,2018-04-13 22:12:39,2018-04-16 09:12:01,2018-04-16 20:17:51,2018-04-23 18:32:38,2018-05-15,f31d2c22ddcad145e224e6dc48f349b9,2018-04-13
6ecf1a4051b4c5ed613624b460970a26,958279c23050d6207d196c3057648f6f,delivered,2017-11-17 08:40:57,2017-11-17 08:55:48,2017-11-17 20:36:56,2017-12-01 12:08:23,2017-12-06,de00290d2a997f24e1706fdc2d366a0e,2017-11-17
2a18b3d0f12775db98aeb028d0e388da,00f782305075b457bfe7fb38cf6562a5,delivered,2017-09-17 14:22:42,2017-09-17 14:35:11,2017-09-18 19:20:06,2017-09-22 21:53:50,2017-10-06,78d7324240ce5b1c52e410a385319973,2017-09-17
246161390a20f964881feeaeea896671,0036875772a8eeb391b8cd7226283fdd,delivered,2018-01-21 22:49:14,2018-01-22 14:03:20,2018-01-24 16:58:52,2018-01-29 23:13:18,2018-02-16,a73c5464692d3bc09d64e3edefae9015,2018-01-21
4df567e09f935eee9bbc8758526ec580,7ca0e3ed430a3fd17f445f6efe58174a,delivered,2017-06-22 10:32:47,2017-06-23 10:35:22,2017-06-27 08:06:42,2017-07-03 17:25:44,2017-07-14,2202507920a30d61549a6af35126440c,2017-06-22
0097f0545a302aafa32782f1734ff71c,a60b063f8b715db294b889eae5acb4b6,delivered,2018-03-05 18:15:11,2018-03-05 18:30:41,2018-03-06 22:04:03,2018-03-21 18:16:52,2018-03-21,dd12487859031219d411baa6f6ac20f5,2018-03-05
9b308ef7d3e9d1bb7fa93b12b3d04c1e,606aca2f93f152b1d2a86dca7c556b5d,delivered,2018-06-25 12:17:19,2018-06-25 12:38:02,2018-06-29 14:16:00,2018-07-02 19:52:08,2018-07-05,31b4f68df2f79cde4ba71e214ae27202,2018-06-25
aca8c2b847a4cb482f374429b5210c29,152bc3638756114e812c31f117fb4bdb,delivered,2018-01-18 10:20:36,2018-01-19 02:37:22,2018-01-23 20:58:43,2018-02-02 22:23:16,2018-02-14,83781c65a1048fd0cea931615a9d651b,2018-01-18
f47658421aaceefba81600b78cdad724,b1f00998fc6576b8c1d5b47e9b3122bb,delivered,2018-01-09 10:03:31,2018-01-09 10:16:21,2018-01-10 19:28:28,2018-01-18 22:47:20,2018-02-07,05bc82fd4c4ef1b3255edba01b021a03,2018-01-09
5fbe2cf3289a1fade6523b8745d466e8,e797152fdefa439f05ea2077ec78e2b7,delivered,2018-03-20 10:55:37,2018-03-20 11:10:36,2018-03-22 18:57:45,2018-03-23 22:12:13,2018-04-02,21eed96e79104d31feba790933629e5c,2018-03-20
7b374a3cd8b325fd49e6789ccfa88639,61444035162f47c4074fe3ad72195ee0,delivered,2018-04-27 13:40:51,2018-04-27 13:55:22,2018-04-30 16:36:00,2018-05-18 19:32:48,2018-06-07,318259783b4420b8cb93f3bfd8800281,2018-04-27
bf8cabc20b754099042ee715b4d92e48,ab7d2d05dbd77bf056e2cf426e3fd52f,delivered,2017-12-16 16:04:59,2017-12-16 16:14:28,2017-12-18 22:10:08,2017-12-26 14:44:52,2018-01-11,653301d19e839ce1441415f656244435,2017-12-16
59e6562672571d67f137e34fbb297c93,9d19adf5da1a281e0762fbbaba463eca,delivered,2018-08-19 12:43:50,2018-08-20 11:35:18,2018-08-21 12:07:00,2018-08-24 15:05:43,2018-09-12,fd2950e33648943251be2604ef88b24f,2018-08-19
42df280f365da3e4c16b7b59cedf7077,d7f3f624e97e6b8498210e38c1feb723,delivered,2017-12-08 11:12:12,2017-12-08 11:20:39,2017-12-08 19:09:27,2017-12-19 23:18:37,2018-01-08,f9593d15ce4965037a9ac924dcb98f30,2017-12-08
d082758d583505f358d7893ac95d4f0f,3966c9281e8635cdcd8a77df973b7b35,delivered,2018-03-07 23:42:31,2018-03-07 23:55:29,2018-03-09 00:22:28,2018-04-03 23:25:23,2018-04-18,2a58a820ec648f845d0d7315f3a3ec7b,2018-03-07
4149b65aa3b1d53132e515241909e7ec,235cd28e6c7f72bb6e5337a877334598,delivered,2018-01-08 16:38:24,2018-01-10 10:32:40,2018-01-10 18:33:40,2018-02-06 19:32:31,2018-02-09,a1d2908917fca63ead984faeb3222020,2018-01-08
84c0a717575f9477b71d4ffd1615a0fe,a12a4605526298c7cff435218675868b,delivered,2017-08-26 21:01:18,2017-08-26 21:10:12,2017-08-29 19:28:03,2017-09-05 19:58:00,2017-09-15,7610ca62a520495cdb21d6972f9eb3a2,2017-08-26
8b0c41cf775bc5fd52a29c39f9a40537,978d00c629b3e76bff9f151625ae4f5b,delivered,2018-03-29 19:45:41,2018-03-29 19:55:11,2018-04-03 17:28:32,2018-04-26 18:36:49,2018-04-19,e8d1f79588b40596b446ec8cea651cda,2018-03-29
96b997b56a825e2b32a0436cc656b435,5eb5f6d65fe3717484b8e12ac9a06981,delivered,2018-02-23 10:45:25,2018-02-23 11:40:53,2018-02-27 04:23:24,2018-03-16 19:03:51,2018-03-19,9cf8785321d060e6355b0dcfe4a31301,2018-02-23
36edc30bd66f88355cadd2129f0dfcd3,50eb5c5d5c4193056241b1e3af36afdc,delivered,2018-08-17 15:12:27,2018-08-17 15:29:27,2018-08-20 16:28:00,2018-08-23 19:17:01,2018-09-04,5690fe2160726cc9d85921d03beefb25,2018-08-17
57e15b65e74748b2b3c1a146dc123d1c,3e219f5a6c6dffadc22a907f34e2e350,delivered,2018-06-09 15:56:00,2018-06-09 16:19:42,2018-06-11 14:19:00,2018-06-15 16:34:36,2018-07-11,5f1dbbd199824c20f16be99227bc0434,2018-06-09
480b3512a26cbc632bd11abaf0fcb43e,7400e7fb9fde7018d1ae165aaf5c5ca0,delivered,2017-10-27 19:06:22,2017-10-27 19:26:53,2017-10-30 19:58:43,2017-11-13 17:06:41,2017-11-23,d42e2e8f9b7e951cbbd3d8639716f407,2017-10-27
61e6fd152ceacdc37b7cacb713e73f10,ab31517e5b97ac03b22a88e2640a974e,delivered,2018-05-07 12:26:26,2018-05-08 08:35:17,2018-05-10 08:27:00,2018-05-25 05:03:08,2018-05-29,ca1bc4c1f280b7d3503e1d946e1f5b68,2018-05-07
c0279fdc49b580fa9e3b659f87812b9e,ab192227675f252659b0de44371dc665,delivered,2018-04-13 13:29:56,2018-04-17 05:50:38,2018-04-18 16:48:27,2018-04-19 18:01:38,2018-04-30,948453924e3276630dc5eadbe84e1fa3,2018-04-13
d2df2c8001cece568604ec609cef2167,3c988f3b57d8d2a231c6b1df1bd15cab,delivered,2018-08-07 10:58:05,2018-08-07 11:10:18,2018-08-10 07:52:00,2018-08-13 20:14:30,2018-08-16,fe6cae7b4ec50b71fe57349e39e01e4c,2018-08-07
37e5725572d3cbd7aad103b730f9232a,3dd789d5301761182d28eb73ce1558ed,delivered,2018-08-20 09:18:49,2018-08-20 14:53:41,2018-08-28 16:13:00,2018-08-29 22:58:53,2018-08-27,279dc0c3918ad6762510fe987e572388,2018-08-20
fd05016059d759a3d1cd9f1068be4907,3719249e77d08436fe164bcbcd7e2cbf,delivered,2017-07-31 09:43:14,2017-07-31 10:03:15,2017-07-31 20:34:02,2017-08-08 20:41:57,2017-08-24,2044e987c380046f8dfe77ea2876deda,2017-07-31
74c8fc29ba64bb72272c8025c00bb85e,43cebded17ef78782f347b0bf5eaae5b,delivered,2017-11-24 12:45:07,2017-11-24 14:53:45,2017-11-29 17:28:51,2017-12-02 16:18:41,2017-12-15,80790cb28818332d3ebcc9fd7ef1887a,2017-11-24
e44bc38d6b4a533a8bdf31db140f2d01,f677eaaee0e3de1cc2e76bd22676811f,delivered,2018-07-05 07:53:01,2018-07-06 07:51:20,2018-07-06 10:57:00,2018-07-12 13:09:09,2018-07-31,43a0029dd31be6065ac63a2bb1d0ee8c,2018-07-05
c2be7debb550baab4fd6d03532387414,8e1514f180c530add12ff5efd60d5fd3,delivered,2018-01-27 00:16:10,2018-01-30 04:31:15,2018-02-01 14:51:11,2018-02-06 13:17:12,2018-02-20,c24099fdf4402f49a8eee237fe971d04,2018-01-27
62feb97e08fa0615b190edb7e35e6f2a,1d337e14df05fcfbae4c24fdbe93c9ba,delivered,2018-05-13 10:57:48,2018-05-14 08:33:26,2018-05-14 17:43:00,2018-06-07 19:23:30,2018-06-25,b338b43d7ded0affdb146ea0089b824e,2018-05-13
1f470619dfff4da277b0dcd34e47329c,842a8338da8e510a94acfb6913eb87c1,invoiced,2017-04-20 10:38:50,2017-04-20 10:50:10,,,2017-05-16,a854cfc8933cd2d71d9b55afa4c760e9,2017-04-20
f6956fd0c7b151f0441f43f7bc6eab81,2df681bb140fe96d57130d89ab9b0c52,delivered,2018-07-19 17:35:41,2018-07-20 04:55:29,2018-08-01 12:27:00,2018-08-02 21:18:45,2018-07-30,210a1889af4097fcefe7b4b95f3a3438,2018-07-19
f84d3e7294f12e25be13d5da3a24581e,91720ab1b9f4b346ee95d5f3260df86d,delivered,2018-04-07 13:55:44,2018-04-07 14:08:28,2018-04-10 18:57:26,2018-04-11 19:28:37,2018-04-19,08371b8fa87d33d519335b836d8abf12,2018-04-07
7ef47a1e75585d3f1b03dad4bf944a2c,299165a60adc63a47e042f737aacf4b0,delivered,2018-05-18 17:26:40,2018-05-18 17:55:22,2018-05-22 06:20:00,2018-05-23 13:48:31,2018-05-30,eda1b9521cd006dff9400fdc29285097,2018-05-18
0c305fc5f37a5b8e64e24b2ea39b7aad,cb3d59f26edf3671cb877253c71bb330,delivered,2018-08-08 11:43:18,2018-08-09 15:50:18,2018-08-10 13:47:00,2018-08-15 21:11:49,2018-08-16,7b19fbfa8f7391f674e02488c025a8bb,2018-08-08
1dbf0806fc07152b9dc46b352e62c8b8,3ece126104ef8d177500f2766874db55,delivered,2018-06-02 14:22:33,2018-06-02 14:35:08,2018-06-11 13:24:00,2018-06-14 19:48:30,2018-07-12,fda4a17a661207ac8343bb4ad50399b4,2018-06-02
7fef121b6b48a89fc1f2699d31476d50,b7afbfaacf57875386434a2830492f10,delivered,2018-07-19 22:20:37,2018-07-19 22:30:20,2018-07-20 12:46:00,2018-07-25 19:57:42,2018-08-07,b3fb9a1bb9d4c8a0b334658c5372da8f,2018-07-19
ebddf8921a89c56e1f375877575aecbd,902a5ba1843ce46c17022d8440b723ab,delivered,2017-12-18 14:55:09,2017-12-18 15:39:32,2017-12-19 23:14:44,2018-01-05 22:47:06,2018-01-16,097d27275e54d6b6085396eba879a130,2017-12-18
1a70c0ce7afbcfbad9123d6c029f5ad6,bb70f7ee1e4fe9438e5b2d199afd097f,delivered,2018-08-05 04:03:42,2018-08-06 12:04:44,2018-08-06 14:26:00,2018-08-07 21:16:49,2018-08-14,9c5296d068c26e472c6d780b6245b224,2018-08-05
4a908627ddc9e257e5e9123ac4394e41,e2bf448ed35400ac811205c12763bdab,delivered,2018-01-10 15:13:26,2018-01-10 15:27:22,2018-01-17 17:22:31,2018-01-29 21:49:46,2018-02-05,2c1f5249b80192e935230e4ea0b1fede,2018-01-10
71385d0c646fbc757cfd07df085986d7,98e5352560be36e212fd37586d7f6409,delivered,2017-11-08 20:47:44,2017-11-08 20:56:03,2017-11-09 17:07:00,2017-11-24 15:38:46,2017-11-29,c4c088737a539f84fab061a3299dfe58,2017-11-08
17857d838bdb0e75ae6d0c02dd488ade,8b1f4b1ddaa244fbdee13e6a19ecd111,delivered,2018-04-23 17:07:42,2018-04-24 19:04:59,2018-04-30 13:23:00,2018-05-21 17:46:52,2018-05-23,66c632e952f2d322d17e77444af7e287,2018-04-23
ec72b3cb886591a30fe474f7474720c8,87b01be0c7f4ec17eafabf5f1588c306,delivered,2017-02-11 15:12:14,2017-02-11 15:22:48,2017-02-14 09:55:45,2017-02-17 10:35:48,2017-03-15,a3891fed6f00343446b628f274125ee4,2017-02-11
b7998b4687fee63c38995e856e63ae5f,2a888c1244dc79321e00770c3b56268e,delivered,2017-10-02 12:50:58,2017-10-03 03:56:25,2017-10-04 09:36:59,2017-10-17 18:52:18,2017-10-24,a3c23dfa4575563a4bc8167812eaddfc,2017-10-02
a9b90e563eb300dd43582b66bf7d5d64,5a51a3e4e59bc5017de2c60b24c3a819,delivered,2017-04-24 21:22:15,2017-04-24 21:30:17,2017-04-25 10:28:22,2017-04-27 14:44:47,2017-05-17,99eb5c5d293c26dc67c4f9f05023bd34,2017-04-24
2ea2d6cf4749783ad428586c538b4580,a96941aa31727872b3e6b1a5792bf3ea,delivered,2018-08-20 20:33:03,2018-08-20 20:50:06,2018-08-21 15:33:00,2018-08-27 20:49:48,2018-09-12,1b6ba877c37807c18ce0b9e0c3c8cd86,2018-08-20
0e8c5a50be04e37d5dcc28161b12c7bf,b46d723264d34fd4beee469578541558,delivered,2018-01-09 18:08:47,2018-01-09 19:32:04,2018-01-10 21:48:39,2018-01-17 13:14:33,2018-01-23,d3796e3087889e0a534f7e3471910576,2018-01-09
689fb8f117f6d979dc761429176bb52f,dd9e67da549dc5e972c31efc37cede6b,delivered,2017-09-05 09:51:54,2017-09-06 12:43:24,2017-09-08 19:56:49,2017-09-15 23:32:23,2017-09-27,ea7aaabcca90bd3be893efc30babd138,2017-09-05
4b42a606687e048a7a33669b84bf8690,ca54a515b761ade8c4c0e1bd239d5001,delivered,2018-07-28 22:23:02,2018-07-28 22:30:56,2018-08-07 11:20:00,2018-08-17 21:03:11,2018-09-20,963d0a82132a191b74838b150186315e,2018-07-28
71588428f9341618a05bf69e1aba5128,6bc8efb6149f90ef23879c8719da3b75,delivered,2018-06-23 12:20:30,2018-06-23 12:34:58,2018-07-04 11:37:00,2018-07-10 22:34:41,2018-07-30,a0b3658bff11e9414a501fef4be81a78,2018-06-23
841ff437dd00dac44a738743ae033be0,9986aa6bfa30747f0b86533756c7b355,delivered,2017-11-27 13:14:57,2017-11-27 13:38:27,2017-11-30 16:22:26,2017-12-04 12:36:53,2017-12-29,c7b18a035ee7a50d919b2ad186f826f8,2017-11-27
0647f4a0c12192bfb5ea1032d2e2ecdb,1ea783594d700e7ae08c133fbe97811a,delivered,2017-09-18 01:02:59,2017-09-18 01:15:09,2017-09-18 20:29:24,2017-09-21 17:28:14,2017-10-05,5f45aa4ef9b8fb99b95d33a970bb64a7,2017-09-18
071429b44ba39c70ea22550070670c00,0c7b234e8c2cb37488e4077f7369bbd7,delivered,2017-10-25 11:21:01,2017-10-25 11:35:30,2017-10-25 19:34:00,2017-11-01 19:42:48,2017-11-24,ac0bcd2ec5e7d025f90e3d46b02dd36a,2017-10-25
450ea5c07dd87f517ff23f670618706f,03d5f6b6cca6439920d309c658fbb5df,delivered,2018-04-25 18:19:14,2018-04-25 18:33:01,2018-04-26 19:03:00,2018-04-27 15:18:50,2018-05-11,3b8296e22b231fdc8c8a5e284edad157,2018-04-25
ee76c8b8bd42ca7913d033a9dea1383f,f758f5ae570f1a7311b5a2e93d5c9a31,delivered,2017-07-20 15:44:05,2017-07-20 15:50:18,2017-07-22 14:07:18,2017-08-03 17:31:41,2017-08-21,d35fe16cba55d912ea21e552df60681c,2017-07-20
5eb24679bfd5e7264d86f28a7b1f46a9,8eab969e6118d0e8f079e00891fe6161,delivered,2017-04-23 20:52:24,2017-04-25 08:22:58,2017-04-27 16:28:22,2017-05-07 10:26:52,2017-05-11,7940f60b63a13f6a2912a4d2b3710dee,2017-04-23
e40d016b1ae85a70208463f0969fcfce,45baf4584b09b21ed234180c74e938b0,shipped,2018-03-10 21:45:45,2018-03-13 04:30:41,2018-03-14 18:28:42,,2018-03-28,bedeb8c6861b84e5b603ba28e78b78e1,2018-03-10
85bc57a3e811daa04557aabba27f535c,f2dcd384c468a77519ac3e8731ca9e04,delivered,2018-06-09 16:36:46,2018-06-09 16:59:42,2018-06-14 13:43:00,2018-06-20 20:46:45,2018-07-18,9fb83eeeaad30ceb7a134cde0376648d,2018-06-09
dae9a522f4f4057087b247c231d21d20,4ae50867d4c7ddd651a4a8750abf50a4,delivered,2018-06-04 13:34:22,2018-06-05 04:52:04,2018-06-06 13:18:00,2018-06-16 00:58:33,2018-07-11,e84f0c95eb1819a9ed6ea8fa805d358c,2018-06-04
9770161a61210c2eaee29c5a572785c3,53f662ecb7b15d222231d55affdce605,delivered,2018-03-20 21:44:50,2018-03-20 22:08:52,2018-03-21 19:20:34,2018-03-31 13:44:53,2018-04-06,39dc6541b315192902fe5eb643dbc105,2018-03-20
8fe825d77766b84755ebf0c58017e4ea,865f156230a67d5d9654373482f92695,delivered,2018-08-12 23:34:08,2018-08-12 23:50:12,2018-08-13 15:03:00,2018-08-22 14:32:54,2018-08-24,080289b78c11a08fd129d4f1c5458324,2018-08-12
b33f1a863ad391e162a9f459117f53e9,89eeb5f63b668897a8bfe8f4f479acc1,delivered,2017-07-20 13:34:15,2017-07-20 13:45:19,2017-07-21 16:55:31,2017-08-01 16:35:49,2017-08-11,0ced6426928486b4520f01ac93f4dfbe,2017-07-20
45d9d23c62d17d0c6aadb813d38831b3,3ce492ad96766976c6673d3e1abf681a,delivered,2018-03-01 21:57:20,2018-03-01 22:10:47,2018-03-04 09:59:56,2018-03-08 21:36:36,2018-03-21,f3e619dd22c300e005f7d3574e9e0eb6,2018-03-01
fa8d60735eb7db0f4659893592e3fec0,f5ced6e0d7c20ef958cf5f9269f4287d,delivered,2018-03-24 14:57:23,2018-03-24 15:08:02,2018-03-26 23:46:59,2018-05-18 01:19:41,2018-04-20,8bbcb3029b226dcac4373062433b52f3,2018-03-24
b84385348baedce597620569ed44593e,aa471cd0c692c5405a57008ade683d9e,delivered,2018-08-06 10:20:00,2018-08-06 10:35:16,2018-08-06 14:47:00,2018-08-10 11:47:45,2018-08-14,0c685c2349d180f3743f1d1f204ed424,2018-08-06
276d7fb126a7eebc4a3e660c4775e081,a8a7365ab74c627e1c5d9a7a2dc5facb,delivered,2018-01-29 22:58:27,2018-01-29 23:11:27,2018-01-31 19:52:21,2018-02-05 21:33:58,2018-02-20,10bf8afdd66da75c386fbacf04c85710,2018-01-29
2180fdde58f11e59974590731572691c,060592398f1a2f3c13c369c7a37fc4e8,delivered,2018-05-11 18:34:36,2018-05-11 19:01:14,2018-05-14 13:21:00,2018-06-04 20:18:38,2018-05-30,4064f4c4e548c2cbd2209e08b8cc3c84,2018-05-11
3216e9aab2494253d39f045d704d1b71,9a2b8810ad214ac140e3fa546f8414e7,delivered,2018-08-20 17:34:26,2018-08-20 17:50:28,2018-08-21 12:32:00,2018-08-30 12:54:46,2018-09-10,a27fddda7f26540f694630f7fed5411c,2018-08-20
15d2ed1b88ca436faafb7d7236dea795,80a9fe2272371f5f18f4d3f41bbb1d1c,delivered,2017-09-18 09:30:43,2017-09-19 03:45:12,2017-09-19 14:05:31,2017-09-26 20:23:08,2017-10-06,372d4b3e443a2250901f22729e9bec19,2017-09-18
8ccfb0246b9f4b1f0c279f530fa35fcc,7a41690fce4112079a5b42f4c6f1714c,delivered,2018-02-28 16:55:28,2018-02-28 17:10:57,2018-03-02 23:33:13,2018-03-14 20:37:35,2018-03-26,fac269ca43c301f1b3c59350183fb39a,2018-02-28
b560c6ec87e95f7414ff53cb57b58a12,7466b6283519a7725a8a30cd00f8784e,delivered,2017-12-06 14:20:01,2017-12-06 14:32:05,2017-12-07 21:09:19,2018-01-15 11:39:10,2018-01-12,91def939002d33dcbf6a038b5c879f7b,2017-12-06
08288e829c6b9a810a4392bbc30545dc,585c8e523b8ea5ae438d63fccdb6fe4e,delivered,2017-11-26 16:31:13,2017-11-26 16:51:12,2017-11-28 21:16:40,2017-12-08 20:42:09,2017-12-19,0121107a0cebf91b6af74f8a4ab3c4d9,2017-11-26
4393a63adeef0f3e606c78bd143f044d,f2964656a77f6f0b5b0db9acce8a863a,delivered,2017-09-01 15:10:26,2017-09-01 15:25:49,2017-09-04 22:32:25,2017-09-08 17:17:52,2017-09-20,a1f3ef4dca76be294190831edcd88433,2017-09-01
377761f188a20507117a18c35bc33bde,a5f0f602b9567ebcc40450094befe7fb,delivered,2017-11-30 11:11:04,2017-11-30 11:42:13,2017-12-04 16:59:11,2017-12-12 01:26:51,2017-12-22,4a432ac3e75f3d02cab410e0e810e46a,2017-11-30
df85c824523500d4066a0dbdb5d95bed,39d6658037b1b5a07d0a24d423f0bd19,delivered,2017-02-21 18:35:38,2017-02-22 10:03:56,2017-02-24 07:58:58,2017-03-01 16:39:44,2017-03-16,03796b63235e0e0a299084988c662c7e,2017-02-21
199252c8392d7a5363c63e239086c091,49486aba6317107740a2b48f3b175671,delivered,2017-12-11 15:10:00,2017-12-11 15:17:26,2017-12-12 22:23:25,2017-12-27 17:38:00,2018-01-16,ea2711c281002066e87c05f28f736f47,2017-12-11
755e265d8b9cef975c3eea528cd48b90,817f696c8f9583b519938c73e72310cf,delivered,2017-11-20 21:25:55,2017-11-21 21:34:24,2017-11-24 17:09:02,2017-12-07 16:33:55,2017-12-19,e49306b1289b65d82a1270450e7d0fcb,2017-11-20
423e3739c511dd6b0752a064f9f20527,04802886a43fe74bd00496abf197b3a6,delivered,2018-07-12 19:37:30,2018-07-12 20:20:04,2018-07-27 14:39:00,2018-07-30 18:31:59,2018-07-23,971c2c9f771f31f9e88687edf04f37c1,2018-07-12
999d0185fdc3859e118a76c1e7d8dfe4,d963cccb27b305d09ac741259e28a35c,delivered,2017-10-30 10:43:56,2017-10-30 11:32:00,2017-10-31 17:05:59,2017-11-01 23:11:57,2017-11-13,2bf9caa419d2d35e0f4a1907e3ae9459,2017-10-30
333b06740724c40dc56a7f790d46df00,d5027b523b1edcfe368b94008ba21bd9,delivered,2018-07-19 15:02:14,2018-07-20 04:50:12,2018-07-20 12:12:00,2018-07-25 23:02:03,2018-08-02,45b73b56a6a48338390fa25febcb5599,2018-07-19
0987363c91de454d42d084b84a691f99,4bdb3f63051aa4597f41468de9c64d39,delivered,2018-07-15 14:52:43,2018-07-15 15:06:12,2018-07-24 16:07:00,2018-07-25 20:03:49,2018-08-01,aacaee9b6a108af94b55bd45b03274fc,2018-07-15
05123197f45cd213617dbd9523bd23f7,65d82ae7c5f1e68cc367bd60c8af8753,delivered,2017-07-16 11:28:38,2017-07-16 11:43:05,2017-07-18 15:58:01,2017-07-28 17:14:40,2017-08-10,05abd7660c793780c1907b39ce20263f,2017-07-16
731eb375d1d241e31221637ee6e5ef56,1b0424078235e67294af80419dfab134,delivered,2018-07-01 17:52:02,2018-07-01 18:10:04,2018-07-03 10:08:00,2018-07-09 20:36:40,2018-08-09,caf8cfa0ac3ff60facda076545837647,2018-07-01
75a696c48d81aa753f8913252a4cda3d,ca4a0be41498e3b520de83bfe54a16ef,shipped,2017-09-26 15:18:46,2017-09-28 03:05:14,2017-09-30 15:23:38,,2017-11-06,0278d1770d14782b065a8f24b0084b08,2017-09-26
13c4b2056317a73b1c143edc8cf0219e,4ca1d0f03c42b8043a581ec340e6f054,delivered,2018-07-18 09:29:40,2018-07-18 09:41:57,2018-07-18 12:18:00,2018-07-30 21:47:45,2018-08-20,b475546afc39784498abaeaf2270d5af,2018-07-18
0275c0ac1928093069b95bb67cba52d8,07bb78d58680e12babcfcb21476f9e14,delivered,2018-02-16 16:10:41,2018-02-16 16:27:09,2018-02-20 17:23:45,2018-03-14 11:45:37,2018-03-19,e97fa3c8846903173a7ffe24dc455c44,2018-02-16
a975758d17a9e095a496f4283d9c3aca,a90b67461a9b141f23f0b1fcb25a5639,delivered,2017-08-03 14:34:26,2017-08-03 15:50:18,2017-08-04 18:23:43,2017-08-16 21:10:54,2017-08-25,1fab09edf6749cee5d6829be35daa13b,2017-08-03
ed83f6065ae47112c8cfbd22e231b6d8,39f51cf31b3d2266b99005da1b5d5b79,invoiced,2016-10-08 11:47:15,2016-10-08 13:24:51,,,2016-11-30,86f04460dd37a57e3a0ecdeaffb1919b,2016-10-08
387304e2b5ef64131135043b69b26c69,10a718c72a2eb69c78ac4e550faffca5,delivered,2018-01-02 09:37:13,2018-01-02 09:50:28,2018-01-02 18:23:45,2018-01-15 23:48:31,2018-02-02,fcd96ae79a049434cf546b2e7465a060,2018-01-02
339063a819f93e6e25102c3bb66ab667,73e1e70b645c6ef82dda64348a5c2391,delivered,2018-04-20 13:46:38,2018-04-24 19:18:43,2018-04-23 19:26:40,2018-04-24 19:51:47,2018-05-09,b88d7e07a1508ee88d1ca350f201a2a1,2018-04-20
efc7354b6901a8603031e2dfeb54926d,73f7e7f82b5e84706518d591d0d562df,delivered,2018-05-10 20:11:44,2018-05-11 09:10:53,2018-05-11 15:57:00,2018-05-16 19:38:39,2018-05-29,491bca87133a71aae594774a0176417c,2018-05-10
2ae054ef2ca5e6edea18284d0fcb9682,3fcfab0e565a45accff1282416588060,delivered,2018-06-07 10:35:03,2018-06-07 11:00:05,2018-06-08 15:44:00,2018-06-11 14:23:42,2018-07-04,15219300c0299c01fef6cbc7444494e5,2018-06-07
ff41c61254c0df3698b8689d9493ffb0,2a5f9b176a5e7313e3836750a5dde869,delivered,2018-02-23 09:16:59,2018-02-23 09:31:02,2018-02-26 10:45:36,2018-03-27 20:18:29,2018-03-21,528dfcc777a4bc47bfef5fd7b189cb2a,2018-02-23
02b57c07010db3ded50936152756a6e8,edc347d8ae380a3e06d090a7991004d8,delivered,2018-02-17 17:58:51,2018-02-17 18:10:19,2018-02-20 11:34:17,2018-03-02 18:45:34,2018-03-13,1a09c9c9a99266a1bd2185c19e0fa9a4,2018-02-17
b6e0e6fd530fd4d992e4e29014fbf251,735dd5621071478d47b3d04f4b3901fa,delivered,2018-06-08 12:06:19,2018-06-09 02:57:28,2018-06-11 12:41:00,2018-06-15 22:49:26,2018-07-13,0098853a28531d48988a2fb02b30840e,2018-06-08
41ff2ba0d19e828f41b858fbf8b3c3cb,a34dce08d0cb004c3672fbaf8d6a56cf,delivered,2017-11-24 20:25:42,2017-11-25 03:38:24,2017-11-28 00:18:53,2017-12-04 18:47:51,2017-12-08,f1ad9d52b6c614213cf185f83afaf7e5,2017-11-24
b121103b92afc327fb33d0e75b368a72,3eb90dc317dd8c2f0bcb17210a723364,delivered,2018-01-27 21:05:52,2018-01-27 21:17:16,2018-01-30 18:39:44,2018-03-20 22:18:25,2018-02-22,5193199e9fa14917b155ca22087f1ca0,2018-01-27
2c12a0b42917704f04946e4ac2cfe69d,a7504d659dc52d836ea79c92b3da15fc,delivered,2017-09-06 15:56:43,2017-09-06 16:10:16,2017-09-08 19:41:24,2017-09-13 17:49:05,2017-10-03,53c2227d66a7f94436b84a74ff37078c,2017-09-06
9345ea7f31e39f37b596a47f3a1ea203,1e292a1892337d76520a685fa78c3280,delivered,2017-12-27 22:43:15,2017-12-29 02:09:49,2018-01-03 15:38:40,2018-02-06 19:49:29,2018-03-12,93ca6447186f5c7a1ca819c9a572fdcc,2017-12-27
3022bc9eee8087dad85d0832b67b37b9,4bf88a7722cd83fc2bc891819c641690,delivered,2017-10-16 14:45:27,2017-10-18 15:26:41,2017-10-23 20:55:29,2017-10-25 20:23:45,2017-11-01,eeae1c6f0813ad6f82afa34bd0064032,2017-10-16
4071fd2362f826dbb5ea79880533cccf,a4e394f0af5d9354ae5618c0507b7bb6,delivered,2017-08-20 20:29:08,2017-08-20 20:45:15,2017-08-21 21:57:38,2017-08-25 19:06:41,2017-09-15,64bac289258e083b9d982d58cdc0e1f8,2017-08-20
02ec4da9d03014f06d711d60eb37cc22,79e6d859cf83e9bf76a07629ca91a49c,shipped,2017-04-28 12:32:56,2017-04-28 13:05:49,2017-05-11 11:12:57,,2017-05-24,565448508b44312e8489ca1bc1f5d09e,2017-04-28
6b7de2635479caf94e86f987e12644da,9352054a03d9a32bc49b1df0947efb0a,delivered,2017-06-03 21:06:21,2017-06-03 21:24:45,2017-06-05 10:46:51,2017-06-12 15:13:55,2017-06-28,cf8a1d0bac2b301015b7fe124fb8869c,2017-06-03
8634ecf96bfb8450dd73fd6596ec4f3c,657f5be43b148515a98a49797306291a,delivered,2017-09-18 21:39:05,2017-09-18 21:55:09,2017-09-19 16:27:21,2017-10-04 20:48:51,2017-10-16,3a13681985ea6cd032018292ffb30bbc,2017-09-18
d3afe40f7060b3287d948a6bdea42687,8fcf5bb811c9f0ce5cd194b56b5f0ae4,canceled,2018-02-05 22:13:02,2018-02-05 22:30:14,2018-02-06 21:42:51,,2018-02-21,4a875173bfb6a79bc80ade998b70132e,2018-02-05
2d21065be26736159d37305af015d63c,bc54266131e8deb8c73bd11b883f0f86,delivered,2018-06-30 20:27:51,2018-06-30 20:50:06,2018-07-02 13:43:00,2018-07-11 00:18:25,2018-07-31,64141d6a76cf3ad362c44e85d9de8ea7,2018-06-30
2736ebe2dbefb6a46d862048be5f2dc8,7bf94f5f9cfed986a4d8c5dce64a397a,delivered,2018-05-16 09:24:44,2018-05-16 09:35:17,2018-05-17 14:19:00,2018-05-18 16:38:46,2018-05-24,59340f417e4320a20c61fcf958bdd029,2018-05-16
8cbffbe81b61eeb7a472f618013b69f6,f35cbd980d07fb0425ade64df5ac1cff,delivered,2017-11-05 16:29:42,2017-11-07 07:30:29,2017-11-09 20:51:27,2017-11-22 13:16:54,2017-12-01,29b3f53b1aa56b499f8433ff696cb94c,2017-11-05
d4da0ded1ea8403f03239a9e2a64a062,0b17d2df0220cfbe7b412e9a8059395c,delivered,2018-06-05 08:56:45,2018-06-07 02:54:35,2018-06-07 08:16:00,2018-06-11 20:11:11,2018-07-16,a50efaf5e3d5302b391c39b0b3965cfc,2018-06-05
9216a44f5b8ded17361603142a907289,8192999f1c06e98c177d5cdaf31d7412,delivered,2017-08-02 10:21:05,2017-08-02 10:30:25,2017-08-02 19:03:52,2017-08-09 17:46:17,2017-08-30,d9f6eafc15ddf1d4537ddd6f0e029df1,2017-08-02
8ae7da80a0ae007c1d30c6ff5dc3bf26,d15d033d5e018800997e13b99c63de00,delivered,2017-12-07 12:21:00,2017-12-07 14:50:54,2017-12-12 14:28:46,2017-12-19 19:55:49,2018-01-02,c844fe1be37e165a5fc633c9d7889799,2017-12-07
10d96958b92a4df731c5f0d7e8694f4e,6104d6344ed5ffa39c84b3800921f443,delivered,2018-01-17 13:13:50,2018-01-17 13:29:36,2018-02-07 15:38:51,2018-02-08 13:53:07,2018-02-01,ab37ef857a91599810a1aad74cd34407,2018-01-17
22558012625820980bfc951e437c97d5,fa4560374dfb90c4e50a7da55cb5bf9c,delivered,2018-05-14 18:00:53,2018-05-15 04:12:26,2018-05-15 13:48:00,2018-05-29 18:51:59,2018-05-29,9db0703d6dd2cc17ddfa3b1d509a9464,2018-05-14
851c1ec08214c18baed04be1c576fbd4,0222b08d0816bba0acbcc31ba1d6cc1a,delivered,2018-04-28 19:23:30,2018-04-28 19:35:14,2018-04-30 11:37:00,2018-05-04 16:42:54,2018-05-28,00cdb0d59698da325d0e6830120363bf,2018-04-28
ba35a05db9ebce9e0964160badeda9b8,4c22b6fbb2fa829e31d83b4160faa4ee,delivered,2017-08-20 14:29:32,2017-08-20 14:44:21,2017-08-22 19:37:41,2017-09-04 17:04:28,2017-09-21,5a90cbdbe1c1df028ca1bb7db01af405,2017-08-20
581b53cbadd804220b785d243c6b0ccd,e56af368707175509455ff15952b61bf,delivered,2018-06-14 21:18:25,2018-06-14 21:36:55,2018-06-15 12:40:00,2018-06-20 20:58:36,2018-07-05,0c32aa09e8eced3ea26c2a013b7b75e9,2018-06-14
fba0c44b4dd8bed3fa5f07fe8fa0da19,8cbdd6bf53357613715883305516dd11,delivered,2018-08-13 14:16:12,2018-08-14 04:24:26,2018-08-14 08:56:00,2018-08-15 16:56:22,2018-08-16,6f03e04a59a2d70d15802d2217c10331,2018-08-13
a83cf2c3eb9eb4370ba4d38c591fab3d,2256812884cb4b36961426f49b81cf09,delivered,2018-08-15 18:56:56,2018-08-17 03:09:50,2018-08-17 16:00:00,2018-08-28 22:04:58,2018-09-18,cd47c9f9f1ff7a1cd5a0538dd58a4558,2018-08-15
772bb5d1c259f2731fb87d079c3808f0,ce97fa320a9043140d221b5ade94c617,delivered,2018-08-03 11:49:18,2018-08-07 04:10:24,2018-08-07 18:13:00,2018-08-10 22:52:37,2018-08-08,f6c5eb8f3ab9bb4cd005e895d6509d58,2018-08-03
8231afdd82b5ad4d2ed3f2445ed555a3,feb5ef44ca0e98bf0515ca7a21ca8c90,delivered,2018-01-23 12:48:24,2018-01-23 13:02:12,2018-01-26 15:08:01,2018-01-31 00:41:39,2018-02-07,370d434c6d61693ae8ea5480b7cf8f21,2018-01-23
0135675503322d804abef7ec5ed4824b,969678c7317657c3a5855fe90a69894c,delivered,2017-10-22 19:23:17,2017-10-22 19:35:26,2017-10-23 21:28:34,2017-10-30 19:35:52,2017-11-16,d47c6631d67f856392d0c8040db162d2,2017-10-22
35168c4d0ad93a212d42d3fea68932e2,28b0260ad5c1c14102f3a9ec3ab5d6be,delivered,2018-04-12 09:08:01,2018-04-13 12:50:09,2018-04-16 17:32:27,2018-04-23 16:38:42,2018-05-14,cf326c1765aeb567bd9fe58da1a1cc4d,2018-04-12
4376d8f153985c918a99d7765693594f,f524e3df8cfc7cdbd6c87f756326756d,delivered,2018-01-31 23:44:57,2018-02-01 02:55:41,2018-02-06 23:36:44,2018-02-14 18:29:46,2018-03-06,edbd8bd0f76c21b42d85322f8b703547,2018-01-31
7b7aa18c12be9bec06ecb74c33609bcf,e4f5e592e5ed9f4ee608a09ae76ea443,delivered,2017-06-22 14:41:04,2017-06-22 14:55:21,2017-06-26 14:58:08,2017-07-11 17:06:25,2017-07-21,55d8e264560be17cdd7eb91a613d887a,2017-06-22
ad8c5820e75335e6117e13d9f78f0a21,661104388a3c452adc6db3bbbb214f2d,delivered,2017-12-27 22:20:16,2017-12-27 22:37:31,2017-12-28 22:53:19,2018-01-08 22:19:50,2018-01-29,c8b8ce09fd20a25d9180b5269718a784,2017-12-27
a1165481ec8e2c96688233954c7cfb7b,5d6ba9a28eb4cd87b8c65cc995850296,delivered,2017-12-03 11:32:32,2017-12-03 11:54:03,2017-12-06 22:09:31,2017-12-21 11:38:46,2017-12-20,6cad2595071b142d5f90563f43558cc9,2017-12-03
eda6f38dade9e617edc1883e14094491,a63dbfab3ef9b3039729c1c73ce56cfc,delivered,2018-08-03 05:49:59,2018-08-03 06:04:12,2018-08-06 11:57:00,2018-08-14 15:48:38,2018-08-28,5b23e3a673f41c47a1cd5093f7843d9a,2018-08-03
5069e2dbd0186add07ccb0af65724741,c1f10f7c10670ea8aead66d146e357a8,delivered,2017-11-17 08:29:52,2017-11-18 02:30:35,2017-11-20 18:54:47,2017-11-29 00:09:14,2017-12-11,467adc7efca6a1d958f29e91ef6a33ab,2017-11-17
13ba09b4ffd7128425cc35a9c382245f,9193133f3eb8df6f70cc93b069b56f09,delivered,2017-05-18 15:10:11,2017-05-18 15:22:51,2017-05-19 10:17:57,2017-05-29 09:52:51,2017-06-16,8f1794300ad248a55eae07168219ca15,2017-05-18
ada8c2a84a276ae03d468f7acf56ad36,99c1f06505371e40a1dd4e782cc6fc1e,delivered,2018-02-15 22:44:04,2018-02-16 14:32:14,2018-02-22 21:10:39,2018-03-05 23:04:40,2018-03-13,9dea1bbfcae5c61163626b6100b62792,2018-02-15
d2c42241f393fe85f13e04a3a402c40e,e21944bc1d3f9b04ed504bb6732a3198,delivered,2018-06-15 00:03:22,2018-06-15 00:19:10,2018-06-15 14:36:00,2018-06-20 14:15:28,2018-07-12,61b7f7d2929892fb0246803c1f09acd4,2018-06-15
0be098c4a208559b0e6c96c3254481a7,fb9905dff73be7499c32a25c99961503,delivered,2018-06-22 10:18:32,2018-06-22 10:36:06,2018-06-26 14:25:00,2018-06-28 15:56:44,2018-07-31,b80112b1a24982f7eecdaa9e06af98f9,2018-06-22
21bf30b67562ae46581be368cdd971a6,8094bd1ea8a8453c1855f06552200117,delivered,2018-06-21 18:22:26,2018-06-21 18:40:58,2018-06-25 14:14:00,2018-07-03 16:50:58,2018-08-06,23f014663c70f3a8cf6f1be263c89933,2018-06-21
e288eff5f9db507c90e43976f4e83a5d,f18edbd308dd8784ffee6af3f20fd662,delivered,2017-05-18 11:19:11,2017-05-18 11:30:11,2017-05-22 13:09:31,2017-05-28 10:33:46,2017-06-07,ef6e328edc28262f4cb80448f99338cb,2017-05-18
5b0a937c574c108a5e2359af5665b99a,e2436ba9192da3fdf16eaaf26d17468d,delivered,2018-07-23 22:28:09,2018-07-24 10:31:30,2018-07-25 12:11:00,2018-07-31 20:27:39,2018-08-22,ba82cfbaef03167aacf2f85c7d928aaf,2018-07-23
71ccac4998b863217b4480c50294b465,8a3440e2e5ec49f1c4cc3595d79364e4,delivered,2017-07-31 16:38:56,2017-08-02 08:32:55,2017-08-01 19:45:56,2017-08-04 17:32:12,2017-08-18,1ed1f7f1679bee0089061c9db1bd783a,2017-07-31
db9458d0bbfff27cf6ff5b9342087fd0,05075b9433e8f047f3ba7a5ada189809,delivered,2017-09-01 12:05:54,2017-09-01 12:25:14,2017-09-04 19:47:34,2017-09-11 23:16:18,2017-09-27,212c759d8c4f2d4d9d6fd4c7de0afbb3,2017-09-01
0c9c4433b5b33bcc077a814c9dd7dc3b,d4e705a6e6b5f0c5cb1c2ad86d6dc306,delivered,2018-05-08 18:39:36,2018-05-09 18:35:15,2018-05-10 11:07:00,2018-05-18 12:41:57,2018-05-29,46f54ba0c3b40ec2ef1f76e0bfc0a72b,2018-05-08
8c10b4712b6c450e49bcfb6b1e48449f,746c850fc3309628645b7b22b4603e55,delivered,2017-01-27 16:31:12,2017-01-31 04:38:25,2017-01-31 09:38:28,2017-02-07 12:37:51,2017-03-16,81c553db2d819c53f841bd93b680f35a,2017-01-27
81aa3cffc965f29788470b3e2550da67,5fb5fbe39b9e4109881ace8ec13c3e6a,delivered,2018-05-04 17:31:14,2018-05-05 03:33:39,2018-05-10 13:13:00,2018-05-12 15:26:36,2018-05-18,e648dced2b836c2691aaf97cf0c7b1c6,2018-05-04
2c06e4f488be0af43964ad30b123034e,292d8563fc70947dd2010aa36b726cdc,delivered,2018-05-11 13:54:07,2018-05-15 05:32:34,2018-05-15 15:31:00,2018-06-08 23:42:49,2018-06-07,cdc5b7e1bd2027fc820fab4bf76dff04,2018-05-11
bc7a8b1110cf6edfecfcb0a1484f36dd,8f1c3de99f55c6919397f474529e82f3,delivered,2017-09-19 09:59:54,2017-09-21 03:04:43,2017-09-21 15:02:43,2017-10-03 20:10:39,2017-10-17,b08fab27d47a1eb6deda07bfd965ad43,2017-09-19
d65e0d373069ac61e2aa3f9212451d44,054436f8b0565d7b5c66e9066b564393,delivered,2018-08-08 12:45:33,2018-08-08 13:05:05,2018-08-08 14:02:00,2018-08-10 15:38:54,2018-08-17,5640efe2c740310ef4f4a391664568e8,2018-08-08
5a509a6537686bc8e701a4461631e965,cb38d00c9e5573f32758d4d3dfa382ab,delivered,2018-05-21 07:28:32,2018-05-22 08:16:33,2018-05-22 13:43:00,2018-06-04 15:02:31,2018-06-13,2dec450164b26f0f45ccbee550cd9091,2018-05-21
8da1dafa8af2a466377128c20248f17a,8115d0cc7c08310f8892c84fd64da3d8,delivered,2018-01-03 08:59:24,2018-01-03 09:09:22,2018-01-03 22:38:58,2018-01-09 13:53:27,2018-01-26,8f228bbd94171c679726a94c36e41ccb,2018-01-03
787ac1a9069f42d0d1133eb74cadfa4e,f2ecf3262244776c6b11f4d34e7253eb,delivered,2017-12-23 18:20:38,2017-12-23 18:32:30,2017-12-28 22:12:53,2018-01-11 20:19:15,2018-01-31,12bee6115c0d7956f38f6488f553de0a,2017-12-23
04fa206258b069b5900dd56e6cc87a63,984cf72312d65695c494a2d60d43857e,delivered,2018-04-02 10:54:09,2018-04-03 05:30:19,2018-04-04 17:26:33,2018-04-17 01:46:42,2018-05-07,467dbf2b36b570c4fabc2c2e463068fe,2018-04-02
34eb84795617859f326a6615f0fff940,1c856348dd9199309cdf983663318660,delivered,2018-07-02 20:21:20,2018-07-05 16:26:38,2018-07-04 12:25:00,2018-07-10 20:42:26,2018-07-25,6ec68d9ec060ab161708178bf6e997fd,2018-07-02
38d008f131c77e33467b6aee3636927a,96e26d6a7da13d14145214ac82da5d97,delivered,2018-07-11 22:12:14,2018-07-11 22:26:20,2018-07-13 15:15:00,2018-07-26 11:48:20,2018-08-02,3553fcbd8e28065afd428c86bb82e07c,2018-07-11
98b3885985a1ea8bdd914f2d41f56397,c8d80d8d1c6f976f76b02d540c8ab5e4,delivered,2018-01-16 16:58:16,2018-01-16 17:10:10,2018-01-17 21:48:52,2018-01-24 21:56:56,2018-02-07,e2f3d2f1536b4b6917e6acfa7d50dd1d,2018-01-16
631252ac24a799cf8f1c7823248527d5,e00cd6b2b1b0bd04a6813359a2698380,delivered,2017-07-16 21:52:58,2017-07-16 22:05:49,2017-07-21 12:45:55,2017-07-28 22:07:58,2017-08-09,f0f09b122ea2b058f74e1e1b6d16554a,2017-07-16
0a8724bf3ecd49bce712851bbbecaf35,89aab649693a7e5995fa951d8d2fcdd7,delivered,2017-10-18 23:24:26,2017-10-20 00:35:26,2017-10-24 20:17:49,2017-11-01 19:13:06,2017-11-09,6c8c95c3a1b9d36f7ee7e29895c12982,2017-10-18
95e9a74f93bf0b409758d0e5a5765f12,005c611fb96be942e75d22129c370268,delivered,2017-02-13 19:20:21,2017-02-13 19:30:15,2017-02-14 10:57:22,2017-03-01 10:58:06,2017-03-28,4619eedf5b092b15ebc4d916f8c99646,2017-02-13
c0f132a2c5e9f2bf23bf5671d6fd980c,fcdf5b6f9af1bd5b18fe20379e88e995,delivered,2017-10-10 14:54:38,2017-10-10 15:07:15,2017-10-11 20:19:55,2017-10-18 02:26:34,2017-10-25,fe46815a6346e7e5fd2ae303d6112677,2017-10-10
275ae89ba1c842d7ce099ed4c633f686,ca39acfa3cd47ed2dc3cd99f34f400ea,delivered,2017-04-09 12:12:51,2017-04-09 12:25:54,2017-04-25 11:45:54,2017-05-11 08:33:55,2017-05-08,051728482e7cf26b974f874001d4cc65,2017-04-09
9934e7ff8eaacba82131dd85b7a0e156,c9f36cd5a864394f34c09abd36cb8939,delivered,2017-03-15 10:48:52,2017-03-15 10:48:52,2017-03-20 08:03:52,2017-04-04 13:17:43,2017-04-18,2f36b9e4684b5a910573dbee723bcb69,2017-03-15
7d52cc13ad48508237527a8681689106,505ee5518f572ff3d0330e62351f24db,delivered,2018-02-05 22:54:03,2018-02-05 23:10:35,2018-02-08 22:30:02,2018-02-23 19:05:19,2018-03-12,9fdf694ddd72ea586dc72ceb7a0d2d91,2018-02-05
2a4cf847d8e23123b4421ef7f7dc3d9f,0d10f3ce86eae5da478b5475eb2f03bd,delivered,2017-08-31 16:38:29,2017-08-31 16:50:08,2017-09-05 21:42:43,2017-09-11 18:28:09,2017-09-29,0ec0d6094a230cb846113d32ddfd1c3c,2017-08-31
36108669803b643f152340b95c2220bc,37f6cb0c73a428a9933a40e06c5f9962,delivered,2018-06-09 12:27:49,2018-06-09 12:58:42,2018-06-12 14:30:00,2018-06-18 13:32:59,2018-07-11,da8aa1e488d3f4b92fd348694ea1d075,2018-06-09
a7c94ed332c0c561f69399316f9eca6d,bbf97a03667b4f6f728bd541f565e342,delivered,2018-03-20 07:33:21,2018-03-20 07:47:36,2018-03-21 19:52:24,2018-04-17 23:11:13,2018-04-11,c15721a14ab214f72b93e676cdc42dd1,2018-03-20
c69a753d027c44254d7964a47718c07e,dfabae7548b656d6a0d4b68896377ddc,delivered,2018-05-10 01:01:48,2018-05-10 01:10:11,2018-05-10 15:55:00,2018-05-23 19:33:09,2018-06-11,6f84e5f81b7daece37fdddcc6cf99ad4,2018-05-10
dd8be73e85782b63839fa3ef40ac6710,c2580e74802260a0d0631965d7d67050,delivered,2018-08-12 11:09:02,2018-08-12 11:24:18,2018-08-15 13:56:00,2018-08-28 21:53:37,2018-09-10,dedc5a40ba2e84353c1138396649680e,2018-08-12
3a8841b93b2522714e4143cff4f54ca4,1e959e1f5920cba43823fa9f95673b83,delivered,2017-07-09 12:25:07,2017-07-10 12:30:21,2017-07-11 19:33:56,2017-07-21 01:29:36,2017-08-03,9765e039028279fd2e60bb620a451526,2017-07-09
c0d7ffda628810fb83a35a91d1a21887,445d56034deae00d9b8d3cebd39b1757,delivered,2018-03-29 09:29:58,2018-03-29 09:48:24,2018-03-29 19:28:43,2018-04-11 12:45:39,2018-04-20,c3a2c5e2ad55ee93af1895724ce70fae,2018-03-29
64f25972cba1c6faca4f32c7ac90e3c2,de773f0763895b484c5b5eb51f63d633,delivered,2018-08-03 22:10:05,2018-08-03 22:24:12,2018-08-06 17:19:00,2018-08-15 01:36:43,2018-08-21,76bcd5ee3764110896c71c03bad849ca,2018-08-03
72c81a6a9dcf354f87393c361caa13ce,1cd146c5b0b02ca65ae036c0dfcc2f3f,delivered,2018-07-20 15:56:15,2018-07-21 15:50:12,2018-07-23 11:39:00,2018-07-24 18:30:46,2018-07-30,f570a5be59e27679024a0ff2cdf0fdf3,2018-07-20
4a02e985c7239d866a632f07ed20d9c0,9c449813f9569a241e5daa4e2e1ba726,delivered,2017-10-05 11:26:37,2017-10-05 11:44:56,2017-10-11 21:53:52,2017-10-24 15:56:55,2017-10-24,4f6e6a1e4d70f0210c1aa0861dfd5c78,2017-10-05
ca228c2c6dc307c077c98d26bb8de09d,8a4f44051fd5fa69f325ed4735b6b358,delivered,2017-07-21 17:00:36,2017-07-21 17:15:26,2017-07-26 00:52:08,2017-07-31 18:04:01,2017-08-15,ea4cef0b8f223be3a7055c4e95f2862c,2017-07-21
cb2957ca3cf764ff3a56c6f07e724f72,cdc02c907bf0d822d18c0d4e84625c71,delivered,2018-08-13 14:08:19,2018-08-13 14:24:24,2018-08-15 14:33:00,2018-08-21 00:18:26,2018-08-27,a032e1287cd0e7fe3a494d0458958442,2018-08-13
9273f28e7eea7b34cf6d09d37dad4fa5,394b045eaa57c5395a95bb541807222c,delivered,2018-02-27 17:29:36,2018-02-27 17:48:54,2018-02-28 17:15:57,2018-03-17 00:06:24,2018-03-19,72d2afa4f030e3c9cf45a0d6ede1b21b,2018-02-27
e3ec1fb07ab3a6e29c651b574fa01848,541bd8b27db2fa725be753519ccac60b,delivered,2017-04-24 14:10:56,2017-04-24 14:22:28,2017-04-25 10:22:07,2017-05-15 12:17:07,2017-05-25,53ff83e171637877aae84fff84adaa2b,2017-04-24
998b90bcfc77ff711912c1c14dcff885,0b1899150b4ee7ae778d02ecb621324f,canceled,2017-07-05 21:56:09,,,,2017-07-27,dcd091605a479918374eb48b07493d4e,2017-07-05
ade5cd7237fbcad3ccc1177645e6884f,3aa98a0dbd145c27ee805e2f62a3df8d,delivered,2018-07-22 12:29:24,2018-07-23 11:31:40,2018-07-24 14:21:00,2018-07-28 18:12:51,2018-08-27,3d9b38c8b8f8a483344f77c150e1a652,2018-07-22
932ceb7851a40ee01ccc9bd9c2d2e772,7274e70c46177021b5cb5670b4941d8f,delivered,2017-08-19 11:13:08,2017-08-19 11:25:37,2017-08-22 17:52:26,2017-08-24 16:08:06,2017-09-01,4d8ce0143c13bb4202d12caff6fa13be,2017-08-19
0d5a43468a7d06bbb3f055417223c8e3,1650ccca902096ba9c7eae2a3b231ca0,delivered,2017-08-22 18:03:05,2017-08-22 18:32:22,2017-08-23 19:53:10,2017-08-31 21:45:00,2017-09-12,7824884ec60635edc70c6706b71488b8,2017-08-22
91427fef1ca1431d3d86d7bcd0b51ebc,7c76a5b5aa012d92c8ae66e6f6311db4,unavailable,2017-09-29 12:00:01,2017-10-02 11:49:08,,,2017-10-20,bcf4a3ba9fc736b4c93d6c791a48e6cc,2017-09-29
1104851f6f6ff9451fdd8e8b980e18bd,377796a47a051edd1c8974f1d78e0d8b,delivered,2018-04-11 22:35:02,2018-04-11 22:49:32,2018-04-12 20:34:37,2018-04-16 18:03:20,2018-04-27,3011261e6cf3270a18d07848f64d924f,2018-04-11
921fac391a5b1aa6ef7fc2e5277a8d52,63ab4381be844ae587baa2613607dab3,delivered,2018-03-26 15:33:39,2018-03-26 15:48:20,2018-03-28 20:25:54,2018-04-06 23:54:24,2018-04-12,38f700a297fe5d479187e8df810e5f66,2018-03-26
d7de9dbe0c0b04bf4402594c60a4991f,adc7e176b64463912b51e3ea74c2a390,delivered,2017-07-25 15:37:40,2017-07-25 15:50:19,2017-07-26 16:07:48,2017-08-02 17:16:00,2017-09-12,673b4a0e1775aeae4a62dc2ba97a3337,2017-07-25
b4a4c9808ae2aa7c8811e9666d5f9058,a4eac3f283d1dd74c10fa10152119c89,delivered,2017-03-12 14:18:03,2017-03-12 14:18:03,2017-03-14 13:07:46,2017-03-20 12:07:06,2017-04-03,416a54944eae382bc0bdf539fcca1fe7,2017-03-12
ea65d548a7f45a2343930a3223974a21,2f26bf00de89ac3d03038b4b775f9bf2,delivered,2018-04-04 17:42:30,2018-04-06 03:15:40,2018-04-07 01:44:47,2018-04-16 17:52:30,2018-04-30,256a6a3b559c78fa8cda69de85bfb70c,2018-04-04
f2289364095eca9fbc96b91e58d4aaa7,4469fb1aee7f65683bcbcf6b569f020c,delivered,2017-10-09 20:30:10,2017-10-11 03:14:10,2017-10-11 15:15:11,2017-10-17 20:23:59,2017-10-27,11610fbfca5eb4d6fffdaa00e651fd12,2017-10-09
d0836b3ff071bfc93b8a3c5acd8b63a6,742180681070ca64b3865e44676b373a,delivered,2017-09-14 15:26:14,2017-09-14 15:35:29,2017-09-19 16:59:01,2017-09-25 18:26:40,2017-10-02,e1c409ef1e0df13b45696af942cdd90a,2017-09-14
c1790253dbc3ea071a2405222e2fe8e4,c3e428d2ea3743820fc418a630afa102,delivered,2018-01-25 20:02:18,2018-01-25 20:16:03,2018-01-26 18:22:07,2018-01-31 19:17:06,2018-02-09,3611e83bc109550fface948a300a70b1,2018-01-25
e66a74734acaddadf5cfd457c01cb10d,18f5e10a8304a6dc7571a8e8c527be5c,delivered,2017-04-17 17:27:03,2017-04-17 17:42:33,2017-04-18 17:00:17,2017-04-28 13:09:34,2017-05-10,cfcf8fb937d788746626851cd1695059,2017-04-17
3e0c3cab458e8b3cc8d1d38ecb7e7775,fcc4ed69deb551648926eab09355a9c5,delivered,2018-07-29 10:08:22,2018-08-01 16:31:35,2018-08-03 08:03:00,2018-08-14 17:32:35,2018-08-21,1defe0913f512f19056b668156476990,2018-07-29
b30bd6eee81df744ad27bdb53eeb9035,c983354c81954c824fb85f3c667e6d6b,delivered,2017-10-11 18:53:50,2017-10-12 02:30:52,2017-10-16 22:06:43,2017-10-19 18:52:17,2017-10-30,f34e2fad343cab8bfafcb2855fe30b82,2017-10-11
80a65b64ff5b2a3d831d8764ec4b17f0,26c149bebd475a62be04365d6c2064fa,delivered,2017-11-24 00:18:49,2017-11-26 00:34:26,2017-12-02 01:23:08,2017-12-18 16:09:28,2017-12-15,c00e5d6ffcfb689b08d7e34eeb97ebc5,2017-11-24
b3cade492748e3a55960d5b64615dd25,ac088157734accdd00d4b89e2fed8676,delivered,2018-03-19 20:08:47,2018-03-19 20:27:58,2018-03-20 23:32:00,2018-03-28 09:22:40,2018-04-09,0bb93bfe4ec7602cfd7b05ef916f05d3,2018-03-19
78a567dacc45a1f72d4ad754a6cf82b0,40d476acc6770da6c864721bd0360d0f,delivered,2017-10-06 15:06:25,2017-10-06 15:14:27,2017-10-09 14:42:00,2017-10-17 17:13:26,2017-11-07,a631af46eaa62cfea46412e795a6f44c,2017-10-06
bc8d5236efa331461a16b701994814ff,8641ae0b6a5ff6984fb796d677e96e82,delivered,2017-04-01 18:39:34,2017-04-01 18:50:27,2017-04-06 12:59:49,2017-04-19 15:47:51,2017-05-09,6f35643dc84afd55e840106b591fa8eb,2017-04-01
7857d15c4666556ebb610d938f32eb4f,8a8f4a93942a74ef55e00021748bf25c,delivered,2018-02-08 01:33:35,2018-02-08 11:35:26,2018-02-09 17:09:22,2018-02-19 16:58:55,2018-02-26,1c6003f7ae093e364f4217237e88cdaa,2018-02-08
b42c74ef741f507b421d3dfb4949178f,4312276d4e4b3007a437693e5a39887d,delivered,2018-08-26 22:48:32,2018-08-26 22:55:23,2018-08-27 13:37:00,2018-08-28 18:48:36,2018-08-30,79cf56dffbb0db446fd33876c53cd181,2018-08-26
82aad85e20d52a3ebdf5d42b6352a1fa,1874506111e24e1ebaf030afd2356862,delivered,2018-08-10 09:08:46,2018-08-13 09:45:14,2018-08-13 14:15:00,2018-08-15 20:42:42,2018-08-20,c6765c64b35656125ce4ff978d68e57e,2018-08-10
e592e00712df4f05bd73ad01993c0251,041c1b581b3d75b637507c4bc0e4905f,delivered,2018-04-29 16:27:58,2018-04-29 16:54:26,2018-04-30 14:24:00,2018-05-07 18:08:39,2018-05-18,186faf3198f9fb8a82531e639b54db8a,2018-04-29
0fe0d22222f747a218a2596963d8b364,c2d3185f5df5ad32ea5928c8c4f7ab27,delivered,2018-01-23 18:20:29,2018-01-23 18:38:45,2018-01-24 21:24:26,2018-01-29 19:03:25,2018-02-15,684fdd89d877968793cfb9c8f7ef7874,2018-01-23
235a7628971a90567378815bf35d2a67,73079efbc7fdf6ce0d8b8c4b1fb8698a,delivered,2018-02-12 14:39:15,2018-02-12 14:50:44,2018-02-14 18:48:59,2018-02-16 17:36:06,2018-03-13,aac060762fc0944f10caa1f2692eb770,2018-02-12
e8f9c3d144b4f81b7250b660737b1256,9945b9b12c55447613e1cb11e21eb4e6,delivered,2018-05-18 19:40:27,2018-05-18 19:55:33,2018-05-22 13:10:00,2018-05-23 13:42:11,2018-05-30,a0defeb4e8b47e1db2149cbe93d68609,2018-05-18
a5065fe7bc5f7610327f36842025dec0,1c40b22bfeb52e077c9e77111dda2083,delivered,2017-12-19 23:42:29,2017-12-20 00:51:25,2017-12-20 19:34:07,2017-12-28 21:58:47,2018-01-19,fba3a5580fc49484fd6a897a579d9e30,2017-12-19
3a2c2f3f6c91d518c900476c6f7ef027,87a881096307226b4dc03e9fa748cfbb,delivered,2018-01-06 20:29:02,2018-01-06 20:46:37,2018-02-03 15:38:26,2018-02-16 16:04:05,2018-03-19,a14a2046b4b6df4f2f09fb17470d3bd7,2018-01-06
81b78f9b7ef4f71326aaf32e50912a07,ac1ef6bff3cbd0587a419d15a6ad25bc,delivered,2017-09-12 12:25:01,2017-09-12 12:35:23,2017-09-12 20:03:35,2017-09-21 20:47:57,2017-10-04,cb38b38f200b4a04d61678e6b03cf270,2017-09-12
1df5ad6aeceb5bb17ae3e7a095592d23,1dda9292985a1cff6f564e142b6a430d,delivered,2018-07-31 20:19:04,2018-07-31 21:00:09,2018-08-01 11:43:00,2018-08-08 19:51:36,2018-08-17,cb1c3c27a1cb278c594f7dc5adba5b3b,2018-07-31
31da6b20b9e1d1376bd442a0d4ad0607,89a704082896dad4019e7621a83431f0,delivered,2017-09-10 18:54:00,2017-09-10 19:10:15,2017-09-11 16:56:55,2017-09-27 09:52:53,2017-10-02,020ac38b920d61317bc3e7e2d1e3602b,2017-09-10
c17afd24d0fb29f48d670eb52bc1036e,5e8a8f670905d99e5c29facff7f833f9,delivered,2018-03-06 20:57:24,2018-03-06 21:15:38,2018-03-08 20:37:34,2018-04-04 19:52:07,2018-03-27,6ec9dfa7182b605340b1ba29a8eced90,2018-03-06
42326771e9fef8586133e2e6102f87ca,30ec382d461aa51fc8557107836bc01d,delivered,2018-07-10 10:13:03,2018-07-11 03:45:50,2018-07-11 09:27:00,2018-07-27 00:54:58,2018-08-08,ba05f13a7d53577b2627668cc9ee854a,2018-07-10
6d81c04e1888cf43b0ec0f83b5efe746,07ec17f4488030f86f4790f7be847ac0,delivered,2018-03-27 17:51:13,2018-03-27 18:09:12,2018-03-28 20:52:13,2018-05-22 22:08:45,2018-04-16,eb5489a33e4263a2938cc956d91aa676,2018-03-27
30eb48d11917481e5af28f68d39002e9,68cd91afaeceabf5c63c34023c845dca,delivered,2018-07-31 12:42:46,2018-07-31 13:20:14,2018-08-03 12:39:00,2018-08-07 20:53:58,2018-08-15,7390caa18d452a437b57a8ba898ff8de,2018-07-31
af708ee16b7235a771351ce35ef441a7,eee939388ce26a89882d667d7f2a0ce4,delivered,2017-11-24 22:19:09,2017-11-25 01:32:48,2017-11-29 19:55:51,2017-12-07 18:58:52,2017-12-15,1e58bb2e8c2bf75bf837008ad1c1f433,2017-11-24
41e866f2cb3db6d51b8e5dc6ef961a0c,c7cf0368034f336d46606b95ef7f2ffe,delivered,2017-07-02 10:09:11,2017-07-02 10:25:07,2017-07-06 14:36:58,2017-07-11 19:59:25,2017-07-21,358197d2b6dcf6d7ca8f7553b225dc29,2017-07-02
891789fb3e59a4855409c304a13ab7ac,bf3097de3484d5f680a98f77410d7947,delivered,2018-04-11 19:19:43,2018-04-11 19:35:13,2018-04-12 20:36:27,2018-04-24 18:56:28,2018-05-07,569704dc2f444ef2e2d808edd32b52ea,2018-04-11
fc719b274382a0834f125796832ab9a5,b90bea4e34cc5dcd221deeaa6f645aac,delivered,2018-07-02 13:16:53,2018-07-02 13:50:31,2018-07-04 14:30:00,2018-07-09 21:06:47,2018-07-30,974932780b89f782ecfebf9b83840dbf,2018-07-02
03fe9fc6d464322a67f3a221777a82d3,7a096b2118d6b610b1a4efb484f76750,delivered,2017-04-25 20:09:27,2017-04-25 20:22:39,2017-04-26 12:16:58,2017-05-02 08:17:54,2017-05-12,a27633404af1d7136e86d973f05580e9,2017-04-25
12110189ef70d77e946c6a0bd7b945a8,bf869ccfff4c893dbcb79dc0ca96043e,delivered,2018-05-21 11:42:35,2018-05-21 15:31:58,2018-05-22 13:13:00,2018-06-20 22:58:47,2018-06-07,76925da5b74ed74856971b50ca18581e,2018-05-21
6b0eaae462243e328c81413a0b1968ed,d76e9fe365aae1bb4307f9676894d9c3,delivered,2018-02-19 10:53:23,2018-02-20 14:35:27,2018-02-21 20:37:04,2018-02-24 14:48:54,2018-03-05,1d624d56291563f26e3c3e11a48ec8d3,2018-02-19
6fd8d29c2aba16768615748086578d34,cc8051d0a68c5d5e3b6d10ac3d29f864,delivered,2018-01-03 22:26:49,2018-01-03 22:38:27,2018-01-09 21:25:58,2018-01-16 20:43:00,2018-02-06,73768eba15a0744371ca5521eb2e51f5,2018-01-03
41ecdff9b0271b1886aecfab66d5a75a,8d465d71610b10c8ed13a96a5d9a3812,delivered,2018-07-01 19:53:44,2018-07-01 20:10:03,2018-07-03 06:06:00,2018-07-04 22:32:39,2018-07-20,a80bfbd1e59358c3afb4b2980455f171,2018-07-01
65b083a73802b06ce985dcc501f63181,bea786469988f01a94221fbda07470f4,delivered,2018-02-10 18:09:15,2018-02-10 18:25:42,2018-02-14 19:58:29,2018-02-21 13:37:42,2018-03-16,7a197f277ebc82f12c9ff331f1862d1a,2018-02-10
ba8f5f6ccc272ef699a870b21ca9f9cf,8b506f4dc52ba6daee9c1ac2987caa26,delivered,2018-06-23 20:36:11,2018-06-26 04:59:20,2018-06-26 07:41:00,2018-06-29 13:47:40,2018-07-17,c0ac41530b63eaf8d45e82865bafc5df,2018-06-23
086ce45c7045b3c6a4b503bd3ec73413,8252655b48754d4856929c20348a6acf,delivered,2017-11-24 13:48:39,2017-11-28 12:32:04,2017-12-04 19:47:43,2017-12-19 15:53:24,2017-12-21,29e3eb2c193ceccf332bb40113bb513c,2017-11-24
3af06414a3acfc16eadcc64c0b6a8f7c,87a53518635b34bf0dbe32e6a7adfc95,delivered,2018-04-20 04:04:50,2018-04-24 18:59:13,2018-04-23 18:08:42,2018-04-30 22:17:32,2018-05-14,c4ed62bd43944a5c5cc7f9e62a9f76ba,2018-04-20
d09d5f730802cf15c3cd323641cfb880,3a0cd0ac0e59287c5818e5dc9058041d,delivered,2017-12-07 21:34:46,2017-12-07 21:50:36,2017-12-13 13:15:42,2017-12-22 21:58:53,2018-01-05,4517fa6058766127a1754db2ed204d8a,2017-12-07
39b13503bf74cb241771a5bdc7608426,d6385039bea77b65a318dba1b6c23534,delivered,2018-06-02 12:03:54,2018-06-02 12:15:10,2018-06-04 15:04:00,2018-06-07 14:31:45,2018-06-28,fa427d68d9fbdfd9e5cf1235c78a2d1a,2018-06-02
14e9f1caf8efa770b1a67ec0adf24737,fd46506877753a9376b97111978b4d55,delivered,2018-04-25 05:40:24,2018-04-27 03:35:18,2018-05-02 11:07:00,2018-05-24 20:30:38,2018-06-01,081f0a5220381001ad0c7575f54b62f1,2018-04-25
6651f029ead38cdcfbbe495f5cce1e4a,12638fa4003c4213b65e5ebdb9560a6d,delivered,2018-07-25 14:43:57,2018-07-27 02:10:35,2018-07-30 12:26:00,2018-08-02 16:26:31,2018-08-16,341cea8bb2dcd4d5d57719a1768aa5f7,2018-07-25
f736c451b8bfbfbbf8164a476b28bf98,e01ddbe8a8780adb92d8e4ca044fac5d,delivered,2017-03-07 09:01:27,2017-03-07 09:15:12,2017-03-09 11:08:59,2017-03-21 09:55:36,2017-03-24,79d72d40151577560c20f734e1de9e65,2017-03-07
aebc61a2aabcd8a45a4cc020315b062b,116e61267da6ef3a47bccb205a073257,delivered,2017-11-11 20:05:03,2017-11-14 03:35:36,2017-11-14 20:39:10,2017-11-23 17:24:00,2017-12-08,2178127f99d6c2f5dd2e038ad2df804d,2017-11-11
f600e48affe0d3aefb6e206a0ead6dd4,e3d8082f86e27f65df3458aad1284e2a,delivered,2017-07-12 17:09:43,2017-07-12 17:23:56,2017-07-13 19:06:05,2017-07-18 17:48:02,2017-08-01,469a0424dd56b52ffff01f53bd0852de,2017-07-12
29692492693482bc3acf19d97fac69f8,77d37793778e3c3f9269674153a5303c,delivered,2018-01-22 16:33:10,2018-01-22 17:00:15,2018-01-25 17:55:43,2018-02-03 01:44:30,2018-02-14,26eb4f8b82f2270e8deb1050c9ea5bc4,2018-01-22
a358ba5ce5b7dbcdcf204310f665a61d,b9cd4f6b66ba893869382d4c3aeaba1b,delivered,2017-07-14 22:26:46,2017-07-15 03:33:30,2017-07-17 17:27:52,2017-07-27 16:42:36,2017-08-07,eade83d4f554d928371cd61b7351a0cd,2017-07-14
6a0bb0ba8a97dd4ed115462820be7e1f,fd04313d2ad50c81b437c3955965cd11,delivered,2017-10-13 21:06:11,2017-10-13 21:14:19,2017-10-16 18:30:07,2017-10-26 21:23:59,2017-11-14,96d98eef584116e44af1b51776881241,2017-10-13
7180475b60fe6bbbde424d39704a1177,06f94f3ddb4cda1e24b2ccb1bb853a9d,delivered,2018-05-13 22:49:31,2018-05-13 23:11:47,2018-05-14 13:07:00,2018-05-17 16:26:47,2018-05-28,d184118f81a1b34717a9c76e174071b1,2018-05-13
94781b7e571ded2ff6f80434f6fe2a43,4442ce3a2d4bb4bc6c5752a8dfb37806,delivered,2017-09-25 13:55:03,2017-09-25 14:06:10,2017-09-27 18:58:38,2017-10-04 18:58:42,2017-10-20,cb6224938ef72376e7f5183777032fea,2017-09-25
db7b454406f5f1f11a4aeb0ee58f473b,d71bdcc4e1a87e56ca3b9be916aecdad,delivered,2017-10-18 16:53:02,2017-10-18 17:07:39,2017-10-23 19:50:05,2017-11-03 18:57:40,2017-11-14,21c3cb2e65b7575d9e079f7be7987d3c,2017-10-18
d4fde1071e39ee8e421d916f13291d2a,7908869eef5b1d617f3fbd80c10231b2,delivered,2017-10-27 09:21:21,2017-10-27 09:35:48,2017-10-27 21:05:53,2017-11-06 14:53:00,2017-11-16,02dce383d5fe3e8c47dcbe9036f01403,2017-10-27
3ef8344e342218131639ab03da0189cc,2e46c31c650127ff0d84863a87d45bfa,delivered,2017-08-18 11:09:05,2017-08-18 11:25:13,2017-08-21 15:23:31,2017-08-30 14:46:15,2017-09-12,7a5d21f9c65d3ba39561b2e66a6b5b08,2017-08-18
c4f8b593d018d585660bb519a77b7b67,c5e42d53353b4c848046100a39ed0ae4,delivered,2017-04-19 22:20:09,2017-04-19 22:30:19,2017-04-27 16:53:55,2017-05-17 15:48:51,2017-05-18,24fa0c2c6bb100ad4bc2b28c8e8f0ef5,2017-04-19
653a2ccc6028ee6e10f893c52c4201d0,784096dabc6f982b88517145eb86020b,delivered,2018-03-15 09:29:49,2018-03-15 09:49:32,2018-03-15 21:26:43,2018-04-12 14:46:43,2018-04-06,4c66cb705890ede735f3bb59fd5537a4,2018-03-15
2ebf4831c8124ddda843647bee14397d,b7c0b338847e5077622796a14a4632a1,delivered,2018-01-02 11:40:17,2018-01-03 04:19:28,2018-01-08 19:42:38,2018-01-17 22:16:48,2018-01-31,596adf55fb6df0d350728df93122e8b8,2018-01-02
33db6a64af296383d427caeecd193d87,9179a6ee349886a828e6a7fb9ca5c891,delivered,2017-07-31 12:27:19,2017-07-31 12:43:15,2017-08-03 20:28:34,2017-08-24 21:30:03,2017-09-01,60b488ad8d8847aa531af7d7f065e4ee,2017-07-31
6ed054767cc606ee0ba32d41471a9b1b,67963c9d23067c44d4095d9a185da880,delivered,2017-08-08 21:38:30,2017-08-08 21:50:20,2017-08-11 20:22:22,2017-08-24 20:18:50,2017-08-30,3ad691994b16f9929a65f1a0b083a12d,2017-08-08
8a56e815ea075300734800bf2c0b52cb,dc4ccb16a7eaa7202d6c84c8aa49615c,delivered,2017-04-06 13:56:03,2017-04-06 14:05:15,2017-04-11 08:05:30,2017-04-17 13:56:51,2017-05-04,bce591b049590a7724295e78c9dd7cc5,2017-04-06
0236711b7bfcba7479639be980c21128,f1078903d2e4453e0d1905618174a3dc,delivered,2017-06-14 16:19:07,2017-06-14 16:31:47,2017-06-23 08:57:42,2017-07-05 13:12:40,2017-07-17,945cd1869f42eca5d04a7242ef89d0cc,2017-06-14
cdf1adfa9a3cf815978e278a6f1cd705,5f7d5e6954344544f7d565f0520bcf72,delivered,2018-02-01 17:20:27,2018-02-01 17:35:25,2018-02-02 22:18:35,2018-02-09 21:58:49,2018-02-26,8614ac51282d77ed22393201f26ca405,2018-02-01
7ece8c3c916bb0366f54e22a77936af4,fc7cef7a658fab6726b33a3c8bb3894b,delivered,2018-01-19 20:48:28,2018-01-19 20:57:58,2018-01-22 22:53:23,2018-02-06 16:38:43,2018-02-19,9534b8903d3db942b82ed7bf45b95e54,2018-01-19
efc75f1677aeaa527dfe4cda208338c2,cdcb437137d86829b6caae6927b33fef,delivered,2018-01-19 12:10:52,2018-01-20 09:08:45,2018-01-23 19:24:34,2018-02-10 18:23:02,2018-02-15,aae99d85ae927cba5512287e433725b8,2018-01-19
1cbde8a2b58c785c3d828e18adb3ea6b,e0e3c77280b2d72dce34069558b114ef,delivered,2018-04-18 14:36:21,2018-04-19 08:15:23,2018-04-19 23:11:34,2018-05-02 22:16:47,2018-05-16,5cb0c11eed14eb9582985d0ccf904c34,2018-04-18
4ab1a1bf9908b4d876f0706c742fb14d,a8358238f44b4fc7e18c7fd54404eaae,delivered,2018-06-21 09:09:56,2018-06-21 09:42:57,2018-06-21 13:42:00,2018-06-22 16:18:43,2018-07-04,296d02687c099ff37e72de1b69c91696,2018-06-21
391e4611402ae83da47d1402febe6cc5,bf6c847cd8cd1d73697a2355398d221f,delivered,2018-07-21 10:40:00,2018-07-21 10:50:15,2018-07-24 12:59:00,2018-08-02 18:56:56,2018-08-21,7389e27fd389a8e4101180b9137ceada,2018-07-21
5b139baf2eee4dee89f9d990dcc4636c,9212bd8a8b1c001d716214c44892b1f9,delivered,2018-02-26 17:58:04,2018-02-26 18:10:27,2018-02-28 23:37:03,2018-03-14 20:41:57,2018-03-26,0fe65f1865925542754cce1d1cc65005,2018-02-26
61fa17b757ab7e6e7900e8ea76786e0d,035da1211e1f631ab58ceb5e614d3bd6,delivered,2017-10-20 08:23:45,2017-10-21 15:49:10,2017-10-25 11:53:09,2017-11-07 17:32:21,2017-11-10,737d1b3cd48d4ac3574eab1120cd7191,2017-10-20
a24b70bd7c0e606f160120c5114a303d,04525298a3c6f9744df148b9f91dc0b2,delivered,2017-10-27 11:52:25,2017-10-27 12:08:40,2017-10-31 18:17:48,2017-11-14 21:19:43,2017-11-16,bfa8caf14f01460160bb34618f5e9929,2017-10-27
b31abb023394a29b43fecccb03f6f2b1,def42c40dbf9c7cf6ccb2ab9f133ab3e,delivered,2017-07-19 10:51:23,2017-07-19 11:05:19,2017-07-26 06:07:01,2017-07-31 18:57:45,2017-08-14,ac14b5ee083a4f8df49c72ed5b7cf8d3,2017-07-19
c4c55b747930acd84e6c499e461852df,fa3e77981c620b52d92ee2d390543f63,delivered,2017-11-29 10:29:45,2017-11-29 10:37:29,2017-12-05 20:17:51,2017-12-08 14:23:11,2017-12-13,b16c44fdc9014677c065e481ddf38d68,2017-11-29
8428cdf79e64b95486e06ad5d0573e22,3303404d891a25079e25394503ae31f6,delivered,2018-03-13 00:29:25,2018-03-13 01:20:22,2018-03-14 20:20:44,2018-04-12 18:19:10,2018-04-13,0e6c45c0729feb00ca065fc4c2025877,2018-03-13
ebfb1b4991e29d9c1ed373ee9aac10ac,d359f83ac017550fefc8ef86e4a03911,delivered,2017-11-28 14:01:46,2017-11-28 14:20:07,2017-12-04 16:59:46,2017-12-13 15:21:50,2017-12-21,23780c7f5a15fcb349868006a13d7d8a,2017-11-28
30002c6a65f9337d0115eeb979d0cdf0,ac984030bf8b2af28bd4ae469a16824c,delivered,2018-03-03 15:46:07,2018-03-03 16:08:42,2018-03-05 18:06:36,2018-04-09 20:42:46,2018-03-23,c429edac96b2ea3e54ed9ed0f9944844,2018-03-03
565a7bc14e1f825b163c6a51d74f4206,7a94daa481a6da66609f5d721c4cecee,delivered,2018-08-07 13:44:12,2018-08-07 14:04:50,2018-08-09 11:56:00,2018-08-30 16:49:02,2018-08-28,84e608f9dafd94d0749f99368bec4ff5,2018-08-07
ad71363d48c02a2e93bc7f75ff187708,f038ed08b8c69afe5c0ca28ef6c5325f,delivered,2018-06-08 14:32:25,2018-06-08 16:30:41,2018-06-11 12:26:00,2018-06-14 15:42:14,2018-07-12,bc2d26c5bdcca78c1de0688229443591,2018-06-08
d4bf023e837c3f54ebf5a9abe045fb93,e1c76478a5565c5330dcba4917e1f0f8,delivered,2018-02-21 23:19:39,2018-02-21 23:30:27,2018-02-26 16:09:52,2018-02-27 16:09:39,2018-03-07,4ce4845fe589257202b42b4efe74516c,2018-02-21
2ab7caa24a5d02dee343802f4031a20a,b265cea94172b4cde4359b69d089b2cd,delivered,2018-02-14 09:52:07,2018-02-14 10:27:12,2018-02-21 15:21:47,2018-03-12 22:36:33,2018-03-12,3412ff23ac029c9e02375d54a2ae744b,2018-02-14
db28a85f64c84ecf4ef58cddcaa1cf50,c52ff4aa2f3f57f45ea7ce0126fd5de2,delivered,2018-02-21 16:48:43,2018-02-21 17:05:41,2018-02-22 23:42:10,2018-03-03 17:11:51,2018-03-13,c7be32b419def77f9a7cb96ca8b25626,2018-02-21
69a8b09c27431364c37629468a6e156a,516d80acf7e949f9cbd5839faf326a19,delivered,2017-04-03 07:35:40,2017-04-04 06:02:37,2017-04-05 08:26:55,2017-04-10 14:05:23,2017-04-26,2dbcd4c0ba2dd95f30e19cc91bd07a02,2017-04-03
3126f9033bb01e9ee608943fe2f1202a,acf6a22037e1d79fb496b269a5490e8e,delivered,2017-12-14 21:35:29,2017-12-14 21:50:26,2017-12-16 03:53:07,2018-01-05 18:22:47,2018-01-12,bfda5195f9ed986ba717ba3660c0c104,2017-12-14
d22d63ea1239b6d93684618e90fd59ed,166051780ab1289739371d60ae85e30a,delivered,2018-05-19 15:05:10,2018-05-19 16:59:35,2018-06-07 07:48:00,2018-06-18 21:29:33,2018-06-20,428fef3eccde6a7bfb38bb4b21275a07,2018-05-19
1697ab1c88a58d47fe0154b461397e19,f58300dfb9b940e4fe6950df8188c5bb,delivered,2017-06-17 17:04:27,2017-06-17 17:15:19,2017-06-19 20:12:27,2017-07-03 10:52:09,2017-07-18,fed2005ccab4fcf1a40ebdaff032a148,2017-06-17
5b3a926fc80185c14ef56c6fa3a45b82,7e78ca348b74ae556080874a6da47db4,delivered,2017-06-18 23:13:27,2017-06-18 23:23:24,2017-06-19 12:14:44,2017-06-30 06:46:21,2017-07-11,9fda05176a03e3b019ea5c8e75db3fac,2017-06-18
daae1dccdda7030344927bf7d8bbadb0,4d3f9f3302f3c5c144ef518246e4a66f,delivered,2018-05-01 13:14:52,2018-05-01 13:36:07,2018-05-07 07:02:00,2018-05-15 19:40:38,2018-05-29,45c37f5adc0b0582319bca6c61b510d0,2018-05-01
6d82fb84caeb4867e10314d00ee91ca1,60557beabb29add89b6ad201ff7ab80d,delivered,2018-03-29 13:26:25,2018-04-03 05:10:34,2018-04-04 18:24:51,2018-04-25 19:08:45,2018-04-19,3f94c1f7e2d1dfcf8a46d01efe28abc3,2018-03-29
5b564ae719f89063362d24f1729d7ca2,7ee5f19c7369b67e6b814185b1051b53,delivered,2017-05-11 18:05:18,2017-05-13 12:14:52,2017-05-16 11:36:20,2017-05-17 09:12:45,2017-06-02,11f78a71d4f05dd8597a8b987250a16e,2017-05-11
61074c7948c09364b80e2f7da862780c,c2f9f6a9032b5cb6d7e40982862bab94,delivered,2017-08-15 13:59:11,2017-08-15 14:45:13,2017-08-16 18:42:45,2017-08-18 20:08:54,2017-08-28,a9e7ed2a0a969f4a243543a939615dae,2017-08-15
aa9f47b4e7c06b6c495bf26fff85bb17,8939f73aea3e791fb6bdc8ee40f6d018,delivered,2017-03-03 08:32:31,2017-03-03 08:45:13,2017-03-03 13:51:24,2017-03-07 18:14:00,2017-03-30,91b4cc37bd28118ddabe8e7692c78f2e,2017-03-03
2464ea8c6303275c249579a480ad4f49,e6be74a356390d0ab7af33d0575552f5,delivered,2017-09-28 10:20:29,2017-09-29 02:54:16,2017-09-29 17:13:16,2017-10-04 16:27:47,2017-10-20,cf6aec4d12f0de8f0bae5f8fc79f02a5,2017-09-28
b678d73ce87da173fe475b456dca4a7d,a654da2c4a65f1e949b1491351b23dbd,delivered,2017-10-06 20:39:36,2017-10-10 03:26:43,2017-10-16 19:53:53,2017-10-17 20:10:20,2017-10-24,5db10d87ceb46feb02b1ccbd62e3e0c4,2017-10-06
f739051916865c38153386babb752757,106de12a9899355912e3b18a9cad1897,delivered,2018-01-18 13:19:27,2018-01-18 13:34:44,2018-01-23 22:44:45,2018-01-25 17:12:30,2018-02-02,dd5cccc2d483652dec45e99a4caeee3e,2018-01-18
242aead243e355a1e225ef42906d383f,cebd3d10717a74833fec09cd0d0b53e3,delivered,2017-04-18 23:57:42,2017-04-19 01:31:54,2017-04-20 10:20:42,2017-05-03 12:36:35,2017-05-15,60efe12af06e185cda1f0971b5b3cf98,2017-04-18
af03699b22d265d410e2b7167756157f,0971891520d63f966aafcd261c3384b3,delivered,2017-07-31 17:56:46,2017-07-31 18:10:08,2017-08-02 15:42:09,2017-08-03 18:28:02,2017-08-11,34d3304cccd0c8ba2f3266155dc49610,2017-07-31
bd6ecd69ddc8e3e5d85b46ec59f7b4d6,d3218b1ee2cf90a014d666ecd143cd34,delivered,2017-06-22 16:37:45,2017-06-22 16:50:16,2017-06-23 11:35:35,2017-07-03 15:06:32,2017-07-27,2ef06ae21588f732f16ff44dc2e306a5,2017-06-22
92c10d3fad01ec9df6ccf1fc0461ac60,b9a308c259d1ef624e6839499bad0762,delivered,2017-06-26 15:15:57,2017-06-26 15:25:23,2017-06-30 16:47:56,2017-07-11 16:17:56,2017-07-18,512f7d27d882828b5afaf80848eb5b19,2017-06-26
f50f1c49197676d5ae6f4657605cb8e4,b94326336af1647b28522b0eff4a7e0f,delivered,2017-02-14 16:20:34,2017-02-15 02:50:21,2017-02-16 15:07:39,2017-02-24 12:27:38,2017-03-22,1c3b86a840506a94b99d97bc08695a64,2017-02-14
34fe5a39b9e65ac47aac2872c3538c41,c6d3d8578f934785cb4abae7ba2d5c0d,delivered,2017-10-28 16:20:16,2017-10-28 16:35:45,2017-11-07 22:52:58,2017-11-08 19:15:42,2017-11-14,76d1df67cfa34a2c4606537d54aea0f8,2017-10-28
a642cf2d3b520954533d3fba8ffc6f72,9bab8efbfa8eb13c2cb87f6b6d6ed863,delivered,2018-04-09 11:00:51,2018-04-09 11:15:08,2018-04-11 15:22:43,2018-04-12 16:22:56,2018-04-25,42761fdcb4644b1324b1337e1c44d6be,2018-04-09
e6c9b642d368d7b255dab2dd301c5f45,8afad267c9c2be0a2489b9e51218c537,delivered,2018-07-24 14:15:55,2018-07-25 02:45:14,2018-07-27 18:03:00,2018-08-06 17:38:44,2018-08-15,169aeb0632cc9dc633a993e0d19c95e4,2018-07-24
be72521069e30d3926da91a5b86aede1,cf143d2640cfdce2f9573ed4631b2cc1,delivered,2017-12-26 19:14:47,2017-12-27 19:06:58,2018-01-02 19:46:59,2018-01-08 20:41:16,2018-01-19,750d9679cef84e8969e9270f4e06c064,2017-12-26
293fad682fb6eb1ae2fa0cceafbce8ad,26da1a2e30cb6af28551a0eb8909a39e,delivered,2018-01-05 16:51:30,2018-01-05 16:59:24,2018-01-08 22:42:56,2018-01-09 17:33:15,2018-01-23,497e8562fa4beece812b61a427666392,2018-01-05
c2cc8d0823730be302a4ebe1d96339fe,bb8061a40ad1af7fa13caba06d476bfe,delivered,2018-08-21 10:47:37,2018-08-21 11:10:22,2018-08-21 14:34:00,2018-08-22 17:04:07,2018-08-24,0057f64bff87f4698b4cbd338d62a2a8,2018-08-21
fd732412d4727a9a7e0d6231b2ca11ed,1a84d26e0b91518f76c51b59bb3e9408,delivered,2017-08-19 19:25:41,2017-08-19 19:44:26,2017-08-21 16:26:59,2017-08-31 20:18:12,2017-09-21,118be57d1b7de439453a0c6625ad7934,2017-08-19
278684c636289c6fba43aff030c66603,4c1bf3730daf535ab4830ba6faa879ab,delivered,2018-01-13 16:14:07,2018-01-13 16:29:08,2018-01-15 14:41:53,2018-01-29 20:22:05,2018-02-09,b5d36a9def96e350624a5298a549e536,2018-01-13
0910cddfc72928e063254f00c73e8d5a,5c8b4250821201b2d2c27879f85e6966,delivered,2017-06-27 11:38:25,2017-06-27 12:25:27,2017-07-10 19:46:37,2017-07-17 16:40:02,2017-07-19,e684c79135db07e8d8390a5b053a13a5,2017-06-27
4ef814b619124dbb1a4d972c5c8c5446,9d4f80182bcd5568a9a1df457fdde24b,invoiced,2017-04-11 15:53:25,2017-04-13 02:42:26,,,2017-05-03,3896294a5c51cceb8f670754ee49a172,2017-04-11
23229014c0c3d71b5a013fc36f1de367,dabc9bb54f1babd380fe2b76f0e7e471,delivered,2017-03-22 18:49:39,2017-03-22 18:49:39,2017-03-27 13:46:17,2017-04-18 08:26:39,2017-04-24,bac3fb91cd1771169cebd7fdc8bf515d,2017-03-22
416536d8c07c9cfd3cb14e229ec424a5,a2597633321517c172f7c85e1402a394,delivered,2018-03-10 09:08:34,2018-03-10 09:47:48,2018-03-12 21:28:55,2018-06-01 20:56:18,2018-04-03,ebe01bed9baab553bc8e61f2940c0b41,2018-03-10
db6c4c19928d9acc355a54ee897bfdbb,932855634dedea1d4afc7a247afea5d7,delivered,2017-10-30 14:08:55,2017-10-30 14:15:18,2017-11-03 22:14:09,2017-11-09 23:08:56,2017-11-27,82f62c72ea40104e50dc613f6fc5a784,2017-10-30
24731473d1e50127ea300c02766ec195,f30767c0958813de813e2ade20a6b3b7,delivered,2018-04-02 21:59:52,2018-04-02 22:35:45,2018-04-04 02:14:51,2018-04-13 22:04:16,2018-04-23,998f70278feb3e44ca975f4a1e253daa,2018-04-02
95b74d8655449a874d68ca9492795e6f,e13ac4b330bafd08d479a5451eea6532,delivered,2018-03-17 19:51:33,2018-03-20 03:15:34,2018-03-21 18:41:35,2018-03-24 14:54:27,2018-04-13,24700644c71bdf7e9731c707bdb955e0,2018-03-17
7d5ab17890987effd9d8a3224a8935fa,2c56d94e7be54e82576ac32056350310,delivered,2017-07-24 12:48:05,2017-07-24 13:02:54,2017-07-24 19:12:11,2017-07-28 21:12:33,2017-08-15,324cc93ccb77d4b004d3ee79fc8e737c,2017-07-24
f5931f16ce0aba5c5f948d17919d04cc,fb1583c423fa1bb0c93f03d1dd0b9622,delivered,2017-09-19 15:53:07,2017-09-19 16:05:59,2017-09-23 14:43:33,2017-09-29 11:19:16,2017-10-16,3fcc995279b3ef5e452cbc40e06aef5b,2017-09-19
4e1fd7b05f1438f47e31d7a9c453efd1,4b2b1e6ab34a1aa7559e17519755a814,delivered,2018-05-06 15:56:00,2018-05-06 16:14:04,2018-05-09 11:02:00,2018-05-10 20:03:35,2018-05-18,5afadbee8563eb0e36459a0835c70016,2018-05-06
31c4a715904421d812d0301cbebaed46,648769ea86279f0b00d37c5c254c8a27,delivered,2018-07-26 17:36:06,2018-07-26 17:50:25,2018-07-27 10:43:00,2018-07-30 18:51:18,2018-08-09,2a8df8993f6706724f305e6f9b699105,2018-07-26
1688c2ea4929b519cfc4653742e736ec,4cbce741dce59bb0b8e5ec5cf3c4b054,delivered,2018-06-26 11:12:16,2018-06-27 07:55:45,2018-06-27 10:55:00,2018-07-05 21:05:29,2018-08-03,4c8705fb0f6f0af53150419a24a002de,2018-06-26
0e660617f70b9a3f6bfd3919b49450ab,3bb3946913ea760c53bc4298f9ecf5bd,delivered,2017-01-18 11:14:16,2017-01-18 11:30:09,2017-01-20 11:05:50,2017-01-26 14:44:45,2017-02-21,08c64a66736d94ea0a55c397c9da85fc,2017-01-18
9ed6ff68c038e8845f2f84d08fba359b,63b14ee5567bc4c0a388fc9c91eae40f,delivered,2018-08-15 09:44:30,2018-08-15 09:55:14,2018-08-15 15:22:00,2018-08-16 20:32:00,2018-08-22,a6807ad71a266dc3a9c2b507fa9de45a,2018-08-15
6af34422605e4c1a3e73fe06c5deef22,8da10b2d8e58d411dfd9b4958a251e7d,delivered,2017-09-01 06:49:42,2017-09-01 07:04:37,2017-09-01 20:04:22,2017-09-12 19:49:38,2017-09-28,7993617f039446d209d529ac9cc03f1c,2017-09-01
fec1d373884203520e92cfade36fdd16,b370242b6f87cc495b150f8f384a897d,delivered,2018-01-23 00:49:18,2018-01-23 21:32:34,2018-01-24 20:41:54,2018-02-07 20:24:22,2018-03-01,ec898e38f1ef4afd3043f8b09b14a16e,2018-01-23
5600c1fabd9c27cf4dc4a3aaf57a8e29,0e574048f4fa55bd9b4a068aec2060e2,delivered,2018-03-24 17:20:18,2018-03-24 17:30:57,2018-03-26 23:58:45,2018-03-29 20:48:44,2018-04-06,7a3b43ea0ff9927eb431ce4cbf08bc01,2018-03-24
7efad59e360743b4d3d246741db76a37,b6048e6d3f4fdae4ae62eeb17e2950a1,delivered,2018-04-09 09:25:19,2018-04-09 09:35:26,2018-04-10 09:55:13,2018-04-13 20:28:33,2018-05-02,1195c0fbd43b8e02385c5653b91d0d5c,2018-04-09
eb5427f4ff8a102106b236e05e751851,0a62c127d067624dbf0b5976d07a1d1c,delivered,2018-06-25 15:59:06,2018-06-25 16:15:47,2018-07-05 14:02:00,2018-07-10 11:12:16,2018-07-30,eb2f4f39f3e9662d64281cf9ecf86bb1,2018-06-25
a4887ea2ccd5e37945934525a9939e9c,a2ddbf4db9d0f1bb35918b4d567f1705,delivered,2018-03-31 14:12:29,2018-03-31 14:55:19,2018-04-05 17:22:26,2018-04-06 23:56:32,2018-04-12,d5c9515a662f5a58070f1861f9a38e85,2018-03-31
124a5e6f7c72aba661c2457900abcc54,c83c5cbf020ccd734be5c53f6ae8bc6f,delivered,2017-06-15 22:06:43,2017-06-15 22:22:39,2017-06-16 17:03:41,2017-06-29 12:59:57,2017-07-10,edac4b33f4fe71b9bd1fe62edc829d86,2017-06-15
1a7ea14458cd657d2d1355cc8cb2f547,eae91bb4fd71dee28c1a58ca9d90190c,delivered,2018-03-25 19:03:01,2018-03-25 19:15:51,2018-03-27 05:40:54,2018-03-27 14:34:45,2018-04-06,23ad53b2045c91bfef21fe3e5a0fe922,2018-03-25
b8098f09f8705fca53b00b8c45163d6e,36a90120ace08b1a43f21ce23f44c5b9,delivered,2018-01-27 11:34:48,2018-01-27 11:56:30,2018-01-29 18:38:56,2018-01-30 16:22:30,2018-02-14,df57b7687506cc0e4b28e97ef158655c,2018-01-27
b5b8e45cbf0148e05447b4ad22edb479,e5c9c7e98713540d56b5af6a906e715a,delivered,2018-04-26 18:20:56,2018-04-26 18:32:10,2018-04-27 11:11:00,2018-05-03 19:06:59,2018-05-22,eaa9636f7d06003e1737b0d8263105a7,2018-04-26
cec49c59f35df62326835eea9dbd1457,69b0628ae342374f7b9388c5d1dd9cfd,delivered,2017-10-15 19:09:41,2017-10-16 20:28:25,2017-10-18 21:23:48,2017-10-20 21:33:27,2017-10-26,846ea4d5bf1afb9d3670eab5f74fe88a,2017-10-15
7b25b2356eef14019a831a9c9636c146,4e37f00d687d9dbb17009dea9767b1e6,delivered,2017-08-12 23:12:48,2017-08-12 23:25:47,2017-08-15 19:26:45,2017-08-21 19:57:21,2017-09-12,2c764c0bf39fab6c7681ae5f92b99ccf,2017-08-12
5ebc45d58a177164134dc9fd38f05d93,cb1984ff605f79f1ca8448d3f9e79a0f,delivered,2017-10-12 10:48:49,2017-10-12 11:06:18,2017-10-13 20:59:48,2017-10-23 18:54:59,2017-11-06,5d261cac018646317bb462bf95f244eb,2017-10-12
7737b48ac906ed0be3c192bb1fc4c4ef,710f79302fb4b836681bfd921167167b,invoiced,2018-08-07 09:48:08,2018-08-08 08:50:20,,,2018-08-14,42065396a8ea4eb85ed40b88ec739043,2018-08-07
2ae27be1dc98f5a04985f016c58c71e5,3272486665306aaac6670c697d0a4182,delivered,2017-08-20 12:41:38,2017-08-20 12:55:29,2017-08-21 19:06:28,2017-08-22 23:48:00,2017-09-01,a45fcf743470b902c090a6f2200ff645,2017-08-20
48679e7a18e6aa746943453400b7e74c,eb58af3f31ba5d587163397ba551e188,delivered,2018-02-26 14:22:19,2018-02-26 14:35:44,2018-02-28 02:12:04,2018-03-08 15:48:44,2018-03-22,2c2a7f8dcb6ac88781e7b39b27a7b366,2018-02-26
6a18a1eddac5656cac7e8bc4f06562c2,2546952cfbd39e4f95b50be232d12d8c,delivered,2018-01-19 22:24:39,2018-01-19 22:36:25,2018-01-22 15:47:07,2018-01-26 19:15:48,2018-02-09,4d06bf15a53faa781734d9259182dfbb,2018-01-19
7f9b0e95f333a0afb5cce5b78afa17c5,13f6a00a74008c004462cf5c90e11f03,delivered,2018-05-02 09:47:51,2018-05-02 10:13:36,2018-05-04 15:19:00,2018-05-10 19:11:40,2018-05-22,d7574918c0807e7a06b00a5b98cbc717,2018-05-02
e0844ad513f3a460e5438e8b79da7eda,08ff6024ff72930a211cbbfc6f8c51a9,delivered,2018-05-17 14:32:29,2018-05-18 00:55:10,2018-05-18 13:44:00,2018-06-01 20:28:38,2018-06-06,1ab4052fd2e14cca9c4c7b136510f569,2018-05-17
fee19a0dc7358b6962a611cecf6a37b4,59277a388c4e90924e806641a2579c2c,delivered,2017-08-29 21:51:54,2017-08-29 22:06:31,2017-08-31 14:34:27,2017-09-12 23:03:00,2017-09-13,b9318979597876a2ba87fafda8527b66,2017-08-29
c421fd33bf5d9c343f13b2d31e19bf5c,79101712eda4b5d48da47568e1720514,delivered,2018-05-26 15:04:57,2018-05-26 15:15:21,2018-05-29 13:44:00,2018-06-15 00:14:39,2018-07-03,832bdea7bbc35684f7d8cb45876e2df4,2018-05-26
27b7289530871ba2c68509ec562b1544,101306fbb5ef564098ffe05962761727,unavailable,2017-01-31 14:54:29,2017-02-01 02:41:19,,,2017-03-09,38e49d4eb010c940c54ceabf73aad278,2017-01-31
feb21ca266014309faca2e2621a1c1e7,3389dc87ac49f2f060848f60e38cd96a,delivered,2018-03-21 20:34:03,2018-03-21 20:47:55,2018-03-23 20:40:51,2018-03-29 19:08:39,2018-04-09,a23be1160dc558e9c86a79491b808156,2018-03-21
5e5bd74a101cada2c740d753d8257c53,071e26d86c3c8f9da5a87c20a0938fe2,shipped,2017-11-28 20:48:08,2017-11-28 20:57:17,2017-12-02 00:13:27,,2017-12-20,307c0f4aa86e71bf03f696c1f056732b,2017-11-28
199303a694a579a221dd258585150f89,df2939f9c79221e4653ea43744090d21,delivered,2018-07-04 13:17:52,2018-07-05 16:31:05,2018-07-06 09:42:00,2018-07-12 17:26:32,2018-07-20,1a2aee05f48e80d4107ff223a9e4657a,2018-07-04
f3d16f376226096b304be07d6307f731,0cf2bd9833f4939265bd7fdb91a3f520,delivered,2017-11-01 16:20:42,2017-11-01 16:35:09,2017-11-03 22:43:48,2017-11-13 22:27:17,2017-11-28,c99a310aa2d94c58c25c532640dc1721,2017-11-01
cb00e60b24db3d36c4ae3c14bb6abec9,ea11cf81bcd2c846643c2c426546267d,delivered,2018-05-08 10:41:43,2018-05-09 04:15:13,2018-05-09 14:07:00,2018-05-16 15:32:18,2018-06-04,22796e606232b96f34845755b76c252c,2018-05-08
230412dba3ab35d1a5c8fd1382bc7b49,1030b28d807d5003f132f34e5bf014d8,delivered,2017-12-29 04:22:28,2018-01-03 04:29:27,2018-01-10 00:23:27,2018-01-23 22:14:31,2018-01-29,30b13da62761605132178625ac472bfc,2017-12-29
b7d6c506d31d5537a7abea4378a1a7fb,fa12c84b688d5da6d8fc22fdb9e09899,delivered,2018-04-22 14:01:37,2018-04-24 19:24:18,2018-04-23 19:36:27,2018-04-27 21:21:25,2018-05-11,63d41607a2c27a18b7e689e27340e63b,2018-04-22
d7f6ace2a350940d10999a89ceb44d72,afa6d3e244287962e2d75435734c5e49,delivered,2018-01-08 12:02:19,2018-01-08 12:14:33,2018-01-11 13:19:38,2018-01-22 21:54:57,2018-02-02,8d8abfd0d01a9c667c0820bb8c9185a8,2018-01-08
4ed418ef4e45eb8f9b22aee4366e9541,6e76e9daea3deba36f2b41d8eefe934a,delivered,2018-08-10 18:04:14,2018-08-10 18:30:20,2018-08-13 15:19:00,2018-08-20 20:33:12,2018-08-23,3ae8c60f0accef7157c38fccbaa4679a,2018-08-10
a16fc9188775803f3b6fcaf961d974c0,e428adb21a132322cba405093173fbb6,delivered,2017-12-09 17:14:00,2017-12-09 17:30:36,2017-12-11 17:17:11,2017-12-20 17:46:01,2018-01-08,ce8d54c038be090b45d38395bb014c6e,2017-12-09
b269f9c95ab6ee9fbc0a887627851d9d,342875627cdca35b162f8951bd6a9221,delivered,2018-02-08 13:16:55,2018-02-08 13:30:36,2018-02-09 12:58:55,2018-02-20 23:45:19,2018-03-15,66f046c0fd8f1a8ac91c71ec94a54b0f,2018-02-08
a4328dcc082fa5d74c646f511b4ef7b8,752ba8eb303c863c17ab334199e73c42,delivered,2017-10-10 20:04:10,2017-10-10 20:14:27,2017-10-11 19:40:01,2017-10-24 20:32:39,2017-11-01,4c84f1454d40c499ff60c335f36c670a,2017-10-10
73f4e07e698c5c4442249571348109f1,7394541e49547050228b90feca2207d2,delivered,2018-01-30 09:23:13,2018-01-31 13:32:07,2018-02-03 01:28:46,2018-02-16 22:53:12,2018-02-26,395f20236f5f43429dcd0ce224b9de7f,2018-01-30
661e77bbf3e487db278f9fdef584550b,fd06ce41eadcf13f9037d2ae8ef8b744,delivered,2017-09-19 14:41:39,2017-09-19 14:55:21,2017-09-29 13:16:59,2017-10-17 21:37:13,2017-10-16,b679873b72df26318869974877c766d5,2017-09-19
8f1b8cf203b9b49a05634fa0ebb61c22,b9c51efec6eeabef40ca9570761d2d18,delivered,2017-08-24 01:45:43,2017-08-25 03:05:37,2017-08-25 18:39:52,2017-09-02 15:32:00,2017-09-26,27e181e45fca27217ab5be6a014c6add,2017-08-24
a2386b09b362176b550c64e738a7dfa8,18c93a1e88912296fde9938d8ed3d131,delivered,2018-08-04 08:57:37,2018-08-04 09:10:12,2018-08-09 14:31:00,2018-08-16 19:42:21,2018-08-28,65e2b0343dacf900533f16ca53359602,2018-08-04
69fcace72b3a059246d1c34b5ebdb325,be2441cfdc22969e0dcf1a01ae2ed7ef,delivered,2017-10-10 17:30:46,2017-10-10 17:49:27,2017-10-16 11:38:10,2017-10-17 17:44:47,2017-10-23,4f68968b236101bf5e5abb1c92ece63e,2017-10-10
f98a06b99cbcc7caef174bc5efa78a31,4a6c652e42562190c75405da10f1fdf2,delivered,2017-09-10 20:13:24,2017-09-10 20:25:27,2017-09-12 23:32:19,2017-09-27 22:42:32,2017-10-05,2981d1943e024c9f88dbd736653225bb,2017-09-10
57e19d283d4caf90389cbfe35f490f06,c66a1b1c184987dfac1d8aab50e1bbc6,delivered,2018-06-15 16:02:36,2018-06-18 10:33:32,2018-06-18 14:50:00,2018-06-22 17:46:43,2018-07-12,1791121a9fdcdd83f5faa7d18e0f6fa3,2018-06-15
e22f8395265cb423def2d5c028f0f34b,45360c874acf24110baf02fb5d2314d4,canceled,2017-12-01 01:42:22,,,,2017-12-28,b703d83e085a6a8b339dc548f4878ca8,2017-12-01
230a015f541602e3e910d230e610f110,09e4734a1345b89246cd9f4bd63b549f,delivered,2017-06-12 16:38:33,2017-06-12 16:55:18,2017-06-13 16:37:23,2017-06-16 16:13:40,2017-06-26,12f73aed4941f539940f485d0708b36a,2017-06-12
7b8ef69133bb95128e53e14329bdb03a,a347b5c92e4dfc932d041067f2f48fce,delivered,2017-12-19 20:48:05,2017-12-19 21:53:12,2018-01-05 16:49:01,2018-01-10 18:04:25,2018-01-26,3ffa6b58e047a85a07f78160132b918d,2017-12-19
5180f5ceec20f3f7d4c082c81a07926f,1de2313ebfe66d1b2d556ba8e29266e1,delivered,2017-12-07 09:31:40,2017-12-08 02:54:02,2017-12-28 18:13:02,2018-01-03 21:47:37,2018-01-16,24ec1a29ab4911b4b1bc819a74fc08af,2017-12-07
42061993a7f760c55ad0f98cb2b7bfea,c5944790d706b37542a28213a9761022,delivered,2018-05-07 18:32:11,2018-05-07 18:50:09,2018-05-10 15:47:00,2018-05-11 20:22:45,2018-05-21,17c08596e9fae2be2d7ecc31b80ae758,2018-05-07
3befd8331efa9255d2e09585a7042fc3,ba782bf15a4782b63af55d710f1864e6,delivered,2017-05-04 13:49:23,2017-05-06 02:22:50,2017-05-10 10:04:30,2017-05-24 14:27:59,2017-06-13,5384448dd5699a577f1f4495795927f3,2017-05-04
09a069fe7d45eae2e1c4910e90e365ac,04d0c8c75a0bdcabcc47ce1dd0db89f6,delivered,2017-06-05 07:17:58,2017-06-05 07:30:06,2017-06-05 13:05:48,2017-06-08 13:47:35,2017-06-19,fbdd85f919749a8e7a1290c6452024e3,2017-06-05
d1461b47bb0e00b0b697e55de4ab15b4,a783c0d254e5cc3dd42b15cb1d9867e4,delivered,2017-09-26 17:22:08,2017-09-28 02:56:11,2017-09-29 16:19:38,2017-10-03 20:47:45,2017-11-07,14aaae90099f02da8fb08b09c19a9756,2017-09-26
3103926e92e716e11f3f4920b70428d8,593a817730f547335a1288508b49b35b,delivered,2018-04-23 12:57:34,2018-04-24 19:05:43,2018-04-24 19:29:27,2018-04-27 20:44:02,2018-05-17,b0ee012d73e45b623c092e8d3e2c3da8,2018-04-23
0a154ed7ce417e33453d705b167a3d8c,cfb455fa4b4d00203442d49931524e8f,delivered,2018-05-19 11:15:21,2018-05-19 11:40:24,2018-05-22 13:17:00,2018-05-23 18:18:44,2018-06-04,fc3fde3000c6c4fdbc5507265441f4f2,2018-05-19
6c8157ae5ddc36aa59aa6f0afa0ef5de,73201c44d687e91c32b5bd082b7411bf,delivered,2018-03-11 19:03:19,2018-03-11 19:10:36,2018-03-12 18:06:46,2018-03-15 21:22:33,2018-03-22,b843a6968c2c71e37a5782e3db985ca7,2018-03-11
65e27b07de33e18c80be0dd01195c731,0a8f03524c924dc183dc03a100daac94,delivered,2017-11-03 14:50:46,2017-11-03 15:06:34,2017-11-06 20:34:53,2017-11-10 14:19:22,2017-11-24,75f60ea9e06cc3308210f6fc5eab3c09,2017-11-03
8c9479e56a7609daf0260e1ed2a1d674,2bbf2cd73c694493b5360050d798f5bb,delivered,2017-11-14 14:56:37,2017-11-14 15:08:15,2017-11-17 21:32:35,2017-11-24 21:57:36,2017-12-11,fc1e008cd6a65d0e5dc8c0bc61213d52,2017-11-14
79db7436f36c45d0ec5cd158424d7ce4,eeffdeb610ba67edfdf863936785eb90,delivered,2018-03-21 12:06:10,2018-03-21 12:47:39,2018-03-23 18:36:53,2018-03-28 23:54:38,2018-04-12,740b0905a1e5586e67956320eb679fcc,2018-03-21
671c1562854f03c1d68f6d48e1fa4c7d,bb5f8977c8712dcd0a599b06ca05b923,delivered,2017-03-03 08:32:31,2017-03-03 08:45:14,2017-03-06 08:47:00,2017-03-09 12:54:28,2017-03-24,91b4cc37bd28118ddabe8e7692c78f2e,2017-03-03
99a89fd45903c4a9d6731af6ca4dd5c4,6cb6246c85861518fed147189260bf00,delivered,2018-06-27 19:07:53,2018-06-27 19:15:11,2018-06-28 09:48:00,2018-07-03 17:26:57,2018-07-19,ff9d6196f8a9419142b5a70a0dbf469d,2018-06-27
0647d9d193d898f2ff46c9e91a3c8c4b,10408208bd283f97071e63a15e1277fe,delivered,2017-05-09 14:41:10,2017-05-11 03:50:12,2017-05-15 07:41:45,2017-05-22 08:36:48,2017-06-09,c169c9937db997a267f749cdd64c161f,2017-05-09
7a460ff35c9e1ba86df5f1a4780f3616,f4c65e6195e766453d62cc2e15bc5d1c,delivered,2017-11-14 21:46:37,2017-11-14 22:07:26,2017-11-17 17:06:23,2017-11-20 12:16:35,2017-11-28,fbf209b35bd3488bee6a7131a50daf2d,2017-11-14
98de0bad1834d3a90eb4180333a4fd2d,ced61c5cb8db0e02a11af8e5a2f3deea,delivered,2017-11-12 21:29:12,2017-11-14 03:50:33,2017-11-14 22:52:50,2017-11-17 18:31:49,2017-12-01,cbe7e09084e800bb56a35a586a4272e8,2017-11-12
fa3564e25054d8ea0e296c7b00233d39,d55a841bbeba831f8dc6d1d5e81c908f,delivered,2018-01-24 13:52:59,2018-01-24 15:38:46,2018-01-29 22:08:03,2018-01-30 19:56:26,2018-02-08,72eb961337993c4c089cb9135b86de90,2018-01-24
46aedb619e3a9e3883a8d51d58269e4f,9d0de91dce95d8fa5c802759b2a6b871,delivered,2018-06-20 10:43:24,2018-06-21 03:17:54,2018-06-29 14:04:00,2018-07-02 16:29:10,2018-07-16,fce2110c3a46dbae270b60645bf932a1,2018-06-20
a7de2a15156cab510e1cf5761949255f,0d16bb7bd7c4cb2b20965e3ae4ba43e8,delivered,2018-05-05 09:52:06,2018-05-05 10:13:54,2018-05-09 15:06:00,2018-05-15 21:49:02,2018-05-22,87791a6a620fc43afecf8567fe8365e8,2018-05-05
41fe3abb11743c0c0403af8721d23feb,405574485dd981a5741f447ef70275d7,delivered,2017-04-26 21:23:09,2017-05-01 22:34:18,2017-05-04 17:12:05,2017-05-09 08:33:51,2017-05-29,d1c9bc14a65b279c5fb8e75194518a87,2017-04-26
e19716dcaffd3aff2c817ff10b8ed1fb,4895c5e52842f2c7259e4684faa32c04,delivered,2017-12-29 20:05:21,2017-12-29 20:14:25,2018-01-03 10:12:36,2018-01-22 19:46:31,2018-02-08,a3b51213d4631dc5204339a0db7c8f9c,2017-12-29
d2787e74c073dd7a21b4e4a873abd9f1,bb6209eca581fe91e5f09055a0e3e8b2,delivered,2018-08-14 20:33:29,2018-08-14 20:45:17,2018-08-15 11:57:00,2018-08-23 15:26:59,2018-09-03,c2e283d2ac43b8ac70d6b29a6dc9457a,2018-08-14
5c6fb1efa6d074731c88c7209909b511,a6313ed993e2435575b8adc16b15b829,delivered,2018-05-08 17:26:05,2018-05-09 17:36:16,2018-05-10 11:54:00,2018-05-11 19:33:04,2018-05-16,c7f2cf5728abafd66680709316b3ecc8,2018-05-08
fc15e290afaa09174a26e6ee704a9219,951c799aeec23eafa39e72bd85431e74,delivered,2018-02-26 14:16:45,2018-02-27 04:31:11,2018-02-27 20:22:05,2018-03-12 15:32:14,2018-03-23,fa7f4e44ed8a62b479f910f3d3b02a6f,2018-02-26
a47f62aeafbc824976b432affbfdbe67,0a4b13f62e9241a32074e56893ff7b44,delivered,2018-01-19 01:30:16,2018-01-19 01:39:19,2018-01-19 17:28:42,2018-01-26 19:18:10,2018-02-14,b410eaf91322d2f7c53efe759d59cdca,2018-01-19
40db7d3bf12d45bd93dc3548101e8909,2fed9017cfbf84c0b29f857db50bbf99,delivered,2018-03-23 23:12:34,2018-03-23 23:48:15,2018-03-26 23:24:00,2018-03-29 20:22:56,2018-04-05,a24fb66af0f413a2f8a0040cd1d14ef0,2018-03-23
ceea2adacb3702fbbefb45ea65f5cd90,22af9d3033a53e84873afa1efe540424,delivered,2018-08-22 10:02:13,2018-08-22 10:15:12,2018-08-24 12:47:00,2018-08-28 20:48:50,2018-09-06,3c88ab5694d117a0a4585525833c0161,2018-08-22
df7057f1e8e00fa004e8c92538efdd43,cce9c36c61234fb4f9edffd085c9870f,delivered,2018-03-27 13:03:10,2018-03-27 13:30:28,2018-04-03 12:13:21,2018-04-18 22:28:27,2018-04-19,dd0084ee26a7d24c6a51e671edeea5c1,2018-03-27
9979adea9a6e9beb05f965201bfe6e5b,55bb09068c9313d8ebc7a9fcac595e42,delivered,2018-06-05 13:22:23,2018-06-05 15:31:52,2018-06-07 14:02:00,2018-06-11 17:58:51,2018-06-29,2fa26baea7d77eb189a7df2fdcaab0fa,2018-06-05
1e28e69f84e592969c53f666961fb156,de221ce174c50cffd28f36e708c95e11,delivered,2018-07-25 16:02:00,2018-07-25 17:05:23,2018-07-27 16:05:00,2018-08-06 13:38:32,2018-09-05,aa5cdee8983dd08a8aad86ded1459971,2018-07-25
ae2fb0f5aec36b2a6b058602dc941fb1,eac0fcff455b7b66439f7b389940bc34,delivered,2018-08-02 12:21:24,2018-08-02 13:15:26,2018-08-03 12:07:00,2018-08-08 21:12:33,2018-08-22,814bfcdae2e4bb928da914fae6d5dfd8,2018-08-02
12701d216c208b08132694d01af602a7,39351277fa612e0c7ac8077f7ac038d3,delivered,2018-04-07 23:57:34,2018-04-08 00:11:01,2018-04-09 19:48:39,2018-04-11 21:06:59,2018-04-25,9613205127b4837f2210caee34d05e41,2018-04-07
fd93073bf4bfd856573cfca0c959483b,31e510eb6e824fa8188fa73386334593,delivered,2018-06-29 11:50:26,2018-06-29 12:10:03,2018-06-29 15:19:00,2018-07-11 23:24:40,2018-07-30,323c445b946cb0550e2d361085cd220c,2018-06-29
c8464791b649258bd1807650cc155014,384db1cdc62a3e54b0ed41c8b4e0d573,delivered,2018-05-23 09:58:37,2018-05-23 10:17:55,2018-05-24 10:39:00,2018-06-06 17:06:54,2018-06-07,19fc9fd84b7447d294ccb87622210a30,2018-05-23
556b30ae47829a82927b5dff9ca2ba65,2ba770a39f5caf13266b19d5095c0712,delivered,2018-02-23 14:34:34,2018-02-23 14:51:07,2018-02-28 19:33:32,2018-03-01 21:31:22,2018-03-09,fe81bb32c243a86b2f86fbf053fe6140,2018-02-23
6eb4132d1d991320ff5f03a7cd28561c,7c66c8c07b65426ab12916350bf3c4f5,delivered,2017-08-22 14:05:06,2017-08-22 14:15:15,2017-08-23 18:58:10,2017-08-28 23:22:16,2017-09-08,2dd3861f51c031bf5bc691b89fa514af,2017-08-22
513a94a0164453b4777d125b836f7ca1,5c515f4bb8616f7feee867ad9a301bf9,delivered,2018-06-11 22:14:06,2018-06-11 22:41:00,2018-06-14 06:16:00,2018-06-21 21:08:39,2018-07-23,0850e3aa287b1945a2cd7b2a58e20016,2018-06-11
b4507f69b71b51c75fbdbea7912ee840,f0ccf95ba87a1bce75b41da281b1c91b,delivered,2017-12-06 09:19:28,2017-12-06 09:35:31,2017-12-06 21:58:11,2017-12-18 23:42:04,2018-01-03,b3d14cfa483bfe1b717a34871c83a53c,2017-12-06
1d6bdccf67319c766b5d8ad06121a158,a8bd3ce219515d4dc0a55a3d3686a87a,delivered,2018-01-07 17:32:06,2018-01-07 17:46:53,2018-01-10 13:30:20,2018-01-17 17:56:06,2018-02-02,4182f1b05972aac381f73e1497ec8120,2018-01-07
312d2ff4bca431eb80694c43eac7e5fd,4e3d95e9be78dabd4ac64c8a0c944fd8,delivered,2017-04-13 20:03:03,2017-04-13 20:15:14,2017-04-18 07:22:34,2017-04-26 12:35:34,2017-05-09,5ebefa61ebd3eef8c122129c52c19baa,2017-04-13
76b6e31614254c057b381da95bf6a52b,30e355f2bc0cd7db3bc33d910327e71e,delivered,2018-05-21 16:49:16,2018-05-22 08:16:35,2018-05-25 12:40:00,2018-06-04 20:38:40,2018-06-07,87c9181dd7a8a73df938f13a7468bd40,2018-05-21
f3b592ea0db671d3d1977e043d2a1b10,77a1d41eb75de0bdf44e9791798dd8c2,delivered,2017-11-17 22:40:07,2017-11-17 22:50:50,2017-11-21 14:27:37,2017-12-10 15:52:29,2017-12-15,44ee2bbcecc619d336bb9fc5ba380a61,2017-11-17
d486a71c67c351a4aadf0b3bd096a712,e37bd7eb6e87c6a9359af8d765efdd6b,delivered,2018-05-15 13:09:20,2018-05-16 03:33:49,2018-05-16 14:24:00,2018-05-18 21:18:32,2018-05-23,58b6836f7a2772477ce03e60c6d06e82,2018-05-15
294b7da16c27e408f2137e10de0d9495,d6bcb58cf4ddb4688e8ff3adfd7b1458,delivered,2018-01-19 01:17:29,2018-01-19 01:31:26,2018-01-19 23:14:30,2018-01-29 20:32:26,2018-02-20,00b1b0f856eb804d554ceab3d8f1dc35,2018-01-19
b267fbd57af5b01a2d8b334b4215a51d,98203b411ca25e54ca7128f4e96e613e,delivered,2017-07-10 10:32:45,2017-07-10 10:45:16,2017-07-10 17:32:54,2017-07-17 21:42:34,2017-08-11,2c611a05ed5110e3111273d76262da53,2017-07-10
c033e99bf02e103535766475e490aa19,222ea254760a8b56fff02febcb78b507,delivered,2017-10-04 08:35:51,2017-10-05 02:56:36,2017-10-09 14:14:23,2017-10-17 22:19:03,2017-10-27,9f5e6c300b83e6d4ab2815c44c830f86,2017-10-04
246ed527fc17d711f0b578e0bd407257,08fa82297b802757b9b02ced94f8a9e3,delivered,2018-06-06 19:39:13,2018-06-06 19:54:48,2018-06-26 15:47:00,2018-06-30 13:05:59,2018-08-08,e41b91e110b3f72d6bd2f4f7f055b666,2018-06-06
fab1440d1e4a7690b4b3305b07de5414,fe8723742b63fb03ad74d5aa9736c75e,delivered,2018-06-27 16:22:45,2018-06-29 02:53:18,2018-06-29 12:10:00,2018-07-11 00:20:34,2018-07-24,9650c68673ddeb85b45dc0d0ac37f4fa,2018-06-27
6b3138748728fe92cf423b0abf199c8b,bfff9bd5326ab677cf86986235912397,delivered,2018-03-14 10:12:48,2018-03-14 22:55:34,2018-03-19 16:15:47,2018-05-03 00:27:38,2018-05-16,302be2cdf5c3cca66741fd7da8ad5fa8,2018-03-14
96ff2e51c5b01a50ff5d52ffc5c7d87a,23f9d8a37cfd6a6896e43513f94333f0,delivered,2018-03-22 17:11:40,2018-03-22 17:55:32,2018-03-23 19:02:14,2018-03-27 14:33:30,2018-04-04,871052cca53e454cad0d0ab2f52563e1,2018-03-22
6cee580f42792d77f81c03cf6aa73423,bc544aa58e763853480832008085049b,delivered,2017-04-26 16:09:48,2017-04-28 11:47:04,2017-05-15 12:48:50,2017-05-18 12:36:48,2017-06-01,9c209a3050ac652d2296e84a1e58bbb3,2017-04-26
5de443f7adc75b72230b61e63ce5007a,7ec72d9b883d87aef5ee43beb65deb06,delivered,2018-06-29 08:12:42,2018-07-05 16:02:24,2018-07-04 12:57:00,2018-07-12 18:16:44,2018-08-08,a4297e8887cab7669f74acae48d8fc92,2018-06-29
b72bbd4502484b848fd005ad2511a685,f004cbd2065a2ddf42d12b6d339e8da3,delivered,2017-08-29 22:22:41,2017-08-29 23:00:16,2017-08-30 16:47:51,2017-08-31 13:13:42,2017-09-11,33663bfe99d2d0c9972846c21fc35a68,2017-08-29
4a29a61983d3ffb4f13646aa9ee9aab6,5cacedacadd2d9c6c26dd2a26169f36a,delivered,2018-03-10 14:41:12,2018-03-10 14:50:31,2018-03-27 17:17:47,2018-03-29 20:13:04,2018-04-06,4e3536ded5308f26f44ce136683fb755,2018-03-10
00eb7b95af5ed25aaec66d4ff5295846,e7c5f957b0de4d073c09a91b8bfaa215,delivered,2018-01-04 14:19:02,2018-01-04 14:30:26,2018-01-04 23:04:10,2018-01-15 11:51:48,2018-02-08,932a72c073c57e644beff5c85010c0a1,2018-01-04
f417ccdabd3037e9fbb9d32dedc69828,83e8ec87ff555b369de1de163346e768,delivered,2017-07-19 20:04:52,2017-07-19 20:15:20,2017-07-20 16:43:52,2017-08-01 18:21:56,2017-08-10,91fd427204396810b913b1faee9baa89,2017-07-19
5662e7f8bbc6abe55e104ac06994a731,b253ab4ce264a72304410c04d66e3908,delivered,2017-10-02 11:56:39,2017-10-02 12:07:21,2017-10-02 19:05:32,2017-10-18 16:22:50,2017-10-31,eb558f96a4145d74586480071f6e7c88,2017-10-02
65dfa8121b10dd8bbb055a2afeafc9ee,1a22e6479387999f2ed113ba43c35c52,delivered,2017-03-20 08:32:54,2017-03-20 08:32:54,2017-03-22 17:23:24,2017-03-29 14:27:11,2017-04-10,40b846ba26c7815324b73029c3ccbad9,2017-03-20
06d6f2f9ce499ed49d414ff36f583abf,302c148841465785e80dde55628627ec,delivered,2018-08-16 13:08:15,2018-08-17 14:27:03,2018-08-17 15:44:00,2018-08-23 21:11:43,2018-08-30,8fd70586e2f56a7c0e6fd7dba16079aa,2018-08-16
8315d20efd172922fe1c655bd46f75e1,06e83f0e8e47047739e6c7cad483392a,delivered,2017-06-25 00:08:22,2017-06-25 00:23:02,2017-06-27 11:56:47,2017-07-04 14:54:56,2017-07-18,6d422eab6badca085244171235624bcc,2017-06-25
569fce9b205731d6e0c9f31e9cabd8f5,187249e76bef7e36e09b6f14b8dce3c9,delivered,2017-10-17 15:46:36,2017-10-19 03:40:44,2017-10-19 19:58:10,2017-10-24 18:56:03,2017-11-08,0012929d977a8d7280bb277c1e5f589d,2017-10-17
a8d14f53fd00bf5759c0e56f2a0a2d31,2a5537cca47095c73bb1d6286ee2c543,delivered,2017-08-08 20:53:57,2017-08-08 21:10:21,2017-08-10 13:33:13,2017-08-23 19:23:51,2017-09-05,c42d503ed3de454cd24b5d1508bcf5b2,2017-08-08
867ce8a588cb1805fa25762927b0ef96,9b4efdeeaf152f77d42e2fa8f23309bc,delivered,2017-10-08 05:32:42,2017-10-08 05:49:07,2017-10-09 18:03:02,2017-10-18 00:35:54,2017-10-25,7696e945f2e50eb6f19b248458b4852e,2017-10-08
fea3c9e9bdea46b747e70684aa891531,a3ad7d3332f7772547e2b048ecb3fb98,delivered,2017-03-28 15:42:13,2017-03-28 15:55:14,2017-03-29 14:40:14,2017-04-01 07:38:01,2017-04-19,3e9cbbcb5ec1e2929319f717ce437777,2017-03-28
73e0f16a25c4d33221c6032d3bdb2680,b20d152a5e664ad3eeb7c0095a72c053,delivered,2018-04-16 12:29:06,2018-04-16 12:51:29,2018-04-19 17:26:24,2018-04-26 16:51:30,2018-05-15,4d4d77da958055b9aeb8ff34280130f2,2018-04-16
40425c5224829e5cc488f67f75f28d5f,56de1e86668961e5442c922e3762b620,delivered,2018-08-17 18:44:30,2018-08-17 19:10:32,2018-08-20 15:51:00,2018-08-24 20:46:32,2018-09-04,93198b0ec4d4ab20bb6da54cc1045cb9,2018-08-17
de043cb17ef1ed9caf701f28478dfdfb,de896fd50d3dc50189c151961744b66c,delivered,2017-11-14 22:54:31,2017-11-14 23:06:33,2017-11-16 22:21:11,2017-11-20 22:03:02,2017-12-04,67da8e06203a3c44fd5b33c8e01b683c,2017-11-14
83a8c8477a4beb1799eeff411ab29c0b,0e4ecac582d45f4fe67305137a662cbc,delivered,2018-04-01 20:02:24,2018-04-01 20:15:24,2018-04-02 22:32:28,2018-04-03 14:56:32,2018-04-12,220bcdd6ae284ed1a273d99003fa8a0e,2018-04-01
bad054a64079f59dc3bc7519fe1f7b9f,a9d39853f9b51570c2126cac8f15b3a4,delivered,2018-08-08 18:11:18,2018-08-08 18:25:09,2018-08-10 14:07:00,2018-08-20 16:41:22,2018-09-10,113c58edfdbca98dc0f1ee45543553e6,2018-08-08
1f5833c59dc618d2d3b9072f51195d16,b80bd8f1a8e34a499fadfc76d91ed42d,unavailable,2017-04-29 09:42:12,2017-05-03 11:34:19,,,2017-05-23,c0ae5ba53e40c9e3a5df1f5ae90c66f5,2017-04-29
b93dfded1655914b88fb6ae621fb62f1,42be86d23d5fc12768d90a1eaa83872f,delivered,2017-11-06 15:02:56,2017-11-06 23:32:00,2017-11-08 20:14:57,2017-11-13 16:36:28,2017-11-27,3af45fe3c1c22f5b1a03de0637741bc6,2017-11-06
fd51ddbb6f83516cd9c97d7a5de5e796,204abc77cec3e0675c696adea8229909,delivered,2018-05-14 09:29:19,2018-05-14 09:54:54,2018-05-14 13:33:00,2018-05-18 17:56:45,2018-05-30,8c045269039491798a2285c1adcbe026,2018-05-14
52c9e05801deda56b9badcf69c1b9497,1de9b9d609d626f82db0533fb400e84b,delivered,2018-01-13 21:49:31,2018-01-16 03:50:13,2018-01-18 15:18:34,2018-02-02 21:33:30,2018-02-08,aba84ac9f5f1fa02826b0f72a6c96c3b,2018-01-13
6fd59e3ae7e24c50131f6bc97c4c7776,f41666558f4e35056a445c27c2ac3d8b,delivered,2017-10-31 20:32:39,2017-11-01 20:45:15,2017-11-03 22:25:51,2017-11-13 16:42:03,2017-11-21,5599df2eeb9e2e4f377db24e09cb976f,2017-10-31
9e3d1f6fcb9e5f8d6b66b018f0a0c810,4436b081dd2bda8791753838e7d085b7,delivered,2017-08-14 15:46:46,2017-08-15 15:45:12,2017-08-17 18:06:40,2017-08-24 19:27:47,2017-09-08,5839c476b32821c55d8a591a17fa7809,2017-08-14
59023d9e8757da4a343b81debedb7cd9,06c90f4d3ea938996708090e6d65891a,delivered,2018-02-25 14:06:30,2018-02-25 14:15:29,2018-02-27 17:34:51,2018-03-21 16:21:33,2018-03-26,346fbd491e80199e6d7c475ca25878ca,2018-02-25
adb1802d9eaab059b7b624f5013159c0,035d022d08cfd373cd52040fc4485e78,delivered,2018-07-31 11:36:09,2018-07-31 12:31:15,2018-08-01 10:31:00,2018-08-02 22:51:56,2018-09-04,abd50093c728a6d432856afe334725db,2018-07-31
d5b1560bb46f4b57510a45569fa41b4c,8c053663094bd001fff3536d10dd092a,delivered,2018-05-27 08:07:44,2018-05-27 08:30:15,2018-06-01 14:40:00,2018-06-08 16:28:47,2018-07-18,491620975108be471b4645338ccececf,2018-05-27
1df599f6c4bc10fe5cbfd2ae1ade43fc,a33cf67d34f636add92fbd8aaacb5fe8,delivered,2017-11-26 23:17:07,2017-11-26 23:33:22,2017-11-30 22:44:55,2017-12-05 19:28:49,2017-12-12,1414a9595feb0039d2d9cc169e284d95,2017-11-26
3e60f029bab712985ebe5bb542730b6e,4b71d940f437dc0b0cb9729a13b3d644,delivered,2017-07-16 09:44:42,2017-07-16 09:55:14,2017-07-26 11:14:25,2017-07-31 14:04:10,2017-08-14,6f9d708cb6461670ae063d94baa748cb,2017-07-16
e8d2e0f8055b8badf48ce825cb6b6f35,0e873716c057fe586b192e45bd718ef8,delivered,2018-04-27 13:07:56,2018-04-27 13:30:36,2018-04-27 15:03:00,2018-05-02 23:54:42,2018-05-14,25d9090945321ff114040f2a6f5e9717,2018-04-27
3a98a62b1abeae3d84a504e048ee12b2,4e839bbfb46074711253af232b429278,delivered,2017-02-26 19:22:42,2017-02-26 19:30:20,2017-03-09 04:17:37,2017-03-16 18:32:48,2017-04-18,5b834622bcef511463355a1d7d2f57b5,2017-02-26
80def0e870b9d73753b39eb479c2694f,2e75dc8d60beb119bc838607b6b24f0a,delivered,2018-01-22 21:48:39,2018-01-22 21:55:31,2018-01-24 19:18:54,2018-01-30 23:21:46,2018-02-14,a887e56b2a610f53396243a412cfeefd,2018-01-22
970faa2fc574e975f2badf8b2783c112,e9046d06be1980b8187bc2822f6138ca,delivered,2017-11-12 17:49:13,2017-11-12 18:07:16,2017-11-21 19:48:49,2017-11-23 19:09:41,2017-12-01,87d1d69222aaa629fd9ff9ac45b45263,2017-11-12
4d483bf690ca21bdc005df9b623673c7,80a6a8b570864a52a54462d82b6fb51f,delivered,2017-03-16 21:16:46,2017-03-16 21:16:46,2017-03-17 13:12:29,2017-03-20 10:32:31,2017-04-04,97f0fce3f9d7aad1b12499a4e4b10d07,2017-03-16
b21fc2238d717cbd15c833da30d48c26,40e1fd06f8240034b332958a45840b60,delivered,2017-04-15 10:55:28,2017-04-15 11:05:20,2017-04-19 14:00:01,2017-05-02 15:42:15,2017-05-22,038788260f49eafe86a7e02b7704e0be,2017-04-15
99a3d4b1228bc02abf9eec5d9a7a742d,0f71a0b83b78a05118efc4aae3c2a774,delivered,2018-07-17 21:05:10,2018-07-17 21:15:20,2018-07-19 13:53:00,2018-07-26 16:42:01,2018-08-13,99ece6acd6265aa21fee1ae7831e3e89,2018-07-17
298244895a58e73db105ff38993ca7b5,85b721db5eadffc2f1c2e40a3c1f6a53,delivered,2017-07-19 14:35:54,2017-07-21 16:30:11,2017-07-24 11:53:47,2017-08-02 15:52:42,2017-08-10,ea609ced31eaa6eae3922c127c19d266,2017-07-19
fcda3cc8210e746326864eb933641ccf,fee7cf49127308e2b5402c9984b6f1f6,delivered,2017-01-18 22:41:55,2017-01-20 22:42:02,2017-01-23 11:41:56,2017-01-31 18:47:35,2017-03-02,78e1fdf5955b14b03809a8a8accec102,2017-01-18
b3428c9dee69a4b1b8c6cda6055e5874,021e1ff95f894f02e2d22bf2b7c96ccc,delivered,2018-04-18 22:55:11,2018-04-18 23:11:16,2018-04-19 19:30:58,2018-04-28 17:22:09,2018-05-11,04914a70baae65c7368c83af08b17c81,2018-04-18
62d68905605e2398997788c26b9e0096,ff726e16b7e716c6781a22bedc7381ca,delivered,2018-07-07 12:43:06,2018-07-08 12:35:14,2018-07-25 15:12:00,2018-08-01 14:06:48,2018-08-16,625b2abfa7cf8b32b25521871587083a,2018-07-07
ec56d96c2ee83fd3641863f6e7b66d41,185f76c3d9af9317c7ef1bab149a37cb,delivered,2018-01-28 16:33:35,2018-01-28 16:50:04,2018-01-29 19:53:11,2018-02-02 01:58:39,2018-02-20,6a829e3145ec016315d9a314137db69c,2018-01-28
d67173b46251d818f2e39cbe8efd0f9b,5aa36088d0f8d608ad9978a66622a6eb,delivered,2017-04-10 16:04:57,2017-04-10 16:15:23,2017-04-12 13:32:55,2017-04-18 14:22:21,2017-05-08,f5999439738ac316c9da17fdd8ec80d2,2017-04-10
b40cc054a1791acddb6215a0472b5a81,aace4bee47eecb6e46bf3c316a19813c,delivered,2018-04-24 16:30:08,2018-04-25 08:51:56,2018-04-26 11:02:00,2018-06-13 00:33:00,2018-05-29,5e6e38ff8be0698d61e10c26e92dd432,2018-04-24
3a6d41a4fe7a8e841b7c8e4b77d4e301,e0eea8f69a457b3f1fa246e44c9ebefd,delivered,2017-11-24 11:29:52,2017-11-24 13:33:05,2017-11-27 21:12:51,2017-12-06 22:37:09,2017-12-18,4d221875624017bc47b4d1ce7314a5b7,2017-11-24
e0a341e9f5a2c4c054ef1f49f6836414,7dd0db78c015461ce1f44b90b04fa969,delivered,2017-05-09 17:21:09,2017-05-09 17:30:24,2017-05-10 11:25:59,2017-05-16 14:52:15,2017-05-31,ea469a0171091a5488127d97decab485,2017-05-09
8afe2929db4833bd7bc32d18fe3bf502,58dbe9ebb990e72ca35a2f223ea1a60c,delivered,2017-06-13 21:56:02,2017-06-13 22:15:13,2017-06-14 15:58:41,2017-06-19 15:28:00,2017-07-04,7d38334a3ee44842f9e975440db1029f,2017-06-13
12788f3056c6392e73afcd37df5482ad,b066f92bfaaf6549b9bc5b0741ae2566,delivered,2017-07-13 12:07:21,2017-07-13 12:23:48,2017-07-14 18:12:17,2017-07-20 19:17:42,2017-08-04,a089759b7102a670e4482fccbb10d1b9,2017-07-13
97e25bac8d2e92f5d90a5e43925bb85f,fd8c144dea02b4cad9e6e94e1455bdc6,delivered,2017-11-09 11:05:38,2017-11-09 11:15:39,2017-11-09 19:19:01,2017-11-22 16:42:01,2017-12-06,b671e82f0b2f2e714a51d67da28843e9,2017-11-09
61478fcfdfbc524f57df31651d8f38c9,b6b2ee6ffa76968a5613946608a33046,delivered,2018-06-25 10:28:16,2018-06-26 04:59:16,2018-06-26 14:56:00,2018-06-29 19:38:52,2018-07-25,d99f6517413453aac88d83b92746add4,2018-06-25
ce46087fc2b4d09a468f6599e33dafd0,3736f7b259155b4d4b0757dcea364300,delivered,2018-03-26 11:52:38,2018-03-26 12:10:25,2018-03-28 19:57:22,2018-03-29 21:03:55,2018-04-06,36894a55d9d9fdddcd897fde049aede1,2018-03-26
f70fd9d62d604dd8ac70938c59b6a93d,b2056bdda0e5c76218846f74f72eaa5c,delivered,2017-09-20 16:03:24,2017-09-20 16:15:23,2017-09-27 20:43:50,2017-10-08 15:38:01,2017-10-18,fe731c60bfe3a5bce6db27a633716216,2017-09-20
202f7adadd1161d6f5778db2f654518f,744b23a304057f2b3a61781433d3697b,delivered,2018-05-07 20:32:35,2018-05-07 20:51:45,2018-05-10 17:40:00,2018-05-15 19:58:47,2018-05-23,1f39c857414cb59fcada39182e1a81e2,2018-05-07
baed302a19771a88ccd8d3f8b6368e55,cbfb5805ecbe0d5d499d6f644be842e0,delivered,2018-08-17 13:06:39,2018-08-17 14:27:16,2018-08-18 08:22:00,2018-08-23 16:24:43,2018-08-30,a364b347d96df617db1db5d5322cd2d8,2018-08-17
aeb9bfe5d28008d6373db7e8dc80bfa9,6215c3fc03277c5bcdc610d4d87e1472,delivered,2017-07-18 15:34:25,2017-07-19 06:42:57,2017-07-19 17:57:16,2017-07-27 20:11:46,2017-08-11,16a845f59b445d33206af8c7ddebb2de,2017-07-18
a9850ce15ae344ed38a260105a67e118,f9ea6c1cf8a5cd9460daa137454b73b4,delivered,2018-04-22 20:43:00,2018-04-24 18:58:44,2018-04-24 18:47:49,2018-04-30 14:41:40,2018-05-18,566d63563ccdeb800b9899c8063275b8,2018-04-22
559f0bbfa2518e102877dcb7f65735ef,330441c65d1a98dd6e2055bef56cb55b,delivered,2018-07-04 11:27:47,2018-07-05 16:22:11,2018-07-05 10:46:00,2018-07-06 19:53:44,2018-07-17,0914ec19e272435152a9e2e88d6a3468,2018-07-04
cf14f34423154c055c6677b22cbfbf68,8aec80574a77596a9c34435bff6b62db,delivered,2018-06-04 19:09:02,2018-06-04 19:30:12,2018-06-11 14:21:00,2018-06-14 21:25:33,2018-07-11,0795c2e6501b727255b4f0fa37986860,2018-06-04
45ff50616aff4d99cfaca273317a139b,af7c572f32c17ecda4664f61721926ba,delivered,2018-05-02 20:56:24,2018-05-02 21:18:52,2018-05-04 15:05:00,2018-05-08 01:05:57,2018-05-17,7823a8988612aff9a03896c51e2c5f7b,2018-05-02
1fe8768ce3370c4346be3f5747682f37,e8d38ba19da8ead0ef9cecb9027eeb56,delivered,2017-10-13 23:51:59,2017-10-14 00:07:39,2017-10-16 11:21:38,2017-11-01 21:12:00,2017-11-09,284dd360d3b9388075b95388a567c390,2017-10-13
a76525ee60ca2449ba03f448197073bb,ab09aefe10cec72a25451b8335197447,delivered,2018-02-15 13:02:54,2018-02-15 13:15:43,2018-02-15 23:58:55,2018-03-09 20:31:56,2018-03-13,eb083c5c5524d5fce420f43ddd547726,2018-02-15
82494202b66a95f0b6298e21f88b95ad,df61d60f81e02f1c9360b1dce03778f1,delivered,2018-08-16 13:45:11,2018-08-16 14:04:10,2018-08-21 13:14:00,2018-08-28 01:03:23,2018-09-04,8766df3f3ea9f1601c1f8ffade2f5417,2018-08-16
3be2b03f32e88489f49c64de449e6d98,ac4d7ea25bf1458ad9bc7ae8dc831697,delivered,2018-02-13 12:39:00,2018-02-15 03:56:07,2018-02-20 19:22:37,2018-02-23 15:38:42,2018-03-06,1315c7d9c8d3a0f451cf5c84b046aaf7,2018-02-13
5510c1adb5cc6262d2fd7ce904b6e8f4,cc8f275edbf7e0d420a100dd30ecbf68,delivered,2018-05-20 18:20:00,2018-05-20 18:35:19,2018-05-21 13:38:00,2018-06-15 15:37:33,2018-06-07,9278914e32bbb1e39240325974843b81,2018-05-20
d1218a20bdd92bd626a0b8be8cbdcc06,e28117caedd6c34372b929a1d1e7952c,delivered,2018-03-16 12:23:44,2018-03-16 12:35:34,2018-03-19 18:47:27,2018-03-22 22:54:29,2018-04-04,7a2cdb3f95e4feedfae45b4f5f498126,2018-03-16
64c1efac740d3ad7dc7f0c3bf425fd7a,614aa3538438ebdbf8ce41bac4fc3443,delivered,2018-08-22 12:46:30,2018-08-22 13:04:29,2018-08-23 12:15:00,2018-08-29 19:32:07,2018-09-12,9ad975523c3a2bad3b00ae2a5f2c34f4,2018-08-22
6199bf17a85a73b61d5e43a596b95b5b,a63e6d9ad4758e94c0aa0d3611efc569,delivered,2017-02-02 18:59:30,2017-02-02 19:10:22,2017-02-03 14:36:23,2017-02-08 15:17:35,2017-03-15,1f2c5059dad2c277b3b338163b49ca73,2017-02-02
5c5177333fb1fce1f4bb65868988f204,ebe11def265cd8e747d70c07c5a4547e,delivered,2017-01-24 15:44:05,2017-01-24 15:55:15,2017-01-25 13:58:08,2017-02-03 17:06:20,2017-03-03,0edebfec2b1b8f0871e72dece89a484e,2017-01-24
9781bfa503ca3104435070afafacd54e,5ef9090e61d2f2d7732af105bc8a6e37,delivered,2018-07-23 23:29:17,2018-07-25 02:45:16,2018-07-30 12:41:00,2018-08-02 20:33:01,2018-08-20,d4c23e936ffaa16128535e3119e812b0,2018-07-23
cde001ad61a8e40ea8feff0ea31f9ea3,058b2cdb2337b4e9fd5a3b82f9e204bb,delivered,2017-11-12 19:11:27,2017-11-14 03:46:35,2017-11-14 19:04:34,2017-11-28 00:41:31,2017-12-06,0d58b25bcd78a6ea274fbbb56801df0f,2017-11-12
755062e6c08cf5b87a6eb6a094eca92b,2cb1dfee32f16df851c187b495fc893f,delivered,2017-05-16 18:20:00,2017-05-16 18:30:17,2017-05-18 10:43:26,2017-05-26 13:33:08,2017-06-23,f696cd78b519a805532b07bc317f8ae7,2017-05-16
104b8d0ca41aec23f0847323c4cb8177,4654d165d5c3a8e7c52566a5ec9f8994,delivered,2018-02-05 19:51:29,2018-02-05 20:10:49,2018-02-06 19:16:56,2018-02-26 17:09:16,2018-03-13,5867d607f21d034a52fc575882dcaa2e,2018-02-05
bde06a769a934fd5e54ef3a8019a4e72,04eec7a0a61d36a9fc40fbce299ea2a0,delivered,2017-12-18 16:45:55,2017-12-18 17:51:12,2018-01-05 17:59:50,2018-02-21 00:21:44,2018-01-26,dc05a2e9bff5838597c6caf8611e5f40,2017-12-18
df9eb91b90f72e0b73a3b71466a9a44f,94bfddd766140150ff3a5f0e09df6d03,delivered,2018-06-11 14:56:41,2018-06-12 09:00:43,2018-06-12 13:59:00,2018-07-14 16:35:36,2018-07-03,8306f3d56467705b4a747997088a14d4,2018-06-11
60bf6f1b8154d2d1d694f83b42a29c15,61a5bdcc5d682ccad9e7e301c368ac84,delivered,2018-05-02 13:51:12,2018-05-02 17:54:00,2018-05-03 11:15:00,2018-05-29 16:18:43,2018-06-06,a477699daa240803fda4694902fa8a6b,2018-05-02
29dcc211b6fbfa81282284c9dc344da1,47b395f6b2b34956a36e9bc97cf06809,delivered,2018-07-24 10:41:56,2018-07-24 11:41:04,2018-07-25 15:09:00,2018-07-27 17:37:43,2018-08-14,941e0446f268fa65036924d643522f17,2018-07-24
a216d63457e3501eeab4375752f0fbbe,c562ddeb1f9475e767b7e6310c2f1e80,delivered,2017-03-11 12:48:03,2017-03-11 12:48:03,2017-03-21 14:20:07,2017-03-23 15:40:09,2017-04-06,ae0e4a6b52bcaa15eb032578f6936c23,2017-03-11
8e96b8e465f71da5a9cde973c3a8d726,ef7d732d85e05cc6f2448600166f37f5,delivered,2017-10-18 17:51:17,2017-10-21 09:07:07,2017-10-24 21:34:02,2017-11-07 17:32:22,2017-11-13,a2b7188b91416738f3f713f6e107f276,2017-10-18
81ea9ed273341e95ebee97df7c324645,0a8a2e50c62d53aef475281ad4b18bfc,delivered,2017-10-16 19:03:26,2017-10-17 13:07:35,2017-10-24 19:02:51,2017-10-26 16:52:23,2017-12-05,6fb7aa5d64809265fd131345922bd316,2017-10-16
41dc608dc9ebdb998dc9b63c57eca204,e014a175e1f4895640138693be508ca1,delivered,2017-11-02 15:17:45,2017-11-02 15:26:15,2017-11-03 21:28:17,2017-11-06 20:32:19,2017-11-16,ec7f1811826ab04a27a92197bc40c888,2017-11-02
99cd434b101440c48434f115c3b02f66,70c2747900396189bae163de70b14c6b,delivered,2017-12-30 13:18:17,2017-12-30 13:30:21,2018-01-02 18:38:58,2018-01-04 14:55:17,2018-01-18,6a327f5cf53e6ecd7160fb92b7f2d5f5,2017-12-30
9802c8064442c734074a7b608505a3f8,4bfe2d6820127a5194c476b103fefe6a,delivered,2018-04-28 10:22:29,2018-04-28 10:35:14,2018-04-30 07:37:00,2018-05-08 23:31:16,2018-05-28,f3d1b1a8c8512d48595221731fb7b355,2018-04-28
8654b9ba7d0240807fe0ecdab1f54d5c,eb63cbbc3edd0096ac53f7fe81533f22,delivered,2017-12-18 23:24:30,2017-12-19 01:31:25,2017-12-20 20:04:15,2018-01-08 16:15:52,2018-01-22,2e4650d71b07066c339dc2544826c7b9,2017-12-18
26e1b052ba34536f5766198e15bed1c2,376ddbc5c30798ee6a6befe4202ff7bb,delivered,2018-04-03 10:18:43,2018-04-04 10:35:12,2018-04-11 17:51:15,2018-04-24 16:15:41,2018-04-27,497ba362da1e1f1e2ee7a7ff2ce12619,2018-04-03
93881917b8e0f2bf11eec7abbbfe43ec,5c78528de7bc16285f19af96fce88f02,unavailable,2018-08-11 21:38:00,2018-08-11 21:50:11,,,2018-08-21,e6925d3e39cebd0f699008b248e58361,2018-08-11
7ef7d4c2cef1be38ba7aa93a5a0af2c1,df913529b303b9222440b3ea06e2cd1e,delivered,2018-02-07 09:37:18,2018-02-09 10:12:02,2018-02-09 18:42:05,2018-02-20 09:41:38,2018-03-08,325482a55940c0b6ea8694723830de54,2018-02-07
cb00070405704f99f49cf9e9e2794c77,9c23ff0ddab50d55110a5d15770ed874,delivered,2017-10-23 13:04:06,2017-10-23 13:25:52,2017-11-14 22:44:31,2017-11-22 20:07:51,2017-11-14,ed4e19eb62ec534895e9ff1f7714ad0f,2017-10-23
13ee50026b736b8311e25b3a7bd37f64,90a7b984cf62aef0f211f392d7753541,delivered,2018-04-18 12:07:23,2018-04-19 02:32:24,2018-04-19 23:42:45,2018-04-27 15:32:53,2018-05-16,0796b07ffb9ac4ed589bda594ef0af75,2018-04-18
876e774339918c3047914ce3a4180489,80af9eeefb3f29dc82e93202d89134d8,delivered,2018-04-17 14:23:50,2018-04-17 14:35:27,2018-04-18 19:53:28,2018-05-04 20:42:11,2018-05-16,d634d5ad2d731d135041ef40e077f91e,2018-04-17
85b8899fd1383f7177fe622d29f09272,16f09deb508bd78385f0589498ded0be,delivered,2017-09-25 22:52:48,2017-09-25 23:07:59,2017-10-18 19:28:42,2017-10-24 14:33:28,2017-10-25,280c34dc057ff9f3cd17360673d4b87c,2017-09-25
b92ef17170294d7b2fc093e20bd305c9,069ffa410e2379e3c5a0eaed21879b80,delivered,2017-05-27 16:20:09,2017-05-29 13:55:10,2017-05-29 14:32:35,2017-06-09 13:45:46,2017-06-28,0b11c9f6e42b73fd9c3c84f3b919701b,2017-05-27
0e0441786430b7cfcd0d91f822ea4c99,f1220b145cc86460b4276b9b3e23e57d,delivered,2018-02-16 16:58:34,2018-02-16 17:10:46,2018-02-20 22:08:51,2018-03-12 22:54:42,2018-03-08,1801a172ccbf9172fa375bb6f0c9765e,2018-02-16
322ec06ec547885a70cc8a7d075ddf3a,571cdf47642d41bd003318f7db08eeca,delivered,2018-03-14 11:52:26,2018-03-14 12:28:28,2018-03-14 22:21:36,2018-03-22 00:51:45,2018-04-06,5507273c81ff4c64e8748dfc879f213e,2018-03-14
bcfd2ea0ccf2b146eedf2384af0bf6ea,0a2780550bc97fe90afaf6fd59934a86,delivered,2018-08-16 22:06:01,2018-08-18 02:49:52,2018-08-20 15:53:00,2018-08-21 20:08:56,2018-08-21,421e78f2653c7a9f6aedbe5a258390fa,2018-08-16
6b3b7cba90a84e18a3c860762b535a08,14a010af07a4dac3a39263b876f7dd72,delivered,2018-03-16 20:40:54,2018-03-16 20:55:31,2018-03-17 17:41:17,2018-03-19 15:57:43,2018-04-12,39c5bdaecc367e9355c1f15bc06ac581,2018-03-16
5b16bc6a09b0fc583a3b696a0e80396e,9ed1e0bd6d8169b1c6f499255e6c7b31,delivered,2018-06-05 19:25:37,2018-06-05 19:35:22,2018-06-08 14:29:00,2018-06-29 17:03:49,2018-07-16,2880d08cd241936c6ce9a1f916ed30fe,2018-06-05
8003335035c9770dd19bb3906577ae60,a8ee22949b59be9f25403ffd286d30bb,delivered,2018-08-02 21:00:36,2018-08-02 21:31:33,2018-08-03 13:14:00,2018-08-10 22:03:20,2018-08-21,722b7518fc912c9cfc868f41fbf8f94e,2018-08-02
f511be94d46f57276567f27512e0c304,ce7f5ef3c68b09bbe2a70ba38f470557,delivered,2018-05-12 17:10:54,2018-05-12 17:29:36,2018-05-16 13:45:00,2018-05-19 12:59:47,2018-06-01,f1504453c8e4fc1f29ece30601fe4d21,2018-05-12
c214058828b43a44f352b56ff2d5c0a5,3f3a10ec410c8efb0ca799fa7705d07e,delivered,2018-03-12 15:41:41,2018-03-13 15:48:29,2018-03-14 22:06:34,2018-03-29 18:39:41,2018-04-17,8b28d6ec6f6a9124310e82e5a55f35de,2018-03-12
c55086eeed63b963d33c3253b9954895,d7998849586905d996da5ca20ec6c199,delivered,2017-10-09 12:06:12,2017-10-11 03:14:40,2017-10-11 21:10:28,2017-10-27 18:56:39,2017-11-01,f6d64b2678f2d65fc4816f9f7dde972b,2017-10-09
9e07481935df5f97ce05a674b3165bd5,22803c322ec0c856ad9aae9d26580c7d,delivered,2017-07-25 00:25:34,2017-07-26 02:23:53,2017-07-26 17:36:53,2017-08-01 18:04:10,2017-08-16,5ef0c0879faa6351326edfb00a3ee8ed,2017-07-25
db398b78388fa1c67b3a505ea123c001,841f5c3ca18bbcb7e757633e3d6fcbcd,delivered,2017-04-08 12:15:31,2017-04-08 13:05:38,2017-04-10 12:41:56,2017-04-13 13:34:41,2017-05-02,6b0a53ef940f5507063ab1a95ccf3bda,2017-04-08
5fe5d71d980a06a81a0f27c614ddf0a4,f9142e1821fc9c9dd97d5cd32b9eb024,delivered,2018-07-25 10:39:40,2018-07-25 10:55:08,2018-07-25 11:51:00,2018-08-02 23:58:37,2018-08-15,06249a1cd30e3c76750d6a9736cbedf1,2018-07-25
6a76d982b58d3513e24e3b163867aee7,d604a942c122c72ecd780bad1b2541b6,delivered,2018-02-07 10:16:21,2018-02-07 10:35:26,2018-02-08 22:38:36,2018-03-01 00:48:31,2018-03-05,ffb03435e357d6c137b5b24e34808df4,2018-02-07
cabb82ac5d6b551aacf169d7ceccf521,7e29fe6c4881051063fbda4738a10481,delivered,2017-10-10 13:43:59,2017-10-11 03:26:50,2017-10-17 18:23:26,2017-10-25 20:00:13,2017-10-30,40273ffa07a72fa7b3195d3c5d495925,2017-10-10
367cead10022c703e2a1529c52699ac4,44dcf012f505f08758861bbe8348c0ab,delivered,2017-03-29 11:56:53,2017-03-29 13:05:46,2017-03-29 13:50:47,2017-04-05 12:22:54,2017-04-20,ddbc18ed86e1049268db81f16116d2fe,2017-03-29
6cbe792e9ab88ffb6579d0b28088a988,961a23e97556fd80b1cad9d03d6fb0b1,delivered,2017-09-04 18:46:38,2017-09-04 19:15:14,2017-09-06 13:34:11,2017-09-11 22:24:33,2017-09-26,fda3a3eb3370c1295a4fc3f6cd3d7604,2017-09-04
73cb7b68ebaea36d0678e616423e2618,f17efc061891b8702568adecffa94803,delivered,2018-01-27 19:11:25,2018-01-27 19:19:47,2018-01-31 22:46:31,2018-02-07 18:52:29,2018-03-05,1741b0bef7ccbc530ba7287000d5f49f,2018-01-27
ab76f54a321a0431ef243b3b6865078b,f89df6ef365783b667b626aeaffc5e2d,canceled,2018-02-04 12:25:42,2018-02-04 12:51:26,2018-02-06 23:21:57,,2018-02-21,20b3cac71a94917246f3ec368d36776f,2018-02-04
e7b87b156cde9f1d3a765da80d093d6a,e94ab025529a46247f058102c92b3627,delivered,2017-10-22 18:24:56,2017-10-22 18:37:54,2017-11-01 21:05:30,2018-02-09 14:19:09,2017-11-13,101cdd478ab65cbf3438c8d6f2fb5507,2017-10-22
da61998714e3b9c6399161f0225b63d8,73fe0e25b1561297e3e6f7159ef8c5b2,delivered,2018-07-20 17:20:48,2018-07-20 17:35:12,2018-07-23 14:20:00,2018-07-27 23:37:43,2018-08-09,bf22108351246d1b1c91c709007b1d1a,2018-07-20
2d0805e3e830d6d2d694ee7a3aa58502,a4289973879353758987d0ab0573db26,delivered,2017-12-15 10:29:19,2017-12-15 10:38:21,2017-12-18 22:53:22,2018-01-22 20:58:50,2018-01-11,cc086e1370c1b8891f3df560c359ad62,2017-12-15
b7845ba66ed8b2a92e99835d02a321df,461ee11aeaf3041731370e0d1e5adaf6,delivered,2017-02-27 16:42:32,2017-02-27 16:50:20,2017-03-01 15:31:37,2017-03-10 07:35:07,2017-03-23,5d5ca792431688e840df712220e72975,2017-02-27
b5bbf794f21db63d343d4e0ec7f9194a,455548e1920c91363376c63159d938ce,delivered,2017-04-21 21:18:05,2017-04-21 21:35:21,2017-04-24 10:42:05,2017-05-04 17:37:25,2017-05-11,bb9a2aba2d8e8e246b9da85b6b3a87c9,2017-04-21
3bcae8a1bac5d8f94f4e2f7ae4855348,11c87670cbbc2ade8b669cf1734c8f11,delivered,2017-05-30 14:46:03,2017-05-30 14:55:18,2017-05-31 08:13:56,2017-06-09 14:47:00,2017-06-28,ad35f30aec87a8d4dd5fb9db2c45c12d,2017-05-30
eb034b8ac28dcdf7289050cf29af1647,a3cfaf4970bfede28561aa474e43a49c,delivered,2018-01-17 21:27:34,2018-01-17 21:35:25,2018-01-18 16:37:32,2018-01-21 15:42:18,2018-02-08,84720447172b234e7504da52ee639435,2018-01-17
8990fa8dd3adad058811525395f09bc5,1249530a0d9cbe688e92297163ceb575,delivered,2017-03-18 19:16:27,2017-03-18 19:16:27,2017-03-23 11:03:31,2017-03-30 15:34:46,2017-04-12,7584962979e195df3d4307dca5cf995c,2017-03-18
b883943a11a0c834424c7bf9bfea8b88,c87d39f3ccad9f7fc9bf4d82465d4103,delivered,2018-02-14 15:21:05,2018-02-15 11:30:34,2018-02-23 01:19:00,2018-03-09 01:48:22,2018-03-07,5d92a81be87ab87049dcd6becb48894d,2018-02-14
5eba6d8afdd49d9208232bbd26e9fd0f,4c80e5d2be0abe809be7d2307881969b,delivered,2018-07-22 13:09:08,2018-07-23 11:32:07,2018-07-23 15:09:00,2018-07-27 11:18:29,2018-08-13,0522386da62578998632b218ef15b958,2018-07-22
2ffc25e4c67c5d5ad8a0142b8f542d4f,97e8e95e37c4ac254684884d50ebfa0e,delivered,2017-09-24 15:03:46,2017-09-26 03:56:32,2017-10-02 19:31:59,2017-10-10 20:42:25,2017-10-19,100f480d33281b45b97c07395968e56c,2017-09-24
3ac2529f6e36838d812d40688453abff,e27fb9b0ee41169cccf9f0c4b9b7cd6e,canceled,2018-02-21 01:04:12,2018-02-21 05:50:13,,,2018-03-12,12da9387a0166a8cf3be1948855e7f00,2018-02-21
d4086112e1a1dfb1c53e132fd85ab97a,a7132a5c7513a9e1922019bc2812a6cf,delivered,2018-01-07 13:22:34,2018-01-07 13:33:24,2018-01-10 17:48:53,2018-02-07 00:38:34,2018-02-07,cdaa770a6d8540c61282e1e43af1db8f,2018-01-07
2d2af0a625555b1d0ca95f6feed922a9,9c52e1effa73f4d4b2b3c73bf599972e,delivered,2017-08-31 11:09:42,2017-08-31 11:25:12,2017-08-31 19:52:28,2017-09-01 16:18:07,2017-09-14,749f5ea9b3a5969f77c08cb3744621f4,2017-08-31
36869aecba8d52a09823c891345e0e32,6a19e6fe3bd7901db0c718902898de90,delivered,2018-02-27 20:54:42,2018-03-01 02:48:20,2018-03-01 20:42:43,2018-03-07 15:15:04,2018-03-20,5e8cd17a51d1f75b4cd351db22bc5a56,2018-02-27
5b004e91449a77cd4ad0a10e8fdac668,b1daf464966669df96d346b202615154,delivered,2018-01-23 21:20:09,2018-01-23 21:32:35,2018-01-24 18:09:23,2018-01-25 22:58:54,2018-02-07,9d3c48d289165bcb34568746020c8be5,2018-01-23
c3c0e7587d66bcf58716f519854150e3,58cab3af33e92b444f23b38cbb71c6d8,delivered,2018-01-04 21:53:04,2018-01-04 22:07:52,2018-01-05 14:10:06,2018-01-19 15:56:02,2018-02-07,0e5974e0508527a54fc80264f6da5763,2018-01-04
1c80798b60e75536e4c008facd7e9263,65424f31455174ad680724b72134804f,delivered,2017-07-25 02:04:57,2017-07-25 02:22:48,2017-07-26 10:47:52,2017-08-03 16:44:49,2017-08-25,c1b125950c784d06155f3da0456dcf24,2017-07-25
d468e4e85ee3a383eae43d3e8d9f116b,f176e43ae87e9456af2f9bed9243b93d,delivered,2018-04-10 10:10:05,2018-04-10 15:10:59,2018-04-11 17:23:27,2018-04-23 14:11:30,2018-05-03,f705356badc4534489e2e7ea9c02c16c,2018-04-10
488470d4668abcf0aa20df845d584dc2,e2ce97c1afc8669db9e07666d6cac481,delivered,2017-08-23 10:12:24,2017-08-23 10:32:13,2017-08-23 18:38:23,2017-08-28 18:21:32,2017-09-18,b0fbf3dd205360c209e99fb44a035ba5,2017-08-23
019e03014ec20cc2e3b180cdcf90b4e8,81375382bb64d7f7ba43b0bad8c033bd,delivered,2017-04-04 11:26:31,2017-04-05 11:22:51,2017-04-06 13:21:41,2017-05-18 12:55:37,2017-05-08,fd9d39fa11a8725fabb15d0ff706251c,2017-04-04
89132053ebde68cc07de4c71adedb658,f0cf419b35306c7d6ba2fd5109fcfe50,delivered,2018-02-04 22:25:06,2018-02-04 22:35:32,2018-02-06 23:21:56,2018-02-20 19:40:16,2018-02-21,80d3d756a43ce080fba1c42f17f20430,2018-02-04
d28915f0c151523811a380f3ed100180,c9ed0550462229cc04b405f5cb52d6d1,delivered,2018-02-05 17:28:25,2018-02-05 17:50:00,2018-02-19 13:06:31,2018-03-09 23:42:47,2018-03-16,86d5fcfc40bc1ee2c39dca75dc170ea7,2018-02-05
f879bf0e0b59e1dba249de988e36d3f5,5d38eb0b466af1fb629d7a4e7eb5663b,delivered,2018-02-07 10:14:38,2018-02-07 10:32:13,2018-02-07 19:28:26,2018-02-19 13:57:13,2018-03-05,c9aa900b01a9ff9be1f80cb4f2819874,2018-02-07
657467884d9a109179d820f67575db18,7c548882bf83f9fbe5cb6131a81e0839,canceled,2017-02-16 11:29:08,2017-02-18 11:25:14,,,2017-04-18,6993190a7c6a252ad0afb5128c8522a4,2017-02-16
6519cf54b544974af32f148f9087f86c,6de2b20b2090c27c75dadb17baca195d,delivered,2017-12-20 01:55:22,2017-12-20 03:31:44,2017-12-22 00:14:26,2018-01-11 18:54:06,2018-01-23,342468123f8c0d1745e0e49784e876f2,2017-12-20
84027696c2bd36b522bbc8a9d0578525,afb2a83dca79aa34aa11d9e0843382f1,delivered,2018-03-02 16:53:56,2018-03-02 17:10:46,2018-03-05 19:09:45,2018-03-22 22:11:03,2018-03-22,695dee4c200e4cabdfdb01287f5fd29d,2018-03-02
40c2eb45ee5466b22abb610d218db754,ae9f545566694daf0c47a67c22fc5f47,delivered,2017-09-17 21:03:28,2017-09-17 22:36:59,2017-09-18 21:33:35,2017-09-27 17:52:38,2017-10-06,0116dc6ddf277eb8413a0393cca11c32,2017-09-17
68a5e21e84986b92e9de694590c5a22d,8ddc08f219bd236e6f8674fcf183d721,delivered,2017-09-12 18:44:16,2017-09-13 03:15:45,2017-09-18 21:47:41,2017-09-20 18:37:43,2017-09-27,fde42227eeb6d3fa7cc8c044fb7b13fa,2017-09-12
9a707aec48fe07465e8219dd3b52225f,81560dabd08967005f9b50922e5fc6af,delivered,2017-12-27 16:56:01,2017-12-27 17:07:34,2017-12-29 03:44:27,2017-12-30 11:18:36,2018-01-24,5756ddc3a91220a5a56cfebead9fa9a5,2017-12-27
8ede7df95e1f4a0f85d78bb5128abf7f,af745ba50a9a08bb1a301921d8f3273d,delivered,2017-02-12 22:05:47,2017-02-12 22:15:17,2017-02-15 12:35:31,2017-02-22 10:45:03,2017-03-10,7e56f34c9f4e0627d342c033b6fa3f8d,2017-02-12
ca9a1d0ebf8bb6cf2e90199c3a936410,7508cddea10b3c5050b657e1ad1d6bd4,delivered,2017-05-03 17:51:17,2017-05-03 18:05:15,2017-05-04 16:26:40,2017-05-24 16:09:15,2017-06-08,a1913852f6991f249dc31bdd82d0d064,2017-05-03
95b898c9e7cf03e527bd45abe58a4d55,33a5b6fda716a4b98d433b09a4f99c12,delivered,2017-08-04 16:40:51,2017-08-04 16:55:10,2017-08-08 18:06:07,2017-08-11 20:45:38,2017-08-28,556ffcdd6185be1c44ea83be3b1b5f86,2017-08-04
7388656671c6e0b572d76b7c12fbad52,66049df7b834608e4ae15027f7fe18df,delivered,2018-03-16 16:44:16,2018-03-16 16:55:54,2018-03-22 20:33:01,2018-03-27 01:11:21,2018-04-23,99a2e18b2faab80fb09c48a366b04ebe,2018-03-16
003324c70b19a16798817b2b3640e721,43696894b5bf8fbe1a40b2148ea505a0,delivered,2017-05-18 19:04:48,2017-05-18 19:22:34,2017-05-19 16:04:55,2017-05-30 08:12:15,2017-06-07,fbe6316a06058c651539cbf59ec5a0ef,2017-05-18
e704e063847a3055d24d485db17e30e7,c62ddf589cbda286e9a674861ad04739,delivered,2017-11-19 13:06:40,2017-11-19 19:30:44,2017-11-21 16:02:59,2017-12-02 18:55:49,2017-12-13,8d559e5c41feffa8c86c61a6e6d88107,2017-11-19
994c03114fc5a6345ad5e3b7aeac3e30,1a2669cd39caf29c44956ce921c2cd3e,delivered,2018-05-08 19:52:49,2018-05-08 20:35:24,2018-05-09 09:33:00,2018-05-12 16:18:37,2018-05-16,a13c26a61fc7db6598f3bb1849921348,2018-05-08
3461b5e9de904818a15cac893bccf912,728199a7264bd80e44707c122bb04edd,delivered,2018-01-12 16:26:06,2018-01-16 03:50:22,2018-01-18 21:54:42,2018-01-26 13:44:10,2018-02-07,8689b3e15d4b16cfd05ecf597a523453,2018-01-12
20b44662cba0e4e87a3d794343c1076c,7b5d53fbb685d0f2dcc5cd1e77d29972,delivered,2018-02-19 20:52:08,2018-02-19 21:26:43,2018-02-22 05:35:01,2018-03-07 02:08:28,2018-03-13,f086f2241f351fffef816f58525defbc,2018-02-19
b2bf9b5f46f77b57138a5d545fe10402,ae6afc29caa139045be869248a6be15a,delivered,2018-03-27 18:57:14,2018-03-28 02:48:02,2018-03-29 23:41:52,2018-04-10 18:41:39,2018-04-20,e57801ca95d86b3962d22edf3cde9418,2018-03-27
35123d3f1c7606f81eb9b60272f907df,0fd45421dff2a32e42a61c73ffe2ad90,delivered,2017-02-01 09:12:31,2017-02-02 02:55:32,2017-02-06 15:55:14,2017-02-13 09:22:34,2017-03-08,4d7d18a695ea9881e21222e013003bf1,2017-02-01
a4f60531f70dda57689ca2b1ede162f8,6a122bcedf65452b1002d0fc3758c531,delivered,2018-04-03 08:32:43,2018-04-04 03:09:00,2018-04-04 18:47:39,2018-04-14 19:06:55,2018-04-30,a75768b5d48ac8fa0f2be2d9b0a979b2,2018-04-03
a0034faea6e79d2ed8d8e99279c443b8,ce705dc93f963a4955ad071b24a8fbd5,delivered,2017-08-29 11:47:19,2017-08-29 11:55:26,2017-08-30 20:43:44,2017-09-13 21:22:17,2017-09-26,2f11a122830f78679a6a71fb6e56dd09,2017-08-29
8ee4479875cbd96e7ce155e3c9199147,bf58599771d9b32347c871f98d4bb4e9,delivered,2017-06-21 09:18:25,2017-06-22 02:30:24,2017-06-23 13:32:58,2017-06-27 15:34:26,2017-07-10,bb03a25f1087d42673a0af12a00185f3,2017-06-21
66b9e5412dab143acd97cce94000eaf7,7bf09d9d05cb60c4a07f15ba0b5d86c8,delivered,2018-05-14 12:37:29,2018-05-14 12:52:38,2018-05-14 16:40:00,2018-05-18 23:51:39,2018-06-05,4b7f6a947237bdd5133bc52c79aa6f1a,2018-05-14
ef62be15e919755500885ea4b14c86c1,d3c66ed711b20dae6b22d583674f1e00,delivered,2018-05-22 11:11:42,2018-05-22 11:37:32,2018-05-29 07:15:00,2018-06-05 20:16:51,2018-06-08,9e186910b95ff5d126d30d85ed39ff9f,2018-05-22
ef4927f51923ddcf7b75fb84f51126b7,98c06da4bc9caeddc4b8d92ab42b6bc7,delivered,2017-09-11 23:30:04,2017-09-11 23:43:23,2017-09-12 19:09:45,2017-09-13 16:39:48,2017-09-21,8ffd6eb40d4628ad3d4e229b8c363a86,2017-09-11
31628e1ec1ce71d13a6d7b2b0c5db88a,56cd7ff652ff3f4ee1f3753f572c45ba,delivered,2017-03-06 16:54:25,2017-03-06 17:05:20,2017-03-07 14:56:31,2017-03-13 11:48:00,2017-03-27,52a2816c07a51690d6d6ef1e00690075,2017-03-06
4ae136c7611e6052ec06035442490f24,8a86e15447c677ced975088dcee32e6a,delivered,2017-10-23 23:13:30,2017-10-23 23:28:07,2017-10-25 15:08:18,2017-11-22 16:40:00,2017-11-09,ad585bf696fc252c06f084e8a2fbf784,2017-10-23
d1da39d6d643a11a4083de84d30996a9,c25f1d52a454773cd3197bebbec0325a,delivered,2018-04-09 17:26:21,2018-04-09 17:51:16,2018-04-11 02:32:37,2018-04-11 19:33:15,2018-05-02,820fb7c33392159c64fa4304e5bd95aa,2018-04-09
9b49f06c590d69abbccae35ce08c2d8c,c3654a12b3dbfbe63c569aca28b9ff25,delivered,2018-04-29 13:46:06,2018-04-29 13:55:15,2018-05-03 12:10:00,2018-05-08 21:46:43,2018-05-21,1abe58d4683e430c4265a3032d5d647e,2018-04-29
a71be8f3b8729c021b536bb8e7471000,f6d1915aec1b2b664f424188606a4c50,delivered,2018-08-16 15:40:31,2018-08-16 15:50:24,2018-08-17 14:37:00,2018-08-23 18:51:43,2018-08-28,e4cfd306652fdbd0fba08d62c0e802b4,2018-08-16
4bd0d8aa4756f78245bd56015d4ddcc0,a66d945b437e7e8dab012f6172a5beb3,unavailable,2018-08-11 11:56:24,2018-08-11 12:05:21,,,2018-08-27,c90ae099730477670c18582c8b45550d,2018-08-11
a3757e2e2fc596f02ee3b55323c6a67c,4f00f0cf58715dc27cde8e9222e1e97c,delivered,2017-11-07 00:14:07,2017-11-07 06:31:21,2017-11-07 18:25:25,2017-11-20 23:09:04,2017-11-28,0fd39b61ec94864f92e18e5d7144bc6c,2017-11-07
c4b90fb525d93e4746a762fd136acdd8,da5ab5bb3afab09aebc6f24a3952b11b,delivered,2018-05-09 22:28:00,2018-05-09 22:53:51,2018-05-10 15:16:00,2018-05-15 16:35:22,2018-05-24,5f4c5658bd962837b157b50da89fafb5,2018-05-09
a30b74313d68098f40df2741bf239601,518af708e03d6d2aabb44bcb48133025,delivered,2017-11-25 13:12:27,2017-11-25 13:33:58,2017-11-27 18:11:17,2017-12-05 17:52:06,2017-12-18,447023b653ed5089b09829917557b190,2017-11-25
0f1297fc73dfe8ec236409616c39eba7,61a0d7d415e0f8649f386945871dfd85,delivered,2018-01-30 11:29:58,2018-02-01 02:55:56,2018-02-02 23:42:42,2018-02-06 20:18:28,2018-02-23,f231816f0ee9d6c71b97bbc86f393dce,2018-01-30
92ffa55d1d1e77f655127aac213c1e38,ea900ee2e9dd8860b8423bdc3d397643,delivered,2018-07-27 11:45:06,2018-07-28 03:35:13,2018-07-30 15:39:00,2018-08-06 19:56:27,2018-08-17,da7b330ad19739e67a9f4ecbdb5f7733,2018-07-27
2fe324febf907e3ea3f2aa9650869fa5,65b14237885b3972ebec28c0f7dd2220,delivered,2017-03-13 20:17:10,2017-03-13 20:17:10,2017-03-17 07:23:53,2017-09-19 17:00:07,2017-04-05,78d26ae26b5bb9cb398edc7384d3c15f,2017-03-13
9371a323185fe5bc627ed3065bf2fcd8,9632189e7c39675d6984fda2932d81d2,delivered,2018-03-22 10:11:39,2018-03-23 02:27:47,2018-04-03 20:26:44,2018-04-04 22:28:51,2018-04-05,4488b467710402ee5ae26b004c68b53c,2018-03-22
48fc3920c8d50b6cae63eebbfbf70676,5d4190f32229b41c1a77f81980b29b3e,delivered,2017-08-15 21:29:14,2017-08-16 22:24:39,2017-08-30 17:35:06,2017-09-08 20:25:54,2017-09-19,6b3c2745810041b445d3c8754500f292,2017-08-15
a6d4b394346af973163c403b372e56c2,dadb55e81d2b364625d25ec798cec62a,delivered,2018-01-24 08:45:48,2018-01-24 08:56:34,2018-01-29 11:32:57,2018-02-20 18:49:21,2018-02-20,ccbbf8a335e0faa40f7230cf43541bbf,2018-01-24
75facf271f6fae1a51aa4782d6429942,f57b602116238c3c2da7aef432cfb4f9,delivered,2018-04-09 13:42:40,2018-04-10 04:15:18,2018-04-13 18:03:12,2018-04-16 16:37:30,2018-04-25,e50ccdded0b256507ad0cb4b9e0fd8ec,2018-04-09
ee379f722c4341641c16be92f2175437,9d4aaffa7af020d04df29e4c07fedbb0,delivered,2017-09-21 22:14:13,2017-09-23 02:25:34,2017-09-25 18:44:58,2017-09-28 12:29:01,2017-10-13,b9a017fb5fe1bfa713838d0da5005a38,2017-09-21
7ab2bbacefb1c1016086af8dbde930a7,30c064a514a528e5e28af24a5728e1de,delivered,2018-03-29 10:02:34,2018-03-29 10:15:10,2018-03-30 00:58:27,2018-04-09 18:04:02,2018-05-09,b8049423197f431fc750c59c808038cd,2018-03-29
cf7f0308e07d837de4d5bbc6441634f3,0a6cd2ee840ed7c388c5848c10fdd004,delivered,2018-02-21 15:43:57,2018-02-21 15:50:37,2018-02-22 22:09:03,2018-03-09 13:26:36,2018-03-15,379356bb03f1b017775347c6f6392dba,2018-02-21
b5f0cef68cd2c42cf22c53f76adde01c,1712037015e4da310d94103085ab94b0,delivered,2017-08-06 15:41:41,2017-08-06 16:20:06,2017-08-08 14:58:30,2017-08-16 17:52:25,2017-08-25,80fde6f9ed1b608dcc58489df7b890c2,2017-08-06
8458aabbdd88fb4ce4d936dc46fb1024,ef4a9733eb74af52637ca25f6d41b0d4,delivered,2017-08-29 13:42:59,2017-08-29 13:55:22,2017-08-30 13:11:37,2017-09-11 17:03:07,2017-09-13,be0822af11abf8595c27107c0b83438e,2017-08-29
f23809a318245a674bc438904349ec63,e8833ec036ef5a31782fc90de8a6efc1,delivered,2018-03-29 09:10:21,2018-03-29 09:27:36,2018-03-31 17:51:00,2018-04-13 22:58:45,2018-04-18,01ab4b660bfe57375e0486a07bbe31eb,2018-03-29
a85ca5795f5b9095cd0be276b40cfb8f,399300efe0d7bc0f14370aaf179d0d93,delivered,2018-08-17 10:36:07,2018-08-17 10:49:23,2018-08-17 14:11:00,2018-08-23 20:22:58,2018-09-03,b1e41a18b2cd67509f5bcaf594d0142c,2018-08-17
f7a0004aac8ff2eedd8dc760c4b605b1,cf54e6569d9da458e167fcebdb5adafe,delivered,2018-04-10 20:41:39,2018-04-10 20:51:29,2018-04-11 22:38:42,2018-04-26 19:24:28,2018-05-09,1f2476fcec527fcfd0cc42dde61c548e,2018-04-10
c57cf7b41f793c7c74b7e51f236eb57f,259601eb3d9959930d3b49499a4a3a80,delivered,2017-08-13 13:46:34,2017-08-15 03:50:22,2017-08-18 15:48:00,2017-08-25 22:45:40,2017-09-01,d3fdac471469bb98181e0629e781d017,2017-08-13
987963d6403557c1025b55e60540397a,43cc1adfc1c4e2dcb1d4cff33324ecf3,delivered,2018-02-17 19:01:49,2018-02-17 19:15:31,2018-02-20 14:24:57,2018-02-22 17:52:27,2018-03-05,3befed1154106ada8af2eca42da8bbc8,2018-02-17
eba72fc69b4d8bb6893e635895a7bbf5,138eb7784345a6df16c545bbadcdc9c4,delivered,2018-05-10 09:06:10,2018-05-10 09:15:16,2018-05-11 09:23:00,2018-05-24 17:57:28,2018-06-01,94a5c15761ff2b2607f43d802d232d96,2018-05-10
e137f3b8d8f48a149df7322275e474c5,40d1dfe01516c265dab24f5fe7124e5c,delivered,2018-05-17 16:34:59,2018-05-17 23:58:01,2018-05-18 13:14:00,2018-06-01 17:48:29,2018-06-06,85c46ef799a1ec2400a04eec6db3f9a6,2018-05-17
2694d5d93827eee9e3b4c2d4287c605d,f73659091d1789c9a866de63725a5e4b,delivered,2017-03-18 11:49:25,2017-03-18 11:49:25,2017-03-21 15:54:31,2017-03-31 11:10:02,2017-04-12,664ec9c8b5f1cece2918b17cd2ee6249,2017-03-18
4ef09dfdc36677a4d599a0c1acace4ff,c25cd276761a3853d551e1dd81c16afd,delivered,2017-11-24 14:37:52,2017-11-26 14:35:40,2017-11-30 19:42:23,2018-01-09 18:15:33,2017-12-21,eed4189bfc1ea0c708e927cf93d63bdf,2017-11-24
6d8487b198d566c788aea67710f430ef,2370e5073c3e8be7f81dc13643ceeae1,delivered,2017-07-11 21:59:19,2017-07-12 00:45:11,2017-07-18 21:04:02,2017-07-26 20:17:26,2017-08-02,7cfdfcc93199a212657765fc85928a4e,2017-07-11
93ddc164704b957c3c891cc9d2c20b21,618f5049ac85aff4279509a3154eee38,delivered,2018-05-13 21:32:05,2018-05-15 04:12:22,2018-05-15 16:22:00,2018-05-17 15:41:48,2018-06-04,77869cd71313b554191ad7f7df10231d,2018-05-13
f176aee590391777b0e99737c30315de,6f9e18a3cff69372da26f5ca639eadb6,shipped,2018-05-08 16:43:48,2018-05-08 17:30:44,2018-05-10 08:25:00,,2018-05-29,903fb9f0bee620622b1bdb4ab77c1ed5,2018-05-08
33f5cb78dc85b0b2d67cce7b979fa41b,126efcac7c9b46c472d8c4e53c376a87,delivered,2018-01-31 22:15:20,2018-01-31 22:29:51,2018-02-06 20:28:23,2018-02-22 20:03:51,2018-03-02,fa287e23d770e58e5ed62e2e56e92229,2018-01-31
356b492aba2d1a7da886e54e0b6212b7,68c74d748a55f9d29e6698f4b01a0df7,delivered,2016-10-04 14:44:33,2016-10-06 16:05:43,2016-10-30 14:23:50,2016-10-31 14:23:50,2016-11-28,cb1bc069e25d9c59773c85a2e2a46713,2016-10-04
4bac61800c1e9be95b1fc49a6b859c64,8cd77a8f5bd63acae0918c37269aba4f,delivered,2018-05-11 13:50:38,2018-05-11 14:16:15,2018-05-14 06:42:00,2018-05-30 15:38:54,2018-06-11,db1029b1f63308c837eabdbf054e9dd4,2018-05-11
20b919e05f847a4e3adcb4352ee309b8,d87151e0bf65ad280d636f523213c735,delivered,2018-08-06 16:12:34,2018-08-06 16:24:39,2018-08-07 13:38:00,2018-08-14 19:20:56,2018-08-29,0b655f1022b2924c2ece420dd6169ab9,2018-08-06
105d4ac9ed6fbd646d5d6188edc000ab,46cb7074aae58874cff14f37968a1a79,delivered,2017-11-16 21:27:32,2017-11-16 21:52:04,2017-11-17 21:27:36,2017-11-20 16:36:55,2017-11-29,74506b92531da6e0e8b14bfa756a00aa,2017-11-16
d731191f76c39fe5c7d22edddb6836ba,0419432b440cac406896f9b2ed4419a1,delivered,2017-05-19 18:13:52,2017-05-20 11:35:21,2017-05-30 04:24:53,2017-07-17 16:05:58,2017-06-12,367f4686d7112d69feed92b02a1775ed,2017-05-19
21fd7f6e3a1bdecc5bffcb8838a911e8,e4156eddd433ea216ea851aecfe3bcd7,delivered,2017-07-25 21:44:57,2017-07-25 21:55:20,2017-07-26 19:21:21,2017-08-01 21:32:30,2017-08-14,483b8f91edd97203560ab1e7da045071,2017-07-25
4c7061e57405537a32f8c9dd0a194d68,8541665e9f73b628748b234cf6bb46bd,delivered,2017-05-30 18:02:17,2017-05-30 18:15:15,2017-05-31 18:27:28,2017-06-05 17:07:57,2017-06-29,c230d0a507ccf302b339305e2acf3376,2017-05-30
3efdbf51c992266c11eb3938e67e77da,63f6cd19616df5f2d0965a676bc1ee70,delivered,2018-06-20 14:31:22,2018-06-20 14:58:49,2018-06-25 13:04:00,2018-06-29 00:12:00,2018-07-20,edf0d93f11ab99410981b02039d3ff95,2018-06-20
2de2f2ccac0ff270f62bbd95984922bf,35cbf6c19a9998b7e13495e4faa9382d,delivered,2017-07-16 06:54:01,2017-07-18 06:03:56,2017-07-19 17:42:39,2017-07-26 18:26:18,2017-08-08,e81454e7c379405f6021b5c113ee7a50,2017-07-16
7e9af7be40e0983f0c497782cb6435bd,2c24375ffa9f92076ed3bec1a35e13b0,delivered,2017-03-10 17:31:42,2017-03-10 17:31:42,2017-03-15 05:15:29,2017-03-18 09:53:45,2017-04-03,3740b90925617bd17a12df71dc6f91b3,2017-03-10
ebb9db2cf338e9643c0335094dcd0299,017245b7b19b3dc589ca95daf778253f,delivered,2017-09-28 21:04:34,2017-09-28 21:25:05,2017-10-02 19:19:08,2017-10-11 18:03:10,2017-10-26,dc8ffddddb55f31312cd73bdc6e29f16,2017-09-28
9032c0ac4021b04e4dbe6dedacd3f3ed,c4a7dbc4efde20b832a4ccfb2832596d,delivered,2018-01-05 12:39:21,2018-01-05 12:48:49,2018-01-08 18:47:29,2018-01-30 20:47:55,2018-02-07,65896971d33096a19ebf5cc71de71e85,2018-01-05
a2e8f1f731b30517a6d0e1889d1c7e35,51857fcd0e5ff5ad2c5462923f01026f,delivered,2018-08-14 11:37:57,2018-08-15 03:10:25,2018-08-15 13:54:00,2018-08-17 19:41:49,2018-09-10,2059993ed5857ff3e5f8f476b6d424fb,2018-08-14
7a44c4fe71c5ad785748804827f628b8,0090571a7077aaa71825c98f660695df,delivered,2017-03-12 11:27:09,2017-03-12 11:27:09,2017-03-17 13:23:56,2017-03-28 13:05:16,2017-04-05,72ce629a45d8ae96d22c2946aaf876f2,2017-03-12
fbd9022ebf9271e1952ca884a972d1bd,3e46b833c6f5d7827700b8ef99db2e08,delivered,2017-07-22 17:55:13,2017-07-22 18:10:09,2017-07-24 18:28:01,2017-07-27 19:03:29,2017-08-11,578035514ad8238fa724f24b4aabc1df,2017-07-22
2a6ec88bef2eb4c5e4716b26406ead0b,89128b58a471ab0487f3198a463e80fd,delivered,2017-11-24 08:51:55,2017-11-24 09:11:30,2017-11-25 12:37:53,2017-12-12 08:47:32,2017-12-21,23a9436c10d77a5f040576597077d6aa,2017-11-24
2a6fe3e9e5cc930c0033522f117c1a20,63e7cc7cc2eee233a612234966bac4aa,delivered,2017-11-26 14:36:30,2017-11-28 03:39:01,2017-11-28 20:07:58,2017-11-29 16:43:51,2017-12-11,da1d3e1eab342f0ef2422262a0f96a59,2017-11-26
90920bdae23654268e339ea8f19f0ae8,88f63e38cce5dfa298782ad150309cde,delivered,2018-07-20 07:27:44,2018-07-21 03:05:19,2018-07-25 13:00:00,2018-07-28 14:41:51,2018-08-07,cc870769063f844398ed61c064b82e1e,2018-07-20
bc96d9386fbde750e2b3f97c57b9e270,ebf475d6d14d876da50f4887ee1fc239,delivered,2018-03-06 19:02:10,2018-03-06 19:10:30,2018-03-07 21:52:41,2018-03-19 21:33:21,2018-03-27,1e6c3935d8ed138aba875d9ba69c9f01,2018-03-06
c693197525abfba60b35d3a99954f7a5,d5611385e2e85a798c08942bdcedf49c,delivered,2017-09-14 09:35:42,2017-09-14 09:50:18,2017-09-14 15:59:32,2017-09-25 18:27:36,2017-10-16,442e19b5a900f1dc57ee128d5741626f,2017-09-14
37424b4c8096e0738986a1d6fffc6da2,d78a5880a2347eb58b1c90069e205694,delivered,2018-04-14 21:06:45,2018-04-14 21:29:53,2018-04-16 21:36:37,2018-04-25 19:38:50,2018-05-09,92fcb692f748f9e8e79b75511f1a59af,2018-04-14
884c8bf4713eff2d1830882d96a8f90e,f06a932d9fefe343141d0570ca5d5721,delivered,2018-05-15 20:55:04,2018-05-17 02:37:15,2018-05-17 11:47:00,2018-05-18 15:52:10,2018-06-12,73a49bb375de8d5c0f577fb24eea81fc,2018-05-15
98b44f8fc418ac64b3d764d949a94cd0,6258086c622f3a3d544d6ee76c0724c0,delivered,2017-10-06 19:18:53,2017-10-06 19:35:08,2017-10-23 18:22:49,2017-10-26 19:04:43,2017-10-30,fe680d29bd77430cdae0648522b031af,2017-10-06
957e60e8b06f5c61044ad86aa626cd49,d1fdd448f8dccdf1fd1eef2008573b42,delivered,2017-11-27 23:35:57,2017-11-27 23:49:47,2017-12-04 17:58:06,2018-01-27 15:12:18,2017-12-28,08de981234893b1c856c357e45eef1c0,2017-11-27
823384842bb58973b0c88e31c6f94da9,9c79fa52d8ef5e2e023052e24a06e896,delivered,2017-09-22 13:41:06,2017-09-23 14:10:10,2017-09-26 09:35:34,2017-10-10 19:48:47,2017-10-23,70ffda7e4167ce87ac620ab2c572ac4f,2017-09-22
af6dbf659dbbf1932943adf2a2f6da6b,ee7c4ced04927410df4a3977fbe5e229,delivered,2017-12-05 14:19:09,2017-12-05 15:30:57,2017-12-06 21:21:58,2017-12-18 16:04:32,2018-01-12,1ec820e535daa16788f5e30539db7428,2017-12-05
64320e0f5e1ada4c014e87b66072b89a,7ab146a5f9f827e0f080b310aeeec1c8,delivered,2017-12-17 22:11:55,2017-12-17 23:14:42,2017-12-19 19:37:39,2017-12-26 21:05:06,2018-01-05,f87e1e47863c08eae742924f0e1d4f38,2017-12-17
5e8a43063e2b8bdb8d7902dd4bb62ddc,202a15094b58a3344099488e1d48cf3e,delivered,2018-04-04 00:03:39,2018-04-04 00:15:38,2018-04-04 23:27:35,2018-04-13 01:06:54,2018-04-27,a7c0f680b78acbfe55a8c3b34591f69c,2018-04-04
501947b9b9a7e6e4d8e1ba03c5e11347,4d498c0a47f99935a37606319f6386b7,delivered,2018-02-27 18:54:45,2018-02-27 19:40:20,2018-03-01 02:38:31,2018-03-06 12:29:54,2018-03-13,705075cde7c343e87264e9540ee31066,2018-02-27
01c18108db50c163daf7dfe461093fb7,cee3e95e0b9944bf7c7c6881c286564b,delivered,2017-06-22 17:53:59,2017-06-22 18:05:15,2017-07-03 14:36:50,2017-07-06 17:12:55,2017-07-18,0357aaa4d93f1704a3970255a474eeee,2017-06-22
13f12afcd38859a0ce8e667475326c44,b913254d0a363ec86cc513abbefd6ee8,delivered,2018-07-15 21:42:58,2018-07-15 21:55:19,2018-07-24 14:13:00,2018-07-30 16:31:59,2018-08-16,c51b05929079be99aeab2ca8e64ff73a,2018-07-15
cbc7b0f111cacfc370868186ac364edb,01e16f5204e8741494af3d5b4c355128,delivered,2018-06-30 11:07:54,2018-06-30 11:30:17,2018-07-03 06:20:00,2018-07-04 00:44:01,2018-07-16,5923c024981ce1b639350a147f4efcf1,2018-06-30
7edf1cae89d5343f05b5d4d0827f8bbe,be88767a68a1ca08f600085ceb8ca6ba,delivered,2017-11-25 17:45:24,2017-11-25 17:53:29,2017-11-28 18:02:40,2017-12-07 20:13:15,2017-12-15,db87b2d3a402cb2ba81431679fe025de,2017-11-25
8f9005e33af4e9098cb514dd5f44b0bb,81e7a069c22d320446440504743833dc,delivered,2018-01-22 22:09:15,2018-01-22 22:33:10,2018-01-23 16:44:06,2018-04-03 01:32:03,2018-02-15,80d0e258a93fb949afa542a87dc8f1a1,2018-01-22
321449a02a8bb4029e39f54fe306be0b,87c95d378327768be6c40fae1c060ddd,delivered,2018-07-07 23:35:57,2018-07-07 23:50:10,2018-07-10 14:30:00,2018-07-13 18:59:26,2018-08-01,280dde29aec52f01b1fa90616cf3f46c,2018-07-07
e631329d8cbc84d757e4c471509f4cf2,9face96c098cb8d6decd476fe1eb5727,delivered,2017-06-18 20:37:23,2017-06-18 20:45:12,2017-06-22 09:48:23,2017-06-29 09:59:56,2017-07-13,323818ef6cb89bac1d82f54257bb87e7,2017-06-18
c3ac4b19799a35a01102113da6feb6bc,df4f07a5f5156cebd0e1a5aa69206b2a,delivered,2017-07-25 10:57:26,2017-07-25 11:10:07,2017-07-27 14:17:51,2017-08-01 17:15:56,2017-08-21,a8df36747a3188cb3c38b13c67c8da2e,2017-07-25
751df94e324fbe8de6a5a186568f128a,d06ae9dcd2fca7751cf48ef8ed08b50c,delivered,2017-11-25 01:19:29,2017-11-25 03:52:04,2017-11-28 18:38:46,2017-12-10 22:20:02,2017-12-15,5a134abfa8e053352d6b787c078c6c6e,2017-11-25
e223ccde32fd470414931d963b07c4f8,984e03c38bf2c163791fa3d61a002a01,delivered,2018-08-16 21:42:49,2018-08-16 21:55:47,2018-08-17 14:04:00,2018-08-29 16:08:37,2018-08-27,0edf2c99c99dcf1d147d7d21948808e4,2018-08-16
c8ddaf4d1bb162951e8e76d02c160867,c5a1611b87d4e7e079ad60087a0d2fc7,delivered,2018-05-13 09:27:25,2018-05-13 09:53:04,2018-05-14 14:18:00,2018-06-06 23:14:21,2018-06-11,afec543ab3afb92e608260f0a9ac597e,2018-05-13
3eca2d6d0bebdc75df61d60892caba49,affdd1ae7e63aba106d34c837fa815e9,delivered,2018-06-09 08:29:54,2018-06-12 04:35:56,2018-06-12 14:37:00,2018-06-18 16:13:01,2018-07-03,e23a255cbffdc6f2d65fa40ea89c012a,2018-06-09
04d3e9115c05c6494aa7c1063f96db5e,c704a251b5b82dd1600d4698fdaec3e8,delivered,2018-07-12 13:17:28,2018-07-12 13:25:46,2018-07-18 14:35:00,2018-07-25 23:44:25,2018-08-07,ccd7c35c41d80b77693fb061d3fc36b0,2018-07-12
f8815360ba396d9d7cfa13aa2048041e,b73e048b0caca826fe525c304b9f2c8d,delivered,2017-11-11 13:11:57,2017-11-11 13:31:00,2017-11-13 20:34:36,2017-11-22 19:28:28,2017-12-12,79b130c48d5e0478c313688ee007eb6f,2017-11-11
87c10d50798c3cb5476f246e91921a0b,2356eca41ad970e57a898ab088d52b88,delivered,2017-09-02 20:27:18,2017-09-02 20:35:20,2017-09-18 22:47:46,2017-09-29 16:35:35,2017-09-28,41789ad60c3f4ce775dcc1652a9c26b5,2017-09-02
07a4d93bf559c596edf3f808c5af4720,b9a3c8bf0856fc0298a9d93c4b475d9a,delivered,2017-04-28 13:49:39,2017-04-28 14:05:08,2017-04-28 15:32:19,2017-05-22 08:15:34,2017-06-01,1bde50a93148e121bc6aef10e1c0310d,2017-04-28
24bedfaf52a732f5885a762eedc20f08,92bf9cd979b4fcdec7b886e53c930705,delivered,2018-02-04 18:31:25,2018-02-06 05:31:50,2018-02-14 19:12:00,2018-02-15 17:51:57,2018-02-21,107d73ad18c0506259f10b6d3cacca6c,2018-02-04
c56734bfd1a27270a864726f2fe96fb5,6d3dc14d9685166e7e1dac1e1346ff47,delivered,2017-11-24 13:24:01,2017-11-26 13:18:29,2017-11-28 11:41:59,2017-12-07 18:37:29,2017-12-21,bdebc19be75ce23f8de349a1941d13c4,2017-11-24
9f48540472ff9c80a0d3b67b66f9885c,6bb4af3f77ce2203db9e10215ba97127,delivered,2018-01-28 14:59:52,2018-01-28 15:21:24,2018-01-30 19:31:54,2018-02-05 17:26:57,2018-02-20,5006b8e40ff9c7bf625aa9559e3a68be,2018-01-28
b24467733c29812a6cc1bc3b1a010fd8,1f0803a562ea91738da0b55156525e2f,delivered,2017-06-12 22:40:14,2017-06-12 22:50:18,2017-06-13 13:13:15,2017-06-30 16:32:24,2017-07-17,c59f4f273ca8d8af145356dbce9d6215,2017-06-12
43d60e5304df2b3b2d51d32499266433,168f6a61a508eef3903cca3207e9682f,delivered,2017-10-09 18:25:04,2017-10-09 18:49:38,2017-10-10 16:56:09,2017-10-27 17:28:38,2017-10-31,24d9e83fe11e4390b69e1afb2b93f5ee,2017-10-09
1326c2f23bda822e4ffdd5764e04311e,96e67bd62456c6f366ecc6c9f82cf5b8,delivered,2017-06-08 16:47:22,2017-06-08 18:20:20,2017-06-09 10:45:27,2017-06-19 15:33:58,2017-06-29,b8c796be9c36295b43e9595dc5480909,2017-06-08
e7a7c3f23a94a1094f891ae30eeeccd3,6a1dff9c7a658f9ff8d0381334e0390a,delivered,2017-07-11 16:44:52,2017-07-11 17:30:16,2017-07-12 20:13:54,2017-08-08 17:57:27,2017-08-14,edb0081e6357a78d7bec82c357fb8720,2017-07-11
eb4e4098b7ba7c44df0ef857c570922f,1f3450ae3a184dfad52bbf5bd6b9d468,delivered,2017-04-04 07:12:19,2017-04-04 07:25:14,2017-04-05 13:08:33,2017-04-18 15:43:18,2017-05-10,2ee8cccf165911123a27fe2976739ef7,2017-04-04
054df8d1a5ab3cf520be20c25d98f5f4,f5e607e954dc6a5a62b2bd6751828e1b,delivered,2018-05-12 01:51:06,2018-05-12 02:12:01,2018-05-14 14:04:00,2018-05-25 15:18:25,2018-06-06,aad88ea0262f4c77db76d3870cf28a2e,2018-05-12
001021efaa8636c29475e7734483457d,2dfbf74859104caf100df3720a1d833d,delivered,2018-02-27 09:27:14,2018-02-27 09:35:41,2018-02-27 21:43:46,2018-03-08 20:06:33,2018-03-23,2193383c470dc9cec894ce78afd0ebd6,2018-02-27
677b75c94abaf28f434d9f1be4c12808,9533ca0dba01ab4d0a841b397616813d,delivered,2018-08-14 22:28:42,2018-08-14 22:44:02,2018-08-16 13:41:00,2018-08-17 14:38:39,2018-08-20,3af7778e163d8ce64083783219588e06,2018-08-14
065f2f78a7067e37f695bed618512704,bf175649612501ee4ef4a916f45bc73c,delivered,2017-09-06 14:34:17,2017-09-06 15:20:13,2017-09-08 16:20:06,2017-09-13 20:15:00,2017-09-25,08554ba98b22fef639d30edbb94dceb3,2017-09-06
71605d625856f93b1ef29569d3cb9c87,869e2244009c6cc7cd52d16f0ce9fd8d,delivered,2018-03-19 10:57:52,2018-03-19 11:15:16,2018-03-21 19:03:51,2018-04-12 18:12:15,2018-04-26,d15abc5eb61c895f4824a6822c8b0321,2018-03-19
2062e2b2ccba806425dfce0142c62a84,a841867b4ef1d25a49431a4dbec2a77f,delivered,2018-02-28 20:05:19,2018-02-28 21:08:42,2018-03-02 00:17:46,2018-03-03 00:51:44,2018-03-13,838394d9bc0cc9b3ed2aca2180347499,2018-02-28
c765801ff1022b82d664e0a1b114d4b2,fe631bf78d4a7f9382755b3b6b53e0f7,delivered,2017-10-09 14:42:25,2017-10-09 14:56:22,2017-10-10 15:24:43,2017-10-16 22:44:13,2017-10-20,2c20ac1a2614be46254407941cf45804,2017-10-09
74482752946085825e5c3270eec7d3a4,f068db01b58c44524e54a0a0315b6dc3,delivered,2018-02-13 14:31:20,2018-02-13 15:07:42,2018-02-15 19:22:21,2018-02-26 22:27:47,2018-03-07,7139d062a8bf1437539fa7bb236efc97,2018-02-13
dc2ed1581975f94efea014272ace65a8,f06c58610c27c1e70acc2adde4fc3029,delivered,2018-06-13 15:36:15,2018-06-14 15:38:52,2018-06-15 05:57:00,2018-06-20 18:54:31,2018-07-05,37ff259183f15ba6ea2a6fb3942939de,2018-06-13
b98477e7b8005fa7e969d10ad7992515,b5ca1f301090ea6c5be4a30666abbf46,shipped,2017-11-25 10:43:04,2017-11-25 10:54:55,2017-11-27 17:14:14,,2017-12-18,f8004cb217487de924bc6ce69bdb57b4,2017-11-25
c5e06e750cf18e0c0a71e1d5ae97f749,2ecbbe6d957d18f3ea50549bf5569e39,delivered,2018-04-26 21:52:30,2018-04-26 22:11:12,2018-04-27 12:08:00,2018-05-03 19:09:08,2018-05-23,eaa4e3599d8e57be7a294fc5646e834c,2018-04-26
c14b0a3faf28a3052b92646eeae4799a,c879cc8138b442e8b65b22f7545e711b,delivered,2018-08-01 20:33:06,2018-08-01 20:44:05,2018-08-16 11:25:00,2018-08-20 17:27:58,2018-08-23,e6280f93ae32786766b805f296464892,2018-08-01
a5fec99e63565d20d4b127479d9947d4,f0a83115db332c34b1c6de134a47e025,delivered,2017-04-03 12:24:17,2017-04-03 12:35:36,2017-04-10 11:38:54,2017-04-17 11:48:16,2017-05-03,ddf4401b7ef356067f85442943a7a476,2017-04-03
2c43da70769acf988d27b050b189c7fe,7aa03a53e8c6489f3854470b6ebe9537,delivered,2017-12-27 18:57:38,2017-12-28 14:07:35,2018-01-04 21:38:59,2018-01-19 19:17:48,2018-01-31,fff7219c86179ca6441b8f37823ba3d3,2017-12-27
ca5a215980675471f0cf8199c041909a,588047d7101d88c333691e47659d7099,delivered,2017-01-05 14:23:54,2017-01-07 03:44:16,2017-01-11 15:37:55,2017-01-17 15:14:20,2017-02-01,12f5d6e1cbf93dafd9dcc19095df0b3d,2017-01-05
7275595649b571520b66127a7da3282f,912ceb67f21aa8b6b8716984d027c8a5,delivered,2017-09-28 11:56:16,2017-09-28 12:14:16,2017-10-06 10:12:40,2017-10-17 23:09:49,2017-10-26,605867eafbc459cd824a6cffa8f4042a,2017-09-28
c87cf593c8c9e0e59f1039a2bb8e5d44,6a995457b886564201d3e6016b9bbbbe,delivered,2018-08-07 14:30:58,2018-08-07 14:44:50,2018-08-08 12:03:00,2018-08-14 19:31:19,2018-08-20,20914a8b341d905207e3de6ed4caa09f,2018-08-07
89e704d6ea7fe7f345aa355d6581ab93,98e06d190334a14891b95e3a5d9082cf,delivered,2018-04-10 13:45:55,2018-04-10 13:55:24,2018-04-19 17:36:33,2018-04-24 15:52:45,2018-05-02,b7dc86cb0c8d45f1fd249e78ce69df09,2018-04-10
3b786bf128186200f49a2d025c9148f4,c78aa1f6f041f7933c8d7f00a013288b,delivered,2017-07-12 16:35:21,2017-07-13 03:04:48,2017-07-14 21:41:37,2017-09-12 17:53:32,2017-08-15,50939437d2af7b76a58ecc8d295589f9,2017-07-12
6029e6bd42b7734db7fa0f091ed018d3,3ea585d53c3fcd454f3d6161e1f87587,delivered,2017-09-22 22:30:05,2017-09-22 22:44:11,2017-09-26 18:58:52,2017-09-28 17:28:14,2017-10-17,5da6bdca6491eb75bf2aa46ab41f4ff5,2017-09-22
d17caea6a555b8d399674e0a8e600bfb,980af1ce0eacd16f3acd81d8f6e97a61,delivered,2017-11-15 23:23:55,2017-11-15 23:31:17,2017-11-16 15:33:03,2017-11-21 15:26:59,2017-12-07,3e5306add1209e5ba184092dd1587282,2017-11-15
6cd468d56fed6e899e7c7405b3e405f8,39711aab0716dbffa7363e6d390e4544,delivered,2017-07-18 12:34:09,2017-07-18 12:45:22,2017-07-20 14:12:24,2017-07-26 18:37:26,2017-08-14,9a6cf088dc9a259ef2b7736c229a12f4,2017-07-18
0bde6dfc382fc35f1a5ebf8ddf8e639d,f099b487fbaeef30ede41694ccf282a3,delivered,2018-04-27 08:52:05,2018-04-27 21:52:29,2018-04-30 06:21:00,2018-05-14 23:46:40,2018-05-29,64b3abd7b42bf6100dcf89cdbf8bbed6,2018-04-27
98fdc814528eaae23bbb4515bdd34764,f8bf7baff262da57be32a349ecf922d5,delivered,2018-05-02 00:26:01,2018-05-02 00:56:39,2018-05-03 13:18:00,2018-05-04 16:50:47,2018-05-16,922ab56857845a3fc7f008cc54a9e1ec,2018-05-02
4934371ce23a4e29360d9a4284078a47,da52d7f564d770bd7d3e123431815b33,delivered,2018-05-12 14:23:01,2018-05-12 14:35:31,2018-05-14 15:45:00,2018-05-18 19:44:48,2018-06-06,4ca1119b9bdb444929ab6051f92ca4b4,2018-05-12
d974607c57ca915767ed00355b0a7bcb,460aec2ca51fb345f4b1ecdc663bdb66,delivered,2018-07-31 15:08:31,2018-08-01 03:31:38,2018-08-02 08:05:00,2018-08-03 16:04:58,2018-08-03,3e39b17aa16a496e556265ba39aa2124,2018-07-31
1e05735291d8969fddb706f4fabe8725,0764fd70cf180925814aac76754a1a65,delivered,2018-01-11 21:41:57,2018-01-12 10:28:15,2018-01-12 22:07:05,2018-01-17 17:43:17,2018-02-05,7925dcb5128b04977f3ea47fb374a177,2018-01-11
b5344f6243a17061047a98e502ca5152,1c4da6d9765eb7c26138fd6b675736b8,delivered,2017-06-26 10:15:09,2017-06-28 02:23:31,2017-06-28 14:25:01,2017-07-05 11:02:53,2017-07-17,d4bfdb188411b1d1fdd0a66e8017e8b4,2017-06-26
ae6bb3767e72eb4b280e50c3d46ed9ba,f8de0ee717bedd4c6d63936c7ed0250f,delivered,2018-07-27 11:51:29,2018-07-28 11:45:13,2018-07-30 14:43:00,2018-08-03 11:58:52,2018-08-16,5a309baa12d5c4d5de6c02eccef13046,2018-07-27
a5e4943ec70814fda473b21faaba42cc,f70f80643f8bba51009543d7ff51c8b6,delivered,2017-05-08 09:59:01,2017-05-08 10:15:07,2017-05-15 14:04:05,2017-05-29 14:58:05,2017-06-08,3977023445b2ffaa62e934c2f6da3a28,2017-05-08
6d01825b57b343ee894db28383c782e9,a946fddd59910320e672defbfc66ca99,delivered,2018-06-18 00:50:16,2018-06-18 01:12:28,2018-06-18 18:57:00,2018-06-22 20:51:56,2018-07-05,c4a8d68b42635b6fc8539a0b7ba38ede,2018-06-18
5b97c7d7c0c336bb0d56b9a367fa53d0,f9cad966a31db0ddfba78dfc680b1abb,delivered,2017-11-09 23:01:02,2017-11-09 23:10:42,2017-11-10 19:36:34,2017-11-13 20:33:03,2017-11-23,8ea990b386a49864dfaeb836a9e195fa,2017-11-09
f47a19bfce7086d0e3ddfa0633d20035,dcfb96c5d141b3b9d90ffcb21fd45e5e,delivered,2017-05-24 17:49:08,2017-05-26 22:25:13,2017-05-29 10:55:11,2017-06-01 17:35:52,2017-06-16,8c532c86e424b28e85997dd891e26d5d,2017-05-24
6a3f1f1fc8944e768c77c0df361679f4,91e5ed18f16a1e0f16bdf394a76c1e73,delivered,2017-11-08 23:03:19,2017-11-08 23:15:49,2017-11-09 19:02:44,2017-11-17 22:13:31,2017-12-05,03a9caea366a84e3e6015a26f097c83a,2017-11-08
134f7360b1704296a29b44585e183989,6ee406781397a193218227d27bfc8ef6,delivered,2017-12-04 10:44:09,2017-12-04 16:31:49,2017-12-08 23:13:56,2018-01-09 19:59:20,2018-01-02,4ea1381a352e628690e9ba3343e2443e,2017-12-04
54d37ec8a7b9c92bdca59ec16141bc4f,c7436a01b569085eb8cd8dfddb339b7e,delivered,2017-03-23 22:16:06,2017-03-25 02:15:38,2017-03-28 14:23:14,2017-03-30 16:04:51,2017-04-13,eec237c5f3aaf93e03e7adb562f8c04f,2017-03-23
d9b690be37895a83c71501e629e0c2ec,1889cf2d27ddc5d69df464cd907ea3e4,delivered,2018-06-15 16:58:29,2018-06-15 17:26:10,2018-06-16 09:01:00,2018-06-19 21:53:48,2018-07-12,f3b1f120faeffaf8fbb848ca945933c1,2018-06-15
68619ce8e1d093c01359eb9d2dd22120,1624a92e97ae6aafabdeeab06b599460,delivered,2018-01-10 19:34:40,2018-01-10 20:08:23,2018-01-30 22:28:38,2018-04-03 19:36:57,2018-02-08,a18bf6d9043a91e68982834248e7cb56,2018-01-10
403990c5fffd698dc79416488b3fb1fa,285e15a5082cbec97b3693a5806bd562,delivered,2018-01-15 14:43:53,2018-01-15 14:53:29,2018-01-17 20:22:06,2018-01-20 11:18:33,2018-01-30,9e561d96a1c1198ad3da93f9a164cf11,2018-01-15
01144cadcf64b6427f0a6580a3033220,74219e78dcaeeb30e8d09ed57801f0fe,delivered,2018-02-03 00:01:19,2018-02-03 00:15:47,2018-02-05 19:36:00,2018-02-14 15:10:03,2018-03-12,366516219e06d4f39db335aaea72120e,2018-02-03
e73ad39b2ffd755fc54d65195a8d87ab,583fcf1074abedf44906d0ce0ff89c11,delivered,2017-06-04 13:30:16,2017-06-04 13:45:07,2017-06-05 14:49:51,2017-06-09 11:07:41,2017-07-04,3155854a2db52ab036649b2f31b4fb9d,2017-06-04
e503810be7ff9fce3bffb662632b4479,f5b315f45952adb68dbd409ac3261f60,delivered,2017-10-19 06:43:24,2017-10-19 06:56:11,2017-11-01 21:56:59,2017-11-03 18:52:28,2017-11-08,1b799e76c1e022f3abb60406aba3a6c5,2017-10-19
e6a2ef21b1eb7e236c221d7944fad5da,35aa31e7aedbf179ca3d56781549c810,delivered,2017-11-24 15:42:42,2017-11-24 19:18:24,2017-12-01 22:18:14,2017-12-08 14:57:38,2017-12-20,b536eee7736f03097b7ade6203f1cf9b,2017-11-24
e3b5fc6a21524bb02af5c5ae8934c216,a05e5d67bec8b16eb0a745e78554c71f,delivered,2018-03-26 00:25:17,2018-03-26 00:48:31,2018-03-26 19:34:55,2018-04-09 18:19:08,2018-04-17,478ad0e58a5fbf512d7655c62a78dde3,2018-03-26
da2b32b5cba4b3531361fdc197a11c74,ffdf82f47307e5b56f341a499bd268c6,delivered,2018-04-28 15:43:17,2018-04-28 15:55:17,2018-04-30 15:41:00,2018-05-03 14:57:49,2018-05-25,022ac7dfecd0b4f6019415c4a0fe6d03,2018-04-28
457ade8093de88b42998c569334a7864,1fb8ff22dad231d26fc7ecde2e2dc27a,delivered,2018-05-08 17:17:29,2018-05-08 17:35:41,2018-05-11 19:14:00,2018-05-14 15:27:45,2018-05-25,684da9ec00ee25877fe21ce197403d04,2018-05-08
8e24b32f7ac1da775b571ee8ed0c08e1,638dfe18f83842f9fa6d9c8ad68e3347,delivered,2018-03-16 13:00:01,2018-03-16 13:10:45,2018-03-16 23:23:42,2018-04-07 00:11:58,2018-04-16,a19894006cd7b53c531c22712179d9ae,2018-03-16
be617734b5af69d1f5af08af4a1ac32d,d4670c0c43833c0f28af490a7ce06839,delivered,2017-09-15 23:12:17,2017-09-15 23:24:26,2017-09-18 18:02:52,2017-09-21 19:52:33,2017-10-09,d72c8efab3fada3d046ea0afd623dd16,2017-09-15
b6f5abd372e047f666f90ef9456c4eb4,443848fbc6823a721e07a9749cf86875,delivered,2018-08-15 00:38:31,2018-08-15 00:50:15,2018-08-15 13:28:00,2018-08-24 19:08:48,2018-09-10,e42c68fd0e72c61c1d4427e060cdf015,2018-08-15
34f6873b6342bc990245336b01a81a1c,e1da8ad2215e8145aa8193f50be94c47,delivered,2018-07-07 13:43:57,2018-07-07 13:55:13,2018-07-12 13:51:00,2018-07-21 01:04:16,2018-07-31,4db91c8329e318b366d26e3c6ded866d,2018-07-07
9298c4a7ed6bd4d2cc8433f7e4053fe5,833d52f3b53923c7f3e2371dced43ce3,delivered,2017-10-30 22:36:14,2017-10-30 23:31:09,2017-10-31 22:32:35,2017-11-09 16:06:53,2017-11-16,c1e936d4c4fd02c66085ed43914d0b67,2017-10-30
d2dec7f70a6ba38a5391914f927ec6c9,30956f750c3184a07f887007009d003d,delivered,2017-02-01 14:45:46,2017-02-02 02:45:35,2017-02-07 13:58:52,2017-02-14 11:58:37,2017-03-10,7b06939062a079425ad83f54c98eec7e,2017-02-01
9584de98c3062bc5d9be7780f9dbf41d,2fc636a28e985f64337f1766b033a3e6,delivered,2017-12-19 23:54:56,2017-12-20 00:56:22,2017-12-21 19:03:25,2018-01-04 16:36:31,2018-01-24,94fcfcb1829211c969aa94c52a48c7eb,2017-12-19
bce0e59fd169e75aefbf4c28335c5b7d,3c40b26b740ae128d28eceec148aa527,delivered,2017-10-30 08:35:46,2017-10-30 09:08:16,2017-10-31 16:42:58,2017-11-03 16:02:59,2017-11-17,0e5023be8ab6251253df97e45be6bb0b,2017-10-30
a055f8239d18a2008883be78eb09cf41,c5d9eeca2c5b52da55d9a4a312e3e278,delivered,2018-08-04 23:32:58,2018-08-05 23:30:14,2018-08-06 12:24:00,2018-08-13 19:56:35,2018-08-24,cc31282a9d20caa9b70e578d1d5a7062,2018-08-04
83dbd41b4ce2547156c5b288e6fa7e9d,116fe32b6383353fec1eea7775c1ab25,delivered,2018-03-29 20:55:56,2018-03-29 21:07:54,2018-04-04 19:04:12,2018-04-12 20:51:01,2018-04-20,c8e70a09bed103cb38ffb34bbf832438,2018-03-29
52d20325fb774c95fce2a21dd831fc67,45a487f7d6b7c0d34a76f91c45c060a0,delivered,2017-11-25 13:20:07,2017-11-25 13:33:16,2017-11-27 18:23:05,2017-12-01 13:18:22,2017-12-11,692c825d8b637fe3944f7d631257b2d5,2017-11-25
c160615570fbb622a1e6101a16345429,dd363de1c47e9447e40ac0a2b65e7b5b,delivered,2018-03-02 11:11:55,2018-03-02 15:30:31,2018-03-06 00:04:29,2018-03-08 21:20:18,2018-03-14,132ed719eb06db02e433b73cd10f3e3e,2018-03-02
73129fc6dbffdbd797a012f50ebffde1,52a76bd19c7bb19417adef1b8d5865c9,delivered,2017-09-29 19:17:57,2017-09-29 19:28:14,2017-10-02 20:55:49,2017-10-09 18:02:43,2017-10-31,e67997b38abc2296d2286c9cc3121e24,2017-09-29
3b75fec4f1f6f22c7fd68becfadf57f9,ecfaf0be74377fdae1c4290dc611c9ab,delivered,2017-03-21 23:46:01,2017-03-21 23:46:01,2017-03-28 07:57:37,2017-04-01 08:57:03,2017-04-07,052ee9dccb43ae9d47e3181d468f73e8,2017-03-21
2a3f0a5fbf1d28387b5aea5308d6fd4e,e6bd83a6d5519bed82eff1ea0b4898af,delivered,2017-02-03 22:18:03,2017-02-03 22:30:18,2017-02-06 09:40:25,2017-02-16 12:44:12,2017-03-24,2aa0f1a709204182d465e85b3ed30681,2017-02-03
c9fa2e38f94a98ff4035367a0e2ac669,c2b72d9208c75ce2fef3d3a3d4ff0f47,delivered,2017-05-31 16:53:35,2017-06-01 14:05:13,2017-06-02 12:32:44,2017-06-08 14:57:26,2017-06-23,6286f40d6639efdc3b8f0a4b2cbb2a0e,2017-05-31
e35d5b4ff8dc9aeccf9cd8ce63c07a68,cea608fc4c1e7191f2fa019426a40ccd,delivered,2017-12-15 10:48:11,2017-12-15 10:58:23,2017-12-20 12:51:58,2017-12-22 22:45:09,2018-01-10,fba22f548197870cfac0da967919f8be,2017-12-15
c86f0172acfdef71d38e298e4c863976,b7f23c4d0d5b9253771518139e662057,delivered,2017-11-27 22:07:54,2017-11-27 22:19:08,2017-11-28 19:28:29,2017-12-07 22:32:34,2017-12-22,8959d030690f7942e5692a166d678728,2017-11-27
0f3c5ae029d4593f5dad8e97e29ffdad,8ba72f151a0ffe35ee364a1dd8efecde,delivered,2018-08-14 20:50:30,2018-08-14 21:05:15,2018-08-15 10:02:00,2018-08-20 18:35:03,2018-08-29,778c2a858f78f3527d3701c1ce783a5a,2018-08-14
c40ef1f09f4ba772a63865df0274f6b8,910061024aad54e0227ec718b29297e6,delivered,2017-03-08 16:06:00,2017-03-08 16:06:00,2017-03-10 04:43:45,2017-04-07 12:23:52,2017-04-10,125740359669fa63858476105a5d523d,2017-03-08
88ce2e58fa5ec79842004f87fe6a5c80,6f7daff9ce365b020be3e3bfa5ea27d3,delivered,2017-08-07 03:53:33,2017-08-08 04:15:23,2017-08-17 19:37:44,2017-08-28 18:35:36,2017-09-20,4fac6cc7c89a2996e9c2312c294b4fca,2017-08-07
6435ecb2bb5ff8583de1db425e2de5e5,94c5e671539f03f926d1edcb9fad4ad3,delivered,2017-06-05 21:25:17,2017-06-05 21:35:21,2017-06-09 15:16:49,2017-06-13 14:53:59,2017-06-28,80f4d37bc6cfa3883c5ed19463c2c1b2,2017-06-05
7ae84ff984c3b48b715c8f3130bf97b2,9e3f184b082b011c167766085ca8015c,delivered,2018-08-01 19:04:36,2018-08-04 13:15:16,2018-08-06 19:36:00,2018-08-10 23:17:42,2018-08-24,94e32b724244b93c74c028ce960beec8,2018-08-01
41fd531c328f5d4a978b612a04dc576b,9ec5d37080b7cb6a7297ae7e58429851,delivered,2018-08-10 16:48:29,2018-08-10 17:04:28,2018-08-13 13:13:00,2018-08-16 14:02:26,2018-08-23,89c6ee9b56031347d5c4509ba326ecb9,2018-08-10
eee762de005b77487718377a445e292a,149fb5e07107f6ad6ff9fd318bbf846a,delivered,2017-07-17 17:41:15,2017-07-17 17:50:18,2017-07-18 19:03:53,2017-07-22 15:09:45,2017-08-10,824de303ad09beec4bf7531e74f3b721,2017-07-17
f31100a2f631a83441d0fcd3de9bb098,6ff2f20973c8de5038779940a6ec5cf3,delivered,2018-06-20 19:20:57,2018-06-20 19:39:58,2018-06-22 12:46:00,2018-06-29 19:02:28,2018-07-24,10ec83cc1eb95a0965aab23377edc1ae,2018-06-20
d053b132c9cab9591737e9754ccf21be,3d03918967b32805b683d795b94763d3,delivered,2018-05-25 18:43:19,2018-05-25 18:58:37,2018-05-29 12:53:00,2018-06-01 22:48:48,2018-06-12,54c0ced91504b6d96b682a9fe0533159,2018-05-25
e77eb7578799cc588feca0f6cf56a49e,266248a1e531cf473b1efdc0b642cd55,delivered,2017-09-05 07:39:03,2017-09-05 07:50:24,2017-09-05 21:24:11,2017-09-06 13:15:40,2017-09-18,055a6d8515c1b5dbc065a03770ae504b,2017-09-05
a1534509a270687ff2247cebc502baae,4b0a0df498777c35ebaed6d77ea7b4fa,delivered,2018-07-28 18:28:01,2018-07-31 04:05:37,2018-07-31 13:24:00,2018-08-06 20:51:15,2018-08-13,ac82aabf73f4bc2058da7411e052e424,2018-07-28
9440c562cbc95c1641f816823dfb165c,eb8c7491653975a994d46668fad3d7a9,delivered,2017-11-27 00:16:41,2017-11-27 00:32:45,2017-11-28 19:48:41,2017-12-08 20:15:42,2017-12-21,fe980244ecb1b2b271cece2e75107fd0,2017-11-27
48c624d7fc96b46021a6e12536c643fb,08e56ab98cdcf2b7de382408a8efd626,delivered,2018-08-14 21:58:39,2018-08-14 22:10:16,2018-08-20 13:40:00,2018-08-21 20:34:48,2018-08-21,8aa523bf3977293471e1f5894bfdbffa,2018-08-14
7d42eb0f5a0a60cb5b96a044a3fb4668,f8d7a963345ee86ad3e3ac1b6010284e,delivered,2018-07-17 09:39:48,2018-07-17 09:55:19,2018-07-17 13:46:00,2018-07-20 18:12:38,2018-08-07,0196285e88e29cdf2c0afba10cddd9f0,2018-07-17
9b4c32557fa9eadd42717fd0f2e255a9,842d12d786d651f7b93223525fd5d483,delivered,2018-03-28 11:26:12,2018-03-29 03:10:33,2018-03-29 17:58:31,2018-04-10 21:07:33,2018-04-16,994f863db7cbacc01382891788ba1d4f,2018-03-28
53655ba462a8da271979e297337716d0,022ce4a398ead1391e33c9899e3e3d44,delivered,2017-04-04 18:09:37,2017-04-04 18:23:16,2017-04-05 09:35:53,2017-04-11 10:32:07,2017-05-02,dc2e4c590a48a3c318d9b126f43b4076,2017-04-04
fbb3296cbee389d9961a820220eb62a3,9dc80a62589e4f4f71f88cb98a4836bd,delivered,2017-08-28 15:30:27,2017-08-28 15:45:39,2017-09-01 18:06:02,2017-09-08 18:02:52,2017-09-18,b7d8524e14913b79fe082a5fc2efffd7,2017-08-28
b313e45e823639cb00b2bbeca8ea7aa6,644047f9e8322e495b084f1884276936,delivered,2018-08-09 20:48:56,2018-08-09 21:04:50,2018-08-10 08:20:00,2018-08-27 22:28:23,2018-08-24,c695342c19de857d6a0d52f4ce5e97c5,2018-08-09
36102c60cdae5d6d01fd40b0b5db5857,9f667f9b7e7eea1ef00021153887a4b7,delivered,2017-10-08 00:03:44,2017-10-08 00:28:33,2017-10-10 19:46:39,2017-10-12 16:17:52,2017-10-25,bb99e6ae642f462d7bf05db05fc9aa11,2017-10-08
3369b9e1711af775c57b7ad52baf8017,2327e8c7d289aab1d3508440c2111cc0,delivered,2017-10-08 10:47:34,2017-10-08 10:56:14,2017-10-17 21:13:58,2017-10-27 19:27:39,2017-11-13,9c9edf191f58b820c7400829edacf495,2017-10-08
5d146abaaa0996f8cabcb5a3fa96bad7,4ceb21edf64c0b960eafca68dab32de0,delivered,2018-01-15 09:18:38,2018-01-15 09:29:58,2018-01-15 19:48:04,2018-02-09 02:14:01,2018-02-06,9b1d34d16dab9716505efa1e87a48e5d,2018-01-15
c6b504c2796cc68a698cd95f0b68d569,fad53f8cc1f3134508b0661512ba21ce,delivered,2018-02-09 16:31:38,2018-02-10 02:35:59,2018-02-14 20:38:57,2018-03-15 00:22:03,2018-03-08,315d030ea450e5e6610db422579ef367,2018-02-09
90c76ed1638b6bf4f87d58e19b3d1349,68aab4a7b7f6ae92db5bbf4358531d9e,delivered,2018-05-23 12:37:05,2018-05-23 12:54:49,2018-05-24 13:23:00,2018-05-25 14:12:06,2018-06-08,100bcfbf3d5a9723b51ea6b5b421e3d5,2018-05-23
2ca97ee9ac987bf566133bbde9f82593,b6fba90f135c69997152dbe370b48f37,delivered,2017-10-30 14:18:16,2017-10-30 14:32:56,2017-10-31 20:35:38,2017-11-03 19:05:50,2017-11-21,43d9f142b1db42ce08a49f2abb794d1e,2017-10-30
cfdfa46e2f22c67f26fb469b93b88eee,311065c572524dc5f7364cadecb94bb4,delivered,2018-04-01 11:54:37,2018-04-02 16:53:12,2018-04-04 02:52:26,2018-04-04 20:14:33,2018-04-12,bb423eb92750d113477a33e380753a70,2018-04-01
9dcfd5e81815f361cac59d41e752483e,0ef0bd3881ac2c4b80e65060a64c9b57,delivered,2018-07-24 22:47:34,2018-07-24 23:04:22,2018-07-25 13:51:00,2018-07-31 15:52:43,2018-08-14,1770ca6e1a424a5eb17869c03fe226b7,2018-07-24
ca43f8e8a9bf6a143bdfe24cc9fa5c1d,0910d6fabaaa19fbd65cb92ea301d7f5,delivered,2018-07-24 09:49:03,2018-07-24 11:24:21,2018-07-27 14:12:00,2018-07-30 20:21:51,2018-08-03,e8157273fb1632f742c9df3daa6357aa,2018-07-24
99453070998d4914d5507cfb82726dc2,efb87896ef3ce90735c6ce36c70726a7,delivered,2017-12-14 15:06:08,2017-12-14 15:17:27,2017-12-15 17:39:05,2017-12-22 19:37:53,2018-01-12,90cdd8659fd2f2399939b90cdd2af60d,2017-12-14
7586fba717703e4122d9e3468c81949d,998804bef4876b662cbcd7ab71d79229,delivered,2018-02-08 14:49:38,2018-02-08 15:29:13,2018-02-09 21:38:20,2018-02-16 20:42:58,2018-02-26,b139eaa6ed9367bde92f3eaf2528390c,2018-02-08
d12cad0b8ea6cca0ee8d2d4f4105cee1,2ad6a1964e68226e5707423966a8a1c6,delivered,2018-06-11 11:11:37,2018-06-11 11:40:57,2018-06-12 14:47:00,2018-06-20 22:48:24,2018-07-13,d7777e57eeb396debfd5a74a8cbb4c1a,2018-06-11
3869937e33c68a5ec38cde1f19a6968c,13285f2d708fe358bc04ff5f3abf4142,delivered,2017-11-18 08:05:09,2017-11-18 08:26:45,2017-11-22 14:23:05,2017-11-29 10:22:07,2017-12-07,7a40da3af7a607c7275b9b8f71d730c7,2017-11-18
8a098e4e3159f7d2618ce9617622973b,1a25d3ef5a6dcaa26f8ce2cd51eeea15,delivered,2018-02-26 09:38:00,2018-02-26 09:50:12,2018-02-27 22:09:28,2018-03-22 17:23:28,2018-03-22,6a15b7262cd0cd2ec26393cd42d3e7df,2018-02-26
8514ad13664259c7e1bc7cbaa34826f0,fdbe37ce3eb161f107bf6aef5559207b,delivered,2018-07-27 18:00:30,2018-07-27 18:15:42,2018-07-30 11:12:00,2018-08-08 22:06:27,2018-08-28,e68baf90746ff0e14a635610e4ac82bd,2018-07-27
94fabf7998d05f3035718e58cb86d671,5db508fad18c0f8a905f33bdeeeed097,delivered,2017-09-23 18:49:08,2017-09-23 19:04:22,2017-10-04 20:15:45,2017-10-09 20:57:36,2017-10-24,f801f71b6e98670a86ad3735144d1b7f,2017-09-23
b4569b2bb5498e383b5e2bc4065a2a41,3392d132ef52f5cc50e857021fc0eda0,delivered,2017-07-12 07:30:05,2017-07-13 10:33:49,2017-07-13 19:56:48,2017-07-17 18:41:30,2017-08-15,1b26eaba229e33466f3a6872485c7dfa,2017-07-12
d8f468b709cfc1078e9574824a4e16ad,989da0638beadf51d0beab6c810a6272,delivered,2018-01-08 10:41:44,2018-01-08 10:53:23,2018-01-08 19:49:20,2018-01-19 20:23:03,2018-02-01,7910975021e70cb7c58983aa83566ca1,2018-01-08
9d8511a0b975c1aae5e2a9698a1ccae2,26998418b6674006d6ef5cfc44c398ee,delivered,2018-03-09 12:20:23,2018-03-09 12:35:23,2018-03-09 22:05:52,2018-03-20 14:26:38,2018-04-02,51560cd71e19e09f75e568dcb5666005,2018-03-09
52a0c9afd6d3a9c61af74ea1149c494e,32d18d1cbaf07c144d936477542bae40,delivered,2018-07-18 20:41:59,2018-07-18 20:55:20,2018-07-19 11:22:00,2018-07-27 14:11:33,2018-08-03,a6d2cf238e7e37a0b419245b0eb23b88,2018-07-18
e39540a5cc5d31832456faa0dab449c1,bab7a84c462498deb31eef36223fd56a,delivered,2017-03-14 22:26:56,2017-03-14 22:26:56,2017-03-16 10:23:42,2017-03-17 10:53:33,2017-04-03,9e3e66c81aeb17f3722efca5053de8f4,2017-03-14
b2ae4ac79ec215eb7e8a6f680f0e4957,d7c4de0e07242d73e999ba110439de28,delivered,2018-01-06 17:41:13,2018-01-06 17:48:25,2018-01-08 18:49:43,2018-01-19 03:22:53,2018-02-09,0a3dde3de8a75b9a9abb92ee368725ca,2018-01-06
2d4f4cfa89af135842ed4770de178752,8f9812b5317a9100b7eaf46812a796c2,delivered,2017-08-04 09:48:08,2017-08-04 10:50:17,2017-08-14 15:51:24,2017-08-18 19:54:58,2017-08-30,95d47153b9bc4d0fe3b9c714c4b19c3b,2017-08-04
fad32fa5c9e17b0d55a6afb8e54bfbfa,f419b2f9ab6087cef550f09755cb57b6,delivered,2017-06-08 10:56:15,2017-06-08 11:10:35,2017-06-09 10:07:17,2017-06-22 14:52:23,2017-07-12,4af0779ff4a82e7e5032c989c5cd250c,2017-06-08
79172945447a2dd29abbffd445a99205,5716b7f71e2f297c54b1ebf747b4b532,delivered,2018-08-05 09:55:03,2018-08-06 14:25:20,2018-08-07 15:23:00,2018-08-10 22:31:56,2018-08-10,472fc978a23f869cf695ca63df77673c,2018-08-05
11f1347027d269d264f62d3631ef5e42,eac9594724e31c2bffab441f09d36d5c,delivered,2017-12-22 15:20:28,2017-12-22 15:34:41,2018-01-03 22:36:31,2018-02-07 16:13:18,2018-01-18,2aa3c92d851146aa23373d3d9baf1397,2017-12-22
c24d2f7d4ac8f5e961e730da59972c7d,7b6ea917ba465f240012834c675c56e5,delivered,2018-05-14 20:19:18,2018-05-14 20:37:51,2018-05-15 13:55:00,2018-05-18 18:08:35,2018-05-28,ffadd77f6a8541b2a36f62faa416f8e5,2018-05-14
cac62199ea603b63ffb529a162c596c5,0c6fd39752c6d0290341e66b6c357f3b,delivered,2017-05-22 14:33:20,2017-05-23 14:42:56,2017-05-26 11:44:42,2017-06-09 14:42:50,2017-07-10,e016365b624d1755f3e2d0e8f1631ebb,2017-05-22
622f616838747771f377b27f47f2d21a,4d5de06dc8934e25f9508d604dba6b6b,delivered,2018-08-24 12:02:22,2018-08-28 04:10:15,2018-08-28 14:16:00,2018-08-30 20:54:38,2018-09-04,4f3eca3b402738d145bd7f1856462765,2018-08-24
ace32c3a7cdce2ac7c62d0ca6c39b0bb,26997b17345ddc68675c19aad4a883eb,delivered,2017-11-05 16:50:18,2017-11-05 17:07:09,2017-11-08 18:38:30,2017-11-21 19:56:07,2017-12-05,f079f24421070c48eda95468f1842707,2017-11-05
04e1ca520a917164808b7fd567f9b57c,ca0a811c3f2154cf8d046ce2169bafae,delivered,2017-05-12 04:58:05,2017-05-12 05:40:05,2017-05-13 07:33:45,2017-05-24 10:43:59,2017-06-05,8da0fd2bbefb5e8f300bb327595262ef,2017-05-12
8ab162fc692c0698b0c3de0c76efc41b,e507d5833c9b723bad4d10a13e1d6d1c,delivered,2017-10-30 18:18:12,2017-11-01 03:35:17,2017-11-01 18:12:57,2017-11-03 21:38:34,2017-11-07,0fae0fa9c3b2212e6efce4edc98d2d34,2017-10-30
9cb899ec49b7c2411eae41cd5977de2f,e67f59f16e6056646cf6ad6cb2b0ded3,delivered,2018-01-10 08:28:59,2018-01-10 14:29:22,2018-01-11 17:48:36,2018-01-17 13:59:03,2018-02-07,77bdfd6daf1f8c734874e469950614af,2018-01-10
12ca240539e7029e0328f0a410c12ad1,0c63b4438ff050942153aaa4c19ad1d3,delivered,2016-10-10 16:00:33,2016-10-10 16:43:18,2016-10-14 16:43:18,2016-10-17 17:43:18,2016-12-02,8ca747eb93e7b8d6a56532b8f074d185,2016-10-10
c6d3ba7aef0216cb6c540497c845f0ba,6b33a31c21e3e38abf7f7745689d6ab3,delivered,2018-05-16 15:29:16,2018-05-16 15:59:40,2018-05-18 14:55:00,2018-06-19 18:42:14,2018-06-11,93a97ded75d29ad3e94405a590b367f1,2018-05-16
8f31b05b300b9648b988906d899b97e1,f14c14c6129468981840deb6b0474ba0,delivered,2018-08-03 15:40:11,2018-08-03 15:50:21,2018-08-06 11:46:00,2018-08-07 22:28:34,2018-08-09,0b366bcd927bbe310de8ea00f1cf5bbf,2018-08-03
4a72d371229f317ace1d8e10f25f5f1f,c00a1b8f752435e3a7f02082066f77da,delivered,2018-06-10 15:03:58,2018-06-10 15:15:11,2018-06-11 13:16:00,2018-06-18 15:48:24,2018-07-11,ba65a2f561c0060f673919c54bdc2c7a,2018-06-10
c8b709b4de5c0e1cb70a49d194ebfdb5,21a498fded382f294edbde28ccb9c002,delivered,2018-05-06 17:26:25,2018-05-07 18:10:05,2018-05-09 12:32:00,2018-05-26 10:28:49,2018-06-06,da2197ca46dbaebec38382538105c8b7,2018-05-06
3e8ef04f228ea2e33b19ff30e0e61f38,a2e1b81e95b64a49c8715043ec2bf878,delivered,2018-08-25 16:48:02,2018-08-25 17:04:13,2018-08-27 13:55:00,2018-08-28 22:06:40,2018-09-06,d81bc4bbe85d4432bbd96d5241268903,2018-08-25
4015f31ddb21f7ae83d72e00ef0bce97,800282b8afaaf9ed8bb6ed9adcf83e61,delivered,2017-06-20 14:40:03,2017-06-20 14:50:12,2017-06-23 10:18:30,2017-07-03 17:32:11,2017-07-14,8e0275b5c7fb6f05e312a1079a674410,2017-06-20
d92d14b8e228a3d16418041f0e04620a,3218724bc18c442e58bd39608b0f100a,delivered,2018-02-04 08:30:33,2018-02-05 08:29:04,2018-02-06 17:02:14,2018-02-28 23:53:56,2018-03-13,d9151698fc7193669598995a4c6f494f,2018-02-04
4c06d7e5a8a5c7b432366e7c923644c1,6c05d57edd52bf09bcafb602679a6957,delivered,2017-12-24 13:42:21,2017-12-24 13:52:24,2017-12-27 19:42:36,2018-01-05 11:14:17,2018-01-23,92236e071e9e20ef3b6549c7b8ee13cb,2017-12-24
6a5c924707872ba699631777212bc781,01861d47cc473c84cecc3781619f6924,delivered,2017-12-29 22:26:49,2017-12-29 22:34:30,2018-01-03 15:38:30,2018-01-15 21:42:56,2018-01-29,97e7943c5301d311f4a317db77a54dec,2017-12-29
95442deb81a5d91c97c0df96b431634a,daddb546b42f656e57ba8a3cf71a309f,delivered,2018-07-19 11:54:25,2018-07-20 04:45:21,2018-07-23 08:22:00,2018-07-26 16:16:59,2018-08-02,5b7f468205743c98e58a379722d3ae79,2018-07-19
2a3007ed051b02a0e0dd0709c0ec9cd6,f8d66f4697040f84a45713d2c3b50dcc,delivered,2017-03-17 11:32:27,2017-03-17 11:32:27,2017-03-27 11:10:18,2017-03-31 11:56:20,2017-04-11,6a233b83fa66f04c2c48658a832ee2ac,2017-03-17
979fdfc1766453994df684ee9637ec80,03561aef46e7dc993d752d9edf39d31c,delivered,2018-07-12 19:53:04,2018-07-14 02:35:17,2018-07-19 11:43:00,2018-07-26 00:58:35,2018-08-10,effe219869e5a4e0869c3a27b75b56df,2018-07-12
fa94c44f1539dcab4c8b936951d319d6,52267b6895bce2066b815bb3254e6a47,shipped,2018-07-08 20:02:19,2018-07-08 20:15:18,2018-07-17 15:48:00,,2018-08-17,e8a2d3394b431b7f42d1a19041156f2b,2018-07-08
25bd8989456dd7df432ee769b7b3438e,236e930f408e334cc2d154a37d4f6fc1,delivered,2017-10-22 12:04:56,2017-10-22 12:14:21,2017-10-23 21:25:06,2017-10-26 17:14:00,2017-11-13,63fe7b8887f3c8887c8e3ad54026a053,2017-10-22
68d30b64daa2ee72a7f61b86717c20f4,74d653f3908d54caef36bd9b9a3c7627,delivered,2017-08-01 10:21:50,2017-08-01 10:30:19,2017-08-01 20:13:52,2017-08-12 01:12:18,2017-08-23,c2e9a50bcf76b5783bc96f906f95bceb,2017-08-01
8cc0880efc901b49643246b04fa10a35,bea2a6e6464aa7481ee645138019c6b2,delivered,2018-02-26 12:19:50,2018-02-26 12:30:44,2018-02-28 21:58:33,2018-03-09 21:35:47,2018-04-02,b913c130246d345c57a5e685d522b2d3,2018-02-26
ea134380898c6f487ff7113ecdd6319a,04e78263360f4c3aee74cc715c333608,delivered,2018-05-09 20:59:26,2018-05-09 21:15:29,2018-05-11 16:39:00,2018-05-18 18:40:37,2018-06-04,ffd6f65402f2bc47238ecd2bdc93e0d4,2018-05-09
70a33c9dba6b43724e350938120b3e4f,04211982f170cac46abffab95d63bc7f,delivered,2018-08-02 12:13:22,2018-08-02 13:15:25,2018-08-03 19:57:00,2018-08-06 21:44:38,2018-08-13,99b84bb39f59a6cf395e3d7b2ab456ee,2018-08-02
922dcd32a34436569d5b2ce409862511,a3c9df311c6c863a480fadd5c078c56b,delivered,2018-05-06 09:34:25,2018-05-06 09:50:33,2018-05-08 06:32:00,2018-05-09 15:03:50,2018-05-21,89d34d3c5326de22323882f2410afc75,2018-05-06
be4f77184693f359b47e0d555b7d584b,97a042d0a8b96a3b65900c89845bf2f5,delivered,2017-03-16 10:49:27,2017-03-16 10:49:27,2017-03-24 10:13:49,2017-04-03 16:14:04,2017-04-18,2189407b96474fa4b84207ffbb8fcdc6,2017-03-16
f0fc730a1254996668db8e9161446323,f6b82c70d5bffbe90643a4e4b3ec2c39,delivered,2018-04-22 17:08:49,2018-04-24 18:07:30,2018-04-23 18:21:06,2018-04-30 15:48:34,2018-05-16,441a7498e6df67512bf1821ca6504f26,2018-04-22
57d153da23520b86eca3cf063cc3838a,1d248f30b7b729228f3aeea904a9c61e,delivered,2018-05-03 21:19:48,2018-05-03 21:33:14,2018-05-04 13:24:00,2018-05-09 18:26:33,2018-05-28,bab0e878e901667eeea86736d49dc1c3,2018-05-03
9fafe6b668f5ea28dd3759326d76597a,23a3954cdcd51ac5e551b1f4826c6075,delivered,2017-12-26 19:20:48,2017-12-26 19:29:41,2017-12-28 18:53:02,2017-12-29 14:05:45,2018-01-15,dca9a13536adcef18c6c5859487347b1,2017-12-26
d6d3a9a70b71224f7942c947d177aedc,444c429371782af5829148720a40e538,delivered,2018-04-12 10:47:58,2018-04-13 02:31:42,2018-04-13 19:32:45,2018-04-17 16:48:40,2018-05-03,b3f2ccc18187c0063bc13613a231367e,2018-04-12
160d74cf0db2353522f973654509d5a7,e906aee1bf8dd79223b37962aeb472f0,delivered,2017-04-02 11:52:40,2017-04-02 13:05:15,2017-04-05 14:20:15,2017-04-07 12:09:34,2017-04-26,1b765716e166ca699d20c4adc8bb0f7c,2017-04-02
b9bf720beb4ab3728760088589c62129,a5224bdc7685fd39cd7a23404415493d,delivered,2018-05-14 10:29:02,2018-05-15 10:37:47,2018-05-15 13:29:00,2018-05-21 17:52:12,2018-06-06,2bf6fd4ad93eb21b3d604481c48decbf,2018-05-14
bfcec91a0841313fabd35ed075e4a8f5,5d87ee4b33c25a37afe84d4a5b33fb14,delivered,2018-08-14 22:31:32,2018-08-16 03:30:27,2018-08-17 14:42:00,2018-08-23 20:36:30,2018-08-21,1a1620a23a766782c7c5c5d29a362f5f,2018-08-14
b5b535cb3c28e55f5013375fce94e054,3d5e1680a5ea3bdeff64d5205fab5508,delivered,2018-03-27 15:48:32,2018-03-29 03:28:58,2018-04-03 19:44:25,2018-04-16 19:56:32,2018-04-18,4695e6647d14732e03a9091967c4d24a,2018-03-27
acf6e912a8db79e50ddd2fe14628e89c,b01ba1be15ad4df27ef280937c538efb,delivered,2018-08-08 12:54:45,2018-08-08 13:55:20,2018-08-13 11:57:00,2018-08-14 17:38:37,2018-08-15,3e4a19f91f7f77010b20bdd4d2522012,2018-08-08
037e725440b59939735ae0aff888a015,636be70d7b46fb1db9836009fa61d6ff,delivered,2017-11-17 19:51:56,2017-11-17 21:06:17,2017-11-20 18:21:31,2017-12-10 18:37:02,2017-12-15,00c19498681c665889d1212be870e8df,2017-11-17
6952971feb0ed948e482e6aceb1e3921,c4411b1ab60e1e26cf76868c035d2f55,delivered,2018-06-27 10:14:38,2018-06-27 11:06:49,2018-07-04 12:02:00,2018-07-09 18:42:34,2018-07-25,86384961580622a9f4a82791768e93a9,2018-06-27
8f4d9ae2f2a9008353f4295f2985ad76,1265cfcc7c176a1d00fb743e2aac6d7c,shipped,2017-03-01 20:07:16,2017-03-02 09:05:18,2017-03-09 10:18:04,,2017-04-25,3c8df6d8c7347b27f57b29b3a1a7c33a,2017-03-01
2fbee332e76a2d78550523b89f33f153,c8640048913cc16502bccd9bbdacc0ce,delivered,2018-03-26 11:30:02,2018-03-26 11:47:43,2018-03-28 20:47:05,2018-04-09 15:14:33,2018-04-20,cb4a0646dda46b925a9085a3b2805096,2018-03-26
04e00ba23c33890eaee39b02e8185cc2,291fd0287b7cfd75702b9be21f23f1e3,delivered,2018-07-25 21:36:32,2018-07-25 21:45:15,2018-07-26 12:32:00,2018-07-30 19:03:41,2018-08-22,122b19f1369e5529fe5ddb08b6daec8f,2018-07-25
1c11d0f4353b31ac3417fbfa5f0f2a8a,50920f8cd0681fd86ebe93670c8fe52e,delivered,2018-01-27 11:28:32,2018-01-29 11:35:23,2018-01-29 21:52:41,2018-02-16 16:26:53,2018-03-05,41a3b256cc497dc952a815b848345cbc,2018-01-27
c23118f80a11f1fe5147253748fc761e,aa91f01bcc7a30c350db6dcd5322a5fb,delivered,2018-08-09 19:50:59,2018-08-09 20:05:16,2018-08-10 15:26:00,2018-08-13 22:46:41,2018-08-15,74cc50f19767973ff848ee8a52ca3020,2018-08-09
354894de6c4b417d6144c2f4a054416f,512bac2ddc9c18547a0c173e522d1705,delivered,2018-03-21 22:44:19,2018-03-23 02:15:43,2018-03-24 00:06:24,2018-03-27 02:16:30,2018-04-17,498735d4351f24cffac0107bc64e9b40,2018-03-21
e615a2b8229ae8a3b78cc267735d538f,6c19b963865a774d1b04973983b97f72,delivered,2018-01-27 21:00:21,2018-01-27 21:17:13,2018-01-29 20:44:32,2018-02-27 15:16:49,2018-02-21,9f69959e5046cb9902a60a8519575632,2018-01-27
b0ed97babdfc249ba9d843fa7eaf907d,4ef98c8bc97cc9b5c57e78e8f93197d3,delivered,2017-08-10 23:48:25,2017-08-11 00:05:22,2017-08-11 19:32:55,2017-08-17 21:29:53,2017-08-23,4e2d7c802c4b220a4b5aea72313b6440,2017-08-10
c1cb3668980881dd301d51bad5aa106a,3108f84ffb20554f1023fb1b2e5308e5,delivered,2017-02-15 20:37:22,2017-02-15 20:45:18,2017-02-16 09:50:13,2017-03-06 08:43:46,2017-03-24,5201f2eb3d0052d8c37de85791ab48d6,2017-02-15
2967dd0a1c9da54fdadadb4fee06deaf,6522dddae1ca40ec0471a60b213d5eec,delivered,2017-12-18 10:04:08,2017-12-19 09:30:36,2017-12-19 17:38:38,2017-12-21 12:46:38,2018-01-05,9c0c0fb95befa8355f2a6376b34255e0,2017-12-18
757ec717d8c5faa738a6393e62ccaab8,4804dca0b9d8976575b9a10021e3bfa7,delivered,2018-06-15 11:23:43,2018-06-15 11:59:26,2018-06-15 14:03:00,2018-06-18 17:08:59,2018-06-28,30ef5e810ce7b4d734f0690cab4e508e,2018-06-15
798f872475163b012f68c583819f0a39,c593a1dca86a74c12b9929d08e6c4330,delivered,2017-11-24 08:57:10,2017-11-24 09:11:59,2017-11-25 18:30:02,2017-12-01 23:42:25,2017-12-14,1d48475a6124f717bf57aa0fded21c96,2017-11-24
009c278fa2ed6e7ec498200b60193ca8,f016a9301ce9a894a43e607fc0355014,delivered,2018-01-11 12:58:45,2018-01-11 13:10:34,2018-01-13 02:15:45,2018-01-31 21:12:54,2018-02-09,ba0a20e238448e2ae8bedaf7a8e04393,2018-01-11
d2e4ad2926dc435008abc29210ace9f3,a22bb337cbbfd6263b5b91561e72cb53,delivered,2018-04-11 20:10:33,2018-04-11 20:29:40,2018-04-13 14:54:24,2018-04-18 21:04:31,2018-05-04,24796696385770802c044c5bd6091ee4,2018-04-11
54e5702667dea09e5e5c511966be57f2,ddbed7a357c10ca2180079c97f655a98,delivered,2017-07-03 15:38:36,2017-07-05 03:03:57,2017-07-06 10:33:52,2017-07-13 21:09:39,2017-07-27,c2b9e77b943c23e01dabd2684013eefc,2017-07-03
c1fccaa7401a0afd72cf89d7c2f806df,0fd907ed9ba70e6b277e620ea89c5118,delivered,2018-07-16 10:16:36,2018-07-17 10:31:01,2018-08-01 15:38:00,2018-08-03 18:06:44,2018-08-09,b5c8676946232d41b82710974344a0c1,2018-07-16
14ec71016ffcd03db4fac8ce56278da5,8671244f3c6c3af677a047146fe41707,delivered,2018-01-02 10:35:07,2018-01-02 10:50:02,2018-01-02 21:23:25,2018-01-15 19:32:46,2018-01-24,f0588881780589c64b212087b3657fdb,2018-01-02
c539e0e8403e4e2f09aec95e073a9f85,57b2460e5de27f86aae44617c16fb7ca,delivered,2017-09-18 23:56:54,2017-09-19 00:05:51,2017-09-29 20:49:49,2017-10-17 17:52:19,2017-10-16,83bbd85b71fae0581d2b69e380e35171,2017-09-18
454fc309e2afec5ce697014d9193afbc,2f317c9ccc4b07db3391be0c01ac4a3d,delivered,2018-05-30 15:31:58,2018-05-30 15:55:17,2018-06-04 06:16:00,2018-06-29 17:52:10,2018-08-02,4c4ad50dc5120e2a16f2a1ccc2639755,2018-05-30
e1de983b29ef4a602a14eea41156ee4e,287467569162e7a2b4f618b6ba21a97b,delivered,2017-12-11 13:39:28,2017-12-11 13:51:26,2017-12-13 20:29:19,2017-12-21 23:33:34,2018-01-04,4b2a6a23f946919b871e17f680f88749,2017-12-11
b0df751c10c284b15748836ecd9b3475,9c4f51b6fe51778d034c13325053ad58,delivered,2018-02-22 10:29:48,2018-02-23 02:31:24,2018-02-24 12:06:01,2018-03-05 19:58:53,2018-03-14,666ecb6e95229b21b765b0c7f235991c,2018-02-22
20662ff76e857a011a9f64039d541dab,d8f38b2c9abdbbc1fa17fe4a8fdfd433,delivered,2017-05-22 15:51:20,2017-05-22 16:03:08,2017-05-30 05:16:55,2017-06-06 16:29:19,2017-06-14,967c6c86748806add5521493a585b49b,2017-05-22
a4baf825ed3f84d3dd4b6b97ea951fa1,3a9c4e44b0cfe2c46d1aaa0a035aa6fb,delivered,2017-03-22 17:51:12,2017-03-24 03:32:18,2017-04-03 07:55:36,2017-04-05 09:37:46,2017-04-20,8b41eed2e22e54cb762287029ced230b,2017-03-22
e2c37260c7a927c7d9808341dbe2924c,6b4f91a9fab27a20ddb02901e2e92ffb,delivered,2017-11-06 15:23:07,2017-11-06 23:31:59,2017-11-08 16:42:15,2017-11-16 17:52:10,2017-11-30,76469f1d0d75d1b8c83fd75610f84c23,2017-11-06
1193dc51dc3e6edfa7bb886fa7f5192b,8e3ebdd71a4e6b4427438185ac38f596,delivered,2018-02-27 12:10:49,2018-02-27 12:29:19,2018-02-28 23:43:01,2018-03-05 16:24:54,2018-03-26,2f4ba5a2e6b863c010d6595bb63bab17,2018-02-27
60e04ef7b695b4d6bae420059a317028,f4536cad8ed9f07d3a6a67fc72467bd9,delivered,2018-08-08 21:41:41,2018-08-08 21:55:11,2018-08-09 12:59:00,2018-08-13 16:30:40,2018-08-29,936a0706a3a07a59f53549d6d5a7f12e,2018-08-08
b6940503a9b26d72b8b41ae29a88e0d1,c60a729ffd1915e57d9ac6ef86553af9,delivered,2018-05-10 14:56:04,2018-05-11 14:58:20,2018-05-15 14:52:00,2018-05-23 14:56:55,2018-06-06,3d81d4e0977945889ce7eee309a884c5,2018-05-10
7955751dd5fe4fe14b9e9a89fa14e917,76415e81abc523b46c62fee99e7a7533,delivered,2018-03-20 09:24:44,2018-03-20 09:35:30,2018-03-22 21:22:11,2018-04-02 13:40:27,2018-04-06,314259ece6a9207c6fc02d925fc996b9,2018-03-20
260d235e25b0be20b5688b8a76ae2f09,f8fbe0a7a0f7709be3c1c8f269ab68d3,delivered,2018-02-21 13:28:28,2018-02-21 13:50:07,2018-03-15 17:36:30,2018-03-20 17:18:56,2018-03-23,19346aeede13f9d82b45ec7479557252,2018-02-21
db0e5ecb705ec6060fb71c1b4fb6cf78,7a732cece3a1b8b7bc5496dbca556bb5,delivered,2017-02-16 16:36:34,2017-02-16 17:15:11,2017-02-17 11:31:51,2017-03-08 09:51:30,2017-03-31,78d5c3c9deba30df275b5b5afa827f3b,2017-02-16
235d0ef0d8ee3f66ac576093363be5d0,fa4bc3961854152812659aae81d1cd95,delivered,2018-07-20 13:58:55,2018-07-24 03:55:19,2018-08-03 14:35:00,2018-08-06 14:56:49,2018-08-07,ec4446bf84a7ee4ed0802bd674716d7a,2018-07-20
cd0343141ac675cd40fab2c7fd2e99cc,0a84514b054a38a558ad0874beebf6af,delivered,2018-06-01 13:39:44,2018-06-01 13:52:38,2018-06-04 14:29:00,2018-06-11 21:28:48,2018-07-12,e13e8b789e5a8e6fe1445f924a4ed4f6,2018-06-01
7835854d5e472c92de2a34543f57f53c,2b36b6d5af0e2849f49bfb53c588c690,delivered,2017-02-25 10:18:08,2017-02-25 10:30:22,2017-03-01 13:01:12,2017-03-13 12:52:01,2017-03-24,597a664e725fead6e6cee85c70eab673,2017-02-25
8c508242545bc8cf2538f84662742224,4c6f7b26aea4a8af163c9e3723a3ebb5,delivered,2018-02-20 10:13:40,2018-02-21 12:05:56,2018-02-22 20:09:11,2018-02-26 21:29:02,2018-03-15,7c976c2807d3fb9a41c9c5eee932c077,2018-02-20
3391ddfa9aaeae39f22439c4cf614d28,7fbffabdebee5f35b0b68aa8f1368dc1,delivered,2017-03-20 21:16:15,2017-03-20 21:16:15,2017-03-24 12:32:45,2017-03-30 14:05:20,2017-04-10,3b13a6a2fe5df9fc9821fb21afbec03c,2017-03-20
e3c57d0ebff7edcd11f4f15e59ccc852,f31ce21e49feba9e205222603768ffd8,delivered,2018-06-01 13:42:14,2018-06-01 13:55:21,2018-06-04 12:03:00,2018-06-11 17:42:14,2018-07-16,5b8985d0e84c11c2d841ee82f53c4d83,2018-06-01
4097cef4d604217aad3f625bf6105066,b6396dd49ed131970c391e605925f13b,delivered,2018-02-19 10:56:55,2018-02-19 11:07:49,2018-02-21 18:23:23,2018-03-01 21:10:37,2018-03-15,aee08cf8979ec80638b31182a20baad2,2018-02-19
a602aea3a8a3551032ed0214a2006707,20f6412d54cfb920a23581910fc6aa09,delivered,2018-07-03 23:31:48,2018-07-05 16:32:40,2018-07-05 14:47:00,2018-07-10 22:09:49,2018-07-25,8f541d9b15538cacd1466605adb4ae3c,2018-07-03
5943920d752512f211b074b874e73526,968171cecd496663fe1be63fabd91562,delivered,2017-06-11 23:17:32,2017-06-11 23:30:18,2017-06-16 16:51:21,2017-06-23 12:39:40,2017-07-12,874c0a8b09fde2401a53f763a249eeeb,2017-06-11
ea13768d97ab79edb0d45803896a5c86,1ab6125543a9b83c86116e3facec012a,delivered,2018-01-17 13:06:13,2018-01-17 13:15:30,2018-01-22 14:58:28,2018-01-31 19:18:59,2018-02-16,faa23920cb0e439c1f7b02ef615fdd7f,2018-01-17
b9fd88cc9e5734657e5b5936d5227367,fdb40e870d1d5f085b916d7b9437cd35,delivered,2018-07-12 17:26:44,2018-07-12 17:44:49,2018-07-16 14:30:00,2018-07-25 17:58:33,2018-08-17,78fc364597fe7b72d1a3562339d8f225,2018-07-12
7d9bb415ee7bea63cedc5efacddb02d0,f2b9813056286294a305b8267486b0e8,delivered,2017-12-21 11:01:43,2017-12-21 11:10:14,2017-12-27 18:56:41,2018-01-22 14:43:41,2018-01-17,6363a4dc2856d828f7fb4c13d3ae259e,2017-12-21
51bda649419be0084a39cb53e9c6f262,089dc72259b7eb053d3bd3323e2fffb3,unavailable,2017-11-17 13:16:42,2017-11-17 13:55:28,,,2017-11-30,1b32669eb9662ee904419de883e59a58,2017-11-17
39b8653ff22b5a5633855beaae410b83,0a7123262de5b94fd6618f3a1e0a640f,delivered,2017-09-14 09:26:20,2017-09-14 09:50:12,2017-09-18 20:12:14,2017-09-21 19:20:12,2017-10-02,aac9fe3a15cd18dda46f91a7326c2e69,2017-09-14
f51339f4db08f6b1db5913caa8ef5821,4602d8103c4ad3778d251d5324c07fd2,delivered,2017-12-03 20:49:03,2017-12-03 20:56:18,2017-12-05 00:26:08,2017-12-15 18:19:01,2018-01-02,fd32b597619eb4321de3e8ed1f60c07a,2017-12-03
eae24cebd959a3a88ed60bda0da68196,3ce1824f3f66f5ba84c91f3512d75578,delivered,2018-06-13 19:35:56,2018-06-13 19:59:38,2018-06-14 11:55:00,2018-06-15 17:23:58,2018-06-25,4a6ef79f80627d4b52b30c78cd12e051,2018-06-13
0fa7c709db9f55e40527c25ec9f13157,6d6c463b94097087e913961d4484c480,delivered,2018-02-10 17:01:48,2018-02-10 17:10:21,2018-02-14 22:37:33,2018-02-21 18:22:22,2018-03-07,bdfd71dfee6faa67122cc7cdbc14d9f7,2018-02-10
19f05b5a76e0e3f1df1ebaeef9bd2f8d,068830daf2867cadbfc655e6a413388e,delivered,2018-03-31 20:23:22,2018-04-01 20:15:24,2018-04-03 23:56:19,2018-04-04 16:52:41,2018-04-12,ca9ff40e3d69e5ffc34a46ed9b91451c,2018-03-31
0e3077db347b6985225369e7fb0b8120,fde5bdd75d893cc0e6a3ba63529ca124,delivered,2017-12-04 01:04:24,2017-12-05 04:11:56,2017-12-06 18:35:45,2017-12-07 16:49:05,2018-01-05,7da3054afe371affc14d26cc2cc04358,2017-12-04
5f5a937b8e63ac95df2db115354de971,ed71d2c3a3ac53a772b0e8e9db89cc20,delivered,2017-12-23 14:11:57,2017-12-27 04:14:52,2018-01-03 23:08:38,2018-02-08 18:53:28,2018-01-30,db5b5f882178662b38134fb75c2e22ec,2017-12-23
3fea73b838ea893a25093b7818556091,2ed546dcbee34d75e1afd88de0a41568,delivered,2018-04-09 13:51:55,2018-04-09 14:10:08,2018-04-10 19:51:30,2018-04-16 18:29:17,2018-05-03,9744e27ad8e4344296d91839705bd827,2018-04-09
b8cbbd0b8e359a458ae7dbb7b012ee98,73b62ac96d29df1068b3673f00bb7467,delivered,2018-02-09 09:01:25,2018-02-10 02:36:16,2018-02-14 20:27:18,2018-02-16 19:19:38,2018-02-23,553e50a6e4eede20b2319c85a0584398,2018-02-09
5dd2d22e1330c17a5d2ce7ba581b2c98,8cfb41228dc47d399f7c9e7187c345a2,delivered,2017-12-04 13:32:54,2017-12-04 16:49:35,2017-12-06 20:14:48,2017-12-18 21:38:09,2017-12-27,58752d5c8bc90fbf26aec10fff7f1931,2017-12-04
5d322f251f819899cfcc89e316e4f4d2,bc885bb1e1900615d4ddc8d81396e5fe,delivered,2017-05-19 23:55:17,2017-05-20 01:25:27,2017-05-23 10:19:31,2017-05-24 16:47:39,2017-06-02,9279285c3d79956cd922ae47cd23a48d,2017-05-19
a1f360ba8499a15b557819850f54b9c4,2ebf0ca919e99131163a94511008fe93,delivered,2018-06-22 14:05:32,2018-06-23 02:20:10,2018-06-25 12:58:00,2018-06-26 19:04:40,2018-07-05,57269c3013d426eb412ad1277e8ba795,2018-06-22
35ea8c2abca283eff2f0d5c1168bf31c,40c5df1599d4ee53715a8d5d743ac98d,delivered,2017-07-22 15:11:48,2017-07-22 15:23:16,2017-07-26 18:53:37,2017-08-11 19:24:20,2017-08-15,b510bed7aefb81dded78352a294fe46b,2017-07-22
2bfe277962b8f188066de6db159a6fab,b0841b9f20c317181a978f2a2c856755,delivered,2017-06-11 14:33:01,2017-06-11 14:45:12,2017-06-13 15:59:29,2017-06-19 18:58:02,2017-07-05,10a1917a9db133c752a9457150af259b,2017-06-11
c05e92bb9bfed43c6e5b6d3723fbcc2f,236bb83b33c437ad931a944fe9f8c659,shipped,2018-06-16 19:26:26,2018-06-16 19:58:18,2018-06-18 14:01:00,,2018-07-27,b235f3663dcbf4c7afc36a1ed91090c1,2018-06-16
35c2d3179daf2ef475f47ff2d29c068e,1bbbdd3468f6b74b00350a5b699f0315,delivered,2018-08-13 20:42:30,2018-08-13 20:55:29,2018-08-16 14:11:00,2018-08-20 23:32:10,2018-09-05,12be6f7651fd6fb2cfbf3281bdc47af2,2018-08-13
9fdcbf4559fdbe106a9d0a99db753858,97859d4bc3d358aacfedc0eed918be83,delivered,2017-10-26 21:55:59,2017-10-26 22:10:05,2017-10-27 16:13:14,2017-11-07 01:09:56,2017-11-14,ec584fd49c02061a3412d149eb934de2,2017-10-26
84dd6cd22bdbdda569398dfc0eb7decd,bf8bfea54c13a8a7236430dd28fe9f42,delivered,2017-05-15 14:09:26,2017-05-16 10:02:34,2017-05-18 06:22:45,2017-05-24 13:52:26,2017-06-08,0710a39bc5775c4db1ec1b8a1acf84ec,2017-05-15
cf8734286de02dbdf9700cdf2bf07976,dadf22295412a4a5f2b94a9baca6831d,delivered,2018-03-21 09:01:26,2018-03-22 02:50:29,2018-03-28 18:33:16,2018-03-29 19:36:38,2018-04-03,475d4eb16efe698064c2966acd62584c,2018-03-21
e494900a6693d977c31d920fc2b37583,1874da448df11a9e9f1fc490cd0d3801,invoiced,2017-04-09 18:43:36,2017-04-09 18:55:16,,,2017-05-17,74460d565b68e180ab6f51e1e036e56c,2017-04-09
db20f0c71fd126ce34d0b209e634f3d7,8f3c4de156b6dce86dc7e761a66270b9,delivered,2017-08-04 20:28:26,2017-08-04 20:45:15,2017-08-18 20:02:35,2017-09-04 17:46:34,2017-08-28,b41b216957ca445595578e96ada3ba37,2017-08-04
7b75f8f560e99f2ae0446d1369bf2ebf,a725b9b3c21def36039453a77be2d322,delivered,2018-01-07 17:00:33,2018-01-08 16:54:51,2018-01-11 21:06:00,2018-01-12 21:07:12,2018-01-24,1a5608cd620560b75849588493115988,2018-01-07
d24d442123cc3d36a0be0d75bf90689b,9d5ef81918e895bc44ae8971e808fea2,delivered,2018-08-21 00:14:41,2018-08-22 03:35:11,2018-08-24 13:42:00,2018-08-28 23:01:58,2018-08-29,d481586efdf3115d2b9f33b7e9a04371,2018-08-21
e699670c160ced1a5e73cab03b0e1899,9b95359e3b8f3328ca9a5d453311f94f,delivered,2018-08-20 14:00:12,2018-08-20 16:10:41,2018-08-21 15:56:00,2018-08-28 20:43:35,2018-09-25,4231d2ef71d2931cd73d0ef49ac64ed7,2018-08-20
a30f5af56b85e9f22df0e5686c66a627,5ef1f0dcf26b5aa4f4838ea2e1a9634c,delivered,2017-12-04 15:58:53,2017-12-06 02:39:26,2017-12-07 15:28:58,2017-12-27 14:47:30,2018-01-02,9340969888ebd51eb9177f0ce98903d3,2017-12-04
e7b75dcb0795b77469ac7446ec900380,63e97b4408b3a2933269241b6d714a90,delivered,2018-03-05 18:16:02,2018-03-05 18:30:36,2018-03-09 19:03:50,2018-03-23 17:38:22,2018-03-23,a810f4446d5f854ce640f416ed22d932,2018-03-05
49e4b99628268d2b4f089f0662e13195,76a2c465801a86857ade2a8da9852345,delivered,2018-05-15 15:59:01,2018-05-15 16:15:42,2018-05-16 14:48:00,2018-05-17 23:25:46,2018-06-01,ee5beb3f3fa2de43e24d813975d5541e,2018-05-15
fc7638aa60943d049d9b5811c587226e,f1de875ecaa02a0bde555a897ac83c78,delivered,2018-03-28 18:21:32,2018-03-30 03:15:43,2018-04-03 03:14:25,2018-04-09 20:12:42,2018-04-16,d6791bee9567f71796ef1394065ae224,2018-03-28
face169115c6f2110b6324868ae397ff,15c66a95bc5d3e3c57eaf9f44ffd150b,delivered,2018-05-09 10:12:25,2018-05-09 10:31:31,2018-05-09 14:09:00,2018-05-18 22:27:36,2018-06-04,0623f038035c3a191a8c19d01965611e,2018-05-09
dc1d4e2b9af5645e618701858d969be6,0f81cce09dff7e08e90cdf1bfe6b14ca,delivered,2017-12-03 22:32:06,2017-12-05 04:11:47,2017-12-08 10:03:49,2017-12-14 20:23:50,2018-01-03,5180412888dec738b7c26540a69f64b0,2017-12-03
3ab37da4c3d273ccd8635987b4a6003e,053050ee241c66cf7b2c7d91926547bc,delivered,2017-09-09 14:19:13,2017-09-09 14:37:29,2017-09-11 21:23:03,2017-09-18 16:39:39,2017-10-09,30f1735f7cea347c2b5a9ece8353d6ef,2017-09-09
2dae216bbee4c8d68c31c55db7a98b71,0b921366e6cdd4a5fa81782d1e9e2de4,delivered,2018-07-06 14:24:13,2018-07-06 14:35:16,2018-07-10 15:45:00,2018-07-11 20:34:52,2018-07-23,1f05e8e092a82c4672eb3a389fb85b48,2018-07-06
99e3f90c535337b45eace6f8a8a9400f,3d5c479107dce026a67c0a78ec5f87f2,delivered,2017-01-18 08:01:37,2017-01-18 08:10:14,2017-01-18 11:03:09,2017-01-26 15:14:31,2017-03-17,d7a4ea17f19293f471d6dac189d74e66,2017-01-18
1ea77fa7226c1316ce74441948be0e6d,206470b6a1520866e1b6e96ad157cbd6,delivered,2018-02-17 01:24:12,2018-02-17 02:07:44,2018-02-19 17:45:06,2018-03-02 22:42:33,2018-03-13,ccf8052936de51e36b4e1b528ee54e25,2018-02-17
a493d659436f51198ebdd0ced8ec7d7c,566564f6a9fc76f3048a73527a67fb64,delivered,2018-05-14 10:39:50,2018-05-14 10:55:12,2018-05-14 12:02:00,2018-05-17 15:56:45,2018-06-01,a1a8261042c9612dfa0408406164ce66,2018-05-14
055d54b48c1c7292933cb2e27f73ee81,eff6dd5f7eb45e342ab116b60eb019b9,delivered,2017-03-29 20:18:35,2017-03-29 20:30:17,2017-03-31 14:32:41,2017-04-04 17:23:03,2017-04-24,f50aa76d289c3ae65611348ab6eeeea1,2017-03-29
4d028c5d62c9bdda20aa01e4f03ecbba,4d25a77a0e3a69074326a44fa3712fe3,delivered,2018-04-06 07:25:35,2018-04-06 07:48:07,2018-04-09 21:46:24,2018-04-13 15:55:49,2018-04-30,b8cf63d8db85455e4cb621c82413aa40,2018-04-06
4d3c0c9b78aca6355fc67075364b2b05,a5c8ac8b3fbdb2a40be06b90db124bdb,delivered,2017-05-08 13:22:49,2017-05-09 09:30:40,2017-05-09 14:57:20,2017-05-17 14:24:40,2017-05-31,e020fcaa14c71bf6cf1c5de63a398947,2017-05-08
fce15c105dfcd0ab5e6cc03e4b026167,8ce41433c8bb23c56888753b424423d1,delivered,2018-07-17 23:06:07,2018-07-17 23:15:21,2018-07-18 11:55:00,2018-07-26 10:03:37,2018-08-08,c72d8feeb0bc983004ba499b7f230969,2018-07-17
8edaa376e19d08bc84ab8845682216b4,4c1e29ec2ed2feac441cf24b25262ed2,delivered,2018-04-24 08:37:20,2018-04-24 17:26:25,2018-04-25 12:24:00,2018-05-10 22:36:37,2018-05-14,913a4e0cb7fe555e6cffa875ecd58e2e,2018-04-24
34cf4093989091bb69a6ccb101129dbf,105c098c8540261c006c95d3ade77198,delivered,2018-02-27 07:49:06,2018-02-27 08:27:50,2018-02-27 19:02:36,2018-03-07 17:29:10,2018-03-20,ee58894b64db44a209f4c69147c7a004,2018-02-27
f76c7ba4fae56c0b11495becf4574415,d40fa51080cbadaaffbd88c9abb5a65b,delivered,2017-07-12 08:57:47,2017-07-13 03:05:28,2017-07-13 15:43:40,2017-07-14 20:07:38,2017-07-27,e6ab43f11ba8d4a8b73852e0dfa0600b,2017-07-12
6489b3baf98eaf50ca1b39f9178a1510,8efdf760a9b9de9f92198e08ea7005fe,delivered,2018-02-23 23:32:22,2018-02-27 04:30:55,2018-02-27 19:52:19,2018-03-09 20:34:38,2018-03-22,c18e997824fb69dba9e5c53690947e59,2018-02-23
265bb549f8bbcaeaa66023404ec02db5,25a12a773f44b1d53fcba4e6834ea4bb,delivered,2018-02-27 20:19:41,2018-02-27 20:35:24,2018-02-28 20:51:17,2018-04-29 17:44:42,2018-03-19,a6839c244ab165989e4fbe86fd36817c,2018-02-27
c5bed3a385f406c503841fed148952b9,a900fa42453c67e0168cebea8f69ff33,delivered,2018-06-20 15:46:05,2018-06-21 03:38:45,2018-06-21 12:58:00,2018-06-28 16:18:22,2018-07-19,047da479ca305928b6c463036ddbbb63,2018-06-20
d56cf7e9548584ea9583339b170f8314,9a764f8f1d863bedf08c8d9d8ec471d3,delivered,2017-07-20 22:39:34,2017-07-20 22:55:12,2017-07-21 12:39:28,2017-07-24 16:47:50,2017-08-09,3d8af05295416bf277278cd5bfecd970,2017-07-20
16ce87d063ff5f7dfe9bc57bfea8d6f5,a8950672a28d9b167bae1f274ce5b7d2,delivered,2018-05-15 09:49:32,2018-05-16 03:34:01,2018-05-17 14:34:00,2018-05-21 17:33:26,2018-06-05,f06f6123b986686374fd579aaa4e0b76,2018-05-15
85476bec52a05787f17e144a6811cd64,28c78431521ad6b9daa4e356861bdda2,delivered,2017-06-19 22:36:39,2017-06-19 22:50:13,2017-06-20 11:59:09,2017-06-29 18:37:59,2017-07-11,f209f95042c35e55ef380e5481bf5cd3,2017-06-19
efa54a340757446b16f891404fb529c2,d197a95f50264651f6bfda48051ff614,delivered,2018-02-06 12:49:33,2018-02-06 13:08:27,2018-02-07 22:33:48,2018-02-14 19:09:13,2018-03-12,114903a9f147091c3040d8f987653aba,2018-02-06
7e28a3542ea8306e42298ea3718222ee,b14a788b10030beb7ea368ea345caf7e,delivered,2017-12-16 16:38:38,2017-12-16 16:53:45,2017-12-20 19:11:03,2017-12-26 15:33:19,2018-01-11,7272e57415c0b45aacfcc713430ae98a,2017-12-16
2cbf2dc826b85caf29dffe226a9fe644,aacd0f72bc1408e27d30651f960d732c,delivered,2017-08-31 21:55:30,2017-08-31 22:05:40,2017-09-05 22:49:48,2017-09-15 23:42:05,2017-10-02,e6559e513d523a4595e3395b21b6a037,2017-08-31
937906bc0b6f522125f9b2a1f39cd358,482868844067445d78b5e33ed6bb2983,delivered,2017-11-24 07:30:08,2017-11-25 18:15:32,2017-11-28 17:43:21,2017-12-09 13:14:32,2017-12-08,b4304b050d19e68c4a3541e20c6f9f33,2017-11-24
58747f970aadb1f60235c6b01b6fa274,49a551c6d71f53e3d4a2ec77a0220c9e,delivered,2018-03-26 20:48:05,2018-03-28 02:35:15,2018-03-29 16:54:38,2018-04-15 18:03:17,2018-04-16,e58bf12f9e9a9f07b3a09df4a4064bee,2018-03-26
1170def5f575ee492231108cb5185570,3ebeba9f61602359f1c6ff15d88d31fb,shipped,2018-05-06 07:09:28,2018-05-08 04:14:17,2018-05-08 14:15:00,,2018-05-29,0537b5ab20888f8cb3f5e2c1dec3841d,2018-05-06
18a9398e5e966aab086a3cdd0053e0b2,01945b2f58c2f472fb2a5a582f8042c0,delivered,2017-12-31 10:57:54,2018-01-03 04:18:27,2018-01-04 22:29:12,2018-01-17 18:16:49,2018-02-08,2d3a722643ff7f24e3e70952238d0746,2017-12-31
88a7b171c5fa934fdd0bd6a3785dee13,de639b9e4eb99026d4f70a996031b83a,delivered,2017-09-26 16:08:05,2017-09-26 16:25:01,2017-09-27 19:07:32,2017-10-09 17:57:13,2017-10-30,ea0e0e5b3e6d8ab2eb204e91c89419f8,2017-09-26
d09937858506b4fd15ea217ad6c16a95,53a0f4bc02cb636ef2f8a0b381e5f19e,delivered,2017-11-25 22:14:45,2017-11-25 22:33:33,2017-11-28 14:49:46,2018-01-02 13:48:47,2017-12-18,cb2f7536c5a771fe4855342a6a488298,2017-11-25
ff030caf873f5d7290581e2ba5d3fd7f,cf5b268ad5163d64d53d8a5fc114dd9f,delivered,2017-06-12 14:13:01,2017-06-12 14:25:15,2017-06-13 14:50:27,2017-06-19 15:32:29,2017-07-03,ecb163158c3b5b8b615a4b6ac9d1c2dd,2017-06-12
6814e5323f3559890d60955f42d2c8d7,c36e16973acbe2b29f72665cfba6223e,shipped,2017-03-22 06:33:39,2017-03-22 06:33:39,2017-03-27 10:05:51,,2017-04-12,221e3b77c7c8e4a1e4627bcd8e3dfe1f,2017-03-22
fc0524567b35a9521c99ccff83821799,110305cecd60b6896d97ccf522d62168,delivered,2018-04-06 22:57:50,2018-04-09 08:49:28,2018-04-11 15:33:08,2018-04-22 13:16:39,2018-05-16,89d33de2e2f08ff03271042f85cbfa43,2018-04-06
5cbc7c89712aae49a2bb1c98be72f597,3b61230f410f2bf6298347d8ddbaa554,delivered,2018-02-24 15:42:57,2018-02-24 17:50:30,2018-02-27 17:18:38,2018-03-09 01:06:21,2018-03-19,7d46e1dd017e139c0cdab58ca78644bc,2018-02-24
38a467d0cbbbd3f0a4d3d61f79615b9e,7ebf961daa0f66146a0996ea3c3bd94f,delivered,2017-05-01 23:06:57,2017-05-01 23:22:52,2017-05-09 15:17:22,2017-05-18 16:17:34,2017-05-25,c54a55223f4f92b93724a0337fde5b0f,2017-05-01
18b9bf2dbee620dc2f5b9d4a747c2819,4503c41733789f4f0af38507c43a0e75,delivered,2017-11-20 10:59:08,2017-11-20 11:27:19,2017-11-22 21:33:06,2017-12-27 16:53:32,2017-12-12,bf7ddc1608ca46489014d23414339970,2017-11-20
23822f9bf0e42a3e11bab993f60f84bc,c6e463b36b4151c925d25041e83158dd,delivered,2018-01-25 19:45:18,2018-01-25 19:54:24,2018-01-26 17:53:13,2018-01-29 21:26:53,2018-02-15,b8b468fcb7dd44194b4aecb89c8fc103,2018-01-25
20c950b58c4d3cf3df11b319f493242c,d0e4ede0ade3adc750a7caa060dfb000,delivered,2017-12-20 20:51:14,2017-12-20 20:58:29,2017-12-28 20:13:45,2018-01-22 18:56:52,2018-02-07,1b3033b0a47ab66dfbe6607550bfe38d,2017-12-20
50062ac5439ceb5198b6091b3d7dc288,b04284ed065e3f2791848fcb4f058d6a,delivered,2017-07-13 06:24:41,2017-07-13 06:35:10,2017-07-13 19:57:39,2017-07-19 16:55:03,2017-08-08,333f342ddda462933f8fd1a8cf3bf2eb,2017-07-13
ca36cc19c0a413c8f724ae07323cd2cc,99926e4250dfd6677d6d1c1783d8fd6b,delivered,2018-04-18 20:57:15,2018-04-18 21:11:17,2018-04-20 22:16:41,2018-04-27 21:52:04,2018-05-14,763acdbb0aa14dcd7af34f6af4539267,2018-04-18
06ecfa8dfae87263e05d953aa561603d,7d5867b8bbaa7a3f16a9f4f867960b5b,delivered,2018-08-15 14:01:47,2018-08-15 14:15:20,2018-08-16 14:23:00,2018-08-21 22:03:38,2018-08-28,95828271d6bee6d5eedcd00e639d67a6,2018-08-15
5499acc5807b92e82c4789054f71c37a,56fccbc4a18cfb8bcd783482f1ab5098,delivered,2017-10-03 18:49:41,2017-10-03 19:07:08,2017-10-11 18:39:44,2017-10-16 18:34:36,2017-11-07,7e494da033761889a5e8cd607219cd24,2017-10-03
f64838e53785a6d7f2f0b9814e11a55f,c023f30c1147aeb0358474f3b1dbc707,delivered,2017-07-06 20:01:11,2017-07-07 02:44:25,2017-07-07 12:53:32,2017-07-13 19:47:45,2017-07-26,07a0a4dd3a3e7330c9f1cbf44995ba10,2017-07-06
e167b30630b1119d98ee8202f32d04a4,97af56180481c3433a9e28fe58501211,delivered,2018-03-06 17:02:14,2018-03-08 02:30:49,2018-03-09 15:38:23,2018-03-16 15:08:28,2018-03-22,f601946e6c5f29a449d08bfcbf2709fd,2018-03-06
b2cc014ee51b0ca758fa72abdc54d199,de15430f37f04581b26de5bcc7ba249d,delivered,2018-07-06 12:31:52,2018-07-06 12:51:06,2018-07-10 13:58:00,2018-07-18 21:42:05,2018-08-13,45386ecdf65006e1775a18a495cf63a2,2018-07-06
35d0b7a55813500142b572061fb539cf,b470feced32581d9db37145350be0401,delivered,2018-02-13 13:17:42,2018-02-13 13:28:07,2018-02-16 23:04:32,2018-02-22 18:12:06,2018-03-01,1fdf2b8c15adb50391ced5e39e2985aa,2018-02-13
5b514a1a40e8cd51a1f35c2df28da032,7f3bcd2349e4a230e5e55ce40a0a9027,delivered,2018-07-17 20:57:14,2018-07-17 21:05:17,2018-07-27 11:54:00,2018-08-04 17:50:39,2018-08-03,14f37b6cc9a26fd61bcee22ae610337a,2018-07-17
35ef29f36793696d79c36f7780a40dab,1415842b09543beb4df7db795479ce9f,delivered,2018-01-02 20:26:37,2018-01-04 05:16:24,2018-01-05 18:15:25,2018-01-12 22:07:18,2018-01-31,ae0e87d7f6a2f29689a7acec44a1d400,2018-01-02
b35ef090795f5c01eb9b233dc239f493,b6c313eb381d6eb32ead79acc1117e9d,delivered,2018-04-26 21:37:53,2018-04-26 21:50:34,2018-04-27 14:45:00,2018-04-30 22:44:28,2018-05-09,a404f08e042c753353751dec5c22684b,2018-04-26
6694b68ebe1f4dff3b22fbbfff33d80a,346ab1fdab6b10d0142d0ba28e58b7a1,delivered,2018-08-07 17:39:51,2018-08-07 17:50:18,2018-08-09 14:05:00,2018-08-18 01:31:56,2018-08-16,3aea1b670b8cd1bb4a8063b2d58b946f,2018-08-07
afc0208aeafed672198f15d508bb0760,9f65cd05b72a07d989c5d1761c5cd9ca,delivered,2018-02-21 13:36:46,2018-02-21 13:51:10,2018-02-22 23:03:40,2018-03-08 14:22:51,2018-03-19,b2df74467e6df08cd01d724669ac0808,2018-02-21
cd673cc8b988fac75a5cda1e06e4593d,871e8c911fd8a211ed4a4016f9c88cc9,delivered,2018-01-24 19:34:57,2018-01-24 19:57:30,2018-01-26 21:41:42,2018-02-17 14:23:25,2018-02-19,eb0e434f2608f163fa19b3ab812be74b,2018-01-24
3e7ca74af2e30d9f16183f5c9d65ef85,fdb9a2ae0b1ecf02a74a34e53f41d653,unavailable,2017-08-13 13:53:18,2017-08-15 03:25:25,,,2017-09-01,7015aa90b614805531839b6c2229e928,2017-08-13
3b68e7d1f8cbedb79ef05647835dcd6c,b5c9e1ce40819057541d008d1427c03d,delivered,2017-10-25 17:35:26,2017-10-25 17:49:25,2017-10-27 17:52:05,2017-11-06 16:49:24,2017-11-21,321aa01a034f471dd5ee50ddc657c972,2017-10-25
01625f404436eb3cb98cba1e9433db29,cfad256eb02ee52ebd2a75e6a3095cca,delivered,2017-06-08 08:52:08,2017-06-09 02:30:31,2017-06-09 12:43:28,2017-06-19 18:09:24,2017-07-20,25d006b3634dea40c307e9ad13b41894,2017-06-08
499a762fa72fde835e39b03db3b95cbf,06749557ec7c0ecb61210bbc6c14ae1d,delivered,2018-08-25 18:37:04,2018-08-25 18:50:10,2018-08-27 14:55:00,2018-08-29 22:41:24,2018-08-30,e789229d0a0779b7d9ad57d4a926ee2d,2018-08-25
af448eb4a17a94e4880096aeeb95a826,c5bcedcd6ebd2da4ac7baf7ad44a5876,delivered,2017-12-07 16:47:57,2017-12-07 16:59:22,2017-12-11 14:17:07,2018-01-04 15:07:30,2018-01-05,ed6d6b41a2a7e9ccece8f5ab1889ba14,2017-12-07
e595c2cc81bdf6d7ce5ed8da16846f3d,8e8e5ed96858fab2b61e16d8bce29ff3,delivered,2018-06-19 11:52:20,2018-06-19 12:18:24,2018-06-20 12:37:00,2018-06-21 17:38:26,2018-07-05,dca996b43abe5392a685a11289eb1fbd,2018-06-19
8e743fa5bfb68898e6435685df2c2fd5,fd11c0e8b7e13818b2b28db904835b44,delivered,2018-07-25 18:54:38,2018-07-25 19:05:12,2018-07-26 11:55:00,2018-08-14 21:33:30,2018-08-22,235dfa095ff8b7edfc248100dc946de2,2018-07-25
051fa5d5438a17a06ebfd7b77c020e2c,0ae502ab7e72dc3b0a512dfa96baf3f4,delivered,2018-02-24 12:02:55,2018-02-24 12:15:36,2018-02-27 23:32:46,2018-03-07 21:09:03,2018-03-21,1ea1d68c624077373615c64bd4ab6973,2018-02-24
c4dacba4560d22bf516c37d850225b2c,ae248597049fb44138b7cc721eb5bc5f,delivered,2017-12-20 21:44:31,2017-12-20 21:56:28,2017-12-21 16:09:43,2018-01-03 23:29:01,2018-01-15,00fb9cc86736fe3782dbc828a2eea4a6,2017-12-20
3ceffd7bee6a56cbf4adea01c19a5d17,5cb2307ae35b44c9dd90f76c649b99b5,delivered,2018-05-31 21:39:34,2018-05-31 21:52:44,2018-06-01 15:47:00,2018-06-09 09:06:38,2018-07-04,9d86d7101600d743968f3ec5a17d577c,2018-05-31
96dad13c399dce9663d3bd03e84cea2b,c5f246d8cb17193ef5b0e617c0f4a822,delivered,2017-08-16 05:43:05,2017-08-16 05:55:11,2017-08-17 16:27:52,2017-08-24 18:22:49,2017-09-27,083ca1aa470c280236380973a48f77c6,2017-08-16
726d7ca786b51f528a05248919aa2aea,b4327f405e23b55576892dc17ced2364,delivered,2018-02-22 17:20:48,2018-02-22 17:35:45,2018-02-27 20:52:43,2018-03-05 13:58:53,2018-03-20,b1789926c035479e68a0796b6e31930d,2018-02-22
50151c507e6dfcc7435d9805ff95a548,51756ea9511c4d8f66f7086a126d4ab7,delivered,2017-09-01 14:00:55,2017-09-02 03:04:54,2017-09-06 19:37:38,2017-09-14 19:07:41,2017-09-21,288d9bc5f4b9120004ba49118ad5f67c,2017-09-01
3c9009e712f443adfdc5f85fd157d09e,8396be4045204d3e3af9cb77f8a230e4,delivered,2017-05-04 13:27:17,2017-05-04 13:35:23,2017-05-05 15:41:43,2017-05-15 14:33:41,2017-06-06,5e3f9ee4b948b61e902cce42e227cae8,2017-05-04
147973f607023fb30b72b31fc2744d13,ce8154e2083db0e68b12d0a13d6770fc,delivered,2017-10-23 08:59:20,2017-10-23 09:14:19,2017-11-01 19:07:33,2017-11-06 20:22:45,2017-11-09,32c8b7929168aeff057dcb2255a3dedf,2017-10-23
a7a256d455df2402da6d060321656b20,d69adc38c89adba5d688a0986eb1b060,delivered,2017-11-14 17:28:01,2017-11-15 17:30:40,2017-11-16 20:39:03,2017-11-27 22:02:51,2017-12-06,81e80e04ac84b9d0cbdc758bd9482094,2017-11-14
e9e9b31ec2faa5bb868dc5fa0c66b0bd,a48ffc7cf9fca7c48a49af83e7261ebf,delivered,2018-01-17 20:58:28,2018-01-19 02:37:54,2018-01-20 01:09:05,2018-01-31 18:28:56,2018-02-01,4c3c05dc3829b4ddd5965f29decf4e9d,2018-01-17
cb505678409e79b0864083b3a24d48f5,aa6811129215d8c85ccbebd4454b17f2,delivered,2017-05-04 11:39:47,2017-05-04 11:55:12,2017-05-04 13:30:13,2017-05-26 15:56:53,2017-05-29,4de4d11e794a5a00f5c6c326ff249f4d,2017-05-04
b7e3e09ab3797cee3fe2864dc024f786,ac4bf4a5575659425d954991f768cdcd,delivered,2018-03-06 11:36:20,2018-03-06 12:20:24,2018-03-07 20:07:51,2018-04-02 15:56:39,2018-03-23,5528e8c8cdfa15940d89eb1d21866350,2018-03-06
a37d916ab96889e59db281905a87514e,2fc7c032e0e08df56ee8b2673d827357,delivered,2018-04-15 13:47:45,2018-04-17 05:55:44,2018-04-20 00:06:25,2018-05-15 15:38:59,2018-05-22,80a4a7350dd95ecb9fda27078b366855,2018-04-15
199c3b00cc75bd2e16c40ac6447c673f,bab96faad3095a7d6a732267be6dde0d,delivered,2017-11-03 13:30:33,2017-11-03 13:46:04,2017-11-07 00:09:17,2017-11-09 14:48:38,2017-11-30,5146be751c87984f443dab196ba5bd70,2017-11-03
b8fd80779b8e6a73a172dc448cb0a0a8,de6fc64462f4690790e6b67da7d7edaa,delivered,2017-07-11 16:42:15,2017-07-12 06:44:02,2017-07-12 17:05:50,2017-07-24 22:22:35,2017-08-02,ed4c785e11a78a73c48fa3af98008292,2017-07-11
0cfabecb909812856ae6d21400104334,ca7be09be15919bbd9f41de9a68d34c0,delivered,2018-05-16 12:50:54,2018-05-18 16:57:57,2018-05-21 14:40:00,2018-06-07 19:36:52,2018-06-14,a14720d62153eabc4a7cbbd84afbcda9,2018-05-16
8062490d9761653cd11d048a96f875d4,d12dccb5ad6ed9f5b436c3f5b58c5f64,delivered,2018-07-25 19:07:16,2018-07-25 19:15:24,2018-07-26 15:22:00,2018-07-30 18:48:58,2018-08-13,1175bad3e68c8eae42a5b1656813dd04,2018-07-25
457432689bcc0d3db0742e0e8cf87aa2,43cd92deaa3d542fa32fdf4ca3089f51,delivered,2018-06-12 00:27:30,2018-06-13 00:41:36,2018-06-15 16:34:00,2018-06-19 17:44:39,2018-07-05,634df12614ec55cc31bd986f0981dc61,2018-06-12
2e79e51b96cf9b836ce81f55548d018e,09f38e2ced1fe32a87b56f43e079f6d4,delivered,2017-10-07 13:04:01,2017-10-07 13:14:11,2017-10-23 20:53:55,2017-11-07 20:37:55,2017-11-13,2e0081869569510bd3c45a71d2563ec8,2017-10-07
0ed863ae64e541253de34411c0b0280a,7a4bda17979cda408ede421d6f9e5337,delivered,2017-10-29 11:16:24,2017-10-29 11:50:22,2017-10-31 15:43:38,2017-11-07 21:27:29,2017-11-22,3d58d1ec4b0a3513c4b9e7bc83e07921,2017-10-29
a476749332fa1502701657ec467468fb,c1f0fe3bb2fc6c29afff6b671b1b27c0,delivered,2017-06-14 13:29:02,2017-06-15 02:50:23,2017-06-16 14:09:35,2017-06-26 15:10:02,2017-07-07,6f30595d862b95418d7b8ecff5a7bcf6,2017-06-14
4f7a513a13ed6efd9b603b1590b9ae1d,132d5620a1c47ef79eec69e780422b17,delivered,2018-07-23 12:25:45,2018-07-23 15:31:50,2018-07-24 14:16:00,2018-07-26 19:08:33,2018-08-10,9a45034c604e0dd71ed1aad487bead72,2018-07-23
be787f15d899c8ef7a1708f7395b3435,774a68091890f5f1b8205341a06d854b,delivered,2017-12-11 21:11:11,2017-12-11 21:34:03,2017-12-13 21:29:21,2017-12-26 15:45:18,2018-01-04,c560d6a7efa9df6439f6b7c9940a1667,2017-12-11
9cd56a4791f9a693673888aec901d978,f60123e6cb170d9d4f60dbb8623afa4a,delivered,2017-11-05 08:20:03,2017-11-05 08:30:23,2017-11-07 16:53:00,2017-11-22 21:02:39,2017-12-14,fe87efb2a10c5be210f09f813108a433,2017-11-05
fe03e808df6c069fbc70b82be411d07e,32aedef591873c0fdf1312880c2f2bd3,delivered,2017-08-21 22:16:13,2017-08-21 22:26:01,2017-08-22 13:12:41,2017-08-25 22:16:25,2017-09-13,056fc7649dca9b36f1b2171d6176a2da,2017-08-21
86bea29683568dfb87f96dc4b7997cbb,ba383b1abeba5501a6b41a6a6b321579,delivered,2018-01-08 19:08:56,2018-01-08 19:17:42,2018-01-11 21:51:45,2018-01-16 22:39:03,2018-01-24,8deef3053c0b071387efc35a093deae5,2018-01-08
038345c4a9d21c17180f2f77e1701c69,a6e22c9df7242208bd27554da4b6ee97,delivered,2017-11-13 19:55:04,2017-11-13 20:08:11,2017-11-16 18:48:59,2018-01-25 12:59:42,2017-12-04,211973429b3ca75e0d50d81334502de4,2017-11-13
b031da90f1946edd12ee2587d53c667d,f976a6aa7c97f6713c9b39e5bd74e04d,delivered,2017-09-15 19:07:54,2017-09-15 19:24:39,2017-09-22 20:13:02,2017-10-02 19:09:09,2017-10-09,d7a86208b8dd2e697ddf825c386a0402,2017-09-15
830b3434635cb599ae37e17e90f2d0e8,7b66c4dcf653a107c3e734b9868a7ea5,processing,2017-10-15 19:43:16,2017-10-15 19:50:34,,,2017-11-08,a852f2a44e0f05fcfc14b4af6d6bfc78,2017-10-15
ca29d7cf8cb37d08e6a73c1128859290,364b5d0bd02e707f4b99a50ef4493acf,delivered,2018-01-13 15:02:06,2018-01-13 15:31:39,2018-01-15 17:33:31,2018-01-24 17:03:16,2018-02-14,eada2898fcabf90622098764ecede505,2018-01-13
e88c93bf71895846c5dbc1cd709e2308,2c89b60dcd1fee99b089f5ccbe1ee294,delivered,2017-06-09 17:38:12,2017-06-09 17:45:27,2017-06-14 17:54:12,2017-06-22 15:37:08,2017-07-07,04d3c2795b83634312bf3f86f41f7901,2017-06-09
668ad4f50b1378df49d039969a1e906a,2f02678d5b429b623e9e40dd7b93e2a4,delivered,2018-06-12 11:49:45,2018-06-12 12:43:29,2018-06-12 13:45:00,2018-06-19 19:58:59,2018-07-11,04f55c4c90c603c6b60a85845295e96f,2018-06-12
9c83e600b8c156f1b50b753f30e93634,60ba10cea61a934e043ef4fb6b60ff04,delivered,2017-10-30 11:47:19,2017-10-31 04:10:23,2017-10-31 18:50:04,2017-11-08 20:07:36,2017-11-27,5680dec85a00c09c2e06be55ca959d39,2017-10-30
8e49c3737c80a9418fe0d6f7f0a1f1fb,4541fd1f68aadc6a75abf2d2cee3db4f,delivered,2018-04-18 19:16:31,2018-04-19 19:10:58,2018-04-21 01:54:47,2018-04-24 00:19:21,2018-05-14,9d65712bdf6ca12c01739542bf14b530,2018-04-18
e8aa7100127932a65507b2cb5ffdd901,76973f49a0ddace6e3d5c20720b177f8,delivered,2018-07-05 17:58:52,2018-07-05 18:11:00,2018-07-23 11:36:00,2018-08-06 19:16:51,2018-08-10,3d435b8da024ed08d2e43ecefdf46a9f,2018-07-05
dfe5a841c2bc48efa0553f264e4d3190,36bdb1c5b627db2a634745c53ec994a2,delivered,2017-03-23 12:27:53,2017-03-23 13:06:13,2017-03-24 14:34:43,2017-03-29 13:47:17,2017-04-18,20568447556bfb0e74c84c75800ad215,2017-03-23
3fc88ecf6531f387f4888fe47105b4a4,083e2b1ff42c5edf19de624a88fe80ec,delivered,2017-11-29 21:03:45,2017-11-29 21:17:21,2017-11-30 16:33:44,2018-01-13 01:55:34,2018-01-04,6e31fbbf8fab8292ce3539ade13d31a4,2017-11-29
42113ccffae542a6aee6b921c765d59e,3e058e34970eeff2a92b7c5f12ff6cdd,delivered,2018-08-03 11:57:55,2018-08-03 12:31:42,2018-08-03 13:56:00,2018-08-07 17:04:44,2018-08-16,af8937e6d92487a6c9393abcf5120e32,2018-08-03
ea2c68bf46dab82dfe8e5f2b09df0aae,9111616f7a7d0fe5fd493f339ce21bd8,delivered,2017-05-21 22:28:36,2017-05-23 04:05:31,2017-05-24 12:26:28,2017-05-25 20:42:31,2017-06-02,ac7584e986cc5736ea0eaa3338f20915,2017-05-21
830e68f85c573a0b3ad78cc4915e0fcd,26851e2e2407326a8ae15b13a6260e64,delivered,2017-03-21 11:45:54,2017-03-21 11:45:54,2017-03-22 13:50:17,2017-03-24 18:18:05,2017-04-17,94e6edac4fcfaba68a45fe869e6abb8a,2017-03-21
aea17603b85011cbf7358a48daabd6b0,ebfa2c7d90e825eae93363200357b73a,delivered,2018-01-26 20:51:44,2018-01-26 21:17:05,2018-02-01 16:22:28,2018-02-15 16:38:56,2018-02-26,0d6012973726620ae97e22ec79178655,2018-01-26
4df371955120c03af473cf4160cb6c65,6a0b64aac6b11f3b988161dc7dee946f,delivered,2018-08-17 00:58:46,2018-08-17 18:10:03,2018-08-20 19:03:00,2018-08-24 20:41:59,2018-08-24,faf18e4767082ff566b3cb2023cb358d,2018-08-17
7c367f3036caf4d2000a4d80bc9d341b,1b91e7f083184b62bebd74c6cf0e355d,delivered,2017-03-25 10:38:04,2017-03-25 10:50:13,2017-03-28 07:27:06,2017-04-20 11:11:10,2017-05-31,4c75ca6364822869e5dc8c6a83e8e10f,2017-03-25
5ce08134a7e1f35b93fe223acef734bf,872249288988fc5df7f5fb5a40c2a7df,delivered,2018-06-12 16:55:36,2018-06-13 09:00:41,2018-06-18 15:47:00,2018-07-03 18:48:39,2018-07-25,0d34b91482366853b376e25b1defe215,2018-06-12
4eeb6af486bf2c0e8e600162bdf2e391,1a11a5ad33d88dd094bbb18924162517,delivered,2018-03-06 16:03:19,2018-03-06 16:30:07,2018-03-08 14:17:59,2018-03-27 16:42:37,2018-03-22,29b61b8868018a0e4dba5681476e7ec3,2018-03-06
bc2875d103c239620c7d56924ce991df,4c49ffd00d17560e85c4e0e03e8e3fa4,delivered,2018-01-02 10:31:49,2018-01-02 11:31:31,2018-01-03 20:42:34,2018-01-09 16:10:09,2018-02-01,148a7291d2ae7a6ad536f0df451839c7,2018-01-02
05871d52118762aaae93a3682fc5fe2f,a22b5e829ec1ca245de827b70b0fd334,delivered,2018-07-31 20:54:24,2018-07-31 21:05:13,2018-08-09 09:22:00,2018-08-15 23:51:45,2018-08-22,39ee0b80bea01c06c6919ec88e14ec45,2018-07-31
ed970e1789fefbbd3700b0c5e84b45f3,7a4f856dbe52b7cbb2c19b2fb79f03e4,delivered,2017-08-03 11:01:38,2017-08-03 13:50:23,2017-08-09 19:47:38,2017-08-22 20:25:47,2017-09-06,663b8dc399b315977cb3f44fbd391d37,2017-08-03
f2ff1f78a5733d7178e393c543100e0a,6571517c9efc678ea3a386e13bb33481,delivered,2018-08-07 16:54:16,2018-08-07 17:05:22,2018-08-08 14:20:00,2018-08-13 13:50:54,2018-08-23,cac8fc1ad1956b820b18d72f8f39a03d,2018-08-07
4d34eb469920ba37e6cab956395a5265,84b667a6ecf4e5e69339b7a255032ab0,delivered,2017-11-13 13:13:04,2017-11-13 13:29:12,2017-11-16 19:08:55,2017-11-23 18:48:50,2017-12-05,70ed71b5c89d632c5beef281aa3db24f,2017-11-13
6714663b6b3db5c838d7590c6a7600e3,df90101175bba909f4966543a9c2036d,delivered,2018-02-10 09:18:15,2018-02-10 10:00:20,2018-02-15 00:09:38,2018-02-22 18:33:32,2018-03-07,9ef7342827bf423b936bb90a23a12bb9,2018-02-10
a80e8291d9f0e9b69b924bd10629b4e2,14b526a649ab79cccc7b690557e748c3,delivered,2018-06-11 14:11:05,2018-06-11 14:37:19,2018-06-11 14:49:00,2018-06-15 14:48:59,2018-06-28,e5627284102bf52e06078fe963cf620c,2018-06-11
2e83b6485b7379a38d52f8cbb8a1bcc7,ee9668b5b97d317732f5bb7a6fd28293,shipped,2017-07-11 23:03:55,2017-07-13 02:50:44,2017-07-14 14:06:46,,2017-08-07,70e8f009c66e06e6e631460444e355d2,2017-07-11
c0cf146482b7d822885b26755491195b,c8d36b891159ed970f8236df9eca6618,delivered,2018-08-09 19:41:09,2018-08-09 19:55:13,2018-08-10 12:37:00,2018-08-13 16:58:30,2018-08-14,1308600a73be2e833553aa391729a4b9,2018-08-09
02c51fbf49fd8169c04fbc30e9632ebf,8e49f5f31f9feb36a1a6c2aa70af719d,delivered,2018-03-20 21:43:44,2018-03-20 22:08:51,2018-03-22 22:12:16,2018-03-26 17:13:54,2018-04-02,01ce78f7a46aaaf7a9d1d2b86224ae38,2018-03-20
88d9499b5882f39b760f29c92acd6f2f,1e2484fadfefda5f6e9cdbc78b909fc2,delivered,2018-02-08 00:28:22,2018-02-08 01:09:42,2018-02-09 17:33:37,2018-02-19 16:46:00,2018-03-13,d0f399de7dae15555085c3cb3b279729,2018-02-08
2bc6b2e1b00cb3b80c0386a7cc089210,c66c3432dff0caa6dc5529cfba3ee00a,delivered,2018-05-09 20:45:33,2018-05-09 20:55:39,2018-05-24 11:22:00,2018-05-28 18:03:33,2018-06-01,98ed2b885060a5b733c9caeb7d37fbf8,2018-05-09
70dc1650fbe7679b733b3d80d3073765,dcff5ba8cd5e93960bb494141d39df55,delivered,2017-10-05 13:11:42,2017-10-05 13:25:01,2017-10-06 15:41:27,2017-10-14 11:52:15,2017-11-09,914dfdee6667429de224d7a633cebe7d,2017-10-05
fd6570a375422eb90b25eae62935db7b,142c2f12143be3160f9c4752c85367f4,delivered,2017-08-24 10:43:14,2017-08-25 03:05:42,2017-08-25 18:58:06,2017-09-06 19:08:03,2017-09-28,eca8832cb59ec8fdc1b4a0641391c7cd,2017-08-24
b3ab7af51c4d6487be9fdf8ced2696a8,801b675e5c31e24ad2a630d0fe661c84,delivered,2018-02-20 16:00:47,2018-02-21 06:10:09,2018-02-21 22:42:43,2018-02-23 17:28:02,2018-03-06,730939f868ebf50d2ecdbd34bc4c9086,2018-02-20
ef1d0da21b77b4213e3001de2f170c17,a0d17b4cb7478d0e7667e0b46bfa800e,delivered,2018-01-06 19:30:37,2018-01-09 07:25:43,2018-01-09 17:19:50,2018-01-11 15:53:13,2018-01-24,a3d207e6874aed8ecb5d1c4edaf0e7ec,2018-01-06
01f78824e3a8e474a36d8dfc2a2c35f4,5ea43e101aceaadd7ca9fcf1b0226a6e,delivered,2017-09-19 10:17:22,2017-09-19 10:35:22,2017-09-19 17:47:14,2017-10-06 20:12:08,2017-10-09,a3f0606876f54bf01bb90d4e9b24966d,2017-09-19
c70e1bd940c5723bf066a1dbcc1455e8,b145bff18e79ac4dfb3fb91e61906f38,delivered,2018-02-09 15:43:37,2018-02-10 10:18:45,2018-02-14 21:57:04,2018-02-27 16:50:09,2018-03-13,ca77025e7201e3b30c44b472ff346268,2018-02-09
b11b91d4d8e53e6149e2df599f5335e8,dd1aa4cf442d7028e72cedcce78bf9c7,delivered,2017-08-03 12:51:48,2017-08-04 02:25:45,2017-08-09 17:14:25,2017-08-17 15:39:38,2017-09-08,1e36e008b130c0ff158f3852ff94241d,2017-08-03
9bd5c53e69d9f7ddcd2ac219938bb4be,67fc1fa63f1aca79cc4c36aaa4ce8645,delivered,2018-07-30 17:07:20,2018-07-31 04:31:32,2018-08-02 13:09:00,2018-08-09 22:11:23,2018-08-16,5f320e7c84da424e070bad73f40a50dc,2018-07-30
1431c3eda8ad65df1ad5982488e1a011,8f2e8aefe35f3bbc037e50fb77b4bce2,delivered,2018-08-04 20:42:36,2018-08-04 20:55:24,2018-08-06 13:59:00,2018-08-09 18:16:39,2018-08-16,04971801420422ac37540eea29047f22,2018-08-04
5a126b3da47d5cc3b50eedf4ed1a2070,34f11687d0a6e87ecd8f7a3fbf7e29b4,delivered,2017-07-27 16:47:00,2017-07-27 17:55:10,2017-07-28 17:37:52,2017-08-08 20:47:56,2017-08-16,8d60a3c0525800edf48f4dce8d689645,2017-07-27
0b3dc290a34c1a7a4edd084847af89b5,fcd60251e4d59045571d074bc66bed86,delivered,2018-01-10 17:57:59,2018-01-10 18:28:48,2018-01-15 15:04:58,2018-01-23 15:05:46,2018-02-02,f6955f802b2c8d4d88d57fb384f049c5,2018-01-10
90407fc87b8430d3031e48be0d8ddd2b,ee140a8d55d39b64ce5715ec7492e99f,delivered,2018-02-18 15:00:17,2018-02-18 16:26:26,2018-02-19 20:32:35,2018-03-06 19:14:34,2018-03-14,64b8cc7a4e6262b3277daca5416d2d83,2018-02-18
24fe7dc3b99f55e3d45f8d3d4c394811,1ae150472f7c6935fdad4216418c0ce4,delivered,2018-02-10 23:14:00,2018-02-11 00:15:28,2018-02-15 19:51:19,2018-03-28 18:08:45,2018-03-07,b4901038cce8e963e9fd19d511ee9803,2018-02-10
21210d0eb0ac7cb1b22057ff1eca09c5,bec2a570fb950359c8f4b1a0385c989b,delivered,2018-03-19 22:00:59,2018-03-19 22:15:47,2018-03-22 19:29:41,2018-04-11 23:58:47,2018-04-12,3e12161c593c36bae8b08688afc1cded,2018-03-19
1f50268bed0b22450f835dc03a16c88b,e9a125ee59a4ee98285d3d69805f65ce,delivered,2018-03-03 18:55:10,2018-03-03 19:08:53,2018-03-07 16:06:57,2018-03-25 21:36:38,2018-04-06,34309ff7cf5db0581ee6b2a6469a3a9c,2018-03-03
15b321aed302d3b17d9686dcc784e10b,d89f7e6bfb093c7b9f6da81b415470a6,delivered,2017-06-20 12:05:42,2017-06-20 12:24:21,2017-06-20 15:03:13,2017-06-28 14:12:04,2017-07-12,20c9ce430a60801a1bec25d1bdf93142,2017-06-20
7b546ab3ec353521f28eaf8b6881e1c0,f3e39e72d0f4d6e158f2ead42a5d4f43,delivered,2018-01-25 15:23:17,2018-01-25 15:41:10,2018-01-26 18:22:09,2018-01-29 14:34:04,2018-02-09,9f0d87c00711095a2247e9aeaf6b6927,2018-01-25
43d6342125d8088b91c7075c954bc592,cad98fd1dcf33315396326f7fdefd807,delivered,2018-08-05 14:49:53,2018-08-05 15:05:11,2018-08-06 14:08:00,2018-08-09 21:04:29,2018-08-15,8f50343fea45d07ccd56820112c91292,2018-08-05
2c85266fde39a3694a2b4f7917680ff6,f2a2c16b1560027813f3c79666b063ad,delivered,2018-08-16 11:05:33,2018-08-17 07:01:36,2018-08-17 14:16:00,2018-08-20 23:56:53,2018-08-22,7000fcc3879a76258e660e032bc99392,2018-08-16
ee74c524654f34e41104075eea8a1387,ec1febe20cf681729cf9a21a0cf401a9,delivered,2017-08-29 08:50:49,2017-08-29 13:55:18,2017-08-30 17:39:09,2017-09-11 18:20:05,2017-09-18,9c2008437ecbda535dc48e9bfd835ca4,2017-08-29
90b0e0aa2d8c26868122bbc82de97b46,860769291e22713c41ef52f5f9475553,delivered,2017-07-18 10:54:14,2017-07-19 04:03:59,2017-07-21 15:11:50,2017-07-31 21:07:54,2017-08-16,dd9aba5cd5863cfc8d889b2958771e65,2017-07-18
cadf75f0c2e29639d54ff0430d98e9f7,25e4078d42ba4b106674df3702bc066e,delivered,2018-08-04 21:57:34,2018-08-04 22:10:12,2018-08-06 12:30:00,2018-08-11 00:03:58,2018-08-17,8d187f36fa18c60c2ac49e7a966d8ff7,2018-08-04
191869a6145f8263366f4158ddcf3b2b,2cf0c0ab9108b6a0c3382fb387643d2d,delivered,2018-03-15 20:47:50,2018-03-17 02:40:43,2018-03-17 18:24:46,2018-04-05 00:28:54,2018-04-17,9425a6d07d199d409a285a89f04b9d76,2018-03-15
4756c8c762bb57f0f88ba1d0e954e7bb,8a006c2603fb1069e7c859c6459f3f85,delivered,2018-03-03 20:53:06,2018-03-03 21:09:12,2018-03-05 19:19:12,2018-03-22 17:08:33,2018-03-28,7a8c7f6ef8267a9800c2e2cbae567b01,2018-03-03
75d0f04960793ef74751b16941fc52e6,9451c114dd645e53368c1e7c538b31f1,delivered,2018-03-27 13:04:13,2018-03-27 13:15:22,2018-03-28 18:22:56,2018-04-20 14:11:58,2018-04-20,f47c685c2f68924ab85b3c343bbe7864,2018-03-27
d079d177011efd6ff72760b1e5caf50f,3426f6b06e7653e3271e965b8eaafb29,delivered,2018-05-03 12:46:25,2018-05-03 13:11:42,2018-05-04 15:19:00,2018-05-09 22:04:02,2018-05-28,987c0da67e68ec3a785ba1d8c608841b,2018-05-03
fff3983dfa3c5a0d752d8d17baa406a0,46930ec4a8599d1436787e37f36161d9,delivered,2018-07-14 21:56:14,2018-07-14 22:05:13,2018-07-17 12:23:00,2018-07-27 16:28:51,2018-08-01,8e04c0bebce561df488961624d5513f2,2018-07-14
2ede9b5641146868b9e9307ac0457349,2ac2c26386ad549a2d762e224cbb8d65,delivered,2017-08-16 19:59:48,2017-08-16 21:25:26,2017-08-18 17:30:06,2017-08-22 22:47:30,2017-08-29,9f2c3722e1895d2cfc3d9f96f5f7716e,2017-08-16
7c0a8e739e7de73b6258885fc6fc32d1,517933dab5239d429307cbbf62939204,delivered,2018-07-20 18:19:29,2018-07-20 18:30:15,2018-07-23 10:02:00,2018-07-25 00:19:35,2018-08-01,8da72fa954b8ae47b04ae9d786f58133,2018-07-20
312706db2e689abc71142bbcb1b6eb34,120ecc99ef409f1f02753d3ad88a9746,delivered,2017-12-20 21:23:20,2017-12-20 21:32:26,2017-12-22 20:28:55,2017-12-30 16:57:12,2018-01-15,336e2fc26e67b7cbebe7268480f5817c,2017-12-20
3ab51ff55eebf63d3c2635757c61b5fc,a0d7a46ce79138370a4d1e1492a1dd52,delivered,2018-06-21 18:55:13,2018-06-21 19:21:19,2018-06-22 14:18:00,2018-06-25 18:32:26,2018-07-12,7f013a91e9f064ebde755662228b3e20,2018-06-21
bab9cd2eee074d0c97e7691c9418d68b,915d2a8950a52d39766c3cc2516001a1,delivered,2018-06-04 13:21:16,2018-06-05 04:31:12,2018-06-05 12:08:00,2018-06-11 19:50:58,2018-07-05,87aac0e93ebcc67559e12767e89e3382,2018-06-04
f77069f53023a7b046bf919f50bb2dd7,17dd52ad2465bdedb0c78d744ba82f84,delivered,2017-12-06 14:17:39,2017-12-06 14:32:04,2017-12-07 16:52:20,2017-12-18 21:18:54,2018-01-08,a82f297270af0e0e602ef0ad4109b915,2017-12-06
57ba835cf75b08c9d823b7eb67ca09e2,11c269ed39c68dd5451ea3f3e4aa6d93,delivered,2018-06-06 20:39:47,2018-06-06 20:52:28,2018-06-08 13:49:00,2018-06-15 19:08:47,2018-07-20,aa8d9a4d4baf71707760d712d5fc0684,2018-06-06
591b22f19e82785196df15ee524ca880,c8f16f00d7207a79a297a7603436ec4f,delivered,2017-06-22 14:57:50,2017-06-22 15:10:16,2017-06-23 12:55:56,2017-07-04 15:44:46,2017-07-14,da5c800c93ba4dcf2be6d3f2a39225ee,2017-06-22
18d8bd3eba0ea9aa893dd85b593a3495,ef6241c94ec298e06091fbafec584539,delivered,2017-06-03 00:08:15,2017-06-03 01:10:21,2017-06-16 14:57:26,2017-06-27 10:24:46,2017-07-28,45898cc33d7c8394f2f0b42b57d43160,2017-06-03
00c9d0257381c7e9ec13b4505f25b2cf,d14c86b99a98e85b5c256c081e3cea03,delivered,2018-04-18 08:57:18,2018-04-18 09:11:59,2018-04-20 22:58:35,2018-04-27 22:26:41,2018-05-18,297ec5afd18366f5ba27520cc4954151,2018-04-18
76ca90c340d3db00b40ddf08d507b3da,50d6d003c4d24eebd586a3de7464b3ed,delivered,2017-05-24 16:49:44,2017-05-24 17:03:32,2017-05-26 11:15:24,2017-05-28 06:37:55,2017-06-06,c28b63b59fabe61e0407ad0ec0336e2a,2017-05-24
0b685cd6f272b410ca1a0cd1fbf0a548,78a6006cf4a106dcb7d4b8f91e664860,delivered,2018-07-24 15:02:15,2018-07-24 15:15:23,2018-07-25 12:28:00,2018-07-31 15:12:47,2018-08-08,b5728597e220351f59a7daa426bbaf2f,2018-07-24
855bba0953eecbffe1eb307d06287a39,f7cea60ff8a33edf45e544aff5bab047,delivered,2017-11-12 12:24:06,2017-11-12 12:35:19,2017-11-14 16:39:06,2017-11-20 14:18:45,2017-12-05,e42fa91c4d4cb98492840ffe16df8d5d,2017-11-12
4d55408f3a98afa1d4f3087d4a24005d,da622558a9ec231b2d31b8b498a672e5,delivered,2017-02-04 13:42:12,2017-02-04 13:50:21,2017-02-07 11:47:29,2017-02-10 09:18:43,2017-03-07,f082a32f9abe1b8678ef88c7fceab40f,2017-02-04
fc10f44eba425f75f88abffef84186e8,0ea8cb0fd92fb311cd7cac1299c91589,delivered,2018-01-17 15:52:42,2018-01-18 02:11:51,2018-01-18 18:56:54,2018-01-23 17:45:06,2018-02-07,3ba31655c5f4e503b6b896c0e6952ed7,2018-01-17
76e1398ff6f5ed6b681d270df349e3f8,74cdb1ab8c425749c6f327357549b4e1,delivered,2018-02-13 16:53:29,2018-02-13 17:05:34,2018-02-15 18:56:06,2018-03-03 15:02:59,2018-03-09,59d2db950a513645b4f625a77a6d7e02,2018-02-13
2b4ddcfd05002739cb1f110eda444800,20a8ebae8e5faecb3b19e232aa3937fa,delivered,2018-08-10 16:53:55,2018-08-10 19:44:32,2018-08-14 15:01:00,2018-08-15 16:15:25,2018-08-15,4ae7889184ee03dd6c31f1e262cdcc02,2018-08-10
2036e60f61d651518a111dfb2ae5a411,381796669bc4c8ddde91648213e646df,delivered,2017-11-24 14:39:17,2017-11-25 05:35:42,2017-11-27 20:28:43,2017-12-04 21:35:44,2017-12-19,50ba85c28d1f8a8a8a76141e77a9db31,2017-11-24
4886c3effdbdd559f0f727957b9af0bc,8543a6864ebb4e1c380b2a33679d4df8,delivered,2017-05-24 18:33:41,2017-05-24 18:45:11,2017-05-26 16:12:40,2017-06-23 12:54:44,2017-06-14,b579f0174ebac4c6a6f4bfbdeae79770,2017-05-24
3147d340c802cf04b463c4a5e532745d,5b331b0a1d63a261e9072be800107cfd,delivered,2017-08-05 14:08:47,2017-08-05 14:23:39,2017-08-11 12:27:35,2017-08-16 17:09:14,2017-09-13,0011c98589159d6149979563c504cb21,2017-08-05
26a61c64f323051101667738921220fd,abdaafe64479e307e9ee94472e1a77ee,delivered,2017-11-23 23:20:32,2017-11-23 23:31:57,2017-11-24 21:39:05,2017-12-01 20:14:50,2017-12-13,5f3c00815858edfb034def7fcccb098d,2017-11-23
2a680095a7549ad07085fb6863f91316,5eae6bd471777fe01da2ab35bb27ef2a,delivered,2017-11-20 23:34:26,2017-11-22 03:08:22,2017-11-22 21:42:32,2017-11-24 15:29:08,2017-12-04,b29bd5c2f25523fa4754d058fd513707,2017-11-20
d3eded6aa11fcf3fbaf7843c0b4c6e6f,1777c2a82c54f3994e5672cb40c4480e,delivered,2018-03-30 10:45:50,2018-03-30 10:55:08,2018-04-02 20:44:29,2018-04-17 23:32:19,2018-04-27,e2be74ecedb0b925ddcc1d11da84e937,2018-03-30
81c2a9cc7a5d970fa1cb04443002088b,6bba6f64977c6b367a97039f2cc7cc64,delivered,2017-11-27 07:36:22,2017-11-28 02:58:53,2017-11-28 23:59:00,2017-12-01 00:28:24,2017-12-11,4e8cd1c9fa889e1cd9622b87615d5251,2017-11-27
610978786c543b1b75c537dcd82a8d10,92c9d31b34b4cf780fa6b3e82693fa27,delivered,2017-11-03 14:48:02,2017-11-03 15:06:29,2017-11-07 15:55:02,2017-11-10 23:48:31,2017-11-23,695a6fa8320a8e2a9e2117e3c10848e8,2017-11-03
652dd1e43c57c5f82622cd0d4ec1c376,7dbed95882f0d8bdb7279f822f09bd96,delivered,2018-08-01 10:52:29,2018-08-02 05:05:17,2018-08-02 12:09:00,2018-08-08 00:12:26,2018-08-16,5c06bf4d349131165dd54d83da1f2cd0,2018-08-01
55ab9db2aba357eaf4c98300f85b2189,9e2acd85dd3467ead19e6e831dc5b69f,delivered,2017-09-19 00:04:15,2017-09-19 01:10:18,2017-09-21 20:42:28,2017-10-05 21:26:08,2017-10-16,097922f64914c7cde32a46a54e299428,2017-09-19
3910f99fe841cb26a6adddc96249d3c8,feca9dad8fbf1f8ba320d99aab2116b1,delivered,2018-07-23 08:34:08,2018-07-24 11:32:58,2018-07-25 15:37:00,2018-08-04 15:06:40,2018-08-15,c6dfd0f206cbc86ba1c3895254532e70,2018-07-23
fde2b2f46bb69e2359b74ff7606de899,077e8825452efc8df7289444b1226930,delivered,2017-06-23 21:07:46,2017-06-23 21:23:09,2017-06-27 10:04:26,2017-07-03 13:22:08,2017-07-13,bcbffa4d3c9d90c89eaa348e3a5113ab,2017-06-23
c1b3677443e3acb2a07e47d81889e571,fd440a24212b8c94038eae8c3c200658,delivered,2017-09-12 13:58:02,2017-09-13 03:35:20,2017-09-13 21:45:57,2017-09-15 21:36:24,2017-10-02,90156bdb31b3ab44c9ca48cca1958c03,2017-09-12
985db56d4cabd2577d0960194dd2cd5a,93b0959b3704e65ceaf6cd4bcdfea834,delivered,2016-10-04 15:35:35,2016-10-06 15:57:13,2016-10-21 16:33:54,2016-10-28 15:03:48,2016-11-30,8de8484141a728d73763be267b73cda2,2016-10-04
f68d2c7cf192e85e39bd08dc995dca5c,82a5aaed30c2e07b5b0e4cb5dfcc332d,delivered,2017-03-04 14:55:42,2017-03-04 15:05:14,2017-03-06 13:37:17,2017-03-16 07:07:56,2017-03-29,0d77d20b2c7c92602b0c4ec4fe5997af,2017-03-04
48085a2da6f7f5d46958b76af0dadf07,b08249dce6ff19f275657a123bc27a47,delivered,2018-03-21 09:40:27,2018-03-23 02:16:00,2018-03-27 22:03:57,2018-04-02 23:52:03,2018-04-13,d4b64da51faecbdf6cfe1cdcfbba9d38,2018-03-21
cbcbf16b779a45730bd03de1dc68131b,1a7bab6bcb194aaba51c9e90c7d27340,delivered,2017-12-06 17:17:11,2017-12-06 18:21:15,2017-12-08 19:43:12,2018-01-12 22:17:40,2018-01-03,efa29f8356b5e800a8f7e8e35b29690e,2017-12-06
e9412fef2accbb245c4232829673c90c,ae984c23bb0ed564ac206f2ec57f772a,delivered,2018-02-21 11:21:19,2018-02-21 12:27:59,2018-02-23 22:21:34,2018-02-25 19:43:05,2018-03-07,19bcb079f3a5b7f1a5800661905368d9,2018-02-21
f8306c39b861b2b3879c573003a666b3,b65a320a0d214027f80a904bcfbb94b0,delivered,2017-11-27 20:30:09,2017-11-27 20:39:39,2017-11-30 02:17:43,2018-01-04 16:48:31,2017-12-21,4a8e9e9f10be430cf52da1115f66fe56,2017-11-27
d015219f23681e41543e3db6504a4865,7ee8a4fb1f82a72a8be3b69fccb683b6,delivered,2018-06-25 16:14:54,2018-06-27 08:55:36,2018-07-05 09:41:00,2018-07-11 17:52:03,2018-08-01,e61a2dec56d5ac6c3216edd21b1c92db,2018-06-25
bd61a1bf4bb521167f6718320f9f5508,baf4e2432cbc16712f26928d45e69c9c,delivered,2018-08-17 21:46:18,2018-08-17 22:09:44,2018-08-21 12:35:00,2018-08-24 20:48:51,2018-09-26,e06421c4ca77d6a60b3b48a12b8540a6,2018-08-17
49dc298f34ef553977f998818dbeb38f,8c615e8041af01e1fb4e74907d70a478,delivered,2018-02-25 19:35:47,2018-02-25 19:47:54,2018-03-02 20:02:51,2018-03-07 22:39:35,2018-03-22,ce57886c45ed2f903d3b45b0283f507e,2018-02-25
3a781a72374ad22c36cc60ffdbcc9b98,f3c2cc8a1f85cd318468829dbfbd6eea,delivered,2018-06-15 19:18:50,2018-06-15 19:42:21,2018-06-21 07:23:00,2018-06-28 21:12:18,2018-07-16,ce8739bf18732110c885e3e034423aa1,2018-06-15
6875f8830fccf5f9658d63a76da43bbb,08385777ab67885a2be27625c7f8de78,delivered,2018-02-12 13:28:31,2018-02-12 13:48:20,2018-02-20 00:37:52,2018-03-03 13:19:02,2018-04-04,5c9f4665b06abd5fa8d3b9363d837bff,2018-02-12
974489a317d3b3f2e471a3e8d05ebeb1,7ee20476c82bf1b2f0e35cffe4cb474d,delivered,2017-02-13 12:10:59,2017-02-15 02:45:25,2017-02-15 11:45:49,2017-02-21 13:53:58,2017-03-14,016feebfaba953a2456d3a063b8eb8ef,2017-02-13
3c168c149c30652ebe339c9e5ab96f71,a44d428faa18d7c93ae50784a0c092ea,delivered,2017-04-13 16:14:59,2017-04-13 16:25:16,2017-04-17 10:43:50,2017-05-19 08:14:44,2017-05-12,e6da0e9bb3545f5468975a2cf67ce246,2017-04-13
e9007e380558105d9508dbc5b6e3ec59,82f44f612817d366e8305b59650b7d71,delivered,2018-04-02 20:04:30,2018-04-02 20:15:42,2018-04-04 19:28:22,2018-04-23 20:02:50,2018-04-26,fdb1f5ba1ae4d0b60ada33775e8b9632,2018-04-02
88d97a5382aa21040be0f2d1e4cce195,06924cbc5d26492a79fdbadd872430ec,delivered,2017-11-28 16:19:04,2017-11-28 16:35:26,2017-11-30 17:15:40,2017-12-15 22:59:02,2017-12-27,d13ab1b949e9fdc5768873bc77f539b2,2017-11-28
34445bc5a6255519c1d230b2231eeb63,5fbc79a993390667e9a461e24d9ce21c,delivered,2017-02-05 00:11:30,2017-02-05 00:22:48,2017-02-08 03:45:53,2017-02-16 13:32:48,2017-03-27,9766c9f4171323bd388bf0ea181b6bee,2017-02-05
0c6a2732270e3f0f66bd73dbde93b59e,e93df84b6db60bf18610814d86332a1a,delivered,2018-08-01 13:43:51,2018-08-01 14:05:21,2018-08-03 14:37:00,2018-08-04 18:51:28,2018-08-10,2a7f837de6a1999e457b8e3c5619156f,2018-08-01
4f3428d2bdfb5f3910f874c72120c9f1,1d9d0514065fd217ca789f34d9cbe3d3,delivered,2017-11-03 19:30:41,2017-11-03 20:30:54,2017-11-07 15:09:15,2017-11-13 22:29:13,2017-11-27,15702b42095b880565ce41d4b1511814,2017-11-03
d6006084ef6702485445b9f51feea594,8d457ebcb479d9b80bd841c3a5df6943,delivered,2018-08-10 18:10:00,2018-08-10 18:25:16,2018-08-13 10:52:00,2018-08-16 20:57:47,2018-08-22,f8c9d3e43d7336c249f361bbf9d46ce5,2018-08-10
faa1515e28c5d45a5bb6fa57bffcfb0b,c27c1ed0d6a18c5bacc8ee239f5717d7,delivered,2017-02-01 17:21:33,2017-02-01 17:33:02,2017-02-03 12:28:55,2017-02-07 13:23:53,2017-03-08,1b10d58aef8d0d26651c02d40f765cae,2017-02-01
b58c726e8f5ba3196c593b1837d25744,dd7bbbf2e47b1e2ad68a2b18ce71b185,delivered,2017-02-13 15:54:42,2017-02-13 16:05:23,2017-02-14 14:59:36,2017-02-20 16:27:40,2017-03-14,e23daf58ce481f3d38066e654ef610cb,2017-02-13
4f209a7c48b44a32ff3196ddbfb4d67e,ec367d9328f38ee210f6dce68c73f5b9,delivered,2018-07-21 16:19:34,2018-07-21 16:30:18,2018-07-24 09:07:00,2018-07-27 21:48:37,2018-08-06,892ce7ef9975bdd49e0242191e51058e,2018-07-21
6de0a6791e7af4ed0514498e5100370b,ca178567ce46af2b0293311d0d63be20,delivered,2017-07-13 16:39:20,2017-07-13 16:50:14,2017-07-14 18:10:00,2017-07-17 21:26:46,2017-08-02,40388ab8abb1da0bc5fd3da3f0a73bcf,2017-07-13
a32e794aa3f7df03d1a3848213b24346,5d265f8913e710c0156ad1edc1e2e09d,delivered,2017-02-11 17:23:59,2017-02-11 17:31:50,2017-02-13 08:32:21,2017-02-24 06:52:30,2017-03-27,14220daa456a18028f2ceaa2c32b4747,2017-02-11
ceebc99a4b5d7dcfe5b9557acc7f26e5,7b18acfe11941bbb0f7e40b0410fbba8,delivered,2017-12-13 15:32:35,2017-12-13 15:50:27,2017-12-15 01:27:53,2017-12-19 19:16:53,2018-01-02,630a286a6eb3e39c61d6d841efc055d9,2017-12-13
19c386dab06e3c24f06cfd16b054f310,4c8caa591e290b4c5fd0535e8dd3c84f,delivered,2018-06-02 10:30:20,2018-06-03 10:31:00,2018-06-07 13:18:00,2018-06-11 18:58:42,2018-07-16,dffac8d6c41ac2a9a7a09ea04bd12449,2018-06-02
fad7b215b5580be62da9ee48752cf0f5,18e21bdddfe220123864e2454f356ab2,delivered,2017-10-02 00:41:16,2017-10-02 00:56:12,2017-10-03 12:26:06,2017-10-08 14:22:07,2017-10-26,204c2ebdde411f63d41de3ff0f436a5e,2017-10-02
e009b6b041176283c1422066465c9080,fef96c428a08854cecacd8074d64a961,delivered,2018-06-25 14:44:03,2018-06-25 14:55:14,2018-06-26 13:39:00,2018-06-28 14:56:45,2018-07-16,b4d631e5d3f3c5f0641fd93a4191001d,2018-06-25
2a5243c1617fc7fbba213c4960700889,184650d98f41ea97a590511d5ef0e51d,delivered,2018-01-14 10:38:57,2018-01-16 03:50:26,2018-01-16 17:16:53,2018-01-26 21:45:49,2018-02-14,826fe81cab42b7dafaa39d81a7551bc5,2018-01-14
9857b6e0079dc9b6081c5d1e2ad75b48,67143172a156bc5513b613755a33ebf2,delivered,2018-02-11 23:49:08,2018-02-12 00:07:35,2018-02-14 23:38:50,2018-02-27 01:55:25,2018-03-06,f9acb1bb93748b26de86d3ea0240e2c2,2018-02-11
0c63eb238a8ea5d783171577db5d7f70,036c6fdc444676377a8190fa248c7563,delivered,2018-01-11 10:09:58,2018-01-12 02:35:30,2018-01-13 02:51:31,2018-01-26 12:56:56,2018-02-08,81293696c91c32614522ee611bbaf9b9,2018-01-11
ed04b75d1e0aabba1830432d54c2396b,b70b6ceae2a42d3bfe950182a6dd4091,delivered,2018-03-06 18:53:49,2018-03-07 02:49:09,2018-03-07 23:12:56,2018-03-29 21:34:34,2018-03-27,52914ebb4f40f175b5f0627d0559e995,2018-03-06
c36bc89cd9897bf2c8a62efef58f3181,b3d23946a07fc5c0938b3ad2c0a7df85,delivered,2018-01-29 13:24:42,2018-01-29 13:35:28,2018-01-30 21:12:59,2018-02-01 19:17:46,2018-02-16,e0ee4ee1cb156b3e37258a3f66d1a7ed,2018-01-29
2aa928af8787409a83b25d8dd89be295,446b873cefdba6583d42ba7b02ee15d0,delivered,2017-12-11 01:00:21,2017-12-11 01:10:48,2017-12-13 16:52:43,2018-01-15 22:38:57,2018-01-08,bc5718735b2760e5b8d3b881e2dc1aa7,2017-12-11
972976cb62fb977bfbc253219799e486,1472468d6d56167600d5b11dfc70f7b1,delivered,2018-07-20 11:15:51,2018-07-20 11:25:13,2018-07-20 10:27:00,2018-08-08 20:46:24,2018-08-07,b1cbc02f2581d4296235ad9a5e4ea4cb,2018-07-20
f0cd188382c01c2acf331a637d869acc,99741a5f43aa1794f70b18a4e60229de,delivered,2018-04-08 21:55:01,2018-04-08 22:10:12,2018-04-10 15:28:52,2018-04-18 15:07:40,2018-05-03,f34d0bbee4bd3a113e3ea6a290277270,2018-04-08
7e4465ad21a49af2c190e90895c3edd4,f87b62f70d096bb4fd99d14c020ba2a3,delivered,2017-06-27 11:26:40,2017-06-27 12:05:19,2017-06-28 16:20:26,2017-06-30 15:35:48,2017-07-17,cf29ae0eabcf658a4e05fd731983de04,2017-06-27
b296bc0dc4e73e99c3f6196a1b97b9aa,2ea31b1a1639ec1f36d2a8c7515adeb2,delivered,2018-04-06 08:46:27,2018-04-06 09:09:16,2018-04-09 23:41:33,2018-04-12 17:35:49,2018-05-02,11865bfc9b78a53fe8643a94deadfec8,2018-04-06
864c35df1adf744f8b1aed55f947f192,6f40a2defdd5b7721f83ea57d31f3007,delivered,2018-03-18 21:57:15,2018-03-20 03:30:55,2018-03-22 20:51:05,2018-03-29 22:21:09,2018-04-05,92c45de91f5fa35c526b059a393429a9,2018-03-18
bbdb54ce076f1e0d4e8eb55711b40d4e,dc74ae880bed27c49153f3572e1aedb7,delivered,2017-05-10 19:49:18,2017-05-10 20:02:23,2017-05-16 16:46:19,2017-05-24 11:12:54,2017-05-30,943f3891fc375513452b7c2afb3a8f67,2017-05-10
2a0194c5b0441f67e5ef85e76f2c5e77,3f3aa5d41a7d97c1460eda563da6f277,delivered,2018-05-06 20:35:25,2018-05-07 10:11:31,2018-05-10 14:11:00,2018-05-17 17:46:48,2018-05-28,ac2fb40514d05e00d7faf9f28b86a06d,2018-05-06
c0e7ba8e4333d68153dfe2fbc8f613f7,116e47f49c0558a5e9bb8eb119485e24,delivered,2017-02-09 12:44:35,2017-02-09 13:11:13,2017-02-10 06:51:20,2017-02-20 10:03:01,2017-03-10,cf01f9dc838bee15dc892d87f879fa7d,2017-02-09
838f8e96cf584a1d8d22eaf7143c7772,f5188d99e9281e214a4a7d1b139a8229,delivered,2018-07-04 22:35:13,2018-07-05 16:27:55,2018-07-06 10:15:00,2018-07-10 21:27:30,2018-07-17,8d50f5eadf50201ccdcedfb9e2ac8455,2018-07-04
d27a9ded3675317af492f9c3449b8443,3cbbf4aa377c9b40c8679e10f84f7e96,delivered,2017-11-26 17:56:26,2017-11-26 18:12:51,2017-11-29 20:32:39,2017-12-08 14:53:18,2017-12-20,656391c4bdc3662adb8dcd6e23cad0fa,2017-11-26
0c47aeb0b91c17647935a2b53c38d083,2a829a57118286134a2571ec034c5b64,delivered,2018-08-13 20:45:54,2018-08-13 20:55:34,2018-08-14 14:51:00,2018-08-15 12:33:38,2018-08-16,95075c4752ae66a3928f6a843da92c00,2018-08-13
38698281c9650e6b132e6fb7ae520c83,d664f8d675a8c76c5ab388c2dbe288ff,delivered,2018-02-05 19:51:11,2018-02-06 17:32:29,2018-02-09 01:35:17,2018-03-01 23:18:54,2018-03-05,38d28c9b9ef86aee5b149ef3b8440500,2018-02-05
135226fc55b64c0e3cc388a3c12f039a,8d4537e0c82f0e447a03e88a7113db2c,delivered,2017-06-08 12:14:33,2017-06-09 12:18:08,2017-06-14 15:42:45,2017-06-19 15:40:15,2017-06-22,a38b9fe75865c4716f17f8f5cb8e7a6d,2017-06-08
aeb70ca14a984230b34a6cbf48fe6d8a,1809a4d9621d6e57cbee32249da47055,delivered,2018-07-26 08:52:34,2018-07-26 09:05:11,2018-07-26 10:25:00,2018-07-30 17:04:14,2018-08-20,eb4520b16c32518b6615f2d50f1be1bb,2018-07-26
9816b8ad579de4d7e8940e78f447a610,7298e5225a74b55598d1030f959ba77d,delivered,2017-09-14 09:28:28,2017-09-14 09:50:12,2017-09-19 19:27:49,2017-09-29 16:43:38,2017-10-04,2ada850dbe866246a92524d882e166d5,2017-09-14
06e72b5b111756079f63cf67445db61a,53ef809f78767b14e4f1a711a1b13d0e,delivered,2017-06-18 20:37:30,2017-06-18 20:55:08,2017-06-20 16:08:47,2017-06-22 15:42:51,2017-06-30,01d0f02781924f788fd9d0521663fae0,2017-06-18
0a586d5cf2a2538846e577316dab5443,d9b7f1e542c911b1f707330336d158f4,delivered,2017-04-26 22:15:06,2017-04-28 11:46:07,2017-05-03 14:13:37,2017-05-05 15:04:12,2017-05-24,a3c0388de94b46a488eaeeb545d6dfd4,2017-04-26
d80e0abae74765187eb4970037b244c8,c9c15abe8d61c9b312ba5dec770a4991,delivered,2018-02-17 18:39:22,2018-02-17 18:50:34,2018-02-19 17:29:13,2018-02-26 20:17:22,2018-03-09,dabfb46e557987c1797d05a1b387cfd3,2018-02-17
b1724ab0a0aacf874471b620049dd38a,3212db6eb86f79cbaf60bc83f8be0e6e,delivered,2018-04-06 15:16:24,2018-04-06 15:30:10,2018-04-10 23:03:43,2018-04-11 15:04:07,2018-04-24,714fc46196fd1a00a8b9b13f450d62e4,2018-04-06
0d702a2aa767d3a728780f8b61e31a46,59957cbf486cde7592cd29914bf38442,delivered,2018-08-06 14:22:13,2018-08-08 03:25:21,2018-08-08 16:02:00,2018-08-09 20:33:05,2018-08-09,732155f5831fd4dfb9dfb8255432b937,2018-08-06
5a7ca318214b5a70fd94e277af9643f1,9184be9401fc9b2bf61cf71bc64e8a2e,delivered,2017-11-24 21:18:54,2017-11-25 00:16:48,2017-11-27 22:13:30,2017-12-12 22:52:02,2017-12-26,418b52303f8ba25bdf11d39ae6512ecf,2017-11-24
6160672f31a87bdbafd522f69d9e5d8b,433fefa0623e48aa82b3b44494524a29,delivered,2017-06-18 18:58:51,2017-06-18 19:40:07,2017-06-19 20:21:19,2017-06-29 13:29:41,2017-07-11,1e415ca5e025817aebacba148d3d52f9,2017-06-18
69462246c5d9730f30df8f49f1cc1e83,d8925133e66f9f708638c86700aca231,delivered,2018-03-26 20:33:39,2018-03-26 20:47:11,2018-03-29 13:48:53,2018-04-09 17:37:50,2018-04-12,60a2c4463e2946e0fce0faab19ae8566,2018-03-26
c78fd57b912d62acf68d11da7a7c500b,5e9fc468240a6ca5418c30a89c1010ee,delivered,2018-01-08 17:42:23,2018-01-08 18:31:50,2018-01-09 18:07:38,2018-01-29 19:15:17,2018-02-07,f31b843c11a4d810ef4517f0fcaca69d,2018-01-08
6fa0c125ee7d870f6602c97e33d87bc5,fcb4cecebc159e210cd769d5b767d113,delivered,2018-08-09 19:32:42,2018-08-20 15:59:54,2018-08-14 15:43:00,2018-08-17 20:51:25,2018-08-23,aef59fd9f7310b6ea1600876c510024f,2018-08-09
d87c46e5d841c98f8f7c42a5069f6e0c,e5ecf0fd57d412d1dc41e13b2816c3f7,delivered,2018-04-05 20:22:45,2018-04-05 20:35:24,2018-04-06 23:14:42,2018-05-03 17:38:45,2018-05-09,e285b9016082ff27bf6cf81ec6eff03b,2018-04-05
2355668b3f4f5c92b35d3aea796b9ba1,9484e4e49e1711abe997984a89cb4f1e,delivered,2018-07-12 13:43:43,2018-07-12 14:05:35,2018-07-17 13:16:00,2018-07-24 00:21:44,2018-08-01,91072c5d9631aab2b794c98dd68d2c9c,2018-07-12
9e5c76fbc358dc58156586a03f9fa07f,7ed90cdfcc2b7f3b2506fc80f81d4e33,delivered,2017-12-02 11:05:41,2017-12-02 11:30:35,2017-12-05 18:12:26,2017-12-19 17:49:57,2018-01-02,ab7ede4bd5b3e2165e7712ae5f45c6c4,2017-12-02
9f711f8df6632759b268fe6b611ed87f,125576f56c96afc30bbf1bff503ae516,delivered,2017-10-28 16:20:18,2017-10-28 16:35:13,2017-10-30 15:17:11,2017-11-03 19:17:40,2017-11-17,76d1df67cfa34a2c4606537d54aea0f8,2017-10-28
728d26031c8d87b8929e8cf76090d110,fd5393323e19659e5e5488144aac78a3,delivered,2017-12-05 00:08:41,2017-12-05 09:47:12,2017-12-06 13:07:25,2017-12-18 14:52:19,2018-01-03,287bb2f4e2103c5014b96a81439dcb57,2017-12-05
52f615efc72a6f22cdec7e16571e08cc,bf3acde8a49fdbb80ab6fa27649203ac,delivered,2017-06-19 00:32:58,2017-06-20 10:55:11,2017-06-23 11:12:12,2017-06-28 15:29:51,2017-07-19,73127903e88109f109d03cf2b8cbf6fe,2017-06-19
98d738e637930c8614a55faf0cd85e57,ab737335fd537457d0c8e5eb1dbf0539,delivered,2017-10-24 22:12:28,2017-10-25 02:14:29,2017-10-26 16:22:24,2017-10-30 20:02:58,2017-11-16,6085ba35c922150b3fb3de397c6f9e94,2017-10-24
137e61abfdecd3bfc15f45999fbe8809,b3fdcbf8fa90f08580d581cc28f3d38c,delivered,2017-07-21 19:53:51,2017-07-21 20:10:12,2017-07-24 19:33:21,2017-07-31 16:42:03,2017-08-14,ac9bab99da6af5284e6c6db13ea51c8a,2017-07-21
c4d1c7a8479672cfedc8850e5ab6f3c8,9ab4f22dbecd35f08494936fb3a39e8b,delivered,2017-07-12 21:28:27,2017-07-13 20:35:13,2017-07-19 18:27:37,2017-07-24 17:33:29,2017-08-21,6521633c1bf78289ac3f83f40907a543,2017-07-12
79c33d92e11819540d65b8ade04cdcba,e13b1d1fab9d212d258c2e6d0f69f6c1,delivered,2017-05-29 22:47:27,2017-05-29 22:55:14,2017-05-30 16:08:28,2017-06-05 15:53:41,2017-06-21,8ee330dd325716db048bf014601e3fa9,2017-05-29
378e4ea286514bf3ca1356670c708ac2,629ce319646ea85f733c21603bf3609d,delivered,2018-06-29 18:11:23,2018-06-30 18:09:59,2018-07-04 10:53:00,2018-07-10 17:36:25,2018-07-23,82fc16a18a1d9ca6b49dc067f206fb2b,2018-06-29
0ea948e1fe88f71d0724adcdf03f3a1a,5d331fc00285ec90e2352cde35a6fd70,delivered,2018-06-28 20:24:25,2018-06-28 20:50:10,2018-07-03 12:33:00,2018-07-11 15:48:27,2018-07-19,2c70b5a29ca88d9082063ab6ee3ead17,2018-06-28
35439f221b37eefcebad6204ba171769,945963ab28f683ca6bf62b79651bba0e,delivered,2018-07-09 20:02:51,2018-07-09 20:15:19,2018-07-11 12:58:00,2018-07-17 14:52:47,2018-08-07,427290c2111584564f7c9f83d2414f16,2018-07-09
dc2d6dd2c769970b0b1ecc92378641d2,953251d6cf788519bbd43ce2d894ce2e,delivered,2017-07-19 14:34:02,2017-07-20 06:43:13,2017-07-21 11:59:28,2017-08-03 18:27:59,2017-08-23,7a1751f98e25f665fc0130c7b001e18f,2017-07-19
9ac146c59c6dae84516a85362fdbbebf,f6a59386e50dcff8b77c3f1e99c218a7,delivered,2018-07-28 09:59:43,2018-07-28 10:15:13,2018-07-30 14:58:00,2018-07-31 17:14:52,2018-08-02,5e9873081c002c291623b4f23d8f5ad3,2018-07-28
cc4d93f6168576ed18519d77a72cc7c6,0a114fed90b2ac4880fba1aafd2aefb6,delivered,2018-08-11 19:23:49,2018-08-11 20:00:06,2018-08-13 19:57:00,2018-08-14 16:04:49,2018-08-17,8471affc394b9e5ae05893ba08417854,2018-08-11
d4f741989d0d75562bfd588ee996fbb7,ddd7330154f4a39657e2a61f479ae514,delivered,2018-07-19 20:30:43,2018-07-19 20:45:14,2018-07-20 11:32:00,2018-07-26 12:56:37,2018-07-27,9d8bef8962c5fd8e8ee991876442ca67,2018-07-19
c9b1334232f321d2f0a4525120eae634,76877995749c9a8b8b821c1863a68040,delivered,2017-03-10 11:38:13,2017-03-10 11:38:13,2017-03-14 09:49:09,2017-03-18 06:05:18,2017-03-29,94e13aa16d04f67481633a5005d240db,2017-03-10
51ebb2c24714952a8ee7f24d4b90ebbc,a34bf8703dc5d1a32b39fd86eb3b3319,delivered,2018-04-19 23:25:38,2018-04-20 06:51:33,2018-04-20 21:28:54,2018-04-27 21:12:45,2018-05-25,07bd3d18ecba2420a8934b34a26f157a,2018-04-19
97b8321bc75e9fb96dbea17675d11ee1,4904f6af7f30637825bb794439fc1198,delivered,2018-03-09 16:50:53,2018-03-13 04:40:27,2018-03-13 22:46:53,2018-03-17 16:34:23,2018-03-27,ad7653a50fa45389cadd179d161f8e40,2018-03-09
7a3f4365d7cce4ab7886cbcfc452e83e,f9a1a13bb84b4adc53ce9cfd93b7f74f,delivered,2018-01-20 13:37:28,2018-01-20 13:50:10,2018-01-23 15:32:23,2018-01-26 22:33:22,2018-02-14,4566d9372163fae40e6c17b2f3d65b96,2018-01-20
8f19b1466924e815b715190893700dec,59c8e2fbbae22bbf54d56c9bde0467ce,delivered,2017-06-27 11:19:09,2017-06-27 11:55:15,2017-06-28 09:10:22,2017-07-05 10:29:46,2017-07-10,2a1cabed97870bd8725df6c357240841,2017-06-27
f4ec40aeb45f082c239a842530a96294,822b0a7c92b1dbaa4006e1d12d1f649d,delivered,2018-01-14 23:51:26,2018-01-15 00:08:53,2018-01-17 13:09:31,2018-01-31 22:28:28,2018-02-14,fa5a755fccf780cdb26c04c4e6fd23db,2018-01-14
6d7cea535a10b4572594c350862c060e,e8827cf749541640d8024a54ce3df1d6,delivered,2017-09-09 14:29:36,2017-09-09 14:43:27,2017-09-14 23:23:39,2017-09-21 17:52:59,2017-10-04,86ea137eaa3e060b7820d1ab61782ae0,2017-09-09
3b26d4fe0e3bb6427ae7d3b446bd8c85,5cce2bb3414356902adcd4cc7512f337,delivered,2017-07-30 10:24:39,2017-08-02 08:34:43,2017-08-02 15:29:06,2017-08-09 16:40:15,2017-08-22,1b048b6e1520d7e70e6b2bd29efdec30,2017-07-30
f2a6e4114bb3100fe47a10d807079082,0f070cc92828460113c3fa4bc1d16968,delivered,2018-05-01 19:58:56,2018-05-01 20:16:06,2018-05-02 14:39:00,2018-05-08 15:33:19,2018-05-23,b4b4e358607756abc368c63ae6e284bd,2018-05-01
2609fb7696dacdc9451b31ba1bb513eb,6d0a05b6e1eadd7e7c8a0a8c543faac8,delivered,2017-05-03 21:12:58,2017-05-05 02:23:40,2017-05-05 11:54:58,2017-05-16 15:44:51,2017-05-26,05faacb341f559326429dc9a3a07b5f2,2017-05-03
c60bade0a2a45f8db2535ad71baf5089,9f7c3d69ad55472f4f6957b41f0800b1,delivered,2017-04-20 17:15:47,2017-04-20 17:30:13,2017-04-26 06:14:59,2017-05-09 13:48:16,2017-05-19,afb7ccda67437e94b04d061983fb8735,2017-04-20
e248c45c398d43068b85a887c7e2a470,309bc6b5086db3fca4273ea7d4cd7cd0,delivered,2017-08-09 13:11:53,2017-08-09 13:25:19,2017-08-10 18:57:29,2017-08-17 10:00:01,2017-08-31,26f0ee20334f30bf3304ee70df472c5d,2017-08-09
7a541b113a2aad3f0854eed998dc7ee8,99e9bd1f018cead3871691bdc5a3f465,delivered,2017-04-02 15:08:45,2017-04-02 15:15:17,2017-04-04 14:56:39,2017-04-11 12:15:57,2017-04-28,5125621ddbfc60226af1eca497b8fe4f,2017-04-02
2da58e0a7dcfa4ce1e00fad9d03ca3b5,dd9e6825c25b74726720391d01006dfc,delivered,2018-02-21 14:02:31,2018-02-21 14:30:36,2018-02-27 22:49:01,2018-03-12 19:26:51,2018-03-14,7314e2017ab1883d59ccbc7318c4b3fc,2018-02-21
2f9d5a38c98570700418e8e091e56f16,f037c0f3d62d2c77533386a9b4e32883,delivered,2017-11-11 16:51:19,2017-11-11 17:10:24,2017-11-20 19:32:08,2017-11-27 23:24:41,2017-12-04,3cf7c427d21f1f414a8bfceac52e4c58,2017-11-11
83aca16ee4a8a75d42a429a6b9a54c58,5b42a0ba95bbb264cf0010598b6b7b97,delivered,2018-01-10 14:17:18,2018-01-11 10:08:47,2018-01-17 00:47:50,2018-01-20 12:51:23,2018-01-29,e206e4259c2c0b5fbeb88541388cd82b,2018-01-10
06a9ff8c19b2d371a45c48568283929b,e878e62b47d38518219dc965e4fc7281,delivered,2018-02-05 11:19:38,2018-02-05 11:35:57,2018-02-08 19:03:43,2018-02-15 17:50:56,2018-03-06,717f1dc5ed2dc818d23c383e889b3030,2018-02-05
094a83226235244840060fafa394845d,4cfaeb298b91a9fe95a03dfda1afa390,delivered,2017-12-18 20:15:41,2017-12-20 16:10:46,2017-12-21 16:59:08,2018-04-03 18:47:29,2018-01-12,ece5bdc014d9610f93ff60accf976ffa,2017-12-18
eff815e07af90858dc1de0952b153b9d,b03183c784f431b0b4d56e94d9461427,delivered,2018-07-30 20:53:12,2018-07-30 21:24:27,2018-08-01 15:09:00,2018-08-09 14:58:41,2018-08-08,62dc5036ddf5d7875bae327bf6d41dc9,2018-07-30
435566621a2ea03fcaf53b11437ce5bc,a1f714a85550bca2a27cd19ba9bc1541,delivered,2018-02-12 16:19:53,2018-02-12 16:30:26,2018-02-16 18:35:25,2018-03-02 01:05:00,2018-03-12,4776553fbb7c767d4f5e410f7bcec841,2018-02-12
0fb5213e64d1cc9bbd3be70f3d35bf27,df4feda5fa5eb94c16f50372030d26ea,delivered,2018-02-16 15:54:39,2018-02-16 16:07:10,2018-02-20 21:04:43,2018-03-23 02:58:27,2018-03-09,b1c18d34096bee277909feac14fc7a96,2018-02-16
61a2a23b9b85cf80af8eec1db5136db2,68ae86b97d6adb244de7a0ee88a7585b,delivered,2018-05-09 10:12:40,2018-05-10 16:20:52,2018-05-11 14:50:00,2018-05-15 13:51:53,2018-05-23,73685133e38f5b824324971c0274855a,2018-05-09
9437ed1c14b7061eb15c8cd9e9387b8e,8175b179573109f5fffbc355e691ba2e,delivered,2018-02-13 01:03:24,2018-02-13 01:15:42,2018-02-16 21:06:51,2018-02-26 17:04:02,2018-03-15,e9136cd7cee512326c274a66fff36ab2,2018-02-13
6b956d19010e956e03b175e66b2b7142,8387d69e1669892094ddafe293216507,delivered,2017-09-01 09:00:21,2017-09-01 09:15:09,2017-09-04 14:17:49,2017-09-08 21:49:55,2017-09-22,f6ea5b883f3c03bc5115eecbf8806b47,2017-09-01
a4052a184e5a78c6be9f09a9fed53279,5b15099cd3c044e51c9d267a0d5a15b8,delivered,2018-02-06 19:20:00,2018-02-06 19:31:51,2018-02-07 21:23:24,2018-03-08 20:33:33,2018-02-22,dfc6382c1c6b718d8dcdaabd435190a4,2018-02-06
15be0c9cf56bcf3cfe7c453ca50f7c38,e59b0cc2c6ca3d7855713c15bcc8792a,delivered,2018-06-20 09:55:17,2018-06-21 04:36:14,2018-06-22 15:07:00,2018-07-03 19:48:05,2018-07-18,bece7a9834fc5f286d5931f515538f1a,2018-06-20
1a9919330851f39651db4ff4beb1e4cb,471d671610a58398e1c97dd0b9719d8a,delivered,2017-08-16 20:50:17,2017-08-17 15:44:41,2017-08-22 20:08:46,2017-09-08 21:51:20,2017-09-08,13e9f08dfa1106716e810ea52a90e427,2017-08-16
52e15aec94584413c0d7a661e4b7b4b2,e16f2f49c89ea855b57a42944411bc53,delivered,2018-04-08 22:09:49,2018-04-08 22:29:13,2018-04-10 19:36:34,2018-04-13 21:09:45,2018-04-25,6b73bdd8baf66ca3c05fc49bb2297a41,2018-04-08
0c65eb5a1415db7a20dfc869c9277e7a,eda4c5f48f975dff9e7c1a846ed6a8b8,delivered,2017-08-23 11:48:42,2017-08-23 12:06:16,2017-09-21 20:47:15,2017-09-29 11:40:16,2017-09-21,53c84ac43bbfafb7a6b5d9076ab423c7,2017-08-23
b82e88806764fc45d4553f13d41b1b01,de1a58e35cf680f2a2701ee47920e7af,delivered,2017-06-28 15:57:58,2017-06-28 16:10:23,2017-06-29 14:32:17,2017-06-30 13:44:36,2017-07-11,7f527e372d84825249a0b2719959f1a4,2017-06-28
e540d00fceab564fcd95cc8a75b10beb,30ba20c34cecd817b4390cfcbb66f0d3,delivered,2018-05-19 14:57:18,2018-05-19 15:11:12,2018-05-21 09:51:00,2018-06-07 13:42:39,2018-06-14,9ba17a57258e3bd8caf117aea95dc59d,2018-05-19
a8ad28f79779c30fcf9cfbc6c74c296d,b146418b266bce98daea96c80d24b0c8,delivered,2018-06-23 15:39:57,2018-06-23 15:56:00,2018-06-25 15:08:00,2018-06-28 19:47:25,2018-07-16,fac47e35d4c69a17d559d5a5ad590091,2018-06-23
a7b52792324a5d54d8eb0277ab1f671c,9f90ffeadb14dced29a638b80900d38b,delivered,2017-06-29 08:13:00,2017-06-30 02:45:14,2017-06-30 14:10:15,2017-07-04 17:29:39,2017-07-12,aaad6d68de5490cba508e4203ddc87de,2017-06-29
0dadc99af57f4654592d80bd83ee5a9b,bfdb623676eb85c34ce82801a89588f9,delivered,2017-08-04 17:07:09,2017-08-08 03:55:20,2017-08-09 18:47:47,2017-08-22 21:14:37,2017-09-05,dde38e78681b9a484e6011d231fa2bb1,2017-08-04
e3cae08b363cf005d0fb962883122e57,52913324bd0938affefbc9298f9557e1,delivered,2017-08-30 09:48:54,2017-08-30 10:04:51,2017-09-04 21:21:51,2017-09-14 18:17:04,2017-09-27,bd0c5c398fd82eb26ee4d31548f9f0ce,2017-08-30
0e6998991870142c2ed25d6173ea587d,ed9da2d95422298564f9b69b0ca6224c,delivered,2017-11-23 20:26:59,2017-11-23 20:37:31,2017-12-01 16:46:55,2017-12-16 17:41:43,2017-12-13,1d4dfa3845bc3a1b8cac6a19f5f6b7ac,2017-11-23
ff3f28f64272f703c58d1f9dc3378c63,a8253a12e2354a5bc2161b404de2efdb,delivered,2018-04-27 08:30:29,2018-04-27 08:53:11,2018-05-09 08:10:00,2018-05-14 18:51:36,2018-05-23,76f1263efd6611859400cd4bfdaa54a6,2018-04-27
ca057e5d6b72a0fc19eb40cd99c188c8,dcf8829d7b09493cbfb502af2340be09,delivered,2017-10-01 15:45:38,2017-10-03 04:14:21,2017-10-04 18:57:49,2017-10-11 01:25:54,2017-10-24,affaaa61cb2a40ab7d0e4567a37a7fab,2017-10-01
ef9d9d877db739de05e8c8f91938da1f,4a92594621c96afaaef47c1c3b9a3f4a,delivered,2018-04-22 18:56:04,2018-04-24 17:16:59,2018-05-02 15:32:00,2018-05-07 20:18:53,2018-06-04,251bd18a6617e556d406a86ccf947c6c,2018-04-22
ccab611a69c000eba169258977bd3d84,6b5f0c5649681bd400a97b1f8872f21f,delivered,2017-04-22 14:55:22,2017-04-25 08:23:36,2017-04-25 10:17:16,2017-05-03 15:51:45,2017-05-15,c9eeb722e345d9d30bd9c199909c0353,2017-04-22
eaaf4c10be63cb2ea3e02a7512d4d397,98d99ef13469b99a5d50d0cde8b031eb,delivered,2018-01-17 18:34:55,2018-01-17 18:51:09,2018-01-19 18:18:56,2018-02-01 02:55:50,2018-02-08,f02bd933b009db53ed3c79347f36808d,2018-01-17
ed062e6ea6c0af6dd097266ccca93953,49ae37787fb5e603fd3af3495a1b71e1,delivered,2018-02-01 19:40:03,2018-02-03 02:53:46,2018-02-06 19:08:25,2018-02-09 22:37:58,2018-02-19,e7ceb5e15c42737c00925a715525dc67,2018-02-01
beabca800e15404a84eddcf4f176eddb,367f2e6d6ef32a3e05635dcefdd6bde7,delivered,2018-08-05 15:20:44,2018-08-05 15:35:15,2018-08-10 15:07:00,2018-08-13 18:56:23,2018-08-16,a018959189bc119d155f9923bb57249d,2018-08-05
7a11da7177850c642520f68efae51bf1,bf05c96123ac83f4511b372d5be1de25,delivered,2017-04-04 17:37:53,2017-04-05 02:45:16,2017-04-11 11:17:47,2017-04-19 09:53:10,2017-05-05,d3dd95e28fea1330ca84644f12339780,2017-04-04
c6cecb91360d31c56e74c79f09539746,24318dd4b5ca7e9cc21eb9d20496c4ef,delivered,2018-04-26 17:55:38,2018-04-26 18:10:20,2018-04-27 13:47:00,2018-05-07 22:08:23,2018-05-28,561a5ed9aee768a6fb48096ab8e5b7d5,2018-04-26
1ee34237b5f6da17a68b98f9f27e4a4c,6f96ce3e9b2e07af1f4130650d3e2c2f,delivered,2018-07-27 11:16:44,2018-07-27 11:30:18,2018-07-27 14:01:00,2018-08-01 20:10:50,2018-08-23,66b7b6bd73cd3b4083942859d6554041,2018-07-27
11778e1b85f6b679bcaf60a9d114a005,f75c03a969e3b33da25ec3b89a4b057e,delivered,2017-10-26 12:25:47,2017-10-28 02:50:19,2017-10-30 20:22:35,2017-11-06 23:05:16,2017-11-22,0b0919350f66ebd7ca02bc9ab2f0c69e,2017-10-26
95fbd229320a05e8835ea19d93ba9f1e,94785befb91102be9d1f15a5592bbae6,delivered,2018-01-16 10:17:13,2018-01-16 10:29:56,2018-01-16 21:10:12,2018-03-06 19:39:24,2018-02-19,43bd836114d1e78b657e75ae1671d605,2018-01-16
7dd829472da0fa5d56b7eb94ec5be1b1,b957feecdea8ed0a8b0f981eba316f50,delivered,2018-08-18 22:54:55,2018-08-20 10:50:35,2018-08-21 12:51:00,2018-08-27 20:17:03,2018-09-05,e78e504fba14527faacad9278f5e62bb,2018-08-18
88898f25ecf940d6929b37dc7ccd3578,bbe6a4187c39cb782f1889e12e3045f2,delivered,2018-02-22 09:11:16,2018-02-22 09:29:29,2018-02-22 21:25:16,2018-03-14 18:58:46,2018-03-15,996f0b264de067c18adee607e0a83d8c,2018-02-22
2bfb7f8b84037952c9081f80964396b5,d553acbd75a8ad3bb2e66d8b8fab221e,delivered,2017-11-24 17:04:02,2017-11-24 20:52:22,2017-11-30 16:50:02,2018-01-04 13:27:33,2017-12-22,79c6afc41231b4c9ab91e0b564ae9a30,2017-11-24
071b93a866ff2f7302f456e6bba8c9c7,4ceeb37a91f8756cf608d4ac6cc557a3,delivered,2018-04-24 22:53:20,2018-04-26 04:10:40,2018-04-26 15:26:00,2018-05-02 22:22:01,2018-05-24,0b261bf4d7968521faf1b2178930087b,2018-04-24
e170172588e00bedc8daf9183629644e,b268519093dfee306454fc430c872568,delivered,2017-12-07 10:54:44,2017-12-07 11:10:19,2017-12-07 19:51:26,2018-01-04 22:04:21,2018-01-02,e75909e6a7b6c6e811d50257a0ad64d7,2017-12-07
92f6e6b43cb7eda2495d9395d2fcf848,11ba86af0ea78e6db913284c2e9902a8,delivered,2017-11-26 23:20:57,2017-11-26 23:33:16,2017-11-28 17:20:08,2017-12-16 01:03:54,2017-12-20,273fff5a1d5e0ffc35f76b3fe3fb2516,2017-11-26
d1f61db27cb2ec79064854fc336bfbe3,3d7e3e34047444953829402fcc1e68ba,delivered,2018-02-17 14:17:35,2018-02-17 14:30:30,2018-02-19 22:27:14,2018-02-20 13:39:01,2018-03-06,455b49402053f170c64a3ae7fced73d4,2018-02-17
9f2d05c96527e5387958a97d0ffe6fff,0773e8341099048ea78ef0a38035e4e9,delivered,2018-05-02 16:08:17,2018-05-02 17:31:53,2018-05-04 16:14:00,2018-05-11 00:55:48,2018-05-23,8aa78ac96a79a23a6d7fee364c292197,2018-05-02
b4f1974b44fb68fa2e99d51756750d78,470335e39578ea51733e254558a26e62,delivered,2018-03-31 09:33:13,2018-03-31 11:15:16,2018-04-03 01:56:36,2018-04-05 13:16:44,2018-04-24,3b109d66617e062cd9759069a8bc398e,2018-03-31
f4cfe242b2a63f75c59446a0f5a8ee94,8e9bba8e9800a9bdf85291c468b3607f,delivered,2018-03-06 11:18:32,2018-03-07 11:15:55,2018-03-08 17:27:19,2018-03-17 19:22:08,2018-04-02,1fc5bf75325c996e6b257434eab88c3a,2018-03-06
feb3bdbaf1981d66fc08d70fca979fd8,9cd198046b343d7e99c505ee8c9addaf,delivered,2018-03-30 10:54:27,2018-03-30 11:47:11,2018-04-02 20:58:27,2018-05-11 00:28:29,2018-04-27,96c0c3425b1145581a977f36e2b660dc,2018-03-30
5cd1638878e3bdec096de84a8d51fd2d,cb3ee258016b1e793c1d6d1de6b9aef7,delivered,2017-09-18 20:31:56,2017-09-18 20:44:11,2017-09-19 17:42:43,2017-09-26 19:04:55,2017-10-06,d5dea31916765489154e0f82c3e66bf7,2017-09-18
7b5dc68850daf14f7b74396f30647f6e,337d71dec9e598ff68b2266eeb180802,delivered,2018-07-26 12:41:14,2018-07-26 14:25:14,2018-07-27 13:55:00,2018-07-31 17:52:45,2018-08-13,5fb4f93f6589dabf30e16f502da09944,2018-07-26
57990cc544625b86e3401474cdc330c4,a0f111cd11fbb15a83cf5221eda97cee,delivered,2017-07-07 16:59:21,2017-07-07 17:10:11,2017-07-19 18:22:13,2017-07-26 22:47:37,2017-08-04,d270a140f71545d5836e689d5f694acf,2017-07-07
c69b33391f7f4c19f7aea12048bcd5d2,49a2c85ef281610552a32b2f8c7cfd11,delivered,2017-09-03 23:13:21,2017-09-05 04:44:33,2017-09-05 18:13:54,2017-09-15 19:17:28,2017-10-02,e371d10f2436fa16cd0c83908f662fb2,2017-09-03
8d7e1e66103b85e9ab12cb65dafdf0e3,0a317dd750be47fc13457956d0a4d0b1,unavailable,2017-03-25 20:36:01,2017-03-25 20:45:14,,,2017-05-04,3e19244e01ac99a81ef40477138092cb,2017-03-25
e6e30d7211cecd2e259b66fb4b6b4d82,45ad25b122c6e29aace2706a9fec2d1d,delivered,2017-12-04 12:21:45,2017-12-04 16:31:14,2017-12-05 17:39:16,2017-12-11 20:22:32,2017-12-28,5f439c10be261b762af976221efcdbd1,2017-12-04
28c04306e978f12f75bf6d7a989a4ccf,4f861bc4afec13eba9ce1304a269e231,delivered,2017-08-10 16:14:21,2017-08-10 16:30:19,2017-08-11 21:22:05,2017-08-17 09:27:51,2017-09-05,605c73bf98e4b9b4895b38b73c9a1415,2017-08-10
7eeab59050f13c229ebf63251ac10d3e,13f489935396f6b5311f29f6f5556d6e,delivered,2018-08-21 13:16:24,2018-08-21 13:31:04,2018-08-22 11:16:00,2018-08-27 20:54:41,2018-09-28,6e046f72846b475feea9265ae8447835,2018-08-21
b3f01e1f2cf62aeb8f5b66e1c0f4c1e5,1f59fc8cc5c442ed60b7faea9cc44a68,delivered,2018-04-09 20:31:35,2018-04-10 04:15:45,2018-04-11 22:05:08,2018-05-02 19:54:28,2018-05-11,bb831a318d6470c49b1c8d8d67b6f92a,2018-04-09
f30d36b6eb144a416117bc67041fb160,b8f49557ca89e75525b81b8973f1d595,delivered,2018-02-18 12:27:58,2018-02-18 13:30:27,2018-02-27 22:05:21,2018-03-06 18:34:10,2018-03-21,54300203f337147ddaaf0671c4161c03,2018-02-18
7171245263ae4ceed011a77aed7d612d,2fd5d11b117d681d077eee00b1830be1,delivered,2018-05-16 18:09:44,2018-05-16 18:41:31,2018-05-17 09:06:00,2018-05-25 15:48:21,2018-06-14,68c0edfbdd4918f9eaf17bf8e2c6dd4e,2018-05-16
2f4e3e731a6a92ce3bc2be821babd2f1,16c7728a9584959d2ff2bb9e6709c56a,delivered,2017-08-17 13:34:35,2017-08-18 13:44:52,2017-08-21 14:26:59,2017-08-23 04:04:36,2017-08-30,4e8749b186fbac91a0fd2c3431a24418,2017-08-17
a28eed39ae05f21eb40e88b4cfa90b7d,3dd972e6e681a4267a0540e552b77d1b,delivered,2017-11-30 22:43:45,2017-12-01 10:30:59,2017-12-01 22:04:41,2017-12-13 19:43:40,2018-01-15,e9a37e4d903e37170ea081642cba9ffc,2017-11-30
c52213ed0e3f741940fcd6e40b5817c9,a9e6f1ca2500b0967776bd62402d8af5,delivered,2018-01-03 00:38:36,2018-01-03 00:50:20,2018-01-03 17:38:54,2018-01-11 18:32:35,2018-02-01,ba1ff26f8896d37158b5d068e03d1e1f,2018-01-03
a95eb29a471af01de73051c0c2be6424,ba1068c84437bac080cf8b26ffa6cf62,delivered,2018-01-27 12:45:32,2018-01-27 12:55:42,2018-01-29 21:29:00,2018-02-07 00:19:41,2018-03-01,1fb4d3e2072185a3ad227d7a6c0149a2,2018-01-27
6423db30ee1e8cbd5d066f414bde1a0e,fd50af22f5637b7daafbab8605f402ef,delivered,2018-04-21 22:47:17,2018-04-24 18:06:56,2018-04-24 01:17:48,2018-04-26 09:08:40,2018-05-17,50cf4cf4581da5c885d489fea967bd48,2018-04-21
730308f506bdb6d00878bc7cce6109f9,1ba85623b286d71c8101ddb6849a15e5,delivered,2017-05-13 17:13:16,2017-05-13 17:25:11,2017-05-15 11:36:12,2017-05-18 09:16:40,2017-05-24,b62df0dde1d4803a71838e0f0d7da2a2,2017-05-13
9974509c32cb0fbfa567244ba1c29a64,00104a47c29da701ce41ee52077587d9,delivered,2018-01-14 20:28:56,2018-01-14 20:38:23,2018-01-16 16:13:29,2018-01-19 13:34:43,2018-02-09,655f4f1277487bf6c86c673de5e576a1,2018-01-14
aafaeffc1b29306122a30a238e6446d8,05eed8fdd7dd068fc2b7c073fe3762c7,delivered,2018-03-17 13:04:43,2018-03-17 13:28:47,2018-03-21 22:03:57,2018-04-02 16:08:37,2018-04-12,5c77c31e6a63b5d3366d4b514743f145,2018-03-17
e14f6f76cb42187a0831a2baf117f608,4b69f3639cc30d3f7def640b4a4ad87a,delivered,2018-08-07 15:23:50,2018-08-07 15:35:21,2018-08-09 11:52:00,2018-08-15 17:41:58,2018-08-30,cd71ad47f19b9fd4523fa414d83640a8,2018-08-07
e7d112a19f81eb693360bd433f03625f,5e2cf044ad5eaafa0fc1ea6e1e06495e,delivered,2018-05-17 16:35:19,2018-05-18 00:14:59,2018-05-22 16:06:00,2018-05-23 17:18:38,2018-05-28,efae50d74a4494f96d7d7fbc11ba2eb5,2018-05-17
15c820a6083da915f1212f0945b3d90b,93f3f392caa4b8909f602c29b76b76e7,delivered,2017-11-05 17:27:31,2017-11-05 17:35:34,2017-11-07 15:55:03,2017-11-14 17:38:00,2017-11-28,ad2ba9ffc25294bd578b5662b79adc2a,2017-11-05
878b914d30233eb8a3e4ff4465a4ef49,fad4a49dfa0544a0b77c6e95431950b5,delivered,2018-07-20 17:57:36,2018-07-20 18:10:23,2018-07-25 07:40:00,2018-07-30 19:37:46,2018-08-07,099087fe69a7236e4e8bffac00298682,2018-07-20
a41f5b62cf8316e5a500ef6a6f3fe2b8,509da0595e852e4cbdabb9ba9997b5b9,delivered,2018-08-22 20:05:47,2018-08-23 02:55:19,2018-08-23 12:25:00,2018-08-28 15:09:37,2018-09-06,c31eafe416594fb531000915a1f01d82,2018-08-22
faf6aa5bf56ed187250988325e866dd6,b07e3f3bae8fefea60b62ba1f9bd7731,delivered,2018-04-29 19:14:52,2018-04-29 19:35:24,2018-05-02 15:15:00,2018-06-05 00:03:46,2018-05-30,a3245cae53e69f887d1562c7aadeb6c5,2018-04-29
8915f28a46b2efbff3bea6e8b1981fa9,4ba190fa5fd7b293e08b5caa67365a40,delivered,2018-07-07 22:14:59,2018-07-07 22:25:42,2018-07-11 11:41:00,2018-07-14 16:31:46,2018-07-27,4f3140c2037076da22d6b8a886a798da,2018-07-07
c81ebb9c117524de909fb9c7d1c05b7e,50599cd17dabf229e699f25d0d592551,delivered,2017-04-27 17:30:39,2017-04-27 17:43:02,2017-05-04 13:17:45,2017-05-16 14:09:20,2017-06-05,98d477610c99aac8ab69c3a49a5b16ab,2017-04-27
cad74364289ac320e036ecf2a457c562,5a99722735c9376b779993651a14101b,delivered,2017-11-07 21:57:26,2017-11-07 22:11:05,2017-11-08 20:19:46,2017-11-13 22:13:01,2017-11-27,1c7654b568e0413ca7b8f7a891d7b26b,2017-11-07
6bdf9b89e5c81ead45dbc0a260dfbf13,2c4bf1b6bbd370f8ce5380fd47458fd6,delivered,2017-09-20 13:05:16,2017-09-20 13:25:47,2017-09-20 19:32:55,2017-09-29 19:53:03,2017-10-05,31e0eb64c5eb715aab04433200ea4ed5,2017-09-20
1a1ee1d6d418b44f10671d87bd127b80,63e8467a28522521ec927000de724c82,delivered,2017-04-15 16:23:24,2017-04-15 16:35:09,2017-04-17 12:42:47,2017-05-05 12:30:05,2017-05-22,a240b0df08b04a5041944e28246d2ab9,2017-04-15
b7e65c7d814aa068f3b16bf2a1299490,2896fdb188d66ea9a9118e5c7cb62ec3,delivered,2018-07-25 23:36:12,2018-07-26 23:30:08,2018-07-27 14:53:00,2018-08-01 18:48:54,2018-08-13,0462c410423508010e83ec6a0a347923,2018-07-25
74d59459f88ddcdcda3e557af55ec4bc,c3269ddbb1efef095a48eca1842e4532,delivered,2017-06-14 22:58:31,2017-06-14 23:22:32,2017-06-16 06:42:31,2017-06-29 09:42:52,2017-07-07,89dedf8be7ce16958f78a8d2a4c8edfb,2017-06-14
e62c3201015050463bc2e3b6599a6bc5,1d811f8b00a528ee91e12ddcd26e958a,delivered,2018-02-27 14:44:44,2018-02-27 14:55:38,2018-02-28 17:52:06,2018-04-24 23:04:15,2018-03-20,712285b21e58e753e86b93a8358dd1a2,2018-02-27
679b2d97d9e7a6d014bb71bc4d7beeae,0a597a4cf23ce9647ccd5d0dd07a11e4,delivered,2018-03-20 17:02:29,2018-03-21 02:56:13,2018-03-21 19:18:16,2018-03-24 15:06:36,2018-04-02,9de824b81c9b29e8d9d08b658c88ca7b,2018-03-20
847d8edecff82bfad703e42e7a849201,4195468e58442a5c7303990a744078b4,delivered,2017-12-05 20:29:14,2017-12-05 20:50:04,2017-12-07 21:32:27,2017-12-11 20:51:43,2017-12-29,5185c7c2362cbaf6f3e2a7e56e900671,2017-12-05
32386e3cef2cb1882324612240a96cad,20ee45e58e3b3e73a33674d983b710ce,delivered,2017-05-27 21:48:49,2017-05-27 22:02:13,2017-05-29 09:04:03,2017-06-07 14:50:26,2017-07-03,72be286084e6c1859669739a610bfa91,2017-05-27
d20ba57abdbb252ebfe1fad543a12751,f54423037cd5280b673ee717c6b608fa,delivered,2018-06-15 21:47:01,2018-06-15 22:20:32,2018-06-18 12:25:00,2018-06-21 21:38:37,2018-07-11,cc4a61807cfdb0b13d93b4a64e3a5ba5,2018-06-15
fe157fed1771944584f95dce138eefad,56a4d10644e5aa0b23861f9e90f37a8d,delivered,2018-06-05 18:54:48,2018-06-07 03:12:31,2018-06-11 10:40:00,2018-06-26 19:28:24,2018-08-06,7d0983269f825d3112e5a64364b1258a,2018-06-05
c11717d999ffc510a6441df946f0a94d,f04581c79df64e4152c87007e29da2f4,delivered,2017-05-19 09:43:31,2017-05-19 09:55:15,2017-05-22 13:20:33,2017-06-06 11:43:47,2017-06-14,b388a93f3fdda4dc124231dfb9bd06d3,2017-05-19
035ab6fc3b7f9d16f714a337ee63b7be,dd340f55b79392c58be2ee54c2004c26,delivered,2017-01-23 23:36:55,2017-01-24 10:25:17,2017-01-24 13:19:05,2017-02-07 12:15:45,2017-03-14,1f120499af090bbc76911420dd1f93ad,2017-01-23
dbf4e3f97023c5490b058fba8b675191,4e5e35f6ae5b828fc3260a22d5f61e0d,delivered,2018-04-20 10:02:43,2018-04-20 10:15:19,2018-04-20 19:47:35,2018-05-02 20:22:04,2018-05-16,38d1bf07789225ec3832e3d9271a98b1,2018-04-20
0997090fe6882d45c6a71660aaffaba2,c0ee2597fcfedfe7a39872e74ca75f73,delivered,2018-02-25 22:56:11,2018-02-25 23:08:02,2018-02-27 16:17:09,2018-03-12 22:34:28,2018-03-20,3c38645e45e10d29cba2897019948d4e,2018-02-25
9ddadedc86122b4be334ddb751017997,9cbb5f5a02653649ba5de6d38e642c9e,delivered,2018-07-05 16:06:25,2018-07-05 16:35:55,2018-07-05 15:29:00,2018-07-09 15:52:25,2018-07-30,d85b5e176cdbfbe3364b8b01b8d7e5f0,2018-07-05
0721528eb05d8e5bd84d8220c5d4de19,f5671cafe4e66b4b6473a75f8f26bc3c,delivered,2018-04-05 22:48:51,2018-04-05 23:08:53,2018-04-07 16:48:45,2018-04-18 17:43:40,2018-04-30,701106e8688685b2e6eff509d209f4d1,2018-04-05
ded094084602b9a58f2615372fd3a99b,374c2cd14b14f5f05c0f2cd304c12e75,delivered,2017-07-27 08:49:49,2017-07-27 10:35:12,2017-07-28 17:05:52,2017-08-08 19:42:34,2017-08-24,b1a4ace9171ff6b8ce946a894208deed,2017-07-27
9cc4dad72e909de2e179cbdf7a08d072,b67dc240717909e367203798be60d015,delivered,2017-06-06 09:28:07,2017-06-06 09:35:14,2017-06-07 12:47:35,2017-06-16 13:17:49,2017-07-03,a128eb4a87a5195a3a5dfbdc3426c834,2017-06-06
87811b58ba953094fd108cf9bbe44493,f7be76b803e9e30d3432bcc0ace89803,delivered,2018-01-14 17:00:58,2018-01-15 09:35:20,2018-01-17 17:30:41,2018-02-14 19:46:57,2018-02-14,9b5a53aa7fc5dc8ceb06710c7e182e6c,2018-01-14
2f301c7225bd5f584b038ac7b60ce5db,b2ba3d2c215cb01278bbc2994e546497,delivered,2018-01-31 18:59:13,2018-01-31 19:11:17,2018-02-01 20:44:51,2018-02-15 20:18:43,2018-02-23,37e0dcb4beceea1be05ba7765623f6e8,2018-01-31
84ce5af195e57deb9b5c4aabb5d0dc29,f7870fc91dd0683f8cabdd751cffe1fb,delivered,2017-11-28 11:29:14,2017-11-28 12:27:13,2017-11-29 17:15:05,2017-12-06 01:04:10,2017-12-21,1d10e9766571f592bb56ce7f0fe2ea73,2017-11-28
1d58535a7efa4ccc8eab9bf3b16111c7,327da4c5a95a199cc74495dc6babf02c,delivered,2018-01-06 18:14:56,2018-01-06 18:26:46,2018-01-08 17:54:55,2018-01-11 18:25:55,2018-01-29,2ccbda6a76e1ef7be1e12e0c7356a0ac,2018-01-06
57bc74eb1e10edbb55d22d71b35d9b72,371a0b0c0241c4bc3e82a5e96bae20a2,delivered,2018-08-08 21:49:24,2018-08-08 22:05:15,2018-08-09 11:30:00,2018-08-13 16:52:21,2018-08-24,c39c264cd91bcab2ee3779815979c221,2018-08-08
b2831c53b9a182b11c1f4c1ffd6aa8e6,82223ce649c99d806610124e8793108a,delivered,2017-09-03 18:34:34,2017-09-03 18:50:20,2017-09-05 17:43:13,2017-09-11 18:28:10,2017-09-21,ac3b6a3dc98ba489701b15c6402be7eb,2017-09-03
318abae1b1ee9847e237ac1501e1d0e1,da311a8b4301e6651bd35fddcf9ca6a4,delivered,2017-08-25 15:53:52,2017-08-25 16:10:22,2017-08-30 17:38:10,2017-09-01 20:56:04,2017-09-19,ac3448f0a42aeda584ba0e758241098f,2017-08-25
c0a8ef94e050fd7fb74a3757be5b3da0,9fa4a615d91df368929057d66d942e72,delivered,2018-07-03 19:00:14,2018-07-05 16:27:53,2018-07-04 15:16:00,2018-07-06 15:27:43,2018-07-25,78421f912eb0c4ebdbd122f1c5dd87ee,2018-07-03
3f2dd0e27853384475d6ead696ff3fbb,e23b657df455a7833ebe73d997216d93,delivered,2017-04-27 21:21:51,2017-04-28 12:53:52,2017-04-28 10:56:52,2017-05-08 09:37:53,2017-05-29,a6cf899cf6e51cb274fa411f7b31dc63,2017-04-27
3237462ff9a798ff748565335fd86d85,58c543fbae6cadb9167d1f62e0020908,delivered,2018-03-17 21:26:20,2018-03-17 21:48:41,2018-03-19 20:32:02,2018-04-16 19:42:47,2018-04-13,091041f5d9e33af457d2ff5dafa2c082,2018-03-17
21b1633fe86b264bfedf62b262d950e2,c281fc914f6d4964ab7a633c1027d67d,delivered,2017-04-13 14:25:56,2017-04-13 14:42:19,2017-04-20 08:16:42,2017-05-02 14:07:23,2017-05-29,e02b3b1e959f17e11016e27dd450ee1b,2017-04-13
970310b46556ed34638f035a75ccfcf1,5cb1ab80b0048fd8243860f80c094980,delivered,2017-12-18 14:44:23,2017-12-18 15:54:23,2017-12-19 15:47:36,2018-01-10 18:32:49,2018-01-15,5c1285362ec128b1585289cbd59bf713,2017-12-18
0e6f08a9522bf9b1287fb24ab250dd81,eda9e4af546874235df9495fd7d9485c,delivered,2018-08-13 22:30:15,2018-08-13 22:45:20,2018-08-15 13:18:00,2018-08-16 16:36:26,2018-08-21,8d852ea90ff4aef4beecbaef0cb55acc,2018-08-13
334b7054aa71f4d5c7418ba88ea632ac,de7d8ea6e5d44f6cf363c95aba118de9,delivered,2017-08-12 10:00:18,2017-08-12 10:10:13,2017-08-15 17:27:42,2017-08-16 20:04:06,2017-08-25,9eb99635326a56ae493041d5a2ff49db,2017-08-12
38f0291ed11ee2f2f0cf35ef8931e374,40300675258d243c158040624a2af978,delivered,2018-06-04 18:59:33,2018-06-06 02:54:01,2018-06-06 14:07:00,2018-06-12 22:56:28,2018-07-19,625801ebd7403ef5ee483ef9b81d6b0f,2018-06-04
649bb84817768858f695a41b42207285,f284fec60c47ff9d7995c26517865ed1,delivered,2018-08-07 20:40:26,2018-08-07 20:50:53,2018-08-08 14:54:00,2018-08-15 11:54:52,2018-09-11,338793650dd90ba06a20bb0793d0f3de,2018-08-07
28acba5aee809821856801c1a77257da,c877254bc5ca542a2098663f3844ffa6,delivered,2017-11-27 09:37:22,2017-11-27 09:55:45,2017-11-29 12:13:11,2017-12-14 17:15:01,2017-12-27,bb21e68b6bfde6a59866c09ba8651389,2017-11-27
dc2f00579e6ddf8d0b112e29635b0d1a,8af9ffddbad0cbb359c2c71f48994371,delivered,2018-03-12 12:07:20,2018-03-12 12:48:24,2018-03-13 23:02:58,2018-03-15 00:18:26,2018-03-22,4fbfe86b0b023db22a1d509387415a59,2018-03-12
9c808eeed3e79336f8e007a7922cf8bc,e75502fb2f50fa47f9143c0846fa83a2,delivered,2018-04-21 15:08:29,2018-04-24 19:00:46,2018-04-24 00:38:37,2018-04-27 18:13:44,2018-05-16,79c85fafd89b0219263ca74ceee815ad,2018-04-21
e6b58e9e71a0a471d128bd8325857f0f,d43339b0207928cda91b481b2afdb160,delivered,2018-02-14 16:30:55,2018-02-14 16:45:31,2018-02-17 00:46:56,2018-02-23 15:19:26,2018-03-06,64f5a38418a5ccbcda243de650bb8346,2018-02-14
56195352a8e1bcd779da1b92fb9bdeef,bf1467eac502b1bff6e73858d11b8302,delivered,2017-11-28 00:58:45,2017-11-30 02:20:05,2017-11-30 20:04:54,2017-12-13 15:57:43,2017-12-20,d729f7285136c50ecee9c2e2f25df6cc,2017-11-28
1cf7cea9bec060a9fd57a36b4c032c82,1deba485fcad64cbefddbe4e64b55bc2,delivered,2018-01-08 18:56:23,2018-01-08 19:08:29,2018-01-09 15:52:03,2018-01-24 17:43:07,2018-02-08,a06a4e8e7028865de4b4570517141704,2018-01-08
b038348f0efe343b8b4d649f0e66885e,62f5429e292bca23d4a850a84e41ca4b,delivered,2017-10-20 11:16:41,2017-10-21 03:06:18,2017-10-23 22:27:01,2017-10-26 12:59:59,2017-11-08,fe545236854bd464edce9e3d7a8eaf54,2017-10-20
a0e10efd1951db4d6347c04f4c79a3f5,598fec59f2830ff2f0e1d2da6dc7aa99,delivered,2018-06-03 19:58:19,2018-06-03 20:10:14,2018-06-04 09:12:00,2018-06-11 16:38:49,2018-07-13,a23108f756b3895fb5e3b45df2148ddb,2018-06-03
d1f065890107e588fc08c57d20610f6b,773f482ab9464f99e7f8b5b93f92416e,delivered,2018-03-16 08:34:11,2018-03-20 03:30:36,2018-03-20 17:24:37,2018-03-27 18:48:44,2018-04-06,92e6265dbbc8fd3ee150c14f65ab4214,2018-03-16
7344a05173d4e1ad58c9a7501132c3d4,3923d75ad6b037d2ffa205f54a1fa392,delivered,2017-06-01 08:19:19,2017-06-01 08:30:16,2017-06-02 09:19:31,2017-06-05 15:36:06,2017-06-14,ce738596250d5393900e85087867892d,2017-06-01
9c6f6c76170c49670bb21ee1eb1a87e5,318e722d21f085a9d5cf18daac489836,delivered,2017-11-02 00:31:05,2017-11-02 00:45:40,2017-11-03 17:22:36,2017-11-11 16:24:38,2017-11-29,2311b108adb023be56ce88c35b66ddd1,2017-11-02
7ea90189a26e230e809891078dcb8f45,41072e519474c7839dcbd5fa7cdbbb9b,delivered,2017-12-06 21:56:17,2017-12-06 22:09:53,2017-12-07 15:28:39,2017-12-18 18:10:36,2018-01-08,30e3be79f56996a89517baf8b0427f55,2017-12-06
56f3eb3f797bf95b964817291410d0a2,d040fd53fa434d71f061751174e52bb0,delivered,2018-05-24 19:20:26,2018-05-25 08:36:51,2018-05-25 14:27:00,2018-05-29 20:41:41,2018-06-11,32458edbf45f89146ca6bebf9b4be256,2018-05-24
7f2c22c54cbae55091a09a9653fd2b8a,f4c13379ddd0ed4f4fc1c0b49c2c5e51,delivered,2018-03-10 10:53:51,2018-03-11 10:55:56,2018-03-14 17:55:24,2018-03-21 17:46:34,2018-04-04,fe2b2f70f3dc31c23319ae1029eac77f,2018-03-10
8e7d4bae45bbc64cdde3523afff196d6,9d6ba2d2e1c8a66608088229aaa91deb,delivered,2018-02-09 16:37:12,2018-02-10 02:49:32,2018-02-15 17:16:23,2018-02-22 13:59:18,2018-03-12,ed3a88eb1cd216226c5a9fcc09c51258,2018-02-09
ae18621f85e75782d4a05232abe00cba,3487229049485241bb1a0d20ab8ab449,delivered,2018-02-13 22:39:27,2018-02-13 22:50:47,2018-02-14 22:43:06,2018-03-16 19:32:31,2018-03-13,1e6d7c07f42a314237ff8f33f85812c0,2018-02-13
e66e161be234086b4101ba4e88c47db6,91d841ea125f1269b749841f34350972,delivered,2018-02-19 10:28:28,2018-02-20 09:47:53,2018-02-23 19:39:07,2018-03-02 02:22:45,2018-03-12,feee61b9450e3a5cb3858c4a999b97c2,2018-02-19
83e32d204b3e92d83909d99925731162,59e1cee5d1efd103459268e1855ee787,delivered,2017-11-27 17:14:09,2017-11-27 17:30:11,2017-12-01 16:03:36,2017-12-05 22:53:15,2017-12-21,4510a0e4fc6ceb23297aa7ead68d640b,2017-11-27
ef7e4d318e5714c1e8e07e97c981ce36,6ca60d60ec59979714b2b913aa387c60,delivered,2017-02-03 00:55:38,2017-02-03 01:05:41,2017-02-06 15:35:54,2017-02-14 14:15:34,2017-03-14,771f344c1ac13d8ccdf2d14c48e2c6c3,2017-02-03
1f3b35f0094be1430b5d520be3436ea0,774b2e471cb8f44cdfe6d209db8401a2,delivered,2018-04-08 23:24:30,2018-04-10 04:11:13,2018-04-11 19:56:32,2018-04-13 20:07:41,2018-04-24,39fe4872fcfcd79b25402cd3f42f65b8,2018-04-08
285b9fa3d538bc3e3391de43dd51e3c9,73cc73b9f0e5aeaa6cb029d0ca83bcba,delivered,2017-07-11 21:54:29,2017-07-11 22:25:14,2017-07-12 17:49:35,2017-07-21 15:33:53,2017-08-09,28e8e8fba004a0704128902df914271e,2017-07-11
387434cf05d72ade8396f5d198ecf697,2163644f99fa981932735bb11601b9dc,delivered,2018-07-20 15:01:06,2018-07-20 15:15:16,2018-07-23 13:09:00,2018-07-28 01:21:09,2018-08-03,96e050e46f55c4d00b6d574a0b5b5216,2018-07-20
9c05cf9f770e4c24707995b849ee5212,e2b1659804e5718b7c5243e68f5b4df9,delivered,2018-08-03 12:17:05,2018-08-03 12:30:11,2018-08-07 14:52:00,2018-08-13 16:27:25,2018-08-17,2ad09bc99aaa2f583f5e897b9f7608da,2018-08-03
ce92e21e5a1332b68afdf06370bc6657,249d7c303dd2a642c8b0f59ca7d72c11,delivered,2018-05-02 11:34:39,2018-05-02 11:54:06,2018-05-09 15:57:00,2018-05-16 21:22:01,2018-05-23,e5c8e72347a33aed06a95a15c7fdd19c,2018-05-02
e74d46b7bf8761d0fabbb6bb8b94ea82,9876f334f1965ef939a3b7a5ba355c54,delivered,2017-11-20 23:45:24,2017-11-22 02:47:01,2017-11-28 19:49:52,2017-12-19 23:24:48,2017-12-07,58f4f93513df408ed8b2c2469e5cf33c,2017-11-20
24ca08f72cfb6368d09379321b78d6a6,a2ab46368968ea1b569d452b2e169a47,delivered,2017-09-01 14:29:05,2017-09-01 14:44:58,2017-09-04 21:08:00,2017-09-05 19:04:24,2017-09-14,071befa81cac87390204c03e41e41227,2017-09-01
6a26bd1a037993f1205073dbeda67db4,2a44b3dbad360783fd663c15c3e6367c,delivered,2018-02-15 13:53:42,2018-02-15 14:10:28,2018-02-16 22:38:59,2018-03-02 22:29:04,2018-03-08,aca152a8bcfa7d7059b7787c67d60d52,2018-02-15
d959ee7331f023b51bfaa71be6f7342d,80f27570cea5cda9ad0477ce727c9e72,delivered,2018-07-06 12:28:18,2018-07-06 12:35:14,2018-07-10 07:00:00,2018-07-13 18:48:23,2018-07-25,3ca4e922a68dd0e014978e1edbeee2ab,2018-07-06
e45620eb46de3b95c078fb17e75db83e,a539b9d6f9045415d847df7fd525d2bd,delivered,2018-06-11 12:41:01,2018-06-11 12:59:44,2018-06-15 16:32:00,2018-07-11 19:27:47,2018-07-24,59ea36903f78d0d954b0fc11c6203542,2018-06-11
b47199dcd5708031fdb48f2e28c4c28e,0df4d0f2511dcb498b5042e9c9734d78,delivered,2017-10-13 14:29:05,2017-10-13 15:20:57,2017-10-13 20:33:29,2017-10-19 12:18:47,2017-11-01,16eaa8c840a8c0b67c6c9bed47c0175a,2017-10-13
6308c76f73aa96e67cfa22c69f99a067,91a74c6db81fb10a2615dd22619923cd,delivered,2017-11-24 14:50:14,2017-11-24 16:55:50,2017-11-27 16:57:46,2017-11-28 20:14:40,2017-12-08,dafa11614f904443b39e867d5b3d46e1,2017-11-24
e259b06c4b796ae03f30c37990b5e126,adad10f09b5e2a812583654c1b3d6ab4,delivered,2017-11-24 17:31:42,2017-11-24 20:56:36,2017-11-27 16:44:44,2017-12-18 19:14:49,2017-12-18,def071444a798c02f2fb9435136a986a,2017-11-24
49a8f1096861d00a65b9c80b8b963a22,9290a8230f6f8ccea5fb2f6116facae6,delivered,2017-11-18 23:53:47,2017-11-19 00:10:41,2017-11-21 22:00:01,2017-12-05 20:10:00,2017-12-07,244da28ecb6df8590ae979da0b51a934,2017-11-18
0ae08ad3fa90d3854fb8e22472d9b1a0,eb71557f1184513989581773d1afc0d5,delivered,2017-08-07 20:01:47,2017-08-07 20:45:19,2017-08-11 20:47:41,2017-08-16 19:52:15,2017-08-25,9caf7fce45f197ace0ef67476d5f0b94,2017-08-07
d5d777fdf41da773664443c2fd9acc23,3c8735c5a045fb31f956e4ab8f23c566,delivered,2017-01-25 22:04:39,2017-01-25 22:22:03,2017-01-26 09:14:06,2017-02-06 14:14:50,2017-03-02,bf27e53164b2385d9eecc0e04a566e3a,2017-01-25
6cc170c0199d6d09ed3ae398bbfe01af,0050ee32fbb93383fb0d9e3d8ee89a07,delivered,2018-07-23 14:33:11,2018-07-23 15:59:52,2018-07-25 14:11:00,2018-08-02 21:44:47,2018-08-20,0301e2b22f44b5a060987ecf49f8ada8,2018-07-23
86c0740485510bc8dd381cc668a616e7,e2a70beea658f77036cacb984ac0ad12,shipped,2017-09-18 15:59:21,2017-09-19 12:55:12,2017-09-19 22:37:32,,2017-10-10,d0ea9bbed3fea783d5d47589f0eede1c,2017-09-18
3c7ad0e853a5d0f0b08290127e7325a9,a236d513e2cb6dc970712b0f22543041,delivered,2018-02-01 14:11:52,2018-02-02 14:51:56,2018-02-05 15:42:12,2018-02-15 22:09:37,2018-03-06,198ba72088fecd3caeaf2dca0addcfb9,2018-02-01
bf04b0c11f0a840b83b25819a1a8d98d,1e4469639d0585ca1550aeaf35d28c18,delivered,2017-08-23 14:28:58,2017-08-25 03:05:17,2017-08-25 20:07:57,2017-08-30 16:12:30,2017-09-13,b8e747e12cdc8733515943c0eea61e0c,2017-08-23
4225edaa7ed111e8f866bb6e60e2152b,8250dfe1c841af9f5e6b0323ac3de100,delivered,2018-04-14 10:14:07,2018-04-17 05:55:46,2018-04-17 22:02:54,2018-04-20 22:37:25,2018-05-09,27e21537e569cc1647efd5eb569f5ec0,2018-04-14
cc0efa9953cfcabde1888ffca500b253,c0244f9f43928cd292fdaabf59c49ae7,delivered,2018-06-08 14:39:07,2018-06-08 16:30:39,2018-06-12 15:13:00,2018-06-19 19:10:43,2018-06-29,8f2fa110f45a5b5592f1593842b7e87d,2018-06-08
22ff296bec6517df99f56d2098171b8e,b1609cebd978d6787d11dbc1ef31f8ec,delivered,2018-02-13 23:36:02,2018-02-13 23:45:32,2018-02-19 18:21:57,2018-02-20 19:11:55,2018-03-02,70ee270864f840dbc87200c0b34d80e6,2018-02-13
8b33b4ee1bfb837983cd2ce257bc3801,527ac00a467cf5da034c60d6023bf158,delivered,2018-05-18 10:09:26,2018-05-19 02:58:59,2018-05-21 14:16:00,2018-06-06 22:47:43,2018-06-14,241625216fc37d894dd42b8b73282a7a,2018-05-18
575c6dd8fb78db647ce9a4018b8e9235,6fe397cd9919959235edbcc5622cb369,delivered,2018-06-02 18:08:24,2018-06-02 18:29:53,2018-06-04 09:03:00,2018-06-08 15:52:45,2018-07-12,21f60915366f53d34433ca1138d2c297,2018-06-02
ebd89760480302a8f05581858df06406,83268cdfd4f2c34b68875bafe0b36787,delivered,2017-12-12 22:42:51,2017-12-12 22:55:27,2017-12-18 16:19:22,2017-12-21 16:48:46,2018-01-05,2f6bd11fa6235b1493c29a4afa75fc49,2017-12-12
bf016dc3001d212ba8bd4870b721dcca,0d007bf3edacf8f9b4cf26e3065cb95c,delivered,2018-03-30 23:13:32,2018-03-30 23:26:58,2018-04-03 16:48:50,2018-04-11 21:28:32,2018-04-20,d783a133728a005bdae67ba84bb52f29,2018-03-30
409d692c7314744b643ae98e8a11e1b5,15f254150d0e0f1fc6358514691f65bc,delivered,2018-08-14 09:27:24,2018-08-15 03:05:23,2018-08-15 16:16:00,2018-08-20 23:11:50,2018-08-31,4769375f521ea3f106d30d3f92f3ad3d,2018-08-14
b643582fcd5b151f498b5383a0195f33,84e743e64c00de51fbca1961b407c3e1,delivered,2017-03-19 18:17:53,2017-03-19 18:17:53,2017-03-21 15:31:40,2017-03-27 08:42:28,2017-04-13,743d54d53beaf9bba644cf4538595bc3,2017-03-19
147e67a3ee8e25ce51c43e92fa2efca7,8cef967d36f3b60c0e6571f382cb25db,delivered,2017-12-15 13:19:51,2017-12-15 13:32:16,2017-12-19 09:43:39,2018-01-09 19:34:00,2018-01-24,941116c5233b85cb5e140805b31f80bb,2017-12-15
8ea4a5894120c659405242f39659da6c,817692febe7ce519bfcf6b70629b6601,delivered,2017-07-10 21:03:17,2017-07-10 21:45:12,2017-07-17 19:27:43,2017-07-20 17:52:00,2017-07-28,dd75c5fdf04d764d9a3ae10f029c5091,2017-07-10
28232387d76b1ef18dd621c7702e31f9,bf84db1217d83f8ac1838d375b7784f3,delivered,2018-05-20 12:35:27,2018-05-20 12:58:48,2018-05-29 07:15:00,2018-06-06 02:32:23,2018-06-07,74f6957797ebda73b6c3990e98cc0ad5,2018-05-20
5fbf74426609c2706727d1e358652e36,955770ad791e4fd9f7b797f565055ae8,delivered,2018-06-23 11:11:56,2018-06-23 11:40:40,2018-06-25 14:43:00,2018-07-02 21:05:08,2018-07-20,ed1b6f66996abfab57c0affd00805578,2018-06-23
1c2c2ef84bd5a49273a5db738b6bcc7a,cdea03736ccfde6bc7471b949d660040,delivered,2018-08-15 16:36:22,2018-08-15 16:50:22,2018-08-16 14:42:00,2018-08-18 00:38:25,2018-08-20,3a9c2c940df5210065368eed1cbc152a,2018-08-15
0eb7caaf45840732064ba73695231a89,0c90ee6ea682be0cd52f9d9513056ac7,delivered,2017-06-22 10:56:56,2017-06-22 11:05:24,2017-06-23 11:21:54,2017-07-03 12:23:31,2017-07-14,6060f2b3fb37525b73537598fe4bfebc,2017-06-22
8006a8edd13d1e21d68edb0cf4da3b60,212ac800bc3d917a0efcf8333f58fa1e,delivered,2018-01-25 18:29:38,2018-01-25 18:58:46,2018-01-26 17:19:48,2018-02-01 17:11:21,2018-02-19,a67a7184ff8610a886f6362e549097b6,2018-01-25
305f4f2afe70d838e381fb7a3c973838,755e256c7a05f319e195cde33d095d4f,delivered,2018-06-09 08:44:22,2018-06-09 09:11:32,2018-06-11 15:57:00,2018-07-01 18:34:40,2018-07-05,cfa69922f9968e0e6271647abda09b09,2018-06-09
403965e12316a38230092283b46060d5,260067e704311386301ca2e8a2a67b81,delivered,2018-02-19 16:43:43,2018-02-19 16:50:40,2018-02-21 20:46:57,2018-03-12 20:52:32,2018-03-23,45bc5a4fbc33e78db4fdb53139eb7297,2018-02-19
d468753370018732c4766866dfc1878e,484ec6e362ff72b2cd1a1e869e6d10ae,delivered,2018-07-06 13:58:48,2018-07-07 04:48:27,2018-07-17 07:48:00,2018-07-23 16:18:46,2018-07-31,6ed487243ee24bb6d92908eefddfda3a,2018-07-06
20dbf24263d2b7197c8d23bee91cb263,c8672896d5ca592deab963239abbc74c,delivered,2017-12-06 15:48:19,2017-12-06 16:12:30,2017-12-07 21:58:49,2017-12-26 18:38:58,2017-12-29,f03092ded750c3aedec1acbee149f590,2017-12-06
d0e9399904d8a9d40da9642d0023383e,5d55cda7f7aa80d5875ee28ea2b52110,delivered,2018-03-11 22:50:36,2018-03-11 23:00:28,2018-03-13 23:34:41,2018-03-17 17:33:13,2018-04-10,10a89d1515e29145e5a6b0a452e68e66,2018-03-11
f8f47214bc000a1f31116b5bd44f3d98,3f9de91ad36eb55c96ff3806f4d8ecda,delivered,2017-04-26 14:27:49,2017-04-27 14:35:20,2017-04-27 15:42:12,2017-05-08 10:04:11,2017-05-17,3dd6df883418b89bfb7c9f658f221a25,2017-04-26
69956999b3f715c96f6cc505376e0d3a,8c9b60d30962e0b28780b60500c41dc5,delivered,2017-08-23 11:18:11,2017-08-23 11:30:14,2017-08-23 17:41:19,2017-08-24 16:43:28,2017-09-05,1e3c10947e6408c84faa4cd8da7937f4,2017-08-23
153c105b5a1425ffa8a444fdc98f1436,7c31254de4f70f1e8c1164fd86f0c685,delivered,2018-01-03 22:24:13,2018-01-03 22:34:26,2018-01-08 16:59:06,2018-01-13 17:58:48,2018-02-05,063d31a311a376917317d34a4e8148f0,2018-01-03
47b1306236d4ab3e15acd0a96e7f341b,1b7df49ea5442a59b332500d68024210,delivered,2018-01-18 08:15:47,2018-01-18 08:30:56,2018-01-19 03:05:29,2018-01-25 21:15:43,2018-02-26,20c668a2f8a30514b475d091b1588872,2018-01-18
510ba3ddc8da9e29ad84ddf71c7b9ccc,803c7ddde4071c708e13a00ef55cedc0,delivered,2018-04-12 17:14:29,2018-04-12 17:30:34,2018-04-13 17:12:58,2018-04-24 15:05:39,2018-05-09,55e01c1272a2c7981d2b756431bfd7aa,2018-04-12
2f5758117287c5c403d6051eca12b99c,caa242c6b4ad24eb7ff0902b0aa1fd44,delivered,2018-08-21 09:11:06,2018-08-21 09:29:47,2018-08-21 09:34:00,2018-08-22 21:28:50,2018-08-27,1d1058851a4ccde94cd566e7d02fa6a9,2018-08-21
1e906c082a3aa57596a2fa25a7e6cf25,1c0e9c6e7bde47b5745198ab7e521c1e,delivered,2018-03-11 07:54:57,2018-03-11 10:01:27,2018-03-12 23:04:36,2018-03-16 01:07:48,2018-03-22,4255dc78553d2edc85b76fea8642684c,2018-03-11
a6266e7ddaed38f2674271c50964d50b,77d3181486540e372c4fd4aedbbbe429,delivered,2017-11-28 09:36:10,2017-11-28 10:54:09,2017-11-29 21:09:11,2017-12-09 00:21:16,2017-12-18,68d58c22c1c4c4499f90f0645e7a0c35,2017-11-28
ca2f0670d0d753e332c0ae97f466c9b0,fb78c8dbefdc1d9fec4507fe77045390,delivered,2018-02-22 05:50:50,2018-02-23 02:15:29,2018-02-24 00:09:54,2018-02-27 20:48:53,2018-03-14,6275d1ce85a1a720874e15b7c2c731d6,2018-02-22
707b0eb6ced8aa82b4f0329a0ee3f3a9,19bd8e276e722962a4df7a2acb53ced5,delivered,2017-12-03 10:42:38,2017-12-03 10:53:20,2017-12-04 19:53:52,2017-12-18 19:18:39,2018-01-02,d0d23489ef1b5a1878cf5a4d2f902930,2017-12-03
7e53dc06e288a32ea7adf566d1452bc8,5b4c2181dd880f50dd49e8bf14fdb26b,delivered,2018-08-21 13:21:28,2018-08-22 03:45:21,2018-08-22 13:52:00,2018-08-23 21:48:46,2018-08-29,4ae2aa0d804b439786692a2599d1637e,2018-08-21
af91d510d187f304483d1081272ad705,f8b520e355ce4e8d4ddff7f6f9ec7830,delivered,2017-09-25 11:25:01,2017-09-26 03:49:15,2017-10-04 12:37:42,2017-10-17 17:03:43,2017-10-23,a8f046bfb80f2c0d7e44f80e5c3d906d,2017-09-25
22d5102a394ed953c1d0de4a702a5f9c,6cde1d78f199f11a10ff3b1673a82cb9,delivered,2018-02-17 14:24:34,2018-02-17 14:35:29,2018-02-20 22:18:57,2018-02-23 19:20:08,2018-03-06,f9d51c7b92fa3e4402b6456d8babfb71,2018-02-17
feb1faba52af0ff624c197d3dfdc7019,4b7a5b368802938da5efeb90c5ce3cdc,delivered,2018-03-28 23:37:48,2018-03-30 03:15:16,2018-04-02 18:06:40,2018-04-03 20:16:58,2018-04-10,1265c22907b15b6fd1479f1a8a536055,2018-03-28
ff00a56fe9475a175cd651d77c707a09,72aa84f482e9441a8c1599c07d734e45,delivered,2017-11-24 00:08:10,2017-11-24 01:10:14,2017-11-29 17:48:57,2017-12-18 13:14:05,2017-12-26,6be28ae15cd1e7b3f3f36ac483512822,2017-11-24
c5dd2f75157908db9c6c6586ce1a8834,579f39c555a8e00b84e6220a0cc0eb7b,delivered,2017-12-07 20:27:45,2017-12-07 20:36:28,2017-12-11 11:53:15,2017-12-14 21:08:08,2018-01-09,344a6eba33544cdddc8ea201cf6d35bd,2017-12-07
f2da3bee3196b2b183817fed8967a800,8f12282d2ff41fbd1c3c74588d55e24e,delivered,2018-07-27 18:20:52,2018-07-28 18:31:00,2018-07-31 11:52:00,2018-08-04 11:35:39,2018-08-24,bad773ea45400e50219e59acd974f176,2018-07-27
0b50495c5cfeda8c9d7abfe80aea74e4,9bedb2b2aabcd702476cdaabaf178ab3,delivered,2018-01-16 18:01:59,2018-01-16 18:11:46,2018-01-23 22:43:16,2018-02-06 22:06:45,2018-02-21,beceaa52fb2f761e647222b3cf7ce0b2,2018-01-16
15f29653eecf60489d5e04389f448526,7b3d13b56b33781143602d9eaa6c3a19,delivered,2018-04-20 17:54:03,2018-04-24 18:58:58,2018-04-23 23:56:46,2018-04-27 18:24:42,2018-05-10,d69251081d9edc5fbdbe3fb96df96105,2018-04-20
87ebcd73de7c03e3ba13f9e9466c15c5,ac0c70558ae1452173d95bc72556d99d,delivered,2018-08-13 16:23:13,2018-08-13 16:35:21,2018-08-14 14:05:00,2018-08-30 22:35:51,2018-09-18,a3c2b12d32867ff84518faaae83b3739,2018-08-13
03ea970e60ecfa4b84a69ddc665262a5,7d4bcc989710ee664b406819ce808a90,delivered,2017-09-20 16:14:30,2017-09-20 16:30:23,2017-09-21 17:18:35,2017-09-26 20:02:38,2017-10-20,21c0739878ec2e4e65c5e466188ef607,2017-09-20
32521e17a0b60adf739498f61d563ccd,f5b5ccde1fe38a396f760e071900d248,delivered,2017-07-20 21:46:12,2017-07-20 22:03:22,2017-07-24 14:27:56,2017-08-01 19:24:32,2017-08-21,0fd96f5fec44ef18ea9a1d86546fb5e4,2017-07-20
692e004e31546b86abbd93c0661bfb67,9e77a8bef5c8d0d18d57eafa802300c8,delivered,2017-09-06 18:03:12,2017-09-09 08:55:10,2017-09-25 16:47:49,2017-10-21 15:32:19,2017-10-04,8dc371bcc1440310fcf4c776a5cb65ef,2017-09-06
715db622428425d51cc31f65a8b82eb0,60e922d8d5872b195f60949cf1ccd836,delivered,2017-12-02 20:28:18,2017-12-02 20:35:31,2017-12-04 19:57:01,2017-12-07 22:51:58,2017-12-20,473741c358b796cea08b4626d15d5870,2017-12-02
4696cae9482bc7043c17dad5cd2e50d6,d862638008035d9cad1a74155bcd1b6f,delivered,2017-07-28 13:12:23,2017-07-28 23:45:19,2017-08-02 13:53:22,2017-08-09 19:43:36,2017-08-21,5af3a00919f7e5fb372900ed6b45890f,2017-07-28
125b6d6d69726457c31530e0fae8ff38,6761270051135aff470ac0fc970e929e,delivered,2017-12-13 13:50:44,2017-12-14 02:12:33,2017-12-22 18:14:19,2018-01-10 14:17:29,2018-01-23,325dc85b0e50effdc86e740694934c54,2017-12-13
3f70fa55743ebe05b4b94594c082dfc4,f1a1234261d38d95d541baa1d73d3057,delivered,2017-12-13 09:19:40,2017-12-14 02:12:07,2017-12-14 19:58:36,2017-12-26 16:53:37,2018-01-09,9c22e9a78e3b3f67c985fcfff6db6a56,2017-12-13
8331588bfd765bf151ba1682255903f3,1f2a41153916d3f9a12652de33b60b6e,delivered,2017-09-01 10:20:53,2017-09-01 10:30:24,2017-09-11 19:13:39,2017-09-15 13:57:28,2017-09-21,79b9e9b310f3094c2cad708eb17508c2,2017-09-01
bc6014a7596f64eb97713e00e2c9f7c9,b08b053b47ee7b62f57a3171ab3b3fe7,delivered,2018-07-13 19:53:48,2018-07-13 20:05:24,2018-07-27 14:09:00,2018-08-02 19:58:45,2018-08-21,49b6102818d64436b9013aa60b2b5ac7,2018-07-13
a4a7cbfa5424f9c91c94e3483d80f99a,9505f9c901430b604a1cba94f48976f8,delivered,2018-03-04 10:48:52,2018-03-04 11:10:37,2018-03-05 21:56:32,2018-04-23 18:51:40,2018-04-02,c804757845eca612d2e5c77dafce2c4c,2018-03-04
10bf9305aa4d5fb3382720adad789a40,1fad3d9bd6b3092c7f7fb5502fcc9b4c,delivered,2017-03-20 19:25:50,2017-03-20 19:25:50,2017-03-22 09:11:55,2017-04-07 14:13:00,2017-04-10,1324cd672ed2e4b0d61f3297ebc73752,2017-03-20
834b943d0967a4138b4d2b3874c6037f,db93d928ffb29410511a0ae79e816298,delivered,2018-03-01 11:36:24,2018-03-01 11:50:37,2018-03-02 23:13:31,2018-03-09 12:01:40,2018-03-19,14b3828777560088b133392eaa32976c,2018-03-01
93813bdf2d611779ff37fadaee0ae4fc,c1cf59e73b753e3b4b30c81472c9ac01,delivered,2017-11-19 13:25:09,2017-11-21 04:12:23,2017-11-21 19:48:42,2017-11-30 20:28:57,2017-12-01,cdc33a601c2dd505b56daac6f43a95b8,2017-11-19
4a49f0eb11c5d69be2aec70f0368cb90,ce2420af7520a564497bd704b62bbed4,delivered,2017-11-01 13:28:30,2017-11-01 13:46:19,2017-11-03 16:20:57,2017-11-09 17:58:58,2017-11-14,3ddc223389095845491ea42d872a09dd,2017-11-01
7e15d67fd47ef2c79326ca5358b1f5d2,bc3a128978496fe909da4bf3a2ec009d,delivered,2017-06-15 11:11:13,2017-06-15 11:23:09,2017-06-19 14:29:39,2017-07-02 10:49:41,2017-07-06,eece90bc6a1270d11e60ef2f29ea20d4,2017-06-15
659a1ad8f23f3296dbf8034617e6e390,14bbce4168c96d7ca217983d4ce51abc,delivered,2018-04-15 16:16:51,2018-04-15 16:31:08,2018-04-17 17:42:59,2018-05-03 17:24:47,2018-05-11,be7df55a160aac5c46effc95b232b12f,2018-04-15
2393507a21cc6be871d9bd669eb0d6d9,5d018d6522babc97ecca4ca9be0803e2,delivered,2017-05-14 16:29:24,2017-05-14 16:42:25,2017-05-17 15:00:15,2017-05-22 09:04:33,2017-05-31,7f3b9536876c3239ba95fb41c3799ea5,2017-05-14
17dd29c2a9196baed66fc07147b4d819,d291d348d3df231748e584445f34fd98,delivered,2018-02-26 14:03:27,2018-02-27 14:09:00,2018-02-28 23:37:16,2018-03-29 19:29:07,2018-03-16,03a5b2c623827a7d4e727ac0aa2284d4,2018-02-26
bc6bbd933ea8d286847d6eb88c6083ed,20209b475c58be96dcfc7d9f773198d3,invoiced,2018-08-03 16:31:05,2018-08-04 16:30:14,,,2018-08-22,14a67cbe2b1a3b760a5d22ccfe9f7329,2018-08-03
a506cff68ad939f030138d38c2350dd0,cbf27ff077ab6a5a586279d5cd9b8455,delivered,2018-06-08 02:18:40,2018-06-08 03:02:35,2018-06-08 11:37:00,2018-06-11 14:14:28,2018-07-16,4465247cee69b5df88b6544b70219cf8,2018-06-08
6889715ff8c8b1469cdf52549b71f572,3a0bd5d8e3cf00a7202f2d20193b190d,delivered,2017-09-06 08:46:57,2017-09-06 09:03:24,2017-09-08 15:29:04,2017-09-18 20:53:53,2017-09-28,ffcf1dc25f2222aea1aef48841f20f3a,2017-09-06
976d9425872f2283bdadfb50fd7e4188,f71fe5bccfae9380731dfc874957c275,delivered,2017-12-25 17:15:40,2017-12-25 17:29:13,2017-12-26 16:32:50,2018-01-03 18:19:18,2018-01-23,4e23b7b1664666d34eccb46b5c082164,2017-12-25
eeaa75133a2e3ef15f077511708f7052,f70758e1085f84f6c842270af455ab06,delivered,2018-01-11 16:07:22,2018-01-11 16:15:29,2018-01-16 00:06:43,2018-01-22 21:54:55,2018-02-05,2ec5e93fe922b65036198423712d6867,2018-01-11
4224f9827332624e60782ae9cdfbcd8f,680617cf52e173776bfac47798037c3a,delivered,2018-05-12 14:41:34,2018-05-12 14:51:27,2018-05-14 07:43:00,2018-05-23 20:36:29,2018-06-07,996540a5ce13b8a78e22cbd62853e484,2018-05-12
dced68d765c92476f957de16fe116ecc,8e56b369b27a5321224f09113c0ef99c,delivered,2018-08-17 18:20:27,2018-08-17 18:30:15,2018-08-20 15:01:00,2018-08-25 17:29:35,2018-09-06,9626fb4f4a15d890b9cbecd5357dfd74,2018-08-17
0efa0c45020bf70a48af010afcf0a3cc,da455231ebafab9b01c0c28d3d637a97,delivered,2018-02-28 00:19:14,2018-02-28 00:35:58,2018-03-02 01:21:27,2018-03-07 20:22:31,2018-03-13,dcb9aa0a57b904429fc5d353ca54e6b8,2018-02-28
d8b5d1ea87d75046c7b453b1b128fcc3,6fac131de8408ec8e5fc464cfb07c9fc,delivered,2017-09-17 14:51:56,2017-09-17 15:05:09,2017-09-19 14:11:44,2017-09-21 13:54:04,2017-10-04,0648b4016d8661a8100de1dad7a7e12d,2017-09-17
696a70ec4283b80f3e55c6181754d2a3,9a102cb1eaf62472fc2e11f5451e5c47,delivered,2018-08-21 05:45:02,2018-08-22 03:44:28,2018-08-23 11:41:00,2018-08-24 20:24:31,2018-08-27,19ea2908532c98edf982386493ef9492,2018-08-21
8eff1cf64f45149216db8e613cd9b914,4ae25f8854211956f702f9ce7fddda5e,delivered,2017-06-19 17:15:00,2017-06-19 17:25:19,2017-06-21 10:19:54,2017-07-03 14:47:43,2017-07-11,628cbfa2755e8357909eaee56892720c,2017-06-19
443b9c04691b94da8860a4b73512f94a,8615d5dafcf44cc043c6f3178fa0db95,delivered,2017-10-11 17:17:31,2017-10-11 17:28:22,2017-10-16 16:20:16,2017-10-20 19:25:03,2017-10-30,2bcf45471a324e8a7a85d94de9f09461,2017-10-11
c300acfe1a7f3217eda136d29dad508a,2cd380c15b5fecae7b832742e50b12b7,delivered,2017-06-10 18:25:19,2017-06-10 18:42:34,2017-06-12 11:23:09,2017-06-19 10:43:35,2017-07-17,b0f47d39f0e55621071ec1e93ca6b74d,2017-06-10
27c666cbe2691774436144c46aefe216,a503450e1372c0ed9209725cf9dac71e,delivered,2017-09-20 14:28:34,2017-09-20 14:45:43,2017-09-21 17:08:48,2017-09-27 16:38:32,2017-10-17,4926b889467f4920ec3c0ba7e13d7dd1,2017-09-20
dfb28e6c33c63302a23a2166674f1864,6906ffafae86e29b5702189e0f1442d4,delivered,2017-11-24 21:39:39,2017-11-26 21:34:25,2017-11-27 19:28:49,2017-12-08 00:47:46,2017-12-08,caee7f23e88547be59c122d6773208f3,2017-11-24
ddbc0e193a190c97a92bdb12aed510b8,18e4e3b5b035ce0777b667468ba0d774,delivered,2018-08-11 21:17:58,2018-08-14 04:10:18,2018-08-15 14:53:00,2018-08-16 20:31:48,2018-08-20,8840e050375d9161257a8a684fe5b48f,2018-08-11
6afa0491e7c2b7661f8371616e639c04,dc1f783ac937326cdee2b4d99c366d46,delivered,2017-11-16 12:34:01,2017-11-16 13:35:49,2017-11-21 15:33:24,2017-12-01 19:28:49,2017-12-12,d446b141e1b047be0ea9605fc4e06a5d,2017-11-16
5c582483eb0e06d5cf970b645fe51c58,3e80ad5803a931d5e32ccb67c76ced6c,delivered,2017-06-05 23:33:27,2017-06-07 02:42:32,2017-06-09 06:52:46,2017-06-30 15:12:28,2017-07-10,914c3cd6fb8eecd06556acd1ab061416,2017-06-05
c6b27f6c73ec84ade249e9dd5bb6d456,55b50a4395d1cb6e966a0c9604c4a1cd,delivered,2017-08-31 01:16:09,2017-08-31 01:30:17,2017-08-31 19:53:44,2017-09-04 21:27:39,2017-09-18,25aa83940eb1e732623f8f398c08a3ac,2017-08-31
4ec6e451a636b410f15897c0a67582b1,91f1ab8bf361598b065535ed7c694086,delivered,2018-02-27 14:46:26,2018-02-27 15:09:10,2018-02-28 16:23:19,2018-03-13 13:50:41,2018-03-22,302adcc9885e8d960612a6da6aada2aa,2018-02-27
2e7f50a8fb8e08f64107c829ddf4ba84,38ccb4dd4dd6f83b64b6291fda1864b1,delivered,2017-05-16 09:23:23,2017-05-16 09:35:15,2017-05-16 15:18:34,2017-05-31 08:38:03,2017-06-07,22b08499d257269c7fe119bc419934af,2017-05-16
0607664f90518423fdddb69ae3cf375e,65da32471b3ddf2bd35af98c8023eefa,delivered,2018-02-10 00:02:34,2018-02-10 00:15:38,2018-02-14 20:11:00,2018-02-19 11:54:18,2018-03-09,adea59a1abb5ffb0a7ba18bbaa63277a,2018-02-10
3b20eefea25e9f7a1f09b7106c26da95,968c31ee3af93b0eae7defaac4296e8e,delivered,2018-04-04 16:14:50,2018-04-04 16:28:31,2018-04-05 18:33:00,2018-04-16 16:58:42,2018-05-02,89d5d31136b243b2dbd52555ec37374c,2018-04-04
344aec04212ff4fb3b73f86f50ad49b9,59cc843769a7a0247161ebb5979f0e69,delivered,2018-05-18 10:56:51,2018-05-18 12:50:13,2018-05-21 16:28:00,2018-05-23 17:16:39,2018-05-30,4515150852347d1fc0deeb2d86c18500,2018-05-18
f69590fc2203327b902406327ec062eb,898e06714416fc907ce5d20f184051f7,delivered,2017-11-16 22:09:46,2017-11-16 22:30:45,2017-11-17 14:09:10,2017-11-30 13:49:45,2017-12-12,41cab819c1b4a41144c4a4fcd2fad31b,2017-11-16
8a5863c69a1b48b67b98b82b9083ef3d,e593c9bd0a981206713854fd1e2386c4,delivered,2017-06-02 10:37:25,2017-06-02 10:50:11,2017-06-07 15:33:51,2017-06-09 14:07:39,2017-08-02,06363e534fc0d82575e6e9f85c25ed18,2017-06-02
eae81d7a6951b80a04eb152e76e3ba55,15652e306d7c3e9098df857da0db3201,delivered,2018-07-19 12:04:10,2018-07-19 12:23:16,2018-07-23 06:03:00,2018-07-26 20:37:23,2018-08-17,da8618694dda57a7eb9be2611e110f35,2018-07-19
5c76ad49e8b5c226ae27a1ef944f7e58,c3ee6ed245ae1c09c8996ec2eb14d4e8,shipped,2018-03-15 21:31:56,2018-03-15 21:48:55,2018-03-16 19:03:30,,2018-04-03,98cab3e1d18534c101f3263bec3ba221,2018-03-15
87b21a3c8c5c692b05dba19b9350a544,3083eb7eb7faf63e84cc78dfbd011e2f,delivered,2018-05-14 16:12:13,2018-05-14 16:36:49,2018-05-16 14:33:00,2018-06-06 00:12:53,2018-06-11,3413f9bca7b61d654f1da9a0afd68c7b,2018-05-14
522edeff08426375a7001e01034c289b,c9bbc03571d766b10be0e2486432fcd5,delivered,2017-02-27 19:40:30,2017-02-27 19:50:16,2017-03-01 09:28:38,2017-03-03 10:51:58,2017-03-20,e87b1d23d87dc6ba3625e6c0e4f9da27,2017-02-27
74db91e33b4e1fd865356c89a61abf1f,5043e611d34f6ad724ca658aa22cc43c,delivered,2018-02-15 13:09:28,2018-02-15 13:27:26,2018-02-22 21:10:45,2018-02-24 00:33:11,2018-03-02,ba16ab3721ffd6b57fc87a7a4f6a4fcf,2018-02-15
cd4d00f4cdfc2365a398924baf0defa7,87212a59dab079c4b2609ae0dde3d9e8,delivered,2018-03-21 02:22:41,2018-03-21 09:48:17,2018-03-23 19:41:03,2018-04-23 18:15:28,2018-04-26,ae44510fbe1ff7826298182f9f21aee9,2018-03-21
2d356a962a1c038cda69e21e991a253c,0cd029b854c225cdd97287e26e3369b6,delivered,2018-04-07 09:13:02,2018-04-07 09:27:45,2018-04-09 18:03:46,2018-04-18 19:25:27,2018-05-14,2e2bcfda0974fc6ad38a009efaea8285,2018-04-07
5bc78a286b07fd8ad2198daf226ec008,058b94ef521255536e17b2760fbf9674,delivered,2017-08-27 18:02:31,2017-08-27 18:15:16,2017-08-28 19:22:05,2017-09-08 23:58:06,2017-09-15,66f12d134c2a22e83415adbe796c02b5,2017-08-27
8f8a31db8b3bd96e4b989ce2afcdee9b,a5d2571dfc253c76c3e911ae2e45085e,delivered,2017-10-14 22:27:34,2017-10-14 22:35:54,2017-10-16 15:47:51,2017-11-06 20:48:55,2017-11-24,d9d628efb9937a38fba174d1824f39e5,2017-10-14
1a930b135dee82f91b9653e2a764a512,1d9af62f3dee128ca98cdd0516598244,delivered,2017-12-15 18:07:47,2017-12-19 09:37:22,2017-12-19 19:26:09,2018-01-05 20:46:53,2018-01-30,248059c1aa88d77b4af5f149ba12f166,2017-12-15
abfa62484a4c1688f4f78421626be291,68690939aef665082e350cfa7936aa33,delivered,2017-08-28 14:08:16,2017-08-30 02:11:02,2017-08-30 19:46:12,2017-09-11 17:07:50,2017-09-25,3aa9d1b3bed215d6bd320754c51e7b43,2017-08-28
ce3397e3e383fc93adefff9aa6a9aa7b,c921549d3338d9ae7d718a63a49478a4,delivered,2017-11-07 15:02:12,2017-11-09 04:31:15,2017-11-16 23:16:51,2017-11-20 12:22:04,2017-11-27,ca038431c2e790746c08570871870889,2017-11-07
afc3d36c156114cfae3aed5b536af510,3a2063712a4f5ffea67032e2bc49ca64,delivered,2018-06-16 12:20:16,2018-06-16 12:40:13,2018-06-19 11:55:00,2018-06-25 14:41:57,2018-07-17,ed714d066678c911cf14b9319ae55a02,2018-06-16
f98503baa6f63a4d5b3e5f9deba75942,1fdf20988f9044a566f42761844996ec,delivered,2018-08-03 22:49:24,2018-08-03 23:05:16,2018-08-06 07:08:00,2018-08-07 20:46:30,2018-08-08,6ebd0a02e2e4ece554ac48d605bc84d7,2018-08-03
77603d935cbcfcb914df523f1fc1316d,d8c0a0b659f5ea0167023bf9e8795506,delivered,2018-03-25 18:00:24,2018-03-25 18:15:22,2018-03-27 21:21:54,2018-03-28 22:16:49,2018-04-12,9f2d3928188006c6228ad8bef0e895fb,2018-03-25
633dd5a92f78d119e8d78b055c418fcd,8eb9f6a7d864b5cf7535b13fbe0971c5,delivered,2017-12-17 12:00:37,2017-12-17 12:10:28,2017-12-19 21:33:25,2018-01-02 18:52:15,2018-01-24,ba3c3a8e29bdbed8b4b823d297ad1fdd,2017-12-17
8de9841a58332c8955d80653bc19a858,ff3af478e651b3aac09c80417d0327ca,delivered,2018-06-15 11:46:28,2018-06-15 12:22:43,2018-06-16 07:23:00,2018-06-30 15:43:59,2018-07-17,b7c108aa583a020c6cf862954910fe4b,2018-06-15
1fda06c4d014e1f00378d6f6e1d46cd1,179ce7b20547f6b553f8a62336e77a7e,delivered,2017-12-17 02:03:01,2017-12-18 14:36:34,2017-12-19 17:47:12,2018-01-20 12:48:38,2018-01-15,40c60067a0df37e3a00f6e12549ee5c7,2017-12-17
c4960d4bd22a0443ef5e256052045a77,1e201c8e0bca2eaac6ddc53599ec20ef,delivered,2018-01-10 10:33:06,2018-01-12 02:35:30,2018-01-12 22:37:17,2018-01-23 21:42:01,2018-02-08,b00ed1faf8baad4f6809763af0c857d3,2018-01-10
c158cfb02733d33c18b815afb0d8d49b,f720bf1a3ac316ef4a99aeed8a9ac7bf,delivered,2017-07-08 19:58:18,2017-07-11 04:15:29,2017-07-11 18:08:44,2017-07-24 19:09:45,2017-08-14,51fda06195b60c812dfee3bcd48c83b8,2017-07-08
2ec030d65d7742d4afb8df93dd86ba76,37c4e0723167867a40efbaa01ce1c69a,unavailable,2017-03-06 10:24:34,2017-03-06 10:35:25,,,2017-04-06,4a490384e627a8c422a55f59ae589952,2017-03-06
240143ab3914b9052e329d80e795b1c9,1966bcc7091bfb3c656d15de1f2fec01,delivered,2018-08-04 12:27:53,2018-08-04 12:35:16,2018-08-06 11:08:00,2018-08-14 19:18:47,2018-08-28,2f3ffd9f28e0a140401a51e8ec5ec4d6,2018-08-04
22662a013483e2c073232f69182716db,5feaef06445b3f3a839c7f66a0197ff8,delivered,2017-05-14 08:16:34,2017-05-14 08:25:12,2017-05-15 05:32:55,2017-05-30 10:14:15,2017-06-02,25066a40f307a5ba3b0d053c7f3c8ac1,2017-05-14
d53709cd2507666542fcf8f6120b99f0,cb14befe7de8c963c81f4a6fc8fae5e0,delivered,2017-02-08 23:17:10,2017-02-10 02:43:09,2017-02-15 09:17:55,2017-03-02 07:23:39,2017-03-24,c9c780c755a4849fcf98a03a5e112516,2017-02-08
08cd10d946b1fabbe08d3ec8dcab8777,511d19680a1a81a79af022e8d743ccdc,delivered,2017-08-11 13:44:54,2017-08-11 14:04:05,2017-08-14 19:27:05,2017-08-18 18:51:50,2017-09-04,6c59befe2250193ff57af87de794d177,2017-08-11
44d2ec7f124befc9d02cd313f1af14c5,648deadcf7c258c1a06ac5f17064280e,delivered,2018-08-09 11:38:46,2018-08-10 03:05:26,2018-08-10 15:29:00,2018-08-15 17:06:46,2018-08-17,bd90162c6aae0b10c7698d84aac082d5,2018-08-09
b844add966de00013e16ef47fcad17c5,48beca9a75c059cd8e3cbd6a65a486c2,delivered,2018-01-13 21:55:44,2018-01-13 22:09:38,2018-01-15 22:22:31,2018-01-23 17:17:04,2018-02-07,b40eea8d6f4234b9425cf3f630387690,2018-01-13
5a17b93e01d5660d0973ea3701f5cbbd,1eebb4900528f6f5203228dfa29f90c2,delivered,2018-07-31 19:07:07,2018-08-02 05:30:52,2018-08-03 12:16:00,2018-08-07 11:39:49,2018-08-16,509a557893636d495bc15842a8479d7b,2018-07-31
fc3d163a85c692895711a3f290987152,310229760d02b87361c640db501c5925,delivered,2017-08-19 11:49:39,2017-08-19 12:05:15,2017-08-21 21:46:07,2017-08-26 13:52:15,2017-09-13,2eb0d76fd256d2e427b708c7856c0029,2017-08-19
f0b9e1638e97510ddeb95067f28a3f1e,88f79686a67c15634da18eaebf4e1b9b,delivered,2017-06-06 15:25:18,2017-06-06 15:35:18,2017-06-07 15:28:00,2017-06-19 12:42:22,2017-06-29,dcba78adc5e0a248cf06acca9e4dabce,2017-06-06
49db26941af1a612f2c08b71ea7d5c04,ff44ecf04f5df8c1e8976779abef2f92,delivered,2018-05-02 23:09:51,2018-05-03 00:13:05,2018-05-04 12:50:00,2018-05-12 10:38:24,2018-05-23,912c1327b5d6bdb9ec0276784a9fd3b8,2018-05-02
753e0ba8400bf53314098772093ca9bb,423a6547d7793a95cd18c4882b72f464,delivered,2018-03-19 10:47:07,2018-03-19 11:31:50,2018-03-20 15:05:07,2018-03-21 16:12:29,2018-04-13,fd03cb02bafef5b11f61adcd3184fc76,2018-03-19
09286ea342ad6877942f93c17e1caf4c,cccc11e51686391aabfac06aa505884a,delivered,2018-02-09 14:54:09,2018-02-09 15:09:47,2018-02-15 00:57:52,2018-03-09 12:43:26,2018-03-07,7e547621c3bee24442820be4b5a9ac4d,2018-02-09
d140e3b2c8717b000f1ea33c496480e8,3cbddb468c2c94411d34e16e19446cf8,delivered,2018-01-24 10:30:20,2018-01-24 10:57:11,2018-01-24 20:36:46,2018-02-27 20:52:31,2018-02-16,f04266cecb4cbe61fe2f5b74cef61fca,2018-01-24
b9c36b2e480f35608baa49f90c9467f3,9e73731040bc438293c93f43d07e71b0,delivered,2017-12-22 09:56:43,2017-12-22 10:10:57,2017-12-22 20:04:56,2018-01-06 16:38:59,2018-01-23,f31744151d55d93974729a46923bd1e1,2017-12-22
0a2da53685ead0fd45e8609cabf19f5b,479c1265c816d9edfd2ff572a78d2004,delivered,2018-06-12 17:35:24,2018-06-12 18:08:57,2018-06-14 14:30:00,2018-06-21 18:42:17,2018-07-05,5c66226ef5251d47590a265a7e97fa1b,2018-06-12
9f6ae9af23299996f0a1bdd6a35f08a1,39e8c8fb7bc8e9593e8dae4112fc1d3d,delivered,2017-06-16 16:51:08,2017-06-16 17:02:56,2017-06-19 20:55:44,2017-07-20 18:47:32,2017-07-20,633e5e4523f31ae50710649f418ac555,2017-06-16
5e5d1342989d05440629e2162fa52d07,54efba24ef631ff2c2088f8320499ea5,delivered,2018-04-03 22:29:26,2018-04-03 22:49:34,2018-04-04 18:33:14,2018-04-13 20:24:51,2018-04-24,3ad8facb6eae216562fa5b74a17a6e9e,2018-04-03
fb3c1f08a4346c10895de685d7debb5d,cdd1b87eb389c9080a3095c78129c04b,delivered,2017-04-10 13:58:59,2017-04-10 14:10:13,2017-04-10 14:59:43,2017-04-20 17:11:20,2017-05-15,98ffe43d4c4bdd99338e11b877032ffb,2017-04-10
336e61d8549194b7cb044eb279d12d3d,b6dc319d1713cd14e14d37d6625179a7,delivered,2017-04-12 21:33:04,2017-04-12 21:45:11,2017-04-18 11:40:06,2017-05-02 08:53:00,2017-05-08,c97bade1ad470e9e72345f2ee1cecb0b,2017-04-12
2f5474b96da64f62dd8d495a3ab13861,ab3978c7aac1e20e122f821cabd0e157,delivered,2017-06-29 17:55:41,2017-06-29 18:05:18,2017-07-03 15:57:43,2017-07-10 18:28:00,2017-07-21,4aa7045cd0f8c55a8155fb1bd96e4f8e,2017-06-29
3b106e10a8c576552a457e61f1e8c90c,394e25e597831b2eecbaccbf553efc0b,delivered,2017-11-24 15:11:21,2017-11-24 17:25:48,2017-11-27 19:54:29,2017-12-08 16:22:58,2017-12-19,26689da93e3112041f2a9109abba4d9c,2017-11-24
3c05b502206cc0e80f5a844de86bc870,736861eb4dee0ff968395dd43174e57b,delivered,2017-11-06 20:04:03,2017-11-07 04:31:31,2017-11-09 20:06:42,2017-11-10 23:26:34,2017-11-17,02fff5ce59fcb575447d2ce02f721ca0,2017-11-06
f7535fb641a71ca3e0a6f2657dbfc51d,cd74bff5b8cf35e0caaa4b73077831e7,delivered,2017-07-06 18:35:34,2017-07-06 18:50:24,2017-07-07 19:39:35,2017-07-09 15:03:35,2017-07-19,e6eb5f0fc22340b606008acc44ff47aa,2017-07-06
865e82f5110c9e32b37dc8909994c6da,6d3c3278aac44c028da7a4cade667b41,delivered,2018-02-11 12:01:01,2018-02-14 17:08:16,2018-02-16 21:13:02,2018-02-26 10:29:01,2018-03-07,9487c73a2034fc97f897f961371f8a27,2018-02-11
d98a4e525a6240595557fbf149ff82da,05f34a3ba5449df9b9ab6bb247c7fe45,delivered,2018-02-17 11:16:53,2018-02-17 11:26:56,2018-02-19 23:49:15,2018-02-22 18:38:14,2018-03-06,5b26618da34612cc4947bbf6ef4fb67c,2018-02-17
35c3a3bbf1845fc95254bf7f2eba916f,7d39c5d887661f6e1699374db64104c1,delivered,2017-02-16 14:22:25,2017-02-16 14:35:16,2017-02-17 11:18:26,2017-02-24 10:43:36,2017-03-17,733ded559c53387c72f8c64bb36ad447,2017-02-16
cc8454f08599794be25a95f691617e11,76039dcbd685693ff99e90d7c572775c,delivered,2018-06-25 22:04:06,2018-06-26 20:10:19,2018-06-29 12:27:00,2018-07-05 21:32:29,2018-07-17,6335819f80007651a5c875cda8f173d9,2018-06-25
ac3a8f865ec67b649d66ed5149a41593,a39ead24e02b8839d883933860db7c8d,delivered,2017-11-24 16:20:38,2017-11-24 20:52:12,2017-11-30 21:51:25,2018-01-19 20:39:35,2017-12-19,020504cfbef989c034f403ab0076c408,2017-11-24
c7bcf14cf0fa48837a78fe5cc16b6934,7ac830df7375159599fce33ddfdca903,delivered,2018-07-11 18:11:37,2018-07-11 18:26:24,2018-07-23 11:36:00,2018-07-31 20:49:40,2018-08-08,beb2e98598e7d1e72147318d01e37ec0,2018-07-11
ff60bb891018547f7e6b79f9286ff166,8a0d5329673a20d2e7684c5e4e5137bc,delivered,2017-09-21 19:44:18,2017-09-21 19:55:18,2017-09-22 19:16:01,2017-09-26 20:27:53,2017-10-13,3c5b5615aaf2709f2cfe94e84cfc655e,2017-09-21
0f1c3e42f560452d091c6906f9accb48,21691bb6e6986524cbbaa74ce9086c98,delivered,2018-03-29 18:48:31,2018-03-29 19:08:11,2018-04-03 01:32:56,2018-04-13 15:33:32,2018-04-23,44fffb630b6f1fe30a24335fa467d905,2018-03-29
df906ca18e91f3bf9c6f0c2a41d54a94,c8573b163fe4f9b3dff6464c927dcac8,delivered,2018-04-08 13:07:27,2018-04-08 13:30:17,2018-04-11 17:52:41,2018-04-18 23:36:56,2018-04-25,bd7313ebab015a89363f426ff2c70445,2018-04-08
f669398378944e9e9cfc10894031666f,e89ae15e1c5c8c94d40732a7f0b9d413,shipped,2018-07-27 10:09:43,2018-07-27 10:44:14,2018-07-27 12:53:00,,2018-08-09,da5cac5396f9b06f0920128f7b847d61,2018-07-27
978314826289d9ec86d6d6a627eaf810,3343e9bbe2d5affb95e27a0aa9d22405,delivered,2018-05-05 10:58:56,2018-05-05 11:15:10,2018-05-05 09:38:00,2018-05-10 16:14:39,2018-05-25,d151bcb46edcccdfca11609bb5c593ac,2018-05-05
4edb2debfd66979e4c68897c768c36b8,d2c78743698d2e9cd2fad65c21ffb46e,delivered,2018-04-03 21:14:21,2018-04-03 21:30:22,2018-04-04 20:42:18,2018-04-25 12:18:45,2018-05-17,64d233b65179d3ddf11efaf73a612e8d,2018-04-03
d2dc9089cd9e68c5a5d69d6884550ac9,1ad80e57d0ca61401ddd3150b16a5beb,delivered,2018-06-27 11:45:21,2018-06-28 04:35:17,2018-06-28 14:19:00,2018-07-02 16:30:48,2018-07-18,aecbc14a0645d6699cec639518fc8f33,2018-06-27
1e320b8dbbc014bc3b5c7b82156df80c,8f1722cb7903000460c088534d233aa8,delivered,2018-03-15 23:28:33,2018-03-15 23:48:06,2018-03-22 22:47:35,2018-04-03 15:41:57,2018-04-11,7d7d85efb05589dfdfd2744d6f6b4500,2018-03-15
e91e52fe7f0210d3561f7e74761835cd,7d668c37029209738c1671fbf9f91162,delivered,2017-11-19 14:44:05,2017-11-21 03:46:28,2017-11-21 19:30:00,2017-11-27 22:36:56,2017-12-12,292b32c8d9163a1a3ebdcea8efdb983b,2017-11-19
e3c4a1f61400e7db82ae759cacedc9a3,a493fc955393554ab17c53b402358b6d,delivered,2018-01-19 13:22:28,2018-01-19 13:35:58,2018-01-22 16:59:04,2018-02-14 13:29:26,2018-02-19,429063f5572126d039c0eaef782eaee5,2018-01-19
241d32c9a01951afcb78c68daeaae996,5fc3c7a3b0d6348ff8a5a96a3e27fddb,delivered,2018-01-31 16:24:50,2018-01-31 16:51:12,2018-02-05 20:54:49,2018-02-20 20:19:07,2018-03-09,d63781770530155244a211f6ad07bd34,2018-01-31
cc03c9ec9bb354486404b1df587bfc8f,9e561a472f021d298a702c2d09b408c2,delivered,2018-02-18 21:50:24,2018-02-18 22:55:24,2018-02-20 00:03:34,2018-02-26 10:33:13,2018-03-12,9e496be39289cedb58494ef74a1c8bb1,2018-02-18
0f2c54530ee6ee50a3adc31fb30e8769,35d43bdadfbc9f9dfdcbe37914bf4e1f,delivered,2017-09-07 22:18:52,2017-09-09 04:50:22,2017-09-12 15:49:50,2017-09-25 18:53:38,2017-09-27,468397c4a3e5ddc3afead604f8b9a0ce,2017-09-07
b29696b3c00ec6ac4adfa001a2c7cd3f,29a0ad4e09da9eb0e041692da531026a,delivered,2017-08-19 10:49:59,2017-08-20 10:55:23,2017-08-28 20:35:59,2017-09-11 20:31:57,2017-10-05,72a91ae0e3071d2b223ab8abb71639b0,2017-08-19
86fe069057d591923b2a30a47b2fa5ab,d5fdaaf155a2c018350705414c11fd06,delivered,2017-11-17 22:58:07,2017-11-17 23:26:10,2017-11-21 23:38:59,2017-11-23 17:11:47,2017-12-21,c77755db2f9d45350ac07582e028a66c,2017-11-17
b600d406784f1f3c7f6129e10cae215b,16ee66079a8fd76cccfd889f8edea0dc,delivered,2018-04-20 17:21:55,2018-04-24 19:23:20,2018-04-24 02:04:21,2018-04-26 18:18:29,2018-05-15,9271d8382e15324f1704571bb2dd3147,2018-04-20
b34e0fe701f0a4fd62a44b88b142ab67,72b4434c1b3bfa28203ef23a7b4aae78,delivered,2017-07-02 22:40:18,2017-07-04 03:55:16,2017-07-05 12:39:37,2017-07-12 19:06:59,2017-07-25,70a4250cbbffa9b3e3542eb6c84430d2,2017-07-02
ef3b2daac9052922ef4f38c5e552393f,ffba8d414efad51ed575616d51e326b5,delivered,2017-11-12 18:04:56,2017-11-12 18:15:30,2017-11-14 19:14:50,2017-11-22 21:26:53,2017-12-06,5b12d02a7c3076cf7930084f3a632e58,2017-11-12
6042c94912de1e8f7188b5af282baa62,3c8137644287f9b0bebc696e20502187,delivered,2017-06-05 12:08:11,2017-06-05 14:32:39,2017-06-07 11:41:35,2017-06-16 16:53:41,2017-06-28,d9984e72a4a6a6fd51fde3ef329e3105,2017-06-05
6fea02b03afef8797df7b9fd8efb3f5f,5813e747b256765a8bfff135afef7794,delivered,2018-07-30 09:31:34,2018-07-31 09:30:38,2018-08-17 14:09:00,2018-08-20 23:58:45,2018-08-17,191e508e616b091863829ce8d0c7eab6,2018-07-30
8531a53599c482d78f5eab067187c7fd,cae9d735afc2ad81f179d5c3c785e089,delivered,2018-02-11 10:09:17,2018-02-11 10:28:13,2018-02-16 00:38:59,2018-03-01 23:31:54,2018-03-08,b08c819639360dcaa6b051252a52b6ca,2018-02-11
32239ca49dd9685cc7d06e104233143e,b4e8fbb3187f1d377d6f6a22951e88af,delivered,2017-08-19 21:35:28,2017-08-19 21:55:21,2017-08-24 21:12:24,2017-09-08 15:38:04,2017-09-18,d0a4b174cd7ee51b5d7992e58c815622,2017-08-19
20f136d890c31a62486c809f91a5b098,e46db370a98dec564da620109436f09a,delivered,2017-06-21 16:54:28,2017-06-22 17:02:49,2017-06-26 13:35:55,2017-07-03 14:39:54,2017-07-13,127d41455fd0ee4fe94ecd34b6b206b9,2017-06-21
6dff5f464df4049f98419b19d120c5f2,07d64c600dc999b465dd059929063cc9,delivered,2017-03-29 17:55:09,2017-03-30 18:02:16,2017-03-31 20:00:09,2017-04-10 14:19:40,2017-04-20,d0b453cf64250349d52859b9b95d4a6c,2017-03-29
a6e72869e355a73024a941ae6ec91919,4f27319811022a7f174a931388c5eb04,delivered,2017-08-12 23:10:09,2017-08-12 23:25:46,2017-08-16 19:05:26,2017-08-21 16:28:37,2017-08-28,df88997c75f5551b71a8500c1b695cc3,2017-08-12
4097383021fb2044138f408170bcb379,98cedac4059f0d6b7427623e3b760ca7,delivered,2017-11-28 16:22:15,2017-11-28 16:35:32,2017-11-29 18:52:02,2017-12-07 15:33:16,2017-12-29,a6c81fc17364794fcac3e9eda345c93a,2017-11-28
3af4df025cdc05a4aa2c7402f1b32d56,14b233ed669889e8ac2c54d60ab8357b,delivered,2017-11-18 09:31:27,2017-11-21 03:47:21,2017-11-21 14:34:55,2017-11-28 00:24:32,2017-12-14,9a0b0c7ab2058e67a78269264048430a,2017-11-18
f93a732712407c02dce5dd5088d0f47b,ef9e24d18ac44872aa39e9bb721f9880,delivered,2018-02-15 13:09:29,2018-02-15 13:27:19,2018-02-19 23:08:07,2018-03-06 21:39:06,2018-03-07,ba16ab3721ffd6b57fc87a7a4f6a4fcf,2018-02-15
57dc6b3da91b628f302119769d64de8f,3539e2f45889a162500bf7a4afd6f26a,delivered,2018-08-17 14:26:53,2018-08-18 03:09:36,2018-08-20 15:54:00,2018-08-24 17:32:58,2018-09-04,1a9e41c4c1014e20002912d6ad1e00d3,2018-08-17
e1e32786504bf329dc6a2c4d80579a31,a00118294a1ec66f7811dae1e840b97c,delivered,2018-04-13 10:25:30,2018-04-13 13:30:23,2018-04-13 23:30:57,2018-04-24 18:31:48,2018-05-04,983be21f7c1f45f84e01f99e6849d3fb,2018-04-13
f8fd2ac9626cada5584890581ca7e55b,d68f4c538ab9176ed85a35b4378d0423,delivered,2018-08-06 15:15:03,2018-08-06 15:30:11,2018-08-15 13:50:00,2018-08-17 02:06:32,2018-08-10,9c02e1680059de9636308cde3f7fef27,2018-08-06
707fec00567dfaa251bc610a0c0cd056,443f468da5abf42fc6a182ae8dd86dab,delivered,2018-08-14 22:07:12,2018-08-16 04:35:08,2018-08-17 12:04:00,2018-08-20 11:51:35,2018-08-22,c2e735ce7b160a6cc0673e8476a02ff2,2018-08-14
2418c8d93a1fbcb830a7e000d82227eb,fa0b335825d6b4f4c26d397ab566a12a,delivered,2017-06-02 11:02:12,2017-06-02 11:15:40,2017-06-06 13:32:54,2017-06-13 17:56:13,2017-06-26,c433e02e5e4f53b968f9b704b443f69e,2017-06-02
46cf76e5f4fbb3641f315f903285ce9f,2f2b54617adfcebcaba988cf6a78ef7a,delivered,2018-06-20 21:22:15,2018-06-20 21:38:38,2018-06-21 12:47:00,2018-06-25 19:48:31,2018-07-16,31a27168afac5428a9dbaaa041af2082,2018-06-20
c9ab589a26297aa7199d3c89b1353254,a8ec6f530ddf7c8887b3dcfb12464025,delivered,2018-01-22 18:00:00,2018-01-22 18:16:39,2018-01-24 21:06:42,2018-02-02 00:07:18,2018-02-15,2bb44d72f3d33d493aad50597aab9fca,2018-01-22
ea8dfcfa112dd9df068022a643e58a22,f783bb6d6728b05cb674fc6709a56302,delivered,2017-02-07 19:06:47,2017-02-09 02:50:10,2017-02-09 15:48:45,2017-02-17 16:52:43,2017-03-20,a7bbfaf8a288c45dc38d4693535dd63f,2017-02-07
f1e00063e81b3f4c37e7beb4280d0f91,c8c18d7ce48935603e4e50fce8596c68,delivered,2018-04-17 09:18:42,2018-04-18 03:30:12,2018-04-20 02:42:04,2018-04-26 01:48:50,2018-05-10,139805373b2786c6901141ad033266a4,2018-04-17
53f9ab9e7f5baee308632794b9f723eb,149ab31098f43c6fd53cf56e24169192,delivered,2017-12-26 13:44:14,2017-12-26 13:52:18,2017-12-28 17:53:35,2018-01-04 18:10:22,2018-01-23,7cafbc14c3bdb1c8ec3834196f2137f3,2017-12-26
0b1e1706859ca49fb88d353540f6eaa2,4eb714feafc09a68b40b7fbcf5f25eb6,delivered,2017-11-20 20:22:08,2017-11-20 20:32:22,2017-11-21 20:29:29,2017-11-24 20:02:32,2017-12-01,15b765bfa1ba3a205874d1011063535e,2017-11-20
211160e7b0db5dfa4ac81e253f412b4a,fddfe763c73cfaf50c5010bd8df115c6,delivered,2018-05-02 20:18:14,2018-05-02 20:53:34,2018-05-03 13:38:00,2018-05-08 21:58:46,2018-05-18,ef568a5c148eac9a8e7f9eb7329f29d5,2018-05-02
c2ecd821e4f51acb1f2ff30fd6dea0fa,aa3f9206096ddfc4a5c41cdddb76f77b,delivered,2018-03-18 15:25:19,2018-03-20 03:28:50,2018-03-23 13:51:50,2018-03-24 14:09:53,2018-04-05,b22cae625b7fd16cb107b13c4a4e9ca0,2018-03-18
29ce31378acbd5bc48a0518e3770eb8c,5894393ffe7a7ef175d8da5852e807a4,delivered,2017-04-10 11:42:14,2017-04-10 11:55:15,2017-04-11 08:36:07,2017-05-19 13:44:11,2017-05-16,b507e4aca8c030b247cebc90574ea6b2,2017-04-10
b87a46bd85618ed6ad037478592c7e6a,50405a1593614b260941d47d61e5b163,delivered,2017-09-27 07:10:37,2017-09-27 07:24:47,2017-09-28 15:24:06,2017-10-09 19:38:45,2017-10-31,a67e421607e1ad4872bc92d18af62ab8,2017-09-27
8f359a870a6206af39d54ab82c99619d,b430789bfe8fd6a8ce1be69cd5cc35de,delivered,2017-01-25 06:31:50,2017-01-25 06:41:58,2017-01-25 10:47:17,2017-02-03 13:58:58,2017-03-02,0c25f212bf983792b82adf65645918f4,2017-01-25
d1bbc3ea80f956f0a139a12f1ef2ca28,336efbe454423ed05946e5bdfd1810f7,delivered,2018-02-03 18:58:52,2018-02-03 22:49:33,2018-02-06 17:42:12,2018-02-15 19:49:00,2018-03-12,3c24feb1177149a73ee87c838ad1a04a,2018-02-03
1e1bb536916a9964978ee59e6d6d0cca,ab1164a1a23cff7f1638eaa9585ca518,delivered,2017-08-30 11:57:09,2017-08-30 12:10:11,2017-08-30 18:05:32,2017-09-01 21:26:01,2017-09-25,dd49b43b7c5dc2dba635edf62e8feca8,2017-08-30
32e5c1d5c29ff85ee47ad979c88317fb,a7956c0a818527ac9d4e819a7535016b,delivered,2017-12-07 08:19:45,2017-12-07 08:32:01,2017-12-11 23:27:50,2017-12-18 20:43:35,2018-01-02,8f37e2b18fd2693e2def05f04362d161,2017-12-07
e58d507c1730fdc2137d1fd497049a68,0aceb04f65bcdbef8dbda04e2a8f9e30,delivered,2017-12-11 21:14:53,2017-12-13 02:50:50,2017-12-15 16:24:58,2017-12-20 15:58:33,2018-01-08,68ea2bc1718c8b2937503497480a484d,2017-12-11
5bdb3afa1eb436b9c3de3957a486980f,29adcd5a8d393ec79254d3519e6193aa,delivered,2018-06-21 08:29:29,2018-06-21 08:58:33,2018-06-21 09:55:00,2018-06-26 20:24:34,2018-07-17,98f118214ff3eed20db45a03da54352e,2018-06-21
501ce8d70f48706ea5befe3ff2717cb4,dff7f763ccf79b76b4311f016ccb9e8a,delivered,2018-04-19 21:34:35,2018-04-20 07:10:54,2018-04-23 18:12:45,2018-04-27 20:08:23,2018-05-14,9f8764a30273ecb4c271ef11f961a7c4,2018-04-19
88e8f243cb82b7e343068eb8073f388e,c02b253e596068eea0b23786b936cb51,delivered,2018-08-17 15:49:33,2018-08-20 14:30:33,2018-08-21 14:39:00,2018-08-28 16:52:58,2018-09-21,aef40bdd0a556d01574ae336a05d66ae,2018-08-17
3006835c4c3c11d4869c6bd3d346dca0,338d9e624e86a2efd3bab2a95840a9b4,delivered,2018-08-06 19:05:50,2018-08-07 18:55:54,2018-08-13 09:24:00,2018-08-16 21:06:42,2018-09-03,a61a0484f0c42f81f6299b8d89123823,2018-08-06
7a28c31014b18e07f3d37e80e06ad6d3,ac4bd8f7f81ae77d316099085b23ca5a,delivered,2018-01-04 12:15:09,2018-01-04 12:28:55,2018-01-04 21:26:51,2018-01-23 11:26:43,2018-02-14,9cb05c6af857fc40063af396d786dcd1,2018-01-04
bad9b45a942f0bf7444af6915482c76f,546bcaf0a384ebe653dd7c27555dd7e0,delivered,2017-12-12 11:00:54,2017-12-13 02:50:07,2017-12-18 20:43:30,2017-12-20 17:08:10,2017-12-29,14908bbd29ed9154c87d8c754678c0e4,2017-12-12
8e5eafb4c60eec3b291d9703cca5157f,f853d236663f7a503a8779a4a04da26b,delivered,2017-11-28 13:33:44,2017-11-29 02:19:11,2017-11-29 18:58:57,2017-12-11 15:03:09,2017-12-18,3c25f47ab68536a1d3d6b29b9c8b7e63,2017-11-28
f369bf4e7c4a7d5fe6d4efb3d7ea24da,9f3f0412d3617f00d9839f8e5a09b351,delivered,2017-05-09 02:52:05,2017-05-09 03:02:36,2017-05-09 09:43:39,2017-05-10 13:00:16,2017-06-05,11936bd0c258a86c5c276a0e90a62c9a,2017-05-09
1ceb22464e4c11a0441f0e153435696e,576780ffb54b45ed38f27fb4349de91c,delivered,2018-04-16 13:41:47,2018-04-17 05:51:03,2018-04-17 20:41:47,2018-04-23 10:52:53,2018-05-11,775562f9ac3ff98e81ecb9d35ba922d0,2018-04-16
d9d2ea110b9794283aa5100ac9ec718e,3c27fa120474684a56b31d04e55b7bcb,delivered,2017-12-13 19:14:55,2017-12-13 19:30:29,2017-12-14 20:22:04,2017-12-28 21:43:07,2018-01-16,bcdd861afc9de5f6ed2cd79055522336,2017-12-13
aec4f3ce724b67ce527d67f7eb60a310,840b51ea15f639191473c482b40b76f2,delivered,2018-03-29 22:55:31,2018-03-29 23:07:37,2018-04-03 17:40:35,2018-04-15 18:12:14,2018-04-19,89b1293abf0b7c0e272ba3bb7298ecb5,2018-03-29
0487e06921e4ff31dd6c111294e130fa,b6973e4b6d029ac162e8f7090937eeee,delivered,2018-04-27 19:56:35,2018-05-01 05:55:17,2018-05-03 13:24:00,2018-05-04 17:08:36,2018-05-15,5b069d17022399d8ce8a0eb96d7abbd5,2018-04-27
c1ba2eff47cfb7e4dc93b12ee08f21ed,2e4e58ca7677b81a6f4a6c338dd6fc76,delivered,2018-07-13 20:06:56,2018-07-13 20:23:56,2018-07-18 12:36:00,2018-07-26 15:52:37,2018-08-07,02e6e8a863c23916af8b3b11b86c5dce,2018-07-13
1b82cfd1e6a6d682ee254b2ff4cf387f,afb805d873cb119ec114720c630dc6d0,delivered,2018-03-11 22:52:36,2018-03-11 23:06:05,2018-03-19 19:11:47,2018-04-02 14:59:50,2018-03-29,fd8ccc89be43894d2553494c71a61fd8,2018-03-11
d858d63e625f2b1e5273f8e9312802a4,1d765a5fdf1ac0e849b0d72df63540c1,delivered,2018-03-08 09:26:20,2018-03-08 10:28:29,2018-03-09 00:10:47,2018-03-27 17:36:55,2018-03-26,b3522f97987b835cbcdd223d13dcdbfc,2018-03-08
fe61e92ff4a1b045c69b89b72e42643c,75436e195e2764c4d0d6e18b26b9be96,delivered,2017-03-07 16:03:28,2017-03-07 16:15:15,2017-03-10 08:07:57,2017-03-18 06:37:35,2017-04-06,fa265d7e95f1e0cc4bdbdeb65f801e97,2017-03-07
ab09afe5fa58419dc20bca18a0a68fc4,973fa080350628683fe8a8147335904f,delivered,2017-10-18 17:23:39,2017-10-18 17:37:11,2017-10-23 15:33:04,2017-10-27 22:44:57,2017-11-09,46a37ce78e0a0cc62c0b412e37188437,2017-10-18
1907dde11e846428f4c7fcb38a27a4ce,4706d0d4ae7d36f5b1c2ad217870e7a5,delivered,2018-04-15 11:09:41,2018-04-15 12:00:53,2018-04-17 02:22:24,2018-04-20 19:56:45,2018-05-02,86f0724dbe81abc9efa0953f58c8a36c,2018-04-15
56f5835a474cdf734462ea3149a1fa90,9b9024a27b845a8b50ef8d1b7ba89ee8,delivered,2017-08-01 07:48:50,2017-08-02 11:22:35,2017-08-02 18:19:24,2017-08-04 13:42:09,2017-08-15,97bc08e526795b17e1d4f642f77ae304,2017-08-01
8a780d9d26195c946d0252354ae3068a,db9ed14b2cbcee25b886f75e09f20940,delivered,2017-09-12 13:07:26,2017-09-12 13:15:20,2017-09-18 13:02:26,2017-09-25 22:56:00,2017-10-06,08c2616685d7a4f877807d97fbd3ebe0,2017-09-12
12bbbb7513f1fe839bf451ba8d06c859,05f49d64b685d744c5e3207a7640a714,delivered,2018-03-11 21:01:30,2018-03-11 21:15:26,2018-03-13 02:51:25,2018-03-24 16:12:10,2018-04-05,d9a1aaab532b2af5b09fc0a8d9e4accf,2018-03-11
894ad6777d752962423e37b3d4e8a83a,18aef611c590091fc3f183f0d527a11a,delivered,2017-10-04 13:32:45,2017-10-04 13:49:33,2017-10-05 15:58:14,2017-10-23 20:45:01,2017-11-17,96fe5a7d17620b1c33b9bdc9acb863fe,2017-10-04
0777a9060e11a166516210320a84d38c,b89ea39218763f0521b7bbae37e90aa8,delivered,2018-02-14 22:23:42,2018-02-16 14:30:43,2018-02-16 23:38:44,2018-02-21 01:06:00,2018-03-01,ac13cd53c2c32e33121ab34dafb30b03,2018-02-14
a7e3060436ba43bda8a76ac20cb33c5b,982449bc71d36806342e0da485d6820a,delivered,2017-07-09 21:20:07,2017-07-09 21:30:14,2017-07-11 12:17:58,2017-07-26 19:29:27,2017-08-03,214429b74b04473fdf4f6340af5d9acd,2017-07-09
cbb7694680a105281d391bf7002c0477,9cfee1a78f5e0820ca53ea2eb4180794,delivered,2018-05-03 00:03:53,2018-05-04 03:35:22,2018-05-04 13:56:00,2018-05-09 23:54:41,2018-05-24,aeb6e243a46bb92926715a3de3a41f4c,2018-05-03
dff7572124c4660b0fc6c5ef2a4b3e96,c980ecd62a89efc87c4d50b332dde114,delivered,2017-11-21 18:14:36,2017-11-23 02:35:26,2017-11-23 22:13:42,2017-11-27 19:54:38,2017-12-01,c462c8889621f4e923c90e785a143a69,2017-11-21
5182f75b9ed284e0a569ea4f61e9bfc5,b23ab0e59ed0b8ef4cdb901dcbf5fdd1,delivered,2018-02-20 15:40:22,2018-02-20 15:55:27,2018-02-22 00:22:20,2018-03-16 18:58:43,2018-03-14,baafd8de89a5494d996110c24698bb48,2018-02-20
f8329ba7a0842d0bbed2f8a882fe442e,b510469f47970f798db71766ace5a0d9,delivered,2017-11-26 22:38:33,2017-11-26 22:53:16,2017-12-01 00:34:56,2017-12-13 18:56:54,2017-12-15,367bcfba5e12cece52f787ab444eba28,2017-11-26
1de68bbabb4e7529e046e0eb6f6907b3,6a4baba1fb951a029714dc344c13543d,delivered,2017-10-22 22:53:45,2017-10-22 23:07:17,2017-10-23 20:29:54,2017-10-25 14:33:21,2017-11-09,08bc34b522b8edce5a6aeba55a518a4b,2017-10-22
c03748652e7cdfeb73bf4aa3b41da0dc,ca1c2984224e3f04029a134d9a5d95c4,delivered,2018-07-11 18:16:29,2018-07-11 18:30:12,2018-07-12 13:05:00,2018-07-13 16:34:50,2018-08-02,0e34a60534391f19af7e10f1c8ac28d4,2018-07-11
5c3bb82274055ac07677d2c80c6b3a7a,eed5e42231dd2c89acb4869f70b64abe,delivered,2017-02-06 17:13:06,2017-02-06 17:25:15,2017-02-15 15:34:22,2017-02-17 12:12:22,2017-03-03,7bfe141e2cb1ae24e63c43883b84738c,2017-02-06
10c8dc196ef9940faeef9fb9e6790abd,4ef3af4d34d588d21fa7570c6a08feea,delivered,2017-04-15 15:52:08,2017-04-15 16:05:19,2017-04-18 15:44:23,2017-04-26 10:38:32,2017-05-11,c0e7d5404f7077a130873f2246251a4b,2017-04-15
9006464e8413a8fed96d20843c6c5ea2,fd168731e205785ef438595d70a43618,delivered,2018-01-08 15:00:56,2018-01-08 15:11:28,2018-01-09 20:16:06,2018-01-15 17:02:24,2018-02-06,c9c22f5f1889f3e4152fc5ba7dc654e8,2018-01-08
a917e3eec0c937fc142b4bdb2f93aa16,54133b6c993073e3dbabb7b4c91aba7d,delivered,2017-10-31 12:37:11,2017-10-31 12:47:20,2017-11-01 17:24:59,2017-11-03 19:27:33,2017-11-08,520818de79209b5919c03986f6bea909,2017-10-31
44c0b18b3b12639acfc54faa7a3f1585,a4c27c991dcb5232a8e814cc83ca8a57,delivered,2018-03-16 14:53:39,2018-03-16 15:09:31,2018-03-19 19:35:22,2018-03-27 23:04:36,2018-04-04,53b6aa6f4c77ab14adb8f7dda37dac4d,2018-03-16
5444e454a2f7460db710141b6ee93990,c69199acb539193102bc2bdf55622402,delivered,2017-03-02 21:48:23,2017-03-02 22:02:29,2017-03-03 09:24:27,2017-03-08 15:14:18,2017-03-23,e3fd75d1bd4dd29ac63c05b3a8e9906c,2017-03-02
c0985d645958d6bf06fda4f4287bfe90,94681622e0ad228d6c238a15aa9441fa,delivered,2018-02-17 10:35:46,2018-02-17 10:49:50,2018-02-19 15:48:52,2018-02-28 21:04:18,2018-03-12,08adaa3c6c8a2fe2390c8ed6f2686dca,2018-02-17
bbd075138de407e9200e1ea630a57227,b10be001b45d8f0e899e6a3703fca997,delivered,2018-08-20 12:06:32,2018-08-20 15:36:16,2018-08-21 12:55:00,2018-08-23 22:23:45,2018-08-24,dec102ff4685e8a008228402da0f6c08,2018-08-20
a04b614ebff4852b2d63c655c1588654,dfd328ee003850fa4d887ddba13d0ea4,delivered,2018-02-08 10:45:46,2018-02-08 11:10:51,2018-02-09 23:19:02,2018-02-27 00:42:34,2018-03-22,81d2a0cd099bfa862bc246b1e56a2c9a,2018-02-08
a4b2b181af8352ac206d289b2c856cd6,8c11dda15b999a9f9ac9dd43d91e26e5,delivered,2017-04-06 21:49:12,2017-04-06 22:05:13,2017-04-07 13:48:51,2017-05-11 15:34:50,2017-05-12,59756c62ec090e8323aa2a526916a246,2017-04-06
f644bc7cdc4cf0854f50017d5ccfff50,99e92a4ae3b87639d2b55ee0319dee00,delivered,2018-08-09 10:54:00,2018-08-09 15:25:22,2018-08-10 15:05:00,2018-08-13 16:41:48,2018-08-15,964eb1b98713e4527eb11bce9a0ac1fe,2018-08-09
41a36974d44d460751104164c80e5ac6,3a1b126079501851f2fabfa5ea63d48b,delivered,2017-12-15 23:03:37,2017-12-19 09:51:43,2017-12-28 21:27:18,2018-01-09 20:08:04,2018-01-19,bb1b73c886fc57d27a3a93e3923515c5,2017-12-15
419db5644c25cb5226f64b9b0e4897c8,a8142a0c1a2c2410bfee58b01adcd3d2,delivered,2018-07-10 16:55:08,2018-07-10 17:30:10,2018-07-11 14:05:00,2018-07-23 22:57:31,2018-07-25,450e3c8cca61e2c1248e777ed8aaec93,2018-07-10
318145ea99714f48433e3332005b92d3,0d15ea6b8e1e301c1d2a67efd409514e,delivered,2018-03-30 11:00:34,2018-04-03 05:49:06,2018-04-04 00:18:22,2018-04-12 01:11:51,2018-04-20,6bde6e04011ed3221e78fa3337891224,2018-03-30
7f4ff75bb83f26aec27c8ccc039a449b,497119371122f6e5ac13322328323e7a,delivered,2018-05-04 08:43:58,2018-05-04 08:55:24,2018-05-04 14:13:00,2018-05-11 18:38:47,2018-05-25,2489ae1dafdedf8c05b3279146dab4a0,2018-05-04
de69cf4dccde4da4632bc662829f19b0,d6866e05b212ceb988befb58497f7b8c,shipped,2017-09-18 16:23:52,2017-09-18 16:45:17,2017-09-19 15:45:56,,2017-09-28,fde0e4b515e890f759bd85c3e4ee2116,2017-09-18
4d3889f52fc68c6517bc1c164c35ae49,5f094bc01990b97538d746f0cee0e7b7,delivered,2018-06-17 23:12:28,2018-06-19 03:36:31,2018-06-20 12:54:00,2018-06-21 17:22:28,2018-07-11,c81ecdcafcc7319de10767cfe8478c86,2018-06-17
bce6cf2e08df303c7ad2f89e5a62083e,07607659be36fe8f61630b1e89afb53e,delivered,2018-06-20 22:11:30,2018-06-20 22:59:24,2018-06-21 13:07:00,2018-06-23 14:41:53,2018-07-17,556ffcdd6185be1c44ea83be3b1b5f86,2018-06-20
d4c47f44b9e6605aade474a5df5cc56c,ce41e157e6d72b41da18b5c1b046af54,delivered,2018-07-19 17:31:45,2018-07-19 17:45:14,2018-07-20 11:35:00,2018-07-23 16:02:34,2018-07-27,a61c13b4c228702dfae03c78a8f5dd1d,2018-07-19
3a48968afb1c79c3f512c758c202537c,fbb7a261c859a8885a9e4c6fb1810766,delivered,2018-07-31 19:13:20,2018-07-31 20:04:06,2018-08-01 14:33:00,2018-08-06 18:11:56,2018-08-08,3c2ee70d168dd3b2f4139e95dc5e5005,2018-07-31
b484611f9ad9c46b51c31beb40598bfe,37aa60852e8837ab99f731864f9693ee,delivered,2017-07-03 21:58:48,2017-07-03 22:10:06,2017-07-04 13:57:50,2017-07-11 17:03:16,2017-07-25,03d7bb9d95f70cf9dcef7142f89d8ec5,2017-07-03
da98211dfdb21faaf9b5d67f11b7f50d,e8924abb7442d0dacf0852f2c20bb7b2,delivered,2018-06-03 00:36:14,2018-06-03 00:51:25,2018-06-04 12:59:00,2018-06-05 20:04:08,2018-06-28,c8dd9f997f6c6d0765c75a0cc0b72a7d,2018-06-03
7ad292313f72d59700c72169ba543021,0018f7fde63ca77254dbc47f4ea358b2,delivered,2017-09-26 14:01:47,2017-09-26 14:14:19,2017-09-26 20:03:18,2017-10-03 21:58:55,2017-10-23,392c8818b71b14227a7c701e7d54a3a1,2017-09-26
c09dc7da8af0513857f422dcf06a46ae,ebc1ecd2befa0f6f97917b209c14e78d,delivered,2018-05-06 10:44:37,2018-05-08 04:33:34,2018-05-16 12:09:00,2018-06-04 19:55:58,2018-06-06,9affcba8e231edba53426f43d1de562b,2018-05-06
236293984935d06140c6776d2e3570b4,bfdc5ea24dc2232fa4f68dd6658f4f2e,delivered,2017-07-24 14:55:38,2017-07-24 15:05:23,2017-07-26 17:49:54,2017-08-01 19:12:41,2017-08-15,9521072dbd0031039c673eb99b23e0bd,2017-07-24
c770d61148e343c43dd1f5375821b105,d8752e8ce0add63308e825c73660e717,delivered,2018-02-11 16:35:52,2018-02-11 16:48:01,2018-02-14 20:21:37,2018-02-21 15:23:43,2018-03-08,469f25e16ffc539fd8bb34bb7b99920a,2018-02-11
ec11881853e796528bad66eedd44c7b3,d927892e658a6af918b1843a55dc8ccb,delivered,2017-05-23 15:57:16,2017-05-24 02:50:24,2017-05-25 10:59:59,2017-05-29 14:02:35,2017-06-05,507c526dc04e88f65b3348123ad2b6eb,2017-05-23
a186909d03f021f25c25484fbd31a42d,5f9118e0b6df7785e1e6c8ab151c5548,delivered,2018-03-19 23:28:31,2018-03-19 23:47:48,2018-03-20 21:41:32,2018-04-09 17:27:51,2018-04-12,9f27b869cc9ac01ea80fb08b855a41bf,2018-03-19
610b5a11b3a0ccf7d86f6ca1ca59ba4f,96a3b4954fb2578bdc8544628f3e3e9a,delivered,2017-09-04 23:41:33,2017-09-04 23:50:18,2017-09-08 15:28:05,2017-09-12 15:59:41,2017-09-28,9ba8e489ac0a013927b63181523c519e,2017-09-04
4df35a194d033f2d0b9b6a66bdb26434,bdf159e598f47ed31091ceace4e20b63,delivered,2018-04-27 01:57:04,2018-04-27 02:41:09,2018-04-27 12:50:00,2018-05-04 15:51:23,2018-05-22,e976516ba68e51587f151e2c76498606,2018-04-27
2ff3e8ab6f85a5b98e1020c071ca5f12,d581aea89fa99de22ba348bae55acc6b,delivered,2018-02-28 07:34:42,2018-02-28 07:48:09,2018-03-01 19:57:24,2018-04-07 14:57:44,2018-03-28,460bb5354d8673ecf7901010427b198c,2018-02-28
75b1a5c661cf89c511ec6ec5da5c4c8e,9583a7ad142cd82f0e997598d3091941,delivered,2018-04-12 18:35:02,2018-04-14 02:31:39,2018-04-16 18:34:29,2018-04-24 16:38:54,2018-05-08,48d4948609d162a7facd8d8c51443b0c,2018-04-12
f5e893bf1ab1969476ddb21ae35369df,ab6ff9f6e95c6c79f0c8dad5315c4128,delivered,2018-01-11 12:16:24,2018-01-11 12:29:00,2018-01-15 18:34:57,2018-01-19 20:03:59,2018-02-14,397b44d5bb99eabf54ea9c2b41ebb905,2018-01-11
88b90300d5ba09ea058e45b94c98b808,d13c70829c24bb06b81c0de37d9cf8b6,canceled,2017-03-28 13:53:04,2017-03-28 14:05:18,,,2017-04-19,c429aa916ecc09127c1600d98da144a0,2017-03-28
1a2f6c0996af3c2c4aa6eb3e3d536e0b,66112b1cd81cd04a54f4315599e8a66a,delivered,2018-05-23 12:46:35,2018-05-23 13:16:34,2018-05-24 15:58:00,2018-06-02 16:38:39,2018-06-11,882d0fd31adb8726ad70e59db5128f8b,2018-05-23
150dc175b7b194d73dcf47f08fba98c1,3abab18d333632bb552ef5bb5ab8cc25,delivered,2018-02-20 20:27:07,2018-02-20 20:35:34,2018-02-23 23:54:35,2018-03-12 17:05:07,2018-03-15,68a6ca228b55913fd02800f4e184024c,2018-02-20
dd3a38574dce5ca54d9475f70832f21c,9d823adffe28abfbb37aab03173f62c2,delivered,2018-03-29 10:21:48,2018-03-30 03:10:35,2018-04-03 12:19:13,2018-04-07 14:17:15,2018-04-18,1b691ff991aeb3802c0ac4545055af92,2018-03-29
02855eb3e469890c3b741adb0fd64f71,4df9c5a352d450a4788786688945e0a1,delivered,2017-05-12 23:14:28,2017-05-16 03:22:47,2017-05-17 10:36:46,2017-05-23 19:44:05,2017-06-01,7477d99318e991ae0d54b57c95d0a4a6,2017-05-12
8c3078b30ae073033c2ea0964a5ada96,1d9661a2b5132a10361202e6d79235a0,shipped,2017-11-05 16:26:43,2017-11-05 16:35:23,2017-11-06 22:28:47,,2017-11-29,4da5e4516dfe9be3e6c06902659e0c9c,2017-11-05
1cf95378918960ac4f215e2a436dc18c,b6ec7b751e2f245dd053e6e0805f4e63,delivered,2018-07-19 14:09:38,2018-07-19 14:23:00,2018-07-23 14:11:00,2018-07-26 18:58:41,2018-08-03,0d4f04fbbee54f135a877b15a5a34b00,2018-07-19
5e24cd2a73451af2660215702f8abc57,870ae28f999c5deb65108159a259e504,delivered,2017-02-02 14:42:37,2017-02-03 03:41:38,2017-02-03 12:01:01,2017-02-14 12:35:57,2017-03-01,8827aed3591094ec92138d2c0af196a3,2017-02-02
fdfe6a493395db719f0dbe0ff0c40400,f49428e00cd3aa74376828ef1d135cfa,delivered,2018-03-08 10:01:50,2018-03-10 03:50:31,2018-03-12 20:32:31,2018-03-22 15:28:02,2018-04-24,195cc291330f73e3d35032fd4e8b740f,2018-03-08
0da7c9db070f692a9851de83c90a4371,edcc48d724e3f75e883641309b600474,delivered,2017-07-21 11:05:42,2017-07-21 11:15:21,2017-07-21 20:48:56,2017-07-24 18:15:49,2017-08-03,479085be6190cd4a8e610b4fcce5f29c,2017-07-21
5e8632a278dbe421d1c5d75e542dfffb,7e9c14aa98b813d67d62fc449809340e,delivered,2017-07-24 15:38:58,2017-07-25 03:30:36,2017-07-25 14:48:24,2017-08-10 09:42:15,2017-08-25,125740359669fa63858476105a5d523d,2017-07-24
958e0d4145c40f4951c1bf4d2cf1166a,449ab05f99d6b258c918225bf682d6bd,delivered,2017-06-01 22:12:30,2017-06-01 22:25:10,2017-06-06 14:08:34,2017-06-08 13:34:02,2017-06-22,49a12f22e0b74c1dcdeed2ac3eb60a0c,2017-06-01
241eaf5ff29c3e08e2efc61f6f87e44b,872982846d243af2b72d9a3da8dfe5f6,delivered,2018-08-02 12:13:53,2018-08-02 13:15:20,2018-08-06 16:27:00,2018-08-08 16:32:40,2018-08-07,dcbe5dd7a16a2abefddfada29675f2c7,2018-08-02
e74f2f5d0d5b389e7ec83948628a2b9c,49475c099eb6b04b85cb188fb87f0ced,delivered,2018-08-06 12:54:18,2018-08-06 13:05:16,2018-08-09 14:08:00,2018-08-17 18:12:00,2018-08-17,8fec5c2b6ed015d2de03bd992dae5a88,2018-08-06
77964238e13406d5f49ae1602c93b5bd,23092f7184b95ba3805dd7e3012ddf8d,delivered,2017-09-13 13:43:13,2017-09-14 21:50:18,2017-09-19 19:28:52,2017-09-26 20:49:59,2017-10-10,13c5865b7b534dbe5983384eb555ed1c,2017-09-13
05fb90958eaf5f1c3287acf11060525e,ca68346c65393936cd365b91d997fe8e,delivered,2018-02-21 21:18:55,2018-02-21 21:30:27,2018-02-22 21:58:59,2018-04-06 17:41:56,2018-03-21,73ee3949d1f9a9e4e1cf5ae9bfe92b56,2018-02-21
49e448ded32d87cdbb3507805d04f64d,627055fd09524c25b55ef0425fd933cd,delivered,2018-05-18 22:11:08,2018-05-18 22:58:05,2018-05-22 14:48:00,2018-06-08 14:44:50,2018-06-13,a967204185cd7aa5fd9e858bff3aa253,2018-05-18
7845d9a1a3d511b756a5c2c2352ba770,c267e32fea07ffc4d9d388d44c4106c7,delivered,2017-03-19 18:34:36,2017-03-19 18:34:36,2017-03-21 17:28:28,2017-03-30 07:41:35,2017-04-10,001f3c4211216384d5fe59b041ce1461,2017-03-19
f86a19d480f464d143272885b34b5fe8,37cc9761b240cba114644f5f01630f55,delivered,2017-11-28 14:56:55,2017-11-28 15:18:58,2017-11-30 00:33:59,2017-12-06 17:07:42,2017-12-20,65c4b56d97ebde3f4384732c5b0e9564,2017-11-28
2f24a9aa9e22ecf0fefd3addda233611,35360c7bf285a50013e36d0d6fd0180c,delivered,2018-03-11 17:31:23,2018-03-11 17:48:20,2018-03-12 16:52:47,2018-04-11 20:39:46,2018-04-09,0fa7a4483bc82eb8eef80002306eddab,2018-03-11
e2005caf6477eb1b0a0bcce785ecbb5d,1444b57caf5b6c9ada5557e4e208d0d6,delivered,2018-02-23 19:18:09,2018-02-23 19:30:22,2018-02-27 13:27:27,2018-03-28 22:39:24,2018-03-22,06ef6cad5e903939728996357ea8a557,2018-02-23
0cf4406688aab4ea5593cc48304e8887,2432c837b254b9f016e2e901f69afddd,delivered,2018-08-09 18:32:12,2018-08-11 02:45:20,2018-08-13 14:25:00,2018-08-14 20:26:41,2018-08-14,dd24eb60ec1ada8b5201cbe4bba11346,2018-08-09
f1c86903d3391692abff1d2cbdb642ad,57259f6fc3d369e2a9d3c135fc65935e,delivered,2018-05-07 18:33:23,2018-05-07 18:50:13,2018-05-09 14:48:00,2018-05-11 16:21:43,2018-05-21,b01ee85b99adba20a7e9255812b1dc0e,2018-05-07
e8c92cfd87f5f0c6d2fc5bc1df5f02b4,3d338ae6cd95dcb8c0c14d9af90055f3,delivered,2018-06-04 19:07:48,2018-06-04 19:30:05,2018-06-05 14:34:00,2018-06-11 17:37:49,2018-07-16,49e32d4f13ac76d97d32f1a6e2b37df4,2018-06-04
227fc3d5fef215496f44e787f2f29608,bab507860ed7ab1a319b041abc31f37e,delivered,2018-05-18 19:02:38,2018-05-18 19:15:17,2018-06-01 13:14:00,2018-06-03 11:58:37,2018-06-12,19c1faaa7edee2484edc7968a5dc8a02,2018-05-18
fc9d6087c02b8f60e1a365a3b6ae786e,77aee2eb8ffa237d57591d6dda952a8e,delivered,2018-01-11 11:23:09,2018-01-12 02:37:59,2018-01-13 01:07:01,2018-01-17 15:23:04,2018-02-06,21effa61d72771ba8315ab56ce7fb7ac,2018-01-11
883f2b96f6b6c7dde2a3369487fb8730,3602a1fbbb29af4c057aa49ba33fb2a8,delivered,2017-10-22 22:07:31,2017-10-22 22:26:15,2017-10-24 22:47:59,2017-10-27 21:51:55,2017-11-07,6271160c90e20a760af68a8ece977a02,2017-10-22
3ac3c69a0647096dc7f014eea6749574,2898ee8f9f048436e1670a95931fea69,delivered,2018-04-07 09:53:48,2018-04-07 10:08:23,2018-04-10 16:28:47,2018-04-11 17:47:23,2018-04-25,13aef90e5b532bf63d308f057e2a29d8,2018-04-07
db611886b9ea2c770628eebc6617b498,e3036be0afef4dc58d7d95e737ffde01,delivered,2018-06-02 13:29:22,2018-06-02 13:50:03,2018-06-07 11:23:00,2018-06-13 16:28:44,2018-07-17,87a6af9cd74c6568bc6b6900d25460df,2018-06-02
47880652c5245fbeccfe7a58e8d841e5,792c997303692247baa029b77d1a90ea,canceled,2017-08-28 14:56:13,2017-08-29 05:32:52,,,2017-09-18,296b245d6ab112891351396869ada4d6,2017-08-28
08c7ad853a45735072fee2be62052da3,9e31165fcca754ee7694d99cf65ef8bc,delivered,2018-06-20 22:51:17,2018-06-21 01:38:49,2018-06-21 13:30:00,2018-06-22 19:25:24,2018-07-03,bcca9404e66ecba9714e6eb9343d2054,2018-06-20
810d240376bb779d47af63e9b781f4f4,bc5fc0f3f58bb2af88e54ae862bc3390,delivered,2018-01-22 13:11:57,2018-01-22 14:55:03,2018-01-23 22:54:18,2018-02-01 14:22:08,2018-02-15,d187287295f53152ed2f64e8a396b0ad,2018-01-22
d7ae451c4d63fe188ba2e8787a3852bc,14926af09825dc08d4d15878f3c545bd,delivered,2018-08-18 12:01:39,2018-08-18 12:11:05,2018-08-22 12:33:00,2018-08-23 20:28:52,2018-08-27,33b8504997ee93e701c16848217641a2,2018-08-18
c537374026d7d660c0732235e0ce4013,3a6dee3c47643c5ef5d224144ead2499,delivered,2018-04-30 08:42:27,2018-04-30 08:56:15,2018-05-02 14:24:00,2018-05-07 12:42:01,2018-05-22,fd935de8f1961bebc9eac13a7e111682,2018-04-30
89cb4134e0fefa08caaca5c92dce938a,d9108760f04dff71ffbd0b1373a1b9a5,delivered,2017-12-22 09:06:20,2017-12-22 09:13:21,2017-12-23 00:09:39,2017-12-27 17:04:53,2018-01-18,0cef8ff1f87c67d578cd86ead3933fe7,2017-12-22
ed8ac79c99c0289b3ed850eb54ddd2bf,4e5260d91970ee888b0d1705b3127169,delivered,2017-09-11 01:41:38,2017-09-11 01:55:06,2017-09-11 18:49:53,2017-09-14 21:10:20,2017-09-21,31e0eb64c5eb715aab04433200ea4ed5,2017-09-11
a0aeba30dde58b77a70084a56aa970ce,49b5823a54b2bdb9441e5b6ad18f804b,delivered,2018-05-04 15:45:40,2018-05-04 16:13:26,2018-05-07 18:36:00,2018-05-17 00:51:52,2018-06-11,48f6d1a3068b0ae43dd16393f381b8fe,2018-05-04
cd46e7067c0726158a9ae8f0ab64278c,bdb7038318ec6db24bc3c6c3bf7b6eb6,delivered,2018-02-21 11:38:04,2018-02-21 12:15:32,2018-02-22 17:03:47,2018-02-23 19:59:13,2018-03-07,49a7315252795574abb6a43b3bfcf864,2018-02-21
8f22c3d28fe3bfa49067957987c0c8d1,d626b7d4e374e8e96902429982a7348a,delivered,2017-07-11 02:01:16,2017-07-11 02:15:06,2017-07-11 21:14:37,2017-07-14 21:17:14,2017-08-09,9f15c64a6078b40c97b3a742c8677b2e,2017-07-11
6d20c5b5d74d900b45b27fd6e6e01089,8f81c88e8bd6e80bcc4df4d1d18be246,delivered,2018-03-15 11:10:56,2018-03-15 11:29:11,2018-03-16 19:38:50,2018-03-21 20:08:50,2018-04-03,dad9e634284872d012677965e512b57d,2018-03-15
c94ac7d021bb9260946da4c7b153366d,0ee2b94bda78c11a6919902dc78bf9d9,delivered,2018-03-08 21:51:29,2018-03-10 03:48:46,2018-03-13 10:18:40,2018-03-29 23:56:32,2018-04-09,36c11d4e90eabb2ad59cdd01f5a86fb1,2018-03-08
f4c75150bfe11df19218e2bcfbb963ab,ca4e3d825b6aaaee563f66426b4c84f4,delivered,2018-04-04 14:01:18,2018-04-04 14:10:57,2018-04-04 23:21:53,2018-04-06 22:51:27,2018-04-16,e29606907409d22a52fcb4f447ad7bed,2018-04-04
aee9ab9619b5a2654b3362e66256628e,fb8453aabb385a82c8db6add6e19948b,delivered,2018-02-12 12:51:18,2018-02-12 13:08:16,2018-02-14 16:48:37,2018-02-15 15:45:07,2018-03-01,13440db980cd6bf25d4c09dc7ba75aa8,2018-02-12
2da6df6ecc3f69f3642ce1fafad85d5a,d04b499809157673780addf5719f7af1,invoiced,2018-08-07 22:22:53,2018-08-07 22:35:23,,,2018-08-15,357ab7c8b61c05fbb41dd7aaf93ee4bd,2018-08-07
85ff272111b8ca343b4e061711218b44,67f21f2c8f0354e74fea999183f61ac3,delivered,2017-06-29 20:13:43,2017-06-29 20:25:11,2017-06-30 15:28:55,2017-07-03 10:07:37,2017-07-12,36df437c4eaab11da76751f2605c66f4,2017-06-29
9dec900f8c20ecbaefa8e27242060a67,88d5615998d2bf16e6321d7484e45aa9,delivered,2018-02-28 12:54:01,2018-02-28 13:10:18,2018-03-01 17:42:40,2018-03-26 23:38:57,2018-03-22,cf80a317973ae2e554da97adad40123f,2018-02-28
8fc946cd9c823c0d350def51cea2f603,f5d8041d9f4ad5b0499a6dcd698577b2,delivered,2017-11-19 20:55:58,2017-11-19 21:10:28,2017-11-23 17:48:29,2017-11-24 17:43:25,2017-12-01,e4eae0d0e154d460ecd621bd01299426,2017-11-19
79c662b35aff8d9152a0191a830a997b,1dbb874e6622e11a5b78fee2bd2410ca,delivered,2017-05-02 10:02:28,2017-05-02 10:15:19,2017-05-05 14:38:10,2017-05-17 10:39:59,2017-05-25,56bf782d0c7412f69c8db5ccd6dcd7a5,2017-05-02
d1f7b8ef7a59b18de8df95b7b8073a5f,d11670a96c9b879a92a4783a707a20d4,delivered,2017-12-16 10:44:23,2017-12-16 11:50:34,2017-12-20 20:13:27,2018-01-08 15:35:10,2018-01-19,ca19235d341e7cd7f491081b23b3c87a,2017-12-16
7900027e66fbfddb34520beb7d1c09ea,7d7585d785dc94de0fe6fd25813e02d5,delivered,2018-03-03 11:36:27,2018-03-04 11:30:42,2018-03-06 15:32:33,2018-03-14 19:26:35,2018-03-23,1368cf200523036cd4f79e1c1df93daf,2018-03-03
20ed9112468e53910662943593702290,bb34d01e3f4e286f40a869a5339b7b2d,delivered,2017-10-06 17:01:58,2017-10-06 17:14:24,2017-10-09 21:07:52,2017-10-20 13:47:51,2017-11-01,e4c4a12f8173c91920827c478a88e062,2017-10-06
73c2f6a3fe158985da4f15118a77783a,d9256d7e870dacf770ddfd2d6ec2b8df,delivered,2018-05-26 19:19:41,2018-05-26 19:38:18,2018-05-29 16:08:00,2018-06-07 18:46:35,2018-07-11,41ba978e1b9d7d88f8609c371516cab0,2018-05-26
96908b69c6dfbc8e2c29c2a2142a93a1,14c4d965ac30b8a1bfb2ae2625080682,delivered,2018-07-08 09:34:45,2018-07-10 04:30:47,2018-07-10 11:36:00,2018-07-13 15:58:30,2018-07-23,e750aa1589e2bbd986ee68a82cfeb024,2018-07-08
00dc6ad47477b3b62d3c0acbe98a82a4,5dd8298fb952a22f28534bfbda71aa2f,delivered,2018-02-24 19:41:24,2018-02-24 20:20:25,2018-03-02 17:57:11,2018-03-15 21:42:09,2018-03-27,49359fd553803ade0d04bbf46f84236f,2018-02-24
0fd408210166f23fe823070a2f690048,7c06711473bf4fef27ea11d9f5719158,delivered,2018-03-05 18:11:53,2018-03-05 18:31:13,2018-03-08 23:32:27,2018-03-14 15:28:30,2018-03-21,fb6fb9d0e2c0e57e35db552606a2e7e8,2018-03-05
518a29937a972f0eb47a811a8bf44642,7f900909b1e712ab31c660793b834d56,delivered,2018-07-31 08:02:41,2018-07-31 08:30:53,2018-08-01 15:03:00,2018-08-03 21:04:21,2018-08-15,1e81e09896d6a07e144b3b7a0efc59d4,2018-07-31
989743292e66a54cc321fb16076da4cd,19fdb647f159294094912946b4d00257,delivered,2018-06-28 20:15:22,2018-06-28 20:31:08,2018-06-29 13:47:00,2018-07-02 19:11:58,2018-07-19,d38f231930be24798fd9f285e81b0076,2018-06-28
44c6f378324b6f93d7165435bbc030b4,20c9d0669cee573b65626662396744a8,delivered,2017-12-06 21:59:26,2017-12-06 22:10:11,2017-12-08 00:33:51,2017-12-18 19:07:19,2017-12-29,bda9e79a0f077587fd9f4528974324fd,2017-12-06
52c0ffe5247337047280978e84d62979,4da71b283420d156c50159242d0691e7,delivered,2017-11-25 00:19:41,2017-11-25 03:11:51,2017-11-27 20:52:38,2017-12-05 22:48:02,2017-12-18,5ea64dc817d4e5df953165fd6b0b05ba,2017-11-25
dec7cf966ad64aa289ee5f574b0b0463,179f2661c0a69b7e5fde22f9c75a3237,delivered,2018-03-09 20:36:51,2018-03-11 13:48:00,2018-03-14 18:43:38,2018-03-21 19:20:58,2018-04-13,a2fde37946aa06ff64d65f9c559c4fbb,2018-03-09
9a92634d7c186b507d82bd00823929a2,6d68392b4769c127c8bff89994d745e3,delivered,2018-04-18 13:01:38,2018-04-18 19:12:41,2018-04-24 17:26:47,2018-04-26 01:44:48,2018-05-07,815a6b3971fa68915c80101a220905e4,2018-04-18
f52b051fa3520b5b162e98796d07c186,393575d48a375f4a8d356042491d0da8,delivered,2018-05-29 14:40:05,2018-05-30 02:15:18,2018-05-30 13:12:00,2018-06-07 23:52:05,2018-07-05,0805fb8399c6caf21830a54269b4fd95,2018-05-29
f3066418fab0adaa48dc4e3c19e4b65b,b0a711da35a8e9d8687670f2b015100c,delivered,2018-05-18 08:50:46,2018-05-18 09:16:24,2018-05-21 08:29:00,2018-06-13 21:34:54,2018-06-07,3c8af93b3532c596275cae12ee9017a3,2018-05-18
9105a0f2573fc723a25f05db30a3117a,f2f42d03fbe5b55d80ad510da9a19de1,delivered,2018-01-03 23:47:03,2018-01-04 01:08:01,2018-01-04 16:49:13,2018-01-05 19:06:12,2018-01-19,79abd55efd139ad036a57558aea211e4,2018-01-03
f477933425f20c2aea5741d4d76b4150,608b8b49eceb67c3c736230e6661e87d,delivered,2017-12-05 14:37:45,2017-12-05 15:21:30,2017-12-07 13:02:34,2017-12-18 23:43:46,2018-01-04,552052114dbea4e4fd479a9f4972ea3c,2017-12-05
cc377f50beca76eafcc202f7f770a627,567376707a076e91e727a4cd8883be4a,delivered,2018-06-26 18:52:41,2018-06-27 08:30:13,2018-06-27 10:04:00,2018-07-02 23:25:53,2018-07-20,da02b44fab6b38c5440a86ec9a44839e,2018-06-26
90656a29c767bd72285cc656d21c0d51,0bfe07b61bfee66e26439b13efc8ea89,delivered,2018-01-25 13:32:19,2018-01-25 13:50:18,2018-01-29 18:41:49,2018-02-15 22:23:59,2018-03-05,e9c905c9d93eadb270434d5f1de50fee,2018-01-25
982477fb4aaaa4ce97851852d2a28e90,bf573f9422c8f6b435a16123951aa62d,delivered,2017-12-16 22:40:37,2017-12-16 22:51:00,2017-12-19 00:13:33,2018-02-15 20:28:40,2018-01-12,05fb7ad3f212649bbc0757d0ce36851a,2017-12-16
a37c3175caa4465852b788987ca46d1a,945e442b24bb3055f553e6a95a53a7e8,unavailable,2017-10-09 19:39:21,2017-10-09 19:56:08,,,2017-10-26,4ce147ac48357f3fc3fcaf3f50e36be1,2017-10-09
4491133fe7689c9ee1c07d32b52ac113,5128b82b2c26d5e7785035f0f5106d8b,delivered,2018-06-28 12:47:48,2018-06-28 12:55:27,2018-06-29 14:23:00,2018-07-07 17:48:27,2018-07-25,f86c68d3fd5ce93aa8b7e7d6e205f575,2018-06-28
d577aed1e75cd02852482ded774ecf26,259a820d067858fdd33aad502d61c2be,delivered,2017-11-12 13:36:04,2017-11-12 13:50:52,2017-11-14 16:04:51,2017-11-22 18:58:26,2017-12-06,3f6a7ec761c101755a2052d82d315f71,2017-11-12
7dccc310577a4bbf99e57f1ae7ac587b,1054024bd1fa65debe204930503ed5a2,delivered,2017-08-05 20:56:20,2017-08-05 21:23:36,2017-08-07 20:49:54,2017-08-15 19:46:30,2017-08-30,b389188f45e7a61bea039b690dff2244,2017-08-05
f1b07f996a94617942371141c1864ca9,97af6aba693b979a59b66ebfd831eca2,delivered,2017-11-29 11:50:43,2017-11-29 11:57:32,2017-11-29 20:43:44,2017-12-04 22:28:46,2017-12-26,9f5b21d671a87953cd91cabbf1a24977,2017-11-29
9a22a84b533a8c4cbd2f9200d8003b2c,97019a1071d3e1443681d717d135bc56,delivered,2017-05-29 14:44:34,2017-05-30 05:02:39,2017-05-31 04:27:12,2017-06-08 10:11:21,2017-06-09,96568fdd98d14f00bb4bfeda98d88fca,2017-05-29
7e19584d74aa3faaf95a90fb32c68502,e0b5c02e4e99820c10b5fc8a50576537,delivered,2017-10-22 15:09:19,2017-10-22 15:21:14,2017-10-24 18:11:43,2017-10-27 21:47:47,2017-11-13,43479cc741ff47ab26bada159568196a,2017-10-22
33003aadf0df6db944ffc35137a4573b,c3e8db626762eb8fb15e22b7dcc79283,delivered,2017-06-06 18:22:03,2017-06-06 18:42:30,2017-06-08 12:38:36,2017-06-10 10:55:52,2017-06-20,d8cc3231a8eda4409875bb69bb91f594,2017-06-06
f08964bf6d23a9bb805d8fb23de64a87,75604d6ffd10e7e95b7e37fcf4078a5f,delivered,2018-04-13 13:06:51,2018-04-13 13:35:24,2018-04-16 18:06:28,2018-04-26 18:48:38,2018-05-18,35e116fa1e76280ff29cc0b8b76f6255,2018-04-13
690a2092d1bf37549b9850423615d32a,761a4cbfcebc07e915349e3aee6db335,delivered,2018-06-20 19:25:54,2018-06-20 19:57:54,2018-06-21 12:24:00,2018-06-25 17:23:23,2018-07-13,ad8368b0fcaeaeff424018121c3d851d,2018-06-20
6a346db02422265a67627acca3eff776,8f921238b5674ed3dd83ca3119383bef,delivered,2018-01-17 21:49:30,2018-01-17 21:59:30,2018-01-19 20:28:00,2018-01-25 01:08:38,2018-02-07,32c0120da9034de911094c2e14911668,2018-01-17
68b4f0f2635234fcc9cbcd65b082e5b7,a0f51bf6441cdbe1a8466b0b26a3b570,delivered,2017-11-06 19:05:59,2017-11-07 03:31:17,2017-11-17 20:35:24,2017-11-28 21:26:39,2017-12-05,7bd5bf0ed6c9eab79b2b7abb88a1e0f5,2017-11-06
5f3cebe9eabcc0a419086cf3bf38d74e,e1324af3e2df9eec3e5f982d23fec1d6,delivered,2018-02-16 16:26:06,2018-02-16 16:46:47,2018-02-19 18:07:34,2018-02-21 20:58:41,2018-03-02,be9a7bea7d6a027954cf612570524434,2018-02-16
963c7a2f550e2790045366f61c790bb7,5ae9a76e1554c79e3312928a6e6df34e,delivered,2017-08-10 19:39:33,2017-08-10 19:55:12,2017-08-16 16:49:56,2017-08-22 18:24:51,2017-09-01,918f9ad13478648462ced261aa0b5064,2017-08-10
cb794d74f80c0dff5257f123400a063c,2bf0b7d39b5ee8eb16853ad8f037c7fe,delivered,2017-12-01 12:18:05,2017-12-02 02:38:26,2017-12-06 23:28:43,2018-01-29 19:56:55,2017-12-29,45df9d71b80f651fcfd26763eebd027a,2017-12-01
b580df301116ea504e6a5c6fd555e871,b39aa773f89d81c6f9457003326d441c,delivered,2018-06-05 12:56:47,2018-06-05 14:31:39,2018-06-08 16:55:00,2018-06-15 16:51:20,2018-07-11,0ac587a29870f6a1e3e593834c51a762,2018-06-05
e6ffd2e2b7cec7d2ad5a419e0fcdd424,a5840b2c9f11a1361970ed2eeddae1ea,delivered,2018-04-03 16:45:53,2018-04-03 17:15:20,2018-04-07 00:04:13,2018-04-14 01:02:34,2018-04-20,ccfce090118b454c19eac85be82a92d0,2018-04-03
eac95d79983b55d39fb2139922bc4c36,f6ee49baf90162ddc222152b08f625ba,delivered,2018-01-28 11:50:41,2018-01-30 05:31:34,2018-01-30 17:36:57,2018-02-06 14:16:26,2018-02-26,b4692b07ed65562a4dde93d828a9217d,2018-01-28
4fe26df981b8f298e0e6bf81c1d5ead0,056de0008c4ab528f5631192e11fc745,delivered,2018-06-04 12:22:27,2018-06-05 14:31:56,2018-06-06 07:45:00,2018-06-07 13:38:52,2018-06-28,f497dd3ee9e4ef33b42acd82713e4bf3,2018-06-04
8a784d47854e4cbc5562362393d504db,a969b9f8d923bc7fd97b578f7c499194,delivered,2017-01-05 14:18:03,2017-01-07 03:44:16,2017-01-11 16:08:56,2017-01-17 16:47:45,2017-02-13,12f5d6e1cbf93dafd9dcc19095df0b3d,2017-01-05
c88c214c277ccf07d8f8992b66796546,ae3b618ec1ceed5483f277c0edf1c237,delivered,2018-04-13 16:01:47,2018-04-13 16:52:28,2018-04-17 21:35:01,2018-05-02 20:40:56,2018-05-17,f40796e304f43d42a405f2440f3ad6eb,2018-04-13
fca51312326fac3f7def0bf11016a269,c4264a7d8bd33eccbe46b5f978f9965d,delivered,2017-07-07 11:17:21,2017-07-07 11:25:18,2017-07-10 12:24:33,2017-07-20 21:46:34,2017-08-03,262e0bc6e703f729f370889579d1f0b4,2017-07-07
057bc88d7845bc736fbe1fb27f2932f2,894070d43ae4f9bab9980d3da7f8aa32,delivered,2018-01-26 17:00:10,2018-01-26 17:22:34,2018-01-29 23:32:23,2018-01-31 20:08:04,2018-02-09,5b6f7e886ed4a13a0a666740e4788729,2018-01-26
057c13c6bd8799710c70ad3c7b2087ca,31c3e07d61a3e64292159dd61b686e2f,delivered,2017-07-17 22:08:53,2017-07-17 22:23:42,2017-07-21 18:45:31,2017-07-26 16:37:34,2017-08-16,fe713394dfe3e40c4e5a6fc3ed017080,2017-07-17
0171835bbc71bcfacc26e9f59d56b62c,4ab60901050d2b4b877596c2edc24a6e,delivered,2017-06-24 10:52:28,2017-06-24 11:08:35,2017-06-26 14:56:38,2017-07-03 16:42:20,2017-07-18,62fe3c4ffefb1c3462cb546598df78f8,2017-06-24
a0e1163327a3941a5681a1e948ca7add,374d009e2f15e125561873d552351f65,delivered,2018-06-26 22:06:58,2018-06-26 22:30:17,2018-06-27 11:31:00,2018-06-30 15:24:27,2018-07-18,276743a9fc79d7269dca763e48a52b3f,2018-06-26
0f2335c85eae6c232fa46499d5e1e3d2,e769dc265dadde9a906e2cd0e127f2d3,delivered,2018-06-11 16:51:47,2018-06-11 17:20:47,2018-06-12 14:27:00,2018-06-26 20:03:32,2018-07-16,262e1f1e26e92e86375f86840b4ffd63,2018-06-11
06fec3f6e9e72edb698e63c30a8f027f,b6fe463c461a6e4fe0cb1f23527efe53,delivered,2018-06-14 14:55:23,2018-06-14 15:20:49,2018-06-15 17:25:00,2018-07-11 00:38:26,2018-07-19,ad8dc8878b71d1a54917768ef9b06b38,2018-06-14
73c8476a5145125bb535e946a6192bb1,30b64fdb8dad83e88b8ecb0f9b6c0335,delivered,2017-02-11 23:23:22,2017-02-11 23:32:10,2017-02-13 16:15:11,2017-02-16 15:28:58,2017-03-10,24f2921a58f43dd1392d98391eb4ab82,2017-02-11
a3021cb38ee69a87a0cb9cda57f7d72e,6670ae2d7d0e1dbfd9b97d032b91a0ac,delivered,2017-11-09 18:46:46,2017-11-09 19:07:00,2017-11-14 21:06:57,2017-11-25 00:41:27,2017-12-05,2e510ddede430dc1705597d5597f6af3,2017-11-09
1b0816f005179796807a9b23f4c2df11,cfde763c6872e69417809fce554046ba,delivered,2018-02-28 15:12:53,2018-02-28 15:31:00,2018-03-01 20:55:11,2018-04-19 18:05:05,2018-03-22,3fdc39171d444e1a1cd4da98ac2e4adb,2018-02-28
2a52e807fc3aaa0dc36fb7b01b56e59b,3d8e5b5954c3e6e8d7a7d81ab6d5750e,delivered,2017-07-20 17:41:06,2017-07-20 17:55:20,2017-07-22 13:29:23,2017-07-31 17:29:35,2017-08-17,05e4fdb2fd51a9e967e528bfa9cf8009,2017-07-20
98c0f6e16f786f293db2cdf5388442f6,b34c2bf47009c527fe2eee5362333591,delivered,2018-05-10 22:09:28,2018-05-11 22:16:58,2018-05-14 11:01:00,2018-05-17 17:11:48,2018-05-28,fb482506a95394b3430b97dd4d5188fe,2018-05-10
6af8d729a1717c4ba85c7bdc83278656,1c0914076686517cb711e05022ff9d7f,delivered,2017-08-10 16:33:10,2017-08-10 16:50:07,2017-08-14 13:15:55,2017-08-17 17:49:45,2017-09-01,51748cd52c0e0530a997e74b40de380a,2017-08-10
d415e95816c2f3a2a34e06cd519157cc,f0ab4acc7e4a8236d84d6f74bad11b0e,delivered,2018-06-01 13:39:44,2018-06-01 13:52:44,2018-06-04 14:29:00,2018-06-11 19:53:41,2018-07-12,e13e8b789e5a8e6fe1445f924a4ed4f6,2018-06-01
230571d6e34263b58881343939b5baea,e3ee592966c74c3bcf809148134e426f,delivered,2018-07-11 11:17:36,2018-07-11 11:30:13,2018-07-12 17:45:00,2018-07-13 22:34:53,2018-07-25,6d9171c0d4d8c153cab5158e39b0ac1b,2018-07-11
782af21dd678b879fae4f0f0d80bfda9,bd07a57a7c53edc164730535730d8082,delivered,2018-08-08 21:05:46,2018-08-08 21:30:16,2018-08-09 13:32:00,2018-08-10 19:41:21,2018-08-13,e9cae2a5372d7aabde3a0bb3d37c386d,2018-08-08
ee605d7a4828562e22bb239357c81830,9f44bc42812285f544a70b336a157b4b,delivered,2018-05-15 14:53:02,2018-05-15 15:30:57,2018-05-16 13:53:00,2018-05-22 19:21:02,2018-06-05,f2ca3b4e030373f8dba54a6903022c65,2018-05-15
1f017356278d0ec178ac6490b8f27d40,da5f449ab9942e1b37e4514206a079fa,delivered,2018-03-25 23:20:35,2018-03-27 03:35:10,2018-03-27 23:18:35,2018-04-10 16:41:38,2018-04-12,8e21ccb671f36955f54a7819290c302f,2018-03-25
694809b480ae4b3b1e2b5a94c738b7fe,8602c1889a30f2e3f7d3c67c17391008,delivered,2018-01-28 22:45:44,2018-01-28 22:54:27,2018-01-29 18:57:05,2018-02-02 16:42:34,2018-02-22,956ed64bfbd91e7c2d3b2ee8f38e8b70,2018-01-28
15d78ce10f27fd7ff33a22928455e29e,ea83ff51be836c1a1b8e5d9ac1f207cc,delivered,2017-12-03 15:20:42,2017-12-03 15:35:52,2017-12-06 00:22:40,2017-12-21 15:34:23,2018-01-10,b1897726f090b033d93dfd645e877754,2017-12-03
36a924d21368a46d4ed120b8adb1dc3d,31d3512e7bed81e370160150fa1b0235,delivered,2018-06-23 20:42:39,2018-06-25 10:55:13,2018-06-25 15:31:00,2018-08-20 17:12:22,2018-07-24,aa6136c2c6f68032e96438b83be84056,2018-06-23
e529c3dca69fcce22a39a059514c4ae7,3e9fc594a0a79ea460dca4a70d95645e,delivered,2017-05-11 21:31:00,2017-05-11 21:42:35,2017-05-12 07:34:18,2017-05-13 08:32:26,2017-05-19,72539041438f0be65e8cad65f83cddff,2017-05-11
2de88b97e4bbf3a783afbdd55cb955e4,3334059300fd837f7bd7d68481829fb2,delivered,2018-01-12 19:04:21,2018-01-12 19:12:29,2018-01-17 00:54:45,2018-02-02 01:57:00,2018-02-07,913cd870c25d89a134b0956c361622dc,2018-01-12
fbf3da6fe82010412982890b0c57e532,e24fae1db3d4f392215beb9553f72f82,delivered,2018-05-16 17:44:30,2018-05-16 17:58:18,2018-05-17 13:53:00,2018-06-08 01:32:39,2018-06-06,bd74c542112c5bfaf4b4211c766c08de,2018-05-16
4d52cfe3ad25169d39fe5e6f99d17e2c,67b040308c4180844a54dea16ef1c5eb,delivered,2018-04-03 12:26:04,2018-04-03 12:49:05,2018-04-05 00:42:49,2018-04-13 16:46:31,2018-04-25,9be5b995f1ace01deb236a6958ac3836,2018-04-03
e33f532fabfd63c8b0e637d99e3dfdbc,c23053e4513a5142d344eb5efdb17635,delivered,2017-12-23 12:47:59,2017-12-23 12:54:36,2017-12-26 21:52:22,2017-12-28 19:52:34,2018-01-15,eb8aa7efd9dedf1ac5ff6e899c638d54,2017-12-23
2d394ce1703ceeb355e2446e4a7a6bf4,bb4bd9ae44df35a367e6adb8d37faf6f,delivered,2017-12-11 13:19:11,2017-12-13 13:15:25,2017-12-16 00:48:02,2017-12-29 21:37:56,2018-01-22,f67b6419ca1040caadd1ffd6d105f4b0,2017-12-11
675dac8b73cb0d20fa633e864deb7e1e,0999c7720d666729eec4968ae4ac70bb,delivered,2018-05-18 11:00:26,2018-05-19 02:59:04,2018-05-21 09:08:00,2018-06-05 15:44:30,2018-07-16,b65a65447f8a14cef396f6fb89195088,2018-05-18
3eb6be637ceb5d426e6b80ca225d40f6,c01636cb2989108146b7c17f2ab9ad21,delivered,2018-03-28 22:39:33,2018-03-28 22:55:18,2018-04-04 19:30:44,2018-04-05 20:24:48,2018-04-10,6cbb1440f3d4c3bd685efcf5ed96f3ca,2018-03-28
6612d335f397178518a4fc1e95f89446,d4ea5dbe18a51ec06c36c206473b8fd2,delivered,2017-10-13 22:33:29,2017-10-14 22:49:12,2017-10-17 23:57:18,2017-10-30 15:57:42,2017-11-06,8802d972fbc94df2b3117ddfb59365b9,2017-10-13
a6a24e05e7dd40e823bfdea3c2eefd3f,b3ffeb7d2f4abf9efb45ffe0c21799cf,delivered,2018-05-18 19:46:02,2018-05-18 19:55:34,2018-05-22 09:45:00,2018-06-05 23:58:40,2018-06-21,24015b979a21b2e70d156d11698270ce,2018-05-18
4d87e2e794792a3e2fcd7f7a5b4500b1,78bc85a7aa3f444cf7cf053df84fe035,delivered,2017-01-31 13:43:44,2017-02-02 02:55:28,2017-02-03 08:57:37,2017-02-17 16:58:32,2017-03-07,8704d22470c90667b52c6fb875625418,2017-01-31
5174c535c7d862bf64c17f5e66a77f72,2fa99079eaeb1253b9742f6e44b4cb02,delivered,2017-09-25 20:01:10,2017-09-27 03:34:13,2017-10-02 19:14:06,2017-10-05 15:41:26,2017-10-18,591d7e1b3165828791141ea1d333324d,2017-09-25
d41eaefcbf24537ea6d79847d02a02f7,fdcd4987132cf021f0594fb829ca52a1,delivered,2018-03-11 12:44:32,2018-03-11 14:20:37,2018-03-13 15:59:48,2018-05-02 23:04:10,2018-04-12,95c0391399360c0bd40d5ab2ca8c664a,2018-03-11
1594082890bd7c4672ab9c9e4949f305,b47bc65b0868e4d9d38891686c30d68d,delivered,2017-09-11 14:54:34,2017-09-11 15:10:29,2017-09-12 20:13:32,2017-09-19 16:32:54,2017-10-03,2a5ebb5187a7105b9513d513d6513f6d,2017-09-11
d4d70141598f959f855ea0b6266ca5c6,874ec9d1ec3f15deb44f83b20b55aa71,delivered,2017-12-29 20:39:39,2018-01-04 23:17:32,2018-01-09 23:22:40,2018-01-26 21:20:03,2018-01-24,dfbfbe79debfab1266fc7ae4abfd98ae,2017-12-29
2ef02afb7f805f2864894d1477e29443,b87ade2343db3a71b9cc7ef696bc54e9,delivered,2017-11-21 08:49:33,2017-11-21 08:57:25,2017-11-21 22:36:49,2017-11-26 17:44:59,2017-12-11,71ce8dfcecc07b3bd169e8928252ffff,2017-11-21
2a0f3e45a35626fe09681315beafbb10,eedbc4ba82eaf24acbe9448241546893,delivered,2018-02-20 08:54:06,2018-02-20 09:07:37,2018-02-22 22:45:17,2018-03-09 22:43:37,2018-03-23,f9987f895ad1102e50b2498b6611dca9,2018-02-20
c6f38ced81ea3f5ba92fdfb726dc84dd,39112321f0b9ef449dc16da22cc36074,delivered,2018-05-04 00:23:31,2018-05-05 02:53:38,2018-05-07 14:30:00,2018-05-09 16:27:54,2018-05-29,1ec407f6f6e6cd3d5dc1022e970c8220,2018-05-04
7c0b9b2385b65bd8c7aa778a843155e9,26486f121c10b3cd835619f24a7cc97e,delivered,2018-03-02 08:32:08,2018-03-02 08:49:49,2018-03-08 19:19:27,2018-05-11 02:33:27,2018-03-22,e37143993538c3ded3b7ea2885cc7b35,2018-03-02
d20ab6ddd8baabe785ac1209528fab7c,55882cb9d69cdca67b5b9d29ac15ff1f,delivered,2017-06-18 21:01:05,2017-06-18 21:10:15,2017-06-19 14:53:53,2017-06-23 09:26:42,2017-07-11,fac72f7e9602a0eb1bd44348e69c0e51,2017-06-18
b0ef7f818e22c209f99d74eef200d2fa,d9f2aa097ad0d82553e694094c4d02a9,delivered,2017-02-23 13:14:13,2017-02-24 02:50:20,2017-02-24 10:06:39,2017-03-10 10:54:50,2017-03-24,8b7bc653ba6f1fb82b0d98174d5b9c76,2017-02-23
3e05465a5e1bf9c38832ed79a795e04c,d78b10aa6001a8a94c47d2ab0d8291c3,processing,2017-05-23 12:55:16,2017-05-23 13:10:18,,,2017-06-14,c416aa74d59b95d000011f664b58c65e,2017-05-23
2ddda59cefbe161601082d0beee3cf01,020b0645ceac44c1ae2de1ed2bc02b54,delivered,2018-06-04 15:44:54,2018-06-04 16:12:20,2018-06-05 13:07:00,2018-06-13 18:43:32,2018-07-13,2efee2f8716aa601b9b98fc5839e8f7c,2018-06-04
cc20f1526c8c9725da26e2563d40260e,b21abdbd6175139c4e9b66ee64f9c87a,delivered,2017-10-18 14:41:59,2017-10-19 02:56:45,2017-10-19 16:37:16,2017-10-25 17:09:57,2017-11-22,2ef4b953c1f651288a3373f143d478a7,2017-10-18
68e3cd57e173ebad230c2879e6c78401,a8004a3d658be3bb26c0ad71671ef73f,delivered,2018-04-07 20:56:45,2018-04-10 04:15:40,2018-04-10 20:06:22,2018-04-11 20:48:32,2018-04-19,c1ccdcdeb2daa19091d2aefb8f1a2bd5,2018-04-07
7e9c655f89ac314e5a2d5fe87c63df1d,94207055a592cc43b9e2be9e4ce6f05d,delivered,2018-07-16 23:18:33,2018-07-16 23:30:18,2018-07-17 14:06:00,2018-07-20 15:26:42,2018-07-31,ea75450240e3714e93838db6db1d0410,2018-07-16
bb903af0ad020f23de12114a1c74a2aa,e2e397b14afbf10eabd70b574c00c3df,delivered,2017-05-11 19:25:16,2017-05-11 19:35:08,2017-05-19 13:04:00,2017-05-22 20:43:46,2017-06-02,b91c15fa50027f5b62e2105515a46d9c,2017-05-11
75b227944c7959b371a67edd0efebc81,e47069ab5bb1ad7de575d4a61b19a9f9,delivered,2018-03-25 17:55:15,2018-03-25 18:10:24,2018-03-28 12:26:26,2018-04-03 22:58:23,2018-04-16,22767c6709304dff7c3810b370a46392,2018-03-25
433f891300dbfa0fc315c833c1e3692e,a4c8ce67568b530300e2dfdeef3260cf,delivered,2018-04-05 20:17:23,2018-04-05 20:30:17,2018-04-07 01:21:29,2018-04-16 15:42:32,2018-05-02,b1c648fc608b964c717fca0e8466aa3b,2018-04-05
21207148c7a901f242180548ca68698f,6c812c7e20a4790e840e09697195b870,delivered,2018-06-20 09:22:24,2018-06-20 09:38:12,2018-06-21 08:52:00,2018-06-26 15:41:37,2018-07-19,aba272612590a6a6813d975c3a90595e,2018-06-20
2ecc1d9cebb1daded906e43f4c445a5f,35eb4fe5d37565a2e1215d70278eeb12,delivered,2017-10-26 20:01:40,2017-10-26 20:10:23,2017-10-27 16:13:15,2017-11-08 19:54:50,2017-11-17,4a2716ea53ff53d3e0509e0195841089,2017-10-26
a51d0a87a45192bebe2c13d190a8df2e,49b0163bfea7ab1e1959ae3a0f5b79e6,delivered,2018-03-26 15:39:36,2018-03-26 15:50:32,2018-03-28 20:07:23,2018-03-31 20:03:39,2018-04-06,bc1693fdb38b8818668e5982c414fed4,2018-03-26
3ef5b9f1e389f2dcd9e2694ab91620e7,dd21cc0ec49f7609b3c251a3b5342972,delivered,2018-05-06 14:29:03,2018-05-06 14:53:12,2018-05-08 13:50:00,2018-05-10 20:27:35,2018-05-29,d61da54669a7bb0019d2370c1e58ba56,2018-05-06
a5a83c95ed669b7ba0ddce1d761c191f,edc1980f8563cad42e066bc9a60801c9,delivered,2018-02-22 17:55:55,2018-02-22 18:10:31,2018-02-26 10:12:48,2018-02-28 19:28:51,2018-03-14,030fe1fc5f80eb7a45b48975efe9c55a,2018-02-22
58c851c107a9a3e21e03a9e2a1951d12,12b9ed9bc1f4f6648dab5fe7324a3d58,delivered,2017-01-23 22:39:00,2017-01-23 22:50:10,2017-01-25 10:56:42,2017-02-01 09:04:43,2017-03-20,bdfe47b4aabb5f74902e1c197e18c549,2017-01-23
599879f65ecb99f5e7ac1060022559d1,03547afd789d986fa9de32e9b0b8f344,delivered,2018-03-24 11:57:27,2018-03-24 12:10:23,2018-03-27 19:05:06,2018-03-28 20:18:23,2018-04-06,3c6484833ffda378fcfcdbd1a3f13ab1,2018-03-24
524ce46da48efa23b92e2efe62168f87,de39283a13721f828c6aa82ff0d7b78a,shipped,2017-06-14 07:11:20,2017-06-14 07:22:24,2017-06-14 17:34:39,,2017-07-19,887dd8e4d0dbf831071853d2b8ff5085,2017-06-14
b9be721c953bcf3a003fc4492a3155a1,c5f2638141123a751e472f59b10c943c,delivered,2017-05-28 11:58:41,2017-05-28 12:10:24,2017-05-30 14:31:47,2017-06-07 14:09:19,2017-06-27,cfe8761d625f154e0aef2c3ae31adc7c,2017-05-28
6545aea5d681938dc5f177dfe17b62c9,b63c3897b6259fc5ea20bb997624ba7c,delivered,2018-02-11 22:55:27,2018-02-11 23:07:59,2018-02-14 21:59:07,2018-02-15 20:56:09,2018-02-26,3e561d1999bcd899e4b375a388ae2bb8,2018-02-11
67d06af97696c95df2bb26acf82db637,d3ddbbd220a088a3e353cd270c184e60,invoiced,2018-08-09 17:18:57,2018-08-09 17:50:12,,,2018-08-17,7575dad0caa94d97f8e293ad8f3c676f,2018-08-09
f17270c61aed8f1df00b8dfff634d06e,f36772c70b2ced4b3468e61ba2acff32,delivered,2018-06-07 21:21:16,2018-06-07 21:36:25,2018-06-11 14:31:00,2018-06-18 18:54:33,2018-07-12,90a3d60ec349769c68b97a85d5392152,2018-06-07
2705b0c3085b59e58a22b5bed23ea614,81bf6261811882f97b22874b1c2d9cb1,delivered,2017-11-03 04:20:05,2017-11-07 07:30:51,2017-11-23 00:33:43,2017-11-27 21:58:52,2017-11-16,5657596addb4d7b07b32cd330614bdf8,2017-11-03
ccf592d5d82b80e4764b14cbfe857be8,29c1c04f23c6bce0dcb959418d6e0820,delivered,2017-08-11 13:13:58,2017-08-11 13:30:13,2017-08-14 17:35:58,2017-08-18 02:57:41,2017-09-15,0fd39850656e7e4f90ee62a86f03c3f4,2017-08-11
e243d2b9a888be9451926d6053edf2a6,1d044059d25414bea1765816c0f673b7,delivered,2018-05-31 20:32:18,2018-05-31 20:50:09,2018-06-01 09:58:00,2018-06-13 22:21:54,2018-07-05,09e1ddd9b6497a73ad5ec4c93038aa30,2018-05-31
4fbc2bd17fd14bf9e9b4f28f96351edf,948f067df4cf5b2c51054d8a7603aaca,delivered,2017-03-14 19:26:29,2017-03-14 19:26:29,2017-03-15 09:47:51,2017-03-23 05:52:21,2017-03-31,74b8735c819aa3ddb7d86d0ea39efe51,2017-03-14
8d07482cc33ee0ef531a83a05b75f61f,b65f29f78aceaa11c0fe3657d80bafaf,delivered,2018-03-16 17:25:45,2018-03-16 17:49:58,2018-03-19 19:04:14,2018-03-23 17:57:28,2018-04-04,245847a7d9c15c595ed15180c01392df,2018-03-16
e71b5af06924fcdd463a80a6d8bd1e3b,fd968a9c1ef34fa12e2e96371b589664,delivered,2018-06-15 14:30:59,2018-06-15 15:03:23,2018-07-04 10:33:00,2018-07-09 15:02:09,2018-07-19,2a3de56582da177683d25b544b495bc4,2018-06-15
835dc7ae3323802222f5f717e636e30e,f0ce7da570028c470c93faf637685414,delivered,2018-04-22 19:38:56,2018-04-24 18:11:13,2018-04-24 22:28:51,2018-04-25 14:03:21,2018-05-10,1094f6f3c038a79b09734d958228d42e,2018-04-22
9bd1b16f0da3ab4e8407a76b1d97be22,10f16bdcf86ffb64a469edf9cc2994f2,delivered,2017-10-01 11:46:49,2017-10-01 12:03:53,2017-10-02 20:07:00,2017-10-09 22:42:04,2017-11-03,35de25c73544f00e8adde226a4d1bdcc,2017-10-01
484ca594704f4ef69b286803bc8316bf,67d45ce5e10120b7d7e223195460caac,delivered,2018-05-15 21:13:41,2018-05-15 21:35:25,2018-05-16 13:57:00,2018-05-21 17:21:15,2018-06-04,a1fadc991b897076fcd8e5fc1cd4a6ac,2018-05-15
f0de831f6d96e0046743adce5f86c695,9cc12381063d59ac2f47329d3837e3f4,delivered,2017-08-21 10:07:28,2017-08-22 04:05:52,2017-08-23 19:09:50,2017-08-28 15:04:45,2017-09-11,c1b5d97dd9ad3ae1070b78e11a8c80e1,2017-08-21
03a9581b10792275c52316cbbca5810f,94fc77dc2051c809864298a90c59b7cb,delivered,2017-10-13 12:04:44,2017-10-13 12:14:50,2017-10-18 19:18:58,2017-10-27 22:59:38,2017-11-08,d08c83dd4dfd78198be8285de25ef1d1,2017-10-13
662c788b9c2ea48e41b682f578f481ec,f306df97ddae62e06c5c172fc27ea0e4,delivered,2017-11-25 17:38:44,2017-11-25 17:53:23,2017-11-27 16:47:03,2017-11-28 19:48:55,2017-12-12,3f270ebdda157931a2adf42bd1434055,2017-11-25
0bcde0684eba5746bbb90d6d9089570a,774858779c1de29d2be62401459a8ca0,delivered,2017-11-01 20:57:34,2017-11-01 21:31:25,2017-11-06 14:13:06,2017-11-13 19:23:46,2017-11-24,f944ee56d8467517955c2ddc7b0d486a,2017-11-01
9ab483dc777aa2cf47ea47d10a72c538,3d378a55242890398f31018168e1c018,delivered,2017-11-24 21:31:59,2017-11-25 00:19:26,2017-11-29 20:47:55,2017-12-16 16:29:14,2017-12-14,a4fbe39af442e8519fa5d5fd03bff3c0,2017-11-24
12cebf41d5735b3a901bc60d2a26566e,bc000f3077e678720eac36cdba124c5a,delivered,2018-05-11 12:42:17,2018-05-11 12:57:14,2018-05-11 13:56:00,2018-05-17 18:31:01,2018-06-01,ed372c577aac3894fb03832df1d6973a,2018-05-11
3e0181129c289a075b9cf01aae3ed86d,451ac8c45d5de89e09a153692b248176,delivered,2017-05-25 11:20:15,2017-05-26 02:25:19,2017-05-26 16:12:46,2017-06-02 17:57:52,2017-06-14,ce5c89c2ee6feb314a1e61ac31295650,2017-05-25
d24db146b6a1a1259d5a56d424ba59f6,e67f4b307d30db818d62f4021236dc26,delivered,2018-05-09 16:38:15,2018-05-10 16:35:29,2018-05-11 11:12:00,2018-05-16 14:22:34,2018-05-25,da796f7f3330e18ea6f35c51701f4eff,2018-05-09
11a79baec5be1310ebcd7c9f2d0ab7c1,382e52bf410a0f4c1d71868d778c0531,delivered,2018-05-09 15:10:29,2018-05-09 15:36:51,2018-05-11 06:07:00,2018-05-12 18:26:30,2018-05-22,2147d765b33adb178c5b7469171a0284,2018-05-09
e8157cf4fcea528ade55ec61d5cb074e,539d5557507d7f7b22243ed088f4c391,delivered,2018-03-24 18:27:13,2018-03-25 18:27:56,2018-03-26 22:08:09,2018-04-03 20:19:35,2018-04-13,3ac1d332a2da06dd073b6875c86f52f3,2018-03-24
93e7c3691fb66f8e336d76b73d006cc1,779eb714e5158a7dc7c2b4c82b5a5cd5,delivered,2018-01-07 12:28:39,2018-01-07 12:39:29,2018-01-11 22:34:20,2018-01-18 23:19:13,2018-02-08,60df875b0609f015dc88938968304f7b,2018-01-07
a0f980e432c8f9394766734266ed753d,bfd79932bf8a1a516868b6109c174fc8,invoiced,2018-06-22 16:14:04,2018-06-22 18:15:37,,,2018-07-05,20f3ee6344ecf045fc0df8f161aec265,2018-06-22
0ba4f7e89d304a02edca85087abfd14c,b5c1c56fe1ec3cec6893b98d90a339bd,delivered,2018-08-13 22:51:49,2018-08-13 23:04:09,2018-08-22 14:04:00,2018-08-30 23:38:26,2018-10-25,4facc2e6fbc2bffab2fea92d2b4aa7e4,2018-08-13
93c0ee237d690478ecc66db76b8365f4,d6bbe1b73b3a86b33c5cdb0b4a8bf0df,delivered,2018-03-02 09:12:25,2018-03-02 09:29:46,2018-03-06 23:41:36,2018-03-23 00:28:38,2018-03-20,65dea9c281ef7456232cf7cfa4a09d5a,2018-03-02
c4efe9b9dcdeb1a96497a8f580c1e411,d4c072d412c695fd3a4414cd08afc799,delivered,2018-07-26 09:09:24,2018-07-26 09:24:19,2018-07-27 15:34:00,2018-08-08 14:17:51,2018-08-22,128063f468c95a5ee1317b1007435739,2018-07-26
ad35e5328e8d920391d2f1914a1b510e,33119874af2f4045c254bf8da62d12f0,delivered,2018-01-06 15:07:33,2018-01-06 15:16:33,2018-01-08 21:01:26,2018-01-13 16:10:09,2018-02-06,a4aa60f9714f059fe70e99d63f65ba35,2018-01-06
a269f07880aaf28f6c7d476f8b56bcbe,1e0665b5e6d0179aa3465a016dd49b48,delivered,2018-03-13 14:53:47,2018-03-14 03:00:28,2018-03-16 00:20:59,2018-03-26 22:25:04,2018-04-18,8ee2c84bb387d1e4fbac648a5d964581,2018-03-13
85dd1b320b4d8dcb8e905abbc53f8ed0,bbaa19939d242e851e0f6013c627af35,delivered,2018-03-16 08:49:53,2018-03-16 09:07:26,2018-03-16 19:18:29,2018-04-13 16:02:33,2018-04-09,aeab2e7423d3f4f143098c9c1aac72c1,2018-03-16
c6e4a7d0a5786144ff3fe871cb2fd948,c83ee755c6457c8d152e4e5ada671d33,delivered,2018-02-07 18:09:01,2018-02-09 13:31:43,2018-02-14 22:51:38,2018-02-20 23:49:49,2018-03-12,7e306a7df32b2e8b890c0522e1bb0251,2018-02-07
405377f3183b98eb11163cfb9d9f619e,f284a7d8ad19cc16eadd4fa63d72b4a9,delivered,2017-03-07 22:47:06,2017-03-07 22:55:13,2017-03-08 14:32:10,2017-03-13 18:52:21,2017-03-28,bfc9f8ea614f25e5d1b7ab5fc728a4c0,2017-03-07
8cf5db9be7a8932fb7cb01964d811b7b,420a47b906d307d5973d55dce307955a,delivered,2017-11-24 17:27:47,2017-11-24 20:56:32,2017-11-29 17:29:57,2017-12-05 18:12:27,2017-12-19,d20346a9debc3512a598669f25d9ee9c,2017-11-24
dec5dddbabb890eefc4bf9e0b66ad1bc,f25d8576442f2eb5a76648bea92b1c01,delivered,2018-02-19 13:39:17,2018-02-19 13:51:04,2018-02-21 18:23:19,2018-03-06 20:43:47,2018-03-22,d3bd02174ce36b3de0d16717771061b8,2018-02-19
17dc1e21997af8e93c86d7f7db02565f,d3216d63ecd7b466ae3f3eeaab37cdc7,delivered,2017-12-16 17:46:48,2017-12-16 17:56:29,2017-12-18 21:44:46,2017-12-26 21:13:37,2018-01-16,03f8cc5eb864ffa50cb73bdf07a7b1e9,2017-12-16
57cb57d559e32eab26b8eeaec5514b3b,2edac855eba5bea5a8c13af1630a078a,delivered,2017-11-24 22:03:26,2017-11-25 01:31:36,2017-11-28 14:09:42,2017-12-11 18:59:47,2017-12-21,ecf0e608ecc221e4b983cbd421ba228d,2017-11-24
e92b69e2e3106b4df04098d3f92d4c18,04ca69cc705242a6cb2465813eab22cc,delivered,2017-11-25 00:12:11,2017-11-25 03:10:52,2017-12-01 20:13:11,2017-12-05 18:42:23,2017-12-11,9b29bfcfd2f23ebfce73ad908e474d2b,2017-11-25
16122f8c266bab7e444b39ecba27c9db,c3fbafb9ba012c4b202de6e8f6f69060,delivered,2018-05-13 12:26:09,2018-05-14 12:40:04,2018-05-15 10:43:00,2018-05-21 18:26:58,2018-05-30,f316ea6851f67646c4d5a2b10f1fc6cb,2018-05-13
8237087537c881d90057c801bfbbeb83,3552e21b8471c8d3b2a958fefa3aa3de,delivered,2018-02-02 18:31:49,2018-02-03 02:53:59,2018-02-07 19:52:36,2018-02-24 21:54:12,2018-03-05,59c0b324d050ff3f4fa0312c494e2727,2018-02-02
328978d6ed70a17301a26ffa09b7f1a8,51a8e8a5de7357311fc3c03dcb8de5df,delivered,2017-03-14 14:29:00,2017-03-14 14:29:00,2017-03-16 11:00:17,2017-03-21 12:18:40,2017-04-11,331c762c0963410d350e0a771fdfdcca,2017-03-14
30f9a1ff42cc19d532df1d4431a9ac4d,9ec646fcbea9871a37321f99cbb761fc,delivered,2017-09-06 00:24:39,2017-09-06 00:50:11,2017-09-11 16:13:33,2017-09-12 18:21:41,2017-09-19,a0d3dcd779097f46b70ace35204f69ed,2017-09-06
7150a9da273995bcf6c7c5beeb3e5c42,faf818567611ff0f84e721322fb8733f,delivered,2018-07-18 21:21:02,2018-07-18 21:30:20,2018-07-19 11:15:00,2018-07-27 11:24:51,2018-08-10,9fbc6085aef8a6c39c5c177e7634c4e4,2018-07-18
435776d6cb482a197e1300c0d7ec2312,a4fb7ce5087d905e34e3b4bc216b6148,delivered,2017-03-25 13:53:36,2017-03-26 14:02:16,2017-03-28 14:27:19,2017-04-18 11:38:10,2017-05-02,46984e983f6a40f939ebd0ee1ddca314,2017-03-25
ac68b19902b80f75c025b4646f1d9e7c,7a09a1cba99e4ccfe5ef487f4ec362fd,delivered,2018-04-03 12:19:18,2018-04-03 12:35:19,2018-04-03 22:47:29,2018-04-21 00:57:34,2018-04-26,46b290a968eda48fc92ecfaa5de3c500,2018-04-03
7abe199d448d327b3bb1150d2cf17ca4,68c91dbaa5922498621df16452ad4991,delivered,2017-08-06 13:59:41,2017-08-06 14:15:18,2017-08-08 16:17:40,2017-08-09 19:04:40,2017-08-18,f730ff2a618595c34b0a826768212bdf,2017-08-06
7d576f29bdf44b7857414baff1c788b1,717be95b354f9e952da717a5f715580c,unavailable,2017-11-12 17:34:16,2017-11-13 11:06:46,,,2017-12-06,f567304f84e1915e1b870a66d5225806,2017-11-12
6b1684d215845905bb180301c9562738,90b25fbc512bf1df7017c9c5bdc7561b,invoiced,2018-03-15 20:26:18,2018-03-15 20:48:40,,,2018-04-04,1d9e47332af741fc5811555898c0afe7,2018-03-15
7870e4898f865975acb43fb1c282f4d3,b7f9c7a0b694d1e97d28d3406e994d1e,delivered,2017-08-06 17:26:40,2017-08-06 17:42:58,2017-08-07 18:31:53,2017-08-08 21:35:26,2017-08-18,64b1fe81d42876dd76fced8889fb015f,2017-08-06
12dfd48a9e526859cc845d4856be12eb,99aed5ee153dc29a704ba0aa13056d2f,delivered,2017-12-01 14:08:31,2017-12-01 14:17:28,2017-12-11 16:03:20,2018-01-12 00:15:11,2018-01-05,b0eb9da054d6c677ba2cebec794b7c4f,2017-12-01
9305a270ca278682f9c01c69a3cdfd9a,acfed1433ad9a30e9bb860a3a5ba8316,invoiced,2017-09-23 20:26:43,2017-09-23 20:35:24,,,2017-10-25,7d298b1b859f24ee0433f382154b6190,2017-09-23
f1947038bdbb0dc6cfbb332abcd60221,44d1618af102390be343c3c8211bf42f,delivered,2018-07-22 08:51:17,2018-07-23 11:31:52,2018-07-23 11:23:00,2018-08-03 16:47:37,2018-08-14,e9bedb18372dc8fad6ddcd1b571f297b,2018-07-22
ed60d6a05819396ce59802cc9c78007a,2718df26d5ca33e1da1919c0ca8d00fd,delivered,2017-10-14 19:10:02,2017-10-14 19:28:15,2017-10-18 18:37:53,2017-10-26 21:35:50,2017-11-03,682815d59893df1cfcff0fa21b765fa9,2017-10-14
84d27863cf4593bdc358f6b17240a3c5,36578b0c0b959dc3b01f093b6a96bf00,delivered,2017-09-22 14:10:23,2017-09-26 03:49:22,2017-09-28 18:13:01,2017-10-03 21:47:53,2017-10-19,fd371eb81854829e8eb8f13e522c0f0c,2017-09-22
d80b2f94bd1ae8c94f10c5084b1ee36a,97a93a4bdba637fac900b164e11b7e98,delivered,2017-08-12 17:41:29,2017-08-12 17:55:14,2017-08-14 19:27:46,2017-08-15 13:26:31,2017-08-25,41d2b8774ddeb697794fb7af7bc05880,2017-08-12
5c52dc3b81ce140a01f336a2d77a91e7,3e56ca02c967da58ac214fbc94d78df3,delivered,2018-05-05 13:57:37,2018-05-07 21:32:03,2018-05-08 13:17:00,2018-05-10 19:38:22,2018-05-23,5c67e973d6435e4012451892d3aadd81,2018-05-05
790eaf31f63a94f924509397ed8b15c2,8751b3e674f462b898aeb98bdceef9d4,delivered,2018-07-19 10:14:14,2018-07-19 10:25:17,2018-07-24 14:47:00,2018-07-27 13:02:51,2018-08-15,c4d989c7f800f0c2a52d1843f9d36e42,2018-07-19
d6acdc262a2077df3faa69e3d3deca2b,5e223ccd16a56318f0f2a841f34a94b9,delivered,2017-12-26 22:01:06,2017-12-27 04:12:35,2018-01-08 13:34:19,2018-01-23 19:13:50,2018-01-19,96841ce138e9419e8a447102c27ce7bc,2017-12-26
4472eca3b65b1dca5e0d59c0e4e0c6bc,5775437e881f0a230649f5c63e1f9241,canceled,2018-02-10 07:39:19,2018-02-10 08:20:22,2018-02-15 22:22:46,,2018-02-26,1dcc7becfd4d62e031998c70eb24bae0,2018-02-10
d5178e0be8a5c76644351dfc6eaddfb2,3d9a21e8e8e7b1840707c7520c023f90,delivered,2018-04-20 13:29:14,2018-04-24 18:39:38,2018-04-23 19:34:51,2018-04-30 17:22:43,2018-05-18,9cf26dc1b20927c3c7f8a7de74e40aed,2018-04-20
8ee8ecf06cc74217d7cb0295e521a37c,a1f665007f4f5d36307cce660c3a34e7,delivered,2018-01-10 00:49:46,2018-01-10 10:31:54,2018-01-15 16:36:54,2018-01-25 21:35:39,2018-02-14,331dc230afcd2ee9910c68f1790a0582,2018-01-10
99792ea43b9b529b7866c142dce5ad7c,fac6817fa291e83aab3d7526b54bbec7,delivered,2018-02-24 09:45:45,2018-02-24 09:55:36,2018-02-26 23:27:01,2018-03-21 14:36:03,2018-03-26,356093490248ba97a85602275142dec5,2018-02-24
6635b3b5c0e7f509b5b523f0527b81f5,a1453efd1a564d5e2984bb4626505faa,delivered,2018-01-22 13:24:20,2018-01-24 02:52:38,2018-01-26 17:05:12,2018-02-27 20:47:44,2018-03-02,917f3a762ff75778673fff6067000042,2018-01-22
8cb5a254ffe2441703d5cb9c2c337e4d,27593c5ec4d2cce244cec53c38e7a742,delivered,2018-04-24 09:01:22,2018-04-24 17:44:20,2018-04-25 12:45:00,2018-04-26 19:28:59,2018-05-10,2811fa922f83f29c9aa74f58404bc7db,2018-04-24
af7f16b96e01b9947638321949f672d5,87863ad6c20c831af722c2401a1daf59,delivered,2018-07-06 10:45:51,2018-07-07 04:48:22,2018-07-10 15:03:00,2018-07-14 14:48:27,2018-07-31,b896655e2083a1d76b7b85df8fc86e40,2018-07-06
7472a7af8da923995455305668975074,bbb03db80916f67f5b072516390bb4cf,delivered,2017-10-24 09:52:57,2017-10-26 03:09:39,2017-10-26 20:17:56,2017-11-04 03:57:16,2017-11-21,53daf53a491c3afaec6ed47e3e761511,2017-10-24
1a0947b062b99b0dddceccfdf2405039,b0adfd770ceda84fe1bb05e724cccea1,delivered,2017-10-06 17:12:13,2017-10-06 17:26:36,2017-10-07 14:50:15,2017-10-16 16:15:15,2017-11-03,84948505177126fc3996e9f1ef83e631,2017-10-06
a8364ce562b11418d525dc825099c431,617be02bd0adff180b9ed11ed7668a72,delivered,2018-02-14 12:35:02,2018-02-14 12:55:50,2018-02-16 01:38:51,2018-03-01 14:57:33,2018-03-09,786165c8823a3fd635edab35df391d27,2018-02-14
e2333353b1155d708cd57467bd7be121,5699303b3e4abfe339a1fdf93b8ab014,delivered,2017-08-11 15:26:02,2017-08-11 15:44:07,2017-08-15 09:51:40,2017-08-22 19:29:04,2017-08-31,cf5c7635240dca5beb6f7e5e7d9a08d6,2017-08-11
9f9fbc0e7d68d4fcbecc49a5e92b41cf,7f6447b2b23e17b3551bec3dcb4f9301,delivered,2017-12-16 00:30:02,2017-12-18 16:31:54,2017-12-20 15:07:22,2018-01-03 21:37:07,2018-01-16,b5e5fa1268db5aa96a5062853fd1891e,2017-12-16
87e3416e2de0152a60d621b4b22c8cc1,48d19db6e36c86234c34e847cee283e9,delivered,2017-12-14 22:11:05,2017-12-14 22:55:46,2017-12-20 17:04:16,2017-12-29 19:39:06,2018-01-10,7faffb5b4222360fb68e1bbfde4ccf19,2017-12-14
0e58265fb71607725cac1432c6c944f2,1595b02112f2521f2873e2edae918aa6,delivered,2018-01-23 20:05:38,2018-01-24 02:35:42,2018-01-24 17:27:11,2018-01-27 16:33:01,2018-02-07,29b7dfad537b0a7ad6b45fbbdaa22e72,2018-01-23
66b7e4ff35d62613a10899d4eb442216,4ff641591219dcd73b025f1081674247,delivered,2018-07-23 00:39:48,2018-07-28 23:31:04,2018-07-24 14:38:00,2018-07-31 23:38:35,2018-08-09,ece905d3c9bb0dc1665e13caa84ab302,2018-07-23
54a321486a622129adda771a323501f8,a22de42cdb14daab6c9a294ed8c1f15a,delivered,2017-08-01 14:08:34,2017-08-01 14:23:52,2017-08-02 16:37:59,2017-08-17 16:49:26,2017-08-31,02b3eb3619fdcba4c5a8e5d9ad6c97f2,2017-08-01
ae64e2ba5ff3e9ffe94fa1c7b844b745,ca5fbf3bd965b0c278bc60d2b80c3cc6,delivered,2017-11-26 12:13:45,2017-11-26 12:34:37,2017-11-27 22:46:55,2017-12-06 15:28:41,2017-12-20,663eebcc5935ba4d4eac4d9495af15bc,2017-11-26
cbb39c59f8084f27c248bd5c3a1cde7b,5a1b3cfe4361ec9d9baabe656a05c00f,delivered,2018-04-02 11:58:24,2018-04-04 03:30:22,2018-04-04 23:50:43,2018-04-06 23:32:19,2018-04-12,a31d723e3056ef6ddca7b2aec4ad6294,2018-04-02
4fe844d80625f6be3adc06cdfedc1108,377a1c43185f9e51bc117b1a517fa65d,delivered,2018-02-01 14:00:42,2018-02-01 14:15:27,2018-02-02 21:15:11,2018-02-04 15:42:52,2018-02-19,73b9bca266a6abf76547ac5992d2bdf5,2018-02-01
5137d2621656ff029745600e991f1835,a128541cb76a69397001530fc8eae67f,delivered,2017-11-25 09:50:00,2017-11-27 18:11:07,2017-11-30 17:15:40,2018-01-08 19:48:33,2017-12-21,5ac168e8bb77e7e8ece45cb166d5a42c,2017-11-25
0a499296998c5b2e877297984bdf657c,39860c1476da3e80b10d2af02d2e1a7b,delivered,2017-03-16 10:03:53,2017-03-16 10:03:53,2017-03-16 15:10:23,2017-04-07 13:47:59,2017-04-07,306ddc273a21c3bdbba1c1e01b443b60,2017-03-16
317e2a850e41487363a134bb3369262b,634df8e0e275262ab76a3d15a07ddbac,delivered,2018-08-14 06:34:28,2018-08-14 06:45:10,2018-08-15 14:09:00,2018-08-21 15:18:52,2018-09-17,bf1026701127b0a37adaee9a23d36f4f,2018-08-14
39abbbed01c79f6b367a56bf5905da34,d62ea309fcc28ec855324d8055ce2aea,delivered,2017-07-14 15:51:06,2017-07-14 16:05:11,2017-07-20 16:39:37,2017-07-21 17:55:50,2017-07-27,5ab77444956339264bcff5c82ed85f22,2017-07-14
4e3cc1c522e0aef1e726d2f9eaeb8807,48ffb27b100e6e986744322a54733643,delivered,2018-07-04 14:47:12,2018-07-05 16:32:54,2018-07-04 14:40:00,2018-07-09 19:46:43,2018-07-25,321bb9ecffb44694afebeba3eaff7dac,2018-07-04
b133041f435fb36b9569e761f56e10c0,293997bf41bcd176f302d7ebc6c49684,delivered,2018-06-15 19:41:25,2018-06-15 20:03:24,2018-06-18 16:27:00,2018-06-28 19:06:46,2018-07-18,8ed7e1d78bde73150a006f32f0f4f202,2018-06-15
ba726c9844d9393a779180c32dbfa0eb,c39c0acb50acd91213bd5ec365926c83,delivered,2018-04-30 17:21:44,2018-05-01 02:53:01,2018-05-03 06:32:00,2018-05-08 14:38:53,2018-05-18,5d157ee414a8fbe24f053775f4ebcf32,2018-04-30
08225af20bcc4b379e2019b723e44a45,f56d77e36e3973c755ea8e55d1bfac81,delivered,2018-02-04 23:21:11,2018-02-04 23:35:27,2018-02-08 00:47:57,2018-03-07 16:12:16,2018-03-08,f035b5007223f4aff6d6a1c02e2b0a34,2018-02-04
821c1b3c87d17a24efad81096bee5f09,24455809d8e25059274e820cc202b50a,canceled,2017-10-21 17:39:23,2017-10-21 17:49:28,,,2017-11-03,4628eb5d381e37b130a6b0cb32110558,2017-10-21
0b5e170e94809753b83e7770cfe6bc4f,96eabda898a7f9126f253a6cd3d01c4b,delivered,2018-01-31 23:14:15,2018-02-01 03:12:06,2018-02-01 21:48:30,2018-03-06 20:04:12,2018-03-16,b2b3bf7bed51d6b3bf22cc3a1373fd7a,2018-01-31
2873081ab29eb52a684fc606e602f2a6,e748bee251c369a98cd9b20671605f10,delivered,2017-12-29 14:28:27,2018-01-03 04:17:38,2018-01-04 16:40:00,2018-01-16 15:48:43,2018-01-24,1d8ce2a8a99176b4f5cbb95657780a2e,2017-12-29
b4d84c94b807c15d5499ce40b6122efd,2e460574e3012e1d2383aa85bb954772,delivered,2017-05-11 12:07:25,2017-05-11 13:05:35,2017-05-15 06:28:10,2017-05-16 22:39:44,2017-05-19,1b830d5de10304195ed5168c2eb936c9,2017-05-11
396ca10a49401efb99c1e55716800936,ea8a51f54b0118c85a5b4a674a586409,delivered,2017-12-04 15:58:09,2017-12-06 02:38:34,2017-12-07 20:44:30,2017-12-20 19:48:37,2018-01-02,b5ce74f4b3de9a2fc7271531081698fc,2017-12-04
224417719168eaea9497efd016f3bd43,71f231be6ae63347086bd8d1555b766d,delivered,2018-07-18 09:52:09,2018-07-18 10:02:04,2018-08-03 14:12:00,2018-08-13 18:44:29,2018-08-22,f8651ac094cfa53d227182ce612917a6,2018-07-18
ee5e59dd35aa71f46adcd545eee0c87e,28f59fee437471a527e0e47e766f4f59,delivered,2017-07-13 11:22:10,2017-07-13 11:35:11,2017-07-13 20:02:52,2017-07-18 18:48:31,2017-08-02,310334d50b302aec6d93cfb4f96afa0b,2017-07-13
59b16f8ad42d4ca115b579dca32f7e76,3a79e8f2113ab89554d67a50e53debf1,delivered,2017-05-28 13:39:31,2017-05-28 13:55:17,2017-06-01 10:39:53,2017-06-05 17:57:40,2017-06-19,43ac999caaf5ea6271440d391d4e9ec4,2017-05-28
342426d7317aac507750dd7c1c9e1014,8497dc2eeac7315dea29803992fb1b2c,delivered,2018-02-01 11:06:24,2018-02-02 11:55:27,2018-02-05 19:24:28,2018-02-06 16:35:38,2018-02-19,386d487cf1530dff95c7d2201170eeca,2018-02-01
1eb9380debdef5728de9246f8f884f95,601000180d6e570af83559b7baa70931,delivered,2018-02-19 06:52:54,2018-02-20 07:07:10,2018-02-21 16:39:10,2018-02-22 17:27:19,2018-03-05,7e1ce3b0106c1f460834a39aea0fc656,2018-02-19
c53b0fc1c72d7bda1f878a03bb49bb0d,7fef300de8ad3161c1ce5697b2c48078,delivered,2018-03-30 14:16:58,2018-04-03 05:28:25,2018-04-03 23:08:37,2018-04-05 01:05:15,2018-04-12,8cb0a62e8c536632e7c0a985166a089b,2018-03-30
f0c04ce2856f738a0d783b126692a0ff,eeadac9b0fe825a38f5935b801e3937b,delivered,2017-07-06 23:49:03,2017-07-07 00:43:22,2017-07-10 15:13:00,2017-07-13 17:07:33,2017-07-26,ab1a269cdea95bb422e304ea27616e67,2017-07-06
291cc6d48f9475a822aecd9c9a78d4ac,cdf54352d65d0d97dfb6064f119af75c,delivered,2017-11-24 01:35:16,2017-11-24 01:48:24,2017-11-25 16:46:48,2017-11-29 20:03:40,2017-12-12,edb73fb9e9c6e283badde40e37f5c9e5,2017-11-24
cdd28b19608da7e96804c00fdfd2faf2,6321967be34f1f61327ad2af4857f65c,delivered,2018-01-14 16:26:03,2018-01-15 16:31:10,2018-01-16 18:34:48,2018-01-22 13:32:28,2018-02-09,d1e168c5731277824b65a332cd7a99f1,2018-01-14
57c28fab977b1d61c2b5612548fda073,fda1f3693c66c39dcdc4160749ba062f,delivered,2018-02-28 16:12:15,2018-02-28 16:29:57,2018-03-08 02:33:25,2018-03-24 16:16:38,2018-03-26,fb37b564ebbc8a5591a65b9cfa3d501e,2018-02-28
7770f0fa803309f7765d9c449f1a7db4,fa753711fe72433b2d40f06d300f097e,delivered,2018-03-19 16:54:42,2018-03-21 02:51:00,2018-03-22 20:12:55,2018-03-29 21:09:50,2018-04-06,725edaaf9b82ca7fdb9545c3e913f46f,2018-03-19
bfd2cf5a993d1f386d0ba7fe0cfe6b7e,6d1a3e9eec0461474dda136c92a61a7a,delivered,2017-11-10 14:15:44,2017-11-11 02:56:12,2017-11-17 11:18:59,2017-11-20 19:12:23,2017-11-27,5fd82666f1e64606820d24e3fbb5d160,2017-11-10
b95698cb2b294e6656ad89f313fab791,824378e2e7b939ceb7f83eae6ecd0911,delivered,2017-11-20 21:17:39,2017-11-21 21:26:10,2017-11-30 17:53:17,2017-12-13 19:13:40,2017-12-21,f7dcdd8ec6fadf25e6f0b5a2a20b8376,2017-11-20
513b6592fe9a0b61ad5be337680b84d0,46b5eb3e7ed10cff6f8310d7dd721bfd,delivered,2017-07-07 11:14:04,2017-07-08 03:35:10,2017-07-10 14:03:26,2017-07-19 13:53:01,2017-07-31,1a308f67ab6aa0f6c7be8b013ef8bc39,2017-07-07
906be41c08c186ca1b3152e6e9a04ed4,20d4c91630e708521b70462bfe7a8418,delivered,2018-04-19 16:11:05,2018-04-19 16:58:07,2018-04-25 14:24:00,2018-04-27 18:54:56,2018-05-08,e50569b62165a28a0ae455cc3654d277,2018-04-19
667a6d329a62f026cfb2e41a6510a858,ad8b48d037b4bf765b31c022ab7972e2,canceled,2018-02-27 10:12:23,2018-02-27 10:30:32,,,2018-03-13,452b6dce944359e5fea9c6144484a9bd,2018-02-27
086f8f18f98299e22931d762c63db2b8,e000c51c02fb75809f4f2864f87fcb12,delivered,2017-11-16 17:02:25,2017-11-17 21:15:51,2017-11-20 20:09:58,2017-11-24 18:33:55,2017-12-15,46e8adbe1802b0aa1d172eb1a4eba9fe,2017-11-16
88fe4d922d314b99b95d77628dc7d0a0,0c307086df43cfe61d995c90c01a9607,delivered,2017-11-24 18:16:55,2017-11-24 21:36:12,2017-11-28 22:03:50,2017-12-01 20:32:56,2017-12-14,dd40cca4776a4c919c238c96f298bba4,2017-11-24
767dd7bdeb5f5d8f1840145a3e898bc2,91693fdec54a003591f8786b71c52fec,delivered,2018-05-23 17:43:11,2018-05-24 18:23:01,2018-05-29 14:38:00,2018-05-30 18:55:41,2018-06-08,a2cab25fa1a8a53ba04f8e7a78594b32,2018-05-23
a6a79f22b18545c911da156420ae1e67,2ca75833234da2e8a01f0b900d6b7fe2,delivered,2018-02-23 17:50:23,2018-02-23 18:30:29,2018-02-26 19:19:59,2018-03-08 18:51:32,2018-03-23,e285c5cc7c628410bcbcfe20277fb1ce,2018-02-23
38606eb20bdd1b2f56309287e809510d,526183218f54a9fb62f0c1318acf32e3,delivered,2018-03-22 09:19:59,2018-03-22 17:08:49,2018-03-27 01:13:31,2018-04-19 23:16:57,2018-04-11,eef5080070de7759052192f7c077c250,2018-03-22
ad9a7a5732e10876e711ca49c3f0c11f,a1e89f19c9574524ae71e53f9013d979,delivered,2017-11-28 17:43:07,2017-11-28 17:56:39,2017-12-05 23:19:00,2017-12-12 01:24:56,2017-12-22,3c5f339bf43094923d5f17891f90093a,2017-11-28
ab7645aa9bb508419e3dfcd8805edf76,e7da42975653f8bcc8311bdef3847164,delivered,2017-12-22 11:42:09,2017-12-22 11:52:31,2017-12-27 23:03:15,2018-01-11 23:09:39,2018-01-26,bfae1c50f6bf7e974c50b26af01e4a77,2017-12-22
87a6714a3d067360c32393b2889a1726,208351e39f4ca153f72012d7a6ba23b9,delivered,2018-02-25 18:54:15,2018-02-27 04:31:05,2018-02-28 16:37:16,2018-03-06 02:04:12,2018-03-16,969eb8bf4c0fce047dfd0ee78ce9a205,2018-02-25
53ae19e61b64511503fe8e4ccd3f7f7b,521861ffb08358d8ac87c610b2aee606,delivered,2017-07-14 16:11:34,2017-07-14 16:25:06,2017-07-17 17:12:28,2017-07-28 16:37:52,2017-08-04,a5c9660af607788526f45b6774ac2594,2017-07-14
00ea690fe8c5eba029a3884243a02352,9d7381a45eebf403b3b830a9742b928b,delivered,2017-11-25 01:49:52,2017-11-26 20:13:19,2017-12-09 00:13:02,2017-12-18 15:33:12,2017-12-26,9403bc2d1bc24edda854c1c389c14da1,2017-11-25
58fbaad9a29e6929f8e0281886302d8b,b6cbc64a76fc19bf964f8397cdd1471a,delivered,2018-07-02 09:52:25,2018-07-02 10:10:47,2018-07-03 07:41:00,2018-07-03 23:52:11,2018-07-16,dac45a26008b99c79d54206314cb2919,2018-07-02
3198796f14214053998f8f2eca1c9c59,085fda9ad0f070bc313c536d8ce07882,delivered,2017-05-24 09:12:10,2017-05-25 09:22:33,2017-06-05 17:38:34,2017-06-19 19:32:29,2017-07-03,ad2daf149c137256119cfd7eac3637c6,2017-05-24
a1507471bbdff217f9247b6fc3bedc53,ad0c35291897fe7676b70f34277553e2,delivered,2018-04-02 00:31:04,2018-04-02 00:47:44,2018-04-03 19:47:42,2018-04-06 20:53:33,2018-04-18,7aeb3fe3a6455bcd0cd015e57fc75925,2018-04-02
0e267661d8b529cca5d38ca34716b3ed,cf03fb26e6e79189fc120e0371240ff2,delivered,2018-05-05 22:09:43,2018-05-08 04:33:53,2018-05-08 13:44:00,2018-05-14 15:22:28,2018-05-24,5622bbd43817a9bc974128b9c78030ec,2018-05-05
ca0aec022ade40e435aa800a29981eb7,9710dff12838bcb8c0c63ce65752c864,delivered,2017-04-11 18:29:35,2017-04-11 18:42:04,2017-04-12 08:27:54,2017-05-10 12:53:10,2017-05-15,8364e3d88524b949c7e2b5192c7bf368,2017-04-11
d8523695fd09e96dd93c94cde119c037,b62b6b8762d3be392c8a2d6acbd3c881,delivered,2018-04-16 21:23:27,2018-04-16 21:52:25,2018-04-17 17:50:52,2018-04-24 17:03:04,2018-05-15,3366f554757da30446c5f0ba9f3c8e91,2018-04-16
2af8c95ec50f6585484dfcaabb9b9b67,23bc5df9b0713722b017fa1e1bcf30bc,delivered,2017-06-06 18:52:38,2017-06-07 02:32:39,2017-06-08 15:11:23,2017-06-19 19:44:50,2017-06-29,a147a860f58faf7715ae9e9e5c1e49a0,2017-06-06
8599e76adf580692cddfebfcea8042f0,d19edad236156a06d87428469b342205,delivered,2018-02-24 15:42:33,2018-02-24 15:55:38,2018-02-27 14:22:46,2018-04-04 21:14:54,2018-03-22,973fe649ac96d8a5764ace509f146b0f,2018-02-24
a826cc67324e880829ebd6954f6ed5e3,927d6e7701e11654a585a2dc56cb4c23,delivered,2017-11-21 17:02:45,2017-11-21 17:11:22,2017-11-23 19:52:59,2017-12-01 18:13:42,2017-12-15,cb7d6970d2b2cc89fdeed002017079f4,2017-11-21
f5aa1edb9fcb689d509794aafb9ee0dc,b3898bfaf96f49102ab3a0e225f17852,delivered,2018-01-26 11:04:00,2018-01-27 02:50:35,2018-01-29 17:12:53,2018-02-05 21:15:36,2018-02-22,1d9c3ac4ab6cee057dd269dd47e75cb4,2018-01-26
95e418ea130a24742051eb864d986af5,c7af50844dc871ad6300f7d58498df9b,delivered,2018-04-21 12:11:02,2018-04-24 18:34:12,2018-04-23 18:46:51,2018-04-26 19:25:45,2018-06-06,6cff9b48c421876c5595aad7913b4806,2018-04-21
18566c7a35287580c5ae220d2e5c84f4,bbf748f4decefc4953e8ef479b2d435a,processing,2017-10-09 15:58:32,2017-10-10 20:50:09,,,2017-10-31,9bffa0e4138ffa69f88c783bb5a920cd,2017-10-09
d33be829077151dda20753366fa25927,25995fc0a4d5bca402a0a651e38aecfb,delivered,2018-04-07 06:46:26,2018-04-07 07:07:51,2018-04-10 02:12:36,2018-04-13 20:26:43,2018-05-03,b972919980d1ea34f7c595346f354605,2018-04-07
cbc956fc2a27bbc8dc18bd3a27ce7127,7011f4155b42c995054d9700c975f724,delivered,2018-03-08 11:40:28,2018-03-09 02:30:39,2018-03-09 18:08:23,2018-04-27 16:29:03,2018-03-27,b17ed96ffdf66518b4cf65e328298e7b,2018-03-08
790d7fdb41e9a2457520208c7a7eb0ca,22d27f7b57908f1e8c9982bcf920bc88,delivered,2018-01-15 10:01:54,2018-01-15 10:30:28,2018-01-16 00:18:06,2018-01-31 19:55:01,2018-02-06,225b753a171e85ca58b67d5307ae5870,2018-01-15
d52d8b400bb758fb5b25ca1af464f814,129ae9b07360545f7752ed4251ea5041,delivered,2017-11-24 00:24:32,2017-11-25 05:50:02,2017-11-27 18:53:18,2017-12-02 17:27:04,2017-12-15,772280d084fdf8e95c1e7b2321de7f30,2017-11-24
fa10e2525a383d23880eef7f85d6945f,448d3f4f1b5f4a142b0d8736c66ba398,delivered,2017-12-11 12:54:37,2017-12-12 03:56:28,2017-12-12 18:05:28,2017-12-26 19:25:00,2018-01-09,ce3c8126ace853411f246eda4a3e540e,2017-12-11
85d8650f82d9c340bd53a17c2adcdced,5626650d4ff662ebbb6bcd7e126fd6d7,delivered,2017-11-27 15:51:23,2017-11-29 02:19:58,2017-11-30 13:58:58,2017-12-15 20:48:42,2017-12-20,88b24eae074d0cb324262f6df017ab21,2017-11-27
2db03cab424d6d9008c2dce7d6757ef1,e8a45e0dc990d5f668877abe22e2db2e,delivered,2018-08-09 15:00:58,2018-08-10 03:15:11,2018-08-10 13:36:00,2018-08-20 22:36:50,2018-08-23,ffe204b1bb8026741b839085b2fd10f2,2018-08-09
a58501933b951c0ef69c4a50f9c31c95,87daa89808a5dc8c4910c496b33a5e18,delivered,2018-03-08 22:30:09,2018-03-09 00:55:13,2018-03-09 20:13:28,2018-03-21 21:33:32,2018-03-27,d8c6ce3a190b355ac4596bd5c5640664,2018-03-08
309d93b13e288fdf8b2f10db048f0f69,b7fb62f14c17de6c1cb77ed5330dc869,delivered,2018-05-15 16:01:56,2018-05-16 02:53:53,2018-05-18 10:25:00,2018-05-24 00:28:29,2018-06-04,463d6437947645e6aadc5786034dddc3,2018-05-15
e45cd17d2a71cf962914a543d8cca5b6,32282d611772d83a29eb4360b724c55d,delivered,2018-07-23 00:21:22,2018-07-23 12:31:54,2018-07-23 15:24:00,2018-07-24 21:48:43,2018-07-31,cd0999d3eaf80379f35397a0941a5b20,2018-07-23
d809c236053cf2dc908107360b97302e,d08010b90306a39765dc8ea6b95c7d0f,delivered,2017-12-03 20:37:29,2017-12-03 20:55:16,2017-12-04 18:51:24,2017-12-11 20:13:30,2017-12-29,7d2829c2222be0a081bcf2d4d3d540a5,2017-12-03
b626a11507dbce56f74a5b1b1a6af615,fd5878d884704e7165c352d83b9cadb7,delivered,2017-01-23 22:29:40,2017-01-23 22:41:58,2017-01-24 08:19:20,2017-01-27 11:34:04,2017-02-28,83f7b04d3399b939076a8cc0572b4000,2017-01-23
a217507ac495620d9a403939c9604703,33e121698cc308d56daa525cf4d590fe,delivered,2018-08-06 13:28:18,2018-08-06 16:55:30,2018-08-10 15:04:00,2018-08-17 18:11:35,2018-08-09,968605addea83ba0ae067377fa1e25dc,2018-08-06
9400d8dac20b5beae1c2833bf7dc440f,43a23ff9af0c723b18ab653e17fb4e14,delivered,2018-06-10 12:04:13,2018-06-10 12:17:36,2018-06-11 12:57:00,2018-06-18 18:56:29,2018-07-03,633298c0361135a8a3d520ccbc17d2c3,2018-06-10
3ecd4d06af8d5179eb36b73b96f88f2c,e24c0945fa2087c097670b25251de11d,delivered,2018-07-04 15:57:32,2018-07-05 16:32:47,2018-07-06 07:28:00,2018-07-11 18:18:17,2018-07-23,6f509b3da4132f74e78c9d9fe5525b6a,2018-07-04
04689f2d82bbf4efb4cd3300961d4211,76621e79f527ea4202b8f05ee88ecd54,delivered,2017-06-11 19:43:03,2017-06-11 20:05:10,2017-06-12 19:27:47,2017-06-19 21:07:41,2017-07-12,128e4b25ce222d138da346b4d5f91bb6,2017-06-11
94de210268ddadb6c8e523a716f96164,68d71b7a75306be42e90795009f2a8cc,delivered,2017-10-11 12:55:32,2017-10-11 13:07:13,2017-10-13 15:55:53,2017-10-16 21:19:22,2017-10-24,589018d1e27d800dacec0dff51931ab3,2017-10-11
c02d8b5948dda3c7be497b0349c7256c,98f28fffa1c9e07ba5a33cb690eb33c4,delivered,2018-03-08 19:38:25,2018-03-08 19:50:34,2018-03-09 18:58:35,2018-04-06 17:18:39,2018-03-28,f4175f11e530f6cdbb97cc95351460f8,2018-03-08
99c254ee6e59f7fa7bfa6675933cbc04,d93c4debe6b53c79a03f1d13da6e5b9b,delivered,2018-03-09 20:19:13,2018-03-09 21:20:28,2018-03-15 20:18:25,2018-03-23 17:26:53,2018-04-10,58768ae876f6bea7622e2e765b04a08e,2018-03-09
76ac5a9b38c945eb910681d171e98c55,7cfc40e1c9c256c761f4a55ab39d9d62,delivered,2017-07-14 17:10:12,2017-07-18 05:55:39,2017-07-20 17:31:56,2017-07-25 22:17:55,2017-08-04,608646d3514cc48a27d666e313cfe0cc,2017-07-14
21f4b58b45fe418aed605934ec0ae1d2,58c64ba24f392c8b7d9391d22b3c34de,delivered,2018-07-12 11:42:05,2018-07-12 11:55:20,2018-07-13 15:01:00,2018-07-20 17:24:33,2018-08-02,26d32698f8b6644adba42fdd2d226407,2018-07-12
26ba119cb1ecc9d4a697d0c6e077b88e,c1b08ec078e0bd97c1a015357de32a7e,delivered,2017-11-12 17:52:41,2017-11-12 18:07:15,2017-11-13 19:22:08,2017-11-23 20:14:52,2017-12-01,867ab3f8d3ca7c9a3f6795bf80f439fe,2017-11-12
c459d8ba2ab3f1d559fefa7ef0977cb9,872e8f8c0b4df3c1c97b0ce2fdd2d248,delivered,2017-12-22 16:14:43,2017-12-22 17:02:15,2017-12-27 10:58:52,2017-12-29 20:49:39,2018-01-19,68ac4eadc76cd39331444c7eeb10ccc3,2017-12-22
7290e4e9da44a65e4da02e797ec28037,d635279811f9acbc630d3558881c73fb,delivered,2018-01-27 12:30:29,2018-01-27 12:53:27,2018-01-31 10:58:38,2018-02-07 01:09:04,2018-02-23,d17260d506e4b2425f0b77a3416be289,2018-01-27
4410b6f844fd4511b1ce28083c2f2eca,668ae42be228a2b9f3e0e1efc0e18072,delivered,2018-01-23 11:05:13,2018-01-23 11:17:19,2018-02-07 16:33:21,2018-02-20 12:48:51,2018-03-01,d77c3864d499e84229772ff2f4cc8147,2018-01-23
f489949dbe23cf9313deb342913ece0c,6f241d5bbb142b6f764387c8c270645a,delivered,2018-05-10 18:46:19,2018-05-11 09:40:13,2018-05-11 13:53:00,2018-05-21 16:49:52,2018-06-06,be74c431147c32ab2d7c7cef5e4a995f,2018-05-10
3ea393b6b5c82e62aadb0bab29892bbf,3da151283555f08ba83a9bafed7a269d,delivered,2018-06-23 22:09:17,2018-06-23 22:34:57,2018-06-25 14:59:00,2018-06-26 18:56:32,2018-07-05,7c1dd650c0d3f4dec50a11cfd535412a,2018-06-23
ef1af042323731907ad5d9feea27fc61,e93744b7309b885171f62e915a68d068,delivered,2017-12-22 22:08:25,2017-12-22 22:19:34,2017-12-26 18:39:22,2018-01-03 14:59:24,2018-01-23,085033608b541063e51eccbfe96dec31,2017-12-22
cca79f1e5c4dcf95bfadc53c7a97b4ff,33ab326883f37b126492b8a58a1dd3f3,delivered,2018-04-17 13:24:37,2018-04-17 13:35:19,2018-04-18 16:03:56,2018-04-25 15:48:52,2018-05-18,30dfe23e1ee3c31f7af260ed5459b930,2018-04-17
550a829a6ba3991905c34d5c15b2f50e,32846c0a002f03651acaef99053ec024,delivered,2017-09-06 15:46:37,2017-09-07 02:50:19,2017-09-11 16:49:49,2017-09-13 21:54:04,2017-10-09,ab8233cbd8763b23a32af9810fd6265a,2017-09-06
f77f2b95a7b6f7fcabbf99ff2c58dbe4,78e7af7a67e984349c77cc89472bb72d,delivered,2018-06-06 08:19:13,2018-06-06 09:11:15,2018-06-06 15:18:00,2018-06-19 18:17:16,2018-07-18,96768a6936bec41f85026610b5371009,2018-06-06
cb4d0ce750b3542055ae832b4d3bcca4,7a24f850592485f402c7038ca51efe3b,delivered,2018-08-26 21:01:14,2018-08-26 21:15:10,2018-08-27 15:03:00,2018-08-28 16:06:49,2018-09-06,0734186c93d9d5488a3a77c8178cb794,2018-08-26
f36d534d445a4b1a5cef4092573aa1f1,28991726082135ea6a75457c41995705,delivered,2018-03-20 00:36:35,2018-03-20 00:50:25,2018-03-20 22:52:42,2018-03-26 13:38:45,2018-04-02,04e7254d921632586b4dc9a67a3a04d3,2018-03-20
bacacd90ea03f7aceb09acaab257d094,9c1e1cb2f0d8c96ba81879c1c6c423e4,delivered,2018-04-23 19:24:50,2018-04-24 19:29:27,2018-05-09 14:22:00,2018-05-11 18:09:05,2018-05-10,9d8df7449e1d21fe9a849673a8648b83,2018-04-23
1e14de13248e098b9bc206b9387602eb,7c56f03a02e7ed831fc684b6f07142be,delivered,2018-05-18 20:08:44,2018-05-19 02:58:59,2018-05-21 16:02:00,2018-05-24 13:48:22,2018-05-30,d0c64aa48d68b29ec0c891e1090266ad,2018-05-18
b7c0d5af4a5a6374adedc4dd9ab21923,4956cfa41268f0de55f989555c81ddde,unavailable,2018-01-01 23:50:58,2018-01-02 00:07:21,,,2018-01-18,be31ab006786747df81854035a1960f4,2018-01-01
a122cfd6bf1027781187a1fec2f24ba1,9ad9c7649e0d97f80f696409d776a706,delivered,2018-05-03 18:28:52,2018-05-03 18:55:22,2018-05-09 15:48:00,2018-05-16 21:11:01,2018-05-28,1d39fffe45f1e98365e6bf6a2bf16dcc,2018-05-03
178b47270e98b91b6d34278d77b27bb3,4942083df2e79bb7ecb6728281a16b35,delivered,2017-11-24 10:17:29,2017-11-24 11:33:56,2017-11-24 19:47:41,2017-12-04 17:37:59,2017-12-19,d0f4dacb69a102c8e65545dda260b37a,2017-11-24
6fa25e5deedf726d264d6714ac4a8ab4,36a1d03f4dcccccd1051003dd90261e6,delivered,2018-08-03 13:18:15,2018-08-03 13:31:45,2018-08-06 15:18:00,2018-08-08 18:56:37,2018-08-08,f445fca991f571471ca3e790ad26cb74,2018-08-03
5e5766c3a748a45bb1cf4d930a06e26c,8a80473d5bd79f9961f1c23e548eb1bb,delivered,2017-09-14 19:37:37,2017-09-14 19:50:11,2017-09-18 18:03:41,2017-09-26 20:55:39,2017-10-04,15b37c98751a70255537c02f031d1c8d,2017-09-14
ff767a5901c39fba72b1b8eade30d691,0029cdf064769cabdf3186b54d068c99,delivered,2018-02-04 12:22:30,2018-02-04 12:35:36,2018-02-08 16:21:43,2018-02-20 23:57:50,2018-03-06,74c286ab8cc161142213780711964b06,2018-02-04
cace823f92c444647ed99fa6ecd8e582,a354b46a65c3f4937bd3a1d6e548ba9f,delivered,2018-04-09 22:49:42,2018-04-10 01:31:08,2018-04-10 20:26:31,2018-04-20 11:28:36,2018-05-04,ca9e7d4458a2418dcd9b7f4c642d1e01,2018-04-09
104aeb5f53808a5bae6b96a7784a2b04,c2c9579c45a61a254b8a2b4892c87363,delivered,2017-11-28 14:46:00,2017-11-28 15:06:50,2017-11-29 15:32:19,2017-12-09 14:55:46,2017-12-19,1be142d1f91c29a772cfdca42a8a4b22,2017-11-28
71296f82a6d5877cc431e71d741a6500,a82f565513ba05f2932657b5e817c837,delivered,2017-12-20 16:12:33,2017-12-20 16:31:45,2017-12-21 17:07:08,2018-01-03 17:57:41,2018-01-18,28e2844d6a6db3bfa923749f4acfc358,2017-12-20
449ddd1e13fed7e12cc60600ffeb3158,076489247897b6f1f2a68de880fbc6f2,delivered,2017-10-02 12:57:58,2017-10-02 17:49:14,2017-10-03 16:53:46,2017-10-10 18:24:01,2017-10-30,f1b17bbda9857396b20b1bd1d7f121cf,2017-10-02
b78ba2e791199cc6293f8abf411fa386,618b370ac43ca5311d8d39d8a466332c,delivered,2017-07-09 10:29:21,2017-07-09 10:43:39,2017-07-10 17:04:04,2017-07-14 17:51:47,2017-07-28,500b7922b089543adacbe6e751367cd1,2017-07-09
e8dcb5c19d58dc860f2c4a1594dff6b3,dccfc93e5f94a64f1f325e322b64844d,delivered,2017-04-21 23:43:42,2017-04-22 01:15:10,2017-04-24 08:46:35,2017-05-02 10:55:59,2017-05-17,992ffc60b1925f3020d35b6fdee40a2b,2017-04-21
f4a954736e0e556f4caaf426f1028ce6,2d1c5e687c232d5dab274e9c7d39e197,delivered,2017-05-15 17:23:34,2017-05-15 17:35:15,2017-05-16 10:12:57,2017-05-25 12:16:55,2017-06-06,9d3c8e0520c58bd0e8b6f407d65effea,2017-05-15
df2d37051bb54c7c7b2fe0d2999f0f08,94b5c58d2db647ddc5fb529c638deacb,delivered,2018-01-24 14:02:56,2018-01-24 15:16:10,2018-01-30 10:38:54,2018-02-01 17:02:31,2018-02-08,97e3f97fefe709f73601aa35435cf767,2018-01-24
a3e9e5209110a0dcfe5b20b01e6a69e7,cb6b298a2a15ea89e712248ae05dbab4,delivered,2018-07-14 10:21:43,2018-07-17 06:31:00,2018-07-17 11:58:00,2018-08-02 01:36:35,2018-08-07,dcf94500cedf7c5c153937b663a6cd4f,2018-07-14
e705f2cb7b2c63e98fd9ccc1c7c1ee94,0a6bd5b2b853de0e3f86708f42712ccd,delivered,2018-03-24 21:09:44,2018-03-27 04:08:39,2018-03-31 21:32:41,2018-04-03 23:44:38,2018-04-06,4de6fb6ca696af186a729551a1a0e9d0,2018-03-24
bb135d26e1017e379593cef6fea4044f,52676d15b30a358c8524321ff09ce7de,delivered,2018-04-19 06:59:56,2018-04-19 07:10:19,2018-04-19 18:07:31,2018-05-04 00:20:55,2018-05-16,a960ac1ec9a5f42103d26ba41537826a,2018-04-19
06daa9224cad114ece451ff00c20d49f,22419d01eca598d91376a0f5216ba095,delivered,2018-08-19 17:11:58,2018-08-20 12:30:15,2018-08-20 14:31:00,2018-08-22 00:44:24,2018-08-24,57850d57ea32f2f3ad99f29cfbf01d16,2018-08-19
0cd86c0a1fa24bd440af2866ae16995d,a566585a6ead4fb92057528b37750c94,delivered,2018-07-28 13:24:50,2018-07-28 13:44:54,2018-07-30 10:11:00,2018-08-02 16:21:15,2018-08-09,f003991c5bb1051040f5a190e8381015,2018-07-28
3e927dfcc405632ef96885c77e6e5d83,2ae858711010fa5c644f51532b9d4fb4,delivered,2017-10-10 17:15:26,2017-10-10 17:35:42,2017-10-13 17:22:24,2017-10-20 00:24:53,2017-10-27,7742974ce924a067fcc58c59fc94e58c,2017-10-10
77f35737e8ff2ae16bb726e3e1125861,b46d25caa332a03d042e6d3ac4958aec,delivered,2017-08-30 22:23:44,2017-08-30 22:35:22,2017-09-05 22:47:57,2017-09-13 19:19:49,2017-09-21,bfa8bb8761ef632205bb6ef88cf31ad4,2017-08-30
d6120dd259a4e9ebf7c31843e023cd45,6d50df77dcd49ffec3b539bff0890d90,delivered,2018-02-20 12:34:44,2018-02-20 12:45:38,2018-02-23 18:03:13,2018-03-02 18:17:53,2018-03-22,4cfc7c529115473495914a657a037ab2,2018-02-20
d6c065668419a3c99899c2a28d0fa9f5,ff0839c962e0de1cee0a782bda352401,delivered,2018-05-09 13:16:00,2018-05-09 13:34:58,2018-05-11 10:54:00,2018-05-21 16:44:49,2018-05-29,fded144b430f0ddb8a143e32f2939764,2018-05-09
c0e6383da11ccfdd84ac4e5bc6cec73f,f533b4f7371b257c32a77110df6022bf,delivered,2018-03-22 11:34:34,2018-03-23 02:30:41,2018-03-24 17:22:37,2018-03-27 21:52:38,2018-04-04,b152eeb225670f0c8b14296f641079d2,2018-03-22
99228ba067d1079de42bfe817f1fa907,b492e0aaedfe4c3f2d1223ef22734c86,delivered,2017-11-16 12:12:50,2017-11-16 13:10:36,2017-11-17 19:36:57,2017-12-07 20:52:49,2017-12-13,a02685a9f440693ea63b9ea8ffa85a3b,2017-11-16
4fc1fb51c00a593d698708ba797bf73c,df2a5fac390ebf96fd3efa70fe4758c8,delivered,2018-08-05 19:49:07,2018-08-05 19:55:19,2018-08-08 13:37:00,2018-08-22 22:11:39,2018-08-27,5ababc6c33b702cbe31f1631d15b4b5a,2018-08-05
14f737727f2b0000ca63eb288357c13c,fcf2507b5a716d2700a4b7b342b5bda1,delivered,2017-07-25 11:16:58,2017-07-25 11:30:17,2017-07-28 20:41:27,2017-08-07 21:26:46,2017-08-22,283cb910861a29232751c93f3792b246,2017-07-25
6893249ce4e1c005d32eaf13b7bde6eb,5cd6014b029bae9f12a017b42d61ceae,delivered,2018-07-17 23:15:14,2018-07-17 23:25:12,2018-07-27 14:10:00,2018-07-30 12:32:23,2018-08-08,be736d92ae94f37746e803c4ca45a02c,2018-07-17
0e66712947a6d0ae935240a304775a17,d3583f0406695312a26cf86a886caa70,delivered,2018-04-06 16:39:34,2018-04-06 16:50:22,2018-04-09 23:04:22,2018-04-17 14:36:40,2018-05-03,ca5825e028f8e9be9b60be025b79a0b5,2018-04-06
7da8b207db3f7231fb1d741fad7dce3a,5a7046dbe281aa4912b52fd9893c0903,delivered,2017-11-10 20:24:53,2017-11-10 20:35:25,2017-11-16 21:49:15,2017-11-21 22:52:41,2017-12-08,bb2830d046bea03e6cc80cbe6b73d203,2017-11-10
4cf18bf9d25331902ba212fa69a7a01d,b9881ff387a33587c9530e4f8733a2eb,delivered,2018-01-13 10:56:36,2018-01-13 11:09:12,2018-01-15 16:12:51,2018-01-22 20:22:09,2018-02-14,719b758d12e3c1f243c66bf47b488be1,2018-01-13
8145677825a046ef68ff103a47a8be48,a1b2e97bc4df82fe88776276afc2c721,delivered,2018-05-09 06:16:38,2018-05-11 02:57:45,2018-05-12 08:18:00,2018-05-16 18:52:04,2018-05-18,4b01fdf0e3545aac9ed460c08ea8eb97,2018-05-09
20469319e0bed934658208f7bf3015ee,eb6f31fdec40de6301646341c6e59496,delivered,2017-12-14 16:59:32,2017-12-14 17:13:51,2017-12-18 15:28:40,2017-12-26 16:42:47,2018-01-16,eda7e2c0c1201a10a6e64bf854fd100e,2017-12-14
cc91991372c1322fe937f53d91856acd,c4cfd6c44a0ede227d7faa7fc3331bb0,delivered,2018-07-13 11:31:43,2018-07-13 11:44:12,2018-07-18 13:27:00,2018-07-24 19:35:32,2018-08-14,0b1295f39125403a08117b8d96be67ac,2018-07-13
86bb2a790fa5e4830a669e84e452ec3d,059a14c0dedd7aaee2dc398ede72bb94,delivered,2018-08-16 10:09:55,2018-08-16 10:24:03,2018-08-17 12:43:00,2018-08-23 18:42:36,2018-09-03,53c1ca2af996751e36df70530bf56aed,2018-08-16
ce0fc5f1ff91f6aaf5eae637a2827b2e,d15532989a114df3c8065dd8e9eaf49b,delivered,2018-05-26 18:51:09,2018-05-26 19:10:22,2018-06-05 14:18:00,2018-06-11 14:36:44,2018-06-28,14df015e1cfce0e218c9d076245fb6a0,2018-05-26
2fb7dfe5fec51c8a96ee5349c1faf9c0,572791c601e0c0a2331c6a900425d3f1,delivered,2017-08-16 11:14:55,2017-08-16 11:45:14,2017-08-22 21:25:32,2017-08-25 18:41:40,2017-09-13,446480ca430fd34b345ae78cb641b30b,2017-08-16
2a4e71291d5a82e5793485d0a2aae555,72954ddea1890629433e5d3ddd0bb680,delivered,2017-08-27 17:31:51,2017-08-27 17:44:12,2017-08-28 20:33:52,2017-09-01 19:12:45,2017-09-08,c2e688d7b54554f05ce5ac19600f0e82,2017-08-27
5782b3af52f3953fec44afe27ecd1892,4965b9be66de662998ffee51521b53bc,delivered,2017-09-22 08:54:16,2017-09-22 09:05:21,2017-09-26 19:12:02,2017-10-06 19:08:44,2017-10-20,0d5b92a23010a596b2902a35dce097df,2017-09-22
cd3d84e6743d5f2e14233c017e9bd10a,3de7da4ef84ac238c26ed09b06c7e792,delivered,2017-06-07 21:40:50,2017-06-07 21:55:17,2017-06-08 17:33:14,2017-06-13 12:08:10,2017-06-21,f204f45d5fa1e9e2861fc425dc9016ea,2017-06-07
f765267bcbede7982c8ecdbe594fa249,01e44a7a40e6456dfdcab17b65106fe4,delivered,2017-06-13 11:17:34,2017-06-13 11:35:48,2017-06-13 15:04:36,2017-06-23 10:42:47,2017-07-13,fd8449e3a94b6acf9a684acd1b2aded5,2017-06-13
8d8a1fb20cc3bcbed0c51fd0c70bc538,8b80d650dc2282d7175ab30a8b417280,delivered,2018-02-03 17:24:51,2018-02-03 17:35:28,2018-02-05 23:53:49,2018-02-27 16:49:07,2018-03-14,210bec49b9e200df48dd3f31310d606e,2018-02-03
3d124284515fa7130862f5500fd95c2a,b10b53dacf64f37db15bdc334d3adf3a,delivered,2018-06-17 07:47:24,2018-06-17 08:19:31,2018-06-20 18:01:00,2018-06-21 20:26:29,2018-06-28,0a9c698221c58550d4fc01a3499be461,2018-06-17
2e84d66424ec0ddb081078d1411fb1db,8d668ebf82d5e30bfd13822db8b51d59,delivered,2017-01-19 16:17:57,2017-01-20 02:05:28,2017-01-20 14:11:32,2017-01-27 16:07:50,2017-03-01,6390d97ae2f3c536d8a95344fd308a71,2017-01-19
fd02009200e89316d5b945b9e795ad7a,e573ce303c3f851ea01bb5ee58610e01,delivered,2018-01-02 18:30:12,2018-01-04 03:31:58,2018-01-05 22:35:05,2018-01-23 15:16:34,2018-02-06,aa7f3e6f5d24faa0db919c2257711250,2018-01-02
f824b4829cd5241bb5e90df926d9434f,313bc196737278f240ca37fdd878b844,delivered,2018-07-15 19:32:35,2018-07-17 04:31:30,2018-07-17 11:19:00,2018-07-25 20:32:34,2018-08-07,86f90304c8d6f86659f0d0c7216a7305,2018-07-15
7eb5250ca7b7e2436c5114888c655c1d,afef906b644b83715aebac6ff592ee0d,delivered,2018-08-22 10:41:47,2018-08-22 10:55:23,2018-08-24 14:11:00,2018-08-29 20:58:38,2018-09-12,16d25bcacd8f60bc19e7da43224f8820,2018-08-22
d19cf6ec40b00db56211b4db0a663266,01fb2aa709b6a7a424268503d97fc753,delivered,2018-04-25 20:58:05,2018-04-26 03:11:12,2018-04-26 14:45:00,2018-04-30 20:24:51,2018-05-18,08bdc46497e4aacf80a1ea0aaf9b3dfe,2018-04-25
1844e712df65f8b8d0c1d26efabda561,c052a81ffc514ccc770f2d0247fd2e37,delivered,2018-04-16 13:41:53,2018-04-16 14:33:11,2018-04-19 19:43:31,2018-04-24 18:38:00,2018-05-09,642743aa0d9d33f81bf931f8fd0fc5da,2018-04-16
53e4f7240aa13df65778901b7e368c5b,b915de450bfcf26fb15d9d80656184c9,delivered,2017-06-17 23:53:28,2017-06-18 00:47:04,2017-06-22 13:21:49,2017-06-28 15:29:42,2017-07-11,ebb9914d899db85a307221d01335af6f,2017-06-17
b9b67defe2c737be99d6d3fbeec2e62e,2239dc7cd7e66faaeebfd0621eb73627,delivered,2018-04-17 17:02:13,2018-04-18 17:33:53,2018-04-19 19:58:45,2018-05-02 20:54:37,2018-05-25,f680bc43d2daad85293e149134d4c28e,2018-04-17
927f3c81633f3807af398f2d919530f1,4b032c367b3dc8f32a122b19bb6e8482,delivered,2018-04-28 18:49:15,2018-04-28 19:11:03,2018-04-30 14:57:00,2018-05-07 20:11:21,2018-05-23,a56b99ab1898e429a4e4acf44617c171,2018-04-28
56f8f42c9ba3fde1fd14794adfa04b1c,4fafefc10818a910bfd143269f1e4ea9,delivered,2018-08-04 17:00:55,2018-08-04 17:15:15,2018-08-08 13:26:00,2018-08-10 12:28:40,2018-08-16,b75a890c71cff64660ea967df2c17798,2018-08-04
de93801862c37117070ec2e1534a1b23,9208a631ec3f1aa2a350beb39900ef8f,delivered,2017-04-30 16:37:09,2017-04-30 16:45:20,2017-05-05 15:03:06,2017-05-16 06:10:16,2017-06-02,4187a1c7cbd4cc1cacb746db4e3523ee,2017-04-30
1a319e1928be683affb1be930220e2a2,bfb6cabeae9b6ef42a80a067a613c269,delivered,2017-05-14 12:47:08,2017-05-16 03:25:36,2017-05-17 11:58:48,2017-06-01 06:06:55,2017-06-13,21fd5558724f62ca98a9eedad76279f6,2017-05-14
71af6bdc7a6b64f062547bde7036b353,c55de39677b36f6c185440314b6853db,delivered,2018-03-26 14:31:27,2018-03-26 14:47:38,2018-03-27 23:06:45,2018-04-06 18:50:59,2018-04-18,5018f95f7487cbf37779e113f00f853c,2018-03-26
34636c8ebf156ff646392967b52f97af,541bac139eab89dceeb61d79bf7bd1e3,delivered,2017-08-28 21:51:16,2017-08-28 22:05:15,2017-08-31 21:43:42,2017-09-14 18:06:00,2017-09-15,013341d7f8accddf42fc02f001ad341d,2017-08-28
41fe5122a99e994da33095efeb38f8a6,5c155c5095c1d2ac15be7d90282057aa,delivered,2018-07-04 00:38:14,2018-07-05 16:26:43,2018-07-04 15:09:00,2018-07-06 01:48:33,2018-07-17,513f44fd9ef4992cdf77e9b60dd986af,2018-07-04
917a7774cb93f6df3d4f5eada57f0154,877d7a34bab3806f610260f879a97d6d,delivered,2018-03-10 15:54:31,2018-03-13 04:28:17,2018-03-16 19:19:42,2018-04-03 13:54:24,2018-04-09,889a4f1051c25b83ad114022256f3a60,2018-03-10
82e39ebd7b6c4b1949dfa6307fd2f186,f53564ac2ec1c32d30751b44a472177f,delivered,2017-06-01 16:05:44,2017-06-02 16:10:16,2017-06-05 14:03:31,2017-06-14 14:42:27,2017-07-04,67f84cbb735a74164b7f56fe9603bec6,2017-06-01
65a05062e11f3e5121cd0e0723bf765d,2799fe5cb33f25c1336f9c810f5bab84,delivered,2018-05-28 18:25:10,2018-05-28 18:50:07,2018-06-06 15:01:00,2018-06-08 19:53:43,2018-06-20,ca81b113dd524c7ee478cbb33306d0f1,2018-05-28
531abf2d5cc78f7a49d9ba560cbbfe7a,ae98a844ca4fe6653961f85c51adca40,delivered,2018-03-02 16:21:33,2018-03-02 16:31:50,2018-03-27 16:53:08,2018-04-02 19:24:46,2018-03-26,336e53f754499bb72dc4a21333c898cd,2018-03-02
2b0991a89bd6f0e75a51275d3d1dfe71,de49c10452c86eb6d0f7f8a9be71d7f3,delivered,2018-07-18 08:28:03,2018-07-19 04:35:22,2018-07-23 15:11:00,2018-07-31 18:12:20,2018-08-13,2dc553d9197a0a15adb09a0a47b916a0,2018-07-18
e7462b52f18d6033a0b5714f2dae7e79,f04466963e7ba849a84bca97c5d90aca,delivered,2017-04-14 13:36:31,2017-04-14 13:45:22,2017-04-17 12:23:57,2017-05-02 14:08:59,2017-05-10,4897a3c64a635a703a71dd2d9189bffa,2017-04-14
ae940b7edae45de05e43817ff84efbfc,8d611bfb0f842b0d7e3cd686f8f695cb,delivered,2017-09-06 23:06:57,2017-09-09 10:03:54,2017-09-12 23:41:56,2017-09-29 21:23:05,2017-10-03,508f16976ab71afc7741181e67ae9348,2017-09-06
780bb1875afb8783be7fab39382d8eee,15ce8ebbf78bb839bce4f80906c8727f,delivered,2017-07-19 10:37:51,2017-07-20 02:10:19,2017-07-21 19:51:59,2017-07-24 22:23:06,2017-08-01,1e9c116140b156ffae7f281d9a4918c6,2017-07-19
812f59f34238daae0b90419914cecbc1,1a5b33aa3f2b25d5f88c968d74b2fd6e,delivered,2017-11-28 16:53:56,2017-11-30 02:26:11,2017-12-06 20:23:11,2017-12-12 00:03:36,2017-12-12,dd5c7fc3cd8076bb5eec6a7877d67cd1,2017-11-28
8f0d2087347d1dff81d3b4f38b72ebfd,b4ad8dd9f06169d62e679ae887070d2a,delivered,2017-07-13 19:00:37,2017-07-13 19:10:23,2017-07-14 19:33:26,2017-07-31 19:34:05,2017-08-16,dedfc26a78bd4000ffa8e7c6048a7c33,2017-07-13
1896be39bd2157ea3a1aefc50140ceb7,0395ccc69bc49302782458b3d24cf3fc,delivered,2018-01-02 16:24:58,2018-01-02 16:32:18,2018-01-03 20:10:36,2018-01-04 22:06:35,2018-01-18,948e88665a3e3eceb9262cf33e40b92d,2018-01-02
40f48d5dd944f114806d064c0f06b9d6,1a3d05c4c8ba3d8657e6faecb04e8f4f,delivered,2017-10-24 00:43:37,2017-10-24 00:56:21,2017-10-24 20:40:01,2017-10-27 14:12:27,2017-11-10,0dd85c6338680b7786abb01c743aa1b9,2017-10-24
6f7ea3cb9fdeb4cb0d48e1933d792a56,b8161d486fb5b343ce446bac70ee5496,delivered,2018-02-28 10:23:40,2018-03-01 02:55:28,2018-03-08 18:06:39,2018-03-15 18:06:34,2018-03-13,7d0549e6530109b245c9a75ccd06953f,2018-02-28
2f0242bf2ed4fe8fa1d9a2ad9c6e24e4,68a0f75ceb8d5fe2ec088e848315108a,delivered,2018-02-19 19:42:37,2018-02-19 20:47:07,2018-02-22 01:08:53,2018-03-01 21:29:47,2018-03-06,423829fedd48d538a2e70c875c52967f,2018-02-19
686c221e73131e19a93a0acaa858b3be,7957a6e03d999fe1c2ec39471bbbb09a,delivered,2018-06-17 12:55:42,2018-06-17 13:13:35,2018-06-19 14:26:00,2018-06-25 19:42:01,2018-07-12,8839da028c0cb4925cd0dece9d56645f,2018-06-17
a9013af14c8d031fab5eb2a183333068,22cd28336bed7b9612a0f9e2d03815f6,delivered,2017-04-01 18:32:34,2017-04-01 18:45:12,2017-04-04 13:57:02,2017-04-29 11:05:39,2017-05-05,15ee57671bf8a6f8b10bc7e0de8c8f8a,2017-04-01
2850b44a6ac24793c4c0dc86095ff024,0b43997a4269e8d2aad0a3a3b05e3bb4,delivered,2017-10-16 20:14:22,2017-10-16 20:28:25,2017-10-19 14:12:35,2017-10-23 13:57:54,2017-11-06,60c4adb977870c49b12eef72a1238f02,2017-10-16
f3c3a7ba1b89f8248dbb8e42813efad5,2722d60fd1027ac0dda8e5fda7105448,delivered,2018-04-04 18:02:41,2018-04-04 18:10:19,2018-04-10 00:04:04,2018-04-11 17:52:07,2018-04-16,eb3cb62b5b6296a30d023c91cb1b7cc4,2018-04-04
55369224caa140402df3d45387f08c41,a1117ae24c0d94be1e8346ec32cc0bc4,delivered,2018-03-05 10:30:39,2018-03-06 10:29:55,2018-03-07 21:21:45,2018-03-15 22:47:39,2018-03-26,03995411f78a2383cdc47c966be72c4c,2018-03-05
c920bbccb7c36a0527bc4f95e518028e,033ccdcc580c85fd79e294166214d562,delivered,2018-02-20 19:54:50,2018-02-20 20:07:13,2018-02-22 17:22:59,2018-02-23 20:49:15,2018-03-06,7ac16e90bb1712cfa5845bda10c0359c,2018-02-20
603ce2ff199feacf630d9362b570e57f,8b7f6e341a6f4faa1666c52575795c3d,delivered,2018-05-14 08:37:56,2018-05-15 04:35:11,2018-05-15 15:39:00,2018-05-17 18:12:48,2018-05-29,90f8d4751efec89161e6fbebed93925f,2018-05-14
453d6f15ae1c7406d6ec6a5ee3909b82,d6e0e90d298a127a8f1c6793bc8df207,unavailable,2018-02-09 17:34:55,2018-02-09 17:49:30,,,2018-03-05,ffb5431b49b42c9f3209f087e1bfdcfa,2018-02-09
3cee24433e03d9b70b40bb36fb37cc52,e864187b27681ed48c419ce4668ea1e0,delivered,2017-11-25 19:57:19,2017-11-25 20:11:22,2017-11-29 21:34:45,2017-12-17 15:36:48,2017-12-26,a4dd1aab704e1c03acabf8f7b603652f,2017-11-25
acdd0de80f7578505c5155e046771423,be8890ee2591415e42d0dfb5a6232db8,delivered,2017-11-27 20:09:54,2017-11-27 20:38:10,2017-11-29 01:58:57,2017-12-12 23:49:31,2017-12-20,61bcfc441cfc9f08a5f1ea386e8dffe4,2017-11-27
6092e1f4faee9cb84572ee9da62b6d99,92b13cb37ad7bdb61b0abd19136c4cd4,delivered,2018-03-28 10:35:22,2018-03-28 10:50:20,2018-03-29 22:41:55,2018-04-02 21:58:50,2018-04-10,e356256f989180110bc7f03e22231c9e,2018-03-28
62fdb474a1e9231a4cff2ae1ccd41e06,82a65a12c22a738d21581c0dede11f56,delivered,2017-12-20 21:38:09,2017-12-20 21:49:55,2017-12-21 15:54:04,2018-01-04 00:13:15,2018-01-15,aabb72e2f3c205e6e6b286966775e81b,2017-12-20
77e62cfd69f43538aaf8b8cc7392a151,44482c5323790a05d4e3d7b3b00a32a1,delivered,2018-08-19 14:37:08,2018-08-20 12:11:53,2018-08-22 14:50:00,2018-08-24 01:06:42,2018-08-31,21b847d9afcb17af2015bdfeb9b64129,2018-08-19
39559fcf9796220ee34c01c473d42cb0,bc7398b02f14bcd3a5181e6a9b50c5de,delivered,2017-11-27 22:39:26,2017-11-27 22:57:28,2017-11-29 22:17:03,2017-12-02 00:29:47,2017-12-11,a2255f4f5dccc6e70357cc06f7b316e5,2017-11-27
0f597abb3c3850157138723eceba3f1c,444f829ae8a3aba7097ee7e14902987b,delivered,2018-03-14 19:08:26,2018-03-15 21:49:22,2018-03-16 23:32:25,2018-04-18 12:41:36,2018-04-09,fcb9353836cb5b48b1ac7730e34f1a71,2018-03-14
267cf5d5f5d44907ac3a107257c47290,8ed1eac4a6e3270d12bc685cd1c5267b,delivered,2018-07-21 12:35:09,2018-07-24 11:32:51,2018-07-25 13:19:00,2018-07-28 20:21:49,2018-08-07,42dd498d625fc72826dbf3463fea4d93,2018-07-21
626cc7becd5dfa43b91c241e510efb4c,0bb1f312072d547381118b5dc196c1e3,delivered,2018-03-20 09:56:22,2018-03-20 10:10:39,2018-03-20 21:38:47,2018-04-10 19:48:48,2018-04-06,b8b0198139a9f6dcdca7ed18a94fc65d,2018-03-20
aebfae1934f275da60a8fa54082b5ee0,4c3438ec5a2100f3739525f20beef134,delivered,2018-01-21 23:13:49,2018-01-22 14:03:45,2018-01-26 20:12:55,2018-02-05 19:48:54,2018-02-19,750a5c9fad2d8f54c31dd320304df7fc,2018-01-21
9012c3771b9eb03dc645be00aa938da1,739eb599dee869ac6f617b28e59909d8,delivered,2017-08-20 15:23:41,2017-08-22 04:27:02,2017-08-29 22:04:05,2017-09-12 20:21:20,2017-09-25,dae105f4cce929e522b8453989500e36,2017-08-20
91c383c15a26a95416ca4de3d010d0e2,8acba881353543ad239ff65400910e43,delivered,2018-06-10 16:31:23,2018-06-10 19:12:20,2018-06-12 14:18:00,2018-06-23 15:42:29,2018-07-13,77e80dfeffa77135b3674cb4d5806dd3,2018-06-10
14bbe584b52d7f29efcd5d8b5553af3b,bc26d46f86d504a4e89350f0c426a419,delivered,2018-07-18 15:13:06,2018-07-20 05:05:10,2018-07-23 15:19:00,2018-07-27 19:12:28,2018-08-13,ae09e8b1b58f30e8e984d0d300c456ac,2018-07-18
c5e44ccca834721d269f1227236ae8be,c9d717c837919bc6ee17ffab4ccbb3e8,delivered,2018-07-13 11:05:00,2018-07-13 11:15:22,2018-07-13 12:09:00,2018-08-02 18:23:53,2018-08-02,4b9e2aca5187a85bf25773aa80c15d52,2018-07-13
4912772a793d70a274417e23f3baa184,859d2f80a169acdc091ef7241c42f64b,delivered,2018-04-27 08:43:58,2018-04-28 02:51:33,2018-04-30 10:53:00,2018-05-04 18:57:44,2018-05-21,39f2ac2e106f3c80b0ec0bc98380f99c,2018-04-27
ec6fe743da5ac778a05b4f6e1c2046df,ff621f1352e09391cbcd31ad1b20f1df,delivered,2017-06-01 22:45:00,2017-06-01 22:55:09,2017-06-08 18:32:36,2017-06-16 14:59:40,2017-07-04,d5590a8abcfeb107b233c22216fa0906,2017-06-01
e40432477b0a9de5823fb1c0fd293a5b,5e50b2b1a4f6a2a5d4bccbf44f2f6406,delivered,2018-07-24 16:03:03,2018-07-26 03:24:23,2018-07-26 12:52:00,2018-07-30 18:40:47,2018-08-09,11a195cba7e03b549d32abad6a9285ba,2018-07-24
de364de7f162af086becab0daf5bba53,65a2ba24925de9690a89ab47d1ef8448,delivered,2017-06-20 09:52:08,2017-06-21 02:15:28,2017-06-23 12:46:33,2017-07-03 15:29:30,2017-07-14,389f5b81fb73b0acd55d2017efe502e8,2017-06-20
cb2fbc8c6e48dc4954fc8cb1034900f0,e010713b72d4abff34f5607c632db1c2,delivered,2017-03-08 19:27:48,2017-03-08 19:27:48,2017-03-13 13:11:52,2017-03-22 10:41:54,2017-03-29,bd8dba3e2542d2e521809f9941a902da,2017-03-08
3999535bce12c57de04b7af9cada3719,830189729977319117f0d48e84e330ba,delivered,2018-02-10 12:39:37,2018-02-10 12:50:28,2018-02-16 11:59:59,2018-02-21 16:11:23,2018-02-26,3864c285eae52aad13ab1952a572cf4d,2018-02-10
6ca2b1dbcac1751cab45df5faa1b892e,0974e9a00257a842b2ab61eb66b3b435,delivered,2017-01-26 14:26:43,2017-01-26 14:35:20,2017-01-27 16:05:57,2017-01-31 07:17:59,2017-03-02,ea7086ab7cd398da72b160bd0f89b9b9,2017-01-26
f9c6801b9c045eee2a9c41dbf6fcb67d,08f33b15b6d92a5209ca1622585bcfb9,delivered,2017-03-07 19:10:21,2017-03-08 19:15:13,2017-03-09 13:36:50,2017-03-13 16:36:42,2017-03-24,53128909669e34ecf8e52bae4ecc4fd3,2017-03-07
2a6bec11c832798d5062d5fcad19635a,c14a5fd4937185ca0c40391878241275,delivered,2018-08-06 18:34:27,2018-08-06 18:45:17,2018-08-07 11:40:00,2018-08-15 21:26:45,2018-09-10,e4da0e4af27c1383cfb6505e439b07df,2018-08-06
32b699ecc034c52511737f616e721bc0,b4032f13aa7eaf83f5477bab758561b3,delivered,2017-03-21 09:20:40,2017-03-21 09:20:40,2017-03-29 09:05:34,2017-04-04 14:33:16,2017-04-17,239a5648d1a7a9fc229103be46b0f8fc,2017-03-21
a8f67659d37c5f30f8481103b652975f,067f4b11580519064d68007ffc9e080a,delivered,2018-04-02 09:29:24,2018-04-02 09:48:34,2018-04-03 14:13:45,2018-04-10 16:12:26,2018-04-18,27b8140e6749747db55efefa5c960433,2018-04-02
dc0090d613d9e71c981ca40fdf835f84,82a83f6c4fea1e66fc3cade51ebd1584,delivered,2017-05-15 13:20:40,2017-05-15 13:30:15,2017-05-16 13:58:27,2017-05-26 09:13:38,2017-06-08,2500c249c2bf8fc01248f8b3b11bcb68,2017-05-15
f83cf3c2b67fa69e65f769bbd1b06396,53fc04283f0d946a97b1f45ef5a9d039,delivered,2017-10-17 20:14:30,2017-10-17 20:28:14,2017-10-19 20:33:36,2017-10-30 22:26:39,2017-11-09,64c6c8d524513167e74780af00d7318d,2017-10-17
bb4078da70b34609d9f52f149dafab11,2281999bb816e2e8dddc16a555597df7,delivered,2018-05-21 16:09:34,2018-05-22 08:16:32,2018-05-28 14:03:00,2018-06-07 19:24:25,2018-06-18,650e648ffb89b703d9af4e10cd090dbd,2018-05-21
b11f3e9b7dec8dbe0c00f5bbb408126f,44488cff47ed7cd870ce098e951dc70f,delivered,2017-07-23 15:06:44,2017-07-23 15:15:18,2017-07-28 20:33:39,2017-08-01 18:04:08,2017-08-04,a934432d25f4a0a28d928de2c07ae155,2017-07-23
1abe86bb35e6bb090aea0e1b22b8eaeb,19f14bc6e61673618b16b2e68b523ab3,delivered,2018-01-31 20:58:40,2018-02-02 02:55:44,2018-02-06 00:51:18,2018-02-07 20:28:49,2018-02-16,6b03072644d626499aaf5cf2347f72c2,2018-01-31
4d830da4d207262a3965ac4429084d52,1672e3890be47a86ba6c69b56a523f50,delivered,2018-06-09 13:39:44,2018-06-09 13:51:38,2018-06-14 12:39:00,2018-07-03 20:10:50,2018-08-01,3fcc7f6873ab2c06ecdb73dc55f576df,2018-06-09
68051b9b65c4b30fc1252a2b69fe1d0b,fd1113e9d9cf81c3b1e1704b6ae6286b,delivered,2018-06-07 23:15:30,2018-06-07 23:35:35,2018-06-08 18:04:00,2018-06-19 16:12:42,2018-07-13,977c969f45d865051b441e8462407bd0,2018-06-07
d78bf5f7b32db25ce7cd2f808c72512e,d4334d07435b97a519de6cfd8ae5957e,delivered,2017-07-16 18:27:27,2017-07-16 18:35:20,2017-07-18 11:37:37,2017-07-24 17:55:38,2017-08-16,93dabd0fb48bfbc6e14aca0432ed0717,2017-07-16
95f7c9a70e61538871a0c98ac42654d7,057212a7e2c0390b177a21009184b294,delivered,2018-02-28 18:05:46,2018-02-28 18:15:32,2018-03-02 00:15:08,2018-03-21 22:17:22,2018-03-26,849122934180a2acbf15ce35d9b27bb0,2018-02-28
04f94352a3c9730205d3fa72cb014eb4,97b2b730a9199d685c6ad1edb3b2b2c2,delivered,2018-06-15 08:55:30,2018-06-15 09:37:51,2018-06-19 15:44:00,2018-06-25 15:21:30,2018-07-13,8f0c64face0424da015b3c43b57b3f51,2018-06-15
c28ea7fe040d1dae12d3c6f239a5a732,c017b03992ab8a3b738ab876601399c2,delivered,2018-04-18 12:41:51,2018-04-18 12:55:30,2018-04-18 23:02:19,2018-04-24 20:52:09,2018-05-11,d6ddfbbb7e08878426d7dc433ae55cbf,2018-04-18
cdc82761e2ff29724926335586ac1f8c,13b5774a39e594e308044385c5240dd8,delivered,2017-03-07 14:53:22,2017-03-07 15:03:08,2017-03-07 15:39:54,2017-03-10 14:58:22,2017-03-24,2e48e38a3a232d76390d0a019d2bef94,2017-03-07
0f375a22986f5561dd6c2a22c86c6b25,90f15adb98877594fbed555a0622972e,delivered,2018-07-24 14:23:37,2018-07-25 14:24:32,2018-07-25 14:07:00,2018-07-27 21:36:41,2018-08-07,925b342758b38ece96f9fd70f55f51e4,2018-07-24
d7d77e6d58cb59dcc4660ab21874aa3a,45d746bce0e044d98386226e02405756,delivered,2018-06-18 21:19:39,2018-06-18 21:35:41,2018-06-25 11:24:00,2018-06-29 14:31:54,2018-07-17,823e768b373b1acb9edf618e67bb0145,2018-06-18
2588c3896757567ab46a721e4b36c8c8,ce3e86aad1d622225ecb544bae76d9b2,delivered,2017-07-10 18:05:29,2017-07-10 18:15:21,2017-07-11 19:53:29,2017-07-19 19:02:41,2017-08-01,bae3bf49c2dc0301d997cd1927a02f24,2017-07-10
e033bdf3c0d77ce6a7c7ee1235c8d051,4c9bf235c8597c7db70610186af57d7a,delivered,2018-06-20 10:18:11,2018-06-20 10:44:15,2018-06-21 12:30:00,2018-06-22 16:05:02,2018-07-11,c008cb367f9ecb0bf3225f9c0ec5bb3b,2018-06-20
c339883c001902289c0283631cfa22f2,bd0d433f7eb2b8383f25d2777d8e4241,delivered,2017-07-29 17:06:06,2017-07-29 17:23:16,2017-07-31 17:59:52,2017-08-09 19:37:33,2017-08-22,43fbe66c966427b0afaf3fa7ceb367b2,2017-07-29
4d4ca4a2ebb64c45176252833b2131a9,1c47d3e98ab6db520d78634dedff774f,delivered,2018-08-16 17:43:21,2018-08-16 17:55:24,2018-08-17 14:32:00,2018-08-22 22:28:44,2018-08-27,efbc4b061a87615f5221079a278a7f4d,2018-08-16
505a3bb5ff0c07fe7d0557cab70693ae,a61eb5acd0c3d2cb6a77f19c5935f0d7,delivered,2017-09-04 12:43:57,2017-09-04 12:55:15,2017-09-06 19:04:12,2017-09-13 21:47:42,2017-09-21,ff9d224757c28c708ee4b5d66e2ca120,2017-09-04
8880e2d4468f5aae8e21b63115ce635f,2e603bfcc5fef237c24599fadf6d2d85,shipped,2018-02-15 20:48:54,2018-02-15 21:06:37,2018-02-16 23:42:07,,2018-03-12,41e8051a8d8ba80faa514b0779195451,2018-02-15
cd317fc34a4ea25ea8d1743f003712ac,9624e8e47226d31aa58b9628299e6a76,delivered,2018-03-06 11:39:57,2018-03-06 11:55:36,2018-03-07 21:18:53,2018-04-03 17:42:34,2018-03-23,487c3e4ebb267a6826e3ac7271616918,2018-03-06
635a6e08aac84fe50f3b08c49b8c2dbf,4237454cf3f961d5c656344ffa9165fc,delivered,2018-04-25 14:39:40,2018-04-25 14:51:41,2018-05-03 15:07:00,2018-05-08 19:12:51,2018-05-24,546c4ef305bb39289425e9d1c2601292,2018-04-25
e0d591c33ad6eff1a3fef686cb08ad17,486a09b3981a40f3d2e61faf113c28b5,delivered,2017-11-26 19:08:06,2017-11-26 19:17:24,2017-11-30 23:15:09,2017-12-01 21:04:02,2017-12-12,3da86cd8a9ac63c1669b5ac54ede8622,2017-11-26
89faa15dbbd13f5a340deeddd4f7f721,da9a939a3d13a1ac3798da6a22b674d1,delivered,2018-03-13 23:35:45,2018-03-14 00:08:57,2018-03-14 19:31:42,2018-04-02 22:33:07,2018-04-03,eb5b895a2b9c6ee9bdf553bcbde486c3,2018-03-13
acd28ef21e6a66f094eebbf1e65e58ae,495a06b43543cd05dba495187d78de12,delivered,2018-04-10 16:56:05,2018-04-10 17:52:06,2018-04-11 18:26:39,2018-04-12 19:08:44,2018-04-24,603da67272be946ccb605ebf96123a62,2018-04-10
a85f6d573e494907ed413a50ba08771b,9837d1472cd03e9141e2880406c56850,delivered,2018-07-19 09:04:05,2018-07-20 04:55:28,2018-07-23 07:06:00,2018-07-26 18:13:51,2018-08-03,0fd76325d0e27dc1d06b60c5c549aa04,2018-07-19
5d84669999cbca120d2d557e6995ee80,9969ad5edcaec4c09cd4e4021d5feed9,delivered,2018-08-15 22:16:05,2018-08-15 22:44:11,2018-08-16 11:52:00,2018-08-27 14:58:45,2018-09-10,d129d88f16acf0312d290f959563acae,2018-08-15
a43959b4fa84405a58554cfe776350fd,afef0262c47697a580a62eb254dd23a0,delivered,2017-06-30 14:17:12,2017-06-30 14:25:13,2017-07-03 18:58:01,2017-07-07 20:59:50,2017-07-17,7dace77786e52934354e93508155bdca,2017-06-30
61d3a2143232a765152de0a29583bcf1,c1bbdcbd2f21f02e4493e99161899a27,delivered,2017-10-31 21:46:31,2017-10-31 21:55:16,2017-11-03 20:04:59,2017-11-11 16:11:46,2017-11-23,cf994f919bfcc946c36c9768efeb4079,2017-10-31
d21711f4bfc26162d5a8e471d7edb25f,e905991b2a4def2d46132b1101483a44,delivered,2018-07-22 19:37:18,2018-07-27 23:30:58,2018-07-25 15:09:00,2018-07-31 17:07:39,2018-08-20,630f190c1511ce2d690cae078ce8bc23,2018-07-22
ccab2293e0214590eace61fec5947f04,1b9fe118281922def1e4e536fa317d71,delivered,2017-10-16 12:20:08,2017-10-16 12:39:28,2017-10-17 21:56:42,2017-10-24 20:17:36,2017-11-03,82746368fb04a9a9cc401ff05daac352,2017-10-16
27f94439147cec2228561de8e5775ac1,075ef61489ef7122c2a0f69e79c55ff3,delivered,2017-07-04 23:03:40,2017-07-06 03:23:36,2017-07-07 14:45:32,2017-07-13 18:29:47,2017-07-28,757423381d83adecca877fc69cfb8540,2017-07-04
567d66becc6262cc863b77907f21089e,b708e2ca2868effbb373e0a91ab58e97,delivered,2018-07-16 09:48:11,2018-07-17 05:30:33,2018-07-17 14:20:00,2018-07-20 20:56:45,2018-08-02,06e0c97721bd7ef0a4630570de1eeb98,2018-07-16
3bffa7b0b14b8da97ced87564e8cae11,c49c9e9e0a0d5da42b91147d46397db2,delivered,2018-05-17 16:36:32,2018-05-17 23:33:34,2018-05-18 10:48:00,2018-05-22 14:36:46,2018-06-01,dd9fe9998c5b63485a008206a36f7c67,2018-05-17
6e1fdac1871d58f1e81976be36a2634a,b1025fe116e2906edeb529c659bac499,delivered,2018-06-17 22:02:18,2018-06-17 22:19:07,2018-06-18 12:28:00,2018-06-21 22:37:27,2018-07-11,dad734f5dab8c6886e88a58e1148c7ea,2018-06-17
c4b7e0f753bc9776f48075c977a2d623,dc24cf303aad72df564a8fa8691a7c21,delivered,2018-08-03 11:28:06,2018-08-03 11:44:11,2018-08-03 17:29:00,2018-08-10 19:05:41,2018-08-28,08b56b54f3a3f2eab8b2d3ff2363523b,2018-08-03
cee90a4ed9adb7e720e6007bcc43e4e3,f16d1dbb62900f4dc430b12e962308b8,delivered,2017-06-30 13:00:04,2017-06-30 13:15:10,2017-07-06 05:57:29,2017-07-27 21:03:03,2017-08-01,0dd75a890c0714ff108b60f733ea6055,2017-06-30
cdbd1e3a663df0944666a04a273b2acb,c3a54edf080bcc3c840ae5f97def207c,delivered,2018-04-12 02:31:46,2018-04-13 12:34:41,2018-04-17 19:26:24,2018-04-24 19:21:29,2018-05-04,67d8dfc133e477f08e7c296b83209c56,2018-04-12
85b63c21e1881b0980a007a5dd56d198,acd8e74233aa5091d573fb28b6aa1ce4,delivered,2018-08-23 11:39:31,2018-08-23 11:50:17,2018-08-23 16:38:00,2018-08-29 01:08:33,2018-09-05,818a621cfb53334cdca627e59f0eaa65,2018-08-23
7a727e7d4fd27ecc265e8415030811c5,99c49972cccd0c7f3891735f208da202,delivered,2017-05-29 21:39:18,2017-05-31 06:55:34,2017-06-01 16:15:36,2017-06-05 13:12:48,2017-06-28,f35d345c137deaccf9c26ab701108f20,2017-05-29
67d2ae169dba836bc9ff49fd88e1324f,1e6e8604e5189a58669534b84d2bdcbb,delivered,2018-06-10 11:20:21,2018-06-10 11:37:50,2018-06-11 14:06:00,2018-06-20 19:54:45,2018-07-25,b27ef6bcfea702a1403fd157cac350ac,2018-06-10
cb903ba48840fca21bc4c8a7382b4960,01d5f4b8ad0b26863ed1d231a7e067e9,unavailable,2017-09-13 23:32:55,2017-09-13 23:43:52,,,2017-10-02,2905d3311b2a67382390f97d14e9d7b1,2017-09-13
8672bdfa7cfd0d340791c247562d9bd6,9f86cffe5085a6a5bb4465d5e51160f6,delivered,2017-07-31 11:21:04,2017-07-31 11:35:23,2017-07-31 17:47:59,2017-08-07 20:11:51,2017-08-18,27ec97a5fb866b6ff25b7eb3e6079251,2017-07-31
74961e9aef3b109cd91120c7697363af,51f11cd231668386157c2a09980fa895,delivered,2018-07-06 17:40:04,2018-07-06 18:21:00,2018-07-13 13:38:00,2018-07-23 20:56:47,2018-07-31,5d8fcdebd7b75af7343ce4a74facd844,2018-07-06
8eb2d535942b5b5c20192ab8a72db202,0da50145f2aa453ea896ec9ca062f387,delivered,2018-07-10 14:50:59,2018-07-10 15:07:15,2018-07-11 14:52:00,2018-07-12 17:55:46,2018-07-20,7dedd540227a4b39a79d47450d2afca0,2018-07-10
63be17dc5497f1941b4d15f7be530387,884a2e9a1b0c6fd2d9011ee7b4cbf21a,delivered,2018-02-17 16:39:55,2018-02-18 16:35:23,2018-02-19 19:57:02,2018-04-10 21:51:39,2018-03-21,15304726e8473b23273f653a7075c315,2018-02-17
ced41f3dceaa40cd6e2168c43527b29a,b9fac19ff1ab49a185c3d0f51c6c1d26,delivered,2018-02-17 01:19:46,2018-02-20 07:30:54,2018-02-24 18:47:01,2018-02-28 17:04:42,2018-03-15,9e0085bf8fb35ea83c31485d6893e63d,2018-02-17
fa11f70667bca67510305f9ce43e7b25,7562a7e41076f314587489fc5b6ce3b3,delivered,2017-03-03 09:41:05,2017-03-03 09:50:12,2017-03-08 11:27:57,2017-03-13 16:12:15,2017-03-22,2f47288813d2ba527391c25ee2529db9,2017-03-03
a0a3bd3b31454d0f4722b5d1744333cd,c51df6061e814d28cad2cd2c4f3c77a4,delivered,2018-01-04 19:43:37,2018-01-04 19:50:30,2018-01-12 23:18:47,2018-01-24 23:12:42,2018-02-05,fcbdf2a1d909cbec57fb8bca5552eec4,2018-01-04
3303a91e8a879bd0c64fe750485298b0,0a580ae1fe47a7b5c8cc18c18b3336f0,delivered,2017-10-25 20:23:10,2017-10-25 20:35:15,2017-10-26 13:19:51,2017-11-06 19:42:09,2017-11-17,8db6150caae316a6a9a8a1e10dfb504e,2017-10-25
aae373a2cc64ed2d1f262aa56e70b7e8,63d8ce2f854381279f3b762e962dc969,delivered,2017-02-09 16:42:59,2017-02-09 16:55:12,2017-02-10 07:07:56,2017-02-13 11:09:12,2017-03-10,637ce3a8eb17677024b70124b5ff7040,2017-02-09
ee590d1b6e4571a2c03e30571fef072f,47b21efdba7a0c0a025edb6a9cf7fcd1,delivered,2018-06-17 13:17:40,2018-06-17 13:40:00,2018-06-18 11:36:00,2018-06-21 14:44:37,2018-07-24,478e9b6dec726c69ca72ea102ea1a9f7,2018-06-17
c7cf98eae37902869c4e92aeb9db5c72,c534c99a1c06a1402fb806d20a4bef1a,delivered,2018-05-05 16:59:55,2018-05-05 17:10:26,2018-05-07 12:55:00,2018-05-11 00:34:48,2018-05-30,764b13e9fafd8333ee0cb00383f9f3db,2018-05-05
06f0ad130c4b691011f1a12a33649a2b,8927e66424e270e8dfa5edff7bd06734,delivered,2018-03-24 15:13:30,2018-03-24 15:27:45,2018-03-27 20:09:01,2018-03-28 21:28:43,2018-04-06,409717419af694c5f26f50b9b50714f2,2018-03-24
83eee67c21d596a653687afe2c8ebad8,bacc1ee57dbab94891c502caa0ee3af3,delivered,2018-04-24 13:07:39,2018-04-24 17:23:05,2018-04-24 23:41:29,2018-04-26 18:42:12,2018-05-14,afed5a21e94b4e3e5fbe6c7e4bc92f4c,2018-04-24
14e2227862cdf47db2caa1acbf80b71f,dda44123b0f5efa1c245e63eb4ca663d,delivered,2017-12-19 09:58:40,2017-12-20 06:58:32,2017-12-20 16:39:05,2017-12-21 21:33:10,2018-01-08,243b99bd9ed8a3f460e7289d0a8df291,2017-12-19
b86b409722c5a0526855d0df0076609b,c7a95f71c103ce85bb699cc7433f01e1,delivered,2017-12-29 10:44:38,2017-12-29 10:52:27,2017-12-29 20:32:54,2018-01-29 19:45:56,2018-01-31,8a466ab37dd669261eba73cc8fe43b82,2017-12-29
af7f48cf036eff2a82e44332f7d36f2b,b41f68e737c77afd97a48a3f109e86f6,delivered,2018-08-01 23:43:21,2018-08-02 00:03:54,2018-08-02 11:53:00,2018-08-07 15:22:04,2018-08-21,07bd93255880bc113704ed43d6e11036,2018-08-01
9b156799a5b75cdf61bd52c0f7e04b61,1e80013eefbc021dad1bca9b09cc5924,delivered,2017-10-02 19:38:28,2017-10-02 19:49:22,2017-10-04 19:10:53,2017-10-09 20:58:05,2017-11-03,b82988d501f3f8faf0b87c98e938e8d4,2017-10-02
baeda1a6ab86cb05572b31817ab4e413,dc545d1bf1d2ad26b5cc1c9eb612e6b7,delivered,2018-05-27 20:33:05,2018-05-29 03:14:38,2018-06-07 14:04:00,2018-06-19 11:58:29,2018-07-11,ef2b1180cc02342a99fffb702611249f,2018-05-27
150195a0ae1d6d4d5727ff6054fa709e,878843e6fda7bb5ae20940875a5e7548,delivered,2018-06-29 15:33:41,2018-06-29 15:50:48,2018-07-05 14:21:00,2018-07-10 21:36:22,2018-07-31,650c3cbdbc5b0bf3c0885e9b97a9bdee,2018-06-29
a611e6af3e6a868d568a1ad2cf45c9bb,c757306276211dd58a7c9fcd06fec330,delivered,2018-07-19 13:20:43,2018-07-19 13:30:15,2018-07-20 11:07:00,2018-07-27 10:27:32,2018-08-02,0199358f4d397a51c763be597977ddd1,2018-07-19
dbbce23ef93cc9ebfe5a8859f1018962,ceb3d8fe921823620c6d8623678d9f25,delivered,2017-12-23 15:48:34,2017-12-23 16:09:48,2017-12-26 23:14:37,2018-01-03 19:05:33,2018-01-24,b7915e55f92dc3bd5e56cd73c1cbf81e,2017-12-23
ed14a836c4b4a6f1a8c140c79ad86642,640670a20829c18a0c4c6a3d05b79a0d,delivered,2018-01-25 13:07:28,2018-01-25 13:18:23,2018-01-29 13:52:57,2018-02-09 20:19:06,2018-02-26,74282c103d39feeaaef4d4ce3fa7d07f,2018-01-25
d67b79fea59821fda4d363d337a56c3a,f2bea5055b5b15b6b57d07408a1c454a,canceled,2018-08-14 11:17:20,2018-08-14 11:44:14,,,2018-08-20,e60a2f22d58d6608ae46df3a7c65ce5b,2018-08-14
6fa2b34b44af3aa81c0b080d0c133338,b06429ef920fcfdd75713c712c9ee7b7,delivered,2018-06-04 15:30:50,2018-06-04 15:52:08,2018-06-06 15:26:00,2018-06-07 21:34:00,2018-06-28,9316f45a5da8403a5938bd6069b1a4a7,2018-06-04
76662f6f2a490cb74e7b97984991501f,3132f23b8b8d89c902adc08c769e5db5,delivered,2017-11-28 15:12:55,2017-11-28 18:16:14,2017-11-30 13:37:53,2017-12-03 13:26:52,2017-12-12,7b6d07dac0a2c373d749142e920ae356,2017-11-28
fc746d47c955d1db95910a81fb288e23,59e52fd9077d4599bc598e74064a115e,delivered,2018-05-15 15:11:00,2018-05-15 15:35:00,2018-05-17 14:04:00,2018-05-18 22:44:40,2018-05-24,86d76d7c4aa0c2bc731237ba255b1a3d,2018-05-15
66030147ffa4f133089e5b7578977ac7,4f31f3e86acb37ec0ae7101e01917335,delivered,2017-11-04 11:52:53,2017-11-04 12:10:29,2017-11-07 21:58:49,2017-11-14 22:49:48,2017-12-05,aa01e4499023e8a410adc9476261ce02,2017-11-04
42cfc35f78bd1eb6e25d12d8920328f4,d5bfab9f1388de7fbea1a997b3d1b45f,delivered,2018-06-09 12:39:55,2018-06-09 12:58:54,2018-06-12 13:44:00,2018-06-15 20:32:29,2018-06-29,edbcfec39e0d7220437050120f039837,2018-06-09
a2ec9e724d3526894d9d1a8868623e9b,247221ff3f92128e610419fa3f63dc1c,delivered,2017-07-18 19:42:47,2017-07-18 19:55:20,2017-07-28 20:29:29,2017-08-04 15:02:17,2017-08-04,4cc22981c9528185a977045dd3ad9ee4,2017-07-18
ec5073f5584f047f32a6375d38a66f9e,852544153c1377bb722cc4445a03a825,delivered,2017-10-29 18:28:36,2017-10-29 18:44:51,2017-11-03 19:41:54,2017-11-10 23:14:33,2017-11-24,5f3aed3191d6d907ba3eeadfe0c5d0eb,2017-10-29
544edc12a608c19307a79ba998ea2ff9,85bafe39b908d61ef7633ec65599d554,delivered,2018-01-05 18:18:23,2018-01-05 18:30:29,2018-01-09 00:18:48,2018-01-15 15:04:15,2018-02-01,e4af98d8ce32c48b6a5a18f7850616af,2018-01-05
611628bc22094deb9fafceb78ed803ee,1800b3febaf92a4132089883b2cfe462,delivered,2018-02-13 12:10:32,2018-02-13 13:40:25,2018-02-15 21:45:12,2018-02-20 23:33:53,2018-03-15,73250298a35042361203183c5ce3462a,2018-02-13
4e7474d49d1ef3688ffdd819f87f8322,d0102e25dcd29c32498542f670289448,delivered,2018-08-16 19:05:07,2018-08-16 19:15:29,2018-08-17 14:55:00,2018-08-21 15:16:56,2018-08-21,4cc9ff939d479ce01e8659badaa52835,2018-08-16
4d66b3a9d12facad48a3b23cc9fe7898,bd6048a0960b15881f1ae5dca277fb52,delivered,2016-10-04 13:40:43,2016-10-04 14:09:08,2016-10-15 10:33:12,2016-10-17 19:41:12,2016-11-28,75b181fe0ef694c753c72540c0fdd389,2016-10-04
a3c65630607c982f54a3df86ba0ba76a,0c8f1fe40f0c95b4950b37803c3ca0ad,delivered,2018-05-14 20:08:37,2018-05-14 20:37:39,2018-05-15 12:28:00,2018-05-16 23:41:38,2018-05-28,df486f450c1381f138211159ea8c650b,2018-05-14
8c0d3e155b9fbc9742ec0200abbc6c6f,0cd6b3508de5b154bb090ec5d3b341e2,delivered,2018-01-12 00:57:09,2018-01-12 01:07:43,2018-01-16 22:44:09,2018-01-19 20:25:40,2018-02-02,3deb9256b16c2ba3086834bcc57ad694,2018-01-12
2ad56d1fc55a1e851edd13dc8a3f3d14,a89680860acf9d9d538cdf3bf6636dcf,delivered,2017-11-27 18:35:44,2017-11-29 02:23:22,2017-12-04 14:36:39,2017-12-29 20:45:17,2017-12-20,d3f65d801db8575f8c7f418a72f089b6,2017-11-27
5795989efabaace15f06689b3ab3c4c1,d57b924a9bdae2680272542ff1f93186,delivered,2018-03-27 14:26:12,2018-03-27 14:47:50,2018-03-29 12:26:31,2018-03-31 12:08:42,2018-04-09,608d0bdf4a17096e466a073a8f643490,2018-03-27
f2cb4c78271f262506be85373706f5ba,e36a3d4d67a762c1e7bee1bf939769e0,delivered,2018-04-16 11:54:36,2018-04-16 12:10:51,2018-04-17 21:23:18,2018-05-07 23:28:52,2018-05-15,68c48ba56d02204f6227241b55273edf,2018-04-16
4bf039bc14b92335f7542d3d7f5e6395,24c94c22475a9d635eb7d012e825fe6e,delivered,2017-07-14 14:16:10,2017-07-15 03:32:41,2017-07-17 15:51:26,2017-07-26 14:15:43,2017-08-09,3d5d038b3b4c0f9f8f9565cef084f984,2017-07-14
9e4a61da038289527b41b63aa81405d1,ffab297c5f9f51263faea43a6a7df53b,delivered,2017-09-01 16:25:37,2017-09-05 04:10:29,2017-09-11 20:41:33,2017-09-18 17:27:28,2017-09-21,aa81dcc2f3102f2bc77b8ad863ae2f97,2017-09-01
e5b84cb2e43872d1757d71fb8eec54f4,b7e4844cb302e128776dd81691cb626a,delivered,2018-07-07 20:18:09,2018-07-07 20:30:22,2018-07-09 14:21:00,2018-07-12 20:02:04,2018-07-30,2172b3e0076fead5904454f40c6c060d,2018-07-07
23152da25fd8a3154b39fea912376a07,7954357131868773f331dc295e44c114,delivered,2018-08-07 00:20:34,2018-08-08 03:15:21,2018-08-08 09:53:00,2018-08-14 18:41:04,2018-08-30,21daed08227ebc5f42028a762d0cb394,2018-08-07
8f6a8c5dbe911618a3e81e7fa7914114,1571123ba3a4790706ced4a3addabac3,delivered,2017-12-11 11:27:12,2017-12-13 02:39:35,2017-12-13 20:03:34,2017-12-26 14:42:44,2018-01-08,73b5f947969081c175393cc0779f04af,2017-12-11
586efc232e13597129b1fa9a11a025c0,0a1c279ddef547488042fce76935f5db,delivered,2018-03-12 06:11:14,2018-03-12 06:28:16,2018-03-12 23:19:19,2018-03-17 18:02:16,2018-03-22,fe21f72a3b663deeabf0b9067427cf62,2018-03-12
96a9dc773b9aac00c5344d7710b15ad2,1093e8573009f074315a28dc88d9326f,delivered,2018-03-23 06:17:01,2018-03-23 06:30:24,2018-03-23 19:03:01,2018-03-30 01:42:30,2018-04-11,7e641c5f706918d03267a4121e0c581e,2018-03-23
97868e4c884bc85f4501ae0a66181cc9,eaa701838126e86dd60ee4e44d274f21,delivered,2018-01-28 11:29:33,2018-01-28 12:00:24,2018-01-29 19:11:59,2018-02-05 17:04:07,2018-02-20,49e2898004d3cd359ad935ad142145ca,2018-01-28
d865ad03de9edf74fc6bc89b5bd52706,504d673e906e4eb7fffbbcaf8afe0469,delivered,2018-08-14 12:38:57,2018-08-14 12:50:21,2018-08-15 15:07:00,2018-08-20 20:02:48,2018-08-23,4e80f06fbdfe09aae8439ef1244e2d7f,2018-08-14
e04c9fd53f6bd5d19ef4c71d123e95f2,895eb5c70da335140b2ae0318c5897e0,delivered,2017-11-27 09:08:15,2017-11-27 09:18:42,2017-11-30 20:46:50,2017-12-06 15:24:39,2017-12-20,d187281120633d23acbbb2fb247eb81f,2017-11-27
97c9dbbc595d9e8c581b6caf87eb91df,fe649b61b14cb640b2a17c9df5cf8766,delivered,2017-04-09 13:40:20,2017-04-09 13:50:10,2017-04-24 10:12:45,2017-05-03 14:29:48,2017-05-05,8994e3a1ecea421d24c34c00d081f3e5,2017-04-09
1266cc122d380586b104c2f5380f1210,041a802c0996465c45e7b9e993097978,delivered,2018-01-15 14:41:14,2018-01-15 14:51:25,2018-01-17 23:36:00,2018-02-01 18:18:29,2018-02-14,7b1d57112792a409deaa15addb1ce01b,2018-01-15
6ded0b6cf54a34efba0b47373230a63b,ca935bba559452868145b76080f1850c,delivered,2018-02-06 09:48:11,2018-02-06 09:55:36,2018-02-07 19:11:34,2018-02-16 13:58:56,2018-03-07,32f69fc8a1a91eaa34422fffd0e12fd6,2018-02-06
c7d80ecf6fd042c198c10188168795ae,049e8e4f78c32efa4ea436ef3c850515,delivered,2018-01-09 23:23:34,2018-01-11 03:09:14,2018-01-11 14:30:43,2018-01-16 15:39:51,2018-02-01,617c1346c5d00421cb61fd2436955ffe,2018-01-09
73a1720b600ec93e0cc37c3266c01452,5ce8c288f67c14cd95ca05b10bacdbe7,delivered,2018-03-14 13:46:03,2018-03-14 14:28:45,2018-03-16 18:08:29,2018-03-21 18:56:30,2018-04-03,83bbc81472296b7b0d3e4e40675b084d,2018-03-14
1b575c5682ee1dd86b9dd3c78691c02c,01bf509b5a9125bb075e4ec58580265e,delivered,2018-05-03 22:37:10,2018-05-03 22:52:46,2018-05-07 18:36:00,2018-05-10 21:17:31,2018-05-28,ee268d2ade52c10708989d0bc2a9c277,2018-05-03
8f078af5f7dd54fad5abd423dfb4aad2,ad1d816777885a62a3a72320d21861a2,delivered,2018-06-22 17:57:25,2018-06-22 18:18:26,2018-06-25 14:28:00,2018-07-03 10:04:21,2018-07-16,167c4b188bfb3d78528f2d795400fa15,2018-06-22
10336b3091fc5b6c7a8200b82427cd99,2851bfbb9bfb1505274d0d9bb2173635,delivered,2018-01-09 09:32:33,2018-01-09 09:48:54,2018-01-09 23:18:06,2018-02-05 22:18:34,2018-02-14,a21f0d3fd79b2673c7c37279a9d8c4f4,2018-01-09
36b513ae01c274c623245660d7069dfa,1ec4d89bd3b69465a248650104088c4b,delivered,2018-05-02 08:44:43,2018-05-02 09:14:47,2018-05-07 15:03:00,2018-05-15 16:28:37,2018-06-06,0050dcff37f8b9ff611d245e30572b46,2018-05-02
b61a2f7167a516d76088020bc63b4f7b,e625d447d6605488f6e7b8bba3024e08,delivered,2017-08-08 12:49:02,2017-08-08 13:43:42,2017-08-10 18:15:50,2017-08-16 21:42:14,2017-09-01,0e3c753956e35026b965d9ac3590c5af,2017-08-08
eeb17181fc1852d99c92171ac3efd4e6,884d810803084b58c977aa975b1f3c33,delivered,2018-04-02 20:23:04,2018-04-02 20:35:31,2018-04-04 17:38:38,2018-04-09 16:52:07,2018-04-25,27e64469eab0c82082629a43b0d75af7,2018-04-02
7ca78299e5ac08885988b1cc259d16a9,a48212f00f6b51851a14efc283aedc28,delivered,2017-07-28 14:33:15,2017-08-02 08:34:02,2017-08-01 13:25:56,2017-08-16 22:29:40,2017-08-23,d6892c22f02481317098d2ce3aeda861,2017-07-28
9a91585835945d7842ff0e623ce87be9,983003a02a2ca37f90bd8e6dc44e5f5f,delivered,2017-11-27 00:25:00,2017-11-27 00:32:44,2017-11-29 20:21:37,2017-12-11 18:23:30,2017-12-15,a117fbc2530e3b766f4f14f27cfe3c25,2017-11-27
0d3268bad9b086af767785e3f0fc0133,4f1d63d35fb7c8999853b2699f5c7649,delivered,2018-07-01 21:14:02,2018-07-01 21:29:54,2018-07-03 09:28:00,,2018-07-24,ebf7e0d43a78c81991a4c59c145c75db,2018-07-01
466e24d544d8f5ca12035641fce34386,af00c20d496c7fece930d562a2e997de,delivered,2018-03-29 13:51:28,2018-03-29 14:09:56,2018-04-03 00:22:09,2018-04-11 20:21:18,2018-04-17,5bf8e05c4b22fa621f54fd2d2a1d475c,2018-03-29
4ef1fb511f57ffa4b73140b0ac2d1908,0b0d7d1cf1fe43bd5ecafafb0e92e15c,delivered,2018-03-12 17:02:04,2018-03-12 17:10:48,2018-03-13 21:38:37,2018-03-20 22:05:07,2018-04-03,f594e88b628dc49e8a6e46cbd876adbf,2018-03-12
3046f3724f63812fa716416e0a9171d9,2d9674a4da3db9cde7cfad10c67c1a20,delivered,2017-12-12 11:37:41,2017-12-12 12:26:42,2017-12-18 16:51:54,2018-01-04 21:47:43,2018-01-10,29a228b644963cba44d85a23114d5621,2017-12-12
2511cdf205337513507a1863f0098d39,71058039e9883484d1264522cbc9c2f1,delivered,2017-01-18 21:08:18,2017-01-19 21:10:20,2017-01-24 07:21:21,2017-01-26 21:57:38,2017-02-28,d8f3c4f441a9b59a29f977df16724f38,2017-01-18
0087889a1c836be17f58afd7f1729a4a,c6f1de87b7344ea1d33400c3c15b1a47,delivered,2017-10-23 11:03:27,2017-10-23 11:35:25,2017-10-23 22:49:46,2017-10-24 20:22:04,2017-11-03,a2dbc98e10ce1a8a3a0c98b4b41ef63c,2017-10-23
931b5b510d21c486fe86269b2e36fedb,2ef595d9d5d91d14a63abced93ab55e5,delivered,2017-11-28 12:13:30,2017-11-28 12:37:14,2017-11-29 21:09:10,2017-12-12 01:18:40,2017-12-12,d0bb5ae0ecbb03456dd5afbf1b8bb7c0,2017-11-28
6d17df1418ac08da686036d2a0359f5d,20c705ea06665873f96da22bcc958a6e,delivered,2017-02-12 18:12:18,2017-02-14 04:10:24,2017-02-16 08:27:33,2017-02-24 14:37:32,2017-03-14,971c8befe8b1985fb6670430a411c5b5,2017-02-12
cd1c59db504eaebe7f53d4cb13b5dc1a,2a61e5125d7e9eea66d796d3a24e49d8,delivered,2017-11-21 15:33:48,2017-11-21 15:46:55,2017-11-22 16:46:34,2017-12-19 00:58:48,2017-12-18,bbaa2d6cd83d545d1f7ab577f8551eba,2017-11-21
ecc1f5f885620b17543f01bf228ccd0a,51b929efbf63464d36f05ad3d174e443,delivered,2018-08-02 12:05:05,2018-08-02 12:50:18,2018-08-03 12:10:00,2018-08-17 20:36:55,2018-08-24,da4116b682ec6bb4c76df0dbc11235ee,2018-08-02
d8e17d5f7dacf0970d316e7c03e741e8,00765aebd8e20a9a8aa8c28d0099a938,delivered,2017-07-19 19:37:19,2017-07-19 19:50:19,2017-07-21 12:17:29,2017-07-24 19:49:37,2017-08-04,ec99f30f38afadbfbae32d5883734ded,2017-07-19
f55968a2a9ef74f95cf02a0541aecf8c,092bddeb38f366d5e8e2369616c98e5c,delivered,2018-02-26 19:01:35,2018-02-28 09:29:28,2018-02-28 23:38:55,2018-03-14 22:41:40,2018-03-28,b718fd0e105ff7f926f719c85e994568,2018-02-26
989b7ba45085e6ea528e597dafb40f99,aee140539d699da4a18bbea33883c861,processing,2017-03-04 14:08:26,2017-03-06 06:42:50,,,2017-04-11,13a820054b49008f130da176c4e0487b,2017-03-04
5fdc02dc3168e654320805d1fb31fee7,8d141c5f917671241127cc72f61a2cff,delivered,2017-11-09 22:17:16,2017-11-09 22:31:21,2017-11-16 20:57:53,2017-11-24 21:22:50,2017-11-30,6772e7ec43f8fb99ccbb3c89a9cdb4e9,2017-11-09
afc0e6f65d457ec28d5633283793e7e5,93ecac7e00ad40485dde6e15ef9356a4,delivered,2017-06-11 13:33:50,2017-06-13 05:05:23,2017-06-16 18:41:04,2017-06-26 09:39:36,2017-06-30,064897171cbd28f9446c4af4c6dbdde6,2017-06-11
1735fd3fceaea14fdd4444b0e3612a7e,addead0426117cb8aa32389bc2d0328e,delivered,2018-02-08 16:58:45,2018-02-08 17:40:22,2018-02-09 23:52:37,2018-02-22 11:52:33,2018-03-09,7315c06aaa146197a37ede73ca30ca8a,2018-02-08
149c3bc617158fb15ff317ad60652259,0e120432113c815af27ffa919178b3dd,delivered,2017-11-14 10:48:36,2017-11-14 11:10:22,2017-11-24 21:09:16,2017-11-30 22:23:20,2017-12-05,76a29d00984efdabd30862fdf5a1154d,2017-11-14
214d5b272bf8f9b576c175c02ce98f08,ccb8e120e8af0bbf5a1daa2f21984d7b,delivered,2018-01-19 20:48:47,2018-01-19 21:09:39,2018-01-24 23:03:45,2018-02-02 17:22:02,2018-02-05,97dc91f9e896442f6ac9650bb2a9b594,2018-01-19
666ede5bf7b6eebd0d2f61795ee14149,abad8dba5de22702ed59246b0f2455b7,delivered,2018-07-04 10:06:56,2018-07-05 16:31:46,2018-07-05 14:02:00,2018-07-07 12:38:26,2018-07-31,82283fec27f9f5b22bff7c9d3dbb1262,2018-07-04
a68c415df0747ef11512919344831905,c08b32d4ecbeaff9452d855b6e865c33,delivered,2018-06-24 23:46:04,2018-06-26 04:59:19,2018-06-26 12:07:00,2018-07-10 23:21:58,2018-07-24,253fedf5a28753983c4c4f7e3a3eb455,2018-06-24
ff5389bcdbdb32ac8cd49d2a6055cb7c,611dd8ca38d8d3d21483a5ea52ceddb7,delivered,2018-05-19 22:09:00,2018-05-20 01:02:32,2018-05-22 14:31:00,2018-06-07 21:19:47,2018-06-08,9e0efa01550d20236dde6860fc1dd24f,2018-05-19
cbea65029850e25bb7ce971f2982f471,1b6d7a41bf2e82add06b7f16bd8e4b04,delivered,2017-12-07 13:12:40,2017-12-07 15:32:52,2017-12-13 18:06:38,2018-01-05 14:14:28,2018-01-09,9f5e91d56f3c3c192a0ee7fa88de7113,2017-12-07
c0b467fc5a41347b9e8e6000e3526d21,3c68b8ef8203f45f52448ad71ed45c5d,delivered,2018-06-27 09:38:40,2018-06-27 11:06:02,2018-06-27 11:07:00,2018-07-04 15:58:58,2018-07-30,cf42449dd4825c8f47ad49b9dcd07b47,2018-06-27
b04d84637e699400841a0140b25cf027,616746b19f1e1a46d1f61d3d9fa08bce,delivered,2017-11-09 11:27:30,2017-11-10 03:26:55,2017-11-10 20:22:51,2017-11-16 16:07:39,2017-11-29,10407344bb5d7f2c0f855f00aa03a256,2017-11-09
f2cf45e30b7281798c16050559433fe9,fafae81d22a17472da7022e5b298dd96,delivered,2018-06-05 11:48:22,2018-06-05 14:31:39,2018-06-13 13:47:00,2018-06-20 19:52:44,2018-08-01,f945b9729ea3f0b3d03ec7ecdcc2b25f,2018-06-05
115a082cc7dde53600c6c6ad83219643,4e3b47ade5b3a124173339aaab33b05a,delivered,2017-09-17 00:34:00,2017-09-17 01:10:26,2017-09-18 20:32:26,2017-09-21 17:08:18,2017-10-04,74f81bf81b116914d1eda70ad6d6329d,2017-09-17
5d1a75b5ee80b3ef12a57b30a418975c,568e8946c122a43704d2a779465f720d,delivered,2018-05-10 10:52:26,2018-05-12 03:15:23,2018-05-14 10:53:00,2018-05-21 21:10:52,2018-06-04,8e480454128e3beea696d0cb1b4bb024,2018-05-10
1c9ccd3bcf9c95360ad022f5bda15d44,92760471121bab2377e8a4313024821d,delivered,2018-01-06 15:10:59,2018-01-06 15:19:02,2018-01-09 18:15:24,2018-01-31 17:15:18,2018-02-09,be2a480d70fdff4114e76b63201f6706,2018-01-06
048cc31326007f07b576b46beddecc12,70f6d4250ddb2f73a361c100195addfc,delivered,2017-12-07 11:56:06,2017-12-08 02:54:34,2017-12-12 21:18:55,2017-12-15 16:10:26,2018-01-02,6268d0ef45b7e7e7481dab5a7a0cc0b6,2017-12-07
554940826c32f26dead171bcb9011775,1c8a543f8c94cff67a67ad2d5ea7951c,delivered,2018-07-28 09:32:49,2018-07-31 04:05:38,2018-08-01 13:40:00,2018-08-08 17:41:55,2018-08-23,ecf2adb111c71de894f5d5f9f8200122,2018-07-28
1fac4d3f34c72501c48ff0db90773dda,20fbb63a03f5c997b94b54a007f52af0,delivered,2018-02-13 18:46:00,2018-02-15 04:11:10,2018-02-20 18:32:50,2018-03-14 20:14:28,2018-03-07,52b542f198699b29d49584c2a894e2c6,2018-02-13
6cad7a7812903a72ae057da0bfb61cce,d7a8966b2cb356ea3f57064863aec379,delivered,2018-04-26 09:48:45,2018-04-28 03:15:29,2018-04-30 15:36:00,2018-05-15 14:06:41,2018-05-29,fdd6f14e4ef0c5c24e9b5cd361abb157,2018-04-26
6fcb95e455e8f30ce414c08f4a31ccd5,ef1a418be86c78a53772a03837ca33e0,delivered,2017-08-30 11:09:50,2017-08-30 11:25:16,2017-08-31 14:47:49,2017-09-05 19:53:53,2017-09-18,a094a6c432a9738d5b69481a80347458,2017-08-30
2cab6eabb3eaa7f0185225e89585ffdb,bbec1b75551d0757c99c9393ed2e1dee,delivered,2018-05-09 15:49:46,2018-05-11 03:11:26,2018-05-16 15:29:00,2018-05-22 17:40:59,2018-06-07,deb591f2f26d21f900e7bc5b800c1ca4,2018-05-09
6c30b488cb5cc67b2731e01894825ed6,6e53acec8266648edb5b9554fe15d5ba,delivered,2017-05-05 21:17:02,2017-05-06 02:15:21,2017-05-12 08:33:13,2017-05-19 14:57:54,2017-05-26,82c42ada362bddd393a060ed5e2d8395,2017-05-05
7508033c7fba2328d96c7760f62318f9,34d0cc6bbf8e377d86e6aaf103d4404d,delivered,2017-03-08 11:08:35,2017-03-09 06:35:20,2017-03-09 11:16:30,2017-03-16 17:44:04,2017-04-05,167cece265777de38b4735c44b7f497c,2017-03-08
5e41372dfed214a973d082c2ba36e9a1,6a79d93fbd5e7627093ec41e0262f273,delivered,2018-05-18 15:56:13,2018-05-22 09:14:21,2018-05-23 15:11:00,2018-06-01 12:03:50,2018-05-28,0ae9645d954f0b8147008e5eba0d0120,2018-05-18
fb0a4ef54889cea0b3b2f144938b8bd3,4b9b08912f6f9001a66725eea6d935f4,delivered,2017-07-28 17:39:24,2017-07-29 02:25:44,2017-07-31 20:44:33,2017-08-24 13:27:27,2017-08-29,a5d3aa4d29649db999b3877b8961b64b,2017-07-28
00378c6c981f234634c0b9d6128df6dd,f3476df115c5d26bdb6bfb71b5fb66af,delivered,2018-02-02 19:39:46,2018-02-02 19:50:27,2018-02-05 18:06:49,2018-02-26 21:36:00,2018-02-26,cd2fd2a38f5903eb2a7377b548e0bfdd,2018-02-02
373017a71c06fba011a3105cffd46cbd,bc811bba58c6248c49ed3811b6654a1b,delivered,2018-02-10 13:22:05,2018-02-10 13:35:21,2018-02-14 16:36:00,2018-03-05 22:19:02,2018-03-12,17a3560319f6de960be6ca4034d1524c,2018-02-10
96130f6fd199488da9de47d29027d10c,0557113584448ab15ad38c6dd52a6102,delivered,2017-11-22 08:41:27,2017-11-22 08:53:59,2017-11-23 15:54:39,2017-11-29 18:40:59,2017-12-15,cffd0d926993c9d808811cbbd8b6b72a,2017-11-22
b01b69dfa0d22c11ded5988a866d2d7c,c750b9812fecaaa048f03db2aecaea15,delivered,2018-07-30 16:09:49,2018-07-30 19:32:03,2018-08-01 15:09:00,2018-08-06 19:22:49,2018-08-24,b35a887f367ac1bb32d69d28bb036f2b,2018-07-30
baf4bb57bdf5e14c67c2389a48864acb,1dbedd82802de22ae6aa890ed7c09669,delivered,2018-08-27 16:17:16,2018-08-27 16:30:48,2018-08-28 13:05:00,2018-08-29 20:03:45,2018-09-04,5e9d416e913e81f8724bcba440bf0a96,2018-08-27
0933defa4766a375397a4b9c9eaec017,95ef78f863e47449662a81f5d637d09d,delivered,2017-12-23 17:20:36,2017-12-23 17:31:31,2017-12-26 21:38:35,2018-01-17 01:16:47,2018-02-06,087dd27ff788395ed2877c049672afe6,2017-12-23
7d5ff38bbe8e85dd2a181ff339eb11bd,b7e6aeaa41986f2a6652b734b62dc1e4,delivered,2018-06-21 10:09:54,2018-06-22 02:59:06,2018-06-25 11:11:00,2018-06-26 15:44:56,2018-07-04,12bbae5239f0ebd29d7196d0b2cfaaa9,2018-06-21
b798fc527c548bfa5f069b5b29195275,ffb352544f1296ee263ecd1b69726e43,delivered,2017-10-29 11:59:52,2017-10-30 09:48:52,2017-10-31 18:31:44,2017-11-06 14:59:01,2017-11-29,8bab3162259edfaadd1ea2e1fe7f58dc,2017-10-29
db173a61c82348f8419813a0d918b23e,6b65ff53eb98d82e894a1676c4f963da,delivered,2017-08-31 19:16:58,2017-08-31 19:30:11,2017-09-05 22:28:02,2017-09-12 18:37:35,2017-09-19,dd52cf0171b5d9377da392a601cfc583,2017-08-31
c89051e4897cdf9edda25069d5414a2f,6dc6ecc47ecee1fbacdf2d516c08f196,delivered,2017-02-01 16:15:50,2017-02-02 02:55:23,2017-02-03 13:25:57,2017-02-15 09:25:47,2017-03-22,59d399e0396cab7f7a89a0a29e65b7f8,2017-02-01
24726ba5765952ef5ee938ed34d73844,bfb4ea5405a6169d8b20f6815af6501e,delivered,2017-07-20 09:15:19,2017-07-20 09:30:07,2017-07-24 14:14:39,2017-07-25 22:37:50,2017-08-02,fdc587e0537ec6aff2810d78aec5d379,2017-07-20
b75900fba7c6652e3dc7b6ad4160fee1,248d1931b65b96ec2f5c89fa83111862,delivered,2017-08-16 19:36:38,2017-08-18 02:35:25,2017-08-18 18:54:00,2017-08-24 21:47:56,2017-09-05,93e6766a936c1c64bd4bc1fbab0b3db8,2017-08-16
b3f78acb69b2fca2335a0da9c6615c6b,44d638882c3d415ba896c5d665d1bcc7,shipped,2017-04-28 11:21:09,2017-04-28 12:00:42,2017-05-16 16:51:52,,2017-05-22,05daf48671f2479af012c6d45b3bce69,2017-04-28
6d5e97cf16f53cf50376b0baecb62595,ac5cf84d41fb5ab92ebd92d49697c26e,delivered,2018-02-12 16:18:28,2018-02-12 16:30:24,2018-02-14 22:58:02,2018-02-17 12:38:53,2018-02-26,9fd7cea245e6829eb95105cd1387c861,2018-02-12
f83390f66deda6e3fe2dc3bbf6fdecc8,2dfe4f427568a29fc32a148c603cf007,delivered,2018-01-09 17:58:21,2018-01-10 10:32:23,2018-01-13 00:52:08,2018-01-26 17:05:12,2018-02-06,a4887671e2d3948b6a19b57681990389,2018-01-09
6eccf2d285566975653dcf25ec2f21ed,9051b4ea0d87599f7f23ab2efb8cd5d2,delivered,2017-06-17 23:06:16,2017-06-17 23:22:21,2017-06-20 08:51:49,2017-06-26 12:05:04,2017-07-07,5f91d7a43ae222ad4f238b607ac956c3,2017-06-17
1ade121ece82965c2578304aaeb25c83,a97157bca251bd230220d09756222ef2,delivered,2017-09-03 15:38:29,2017-09-03 15:50:13,2017-09-05 18:29:49,2017-09-15 18:13:42,2017-09-26,343641c05b9e577ce7079bb57be3ef80,2017-09-03
9e1c9e249d55ea95fe0f9510c2e47862,abd05c068df0dba58309cd1f3f85d652,delivered,2017-09-13 02:25:19,2017-09-14 03:06:08,2017-09-15 21:15:41,2017-09-25 21:57:53,2017-10-17,30e464e301f31d494539d4918b8ce362,2017-09-13
973f8af1ff32939821869513562a0978,89586072c05686f65c2b52948b10a016,delivered,2018-05-02 20:35:55,2018-05-02 20:53:53,2018-05-03 14:15:00,2018-05-15 17:08:59,2018-06-11,956eadf2280a25c360ccfc7b42b21313,2018-05-02
1e6d912e4c63965bb9eccf0cc765fc24,b38a6889b9d5764205a7ccfbbaeb3abb,delivered,2018-06-02 14:52:37,2018-06-02 15:10:02,2018-06-05 14:46:00,2018-06-19 17:45:45,2018-07-12,db28c2ad98d688a2be7408542e3d15de,2018-06-02
dec7dc241ccb42c75f312f0f37197d3e,424c99b572a8dcd0d175d21dec523570,delivered,2018-02-23 19:41:23,2018-02-23 19:55:21,2018-02-27 17:12:49,2018-03-01 01:29:07,2018-03-09,67e1c37efd98d814dd27189cdbfb251d,2018-02-23
7298c59b5da4477e170e4559e3f13153,c441b8f5c7e5ee8d5817f4b62ac09aa2,delivered,2017-04-23 15:31:08,2017-04-25 06:35:36,2017-04-25 11:12:32,2017-04-27 07:23:24,2017-05-11,3a63a5e2370ffc12b188cc3d62fb3cb3,2017-04-23
64f2b30c7d2cad0b1b608642a0a84e25,dadd6aa4dda7e34825ca2a45fa0cb0ed,delivered,2018-06-21 14:54:56,2018-06-22 03:17:20,2018-06-22 15:09:00,2018-06-25 22:47:31,2018-07-04,48a59556c1202c203199488ff4316fd9,2018-06-21
1d90d600c94da3f52f85add77a68fef1,dad74a1dbc8423df39e6e815ba6ef2d1,delivered,2018-02-08 11:46:36,2018-02-09 02:55:48,2018-02-21 10:03:56,2018-03-06 16:28:44,2018-03-23,ad911b1ccd8b1c239e1d05674b204509,2018-02-08
7a8642ee90484b296acc07b910c2c44d,eeb36d1d96fa3dbeb4643467f94fd6f0,delivered,2018-05-08 09:53:28,2018-05-08 10:15:44,2018-05-08 15:16:00,2018-05-10 21:06:36,2018-05-22,1ab743a11d1bf7d2cec4e91697f076f9,2018-05-08
d9e8623b91934be53447d3bcd54025df,5dbbb361d24effa8305fbe81b0783a7c,delivered,2018-05-06 10:16:56,2018-05-06 10:30:30,2018-05-08 14:53:00,2018-05-09 16:03:38,2018-05-21,404d57883f40c539e764bb5c2a3a7b62,2018-05-06
ca4b213fb1a9d596a82d6e343a6370fe,4a82327166e6f4e44b9e02aa781b9500,delivered,2018-06-07 16:44:40,2018-06-08 02:56:07,2018-06-11 12:40:00,2018-06-12 16:20:44,2018-06-25,b2db866e08467e89eb6a8b6480e2cf91,2018-06-07
96af728f7572efd778b4f382d094b5f3,a6d30c849e11214bfd35f21fc04bcf8f,delivered,2017-07-03 14:49:50,2017-07-03 15:03:49,2017-07-05 09:56:43,2017-07-06 12:03:52,2017-07-14,ec7d6c44127c866f0b055e37f41801b5,2017-07-03
84f45a8c260ce6606a2e9d70cccd5959,212654a74f50461c222367b79cea5e3c,delivered,2017-04-14 15:57:14,2017-04-14 16:10:29,2017-04-17 10:55:15,2017-04-27 10:09:34,2017-05-12,052ecc20fc75531a24365017cccf4b44,2017-04-14
7f79833225bf501001f20621188c0849,7b48b5b2beaf6c45ae643345213f3f5b,delivered,2018-06-27 20:46:15,2018-06-27 21:32:02,2018-06-29 14:28:00,2018-07-04 20:52:01,2018-07-24,273c2d98479ca8737ebff845585da625,2018-06-27
33977ddc245e1fadaf16878d170e910d,0d9eb1c3a4d6a109a54ae0ea510d2c8e,delivered,2018-08-08 09:42:14,2018-08-09 07:05:14,2018-08-09 14:52:00,2018-08-17 13:23:39,2018-08-22,9f70d9463d3b60073db807d95217024d,2018-08-08
50bff5996e5e67f6043d3c38633df3ea,988e40a1827df1d5ae0b83c382ae52aa,delivered,2017-10-03 13:40:26,2017-10-03 13:49:39,2017-10-04 21:34:08,2017-10-14 00:33:09,2017-10-27,64be9b53d504bcd6fb935a4707f36118,2017-10-03
c1eb421afe27745d1845f27fdbd14e45,e81792f276332b2214439c9287453df4,delivered,2018-03-12 15:37:02,2018-03-14 02:35:43,2018-03-20 01:42:44,2018-04-10 00:41:36,2018-04-03,879ee1f90476a2fad74aec4f9c9961b3,2018-03-12
17588fcdde2c3aa1d7a184519728364c,93b12da6c3f5191d31d87ed63e053647,delivered,2018-01-23 18:52:29,2018-01-25 02:57:49,2018-01-25 16:19:20,2018-01-31 21:48:06,2018-02-26,e690a10ad0bdf2afeb246ea2cccdfdf1,2018-01-23
3144812170fbb0c3b71bbd757609f605,51a0820cfb1192c56c7a9c2ad51ed728,delivered,2018-02-27 22:30:40,2018-02-27 22:48:36,2018-03-02 17:32:34,2018-03-13 20:59:52,2018-03-20,6ddae506ab27cc1de452203fefa54968,2018-02-27
36f264b6ab0169bf0db37101cf2df98f,1ba79057e794cf0cc51d4da3cd651c2b,delivered,2018-02-07 14:02:22,2018-02-07 14:15:32,2018-02-08 21:22:24,2018-02-27 01:09:26,2018-03-06,08dc08c5b3b7dd3904e1219cce1e7471,2018-02-07
6574317cd3327f737e39fd9a77969ef2,72d2e41dc08743b393d0df725db69568,delivered,2018-06-19 10:16:27,2018-06-19 10:37:43,2018-06-21 14:17:00,2018-07-09 18:58:36,2018-07-13,9d47e357e9963b9c5ac2554a54e12572,2018-06-19
8c4f076c43382bd3ae1748c6ee72f993,bc530a094537f0c6a7645e89b29bc650,delivered,2017-05-04 12:40:54,2017-05-04 13:10:22,2017-05-08 22:13:59,2017-05-23 14:52:16,2017-06-06,02dd4969c23207b44ef9252dd7ef59f8,2017-05-04
fbad56f6a1339fecaa323b209c423b1e,44edb92cf6a04b3286625ca5f94c3872,delivered,2017-09-27 05:34:25,2017-09-27 05:49:13,2017-10-03 21:41:31,2017-10-09 23:16:06,2017-10-20,8aa9d52885a3fc85bc75ec003704a8be,2017-09-27
39c85a598770e3810eb97fd7bc6232d3,0b3361f7d8a0472d8977bb171d80a318,delivered,2017-03-19 13:26:19,2017-03-19 13:26:19,2017-03-23 07:23:36,2017-03-29 15:18:06,2017-05-16,576e325a9c37a4784fba13135bd20129,2017-03-19
a083251915fff736585a9c72e902b0bb,ecaf8b78eae12f33f091d9f34a0f6efe,delivered,2018-03-11 13:52:49,2018-03-11 14:08:31,2018-03-12 18:38:37,2018-04-10 18:28:37,2018-03-29,8571477cae10b48982fc89d9960ea8ad,2018-03-11
5f0f8a9ceb96ceb90d49907d4c14ac7e,3b9f3bfff76dedf30b3c78c732fe7a0b,delivered,2018-01-19 12:24:00,2018-01-20 12:19:13,2018-01-23 13:09:00,2018-02-06 18:32:49,2018-02-19,e02f1af404fdef937012e5a655703b38,2018-01-19
4aa3affa1cabce4defa1f592b369baba,85c4b419d1e841e9a1304a5a21a2f021,delivered,2018-06-18 13:46:05,2018-06-18 15:01:53,2018-06-20 11:02:00,2018-06-25 19:22:08,2018-07-13,e2d989178053ec2981a55641cab8283a,2018-06-18
a30cadd1758dccbec1ba83a6d672fd1c,898ed903326da62b189dc46ebfa40974,delivered,2018-07-21 13:16:37,2018-07-24 11:32:30,2018-07-26 11:09:00,2018-08-06 20:21:42,2018-08-22,9263a6fc47a37b8b71cecfeb1defda4a,2018-07-21
8dd925f0031d0e5f405cb0f3ed25edd9,c180f565ea0f5d52d645ce90be20821e,delivered,2018-04-21 17:34:58,2018-04-24 18:05:40,2018-04-23 18:44:27,2018-04-24 19:24:19,2018-05-02,0134417784b9f85470e635c063152a71,2018-04-21
f62d2e0e462fb59c81df0b389e883027,4aff0525ed33bb9584667eec7efa6d90,delivered,2018-04-20 12:59:47,2018-04-24 19:06:19,2018-04-20 22:48:39,2018-04-25 14:34:52,2018-05-17,16436f5d6e237ac39cee3c60992abae8,2018-04-20
dff351d499a7a16d302eb0c77d6fc100,a31586a3abb2e9ce07180c42029bbc11,delivered,2018-07-31 10:48:20,2018-07-31 11:30:34,2018-07-31 14:30:00,2018-08-10 20:48:43,2018-08-16,10207cef2c51234f70b823dcc00d6cf8,2018-07-31
aaf0b96e0592984d22ebf8aed32b8217,76d89e16f546f92eae4259a7a4340c6b,delivered,2017-10-24 21:45:32,2017-10-24 22:05:56,2017-10-26 16:28:59,2017-11-03 17:12:40,2017-11-13,d1308d535439be93a45a7f8e5703420d,2017-10-24
3ce5ed82ae32a886fd55be9b9e7b8405,5330f5a23582088e76c45d14a5987783,delivered,2017-08-10 10:32:49,2017-08-10 10:45:19,2017-08-10 19:38:04,2017-08-23 18:36:16,2017-09-12,61fb390aaab480abf34045e24c8356b0,2017-08-10
7f8df3bf41b446f3f9d4ac3adc08a0cc,9c8410ae611b0c9fdb5e1c9665f27aad,delivered,2018-01-23 18:17:19,2018-01-24 02:36:31,2018-01-26 19:33:57,2018-02-01 19:10:43,2018-02-15,bf700eae71d2a17e14f1ea7360ad33de,2018-01-23
9c8251fb4af72d0b0ddc81fdb467a43f,fafd8a53b1fbc7a2a6b8d26ba13654b6,delivered,2018-05-15 10:43:05,2018-05-16 09:33:25,2018-05-16 21:11:00,2018-05-18 12:48:42,2018-05-23,7db4cc9c159f824c64ee58c84ae83573,2018-05-15
7c7ebd74dd17f0b9acf62f5beed03aa1,6e27397af1baf39e5ab0c68da1860fe3,delivered,2018-06-15 17:36:15,2018-06-15 18:00:46,2018-06-18 19:43:00,2018-06-19 22:54:28,2018-06-28,b03b679d015ac5450f57844bb18d173b,2018-06-15
8e44452897e7b8506246a37a8f63f686,4a0430234a732034bbfc3584d8821339,delivered,2017-08-07 09:09:06,2017-08-07 09:24:00,2017-08-07 21:17:31,2017-08-10 15:55:14,2017-08-24,0c249142cb188f9b3cb633e9e2d66e4c,2017-08-07
5898decd34c5ff901d78522ed4722ccd,54b0fea1be2a733ad963bf38d6198aa9,delivered,2017-12-19 22:31:52,2017-12-19 23:33:23,2017-12-21 20:19:44,2017-12-26 18:42:50,2018-01-19,27590055315aaea37e0e9060699efcc4,2017-12-19
fbfd9608b0061e4cc1412e28450a83e8,dd67b422d0754d9cc2bb3f5db51a903b,delivered,2018-08-17 16:57:15,2018-08-17 17:10:20,2018-08-21 12:01:00,2018-08-29 22:24:35,2018-09-11,11e941e6a9a3d08fbb8ee30a93302b63,2018-08-17
7369d714f77dd4e4bced33385c245828,95b9648090ca88e5421404bee7869211,delivered,2017-11-17 12:59:54,2017-11-17 13:50:42,2017-11-21 21:27:48,2017-12-14 23:04:57,2017-12-12,ba79285c1641cd230587b014f0838230,2017-11-17
a849c2a7ea93e09f56fba22f019394da,29d896af6952f87f4e4416e976985555,delivered,2017-11-25 18:25:52,2017-11-25 19:03:57,2017-11-27 15:57:05,2017-12-19 22:42:51,2017-12-19,ed1cad5e10122c2c5dd56f8bf6a18576,2017-11-25
ab5e82cf45c456a01f4aa7d2b287a361,8dcf05d11f427a8a1e5216477f2b0460,delivered,2018-03-26 17:30:44,2018-03-26 17:47:40,2018-03-28 19:38:33,2018-04-24 12:34:54,2018-04-18,0aeb0582816c901a2282797f23f81deb,2018-03-26
c56b1a5e46d033165cc4440b9878e64b,ecfe85562416d50766db3afd92b0f31a,delivered,2018-03-23 12:12:09,2018-03-23 12:29:14,2018-03-27 19:21:13,2018-04-09 23:33:19,2018-04-11,9d07108454ac139ee5523f8776a7a36c,2018-03-23
9760a853206ee0cabbd18c7449b4edb2,73f19019441231f1035041265b3a8b0c,delivered,2018-04-12 15:44:28,2018-04-14 09:55:12,2018-04-16 17:52:02,2018-05-04 22:39:41,2018-05-15,1581a918a58a11d99c69f86d9c0d2098,2018-04-12
6ed2677778c1c83cac211c10199cb7a2,c3b9e7ebe1fb99e3b06b6cfbecc73b59,shipped,2018-03-10 15:43:11,2018-03-10 17:20:23,2018-03-12 22:44:27,,2018-04-02,0941e147a6fb7a5f4e0b8f9416d1a963,2018-03-10
c5ee827414d58af8ca34c4911be51911,f951ffae43ed0a3c09dcfb910e4c120b,delivered,2018-02-03 15:13:51,2018-02-03 15:30:20,2018-02-06 20:25:39,2018-02-14 15:56:46,2018-03-01,632b6466e3d9ce93cd1067b1fcb6477d,2018-02-03
557cc2675910c4a6c9b54ad276f25097,b78f37cd0654fbbf35c5277b24936535,delivered,2017-09-24 22:31:42,2017-09-24 22:45:23,2017-09-26 12:22:01,2017-10-01 16:25:20,2017-10-10,a324e032a76af91eb1bfbc44a2abe81c,2017-09-24
cec16bf8607acd5483286d4a74fb4365,06133ba8a78671888d881e2e5f35597d,delivered,2017-11-24 21:13:26,2017-11-24 23:59:35,2017-11-29 21:32:03,2017-12-07 19:15:06,2017-12-18,a0f0a2082b269a9715ba874c94b592f3,2017-11-24
b0ff49d6e778f78efe9eb70252a367d4,63f67968b5526d5ba25ad48e9e487873,delivered,2017-11-07 09:14:44,2017-11-08 09:10:28,2017-11-13 18:13:00,2017-11-24 17:54:51,2017-12-04,6226735364f81ba783e917c9b4b941f7,2017-11-07
24cc891b9b356e89a45d5313bddf4607,b1dc05bae2f03544e45370080331bf07,delivered,2018-04-06 22:28:55,2018-04-06 22:49:04,2018-04-11 18:26:26,2018-05-21 17:38:35,2018-05-04,82b2b6a27479a25369741ff265a19a49,2018-04-06
ef695119f97b2c8165bdf9688b5362b5,810a9740734bc52d57e3e50293406cbd,delivered,2017-07-24 15:01:29,2017-07-24 15:43:27,2017-07-25 14:28:35,2017-08-02 15:02:52,2017-08-15,21ad0db71bf121181e7b44d78cc39196,2017-07-24
b94733bd6f62e2b5e53a30a2a27f109f,e9d7605b70d39bbffcc43b726039e84b,delivered,2018-06-26 12:18:09,2018-06-26 12:36:20,2018-06-26 15:25:00,2018-07-06 13:59:00,2018-07-27,2942569db1c8f5d7df3e75960804d161,2018-06-26
66cee61c0f071d6ed238ba9d17e5b785,6ab131454ebd00d6171fc1e8e3fdcb6c,delivered,2018-01-24 12:42:15,2018-01-25 02:57:40,2018-01-29 21:05:17,2018-02-20 18:39:00,2018-03-02,960438e3b93de6c449d45491534855a2,2018-01-24
22f99661077d08bdf6e2c6c58a718aaf,ccfa4a609dbb6deffbb80555dee66c57,delivered,2018-05-02 21:40:09,2018-05-04 02:51:41,2018-05-04 14:26:00,2018-05-16 14:46:33,2018-05-24,4c62d6664607be18bb315c50807ce50d,2018-05-02
0521b661c320287be1f5a92a52760c8b,af2dd33c352ba6c493b012ae2017fd6b,delivered,2018-01-03 19:02:46,2018-01-03 19:11:24,2018-01-04 21:54:55,2018-01-15 18:08:49,2018-02-06,46fa2563b12609b1e135d08c43b1848c,2018-01-03
60ddc3cf31819e316702f9ede42e26c7,d101df6a75bb39768e2dab7ce5dc125f,delivered,2017-04-04 10:41:08,2017-04-04 10:50:22,2017-04-04 10:58:13,2017-04-19 06:38:10,2017-04-25,a10fe3c477989c968aa284bd448b1d5b,2017-04-04
e5ab716f8e12b45fff646161c4c83ed0,a417afdddebc6a39bf0940fe6c601ba5,delivered,2018-03-16 15:22:21,2018-03-16 15:49:39,2018-03-20 23:34:47,2018-04-02 19:26:34,2018-04-04,e1773a655ac124a129b764a172adce39,2018-03-16
69600803432bcfbc3764354576c52306,3aae68d7af683af2f74cef9591ca310d,delivered,2017-05-17 22:01:53,2017-05-19 11:23:01,2017-05-19 12:52:23,2017-06-02 08:05:56,2017-06-06,325531ceaefe16b9a42f032c311f4e3a,2017-05-17
8a297038df1947074177f33df2c7f951,e4c1b6d865406867c2463a458091806e,delivered,2017-09-15 13:51:39,2017-09-15 14:10:15,2017-09-19 15:22:12,2017-09-29 20:37:45,2017-10-03,d7a78af0a07d991354f7ceb0b0068e1d,2017-09-15
d5cdc053cdfd98fad4a2330ff501852e,019b7076acf0ef17a372c02e8b170cb4,delivered,2017-05-08 09:25:02,2017-05-08 09:35:23,2017-05-09 14:19:21,2017-05-16 09:44:37,2017-05-30,1077150be9a3addfe85f0b44a1497c89,2017-05-08
1831a71825a5c61b74815e606e7db61e,b9c12408ef798dd1f72cb1c1a396a49c,delivered,2018-04-28 11:20:23,2018-04-28 12:13:20,2018-04-30 13:13:00,2018-05-04 19:48:47,2018-06-07,5d46be6e5f67a606886e7940e9c89b2c,2018-04-28
dceb9167cd378827371e4358939b6748,79f0fbce20a9d42be158b173250be2aa,delivered,2018-03-30 14:54:37,2018-03-30 15:07:25,2018-04-02 18:48:45,2018-04-03 21:13:01,2018-04-12,40a0dbd020711f857b4231af1a289fd2,2018-03-30
0ec61157a488963fe217233f74c52760,01415cfeb907d8ce0e17075b4c097fe9,delivered,2016-10-09 23:50:37,2016-10-10 11:04:05,2016-10-25 13:55:42,2016-10-31 11:54:44,2016-12-02,c2154b6ca788852f644e6f56dc7abbe9,2016-10-09
b9fbe26657178b8754633a24a8e066c7,2d6baa0238afacbe6b80af3674000355,delivered,2018-08-11 16:34:31,2018-08-14 04:45:23,2018-08-14 15:03:00,2018-08-20 19:29:42,2018-08-23,d350b6e286935cf85c9ba8d9615c888a,2018-08-11
d0e8691378e622e52c60c3302d78db21,b8bf3bcde8b793b18ec6ba04aa3b0ec0,delivered,2017-05-11 16:50:48,2017-05-11 17:05:17,2017-05-12 14:00:46,2017-05-17 09:32:28,2017-06-01,d9d5d4a68de54f4eb9b236d77933a763,2017-05-11
711b57e81077f7af630de5367804f606,a025145a8a291796e40f137c8fc3178a,delivered,2018-04-05 21:21:44,2018-04-05 21:30:18,2018-04-07 01:03:25,2018-04-11 18:25:41,2018-04-23,fc21aac338af3c81b22cc5fd0e9c4831,2018-04-05
259fe605870f08ddf83ebb61f204b9e1,0a7dbfcfdf274bc1e1965b91489ba2f9,unavailable,2017-08-17 08:58:59,2017-08-19 02:16:08,,,2017-09-06,ff222edf83338ca6b35f8e29871fa07a,2017-08-17
86d10e9e3af9a5a7fb5b4bb285850a66,7427f31c18aef7cbad5e832810281eb2,delivered,2018-01-08 18:00:15,2018-01-08 18:12:20,2018-01-11 19:57:29,2018-01-19 18:22:18,2018-02-05,3c8b5d7f6a7a705c1c85a52a3f738afa,2018-01-08
2d5ec2229b5850cfe5032ee2b0e073ec,994d70253505b439604a18d57b82a43f,delivered,2017-02-07 12:46:44,2017-02-07 13:05:51,2017-02-10 08:02:45,2017-03-06 04:44:47,2017-03-24,ddecfaae1c7952133d8b64e3c59883df,2017-02-07
29005d903202063a0ff076bfdf7fcc13,499da3e498c2933ce31488deb6ed7810,delivered,2017-08-09 17:18:01,2017-08-09 17:30:21,2017-08-11 19:22:38,2017-08-17 21:27:30,2017-09-04,029f24823177b442913b23816ee59e17,2017-08-09
34e356294ae93c00aa77347b2f84ea1b,5cbf704d3c80979cbc58c54881ee3e98,delivered,2017-09-13 22:55:58,2017-09-13 23:05:42,2017-09-14 13:59:56,2017-09-19 20:22:20,2017-09-25,d0107bdcf3011c33ad724f5ca0f7a91e,2017-09-13
a75a2f7097d488d3e5c5709a05e32430,edd7a406d1ce9943ccc342f98d545907,delivered,2018-04-01 20:22:36,2018-04-01 20:35:15,2018-04-03 04:19:09,2018-04-13 23:41:50,2018-04-12,fa701e4c42fa7f213bb7216c9361721b,2018-04-01
0928b1d58fe76f5a1e63be5a47ea6253,387fe5d87d73b8e6f228c70fea044488,delivered,2017-03-15 21:52:58,2017-03-15 21:52:58,2017-03-16 10:11:37,2017-03-21 11:54:01,2017-04-05,563c00dc2e9290194aafe9829e330f4e,2017-03-15
51c5baf43551103a236f5b44e3686b67,d426dd330962205b3e942084af74fb71,delivered,2017-12-06 09:26:47,2017-12-07 03:12:04,2017-12-07 21:37:10,2017-12-19 16:29:05,2018-01-08,df2d195c5a463869afb11ed6a16f9344,2017-12-06
442a8a32e7ffcfcc05413962b75de9c8,23475c91134403fcbeac247de04f4591,delivered,2018-03-01 12:22:06,2018-03-03 02:50:44,2018-03-07 16:49:53,2018-03-14 01:18:52,2018-03-23,d255248c65dc586b803aa687eaca816f,2018-03-01
80ce1db8f4e1070972c60581450bd2b7,8540cae64da7ab8fbe66dffe946bb330,delivered,2017-06-14 13:07:00,2017-06-14 13:15:11,2017-06-14 15:17:16,2017-06-30 14:51:50,2017-07-07,ec21b84d6332db46075bfb851000c59f,2017-06-14
da8996a9d4001412806283a4996baf7e,01af5e81cb5ee5e0864941d3aa58fb0c,delivered,2018-03-02 16:20:04,2018-03-02 16:31:43,2018-03-07 01:05:23,2018-03-11 19:20:55,2018-03-20,3aff962425ee4ca6274c99ed69730320,2018-03-02
dd43124cb8d2c34b7839e01a67c0c646,64614b6f07b27eea08eac0f2c527645a,delivered,2018-07-15 16:25:08,2018-07-15 17:55:10,2018-07-17 15:23:00,2018-07-20 19:46:34,2018-08-01,b7d0720db8231cc62b761c091f9045f8,2018-07-15
ad20e4772c02fa44040fe219a2a172b6,136531654012e2483205dc3be3076c58,delivered,2018-05-24 14:41:54,2018-05-24 15:00:01,2018-05-24 17:17:00,2018-06-05 21:38:28,2018-06-11,4d32ae832a9e254bda80dac89fd37afb,2018-05-24
b09b98cd6505e67b66c88ba47a602531,02745d8d4ad97eb190c4939c5df1c3c5,delivered,2018-02-14 17:56:45,2018-02-14 18:47:48,2018-02-16 23:33:20,2018-03-07 17:12:31,2018-03-09,a8333c0243253bb6d89193af79807384,2018-02-14
b5b05de37b44bf6caebc07cfe28d49fc,05290ca0306c13fc3eacdb969d058b85,delivered,2018-03-15 22:39:45,2018-03-16 22:35:33,2018-03-27 23:18:38,2018-04-12 22:41:16,2018-04-26,bb9b4553d42e28d6b5d59fd8b2540207,2018-03-15
e335a52111017a791750a77349aa2dbe,6f02a89f1c8203f82be32bb0f563d9cd,delivered,2017-08-17 13:55:49,2017-08-17 14:25:28,2017-08-18 14:45:39,2017-08-25 21:54:38,2017-09-11,4565110e5677b388d8e22353437afaa5,2017-08-17
5dd543eba6556684ca5a4f9799dc62e8,53393d7f2eda3bfbbf53a19a1fbe35b2,delivered,2018-04-13 11:22:56,2018-04-13 12:10:12,2018-04-16 13:32:20,2018-04-25 21:48:41,2018-05-10,75aa889f2d1e095a8ce337a963bf3708,2018-04-13
665f8239a02c9cc0b3ea7ad51278f05e,80aa2d8185eda2594527f4f2e59769e5,delivered,2017-10-17 01:08:50,2017-10-19 13:49:28,2017-10-25 13:33:59,2017-11-16 23:54:40,2017-11-13,b70aaa9cbafe543301d13476d6a87c5d,2017-10-17
d1fd0b3e5098a55e5c4a672e25527b97,c93967bb7502dedcb3d9872a427ea429,delivered,2018-02-05 12:57:03,2018-02-05 13:10:53,2018-02-06 22:22:23,2018-02-19 10:33:29,2018-03-06,e90461ad4c3d9b2f8ad63c57200c1c0c,2018-02-05
2d27207b384323a3320175c9dd0b6784,5dda15fe868e79aa4503e6ea333b93b2,delivered,2017-10-21 10:09:15,2017-10-21 10:25:42,2017-10-23 18:21:47,2017-11-08 17:35:46,2017-11-14,e46448d4114e2f5ea2f90568f25fcaad,2017-10-21
4e137cf3d77c73a7969312a30bdbba02,b6955e5735da08e1cd7d7c9b46093774,delivered,2018-04-27 17:52:31,2018-04-27 18:10:53,2018-04-30 12:42:00,2018-05-07 15:27:56,2018-05-21,009f647a455451d6c325bef96685e1c1,2018-04-27
ce9f805d159a577d0f5dbf252a5bf577,70113ccc54e91c025069714903170789,delivered,2018-07-22 23:14:07,2018-07-23 12:31:41,2018-07-24 12:52:00,2018-07-26 16:26:34,2018-08-03,c749da2786fe63706e949fbc60bc7aab,2018-07-22
10f288cd8e6f4add2454d845e9df5af6,d6351c9f1d835238f1e2e76ea7472b87,delivered,2017-11-24 13:15:25,2017-11-25 04:55:33,2017-11-28 18:04:26,2017-12-06 22:27:55,2017-12-14,0e4cb268bd62da7db135af6349b4fc2a,2017-11-24
c39b81b2bd8d2abfff5240c18350f9ea,12b02f4c536538dbb3b1f1ce93ee0134,delivered,2018-04-05 15:06:56,2018-04-06 03:15:33,2018-04-07 01:19:35,2018-04-18 00:28:47,2018-04-24,58c1c5b0bad70d435c3d74abdb6f2846,2018-04-05
ea1ecba1228b210007951b4a8f12ec3a,b58a766d3cf723d63294d515102ae165,delivered,2017-11-26 12:01:51,2017-11-26 12:12:31,2017-11-29 01:27:56,2017-12-14 18:18:26,2017-12-26,e93f117267972c3da0f8836ea0a8c903,2017-11-26
c45a32b1e06c16ad13a62a855174f0bc,73e6e89844bbc555e4a14fd04d48364b,delivered,2018-04-15 19:01:04,2018-04-15 19:15:19,2018-04-16 16:26:43,2018-05-03 01:37:41,2018-05-15,db49876b81840701eb1ea05a4e35caf9,2018-04-15
aae977c782835b108e46fa36a02dbe1f,965197bd6c55afec34066df71c5c1335,delivered,2017-07-03 18:35:01,2017-07-03 18:50:08,2017-07-05 13:26:55,2017-07-20 18:07:36,2017-07-25,c37cc6c1a59d81460a3059744f7ada1c,2017-07-03
2d1af44a16a96ca709a9afd12dceef4d,7f654ef6e7cbd2774ab352ad15e4bbe2,delivered,2017-04-25 19:29:08,2017-04-25 19:42:28,2017-04-27 14:55:56,2017-05-03 12:37:39,2017-05-12,a3b090de94c7476889115decdeb15765,2017-04-25
8dc88c2e364c9253fef2d8348a638d82,2095788f3179fe771afda94cea0e2cd7,delivered,2017-05-15 19:39:50,2017-05-15 19:55:17,2017-05-16 15:31:56,2017-05-22 12:25:54,2017-06-02,ac58587ee0a72acf8c9cddb943323aa2,2017-05-15
854d9f86041d38857c38795f8c133494,803f32fb17f4584b3e67dc7cda49ddec,delivered,2017-03-08 21:57:09,2017-03-08 21:57:09,2017-03-13 13:44:01,2017-04-24 15:52:25,2017-04-10,c1c1e07ab2c080ce6f5c3e8b621eff38,2017-03-08
7aad5b58b71002c5cb36db4fe822a512,b56706efa54adbafc6d2ea0db33b0333,delivered,2017-06-29 13:03:01,2017-06-29 13:10:22,2017-06-30 13:30:07,2017-07-10 18:07:00,2017-07-24,425a3da36e86428035913c7df67a24d0,2017-06-29
23716dd823fe476b656d033ecc6bdb9e,fa109d7de2189a3656b2fd79dc4bb42d,delivered,2018-02-19 14:56:40,2018-02-20 07:16:07,2018-02-22 01:26:48,2018-03-21 17:34:52,2018-03-12,ee98b0cf45eec4b34fea72b3a1e4d3f2,2018-02-19
f5972017f8fc7597e9a878118ca8c19a,dbd64242f4e04688f40fd50596bbe17f,delivered,2017-11-02 20:58:23,2017-11-02 21:10:39,2017-11-07 17:36:45,2017-11-17 19:42:58,2017-11-30,6d3a5d0d75b907650d9d86b756b8352e,2017-11-02
4b3fb492ac13baaabfe1ef6b4e541955,fde12dc0d32b4cd457919846c5b8e4b4,delivered,2018-02-19 22:16:17,2018-02-20 07:30:54,2018-02-28 20:47:53,2018-03-12 15:51:12,2018-03-16,acaf5177d6de60fda7ce77c48abb5230,2018-02-19
58ea2f39b960352a146343ee46c38bb2,968ffe623134add215a1d7e107c5da41,delivered,2017-04-23 09:23:58,2017-04-23 09:35:15,2017-04-25 11:24:16,2017-05-12 13:47:09,2017-05-15,8011414ecfb5c73b38915605c6a59b21,2017-04-23
55093725a55ca1f9e5f5af23dd5dd8fa,ae243ce244bd96b2ab128159a9d77b3b,delivered,2018-06-01 12:15:54,2018-06-01 17:53:13,2018-06-06 14:16:00,2018-06-18 23:03:31,2018-07-12,56a43d130fa423a03fe3ef728ebd58b4,2018-06-01
e4a1a7de8d097ef8862da4fa66798f53,0e7c17ddbada5df557b2e5f2f90dc0dd,delivered,2017-09-11 14:48:27,2017-09-11 14:55:26,2017-09-12 20:33:35,2017-09-13 23:43:49,2017-09-21,307ae087ee4a0b407cea6569ea34a719,2017-09-11
22a00704584f0604e80afe6b4ce031ad,7461a8e28f59334e5abe52baabeeecae,delivered,2018-08-16 21:43:49,2018-08-16 22:09:18,2018-08-23 13:31:00,2018-08-27 22:21:14,2018-09-05,46e5cf1bf11e893f9829907f712a8ef6,2018-08-16
8314d0708a7a6fe4f5e5b3ace0826a2e,80a283a4c29bd55e415c4aec123f51c4,delivered,2017-10-19 15:43:45,2017-10-20 02:56:26,2017-10-25 21:47:51,2017-10-31 17:22:24,2017-11-27,20148c23f552340b3333c0fb535a59b1,2017-10-19
749fcca936a6d6cf6373d2b6f7d72530,2ea8bb2930217f9907af50f779f18386,delivered,2017-02-08 02:32:36,2017-02-10 02:43:01,2017-02-13 09:37:27,2017-03-10 13:06:32,2017-03-15,3fa92e145b040515fc173a120cf81304,2017-02-08
e576bdc500f0c1c9a1b2a3ccce7000fb,8b1f18c2f22e45482d3a3ad8e68090ed,delivered,2017-12-21 13:05:53,2017-12-21 13:16:26,2017-12-21 21:42:02,2018-01-11 12:20:19,2018-01-23,9bb6328bfab33dab1234db560571fb3b,2017-12-21
f1208c0ad97a9de898809def9cc34d7f,3926fa22f9c8f52e376682d14bdb0f30,delivered,2017-07-10 21:12:54,2017-07-10 21:45:11,2017-07-11 19:52:36,2017-07-26 10:52:13,2017-08-01,fca69aabc006a3ebaa32c75de53b5c57,2017-07-10
0838c36e9894cf5d929f58210d5b5bb0,365adfcd960eaab19ba5e79e34d30b03,delivered,2017-06-13 11:22:36,2017-06-14 06:35:12,2017-06-16 07:38:41,2017-06-27 13:34:31,2017-07-18,97b7e420622142b94bae2465a7ea4423,2017-06-13
209af0f4be00475004ee6a0b9f37ba66,b80e57626e0b7bc5c7b396b8590f5755,delivered,2017-05-22 14:59:05,2017-05-22 15:05:16,2017-05-26 08:27:51,2017-06-05 11:03:40,2017-06-14,4a4978eb43b834cdf1b044281ac943fd,2017-05-22
86e58de143bb6bb2b6ded531926ebf36,5b78a451f244ad4bf514f6871360d004,delivered,2018-02-12 19:08:58,2018-02-12 19:28:17,2018-02-15 21:28:57,2018-02-22 18:12:59,2018-03-07,6e0ec378d6238f9d49e023d0567db943,2018-02-12
224178696ac7ef9533253acd7653f158,6d25a570809ab4c7a33e4fea40af752c,delivered,2018-04-12 20:30:22,2018-04-12 20:49:06,2018-04-13 21:56:44,2018-04-23 18:54:50,2018-05-03,bb63505ff79fb2967975e28f7a22b8df,2018-04-12
ab37ec75cad1f09d8ec5c5a4228eaf50,d81c43db155254f98cce1de0d6026bed,delivered,2017-03-30 23:33:36,2017-03-30 23:45:16,2017-03-31 13:19:26,2017-04-05 16:26:39,2017-04-24,c9b9697cab0885ef1076c53531f686a0,2017-03-30
6d46be495109b4798339bb7ac0bfaa9e,b36ce0a77473bab7fe9ee08be0efa4b3,delivered,2017-10-13 21:48:58,2017-10-17 04:14:50,2017-10-19 19:30:21,2017-11-20 17:10:00,2017-11-08,b4c7ecaf6b60e9553e77b084332c30ec,2017-10-13
7a8434b3aea12aa40de2100dfb50cca6,cbfb4a4b0153c7c10c1faed90d8cfff5,delivered,2018-05-09 18:26:51,2018-05-09 18:54:08,2018-05-11 13:45:00,2018-05-15 18:32:00,2018-06-05,c6da3281642f6779528c0ee3108c7c83,2018-05-09
b0e779f901eb8bbbc2e223a783dc46a1,c84cf90be463db5785f405c807b13aa3,delivered,2017-05-19 20:51:25,2017-05-20 18:25:10,2017-05-22 14:35:22,2017-05-23 09:43:59,2017-06-01,950d208b22259f51740f4a8f181d98f1,2017-05-19
7ff80f1b42a18dcaeabdc65c1be8016f,626e08d8c160791b98c9af031750945b,delivered,2017-06-06 23:24:13,2017-06-06 23:35:28,2017-06-07 10:07:10,2017-06-19 20:47:32,2017-06-29,8024dc0f50801402fd670d55de62056e,2017-06-06
ee4a95415255b5c54189071b8c1a2c53,0397cc69d4f5d98b754925553a327d17,delivered,2018-05-06 00:15:12,2018-05-07 17:17:15,2018-05-08 12:02:00,2018-06-06 22:06:27,2018-05-30,2c533ae4556bd5b836ca6edc1ea42cd7,2018-05-06
d3221f47eb4afb028ea89bf72bdc8bc8,cc9ff086a2bd5f8a324fce11bcd7055a,delivered,2017-05-02 20:56:43,2017-05-03 15:22:47,2017-05-04 09:53:18,2017-05-08 09:26:42,2017-05-23,552f4c68fcae04382aef330ece516f4e,2017-05-02
537be38441cb6b55c59979427abe99ef,a0822e7d4805f4355a0cc53939cd05a7,delivered,2017-10-23 13:35:21,2017-10-24 03:14:11,2017-10-25 16:42:26,2017-10-31 16:33:52,2017-11-09,df0f9265d8d4d516937a2eddc8c90dec,2017-10-23
0aaab3c070a479ff8654a14d13ea750a,8990831f28f0c5a632fed68edb3718a3,delivered,2017-06-14 09:04:00,2017-06-15 06:42:49,2017-06-21 14:28:34,2017-07-11 19:04:36,2017-07-13,91802398bf6fcefbd543b8e1ae742642,2017-06-14
77e356fe102e0bcabbd2bd066328f801,ef8f790a11f281ddbab551944073ebad,shipped,2017-03-15 18:49:46,2017-03-15 18:49:46,2017-03-20 07:58:49,,2017-04-19,cb148081e3e40b8e90630265a4d317fe,2017-03-15
6e6fe7a46410884d0ad0f30ac48f7c4b,24c2b6055e3e6af2315b8216a7785e34,delivered,2018-01-05 12:29:14,2018-01-05 13:13:31,2018-01-08 11:52:15,2018-01-09 13:43:26,2018-01-23,1f0714f75388780210db954e813416e4,2018-01-05
3382c4920abfc57a48aa39d9120f3f67,f05af36cb0718a83b13d96bf8b710d20,delivered,2018-05-07 12:38:04,2018-05-07 15:31:14,2018-05-21 15:54:00,2018-05-23 13:38:32,2018-05-15,8daed8656ebd5207d291f66538455e05,2018-05-07
626ba2cf9fa985ffe2bf41c0b1b12b4f,0abda7ee9b75764b3bf4197b63ee7c0a,delivered,2017-11-12 12:39:52,2017-11-12 12:50:31,2017-11-14 19:55:05,2017-11-23 21:16:37,2017-12-06,a28a5bf286affa0abc5f7dbc1ccb6a2d,2017-11-12
8618c8cd264cece4218bfa403bdc4b14,5ece0dfd49edb29d024f2710c8526c03,delivered,2018-08-07 14:06:46,2018-08-08 03:05:12,2018-08-08 12:41:00,2018-08-13 22:19:50,2018-08-31,eaa62b5b7b97dfc5b7f233e7ca718d7d,2018-08-07
c642b243037172b9fa789eec22ab713c,b2b7366fa24a7e69a0ad1d4cba6471a9,delivered,2018-01-16 15:21:52,2018-01-16 15:32:25,2018-01-16 23:28:46,2018-01-20 01:21:25,2018-02-15,8d0e0879191d761df1fde63cd721065d,2018-01-16
eb0caa123b85c891ef895115c39f5fd5,30201265565f84bf08c3ebf808449612,delivered,2018-08-16 16:31:33,2018-08-16 16:49:14,2018-08-17 07:23:00,2018-08-20 15:49:50,2018-08-28,0b7b2a76d32731ca8078fa8e4caa8a76,2018-08-16
1bc7db82fdfd333b6bc74fa6643c694b,302166f85f6ebcf766b0a9bbaae2f0e2,delivered,2017-10-05 07:04:50,2017-10-05 07:14:16,2017-10-05 19:44:58,2017-11-20 19:48:35,2017-10-31,ba86c2bc518f5ccdc28b37645d2c6cba,2017-10-05
70217ba6c09626a3f4b980eac7d98a1d,8c2dba1581356178de57718a19cd1d61,delivered,2017-08-08 21:04:11,2017-08-11 04:15:14,2017-08-11 18:40:06,2017-08-23 19:22:51,2017-08-30,9a909e39723b88c47dd3090505ce7299,2017-08-08
937e5f3a8d8e8f17ee884f59b8994eed,2e4df942ff90931c8ef43d27bec8b144,delivered,2017-11-12 21:00:06,2017-11-12 21:10:32,2017-11-14 18:48:48,2017-11-21 17:05:56,2017-11-27,1a3be6bbba56b8b3164059dd43efd7bf,2017-11-12
c89a75d9ee5020cc2bdd4ebc2b35d2c3,5e065d3885042c6de495899792b09d30,delivered,2018-05-10 12:33:50,2018-05-11 12:30:53,2018-05-14 12:01:00,2018-05-18 17:12:23,2018-05-28,145389f6cb5a889ad84f73c442db5a63,2018-05-10
3343cf23583ffaea36e75f03d0893bde,449da50336d9b1e5f45284b5e4647f48,delivered,2017-12-10 11:48:07,2017-12-10 11:55:28,2017-12-12 18:35:33,2017-12-16 19:22:54,2018-01-11,d21a5e86eb6ff84f226ee572687e25b3,2017-12-10
32065e5956c0bd03d20f89203871cbd0,6915da0cdf79a9e591f34f7feec9af86,delivered,2017-11-24 22:46:40,2017-11-25 01:52:45,2017-11-29 22:35:44,2017-12-04 18:05:36,2017-12-20,a6c56fed631b174328937ede769d7746,2017-11-24
3ed68fe5074b5593e90e3bc341f2d718,3ed0c123ddb36edc23e61294855ca7a3,delivered,2018-08-17 16:28:03,2018-08-18 02:35:17,2018-08-18 08:22:00,2018-08-28 20:03:16,2018-09-04,ca4ff639625e4a69b33df6dc596224b3,2018-08-17
0a8f8c393d9dbc5901daf7d157afc427,0389344fcfa1b39110fe6943f8abcfad,delivered,2017-06-01 16:10:28,2017-06-01 16:25:28,2017-06-05 13:21:41,2017-06-14 11:43:20,2017-06-28,c2676cdedacba0e3aed5312e06b9bdda,2017-06-01
93afe3c6fc66e7f50b000e621fa6fa49,c0757f19964e56c02b05e41d1ea20879,delivered,2017-11-22 16:58:38,2017-11-22 17:11:28,2017-11-23 17:12:42,2017-11-27 19:27:07,2017-12-15,d3e3903121c9c1e9a9f111e2601b03c8,2017-11-22
31c97425f34d48507d57e56e0ec2986b,11ead7c657fc4f2412db1babe52d1619,delivered,2017-09-03 19:49:03,2017-09-03 20:03:45,2017-09-06 16:42:30,2017-09-16 16:13:54,2017-09-25,6144b9dbdc89758b47e87e2e73f4db09,2017-09-03
c8343fc16f5a843a22f2b56109a052d7,398f43880fe5d5fe1207be6e220a2f47,delivered,2017-04-19 17:40:58,2017-04-19 17:50:25,2017-04-20 16:22:01,2017-04-27 09:59:35,2017-05-17,49ec88a24f9b752264845d912c581306,2017-04-19
137135c30e53ddac60ef16b8ef6d4d54,0e452884350c12f7a85429773c5b6472,delivered,2018-02-25 11:48:38,2018-02-25 12:09:36,2018-03-02 00:08:36,2018-05-07 14:43:53,2018-04-05,3f96ec9fd3b78b09de19e97f366189c1,2018-02-25
55f1a7153e4d67447465073ad9490f04,b259aacf66c74aaeb0d7c585e1a35be4,unavailable,2017-12-04 13:14:31,2017-12-04 16:49:16,,,2018-01-02,2615f18f801b0156237b068570d64217,2017-12-04
fa829c3fbcf363826dfeb1921c4f5c0e,711adc8ce3d54c4aec1bc2381e025150,delivered,2018-06-13 13:38:20,2018-06-13 14:31:28,2018-06-14 12:05:00,2018-06-19 11:12:18,2018-07-11,9b69dafe2e6e62c623f834937f2f8b35,2018-06-13
fa66968136d0e5507f38fd33d7e6ee14,2239c6f47e4f74e36b5b27f566b35034,delivered,2018-08-17 15:39:10,2018-08-18 03:09:44,2018-08-20 10:09:00,2018-08-27 19:03:26,2018-09-10,4f2471a6be2173c45c65f321cef21543,2018-08-17
ffec1a6d35149778ec575d5048d44db8,970ca115b43314d95949db28ed73aa78,delivered,2018-03-20 12:47:53,2018-03-22 02:49:46,2018-03-27 17:06:34,2018-03-28 18:54:28,2018-04-02,eda7816b14226ae5c4d346c6054c4fcd,2018-03-20
ea5b2c0d002d415e1c5e7d7f39c831f5,ab923b33a7bb81c8348b97b5276ab0cf,delivered,2017-12-08 19:35:11,2017-12-08 19:52:13,2017-12-11 20:48:42,2018-01-04 01:05:42,2018-01-08,aae24ccd525137892029a5cfeea47171,2017-12-08
0ef549b2d7f694d7da546831e4003906,36dcd1ca06a31b26bf8f9f56576412cb,delivered,2018-06-17 23:54:56,2018-06-18 15:17:20,2018-06-21 11:33:00,2018-06-25 21:52:03,2018-07-12,8cf72caf3118c0df0739023fa27f50c2,2018-06-17
0fcebef7529661e5353748c86a31d90e,90687faca5a0ee41c930155f05b000d6,delivered,2018-05-21 10:14:31,2018-05-24 17:35:05,2018-05-22 06:53:00,2018-05-25 17:45:44,2018-06-05,23fb97c8256a787215ee5ad0328c833d,2018-05-21
b7ee003a15e0771e300ba4fa565c1cde,bb248d53ccfad4213d4cc085f4ea8605,shipped,2017-06-06 22:31:52,2017-06-06 22:45:14,2017-06-07 15:58:40,,2017-06-27,37599ecc41d3ff5f4605abeb5145ea59,2017-06-06
915e2d730ef38d45a41bad2a89f88950,fdb0f83896fae5207bdd32d4f3d9fe48,delivered,2018-06-15 15:23:48,2018-06-15 15:37:59,2018-06-19 14:26:00,2018-06-26 20:38:49,2018-07-05,7753646c2db2acc96fe089f951cfc31e,2018-06-15
f3bd551f3e8da9ba257cc4f68e4b89f9,7c712a74cad1920cb6fde4480a378dbc,delivered,2018-03-02 15:36:06,2018-03-03 16:21:19,2018-03-08 17:27:24,2018-03-29 14:26:41,2018-03-28,56100e0916fa960a7b6ef5d598130ed4,2018-03-02
8d10435d438f4f2582d83a8cb0f007ad,b27881b13fc8dd2754804c760c4c40bc,delivered,2018-07-24 16:26:24,2018-07-25 02:50:16,2018-08-07 08:45:00,2018-08-16 15:36:30,2018-08-22,5a97428ef5ca293d61d01e4f3ae61b11,2018-07-24
3b0e5a99d50a2371dc4f0dfbaf0a2a76,8b7c60182e9c5c71d17d54ac97b0fa02,delivered,2018-02-17 22:49:04,2018-02-17 23:06:51,2018-02-20 03:53:23,2018-04-12 11:12:00,2018-03-14,10039eb24369710f43ec8666feb6b5ad,2018-02-17
bc0d5d1faf5b015dc352b83463f205df,9e611a18f00b0d42c0805512db3c5337,delivered,2018-03-30 20:24:56,2018-03-30 20:35:13,2018-04-03 18:27:58,2018-04-04 20:11:58,2018-04-12,9d92c9e7325cbadab39042d4a60c7d9d,2018-03-30
bf1956dea4fd9c8118a6553cf6dd375a,b13f522b29cfb5eb86f49e4d8ec98aaa,delivered,2018-03-26 00:20:08,2018-03-26 00:35:20,2018-03-26 21:47:55,2018-04-09 20:46:59,2018-04-16,05c3866bb382cfcc6e71e0a826e52517,2018-03-26
d6a8bacde476ece5a181362e3eb2aa44,d661aa00fde51b12e4e50770e8bc1011,delivered,2018-03-26 20:56:47,2018-03-26 21:10:12,2018-04-03 20:41:35,2018-04-16 20:11:28,2018-04-23,a10d0833b21b909913140de0a5575f95,2018-03-26
5d4b280ade17fbd39c551ed69edf8432,812de05e2de8e3b58816cff12a1302f1,delivered,2018-04-27 11:08:24,2018-04-27 11:30:34,2018-04-30 08:22:00,2018-05-03 22:09:54,2018-05-22,4f47dce7aa9939667f0e44702fac1a57,2018-04-27
71303d7e93b399f5bcd537d124c0bcfa,b106b360fe2ef8849fbbd056f777b4d5,canceled,2016-10-02 22:07:52,2016-10-06 15:50:56,,,2016-10-25,0eb1ee9dba87f5b36b4613a65074337c,2016-10-02
a0ea6346d58826effd37d95c04e7feaa,85bb60244e00bcd69c5a52da5d1512a2,delivered,2017-12-09 06:16:03,2017-12-09 12:30:17,2017-12-12 21:05:51,2017-12-22 19:18:51,2018-01-08,486fe9ff5b0a980451a01afbb118b4e7,2017-12-09
d02832494d9e665c9647bc990b1c24ee,0e8f3042296ebd7f20095ce2fe09945f,delivered,2017-05-19 21:06:03,2017-05-20 11:45:20,2017-05-22 10:25:29,2017-06-01 11:48:17,2017-06-23,c374dc8c48a3edc15dc8bcd4aaeb67be,2017-05-19
d91f3753f6627409e794b7af521e7cb9,56a4785d40ec1f5d200aa91a085048bd,delivered,2017-12-20 00:35:32,2017-12-22 02:50:42,2017-12-22 15:13:40,2018-01-14 14:08:56,2018-01-18,de1304243e1baa2b702aeddd454d62cf,2017-12-20
728eca74bf1bda84f1f1c4df86551bd3,307edb101f6b111e889e42258b146715,delivered,2018-04-04 12:57:55,2018-04-04 13:10:20,2018-04-05 00:36:26,2018-04-17 14:34:26,2018-04-27,400b925fa2cc2455139b1fe094c45829,2018-04-04
53986010cd24a083e90498682f8129b8,d5b3ccc1309de24eb31ffe208f6b3050,delivered,2018-01-08 11:48:46,2018-01-08 11:59:32,2018-01-09 21:06:57,2018-01-18 20:08:45,2018-02-05,4224676a902730ca200b123d65797053,2018-01-08
2b174fe50fe22617055b7220b4b43c26,ddedd0a8c9f0acc02d3bc02070d117f7,shipped,2018-04-07 16:47:06,2018-04-09 23:15:14,2018-04-11 19:38:29,,2018-05-02,c1285373b3984adcef24fa28810c9a6b,2018-04-07
4e2b00bfdaa0253f5d2836299868634a,54f4999e6a74c50d068be44d1fdef23e,delivered,2018-02-15 19:05:56,2018-02-15 19:26:13,2018-02-16 17:27:42,2018-03-07 19:09:40,2018-03-09,4fe8f494962fa2d40d2b0f4ff7839cdf,2018-02-15
7579e83c4b3105eb739458f2e6fee4f8,1678c6ae6e1ee4c4b06f224f7cff0846,delivered,2017-07-23 16:39:24,2017-07-23 16:55:10,2017-07-25 12:33:14,2017-07-28 13:58:14,2017-08-11,27dcf49025ecf5755d31f06c144cd5c6,2017-07-23
38d28e168501494c0edb4ee41f64d296,6620ea0cda2c99d5c14c22c7c6309979,delivered,2018-06-02 17:29:04,2018-06-02 17:50:18,2018-06-04 10:41:00,2018-06-12 17:58:28,2018-07-11,dbf10059c4dfeb1a7ca3051d0071f06b,2018-06-02
3df2e99994d26322522f7c8221831a80,4edd404b9f68334552c1d5c7e72cf128,delivered,2017-10-24 21:02:58,2017-10-24 21:14:27,2017-10-26 13:34:36,2017-10-31 22:16:43,2017-11-16,ddff3935aa38349d99a48babeb9808d6,2017-10-24
bd81ae8a9c5a8e0ec03a3415f1540921,4c91ce619e6d67e9e83e309deb703ef5,delivered,2018-04-05 11:24:03,2018-04-05 11:35:24,2018-04-05 21:58:50,2018-04-07 12:12:28,2018-04-20,a877b4559ae51ae128a204d49e70d7c8,2018-04-05
b96a0998be02fcdd701b834f5d66f235,5747a693dfadf504e1d46b358e2a9bb6,delivered,2017-08-08 10:38:44,2017-08-10 03:25:41,2017-08-10 14:58:58,2017-08-18 18:19:02,2017-08-30,177cbe452bd4fa1a0873f4e6ee7be69e,2017-08-08
33385120d1dbb98e6fafeeb955d5b28c,00d8b72b2807894a9e5c690179132819,delivered,2017-11-08 00:04:42,2017-11-08 01:26:56,2017-11-09 17:21:47,2017-11-10 20:34:41,2017-11-23,f87567b082c73dd2c953001b14ddd739,2017-11-08
771760302216bf4e6a1e0a9e6379583f,6316ea86c8694f41021cfe91287144b2,delivered,2018-06-03 18:12:18,2018-06-03 18:31:03,2018-06-04 13:45:00,2018-06-13 14:39:33,2018-07-17,98e412e3a2ba56fe1f1290be3d5c7144,2018-06-03
4acae38053fac34d667306b2de1445ee,c42f73ace92c8109fb462219dc06a400,invoiced,2017-11-23 11:46:27,2017-11-23 11:55:56,,,2017-12-05,e06c6e8044a306c2d1eac42777b8c626,2017-11-23
a02a8fea1f9876af129ba9bbf01f59cb,a7ab20fb4e0a401187aa80e97cd7e4d8,delivered,2018-05-18 11:23:17,2018-05-22 07:54:01,2018-05-25 14:56:00,2018-05-30 20:37:26,2018-06-06,cd0b1ad093f23768a6e46d85bec294f6,2018-05-18
fb892328bc44b33ea7c52b5aad09416e,baf13475dde3287ce4b015d7229a534e,delivered,2017-05-20 17:46:21,2017-05-23 04:15:24,2017-05-23 12:32:53,2017-06-05 10:35:37,2017-06-12,e1655711f868152c8d0cebbb06eba97e,2017-05-20
e17d3302a2923d0185757dfca4243419,dab6b8d21ca0042c271d59be395eea8c,delivered,2018-06-20 21:44:28,2018-06-22 02:58:53,2018-06-25 14:34:00,2018-06-28 19:32:23,2018-07-23,df85489b24646779960c73a7c2f8acbf,2018-06-20
6bf83087dc6176ce753398bf1a976f0b,25c8e1fcd0c55a56b32d5f24db4c46b5,delivered,2017-10-17 15:55:42,2017-10-17 16:07:48,2017-10-19 15:15:58,2017-10-23 16:52:54,2017-11-03,f1a02343b512e3621484af5aeee1676c,2017-10-17
30647325eed2f0ac046e27a3cb6b76fc,10cf65f0400c1e1f03e07328b6882311,delivered,2017-02-16 13:57:14,2017-02-16 14:10:13,2017-02-17 08:58:34,2017-03-10 10:06:50,2017-03-27,de0e8bcaed4ac79a37175ded40b9b005,2017-02-16
2e0ff81253a7fa54020cedbb9835d1c7,cd8b10b923d9c792b2549784392f15ab,delivered,2017-04-11 12:05:15,2017-04-12 02:42:26,2017-05-23 09:19:55,2017-05-25 09:49:39,2017-05-09,1f4296f408415fc3c9e701577c7350f0,2017-04-11
e74dce994d1d4b754ec4a4e709b8b65b,8862497b709d7bdf7a68ce43e973b7b0,delivered,2018-04-15 22:22:52,2018-04-16 08:51:02,2018-04-24 22:51:48,2018-05-07 19:32:21,2018-05-08,d7aea5b4461bbcb04da8b89dfed4444b,2018-04-15
abf40713667771b2f331cca776f225f7,1d180a8db4067b40c14f135a54d6e144,delivered,2017-08-07 17:24:42,2017-08-07 17:35:25,2017-08-09 15:10:18,2017-08-21 17:33:40,2017-08-29,e8e6db192b9da6b02473f7b181855269,2017-08-07
d51bf6ce24909fbeee788f10c841a55b,51b59ab650da32b47d3f058bea2d67c8,delivered,2018-01-06 01:38:40,2018-01-07 01:31:22,2018-01-08 20:19:50,2018-01-16 20:09:13,2018-02-06,243791807701c54977fcd113df18419d,2018-01-06
81f8f469c9ebd7916d4d35d7b379127c,00838729460c2110a0bd330a4bb9b332,delivered,2018-03-24 07:54:34,2018-03-24 11:48:09,2018-03-27 01:08:33,2018-04-11 00:12:19,2018-04-16,d3857f98166ef23ca95d44cbe9b1828c,2018-03-24
7f3f24575ff9378ce7df685115ba3695,e3c3ecdfb38d43bdb33edcb4ecdaa981,delivered,2017-07-17 13:32:55,2017-07-17 13:45:16,2017-07-26 14:11:12,2017-08-08 19:20:11,2017-08-22,e35b0dcd1976d0dc99bad1bd824b226f,2017-07-17
4b9240819fa4326d73e1786751d5424f,9eb92c9d7e06ca3bbc297b173d40ca56,delivered,2017-11-28 14:59:40,2017-11-28 15:19:42,2017-12-04 20:23:23,2018-01-09 12:13:00,2017-12-29,d3e6fedf3ec053546e54c739bc82044e,2017-11-28
b05a3bf231027bb3e6dbc25a078400af,aab5a8c7d81c12767d13562f38149488,delivered,2018-06-26 15:00:40,2018-06-27 08:53:56,2018-06-28 08:28:00,2018-07-02 22:39:28,2018-07-20,0abd3a7f9ef4778f55c54e60f1d828c9,2018-06-26
d8873f1bbe5dcb703bdb0aee14aa0948,bc9ff46a719141196e645fe84056864e,delivered,2017-03-27 17:32:22,2017-03-27 17:43:28,2017-03-28 13:44:13,2017-04-06 15:09:36,2017-04-18,c0dda51f32fc550867fd99ec415f6b04,2017-03-27
165bda414fc1fd79eb721e1938ff198a,bcaa16104985fc83035709fefa708f14,delivered,2017-02-04 12:31:17,2017-02-04 13:10:09,2017-02-07 12:37:52,2017-02-15 15:47:47,2017-03-15,eb4d33248a03d3b86ae1e251a022ef2e,2017-02-04
530368768e371e6f8068c3209e1157d9,5fb87f13f6e166bc643d22685cee47c1,delivered,2017-06-25 10:27:13,2017-06-27 04:10:27,2017-06-27 16:27:39,2017-07-17 19:52:17,2017-07-20,f65ed0376424086a1cba047c5154a78e,2017-06-25
3feb799ce0a45e25a33828bff05ae553,c48c461650e7da0a671e1c902001534f,processing,2017-12-04 10:15:06,2017-12-06 12:52:22,,,2017-12-28,6781482ed74bdebe40ed95e76c965498,2017-12-04
6b1fc7db81c9636bc79ef40baf9e8b29,d3b6830d18c7de943d1e707d1f061d40,delivered,2018-04-14 18:29:29,2018-04-14 18:52:43,2018-04-17 21:32:56,2018-04-18 21:41:45,2018-05-03,27cf4b153010911a0957150255a6c6db,2018-04-14
74b718d85b8c1c2071fb5f4e7c7a1114,23439db933ef777c7a62cc7355cfe933,delivered,2018-01-30 21:08:20,2018-01-30 21:31:28,2018-02-02 00:38:38,2018-02-17 00:28:00,2018-03-02,fe83a1eecb94d049cd92b9a759d63cae,2018-01-30
03c810bce9d261d4d0447b895189dc16,526caafeb47b743834c8e21b5faed622,delivered,2018-03-04 20:36:53,2018-03-05 20:30:52,2018-03-08 16:02:58,2018-03-19 23:56:35,2018-03-28,d88e864efae1c993d594967aac79ce2a,2018-03-04
742b5d98b8903f6f6a0af740ddd60f2c,6363e2618ebebe92ac570fa7e9fdf82f,unavailable,2017-02-14 17:33:54,2017-02-14 17:45:11,,,2017-03-13,938f894ba82b487c35a6a6eeb1349248,2017-02-14
8d6708eef8a393c70109de0afb75509d,a9aae87dfdb515be22e98a2054e53978,delivered,2017-09-03 20:43:38,2017-09-03 20:55:24,2017-09-05 12:58:03,2017-09-13 13:32:14,2017-09-27,1e2a7d3a4c0c008ff480ac0f06e613f4,2017-09-03
dbf2c0164b592abca90f6c6817f37a9b,b67442bfea418c7574cb711bf521d040,delivered,2018-04-28 19:08:05,2018-05-01 05:32:19,2018-05-02 11:11:00,2018-06-05 00:03:06,2018-06-01,86b6de08b52ababa0a7fe35008b2f5cc,2018-04-28
bb1af69d9c3122c683d442d8af845410,89c85c6028bef4a62418ce026c9caf3c,delivered,2018-04-11 14:14:06,2018-04-11 14:31:55,2018-04-12 22:56:31,2018-04-13 22:45:39,2018-04-26,ac153167ab6f04e46a986df3afcdbd13,2018-04-11
b528343ff0b10c32c5c7baf68f6536ba,df95b7d6f8593ea6ba264820941935ae,delivered,2018-05-30 14:58:50,2018-05-30 15:15:14,2018-06-01 14:59:00,2018-06-04 18:08:49,2018-07-03,c854b68bc405ed4609cbe9f480913864,2018-05-30
7540eaa703ba0f9ab8cfb6ce7291a83b,57d3993957c67b16b2ed5bc02f65a2b7,delivered,2017-03-18 11:59:46,2017-03-18 11:59:46,2017-03-20 11:57:39,2017-03-29 20:18:05,2017-04-10,df2f1fa25b60c9de8a418446ebd975d6,2017-03-18
c42b587202c9ab27678911d072f3894d,ffafa5b458d00aaac99e63ce4e72c668,delivered,2017-02-15 12:18:51,2017-02-15 12:33:15,2017-02-15 13:55:10,2017-02-20 10:43:39,2017-03-20,554692dcba8b169a3e0ec2ef1c8bd473,2017-02-15
02a0eb7c22b0616c767a45954a2a28f6,43d9a8df81f815755d9a258f2ee3135f,invoiced,2016-10-09 10:34:58,2016-10-10 08:14:52,,,2016-12-12,2b18ce67b0eecc6b8f099bfdaabf545b,2016-10-09
c599664a92ecfccd2ba5b5e7d4f91fb0,32922171fd468b3f070fd758d7fd1f26,delivered,2017-09-10 16:38:23,2017-09-12 04:35:31,2017-09-12 21:42:03,2017-09-14 16:54:28,2017-09-21,eb6d74ae020275124bcf8e38fa6de2f2,2017-09-10
c7be34133b7857a83dec6494df176713,5b7e3bcc22566d7b41ca31b0acfad7c4,delivered,2017-03-25 08:27:38,2017-03-28 03:50:55,2017-04-05 09:32:30,2017-05-15 08:17:38,2017-05-02,075564a7fc400fa02ad51283123de2a9,2017-03-25
853f25989cabd6fc09d7e1ce0efd0f50,8f96810668001b103d3f2000e7c9af1a,delivered,2018-02-20 19:49:19,2018-02-20 19:55:51,2018-02-22 02:39:00,2018-02-23 22:27:16,2018-03-06,c606e02ba9f28ba37d77a9f5d57b1c8b,2018-02-20
672bd629a3a3fb9f16b9147ce8ccfb69,3a0e5c031b789b7c3e91532c851edaf3,delivered,2018-02-03 19:14:14,2018-02-04 00:09:47,2018-02-06 22:56:52,2018-02-10 15:26:53,2018-03-01,38afdc428c71deb828d0dc5c61696e2d,2018-02-03
bc7e40b95bc62e9b4fe7c419038b37f3,b56e91c06de67f577c3764c24dac0756,delivered,2018-08-20 00:09:48,2018-08-21 04:50:02,2018-08-21 12:35:00,2018-08-27 16:48:28,2018-08-31,d0362502da3b59199ec21fe40b325f1d,2018-08-20
ef95c45a2c0fca1b7aaee8da7c0013f1,81873ffff1e5af1536b3a98f13d8c558,delivered,2018-02-18 22:35:30,2018-02-18 23:46:51,2018-02-19 20:20:47,2018-03-20 22:12:44,2018-03-16,c54e1db0fa37cbdd8a3f3ba9d5463520,2018-02-18
897abc3130a6d4c579a229b45349f611,1d331c1175b7c788fdf7b44b6dc26627,delivered,2018-08-03 13:02:13,2018-08-03 13:15:12,2018-08-06 11:08:00,2018-08-09 10:51:37,2018-08-20,b134d1fbe77d00a8e0a4ce9d855ea927,2018-08-03
5e7e66344d4f127f114875c930d621f9,622fd8de19b9462bdfd1c15fada2e89c,delivered,2018-02-05 18:06:32,2018-02-05 18:29:59,2018-02-07 00:42:45,2018-02-16 19:14:15,2018-03-06,84676d519cd67b76559c1a34da362aa7,2018-02-05
cd7d5eba4ca59e359249279469aa4f7a,d4d6b4b9d85471149150ceda6dee1501,delivered,2017-03-27 14:59:54,2017-03-29 02:10:41,2017-03-29 15:37:38,2017-04-06 09:13:28,2017-04-26,4092bf290aa60e4f2d4a0dcc2f38c954,2017-03-27
a2f7326351628f773f83d542a9da6851,0e4e3ed44acc06bd424d47ab79993516,delivered,2018-08-10 00:54:49,2018-08-14 04:24:22,2018-08-15 14:46:00,2018-08-20 17:31:12,2018-09-12,59c71ab83d120ac9d6d593a285ac6feb,2018-08-10
4198d0f2bb36652e0d18c1f7bbf3b6af,38a82a516c3ba8e40fa79b580d9855cb,invoiced,2018-04-16 11:17:01,2018-04-16 11:31:31,,,2018-05-03,9a09a09e29cdb2fa881135c84b67e523,2018-04-16
9a517d3da31a43376a0ba6f01f970495,5e271b804f276d8a36840e41116f4ac0,delivered,2017-08-01 12:09:24,2017-08-01 12:23:31,2017-08-04 15:54:03,2017-08-11 18:57:55,2017-08-29,83d46bed1fdb4afd844d8b7e64959f5f,2017-08-01
6a9ed89907267cac71cbbf67931313a2,827a5d5a014607756a15b47b7d21da37,delivered,2018-01-02 14:13:47,2018-01-03 14:07:25,2018-01-13 00:43:05,2018-01-16 18:33:41,2018-01-18,b3f3bd6bd2d52f10a952af3803dc2d94,2018-01-02
ea41beb1581ec39e1a86554919a543ac,68341b6f83050b752c954ff6e2f78ca3,delivered,2018-05-31 17:06:58,2018-05-31 17:33:00,2018-06-01 14:35:00,2018-06-29 18:34:50,2018-07-16,5d76431474e7ebd62b4a24c6d232ba5a,2018-05-31
52d737a419e3d5424beb6b55abd83bcb,a0b2aa76be2d444889ea8544f1ce13c3,delivered,2018-05-21 16:08:32,2018-05-23 02:15:40,2018-05-23 13:46:00,2018-06-06 22:47:44,2018-06-08,4ed91ed73b58213bb7b082b325b2c819,2018-05-21
9322ed60e16ee4ff1efe8145cb66060f,79e3be07b961e4d6df3d52de6a560c47,delivered,2017-09-01 14:38:16,2017-09-01 14:50:24,2017-09-04 21:11:59,2017-09-15 18:57:50,2017-09-26,402a7717482f5f9be79614db6042aef0,2017-09-01
b2bb080b6bc860118a246fd9b6fad6da,023042a5cd5724a563a100acb1cf89c9,delivered,2017-07-31 23:55:27,2017-08-01 00:43:21,2017-08-02 15:42:52,2017-08-08 20:30:04,2017-08-22,a6aa1df65dedcad75c34bbc175e5a068,2017-07-31
6049ab061f1a014ee71d10cf04e045ef,5ac14cabfdc1849cbb3bc2e8bfff1fde,delivered,2017-07-14 12:46:10,2017-07-14 12:55:29,2017-07-14 17:38:03,2017-07-21 16:17:28,2017-08-07,3350c7b67a4f9689356455a529ec1f0e,2017-07-14
bedae8df4e37a65ccbec319872296b89,557680a586ced70b6898cbe01a35c87d,delivered,2017-03-16 13:08:11,2017-03-16 13:08:11,2017-03-17 12:15:02,2017-03-24 09:51:57,2017-04-11,21bc36e41f9312e83d48bdba400f702d,2017-03-16
68810c6b108472c394da03666cf1fe74,28e095aecb060344b8dadb5cdc0b527c,delivered,2017-12-02 10:13:29,2017-12-05 04:18:40,2017-12-11 23:55:25,2017-12-18 20:17:31,2018-01-03,48533831affa935557a30dd054d1d1f3,2017-12-02
ed6ada37adc9a45f54f9378a5b1361a7,88ab1815ff5d0e5dc9078ecb786658c3,delivered,2017-07-11 13:10:00,2017-07-11 14:10:23,2017-07-18 22:56:46,2017-07-27 20:27:52,2017-08-02,01ed8df97a21e2f15521f9758554b32b,2017-07-11
fdd647b689626410b725d1cce2ddf37c,3714eb406c7704a920e504085717ea5b,processing,2017-12-04 10:09:35,2017-12-27 14:03:00,,,2018-01-05,56d30b9f16c42d707d89967161296a04,2017-12-04
cf35fcb04fe3dd43197e2c26498a983f,c8fe2eb13122d7b9ca5246379c7e9e34,delivered,2018-06-17 13:08:55,2018-06-17 13:39:47,2018-06-18 13:25:00,2018-06-20 20:32:43,2018-07-11,31c60cf2a3e27cf2d85afa70af84de84,2018-06-17
0fadbc4e1debdc934ab72ff157d8be79,820f96a3ab9a4eb666f03d086440d610,delivered,2017-07-13 21:55:11,2017-07-13 22:05:34,2017-07-19 17:09:50,2017-08-01 19:21:17,2017-08-08,c334e12e465f4ede93b497d45f6c8861,2017-07-13
312384a598132f165ae6f58bc210f8fb,69deddc9a3d17bcc5d20eee6ab2d43b1,delivered,2017-11-27 15:39:09,2017-11-29 02:22:13,2017-11-29 21:36:02,2017-12-11 17:47:26,2017-12-18,965dbf648c0a5d0c8f0a91fdd872ac6e,2017-11-27
a48091d43904feab22b133cf47e96816,882896d692d85d2479ca46626b4ae39f,delivered,2017-07-14 15:44:16,2017-07-15 15:55:08,2017-07-17 18:51:34,2017-07-26 17:27:58,2017-08-03,cfd496bb3bcc8daa1a7d1c0e3dd8bb43,2017-07-14
10ec043040f8a284bba89547e8a49cdf,cb455c0c9e18fe17a85cd12f613c0617,delivered,2018-06-29 19:44:59,2018-06-29 20:10:17,2018-07-03 15:17:00,2018-07-11 14:28:23,2018-08-01,7d26ce70719d831f901589e6ee230e7a,2018-06-29
c5c439c95db69979fd8f66c6eec564e5,2feb004585ba9625c73bd2745246fdc8,delivered,2017-07-24 15:04:27,2017-07-24 15:23:35,2017-07-26 15:42:13,2017-10-18 18:31:48,2017-08-25,f60518b45571483d86f9bbda11c6fe49,2017-07-24
68b4c4f5541fdc04be458209af970adb,f57c7d86e6eaf35468398ca2129f630e,delivered,2017-04-29 16:57:39,2017-04-29 17:10:19,2017-05-02 15:53:47,2017-05-15 08:37:38,2017-05-23,b48a5ce04c2fb8f292e9762c1df4c3fc,2017-04-29
6d7401af6d68c81a5958578eedcdd778,ce29e45f90ae78be6a9403ab93956653,delivered,2017-07-17 20:08:46,2017-07-17 20:23:26,2017-07-24 20:12:40,2017-08-03 16:23:50,2017-08-10,7afc354ca8a74bd5c05f78ac328eab35,2017-07-17
80d96347e69c438801f589825dbf0d66,d5f77f66464195a28fc023c711b6cfd1,delivered,2018-06-25 18:48:38,2018-06-25 19:13:28,2018-06-27 08:01:00,2018-07-03 17:16:50,2018-08-02,073eb65c7b6cef57bc5be329667b35fb,2018-06-25
9c0edf679ee9524c3cded05020212ca3,54c44e6cd4988019af1e06545a4a2f8a,delivered,2017-10-19 19:38:53,2017-10-19 19:49:08,2017-10-23 15:38:38,2017-10-26 21:37:35,2017-11-07,850a172dd946b18ddca4a71627fe32e1,2017-10-19
e102f8dfd6da168838a2d13dfbc3bb10,cc520e111caf2d8356003f5814dfb2f4,delivered,2017-08-09 12:21:33,2017-08-10 03:25:44,2017-08-14 10:43:34,2017-08-17 20:35:06,2017-08-29,7107fb477c1cee6a2f0e7a6e7b0ede4c,2017-08-09
91342c574ec0463ab295f7591d0fc8ac,c900852d2ad6367881dcd936d2c8886d,delivered,2017-05-06 20:28:24,2017-05-06 20:42:02,2017-05-15 14:38:31,2017-05-18 13:40:03,2017-06-01,5fb5bf48cd408d971f873069e5178898,2017-05-06
43792e0661fefd6aa82a64f601325ddb,38127cbd744c51f29c2156a3656e0537,delivered,2017-12-27 12:03:14,2017-12-27 12:31:37,2018-01-02 21:13:13,2018-01-10 14:52:43,2018-02-06,1451fdb84f954ef938922b77c73c759d,2017-12-27
d09ca8bb763241ddc7f4ca43816ed10c,c0eb20386dc0f45b3b1df7f8e34ca9e4,delivered,2018-08-16 16:45:05,2018-08-16 16:55:32,2018-08-17 13:11:00,2018-08-23 17:17:44,2018-09-03,708b2e86a9b9d4c44e15c5313e142582,2018-08-16
4b6f2d3bd32baaae21249c217adcb5f3,dc1a9007706c85acb1f1bc89d6fc1d16,delivered,2018-07-14 11:53:01,2018-07-14 12:05:14,2018-07-17 14:16:00,2018-07-23 15:32:30,2018-08-16,e845937d5da6ba95dffbbe314e8e1107,2018-07-14
e6ab8245f96b5c84ade5edfb8e0c2753,edf066c026b6d8fd9afb633fbd4ae0e5,delivered,2018-05-07 14:00:49,2018-05-08 04:54:35,2018-05-09 08:25:00,2018-05-16 01:05:46,2018-05-23,6d94066ade6fca982fff74724c2859f6,2018-05-07
d67ab4b4a971f5584ab838fa8ed37d34,724e8aea5d2dc6ce65e9a8c6e07f9392,delivered,2017-09-29 14:55:40,2017-09-29 15:07:15,2017-10-02 18:32:54,2017-10-04 19:42:13,2017-10-24,ff1e14670fe58a60d27e35069844b3d8,2017-09-29
5aea0e32c93560d6e8235be9954aba01,cd6042c2aa18ffe499a2bd2bbadc0c41,delivered,2018-03-09 20:09:13,2018-03-09 20:48:15,2018-03-12 23:39:58,2018-04-18 22:56:41,2018-04-24,7a4e77ecd194e8434a2ea3e1fa061bbe,2018-03-09
0362e923f805ae4dce58fd78c86c96c4,b49786f49847d2fecf5ba2d455321642,delivered,2018-04-13 13:54:38,2018-04-13 14:09:47,2018-04-13 23:32:38,2018-04-20 22:18:41,2018-05-09,f8bc1d81f395f6239a2a5ab1b9edf1ab,2018-04-13
3d09c01f56c367a5c7e576aa1fe45b0a,139583bbf99e641e0e7053266a739056,delivered,2017-03-08 07:18:34,2017-03-08 07:25:07,2017-03-08 11:46:54,2017-03-13 16:30:43,2017-03-29,43d602666d4786ef6d53e8c2ff8a862e,2017-03-08
0ac17fe2ba4ec29a3914030b7009119d,8bc0f5c8bc1b96927f26ed75e287572e,shipped,2017-02-22 10:21:56,2017-02-22 13:32:21,2017-02-23 09:51:00,,2017-03-21,f5a6aeb6cde01fcf0c35caa3347973fa,2017-02-22
3bbd142d8543f96d104a83eda5465c48,96d17faa7c8a41d579ef4084b0806ef9,delivered,2018-07-19 13:18:28,2018-07-19 13:30:14,2018-07-19 17:26:00,2018-07-24 18:32:06,2018-08-02,7f546f2f183707b094e2d920c8ee8292,2018-07-19
ef1d1f5e2ce4002e56fc9221ac5524e6,ed87b765d334348c35820b87110f4721,delivered,2017-04-30 12:34:00,2017-05-03 15:42:29,2017-05-03 16:17:17,2017-05-16 12:25:00,2017-06-13,ca25bed61a47a59c6d20baaec03e2b75,2017-04-30
c3c91195072b499b9d88eda4350a7a55,aba49a59724eb38578ad652f47f1167b,delivered,2017-06-01 11:43:41,2017-06-01 11:55:16,2017-06-06 14:17:31,2017-06-12 11:47:43,2017-06-26,c90409408b66f85393dce206cf62256c,2017-06-01
7d2e63c38de7969859ec3eee027b043f,c633d27c2f31012039efcb0448b9c145,delivered,2018-07-28 18:38:14,2018-07-28 18:55:16,2018-08-02 08:20:00,2018-08-03 18:42:44,2018-08-08,df17d06a55ae671ec464754cdc865f27,2018-07-28
6c93d0f61f822f692bad9bf588cc2069,1ebd46af4737607b2534ea27329b03ce,delivered,2017-12-16 10:04:04,2017-12-16 11:12:25,2017-12-18 22:22:16,2017-12-26 22:16:38,2018-01-11,cc3c59bf00ad116276de76e154b866a1,2017-12-16
56c93a3f93a1e7eb24ed51a6931dc488,d375691b753ce7bc99190bc08b813003,delivered,2017-05-26 07:36:03,2017-05-27 02:50:20,2017-05-30 11:34:23,2017-06-05 19:05:47,2017-06-20,cef29e793e232d30250331804cdb7000,2017-05-26
a7c2948fe630c10cac337822b08f5dc5,ef0c90c78491a13867492aee7889c2de,delivered,2017-08-05 07:24:40,2017-08-05 07:35:10,2017-08-10 13:51:55,2017-08-28 22:10:01,2017-08-25,0f4435f8973c32a5ffe9fd128d096561,2017-08-05
c9ecb640dff0357ce506afbcb9dcb76b,0794e4b99fb7375f4189f2f9d1b4c027,delivered,2018-05-26 00:50:30,2018-05-26 01:11:57,2018-05-30 12:07:00,2018-06-12 17:46:48,2018-07-18,6554ee396ac4ad66f608baff21503b54,2018-05-26
d7a5df2b74a2d987597e7689cc22b07b,4b332b74286fa94d1c32bd87b9d49c92,delivered,2018-05-08 17:34:41,2018-05-09 19:12:18,2018-05-10 09:11:00,2018-05-21 16:05:07,2018-06-06,cddac5b56ee65e6ece087d94b26ee6c8,2018-05-08
09c0caffae8336db750e232298e4a574,c1f58b0f5ff7289cae44c813e981ee84,delivered,2018-08-22 14:17:42,2018-08-22 14:30:29,2018-08-23 13:12:00,2018-08-29 19:54:44,2018-09-18,e55846d50289cb2abc2364ca27b98b9c,2018-08-22
c6c0485c02e45b1f484c318d540257a1,0457d8f15475757888a0064b63e01663,delivered,2017-07-11 22:40:04,2017-07-13 03:04:31,2017-07-14 20:21:25,2017-07-21 19:03:34,2017-07-31,fcd78ca51b14e3f4b30da31005b2d731,2017-07-11
6859290372581f801fca1dfe0db8d1f0,d05b9e6928e9ff67f63101551a5c5995,delivered,2018-01-24 14:44:18,2018-01-24 15:57:45,2018-01-25 02:26:57,2018-01-31 00:07:26,2018-02-16,2b566d52aad7366a77cbf8ff9ca4d847,2018-01-24
0b8c594f80a7db56ea4927af84e45203,2f5c5ebb61f2eeb48a990244af12827e,delivered,2018-03-26 10:01:59,2018-03-28 02:50:21,2018-04-09 19:34:21,2018-04-11 22:04:56,2018-04-16,1cadad7b5fbc2c6f0f21ceccb1f043b1,2018-03-26
d49fdab745d226473c5d4c8d762ff68b,4597ba56e38fdc23858e2a8e6de4fa21,delivered,2017-10-02 20:17:14,2017-10-02 20:35:26,2017-10-04 18:57:42,2017-10-10 13:23:17,2017-10-18,29e84f0137ebeb665d3982dbbe5d22e4,2017-10-02
6c38873735e3d660d0fd6e86d1cc5bf7,ced45425a9cd329341ecc0574b61cc60,delivered,2017-02-24 21:36:00,2017-02-24 21:45:17,2017-03-03 08:41:53,2017-03-10 08:36:12,2017-03-22,044d66c437bc8d8adeef957a6c724ce4,2017-02-24
00b30bb163474583c14db1689259cf4d,b626b511cecb256e0d1514d883084a38,delivered,2018-01-31 13:57:27,2018-01-31 14:13:31,2018-02-06 17:47:50,2018-02-17 18:36:59,2018-03-05,1373e04979cfa0fb2092909abbd57f25,2018-01-31
7efe2c754b2967e96d43d60643cecce5,1476b48b91d142d3bdcc96b45ff65e43,delivered,2018-07-22 12:16:06,2018-07-23 11:31:42,2018-07-27 09:00:00,2018-07-30 14:33:39,2018-08-02,fc9ec5e6df5a73e3292daf0ab8d590c6,2018-07-22
152b1f7f86e7b21dcfec1a2e094a7070,470833ddce599dfe8c3ba00afdf5c81c,delivered,2018-03-05 20:35:02,2018-03-05 20:49:07,2018-03-07 22:18:49,2018-04-02 17:48:34,2018-04-06,71c95e0a8530420efe5fa41c9a05b568,2018-03-05
391ec86bcb1a950ce354c51d7f0b1b9b,e208c6e4c51b1eb04bae59a814490708,delivered,2017-06-11 11:42:43,2017-06-11 11:55:14,2017-06-12 19:57:45,2017-06-14 13:20:07,2017-06-26,5124f43d4f5db70f94c1faa8c0fbab02,2017-06-11
4d9d469ff1df648081f3e7648d24e82f,2844b9633da652adf5c696c4e1f9ad4c,delivered,2018-06-05 23:03:53,2018-06-05 23:15:15,2018-06-08 13:40:00,2018-06-13 19:28:44,2018-07-19,ea3c07aab1b899dd4b1b0db6fb1729a2,2018-06-05
d398e9c82363c12527f71801bf0e6100,2bf76a48c3be55124221fd0657705a5d,delivered,2017-11-19 11:56:42,2017-11-20 20:16:22,2017-11-21 15:51:58,2017-11-28 01:33:13,2017-12-11,d49a9f964397d47c525f8ae0663fc2cf,2017-11-19
64f30c3979fdd4ceb17f8c398d2806f9,1236cc216e0d5232fc35a2f838f03136,delivered,2018-01-18 12:53:15,2018-01-18 13:12:58,2018-01-25 20:04:36,2018-01-26 18:14:18,2018-02-05,58b8d526170c90c755aef183eb67182b,2018-01-18
6ee581ec3ac977c27a12f79caee568ed,76f8d2d61efe2ac1c232d08399685395,delivered,2018-03-16 13:22:37,2018-03-16 13:35:40,2018-03-21 22:03:52,2018-03-23 01:02:55,2018-03-28,3b2356126b9c7e761b8c82481115a75c,2018-03-16
a3881d763588c17dc4e258628e6951fb,af79714f72fefe9f8b49d45dfbfc6ecc,delivered,2018-03-22 13:53:57,2018-03-23 13:50:33,2018-03-27 19:44:22,2018-04-12 16:27:56,2018-04-10,87f837fc9fca6070996f6eb4be555b15,2018-03-22
fa638db0d045b2d04da362622e1f48c9,cbaf40a8d68ae96197afbbde97f96cdf,delivered,2017-05-11 13:52:30,2017-05-13 02:55:06,2017-05-20 07:43:42,2017-05-23 20:37:55,2017-05-31,9afb61455d41afffa3ea550d1cfd832c,2017-05-11
da4632747be8764c78f197a0d83b8d71,891055fab7b24be84e5541107297b28b,delivered,2018-07-26 16:51:15,2018-07-26 17:04:27,2018-07-30 14:18:00,2018-08-03 17:42:30,2018-08-24,2c0118c17af414801e7a47b543d83625,2018-07-26
01ba9a2e5dcc1568b55695106d677b0c,0241bf6728f2c70f948e9a51484d1435,delivered,2017-02-26 22:28:40,2017-02-26 22:42:03,2017-03-02 13:37:11,2017-03-06 14:22:17,2017-03-20,cdf2b2b8c6e87bf77c870a059435a835,2017-02-26
8fbf896e2592896433876e70d88863aa,51bbe6c9bd641bae8af9096e1efd2232,delivered,2017-07-16 20:04:53,2017-07-16 20:23:12,2017-07-17 18:12:04,2017-07-20 16:15:39,2017-08-09,cb07cb72673bdb344430ad1aba32d649,2017-07-16
5cb6969f0b3cd394de49463c4f4e4017,572b683cea71aeb651b0429d41d15009,delivered,2018-02-07 15:13:46,2018-02-09 10:13:44,2018-02-21 00:16:58,2018-03-26 14:18:31,2018-03-07,41517b30c9379c6bef376702f93e8de8,2018-02-07
9bdf94af058f959fbc09c3ea1eb32465,64ece241ae357ffb4989f7970a6f6adf,delivered,2018-04-19 11:17:55,2018-04-19 11:49:24,2018-04-20 21:56:46,2018-04-21 13:19:13,2018-05-08,0097fca0db567f5ca79509b7b4fc1c2d,2018-04-19
271938f6ea0f9ca385690d01dc5c3423,c5b83c9b5af60828cd494be9ee4451bd,delivered,2018-02-28 19:16:44,2018-02-28 19:30:23,2018-03-03 12:13:25,2018-03-05 19:33:01,2018-03-14,e9d5eb1713ce816a3acc4e529d042d00,2018-02-28
d0ad5936a2ffe64ad0d7f2ec5703d647,e4875b1e01c4981c486839558bf6bced,delivered,2018-08-15 08:58:42,2018-08-15 09:10:10,2018-08-17 12:04:00,2018-08-22 23:46:36,2018-09-03,93f9ccf10237ab42fd9dc37103eb7a76,2018-08-15
ebd7301e0367440d3ea0fbe1ff784639,c40005c07b1bdf1c39193476fa330f32,delivered,2018-08-09 10:49:47,2018-08-09 15:25:31,2018-08-10 15:29:00,2018-08-17 20:04:03,2018-08-21,affe808d021cb4c3abf83a4c4aff36ea,2018-08-09
553379bf1f6c95489ae135f97327fd91,aeb0f0b842c6516b8ec3fd2d16a473ed,shipped,2017-04-17 00:10:48,2017-04-17 00:21:53,2017-04-17 15:04:47,,2017-05-10,f5d97eba89503c2ea55ed36b0e8f88c2,2017-04-17
9719859dcdccf74073e92a975dd3709f,4b3ee2d3838ddb1c971da38fe4451d31,delivered,2017-12-16 16:00:31,2017-12-16 16:14:27,2017-12-19 00:34:08,2017-12-30 12:19:04,2018-01-12,d1692aff8b52cdb7102e96ddbbcb75a5,2017-12-16
0ec20feeac30045e916578f17c2085e2,b87e0079d0d0c17a5ce63aadb9eae6d9,delivered,2018-08-16 13:12:38,2018-08-16 13:30:08,2018-08-17 13:21:00,2018-08-23 21:04:26,2018-09-18,c5308291f146809a790673898d804524,2018-08-16
ea967d0366237c813c6b152725ad11da,4e9f6517c2937719ea0ab9449c8ecfa7,delivered,2017-12-12 22:51:55,2017-12-12 23:12:36,2017-12-18 16:36:59,2018-01-09 23:15:10,2018-01-10,41348c09a551501117e31f8a4149950c,2017-12-12
8be8ce8df85bfaf2e2a2d5941ad526fd,a8c5c582c453d8fe33147d040cd1329c,delivered,2018-01-14 10:08:34,2018-01-16 03:50:21,2018-01-22 19:54:37,2018-01-24 14:09:52,2018-01-30,aef9eb41b1268043c50abf9e3423bd2c,2018-01-14
5f8d8b23c2789fe592f5de2571f486b7,da2630d35e990c5b5b15ce6fb192b5be,delivered,2018-03-04 22:36:40,2018-03-04 22:55:28,2018-03-08 22:07:23,2018-03-23 18:45:49,2018-03-28,95e2810e2c2e9577f54b835e43f54dba,2018-03-04
97b8a149d521ea9fbbbce767a458846e,b34d6bae5e0a3076568c8f04faad2c26,delivered,2017-06-17 21:58:41,2017-06-20 11:24:00,2017-07-06 10:27:36,2017-07-08 11:12:11,2017-06-30,4c4645e724402ec958ead69dbf1ade6c,2017-06-17
07ba523a0c48b0ae0920551684e13ab9,b9657b7cc5027452b17e328656a8d069,delivered,2017-08-08 20:29:44,2017-08-09 20:23:32,2017-08-10 20:17:56,2017-08-18 22:49:40,2017-09-05,ecce6e1f0ea39149a8f87a8d3e0f0870,2017-08-08
7114c189256c666ea43b7230a66ff2a7,65a47442149202e856e8ba55ccc1882c,delivered,2017-07-26 16:03:44,2017-07-27 10:55:25,2017-07-28 15:49:14,2017-08-01 16:27:03,2017-08-17,d5a21efb91cd378a523fc1bfae3429a7,2017-07-26
d5162716aed8b6a5ab095eb0a2940163,b64b895a846f1bc23c1d74ddd9947bd3,delivered,2017-06-29 11:49:19,2017-06-30 07:55:16,2017-06-30 15:51:46,2017-07-03 14:16:33,2017-07-12,71fa6644d99d9b5d012d311503393377,2017-06-29
3ba42e1ab3dfab510424d0872616a139,4da7cb25c4e56c5cd9bb52e32159cf18,delivered,2018-01-05 23:45:23,2018-01-05 23:54:42,2018-01-10 10:33:56,2018-01-23 18:59:48,2018-02-14,232007f7d8c26eb8d7daaacb46501783,2018-01-05
da412f433b02b51c714944e4bdb8f723,79de9d85491851885fea90dd77892073,delivered,2017-08-13 16:31:31,2017-08-13 16:45:10,2017-08-15 18:43:07,2017-08-21 21:03:15,2017-09-08,ab19fb6d0e0a0507507e2b3d9cade2a8,2017-08-13
6cbdf7000f3b95299293ee7375b40df2,dc6a0f1c236b47d8263b9ad6debcb5bb,delivered,2018-05-18 20:47:53,2018-05-22 09:14:29,2018-05-30 14:07:00,2018-06-04 14:36:41,2018-06-04,ea7f83b40a8b601abe9fec2ec831ef66,2018-05-18
944b1eed15474f3439c871cd6260561e,60852efd9f53d2f93fb901990a7e9f64,delivered,2017-12-02 23:01:33,2017-12-02 23:23:39,2017-12-11 17:29:57,2018-01-03 23:49:05,2018-01-02,345f91c1b15ea346da2f20334b0efcec,2017-12-02
0f2fee4fce11f7af3c9ff2ec093eba3a,2e6506c7189034243c684d5c2d7e83cc,delivered,2018-01-04 02:42:26,2018-01-04 05:28:44,2018-01-05 00:34:42,2018-01-08 15:25:19,2018-01-26,9c3a23565ded3e71fc8979579e8f091c,2018-01-04
cb799c1b342aad161c953b9680c67105,e4b985e823ded8605f64cf1e28d013f3,delivered,2018-02-11 20:09:55,2018-02-11 20:28:12,2018-02-14 23:29:05,2018-03-01 19:52:54,2018-03-08,8f48a9f98c028b065aa0662f57bb2947,2018-02-11
c8c7ec8563c295ba0c3ea5faff0a1b0c,03346340b055f4770567d2a28ca52d4e,delivered,2018-01-29 12:28:53,2018-01-29 12:52:12,2018-01-30 21:42:48,2018-02-06 17:48:26,2018-03-01,b2c913a0723c7737e11067861e061913,2018-01-29
0005f50442cb953dcd1d21e1fb923495,351d3cb2cee3c7fd0af6616c82df21d3,delivered,2018-07-02 13:59:39,2018-07-02 14:10:56,2018-07-03 14:25:00,2018-07-04 17:28:31,2018-07-23,0782c41380992a5a533489063df0eef6,2018-07-02
505600165af42b25a7f2f17756eb1b8c,b74d20145cde38d487137296cfcf24e0,delivered,2017-12-11 17:38:39,2017-12-12 03:50:03,2017-12-12 21:07:21,2017-12-29 16:17:55,2018-01-08,528553785a32652e5b1f5dc33899f754,2017-12-11
81532af15693764f7e018bed2a4c245c,adcf20154e399679df12c29179fd8e44,delivered,2017-02-22 00:14:13,2017-02-22 00:25:52,2017-02-23 08:32:29,2017-02-25 06:33:03,2017-03-21,4a22aa500b63c32acd220ea0083be204,2017-02-22
c0800c1006480bed22d5ec0b593c2cd0,d1cfc648f3122f8f8810ab7e99a533f4,delivered,2017-03-03 18:40:16,2017-03-04 02:10:30,2017-03-08 13:24:15,2017-03-15 11:25:26,2017-03-28,9895459a777c96d1f180c344fc5fdefe,2017-03-03
bb1b2f9863d195cf9f7012e73998a50b,f064acc39aeb7321f5ed06e19164ae60,delivered,2017-08-10 22:11:07,2017-08-12 02:55:44,2017-08-15 18:10:34,2017-08-22 18:52:13,2017-09-01,0519ff2bbd00936c93d0f5e4db794a71,2017-08-10
7bf8bf550bb28dfd0e4a5e4a69f73edd,c1536bb66dfe5a5f3f9547f58a085b8e,delivered,2018-02-18 15:29:25,2018-02-18 16:30:25,2018-02-27 22:32:06,2018-03-08 22:02:20,2018-03-19,bc582639663781d2f2c5745260f65e0c,2018-02-18
c5d9ec893ee95eb55c4fa513cc606582,7fbab63e32d93d7b9b707e9e97bc5b94,delivered,2017-11-30 17:30:28,2017-11-30 17:58:40,2017-12-05 19:22:17,2017-12-12 21:18:37,2017-12-22,3c318d262f882b5075708c79b1181844,2017-11-30
897fab0704eda65c69520010b02a3fee,4514de42f20ab295bfb4509ce083b763,delivered,2018-05-07 16:24:23,2018-05-07 17:56:11,2018-05-08 06:32:00,2018-05-18 23:51:13,2018-06-05,570d69ff587dc3a79d90851c0bbc80a2,2018-05-07
4540273b4f01534b24124542bc34568a,33fa216102707aae73b480aeceb71716,delivered,2017-10-02 19:04:01,2017-10-05 17:49:11,2017-10-12 02:37:50,2017-10-18 17:58:59,2017-11-06,ef93dccaa1ae54f91d510a7d5bbc79c3,2017-10-02
713a29ecd8a35d6ddf7ca20ea13ea61d,443b824d5ac24a91cb0bf13cc0e67122,delivered,2017-11-29 22:59:06,2017-11-29 23:46:23,2017-12-05 19:46:39,2017-12-13 18:19:05,2017-12-22,dd9adaba239fa74b163997a874959dfc,2017-11-29
18448ffe871a865ac41ace28ce8e5079,781a5c8c63eb1e84f28fa2e051f7f24f,delivered,2017-06-14 06:49:48,2017-06-17 03:18:58,2017-06-20 08:15:36,2017-06-22 15:33:03,2017-08-16,0b18593e033697810a62a987e77f4b8c,2017-06-14
228d2ded13bc7bedb8ef5d4534b48033,59b8b9769d51194d7eab64dcad63a7f9,delivered,2017-12-04 09:57:34,2017-12-05 10:03:28,2017-12-07 22:56:31,2017-12-19 02:44:57,2017-12-29,d94beb184515a2256fc8d54ba01e28e3,2017-12-04
54b7ba0e3a2e8a0f9f68011432a52575,dd9a99a98bd9d0fb502fefdd2b6eed39,delivered,2018-01-15 18:58:23,2018-01-15 19:09:51,2018-01-18 18:13:19,2018-02-03 16:33:12,2018-02-06,d3ae5ec685b792fb76214d718f834b2d,2018-01-15
2ac00a6a0a00ee7f8e2b235f8e361006,769c56bee6cabe0621e1c8ebef411769,delivered,2018-01-01 16:39:50,2018-01-01 16:46:31,2018-01-02 16:54:15,2018-01-17 21:58:23,2018-02-01,49c00537cb6418b95faaff96b95d596e,2018-01-01
015e051dbb2407d4bd305635e46b732f,60f9c5ec01881784ca846e12c16aefce,delivered,2018-07-30 19:05:20,2018-07-30 20:00:18,2018-07-31 10:02:00,2018-08-06 19:58:26,2018-08-15,67b0a8350bf38e5d5be5df23e0d293a7,2018-07-30
e6152cd6ca627fc4f0f5deddea24f7c2,fc474e00b3af88a2abe3ca25204b59ea,unavailable,2017-11-29 13:23:16,2017-11-29 13:37:20,,,2017-12-13,adf086074fbe538f3349023a48c10cfd,2017-11-29
b4a90f27b4f23868d8fc84e9dceb125b,e3fa22e3272e681790daa32be5a29243,delivered,2018-08-14 00:34:17,2018-08-15 03:35:19,2018-08-15 15:10:00,2018-08-22 14:38:42,2018-08-23,55670eb40d8c326eea6c05ce30ed0fcf,2018-08-14
c06c0d95b042ae403f799cf2027cd54f,9a6ea3f79c338967a71cc2b4df4bec91,delivered,2017-11-24 00:52:54,2017-11-24 01:12:53,2017-11-30 02:28:26,2017-12-20 22:55:00,2017-12-14,08879a6f73e92affc3376a6e3b352a6b,2017-11-24
374a37a7b6e965b44589d887570d7bb6,1b92d0389b1610552d686d9e9734af53,delivered,2018-08-20 20:37:24,2018-08-20 20:50:26,2018-08-21 15:04:00,2018-08-22 21:12:00,2018-08-24,db45b48125b00cf0de06aa932e7c7bcc,2018-08-20
b0c22582dcda3aaa9ecd7839d4b2ef99,606f7c772e826808d23dd8c1cb343fb3,delivered,2018-03-21 11:22:50,2018-03-21 11:35:30,2018-03-29 19:55:53,2018-04-12 17:17:37,2018-04-27,6d8ee4a9676fc8b41d3edc2a1eb46579,2018-03-21
1de7a41d382a9ece0e658ffd116ac72e,ab94e21f2a91608d501cfa706b22311f,delivered,2017-11-03 11:06:34,2017-11-03 11:30:37,2017-11-06 19:09:23,2017-11-07 21:24:49,2017-11-16,78b6b73e92dfd09cd7bc1d5a6d46f094,2017-11-03
56989126486c2d5a8797256f0011753f,b01a86cc8bea6de88bf7d427477c303c,delivered,2018-07-04 18:13:28,2018-07-05 16:33:01,2018-07-05 14:47:00,2018-07-06 15:46:29,2018-07-18,d1d186734a9f49e86b2d700d16bbcf98,2018-07-04
1d748fa1652f04b064b6cf65739b04dc,5f8b4882b5a4ec7bf6d2107e6cd0cf29,delivered,2017-12-05 12:56:13,2017-12-06 02:35:38,2017-12-12 19:51:56,2018-01-09 12:20:41,2017-12-29,694cb45ff29b603ac2acd51016770097,2017-12-05
81d6162a00e7332a42e9f26375953d74,0fd081a171ad9381ac6327931d84b277,delivered,2017-09-08 12:06:19,2017-09-08 12:23:37,2017-09-08 20:05:09,2017-09-14 20:57:49,2017-10-02,2e768bd486b2fd6a5a2ebe19ef23442e,2017-09-08
20c60f23d0f1231ad895fde039554666,e103e55c94fa14497f6d7505f13ebd0a,delivered,2017-07-15 18:44:39,2017-07-15 18:55:17,2017-07-18 13:27:40,2017-07-24 18:33:41,2017-08-08,d08c29302907086e8fe823369542f3ae,2017-07-15
b719a68a6c0da28bee1f17bff6b3c50d,a79c177b38a6a808c2d697e436ddebb2,delivered,2018-07-16 11:23:32,2018-07-16 11:35:16,2018-07-16 13:55:00,2018-07-26 01:09:36,2018-08-03,1ce6ee8085f9fd56696fc006b78e270a,2018-07-16
be4bbf54d948c09c8aac488a1162c1e1,e8126668295dd95c0bb189bb31e9b00a,delivered,2017-12-29 16:51:39,2017-12-29 17:31:31,2018-01-02 20:39:08,2018-01-08 22:59:19,2018-01-24,13c0a8a74ed21dcbb61787b6e52e192e,2017-12-29
083c350532e95d46b3c25b7c41b1ad63,6997fe0ec1de23e69f13fedf18f50cb8,delivered,2018-05-28 18:20:49,2018-05-28 18:36:24,2018-05-30 19:32:00,2018-06-01 20:32:26,2018-06-13,799c94dc3a7de882ec181ac66745e75d,2018-05-28
ed31c8b147c3a1c2c9e0eabf0f441605,b9da4745c50e57e1ac682564aeed6615,delivered,2018-06-20 03:18:34,2018-06-20 04:04:30,2018-06-20 15:03:00,2018-07-05 22:48:44,2018-07-25,76aa9e2466883573f5d399d0ac1b6530,2018-06-20
f16010e0add047ba483e2b3eefa7c60e,19792d55f9db2e2fb3864dc90966eb86,delivered,2018-01-19 08:02:55,2018-01-19 08:15:43,2018-01-19 19:22:56,2018-03-12 18:48:26,2018-02-15,9cf60f4109040cf85537b7e9d4f91af9,2018-01-19
0e993f47872848e8a028a49f48de0242,a2ccd62b2a11e7a7f39b70735e493ab5,delivered,2018-06-17 19:14:08,2018-06-17 19:38:25,2018-06-18 15:52:00,2018-06-26 14:08:24,2018-07-20,9164b5831ec83a075958adb2ae475c8a,2018-06-17
1f33af12a8110911584fcbc2dd03690c,86857542d8205f424cada5567265c6ba,delivered,2018-01-18 19:47:58,2018-01-18 19:58:28,2018-01-19 22:07:35,2018-01-22 18:28:52,2018-02-05,b1bc8a8dd78dc041e0561fc49ed2b591,2018-01-18
9366be6384383da91896d6477efe17e7,6ec45d1ef19d3a0128276cfbbafdd4f1,delivered,2018-03-01 18:10:33,2018-03-01 18:30:50,2018-03-02 22:09:14,2018-03-16 20:18:38,2018-03-19,220034818d24bcd513ec4e7a142754f5,2018-03-01
edf195e14f83b9753f2cf2f7263f279e,4332d7c872396dc12e152afb8b8147d7,delivered,2018-08-04 19:32:38,2018-08-05 19:25:14,2018-08-08 15:01:00,2018-08-21 00:41:39,2018-09-03,5acc3d4ea12ad284f183aeaa5b451ca1,2018-08-04
9fe67982918cf778dbf3cd0b582aff80,17e09ce22c71fb0e784051ca2901e7fd,delivered,2017-02-06 11:19:47,2017-02-06 11:30:13,2017-02-07 13:10:41,2017-02-15 08:21:54,2017-03-01,d196f8d3f7ab0d427d498a9d89dcffc4,2017-02-06
ff3753fe031ab5314a80e05249ecc275,709825052777ef639e8a2d7591e63a20,delivered,2017-05-09 09:22:58,2017-05-09 10:22:26,2017-05-11 13:55:46,2017-05-15 12:14:31,2017-06-05,96eb7dd5e1ac53c5ec3491022ec9f277,2017-05-09
1ec8ab9b7dc304ec05a9e96f6a25217c,c4946f6b1a73da68ebc674422fedfdab,delivered,2017-03-17 11:29:14,2017-03-17 11:29:14,2017-03-21 14:18:56,2017-03-28 14:17:07,2017-04-05,1d168154ef9bd9f9d9b8cd7f07d68be3,2017-03-17
bde0741a772655fa11714bd0c359fc69,793dd5010d9cfa31aa91d5b8a34f57f2,delivered,2018-02-12 12:49:47,2018-02-12 13:08:12,2018-02-14 19:28:04,2018-02-16 02:13:12,2018-02-26,e0484c20e4867e819f58a15ae0ca0868,2018-02-12
56dc63a3acc55198e59e64a07cb6db7f,2f5d425fd3094d84a0a7d9fb14412279,processing,2018-03-16 19:11:43,2018-03-16 19:28:20,,,2018-03-28,1b93bce517b6d17c42f20da04f077bf5,2018-03-16
506db8171cf7d01f666e52223eff7f34,61178d6f03f29d48cc721d9f5f5f950c,delivered,2018-07-18 13:52:09,2018-07-18 14:05:19,2018-07-30 10:16:00,2018-07-31 22:48:53,2018-08-16,09018d0cc94704d599b6bdb42750ef88,2018-07-18
140f3f5e8668adb28164b2718f2d309b,eff301f10ee34644b4fd64e3900468ee,delivered,2017-09-12 16:35:37,2017-09-14 03:05:57,2017-09-14 20:44:05,2017-09-20 17:51:23,2017-09-29,9305ab9bd8604aee7137f000dd5ce823,2017-09-12
803c17308e2febdb1e9af74e84679334,07e3484d1d11aff52931c1a69aac9d4e,delivered,2018-02-13 20:02:31,2018-02-13 20:15:32,2018-02-16 23:04:33,2018-02-19 23:52:23,2018-03-01,a374188c9711307c1ec429f0fc7d018c,2018-02-13
ac1dba444101ac145dfc7ab406b4fd56,1db6fd71da6b8e8ddc494d957697922c,delivered,2017-08-30 14:34:40,2017-08-30 14:45:14,2017-09-01 15:14:38,2017-09-18 18:19:56,2017-09-28,44ab0f851094a0f3504b6253bc076cbd,2017-08-30
c67e1765730119d92f4b8f54cd71a8e7,9c9178faa09a179b162ecef96f0e72ce,delivered,2018-05-16 22:20:04,2018-05-18 04:54:44,2018-05-18 13:23:00,2018-06-04 21:48:59,2018-06-11,5461d4be48404004bdb26a54c62ec541,2018-05-16
c82c811a142105c1a90a09d4fb30da62,7450fb6a9a6a838e0440f7882dddc602,delivered,2017-03-22 17:29:47,2017-03-22 17:29:47,2017-03-27 12:37:36,2017-04-18 09:44:56,2017-04-24,cec002626c179a8ab292e7f8a2136038,2017-03-22
86fb6e774be23ed33e81228e64739851,14a00c0f55a3fb1858bc0c162b1d972d,delivered,2018-04-09 20:00:30,2018-04-10 19:55:19,2018-04-12 17:26:42,2018-04-24 21:48:38,2018-05-10,246faaaf9feb10e6a0e6242901d5c6b9,2018-04-09
ea45c5d93de960e552a6a9987e6ea044,8e3edf5b08d73a7548f03270e961cb76,delivered,2017-07-01 13:52:53,2017-07-01 15:50:17,2017-07-05 13:12:15,2017-07-14 19:14:17,2017-07-31,d5144ba3b5b50abd45f36861e26386c7,2017-07-01
2e823fe077401bf3d30b8a47e324571f,3e4d5f8f67400f2829ce7e9dec5ecb78,invoiced,2017-02-15 14:38:14,2017-02-15 14:50:17,,,2017-03-22,cf1a4c878349bdca75ca44c3417b9ad6,2017-02-15
5e2a5be14227900471046fe37ca3d6a5,4fa57b39fab05111ac8aa083595b9bf1,delivered,2018-02-02 10:48:26,2018-02-03 02:52:36,2018-02-05 15:16:50,2018-02-26 17:53:11,2018-03-08,4565688eb2334b8a1ba05c1e219dc1be,2018-02-02
e2101b7f68035b709716010fb28abb99,9fbfef5ac5b65f15e9d469858eb158ce,delivered,2018-07-01 13:34:17,2018-07-01 13:49:40,2018-07-04 11:36:00,2018-07-24 10:08:38,2018-08-02,dd17a578c9f8bd4f8ac5a1c91f7f7849,2018-07-01
f5ec8fa19f01a0d2c106bddda5f5aa7f,0e9db6eca93852aad191f1c5ffd52683,delivered,2017-07-14 22:52:35,2017-07-14 23:05:12,2017-07-17 17:22:41,2017-07-26 20:12:34,2017-08-03,091e26f4008ccc121b616e1547929f6e,2017-07-14
52b7f26dd95604cb836ba17f96a6b056,c0cdc356a67598956b73ccce36edc86f,unavailable,2017-07-05 05:55:39,2017-07-07 02:44:23,,,2017-07-18,473ee5a301fe8ca129bc93d5eb7c8bf6,2017-07-05
55ece185ce1172927bae2507bf48cff8,127e6a719a57d7d8c0e5cb93c5a3d610,delivered,2018-08-08 22:02:40,2018-08-10 04:35:21,2018-08-21 13:36:00,2018-08-25 20:34:26,2018-08-28,dfa10c13bdb22f774fa4a908f6644e87,2018-08-08
0db84a5169c0effbdd6695e38e354ada,5d520b662ecaa32220bf59704b797c67,delivered,2018-02-27 18:58:14,2018-02-27 19:10:52,2018-02-28 17:13:02,2018-03-01 18:47:42,2018-03-14,87613f1a0e93bcf262a36b2520a8e6ba,2018-02-27
c1ba0776bb79a0826691352f8d6ea4e0,cd99059c0e06fd05fdacd8496fc0ccb4,delivered,2018-07-07 21:22:30,2018-07-07 21:30:09,2018-07-09 15:31:00,2018-07-11 22:56:41,2018-07-27,6865c9d80162760ac372a5937a46ffae,2018-07-07
fd1c3bee1ee3b10e9f65bd92b3ebba38,a2922aea328704a90286d7b51b05b633,delivered,2017-06-22 13:35:21,2017-06-22 13:45:12,2017-06-26 14:41:40,2017-07-07 21:22:03,2017-07-14,63cfc61cee11cbe306bff5857d00bfe4,2017-06-22
c4f5504eb498132dfe82275f26005459,979a8aa060214efede0c9c0ee7915325,delivered,2018-03-19 16:47:59,2018-03-19 17:09:48,2018-03-21 00:25:41,2018-03-27 16:38:35,2018-04-16,146ff8305e1410189e358b3e9eef2a6e,2018-03-19
9da2e0a62b0b95234b66349473d9616d,c615ff17e5f5d7b06a416472526e785f,delivered,2018-04-10 13:32:47,2018-04-10 13:51:35,2018-04-11 16:12:17,2018-04-18 23:17:32,2018-05-03,11f8725a59be3885e0df9cb80861d471,2018-04-10
9e858aeefb0b5b6c5a2e9d0c9ce36df5,865f7652fe597488262df9f50cc25f88,delivered,2017-09-19 08:49:08,2017-09-20 08:55:16,2017-09-21 16:52:26,2017-09-28 13:18:02,2017-10-10,0d19ab86a30578607320ca8c073d3860,2017-09-19
f5d4eecb3411ba9859d303ffc7626277,3bdca823a643039843c64ee0e0dbe687,delivered,2018-05-09 13:37:48,2018-05-09 13:51:23,2018-05-17 13:52:00,2018-06-13 18:56:46,2018-06-06,05b799873380ba4d0e38536e05777d55,2018-05-09
2ceb986b3043c2f73ab7577c6a41830e,c6a8ad7ebe9290d544f7dda8c1492bde,delivered,2017-08-08 18:40:11,2017-08-08 18:55:20,2017-08-09 19:07:03,2017-08-17 13:33:42,2017-09-06,05edb10f73fe7d03959ff26540913b3a,2017-08-08
51c88c10daf1d028607325b9f19e3a5f,ee5c318cf48984611de1e810886ed587,delivered,2017-02-07 23:15:25,2017-02-07 23:25:11,2017-02-09 06:37:43,2017-02-14 07:58:27,2017-03-10,4d2e9ad91385caeba168e3c17961447d,2017-02-07
b08dfa6db006194a07108b6ff6330313,9c018b34406d19adc1adac5f4b23b74f,delivered,2017-01-24 09:00:49,2017-01-24 09:15:18,2017-01-24 13:17:11,2017-01-30 11:18:05,2017-03-01,2a371d6666ff3a5b688a6e353fb83542,2017-01-24
a06726f9cef5e94eb4d2ccecf3445618,5636599c855f287f4027c9f94870b5d2,delivered,2018-01-25 11:31:00,2018-01-25 11:52:59,2018-01-31 18:43:19,2018-02-15 19:32:38,2018-03-05,a486941261e8cd78759b885e61f2bca8,2018-01-25
061c593a0c8fd1b92c2abc7c1a87b329,1d31af8a0364470eba3d940faa9008b5,delivered,2018-07-16 12:31:06,2018-07-16 12:45:24,2018-07-23 14:39:00,2018-07-30 22:23:30,2018-08-03,2c6529275934c13e4add82e80c7d2085,2018-07-16
d4d73731dbf0f0426e8f7e762064d015,3e89547c3d2fe1176ad79c6715553fe5,delivered,2018-08-12 13:33:55,2018-08-12 13:45:09,2018-08-13 16:05:00,2018-08-23 16:51:38,2018-09-10,c38a794db5e9e9539751c1ea9f03624e,2018-08-12
0655bb542cf38197d920ac1c5c89ae9c,633852d4d34596c85895e88e7047f948,delivered,2018-03-08 02:27:25,2018-03-08 02:49:32,2018-03-13 18:24:43,2018-03-16 21:18:54,2018-03-20,50f0617a467cfd77186033c394288ba2,2018-03-08
50503051a38d8ee049d1226032c7d82d,e75b06236ca6694bf68a0b398f2fa076,unavailable,2017-12-05 10:13:03,2017-12-08 09:52:49,,,2018-01-03,fb206a92371c28e6d26065aeb5759faa,2017-12-05
fd01599ab4ac4b1c1f5a5d16a7871d72,ca5004c4b586150e829d092c536c0d83,unavailable,2017-12-08 09:45:27,2017-12-09 02:49:58,,,2018-01-11,3b5e5806f7dd2e20f1f3ddbca8b3ec4b,2017-12-08
73caa517a379fdc2810530959d560647,01755c16c986d88fa552ba8d7da81876,delivered,2018-07-26 10:26:18,2018-07-27 04:05:09,2018-07-27 14:03:00,2018-08-06 20:35:27,2018-08-16,6ddc1326692756ab6c0ab86345bf37e0,2018-07-26
3fdebcfe1a2cdcd4ee2770a2e28b2af4,d6540fd1f5f05337ee0715aeb83b08db,delivered,2018-01-01 10:55:58,2018-01-01 11:07:19,2018-01-03 21:52:38,2018-01-08 16:15:24,2018-01-18,60fcf08cf11d8ccba7ea0b2c06ea1f70,2018-01-01
45ec085d1fc0e1539bd857ad32f45c99,19d3b4fd08a486d08ad689b78d9e489a,delivered,2018-02-14 16:55:09,2018-02-15 04:11:18,2018-02-15 23:33:53,2018-02-20 02:05:59,2018-03-01,f333b56f4ab49b103b57fb5fddcf0eaa,2018-02-14
0c8497b3a4cac1978ea4ef63fbc78312,9ef700d1d8d4a2dda8544f93b56f3b89,delivered,2018-02-08 16:55:21,2018-02-09 02:50:01,2018-02-09 19:52:29,2018-02-28 16:47:39,2018-03-05,ede453aa135a0c331737ba13f190a51e,2018-02-08
5b85161bbdf02ed28bb2bac6db1e87f7,d59407e06713a88a511995d4b9cb593c,delivered,2018-04-15 19:26:56,2018-04-15 19:35:24,2018-04-16 18:11:42,2018-04-19 10:15:28,2018-05-08,89dd1e6b3b4eb705f346e3c04292a194,2018-04-15
6ef85785ab36f5159e852a442be024cb,4db746ed7f8462dca43f7fd0269b8c2c,delivered,2018-04-14 20:33:35,2018-04-14 20:50:16,2018-04-17 21:33:18,2018-04-20 22:28:21,2018-05-09,09283a79c9be27b45a955c851962cbe3,2018-04-14
f9f88b0c2d64a8b36cbf24b1b35cd3d9,1ae40a96bc36242cdcd3c6996845dbf2,delivered,2018-08-24 11:51:09,2018-08-24 12:05:18,2018-08-24 14:28:00,2018-08-28 19:16:39,2018-09-26,150c2adf91507470e8e61c4522305097,2018-08-24
1ffded15ce20a1a518490765dc37cc9c,63dfa1e41b4a47aa7479bdcf7c61f77c,delivered,2017-04-23 08:19:47,2017-04-23 08:30:07,2017-04-27 08:18:59,2017-05-09 08:32:39,2017-05-22,b0cd3c6f4698495878458b6525de2e2a,2017-04-23
519b875e24ac4f5060eda1fa6cd6b3bd,4ec504c54ba7f383e3105e7320ada110,delivered,2017-02-05 12:45:04,2017-02-05 13:01:44,2017-02-06 11:19:19,2017-02-11 02:47:33,2017-03-02,670f431b00846583721cc15493a27b7f,2017-02-05
e24316b06e2bb70e3fe3a79a12d247ab,9b575914ad2a492bfe7653524046e6d1,delivered,2018-02-16 13:20:35,2018-02-16 13:35:30,2018-02-20 16:25:47,2018-03-09 19:18:34,2018-03-15,23dc3e25162a2c7b19ce615c5fde405c,2018-02-16
6e864b3f0ec71031117ad4cf46b7f2a1,9f9d249355f63c5c1216a82b802452c1,delivered,2018-04-24 20:15:21,2018-04-24 20:33:18,2018-04-25 13:36:00,2018-05-04 19:32:53,2018-05-18,b38211bd797f4fdd81a98b9d1754b606,2018-04-24
9b4ddd2d21877e12b98da60f30858d4b,f74e8fd404f4f5538e9f950421d695ef,delivered,2017-07-05 21:58:22,2017-07-05 22:15:16,2017-07-06 13:46:55,2017-07-11 17:34:37,2017-07-25,de032e4be9b00dce61a31179de14e98f,2017-07-05
10ce8dab3f76d4cdd5dd2e9c6d5c3feb,ed9cf34322528c197813a9be04587785,delivered,2018-01-13 09:52:49,2018-01-13 10:04:24,2018-01-15 18:48:57,2018-01-28 13:36:24,2018-02-08,247e0dcd20596bee51bd2b07f633fa04,2018-01-13
c83d068543c1af3416cfb5d519376c6a,fad87edfbe29cb827c5ea4c8bbb9342d,delivered,2018-06-18 15:13:18,2018-06-18 15:39:19,2018-06-19 12:09:00,2018-06-27 21:32:22,2018-07-12,d85035147be886e1be5914f2ff733cd6,2018-06-18
ffa4b16322a614306db6981043a52056,4429f041ac455662944e92e4d20ab2cc,delivered,2018-04-02 10:41:24,2018-04-04 03:15:25,2018-04-07 01:16:56,2018-04-11 17:51:37,2018-04-18,eb53702c5226300276a1a3e76d62b4ad,2018-04-02
def16200392a250d5c10dcebaf7db3b2,1aca54bedc0e34c536834dfab6f3524b,delivered,2018-04-23 20:25:37,2018-04-25 03:30:05,2018-04-30 12:32:00,2018-05-08 15:51:03,2018-05-23,192ba545d6f80e27d5fd6cf487713c74,2018-04-23
d2f6f1bd3f3261623c3a807d0945bbd9,d3900943c6fb13a8d352bb50b17a4cbb,delivered,2017-07-05 21:23:32,2017-07-06 17:23:42,2017-07-07 19:12:57,2017-07-13 21:19:46,2017-07-25,2c2f4f9aabbe8c3f2e9f95619b61374d,2017-07-05
41368be455ef238cbcee276dc859c1bb,fd2b46c709e963e3111374306ec28392,delivered,2017-04-05 19:29:13,2017-04-05 19:42:47,2017-04-07 12:43:54,2017-04-12 15:44:07,2017-05-12,25e3290450952d901e27965364bf25d1,2017-04-05
5843a9829481b1b64ecf83d1f0da0945,7afd6cc25895f6cff7e635b543e0ae41,delivered,2018-04-18 09:23:18,2018-04-18 09:35:10,2018-04-19 21:06:57,2018-04-26 19:25:40,2018-05-08,c61b3c60078608aa586289f379ecc184,2018-04-18
06ae350afd844b7e1dc14f9322504baf,386cb027574f8b9f9aa17cd86ecce6b7,delivered,2017-07-09 15:41:33,2017-07-09 15:55:07,2017-07-11 12:05:06,2017-08-04 19:21:53,2017-08-11,ad7a4ca387aae0c7601bda294a25f877,2017-07-09
e22de883eaec82ecd47950dffc8e63f4,1393ce4aab394aadb6d9df4c59c90363,delivered,2017-07-24 08:31:38,2017-07-25 12:24:07,2017-07-27 17:14:57,2017-08-03 17:41:03,2017-08-17,c25d2fb6d22e04ce43c3652e3cacadad,2017-07-24
14b01335f19b97fce1437168032ae388,10d74e1a3adaeada0d8da4a2b2891cc3,delivered,2016-10-05 19:09:33,2016-10-06 15:59:18,2016-10-15 12:26:22,2016-10-18 20:37:33,2016-11-29,abcee124c52c041bafc381cbc0036d24,2016-10-05
9b66774dda742e3c08b4176c3867254e,091c9aeabdfac662c68dc9cbdc936300,delivered,2017-06-04 17:53:37,2017-06-04 18:05:11,2017-06-27 15:42:17,2017-08-04 13:36:55,2017-08-07,529488e665fc3a5dde2d5fe7bd1b69c1,2017-06-04
9bbb33e6918e2064e479c9bbeb6db909,6f954ca9d9e2dd198a72526cb966c973,delivered,2018-06-13 21:11:47,2018-06-14 02:57:31,2018-06-14 14:04:00,2018-06-27 14:22:50,2018-07-17,73f71caec99de82e5ec02b5b59c6c2d8,2018-06-13
9a2ef2765bbead115f2a3630fc7095c9,3b362cbf0b7edb07199625081ac355fa,delivered,2017-04-23 17:16:31,2017-04-25 08:15:33,2017-04-25 19:20:11,2017-05-04 15:12:28,2017-05-15,b7d4013284aae72487856aea2e229c1a,2017-04-23
3b50e88820d1c12c90d08d5c8efb49a6,65aef84ecbf0777390bc45c62dd8e8d5,delivered,2017-07-29 16:34:54,2017-07-29 16:45:12,2017-08-01 16:07:07,2017-08-17 20:06:51,2017-08-23,f840df9be8708bf727280e92a239c7d4,2017-07-29
185ff6b80b6fa8165bfb804f4f3b186e,b4991c29412cab05b66fd60adb81dcbf,delivered,2017-12-04 21:40:48,2017-12-06 03:31:16,2017-12-06 17:18:54,2017-12-12 18:48:49,2017-12-22,4da44a87db9dbe7886446eadba5eec85,2017-12-04
b0bad9219303b3fcea179db39243f615,2c4e6626a5b947f38f954b988fbd7522,delivered,2018-01-04 00:33:32,2018-01-06 02:08:02,2018-01-09 00:12:16,2018-01-13 00:59:08,2018-01-31,e14b02e4cd8aca2d19d7fac116ea5347,2018-01-04
4f8a2144278d625038f8d55d5a334d93,24e1a42b856457e1d82e583454007f41,delivered,2018-03-02 12:26:22,2018-03-03 02:35:37,2018-03-06 20:24:30,2018-03-15 23:58:43,2018-03-26,5ed5b10191a926c609c455dc76d90f60,2018-03-02
a6d9d0948d753769812866b1404903ee,243593e143f7f5edb8e453664ad6efae,delivered,2018-01-25 11:48:22,2018-01-26 11:44:28,2018-01-29 17:44:50,2018-01-30 15:28:36,2018-02-09,61874864cf4e41cdcb375dbde0a2c5d4,2018-01-25
ffd84ab39cd5e873d8dba24342e65c01,36f88c6d688a9e53e993ec01c66c6d25,delivered,2017-10-04 19:43:14,2017-10-05 19:49:17,2017-10-06 20:29:10,2017-10-09 16:19:25,2017-10-23,2e8b834cef7e756e85f76f313a6a75f8,2017-10-04
1991b586044e1a42934aa179003b8f2f,f052ff7c7ad9e747e09bef53b42399b4,delivered,2018-02-08 08:53:50,2018-02-08 09:10:41,2018-02-08 19:28:42,2018-02-19 17:15:10,2018-03-09,ead9bc5e29e42c47d2f2bb04117fbdb8,2018-02-08
2ab07a57988e8be8693cdf89f88fcafe,a1969cbeadaa21df9f2ecf832e8c7b0d,delivered,2018-05-14 18:11:50,2018-05-14 18:37:32,2018-05-15 13:32:00,2018-05-24 14:42:40,2018-06-04,1ff21b1a89701b32b3f44c63cbd52bb6,2018-05-14
2815a204994b6f6e3eece71ab035d5ae,7a22c778c1f161c7afa6038a8008135f,delivered,2018-05-09 19:43:12,2018-05-09 19:55:25,2018-05-10 08:17:00,2018-06-12 16:32:41,2018-06-06,78761d0c2d365eb550a618345df5f9c7,2018-05-09
f76a62e24ff0dd2fdb60bce08e50f30c,95c8164f0f88a3b2a25f250feb770854,delivered,2018-07-02 00:08:15,2018-07-02 00:29:56,2018-07-03 13:56:00,2018-07-10 18:08:30,2018-07-20,e7611716b6ae2406161519b0cab2b3ad,2018-07-02
9b49c07fc3206cdd7756837757e37538,7784811e78d9f807e23c16933447c3e1,delivered,2017-09-27 16:49:41,2017-09-27 17:07:10,2017-09-28 21:48:19,2017-10-05 18:02:40,2017-10-23,b1bd8647591178a9bf384579c0ea3ae1,2017-09-27
21a8afe0ed14ff28046585ae724b5410,18743a6eeaa18eea441a526f714e022f,delivered,2018-03-11 15:50:03,2018-03-13 04:40:30,2018-03-13 19:56:35,2018-03-19 11:48:45,2018-04-12,4000003be716f8c05985d56019bedc60,2018-03-11
4021cd7611d6d9ce5ffcd24817fc374f,ac27243bffbc9c58eb62adfb58c71488,delivered,2018-08-18 11:49:40,2018-08-18 12:10:30,2018-08-14 06:22:00,2018-08-29 04:41:53,2018-08-30,216dc3bc64c10494ca97500c2a6b658f,2018-08-18
6bf022e11f38687e2771eba0a762b911,1ffd4255012e38481e8561a5d327e1f9,delivered,2018-04-09 16:16:39,2018-04-10 15:35:27,2018-04-13 00:21:28,2018-04-21 00:04:01,2018-05-03,8fa227f4e963c13e028487fe960da924,2018-04-09
d81156ef56e9f63131e4286930b47b89,19a5ca80cf395c030351690c416e5a7e,delivered,2017-12-13 19:35:35,2017-12-13 20:04:25,2017-12-14 22:29:22,2017-12-29 18:47:21,2018-01-16,9eff28e46bd86366c63f7d4720551dfa,2017-12-13
2bd0f301b2022e6052b12bcc5fd8f9f5,76ae3597facd3b95ecf269972dc5ed96,delivered,2017-12-05 21:20:21,2017-12-07 03:14:25,2017-12-07 23:32:46,2017-12-26 11:47:41,2018-01-03,6f92820eb558eaac875bad713d645dd1,2017-12-05
5fa64c45b0cb986d05533f91c67c801e,1f4ef6ade0241043e777a8e9d3060ebb,canceled,2017-10-01 08:15:15,2017-10-01 08:28:14,,,2017-10-24,7572e5cef60b963282594a4475752b3f,2017-10-01
615ca9b2afeaf5644ae8cef64797132e,f81bb64a1e672e6cbd0e027046db8533,delivered,2017-08-07 17:20:26,2017-08-08 04:25:31,2017-08-08 20:18:18,2017-08-14 20:07:07,2017-09-08,b8b6643025dbcaa0e516a72f6d0d0717,2017-08-07
ef22314f23b0d51d6d5566207622a6c0,52518ec19d39f15886aeacc964c20129,delivered,2017-07-08 14:30:14,2017-07-08 14:43:15,2017-07-12 19:57:35,2017-07-18 18:10:13,2017-07-28,15024c407a7adf2b196809f37e667d9e,2017-07-08
04cc9ab9d21b11d7aca691cf7facaaa1,16fea2cb1931a45f2a7c8d178afb1c83,delivered,2018-04-30 09:13:44,2018-05-03 04:15:07,2018-05-03 17:20:00,2018-05-04 12:28:57,2018-05-14,0e201fc3c7b9b02edb2d1a6e7f188912,2018-04-30
5517dcebf1ab177978bae7e7c66de1b6,c4811776ff3a2c1e027f19ee2860627b,canceled,2017-04-27 12:57:53,,,,2017-05-29,c58977871f50396961d4215dde0bd4d7,2017-04-27
129ea9ae4b85283decb23ea1756f505d,8a0c8d55378e81be7bb18527a08dc0ef,canceled,2018-08-09 08:09:33,,,,2018-09-25,8a3bb3e78e9a0ffbf3e47f8fb749b4cb,2018-08-09
7ce450bb81ffdf0d90e7902f42de59ae,a0c50d02890a8e5a08966030bdcf75db,delivered,2017-04-25 14:51:35,2017-04-25 15:05:16,2017-05-04 14:52:32,2017-05-08 11:52:06,2017-05-19,4f56cfa326497f52858ccb5b95f3e66c,2017-04-25
9b1feddaf70fe81f5182faabb45bede6,808ea78f3f8da34cc5aa6e723b9ce7c5,delivered,2018-03-14 17:57:22,2018-03-15 17:55:41,2018-03-22 11:57:34,2018-04-12 17:13:10,2018-04-16,843abcb42649249d4e7cd63954c3e0bd,2018-03-14
330a8410950e2c8bd89631999a37b2c9,d372561ad1022927871150461a0a85ca,delivered,2017-01-22 18:02:48,2017-01-22 18:11:20,2017-01-23 16:19:47,2017-02-10 09:32:54,2017-02-23,ea74738436e9be0cc383049234b5ad51,2017-01-22
91bcbd0102f5188ea47df5bcc83f3cad,0e63522224dc7d760139532f17a3634f,delivered,2017-01-31 02:29:51,2017-02-02 03:32:06,2017-02-03 11:15:02,2017-02-16 15:54:13,2017-03-22,66f457f454f75af079e127189a13587b,2017-01-31
f37a7291679f74e07ce56bd863b9d6f7,208459884575fa4a9ba36f2b869162dd,delivered,2017-09-21 15:13:07,2017-09-21 15:25:38,2017-09-22 18:04:16,2017-09-26 13:53:00,2017-10-13,25be7058f357954b9813b6c82480fa45,2017-09-21
78e790c1defefa3d8515bebfca7315b2,6ef976791b7cc4be522252565249af30,delivered,2018-08-06 18:06:55,2018-08-08 03:24:58,2018-08-08 14:10:00,2018-08-14 19:14:01,2018-08-29,15c0e82511b2b6333476115c261dcb6f,2018-08-06
e6293b688f0d1387e634ae8841feca17,bbae997921c6e65421735700fe529155,delivered,2017-05-16 11:27:08,2017-05-16 11:35:21,2017-05-19 13:40:55,2017-05-26 06:06:54,2017-06-09,e47c73d951eedaa5b1c89e6edcd27693,2017-05-16
74c142641fc482d8aeb7e31805a9aa2b,353dfebd323164d94436d351b73d8df0,delivered,2018-07-12 14:32:47,2018-07-14 04:35:11,2018-07-16 13:40:00,2018-07-21 12:27:46,2018-08-03,dbc0161f5fbf2f879f019bb619f87210,2018-07-12
a92ba1a2eafba406c847277f7cc5911d,9e1de98c94e731918148fed7e3922843,delivered,2017-11-25 20:54:39,2017-11-25 21:55:42,2017-11-29 23:33:11,2017-12-01 18:18:45,2017-12-11,0d997d092f93b5c58d0f9b4bd0643d16,2017-11-25
3eb9297e6fd8ebcad90e3d436f378207,dc14b28f0cd12423fbc1c9b77592cd44,delivered,2017-04-25 08:09:17,2017-04-25 08:26:20,2017-04-25 10:35:57,2017-05-07 14:53:39,2017-05-16,9604ad6bef6a84284184b9f63e9e74b8,2017-04-25
ed3b18e876bbc16bfe330cd934aa0f68,ee76d186862db08ec487d67f0e5c7bc4,canceled,2017-09-11 20:07:36,2017-09-11 20:23:37,,,2017-10-02,03b2cffef7bf1140a4dc136a673d6b11,2017-09-11
5eb1569b3a9e174aebf991bfa0fef897,33a0ede763ee223996e200f111e33592,delivered,2017-04-11 16:47:52,2017-04-12 16:55:19,2017-04-13 09:56:23,2017-04-19 15:43:54,2017-05-09,dfaeedb50d4f20b01551db05f8c0691d,2017-04-11
c9397dbfd867734646abb1df12a5f625,da0304128cf9402ed541daa9ccf50834,delivered,2017-11-25 18:54:57,2017-11-25 19:13:53,2017-12-01 23:14:39,2017-12-13 20:29:04,2018-01-23,0d5484bc402708cce8694d0db085724e,2017-11-25
e1858f6bd914487d80ff867c0bc12116,6dcb5935e03a8d164056d078da7a20b6,delivered,2018-05-07 11:58:22,2018-05-07 18:10:41,2018-05-08 12:59:00,2018-06-08 16:58:36,2018-05-29,520641c0021b9dc5166444f88e565180,2018-05-07
ef61fdf80c9616f588668f63379461bf,6e08731a27b94c6dba5538443378da82,delivered,2018-01-11 19:36:56,2018-01-11 19:45:31,2018-01-13 02:11:31,2018-01-30 21:45:32,2018-02-06,0f0b543bc0390b3689fa8f1d62e23ade,2018-01-11
7fa1bc2ecbe5c7adc22222afa8e30520,acb0af18bc8d75a5f0995e1198c44131,delivered,2018-03-30 16:02:04,2018-03-30 16:47:24,2018-04-03 18:56:31,2018-04-17 19:08:18,2018-04-30,b958e3d4722fd17423931d5fac543cf6,2018-03-30
fb415a86a28d4698a9be26d2e871d31c,7087346b1fd0a0ab1ee23d86b692b132,delivered,2017-10-16 21:57:17,2017-10-16 22:49:21,2017-10-25 19:12:03,2017-11-03 22:03:45,2017-11-17,7422f971f7ad3d66445f8dc98fccc469,2017-10-16
87f2841a7bac3a1bb41c39d5aa114308,fafe72e7b299113b1847715ba98dd337,delivered,2017-11-26 22:18:59,2017-11-26 22:34:33,2017-11-27 20:18:54,2017-12-12 21:49:08,2017-12-15,87e50b384de51c545683a2892b111bf4,2017-11-26
a06450ed1022a79944ac0def2699251a,6bd7a25730098901b7bfbf872410d4b8,delivered,2018-02-14 21:13:45,2018-02-14 21:25:26,2018-02-15 21:45:16,2018-02-20 15:28:47,2018-03-07,65447e533394d2842e4b069aa9366f8c,2018-02-14
3fb89a73b375862ec41e85344c4c51c2,763097e13f1d0a0c4c8d2ff811ce4c3b,delivered,2018-01-29 15:27:10,2018-01-29 15:35:35,2018-01-31 22:43:32,2018-02-07 03:08:28,2018-02-20,7fce5c342223e12e4e941e0ec447ece5,2018-01-29
a9eec2aaf2814129ba011047ae8484b6,edd13a1ddf89812084c9545dadc62505,delivered,2018-04-02 20:49:48,2018-04-02 21:09:30,2018-04-05 00:45:40,2018-04-26 14:56:34,2018-04-18,b9de353000bbdc1f5d6cc2fc945ce452,2018-04-02
4fc1ab1684475d151043e9bcb3e3a0eb,98413fafd705741d056bad40557f0205,delivered,2017-06-30 10:13:23,2017-07-01 16:10:15,2017-07-05 14:16:54,2017-07-12 19:22:22,2017-07-24,5b16e124fa622d31637c864d2e343e4a,2017-06-30
eae2128fd4c171cf698f967f1e7fbd16,c1b5f9ab36d7d65710b9a76f1d3ab275,delivered,2017-09-27 17:51:29,2017-09-29 02:31:08,2017-09-29 18:12:49,2017-10-06 18:03:15,2017-11-06,1e3c7109171cafe8b09225708b11c383,2017-09-27
40b3a621a59f804d691abcd7531fffee,e8d81fa933755da7c7a16c1cb59cef49,delivered,2018-01-26 10:48:46,2018-01-27 02:56:21,2018-01-31 21:58:26,2018-02-09 15:04:41,2018-02-26,42cdb3e67d206b25a442700f2d07fb52,2018-01-26
bb2caac45ef66a094d2d41aee4daea5d,4bcbb8542d4155d51be5c8a40ca04d74,delivered,2018-03-16 10:02:32,2018-03-16 10:24:54,2018-03-19 20:18:30,2018-04-20 19:37:42,2018-04-11,da45dcbecb45111176897e91db1d9e53,2018-03-16
f119156ea99ccffd1743bd0963675094,f08abaf79960bfcc9848896ed0258079,delivered,2017-04-13 21:07:30,2017-04-14 21:15:11,2017-04-17 12:57:44,2017-05-02 13:34:26,2017-05-16,481a7a279c7b9c80e39ffbf38b57c67a,2017-04-13
d4e4ac3c423a38f131a755f777d2f73d,433d2e1477547cc3eec3981cadaade64,delivered,2017-05-24 09:05:17,2017-05-24 09:15:19,2017-05-24 11:56:08,2017-06-02 15:03:37,2017-06-20,cc9e620e6696dce1f29a24c07a0ab5e3,2017-05-24
f55cb4fd8cb8b16824c2912514216b2b,1291eca2bf609f2a91eec6c581ef0643,delivered,2017-12-20 22:55:07,2017-12-22 02:39:33,2017-12-22 19:12:30,2018-01-23 18:59:07,2018-01-31,addd2028bd92f052c0edefaf2aaf0b4d,2017-12-20
265e55efc16ce4c05ab0504ca0a32603,82cd99c582f341b782090be9291913dd,delivered,2017-06-27 12:19:46,2017-06-27 12:43:44,2017-06-28 12:39:06,2017-07-05 13:07:21,2017-07-19,5222835b581ce2711be308100ada6067,2017-06-27
c32e1ebab01d3a6f77ac3f7b5db0df2c,ffa7d6a151c43eaf14058054531ddca5,delivered,2017-12-01 23:26:12,2017-12-01 23:35:28,2017-12-04 18:22:11,2017-12-11 18:28:03,2017-12-28,d3f9b6f820f5d26137edc92826811dc2,2017-12-01
286f5f216f1c33c728468b8049169006,1dd626464ca63eff653435fa35ed589b,delivered,2017-10-09 23:07:52,2017-10-11 03:14:34,2017-10-23 22:47:46,2017-10-26 18:07:50,2017-10-30,867baeb0278332d0ec8a169c3d4b1486,2017-10-09
ac4d559cefc486f4ac59c17fc44f236c,8a0c73eb44dfbbf9bf1ccabe0516a620,delivered,2017-10-25 14:23:44,2017-10-25 14:35:57,2017-10-26 15:32:14,2017-11-13 17:42:19,2017-11-16,a2f9228d7ce95f638bb8196b6508447d,2017-10-25
7d0144fb77e164cc237e6aa0cb4d3a01,7d10590069c871f19cf86a88586fce5e,delivered,2017-08-26 20:20:11,2017-08-26 20:30:17,2017-08-30 20:53:19,2017-09-06 19:55:45,2017-09-14,4f6ffb01e1b1d1d4b41f87fce6759f2d,2017-08-26
dde27525b15a17fe5d8b8503e60143c5,4c1314fc282ec22da807d1a7a87f41d8,delivered,2017-08-08 11:37:24,2017-08-08 11:55:10,2017-08-11 20:23:25,2017-08-15 19:52:14,2017-08-21,ae7cd94ae31f80797db02fbaf545e1a2,2017-08-08
4e998f9a0a0748cc381ea01aa6de635b,935e36229a981c25786b94379bcf95a0,delivered,2018-04-12 21:06:08,2018-04-13 21:09:40,2018-04-17 23:28:20,2018-04-24 22:56:35,2018-05-14,e9a64dcfdda6163922c7689458d7c184,2018-04-12
5fd0b812a7ad786c02970c4223ef1dff,8c13e5ab23851a6fdf5000a1db2378db,delivered,2017-09-06 13:12:04,2017-09-06 13:24:09,2017-09-22 19:43:00,2017-10-20 20:00:04,2017-09-25,25f2a384fa2be0af7d759ec22bd5e88e,2017-09-06
a209f1e024c8fa7bc5c6ba43084b2a88,b0609dab56252222b371cbe135de0abd,delivered,2017-11-15 14:05:35,2017-11-15 14:15:23,2017-11-16 15:34:53,2017-11-27 16:32:47,2017-12-15,3a9bccaf4228205ac9b6696d7258e494,2017-11-15
7d78faeeb02acd278e79369a118ba6a6,0f9a0e7b15c91c7abaf923ddb0f61c48,delivered,2017-09-12 08:16:43,2017-09-12 08:30:24,2017-09-13 17:20:03,2017-09-20 22:38:00,2017-09-29,1e0926e360000226b237bf277aec3380,2017-09-12
940d9b6c9ee80f7a059b05f7106d96a3,21accdcb409467a90d77c0a6d711496e,delivered,2017-11-27 12:39:48,2017-11-27 14:20:07,2017-11-27 21:48:57,2017-12-07 19:52:27,2017-12-22,c2669f11ce81022a11cc81a7ba888ef1,2017-11-27
ec63f4c635c0636e67e6d9a51e923bff,18460033b3d91209a4293553493fe294,delivered,2017-10-04 23:18:03,2017-10-04 23:35:11,2017-10-11 20:21:26,2017-10-30 17:37:34,2017-11-03,46582339a8c33e322c8ae4c85ba5da8e,2017-10-04
31f92d9eaa5c91b7eef11e2729cf09ef,9979828cd758bdd9bf0963a38a7b112e,delivered,2017-02-08 12:12:26,2017-02-08 12:31:22,2017-02-17 06:53:51,2017-02-21 11:22:47,2017-03-22,078237d4f3b6981885cd1a71c8c8fd4b,2017-02-08
2e94b3f76e8e8c9aaca60e91b303c5f8,d4eb21f0bb4682f3b17464f064c45f28,delivered,2018-06-16 21:40:32,2018-06-16 21:55:56,2018-06-20 14:34:00,2018-06-23 16:42:27,2018-07-12,6eb8a2a89a8603f8c7935a870d707b60,2018-06-16
0ff7b37419d20c634e7bea8716821899,08d638bdf894607a00ecdd3fd2a88321,delivered,2017-03-17 10:46:56,2017-03-17 10:46:56,2017-03-21 16:43:20,2017-03-24 11:43:38,2017-04-10,4213c83d519b2696aa4998e818753336,2017-03-17
438ea5e54a8fb9065a737494893ac31f,961f898c34ac62fa12fd8249612de4e6,delivered,2018-05-19 15:22:20,2018-05-19 15:39:23,2018-05-21 14:19:00,2018-05-22 15:57:46,2018-05-29,170f73c3d7e5b15778aa114625ef0e8e,2018-05-19
ea7aebe35fe8b4aa33f2ab7ed531eebd,a9f59f2882649b58e992d0315123a755,delivered,2017-08-16 19:55:22,2017-08-16 21:25:24,2017-08-17 19:41:54,2017-08-28 18:53:37,2017-09-08,319f4c4b256728bbc5b4c10c39b9168e,2017-08-16
4aa6f8587d01107fdca9a881e1eb7e22,16971a0d594efeb683d44e4fb39667c5,delivered,2018-05-18 09:02:33,2018-05-18 09:16:34,2018-05-22 14:58:00,2018-06-06 20:27:46,2018-06-11,8479be8528b1f06c698d38ecffae939f,2018-05-18
85e3fe590f151c833f6a8a7e21983712,bea60af848781a26103fd2afcdee4d22,delivered,2018-04-09 20:18:41,2018-04-09 20:30:21,2018-04-10 20:02:41,2018-04-23 17:06:34,2018-05-07,96031393b66f569313bf4547d869408c,2018-04-09
3efba7364d1d66dba86a76169ba169bc,ad999ae2c0841f2ab53e899193d1d752,delivered,2017-10-07 14:43:22,2017-10-07 14:56:17,2017-10-09 17:57:53,2017-10-18 19:32:41,2017-11-07,a9aa2f1de2114e24c5337438c62720a5,2017-10-07
6e798bc06e940adb731741796285a267,483f7f65270034241b1e7b3b5c8bec3b,delivered,2017-12-10 22:48:35,2017-12-12 03:50:08,2017-12-14 20:34:57,2018-01-09 19:38:19,2018-01-15,c704ad3ad048917bf251a6ce2bc184be,2017-12-10
9d7798901074855d45d6c586a0714942,dc7d9d7ec0b6cbadacf27e3308c17976,delivered,2017-04-20 09:22:08,2017-04-20 09:35:17,2017-04-20 11:21:46,2017-04-28 12:29:14,2017-05-12,5ce1e506e8e4eb088257ce0888336dd6,2017-04-20
848e76f65aa5d3843c356d8a68dfa5b5,0fe01041704b943d5c7905323ea63a2b,delivered,2018-05-03 16:05:51,2018-05-03 16:29:22,2018-05-04 12:12:00,2018-05-11 20:39:45,2018-06-01,7bc69a06edaaaa9d75b6950546ec94bc,2018-05-03
7f3be76847c89f58b912a7adf2d77f3e,e5f43d2dfc237da9e9d075c5a893989c,delivered,2018-06-08 22:25:22,2018-06-09 08:58:40,2018-06-11 08:36:00,2018-06-19 20:59:34,2018-07-04,e66bf46f66972ad1cfd75861292959b9,2018-06-08
3756637ed2fc243af380469a2aa5384c,7fdc7f83bc78ab2261e57b8f0550a710,delivered,2018-02-05 10:48:41,2018-02-05 11:12:58,2018-02-06 18:24:53,2018-02-07 16:51:58,2018-02-26,3403616dd5549cd1df35efd87f2d6683,2018-02-05
8229a9e93c5278241e605ea0b839e262,ee36564ac489d849c2e66fd1f3a8942a,delivered,2018-01-06 17:04:10,2018-01-09 07:21:00,2018-01-09 20:35:19,2018-01-10 17:10:28,2018-01-29,e5dbadbefe0f605247783729ac5cd901,2018-01-06
b2dbaba892cce2aa2c6ddc4772a27cd3,2b780e5c520679289485e7d0029203f9,delivered,2018-08-09 00:33:26,2018-08-10 00:30:15,2018-08-11 08:50:00,2018-08-16 19:51:33,2018-08-21,a2c849f289065fe4cfe65b094aad297f,2018-08-09
29dad235dca65da6ae29389dea7b96c9,ac0785092c99b1d86f57d71661053989,delivered,2018-08-13 08:53:29,2018-08-13 09:04:28,2018-08-14 13:43:00,2018-08-20 15:03:17,2018-08-24,95658def8757785f6ff8565d8cd2ea59,2018-08-13
6255b494d1f33dd8dc68c7e80c4a7119,7676a6b51ce4574665467c5c9987eea0,delivered,2017-12-04 16:55:45,2017-12-04 18:30:43,2017-12-06 20:43:02,2017-12-21 00:58:51,2017-12-29,60a8f07a020811e2aa71db30557283b8,2017-12-04
c6269b5410a266a9315ae05d06a3bbca,f24de021293be223d93643e1d89acf17,delivered,2017-05-19 13:35:30,2017-05-19 13:50:17,2017-05-22 09:57:56,2017-05-25 15:22:48,2017-06-01,74974857ae0dda07619d208ec3339b7e,2017-05-19
45ffb70b5ab194d69842178149ef0c70,a5da0afe481e088a06631defb8f9a037,delivered,2017-04-25 20:58:08,2017-04-25 21:10:14,2017-04-26 14:37:32,2017-04-28 16:07:39,2017-05-12,ad4925964de3c45ef9bcf02dd57eeb7e,2017-04-25
e6b366b1ca31e3d1a57113196398f8dd,fb2d6905dc714ad2288b1472a3265ee7,delivered,2018-03-24 21:17:41,2018-03-24 21:30:33,2018-03-27 19:05:06,2018-04-03 04:18:35,2018-04-12,58382571ee7ebf1458cbe961355ffeeb,2018-03-24
9ca4233f35ec6058f6642a8124c8f9d2,3d1afd004bfed8121470b0e5f303d3bd,delivered,2018-06-23 22:56:52,2018-06-26 05:13:00,2018-06-26 11:37:00,2018-07-11 19:08:28,2018-07-20,96fbb1cc98ae2b32272055a157d15cf1,2018-06-23
dd3d7dfdc81448f6cc4d3e8eb60cfb75,bf5fa5d2049f9393c6fbf02ba4545343,delivered,2018-06-18 20:16:23,2018-06-18 20:36:39,2018-06-19 15:14:00,2018-06-22 18:38:47,2018-07-03,52078ec82e51b329ff60a8216607433c,2018-06-18
3a310073a474b253b473c8c5695d2a51,2dd250ac642390d22d29cb32a10de089,delivered,2018-06-28 16:02:30,2018-06-28 16:15:15,2018-06-29 12:30:00,2018-07-02 15:27:07,2018-07-19,fc3f6434a6691c0658a73df9dc86d790,2018-06-28
cf18f775a1b2dfec83732a8679b66ec2,765c6412dba8eafd16bbbe40a47ff0a6,delivered,2018-08-17 08:30:01,2018-08-17 08:55:33,2018-08-17 15:59:00,2018-08-20 13:49:02,2018-08-27,10d1aa2c16391f86c80ecb501698fa76,2018-08-17
55cb20782f4a6b0174ea7afdb736265c,41d9228d4afa508a91c5fc354ce6bca1,delivered,2018-07-31 00:23:09,2018-07-31 01:00:09,2018-07-31 15:00:00,2018-08-03 19:12:13,2018-09-04,819c65629034acc8a0e1c096c2c6715d,2018-07-31
58edc4867c66375b07bb99a5ff66e843,91b7fe9bca22287724c0aa6c62b20706,delivered,2017-06-03 15:51:31,2017-06-03 18:35:13,2017-06-05 14:05:13,2017-06-17 13:12:46,2017-07-06,d1fe4bc6768b366d3765ae53b7689cc2,2017-06-03
5c1bcdc479bd3259cecfa184ee78b9ce,2e5608fae5d61570d29e7cab4e1c85e0,delivered,2017-11-15 16:35:52,2017-11-15 16:50:30,2017-11-16 23:12:13,2017-11-21 23:34:33,2017-11-29,9d2b062dc07734a1d7053478a7e83280,2017-11-15
5814c4efa071d212c5b84498d9ca5809,1bb5205b5301fb7f65cb391f83869615,delivered,2018-03-07 09:02:41,2018-03-09 02:30:57,2018-03-16 01:56:30,2018-04-13 17:28:50,2018-04-02,59e7a0c3c4ffaa250125946deb8d534e,2018-03-07
26fa3a32106a673d1c0797ad04f15c81,66d2242091120bcbaf700ebd33ecd879,delivered,2018-02-10 15:13:12,2018-02-10 15:25:29,2018-02-21 12:38:05,2018-03-02 16:23:51,2018-03-16,5dda09ed137461608be539348c1dac39,2018-02-10
cca0f2f13b67b19407e3300a249bd506,a181bd684a472be2dd926e551a50677a,delivered,2018-07-18 17:36:01,2018-07-18 17:46:22,2018-07-19 15:24:00,2018-07-24 16:43:31,2018-08-03,bf987f9a2a87fe933fcc5302fbfc6032,2018-07-18
a64639318173368f70e2ce455a49196d,55c6424f08e75680af39be358bd3c1e5,delivered,2018-05-23 09:42:56,2018-05-23 09:56:56,2018-05-24 13:38:00,2018-05-25 21:51:44,2018-06-04,dff16298a943d3e084b94a43ffa5cee3,2018-05-23
98d15743f8e48c8e46b0798e8620a0e5,f9835d0178a2ef988d91ea05bc03f16f,delivered,2018-03-18 20:14:43,2018-03-18 20:30:22,2018-03-21 20:03:49,2018-03-24 00:38:20,2018-04-16,abf7ad6741caa815774324f973f781df,2018-03-18
f49196a3b79948c69b3cf03a6ce9646c,343b48b19c8bd182e4c24d37aa8b11a3,delivered,2017-04-17 10:05:11,2017-04-17 10:15:15,2017-04-19 14:58:10,2017-04-26 13:28:40,2017-05-17,0981a271500799427cdf345e9121e20b,2017-04-17
528ef07892f35406f1e19482c11714a4,b5e3adee5e6af6c1d69578a270a86b98,delivered,2018-01-08 17:51:23,2018-01-08 18:01:35,2018-01-12 21:08:06,2018-02-07 23:22:33,2018-02-05,b80affc9a7a9d034cd9045ecc344125b,2018-01-08
763dda5df4bf87b05540c4fb0888b346,530ece68f2b24f65169dfc98378bca56,delivered,2018-03-08 10:45:15,2018-03-08 11:08:39,2018-03-09 17:07:27,2018-04-27 15:13:04,2018-03-29,d33fc8dc193ffc6831128f39d6d475b3,2018-03-08
0444bf76794ff96fd22fff6be21bdb6a,5aa561bd139013f322dceb6a71550d43,shipped,2017-12-20 11:22:58,2017-12-20 12:10:14,2017-12-21 16:49:38,,2018-01-22,70020bbf1dfb2e3fea206c92914bfade,2017-12-20
4d4aac37e91472a2cbb36ee91d35866f,0eaf9eea0033e4ee553184ffe9641d71,delivered,2017-02-14 23:19:29,2017-02-14 23:30:13,2017-02-15 13:19:04,2017-02-24 09:33:28,2017-03-17,fbaa71cb42c869a81a82a3dc8bcee236,2017-02-14
4c405106a055077716496d46fa6d9d65,c785a266d296a639e09081ff7a16a169,delivered,2018-01-10 09:10:34,2018-01-10 10:31:45,2018-01-11 18:43:41,2018-01-16 19:26:33,2018-02-01,146b29d8e80b2a09df8419f11ebf5ee5,2018-01-10
ceca30e6de65f20adb181e92932941a3,caedd3b1bebfca71c001c276fb477fa2,delivered,2018-03-20 19:57:14,2018-03-20 20:10:25,2018-03-21 19:54:23,2018-04-11 20:07:50,2018-04-12,d0064751457d0f903bd103e7a6a4998a,2018-03-20
11526907a9d9e94078d44fb1c4abb4ec,16c9179622cbd53ac83895bd09ea73c2,delivered,2018-08-08 00:56:34,2018-08-09 03:45:28,2018-08-09 20:33:00,2018-08-23 01:35:45,2018-08-20,b31e6fd7fed8e0d6715a7462820c716a,2018-08-08
df01c961b8b1ced70f72c8c77deb69ca,5bd6dfd802aad0ed86c9984ac51858e2,delivered,2017-08-09 13:43:26,2017-08-09 13:55:24,2017-08-10 17:20:10,2017-08-31 17:44:06,2017-09-13,896e3bf2e39b0bec241464a76717f947,2017-08-09
2b57a0c3167cad0a95b15e00b748d5ca,35c202508df32b386d266f1cd73d3bf8,delivered,2018-07-08 16:16:13,2018-07-08 16:30:13,2018-07-09 08:46:00,2018-07-11 19:56:42,2018-07-25,d25666a152f18f4b82db7dd0668c92e5,2018-07-08
269c345570f1003630764953f56f6abd,d122755f5989b6f6702431c0fe0dc767,delivered,2018-05-17 03:04:12,2018-05-17 04:16:22,2018-05-17 10:39:00,2018-06-06 18:26:35,2018-07-10,1287bfd3869aaec082aa683512e593b5,2018-05-17
2868d7d031293f42d0004622a5b68418,8d814ba9c7c471f4d8849fa2438f7575,delivered,2018-07-12 00:02:10,2018-07-12 00:15:17,2018-07-19 15:01:00,2018-07-26 18:06:34,2018-08-16,20365e99b0642969996271c8d964c71d,2018-07-12
a8e595153c8bec02b29e66399b21e1ae,36cee34dc9a7b76544d0f8c2ce2b54f1,delivered,2018-08-05 19:25:28,2018-08-05 19:44:19,2018-08-06 09:32:00,2018-08-13 17:12:53,2018-08-28,ac9456d4f6c54565494b390d1ea87053,2018-08-05
186f651321d21b2a793c4cd866b7b62b,c6fe189efa0b5b86e8df534630a6f051,delivered,2017-08-08 18:33:07,2017-08-08 18:45:17,2017-08-09 21:32:45,2017-08-17 19:16:56,2017-08-31,d56e98583631e0adc7d1d02a2601bb93,2017-08-08
919baca007d9525b6668c18f79a33197,144d6b2679193370edcdceae5c0a407b,delivered,2018-08-21 12:26:53,2018-08-21 12:50:22,2018-08-23 17:10:00,2018-08-30 12:03:15,2018-09-24,26a2b0baec2ef2e226f1297de4b6a86f,2018-08-21
ecb4d57a1f4dabdb34dcc3ddba82bc51,e6654f45929f2f4f59db8fee5b39b7f5,delivered,2017-04-28 18:08:44,2017-04-28 18:22:58,2017-05-03 15:47:34,2017-06-14 13:17:48,2017-05-26,0759d933887c91f517086ed1bbac859b,2017-04-28
840609035f6daa3db6277e7a033b3edf,080be8dccd7f4d3194611540f99b5299,delivered,2017-08-14 21:48:04,2017-08-14 22:50:14,2017-08-15 18:22:50,2017-08-21 18:29:58,2017-09-01,f121995493925a5ef0b46a13f594e0ab,2017-08-14
0040a56893444cb56cba7cfe2225e34e,74454d0e51e0eeaaaa9b7b135469c420,delivered,2018-01-22 23:50:35,2018-01-23 00:15:10,2018-01-23 23:46:54,2018-02-14 23:12:52,2018-02-21,89f85ff8f63aa9404d98a83cf96cd4e4,2018-01-22
9d116cdcb1a5c14a35e00b7ad54914ee,99650dd5591e92cbd43f8c81c42b2f92,delivered,2017-03-28 22:02:40,2017-03-28 22:15:16,2017-03-30 10:08:25,2017-04-07 14:40:07,2017-04-27,d34d6e468db0813c0047cc715cd56e69,2017-03-28
5cb5eea8db35f4d622fd1122e2841e39,ec0c759e9e38693281684942aa6bc86a,delivered,2017-11-26 11:57:34,2017-11-28 03:38:31,2017-11-29 12:42:15,2017-12-08 15:42:32,2017-12-20,abc42409fcdbf3531be4588141e6f6ac,2017-11-26
532eef07d5a2ff826ffd6ef0979e1645,37c45c617af79121039feb49e7ec985e,delivered,2018-07-06 10:18:14,2018-07-06 10:32:06,2018-07-06 11:17:00,2018-07-13 19:47:54,2018-07-31,437a4a92d85f036aa87f87dfc0255793,2018-07-06
58a9eee77c75781ec6c4f725891c7747,76ff993eda8abab1781028a0ac19ed0a,delivered,2017-11-05 20:11:40,2017-11-05 20:26:45,2017-11-08 21:32:07,2017-11-13 18:54:39,2017-11-24,1c31e9e0651dcb9bb941ff68c87365ee,2017-11-05
2508a4e7eaf40f21355892834c2eb54d,9dc43b5f2a289fa4e26d504ec141e07d,delivered,2017-12-04 13:37:59,2017-12-05 04:17:37,2017-12-11 19:39:42,2017-12-14 00:09:36,2018-01-04,561bbb81e93ab7de5a54353039c17f19,2017-12-04
d8434c09d07ff98eaf30d4b68b5d6cbf,9c991443e5f8f7fd0903a2ea9ec7a0ca,delivered,2018-05-06 14:28:03,2018-05-06 14:53:13,2018-05-08 09:58:00,2018-05-14 15:41:55,2018-05-29,8b37cd48e54aa82a06bfcb019a05de72,2018-05-06
77941f056519e1f7a848840651b359b2,f8ad6a093cf67d3c90f97bf70d2af76a,delivered,2017-11-26 13:11:16,2017-11-28 13:05:31,2017-11-29 19:09:09,2017-12-18 19:23:00,2017-12-11,9fa5bc89e610ecb708bdc1b1678c88fd,2017-11-26
5f92e202714f58d016aa087092c33fe7,2f9a21f241a3ccbbfa187ebdfebe4693,delivered,2017-06-28 11:58:51,2017-06-28 12:10:24,2017-06-28 14:52:04,2017-07-03 14:12:00,2017-07-18,1c69f1fbba287057085e861c726692d3,2017-06-28
3abd3ea64f72772ebe7fb7fdb73b8991,4d6ec8fe0f7d7bc9e3cecdd2d66f64be,delivered,2017-12-10 20:58:31,2017-12-12 03:49:52,2017-12-13 20:58:36,2018-01-07 12:44:34,2018-01-10,6e1512c1c3221bd24fa4848202727ab3,2017-12-10
55205d82f3b72a235f58195bd491b1a9,2a395e7e1901e07fff39a55249a210eb,delivered,2018-08-10 16:43:56,2018-08-11 10:24:41,2018-08-13 15:51:00,2018-08-23 01:21:30,2018-09-06,5cc6393278c1a5bc536b2fee3d13c502,2018-08-10
506d2f43503ac1882d80adfd1f523fd5,649699452d03a53049e711ecf08fc0f3,delivered,2017-12-26 12:18:30,2017-12-28 02:35:44,2017-12-28 21:28:47,2018-01-03 19:33:53,2018-01-19,c8d5910bb953e44fa1074cd850ab5783,2017-12-26
9124789e8acd7673ea0ce2bd9361a99e,b8c061f3ddf2be33218c39b02f99c812,delivered,2017-09-22 23:11:26,2017-09-23 13:50:08,2017-09-25 19:09:29,2017-10-02 22:39:33,2017-10-24,67c9d90963ecbba69c9da44b62713203,2017-09-22
fd47237d0dcf975ae9a511199ef692cb,98c6cbcc4341a06f0703f53a0f7a798e,delivered,2018-03-13 11:34:35,2018-03-13 12:08:11,2018-03-14 16:12:13,2018-03-27 18:09:41,2018-04-06,23cd343c7de3187c4d3d5bc96b0e3f06,2018-03-13
8e0167d93d1c6bdf4595ee876ac8a842,1842c33f1a49f4a3f653e28a75254e38,delivered,2017-12-11 13:03:12,2017-12-11 13:13:26,2017-12-12 00:23:29,2017-12-23 15:53:32,2018-01-05,e241a12e3ca17c9e19fbf98c33c820c5,2017-12-11
1a45b4961c8eecf15a433bb91990618d,d3ed2c4491a68c9acf08dd0595ae057f,delivered,2018-01-25 22:10:51,2018-01-26 03:16:42,2018-01-26 14:56:54,2018-02-01 22:05:47,2018-02-19,f43f9cbf9193975d73ad27716f2c0506,2018-01-25
82b9b991770e6880a10a11c5a29da6d4,a04dce798419f82084975adb9d6a79d2,delivered,2018-02-09 18:43:27,2018-02-09 18:55:24,2018-02-16 22:18:29,2018-02-22 18:37:18,2018-03-06,3b9413f9d2b6d5aa9e39ec9b906ca0d2,2018-02-09
6135f38f4bb6d100bd3b064ccaddf7b8,1ce6087cfb4834e9ec5e9ed3941448f1,delivered,2017-11-24 07:15:45,2017-11-24 07:49:36,2017-11-28 17:12:42,2017-12-01 22:07:06,2017-12-08,dbcdb3304bb1ce61bdc97eb2344a1532,2017-11-24
5d5158a88e86989b64a41c1c2aff9125,8e3ca91f267437eb1244bdfad334a7ca,delivered,2017-03-19 08:36:36,2017-03-19 08:36:36,2017-03-20 10:08:42,2017-03-22 14:27:28,2017-04-06,a1c61f8566347ec44ea37d22854634a1,2017-03-19
42ffa304e7e734f00e981f377dd18640,b050c06fc1598b88202301da05929d26,shipped,2017-05-06 14:29:00,2017-05-06 14:42:02,2017-05-09 07:38:08,,2017-06-02,c2d9349c52e333e04f6bff0fcc217b8e,2017-05-06
836f9b5adb4fe06d8980fb71fa06b691,87ac54f29caef172849cce57d5128967,delivered,2018-08-13 19:30:37,2018-08-13 19:45:16,2018-08-14 06:03:00,2018-08-17 16:44:29,2018-08-30,e403044f5e830582e39dec1f4aefcf56,2018-08-13
90acf5654782a289ffd89f1759287595,c468f7532d2c5542841d9d75a254d8cb,delivered,2017-11-24 09:09:48,2017-11-24 10:12:24,2017-11-29 19:09:09,2017-12-11 21:29:02,2017-12-19,13473af264dea0facd893d6516900b22,2017-11-24
7d1195a1ae8175a0713fbeeedb018fca,6b4614b2b4a56af6749e512f9ca12941,delivered,2017-06-30 12:09:51,2017-06-30 12:23:33,2017-06-30 15:44:18,2017-07-10 22:47:28,2017-07-24,02e341dda9a498db57a4ec9f47fc02e9,2017-06-30
3c528555482dd82c04d09832f338e139,cc89c866db4f7b9cfecb9ae48c47fc20,delivered,2018-06-18 10:22:41,2018-06-19 03:57:11,2018-06-19 13:21:00,2018-06-26 22:12:20,2018-07-18,f26327ec6541f1c2aa119fd0d02a351d,2018-06-18
44ee389142c744e5c8e7b6c8343dbdc7,33e0063ceed8499d4c9906865945665c,delivered,2017-05-11 10:51:40,2017-05-11 11:05:15,2017-05-16 08:03:35,2017-05-19 11:27:50,2017-05-31,c0c85f4c42fd98c6b5669dbc85a77bf2,2017-05-11
5c70dd56919e4ecb33f8d48067944b48,a016fe5ee20067bbf94ab0b66438845a,delivered,2018-03-26 22:25:35,2018-03-28 02:50:25,2018-03-28 21:24:35,2018-04-17 22:46:23,2018-04-17,694770a8ad05691bdaed8ffff38813e2,2018-03-26
574fe1739f65af76badd0999db300b4f,fd3a0b1bd209f0e7d420c9c3d1127613,delivered,2017-03-23 15:10:17,2017-03-23 15:25:11,2017-03-28 18:23:51,2017-04-11 10:16:56,2017-04-24,567ab47ca4deb92d46dbf54dce07d0a7,2017-03-23
a44cd7ea931ed9138c6250dd5402eb7d,c43867621bf95a848e59bbbf9dbcad01,delivered,2017-10-17 19:40:22,2017-10-17 19:49:15,2017-10-20 20:33:44,2017-11-04 15:56:53,2017-11-09,190163aceaebe9df326fbcd767aa91c7,2017-10-17
379608a8412e127ea99752f0ae297408,16c43b2b6b665c7268566fc9def6c68b,delivered,2017-10-01 10:19:07,2017-10-01 10:28:15,2017-10-02 16:52:44,2017-10-17 10:17:48,2017-10-30,3295fca28af0205cc52a718846e8b232,2017-10-01
b07c9c5d4b4b96db91b933d31bed5248,2c106d45426c47aa075491442f2f0194,delivered,2017-08-23 07:40:35,2017-08-24 13:50:18,2017-08-31 19:25:52,2017-09-08 20:43:35,2017-09-13,ab9da61528658c0bb842c6f3701074d5,2017-08-23
e4e87503e23bd920473b4bbe54e015b5,713c42e5bbadd1ed6689da3a8cc51846,delivered,2017-08-22 10:55:25,2017-08-22 11:10:16,2017-08-23 19:16:38,2017-08-31 21:23:47,2017-09-18,faa5d8e4fbf010ed7edfeb258c7ae0d4,2017-08-22
4e9b5654a8e87fbf1f0010429835dbcf,ce00ac7b1fd65ef1493960dbca9ee71a,delivered,2017-12-01 14:30:08,2017-12-01 14:49:34,2017-12-04 18:23:15,2017-12-11 19:51:46,2017-12-27,fd1df4bcd96b397659b947c5c8508c1f,2017-12-01
1e023f96b2ab8ba32db4efacb8df5249,c316d9222671b33a8b0d8c6a3a39ae3d,delivered,2017-11-10 13:49:38,2017-11-10 14:07:17,2017-11-14 21:56:58,2017-11-22 19:24:31,2017-12-05,b9bbb72cb245f7e4b6af34b034fbf697,2017-11-10
8a9ec714d97db36f469d62e3fa8d638f,7f6c94aed72e07dbb23e7d8431240e39,delivered,2018-03-22 14:19:29,2018-03-22 14:30:37,2018-03-23 20:04:26,2018-03-29 18:04:55,2018-04-11,3f29f76ab9e691e54609b27d9cc44577,2018-03-22
fa5d6b6dd3a9ed01e21e57c5918e15cf,df5ddbc77e3bbc88b8fe3b62b8f60f11,delivered,2017-06-05 00:11:24,2017-06-05 01:05:08,2017-06-06 08:32:35,2017-06-14 15:32:29,2017-07-03,90f323e9f0948ddd96c6f6a8ecc75830,2017-06-05
f97ae37bab6ff0db65aaecb82274d310,af04232e6381929996a00d8b5f2d4c5e,delivered,2017-11-12 15:37:14,2017-11-12 15:50:47,2017-11-16 21:45:41,2017-11-17 15:24:46,2017-11-27,930aadc15ac3fb4c4218b34852fb1f2a,2017-11-12
fb98d749a39a0e47d64ec1e9cf90bb10,528fef52545ccd3a24969948244873f2,delivered,2017-11-29 10:48:08,2017-11-29 11:00:24,2017-11-30 22:22:24,2017-12-21 20:13:36,2017-12-22,3a51663803fd832d4dc71eda8143d88a,2017-11-29
2f987d84716580b1465f39247276a59c,aa4a725263c6983512c603c3ae6aa188,delivered,2018-01-15 16:19:51,2018-01-16 11:57:32,2018-01-17 19:22:43,2018-01-19 21:39:10,2018-02-01,968c15b4191d4ff00ee5e8dfe910ae67,2018-01-15
3168c019f59ebcfa516b31feb623fc53,6e890915cba130f9217de9aab006d313,delivered,2017-05-12 12:15:44,2017-05-12 13:07:59,2017-05-26 10:54:07,2017-05-31 14:06:07,2017-06-13,61cc537a2f200146490395e8e3ffb80b,2017-05-12
0c511eb6cecb1f110a807dad27440c81,915411390c6b557e49b9cf369572d189,delivered,2017-09-26 14:45:50,2017-09-26 15:04:42,2017-09-28 15:28:02,2017-10-10 20:36:53,2017-10-25,56866c2bd443a3330747d4efa3541c6b,2017-09-26
d92770d2fc168b9bb6a9a15f640986e4,101379692221e06327461201d91def6e,delivered,2018-02-27 10:40:38,2018-02-27 10:50:26,2018-03-06 19:58:33,2018-03-07 12:28:40,2018-03-28,61c20a119a71f3c85531cf8fb5963642,2018-02-27
3812d41936079a1ccfa6e04ff9ea83e7,48951287f296dc428281ae12b23072b5,delivered,2017-07-11 18:23:45,2017-07-11 18:45:13,2017-07-12 18:22:34,2017-07-17 12:59:40,2017-07-31,5c774fb12c4362112f1ca2e0d3f4181b,2017-07-11
5451dcf8797facb072201af54921f04a,63ca9e5b1b7438892210e079c71ca22a,delivered,2017-09-11 12:26:35,2017-09-11 12:43:24,2017-09-11 19:47:30,2017-09-15 19:31:40,2017-10-02,803ab0230700aa3e3f02a4c1ef9b2d9c,2017-09-11
8d6793a90c7ed801dbea86d6271e3bfe,2285ef36bf9197241db9f8d3611aed8f,delivered,2017-03-14 14:41:27,2017-03-14 14:41:27,2017-03-17 09:14:04,2017-03-28 16:17:12,2017-04-07,8fdd8173d1d780e4336e7f372d00a7cf,2017-03-14
ecd2748a24a9595ee9ae3ae645a01ae4,a70de1d2619f2113a39a18ad83dce472,delivered,2018-02-07 17:51:28,2018-02-07 18:14:59,2018-02-09 18:41:50,2018-02-17 16:13:01,2018-03-08,a68d01bf2636a79c30090ce28ac96329,2018-02-07
30727429f8337a76c80a10e0540ce073,adba6d1c777cd469f601d55fb66932ec,delivered,2018-06-18 22:44:39,2018-06-18 22:56:19,2018-06-20 12:27:00,2018-06-22 19:05:00,2018-07-11,09e0892757b9236f00bdaff2b378253b,2018-06-18
37d24e9a88068283d102aebd4f765133,548d14db00395dec9825ea9673c7e672,delivered,2017-01-22 23:08:14,2017-01-22 23:21:47,2017-01-23 15:35:44,2017-01-26 13:51:54,2017-02-20,bb78901615bf2df3f75b52cd41813869,2017-01-22
7e674200831cc38f43106d153aa17d7c,aa4b53b674e3a59192b63f78441760e8,delivered,2018-05-27 17:22:15,2018-05-27 17:35:08,2018-05-30 06:16:00,2018-06-15 17:22:35,2018-06-29,05f0d6f8559539a556e2b72919ebd2bb,2018-05-27
2c5835a7e64d6b55172fcb3d3e6cc811,148bb9f283f5eebbafda782b05d5d4d7,delivered,2017-05-23 15:03:59,2017-05-24 03:03:01,2017-05-24 11:26:39,2017-05-30 08:42:17,2017-06-14,070da753b3edceb495ca2ab66085455e,2017-05-23
1670149b3cfc61a2c70f3f6189f7005d,11a98fd756d133f16d8d8991c5acc95e,delivered,2017-09-23 15:29:35,2017-09-23 15:44:37,2017-09-27 15:52:43,2017-10-12 13:09:26,2017-10-27,fde4cb1f0d37fe5910b7e7266f32631e,2017-09-23
c62746805b3e3593801b7880cd85c8f5,ca348a7bf8d71416697853c088e3963e,delivered,2018-06-15 16:27:07,2018-06-19 04:16:50,2018-06-19 14:11:00,2018-06-22 00:33:06,2018-07-05,84a576ae7b490f7355dbe86a5b884242,2018-06-15
6291632d14ae01709d25b7f6cf2f46d7,76c6d181a76f258f93118b3898bafed2,delivered,2017-08-22 13:25:49,2017-08-22 13:45:49,2017-08-29 16:58:11,2017-08-30 21:57:57,2017-09-04,f7798970018758d36b9bbf007a053e23,2017-08-22
6c6e590c8ce02ecc30bef8bd3b34d82f,4c2352fefc6c76c844fb918aa3a1478f,delivered,2017-01-29 20:37:04,2017-01-29 21:41:21,2017-01-30 08:27:47,2017-02-13 20:54:05,2017-03-20,120abf6e9c05f5ba0d69603dc05a98cd,2017-01-29
5d9e2e83cfb9ded5dec80767e1d2226f,db3cd82f04f7b72045a8217f7f510739,delivered,2017-10-28 14:52:59,2017-10-28 15:10:18,2017-10-31 15:24:08,2017-11-06 18:08:51,2017-11-17,3652c2230456dc3efa1750852667eb2d,2017-10-28
cb821fdd07b85eba7459df8a7859c65e,36ba36f9ad40d562a0e6a61c9ea02974,delivered,2018-06-04 19:22:19,2018-06-04 19:53:14,2018-06-08 19:13:00,2018-06-09 15:35:56,2018-06-20,7271e044b40d1664e7d1bffbdb4d7468,2018-06-04
99bff4b728e46cbbb19efcbfa4f172c0,f17f59d0945b9f7768af23f2b9685555,delivered,2017-04-28 11:42:52,2017-04-29 02:43:09,2017-05-03 07:33:36,2017-05-05 11:25:53,2017-05-22,17eca8f3dae2fcda526c3c45edf44f0c,2017-04-28
3b85cb67e49cb00b5c0a3d83592a1fc0,4984a1b883dffa7490fcdc48866b23b4,delivered,2018-05-12 11:23:32,2018-05-12 11:35:11,2018-05-14 12:02:00,2018-06-04 21:07:07,2018-06-11,810e198d3e6241909f2a752c5c113c9c,2018-05-12
c39d785e16b7798f5c2654780d533ce1,e2247c693e819a841afbb62a59106ba2,delivered,2018-02-24 11:06:11,2018-02-24 11:28:18,2018-03-01 20:59:42,2018-03-19 18:51:38,2018-03-27,a2db815b0f1b2ee7993ab1ca583f8bf4,2018-02-24
535ce049550012e1ffc2d07a327eceeb,f043fe51e8327ba739f878036fbe154c,delivered,2018-05-03 16:16:41,2018-05-05 03:10:12,2018-05-08 14:56:00,2018-05-14 20:27:50,2018-05-28,c9f3502cccf5585cea25aa7de58f6cb5,2018-05-03
2b7c67fca0696d8eae5f3deb33637a2f,22abae8abdb65b160360a0e4a612bd2f,delivered,2018-06-11 01:12:18,2018-06-11 01:38:26,2018-06-14 17:20:00,2018-07-03 20:36:53,2018-07-12,f7bfab11680a8205b697f8cc03e28dc0,2018-06-11
72b85bb852d0147e3d23cfe9c224a5b4,ec23d9fe2b71eefa612c92bd43b04699,delivered,2018-03-06 01:16:25,2018-03-06 01:28:46,2018-03-07 22:49:22,2018-03-10 17:16:42,2018-03-19,2436914b757549382ea4ca7b56b5ede2,2018-03-06
b1148e3ccf84678b917d3f48cb4223b6,7106e4be1d24f336fcfabff97f4f54b5,delivered,2017-05-08 20:58:10,2017-05-08 21:05:16,2017-05-11 09:29:53,2017-05-15 17:26:33,2017-05-29,f9125a5120138b7678335b6aa9d828a8,2017-05-08
227e226c302f202f8fe0ac838846adf3,5909a65431ec7e73aebb28a25cfb8850,delivered,2017-12-06 18:59:33,2017-12-06 19:13:32,2017-12-07 22:32:02,2018-01-03 16:29:11,2018-01-03,4fe5bcecc4e587d9fda13c5fdac8e67f,2017-12-06
0e66c646ef5d6364215ef15b3826c4c7,5a65eb00a924ba21a2a323650fe0a070,delivered,2017-03-31 23:54:45,2017-04-01 01:05:20,2017-04-03 14:43:24,2017-04-06 11:23:44,2017-05-17,41f40395978d5bd6b6ab63c77ccfc03a,2017-03-31
bb30c3299c36702316a4207b8acae69b,5e39b01e3f43615d0665dda5be326edc,delivered,2018-07-18 11:38:09,2018-07-18 11:45:20,2018-07-19 10:15:00,2018-07-24 21:57:28,2018-08-10,0a1f83858e65e141609fca9ea70a495a,2018-07-18
3a242772733bbe85f793b47f375aaed4,933d04190021321a552e32ede56bc054,delivered,2018-03-31 19:16:29,2018-04-03 05:15:24,2018-04-04 03:32:10,2018-04-04 21:04:39,2018-04-12,32661f8d3b12d0074a094346eb13106b,2018-03-31
3745ac683b5ef89d47799dcd2a703d99,cc872150beb54a70317bc37c1d62c9b5,delivered,2017-11-05 17:59:44,2017-11-05 18:11:17,2017-11-08 15:58:40,2017-11-17 16:57:34,2017-11-17,acbdb96ba80617e88d7aee420c0a11e7,2017-11-05
e080fb7aef4b2d5905e95cfbd4ddc138,8d1428dafa8c8d8018df598ec6fb9428,delivered,2018-03-22 21:29:11,2018-03-22 21:47:18,2018-03-28 01:32:23,2018-03-29 20:54:33,2018-04-04,29cb4ca9a844232c64824880be302e63,2018-03-22
e810b951987f209ae0bc4bd6279c837e,7d4f13c597af6a491ad6b96e4b7b1ae5,delivered,2017-06-18 22:48:10,2017-06-18 23:05:51,2017-06-19 20:04:19,2017-06-27 14:16:51,2017-07-07,b2b0a30cda12d5ef18336c55c986ba42,2017-06-18
55fe3844ec031c3bf60449b7e37d4d85,72f7c6ae75d7bb4765dc06b93e1dfd4b,delivered,2017-11-22 16:19:20,2017-11-23 02:54:26,2017-11-27 19:28:36,2017-12-01 13:57:52,2017-12-05,706530a9bda6576aa0902ae0be79c689,2017-11-22
8c220191863704ecc09c293c1d723797,32c08ef292e0052b476b1fb965873759,delivered,2018-05-27 19:10:54,2018-05-27 19:35:12,2018-05-30 13:29:00,2018-06-04 20:07:33,2018-07-03,d347dd07c59534f043ca8cf07e9a2f49,2018-05-27
2048b5e98976fc5fc54b6405d6ac5284,e00fde757e39c319e1a52b9d1adf298b,delivered,2017-12-20 16:55:58,2017-12-20 17:03:20,2017-12-22 18:47:24,2017-12-27 17:37:41,2018-01-15,4586490ff412399f2e05cc07b7a03c9e,2017-12-20
ba239cc3d3cdeccc06b0bae56e3e9f93,c0e4e6a34cb5fd137729e3628973f35e,delivered,2018-04-21 18:16:05,2018-04-24 19:24:26,2018-04-24 23:41:28,2018-05-04 14:57:46,2018-05-14,e52317e97ac8cc8595fab59358e5ef0f,2018-04-21
74003ffbdb30d86975836aa572b73fea,dc78d55133530e19155ad697d960e9df,delivered,2018-05-21 11:18:44,2018-05-21 15:32:03,2018-05-22 16:03:00,2018-06-05 19:04:15,2018-06-06,3fbb860eeb7e62b5c86a72544aa874b7,2018-05-21
980044cb2540e5978dc610bcc47bb9e7,5c5539a9bb527a0c669e8addeff05e07,delivered,2018-08-01 01:11:52,2018-08-02 03:05:21,2018-08-02 14:20:00,2018-08-09 14:58:37,2018-08-27,64768451371904fc0725b54d9a8c8c50,2018-08-01
596ebedbd7635ed05a529154e354de90,d3d9d1df376abf1650448aa8e7a23d28,delivered,2018-02-26 16:55:41,2018-02-26 17:15:35,2018-03-02 20:12:35,2018-03-09 00:50:30,2018-03-16,71a42269ed309ae2bd2e435ab6a7dfe8,2018-02-26
43a9357b0136ea0479069accd5ea0676,8312f4beb468fbdb53da67c16d66ec73,delivered,2017-12-13 12:56:59,2017-12-14 02:12:51,2017-12-14 15:34:26,2017-12-23 18:57:03,2018-01-08,2e7b355c1bd347b40e4e52f51ad4ad14,2017-12-13
61e5a319032ea9f5d404dd3f2cbe2a8f,6dc3ca63b413933ab4fd6581377a9a7b,delivered,2018-03-01 06:16:16,2018-03-01 06:30:20,2018-03-02 10:04:08,2018-03-06 21:08:41,2018-03-13,22e0fc8130c88be1e1fb7b144191654b,2018-03-01
dd812caab973d1343bb8acb37736f55e,e82d6367836edabacca2a82a785e6e00,delivered,2018-03-29 18:23:50,2018-03-29 18:47:47,2018-04-02 23:28:50,2018-04-11 19:22:42,2018-04-17,6eb453dca2505def092eb261e3a3d8d0,2018-03-29
df0fc2525c393ef5bcd58db7516a0fcb,6f7e4eda4a91a18114c7ae6458f4068b,delivered,2018-05-06 10:06:00,2018-05-06 10:30:49,2018-05-07 09:08:00,2018-05-15 21:07:42,2018-05-30,1b8b8c36e0ae8744756d6db86ebca373,2018-05-06
cac310d079865a77ed15919c1bf688f7,49f0845e03f0791e8d4f931ed1f942ba,delivered,2018-01-27 13:40:58,2018-01-30 03:47:33,2018-01-30 18:48:41,2018-02-20 15:49:26,2018-02-23,7e4776d122b38a67441059b600e5c2cc,2018-01-27
191bf2b9fb050515f22b85c7011efe08,417bf0d71345160d22bb8209548ae9ab,delivered,2017-07-18 09:30:46,2017-07-19 03:45:18,2017-07-28 13:10:16,2017-07-31 21:21:49,2017-07-31,ada33e4ff1e9dd8ee26e2801bcbeea6c,2017-07-18
9a918e2ef9219b192a90ce82eebe9e8d,e0bd63aa806c4fc7718dcfce3f3095c8,delivered,2017-10-16 21:49:56,2017-10-18 03:07:38,2017-10-18 18:42:17,2017-10-25 19:52:22,2017-11-07,2b0bda017562cf8484be73cf9b0e0d9c,2017-10-16
34496066ab597d64e45c5f1352b7dfcb,2709855b67ea20424f0c32198ed417c9,delivered,2018-04-29 18:52:56,2018-05-01 05:13:55,2018-05-02 14:36:00,2018-05-10 20:28:57,2018-06-04,138cee18e373b1b43fde2f69aa9df3d1,2018-04-29
3ae7f9146be3fb4fed651a66c7650b19,1adf21f3b030df03819530024c21c2ca,delivered,2018-07-03 21:56:54,2018-07-05 16:33:16,2018-07-05 16:13:00,2018-07-12 14:18:30,2018-07-18,3d62afc8493aa5e3e27212d0bb84d74f,2018-07-03
cac7e309df39d1f200b8ca086c4ab624,a8a9e48facf3dc7bdd3bb6d63c4efa54,delivered,2017-05-21 13:51:37,2017-05-21 14:05:16,2017-05-25 16:09:30,2017-06-03 08:32:36,2017-06-12,433859f050123271b261cbdf54c6c1b1,2017-05-21
d08c7396fb82ad39db681f6692a7e112,6dc42edfeaaea7b6dd6bb759d731d1f4,delivered,2018-07-02 09:59:59,2018-07-02 14:50:35,2018-07-03 11:11:00,2018-07-12 00:44:30,2018-07-25,6df2b94999796c74e0702053f798341b,2018-07-02
a6ec65788794fad0fbd2e2839c73fff3,7bea077aae57157afa56bacc3852f1f7,delivered,2018-08-18 11:46:20,2018-08-18 12:10:30,2018-08-21 12:36:00,2018-08-27 22:18:31,2018-09-10,d38d6803824069cf70489ba677684259,2018-08-18
a8858a23008217d160630ef24a83f155,9ed458b6c128228cc98433539b2027b2,delivered,2017-05-14 10:01:03,2017-05-14 10:15:17,2017-05-15 10:08:27,2017-05-17 10:12:40,2017-06-19,15132b853d5eea515cf6aa26b46e5ad9,2017-05-14
d0deccc9a14a13ecbca790453d394bf6,5c4a2cb7cf6f6dba62e24f7405c61425,delivered,2017-03-20 14:27:40,2017-03-20 14:27:40,2017-03-21 09:04:28,2017-03-30 18:15:27,2017-04-25,7c5425861ed5c40b645966a31c605e18,2017-03-20
a902114dd9904d0720db65f860a98d7d,6266ee311ee0d42dfaa7963d78342a4f,delivered,2018-07-19 14:17:07,2018-07-19 14:30:17,2018-07-20 14:04:00,2018-07-23 20:44:49,2018-08-08,64fb9d79b8ba2a50a9617b682054c912,2018-07-19
91c96626f9e13b1b71a1f3e7ed52dd7a,45442979a333bc62efccd8a2481481fe,delivered,2016-10-08 21:04:27,2016-10-09 02:33:03,2016-10-13 02:33:03,2016-10-26 14:33:48,2016-12-14,78712b57b1b1c000eec8434d73a7e37e,2016-10-08
f55a684badae11bd4d494dd474d82130,3c984113b6e566d2dd37ded86c65eb0a,delivered,2017-09-06 10:21:17,2017-09-06 10:38:11,2017-09-08 19:51:33,2017-09-14 14:10:32,2017-09-26,16ae388d8c36c71739021268d3578191,2017-09-06
7c07f56b7d198e14ff2e6a757644d55c,ee597fcbef53286684e7012332b44a10,delivered,2017-05-15 14:32:31,2017-05-16 03:15:28,2017-05-18 16:23:13,2017-06-06 12:07:06,2017-06-19,81e6e5557bba146f0887b3b47b8d3347,2017-05-15
d0c4a5b064e0ec72eca6b1c01ade0181,e5451dc58f17a2109be360902da779ca,delivered,2018-06-24 18:51:01,2018-06-24 19:20:07,2018-06-25 11:48:00,2018-06-26 17:33:40,2018-07-05,149aa8791868ad47407ebcbb99da5bac,2018-06-24
f51c9940410ef77422e4efbca407c161,ceeaae7ee13b40a086d0140281bef2ac,delivered,2018-08-16 11:05:14,2018-08-17 03:30:17,2018-08-17 13:40:00,2018-08-27 13:26:40,2018-09-05,d9f2c7c53b2b8071bc518513a8c7a735,2018-08-16
f4eda4d97fa21f60b8c95b433085d2f4,5c7a7303e8349978d086f3e5f349fe34,delivered,2017-11-23 05:13:03,2017-11-24 03:11:58,2017-11-27 19:30:00,2017-12-20 18:14:26,2017-12-28,46f35988b9b224ddd3a90349052552e9,2017-11-23
6c37e2e64af539d44ec739bed4ff2b74,e308d751c2741e14cf3872387c71ccf1,delivered,2018-04-16 21:11:47,2018-04-16 22:10:17,2018-04-18 22:34:34,2018-05-03 21:58:01,2018-05-14,94433e52e7cb4d2755e1ce5954f4ecf2,2018-04-16
4a80d02a2e717959a7a3c7c8aafd6c72,0894c4cd09f3242122ce353289132c7e,delivered,2018-03-01 11:01:07,2018-03-01 12:10:22,2018-03-02 12:08:24,2018-03-10 00:52:20,2018-04-04,9b2a6a603728d5b0b4f702c92f8e6255,2018-03-01
1055cb7f0f2cfc6ec8a445b1034c2546,9ea2023c5e8e3878a3674d6b761d3fc5,delivered,2018-07-22 11:12:52,2018-07-23 14:31:11,2018-07-24 15:56:00,2018-08-01 21:18:42,2018-08-17,c76f5e187da8e2f9f091c105b25c6b58,2018-07-22
f9f91e01e98440ee1e84dbcfad27fdbd,b85e5fff3dc72b68afe4d7791b495a62,delivered,2018-05-16 19:36:10,2018-05-16 19:54:42,2018-05-17 12:12:00,2018-05-23 00:12:14,2018-06-08,5c27983bc11adec1ea63921693b257bd,2018-05-16
512f4f80b07d98a492f7e38f1736e1c0,350010e736cdc59d9b04c4835b38ee79,delivered,2017-05-25 21:48:06,2017-05-25 22:02:40,2017-05-26 11:57:38,2017-05-29 07:53:59,2017-06-07,d3108956b7d3e29b613600338ad7b8dc,2017-05-25
350885c9ea4a1a48519246d7ea5518ea,ccc2d30d745db65793fa46ecb62b8181,delivered,2018-04-30 17:14:55,2018-05-01 02:38:56,2018-05-02 19:01:00,2018-05-03 22:54:44,2018-05-09,172a2574a83be605961555ac3726762a,2018-04-30
d99c77f6eb93e9cdfca26e997f54530e,d03195784405b22ba42a0d473ce01c26,delivered,2018-04-19 19:37:07,2018-04-19 19:51:01,2018-04-20 22:38:45,2018-04-27 13:34:30,2018-05-21,b18bd9a7d20fe6c7bfb2594647c61495,2018-04-19
7e428638464d2ac1a885d50644f3d831,7ff90fe4b83711f0889f0967d50d1d4a,delivered,2017-05-21 22:00:38,2017-05-23 04:22:34,2017-05-24 15:33:31,2017-06-01 11:13:32,2017-06-13,cca9fea56e655535b663741d14fd4293,2017-05-21
0ae3c4bb3c5a368054435dc7325c5696,838bda281157e748923fa701e5b1d8d3,delivered,2017-09-26 12:48:15,2017-09-26 13:04:21,2017-09-27 18:29:43,2017-10-06 13:24:00,2017-10-18,c92a13dc41f9796efefa7aa35cd22d24,2017-09-26
c11493212dbcecf2a5b3645d0e3d1052,2f962a6adc1b7d674a0accf89b43ef35,delivered,2017-06-23 00:12:11,2017-06-27 04:10:17,2017-06-27 14:36:23,2017-07-04 10:03:30,2017-07-14,6dc3d0d9d9fffcad75d296b39a1bf195,2017-06-23
ed11bdc16e2933132c57eb7c0cb4d7d5,969d28cddf017728e3c7319fc2b16288,delivered,2018-06-29 10:35:54,2018-06-30 02:35:13,2018-07-02 12:33:00,2018-07-06 16:32:39,2018-07-23,5c60f53902d61ed0589ff10757649a3d,2018-06-29
f10282aa55ff8cf002a73620cd23e573,c92d229c20d50e665239023196185345,delivered,2018-01-03 16:33:03,2018-01-03 16:46:46,2018-01-04 12:34:04,2018-01-10 23:12:37,2018-02-01,190ea61dbaa0b65eb0828a3f7d6a520e,2018-01-03
08b450b388221bfe5472ed23887a7564,48484f48de7aa7c06c79b32d8a232793,delivered,2017-11-01 01:48:36,2017-11-01 02:06:10,2017-11-01 19:22:11,2017-11-07 16:32:13,2017-11-23,25e840a7c51ad06c616051ef05610c86,2017-11-01
0d9d925e207cc6cdb378f3bd246c58b7,a2410764817b7c222e03169f7c531b08,delivered,2018-01-16 01:20:20,2018-01-16 01:33:02,2018-01-16 18:28:02,2018-01-17 20:39:07,2018-01-31,c6c076a5c8609c71c967db4185af1ad7,2018-01-16
9a6a34598fd19ef622af85e158815dc6,4eac4449b2468a68990e3dc446e11fa5,delivered,2018-04-07 21:07:40,2018-04-07 21:28:16,2018-04-09 22:36:29,2018-04-19 23:22:02,2018-04-25,a8ad13fa7178c409cd357655d119134a,2018-04-07
30686c06dbe287c1eed625281774a98c,c3251ec75a8e93d57da0991cf55aa763,delivered,2017-11-29 18:10:05,2017-11-29 18:37:26,2017-11-30 18:41:59,2017-12-19 11:06:11,2018-01-05,3b4a4d8c04fb333db68a4eb0871e22a3,2017-11-29
2feeb978d52b202f87c0237fd2564f19,a4753a09e2dd635834e03369a218a718,delivered,2017-02-23 10:38:19,2017-02-23 11:33:53,2017-02-24 07:33:51,2017-03-08 13:05:24,2017-03-24,b4324bf24671bd5c4ebfcd2a8c639e86,2017-02-23
f4f61b16e0eed6fa5b839b42a4b2b2d3,030ba01b106f8389716d742c08254b99,delivered,2017-02-25 01:52:18,2017-02-25 02:05:12,2017-03-01 14:06:33,2017-03-07 08:21:58,2017-03-22,f2c6d591dccc85b23fb70d7ad2886459,2017-02-25
27ac4b49ad26b510e55da059e19b57a1,1fda81133d4f067f76cc57be36cbf693,delivered,2017-07-18 17:05:16,2017-07-18 17:15:15,2017-07-20 15:27:40,2017-07-26 09:06:45,2017-08-10,319735848583373563cb47f6f112b6c5,2017-07-18
ef4c9493836f7e9cfb813f3669166a7b,de36e4c77c4bea52cf99c1548689daa3,delivered,2018-01-10 18:55:42,2018-01-10 19:08:33,2018-01-12 22:14:18,2018-01-27 17:26:26,2018-02-02,ee7a1693e05700ffe99b628ea019a561,2018-01-10
fcb32634415b2501e381ee45da31708d,d5bde2a4746309bec5b5f3fb99c8985f,delivered,2018-02-27 18:40:34,2018-02-27 18:50:33,2018-02-28 21:37:00,2018-03-09 21:32:50,2018-04-09,29b6dfd8e8b0031332b1837d61440299,2018-02-27
6b7dd00f2893ddcaab6288375f3fbfd5,deb24660a108884bfd9475922bf7c204,delivered,2017-11-24 14:26:15,2017-11-24 16:33:44,2017-11-27 20:09:28,2017-12-08 00:26:57,2017-12-21,41a1ced0783c5e44bb9c409b1d6b2bde,2017-11-24
a16607f4220f0e60ab4c71b915dd380c,b85e4515c4b887303ecaabaf209afe88,delivered,2018-08-02 22:50:14,2018-08-02 23:05:14,2018-08-14 05:04:00,2018-08-27 23:48:48,2018-08-23,ed2aefc9429d94cbdb95134933ff9894,2018-08-02
3bae20c7f7ad4cf125d51f381c55f8e5,4c2d679c35f8dc6620ccf96fde654f5e,delivered,2018-02-25 13:06:16,2018-02-27 03:31:02,2018-03-09 22:05:48,2018-03-30 01:02:21,2018-03-27,a5c93e7b12545f61cbf92efa2d77f1f3,2018-02-25
b0020f0c929a2ad38d93d733ad077ef7,68520ca38fc52a230773358e6589be2d,delivered,2018-01-23 18:18:10,2018-01-23 18:38:36,2018-02-02 18:48:55,2018-02-15 18:42:29,2018-02-16,f81ab82ac2addbd9248656710564e842,2018-01-23
e3956b68479689ff22eaf1f931ddaa29,79cfcbd00dfce1c4e9208032ab7aab15,delivered,2018-04-12 00:10:10,2018-04-13 02:11:31,2018-04-17 00:12:04,2018-04-18 17:12:59,2018-04-24,acaf5177d6de60fda7ce77c48abb5230,2018-04-12
ba4b840815fdd65c4facf5b75fe22d3d,754306ad221b08afd2d3ee0e1e7c2c38,delivered,2018-02-23 11:40:23,2018-02-23 11:55:49,2018-02-26 21:22:19,2018-03-14 19:38:33,2018-03-20,8c05bba5d80b707e1b58ac0c8f2de40e,2018-02-23
b52d0fe87048b38e93f47e65fcf63fdd,4519aaa4b436db3df81e0cdd1f3afbb0,delivered,2018-04-13 17:44:15,2018-04-13 17:55:11,2018-04-19 04:54:49,2018-04-23 19:51:48,2018-05-02,fe5462d3581d238ff2f78d8f0220a86c,2018-04-13
08796d7a1fa345c5bce8f3f53435e21c,a5770b59e70395832ca615250e66bda8,delivered,2018-08-16 12:17:18,2018-08-17 03:10:10,2018-08-17 14:49:00,2018-08-20 20:03:47,2018-08-22,28dd394066eaba29434fa1ed25d4a459,2018-08-16
88c1da223617b94fe4a238ab01b8a541,1676f6b6f385955ca08fc58604321eeb,delivered,2017-11-23 23:46:16,2017-11-24 00:37:51,2017-11-24 21:03:05,2018-01-04 17:28:30,2017-12-22,98578ba89f623913559177b7e4a10b89,2017-11-23
42c74febe4e2c8abef75d91fc0bfe0af,2c0c51ec6129533e2190459049b4d257,delivered,2018-06-04 17:31:33,2018-06-05 17:31:08,2018-06-06 14:04:00,2018-06-12 16:54:24,2018-07-05,8690c77c3be93f2242215f35a36f842d,2018-06-04
a1910c13f7264ec8e1b32221debcee26,5614a6b8b6919eb54f6feda7377b97cb,delivered,2017-03-26 16:11:09,2017-03-26 16:35:24,2017-03-27 15:48:19,2017-04-05 00:34:48,2017-04-18,fbb8b4e196ec6cae904ac8fd4ad2168d,2017-03-26
7d71b84967ce50629f24530e64ba7938,ac9ae3c7de93573e219a1f10d7e71fca,delivered,2018-05-11 22:22:03,2018-05-12 22:15:20,2018-05-15 15:36:00,2018-05-21 23:52:38,2018-06-06,1f9de30d7f394a1c24403cda4ce319cb,2018-05-11
6c8409ca697ac1cdf422adf792fbf759,f5fd2458603abad7e210f21e31a16cac,delivered,2018-04-28 20:48:45,2018-04-28 21:10:54,2018-04-30 14:06:00,2018-05-03 17:44:38,2018-05-25,33a4230dc6ac256003b762f854cd17e3,2018-04-28
ed440d5c0b75f7384c1d6e7335400780,64b1683525b8d1bdb38fff26d98d1a8d,delivered,2018-05-23 19:58:48,2018-05-23 20:17:09,2018-05-24 08:22:00,2018-06-08 19:38:55,2018-06-26,68a01a970a892626b445cdfad671db62,2018-05-23
8b425b3c35924fe439efd18791c0596f,d1e1bf25434c9bbc86c1f84f4b40ebb8,delivered,2017-04-07 15:02:50,2017-04-07 15:15:21,2017-04-10 10:25:03,2017-04-12 17:44:21,2017-04-28,df6746fd3264e62757e10939c41803b1,2017-04-07
f8812e9ef9494484aad51ddcd52ed382,a3c55d30bd801f65a0462dc4ffed901d,shipped,2018-06-09 20:40:23,2018-06-09 20:59:31,2018-06-11 13:54:00,,2018-06-26,ffe6305176b9431a3eda3cf8904d7eb7,2018-06-09
3fe2752b68871c3a8fa897a947b10309,2a727a14825f79fd0eb41317d5d2e175,delivered,2017-12-26 16:46:59,2017-12-28 02:37:49,2018-01-02 15:08:06,2018-01-10 22:23:36,2018-01-19,06303a4b94918327909ae43fbb5c5456,2017-12-26
07860da7c16265a28de8c2b2e9f4552b,e3d1323beac42a0618db14537566ade0,delivered,2018-05-26 10:54:41,2018-05-26 11:10:40,2018-05-28 10:06:00,2018-06-13 16:38:47,2018-07-05,3ee7b9a1a2a20d76750421979a72355a,2018-05-26
574d6172ae1179b6855da44fa76d9741,edb18897a1ab021e4fcca9128b308c9e,delivered,2018-05-02 00:07:40,2018-05-02 00:34:18,2018-05-02 13:38:00,2018-05-08 21:31:04,2018-05-28,94fda9e078cbaebcaeff99aba5ed804f,2018-05-02
c56e2c015a90b5df2c2564aa5f15be50,84bff9902277d3155c02447484e34dbb,delivered,2018-01-30 16:46:20,2018-01-31 16:51:23,2018-02-05 21:47:54,2018-03-09 00:45:02,2018-03-01,c3916df18d7c45ecc6abda23a7d2b272,2018-01-30
52a36877de4e2af3ed6280b29d6e9ecb,334e83772fe7f91f6103c81d542b06c3,delivered,2018-03-22 15:11:22,2018-03-22 15:35:28,2018-03-23 20:41:31,2018-04-02 16:57:40,2018-04-17,2a92f4fe4b7cab5cff814bd88149cb6d,2018-03-22
b91aa06d6789368cd6ca8bdc293269db,5ffc4063da23635267f98ec4c2d6a9a6,delivered,2018-02-25 11:47:47,2018-02-27 04:30:58,2018-02-27 19:36:00,2018-03-13 16:12:39,2018-03-26,0b3650510a31f711d4665983f042de41,2018-02-25
74962a666c603a2f294a4f3846ae3b40,368c60fb3449c4dfe62b3b23358f8966,delivered,2018-05-16 12:18:43,2018-05-16 12:39:42,2018-05-16 15:47:00,2018-06-05 14:37:46,2018-06-12,efb60ee8379abfd0fbe7526fcfb8275c,2018-05-16
cce13b8231a7002dd50506e8c80f44ac,2078701371ebba3f7078c65e8baf9136,delivered,2018-01-19 12:56:10,2018-01-19 14:34:12,2018-01-22 20:23:06,2018-01-26 23:42:37,2018-02-09,13d81b2a5a59461270fbbe5e92a0c9e1,2018-01-19
b86790b00808be3c919f86fb5313ca08,f071fc29854206b94291632db6687bc3,delivered,2018-02-26 10:53:07,2018-02-26 11:10:16,2018-02-27 21:29:42,2018-04-02 22:42:45,2018-03-21,9ddd2261a136ef55ad424aa29f452aba,2018-02-26
24e0084057806be6a9e72129fa0f16c2,6df187f50b6f213cbbd9cc838352d072,delivered,2018-02-08 13:25:52,2018-02-08 13:48:14,2018-02-09 17:52:09,2018-02-17 15:59:13,2018-03-06,2b63cc1d80098444868b27dab7a303ba,2018-02-08
6f82d9eeede34f94543730ab2db13732,bd51c278b0216610c52631720f4e87cc,delivered,2018-03-30 19:51:29,2018-03-30 20:07:56,2018-04-04 20:09:32,2018-04-25 13:48:39,2018-05-08,e1304a885bbb8eba34cff7b9ddb6279b,2018-03-30
50b3cc3a81862626b3a95451c8928e19,acbd1a3a266aacb3bc900d3ad428666f,delivered,2018-07-11 20:27:24,2018-07-11 20:46:10,2018-07-19 11:43:00,2018-08-28 15:26:49,2018-08-09,849c147acfd21f9d165c93aed9cb035d,2018-07-11
5be9af49f40fc3bbb1c3c8aa5b7d8ee9,2ec5c991e9e555707bbf7a41d70dd5d6,delivered,2018-08-16 09:04:47,2018-08-16 09:15:20,2018-08-16 11:10:00,2018-08-24 20:41:38,2018-08-30,9889052206e07152b73c452b91d7349a,2018-08-16
a3374c409bf808d17d67d18b3e578e68,f43f43ca7b596646c12c4ca7712c40cf,delivered,2018-05-29 23:21:10,2018-05-29 23:35:10,2018-05-30 13:34:00,2018-06-07 17:41:22,2018-07-30,15ce72bd39132d109676e7018ef9a314,2018-05-29
8fc359cc10f3ab99032248ef5f152d4f,1d02449a44daa29a1ba7b66474a10f58,delivered,2018-04-10 14:43:10,2018-04-10 14:55:20,2018-04-11 20:18:25,2018-04-18 18:37:29,2018-04-30,8f2b7a41f6ae6ee1be2883d921d5426b,2018-04-10
11a8040304ddc9e67f7939587e9cf44e,3e8f6274492ec99e946fd2649fab95d8,delivered,2017-11-16 17:21:57,2017-11-18 02:15:23,2017-11-20 14:55:05,2017-12-07 21:56:49,2017-12-13,58a36563e7a9ca36d4ab7278cbd17f26,2017-11-16
ab6d1b0b8360c208b62852f53726f0e6,c2ff01bd4fa72f9487ee397f6c5989d2,delivered,2017-12-20 09:56:35,2017-12-21 02:12:02,2017-12-26 17:17:16,2018-01-03 14:40:38,2018-01-24,1b6c7548a2a1f9037c1fd3ddfed95f33,2017-12-20
1704f72e83ba22cfe2c2bacff1aba981,651fd31e68a2000d42d8d941c62fdaf8,delivered,2018-04-25 19:15:01,2018-04-25 20:50:07,2018-04-30 15:24:00,2018-05-05 16:22:32,2018-05-17,42283f186da2bd3853fff19eff81f57e,2018-04-25
738129d32fe1f1ed56c7078789ebe85a,f15447473f2a1247ec9c2c4441465871,delivered,2017-11-24 08:54:54,2017-11-24 09:12:01,2017-11-28 22:16:59,2017-12-15 21:38:45,2017-12-08,eba8d05a2c2ed3629a2529f2dba8650d,2017-11-24
1de621bc947402bc9becac77521734dd,d672ebb651d916036211ccae06e322fa,delivered,2018-07-23 15:50:35,2018-07-23 16:46:00,2018-07-24 13:43:00,2018-07-31 15:32:35,2018-08-08,35a9ea7253f3bc45a6a3490559d9f6d7,2018-07-23
f699a49449767451582084ff8c362ab1,b4a5c6d78aedd754aa33f66a23c20b36,delivered,2017-10-05 14:43:43,2017-10-05 14:56:18,2017-10-09 11:26:01,2017-10-13 22:10:03,2017-10-31,61e1c72ea53bde1227fdfac87c27694c,2017-10-05
645ce4c96c7469ceddf1e970c2d5ccfa,f4059c700b41dd616aa65a2ef7886f7d,delivered,2017-12-11 20:13:36,2017-12-13 02:50:00,2017-12-13 18:21:51,2017-12-28 19:29:56,2018-01-16,86852d58b8d089a24d8df48f242c66be,2017-12-11
ab29316ca52a6f49c3e55b77c1d6e4bb,265eaebad135d379c092f5a86012533e,delivered,2017-02-06 15:23:54,2017-02-07 03:55:23,2017-02-07 11:26:39,2017-02-14 11:37:40,2017-03-15,bd04dfd5e7783bf1a276cf76516147ca,2017-02-06
3b87bdeebf83a71ad36dff15f95892b9,a0713138dfe8f60c9335a1d2e5d5b504,delivered,2017-12-24 12:55:51,2017-12-24 13:07:38,2018-01-05 17:22:41,2018-01-16 21:53:08,2018-01-22,c76096680d4e26103566f8283aad84ab,2017-12-24
800e1eb8758f73d800f1a4c6fbad186b,8eae9b7ce7fe19155f390b90d7f1f750,delivered,2018-02-26 16:51:46,2018-02-26 17:11:13,2018-03-02 01:21:27,2018-03-13 20:24:21,2018-03-16,c7fff60b671adc83799c3a87c0edc6bb,2018-02-26
d250f8e317f2d2e56ae505561a800dce,dc6c2fa08420a97bcac582d6cf08742d,delivered,2017-11-06 10:42:55,2017-11-07 07:30:28,2017-11-09 23:12:46,2017-11-16 22:33:11,2017-11-24,712c4abfd9b054e7872aad2021a4aee3,2017-11-06
e36361f00e1c093432050d4a52860c8f,d9a14369332805c9204ffce41311e330,delivered,2017-10-01 09:09:22,2017-10-01 09:24:37,2017-10-06 21:12:48,2017-10-16 18:46:42,2017-10-27,a3446c44d04e3de440b235e4b632cc57,2017-10-01
1eea1a20e6a12130a19a5299597af94a,00b14856ef33f09ac83df50620ce60b1,delivered,2017-09-20 01:01:00,2017-09-20 01:15:08,2017-09-20 18:41:34,2017-09-23 17:47:30,2017-10-02,d5a1c9ee66337a40a8b95be64166da60,2017-09-20
9af0eca03dbb9e88a22037a282c3b7d4,c1a4fc58c4f59c4607372b85f3b968a9,delivered,2018-01-25 20:34:43,2018-01-25 21:28:12,2018-01-26 22:09:22,2018-01-30 15:08:46,2018-02-21,2871cf5f4b9d59241886414079bcae7d,2018-01-25
a4277113bcf10ed364a0182042fc8155,fd18e47a1f202967357c8d65c4b4a2ce,delivered,2018-05-05 16:59:04,2018-05-05 17:10:23,2018-05-10 11:17:00,2018-05-14 18:03:24,2018-05-30,40278d2c324f238620cfa88e741bde1e,2018-05-05
ec83ca33654b7762ca475188a2152211,9b62dcdf7d09676e6155d051c2fa0121,delivered,2018-01-31 18:59:31,2018-01-31 19:11:18,2018-02-01 23:59:36,2018-02-20 17:07:45,2018-02-22,6cb4d7965bc47c9c8d42145db31df588,2018-01-31
665f584a60984d1eeb1a0ac9c18585c9,21fbc9ed5116c69ccb4ee2c301b9d518,delivered,2018-06-07 13:02:13,2018-06-09 02:57:18,2018-06-09 09:28:00,2018-06-15 19:48:46,2018-07-11,ff802963571cd354319395be9470a6ff,2018-06-07
287a3634b689a3b876e3993e081bcc6b,52189b813273fcf0a80a10465a09c7d7,delivered,2017-12-23 12:45:52,2017-12-23 12:54:35,2018-01-15 15:29:11,2018-01-23 16:28:14,2018-01-19,11115c24313f08dc2eb97be505d036a7,2017-12-23
42a356367b6ad82cb9655b48a378579e,9fa4d146ce24e8a1fe04853edbc6953c,delivered,2017-07-10 11:57:51,2017-07-10 12:10:17,2017-07-11 19:07:35,2017-07-26 03:23:33,2017-08-01,eea1bc40bab09913676c6fa835116fe8,2017-07-10
90168dcfab7b04546b03342f246250e0,f6c75448c88917ea2a0d3ad1c5b478ae,delivered,2017-07-21 06:05:09,2017-07-21 06:15:08,2017-07-21 17:45:47,2017-07-25 14:43:45,2017-08-03,8bbf7b62bf80c76533c88fc2e5b2481e,2017-07-21
2e2df9453ec3bb97026c38881ecf83c4,1379a4317cf069d7e8bbb40a7330d02d,delivered,2017-04-28 14:32:30,2017-04-28 14:45:16,2017-05-04 13:49:50,2017-05-15 10:06:11,2017-06-01,e0d4d43bdde0d6a37b3496871e903096,2017-04-28
382fe4c08d9dc3aec94cd1aeca20b992,625ebee3bb8680d39f443c840f5afdaf,delivered,2017-11-27 22:00:40,2017-11-29 02:16:50,2017-12-05 20:59:06,2017-12-13 19:42:55,2017-12-11,4935bb1bb7c09b682d4c224503e37861,2017-11-27
79600d8903faf815002622ab515263c4,b4e75503e84a8d6d68d2ca27d627f085,delivered,2017-10-25 15:45:05,2017-10-25 15:56:44,2017-10-27 21:29:36,2017-10-30 13:37:47,2017-11-07,c9a96a438d1a1bc273193daa8d9a74a9,2017-10-25
0f245604c8cd12f87ac80e1e3ca4d306,acaebae4502720164ce62776c44a93cf,delivered,2017-12-14 00:05:15,2017-12-14 00:13:27,2017-12-15 14:57:43,2017-12-19 18:33:10,2018-01-10,7b725b3a7cf17f9186a27b60ba18ffc9,2017-12-14
c0ed1e5690afee470f14fca47046cffe,8760984f53eafccf312ae7b0feb57400,delivered,2017-05-22 12:45:35,2017-05-22 13:10:30,2017-05-24 10:33:44,2017-05-31 13:29:48,2017-06-16,53cf36f383a2f36273af201486eb608d,2017-05-22
f5354051d307a0a1205617cd0f0c1211,bab929f63a0e012fc8c24cb0341b93e3,delivered,2018-04-03 13:03:06,2018-04-04 03:15:46,2018-04-04 22:06:43,2018-04-26 21:08:34,2018-04-24,7873fbec04e285d990a255ee32892a99,2018-04-03
ae0fffa23dda62380795c427a8f734e8,f00ada1f8340fee461d7d4ddd48361e6,delivered,2018-05-17 16:54:50,2018-05-18 00:54:51,2018-05-18 19:00:00,2018-05-22 11:43:32,2018-06-04,68c645bafc6a9b469977d8671423dffb,2018-05-17
15f8a954a337218a8196bae2dc3d801d,425b36d279cf6dbb60f27e5dfc83d68d,delivered,2017-05-31 20:11:18,2017-06-01 20:23:10,2017-06-02 15:49:56,2017-06-03 10:57:51,2017-06-23,bd95758ee0f87233a8fdc79bd8b00ad4,2017-05-31
76103be5bcccf8ca4360b4ae36af30e8,5872806a5616a6f8c60d50f4f692f7f6,delivered,2017-10-31 13:24:40,2017-11-01 03:26:15,2017-11-01 18:44:34,2017-11-06 14:11:51,2017-11-14,094d2c52b8b1b4b0dbb62573becfbb2f,2017-10-31
a631b4515c67c5d6bb0555df14875938,34d3f67c077f717c79ed2894dc39fdc4,delivered,2018-07-06 18:49:36,2018-07-06 19:11:12,2018-07-09 12:47:00,2018-07-12 12:21:03,2018-08-03,b4933ca0dd9741d838f3816f9b42edb6,2018-07-06
b719566c82ba52d70bc1312f2cd80fdc,d8463c9f93a5e29bc0b0acf26ef1c16b,delivered,2017-06-05 19:51:07,2017-06-05 20:02:01,2017-06-07 13:41:40,2017-06-13 11:18:18,2017-06-30,0c70b7639f2c843594990b784c173cf5,2017-06-05
567818fc7d9f84b0f5eac47aef90658e,f2a3aa652e2951d22062c8a5e200ec05,delivered,2017-11-25 14:29:06,2017-11-25 14:36:27,2017-11-27 22:44:41,2017-12-26 18:42:20,2017-12-22,ddd6dd5bce5afa714a88329c5091adc0,2017-11-25
94b4af903ad83ece478fc0ae73a4c893,b8f2c8f6b0844b257350dc9aa1e823bd,delivered,2018-01-21 13:53:27,2018-01-22 13:50:36,2018-01-24 23:06:32,2018-03-02 00:48:50,2018-03-13,38bd6c46eb4916c89855d2dd5387f0df,2018-01-21
5414b0e876b7427a7ba97bfe78473b45,6aeae13dbea2ffe2c2633c8c8a62d9a6,delivered,2018-06-12 13:28:00,2018-06-12 14:05:00,2018-06-13 14:32:00,2018-06-20 12:21:24,2018-07-17,45aa78ff80a8483599e0c80fca170995,2018-06-12
1860bb27ce7233f70443a1abacfca7a4,2122031cd11c82d905572a7958c2a117,delivered,2017-10-25 23:24:01,2017-10-27 02:55:17,2017-11-01 19:03:01,2017-11-10 21:25:52,2017-11-17,4a362420541051d3d4055a777681ccbe,2017-10-25
1445ddbb9a2054e295d0ae5b14b1cade,7bd425c3c361c9e83b81f32dcd2f34eb,delivered,2018-03-18 17:12:55,2018-03-18 17:28:28,2018-03-19 19:56:28,2018-04-21 15:56:43,2018-04-26,e6f18fab493c0bdc553eafd9b66cb5f2,2018-03-18
8179e1a142b156c4c24a824d0bf0af86,56d120375c35c6fffc447e47de0a8446,delivered,2017-02-02 00:09:40,2017-02-02 00:31:55,2017-02-06 10:05:35,2017-02-08 10:05:10,2017-02-27,73b4178734f7cfe134a160227a4f1a07,2017-02-02
2b99bf6a37b3b643b24ca08289526f96,9756f047557b34c039fa402a19c13975,delivered,2017-07-09 19:47:33,2017-07-09 20:03:17,2017-07-10 18:47:55,2017-07-14 13:16:59,2017-07-28,3dc5a2b71fe656bd7e11074cfdcb5469,2017-07-09
d9009d1d046dfcfcdc8deb608482e570,7e1936a6225e2de4e07205ba49dc7de7,delivered,2017-12-31 19:10:00,2018-01-03 04:35:38,2018-01-05 20:28:43,2018-01-09 13:23:20,2018-01-18,e73f3c416d8fab94c8cdbcd96ccd8f2b,2017-12-31
895764a4b54b7193c02aa784fabbcaeb,2a765049d9cac17ae2fe993bf573016a,delivered,2018-02-10 13:23:35,2018-02-16 08:07:08,2018-02-21 12:56:58,2018-02-22 14:28:42,2018-03-01,1ef771a737cd7ccbbb5407906939629e,2018-02-10
b5164c0cb0beb5a1936bc30fe510c0f0,e032c499a68a3985c1948ce28160a551,delivered,2017-10-10 20:15:22,2017-10-11 03:26:36,2017-10-17 18:39:06,2017-10-19 00:13:07,2017-10-30,75a2614e11d3d149c144388d6c58e3c5,2017-10-10
7983542b1539fd0eb5c18d062ee04e34,708944782215b950642ef74c5843bb98,delivered,2017-03-08 10:56:06,2017-03-08 11:10:16,2017-03-10 12:04:54,2017-03-20 12:42:42,2017-04-04,4943a66958fb2f2d22f9173a3844f21b,2017-03-08
204afbf2adcafc867358369a658ea7aa,876d6b3d97349e7c61c8d30a28a94c03,delivered,2017-02-01 20:22:04,2017-02-01 20:35:13,2017-02-02 11:41:27,2017-03-01 05:46:00,2017-02-24,c70b81d4b865dc92060a1794bd9479e8,2017-02-01
2cba7b5e0e9007f221ab7acf2ca260e3,65eaeca6715cc2110a236f3881434876,delivered,2018-08-14 12:16:41,2018-08-15 22:44:00,2018-08-22 14:15:00,2018-08-30 14:32:40,2018-09-05,d581949d9873aa0cccc067932837ec2a,2018-08-14
e785d10e3015fc46666c06b2e0f057dd,7fe584f189706f82214db7f22d01ea31,delivered,2017-02-25 18:56:50,2017-02-25 19:05:18,2017-03-03 08:07:52,2017-03-08 05:08:15,2017-03-20,2d4bfb886158eba380575a4c92a7a01d,2017-02-25
b81b98eba30206623e22468d00e1b5e0,88b11ee803a205f49a15ba7ed9be5577,delivered,2017-12-08 10:05:36,2017-12-08 10:14:03,2017-12-08 17:47:10,2018-01-05 22:36:06,2018-01-09,f0d253d59d4bb766695cf51bc263e2c5,2017-12-08
76c675dc22e413baabf77157c12c5efe,3b0df9e78918d3dfcfd312ce0bccf312,delivered,2018-03-22 09:29:21,2018-03-22 09:49:09,2018-03-26 22:34:34,2018-03-29 19:08:53,2018-04-10,204d69d0bd4871eef08a4bfe6831a518,2018-03-22
917768e19e9569bfff9fd9d8be93b11f,18aa3c47321254d8492205fc16b4f60b,delivered,2017-12-07 14:19:33,2017-12-08 02:37:28,2017-12-12 17:57:15,2017-12-14 21:52:30,2017-12-26,4ffb224e7adc187ff18fc6b5dd1b06a9,2017-12-07
b5d8e4c3414692eee1f0a38254252823,fe32fbe2587ca3932ffc339e279938b8,delivered,2018-08-18 19:17:25,2018-08-18 19:30:13,2018-08-20 14:52:00,2018-08-23 21:04:42,2018-09-17,7dcf330aed7f8066a6dfe18dd1597bfd,2018-08-18
1de72b7f86891e58c71aa7d7f1761c6e,623a307787749b0101cfcc891023119f,delivered,2018-04-11 22:50:41,2018-04-13 02:11:02,2018-04-13 17:39:45,2018-04-24 22:39:42,2018-05-07,4fd7d0d9e5e8464850e742450f79ac36,2018-04-11
40b84381ff8cf557a3be3ad7b29421a9,8852f0c816da33fcb67540bb825df1f8,delivered,2017-10-17 16:54:34,2017-10-18 06:34:19,2017-10-18 18:46:33,2017-11-01 18:57:37,2017-10-27,8beeaae4c263b8204ffd28a6e57bcec0,2017-10-17
e116eac042ce23ba779ba603da515b4f,3c17793e9482dd4a54bdb683410dce5b,delivered,2018-06-19 18:08:18,2018-06-19 18:39:12,2018-06-22 13:19:00,2018-06-28 19:55:50,2018-07-23,5ecf1103efb8bb28932ab316a4b5c23f,2018-06-19
59ca2ef4d5025945db26ac0c64c718c4,70ac0f48b55ef3267582b84999affcf2,delivered,2018-06-27 09:29:16,2018-06-27 11:05:53,2018-06-28 11:40:00,2018-07-03 17:12:54,2018-07-19,a1cb68bb870a9aac713f7dd01bf4b8a5,2018-06-27
57a82f32fdb1ce036662861d8dbb6a6b,58583807f8901eeed0810e81d58428fa,canceled,2017-11-20 21:36:39,2017-11-20 21:47:03,,,2017-12-01,63fcbecaac621e776121f5ba274f650e,2017-11-20
e0bf284ffb712aa8780b96e701b6ff6d,20ce0356347a051b0c6dc9bde6edaec3,delivered,2017-03-23 14:22:04,2017-03-23 14:30:22,2017-03-24 14:34:36,2017-03-30 12:57:34,2017-04-28,14be0e9577ae6ba48a1f5531a65b3e50,2017-03-23
ab4fc7cc026a9ea1a616584f9cfe4b9a,963544f76b9088090629e464c5947091,delivered,2017-10-08 20:32:53,2017-10-08 20:45:21,2017-10-10 17:10:20,2017-10-17 14:36:03,2017-11-03,61cf19a687943645bc49aa9c03927d93,2017-10-08
ef024a488b15cc5163a3385a3f94ebe7,419a334020201f43279b54476743c7b0,delivered,2017-10-24 23:22:46,2017-10-24 23:35:26,2017-10-30 21:18:49,2017-11-07 19:41:47,2017-11-17,c0d352a38fc277c8307f207052def66b,2017-10-24
03c1d25d82f404ea1fdfae8eb0b4c314,18bf077cc226f63f9556ee53ecf916fc,delivered,2018-01-22 10:28:04,2018-01-22 14:16:17,2018-01-26 00:22:27,2018-02-01 21:48:25,2018-02-19,88f4f2cc2cc3f7c3e8cd20d5e592424a,2018-01-22
db851b28d3dbaa9b1b467dad083ff8fd,9c23b7d709b58ec30527be9dfe96e023,delivered,2017-10-22 15:15:11,2017-10-22 15:28:14,2017-10-24 12:17:43,2017-10-31 19:35:00,2017-11-16,1639e6ada2baa26e2d51c0acdafb7fbb,2017-10-22
d5ba80d74b52c335ae36398d6159e6ee,df0f79495c6708eb945df0f91d5eada1,delivered,2017-08-15 23:23:16,2017-08-16 23:55:09,2017-08-17 19:09:43,2017-08-21 18:43:09,2017-09-14,4c5ae17e8984ca0916543b159eac0f2c,2017-08-15
596288a27579ad1fec1d704efe7d9ab7,8e9e28f565a0e470a97fd879909388fe,canceled,2017-08-30 18:48:01,,,,2017-09-12,d9456ef6d4231fb2637e490212b3e32f,2017-08-30
e9223fe7529db1d11fac85d4140bb536,aca362e0744d36fb0975539a8b8aab37,delivered,2017-10-16 13:40:00,2017-10-16 13:56:22,2017-10-17 14:07:30,2017-10-18 19:56:31,2017-10-26,c8f25042cc8c47c3dee2541f1ca92b93,2017-10-16
315098e810ac2e1d1f22bf3db2a143e3,d066bb1d9c73f09ddf40e60deca1b926,delivered,2018-01-22 18:20:32,2018-01-22 18:34:01,2018-01-23 16:47:05,2018-01-29 11:58:55,2018-02-15,241ff21628fa8292d19e0a234a244840,2018-01-22
2b60eebc028bc36dca9f731556d1581f,3781d7c24d2229264855dfb1f859cf81,delivered,2018-04-03 17:59:49,2018-04-03 18:10:21,2018-04-04 19:36:34,2018-04-12 22:22:46,2018-04-24,c64d55d7bbbddca08ef95b818ff81a66,2018-04-03
3a9e44b449e2ec9986a329724bc824eb,8e46c55f2293dfb57e5e70080db74fe9,delivered,2017-11-25 16:03:03,2017-11-25 16:14:24,2017-11-29 23:06:17,2018-01-17 21:32:47,2018-01-12,88be01ad5852aae1b5d5231e2f415475,2017-11-25
a1eca0e86d2739a6adeb18015e4bc249,1b4f637f430b70b284f6c1c098214007,delivered,2017-11-09 20:40:43,2017-11-09 20:56:01,2017-11-14 16:39:17,2017-11-27 22:10:21,2017-12-07,7ffd3ec421fcd2dc32155841e6700d93,2017-11-09
bdbc09409e30b5ab9defc74def1e58d3,a935ffdd253b64c93207ca2419e6f95f,delivered,2017-05-06 20:57:08,2017-05-06 21:10:09,2017-05-09 09:11:28,2017-06-06 08:04:52,2017-06-02,d590ddf189371b577fc2f8d1d57dd3c0,2017-05-06
f88829307eec85099ddcd3c06c6f5763,de79877745fff8a64a1007de3241a237,delivered,2017-12-02 10:06:05,2017-12-02 10:18:36,2017-12-14 16:11:40,2017-12-20 23:43:23,2018-01-05,086b4f80fd642c19b45ecd7af515cda0,2017-12-02
c90fb992daf8f63f00c1f7819f0897ab,2c9a17c67c0122acf9d9ebe026d5c463,delivered,2018-02-19 09:38:41,2018-02-20 07:26:59,2018-02-21 16:13:41,2018-03-06 01:59:02,2018-03-15,5ded95287320167a3c438f46969cdf9b,2018-02-19
944f138622bd3f426cb3c1588035ce87,c925aa23b9b1aefbe9df7f7deaae7715,delivered,2018-05-24 19:50:48,2018-05-24 20:14:54,2018-05-25 14:00:00,2018-06-02 15:12:41,2018-06-18,526528f22bef3753cfedc3d8916fa8b4,2018-05-24
dbe7275504c44f616bb3af98bcf94819,d134d35910e60d5cbef24fdb02ae1234,delivered,2018-02-22 10:01:04,2018-02-23 02:10:56,2018-02-23 22:38:12,2018-03-16 20:47:20,2018-03-14,0e91565be957ddeffab5c6f343e9a5d8,2018-02-22
dd25c0d770dfe6c63eeb2949b311267d,ba42ca46af3bb6e79e02b0f3d6db6ca5,delivered,2018-05-07 16:19:44,2018-05-07 17:56:22,2018-05-08 15:22:00,2018-05-09 19:25:38,2018-05-18,e1db3cc0cfe678731c2a8da8495f1b6e,2018-05-07
98b59311f54a330a4abb1037b2a1449e,a68c9c1280d2f3b3ba772e0efe9d1468,delivered,2017-05-03 16:47:54,2017-05-03 17:02:31,2017-05-09 15:58:09,2017-05-20 11:48:05,2017-05-26,9572e8f88b92ef679b8103c7fb8f0e11,2017-05-03
55ff9b1565b988a5125bc8f70a9df367,6ec31a741d153ca932c74542977087b0,delivered,2017-10-20 13:10:04,2017-10-20 13:28:06,2017-10-23 18:57:10,2017-10-24 22:04:32,2017-11-07,e7548fd18e38dbb56a7e6ff1b303d0c6,2017-10-20
4f472a900e0778e5612c2320b5c0eefd,5553c68b594f5e4c3ccb4b21be5805e2,delivered,2017-08-16 02:00:10,2017-08-16 02:45:13,2017-08-16 17:36:59,2017-08-18 15:34:01,2017-09-06,b7d4cab5dd11b238da97b01eaf657293,2017-08-16
8bfa83be33530ae82398716e67a2943f,6452d9268964d65bab708657e21be42a,delivered,2018-04-20 15:41:54,2018-04-24 18:44:54,2018-04-23 18:00:19,2018-05-08 13:08:24,2018-05-21,44376d16576752e512a9426eff26c1ed,2018-04-20
2fd1c83dd4714cf3cf796fffb6c8de62,7f51c513004ef3f35e834c142f286778,unavailable,2016-10-05 17:21:29,2016-10-06 15:55:40,,,2016-11-29,30fceee7cb0dbe6926f2b1128f2b3648,2016-10-05
7283af6d0a493a44ede5ffbdd7b32c23,33b409e1d29ed99902a14c1b1f0313e0,delivered,2017-10-27 14:24:24,2017-10-28 03:07:16,2017-11-09 20:35:27,2017-11-14 22:11:59,2017-11-21,3dcdc903deadae214585b1d3596534a6,2017-10-27
028d62c0fdae574114981f4fb33b5538,c6908fb668454ce4294172398b33d5ec,delivered,2018-02-27 14:19:11,2018-02-27 14:35:34,2018-02-28 19:09:22,2018-03-28 20:26:58,2018-03-27,f25dbe47dcd3f1cd4f1bf546e0985e43,2018-02-27
d899e9de06c12640420a628524e4c092,122ebc312342fd97b92fca93ee20ac06,delivered,2017-03-29 22:02:57,2017-03-31 10:25:22,2017-04-03 14:47:45,2017-04-11 15:32:58,2017-04-25,fcb030a53d324f1642eeed9a05c75d7d,2017-03-29
f9b709a84c50f277996aa9f181738b73,d222eed68fae6795559f128effd81682,delivered,2018-06-20 11:44:11,2018-06-21 11:58:50,2018-06-21 14:41:00,2018-07-14 18:23:44,2018-07-24,51e12be240f7064232b983c4218f67f3,2018-06-20
31fbde650320b9ce55813e075a78aee2,6bebac2b80effd654b22673ae0b91570,delivered,2018-03-01 15:24:52,2018-03-01 16:31:17,2018-03-02 15:47:31,2018-03-08 20:46:28,2018-03-21,b6a7c665df1cc2a41a26003225ff8d23,2018-03-01
258b933113e8f7411e255b6fbbf16dc2,050a44e2a689099514443c37f6b36c6f,delivered,2017-06-16 20:09:54,2017-06-16 20:22:57,2017-06-20 09:21:15,2017-06-27 16:11:35,2017-07-10,214742e7862ed2c70b22d62a8e68ad56,2017-06-16
b0562fe8f5e606d4effaea1c3acc8fc9,39c7cefe1084962c1eee5d5697761e5c,delivered,2018-04-03 16:31:37,2018-04-04 03:29:38,2018-04-04 21:49:33,2018-04-06 21:07:29,2018-04-13,6d7f7f7666f02accb0089490ca3ca0ee,2018-04-03
3a096d99346df2d6c043165967ff011d,0e8332eff7b8fa0210bf0350bd2fd5d3,delivered,2018-06-12 16:59:53,2018-06-12 18:08:09,2018-06-13 10:16:00,2018-06-20 11:18:37,2018-07-18,34b6da1369177d2df961695e0116c6a3,2018-06-12
b05c947b44026d14b7e7db05402d206a,5fae88aaa1d609913d1af660f27ae198,delivered,2017-11-08 19:30:06,2017-11-08 19:47:12,2017-11-10 21:34:45,2017-11-20 18:08:09,2017-11-29,1820476fff8ba8ba159411cf19839394,2017-11-08
426d4272fc71353cab0d91dc2658b066,5e4d3c08b1646a6f65b25bc68c619665,delivered,2017-08-06 18:41:27,2017-08-08 04:04:49,2017-08-09 17:29:35,2017-08-15 18:57:54,2017-08-25,2a8c84de69acd6415a2b8deabafc4f54,2017-08-06
86c81a5199aa303d0b44657a790f73bd,6d8c42467d463b248805d8ac8916c056,delivered,2017-11-28 18:13:19,2017-11-28 18:32:32,2017-11-29 15:32:22,2017-12-20 18:39:00,2017-12-19,49775316f12383c6fd30504f0922b7aa,2017-11-28
d09a3206dedbbbf1b638fce8d0a27e85,7258ca5bfac037820d558f55911fef1a,delivered,2017-06-14 09:44:17,2017-06-15 03:10:33,2017-06-16 14:53:02,2017-07-03 07:05:38,2017-07-17,d6192c4071e1808d3966ddd2dec5f601,2017-06-14
dec5c8b31036f767ced1d8a698be9a8e,6f145b8c9b8d449154c4c4bbf8be56ee,delivered,2018-03-01 17:43:18,2018-03-01 17:55:27,2018-03-07 00:15:01,2018-03-22 22:58:45,2018-05-08,3b600e12e73ed271cd63917a970b17d2,2018-03-01
95123e166ec553efe0364686f36d5ac4,cff30f996ccea86c8cfe874709bf7a97,delivered,2018-06-04 19:10:05,2018-06-04 19:30:17,2018-06-11 18:38:00,2018-06-15 13:44:32,2018-07-16,d75acd4c5b7b4dfd32b9d9172b195419,2018-06-04
971171cf40bc61462c80044a0b198f61,8bd06115c743d1f722bc020dac2d3f40,delivered,2018-01-07 00:05:17,2018-01-07 00:13:20,2018-01-09 18:29:29,2018-01-29 18:56:39,2018-02-14,e6feb3d5d4f63f6c473e6195e3a33f66,2018-01-07
d6bfbcba448fc051ce09f23976bee3ab,bdfa49b754767de4e30d32d577b3953b,delivered,2017-11-09 21:26:08,2017-11-09 21:37:36,2017-11-16 18:28:47,2017-11-27 21:13:10,2017-11-29,3878891365ec843f9e85f0b4326b5158,2017-11-09
eb45ce36240dbf895bef98be0d1a85d3,80a46d4f35bf6a44fb4194ff13d945c9,invoiced,2016-10-07 08:49:03,2016-10-08 09:30:22,,,2016-12-09,45f8e065815894a5aab5e89b61dd7b52,2016-10-07
6d6d16957081d6989c08a9622183623a,bb0b2233b45074b8a5abdc679417bef3,delivered,2018-08-11 15:00:20,2018-08-11 15:10:15,2018-08-14 14:39:00,2018-08-15 13:25:37,2018-08-22,61ab612047aa649fa0919d8932839270,2018-08-11
40dabf508156f3a0348eb2a656562b99,97ae9af8fd08e9d6027793548cf1f4e1,delivered,2018-02-21 15:24:49,2018-02-21 15:48:55,2018-02-23 00:04:21,2018-03-05 17:16:17,2018-03-15,70c976663a07ebfd35d81c6179258391,2018-02-21
5dff03e0fcebcf12872e1996a31c8bde,9bf40844c3ed592321649932a55aca42,delivered,2018-04-05 16:53:55,2018-04-07 02:50:28,2018-04-10 19:50:59,2018-04-13 21:05:34,2018-04-23,bf3b955822c15ca958ea813ab5ef3513,2018-04-05
243d739824982fcf38760767a16aa453,532cf7f0a0a3e92890a87cbe8bba015f,delivered,2017-11-13 10:59:22,2017-11-15 02:56:14,2017-11-21 19:58:35,2017-11-27 23:33:11,2017-12-12,b556119459788068191c9ab1d47a375f,2017-11-13
fe86dfed53c5a20c5ee0647ee04af884,2bdade632102b0fed078333e9d3256db,delivered,2017-09-05 14:59:04,2017-09-05 15:10:21,2017-09-08 19:52:52,2017-09-20 17:38:20,2017-10-02,db977788293a64073047f4afca1d4b0e,2017-09-05
44f1ed5ad211cfda9d2d52cc6564a36a,bc1ef992b4ac6e9d204ac47234fac097,delivered,2018-05-07 13:52:04,2018-05-07 15:54:49,2018-05-08 06:43:00,2018-05-16 14:17:34,2018-06-04,89e4b868c7efc7cfa74ad29211fe4d8f,2018-05-07
02a3c3a1c72dbff557b2f56fc0caa847,b4178949fd16cbd3f1f0c8b00e7773be,delivered,2018-08-07 13:01:58,2018-08-08 08:50:17,2018-08-09 13:22:00,2018-08-13 20:12:10,2018-08-20,392e4b94ebcbc2f1b5de86de66bbe02f,2018-08-07
bca60bd77479909368a9daf09029b75c,88f2b6eee4e03ef7a4278dcd98011a91,delivered,2018-01-06 08:01:19,2018-01-06 08:11:19,2018-01-08 18:50:06,2018-01-16 01:04:37,2018-01-24,075feab70d904077ae5100f8c3d6d4b7,2018-01-06
70c3ef96b8128e86a710aea11adf6e63,33b34046e628d2c93d9ca4d7385b79d3,delivered,2017-12-20 20:14:27,2017-12-20 20:30:54,2017-12-22 21:36:01,2018-01-07 12:37:25,2018-01-09,3306bb0fba2158eab5efeccddc6dd5e1,2017-12-20
278b6dc641ac6cf9abcfb8b2aa95a0d0,28e769bf73caf3dc734588072640486c,delivered,2017-02-01 15:41:43,2017-02-01 15:50:11,2017-02-02 08:50:00,2017-02-13 07:38:37,2017-03-20,622db09504308011ed01e179e89d0925,2017-02-01
73d5294ae18f1a7bf585f09e68bff19b,cc21cae5ab4a55eac15d6a1ba9075281,delivered,2017-08-30 01:01:47,2017-08-31 01:10:11,2017-09-01 21:15:55,2017-09-18 16:22:22,2017-09-25,4afd97175f0c5aef25ca28c6ecf0527c,2017-08-30
bab7eb00c955b769472b2d3c20848026,3e3c0b3b23d15050ebec59ec39b3b597,delivered,2017-05-30 11:48:46,2017-05-31 06:50:30,2017-06-01 13:59:31,2017-06-07 14:50:11,2017-06-22,cfbc95a8f5d5021cc8fb23e4bc873502,2017-05-30
4687c3020abeb53cfbd7f64de9092b18,f86e6da8f5c09887def4a0276fcf0848,delivered,2017-08-19 15:56:19,2017-08-19 16:10:21,2017-08-21 19:53:52,2017-08-24 23:24:56,2017-09-11,4392c673999750916cec5b63bedb13f7,2017-08-19
6cf750e29805ce3d37382d97dc7eda36,8693e2404457b6e95581fc4dc776280b,delivered,2017-11-06 14:55:43,2017-11-06 19:36:24,2017-11-13 22:27:02,2017-11-29 16:59:49,2017-12-05,ce5007556ca6f785f4d43f910c733700,2017-11-06
bc1f75764ae7021a6d37772dc55a3ebe,8439dffa697f30f666bded158980bdf4,delivered,2018-07-10 10:32:53,2018-07-10 10:45:39,2018-07-11 14:34:00,2018-07-25 12:36:45,2018-08-01,eed23ad85ccd2d91fe22fbcbdd6bef1a,2018-07-10
65d549dc989e0c1b68a8ee77cc3e3de9,2e462c1574e64c66142b135b786832f8,delivered,2018-08-15 18:28:58,2018-08-16 18:29:20,2018-08-17 14:53:00,2018-08-22 18:51:51,2018-08-28,d7a735aebd4e27e0b093c740b9057ddb,2018-08-15
0bf0591471117549d48c64d47aa33e60,bdcc20055a51ea3a85d7b9087f0a53ef,delivered,2017-03-21 21:46:48,2017-03-21 21:46:48,2017-03-22 09:38:38,2017-03-25 11:23:24,2017-04-07,9c7bba601273835cde4754b81ec5950f,2017-03-21
29403a103be3d8cb0c34a1cd6a90aaaa,cc6c1cd59d584e5e12cc5c377f42c8b2,delivered,2017-04-12 13:01:41,2017-04-12 13:15:12,2017-04-13 12:16:44,2017-04-20 09:54:20,2017-05-11,00a7d14cb10e11b7f7d65120a7e3942f,2017-04-12
a0e71b06151dd529dd0d71f578cd3457,d1852c771f218173ebde6d0fa31af036,unavailable,2017-11-05 20:59:18,2017-11-05 21:15:24,,,2017-11-27,3b89c5ae5ede6cc774386d606ded6e77,2017-11-05
72db4956f094dff247d75dd6735f2400,aba8474309cce50f19ab29cea5ff6b20,delivered,2018-01-26 08:01:35,2018-01-26 08:19:07,2018-01-26 21:36:38,2018-02-01 23:29:37,2018-02-19,23d961ed05d39406ed35c5ffc433fedf,2018-01-26
97445d49acef660b9217b07d0fc1ce3a,86dc0008c3bf5f3509d99992746a98ee,delivered,2018-07-30 18:56:07,2018-07-30 20:20:24,2018-07-31 16:08:00,2018-08-07 16:36:55,2018-08-27,b2acc64df49d02e04a99a1b07c89e7b3,2018-07-30
cd1d0fcb30750e22b9aa142cefdd532c,342e317a94e99f9100ce447a1ea53fb1,delivered,2018-05-13 12:06:03,2018-05-13 12:32:54,2018-05-17 15:06:00,2018-05-23 22:51:44,2018-06-08,1d441954acebde8f2713904082a1c9d7,2018-05-13
f7dca277a6bb273200598f0e36319d94,5c5b874cbcfdabe3f6cd0e3494a0ec34,canceled,2018-03-28 15:49:07,2018-03-29 03:15:23,,,2018-04-20,597e54e653cbc1ce5df1e6d97bbc448c,2018-03-28
ed346b70cbe34011ca44ffb08bbb84ca,4a14bc6096777af2242f207d52eba728,delivered,2017-06-23 19:38:29,2017-06-23 19:50:19,2017-06-26 12:37:57,2017-07-06 08:52:39,2017-07-13,360922481ea6adad1ec886b6deca1d03,2017-06-23
64aea51c84f7779855364184e8ce95f1,f5d72595f4873c80a5d8846e2e773b7e,delivered,2018-03-30 15:47:09,2018-03-30 16:27:11,2018-04-07 01:28:43,2018-05-08 18:27:51,2018-04-26,07b1b60bca2b6326fa2adb259ea4a55f,2018-03-30
dbec6fd4540dcda2662baf24a0bc8f0f,299339e09ea0ddc0b5ec0db726adae00,delivered,2017-09-27 00:10:07,2017-09-27 00:49:49,2017-10-02 20:34:05,2017-10-03 20:32:45,2017-10-13,53e0be8890c339b1ed51fd43fd381f98,2017-09-27
f48c7b1f3fb890715e12d1f3217e99b3,e734336dd2c8ca98a1a475e565d83cfc,delivered,2018-04-30 00:53:54,2018-04-30 01:10:46,2018-05-02 15:22:00,2018-05-09 02:22:27,2018-06-04,e9c905c9d93eadb270434d5f1de50fee,2018-04-30
91fb22794b4915b6dddd8e74705905f6,a2e2d0962cced12845a782c6727a6919,delivered,2018-01-23 14:55:31,2018-01-23 15:12:46,2018-01-29 18:52:02,2018-02-06 22:04:53,2018-03-05,4b433c1ffb060cefbbeef17aabcf0231,2018-01-23
c1307860856bd6bad58e1b21facf55cd,1049fdab788b0c4ecc56ccf1b7931657,delivered,2018-05-15 19:18:11,2018-05-15 19:36:19,2018-05-22 14:35:00,2018-06-12 17:08:57,2018-06-08,da988cd22dea88074fef62d667f64794,2018-05-15
c9ebdcaac4bc255b035e5e250a45f7d0,6ca2317a896279a68296681391368d1d,delivered,2017-11-25 19:40:42,2017-11-27 19:39:13,2017-12-07 21:03:35,2017-12-19 15:55:53,2017-12-15,e8fe60ec669fc77e1e0f1853b1fbdb4b,2017-11-25
8f72b04d200c6c098df28f20abe1d4ce,fbbdec535f37e396e4495ff3b139ad3e,delivered,2017-12-01 01:42:19,2017-12-02 02:37:07,2017-12-04 21:44:32,2017-12-07 02:34:47,2017-12-26,b10199c01d6933cb94c126e0ade1b158,2017-12-01
edbba0310d0feea21acbde68a48a5613,c2a30b1aa2b0f4facc0dc0c32e4b9681,delivered,2018-08-06 18:32:29,2018-08-07 04:35:18,2018-08-10 14:36:00,2018-08-17 19:03:27,2018-08-21,6c4f22a436757085432e2615eef0bbc8,2018-08-06
e0ee14b660378f233bb2e93a868cffb6,55c883877ae7ffd119c0661e7413818b,delivered,2018-02-08 13:08:27,2018-02-08 13:29:26,2018-02-08 22:48:42,2018-03-03 16:43:02,2018-03-06,4d575f2c02a1bb5802924ac4c13d66c2,2018-02-08
f1e21bf02dd5a9f69c64397ef7bd0433,298c879e4fc0844be75e87e613246470,delivered,2018-03-19 11:20:11,2018-03-19 11:31:39,2018-03-19 21:08:51,2018-03-20 21:48:41,2018-03-29,d0e085bfbf1bb72342fc83552f023080,2018-03-19
f9a14504eda279e33148ab16f0b231e8,2aade108824a2318fec68a76c899cea2,delivered,2017-03-04 15:23:16,2017-03-04 15:35:13,2017-03-06 12:16:26,2017-03-14 14:34:11,2017-04-04,827f51bdaa8e37bf31ff413e0a7699a4,2017-03-04
1d791267fec7d64556bf4bdbaa5416c2,054e2d5e2e62f26e884cfd2e9bbeeab7,delivered,2017-12-01 16:58:27,2017-12-03 16:53:52,2017-12-06 16:42:12,2017-12-13 23:38:46,2017-12-28,22d47c0d3a0a3d5667b73a5f1d8bb20a,2017-12-01
61d54e16685b5da6db2e220e6588c376,21ce8c10c9805097875674f79709391b,delivered,2018-07-18 11:43:20,2018-07-18 11:55:16,2018-07-20 11:12:00,2018-07-25 15:26:28,2018-08-14,96374f646d28819bf0cc4e607c977602,2018-07-18
c7d3893304861d303bb8f6193525bbf0,7698bef62333112de2621e68de08bccb,delivered,2017-05-16 19:31:55,2017-05-16 19:45:19,2017-05-17 12:16:28,2017-05-23 11:25:27,2017-06-16,c82d2867abf7d3000182044db403a2cb,2017-05-16
bcf65f82b751df0d1a320ae5078b92ab,22731f71ce593500e809e4abdea7f473,delivered,2017-11-04 18:20:58,2017-11-04 18:30:30,2017-11-06 19:47:40,2017-11-10 18:41:49,2017-11-27,ddc7e78822511e9ba4ef62aee5f0ec6b,2017-11-04
7eb9bbd576fca30c40d1ed0f1908cf37,b0f787516b9c308d203ea1c61c81b602,delivered,2018-03-08 15:37:44,2018-03-10 04:31:41,2018-03-20 11:29:50,2018-03-21 21:27:45,2018-04-05,fc07d9d0bcec4b21e5023c7ddc1a0a97,2018-03-08
d534afd63735145130e0a58d2a5f302e,818c378ba7cd2f369e62b855795e8392,delivered,2018-03-28 17:55:07,2018-03-28 18:08:53,2018-03-29 21:52:06,2018-05-09 21:52:40,2018-05-14,b2969db5acdbf95765a2bbdc2699e30f,2018-03-28
f3f65564546eca69a8247a280e51a77b,12aeb676925aec00b8045ed2f8e13a3d,delivered,2018-02-02 11:45:07,2018-02-02 12:51:44,2018-02-16 23:55:03,2018-03-23 21:12:23,2018-03-08,2801537af8bdc2b1cd9bb14862b3f24b,2018-02-02
4b5376c296cd9a73648c2910d5370cce,5cbac2fa414f629f944df5d2a77531e5,delivered,2017-08-17 18:36:43,2017-08-19 02:15:28,2017-08-22 20:06:16,2017-09-04 11:38:12,2017-09-06,645b5c1b7144c8e10f6d65977782d240,2017-08-17
4bd3e6b766bff00e2f3a4ba364f1a0ee,65d6969618e4c080e59ec2e1d4dad62a,delivered,2017-09-20 00:14:44,2017-09-20 00:46:04,2017-09-20 20:43:42,2017-09-23 14:26:07,2017-10-06,d12f82342b11de33d12114309b6651dc,2017-09-20
599397ef7d2f323138a290a4b33d20e2,3fa8a878ea8f9407cade40539961dac0,delivered,2017-11-24 20:11:08,2017-11-24 23:18:38,2017-12-01 12:42:21,2017-12-13 18:20:01,2017-12-15,181291e3c2a672cf11f60571ac99235d,2017-11-24
29a2291d6d805fb5ed5585585715b98f,45a35262f49c7b1c8e9adc44537713a0,delivered,2017-03-31 10:55:07,2017-03-31 11:05:18,2017-03-31 13:18:40,2017-04-04 22:54:39,2017-04-25,91125e290ea5ac87ac36b8a382d4c8ee,2017-03-31
a97966f92eb3e752eb75d29b3dadca1d,cb747ff2bbd153974250e103487644e5,delivered,2018-04-12 11:26:28,2018-04-12 11:51:38,2018-04-13 19:48:48,2018-04-14 18:39:30,2018-05-09,529a8faa9d37064b655b398164e4fda7,2018-04-12
f7ac64d2fcdb2e5b73150c612248c8c6,48969e0a2e81b1be34e650c00415e030,delivered,2018-08-01 15:23:59,2018-08-03 03:30:22,2018-08-03 16:11:00,2018-08-07 15:57:28,2018-08-13,d7e0cbfa7a0017e977db6647cd3c7df9,2018-08-01
74540e40d4373528143680c4e1a8f2f9,0451da0cface080b24fd41460dba3f3e,delivered,2018-02-20 15:34:47,2018-02-20 15:48:52,2018-02-21 20:34:30,2018-02-28 20:04:08,2018-03-15,02baf2ab49104d32faca025ace4fc9fa,2018-02-20
84f721afdc3f131a097e0b9627de1d71,32434d191e4705613fb94c15626989e0,delivered,2017-09-05 08:03:15,2017-09-06 03:04:04,2017-09-13 22:07:36,2017-09-19 21:25:59,2017-10-16,746a7ba2ae2ac67cebd0ea69b4dd731c,2017-09-05
af0875390f2817270f7f82048e3bc867,d92dad317923ebe6000da15d6e1aff00,delivered,2018-06-11 19:21:45,2018-06-13 03:55:14,2018-06-14 14:25:00,2018-07-06 15:22:04,2018-07-04,250d6dc6fee680266e583e286b553d2f,2018-06-11
13276f43d98e0303780a16f40116cbb9,9a01c7cc4f52b20701105871df725b76,delivered,2017-12-27 17:50:20,2017-12-29 02:09:32,2018-01-03 23:43:27,2018-01-22 21:11:49,2018-01-29,9e8e26fc9721e032f74d65f8fc2d3634,2017-12-27
1987cfc8b059cc8a49d362fc64598db0,c22e071de80a5685d30ffdf9bd5e0a91,delivered,2018-01-05 13:55:20,2018-01-05 14:07:49,2018-01-08 19:07:43,2018-01-23 20:12:33,2018-02-06,b79d72f51f3ed81b035cf2a389b85413,2018-01-05
9f0e70e8d046d9e0626bbdaf1aff88c4,6ef5c9f7a060756a678e74a07a3bdfd5,canceled,2018-01-24 12:12:58,2018-01-24 15:16:07,2018-01-25 20:53:51,,2018-03-06,b46143871bd7f63bcbd5acd898b5e1ee,2018-01-24
5dec793c15adf83097986036f1072cfc,299ef46a16b3d65d750a2c77e25b774e,delivered,2018-05-03 12:40:24,2018-05-03 12:55:17,2018-05-04 12:55:00,2018-05-11 01:33:38,2018-05-22,648ae5c558ecc43d477741e8b3f6bb07,2018-05-03
b59976950624cdf5b8be6b9fddcb2460,8fa1188232c7e51082b4786190ac3e38,delivered,2018-05-30 18:42:21,2018-05-30 18:55:50,2018-06-04 06:50:00,2018-06-07 20:41:43,2018-07-05,f5fc6d10c73d21eb34441b6aac92fc24,2018-05-30
1b4afae734d5015ce83f76cef15842a8,fed1995ba59ffb4d7ba82c1cdb39eb31,delivered,2018-05-03 12:03:35,2018-05-03 12:55:01,2018-05-03 19:01:00,2018-05-04 21:32:10,2018-05-11,0cfd18c2b60aa680de9f5b66197cba40,2018-05-03
5be6e9f87bc75b1fc82974ba71ba94f0,defb9c0a86e272b0fb45cb143176fb8a,delivered,2017-06-29 14:15:38,2017-06-29 14:25:18,2017-06-29 14:47:09,2017-07-12 16:23:33,2017-07-27,ccf440dd0a7cb1ceac07b9cd3b9b63a6,2017-06-29
71081f5935795063b2da072531dcd1ae,d8b3ef6f73de33ae716e94d2478cc080,delivered,2018-02-18 22:08:48,2018-02-18 23:26:51,2018-02-20 11:05:07,2018-03-29 18:57:09,2018-03-22,9ef06526b8e57a567ed6f1dce7ab0320,2018-02-18
c84d01937d1c2029a7f3628f55a3711a,4f234cf97bb16221526fd4fee0aafba2,delivered,2018-08-22 16:42:32,2018-08-22 16:55:31,2018-08-23 13:23:00,2018-08-24 19:02:25,2018-08-27,5f14f73755fbc3e33bc7ce3b1ae2e4c0,2018-08-22
0c6829c9d92a6bb545d7bf1734d094c6,4adddc79dab2cd4d1dadc18dd4c1c14c,delivered,2017-11-23 11:33:08,2017-11-23 11:48:30,2017-11-23 20:13:22,2017-11-25 15:07:03,2017-12-05,ae076dc36683ea9d2cf5d57f16edfb3c,2017-11-23
2f79cd5d683bb9ec2efa2f436a05bc46,ff1389f501129392df8ac3a7f0ed2b35,delivered,2018-04-06 15:11:45,2018-04-06 15:30:15,2018-04-10 19:34:21,2018-04-23 17:46:29,2018-05-02,f7a5eb04590eddd0019d35939f641105,2018-04-06
64436f4f8512c1b4391df3458e082b94,52ec5e0b9791f0d941ec15a8b2e7f3aa,delivered,2018-01-06 21:45:19,2018-01-09 07:17:40,2018-01-09 14:29:15,2018-01-22 21:08:58,2018-02-16,d7df30b6c9eba171def805bb6ddf0d30,2018-01-06
d2ff49a57446cba2b7cd5b8211d43db4,3c7c0817031460a455bb61fbc80515ee,delivered,2017-12-01 14:16:20,2017-12-01 14:39:00,2017-12-04 21:54:26,2017-12-08 14:52:08,2017-12-21,a7d4bf537dfe277f70e1b63a2ad1534b,2017-12-01
cb5856e20e27928c1e437683b9c0c9ec,142f6f2cb30ab640a015a226f78dc2c4,delivered,2018-01-27 12:57:09,2018-01-27 13:17:31,2018-02-09 13:03:40,2018-02-14 21:12:38,2018-03-06,dccd906d70e7ddcd40675d85d6f63433,2018-01-27
b22b324b1e1fbc78c0f7006c3eacc3a4,8dc30f947f34a278c965a36c649a218c,delivered,2018-06-17 20:39:05,2018-06-17 20:58:36,2018-06-20 10:34:00,2018-06-28 21:28:52,2018-07-25,4982a64e04ef50e81a9ee1c936431193,2018-06-17
e306885612f169ec1b85ae71834e0e05,59022496d94c6627b7319e9ff4fc3ccb,delivered,2017-12-26 22:40:46,2017-12-27 13:37:22,2018-01-02 19:47:40,2018-01-09 16:10:43,2018-01-24,9988f6522c88e6be356a1d6796793b7c,2017-12-26
1e87c390d13bfd98cb5d56ae28b3c86a,9343ad636d5f8c53eccc5229f6b6ffe3,delivered,2018-06-21 16:36:00,2018-06-21 18:20:59,2018-06-26 11:53:00,2018-07-02 22:12:21,2018-07-25,a83f79a74b05d24420292937741e4c9a,2018-06-21
43e38490d21c8c490334f75c5a7c2861,2f368064b4e6646a7784a46b03b4bcbc,delivered,2017-12-31 21:17:54,2017-12-31 21:27:24,2018-01-02 20:17:58,2018-01-05 17:59:20,2018-02-01,addd42012ed67639f9e0d26155b7c2e1,2017-12-31
e8ede6a466c4c9bb0a9db9a3d87f7a63,b152ac3a2f6a8a54b8ba54e119e80710,delivered,2017-05-21 21:23:15,2017-05-21 21:35:22,2017-05-31 11:12:02,2017-06-08 18:12:17,2017-06-16,75267111874487911dc95879b80d5248,2017-05-21
ed3f087b848244c46b0f1844ca35bb1b,d3556692bf4ee805f818f57eac54b0bc,delivered,2017-07-06 21:47:49,2017-07-07 02:43:59,2017-07-10 17:56:32,2017-07-21 18:56:42,2017-07-28,20be79e22413f002e206785bfe652718,2017-07-06
3547dafccc4b24ae123707474fafea10,c1aaf606d8bdfadf7d151680718f944b,delivered,2018-04-14 00:53:37,2018-04-14 01:09:24,2018-04-16 19:04:16,2018-04-20 20:19:26,2018-05-09,38111296bba5a21f383c80155baeafca,2018-04-14
4bc3b7398353cdab6f94ca83978ed833,30cde80e58789a99caec00d5802c4cee,delivered,2017-07-31 15:10:08,2017-07-31 15:25:16,2017-08-03 23:17:42,2017-08-10 20:45:32,2017-08-22,5e194d3afda4efc91bda11f79e5c6790,2017-07-31
0b9bb234d95f41600497d59b42087c39,0e708437e125673358d0d0143b692131,delivered,2018-08-13 14:31:00,2018-08-15 03:15:35,2018-08-15 09:57:00,2018-08-29 16:46:46,2018-09-19,b893bc8aa2ad7f9b249f77eaf590d9a3,2018-08-13
f757fc88a9be2d57259be12e45955e7f,afcd4050c3409ceef1d6fb4358e70014,delivered,2017-11-10 15:55:41,2017-11-10 16:15:27,2017-11-14 22:41:22,2017-11-21 19:34:45,2017-12-05,11d952f7b426226c968e95da4f99783d,2017-11-10
6cd679600ca2abd4f9de83447ba7023c,6c3973958e6e188294b2e77b1fa50ed5,delivered,2018-03-31 16:23:29,2018-03-31 17:09:57,2018-04-04 01:58:23,2018-04-10 19:08:28,2018-04-25,eca4ebbc1af6f6bfd046197c30560edc,2018-03-31
01eb154e5aa06eaf50851577302a04a5,6e3d5df3e5aed86d96bb5d0234f4044e,delivered,2018-03-22 11:42:20,2018-03-22 11:55:35,2018-04-05 14:42:45,2018-04-09 13:08:38,2018-04-12,d9876db394b3f1f5f599ba5adf911157,2018-03-22
92332bfe0b5269414ff8497677a10d5f,3c38c986290171c64d66277d6fbb6be4,delivered,2018-03-03 20:44:13,2018-03-03 20:56:07,2018-03-06 00:12:57,2018-04-02 19:21:39,2018-03-29,70fa87c54218cd99def86e0bb5a80ef0,2018-03-03
9396e7b936a7db50860e1114de668210,aa545e89e0b56f447e7e088eaaee61d4,delivered,2017-12-22 12:13:55,2017-12-22 12:33:27,2018-01-03 18:52:32,2018-01-05 22:20:19,2018-01-12,ba214bc61e320cf3f708c7f36c7c2686,2017-12-22
94bccdb5b708ee435e70b46d4d5619e2,504918c93aeee8a262aefd3788fa90d0,delivered,2018-07-28 13:52:06,2018-07-28 14:05:12,2018-07-30 15:24:00,2018-08-07 00:32:13,2018-08-21,33ccff7ceee4775c1e4524bbe08311ab,2018-07-28
44d102270bbbdd2cfb70dfc5fe33c4bb,c04d6db0c1b3225098cd19c077d2089e,delivered,2018-03-20 14:55:41,2018-03-20 15:31:28,2018-03-22 20:17:07,2018-03-27 19:06:56,2018-04-09,9d643801fa7354800e7b9f8ff8f7f43d,2018-03-20
471ca99c77519c786c0b63a0933b4b06,435f0eb5e9a9002e1bb367ef5fc8317f,invoiced,2017-06-10 02:09:35,2017-06-11 02:10:17,,,2017-07-05,90fa7291f2f73baa587911878738d5d7,2017-06-10
30d7af26cb5f8577b5c6a0164dc814c5,e924482b6903522795771e672721f5d2,canceled,2018-07-26 12:45:33,2018-07-26 12:55:25,,,2018-08-07,ab4a2b8d2a955029eb49579cbb027994,2018-07-26
8e7c39692005bd922dd07d56bd036e87,1e238842f13494d776b0a2a0f78b1e4c,delivered,2017-10-22 10:27:01,2017-10-22 10:49:19,2017-10-23 14:22:56,2017-10-27 16:39:20,2017-11-09,da84448d24af1fd94640d23b77adc858,2017-10-22
ee2f0d39fe889731ccbb005ff2404e34,f0ce08dc3466b665ed94ddf3033d0201,delivered,2018-06-17 16:57:20,2018-06-17 18:11:09,2018-06-18 12:18:00,2018-06-20 01:17:32,2018-06-28,2184504da0a52f372cc446a8ecb006c8,2018-06-17
fd7303a4968ffb3832a0bc5fca2d2b6a,91b3ab92e7279abc4955341318de42f2,delivered,2017-05-21 09:23:01,2017-05-21 09:43:07,2017-05-24 15:39:52,2017-05-29 11:59:31,2017-06-09,4fb338a2fcfc5369c861467d10dadaea,2017-05-21
bd575d6ab64e8452789c304408f514eb,3cd2f012b213ae1cbcbf93630fe59d57,delivered,2017-11-03 12:28:32,2017-11-04 06:55:33,2017-11-09 14:17:08,2017-11-22 19:18:43,2017-11-24,99290118341a7d7da8516a05c8d02ad8,2017-11-03
b1f3a8cfd8b6995035f80044f6ffa85b,b085bfa9b1e902519eff7450d26b15e2,delivered,2018-04-28 23:18:59,2018-05-01 05:35:26,2018-05-10 14:04:00,2018-05-30 17:20:42,2018-05-23,3e7dfb5e556b3b9bdb237dde9d8be300,2018-04-28
29c5a7f7a7e0947fa6d28f355cd28c5f,8b5ac3704c58f8ab8591a68d5427f41e,delivered,2018-05-15 13:53:23,2018-05-15 14:30:39,2018-05-21 16:30:00,2018-06-06 15:04:08,2018-06-05,ee35b9cfd14f3898840c064e8eeefdff,2018-05-15
948d4a2cd33aa0d29d03495de3b86f9f,e14c2ef3e65d7a7e969506ddaeaef140,delivered,2018-07-04 20:23:36,2018-07-05 16:23:34,2018-07-05 14:11:00,2018-07-11 00:21:06,2018-07-24,6139c89e2851102e081a49e38e00ebb6,2018-07-04
1fffb8b3f671b92497da76aacd6abc72,ff361c0d307ae1d980189154e73fadc5,delivered,2018-04-26 23:47:49,2018-04-27 00:42:20,2018-04-27 15:04:00,2018-05-23 20:31:54,2018-06-12,18b45cf796e2fb3ce4a21649a4e2b332,2018-04-26
8eadc079bd4cf0c38f40bf74468c47c7,05bb7b8653c0cc496b7d2db94a36b116,delivered,2018-04-05 14:26:15,2018-04-05 14:35:28,2018-04-07 01:23:19,2018-04-09 23:58:32,2018-04-23,7ee99f5c522d01621617d63bda047019,2018-04-05
e7741e6bb1dfbc9d36e13da26d517d4c,4b923bacae1c1ef7a16e931b3972e7f1,delivered,2018-02-08 23:06:53,2018-02-10 14:10:39,2018-02-14 20:26:40,2018-03-12 19:03:21,2018-03-09,d6e65f3d6d6f578c3f862652505f3392,2018-02-08
f97ac032d629afe0a0680d4f00f10f4a,5a5143c3afc1d6e64c85c19d7e0b202d,delivered,2018-02-21 19:02:02,2018-02-21 19:16:01,2018-02-22 20:03:48,2018-04-03 19:28:39,2018-03-21,5892fddca4d0a53821598a088e1f915a,2018-02-21
2ae74f27a662e60bf2efb26a4b8d81fd,59a862a8388fd8d470ba82f3bbbfe47b,delivered,2018-07-17 07:19:09,2018-07-17 07:35:11,2018-07-17 14:29:00,2018-07-30 19:51:48,2018-08-07,8d35dc642ad984416aa918cf6a85704c,2018-07-17
903c880841c9b1af32d6d086b9763133,e3a0c6f366f4c42aa1ec172813c88492,delivered,2017-01-25 00:47:25,2017-01-25 00:55:44,2017-01-25 15:50:43,2017-01-30 11:44:26,2017-02-20,da1893715fcf0fe9b44be82e8a479161,2017-01-25
6fccc57f4270cc3628193bd168efc780,84e9789e0b6dc1bfcf333d8e9f92826d,delivered,2017-02-06 14:54:29,2017-02-08 06:50:57,2017-02-08 09:04:43,2017-02-16 11:08:37,2017-03-23,3f36fa15a16c4850992aa0f33561906e,2017-02-06
03059ebda0b2ad61612b300fe34ed8e2,82b07eb04567873d275e64c6517407aa,delivered,2018-05-10 21:57:31,2018-05-10 22:17:01,2018-05-11 10:53:00,2018-05-30 18:58:39,2018-06-05,e833bd17118e328c76633e24cf2e0337,2018-05-10
cdde449c1dcdc9aad3adc07b6de6659f,f329a4df695075c1440cd21aa2fe7bbc,delivered,2018-04-23 17:32:00,2018-04-24 18:27:55,2018-04-24 22:16:53,2018-04-26 22:14:46,2018-05-10,a67a9b9782f80f708535927a808797c2,2018-04-23
b009b4a885293bec82f26aec9664814e,d5565adb773b7b4a1645f5d938623531,delivered,2018-03-08 09:43:22,2018-03-09 02:10:05,2018-03-09 16:06:35,2018-03-16 00:33:03,2018-03-26,ee23cb40da12e56037afcfb29e2bbaf4,2018-03-08
a7507007d328f9469ed7384cbfc8f7a9,5b81bcdd0bf1486ded3815d4955b8701,delivered,2017-12-06 13:18:40,2017-12-06 13:32:29,2017-12-07 19:53:23,2018-01-10 17:17:15,2018-01-03,ec6a85d8bf9c7a514c411a1287643d1d,2017-12-06
e2add76d15b3e6cd98abe9947f421800,1a6f0cdd863b091f019a3fd3e38e71a7,delivered,2017-07-26 11:19:21,2017-07-28 08:43:40,2017-07-28 18:22:56,2017-08-03 20:44:40,2017-08-15,5989b4c4348faf991b6ae6eac240672f,2017-07-26
ff791efde2141f9985711e6b6f102004,289f58d12e1f8bb3557dd0e3ac818397,delivered,2017-11-18 17:47:29,2017-11-18 18:06:26,2017-11-22 20:48:24,2017-12-01 20:03:42,2017-12-07,ef648d339ae95f6febe7f42022be7524,2017-11-18
4093f51e15660b0278941a5b38e694c8,fc87f30e7ef49bae010c715813850bac,delivered,2017-11-11 20:28:27,2017-11-11 20:35:41,2017-11-13 15:22:02,2017-11-20 11:41:26,2017-12-01,67773f41e2f21e1ede49a25fbc97dc8b,2017-11-11
f8c4580716ac69092b8428753aab516c,bbe141b2d7930c7e7d084a162b0da9df,delivered,2017-06-24 22:36:34,2017-06-24 22:50:09,2017-06-27 16:04:20,2017-07-06 12:37:03,2017-07-21,32986159620ad4f8f78153891fade1eb,2017-06-24
2ce652745083fde285af6e431bc9aca6,7c07e516a60da9dd3c723fa02a1bc652,delivered,2017-02-08 18:58:04,2017-02-09 06:55:21,2017-03-08 15:34:09,2017-03-17 14:52:14,2017-03-21,3d48da30e86c31f4a2fdd18eca676cf1,2017-02-08
b5a7d68509ebd7effa2445cff7eca791,9d1a96b181bc6f175146b254a2335e29,delivered,2017-10-16 10:45:33,2017-10-17 10:56:12,2017-10-19 18:06:39,2017-10-20 18:24:04,2017-10-26,314199be780a7dc8da9cd6efd9832d01,2017-10-16
fe5fdaa8ac452f9ef81b55b329d3b087,57a6d988264f01e13ed9338441859fc6,delivered,2017-11-12 20:31:20,2017-11-14 03:50:35,2017-11-14 17:02:30,2017-11-28 04:05:00,2017-12-13,3eb13234cf1bb54ca10a2c8c8d13acd1,2017-11-12
8d36b9d7a238d9d50b8be72fe69ff6eb,6131b79a5a5915748c153d54102c6b32,delivered,2018-08-13 15:41:25,2018-08-13 15:55:18,2018-08-14 15:54:00,2018-08-17 22:03:41,2018-08-22,3c77b44e70a34b2d8b5d0b4f0fe0afd8,2018-08-13
28fba8f2991648a76b354b784394b466,5a2f52069527fb95508503e3b05f6c23,delivered,2018-06-29 16:47:39,2018-06-29 16:55:29,2018-07-02 15:15:00,2018-07-06 16:12:33,2018-07-25,df2a9226267aa1598b499b3ea09fcf60,2018-06-29
21dc00cebbf91043aad476465c49c42f,3a7e4bf43167782e1eb101439f668dad,delivered,2018-05-16 13:02:54,2018-05-16 13:19:30,2018-05-21 12:25:00,2018-06-04 16:08:51,2018-06-01,a14ced328c3151f9d9dec0a419645169,2018-05-16
e7e735358f151cb9a27b67b559cb1402,cc1e2af5ae548340b3d661799813c8a9,delivered,2017-08-26 18:58:59,2017-08-29 05:32:10,2017-08-29 16:48:04,2017-09-04 13:16:58,2017-09-18,ed47b518cd4a44443d9c573f05cba1ee,2017-08-26
f55f2ceef609960024f449621f6f478b,b98e27275012bf2cd7c99e02edcf473f,delivered,2018-05-03 14:24:22,2018-05-03 14:35:28,2018-05-03 14:39:00,2018-05-12 00:49:03,2018-05-30,23d41c592843b5bacce530f6fc3dc933,2018-05-03
41cd08c1c7208915ee863f39716f63aa,dec1e10eaf73737ecbfa17a08db8b1d7,delivered,2018-04-04 16:29:56,2018-04-04 16:49:44,2018-04-05 19:02:33,2018-04-06 17:36:57,2018-04-19,bee61b700acbc3a4d42bcc23d10222a9,2018-04-04
002d040018d12a3853c059f7f23ab5b1,d7a77284d0a56f6b1ecb8c344b60d3e4,delivered,2017-11-19 19:16:07,2017-11-21 03:47:23,2017-11-21 23:21:31,2017-11-27 18:54:09,2017-12-08,125afe43321f838bed64b7e0ecfddba4,2017-11-19
55aa5052d111a948144ba6bcbc4016ef,236208b57e73c7feb1d9983c80982ad6,delivered,2017-07-11 19:38:14,2017-07-11 19:50:12,2017-07-13 08:36:19,2017-07-17 19:32:56,2017-07-31,6add2745aef068724dc5b55c9cedb5fe,2017-07-11
c71168b3286e7c26a34e005edb6a63e8,f5dde50166526727f7184b05280ccc2b,delivered,2017-07-16 21:38:43,2017-07-16 21:50:13,2017-07-17 18:57:33,2017-07-24 19:04:02,2017-08-04,2a0dd51ad37e1cc0cae4abc53fc189f6,2017-07-16
8844bd02142a136fea55527567960615,b15ffe105402d713c35c8fc6207f9a88,delivered,2018-04-06 11:34:08,2018-04-10 03:49:46,2018-04-13 01:18:30,2018-04-27 16:09:52,2018-05-18,2ea580001513f63ae4c3f11bf40f73d0,2018-04-06
71b2f4ee75a2ad70a20e594c8638b23d,c87bf6ea843a8e7ea30281c7b19f4ccd,delivered,2018-08-16 08:29:20,2018-08-17 03:35:15,2018-08-17 13:44:00,2018-08-22 15:22:39,2018-09-11,c608482cbf5fa63b6ff231e2b91e97ad,2018-08-16
8c22c3283ad37daaacdf8d641f1c9cea,25135fbe738fe3ce62142b08c20a5208,delivered,2017-10-08 20:15:06,2017-10-08 20:28:20,2017-10-11 22:43:03,2017-10-19 18:12:20,2017-11-01,5c83e79c9e8b5231870982784e40a41b,2017-10-08
cdaa50d46a294c97f8505c6ac6145e23,7ffa96b0f921e027d6a4ff1589e67f7f,delivered,2017-06-23 10:13:05,2017-06-23 10:25:15,2017-06-26 08:02:58,2017-07-03 12:42:08,2017-07-17,50a662e7d7e7e2a94112a4f15a37464e,2017-06-23
b727ad9e7a5b561a3601faa56d0a1aa0,abed83306c8caa860249461858c86ac9,delivered,2018-06-14 18:13:15,2018-06-14 18:40:20,2018-06-18 12:28:00,2018-06-21 12:21:37,2018-07-04,e2654a02c1fbf3d88095d287dded5742,2018-06-14
4d15efdb77cf36c0c997ee21b8af3abf,5a8b59b9ba2a6afba177551609cdecf9,delivered,2018-03-02 17:07:42,2018-03-02 17:29:46,2018-03-21 18:48:46,2018-03-28 19:15:53,2018-04-09,409bcfa83da6df1f47ab78ab48d353a1,2018-03-02
6a29741b0ee05eaaa2b4dd7a40b55890,0b7fc1bb205ec431fb3f60ce4960393f,delivered,2017-12-01 12:16:42,2017-12-01 12:38:28,2017-12-01 20:09:59,2017-12-11 13:02:41,2017-12-29,1033ef00990979a963a8e94c31ded33a,2017-12-01
295bbf539c1fe97db23dffa5e84387ad,5dd333426be0c72b783f2a752f1a911f,delivered,2018-01-29 23:24:50,2018-01-31 13:32:31,2018-02-02 02:57:51,2018-02-15 18:43:49,2018-02-20,8dc7e009dbc26db66bc0b02a7882d208,2018-01-29
16d56a02b43b518cd146d842555b22ba,183c90ac1c0a763b5c69fde1cc691200,delivered,2018-03-19 13:22:16,2018-03-19 13:35:38,2018-03-20 23:28:43,2018-03-22 16:08:48,2018-04-06,24bd689acac1d4eff3cdf2ba592bd82a,2018-03-19
ba905c53634f259fa5738c7307a0d092,9d8630f8610246a55ea552bfabc443ae,delivered,2017-12-22 14:18:43,2017-12-23 02:15:38,2017-12-27 18:58:57,2018-01-03 12:27:47,2018-01-18,ef611df19e9c9de4f90fadd632473c50,2017-12-22
1b1b3a4e0fe992985df0687e28917050,ab3965ddf332775d0dc7643474dfcbeb,delivered,2017-07-04 14:51:14,2017-07-04 15:05:09,2017-07-07 13:46:58,2017-07-28 16:13:31,2017-07-28,6105d6220213dfa7110d14e2312c47e2,2017-07-04
a913ec1db6048950ba773ec6b408eeba,1bed7a0466a17b3a8ecb1fc7f16434a3,delivered,2017-03-27 20:24:52,2017-03-28 03:51:14,2017-03-30 13:13:27,2017-04-11 09:58:50,2017-05-04,8a4d4eaef366b4b477891b7180f59aa7,2017-03-27
6bda68469cce9437d05014ddb8d915fd,e9c1065e7af52438cc76757a979a8932,delivered,2017-11-23 17:53:16,2017-11-23 18:25:02,2017-11-28 20:45:02,2017-12-06 17:09:18,2017-12-15,df97049829a4fc31be5baa8c901369c1,2017-11-23
d29833e31d88e77ae815681619836ae6,be14f9b446135f0def08472c7be6c2c9,delivered,2017-12-04 18:28:06,2017-12-06 02:39:38,2017-12-08 02:43:10,2017-12-21 21:55:51,2017-12-28,910ee72b8012e94d1bf3f1f9860796f3,2017-12-04
57e2143bf55c040c9f0c9b8e41b6a545,8183f63b81a2f6a9c37d7e3f283e9ed0,delivered,2018-06-09 10:46:15,2018-06-09 11:11:01,2018-06-13 08:06:00,2018-06-25 18:51:40,2018-07-20,c5132a4ca6a90b81f1c947f705706392,2018-06-09
6c88a4ceb710de8263b4aeb5ffa92afd,32ade00f5a433f04fbb179aca3051ba7,delivered,2018-03-26 14:09:48,2018-03-26 14:29:38,2018-03-27 21:57:38,2018-04-05 19:58:53,2018-04-17,7e0051035c9e4fb60cc0da0d2dd7cdd6,2018-03-26
b6c2cb2c2214d74e66ef92c726b5160d,163629f30be0f160d71b8d1a293ae199,delivered,2017-06-27 20:38:10,2017-06-28 02:15:19,2017-06-29 11:37:46,2017-07-04 14:51:43,2017-07-17,133c5f380edbecdee40791432c32123e,2017-06-27
eda8ab7b9c9d5e8456d446ad54339c2f,9f7e510614e62267e24c6d880a0b1b20,delivered,2017-06-29 21:22:47,2017-06-29 21:35:11,2017-07-03 13:17:35,2017-07-04 15:16:26,2017-07-12,053f7850c3ffd9726cff61c7e42af797,2017-06-29
00a500bc03bc4ec968e574c2553bed4b,3d2f26eab3f79dd1fe9977f615e70c2f,unavailable,2017-11-23 10:53:01,2017-11-25 10:54:38,,,2018-01-08,cd88b962adbc4b174353217f99dc6174,2017-11-23
49ed8238ac156a01d16ef8b89bc7f6be,cd1e89411cd35dac23808a7de0ec316f,delivered,2017-07-10 15:46:17,2017-07-10 15:55:19,2017-07-12 16:04:54,2017-07-20 20:55:54,2017-08-03,348d75c598a56f0f07222fbca6828970,2017-07-10
d5f1b4c2e52be04dafb9cdacb1b86921,c6a33681ab4438171d303107512a3878,delivered,2018-02-16 12:02:18,2018-02-17 03:35:27,2018-02-19 22:54:44,2018-02-26 17:13:18,2018-03-12,cc9667fb37dc18c4b6eff3b0cd5bca0c,2018-02-16
0a4e4a3dd6cacc3db584029b55817aac,5447af43cbd7d4c3a958bbdd1327b6e3,delivered,2017-12-06 09:47:39,2017-12-06 09:56:32,2017-12-13 16:43:06,2017-12-22 09:43:21,2018-01-02,8305c9033f18b2a9da785f80fbf80eb7,2017-12-06
49c17835ea2c85763d6747046c3f5f56,b4e632e75da7f40fb8ba5a8363950307,delivered,2017-08-29 10:36:43,2017-08-31 02:50:16,2017-08-31 21:23:42,2017-09-01 17:33:33,2017-09-11,6a615385305db04fa49ef48251f9e6b0,2017-08-29
18eb214910ec2bded53b74594b53a8ec,248a02852ca9e93f364a79a8afedaca1,delivered,2017-12-26 12:25:18,2017-12-26 12:48:57,2018-01-10 14:20:28,2018-01-23 22:19:33,2018-03-07,c8a88f0e3b264126df45e1313f5e070b,2017-12-26
23b808b68625191fb96d7174795a65f7,2c060dcb93539ed5f001eda914e7d0e3,delivered,2017-11-14 23:00:12,2017-11-14 23:15:22,2017-11-16 22:03:09,2017-11-17 20:56:38,2017-11-28,79ca17363ac09cf705b7af2593ca1277,2017-11-14
174a6f88e36eb7f3307cebbc424d032c,5c4987d487bae4f2314177c5dfadad79,delivered,2017-07-11 14:37:46,2017-07-13 03:04:36,2017-07-14 13:32:25,2017-07-17 21:10:07,2017-07-24,ec794ef24efece043b0c47152a893ae8,2017-07-11
24408ff152c5b18af22d2a927b0dc086,5e0200fc0acdce720809c3839da9ed9e,delivered,2017-11-12 23:26:59,2017-11-12 23:46:09,2017-11-14 21:32:25,2017-11-21 18:32:01,2017-12-05,39030c3b1a378d8cc1421cde9535cb84,2017-11-12
4b13ca1ea8bafa9b670fd52cbf918fb3,8257e68ea0c6c6bd319175e224c307b7,delivered,2018-07-15 01:00:43,2018-07-15 01:15:08,2018-07-16 14:55:00,2018-07-20 16:25:54,2018-08-06,13205888004daa84fbdb7fb09ce9d2ad,2018-07-15
e0ac53e2928faa77ef5a89118e0a60a7,e9e387c9bedb7084eab985416d1f3368,delivered,2018-03-19 08:57:16,2018-03-19 09:09:03,2018-03-20 18:08:29,2018-04-06 01:54:47,2018-04-12,59b7adc89a4dcdbaa6e26467df1b0393,2018-03-19
67a41e5f40c8ee15e8d00b64b363dfd0,0273345e320539cc7bf1f6469b2fa34d,delivered,2018-07-09 14:29:40,2018-07-09 14:45:13,2018-07-31 13:00:00,2018-08-06 12:42:56,2018-07-30,32abc7be8597ca79733508abb1db86c9,2018-07-09
4e2a846769fc8af3af8b7826b058fe4f,a3b5428226ad4c042fed1da12cb6e683,delivered,2018-01-03 11:25:41,2018-01-03 11:34:23,2018-01-03 19:59:00,2018-01-11 20:34:05,2018-02-06,7b54abb82fa7a9449a994861ca81c0a4,2018-01-03
bbc7d177c97f61d86a7486d86ed7a8b2,b6f7351952c806b7362da8aea13998b1,delivered,2017-11-16 14:38:47,2017-11-16 14:55:29,2017-11-17 15:53:53,2017-11-22 23:31:46,2017-11-29,6bd5b501f37638859ccc1dc94cce730d,2017-11-16
378d1ac3d8e22dd46990757398ae8500,001df1ee5c36767aa607001ab1a13a06,delivered,2018-08-05 23:14:45,2018-08-05 23:30:13,2018-08-07 11:21:00,2018-08-10 18:52:44,2018-08-10,46b44ab325f78e5bb3dc0bbef1082082,2018-08-05
e7d3f9457c859cd5b63a25a4c2afb2e0,e65509bad7e534de9c1f202b06901672,delivered,2018-01-18 23:26:10,2018-01-26 17:03:27,2018-01-29 22:19:36,2018-02-14 19:53:18,2018-02-09,a0e5e99b85fa7db55a095f1dc2ec6f86,2018-01-18
843be4a0dcdb9716de7652d53af4acab,10bf225850ad702ff45fb5f9016bd1bd,shipped,2017-07-18 09:57:34,2017-07-18 10:05:27,2017-07-20 20:32:29,,2017-08-10,fe28d443ab89dc67f5858bc2beda299a,2017-07-18
b03b6e2a421f511cd9f94627ba9910ed,e452990d3c151c3cc679f556393acc95,delivered,2017-10-20 11:05:57,2017-10-20 11:26:44,2017-10-23 17:30:02,2017-10-24 20:25:54,2017-11-13,0aa2138f6454dd54a78537eb8dcd6ee6,2017-10-20
cdc6ceaabb2f687c33736de20f6c0b98,d7486181fcd6b7aff07675c0b2d5e0da,delivered,2017-07-21 18:06:23,2017-07-21 18:22:56,2017-07-26 11:11:29,2017-08-04 20:12:29,2017-08-18,1487e4c4094c15d6e70e3b40f241cdfd,2017-07-21
682bc14ace7856a832cef3a783e4886a,a0778b853584b734d017247ce2e34ffa,delivered,2018-08-22 13:54:18,2018-08-22 14:05:14,2018-08-22 14:38:00,2018-08-30 23:16:19,2018-09-10,f58bfa7fe6c7b7f7c7e2e1dc1321740e,2018-08-22
acce8dc7c037773682b18bef8769e12e,523ef0301b07b218080390eefc7f50f9,delivered,2018-01-21 11:11:24,2018-01-23 03:37:16,2018-01-26 14:16:22,2018-01-31 13:48:29,2018-02-14,e183d82573fc78c0615e178a7671ee77,2018-01-21
178e15ed751c7d56dfba347c28d50b06,9c0a49da7cf7fede3107389f707c6638,delivered,2018-02-18 13:18:53,2018-02-18 14:27:19,2018-02-19 20:23:49,2018-02-20 21:17:14,2018-03-06,6b0d66bbabb3d829a0562c6fb16c2370,2018-02-18
31b398923275e2f66a56071ac111efd5,23991f5d59bfdef18b8fbf2547444ce8,delivered,2018-06-04 18:28:35,2018-06-04 18:50:12,2018-06-05 15:33:00,2018-06-18 19:59:46,2018-07-12,15ba6acbfeae5e421fcbe307f953653a,2018-06-04
08a19256bfef2a2b1f0fc654723a9c71,8e75040b2365871c96071a3baa129e93,delivered,2018-07-01 22:41:26,2018-07-01 22:50:18,2018-07-03 13:04:00,2018-07-10 15:28:37,2018-08-09,7ae0d91d3f88f2c52af40452f113167c,2018-07-01
f8df65fffdcd14979dee3b40b9aedff2,159f0b29e2f9c8adf07abd043af59b12,delivered,2018-04-19 20:47:57,2018-04-19 20:55:36,2018-04-20 18:26:45,2018-04-26 17:36:39,2018-05-17,6285bb238c057e39f9d4ff1fddb3a71f,2018-04-19
42fbec9b92de96f320334c91f47e8b6a,c19ce4ec557c4b0d86dc3fa47a542502,delivered,2018-01-14 08:09:08,2018-01-14 08:17:23,2018-01-17 20:18:06,2018-01-22 18:39:49,2018-02-06,a4e456eca4b667dc31e1881a4b56b319,2018-01-14
d8bf77c1506e2e7d360d527098156a30,10d802326ca8ea206bbdd8d8ff17c81b,delivered,2017-06-09 15:04:57,2017-06-09 15:22:08,2017-06-12 15:48:30,2017-06-16 15:29:29,2017-07-11,7840d7e4ec2fb49c44fee3f369d6bfe4,2017-06-09
82721df8ff0f0ce187f64c59238e585b,9923fd1dde6b0f2423bc9fb3e1573687,delivered,2017-04-17 12:15:30,2017-04-17 13:05:19,2017-04-18 14:51:33,2017-05-03 08:55:52,2017-05-22,6b486b482a103b6fafa1749bdea6c2a3,2017-04-17
448e3433c1fdb3dc2678294be291a7ec,5f3f626700a3d4f153ae552760785e79,delivered,2018-06-29 09:30:46,2018-06-29 09:49:42,2018-06-29 14:58:00,2018-07-05 19:17:48,2018-07-25,1274a8553a27e023e02510965e0c2d2a,2018-06-29
cdfb4e1a6dae522cc12d2ac417205cde,01627a580ab45fa2f81561f3a7bb1d93,delivered,2018-04-29 14:57:06,2018-04-29 15:10:40,2018-04-30 13:43:00,2018-05-10 13:24:46,2018-05-28,e0b2ba129cb12758796556b90d86cb21,2018-04-29
0079bca8e89bd52fdb87408e4f3fb94d,137f50d5bfbcfb9578c50605cc9adb16,delivered,2018-05-03 18:55:20,2018-05-05 03:33:43,2018-05-07 11:10:00,2018-05-08 20:58:26,2018-05-18,9bc0afc85b2f40c797f96f7911397708,2018-05-03
c344fe0fa6569ff29fb0c6b832ef199c,f925fbf5f278221b92bd025dbc75bd40,delivered,2017-11-27 11:00:42,2017-11-29 11:00:31,2017-11-30 20:08:34,2017-12-15 18:39:01,2017-12-15,4ac6dfa6b3f473feb94fa0dd46aa7a6a,2017-11-27
6490b668b6a0a9e14980564181095055,0d095616c201562b0eefaa56b107e1d3,delivered,2017-08-28 10:39:00,2017-08-29 04:44:51,2017-08-30 21:02:57,2017-09-08 19:52:20,2017-09-19,6480f5c5c8a2c1763f2aef8d3eac0890,2017-08-28
cd274d860b561e0f2270dfb45ef0f066,72aa5f0d097694365f0144c644db7d04,delivered,2018-05-25 20:43:41,2018-05-25 20:57:54,2018-05-29 07:34:00,2018-06-06 14:24:53,2018-06-28,d2518bf3f7db3588d4abcb75e31e1a94,2018-05-25
cd331b21d76d7ea924a7bac8d8fd2f54,52068138897a9b301d7b1844e64912c3,delivered,2017-07-10 11:00:01,2017-07-10 11:15:14,2017-07-10 18:04:24,2017-07-12 11:32:32,2017-07-24,b7b1d9a971992739969a3626e9c8b109,2017-07-10
61f38a1759e511f01330f4e69cfbad42,bf8afe52e827df13a70b6f532d1c9ca4,delivered,2018-03-05 14:57:51,2018-03-05 15:10:30,2018-03-10 01:21:57,2018-03-28 01:27:45,2018-03-22,edb69d7e7f28b38c52228b3dcb4b454e,2018-03-05
1c289ec3ff9bc97bb8042c71b244cd40,a2e93fff90db5e8dac6fec7c6629ff41,delivered,2017-08-28 14:40:23,2017-08-29 04:26:03,2017-09-01 19:11:57,2017-09-13 20:32:05,2017-10-02,d06df5b5fc6e99a9bd649081144b88d2,2017-08-28
aa92db44dee25eaf72133833ce253f92,8aa2bf57305447ace1ca0679861ce644,delivered,2018-01-20 14:30:32,2018-01-22 13:50:52,2018-01-24 17:48:43,2018-02-02 21:23:11,2018-02-21,0633eeebc7a7c32abaceb172aac49996,2018-01-20
8a73d5c259820a920b0a1bdd8dbaa6af,d9cc456ec33e4fd2894879a6c285c37e,delivered,2018-03-09 11:12:29,2018-03-09 11:29:48,2018-03-09 20:34:41,2018-04-10 11:31:54,2018-04-02,1a2cf47541f12c76b47a16f98dc1e126,2018-03-09
a011a4e5841d3aa378c2cee15499dccb,9385bae8bdcb4a5916f0e2eabe1475b3,delivered,2017-02-19 16:46:45,2017-02-19 17:20:09,2017-02-20 14:32:33,2017-02-23 14:41:54,2017-03-17,04bc6bc8c31e8f72b6748a68f252ebf8,2017-02-19
e8bffd810656b2ec376f2e724ed5d0d7,35722c9192c86e5a3f6416d8a2e5f036,delivered,2018-06-16 18:29:24,2018-06-16 18:57:31,2018-06-18 12:19:00,2018-06-26 14:16:34,2018-07-16,0fc75386564a02fc4c0f37f0fb901aa6,2018-06-16
43101ee6b066954af2c1074445d240ec,b3eadd54a158b3e179e37ffcd09a97a4,delivered,2017-08-14 10:27:07,2017-08-15 10:56:08,2017-08-15 19:48:34,2017-08-22 19:44:57,2017-09-19,232276aa4684c636f797f7990389f660,2017-08-14
8ab912e617d7f994f6483cba8dfe66f5,626ed1dc1749a70eaa178b25c6d2b1f4,delivered,2017-11-10 18:22:23,2017-11-11 16:10:44,2017-11-14 16:09:45,2017-11-27 21:19:17,2017-12-05,ddb61ce69c4667e01505126e241a9537,2017-11-10
3d4c0e002a7776c781b81c8a08193522,2132ba99628c9fe848aaa7c1264501e7,delivered,2018-07-09 16:49:20,2018-07-09 17:05:16,2018-07-10 12:48:00,2018-07-23 23:05:02,2018-08-03,03c652e00648633dbc255fe7b1ec3a58,2018-07-09
e587da74353d520a30d8a30587229f22,20e75fcaff9e015835e787e7884d6bf4,delivered,2018-05-09 12:44:36,2018-05-09 12:55:57,2018-05-15 14:30:00,2018-05-18 21:11:57,2018-06-12,9f038bb9288f7927f307cde5ccc1a524,2018-05-09
cf3bd7d805afecc817b4c3abadafced6,9a93ed7b2224760d24130290941c2556,delivered,2017-12-18 23:17:41,2017-12-19 01:31:26,2017-12-21 00:13:20,2017-12-23 13:55:54,2018-01-08,906dd75072c23e4a71fe8bbb48c64066,2017-12-18
215d7142fdd00fa1b74d431776134c61,128fbd1489dd7982ba427dd3dc3f554f,delivered,2018-02-16 17:17:41,2018-02-16 17:25:31,2018-02-19 18:47:13,2018-03-01 22:49:08,2018-03-13,42c5e42dc84df66865edeecafc487b40,2018-02-16
0927272c1caea73a32570e9de18c2bb7,c0186800fe9bb6579c73f2b2345cce4c,delivered,2018-05-28 13:31:20,2018-05-28 13:54:44,2018-06-05 12:35:00,2018-06-15 20:17:54,2018-06-20,9648ed501d8dbf31fda943cd91da7d18,2018-05-28
19018a1b097164d2fadb3018902f3221,ca6daade283e024f6638daaef1dcb5fe,delivered,2018-07-24 14:11:22,2018-07-25 10:04:42,2018-07-25 13:04:00,2018-08-02 00:28:48,2018-08-15,ddfd8ae362d7f783fbbbf4a4d0b2c0ad,2018-07-24
97c404dfeae6c85bdf1e01bee13dddf6,121d975fd057bd1856669b183a42aec3,delivered,2018-06-20 15:25:44,2018-06-21 15:39:14,2018-06-26 14:06:00,2018-07-03 11:44:37,2018-07-20,edaf4daaef4cd93ac92da6a30d7621ab,2018-06-20
9b868eea4222da7b3b56036ba3412cdc,c36a266acdb217c575a4ece200f88952,delivered,2018-04-16 14:08:56,2018-04-16 14:51:15,2018-04-23 19:03:58,2018-04-28 11:48:49,2018-05-17,41da0af89b1e44bdc68855506c629a07,2018-04-16
ca850c73161fc3278d669cbd78b42035,46b22434607ae60187275007c9c806e6,delivered,2017-12-20 07:59:25,2017-12-20 08:10:08,2017-12-21 02:12:59,2017-12-30 16:58:37,2018-01-22,240d6ca7f1f29661932f1fefda62ec95,2017-12-20
0f26ca22e6ca8daaeba3f8b5c03f2769,1b1998bf9c67f12faa484f9254f45288,delivered,2018-02-15 12:15:34,2018-02-15 12:47:25,2018-02-16 20:57:15,2018-03-08 00:23:26,2018-03-16,eee1310e413fb21b3be31e4e80391693,2018-02-15
ed9122a05b31e08dfee728dbdc8a2e42,5dff24d9f9695d450bedd739eae31bb4,delivered,2017-04-14 16:44:22,2017-04-14 17:02:16,2017-04-17 15:44:03,2017-04-20 14:51:56,2017-05-08,cc68db9bd735565d39c8ffd3941ed347,2017-04-14
a39390147d69c333ddd022bdd14614e1,cb130341d9f37ef10b77e69cec8a1f0a,delivered,2017-07-22 07:12:13,2017-07-25 03:35:25,2017-07-26 12:33:31,2017-08-03 18:17:48,2017-08-15,238b185ed0913daa484898ace5e62c11,2017-07-22
ffaabba06c9d293a3c614e0515ddbabc,27f334c3f646310457b7ab3135cd87c9,delivered,2017-11-23 14:43:38,2017-11-25 03:51:54,2017-11-28 22:08:24,2017-12-19 16:19:01,2017-12-21,19c60787f1a478ec7345d03bc4298398,2017-11-23
afee33d890fd033519fe6309de74c611,fb87d8e165da802c640c324b05d7d8f3,delivered,2018-07-25 18:06:30,2018-07-25 18:24:14,2018-07-26 19:55:00,2018-07-27 17:32:32,2018-08-02,e99bdde3fd54f283c2a14091abcef6fe,2018-07-25
a96ff70398f289756fde50d1e0ed62bb,dc209078aac879d81cb29627ce96863d,delivered,2018-07-19 13:23:42,2018-07-19 13:42:57,2018-07-24 08:30:00,2018-07-31 03:46:57,2018-08-31,f7cb6525ea921db8a653633f798bf51f,2018-07-19
37197f05f26b5e5d97737023edcc9216,fac9fb409cebab1add7cc9f5ece2beb3,delivered,2017-12-16 15:45:02,2017-12-16 15:55:20,2017-12-19 19:15:52,2017-12-22 19:24:13,2018-01-05,187dec8d8ab22da33fcb5a66155b0643,2017-12-16
db7f983ea878a7a976b84460bfb45ff7,05509f014a28f5b61343cbbd74b2a486,delivered,2018-01-17 10:40:26,2018-01-17 10:51:24,2018-01-17 20:09:10,2018-01-30 17:37:34,2018-02-21,c9c7741935dc1782ad64f6cba1f956f7,2018-01-17
e347669c9f1e06e47e56b30477d2eb1d,e0087603db4731f4cff40779af5576b2,delivered,2017-10-03 09:29:51,2017-10-03 09:49:26,2017-10-04 16:57:55,2017-10-16 20:13:05,2017-10-31,7c044f2c874b8e3bed0c97e024d3774f,2017-10-03
4af998cedd7a730d91aadf2ff5416a71,3a13bb744feb2f88f27a735cd0adb3c3,delivered,2018-01-20 23:36:07,2018-01-21 00:02:35,2018-01-24 22:38:45,2018-02-04 19:06:50,2018-02-16,925e2f9a26476ae32a9043e4d062106c,2018-01-20
6286969c45053d1fd12f25d712734b67,e3daf28a8580a00c3fb420f53aa7fb3b,delivered,2018-01-16 21:53:11,2018-01-16 22:11:10,2018-01-18 19:08:49,2018-01-30 13:08:30,2018-02-14,92b1f753590f17656b5a15d21e2550bb,2018-01-16
09777f429af8cc60d951cad68db15b6f,99c0630472d3966ff63c3eda902c1740,delivered,2018-04-08 08:17:22,2018-04-08 08:50:34,2018-04-09 18:42:29,2018-04-16 19:21:51,2018-05-07,ec645f55cb99f62fb8a30e9d467b3e97,2018-04-08
a9d27991266888a1296ce1d63f767380,30facb8b391f9c46c757042b358b310a,delivered,2017-02-27 21:44:14,2017-02-27 21:55:15,2017-03-02 13:12:56,2017-03-10 14:17:37,2017-03-20,2fc88e2d49726199dfbd3b2b86298d72,2017-02-27
e76d6d6fbbef90b49c986259f44d2c20,a8cfc4868a3293b3f56a9da031a35e64,delivered,2017-01-31 12:54:44,2017-01-31 13:05:24,2017-01-31 15:30:24,2017-02-13 14:55:09,2017-03-15,4ece3c23c89ab319574f257763c717a1,2017-01-31
174c83fcd9eb7abaaba69d49ea92ba96,dfe3aca628a60d3258e5cbf50dea699e,processing,2017-09-20 16:36:47,2017-09-21 02:55:37,,,2017-10-16,8fbb82eab4c8c04cfb6d4dde526af178,2017-09-20
a23d281315a434afd0b7bf492ce6a579,ed41fe754f77becd2c70896dcc967aa0,delivered,2018-01-24 12:34:44,2018-01-24 15:18:24,2018-01-29 09:53:09,2018-03-07 22:45:09,2018-02-20,827b19392982299876c0aca1f92208c2,2018-01-24
cddedff311702945e9c62236026dc3dc,4dc4eaabbe6f83dcfce7ee1b31af8c43,delivered,2017-04-04 19:19:11,2017-04-04 19:30:17,2017-04-05 13:34:52,2017-04-07 11:19:42,2017-04-26,4e1b18809b98d358415a6aa0e4a8b84b,2017-04-04
b3ac86bf741341789a0603dc5f8b0ecd,a6704229ee78d78d49f01d64cc546bbe,delivered,2018-06-26 13:02:55,2018-06-26 13:16:25,2018-06-28 15:28:00,2018-07-06 17:43:36,2018-07-26,12396add37d1ba461ae358450b5c42a7,2018-06-26
7bf7859f5438406cc20d6f6485cd8b4c,ef663a650737cf78d60a58e37173bad1,delivered,2017-12-07 11:01:19,2017-12-07 11:10:22,2017-12-08 17:39:45,2017-12-26 23:38:58,2018-01-03,509f42f39529fe1be81dcfbb87efb93c,2017-12-07
c4719d30d03c72f392f08ca851924d93,f0fc9cc83d6c7baafa96cc9d3e06297b,delivered,2017-11-28 14:26:10,2017-11-28 15:06:39,2017-11-30 19:27:09,2017-12-02 00:32:31,2017-12-12,31c4b2ae7129f394dbc81de2b4225672,2017-11-28
18c528b07b50f67122420d4b645dc84c,eb1df600a5bb309af1609d1fdad074ef,unavailable,2017-10-25 13:37:41,2017-10-26 02:56:53,,,2017-11-10,46874bc6fc16480a98c60bbc364d87c3,2017-10-25
99d4cf1fbaf4104549feed3c138f63f7,a0ba455ec2854970e286ce33e4823416,delivered,2018-01-25 22:32:50,2018-01-25 22:56:57,2018-01-29 17:27:06,2018-02-08 23:51:53,2018-02-23,fda1438f0badd2e3724bd6c459e1cf68,2018-01-25
a452fba32eab28a4a62af18eed010c0b,5b316feca7e939c2199a4ee7223e2f51,delivered,2017-04-04 23:21:02,2017-04-04 23:30:19,2017-04-05 18:40:12,2017-09-19 13:47:09,2017-05-04,8797ab21284e4c29f9b4661f05b52da2,2017-04-04
1e1f2f647008bb63f8fb6cfe18d64467,fb07a605560bc106800598d5f35f408f,delivered,2017-12-21 17:03:45,2017-12-22 02:51:16,2017-12-22 19:42:34,2018-01-04 17:33:48,2018-01-24,08be381b4b9e40a1acdbc7c6fd2ded86,2017-12-21
84d965c9482e83de042bcb2ed7330012,60fe1393f116cdef02aa0dddaef478c1,delivered,2017-09-25 06:38:35,2017-09-26 06:33:44,2017-09-26 12:49:39,2017-10-03 20:23:40,2017-10-24,ef31dc303645bce3b18a77bd835e6273,2017-09-25
cf68118a73d946c12f379bfcaa85e9f0,abe66a9f3f9742536d9a55cc91e7713c,delivered,2018-07-23 15:06:22,2018-07-23 16:04:55,2018-07-24 14:53:00,2018-07-26 01:51:50,2018-07-31,a0703c4bf5b8f73db4ec86c8a1b7e71a,2018-07-23
f27ae17adead1c0c2c6bff69eeb86231,104cbc90f897e27349a2b2e9c480980b,delivered,2018-03-06 09:12:56,2018-03-07 03:08:32,2018-03-12 14:34:23,2018-03-16 17:48:54,2018-03-16,a0400f96d5021c703da567f7c72adca2,2018-03-06
2f655d9169f2159a439e96af86d28c12,2054e51b51d3fb89f5a3cc798fa4b2d7,delivered,2017-07-10 18:52:21,2017-07-10 19:05:13,2017-07-11 13:39:42,2017-07-18 19:39:38,2017-08-08,9a35a087e9b5bc3308a27c46377e71d4,2017-07-10
81d9549a0a8197c72b338f870174f397,3799b47e65ccc4c1e46c70278f711345,delivered,2018-02-22 20:02:39,2018-02-23 14:40:29,2018-02-27 02:34:05,2018-03-21 20:19:00,2018-03-19,f1bb31004fcc6a184a04fab8fb0b2106,2018-02-22
364d9b97d95d0b5128f8c03467a03f04,efe8a9fc12246a46b2b6ee7344b9d03b,delivered,2018-05-10 16:31:34,2018-05-10 16:58:45,2018-05-14 12:02:00,2018-05-17 19:05:34,2018-05-28,db81bb2957d6c37e26f1d2436ab13e49,2018-05-10
5529158408e1c0b045ebb99b4d2fc5ab,b3a5d378512cc5c171a202a03122dd26,delivered,2018-01-09 19:33:25,2018-01-10 10:32:21,2018-01-19 19:52:14,2018-01-30 12:44:47,2018-02-06,8f1794300ad248a55eae07168219ca15,2018-01-09
0fcb1e2570afc2d20d3e369a90a39f94,42e6246ef081bd717d7bcb5ef7591a67,delivered,2017-08-29 10:18:09,2017-08-31 02:35:12,2017-09-01 21:02:37,2017-09-11 19:17:33,2017-09-19,9dd06802a9280b3ab0f399e7f04992f8,2017-08-29
fbd5e05472d96478065c44184440fe42,4e34fbf90d1ee5a1c45a85287186b7bc,delivered,2018-05-08 17:09:47,2018-05-08 17:35:05,2018-05-09 11:18:00,2018-05-16 12:36:55,2018-05-29,ac4660b9e431ccd9dc1eeccae0368002,2018-05-08
0382a97e1263d0013315090a6f4714f4,b81dbbd9b626394ff08e4ef7d8b19555,delivered,2018-05-09 09:42:35,2018-05-09 09:55:12,2018-05-10 08:53:00,2018-05-15 12:24:41,2018-05-30,90335619a821b1b6e74cbb0c8cacece1,2018-05-09
cd68632e7dc6d980f29dc6826a936d03,0a9b104fa661da38bed249cddffb4ce3,delivered,2017-10-18 20:07:25,2017-10-18 20:26:20,2017-10-20 17:54:02,2017-10-27 15:19:09,2017-10-30,84143652c76c6c5b56af10e53c16ec8e,2017-10-18
4f9b0bffe6ac71baea3848199b860f19,7a06b74ea00884ea9b93c22109473199,delivered,2018-02-07 23:55:04,2018-02-09 02:55:44,2018-02-10 17:05:51,2018-02-22 21:38:54,2018-03-14,110991b379efbcebb0d35cbd20bf9698,2018-02-07
ac046246a304e47bb50a9c923430aa55,6c8f5fc2f614c15dd249aa01a28958b0,delivered,2018-08-07 22:40:08,2018-08-07 22:50:21,2018-08-10 12:49:00,2018-08-16 19:26:57,2018-08-29,e07cddb94e7699c001f366b6ab7c62a1,2018-08-07
7af96e4998e17a87ca43a79b93e112c9,1c00c415c262d2dc99886b3b272bbd4f,delivered,2017-04-07 19:18:25,2017-04-07 19:30:14,2017-04-10 11:19:32,2017-04-20 12:45:43,2017-05-15,66b6a4cf3097402c20573dd906846461,2017-04-07
70a1e101876b8237f37d9f386090801e,4ce1ca1eff53aaba56568f8dd4465f56,delivered,2017-08-12 15:33:39,2017-08-15 03:43:59,2017-08-15 15:17:31,2017-08-23 18:54:58,2017-09-05,86b7be8e3ba4d83d6a477c729246c277,2017-08-12
f300600f6249f0d8040644e6a39d134d,355a3acbbb6e562f2221b26de02308de,delivered,2018-06-25 17:58:26,2018-06-25 18:14:40,2018-06-26 13:28:00,2018-07-03 01:48:46,2018-07-24,31ea38714274af619a3a0f6a152d2eac,2018-06-25
0f63563be96b463e62d59a8d51ef5d3d,4e781ddd3194d45d2eb1b9b479a46cff,delivered,2018-07-17 11:15:03,2018-07-17 11:25:08,2018-07-18 15:10:00,2018-07-23 22:54:49,2018-08-08,c2fef730f50532712cf5c456c0f169c1,2018-07-17
f236819e9a9a500d22e10f03b877affe,cd5cae2f79217a00697a334d9c26ffd2,delivered,2018-04-28 12:23:08,2018-04-29 12:15:14,2018-05-02 12:26:00,2018-05-15 18:18:36,2018-05-28,8bae8b28a1ab59e76aba10a2ef1deceb,2018-04-28
e1000df659259b29cb73a4798ccd7454,feb21f4291037a45288a6266d66a0096,delivered,2017-01-18 23:02:45,2017-01-18 23:10:20,2017-01-19 15:02:12,2017-02-09 12:33:46,2017-02-28,7bc7dbe918ad4e7bd68abd2479727ad6,2017-01-18
3a0fca622908ee6ccd5f9f2ff9e41d91,7022ca80e9e04a1471c83127cbb653a1,delivered,2017-11-27 01:09:46,2017-11-27 01:19:22,2017-11-27 19:21:55,2017-11-30 03:33:31,2017-12-11,102597f79f0e858d997fb7cb208a3b56,2017-11-27
df8b7f153141f7be72d422ecae000dac,9c28140f25d740d75f46e9097da4970c,delivered,2018-04-28 16:11:52,2018-04-28 17:33:32,2018-05-03 14:00:00,2018-05-14 23:38:35,2018-05-28,eae3f6d1d783ea71988a3171c084d203,2018-04-28
d24be64fd6aadd3a06ae6afcf8785cc2,af172a1f0e9f76b6ae7b00ae07d1d035,delivered,2018-06-26 13:56:10,2018-06-26 14:17:16,2018-06-27 11:30:00,2018-07-06 16:17:22,2018-07-23,f14f9e4261e5a4543e35297cf9ced50a,2018-06-26
6ff7f56a09daeaed69f90107b12f32ab,545437b420c5314158794b5e5775cf57,delivered,2018-04-09 16:20:11,2018-04-09 16:50:13,2018-04-10 20:08:40,2018-04-16 18:21:58,2018-05-02,9edb393b5dd963808653d67e0b5884e2,2018-04-09
9cd5f349a759d059719d6f62cb3f84ac,eb67fcd5ae441f4db7c2e8046d632d34,delivered,2018-02-12 00:37:17,2018-02-12 00:50:35,2018-02-16 20:22:18,2018-02-22 17:18:53,2018-03-06,4bc3a049239b7e4a967a5c647bbc37a3,2018-02-12
0493cfcda1fbe4c59f584aeffa96c098,dca277531e8f668e6053e87b931f3b93,delivered,2017-03-03 14:22:17,2017-03-03 14:35:08,2017-03-06 11:08:16,2017-03-08 13:41:52,2017-03-27,e69e2b2ce493d7d2307b2588fd1614bd,2017-03-03
6ab6cbb9cdca38f755b319eac5846cca,736bd801b86c04f6b4444612b85aa752,delivered,2017-08-05 17:06:17,2017-08-06 17:10:18,2017-08-15 16:56:38,2017-08-16 20:32:33,2017-08-24,deaf43df587c0c73beb03ce9b565a4d5,2017-08-05
823f12d0e5ac14425963e6c920a6790b,e27552faadc9dcd4149c182e7b3e03d8,delivered,2017-05-12 22:39:27,2017-05-13 22:45:14,2017-05-23 15:28:00,2017-06-05 15:09:55,2017-06-16,7a4792a55a279aeb4947d9c8df2cdf7d,2017-05-12
4d91816c61cb9557eb207bcbf0929f44,9ddcd7504deb234b14f0d44bb47de04f,delivered,2017-06-10 12:53:02,2017-06-10 13:10:12,2017-06-14 15:34:08,2017-06-19 20:03:40,2017-07-05,ab0f956f72812ae4636be4e15b58031e,2017-06-10
e166acfe96bd9d1f25a6c905d7ca39fd,0504a5d74832ef83b263972cc39d7377,canceled,2017-08-12 14:01:23,2017-08-12 14:15:18,,,2017-09-05,baebfe959a654aa97bd3e0b179a31c3c,2017-08-12
d774b8d135addfe83ea0616b71a2f32a,02adbe89ad145c99f20d1f715635c7bc,delivered,2017-11-08 21:11:45,2017-11-08 21:26:59,2017-11-09 22:23:58,2017-11-21 20:14:10,2017-11-28,ee2e6bc257be86dc7ddd9e85736cc5ec,2017-11-08
23e7258eff14f598753311325d867bbb,028c9129dd37494e17a3bf2adb34746d,delivered,2017-10-31 22:02:33,2017-10-31 22:15:08,2017-11-01 17:35:35,2017-11-06 20:21:31,2017-11-10,5719f174d975c4f7b6a06e7c0a50401d,2017-10-31
326a77a98aee180ac470bed8a09b406e,ee7260542fb88da65ec17ed913f499f6,delivered,2017-03-06 16:43:15,2017-03-06 16:55:14,2017-03-07 14:08:01,2017-03-17 06:14:01,2017-03-23,c0e3fb019e82c119e210fede624d5aa6,2017-03-06
d555e208900fa538476880123fe0bf31,86b212924fe60bc925c0a8f0b0b14d87,delivered,2018-02-23 22:11:15,2018-02-23 22:27:36,2018-02-27 19:22:30,2018-04-03 16:16:34,2018-03-16,ff34c08907d0c7fc61e906ed427f5377,2018-02-23
bb5247b3ad417db4b026c3d57e458a46,d71491ab8f43d315aa8efa10a1dde339,delivered,2018-08-13 10:48:58,2018-08-13 11:04:25,2018-08-13 13:07:00,2018-08-22 19:28:55,2018-09-13,a299fff2a8f6c4c85b94b32ae35de8e8,2018-08-13
4344a4b2bf0aef578e958bc3111b7c63,8a9e3fa1b04cb91e2a8565cc5927c4a7,delivered,2018-03-22 09:31:18,2018-03-22 09:49:09,2018-03-22 23:26:36,2018-03-31 11:56:33,2018-04-10,bb2c6ce06cdb390d1223f021a9cc0943,2018-03-22
8716d097800b4155b24097b15ff45fe3,f8a55986bb0726b065364dd2ff6b84f9,delivered,2018-06-09 20:40:09,2018-06-09 21:00:07,2018-06-21 08:25:00,2018-06-30 16:12:41,2018-07-16,70cebb167c653a77f82e4443b4bd878b,2018-06-09
513ce9adddd9478074b801c06baa35d7,d9411be276b93a17b62919ef279125dc,delivered,2018-01-27 16:39:17,2018-01-27 16:53:11,2018-01-30 23:38:39,2018-02-26 10:32:43,2018-02-26,ad6828f90054c2596dbe580a7d6b8602,2018-01-27
c8ea1ac95f4f994f94fb57e99dcca985,54cca8020b69fbb204ac117154b079b7,delivered,2017-01-14 01:16:14,2017-01-14 01:30:17,2017-01-20 15:20:37,2017-01-27 09:22:38,2017-02-14,6b5c621e7785587af556b3750d9e075f,2017-01-14
7f09825a97c672aaad3bd6d4f7e5ebf4,bcc5a972d84f2adad7ddb44d42ca33b7,delivered,2018-03-10 22:42:17,2018-03-11 22:35:29,2018-03-14 18:32:05,2018-03-16 19:36:44,2018-03-22,68d2878b16109719b7ec34b9c1fc8abe,2018-03-10
de2ffdb58d14dd76c8863458e5be6b72,47c87e5d66159cc2b5907f9892b4144d,delivered,2018-03-08 21:34:01,2018-03-09 01:03:08,2018-03-21 22:16:37,2018-03-27 21:55:02,2018-04-04,272e2e4560ce5ddcb9ba80598a00f964,2018-03-08
56aa3b6b2c30314ee80914fea9543573,70972230081174ffa0f073a7fa56d95e,delivered,2018-08-08 19:46:37,2018-08-08 20:04:53,2018-08-09 15:15:00,2018-08-10 20:48:30,2018-08-17,c2d79e2aec1562aee14ac1e8abee4c17,2018-08-08
10ed5499d1623638ee810eff1deccded,2bf569d940353f09136cab77b1e0e5a2,delivered,2017-03-21 13:38:25,2017-03-21 13:38:25,2017-04-04 16:30:16,2017-04-18 13:52:43,2017-05-18,7d4dfc0bf8e640018fb91f2dc519aaf6,2017-03-21
c141123e3bc9866f39f5dd9a3b3bdefd,25941254085022c9513a7b83203bc2ab,delivered,2017-02-04 18:25:27,2017-02-04 19:04:40,2017-02-06 09:06:39,2017-02-16 19:15:41,2017-03-13,e5a9aad30b1ab64fcbcbfb64b0959b10,2017-02-04
e9e55b29d529e773405084277bdf7659,0bb834758b9161844659f3d641da02af,delivered,2017-08-12 11:21:24,2017-08-14 13:55:16,2017-08-15 19:52:02,2017-08-23 18:24:14,2017-09-20,4994e3301734485d0f0f448377068f3d,2017-08-12
ddb580e0827e6b997875e7b5612b8093,dae88014152d7b4f68f7faf14e63b8f1,unavailable,2017-07-17 21:00:11,2017-07-17 21:15:14,,,2017-08-04,e0baf07bac49e0b01d1b7176922ea2c5,2017-07-17
fa9b87fd80f047ab5016c45aa05fd748,b27c551e43c1966e610d4f4563490c75,delivered,2018-06-23 21:07:21,2018-06-23 21:37:04,2018-06-25 10:51:00,2018-06-29 22:19:02,2018-07-19,0815eecb45410da84241a60e801934ba,2018-06-23
e7bedec1d62ead92670286e03350ee2c,c3b225d6f5e918b9fe48254413e27ba8,delivered,2018-04-30 11:04:32,2018-05-02 09:14:50,2018-05-02 14:26:00,2018-05-15 16:54:59,2018-06-18,ddd2a389934bfd50ce3bde06379fdaeb,2018-04-30
f7fcd725cd824aa64ca719bb28ba81aa,1f059b871125fea14ec05a2310a238e1,delivered,2018-01-14 17:51:55,2018-01-16 04:31:01,2018-01-16 23:29:07,2018-01-19 21:26:53,2018-02-05,4031ca058d30671147202f985822840d,2018-01-14
c401e0f907a3a0912a86473918b3aaa0,d5b3a9ad345f7f2d9580fbda193f1f92,delivered,2017-11-28 12:58:32,2017-11-29 02:16:49,2017-11-29 18:37:08,2017-12-11 20:33:02,2017-12-26,61e68a3f101b25112cba6e04dd645869,2017-11-28
c21a68b298ad2f57646d554dcb49fed8,ea3985a57e4a42204cfb13b4ee2ed742,delivered,2018-02-22 12:05:03,2018-02-22 12:29:27,2018-02-27 12:56:37,2018-03-23 11:39:20,2018-03-16,248b4ff560c0d08b8b1bdbe0d1cf038f,2018-02-22
e357bd17c927530e59b1740987b906d9,2d8ac47c29ec811ab30529fb46ec4e03,delivered,2018-05-06 21:30:39,2018-05-08 19:35:04,2018-05-09 17:12:00,2018-05-10 11:02:59,2018-05-17,a161dff7275cf950f43ceb2b6eba091d,2018-05-06
35d68a1aa52f9ac1fa9aaaef9fadf355,b384da580de5e67a8bc4f8f585fdebf6,delivered,2018-01-25 09:46:25,2018-01-25 09:54:28,2018-01-25 23:52:18,2018-01-31 21:03:59,2018-03-01,55a03f067a142cdde9f79f95a161b257,2018-01-25
0e33e4ed66579e92794c46a5232e51dd,54b25e37167d27e20dfd4dddfbf49faf,delivered,2017-07-28 09:06:33,2017-07-29 02:30:47,2017-07-31 19:05:53,2017-08-07 20:58:31,2017-08-21,b038eb2707016c0d3eddb7da58778f57,2017-07-28
ecf330e2463767d0a37a17786360899b,f98b1cd40f447698ca15964728343a7c,delivered,2017-08-04 19:47:07,2017-08-04 20:03:31,2017-08-07 20:47:38,2017-08-11 21:52:57,2017-08-28,57397552a215b000df85ea250a2521c7,2017-08-04
338a7a740ce2d76ea9baa4f7ca2e81fe,1df9eaf9dd553c1fc6a84a7b84cd7176,delivered,2017-08-11 17:02:58,2017-08-15 03:50:25,2017-08-15 21:27:26,2017-08-23 19:50:04,2017-09-06,4704ad58366935f13d3f877aeff5f2af,2017-08-11
2e404f3ac4dd39d7054b4cbb88ce2c35,85ebbb19844b7b14f228ad32727d272b,delivered,2018-05-04 09:49:02,2018-05-04 10:11:27,2018-05-04 09:41:00,2018-05-09 12:08:37,2018-05-24,0b10c1c24ada0c4b1e879dd8d6db02fd,2018-05-04
04d95724f8e595ca13c0806541d39973,e95994d81b2fd9150bace0cd8a7b8024,delivered,2018-03-19 10:05:40,2018-03-19 10:27:03,2018-03-20 17:12:19,2018-03-21 18:24:20,2018-03-29,9eb77967122094a4eea4084933b47a1e,2018-03-19
9bb54391d0f998f18309470a84b2252f,c264c56f6d9b10e20a7ea7244b213640,delivered,2018-07-09 19:33:08,2018-07-09 19:45:16,2018-07-11 07:08:00,2018-07-25 21:11:53,2018-08-07,68ccd40cd9912e278fc87e3ac7857c53,2018-07-09
9e2d5a5568e945a766c01200f5f3cdc8,ec797945bf13ab061fb9cdd8aec60b34,delivered,2017-03-21 11:03:03,2017-03-21 11:03:03,2017-03-21 12:05:44,2017-03-28 12:47:50,2017-04-07,7ef3aebbec03e03f5a358f09486d4e1b,2017-03-21
b0bc656fed47584c160f8cff2d7b8bbd,f4ad1c9eb0bed4469cbe0ff8f47bf634,delivered,2018-02-27 13:56:12,2018-02-27 14:10:22,2018-02-27 23:04:47,2018-03-16 14:16:19,2018-03-23,86243f3e50e3b844b1d7bd850c4d2623,2018-02-27
84bcc016602d9c00bc5178837cacf7e5,b88e5fcb328ccbab9b165162de7073e3,delivered,2017-06-23 10:32:48,2017-06-24 02:43:19,2017-06-26 09:47:43,2017-06-29 15:42:04,2017-07-13,cb4524748ffab8550887a6616f2d3987,2017-06-23
4b8a3b3d574a15cac939eb0a2d4fecbe,7e8489343c128db8db8b4972a4abf343,delivered,2017-06-28 13:10:30,2017-06-29 03:04:21,2017-06-30 13:54:38,2017-07-12 16:23:33,2017-07-24,e2a703100c9d704eacbf7674ab6b8a50,2017-06-28
fe17148ab6bdbcf44f2da8a81c4ace85,777f62d9fa8a90d9536308bfa4181ab5,delivered,2017-06-01 16:25:59,2017-06-01 16:35:18,2017-06-02 15:09:55,2017-06-08 15:22:10,2017-07-03,7b0c6d23f63492a88b0ace687720a84f,2017-06-01
2ce48a416ec4c72a129f73b550eecdbe,bb510d62433caad1abb45b96fa79ab78,delivered,2018-06-05 14:26:11,2018-06-07 02:54:58,2018-06-07 15:32:00,2018-06-20 00:12:18,2018-07-17,4a4ee8c87329844526920a2d4ba5a2ba,2018-06-05
b29bd22b23303a9d539e7dafa573e282,20a51aff4b6703b2097dd814ab6ec6ca,delivered,2017-07-03 16:27:17,2017-07-03 16:44:44,2017-07-05 15:04:27,2017-07-12 19:44:47,2017-07-27,c4198aac60ba445fa469495085d7b0c3,2017-07-03
b9c18637e3b8ca78ccaa2aa1e5a947c7,755cbdd9590787b4213792e83aa3a709,delivered,2017-09-10 20:47:54,2017-09-10 21:03:40,2017-09-13 14:04:08,2017-09-19 18:48:53,2017-10-05,9a824caef5a2703cd95d959c002a3e04,2017-09-10
c7516640b8d59bcd16994661cfd3aa9b,76a7d53defecd1dcdcc056867ee18ea1,delivered,2017-11-22 21:04:11,2017-11-22 21:13:26,2017-11-24 20:48:35,2017-12-05 17:44:36,2017-12-13,3c2736024b94bb85a0972029c49dd353,2017-11-22
b4accb9267acaa3fa236556695bc497d,a32b6f71f1fab7f00b04a1e0eaf34e9a,delivered,2018-02-14 16:41:24,2018-02-14 16:55:55,2018-02-16 14:27:45,2018-02-22 19:22:38,2018-03-09,04f5c77d3b874a3faa6fce234550448e,2018-02-14
5a7b40567394cf2a17b67ace5ea32329,d1ed41bc427405c1efa9aa30cde87249,delivered,2017-09-14 19:16:36,2017-09-14 19:25:19,2017-09-15 16:06:02,2017-09-24 13:14:56,2017-10-04,4fe18ceb1eb7dad8e1af63c263cadee2,2017-09-14
9529626cfc1865093c15f4a2c73346bc,dbdbb1c84857a77d65433e50db98ae7f,delivered,2018-01-31 16:37:20,2018-02-02 02:55:47,2018-02-03 01:48:55,2018-02-20 17:39:26,2018-02-26,e0550cda7db9c4702c31b917f67a5122,2018-01-31
94e5bc24a8c72a91a5fd82d86e186f8a,f76dd3ab12e755b609d13bd9c9dbdf6e,delivered,2017-11-27 20:58:30,2017-11-28 03:31:41,2017-12-06 03:03:35,2017-12-18 18:49:05,2017-12-26,adf208f77bb92d647117adaa1a7ef566,2017-11-27
1ec4b633f3c13e37a6207860df692d33,27d2ad0dcbca21dc78f6a4e7c94b1e4b,delivered,2017-10-15 10:59:23,2017-10-16 21:35:13,2017-10-17 19:14:55,2017-10-25 21:11:49,2017-11-14,a600326c4b39923579b9bcd2f5274fef,2017-10-15
3d1a23961fdfd767d8596bd2851bdb5a,c096164be716e1a2fafd609517dd9e83,delivered,2018-03-28 08:25:56,2018-03-28 09:35:16,2018-03-29 19:47:54,2018-04-09 20:58:30,2018-04-20,1dd4371debf6ebd102addd0e6a80c30b,2018-03-28
f621eb68770cb38f60aaa21464f12b42,7becf6b637cf3ea7924d105a6ac24428,delivered,2017-06-25 16:29:27,2017-06-25 16:45:07,2017-06-26 15:40:55,2017-07-23 15:04:19,2017-07-28,7124bb2d7b187141a97b4576d9838de7,2017-06-25
cca5e85092bfd9c1cb6c4d936cd86ecd,49d3feed347ec8f74aebf675a422a21b,delivered,2018-03-16 16:08:08,2018-03-16 16:29:23,2018-03-20 13:42:47,2018-05-05 12:53:58,2018-04-19,d1d3fd01ec409babb65d01e3d41a554b,2018-03-16
fb68a5c83b3883b7d059c2d799db4b20,967ccb59d2cc42657842f08146dfcabe,delivered,2018-04-06 11:17:17,2018-04-10 04:10:47,2018-04-12 02:28:25,2018-04-18 17:03:07,2018-05-04,3e43dc6f50cbde4da46b2fed0421cc5d,2018-04-06
1ed0a0954b445954a0117c4aaf449e28,7cfe835568484ae12607a6700d6aa8ab,delivered,2017-11-14 06:02:08,2017-11-15 02:51:42,2017-11-20 19:02:46,2017-12-01 20:07:25,2017-12-07,42dd36986ade63fd7a225c91ba318f5e,2017-11-14
efa916a75b5d88fd21c5e217c691e81b,ee77f26187dacda2a0bb88236aa24bf5,delivered,2018-06-07 19:42:40,2018-06-07 19:55:49,2018-06-08 14:23:00,2018-06-22 01:08:28,2018-07-23,30f2769b3662f1f1a6a6693b34fb1810,2018-06-07
19361ecbebb52b787fc148e67ea73494,80accc68a8e6bbeab5b9da8b0e6d0b69,delivered,2017-11-29 15:33:17,2017-11-29 15:59:49,2017-12-02 16:44:47,2017-12-26 17:57:05,2017-12-28,1c957fbdc3139e4172c8c5a82f90da22,2017-11-29
eb6856a5040be42730df3dd8004a39f7,e23b113ed856cbee0875a148b8890bcf,delivered,2018-04-24 21:42:31,2018-04-25 21:51:11,2018-04-27 12:32:00,2018-05-05 01:03:20,2018-05-17,af4faefd3ee2a30f153bb605031e7afa,2018-04-24
47deff0f69fd02d0085bd77d6c9c0181,c1a2b2493078b7f26bff65b957104f58,delivered,2018-07-24 11:03:25,2018-07-25 03:04:44,2018-07-26 13:13:00,2018-07-30 14:48:44,2018-08-07,f091cb60c97d35a42101a95cb825f821,2018-07-24
2b109e28d89747fb2ab26a44ef4fe92b,9eb8a642c77dc5890eca62602f142e46,delivered,2018-08-18 14:48:50,2018-08-20 12:10:43,2018-08-20 14:20:00,2018-08-24 20:06:41,2018-09-05,91c2fa1b2d3b2e412eb8815559b2f36f,2018-08-18
2827c188ab72cdf3deba6e5058e9dcb1,6a403dfe7623d1672b0b17ae8cfd6f89,delivered,2017-05-16 10:35:37,2017-05-16 10:50:12,2017-05-17 11:56:58,2017-05-23 10:24:04,2017-05-29,3c1b119e825c18b2394bf1dd637efa59,2017-05-16
57796a616d95192ef9a47a6634733f89,6822dd282ac1554e7bcc5e1755465ce6,delivered,2018-05-26 19:30:51,2018-05-26 19:49:40,2018-05-28 13:27:00,2018-06-12 19:52:18,2018-07-05,674e552503d21cd547fdd0de0bfb9be2,2018-05-26
b69113e2cb7e946f2aca03d4eab65c0f,4abe2ccb6ff7688f9b478818219d1387,delivered,2018-03-07 15:59:01,2018-03-07 16:15:43,2018-03-08 18:42:32,2018-03-20 19:44:25,2018-03-28,eb7a8b5f0111928b9e16d4a2899fb4d3,2018-03-07
eaf2b5caf6a00cc9f8a1fd9117ff924b,88b39eb19b4af48b2a6c853da0c0383b,delivered,2018-05-16 11:26:43,2018-05-16 11:35:28,2018-05-16 13:36:00,2018-05-24 15:12:09,2018-06-12,5a75094cab6417eba0f704979be6b007,2018-05-16
dec16faa1b0d9cf85ae3630def401cfb,43e4b82bff1bbd31273b414af1183c9d,delivered,2018-03-04 12:26:31,2018-03-06 03:49:40,2018-03-06 19:04:20,2018-04-02 18:31:44,2018-03-21,b714d0735d6c9bb2f91070e1e124706e,2018-03-04
0de4d39666b134214c03a51f7d1eba45,bf7ad117f78331b6bba8bec4aa1ad3c2,delivered,2018-05-02 19:39:20,2018-05-02 20:53:21,2018-05-03 14:40:00,2018-05-04 20:11:52,2018-05-15,f42fa30f77836e4a09811f0a7c445aa1,2018-05-02
0c0432a85e60b5eae5f6b1e0c3ea9e0b,b6f5c3a185c33b9c12a722c46f5215c8,delivered,2017-11-29 14:25:30,2017-11-29 14:34:40,2017-12-06 14:55:18,2017-12-19 21:28:44,2017-12-20,4dca9ec3be0cfb434835665ae60a4b2f,2017-11-29
8d6ed3e982e12a1684b31540309e044b,129468ef8647b08efc12e04af8506cfc,delivered,2017-09-13 15:10:21,2017-09-14 22:25:39,2017-09-19 20:19:44,2017-09-25 17:32:38,2017-09-29,005ff4ebe100db3eebbe6f7b19a8f99a,2017-09-13
d3775e436e60258e62e678a0f68a0f8d,b07bedd33ee49d60100a0edef8c9e237,delivered,2018-01-23 01:12:12,2018-01-23 01:19:24,2018-01-23 22:51:59,2018-02-28 22:15:11,2018-02-22,94ab38525c16d9d5ce977b3fe3405ab8,2018-01-23
7090915026396fe970a03b8c4c6f0d95,479ec951e193807e2d8b3665b9c35502,delivered,2017-12-08 17:24:11,2017-12-08 17:32:27,2017-12-11 20:59:01,2017-12-14 21:56:50,2018-01-05,462a44d8fab1c2e33de384b330eb50d1,2017-12-08
afacb4d50c5827bd19cc5e0c7e3d307e,0026955706fd4e2fa997f3f4c18d485a,delivered,2018-08-20 11:23:45,2018-08-20 15:11:24,2018-08-21 09:33:00,2018-08-24 14:31:46,2018-09-04,47b6bc410befb9fa30a4c029dba944e5,2018-08-20
be0c138d4e6f463a36ed1cffcac6effe,d3aa335c99a06c2ce4cdd19fcaf444d6,delivered,2018-02-03 13:11:45,2018-02-03 13:30:36,2018-02-05 23:34:16,2018-02-07 19:53:12,2018-03-01,88fdb06f30e355fd87d80b34a90d259a,2018-02-03
38b6f49502e64935521c6add952c4b84,510621143098ce0fca940026d20126d3,delivered,2018-04-20 11:43:05,2018-04-20 11:55:24,2018-04-23 10:15:20,2018-05-15 19:28:52,2018-05-25,2755a0daa4c02d1b3093fe97a5ee414c,2018-04-20
0e98b09e43ae533343cdcb8b766dc4f1,8de9f19b9ae067619053a1bdc8dd73c1,delivered,2017-08-07 08:52:22,2017-08-09 03:04:11,2017-08-10 19:00:17,2017-08-16 20:22:00,2017-08-29,a280c70428d6e5c76cb00c1173b454ca,2017-08-07
eb4d645f0a565f91e489a626b9b22334,4cf76a034161c9ca5e11089c3771c439,invoiced,2018-08-07 13:47:04,2018-08-08 07:10:13,,,2018-08-13,0e7306dba2ffb5776465f174446dc45d,2018-08-07
518180932a657bc87784d978e586649b,3b27da18d64ee8f7fb30825de5d4e78c,delivered,2018-03-13 14:56:35,2018-03-13 15:10:32,2018-03-14 22:03:38,2018-03-19 21:21:49,2018-03-23,c8eadc17e79fccb2c2d59598a56a377e,2018-03-13
b525c6d19f79d13ff968c544e517bafe,860f2edf83e2e21d5fdb5217f7635753,delivered,2018-02-14 20:56:34,2018-02-15 21:31:53,2018-02-16 19:25:07,2018-02-23 19:22:41,2018-03-13,002ef00822613c94613e60e03b169fef,2018-02-14
e1da670d323874bc4ab65a65fd87eb05,0706bd15777b939c99aa344ccb34fbb1,delivered,2018-08-14 16:04:40,2018-08-16 18:50:23,2018-08-17 14:22:00,2018-08-23 23:28:27,2018-08-27,ff2bb81a3a9531c436759613020fea08,2018-08-14
af63cdbb7da9c3dad9a96da39e71d19c,b2f7f9472b10903cea928ec4ca8cf2ba,delivered,2018-04-05 18:49:21,2018-04-06 18:48:59,2018-04-10 22:51:33,2018-04-19 13:58:52,2018-05-02,4e53380894a2b91871cfb7da8ea88252,2018-04-05
bbd7d3538d78b65d6bb78426d6c3d440,e88136596ab5944d24a59953d278e97c,delivered,2018-01-20 22:20:23,2018-01-23 03:52:46,2018-01-24 22:36:37,2018-02-05 20:03:47,2018-02-19,cb4e82ebd60d19d259c6e4a6904fda40,2018-01-20
374bf858fdba6e44eed4fe7871a61dfe,c69b77c1f493621d22d5197faa4f21ca,delivered,2018-04-07 13:32:16,2018-04-09 08:09:32,2018-04-10 21:54:33,2018-05-01 00:48:40,2018-05-14,fd3ca4b3072620f425dc5968d5597c06,2018-04-07
bcd3f0c10ca729cd572b499317d287d8,5a158dfc1554dd2b4fe7f3c2581993bd,delivered,2018-04-21 20:54:40,2018-04-24 18:06:13,2018-04-23 21:57:48,2018-04-25 23:04:31,2018-05-17,226d8492cd55fd6578273d063044ddee,2018-04-21
7f877edba51577b9054e7490ab7469e9,9aa6f4346dce412af1c614f252bebcc0,delivered,2018-08-15 10:59:53,2018-08-16 03:26:01,2018-08-16 14:10:00,2018-08-21 16:03:31,2018-08-30,b114cbd7897cdd2c233f77095ae808f8,2018-08-15
b55b34e107238df26137bc117f892827,d28767001f8090e62a952170fab647e7,delivered,2017-12-06 22:55:35,2017-12-06 23:12:50,2017-12-08 23:48:20,2017-12-11 17:29:20,2017-12-22,7379b57a7a2b9aa2741a1c564138b99a,2017-12-06
1f7db95b8fd2c7432d59242430cb2163,e046f992a304cc92e1b00d7fccdf1c42,delivered,2018-02-08 10:33:28,2018-02-08 10:50:22,2018-02-08 22:32:28,2018-03-08 12:36:34,2018-03-13,09a3f87b74828b274d73ee9dfef43b68,2018-02-08
36344f0d9c19b77add7676d9fd40d9d7,be09044593379378c199f7b255a940a1,delivered,2017-07-21 18:23:39,2017-07-21 18:42:48,2017-07-24 18:17:53,2017-07-28 20:52:41,2017-08-14,41b9d717e2281905213e0d82b58374ee,2017-07-21
cec43e256e9f3bf26d135e87d53eaf8f,d87e6517280bfed1a89152f2119dfdcf,delivered,2017-06-23 15:57:50,2017-06-23 16:10:15,2017-06-26 13:09:29,2017-07-05 18:30:55,2017-07-17,8463b2438d3aee95d295adfb30d81243,2017-06-23
b73782b4b4d8dbcffe7f3f9b76abb3ca,bfecc12a12bc030a1053d53726f44f4c,delivered,2018-05-17 10:38:05,2018-05-18 00:37:19,2018-05-18 08:53:00,2018-06-04 23:40:48,2018-06-08,dcf833e7191facff0d340d753bcb4a59,2018-05-17
5b4101f533b7c66611b649809ff634b1,67bebc02fe1882de7424ae7c032fbcf0,delivered,2018-08-07 14:44:15,2018-08-07 15:04:53,2018-08-09 12:52:00,2018-08-13 16:52:01,2018-08-24,4c353c56435ffa61897f3f012efd4aae,2018-08-07
267f545fd1427476ab844f4ceeeb9d7a,cbf7952fc32380ce494f8a312bc126de,delivered,2017-07-11 22:10:02,2017-07-12 00:45:14,2017-07-12 18:14:47,2017-07-18 17:32:38,2017-08-02,2b5bb02c2e83ebb68653a19f29e4e5be,2017-07-11
bd8ff252732819c1375fb43d9c3cf529,3ff6172542ecaff2e23fbb3c5396dde4,delivered,2018-04-01 16:46:20,2018-04-01 17:30:17,2018-04-03 17:44:22,2018-04-13 21:24:59,2018-04-26,5d3dfd890c69a21b2d4b7602814c71de,2018-04-01
03dd7d68a345c4fb5061f35f29ad959a,d107a7ac2cb11a52b6e269d277c17652,delivered,2017-06-15 11:14:43,2017-06-15 11:30:14,2017-06-16 14:27:50,2017-06-22 14:16:52,2017-07-10,fd28ec404b65abf3e0ae6245d79948f0,2017-06-15
88639fdb042f2080a58a9ed47b6d6a70,fc35134d5c5f79e5a0e585708e37bcd3,delivered,2017-07-11 16:03:39,2017-07-11 17:24:01,2017-07-19 20:09:39,2017-07-25 23:42:40,2017-08-09,b458627179151e775d29aa2f61238872,2017-07-11
7cdd2629d064a16cd4b221c55152bd85,1a5ef9971865332ed16ea68a589715cf,delivered,2018-03-19 23:15:13,2018-03-19 23:28:23,2018-03-20 21:42:47,2018-03-23 19:07:27,2018-04-06,2f0c9be77dcf2d7b506cfdc91126f728,2018-03-19
d4123173199c1b729f667227e0646fb3,a33a47d4668af8ab6279b755180fb46c,delivered,2018-02-16 19:55:31,2018-02-16 20:07:06,2018-02-20 22:33:43,2018-02-27 16:16:04,2018-03-08,4738f178d97aaf64a1401f6d142195d9,2018-02-16
1acce04b55fc66a663c4ee941d0cf438,c742bd8203d001bcd20f7760b3987ed0,delivered,2018-02-27 15:10:11,2018-02-27 15:29:51,2018-02-28 18:12:43,2018-03-27 18:46:47,2018-03-19,525834b9b27e8541678374e891e0a68e,2018-02-27
af695d977f49fc0b29d716dce0c755fc,09bdb008aba35184628f9ae291c7a8ca,delivered,2017-04-01 12:25:33,2017-04-04 05:50:20,2017-04-05 07:16:05,2017-04-18 17:16:02,2017-05-05,2a09318a005145ef2b1999bdab762d2c,2017-04-01
48083a08d73ffd64fa2455e0ac576af5,eb8604264c616ccf2c09262519d37cc4,delivered,2018-01-24 20:40:08,2018-01-24 20:52:29,2018-01-26 19:08:32,2018-02-08 00:12:55,2018-02-21,fecf3cf03f02912a456993abe971e4fa,2018-01-24
3fddb37d99af3ae9c36dc26f4edb3afe,e44da066db72fa43e6bc6322590784db,delivered,2017-11-20 18:55:48,2017-11-20 19:09:31,2017-11-21 22:24:53,2017-12-01 14:09:16,2017-12-12,fe3a33b7358670c417e6fcc2718b6109,2017-11-20
1d3915eb86fd868b7ec0e99e6f4e944a,ce85052e7c8d0ba011f6572ec235f41c,delivered,2017-12-04 07:03:40,2017-12-04 19:30:47,2017-12-05 21:53:07,2017-12-08 22:28:48,2017-12-20,f8827308fc403969f4a569555fe63f71,2017-12-04
2a96041dfde21cce25d270579cde8119,0a3d4445a6599dcec9458fb55b3bda89,delivered,2017-11-23 18:40:25,2017-11-25 18:36:56,2017-12-01 03:24:49,2017-12-12 17:44:37,2017-12-13,55ee9b9bc6e3fc7eabcd1013c413f4b8,2017-11-23
0115d160c5fbd758a139ff90821db60d,9e593469b6f1beac77c2da4d73bf1228,delivered,2017-08-29 19:14:43,2017-08-31 04:31:53,2017-09-01 22:15:54,2017-09-18 22:05:57,2017-09-15,ff9d2f60401262b9da1e868f956fb2a8,2017-08-29
2b65647aa9ac9b98dda58d6964296443,8d1249ba97d78cc22cf3be6853307f38,delivered,2017-09-11 16:54:06,2017-09-11 17:25:21,2017-09-12 19:37:33,2017-09-25 18:16:49,2017-09-27,d37cd15325d94891703715923639ce9d,2017-09-11
1b4d9a7458ed02052dc6311884a2b1d6,2804c738f5e22c92129278e94d2f9ebc,delivered,2017-10-28 20:54:23,2017-10-31 08:05:56,2017-10-31 16:41:45,2017-11-10 22:54:00,2017-11-28,ebad8517c448bbd20ca1910bf1a33819,2017-10-28
0b1b823864373547749dd203c2c4adef,68791a72ebc05929bc0f78dbdf2a5419,delivered,2018-06-25 23:47:50,2018-06-26 00:57:41,2018-06-26 09:19:00,2018-06-28 16:41:12,2018-07-16,fdbd48dce62a7d22e829fc9aa059ea6c,2018-06-25
9a94ba1f0117af7f8ff3a87cfb5b7054,803daef0181f2a265bbd1f2bda241e35,processing,2017-11-15 11:59:45,2017-11-17 03:35:27,,,2017-12-12,92c6ae61f41b19d98523e2d3b60351d5,2017-11-15
24dbd92c00bc26dd90a7bbd90f070517,16c196b91e10e2022aadf70716c6049b,delivered,2017-09-14 17:36:28,2017-09-16 02:50:23,2017-09-19 20:20:06,2017-10-13 21:17:43,2017-10-11,bd4cd7e2836b701c40ecbcf70ff801eb,2017-09-14
eae1293aeed65d7db9f483a53938a755,8c7e7585d2e4bd2317400c56295124b1,delivered,2018-05-07 18:24:06,2018-05-07 18:35:20,2018-05-08 11:17:00,2018-05-09 18:02:59,2018-05-15,36b19851c88fe167d87f389f6570075b,2018-05-07
80bd739a3930c25c28845586dae882cc,f6713f1b0063fa3da301e681ff0c2ab8,delivered,2017-07-31 11:18:13,2017-08-02 08:34:05,2017-08-02 15:13:21,2017-08-07 21:15:34,2017-08-24,4d6964b55d97dff2556f7f30ac2e19e2,2017-07-31
d0240bcff59b720e55a2fc2c74344b6f,09f758f6da558eae5292b1a7718518b2,delivered,2017-02-06 20:11:26,2017-02-07 04:10:42,2017-02-07 13:22:29,2017-02-10 10:34:45,2017-03-15,187e8123a324cc99774211a6843941ec,2017-02-06
9892a9783f6e0c59081ffd81ba011353,593d5f7d0a37236dc716353a76418345,delivered,2018-06-23 15:58:26,2018-06-23 16:19:34,2018-06-29 13:46:00,2018-07-03 16:09:02,2018-07-18,327d30e19aba5e14c5a77cd18f0f3ff0,2018-06-23
6771f603cb0053ec81ea51a2569ffcd5,8771869f4c94bbe33e23bf3277d5ca1f,delivered,2017-05-20 12:24:25,2017-05-20 13:32:19,2017-05-22 14:43:15,2017-05-26 08:51:52,2017-06-13,427f6f216297f88375a77b64ef36d43e,2017-05-20
20baf04dd07db849cacb72e8cc0447aa,7d4b7b2c517be1c791bbaacd5532e98e,delivered,2018-07-05 19:26:00,2018-07-12 03:06:16,2018-07-18 14:34:00,2018-07-24 18:52:03,2018-08-06,562dba9a358f1900b03aad1d4819b580,2018-07-05
6e468efb1a072c6e6824d7918f2eb206,ab58d6d2846ad28915bc42bf8f75a853,delivered,2018-07-23 18:46:56,2018-07-24 10:31:25,2018-07-24 14:24:00,2018-07-25 18:24:32,2018-08-02,9852ae41cc160b7df4017c45373187fc,2018-07-23
cf82e732150db216a8f84a8f6a4c3e96,9677d2282168e413c000b3ca0ae8bd0a,delivered,2017-06-15 14:32:05,2017-06-15 14:42:48,2017-06-19 20:51:50,2017-07-03 15:45:02,2017-07-10,bcd133bba90a44a16badd616484486e1,2017-06-15
d0f997dc48964e4a7954a09afee32faa,25d26f1c55116588b67a8285516e039e,delivered,2018-04-12 22:43:33,2018-04-13 13:14:23,2018-04-16 23:11:30,2018-04-20 15:58:53,2018-05-07,853fcd181e41947a9c087b464811baf9,2018-04-12
de7160c97baceae5b576f3266f6b5752,96d41aa0f34b498afb810a4e4a583e8f,delivered,2018-07-22 23:58:52,2018-07-23 12:31:44,2018-07-23 13:36:00,2018-08-01 19:03:45,2018-08-13,124b3a12b5b76c21e99e41cf03104fa1,2018-07-22
8709d432916bb32dfc76488bde2bd31b,b170a6605f3743032f38d8a86c416181,delivered,2018-08-03 20:08:42,2018-08-03 20:23:57,2018-08-04 09:11:00,2018-08-07 14:14:41,2018-08-13,27d766a27b895657f61a7250765c1239,2018-08-03
3bc8ed11854636da26d706f0bf61b3f9,b8fa0384b93837cca8bfb537c3c32a64,delivered,2018-03-03 10:44:09,2018-03-03 11:40:26,2018-03-05 22:08:20,2018-03-28 14:26:50,2018-03-28,9b0cfe79b2ce5646314846f6d9726b2e,2018-03-03
d23957cc89dc81d6073de66716d2cf82,ab175dacdebe79d6ff8a26651a824d2e,delivered,2018-02-07 19:59:03,2018-02-07 20:15:31,2018-02-14 10:59:07,2018-04-11 23:17:35,2018-03-15,62681000bc12644d2ad1b4e967ab69d6,2018-02-07
51be07c62b185afd2755c54ca70e2b9d,4d93c28d0b1188730ffe67454f8dac23,delivered,2018-03-18 17:18:56,2018-03-18 17:30:52,2018-03-22 18:46:43,2018-04-02 19:28:59,2018-04-18,0cc75480ab6e10c2903b80436cdeb03c,2018-03-18
b07d2a68cc3e97e707eb42d213983c66,412aabf43b3d45f1f6052e834c04df34,delivered,2018-08-09 21:16:06,2018-08-09 21:30:16,2018-08-10 14:58:00,2018-08-15 09:40:31,2018-08-23,2c0bd1182d5910f962a178a49457ec9b,2018-08-09
970a70981a389f6826a1e0427823f9fc,fd866c2c21e9fe3acdd94820ad6628ca,delivered,2018-04-18 23:03:54,2018-04-18 23:15:24,2018-04-20 22:58:36,2018-04-25 20:26:40,2018-05-18,8c20a65d2f777cfc7a1776cb53c8b5a3,2018-04-18
1c8166cad99e5856dfb7d622902c623c,39bebc8f7773085fe2d0e190058b444b,delivered,2017-11-24 10:25:26,2017-11-24 10:33:07,2017-11-29 10:19:08,2017-12-07 21:33:17,2017-12-28,85920ec90110a5f860283ce482c3aebe,2017-11-24
9d53eb1894b55d3730b9291fb6a8886f,ec756a26794c98f59e76a82660386a7d,delivered,2018-03-21 13:27:31,2018-03-21 13:47:58,2018-03-22 20:52:37,2018-04-03 23:36:23,2018-04-12,eafbe5fb671d3f41dd8fb0ffccb997b4,2018-03-21
49402cf6ac88b0b8e6d265001574fcc6,b3aec992532cef9690d04176efc48842,delivered,2017-12-17 21:38:54,2017-12-17 22:37:44,2017-12-19 17:47:09,2017-12-22 17:29:17,2018-01-05,f487c4f7f236b97fc5dd2213ee7bbf48,2017-12-17
b237e3e48b008b3ee341df062216e47d,a2364bcc6f7b38a923af0e7d939ecb0b,delivered,2018-02-05 00:09:43,2018-02-05 00:30:36,2018-02-06 16:46:30,2018-02-14 13:09:26,2018-03-01,6987c9a8e547ca6553054282cf1ac2b0,2018-02-05
6cf8530b5b6d67f4090e16f6ef4a4c76,7bd7c3630d55f5fd4bb300059125370a,delivered,2018-07-27 19:01:04,2018-07-27 19:15:24,2018-07-30 14:22:00,2018-08-02 17:34:29,2018-08-15,83b42a717fc81d01b8e6f6a356001f71,2018-07-27
9d40c94d64ccd5ebd1cc2aa276e75522,032f3aa672886e0ba37ee901091d13b1,delivered,2017-10-02 17:41:37,2017-10-03 04:23:39,2017-10-04 14:10:59,2017-10-11 17:25:18,2017-10-26,d7ecdd9d0157e03280d9ba2f2330d353,2017-10-02
7310c8820f4c9ee1ca0e4283b7c2130d,530103ea67e6552ec7b5875c1a7a8929,delivered,2018-04-03 09:01:55,2018-04-05 02:27:47,2018-04-05 19:41:10,2018-04-12 19:03:03,2018-04-24,31d6e3887639866734a77bc1b80d3528,2018-04-03
d6d0323138c510e3816e00ac900d17b0,d8e4206bdc1de8c2f4726a17f28ada3c,delivered,2017-09-01 10:12:04,2017-09-01 10:25:45,2017-09-08 21:32:01,2017-09-12 00:02:41,2017-09-14,c8cae6305e45b06018aa53b56c048ecb,2017-09-01
4ea1ece1ec047c5584158141afd4c500,937fd75e8fa32e22ad08d0f833c5d593,delivered,2017-11-26 20:44:34,2017-11-26 20:55:26,2017-11-29 00:24:25,2017-12-12 22:15:14,2017-12-12,f1fc417df2a4659d51e20a0f885c4da6,2017-11-26
37320ad8d22727a4905681854a14e2c2,97631da0103fb552f92d7917af5c7a5b,delivered,2018-04-02 09:13:55,2018-04-04 03:30:21,2018-04-04 19:14:49,2018-04-06 18:48:23,2018-04-18,7655a827b72f76680e8936c1d7cbf762,2018-04-02
8e3c10b463cb2ffb94546b5e9f05cd05,8e2e0eb8e828fd0fa012dbae8d10d6f0,delivered,2018-04-02 12:24:33,2018-04-02 12:35:18,2018-04-11 01:03:05,2018-04-26 13:57:24,2018-04-23,8e09a391443c7fa0c2781071233894d2,2018-04-02
94b860984e79a390fa2d4793ddd46404,a7a2f43c562c74d555c0bf1e19fcca4b,delivered,2017-11-26 12:35:58,2017-11-28 12:37:57,2017-12-04 21:43:04,2018-01-03 18:39:36,2017-12-26,6902d5f3571a15034658e3b84fd15b0a,2017-11-26
36da86192d48458dcb75f9f2bf4f249a,09c50d2e3af66a47ca1c6b4201c0da0f,delivered,2018-08-01 21:22:31,2018-08-01 21:35:17,2018-08-03 14:25:00,2018-08-09 20:14:40,2018-08-27,b009823cfeee3095f86635d366ea8b69,2018-08-01
2c6d44f01372a531867c811ec5417ef2,3598960a3a0a4f66538e48e4335c3e1c,delivered,2018-03-08 09:55:44,2018-03-08 10:10:27,2018-03-13 15:34:55,2018-04-02 10:56:40,2018-04-19,be4d6db8dad5b197b36dab8257922a8d,2018-03-08
01b15a896c5842077af2aaf4a9f94309,ecc61d0a88c7d1634a8e592121e14e8f,delivered,2018-03-23 15:51:16,2018-03-24 02:15:56,2018-03-29 17:34:50,2018-04-20 20:46:42,2018-04-12,81dec91887837a1b173e18c46f199c88,2018-03-23
381079cb5df71e26be946a6704990d55,7b6894ed690ada31d57a4c6e81edd7c1,delivered,2018-02-12 13:21:59,2018-02-12 13:30:44,2018-02-21 15:38:42,2018-03-07 21:42:45,2018-03-12,fe1a0586d9ca0876528af23f3219ce3b,2018-02-12
e418e6620e03b70aed56a90a2b92db5d,1ec45894c892082b5dfbe9ebf5c74078,delivered,2018-01-20 17:14:54,2018-01-20 17:41:29,2018-01-23 21:48:50,2018-02-05 14:13:22,2018-03-06,9ef359a0107cf43c2f46e58b1e23e86e,2018-01-20
dd9768256f9f491643fb7b53fc193b7d,96bc42e21c7f606d1920c12965f67109,delivered,2018-05-12 22:49:25,2018-05-12 23:16:32,2018-05-14 19:25:00,2018-05-15 21:32:44,2018-05-24,a6ee14e78faef91d8abda3bde561219f,2018-05-12
4a34792ebbc108e28a7d9cc2332ed0e1,e6f379f514cfc3a51e06e52c2948f070,delivered,2017-06-19 08:18:34,2017-06-20 08:30:19,2017-06-21 12:45:28,2017-07-12 20:09:31,2017-07-21,58812bfc80ed972fa2e7f3614c0cd22e,2017-06-19
acefa886e54be2156f0d139a106d063e,82bd67919890521899d17e35b2a8c37d,delivered,2018-06-25 17:43:30,2018-06-25 17:58:15,2018-06-26 16:52:00,2018-07-03 16:28:58,2018-07-19,e14ca0043a1e7d28de82c799f9053f64,2018-06-25
11b2c36a481a4272681684f4b09ffabe,5ac5afb9030ae1388a544ef344997cbb,delivered,2018-07-31 22:32:36,2018-08-02 05:15:21,2018-08-02 15:32:00,2018-08-09 16:42:40,2018-08-24,928d3128669ede3a38d1620aa7b1120d,2018-07-31
b207236ad11942c69cec11bb58240dd1,b7db6432ef2cad09b9f6983eff19a04a,delivered,2017-10-10 17:43:33,2017-10-10 17:56:22,2017-10-11 20:19:55,2017-10-20 20:52:33,2017-10-31,dbbb77929f0b3b93e19f5493b5934d0e,2017-10-10
ff48dd259d222401b52bf6416f896726,fe4534474f60ea37e72b0cc0e0fdc212,delivered,2018-04-10 13:40:37,2018-04-10 13:51:01,2018-04-12 12:38:35,2018-04-13 12:46:49,2018-04-26,b9f35424eaa2edb2c19674651be4eb44,2018-04-10
87a838f48767365e2b786c485ef2e8b0,60c9723c5d232b784f10940175deb500,delivered,2017-03-16 16:16:02,2017-03-16 16:16:02,2017-03-21 16:08:17,2017-03-28 16:04:16,2017-04-06,6b3b92110c5adfe4a1334369d1ef2533,2017-03-16
893fff1e0e8a0597923ff86966aac6d1,48809a65c8830c54c2316d6a15e6b8da,delivered,2018-07-24 17:56:35,2018-07-26 03:10:26,2018-07-26 15:30:00,2018-07-30 23:08:44,2018-08-16,9baef1636c4aee3e6ec85931c36aa0e3,2018-07-24
59a9693b0e9ec73f8ea51b90d5601604,79d4ffd2ae441840bf794949c94e3007,delivered,2018-05-03 12:40:10,2018-05-03 12:55:21,2018-05-04 19:01:00,2018-05-10 19:13:21,2018-05-18,2b4519e4d9eba2bb21823f83835da286,2018-05-03
57f6d3bb73ed5867cdf53c4acff3f994,73afc72acd21df38d6370f85e399dc31,delivered,2017-10-02 08:53:47,2017-10-02 09:07:12,2017-10-03 15:45:33,2017-10-25 18:29:00,2017-11-08,076cec8e5fb147404b927d1d291ca1fd,2017-10-02
28f5847427849401fb017537fd20da41,617e79a8f584d33d7cd446ac3d1519a2,delivered,2017-01-25 16:32:21,2017-01-25 16:42:16,2017-02-06 11:54:31,2017-02-17 10:58:33,2017-02-20,581718884f188057afa54a3da0349dd6,2017-01-25
f0089d43f99d1bc295c05699b4facbed,cab9419f31815dbc6727651e6408569f,delivered,2018-02-25 15:14:28,2018-02-25 15:27:50,2018-02-26 19:48:36,2018-03-09 19:59:02,2018-03-16,6871b052a835417d6d2e11153e0d3c2c,2018-02-25
fcd6d198157dc9cdd9416a772c1b7a2f,5ca670a74a7cfa211af06f1159081446,delivered,2018-08-20 10:45:34,2018-08-20 15:10:35,2018-08-21 15:56:00,2018-08-29 12:54:30,2018-09-03,d7c7e7144cb8ab906df90688f7cf0e94,2018-08-20
7a19a03fa5f748e858559ddde2408f4d,d9e2713ce1636a2e4987b42b58af0ca9,delivered,2017-09-06 13:17:20,2017-09-06 13:30:13,2017-09-08 20:22:35,2017-09-22 02:16:06,2017-10-02,330c4a922701111858639f6dc8defc3a,2017-09-06
d4c6aa2277352d92106b387b2ee13839,0b56b80573294f4d663d4abf0de19f03,delivered,2018-07-09 18:30:46,2018-07-09 18:45:21,2018-07-10 15:55:00,2018-07-13 21:33:48,2018-07-23,e4d18909afd252a0289765acc614d3e0,2018-07-09
cd23f3689cab3a020096a36f849bcd20,869d14fde517fd8a5fa8016fbf4f7103,delivered,2017-12-14 16:34:00,2017-12-14 17:32:32,2017-12-15 23:48:45,2017-12-26 16:37:17,2018-01-12,ff05cbda15d8587333588d6cf49fc47b,2017-12-14
96ba3ccac6dfb6a6610178fd893a3f3f,aef0e5b8ad9cbd02d85e0ea26e84cc35,delivered,2018-08-09 14:40:55,2018-08-09 15:05:23,2018-08-20 14:32:00,2018-08-23 14:18:35,2018-08-17,35fb402bc5af8af48779036daa38621e,2018-08-09
af71e9e2ee3f91d619aacab51fe2e75b,755988ebb76548960b6b01086b89b4ff,delivered,2017-10-30 18:55:33,2017-11-01 03:31:19,2017-11-08 15:46:33,2017-11-21 23:53:45,2017-11-14,0caffe48b942ab5e77dcc1a7494e56f2,2017-10-30
159b0ce7faa02427505f3ce47f48e933,97ee0dd9c9e573259b0f212e6f61fb03,delivered,2018-08-19 21:21:37,2018-08-20 13:15:25,2018-08-21 08:32:00,2018-08-28 00:03:37,2018-09-14,0f1057714bc593f65f125ca25d140d17,2018-08-19
1b8d897de53143a7b639d4870e6e3cdf,d75f92747d1fce34cfc812ee0eb0715b,delivered,2017-07-17 14:43:57,2017-07-17 14:55:25,2017-07-19 16:32:20,2017-07-20 21:49:31,2017-07-31,a5084f04f2923a01f685a0315852a13f,2017-07-17
35042e718d492e293a6dc3f7d4916f39,79afd29615c4aa21d2e7f8f898634e8b,delivered,2017-11-28 15:43:22,2017-11-28 16:02:44,2017-11-30 17:12:27,2017-12-07 17:31:55,2017-12-27,46527516a2c74ddc537d7489ab48ef37,2017-11-28
cb21a02602964e085cb4e31a404a310e,cf82871e0b3d4abcbf2b66f5d788de10,delivered,2017-08-15 17:03:45,2017-08-16 18:25:14,2017-08-17 17:06:25,2017-09-01 20:33:27,2017-09-15,9365618b572abac7939f34b92a929b52,2017-08-15
7593ea1c0af8d1c0915e186ec81d236a,10503e40cd8afbb32597f599442f3ae3,delivered,2018-06-10 11:00:13,2018-06-12 04:57:10,2018-06-12 13:39:00,2018-07-10 04:54:33,2018-06-26,34635d1c10e7f2f6af37f4775d5383d2,2018-06-10
3fb8682db347b51435096bfdfa799825,2aac31c75a6e3d0c60c20bcf2346ec70,shipped,2018-07-05 11:39:35,2018-07-06 02:55:12,2018-07-11 09:54:00,,2018-08-07,4d66d51fbf1d350d560dd0ffc03464e3,2018-07-05
4dcc004247da52d053a714e7af29450b,b4161ffae9931bb851955779d2cda207,delivered,2018-06-07 10:58:35,2018-06-07 11:37:01,2018-06-11 09:20:00,2018-07-04 19:58:41,2018-08-08,31f50c5b99ae42ca4edb4db95970a16e,2018-06-07
eb46d05c021b6c642a9bb429a4a2eb2d,6c72660cf12c1182dec5dd6b28a3c59b,delivered,2017-07-04 21:21:17,2017-07-05 17:43:06,2017-07-06 13:47:37,2017-07-10 18:11:37,2017-07-17,23616fe0ece4185d9bf3e60a6d01aef8,2017-07-04
bc15fbc81213ff69f9fb7ba05d73dc33,3dac9e1a5661fc3cd58ef484a1aa98a2,delivered,2017-06-17 11:32:51,2017-06-20 10:43:50,2017-06-26 16:33:45,2017-07-07 19:22:48,2017-07-13,039dbe7ecc24f88273182692f51ea405,2017-06-17
f5a46e0d0f766ca0dd73ed331959ce00,a3cdec9b9b26126bc064274977f61cfc,delivered,2017-11-26 23:57:16,2017-11-27 00:18:39,2017-11-28 19:17:58,2017-12-06 01:11:47,2017-12-18,736b4f90c78e2647e201962c51a48134,2017-11-26
e23a2679ade434eac3bad78376898279,b477418308092b09b13af032ca19cc52,delivered,2017-10-23 15:02:24,2017-10-23 15:14:17,2017-10-24 19:29:48,2017-10-27 19:13:06,2017-11-09,a2346489c23a35ba85d17038fa1cb7da,2017-10-23
4e77f81a29bcffe4eaf68247167bf623,4df514524572b4fd9472128050c9aa7a,delivered,2018-07-07 23:41:08,2018-07-07 23:55:12,2018-07-10 09:32:00,2018-07-11 22:58:28,2018-07-23,f549c2fde039497e3f561ce39ffb41c0,2018-07-07
a6a7393d9243496c42984148541c0bc0,361f3288b93187d40ba2e3da34ec57c2,delivered,2017-07-17 21:22:49,2017-07-17 21:35:13,2017-07-18 16:32:48,2017-08-09 09:53:19,2017-08-16,3dea6205bfd56b059f44014329c895ec,2017-07-17
f98baef215695ec027ca873850b8f5b6,3d14cf048ea77534ae4ac0305ac97479,delivered,2017-12-24 16:56:48,2017-12-24 17:56:22,2017-12-26 16:16:17,2018-01-03 19:21:57,2018-01-24,663e0c3fcc4539ab7c6ff524727238fc,2017-12-24
adac3a15974140170bdc3562dac02328,f3821d2acf742563a4ea73981a7b6c8f,delivered,2018-02-08 20:21:42,2018-02-08 20:32:05,2018-02-14 20:15:10,2018-02-27 16:07:44,2018-03-14,8798fbf65b2bd80d77b3b5059213fc28,2018-02-08
14475bfb58d520ab74383d026390abfa,85c6c4e698dd725c955890b4c5b54663,delivered,2018-08-15 00:19:02,2018-08-15 00:30:18,2018-08-15 12:53:00,2018-08-16 17:41:55,2018-08-20,7f9260148ff568d9a0493165f04ba2e0,2018-08-15
3eda68d81b3be569f9e35651a18c8215,b0bb537e3254f453fd426715131a6370,delivered,2017-11-07 16:00:43,2017-11-09 05:31:36,2017-11-09 18:22:28,2017-11-24 15:49:09,2017-12-07,6f37b095c7a94e5a6356230e2f337dd6,2017-11-07
fd87d98feff1673e27f7302bceb00cf6,e7fce6d303c21699cef152e408b6104a,delivered,2017-06-25 22:55:27,2017-06-25 23:10:10,2017-06-30 17:05:03,2017-07-11 18:33:52,2017-07-26,afb480f31af6e82ab67777121fad6dc5,2017-06-25
2cbdd5d6294d199ecdb76f42b62b5bd1,b98f0b88c55d93ee3e2f03a3da19af76,delivered,2017-12-09 11:52:32,2017-12-09 12:51:02,2017-12-13 21:14:16,2018-01-02 21:39:04,2018-01-17,85f0c98eb4f9479f80ffb3f389e409ba,2017-12-09
410ca30ef54d25e4deaf8d5babbed030,b4518272be4abd4fede98b38324944e2,delivered,2017-09-17 17:47:19,2017-09-19 03:37:52,2017-09-20 03:08:40,2017-10-07 13:46:51,2017-10-06,f7779790fa751da3565ae19e6dc67838,2017-09-17
df428478aa9a594cfd597ef214e67b16,543326071ff0a33f9afae64b8b085390,delivered,2017-03-22 16:26:23,2017-03-22 16:26:23,2017-03-24 16:16:55,2017-03-29 08:10:08,2017-04-12,51bcdae9c23b323e6ffd2b18d4fbf06e,2017-03-22
3cba655faae78feacf27f20900c776e0,0c7d17d2ae9a0c85566d9d58ea478a25,delivered,2017-09-06 20:10:17,2017-09-06 20:25:11,2017-09-12 19:12:55,2017-09-26 17:05:08,2017-09-26,f6a1b401ed3ffaa8ed4de1a6da5079b0,2017-09-06
cefbd4fd50b98076c4368935c620f88a,9f14633b2ed1374a45f4b85fd4241b4d,delivered,2018-02-14 13:06:04,2018-02-15 13:55:26,2018-02-16 20:42:50,2018-02-24 17:36:37,2018-03-09,1a29e9f39d667f12684910a8edc4b56c,2018-02-14
ae49e90268bf29c43b79c9e447278c84,6ca5c385d8c155c371d98c756966498f,delivered,2018-05-09 17:37:12,2018-05-09 17:52:52,2018-05-11 15:02:00,2018-05-14 20:31:34,2018-05-18,cb56f3faa02f8578c80f7c8404341221,2018-05-09
0f1dea9ac2c2be3ef6885442dab7ef0e,a66bb70ae2854436813837d31757b08d,delivered,2018-02-17 11:48:42,2018-02-18 12:30:26,2018-02-21 19:31:47,2018-03-13 17:52:19,2018-03-15,3609c509f1e46c3be10218f5c573be55,2018-02-17
a36ab298e151e229a2d1cb6bb0e5839a,947726cce590ac43ebb3ddfc6f361726,delivered,2018-03-31 18:54:48,2018-03-31 19:10:20,2018-04-02 21:08:58,2018-04-13 00:48:23,2018-04-26,fa48193455b8343f70c496fb93062213,2018-03-31
32163a3da27e868cf12730227576ff1b,235dc25ef3e9ce5f942681ad165b673d,delivered,2017-02-03 19:23:59,2017-02-03 20:00:34,2017-02-14 15:57:25,2017-02-17 09:38:41,2017-03-10,7675e77d9cf89747d832a15a67b9a4af,2017-02-03
b6a751bb917e5695cb0f957cc45d04f9,ae36db2e1b020ab88110f83e77888650,delivered,2018-05-06 22:25:27,2018-05-07 15:13:29,2018-05-17 13:38:00,2018-05-18 18:37:36,2018-05-29,901fc37b905e6dbb3821494b1fea97b5,2018-05-06
cf8a303d6edcce23699d7797c71ca28d,5d0e7f0e38c367edd51a6bf3cc06bb03,delivered,2017-03-07 16:02:54,2017-03-07 16:15:11,2017-03-15 10:38:00,2017-03-29 15:14:13,2017-04-07,9f9420e913cd391cd59f3de99bf9c3d4,2017-03-07
c5838d9ba4bd255c9bfb2f8f441f16f6,4855544785b1ffcb293db84c2f25aad1,delivered,2017-11-28 18:02:09,2017-11-28 18:16:49,2017-11-29 19:08:53,2017-12-02 18:30:00,2017-12-18,c2ec80a103b7d5db864d5fba0ccc13ac,2017-11-28
17c9fc03d3e268df0aa30810b0e74e9f,0e31c22ff407d2335ed90ee7ad12f2ec,delivered,2018-01-18 15:15:48,2018-01-18 15:36:16,2018-01-19 20:34:36,2018-01-30 15:18:57,2018-02-08,568ade92344fb12f2bbe4177bc731cfd,2018-01-18
9dff990dca94f688d5a005c3da5d9a6e,fbcc01ea41e282f7de6a6161940f32b2,delivered,2018-06-11 20:19:59,2018-06-11 20:40:42,2018-06-13 14:19:00,2018-06-18 22:38:40,2018-06-28,a9fe72dc8ea106e59176f5a9c4b84ea5,2018-06-11
c8e0d72c6ab615e05977b79e02110d41,25ed2cef5a8bb4452b7fb9d425ead0c6,delivered,2018-08-01 18:16:23,2018-08-01 18:25:16,2018-08-07 13:02:00,2018-08-16 19:03:25,2018-08-23,b1719bf5c402180f0495605a6d4cd5cf,2018-08-01
4a95fefb52a7a5a0d882ba840d33954d,5e6f9f9e30a4774f7b61dd275244465a,delivered,2017-02-15 18:47:48,2017-02-15 18:55:19,2017-02-16 15:16:51,2017-03-03 14:28:53,2017-03-16,bfbdda7c5d8b00db2cdb12fddf3838a5,2017-02-15
66e2e7ab183de22fa431c8fc3351bef3,049c199936ffe4c8b0ceca25ff1be148,delivered,2018-01-06 23:04:35,2018-01-06 23:12:29,2018-02-08 14:37:29,2018-02-14 21:09:19,2018-03-19,820a3c214da3b988d5648d90b499859e,2018-01-06
ac0804adece431f14e99d82ab558c3c0,9ee8c24ef2b687bb98085fc8743ca3bd,delivered,2018-06-25 16:14:37,2018-06-27 08:30:45,2018-06-27 13:03:00,2018-07-03 23:14:41,2018-07-18,34285cdbe21bebf91de363d0ec321aa6,2018-06-25
0ffaba549f161074760e4d3802fe8641,413632dd561a196650dfc76f1157889e,delivered,2018-05-09 15:24:34,2018-05-09 15:51:25,2018-05-10 14:28:00,2018-05-21 19:36:44,2018-05-28,24843ad7acdb7b6189ebc7270695cda4,2018-05-09
63067dbad99fa8dd94df9e6983bff614,44fcfd5ab0c7c4858c5374ccf4e101b3,delivered,2018-07-23 10:07:57,2018-07-24 11:32:32,2018-07-24 15:49:00,2018-07-27 19:28:20,2018-08-15,8de5b2b09bbf51c802630652f80341e4,2018-07-23
b388f41e0d1fb1960c7a08852fbd1f40,895b7758d3e195210530db84a4161635,delivered,2018-08-02 12:06:02,2018-08-03 02:45:18,2018-08-06 15:14:00,2018-08-13 19:29:12,2018-08-15,7801badc78d7bb52422028d088d6edbd,2018-08-02
15aafc9c68a1f0c0d2208dfbcc33a7f3,e1a947139beff6d76856cec5f6d6336c,delivered,2017-09-20 12:42:08,2017-09-20 12:55:21,2017-09-21 20:12:07,2017-10-03 21:48:54,2017-11-13,9165b4c1c7a7a292574a47e4e1852933,2017-09-20
da9fa9ec3c77fa353f8eb20146bc9d6d,573073f1e3d820993ae5f7065b8f0f1c,delivered,2017-11-01 17:17:45,2017-11-01 17:31:14,2017-11-07 21:41:19,2017-11-08 13:45:07,2017-11-21,eeeea3e11b9a1e3ce7fccb795bd85c3e,2017-11-01
6d29261d1991c6c4e47ac40e5642e3c6,cd532e4c3bc0cae9e9edf92e0bbf9d00,delivered,2017-08-29 14:14:06,2017-08-29 14:25:21,2017-09-04 20:35:15,2017-09-14 14:27:38,2017-09-20,372cbc5d0dd97584a2758e4f69e684ff,2017-08-29
a84565af4cdf9483cc1cf6b94686a95f,b66124b45e367a0aa230614c0ad309d3,delivered,2017-09-11 20:01:57,2017-09-11 20:15:24,2017-09-14 19:52:51,2017-09-20 15:51:43,2017-09-27,a645cf9eb350838346c9afeab4427940,2017-09-11
88f21fa5e4006a6bdae3cb70f4fb50ca,75a42562aeef01fc9bca24f7bb6bbf72,delivered,2018-04-07 20:43:10,2018-04-07 20:55:33,2018-04-09 17:08:33,2018-04-23 23:11:28,2018-05-04,5db63998f957c7010cefdb8f706488a3,2018-04-07
b01e3ee0b1aa883fb12d7161e3d979fc,a988a9f757ef47847e1db39244f18d50,delivered,2017-12-31 11:13:04,2018-01-03 04:28:32,2018-01-05 17:48:53,2018-01-11 21:29:10,2018-02-06,1af7da77ce63102a8bdaf3c9fcedb54a,2017-12-31
56f324c9f0ec2e68082d34b849622244,c2a147742844075d9ecd7f1b17964a3c,delivered,2018-03-22 10:01:52,2018-03-23 02:07:37,2018-03-23 19:48:30,2018-04-04 21:48:22,2018-04-10,d782a4eb20c1a33e026cdd576fadea73,2018-03-22
1486d33f863a8330379a999cb8c1ec36,f34aa7e650b544b7ae00cc31aa12349a,delivered,2017-11-23 20:10:54,2017-11-23 20:19:56,2017-11-24 16:25:48,2017-11-25 16:38:55,2017-12-29,0ef9d8635fb18550d0f8d3a9b7f512be,2017-11-23
598788f17f3dca25dc5a133e532c4281,6aa59bed73896617a8ede11914d7dab9,delivered,2017-10-26 22:11:45,2017-10-26 22:26:13,2017-10-27 18:53:58,2017-11-06 17:59:31,2017-11-22,074c0b043551af63ecad288265fc2a89,2017-10-26
5d30afe97f086b0a5cd532422514c3b1,82723e224e9ab5346fcbcb7ffa88c8f5,delivered,2018-07-04 14:20:40,2018-07-05 16:31:20,2018-07-05 13:14:00,2018-07-06 17:04:12,2018-07-18,a42b40d38a7f36ac266f23c79453c549,2018-07-04
0a3de305844d2e1bf9a608e702ccd373,6494f42a695d013bf1049297c42f0def,delivered,2017-11-12 23:13:11,2017-11-13 23:10:25,2017-11-16 21:07:09,2017-11-24 21:26:46,2017-12-12,e794dfd4710a62f6f812845d91fe6208,2017-11-12
ea8a57a7184a47803131ab57b37e3d8b,468e0abd39582f1fedef2ff885ef67db,delivered,2018-03-22 08:30:07,2018-03-23 02:30:30,2018-03-23 19:33:06,2018-03-27 22:15:25,2018-04-04,512cf0c67f008c01fa859b2848796df3,2018-03-22
3ef58c03dbc4c10cc2abb67fc6078763,5a98a55596a72ae6c2fad6894fe3426b,delivered,2017-10-10 12:28:18,2017-10-10 12:49:25,2017-10-10 20:13:47,2017-10-17 08:12:52,2017-10-27,76a8b43c1c958b724d7f529d9a44d824,2017-10-10
304707f4c9c69f690f53f62b26f3e28e,c9a54b9593e4b12f9906035913676e44,delivered,2017-03-24 15:01:05,2017-03-24 15:15:10,2017-03-28 15:10:41,2017-04-12 13:29:57,2017-04-24,97b4000f323d6335f29becacf72c5b46,2017-03-24
18b7254a8929c73f21d6f0387bbe9de5,bffbc4cf5f0e65d3fe69a18e7320cbee,delivered,2018-07-02 18:51:55,2018-07-02 19:10:36,2018-07-03 13:21:00,2018-07-04 15:06:13,2018-08-07,8f4d2f5153cc1b17479b8deaf8602d0a,2018-07-02
6e228f845ad0d104a3e3c343dbfd0c19,9f5d14a3c0a1ca30fb65b984c3123b69,delivered,2017-11-29 09:39:24,2017-11-29 09:49:26,2017-12-04 18:52:20,2017-12-18 18:49:19,2017-12-26,e7ab1ac63cd7d365acdc426c14f4c84f,2017-11-29
5bf226cf882c5bf4247f89a97c86f273,573f39624e482d14affea43eb0588fcb,delivered,2017-09-04 23:02:26,2017-09-04 23:15:14,2017-09-05 21:53:48,2017-09-08 19:31:52,2017-09-27,4c45ebf94ecf4107850d91bc326851c3,2017-09-04
5d4ef7be8a0a3d0f0991bfc92e6bce32,7a978996d97636ab682a47e1ec07d7be,delivered,2017-08-08 15:00:29,2017-08-09 15:10:15,2017-08-11 16:01:21,2017-08-17 17:36:48,2017-08-30,2218f89eac9d38f4aa3f7383eda52a9b,2017-08-08
5f6b2fc59bec17829d34517fef3e11a3,ee013420a910759ff3537fa962cd6592,delivered,2018-03-29 16:44:49,2018-03-29 16:55:30,2018-04-02 20:05:26,2018-04-04 23:34:27,2018-04-11,7e711d8ccbe8b92b86a74369a167cc82,2018-03-29
ff765ff5d0f040e643453390b1ed6573,9c60e9bafec8ab54675d3f12e5cc3760,delivered,2018-05-10 16:31:06,2018-05-11 16:31:39,2018-05-14 14:16:00,2018-06-01 16:52:09,2018-05-29,861823ec53b4999b3a3cd107d97c611e,2018-05-10
d55fd37fa9914b69900747d27335c7c4,08a4e770189d6ee87c5d3b58f9f191f2,delivered,2018-05-06 14:10:32,2018-05-06 14:29:50,2018-05-07 19:09:00,2018-05-08 14:06:30,2018-05-23,3f3227474f0191f47a7059e032ab03ec,2018-05-06
bb4eb3e71b30365a580e5a718bd8d1ae,e15fc5eebbb46681049d28f79fde5419,delivered,2018-07-24 08:10:01,2018-07-24 11:23:32,2018-07-25 14:06:00,2018-09-01 01:22:46,2018-08-22,7fb211f99a01b4971fd1e07e3a256458,2018-07-24
64811ed51b1fed65cc4c71da8a19a826,fe3f1771c5a751fd38b941155cf5be01,delivered,2018-06-27 11:54:29,2018-06-27 12:08:32,2018-06-29 16:21:00,2018-07-04 13:54:52,2018-08-02,8265ba085d6d2ea4bd762a40c59b321a,2018-06-27
1449e2bfe7a48a4534cd242f0d60e414,9e6512d352103b6ecbbfebfe637ab5df,delivered,2017-12-30 16:52:49,2017-12-30 17:06:51,2018-01-03 21:53:28,2018-01-15 21:18:53,2018-01-31,912896c80a51c5001946a8090f566c23,2017-12-30
0aaf81645c52d55b9baff5411037d070,73468cbbc184a28fd1648c37bb3cff88,delivered,2018-07-27 15:45:35,2018-07-27 15:55:20,2018-07-30 12:10:00,2018-08-03 20:04:22,2018-08-13,68e4ba2b1343d7613572ad66c0d066f0,2018-07-27
c520b0227dd173299c9739a4d65500f5,50f01f7a19be052db9d8f2259056ab58,delivered,2017-07-07 06:53:32,2017-07-07 07:03:19,2017-07-10 18:27:21,2017-07-26 20:41:48,2017-08-03,35ee02cdcce3665cb6a60124c99e9206,2017-07-07
0a05e512c3e656802c930be4c1766c2a,d3a853408a30f995900bcd86f3b13923,delivered,2018-08-02 12:04:52,2018-08-03 12:06:05,2018-08-07 15:23:00,2018-08-15 18:32:13,2018-08-07,ed200e7b5f234f298db0b45bfc977b32,2018-08-02
fde6349f293c21ee47453726cc800c04,0ad55d83ed9336fc724bcfc6d801dab1,delivered,2018-04-17 10:23:06,2018-04-17 10:53:11,2018-04-17 21:49:34,2018-05-09 14:11:37,2018-05-15,a13d86d7a321b684e3a240d45e74fa2a,2018-04-17
b2242476ef6b4f7c004e019f34f5d0a1,bcd0d44d9abda9abe9fe09cf36eb3ce6,delivered,2017-07-15 09:01:46,2017-07-15 09:10:14,2017-07-18 11:37:36,2017-07-21 19:03:19,2017-08-09,659bd0f62c2c0568498492cc271bac3d,2017-07-15
df0b4d4ca3e37ebafbe0610b32fb69f7,9a0348b087044cec2709f47dcd27d413,delivered,2017-07-17 22:25:20,2017-07-17 22:43:24,2017-07-18 16:38:27,2017-07-21 19:21:36,2017-08-08,da5f0cb97ef54feff4156580d2702566,2017-07-17
591bbdc0cd7aae35890765d570a3f0b1,35edc87c2142977597491383fc6ad092,delivered,2018-03-05 09:47:52,2018-03-05 10:09:30,2018-03-09 03:10:55,2018-04-02 20:34:33,2018-04-03,f158ffc1a88f91b5206241e14ff1091f,2018-03-05
36d9dbdecdcaa6c6811f7f272e447ec6,059e416e49b3c93b9e222bd2f39f0ed1,delivered,2018-02-25 11:39:37,2018-02-27 14:48:59,2018-03-15 19:05:12,2018-03-16 19:32:01,2018-03-20,3eef62e7b4cc22b21cc054ca4a505ba8,2018-02-25
865eeebc1cf8c4134e81028fbf1b12b8,e954e22a3cadb0bd6991008eb3d64803,delivered,2018-08-05 15:40:42,2018-08-05 15:50:16,2018-08-06 15:13:00,2018-08-09 23:28:36,2018-08-10,89064e1d1ddf2f7158f6294c7a20a29c,2018-08-05
9370e7790e15adbc2492065d34524285,21b0f669f2a38c34edc678dd70605a4a,delivered,2017-09-10 15:33:31,2017-09-12 04:45:15,2017-09-12 20:03:36,2017-09-20 15:26:56,2017-10-04,8aa4ccd719f675d48bfe057d537d381d,2017-09-10
69b0633a7da27b8044d4d706a557f472,89ff0384f0a749ebe7b8dbf654a622f4,shipped,2018-01-02 23:55:09,2018-01-03 00:49:52,2018-01-11 22:19:20,,2018-01-31,a8a46bb1265b7c81635ed663ab448459,2018-01-02
6b33f86e78800877d42365c81cdaf0cf,52c68a7d3a462c7e1ad2fea471dc555c,delivered,2017-05-14 16:59:35,2017-05-14 17:10:12,2017-05-22 10:09:03,2017-05-30 09:20:00,2017-06-14,e536f64bfcd1123768879a1ae26a7d0e,2017-05-14
9d1780c1dba60f1e3fc99e1072979110,6a432a8586bbd8cf62f617ff14fd64e5,delivered,2018-03-17 16:04:08,2018-03-26 09:10:13,2018-03-19 23:31:20,2018-03-28 19:21:54,2018-03-29,eaf18a91608237a64add515fce868243,2018-03-17
ebaa42a79f2add158467770ca61a11e0,f3908b6f7fb3faf818a27d8deaa73560,delivered,2018-06-13 08:50:25,2018-06-13 09:16:21,2018-06-19 15:19:00,2018-06-22 22:32:41,2018-07-12,dad9e634284872d012677965e512b57d,2018-06-13
0771dcbed01969791b77f20d05573b89,615fbaeb4332030104ecbf4ca33aa191,delivered,2017-06-30 17:47:14,2017-06-30 17:55:20,2017-07-03 15:39:55,2017-07-05 16:13:31,2017-07-20,8bd61a6829b0751fccf20202d10e11c8,2017-06-30
6460c57b49a7ef155f5f1588ef5b4e60,a892d89a8126134ea70ec78d0a0f502d,delivered,2018-01-10 23:01:15,2018-01-10 23:13:30,2018-01-15 20:12:41,2018-01-17 18:35:28,2018-02-01,58fc225498803fb46cd5555de70220b0,2018-01-10
d40d7acb41c23539b6b47ea86e260c28,a0b883e84e3ca2f19b01ab28d6fea42e,delivered,2018-08-06 21:01:40,2018-08-06 21:15:18,2018-08-08 20:08:00,2018-08-09 17:44:28,2018-08-10,8827ca79c092af8429d9d79bda2214f4,2018-08-06
6260b8b7e35f7b2163df6a9eb133a072,91263ec82ca46a8d1ef6d2f0e07cbc46,delivered,2018-07-04 13:44:57,2018-07-05 16:01:39,2018-07-05 13:46:00,2018-07-13 18:42:49,2018-08-09,963fee8d1953b0f2bc792a06043fb11c,2018-07-04
14f6c86b695ea4ddd3dd4386d10388b0,6fb40909e0386762d1c2b1af9e6505dd,delivered,2017-06-07 14:10:15,2017-06-07 14:25:18,2017-06-09 10:59:28,2017-06-12 11:37:38,2017-06-21,3110339155d740dc64b31e1666952100,2017-06-07
4383f393667331c267d9cdce510b849c,49ace87e9dad866bcc8b4a4a5be2b1ca,delivered,2018-07-24 10:40:12,2018-07-25 02:35:09,2018-07-27 12:37:00,2018-08-02 01:46:27,2018-08-13,198675ebabb0d7424fa53c3f4e04a85e,2018-07-24
90087834f1b051b9e44f4fdbe2aebd8a,a558798a2f1d319c9c8e1d2118972b6a,delivered,2018-01-04 20:10:54,2018-01-04 20:32:23,2018-01-05 21:33:07,2018-01-19 02:19:13,2018-02-08,eb6b70852bfeca1cd91b3105a840ba32,2018-01-04
3110fc0996c37031e67f3d28cd9b854c,b798ed6095f45336ec47d8709b987d43,delivered,2018-08-19 14:42:15,2018-08-20 16:15:23,2018-08-21 13:41:00,2018-08-27 18:41:47,2018-09-04,2a28e0b997ae772398ba763df638fc66,2018-08-19
008ce8764db2e397e153000e017475b6,763a720a236f5b8efe8220ef8b87bc81,delivered,2018-05-18 20:42:47,2018-05-18 20:57:50,2018-05-21 17:38:00,2018-05-23 20:53:37,2018-05-28,00fb957ae14ffd35a3211d8aa6d9cf9c,2018-05-18
0e40bd8d75ad8945ea6a9d1427142c49,7beecec5f95aaa9421845a4c79a246c4,delivered,2018-05-08 14:13:22,2018-05-09 14:15:09,2018-05-10 12:52:00,2018-05-14 20:32:52,2018-05-23,d107d82df1de6a2c0efd52d8ada0c699,2018-05-08
e368cd7fd76b9318bc4896345d71719a,c2722fd676f7f1ab5c4e736079b57596,delivered,2017-11-16 22:09:51,2017-11-18 02:50:24,2017-11-22 17:18:44,2017-11-28 23:09:09,2017-12-07,f986491a7560c10050c8cf820bd58438,2017-11-16
c130ce426e4cd480fb71381c3535a0af,9204d31ddd3d006667f483558776f556,delivered,2018-03-22 08:09:24,2018-03-22 08:28:55,2018-03-29 04:50:57,2018-04-18 14:12:09,2018-04-10,0f924ea7db4dde64b696de7b0fa98bb9,2018-03-22
832e2ef8cdf39a442023921a0d81274c,45ab60122e0c12d8366ce8d1bbf567e9,delivered,2018-02-17 08:32:22,2018-02-17 08:46:56,2018-02-19 22:48:55,2018-03-01 00:47:37,2018-03-13,5b592c9e23f7425eed7528dbeeebd5a9,2018-02-17
ba2f9f618bbb0aae209920d83b3773b2,4440d285b7b731e994671b0e4a361cee,delivered,2018-05-15 11:19:59,2018-05-15 12:34:35,2018-05-16 20:47:00,2018-06-01 20:56:36,2018-06-06,f9359c7143a37e96f6b506d3aee0d271,2018-05-15
6525d9ab0bff6133c63e9c0cfa55bfbd,c832d152c856c6728494bc3290aae7e9,delivered,2017-09-11 11:28:21,2017-09-11 11:43:51,2017-09-14 00:57:56,2017-09-19 13:38:58,2017-10-09,46b518c0803dd3f27a69b941c70a4e1c,2017-09-11
6fd9c0f6410977614b5a56d7cdafbfeb,7635534e464209718016b21fd2d2fcc6,delivered,2017-11-18 13:28:29,2017-11-18 13:45:58,2017-11-21 21:25:50,2017-11-29 17:43:05,2017-12-15,b733ee1206d5a9380b95460deeda07d1,2017-11-18
48d4e2ea1003c1efbdc8c3cd4e0af69e,17b3e7f93c1683a293e92623a77cbf80,delivered,2018-08-02 17:41:41,2018-08-02 17:55:17,2018-08-06 06:36:00,2018-08-08 19:21:35,2018-08-17,aa120cd97bd8d3d1fd9b730cb22367b6,2018-08-02
991bb9cfd54d9ab89b563df31d3ed95d,de4a2b27fcbb6a43dffa4a65495e7956,delivered,2017-11-18 22:12:09,2017-11-18 22:30:24,2017-11-21 16:28:56,2017-11-29 18:49:43,2017-12-11,a50d8809aa4134b068a0415694fed92d,2017-11-18
2f773c64787631d6c8c0b98193a166eb,e9ce07a8429320d678c5d43d1f54b750,delivered,2017-11-09 14:59:52,2017-11-09 15:10:34,2017-11-23 16:06:56,2017-11-27 17:38:01,2017-11-23,87072454aa30423807745a95d521efe8,2017-11-09
598e800e9ad9acb037af33b097ae436d,f70af1a55bb443930f41137eeaee382e,delivered,2018-03-18 16:02:06,2018-03-18 16:28:15,2018-03-20 22:13:42,2018-04-13 23:53:47,2018-04-16,d4161433b4b238a0c36242cc91c9f5a4,2018-03-18
389d99caa7584786ee8a27df1638f6ad,eb9607b7a646c48a5c0a94e6ef3c4dfa,delivered,2017-07-08 17:41:42,2017-07-08 17:50:21,2017-07-10 18:28:10,2017-07-14 19:47:52,2017-07-28,6cc93b97b965d3c67eea822a39d124a2,2017-07-08
9804b55805c8c19afdf0e9af3e494a0b,6392803bb7bf94fdb660b2a57c149457,delivered,2018-06-03 13:58:14,2018-06-03 14:10:18,2018-06-04 13:12:00,2018-06-11 17:12:06,2018-08-02,8b4bb71a7d37d4c2560e0f0409a58905,2018-06-03
6fe1a563bdf47496b8bba2d6c5149468,319bc74aa0d3a68dc4d3a98b9fecb45c,delivered,2018-04-18 12:14:14,2018-04-18 12:31:50,2018-04-19 19:28:27,2018-06-04 17:18:51,2018-05-22,261bc8d67bf6264cb8352c0700e98f3f,2018-04-18
efbeffeec3423546112aa13eefc4c185,83be2d70d23dff8950d003f73cc7fcaa,delivered,2017-12-15 11:35:49,2017-12-16 02:37:33,2017-12-18 19:57:10,2017-12-21 20:18:27,2018-01-04,6ed697b9444ce95cffc334c586a4b3e9,2017-12-15
39af2b85fcc6f1bd12289081f36b4a03,94d8b2dd7b914a42c966eec451f3ac1d,delivered,2018-03-26 14:32:23,2018-03-26 14:47:53,2018-03-29 17:56:52,2018-04-04 20:19:11,2018-04-24,31e15403325f85c7d83f868da40970a7,2018-03-26
ce5cc8db5db3cf165759073512ba3d82,4b62d0cad63bc44821375623cddc2835,delivered,2017-05-21 17:57:39,2017-05-21 18:10:18,2017-05-23 11:55:54,2017-05-26 09:39:56,2017-06-02,7c831b62c10b4b9699d30272100f9d04,2017-05-21
dee19a9ea2f63ca372aed6147e959b0c,fbab8bfa509fdb59b1a493bf43af86f7,delivered,2018-04-04 11:32:04,2018-04-06 03:08:25,2018-04-13 01:05:17,2018-04-13 17:09:29,2018-04-16,1d1bbeaad3c62bc7749e7f24a174b8f0,2018-04-04
5a93cebb38f427b7931b20739631c9fa,8aab0bdf54d373f71d3a3fcc06e37fc2,delivered,2017-07-15 19:49:02,2017-07-15 20:03:15,2017-07-17 19:16:54,2017-07-27 18:55:48,2017-08-08,3a549cd879a78f4e306e3b3a61e81099,2017-07-15
8f684cba1286ba5b549d75dd493e599f,b80791f990004efa9e9ae711929a71ca,delivered,2017-11-25 03:29:05,2017-11-25 04:30:55,2017-12-14 21:35:19,2017-12-16 18:21:50,2017-12-12,827bfe48960ca0dde2edc174b2311277,2017-11-25
bc444369eaecdac2463e2551eff32463,744a80b67af618adfecb19c2b77e3618,delivered,2018-06-22 16:07:29,2018-06-23 15:15:54,2018-06-26 13:30:00,2018-07-03 22:28:05,2018-08-08,001deb796b28a3a128d6113857569aa4,2018-06-22
df9833929efe460f6b77cbf6e1616d1a,7fafc8356551ef67600a3f6359ac6d6b,delivered,2017-12-27 09:08:35,2017-12-27 09:19:22,2017-12-27 18:53:59,2018-01-05 00:51:54,2018-01-22,78df0a8f0a36f1a5271c4e57b098d603,2017-12-27
dd754ce1eba588bc6e8abfe24e08e791,9cf4166999de52ee29e3f654382bf761,shipped,2017-06-16 15:46:07,2017-06-16 15:55:28,2017-06-21 11:35:44,,2017-07-06,ad503a1605132a233d35a86b50f5c7c8,2017-06-16
c2ddb96ac5a19ac184bc09cbd3c95522,c8ba8e335e38b67f23ff297491aca48f,delivered,2018-01-14 18:47:59,2018-01-14 19:09:18,2018-01-20 01:41:38,2018-01-29 23:09:39,2018-02-07,ddd6f16f9c6bf7becbdb7cde411c18ec,2018-01-14
57cc72d3e635bf57199d76328279b875,6b3a94d9eb50fb6b8fe146eeaa06b575,delivered,2017-10-10 20:21:15,2017-10-10 20:35:23,2017-10-17 20:30:11,2017-10-26 20:11:51,2017-11-01,f50ca6544a0ed8a52cc964e15cbe9cf9,2017-10-10
cb0a4ac036ff43852a47ceda4d254cdf,0075589b789b6bce7b058adab7e9a6f5,delivered,2017-10-03 22:45:24,2017-10-04 02:32:54,2017-10-05 17:14:44,2017-10-16 19:38:43,2017-11-01,ab26376d360f4caa7f34418cff3c9971,2017-10-03
2388959a19bd21ca9ce8639defeb9789,b24522673df202c02062231154a3675f,delivered,2017-04-05 21:26:56,2017-04-07 03:23:01,2017-04-13 10:35:42,2017-05-06 07:39:41,2017-05-15,00842c7d0cedb9e1edad8e9b7d148f09,2017-04-05
0d43ce52df043a3cdf371f10d03764d6,66e7fa9567ac4e4f4a28f1a487e05c0e,delivered,2017-03-14 16:05:36,2017-03-14 16:05:36,2017-03-23 06:15:31,2017-03-29 14:33:51,2017-04-10,7fce08db36a5ee4cd00136de42b77f20,2017-03-14
05d5a67b06f86425711075939a164657,716c95338343be76a421f05145f6d9b7,delivered,2017-10-24 09:17:09,2017-10-24 09:28:15,2017-10-25 22:45:59,2017-10-26 14:13:59,2017-11-06,b4acaca510f847f9927914b51f9b0874,2017-10-24
749990ae992d496bb8ad6972705298f3,7c4d6cbb7855e8d33ad1087c14c3d0b9,delivered,2018-02-10 23:12:51,2018-02-10 23:29:44,2018-02-17 17:38:01,2018-02-20 22:18:52,2018-02-26,af2ccfea0ebde7dc6f778ed20d8c26af,2018-02-10
8678b97b317b045765dcbdf85bcb74fb,068826320c90fa65a4db813cb2e1878f,delivered,2017-11-29 14:21:01,2017-11-29 14:34:31,2017-12-01 18:38:36,2017-12-08 12:02:59,2017-12-19,c6d758568baffc308da80fe73a2a4030,2017-11-29
faace5967166bad69dcbe73033140234,b759f7250ae814965050f028d53d1aca,delivered,2018-01-12 22:11:08,2018-01-13 13:09:52,2018-01-24 09:43:15,2018-01-29 23:27:50,2018-02-08,11d50f6650125d144e24ce5b8faa9c0d,2018-01-12
16e51875d15c3c8ae1f48c03b5db49d6,c19943d189d09c0daf5a6d31011d63c5,delivered,2018-06-01 16:19:27,2018-06-01 16:33:15,2018-06-04 11:39:00,2018-06-06 23:48:33,2018-06-26,04dfe67137b9c22b4344433ad41a0dd5,2018-06-01
e260cc3baa8f4aae3fab201ef60e1127,05b005e82f3f2dcc41b5504f00484e50,delivered,2018-08-17 10:59:04,2018-08-18 03:09:46,2018-08-20 13:43:00,2018-08-21 17:51:40,2018-08-22,3ef8c1513fc80fb905ccd8d57da5e9b8,2018-08-17
b59eaa8e4e60d7bb5f7dc3ead40dbb52,0739089fe721910a47eca7ed9c938b92,delivered,2017-07-25 18:55:53,2017-07-27 09:50:17,2017-07-28 15:32:39,2017-08-01 17:29:51,2017-08-14,1a3c05a3867abc1190af79e12c537e13,2017-07-25
9ffaf572bc1223f9725b1835679ad356,eccbb8dbe5b62208582b1d3325aa124d,delivered,2018-01-03 21:40:58,2018-01-03 21:47:27,2018-01-04 20:15:25,2018-01-09 20:02:55,2018-01-30,a7dd9e5cb1bcae5f6386297d6f97d0e9,2018-01-03
96c9598c25e152e093aedcc8cf89ab0d,6abaa7c4f5f3b290c9f1557da81084fc,delivered,2018-04-03 22:30:08,2018-04-03 22:49:27,2018-04-05 22:58:28,2018-04-16 21:04:48,2018-04-26,5f84dd765161a769e787eeb4f8d393e0,2018-04-03
3d894f368ae702ec71a9db9d4d21291d,b2ae80ffbea40a9641c1a368a6883841,delivered,2017-10-09 16:18:59,2017-10-11 03:35:14,2017-10-16 16:32:39,2017-12-01 18:34:25,2017-11-09,f5aefd928a24c5af24bdbc30ed66c590,2017-10-09
f256e6ae5f9bc6968eb25800d1360ab9,5e0c77608746c464f57855173086e0fa,delivered,2017-12-05 16:18:27,2017-12-08 17:30:24,2017-12-14 00:19:43,2018-01-09 17:57:27,2018-01-02,13b708e763ba3e24a290dd972fd0f8fd,2017-12-05
030c39b681ff2f80d984e9190524a029,40d765d8bd08edbea11e2857bb737b81,delivered,2018-04-29 22:45:30,2018-04-29 23:09:42,2018-05-04 15:19:00,2018-05-11 00:56:55,2018-05-23,03303f6d6aef045d45a0522e613d7112,2018-04-29
472e43804bfd61093592dd9ada32ae2e,bbac29c51bb48d544ffaa7485344f42b,delivered,2018-01-14 14:43:52,2018-01-14 14:51:25,2018-01-16 14:48:14,2018-01-17 17:17:50,2018-02-01,fd9dafb758ece9cacf97809641848ac8,2018-01-14
92d277181976dd1ae82d2d739755ec17,aef25365c2c16bfaabe4dd0fe95cd9a2,delivered,2017-04-04 18:02:11,2017-04-06 02:43:18,2017-04-06 13:48:34,2017-04-10 16:54:45,2017-05-03,6b999f361fb30b6274f1f63aa445b6bc,2017-04-04
0b0e92124b8a170cb0d9bb34154aa70a,a01e5a14ca4da35a609812d73b7519f2,delivered,2017-12-07 19:42:11,2017-12-07 19:53:25,2017-12-08 22:48:44,2017-12-14 18:25:54,2018-01-04,a289a8514f6424ab9019078a7bfdadaa,2017-12-07
03e4b19921428d651853f2935176e951,245330e667436609ed3e8ead1554eaf2,delivered,2018-01-14 13:37:42,2018-01-14 13:49:23,2018-01-17 20:37:57,2018-01-22 19:22:01,2018-02-05,b58b3b92d64c4fd12f04c5e45c2c7d75,2018-01-14
66b12481cc96a1cd3433f135e812ce3a,ef553fe919dcf778989f099f9c02774e,delivered,2017-03-31 12:20:44,2017-03-31 12:30:50,2017-03-31 20:00:09,2017-04-12 07:34:42,2017-04-26,49267d6c9f05e0ce2ea2bf94365d3c4c,2017-03-31
894f6e0db677f7c543348befc4ecc7da,9b1d5f24edbeae5ce310d1fe6a15fd8d,delivered,2017-09-07 20:32:33,2017-09-09 06:34:10,2017-09-15 17:33:05,2017-09-20 17:27:12,2017-09-26,35d9b34d8895b5f4f7d9ad3ba5e7e8d0,2017-09-07
7771f12b8336695166d8e1fc01bed225,9082b1568abf65c8110985c719dc70de,delivered,2018-05-31 17:45:32,2018-05-31 17:55:15,2018-06-01 13:32:00,2018-06-08 19:15:45,2018-07-12,6cd8409c42ccd0749dd4452aea076eb8,2018-05-31
f70c3715f767524c73970266ba6b859e,544c8a8a4783e8b6386ef5c01d39cd6c,delivered,2017-06-08 13:31:59,2017-06-09 02:35:28,2017-06-14 15:16:09,2017-06-22 16:53:45,2017-07-03,289d835db696b84022ad013f99af88cd,2017-06-08
31015049cbc3685e5b4d13d8586598a3,932e3af0ee6c27729b0c388a58a67f20,delivered,2018-01-24 19:56:44,2018-01-24 20:11:44,2018-01-30 23:26:28,2018-02-06 20:50:00,2018-02-19,4b9a87214237c3bc6c3130df4e787f12,2018-01-24
b825236418f4078920d15fa3d3813b06,e5517476444480870b49c0ee5a595064,delivered,2017-06-27 22:47:22,2017-06-27 23:04:29,2017-06-28 08:10:42,2017-07-03 12:49:40,2017-07-17,d3207154c4f8f0fbc847b26bba8526b1,2017-06-27
7876543fa2ace4e27b82861d1330ecb4,67dcf09944b3b8cfcb565059b9076770,delivered,2017-05-11 13:10:22,2017-05-13 03:05:30,2017-05-15 10:47:47,2017-05-16 14:37:59,2017-05-19,bb5d56c164166308850d401b9e789654,2017-05-11
d61b915b69851aec8a8865f36cfd793e,102fc0966044243157bb81e4ee0a251e,delivered,2017-03-21 19:25:23,2017-03-21 19:25:23,2017-03-23 16:00:01,2017-03-28 14:54:11,2017-04-07,00cc12a6d8b578b8ebd21ea4e2ae8b27,2017-03-21
178dc9ffc66f1968787b253a9318cc29,5e4aafed1eb7b023330c6085ea689f04,delivered,2018-08-06 10:48:53,2018-08-06 11:05:11,2018-08-06 16:55:00,2018-08-07 19:38:24,2018-08-14,d65c32925d7e29eb440266a1eba9a10f,2018-08-06
e06c161158d144e9f0f0d5d4c15f5f86,e139e0f648f7eec0a23a81ee995b5c15,delivered,2018-05-12 14:15:16,2018-05-15 04:34:59,2018-05-15 13:50:00,2018-05-23 17:15:50,2018-06-01,f757c5be35afb4f7b646c04e97a4f86d,2018-05-12
d432a2eab9f386c43387aa3105877c50,0ca895968ec8e786ad4dae4a41f019ae,delivered,2017-11-05 15:38:00,2017-11-05 15:50:34,2017-11-07 14:59:10,2017-11-13 18:42:45,2017-11-24,5d3002cbe1d063e8510d5a7ad59ba35e,2017-11-05
287791188818821b1e768b55b446bc27,a6f899e6783a09f47bce511ffb9a2d9d,delivered,2018-08-15 14:49:40,2018-08-15 15:10:22,2018-08-17 14:38:00,2018-08-21 21:34:38,2018-08-23,907111b19b041ed5ee4a9da8bf5d3fc9,2018-08-15
fd2b75f431649ee3de573b444d320f48,a5668d53c44bc380c43eb532779e0bf4,delivered,2018-02-22 11:33:04,2018-02-22 11:48:24,2018-02-23 21:19:22,2018-02-28 18:23:26,2018-03-14,3c801d053bcdee6a0d8bd452e2f54e23,2018-02-22
f3e80ce79cc543e78b626ae391d7ee5a,48a4a699ce0b868c080335faf69be36a,delivered,2018-07-23 20:01:09,2018-07-24 10:31:01,2018-07-24 15:03:00,2018-07-28 20:15:01,2018-08-10,faac67bb444d96b79cb100bd31f82cbb,2018-07-23
09a1022dc99a8046b87235a846062035,3312b16ef68684caca2d3b248358e2ec,delivered,2018-06-21 14:42:11,2018-06-21 15:00:08,2018-06-26 16:52:00,2018-07-02 21:22:23,2018-07-20,991c0175c1b3dc255f91e7dac1f5fdf3,2018-06-21
ef59d0e720795bd288acef80bd96d2cc,4918ba73173a0a5415bd47592a6ceb6a,invoiced,2017-01-30 21:56:11,2017-01-30 22:32:00,,,2017-03-15,f4b43781700053039b8569f68d371dda,2017-01-30
6493662503709d0182824311f551c45a,2a2a2cecd84ffb9cde3499f39a21d647,delivered,2018-05-10 11:13:43,2018-05-11 03:10:47,2018-05-11 15:13:00,2018-06-06 16:11:58,2018-06-13,5d90783c18779b3e59393b2276f31363,2018-05-10
4c6f9679175cfb7119be763dd898c8a1,428e2a922b73a9f9fd3f463f767159ab,delivered,2018-04-24 20:14:17,2018-04-26 03:51:36,2018-04-27 10:55:00,2018-05-18 23:18:51,2018-05-15,511bc51a4cf7afbd09401ff8f0b6273d,2018-04-24
e20563c6d7e937815ecdf726ecf3e178,4a60dbf4842521021274dcd3d7591e05,delivered,2018-04-03 23:13:38,2018-04-03 23:30:14,2018-04-04 20:42:22,2018-04-16 19:51:30,2018-05-03,efde0711381f58230ea70436955d5268,2018-04-03
2ca136ae4ca40cd3af16c1af7d324f38,9477fbe4ea6010b54d7611e62df2fe46,delivered,2018-03-12 20:38:44,2018-03-14 02:35:40,2018-03-14 19:22:04,2018-03-16 20:40:47,2018-03-22,090380f6e486f385ae5cbb6a2354d014,2018-03-12
9dfb9705fcbf1805dbdaec67d4149b3a,85cf8450289e9620892ba625caeac5cb,delivered,2018-02-04 11:31:08,2018-02-06 03:50:29,2018-02-07 19:07:12,2018-02-16 23:18:46,2018-03-05,4bdd7b3cc717a2795b90f2529cfe6f43,2018-02-04
b1399bbf348818a01b01e16f166f660a,bc653fc2b72cb987f615a7694cd84c6a,delivered,2017-12-03 21:27:18,2017-12-03 22:32:13,2017-12-04 20:19:29,2018-01-09 19:46:24,2017-12-29,823bb2a171fa5c2e6cb24b45c8bcd896,2017-12-03
e4f554199fc4df9e7b805b6a452de525,3d7f68f4b6d4afd0a243b5f6bc894b7c,delivered,2018-06-28 10:36:36,2018-06-28 10:50:34,2018-06-29 12:50:00,2018-07-02 18:18:29,2018-07-12,2e2723098823ec0ea5eaf4d0fcce7980,2018-06-28
39c41eff1afea8c296062328350b9ab9,d7730e2701034d28abe61d4316137deb,delivered,2018-07-13 10:35:41,2018-07-13 10:45:13,2018-07-16 13:55:00,2018-07-20 22:55:53,2018-07-30,34460b56c2c9c568ebf4e27935086855,2018-07-13
7aee6dc90a20749566f77e5c34a9c8e9,cafc7ca677c700a6cd857bfc9a1d68ed,delivered,2017-04-15 10:20:13,2017-04-15 10:30:50,2017-04-18 14:54:34,2017-05-03 14:54:50,2017-05-12,2338fb7e169aef6dbe9eb9d9c9d410c8,2017-04-15
a5bd353b2ac215ebe5c34f03dcd5361f,a8f423ab70e96e28a8e4878179ea4505,delivered,2018-05-20 18:29:40,2018-05-21 18:55:22,2018-05-22 17:13:00,2018-06-06 23:08:54,2018-06-11,696fca7af7f751e1749087433a92c790,2018-05-20
c81bd857bc1711b4f9cba7c927f16144,6d5c0b9b3d555fc575af115a09be3ba4,delivered,2018-05-04 07:41:31,2018-05-04 07:51:53,2018-05-04 10:14:00,2018-06-02 14:45:33,2018-05-25,f690f5a718df16b9913d2fa1045e43fd,2018-05-04
163f329bfca575046bce743f0ec1f553,656cd8804dd6e53c365ce118a74c11b9,delivered,2017-10-19 17:01:02,2017-10-20 16:56:52,2017-10-23 16:49:54,2017-10-27 18:47:42,2017-11-07,54f2421a01b0875cd5edf914947bea96,2017-10-19
dfa8413e7d36ab13ab6b12c6c55fdc2b,62817d108deb252360c3ba76fe55875d,delivered,2018-08-03 20:31:07,2018-08-04 05:05:16,2018-08-06 15:48:00,2018-08-09 21:32:05,2018-08-14,1eb299821235e3be253d50689d517061,2018-08-03
cc4400f0310bb2c674d44b2b0f3a6a67,08e4e47999175e049a948f577df3b84a,delivered,2018-07-28 22:14:06,2018-07-30 16:15:20,2018-07-31 15:51:00,2018-08-03 17:32:20,2018-08-15,4e455fca8436f4e25840394b4730bb69,2018-07-28
d91a069afed21a6f7b095b0a908f5008,b7442c005410200e8e70b2404b79c56f,delivered,2018-08-02 12:06:09,2018-08-02 13:04:24,2018-08-03 15:46:00,2018-08-06 17:39:25,2018-08-10,ae049021fa05ecdf881160fb4b00b3a7,2018-08-02
768660774242dac542b536c230d3a488,a30e64a6b397b502d795e0c98b2ab8eb,delivered,2017-08-16 20:11:15,2017-08-16 21:35:21,2017-08-18 10:13:39,2017-08-25 22:59:52,2017-09-08,6d853d4023b6c475f9521ce137c9c50b,2017-08-16
a3afc054794626fa838bdf3de6073232,b9d3bd71c5017c0154b2604823f3bbcd,delivered,2017-03-16 08:27:37,2017-03-16 08:27:37,2017-03-17 11:36:51,2017-04-26 14:27:59,2017-04-19,c8d64341c54624e74c064b844ae0814e,2017-03-16
62f7289ebfb6bb8bcf133442c92558d4,323a3f2d3b2d3413da554ffd9e722d5d,delivered,2017-08-21 17:17:20,2017-08-21 17:31:35,2017-08-22 18:22:01,2017-08-23 20:39:01,2017-09-11,3fa4c52daf1171b5f51edd48a525881d,2017-08-21
39cffde7cac18d45ba04d0eda617e06c,2facb156c86725054be0061baeca3131,delivered,2017-09-27 15:27:09,2017-09-27 15:49:18,2017-10-02 17:49:56,2017-10-09 19:37:58,2017-10-20,e32e9ffa72fe957a48b8c21d9576eb63,2017-09-27
b938ac4d34d8d6e6cb9f8dbfa2042cc6,6d8b841ea5c42e4fcdd1c45ebd7db0f2,delivered,2017-04-23 13:44:53,2017-04-25 08:02:48,2017-04-25 17:25:20,2017-05-05 16:22:19,2017-05-15,32577238d3b75592e45c026e57ce20eb,2017-04-23
7584bd8da96214989dcf9fbdb2268b65,c30ec940f81a313d41c75e8f2a076fbe,delivered,2017-11-22 16:43:46,2017-11-22 16:55:24,2017-12-20 18:07:05,2017-12-26 15:53:19,2018-01-04,96f512964cb3cd06773c2b0e46682f19,2017-11-22
99b3d468655df7494c3286c020507fc7,17b4d0277079480dea89af22967e5ac0,delivered,2018-07-28 19:09:52,2018-07-30 15:55:20,2018-08-01 15:17:00,2018-08-03 11:32:14,2018-08-20,632b36b6bf2e2c9927244dba98c20a0b,2018-07-28
28c3483a3f62b4b5bb0121055f94c951,52ee705c2f82596c0d545ae32fd128c0,delivered,2017-10-24 21:35:24,2017-10-24 21:49:27,2017-10-25 21:21:53,2017-10-26 23:13:49,2017-11-06,282660942c5b5d1e009cbb5c420d15c8,2017-10-24
c46c54fce26cfc332abf6dc199edb7d0,2543192afb3af76708145bdcb29c53a8,delivered,2018-05-07 23:18:54,2018-05-07 23:32:50,2018-05-10 10:41:00,2018-05-21 22:52:43,2018-05-28,d36404b1339bbf652263cd7743554493,2018-05-07
46f05e5ae3a2b822e2f4148d99f69ca4,4f531f24ba13efa329c743d01004891a,delivered,2017-01-16 19:24:49,2017-01-17 03:25:19,2017-01-17 14:16:56,2017-01-27 15:09:19,2017-03-08,6844cfbae485da8c9ac6d7dd38e1d3e3,2017-01-16
4e7a31bc83274853a6cc6c41c0193830,ff02f44d3f50bba74d4e8679fb6f8a13,delivered,2018-03-26 19:02:57,2018-03-26 19:15:17,2018-03-28 00:46:40,2018-04-09 19:12:07,2018-04-17,bc51b5104f06419ccb7b4dd78db40909,2018-03-26
15b801b0d323da81c4b78fb9b74e7a0e,94779b9caa445191a00444b6d61f257b,delivered,2018-05-20 21:13:33,2018-05-22 08:16:22,2018-05-22 13:57:00,2018-06-05 01:38:43,2018-06-14,4b101954db3feefb548a8ff578bb986b,2018-05-20
2caf51ea139cc9003d6dee63bfea1106,6f3edfd86311ca018da6e04aef89fe79,delivered,2018-03-14 18:09:43,2018-03-14 18:28:45,2018-03-19 16:57:27,2018-03-23 23:06:51,2018-04-03,268b69a36c23ad6124117eb74e6c0891,2018-03-14
c0c9eba73d421ff348cf87bd24ca5609,cc4e9855d82fe909d861bcdf3dd081d2,delivered,2018-05-21 15:40:33,2018-05-21 16:55:36,2018-05-22 14:31:00,2018-06-04 14:26:43,2018-06-05,da35e430fb005a94388c56f3033d2f2e,2018-05-21
d1041fe78c4a6af27bccc94c92c5621a,d2cf1eae9394fb594641b0cbdcf2e337,delivered,2018-08-17 20:25:23,2018-08-17 20:51:53,2018-08-20 13:58:00,2018-08-27 17:23:42,2018-09-17,08cf2cba8edcd7fca65853e8be00b0f1,2018-08-17
d6f69373bd8e19dddb4c20e6d01ea72e,d9ca76461d5435e359e3b78ff500062e,delivered,2017-07-19 18:49:32,2017-07-20 19:50:20,2017-07-21 18:56:58,2017-08-07 15:26:32,2017-08-10,6be0a047903d0569ffa69db1c5db7ccd,2017-07-19
9d2aa61b374fac5dd063f36fefa602e1,6bf5d790b895c0b3dfdbc9b865ac7372,delivered,2018-03-15 20:56:49,2018-03-17 02:50:36,2018-03-19 22:22:27,2018-03-27 16:34:40,2018-04-04,469ddbce2355bcaba3c0b609127f638f,2018-03-15
6a43d3b2cbb42f4e417faa5566a65469,3b3da83ec0ba0f4ac5ae88220bdab905,delivered,2018-03-12 14:55:12,2018-03-14 02:49:03,2018-03-15 20:42:40,2018-04-24 18:42:07,2018-03-29,22805a5f04b5eb6ff36c0ecc0bc49498,2018-03-12
93bd7dc1455d3109c84703ed2186cb35,b0a35e98a28ce055c5090da452a82973,delivered,2017-12-18 23:52:38,2017-12-19 01:13:20,2017-12-19 19:29:38,2017-12-23 14:28:51,2018-01-18,45eda2a649bd58b167d328bc06e8dcde,2017-12-18
013056cfe49763c6f66bda03396c5ee3,d3d38825275e47847abef7e1936b3bcb,delivered,2018-02-14 12:48:24,2018-02-14 12:55:56,2018-02-15 20:32:36,2018-03-03 12:09:00,2018-03-07,51d11e5abc725531b3a2fd56456885fa,2018-02-14
091a28ca837aa39b709aa41c0ca3d24a,3c23abb98d078da4a47ba5558833d7c1,delivered,2017-09-04 19:37:37,2017-09-06 02:55:30,2017-09-06 22:32:40,2017-09-16 17:03:18,2017-09-29,4516621be54e8989cdb0469dad5e70c7,2017-09-04
e6cc2e902e9f3b9a8c3fd2f60447bfd0,039eebca4d46be9067692e9611a7207a,delivered,2018-08-12 19:17:28,2018-08-12 19:30:20,2018-08-22 12:06:00,2018-08-27 18:48:32,2018-09-04,b1605f0b595c177f4f6c08f01525de34,2018-08-12
0382be412d28f04f932ae97df15d634e,fc04cbc6a598681d02b85ad190f1aec2,delivered,2018-04-17 17:32:13,2018-04-18 13:52:04,2018-05-09 08:01:00,2018-05-18 17:03:43,2018-05-14,c6744ba61f35a5dbb0df5e378f4ea287,2018-04-17
703a50ce51c6547dfde74fd28cd92343,6450a6eaa5bbcf30b86871cfab0c37b9,delivered,2018-07-10 14:31:41,2018-07-11 03:30:14,2018-07-12 14:40:00,2018-07-13 23:06:31,2018-07-19,6ac1c6087ba110c7b36bb63c2efa55e8,2018-07-10
12f55fbb20dd8ff71113349776b5642a,2c07b6a19d97919269fb1402e7b51b44,delivered,2017-09-29 23:50:02,2017-09-30 00:07:13,2017-10-03 20:24:29,2017-10-10 21:24:34,2017-10-30,5ebe8ca3c0fdd3ba40a4cac58da4260c,2017-09-29
5e3e4a506d4cacd33f33b902f7be3eb6,2c5abc3a69a51d27f10be032ab66beaa,delivered,2017-09-22 11:19:47,2017-09-22 12:25:44,2017-09-25 16:05:14,2017-10-03 19:57:09,2017-10-18,d8d59c48747107e1fe5f9738a1e3cbe7,2017-09-22
ba3a51757fdcfef1274e42c81786e4ff,f74a230eb772c5ee26a3239cd1debe94,delivered,2017-09-12 09:27:12,2017-09-12 09:44:32,2017-09-14 17:03:16,2017-09-26 18:36:45,2017-10-06,74c71b438f808701e462a6edbd781586,2017-09-12
498ea4c2663176b7cfa758a867a65bc8,bc01adb313381f1bd84fb71425b8596c,delivered,2018-03-03 16:33:17,2018-03-03 16:48:38,2018-03-05 20:52:03,2018-03-29 21:51:02,2018-03-21,c6ec55db2f2b5fe7bfe1bcaec777596f,2018-03-03
cd24c66d2639db024d0841891f1549da,9d8c01aab0d2735a5331ed317166cbd0,delivered,2018-04-10 14:53:49,2018-04-11 09:15:12,2018-04-13 22:26:36,2018-04-16 20:02:41,2018-04-26,a788c51b78552d0855cbdbbb9b445492,2018-04-10
1db48820d18841e3330e5721352b9387,b09883a38c50f6a64741985bd80ec237,delivered,2017-09-09 15:17:43,2017-09-12 04:55:06,2017-09-12 19:52:55,2017-09-26 23:02:08,2017-10-05,9405bac2dd4fb1e31253f5c7f2711f42,2017-09-09
6477737031e3b8c8578883bfa897c524,1f4ec8b52e2199f2083d25ed7c58cdf4,delivered,2018-03-26 13:03:35,2018-03-26 13:15:41,2018-03-27 19:31:56,2018-05-03 13:48:29,2018-05-07,507da1cf045b7c2b0eeac4c7ee78606e,2018-03-26
9e97400ef316f1d0209aec475ab50554,191ca3c59d3e5ed2fb88a3f3ed124acc,delivered,2018-02-25 23:33:17,2018-02-25 23:47:29,2018-02-28 23:53:07,2018-03-20 22:42:02,2018-03-16,6648d23669f764f55efa590e23e68e40,2018-02-25
87da1cc36517297d8a081a9a33185eac,d289f57701f2314ec1be1494f62d676a,delivered,2018-02-26 16:04:02,2018-02-26 16:32:43,2018-02-28 23:44:25,2018-03-01 16:42:42,2018-03-12,86cf5a0ec4232cd20f7a05bf4d33e0e2,2018-02-26
d0714b92348bdff5af0cabf84ae6c2c0,27c6db37b1f4e91aa4a4c1644b904799,delivered,2017-03-10 13:16:12,2017-03-10 13:16:12,2017-03-14 05:13:58,2017-03-22 08:33:05,2017-03-29,ae7b79796d47ab59f417a154efcdbb77,2017-03-10
1ad61c926dff6777c28e962510cc2c71,554df5e6a0e1f9a755932c72b72ce69f,delivered,2017-08-21 14:18:21,2017-08-21 14:30:19,2017-08-22 20:28:00,2017-08-25 18:32:25,2017-09-01,fe6b54cd897e53d07ecec69074ddf7b9,2017-08-21
65ef477f43ef52f4234fc5fff8df97e4,b1c6db035dfac86244c0f0b8d18556ea,delivered,2017-07-03 01:12:53,2017-07-03 01:25:09,2017-07-03 13:15:09,2017-07-11 14:37:54,2017-07-14,7441ce776af8da3b9df3d3f3c1e13ab1,2017-07-03
ec31537c89ffa5a4bf45b611c840708e,ca61d00c6a6f785ea1e7c987d0df9534,delivered,2017-07-16 20:53:52,2017-07-16 21:05:21,2017-07-19 14:57:42,2017-07-21 21:56:53,2017-07-28,6c7a861791fba597ae21f773614f98fd,2017-07-16
784e19dd0615365f6a59789d659b2fe6,ecab37577258fe43ba4494a9dfe4af16,delivered,2017-05-23 23:27:52,2017-05-23 23:42:46,2017-05-29 12:12:17,2017-06-02 09:58:00,2017-06-16,d82731ab1723e24a9cb0f23e267513fb,2017-05-23
758d8c3ddeba66a2a9cad6c8b043dd2f,024a05bd7b940e8cf5827498ed1e039d,delivered,2018-06-03 13:17:29,2018-06-03 13:30:22,2018-06-04 16:43:00,2018-06-05 20:50:54,2018-06-28,1fd2a9687047f9b9644852f25dc8aa65,2018-06-03
f697830f52a6a751ee9469385da12bf4,52e83c4772a5af30c49df5b4e74fe1f7,delivered,2017-11-24 15:59:07,2017-11-24 19:36:23,2017-11-28 17:41:24,2017-12-21 21:12:50,2017-12-19,89f1ea2f891c497e53dfe7c663d542f6,2017-11-24
aa20c8dee3466002e6bd9d64cdac1bdb,3657140e934d7cae7060c6ecf02a3a43,delivered,2018-08-07 10:06:59,2018-08-08 03:05:22,2018-08-09 13:06:00,2018-08-10 16:31:42,2018-08-15,4627cfcfd8c2b7d178a1ef8dfaecec95,2018-08-07
6649d935be7a1df58b2dc3754fb17379,756fdeca18f4b3e84fa1123a3b967a26,delivered,2017-07-23 13:03:42,2017-07-23 13:15:20,2017-07-26 15:53:49,2017-08-01 18:18:54,2017-08-11,c5f4a17332cac9eea14c1147093298dc,2017-07-23
a958c924f6b23ca49ded10f6f5aa862a,6677de4eafbe968dcf5088ccc239aa33,delivered,2017-03-03 16:33:56,2017-03-03 16:45:10,2017-03-07 11:41:07,2017-03-09 16:12:40,2017-03-22,088bf76cf4381f8f43e7be30e6635cb0,2017-03-03
c0e9ca196d5699995f7b3987a8931ebf,a96409ee32065b754ef0d49cc8a80d5f,delivered,2017-05-08 13:01:31,2017-05-08 13:10:19,2017-05-08 15:39:46,2017-05-18 08:15:53,2017-05-31,57a8337fc5b4300dd8268712e03f0de3,2017-05-08
152c657cdbdb6b803884cb4f691d17e9,153de0dfaa218eb8a6ffcc4bd5cd0f65,delivered,2018-07-14 17:06:20,2018-07-14 17:30:15,2018-07-16 14:56:00,2018-07-24 19:49:54,2018-08-08,cefd8bbd4b3c39bdb256fdb865b7b8f4,2018-07-14
8af380f996db86bc8ab5a4c0da0e91ec,48c139b76aea64c5a5f88b4f3bf57ca8,delivered,2018-04-01 12:30:49,2018-04-01 13:10:11,2018-04-02 18:32:35,2018-04-10 22:41:16,2018-05-04,91ed74cc8fc470081c5b71fe5016c89f,2018-04-01
dec95374a1bf2366249bf770e0568a85,378d61367c6ec285314c674bb3398b4c,delivered,2017-08-07 20:16:06,2017-08-07 20:55:08,2017-08-08 22:10:07,2017-08-12 10:22:12,2017-08-18,643ac5cffa27ad03228b9c16a186dc09,2017-08-07
5b1376fe61863fe3508011db309e35fe,b9c504b633cd3d85d4128856a67209c2,delivered,2016-10-04 13:16:57,2016-10-05 03:11:34,2016-10-14 23:20:15,2016-10-17 20:24:25,2016-12-08,31463a6b3a01f53c3ef1a04a849decf4,2016-10-04
422643519f1061cfc8efcb75a97f87c6,eb8423de6e04d9f0972caa2fede3b30f,delivered,2018-08-09 22:53:59,2018-08-11 02:44:33,2018-08-14 13:58:00,2018-08-17 22:38:38,2018-08-31,96f9204de777192f8feb7776d3cd09b4,2018-08-09
1c4acc151bb811f44df88e95d31288c4,8fc86dddfcac06c7ad237d058df9d2ca,delivered,2018-07-25 14:25:40,2018-07-25 14:35:20,2018-07-26 08:45:00,2018-08-02 17:54:47,2018-08-10,81699309ab1a7d41a055828cb97e11a5,2018-07-25
3d27905aa7b2ee7fc7bac918f949ea18,6a2e3e4639c96b312ab2bf09548fb2a7,delivered,2017-12-04 23:04:46,2017-12-06 22:58:31,2017-12-11 22:57:56,2017-12-12 20:19:58,2017-12-20,6f7f41a4dd72618dc4b328329ef1182c,2017-12-04
52636dd3c039f62169b0eb724af63047,ffc2f51857cae8a61ec9f9a15c7861c8,delivered,2018-01-02 18:21:56,2018-01-02 18:31:14,2018-01-09 17:44:01,2018-01-11 22:38:54,2018-01-18,66ad51184bd8b664edfb24550f9c4e65,2018-01-02
d3aa5667ad65af7fa58a5481d0aff07a,3f5939e06e89efd9e9ca8ef3ab9d68c7,delivered,2017-01-29 13:42:10,2017-01-29 14:31:11,2017-01-31 16:16:00,2017-05-12 13:43:02,2017-03-08,6b7e1090d106aaee31d5ed12d2bbc2af,2017-01-29
45863486f903e4fbfe9a18dd7aebb8d3,547d6ffb01ccfdcd3987a70bff3746d0,canceled,2017-10-20 16:14:06,2017-10-20 16:32:34,,,2017-11-01,0be6fe889a8bc9c09d29602bf76ea1b8,2017-10-20
a8bb77ab67213461d5c632d41df4fafd,2721ef590caf4432f4b543b9048f9cdf,delivered,2018-07-18 10:31:15,2018-07-18 10:42:08,2018-07-20 14:41:00,2018-08-01 16:12:12,2018-08-06,0dd66eaf9387137eadd32af6228c7d23,2018-07-18
bc8e285705d492abebdf4fce7786ab80,074ad3e276e634301ea5e2d65817a2f8,delivered,2017-11-29 12:14:00,2017-12-01 11:31:32,2017-12-01 21:23:51,2017-12-15 22:38:55,2017-12-22,90119a25e7929bcc3c2be74edda482cc,2017-11-29
fd1272ba40a94a5fbc6e9548a8486867,2bfd566c10ff41c47dc6e2f9dd51b467,delivered,2017-11-01 09:57:54,2017-11-09 15:15:38,2017-11-10 22:26:35,2017-11-24 16:43:29,2017-12-01,31d01917860b026341cdde17c942b59b,2017-11-01
3c4bb13fb00d3bc789b3dca0789480a5,be24ef8018f62f3b54f287c7e87d0abb,delivered,2018-04-12 14:44:36,2018-04-13 12:50:32,2018-04-17 23:08:28,2018-04-18 23:06:37,2018-04-30,c2e11be7617544391dfa3905b0c637d6,2018-04-12
0e3b58fbb4c7e525bdf7bcdde27a2881,c1f630f847fefcf231795c191cb27135,delivered,2018-04-15 22:10:05,2018-04-15 22:29:58,2018-04-18 16:16:47,2018-04-20 18:19:11,2018-05-04,7c20af4f7c4547827c23312679dbf1b9,2018-04-15
2bd3710aaa1caffa42b8d737e093fec2,ea1817afaad169786d259346fdf888cf,delivered,2018-04-27 14:00:58,2018-04-27 14:15:19,2018-05-03 15:12:00,2018-05-08 17:14:54,2018-05-23,aa1228340b6d43ebc5f294f508c4a164,2018-04-27
928491f9ad93ae20de89668ea4a968e0,f5159b3b9ccb129db32f08741a49346c,delivered,2018-07-22 10:18:38,2018-07-23 14:31:40,2018-07-24 15:28:00,2018-07-31 15:25:06,2018-08-08,80f8d3be7359e4a36255ab2a192dab51,2018-07-22
85bb28ec7b858a8b703d82a51b3f5e1f,404563b19eb7787cb7a8e07e853f7250,delivered,2017-11-24 21:36:12,2017-11-25 04:32:30,2017-11-28 02:06:44,2017-12-06 18:48:07,2017-12-21,bf82837a50afe7e09679eeedfa1285ce,2017-11-24
407d3134dc85d0544ca41fda99cb3ca6,0d785812b68075d9a8655a1b99838b3d,delivered,2018-01-27 19:53:01,2018-01-27 20:11:23,2018-01-30 21:35:24,2018-01-31 19:58:55,2018-02-14,8899f4c1b151858232ffbecbbb8da8f5,2018-01-27
ef759931a1e239c554b2d2a25957e7cd,7f92a5a3c124617036e08b36b671db1e,delivered,2018-08-20 17:34:52,2018-08-20 17:50:27,2018-08-27 14:24:00,2018-08-29 17:18:58,2018-09-11,4aa1ebcfbf59d20f68d324b24450ccbc,2018-08-20
1c9d3054ad510a747ec88979fc23ba1b,1db8643e88610cf793b25eee2f1f112d,delivered,2017-10-10 11:52:34,2017-10-10 12:40:13,2017-10-10 18:32:32,2017-10-17 20:23:34,2017-11-06,988c582aad3cb99df096079b5192daa4,2017-10-10
7f02d70013ec3fbf6a7f5791f936d832,7074b20d7eb3f9f5772cd7cb57943fdf,delivered,2018-05-08 20:06:20,2018-05-08 20:54:51,2018-05-09 12:55:00,2018-05-19 17:18:36,2018-05-22,7907a8922cbf4d1a8e69be57757e2812,2018-05-08
c7977a0bc84c2c27cea943159176bebc,45a4a967fd7fc2a3db5085bc3910d620,delivered,2017-12-05 20:33:54,2017-12-06 10:30:56,2017-12-06 19:42:13,2017-12-23 14:44:22,2018-01-11,4588591f5ff19dea1a78d1283a168fb3,2017-12-05
8f730a0eecbb6db8ee92ebb91e8f38b1,64d518d107bd6985494581f424c610e8,delivered,2018-02-28 12:17:22,2018-03-01 02:49:06,2018-03-02 14:52:16,2018-03-08 18:36:53,2018-03-23,6baee3008124f2fd07c61fc8169ad485,2018-02-28
bb65cf663cf96eb29d1ce02a381e8b62,b29530aa87c9b50aabb396553fdfb92c,delivered,2018-04-18 17:08:27,2018-04-19 17:07:30,2018-04-23 18:16:55,2018-05-02 19:49:01,2018-05-17,1fe50cd94406c78f63767a9218ae2a6c,2018-04-18
eae696a5d4f36a048c3c1e78d611253d,d7f9b99fdd55914fdfeeb0d1992e5a2e,delivered,2018-07-03 15:23:01,2018-07-05 16:30:42,2018-07-05 12:30:00,2018-07-12 17:33:40,2018-07-31,518eb0bb4cbaedd6254b315639b7db06,2018-07-03
55e534e4404a08c4c40286d8c4fe238b,ed3aa2ddc14588b29300b12464ea6b5b,delivered,2017-06-11 19:57:45,2017-06-11 20:10:13,2017-06-13 13:18:19,2017-06-26 11:19:43,2017-07-07,888f5b4fd52695b973eb88fe8ca4e9f3,2017-06-11
2c6b178947f5f631ec35f2a04c65c6d0,f87712f15c2aa54a6fed9be2010db5e9,delivered,2018-08-06 21:31:11,2018-08-06 21:45:22,2018-08-07 10:52:00,2018-08-13 17:48:28,2018-08-17,202071f9dcb1c67ea10e27a67248a519,2018-08-06
4749a1374297f0088e587cf8cd9cc3f6,e84561f53798e85dd5b8f0714133a622,delivered,2017-10-04 09:58:44,2017-10-06 02:24:57,2017-10-06 16:14:36,2017-10-10 21:03:37,2017-10-26,fee00ad58a838042dbda861678fb3313,2017-10-04
2873470e494bfa664423c256505962e1,ea2ffcd3dfb1bf456448d1d3ae20a0a9,delivered,2017-02-17 08:54:33,2017-02-17 09:05:18,2017-02-17 12:39:34,2017-02-22 14:18:40,2017-03-16,2e1f4afe675eeceb076c8989b9e64578,2017-02-17
b70023bffe55b2d36ea9ba3badb49622,99ef4e0aa84f8a7c85798e0555f76b19,delivered,2017-12-04 21:04:28,2017-12-05 08:31:18,2017-12-05 17:37:18,2017-12-19 21:52:40,2017-12-27,0fcc0f852fbe55be97c7b8f8fa5978a3,2017-12-04
093a73d7cb4b891645273a1879e6161f,0e09f4a4b3b82f77dd0fb14effe37fc3,delivered,2018-04-16 11:14:51,2018-04-16 11:31:22,2018-04-19 21:06:56,2018-05-02 20:38:41,2018-05-10,02bce421a8a2122b9e673a6721f69c10,2018-04-16
3fe4ba391eeff167bfdda2c590013b02,a09edf8c1e842e94805a206b3d73eed5,delivered,2018-06-13 11:21:18,2018-06-13 12:09:22,2018-06-13 14:52:00,2018-06-14 15:03:26,2018-06-25,968f6d2f674977d88a4b445a5117ccd8,2018-06-13
be01aa43cde592a2cb281cb5d36359d8,097384aa3c0d8e6b6646c11a53418cdb,delivered,2018-05-18 09:24:30,2018-05-19 03:12:59,2018-05-22 07:02:00,2018-05-28 20:08:23,2018-06-04,e19b1b527d63a12e9be959cd085a5f13,2018-05-18
07cba3be3e87c6b1acd31377b79122b1,2e2efc3c05ffb5ca0d81afa1a4ddd4ea,delivered,2017-06-26 15:12:03,2017-06-26 15:23:49,2017-06-27 13:47:45,2017-07-06 15:03:16,2017-07-18,d99a23e9d1b34f7526010669355fca50,2017-06-26
cb5c4ea12e93c16a94c2bf3dbafa0fe1,b66e464c6bbb6acb17a4bbb1c1c99bc3,delivered,2017-05-23 14:00:59,2017-05-23 14:15:25,2017-05-24 16:21:25,2017-06-08 13:58:27,2017-06-19,53e9da4c7a9d53060628784c2d2c2921,2017-05-23
3146c0c437f6206198d8934ace1935e1,40ead1765c27ad42ebae2ecde1ece54e,delivered,2017-10-06 21:36:12,2017-10-07 02:25:15,2017-10-09 21:55:45,2017-10-20 22:37:27,2017-10-30,f297af1ac236b2ddff9ea5c2cb38ca2b,2017-10-06
59da3bd70f1d9278c6ae1577cd16de12,115169e81289a703470c78057872755f,delivered,2018-01-14 08:18:41,2018-01-14 08:29:36,2018-01-15 23:42:37,2018-01-19 18:23:04,2018-02-08,0e816495a999f008062b007122fa5a45,2018-01-14
10b969432209d7b8bd0ebb07fc6cf6cb,5593f43ee73a62a5502d1c575d96bfb4,delivered,2018-01-27 12:22:18,2018-01-28 12:16:30,2018-01-30 00:39:01,2018-01-31 21:13:09,2018-02-15,65b5d23882e2bae83a96fec6a722bef2,2018-01-27
274a1c50ff2991f27b21bd8465c43882,1de54ffbfb658eec45cfc9bd9bfb2917,delivered,2017-12-16 16:42:20,2017-12-19 09:50:56,2017-12-19 18:49:36,2018-01-06 12:17:31,2018-01-16,e5500e25b05cdc41ad05df9cb17ac25d,2017-12-16
4a544fe98dde76d5f78dde8a2a1986e7,5e954433dc8145a71eb80a6def852f5d,delivered,2018-03-21 15:48:52,2018-03-22 02:35:43,2018-03-23 22:33:16,2018-04-03 22:05:42,2018-04-13,f90274a116895d1ab5e3c4a284ef5ed8,2018-03-21
0cb617c8bf1a34cf77947ac7d8b393f0,6344d00636d39fababe43b09e0159ca2,delivered,2017-03-06 00:52:32,2017-03-06 01:05:48,2017-03-07 13:34:57,2017-03-13 21:15:00,2017-03-23,f2259b88912a5efe2ed988413d1f923a,2017-03-06
421fc9c7335cfa178d12fb8605fe8030,73e5dad5870a74ccfe5e238302a8ff34,delivered,2018-01-23 15:34:37,2018-01-23 15:51:31,2018-01-25 22:24:21,2018-02-01 21:23:47,2018-02-16,336349963fdb8a450dc2bc86288d38ed,2018-01-23
e1b7c817cbe8c84aeaad8a92bc96970c,9734ba42a6232a561918467cef0c6d7f,delivered,2017-08-10 16:08:46,2017-08-10 16:25:08,2017-08-11 20:04:50,2017-08-23 20:17:45,2017-09-05,a46bfb27bf5b8a9d9f67cb036fb016b8,2017-08-10
b4a53c840c47fa892902f68fd00c71cc,33552c5bee8385e905e8fee139427525,delivered,2017-06-01 23:44:31,2017-06-02 01:05:22,2017-06-02 16:03:09,2017-06-05 17:15:28,2017-06-14,98526393f225c6e262e881942bb6608c,2017-06-01
b2882c91557edcc086bc11bc8aa0805a,690ba4d5f5c3850bc7377fe13e6f353f,delivered,2018-06-16 17:24:06,2018-06-16 17:38:50,2018-06-18 15:45:00,2018-06-22 21:04:21,2018-07-19,f4e2777dc43e32fcc2bfeb443dd5d917,2018-06-16
aa258c22c28dfa03522e7997c426e627,82bee56e5e5857fe1dcd984cb33b3558,shipped,2018-08-10 13:02:31,2018-08-11 12:55:26,2018-08-14 14:38:00,,2018-08-27,0fc683d243199c0be49882cf7a00b8ee,2018-08-10
1fe59b7c4d7a5015c3c73464f4d2e719,693f0c6c1fe7edc469dd9bf07e358fa9,delivered,2017-05-22 16:30:28,2017-05-22 16:45:13,2017-05-23 15:03:28,2017-05-29 09:43:44,2017-06-13,4919d6379b8f8c8474103b1934653a7c,2017-05-22
84ddfd4c559558c53b5a4c6765e49be8,16d5e579f5c682f592d57463ea890794,delivered,2018-08-09 21:31:52,2018-08-09 21:44:52,2018-08-10 15:11:00,2018-08-13 22:35:48,2018-08-15,e46199e608da08442ed8c8202690bebb,2018-08-09
a38bcbcce65d77a0fc34b3ae0445896e,a8307ca53981c0c34879e4c00c4d9daa,delivered,2018-01-03 22:19:57,2018-01-03 22:30:22,2018-01-05 18:10:51,2018-01-12 21:22:52,2018-02-05,e9d59edced9b2758b0d63a54b35ee346,2018-01-03
25329aedc3217909f194254caa1e2bb1,8e993fed68917a4e01069b16d9fb2e3d,delivered,2018-05-03 12:05:59,2018-05-03 12:54:57,2018-05-03 14:20:00,2018-05-07 17:48:54,2018-06-06,6c22b9240a6b55d951f06b010cd1bcdb,2018-05-03
d6573c37b3389e591e6b1a8e286eac99,a5193734c2a6462a16cbcac9f059d36f,delivered,2018-04-19 05:08:09,2018-04-19 05:31:27,2018-04-20 17:35:26,2018-05-04 23:16:31,2018-06-07,952bdd2866ddfc528203799b6b7a24e1,2018-04-19
ba992a67b91b76a97c227e1ad48658f5,f10d33418980c7f04fe434a6d6c85c5e,delivered,2018-08-03 14:48:15,2018-08-03 15:04:13,2018-08-03 13:58:00,2018-08-14 20:32:31,2018-08-30,a65e46def361d00d1b4dc1f60167fc91,2018-08-03
d9fa5ad719e1732700ccfc765c6ff6a6,c4d577a3b00d363c6a6e57d629b4b558,delivered,2018-03-19 16:21:03,2018-03-21 08:47:55,2018-03-22 18:56:58,2018-04-02 19:03:44,2018-04-10,6af3862eb3e44e9668738db761a28017,2018-03-19
c671f90758b4e249a77ccaf0726e2fba,fbebdb808932c68bf8286924bebd2f35,delivered,2017-10-07 17:03:03,2017-10-07 17:14:11,2017-10-11 22:15:30,2017-10-21 12:41:03,2017-10-31,05669445931c028d97b7c0637b5a2359,2017-10-07
d3920d21fca6f163bb21d3fbf37270a7,c59a26fd6c8ed95ed5fae98fc9560f96,delivered,2018-08-07 18:37:44,2018-08-07 18:55:17,2018-08-09 14:33:00,2018-08-11 02:31:46,2018-08-10,598294cfa8e0dd8b5e81b06642bfabb7,2018-08-07
b9131d62e87708cd77241974dd137644,24e460d9a4768124cfbaafe7821b4c89,delivered,2018-05-31 17:26:42,2018-06-02 03:31:53,2018-06-02 08:26:00,2018-06-11 15:10:55,2018-07-13,228c75d15c8f698421ff1b706eb0d966,2018-05-31
9ba0521c38be94b8c0028f57a8ec1625,8359a4e1beea4fed5c5fa85bafe7f41f,delivered,2018-01-02 12:04:00,2018-01-03 04:37:37,2018-01-10 22:28:38,2018-01-26 18:33:42,2018-01-29,d3e7a4dfd598ce2561ed0ae85d866f8b,2018-01-02
7a47c118c1f2f25fe139e684610c3b97,fe259c53551918246c4d67649e1a9833,delivered,2018-06-12 20:08:15,2018-06-12 20:44:35,2018-06-13 10:18:00,2018-06-22 18:41:22,2018-07-11,ec691e490391e8447874c55f2af10e57,2018-06-12
4f4830984a832508339321d903174164,7faafe593337514d4a641f262f8df52f,delivered,2018-03-11 15:37:25,2018-03-11 15:50:35,2018-03-13 00:14:46,2018-04-17 17:44:33,2018-03-29,882584c7ef02367730c6bf81f027535f,2018-03-11
994fed4592791404bb97a20926ef793b,f48300b3e5f02355017a4fb7b3cbf165,delivered,2017-11-29 16:23:29,2017-11-29 18:12:42,2017-12-06 16:09:10,2017-12-12 17:41:48,2017-12-22,35e8c3d0cda1c5bb832be1e5ab014bd0,2017-11-29
563a48e2c7312a1aeefbbae15eb17521,92e944661c1d4cbed22d076c56a0c811,delivered,2018-03-27 16:37:52,2018-03-28 12:55:20,2018-03-29 00:34:24,2018-04-07 11:28:51,2018-04-23,e71825d6783c8b24c81054e3cf0f3610,2018-03-27
d3a2d71aecfd58b0ddd6b9d7b56ed55d,22a330de6f63a8d1631ce94b17a4fafe,delivered,2017-07-24 22:09:04,2017-07-24 22:23:14,2017-07-26 11:07:51,2017-08-09 17:17:38,2017-08-28,d2dbd5be475f37efe006c1de35e5db92,2017-07-24
d0fd7d0f74f7fc059d90cd8280dccfe0,ca9645866af9d1031c01407bb61027d1,delivered,2018-03-22 17:47:48,2018-03-22 18:05:22,2018-03-29 17:06:12,2018-04-04 10:26:20,2018-04-10,336f2ed1127f8ef92a7c591a1dc42c1c,2018-03-22
71ffc719d4d2f2dd4f358a699fe72fac,c081e5560f2bc273db90a62b6170d30a,delivered,2018-02-01 08:10:40,2018-02-01 08:50:42,2018-02-02 01:32:12,2018-02-20 23:42:07,2018-03-01,95999ca4f32318f9553b49b369827f50,2018-02-01
dc0ca34b53f7a8ca4217e1dd6b32496e,c5e9fffc86cfd08b334b8926e15212ec,delivered,2018-05-22 12:43:25,2018-05-22 12:56:29,2018-05-23 13:41:00,2018-06-07 20:18:51,2018-06-14,d93b1c3fde1f88a3a58b29f61c4458b3,2018-05-22
b33e18d1fcf749a71353cb930defb526,fa38437126f3c5280251edb9230a1fd5,delivered,2017-10-01 16:44:00,2017-10-01 16:56:14,2017-10-03 17:24:23,2017-10-08 13:48:39,2017-10-23,bcdb4345d6ffc3fe9fa42294a4d8e8da,2017-10-01
fa1a82991080d1ed588c811aa7e8fdb6,a5fef962b76277b1f7be4cd07c6f9ed4,delivered,2018-02-06 17:44:57,2018-02-06 17:55:32,2018-02-07 20:33:33,2018-02-20 18:03:46,2018-03-12,3a96136da5569f486d4f51dbe9cd7246,2018-02-06
5e8b4aa74976e14d93bdf32760b2e1f0,f629ff4435d49eeb39b038a67ca0f78f,delivered,2018-06-26 08:14:39,2018-06-27 08:11:50,2018-06-29 16:32:00,2018-07-03 21:44:00,2018-07-26,2f155c1ffcbca8202180cd9f38ee9e2b,2018-06-26
9569fe56b2cec2f82be5be811b498266,7832b66087e5858ae429867db0ba889c,delivered,2018-04-16 17:50:32,2018-04-16 19:11:39,2018-04-17 19:28:21,2018-04-18 19:42:37,2018-05-02,9b8b567d6e80540821763777a7ae1ded,2018-04-16
c81a53ce413fcbd0a95b2cd1f82602c7,852b5864d6d4cec1a712d2ec772e614b,delivered,2018-05-22 14:06:59,2018-05-22 14:34:40,2018-05-23 11:59:00,2018-05-24 16:42:33,2018-05-30,3ff588bdd4f8baaaec2c3edaae484c4c,2018-05-22
cc3ce3d2de338034139dce933aa0194a,d52f718ffe570d3b13b03311bde3a13a,delivered,2018-01-15 23:17:02,2018-01-15 23:30:00,2018-01-17 21:41:14,2018-02-06 16:22:56,2018-02-08,c59408b7c1b1ca702e52e1486085ae5b,2018-01-15
16a0100758e7dc53d0b3f271c63f4906,e61fe87b0864704d29fd5915b7387215,delivered,2017-05-12 18:13:32,2017-05-12 18:25:18,2017-05-16 10:54:00,2017-05-25 06:59:54,2017-06-01,3ac3dd3cb05384433cf89618ac9165a7,2017-05-12
4ffc1b827a6dd12870115ee85e68945c,2a879e93dbeca9d0ed0c16c960f3cdd8,delivered,2017-12-05 01:57:56,2017-12-05 10:05:07,2017-12-06 19:47:31,2017-12-15 23:16:37,2018-01-05,e052a89aa5090f462dc18dd99d232013,2017-12-05
e4606fed871d036cbc9acbbd4e3282f1,0013280441d86a4f7a8006efdaf1b0fe,delivered,2018-01-08 02:35:36,2018-01-08 02:47:54,2018-01-09 15:44:22,2018-01-10 18:20:12,2018-01-24,06caeba6db23a17bf9bcb3846b768387,2018-01-08
3aaceb3d2496f25c10734bad0847657b,689aaf7d943b42227eaa5bd4a505fe2e,delivered,2017-12-24 16:15:05,2017-12-24 16:29:12,2017-12-26 21:52:21,2018-01-08 18:27:37,2018-01-22,6c9f2e840a0f3b9ea036262c6b0d8676,2017-12-24
2e2439a5475026018c3062e54f16f56e,ec89c677003879751aec04307129540a,delivered,2018-08-20 17:49:21,2018-08-20 18:10:00,2018-08-21 13:56:00,2018-08-30 11:58:39,2018-10-02,bf6ed8f5e35ee1636c7ae898e4d38a2f,2018-08-20
9435ca9f9a67ac50e1fef5dbd0c29518,e82bab9bfcad4584028d4ce864f9cf74,delivered,2018-04-16 10:31:09,2018-04-16 10:50:55,2018-04-26 12:59:00,2018-05-02 18:42:22,2018-05-14,ab7ae9884df2154576add5a47eda7984,2018-04-16
cb2acc8f1def3d443b4716cdc8188102,cd66c6ddcfc749e99c24294f5c10d76d,delivered,2017-11-22 21:55:47,2017-11-22 22:07:26,2017-11-23 23:34:41,2017-12-01 22:34:40,2017-12-20,e48b3a859d9f9cd1ab8aa7fe4f5f5c36,2017-11-22
50620e639f6ed3116494d51bd888f449,ddf999d85abba0ea3319bb99dc8d7495,delivered,2018-02-27 10:20:34,2018-02-27 13:10:25,2018-02-28 21:37:23,2018-03-05 15:22:52,2018-03-28,7c2461a0fb5ae045b31c2c32e4e102df,2018-02-27
97855256a6d84e478ae2894a9f8b0209,0b65a4d0707c6168a14491999220a2bc,delivered,2017-11-09 23:40:59,2017-11-10 23:46:31,2017-11-16 12:17:06,2017-11-23 18:55:34,2017-12-04,d8e902319a9ed628de1ed00785b9e09f,2017-11-09
b84ecc7b64445484f0775bf89f139fcf,ff3c90446e084e96469868b72428e16d,delivered,2018-02-12 12:37:37,2018-02-14 07:46:51,2018-02-19 23:52:19,2018-03-06 22:18:30,2018-03-27,5567c7c72e3a20424f38cbd6c73f3c72,2018-02-12
d5f958ee0f7fd3c31de97a5316655292,8b25e268c2f35378cb13b4aeee7ef12b,delivered,2018-02-10 08:39:03,2018-02-10 08:50:30,2018-02-14 18:49:00,2018-02-23 16:12:03,2018-03-07,d41d40a2d2b1007e6f09f376c68f3281,2018-02-10
23b051786ba773bb672b5c49456b8511,d55606cbf9e683ce2153dc986b823665,delivered,2017-02-05 18:08:39,2017-02-05 18:15:15,2017-02-07 09:13:32,2017-02-20 16:27:40,2017-03-03,6730f232479ef26058fcfa270ddc6178,2017-02-05
bb6ad5da18745c25ea9a43797598dfb7,c2a1a15a515ad0cc603955060a46a30c,delivered,2018-01-09 23:19:04,2018-01-10 10:32:12,2018-01-10 20:48:34,2018-01-11 16:36:27,2018-01-26,c75509730accfee9ec98da9f7f91bed8,2018-01-09
cf893eae56a00ef5d7a02f3db19dd687,c5c18ee97e7c295ae57a2887c946ff80,delivered,2017-07-27 11:50:33,2017-07-27 12:05:44,2017-07-31 17:56:00,2017-08-11 17:52:33,2017-08-22,264e347a4d5ccf09fa76c10fdcc512eb,2017-07-27
bd2b7745e4aba6100b89a52d7e6dc9e5,88f96ddc00a7cfd77acef6618ade7522,delivered,2017-03-12 22:14:20,2017-03-12 22:14:20,2017-03-14 14:21:59,2017-04-11 16:07:36,2017-04-11,13eefccf85e6d4dee6408305673e9e0d,2017-03-12
62ef0cbba07110a267fa4206fcfe7862,aa0e9dbae0fd13c89d3de710a9f907a4,delivered,2017-08-23 14:09:01,2017-08-24 14:30:17,2017-08-25 19:57:32,2017-09-17 18:46:19,2017-09-25,ad483ec6bde148c8eb096c9df5f27d25,2017-08-23
0452090193a8d241f971d25e584e9ca0,91449a9f90feafcbfcb06adfa94f268e,delivered,2018-05-16 19:59:19,2018-05-16 20:16:33,2018-05-29 09:26:00,2018-06-06 17:11:21,2018-06-18,206707511ef20c9605442006b8be234d,2018-05-16
becacb74a2852573d3b095348a9da1ed,31ab6a796d6f50e7984aba374f115b28,delivered,2018-04-17 18:45:44,2018-04-17 18:55:25,2018-04-19 19:51:14,2018-05-04 11:48:31,2018-05-14,1aaef6b67bca8840918dae624f7abe86,2018-04-17
8fd54efdf2102a4ffc45a0738ed2c80d,274441782dc4d0fd178ee41e34c4fcdb,delivered,2018-03-06 19:04:37,2018-03-06 19:15:32,2018-03-10 02:04:24,2018-03-14 17:13:00,2018-03-16,0a5b4d068379435598396dccb6463a62,2018-03-06
4dbb5ab859405ac1cb171f7cd93e7f3a,d8a6298a435be79c1978e87053075869,delivered,2017-11-25 15:38:11,2017-11-25 15:52:00,2017-12-06 14:57:49,2017-12-15 18:46:40,2018-01-03,7afc250f9d980ea3ee0ce3b0245f1b04,2017-11-25
a5efe4e83ffd7dbdb8c8102c47331c63,33679460a15775f35c988ec8817f150b,delivered,2017-07-27 18:41:42,2017-07-29 02:30:39,2017-08-02 19:09:27,2017-08-11 19:06:07,2017-09-04,71d25baac4c904dce622317c461139ae,2017-07-27
0bbed493fd86aa835b13d1ff5ad91928,40f3a8d02b47a0705c03269ffc9a76dd,delivered,2017-05-22 16:41:52,2017-05-22 16:55:19,2017-05-26 12:55:04,2017-05-30 10:53:15,2017-06-16,c8d93bcb5f477df23b9722e56a24869a,2017-05-22
8cd59737a938a31e140272aabb715543,d1dcb2de346966e49bd9624ed8df0718,delivered,2018-06-29 09:09:19,2018-06-29 09:31:34,2018-07-02 15:54:00,2018-07-03 21:51:07,2018-07-13,7a774055fedca2666e77244c5e50368f,2018-06-29
f45db065a65c6f14f0ac1012f36cf250,4f26ff6d59c4bc4744d70fec4baf7782,delivered,2017-08-17 10:32:59,2017-08-17 10:50:09,2017-08-18 14:45:39,2017-08-29 17:55:05,2017-09-13,81d61a9684532f4c1337389e90c24d98,2017-08-17
077934ed5527f66c12ae98ad498190e1,adcaeeb04652f5b33cd90d497c6cadd8,delivered,2017-05-23 23:52:30,2017-05-25 02:50:19,2017-05-25 11:56:54,2017-05-29 12:47:20,2017-06-19,9b61c2fdf2c0a670763b67aad64dab3d,2017-05-23
d1bd3c7e3b0b992fce5f869db96e3b81,ca5da494dbc0e5cc1b5df9b6a1876d4e,delivered,2018-06-28 12:53:05,2018-06-30 02:35:13,2018-07-03 15:33:00,2018-07-10 14:27:32,2018-07-25,fbe60a180b9e308b252b3151222305c1,2018-06-28
ce6d6c97c681b91f6a645bf24c8da7ff,996dddfbf0751298292794a9341ceb95,delivered,2017-12-01 20:36:32,2017-12-03 20:31:30,2017-12-06 19:04:33,2017-12-13 18:44:28,2017-12-26,c77080f4ce714a19f165e5564cd74875,2017-12-01
afaaf57cbf11dfab11d3c74671837e10,453cc2aeba9aee3d111f7b2110267cc5,delivered,2018-02-06 11:55:19,2018-02-06 12:13:01,2018-02-09 12:51:25,2018-02-23 18:47:11,2018-03-15,b691de7f4a7a9e6a5779f602ebe6f595,2018-02-06
3528ffd028404de1b01011b8c799bd6a,e5ec2ab6c7c12af8bafb41dfa65f1156,shipped,2017-09-21 22:22:18,2017-09-21 22:35:20,2017-09-22 19:32:23,,2017-10-25,c3671e044803c5c5624097370b15f3f1,2017-09-21
1789de6268270fe6cffeb6071ee2a771,2e0b25d3a271e4c0f671acefb6cfaffd,delivered,2017-08-27 15:53:46,2017-08-27 16:10:07,2017-08-28 19:33:58,2017-09-04 17:38:37,2017-09-18,f0b7165f60c13ee2b33fa91921b52fe3,2017-08-27
0bd6f6cbd1aa613a762bcc714ffcadd5,a2201a196851d833c88b932614aa23a1,delivered,2017-08-01 22:24:02,2017-08-01 22:45:06,2017-08-03 16:13:43,2017-08-10 01:13:36,2017-08-23,a16b5d5045e926d166f41c02688cf322,2017-08-01
ca1c186adb5522172d58df18800ee2a4,d6f9c41d214bf25bb982f4ee56649529,delivered,2017-02-27 16:23:21,2017-03-02 03:55:34,2017-03-03 06:38:41,2017-03-15 16:35:37,2017-04-04,c6121cb9d0e34d56f4350dfda87e635d,2017-02-27
43ef9ff2ae77fa4e8097bf6a7d8ab842,0acec272a98f593837867858c336bc2c,delivered,2018-02-02 16:42:47,2018-02-02 17:23:49,2018-02-08 22:55:05,2018-02-16 11:12:15,2018-03-05,e50f5773ee7f61a0751e1f587b92d5c9,2018-02-02
3efebcb1a80d41e5a7865605155b8c09,783d233e64f5c36e45794c0aa2c99401,delivered,2017-05-02 13:41:47,2017-05-02 13:50:20,2017-05-04 17:10:31,2017-05-08 13:57:47,2017-05-25,063e563c60e718859ed7a9708d0819c1,2017-05-02
8e6560f082c82cd950eaeb5dabcbeea6,b3a442492d804e0df43ef6c7e410d8df,delivered,2018-02-07 03:14:50,2018-02-07 03:29:56,2018-02-07 23:34:05,2018-02-19 20:16:02,2018-03-08,73f97c6a5af65a71194cc2265ae82501,2018-02-07
36bcbda035e6775be01e15081157c4aa,d0f925724e01c44080ff511fc5021bba,delivered,2017-11-25 20:37:46,2017-11-25 20:51:56,2017-11-29 12:42:12,2017-12-28 17:28:15,2017-12-18,5275106a317aa2eb5be1cf305f22c015,2017-11-25
dde501be9ad20d82ea7709dbaade2aa0,616ab5714fcb791a7a63c1d7420e4c70,delivered,2018-04-07 13:51:32,2018-04-07 14:08:26,2018-04-10 00:31:21,2018-05-02 17:34:05,2018-05-02,197d36917f19f351c78c5e83bdec07e8,2018-04-07
7a1cfb8ab21a6a46e9b7d41c0e922eb4,5f7180ee849e6af7aa49bf7abf1eac79,delivered,2017-10-25 21:30:31,2017-10-25 21:49:15,2017-10-27 20:13:52,2017-11-09 17:22:40,2017-11-22,ae581d278d07519eee3ea947b737b64b,2017-10-25
6848d71748f08564d5de7f474307ab59,9a8e5079815727677c72c4791d3c3a4f,delivered,2017-11-29 21:51:19,2017-12-01 11:31:18,2017-12-01 18:12:14,2017-12-12 17:19:27,2017-12-29,82acfb6b60a3fe5f0051a76443f5d4d9,2017-11-29
a6e9b80a7636eb8dd592dbb3e20d0a91,17ab24e33d80fb0660f01a61de8a2fc0,delivered,2018-05-30 09:11:37,2018-05-30 09:35:13,2018-05-30 14:19:00,2018-06-11 21:48:50,2018-07-13,44879da5888544982569ab3c5d4ebcf5,2018-05-30
d245a4f2e759575b2586b033bacdea52,83e1ca0c7de01b17939ac6af462892db,delivered,2017-06-05 16:37:47,2017-06-05 16:50:19,2017-06-06 15:20:52,2017-06-12 16:41:40,2017-06-29,15ec0cf54b7c1a9afdfcfd1f61fb835c,2017-06-05
7c3737205cc106d15b37199a8a95d0d4,15c1df605f5ac68ec5b9155103990024,delivered,2017-10-17 23:40:15,2017-10-17 23:49:47,2017-10-18 21:02:34,2017-10-19 16:30:05,2017-10-27,bd5fb37eb0a477849b778a2b4fac0818,2017-10-17
fb43ba30432ed7ccec662861d4959252,d6b516bb5a644120e852f11b8cdd0db1,delivered,2018-01-06 15:21:08,2018-01-09 07:20:04,2018-01-10 12:08:30,2018-01-13 16:41:49,2018-01-24,99ea93287f1f1ecb9aa7722732216162,2018-01-06
ac018e51985244ead60060db0a84f1ad,8a9003f36ee92e9312ee45a1280a0b7c,delivered,2018-03-11 17:09:55,2018-03-11 17:15:31,2018-03-19 17:48:49,2018-04-11 19:28:38,2018-04-11,0077dc76aaf02323f03bce9b00878253,2018-03-11
11976fce6f2db8eb99598a3951b25137,5d21b4f43572b65ac05e74dbc206b51f,delivered,2017-09-28 17:36:36,2017-09-30 02:28:24,2017-10-04 00:10:04,2017-10-16 23:33:25,2017-10-31,9fb3608c2b3f4758dc7fc83163379d03,2017-09-28
f66b8bf378bdd2acca8604ef27039f1f,94316b10a38127d6f2291d061879acee,delivered,2018-08-09 08:24:53,2018-08-09 08:35:17,2018-08-09 14:10:00,2018-08-15 20:12:44,2018-10-15,4facc2e6fbc2bffab2fea92d2b4aa7e4,2018-08-09
d02add6627c4d73a21227674f39e6f86,e1e9b9c2601f12c07d764a115f54f6fd,delivered,2017-08-09 14:55:42,2017-08-09 15:10:27,2017-08-10 20:33:40,2017-08-25 18:23:19,2017-09-05,e60d32d446c543a9af42c36bf266b0ed,2017-08-09
97552822029d7859e945e88913d3e814,bdb4be59f25a3097fc4cf1ff25ade1d8,delivered,2018-04-27 23:15:01,2018-04-27 23:30:40,2018-05-03 14:42:00,2018-05-08 13:49:48,2018-05-23,6986a6a3a2f98625b839cbdb69b5c12c,2018-04-27
3b8e6e47439c0aa25ddb6cbfc6dc8ddb,14a178e3bdb0ffcd4c55f794baeea18c,delivered,2018-07-17 17:14:54,2018-07-17 17:30:09,2018-07-18 15:34:00,2018-07-21 21:06:39,2018-08-02,b0f384c2ef52458172948439b9dd3f5f,2018-07-17
4e3e8eb882fdc3c1fd4195ea31e2212a,45cd55f84952b2e22134687d58c1411d,delivered,2018-05-05 21:12:28,2018-05-05 21:33:09,2018-05-10 10:44:00,2018-05-11 17:06:26,2018-05-18,867d863b0ef028e4087d832b7e4bd9bb,2018-05-05
54fa0e4cca081fc9d0a5c6759cc53adf,c9cb2952660c937cfa3a7e9d0e06b955,delivered,2017-10-09 11:38:18,2017-10-09 11:49:32,2017-10-09 17:28:39,2017-11-01 23:04:07,2017-10-31,8d010e7f92ce8b3cf0038c2454221750,2017-10-09
b4c81661d8cdd68b499e77ba4ce04aef,7e3e7de1cbd8179bc8b6d599215f9b92,delivered,2018-01-10 17:23:32,2018-01-10 17:33:23,2018-01-11 23:05:39,2018-01-23 15:38:49,2018-02-01,920ba00727d0508bdefd4168b3a81cf8,2018-01-10
dc2c80fa5a4e2aa29182d399748d548b,3d6ef247a5922e5ea04d1d8a03fbea07,delivered,2017-04-18 07:49:34,2017-04-19 02:50:47,2017-04-20 10:43:52,2017-05-24 14:10:10,2017-05-11,4321093879163c2ce5a8672a99896166,2017-04-18
f1220f03c020da223e4280a3c8733e74,be2cefe1adaced8bb0a0b41a1bae24d7,delivered,2018-06-15 12:31:14,2018-06-15 13:06:35,2018-06-18 10:20:00,2018-06-23 00:49:30,2018-07-12,69dcbbaaa2bb81be7a3beed044cc523c,2018-06-15
13fba1a42e51558ae3e8a86e0bbd9dd3,c603da2cef9367d777d325182a234d85,delivered,2017-10-09 15:14:31,2017-10-10 06:32:11,2017-10-11 11:10:40,2017-10-18 18:09:21,2017-11-03,3588e044a844056766832e149c515618,2017-10-09
c9890157779e80957a453686f65ed097,c23dcdc5159a1c67ad4de03186b8bc17,delivered,2018-02-05 18:35:05,2018-02-07 02:35:27,2018-02-07 20:22:38,2018-02-21 10:58:41,2018-03-02,c857011e0440f818655aa5881f54b20c,2018-02-05
2fa365c3be59336941f0c1b054917bb8,af4311063dbd2f020207988c96910a4f,delivered,2017-07-18 20:15:48,2017-07-18 20:30:09,2017-07-21 21:31:59,2017-07-25 14:53:23,2017-08-14,08ac5a9c44cd0c632183f1c6cafc3a06,2017-07-18
a64857875df4362cca149374111dd6f9,fad50c331c2852605dceb3e6d4f407af,delivered,2018-02-04 16:04:56,2018-02-04 16:15:27,2018-02-05 22:44:53,2018-02-15 13:32:26,2018-03-08,5f6b45087ffdcdb0d0df81165b884ab8,2018-02-04
3f8d6d4cd34333e5cada298b7b09b719,43ab53dd49eed1db9a84112751175d74,delivered,2018-08-14 07:04:43,2018-08-14 07:15:12,2018-08-15 06:27:00,2018-08-16 21:16:38,2018-08-21,7fa722be514d2a1c2fdcce8247a2818b,2018-08-14
b03dfb47398de3e47e35c90db919d907,47fa58a5288e5ccfbc5e3c873cd9d5fa,delivered,2018-08-12 16:11:56,2018-08-13 16:05:58,2018-08-15 13:54:00,2018-08-22 16:12:00,2018-08-30,4e3276b400131e12046a95879af256e6,2018-08-12
2de2c041ea1582bf4ddb539484e4ab0d,110200ea348b1c2a93d9278d1ea168ef,delivered,2017-11-16 20:47:34,2017-11-16 21:13:16,2017-11-21 15:06:58,2017-11-22 20:29:01,2017-11-29,c0c30222d6b8c54d038e444aec6a0fbe,2017-11-16
968f909d3fba4660b8936a2d6041a917,dc7a1a8e4c9a1328df0511792fef6437,delivered,2018-08-07 23:39:08,2018-08-07 23:50:18,2018-08-08 14:52:00,2018-08-13 19:37:48,2018-08-16,ef1eb13933f624382651ef55a7e5b458,2018-08-07
43126a662685b18c4248ff1c8c58ca94,cc6aaedb9d848ba9f23c88f455e3556b,delivered,2017-03-23 22:59:10,2017-03-23 23:10:29,2017-03-24 09:56:07,2017-04-12 06:18:02,2017-04-25,f6e121926e259932cb7e614e2c88529c,2017-03-23
565ab93665748ea6d06451a9181b9dce,52595a4c39c30c3694073c64c58ec89f,delivered,2018-06-29 20:08:23,2018-06-29 20:30:31,2018-07-16 15:19:00,2018-07-26 12:32:52,2018-07-23,ea570b4a79a1f4c686d41cf2570a8781,2018-06-29
81b34538b99858b1645dae735cc8f732,9abb7c4a06d207ee30516acd7a43b398,delivered,2017-06-25 13:26:48,2017-06-25 13:35:10,2017-06-26 14:43:27,2017-06-29 12:27:48,2017-07-14,498af54af9a5c8e436b2c97c408da48f,2017-06-25
2180c97a87cb56e53fff589f28985825,50ccf61ea77c231ba7bf387ab5dbae8c,delivered,2018-01-20 09:20:33,2018-01-20 09:32:59,2018-01-30 17:28:34,2018-03-01 12:22:59,2018-02-19,74c47b3790848b8498124ff22a650126,2018-01-20
1a2aa47afe4b1d4eaef87715d1e40ef0,f6df5969f9120bc4448e888d5dcf04c9,delivered,2017-09-03 10:21:58,2017-09-03 10:30:11,2017-09-05 17:11:54,2017-09-12 20:47:59,2017-09-26,a9deaf2bf693dd1e3b4207f178e05b4a,2017-09-03
b0980803dc397415a4aee2d3a7c2604d,5589c868b8dd0d470ed657410b55a8f9,delivered,2018-01-15 22:15:13,2018-01-15 22:30:43,2018-01-16 23:34:13,2018-01-23 23:32:31,2018-02-14,2d53a3a6aec36afadaac2b4e346cef70,2018-01-15
8aa40dadd2c1f011024a9f8656853103,c4bc7e3472ec59cc181b8441fef3e0c3,delivered,2017-02-26 15:14:16,2017-02-26 15:25:09,2017-03-03 12:17:44,2017-03-13 11:22:07,2017-03-22,62005030b1a2bad3360ff68271a75edf,2017-02-26
200b4f185c5ec3d68597e304f5d7dd6b,9cf3794454b4f859eaacbd7db13b7364,delivered,2017-12-01 17:43:18,2017-12-05 04:13:22,2017-12-05 21:13:39,2017-12-14 19:12:40,2017-12-29,37645f13ee7b2244232ac43c6174f98d,2017-12-01
04c2b3995f83a3db2540a9217254ef6d,7f8390bb894afc2fcf160888c1a418bd,delivered,2018-07-24 17:58:04,2018-07-24 18:10:20,2018-07-30 14:04:00,2018-08-03 18:36:42,2018-08-29,95c0710e8278b42c0faa6c884be2da49,2018-07-24
e314e6d789aed6dd06d509d869047a7f,85154b9d364ca9eca7b46775811dac73,delivered,2018-01-09 21:45:35,2018-01-12 10:28:14,2018-01-15 11:32:59,2018-01-24 23:29:37,2018-02-16,43d67f7d268877f052369ccb05f70f34,2018-01-09
0540bf9189ef17aab470c4942f760e78,6e65c443e6d67127d9b1f0d14be75617,delivered,2018-03-16 22:04:37,2018-03-16 22:28:08,2018-03-22 11:54:26,2018-03-25 16:02:08,2018-03-28,17b02657b33d70c10696d941d13080ad,2018-03-16
a7e2e99e49329dff2ac305e42c7fb59e,545e4aa45bdeacbfdeb9c882dc0c4127,delivered,2017-10-23 17:49:19,2017-10-24 03:25:54,2017-10-27 15:49:16,2017-10-30 13:24:14,2017-11-03,21c4e0db02a96a9cb3c687dede4b8d6f,2017-10-23
9dc7367f5323e820036ac781a73715ba,785cf1911a25ae32110c5f7d98c4a7b9,delivered,2017-12-04 21:57:16,2017-12-06 22:09:53,2017-12-07 21:37:10,2018-01-02 18:49:58,2018-01-05,7010733652739f8090f7bd78fecdbb25,2017-12-04
ae237f55b03395beb370fa960c98dcf0,992b4f232abcd759be707c69cba05805,delivered,2018-01-30 18:54:23,2018-01-31 14:31:43,2018-02-06 14:51:37,2018-02-16 15:08:12,2018-02-22,966046b1cff6d6a60008866a8904e90b,2018-01-30
742e1bd3f538113e55f5bfbdf5fbdbe0,6df56d30934422b65d4a108c6b1b8b38,delivered,2018-06-14 14:37:25,2018-06-14 17:21:41,2018-06-15 14:15:00,2018-06-25 15:56:33,2018-07-05,6f214c1a9250186c55f9003e30eccfe6,2018-06-14
be198c7ab23c5f91b691194386f3a132,0c1b8fe94f005491d94941f2e54965ed,delivered,2018-03-25 09:52:38,2018-03-25 10:08:02,2018-03-27 17:29:33,2018-03-28 18:40:40,2018-04-06,2213a3ad11848f11a0c23b16f44e31fd,2018-03-25
60b206a5b9791b512e2f06a91360039c,91efd983bc7d7abb0b86c11911e7a939,delivered,2017-12-23 17:35:03,2017-12-23 17:49:12,2017-12-27 20:04:56,2018-02-05 21:18:41,2018-01-22,a5639c50294cf1acbb7d150557e7b68e,2017-12-23
ae7b08afee9ee717c25cbd511dc5f548,4040c1376c85d2a36fff4f3b8a24ad29,delivered,2017-10-15 22:15:30,2017-10-15 22:28:27,2017-10-17 13:48:08,2017-10-23 18:18:46,2017-11-10,1af0ad8601e64dac713871dd25baff0d,2017-10-15
f19aee0ec494fa468b59ae57ea6af345,7bdbb95d68b7d4edfe5fb9173398fdb0,delivered,2018-08-20 07:36:53,2018-08-20 14:11:42,2018-08-22 05:56:00,2018-08-29 18:51:30,2018-09-12,72687c66ab307503655f6e71d8ccd1d6,2018-08-20
b7a194de2e14ca9f41580f8c6eb13660,b5e81700ea500023efd45a6f5683c230,delivered,2017-03-17 14:31:01,2017-03-17 14:31:01,2017-03-21 10:58:53,2017-04-05 10:20:08,2017-04-05,0a1b3568f894b8b225f015a2bc9a0ad0,2017-03-17
b1d654a4586eefddf31151bf787ff632,68398406288b2cee6f99d6b398fbb229,delivered,2017-08-30 13:51:42,2017-08-31 02:35:43,2017-08-31 18:34:12,2017-09-01 20:13:13,2017-09-12,48f8f0b5c8e9f985a817dbc0601d4394,2017-08-30
7c92284adbec8033d160303d83065dbf,f4f811f335e7ad2807493faebcb874ef,delivered,2018-07-17 16:55:18,2018-07-17 17:05:26,2018-07-18 09:04:00,2018-07-26 18:26:44,2018-08-08,c11707e79810c13fddeade78050d3a05,2018-07-17
bb310183fd0dc613fbe383644fb159eb,f284a31612a177bc5b6595fc05883457,delivered,2017-08-25 09:18:32,2017-08-25 09:30:18,2017-08-25 18:37:37,2017-09-12 20:52:06,2017-09-14,a2379176074b7a64180d0018c341be56,2017-08-25
317e9689b222bc8a5b08dfcb0c91b515,61afddb6bba5fc63e1a133ae84dc169e,delivered,2017-07-23 21:37:07,2017-07-25 03:30:34,2017-07-25 22:33:23,2017-08-11 11:07:42,2017-08-17,26c57e516c146b6f4e922df3b81f9e39,2017-07-23
d56e037617638a36e0f7c40837bbca86,40f690829946d9fc65bd911b9f353be0,delivered,2018-05-02 22:10:35,2018-05-02 22:35:20,2018-05-04 14:25:00,2018-05-07 16:28:56,2018-05-15,99a7f4c7ca680cba9733a56f1ee33986,2018-05-02
a436479c10d07646de88aac101c689df,bad02fa91ee4c30b713b2be4d4a15650,delivered,2017-04-02 10:30:10,2017-04-02 10:42:48,2017-04-05 08:51:52,2017-04-13 14:08:02,2017-04-26,b40dbfe9e5c408e8e4d943656ad1ece6,2017-04-02
da291372a3562b947e6b2b57bbfa5b74,025dc05e57480935ecde93b27e3c283d,delivered,2017-02-21 23:17:02,2017-02-21 23:30:09,2017-02-23 21:55:35,2017-03-02 14:32:40,2017-03-22,95638fd4dc72dcc7800e9303a073c38d,2017-02-21
3ccb100b5c1cdf02d6d178c014e83286,d9f669d2d9959193f0121cf7a8897893,delivered,2018-04-09 16:45:27,2018-04-09 16:55:39,2018-04-10 22:24:41,2018-04-24 20:12:41,2018-05-17,4601171f7d7247df35f99300b15cb262,2018-04-09
ef2926195d9d46ab02a86647edb201ee,4577619d76b693fe937e457ac8e482f6,shipped,2017-05-29 15:37:28,2017-05-30 15:45:31,2017-06-07 10:31:29,,2017-06-22,dd2d3e7151277804b1da3a8d7d67bdcf,2017-05-29
3d46adb746f95277b8567c00b7bbfc22,00efd0bb67f3af4d73269668a6cc8b49,delivered,2018-05-11 01:46:56,2018-05-11 02:18:11,2018-05-11 13:22:00,2018-05-16 22:58:49,2018-05-21,b63a0410273c4fbd9c54a639ce8bfdf8,2018-05-11
a1ab6845d58938601eb0043797e0c3be,1b0a18910e5f795fbd5bf07f830493fa,delivered,2018-05-14 12:33:23,2018-05-14 12:52:29,2018-05-17 12:59:00,2018-06-20 01:06:28,2018-06-05,7460731fb0cb8186c3bf15d30aba3724,2018-05-14
d608286ecbddb598aeb024ef39d0a834,160dd77fbb49d3d77780f7cf549bfa6e,delivered,2018-05-01 22:29:52,2018-05-01 22:55:33,2018-05-07 15:03:00,2018-05-10 15:57:09,2018-05-24,f4d86b3696c4fd8f185f9304bcff3449,2018-05-01
55239e09e4cd4de5e2e69452283e9b36,b3e091c31147aa119a2679a245a4fd9f,delivered,2017-07-22 10:44:10,2017-07-22 10:55:08,2017-08-09 20:50:10,2017-08-09 20:50:10,2017-08-17,1c21a64d75f6dd1bfe6208d209317dce,2017-07-22
c76a06605f09c1a1e5cf90bea47a528f,9babe15f3a8d05c3ae49e0e57faa9588,delivered,2017-06-19 09:09:48,2017-06-19 09:25:18,2017-06-22 14:38:37,2017-06-23 11:59:32,2017-06-30,7deb367b46f4aeb7888eeaa8cc29169f,2017-06-19
505ad05b659736f51f674522b701d9a5,496e44431a2a9a6be2eabb10d3ffa24a,delivered,2017-09-20 21:07:28,2017-09-20 21:15:29,2017-09-21 16:33:12,2017-10-24 14:28:42,2017-10-16,5026a05d38ac5cde9dfc41a3269f8b04,2017-09-20
62260701eb6b51252ed47c4967b1a48d,1e6cd8588a826f646f124d1725eab3a8,delivered,2017-01-16 13:21:19,2017-01-16 13:30:18,2017-01-18 09:42:08,2017-01-20 15:47:40,2017-02-22,f6e2c0cdc5cd3baaf61274104bc4e69a,2017-01-16
0094dc9ea7e3cd54d95aea42685673ff,5c98ab90d6e953f282ff28ebc43a090e,delivered,2017-03-07 21:48:19,2017-03-07 21:55:31,2017-03-09 10:02:59,2017-03-14 15:34:31,2017-03-30,a6b24ceddbf05b497a2dcdc301984aaf,2017-03-07
60ae373ba04e16ccf9b64606d483d89e,c462a88b19b420fe7aaa41178a21fbc5,delivered,2018-03-11 18:18:53,2018-03-13 04:40:29,2018-03-13 19:37:37,2018-03-26 21:52:06,2018-04-03,f1e81349f5625ed0325d0c4c984c6a2f,2018-03-11
5d0f727a08483d015171b66aca1fcb3b,708c76ecc87a8e284fab90713540c35e,delivered,2017-12-25 17:54:12,2017-12-26 17:47:25,2017-12-27 21:58:44,2018-01-09 22:09:54,2018-01-19,b5110f8d653c15a7d0382d3a7b027903,2017-12-25
17c765461652f9154943bd66875b0686,a9bfd8ee325908638f8339f8e585c0c7,delivered,2017-11-15 18:28:27,2017-11-17 11:10:23,2017-11-21 17:23:28,2017-12-01 23:33:54,2017-12-05,987644c80bd482e80ff8293e20a06662,2017-11-15
1d8f2cafcb347e3b5ea42d8dbc744d7a,4e86d60284ae4ccc334b942df3cc388f,delivered,2018-01-04 16:50:36,2018-01-05 02:34:30,2018-01-08 19:39:06,2018-01-18 12:38:51,2018-02-01,801f77c7a4a4b859fd836b537cc5e162,2018-01-04
97abc984480b7b063adb9e32e8bdbcde,20900bb42895ecd757d8ca51ac95140d,processing,2017-05-05 03:00:07,2017-05-05 03:10:13,,,2017-06-13,d8f54eb6540de5dd66ebada3e71ca1d7,2017-05-05
94539d5722ad55c3ae8c7369974b67ab,792176f239bc0c4e2f26a7703fcd27ed,delivered,2018-03-09 17:45:08,2018-03-10 18:08:26,2018-03-14 19:38:31,2018-04-03 14:02:49,2018-04-09,e681e46aca9e7b37f67f35ace0056cae,2018-03-09
5faf0d5452c94e7bf899b764f9b4c949,b4e50b0383bf56d616c5a1f0210c50af,delivered,2018-02-02 10:11:25,2018-02-03 02:53:16,2018-02-05 21:24:59,2018-02-14 21:13:11,2018-03-05,68d2178fedb5a9be6fc8d38e8d401139,2018-02-02
cac0cf69e6b636454b35048fac095f75,20c34723b9fcadecc3820144daee995e,delivered,2018-05-09 06:59:28,2018-05-09 07:15:22,2018-05-10 18:29:00,2018-05-23 23:58:21,2018-06-07,da2168560d23ebcf1414078f7a5a5997,2018-05-09
dcc5949c9548f7fb6537e65fa17dd847,b7d29eec92c3ec18bb0ef32b7b557420,delivered,2017-02-05 14:30:42,2017-02-05 15:30:17,2017-02-07 14:21:16,2017-02-14 12:47:36,2017-03-29,7be486c2408606d19ffb00e1af22cd27,2017-02-05
0db395d667c4793655380026bad4a072,3e53d88998e3c00789d6a197a80aae16,delivered,2018-01-28 15:08:21,2018-01-29 15:18:33,2018-01-30 23:13:01,2018-01-31 21:36:52,2018-02-19,28cfa4471fab15695744e57ce3036694,2018-01-28
f6e8b0a2438b3f7753f7af393c416c16,2ca2f7dd6dc0683652217d8ed760009c,delivered,2017-12-14 23:45:05,2017-12-14 23:56:27,2017-12-18 20:33:27,2017-12-26 20:27:08,2018-01-12,1b20b9cd7fa5f6dda29ec4735029f5ad,2017-12-14
520fa39fa9e4c0c4c59fa056a911ec62,f792452b3fbea0c1d7b4f5e388561e11,delivered,2017-12-18 08:20:15,2017-12-18 09:31:29,2017-12-19 19:33:50,2018-01-04 11:43:07,2018-01-11,938063f64193bdd8a8a87c902143373c,2017-12-18
750fac445e827530d79e0a2050dbcd9c,f742b8152818738cf8ed12cff171bad5,shipped,2018-08-12 10:12:40,2018-08-14 05:44:12,2018-08-14 14:11:00,,2018-08-22,058fdc81abdc81e3668c052fabd4d88b,2018-08-12
d768ce9a72b741097aab143d6baf890a,b498c982e3f7163502774d5d250b59d7,delivered,2018-06-19 20:33:46,2018-06-19 20:56:41,2018-06-20 12:40:00,2018-06-21 16:03:10,2018-06-29,f6fb801d4acdbd2a0de39961877dacba,2018-06-19
c5f692a4e47f015faa3f8a9b9d36aa03,eb3d937e14cd9040b4841334e8a12f0b,delivered,2017-07-31 17:36:20,2017-08-02 03:05:26,2017-08-03 19:17:36,2017-08-10 21:17:34,2017-08-24,309bf78217e9e8ec8fb0c45277ec2ca0,2017-07-31
479715da59efdc67c1722f985a94d18c,8683c94ecfeed1552bd8b944bf81d66d,delivered,2017-09-03 23:44:26,2017-09-04 02:31:38,2017-09-05 15:55:58,2017-09-11 17:03:14,2017-09-22,1d4da7e898d7b434bdc2a1628efdbd4d,2017-09-03
d0368fa99cb0d8c87221ad122cfc24b5,166c0a9fbab75b56c9be0d08f23878ad,delivered,2017-12-08 12:16:34,2017-12-08 12:32:23,2017-12-12 22:55:32,2018-01-15 15:39:58,2018-01-05,c20179e201bd3abb38f4b6dc76188038,2017-12-08
0c31ed220260a476cfe59bbb6608b7ad,d6e4c0ddccf1b679721fd6ee028a6f15,delivered,2017-06-08 12:08:05,2017-06-08 13:06:22,2017-06-09 15:36:48,2017-06-16 14:21:07,2017-07-03,f3a8376537f05ce2c02c626b22b1d267,2017-06-08
10c2b05e3b425d09cb2a1fa7f08d701f,4d45f5b1f311c511f6410974f00b7e23,delivered,2018-02-15 20:10:16,2018-02-15 20:26:25,2018-03-02 14:17:55,2018-03-15 18:06:24,2018-03-23,3d4fff41b533bad211da66780ffc08c8,2018-02-15
00750f68bb64537034e93554c64b41b5,49b0b78f8fd6fc95605c46e685c4b611,delivered,2017-11-12 09:50:55,2017-11-12 10:10:32,2017-11-13 19:42:09,2017-11-14 22:34:39,2017-11-27,d77caf275e9f22055520d5a58bf0691f,2017-11-12
fb13fbd4a34b34b577d30914e6377fed,d3d9f504cd88e7b39219d190fa40d973,delivered,2017-10-01 22:58:56,2017-10-03 04:05:10,2017-10-03 20:53:30,2017-10-09 17:41:53,2017-10-25,e87a0ce1a34e6ffd402cf548cfd1b5fa,2017-10-01
54d6f9d8f56229d3da815add65ec2408,ab156e9202420e577b405360a7b29cbc,delivered,2018-03-22 10:58:13,2018-03-22 11:15:35,2018-04-05 20:07:42,2018-05-21 17:52:28,2018-04-30,b52b8debdefe66d4c0d7f44d9b4ff088,2018-03-22
46890e08c9857c130d637780139c0fe4,2e1e2e0e55ce61231ba6f4e0f29fe2eb,delivered,2017-12-05 23:23:09,2017-12-05 23:30:23,2017-12-12 16:26:43,2017-12-13 14:27:18,2017-12-21,0aba2f717e52db1ea90e281ad9b4d5a9,2017-12-05
1b5364692444d3fa21966ab73ae925ab,c9e1bf85960698190ad550557fa852d3,delivered,2017-05-07 01:20:15,2017-05-09 09:30:54,2017-05-09 14:20:35,2017-05-23 12:17:51,2017-06-01,e10c33b62b6a9803573369ae09da44cb,2017-05-07
5598c9279a720364f3f77991903482eb,528aa234565e7a9bf8bf57a60da5d6a8,delivered,2018-01-17 01:19:19,2018-01-17 01:30:23,2018-01-17 19:17:13,2018-01-23 22:38:54,2018-02-16,9c2c65855ef03f7f74fe50ba907ced57,2018-01-17
ec4d827c7096de48c5a84a438bcd8922,71c2fbcb3ce7ca6eab6cd1ef3fc8a852,delivered,2017-10-11 10:50:36,2017-10-12 10:56:12,2017-10-13 20:36:53,2017-10-17 21:04:10,2017-10-30,01561f92006fd3ba8a8a4246b7f38101,2017-10-11
fedff8c18cd833ff96c2fb39874fb591,784858ab2fe13a7dbbb230885e0a6ad4,delivered,2017-03-04 15:03:13,2017-03-04 15:15:12,2017-03-07 07:41:50,2017-03-15 08:53:55,2017-03-27,e89f5599cf582f7dd5005596451462a5,2017-03-04
9e5ce745945c1ffe01121296711a5663,88e61c7252619768a61932ecdb8df0bd,delivered,2018-01-19 16:57:27,2018-01-19 17:05:29,2018-01-24 23:27:56,2018-02-02 01:53:37,2018-02-16,e67837162e0e814752b92823f611306d,2018-01-19
4ba0b1853e0c90a33281e484fffc7308,de8aa5a7669b4bb632b6a7bb552b9ab1,delivered,2017-12-07 23:35:53,2017-12-07 23:52:28,2017-12-08 17:33:49,2017-12-23 15:32:05,2018-01-08,1ec52a2fda0a61ade7cb2c70b98bcedd,2017-12-07
8738785542fcbf848621d353326ec75d,6388e7c216b24a512b375a525d7ff4b7,delivered,2018-04-09 22:11:01,2018-04-10 00:15:31,2018-04-10 18:02:09,2018-04-16 17:16:52,2018-05-03,8dbbf39064a6aa2a21f97ff0422e5acd,2018-04-09
445365618743df6b2fc99573390118c9,26b1ba320e6fee976e644d2df475c590,delivered,2017-11-28 16:49:25,2017-11-29 02:15:22,2017-12-01 19:26:43,2017-12-11 13:43:46,2017-12-19,3aed0bcd86ad0fe4034111aa43418862,2017-11-28
e3aba2389e4a741a1707015e19a45c65,bc930ed083b508dd8130462a67b77aa3,delivered,2018-07-30 19:36:04,2018-07-30 20:20:08,2018-07-31 12:44:00,2018-08-07 10:26:46,2018-08-14,7170ce30e5113cd8f8f53beca071a164,2018-07-30
84ebc7aa538e4655d5d3c6810003c6f4,fc71d4f0cb765541e4498d257702421c,delivered,2018-01-06 14:43:51,2018-01-09 07:23:18,2018-01-11 00:29:48,2018-01-24 16:43:06,2018-02-08,9f10a450cddebea0e7cd86f67c894d1c,2018-01-06
ec5a5d1ef3b5144148279ec0141de946,5f32480dc2343d4b17ca455a8784522a,delivered,2018-06-16 15:17:42,2018-06-16 15:37:57,2018-06-20 16:57:00,2018-06-25 23:54:29,2018-07-13,4098fcef7bb6340f9e8b05c29b938d56,2018-06-16
cb5c4f59d4c15e190ec24d4607349a8a,72b6edc052a8e2605aaabe29f5d5e008,delivered,2017-11-23 19:14:06,2017-11-23 19:29:40,2017-11-27 15:58:14,2017-12-06 14:22:25,2017-12-13,42ee8fd8faa61a7e92086067ff373452,2017-11-23
270e2c93dda2be7908cdf2a877171b8d,a55000f612a137c7cd5026bbc796e260,delivered,2018-02-24 22:12:32,2018-02-24 22:30:31,2018-02-28 23:54:03,2018-03-08 21:27:26,2018-03-12,ae62cdc49a5716c409aa3adafe81e451,2018-02-24
31a2fff09340d8ff99194ad110622ed3,5dd4e2c9c44b468ee34ce64762c56909,delivered,2017-08-15 21:05:41,2017-08-15 23:05:17,2017-08-18 15:48:00,2017-09-15 16:06:01,2017-09-13,6ee525e7a839cd85f09248b390a3732c,2017-08-15
d98a93a637c3178749cb3aaca843178c,d12fea71b52cdec3abb5e780f3a7d9b6,delivered,2017-08-19 11:50:42,2017-08-19 12:05:16,2017-08-21 14:22:13,2017-08-28 17:12:30,2017-09-13,742d16d03b8aea0e0c83d361c77f9f21,2017-08-19
cd5585a15881bccb1d4ea9cf3acd43a2,4d0385f91da40fca0b7ec34e597bb107,delivered,2018-05-15 22:11:50,2018-05-15 22:33:56,2018-05-16 12:32:00,2018-05-23 15:57:35,2018-06-05,ce8cf05f65b593391838a810709606fe,2018-05-15
793d395a896de12a846ed4f345bce550,acfa364ca85050e749b70c2a377b6e20,delivered,2017-09-24 09:27:24,2017-09-24 09:35:11,2017-09-26 19:47:01,2017-10-30 18:17:55,2017-10-23,35e84c42f5f83f3fe67cd48d18c6783b,2017-09-24
6ef946c23a02ae5e2cfe4779ad34d805,bd62dc4bf97bb0039dd1d87c34b6dbf8,delivered,2018-01-09 23:04:22,2018-01-11 02:48:30,2018-01-26 18:39:03,2018-02-14 12:21:20,2018-02-14,508bf6f5e11ca89e21772c88ffcd8c0c,2018-01-09
ed552069bc1dfbbae315ecf454b1e5d0,1c901dd8f6bccda64fe8582fe3dd18a8,delivered,2018-04-18 15:38:50,2018-04-18 16:18:46,2018-04-27 14:36:00,2018-04-30 16:12:51,2018-04-30,af842a6ed9f77511c9bf46922a29ecb5,2018-04-18
48d91da7c9395c02b5d9e02dd9b8c278,4b82c85215dcc754dfada1802ae27a73,delivered,2018-07-16 15:26:26,2018-07-17 04:41:01,2018-07-18 14:02:00,2018-07-26 15:18:51,2018-08-08,3c741fe61cb78e76133f039186f070ae,2018-07-16
d4caab8baf9f9ceaf622ebd8274b33e3,8cbb2335bbb18aa1d1c6e8af541925de,delivered,2018-05-07 15:28:43,2018-05-07 17:56:45,2018-05-08 06:32:00,2018-05-26 20:33:44,2018-06-04,344dc8ef6e84dfa39c0f98369ff3b89d,2018-05-07
ccc1762fa4bea334f80983e3f3a933b6,2b8139c2d4525cf24d1193894346b2fe,delivered,2017-08-28 23:31:59,2017-08-28 23:45:13,2017-08-29 21:52:21,2017-09-08 21:11:21,2017-09-18,afc3f49cfd0567e08a8c452beb212c04,2017-08-28
f570a11e0e7dd954267c529ff67f4bf7,d134dfc169d8d1f9a7ea6c4857952143,delivered,2018-05-09 10:42:51,2018-05-10 03:49:52,2018-05-11 11:21:00,2018-05-22 11:59:29,2018-06-06,f68ec6805b80a4aa7416a2bf1e84ab44,2018-05-09
90e8f1b5d948640aeb5c7d68b2cc04a8,1749c10ae674ccbd3cb5054d29faca39,delivered,2018-04-27 22:50:44,2018-05-01 06:13:07,2018-05-02 14:07:00,2018-05-04 20:21:38,2018-05-14,cfb59d78a528f87530d2450b37a4f42b,2018-04-27
85607d3592af1748d85f39e8f2d2709f,ac497ab9e107dcb22941ec3260174034,delivered,2017-05-12 16:53:50,2017-05-12 17:05:20,2017-05-17 11:55:06,2017-05-18 09:29:47,2017-05-23,8c5295c7bccc9e0a03b14fe9fb76bf34,2017-05-12
011fcb4fabb3e142579ad63472b11227,1798df51bcc12309eb0ac35f5bb5875f,delivered,2018-02-10 10:45:57,2018-02-10 13:50:23,2018-02-14 19:58:22,2018-03-14 22:38:35,2018-03-07,23bfe8fb29068a3a072d76d2604e99b9,2018-02-10
4590ed099269ca54d108cfeee1fcc542,e843321c206b7b731b5b8a7a0ff7b13e,delivered,2017-11-20 19:19:07,2017-11-21 03:35:32,2017-11-22 23:36:51,2017-11-23 17:07:14,2017-12-04,55ad76dbbe5e81366ed0313659bc2f44,2017-11-20
3f72ea1795b17aa187fb729bd33b4f6f,39ac568a85d60b4ad618f2bb703fa7ac,delivered,2018-01-11 10:25:46,2018-01-11 10:38:28,2018-01-15 17:42:30,2018-01-29 09:42:58,2018-02-08,fc5a7cde611080e073295d381604ed02,2018-01-11
53b026d522b2c3bf414140d64da57a56,0554a7ce361c9f2dd3474c57f5baa308,delivered,2017-12-29 23:05:46,2017-12-29 23:17:27,2018-01-03 22:17:37,2018-01-05 12:37:26,2018-01-18,1325f03c225628f41a97fa5a586fa401,2017-12-29
174ea733f2e5d5f7a5e720311acdf27b,d070c87ab93dcb76d18b098b81db5889,delivered,2017-02-22 22:25:20,2017-02-22 22:42:21,2017-02-23 11:06:02,2017-03-06 13:30:32,2017-03-27,e543c7d849d87353a56205b54e42eaab,2017-02-22
3b95a15990c1bf022ab091bf7f9bcc28,e40736c0b4e32e738796a5fc57234dad,delivered,2017-12-04 10:59:18,2017-12-04 16:31:46,2017-12-06 23:51:58,2017-12-11 20:42:53,2018-01-04,ead394416d4f85207932cc124eb145e2,2017-12-04
a1e3ae78b2bf6dedf2c6a37f96e17900,e5864c2ed237c10842e95f1d8fe0cde6,delivered,2017-07-28 10:24:41,2017-08-02 08:34:35,2017-08-02 16:44:37,2017-08-03 10:32:39,2017-08-10,05611a5f1fa509eef8b92840648a6b34,2017-07-28
51759d8321ae577fc2d577b976f8130f,de5b74249fb3f1947ae0286c6098b576,delivered,2018-04-23 12:58:35,2018-04-24 17:45:41,2018-04-24 22:38:48,2018-07-02 23:18:11,2018-05-28,14054237c41b123b682dbcff19e9ca6b,2018-04-23
e90e7c747cb478cb9b973c929c0994e5,fb8ce23b2809c1804941ae306cba5ae4,delivered,2018-06-06 15:31:19,2018-06-06 15:54:21,2018-06-08 03:41:00,2018-06-19 22:06:38,2018-07-17,52d40ed525892e7b31fc34aa750419c9,2018-06-06
692648a2b4637c1a31bb54a978fe9822,9c163fbba40729af0b5fcece313797f0,delivered,2017-11-24 01:41:07,2017-11-26 01:35:27,2017-11-27 17:46:59,2017-12-06 23:52:00,2017-12-28,1f64fd6cd9f5fa072b3c962846d0329d,2017-11-24
e0006b2f32e1921de703f8b17b01fab9,7da5a479dbe934f13742722cd566b282,delivered,2018-04-01 08:11:02,2018-04-01 08:27:13,2018-04-02 20:19:28,2018-04-06 23:38:25,2018-04-18,0bc5f4acb2d282f028b1e41623fd468c,2018-04-01
bfa8d4392d0f1d32de14ee40e286f094,03787ef7555b94c1a63477e7e7441881,delivered,2017-10-11 14:47:44,2017-10-11 15:08:24,2017-10-18 21:55:48,2017-10-30 21:12:46,2017-11-06,14a52433508dec56265579c5752de105,2017-10-11
bb514bb949fb3d4837436e4df906cf5e,ce22b5ca740e6df7f82584b00580f446,delivered,2017-11-06 20:27:31,2017-11-07 05:31:35,2017-11-08 20:09:18,2017-11-16 22:32:00,2017-12-06,0abc80472fc67b10dcfa56041a9b72b9,2017-11-06
0d7fc3fc1f6267e80691b89236b7433c,235efb83cffa6226bb1e9083ebde2a6d,delivered,2018-02-04 13:19:56,2018-02-04 13:35:28,2018-02-05 23:19:01,2018-02-14 15:52:23,2018-03-06,a1d88ad487531e70919ce579fae6df6f,2018-02-04
6f69c7d5b18941f0e58ce99742b93694,14eef4c5daa9762a288b6c4b9372e3f0,delivered,2017-10-17 08:36:54,2017-10-18 03:15:47,2017-10-23 17:43:44,2017-10-27 14:08:45,2017-11-07,2b0ec5be93d9a246a559208acfc25cdd,2017-10-17
d2c8a179d7dd7749412fc021f8ce8212,1cdcff42fb99ee8d452a29856484240f,delivered,2017-11-24 01:13:00,2017-11-24 01:29:38,2017-11-24 18:58:40,2017-11-26 13:56:55,2017-12-08,775c64377c5e51988914dd66f4f46b53,2017-11-24
82f1ef1e66fd6c8297a78ba0ed3a570a,6c57ef77cab6ab22eccd69f110983ecc,delivered,2017-03-15 19:41:03,2017-03-15 19:41:03,2017-03-20 10:47:29,2017-03-23 15:37:12,2017-04-03,65932ef783cb237677e354d01292c9eb,2017-03-15
15e67a6eec264915cd81f8f57dbacd81,9dbba2fa3f3df7cc62a6ced880ea920e,delivered,2018-08-07 14:05:50,2018-08-07 14:15:17,2018-08-07 12:39:00,2018-08-13 13:58:45,2018-08-21,caa3a7c589bae86b8ee16aa9396c604e,2018-08-07
4315647970ca486a6dff72dcb2c97e15,105e31e3b36d904c70058578126c4d12,delivered,2017-11-10 13:55:00,2017-11-10 14:07:41,2017-11-14 16:29:09,2017-12-02 00:34:25,2017-12-14,d44ccec15f5f86d14d6a2cfa67da1975,2017-11-10
1fea99244761fe0359d759672fdbcf4a,f5f5d84155b71366648375418c62a566,delivered,2018-07-13 23:19:41,2018-07-13 23:30:16,2018-07-31 13:00:00,2018-08-07 18:29:41,2018-08-09,2516ee1e7a05ad6a405d7894fa6339bd,2018-07-13
2ae0d5789dfb9195d410a8b56f7cc75a,5aa8afa0ae712a56a4bb2fb070d575aa,delivered,2018-06-10 10:38:57,2018-06-10 10:58:08,2018-06-13 13:56:00,2018-06-20 20:04:47,2018-07-17,16d8eebdd78173ebffb58eedf2544e68,2018-06-10
cd450aa54feae01d9315612b1965c20e,5e594904686a0e927c468ef4ee47bf61,delivered,2018-06-22 20:50:36,2018-06-23 02:20:15,2018-06-27 09:29:00,2018-07-01 15:18:37,2018-07-12,8c8fa55bc5c5524e5fddf3079db58082,2018-06-22
57323a7f9df2ab8eabf8fb751d3f2334,c7f2968561f5d98aedb2b35aa91acb29,delivered,2018-05-30 16:11:45,2018-05-30 17:57:16,2018-06-11 15:16:00,2018-06-12 18:38:48,2018-06-25,cbca214c0b5bd4514b510dd492a2e7d3,2018-05-30
e97c2d34117c7c16f7dbf87e2e4cc436,c7ac137565b28931ccc89b2841beef69,delivered,2018-02-07 10:36:23,2018-02-07 10:50:31,2018-02-09 00:34:16,2018-02-20 17:28:47,2018-03-14,d7c511b09990d34e65e1d3e8f943cc28,2018-02-07
2c7fa9ba8159b3183ee63a7ac9148038,e3f1cc8c8eb761eb9200a63f40d47b9a,delivered,2017-10-04 21:40:39,2017-10-04 21:56:18,2017-10-05 14:38:19,2017-10-14 01:25:50,2017-10-23,30f43520e93ade7f1a60e0df3b3eb9d8,2017-10-04
7c8cabe92b0d78f64750cd7091610d13,7d5c71c6e3bba01e44045b65721ebc8a,delivered,2017-04-06 19:10:24,2017-04-07 03:22:51,2017-04-10 06:16:46,2017-04-17 11:39:41,2017-05-26,f5bf332dc1bd1d1225a24bc6754a31ef,2017-04-06
c589e814418706326aedc9f6760fb8e4,99caa7dab4866c43392b1d377fe0f406,delivered,2017-06-17 14:11:43,2017-06-18 14:06:47,2017-06-19 20:49:54,2017-06-30 16:27:56,2017-07-11,69ea286615f18c04fae5663212a5cef7,2017-06-17
068687bed88cddd9705b861e5ff18fec,1bc7096979db74678ff84d5a54599054,delivered,2018-05-08 09:54:55,2018-05-08 17:51:54,2018-05-09 15:10:00,2018-05-10 19:08:53,2018-05-18,75b938544158368ac8bf217bf8ec88c3,2018-05-08
9a0ea28810c690ef91b1a70c0ed9703e,48b7b0d91f71342eb16eb2598fbec30d,delivered,2018-07-03 07:07:56,2018-07-05 16:21:59,2018-07-04 14:02:00,2018-07-10 11:28:34,2018-07-26,99e3b6f2d15ecbb5d63eeb710e3409fd,2018-07-03
f08fc2a6ab902c89cb3ceba4c9daec6b,ac789f180adacfb3a4e328ff5e712ebc,delivered,2017-06-22 18:39:10,2017-06-22 18:45:23,2017-06-27 14:13:35,2017-07-03 14:06:40,2017-07-14,ed2ae62a1c5697ed791c9d0ceaafb7fc,2017-06-22
7019575db90695209de9c7d983557bac,3b6a41078db04a74b3174a91fa35f7a1,delivered,2017-07-24 14:03:17,2017-07-24 14:15:21,2017-07-25 19:43:56,2017-07-31 23:42:21,2017-08-11,c731a46dd44dfe456ccfa8968206943d,2017-07-24
7536412c065c3c88cab8d15d406b24d8,b52171d5370a57ed48078d937381bdc9,delivered,2018-02-23 22:40:26,2018-02-23 22:50:36,2018-02-27 20:04:12,2018-03-12 16:54:25,2018-03-21,77e796ae27588436271f6d78f4f48898,2018-02-23
99258947dd1b1fda580de965e83f657e,a713fa2e20a364e681de7583a9271e07,delivered,2018-04-18 18:20:13,2018-04-19 16:29:02,2018-04-20 22:41:50,2018-05-03 21:03:56,2018-05-17,08d2c4fec63aa9ea247577680883926e,2018-04-18
d4d140e1cbc20856440a8343432848c4,30e94070e398e38b4210bc35d84627fb,delivered,2017-12-05 23:31:12,2017-12-05 23:56:44,2017-12-15 13:04:41,2018-01-24 18:38:39,2018-01-16,282dc4abbf2759fb9bb77217f5cd6c4c,2017-12-05
4293c08add04a8db68205c16fcb0554f,cbd80968cb96e3a59fcce491c3788b29,delivered,2018-07-26 09:42:36,2018-07-26 09:55:14,2018-07-30 14:17:00,2018-08-07 01:07:48,2018-08-30,b612515c9f0bf4ec2d09055aff1dac48,2018-07-26
21ea7e4d14409db01f3c79aa48b465b9,28b58622eaf1c155869aeaf9e321a25c,delivered,2017-12-17 14:48:57,2017-12-19 10:20:44,2017-12-19 21:43:55,2017-12-29 15:52:59,2018-01-11,1849af3a8a8421a8ca39562b31d2711d,2017-12-17
ae2d8cde918fe08a1edfce9e900c9480,5d322143a1048298f53a9ad41a350829,delivered,2018-01-13 22:38:58,2018-01-13 22:49:11,2018-01-16 00:04:33,2018-01-24 15:58:59,2018-02-07,a06003b9f71039cac374d34bb5bdfa21,2018-01-13
360b84029c125bb8d4ede52585f058f2,22a62541ed4704ac4f51d175379222d7,delivered,2017-09-09 08:41:10,2017-09-12 04:50:16,2017-09-13 11:59:54,2017-09-14 09:47:30,2017-09-26,1803287d1e7138aec6ea9d3c963ed87d,2017-09-09
fdd86f104c7f379d881d8bf34c6838ce,7efebe067e3b3bd042b195aff931ed0d,delivered,2017-09-01 08:18:39,2017-09-02 02:55:18,2017-09-04 18:11:39,2017-09-20 21:22:17,2017-09-27,52066faf25509a933b9e80d8c85b0c06,2017-09-01
f408600ecfb1900d32519ca61e34e4f0,6952fcb78cb94f18e8bed5f290578f9a,delivered,2018-01-22 21:06:04,2018-01-22 21:14:39,2018-01-24 01:57:26,2018-02-14 19:38:43,2018-02-14,27b2dfa86c61f76b60610ebf4ddd2072,2018-01-22
aab1dd46caa26c0abb120fc0dd2e7b29,803375c9f4f0d6ff92d41fdf97842f9e,delivered,2018-02-19 17:30:44,2018-02-19 17:47:08,2018-02-24 02:38:39,2018-03-08 21:51:23,2018-03-13,4ed445687395443f1f4bcfd252c173ca,2018-02-19
2c7c7906a21bcdda34af809ce7fa1a19,81e17805eff420f5dc3a32e67f366d13,delivered,2017-12-06 18:34:22,2017-12-06 18:49:59,2017-12-09 16:49:06,2017-12-20 14:49:00,2017-12-29,68e2089947c998d87d7fdfd5a05139c8,2017-12-06
1ba5772ca0ab24b8c21ec26537acea23,4fc731f5601c2f6b0676bf85d1907e05,delivered,2018-06-04 21:59:40,2018-06-04 22:11:22,2018-06-06 18:58:00,2018-06-07 22:41:08,2018-06-28,f37724d5aa0baaa5d9f06b2393de67d9,2018-06-04
897b4da63b6edde1a33a9fb7caf1dd10,7adb5b6a71b330eb4b3027a470fe74b5,unavailable,2018-07-30 07:38:21,2018-08-04 23:31:16,,,2018-08-16,0c39cc8984e30ac517c69a6671be71a7,2018-07-30
a5a32befe5eebcc26930e213ffdf3369,3705330ddc148deb33331cf451b38b55,delivered,2017-02-20 14:21:09,2017-02-20 15:00:11,2017-02-21 14:00:02,2017-02-23 10:07:42,2017-03-17,bb148baa21a7909dc588f566d9f5bdb5,2017-02-20
d66690b9ba115c379910e119811db520,289e858c348b174706313d37ee8e246d,delivered,2018-02-11 13:44:58,2018-02-11 14:07:58,2018-02-26 21:47:34,2018-03-23 01:11:02,2018-03-12,413c048b3543f926f2e486c53de5123f,2018-02-11
b2953fe5cb836908b29ad9147658d6c0,978f40d2307d8ad848c2731201bf8f0c,delivered,2017-09-29 20:50:01,2017-09-29 21:07:20,2017-10-02 12:35:45,2017-10-13 20:53:50,2017-10-26,df204b6638c6e4c4471da0d3201573e6,2017-09-29
e5ede2994d0d9af5205331bb7b222d3e,ba8c40efa4d4cf98a7260ad538b5c927,delivered,2018-04-30 15:43:07,2018-05-01 02:38:15,2018-05-03 14:56:00,2018-05-04 20:38:42,2018-05-11,cec2fc26da9e54a174085b4dbc4752d5,2018-04-30
03ecec245220b63fd7f68c1737ba99ba,0d34797f478a608695b3635dfaf86733,delivered,2018-06-11 12:58:51,2018-06-11 20:23:08,2018-06-12 14:35:00,2018-06-21 11:37:48,2018-07-17,adfe61acba44add7d03a0eb04abd79ec,2018-06-11
2242566da9e4bf1d65f3530015a389e1,2ba415ea226886658975ce7d79ecad08,delivered,2018-01-08 23:56:14,2018-01-09 00:54:35,2018-01-11 21:03:59,2018-01-15 18:56:54,2018-01-24,1dc45b4cfbce30c703c7875bb8b6af45,2018-01-08
21a3c351610b2487460c404bbbdbda67,da71ef178a592dabc39893a5a4aea96d,delivered,2018-06-21 12:54:27,2018-06-21 13:25:10,2018-06-21 16:31:00,2018-07-11 19:26:35,2018-07-25,ce85e6d7520eb4a32ae090fe45aeb238,2018-06-21
22b26e86702b56aa7da5d50d7aaacdcb,01f7aa57edc08e2285a8564127cf61f5,delivered,2017-11-14 20:32:00,2017-11-14 20:46:34,2017-11-17 15:15:39,2017-11-30 16:11:41,2017-12-11,6ed628057a5c2de01ff0ae9d58899352,2017-11-14
3d7a0606016fe5d209e5224ffe77f7cc,fe2edb873d4b148dbddecf2946491360,delivered,2018-02-14 17:11:41,2018-02-14 17:28:07,2018-02-16 17:48:32,2018-02-21 21:49:06,2018-03-07,c916dbec32e3ef41af6e7b07b9adab31,2018-02-14
22268b58e6b35e218f4cf7928de636e4,66346a5f0be444305dba72915266aa80,delivered,2018-04-10 15:57:46,2018-04-10 16:11:33,2018-04-12 20:53:38,2018-05-03 16:14:42,2018-05-16,af703c30e13bbb9839e8cdd4785758bf,2018-04-10
52cc3e73c44b95c3e54b97771869da1b,8db4e81d79f7af20f442859df6bc911d,delivered,2017-08-29 16:22:36,2017-08-30 02:15:15,2017-09-11 17:22:36,2017-09-21 20:48:33,2017-09-21,bb13687fa077fbe3b37532cef98fc152,2017-08-29
284d05f958811fe43d952eb2245b3f91,e055cf0cb36946f3b991df7d0f2d1d54,delivered,2017-03-17 13:25:34,2017-03-17 13:25:34,2017-03-20 09:41:51,2017-03-22 14:42:20,2017-04-05,121489c28952a38c98e5c6793e94194a,2017-03-17
917738df2199692a3d9b6d85680a6595,a33c1cabc586633efb1e16857766ed5a,delivered,2017-11-08 12:01:41,2017-11-08 12:31:00,2017-11-09 16:46:53,2017-11-29 18:23:50,2017-11-28,afe0c9c7e95054f1610d1d0595c411b5,2017-11-08
a8aa05063010ff66b802270e8bc9591c,bafdaeac2e5f141111bd3ba512c8c0d2,delivered,2018-02-26 18:18:58,2018-02-26 18:30:33,2018-02-27 18:57:37,2018-03-08 00:16:46,2018-03-26,2d0aa39055b967248bf551e220b55f59,2018-02-26
dc765dddeedeb445940e0c8e9049e665,00fb765118b6d3b18dfc763dc3729a5b,delivered,2018-06-26 21:36:45,2018-06-26 21:47:17,2018-06-27 10:17:00,2018-06-28 20:32:42,2018-07-11,eb74a8dca9e7d695ab789aea1686b6cb,2018-06-26
6ad7862e05692cc6d511bc83ee4669d9,530f348c82e444464998a543250a2a3e,delivered,2018-06-18 22:24:49,2018-06-18 22:56:03,2018-06-19 14:55:00,2018-06-28 20:03:28,2018-07-13,10c9d49e1995f6d2d2ade8e4793086f9,2018-06-18
a9fa7ea99c0724de00e9d31f2a39a723,c3e4aeaece33e17cbdca142049cbc6ed,delivered,2017-11-29 14:57:40,2017-11-29 15:16:32,2017-12-01 15:03:52,2017-12-21 21:09:04,2017-12-21,3ab0de2ef0b0d180a42a233eb350c570,2017-11-29
22f3a2b22f414d974640db425514794d,2fb63e788bc5a760404afcf3ef8ff164,delivered,2018-08-08 13:37:57,2018-08-08 13:45:18,2018-08-09 14:47:00,2018-08-20 17:38:04,2018-08-30,3decbfb55a0102a0eaca8e4b6734ff15,2018-08-08
8a01d49b3b06384490c34a71c6b5c384,f88756757844d773715d799b380a9b9f,delivered,2017-08-24 12:13:03,2017-08-24 12:25:23,2017-08-28 21:33:35,2017-09-12 10:27:28,2017-09-18,61d5f8d2274f36cfc6bac0a792e2e17d,2017-08-24
00d831d5c3ea03b7cd6f883ad799c7e4,7cc995918b7c4560b0f7ec54ef108d83,delivered,2018-03-12 11:56:58,2018-03-12 12:48:27,2018-03-16 00:08:32,2018-03-17 00:52:32,2018-03-26,b813fe59b2d10fb59d5594ec8f91750e,2018-03-12
e4fe3e1517012062f793eccf51260009,9cd51a56cf2a3d0c61525bfcbbcd7039,delivered,2017-12-03 16:49:21,2017-12-03 17:11:23,2017-12-06 21:33:42,2017-12-14 20:49:01,2018-01-09,cb665a8ea674e876146633cd05a6340b,2017-12-03
a684a880595e155b09caa69ea219257f,6a43e91f4891c9b7b055cd37d1d0ed00,delivered,2018-06-10 18:51:46,2018-06-10 19:12:40,2018-06-12 16:59:00,2018-06-29 20:46:42,2018-07-04,1a9c094ab33e3b3dabd3f85c372e17a7,2018-06-10
9b9f25096c0717bf6728bd6d56a1d1fd,76529cd7a527c09775b6f65b5ea1cb5f,delivered,2018-06-23 20:49:39,2018-06-23 21:15:59,2018-06-25 13:21:00,2018-06-27 23:06:33,2018-07-23,844aab4c68800df336e75b99404def19,2018-06-23
e74c8d6962373b0c0e984e97fe2fa674,134a1bdf2deb906cf9e47363d42a8ff5,delivered,2017-05-18 12:01:53,2017-05-18 13:06:09,2017-05-25 09:54:11,2017-06-05 15:36:54,2017-07-03,cdd45fb154adbdf5d21bd65edeb2976f,2017-05-18
776ee45444a92a50bfafdbc1054ec316,f6d542aeb738701de1005a737e727bff,delivered,2017-09-25 23:07:18,2017-09-25 23:27:36,2017-09-26 19:38:34,2017-10-02 17:34:02,2017-10-19,d796897ad02ac36a5e629aa5646cf2d8,2017-09-25
d1437fcc5adf19257e6e1bb890b6c94d,009556b29007b7233895402fac956591,delivered,2018-07-21 19:36:39,2018-07-21 19:45:14,2018-07-24 15:15:00,2018-07-25 19:50:44,2018-07-31,9fc40e07c540ae6cb1cc7cf10019ab3b,2018-07-21
3e1aa6b604244eeffb1ca2c6205fcd22,0fffe99fde2e93c3f64c74b1ac419acb,delivered,2018-04-11 21:41:44,2018-04-12 05:35:21,2018-04-12 18:19:22,2018-04-13 18:31:27,2018-04-26,402df6868e2eb532373ab4f244017aae,2018-04-11
f22f7c2224c7f287948c77b0fa6da857,3b0c7e512a875c4507ec4cef54254805,delivered,2018-03-14 18:39:37,2018-03-16 03:31:28,2018-03-29 00:37:36,2018-04-06 19:57:34,2018-04-13,1d4d07a672474ee8eca0ee9b08badc8f,2018-03-14
72c2a80ac95de7a1dcaca4f3ac3080b1,0e7c0d06d15100fa1e3316a135861e66,delivered,2017-11-28 12:54:10,2017-11-28 13:04:28,2017-12-06 01:44:29,2017-12-11 20:55:00,2017-12-21,8181d7d5f83a4a39dd5ce38bf625d166,2017-11-28
f81872bf9ae3411093fd97c7f9d1b7e1,f717b98667c99b9bc4cb418cd644621e,delivered,2018-08-16 13:29:21,2018-08-17 03:30:23,2018-08-17 18:44:00,2018-08-20 16:48:49,2018-08-29,ac2c22f961d7ca247d9ffb6a89d1267c,2018-08-16
074241ce500ccb810dc2a36222167798,370518eb3880e605c398910e3bb0aa85,delivered,2017-11-24 14:41:59,2017-11-24 16:52:51,2017-11-28 20:37:06,2017-12-07 00:23:01,2017-12-15,8781c9fd53cc8eec28b7e9b875cba0cd,2017-11-24
52ae37876584cb6e2cf3848e834516e9,5ce13c48eb47d2c44d3f1e212e4186fb,delivered,2018-01-22 09:19:01,2018-01-22 14:14:20,2018-01-26 21:18:37,2018-03-06 12:50:26,2018-02-15,d5df936a93eb525a9aaf3cce9de199f9,2018-01-22
ed7646bd67d7f803bfe1d24cc78cd827,a8f61973eedaf5f3ca7ad94a31619ed0,delivered,2018-04-01 15:51:53,2018-04-01 16:08:32,2018-04-03 18:14:36,2018-04-16 14:12:15,2018-04-18,4dc7a7dd7dd952e7c491d95a7cc3668b,2018-04-01
7cc5f7da21653de1b71a6f4ad590e5a1,2f21a50c8c1214f27c501848fce8eb64,delivered,2017-01-26 23:33:35,2017-01-27 17:31:13,2017-01-31 16:24:59,2017-02-13 12:17:40,2017-03-10,1ccbae0dcd0c452b88a40c54f9d78401,2017-01-26
dcfdded3a6760b4e0ce1ef27aaf65b89,6b21a323b942df56524b937b5b063953,delivered,2018-01-11 16:20:12,2018-01-11 16:30:32,2018-01-17 20:19:04,2018-01-29 19:48:57,2018-02-21,31c0ba774c4b6f5ffc6190dad6bd6503,2018-01-11
567a46259e8902fca8f8a5ecb28e3298,61cfa6957de27aada429fb4b4498dbfe,delivered,2018-02-23 10:51:09,2018-02-23 11:10:42,2018-02-23 22:57:03,2018-03-12 16:31:41,2018-03-22,94e23fc20748ecc14d742fe5b68703e3,2018-02-23
1b67b9f038612db0f4c111a7e2d52096,9d368365fbede6ab0cdb8751784cabde,delivered,2018-04-30 16:16:53,2018-05-01 02:39:01,2018-05-03 14:08:00,2018-05-08 02:38:55,2018-05-16,2141ed29dd6eed2cef74cb781ac9e476,2018-04-30
8fe9a4962c46faa2c658095c6f74acf8,9da937979e16df1ecf0215a234ec8786,delivered,2018-02-27 18:48:35,2018-02-27 19:09:09,2018-03-01 00:05:49,2018-03-12 11:46:48,2018-03-22,25ab57bc306cd6ac4dff5c827bef1c86,2018-02-27
fac17da5f9e089e094cb2e19a4415d13,8c762c68957cf18ec40db1474c5b2d29,delivered,2018-05-11 14:33:36,2018-05-15 04:34:54,2018-05-15 13:25:00,2018-05-18 17:22:49,2018-05-25,06d0da3dd5b13731a3f9e3fb081da112,2018-05-11
c9ffd64db3f411822cf589bc1a567f0a,866b82dbabf18484e4bfbb565e1facd9,delivered,2018-02-12 10:02:41,2018-02-12 10:40:25,2018-02-14 20:15:08,2018-02-15 19:14:10,2018-02-26,ef71a2a7d780db30797bb342a51b7ad8,2018-02-12
311251ba5bfaf2e67111e56ddee44f14,4405d7268b1646ad195df880a70dc5da,delivered,2018-08-06 18:48:17,2018-08-06 19:04:38,2018-08-09 15:04:00,2018-08-10 14:12:51,2018-08-09,bc2eb3caac79e71259bac8f30248dcca,2018-08-06
4ea8cf27d2783396b72f4f5f7b07250e,b0583de550099139bf3a61339dfe7e3c,delivered,2018-03-05 14:29:51,2018-03-05 14:49:30,2018-03-07 20:13:03,2018-03-16 14:25:27,2018-03-26,953186d2de7ac224e520254fee9dd3a1,2018-03-05
6539a21d87787dfca12d638dab136511,65ab7119dbac155fbf2012978dac9fea,delivered,2017-11-28 14:41:20,2017-11-30 14:35:17,2017-12-06 18:38:10,2017-12-15 23:37:23,2018-01-02,c685b2910f2fd37698ce0b715ae4a968,2017-11-28
2d15973f99e220f278677b903faa8dbd,e65816228a615e97e84e7f5d0c3540ca,delivered,2017-10-15 01:16:54,2017-10-15 01:49:37,2017-10-16 19:58:56,2017-10-20 22:40:00,2017-11-07,f6f38791736ee6db91693a357d62203a,2017-10-15
a91126396e6f35f305397744f23f012e,9cb84aae8a6bdba16a587a7aa0494788,delivered,2017-05-29 13:01:05,2017-05-29 13:10:19,2017-05-30 08:47:56,2017-06-01 15:33:23,2017-06-21,e6bb86025933868339f8a10749a4988a,2017-05-29
689213e7743f18906e01c88ccd31e880,684081f8e0d6bbc105f7a210a8d80d3d,delivered,2017-06-27 12:44:13,2017-06-27 12:55:26,2017-06-27 14:36:12,2017-06-28 17:39:38,2017-07-10,1b2e2b9558ce884daf183b4c08c52e12,2017-06-27
d889a5c3c332cab5d493b0bdd9b8d295,9c1dd6baf3d63cf9c81525f321fcfafd,delivered,2018-02-02 16:36:09,2018-02-03 02:54:01,2018-02-05 21:26:50,2018-03-09 02:14:25,2018-03-05,c80a0ac3d37f37f2a9abdadb3884314e,2018-02-02
837fd76b391ccd40162b81fca0334e45,23e9c4157d6c105f4f1b5581129d54b0,delivered,2018-07-11 10:34:33,2018-07-11 10:47:18,2018-07-17 12:04:00,2018-07-26 19:45:52,2018-08-06,1f4b29fb78faa282b122b491ce721aaa,2018-07-11
4b79da007cc374ddaaa469af64c51cf4,2e7c6170cb5ed014b86c1cccdce049f7,delivered,2018-01-10 14:55:31,2018-01-10 15:12:27,2018-01-15 13:28:55,2018-01-22 18:18:45,2018-02-07,dbbe734f0a5b18af77a83a92665595c2,2018-01-10
c38c4d91635ffe5f51811ff2d04a75ea,a1a566a0fb66a09572230d897d7f2b86,delivered,2017-08-16 15:57:00,2017-08-16 17:04:30,2017-08-22 20:54:44,2017-09-04 15:19:03,2017-09-15,ef630c0f8f13570e8326fabd44e8868b,2017-08-16
f9b7ce576ae35e95dd79baeef9024e8e,2d982d6b51fd258cab18f1c86938fa3c,delivered,2018-01-10 16:33:39,2018-01-10 16:49:21,2018-01-13 00:18:52,2018-01-23 16:33:13,2018-02-02,8c0af7bc41a034e40ca700d3ff4e0077,2018-01-10
0f88fcbdd500681c7245bab9a68eea90,3414eaa6e8afbdc7e2be673c8a71e22f,delivered,2017-04-10 13:32:46,2017-04-11 03:55:14,2017-04-12 18:27:40,2017-04-28 09:29:33,2017-05-12,e4df6d42ae7dde449e1fc9ec0eb82a5e,2017-04-10
bcd3587deb2f53804e0d3c39de932ec4,db0423dd92a3e1b5b52d158f40ceb777,delivered,2018-01-12 18:17:38,2018-01-13 02:09:11,2018-01-17 19:13:52,2018-01-24 19:13:05,2018-02-22,a2d8125361b16f316df65f4603b88e23,2018-01-12
b30daa3083a4f16474a6976ca25d520f,f800529518f024fb68b8a716cddbbfe4,delivered,2018-04-06 16:21:10,2018-04-06 16:35:23,2018-04-07 01:32:05,2018-04-21 02:04:01,2018-04-30,92ce8d58d57d7a8f8b2d5ca4b9810b64,2018-04-06
842aaf73d95d6a487ed058289c941a4a,672095fce1717238bada161cc856dc1e,delivered,2018-07-29 21:02:08,2018-07-30 16:30:27,2018-07-31 13:39:00,2018-08-01 16:08:36,2018-08-02,6ed6622087312134d9c5c2be77fd9672,2018-07-29
78b7280b7eee81ae4e6a623c7c0b1723,ad4a3eb4d7a230b1bbcfab37724983d6,delivered,2018-01-24 07:55:04,2018-01-24 08:15:58,2018-01-30 16:47:26,2018-02-06 21:24:48,2018-02-16,58808b1eb6a9ebd14974101c600e6f8f,2018-01-24
883bebd3f80e509963fbeaa51abf7c0a,aa2ec7384c816e5766350628002e4f43,delivered,2018-08-17 11:24:37,2018-08-18 02:50:21,2018-08-20 10:09:00,2018-08-27 17:48:36,2018-09-10,eaf28e2a9e480045288eb9019c5ba909,2018-08-17
d50719e017b64d66a6e1a52e765ecfca,2063c45d074e54ecc9e4d6efa05459a6,delivered,2017-12-18 20:55:46,2017-12-18 21:11:05,2017-12-28 20:25:16,2018-01-15 18:15:21,2018-01-23,d1285f7f0c9a72231bd35f2e1eeb55c6,2017-12-18
e67079e951179d571be3c4bb463f47a7,c9b6c820eb45e89a822c0467eb468c74,delivered,2017-12-01 14:53:50,2017-12-01 15:19:09,2017-12-04 17:51:46,2017-12-06 22:22:37,2017-12-27,00c3c74b09b2022ac2c0f43bb09797b4,2017-12-01
57d86c396c1d48482e96e9e4a0e14ffb,f90a7fee0ba9a9b8c9ccefa13c5abe4f,delivered,2018-02-18 09:37:19,2018-02-18 09:50:26,2018-02-27 16:59:03,2018-03-19 16:13:00,2018-03-20,5d7ad010ab7afbb2d2b16b78c8c2e339,2018-02-18
26433be071eb28b998536367c0b2a6a8,e795c86066375fa459ee9af20e75d2d7,delivered,2017-03-15 14:52:55,2017-03-15 14:52:55,2017-03-17 08:46:22,2017-03-28 14:23:43,2017-04-11,8a427c1bb682f37d161d345818b82264,2017-03-15
9a7e84a8e7529c1027405b02b74fe068,6df909eb470e66d52de2332b9edf0b8f,processing,2017-08-29 17:18:49,2017-08-29 17:35:31,,,2017-09-25,127f86cf5af60d197ab69aced054e10a,2017-08-29
a000067196006b1ac2a467ba2156b22d,448a13e993e05e92abc37b5ce19eb921,delivered,2018-08-27 20:31:22,2018-08-27 20:45:08,2018-08-28 14:51:00,2018-08-29 22:18:51,2018-08-31,12c70c05b9af5accbe21ff1f6ff93475,2018-08-27
62c7826e311deeddf387648c11f95711,c9ec31f8e947a02426eabeda861392c4,delivered,2018-05-23 09:38:00,2018-05-23 12:14:45,2018-05-28 12:14:00,2018-06-05 23:56:28,2018-06-27,54680839ede02ad16e6886ec2be7deef,2018-05-23
6d181a7ca28c869ef15a62c76e94fbac,8df9620fc64c4bc7d034827e7bc68b6c,delivered,2017-11-10 15:00:48,2017-11-10 15:10:38,2017-11-14 16:48:32,2017-11-25 01:26:54,2017-12-08,e6c7051f439146f7b2c415dde3830525,2017-11-10
149a156d90f9d0f82f554fba2f4a9cb0,0ea1ae45d45f7ee83bb2d6eb0c1fd03c,delivered,2017-08-15 14:31:33,2017-08-17 03:05:47,2017-08-18 18:30:00,2017-08-29 17:46:47,2017-09-11,b32036d75e266739a69fbb4f0c7481cb,2017-08-15
21aa5570514b188b031255172b1e04bd,b924b981ecd4493825f0c54db5b4be8c,delivered,2017-01-16 22:58:11,2017-01-16 23:05:16,2017-01-18 15:12:21,2017-01-27 15:34:15,2017-02-16,70fc98f125c985e6582a3ef22a1a8bc2,2017-01-16
e6cd4f25f98e93b4ee451af4b06c777c,64d0b45a2d375f50cf34382f6949d70d,delivered,2018-01-17 21:29:08,2018-01-17 21:50:21,2018-01-18 16:37:29,2018-01-24 13:12:51,2018-02-15,3953d20d4da7357160735400dfda1652,2018-01-17
96b38b3c9a1ed37a972519924e133f63,7d4c5305941682463dcc781b09694830,delivered,2017-07-26 22:07:07,2017-07-26 23:30:12,2017-07-28 17:02:54,2017-08-16 17:44:03,2017-08-21,82cd1430e178da05410ba24d05139573,2017-07-26
7ab921e3494bf8da3df2175e4370f87f,dc15621462fa5a5d68c6a2e7a67bd341,delivered,2018-06-20 21:24:53,2018-06-20 21:38:33,2018-06-22 15:02:00,2018-06-27 14:26:45,2018-07-23,fd11aa9da9d882aa6b438b84187fe538,2018-06-20
44411d47c4ceddd847c094ee77fcbf45,ea660917a9a9f3b22f7f1994d66772ea,delivered,2018-07-28 10:35:24,2018-07-28 10:50:11,2018-07-30 13:37:00,2018-08-02 20:21:47,2018-08-10,e5c973ac8c8276b130a8b02e85df6ec6,2018-07-28
3c314f50bc654f3c4e317b055681dff9,c17d38e818f10c91ebcd036bc835a648,delivered,2017-03-16 14:36:05,2017-03-16 14:36:05,2017-03-20 07:39:53,2017-04-24 09:18:11,2017-04-19,3b81cc8417be691f3159596da7e08a3c,2017-03-16
7602bfb77ab1d67fd9412ad0a048a221,36e20e5f3794cf014fef196438092c98,delivered,2018-01-12 23:06:52,2018-01-12 23:45:59,2018-01-15 16:13:37,2018-01-27 16:08:55,2018-03-02,fadca717fa2b686cf8ec1b620dc2bacc,2018-01-12
25bf0be37db626d23704fecb85729aca,7ca182b6bf8a5f9ce44aee2e3212edc4,delivered,2017-07-18 23:13:57,2017-07-20 02:23:50,2017-07-21 19:52:53,2017-08-03 18:37:31,2017-08-11,d9cd2ba0086405f128681d89d0646505,2017-07-18
0c894d8f095e6bb51a9f22123a149507,c5f2c64fb9e8baa1021a0627ad5f4245,delivered,2017-03-27 12:27:50,2017-03-29 02:10:55,2017-03-29 15:20:19,2017-04-05 14:48:45,2017-04-18,31f098a19cca3744ed167969105f1dbc,2017-03-27
20f93cb03af912a0ffbac65b7e96fed1,54567959bcb46224d38c717de98439f1,delivered,2018-07-26 21:22:58,2018-07-26 21:35:20,2018-07-31 09:57:00,2018-08-07 21:21:20,2018-08-09,d9e738179ad7021b54ee508f75262ff4,2018-07-26
6dd5fbff4557f2db49bf8c5efe1a1583,4d8191b1fc062213093ebf08904026d8,delivered,2017-08-11 22:46:54,2017-08-11 23:03:44,2017-08-15 13:24:43,2017-08-29 19:46:13,2017-09-04,e4c78c5166776e7a27cc7ba1da5dc0cf,2017-08-11
e1faf9211232539926d65299a9067f98,ac273047ab37c8e54e6622c2a58ccdf3,delivered,2018-07-30 22:49:08,2018-07-30 23:05:14,2018-08-02 12:52:00,2018-08-07 15:26:42,2018-08-07,45803b22a4915496b505713dd352e779,2018-07-30
af9cf6a8b011e9fea2be4c295942e58b,cf6825242ddd453dd3381bb0aa0976d3,delivered,2017-01-15 23:17:31,2017-01-16 17:31:36,2017-01-21 04:31:48,2017-01-31 15:57:50,2017-02-27,65f58168b9e3281c5c57dd0a06720ddf,2017-01-15
92013735c1ed554505fd8ce6ea7695eb,bdf8deb639a55e1f9ee26a5905456d40,delivered,2018-06-23 10:54:25,2018-06-23 11:14:53,2018-06-25 14:37:00,2018-06-26 22:12:18,2018-07-12,6a1829a8f4b92d3b96896ef58e522b12,2018-06-23
b161deecd4d00e692166e541a2bff028,dad907e170748a35ef4e92238b7308f3,delivered,2017-08-22 22:03:32,2017-08-24 03:15:49,2017-08-24 20:48:05,2017-09-05 22:33:55,2017-09-26,36b1c0516f123351ffa87430416dcae5,2017-08-22
e313e28018f250ccec7488220bbfd285,16cde6d6cbee98347525853d76dac40d,delivered,2017-06-12 16:35:42,2017-06-12 16:50:15,2017-06-14 14:19:45,2017-06-19 14:54:43,2017-07-03,e4f070f3f5040d33b674942b4b42ef03,2017-06-12
757c7e312cf79371dc63f370336ed41c,047b2318462162dea28e4b55638a327a,delivered,2017-11-15 17:37:44,2017-11-15 17:50:31,2017-11-16 20:36:53,2017-11-27 22:41:49,2017-12-11,d6c166b0e4ebf6101507722a5a5d21ef,2017-11-15
935f9339b5dd814b7ff8cfbedf010732,6f2da93c70443d0dc6c0a0f7d24b2aa3,delivered,2018-05-29 23:23:00,2018-05-31 03:36:09,2018-06-01 14:40:00,2018-06-03 17:03:05,2018-06-21,9fa699e90425ad6b288d83f2d832bc05,2018-05-29
eb8bb2327b51442c991b414ac3bc397f,578ce4a565c881e151e21d957f1ee3c5,delivered,2018-06-04 23:21:42,2018-06-05 23:15:14,2018-06-08 18:18:00,2018-06-11 18:46:25,2018-06-29,fc24db02becd484accefaa5af59c18b1,2018-06-04
2d8929b98f4be1f692ab7d61afb727e7,ca68daf43755062d6b719a1b36f92eb0,delivered,2018-04-11 20:13:43,2018-04-13 13:15:08,2018-04-30 18:51:00,2018-05-12 11:24:42,2018-05-24,4ff3bc5c8de3042005678d5b04a793d6,2018-04-11
fe650e72e3f39d6c3a0e3d87da7971cd,ee3a81b2771fec5f9e982cdb1b3a4804,delivered,2018-03-26 23:43:27,2018-03-27 00:07:11,2018-03-27 18:08:39,2018-04-12 00:44:25,2018-04-13,a9a77b4e25980b7ca58cb71f878abb27,2018-03-26
4ab7b9945880c46a7fe643c2dacf9ce5,4e9b99cb1af6cfcdb7f1b1eebf15000c,delivered,2017-04-06 19:31:24,2017-04-06 19:45:14,2017-04-07 13:43:00,2017-04-12 13:57:47,2017-05-02,9f8a7e986ffdeaca19ea1fc0189a4083,2017-04-06
4fb59cc4950521f470473ef761b30d7e,e2eed9d273e12f782167ef6b5a5a1bce,delivered,2017-09-04 21:09:04,2017-09-04 21:24:08,2017-09-18 21:58:43,2017-09-26 20:13:40,2017-10-03,95503ba2ecf3a1e14d68c6599601b9ab,2017-09-04
b3b663af930cb86b58bbebd928832b4c,d513bac7cc42bb5a6ee1acd1e1a3be62,delivered,2018-06-27 09:34:06,2018-06-29 02:35:17,2018-06-29 14:45:00,2018-07-04 19:54:53,2018-07-20,84c008051862b43fe79bd6da57810b3e,2018-06-27
0d439757ecfbf3291e45eeed58215fe8,dd06327b9cd00c337fc10125c744c4d8,delivered,2017-08-30 17:20:54,2017-08-30 17:35:44,2017-09-01 16:06:34,2017-09-13 20:10:26,2017-09-19,f34ce380d15cd715095110eb0cc52641,2017-08-30
674eb13687ba86abeaee12ece9ce0309,2dbffe025a0f463a039b8e98f85e7806,delivered,2018-08-13 12:13:40,2018-08-13 12:25:19,2018-08-14 10:27:00,2018-08-15 16:18:51,2018-09-26,08a374bca4063116d5530a7b04ecaf3f,2018-08-13
0be4a277478192493eb95d8a53ec5912,7cc50a971eca3b67109b6ea86cb8e015,delivered,2017-05-31 19:01:22,2017-05-31 19:10:22,2017-06-01 14:03:27,2017-06-06 11:28:39,2017-06-13,ce1e7217ea011d677ec6cb73c1966b16,2017-05-31
d3439c4b5e0cbdec46f811946c2217e5,4f43800c561a29217ce7b1812270a79a,delivered,2017-09-20 19:43:04,2017-09-20 19:50:16,2017-09-21 15:45:13,2017-09-27 16:54:27,2017-10-13,b26a86a8042d8ee23390c8887d24c458,2017-09-20
5b85d25b6c241ebdfc09b3300a7af668,12547146321663dd440fb297f37346ca,delivered,2018-02-10 22:59:12,2018-02-11 00:07:46,2018-02-17 17:33:55,2018-02-22 13:51:27,2018-03-15,b5ea5b5e3528c6b1a918e272b3f26c33,2018-02-10
3a05158275b431c21a0f5969d602c890,ee7d24ac69ed563a8e722414bfc1cb8c,delivered,2017-07-30 19:04:04,2017-07-30 19:23:26,2017-07-31 17:59:54,2017-08-10 19:23:44,2017-08-30,b039c9f898a1c09b4df053f3bcf7b7ef,2017-07-30
b96f5299909903eedc435d396f90f726,f4af9116429bdaa90732a4ad05f1db2c,delivered,2017-01-26 09:50:17,2017-01-27 07:30:11,2017-01-27 11:33:02,2017-03-27 15:12:26,2017-03-06,314b61600e5228a9dfe7623fd25ba846,2017-01-26
1596533ff4cff89818b0490409f0c4f1,a4ce9ac789255d865310ffdf6586c2d2,delivered,2018-08-01 22:52:40,2018-08-01 23:05:11,2018-08-02 14:31:00,2018-08-03 13:38:45,2018-08-08,b11c4d4f43a6f82bfca46d29d1d1ff70,2018-08-01
188b477021751fb5423a18b77aed2dd0,e6e690559912f9bd4b01c9ceb98af661,delivered,2018-04-25 17:26:11,2018-04-25 17:55:34,2018-05-03 08:22:00,2018-05-07 19:02:22,2018-05-15,5747a0add5d819a78f440d4baccd2c95,2018-04-25
6e5fda4cd8dbfe3f9c8485b8d10d7503,b5ed78953b6b308d4335360d6246bcc4,delivered,2018-03-13 15:27:37,2018-03-13 16:08:15,2018-03-15 19:36:52,2018-04-20 17:49:09,2018-04-26,ac174f74576994baa0cb62eece831899,2018-03-13
02a79582212a06e4d617380fb2db8636,acad1895356162bac7a8215bd2ac7406,delivered,2017-12-13 05:40:55,2017-12-13 05:50:30,2017-12-13 14:23:02,2018-01-03 14:08:59,2018-01-09,c65e4b0eb1155875b21fd5faa3d2e678,2017-12-13
844cf907092829d721bd444fc47377b5,10bc635dd02be0adfee347a616414b23,delivered,2018-06-08 01:16:21,2018-06-09 01:31:27,2018-06-11 15:16:00,2018-06-12 19:05:07,2018-06-26,37f55f5d44deba8d1f40db5003706188,2018-06-08
d454cb4d38b256a9431bf8224f239960,c2abbbcf884e62c3e59e30777cc11320,delivered,2017-10-30 00:26:51,2017-10-30 00:45:08,2017-11-06 18:22:15,2017-11-10 17:52:20,2017-11-17,88c52214827b6c4fb93fcd4b2a754006,2017-10-30
e98405be83624163fbaadf39f502cfb1,cb047fed186785a0792371ff0b2aff8d,delivered,2018-06-06 13:42:03,2018-06-07 13:57:33,2018-06-08 11:33:00,2018-06-19 09:53:30,2018-07-13,ad3746717b7b8e9d0fba89de1c6d20c9,2018-06-06
2ec5ae6b4bef1de1d800902041762302,4e508aee7341ba61e85f371d160ae396,delivered,2017-09-11 22:15:48,2017-09-11 22:30:11,2017-09-19 18:38:01,2017-10-17 01:42:17,2017-10-06,59aa0852ef973d1a32f86d7263f0d266,2017-09-11
f9f5a6122ac5d668e8bf05b61354507e,2e63252a47cbfe8033e3b65e00e13f1a,delivered,2018-04-04 15:18:25,2018-04-04 18:28:22,2018-04-05 18:50:36,2018-04-18 19:07:51,2018-05-08,83068ec0eed4bfdd5afd4d8b00c13aed,2018-04-04
307c55be8a2874385621e8f31a1a7923,7ab187fb18385ade36c907a5220c33a4,delivered,2018-01-23 20:37:43,2018-01-23 20:53:55,2018-01-26 15:59:44,2018-02-01 15:48:35,2018-02-15,8b237ba1c370387a6b577cb0febaf807,2018-01-23
dee8d1d83278b2ec6e50c6472cd24c81,baa484e36b520c9d8931adc896ebc1c8,delivered,2018-04-05 20:25:28,2018-04-05 20:35:21,2018-04-09 15:52:10,2018-04-17 16:32:44,2018-04-30,bebbf19a7d698ce4a16658783379550a,2018-04-05
88e583db0e0c8c29a91c2c68a0ee82db,c4ab204c9228aba26422ceec427ce1bc,delivered,2017-08-21 01:36:56,2017-08-21 01:50:15,2017-08-23 20:14:05,2017-09-04 19:07:33,2017-09-21,544bd839b4e7f92a077c7bf2410f8b02,2017-08-21
586c7a332a49228779ba40068cfeefb3,6565e3986825dc8741d0c41228ec6011,delivered,2018-05-14 11:29:01,2018-05-14 11:58:25,2018-05-14 14:20:00,2018-05-15 18:52:28,2018-05-23,49eb459c45790eb86e9a94a927418fb4,2018-05-14
c06efe1d3dbfb4878f8742b009d0d0a5,252e3019a511578779f6b9b0887ced45,delivered,2018-03-16 15:26:08,2018-03-17 15:28:29,2018-03-21 15:42:36,2018-03-23 03:27:43,2018-03-28,b3b848947781eb712b3692c918987950,2018-03-16
38acf4355fd1e66ca9b94df9f275b673,36a069e79c0ae8c66e4fcf2cb67bd490,delivered,2017-12-05 21:32:56,2017-12-05 21:58:47,2017-12-06 23:22:35,2017-12-18 15:42:18,2018-01-03,92bf61220ae71cab2e7a019a5a7cc442,2017-12-05
1094e838b998a10c8faf3bc0b77906df,7972b72a39b505982dba57710d018ebf,delivered,2017-12-03 14:59:01,2017-12-03 15:10:21,2017-12-06 21:38:32,2017-12-12 16:47:02,2017-12-27,eb89ecac165940c95a05cb77e89a789d,2017-12-03
dbc90d1425b57593618eae51de0bd3eb,126a434361ef6c6f07b7e51604b7b7c2,delivered,2018-04-29 19:29:20,2018-04-29 19:50:09,2018-05-02 09:18:00,2018-05-07 20:13:57,2018-05-21,81ed6e1ad4fc1b10fd21e01d5cfeea36,2018-04-29
21eaec27338dab3006319241bff4c002,a664eb820c2169b80e2999b80f22f960,delivered,2017-11-22 14:14:38,2017-11-22 14:26:49,2017-11-28 23:17:04,2017-12-11 23:25:47,2017-12-14,0be4647384c7b7c2455dab1958b1ffaa,2017-11-22
b6f200c5c4c61401491da12a925e588a,2813267edaf96ed6712fd80d1d6df6bf,delivered,2018-01-18 15:53:13,2018-01-18 16:16:18,2018-01-25 22:42:59,2018-01-29 16:26:58,2018-02-08,42bba37bc71cbfee9ca657d3bf85eb83,2018-01-18
9d4ef6bf8501238d56e2c970ebae7d77,4c349f62d9adaeb0851c59901523668a,delivered,2017-09-10 11:53:37,2017-09-10 12:05:26,2017-09-11 22:04:10,2017-09-14 18:42:10,2017-09-29,9d8c757bf7a397242ccde89a19f75ac1,2017-09-10
d29212dbe4fbd99ab40e4853c6c09d4b,70c787ceba70e4f8cd193ed9f7e0f7d0,delivered,2017-05-16 16:34:38,2017-05-17 03:45:30,2017-05-17 10:35:05,2017-05-23 10:13:41,2017-06-05,8add6b79d3951387714fddbffdb3bb72,2017-05-16
2c08af91c0b50d5d87fd30ecb5cc0e31,d037533ae7cef4ebcda6155993afd958,delivered,2018-08-23 17:19:57,2018-08-23 17:30:27,2018-08-28 12:06:00,2018-08-29 17:08:46,2018-08-29,396a2896142e38bd706c5cdd1a865598,2018-08-23
251fe947dc87c3ac12965b12bd34f160,e45fc68e618340baf7ced09aa8e0f5f3,delivered,2018-05-09 16:09:45,2018-05-09 16:30:42,2018-05-10 10:25:00,2018-05-16 14:31:33,2018-05-30,99a0e3cbb3c0325a005759ea88291ab1,2018-05-09
11756f86e163262523f75f21a3b127af,5a20ca312082cc032cb3404183049384,delivered,2018-05-08 08:11:02,2018-05-09 02:54:15,2018-05-09 11:49:00,2018-05-14 17:44:18,2018-05-22,9d30f7b1f1ec3287b26252ffabc07ec1,2018-05-08
ccd9ab6d617068dfcefbe49e1322c878,2f97b02d40643e010692dda69192260f,delivered,2017-02-18 17:58:31,2017-02-18 18:10:10,2017-02-21 12:06:32,2017-03-10 08:27:31,2017-03-21,efd301af5468c61de8de3f0c85d9a8bb,2017-02-18
d0fcf3d6dcc18a5c4ac51f06a56ec683,1741b977c920605ffb564947e40cdf0b,canceled,2018-01-31 13:05:16,2018-02-01 11:35:43,2018-02-05 16:47:42,,2018-03-07,db8dfeaef03e6bb2e727fe5fe4f1ffa5,2018-01-31
2849a0f33a5aad6b84b7dd4139cf4ea7,e3912df9bb14bdb259a3ec5783a3feee,delivered,2017-06-23 09:08:13,2017-06-24 02:45:18,2017-06-27 12:17:31,2017-06-30 09:56:09,2017-07-18,b3dab5cb596c07eaf96a4325b61f6896,2017-06-23
b719af721da8bc41ee0636c4ca0d7960,d89233bb26267fbe7854eb9fde2ceb84,delivered,2017-11-17 19:53:41,2017-11-22 03:16:54,2017-11-22 16:18:53,2017-12-01 15:32:24,2017-12-18,8e52214c5903765e10f948b1c062ed46,2017-11-17
1d205ebf60a8861d97019102c645668b,23f676f1621d02c0550aa550b094b849,delivered,2017-10-12 13:04:22,2017-10-14 18:33:36,2017-10-20 19:59:03,2017-10-26 11:43:41,2017-10-31,bbfe32eccd639e9cc722908f91b3c903,2017-10-12
20c424e77ff7ac0e6db230f5ea655eab,9633917e5a4e349563a1a5df573cc224,delivered,2018-05-02 23:01:49,2018-05-03 23:10:54,2018-05-04 11:25:00,2018-05-07 20:45:42,2018-05-21,5f9d9942006c1fc19e1d1b62996533bb,2018-05-02
3f3bc6783bd7e2ae55ee7d50e0a855f5,62bb13fb5ca065250b38f8c929f08cda,delivered,2017-07-02 00:18:12,2017-07-02 00:30:11,2017-07-03 15:35:57,2017-07-11 16:58:58,2017-08-01,bf56f78ae3555f5585358322d83781e7,2017-07-02
403b063e9e57ae6bbcfd6fae2bccfad4,c31a5c125845c57d4d939043eceaf511,delivered,2018-04-21 15:49:36,2018-04-24 17:53:00,2018-04-24 19:37:28,2018-05-07 17:04:03,2018-05-21,40b600b638b94d771b9db5d51b39cac3,2018-04-21
15b1aceab346b46189a6eea3b6f4b951,8ec1617ce630c731866f5a041b5d408c,delivered,2017-01-27 18:16:50,2017-01-28 10:31:24,2017-01-30 09:57:15,2017-02-09 09:27:56,2017-03-15,74cce650b76111461f996421e71fc23e,2017-01-27
90ae88df789a81674fb44e769f09fabe,5bf56be4d02b521a28e37dba6326079d,delivered,2017-10-29 14:58:57,2017-10-29 15:10:17,2017-10-30 20:21:34,2017-11-01 21:48:02,2017-11-17,922aff1833c3c5691356d4745944e46e,2017-10-29
a8b78b69f09b2a198f5a89c1897f8c72,69cf4a24c1d0f920d30e57a9375ec0f7,canceled,2018-02-17 17:16:24,2018-02-17 17:27:23,,,2018-03-13,74d331122a116cb1689a0ee6e646979e,2018-02-17
c6cb31f8b07b595bf517c4bc1e86d35d,1c247ed1bb41f396d77b442440331f3c,delivered,2018-06-24 20:33:41,2018-06-25 15:18:46,2018-06-26 15:52:00,2018-06-27 17:06:37,2018-07-13,d386f27fb5f6144be23eaeb23b58d40d,2018-06-24
0541ce103afcdd3940e866e3cbf7a77c,1e6ee77f5b9d165c26cd56dd39a83593,delivered,2018-06-24 17:56:42,2018-06-24 18:15:21,2018-06-25 14:31:00,2018-07-03 23:32:09,2018-07-24,449526ece6fc45753e2e2e523065e6bb,2018-06-24
5418b42df41271111a970b30657f32b1,31256979d0a35f42596fbd7ca81282ee,delivered,2017-10-08 15:15:44,2017-10-08 15:35:16,2017-10-09 15:10:00,2017-10-13 16:58:51,2017-11-07,3d855abeb0c553066d08ba87770ebc78,2017-10-08
d66cc5131251a9a5e42c649631dfbdaf,a417dc4a8f196046bf2e5f5c6a9bff7c,delivered,2017-03-28 00:08:45,2017-03-29 01:15:23,2017-03-29 15:48:08,2017-04-20 08:33:55,2017-05-10,81d30f15099b7091ffd3c2ac8f79082f,2017-03-28
5be7fcdba040de4538c9bd6fc2447973,cf612a028ded9ae8449386de8ba61e24,delivered,2017-09-01 11:06:32,2017-09-01 11:25:09,2017-09-04 20:49:49,2017-09-06 10:52:36,2017-09-20,24115a0c9fc9115c586e54fd5f42e8d1,2017-09-01
4363ab80d1b250bca41ff7ed817788cc,c3ee7decdc6cad76fcbfea4c360943d0,delivered,2018-03-08 20:10:32,2018-03-08 20:29:10,2018-03-09 19:22:08,2018-03-19 18:02:19,2018-03-28,5ba3752845638cceebbf30d2acbf08b5,2018-03-08
9b9a7ecc01bac06fcf3c50980c5ed885,48e25340f98151add48a2cfe2e944310,delivered,2017-08-13 05:31:14,2017-08-13 05:43:39,2017-08-15 18:45:36,2017-08-24 17:34:05,2017-09-12,6cda2182b329d3d919c584a94e1663be,2017-08-13
45ee4a244dd8a9df576959533aca1d6b,f37a6d2033b44cf9861292d6e4561c44,delivered,2018-07-19 11:10:14,2018-07-19 11:25:21,2018-07-19 12:36:00,2018-07-26 15:57:40,2018-08-07,ef3aa901ca7f8bc099be6fd33f8daba6,2018-07-19
c7c6a739a8443d84f8be2528afc84d43,924e99fff64f1dea1d8be282018ec8a9,delivered,2017-05-18 03:30:43,2017-05-18 03:42:29,2017-05-29 12:52:08,2017-06-05 16:32:56,2017-06-29,e25558538b3b6a71308e3589f603718e,2017-05-18
38f6871a527b1bba63f4db9b0f3dee2d,db49fe520cb46f61abd48dd7ac799885,delivered,2018-06-14 19:35:01,2018-06-15 02:17:23,2018-07-06 08:32:00,2018-07-11 15:40:55,2018-07-11,02a9f0e03fc4867dc04993af70d4a300,2018-06-14
83b730ab4cac58471d803672a6688b5e,f05131b9ff23ce30a8b8ab9d416bba8b,delivered,2018-03-11 10:55:17,2018-03-11 11:10:15,2018-03-12 23:41:24,2018-03-16 18:06:48,2018-03-22,522dd93048c41aaf124730040a2e774f,2018-03-11
eb2b517f75155a31a8a7fa12df7769ce,fc2a209aa31f3e9d4df7bdb03137b67a,delivered,2018-02-24 12:35:33,2018-02-24 12:50:21,2018-03-02 01:03:52,2018-03-13 12:15:50,2018-03-21,5b31942027f1603be6676e2df367f184,2018-02-24
d8a40a1358d3b2dca231abdaa566b054,83913bf92fd18aeb5d5763e3bc298d26,unavailable,2017-01-25 01:20:19,2017-01-26 01:25:07,,,2017-03-16,04f6eb99852a2a911082d4e8f3a882f6,2017-01-25
9d4f64a1f986f46f1a1b1ffe3237c5d8,0b654c00a7c2ec822f72fb88fb0510f2,delivered,2017-07-06 13:35:07,2017-07-06 13:50:13,2017-07-07 15:11:24,2017-07-19 17:14:29,2017-07-28,87f0a4b4837b52010b4bb2359cdc3896,2017-07-06
eddfc2187c80775af2e7aa42cfed8989,f065f9395bd92e7f1e27e142c9b81cbc,delivered,2017-07-18 20:59:45,2017-07-19 21:05:16,2017-07-21 21:42:21,2017-08-07 20:12:49,2017-08-18,c5d3ed7ec11b725a565192292bb411cc,2017-07-18
f244841f5a461472de8de82f023b1371,58b3208913cae35dadfac41929721901,delivered,2017-06-25 22:22:30,2017-06-25 22:30:15,2017-06-27 10:35:41,2017-07-04 13:17:30,2017-08-08,c4d9ec8c227594222eedd980cb28a6f4,2017-06-25
d5575392b459cfde23795e925c6ce5d4,ccd3a01047cfa241b01647fa70614877,delivered,2017-02-27 11:58:28,2017-02-27 12:10:22,2017-03-06 04:54:51,2017-03-10 13:09:40,2017-03-22,c866447e2c6a55eeba4b8f9078be9451,2017-02-27
d7dd7b5a139c49fb68a6977797599973,545c79b40c22b0a53abea88e0948c862,delivered,2018-04-09 17:39:10,2018-04-09 17:51:31,2018-04-10 19:28:40,2018-04-16 17:51:09,2018-05-04,5d8f5f50fd2c7fbe8b335d945105a37f,2018-04-09
b3c0d30328473d54c9e53a0e9aa04aca,58fba16038794a623b95dcc8eaf29f76,delivered,2017-11-07 20:49:32,2017-11-07 21:51:40,2017-11-08 13:46:56,2017-11-16 18:11:44,2017-11-30,49f6a7f15c818ee1638d4cfbb7cdc675,2017-11-07
c89d81740da0f2eca4cdbac9c558ed6a,6087ebd38fb5b21f70e89b269e66f50d,delivered,2017-10-28 14:16:58,2017-10-28 14:30:16,2017-10-30 20:37:54,2017-11-08 16:54:45,2017-11-21,9ac6bd5b02df589ef900c0005b4c78fe,2017-10-28
d9fa17951c63adc1a26a35209c26eeb7,c392b3f933878be846c4301608458aa2,delivered,2018-08-21 19:12:30,2018-08-21 19:25:17,2018-08-23 13:46:00,2018-08-24 19:58:37,2018-08-27,74f5821049d0b32921263827f8a58d70,2018-08-21
899dd9d7844ca79134ec8e611f7b4ed1,0d9c0797cad5c54ccfeab072bcaaa3b3,delivered,2017-03-13 22:17:31,2017-03-13 22:17:31,2017-03-15 09:12:21,2017-03-27 14:43:19,2017-04-05,5219c1e71778c7c921304a6d6b0fea7c,2017-03-13
784a3de867a5e44b45ebe50f1640ab14,e0a598d0d874ed0fff20c7e71dbb26f9,delivered,2017-11-09 15:49:25,2017-11-09 16:07:16,2017-11-11 00:18:20,2017-11-14 23:08:45,2017-11-23,c730eaddf41c1dd359dc773cb4f25512,2017-11-09
e4c540c341b9a50b1a1b28e71867eb5b,5c351d3b7eb465775ce1405dbe49cb23,delivered,2018-04-26 15:55:42,2018-04-26 16:11:01,2018-04-26 14:55:00,2018-04-27 17:24:52,2018-05-09,574d82ac7c0699b8c47077533193ee8d,2018-04-26
0756fac8c4aef0446002871923cc6b8f,954044bfd6fb537969f65fb21750ae1d,delivered,2017-05-08 17:27:02,2017-05-08 17:35:12,2017-05-09 10:13:55,2017-05-15 10:12:44,2017-06-01,fa74ed50f1a843f0316b5c75666b076e,2017-05-08
ecdaf77dd1a8f3bbb92d88b14869b2f9,8ce0f4282d62b0df327e7873a5408599,delivered,2017-06-28 16:35:20,2017-06-28 16:50:28,2017-06-29 12:08:06,2017-07-07 17:55:24,2017-07-26,a2e0d8c402469a766ecd464cbfa71fd5,2017-06-28
f2f0e2137eed28bd2c8531655ddb7d77,b07b8de547b39b7864c6b7fc1ff90af0,delivered,2017-10-05 23:06:13,2017-10-07 02:25:02,2017-10-11 21:54:57,2017-10-28 03:03:02,2017-11-22,3fd20a8058ec79d00ff807c0e5d91d61,2017-10-05
444a79f029a4c3fb4a713ef828f6800d,10926161cddd1f0ad0e0c705109a334c,delivered,2018-03-22 16:52:17,2018-03-24 02:28:44,2018-03-27 01:58:45,2018-04-14 16:24:36,2018-04-13,e3fd1a199b27f1935b30d601e9ca7765,2018-03-22
2fec4096e4bb7a55405ef23109cd7337,145739ac2d9523be4e6c15058718fab9,delivered,2017-06-23 22:01:55,2017-06-27 04:23:21,2017-06-29 14:28:57,2017-07-07 21:24:44,2017-08-02,11fc10bc9d22bb51db2f54cd19021855,2017-06-23
7776ca93188e915b1100fe8221bc5fa5,63c87c47825c57a0d05099f814831e9e,delivered,2018-07-13 00:03:22,2018-07-13 12:55:36,2018-07-13 14:02:00,2018-07-20 21:26:32,2018-08-03,dab089fa65bb034be33093c57a1d4378,2018-07-13
6c5668e3fb9c385112fb6ab07093253e,9e251e05bdbbc4d3d7098a5f29c5da9b,delivered,2018-03-14 10:30:32,2018-03-14 11:09:02,2018-03-15 17:36:31,2018-03-28 19:12:12,2018-04-06,2f283ed2159da16ddae8d045726976d7,2018-03-14
7000efd8e07cc944c89c1ad6fc95d319,cb8250659b3d34c3f3d183df5fea2339,delivered,2018-01-25 10:08:54,2018-01-25 10:17:55,2018-01-25 22:03:38,2018-02-10 02:05:15,2018-03-06,a2dd5f180fe290a91398ed6c8f6b424f,2018-01-25
f95e68e0a929684e9e406ad28d6604a3,0cfe7792c4a6d243bbd920c0d71a9c46,delivered,2018-02-23 19:53:43,2018-02-23 20:10:25,2018-02-27 00:27:10,2018-03-13 21:07:05,2018-03-19,a41e937d755a54ca5d48e3e34d3a4de6,2018-02-23
aba02e203a50c9dcf7c2b6b210b5f6eb,b7fc8e04ed80320673fef972447e3551,delivered,2017-11-22 14:55:46,2017-11-22 15:06:37,2017-11-23 17:12:28,2017-12-01 00:28:05,2017-12-08,7e5aba6beeb48db16a709208fe83a312,2017-11-22
f56dddd5a49e282a2747a25d6d7d1bf2,62af946cc2a3c3a615c3a9b5074cd271,delivered,2017-11-23 17:17:55,2017-11-23 18:55:40,2017-11-24 22:54:29,2017-12-11 15:10:09,2017-12-14,15ab167f3095a52c27d26e1e9088610f,2017-11-23
4b04e5a08d1176f2e591c79479364956,5069b5cfb3f053ce9962cf6ea0c9896f,delivered,2018-04-08 17:45:33,2018-04-10 16:35:19,2018-04-11 22:14:31,2018-04-26 19:56:44,2018-05-02,f00d7bdaef5bd43dfa841d532c2b23a8,2018-04-08
40dc3a64281055bc8778d0281421bd63,bcdb369a0f86bdc5c9ce1b19123ef712,delivered,2018-05-19 20:03:25,2018-05-20 00:41:49,2018-05-22 09:05:00,2018-06-11 18:11:17,2018-06-08,39961d12801a801b9a472ca954079667,2018-05-19
dd7cf61b3197740df7b6bf61bbfa6994,ed55323db262c574ffd5a532cfa08df4,delivered,2018-04-11 13:20:02,2018-04-11 13:35:18,2018-04-12 22:38:29,2018-04-16 19:51:31,2018-05-04,5eecc3838a69b30738f90eca366e36a4,2018-04-11
d978c11617c8cb9394b09ecf7c7ff182,4643c7e134268233625982a0556d1d11,delivered,2018-05-17 21:38:35,2018-05-18 02:54:20,2018-05-18 15:29:00,2018-06-05 17:46:50,2018-06-06,5ea2173f7b46070cf9827102aa248c46,2018-05-17
19c339969d909ed2babf33e7ca9e61c7,302236291b9fcf26861aa5305cdc0903,delivered,2017-08-25 10:43:58,2017-08-29 04:30:13,2017-08-30 17:49:45,2017-09-08 20:02:44,2017-09-21,1e2b9640573092012db0906fd256112c,2017-08-25
40a9be4510459ae28841128e5938153f,063a4ff31bff767c4a8fe77696eb3892,delivered,2018-08-14 17:42:23,2018-08-14 18:15:24,2018-08-22 08:39:00,2018-08-27 20:38:27,2018-08-24,c1d2d91d3c622832dc1e41101b567492,2018-08-14
98c7a766f2c811842be91b29a02515a8,ee26a238cb3afe255bf745d541e83c2e,delivered,2018-03-25 18:27:37,2018-03-25 18:48:09,2018-03-26 19:36:59,2018-04-12 22:56:59,2018-04-24,89e8ba4f8c29e30e006f92530ec33caa,2018-03-25
dad4408fb39e21cd4dd146ccf6c9d621,116d853f173cfe18e5c38d3cf786c278,delivered,2018-06-17 16:30:46,2018-06-17 16:59:50,2018-06-20 12:52:00,2018-06-29 00:32:45,2018-07-18,b331b54e352e6d56f49add47ba49f880,2018-06-17
9b50e476c16af06059742383c202515c,4f26879337390e61318a8a4fd192faa3,delivered,2017-06-18 19:36:36,2017-06-20 11:10:33,2017-06-20 16:09:25,2017-06-28 14:57:51,2017-07-11,cf0466c3f2ec13c9c46c5173c2ba5c70,2017-06-18
35d3a51724a47ef1d0b89911e39cc4ff,27ab53f26192510ff85872aeb3759dcc,delivered,2016-10-04 14:23:50,2016-10-05 02:44:29,2016-10-14 02:44:30,2016-10-26 15:03:52,2016-12-20,f922896769e9517ea3c630f3c8de86d0,2016-10-04
554e0040525310e842d969553ab5b594,2fba5029746e51d217aa5deced85a386,delivered,2017-11-30 15:36:10,2017-12-02 02:52:03,2017-12-05 14:47:01,2017-12-18 21:09:03,2017-12-28,e7b19501221590c777625f367b50c51b,2017-11-30
450c38e2c35be1d12fb07ad8c2432ebd,7b530dd0b6024eaf341aae361f575254,delivered,2018-02-05 20:08:57,2018-02-05 20:29:48,2018-02-06 22:08:56,2018-02-19 17:52:24,2018-03-08,39ec76eadefb014e08df24ba7c828792,2018-02-05
39597e816452d67775b185a4de2f583f,f927df0da3a9b4cbc4855bed6bc5b3cb,delivered,2017-07-27 18:05:53,2017-07-29 02:23:39,2017-07-31 17:07:57,2017-08-11 21:22:02,2017-08-18,a9cdc8cdb6681c38330f4e1679848c18,2017-07-27
a54631fe619310f5beb87f833a0467e8,f8e2143e935803a90abc0998e9aa5081,delivered,2017-09-19 08:39:35,2017-09-21 02:46:52,2017-09-22 18:52:23,2017-10-02 18:08:01,2017-10-06,514af96cf245c2fdf67d13532971fdcc,2017-09-19
4ced9870d4ae74e72958ff7d640fe303,480dc46515697aa029be23aca93a58a8,delivered,2018-04-26 00:53:15,2018-04-26 01:10:25,2018-04-26 14:24:00,2018-04-30 21:28:40,2018-05-18,bb85a31ef0c49f6dc089b987f7f4150e,2018-04-26
591083bc42b589c7052118aa83118e76,276df8efcf9602ecddaa00e349eb79b3,delivered,2018-01-02 22:09:17,2018-01-02 22:19:30,2018-01-03 21:10:00,2018-01-23 13:54:57,2018-02-06,94bd5dee83e9590368179f4ab026b4f4,2018-01-02
2b88a26c626a1091116a727133c5a1c6,2d05a3af79bd57cecb97416cfd6bf5fc,delivered,2018-05-12 19:14:02,2018-05-12 19:30:24,2018-05-15 13:29:00,2018-05-23 15:52:19,2018-06-07,49f0224fca706352c162326a5dc2e6b1,2018-05-12
3e92e84e557bec2d9fa0d853b3e855e1,b01a34434d0cf0d75005e5162a3b9798,delivered,2018-08-19 11:52:24,2018-08-20 11:32:38,2018-08-20 15:18:00,2018-08-27 15:04:53,2018-09-06,56e0fb715b2712f5f126f8143ac8014f,2018-08-19
a1b9ae5b3934e2757434214f3acba4a4,bd033af61f41af8f776a036fc7ad1a1a,delivered,2018-07-30 11:34:41,2018-07-30 12:20:06,2018-07-31 11:24:00,2018-08-11 15:26:39,2018-08-03,36345564c5c3cbc9a286c975fdbd6e4d,2018-07-30
51b49289046dde9892d02a06418f6b89,723a5aaedfd28127b7f4bf4ead493c51,delivered,2018-03-06 13:15:48,2018-03-07 02:35:29,2018-03-07 20:59:14,2018-03-17 14:52:18,2018-04-11,5b9b3022d82b12bdc1e52267db0b0f79,2018-03-06
b6bce07e667be9039b22c511e12bfc0f,eb70046d0c5ccb4fbbbca4b8066b8626,delivered,2018-01-26 19:53:15,2018-01-26 20:13:22,2018-01-29 22:10:46,2018-01-30 20:27:52,2018-02-09,642b76584913981f1f35fcc6aaf9c634,2018-01-26
2011387fcf68d0d56838be05771c4db8,2237144a10689251d71b7a4d2784cf81,delivered,2018-02-11 00:58:52,2018-02-11 02:09:07,2018-02-16 18:52:47,2018-02-27 00:23:04,2018-03-12,6a7e7be8e652da4e4777866459f9b007,2018-02-11
396ecd66e534ab22f8c11be648298286,0fb80a7fe135dc3abd1469007f5b9ac7,delivered,2018-04-18 09:21:18,2018-04-19 08:15:33,2018-05-02 08:51:00,2018-05-09 12:34:43,2018-05-17,cbc430d12caf9ab83c2619a98e32a27a,2018-04-18
2c743fa9aec96b772983e9ab98eda2b2,5846e59bc6fedf6418b9f8bcc74fb06e,delivered,2018-08-19 20:37:18,2018-08-20 13:10:19,2018-08-20 14:32:00,2018-08-24 20:55:59,2018-08-30,3fa4a92541ef6c8fbf23dfce89e1bfb7,2018-08-19
82d070e34602e993e119f3475f804639,7b2263dae41524e8a4b5ba0f101c4ddd,delivered,2017-08-03 09:26:42,2017-08-03 09:43:39,2017-08-07 18:35:58,2017-08-17 19:22:31,2017-08-25,ae2a13be52ea5fee673fb7f720e856a0,2017-08-03
a7cc3c29f697ab59a78584b9b793b686,22766d08b5c5b8f81c71719f725999d7,delivered,2017-11-24 23:25:01,2017-11-25 15:10:50,2017-11-28 17:39:02,2017-12-05 00:09:37,2017-12-15,fc06c412df621fe309107f1bf3159e26,2017-11-24
e343a798d653d6f5c1f48a4a7ef10337,9d5eb4a7ada5ec00a0fe29ab80e194f5,delivered,2017-11-13 08:43:22,2017-11-14 03:55:35,2017-11-14 19:06:45,2017-12-06 21:48:46,2017-12-04,c2df85534137458f2c152f78895edb95,2017-11-13
30d26db01f4ba88841bfbdbf5aaa8711,793c6305b1e85bc03a82e464e28533fd,delivered,2018-05-06 14:10:05,2018-05-08 04:55:48,2018-05-10 12:27:00,2018-06-03 15:26:47,2018-06-12,08e5b38d7948d37fbb2a59fc5e175ab1,2018-05-06
803fb022a1abcf6fa24b70fee9c7ac7d,c1104fac5436b5fdc87384ade7034be1,delivered,2017-04-17 12:47:04,2017-04-17 13:05:46,2017-04-18 10:50:17,2017-04-20 08:26:20,2017-05-12,9945a60ee0fda58bcef8d67be5122509,2017-04-17
618db255ea9978349362f2f0e3ec1aff,753f15432f1c08ae572776869f9b5423,delivered,2018-03-29 23:22:37,2018-03-30 22:55:12,2018-04-03 00:43:44,2018-05-16 17:42:32,2018-05-09,9c135ae490f7642bc5fa01d21fc59908,2018-03-29
0cee95c34f2cd6a8e38d9b170b9a468e,571a23f3549e26b246809b4938612eab,delivered,2018-04-19 20:41:19,2018-04-19 20:55:24,2018-04-20 23:03:55,2018-04-23 20:37:20,2018-04-27,c0acc4f05de3b446d590a939161db5f2,2018-04-19
482538374ee64ae910d1c2e2d7d58f28,9262179b4bbc5d177135b4916c45341b,delivered,2018-03-21 12:53:47,2018-03-21 13:35:28,2018-03-23 13:42:50,2018-04-23 14:46:52,2018-04-12,34efb331e04129d797481d96ad871954,2018-03-21
6828ba023d753e69328bc0b6e4153cb4,5639a58bc71ac1f158f163a3fd9a1d46,delivered,2017-09-01 13:34:06,2017-09-01 13:45:13,2017-09-04 19:35:45,2017-09-11 18:53:38,2017-09-21,616bc808b8e6457205e87b80c8349a63,2017-09-01
349982921dd24028676e068b97e126c8,5e6e72b76179c156b3e332b43127ad4a,delivered,2018-06-14 20:42:39,2018-06-14 20:56:34,2018-06-20 10:32:00,2018-06-23 12:32:12,2018-07-18,adeea3842513b0d1960fa551c0094c44,2018-06-14
21af570a43e64c302adcbe61ad045303,bc88c2c13118238d476e8b8b9403ee82,delivered,2017-06-05 17:25:36,2017-06-05 17:42:28,2017-06-09 13:17:49,2017-06-13 17:07:11,2017-06-19,bbe90a456f724404864839cb2b42c369,2017-06-05
9cd5810e0e93f3aa22403b2a7371d1a2,ffb6bb7dbfa226abbb5f1c27bb3b7a6f,delivered,2018-03-02 22:35:14,2018-03-02 22:55:33,2018-03-07 23:58:36,2018-03-16 18:53:23,2018-03-20,198c7ee684a271d34ff5d5f5f33f99d7,2018-03-02
1cdbaaa0377025fdc1847dd3619f88db,b4723aaa1b0372ec3faa788d944a1e82,delivered,2018-03-02 21:53:30,2018-03-02 22:30:44,2018-03-06 16:49:04,2018-03-26 18:05:49,2018-03-21,08857f0c2773c0834c299cecba198500,2018-03-02
f16df3ab38440d905b5b78fe89972f69,f1df48ddc91e0a1605bfa9d1a96b9d27,delivered,2018-04-06 22:42:39,2018-04-09 08:35:10,2018-04-09 21:46:28,2018-04-13 16:16:37,2018-04-27,8873e020204a184792645ba9946fab59,2018-04-06
abb32e3dfb9704d1e5b0c0b843218a4e,1cc9cdbf6072b4b59de7b37081dfcdf2,delivered,2018-08-10 15:58:14,2018-08-11 15:55:18,2018-08-13 14:08:00,2018-08-21 22:29:31,2018-09-04,793492938abb20e09139e8000e6ecd16,2018-08-10
877a74a0ee5c1f719f39f4f11d2fc19a,5f87c05477db2d22c63b718299c9c03e,delivered,2017-11-27 00:25:10,2017-11-28 03:31:49,2017-11-28 18:12:01,2017-12-19 20:06:44,2017-12-20,ec5d2f91c651ce345616c7035fab6f9d,2017-11-27
99f5faa8c29a7443038cef67c91b9258,16ed9e72e4d0ee2e1d537843b015d44d,delivered,2017-05-19 13:00:09,2017-05-19 13:10:17,2017-05-20 08:52:10,2017-06-05 13:57:59,2017-06-21,9f3e03dab4c81be2e86c5af04ac969bf,2017-05-19
3856ea28b2b7b0bfa3123457ca8fb088,ae09265033c20c67616e5ce8369d7537,delivered,2017-05-23 14:48:19,2017-05-23 14:55:21,2017-05-25 10:09:29,2017-06-02 13:51:53,2017-06-14,58325acdd6f37b9190303a387572b5d5,2017-05-23
d94b926061ca5111c67286a565441819,a5d9bc45da6313c456b52a0d2421b218,delivered,2018-03-18 17:03:06,2018-03-18 17:15:28,2018-03-21 18:08:59,2018-04-04 15:28:36,2018-04-10,f816b259768e30152c1501aee47a1257,2018-03-18
a48ae75aa612f90baba858aec925314b,305ef4f0803592a0f0ea0c55091d76bd,delivered,2018-04-13 17:57:19,2018-04-13 18:11:50,2018-04-16 16:28:26,2018-05-03 18:11:56,2018-05-15,9ff0bfd41ebac11b8dabee2de4bc9a31,2018-04-13
0b4ed5311f55b9b8f0f30b35e5b45dbd,3e3196d8c97e8351de8a7a3bc0d06211,delivered,2018-05-30 22:55:26,2018-05-30 23:10:06,2018-06-01 14:14:00,2018-06-08 20:20:53,2018-07-20,2a117e51457d1bf9070aad3c0effa03e,2018-05-30
8a1af4b10efdc90daa0fbd611fee2420,1eabd60f2859a5dce0e8f87218540fb6,delivered,2017-11-11 18:12:32,2017-11-11 18:26:44,2017-11-14 16:36:24,2017-11-18 16:15:30,2017-11-27,cf093e5f45689d7f7e4f885638ec863c,2017-11-11
7e58d43378f4a2f37979592dbffac279,9fe891b80c54c35613d1c6c1b0431072,delivered,2017-06-14 13:56:57,2017-06-14 14:10:18,2017-06-14 15:16:23,2017-06-19 07:04:15,2017-07-07,e47096e6fb17d6677ccaee302afc05f9,2017-06-14
7b6058eb290bb954e39d59cffd022a29,56cc362401f4a24b064c7156830bb758,delivered,2018-07-21 20:45:53,2018-07-21 20:55:26,2018-07-23 16:19:00,2018-07-24 15:41:09,2018-08-07,5f5d53439b0eb5003b761f400cd706f5,2018-07-21
4140fb83a84c614859497ddf5333334f,57cf34cd1fbe463134f112c074dfcfdb,delivered,2017-07-13 15:27:00,2017-07-13 15:44:27,2017-07-19 20:39:00,2017-07-27 16:59:44,2017-08-04,4d2d3973dce07b7a6dc7cea179e8769e,2017-07-13
b92ec5e62d4f9b08ea4d6dc83f36966a,434ee50f2525e8d59399d0c4555625ee,delivered,2018-05-02 22:47:42,2018-05-03 00:13:05,2018-05-03 16:38:00,2018-05-14 18:22:37,2018-05-28,7619bc8d89661a5d0cc5b2114d2ad3a4,2018-05-02
f3c3e7c2599773787504ad99a2cc65b2,7311dcf40638462f69a3538c854079be,delivered,2018-03-20 16:08:49,2018-03-20 16:29:30,2018-03-23 22:21:42,2018-03-28 19:56:46,2018-04-11,c2f69e86c8ecd0e7d65df05c88eafcb6,2018-03-20
1f6ff1cb25a63092474cd3c83cfd9776,a8cd53df5e08e2946e2c113f7f75a962,delivered,2017-11-12 19:59:03,2017-11-12 20:10:41,2017-11-24 15:05:43,2017-12-04 20:27:29,2017-12-06,b655ca8f3378abb890eeb77c4563cc1c,2017-11-12
5c1995c020e0a3b2b23152b3fcfcda76,30ea5c5d1dde9db53e5a0f0a89474f29,delivered,2018-02-25 17:55:09,2018-02-25 18:10:37,2018-02-27 03:17:37,2018-04-04 14:04:16,2018-03-16,a6ca6b61c49281932efe82f52446f9fa,2018-02-25
0b8315fe345e3639eb0a1a2d6e122d36,32d35b37495c90b91603ed706ff912d6,delivered,2017-10-01 09:57:51,2017-10-02 02:33:30,2017-10-02 21:11:29,2017-10-17 20:55:38,2017-11-16,005ee3e015ec18092d7782e507cf68fe,2017-10-01
036ca0743763d04fe093cfecfa2b2e14,5b3b4e44b50bdde1b3454ac5d970205a,delivered,2018-06-27 17:45:51,2018-06-27 18:12:49,2018-06-28 13:55:00,2018-07-03 19:41:42,2018-07-23,f4dab2a5ba9642222ee504e6d6a409a7,2018-06-27
693905d735d428024ea837ec19c2e9b0,9816698ee0627f1826213c50de653a66,delivered,2018-03-17 09:24:55,2018-03-20 03:35:48,2018-03-20 21:50:59,2018-03-21 14:22:47,2018-03-29,ea9abbdef75cea52b9a631d02d0977ad,2018-03-17
2f7d7a6a999ef8c67d93d38849d773e9,fa6fbbb2080646acae977bf2e44af98b,delivered,2017-06-01 14:16:05,2017-06-01 14:25:16,2017-06-02 10:48:16,2017-06-12 17:38:01,2017-06-26,2fdac27295500e820e43910e9a0aa8d8,2017-06-01
dd1dfe88448d5571a97af819c52776b4,6f8c1f9a45ed437e37b40ee55adb862f,delivered,2017-09-12 09:01:30,2017-09-12 09:10:12,2017-09-12 21:30:01,2017-09-19 18:23:07,2017-09-28,e1b207cdbe1a6f5817dcf0ee045ee9f0,2017-09-12
6ab1c2fed90bf0906b4d5b51f7d333e6,6722ce55e2e440fdbcf925f4b3c01f31,delivered,2018-04-17 00:35:26,2018-04-17 00:50:23,2018-04-17 19:36:26,2018-05-07 17:34:56,2018-05-21,e68e1b61896163cdd7f8e07b2ae814c9,2018-04-17
fa4ee681ec32520f00735c89736b5d41,0c0876b2cca2dd85f4f6401182ab7691,delivered,2018-06-24 10:28:15,2018-06-24 11:18:20,2018-06-28 06:03:00,2018-08-01 15:39:02,2018-07-19,a6823770173e1409a534bd38d8cd87ad,2018-06-24
220d51765a0cb5fd731934046856d5bb,44edfdeb25a4a533df2761f27356f204,delivered,2018-04-03 18:51:47,2018-04-03 19:10:05,2018-04-05 19:16:49,2018-04-18 16:46:51,2018-04-25,722b1837fb9030936fd0529864ce186d,2018-04-03
e0e2edac81c419b8973a6a1ffd13e648,1ad8beeb3762c22ddacee549be4fe834,delivered,2017-04-06 19:37:23,2017-04-06 19:50:22,2017-04-11 09:08:43,2017-04-20 07:30:03,2017-05-04,a42042c93abec98fbad5eed31c8a1b9c,2017-04-06
1f2c730715e25c512d5beee0f697bedb,7fc628a559c6028fbd2f028fdeabd30a,delivered,2017-08-21 00:02:33,2017-08-22 02:25:14,2017-08-24 19:41:27,2017-08-26 13:13:38,2017-09-01,816092f5825c3e2cdfdd4af546d4d04c,2017-08-21
ff564b0dff20427ba484d7e2efe7e7e5,632e2539c6f66f8a0f559f450d24fb5a,delivered,2017-09-14 12:02:08,2017-09-14 12:15:12,2017-09-18 22:38:00,2017-09-27 19:36:44,2017-10-06,6fbe730fa4c94402241ca28ccb5a7643,2017-09-14
2e25edce866b2fcb977f54d25a294b09,ff0bc5b8c87f66b090cee153945aa142,delivered,2018-06-25 19:20:41,2018-06-25 19:42:19,2018-06-27 10:23:00,2018-07-13 16:58:26,2018-07-19,83bbfea8bd8e03556eecc5cc68e13c5d,2018-06-25
8833f31fc345a814293e41677c701c27,9ee410cee2322bd96ad9ed1949a48333,delivered,2017-11-25 21:39:13,2017-11-25 22:33:17,2017-11-28 20:41:34,2017-11-30 22:18:46,2017-12-11,5a7b42836d728d8ef64dc853bc3eb9eb,2017-11-25
f3f12fc90564a9b036680a887cd64668,3c521eac04e2dca4702dcc69789618c2,delivered,2016-10-04 13:15:52,2016-10-04 13:47:06,2016-10-30 13:37:48,2016-11-01 18:07:25,2016-11-24,5f7e36fb1d42d0b1c408b5b41bc52bb3,2016-10-04
7b2e13ced9ab0896a7cea86bf29c3ec9,bf354810e17773bc2d0d71a6ede7fcd7,delivered,2017-12-27 14:03:44,2017-12-27 14:12:33,2017-12-28 19:12:40,2017-12-29 14:08:00,2018-01-22,70a7e89dddfaddf894e7227932d8cc18,2017-12-27
cee0d3db23e58081262faf1ee22ded6d,d5177ec73984b17dee2526644f0fed7a,delivered,2017-03-17 20:34:53,2017-03-17 20:34:53,2017-03-21 06:34:16,2017-03-28 13:16:07,2017-04-07,c9d11f3215f225629b72ea8fab4fbb9e,2017-03-17
bc85efebf9bf2dabe2669439f67d1f75,00cebf30eafc51ca426a54082d26ddf3,delivered,2017-07-26 17:39:39,2017-07-26 17:50:20,2017-07-31 17:04:13,2017-08-03 18:28:00,2017-08-29,788f3cfa99a83011f637d9c8b24e4e7d,2017-07-26
f3a47ba087f05d39a74ed1b653f0be1b,b7fbfcea57659b5d18c20c95db45e908,delivered,2018-06-28 08:15:31,2018-06-28 08:30:34,2018-06-28 14:31:00,2018-07-03 20:46:26,2018-07-20,9aa5a8a2a616d12c8b2473429b1bdd1e,2018-06-28
55ff54e053fea20c279fe3c8b698bcca,04239f6a8db7da8265f4909a4a10f8a5,delivered,2018-01-14 19:38:10,2018-01-14 19:48:58,2018-01-15 19:43:54,2018-01-20 10:19:29,2018-02-07,d5190b7d9ad40bdb65be59876a7398c8,2018-01-14
6b5ccf5385890198c54fa97afe4812bc,15c523e088107f017c3b74f5874a0f43,canceled,2018-01-30 13:37:28,2018-01-30 13:51:21,2018-01-31 17:22:03,,2018-02-22,8177a205834047ab1d259c3e783b8402,2018-01-30
901465dae974188b53519b6a0e180622,c0cbf71f864ecca973178595e04ae943,delivered,2017-09-14 19:30:45,2017-09-15 19:44:03,2017-09-19 15:07:58,2017-10-03 20:10:41,2017-10-09,f8fa0be8c0b01fc7435ba62ce47b7088,2017-09-14
cb71bd92e29c501f67b650fa19bee739,5f63d186b5f09cdc96557cbc824f7352,delivered,2018-04-18 22:41:31,2018-04-18 23:20:33,2018-04-19 19:41:56,2018-04-27 21:03:52,2018-05-23,19a167eb59f98f70f9b4315e739b04f3,2018-04-18
1cc1289499f63feb5febc86506a7052c,126b1f7b1f9d161ab549ee52a2881142,delivered,2017-09-15 14:13:49,2017-09-15 14:25:19,2017-09-18 19:34:56,2017-09-20 22:03:16,2017-09-27,b6bb8e4780df00a25fa34335d3dc1330,2017-09-15
d48eebefd9e752c709a4acef8c588a40,cfc067af10539bd089401dfb05fa6e55,delivered,2018-07-18 19:55:21,2018-07-18 20:05:16,2018-07-19 13:48:00,2018-07-24 20:06:46,2018-08-01,9e8e89f0379838e0075386e3c9fa16a5,2018-07-18
4e89a19cd340e7e72a5ad89b2fdf1642,ed5de0bdaed5e7afbe3fd0ef2a2e6569,delivered,2018-01-19 23:15:27,2018-01-20 23:20:15,2018-01-24 23:09:52,2018-02-27 20:06:26,2018-02-20,4a1e958e2fc7b176c07b3b7fb071a897,2018-01-19
f2c1189d5573ecb3a877c91242289b4f,2d7f2548519dc39706061705dfefff51,delivered,2018-06-24 17:36:05,2018-06-24 17:59:22,2018-06-25 12:58:00,2018-07-09 16:21:50,2018-07-23,9af66462f828966f463f6592a9ad0a2c,2018-06-24
9277c21000c5426f4de2158dd377a676,92cac5e07ef9d027b0a07d442053d53c,delivered,2018-07-11 16:07:05,2018-07-11 16:26:38,2018-07-12 11:49:00,2018-07-26 03:11:45,2018-08-15,d9e0d7045a70874719841cfd398bb034,2018-07-11
3f6efc4ada967d7b5ad1b6c30ca43b96,b107800c872a68d1703ddfe3c2dc961d,delivered,2018-01-14 16:56:20,2018-01-16 03:51:08,2018-01-16 18:36:45,2018-01-22 20:32:47,2018-01-30,aa182eba73352398bfc06f920f427e9a,2018-01-14
e75a7233bc67f958969f8c0cc950b999,965eedb09fc3ff483a7964148b3d9596,delivered,2018-05-01 21:53:00,2018-05-01 22:16:31,2018-05-03 15:33:00,2018-05-07 15:37:48,2018-05-24,75e2639af50ee40d0a9883baf6dcfc7f,2018-05-01
a9ca52be3b3e9d4dc6b7d66e2712b35f,e6f9f570718a77ca7fa6e26ce9ec12ed,delivered,2018-03-26 09:19:53,2018-03-26 09:35:34,2018-03-27 20:12:35,2018-03-29 13:37:52,2018-04-06,be7a8b2c62e451e8a5db29fc4c0069f0,2018-03-26
af6a9f579c74afeefcd5f32733c11a32,8d8784f0134f4d714e28bc36cb5a5101,unavailable,2018-03-23 16:45:16,2018-03-23 16:55:56,,,2018-04-05,58ea905ceb40d3eae49a289e92693ec9,2018-03-23
cde746ccdc9bd5d1ee4772ec20c7bd13,a147075ce27d034c5aafc6477a4ebb72,delivered,2018-07-26 13:48:08,2018-07-26 14:04:56,2018-07-27 12:39:00,2018-07-30 13:03:48,2018-08-03,bdff11e0a0086e8b282e2b386a6c9b49,2018-07-26
80a2390298a9aa384d2f36f18e5e4f45,2969538afaaa23e75f428b2d8f21f526,delivered,2017-12-10 12:28:12,2017-12-12 14:49:19,2017-12-15 19:58:11,2017-12-28 15:09:37,2018-01-08,720ade3576559a2eeb0c70beb4e0dc2d,2017-12-10
69ab22fd4d1d7d39481c76b4da5b9621,0a20f53373edf1ca3cb2cafa85203d33,delivered,2017-03-04 19:30:19,2017-03-04 19:43:10,2017-03-06 09:34:50,2017-03-11 11:57:36,2017-03-23,66ca2ca7492e19de95ed449f66a8e664,2017-03-04
9cef7eef349dd605b870fce05c57765f,a241ef5f3554f7a8184134b5fe5bb666,shipped,2018-03-21 11:50:08,2018-03-22 02:51:03,2018-03-22 21:36:38,,2018-04-12,8a222fcabf725d9bb7af3a3b12693a74,2018-03-21
9762ce369c139815a59772bd1efe4496,6d5097d527f1fff08f0eb49eae46dea2,delivered,2017-03-04 17:36:19,2017-03-07 04:23:22,2017-03-08 13:22:56,2017-03-13 08:07:50,2017-03-24,4d8de73bea31008a463a284851bffbd8,2017-03-04
7773180c4a22f3438081f3a2b32f86d3,0b47ec0351108af80246d8f74b65d63a,delivered,2017-08-20 16:09:44,2017-08-21 16:25:53,2017-08-22 17:33:05,2017-08-28 22:47:49,2017-09-13,cb4f48aa5b4657435b012a65f2a122eb,2017-08-20
22a7f3846cb3968336eda252420a6920,10ca6e617f38bd5d217ba0fea655b709,shipped,2018-01-24 18:19:18,2018-01-24 18:37:41,2018-01-25 17:41:56,,2018-03-01,acaa6f655672f2558ebecf66492db971,2018-01-24
4ba4f54f9d165d6e980bdfdf8b4c4d11,c26bb02989b33808d6c78a387f27fd34,delivered,2017-02-06 22:29:01,2017-02-06 22:35:20,2017-02-07 09:39:44,2017-02-13 11:07:47,2017-03-07,a8667e9fed5aab9c060a0dd359069add,2017-02-06
a4d8035f68861eb2586aab582f8f343a,3140172c6ff4a7d62ac9bf889ef87531,delivered,2017-12-25 23:17:06,2017-12-25 23:28:19,2017-12-26 22:47:14,2018-01-05 21:53:36,2018-01-19,34ca895cda66ce10dcffff0f639e7c85,2017-12-25
a688c7001406d268e4d8779ab25573a1,a96197eaa080b70dce66bc848e60653d,delivered,2018-01-30 09:47:46,2018-01-30 10:35:26,2018-02-01 18:37:32,2018-02-14 18:38:49,2018-03-06,23a9f55c66d01a7ef276caa71a4c3879,2018-01-30
3a38a4a145c96019a17b640f053aecb9,3c91aa889d9a3759a470c711dc28ba7f,delivered,2017-12-02 21:23:31,2017-12-05 04:13:25,2017-12-05 22:12:58,2017-12-18 14:17:23,2017-12-28,afc3a30409ff55e2166aff63ff557d1d,2017-12-02
87a9c87504af54b4d4a686bad72a8e27,889987ae94247fa153d244032f57ee5c,delivered,2017-04-02 22:29:32,2017-04-02 22:42:47,2017-04-04 10:10:30,2017-04-10 12:35:12,2017-04-24,1872948ba3a165e45e4f6f0907875f27,2017-04-02
015183dcb37f19e0456905fa5aac0b69,8148b073080f653d3a86ef8fc3dd6b43,delivered,2017-03-06 09:23:13,2017-03-06 09:35:21,2017-03-07 09:04:23,2017-03-09 13:14:45,2017-03-23,2ecb8546a5c0ea3c74dfa8b77a321370,2017-03-06
9dd9eb1d7c035198b06f1775e0711a59,b26f48357d67172f0343e920a2c64f15,delivered,2018-07-07 16:39:15,2018-07-07 16:50:17,2018-07-10 11:05:00,2018-07-11 23:06:39,2018-07-19,6862d03f05e92945f47da75b216cd955,2018-07-07
14aa8f56b7d871b721f38b3e355dfb94,0157d2d9039fc91ade6a389d733d8a16,delivered,2018-05-09 13:44:18,2018-05-09 13:55:13,2018-05-10 23:22:00,2018-05-12 03:06:30,2018-05-17,8055d0ad30e60e69056c7b8174f89aae,2018-05-09
9ebce80553b159623a9ee681dc7b0c2a,3d2f3aecac5b243372d17898c8fbac83,delivered,2018-04-02 23:03:14,2018-04-02 23:15:19,2018-04-04 18:03:29,2018-04-11 19:14:47,2018-04-18,3e70cb9a49fa2d85f38fc392d17e4bab,2018-04-02
44a7a7517b62c54dff21797684d6425d,a5051052c4be00ce48877050cb00b70c,delivered,2017-09-17 10:03:12,2017-09-17 10:10:18,2017-09-18 19:02:38,2017-09-27 17:43:00,2017-10-11,b1c207b21ec575d7b1668079a5e215a8,2017-09-17
4e296794d96b6f50740af9a477b6e9c6,c3407c4d129552dba7791a32a5ec8e27,delivered,2017-10-23 16:09:46,2017-10-25 02:26:25,2017-10-27 21:28:50,2017-11-07 17:03:06,2017-11-09,9212149adf93277e5c503a064e9f62c4,2017-10-23
aa12e7b2813e3bd684267ce9053298a7,560a8e01b6209b466db525b3f3bfbae2,delivered,2017-10-04 11:03:19,2017-10-04 11:24:30,2017-10-04 17:27:34,2017-11-06 18:58:40,2017-11-09,3fed19e15a61d255abd1b1ddd4c16c2a,2017-10-04
e6cf0d38d94daa288c71e31d38715fff,531c68ec664816e655ac49a23aa51124,delivered,2018-01-31 16:29:28,2018-01-31 16:51:20,2018-02-03 02:17:46,2018-02-21 20:18:31,2018-03-02,f0a53affba6ce12b3e7c15a3a941b27b,2018-01-31
567694848ecdb6633bef4b3b48bbc4d2,1dfd48301b28878efff134d241e05a29,delivered,2018-05-09 15:56:50,2018-05-09 16:16:59,2018-05-11 12:26:00,2018-05-29 17:27:41,2018-06-11,59251607f121873632793ae7192b960a,2018-05-09
35253375b48f367b1d654e9b1d762ea7,bb5fdae340b410274a7aa28d2796bb3d,delivered,2018-03-15 15:09:18,2018-03-15 15:29:25,2018-03-16 19:46:31,2018-04-03 21:16:26,2018-04-17,e14b8cd578c1f576594719bce2ee1aa2,2018-03-15
f4044d3433dd6aa1337504bd223baa5e,0126e712caf48d6cf32ffbdce563d2c3,delivered,2018-08-17 09:26:48,2018-08-17 09:50:13,2018-08-17 15:46:00,2018-08-24 19:21:16,2018-09-03,87c1421512334fbce198a15504d64523,2018-08-17
7a329b60eae7f23f2633872c2682bf88,979c0ccc4e88416b4131dddc48e74da5,delivered,2018-01-31 14:21:53,2018-01-31 14:35:32,2018-02-07 00:36:25,2018-02-07 23:22:42,2018-02-21,cf58793b5ffd2d8e0a17b0c397d598a1,2018-01-31
66b93a1ec24a54f71f9577e88b61dd99,bb04c497a373589c1c05fc047c8f8388,delivered,2017-06-17 23:19:18,2017-06-17 23:30:10,2017-06-19 21:35:30,2017-06-24 10:32:10,2017-07-21,79bd9677032573536d192c252f9c0df9,2017-06-17
ffbf2682f6e33c8cbac96e6862a95920,3df48329a6d0a58fce24958eb175d12a,delivered,2017-12-27 00:27:04,2017-12-28 02:37:41,2017-12-28 17:48:11,2018-01-04 23:48:32,2018-01-24,bd2af1cfa49e2bb4fd5c77bbb2fac7b6,2017-12-27
add3094f9efba79b138dd089077c8e20,bffcad9683349765ee3c7984225e4402,delivered,2018-07-21 13:31:13,2018-07-21 13:45:10,2018-07-23 13:54:00,2018-07-26 16:11:59,2018-08-09,8ad69527a8a449c920255fb203719f6c,2018-07-21
9e079abd2ca9af66e7584c00d6551890,28ba18b7c28a70239b1c2f9cb61b7d23,delivered,2017-02-16 22:44:03,2017-02-16 22:55:15,2017-02-17 11:24:46,2017-03-03 11:34:52,2017-03-17,e2cd166de16c760eb63d718730e0e1e7,2017-02-16
4b938d32f7c4a575aea3a5cbb5ef03e0,873d38fe31293aa004d5111a11f3b51b,delivered,2017-10-17 19:05:00,2017-10-17 19:14:18,2017-10-18 13:16:10,2017-10-24 21:38:52,2017-11-10,9ff6787921b9aecefdb9c8212ebd8679,2017-10-17
fe041ba1c9f54016432fa6ee91709dbc,7243a2e9ec5d80fa20402f7a1e14afff,delivered,2017-12-06 22:24:21,2017-12-06 22:33:33,2017-12-12 13:47:57,2017-12-19 18:08:59,2018-01-10,fdb47f6659321662dce6524a8c629d0b,2017-12-06
7eb6bfea5daf19a607f08fd25ea7672a,b30e4f64673460bd0dc5c76eb312267a,delivered,2017-11-23 22:35:26,2017-11-23 22:48:38,2017-11-25 00:24:25,2017-12-04 15:22:40,2017-12-21,af17def00ed5fb1ccbebfe805b0bb641,2017-11-23
f062eadab4f6382208fe17ca7fbaaec3,e9e9a9a6ec884c59604a1fd8190baa5e,shipped,2018-05-14 09:01:37,2018-05-15 03:55:45,2018-05-15 12:37:00,,2018-05-30,27b830b4a5fae318dc2a635194bc3180,2018-05-14
55965253f02e0f625cfd4efb9c0f4178,602ef39386848c72a48f485b51dee1f9,processing,2018-04-11 17:08:59,2018-04-11 17:31:51,,,2018-04-23,dc23fc45263e2f52add826a7fc793304,2018-04-11
e2af4ae300d48b96b78846e01a26c034,2b1d9712b1f02598be78af6b46a741d6,delivered,2018-03-06 23:27:33,2018-03-08 02:30:50,2018-03-14 20:19:33,2018-06-18 17:38:55,2018-04-03,af66fc21baa213f999f6a41b273c4e28,2018-03-06
62c4fd481d60fc62e465737c7f09ee92,4865ae2e1e65f3f21f22e0d481915868,delivered,2018-02-28 13:40:50,2018-02-28 14:50:15,2018-02-28 23:52:16,2018-03-02 17:51:56,2018-03-13,e82202695efe8aa20305248f9ca18c64,2018-02-28
a49703fda0b42ab0a87e062624ea2f43,bb4d4bc4ae2ade2dfb029a85170842c3,delivered,2018-08-04 13:45:37,2018-08-05 13:44:23,2018-08-06 14:50:00,2018-08-13 17:36:48,2018-08-21,fd4043cd087bfe91024341ffa897a900,2018-08-04
26cdf11da38117ed1bca961a210dd21d,898c951d2faff7482c962f6ec525adb6,delivered,2018-02-27 09:06:14,2018-02-28 09:50:59,2018-02-28 18:29:16,2018-03-16 18:52:19,2018-03-29,941c336ba35bc4cbd3c5bda62cfaa767,2018-02-27
d9b926f382e364900c6af21aeaede034,283c934c7ac7c2da310b1f4d826c6d0b,delivered,2017-07-05 11:32:56,2017-07-06 03:25:30,2017-07-07 13:55:44,2017-07-14 20:46:47,2017-08-02,b2a35fdfe13998540dc5fdda95e35ceb,2017-07-05
ea153a1ffcb167446901237714816a03,a4d0dd278a425410a8fc24e0d8711a27,delivered,2018-07-23 08:49:14,2018-07-24 11:32:32,2018-07-24 16:02:00,2018-07-27 20:12:49,2018-08-07,bc4eb6761d78ace2cd036de69ab74f5c,2018-07-23
bb4fde546bfa4ba7795ccc8f24750fb5,3bf8c41d1072b609960bc3abc510b5e9,delivered,2018-07-25 15:53:58,2018-07-25 16:05:24,2018-07-26 11:41:00,2018-07-30 14:46:38,2018-08-16,1cef603805e2412005167fb20bed5d1d,2018-07-25
bef626fc782c8b4f824510ddf2e335ac,72d3414ecbce9f4d2ddab40a0e7c8747,delivered,2017-08-07 21:58:33,2017-08-07 23:03:16,2017-08-09 20:52:08,2017-08-17 21:59:58,2017-08-31,191e0f453bea7f50ce1fcd514af38835,2017-08-07
a092ef2b8b50d03343185e73609bb42d,1b3a2efa5be29f21adb3ffd8cdac5699,delivered,2018-04-25 14:34:05,2018-04-25 14:51:44,2018-05-02 11:58:00,2018-05-08 17:28:27,2018-05-18,d2e8e60becc01f5725cca8d1183b3d01,2018-04-25
32fa6763db15359ea4f0f07ae6021ee0,b9ace16b956eb4ec460f6adbb5c9e9f8,delivered,2017-09-11 15:25:02,2017-09-11 15:44:03,2017-09-12 19:56:34,2017-09-25 21:21:43,2017-09-21,80b348fc644e8f8eb47443a3bd3a0ae0,2017-09-11
f9b05369b4ec092bbd3b32358b71fefe,0d93baa3d4a53c255f0a4389a022c0df,delivered,2018-07-28 13:42:31,2018-07-31 04:05:50,2018-07-31 14:18:00,2018-08-07 13:52:49,2018-08-29,5fba5bfb28612ee5aacc5c409e5ec163,2018-07-28
593dcbc6068648f021eb48b2d55ae96c,c14a1f8f7ebc33fced32cd35f5e4b385,delivered,2017-07-25 19:19:03,2017-07-25 19:31:24,2017-07-26 20:14:03,2017-08-01 17:23:57,2017-08-14,94f8078fdb27aa4d2b5865d1da53a27f,2017-07-25
98464a5096e400810b94bb93f38924c9,24301c6ce48874a51221d4e5584a7885,canceled,2018-07-12 12:01:37,2018-07-12 12:15:29,,,2018-08-07,5eed8cf8c54bff340300c214ddc32db4,2018-07-12
ec0a4a160c4311f1a8c9d4d79872de75,4b1827ec0c64d72de57b69f7213aa307,delivered,2017-07-29 02:26:54,2017-07-29 02:44:14,2017-07-31 21:51:53,2017-08-11 16:56:08,2017-08-24,c991d3a00bf798c9383bfad44226e3ad,2017-07-29
456fdff01161801683089ddaa6b806a0,cae6a647977d2efc095607e5944ed486,delivered,2017-08-22 09:45:04,2017-08-22 09:55:36,2017-08-22 17:23:42,2017-08-28 15:53:32,2017-09-12,648aa562c79c97aa435a1e7bab419910,2017-08-22
01c26a0b2736899633cfd6a3c1749428,47bbec3546f4004399e1e60aac67315a,delivered,2017-04-08 18:39:14,2017-04-08 18:45:12,2017-04-11 15:23:15,2017-05-19 17:53:48,2017-05-02,c7ba5ecdf4f95144e084d86235fccae7,2017-04-08
6939929750f1b79c68d653a9402d14a3,25e1b9e1bafe3e3ed4b3f37fc6c8136b,delivered,2017-10-05 20:25:27,2017-10-05 20:44:47,2017-10-06 18:06:28,2017-11-10 23:58:33,2017-11-03,e9e423370434bd71d4094718e7cecf8e,2017-10-05
0d800c3800fa49e84cbcbd26b1dcd510,db6174ff0d973672c0de09218a52ce88,delivered,2018-01-16 13:49:25,2018-01-16 13:57:36,2018-01-17 18:43:52,2018-01-24 20:53:28,2018-02-07,3784425e555f41009e4467f2005b8563,2018-01-16
caeaea502e2e79a553edccabb2b65378,ffcf601742639fe15057352054f9e8fe,delivered,2017-12-28 21:30:04,2017-12-28 21:38:20,2018-01-02 21:09:55,2018-01-05 19:24:00,2018-02-06,3bc4cb08a87dc529f4d060124a80b6dc,2017-12-28
0c0b4c682dc77d70dbc4cf1ed44ede36,a4f7787cc8dffd6006149cdff5abed26,delivered,2018-08-16 13:47:57,2018-08-16 14:04:14,2018-08-16 14:43:00,2018-08-17 15:44:25,2018-08-21,53cc7338a7d5994fe8baa28a039d2343,2018-08-16
3f98a80c882c8294f35d35a4667490c4,d4263052448f5ad677572f14f531272f,delivered,2018-05-20 15:13:58,2018-05-21 16:35:50,2018-05-23 09:02:00,2018-05-29 18:22:38,2018-06-13,08f362d3fe638add11e6a95a6d7f315d,2018-05-20
39a37ffff66dc65f24af1a3ee533330f,75e48e02a2a53e5f2c448187c3d3f3fd,delivered,2018-03-18 14:15:09,2018-03-18 14:28:22,2018-03-19 18:24:48,2018-03-29 22:04:26,2018-04-19,3094e3bc9f2c62e51fe92505c9bfd853,2018-03-18
d62354cddc18720cf8a24b521570a8f7,97170ff49eb12980f83d493178bc8e66,delivered,2018-08-17 22:52:18,2018-08-17 23:09:37,2018-08-20 09:25:00,2018-08-21 15:50:58,2018-08-23,a0ea5021165f1f272972fcca92c8d362,2018-08-17
e1d588525687728bd046a5808e6556b8,54e05c8a9879acaa3e27c073f27db732,delivered,2017-11-24 09:03:40,2017-11-24 09:14:34,2017-11-24 23:13:41,2017-12-20 17:22:18,2017-12-20,15e66c95b11a26a7f51e75c9be2dbbf1,2017-11-24
c3c98f7bb3b28a9b25cf5a86e4472143,359373e2e790686bd10c3545ede095ac,delivered,2017-12-07 07:52:08,2017-12-07 08:10:40,2017-12-07 19:12:22,2017-12-08 16:38:07,2017-12-26,23151925d6e7a877d623e57050696004,2017-12-07
cb79e5ec2d8876fed8bf53a82a5c2e28,ce4c65bbf2f222f0e30ad0c5c52a0cf8,delivered,2017-06-04 23:14:03,2017-06-04 23:25:14,2017-06-05 15:09:26,2017-06-26 14:19:34,2017-07-17,2b807914d7fe5496a2bec66a9ffcb4a3,2017-06-04
3be02448faefd4cf9a63648ccf10c1e1,2060973f15beb0d3d9be56ab5b49d2b9,delivered,2018-07-29 14:41:38,2018-07-30 16:25:26,2018-07-30 14:38:00,2018-08-10 15:15:02,2018-08-17,ca96672f33cd9694ca6471f9c2cfe118,2018-07-29
a9cd231f6c06e66f3a4f7cbafb0aa5ea,20e8ca1ff35372c5343e86cb0b3bc94c,delivered,2018-06-19 20:52:52,2018-06-19 21:18:41,2018-06-20 15:08:00,2018-06-22 16:18:52,2018-06-29,d94705f5d7db171ca681094fdba78c58,2018-06-19
8eb851dc2ae7fb68b456ed19a5afcfaf,f23c04583f5fdd6936a0cbb51f3810a6,delivered,2018-04-27 20:11:43,2018-04-27 20:32:20,2018-04-30 15:04:00,2018-05-02 16:39:42,2018-05-23,3503dbe4f22b0f54a6198dd8b014af4b,2018-04-27
b647f540d673c123ae558b52796b5124,5b30f5a19fb29264a538243d78caea18,delivered,2018-07-26 16:11:46,2018-07-26 16:25:24,2018-07-27 14:05:00,2018-07-31 16:16:45,2018-08-13,d20381d4f0606d4b381e971904ec455e,2018-07-26
92c6c7adf4c5b367d2da122056510dbd,c746781a7b58448db766072fe76b94bf,delivered,2018-04-18 17:42:25,2018-04-18 18:36:38,2018-04-19 21:46:49,2018-04-25 21:32:13,2018-05-25,e11c920f3e51fc98f0cb8a2faaed8da3,2018-04-18
c001b13ba85884577bf33d95926dee34,a22baed8eac75ef4873358887805a3f6,delivered,2018-05-03 02:05:06,2018-05-04 02:55:25,2018-05-04 13:46:00,2018-05-05 11:41:24,2018-05-17,66f84dfa172140d567f40f139833ce19,2018-05-03
20415b774cb7182a95736e3c1e4ea5cc,20dcb82c76edefd2efe1da92ac45e31b,delivered,2017-08-28 15:39:42,2017-08-28 15:50:29,2017-08-31 20:32:24,2017-09-08 16:07:52,2017-09-22,7b35fb694a1c478f507173167fbe234e,2017-08-28
1bf8b5f1e3bc76dcaa6414b170ef3ae0,92a03bee8af53fe8999c5a3eb9645c9f,delivered,2018-06-05 14:55:28,2018-06-07 02:54:43,2018-06-07 15:32:00,2018-06-11 23:02:14,2018-07-11,69824f9bc3a284a4b34dd68a3cedbad2,2018-06-05
c0418061e5a00ab846159a3cd0b86ce6,7d7e1a20038b10bce939fe27b99e400f,delivered,2018-06-14 13:17:56,2018-06-14 13:38:32,2018-06-20 11:17:00,2018-06-25 18:18:36,2018-07-12,023986b2b457eb7ffc5a7669a6dad6fa,2018-06-14
a9491b6c990bc3b79967c5f058e46d8f,ef1615358c72dae1c068aedc495a13f3,canceled,2018-08-16 13:07:32,2018-08-16 13:23:58,,,2018-08-24,78e245c3401dbe1b63ca0296f40a3c38,2018-08-16
dd861b5afa4b5008162b6591bbc43422,adece3d335689229657db410eba4da36,delivered,2017-06-11 20:41:25,2017-06-11 21:02:18,2017-06-19 16:23:06,2017-06-26 17:11:55,2017-07-14,fcf04566d639b9ac685cce68abbfcc60,2017-06-11
947c4f07e94867a7344550a2b9969c13,e52da367986f568feec3588c0a7c7634,delivered,2017-12-09 21:36:40,2017-12-09 22:31:30,2017-12-11 21:26:57,2017-12-22 22:59:22,2018-01-10,7c5bd38e6bd19723c46d84314c23d5fa,2017-12-09
c304f3e442b44b23d4623712988c3734,6c57ea1c63351b81d80f31330c6ca6a8,delivered,2017-09-02 09:31:14,2017-09-02 09:45:13,2017-09-04 22:25:54,2017-09-15 14:46:34,2017-09-26,02deaccb3c4b572f6d4fb48bcd4bbec5,2017-09-02
040df517e85524968f559f37441b705e,b08388f79b3d1431d4d711ad96e26209,delivered,2018-03-22 14:56:45,2018-03-23 02:30:44,2018-03-28 16:02:39,2018-04-03 19:19:33,2018-04-17,1744a22c30f293433130d89c41c633b4,2018-03-22
0eb50e50bc4f98118d7a1d60c0a17049,9140ef471172322ae85656535d17715b,delivered,2018-04-07 00:12:36,2018-04-07 00:31:03,2018-04-30 12:20:00,2018-05-08 14:34:57,2018-04-26,8acef68da17b8023883367ebeb54b7e9,2018-04-07
7b8ad11294a3f23e9695000ab5f07a42,8b0f99083bbd56d7ff4c162a33d76847,delivered,2018-07-31 12:17:09,2018-07-31 12:44:33,2018-08-09 15:10:00,2018-08-10 19:30:59,2018-08-06,0f6ff304911aa378e19f10b2bb990e9c,2018-07-31
d73f657ce49ec301ac81116e74bd0571,f1baec652cbfe952345ee31c8b20f4f5,delivered,2017-10-22 23:59:59,2017-10-23 00:14:23,2017-10-23 19:00:01,2017-11-14 22:09:17,2017-11-22,b0a1036f667d8d0edff166eaaea83216,2017-10-22
31ff8f3524c7ae644eb02b5b78f30301,aa3546e1c3340e5f8e971f07acdef1df,delivered,2018-04-05 12:03:45,2018-04-05 12:28:29,2018-04-06 23:16:45,2018-04-11 00:11:03,2018-05-03,4d66c799aa8dba0464469964c437a867,2018-04-05
5ddffd82198ca5fd512883316c2c865b,fc5c09d0b99197f393e86cf4cbb0cfac,delivered,2018-02-24 10:46:36,2018-02-24 11:08:36,2018-02-27 17:34:44,2018-03-01 19:59:15,2018-03-12,3ccae101fe3a7feaedd33b49ece99e8d,2018-02-24
1f2715f75ad527f2090c7824de573b9a,9113d7df5ef31cbc1cea9dec01e132c1,delivered,2018-02-20 09:13:27,2018-02-21 19:15:42,2018-02-22 20:23:41,2018-03-09 21:51:40,2018-03-16,b39a84ce277d7ca095b2072bfc2dedc0,2018-02-20
19a88878097106f2e1dc6f056cba940f,cfb4fa55f883a3e7ee496c5c57cf0d67,delivered,2017-08-20 21:00:34,2017-08-20 21:15:20,2017-08-21 18:44:32,2017-09-06 14:59:13,2017-09-11,cd98cc4564e9716a9dfdc6651257b96e,2017-08-20
a3e0b8ca088f810101511ed40fa91b49,32d4464f82b8f0d85df3b91caa5219a3,delivered,2018-02-27 01:27:13,2018-02-27 01:50:58,2018-02-27 17:13:36,2018-02-28 17:44:00,2018-03-13,02c7fc67a65e27a6a356a078954fb865,2018-02-27
47c64271af23d7ec38d059a3de600de5,3ddcaa7395065925ee6015e9c279ff2c,delivered,2017-08-13 16:24:18,2017-08-13 17:00:15,2017-08-15 20:07:24,2017-08-18 20:39:38,2017-09-08,551bd5c526cdca4217794be7a66c0bb3,2017-08-13
25989a7e7af41df0616109b8776aa0f7,69f06692f41513d9fb22e38c22491048,delivered,2017-07-20 12:11:33,2017-07-20 12:25:13,2017-07-28 10:56:43,2017-08-09 19:46:41,2017-08-21,0f0e48a91c9c285404572b095bcb373c,2017-07-20
f80e68b525d4ea7025db2f4648d4007d,46e8cc38dc8f69d926b477f403832417,delivered,2018-05-23 00:01:15,2018-05-23 00:56:19,2018-05-23 12:43:00,2018-05-24 14:58:53,2018-06-05,2fc2a16433d581ad0a17c69dc3e2af51,2018-05-23
0a8b3b277ffe67981af7d4a14e7f98d5,c4294894c16e414384e2ecfa9c70206a,delivered,2018-06-14 07:01:36,2018-06-14 07:17:55,2018-06-19 14:13:00,2018-06-21 19:56:29,2018-07-04,d11ed99698ed346d3be631912dd7712e,2018-06-14
a4e0f89a82f1347a0ec0c4a2f3bc2722,17c736f2e68e713ac4e1c9d0eedb4cf8,delivered,2018-06-12 01:17:34,2018-06-13 01:19:17,2018-06-14 12:16:00,2018-06-27 12:03:36,2018-07-24,c6f447dce96d1758ceb642f4f4258f92,2018-06-12
7074777048d6873978e44c5b4b7bc3b2,eb51998e3c8848abaeef8f557a8e2db1,delivered,2017-04-09 16:48:34,2017-04-09 17:02:05,2017-04-10 13:48:25,2017-05-11 22:11:19,2017-05-16,08d1825b8f6d330d3ef8073ec9b3978f,2017-04-09
330e33c1447ae3b325c4d6e64302523a,d80332c633fb82d9800aa6f1727f6d97,delivered,2018-06-25 09:08:30,2018-06-25 09:32:50,2018-06-26 10:21:00,2018-06-27 13:26:45,2018-07-26,2b203aad96a8fe8c8d84ba34ab6bde64,2018-06-25
811b70e43e686c9cc60da34db3f4176d,22a84c58ac535245cd55a66b9d982d05,delivered,2018-01-24 11:20:45,2018-01-24 11:48:30,2018-01-24 22:26:49,2018-03-14 01:46:39,2018-02-23,2e359a8a84943bd2b0205d74bb756d0e,2018-01-24
746f5cee378062b6502e0138b72969a7,ef96e3a1d97c843600855e1d878731e7,delivered,2018-01-07 15:57:33,2018-01-07 16:08:23,2018-01-08 21:45:19,2018-01-25 20:51:41,2018-02-06,85c85dc1100436620f3715390da4aa6c,2018-01-07
b510a3b0e7d3af5d6a6021fb316dc676,0ebc6c73d89878fb3a1d039df4f3c8a1,delivered,2018-01-22 19:06:00,2018-01-22 19:14:35,2018-01-25 18:21:30,2018-01-27 11:41:13,2018-02-06,06485620b716c476c2faf915f662674e,2018-01-22
546ffb713086001ce9f0009158f88b73,9fa9fdb373ab71b7d9081e43795accd2,delivered,2017-09-13 09:39:13,2017-09-14 02:45:13,2017-09-15 16:12:44,2017-09-16 13:43:31,2017-09-25,a2bdb01d0f0103b75c7296bfc3b3d501,2017-09-13
009ac365164f8e06f59d18a08045f6c4,7887f43daaa91055f85b6dd23cccdfcb,delivered,2017-11-23 00:03:52,2017-11-23 00:11:24,2017-11-23 15:16:58,2017-11-29 16:33:25,2017-12-13,1e5dec3847fa11b24069995161a7b95e,2017-11-23
dd7215a0ed61521e7b5a7964939f4e09,79b432f91863af9a5166045f1574b5f5,delivered,2017-11-20 12:48:23,2017-11-20 13:18:28,2017-11-22 20:32:52,2017-12-07 20:17:09,2017-12-12,a4b84371b1dfa2fac4f6469604c491dd,2017-11-20
0ed46f17da8a1c3bd0ed5fdfc50decc4,87f135f5f28a7056c1076dd8dd122e5f,delivered,2017-01-10 22:23:11,2017-01-10 22:30:24,2017-01-13 09:48:50,2017-01-23 10:12:14,2017-02-24,539f3b8a4fbc3bc6eb1d3e4c83bf2abc,2017-01-10
4fd0ae446e2a80905f26ec0cf87f10e5,8dd6dbd5b96c1763204a1b708ac94dc1,delivered,2018-03-24 20:18:27,2018-03-24 20:30:28,2018-03-27 14:57:56,2018-04-13 20:48:22,2018-04-19,f476899105eb69dd2086f61990c3ec3c,2018-03-24
14ac73e061a88e655cc2d6b984f3c81d,8ff463c5677e1f1ccedabe1c90d3d53e,delivered,2018-01-26 21:18:51,2018-01-26 21:32:07,2018-01-31 17:05:33,2018-03-05 23:33:23,2018-03-02,233dc31c49327619199fbd1458f898ed,2018-01-26
2743e4444be8f3c17243ff49bcba405b,0135196a168da02f97f00b7300af0baa,delivered,2017-11-08 06:16:09,2017-11-09 07:30:29,2017-11-09 16:48:45,2017-11-28 20:37:02,2017-11-28,16d9c38e02ee1242cf1d9080e453fe9d,2017-11-08
d844ebe59ec9b98b8924bd851d0df4f8,d2e47cfe6b8852e27d59b097a10f6919,delivered,2018-03-30 11:56:19,2018-03-30 12:47:24,2018-04-02 20:07:45,2018-04-06 23:42:44,2018-04-12,2b6c37c1f35b4b58dfed753c9706e2ff,2018-03-30
0f7a031ff7235289c8ce7270cac7c4ec,489d6e5705b34ec43cbe7cc16344a45d,delivered,2018-02-21 08:54:02,2018-02-23 02:10:46,2018-02-28 21:23:36,2018-04-11 20:43:24,2018-03-16,12c618501e009d459cc177de818798d0,2018-02-21
197d84e2ece06ce7dadc32767ef5bf0e,8fed71909d80c2cfb8ef1f34478c3fd6,delivered,2017-10-12 06:57:17,2017-10-12 07:14:19,2017-10-16 22:14:10,2017-10-23 19:19:08,2017-11-07,10febdda80fd2614250bafa7e1a3a2ad,2017-10-12
a8a42525a528f4f3b6c343d8cfa0a374,11d4407faece8a6220c06056f36dc9af,delivered,2018-05-28 20:41:23,2018-05-28 20:50:40,2018-05-29 13:27:00,2018-06-09 12:28:29,2018-06-28,c2abc77bf1bc80c51993b0c70ab14226,2018-05-28
beda39ef81ca80ce3226111dd4f35155,17c129a1c8fdcc29710620f9f73a4ebb,delivered,2017-09-10 17:45:39,2017-09-10 17:55:09,2017-09-11 09:46:43,2017-09-18 15:46:57,2017-10-02,5f76e096eda1de4af550181f2ddb37bb,2017-09-10
f7cb1a22366eb2e46a22d3626871d1d5,b4cfb1e6c0a0632e1d5dbe3ccfb18ef1,delivered,2018-05-02 15:14:09,2018-05-03 15:10:27,2018-05-03 13:02:00,2018-05-30 20:41:15,2018-05-23,9cf375c4d747cd1c2552138252cd392c,2018-05-02
f62bcc40f1e01d7e8a16053541c8b8ef,b89d58bfd8cf424d18ea6f6a84ed311f,delivered,2017-11-30 21:56:38,2017-12-01 10:31:23,2017-12-02 00:06:57,2018-01-09 21:49:29,2018-01-02,0fa1bb54e1541b71ec7def24c36560d8,2017-11-30
5db6441405aea9ad24023a8c10fb6736,e8280150928b880e63d60cfcabdc25d3,delivered,2017-11-06 10:09:04,2017-11-06 10:26:49,2017-11-08 22:11:30,2017-11-10 22:22:51,2017-11-17,e3c774521d475de71b7deb0610632b27,2017-11-06
b68657d2b49e65f89329eebfa2742203,77d9715f1f8189f299ef47380319485f,delivered,2018-03-05 22:50:41,2018-03-05 23:28:38,2018-03-06 20:56:38,2018-03-27 19:28:46,2018-04-19,9b9ec683f4c725d34f8844616265c45b,2018-03-05
a7ba0112ae1019055442b330ee484e67,ea1d4ec39f9bf905313d548b80cba47b,delivered,2018-01-27 23:34:12,2018-01-27 23:55:52,2018-01-31 00:47:02,2018-02-02 00:26:50,2018-02-19,997c66196113f35f0ffe00de2951c276,2018-01-27
de9e0f42dd4a42ac4a00c027dc44eea9,899be4b651267f248003b1bf34fa64b7,delivered,2018-03-11 22:56:57,2018-03-11 23:06:08,2018-03-12 18:55:24,2018-03-24 17:58:47,2018-04-06,1b9270d67df932d478fb86dddde13d1b,2018-03-11
12c876d1fcac530f4415cb03afc041a6,07290721bf998f2a8230469bc3862a5f,delivered,2018-04-10 15:41:14,2018-04-10 15:55:16,2018-04-11 22:51:00,2018-04-19 21:56:39,2018-05-04,e02fcdb28d2cceaf3bc9a3e2280c25d7,2018-04-10
5278efafa60c7005d03202b122eaea55,48898c590cea82870dd37261da197a08,delivered,2017-08-18 22:01:21,2017-08-18 22:25:19,2017-08-22 20:28:02,2017-08-23 15:18:31,2017-08-31,b69f9ad29b1302bb2378999ea4fd7352,2017-08-18
5c11e238c0563cab5491de26eb68f99a,0017a0b4c1f1bdb9c395fa0ac517109c,delivered,2018-03-03 18:44:01,2018-03-03 18:55:27,2018-03-05 19:25:05,2018-03-23 22:18:56,2018-03-22,e36a621e869b643b15983fa8085eb541,2018-03-03
1c859fbb6e7f238f3f6134628b845f3a,cf7fbb3d098ccbae4c45969dc2da367e,delivered,2017-06-04 11:42:38,2017-06-06 13:30:48,2017-06-12 10:48:30,2017-06-19 19:07:37,2017-06-28,ae2bc6e3f4ba64afb8405697bc40ab91,2017-06-04
4314a231faafb2397df995a2fe22618f,e9c53bc9bc8e4fa86eec3cc712c42c51,delivered,2018-03-08 16:24:48,2018-03-09 02:31:06,2018-03-09 21:09:50,2018-03-15 11:51:28,2018-03-29,d71d0fe851b1cd5eca9e31efc0783864,2018-03-08
e1c7bc80ff13024585f11c5d149f3c8a,fb62d928d6792220442f770dce17a56c,delivered,2018-05-24 17:51:07,2018-05-24 18:38:50,2018-05-25 11:13:00,2018-05-26 12:45:49,2018-06-11,2ea8c62d224b6ecc5fae77c0fe0358d5,2018-05-24
750d41eea698eb46b84a70de18de2a5f,b0c50b7b62fb053d5cc61ac72510db81,delivered,2017-09-11 16:11:29,2017-09-12 22:55:15,2017-09-13 16:41:56,2017-09-22 17:52:36,2017-10-05,fd7efe065bf089bf3d026acaa9f02a0e,2017-09-11
ecc812c240c4f03824a3c5d7e3b6d351,760e2f7a591535e202953fe18688b31f,delivered,2018-04-23 14:57:13,2018-04-24 19:02:47,2018-04-27 14:41:00,2018-05-03 00:51:52,2018-05-09,5f8c1030cbd68ae93599c9ed6a8d43b2,2018-04-23
e528f5fb562c9053119f71d32acb91ba,b173f79bb1d308fc5703ecb25888a0f8,delivered,2017-10-18 09:57:45,2017-10-20 07:05:14,2017-10-23 20:48:43,2017-11-03 17:32:40,2017-11-14,3b4246e03fc1d4a501e6e4bdd758e2c8,2017-10-18
a74e83bef10070f30831ad61d579a408,2c7e09453a08b081ddc049e7ff4f8fa2,delivered,2018-07-18 17:11:37,2018-07-19 03:02:28,2018-07-19 11:53:00,2018-07-25 14:54:26,2018-08-02,4d0c783129ecfe2748dd91218887ef02,2018-07-18
b07a843b1265472b48158269f4de8c36,c9cee7df05c70b8c6cf3fe9c3a9d4bb8,delivered,2018-01-10 10:13:31,2018-01-10 10:32:07,2018-01-16 21:16:46,2018-02-07 23:59:55,2018-02-08,d8d3848de5119ecc0b465d2e33e211a6,2018-01-10
a20d38e431ba45fd0e34c5e8e82fe4c0,20d2549d5d79d62df5e11af270ce231a,delivered,2018-03-15 14:58:40,2018-03-15 15:15:45,2018-03-16 22:42:02,2018-03-21 14:38:38,2018-04-06,e868bfb8cdf5fd126ef529393d8e28e5,2018-03-15
c3e622f24839ec7bd509af46cc7cde22,18f8b1df349834d30e2e56ae266236ee,delivered,2017-11-29 23:47:39,2017-11-30 00:16:46,2017-12-08 01:12:43,2017-12-18 21:54:13,2018-01-02,8c1ca00811b8db546ed1bebc2874a00a,2017-11-29
cc16ebef1f3a4045ed7084406d057749,c2dd4419fff3be4ee48f93165e30984b,delivered,2018-05-21 00:55:44,2018-05-21 01:10:23,2018-05-21 10:21:00,2018-06-07 21:47:29,2018-06-12,ebe2d6ac2449578b0a20fb0519a1f175,2018-05-21
601aeff176a15b40925c874c87b0cc16,f2bd912dcfcf35f4ed1c60688bf4705d,delivered,2017-08-12 09:32:20,2017-08-12 09:43:45,2017-08-15 11:43:54,2017-08-18 17:03:30,2017-09-04,759f139e3c6deb5c492243ae1b7b984c,2017-08-12
53f8daea6e8c8d787695830a448a3e67,09964655437e26066ed5c95ef397971a,delivered,2017-12-02 22:58:07,2017-12-03 02:43:35,2017-12-08 15:33:57,2017-12-29 19:18:08,2017-12-28,21d2dd8393e557d9c7fd7c87eb2541c4,2017-12-02
0c905768040f5d51c3cccf00256ddcd3,b881f59b31df61f2728d3d9b42e93edc,delivered,2018-08-03 19:12:10,2018-08-04 19:05:21,2018-08-07 14:33:00,2018-08-13 16:38:54,2018-08-22,46fe28a37808da7649e403dc4d896d59,2018-08-03
4fb7f20700ef54b2bad00ee038997999,9dcae53ab538f590632153ae2554b1bc,delivered,2018-04-18 18:22:05,2018-04-18 18:50:13,2018-04-19 19:41:51,2018-04-24 18:18:46,2018-05-11,083e578b18c8717ecbc7fa41c6e6a6aa,2018-04-18
4ee4b8462b9a39ac1fa86e28bcc22ad3,349784e36eb31eb41120cf88c5c3a64a,delivered,2018-08-14 11:31:21,2018-08-14 11:45:16,2018-08-14 16:03:00,2018-08-22 20:57:19,2018-08-24,eb240714223915add224beff2d844e53,2018-08-14
fc608ec5eadbd9c3b59babdc1f7ebca9,6b09c9068f0143baa594184b79cfc99f,delivered,2018-07-23 21:50:23,2018-07-24 10:31:28,2018-07-27 12:00:00,2018-07-28 19:57:40,2018-08-01,38ab8907007d04664b89d8b59041b6a5,2018-07-23
1572f182d2e056c2c49d7ee8a7bbdb28,1954de6a9870b036dd839a08d776d309,delivered,2017-08-13 14:05:11,2017-08-13 14:23:44,2017-08-18 19:51:43,2017-08-28 17:55:56,2017-09-05,2307980125b4ba9d03e476bedc0caff7,2017-08-13
6bf735a4c4886608f57fda916dfa6225,002408f390f729598bbac1ef9421c6ae,delivered,2018-01-10 17:01:34,2018-01-10 17:13:25,2018-01-13 02:22:09,2018-01-31 19:06:43,2018-02-07,589621a1ce8b9302b75d6920dfd7dd01,2018-01-10
d0eb69a1a436e3d9536dcd767b75f987,3065950358713c7541fe0f220ee25140,delivered,2017-02-15 22:46:12,2017-02-15 22:55:21,2017-02-17 16:43:46,2017-02-23 08:17:06,2017-03-21,7891d406499c527836df0c0f9e48f712,2017-02-15
f8b61378d33d8f856f9c4a94a114ad2d,c3bb0f6b7cd4686a3cb0a3ed4dcba76b,delivered,2017-12-25 16:32:33,2017-12-25 16:49:02,2017-12-26 17:09:09,2018-01-16 22:41:51,2018-01-26,5f6e5c2a1979b66c9683d11889b41e1e,2017-12-25
9dc1565f8a955146f6a2d098f8694db5,5d880b1217c1ef3b99ee42e52a79b92a,delivered,2018-04-30 21:21:28,2018-05-01 03:15:47,2018-05-03 09:51:00,2018-05-10 15:46:45,2018-05-24,a3ecb4b8e278509247aa535956895016,2018-04-30
004b62108b876867938746ad3154167f,7ddb7e4242fcc518842aade22f5bee4d,delivered,2018-07-04 20:34:26,2018-07-05 16:40:11,2018-07-11 14:12:00,2018-07-13 02:46:28,2018-07-19,49e67d53accc3f7540aa695b147e8b05,2018-07-04
973753497a88aa596b6b6a94c0f5e0d9,fc6a3242f47ac9f9c9f40eebe1831a29,delivered,2017-12-20 16:53:50,2017-12-20 17:02:24,2017-12-21 20:39:53,2017-12-26 19:35:18,2018-01-16,f684bf5e367a61e38b3d911c362271a5,2017-12-20
f0ad6b89b7bb4a740b8121a4a69511fc,23267a340cb0e9928fca29f239429b11,delivered,2018-05-03 14:00:59,2018-05-04 03:51:50,2018-05-08 11:55:00,2018-05-16 18:48:15,2018-05-30,327a01a6885ecfda06a3d5c50fb515c3,2018-05-03
353772de52bcff5f876d8be65bd4f4d9,d9579365eb6cfb3906a6b2587a966f9b,delivered,2018-07-27 11:27:33,2018-07-27 11:35:18,2018-07-27 14:55:00,2018-08-03 16:46:48,2018-08-16,bc985beb2db2e72ae03a4c4a88ddb58c,2018-07-27
5797b09452273744ac62c38230d88248,2daf50201a5e309f6be0fcb20ff2ddd5,delivered,2018-07-15 11:35:52,2018-07-15 11:50:11,2018-07-26 07:18:00,2018-08-01 14:37:37,2018-08-15,48e9a4736e6d24f05581aa6e476795c3,2018-07-15
b973e51d5b8172ede592b1378db59175,1b70b7fe9d34b71a39cecb0f79a6fa89,delivered,2018-05-19 16:23:46,2018-05-19 16:32:11,2018-05-24 09:27:00,2018-06-05 19:21:45,2018-06-06,e708a1fa28edb88cf4ac06077a79ee60,2018-05-19
84c8d881929cf4e631a02b92afbb9524,95a7881d2f0097b979044a33f69a513f,delivered,2017-10-13 12:03:00,2017-10-14 12:14:10,2017-10-16 14:53:03,2017-10-25 17:52:58,2017-11-14,29d866480b099a8d54499443810f1132,2017-10-13
1ab042feaa17c3f7a85da45fe9a29a78,8689f13435f4c1c06449544409eea443,delivered,2018-05-10 17:20:31,2018-05-10 17:38:09,2018-05-11 14:17:00,2018-05-16 15:42:05,2018-05-28,4a8282e6984d0a63fdba04cc09cb0279,2018-05-10
cd26f38f85079dc481e75845b1043af2,cdae9ff1bbb32efe13244886b1e09571,delivered,2018-03-15 16:47:45,2018-03-15 17:10:12,2018-03-16 22:42:02,2018-03-23 01:58:51,2018-04-03,b802512f1c6557682799c6407e259d1b,2018-03-15
8be77876ac9c4b149404292ab1538b20,f67e4d84b3f003474bcb280eb4814ac3,delivered,2017-09-09 21:36:02,2017-09-09 21:50:10,2017-09-11 21:39:44,2017-09-15 20:42:06,2017-09-21,6b15a084516c8b8619e24440c335fa20,2017-09-09
24a36fdfb713ce43bf2b074fdc339995,243dc9231b876da619e0d87d9d05a223,delivered,2018-01-29 15:03:34,2018-01-29 15:18:50,2018-01-29 23:52:50,2018-02-07 01:11:50,2018-02-23,2ed56755431ceaa7a2ac318445703469,2018-01-29
22ec9f0669f784db00fa86d035cf8602,d0d7086dea6fcf42b9b690b9f3745c58,delivered,2017-12-03 21:45:23,2017-12-03 22:08:00,2017-12-07 19:17:29,2017-12-08 17:19:00,2017-12-20,597cbb334f18a671472f7e16648228b4,2017-12-03
f9f9db702438563b3248048f436bf2a0,72f9e063c7f669ab27e058a39ad1deb5,delivered,2018-01-12 23:15:47,2018-01-13 00:07:31,2018-01-15 22:55:53,2018-01-17 22:12:56,2018-01-30,211d1133f3faa50ee1e4622d9edc1e9b,2018-01-12
9516708e3c4612677ddf7c9167b54076,1e677e002df7792bfb7054bc1c3e1435,delivered,2018-02-14 12:29:36,2018-02-14 12:47:15,2018-02-16 22:43:08,2018-04-06 23:21:09,2018-03-07,2577f75f38611a31553d5008d1da6305,2018-02-14
d0fa5573398a294b08b8c525a9786b3f,7810040766f04eddcb0c15400da11c22,delivered,2017-08-21 10:28:58,2017-08-21 11:04:38,2017-08-25 18:57:24,2017-09-19 21:05:04,2017-09-21,a72ed647aa1a2464ea6da38dcbf9ee7e,2017-08-21
19c36691fd116059bf49b7960f1db743,02625456293ab29f0b11a84835a8c0ab,delivered,2017-10-24 14:33:12,2017-10-26 03:09:41,2017-10-26 20:10:03,2017-11-08 16:18:46,2017-11-14,570eb70ff97166b85ea96be3bfb65fef,2017-10-24
bd642c6155f02b3fb7eb4a527389fa64,036f3be5c1b9e3684b52ba2954ee35ce,delivered,2017-05-15 20:19:09,2017-05-17 03:45:33,2017-05-17 11:57:01,2017-05-26 15:23:44,2017-06-14,a5dc96c5031bfb22bcbe3a4350c323b9,2017-05-15
d66019cee9362dc5fb477e354c7cedf2,a2d6f67ddab4bf3f030cf1efcf214c7a,delivered,2017-05-19 09:08:04,2017-05-19 09:22:26,2017-05-19 12:59:27,2017-06-01 13:03:02,2017-06-21,9ec26421666815a1f25aae522c3e293e,2017-05-19
d5244670e213108e7d21f54a42548613,b960433ecd19b8c8507fa68fc46c30d8,delivered,2018-08-11 20:55:28,2018-08-11 21:05:14,2018-08-13 12:14:00,2018-09-01 00:36:42,2018-08-28,13f8b06b650bf87fba85d1b6d1d3594a,2018-08-11
4637dbe88df1c99a56490330b954471e,73395b6c08f8e6f156a7c9327a32ad7f,delivered,2017-12-21 09:44:39,2017-12-22 09:10:36,2017-12-23 00:09:39,2017-12-27 17:19:05,2018-01-16,85bf7bef06444b28bbc95ef68980bb64,2017-12-21
4023a76299303d17458bcb9419d0f6e6,9d463820dba452ab51e07e689894fb14,delivered,2017-09-08 11:56:14,2017-09-08 12:05:32,2017-09-08 18:32:27,2017-09-12 18:46:23,2017-09-26,3fbf389fec853963ba6644b0091ac939,2017-09-08
322b584bcce9a2ecb8d00ca5de3ac302,db55a81f2e96b91b662e38feab7f3f7c,delivered,2017-12-11 18:46:32,2017-12-11 18:54:27,2017-12-15 13:29:53,2017-12-29 05:33:19,2018-01-15,ab341ba2b1625e9a554bcaca4aea5bac,2017-12-11
984d4e0bbcbf4680816e91b76477a8d1,1ee66290ddf474726de77ca35bad9c3d,delivered,2018-06-27 18:28:23,2018-06-27 18:50:46,2018-07-05 16:01:00,2018-07-11 19:51:06,2018-07-30,3bcd0ddf751cb9542efe9f6299fad626,2018-06-27
07bdb6811431a929abbd2ada5c891dc5,042d3b446910e8338a3a8bad1dafe7e7,delivered,2017-08-03 18:07:28,2017-08-03 18:23:32,2017-08-04 20:34:38,2017-08-08 16:52:48,2017-08-23,d0e4d11c07a9872b5c41cd8fc63837ba,2017-08-03
7730e06abd27a0f67b9f462ad9bad838,8007b5598d9908bca93e9755793634de,delivered,2018-07-20 23:03:32,2018-07-20 23:15:11,2018-07-23 11:37:00,2018-07-27 20:48:33,2018-08-06,e40638212238d29d16484fd76eb7d785,2018-07-20
8e4b89ec7102d637fcb7388ddc61d5c7,7e1fefac4949b05bbf651b093817fe1f,delivered,2017-05-27 08:57:04,2017-05-27 09:10:11,2017-05-29 15:44:54,2017-06-08 16:49:58,2017-06-20,53abe746f1575f367bba91359eb029ba,2017-05-27
67ad45f6efc3483b12ad1dcc36d868b5,ec1b4e42ecfa400b92f92733673f67ca,delivered,2018-08-06 22:06:15,2018-08-06 22:15:20,2018-08-09 12:25:00,2018-08-16 16:15:52,2018-08-17,5836ca319838cd7597816df159c42288,2018-08-06
fae7ec9e7beff1d7e8ba7161738e557f,a95a14821505950abf17a562b31d1bf9,delivered,2017-06-19 20:18:51,2017-06-21 02:15:35,2017-06-23 08:35:48,2017-06-28 13:22:06,2017-07-11,1a15eecd72a08e1134ba406c7a7998e6,2017-06-19
8a9834818b80c700d003832e77e0880b,36ef77f5fae835c731e0ef3a3c9a4625,delivered,2018-04-07 22:40:04,2018-04-07 22:55:11,2018-04-10 19:07:44,2018-04-11 20:10:41,2018-04-24,c18ef467e477c2390f058f4d28ea3769,2018-04-07
d3a156f7a2b75eb91917689326171a3d,574784507f8c418dc386a0961453a3c0,delivered,2017-06-27 11:35:20,2017-06-27 12:30:53,2017-06-30 14:39:48,2017-07-11 20:18:00,2017-07-19,d197c5a5247731ed7e496fe7744c119a,2017-06-27
1ae5e030d89d7b67c836e475fd6724e7,aa1dc043644fb51e654c0fbb6edb66cc,delivered,2018-05-08 16:05:31,2018-05-08 16:18:20,2018-05-09 10:16:00,2018-05-16 18:44:33,2018-05-28,b809df6e0b4a7fcd017b930833022256,2018-05-08
adb271230fcb815525a44dc582e2aca4,1e27003e2be80002823449d52e6d6f95,delivered,2017-09-03 01:41:54,2017-09-03 01:55:09,2017-09-04 13:09:17,2017-09-11 18:04:24,2017-09-26,7d32be62832c4656d0b7238ee9304fc8,2017-09-03
67528c4b8b629d9cbb51da492c6a9ec4,c7b11b637c5fc27c489e16d1fe801af4,delivered,2018-07-22 13:01:27,2018-07-23 11:31:25,2018-07-24 15:56:00,2018-07-26 23:12:36,2018-07-31,6a78f846a7a89f3e334141a514dead1d,2018-07-22
8e7fa56d527246ac36501c8bb7dc1acb,50ef809a5249eba40232a9d91d3992d0,delivered,2018-02-03 15:26:44,2018-02-03 15:50:12,2018-02-06 01:33:06,2018-02-21 03:13:42,2018-03-02,cabab8c4a3a29154c4634041002bfef9,2018-02-03
d82fd3fc3c5ceb51ec5f5db847dbe0a9,b38fe1a2c24f64d3415260f865f25a72,delivered,2018-01-30 13:49:17,2018-01-30 14:15:16,2018-01-31 22:33:11,2018-02-02 23:26:58,2018-02-15,6ad57de941618ad22da6deb4649b397f,2018-01-30
e5967b8295716dd4da3550bb3fe5cf58,95285b629738c99ef620e8f7f22295c5,delivered,2017-12-06 10:20:11,2017-12-06 10:31:36,2017-12-11 19:53:08,2017-12-15 20:33:22,2018-01-04,c3d7c80f1fb3f0b7257888c3892ad412,2017-12-06
bdb2a4829fa0c44316c6355477f69c3c,b10e80812be888f9a6debafcbbad32bd,delivered,2018-08-15 11:58:30,2018-08-16 03:15:18,2018-08-16 15:13:00,2018-08-17 22:48:28,2018-08-20,9345567be384b4847906fa96dabb5e5e,2018-08-15
e53516f14e3cc830f4afa84315707e9a,036a6fb17c53bf6788807347320e8bf1,delivered,2018-02-17 14:05:18,2018-02-20 07:15:36,2018-02-26 16:43:24,2018-03-21 14:36:42,2018-03-14,20e0ac6b53ce949068aa86ddb08a50fc,2018-02-17
e33d8345fd55476c9fc022be9809a8e4,3752ad0300f5153523f4db639d6c7a89,delivered,2017-03-31 16:06:53,2017-04-04 06:02:47,2017-04-04 16:57:12,2017-04-11 12:39:23,2017-04-25,76d55e8b37f340fc0c7d8c4f5431da84,2017-03-31
0e849e380bc578c72e6e7273210c74af,e2521351e6aa5ab0d7ed5cd7f7880014,delivered,2017-04-29 21:13:50,2017-05-03 15:42:26,2017-05-04 14:14:49,2017-05-23 12:13:36,2017-06-13,7d42b50292256bcfc7943186e4536013,2017-04-29
cddb49503674fc983e56f506266cb68a,149fa0076bccc504ba9a6464a9ad7906,delivered,2018-05-12 13:32:27,2018-05-12 13:54:54,2018-05-15 13:46:00,2018-05-16 21:51:27,2018-05-23,588d9c533b57582a00dce71dbda73fc3,2018-05-12
56b63c7382a444bc8eac58cd4d161da0,4f9e473da3d7122babdf130f1edd1c5b,delivered,2018-07-19 21:42:17,2018-07-19 21:55:17,2018-07-20 06:56:00,2018-07-27 18:05:53,2018-08-13,9843b2d14ebdb36bf2bdfae8b6481625,2018-07-19
d205a43c0e35aacecbf9e14c272c7d20,991912f8e7ebc0451277681f0e2ce523,delivered,2018-07-02 14:07:18,2018-07-02 14:15:14,2018-07-02 16:20:00,2018-07-05 22:34:36,2018-07-27,d6e6c87e9a5357f46b215d0f68147084,2018-07-02
1fc6ace55ac5c5d93cbe7ce9b4ea9bb3,ad8b9a0b04642da87ce686cc78942670,delivered,2018-03-16 14:01:32,2018-03-16 14:11:00,2018-03-29 20:48:43,2018-04-02 20:07:42,2018-04-13,ce51a7ea213b184867d70e82ec869fc9,2018-03-16
2b9f8ad9f32e83a7cc84270f04858de6,628c270864d9dfcec3756dcd5632bf3a,delivered,2017-08-08 19:18:54,2017-08-08 19:35:14,2017-08-09 14:11:25,2017-09-01 19:51:44,2017-09-20,cc229eaf28082c73200707e40b029888,2017-08-08
4d8facc97be05fe7125870fb933e0362,7ca383390f38031938923c14a7869feb,delivered,2018-03-12 17:41:32,2018-03-12 18:09:37,2018-03-13 23:27:18,2018-04-07 14:54:36,2018-04-03,521490319db30a0671a5e45515f92ce4,2018-03-12
e0abb8df68a21dc73ca95ee8bdd28d00,ff3c973762fd39294c6bfaf9a2c537c7,delivered,2018-07-20 16:28:33,2018-07-20 16:44:11,2018-07-21 09:06:00,2018-07-25 00:48:29,2018-08-06,361767691b95567f5b7e8731f72fd15a,2018-07-20
14e4ba20c3a5b38de7c1e5edab904bf9,ee62bc8402e533e9711aa2f3d56f4b0c,delivered,2017-07-14 09:20:21,2017-07-14 09:43:48,2017-07-18 16:14:58,2017-07-26 18:18:01,2017-08-08,03d5b8b586864eecec7018eaca5fd647,2017-07-14
4fea2d9b1556c6f36a21a75b5ba71246,847077d28012353a648c9d346ea87d3d,delivered,2017-02-07 09:20:01,2017-02-08 03:23:05,2017-02-08 10:29:41,2017-02-16 07:22:26,2017-03-06,968dd1a4c213241d56f94f730ff9ffe7,2017-02-07
8ff2a1bb6ca93be212d4ecf85de7e14f,430c04898ef30536fd1ee210b68c1c74,delivered,2017-05-04 11:45:40,2017-05-05 21:25:08,2017-05-09 14:00:44,2017-05-16 11:27:36,2017-06-01,95e020622a0ed4ede2bd25f8f5780ac0,2017-05-04
3189cf8674c0de19050957fe2fbdf671,f64ceae22c9f06b9b6e36e004c23d9c3,delivered,2018-02-26 09:30:30,2018-02-28 10:40:34,2018-03-02 19:22:58,2018-03-08 23:01:34,2018-03-16,753265dd2f0f047425dade4a44d3b916,2018-02-26
f9bb72cf336b553a0895edff8be3b787,76bc16d171473f2d3048da482580b8f1,delivered,2018-07-28 06:11:36,2018-07-28 06:25:06,2018-07-30 13:05:00,2018-07-31 22:23:37,2018-08-06,965ccba9b3edf80a6ea648ef3e722fb0,2018-07-28
856370edb6a779071858ac53fbce9aeb,14db24a68650994f614013d2d28cd606,delivered,2017-12-16 18:49:14,2017-12-16 18:56:30,2018-01-24 17:25:08,2018-02-02 21:47:31,2018-02-09,844f9432397ff6dcebb26f4a5e36ceb3,2017-12-16
1525f8f0c2985955d93907fa19a9cc3a,c90da9c377a0232004718a9fedf148c9,delivered,2017-11-04 00:10:23,2017-11-04 00:25:57,2017-11-08 19:24:54,2017-11-18 00:43:03,2017-11-29,4caa1eddb0d07179c6062964918c87fa,2017-11-04
51588073e1f9014c44225282b8921690,b19843268a4daac1043e513eaecf99f0,delivered,2018-03-20 16:48:24,2018-03-20 16:56:01,2018-03-22 19:32:59,2018-04-02 18:45:45,2018-04-18,34b6d5afbfbe25fc4fdbf0309b8aeec1,2018-03-20
0a8758ec6f399b52f2ecb7b1a0c4c16c,8e98bf676f11db9fd078edd4d3dad51c,delivered,2017-11-25 17:33:04,2017-11-25 17:53:04,2017-11-29 21:05:01,2017-12-09 21:12:27,2017-12-19,ada34b99e77d7427f903b45fdf1d3772,2017-11-25
ba19b234cabc645ff31e7c3a0076de18,5c662da3721a7e6cd69388f0a26c04a5,delivered,2017-11-24 21:37:27,2017-11-25 00:36:01,2017-11-28 18:09:25,2017-12-20 18:04:24,2017-12-18,8355cff9b50ff80ef5775d734a0fcd6e,2017-11-24
96ddb50f66e3e4afbcf614a6f6e88d0e,8efdae919062dee558a1f89dd6e62bf0,delivered,2018-03-20 12:58:17,2018-03-20 13:15:28,2018-03-21 18:44:39,2018-03-22 21:06:36,2018-04-02,b6c7d9b3cf077e60a3436d742b05a717,2018-03-20
a17bcc333f4e645ec9c31d9b75d1ed89,6cd8ae3b1c2b8cd4dcdf241db7ada313,delivered,2017-09-05 07:49:42,2017-09-06 02:50:25,2017-09-14 20:14:48,2017-09-20 16:56:10,2017-09-22,0f7ab52ce0a8027225ba22227af7c323,2017-09-05
688c85d1e56b382a67c05b5807521e92,250140565b02546b115981ac3442ed86,delivered,2018-05-13 19:47:01,2018-05-15 04:12:18,2018-05-15 15:02:00,2018-05-21 13:14:49,2018-06-06,549038e2c41350e6ac5a9d601a93ceed,2018-05-13
739677eada57f8079787189697f71d74,60295e486ecc60549fd858f3eb8395f1,delivered,2018-03-08 12:00:34,2018-03-08 12:15:25,2018-03-09 17:52:07,2018-03-16 18:24:52,2018-04-02,78fd1cb92103a044bc417c13050b4673,2018-03-08
6cff0bbcafb7486dd85cda3c8171cf9a,1e492f4fb4ccdab801d2b7787855f189,delivered,2017-09-12 16:38:26,2017-09-12 17:20:06,2017-09-13 17:03:55,2017-09-19 20:37:49,2017-10-03,6d904f17eb4b0feb98802d4e1f603ced,2017-09-12
a0c743456ff5737ebbcdaa56c9b2869b,99b4ce490808a0c69cb61bbf585c7967,delivered,2017-11-20 11:46:56,2017-11-20 12:07:37,2017-11-21 23:38:53,2017-11-23 23:13:16,2017-12-27,f9c2af3352b164ac38738189f61c1904,2017-11-20
3b950d21f427aa8164e70c667017b97e,607c2d89ceb54c4f5b248ba4e969d65a,delivered,2018-01-24 12:29:14,2018-01-24 15:08:02,2018-01-25 17:08:16,2018-02-18 18:22:01,2018-02-22,e90ae4c795f7470a59e6cb9f2cae1859,2018-01-24
7f09bca31b66e6df150a8030c5a534cf,55345989bcd31ff1780e6b2365bcf078,delivered,2018-01-15 09:14:15,2018-01-16 03:36:42,2018-01-18 14:08:57,2018-01-23 13:04:32,2018-02-07,3c6a129878a1d2276b8ba85df461d8dc,2018-01-15
ceefe38963a74828ec008a3985a2c517,08a4aa30c0eea37598e0a8095910b491,delivered,2018-06-18 19:54:17,2018-06-18 20:36:50,2018-06-19 14:28:00,2018-06-20 15:42:53,2018-07-04,699c846b70946abea147f06524ba9e42,2018-06-18
334ea0d577d6491e3b5ea4b5fdc76a75,d601733cfaccb4f1424e8db9bfc2fef4,delivered,2018-03-26 13:02:11,2018-03-26 13:15:28,2018-03-28 18:36:43,2018-03-29 20:18:55,2018-04-06,1f66e8e77f5f40caaf63d93909ae7c39,2018-03-26
f81315a9288555238f4f14f53669cc4d,826d38ccdb8111123c0842ce53ba3c68,delivered,2018-06-21 15:09:17,2018-06-21 15:39:15,2018-06-22 14:11:00,2018-07-04 18:22:51,2018-07-20,526ec1515b03d9c532d4cd17f6f87654,2018-06-21
e917a7cb4d175976dd50e47989af2077,beba57483041cfae26ab1d42f0d36a37,delivered,2017-12-30 00:34:57,2017-12-30 01:07:57,2018-01-02 21:06:40,2018-01-18 01:28:56,2018-01-30,d7b79af5872a0d58e25647e4f8653962,2017-12-30
6ce317b426646bc2042821d2428dfd2f,743e5db38ca5829692d7e8047a9a60e9,delivered,2018-06-21 09:15:14,2018-06-21 09:43:03,2018-06-22 14:53:00,2018-06-25 22:14:48,2018-07-04,31749fa0149e198015467e54929d5123,2018-06-21
89d9b111d2b990deb5f5f9769f92800b,9a1afef458843a022e431f4cb304dfe9,delivered,2017-10-29 16:58:02,2017-10-29 17:10:09,2017-10-30 15:58:52,2017-10-31 15:33:47,2017-11-10,8d50f5eadf50201ccdcedfb9e2ac8455,2017-10-29
18259cce830d6f0f67331bafa6cbe93d,a280a323beaedcc912723cdf400d7b4f,delivered,2018-04-16 19:50:42,2018-04-16 20:15:26,2018-04-17 20:51:46,2018-04-20 13:13:39,2018-05-10,57aa54dd3bda31649edde38966637f7c,2018-04-16
9a4705eb98d3d163623b45352b54919a,33f94cb672301b24d91aac31b9ff9178,delivered,2018-04-09 20:05:15,2018-04-09 20:29:55,2018-04-10 17:21:31,2018-05-02 17:28:34,2018-05-03,0d0f7471391c3a72f18f22c34fc5187e,2018-04-09
835c4371614f69189484aaad9a4087dd,dcc70a05d8629326f7ab1f8072cacf08,delivered,2017-09-17 18:04:09,2017-09-19 03:38:02,2017-09-20 19:15:22,2017-09-28 18:26:53,2017-10-09,710daa22ff279ccd1351bb3ffaaa73cb,2017-09-17
d5f00152185286db9711864486393e32,5e1a13f06c19ab11130f53d716684a6c,delivered,2017-03-17 08:26:42,2017-03-17 08:26:42,2017-03-17 09:37:43,2017-03-27 10:10:10,2017-04-11,356ed180b2e59a4ad49bdcf208481b68,2017-03-17
5ddea4bc0239f874cd7d6fd398d6045a,5d939e33176380aeed97a1ca037382f0,delivered,2017-06-05 17:54:00,2017-06-07 02:22:32,2017-06-07 11:41:51,2017-07-01 15:24:57,2017-07-04,f79c969a1665f477201e86ae6e036c30,2017-06-05
574b55f36546f8673e31a60365b5da3a,2d1110b31e61ee52cd688d89dc70549f,delivered,2017-11-10 23:54:17,2017-11-14 03:50:45,2017-11-14 18:52:07,2017-11-16 15:48:39,2017-11-24,255b822fc8eed53ced1274388e85a07a,2017-11-10
95164a281f8f12427079265d1a0e2e21,92a7ae95009e9a6aaa9b15b9d2695049,delivered,2018-03-26 16:15:20,2018-03-26 16:30:20,2018-03-27 23:12:32,2018-03-29 17:34:44,2018-04-06,a3cc13aa0023dd6db1e83860494a1444,2018-03-26
700546945c05f91ea52fad741062bce9,b94f060aabc0001e614ca7aca2761039,delivered,2017-11-24 17:56:56,2017-11-24 21:16:29,2017-11-27 22:04:28,2017-12-04 16:23:27,2017-12-15,7c3a27897588be0771184c40031497aa,2017-11-24
fb7a3213facd63106674c2d4fe0813ae,72ad3b059873841f4e0cc95d7eb93de2,delivered,2018-05-07 21:54:51,2018-05-08 04:32:55,2018-05-08 13:16:00,2018-05-17 21:32:00,2018-06-13,6354bc4ea9af4b861d0b019ee10c40ac,2018-05-07
f15a9d9b458aa040e6c47b6bb2311fb4,37e814aa0b2b15f198064bc42bc5886e,delivered,2017-05-16 21:55:21,2017-05-16 22:05:13,2017-05-18 10:45:52,2017-05-23 10:47:47,2017-06-07,15ebccd5a7e89574bdf3c0cc0503f060,2017-05-16
0c7019c628b3991e648a3769eff36f6d,815d430c8c4c1fd1980edd447ac4f8b6,delivered,2017-06-25 15:58:28,2017-06-25 16:05:10,2017-06-26 10:22:51,2017-07-07 20:05:51,2017-07-24,452afebe487ec1030b322915f4daf2eb,2017-06-25
a12362add53762f2cdf644889917fea4,7f9a25e3e3f8323eaf21a6c4e09a29ec,delivered,2018-06-06 20:52:01,2018-06-08 03:13:36,2018-06-08 15:48:00,2018-06-16 00:14:37,2018-07-17,611fe38d3860caa312a7e702f2b8f97c,2018-06-06
9bdcb4559b75d21a22fcd868d9e5dfec,6de980369453bc98c75da669412a0e85,delivered,2017-11-24 19:51:23,2017-11-24 23:12:34,2017-11-25 16:35:13,2017-11-30 16:05:23,2017-12-15,3718945ae32eccdfb1209155e35b7e05,2017-11-24
07b6b194d5b1f0c26bbc794748048aeb,7be2fab6281a2ec4df4b9de1e47d9217,delivered,2017-10-18 23:38:10,2017-10-18 23:56:30,2017-10-19 21:44:02,2017-10-20 16:46:50,2017-10-30,043ed8f32fb896008b1f56c248fe032a,2017-10-18
2db42ea65de6f21be729a6671b074a4b,21b9f862d8113b3b25bb49910352483c,delivered,2018-06-23 12:14:52,2018-06-23 12:34:56,2018-06-25 14:12:00,2018-06-26 21:21:20,2018-07-05,08b57f87bc889756ca453bf8106d48ce,2018-06-23
cd6d5ca28fe5c4aabf7aec6f2968bd49,a716b6eccbe4faea73f0d19022e377bc,delivered,2017-11-28 21:10:55,2017-11-28 21:36:22,2017-12-01 14:35:10,2017-12-18 22:24:49,2017-12-18,a9179861db3b155bea5a214af4646b91,2017-11-28
d74cdf7dea16668a34d57964004f0e94,0d084e109d08dc18e40858b407ce7c6b,delivered,2018-06-16 21:49:37,2018-06-19 04:16:51,2018-06-19 13:17:00,2018-06-25 20:32:44,2018-07-11,0b7604941dd811e84ae22ca3b90a49ff,2018-06-16
734e66350ff1d845ab707409554c76c4,973bc0291bb6c58f5cc8b0f838d2772a,delivered,2018-08-03 17:05:23,2018-08-03 17:15:27,2018-08-28 12:08:00,2018-09-03 22:50:57,2018-08-17,0aacde7f3bda1ae91da7289dcb1c2a5c,2018-08-03
ebe702debf95ffef903434389a46876f,87cf8768894da2774a9ba8e181bcd84a,delivered,2018-05-06 00:14:52,2018-05-06 00:30:06,2018-05-07 14:11:00,2018-05-10 20:25:22,2018-05-30,a77f74ce9d935c30a4328d684c5d738b,2018-05-06
e0f7f2941ad3a817c0cdb8f90b13f0f3,b0122e56650079ca699d17446a11bfbb,delivered,2017-11-23 09:57:47,2017-11-23 10:12:34,2017-11-28 19:48:45,2017-12-04 17:58:04,2017-12-26,aee04189e16b482698853335ae6ba11f,2017-11-23
f859266ccfc29caf67429ae86f081f7a,4ec889f3d9cd212d69b57bf84fe19f61,delivered,2018-06-03 08:25:31,2018-06-03 08:50:07,2018-06-04 15:30:00,2018-06-11 23:41:53,2018-07-17,5c58b2582dc846cc1d2e0e09d35142be,2018-06-03
2babbb4b15e6d2dfe95e2de765c97bce,74bebaf46603f9340e3b50c6b086f992,delivered,2017-02-18 17:15:03,,2017-02-22 11:23:11,2017-03-03 18:43:43,2017-03-31,f79be7c08dd24b72d34634f1b89333a4,2017-02-18
543842af6f788d8bdaf1b1e63c0d3da1,57c0ca1180ca7cc6d077b34a91cc685e,delivered,2018-04-06 21:03:28,2018-04-06 21:15:26,2018-04-07 17:25:49,2018-04-10 18:28:30,2018-04-26,a638973b93de612bf38218b2e8636eb8,2018-04-06
e72ce58da5fa186692fb2a9d253c0cbd,eb4e1a00320b05de70f104ef47d3f20e,delivered,2017-10-03 09:49:10,2017-10-03 10:07:16,2017-10-04 10:10:19,2017-10-06 21:51:17,2017-10-19,a85a70ec0d3469c8078c2b4064dc9d37,2017-10-03
53d6fdda7e6cd60c16d5051f00ac2af3,f33ce5c93bb775dce8f1ee9e1055e65e,delivered,2017-08-29 22:35:42,2017-08-29 22:45:16,2017-08-31 19:36:58,2017-09-05 19:16:04,2017-09-15,d77aa95864ae5b42160937615628723a,2017-08-29
294a004bc4c2a5e3d9404a213164afe1,d60977f266fbf35d13d563da7286f472,delivered,2017-09-05 21:25:02,2017-09-05 21:43:28,2017-09-06 16:08:49,2017-09-13 19:07:10,2017-09-28,b8fcb607fbf16af25bcf08dda8ba3e72,2017-09-05
dfbdae4128710f6f089dca71d4bc4844,ec8622d7f25a5dd7c86068d56006831f,delivered,2018-08-06 19:36:46,2018-08-06 19:50:19,2018-08-09 13:10:00,2018-08-13 11:46:33,2018-08-15,cde9a3ba463546473aaa81b023a4c899,2018-08-06
fcb2af36166db4e5d7ac2491544cc1e9,40332f0f0eae03d84f6070310bdc06b5,delivered,2018-07-30 22:49:40,2018-07-30 23:05:13,2018-08-01 09:37:00,2018-08-07 15:16:51,2018-08-10,141a45b22ec95b8a86ad6a63a526beaf,2018-07-30
77cee551ec0bfd054f82bd2495d2fcd6,9781b638c3b040f81afc6d7770bff92d,delivered,2017-07-22 11:03:06,2017-07-25 03:30:32,2017-07-25 22:04:54,2017-08-04 16:45:00,2017-08-15,7363375a8db8e8b501c6ccd71f493fb4,2017-07-22
bcfb752924c7ba8161720a345e940d23,791b1f2ebf981ee9867bba35359d8d3c,delivered,2017-12-19 12:26:24,2017-12-19 12:36:23,2017-12-19 20:52:08,2017-12-21 01:27:10,2018-01-08,f77f10748dc83889b6cbffba623914af,2017-12-19
05234d05cd854695218f98bf84cd2489,e5dd0085eaef3be8578a19a6e88c7e10,delivered,2018-05-21 21:41:26,2018-05-22 00:32:41,2018-05-23 13:55:00,2018-06-04 23:23:41,2018-06-13,ec798bcabbcd5ec2b0f5ceff3d224987,2018-05-21
80a4a10c7eb09d49ba31fc55d4efa53c,79718a1dd008d064a07683e902214896,shipped,2018-03-29 10:09:20,2018-03-29 10:27:49,2018-04-05 23:41:43,,2018-04-17,600d9a67d1fd5b0c6a51e86150f63889,2018-03-29
d32642f6d232b67e805b482eb0beae4f,ded7ebb4fd8eec0e280d33897cf98b05,delivered,2018-04-19 08:48:52,2018-04-20 08:52:48,2018-04-20 19:47:34,2018-04-23 17:18:45,2018-05-08,2a5d7239582d86770da8d61f93b02f6b,2018-04-19
96174b2c267b2d46452c03ffcc689468,841d9849f0dcd896650fdaa9b8807210,delivered,2018-03-03 14:04:33,2018-03-03 14:31:14,2018-03-06 01:14:55,2018-03-23 02:02:36,2018-03-21,ecf4a77317db06e962a0fb515ea4876f,2018-03-03
7b53d37cd3cdc55e289fe498a1f22b01,cb40f963a5e723ee4d756e4e68935006,delivered,2018-03-25 10:15:15,2018-03-25 10:27:29,2018-03-27 18:42:54,2018-04-02 20:46:30,2018-04-13,15da27f998ecadc6df4a26c543f712dc,2018-03-25
1ea1fb68cd910d7d689029bb60ebca1e,6822f46865b8f8e0a217d5352d1e5355,delivered,2017-04-28 09:00:27,2017-04-28 12:01:05,2017-05-02 13:57:12,2017-05-08 12:03:36,2017-05-22,234a5e0575f941ad3f381f55661ce53b,2017-04-28
9edb1acec4ceb154e425aa9248286f7e,2581b03d7d7ac9f8f4969d54ddf0c07e,delivered,2018-08-06 21:31:52,2018-08-06 21:45:10,2018-08-07 15:34:00,2018-08-13 20:52:33,2018-08-27,983994b46a18dce5db8648ebf95754af,2018-08-06
a120492dcf7f876a21a0b2d2aea9cee2,4ac494b0c28cd89db216a6520eb4796f,delivered,2017-10-17 22:10:03,2017-10-17 22:26:43,2017-10-20 20:57:58,2017-10-30 17:41:49,2017-11-16,aee89afb3d588e1924ec953aebc074f0,2017-10-17
3deeaa4d253d9612fe55428163839325,fdf2f42ec3ca9c7b2443d1501ba9f0db,delivered,2017-08-22 15:08:05,2017-08-22 15:27:10,2017-08-24 16:43:28,2017-08-25 16:20:31,2017-09-04,5e4ca0d8c7c19b45d5d6a1dfa776260e,2017-08-22
c6a4e191a2e0e802fd5006378e6b47bb,dbb265d79cf695065da3624264c7a93e,delivered,2018-08-23 13:56:52,2018-08-23 14:10:15,2018-08-28 06:20:00,2018-08-29 13:51:33,2018-09-03,a7aa788135db123893aad25c7ba39518,2018-08-23
36e980f3cbdf9a14bd099f32b2e46ee7,968e2eb4991b10dd284390b31df9d4f7,delivered,2018-08-10 15:51:24,2018-08-10 16:05:12,2018-08-21 13:47:00,2018-08-24 23:21:58,2018-09-14,e283ddc5beefba674d4dbcba24e37d04,2018-08-10
40bb654f08a089c46353cea13d590ac9,73681df190083ea166315c4a23598f83,delivered,2017-03-07 09:35:48,2017-03-07 09:45:17,2017-03-08 09:42:43,2017-03-20 15:32:54,2017-04-11,82ec763d83cad4dec1939f5168f10b77,2017-03-07
a6f6c66669d5b0b2c33c66780c0ef4ce,3ec0ec31a0c1db0eb91cad58547e3e14,delivered,2017-10-16 22:10:03,2017-10-17 22:26:42,2017-10-19 17:43:03,2017-10-24 17:04:37,2017-11-01,4022d9bb079c8bd731329585eed79bac,2017-10-16
fc6c2b2dc641e9b43804f733841f943e,27cb94d7e0d417891e662f211e26136e,delivered,2018-06-13 20:00:40,2018-06-13 20:20:47,2018-06-14 15:29:00,2018-06-20 17:37:54,2018-07-17,dc77bd4ff6f5f4f5b985373c3dc950d1,2018-06-13
0603e869ecff28981f22e3ea3e91911b,39bbb4f1b13debf6e93d4a8dd51974aa,delivered,2017-09-26 17:48:04,2017-09-27 06:56:09,2017-10-03 17:25:21,2017-10-09 18:18:43,2017-10-20,78e17eaaec7dac296bcdb67ae8a44405,2017-09-26
7d038f7eeec76a7eb898fef8a12e6157,61e6da519b71bef0cff6229f20cf8308,delivered,2018-05-22 15:29:15,2018-05-23 02:15:40,2018-05-25 15:00:00,2018-05-28 23:18:30,2018-06-01,171b5c03529625a961df048b48c718b9,2018-05-22
0f96e9894259aa8c07c655cabec46c2c,6e00d34e9006babf73c9b1056ab870fe,delivered,2017-05-19 16:25:54,2017-05-19 16:35:21,2017-05-22 18:37:01,2017-05-25 12:18:06,2017-06-08,753d7de603228717f4eb55320f57ee35,2017-05-19
449e69903d607f22bf9e35e3833f23ba,df0eade4c5dfac02b7554d2d4a86f422,delivered,2018-04-05 08:37:49,2018-04-05 08:50:18,2018-04-07 16:48:42,2018-04-19 00:18:53,2018-05-02,d11fadbe16c1187867708bf468944ee4,2018-04-05
64fd58a06f0a4797024c9593a181f67f,d3b24bbbb76eeeca11311476d2293830,delivered,2018-01-02 16:48:39,2018-01-02 16:58:29,2018-01-03 17:34:11,2018-01-08 18:39:05,2018-02-05,5c18360806646e0b871bf5b3a536fe85,2018-01-02
5a6879f3d732e716425f7ae07f217d1f,08de2bfdaeaa2ab216ba4a874bf9a4c0,delivered,2017-11-16 15:07:06,2017-11-16 15:15:39,2017-11-17 17:02:34,2017-11-26 14:07:55,2017-12-12,7e63176e78c0b26a6c864fc790d67ee8,2017-11-16
66c8850e9f6bc2f81873165c41901706,b77e9f78e46a3fb8102d77740a2263da,delivered,2018-04-01 18:09:28,2018-04-01 18:27:51,2018-04-02 19:36:42,2018-04-03 12:22:34,2018-04-12,be03447327b563acc028b3ebd7c95adb,2018-04-01
becfef8632cb82841c516ee0270695e9,cb45ee488170a8ed253e93bc5a1a44c3,delivered,2018-02-21 20:46:20,2018-02-22 20:45:31,2018-03-05 20:18:33,2018-03-13 00:48:37,2018-03-27,dd56e2fdd5adea5f83d1344617ba8967,2018-02-21
649fbfef8ead059794ca4dff975904d0,4a4a9d30308a7275440ff5514f22d367,delivered,2018-04-23 16:20:13,2018-04-24 17:43:52,2018-04-24 02:17:23,2018-05-03 19:51:27,2018-05-11,f39b62573b5f639fa59972191980b9ec,2018-04-23
f0d7cf07c69af0fc5220aa73b44efa81,e46f1a077cf15ef0816dd55f6acabe0b,delivered,2017-12-18 10:19:45,2017-12-18 11:32:00,2017-12-19 17:46:45,2017-12-29 20:00:04,2018-01-05,a47d14bb13b136f088c3e12fe9827e23,2017-12-18
6509efe5f7fec11ff1e44d9232103a0e,aa5304b7b30d0035da0b2538598d8e1f,delivered,2017-12-08 17:26:18,2017-12-12 03:36:29,2017-12-15 15:12:46,2017-12-19 17:16:52,2018-01-11,1542f4959076c8f963e17602962cc837,2017-12-08
7d7bf3ee337c36ce012762da5f28f53a,75435919ec1c2171f20033e15cbaf004,invoiced,2016-10-07 10:46:03,2016-10-07 12:14:45,,,2016-12-01,80b62bae3408ac888ded81a3ee24dabb,2016-10-07
5a324aea69fb5ae9e8a20527b99176da,7d82ca4adb887b686e382a29b7041281,delivered,2018-02-24 17:47:27,2018-02-24 17:55:33,2018-02-26 19:48:00,2018-03-07 16:48:03,2018-03-16,c0d4fa11adccd4cec6e5c932394a4290,2018-02-24
479c3d9dbad0a2c502fcb73fd59c65b3,8cca023b5d133ac5e6e6d5dbc06dc1ce,delivered,2018-02-25 18:03:16,2018-02-26 18:10:24,2018-02-27 19:02:37,2018-03-22 19:29:49,2018-03-20,b15d1253e0ec74ab029cb5ffbeb02624,2018-02-25
dc7ddd4a05f0c561ece12f352cc4cf33,a6ed13afb1aff49a04b5de487a7c6c59,delivered,2018-06-06 15:26:45,2018-06-06 15:35:27,2018-06-08 11:21:00,2018-06-11 16:00:09,2018-07-03,968230e15ce49e5535d2bb2f9e00f116,2018-06-06
17e3bdfb40f275e758587eb0df1e7516,d3635b8eeab30334c8add14ca042370e,delivered,2018-03-28 16:56:28,2018-03-28 17:08:05,2018-04-02 20:10:39,2018-04-03 23:05:35,2018-04-10,9b72a613e97d3ae0a93eb1af7d57b4f1,2018-03-28
a741e58f892ca29c438e254e4ce4f426,f7745233611313075d6bb50c48c2927f,delivered,2018-02-01 10:31:58,2018-02-01 10:52:06,2018-02-06 15:09:01,2018-02-23 16:19:21,2018-03-01,6e76f78f21498ec0df4a9162f826bd72,2018-02-01
12a408b60b694ab095783ea92af18e1d,33b04ed3a65920372c212f95cb9fa5ca,delivered,2017-11-24 13:58:39,2017-11-26 13:55:50,2017-11-28 20:37:09,2017-12-11 21:27:12,2017-12-19,39a67a9d203abf027ebac4a1ffeeb663,2017-11-24
660f07387a59952dda6a3ec2377eafee,b5e68fb5e0d12c368f0c52b434a69cf9,delivered,2017-08-19 17:51:46,2017-08-19 18:05:16,2017-08-21 18:52:27,2017-08-31 18:50:10,2017-09-13,23fe80fda1bda7d8bf1b161dcd63f74e,2017-08-19
e37531db8933bdce0f86e9dc3768759e,74380820e581b5e8585abc1b5e11c079,delivered,2017-08-07 21:48:23,2017-08-07 22:25:11,2017-08-08 13:00:00,2017-08-16 11:42:26,2017-08-29,11f61cff2e9a4f0dc6fbbe30faa54b18,2017-08-07
1d6df969542603d9f097e871bff9a9b7,7c27dc2e3534b87df8eb7cf622b88a81,delivered,2018-02-13 12:31:16,2018-02-13 13:35:28,2018-02-15 15:13:17,2018-03-14 18:46:34,2018-03-07,e9fb042476cdddcf08d9537a73107f17,2018-02-13
a63792bf510613cc7d8182ece331499e,c6e3e7289d31172d406b128104f435d8,delivered,2018-03-05 03:46:03,2018-03-05 04:15:36,2018-03-06 00:47:24,2018-04-10 21:54:24,2018-03-27,973e10453baeec3a259e5b3f5a935251,2018-03-05
57a0aadef1c7db2296177ef296c89517,8f192b781ccafbd810abace7c855190a,delivered,2018-05-04 22:10:34,2018-05-06 12:53:27,2018-05-14 11:02:00,2018-05-21 22:19:34,2018-05-28,c75faed9d836e194e6794d9471b8d1a2,2018-05-04
2f56519b321029d00d23815e4888ea4c,57fcccece831eb911b3365c3b3689db7,delivered,2018-03-08 15:36:53,2018-03-08 15:55:46,2018-03-09 22:28:40,2018-03-20 21:58:38,2018-03-29,f78cc82f098457c1eb6faf77de705cec,2018-03-08
aab8c7dc7990b7626dff6f216cf44b99,9bdd006e7722078bef3dc58b0a39712f,delivered,2018-02-21 14:30:22,2018-02-21 14:49:31,2018-02-28 02:00:34,2018-03-01 02:12:03,2018-03-07,b78085f987f110c4e4361e5230ce9e1f,2018-02-21
6e85f186f455d947bd6f50b1bd9b7c0b,819de25ead97f171c5aca3e76048c843,delivered,2018-02-28 22:20:53,2018-02-28 22:30:47,2018-03-02 21:41:29,2018-03-15 19:58:31,2018-03-27,362135e70ef2c6d5b1d551723523f78d,2018-02-28
b925a62bfdf14b152f2fb572d1aa672c,c8707c963b890f39de31f9bf371d1225,delivered,2018-05-01 02:33:53,2018-05-01 03:55:17,2018-05-03 16:38:00,2018-05-11 17:45:59,2018-06-08,51a3c390fa17c66123f1b700816b111e,2018-05-01
ca929fa6d3db41b0d698c716875ccd26,547cffdadc2bf8d206dde24a492c82f4,delivered,2017-05-15 21:07:20,2017-05-15 21:15:14,2017-05-16 12:43:57,2017-05-26 07:08:02,2017-06-07,506e94fec27ed5c2fc40414df46bd32b,2017-05-15
b457d7e47d6cdeb247295594ca600cb4,6d207296a79092cb51acbeabdac7b375,delivered,2018-03-30 14:57:39,2018-04-03 05:48:36,2018-04-04 20:08:47,2018-04-05 21:18:30,2018-04-12,8d4d9bf7462701b2cfeae8f3b9f22f1e,2018-03-30
aeae941043a08ea723601801bb43005b,aaa47fdb785f4c0707af8f2195eea941,delivered,2018-03-09 00:09:48,2018-03-09 00:59:17,2018-03-09 20:06:44,2018-04-10 16:45:37,2018-04-02,7e6260f5603af2124b83945560f90b6e,2018-03-09
6d7d0d56c64bb5a9c735dbf24d838bf8,aa9982bcb598edfa7ac5bb9c48b24955,delivered,2017-11-05 19:52:47,2017-11-05 20:10:26,2017-11-06 14:09:07,2017-11-10 23:43:47,2017-11-27,db1cce77026a6c7b2fe3553ce05d71ed,2017-11-05
e28ec57978089b6f7da5224e2e682c0a,9a5877f8f6e46206edde862c4e29839e,delivered,2018-03-08 19:54:34,2018-03-08 21:09:09,2018-03-12 21:29:26,2018-03-29 01:41:40,2018-04-06,71d22bf9fac71149518769246203fca5,2018-03-08
b8ec4e11fac601907005c18a78ccbae7,d97b12cd0ea8ce1f4fceeceb8024cbd1,delivered,2017-08-14 10:39:02,2017-08-16 03:30:24,2017-08-16 20:12:47,2017-08-17 18:21:41,2017-08-25,3b4aa0dec50f090b3992b0541651da46,2017-08-14
941d8ea654e3550842584075b13918ef,12cec4dfdc542a9bfd8ae48877401524,delivered,2017-06-18 19:43:10,2017-06-19 19:50:16,2017-06-27 09:04:55,2017-07-04 13:59:55,2017-07-18,a69911fa160e2922447fa1ca4708e8cf,2017-06-18
36a2993f853a2f6132cdda1475bf2acb,d85c5d6bf587adf9dd4852ca1d189834,delivered,2018-04-23 22:25:36,2018-04-24 18:59:38,2018-04-26 10:33:00,2018-05-07 19:11:22,2018-05-14,1f573df1f9235d6adb61335046c51f0f,2018-04-23
cb71bbdb68e876878e7c73346725a901,7df0a02f3a48198615dec3720500fe42,delivered,2017-01-25 18:51:43,2017-01-27 11:55:38,2017-01-27 15:49:36,2017-02-15 15:28:58,2017-03-08,5a1ca59d931014c3141a150d51a00994,2017-01-25
604b550c04e61700ab7bcb2ac5b5ca53,97ab733376d9693af39f976a97e4b7b2,delivered,2017-10-15 13:01:37,2017-10-17 03:49:37,2017-10-17 19:03:05,2017-10-18 21:05:23,2017-10-27,9a3566c1e9c0ebeb94fa81302533beee,2017-10-15
d3c0900d545b18474cff0e9d577c3043,adc855b663abfe7d7956b27bae71a6dd,delivered,2017-07-03 12:22:13,2017-07-04 04:35:32,2017-07-06 07:27:38,2017-07-12 19:09:41,2017-07-31,f850346e74e0be2d44b325df5d900f56,2017-07-03
388815a1ed5c112e3588771ca6d8b276,9a0688b0e8ed035cbd5fde3aedc0dbbe,delivered,2018-01-18 16:38:14,2018-01-18 16:57:40,2018-01-19 18:06:05,2018-01-23 18:59:07,2018-02-02,0530b18e12a73156faac6d50a6c4ab28,2018-01-18
45ab6766f52882fd2bdcbcc11cb9a392,cbeaa18cb507d2454256029deb5ebdb5,delivered,2017-05-23 00:53:03,2017-05-23 01:05:36,2017-05-23 15:14:06,2017-05-29 08:37:37,2017-06-19,5156754ab433f1e291d031c85d50bdb7,2017-05-23
c27cd942c2a926d25153090afa106ceb,0e772d9e02b17408e716f35cd1dcc222,delivered,2017-06-15 14:26:01,2017-06-15 14:45:15,2017-06-20 14:22:03,2017-06-26 11:23:32,2017-07-10,b09f1bff1aff13c997af071602bc048b,2017-06-15
fcb5ccb37b435c44c57d9c7caf3e7623,6074ed4fa5c65bcf3123341de0ebe533,delivered,2017-08-28 13:41:23,2017-08-28 13:50:18,2017-08-30 12:59:58,2017-09-05 17:47:58,2017-09-22,61d9ddd6320c6f2074d140d3f2c10cba,2017-08-28
8ed4ed298924cd3a04016d50a5751e88,44531f7ae52e2312ab3ca7f58778b41f,delivered,2017-03-26 10:54:33,2017-03-26 11:05:11,2017-03-27 14:37:01,2017-04-05 08:53:52,2017-04-25,f1480d98bfaa550680f72d2a3ba86366,2017-03-26
ef6cae0913beb2c708d2305fa7c2764d,745f4f23b7e50c87101800a29dec4d5c,invoiced,2018-01-17 05:12:49,2018-01-17 05:29:48,,,2018-02-02,7dbfdf2066b75c77454633fc48f4b1ec,2018-01-17
82d8553c3dd123ec5e37807edc69fc76,f1c9c06e1b19e18a14c43420d281d1c4,delivered,2017-07-11 09:34:40,2017-07-13 02:50:14,2017-07-13 14:45:46,2017-07-25 19:47:17,2017-08-04,6e77012224e6cb06ac3bab81aa8d8fe4,2017-07-11
0cd059c0a0fa574521d20387f7156ed3,2f32a584ced80167b95fa5b259801864,shipped,2017-08-12 16:31:47,2017-08-14 09:25:11,2017-08-15 15:30:00,,2017-09-06,c692237770f0c342dca69511fa3f08b8,2017-08-12
f4fa37effe654cb2651b97dbe1e026f5,6afd81b08532b9e05f3dc2e988793e4e,delivered,2017-08-03 15:39:59,2017-08-03 17:15:16,2017-08-10 17:07:30,2017-08-18 15:32:41,2017-08-25,c1179fdd8d608143d7fa4ced36572a93,2017-08-03
bdb86a981cb75aa7ea9ca816e2485904,d4aadc1451a181aa980044087d8a3206,delivered,2018-05-29 13:25:55,2018-05-29 13:57:58,2018-05-30 14:35:00,2018-06-08 04:56:48,2018-07-20,7892ccb14f930499dd7f6c0019a22d54,2018-05-29
0a32aa7d8d3f344fb31eac306336daac,a9929fa5f092ace247a1ea0a3469bbee,delivered,2018-04-18 09:52:35,2018-04-18 10:11:01,2018-04-18 23:24:33,2018-05-02 15:12:14,2018-05-11,4654e5ef29b043f05bbd28af25225a50,2018-04-18
4c3db9c6971f8d7a6f2b85260880bdc3,237f172658ffb3162e16c6a8cda2c330,delivered,2018-01-17 11:09:04,2018-01-17 11:16:25,2018-01-18 21:48:59,2018-02-02 13:58:38,2018-02-16,126b8242dbf9a47ac84145b2d40f129d,2018-01-17
a0cd5eaf9f92718cdd22216a1c8bb103,3219ad49883f21b989a17875c73ab863,delivered,2018-08-14 18:33:48,2018-08-14 18:55:25,2018-08-16 14:04:00,2018-08-21 17:35:26,2018-08-29,867fb254cc2e383ce51a38caada2a70e,2018-08-14
ca1e3b1d345a9808d206c244778976eb,b4b4dca3887b96872d26c7570097db7d,delivered,2017-11-30 09:06:04,2017-11-30 09:15:33,2017-12-04 20:48:57,2017-12-27 14:18:10,2018-01-05,3617efb115f44e927be4777c5a72bd9a,2017-11-30
203acfb176ad05fd52bc951bd747ad91,77ad3a93d1cfb9881f54f9747d1d040e,delivered,2017-11-20 21:36:25,2017-11-20 21:47:03,2017-12-27 23:17:02,2018-01-15 22:21:42,2017-12-13,2c2eedf8f38124dae76acd92b1a6d20f,2017-11-20
682cfbaff9203b12d90db121371a67c3,f62aab8e44728f92519f52c38bba97b9,delivered,2017-08-21 20:47:58,2017-08-23 02:55:25,2017-08-28 20:11:41,2017-09-09 16:13:50,2017-09-15,3d117f72554cb544205b755505ffa8a3,2017-08-21
61746b0be79904d743172e06cb874018,d84e80f1f71dab90d84eb7f7d8a81a3a,delivered,2018-03-09 14:05:05,2018-03-09 15:00:22,2018-03-09 23:18:37,2018-03-11 13:32:38,2018-03-21,e11d3faaa3015f037bd24aba35bc8809,2018-03-09
ca586f4a85ee254cc0b4e01e30809cb1,afd985a81dce5f03f9c6b167a033c7a6,delivered,2017-06-05 21:59:40,2017-06-05 22:10:22,2017-06-06 15:23:37,2017-06-12 17:17:58,2017-06-28,66188f508ca1a7cdfa3c961bed9eef92,2017-06-05
156d8a00b4b8bb9ef74ca1e450035eb8,a927ff01b2ce8eda3341ba16a1e80068,delivered,2017-12-03 10:24:02,2017-12-03 10:53:19,2017-12-05 22:56:56,2017-12-09 00:42:21,2017-12-20,f423d666a14b78372731db1f37426bb4,2017-12-03
9a8cd6b0ac8e80fe4e72e9de1aee04cf,6326b06eee393fffe30a79be062bb004,delivered,2018-04-25 11:42:05,2018-04-25 11:55:14,2018-04-26 06:40:00,2018-05-02 23:58:29,2018-05-17,3de0c9303f39b7ccfe69ca11aee19cc6,2018-04-25
05f0c78f07cfc889061aba07e9eff066,3021d0131228fc66c7b3bec2308617a6,delivered,2018-01-26 10:59:37,2018-01-26 11:14:05,2018-01-26 22:22:37,2018-02-03 00:48:57,2018-03-01,81db097ffce4bd958cfffeca7c41e301,2018-01-26
14476cba4d3587039214504002fd09ab,3a6452798a9be86faae0891e86abe1c2,delivered,2017-10-26 13:29:49,2017-10-27 03:10:27,2017-11-10 00:09:06,2017-11-22 17:18:45,2017-11-14,d4584008be0e146f6ca8d8d3aaa00033,2017-10-26
08d84fb0470993741ba4f7db2b3ac601,c61ae9f1f2351bbd660334ae4775cf10,delivered,2017-06-18 11:20:28,2017-06-20 10:30:23,2017-06-22 12:33:17,2017-06-23 13:09:20,2017-07-05,2433dce3c78ff42f594634545d3ed10c,2017-06-18
bd653591a61bb3875b4f0f890696a61f,2690e327b07f3f572c2cff4b828c266a,delivered,2017-08-27 18:18:40,2017-08-28 18:25:08,2017-08-30 12:17:46,2017-09-21 20:00:18,2017-09-20,26d1739aa061131f1461646969d85f20,2017-08-27
de71166519878c2eefa30e4203d31c92,dd17a047f6e979e723bb5fecc4b78df6,delivered,2018-02-25 22:10:36,2018-02-25 22:28:01,2018-02-27 13:52:01,2018-03-15 22:28:42,2018-03-23,64e0e07e8247ac1e1ac8dc1dab62aef6,2018-02-25
fb3ed0c8db7703fbb2d80419bfa7576a,764565fc5a2ecb94c5fceddc76762020,delivered,2018-01-03 20:59:21,2018-01-03 21:31:34,2018-01-05 13:04:41,2018-01-12 22:42:08,2018-02-01,6ba2164631cfad0197f1f4b4306132c7,2018-01-03
28fc2d3b6b9c5214e2ccdf189ba572af,23964fc361f9494ed6fb1db09507ce6a,delivered,2017-05-04 21:29:55,2017-05-04 21:42:17,2017-05-05 13:57:11,2017-05-17 09:15:39,2017-06-05,833e7470f7550f56ab62787808848dcb,2017-05-04
da7edb9956cbe0ef5c50126e1bb784b9,fff39f01a81d96b066b1893ad395a98b,delivered,2018-07-01 11:49:01,2018-07-01 12:09:26,2018-07-03 07:28:00,2018-07-04 18:14:58,2018-07-24,20af421a6a5685b9feedca19ecc92bc8,2018-07-01
ab3564822a24b5d7496a7ca54b0a2f62,10ee255a9c015e0148f2bc3bbb595e6b,delivered,2017-04-10 16:21:37,2017-04-11 03:45:36,2017-04-12 11:55:37,2017-05-03 13:49:57,2017-05-12,17296af3674fcd870475621b96ad7413,2017-04-10
28509a1c959e460948d32485cac51f9d,a5f8960eef588aeaa9d1af800ef40607,delivered,2017-12-04 13:36:59,2017-12-04 17:14:40,2017-12-12 18:32:53,2018-01-23 14:12:48,2018-01-10,2d94b4d76656b186b0b717c23ed66273,2017-12-04
31f67bef2180ffdf0dbf11db4b0a4380,5509b11339d759e867ea2dfb58075def,delivered,2017-06-28 01:47:40,2017-06-29 02:42:33,2017-06-30 13:02:36,2017-07-21 21:55:28,2017-08-01,64a0c655ad06c17b74fba89554a17d98,2017-06-28
9e4b884a908c8fd41a0fbe60c53b58c2,51ee0f032ca8ee8e08c07ab531787d23,delivered,2017-12-19 17:52:01,2017-12-19 18:52:31,2017-12-21 21:43:12,2018-01-09 12:52:52,2018-01-17,6321cbc5ca73fae88f1acccaa086ecdf,2017-12-19
e0f04a1acc50a7daf0cbb0654d438725,fa2ecb119951fe7045f5608dc046ee0f,delivered,2017-08-30 18:37:23,2017-08-30 18:45:18,2017-08-31 17:35:03,2017-09-11 22:18:45,2017-09-21,ece2d1f9123aa4fc92447860d1955ff6,2017-08-30
ce6773b2916ebbc43dcaa762c0c6f9b2,667c857bad32b1b14826b5d48a1d5f41,delivered,2018-07-30 18:36:41,2018-07-30 20:00:27,2018-08-01 08:15:00,2018-08-02 20:32:07,2018-08-09,9e746868bfa9950b468496d66919449d,2018-07-30
54a1ba9a8bb07a2013657c2a49ed05d9,88d26eaf6d13a645becb1e10db21666e,delivered,2018-07-18 20:30:05,2018-07-18 20:55:24,2018-07-19 13:50:00,2018-07-20 18:06:18,2018-07-30,05a52a1a122f97ac13d61c160bbe7225,2018-07-18
b05922c45fc699ae9049a2c5add3e02a,a5a79d9745f4fa50300664e5a4efd247,delivered,2017-02-02 07:05:42,2017-02-02 08:00:08,2017-02-09 07:25:55,2017-02-17 10:21:40,2017-03-13,706806c8617b39ccf0b7d8d1a7c9dbce,2017-02-02
293cc84f84b10fcc962fb304ff3fdc8a,77ea2ec98e943bee47f47e77050b9855,delivered,2017-07-14 20:33:31,2017-07-15 20:43:35,2017-07-18 16:59:15,2017-07-19 13:44:56,2017-07-27,ee762d128dc459cd6be2257f85653b60,2017-07-14
198edc616965e287128e8854d4ac8b4b,d9da5132fe53f05156b9eac8546140e2,delivered,2018-08-03 10:03:39,2018-08-04 05:05:16,2018-08-06 13:09:00,2018-08-07 17:14:26,2018-08-08,e75e955dbc42d7b39ac9871aeb765529,2018-08-03
2537dc25ebd836a44792c49ab1914c7d,44e530a27be6cdcc7b0514491f0ddb67,delivered,2017-09-13 10:36:49,2017-09-14 02:55:42,2017-09-14 15:32:03,2017-09-18 20:22:33,2017-10-11,26cf7ebdf7d1db7f8428cb66f933e2bd,2017-09-13
32a4b9871a273951733039d98aafff79,53338024c32e3b9adecda91f84a882ed,delivered,2017-10-04 19:50:18,2017-10-04 20:04:50,2017-10-05 16:07:59,2017-10-13 19:00:16,2017-11-01,02574dbc91dbde4c31f8c4e5ccd4f808,2017-10-04
4666d7a562ea830360d849b989de728e,c7a126e599b16391681b11a1ca602b51,delivered,2017-11-28 07:35:01,2017-11-30 07:33:07,2017-12-04 11:12:09,2017-12-11 20:19:02,2017-12-18,1abff0961240deb9b4da806e4f8b3672,2017-11-28
3a344ea044dda2d453edcdab86759512,f8bf07e35fbab71c21bb83e632da07c5,delivered,2018-02-04 18:52:56,2018-02-04 19:09:41,2018-02-09 23:51:13,2018-02-15 22:52:04,2018-02-21,0d30d5ebf0c9c330af0edbc572298feb,2018-02-04
26c0e220263a4fc921bee00916855eaf,e2aacee0b75ff97882ff482091869a64,delivered,2017-11-28 19:05:37,2017-11-30 02:26:02,2017-11-30 22:15:26,2017-12-20 21:11:00,2017-12-21,37f062320cd6574797a42ec382d2e79b,2017-11-28
fa98ac229e1905528d35a47acfe95733,5df745fd89c4f2b7c871a74ef0bc1c0c,delivered,2017-11-29 10:29:48,2017-11-29 10:59:55,2017-12-06 15:47:27,2017-12-20 21:07:21,2017-12-22,46e89cfb02add5f5600bd439adb2a49c,2017-11-29
3e0f66626b1d306ce899a69a2b474034,d51f3905720a441849e13e5a99e2496f,delivered,2017-10-04 09:06:42,2017-10-04 09:24:28,2017-10-05 19:43:35,2017-10-11 18:29:45,2017-10-31,03b78c65c104820b87c6ef46f154dc50,2017-10-04
2474b5060c1dfacbb46002aa2563f9bc,56eae93c3c9be2ecd4da5e3d32c59a29,delivered,2017-11-26 15:04:12,2017-11-26 15:15:03,2017-11-28 13:18:36,2018-01-15 13:07:28,2017-12-29,449c2cfd62e871c064bbecf4a4922fa6,2017-11-26
788e7378d74502a8c60a80b6c66552b9,808c3ef691a670d41d1e3ade30740cb8,delivered,2017-05-09 22:20:15,2017-05-09 23:15:19,2017-05-16 09:17:48,2017-05-18 08:35:38,2017-05-25,bcb28b30f734df53722b6bcc4ea0c521,2017-05-09
b7c08284b115aea29927fb5c60c35ee3,1384d3df457e46094af875fc6b89e44a,delivered,2018-01-27 18:04:38,2018-01-27 18:13:25,2018-01-29 14:17:00,2018-02-08 21:24:59,2018-02-22,0f6371fc9c2e78818a6e7aa33022a506,2018-01-27
d087b8e096ca051f548e29b324272834,ccd67b62873f83da80201df2bc4dcf3f,delivered,2018-03-06 12:28:34,2018-03-07 02:49:00,2018-03-07 20:44:45,2018-03-21 22:50:40,2018-04-02,027f4dabd2ab93d782fd604ade3f9f1b,2018-03-06
40fd7796808d1a802284c3f91ed4feb0,fb4e1b45f0d34bdd20602e9bb7cc5dc7,delivered,2017-11-24 12:56:21,2017-11-24 15:12:53,2017-11-27 22:36:58,2017-12-13 16:12:42,2017-12-19,76cbf988edc7dadd062c802c9f1c6021,2017-11-24
2058cb04c2f484f6c016669b62e2c3e1,dd021c14096bdb7cb3063d27171528bd,delivered,2017-12-01 11:12:48,2017-12-01 12:31:33,2017-12-01 21:17:31,2017-12-20 23:27:15,2018-01-03,af4a6773a06ca0a24f4b9c5893650e40,2017-12-01
3d996bbec62b68df7d6b45c2f04ff1d7,4a2b17a3baacbb0006395fff389d4738,delivered,2018-01-17 13:53:25,2018-01-17 14:10:30,2018-01-18 22:46:45,2018-01-26 14:22:03,2018-02-07,aac89371ad50be0692c42ca531d75856,2018-01-17
3c469482cf99003bb0246dc0396eafa4,5bbf5988e9a6e1d1cad707bcbf737096,delivered,2018-05-29 14:34:28,2018-05-29 14:52:26,2018-06-06 15:18:00,2018-06-22 16:04:56,2018-07-26,3be8da680007e60e431a405c835d8272,2018-05-29
96e78a16640bdff7370dd73cb821fc01,950212a2b67caa64e9628f68a58b3314,unavailable,2017-07-02 22:15:35,2017-07-04 03:50:25,,,2017-07-14,395e3187ccf0df6a57f81f778b896251,2017-07-02
ce3756a051e619f9a749a8795aee498f,e4e0289744e52cb66d68ae3ad7b49bd9,delivered,2017-03-01 14:50:29,2017-03-02 06:45:14,2017-03-03 13:05:49,2017-03-14 14:03:13,2017-03-22,88526f282f270093a20893ec91b3373f,2017-03-01
5eeef0a291829b4a3e2ebfd8effac242,940c3a34a89c24181632bd0a851328be,delivered,2017-06-12 22:15:32,2017-06-12 22:25:18,2017-06-14 14:40:09,2017-06-23 11:59:29,2017-07-05,bc864e4c1d00af7e934a0805dda79913,2017-06-12
2ebbf6f8d62476a737f41cd9c8679e5f,4f3f9a69495d193e02589bb1ca6a3421,delivered,2018-08-23 11:45:59,2018-08-24 03:10:23,2018-08-27 13:42:00,2018-08-30 22:31:35,2018-09-06,9b889b803152464fc0a74d91c5cd50bd,2018-08-23
72440dd8694d68e0ec2dd68e3fc3cbab,7ba93cdef10bbf6aac6001d25a90780a,delivered,2018-06-26 19:37:03,2018-06-26 19:50:14,2018-06-29 14:04:00,2018-07-10 16:51:19,2018-07-24,c2ec8e4e0f711790eff8d0b7fa7fe316,2018-06-26
e9f267751db5678db874f632592a2c0d,c2c4da97389cc67625777ddca20faa00,delivered,2017-07-28 22:00:31,2017-07-28 22:15:12,2017-07-31 15:03:08,2017-08-01 16:46:55,2017-08-21,0e1437d1433e8561302ceb1b3b8e3f4f,2017-07-28
ae89f3c648838ad99ed4616f05b2662a,96126c52e2b0c58916768743af639500,delivered,2017-06-01 18:58:15,2017-06-03 02:35:29,2017-06-07 15:39:10,2017-06-19 13:28:10,2017-06-28,6af3cec61f62cadce067ba750186d5dc,2017-06-01
40599d3d28b75746952ded75566637b9,efdf4a7c78d7c364046efb69035d1d4f,delivered,2017-01-05 13:01:48,2017-01-07 03:45:49,2017-01-11 16:08:53,2017-01-16 15:43:21,2017-02-13,ef89f6e31311594d74becf9e18c73693,2017-01-05
1d9c55c6ee885e00633510da321b569f,bb2187052a533150cfa6b773b66c2c30,delivered,2018-08-03 10:53:28,2018-08-03 11:05:23,2018-08-06 16:15:00,2018-08-08 16:27:40,2018-08-14,fc6f1f09f8c40949f7263c05d4106cb1,2018-08-03
cdff64a3d91c04db0d85fc966fbef30f,e61cced184beb8e5820b59f566cd21db,delivered,2017-11-28 22:17:33,2017-12-01 10:31:45,2017-12-05 15:41:07,2017-12-07 19:43:11,2017-12-13,4e2134b6f89e4a041641a30e801bfbe5,2017-11-28
364578a2d4829f6a7aeccb9f1e25f5be,e557c28ccd3c3442c255d8f05d8b2b4b,delivered,2017-10-13 03:04:03,2017-10-13 04:06:26,2017-10-16 20:17:36,2017-10-17 20:54:42,2017-10-25,7c269b3cde9e20886a72e4b6ad35fe23,2017-10-13
bc0ce3adf08cf5e5c91ca98d2fa6f27d,1e14254fb83d77252da5bc018f3bb076,delivered,2018-06-13 20:44:34,2018-06-13 21:00:19,2018-06-14 13:23:00,2018-07-10 18:23:33,2018-07-20,5296d052ff0aa31545320d8662555f6f,2018-06-13
b1e5cc374b5c4f7c12ef420d322b07e1,1cc59368b661643f4c6637fa51785b39,delivered,2018-02-11 01:24:24,2018-02-11 02:28:53,2018-02-14 23:09:25,2018-02-15 14:09:45,2018-02-26,2cd3acc4a3c71ee64088dfce1e16ba58,2018-02-11
7644fdc557b95c452791b3c1791efc08,23a6e39515e87e3a35453b2bba148e1c,unavailable,2017-11-24 11:02:33,2017-11-25 05:49:40,,,2017-12-20,cd9e3964b00c917aa97a9078283e9c3a,2017-11-24
87c15b8f29f9fc59405db62dcb5697c9,fcdcec28d1b560be4070d27f452c3db1,delivered,2017-02-09 13:16:39,2017-02-09 13:30:13,2017-02-15 10:32:28,2017-02-21 12:53:47,2017-03-22,d81514f1cc318c646a1c09462a942d27,2017-02-09
c7d862d2519c66e5adf8067b6b994ec3,2b2952b3bf40dd1863ab5fc6e6100951,delivered,2018-03-19 01:24:20,2018-03-21 02:51:09,2018-03-23 00:51:42,2018-04-03 17:34:36,2018-04-11,0e858d84e5f3dac3e90e9cf3850191c1,2018-03-19
6218641ca6d233dc693bd8e99979345f,b2b4b933278bb7bd48317cb3e45a77bd,delivered,2018-05-17 10:29:15,2018-05-17 19:34:59,2018-05-18 14:37:00,2018-06-05 10:51:37,2018-06-21,0a197705c44f955eef2b23c68893ede7,2018-05-17
1e310dc1d0b3a93f312df7790362c66a,f8908f98386bc7c834c4eff48a959f8a,delivered,2018-02-07 20:38:21,2018-02-07 20:49:09,2018-02-09 14:17:50,2018-02-27 16:42:40,2018-03-05,058199325498b546a39e5652a04dbbcc,2018-02-07
a2c0b2415d93b4f58c27e69c87035638,41d8bbee1c02a36bcc5ccbe2d5f0a85b,delivered,2017-05-29 12:08:15,2017-05-29 12:22:45,2017-05-31 11:04:35,2017-06-07 12:16:28,2017-06-23,3c1f7ca68213388194b3b8839a5271df,2017-05-29
d9547df3c08b9a1d75ac31317de05c25,03484d8666a3cecf775ab6eeca4576ec,delivered,2017-05-11 02:07:10,2017-05-11 02:22:55,2017-05-12 15:54:38,2017-05-23 19:36:47,2017-05-31,563e700163aa2df323b1251adb24f789,2017-05-11
8cbb6ada60ae90f4d6f76d2a7bb5e085,0f28203c5b6a0b0831a64782419024a4,delivered,2018-01-30 21:03:55,2018-01-30 21:15:35,2018-02-02 00:03:09,2018-02-16 00:13:30,2018-02-22,20282afdbe6cf22d5f5a956d8b5a3f78,2018-01-30
076e78b027f88320defc1d6ab23d6793,924ab9b5c64efe4a4c8bc973300e3a79,delivered,2018-07-08 13:37:07,2018-07-08 13:50:17,2018-07-13 13:38:00,2018-07-21 13:42:49,2018-07-31,3bacc97825707a6238ffc0a7225643f6,2018-07-08
889ea351c8a3773acec1c4652d87a9c1,39d3d4b442a8f280d85cf9929e286a5e,delivered,2018-05-13 19:53:11,2018-05-13 20:13:19,2018-05-14 13:01:00,2018-05-17 12:22:02,2018-05-30,2e10c3004916b6b54a16582dbb2de7a7,2018-05-13
0f9482b2e24effff84c7c84001592e55,dcddb6aa499ad3c90ed6fda4ac98fb37,delivered,2017-06-08 16:18:06,2017-06-08 22:31:25,2017-06-09 17:10:22,2017-06-24 10:06:52,2017-07-12,48baee36b8865e911ae4b5521360546e,2017-06-08
7fd63c1753363cc09b87c6c2176b4d93,95a2102a6a6ce59383f85e2d59d0dddb,delivered,2018-03-28 21:07:53,2018-03-28 21:15:21,2018-03-29 17:46:40,2018-04-09 20:26:55,2018-04-30,dd9cae32c7b8c3bc6cb44200bb8f9b30,2018-03-28
f76d2b6e418d8642c27cec2e51dc7e51,ee8de56c6d0aba2b21f0be2cbb4fecbc,delivered,2018-02-06 16:59:43,2018-02-06 17:15:31,2018-02-08 20:43:05,2018-03-14 20:58:55,2018-03-08,d25999d487a001a3720ccee1c853b257,2018-02-06
b5781a5976dad5a78067d528713ef47e,daa2305279978c8d98ad9b317c9a9965,delivered,2017-10-21 15:40:00,2017-10-21 15:49:35,2017-10-23 20:04:06,2017-10-31 20:22:04,2017-11-17,703cb1bb156410ae57a261ef0d0e7e1f,2017-10-21
2648fe7249648d37eb43410849940f20,3a91c3b48757d501062011f3d5508576,delivered,2018-04-28 09:10:02,2018-04-28 09:35:09,2018-05-07 06:33:00,2018-05-22 12:58:34,2018-05-30,0fa28d04e734a0dc24a430066ab7b6d8,2018-04-28
fa82d85bb112828230b13452cbd18595,2ee4ab7bce291f4adeec13705aaccb78,delivered,2017-10-26 18:44:28,2017-10-26 18:55:06,2017-10-27 20:18:35,2017-10-31 16:48:01,2017-11-08,142dc6250eac579893595d9889411834,2017-10-26
8c81595257edb72a9b20d995eaae0319,a746774b7095aff23fd5bbdcd85c29d5,delivered,2017-05-28 11:49:27,2017-05-28 12:02:42,2017-05-29 07:39:56,2017-06-13 14:43:56,2017-06-23,72cdf2264908e2d1d30146e63fbb092b,2017-05-28
e5c543adb388da035a48a7b7fd057f5a,571f6f28fb074b6b25fe0b1f0cec0f74,delivered,2018-08-19 18:33:26,2018-08-20 12:50:18,2018-08-21 14:12:00,2018-08-28 19:42:22,2018-09-04,abfa61239fc06cc990ef8194ef2aac43,2018-08-19
74b18216da6ff5d0c63f6ed96d63125a,e4aea95358ec5c29077375c4ba98a975,delivered,2018-02-27 16:26:05,2018-03-01 02:50:43,2018-03-01 21:36:57,2018-03-21 12:23:30,2018-03-22,dc15b804fc0d87ff79b62183224e13ae,2018-02-27
17eac0100357cfc8fb5d6433a847c8ea,ea455755b0f319b23f1dbcee40c33b70,delivered,2018-04-05 03:18:23,2018-04-05 03:30:12,2018-04-05 17:47:56,2018-04-12 16:56:35,2018-04-30,eabd679ffa5421d6298f405368abb129,2018-04-05
38b85b28d1af68ede15c12548165fb76,55749e3dc08c59d2328867f072b0801e,delivered,2018-06-16 15:14:02,2018-06-19 03:36:47,2018-06-19 10:45:00,2018-07-03 00:46:41,2018-07-17,1802d9b8b04e0f7bddb58ac2c7729c82,2018-06-16
876ac30251a0518e1fd87b6ec049df00,e77a1ae75eaa0ac5847dbc701aaa9f6d,unavailable,2017-07-27 12:37:27,2017-07-27 12:50:16,,,2017-08-23,3aa5cf591e61982bce8cd028718825a7,2017-07-27
147358ddf9e49b36b1e82b648678d1f8,a9dcb8164722250daded5f3dbd25891f,delivered,2018-06-25 21:29:34,2018-06-25 21:53:17,2018-06-26 13:20:00,2018-06-28 15:10:57,2018-08-01,4a64ae857306bbe5c9dbb2bece1d6c45,2018-06-25
a96cbf770c38f70192fa361dba05fe32,c31d16b70312fe66efe4c36af432f1c1,delivered,2018-05-09 10:54:32,2018-05-09 11:11:47,2018-05-10 11:27:00,2018-05-23 19:41:29,2018-06-05,ed1e010993ae4ef6d22c896e49b174ae,2018-05-09
964c6b3ee27c9fc1f196358f7065e774,865797c9ea7b60434851c0480a3245de,delivered,2017-05-11 13:35:03,2017-05-12 13:42:53,2017-05-15 13:24:19,2017-05-23 13:13:44,2017-06-02,623c76bb5fd6d8ede3046f45ad240977,2017-05-11
cae5561bbfbf3f71fd6a01bc0527fa78,c878ee266c15654f3e1dc4424520fc24,delivered,2017-09-22 19:58:59,2017-09-22 20:10:15,2017-09-25 15:52:38,2017-09-29 20:47:45,2017-10-09,d4320989ee428584af9853788b689ad4,2017-09-22
3e43f42c0a7ba91dfa09d2bfa1969c2f,b731b75ff482408e50e6ccef05579637,delivered,2017-11-01 18:09:56,2017-11-01 18:31:00,2017-11-06 20:09:19,2017-11-13 21:04:12,2017-11-22,5536c239ecfb58b8960053c6f855b4cc,2017-11-01
88d027f03744cd2419cc5f1a64a9b7d6,a9ea7e7eb22365e3e98eb723f0662066,delivered,2018-05-08 08:10:26,2018-05-08 08:29:54,2018-05-10 18:29:00,2018-05-16 21:42:40,2018-05-25,4a05472a1d855148086a3b3fc98c3331,2018-05-08
cc1ddc7d7f30076a8cf87d86eecd6606,f1c13ca7dd66cb7def52fad853075af3,delivered,2018-03-09 21:08:50,2018-03-09 21:31:51,2018-03-14 01:09:54,2018-04-10 16:05:45,2018-04-04,fd19cd33a1c8c49d216c0b23c24c41e9,2018-03-09
9d213668c4ebe6456b23732ecb5e3dd0,7c0d9a569d93f7c312e5267d26ede2ab,delivered,2018-05-12 18:20:32,2018-05-12 18:36:12,2018-05-16 15:01:00,2018-05-18 01:17:26,2018-05-24,7e9508d9f0a1302bf04807bd400afab9,2018-05-12
b8188e1985fbf9e2b94e3a0b64d58074,8da05b4f4446f3369da2122d0b381c3b,delivered,2018-03-29 14:21:49,2018-03-29 14:34:21,2018-04-04 21:42:18,2018-04-05 13:41:27,2018-04-18,361def0dd6f15e919b3126a93babde1a,2018-03-29
3b28fc69f78de028ac7f69ee6b56b39f,983a13f79678f3fbcca8e7756afd73cc,delivered,2018-06-01 12:05:49,2018-06-02 03:31:47,2018-06-04 14:29:00,2018-06-08 16:36:36,2018-07-04,837d21d789dd6115d99f4c7a4be7a189,2018-06-01
b97a140f6a4f36f110893d4b90929c0e,ad3011507c90255bf37450cb9fcfadd9,delivered,2018-03-21 08:49:14,2018-03-21 08:56:06,2018-03-23 00:18:42,2018-03-27 21:08:03,2018-04-09,d29ce524d5d75f07469be01ed7d8fa16,2018-03-21
c5c9feca4af167e1f31c50e7732c24d1,0d75ef58179150916ba5ad00a97c6e91,delivered,2018-05-08 13:46:14,2018-05-08 14:15:30,2018-05-11 08:17:00,2018-05-16 13:07:41,2018-05-30,889d22055f87a5ee884ea207622044b4,2018-05-08
f73141ba0f038a2d7c632da81b6b202c,6a3669723412b7c588ccecdd1b6a42da,delivered,2017-10-10 08:21:23,2017-10-10 08:35:25,2017-10-11 17:43:10,2017-10-18 23:32:39,2017-10-27,bde76a2d664187b4d5c4a3a089708b85,2017-10-10
3cee2cdd98c20d7092569ca549afa958,62ba5f57460e0a4a9550be3aef89cb34,shipped,2017-11-05 12:18:41,2017-11-05 12:46:06,2017-11-07 18:53:15,,2017-12-05,d159a5181c39c1f2902c86d2e6bb37e8,2017-11-05
25dbc50976d47cd055b0317ac694c574,f8f20eeb0195d8943f36a69f94c09268,delivered,2018-01-05 12:49:48,2018-01-05 13:32:10,2018-01-08 11:48:12,2018-01-19 17:42:56,2018-02-08,6b5a2166165f2f367a9b22874dc923f3,2018-01-05
b4e33e55022ad7df2aceed384e698dd5,993c732e660cdc194c3438f796e8cde4,delivered,2018-02-11 19:01:35,2018-02-15 03:55:54,2018-02-15 19:06:49,2018-02-19 20:37:19,2018-02-26,0efd5025e6544ef110881866b945d0cc,2018-02-11
12e3ed1a5c67c52f23eee00fd8c43129,0fc3b282ee61e08518c98a8551cab6b2,delivered,2018-01-05 22:57:36,2018-01-05 23:07:36,2018-01-08 21:53:17,2018-01-11 21:42:15,2018-01-30,a2357e59008d981aaf6db270a138d4dd,2018-01-05
d8ca37d221e2fa2bfe2393c1eb2fc26f,dbe6581d31c6404b8b3c07dbf954108e,delivered,2017-06-09 10:43:31,2017-06-09 10:55:21,2017-06-13 12:26:58,2017-06-21 15:41:49,2017-07-17,10faefe15873918f4129c60b14b3c411,2017-06-09
fff8287bbae429a99bb7e8c21d151c41,6c1e92a209dbf868706caa831090941e,delivered,2018-03-17 12:11:45,2018-03-17 12:29:22,2018-03-21 19:22:25,2018-04-07 10:07:48,2018-04-19,028c09f007292c4e3a3b10d296e47987,2018-03-17
a6ff9f38d02f65f7ad74bfc2dd1813cf,6e2a35662f0ad6eb33998f94a69e8a24,delivered,2018-05-28 00:30:36,2018-05-28 00:56:15,2018-05-29 09:51:00,2018-06-07 21:58:41,2018-06-28,f70a9a6f22a7cb24a767edf4c0da5d45,2018-05-28
52bf28ebedb0f11a3ba0efec670acd4e,cbfae93b97f390b17f150908bb37a570,delivered,2018-03-29 17:05:37,2018-03-29 17:30:57,2018-04-02 21:56:26,2018-04-19 23:40:37,2018-04-19,454ca78b1ee14c1a5095e268a2dabe9e,2018-03-29
ce536b5da70fdfb483a7de09c5a3e189,e4cb46ffe9e1dfda487f7fce939f7c7b,delivered,2018-03-26 08:15:19,2018-03-26 08:27:34,2018-03-27 19:34:37,2018-04-05 00:16:28,2018-04-06,16c6775682b3b9c0bb2a6e6a4731ec1f,2018-03-26
83177602aad708cea549501386b021c6,329e57e436b3d2e6629801cf5724368f,delivered,2018-01-22 21:17:58,2018-01-24 11:12:35,2018-01-26 17:52:42,2018-01-29 12:58:46,2018-02-06,e1ebc1c1629cd1ec850f8aa6633bbe7c,2018-01-22
1a2b31addf5b14004c2064dfc912ed79,4961acfc1ea52d49584a08d6c3b3884e,delivered,2017-10-12 14:55:11,2017-10-12 15:09:35,2017-10-18 16:23:26,2017-10-31 12:34:04,2017-11-06,f32585d2bc4c94f5ed41f3573285847b,2017-10-12
759daf685e390bf00ca48c53b132205b,6c6c996c95c2d86bbd4df7ac156716a3,delivered,2018-02-20 20:51:30,2018-02-20 21:08:02,2018-02-22 00:28:31,2018-02-23 19:37:08,2018-03-06,1348a9d17fc6935827e15f991c90ff5a,2018-02-20
93801c56104b64db4270541adeb26697,7fd76f149355246789c4a0dd1a2712a0,delivered,2017-03-26 11:26:45,2017-03-26 11:42:17,2017-03-27 08:24:40,2017-04-05 16:05:54,2017-05-02,a950c8d10640cd4bd887feb47707fa70,2017-03-26
1bac6ce688aa1bcae651dfcfecfe7aef,81b4ba946ec6aedee06c4cbcdced1842,delivered,2017-09-30 22:14:29,2017-09-30 22:28:10,2017-10-04 16:08:23,2017-10-09 17:08:13,2017-10-27,e0cb4325937c0c62650b445eccdf5912,2017-09-30
4fe684f6261471c275d37f5b56bd60d5,3c9b4585731cc6bb949be5169f57956c,delivered,2018-02-05 23:14:29,2018-02-05 23:29:33,2018-02-09 17:14:33,2018-02-15 16:28:45,2018-03-05,ae1098f4b5a9bf52cb5cb2127082635f,2018-02-05
2533ad1fecbc15eab2fab48ddc699954,b371ddfaecd1d84938c3f6d65f420aca,delivered,2018-05-15 08:43:44,2018-05-15 08:55:32,2018-05-15 15:56:00,2018-05-19 01:21:31,2018-05-29,092c78e2c83099d7bdc8f0fccf3654b2,2018-05-15
2f90dccb2a52cf21e5f2886dbb8e7eda,902dbd012843fe49743fce302a7765fe,delivered,2018-04-26 15:58:08,2018-04-26 17:10:06,2018-04-27 14:08:00,2018-05-04 18:28:54,2018-05-18,ea11182de26c7ddc3dc261f8c9ab98c3,2018-04-26
c2cf3ca69af4ed31917198c6ba97107e,facdebe2c7dd497ca57b102f97cf8dd3,delivered,2018-05-22 12:06:14,2018-05-23 02:38:45,2018-06-05 12:47:00,2018-06-09 14:08:35,2018-06-12,fce2525784cfc5e9bf69837bc1b9b474,2018-05-22
e1898701036fd8cad076b8ed42caf78c,7ddce17509d4f0e783a50a8d92ff1cb6,delivered,2018-01-02 14:43:05,2018-01-02 14:52:26,2018-01-03 22:37:40,2018-01-17 20:42:56,2018-01-26,7396812232080250b8f86112870ae368,2018-01-02
f63534bddbd95cda0a1f281a1994a1ef,57abf224cb31e916d2e8f86fca92e631,delivered,2017-03-14 02:01:32,2017-03-14 02:01:32,2017-03-15 14:26:18,2017-03-20 14:22:00,2017-04-17,23dc3a062c6c097bcb3940a909e7730f,2017-03-14
dcad23c1f8ff76266e355d173380b1eb,9a7d2f02363a5baffe17935aac9a56e8,delivered,2018-06-17 16:09:17,2018-06-19 04:16:47,2018-06-21 07:14:00,2018-06-26 15:20:52,2018-07-19,4cd6ab2af0054a9ddc8b5010c5e4847d,2018-06-17
38da3029219c1f40f3eaaae897430c3f,02565e515373d4e26cf406ab3fa5ed0b,delivered,2017-09-05 07:54:09,2017-09-06 03:03:58,2017-09-13 17:13:04,2017-09-19 20:33:06,2017-09-27,728a6d33a49056c796fc4fc0481bf871,2017-09-05
fa96c5866627abf8d7c8e2e371eb2504,00b6731ea206414be73f8c73bec1951e,delivered,2017-12-12 22:27:23,2017-12-12 22:36:30,2017-12-14 22:19:42,2017-12-28 16:47:25,2018-01-10,72061fff095d8325b311ea24e2f4a2b5,2017-12-12
107dd1a330a238450ede59d055f43fbb,040cc0201a8b98d2c1ed270d6b52d561,delivered,2018-03-19 08:48:09,2018-03-19 09:08:57,2018-03-21 20:16:29,2018-04-17 17:31:50,2018-05-07,561ccc48c5f03fb5cc10bdf7a0006ffa,2018-03-19
b4cac287aa00c47e84e6e899d809a9e2,071ea3439c8c9148700ba643a50d0875,delivered,2018-08-01 21:38:35,2018-08-01 21:50:17,2018-08-02 17:00:00,2018-08-07 15:48:40,2018-08-13,aa5a0cecdc8a2863c80f2093ce98c545,2018-08-01
46eb75885eca03736c4188871c0a9ba3,5371cc1698f54400f167d8fc79d6ad93,canceled,2018-01-29 22:54:58,2018-01-29 23:11:24,2018-01-31 22:28:35,,2018-02-23,6d23acdd09a2f24815b1f5e61df344b1,2018-01-29
ba0c09b77bd8f01147e2e0cd34bc30a9,6215243a6d2386dc223d34b3ae22b468,delivered,2017-07-12 11:48:27,2017-07-13 11:55:13,2017-07-17 13:12:57,2017-07-20 19:19:42,2017-08-01,c1af3445fa0326ee4279be69d08fc647,2017-07-12
b740e269153085cde628edc64b3ef029,8df4a236a4d1d6ccf5f838cd45a3e3c4,delivered,2018-01-09 15:59:12,2018-01-09 16:10:25,2018-01-10 16:39:56,2018-01-20 00:24:34,2018-02-15,447b209e152bf4f68522087b3076b069,2018-01-09
a187f41f4cc3a98eaf1e82f8b79c6fb2,6cee76d1e3c3c310a01384d453f50e3f,delivered,2018-07-24 11:14:25,2018-07-24 12:04:31,2018-07-25 11:29:00,2018-07-26 16:22:50,2018-08-02,a8fd074b27a3bcbb16deba85b778900f,2018-07-24
c0980db7048da7ab8724b3d733cdc449,142d1f89c2905c77a85df38fb3a0ae7a,delivered,2017-06-23 20:41:45,2017-06-24 02:35:17,2017-06-26 12:51:58,2017-07-10 18:52:53,2017-07-19,87ac7e5f6b930506317ef40389cef147,2017-06-23
f6dc27f458238a8916cdac32d9275d66,6c33ccb5da77dfb0538222fafb1d84f2,delivered,2018-03-28 22:21:11,2018-03-29 07:50:17,2018-03-29 19:58:45,2018-04-06 23:11:13,2018-04-16,760459e49a4d8703427171c6dbd70c83,2018-03-28
067bc1024a45f0e3cf23b724757e55e2,6d13dcf9140e8203f98049ac8c1989d5,delivered,2017-05-19 01:33:50,2017-05-19 01:45:06,2017-05-19 11:15:42,2017-05-24 17:03:18,2017-06-14,fd6e9d353a87db116fff2b5d7f9e6d7b,2017-05-19
b69321fb7d3000994c5a2b55c4f3cb01,40260703a69455806051f4b6609ed08b,delivered,2017-12-03 20:14:21,2017-12-03 20:24:40,2017-12-06 13:53:06,2017-12-14 20:22:50,2017-12-27,19f8fcd23ed70e29220a6a2f13ecd911,2017-12-03
2a8dda5bf0b2fc7f28cc417b83441629,d0b07a67af7987fb658cba045ac56923,delivered,2018-02-09 13:48:28,2018-02-09 14:15:40,2018-02-09 22:52:25,2018-02-23 20:45:02,2018-03-29,1af9a07266212c15da8602623832778f,2018-02-09
0e95a07f6a6a936f84a55c8ff5449185,740756dfbcede6ed5f39ac81df16f46f,delivered,2017-08-22 19:49:08,2017-08-22 20:06:25,2017-08-23 21:05:07,2017-09-04 19:51:40,2017-09-14,f324f172981086fb7b200afb6f498d0b,2017-08-22
b9f3d81dec070aef9c5771e70dc92db3,d2fe8998471080908e07c6779af016c9,delivered,2017-12-04 17:54:28,2017-12-04 18:41:16,2017-12-05 23:36:58,2018-01-13 18:42:52,2018-01-02,3c0f2fac33b61ab0a9b41c081177ac4c,2017-12-04
ca978d2459ea2c5ef6d5fde02be26b9c,f255d679c7c86c24ef4861320d5b7675,delivered,2018-03-06 09:16:56,2018-03-06 09:29:07,2018-03-06 18:51:58,2018-03-07 20:58:53,2018-03-19,d111b06b6f3a2add0d2241325f65b5ca,2018-03-06
8194f59689e6129d3bd13dce90d86c2b,dedde08e78927404d71a4ed03ffc5189,delivered,2018-01-18 15:29:09,2018-01-26 17:03:36,2018-01-30 00:43:11,2018-02-14 21:30:02,2018-02-15,622c271f9f492a6e405fa99980fbc4f0,2018-01-18
7aad54859be57990ed094ca49a651d11,456fef68d0a3c0307559d8c5611b32f5,delivered,2018-04-21 00:42:04,2018-04-24 19:07:10,2018-04-25 16:07:00,2018-05-07 23:36:56,2018-05-18,1991e2a2fbea2656da724df38591f6bc,2018-04-21
7c91c3456c73201bef537307835f6ac4,9bba6755656e080e145067f9f9cbcb61,delivered,2017-10-21 07:28:25,2017-10-21 07:45:15,2017-10-23 19:13:39,2017-10-25 18:48:33,2017-11-03,7196491c0dfdfee4fccb0bdeec635b34,2017-10-21
ec26c1491fdcbe838088423209459e36,78eaf64bbec5be698446f147a94ff08c,delivered,2018-02-11 09:47:36,2018-02-11 10:08:52,2018-02-16 21:42:27,2018-02-26 18:18:56,2018-02-26,35dac57557b3ffbf2f231d3c1483fde1,2018-02-11
2f63fa144638f7ade6cb643585538161,4fd530fb0a2670c2016db3210471fc7d,delivered,2018-07-23 09:53:53,2018-07-23 13:04:18,2018-07-23 16:20:00,2018-07-26 20:04:46,2018-08-14,2f228227554a06f96748919f0859c46b,2018-07-23
99b1cf2d12de43d084557a08d0c448e4,06958f45f5a2881a4e60eb8f7283b2be,delivered,2017-11-30 18:46:44,2017-12-02 02:51:20,2017-12-06 19:53:46,2017-12-18 20:18:45,2017-12-26,82bfbf46460888766adb640d884aa52d,2017-11-30
976eb687b0b3abd85328670ccd88e06b,f3de2a6514c45418b02ad1365c36d0bd,delivered,2017-09-18 14:02:23,2017-09-18 15:55:28,2017-09-19 13:23:59,2017-09-25 18:34:40,2017-10-06,3f38b31fe873bfbe5ef77ec62fdc19fa,2017-09-18
4a8a7a258a9aea5f2d644c863f0c1450,3ef9db9d27ff41f65a8d8cc8aea159c6,delivered,2017-03-30 08:35:41,2017-03-30 08:45:16,2017-03-31 19:27:42,2017-04-12 14:12:31,2017-05-02,e55c204ccb7238052427605942e5f878,2017-03-30
08e617c0a81895c4d5f6ab1e4a20fad0,a2ca0ba8cb6271f95f286421b60681aa,delivered,2017-01-27 14:01:20,2017-01-28 03:31:21,2017-01-30 15:45:48,2017-02-02 12:07:30,2017-03-03,15bc17a24fe18da7be93a48546fcadab,2017-01-27
84ef655de633562e82760bbd2b1a1b63,173c51aa6426097b70349ba4628425f0,delivered,2018-06-28 14:51:39,2018-06-28 15:11:45,2018-07-04 14:12:00,2018-07-10 17:46:49,2018-07-25,5754d8c78f43edb29151bdef510f2cb2,2018-06-28
c39f9e3a2a8caa1837ce092c7184e2cd,40a8f1446ae460cac9c08a0e7d9f303b,delivered,2018-04-12 14:12:39,2018-04-13 02:32:16,2018-04-13 17:15:26,2018-04-26 13:32:24,2018-05-09,a56b92763e6846ae24e45b788dceb938,2018-04-12
d43f8d7052d9022a8fe3a804942298ce,4cbcd242205e450b7d8756ca7aa31ad4,delivered,2017-08-17 09:11:33,2017-08-17 09:25:22,2017-08-24 13:22:52,2017-09-04 21:46:00,2017-09-19,62d0582c6ffa51a5e92c8915bf559bf5,2017-08-17
2b509531faa45e6f3dbaa09e3f3eb839,3830cb83469e25f0bce76b907d9b61c2,delivered,2018-06-07 09:06:07,2018-06-07 09:34:25,2018-06-07 13:27:00,2018-06-15 01:54:30,2018-07-16,868c9f663c937835c57ce088c876d111,2018-06-07
f458316312c3e16919d3eb5f56c95930,7225c68afeaf2d5b575bd6d1aac6ba0c,delivered,2018-05-18 15:23:48,2018-05-18 15:37:41,2018-05-21 14:11:00,2018-06-07 21:38:35,2018-06-19,5b28f0cd69d0937dc74f55858d12bcf1,2018-05-18
f238657140944de62a948d0c66b25f73,de63930c24dd5bdc880126cf472b2e47,delivered,2017-07-19 16:59:55,2017-07-19 17:10:15,2017-07-20 16:16:57,2017-07-27 22:17:58,2017-08-17,7d01a35bfa2dc387014078b976938984,2017-07-19
d908e170d2b2f6e8a4ebe7dc3bcba4c4,fbdfc05b52cec908b4931110f66c0184,delivered,2017-08-02 16:56:47,2017-08-02 17:10:22,2017-08-03 19:17:29,2017-08-09 19:46:39,2017-08-15,3ef7966317eef372b3ca7f1ce70bb0c1,2017-08-02
aee0d5464f3b889a06716a820b1a60e3,b3ade267c69f240d19dfa6a302d0803a,delivered,2018-08-12 20:14:22,2018-08-12 20:25:11,2018-08-13 13:25:00,2018-08-18 13:54:51,2018-09-13,531a1a612d4506e1752a39023655831c,2018-08-12
6aa3386e7cd429b12ab0c288acf52e41,e80fcc7903fb212f8f326277a3adc529,delivered,2018-08-18 21:46:18,2018-08-18 23:31:33,2018-08-20 10:25:00,2018-08-22 12:56:37,2018-08-23,586487a9f98131ff1f8ad96493449ef1,2018-08-18
9b969dc1831f8b2f90581c70b2a98820,a1f538df7a149071cca015c5b61b2c5c,delivered,2017-11-27 13:29:08,2017-11-27 13:39:32,2017-11-29 00:38:36,2017-12-06 20:51:56,2017-12-19,b226642d74e2cfc0907203efe034ce22,2017-11-27
711394bfbb9d7d943d8de2ddc5f59f23,18521130f0f00afe12cbc9011405af3f,delivered,2018-07-02 17:11:15,2018-07-02 17:30:17,2018-07-04 14:39:00,2018-07-07 15:51:27,2018-07-27,7e798fc736033388e302a00ebb5f3554,2018-07-02
928186dcfbb7994142aaebad08b3bd90,ad320ddb59cbeef8b4d647bcb770c33f,delivered,2017-05-18 11:23:26,2017-05-18 11:35:11,2017-05-19 09:13:37,2017-05-24 15:57:59,2017-06-07,2809a76368af04203d1fb4a5ca9b9910,2017-05-18
ae2756437d2b0a5f0c9702d7ea130e41,9f3a6a3bc8190b848832ad6916ccedf1,delivered,2018-02-09 21:51:44,2018-02-15 04:07:27,2018-02-15 23:29:11,2018-02-27 19:32:54,2018-03-08,2393b0be836de088aee0361692ed6b41,2018-02-09
9828f937ea8a8105f999b119b9d677de,ca75ea356f366d4d44b7607dc119f0c9,delivered,2018-08-03 10:49:03,2018-08-04 10:45:18,2018-08-06 14:11:00,2018-08-08 23:08:32,2018-08-14,e1b2b9adae004eb57aac909c70052727,2018-08-03
d3f9832594bb9037370cdf8bdcd052cd,1d63533f078557f7ef9ebece8482cc21,delivered,2017-12-15 18:05:43,2017-12-15 18:17:18,2017-12-20 17:39:00,2018-01-08 19:19:27,2018-02-14,53450c9f7c8f500dfffa60a6e1f8187b,2017-12-15
f1663bd29a998b1fa47ee2b0e681bb39,b429e53162be13ff540986e8b19a10e9,delivered,2018-03-31 20:05:18,2018-03-31 20:47:32,2018-04-04 01:06:41,2018-04-12 19:58:28,2018-04-18,5547552bf07b2f44e68e8091e23cbe57,2018-03-31
a1fb0092d4374d4f3a232d9fff762b14,67d488055120635ad1e8f3913bc980a0,delivered,2018-03-20 10:49:06,2018-03-20 11:08:07,2018-03-22 20:52:01,2018-03-27 01:26:26,2018-04-09,6501e784d557fb5ca06ccb1546e71043,2018-03-20
4513c6dc83f860eaafd23be741673689,70fc204d6c0b0a00911ba3813eac28ee,delivered,2018-01-30 12:19:51,2018-01-30 12:35:22,2018-02-05 10:42:35,2018-03-05 16:58:52,2018-02-21,6f536077b881a25ccb9d900296ea27d8,2018-01-30
55af89bd3634844abc96b00c4caa76a5,43e2c04ed657fada56adb13d4318760a,delivered,2018-07-29 13:48:04,2018-07-30 09:31:10,2018-08-06 16:47:00,2018-08-10 17:56:54,2018-08-24,b3a6c074f4c6aa92d1f80e91ff21daa0,2018-07-29
f98ae2d419ae86aac83c5277721814c2,5f37908cd42604693554fc4d693d8831,delivered,2018-02-25 20:10:26,2018-02-25 20:27:46,2018-02-26 17:19:35,2018-02-28 17:49:16,2018-03-13,6e64dc929d62442c813375d68c4e0c2e,2018-02-25
f92947b16fe446ea59a6d3de2cd7b819,2353f5b23c907409f668b09d1d2fb9e9,delivered,2018-05-14 23:49:10,2018-05-15 08:35:25,2018-05-15 13:50:00,2018-06-04 22:16:49,2018-06-28,9654d6df6a63f5a9b61dd5ba0e0d8286,2018-05-14
00310b0c75bb13015ec4d82d341865a4,0dad07848c618cc5a4679a1bfe1db8d2,canceled,2018-08-15 14:29:08,2018-08-15 15:04:25,,,2018-08-29,ec979208947bbba310f2ad8e50963725,2018-08-15
76de453124b28829812bb21711bd725c,2d1f56066f0eda08b5c630ba30faa6ec,delivered,2018-01-06 18:31:23,2018-01-06 18:37:33,2018-01-08 21:33:45,2018-01-16 22:10:10,2018-02-05,e2dbee264acdd8bc76596c4239dc784c,2018-01-06
cb377b36915d19e7cab97dd57c5055aa,adba4f965e4f017e8b864969ef87cdce,delivered,2017-12-04 21:25:26,2017-12-05 10:30:58,2017-12-05 22:36:49,2017-12-07 19:13:52,2017-12-20,91011cf0da840d9e7f42582fb3fdceb3,2017-12-04
6f21315112f543e3009995c7d0391473,070bca17bc76a393ba985b11b2f9deda,delivered,2018-04-23 12:47:50,2018-04-24 17:37:20,2018-05-02 13:23:00,2018-05-08 14:55:35,2018-05-24,7942503b866fda5908a460d4c80ede0f,2018-04-23
b24ca23650d6ea6cf647d35ee3e754d3,cdb37e9afb983079b34b25f5eb73ab52,delivered,2018-03-02 14:43:48,2018-03-02 15:12:24,2018-03-07 20:58:41,2018-03-18 14:31:58,2018-03-22,50edec657d864ef3abe7fd91ec87cc14,2018-03-02
2266500ca5b798560c757fd60dd13462,9fc30ee5c1a1788db28ccebe3a0eba1a,delivered,2017-11-30 14:31:03,2017-12-01 11:31:14,2017-12-04 22:09:27,2018-01-03 23:27:38,2017-12-22,592de7c5eef333c04b18e949537061a8,2017-11-30
60a26e7da163421d81c18e6e23375ead,45da0285d7592b0548455642d83e2166,shipped,2017-07-01 15:25:21,2017-07-02 15:30:12,2017-07-04 15:34:33,,2017-07-27,6fa321819d1a53187d104c52b89ef9b2,2017-07-01
0c065ce922f289db756e5505cb2d71d7,a099ef58556b050a3aee59af3ad33764,delivered,2018-05-08 19:35:01,2018-05-08 20:54:57,2018-05-11 13:25:00,2018-05-15 19:48:38,2018-06-01,484b5d294b2311134285ff457c342906,2018-05-08
cecb76748848cc8dc67013c58902eae0,d713fd34d0c5b31a9183e06bb38e73f0,delivered,2018-05-02 14:36:01,2018-05-02 17:54:26,2018-05-03 09:34:00,2018-05-09 18:42:27,2018-05-24,fb431074d5dd2af3f1633481bdbca151,2018-05-02
4b7a96b5535dc126f27ff16f50cdc7ae,53c1956d88292139dd790ff574adb833,delivered,2018-01-22 12:14:21,2018-01-22 14:53:40,2018-01-26 22:18:57,2018-02-10 20:08:49,2018-02-23,6e9b39abcb66317159d3c1404ebba41f,2018-01-22
19d4c970e6cc7d33e2669b256238e307,e4a9dbf01cbf4d9ad855747b7b32e2da,delivered,2017-10-30 00:38:27,2017-11-01 03:30:17,2017-11-01 19:52:09,2017-11-08 20:33:04,2017-11-27,ed3266bad826f9bf2ceac0ca16492459,2017-10-30
aa906fa25e77d1ba6d307e13b461ac48,401575e6ab34a1d57b073d7ec96d6dc3,delivered,2017-11-10 12:15:50,2017-11-11 03:10:32,2017-11-14 23:17:05,2017-11-23 19:09:21,2017-12-06,05f3d8fb1259e2aee9cf32a1ce107a64,2017-11-10
c36e554ee01d62169dcff7d661d80922,f3495edf5a110bcf9a3009dc6d61a3ba,delivered,2018-06-19 09:17:04,2018-06-19 09:36:46,2018-06-22 12:01:00,2018-07-09 21:46:41,2018-07-18,1e326383916883a6eb76408184f35cd8,2018-06-19
320ecf6854e14e86b022c562c759b713,c9ed1372491fe078c373a4d099778146,delivered,2018-02-03 18:57:58,2018-02-03 20:10:10,2018-02-05 23:52:00,2018-02-07 19:45:04,2018-03-01,1c0d4c0b6bdabef40a2764e8d19ddaba,2018-02-03
e980e6b7eb7563bd75881a2f323e3e78,51334f2b084155eea99d2433a035ae66,delivered,2017-12-20 12:22:08,2017-12-20 12:32:06,2017-12-20 22:04:02,2017-12-22 22:51:47,2018-01-09,72b5a3b7feeb40adfeaaa658beb31a37,2017-12-20
26571b3afa2184e8287729d2a84f92f1,eff78d41219eb87ed8724e0670a1acf4,delivered,2018-04-21 17:22:16,2018-04-24 19:18:17,2018-04-25 11:47:00,2018-04-27 00:07:48,2018-05-16,cb5a9926f2362a5d3358b47d9201de9e,2018-04-21
17ade9a25d129b033c406e6d31b31a85,dd7148aec251124d2e36e35ec175b66d,delivered,2017-03-03 08:55:57,2017-03-04 02:24:05,2017-03-14 10:25:43,2017-03-22 04:27:45,2017-03-24,6cdd0df4d0215b2ff3385e7c0a1abd2a,2017-03-03
102b81e48c621d25f4c7ccb27af0ffc6,bbb1f572f496bed6a095cdc073c45311,delivered,2018-08-18 16:22:29,2018-08-18 16:35:13,2018-08-20 17:52:00,2018-08-22 17:06:50,2018-08-23,de9bfa750be4a0793f84e665fd2b44aa,2018-08-18
0c51fc08a502b9c73f0476234f991613,1a56ca3ed189c5846bffb53057e0e0ca,delivered,2018-03-08 09:56:08,2018-03-08 10:10:26,2018-03-09 16:58:41,2018-03-20 23:58:22,2018-03-26,9ddf65133a565679e0cc421ea83c4463,2018-03-08
576a4c1c23fdba52cef2228ad0232cc6,02aba7ae34101544b479f4487f53fb28,delivered,2017-08-21 22:05:18,2017-08-21 22:25:58,2017-08-24 13:11:58,2017-08-28 17:37:28,2017-09-11,ed08dce6ea329e23c1a6049542082b60,2017-08-21
a471834c9ff33eaa1ba3b5aa8d6d0180,2df956ada7e6232337882a9947cc0d93,delivered,2018-08-14 12:36:40,2018-08-14 12:50:29,2018-08-14 15:03:00,2018-08-21 19:08:57,2018-08-27,5af0ff33572b5634d5111bd7bdad86a6,2018-08-14
ddee206e57fa8a88cb37d640dbd73477,4149bdb48e912fba1b82209e8523fe6f,delivered,2017-11-15 13:29:29,2017-11-15 13:35:30,2017-11-17 21:22:53,2017-11-22 17:02:46,2017-11-29,5539bfde036d97cba79b8ea4c2b631f4,2017-11-15
595a99ff17a6ca3ab990cc37da29fd2a,1c62f4cf3548c3400a0ad526c945481e,delivered,2017-05-23 10:13:30,2017-05-23 10:25:23,2017-05-24 09:12:25,2017-05-29 10:44:43,2017-06-14,9b05c0b1fdf20c1174b8664df970b8f7,2017-05-23
c33c6f0573546babb3f2ec2f6c1a7825,21db0c3e5bd5078b930999e60c82a63a,delivered,2017-03-29 14:45:25,2017-03-29 15:55:19,2017-04-04 13:25:09,2017-04-10 10:57:38,2017-04-18,e9d22c3a84c8de8ba28e46c69ea1db86,2017-03-29
63fe9908d3d71e2355d3abbd56af7af4,99ec403e5635446f0677ac2752b2c0c3,delivered,2018-02-02 15:48:20,2018-02-02 16:09:02,2018-02-05 21:08:56,2018-02-15 21:51:35,2018-03-05,fb01d3c4f62c003e90933eef923a2889,2018-02-02
b237f95fe1b25147f47f26e69b4214fe,3f093776a4d97894c51992db9ffb1257,delivered,2018-05-07 00:32:18,2018-05-08 19:53:08,2018-05-09 11:20:00,2018-05-18 22:31:32,2018-06-14,138ff1f6d99b817b8af590d49696da7a,2018-05-07
206a9f788eabd24e87d7475ce4382a9d,29e75c5bc4d598db86b874311d317d69,delivered,2017-07-14 17:32:19,2017-07-15 17:43:37,2017-07-20 17:42:22,2017-08-03 20:07:32,2017-08-07,5ce9281250abf0dffa29d49ad7f07c34,2017-07-14
05c491d6be497dcfa89fdb1f9eb41004,0e3b2ecc8d50d0c212672aa10520e74c,delivered,2017-11-21 15:12:42,2017-11-21 15:26:55,2017-11-22 17:58:42,2017-11-28 16:58:46,2017-12-08,95e52c90fb1f27338de757a076885ca6,2017-11-21
8b7d4b3e8eca5cae93f948e0d7b67406,76d4a3d0005fc2a1c3d995a062bfc72d,delivered,2018-01-25 10:24:24,2018-01-27 02:43:27,2018-01-29 14:04:20,2018-02-05 19:48:59,2018-02-19,1fdb1b2757402b1c8c077a9e197b5d63,2018-01-25
3118c0aa61dc4829da442c97ff41d2dd,a9584c57b96de5f09b0bd01550b2f612,delivered,2017-12-28 12:57:08,2017-12-28 13:08:24,2018-01-03 20:46:49,2018-01-08 20:09:49,2018-01-24,6ed6bb491ea47ae1a0b331414148c5e2,2017-12-28
8730eb6033096bc99877b2f10d4de04a,ea3acd2d48472322455ab1b6ed05f253,delivered,2017-11-29 15:51:14,2017-11-29 17:11:45,2017-12-01 19:38:32,2017-12-11 20:33:15,2017-12-14,b83c15aacd2ade90cfadb49b5b9f881f,2017-11-29
cfeadbadadd7a16f2f95fc7a556f16fe,96fd44add323bdcc82ebbd23b4752ac0,delivered,2017-05-23 21:10:31,2017-05-23 21:23:12,2017-05-29 13:49:58,2017-06-01 13:22:21,2017-06-27,bd204d0a603fa4506291698b13d21f46,2017-05-23
ecbfdf489fbd7cfdb3598186d8891670,499c4320641fd7bad9530372ad01098b,delivered,2018-01-13 16:37:39,2018-01-13 16:49:41,2018-01-15 17:53:02,2018-01-23 19:41:21,2018-02-08,65220bc921b4aea4b88295ef46e89f09,2018-01-13
a78d782caeeeed8f53cf19d524504e00,e7104d922b9a5e57bda9f1bb619d9013,delivered,2017-11-22 23:59:40,2017-11-23 00:12:42,2017-11-24 22:13:10,2017-12-01 20:18:02,2017-12-22,cee506c9d151dd5cf62c8f49be451f79,2017-11-22
d42ee092dd327bf569aa4406ceb2ec61,38b0f50e9a57a11d7a4af9a6fe006ea9,delivered,2017-09-17 18:19:41,2017-09-17 18:30:13,2017-09-21 15:00:14,2017-09-25 22:07:34,2017-10-06,1d3cb99af6d55611ecd7b383b7a5a2e8,2017-09-17
08b3dc9205759c9df94d231f6257b344,347c6e5b1c1661f05ddc3f89ca90cb1c,delivered,2018-02-04 17:11:02,2018-02-04 17:49:15,2018-02-05 23:52:21,2018-02-07 20:04:44,2018-02-21,6ccf80cb99d25d93c2419c2d6130ee00,2018-02-04
b11a56abf15c11b6a5c248689c6525af,967400dffafeb6bd681d17b5c57cbc46,delivered,2017-07-10 14:07:43,2017-07-10 14:23:25,2017-07-11 22:38:56,2017-07-12 18:04:05,2017-07-21,d6df11a09268dc899377f7ec02511799,2017-07-10
2816a544a7b660bddd5694f1f626e57a,251bdb1172c30a65570d897d532b48d4,delivered,2018-03-20 20:47:58,2018-03-20 21:08:31,2018-03-21 19:48:21,2018-03-29 21:37:20,2018-04-10,91a91a4cb75a949869da376eb23c8b8b,2018-03-20
dcb51dcb7db5cd9a3d44ebf6002bc080,da39612672f966a88588320e7dbacc0d,delivered,2017-08-04 12:51:21,2017-08-05 02:55:30,2017-08-07 13:27:32,2017-08-11 16:42:28,2017-08-24,eb4acb89bcd27ba80dddc1c39e3c3eb2,2017-08-04
00010242fe8c5a6d1ba2dd792cb16214,3ce436f183e68e07877b285a838db11a,delivered,2017-09-13 08:59:02,2017-09-13 09:45:35,2017-09-19 18:34:16,2017-09-20 23:43:48,2017-09-29,871766c5855e863f6eccc05f988b23cb,2017-09-13
667ab8124d743a73a082c04d1ad8baf0,045c9c5743635d72e9ce2c5e5dd6771d,delivered,2017-10-24 19:43:56,2017-10-25 02:08:45,2017-10-27 20:28:40,2017-11-07 23:09:01,2017-11-16,87e8f89b5eb94e367396882a3a6eb36c,2017-10-24
8faf0ebac1a886f5df3dc9bd7ed39b58,88dc5c43f74b840f951227bbdbeb1d8a,delivered,2017-07-04 14:32:31,2017-07-04 14:45:22,2017-07-04 15:26:52,2017-07-10 20:12:58,2017-07-26,afd298f910efb99d602e27b71e1e8ae9,2017-07-04
41ff57991323caba17252cab8f98598d,9e7e855c875c273112820c0eb1c836b6,delivered,2017-02-21 19:06:14,2017-02-21 19:22:34,2017-02-24 08:51:29,2017-03-06 11:41:50,2017-03-22,9fb5481b271c1f4e3afa3fffeff3db93,2017-02-21
b262d7f5db1e8a9c23bfb44558c7e4ba,fde680ede5f8b0a4ebaa0fcd7da97f07,delivered,2017-10-17 15:56:27,2017-10-17 16:14:44,2017-10-21 12:27:43,2017-10-28 16:11:35,2017-11-06,27fd40661f81b12783dd310312258f6d,2017-10-17
3298e7053c95993e6eb284ef3d254b49,62284ba2057b775c15b0abe3c6db005d,delivered,2018-08-20 14:51:27,2018-08-20 16:31:45,2018-08-23 11:04:00,2018-08-30 12:48:38,2018-09-13,99fd58ea3b67ec2fad4722800332f5a6,2018-08-20
0229b2e398fde4545d32b5bb232973ad,4b2ef9e978a3fb2cf7ea6ca5f7792dd9,delivered,2018-03-21 15:11:48,2018-03-21 15:27:53,2018-04-18 18:21:18,2018-05-05 01:49:46,2018-04-26,b48c5a138371da90badcbc94338b2afa,2018-03-21
09ae30c3aa82707a515bda0df370f7d2,01a52718e4ca43d2cc1da7c9209a6325,delivered,2018-04-15 21:34:02,2018-04-15 21:50:03,2018-04-16 23:21:51,2018-05-03 17:05:11,2018-05-09,dbceb1472a69b0b7b0a56d0b9c9893f7,2018-04-15
cd4f9a974c6789b89069a844779294a2,7bc9b7017eab15299f2e16233739e918,delivered,2017-09-09 16:57:13,2017-09-09 17:10:19,2017-09-12 20:44:36,2017-09-18 20:55:39,2017-10-04,183098e8a2b68ad63794031d5b719d69,2017-09-09
38006c12e16c03c74e2eb3113e238e5f,5e39953d1ba9f7f91224484c73f3b0bb,delivered,2018-05-04 20:06:46,2018-05-04 20:15:20,2018-05-07 11:06:00,2018-05-09 21:48:59,2018-05-16,9db736f5dfadeaaffc980162da2c3a3e,2018-05-04
78c2bc594a0e2c77b9319a281f7bb7af,d8b8d43321df5d73fc4b3aa748ca2067,delivered,2018-04-11 11:12:46,2018-04-11 11:30:23,2018-04-13 22:22:33,2018-05-24 13:33:53,2018-05-15,f8c74f26f568c1b52cd212e700e977df,2018-04-11
018bb1508d9156b81990407b91fb35a8,ab65db409c590bb188616224a7e76cf7,delivered,2018-08-15 21:27:41,2018-08-15 21:44:05,2018-08-21 15:50:00,2018-08-24 21:44:36,2018-08-30,97389ed5addd9b9f90dc5b64f3e4f938,2018-08-15
5c7d0a72d5ce2ffc03f4a86238abcd9d,0dd884f71795de2277b374e5714f7102,delivered,2017-09-06 05:47:55,2017-09-07 06:42:33,2017-09-08 17:51:51,2017-09-15 15:04:00,2017-09-28,b4e821d1470e0b442d201d391a455738,2017-09-06
936124bcca6eccc3f937c560b4c97d69,ee93c4b6cc8819eef9c8fdd33d3b29ed,delivered,2018-07-12 10:24:05,2018-07-12 10:35:18,2018-07-13 15:06:00,2018-07-20 16:50:31,2018-08-02,d694f1a51d1746b1faf7cfcf5beda6d5,2018-07-12
dbbb8658d9a27d2be4cefb9a9a5d9e33,1557244dadd25bbf0b7c24aa8c76cc2c,delivered,2018-05-29 21:59:03,2018-05-29 22:32:46,2018-05-30 14:40:00,2018-06-02 13:41:58,2018-06-21,876706eecbf770d31d7e3b410f89bb6c,2018-05-29
b38c1ea8a0202a0c367fa61b498b1749,36bfbbbe0a074d32bec3c08cb9111384,processing,2017-03-09 19:35:08,2017-03-09 19:35:08,,,2017-04-11,2b4f3f41eeb66df3baec10c746243dba,2017-03-09
be4ce210f993d9e26a013ae7e93b6893,4e25d8a3eb725a54cb86bebd52968a98,delivered,2017-11-09 19:18:12,2017-11-11 02:55:41,2017-11-16 21:15:46,2017-11-17 20:21:19,2017-11-23,260e30615bfb298f951a7acacfd7b668,2017-11-09
9dfcb922e1243614936a4e9514ce45bc,16b3f5b8bfeb45aee620672091a81995,delivered,2017-06-02 12:26:55,2017-06-03 02:35:31,2017-06-06 05:27:31,2017-06-12 08:05:37,2017-06-27,e175739e916938c62052eb2c5ed94338,2017-06-02
165a2e916fc69271b37274d45032b3cb,9e404dfec66c0af0cc6898e439b85b9c,delivered,2017-10-09 11:23:41,2017-10-10 03:26:19,2017-10-10 19:58:02,2017-10-17 17:28:01,2017-11-03,354267e41281961ba40092231d54c4a0,2017-10-09
5705f0ab5240ded54a1da959e74813c3,dd1334e544ce77604d3da0793d6a6c80,delivered,2017-10-11 21:54:06,2017-10-13 15:56:28,2017-10-19 13:06:25,2017-10-25 23:21:38,2017-11-01,b497d4b2853982360d372d87c76e44f5,2017-10-11
f99df3f2b81c3943921a338bc03994f2,773fec0d5939f1896c867963d0226081,delivered,2018-04-28 10:24:22,2018-04-29 10:34:49,2018-05-15 07:40:00,2018-05-16 13:58:24,2018-05-22,d7c1012110db9cf5e563972628bed021,2018-04-28
0a53fca4f1040863a7aa5e7b0634ac09,de44ecdecadfbd5d7c4943889af1c915,delivered,2017-10-15 16:30:51,2017-10-15 17:36:18,2017-10-16 14:48:13,2017-10-18 16:41:35,2017-11-01,a5d33328825b7bc28f01df58e71403b9,2017-10-15
6cdff0742900c90e18fd4afb296ffb49,611f242bc215745857b56cace74282e7,delivered,2017-09-11 09:34:15,2017-09-11 09:45:19,2017-09-12 19:03:57,2017-09-19 13:52:22,2017-10-02,0220cae7a876f841ad3924e84b29861a,2017-09-11
982bda28a7b217851c89aec9e7ea5c6d,19828778bc743cbc74d195dacf2e28ea,delivered,2017-07-30 01:52:02,2017-07-31 06:45:09,2017-07-31 18:26:55,2017-08-10 19:54:47,2017-08-22,83132b57a9cce2595f648b5f8153d17c,2017-07-30
343d0d5dcda28198afc688aaa821762f,de03a1499d92ae668adf7cbe3436ad1d,delivered,2017-11-07 23:35:30,2017-11-08 01:26:21,2017-11-09 18:36:28,2017-11-21 12:17:11,2017-12-07,c916dfd7068079fd4e53152e277efb77,2017-11-07
5128188ca97d5ec2767217149eb8df4f,8f825262875c0dbab7311036e6ade6f1,delivered,2017-11-18 12:45:06,2017-11-22 02:47:27,2017-12-09 00:24:31,2017-12-14 11:47:01,2017-12-11,6739d8033c944ec73819ee3771692df0,2017-11-18
f8f45ebeb38088c44d98d201371ea345,c3828fcf7c3e8abc8d38eae8992e1842,canceled,2018-02-11 15:59:41,2018-02-11 16:10:29,,,2018-03-09,6420296dd74d32cdfd553d4b98fa8ad4,2018-02-11
97967e720610b3e51b1203d91c1a746d,901bacd94634bb0e5bd777922611543a,delivered,2017-08-25 17:35:31,2017-08-25 17:46:19,2017-08-31 13:25:10,2017-09-22 18:08:13,2017-09-27,030bbb08936426953999d826bee954d6,2017-08-25
b4bd3f1c1c19dd899d3a534abb0b8eb0,d7537b3c5b91b42e9ae5db7a5373b50d,invoiced,2017-07-30 03:14:20,2017-07-31 03:23:00,,,2017-08-23,f661ce75fb89d96fa60c9d41490dbe8e,2017-07-30
4a5bef9407a9fb11676211fba6b07c1c,03648b0b80b0733591115d811b7420e3,delivered,2018-02-20 18:55:39,2018-02-20 19:05:34,2018-02-22 00:22:06,2018-03-14 23:02:18,2018-03-15,80e342d5f93c2fefc0d1513604fc10c6,2018-02-20
1e0d311945858b3394e3b6860838c9f7,b9c20ab23c96e9531dfd3e7020def950,delivered,2017-04-20 19:08:42,2017-04-20 19:21:54,2017-04-24 10:05:44,2017-05-02 17:44:17,2017-05-26,caacbdab048a4388e47880d990db029e,2017-04-20
1dcf0c8cd36ffaf57784fbdc90079310,34955e04695a861e22cfc5600244118d,delivered,2018-04-19 21:16:39,2018-04-19 21:31:03,2018-04-24 17:17:41,2018-05-09 18:39:56,2018-05-22,1b70f1238c390e4e7f01455440b09233,2018-04-19
7f4990a3cadc07c4c72c6a2b5026732b,98beedf49bf1d0116940ae4de3f514aa,delivered,2017-04-26 17:26:18,2017-04-26 17:42:27,2017-04-27 10:22:11,2017-05-11 14:58:08,2017-05-24,c06db3699da67e1978115d3f2bc4e6a5,2017-04-26
c0abd38f3c86c3d4996c94bcf99df796,36f58303deca083523374389d472bfec,delivered,2017-08-29 09:29:34,2017-08-30 09:35:13,2017-08-31 19:37:25,2017-09-06 22:15:40,2017-09-20,9b0032ab4433b42478125e1b78af92b9,2017-08-29
f67127a9ba4a450102c1753368fd574e,e157b29fc9776fe9ab6ba2bd3f0cb002,delivered,2017-12-28 23:17:13,2017-12-28 23:27:09,2018-01-02 18:34:45,2018-01-09 21:43:19,2018-01-17,c98cae11a600a10b70bdc9aaf89f4d24,2017-12-28
24991dc7bdf90c687d06964b2459932c,071dec660b92cf4f691f1ad4277ea267,delivered,2018-05-18 15:20:00,2018-05-18 15:37:33,2018-05-21 09:16:00,2018-05-22 21:04:04,2018-05-30,8b6e7cfd0a661364eb3d210598e2e689,2018-05-18
ade69ba18f873dc21f043783d60beeb6,c795e55ace97cf16ec76d19128d8af87,delivered,2017-11-28 10:12:32,2017-11-28 10:40:26,2017-12-01 19:49:12,2017-12-14 22:07:17,2017-12-21,138a7cdb83d4045819dce1ced63ce65d,2017-11-28
983ee8a15c6bc4fab3c4f5503259ed37,abf1a0d261ee8e27ea07f10bf7c9e95d,delivered,2018-02-23 11:55:53,2018-02-23 12:10:35,2018-02-26 19:57:03,2018-04-19 16:44:43,2018-03-29,c128bbc211115b772a1377ae395e043c,2018-02-23
92a327e7271313540958cf048ff5c2cd,d0c71544b9d999fd56911fbce19fb35b,delivered,2018-06-14 15:23:38,2018-06-14 15:38:52,2018-06-14 15:41:00,2018-06-18 20:48:48,2018-06-29,b2b04133009c9e34842e82de9e7cf465,2018-06-14
f037570b9dc59fcdd25a6d3e87135ce4,fc1533d533d97f6b04f4eefcbc1868b5,delivered,2018-05-26 00:34:58,2018-05-26 08:35:17,2018-05-28 14:08:00,2018-06-07 20:12:18,2018-06-28,1463a7565f8996c9b3bac10c3c674a8c,2018-05-26
ff6ab7a209609f6d415e5465e903bbe0,5cca92fc0d4ae1f2d79442783441091f,delivered,2017-10-31 10:49:23,2017-10-31 11:06:19,2017-11-03 12:51:54,2017-11-06 22:09:32,2017-11-08,b46e2e576218f74befba51d0ad8789f8,2017-10-31
a4d1329847951b717f1049a774984fce,0bba96d74b097f702d796d016ea4891b,delivered,2017-12-04 09:17:35,2017-12-05 10:30:50,2017-12-06 21:39:04,2017-12-15 17:46:07,2017-12-27,9478384db2bccc092709b5b0b82f8ead,2017-12-04
10a94cfc443be920ad332f21f5285d0a,8c0ed8ab496f6c6c4dbba03d73a43557,delivered,2018-01-02 15:21:34,2018-01-02 16:31:41,2018-01-08 23:28:00,2018-01-20 17:47:05,2018-02-05,b10a97b5d67cce7dd6054e80a4722638,2018-01-02
0ec1e92bb5190cb24b2b414151894032,fa9b3cd2e99e5241efe68dea5b19f1b0,delivered,2018-06-12 14:35:06,2018-06-12 15:05:45,2018-06-13 14:36:00,2018-06-21 20:18:44,2018-07-12,a4b921391832d319f19756511cbdc484,2018-06-12
c1c86ba217bd2363ca1f95f2f6d19abf,0ef0ce71f70fa4dfeffca02866a9f0e6,delivered,2018-04-17 14:32:21,2018-04-17 14:52:42,2018-04-18 19:57:36,2018-04-19 20:10:38,2018-05-04,1f97200bf757bf93f1ca744a90b1df1b,2018-04-17
709926b31b6288e322d926e2b93459b6,23ac779aa02fd8ec91b381549a60c4ca,delivered,2017-08-25 17:46:31,2017-08-25 18:08:17,2017-08-28 19:12:30,2017-09-04 16:28:48,2017-09-19,e86ced0286440ef7f4508e9ca5b084de,2017-08-25
96b0bbaa7c919540b78e7c4f1223cd0d,92305c11a1f68c003ad4ae6dd611c026,delivered,2017-09-24 06:37:27,2017-09-24 07:46:21,2017-09-25 17:57:49,2017-10-06 20:42:28,2017-11-03,4d2e2633e37fe257e377f31eaeb26435,2017-09-24
010e7dda85fff564e8b7076ae3928efb,76c6370ab8b030109448c39db2b9e08c,delivered,2017-11-27 14:26:40,2017-11-29 14:33:42,2017-12-04 23:18:52,2017-12-12 21:49:55,2017-12-18,81d59547135bb962c771484f86d08c11,2017-11-27
483ff5a41552b4071ff9d8bef07c6ee7,d4420d4e2444c03abf4a6e64563feea1,delivered,2018-02-16 13:57:31,2018-02-16 14:06:49,2018-02-23 22:52:14,2018-03-05 20:08:10,2018-03-19,8f08ba3c31b5bf076daa9541f3c607ea,2018-02-16
ba5708c791f09d3ca5c69708140f58f5,5bbf9589dde0cc04af86400ba06328d6,delivered,2018-05-09 16:16:30,2018-05-09 16:30:30,2018-05-11 13:44:00,2018-05-17 23:58:27,2018-06-05,dde0515a6cd17c3d8d2e90693d50c661,2018-05-09
6243a6ba7e6150edfa7227f96c72de74,365b0f8d41438069e3d02ca7cb0e1f35,delivered,2018-05-14 23:12:56,2018-05-17 08:36:23,2018-05-17 11:48:00,2018-06-02 16:52:30,2018-06-01,cbe063493a222cb17024ff0285b4ecb6,2018-05-14
970aa8797f1c8f254fb4e76d3d9ba9a7,bb90fe63b16b6fcd28b01ddc2ad66777,delivered,2018-05-04 17:49:52,2018-05-04 18:15:55,2018-05-07 14:12:00,2018-05-14 22:37:36,2018-05-30,c53bb5d90e83761c3e63d64f58b91c9b,2018-05-04
6390d8596b48fe36ecbd508af3770dec,5f302af18bb0da175bc7b0eff5307451,delivered,2017-11-24 12:58:54,2017-11-24 15:13:32,2017-11-27 21:48:39,2017-12-05 00:32:49,2017-12-28,c0536ee7a009264e0f1bf1c8f4c54ad3,2017-11-24
f4eac8362e4d9737df507555b8894b68,e6f80de619482c71a9a08d37b87ffe54,delivered,2018-03-01 21:22:45,2018-03-01 21:35:39,2018-03-02 21:37:39,2018-03-20 00:52:01,2018-03-29,409379e6e577c89589dade402e6c2522,2018-03-01
aa2ae4efd578f1c304128a899e4d1a17,3cb66f1169b5dd1fc680f9a951641612,delivered,2017-06-08 22:46:23,2017-06-08 22:55:08,2017-06-14 08:05:16,2017-06-22 08:34:03,2017-07-04,6bb535b0906b43e0041916897667aeed,2017-06-08
6e913f64d31f551cbbc72e703744e52f,1fbc6ac732dc145df4be72bd4d75ca04,delivered,2018-05-06 14:24:39,2018-05-06 14:35:10,2018-05-11 12:25:00,2018-05-21 13:08:33,2018-05-18,9421821b9fab686e7c0e916d7b61e2c7,2018-05-06
cc852cf36cf64a124456f5f10b2142ae,986be13e0019c9cafc514e4773ffbec0,delivered,2018-01-11 15:17:23,2018-01-11 15:28:32,2018-01-16 20:52:33,2018-01-17 16:29:13,2018-01-26,3bdefe263638b8b2a51937244f58967c,2018-01-11
ca93131de2c3fc58df457b40df4aff78,deab342c08035ecf5e8f2f8ee5d3b961,delivered,2017-11-24 19:28:28,2017-11-30 15:14:23,2017-12-01 19:12:59,2017-12-18 16:19:25,2017-12-14,1042695d11a5cd4a60789cf9bbd052a8,2017-11-24
bf9d1c19aaa57a10e2c963fa10f75b47,9c42f2aac913d97745a24f4dd00bf2f5,delivered,2018-04-06 06:59:43,2018-04-06 07:10:12,2018-04-10 00:26:33,2018-05-07 20:12:18,2018-05-09,e210ba7ec6880abcc06096731feaa8bc,2018-04-06
dd65ebf209e7f649ebd0db15a8f61b24,014945a1b791b4b3585bc9d2e8a85d82,delivered,2017-07-04 21:39:30,2017-07-06 03:15:36,2017-07-06 14:42:30,2017-07-11 13:03:46,2017-07-24,f9440ee3262032e0f0ea6ab93edad013,2017-07-04
6cfff87e38aec01ac371bafe086e3f56,74b865cc72a895105db6ca881627a6d2,delivered,2018-06-06 15:23:34,2018-06-07 07:55:13,2018-06-07 12:05:00,2018-06-18 13:22:30,2018-07-19,b805ebd38ec0a396cd53d89b6e88a43d,2018-06-06
81e5f25cdc0610fbdf2d8fd215b45e0a,e3bef767f6dc94074d9f029511f65dac,delivered,2017-07-27 12:07:53,2017-07-27 12:22:47,2017-07-28 18:59:34,2017-08-08 18:34:05,2017-08-24,e013d9d9eaf7eaca9f1f6925c5ae815f,2017-07-27
eb1d0d94d6bc790ec20faa649d68f58e,1d528c027a4a347f6514ece9affa4cc3,delivered,2017-08-05 18:13:21,2017-08-08 03:55:47,2017-08-14 15:46:52,2017-08-17 17:05:57,2017-08-25,c3de6917f167c8f375e644357fedea1b,2017-08-05
cad39f1647e3828163e49718ea495994,49e714a43f8bd467468c982da1b1873b,delivered,2017-10-29 16:24:24,2017-10-29 16:35:19,2017-10-30 21:23:35,2017-11-10 22:31:45,2017-11-27,8f69b58a76ee175e4c952315b999ba54,2017-10-29
d59f1caeb15c7889dc992ee9b7ef9393,176ea1243df9a989902c264081d7384c,delivered,2018-03-02 17:08:30,2018-03-06 03:49:13,2018-03-07 00:21:45,2018-03-07 18:29:04,2018-03-14,09e2211ebded7c99b9b8b091ba29b069,2018-03-02
0f6b7fd8b1ca2b342b4629b5c8a4435b,0a0b289b31e52a51a3368b171806a8fa,delivered,2018-05-28 18:16:19,2018-05-28 18:36:12,2018-05-30 13:54:00,2018-06-14 00:19:36,2018-07-16,bed06c4ebe1ee0d97cb1ac3f9dec8766,2018-05-28
72ec38baa39449f9ab884a84c5c8f4ef,c29938a93f8ece506055a0d148460e3b,delivered,2017-09-27 16:03:02,2017-09-29 02:14:40,2017-10-04 13:45:32,2017-11-10 19:03:45,2017-10-24,7804bb80e888801c61290f838f457669,2017-09-27
74679da034802e519a33e412d6b3fba2,4dd4747ac9bb7986b4a80082e193969e,delivered,2017-11-08 13:10:52,2017-11-09 13:07:53,2017-11-11 00:18:21,2017-11-20 21:28:43,2017-11-30,b02afb84064c94e89492d4864e461569,2017-11-08
e1567351759b0e1ba43830da0349dd1d,2e6917b2bc0ad0cbff4525e986bf2ed9,delivered,2017-05-26 13:28:20,2017-05-26 13:42:05,2017-05-29 12:23:49,2017-06-01 13:42:27,2017-06-20,2f9d8025a1d40981b6ea1b631c8bebb9,2017-05-26
59695116e3986b9eb1eb35d5d74e728b,aa2a149c3d5e95e6fac7d1cc6bd8fd27,delivered,2017-02-06 14:49:45,2017-02-06 15:02:35,2017-02-07 11:23:03,2017-02-16 13:29:06,2017-03-09,485914faa593225b39d3bcf14fb4d556,2017-02-06
a8820cdff4c7f3a17ccac2b31c42340e,f0cce30b54f541b14dea8ad47f63282a,delivered,2017-07-26 13:18:07,2017-07-27 12:15:16,2017-07-27 17:49:48,2017-07-28 15:14:24,2017-08-08,40c903b5ef6813c38ee52a8b11fb0d64,2017-07-26
869a11332dfbdd33131c16f1ef2d75bf,45239e2efb1a649a70e3a709cab96bc3,delivered,2018-06-18 21:47:32,2018-06-18 21:58:18,2018-06-19 11:47:00,2018-06-20 18:12:26,2018-06-28,7124791ca25bad043d51953cd3265213,2018-06-18
8f09ac6e9b4016ac9b69b4b6559d8ecb,76acf234b7ac154f7e0033ac6b88808c,delivered,2018-03-10 08:28:02,2018-03-10 08:50:31,2018-03-12 21:07:17,2018-04-13 21:56:58,2018-04-05,179d1aff77924e7715c04c715aaadad0,2018-03-10
173e03e3afede01446cd36851e3173dc,351ba257ff8f46b84420f830e5bcedd0,delivered,2018-06-01 12:00:08,2018-06-02 03:31:48,2018-06-04 17:55:00,2018-06-06 15:23:02,2018-06-26,53780137baba56759c9eda8ff4b0639b,2018-06-01
9fff263519b16922d71e07a6706a0ef8,fda0335b2cc8ceacf98e89f40daaa7cc,delivered,2017-02-25 10:09:02,2017-03-03 02:30:29,2017-03-03 15:53:34,2017-03-14 10:46:02,2017-04-03,38ecbc9e92fd529091ee773a45085b55,2017-02-25
1c47e7875c7c3bd3399467e179c5c3bf,920262e9d102e1706e797902ac8e9d4b,delivered,2017-01-27 01:24:22,2017-01-28 03:31:13,2017-01-30 11:45:17,2017-02-08 10:45:40,2017-02-23,fec0f9b88ab21b6b9bd1961500e83665,2017-01-27
a3d715c13af177125a462b543a9a97f4,74bee0619fc86a63d3b020f457efb338,delivered,2017-10-14 14:08:47,2017-10-14 14:26:00,2017-10-16 22:13:00,2017-10-19 23:06:37,2017-11-01,8bf46923c2aac6f76fca2c7e19432778,2017-10-14
aa6f6f661c3e88e007c6cb03ca1e55e3,83b49b4dd32370d23bb5813628dddeb4,delivered,2017-10-05 13:49:38,2017-10-05 14:07:14,2017-10-05 19:44:33,2017-10-09 20:12:51,2017-11-08,a0dd955282394adaa929ed988d4b7c3f,2017-10-05
9823427fadb4fca57cb5e1d4d2b07a8b,a5cf58a2f2deb1b4fe6d8496835ae8fc,delivered,2018-01-26 12:44:07,2018-01-27 02:41:23,2018-01-29 19:33:51,2018-02-15 15:14:20,2018-03-02,cb76ec657ba8aa94671271fba5c02c27,2018-01-26
6d3f615ed5f5521c748aa7a71308a880,24e087703533b976db3e2d867e2b07af,delivered,2018-03-12 17:15:43,2018-03-12 17:31:41,2018-03-13 19:56:38,2018-03-19 20:58:30,2018-03-28,87307bedec2b4496fc1fac01d1d98a20,2018-03-12
086336eee2f5956e2a6a18369abd023d,29b585519cea01e9367649155a072065,delivered,2017-07-30 03:10:40,2017-07-30 04:43:12,2017-08-01 20:22:53,2017-08-02 18:33:42,2017-08-11,c52ad75d077c8ec05b566d6b9f2dd06a,2017-07-30
bf4e354422376ccee274a76ef5f26817,ffb0327dd973137e6795f0a714f4aa0e,delivered,2017-10-22 10:16:10,2017-10-24 03:35:15,2017-10-25 17:43:06,2017-11-07 20:07:00,2017-11-17,50c129f15d453b17e041e99f13739525,2017-10-22
c477a36e7fcc7a915483289ed00f6ee4,890a87ab82ebd8875ee62996b9c6f067,delivered,2017-09-05 15:30:01,2017-09-06 03:04:15,2017-09-06 22:19:03,2017-09-14 23:17:36,2017-10-06,1a8ecc893934298c06d6a0c425edce64,2017-09-05
4f465645306f7ff736f2b87d32ed65a3,8c20e2e6a5c8c7a3b3dd91f0a5c4ea18,delivered,2017-03-09 10:15:25,2017-03-09 10:15:25,2017-03-10 09:27:24,2017-03-15 11:11:45,2017-03-31,0b6b85b54b1064c24e359d388f726ab1,2017-03-09
6b95cbf782c29411b0d5feca16490ceb,1a0d6e9c1a8483fbeec12da522abc4b9,delivered,2017-02-09 13:15:09,2017-02-11 02:45:32,2017-02-13 08:17:32,2017-02-16 17:56:10,2017-03-08,1fdf90937088c83e969d2d20a1c73116,2017-02-09
e9a04e230494b2b61ebb85529c4f9269,f0d3477ffb762f6ca6c099d34ca9589b,delivered,2018-02-26 10:09:01,2018-02-26 11:01:16,2018-02-26 23:22:35,2018-02-27 23:22:22,2018-03-12,9efc5de5edb5da69f84f523f88901332,2018-02-26
8d771479430ddcc5431d2ef4aa207204,93af7e4b75f74f04187970ba13ab3873,delivered,2017-06-06 21:31:50,2017-06-06 21:45:13,2017-06-10 09:49:28,2017-06-19 14:41:48,2017-07-03,fdb2f8a871f180fefdf3ba06bf7ab179,2017-06-06
8c7e112e6142410327c019e28d65d751,a7da632ce5f962abe073f312f5a1b390,delivered,2017-09-02 10:04:34,2017-09-02 10:24:13,2017-09-04 22:19:05,2017-09-12 22:45:27,2017-10-02,33402909bc53450f7cf55d6c135e2733,2017-09-02
13c0445b9e1b9ebf53dc83fce3600a36,cb7ef8c9ffb93651ed0c35b48c7a7a18,delivered,2018-07-31 10:57:20,2018-07-31 11:10:19,2018-07-31 15:02:00,2018-08-27 18:06:38,2018-08-14,ac5bde7ba901060a8b99255449df7eff,2018-07-31
f0ea851516ffb7fbea588f7d200e3d43,b1a44e11c4baa2880439e1104a77130c,delivered,2018-04-15 13:07:24,2018-04-17 05:50:42,2018-04-17 18:58:35,2018-04-24 10:08:48,2018-05-10,3fd65efd12ff0821df1aa3ce881acece,2018-04-15
a2aa0f43175b887d8c74e0c15811e9c5,4c95c6380e5b2adc0138b618e6e53bc4,delivered,2018-04-26 17:11:38,2018-04-26 18:02:11,2018-04-27 12:32:00,2018-05-03 21:04:09,2018-06-04,a1874c5550d2f0bc14cc122164603713,2018-04-26
a61151bf7c6ab99c973aafb3382f4781,c8e41791508ca5cf1fe0d9d49c75cf31,delivered,2017-09-11 12:00:17,2017-09-12 12:10:18,2017-09-19 18:25:08,2017-09-28 20:21:41,2017-10-17,5333c5135b68c47c3722f84cb27676e2,2017-09-11
2095778434755b568ba4c3c2325096fe,6b80e7baf526578fe089f9e374acaee3,delivered,2018-01-03 17:47:40,2018-01-03 17:59:39,2018-01-05 18:49:15,2018-01-08 16:57:43,2018-01-19,0ef2e97b5437fdd30d1c90e7dc005cff,2018-01-03
dc69158eb223d2e98bbaaba4c9f81c87,598e7fb8c2d8ba0f3a6a8609cf321111,unavailable,2018-01-13 12:26:08,2018-01-13 12:38:31,,,2018-02-15,785e05b3ef84cf1c2d565bc33266e5d1,2018-01-13
9bd2f19fdebcf5928f0971caeac464d9,3dfb839c63ae6b7545b643714e1b6dc3,delivered,2018-06-01 06:55:40,2018-06-01 07:42:11,2018-06-05 12:06:00,2018-06-15 00:41:31,2018-07-18,a1639a426ff70ff47ebc24af426b3078,2018-06-01
834c0c3f9b8fefb5198351db0198f1c1,acb9852459ed760caf336f578fe4f920,delivered,2018-02-02 18:43:42,2018-02-02 19:41:58,2018-02-06 01:14:55,2018-02-19 17:23:09,2018-03-06,51428d4e7334a1f420c6a72dd124388e,2018-02-02
161ebde0e43f4055e358fa509d9565e5,38217bd5799b8adb5ceec1a5f717f20d,delivered,2018-01-11 20:40:01,2018-01-12 09:28:28,2018-01-16 22:14:28,2018-01-18 00:38:44,2018-01-30,21b8335e569bb8b23612d1a9c75609cc,2018-01-11
a1cc6e60e142d31a699056328d83cf82,48af95a46c13d4d160cecc586b460fe1,delivered,2018-04-08 12:01:38,2018-04-08 12:15:17,2018-04-09 22:36:31,2018-04-18 15:12:34,2018-05-07,df79caee0df36969ca30ac1668596a80,2018-04-08
6be5314bc611a32a245f5111c8ba1089,c780e173716b253dd27f73f0f738a559,delivered,2018-02-22 18:16:01,2018-02-22 18:30:35,2018-02-27 21:24:02,2018-03-10 20:18:35,2018-03-13,bc1ce867ed4bb355364299a15d05cebb,2018-02-22
8132a60205ed37c702e8017466cbd218,2908f1bb8393b2ef0a9e98d86511fc9c,delivered,2018-03-04 18:49:19,2018-03-04 19:09:10,2018-03-06 21:39:56,2018-03-20 19:03:38,2018-03-29,b9aa4c0927aac2f4ed4304ed9f85d8c7,2018-03-04
a6da096d974acc000962856d7386448a,99a9af34c9f3d18491e8facad007be44,delivered,2018-01-17 12:29:36,2018-01-17 12:39:22,2018-01-18 21:39:04,2018-01-26 19:56:48,2018-02-09,7d0f53a4ba8ced30161897099955a569,2018-01-17
eac9a6eb5ffd533239d332b2171c7bcb,76d021f040aed67b05b1c76350fa4a35,delivered,2018-02-21 10:46:33,2018-02-22 11:15:34,2018-02-27 14:23:39,2018-03-09 22:06:47,2018-03-16,2ff5a158a294eb0441d9a1cc0135826e,2018-02-21
baba7caf6a8e4b9d6079db11ac925a4e,2e5dabe6dab5a3fde1bcc01ec8e59b54,delivered,2018-07-15 19:52:17,2018-07-15 20:04:04,2018-07-18 14:48:00,2018-07-23 21:41:50,2018-07-31,93d4df580f3d4bb8a23fab67c1a9db91,2018-07-15
d0b199e7a170e05f24540eeb3fd3b278,e6a63945f0d37ea54dbb72ccae2b2d0d,delivered,2018-03-09 11:31:04,2018-03-09 11:50:49,2018-03-10 14:24:46,2018-03-16 23:16:30,2018-04-05,b2a3eb37d0cc59d6fa1ad1ae576076e6,2018-03-09
edf0efdd0fb952f2a470f4a5d871b7d5,2a3acbde44001a8cba897c98af2f135a,delivered,2018-05-01 18:37:44,2018-05-01 18:55:08,2018-05-07 15:03:00,2018-05-11 17:14:59,2018-05-30,7e59cb208b7532025e8ec68b36bf23a8,2018-05-01
43d7305914fd70e58c762b287e0cde53,1fb66ad268ada441d2005c9e0d598c82,delivered,2017-12-11 18:26:14,2017-12-12 03:33:25,2017-12-13 14:33:10,2018-01-03 18:16:50,2018-01-19,8b7a01afa2051d509ddd0d2b20dfd120,2017-12-11
e0ff4f042465bf3a83ab05b537d1c90e,35ccaf85cd6559f85e62b1968fa763b0,delivered,2018-05-28 19:57:32,2018-05-28 20:10:23,2018-06-01 11:20:00,2018-06-06 16:38:37,2018-06-28,372bf744ad9bc73879c7e0ff2ce8760a,2018-05-28
11a3a7fd35fb7f7f7b873f9a150dd5e2,c51cc0a06a634f8b31917bbc0600619a,delivered,2018-05-11 08:26:52,2018-05-11 08:58:01,2018-05-14 14:45:00,2018-05-23 12:24:27,2018-05-21,1fad6bf7fac2363f6c71156fc94bd3bb,2018-05-11
ac179dbb60a22d59a51a123174c4a837,0c4e94327d4955e913fd4fe94f0217ae,delivered,2018-08-13 11:33:51,2018-08-13 11:45:09,2018-08-14 15:34:00,2018-08-27 18:17:41,2018-08-29,1fb77d999ea30d0ad0e9f684088d2873,2018-08-13
7bb355355c075d74665d97db859cfb45,ff5a0334a979c80401bdb686ebe6512a,delivered,2017-11-30 11:48:20,2017-11-30 13:31:19,2017-12-04 17:54:48,2017-12-14 14:22:40,2017-12-27,bd8ee6a65c4d647953792da821444580,2017-11-30
9b93fbe03f143eae32056e9305dfec58,6ff0fee93d2dc903b5a87946585e5d94,delivered,2017-04-19 13:52:00,2017-04-19 16:22:18,2017-04-20 13:55:01,2017-05-03 18:33:06,2017-05-15,0561627154992057c23a3630478e6a44,2017-04-19
035c01a45e289b155db4e47cf39b29d3,d68f9c633f9ab44265b54f3792fcbe71,delivered,2018-08-06 22:01:08,2018-08-07 06:05:33,2018-08-17 13:23:00,2018-08-23 15:03:10,2018-08-28,a4fa4a8bd22ffcc2651264212eac9f39,2018-08-06
20c98a39c44583471ee358e7fa0db82f,b00d29558feacdefd4faf0c317f10130,delivered,2017-10-10 20:37:16,2017-10-10 20:49:31,2017-10-20 20:45:33,2017-10-27 23:12:41,2017-10-30,a68abb9d3c4674963db5ac9460b516ec,2017-10-10
6c188fc65509444271c3c57cb038bc06,7e4f31a4c2b7af85e49da1aea4c3db90,delivered,2018-01-12 13:44:28,2018-01-12 13:54:25,2018-01-16 16:18:15,2018-01-22 17:56:51,2018-02-06,450c50d54b3bc4c0064d731d9338d554,2018-01-12
d536b84091b6a78e8ee96dc108b21a8e,e1b154db90ab51a05208751d9ac37984,delivered,2018-01-31 08:31:53,2018-01-31 13:51:35,2018-02-02 00:22:03,2018-02-20 00:43:07,2018-02-22,db63e879524ddfd185cbadd019c367ca,2018-01-31
24262a5b351a1cb6a2585ef93c92713a,eaf7daeb68a40e006b443f9256fd2bfe,delivered,2017-02-15 11:21:34,2017-02-16 02:30:12,2017-02-21 14:38:30,2017-03-02 18:57:48,2017-03-16,e4319b41a4d0b678fd68840ccfcc7d7d,2017-02-15
6631686db32c17309079cd521afd5a7d,fa50e1ab4bfb82d7f1fd7f6f78e6c830,delivered,2018-02-01 22:52:28,2018-02-01 23:10:38,2018-02-05 14:38:50,2018-02-16 21:42:09,2018-02-26,c1c6a4e805bf156a629665fac5840280,2018-02-01
1661423345a0ae07b17e433cf752e17b,235b447743d3477804d522f24c690bcd,delivered,2018-03-28 14:48:43,2018-03-30 03:08:47,2018-04-02 20:52:44,2018-04-09 14:36:38,2018-04-17,8fba6627b74dba15ad514ed7423e3e4f,2018-03-28
41ce1e9cd5fac4c3171a6e1c4dd6281e,5c2d3c0822ac1b289a52d8d0081435fb,delivered,2018-05-18 19:05:00,2018-05-18 19:15:17,2018-05-22 06:18:00,2018-06-06 17:38:39,2018-06-07,dc2789ac94f950b30545e314f95e411e,2018-05-18
457ff6fc631dec2673f906c3748b24ad,50a00746e839a9c4a3b0504b12d11b32,delivered,2018-02-26 16:01:34,2018-02-26 16:31:34,2018-02-28 18:48:45,2018-03-08 00:52:10,2018-03-20,1228e764777be467c9d460ea665277bd,2018-02-26
db219864b2403e1856929bf85948989c,dc66dfa661b23e0774853b085f86b75f,delivered,2018-06-19 16:32:12,2018-06-20 02:55:09,2018-06-20 14:51:00,2018-06-25 18:47:48,2018-07-19,bf858e6c051bd8ba49b05fab43c11182,2018-06-19
340f19321c9eaa5865ffcd8f90e7530d,30a79879ae652548480a139d7d6a3a66,delivered,2017-03-28 21:08:51,2017-03-28 21:23:02,2017-03-31 15:58:00,2017-04-05 13:46:01,2017-04-27,2053bdb1a0f49c02e1b5883aa9f03036,2017-03-28
a14173b7936139e28cd1aa620eada598,7670015fc62bb81758579a5e88de8596,delivered,2018-08-04 15:08:20,2018-08-04 15:24:04,2018-08-07 13:29:00,2018-08-13 19:54:46,2018-08-20,267b51cf96029a3c9526bae983306c09,2018-08-04
988601ceae0e294c4482e8ef89e4bfd7,ce0464d16964890124610cd20d584588,delivered,2018-07-02 12:52:55,2018-07-02 13:10:12,2018-07-03 12:12:00,2018-07-06 13:33:10,2018-07-20,9060a674260c428a420775c3cfe36149,2018-07-02
2339f2753971c30de3edcc1d6011d360,af5e2b059d78f3d1a30f352da43ca1c0,delivered,2018-01-20 19:45:07,2018-01-20 20:00:15,2018-01-22 20:03:36,2018-01-27 13:39:00,2018-02-14,c30151a3a818429710583e4841739519,2018-01-20
c66355d90f2d434148fbabc507d60ffc,e039b096c7512203e0875e9f26ccd6c6,delivered,2017-12-31 16:33:22,2018-01-02 17:49:32,2018-01-03 18:07:04,2018-01-05 14:51:50,2018-01-18,ad1e0ce4f67b72bb70e217f3d2e74a2c,2017-12-31
40de47dfa620d667117e4a6067b6e1ec,9f64391c68c234a7264087c2d0c1ac76,delivered,2017-09-01 20:05:55,2017-09-13 21:58:38,2017-09-04 20:36:58,2017-09-08 20:41:16,2017-09-22,2d32acd3ec65cdd1da5ef425e03d0fda,2017-09-01
0da30436a667e82020c86b5da53c0b21,173dc820ddfe9158a405a66f49c6b016,delivered,2017-10-02 13:26:57,2017-10-02 13:49:17,2017-10-05 15:52:40,2017-10-16 23:37:27,2017-10-27,722bb37576f5e23b122e3859544ace81,2017-10-02
e759e1b127010b3f3da189a919ae300c,709f16434c52bb050358b970cdc88abc,delivered,2018-01-12 16:51:19,2018-01-12 16:59:28,2018-01-16 13:22:45,2018-01-25 22:18:56,2018-02-07,6fa19716eb13ed467b1f6160a22b5192,2018-01-12
271d4e7bb763fdd2d4975ca1421ff1cd,b59bbdb15afd9b563d1347e758f7c599,delivered,2017-08-26 21:49:01,2017-08-26 22:16:16,2017-08-28 21:24:33,2017-09-01 20:46:28,2017-09-18,df46c6acd5853d88f6b5b6fda5eb116e,2017-08-26
165ee1a310dfbfa598f465cece5cc5bd,3c0323d8fbcdde434127b90b7039717f,delivered,2017-09-15 20:55:35,2017-09-15 21:10:12,2017-09-19 12:14:23,2017-10-20 21:26:43,2017-10-16,645385a4e338a07b4a1019072975f55b,2017-09-15
5115b5f8076ff01f14782576bbfafb16,abfd867fed6d5c27f2c89e7b14181c40,delivered,2017-07-30 21:21:29,2017-07-30 21:36:06,2017-08-07 20:09:47,2017-08-11 20:49:44,2017-08-30,7c763d069eb3926fc65593030d5c99a3,2017-07-30
755015d7c8fbbcf497a8807b9fee535a,f4fe4648d8b034dfa1cf8dcfc7bb89dc,delivered,2017-12-22 10:39:06,2017-12-22 10:51:03,2017-12-22 21:33:29,2017-12-29 16:02:58,2018-01-31,c154e0bba21266b56c6cbc0108138c67,2017-12-22
89e371394a8b2bf6c2648361a2e60b24,781a3ab88167cad21622409d2d9209a9,delivered,2017-08-16 21:44:22,2017-08-16 23:25:40,2017-08-21 12:16:52,2017-08-29 10:58:15,2017-08-29,0c7a69361db0dee0ed39da8c6f786365,2017-08-16
a68ddd6009f7c4914e2bc86567262d3b,f004d31d81706b3f328f46dda10d9ef3,delivered,2017-10-30 15:40:02,2017-10-30 16:31:24,2017-10-31 16:43:44,2017-12-02 00:41:52,2017-11-21,819edaf0f9f04e1a70e2f134ac2992ab,2017-10-30
1b122a7be89622f672bb41380a83b69f,a22a8f5ed1ba23d4aca05ed33b2917ac,delivered,2016-10-08 21:37:30,2016-10-11 22:02:13,2016-10-14 18:00:00,2016-10-15 22:02:14,2016-11-30,4f3865fa2a981933ea86fc691d97f643,2016-10-08
c6eb5dced200e49271f44b142658b6bb,b3089a062b28ec2e5acb0e545c078ed5,delivered,2017-01-25 22:19:51,2017-01-25 22:30:25,2017-02-06 11:54:29,2017-02-08 10:17:35,2017-02-20,af1af7ad74eff1faa28eb972ec695e23,2017-01-25
937a3346c9e90b215e5fe19119a0d4d5,50a7be6f38894cc62d45f7df9a48d436,delivered,2017-09-14 11:19:55,2017-09-14 11:30:20,2017-09-15 20:34:49,2017-09-18 22:04:05,2017-09-26,b634a30cb90c1cbbff45bf9417cff90e,2017-09-14
231d32fab33b75ec36a075c7982d0803,eb31a8edc763589acbb30bcf919d9c91,delivered,2018-02-21 12:46:05,2018-02-21 13:08:55,2018-02-22 18:54:17,2018-03-10 17:28:40,2018-03-13,6cbd352fdf38de3ede455d9bc24e99a4,2018-02-21
1b951d324afaebc435f2fcac5f8fef1b,be279ff076ad2fa8bda5c64b5e778c97,delivered,2017-07-06 15:51:25,2017-07-06 16:04:17,2017-07-07 17:12:22,2017-07-20 20:36:06,2017-08-11,bed2c14a3f62f55053c86f8c46224993,2017-07-06
175dce49b5ee048156291ea4dadd9f57,9f4a2688ad743c4ea190c4c4dba104e8,delivered,2017-03-02 09:43:10,2017-03-03 02:15:49,2017-03-03 09:37:53,2017-03-08 14:36:43,2017-03-22,da346e7987f72bca8ff60b6d9cdfdbac,2017-03-02
e957b106ffd9736003e8249630634a04,b0b20ec1d0a78467f48fa124af23ad81,delivered,2017-10-03 15:51:19,2017-10-03 16:07:16,2017-10-04 20:25:33,2017-10-16 18:42:07,2017-11-06,19e2d0f357ae690ac5d42377d3a7d72e,2017-10-03
6070ab7b5e87d4ed488918683d044bfa,ed2f0df9d569485c302eb6405a4700f1,delivered,2017-09-03 21:18:38,2017-09-03 21:30:22,2017-09-04 18:56:49,2017-09-12 19:25:49,2017-10-03,724581a675ab0f8c360132caff0a853c,2017-09-03
56580e29cdcf56834efd1a9eb48e5f35,69cd54f7f6f6d66a47adf923bfd0682b,delivered,2018-08-04 10:41:25,2018-08-04 10:50:14,2018-08-06 13:45:00,2018-08-10 22:38:31,2018-08-20,8b1df143e365451fb6048a27bd19ff79,2018-08-04
3a1400b5d4dd3082a4bc8a64d66f6d90,947973a1b01d190f9df10e8f289597b4,delivered,2018-03-20 17:19:26,2018-03-21 17:28:20,2018-03-22 20:49:42,2018-04-04 15:27:23,2018-04-10,d688cbb6c8b8a8fe283f1c172f495ccb,2018-03-20
2c6317c88d6837efdfecf7cb190c0cd9,0f6523f5cb5fd85eb6e608726696f690,delivered,2017-11-08 08:26:59,2017-11-09 04:31:12,2017-11-13 16:18:34,2017-11-17 20:56:29,2017-11-29,05c5923ea867b6d88fd8214a494de641,2017-11-08
ab06f1364ba62e1b45ae716575d0b546,80e27a85f7cac0e732e16e034f75ebfb,delivered,2018-02-25 11:22:27,2018-02-25 11:35:33,2018-02-27 22:24:57,2018-03-02 17:32:33,2018-03-13,a682326240c8f642e9b090ce70d67898,2018-02-25
c2376b3688a7b2bad91daeccb5097ffc,60e55bb499b71f520bb1a1c15d0233fa,delivered,2017-09-10 08:56:41,2017-09-12 04:44:54,2017-09-13 17:50:04,2017-09-26 17:27:51,2017-10-05,be3af724923632983e8c41e9d7f05f49,2017-09-10
b2d7cdefb5c17f098e82a26005b7ff89,a7fe9d419746fc1f2587bf3ca74236f5,delivered,2017-11-06 11:49:46,2017-11-06 14:33:04,2017-11-07 13:02:50,2017-11-14 19:33:29,2017-11-24,82f341134c3e8d0a25958d4bb4f05e4b,2017-11-06
2f248593ccadf252a08dc725c7ac467e,f9b34051f09f85c1b208ce8cb3cebcc1,delivered,2018-06-14 11:19:09,2018-06-14 11:43:01,2018-06-14 13:56:00,2018-06-20 22:51:40,2018-07-19,f8a248c7b3e23611389135d038c32968,2018-06-14
7851b0e7d1a57f3a39d5e805307f72f9,6f067a278edf15600f370d2a87ce6e4f,delivered,2018-03-05 23:50:06,2018-03-06 00:08:39,2018-03-07 00:58:37,2018-03-26 21:12:11,2018-04-02,4dfdc2b505745b7fa2547c07f4d1d5d9,2018-03-05
c9721963d4b95316401d2d75621f353c,f3f6dd88a16304070d3f73841a38c527,delivered,2018-07-26 11:39:07,2018-07-28 02:50:27,2018-07-31 06:39:00,2018-08-06 16:03:39,2018-08-20,e5969b82cfa750a12172e4aab40d6048,2018-07-26
6fbd65f0ae756ffd1692f812a7b411a4,edc15b95535d94c37e3ae1082d5ce492,shipped,2018-05-06 07:43:54,2018-05-06 07:55:07,2018-05-07 13:31:00,,2018-06-08,9d3a7b70724a406696fde4abc2a9bf67,2018-05-06
5e76e2e15855045054765a7690a11f71,33d9f03cace07118c281874c2aa6e22b,delivered,2018-03-16 21:49:01,2018-03-16 22:08:26,2018-03-19 19:20:47,2018-03-27 20:08:48,2018-04-17,a45e2076d2d8420548f247d9b22d3106,2018-03-16
1ce405beadd6bae1e6337ebc563b3b93,8df44d31aeb575a774f99c98b19e80f6,delivered,2018-03-13 16:11:56,2018-03-13 17:07:53,2018-03-14 22:08:57,2018-03-29 00:28:34,2018-03-29,c84f96bef58a073c71c7a392cb41bb49,2018-03-13
4af8a8384c4092c4cf301aaecfdb5007,d203640f43b16ed84faf7c5895e28202,delivered,2017-06-13 10:02:31,2017-06-13 10:10:23,2017-06-14 09:58:05,2017-06-16 17:26:31,2017-07-18,fb6dbb9417d65096d0f78e7c1551a9b6,2017-06-13
8572811ca6f313e1da609f4728ff2612,d17506f80de12a65411560016c3317a5,delivered,2018-06-07 09:28:29,2018-06-08 02:56:18,2018-07-03 12:16:00,2018-07-04 15:22:18,2018-07-27,1367524785b0c0c4ef54168c40a952fa,2018-06-07
89e0ae495fe8fa69f8e5a8351ec325a5,a1f27ba837ed167d3c9830a40e014a77,delivered,2018-08-15 09:02:01,2018-08-15 09:15:17,2018-08-15 14:05:00,2018-08-17 00:24:56,2018-08-27,1c6a976aa6d46270706e2eb1515a1461,2018-08-15
ba811df8f38f8b18170fa9d29732ed0f,5f82ddc00ed8b6e8cd8792788c2f5b7a,delivered,2017-04-05 11:18:17,2017-04-07 03:15:29,2017-04-07 14:42:18,2017-04-17 09:54:11,2017-05-04,af4f362d3cae91d1a5471d4fd50dd966,2017-04-05
7e17bef0b77734da366177cd331ed66b,40d5f204b84520a278cdc2ab9c557cee,delivered,2018-02-27 14:01:07,2018-02-27 14:10:57,2018-03-01 22:36:39,2018-03-05 22:35:24,2018-03-13,3cb48d16ed9d9a7f438683793e863e87,2018-02-27
a9e5c8ee36309e5b4e9dfa5bb219f6f5,3f69775c4daa9083f46a17bfbc5a05da,delivered,2017-06-05 19:10:23,2017-06-05 19:25:11,2017-06-07 11:23:10,2017-06-27 18:09:41,2017-07-11,88d7bbe880e96a4a2ecbf1536d72ac5f,2017-06-05
7d51d88244e80164e317acbec4b7c643,c3aa3310a31edc113ec7118b4d13223d,delivered,2018-05-24 15:48:58,2018-05-26 02:31:59,2018-05-29 09:40:00,2018-06-17 05:56:47,2018-07-04,7a3fe6189949464f4691143234108dd3,2018-05-24
a3eb93cccf2b5bc0c2f0efcd29d0b412,c2bf258c3921897070734a02d16abd4e,delivered,2018-01-18 01:16:45,2018-01-19 15:59:19,2018-01-25 00:07:06,2018-02-05 19:28:43,2018-02-14,edc37c1160d01235eb511cbbe05d2915,2018-01-18
6ef401cf776e0393085115618d39f6a9,bba03ef582638ab9f9c9b38eb0392daf,delivered,2018-06-07 11:06:53,2018-06-07 11:37:02,2018-06-07 14:04:00,2018-06-21 15:08:30,2018-07-17,529917cdfca472b2def736662b42ff9e,2018-06-07
cab5ff5f1347330a7576a8aa80bd1774,1a5dca881b4fc9ed776930b3dc9ccfe0,delivered,2018-06-27 11:57:41,2018-06-27 12:10:12,2018-06-27 11:10:00,2018-07-02 15:03:45,2018-07-18,ffeb904468642a1ce663a322629801cb,2018-06-27
cf851a3ce6ce940823fdfb5b0a8eb337,bb026a0a19125263b0bfe39a1e72b28d,delivered,2018-07-16 13:15:57,2018-07-17 03:40:52,2018-07-17 13:01:00,2018-07-28 21:04:26,2018-08-21,377d8593b10cf81522073bf1501a5d28,2018-07-16
87a12102217bbaab0f4184b345e9177a,62805c7202ebae4415d403475af64b12,delivered,2017-03-16 13:58:03,2017-03-16 13:58:03,2017-03-21 10:37:57,2017-03-24 13:24:41,2017-04-11,070864e2a7406d03f7071e27dd46d21e,2017-03-16
bc2c82b0ef78d2252b6176d1972db7c9,81a478af8cea558a5a07090725be2acd,delivered,2017-11-13 21:50:45,2017-11-16 12:56:23,2017-11-17 22:48:34,2017-11-26 18:54:52,2017-12-13,dc813062e0fc23409cd255f7f53c7074,2017-11-13
807303007d46225288462ecc115905fe,5dac2f05fd146bd6f93452ece17711e5,delivered,2017-07-06 10:23:06,2017-07-07 02:50:35,2017-07-11 14:04:50,2017-07-12 16:57:04,2017-07-20,df9bd60da4a8f8945d2b862aebd3d418,2017-07-06
ef4c4177fd4633c990adb181230e19f5,2f9b39d0a777ef84929837be047f2fd1,delivered,2018-07-23 19:49:26,2018-07-25 02:50:20,2018-07-25 13:27:00,2018-07-31 13:56:49,2018-08-15,5b45f3493929fcecf1bacf1a1c4a4801,2018-07-23
c067fd2a8d499e47d3399202a11d268d,8dfb803b02fce136d979fa2c108488bd,delivered,2017-05-10 20:40:23,2017-05-10 20:50:18,2017-05-15 06:34:48,2017-05-23 16:44:50,2017-05-30,f818fa469aae778ea44fb1c8c1c7dbff,2017-05-10
d482a118baf85884aef656c9d75c5c8e,d697b4cd06da932225ff33cec30cea73,delivered,2017-10-30 07:49:26,2017-10-31 04:26:52,2017-10-31 18:20:05,2017-11-01 19:53:19,2017-11-10,bdd399d592854b120e9c206ace361af9,2017-10-30
73ed85f5462f78670fcd66c2ccd79f06,55f3757ef1ecbd686debb21f5a2521c4,delivered,2017-07-13 19:56:22,2017-07-13 20:05:17,2017-07-21 19:57:38,2017-07-28 21:03:36,2017-08-01,c3a1aa867de7bbc426695e756107ed38,2017-07-13
8e6489f6465abb18e5b17cedfcdb66f4,04701338c86b6225dac722093cc6b467,delivered,2017-03-16 12:22:33,2017-03-16 12:22:33,2017-03-17 08:28:03,2017-03-24 11:33:36,2017-04-04,293281d3af111c095db09f3de577c62d,2017-03-16
07420892c4caddea9908f3e55218a5ba,26a5c57589e5377416c0544bc8f9daf0,delivered,2017-11-14 14:17:00,2017-11-14 14:27:15,2017-11-16 14:51:27,2017-11-22 19:47:43,2017-12-12,7711aeff24a2999a4c85ed6eaa15ace5,2017-11-14
20b35fad7bb43c9b2e1d1b2e7b894ac5,b1205c9177acc8ede829761d8dc7f1f7,delivered,2017-07-24 23:28:12,2017-07-24 23:43:12,2017-07-27 10:02:37,2017-08-16 17:43:51,2017-08-07,0528aa1ee576b1eb9edf5604789d316c,2017-07-24
8291e8efa521e4c0f5166d383b34f928,e79d282307344e57597bbc916246d1b5,delivered,2018-04-16 19:35:39,2018-04-18 02:11:23,2018-04-18 20:22:23,2018-04-30 15:56:59,2018-05-14,69fd82c47791a3416cf03e1675294a28,2018-04-16
ac9a25281ccc31b31fc2e9cdac94d9f2,69fefe761b19d32ae23f141f73004e4f,delivered,2018-01-14 21:18:04,2018-01-14 21:30:36,2018-01-19 14:19:31,2018-01-26 23:08:57,2018-02-08,f84b719750891eae0599adecc8c25002,2018-01-14
5d60fb004df189c63dde348d81c6b4f7,bc91b46496dea39b6dd419cd54ee9cc2,delivered,2018-06-05 18:25:41,2018-06-05 18:52:32,2018-06-08 14:40:00,2018-06-15 20:02:51,2018-07-13,5a901f17a8eb49b690432556ede751e4,2018-06-05
521042c8d1bf073568b27c69b4496298,f07b6df75505e68e57a684ab4c4e5783,delivered,2018-04-30 23:26:58,2018-05-03 03:53:02,2018-05-03 07:48:00,2018-05-07 20:12:04,2018-06-04,d1e79d32e78e440cfbc0f742835d7603,2018-04-30
0409a79770433fbb5610660b8f8cd69d,56893da41f4c6bb7e20dd7b135e487da,delivered,2017-06-14 23:48:42,2017-06-15 00:43:12,2017-06-19 19:02:54,2017-06-29 08:21:11,2017-07-13,5cb9d38e39626a98106af8b691fac4fb,2017-06-14
88d7e753142771dcd0b1e0ad155fc626,b8c4d65bf3206ebf8fe12688f304b54c,delivered,2018-05-11 11:08:39,2018-05-11 11:37:15,2018-05-11 13:14:00,2018-05-17 01:10:48,2018-06-04,aff36bada602c50fb8964855548648d8,2018-05-11
cfb25af2ff2642d7d6fad1a71d577e0f,579e53897a434649c5a4f6c82adb68ef,delivered,2017-04-15 16:22:04,2017-04-15 16:35:09,2017-04-17 09:33:46,2017-04-22 12:25:02,2017-05-08,175100a7355d422f365db87dcf194ce7,2017-04-15
43f4a8049581a91b58328ac686bb91e5,1a155dcdbb18fc4edd3e90297300f570,delivered,2018-02-23 10:45:12,2018-02-23 22:35:25,2018-02-26 18:09:46,2018-02-28 01:36:36,2018-03-09,3f268085605ee9aacd0fd3dde518f605,2018-02-23
006e05e81c068ddc38e48ebe189b922e,ebcf50ec311622a9b17a720a655a489b,delivered,2017-12-27 21:50:43,2017-12-27 22:07:25,2017-12-28 19:29:28,2018-01-03 11:14:47,2018-01-24,41e36b7ef606e5f8d7d85358fabbdd88,2017-12-27
10d1972b20dac93fd5808fa6de667a42,5865692d34fba99712f77a8a5cfc8d59,delivered,2018-02-17 11:20:33,2018-02-17 11:35:30,2018-02-20 17:25:00,2018-02-22 19:42:30,2018-03-06,cdc78e7593607a386bc2b241a84d65f0,2018-02-17
fc9cb1d496b03a40d603876228b48bff,f9dfa0a2934ffbb22e66924952548be8,delivered,2018-05-02 22:30:03,2018-05-02 23:30:27,2018-05-03 13:33:00,2018-05-08 15:58:50,2018-05-21,bf6e263ffc1f89999827615522b0aa45,2018-05-02
e3ed33286490140b86ee2ac0bebe917a,d02e1d2d293df869586ab6929c8d3bba,delivered,2018-06-14 13:30:07,2018-06-14 14:31:50,2018-06-14 14:51:00,2018-06-21 16:23:32,2018-06-26,fd5db034f0e607b4a7e0aa4697f3935a,2018-06-14
e847ea44928b27b43984d79532b7ae20,66cdaaa835a514eaafde24585709de8b,delivered,2017-09-20 18:00:58,2017-09-20 18:10:21,2017-09-21 16:42:20,2017-09-25 13:30:03,2017-10-11,2b92d3424e4753507758b17ea205e18d,2017-09-20
01f216b447564f9ea791b521db577ccb,39d5f491d314a5e26d16cf74581bff02,delivered,2017-01-24 18:44:53,2017-01-24 18:55:14,2017-01-25 09:21:47,2017-01-31 07:35:52,2017-03-01,5d81012f5f20f3781512403410be3043,2017-01-24
2f09cfdd62015ef0e5413bfd309bd812,caacbb68ff2f575e2459197441daa867,delivered,2017-11-10 11:07:13,2017-11-10 11:27:10,2017-11-16 20:27:39,2017-11-25 14:16:48,2017-12-01,4ce4e33022aa61d5231dc62065663220,2017-11-10
0baf7e063341d21b649aa73045ce5395,4bf9f58ae9877a24ad03ac204eb89652,delivered,2017-10-20 19:45:06,2017-10-21 19:49:16,2017-10-25 21:46:56,2017-11-06 20:08:53,2017-11-28,3e991b8a9e93729d0620a37b8ea69f5f,2017-10-20
774e1d0dad9de39af357f92c7180e21f,e84338f7bbffc375080368e46b22c37c,delivered,2017-11-12 21:31:27,2017-11-12 21:46:57,2017-11-16 19:58:00,2017-11-22 18:32:50,2017-12-05,98c649b3e1f11a006815cefbba97acc6,2017-11-12
4dc81e62709adee10f0cb4008483fe02,d7abe27b864fe214590fc4d400c74e61,delivered,2018-01-11 18:37:03,2018-01-11 18:47:47,2018-01-16 18:38:03,2018-01-29 21:39:19,2018-02-06,52e946ce51836c6320a94afa973ad159,2018-01-11
d1ca0c1c5f78ecd17ab721d805629eb7,9739ff8d93cf3032dc57d7c0f20d0de5,invoiced,2017-06-02 09:45:29,2017-06-06 13:25:42,,,2017-06-23,ce5f133fd5736b95454707db4b83b436,2017-06-02
96df7a5f865a5f48c7637407b4f55be6,6a26e32a65e1655aaa042050e407e825,delivered,2018-05-25 10:42:57,2018-05-25 10:57:11,2018-05-28 12:35:00,2018-06-13 19:32:19,2018-07-13,7233681a0562c837e112a612d789fc4c,2018-05-25
9e528d40350e823ff188831cb38696c3,25a6d4599c06263efe994de519d09ea4,delivered,2017-07-26 11:58:49,2017-07-26 12:10:11,2017-07-31 16:32:37,2017-08-10 17:29:19,2017-08-21,c4d723b23a4efe6a8abbdc547840c4a1,2017-07-26
f661f51c758806f369cc3c485ff6e936,a3f30a0973980e1dfd6a1ba1ce4aa754,delivered,2018-07-17 19:00:52,2018-07-17 19:21:50,2018-07-19 12:50:00,2018-07-21 17:44:32,2018-07-26,38c5c1807e2d52f9d89289b5dedb4bda,2018-07-17
5e4ef21263c26f393f06c68bb2ac73c0,1e1eb493ebb506c5746599158df96f52,delivered,2017-10-18 21:14:16,2017-10-19 03:14:00,2017-10-19 16:57:53,2017-10-20 17:13:45,2017-10-30,bfb33fedf91eb21f6d32ad5345989a6e,2017-10-18
d233396e96f47b3dd9eeb52c797dc56d,7e811989da42b4b4a854cde88ab2d67a,delivered,2018-01-31 20:19:53,2018-02-02 02:54:20,2018-02-07 19:12:43,2018-02-14 15:27:49,2018-03-06,a2bb96a6e07ebb1d7768677ad8712910,2018-01-31
5b19559d742224610c730e73362fd0e4,48978b3b05f04639d393318bb74c459b,delivered,2017-10-06 18:25:22,2017-10-07 02:45:11,2017-10-11 20:37:42,2017-10-18 16:51:55,2017-10-24,c54ee61491e42a306b7d6b8161e211ac,2017-10-06
f6bceb62b35d3e5335db07a36336bd6b,76ce8c1a4d84a87debbd58947bcfe8b5,delivered,2018-04-05 20:33:18,2018-04-05 20:48:54,2018-04-07 01:34:32,2018-04-20 17:56:44,2018-05-03,bc3145577833db172e369881fca78cf2,2018-04-05
8b736a8b92d9cf8b26e6754141bf6657,722f3c29eca750d5eb93d5a1f67cc74c,delivered,2017-11-09 15:11:06,2017-11-11 02:50:47,2017-11-17 19:34:39,2017-11-27 15:48:58,2017-12-12,4386c7239b4c3b92f0e542301808098a,2017-11-09
f16541fd87ae67e35a8e464c49379348,9a51942bc62ef2eb2ca56a830515154a,delivered,2018-03-05 11:07:23,2018-03-05 11:29:39,2018-03-06 17:54:02,2018-03-13 12:07:32,2018-03-26,aa68438532ec59ddec97fa34b08d8e5e,2018-03-05
b8cfc70398c982df76df0917f55d96b9,97c9d8b2434624d9179f776ee63e2fc7,delivered,2017-08-27 15:27:06,2017-08-27 15:35:17,2017-08-28 18:31:38,2017-09-01 21:37:52,2017-09-19,7d3986ead7a3345392914b9ac31d1e72,2017-08-27
776dacaa12837ac069fdb198f46c7a78,5041a36bdc802fc3c9bd86e381d26834,delivered,2018-04-24 20:42:28,2018-04-24 20:55:35,2018-04-30 06:24:00,2018-05-08 16:16:38,2018-05-25,870d8c121bd396007ace957411caa218,2018-04-24
ecb17a16374a8822430c8edb3358a407,fc983c513a5b593a724e389bf39f98a0,delivered,2018-03-11 20:43:59,2018-03-11 20:56:15,2018-03-12 20:41:49,2018-04-26 20:58:35,2018-04-10,b56353cbab7e7458bcb2637a0da47893,2018-03-11
d57880ebc950c50f75a5373d64b9bbc6,d270b55f727f490ae9bf92daef4d0b4f,delivered,2018-08-14 00:22:06,2018-08-14 00:30:14,2018-08-17 15:37:00,2018-08-22 21:16:52,2018-08-28,6f83fa1673d2d55b274eebce33da1698,2018-08-14
398abc38612b5d4dd9f77541c38d06ce,2e1e7b3519fa8aa9e89903b63dfd2bc9,delivered,2017-12-10 18:58:52,2017-12-12 18:51:38,2017-12-18 21:27:24,2017-12-19 20:23:35,2017-12-29,ae938306e6b64f97acc5aaad2692db75,2017-12-10
b6c8a981ff2379f36a347ec8c9e2ae56,ada4dfd6792c896bde2e1ddf7ec3c196,delivered,2018-01-05 10:24:17,2018-01-06 07:54:50,2018-01-10 00:14:23,2018-01-10 13:40:09,2018-01-24,45b9b6b42cc8af1c16590ffc6d65b2ce,2018-01-05
ed17f0572bc6ccdacbb220b282a6387c,456bc15b6d6ff358f65574b05e443459,delivered,2017-08-02 14:08:19,2017-08-04 02:15:17,2017-08-08 18:53:48,2017-08-18 08:53:42,2017-09-01,ffe8f2fc0cee48f79934bd2c506fafc0,2017-08-02
2ab305b81b2baf1a5f6031e36b0e4044,9963036a989c5740a45ab86f768c6b1f,delivered,2017-11-23 18:07:41,2017-11-25 03:39:27,2017-11-27 17:42:14,2017-12-06 15:46:49,2017-12-19,b60c0f80dd7ef8c082877946ff5b12e7,2017-11-23
47e786d6d06274aaf984ca007751f3f0,5a79df8ba29b9929e31e7afa92757ea7,delivered,2017-08-11 15:07:07,2017-08-11 15:23:38,2017-08-14 14:05:28,2017-08-17 19:17:46,2017-09-13,1accbe9336414c285e66d230d4d1770b,2017-08-11
11563e2d112ca4e95411cc5f2af8139b,b5fea8074c76ea7879ee702452dcacff,delivered,2018-03-11 19:04:17,2018-03-11 19:15:30,2018-03-14 00:48:43,2018-03-16 19:11:16,2018-03-22,a4a05fc5a388252d26bdc513b0ef9adc,2018-03-11
9839529a810b520a23afe17f48978595,87cd951a01b0aae445cff97f27028d0e,delivered,2017-09-05 11:07:37,2017-09-06 02:50:45,2017-09-06 20:32:50,2017-09-08 19:03:28,2017-09-18,d5ee3fa35f5fa7dd0f49af020781aded,2017-09-05
d7c2a15ddc9a397ac817ceb0c981e198,f5994fd72a4b5fc12d60b784548d8d7e,delivered,2017-03-26 13:31:03,2017-03-27 13:35:18,2017-03-28 11:30:18,2017-04-03 16:13:54,2017-04-18,bd21b4d01010ab5e6085269bab0d40c3,2017-03-26
ff646f0b1571ec3bb3b46ddecce4d991,6efbcf8bcc4b8dc2de1d9573021c82a3,delivered,2018-05-16 12:09:06,2018-05-16 12:39:20,2018-05-16 14:13:00,2018-06-08 18:32:22,2018-05-30,6a35c5eb3e1f90c16ecc36bf05c4583d,2018-05-16
1db5f7be6c0e5b942a24957fae155f28,855fd5747207a6fde9c90bdc1bde58f6,delivered,2017-06-08 08:58:53,2017-06-09 02:30:28,2017-06-12 14:54:35,2017-06-14 14:12:19,2017-06-29,0252e35d8aa0b7b19eb4fb96783bafca,2017-06-08
f642a23f1bb1153eeba8cc4d86a05b97,3945200271ed545ce4ece4760c26bbd5,delivered,2017-10-22 15:28:07,2017-10-22 15:49:20,2017-10-25 11:13:16,2017-11-09 20:31:53,2017-11-14,a3e95ec0a9b47644a91298fdc50749d8,2017-10-22
acc128e9293460781736208a647dd87c,a1e7727063333b459f6851aeafe375c9,delivered,2018-01-30 01:00:05,2018-02-04 23:31:38,2018-02-02 00:42:59,2018-02-14 16:23:34,2018-03-01,249a77df6b4d0acdceb5b87959ad5902,2018-01-30
b609be3f65463a74e28cebbbe7eb1203,dd5fe640c8c5edd9fa2acdad4be7d4bd,delivered,2017-10-27 20:27:08,2017-10-27 20:46:43,2017-11-03 18:36:53,2017-11-22 18:18:47,2017-11-27,ea056781435cd944b11951e72104f3cd,2017-10-27
6ed4f19dc97f2a4b5d0f15651247dbca,6b7e649105e4c5388bd8c3c4e9efcff3,processing,2017-01-18 09:52:32,2017-01-18 10:05:11,,,2017-02-28,3575846eb504cb74d447525fdc21bf0c,2017-01-18
7fe52ebfeef6316229e2078ec77ea998,c5838669c422a56df9a158fc2acfd297,delivered,2017-10-05 07:37:35,2017-10-06 02:28:38,2017-10-06 16:13:16,2017-10-17 18:38:15,2017-11-09,084072a68624bc716b38fdb19fbdb74a,2017-10-05
0bfef24c6be372da610fb6c17ca1dafc,9700e1edad3c5eb426b3db0e0287e2ff,delivered,2017-12-08 00:18:18,2017-12-08 00:31:32,2017-12-08 20:32:45,2017-12-13 16:58:02,2018-01-05,4a685e53993b2db83a46940aef771aa4,2017-12-08
5cc52573e9c54f9546ad4e8fa7183c69,89d73d4cdecff8b331930dead1958c48,delivered,2017-08-27 16:55:02,2017-08-29 04:30:49,2017-08-29 16:13:11,2017-09-11 16:26:58,2017-09-18,82f1af5e0fd73888403066c873494894,2017-08-27
f0af7cfe83fc294d7ad7326b4974a59e,7d25e23e75e9e1bb537fb651c89df928,delivered,2017-06-28 19:50:28,2017-06-29 02:55:10,2017-06-29 14:39:54,2017-07-10 18:42:29,2017-07-11,ff4aa52d77226e6f84a7da6391604266,2017-06-28
8c62ac6305c0078f826e3db23723a27f,a1fe27618b1d104361bd5a5fcc542d62,delivered,2017-07-11 19:58:43,2017-07-12 02:24:14,2017-07-12 19:12:11,2017-07-24 19:04:00,2017-07-31,c21be1f65801685d57e30d52f8175b60,2017-07-11
57e24e99080124f19065793442fd6a5b,5d7970d7c8dd592b60af9a22922c4908,delivered,2017-06-29 17:01:16,2017-06-29 22:03:40,2017-06-30 14:19:58,2017-07-03 15:11:13,2017-07-12,cebe8611d4653af520ef0879f5a61dd8,2017-06-29
890950459d93d42060f57d04ab680600,d7dfcfd41adf9bb80e3f2838b3be52b3,delivered,2017-04-29 08:31:54,2017-05-02 09:30:17,2017-05-02 16:17:01,2017-05-08 10:04:37,2017-05-25,b8521fd4a5dbdf907f969af459a46838,2017-04-29
398fc351cacc0a65bea6fead1c065520,f63d914e794b8fbcd7bcace71693e22e,delivered,2017-06-29 13:18:38,2017-06-29 13:30:21,2017-06-29 15:43:56,2017-07-07 22:02:57,2017-07-19,030e8f4f620aaddbacfa53665f789fd0,2017-06-29
8283e42dd17845a4b3621ca92e934866,33c16b55f11d7b3737f9f20eb3860664,delivered,2017-12-04 22:17:15,2017-12-06 22:32:58,2017-12-08 00:51:53,2017-12-18 21:42:22,2017-12-27,7b58a515f4bf08b537479234b387664a,2017-12-04
a614d00ec4aae901097a6c85ad8033b7,77e0f0971d7d7e680b258472dab6b01b,delivered,2017-06-14 11:50:36,2017-06-14 12:05:42,2017-06-19 13:09:17,2017-06-23 11:06:40,2017-07-07,b243a126340bd59036aac7d3ea38c6cd,2017-06-14
c9b8db1f0bbeafcbea122f1fb447a1c3,41d681fd4ec9ef36e3429b2c19671000,delivered,2017-11-05 16:45:58,2017-11-05 16:55:50,2017-11-07 14:38:36,2017-11-10 17:32:55,2017-11-24,cd99a9eef357a06bf370cb0584c412c0,2017-11-05
1e57bb5d95b6233ac77353120c7c23f6,782d7378428276999daf47cec05cb938,delivered,2018-07-04 16:07:06,2018-07-05 16:11:43,2018-07-10 14:33:00,2018-07-12 19:03:24,2018-07-24,2161c4d70fe7fd3b7150ad4dcea41c93,2018-07-04
5f53ad559baa843298f7772942dbc6fb,7ce5a437177a6a42ca15e3a62a494ee7,delivered,2018-01-20 22:57:00,2018-01-20 23:20:11,2018-01-22 15:11:57,2018-02-03 18:28:40,2018-02-19,1afad585650bcfea043426764c8ddbe5,2018-01-20
85951c338d992f64e7abac3d611dba6d,d178f8dff09cb8ae2398c64c4a32f66d,delivered,2018-08-21 12:27:03,2018-08-21 12:35:15,2018-08-22 15:44:00,2018-08-27 16:52:33,2018-09-04,14b5f641da6b00894b557476e6d05aeb,2018-08-21
44997fe5448fcd26b6c093cd6efda36b,d7f396c0e3a3b362895f12f2163fe4a8,delivered,2018-07-30 16:24:44,2018-08-02 13:43:29,2018-07-31 12:50:00,2018-08-03 19:31:55,2018-08-08,9d3ec73a50ffa0285b25915c24fd5e79,2018-07-30
c3341ac81d23f61418efcca37cff454d,255a8946290522f5dd7470c385ee3a54,delivered,2017-11-09 01:23:34,2017-11-09 03:31:16,2017-11-09 15:56:52,2017-11-21 02:16:58,2017-12-05,524b08d2c1603df81425b422efcae7bf,2017-11-09
462ac93c107f9de96346db36168256c1,aa669113d84e54772dcff82d3dd74177,delivered,2017-11-11 12:55:29,2017-11-11 13:06:54,2017-11-16 14:12:14,2017-11-25 00:53:40,2017-12-06,86668a08223242da3553a085d47a2cb8,2017-11-11
302af85f51f58d45da103dc1d801704b,4b4d8cb0ca06c2795b7ff3e735a841e6,delivered,2018-07-26 17:25:18,2018-07-26 17:35:22,2018-07-27 10:55:00,2018-08-01 19:51:13,2018-08-09,2e503fc08c079d8630aa42b19b1ec394,2018-07-26
57ee82f12deff0a89b3429c8fc1b4bb0,7d3206e9295c66978d6fa00bb9e85736,delivered,2017-06-21 13:40:51,2017-06-21 13:50:17,2017-06-27 15:08:25,2017-07-10 20:06:07,2017-07-13,0d647b9c98fdd09b7a1a277e0277924c,2017-06-21
a23d7ad984b39e2cebe34619c1774cd0,12285229ebd49a823a9681153fd08ed8,delivered,2017-04-18 16:53:35,2017-04-18 17:02:25,2017-04-19 16:27:41,2017-04-26 11:27:57,2017-05-09,7467b542ef4d63621fd1acbcaf2a0f72,2017-04-18
2ea452fc04a09e17a3c70294527aa180,7f01b2ab9825e39a0f74ab2165f0b65e,delivered,2018-04-17 22:01:59,2018-04-17 22:15:22,2018-04-27 09:09:00,2018-05-02 14:14:38,2018-05-17,09cf3752fcf1842feecece3973104f34,2018-04-17
08a8e10798c6955302701d17eb84fdc0,0cbab479f583876bf94810bb85aca618,delivered,2017-03-15 12:19:23,2017-03-15 12:19:23,2017-03-17 07:07:39,2017-03-23 09:12:05,2017-04-03,8626bd1c1bfc3055e51695cf4879917d,2017-03-15
389a9ea0a3b847e32aafa6fc297e2a9d,2e42d02be69c165df14baad9a1222f1f,delivered,2018-06-12 16:20:38,2018-06-12 17:11:38,2018-06-25 11:39:00,2018-07-09 22:51:22,2018-07-03,7f76b3a2c201b6a4ac7db2639e278d7e,2018-06-12
6512b3c07826f1163a862a02d2f54351,350800e876179dd0dfe093a6fcf0789b,delivered,2017-08-11 14:01:19,2017-08-12 12:35:19,2017-08-14 14:58:03,2017-08-31 14:45:59,2017-09-11,84fb192d3e2a577896b041f08d125457,2017-08-11
7bba749eac1bb22b7afe577fa772f2c5,f4aafd406bb5c1eef5305b37167fb6be,delivered,2018-05-15 23:56:01,2018-05-16 15:59:35,2018-05-18 13:05:00,2018-05-24 16:22:28,2018-05-23,1b30331141de478842873a312150e343,2018-05-15
90d1a65c251d2487732eb66b09c882ce,f03a3e2c416535af289cdf5472d33b18,delivered,2017-06-11 20:33:08,2017-06-13 03:45:12,2017-06-13 13:38:08,2017-06-21 16:09:39,2017-07-05,43f94ca19cdd8f90882d20383806d388,2017-06-11
3d0acef161147c90c2fd5e7cd8e199e1,ee7466b4c80f1bc4f55f2c2ecb0e7c6f,delivered,2018-01-14 22:33:42,2018-01-16 03:37:30,2018-01-16 17:35:03,2018-02-02 01:19:41,2018-02-21,bcfc1d8cf64a476b003cee4599f9fd11,2018-01-14
b4fc7a3f3bf7a4c6b5b46291dd4be977,429d73b3f996315634920810d43ab637,delivered,2018-06-19 11:24:48,2018-06-19 11:57:58,2018-06-20 07:28:00,2018-06-26 13:32:41,2018-07-17,e73c74ff3a7b83d887d1017f7f987b59,2018-06-19
59a0441d0335d0179d1077e2dcb46cdc,3ca03e41e99b1ff6bad537dd6d0d81e5,delivered,2017-07-24 13:37:05,2017-07-24 13:50:09,2017-07-26 17:49:54,2017-07-27 15:17:55,2017-08-09,7fe7c53396464e76c872a04f50bdb0fc,2017-07-24
cbd69e60b3e3e708684855cf2ee1a6c8,018e70256a4328c4450b52947144f50b,delivered,2018-05-15 10:51:38,2018-05-15 11:31:48,2018-05-15 15:02:00,2018-05-16 13:58:26,2018-05-23,1cbb5b03889e8ebc10c044b0be3b1c03,2018-05-15
1cb8d8c748210e32870b735efcd38fa3,9e96eb974f4ac250470b35f5e7a39c1f,delivered,2018-02-28 19:00:35,2018-02-28 19:10:37,2018-03-02 20:37:31,2018-03-05 19:12:11,2018-03-14,c4e9d0d801b70762643bcffd2fb2bd26,2018-02-28
63bf3dbf1c64d993b4b9eecac8fecc48,91f008b7a2e8634c6788628d9a36638d,delivered,2018-02-07 08:26:34,2018-02-07 08:50:36,2018-02-15 22:13:12,2018-02-28 16:33:41,2018-03-13,8db5fa5acff46b3b1b21e76feeb4e700,2018-02-07
a0fb93bd5792f18bb55f4dde921ed0cb,568b842cd1debf5c70b350e7fa0b1a1b,delivered,2017-12-27 10:25:49,2017-12-28 02:35:50,2017-12-28 21:39:06,2018-01-03 20:05:23,2018-01-23,3bcd58ceb449c6e79a2fe432fcdac908,2017-12-27
66992d85a03399bdd59dde2b786c8e31,09a96fd349ea0b1ab69fc3b5ff0d46cd,delivered,2017-10-06 11:17:01,2017-10-06 11:56:25,2017-10-09 22:14:15,2017-10-16 19:25:36,2017-10-31,37299efb180b2176b103d313774e5fd6,2017-10-06
9a7d7672806f5cfd6bc9cbd5a060806f,bcd9f9f62adf6abf013f578204bf83a8,delivered,2018-07-19 07:48:00,2018-07-19 08:02:40,2018-07-25 12:20:00,2018-07-31 17:18:39,2018-08-16,d65e50a656569a4aa7cc3c0224c300fe,2018-07-19
b5520058eae8480710f67d8124db1606,b5bd92785c8011898bf80b794823e960,delivered,2018-03-22 14:03:03,2018-03-23 02:15:48,2018-03-23 19:33:09,2018-04-03 19:48:51,2018-04-12,cbcf31e66982129a94cf225659deddfd,2018-03-22
fa609e805ef70799ce6c12d7d0763545,be94819d23e284279425496d0e695777,delivered,2017-04-14 23:56:08,2017-04-18 04:03:13,2017-04-18 15:22:19,2017-04-23 08:17:58,2017-05-08,c2249f3f1885c3f647feb992bcb68d13,2017-04-14
8eda634e0a441cc94d73885ca16ecadd,be3efea598bbef6c123da326f3a354bc,delivered,2017-10-06 14:42:12,2017-10-06 14:56:13,2017-10-09 22:12:38,2017-11-04 10:27:41,2017-11-03,cc02224a63bfaa52e0007916dea1b669,2017-10-06
ff96ea4ad10c612930198ecb923eb7a9,3327a030d63c972d0a0a88f8a01f0955,delivered,2017-09-25 21:38:16,2017-09-25 21:49:53,2017-09-26 21:14:17,2017-09-27 16:14:07,2017-10-10,1c4531b533d17f3b316de441268e513c,2017-09-25
aa4cb17e191453bc29e2d1f67f38a4ab,d753559916f138b54ea079e70bc986d5,delivered,2017-11-29 14:41:17,2017-11-29 14:58:43,2017-11-30 20:57:00,2017-12-11 12:41:48,2017-12-19,c36d1931177c95f840a65fa307699a96,2017-11-29
6538c9e08179995c8f73f5ab8ce6e9f8,2d7bb612055f3e72c58964aa484f5c8e,delivered,2018-07-13 12:00:52,2018-07-14 02:50:14,2018-07-16 15:06:00,2018-08-02 23:26:32,2018-08-23,912cce459686ad515438c0f0534d8657,2018-07-13
d36c084b5daf9cfc67fb1164f2c2bd0b,174686c8e1e322ec30471d0515448cfe,delivered,2017-09-25 15:17:56,2017-09-25 15:30:17,2017-09-29 19:59:48,2017-10-09 19:40:04,2017-10-23,8d847881bf6070bd4da90abef2eaae89,2017-09-25
bb13cb6c4afe0e0dbb504283c6ee7992,6a4d9f873465b6aa031933021eab4f9c,delivered,2017-09-11 12:49:36,2017-09-11 13:04:06,2017-09-11 20:17:42,2017-09-13 13:53:11,2017-09-27,a5ddb76584e0a5d3528f1508cab1383f,2017-09-11
a2277bc3fbc7188630d4b36e34e8cc43,3c655f8ccf3f966e12578098061c64d8,delivered,2018-06-13 23:39:21,2018-06-13 23:59:13,2018-06-14 14:20:00,2018-06-15 18:42:03,2018-06-29,f0ed394ce917a054e66be23aaa2fb96c,2018-06-13
022ba76c6e0c4336514521a8cd4b8fbb,09dd621bd52c70a32eb2e306ef235b9a,delivered,2018-06-17 22:36:20,2018-06-17 22:59:00,2018-06-18 13:57:00,2018-06-27 14:55:43,2018-07-16,36789cc8128e4a2e16d581da32b76d45,2018-06-17
29a3f9363409cd00a7860cb0e8d5c460,16b167f5424e2d0d097bf0abea502637,delivered,2017-02-23 12:20:44,2017-02-23 12:33:34,2017-02-24 08:29:04,2017-03-06 10:24:55,2017-03-24,de0837e775e6832e2412d4808f6b432e,2017-02-23
dea423aff47d60bcd5f0678234bf8c3f,aa04f4a6ef53a5e85ea9e6fb2a89d043,delivered,2018-08-06 18:38:10,2018-08-07 08:44:57,2018-08-13 15:11:00,2018-08-14 19:49:06,2018-08-14,980572a22792ed5926c8a3bef3847743,2018-08-06
18eeebaf3c1d7f3bd775b5a8d36bb635,dd8fd4a958c49d92d56c854065d11234,delivered,2018-05-14 23:45:21,2018-05-15 00:11:03,2018-05-22 14:47:00,2018-05-24 22:41:49,2018-05-25,843c7e9e24758cfbc00dd941be3de79b,2018-05-14
5245b2a0d8f76eae66a2e6c81528e430,deb227a8db451a4b1524b5cbfb45dc8e,delivered,2018-03-18 11:53:59,2018-03-20 03:35:32,2018-04-07 01:16:44,2018-04-26 21:58:38,2018-04-13,1e7c82a4566c2e1aab297d754e9f360d,2018-03-18
4a3848a973c57b3f244f9a2433b43a0f,168f76a5acc40fb40753efcfade1688a,delivered,2017-10-24 08:16:53,2017-10-25 02:14:28,2017-11-09 21:22:15,2017-11-10 03:03:38,2017-11-06,91de4469fbb92fe5ae4a3aace917a864,2017-10-24
4ab03c392cee35c50b2bb0c1190618de,17acafdbb192d45b5d7f4c8ae536bd0b,delivered,2017-10-10 20:42:21,2017-10-10 20:56:22,2017-10-13 13:42:11,2017-10-19 19:35:51,2017-10-27,5c4ea1d19f5c54967ec857a2f9b1d82f,2017-10-10
9dd9186fa80eff8f1a2c916957e8444b,30bf1aeb9b06986f63b155fd9e8e7d08,delivered,2017-05-03 23:41:12,2017-05-03 23:50:08,2017-05-09 13:46:29,2017-06-10 06:39:23,2017-05-31,8903820f1185f79fbc5b11b1dd674e07,2017-05-03
0363c3cd0593c841b52d9817c89beaed,3752551df5449159b916410bb81a13c0,delivered,2017-08-18 15:30:23,2017-08-18 16:05:27,2017-08-22 18:41:38,2017-08-28 17:13:22,2017-09-13,e5e19e97afdefa88a01ad43794ac2650,2017-08-18
0c2be278c997477b9910904d12e520a2,76d15afa8f4f626324f6f05257f1a089,delivered,2018-06-16 17:16:44,2018-06-16 17:38:48,2018-06-18 13:33:00,2018-06-19 17:41:24,2018-07-23,243068d5a207e33290d266c38b094c0e,2018-06-16
228df0c2e8c23cc26e2a14eeb701fba7,39367b00f36991646d44d945443a980f,delivered,2018-08-20 08:17:29,2018-08-20 14:15:32,2018-08-21 14:24:00,2018-08-27 15:27:42,2018-08-27,a1fcf4184d62d852f771e168c8cb099b,2018-08-20
60e8b42fc95ec83d1e3bc2c7f7b4350d,0a7aa99ac73533c0ba784bcc47b1c5e3,delivered,2017-07-28 18:33:50,2017-08-02 08:33:20,2017-08-01 19:19:44,2017-08-07 18:23:53,2017-08-21,af193220ef9da8d32e1c4cc37b3cf916,2017-07-28
d71112c1e6312bdd9d6543a9b6902789,eb54825a36f59c2693676f375c2426d8,delivered,2018-04-02 19:06:24,2018-04-02 19:15:21,2018-04-10 18:31:43,2018-04-16 17:53:40,2018-04-30,6d545c01220eb8f2f4eb142222c4e5f8,2018-04-02
499779bd7b24368c556437767a73189c,528c4e8a1b6092d20f796e66dd90c3fd,delivered,2017-10-31 18:53:11,2017-11-01 19:06:45,2017-11-04 05:47:36,2017-11-04 15:45:46,2017-11-10,0bf0a787e29ed10c56beaf780917d28c,2017-10-31
5001ef7f5cc08023f39a4f6b7c09b5f5,b970847909a71ab7da63fe4fa663987e,delivered,2018-05-16 22:28:23,2018-05-16 22:55:46,2018-05-17 12:46:00,2018-05-21 19:52:44,2018-05-30,060bd06fe5f9303d3dc2c78a69afb684,2018-05-16
dd873443c3a8427c7a65cfe4c9671b1a,6c158cfc6c0d09c37f7676a42c94e527,delivered,2017-12-14 19:32:36,2017-12-14 19:44:24,2017-12-15 17:57:10,2018-01-05 16:07:21,2018-01-16,080e0a3138d223904a2ba6e522e112e1,2017-12-14
4fb3509d3efabb076843cd252a3e5562,fa09651333a13aed1e6a71dab1988475,delivered,2018-07-16 19:37:57,2018-07-16 19:50:16,2018-07-17 13:56:00,2018-07-20 16:44:25,2018-08-13,dc1d443951dcf609547bc543ed463026,2018-07-16
8a1f37725eebf19474556726f014f72d,f199a88e43318ed6123809a929e93f69,delivered,2017-05-08 17:30:15,2017-05-08 17:42:41,2017-05-12 12:26:42,2017-05-22 16:05:19,2017-06-09,bc5b74743b541a6a6811d2d8c67a9615,2017-05-08
6eaaffffd1626d0920aff38b38e70acc,bdf4631215753b66ad1fcc3d70d61499,delivered,2018-07-25 11:57:20,2018-07-25 12:05:58,2018-08-09 14:52:00,2018-08-14 20:36:55,2018-09-05,30228cb42efd930c08874d5f05230fc1,2018-07-25
74c5848d6368e4e8e59e65c68c681a4d,e2292acdd1a58281f6ad236ca88cb914,delivered,2018-02-08 23:42:59,2018-02-08 23:55:25,2018-02-15 22:23:15,2018-03-01 21:41:19,2018-03-06,1c843fdad0852808aacf329e59d4c305,2018-02-08
66b821651549a29e32bf9459b82288cd,7ed3af4c1229d471d59188560293ea2d,delivered,2017-05-21 12:45:22,2017-05-21 13:06:31,2017-05-23 14:28:50,2017-05-29 16:12:32,2017-06-05,116ed7445c304e3d1191d1534a3cb1b9,2017-05-21
075cc7ce268544c780299db653d21467,4803684a58eb452daa4190b0e1aff8fe,unavailable,2018-04-20 09:39:52,2018-04-20 09:55:19,,,2018-05-08,7e8444fb4d74e0b442515b38a13de897,2018-04-20
b2f58affcc178fea2daaf834f1acff5e,f6c6d3e1e20969a5eed982163f959719,delivered,2018-07-14 14:08:11,2018-07-17 04:31:33,2018-07-25 11:18:00,2018-07-26 19:18:32,2018-07-30,fb354969e06f2093c0083cbfbb91864e,2018-07-14
60b4528b577937165a412ba177de3606,9a460b0b588e9ecea4e4fd2b169809fb,delivered,2018-07-18 09:11:35,2018-07-18 09:25:09,2018-07-23 13:21:00,2018-07-24 15:32:48,2018-08-03,2571f41727577645737ff6b834e9043b,2018-07-18
2ee3ac9eae989dd8029015f1cb956021,3776a22e0579b156f6c7664e0a9b640d,delivered,2018-08-23 14:21:50,2018-08-23 14:31:00,2018-08-24 14:56:00,2018-08-25 14:03:28,2018-08-28,f35e7babf3a5077c2c95b2f837d5498e,2018-08-23
359180fd55339aba98fec565c2e88ebf,98b4ba4e8a1d0b2877ca4161e3e03cd2,delivered,2017-08-14 14:33:26,2017-08-14 14:50:17,2017-08-15 19:02:56,2017-08-26 15:45:56,2017-09-08,52e37d0183a76b1197d65ea83c961ec5,2017-08-14
23b1eb268049c1d2a04b22784867e75b,64d38c0ab6c52f6cb38f3f3db627ff8c,delivered,2018-07-01 21:19:33,2018-07-05 16:15:48,2018-07-03 12:06:00,2018-07-05 21:04:11,2018-07-30,18b413ed38f850379187ba8847cb72d6,2018-07-01
a13566e1ef3931ee9fc63bc9903446bb,db29c736e0b18b8679863653beef3fe5,delivered,2018-07-09 15:47:59,2018-07-10 15:46:49,2018-07-11 14:48:00,2018-07-24 09:14:35,2018-08-01,cc44d1f72587f44e3af25f68f1db8cd2,2018-07-09
47b6cc93a89600d942bc5dec4978e6a3,04cd1987a809f1275e80cfa0030b39b3,delivered,2017-05-04 21:49:52,2017-05-04 22:02:50,2017-05-05 15:24:46,2017-05-12 13:06:39,2017-05-29,ff136252a2fd806ce234d85a09afbaef,2017-05-04
ea1ac32e51a066d17b2ae8647eac38a8,e42a19f44a0a2587ff8217fa88527c2e,delivered,2017-09-05 20:07:13,2017-09-05 20:23:55,2017-09-13 14:46:06,2017-09-15 15:22:08,2017-09-22,1ab4256a45cc50d01a1277ab04838f45,2017-09-05
ee28f84fa04da5254221a38a49924618,08d9fa34b8f63361201b4f2548c3c384,delivered,2018-05-24 20:12:30,2018-05-24 20:37:36,2018-05-25 11:26:00,2018-06-05 18:43:44,2018-06-20,95438447507e6e5bfd86db17d7ad9504,2018-05-24
42f7bf917a01e9df984da60684443525,0ab87fb389aa01d052cba00225ef7b31,delivered,2017-12-07 10:25:18,2017-12-09 02:38:32,2017-12-11 20:38:58,2017-12-21 18:09:16,2018-01-08,83d8ec864bec28db4868c2181a9e9d6c,2017-12-07
3018245b4917c2d6e6ad5deb7a5cc600,4671612422311f6cb6500de36abbce07,delivered,2018-03-04 16:45:30,2018-03-04 16:55:55,2018-03-06 00:41:29,2018-03-16 23:04:58,2018-03-27,c644c379a96ef9468f073699ae37a84b,2018-03-04
163f8eb1b8e1a57c3ff383c09e13d42c,6964708c7ac9eb36c31193d480ec96f3,delivered,2017-04-13 16:00:12,2017-04-13 16:10:10,2017-04-19 09:43:15,2017-05-05 12:26:47,2017-05-09,0104d8ef04b9df2891e69bc0e2e6dca4,2017-04-13
1dec400990c7e09b4d4cadbf563dc393,b0bd07e1779b0141218d26e55f07ec58,delivered,2018-01-02 17:29:06,2018-01-02 17:37:25,2018-01-09 15:37:25,2018-02-02 20:45:02,2018-02-08,9433bf3cc7f440a9b2f40c07d14c303a,2018-01-02
c11e4b7ceb73050e960f5b9ff6b75a72,0ea7e975722227d74d3df0dae03de8c2,delivered,2017-08-10 11:16:34,2017-08-10 11:30:14,2017-08-11 20:41:41,2017-08-23 17:42:12,2017-09-14,74668e7fa84c15e1164a57cc0b7c4f30,2017-08-10
7ad268e7217705092ee455d9bd8d3aad,13e0be29519dd29995c22431c806d139,delivered,2018-05-14 16:48:13,2018-05-14 17:18:39,2018-05-15 15:39:00,2018-05-21 13:24:45,2018-06-05,bc61bf7a848b2fa4298e961b412ca88a,2018-05-14
12eb336877aa5f2ac2449e22b06ba84a,8ebccdc62dffa0f12b910ffed2214438,delivered,2017-09-26 09:13:36,2017-09-26 09:28:10,2017-09-26 16:25:21,2017-09-29 21:13:04,2017-10-24,c0793ff8d7388fd2a42990943bab00ae,2017-09-26
d78e5c7a11bcb261103cb4269bd37fcf,56c0118c75dff04412ba1c7c41243dd3,delivered,2018-08-11 14:35:56,2018-08-12 14:30:17,2018-08-20 14:02:00,2018-08-24 18:03:44,2018-09-03,7b7a309e38b3c7ff4c1bd61ab1449f7b,2018-08-11
883ee9317106f1b48b157ecaddc83f64,ec067210c41cbde7668db4696ba7e222,delivered,2018-08-15 16:58:47,2018-08-15 17:10:20,2018-08-16 13:48:00,2018-08-23 17:36:39,2018-09-18,e76b17db2b91459faf981299663cff6e,2018-08-15
c8552e53c39ddd0a833f474899d5a966,d38229647c61a836c961b3c045c42a2b,delivered,2017-10-19 17:13:20,2017-10-19 17:28:08,2017-10-24 18:28:03,2017-10-26 22:22:35,2017-11-10,c934fab4932181463850ca7b164f1d81,2017-10-19
cba21bedbcfe88bcc7e6918e9555355c,24c7b4e5422cb09dd297eb1b3fc7565e,delivered,2017-11-30 15:43:15,2017-11-30 15:53:25,2017-12-05 19:46:37,2017-12-07 17:19:18,2017-12-18,688d86c21c588eed89f126f956aa0825,2017-11-30
25bdb01ef5c61f25fb821a72b1223a8d,13ce0586d3fbe51852a3891ee929c7b7,delivered,2017-10-16 23:12:19,2017-10-16 23:28:16,2017-10-18 21:33:48,2017-10-23 22:53:59,2017-11-07,4da73e0b94285dc729dbf903468292c4,2017-10-16
f1631176a5776079ef8293f9c66f1a90,3b5a559898d679155d44fdc46c572d85,delivered,2017-04-04 19:53:50,2017-04-04 20:05:08,2017-04-05 08:22:36,2017-04-07 11:46:53,2017-04-25,a8400719a4cd8010278435720be729ed,2017-04-04
e8250a89f967d49af320330c8660a9a2,d48576ca60e60c16d78400f3ac8ad9ed,delivered,2017-04-09 23:26:56,2017-04-11 04:02:13,2017-04-18 15:56:18,2017-05-02 09:59:51,2017-05-09,28f80b66e9e383851a63274ed51b72de,2017-04-09
7e206e82d450357c6d35c6a4f69e0c24,325bf0d681bf083e68bc8aa53e1750ce,delivered,2017-05-29 20:37:01,2017-05-29 20:50:11,2017-05-30 07:30:06,2017-05-31 12:56:42,2017-06-09,fe7b18b6abace476dc6390ee5d174e13,2017-05-29
e3c67a4bac0845d3ae12bb4ba0c667f9,99a33386a35dedf99ff14051353d0c13,delivered,2018-04-15 20:22:16,2018-04-15 20:30:58,2018-04-16 19:04:20,2018-04-20 21:22:45,2018-05-22,071bb277b0146da77fac31e70657815e,2018-04-15
1cd27ea64a7708735cd38f4eae93a8d9,e948444f124792c053b8e3d009a3bd8a,delivered,2017-11-21 11:14:22,2017-11-21 12:31:32,2017-11-22 20:48:32,2017-11-30 14:23:31,2017-12-08,78830212f9d3148ed938a4c111a53f38,2017-11-21
23558e6c96b846224ae65c90217b9caf,a83d26c9cc247262c5c8210d81cd2ae5,delivered,2017-05-13 09:43:02,2017-05-13 09:55:07,2017-05-16 16:02:15,2017-05-22 15:27:41,2017-06-01,abd6c5448e23c80f973f26d266d444dc,2017-05-13
25133adfabbfa91f52ed184519933c11,8fbbac627bea0879f8e10689ccc2993a,delivered,2017-07-10 14:55:01,2017-07-12 02:15:35,2017-07-18 18:18:00,2017-07-25 19:32:09,2017-08-01,9fb23c0934b300ecec67d95926d1d09d,2017-07-10
1782847cd777a73e73b847dc72144d19,2588b4a39140feeab5d4ad3131067d25,delivered,2018-01-20 11:39:20,2018-01-20 11:57:48,2018-01-24 15:59:59,2018-01-30 12:23:40,2018-02-19,a6872613cbe95b87b2b042f530a122fb,2018-01-20
033c0d8e5bce8110d7900e088c75389d,77f5768427f2e8bc2958b4d206581529,delivered,2018-06-07 17:22:20,2018-06-07 17:37:55,2018-06-11 14:38:00,2018-06-14 18:32:51,2018-07-05,59e10694f9720ab5de5e94aa875d1d87,2018-06-07
249139c9c4f86f01c083fbd3e8975916,d9075d7e457711f4bb74bd30f94be722,delivered,2017-02-21 22:20:27,2017-02-21 22:30:19,2017-02-24 15:47:42,2017-03-20 14:48:09,2017-03-30,f31d6cf7991c0c03080a98640cb37fb1,2017-02-21
b6c9788b02384545ab73b0ec85729995,9eadf355fd25351e0b159a7932d90f54,delivered,2017-08-02 22:47:59,2017-08-02 23:03:16,2017-08-07 19:08:34,2017-08-14 18:42:34,2017-08-24,91c5b9cad082f2776f16086863a762ce,2017-08-02
0cf94dad2e99f0fb2c10e52d62c4e560,9382c9d760d5a61dbd8d18b2accc27f1,delivered,2018-08-19 18:39:12,2018-08-20 12:50:35,2018-08-22 16:04:00,2018-08-28 15:46:47,2018-09-03,60e85e816a5ba9580ac999067695f2c0,2018-08-19
60d7b5480cf32dcb95bbd0155f6c6e36,794b8e1820dacb6050f7c374fdaf5515,delivered,2017-12-12 22:57:21,2017-12-12 23:12:36,2017-12-14 13:28:42,2017-12-20 20:23:14,2017-12-29,50d06febc574c90defb5c463399912e8,2017-12-12
2b7a74de7a07d7c71956b675cd98116b,c6905d999d1f43ece368224f28ffed47,delivered,2017-09-18 22:10:29,2017-09-18 22:25:37,2017-09-19 21:22:20,2017-09-22 21:37:53,2017-10-09,dd7b23a2d1528f7d396d1d8622faef9d,2017-09-18
04b037305ba882bf9510568fe6c1615b,c7f2aa41726d05bcc6db32812fbf95ba,delivered,2018-01-13 17:56:43,2018-01-13 18:09:25,2018-01-15 16:29:05,2018-01-22 20:47:40,2018-02-06,753dddc39cc059d28491d9726836f98f,2018-01-13
183c26d5b5da5d721efce979e918d1ff,6b15985889e3ae40fe81049d1d4e2066,delivered,2017-08-25 08:47:46,2017-08-25 09:04:56,2017-08-25 19:59:56,2017-09-01 19:12:28,2017-09-19,695c85200c84b756f367c0a82ca81301,2017-08-25
95041d0854644b3f5210e99aae26234c,d56f09ea0b282b3dff43d71600d7b053,delivered,2017-08-04 12:41:49,2017-08-05 03:03:11,2017-08-07 14:06:51,2017-08-15 08:54:04,2017-08-28,bafe3b46fc75d1d1f93485d4a2d939c6,2017-08-04
620b1ca38d9baa23b6691ef54153af7a,68d2bb06560ddb0fd0f1cb5c13a75b38,delivered,2018-01-04 11:04:51,2018-01-04 11:13:21,2018-01-08 23:27:25,2018-01-17 20:47:46,2018-01-30,c896962492a06e9aa7903fbb932a83c7,2018-01-04
9d343b43e2a3552fdfaff5ad21a9af61,a0c5cbf7dae5ccd736f5c2576bccf564,delivered,2017-04-01 00:54:10,2017-04-01 01:05:30,2017-04-05 06:50:07,2017-04-17 17:36:58,2017-04-26,c6c431ac2e6fb4433711fa86143dc446,2017-04-01
f9ae93cf1664881693318b7684ab45b3,d726d766a679f3818fa5324c8b4bad77,delivered,2018-01-14 20:37:27,2018-01-16 03:51:21,2018-01-18 17:26:50,2018-01-30 19:26:06,2018-02-09,8f05a9a828925b59cd69829ee9493481,2018-01-14
21d7cc8e7e9305ef7b30554a2227493d,8411ebc48b2b55c49a6db456bdf84f46,delivered,2018-08-09 16:24:32,2018-08-09 17:35:17,2018-08-10 14:49:00,2018-08-27 13:42:30,2018-08-22,6ee73274a3d69299ae6d85e46a6e96e7,2018-08-09
8e0681f2a4f1f64042b59780dc46125d,06dcae7b409e7ee3098993674b02f1c4,delivered,2018-05-21 16:27:39,2018-05-21 17:33:51,2018-05-23 14:53:00,2018-05-24 16:44:50,2018-05-30,1579bb1cb31d16d7fb3e07065787a826,2018-05-21
d8c4293616878e2f015351d8f1445880,30dc4f27dcf5d2ebf9a48f7799229ad3,delivered,2018-06-11 13:51:38,2018-06-11 16:31:41,2018-06-12 15:44:00,2018-06-15 19:56:54,2018-07-05,2beca05a77d050fe5cf749423d30e04b,2018-06-11
5719025bca0cfdf25087cec11bd755a8,f1e88b685b2948d76c2b11b26c4801bb,delivered,2018-03-06 13:35:01,2018-03-06 13:50:48,2018-03-07 19:39:04,2018-03-10 20:38:23,2018-03-16,effa33ae346743fcd91124edddeb8c49,2018-03-06
d1f4dfa01135ba65f2013f1c9e8dcc58,4d6ef25c25da36d22c1ffa42de71a136,delivered,2017-07-13 18:26:10,2017-07-13 18:44:05,2017-07-14 17:04:58,2017-07-26 10:17:43,2017-08-14,c3f3b3aec6ab1645b825e2b7031cfd43,2017-07-13
95640f66424853e44e3ffb0cdd8974f6,3f931d76579122411d593b5b919da7d0,delivered,2018-08-05 11:38:06,2018-08-05 11:50:11,2018-08-07 11:46:00,2018-08-16 15:58:57,2018-08-23,1c641842df820dbf7618598030469a36,2018-08-05
9e90b00b6d923fe64fa53888a5643760,bb5bc982bc0056028d8a86831da1611e,delivered,2017-05-31 21:19:45,2017-05-31 21:30:27,2017-06-06 12:37:19,2017-06-16 17:39:54,2017-07-03,4d8017262c39ed921546de8130ddec3b,2017-05-31
66a8d9453b15cd3fe5a7322ad363ad7f,e17b90864f5b705f733e573bf2ba2a81,invoiced,2017-05-14 18:25:10,2017-05-14 18:35:20,,,2017-05-31,693ee9977fc446f5e0be7da006412155,2017-05-14
850a1a50b15538e71f05dab30ce0099d,9d45c597af42669c1c82e5bd832550b1,delivered,2017-10-20 09:46:43,2017-10-20 10:05:56,2017-10-20 17:18:09,2017-11-10 14:32:37,2017-11-09,59cfc67e9678b2bd98ad267b9b6d73bd,2017-10-20
a3ba7fa5266d62188949da3d6ccc3884,66291a46c0d82f09f3b211f6cbfc37c0,delivered,2018-02-06 14:10:08,2018-02-06 15:55:54,2018-02-07 22:41:57,2018-02-26 14:48:49,2018-03-08,d4543db8eab4055b35da5c716ed19c70,2018-02-06
26fc240b5fd33abb402b5ccef557ec7a,f9a8d0892028ccdbc5fbd0f1966841ad,delivered,2017-08-14 10:08:53,2017-08-15 12:55:27,2017-08-16 20:57:36,2017-09-01 18:08:09,2017-09-20,f415974ff4a779ffa991fc349a6e67ac,2017-08-14
0cc893e70885ba7fc151e85141326ef5,55836520f2093cbfbbcc28fa0de53223,delivered,2018-08-14 11:40:48,2018-08-16 04:35:14,2018-08-16 14:41:00,2018-08-17 22:58:49,2018-08-20,1cc71a6cc6fa66799da6f4ef12d23574,2018-08-14
4b219c12fdb241d6c04908f66f8133bd,c458b7d924dbf3e547f4fe02a7229d9c,delivered,2017-07-23 15:52:03,2017-07-23 16:05:25,2017-07-25 14:29:35,2017-07-26 14:56:36,2017-08-07,de1ca5cfc962002b9af7508e3543dfbd,2017-07-23
5f5d82c66499b9a72f7e8071477aee00,2e3a0d5dfa1d77144e41d8219fd8934f,delivered,2017-10-31 19:33:20,2017-10-31 19:47:43,2017-11-01 18:33:02,2017-11-03 16:29:53,2017-11-10,6db83e5c493613ba8f9d4ddeb3af9bcf,2017-10-31
d25091a3e5d9d4a0a83ad9413f8828d2,0d4f8e1cec254ed9c1fd1b02d26fabf8,delivered,2018-05-10 07:34:35,2018-05-10 07:51:41,2018-05-10 12:08:00,2018-05-16 18:28:45,2018-06-11,cae8d7d8ea325e8755c68853f86fad23,2018-05-10
70b6d521ebcb927f3a990459bc4a7c49,be17c41e62ef70c6c56d94abcc38d7d6,delivered,2018-01-22 14:28:06,2018-01-22 14:36:29,2018-01-24 22:27:15,2018-02-08 19:08:57,2018-02-22,2b8ee7a47f3ea2b8aaf380eca03aa520,2018-01-22
ca912a872db02043825792fbae103921,86babf05fcecf5b9c1f1d6a9c42b49f6,delivered,2017-09-04 16:39:26,2017-09-04 17:15:22,2017-09-05 19:55:52,2017-09-12 17:13:42,2017-09-28,6a56e8e6c20175d122a962a5e5dfcf5e,2017-09-04
97cd8f499c48c7f5ddc59d8e9d79f314,cfafd394b1da74f1efafa1e733f25bfa,delivered,2018-06-05 11:11:48,2018-06-05 14:31:50,2018-06-08 09:51:00,2018-07-10 14:12:20,2018-07-13,cca0588e1da2e64112cb641aaf66b251,2018-06-05
68507de712879fdc905ed762ee009d0b,31d42a8bea9c9a90ff89130fadc78477,delivered,2017-11-28 18:28:30,2017-11-30 02:24:14,2017-12-02 14:07:57,2017-12-11 16:46:58,2017-12-18,e1a56a21a2abe900cc74c970d9fc5181,2017-11-28
b7e27e42f8977f361d7a169003a0bd51,7d9b47e1d596469583d9a81a309406cb,delivered,2017-05-23 13:26:58,2017-05-23 13:43:06,2017-05-25 11:49:15,2017-05-31 12:44:52,2017-06-14,fe66f2dac30ccd7cba407f0135c9cf17,2017-05-23
65377f2460bd19606a6279134627ca05,12e5815197a9e9eee704d54acaccdc27,delivered,2017-04-22 17:22:12,2017-04-25 07:42:10,2017-04-26 12:16:56,2017-05-03 15:13:58,2017-05-17,3893e39857769a60e6f5bfe4badba6f8,2017-04-22
36db19001f33a6f23042adbc4a0e30a5,2421c7be6e7456c06f434ff26cb4223a,delivered,2017-08-28 23:02:43,2017-08-28 23:31:09,2017-08-30 17:17:52,2017-09-08 20:51:37,2017-09-19,75aa3869be687c067553853b124bbd2d,2017-08-28
020d90b47730f065a03723587c20a57f,87fa03356ab0502083e0359921f4b780,delivered,2018-04-27 11:14:54,2018-04-27 11:30:31,2018-05-03 14:27:00,2018-05-04 21:42:50,2018-05-16,381dfcb40faad1f227305b69e6535d34,2018-04-27
e1f0086d7b409eb76308869bdd4e39b5,b823898132fae4b6627d8d3a9847ab23,delivered,2018-08-09 18:13:21,2018-08-09 18:25:16,2018-08-10 12:57:00,2018-08-16 18:48:40,2018-08-22,6a23e826e01b94b4b0c9724bb93a6874,2018-08-09
5f2f7f1d1bdd3ca990d45003f8f3c522,eaf9f909ac21d94f5f26666f93b05efb,shipped,2017-08-25 23:34:46,2017-08-25 23:50:13,2017-08-28 15:43:22,,2017-09-22,24247981faaabe758fd1eafaae11cdc8,2017-08-25
d5242ba9470b26e23e540d936c9c59b0,bc41e7e83e0cfe073564836a0d3a7645,delivered,2018-03-05 09:53:46,2018-03-05 10:09:35,2018-03-13 22:38:37,2018-03-22 17:22:42,2018-04-06,768184a3377aceea5ec8b81cdf64c188,2018-03-05
7d00513b69718715b52d242ae838730e,baf139d17c0df8f5a049b57af7642f3a,delivered,2017-04-10 19:52:53,2017-04-10 20:05:12,2017-04-13 15:14:10,2017-04-20 11:34:45,2017-05-04,d35fb9dd41eb6917edd89ad0eb9661d1,2017-04-10
ad570565d539dc76d6573905696f1a0d,5b0d3d9c76c0a60b0391d4d9de71636d,delivered,2018-04-01 22:08:09,2018-04-02 15:32:30,2018-04-03 18:38:55,2018-04-21 18:18:43,2018-04-30,20cef64bdc019c505a9686535945ccaf,2018-04-01
ce22c4e0009f3c42ea02d36a32e2b91b,a16ee97d596fd929d9f9c24262e3af3f,delivered,2017-07-06 08:12:15,2017-07-07 02:45:25,2017-07-07 15:59:36,2017-07-21 16:39:50,2017-08-01,3912caf05e4209bdf68fdedaa473b2fe,2017-07-06
17154f3e0cb2f2ecf1f80653696ec3eb,28dd24c1893bfe62156c422f3b1c6146,delivered,2017-10-30 10:42:16,2017-10-31 21:31:11,2017-11-01 19:47:30,2017-11-29 10:40:28,2017-11-13,1018b57cedbb88d33ba94c906d05ea15,2017-10-30
9c595e16a30ed3d4190c5d512eb1ad17,9c966ae5331919d6657daa55149999a9,delivered,2018-04-21 15:50:54,2018-04-24 18:04:02,2018-04-23 22:51:11,2018-05-19 00:56:43,2018-05-17,9c5df6bb007c24706b2032574dbc7393,2018-04-21
2bc2d6094a9d3a086277687c589123af,1300309886aad22fdd4ed0f2d088cb3e,delivered,2018-03-31 15:54:55,2018-03-31 16:10:18,2018-04-03 19:38:37,2018-04-13 21:12:03,2018-04-25,68da764f5043d55d8b87da8b287130b8,2018-03-31
6c27984bddb654e222cd1b9a238d2e74,722dd6e14d2f43121531d24edae4e1e7,delivered,2018-05-17 16:38:34,2018-05-18 04:54:43,2018-05-18 13:51:00,2018-06-04 15:51:46,2018-06-11,98f8611de8d2946b6992c022899bcbbe,2018-05-17
7a3f8080c604ded6519cd5b601f690b7,804e210975d02fbfc866515639f30135,delivered,2018-05-06 11:28:38,2018-05-06 11:50:28,2018-05-14 13:52:00,2018-05-30 13:07:50,2018-06-05,8c74ff7d94f1068a02a17b4d6b0eee5b,2018-05-06
c3e40fee340399205d38e93fe4fa21d1,ea5e1759ecfbe4732f821faeda4eaf0d,delivered,2017-10-23 13:08:00,2017-10-24 03:56:24,2017-10-26 13:49:47,2017-11-03 21:13:38,2017-11-14,e5394e1526e99cd4e5dd2fd51335bf70,2017-10-23
88857d91dc3370190060f4b06041e708,5e39e3191dfd85aae4d6142570b57297,delivered,2017-12-04 01:27:58,2017-12-04 01:38:39,2017-12-07 00:04:10,2017-12-27 13:06:13,2017-12-27,4854a4d7a30249484854d182f59ba2a3,2017-12-04
adfbf6c2a620196f9a3ec747491c72b7,5b670130533827957619dfe306899fdd,delivered,2018-01-29 19:54:35,2018-01-29 20:12:11,2018-02-03 17:12:50,2018-02-27 13:27:35,2018-03-01,bd5fb6a2e66d7bfb061efd93b994f168,2018-01-29
8dea6d01aada11dcf29deef2e364ec7c,af79a103d1cc45faaa5b599240c647f8,delivered,2017-08-14 09:42:17,2017-08-15 03:55:19,2017-08-18 17:24:42,2017-08-24 21:57:52,2017-09-13,5b7c6b99ad89766e25224d1f39210a44,2017-08-14
7b2a386afd3204c89e56c280c352360f,ae50af5e4ca14b19a311752271ab9166,delivered,2017-11-13 19:53:29,2017-11-14 03:36:00,2017-11-14 23:57:46,2017-11-21 14:25:45,2017-12-01,79c7b9efe38e564b3e20e45a92a64cdb,2017-11-13
12e5dd0c975bc753570697dfc4901596,ccd4696409883784ec3125db911072e2,delivered,2017-05-30 18:54:05,2017-05-31 06:50:24,2017-06-02 10:26:13,2017-06-07 14:41:34,2017-06-22,3bddd41df369aca5ce4df4352c93cd95,2017-05-30
d265a381a2364eafd9b07a7800ccbee6,b4db5729c518c40199e3ecab87a33843,delivered,2017-12-13 02:38:27,2017-12-14 02:12:06,2017-12-15 17:29:29,2017-12-28 15:06:49,2018-01-10,1f08769376d59f24b14e6739112d9652,2017-12-13
760df3891e22cf70c392a223b1c7e929,f583d14f88786e6534a3accf5a082b75,delivered,2017-11-28 10:17:50,2017-11-28 10:40:31,2017-12-01 23:05:01,2017-12-13 19:43:35,2017-12-29,2e1f5fe12051393835108540a876fa31,2017-11-28
f119f2d71c96714540bb893bff51e122,4f999370ed9377175722063352c8db16,delivered,2018-05-31 22:31:15,2018-05-31 22:50:28,2018-06-01 13:06:00,2018-06-02 17:28:32,2018-06-26,c0746db61f4b82918e16bb676e505494,2018-05-31
e4a95c672918cd518a26dd7426ddd817,99dbaf35f133854e08dd7de1a74b84bf,delivered,2017-03-27 07:17:54,2017-03-27 07:30:11,2017-03-28 11:42:58,2017-04-06 17:24:25,2017-04-17,fe8c86611b4f0dcb79d80548116d0259,2017-03-27
b04788c970b01f09f759c59e5dfaf09b,c34dab876dfb39d86d68b291d84488f6,delivered,2018-02-15 12:31:35,2018-02-15 12:47:50,2018-02-16 21:53:12,2018-02-21 16:47:39,2018-03-07,78335a3ece0bd9f13a9cf2ac449dbbf5,2018-02-15
b2b8934746a9afa7b38c8c1f88268ecb,681986e7db7f47399570f6ed6a34f53c,delivered,2018-08-02 12:06:07,2018-08-02 13:04:06,2018-08-08 14:20:00,2018-08-13 21:38:56,2018-08-20,9c3af16efacb7aa06aa3bc674556c5d6,2018-08-02
affeacf7cc639bfc67240a58cd12e3e0,d4f50b1276863410efabe595b9691bbb,delivered,2018-05-10 17:03:16,2018-05-10 17:37:42,2018-05-11 11:55:00,2018-05-18 17:20:58,2018-06-11,5c3a589c561ddaa7065b49db3debefab,2018-05-10
c1d56b2ecba4d7cef028f838f3a460d7,841588ec55d017bfc541493da447ce61,delivered,2018-04-02 19:52:52,2018-04-02 20:09:38,2018-04-03 18:38:44,2018-04-11 23:35:22,2018-04-26,f26a70ca11d3ead9236e4b51dea74135,2018-04-02
9a3e437ab219133c20a7033be9087edf,3c03fed2df425b8291c5913c52b51b84,delivered,2017-01-07 20:45:31,2017-01-07 20:55:10,2017-01-10 13:46:14,2017-01-17 11:38:10,2017-02-07,2e8eb06baae199a63d3a7b603efa771a,2017-01-07
ff3b94727ca0765e98e12e3eda65f82f,4cd92fd443bd63320e3220e90ca48c31,delivered,2018-02-04 17:11:33,2018-02-04 17:49:02,2018-02-07 18:18:53,2018-02-23 22:03:28,2018-03-06,74ee08af23620cf2f8d67884cb587262,2018-02-04
92e1642faecf2c2b85b739dbd78bc429,bff3154a4457a06b7829afb3d237231b,delivered,2017-09-22 10:43:01,2017-09-22 10:55:14,2017-09-22 21:17:53,2017-09-29 22:37:31,2017-10-09,c7ca73f781107c77dcdc56de2fad45b3,2017-09-22
801efaf8f3dc441dfd2e48e11ae56625,a8ba6112c4cc9209f80f14354e2d50a3,delivered,2017-12-12 08:39:09,2017-12-12 10:32:39,2017-12-13 18:38:53,2017-12-18 20:09:12,2018-01-11,55f0b86428feef516fe0d2ad14aeff9e,2017-12-12
c3446ae06c997834544dd978e2c4cf7c,340172e02c380c49afcd9cfc2dcb8dae,delivered,2018-04-30 12:13:31,2018-05-02 09:14:54,2018-05-03 16:45:00,2018-05-17 18:44:20,2018-06-05,30ad997457a99cce86908576e34f47ff,2018-04-30
eaaee645b1c3232e02feea76ef993a9e,a02c3848a807fdc92f85e7f72225e1f9,delivered,2017-05-10 18:13:04,2017-05-12 02:50:30,2017-05-16 16:54:29,2017-05-22 14:37:51,2017-05-30,83a82e80b19391a7bbb4796847b1bb49,2017-05-10
b36d9c84b0033e4366759f851db473a8,6b23bd7d2d73082f729ce2be985ce562,delivered,2018-07-24 21:17:34,2018-07-26 03:24:17,2018-07-31 14:53:00,2018-08-08 13:22:10,2018-08-17,032b3a42598667caf2e099999b9dc1b9,2018-07-24
0c635f2fc897dc04b56643f997f25d33,f99b5c67d9517ee04168e778a38581e1,shipped,2018-03-17 16:43:04,2018-03-20 03:28:22,2018-03-21 19:04:12,,2018-04-17,61a5911707404146d998a28b3f5e30b0,2018-03-17
34e63d1843fa8269ed932133c6b58a3f,239455f28434a06ae5f5c0a97eb0f718,delivered,2017-07-31 12:32:16,2017-07-31 12:45:15,2017-08-02 15:42:52,2017-08-16 16:00:12,2017-08-30,3a2d236fc85fdf338f179ca0cd725433,2017-07-31
b6718d42f2393bde8ae9b32034d0384c,eea7c7cae7cb169c210ed31a5b25180c,delivered,2017-09-02 11:53:10,2017-09-02 12:05:40,2017-09-05 18:21:56,2017-09-12 20:41:54,2017-09-22,b991b8aea12757e4417125a5eaea50c8,2017-09-02
6942aa7dee89fafe04b6ff790e74912e,b9e6598bfc63561d92e38ba3af29aeca,delivered,2018-04-08 21:59:45,2018-04-10 03:55:26,2018-04-10 18:58:36,2018-04-14 04:42:04,2018-05-07,bdd2d0380fdba0ee6fae5c727eceae8b,2018-04-08
0328d8f9de9ac416aef56ea44972a5d8,93981a3a039274f7c0f9dfaa22318d78,delivered,2017-10-18 16:06:09,2017-10-18 16:34:55,2017-10-19 15:49:05,2017-10-24 14:38:30,2017-11-07,a74d59ab24a3dce26b545e849047b0ed,2017-10-18
b410dc915246a26c7dbf229a2a521f45,13f26b28be5fac505750a3928f6e7a71,delivered,2017-08-20 08:48:06,2017-08-20 10:32:21,2017-08-22 20:27:44,2017-08-24 18:23:57,2017-09-11,751b21705834d41461e18165581f108e,2017-08-20
ad5bf590212b05339591fac819fec669,61c40fbd64ecfee5270d6f9f2202c484,delivered,2018-05-26 11:41:20,2018-05-26 11:55:12,2018-05-28 13:27:00,2018-06-04 20:11:03,2018-06-28,4c6e9c6f2c3df796230e076d8854ab15,2018-05-26
0b35523db4e1c1ee70badc36fc9a4dba,8f37482013a6566f7d5610c5210a096e,delivered,2018-03-22 11:06:10,2018-03-22 11:15:52,2018-03-23 03:35:02,2018-03-29 19:48:45,2018-04-27,d03b5338d1d7602830fddde7db21cf2a,2018-03-22
94392cf6467d0d71ec5fcab718cf3094,d20b51ca1b75f352d433945310a4d92f,delivered,2018-01-05 22:22:05,2018-01-05 22:32:28,2018-01-08 15:54:42,2018-01-29 18:38:40,2018-02-08,53aefda7ff8c61644d09043810bbf79f,2018-01-05
ca4cdcd5dd22d5e149f43c6a7bc647b8,84f4922d699c6dab0edd9af96127daae,delivered,2018-04-25 14:13:22,2018-04-25 14:33:18,2018-04-26 15:24:00,2018-05-08 00:03:46,2018-05-15,502f15ee111d5b30edb2f59506ff792a,2018-04-25
39c31edc53ca82584b62224bcbce3801,4a7c91686b03dd70aca918a3a3ffdebd,delivered,2017-08-15 19:50:54,2017-08-15 20:45:04,2017-08-16 21:13:28,2017-08-22 18:33:40,2017-09-08,d624dc7e18df5c268ea0a76fe0b01974,2017-08-15
3172aacd2f6930dd21d765190030ff56,6bb83f8a83c23d64aec3dcb40008768f,delivered,2018-06-13 22:59:01,2018-06-13 23:38:36,2018-06-14 14:48:00,2018-06-16 01:45:38,2018-06-25,c9c34696d5709b69f903d7d4807f0958,2018-06-13
2de2a81f489e7ac7cc08d8e49dbd6c13,6ecc9ffea3c99ee79b129141c425a686,delivered,2017-10-28 19:51:27,2017-10-28 20:05:51,2017-10-31 16:03:54,2017-11-03 20:53:42,2017-11-22,7c1cfb3c097e0f1caa90bb17675a63e5,2017-10-28
8d6eadbda0197bd0dda13db3e179117e,94510e601285af55c734ebb2deef6859,delivered,2017-11-28 14:08:14,2017-11-29 02:22:36,2017-12-01 19:28:57,2017-12-13 16:36:40,2017-12-20,68585955705a34e74f62cf44963ebe5a,2017-11-28
af3cf27fd4a38a5663f9e15f0fc8b984,3089385be2a012ced96c93c321ba78fb,delivered,2018-03-09 08:35:50,2018-03-09 08:48:27,2018-03-09 19:18:33,2018-03-16 17:58:28,2018-04-12,e3b3e757b651bfba6f0144c1096f9864,2018-03-09
eb26692da69e9d30670c6e364921c1d3,57f15f1d728bd575e612f8e997f9c04d,delivered,2018-04-26 21:53:59,2018-04-26 22:11:00,2018-04-30 06:23:00,2018-05-05 17:36:42,2018-05-21,6520039639a8ddebc2a60a017d9c01fc,2018-04-26
3669a1658de0b6df4a21845696974094,6cb4c7f27681594075676ae0db2b2986,delivered,2018-02-18 03:46:21,2018-02-18 03:55:25,2018-02-21 20:56:41,2018-04-02 18:44:24,2018-03-21,bbb4489598feac603a21e4560d04699e,2018-02-18
2f72a08e8fc765e47fd2f4f2eb7a3704,b2094bed49f0b4ad05a770234d42af20,delivered,2018-08-23 10:47:14,2018-08-24 04:05:12,2018-08-24 11:53:00,2018-08-29 19:06:43,2018-10-01,853254c35b5ee150b4da2b3698d73f9e,2018-08-23
a75aad2fd41164a516a1257b45670f4d,18787b752a0bbc71f492be954553e985,delivered,2018-02-27 19:39:21,2018-02-28 10:15:32,2018-03-02 10:58:53,2018-04-20 19:57:30,2018-03-20,b542d757aec5c7268e34ded4b1fdc03c,2018-02-27
53d5259ef5bbe36d8c79dcf455328dba,5e67f305818c42335d4a735777e05cb7,delivered,2018-03-15 16:04:46,2018-03-16 16:09:48,2018-04-03 20:33:03,2018-04-19 20:08:48,2018-05-02,7901c818648441c391b2b763d7a77b97,2018-03-15
cb59450fc63a9e7303fb29fbd71748a0,30a92a7d3358014c9dfda6b5ec841b44,delivered,2018-08-13 13:14:08,2018-08-13 13:44:25,2018-08-15 09:03:00,2018-08-23 17:26:43,2018-09-26,f1ca9a3e183455352bedd048dc923d76,2018-08-13
631e1f23f43b7ccee3a0792a1852c931,b58dcebd1080a35715998c1c6b9f4d81,delivered,2017-11-24 01:39:47,2017-11-25 03:34:30,2017-11-28 23:07:36,2017-11-30 23:47:05,2017-12-11,99da196553d9b67b1c762a712a8caaf6,2017-11-24
51b3d3b824ebde9c8e8d84d17e98d88b,659affc86c33bd8d4a7a551a1d721c59,delivered,2017-05-08 12:49:28,2017-05-08 13:05:49,2017-05-09 12:44:37,2017-05-24 06:12:01,2017-05-31,3ee11a73167d6fd1652d5016cdeb760d,2017-05-08
7a1fadde9a014947dc553d03acec903c,1157f1b869ab1f5edbbdfaec8169a3f3,delivered,2018-05-08 21:49:05,2018-05-10 03:10:14,2018-05-10 15:34:00,2018-05-30 16:33:19,2018-06-21,7ecddf4581070eeef4dbc6b5f4e95beb,2018-05-08
2ec9a4e04a3eaafb24145d4b619d4e5b,bb9971033e1b456cc4a6bb92a46591ef,delivered,2017-07-07 23:22:04,2017-07-11 03:50:16,2017-07-11 18:07:39,2017-07-21 17:26:42,2017-08-10,4dc0f328fa8532ce16c0a579e8287c8c,2017-07-07
198f0c6f61edd39b202f7ca9091f1ece,6995cb3bb43e00de50cdc447cea8cd74,delivered,2018-08-10 14:53:51,2018-08-10 15:05:18,2018-08-15 10:33:00,2018-08-20 22:57:51,2018-08-29,c0c869602b4783a319371776fb881952,2018-08-10
42c2a157693d131ba7b7a4388ff9c21e,d374fb73810313335ae41f1e4cebe22c,delivered,2018-06-27 16:40:01,2018-06-27 16:55:20,2018-07-03 05:28:00,2018-07-06 13:58:53,2018-07-27,0bb01b1fe42dbcb719d797e58840d4c9,2018-06-27
6bd3f20d0cd7f8585d0dc4056646ced9,d475c4d0fc60512dd6c566c7d676d6fe,delivered,2018-04-20 10:12:56,2018-04-20 10:33:15,2018-04-20 19:42:05,2018-04-30 13:44:42,2018-05-15,57891d78c9719631904e120bfc32e64a,2018-04-20
361b25aadc736b36d30d7ecb84117c31,1b2eee54eeb59382525787aeb6329bb5,delivered,2018-06-03 21:19:21,2018-06-03 21:30:10,2018-06-05 10:15:00,2018-06-23 11:26:41,2018-07-16,19e3b626c754ed95344391cb6dcbb20b,2018-06-03
a9bfa6ed984d0688f6e53d537d9f69b0,2e086d3b6cceaa2d572fd61882927b96,canceled,2017-07-26 17:06:02,2017-07-28 08:35:36,,,2017-08-08,5dfefe306589a5fced96030b0028b5e7,2017-07-26
464fa85d33903ce6bbc98bc18223dfe2,826b728b12e365d25f6bc3cdf741ee8a,delivered,2018-06-11 17:16:10,2018-06-11 17:40:36,2018-06-13 12:33:00,2018-06-18 14:39:00,2018-07-04,bc78714cd38d3fa7ea02300180c86b18,2018-06-11
dcaeb1396857c15c0cba7456fb469c3e,84e06b0b8018523fa9dc798e10d9a1bd,delivered,2017-11-13 12:07:07,2017-11-14 03:46:32,2017-11-14 19:53:08,2017-11-20 17:14:50,2017-12-05,c9bcd3bb05c8a869930059aa5f2c2893,2017-11-13
613d338b0c2fb3b1dd0a73d6f3bfbdcc,b21a7906cbe11eb7501347233fa7bc7a,delivered,2018-01-09 14:39:23,2018-01-09 14:51:37,2018-01-10 18:42:35,2018-01-18 22:09:11,2018-02-02,d1541e53e28ec66ee0059fb085628f0b,2018-01-09
0f72cb4b59a055ff45e334ecfe7cfee1,ae3ce308f85e15bf567f0c3f7ed0c1cb,delivered,2017-10-25 23:38:10,2017-10-26 02:33:04,2017-10-26 18:58:01,2017-10-27 19:45:54,2017-11-13,522d64353abb62bb8cfba2f9a72acc15,2017-10-25
f809dbd06c5d2816ae17cae070339ed6,7c629fbcb45f2b7dddac145b8de1ef9e,delivered,2018-06-13 06:52:35,2018-06-13 07:13:07,2018-06-14 13:39:00,2018-06-29 17:09:06,2018-07-16,4e5bb34c6f41d0b5b812615c662eea68,2018-06-13
3c2cc795eaa5a2e2781b13d50f54ce11,ef1a32b28d9f91c5bb5d9e090988cc46,delivered,2018-02-05 01:24:27,2018-02-05 01:35:24,2018-02-06 14:53:44,2018-03-01 23:59:26,2018-03-09,d74b3aa80546c721e4fe98f822d47766,2018-02-05
67ac603e90054a9d303d24bd48fecaa5,ef1eff472a8b759da492a2c060b23273,delivered,2017-10-27 19:27:58,2017-10-27 19:46:27,2017-10-31 21:03:02,2017-11-14 21:58:37,2017-11-24,7260b6c83db010ef2383289f0b3d5a4e,2017-10-27
b75a194685421be6ebb7b18c2ec9faa3,63a1b05b88005f6b669c49572da62f6f,delivered,2017-11-06 14:37:30,2017-11-06 22:36:24,2017-11-21 17:22:26,2017-11-28 22:39:03,2017-12-07,7d6aacf8eb406bd16f8cca2be7163c75,2017-11-06
8c53283eca3bc0e603a48f2b8725e96f,460137bbe214bff87bb79f1c0aa1de66,delivered,2017-02-18 15:41:49,2017-02-18 16:20:15,2017-02-21 12:41:37,2017-03-01 15:17:40,2017-03-17,c62ccb7adc9ea2a094c7c8eabb03442d,2017-02-18
3cf387bb14e9db171ccbb9b87ea607bb,0b240c246a1a3eceb71f40a707cc23c9,delivered,2018-02-27 10:55:42,2018-02-27 11:09:53,2018-03-12 18:18:29,2018-03-19 19:44:44,2018-03-23,b2bd387fdc3cf05931f0f897d607dc88,2018-02-27
12b565379c9d4cf9752858a558325014,633429bf89b9c39b4269ebe8936f16e7,delivered,2018-03-07 13:35:47,2018-03-07 13:48:09,2018-03-13 23:17:39,2018-03-21 01:07:45,2018-04-09,a9c43edf4228fb6aeaf6bbfd569b40fc,2018-03-07
9c97b6fd565f95265f18684e83c99bd3,dd563e74bbb43d435ebd0628fcb42852,delivered,2018-02-08 14:00:52,2018-02-09 18:50:33,2018-02-14 15:48:39,2018-02-27 20:28:49,2018-03-06,65f4134d6895b82c9eae37bee5a6dbfe,2018-02-08
0f7f5047fb2535359f03240b1697085a,5890deddf0b6b96d8efbe6e96f0cdc88,delivered,2017-10-23 09:45:35,2017-10-23 09:56:23,2017-10-25 21:47:28,2017-10-30 22:07:56,2017-11-10,911f180847870538ba897cc7a8c8ba3a,2017-10-23
0a0cda0a8f1fac8330c16b7a8b38bfb8,bb0ca8e854a4a269f7d18895837927f7,delivered,2018-03-07 17:51:50,2018-03-07 18:10:17,2018-03-08 20:16:19,2018-03-22 14:04:09,2018-03-29,9a365fe0fef7cd6ba1773ae9efaecc90,2018-03-07
4543bf01c903f993fb532fcd4e147267,901deca092d5979cdeb993afc23792d4,delivered,2018-04-09 10:01:08,2018-04-10 09:55:16,2018-04-11 18:51:04,2018-04-23 23:46:33,2018-05-03,1175f47bac2fdec1a5118de2336ea9f8,2018-04-09
dca570055f40d024d88a2d48de7e502e,b543260a569103c1b2001040989d1dae,delivered,2017-11-11 08:32:06,2017-11-14 04:10:36,2017-11-14 17:02:25,2017-11-20 19:31:35,2017-12-08,33796bd45aa1db66cc99959662bdd2b7,2017-11-11
4391a26ed0c1a51aab108f63313c0b28,0779a3ea937f2e3faf95a21494a9a917,delivered,2018-03-05 10:57:07,2018-03-05 11:15:45,2018-03-07 21:54:34,2018-03-21 16:53:06,2018-03-26,5313df9ed1227de4e30151bb156e2610,2018-03-05
caf10b4f81696bae84a2448c0767b3b0,b63c9cfc5dcb06ed307ca95957fa216c,delivered,2018-01-11 10:56:15,2018-01-11 11:09:12,2018-01-13 01:13:05,2018-01-16 19:07:03,2018-01-26,3e43e6105506432c953e165fb2acf44c,2018-01-11
9b11f3c4f8e84ce1374d64914b6a00b0,a9c0084d26d27e5606169d2ba260bba3,delivered,2017-05-05 21:07:46,2017-05-05 21:22:22,2017-05-08 11:44:14,2017-05-13 11:21:59,2017-05-30,6b6b30db002f73fa32a4bb6cbfe09c46,2017-05-05
ec02fec9423ae39b2f91ff964bdfd87c,3c25754d740689baf315fde841fe8062,delivered,2018-05-17 16:35:33,2018-05-17 23:33:34,2018-05-18 14:31:00,2018-05-21 20:19:53,2018-05-30,f4ffa053a9a1db666a87c39fbe416967,2018-05-17
1f06e0b20a4b5a839950bf1f9f779957,b3e20bc2f01a785db7cf2ca23a0929fd,delivered,2018-08-04 21:52:27,2018-08-04 22:05:09,2018-08-06 14:21:00,2018-08-09 14:57:52,2018-08-16,9882ddc80cf0ed9be3b9a7dada8e86f0,2018-08-04
07bf5c685616f41e3e2ec06b6f5623ff,8ba0d90bb352406b0005d8c54ddb93c6,delivered,2018-02-26 09:47:20,2018-02-26 10:11:15,2018-03-08 22:01:33,2018-03-23 02:22:04,2018-03-23,a24a1ac9e49af38ed765a53a4bdfc35c,2018-02-26
09af242285bcc7d2f8b12ce33dcfcb7f,64a097bd5b5ee7b766f29547a2bfdc40,delivered,2018-01-12 22:17:04,2018-01-12 22:28:24,2018-01-17 22:35:56,2018-01-29 21:42:25,2018-02-16,a0a973b1dbdc92ffb460f815ce8ab1a8,2018-01-12
8a5631237c1d8626971f2867b25c076e,3e6ed5c2c1fc1db541037c7d9577d675,delivered,2017-05-11 14:52:11,2017-05-12 15:02:41,2017-05-15 13:58:22,2017-05-23 11:47:56,2017-05-31,e13c03e7d1790e68bd486fe323b0a0ce,2017-05-11
0a65a87966cf47b05a559b462c8754dc,d5474fd02ad681bd3aa0e1f62b962b4f,delivered,2018-05-30 11:19:02,2018-05-31 03:15:24,2018-06-04 15:31:00,2018-06-05 12:52:09,2018-06-25,ea8e4d814bb3d28eacedaff2a87fa0f9,2018-05-30
4cecffb90b6d7da8034c59c80ac60086,dc32f9add7f63d48c4cd2b6956e55380,delivered,2017-11-16 15:50:27,2017-11-16 16:09:20,2017-11-17 17:22:47,2017-11-24 18:54:24,2017-12-13,3154c6d767bab7455f634f16e74c5631,2017-11-16
d233c4818e81c8e59a0b974210ae88a7,972baecb256cb559fa77c35e421c39b1,processing,2017-09-26 13:02:12,2017-09-27 03:05:58,,,2017-10-31,1da82dc1b531a87f0c120185f3c87505,2017-09-26
f77a966a5b4d9d5e7bbf4f70d3d57a65,30d7816f8e28564779e017bebac41d39,delivered,2017-03-29 20:17:57,2017-03-31 10:25:21,2017-04-03 16:39:56,2017-04-07 12:56:17,2017-04-18,8af69b53b10f08a3f988f2430850691e,2017-03-29
f23a386d7f29aef06a450737a8239bc2,d1be6810c65bfd8455ceeccc8bb97706,delivered,2018-05-20 13:26:29,2018-05-20 13:50:12,2018-05-22 07:07:00,2018-05-24 15:58:39,2018-06-06,5f627d7edb230630e6e2f3f6c1eb135d,2018-05-20
839b7051ec3965f51479de677b695b59,d84969f52347f5ec46c190faf18437b3,delivered,2018-04-21 16:00:29,2018-04-24 17:56:09,2018-04-23 23:32:59,2018-04-24 23:48:51,2018-05-10,a4509269e74316a4e650ec62a21b6e79,2018-04-21
9b154f568f003a7bb924121e0f6bec40,8ccafc03ea8240cdbb0e0ad195be5411,delivered,2018-05-27 18:47:10,2018-05-27 18:55:20,2018-05-28 10:01:00,2018-06-14 16:52:37,2018-06-29,4fe1afe016403852b0236ed358bb62ef,2018-05-27
51274dc531d06d31c1e36aeadd41bc05,c1082c577614757615b849f2e56471e0,delivered,2017-11-25 01:52:27,2017-11-25 04:14:29,2017-11-28 00:52:33,2017-12-07 01:12:55,2018-01-10,ec1b415b2efff21bc2a58c9a3b33bff1,2017-11-25
cea2fe1d50aefdd1f048eb16503e32b0,5e7c18a22bb8127eb99cafacc1801bfa,delivered,2017-09-29 18:57:45,2017-09-29 19:07:14,2017-10-02 19:38:53,2017-10-06 20:46:49,2017-10-30,36589c83fef213428ac3c0c9bffea47a,2017-09-29
cd95c47ac16f038d3b47edbcf984d942,06a2aad63bd0acb89e39ea3c8dd8263a,delivered,2018-08-20 22:32:41,2018-08-20 22:49:49,2018-08-21 13:10:00,2018-08-27 14:39:42,2018-09-05,493dff97ffc4fe0910d5b0afb92ee48c,2018-08-20
17af4418ba1023eaf47d0b84ad656c42,11db63d961c182ad4528247f61bf42e1,delivered,2018-01-10 13:41:59,2018-01-11 02:36:18,2018-01-19 19:48:49,2018-01-25 15:38:47,2018-02-08,c618c71b02501af3c69315f552b53541,2018-01-10
d6000a48fcae57594e206e24ad3db5a8,1ce20bce5f8cdbc2f8b32dac98b7ac39,delivered,2017-06-24 11:43:21,2017-06-24 12:37:32,2017-06-28 13:24:57,2017-06-30 11:46:38,2017-07-18,5d4b27250cbdcd036ea85e2f9eaea886,2017-06-24
615cc334a44e9fdc646ece2bd6de2c26,b5d86378a4bb9da33e1b66f4100ec9dd,delivered,2018-04-22 13:54:12,2018-04-24 19:09:30,2018-04-26 14:46:00,2018-04-27 23:40:51,2018-05-09,a9b324825bf5f625301e6749d6c25285,2018-04-22
61f3f649c1807a50b9bc39838901a844,d65e28d2294fbbb0478399253357ed8c,delivered,2017-05-03 11:39:00,2017-05-05 02:25:10,2017-05-10 09:17:01,2017-05-16 11:03:35,2017-05-31,ec4cd7ddaf4428edd57382c05e46c2e9,2017-05-03
745ec59acda70b8a8aa10a28f36b50f2,d151c22c0b3a96aa714ede5e3e0320bd,delivered,2017-05-28 14:45:44,2017-05-28 15:01:55,2017-05-29 10:02:25,2017-06-06 08:41:29,2017-07-05,233423d446a8a2b2a214ac91bc7d8db0,2017-05-28
09684ae9062cccfa9bbd158453857401,d5774716ffceb3b77efa1c03fefb022b,delivered,2017-12-29 15:31:57,2017-12-29 16:07:53,2018-01-02 20:02:49,2018-01-12 21:23:22,2018-02-05,72d4eb493e9e08db29aa3337bc72f145,2017-12-29
0eae0f41c21b51e8e0cac72a9548c7fe,75266ba4029d4d8598177c7a906e952a,delivered,2017-11-24 09:33:15,2017-11-25 04:55:15,2017-11-28 17:13:40,2017-11-30 03:54:30,2017-12-11,1cfc2f4939128883b9b9ec8b0a0c8d13,2017-11-24
3cc9d5a300b1d161dc58ab94a27f4875,f4c30b52f5f21b8c73247a7bea771aa1,delivered,2018-03-23 06:15:20,2018-03-24 11:32:23,2018-04-03 17:10:51,2018-04-10 20:24:38,2018-04-17,80b50796d1c119ab50f6e61f87460dc3,2018-03-23
96579b3ca52d82b041b4fc2be5ffb7a9,aca07363faae329c661a78cde67fa9c7,delivered,2018-01-10 08:27:45,2018-01-10 10:31:50,2018-01-11 14:21:51,2018-01-15 18:06:20,2018-02-05,071fb07419a29c8ba143831082e0320a,2018-01-10
2c4332bcf4179d16ad05541d8ddb7f58,457aeeec2a336c2fb6d7d4c8b28e621c,delivered,2018-05-21 12:30:23,2018-05-21 15:31:51,2018-05-22 12:26:00,2018-06-08 11:40:59,2018-06-12,19cdac8d1beeb62a2a4e952a699caafa,2018-05-21
0573f95b59b51f2d7d98d882d64e05dd,996c755332451ffc8970c79ee2139dfc,delivered,2017-10-18 21:51:05,2017-10-18 23:28:18,2017-10-19 15:44:57,2017-10-27 23:17:57,2017-11-09,57600ac0fe5d60235720f09d0f62b367,2017-10-18
810ea3f99fb113258f0ddba1e22288a8,07b76545955bb12bf63e6e5cfcaf60b5,delivered,2018-03-20 16:37:51,2018-03-21 02:56:21,2018-03-21 18:34:49,2018-04-06 01:08:57,2018-04-17,0d6d5782844518d5ee8c0156ac69dee2,2018-03-20
538f56b420aef05904848cded0109e02,ff8b10ae20558c8201652e505e41b0fb,delivered,2017-05-29 12:53:04,2017-05-30 04:15:18,2017-05-30 10:35:24,2017-06-07 16:00:12,2017-06-23,38439e0b07004e600a7c2091896b08e4,2017-05-29
60e973e2a18fd001d175e5bdd83a2e2f,b58fbf23126951dc9923dac0a51e0dbe,delivered,2018-04-20 17:07:28,2018-04-24 18:13:25,2018-04-24 18:18:39,2018-04-27 18:58:40,2018-05-17,edc493657ce8b408fc6c5fb6b3f51233,2018-04-20
32fdcc586467aa637465758e27c36f6c,f9db12713a1ee58b8ecbfef4943a95d6,delivered,2017-08-13 14:22:44,2017-08-15 03:50:21,2017-08-16 17:04:38,2017-08-29 18:05:18,2017-09-11,e8fee231a8a4901e2b0b5a2324eb1405,2017-08-13
eed8debf59615c453bc1ebeccc519bb1,1911d37a93b5c3c8769f3d5927818bdd,delivered,2017-10-26 21:13:54,2017-10-26 21:26:37,2017-10-27 17:04:02,2017-11-07 18:52:14,2017-11-23,fdccdc693fc3f7b6f9484e2e1218bbbe,2017-10-26
31db4f9c6c262ac89aab6f7e4c9014e7,533a802ab85028e2ac3771bab3920e8c,delivered,2018-04-05 16:09:49,2018-04-06 16:10:42,2018-04-10 17:16:51,2018-05-01 18:27:19,2018-05-14,07826999f928c777522ebd9ed5879077,2018-04-05
8fb7236f391b9205b932db6f239478c0,40e6102abbae17bcfd69cd6feaedf315,delivered,2017-11-27 23:25:48,2017-11-27 23:39:22,2017-11-28 23:18:54,2017-12-07 17:33:45,2017-12-19,971f7a951aedb20372d7db7bbac66ad5,2017-11-27
3311cd7f364b477a3538e0f96acc9403,18977eef0afd3c5025c50cfeaaf1dd2b,delivered,2017-10-13 15:12:15,2017-10-13 15:49:33,2017-10-23 19:36:00,2017-10-31 22:46:56,2017-11-09,95b5107bc4be1fd1806477bdd3ebc58e,2017-10-13
6ee1c0ae2850fce0967f050c82d6a532,34be6f90979b8a6c6b881e48bde327cf,delivered,2018-08-20 07:07:54,2018-08-20 14:11:08,2018-08-22 14:16:00,2018-08-23 22:18:52,2018-08-23,70481e5045803ff63220a0dd09cb6aa5,2018-08-20
0667c8670e40ad2783c71d45ceb361e0,2d0fe5ffb462d2ee79285cb1d75e8fbf,unavailable,2017-08-27 20:25:18,2017-08-27 20:35:20,,,2017-09-20,a43665ec9c4db99597f04984a193e5ed,2017-08-27
d61bffbc774423716f28903a5df2c4f8,5e9470d01097fbbc867ba33e2951da37,delivered,2017-11-27 14:05:17,2017-11-29 13:58:35,2017-11-30 23:16:36,2017-12-26 15:59:38,2017-12-19,435e0f5b9e706912fab53c29a8b08d96,2017-11-27
e77b2b3ed9f949ad731cb0cc10a59000,0841a3b87693f387daef11ec89e33d8a,delivered,2017-06-17 21:21:25,2017-06-17 21:30:15,2017-06-19 21:22:13,2017-06-28 15:51:54,2017-07-11,e338991481507dcf5a1a7eeb72cf256b,2017-06-17
776a4baf188ac5bceac98950a0c2d0e6,9b346222f99aa5a395b40a266e38a0c5,delivered,2018-06-27 14:28:06,2018-06-27 14:51:50,2018-06-28 11:47:00,2018-06-29 20:03:59,2018-07-12,417231f77913628ff188d489d6b5f9ad,2018-06-27
8b9563eca3fcbc37caa2455d0dadc3bb,214218d25a570354c72674ee539a0857,delivered,2017-11-23 13:34:10,2017-11-24 03:10:56,2017-11-27 17:57:39,2017-12-21 12:35:31,2017-12-21,7e546e83656dd4c1c2cdd1dfd0d31344,2017-11-23
bd385d0011b10c0d7aefa73aae6ef935,93ec087aae32d7db63b1b561a2b6177f,delivered,2017-11-18 10:38:05,2017-11-18 10:50:58,2017-11-23 00:08:34,2017-11-27 20:38:43,2017-12-07,7c7e42439be013ae3b45fa1df00f3cbe,2017-11-18
edce2b8ca0cd95e95e9fdd2367beb2e3,ff7920f10be4fe1845f0f029ec67bb9f,delivered,2018-02-25 23:44:16,2018-02-27 04:31:06,2018-02-27 17:20:07,2018-03-14 16:52:07,2018-03-26,39afbf6a74f327b36e94ba08376a6029,2018-02-25
ac96b69cd0b0e6bd885693f7d6038d6a,a6f1d9dcacb3094e9a84a0c40a26ce0c,delivered,2018-05-13 09:28:31,2018-05-13 09:53:02,2018-05-14 10:35:00,2018-05-17 11:52:06,2018-05-30,0d6231b71ec1ebd677d2b7b477ce169d,2018-05-13
4294e241abc5a583ac06ee97d557745f,87a887e1089dce0c7fed596e76039b27,delivered,2018-03-04 16:29:24,2018-03-04 16:48:33,2018-03-08 21:09:35,2018-03-20 21:58:29,2018-04-02,4c361654a23779dba6d245db2f2bc69b,2018-03-04
638a540852799faabe1c7c5647646c4e,32e23352f904da0c1128c0e9cf4ee89e,delivered,2017-04-28 12:11:11,2017-04-28 13:04:29,2017-05-03 11:11:29,2017-05-12 14:14:39,2017-05-24,8ce3714ee30c8b88daca6139ad938de4,2017-04-28
333f779291304a442b0a2ed6bc14a021,615f225101ea99ece61b5912b103f5b0,delivered,2018-03-23 13:42:50,2018-03-24 02:28:47,2018-03-27 00:14:42,2018-04-09 14:26:47,2018-04-13,a614d6cd250ade7d6b123595d723f59b,2018-03-23
8b903d86c7982e5c63625f062c56f854,121367934eaca87a7368689b0b45d96c,delivered,2017-07-14 15:16:46,2017-07-14 15:30:10,2017-07-17 19:43:32,2017-07-19 16:39:48,2017-07-27,9dd8312389efdafe80410fca099de07e,2017-07-14
38a747fb2e7915ca7157237088020cf1,142fe8eada241df2f071e978e6dbc04c,delivered,2017-08-04 20:24:13,2017-08-04 20:43:41,2017-08-07 18:04:00,2017-08-08 20:56:59,2017-08-17,8f966cbad592741f380ef7b2e2ab564d,2017-08-04
a8f1a0a4af9a038ba340364a741a602a,607d0000aa9de05c99eb26ea53c69011,delivered,2017-02-24 17:07:05,2017-02-24 17:22:10,2017-03-02 06:57:29,2017-03-13 14:45:15,2017-03-24,07e5b497e5fbf9b05e586baa73f8a3c7,2017-02-24
030aeef4719e9d33e0c39bd00a9a14be,b33f0975ea69aae6fac18326ac5bfb0b,delivered,2017-06-30 19:24:36,2017-07-01 19:35:09,2017-07-03 14:59:32,2017-07-18 14:12:02,2017-07-13,abbc8cf2f41e400436f55ee76de5ffff,2017-06-30
a2fa7df5807485a55ac3b93295170f35,34a27b0068e9e77d116bb342e7daab63,delivered,2018-01-27 13:53:29,2018-01-27 14:12:49,2018-02-01 00:35:02,2018-02-14 16:49:01,2018-03-01,b08b2191755ffe5b69cee14da7a155c2,2018-01-27
d79c78890576be22b52f51017414f3ca,681bb5b35f14531ea87a864968eef187,delivered,2017-12-10 22:01:40,2017-12-12 22:10:50,2017-12-15 20:48:38,2017-12-17 20:04:31,2017-12-29,4404b15fdbd975bbc93d2663641a2225,2017-12-10
ba7517020cc8cdda51bffbd30bb1b781,ff9fb29b08ea8f4564e23dac02a225fa,delivered,2018-07-03 12:58:14,2018-07-05 16:21:27,2018-07-04 14:50:00,2018-07-07 14:51:01,2018-07-25,dbfe23b029b26c3efa13eb1fe97a8c60,2018-07-03
4969de35fd774f0dc8cdb13b069135df,830ec88fee7a04e5a14260822c2c701f,delivered,2017-11-24 12:47:51,2017-11-24 14:57:37,2017-11-28 19:27:06,2017-12-06 22:52:29,2017-12-15,dfc218e598a5a22cb02a24e5aca66f9e,2017-11-24
e3ec20444467431fabc412069b7b02de,29591e42655ce3a50d2631996ad7ba43,delivered,2018-03-23 07:25:06,2018-03-23 07:35:35,2018-03-27 01:32:52,2018-04-09 15:17:37,2018-04-13,98b651ba862f31408e2482ca6405d558,2018-03-23
328f1e996c8251549a0e319d7eaa0f31,2812716875f56d7c667d9a82f4b77d72,delivered,2017-11-08 21:26:09,2017-11-08 21:46:24,2017-11-09 14:58:26,2017-11-17 11:46:56,2017-11-22,1cefd0f4bd73d31db705295737c02e2f,2017-11-08
c6f49a15fe46f3d10b7fb0ad871f8ba3,27491faf06df356047e13ee27b0f2cd7,delivered,2018-03-21 08:39:51,2018-03-21 08:50:32,2018-03-22 20:49:39,2018-03-29 21:16:43,2018-04-09,303a7465648753d464603f5023864b1d,2018-03-21
bfa10a79da20194eb33afb833020e3eb,f5e85d85dbeb2debc1f3823cfce633c1,delivered,2017-09-06 12:18:55,2017-09-06 12:30:14,2017-09-08 19:21:53,2017-09-15 21:27:52,2017-09-29,de1b7bc73693b558e505ad4099639843,2017-09-06
12e4fbad3ebed6412967a3fd5818c456,351cc738149ae51cf174497c31325788,delivered,2018-06-13 11:43:43,2018-06-13 12:32:39,2018-06-13 11:43:00,2018-06-22 21:32:34,2018-07-18,47f17415b0d959f64f36ca95030586a4,2018-06-13
89126186f0b78662f15170c9e65ee9bb,cd3d0bb78975094b490171b65bca8c64,delivered,2018-02-14 19:09:14,2018-02-14 19:28:16,2018-02-21 18:39:03,2018-03-15 01:06:49,2018-03-19,14a97e01ec1bb2f553b2bcdc510744c9,2018-02-14
dce45bc65432c8a78cbd021460178145,166cb796fb9a2d5c5ce8bede811f3839,delivered,2018-02-15 10:19:55,2018-02-16 07:51:01,2018-02-19 19:42:14,2018-02-28 14:49:22,2018-03-13,d72a0b0a95a97197efb0d0d20978f6cc,2018-02-15
29fafeedea8220ed8162dcafe8a89483,574e7fc4efc2ba7caa7c4a006633f6bd,delivered,2018-07-26 22:34:04,2018-07-26 23:04:17,2018-07-27 14:24:00,2018-08-02 22:58:50,2018-08-15,79f2ca53ceab5f50327effb3f4c25a5b,2018-07-26
b2da70916ed4e4cde3df9e1381154631,3031f51fc039076cb3843d4eca6a6fc6,delivered,2017-12-19 16:18:24,2017-12-19 17:19:22,2017-12-20 20:09:52,2017-12-27 21:17:25,2018-01-19,32b4e04212809329a3e5aa947d67df8d,2017-12-19
ec34ce0f06a9a35ebf0f0496d595bc84,d3cafb429363e1c6b3a3af369e31728a,delivered,2018-03-05 19:13:59,2018-03-05 19:28:32,2018-03-07 19:15:05,2018-04-09 18:47:34,2018-03-29,7f7126b230207b8c24086dfb5f408ec3,2018-03-05
82fae4d3818a5f80851df0cc8c94aa7e,e36e321d6221a2d35b686a0ae10b4323,delivered,2018-01-16 20:27:37,2018-01-16 20:38:26,2018-01-18 20:58:45,2018-01-26 12:06:58,2018-02-09,72eea0b98d06729e6d5f824b1b076d13,2018-01-16
727732b8eb487f1ff4dbd15c610f994e,daf581655538cc0774648e29c1361163,delivered,2017-07-17 03:37:39,2017-07-17 03:50:10,2017-07-17 15:27:27,2017-07-27 19:27:47,2017-08-10,974148f722b785f187ae13ec0040abcf,2017-07-17
f28950936ddcde93718b2be1097aed84,178d193e007371f993f6b1d3442a6519,delivered,2018-01-11 08:46:14,2018-01-11 08:56:24,2018-01-26 17:32:57,2018-02-01 01:34:47,2018-02-15,87a87f4d218f1fdb8fe201963078b576,2018-01-11
8a321ac5f4ec102c87791bd745cb3fbf,8779b7cd60feec38f2186e9ebab8b034,delivered,2018-01-14 22:38:49,2018-01-14 22:49:39,2018-01-15 22:29:42,2018-01-17 21:54:48,2018-01-30,859918f05acd584f17b048fcbefa85c3,2018-01-14
e2faa52f99b7893fb663270530caf2fc,f1d3bd4e6b8c7df24fef98121bd8710d,delivered,2017-06-01 01:02:27,2017-06-01 01:42:28,2017-06-05 13:05:04,2017-06-07 15:27:29,2017-06-22,04601940a8e4d9e3290ed0b82f3e318e,2017-06-01
0744f9056deb109779f1b309822c0d02,51485e00d58dd4f20f248c9b33d6b70f,delivered,2017-11-01 22:42:19,2017-11-01 22:55:30,2017-11-03 14:26:54,2017-11-09 20:22:17,2017-11-29,325c0de20cb6d263ccb0d4b4ccd0bf83,2017-11-01
752fa58357e17806a310c0739bf909fb,7d88070a629d7cb6d17074ff91e68503,delivered,2018-06-17 21:17:28,2018-06-17 21:37:59,2018-06-18 13:35:00,2018-07-04 14:03:10,2018-07-24,d2c30c00f9787faf7349ea558c153613,2018-06-17
c69e067f9b64eea56517834d123baf0e,ba5bcfbc3a5e2dfa78d63431c45c9f27,delivered,2018-02-22 17:35:01,2018-02-22 17:55:25,2018-02-27 17:20:01,2018-03-07 22:28:30,2018-03-16,0439cc7d06009c57579b7d91fd979b3b,2018-02-22
db7a9e1d2cbac54cc7ead44f1ae8535c,3eda5c7e6340baf62f38dec00856a877,delivered,2018-02-16 16:32:47,2018-02-16 16:46:57,2018-02-19 18:29:11,2018-02-20 19:45:03,2018-03-05,fcecfb187df6e865659cfdc0620b06af,2018-02-16
bd6bb458a1a35cbd726f2e1748e7d21f,76827597c27d661660fd432bd51d9f2c,delivered,2017-04-17 11:43:12,2017-04-18 04:02:21,2017-04-27 16:53:59,2017-05-09 17:55:05,2017-05-17,8524ee11b088629f32d03cddc64added,2017-04-17
dcd7bf0e4548b5a99e81cca7a7160042,b30192224acb66749e127b1e0c733d0f,delivered,2017-07-24 08:31:39,2017-07-25 12:24:09,2017-07-27 17:14:56,2017-08-08 18:38:45,2017-08-18,c25d2fb6d22e04ce43c3652e3cacadad,2017-07-24
c44fcdcfefce1eafc0ca64ca3d6af678,4f1aa01aae297b7aeef876fecdedd3db,delivered,2018-02-02 14:50:36,2018-02-02 15:18:03,2018-02-03 00:42:27,2018-02-08 18:22:26,2018-02-22,721456720e9daf276cf059935b7ce096,2018-02-02
37e0ffe09382d012cc039562b646689a,700d485889431792d24c8e2d506a1ebb,delivered,2018-01-22 23:58:22,2018-01-23 00:15:16,2018-01-25 14:52:50,2018-01-31 20:23:46,2018-02-14,471774533790e9e337b0a5bef4824d88,2018-01-22
1bc3ce28b0a3f83481e648fb1881e44b,938c5492656668efe07932ca08db10ec,delivered,2017-03-24 21:59:56,2017-03-24 22:10:09,2017-03-27 10:20:05,2017-03-30 15:27:57,2017-04-20,2fc84002acde07582930c5894670dbd8,2017-03-24
3724d3f2c0cf415269a35992df297fac,77a0678c369e67b6a44651440e613ca8,delivered,2017-09-19 23:24:10,2017-09-19 23:35:22,2017-09-22 19:07:38,2017-09-28 20:55:14,2017-10-17,a96888bea5fba629cd0a753d8b0e952f,2017-09-19
26691a6d8902f95be91e566557db80aa,f1ecdbb729138bb75de8fe1fdf213254,delivered,2018-08-02 13:46:32,2018-08-02 14:04:16,2018-08-06 13:29:00,2018-08-09 16:41:47,2018-08-10,7030ae6cfcef24316923c5f1395ca60b,2018-08-02
2c13bb8f7c76a004da31e89b0b06d9af,1e2968f158c10197bda882f5be736e2d,delivered,2017-08-04 10:33:37,2017-08-08 04:23:57,2017-08-14 13:57:51,2017-08-22 17:37:36,2017-08-28,aac7886e3b08758ecab2f7aa5acaa812,2017-08-04
56805b4cf0ebc9cd9f7619783cae47e3,2fb783fec30b74ec5fa605a8ec007357,delivered,2018-07-19 09:52:22,2018-07-19 10:05:12,2018-07-23 11:35:00,2018-07-26 20:41:22,2018-08-10,d204aea57ab3d0b1a3dbdebcadf20b26,2018-07-19
e2b075864104d008c831b5c105a76608,5509ac302e3aabe10b2bd4a9e5d10675,delivered,2018-01-16 21:49:54,2018-01-18 02:11:40,2018-01-19 01:33:31,2018-01-30 17:18:53,2018-02-15,f3ce6ac02e42f97468bbcb5023923566,2018-01-16
35c59a35853cb88d8209641947d505d7,e9155190b15b9ba34f65a95131cbc7b6,delivered,2018-04-05 16:50:22,2018-04-05 17:09:50,2018-04-07 01:48:07,2018-04-24 23:23:00,2018-05-07,64af76ab0a3c046821554e75bb5420a3,2018-04-05
87535fa56878c9268e33726aa9085de4,27243f64062caa718113a903c15e854c,delivered,2017-08-08 11:03:13,2017-08-08 11:15:08,2017-08-12 10:48:51,2017-08-21 17:24:37,2017-09-06,fab16ba9cc675bf7000798c5367beb17,2017-08-08
7ab3f019887a8ff74dfcc7fd1d1d51f9,62eca15985571878b8fe17b3b07e83ae,delivered,2018-03-09 19:01:10,2018-03-13 04:15:50,2018-03-13 17:49:44,2018-04-05 18:14:59,2018-04-16,5cb6e8fa430a87dc6ae47699a661d870,2018-03-09
b23878b3e8eb4d25a158f57d96331b18,648121b599d98c420ef93f6135f8c80c,delivered,2017-05-27 19:20:24,2017-05-27 19:35:17,2017-05-29 04:49:37,2017-06-07 08:53:10,2017-06-29,9077449283dc1319d5e51fb3159b28e2,2017-05-27
fd4a7190606c77ffa23d74c44119d191,ec0410d8b538eeac93d523a1d9c16955,delivered,2018-04-25 06:15:16,2018-04-25 07:00:53,2018-05-03 15:12:00,2018-05-17 19:43:47,2018-05-29,1296b3cdebe2eaee178c8a6dc1218833,2018-04-25
a99f93323678f28e79a48b368cbbabd1,73236a0796f53d60d4530e30df0cef8d,delivered,2018-01-07 13:50:17,2018-01-07 14:07:01,2018-01-10 19:38:40,2018-01-11 21:15:32,2018-02-01,c77dde0ffa573d733a5afe93774246ec,2018-01-07
ebe70675ae793b444779a82a58b30e91,da49aa85426b211073305504a48cdb26,delivered,2017-08-06 16:47:20,2017-08-08 04:24:34,2017-08-09 16:54:11,2017-08-12 11:23:43,2017-08-30,8f12f030157bb64fad548e0c906034ed,2017-08-06
325c8590cc232d3faa8e49c293e7ea2c,fd7bd57164ba6a5dd0d9e6b9b92a67ec,delivered,2017-06-06 17:00:18,2017-06-06 17:50:21,2017-06-07 16:10:44,2017-06-09 14:27:40,2017-06-20,574e36a816bf7a295404e686062fc0de,2017-06-06
f8b9e2dd99eccea8ac036c6a02afafa0,49a4a6ad871b869b17d18093427d5fb6,delivered,2018-07-22 23:03:17,2018-07-23 12:31:41,2018-07-26 09:42:00,2018-08-02 18:10:53,2018-08-10,b12c8302f56bc7e93c98b5aef1125df6,2018-07-22
2736bf7aab22cee55c31e7fedc6e2a45,33769b3c776634c84e4db64526bb4b4a,delivered,2017-08-10 12:01:50,2017-08-11 04:26:28,2017-08-11 14:54:32,2017-08-21 22:16:50,2017-09-01,44e2edcc9cc30475f197feb052790e11,2017-08-10
97c400db1c80dfef436580bfdb07a181,2108cb2ccd6811d5118b77d19957b536,shipped,2018-03-19 22:33:16,2018-03-19 22:48:19,2018-03-21 20:05:34,,2018-04-10,00ca7e6a87ceddccce3ff015000be61b,2018-03-19
29d13613de8487345b1758b80b71a6ca,33582725a4904e1e970d0caafb0dd3c2,delivered,2018-06-09 16:15:40,2018-06-09 16:29:23,2018-06-11 15:50:00,2018-06-15 21:33:59,2018-06-21,b4aa11a60941491ceebe01eb044615da,2018-06-09
ebadd982d8263f974539943515e541d2,c2325ee9d69aac97898e27f66ecabcd8,delivered,2018-06-08 16:00:35,2018-06-08 19:31:06,2018-06-11 14:48:00,2018-06-12 17:33:10,2018-06-25,5d34c5d990604ee034b81e22d9c9353b,2018-06-08
a6423bdf695471b0589a7f4f94685168,606c835a5ed0e7f5c1917e3fd48d5615,delivered,2017-11-09 20:10:25,2017-11-11 02:50:26,2017-11-16 21:08:40,2017-11-24 19:56:49,2017-11-28,de7fcba8c4edbee9943f7a8edb6e9f5f,2017-11-09
4f8fb49bd955f713c79333a0a2d9da57,dde98f2e220592ae6068bb273ec5c11b,delivered,2017-12-26 11:50:49,2017-12-26 12:49:21,2017-12-27 17:54:43,2018-01-10 15:36:43,2018-02-01,99325e89ca142975a6bd39724ffcad5f,2017-12-26
6f41a6473f4122e2cdc762a8988a67f0,7d6686ade7e6f02b2f3945b36d902fa1,delivered,2017-09-07 17:09:13,2017-09-07 17:23:53,2017-09-08 18:27:54,2017-09-11 11:34:24,2017-09-20,455b49402053f170c64a3ae7fced73d4,2017-09-07
2383d9fafbf6a8af2c96b3ffd0c70280,d350ca4e34aea98186009fdbd7bba4ea,delivered,2018-02-25 19:55:36,2018-02-25 20:08:12,2018-02-27 18:09:41,2018-03-07 23:09:31,2018-03-20,d8683adc8e35f0e8147da1cf885baddf,2018-02-25
3a147797c76836e07f7e3754ac79741f,71dd64cb7e34702bcce7df3d1540bea5,delivered,2018-07-19 12:40:42,2018-07-19 12:50:15,2018-07-20 10:27:00,2018-07-25 15:32:24,2018-08-02,86f16370f49070fc7fa10532c8d50c9f,2018-07-19
75020ffff57f14ba95e2562980ae510f,8626b742980d50fcc8d6e699cc7720fd,unavailable,2017-09-19 17:40:29,2017-09-19 17:55:16,,,2017-10-11,d518cc1d514aaac9cc4459b5cf8891bd,2017-09-19
6d983186ed41c01b43e558f2d7a68010,06079613a06e0e5f7eb9bbeadd0d9de2,delivered,2017-12-07 09:02:01,2017-12-07 09:10:41,2017-12-07 21:07:31,2017-12-26 22:24:57,2018-01-09,02da8fcebd2647c0ed524014e68bc5ae,2017-12-07
a21ad1cc789ec5368666232433df4826,18f74e80a2e036258a58f1529b476f50,delivered,2017-11-24 22:48:54,2017-11-25 01:52:41,2017-11-29 17:25:55,2017-12-09 18:05:00,2017-12-14,697ff93787acf6c3bf84f58d88f41d7f,2017-11-24
5cdfba01ba3c4b8c6b31ac8573b2432f,eee89f96e3c018d7fcb143f8916e60eb,delivered,2018-06-20 11:16:03,2018-06-20 11:43:47,2018-06-20 14:50:00,2018-06-21 13:21:47,2018-07-03,98e6e17d886ced36216beebcbee0409a,2018-06-20
272f2c7a76c95a5f4bae0c236a21df6e,6d62379ed5ccc900be46d1f2da4ead92,delivered,2017-07-29 20:47:20,2017-07-29 21:03:27,2017-08-01 23:26:27,2017-08-10 18:32:41,2017-09-05,662f9f1869735a2c0ac0f2627d533fc0,2017-07-29
9048f1cdb0bbc082cc3bdd315f052bf3,4df72ed5240f354774615dbdecdf3d30,delivered,2018-04-27 21:12:00,2018-04-27 21:30:24,2018-04-30 15:00:00,2018-05-02 17:33:14,2018-05-11,274ba0b2bd0c833acb3646ddb36b1a03,2018-04-27
e61f67f0173c144d55e1386e2bce1686,145f7dc2715c0ae1b1cd74f05d4cbc93,delivered,2018-03-02 16:36:24,2018-03-02 16:50:31,2018-03-06 17:32:54,2018-03-08 12:11:31,2018-03-14,e789390d010fbf437d0242e9361609ae,2018-03-02
cbe22f8d51444e6cc27868a2ec81062e,dd3ecc2c18f356a45945ea903acc088c,delivered,2017-10-15 21:08:08,2017-10-16 21:14:31,2017-10-18 19:14:44,2017-11-03 17:33:35,2017-11-03,1f36efb7943a2b11386917315f16414a,2017-10-15
21cd0176d6da15971444fa43f4e02137,51096146766468b38dc9eaf200413dd7,delivered,2018-03-18 20:26:08,2018-03-18 20:47:55,2018-03-20 19:11:36,2018-03-22 22:18:30,2018-03-29,dc0556654f5f144771f6121157b46b24,2018-03-18
75badba50a0589b5831dcf59c25638d2,90110050bbad8e4a17d5fbf0152eb950,delivered,2018-03-29 10:43:43,2018-03-29 10:55:14,2018-04-05 01:48:46,2018-04-12 19:33:03,2018-04-17,1c2ecdd50629b899c61908ff3b4f1f5a,2018-03-29
fd2aee7994becefcf7b6dc6b6b9e7621,843d0c1ec89e577993907ee5d3c37969,delivered,2018-03-05 13:57:25,2018-03-05 14:10:24,2018-03-09 22:42:26,2018-03-23 21:05:56,2018-03-26,dfeeae009f230d66e18e029ca44e7181,2018-03-05
c33d4d6f164d581e80ca8b8b11bf45ae,b72250b3fe9705bd075b55d6d0c0ff85,delivered,2018-06-17 13:26:47,2018-06-18 12:02:09,2018-06-19 15:37:00,2018-06-21 22:41:50,2018-07-12,a4cf1b712d67ebba4ec2f4136458ed2d,2018-06-17
fe59965bfbf484aee4f2503efbd933d6,96a382945e9f743a47d2597c7802c431,delivered,2017-11-27 11:12:20,2017-11-29 11:10:55,2017-12-05 22:52:49,2017-12-18 14:17:21,2017-12-22,efa7866912c827c6bfbd48f2f5be3676,2017-11-27
429a6c4124bbd33e2d57830062724194,bd715a2f7e6082b95424725333c54a83,delivered,2018-07-17 08:35:58,2018-07-17 08:45:16,2018-07-17 13:28:00,2018-07-27 19:54:25,2018-08-03,7dfdb145bfeea8cb3f02bb77342664d9,2018-07-17
020aec76c43508e4214579c52c1133f4,d61274989a1013559fec1e4a020eeb0c,delivered,2018-06-25 22:45:30,2018-06-26 00:33:21,2018-06-26 14:02:00,2018-07-02 19:47:49,2018-07-25,9c5da89da1bac2267120ffb461ec86b9,2018-06-25
cc11801c1a3fe1bf0c3866b6890e8dfa,7b1c34e979e189e971f1b2a9a6925d0d,delivered,2017-10-10 10:33:23,2017-10-10 10:49:31,2017-10-11 16:46:44,2017-10-30 17:22:35,2017-11-07,c5ee21fd2264c327e330d32a0f17d6c7,2017-10-10
c67e5216a65692a116a99fa61da0294e,7f47a7d349a434260b82b105c1f189a9,delivered,2018-06-25 17:47:06,2018-06-26 04:59:20,2018-06-26 09:19:00,2018-07-03 23:52:22,2018-07-24,9838921bc5b781e7dea547c076b95a04,2018-06-25
9b948dcaaa76c166e78628262127e680,7fda42693a1eba46d81cdd45568968a7,delivered,2018-06-07 16:21:37,2018-06-07 16:41:45,2018-06-08 13:55:00,2018-06-13 15:44:52,2018-07-12,d7fa35aacfc594ff5bdc2fe7c2e18a41,2018-06-07
42ea71d8cae652692428a40a61e7d8e2,e1559e6600c5c302ad627aba318a76c4,delivered,2017-11-28 00:36:27,2017-11-28 01:31:28,2017-11-29 00:09:20,2017-12-01 22:18:28,2017-12-18,98a1523e42cdae0a7ef6281e4e3955b2,2017-11-28
9a3966c23190dbdbaabed08e8429c006,3be2c536886b2ea4668eced3a80dd0bb,delivered,2017-02-04 18:54:15,2017-02-04 19:22:25,2017-02-07 14:03:10,2017-02-09 13:37:54,2017-03-31,5e713be0853d8986528d7869a0811d2b,2017-02-04
156254aa58b87bb7bad0f9e82f9bd5f9,078ea5f10bc5c1fc06b34ee38c7ed24c,delivered,2018-02-01 12:23:32,2018-02-01 12:35:27,2018-02-02 15:32:33,2018-02-17 00:25:01,2018-03-02,4de1b8a190af808d50df62c07a75c2ec,2018-02-01
58886807e36e0914413be7ba2102692b,91e016899c1d91431bd46cc138f80d44,delivered,2017-04-05 21:25:08,2017-04-05 21:35:09,2017-04-07 16:27:53,2017-04-13 14:18:13,2017-04-28,60181ff1f0ba310ade3b69b14510acc4,2017-04-05
97e080a21be085e3e36d5f7c0f8f0b43,92b28c41e27f5ad13c88675d208d3d3a,delivered,2017-11-01 14:36:07,2017-11-01 14:50:13,2017-11-09 15:26:48,2017-11-14 17:39:31,2017-11-28,427e0d240e383d4a63ae6ab7dfece988,2017-11-01
34080c138f92d6ea70448a0403b25d00,74275e53bf0e6630c489f669cb3a8b61,delivered,2017-05-09 20:53:08,2017-05-09 21:02:48,2017-05-10 10:58:52,2017-05-23 06:27:37,2017-05-29,edad523b8df75c253d0af483fd87df54,2017-05-09
63cb6e6a5632d2fa0406a8f3c6eae8cf,8c0f9eac2698a33a01f8e7c74a6776ef,delivered,2017-09-16 16:11:59,2017-09-19 04:06:18,2017-09-19 20:37:54,2017-09-25 21:55:33,2017-10-06,a592dac7ad955ba1dfc5d326de35d29f,2017-09-16
de7eb461dcb1d9e5bdfa4a25fe8a51d4,efc29c72319ab5d5610f0421abc16554,delivered,2017-11-20 13:27:28,2017-11-21 04:10:19,2017-11-22 20:54:37,2017-12-08 14:09:51,2017-12-13,45273552ffb9a5ef736f5a9e7202353d,2017-11-20
fc72d25952f5957a412411253f5804a7,5b76c1a96fc01949502602e1eec0e4d9,delivered,2017-02-09 09:23:21,2017-02-10 02:45:20,2017-02-15 10:32:23,2017-02-22 16:58:39,2017-03-13,a665220976225ee856a75ff6afe998d9,2017-02-09
4974c65072c3a0265ef2be771aae8251,0c137d76fe12fdf5abcbefed887f2b95,delivered,2017-08-01 22:58:08,2017-08-01 23:10:17,2017-08-04 13:24:42,2017-08-09 15:35:26,2017-08-23,7e75aeef30d7e9d4ac860fcc8eaa8812,2017-08-01
105c03baa047b0d003f78f9566ee0984,cd8ac46f1eec8868e3aea3b40b220a0b,delivered,2017-12-22 09:14:27,2017-12-22 09:30:42,2017-12-22 19:45:03,2017-12-27 18:43:20,2018-01-12,bbbf3cc9b5188ceae0d52571c5f37975,2017-12-22
ac5daeb29c4fe812e7e48753b886f6f1,996fc914eaa8fde73a6ea961bd42fa37,delivered,2017-07-14 11:25:07,2017-07-15 11:23:25,2017-07-17 18:12:01,2017-07-19 19:07:52,2017-07-31,38d09f8349a7f12fb75f41311b775cef,2017-07-14
bc99558709784e3ae0b9f8dbff8c06f0,d83753f7658bcc23859c5f1988cdf50f,unavailable,2017-11-01 14:27:33,2017-11-01 14:45:51,,,2017-11-14,0c17966568c69f8f827f574911f8b729,2017-11-01
b2dddd3ac6945bfb4a4a8b336d830a64,547d7962c21b9a177226c430300019ab,delivered,2018-03-06 18:38:25,2018-03-06 18:49:34,2018-03-12 23:32:44,2018-04-04 22:19:12,2018-04-18,8a2333cdb1896477f51a40a3a97e7586,2018-03-06
b431ef5386c1579fc784586883d7ac91,4ab64c670b01bdc70c2d4bb3b80e4961,delivered,2017-07-08 21:44:48,2017-07-08 22:03:40,2017-07-11 19:32:42,2017-07-14 18:56:39,2017-08-01,340c5fef7687f820ccd68a7135de4402,2017-07-08
932ec6d82ea79bd299298072b7da0fde,e123e4ba94ecaa31147de27b7823547a,delivered,2018-08-10 12:24:15,2018-08-10 12:35:24,2018-08-13 12:02:00,2018-08-17 17:38:40,2018-09-11,01525fe1e0d8e9616b2503260671d20d,2018-08-10
5c4f206f887c5afc6acb306477d65807,9b276b965cf5220a0fcfa70a8da435e6,delivered,2017-05-15 10:46:00,2017-05-17 04:05:21,2017-05-18 15:27:24,2017-06-05 18:55:00,2017-06-20,fdaa79b9ae7e3cccf3ad02f2c5be4f8f,2017-05-15
07680abcc9878ad415215bf0945baf7a,9fd29314a799da1d88ba45fc957b84cf,delivered,2017-06-12 15:06:54,2017-06-13 15:15:10,2017-06-16 13:25:35,2017-06-28 14:57:55,2017-07-18,fde6994db8fea368850378a9e1e55666,2017-06-12
7b2e06fd0a893c5d11fbebd65c872ed1,3f618b0672cd14c6fc5770902dcff0cf,delivered,2018-04-11 16:15:39,2018-04-11 16:32:56,2018-04-13 19:48:25,2018-04-25 18:21:59,2018-04-30,f8ac2f22c2ad9642d946f5c501d8506a,2018-04-11
ee95946f63d71c44f715e74b27adb2cd,d30990aa307dd48e6e9a054b87372fca,delivered,2017-07-31 07:55:54,2017-07-31 08:10:08,2017-07-31 17:39:37,2017-08-09 15:57:33,2017-08-22,80ebe85589175c3a1a4f2e83364bf627,2017-07-31
d205894f6421e164996e5cc460dea4ff,71cc3bf088359c35394726b0334ec7c6,delivered,2017-09-04 14:26:44,2017-09-05 04:24:11,2017-09-06 15:26:14,2017-09-14 14:33:28,2017-09-28,aa36dbb653e613a2b3871f8660c396f3,2017-09-04
4f8a03b97cc268f215aa05dd3aaf9147,a8e1534967a98eddf3a2a0b58c99a1e4,delivered,2017-09-22 19:32:41,2017-09-22 19:45:34,2017-09-25 19:06:24,2017-09-29 13:42:04,2017-10-17,ce55473dcf00a375c93446d1f86b64de,2017-09-22
9d3c48c87bfb7e8b574b4d375f882841,b7140a4b63f7ad250e00266372f28787,delivered,2017-11-24 21:41:40,2017-11-25 00:35:37,2018-01-04 23:05:47,2018-01-23 22:36:09,2017-12-21,93f4d868403d413b5bbbe193cbfef981,2017-11-24
6482a6de4a9253a18abae1bc97af64aa,9bc32a462fa8f837c3d8a07e927575e7,delivered,2018-02-20 09:22:24,2018-02-21 11:59:47,2018-02-23 00:12:32,2018-03-07 21:34:21,2018-03-16,5bef53f126380b6d5e5709ce9b802064,2018-02-20
e186fd488370885035932d8efab4212f,70d5b566fed999d6368bff3a8da63e56,delivered,2018-08-02 22:27:23,2018-08-02 22:43:54,2018-08-06 14:15:00,2018-08-08 22:12:40,2018-08-09,9dbe75b8fae867304de2035d63f6f62f,2018-08-02
5ab277636dad461ec1c74f6f787c4ed0,dbba87b8672b7dda2d33a7dd2f984b7a,delivered,2017-09-12 21:39:19,2017-09-14 10:45:11,2017-09-18 23:12:38,2017-09-26 20:37:52,2017-10-03,77097e2d15af9ddefa213a0e3f154466,2017-09-12
84cad53638357a9971c4485adad123e8,4e3bfd141fb6f7efbad8d2f404d77a9e,delivered,2018-01-27 13:19:32,2018-01-27 13:33:07,2018-02-01 00:05:13,2018-02-03 01:08:55,2018-02-14,9abd58f6bc7412a8da01a98351e6b989,2018-01-27
1f31a04201c7a177ad2e98405b18f8ef,7f687ffdc5f0bc5f78032cfe69579a24,delivered,2018-03-12 16:40:00,2018-03-12 16:50:44,2018-03-13 22:58:27,2018-03-15 15:48:54,2018-03-22,106049bb23586f3855bf62c1b380cae1,2018-03-12
354fa109f2f8c98606b21722fc02433f,c71808bea8b5b4d596f7289d199495e3,delivered,2018-06-25 02:24:12,2018-06-25 02:37:03,2018-06-25 11:20:00,2018-06-28 16:41:32,2018-07-30,7d0645fff461a03c8714792ef7a58ae8,2018-06-25
b99217b1fcf2fdeace7b8d869b76cb91,8325d6e7af2f2bfb58cf040729b232dd,delivered,2018-03-07 17:42:06,2018-03-07 17:55:36,2018-03-08 20:09:40,2018-03-15 22:04:49,2018-04-02,a1d53377ab83871b0ad483b03ac69d6c,2018-03-07
b1a8f60830ea890c9e1ec75df6275626,5a7b558ef33809090f2d5b40820aa2cd,delivered,2018-02-02 09:01:47,2018-02-02 09:35:39,2018-02-05 10:36:48,2018-02-15 17:25:28,2018-02-26,c141e4aa528e806a0f1d87447aee9e45,2018-02-02
60808ac1c068fd05819ae92b344d9b0a,319eb855f62e79c2fdede2f39ce16b27,delivered,2018-02-01 16:28:00,2018-02-01 16:56:52,2018-02-07 22:38:32,2018-02-16 17:48:32,2018-03-02,97b8ceed37878640ed723315f621694e,2018-02-01
6b4329eec5141eb456ea3e8a2dd02f62,e7629e1a9eeec0931a10225eaf7603fd,delivered,2018-07-20 14:56:28,2018-07-20 15:10:11,2018-07-24 07:45:00,2018-07-25 12:08:23,2018-08-02,a71ddf103ddf305d0908e822c0d1b6d7,2018-07-20
f8d8215245fbbc9a2d8a4b94ec2ba540,db0c677824d04f451ad5c1e68c99579f,delivered,2018-07-21 10:14:11,2018-07-21 10:25:12,2018-07-23 12:39:00,2018-07-26 18:14:41,2018-08-07,472d6dfafda3c91c8712ebf3699537f8,2018-07-21
0d50b2840102f8cec365fffa6d42a690,bc3d7042571374cb834fcc9fd4589b14,delivered,2017-06-01 19:12:32,2017-06-01 19:25:16,2017-06-06 14:08:35,2017-06-09 09:12:31,2017-06-22,f7bd1d907f56cef6770f4fad4e46ba1e,2017-06-01
c17d6a9708cfd25cb90e960da4123e07,4c1a5dc3d05bbb5004b795e136809b6e,delivered,2017-10-11 14:27:17,2017-10-11 14:45:38,2017-10-16 18:30:10,2017-10-26 16:47:47,2017-10-31,c72769e878541e858c06fafa4cbb553a,2017-10-11
9bb34c27042d6bab11b0cd8d50d6c00b,3c3d147bd78ea075fc4c0bea0609c8b5,delivered,2018-08-22 10:49:05,2018-08-22 11:04:36,2018-08-22 20:13:00,2018-08-24 00:31:59,2018-08-27,019ee3ac31baf4383471c760125e2977,2018-08-22
9378f7fb4dad9527f338b16cd75fc196,75453526d14f384f99db4628f4b0cd33,delivered,2018-05-18 11:14:26,2018-05-19 11:11:00,2018-05-22 16:09:00,2018-06-06 23:38:38,2018-06-11,f5b42759a5a1bcc93051a11279d6c90c,2018-05-18
befdef0aa27a4e172dcbe4e40784c29e,2266fa2bf9f66540147b20725d834d85,delivered,2018-01-17 21:07:05,2018-01-17 21:17:32,2018-01-18 21:41:29,2018-01-25 23:22:26,2018-02-16,d017101c3d25b14c061facb89a24da60,2018-01-17
f4828ff963f97cbba213b56e3154ef2f,9c58d0e1a56386c34bf6fbfb2a2b9128,delivered,2017-11-26 10:04:26,2017-11-28 03:40:16,2017-11-28 14:16:52,2017-12-08 20:22:39,2017-12-21,dce1dccc40ccc072df1896cd4591e746,2017-11-26
bbd63ef30a5e6276e5353d5736b8bd21,0af639cd64d4187391e1dfe23890b54e,delivered,2018-01-22 00:17:46,2018-01-22 14:05:00,2018-01-23 20:07:49,2018-01-31 13:35:30,2018-02-14,3ded2dd8761a9a256a6b04cdde8debe4,2018-01-22
3900e55728b32ec688e43f5afd3e3426,1be4934d39f92b44504aa956eb4c032e,delivered,2018-04-11 15:53:57,2018-04-11 16:10:44,2018-04-13 19:48:51,2018-04-18 09:31:26,2018-05-04,534b461826fab9d5f8194feb3cf17a3a,2018-04-11
5e1efbce448f504da54b954d24342d74,4ecafbcee7a90b1cd465a44496eb6789,delivered,2017-03-11 09:56:32,2017-03-11 09:56:32,2017-03-13 10:35:06,2017-03-22 17:38:02,2017-04-05,9601cd789a0c7e8fc3892166496c781b,2017-03-11
09f86b7099faeb6a9d85623c5dba9665,54da6f5f969bb4601f0d78611694232e,delivered,2017-02-08 22:12:14,2017-02-08 22:23:27,2017-02-09 15:34:20,2017-03-08 13:56:01,2017-03-13,34b6102348176b1855e32860af2ce096,2017-02-08
a4a495e7d0758f5523480d2f4cd12515,406dd0da809653b16826de554ed06d3a,delivered,2018-07-23 11:28:42,2018-07-24 11:31:55,2018-07-24 11:47:00,2018-08-02 11:52:57,2018-08-17,a2d9760553a94fb62b831d8425b19d51,2018-07-23
fcbfb4bc844bc55598f7c04fb2b7c294,e10f6446a2847466d0b1c76265210a38,delivered,2017-11-23 14:24:05,2017-11-23 14:31:26,2017-11-27 18:38:21,2017-12-04 19:57:11,2017-12-13,cab87ee86e173f1c52cb1dcd5d633706,2017-11-23
c32a0539c59defb972213eea546f29a8,fb3467703a7b1026596f80b0a2c6da5b,delivered,2018-05-14 20:14:27,2018-05-14 20:37:58,2018-05-15 14:53:00,2018-05-21 13:03:12,2018-06-12,10a6245479251cd8384adf57573005de,2018-05-14
531aae9367e7b780bfbff01b3ff45ad6,e1fc2e7f4d1a81d4a8809cc57a5b2cee,delivered,2017-09-29 19:24:33,2017-09-29 20:00:09,2017-10-02 19:59:45,2017-10-09 21:45:58,2017-10-24,d6ce711c3265ac522e886c9ca01d5da3,2017-09-29
827dd37ba0e191a8cce10c6722187e24,6a6f8815c1cf278751f8a0f09c9dcaee,delivered,2018-05-02 15:49:08,2018-05-02 16:19:48,2018-05-03 13:48:00,2018-05-07 13:52:34,2018-05-14,3bb7b0684d45bcbaf75a8ec0f49b6223,2018-05-02
3d7d095c15be6f2b4618459d23e072cd,6220c0665e1834766a50a791808409c4,delivered,2017-04-26 14:18:33,2017-04-26 14:30:18,2017-04-27 17:18:19,2017-05-04 12:15:27,2017-05-24,c8a76342b80beb2d406f45d0cf720c1d,2017-04-26
daba15b22482aef49b282fcee1f05bc3,7fadd7adb85b1f419b8eb907f2159527,delivered,2017-12-26 22:50:17,2017-12-28 02:35:50,2018-01-04 12:51:41,2018-01-19 18:18:49,2018-02-05,feeca5dd91115b235c4655f3265f3d38,2017-12-26
8b1bfbfc74c64dd70c5a0b49a530badc,b474e691a9ca5f9f4873e2f6e493f2d6,delivered,2017-12-08 17:54:27,2017-12-08 18:10:14,2017-12-20 15:13:40,2017-12-22 17:04:02,2018-01-03,992cd4e246330cabd1e278ad016bc116,2017-12-08
e92b2d83c0c4f6e2f95b1f178a994bdd,3dbb2c10191d6da5668f35f0dfe989af,delivered,2018-03-18 14:33:23,2018-03-18 14:50:42,2018-03-19 17:24:28,2018-03-23 23:41:38,2018-04-16,3b50dfa91e8147b6027d86256e8d03fa,2018-03-18
75bbbd85d3373487642cee8e47902587,e1067f71121e6de6102b10bcef4b3e2d,delivered,2018-07-21 08:19:12,2018-07-21 08:30:09,2018-07-23 15:13:00,2018-07-26 01:18:28,2018-07-31,76a6f3355fa5cd9136acc3199f53acc9,2018-07-21
a2703dddc710908105939e9272116d13,c8eb478c319bba82678f40da13b3fb91,delivered,2017-08-16 21:38:21,2017-08-16 23:15:17,2017-08-18 15:47:48,2017-08-22 15:42:57,2017-08-29,b693565f6e82fc9108dd946a698b7c98,2017-08-16
266320cfaaa3ed9a087b2a2dad7ddda7,feecad59da8b9119cc7c6c2035597783,delivered,2018-02-26 22:43:30,2018-02-28 09:56:07,2018-02-28 22:41:40,2018-03-18 19:33:35,2018-03-20,023269083e9a81d89531aeb436d4a05b,2018-02-26
f79be098ac7bd8ee0c272aa8f6b61d50,c043dc0a96a5b7025d902c6766d70aa1,delivered,2018-07-10 15:33:31,2018-07-10 15:46:42,2018-07-10 14:35:00,2018-07-13 18:57:41,2018-07-25,18d041e789c819f95bee78be9d3a4e8c,2018-07-10
2efd657a8f5b7085278963c6e1a5f0a7,01a29eb8e6d484de55f3d2a9d6b7bcbe,delivered,2018-07-11 11:55:56,2018-07-12 03:15:22,2018-07-17 13:32:00,2018-07-26 15:27:48,2018-08-08,f79825029e2a25c3196ee34f87068317,2018-07-11
8b94c85a97b61f51a419a57e451d4e3a,54078a8661b0336a50e00afab86da419,delivered,2017-01-11 12:49:53,2017-01-11 13:05:35,2017-01-12 15:13:58,2017-01-18 10:37:56,2017-02-23,59299ea0e75eec7b97507e1dc6ac13d1,2017-01-11
70d8acc0832b3dd2048b71a6fe492257,ee71738b499b48c62028729cc9fcb5da,delivered,2018-02-20 07:44:11,2018-02-21 08:30:23,2018-02-22 19:58:54,2018-03-09 11:58:23,2018-03-16,8b20a60ae8a273e444118d6e8a7c3627,2018-02-20
ce08cb25c768080aa3e01a96e5ff6339,5802030cc7ef2230859ba910d312a219,delivered,2018-03-19 17:19:47,2018-03-19 17:49:41,2018-03-21 18:48:53,2018-04-05 00:38:43,2018-04-24,32878f37b7fc7f479481d526afd683e5,2018-03-19
a29d7508838071b10532d46b952a1318,a370a5c4df3f219c112454ec1748a879,delivered,2018-02-13 17:15:37,2018-02-13 17:27:35,2018-02-14 15:22:51,2018-02-26 19:14:10,2018-03-12,5ec298eebe73373cb565666554959950,2018-02-13
74814089384762f3833de42b05c9c2c7,60c3b5e9a49680687f57dec245ff4878,delivered,2018-06-02 22:27:59,2018-06-02 22:51:07,2018-06-04 17:19:00,2018-06-15 08:34:54,2018-07-19,0fbad5f5683626b3c234ef751d2ff166,2018-06-02
5cc9158bdd66e341bc4085933657d306,2036ed39d0a4b13003cd73342a6b009e,delivered,2017-10-18 00:50:18,2017-10-18 01:10:55,2017-10-20 19:37:32,2017-10-26 21:18:01,2017-11-10,536a3e3332f16a72f3491666c50df2ab,2017-10-18
a951e33707c482b3162485996e1d0393,2a4724a4320ba30b69c549ff4c32e2d0,delivered,2018-02-14 21:08:07,2018-02-14 21:48:03,2018-02-15 17:43:28,2018-02-27 22:07:52,2018-03-12,99b8ee09d642ffedf091951a7235faa0,2018-02-14
303a6a45fae43f865173d8b5bfff6518,1110dc7c2758d3b492037875d703da52,delivered,2018-01-26 11:26:07,2018-01-26 11:39:37,2018-01-26 22:52:22,2018-02-08 19:07:19,2018-03-01,822c82117f64986ada7e3789a6a64e23,2018-01-26
9486c11941b06fdf44a70c74c0d03ed3,6572a6aa6fe3f3f54977bbfac36d64a5,delivered,2018-06-01 17:41:18,2018-06-01 17:55:19,2018-06-04 13:16:00,2018-06-11 15:56:55,2018-07-18,00256bf7b05c08f6a5849df3d0a64f1f,2018-06-01
a6416406ea6958fce23536fa5eb5ce00,e2691bbce4ba37372feb78d4f507fa3b,delivered,2017-08-22 20:17:34,2017-08-23 20:25:14,2017-08-24 16:13:27,2017-08-29 12:30:00,2017-09-12,528079815d575acf6e955382ef64d1b8,2017-08-22
6a1b1daa125c4b8bc963eed285ae2a95,3364d6e5ab62686255cf5c182bfb8272,delivered,2018-07-08 15:46:48,2018-07-08 15:55:20,2018-07-09 19:38:00,2018-07-14 00:38:43,2018-08-01,ce8b091e2f26f9eb05f0d27ddcf27c3e,2018-07-08
4992c33902c32884bbf438c7e9322703,59b108a428266ece834bbc25dcbe23a8,delivered,2018-03-12 09:06:55,2018-03-12 09:29:33,2018-03-13 03:14:28,2018-04-03 01:07:01,2018-04-03,0496872f2cc771196cb59a38558b3774,2018-03-12
386e5a0d245db263a8feb241916a4e4c,68670179b351515976ce1b6375b66df4,delivered,2018-04-27 13:34:56,2018-04-27 13:53:07,2018-04-27 15:32:00,2018-05-08 17:35:29,2018-05-28,6d39d766befec9086938442ac22ecc16,2018-04-27
710b77f06bbd6da0be12265c7d1d5911,754df56aa692b73055a6969c9f72796e,delivered,2017-03-08 19:56:12,2017-03-08 19:56:12,2017-03-09 10:01:55,2017-03-17 09:57:06,2017-03-29,6b81b630bd8dc5b7fb7adbf2ed1ee57e,2017-03-08
8fc027e2e96d738a4816f043f2c946ba,ddafa7f909212324579af94f5f8199c7,delivered,2017-05-04 13:11:40,2017-05-05 13:25:18,2017-05-10 11:10:13,2017-05-27 17:34:55,2017-06-07,b69a3268b3ab473d6ef27be47ef2ca78,2017-05-04
237377b772b133dc1eae831d81a1005c,13208e52f365a5397f177b4b4120c895,delivered,2018-01-29 21:31:05,2018-01-29 21:51:29,2018-01-30 20:39:43,2018-01-31 18:18:57,2018-02-14,98d09a4203b52454142ad4dee48c4281,2018-01-29
3bee0a6bb3f8fa5eb8dae9b65fc7944d,65f4398233c24732b9d2effa4d7e83dc,delivered,2017-04-15 12:49:29,2017-04-15 13:01:48,2017-04-18 15:13:13,2017-04-20 16:40:20,2017-05-08,ca41fee3b0b6191f4fe0cdf13a15b1d3,2017-04-15
78dd4d44bbfb0b42767c327d6d8783b5,2a6d4abe703e21ca5f502c5f0516247e,delivered,2018-06-26 14:16:08,2018-06-26 14:34:22,2018-07-04 12:46:00,2018-07-10 07:16:30,2018-07-27,ebfce6d549300a1aa6586f8da826e73e,2018-06-26
ed6878f64d1bb00f07e210dfaaf9e4d3,396e166b4e65309db46b7c9945c89a33,delivered,2017-01-20 13:32:34,2017-01-20 13:45:10,2017-01-20 14:34:29,2017-01-31 13:48:00,2017-03-10,1bc6a6effbe393f0be2f25e73d8ce50a,2017-01-20
3a445f42bc5c0d6f94bba006b7de2a85,d4a4c83732d4270a8c93260be1c189ed,delivered,2018-02-23 19:07:56,2018-02-23 19:27:50,2018-02-28 01:03:35,2018-03-15 00:52:15,2018-03-20,881c338c2a976c0f6e7d8f317840775c,2018-02-23
c41906f7053eefe5d449b6b4507fb216,383336a9e5a474511f40c413fe6db79d,delivered,2018-03-19 12:50:41,2018-03-19 13:09:19,2018-03-20 18:40:42,2018-04-04 00:48:27,2018-04-11,7234f36b4df6119046306299e74ab5ee,2018-03-19
a41db3ba7cb50a96c768af70cd98e189,ace37fcfc4a7320b5dce79426561a8df,delivered,2017-12-22 20:43:43,2017-12-22 20:53:20,2017-12-26 23:33:27,2017-12-28 21:32:53,2018-01-18,07386e01bc5f28d530fb962549391ab2,2017-12-22
b3e8dcfb9aeb7215dd9f011e8c7668c7,14f35f6d18dde51c34c753e833382099,delivered,2018-07-27 13:28:43,2018-07-28 02:50:16,2018-07-30 12:24:00,2018-08-02 19:57:35,2018-08-13,f49d3bc3db1dc7f576f4814a8ab09643,2018-07-27
c40237d964e0676cc87ba24353c48b31,ac5b222df9496799df0460da19cbf5b4,delivered,2018-07-21 22:32:34,2018-07-21 22:45:13,2018-07-25 12:53:00,2018-07-30 15:46:48,2018-08-08,4274e1b294b5552cea7c5fe474b90924,2018-07-21
b102b42cde7719ae4b7c0163cf4d7dbe,6df75bdce4569326dcfdf7fc9bbe5981,canceled,2018-08-29 10:15:27,,,,2018-09-05,e6615c36920f67f15822a79168d7d32d,2018-08-29
00a3f1ef430d3984dece2f39d6cbf431,6220c6ab35c110dc7945b0bba49dc486,delivered,2018-05-18 13:28:08,2018-05-18 13:55:09,2018-05-21 11:44:00,2018-06-06 15:42:48,2018-06-06,9b5ed7dd6e900a8dddac78911cc22562,2018-05-18
587359e7534c6f6cb987a31070b3171d,fcb92cb7bc58b2094b53728ccceab668,delivered,2018-06-06 08:09:41,2018-06-06 08:30:33,2018-06-07 07:52:00,2018-06-19 23:28:36,2018-07-13,a8a4faa885db1e0459274d6b570a8003,2018-06-06
a03470241e25eb070bf902c2c1914658,8f0fe181279a14f699d672200fe13d92,delivered,2017-08-07 11:21:25,2017-08-09 02:45:21,2017-08-09 17:15:44,2017-08-23 21:24:10,2017-09-11,88fffd3d46c60c4307a9948faacc050e,2017-08-07
5c533da06d7dfe10d9d44dbcc8bdbc6b,1285e7456591a89200ad22c4015c09ea,delivered,2017-07-02 13:10:36,2017-07-02 13:25:09,2017-07-07 17:39:39,2017-07-26 22:53:20,2017-08-02,a1644581211b1c1d4933064a411ad7de,2017-07-02
17ccd767f82739a919e20ae38fb692d8,a55b337df916dea7cd0da42b520077ca,delivered,2018-01-31 18:00:29,2018-01-31 18:10:35,2018-02-05 19:27:54,2018-02-21 20:47:06,2018-03-05,c25ff5fbc3a7b61862c8612641797d62,2018-01-31
4d6f99dd1c15b51cdaf72f7b14223d26,0012a5c13793cf51e253f096a7e740dd,delivered,2018-03-05 14:54:23,2018-03-05 15:10:29,2018-03-12 11:33:01,2018-04-09 17:41:50,2018-04-17,48efc7def11f9a644e1993a3d97361d2,2018-03-05
add65839c01cc30f0b205ae60ac6d508,2d96f476b569d9c4054ce0a232321f03,delivered,2018-02-10 23:00:59,2018-02-11 00:15:28,2018-02-14 19:58:27,2018-02-26 14:09:58,2018-03-16,38a6f0de9f690776df8df2d6458fb307,2018-02-10
d37320918ed46f4cd29a218da930fb0c,697b3df5be3d381b8b8116e35c51fb97,delivered,2017-11-24 20:24:12,2017-11-24 23:32:34,2017-11-29 18:53:52,2017-12-02 10:53:22,2017-12-08,85b73ddd783ec89924bc3e3c5b4915f6,2017-11-24
d0c5da1cf512738b0f7bef215b1e12c2,54b176f522b30ea31266ef985a114348,delivered,2018-01-02 14:48:36,2018-01-02 14:55:28,2018-01-03 18:09:00,2018-01-05 21:23:52,2018-01-22,355ff5c20316e13a8b29d6ffd27a1c96,2018-01-02
260f6f8e1f649aa1a17a1cbcaffe7726,9432681221f462df34a46ddb23b6e722,delivered,2018-03-22 09:58:33,2018-03-23 09:55:23,2018-03-28 22:22:13,2018-04-13 19:09:50,2018-04-19,a9fa065abee7aa69ab5520f67ac9a736,2018-03-22
bdd42e997b3dafd18ddcc233ad9c5195,28968687a38c3cfa28f5ad351a41f35e,delivered,2017-10-19 19:20:21,2017-10-20 02:49:28,2017-10-27 22:48:47,2017-10-31 14:38:48,2017-11-07,3adb89c8918317ba441b75703f2b624d,2017-10-19
6b798131bceb2a16e7dc1c677fcba6c0,92beaab3ca764d8f985b7d1d0320fa59,delivered,2017-08-28 13:04:18,2017-08-28 13:15:21,2017-08-30 20:12:57,2017-09-11 16:23:24,2017-09-22,681a39d457a9b3401d559b02148cdfa1,2017-08-28
90f7af0187e8633c3a1f22e397558fe1,b6b3a3f4c32385118e71b2dbd62f3236,delivered,2018-03-25 00:02:44,2018-03-25 00:15:58,2018-03-28 15:36:38,2018-05-08 21:55:42,2018-04-17,7afbf983eb484fb14e40092c0139d66f,2018-03-25
719a96d91d44ae214ba638b02db33331,b5d5a9c1b46698fde8e82171124dcf4a,delivered,2017-11-24 20:36:18,2017-11-24 23:34:29,2017-12-04 15:42:23,2017-12-05 15:14:10,2017-12-08,1b5720c7b0ee7183c2eafe3dba65111b,2017-11-24
3e8da710b34d2815151f363f08ea11d2,1361cfa4b794a92df80b42811ec332d6,delivered,2018-05-16 18:30:20,2018-05-16 18:57:17,2018-05-17 11:33:00,2018-05-18 20:56:47,2018-05-24,5a6cd8797286a15f0bf2fb97f024781c,2018-05-16
f303983d1d0592df48b9dc1cea9bb871,855defd5536f14c713b89056b7bae001,delivered,2017-03-25 22:09:03,2017-03-26 22:22:26,2017-03-29 12:54:18,2017-04-11 14:25:24,2017-04-20,4727a8e676926119d5d9cc5c1bb705f8,2017-03-25
b0181a2b3c9f39595fb01f97519d015d,f7890ecdf565bc15a50ffb3743cdb0c8,delivered,2017-11-20 18:34:17,2017-11-20 18:48:14,2017-11-23 17:46:41,2017-11-30 16:33:54,2017-12-01,30aa375a94718dccefb998380125520f,2017-11-20
004345d16a1ab2c21962992c721c8643,3b723b649feb48f3cfbb9c728efb3d7d,delivered,2018-07-04 06:45:05,2018-07-05 16:09:18,2018-07-05 14:08:00,2018-07-11 17:26:37,2018-07-30,8c07068e51d745035b296ebc1c8cd16a,2018-07-04
7530b513e10d1b7a2b03962be180f627,a0ace797df6c4f31dc42c2a334a91080,delivered,2018-05-01 07:35:17,2018-05-01 07:53:20,2018-05-03 14:15:00,2018-05-08 19:19:03,2018-05-14,db13e24868366320abdfb4139a989657,2018-05-01
5f39964152b7c80a427cc4bffdfe757a,8eb70e6a3cafa3996513b3b3add195fc,delivered,2017-12-21 21:41:31,2017-12-21 21:53:22,2017-12-22 21:08:52,2017-12-26 23:56:55,2018-01-11,6e095a91288b1e81172763e2668379a5,2017-12-21
e19274a19a1bd491db0a6eede0c09846,8392d60987df82b73c23e609f3dc2f5e,delivered,2018-06-28 17:14:35,2018-06-30 02:35:11,2018-07-02 21:27:00,2018-07-12 21:32:04,2018-08-07,558308f294848bcacb6097d28a2837d4,2018-06-28
b4a2d8c2d3ee496cb458b05f6d52b538,2ad717e171d505669fc33ab5989d919e,delivered,2017-05-01 20:18:25,2017-05-03 14:30:36,2017-05-04 15:28:58,2017-05-10 14:07:37,2017-05-29,3ee0e36c3306e495d2b8f89ddd033599,2017-05-01
cf3c027d09d7b808bb4bd79207ae6df0,08c8ccac72cca999d16588dbf7369104,delivered,2018-05-10 12:09:59,2018-05-10 12:31:27,2018-05-11 11:50:00,2018-05-16 20:27:57,2018-06-06,4ad7e8137a8f2299cceb563ab66e0317,2018-05-10
d95fe33125690d67196ca4e9b56eee2e,85c3e565ce3826154c5cfb9821d6cf6c,delivered,2018-03-18 11:49:17,2018-03-18 12:08:11,2018-03-19 17:16:52,2018-03-29 23:05:32,2018-04-18,245dcb0dcba2bcf1c6e1e6e9fb6caf5a,2018-03-18
ee234bfd26ca588915483995d811c1d0,b0232f62bd310b605fc9ba834860ce2c,unavailable,2017-11-29 08:39:03,2017-12-01 14:11:36,,,2017-12-21,1350e2fa0415f0c50796bde8c33325a2,2017-11-29
e726c0e987fd6d15b61c7effe28bde27,109f80397e4897bbcf56313c25850332,delivered,2018-05-13 21:29:49,2018-05-13 21:52:27,2018-05-14 16:15:00,2018-05-16 21:10:54,2018-06-08,41b4af321ed477242aebe74652fd8219,2018-05-13
b240c1bc75d70d50013f23ca255b7ac9,8d20d8d70efcc6b8870dd6048eb5ce7c,delivered,2018-04-11 14:28:22,2018-04-11 14:49:59,2018-04-12 23:33:33,2018-04-16 20:45:29,2018-05-04,64c58bb14bec36231b1391d1075441e0,2018-04-11
d3832688c496edd26aec8c5cc6672a99,db6339614f8d2a7d0838aa71b0c1b78a,delivered,2017-11-07 22:12:52,2017-11-07 22:30:38,2017-11-10 17:51:23,2017-11-22 17:42:02,2017-11-28,0e799bcae76615a1165569292cdff152,2017-11-07
e1d72d08a94712bb04f2e4194ba776b8,73ef39f6e02433d37c9831e22b783924,delivered,2018-07-30 13:53:57,2018-07-31 07:30:52,2018-08-03 11:59:00,2018-08-09 15:13:58,2018-08-24,0367dccc4908227b00b0ca2371f31a0d,2018-07-30
1c0490571354a25001e89c6de9598839,68c64357714891130ff841271d1a2e1e,delivered,2017-08-17 11:14:52,2017-08-17 11:30:22,2017-08-17 19:10:21,2017-09-19 17:39:27,2017-09-13,5a0c71a52060fbffde1f4e061e81ec0e,2017-08-17
ba3bd287d88367a6ecf4ebc58a5b1478,e91503530b1cefba049de9094de44bc8,delivered,2018-03-17 23:19:45,2018-03-17 23:30:30,2018-03-23 17:41:56,2018-04-02 23:27:00,2018-04-09,e3113c1f62d89d94df4fc7cb38159411,2018-03-17
0a6312b2e86fe734ebbddaae7fabd14d,98a95db6578e2df8a4786793c89944cf,delivered,2017-03-25 21:50:25,2017-03-25 22:05:09,2017-03-27 13:12:46,2017-03-30 14:38:04,2017-04-19,372047c2b6994bbef7715a199259202e,2017-03-25
dacd45999c3175778f90426dc0dfbebc,de109e69fadb52d5b40c1fc211fab539,delivered,2017-11-14 19:33:12,2017-11-15 02:46:14,2017-11-20 19:38:42,2017-12-01 17:12:55,2017-12-11,496dd627bbc643554f2c2a4df0173084,2017-11-14
4b723c793fead9a09146174b94577802,bf9c8d8a4ada55c82c2add8a9c8bfea7,delivered,2017-09-02 10:33:40,2017-09-02 10:45:18,2017-09-06 21:10:13,2017-09-18 22:32:43,2017-10-05,1dcf52a2377ac589a2e26daab041713d,2017-09-02
1e67260976522356b4a98ce72e776783,7d2b8943e1ba0a0e2e31950f47e1dd28,delivered,2018-05-07 21:12:21,2018-05-09 03:33:53,2018-05-14 11:16:00,2018-05-17 15:08:51,2018-05-24,41cd51ad091e9d4de0ebff718fb96f02,2018-05-07
caa35247989b88633f114300d557a468,2b5c7803f4d673d4da6cb7950c1141ec,delivered,2018-03-23 10:22:33,2018-03-23 10:35:36,2018-03-28 20:47:05,2018-04-06 01:46:42,2018-04-24,fcac5c45ae137a12df98dfaab874de3c,2018-03-23
f34e0df97c804d04e00ec61cd77cf9da,ca03eab600d87d8723f523aa00aa0d64,delivered,2017-07-11 17:50:45,2017-07-12 16:05:25,2017-07-14 13:33:28,2017-07-28 17:59:07,2017-08-08,3873d6793389adcab8208fc642d9a356,2017-07-11
f77dc5ef53142abf2e1734622d81f664,29c13f323716a5bbd7356343e45d9868,delivered,2017-01-15 17:58:43,2017-01-17 03:21:45,2017-01-19 09:15:39,2017-01-26 15:11:47,2017-02-17,35e146c985a9cf989c91edb4c0c156fa,2017-01-15
a02645d92386768ae0cc1869eddcd6ef,3bae25a6da778a2df746084b24cd01c8,delivered,2018-07-26 11:02:29,2018-07-28 02:35:11,2018-07-30 12:45:00,2018-08-02 01:11:51,2018-08-06,c38f33c5e36d24d34d3c349f6a321c5a,2018-07-26
63395e53d28e53559462a08ceb1b2df6,2376ec94b82677987ff7293bfd6d060b,delivered,2018-08-07 14:45:43,2018-08-07 15:50:49,2018-08-09 14:57:00,2018-08-16 21:28:37,2018-09-26,1b3827543d8926cb0a12a5157bdf38fc,2018-08-07
2c06e80ee31e3bc878d17d0c6abb8f4c,edeead8c26c3ef19bd2dfba58ae98e35,delivered,2017-02-26 01:33:08,2017-02-26 01:42:10,2017-03-15 06:55:36,2017-03-23 21:12:19,2017-03-20,cbfe6754138b133c4bfa35a2b28f714d,2017-02-26
d5ee3e8f7e55a206d8c523ce9f507e3c,5f1e5d413891630c9942247b3e795965,delivered,2018-04-20 07:24:50,2018-04-20 07:51:29,2018-04-23 20:52:01,2018-05-06 10:38:53,2018-05-18,1744950b2564ec070ad6b2844fe8d043,2018-04-20
26721f2618b745ded2575dc7bc35dd08,0cf14158e95def517e2268fb9fb799ca,delivered,2018-04-17 18:16:55,2018-04-17 18:32:21,2018-04-19 02:12:32,2018-04-30 22:42:45,2018-05-16,a12645da205c0e34d4c9f38904a4dd71,2018-04-17
b1a4848ea79dd95fd703aa8eebcfdf28,6d7c0573365219e798ffe66dc2a9e7ff,delivered,2017-10-13 13:56:40,2017-10-13 14:14:22,2017-10-13 21:45:57,2017-10-20 16:43:59,2017-11-03,b8d50a7625e144be430dbc7d42d33d6d,2017-10-13
c1dfbe8a3ce81f3fd38d2d5f50e84be6,cce631765a9e31068af38b7e668fed9f,shipped,2018-03-15 15:00:15,2018-03-16 03:50:40,2018-03-23 15:46:23,,2018-04-10,3ebf883fc9d9a5dca8de826c31689e41,2018-03-15
75263102ad0ad256a7bc7c47daf26857,d952d0a219ee17d64a7103ddba3feb5e,delivered,2018-08-13 19:14:33,2018-08-14 19:10:15,2018-08-17 13:24:00,2018-08-24 18:26:33,2018-09-18,d21c35ebd3d9fb63266a411c7327b469,2018-08-13
a39dde177899dc1b42c696690b2d7166,86b2c88f97d0b9b421b8bd62be63faae,delivered,2018-01-02 22:59:30,2018-01-03 13:41:23,2018-01-04 18:04:12,2018-01-19 01:22:10,2018-02-06,f241f18620cd0c97dfa5ec3754d6eb1b,2018-01-02
8deeb79137075638ab088643f9fe8c17,c171b720b07a79a5f662c1c315071880,delivered,2017-04-19 15:29:05,2017-04-19 16:15:17,2017-05-17 15:18:30,2017-05-29 10:39:35,2017-05-19,cde4da115f07de94bf986399d2f0be7f,2017-04-19
2e444ba1fd25a9eafb09a719e65b5421,cadc3ba7b24012a7bf18d316c2dd6c6b,delivered,2017-09-12 13:45:20,2017-09-12 14:04:29,2017-09-13 20:38:09,2017-09-18 17:53:25,2017-09-22,133e7e64acd392c91ef17dc92fcd0128,2017-09-12
03b5ec589ff32d3dac9dd2f9f06496d6,4354e2cf53a8b26f617d9b454d0f3564,delivered,2017-05-27 12:16:38,2017-05-27 13:05:23,2017-05-29 09:47:06,2017-06-14 13:18:07,2017-07-03,39c7e3fae5b144e50a32cd66bc2fe519,2017-05-27
f65c770d505adf4e530feafa23e16f4f,1d3ad60d94e29ef73d7d2fd4ce8a8fac,delivered,2017-04-12 15:59:48,2017-04-14 02:45:45,2017-04-17 12:01:18,2017-04-20 11:05:44,2017-05-08,21747a07d23ec1345b45e27298d556aa,2017-04-12
ae742f1350cc572e8e8c752625b53829,9f24e442cd91c1da583a59e4da9a7533,delivered,2018-06-13 15:11:43,2018-06-14 15:20:59,2018-06-14 18:57:00,2018-06-15 17:12:54,2018-06-25,828eccc3f8cf1da7d8f83857ec0744bf,2018-06-13
6c11290f82789339975290feb4a58983,e1c41b00a132aba2fd305da3ec4aab06,delivered,2018-06-15 09:20:21,2018-06-15 09:38:45,2018-06-15 12:27:00,2018-06-18 21:52:16,2018-06-28,42c7e57c48d38fc34ed69508a092abcd,2018-06-15
518a27a223dd20b3d2030d2a5d9574e8,97e26cefab033c1e46bee19ea8341fc0,delivered,2017-08-09 22:51:51,2017-08-09 23:05:18,2017-08-15 19:42:13,2017-08-17 17:04:12,2017-08-30,699fa17462938d7808065e2254ebae3e,2017-08-09
884f74c6b1d625c13e1ef12d7314a2a9,b95c303652bfe9fa2d4851ec82983c2a,delivered,2018-04-26 12:44:27,2018-04-26 12:55:32,2018-04-26 13:43:00,2018-04-30 11:18:21,2018-05-22,894701e0e47afbcc17678fa5565f70df,2018-04-26
fe77e2fdbb1b332cfbabd01709f805e8,a7f101f963004132b71c871d36a922e4,delivered,2018-04-24 22:42:31,2018-04-24 22:55:27,2018-04-27 07:31:00,2018-05-04 20:28:22,2018-05-17,8efcb67042a750f51c1ff1393c55cd8b,2018-04-24
8141520643442c50aa531801cbc79e46,a8e7d88628f29e914e2c74b804e573a8,delivered,2017-01-29 21:46:14,2017-01-29 22:33:19,2017-01-30 14:42:42,2017-02-02 17:39:22,2017-03-03,c0cdc5157fd559f00eecc5cf0da5073c,2017-01-29
2af768daf2646f316e9457e1f10b2428,47f1f1245c92a6897e654d5f0c0a3f0d,delivered,2017-06-05 17:53:59,2017-06-07 02:22:31,2017-06-07 15:58:40,2017-06-19 20:38:37,2017-07-05,f79c969a1665f477201e86ae6e036c30,2017-06-05
b712b4e550ff93a128404e9362d7958b,cb8c8c74f46c1f16b9422cc76efe9534,delivered,2018-07-21 00:39:47,2018-07-21 00:50:11,2018-07-23 06:43:00,2018-07-26 20:15:38,2018-08-02,6f02fa7879b4ebdcc6d0207fb1826022,2018-07-21
9cef759af57cfbaf537221a36730209f,982bd9951046d28f83d0cab9fde6ea57,delivered,2017-06-08 16:35:54,2017-06-08 17:03:55,2017-06-13 13:02:43,2017-06-21 21:46:50,2017-07-11,9164e11cf0adf65752555b50e8542f88,2017-06-08
afc2fbf9c74b731c616892314ac3e201,0496ba4893dc2332b957b3ac5cc5a60f,delivered,2018-05-12 17:24:36,2018-05-12 17:35:25,2018-05-14 14:25:00,2018-05-17 22:37:39,2018-06-01,506a7ad39476ebb95b1da579b34c668b,2018-05-12
1f875e0ba15ed5389a8a2fbedd45f1ab,65966fb31244e723f2b44a839e921e39,delivered,2018-05-11 12:53:29,2018-05-11 21:37:05,2018-05-14 13:11:00,2018-05-17 20:22:01,2018-05-25,e8944655e056e5df9087061401b322bd,2018-05-11
5caa25c9728cc479d73358c3cd899f08,36ab8aaa5cc1c5972e45deec833beff6,processing,2017-06-06 21:42:04,2017-06-06 21:50:21,,,2017-07-07,72abca5882f678f5f0d97b49ff8abef9,2017-06-06
9900cb70a170fc8270433a79b6cca56e,0beac38aa6cad393f933d71c2a4758b6,delivered,2018-05-08 22:39:22,2018-05-08 22:55:18,2018-05-09 13:39:00,2018-05-15 20:14:33,2018-05-24,41b4b0d7d2b9c08e9379801336b0020c,2018-05-08
7f802d7c70300edaea3d120f8c34843a,4f92392f2442e7f7d9b6a055eb042ce5,delivered,2017-07-02 13:10:57,2017-07-02 13:25:11,2017-07-06 07:22:18,2017-07-10 18:27:42,2017-07-31,4767f3ef86357503d1047cabfff57309,2017-07-02
dab24a5b64be23f0c6c7a4ebcded8f0d,31678010a352c0368e3f35edb1cde0ca,delivered,2017-07-18 10:25:44,2017-07-18 10:43:34,2017-07-18 18:47:49,2017-07-21 18:53:45,2017-08-07,af315f1f90d14c99d51cbd87540cc9c2,2017-07-18
c8c474f20a667ba003a1f6e929fc3a44,ad06b03685e254053b83d5d07baded8f,delivered,2017-10-03 18:31:02,2017-10-05 10:35:27,2017-10-05 16:04:28,2017-10-16 23:23:50,2017-10-30,6d1fb971f3dee57277cae312dd3d6a65,2017-10-03
76b2130e88deabfcb586db50ff98e3b5,86258c28f995c44e1d2e5ba3b1f5f0c2,delivered,2017-12-05 15:06:41,2017-12-05 15:31:03,2017-12-06 21:23:11,2018-01-04 19:52:28,2018-01-08,15fdb549aa3d9b08609f35fe0a119fef,2017-12-05
42bb3b75e450242d115666d5626fce15,29bdf6776696ece5110768ef0a897988,delivered,2017-11-26 23:37:43,2017-11-26 23:53:37,2017-12-01 00:21:53,2017-12-06 19:45:36,2017-12-11,50bddf240d6cecac8685b0a52e9713bf,2017-11-26
ebe68f8677e52fa72bb060f50dad8e1b,cdaa1e094f5dfa63a298ec6bce5593e5,delivered,2018-01-09 23:01:33,2018-01-11 02:35:43,2018-01-11 18:32:49,2018-01-23 18:58:46,2018-02-09,583b892c000768adec6bbac4633bb0a5,2018-01-09
c25ada6e50a408a7219bea45738372b2,c009ac49d03a1dac5abe6b3bdb43729e,delivered,2018-01-18 10:32:05,2018-01-18 10:56:00,2018-01-18 21:25:45,2018-02-08 13:15:38,2018-02-15,9aa3a539ee32f0207d5e10354d29c1be,2018-01-18
103d223291ed362a58f685884fdde6c3,05a54aaa942e6ca83da992f943f87cd1,delivered,2018-02-20 10:06:11,2018-02-20 14:35:29,2018-02-23 16:24:29,2018-02-26 22:06:41,2018-03-06,0ca321f8c378e5621d4a768e2e72c8e7,2018-02-20
8e2f8b9c4a47354c52c4bc7701e933b0,ab3f497fe43e78bb29becaf30233096d,delivered,2018-03-21 10:57:19,2018-03-21 11:10:40,2018-03-22 23:52:02,2018-04-13 20:48:34,2018-04-12,961adaf5b6ad2adcd41c9855fb1cbb40,2018-03-21
2ce7fb3d9314c0a8e4e8c04eb1224919,695e30701cad491515e5f4f0e69bd3db,delivered,2018-06-10 12:42:23,2018-06-10 12:57:11,2018-06-13 07:24:00,2018-06-28 15:17:02,2018-07-17,2507c5c10c5cc33968aadcbf5315e792,2018-06-10
9a7fc3b0802afc9b2b46c1e2f323a738,c3860745545e4c4f20c349a4dac765a5,delivered,2018-07-19 11:12:30,2018-07-21 03:30:17,2018-07-24 13:58:00,2018-07-31 18:22:49,2018-08-16,1f073581be6035a5a8786f39b2bff0ba,2018-07-19
565ccfa6f9e28da74700c42da9deb949,a6bd20291ac4e6a4229459c6af42f828,delivered,2017-08-30 16:22:12,2017-09-01 04:32:57,2017-09-04 13:14:58,2017-09-20 15:52:25,2017-09-27,b8cb40ec83dd073753f79b286ad8d941,2017-08-30
a46673a644bf3ee145a6afe288ed3e92,335f6adf170fc79daf3d75393afd97e8,delivered,2018-03-07 14:50:18,2018-03-07 15:31:42,2018-03-09 17:52:08,2018-03-20 17:27:50,2018-04-04,0a95cf824957a42a0213d8bca7509671,2018-03-07
0ae4c9a0bb0c65a89aaf840c9b08ba43,cad95dd35e0f2ec6f2f0522a3fad9542,delivered,2018-02-16 17:33:53,2018-02-17 17:27:24,2018-02-19 20:25:14,2018-03-05 16:57:07,2018-03-13,1db34fb72dd70dfd8f9b34654a80d935,2018-02-16
3c5246b7fb777b09b9517771ca289331,7ee15d0d731c2012e95f4779068c1647,delivered,2017-11-26 20:23:02,2017-11-28 20:31:14,2017-11-30 19:52:59,2017-12-06 14:58:42,2017-12-18,5f8fcd6136e1d1798f6730f7cda7db10,2017-11-26
f6670eadd56bce14f9aa4623bb40c7cc,95425cd5d47d6f05ac54dc500abe1eeb,delivered,2017-08-10 17:09:39,2017-08-10 17:25:13,2017-08-11 19:11:18,2017-08-21 21:08:05,2017-09-01,dabca7cf91abe114a4da889b12b65e5c,2017-08-10
ee2b11b5601e9de355fb771525a195ce,225634426cfd64638ae97bf60e190f5b,delivered,2017-11-20 17:08:59,2017-11-20 17:19:30,2017-11-21 20:38:55,2017-12-01 10:43:46,2017-12-15,ca1a0307fe782c9125fd9264c92db778,2017-11-20
8bf5f7691f5059f401c9b3954acb39b8,94d721a32e13c4675216bc3b34f12272,delivered,2018-08-21 14:20:40,2018-08-21 14:30:56,2018-08-25 08:38:00,2018-08-30 21:39:34,2018-09-26,ce791bbdfe75b4ac9f3f2b98153c7044,2018-08-21
234dea860a599db97cc16cc2dd9b5f0d,8ba919338517e7b12449c927219a9f95,delivered,2018-04-21 08:59:05,2018-04-24 17:41:33,2018-04-24 19:31:27,2018-04-26 20:52:12,2018-05-11,7d35233c42c70ecbae6de7bc4aa6d126,2018-04-21
f336c8ae5359af5ad4dc657f0ca2468d,7ad257dbeec09b715a8c65fc2fe83a33,delivered,2017-08-27 19:05:23,2017-08-27 19:24:54,2017-08-28 19:56:37,2017-09-11 16:26:11,2017-09-20,4f4d2fe2987efa0b9e4e61a466e8ed8b,2017-08-27
bb1e5e5a7e290c28d800a04c53720095,8cfc802351f91163097e12fd2168b7b6,delivered,2017-10-25 13:15:38,2017-10-25 13:29:03,2017-10-27 14:51:23,2017-11-06 19:19:32,2017-11-21,6e6bba89d595a713045dc3d92fa6035f,2017-10-25
2904d3ae0064e840ffb4798ba4a12ae3,261cb4f92498ca05d5bd1a327a261d9c,delivered,2017-09-12 08:00:03,2017-09-14 02:50:22,2017-09-19 19:27:49,2017-09-25 21:22:39,2017-10-05,424aca6872c5bab80780a8dec03b7516,2017-09-12
f74a620e4d4599312c1832ca0afe0588,ead09e2f88cb2d917b5bdd199db50911,delivered,2018-07-03 10:16:32,2018-07-05 16:21:00,2018-07-06 08:46:00,2018-07-10 23:18:41,2018-07-25,b3ba5cd1e469842adc59accc934df190,2018-07-03
7102cea582cfe5c2976f0a8229d26e6f,323cfe9bc2975b388380a0dcce908beb,delivered,2018-02-16 14:41:37,2018-02-17 14:35:29,2018-02-20 02:33:43,2018-02-26 21:39:13,2018-03-15,cd92052f2a7a2538424fdabbc154562a,2018-02-16
1777f6d0dafb34a24cffac1c7ad5d618,defb33f2396ced51448688aefdf54dd2,delivered,2017-10-23 21:45:43,2017-10-23 22:06:36,2017-10-24 22:33:32,2017-11-07 22:38:40,2017-11-09,726efa68c78ed87d7b03cdcc051bd4dc,2017-10-23
dcea02e816d99fa3394ac1069c80a1ad,a0debf00af8b41b5d1ae13b4400f6a9a,delivered,2018-04-11 10:47:43,2018-04-12 07:51:22,2018-04-12 18:17:44,2018-04-20 16:11:55,2018-04-27,5bf64e6fed93d20d1ff62941a312e547,2018-04-11
8cafeef132aa9cfe9a86b1162012e14b,c359ce2312a7a26f1e34d8d4721bea33,delivered,2018-02-07 20:57:16,2018-02-07 22:00:24,2018-02-17 00:37:56,2018-02-28 19:36:14,2018-03-15,8b4ae89705419762522e75d4e6ed6578,2018-02-07
6f4a1ccdb6d8b5f5249737581a50b1ea,4db197e249f43396789685f78b90a530,delivered,2017-03-14 13:06:10,2017-03-14 13:06:10,2017-03-22 13:46:07,2017-04-04 12:20:07,2017-04-28,884deb2952acda1860b0a9f46b6379c1,2017-03-14
bcbca462c055855afe0cb0df7b6a09f9,2ff3d530fd1c82961515acd088731097,delivered,2018-03-12 17:26:02,2018-03-12 17:35:54,2018-03-13 23:12:23,2018-04-13 14:56:36,2018-04-03,25abe910093e734105b2d282dc036a9e,2018-03-12
9da8ef7171b203799d1fac783097c70d,7186174ecd4121c35219e1874fc4eb48,delivered,2018-06-04 20:07:58,2018-06-05 20:12:17,2018-06-06 14:41:00,2018-06-13 15:08:58,2018-07-11,e8da63b2f86c44c750599dbe9d95b7d2,2018-06-04
68ebbbf9a7236276c1c324a5c4abbcbf,aa119c06a32aab3118de467432757566,delivered,2017-10-16 01:53:47,2017-10-16 02:07:35,2017-10-16 21:13:04,2017-10-25 18:49:59,2017-11-03,d36673e16af8cae379eab3fc2719564b,2017-10-16
c02a5571a92c4122218c6471c440567a,67de99df30be5012ce8bfd6501f3c8b4,delivered,2017-07-26 08:58:54,2017-07-26 09:05:16,2017-07-26 14:32:55,2017-08-03 20:32:46,2017-08-17,96e5c1c79b1bc887c0c7e18b115fec6f,2017-07-26
b6fedebf9c9b16a18f2db9814cd79353,bbeed623fb4237f3e611fe0b2195e03d,delivered,2017-12-05 23:26:14,2017-12-05 23:35:25,2017-12-06 15:28:06,2017-12-21 17:48:55,2017-12-29,ac41f579acca6c3b73f910753216d632,2017-12-05
68999281f861381c5d124f1f0805daba,778f92552296fa2e9a576df5114be74c,delivered,2018-08-16 17:32:11,2018-08-18 03:09:50,2018-08-21 14:48:00,2018-08-27 22:14:27,2018-10-02,f7d261086d11cb19cfa84fc107d7db5c,2018-08-16
c921b31250ffb9719326413202688113,012e0c27bbc549e7c249ee9042d58f7b,delivered,2018-05-07 13:37:30,2018-05-07 15:33:06,2018-05-09 15:14:00,2018-05-21 13:14:32,2018-06-05,7fb58ee27f8074e833967c1d607d4452,2018-05-07
7f949bbc94c8580ad60e90fd93358395,236ec63256bb9c3e17bf8a07a310e353,delivered,2018-02-14 23:28:31,2018-02-15 20:46:36,2018-02-16 21:22:24,2018-02-27 00:41:38,2018-03-13,10d1087f8c02d4906ec0d349833b1ef6,2018-02-14
a1cff9f46b83ac0fb525c755e46851f8,9512f6c2d4c5fc7426cc9951329f8b20,delivered,2018-03-14 22:47:12,2018-03-16 03:45:25,2018-03-19 16:54:48,2018-04-26 17:04:23,2018-04-05,efc3228e29419dd0ef4ceb6f4df7ac6e,2018-03-14
1d0e8770169496e47622b6cbc0d10bda,e3cfff24939005d30dd3a046848227d6,delivered,2017-02-22 14:08:00,2017-02-22 14:22:20,2017-02-23 15:14:01,2017-03-01 07:12:57,2017-03-21,c52565cf6f7e14ed8d1ac42b8c142518,2017-02-22
654d83ca191e00d3fa5258cf9ee21543,8218f3aa0d0025daa5ca56fbc3a237fe,delivered,2018-01-05 06:23:02,2018-01-06 02:27:50,2018-01-10 18:23:56,2018-01-16 14:43:32,2018-01-31,9e6c26982325c087c8b96556876eeff6,2018-01-05
d22cef32310bb1950b78612b7c15ae9a,7c15abcfef924a6e0f7865d0982e0cb8,delivered,2018-06-03 09:46:56,2018-06-05 04:51:44,2018-06-05 14:03:00,2018-06-08 11:34:29,2018-07-11,134371de5fd708f95d54039a714e4fb1,2018-06-03
5f5ef03caf7e16f975b0fbd9ac1d3db0,d994da78ae72999d6c55340049fe86b6,delivered,2017-12-05 09:03:48,2017-12-05 11:02:59,2017-12-19 22:20:05,2017-12-29 16:18:52,2018-01-04,af22df18bbe12e5b4eb9236a7c88945b,2017-12-05
a516c9c0848ac05520b05e9e06e981b8,02da7b02a5b13eaa8a12755d27593940,delivered,2017-11-24 18:51:52,2017-11-24 22:15:40,2017-11-27 22:44:36,2017-11-28 19:18:42,2017-12-08,43bd836bbfc9fa973f3062d66984ddd3,2017-11-24
2ca6b9b8798581bc3eca169d3a002f8d,30be2c49f175feabf0d506b1b719e9ed,delivered,2017-06-14 17:47:53,2017-06-14 17:55:13,2017-06-16 13:43:08,2017-06-22 15:08:00,2017-07-05,d904e38f586b796a84a245c60b5ea20b,2017-06-14
7b146a6eac41426787d8f35a3df4a700,60df128a3eed331273ac55fa678deb8a,delivered,2018-03-26 21:47:14,2018-03-28 02:47:26,2018-03-28 18:51:31,2018-04-09 21:22:22,2018-04-06,ee285c8e36ce334381eb9f917832fcb2,2018-03-26
18498dfc9ebdeca5bcf52d70409adb15,30c2a370ec714c4dd8c14de7fe0e00a2,delivered,2018-01-15 12:47:33,2018-01-17 03:35:24,2018-01-17 22:18:35,2018-01-24 15:37:10,2018-02-07,dc8905916946cd9030ff9860e7381221,2018-01-15
52fbc14060ffe1b2c4ab8657fa248084,ae17c6f1f816d6367af9a06561140c16,delivered,2018-02-18 15:06:19,2018-02-18 15:26:42,2018-02-23 19:48:58,2018-03-05 16:49:41,2018-03-13,7c424e7f7c5bf678e833a1a3a39b5d31,2018-02-18
800a5a27188c4ceb9f70a42ce8a556bd,d42e5bc093be3c0811a2155517721375,delivered,2017-05-04 16:51:13,2017-05-05 02:23:50,2017-05-05 14:32:59,2017-05-19 08:57:51,2017-06-02,d01e716d3517c4e8e2adb2a211505c02,2017-05-04
dd2e209a7ec50b29ea0f6f39891e5c5a,b60eb21003d0de2edff23983fd83e2fd,delivered,2017-10-16 16:23:33,2017-10-16 17:02:54,2017-10-18 18:29:58,2017-10-25 19:18:55,2017-11-01,7bf56febc715134c54dff6a212e63d19,2017-10-16
c28999f880aa66431b70511211d4ac6a,2827c6ef386603030760339bd1976189,delivered,2018-04-28 21:06:58,2018-04-28 21:32:25,2018-05-03 08:05:00,2018-05-04 12:09:04,2018-05-16,f08f0644c6d477364a685a7ff366085d,2018-04-28
27d206cb406ccf1605103f9e5339f004,98caa17d5b6f3807225c87381da61931,delivered,2018-01-03 12:54:17,2018-01-03 13:31:53,2018-01-05 11:53:01,2018-01-11 16:52:52,2018-01-31,de60646736f3d1dc30cf120f07634bc7,2018-01-03
130afe1134371f8c69afe4999fc8d671,e42b34f1da8134e1eb83af0ecb8ab308,delivered,2017-08-03 20:52:33,2017-08-03 21:05:14,2017-08-04 18:57:38,2017-08-14 19:10:00,2017-08-25,85419cb194ff68aacff9ab02562f6ab2,2017-08-03
2e3d96522c8c378d4135c12a65c977aa,cd0a090974c3b64acf613c18f9fcfe83,shipped,2017-11-23 17:11:23,2017-11-24 10:11:48,2017-11-27 18:52:06,,2017-12-18,1c157ec47b1201b33c6ea9cc61c966fb,2017-11-23
fec19bf476e77a007cf78400a667ad64,dad59c22880eeb3d23628553ad9bdf3c,delivered,2017-05-27 20:21:07,2017-05-27 20:35:10,2017-05-31 11:57:47,2017-06-05 14:23:40,2017-06-21,83ac21a8884e95bf64e2b34857c60d8d,2017-05-27
9ac6af8b99d3bac9717dfb60bfdaed60,929ee05b81b47fa8730456de87216ab2,delivered,2018-07-22 13:04:52,2018-07-23 11:31:23,2018-07-23 08:46:00,2018-07-26 17:21:37,2018-08-09,f74a075d2c4f68917c7d568df06b1e90,2018-07-22
0b6230647ed16f4b3e70282dc4b5b87f,a86efb07b29b0ab31a5c6047c600edab,delivered,2018-05-16 13:05:37,2018-05-17 19:36:10,2018-05-30 12:38:00,2018-06-12 19:06:34,2018-06-14,ecf7874aa8a2586adf6ca37fab21ecc2,2018-05-16
5448a97fc343f6f23807effd01938241,f22449ebc3dcc171a096c27de4c3a901,delivered,2018-02-28 16:47:08,2018-03-02 02:11:00,2018-03-08 15:06:34,2018-04-12 00:05:00,2018-04-06,44a90aebe64383d8d551ddd72bac9274,2018-02-28
6f3772f092a98dfbb37265f3186ba374,cf27fa6e72bce3581bafc0fce8261a18,canceled,2017-05-26 12:42:13,,,,2017-06-09,3dc61372072b2ba11ac143e93da218e1,2017-05-26
e439c4c76d0ddcee47707e6353dc21af,89d8f6feb5a9c81286b5d34fdfe8042c,delivered,2017-06-08 08:41:16,2017-06-09 02:15:14,2017-06-09 16:33:12,2017-06-21 15:36:55,2017-07-11,3f4d74971a1f73785bb68e45c911e623,2017-06-08
77ed87f3ac41afc8135ce7cf831691d5,b57974de46d4b2474514538cf1451c99,delivered,2018-04-11 17:49:01,2018-04-11 18:10:49,2018-04-17 20:13:24,2018-04-25 01:36:20,2018-04-27,76f0e78bdfd54fe1902260715d2428e9,2018-04-11
de886fcb580e685359a5d359555bf1cd,6d9cfabdaf17081465bf60f32321eaa6,delivered,2017-09-16 09:32:11,2017-09-16 09:45:12,2017-09-19 16:33:45,2017-09-29 23:11:43,2017-10-09,b745964f74fe2c63bffc5802679784f9,2017-09-16
2bd83192ab8f2f55212ebf3eb97cd609,3ffa17760a6f58060722fc5bec444d3a,delivered,2018-05-09 10:43:53,2018-05-09 10:55:25,2018-05-09 16:02:00,2018-05-15 18:28:41,2018-06-19,5517d61ee1936e47fb4f9de281d370e8,2018-05-09
38fa147f3463d7751cb8a2b2455d628c,3aa07c52ba6832f2d4ba030134320b5d,delivered,2017-04-24 20:30:12,2017-04-24 20:45:13,2017-04-25 11:38:15,2017-05-03 13:26:37,2017-05-17,8b4b84dffade27f5ebc63a467529ba30,2017-04-24
b14d78f87f74ceb20b968d853cac66cb,b619b19ef9db35dde9e6e01483e204d7,delivered,2017-06-27 14:33:15,2017-06-28 02:44:19,2017-06-28 16:21:11,2017-07-10 19:41:40,2017-07-17,cbaa90544e1b4f32d030101f53195e36,2017-06-27
f16558dfebe7951628f0f25e6155dcb6,23cbdb36051e1a2dbb401e0d83f91ddc,delivered,2018-07-17 23:24:01,2018-07-19 02:45:25,2018-07-20 13:22:00,2018-07-25 22:04:21,2018-08-02,c18af2b8420b8fc5dc5d9f3a627257ae,2018-07-17
02d84940c88e0c1c91ec65aeb663578d,59f61bb586b093c1815a72b3c129cc8f,delivered,2018-02-03 11:41:57,2018-02-03 11:50:28,2018-02-07 00:36:26,2018-02-07 15:28:52,2018-03-01,afafa66c33b0a2faa7a44479ac846dfa,2018-02-03
f3ef0ddf732dfd6a0c31fe3f8cd3b948,05442d85c4114266feb6a926dacb7580,delivered,2018-06-21 20:47:22,2018-06-21 21:18:11,2018-06-22 14:09:00,2018-06-30 16:25:42,2018-07-04,13739ee4b146d7f384d8687514bd73a6,2018-06-21
aab255ef2ea7066420316c7ae7094fe2,9b21003409394a234def7b16a139b70f,delivered,2018-08-17 18:47:21,2018-08-17 19:10:26,2018-08-20 11:24:00,2018-08-21 14:44:46,2018-08-23,803b4fc75d3fe8c5dbed83f50b3fbd8c,2018-08-17
25a35f3ddac45387a6140eefc740d2a5,a41d43f55131377f2491f8ac6f9cdf20,delivered,2017-08-22 16:09:36,2017-08-22 16:27:35,2017-08-23 18:58:56,2017-08-24 18:11:40,2017-09-04,c30734fdc2ef048650a24fe829987c5d,2017-08-22
6f9f51617d16189c2f4cd4e84f92afce,eca75e9adc8c91318ff3031a136b5130,delivered,2018-05-02 00:14:36,2018-05-02 00:34:04,2018-05-03 15:09:00,2018-05-04 20:12:01,2018-05-21,2ec904e60190e21e22178cf6b3c44a7e,2018-05-02
ef6fc648385ffc846ee9b98cf2492d59,69ca21797c2f506e1776ff086dd987f9,delivered,2018-02-06 19:46:51,2018-02-06 20:50:49,2018-02-07 23:47:35,2018-02-16 18:48:36,2018-03-06,74b9d75c6668eb6085d39795dd645ad7,2018-02-06
e7e818ad5eb0eddc4d7fb9bdade265dd,d7ef5b9915f1b49111337dc50f579ea1,delivered,2018-06-09 14:20:15,2018-06-09 14:35:14,2018-06-11 06:18:00,2018-06-20 00:20:45,2018-07-13,4be16229ffa58b1766bb7174eaea7733,2018-06-09
8a73953585d1e53096b1003a5e2dfa4b,f22b65b568ee679fc4f343391919c54d,delivered,2018-03-05 14:46:20,2018-03-05 15:49:42,2018-03-06 20:17:58,2018-03-12 21:40:37,2018-04-02,2fb26b647f18a969975dc6a002874457,2018-03-05
d9c720e3a638349cc85d8f2f1eff6ab7,a881d768651dbf7f348ee3eb81e18139,delivered,2018-06-09 19:07:39,2018-06-09 19:15:20,2018-06-11 17:17:00,2018-06-12 15:33:09,2018-06-20,ed6fafe11652bd9d6ba577ed8515648b,2018-06-09
ec6e95dcca4c512f5302ba944bb0e2b4,8509865d572d9f571742875e5a6b41a9,delivered,2018-01-26 14:45:19,2018-01-26 14:59:15,2018-01-29 21:52:38,2018-02-02 19:24:02,2018-02-19,225863ebbe46957d060c6201b4dd0bd4,2018-01-26
05ed121680df9ec2f89d4dc29310333a,05c21a5b935941bf33883571a74defa9,delivered,2018-03-05 07:27:39,2018-03-06 04:08:25,2018-03-07 18:33:58,2018-03-29 23:28:42,2018-03-26,9e42e11d74df0c7c820af9de1c45febd,2018-03-05
d4daa9ee1fe28458773297759dbfe2bc,6519f59a7687a4661f7c8a7e24f28f94,delivered,2018-05-08 11:15:05,2018-05-10 02:57:14,2018-05-11 19:00:00,2018-05-14 21:36:38,2018-05-21,324ce23e08a1768007118a11836ea7d3,2018-05-08
cbcd88d04afac8b9bfc8e6d7a7f6e491,91b4af9b2ac8383791cbdd789c95383b,delivered,2018-05-09 10:43:39,2018-05-11 03:37:38,2018-05-11 18:17:00,2018-05-14 16:08:52,2018-05-17,dad2b9734862207818c448f17ebe99ff,2018-05-09
2d17c499d9ed8dbdfb97368c0f322dc0,075e31dfbe61654855be4e32392358e5,delivered,2018-02-17 12:06:46,2018-02-17 12:15:25,2018-02-20 10:22:32,2018-02-27 21:24:52,2018-03-16,a8b4071c5bd64c07c369d13a5e72489b,2018-02-17
e077d52f6cbef7bb5e3e3e147e44a189,7569ca3fd4cac49c36300b217d638628,delivered,2017-11-05 19:45:10,2017-11-07 07:30:48,2017-11-16 19:56:52,2017-11-28 17:04:42,2017-11-24,73782acd986b766778b686b42441bf0e,2017-11-05
a7cc09fb58107d971a9b1f94e176a910,5e3946a8c130e68f45ccced8781e419e,delivered,2018-04-21 20:55:09,2018-04-24 18:09:42,2018-04-23 20:30:52,2018-05-03 21:46:26,2018-05-15,8af8fb7b963ecfc22a7bc475c89a042c,2018-04-21
4552d969c2ffe2ac446b7a970e6953fc,3b0b34191384cc53acb9197de6d8f3a4,delivered,2017-10-06 18:38:28,2017-10-06 19:49:18,2017-10-20 18:47:25,2017-10-23 19:50:07,2017-10-24,e53821a413d5b137cd9005b41f09dfe0,2017-10-06
2499ab8c0f7060efb2d80d1870716aeb,547509d91533b2cccf46afac69761fd0,delivered,2018-05-17 16:46:36,2018-05-18 00:55:23,2018-05-22 15:31:00,2018-06-08 15:12:28,2018-06-05,9d292e39c735566a5cb27b7c54dc94a7,2018-05-17
723eb8a15a9c1cd6038c3af64f0b0fad,bce59a361a8800fd7f430a5617ffe165,delivered,2017-05-26 13:08:15,2017-05-26 13:22:26,2017-05-26 14:47:55,2017-06-07 16:24:36,2017-06-29,3673d82699663f34381266a02d73892a,2017-05-26
9ddce686be2661872d8a63788bd96cbe,1617a08d5850cf9628908bf7339c4245,delivered,2017-05-01 19:21:07,2017-05-01 19:30:21,2017-05-05 15:17:50,2017-06-03 14:22:13,2017-06-02,ba7732cbeb7711ce8f27dfb225f5c0c5,2017-05-01
3611d4d344fa0dac68f00c56184ae7c6,e2717e34c75024c80c64b0a32ec494c0,delivered,2018-02-14 15:08:36,2018-02-14 15:25:23,2018-02-15 20:58:42,2018-02-22 17:08:03,2018-03-12,443c199c0f44e80cc90bd4ccd28fde0c,2018-02-14
571ceb25e5db8f2493bdc932ae31e994,e04d54b5ba132b01e15cf50ccde581a6,delivered,2018-01-08 08:53:52,2018-01-08 09:07:58,2018-01-11 01:40:32,2018-01-16 14:41:43,2018-02-02,60fa2abe7171194126ecb847281cb81e,2018-01-08
212c15b59573b9d8f5237f680f1f4719,1596ba8ece28220881f4ac1e07014b39,delivered,2017-08-09 10:08:24,2017-08-09 10:24:31,2017-08-11 18:09:55,2017-08-15 18:27:48,2017-08-30,9c8930fc25773dc854b9ab22f8539d60,2017-08-09
f186d03d544280e8b47474d4ca836ac5,e9834259b7af39831ea294e02ea07a54,delivered,2017-05-12 15:34:02,2017-05-12 16:02:40,2017-05-15 11:53:57,2017-05-18 09:11:41,2017-05-22,016846e2dd862cba9a2a10eff5ac244f,2017-05-12
681b8fe190dea1a0fcb73637796862c5,ea8b39e51d9127623cdc47baf2ce8762,delivered,2018-02-02 20:29:04,2018-02-02 20:50:56,2018-02-07 20:18:57,2018-03-05 20:54:36,2018-03-02,fbe8f71f1b22c564e43ba393205b96a2,2018-02-02
e7666f6bc0e98144ecc793ddbbdccc08,b0902450a721bbf06e520c99318a63a0,delivered,2018-01-23 14:58:44,2018-01-23 15:12:54,2018-01-31 19:07:57,2018-02-01 18:54:33,2018-02-07,189734a65b808694f1ad7cf658649fae,2018-01-23
e4798e36e5f3fb9c75a695fdb0a2936a,4951c120d471e3e81f9c23fdf62e0f10,delivered,2017-05-09 13:49:02,2017-05-10 02:45:33,2017-05-10 10:57:21,2017-05-11 08:36:32,2017-05-17,70eef2ecaf5359dde34d2e405dffb93c,2017-05-09
e1a6a65ef3f7bc155b0e21555a728931,63a710384d8293cd7dc192503569a34e,delivered,2017-10-18 13:43:32,2017-10-18 13:56:15,2017-10-19 20:46:50,2017-10-23 20:52:04,2017-11-09,aa36422413a4f36d85ac4952e85925d7,2017-10-18
c62b6637a1c509d71c093e1e950c2ece,1d291010b33949bf8c1d8b1338d15daa,delivered,2017-10-02 18:14:44,2017-10-02 18:28:18,2017-10-04 16:09:18,2017-10-09 22:22:12,2017-10-24,0e6f3ac5f2a6f29847b9e8ffb39a4af8,2017-10-02
98efe48952662e6a45a1dc51770039d2,c2834e3d708a9530dbe9ac9b9e81a3df,delivered,2018-06-16 07:41:21,2018-06-16 07:58:21,2018-06-20 17:17:00,2018-06-25 15:36:35,2018-07-16,69bca851efc5475da13b7afd0633fef0,2018-06-16
1f04f45771eed910a8d58e5c52604660,eaf673c8640de260cb58679e0e159cb4,delivered,2018-02-19 13:42:51,2018-02-19 13:50:57,2018-02-23 01:03:49,2018-03-07 22:52:10,2018-03-13,e03684ee60e4f8113ddbe25a1a33d4a3,2018-02-19
0a00e9b0112a0e7ba031426a31659196,d6ae8fb84a31394c5efdbb375c1d49ab,delivered,2018-08-06 13:32:49,2018-08-08 04:35:17,2018-08-08 13:23:00,2018-08-15 18:26:42,2018-08-22,5ee8fe956c2631afc0a1dcc1920d0e3d,2018-08-06
0a46b68a258a6a2a44012e312063afa9,1ab9a596215dd981d4af34b1f89eadca,delivered,2018-02-01 11:58:40,2018-02-02 02:54:33,2018-02-02 16:15:04,2018-02-17 15:04:20,2018-03-12,b19097869ce8fc97a3555a8748e74c26,2018-02-01
3f44656d9d3ebf0e6a4932454ad04ca0,336b6f8b290fd1dcbf2f9011c0fa6f5a,delivered,2018-01-02 16:17:43,2018-01-02 16:30:27,2018-01-03 21:42:45,2018-01-09 17:37:03,2018-01-31,586d4b1a6b454e8da0d79170755d38bf,2018-01-02
9480685ea21e5f7710d04bd2bc5a5b39,410c29f04861e22c4168818442128938,delivered,2017-12-02 21:36:15,2017-12-05 04:17:32,2017-12-09 09:51:30,2017-12-17 20:29:57,2017-12-29,5121548ab605cd18cc133074f17c0aaa,2017-12-02
3403652cfc8a16f52dee61e12bbf1734,51b18b1df1acca444689cf28ca0632d2,delivered,2017-12-04 20:29:17,2017-12-04 20:38:22,2017-12-05 23:04:24,2017-12-19 19:48:48,2017-12-27,d9d30bd89897b5cd46bf28d4b3cab528,2017-12-04
3d5aa3b04a54208866a9a716d80e6b89,8eb106d11a08c40ba310649b452427a8,delivered,2017-07-12 02:21:38,2017-07-13 02:56:11,2017-07-13 12:09:27,2017-07-24 19:55:02,2017-08-09,4f9a5bc62210556567852fb857dbb12b,2017-07-12
8f696262d8132fbdbce8c529808084dc,978e12fa282adbbfdf238bbfc43bbc32,delivered,2018-03-26 13:43:36,2018-03-26 14:13:43,2018-03-27 19:52:08,2018-04-04 17:03:59,2018-04-12,a2027a1c6f9e04a875c44ea09061d3f2,2018-03-26
e1e4ca9c13b18a9460faf44eac336bfa,5f70b88d3ca33ef00c753f350cdbc83d,delivered,2018-01-10 10:31:41,2018-01-10 10:49:29,2018-01-13 01:21:34,2018-01-24 15:32:32,2018-02-06,39aaabcbaa2141629e926ef1fb36abd0,2018-01-10
a84c6f3ee879e72955a3fcaa2dc55771,836d36fe0e20e7fe17d828cb4af09008,delivered,2017-04-10 22:31:06,2017-04-12 02:42:29,2017-04-17 14:54:11,2017-04-27 12:19:26,2017-05-10,d0b4d070b79dfda98aed0d61463d99ec,2017-04-10
b9ae09da0b039cc190c9d1cb607a4392,bf5b4a36dd34728d4ef30e6085f22ab3,delivered,2017-11-02 10:58:20,2017-11-02 11:10:45,2017-11-03 22:25:52,2017-11-10 20:54:33,2017-11-28,fc360164eb368b0eb12c1d5eb2bf5e0d,2017-11-02
f1096b41dcbdf89e08328fe0a54ab07c,d11cb171825cb0bf398f3af72f53192f,delivered,2018-03-21 10:31:28,2018-03-22 10:29:30,2018-04-05 13:16:58,2018-04-27 19:18:46,2018-04-18,e2a79ea0b1f1937a8c182eadad5f4067,2018-03-21
32cba3ccd7c1594ef6f9bc886ae3a460,f23196bafc986b19ef1376642e907527,delivered,2017-10-23 12:08:17,2017-10-23 12:21:20,2017-10-26 19:17:55,2017-11-01 18:57:36,2017-11-16,2fe30ce97e6095e24a1d9d4d08efc86b,2017-10-23
1146fb180e28dfbfdbfabd7249026429,7dbbcbff88444c3fcce705d185a3c024,delivered,2018-02-23 11:04:11,2018-02-23 11:30:40,2018-02-28 20:47:34,2018-03-03 14:04:16,2018-03-16,cc89b537cb7f19d25792c3234673146e,2018-02-23
c76a39319cf13b7f3b9e3bded3315f86,5703f4cb0c712d838bee4c53f7655c6a,delivered,2017-05-11 01:40:51,2017-05-11 01:50:15,2017-05-15 13:16:51,2017-05-19 09:04:57,2017-05-31,440a2f9c69e6ca7bd76d86ed19ce329c,2017-05-11
6d166a44957a119a79b6213272be7841,42aea70a3c46ebc54431c9cdc496ace6,delivered,2017-08-07 17:34:04,2017-08-07 17:50:19,2017-08-11 19:11:43,2017-08-24 15:47:46,2017-08-29,2a597df7087f2b3032a62b0b142260a3,2017-08-07
2a631e30de2dfb9f193f5f25f13a3a36,b1d892aa7b187f3e981f1ee0f4799f59,delivered,2018-03-14 09:44:29,2018-03-14 10:28:03,2018-03-14 23:21:16,2018-03-23 20:41:40,2018-04-05,6218b5a6dd2e7dbb9e7c4e543bb27743,2018-03-14
05426618bfbb87e04fdd3a60a5bfef38,60eff00208ce766f18aed247d50c4cba,delivered,2018-07-19 19:39:12,2018-07-19 19:50:10,2018-07-20 16:08:00,2018-07-30 16:12:14,2018-08-13,124ef8d5acc80858c69d34e3e08b572d,2018-07-19
b19157c739687db4c2150c98b715be45,d92e618309ada8c1a0ad0262cfe02ea2,delivered,2017-11-16 17:06:25,2017-11-16 17:15:51,2017-11-21 16:13:07,2017-11-28 15:58:58,2017-12-05,64122d8d376b5029bd81ba8b153dff8f,2017-11-16
78a040518000bd952718c7c856d1d3fc,f89dfd053604484eaa990ca4f8a0ece2,delivered,2017-04-24 22:34:57,2017-04-25 11:15:12,2017-04-25 12:53:16,2017-05-05 18:27:51,2017-05-18,6620b53e2b76b2ccf10995144d060bd6,2017-04-24
beb26e1a5f2e5c3c0d0367c82b2f5849,48096908574b82eb70950c339d4373ee,delivered,2018-02-12 19:04:46,2018-02-16 07:50:56,2018-02-16 23:48:59,2018-03-07 16:56:46,2018-03-14,01af16b985b3ad90d75333691e2da6ab,2018-02-12
1dc515b4707d902bf791694a88e51d83,b7eb8f8399336228bb39564d05bafbd6,delivered,2017-10-20 16:01:29,2017-10-20 16:14:35,2017-10-24 11:46:06,2017-10-27 17:05:07,2017-11-08,761188065f84481a27d8a8d3da08fc60,2017-10-20
51b961a61693c869d201aee32178ad77,c349ba43b52928ebdd45c31c6f741d6e,delivered,2018-02-22 17:50:41,2018-02-23 02:31:17,2018-02-23 23:28:49,2018-03-12 15:44:31,2018-03-19,a79f36eeda1b76d13d0eb3a534981bd7,2018-02-22
ab086c339b4c94681a4758724c5ceecc,e274a4472f8b3ceac646447f71d3afce,delivered,2018-08-23 17:09:58,2018-08-23 17:25:13,2018-08-28 13:25:00,2018-08-30 16:27:40,2018-09-24,38d77e3af0505e566cd54346679fa3bd,2018-08-23
fbacbe04cbdc1c9aadf3409a9aa1e9a0,174ab3e10eca3720a1690756f6b9a41e,delivered,2018-03-16 11:57:49,2018-03-16 12:10:28,2018-03-17 00:38:52,2018-03-21 16:35:52,2018-04-10,77357cb86986e9d7c796d4c7459b9434,2018-03-16
008eaf9004164883520d0bd32b107261,b2a65630374da38ec0653226f3ea4dbb,delivered,2017-07-10 20:42:56,2017-07-12 02:10:13,2017-07-14 13:47:42,2017-07-21 20:34:41,2017-08-08,b7eccb8247dce2f986bc667143eb475e,2017-07-10
881a958cb19a9f7d316cec8af42685b2,98b139cb66bbb2eb92119b5ce3d42fa0,delivered,2018-01-24 17:17:05,2018-01-24 17:33:00,2018-01-26 19:25:47,2018-01-29 23:33:55,2018-02-08,8d4d98379b6e9d5aa79c2553327e1685,2018-01-24
12fd4ba303cb9951f45b3ce9b6ba764b,8b4639324f4de248b5196a893aaad0eb,delivered,2018-03-18 21:13:46,2018-03-18 21:30:28,2018-03-19 22:46:39,2018-04-10 22:14:46,2018-04-13,221492f5b34169eb3973e16b81f59b26,2018-03-18
78897a5fe1c573c63f82070220ff2da5,2c4c10219e88c96182dd31e470b89c6d,delivered,2018-08-22 14:53:58,2018-08-23 14:50:22,2018-08-24 12:26:00,2018-08-31 02:36:23,2018-09-04,ebc2a17ea966619e7087a1ccaefc0b65,2018-08-22
bf5026cff67c23ae27d65510d8ddf30e,110d797e5a5055538df046c2cad8f3d4,delivered,2017-05-19 18:12:19,2017-05-19 18:30:26,2017-05-23 13:00:57,2017-05-25 16:34:06,2017-06-09,1a4d4db5393b394803df246ca68872b4,2017-05-19
798e490407d2a787a92d3b4769cd94a1,e05192daa12f2f52c5a1ba6acc464b8d,delivered,2017-11-24 00:57:29,2017-11-24 01:29:11,2017-11-24 17:46:44,2017-11-27 13:54:02,2017-12-08,9e9106b7e373b03f97600001045abae5,2017-11-24
d671370d11048a2dab56335d3d91823e,f434242d1d0dc1d70997f01f7d02e065,delivered,2017-11-25 07:57:14,2017-11-25 08:15:27,2017-11-30 18:44:40,2017-12-29 20:18:52,2017-12-19,c054e4e459844114768fa2aa954bd471,2017-11-25
68dfc0cac13912ba836bc59a40e10509,0fb6e4efad5a7bb20128df51837fcfc5,delivered,2018-03-03 21:59:29,2018-03-03 22:31:10,2018-03-06 23:38:33,2018-03-08 19:36:29,2018-03-15,78c52c4bf8ccd7447802530656e3d7a3,2018-03-03
6db9a7ff76608a32f0f526347572046f,f36148be7e27209db77b24b2fc7d0c13,delivered,2017-04-22 11:42:28,2017-04-22 11:50:19,2017-04-24 11:02:01,2017-05-11 10:47:59,2017-05-26,e57108b4312d9fd8c44fefed8294edb5,2017-04-22
840cfabd91dbe1c98ad86fe2e7bc3ad7,3370295abeafe41d497d1d993f57d7c9,delivered,2017-10-17 01:19:17,2017-10-18 02:58:57,2017-10-19 19:00:30,2017-10-26 21:08:28,2017-11-09,d2303e113ab570be6816c67d949176c3,2017-10-17
6add4f25c1ffe76a240131e1e2158b1a,106a04e2dd5442bf459d06af3d28c625,delivered,2018-05-26 13:12:31,2018-05-26 13:38:12,2018-05-28 15:55:00,2018-06-09 15:51:08,2018-07-11,af361e6472bebb98baf67b62201f9abb,2018-05-26
12e4a8a3ce5999f5d237b1e27b06c60c,c0d06b9010ee9c967e59e4132bab9f0d,delivered,2018-08-06 09:09:46,2018-08-06 09:24:33,2018-08-07 14:06:00,2018-08-21 20:08:43,2018-09-11,839a04051a2c347397fd425d01fc3eb2,2018-08-06
1a510b9dad9c83a12012f3e801a015d0,ae48bf01c67e0a7949748fb660c09d37,delivered,2017-08-20 14:58:51,2017-08-20 15:05:19,2017-08-22 14:56:44,2017-08-28 18:27:49,2017-09-11,3520e4bf75da7b02b3eb9f1218a13ca5,2017-08-20
12b3cb06983f9c76f13d142a0eccb640,7be0c64fb878990a23edc4db7516bb0d,delivered,2018-05-22 22:07:46,2018-05-24 02:34:50,2018-06-06 11:20:00,2018-06-09 00:06:23,2018-06-14,51a7e650cdc4c26aadc7708c1cb656e2,2018-05-22
11572de9a5e342dcd81a2843b998d4d6,0a558d12e4f17bdc05e2a498747d0e07,delivered,2018-08-12 13:02:52,2018-08-12 13:15:11,2018-08-13 12:19:00,2018-08-15 19:47:47,2018-08-23,3244c349f0f8e4ec33a820cb7ed2091e,2018-08-12
0c9c2a32f57d7b49bacbe81e5534cbba,fe35fc9623da5e8bffda3ea33249dd5f,delivered,2018-08-06 17:38:02,2018-08-06 17:50:26,2018-08-08 18:21:00,2018-08-15 03:12:26,2018-08-17,efc78f35678bb3e91c9e20ba663d18fb,2018-08-06
419aa3b89330662c6c903d25b3be8619,f1ae10afb8ffce973dc435056dd3634c,delivered,2018-04-11 10:47:52,2018-04-11 11:10:56,2018-04-14 00:08:34,2018-04-19 22:22:24,2018-05-02,82cd8a647fc34614fde430b3285b913e,2018-04-11
52f8732e6b72c0e21fa23aa1101c88ea,ec4cf575b6ac1e83cbadda96d884d181,delivered,2018-04-24 22:33:30,2018-04-25 17:12:46,2018-05-09 15:14:00,2018-05-10 19:19:49,2018-05-23,92c35eb370ee5a2869ced5c3084d299e,2018-04-24
1b2e44e830918f5c5e04b447ba4e9060,a5a6d4a071449fd27f47387b98e3b76b,delivered,2017-10-31 00:01:18,2017-10-31 00:15:21,2017-10-31 16:53:39,2017-11-01 23:53:42,2017-11-08,a9b61ba333b469e49f16885f14ac6b40,2017-10-31
542def2bcb1a98c1ad42b899b560ae53,ba50da1ffe30c57a7b597d8c8f917193,delivered,2017-06-30 17:52:06,2017-06-30 18:05:12,2017-07-03 15:36:45,2017-07-08 14:08:36,2017-07-20,60e0627c0c657fd6c6999cb0eebe0c62,2017-06-30
07b21e603088925f04bb9034954fe5fa,3161a1718e27e1af7db824fd410c25b1,delivered,2018-05-09 08:56:03,2018-05-11 03:37:29,2018-05-11 13:33:00,2018-05-24 18:05:15,2018-06-07,56b592500363e81dc6c21757ec5d2497,2018-05-09
10301e5344cb0afaf8df8ab85051ce2e,5ccf71718d9dfedb398e1e8dc89840c3,delivered,2017-04-09 12:12:04,2017-04-09 12:25:53,2017-04-10 16:17:49,2017-04-13 16:53:19,2017-05-08,71cfe83fce2ee15a5b19f5357afdd0ac,2017-04-09
a3b689139778b720d33d0a5c8b1d344d,df9db16c77bd14a170dded942c20c8bc,delivered,2017-10-16 18:03:19,2017-10-16 18:24:49,2017-10-18 18:02:57,2017-10-23 18:45:10,2017-11-28,1bc81a9639506e534ca317d5f350184a,2017-10-16
d6b59aff700e82a5581e74b3856fbaab,72add8d7d9393b84c45f92196ff85f29,delivered,2018-06-24 17:12:30,2018-06-24 17:34:10,2018-07-03 14:41:00,2018-07-06 17:35:42,2018-07-24,a0dd7cab6c49d17a18981782d25466da,2018-06-24
feea392f967ca802356423ab50673a92,f658dc781fddbf12eb086be4d8228663,delivered,2017-12-14 14:13:35,2017-12-14 14:32:57,2017-12-15 21:44:46,2017-12-28 19:14:04,2018-01-17,ff94fd009b5a961313d7b3f2a1536c59,2017-12-14
23371f485b357c6cc3987ceec664e973,7e5e938f81a54af60f28aebba0d4e899,delivered,2018-07-14 11:33:55,2018-07-17 05:30:39,2018-07-17 14:00:00,2018-07-26 18:36:33,2018-08-03,94cd1a6c9114291539536b858026192b,2018-07-14
7741920e0d6fbe24002521fc9a6a9296,b2c356033817f0ae441e1150b19c2d22,delivered,2017-06-16 16:49:52,2017-06-16 17:02:59,2017-06-19 19:04:24,2017-06-28 08:46:42,2017-07-10,0872edb299cc877db83f28df3d3f5ecf,2017-06-16
dbdca64c9588e8e426af7f9244a7c546,601a560d4b23a44c2fa46d012210992e,delivered,2018-01-08 09:35:21,2018-01-09 07:22:45,2018-01-10 22:30:22,2018-02-03 18:40:13,2018-02-07,01b0e04852a70de5404609e82e8fc0ba,2018-01-08
336b23be3e03293e27330af8c716f0da,22e91bfa903e38dfd2ca23f7e5d650ae,delivered,2018-03-17 13:54:33,2018-03-17 14:10:24,2018-03-29 20:05:38,2018-04-04 14:46:40,2018-04-17,2979ee9a051b1e82604d7dfbfcec73ec,2018-03-17
3a203dae3518150da6b12031076d6cff,220634de361280bbddac4dc3feb47d21,delivered,2017-04-27 12:51:37,2017-04-27 13:25:28,2017-05-03 12:42:34,2017-05-22 14:04:45,2017-06-22,2a6acf3cb8bdeafa065e144d2d7e7686,2017-04-27
b895ff08d9469500cf3c3b1ebdee68f0,95a9ff2b2271177a20453388698d84c0,delivered,2017-11-18 18:10:37,2017-11-18 18:26:58,2017-11-21 13:17:08,2017-12-07 21:09:13,2017-12-14,f97728fbe52bd3488a86af320eb0d033,2017-11-18
cf1a41ef29ec5a9935e2d1809af97312,baede87c2d2b3c061039482314cd988e,delivered,2018-03-16 14:56:18,2018-03-16 15:09:42,2018-03-19 19:28:23,2018-04-04 20:58:44,2018-04-10,598ef1f13aba15f2b88387184f6c25ec,2018-03-16
db02019c217bc64e86e43a98890e552a,4fac0d504fb42e5fa2fa0c666d1d6d81,delivered,2018-01-05 00:22:34,2018-01-05 01:32:24,2018-01-05 17:38:20,2018-01-22 22:23:35,2018-02-05,d152b301d4cb276390871a3d0d24c90a,2018-01-05
80ee0a82f590558e393bafe1232ae1f9,23cc364ad40066c905c1a07e4971621a,delivered,2017-05-18 11:00:04,2017-05-18 11:10:17,2017-05-26 07:37:54,2017-05-29 11:42:20,2017-06-14,0a02dbe692eac7f76ae34c30c00f6adb,2017-05-18
45875d4bdc0209b3020175f4151d9850,ee9396d603a68c2c666ea2f0753d256d,canceled,2018-05-17 16:38:50,2018-05-18 00:14:48,,,2018-05-29,eccc96172ce0081936206d5b5bdde155,2018-05-17
92513d9a04507b68515a1866806bcf6c,122e1d8f580d56ec9462af1fc65a4a56,delivered,2018-08-17 17:59:38,2018-08-17 18:10:20,2018-08-20 14:00:00,2018-08-24 23:41:31,2018-08-28,bb2963f03563277870bc497a71c239a0,2018-08-17
522b2777aac040e0393106af251e3a1a,2e6c46d88036d32a6244dc422fdbcb54,delivered,2017-07-13 17:53:07,2017-07-15 03:25:54,2017-07-17 18:57:36,2017-08-07 12:56:55,2017-08-04,25dbd63e1d753e41c901ba5589216811,2017-07-13
57a82955454fb2a9a18633d841ac480d,d444a4b4041d3548e01c57b178615b56,delivered,2017-10-13 10:47:11,2017-10-13 10:56:23,2017-10-16 21:05:00,2017-10-18 22:42:28,2017-10-25,a4c10d770c0af2b5e7eb9d35900eb329,2017-10-13
e8606bd877aee06d98501a6436ee8576,20c6e80eac41498aa2df150ffd6b4acb,delivered,2017-09-18 18:09:20,2017-09-18 18:25:13,2017-09-20 21:23:58,2017-09-29 12:21:40,2017-10-04,9eb01074fe5016894cc56c59b75481e8,2017-09-18
50bc3ad74263a2d98d61098a008bf166,6efc35bf138c5027a60a0d358d402fd2,delivered,2017-10-19 15:38:04,2017-10-21 02:49:39,2017-10-24 15:59:52,2017-10-31 17:59:53,2017-11-09,4dba16725f1e86fe9712c5046ee7009d,2017-10-19
42bfc988bbf084b1a7931003522a3ba6,90cd3c1335ea14527183b56a1e285809,delivered,2018-06-20 21:00:41,2018-06-21 03:17:52,2018-07-04 15:03:00,2018-07-10 17:44:33,2018-07-26,de2612d8183809d97f180eaba8d8a759,2018-06-20
2a3d67c0d2045bf67abb3d8f320ac29f,596201f6091e62ac70da64aad9d0ba58,delivered,2017-01-21 18:17:14,2017-01-21 18:30:10,2017-01-23 14:32:55,2017-01-30 16:12:18,2017-02-28,f801278dc42ce9d4773cb91ad0e21ab8,2017-01-21
27a6ada08a4daaa908ef8f862441e486,6bee504481a56460103ddf7f6d23ac98,delivered,2018-01-30 11:24:41,2018-01-31 13:32:18,2018-02-05 19:32:21,2018-02-22 22:16:53,2018-02-22,34de78d15366663da947a58b7e9aa88b,2018-01-30
18106b93c4a03b618998d249d2249433,0ba3ac8dad569436d0c77de79c102b01,delivered,2017-11-19 16:09:04,2017-11-20 16:14:22,2017-11-21 15:08:51,2017-12-09 16:26:53,2017-12-13,242a653bd921522aba2f0ab9e661035e,2017-11-19
e919a8a3ee2a37858e8b5136a6ac5fd4,b25b88372b9bd71f0da55024731bcfce,delivered,2017-08-16 20:22:28,2017-08-18 02:35:19,2017-08-18 16:32:45,2017-08-24 16:12:32,2017-09-12,6c0251cb0bdf77882444458809b84a13,2017-08-16
2669093ac4da5e6445749e5e36e24c6c,f836b48f2ee74cdb3fa9bcab656902df,delivered,2017-07-31 11:59:28,2017-07-31 12:10:18,2017-08-02 18:13:45,2017-08-07 14:37:26,2017-08-17,a8df4001abe77cf8473902c2b7efe418,2017-07-31
ac284fb15053d666dfb6128354f0e662,7a4e42927347804cbbc5b584d003bef6,delivered,2018-08-22 14:14:50,2018-08-22 14:25:19,2018-08-22 13:46:00,2018-08-28 21:32:27,2018-09-14,7f7e4fd22c2dd6ef9fdbf6431a6878a0,2018-08-22
ee9ca989fc93ba09a6eddc250ce01742,eed931d3a5222a9a511d18be7fd2a5ba,delivered,2017-05-12 16:24:51,2017-05-12 16:35:21,2017-05-18 15:24:38,2017-05-24 12:26:59,2017-05-30,24f12460aad399ba18f4ed2c2fbab65d,2017-05-12
0cf8368e4bd533308d1d3b77bd9f2844,300b0dd79dc0dd388ee25b66631ea2ef,delivered,2017-07-12 21:25:11,2017-07-13 17:30:11,2017-07-14 15:47:50,2017-07-27 18:44:45,2017-08-15,882018aa6cf013023d00cd4793119d09,2017-07-12
5b5153bb02f4f2e953e5a87aa1cc8389,7f52398a75fde579f87d3a1a41b3e665,delivered,2018-04-02 15:09:04,2018-04-02 15:32:32,2018-04-03 19:58:41,2018-04-23 20:36:44,2018-04-25,390254e1cfc59ba1ad23b31339b00262,2018-04-02
541e38b8cb17dc622161e1e475b308bd,973b7fb9752333c4abd3975a397cda2e,delivered,2017-03-13 21:19:38,2017-03-13 21:19:38,2017-03-15 12:11:21,2017-03-24 15:07:18,2017-04-05,ddecc2a6b8a440a500eb8fbcf933e0e7,2017-03-13
32a125a6a8216eaa745d0e33eabc4218,0641d9adafb540d8a4cbb584a9b4ea03,delivered,2017-10-03 07:34:54,2017-10-04 02:56:31,2017-10-10 21:02:44,2017-10-17 14:24:49,2017-10-25,ba7f2cbda8cf2d009f48445c456aac83,2017-10-03
08f037463ef8a43a35237ad2029f316b,7c29841bc24b6a0a94f8f6a9769fb54c,delivered,2018-05-22 21:30:02,2018-05-23 15:35:27,2018-05-24 15:02:00,2018-06-05 20:52:10,2018-06-06,489ff79f7fc2564021169d12099dd000,2018-05-22
fb7adb432e30eeecceeca74ee261fc36,8ca8e4658e8e33b72a7f44bbe38ce1cb,delivered,2018-05-25 18:16:58,2018-05-26 10:58:41,2018-05-28 14:08:00,2018-06-19 21:22:12,2018-07-03,45a20edc21aac55ef059cab590ba8630,2018-05-25
10a44d7bc8f54ea814e6020e0f3e5fbe,69e814803fa51a94821c0064b6d82cb3,delivered,2018-07-24 19:32:32,2018-07-24 19:45:16,2018-07-25 15:34:00,2018-08-06 19:34:35,2018-08-15,16214024bcda924a638b177e39976b26,2018-07-24
abbfc7ae64d171744f8143a68e3cbe1a,a7ab0106cecc1a6a3a73465346876ea0,delivered,2018-06-07 18:53:32,2018-06-07 19:16:43,2018-06-08 14:40:00,2018-06-13 16:10:58,2018-07-03,56e712c4cd3247a596f8806f950459bc,2018-06-07
7955ebc3660bd2a004a4eaa016b3a190,cea436373ebc00f078516007dc42df58,delivered,2017-05-23 11:14:47,2017-05-23 11:25:12,2017-05-24 11:04:09,2017-06-08 16:06:58,2017-07-20,7602f4c1c00cb2bd7247068e613b051c,2017-05-23
1b8f75e29021e163d5b4005bbde9a82f,a28d20c8d4d653a65bab71ff43c9dea2,delivered,2017-11-18 17:05:58,2017-11-18 17:26:16,2017-11-22 21:22:44,2017-12-05 19:03:26,2017-12-15,922e15ce9c01f0a09b6883fcbf89c17d,2017-11-18
71425ecd58b4f20236e557902a9743f7,27f23d8561167f6d79c935f4bd5c80a4,delivered,2018-01-10 22:35:16,2018-01-10 22:52:26,2018-01-13 02:42:59,2018-01-25 23:37:33,2018-02-08,f6e1a12a24f9a799e56458023370f25c,2018-01-10
d646d163f7d7fceab2954628f695a033,0600e7baad27ff0e4791e270351cccf1,delivered,2017-11-07 18:39:46,2017-11-07 18:50:40,2017-11-09 19:45:55,2017-11-20 17:52:52,2017-11-29,7430c8599914c7eabc07887a6edc1c6a,2017-11-07
acfed64ad00ae8fe023c91e65fb3f85d,9b3319b3639c92cd2e4a99bdfd0595c7,delivered,2018-05-09 15:45:53,2018-05-09 18:54:11,2018-05-10 15:24:00,2018-05-11 21:28:54,2018-05-21,aed3c0fa0e6755932b9d0ac2e1fd3557,2018-05-09
aee1d58c19e4c807e9b27cb48398df82,da5d96580f18bbaa1b06d6678cb50acc,delivered,2018-04-16 20:16:20,2018-04-16 20:51:34,2018-04-18 22:28:32,2018-04-24 21:34:41,2018-05-22,351610a6094bfd86fe97e6e88a3059e3,2018-04-16
5b11be6198779a98de48e7ad6ad1c941,67fa506d20ee22b03dadaa961aead8ca,delivered,2018-06-15 11:30:25,2018-06-15 11:59:16,2018-06-18 15:40:00,2018-06-25 18:58:30,2018-07-18,2bf16a69ae39c5409bd761994247d690,2018-06-15
70a272d1c01754b91a8709ae7efe27be,cc1b10d7aa89d1e6b6ed4e336129ac27,delivered,2018-07-12 17:48:39,2018-07-12 18:15:17,2018-07-18 13:20:00,2018-07-24 15:46:31,2018-07-31,237d3fdf39cc51a07103e9b849d2caf4,2018-07-12
4c15be541d4e1dfea4ce3642c51ea7f8,7046efd51dacca9d970559ea5be4a672,delivered,2017-05-25 08:39:38,2017-05-25 08:50:11,2017-05-26 12:57:41,2017-05-31 16:48:16,2017-06-27,3dc0b3e21c41d737ef9b848aa1c9cbf0,2017-05-25
2f2ca51ccf3c879cb07c99a11755af14,59fb6b6e4bbbf5ca5d6f05d469d97ea8,delivered,2017-11-21 15:33:52,2017-11-21 15:46:59,2017-11-22 16:51:43,2017-12-04 23:17:00,2017-12-28,1c52bfa6d3e4425cceb03ffb8eeeed05,2017-11-21
faa068942b581bc31538abdea52e6f35,ea413fb6be454c30f1bc38aa40fc0476,delivered,2018-04-23 12:19:15,2018-04-24 17:19:16,2018-04-24 17:06:55,2018-05-07 21:47:29,2018-05-17,b214ca9116559efbcc4f3ad9870d174f,2018-04-23
eedfea77a364bd7d7081632d66520b89,0c958e86e19ad0bba6f1507ac50e764d,delivered,2018-04-14 15:55:48,2018-04-17 06:11:20,2018-04-17 21:50:38,2018-06-25 21:05:37,2018-05-23,e6044396bf1b7496100b03528f7df782,2018-04-14
a911df1b9a76faaf67ece263358e285d,6722b211493615e10b66f7aba128121d,delivered,2018-01-11 19:54:18,2018-01-11 20:07:32,2018-01-12 23:22:58,2018-01-16 17:53:25,2018-02-05,57acaf1927be0d1f26e5fd136fede5d4,2018-01-11
ee4e3eec29f5f79b788a34d085455726,3be1f2f8fd0c0de7b6af157ed9839fcb,delivered,2018-01-14 16:54:27,2018-01-14 17:08:54,2018-01-16 00:18:05,2018-01-22 15:12:54,2018-02-05,b171f4130700bdc61e25c3437ebe8300,2018-01-14
6c790e53d7f40d0cb7e55134f1a7e009,3eb8781b935090e46b0c793be17843a0,delivered,2018-05-19 22:23:18,2018-05-20 00:34:27,2018-05-22 07:17:00,2018-06-06 17:34:34,2018-06-11,c0b8e4b9e0261411f4e3c41c4301b24b,2018-05-19
70635d01f32a4247c5afa2052215d892,5fa09f396373904956de2a879ecb7e2c,delivered,2018-04-18 10:02:03,2018-04-18 10:11:09,2018-04-19 20:50:38,2018-04-26 11:25:31,2018-05-15,3076903f485de72ca886f5496ad486f5,2018-04-18
9a0b11195cf290a03146c9aa0ceaefc5,f8f880c7239ce67ba550d841a01fb17a,delivered,2017-10-15 13:01:43,2017-10-15 13:14:19,2017-10-17 22:03:35,2017-10-27 21:39:37,2017-11-01,9b685d3603d27bed8e2a924b51a1b4f3,2017-10-15
cd98f2d08f3ae54d290fa99c0c242388,4446cbdabb4dd80d030206fe3d3a398b,delivered,2017-03-17 14:01:34,2017-03-17 14:01:34,2017-03-23 06:03:35,2017-03-29 11:27:07,2017-04-13,548b3d46fa0ed6a9edded242f0180460,2017-03-17
4cd88e929bc2c3be1b5e48b3a4c1e287,085adf5a46465947d3adf0c5f4505a46,delivered,2017-11-15 23:41:10,2017-11-15 23:50:29,2017-11-21 22:43:49,2017-11-24 16:19:18,2017-12-27,e14635781fd0b5746a1c1a4385053378,2017-11-15
c3e5589dacc9d42e41377ef559d9a159,8bd76c6205ab4f2d1f092c5e963726e4,delivered,2017-10-09 10:48:10,2017-10-10 03:35:18,2017-10-10 19:18:26,2017-10-24 21:29:59,2017-11-09,69e333213f390c27d001d415de206697,2017-10-09
db18d072fff5f67b311bf00d7ebd1d64,2b90afe122d662e96837a5441166be32,delivered,2018-01-17 22:03:50,2018-01-18 21:57:27,2018-01-19 22:22:03,2018-01-29 18:03:01,2018-02-19,11a7d9d37b18017d139a76b111d1c632,2018-01-17
cd6cdd3e527f46113dcab23d5f27c0fe,ec56b6bee3c781e39de8d735fa29f1c7,delivered,2017-08-07 10:21:18,2017-08-08 03:50:27,2017-08-08 15:52:00,2017-08-14 17:09:24,2017-08-31,55ee0c6382f5b5f0b42a1fa608239e5f,2017-08-07
60762802b48bb6d256d55b013d115013,01be2c0c2d55c597b5ec011e26e4b0d1,delivered,2016-10-04 14:49:13,2016-10-06 16:03:34,2016-10-30 10:04:46,2016-10-31 23:13:42,2016-11-24,0b3dc7efaafb0cf78a4796d42fa8d74c,2016-10-04
b9bf94ff5b1f62b2a075bca13eb69bdc,8c3311e2986b4d0585b9e03aca32d64d,delivered,2018-05-02 18:51:12,2018-05-03 18:55:33,2018-05-04 14:56:00,2018-05-14 16:19:02,2018-05-30,68d6c4ef811f2285303128068a4dea15,2018-05-02
4587eb8e812c2627dfa490ffca18612a,f2a56254be48b5d4215e56593f55381d,delivered,2018-01-29 16:07:27,2018-01-29 16:36:50,2018-01-30 18:48:44,2018-02-01 00:23:11,2018-02-14,2b1b00a75b3add7b127e797557a384dd,2018-01-29
30eefcc39df18702a6f28ff1a98a0a61,673f9007d15b360bf5b259a7dd9057c7,delivered,2017-05-22 15:46:17,2017-05-22 15:55:19,2017-05-23 13:36:54,2017-05-31 15:29:49,2017-06-22,93fd4374ecb9d8db4fb5003f4536df43,2017-05-22
c95fbcf33d5ba15af6f43da58b673828,b071cdcda7cce65633507bd9887a6b67,delivered,2017-07-04 10:52:23,2017-07-06 03:25:28,2017-07-06 13:14:34,2017-07-12 19:51:54,2017-07-26,a1e1b4f551c90177d6e51596d58aefcf,2017-07-04
ee1d764213dcddf5a39ca6107a6a0ca8,1a89679a296852822ca3573d8ea0d041,delivered,2018-05-04 19:55:46,2018-05-05 19:50:51,2018-05-07 14:11:00,2018-05-18 21:12:10,2018-05-24,6d60295047c4efe8115fd42af5ed3114,2018-05-04
3bdb9c65ca79d76edc98ae76864b3d00,2d548a05639982756145f816a600751d,delivered,2017-03-07 10:46:11,2017-03-07 10:55:20,2017-03-07 15:35:00,2017-03-11 09:03:29,2017-03-24,6ccc25d07aa5146919e2adea10a40647,2017-03-07
dfaec723e43ffd36724e080018beeb1a,51715f7447120af4a92eaa0336ed0401,delivered,2018-03-01 14:58:33,2018-03-01 15:15:47,2018-03-02 19:18:50,2018-03-05 17:28:53,2018-03-13,73905c1f16eb0032515d636e0e20f0d6,2018-03-01
914bd7644db3ffde7e1babea42768e0b,3eb7136aaa3e0bab17a7b7e7280286a5,delivered,2018-01-27 11:08:01,2018-01-27 11:16:21,2018-01-29 18:29:34,2018-02-09 16:38:27,2018-02-23,c30b3a1219930c354e861b1124795c6b,2018-01-27
6987c0cd8bb9f8e32f9c863f2fd1848e,e9731e6f3634f1138c51c9a27629642c,delivered,2017-12-27 21:17:58,2017-12-27 21:28:23,2017-12-28 20:13:57,2018-01-18 17:51:34,2018-01-29,da4f7892c2faeebf4621b64b9d1a5134,2017-12-27
77b186cb82b0157522fdab38d85c4807,b9262f4d64091526ed0f2f7b0772e181,delivered,2017-08-11 19:19:35,2017-08-11 19:30:22,2017-08-15 15:52:02,2017-08-21 21:25:27,2017-09-06,b68cd14e4e397256a8f2b217525aafc5,2017-08-11
323c0a5365ebdafdd12959475e60b057,5567b3e3e9aba361c3ebf8f9530addbd,delivered,2017-12-03 15:43:02,2017-12-03 15:54:25,2017-12-06 21:09:14,2017-12-09 14:37:03,2017-12-20,e7a57c5b35cdb485d352afad87560042,2017-12-03
184ed2b4ce624742505cd97fec5e9ea3,7a9efb7c1ba67e844ce53d4c8f6175ee,delivered,2017-08-24 15:16:49,2017-08-25 02:50:53,2017-08-31 19:42:43,2017-09-06 16:25:03,2017-09-14,44990c8e2d89132b17884a6ffde582e5,2017-08-24
df5465f66ef6f3f877889281259aab02,b216c4bec6b8a74468bf72ee6b9f4f25,delivered,2017-10-03 13:27:24,2017-10-03 15:04:55,2017-10-06 20:49:53,2017-10-10 21:28:33,2017-10-19,1b6556892c3b625f1af978ed5b3520df,2017-10-03
3d7b0b699c4690a1cda8c8cef8c5b95c,4e370c59312c496f0889649b9c9a761d,delivered,2018-01-22 10:21:21,2018-01-23 10:20:30,2018-01-26 16:12:56,2018-02-06 16:13:51,2018-02-14,89325436d09d60572f85ec97270ed9a8,2018-01-22
3ed2296452fe2eb69e2cc8cc8ec2c3b4,32c245ec693348fa05469797e4fc6346,delivered,2017-04-10 00:33:33,2017-04-12 02:50:23,2017-04-17 12:12:47,2017-05-16 10:09:59,2017-05-02,a5fa0c73afb9bf7aafd38409a68817e6,2017-04-10
0b4b622bf03bb66e9d44bc4b86c20dff,bd6ba2b9c68f85b6386b3b3b087c4050,delivered,2018-02-18 22:21:53,2018-02-18 22:35:24,2018-02-19 19:13:26,2018-02-21 21:32:48,2018-03-07,29d12609e73eaaa26d113a5e5d4ace53,2018-02-18
2459807af0cad1161d053ae93c170398,93bcaca0ba9906b15984025eb1ff7d06,delivered,2017-11-08 13:42:56,2017-11-08 13:50:33,2017-11-09 18:44:50,2017-11-29 23:58:06,2017-12-07,ad37b0e34b70d1ed6fe35e602e2e4d51,2017-11-08
71b74d0e5cfa77c4b848bf0dbd8f7117,13a71d9aec2b8b2dfdc823428885df9f,delivered,2018-05-02 09:36:33,2018-05-02 09:57:25,2018-05-04 14:25:00,2018-05-07 16:07:52,2018-05-15,45bf1e84a67fc16098d43641f0be50aa,2018-05-02
d5a2d5dbc8d728f724b8427dae1f97ba,902a5f99886bdcb0b07c773da329071e,delivered,2018-08-17 11:10:21,2018-08-17 11:29:31,2018-08-17 14:34:00,2018-08-22 01:55:26,2018-08-24,39ad2dffba58c2853103ddbc46f8f5ad,2018-08-17
6d2723b45ea982b9ea010813e96115ba,f0fd5014127731d2b97372f7a4012535,delivered,2017-07-12 11:29:42,2017-07-12 12:30:14,2017-07-14 14:55:47,2017-07-21 18:03:56,2017-08-09,9ce860d323a8e661b32d0a4fc4295ef9,2017-07-12
7b138921061fdd90eace63dea3d27475,f856a9146afc00dcda2ebb35a08520ae,delivered,2018-02-28 02:07:10,2018-03-01 03:20:31,2018-03-02 20:22:17,2018-03-15 16:21:52,2018-03-21,74fd5177f04b2d7dd0db5a43c579212d,2018-02-28
51d714716b4df5d56ae92f97bf5a327d,8c24bc448e42d1d62bb397209ecbd3cc,delivered,2018-05-04 07:29:14,2018-05-04 07:51:49,2018-05-04 17:39:00,2018-05-07 21:19:55,2018-05-16,bb6eb9a3a08f26091a4985853d2175ad,2018-05-04
e4dbab8bc2ed64c1bfeb63cf0765c0c1,3a62a8f729ab13f742c0d4f797e61278,delivered,2018-03-02 12:08:34,2018-03-02 12:28:57,2018-03-06 22:42:27,2018-03-16 19:04:22,2018-03-20,3de0c9303f39b7ccfe69ca11aee19cc6,2018-03-02
ca5fde2f82e0bb2a7e7727f165b28abe,04c988f07a548026c43187109042f220,delivered,2018-04-16 21:25:47,2018-04-16 21:52:22,2018-04-19 19:44:35,2018-04-20 20:51:27,2018-05-03,1e7a6156e7741bdadcc3871c9d47bee3,2018-04-16
ebd0eab2867a20cb181ae2222a511546,59c9e900784c31f835c751a70ec7eb79,delivered,2017-06-19 09:30:32,2017-06-21 02:23:52,2017-06-23 11:05:01,2017-07-07 19:19:35,2017-07-13,6be3eeecf800142c9e99fc04dcdcd2ff,2017-06-19
38b5a7a908e197731bb3e8e7f43abc06,368c14840a81d5c727b3407acb2f2fe5,delivered,2017-08-01 11:17:53,2017-08-02 03:04:04,2017-08-02 20:33:04,2017-08-07 22:27:51,2017-08-21,8afff12050da654451577b482b9e314a,2017-08-01
2e60890d387b9bcd29da579f25afd034,9899ea2c323e2472f039802c86f07009,delivered,2018-01-15 10:32:19,2018-01-17 03:34:28,2018-01-17 22:51:50,2018-01-19 17:42:03,2018-01-30,a6ea1e69b24aaeee6a59fd87d751794b,2018-01-15
457cb961f89e32569e2d9a737a65b3bb,190b936129e075641c5557538def8b25,canceled,2018-02-08 17:02:46,2018-02-08 17:40:29,,,2018-03-16,b118d6ef1262db7e0bf20ccff0b32432,2018-02-08
cd0589dd69b11dbb8ca5adbe3fb753e6,96e58fd0928ffbeb0a2fca4506a24e5e,delivered,2018-07-12 21:30:21,2018-07-12 21:44:00,2018-07-13 14:47:00,2018-07-15 13:04:07,2018-07-24,e140ef0b7ace7d9de0fda84a537aae85,2018-07-12
279a3bc53e370f1614e3205bf4946041,e2296cf6cb7592ec351337ad27a9e760,delivered,2018-07-22 13:31:15,2018-07-23 11:31:23,2018-07-24 08:30:00,2018-08-02 02:57:38,2018-08-10,5d7f6880c1903e3aca4b4b5173cdb374,2018-07-22
5b18b03607394168a3dd744501c2dd00,2f2401f2db261390f4e64bec0b6bcad9,delivered,2017-10-13 21:25:14,2017-10-13 21:35:11,2017-10-17 19:13:07,2017-10-23 19:53:15,2017-11-01,2dcd856e6e9f05230b7023c1c616814d,2017-10-13
5f929df885d4393e05e934cb6c7a720f,7421a693fa1b37e8aaea869860e32eb6,delivered,2018-02-17 22:06:12,2018-02-17 22:15:34,2018-02-19 20:19:09,2018-02-28 23:37:16,2018-03-19,adbd3a8dbf4f55d366ff1537d7f06fe2,2018-02-17
2ba7606d460463236bcf10ed3f6510d6,23d5b279d5896ea44d3241ae2878418d,delivered,2017-10-25 17:17:56,2017-10-26 02:56:16,2017-10-26 20:24:05,2017-10-27 21:12:24,2017-11-08,6f1bc069d21204a56f234ce7cf48dfef,2017-10-25
9c7495bbff3f9fdbd9320ba46b827a2f,ea7f7e38c00b5967985cdbce2ea81c08,delivered,2017-07-13 13:06:28,2017-07-13 13:23:26,2017-07-14 09:27:40,2017-07-21 19:13:44,2017-08-14,9f3055c8d716110add4ea8afe4abfd9f,2017-07-13
18b0e5ee71617b58ca825b6ea8d94255,53cc124c5fe39077134aa18974738d60,delivered,2018-01-13 17:26:02,2018-01-16 03:51:02,2018-01-16 22:47:04,2018-01-19 20:58:49,2018-02-07,028c1f3fd0bcc7a92d6d4190f6c08ff5,2018-01-13
a99b675cd2dcd649c283ec1ba49b92af,375218fb5cb847e5cdcb129195f11826,delivered,2017-04-25 13:34:23,2017-04-25 13:45:11,2017-04-27 08:45:14,2017-05-03 12:47:51,2017-05-22,de1d1dd6e8c55cf4f5110ceb372c02a6,2017-04-25
845d8a54af235bee2c6f64f11c13c9cb,5b1ec7f80273a8f34661d005f2f00071,delivered,2017-11-24 12:58:55,2017-11-24 15:14:28,2017-11-30 17:16:57,2017-12-07 17:49:03,2017-12-14,ce722f42df1f61e3398bc035ad17f014,2017-11-24
f247ddbea2a3d9e88b688d08f946db4c,ba9aef23b79c16ffd75994ead61491d8,shipped,2018-01-16 01:25:39,2018-01-16 01:35:22,2018-01-17 17:32:50,,2018-02-06,e715d72ff36112e6b739623648bd6802,2018-01-16
ac446e82125c862fbe4c638d69f807bb,259d52789dc5f2323c01238c73a28abc,unavailable,2017-04-06 13:17:49,2017-04-07 06:42:27,,,2017-04-28,39bd660f04727f543f878c1e1103e2df,2017-04-06
e5cc27d75a954127a43ba4588677c697,e0107dab0fea0e47d30a07eee47d067d,delivered,2017-07-21 10:35:38,2017-07-21 10:50:09,2017-07-21 16:07:37,2017-07-28 13:52:25,2017-08-10,5093cbb34c66e401239aae0e4a246be0,2017-07-21
a844daee74fb53c1529f299ffef7444f,b014312ebd8173045d3f3b0770ab79a4,delivered,2017-09-19 23:18:38,2017-09-19 23:30:14,2017-09-22 19:26:32,2017-09-27 20:33:22,2017-10-11,d6f48615a5916d14f936b253281d66cf,2017-09-19
7a48707977aa3d886e8410784c5e5cb2,933f61451eff295332a383f8f9f6cbdd,delivered,2018-06-26 12:16:35,2018-06-29 02:55:24,2018-06-29 14:52:00,2018-07-02 16:22:10,2018-07-13,7835cf2a6cc9fc3527b53fc7539f33ae,2018-06-26
49af403fd43b8ca8b5f7b74845bf1f66,0a9d4a8cc8cc049accf5701f9756b280,delivered,2017-07-20 10:18:48,2017-07-20 10:30:11,2017-07-20 21:32:50,2017-07-21 14:08:59,2017-08-03,a3dd09511fd6587452c2685627862345,2017-07-20
85009f731c1559c53d150e4b3fa7f8a5,25da133d61233ee59bc86cc5cba4a64e,delivered,2017-09-09 12:22:52,2017-09-09 12:30:11,2017-09-12 20:04:15,2017-09-13 17:06:04,2017-09-21,69f3dab34c38c5a5cc49f4ec26b5faa9,2017-09-09
96b0f7debb763d6546823ac47d15e739,5aaaebcba0ba8c29c8414f2f08224d58,delivered,2018-04-20 22:57:27,2018-04-24 18:39:49,2018-05-03 07:49:00,2018-05-07 20:13:52,2018-05-21,36feb6c329bfe528b793461b96bb480b,2018-04-20
2158e65196d4219c8f22cf686e1cc8de,5515585fb72bf6f55dc98b21281cd3c3,delivered,2018-03-15 09:37:51,2018-03-15 09:50:52,2018-03-29 19:56:48,2018-04-04 22:14:49,2018-04-18,409fd577bc2f7f6046d077ec56678abc,2018-03-15
297885db9322571cf7e8f87662362888,c0fe767fcab876d0056471c18e1b01f2,delivered,2018-01-12 21:44:42,2018-01-12 21:51:21,2018-01-15 18:23:05,2018-02-01 21:48:19,2018-02-26,ca696d23b3579bedb6b1623aa9dadf57,2018-01-12
bb0c84a759545be3fa2155ad0d43444d,29f0a8c1652a2f41c810820767c688da,delivered,2017-07-11 00:12:48,2017-07-12 07:15:09,2017-07-13 17:06:04,2017-07-14 16:32:30,2017-07-26,33490faf8baed348c792ac23f8184488,2017-07-11
35aba7f433d46b2f03caae475720adb0,b29f247848bd47bb534c6c2d40f8bb2b,delivered,2018-01-19 00:57:19,2018-01-19 01:15:14,2018-01-19 23:04:39,2018-01-22 12:18:58,2018-02-05,368c9c0dd3a4e5fa331d0a1fc0c1e6fa,2018-01-19
7d5dabfc11c26a559185a38245fafda9,eab8b106f4de1ec9f900b12a0e8303df,delivered,2017-05-15 10:20:36,2017-05-16 06:35:18,2017-05-17 09:45:16,2017-06-06 11:56:36,2017-06-12,19428eceb88f38b960998d2cbd88ab15,2017-05-15
ef2d4e1e249df529bd9607d86aac1422,3ef8b5021ce1e54df184202310c4fcb8,delivered,2018-03-10 10:19:05,2018-03-10 11:00:25,2018-03-13 16:05:49,2018-04-02 20:25:51,2018-04-05,dc0b888e7569dd142a2dbeeeccc415ad,2018-03-10
3ae6f437745a33a4fe67a0e350dadf7b,d5dfc452f419d7e65be5d9b81d1df7ef,delivered,2018-06-18 20:33:39,2018-06-18 20:56:56,2018-06-19 14:26:00,2018-06-22 15:56:46,2018-07-11,6624f406dda464765f90863ad09a2a5c,2018-06-18
97ed3c46d9b6ed13afaa7d8779322d5b,e06e47b5560e84764eff2349b2b33f31,delivered,2018-05-22 19:00:29,2018-05-22 19:17:27,2018-05-25 13:48:00,2018-06-03 12:51:45,2018-06-07,b6cdccfa64579c957a905fe68bd435c3,2018-05-22
f2a5651dedee83dc9eba7d0cb9703660,bac2d6a45da3161ce6bcf6a09118b99e,delivered,2018-04-09 15:49:31,2018-04-09 16:10:13,2018-04-10 21:29:00,2018-04-19 21:14:55,2018-04-27,006b297ed73773b17d8874a2eb4466e8,2018-04-09
2cc9c93cc397ccf52de57fda56c36c03,f38c843311c015d30911b4bf8b2d0a98,delivered,2017-11-24 19:21:47,2017-11-25 14:33:31,2017-11-28 23:06:56,2017-12-12 14:34:56,2017-12-19,16f8c97e3a58560cfd64cff33dd78515,2017-11-24
18050dfa4c5ef22446a2068184b7365b,7108879872a17e0bdf96b1fee4ac5146,delivered,2017-11-14 10:17:06,2017-11-15 03:07:04,2017-11-23 18:21:10,2017-12-09 16:42:42,2017-12-08,9aae3f38ff81949d39bd32c3cb5122c0,2017-11-14
6b2c8c168c14d73b346536f784d52996,2ecaabb8e0bd2a2a316d07dcb3fadc18,delivered,2017-12-13 19:22:05,2017-12-13 19:32:22,2017-12-15 01:09:06,2017-12-26 15:33:57,2018-01-08,11716811fe3c990eac18bbcdef36a52f,2017-12-13
fcaae2ec3667a30a9164785ba78306b9,c336a1d0139a6fc12cea3220508e2e23,delivered,2017-09-25 11:13:43,2017-09-25 11:30:24,2017-09-29 19:27:38,2017-10-14 17:12:16,2017-10-18,ca2f15a0bb24605a03bc27174919cc1e,2017-09-25
bb98c9fdb30b2e14fede53a445d2b5aa,bf4f335181c6d1217626c42b84fbac03,delivered,2018-05-05 12:26:11,2018-05-05 12:53:15,2018-05-07 07:36:00,2018-05-10 21:17:24,2018-05-23,b2b77fb8cda1a91493aee2fdbbf3a4d6,2018-05-05
510e8baa207d989f72b11146c37f3411,d928e87d2f913e6d1a90d831bd6ffb71,delivered,2018-05-15 20:38:28,2018-05-15 20:56:15,2018-05-16 10:45:00,2018-05-23 17:34:53,2018-06-06,da6843070a849442f1bd6f16b5458dc3,2018-05-15
e4ad38b7d367f170920f47916776a66e,fc0505a97dd36f988806bba5178aef83,delivered,2018-06-19 22:43:21,2018-06-19 23:18:56,2018-06-20 14:18:00,2018-06-27 14:18:38,2018-07-18,cab88505ad6b31d02081fa42b34c1d24,2018-06-19
242abbd943f7575e312d33f95699a6e2,35efe094e4bca7a3e54f93729eaefb87,delivered,2018-03-20 10:18:43,2018-03-20 10:30:41,2018-03-22 21:41:29,2018-03-28 21:07:11,2018-04-12,0db7363a1c1cb618bac7b05d8276f7bb,2018-03-20
40596a0f1a0f7334d7ced24f901fbf46,cad3755cd25620f59e9194b0dc9b7e95,delivered,2017-07-12 20:20:24,2017-07-14 02:25:07,2017-07-14 17:51:36,2017-07-20 15:33:36,2017-07-25,86564b6b0ff7a5f68904368f4ec84f2a,2017-07-12
4320677b3638816c46bb7ecdf9533fd0,70c464461bb3e1353832e03d6902f69e,delivered,2018-06-12 22:55:46,2018-06-12 23:21:42,2018-06-15 10:34:00,2018-06-28 17:47:16,2018-07-19,fd3c0bd514d77ba732e0a8f33f23daf3,2018-06-12
512b3b290e4ae81c363cb58e5aa19b6e,a97257b58f2f5ffa5904acf44e29c29d,delivered,2018-03-16 15:36:56,2018-03-16 15:49:46,2018-03-19 18:03:13,2018-04-06 19:04:44,2018-04-04,a1ed6a6697fcb252b63bc8137f8cd009,2018-03-16
835654b76a16c7f8b71678907312f8b3,d26c3ddd8d86568b8519393578c78c0f,delivered,2018-07-10 06:45:51,2018-07-11 06:45:52,2018-07-11 14:52:00,2018-07-14 00:28:25,2018-07-19,4bb7d9f700ca1724ed6ec873680e4220,2018-07-10
d836abb4444d8594455e9766104e958c,16b084ebbbdd6de39ed8789dbdb79792,delivered,2018-07-22 17:23:48,2018-07-27 23:31:14,2018-07-24 15:11:00,2018-07-25 18:09:23,2018-07-31,1ecf2cead37e9a5cc687b95e79811e20,2018-07-22
3a46c264be2fad6d10c5a7362d8cc2ff,d2444de8891a512538c0a0f8487382a8,delivered,2018-04-17 11:58:28,2018-04-17 12:30:20,2018-04-19 19:41:56,2018-04-30 22:33:17,2018-05-23,270aac56747e4e1b47a2ab1058a4ca4d,2018-04-17
a36377eeeea09365dfc5cf7e79207cbf,9203c398c857def612b4ed2bac557422,delivered,2018-01-24 17:21:41,2018-01-26 03:15:59,2018-01-29 20:12:06,2018-02-05 16:57:45,2018-02-19,227820fa21c5f2e13729a48f3b91f55a,2018-01-24
7bfe0fc4355e0e894ad862a798e5e186,415058f56060d61d50185cccbf45bc4a,delivered,2018-06-01 18:37:04,2018-06-05 04:52:00,2018-06-06 11:48:00,2018-06-14 19:44:41,2018-07-17,71d6f1ff86a83b8a310ec018e147c1fd,2018-06-01
529460a1e8c35eb84f5c6252d78ad573,9c739f57bef3c86f4374bf4a82392b3a,delivered,2018-03-23 22:18:35,2018-03-23 22:30:33,2018-03-27 00:28:27,2018-04-10 22:12:43,2018-04-13,7fa8a9cb20a04fc295a373c20ea392b8,2018-03-23
c4882d58d75f61178288f42e4ca371a9,31c8fc6d5400513f830dd45b914a3ac4,delivered,2018-05-08 11:14:12,2018-05-09 04:31:13,2018-05-10 16:09:00,2018-05-11 20:22:22,2018-05-18,3eea189062c7ab7ee8fa8f339befdcbd,2018-05-08
9c9d903ee688363d1efb6cf097ec00b7,5600f98136f85ccdbc6f256643fc0b12,delivered,2018-08-21 17:33:29,2018-08-22 03:45:21,2018-08-24 19:07:00,2018-08-27 17:50:59,2018-08-28,18ea277f2a6aa64464243ce3230d8cc1,2018-08-21
ea82d188c1d5016bf0e9713f68ba0385,b4850413a805990a1af8474d677a9221,delivered,2018-02-07 03:29:42,2018-02-09 02:50:43,2018-02-09 16:31:52,2018-02-21 19:29:23,2018-03-12,aa6a8d63220dc100aeb3b8eb301ed741,2018-02-07
45f7d9a94705872dad55bc0c688f9cfd,dd2e783f6686ebbe2c6872a310044dd3,delivered,2018-03-26 14:02:36,2018-03-26 14:15:17,2018-04-03 21:35:53,2018-04-11 23:12:18,2018-05-03,f18f45534e927691de0a021ef58c576f,2018-03-26
2758c6bd8a5f63f45b2a790b1b9db766,419845f531b2ca7b8151ed574bfe68ba,delivered,2017-06-06 22:52:22,2017-06-08 20:55:19,2017-06-09 16:33:13,2017-06-19 18:02:59,2017-06-29,549d98b102c6fbb9475af414e4bbb8b5,2017-06-06
d8448e657de2d4181e64b8fcf0506e9f,857fe2cf34013d9e05b48703c0460f0e,delivered,2018-07-16 13:04:10,2018-07-16 13:15:20,2018-07-18 12:31:00,2018-07-25 12:37:29,2018-08-14,a3e5c1341fb95c48bddb6d5f70c57e5d,2018-07-16
55e6b6da22f9fc2e3482b436eeea7da3,cfba97fe78a7160932c18b90b3a566a9,delivered,2018-01-18 12:49:48,2018-01-19 14:19:24,2018-01-29 19:53:36,2018-02-16 16:23:00,2018-02-16,aebc08b1b9f17380d9e0ccf1269e46f8,2018-01-18
76d02bba227a9b675d413ce36b7231c6,753c62e8a94b6f213074e9a8999e6922,delivered,2017-09-16 16:24:07,2017-09-16 16:35:16,2017-09-19 19:58:11,2017-09-27 16:14:30,2017-10-04,84840574c1d067b903a038844c752406,2017-09-16
9100ea91afedf9030ae77fe3871d7df6,f36f1cc87b493a0c0b7a5325e00ce8d8,delivered,2017-06-11 16:22:09,2017-06-11 16:35:20,2017-06-12 16:28:59,2017-06-16 15:07:46,2017-07-06,476ebd274a4f410997dbadd61910969f,2017-06-11
e2d4ba7d12faf84e6c6fc0db5a766352,7e3ac092bcad81adc24ba53f4f147f82,delivered,2017-12-19 21:17:02,2017-12-19 22:18:27,2017-12-20 20:37:29,2017-12-27 20:07:02,2018-01-16,201ec4a0f262452dc44970d371ce94e0,2017-12-19
667e11eca18e4b0a93611781f8b18302,5f8a2a8ed58a2be568b3fc73b3eaebc3,delivered,2018-01-10 20:38:41,2018-01-10 20:49:19,2018-01-11 21:47:11,2018-02-10 19:35:09,2018-02-07,48c537971dfcd2f7747d8804c47fb2b0,2018-01-10
5d932f2c9933e832f4a37999ccd03baa,0a90a58aa6815f51b8178742ab711588,delivered,2017-09-28 14:53:37,2017-09-28 15:07:14,2017-09-29 19:43:48,2017-10-02 13:23:30,2017-10-16,0a9c20f28627fb9d8539152d9670aa72,2017-09-28
c0ab80c9e6beca100fc0f174135e8503,ef3223fd7551319d1b24ab755782bd8a,delivered,2017-09-08 20:16:36,2017-09-08 22:10:17,2017-09-12 21:47:39,2017-09-18 20:37:57,2017-09-28,381c9155e8176a8091a90224fda17bca,2017-09-08
b6cc6c3ee09a6542d7cb6fa9a4e13a9f,112bade7b7b461df9734fb6fa2ec6b2e,delivered,2018-01-03 14:24:39,2018-01-03 14:31:31,2018-01-05 12:30:10,2018-01-06 13:57:31,2018-01-19,9e137e66bb4189d9537ed86be226200c,2018-01-03
c7c04230198e37566eee8abf31314112,4de495b9945a8375377fe484c4e14269,delivered,2018-08-13 22:26:53,2018-08-15 03:24:14,2018-08-15 09:15:00,2018-08-24 16:11:33,2018-09-12,61ad89afab05ce09bbcd4375b3aad423,2018-08-13
7d3ee0bd440416eb22946dad24f7e4c2,b816880c005e53a668a18deccad9d09c,delivered,2018-07-09 08:21:46,2018-07-09 08:30:11,2018-07-11 12:30:00,2018-07-13 22:50:57,2018-07-19,b74b374032eb2f3ab357df64469bbe2d,2018-07-09
e789b08c3fb5797b52856358c169f9c8,802ee7e57030309976c860fc1187911a,delivered,2018-04-14 15:35:54,2018-04-17 04:54:34,2018-04-18 20:18:26,2018-04-19 20:47:41,2018-05-03,65ebb9f59def91644b042a281aee857a,2018-04-14
809c4ebcc270057a021dc813195717e3,b619645cc9bbb180e825d6416202e380,delivered,2017-05-16 21:37:14,2017-05-18 02:30:31,2017-05-23 09:21:25,2017-05-25 10:09:42,2017-06-08,3dbf2ee8f924d2c424480aee9f5f69ab,2017-05-16
afed09b5bb55a88be1b4d56a082fe1ad,d052dd92c5be64d0b7ead6ee23dad19d,delivered,2018-02-27 14:31:08,2018-03-01 02:49:01,2018-03-05 23:00:01,2018-03-21 22:04:30,2018-03-22,6382a71dc3bd308538462330453eebaa,2018-02-27
e2dc8a03b3380b3a3fa8c7e175e97688,40147b71f43d0868b05eb02cb76a3c62,delivered,2017-03-02 12:56:12,2017-03-02 13:10:31,2017-03-02 15:09:14,2017-03-07 09:54:00,2017-03-21,cfdaaa0caea59b06efb4b0fb8c700684,2017-03-02
8de424d1353fe39adcd2d41a7d222369,a80b53f8e764ce78e5e408606289d632,delivered,2017-11-07 19:15:22,2017-11-07 19:27:03,2017-11-08 20:19:45,2017-11-14 18:55:22,2017-11-21,c515d225a46c74127e6f6cce939fead6,2017-11-07
f19f30f5a7f8617f580ec6633c0c8c6e,a0ca31686bfe40b0a75c24a9a052f3d2,delivered,2017-11-24 10:41:56,2017-11-25 04:55:01,2017-11-28 19:02:39,2017-12-08 19:28:51,2017-12-18,d49fdcffe321076236eb90ba61dd5f45,2017-11-24
b9112b92cb06978082fbe1e5576ad73b,8c540cac10a36db391022e23199e0c90,shipped,2018-07-10 00:36:34,2018-07-10 00:50:24,2018-07-11 12:16:00,,2018-07-19,a6a71648e15343e9fad7965e87780ab3,2018-07-10
4244beeae3f68e6527250aa88ea5346c,e22da2634721c7cb676fc0a5da6317f3,delivered,2017-09-15 16:33:32,2017-09-15 16:50:15,2017-09-20 18:27:58,2017-09-22 17:52:10,2017-10-10,c2e9a50bcf76b5783bc96f906f95bceb,2017-09-15
f1c678e4d14a34ff56f675634bce6b15,001f6f1a5e902ad14e1f709a7215de11,delivered,2017-02-07 20:32:13,2017-02-07 20:45:16,2017-02-10 14:04:03,2017-02-16 10:45:58,2017-03-06,c6b7dcd3718d1ad87f069d32a8566ce2,2017-02-07
4c9c1b7d13bdca531491cb759e9f5786,5d8770e1e5351610824a8a05b6587f3d,delivered,2018-04-06 19:38:32,2018-04-06 19:50:12,2018-04-10 00:29:35,2018-04-12 18:52:44,2018-05-02,b9d78cab07172ba780347d5c99b765ce,2018-04-06
a892aed3f3e6cbf712088cd2dd21b733,ad5febb03c3a203048b5f993117e4c37,delivered,2018-01-16 23:36:29,2018-01-18 02:11:31,2018-01-20 00:12:47,2018-02-16 21:06:35,2018-02-15,9faa168cf19dd072206437d1677450f4,2018-01-16
0b2e6b4673da2264a5318ef4abe1fd44,572e91607e3ec9c563b322b8e5c9dfcc,delivered,2018-07-03 18:09:03,2018-07-05 16:18:53,2018-07-04 11:07:00,2018-07-06 19:59:49,2018-07-23,753a99194d1c53edb8f80dea7dc0d2f0,2018-07-03
6259fec518c1b381ebd6b4eb06ffbaab,56f620364638aeb0bbbd9d43fe4b8e22,delivered,2018-04-30 13:26:27,2018-04-30 13:52:12,2018-05-02 11:57:00,2018-05-08 16:11:55,2018-05-17,b1b8ee4110f8417b8bd79a39d1e1b4a6,2018-04-30
c5f5087eaff455f93653900411e34432,ae141982896c1f1f8a238ff81ac1d0e3,delivered,2018-03-06 16:25:36,2018-03-07 02:48:31,2018-03-14 02:41:45,2018-03-16 20:40:53,2018-03-23,a18d428175a406cadc1d8add7bccc321,2018-03-06
186479344a69b9f7b3135a60364d4243,280773df68bafbf4ae85e62bd659d67b,delivered,2017-06-08 17:16:05,2017-06-08 18:43:25,2017-06-09 11:55:55,2017-06-24 11:19:26,2017-07-12,4bdd6c2e39de4e9ce960ea90eea5ced2,2017-06-08
d9d133e8194b34d22ce9157f4f2ab959,8ddaf104fc2cc74dea6222727b0c67e8,delivered,2017-07-19 15:38:45,2017-07-19 15:55:14,2017-07-21 11:59:29,2017-07-22 12:57:30,2017-08-04,cc35f31069218feda2996b0f96eafe79,2017-07-19
5622ad01924109b081d3f0f7fdd45f71,91fc7465107d197ce60e483d9f601dc8,delivered,2017-03-31 10:53:45,2017-04-04 06:05:09,2017-04-05 16:23:12,2017-06-14 13:06:39,2017-05-04,f8bafce27bef77e21b560a20644ab4f2,2017-03-31
31a6cbe67abc9e5414688f0f59681ec0,6cacf8729fd44aeebced2d7663c0190f,delivered,2017-06-23 17:27:42,2017-06-24 17:43:11,2017-06-26 09:17:19,2017-07-07 16:06:47,2017-07-19,679042cececa53e18d80bc7a651980dc,2017-06-23
a29361cea3ac5ecb55cfc2c64b6c339a,674a4d874e368f09a9760046e9e4a3e0,delivered,2018-02-25 15:39:46,2018-02-25 15:55:27,2018-02-26 19:28:08,2018-02-27 14:12:29,2018-03-12,473d9165586cfc6708841d07adf6c020,2018-02-25
8403fda2f0b14fb120f1bd362fe4331b,219b783acacc9b54bf6360dae4f1559b,delivered,2018-01-16 22:24:09,2018-01-16 22:32:27,2018-01-19 19:05:43,2018-01-21 11:56:42,2018-02-01,cc98e5935f22af62949d0691a2e42907,2018-01-16
927b3accc4f1676b309f920342376b30,ead851e04860fa301d5414fc0e661fde,delivered,2017-11-24 19:38:35,2017-11-24 22:55:23,2017-11-27 12:19:39,2017-12-07 02:46:54,2017-12-21,136eb08f0912a8214c8e3b7fb9c789cb,2017-11-24
0c38db7d528620e574c47997981525da,e221c5326af90a53996f0e997deb2371,delivered,2017-02-24 10:39:55,2017-02-25 02:22:43,2017-03-02 14:09:07,2017-03-10 05:57:54,2017-03-21,c3dd9b2dfd903d701dac867b0801250b,2017-02-24
790d715ec54b44543811d672d5237cfb,9b44ba81faf0ddf515f9da9327b67ef4,delivered,2017-12-20 08:17:19,2017-12-20 08:31:51,2017-12-22 22:27:53,2017-12-27 15:19:55,2018-01-15,c3ee2258c7f0748762f1c777eace2f39,2017-12-20
0927a4ea2d6af04c6e8a1aecd4f9951d,c8c62d4767ce11a1611db2fbd5af9a0e,delivered,2017-01-22 21:25:01,2017-01-22 21:35:42,2017-01-26 05:51:33,2017-01-28 10:58:56,2017-02-28,8ea3ac9d23c41e3e9402a59465e534c5,2017-01-22
af98e1e5421477499fbe040966fcfa0b,98e8065494a4f1f9126c7ada1046c35b,delivered,2018-06-25 17:16:09,2018-06-25 17:34:14,2018-06-29 09:42:00,2018-07-03 03:20:42,2018-07-17,41dfd8bc7c0aa3bb918e5cd5d949bf43,2018-06-25
dc6d833bfea9fd5fbb4336fbc918b39b,2167ca370be650668f7a989edc1647b4,delivered,2018-01-10 13:40:53,2018-01-10 13:48:36,2018-01-11 19:03:38,2018-01-16 19:55:29,2018-02-06,b6f693051df44b97ffecb62b5485976e,2018-01-10
6988f822e1f28e1b302229e4cf454bf9,942e980b77548888b37f7630fb3725eb,delivered,2018-05-09 01:28:45,2018-05-10 07:36:27,2018-05-10 15:25:00,2018-05-14 22:48:25,2018-05-23,33df3723e14a3be93f0b1466076b2866,2018-05-09
34e2c492f1b85dc6866994a37cf69ecd,e285400ec8226041d495ce319fa3e870,delivered,2017-03-29 22:10:14,2017-03-29 22:22:30,2017-03-30 16:09:42,2017-04-18 12:47:02,2017-04-26,f3e74b344c1795de12ef2b9eb91bd370,2017-03-29
60b3db6cf502ca52a4a43946008b1600,591ad62408a85c556cfbaf0ea6dc9f76,delivered,2018-07-31 20:56:04,2018-07-31 21:31:30,2018-08-01 16:11:00,2018-08-07 19:06:49,2018-08-10,85c784fe58edee18f99a25eb11b2e652,2018-07-31
11a132c691ba6602d0cad2e1eea1bc14,fc8919341d4799fad9714cd5f33daa3e,delivered,2018-05-12 18:13:33,2018-05-12 18:35:59,2018-05-14 10:18:00,2018-05-22 20:04:35,2018-06-01,ffcb3eb07f2a033d45949fcecd160d98,2018-05-12
de05dd73ee1b5a964eaa56f814c49851,a5f97dadc879a0cba20bf9650b1bd888,delivered,2017-01-21 18:17:15,2017-01-21 18:30:09,2017-01-23 18:14:17,2017-01-26 15:18:51,2017-03-08,f801278dc42ce9d4773cb91ad0e21ab8,2017-01-21
5a395f4b4dcbc42442cc6c5945c6ee0a,54924015f5ff876bf1506ed02be2288e,delivered,2018-06-27 13:17:02,2018-06-28 09:10:39,2018-06-29 14:51:00,2018-07-30 16:43:32,2018-08-02,75db40861a020497ccf6b019dc686709,2018-06-27
4b3b2a4d7cfb8d3ffdc5d92337550ae9,c533b7bc7ce39f7ec56eb97aeb7dd087,delivered,2018-01-23 23:47:34,2018-01-24 00:39:24,2018-01-24 23:56:22,2018-02-05 20:35:10,2018-02-19,9c9860dcd7fbdc3c3fc42984b70f647b,2018-01-23
347d96fed35c336eb4656e8965e0d1b4,fe8b05c841c9207129d9a4469a9a9835,delivered,2018-01-16 11:04:42,2018-01-16 11:14:25,2018-01-18 16:41:32,2018-01-23 23:38:44,2018-01-31,9ccfff93c79f3dd996cce15f26480c5b,2018-01-16
d73ddd98199cde252b1c0ee783374da9,f7de450d64f79362f330ce89ae6ff045,delivered,2018-06-26 15:36:37,2018-06-26 15:56:53,2018-06-28 12:10:00,2018-07-04 21:34:39,2018-07-27,7081f7f9be4363eefa6dcdb27fad2c28,2018-06-26
bc4cc0e6280520545652f31936abe65e,a34a14a30f048a27d535106ad4342106,delivered,2017-07-23 15:23:25,2017-07-23 15:35:39,2017-07-24 19:44:26,2017-07-28 18:19:52,2017-08-11,cf41bee1f84186f1e4ef0b7c768f7c37,2017-07-23
d7108e3ddf254c6b56ec41b3a4e0567e,8326dc987e109ccc766ec060e311ab93,delivered,2017-05-19 18:36:32,2017-05-19 18:50:15,2017-05-22 13:25:36,2017-05-31 13:52:11,2017-06-21,19e74a05536d13b34468f8d26164f685,2017-05-19
ffa93f1bd7c0039af32324fa5d3cf1e6,6a6db33845bd12ddaa6a5a400bde9af1,delivered,2018-04-28 18:58:32,2018-04-28 19:11:04,2018-05-04 15:05:00,2018-05-08 16:25:49,2018-05-17,fdb9d8b9bd90631303587a1f43a631a8,2018-04-28
3aea5a83ca5bc41e6ecd21afd19bbd81,aff521ae3a328c4c9601f45f907cc7a5,delivered,2018-01-15 15:47:39,2018-01-16 15:36:25,2018-01-17 21:04:25,2018-02-06 22:28:35,2018-02-16,ff7e90c143e8dd7c26b9dfecf852130d,2018-01-15
eb208b2789d0b383599396c007996073,d29cf7c7a5915d7c7e6bdbeea4aece3f,delivered,2018-05-18 00:47:02,2018-05-18 04:14:35,2018-05-21 15:33:00,2018-05-22 17:45:00,2018-06-01,06f4058be223ab04e71d27bb22f06433,2018-05-18
a8e1657f8ba8503d95b3da051b7c7343,0841d3b6ce285b44d072153fad3a0e8a,delivered,2017-05-31 20:45:16,2017-06-01 14:42:35,2017-06-09 16:24:58,2017-06-22 14:34:35,2017-07-07,721583925e5e3b7f7a7f201aeeac0bb3,2017-05-31
5ce588b4250c184137ab69ce569c917d,fdf7ff3d7a219e22cd23ab62dfb2348b,delivered,2017-12-17 21:03:28,2017-12-17 22:10:58,2017-12-20 21:43:11,2017-12-28 16:17:50,2018-01-05,f04f1b463f9b677d1014bf7529ebc5a9,2017-12-17
8ab0025e639ebf540367464e1c8c8d9b,cd468aa55db7ae88a497a08f2f05bbd0,delivered,2017-03-27 21:56:21,2017-03-28 22:02:56,2017-04-03 13:47:07,2017-04-17 10:28:14,2017-04-27,347db05aef50663173f7a9db451e1eaa,2017-03-27
6895b2b445ba6fc95b205ec5d0d5f25f,912df14a9a50a2afed74da3cd7d3abbc,delivered,2018-08-19 10:36:45,2018-08-20 11:32:06,2018-08-21 14:01:00,2018-08-28 16:48:51,2018-09-12,42e6cf45d9d9f2a93190f7b4acfa2e5e,2018-08-19
8b22958a1b6c74b753579682cc05bf21,1d7e8ca9d132fb1570d6290fd89cfb72,delivered,2018-03-25 15:47:42,2018-03-25 15:55:23,2018-03-30 02:50:54,2018-04-10 23:56:33,2018-04-19,af697fd28daee4b7c6c4e65c9b87394a,2018-03-25
f7b81026b3df84615ec2f1b82e35ea81,99395303dd04655721e445e047a2cabc,delivered,2017-04-19 17:48:24,2017-04-19 18:01:56,2017-04-20 18:53:02,2017-04-28 10:22:54,2017-05-09,abc697d333edaafd7a670268db0368a1,2017-04-19
e9ec3efbf0e86ef6cbb3d7ad4010314b,479352e00cdace27c97cbfeef285327d,delivered,2018-03-31 22:03:55,2018-04-03 05:49:09,2018-04-03 19:54:23,2018-04-12 22:22:22,2018-04-18,91f2905ffeaa3f3c3adfd1de363b27ab,2018-03-31
875465832a4acaeac638683b74ba9886,9fdfda7267b95b767604b9c8c8431623,delivered,2017-03-09 14:21:58,2017-03-09 14:21:58,2017-03-15 11:29:55,2017-03-22 22:07:29,2017-03-30,bc2387c48428a2e128eaa3d5b18b3591,2017-03-09
b769eb33d511dc1b52b8c6d45522a101,b67a2c02b5d02f770e322cf5961378f9,delivered,2018-01-10 21:11:25,2018-01-10 21:29:06,2018-01-15 13:25:40,2018-02-15 22:18:45,2018-02-19,22e968b0b5052b75b8b34f2c798192b7,2018-01-10
6a541ecac40dc865265adbecf4841842,4d316747d674488ae8495281ddd75281,delivered,2018-05-11 20:22:23,2018-05-11 20:35:19,2018-05-14 13:42:00,2018-05-25 22:12:13,2018-06-04,4220ae19dee604e8c1dddccd4e535502,2018-05-11
68931f0c8d94e2097accb925c9d37627,5fe192bae45fa922d7d7aaa2fcb75247,delivered,2017-05-25 23:32:26,2017-05-25 23:45:08,2017-06-16 14:16:56,2017-06-19 12:49:46,2017-06-19,0b2472856a76d5c60b05b5677e5d573e,2017-05-25
e003ef7043c4587ceeedca63a9e06054,d963a4114478c61b46c9287d5cc18741,delivered,2017-04-25 21:49:31,2017-04-26 09:35:59,2017-04-26 15:22:55,2017-05-10 09:55:57,2017-05-23,394c93d02f2812312ee55701d433b271,2017-04-25
a9afb8f30ea1c72dd798b8eeaefcdff5,784d53f82704adefd20a72c120fda8a9,delivered,2017-05-12 17:34:31,2017-05-12 17:45:13,2017-05-19 13:42:41,2017-05-22 16:06:24,2017-05-30,b3cd7fbf4c845b2d32ac4f5ce94b463f,2017-05-12
cfa5f05fcf442b5faa1cffd73b4fd9ee,8ff142e1e53169103945b4bed865318b,delivered,2018-07-02 12:41:34,2018-07-02 12:55:51,2018-07-04 07:03:00,2018-07-10 23:46:26,2018-07-20,37b113f4154017cf046482c756d5c7af,2018-07-02
14ee9719cb142bf6f26349118ebac994,f78345da486d6203f7e3ccc42d09aa69,delivered,2017-11-23 13:18:15,2017-11-25 03:33:52,2017-11-28 17:16:58,2017-12-01 23:43:48,2017-12-20,583109e2a04f1245a884fb5c7e5fc18b,2017-11-23
8a46b59172f78204da218936cf1bc113,27dd10f1b20e6b39cdd260a949cec32d,delivered,2017-08-20 18:53:57,2017-08-22 03:45:54,2017-08-31 18:05:12,2017-09-09 00:12:17,2017-09-22,482a639fc1e8e90dd88967ac5ef558bc,2017-08-20
6c42e7be04d9ebf21c409e265ef01c5d,677f16cb92bfcbced2d36c587f719b78,delivered,2017-04-13 11:29:10,2017-04-17 19:10:06,2017-04-18 11:03:19,2017-05-02 12:21:21,2017-05-15,0130be8e6677174b8184114f98c16b3c,2017-04-13
94caf828558aed4dc7cb9da3711a5c5a,ce6d725ed1334c3edb9af03a7c53c84d,delivered,2018-04-21 11:06:56,2018-04-24 19:28:44,2018-04-24 21:29:44,2018-05-18 16:21:57,2018-05-16,5a8665ecd366a61e0f4fcf833256f241,2018-04-21
029a092ea19290f774d21c51fd7ac45f,2cd8c5d16f98a776a87ccfeb14c0ed33,delivered,2018-01-29 17:33:48,2018-01-31 13:32:03,2018-02-01 18:25:37,2018-02-05 18:17:08,2018-02-26,99dc44814f4149b4c54128029ea0eb4c,2018-01-29
c8b5a04212ccaad7ba2b0a39fb8d0a1d,8e87eb5d72c4ff2d3a8593c95d709baf,delivered,2017-07-14 16:35:47,2017-07-14 16:45:26,2017-07-20 20:09:56,2017-07-28 20:27:47,2017-08-09,aaa68765ddc1f8cd0eb5b67d52379d5d,2017-07-14
1f00663cd69beff0e8f5bf56988c9266,c6edb49f1865ee09a53a162607b354b6,delivered,2017-08-12 16:51:40,2017-08-12 17:05:21,2017-08-16 18:52:29,2017-08-21 20:22:34,2017-09-11,42408dbe3f711feeb7c2a6d69222a3c1,2017-08-12
75da883b23f0ee17fc5811bc5573d225,c866eea1cab82a2e1d00910b572d202e,delivered,2018-01-19 16:34:05,2018-01-19 16:59:48,2018-01-24 15:55:11,2018-01-30 19:47:46,2018-02-14,e486b2473ed2a6f3306602c4e9e425d3,2018-01-19
4a6de96da1acf53b98a7185f65af99c2,59e211a0b4e0271d1155a269ec01d020,delivered,2017-11-09 17:47:43,2017-11-11 02:55:46,2017-11-13 21:32:03,2017-11-16 20:58:34,2017-11-23,3b82895a22644c49d4affc9f7e52533c,2017-11-09
068bd285dca5547429e81de9e95ff9cf,6e2f130b4259627650baa0c9ce0bd645,delivered,2018-01-14 17:25:11,2018-01-14 17:36:34,2018-01-29 22:13:15,2018-01-31 10:22:04,2018-02-09,957cf06cd9d8e6f5fafc6750f0dbbc6d,2018-01-14
36c63c436db70954885798ade7b2e30f,7713f374a02bd9712b22f044340d22a1,delivered,2017-03-22 22:36:26,2017-03-22 22:36:26,2017-04-07 10:46:02,2017-04-12 18:23:03,2017-04-25,93530b95a65ff2938d0dce7089566766,2017-03-22
4549b64678720dc5a26b734faa820d93,3a367d4ce32b3b029e2bbff5f2fecdd5,delivered,2017-10-03 20:46:57,2017-10-03 20:56:32,2017-10-04 20:23:26,2017-10-13 22:48:33,2017-10-30,85db25d30383ab4e5d5034f6972a8f1d,2017-10-03
08523d94685d7c7efc1381136873cab3,01c2a51e4844df386c8bbd058978052c,delivered,2017-11-17 00:49:51,2017-11-18 02:29:06,2017-11-22 15:18:54,2017-12-05 11:38:34,2017-12-14,d36b724da4955220c092763d397fe528,2017-11-17
ae1cb31659e2cf358e7b3388cbf1abad,bbf249561e84f966c88f8d70e9c714fc,delivered,2017-08-21 19:49:34,2017-08-21 20:05:52,2017-08-29 18:51:11,2017-09-01 21:53:51,2017-09-15,76888ec0e2d5b7de57da85ce2babccac,2017-08-21
96e4e8d7578138ee620bd65cced420db,da6adc0743aa6dc5915ce78d75e15f5d,delivered,2017-02-05 21:20:34,2017-02-06 21:25:14,2017-02-07 09:46:21,2017-02-23 16:05:40,2017-03-29,7d4e9aeba2bd5f902ccc495fd880dfdf,2017-02-05
80ac215e5fbfa62e737e8d47e2287b2c,c6e4affe776c84f449dfe5de63939208,delivered,2017-10-28 19:43:21,2017-10-30 21:31:34,2017-11-10 13:34:55,2017-11-19 11:48:31,2017-11-30,26745aefcbade7bf038c84f9529ba5b1,2017-10-28
d0c7cbf522cc8fd33f0eede7f124db41,b63f9ce4daa4f644ab9caa56c9b5c2c1,delivered,2017-12-08 00:47:13,2017-12-09 15:38:22,2017-12-12 22:06:58,2017-12-16 00:45:54,2017-12-27,db1a6e0430bf36f278e03105fc48ebf3,2017-12-08
b45a8e6ce0030929914dfd68dd710586,70dadbeed0be77f34405407a8f5b1024,shipped,2018-02-19 17:20:06,2018-02-19 17:30:30,2018-02-20 22:46:59,,2018-03-20,0df7cb24e2043aed322e088e15b45275,2018-02-19
ce387eba3b0e5a8145a79db39394f728,b1cf15b2a25c647c2de2ff757c033b94,delivered,2018-06-27 07:11:00,2018-06-27 10:51:45,2018-06-27 10:16:00,2018-07-03 08:45:54,2018-08-01,a4d91b80bdb82de936dd0aee6fda52fb,2018-06-27
ee84d18908ccf2b4c57008c552b98d1c,fc709ab645b71acd6046aeb03b590aa5,delivered,2017-10-09 12:34:39,2017-10-10 03:26:26,2017-10-16 19:04:42,2017-11-07 00:26:48,2017-11-03,ca77025e7201e3b30c44b472ff346268,2017-10-09
75e659c8ca6e2872f6d35430337e5dc6,1755f2846673a250cf4013174dfaad38,delivered,2018-08-04 06:24:25,2018-08-07 06:05:36,2018-08-07 11:43:00,2018-08-11 13:16:37,2018-08-20,19b0839f7a896861cff91c416fdcf911,2018-08-04
368b20312c68710e9d75cbb5cef5c469,b85a55907f00013ed7b953a50de74e12,delivered,2018-01-01 22:40:31,2018-01-01 23:36:56,2018-01-03 12:33:09,2018-01-09 20:14:51,2018-02-02,40acd47f4b76c72308a885e4357983a4,2018-01-01
147208dc7ffe7dc225aaf26e5e193b44,8d4c26167eda62aa307cc99050e5cf8f,delivered,2017-11-18 11:44:26,2017-11-18 11:55:34,2017-11-21 18:09:59,2017-11-29 13:54:49,2017-12-19,c2a6afebeb67b9627f2a2455b06cae1e,2017-11-18
a6cf71d9fd08019c865e09285ef911b8,8aaaa1297f97f4de055de7a6c34be730,delivered,2017-09-04 20:58:29,2017-09-04 21:05:36,2017-09-05 19:47:06,2017-09-14 22:06:28,2017-09-26,09b694b37235ce432f1586f6e10426a2,2017-09-04
71a9bc15cae2d58e86e4be7ae0ddc592,91e482f8c3164d3ccca546c08023e115,delivered,2017-07-20 19:17:05,2017-07-20 19:30:09,2017-07-21 17:38:36,2017-08-21 16:50:12,2017-08-23,506757f1ee920b708b4d8820c28c4269,2017-07-20
3c220c0a8ae53cc9f24d007cb5b1a15d,12ddb653ddf28191dc4b375dd183febf,delivered,2017-02-13 15:36:20,2017-02-13 15:50:18,2017-02-14 16:51:50,2017-02-20 11:27:55,2017-03-14,c88fdbe3c6e7f973c5be933a35993e99,2017-02-13
6bff6f42199acae6d8ba7c16f1aea5de,f21ff61b605499592c0f6c7f1f899489,delivered,2018-03-08 10:58:38,2018-03-08 11:10:42,2018-03-16 21:33:02,2018-03-26 18:08:40,2018-04-03,4460b8b581cad7e55f1d7d245ee3a2f2,2018-03-08
8bd24d561ec1ec5f12ca94ba62f44909,236d076b6582dd0da2fdfa1c7604dd7c,delivered,2018-06-07 10:21:23,2018-06-07 10:34:43,2018-06-14 15:05:00,2018-06-18 23:56:29,2018-07-04,7c50190d7200a712b3efbf74dcda62a9,2018-06-07
70a25f8b804c7e220927839f1b869626,2c13b31ed30512fc84164e15692dcf53,delivered,2017-03-30 13:28:48,2017-03-30 13:42:17,2017-03-30 14:25:26,2017-04-03 17:20:13,2017-04-19,9935b7e2683de890a208026f020e54d3,2017-03-30
e18e04e7700b1fa84a2aba133af245f8,28039e5ebd1d086365ff6797ea5ba4a3,delivered,2018-01-13 16:34:22,2018-01-13 16:49:29,2018-01-15 20:03:35,2018-01-16 23:03:17,2018-01-30,213fc0fc021c524857acbd7611c8b24c,2018-01-13
dba786faebc1f0b354571debd40bda8e,bb28649d3f59034b560a60811de5b020,delivered,2018-04-16 22:38:48,2018-04-16 22:50:29,2018-04-18 22:19:22,2018-04-26 21:13:47,2018-05-15,c54c097e86ef49f4aa71407b2861ee12,2018-04-16
f82746601c1969d00d63e14a786f322d,054ab203cd9764221a28a41cce1e8cd0,delivered,2018-08-20 17:16:49,2018-08-20 17:30:24,2018-08-21 13:59:00,2018-08-29 19:06:50,2018-09-04,57e86b52c7ce571e809f885b2d802f1a,2018-08-20
7b8b1e2fbbe6a726e3bd583956716bcb,730e00f0a2f7a11f11644df88fb41e7c,delivered,2017-06-08 13:14:58,2017-06-09 02:35:16,2017-06-09 15:59:32,2017-06-12 17:37:53,2017-06-22,ef574f87d1c9e077969b159d2ba02ba5,2017-06-08
2d27ee9bbc377938d4a8c5a8efb16551,f1a239b72ea3fade1066471be5a5eb27,delivered,2017-11-08 17:38:41,2017-11-09 17:47:53,2017-11-11 16:44:23,2017-11-16 10:21:39,2017-11-22,163fb9fbf2ad50509f49ff664893b6b8,2017-11-08
3e341725cddb1523a88a68e64d7ce0cf,338e3b69e48bfd76a9eb4e963dcecb2f,delivered,2018-03-12 19:56:52,2018-03-14 03:08:24,2018-03-20 00:16:24,2018-03-28 20:05:24,2018-03-23,195cabf057d893ad407d1e5c97d25928,2018-03-12
952ae74fec51be4a3dd2b542bd77843d,eba6b4c02a87d8d361314e878cd67fdb,delivered,2017-06-28 10:48:08,2017-06-28 11:05:10,2017-06-28 16:16:22,2017-06-29 11:39:35,2017-07-11,3804cddc3064035865547f06aff7e1ae,2017-06-28
282173a7e501a3bcdf5ac035f2da53ed,127016e771ff3dea1a8c2c22f09868d8,delivered,2018-08-16 10:15:45,2018-08-17 10:10:15,2018-08-20 15:29:00,2018-08-23 16:36:43,2018-09-04,48808de5f7aae8881946c93b0b522f8b,2018-08-16
b77ce1aa2e42c0482b3291e3e269bc10,9c94ae21b6425a70d0673f4421147906,delivered,2017-05-17 03:30:30,2017-05-17 03:45:14,2017-05-19 09:27:44,2017-05-24 10:52:14,2017-06-16,11919542cd2080bad74c41346d04f996,2017-05-17
81fb90c1485e2ff8b2fdd37b0472ba9f,fae5d5fa492706b4c5c236fa57642e6b,delivered,2018-04-06 10:02:17,2018-04-06 10:15:16,2018-04-07 01:42:39,2018-04-12 19:22:22,2018-04-30,ecf9d859507d68b1a2c7464fb76bcc01,2018-04-06
3bccfd7e1731434bef6a720c0411bb06,92c5fc293d0fb1c8374516492bb5ff4c,delivered,2017-10-11 13:01:51,2017-10-12 12:56:26,2017-10-17 14:12:51,2017-10-21 00:51:24,2017-11-06,6a7ab7b192e77262362c896a19a48a50,2017-10-11
0acff4874d0f6558ab78a80bb4c8a3ff,e7bc43bd991299745f29c9f38d0eb322,delivered,2017-03-11 23:32:41,2017-03-11 23:32:41,2017-03-13 13:11:52,2017-03-24 13:08:40,2017-03-31,c3f47f4afe87d7a1f8ce9a6c0d7b3a3a,2017-03-11
c34669131c7b65bd32282de48c9d4112,1dd8ff8ec5a03f1ea1996060c0520667,delivered,2017-12-12 20:04:27,2017-12-12 20:15:25,2017-12-13 19:42:51,2018-01-11 23:57:00,2018-01-19,f44178e19662ba09ade9a48d039fd381,2017-12-12
1d5bd99b9b20b17bd85826aba9c18994,0b9a169354c3525fe15c74baee76fcbc,delivered,2017-02-03 12:54:08,2017-02-07 03:45:21,2017-02-08 14:33:59,2017-02-17 17:04:57,2017-03-22,0ff496711329d7a5d58e8a43716b3e6d,2017-02-03
cfea2c141cacb975b65831b7ffd6d194,6a95d327abbbcd54e780a8b44e0d17bb,delivered,2017-11-12 15:41:02,2017-11-12 15:51:06,2017-11-21 19:57:17,2017-12-04 18:08:55,2017-12-13,b8dd0ddbf2c5ba52956dd0a656a5bfed,2017-11-12
d8a7de021e5dfac3c36636fc6ef861c9,fbf80d284c6f23caaf933fd4298ebb5d,delivered,2017-03-06 09:44:32,2017-03-06 09:55:10,2017-03-07 15:39:41,2017-03-13 11:38:46,2017-03-24,389a0588bc54a48e50f6f5825c5da8b0,2017-03-06
9d128b33292eb10e072f1eaacb9b07c4,f947df10435b901a1ec4e36102afab47,delivered,2018-08-16 13:00:52,2018-08-16 13:15:27,2018-08-17 10:05:00,2018-08-28 18:58:42,2018-08-31,1e4a6d5ed96cb289a4faf22478e98826,2018-08-16
9cef4f2469402d5f1aa5b5122441684c,ea02eb9876454cdc07707cc4352db963,delivered,2017-08-19 15:13:19,2017-08-24 18:46:38,2017-08-28 22:47:41,2017-09-13 18:19:46,2017-09-20,2f316a86a5fe0e6fbc61bb9dc0214972,2017-08-19
a38d122ad3e07ca8d13e4a42059b98d2,b94ee75cf54fccac2d338ff56f45744a,delivered,2017-08-22 09:24:13,2017-08-23 02:46:30,2017-08-24 19:14:00,2017-08-30 20:08:04,2017-09-14,ca1e99996964e5ab2809660f8bdd9316,2017-08-22
6b67c8a7a8d08df9590f2ee347cb6afd,8941fa318a1a672562dcbad8b27b7ec8,delivered,2018-01-23 11:57:17,2018-01-24 15:57:43,2018-02-02 18:22:21,2018-02-16 18:22:27,2018-02-21,452ec6f0c5a828ba0c282b4f699c0912,2018-01-23
e9b6fe47a8f2ede1804ef5feefbabe83,25543acf1f4678661727be65a20dacad,delivered,2018-02-13 00:03:01,2018-02-13 00:10:30,2018-02-14 18:33:09,2018-02-20 19:17:03,2018-03-12,e3ff1c66fc29070a74179654e03caea3,2018-02-13
84f55f5646e749a7df1a4ec73e7ddb48,cd72bdc2b2fe53268c411b2f8912fd82,delivered,2018-04-25 12:05:05,2018-04-25 12:15:25,2018-04-26 14:15:00,2018-05-19 17:27:41,2018-05-23,e8ad9f607ec40567a48093c4a552e388,2018-04-25
cf96b3a15cf1f61c5398ae91f1cbd75f,0eccd889365bd8b8169547bbc25eed73,delivered,2017-10-15 22:18:18,2017-10-16 22:28:19,2017-10-19 12:32:49,2017-10-28 16:32:48,2017-11-07,62df309d79399a7f39f6b2145ce5f8f9,2017-10-15
1bec7861a092429c4f37133660e501fb,117a305bbf1e9a2f1f590e4561842469,delivered,2018-05-18 12:20:04,2018-05-19 02:59:02,2018-05-21 12:05:00,2018-06-07 16:38:48,2018-06-13,e2cbf5327ce406109ed55e1ce087d090,2018-05-18
afe88388e4101e5724c27c83f0aca398,14bfdb077e1683258a8069501d9957aa,delivered,2018-06-21 20:30:41,2018-06-21 20:57:08,2018-06-22 10:35:00,2018-06-28 19:03:31,2018-07-13,8e7252435155192d1e13288ffaa74ac2,2018-06-21
335323aed1f406d4ee11ba438e5de1bc,af15e9bd1c4094bcdce4d3c9115e3dbf,delivered,2018-01-12 09:31:32,2018-01-16 03:40:08,2018-01-19 13:03:52,2018-01-30 23:51:44,2018-02-08,8c2bfcffdd3558ce1cbd53ea4010ce91,2018-01-12
530b181c9c1dd346c4ba0dd011b8d8f9,a70cecf0200548579a652f8e21a28dc4,delivered,2018-05-21 19:46:07,2018-05-23 02:38:32,2018-05-25 12:40:00,2018-06-03 20:12:06,2018-06-07,5f1f0fdf92b6f8c83662f526e363f18c,2018-05-21
23c9d37f66d443b16767321d11d70821,c0c87406b399231a6da7f06fa1a14c8d,delivered,2018-01-16 16:45:04,2018-01-18 02:12:50,2018-01-20 00:14:42,2018-01-29 21:08:52,2018-02-06,cdd409dd98d0b07373e6612e8adbd14e,2018-01-16
f8b730c3feb3136010e89c9acd18cdad,a3a5c7b1fffe9ebc5272b53e9b21176b,delivered,2017-12-10 16:22:08,2017-12-10 16:34:23,2017-12-12 19:42:51,2017-12-15 23:35:03,2017-12-28,196f813b4a1b1bc55b76345e2538e3b3,2017-12-10
edaddb20d1600fbf9e1cd5d30a7e9198,1f4ceb40514a12222ea7310162a29f94,delivered,2017-10-08 09:31:45,2017-10-10 03:56:32,2017-10-10 21:03:35,2017-10-17 17:55:52,2017-11-07,f8308de7370e6293120c537a031f4cff,2017-10-08
8def5d8e86971efa694dc5192fb2258e,436bb7ba9296d93ab5e8eb0ead3b2bb6,delivered,2018-07-05 20:07:34,2018-07-06 12:11:01,2018-07-09 09:36:00,2018-07-10 19:06:45,2018-07-18,1d5eeeeaa1f95d8e8eddf7e4427f543b,2018-07-05
ad1c343f53639ad550761c2653c191b0,38563843fdf71adbd87b421a7932d94e,delivered,2018-08-08 10:04:29,2018-08-08 10:15:21,2018-08-15 07:53:00,2018-08-22 11:32:05,2018-08-31,947c372f66d25d40cae52ba1a9fe45e6,2018-08-08
80cfa0890f4319950ce8e5dae346a7b5,bb8c7236666ecd5eeb745a5452ad3f10,delivered,2018-08-20 15:47:56,2018-08-21 04:15:26,2018-08-21 12:44:00,2018-08-25 17:52:54,2018-09-03,3f67cd4269b8c6c43c47fc8595419fe1,2018-08-20
05b126974a95c4a8c2ed51e8e0334c6e,fca1f22de13081a34651c48cbb5cfb01,delivered,2017-07-17 15:23:31,2017-07-17 15:35:08,2017-07-18 14:10:13,2017-07-28 20:23:55,2017-08-14,069ee0689429b858e857a7da2a80b9a7,2017-07-17
d97cacbc87a70c0a938044518f7c31c2,687dba758662ac064303b3087930c12d,delivered,2017-03-14 19:30:51,2017-03-14 19:30:51,2017-03-28 18:42:58,2017-04-05 15:42:33,2017-04-13,8f9be157066c7df744a08964198d16a4,2017-03-14
4cd1bfe6723bb2e83a8045cbea275c65,1732351234779d12dcc355581d02d7b9,delivered,2017-06-08 07:24:22,2017-06-09 02:25:26,2017-06-09 11:58:44,2017-06-16 13:06:52,2017-07-13,53691d9b98cb690ad106c9572e6cbc68,2017-06-08
119d388c6a2ceb03620dcd86c45f65a5,9ab223471e12c827aefff3c0af9483a3,canceled,2017-11-15 10:43:14,2017-11-15 10:56:12,,,2017-12-05,35939cf85d11299a5322582f0ec20f7e,2017-11-15
d9b4254b30f9bda1e6cb94a67cd42cf5,b00f7bd546cc64054eb4590cc37bc2fb,delivered,2018-01-06 10:27:29,2018-01-06 10:37:56,2018-01-09 23:19:44,2018-01-29 19:09:19,2018-02-06,f616e247e477e36e19ec6343320f4768,2018-01-06
2ccfb56c4a7060de9778668844658588,0f6a4a64f5e8d60b96555758c8b06585,delivered,2018-03-09 16:43:14,2018-03-09 16:55:35,2018-03-12 17:28:34,2018-04-18 15:07:29,2018-04-02,1cd8e333f87e1f50169867f74c0caa28,2018-03-09
8f1a2266f747c7d0e62d992a6b411c60,c36dcac28596ab129461788cf382fdd4,delivered,2018-06-19 13:00:38,2018-06-20 14:38:47,2018-06-20 13:43:00,2018-06-28 20:08:52,2018-07-16,b17af3445a21a00439acee990fc4cb12,2018-06-19
5d284e172fe3bafba10f2c60e3ea2047,79bf49fff32de9cb236d31bcffa1d6ef,delivered,2018-07-31 14:55:13,2018-07-31 15:44:37,2018-08-01 13:49:00,2018-08-09 18:58:48,2018-08-14,d335ab93b86eb5ad92b44c469a1a8d56,2018-07-31
91e6838f3091d5ea8d82bc61a52b5d58,84224aa8a8d7d7a16e6ed976990b9cdf,delivered,2018-05-17 16:42:45,2018-05-18 16:58:23,2018-05-21 12:03:00,2018-05-25 19:57:34,2018-06-01,93805ba8be262fe253c4284751762866,2018-05-17
877ee05a3ef8f89df314644a0136090c,5ecc8bd7098790f73cb7b580afb1caef,delivered,2018-08-21 08:16:01,2018-08-21 08:30:15,2018-08-21 14:11:00,2018-08-24 16:36:41,2018-09-11,ee7b648eb4a641d2f106cd5d2fdacb64,2018-08-21
13571ddc96bacd5acda85d1a87625bf7,a4c045252d9ee400da61eb5b562aa8e1,delivered,2018-04-19 09:42:50,2018-04-20 07:31:32,2018-04-24 16:58:37,2018-04-30 22:12:11,2018-05-21,02712c43bfdb769882911ec01879f2b6,2018-04-19
a0c98bdda8405aeaa4b87bdcdd25da22,79dd597ff7e371b512f0a22caf4a08dd,delivered,2018-08-17 12:39:50,2018-08-17 12:55:22,2018-08-17 12:37:00,2018-08-27 23:08:26,2018-08-30,b7bd50b8601e700f94572209518a9744,2018-08-17
af0d2135b91bb01826f495ff0d828b8e,2f24533fb68b221af9943f165c9d69b9,delivered,2018-03-28 08:57:31,2018-03-28 09:10:21,2018-03-29 20:23:04,2018-03-31 11:34:31,2018-04-10,98a9923e83c945ab8989ee2c5a3ce671,2018-03-28
847895ff42365e8959cdf2ef63afb847,910a3a50acd58e3d700e8e0860524a42,delivered,2017-05-10 00:18:20,2017-05-10 01:25:22,2017-05-11 13:43:37,2017-05-19 13:19:56,2017-05-30,75825d106dcac42b4ca1c91000b6e0eb,2017-05-10
4649c5e95df94c2a37938bed23879e64,35342093ef375b502a9dd9f52a4cc06a,delivered,2018-08-10 16:52:54,2018-08-10 17:05:21,2018-08-14 13:08:00,2018-08-18 17:08:40,2018-08-31,8c386052f03160a4f4c751fbce2e0031,2018-08-10
f717c2ba5591ca0c4dfc970c3762fd43,c92b21c93e0e1b1a5cd4de124784d8c2,delivered,2018-06-26 11:33:24,2018-06-26 11:56:59,2018-06-28 09:10:00,2018-07-03 20:16:34,2018-07-17,ee5972781a5a53c05b50850f85d63ffc,2018-06-26
0dd723c6398f43e82b3916b7f2cc8e59,b8d96d8d84e39605b6eea85eda6b080e,delivered,2017-12-04 20:28:03,2017-12-06 02:50:32,2017-12-09 16:48:59,2017-12-26 17:12:39,2018-01-09,d46f0f655659cbeb210db2a746b2554f,2017-12-04
25d3716d0097db13efad1ec47ea26551,e6f635217be521e389d16f31394cae5f,delivered,2018-08-06 20:58:20,2018-08-06 21:10:15,2018-08-07 15:40:00,2018-08-10 22:12:07,2018-08-21,eaa7b2692a101caba7c02906259231d6,2018-08-06
cdd2bd78457525991f04c54ebf835027,15220c6163daf6422c2afa69504e75b3,delivered,2018-01-28 22:16:51,2018-01-28 22:37:28,2018-01-30 14:29:07,2018-02-09 21:43:19,2018-02-26,d9130f3728c3db4c5d4678555fd2814d,2018-01-28
201776a9ceca3a375c7e32fdb22c9675,a9cb426b0db0ee6d1ba8163ac9518012,delivered,2017-11-15 23:10:30,2017-11-15 23:26:24,2017-11-17 12:24:53,2017-11-21 18:41:40,2017-12-08,60a17c1c55b5c2347e4d741920c1d946,2017-11-15
cfcab3d63fc144cd189d0af6e9213053,3906fa15ec054091d71e1ab2d6fdb3ee,delivered,2018-02-04 17:12:31,2018-02-04 17:29:36,2018-02-06 23:13:14,2018-02-07 21:39:35,2018-02-22,bcfc9032cea53ef734a6008742d954fc,2018-02-04
99379b2e7a8197520ce4c04865544bab,0bfc3cc0012bf277dce70f42fad57b95,delivered,2018-01-19 12:40:16,2018-01-20 12:37:18,2018-01-23 20:38:37,2018-01-29 17:17:13,2018-02-05,dfc8ac166207b0887f4123d5df99b799,2018-01-19
8a302d5e7a9bf8493bce42dd0d629643,c6b64401a0be444212469af843064dda,delivered,2018-01-13 21:30:19,2018-01-13 21:49:14,2018-01-17 16:08:58,2018-01-26 18:15:22,2018-02-15,a5f34845614d50b79ae93cec13a54086,2018-01-13
765e82006189100419015233bf26be8a,dd4a80c1daa4fc1d5b27af36e5f44f2b,delivered,2017-01-28 19:50:15,2017-01-28 20:31:33,2017-01-30 11:32:54,2017-01-31 17:42:11,2017-03-27,976a39626eb2337ee3258d4ad73f1543,2017-01-28
2ca68e6f3682ab0ee4ae0c4f069772d7,1199615452acb7d59d0155b46a60a190,delivered,2017-09-26 17:29:19,2017-09-27 03:35:02,2017-09-28 18:57:59,2017-10-02 18:41:44,2017-10-19,73601b1eec55943e90ce8d61253d5c09,2017-09-26
dae4fcb62b78ccf2ff3ac4d49113a8f5,cefbe92afc1f162d27509c145d1614e0,delivered,2018-06-28 10:26:00,2018-06-28 10:50:29,2018-06-29 14:59:00,2018-07-13 22:52:07,2018-07-30,811459d2ae60f5c3affc92682010617d,2018-06-28
beed527292a9e9a0e10bc602565b510c,75db86952131820b90d0a7d574f23a3b,delivered,2017-11-25 00:05:21,2017-11-25 02:54:30,2018-01-04 20:23:03,2018-01-21 16:58:37,2017-12-21,b1da853b83d83369b4a4ca2c8dc1be18,2017-11-25
6703ec8f95d980d0f4b7ca9a61f0d0c4,46819df406e6d3b016e6d3cda0d1bdac,delivered,2017-12-22 22:02:29,2017-12-22 22:11:24,2017-12-26 22:53:39,2018-01-11 00:04:55,2018-01-31,c7f17cbe4b201228bf972801ef3eac59,2017-12-22
3a6bf12cb580b92b0d58b93fd1a35e17,503338c1b6e6a0cb8cd2f848c42c7207,delivered,2017-12-05 21:18:13,2017-12-05 21:29:30,2017-12-06 23:51:59,2017-12-07 22:28:52,2017-12-21,1e47cd2641a8fe8a5f79370e62c62cfd,2017-12-05
8a7679380ddbbbe7495aa2d1cafd515b,9820e5ca96a381bc3166b135b064b64f,delivered,2017-03-19 13:58:43,2017-03-19 13:58:43,2017-03-21 13:14:20,2017-05-26 10:41:52,2017-04-06,b4ed71ab794dd2e18336ccdc3d9bcf42,2017-03-19
758888bc05afa2d25b8ebd3c47020016,20f090cdeeda1b2c7028fd2d2b7ff9d4,delivered,2018-04-17 18:36:27,2018-04-17 18:51:36,2018-04-19 19:36:43,2018-05-04 17:20:52,2018-05-15,f03e264a1084371041635885cd89fddd,2018-04-17
cb8ec27d37e47fdbc81f78fe926c7dbf,880f803b30720595342da61f84e0b3ce,delivered,2018-05-07 15:34:29,2018-05-07 18:09:48,2018-05-14 15:41:00,2018-05-18 16:19:56,2018-05-24,e0d866b11c99972acc96a5cfe243bff3,2018-05-07
3cf9e0e6567aaa4e7698c34679d269de,7e05898c682a8f567e1e23aae622272d,delivered,2018-08-08 12:05:49,2018-08-09 15:45:13,2018-08-16 13:32:00,2018-08-30 19:02:55,2018-09-12,5c538d3f5e3a3bf3e7c6c9ff01fbe9ac,2018-08-08
161e17b4ed2cf41cdb401cb16a78fe99,d4126d6be9549edce883718b6af9ccaa,delivered,2018-02-24 15:22:38,2018-02-25 15:40:24,2018-02-26 19:03:35,2018-03-12 16:26:31,2018-03-26,71d955066665beb767e97f9c26c9771d,2018-02-24
af0139a90e4b6d6681ce1d5c02db67f4,0d7606cb5b074d100e373c7a43082b7f,delivered,2018-07-26 10:10:10,2018-07-26 10:25:11,2018-07-26 17:42:00,2018-07-27 21:51:51,2018-08-03,7046301379f90c9054c43d7dc050061e,2018-07-26
5927bb00efcc2db67e6e98500fa49629,7bcba019e4d8bf4e23f5b6e15bc50d3d,delivered,2017-08-02 11:19:52,2017-08-02 11:30:21,2017-08-03 18:09:55,2017-08-08 10:57:39,2017-08-22,bf12dd43e2ae8a45b393a042fe552231,2017-08-02
1b90587d2255b7eb1dcc4d2c7eba1c54,c864ab08bb4dee24abda9f5d464194bb,delivered,2018-01-18 14:08:58,2018-01-19 02:38:48,2018-01-19 23:39:08,2018-01-23 17:12:41,2018-02-09,07121899dee7bf1c04a1b915d29515fa,2018-01-18
958064d074b8767d4e9a988f63c1633f,867b9a828a0ada03ab7b1cb5ee6c325f,delivered,2018-08-03 13:22:35,2018-08-07 04:44:39,2018-08-08 15:54:00,2018-08-13 13:45:32,2018-08-15,5a667ed4233b27bcea4864feeb742973,2018-08-03
20eb5996ce527db33024aa9f2bea69aa,3da95d69ae46803a5a7bca3c2c175afe,delivered,2017-12-12 08:51:04,2017-12-13 02:50:03,2017-12-13 21:48:28,2017-12-26 16:17:40,2018-01-09,9331b84696d1c9531e25b0759ff15fc4,2017-12-12
a6f521d5e68e95961ac13d448a960fd7,6999f4d337ab6bf57edf289703244131,delivered,2017-04-26 22:51:19,2017-04-28 11:44:07,2017-05-03 09:20:43,2017-05-25 14:42:40,2017-05-31,5c94dfc9ac107651749491c1d83a947a,2017-04-26
0946ea44283ef9035521460a12da1569,4d54b74513ea9a321781f3838c7cffb5,delivered,2018-03-17 18:24:43,2018-03-18 18:27:29,2018-03-19 23:03:33,2018-04-20 16:37:19,2018-04-12,53ba3e9add3a550db5bcdd7c446d6114,2018-03-17
4382b7af38e2034ff26273519819f2d2,660a5acfb2835dd4b993ab8850da4a1a,delivered,2018-03-02 17:01:58,2018-03-02 17:15:39,2018-03-06 03:13:11,2018-04-27 20:41:09,2018-03-22,6f68b458736739a2740b3bfc9a3a2d39,2018-03-02
b7867c80a94b0b3e95293f637d913dbd,d265c86d8b40bed20166f5b45befb303,delivered,2018-03-15 23:18:09,2018-03-17 02:55:22,2018-03-19 18:05:14,2018-03-21 20:32:54,2018-04-02,40478d5c91f6793a6c880e207804ebd8,2018-03-15
e4c01d7732af07fff2a3e083d93f0581,d4d1005e3934eff533fddab9afb213cb,delivered,2018-04-01 13:30:48,2018-04-01 13:47:30,2018-04-02 19:12:19,2018-04-03 21:12:01,2018-04-12,df0f306bf2711486bf3bca6d99801131,2018-04-01
3b28f0058ea921e275c87efadc8f7c32,a0ffcb12d9a0552652f35c3e54639a8b,delivered,2017-07-31 15:07:15,2017-08-02 03:03:48,2017-08-03 19:29:30,2017-08-10 00:13:59,2017-08-28,e91e347da2b620441a6ab0dcce6ab4c2,2017-07-31
69697763300040978b1c88f1bb60ad24,907d77f631b9ca3c2e1f6e38c0905d48,delivered,2017-10-27 09:15:13,2017-10-27 09:29:29,2017-11-08 18:54:52,2017-11-13 20:24:37,2017-11-09,e4971a4defaf07a1d7f2ff615a32c809,2017-10-27
d5fcb259843dadf4153e199f5d555aae,8a2ea7fedd47a6146d82b7926cdf452f,delivered,2018-05-14 13:48:34,2018-05-16 03:35:30,2018-05-17 13:19:00,2018-05-18 18:36:56,2018-05-23,2a5b958414c019549ff87cfa2c8de8c3,2018-05-14
0e41154364b2f30bb4b7a09519978b55,6bf10d8057981be8bed1925ea7594490,delivered,2018-01-26 12:53:48,2018-01-26 13:12:36,2018-02-02 01:23:49,2018-02-15 17:25:21,2018-03-02,bf3c5f89e3d26527ba21d05244ec9d86,2018-01-26
3aa10c989edd094089e4d051e4d700cf,70fc1f96a2fae9693b320e71f0275aef,delivered,2018-03-19 22:57:21,2018-03-19 23:09:03,2018-03-20 19:58:55,2018-04-04 19:07:43,2018-04-05,8fca2d8e4ffee0627875c2377a1e4551,2018-03-19
6c00e2ff02bbb412fcdd1b68c6b47436,27dbc23c3d2ed8f7ca9cb534d27d5192,delivered,2017-08-30 23:04:20,2017-08-30 23:15:15,2017-08-31 20:49:16,2017-09-01 12:22:38,2017-09-12,72897401648567f318e225b1ab98b3f6,2017-08-30
707b5fed9a986693aeb075d87589c4f8,c3f6321d8e9db88a79f98deb484b0871,delivered,2017-11-02 17:36:04,2017-11-02 18:34:05,2017-11-03 21:23:30,2017-11-09 22:42:08,2017-11-24,f2b2fe87de8d9fa3b7dcd15e60bddc4e,2017-11-02
4450dd016b7fd4215c35bc0bf87b461e,4d92185c410cc29f7efa68c4f966d19a,delivered,2018-01-23 17:08:56,2018-01-24 20:11:47,2018-01-26 15:07:57,2018-01-31 00:26:32,2018-02-08,5e240776016ffa4b66261b2a27a5d700,2018-01-23
699787f56da4a1d2e5ef4ac575681986,5a5f0cac382c8ddc94653446e4270ccc,delivered,2017-12-08 13:27:51,2017-12-08 13:38:23,2017-12-11 21:27:05,2017-12-28 22:57:13,2018-01-10,5df6ed0646d9636aa7aebebd58a16fcf,2017-12-08
fad470f7841d90564d1d57919dc69bda,02b81e78d15d013c5de9a2e89ceddb0b,delivered,2018-08-14 12:13:04,2018-08-14 12:25:17,2018-08-14 14:22:00,2018-08-17 23:08:43,2018-08-27,8634a89f409e95df150f37ba266ae9de,2018-08-14
d64ee3fd40afdbc9f1d4af84423995ed,1c930273d3c7cc56c31745ff0b835f24,delivered,2017-07-03 10:34:32,2017-07-03 10:50:15,2017-07-06 13:32:15,2017-07-14 15:55:03,2017-07-25,c499caa67e24a06d30bb9e32971f7b18,2017-07-03
89cfeacd717a4616a558ca9118b13553,cac95cb6f2ecd1894f5f3eeec6d2dea1,delivered,2018-01-23 21:06:48,2018-01-24 21:18:09,2018-01-29 23:28:53,2018-01-30 13:08:33,2018-02-07,f8bd6b385028d47ff0ab376988bf92a2,2018-01-23
e623ce1206781e57a58020bca18aeb28,6d71f3c2700fcf29edc036e602af2088,delivered,2018-01-30 23:41:41,2018-02-01 09:53:13,2018-02-08 02:08:41,2018-02-21 17:19:12,2018-03-13,3ca2f14e7557aad9076a9056d0c41c5e,2018-01-30
6afee35d4619c0d99cbf16d1e4e461eb,3ebb2313b3dc80faf4ed6d711ab7f53c,delivered,2017-08-06 08:49:24,2017-08-06 09:03:14,2017-08-07 14:27:35,2017-08-29 21:33:59,2017-08-29,ac987d464574ee0f743f9b630f937a27,2017-08-06
6242afc7de2ac0fbcb5219a2f389b324,46049b4d9873d5e84f4a368db26da7b6,delivered,2018-04-13 20:48:54,2018-04-13 21:09:39,2018-04-18 21:47:42,2018-04-23 19:36:41,2018-05-08,d44a4ad02b96814ab4c949243187006a,2018-04-13
154ff64668cf2822704c69bd957a8c6e,d5fc781810a027b383ef15f761be0959,delivered,2017-07-01 05:14:05,2017-07-04 04:15:15,2017-07-05 09:56:42,2017-07-06 15:57:34,2017-07-14,67d0c6bd30387f7d14aadae0d0beee4a,2017-07-01
5d05ba02d8d5d85144c3c1d7ea3f0aa5,d2b619b5ce9569c69e4ffeacd301361f,delivered,2017-07-31 13:06:27,2017-07-31 13:23:11,2017-07-31 18:19:55,2017-08-07 19:51:56,2017-08-22,743ae4a42b4f1db2c3ecd797392ef962,2017-07-31
bdf2706f341d19f5943d9a5c7355d045,9897219aecb9d3f94e1e37783c5eccdc,delivered,2017-09-01 00:13:26,2017-09-02 00:06:06,2017-09-06 23:42:14,2017-09-08 22:06:43,2017-09-18,9f5fc81cad6a74218a3b5ceeae59fcda,2017-09-01
96e83ce2f455f3e80e37bcb428fb7405,fd5c9b3e358a87a8fb22ea9a996949f4,delivered,2017-12-02 12:37:39,2017-12-02 12:58:33,2017-12-04 21:13:52,2017-12-11 22:41:50,2017-12-29,3654085ce61efbb9a73d03c7d94a46b4,2017-12-02
6636dd85ee82b4092b9214cc640adacc,b43821e1eccc47605f23a4476e148f3f,delivered,2018-05-13 19:59:38,2018-05-13 20:13:27,2018-05-14 15:45:00,2018-05-19 01:42:47,2018-06-08,9d397288ea2c358ab8990d013e9b8df1,2018-05-13
9d4ff04268ad793e7cac36f6224d44dc,bbbb6bbcabbb1712d83b6d996869b412,delivered,2018-08-13 14:36:26,2018-08-13 14:50:18,2018-08-15 11:14:00,2018-08-20 18:51:40,2018-08-24,219291a07997c4fc9a962719151bfa38,2018-08-13
852d591ac66808ba170d243164600420,20eab7f90e4ca36457cb0e4ba3cf2ccb,delivered,2018-06-01 13:48:45,2018-06-01 14:11:51,2018-06-01 13:28:00,2018-06-06 17:26:41,2018-06-26,05da72f690ec2fc4d00529e6e5d9a677,2018-06-01
3ef716b6f672d016c160b4187f0b071f,18d42eeb3ceb5ab86dbb6cf6c79e2e21,delivered,2017-07-12 13:26:16,2017-07-12 14:10:18,2017-07-14 16:29:37,2017-07-17 20:33:41,2017-07-25,6afd96744a11931f69e51283525c4579,2017-07-12
3010634b05f5caa199440db6b0b32da4,c25756a47621cd045fbfb4ba621ebcbc,delivered,2017-05-05 15:37:18,2017-05-05 15:50:15,2017-05-08 11:44:28,2017-05-17 09:49:44,2017-06-05,dff1bed7e55bc935835dcf382ec2e6f0,2017-05-05
a985d695ba083a66246dd48086ad4cab,db9fca3fe54ebcbdb9ccf151ab539a1c,delivered,2018-03-14 10:11:04,2018-03-14 10:48:41,2018-03-14 20:22:36,2018-03-22 15:28:56,2018-04-06,d60f975f4963e68430e95a8f4ecdbda6,2018-03-14
dd91bcebe3c4f665242db31b800a2b59,f76cd756cb7b70b6f769c529728596ce,shipped,2017-06-25 16:47:48,2017-06-26 16:50:19,2017-06-28 11:32:31,,2017-07-07,312bd00f838c99265423059305d9b94f,2017-06-25
11a239a4801f822c98f826b625fc9baa,1b55371dee453c946fe64347a326f0b4,delivered,2017-10-03 18:07:53,2017-10-03 18:24:37,2017-10-04 15:42:16,2017-10-14 14:53:41,2017-11-06,9ce8c0e4fde79838dfa511b4cc893f7a,2017-10-03
0ef716d86b77c7bf750b25ef9249d193,565cac2d738e69ba2d8369747e27e475,delivered,2018-08-02 12:42:08,2018-08-02 13:25:13,2018-08-03 11:25:00,2018-08-13 23:31:57,2018-08-27,1ecd17c402c785d09ae376026565fd28,2018-08-02
d258634007adc92b160fdbb262456655,8f727a6774a40d2374815831f91e0d0c,delivered,2017-05-15 15:38:11,2017-05-15 15:45:16,2017-05-16 16:02:18,2017-05-22 11:37:52,2017-06-07,3fb6c7027ba2df577cb5f20fda647e6d,2017-05-15
3ae5336eaaf24d7728df78a105ed61af,bcd4be22349c077e997a325f0a5b8e81,delivered,2017-05-20 17:14:45,2017-05-20 17:25:13,2017-05-23 15:54:37,2017-05-31 07:18:05,2017-06-13,e2dd6d1886e0642c07e0cccb12e4b140,2017-05-20
90707a3b41e1c6cde0740f9754490e92,015c5e6d8c584992072dd7b69f2fad3e,delivered,2018-05-21 19:51:55,2018-05-21 21:36:08,2018-05-22 14:18:00,2018-05-23 15:14:20,2018-06-01,baad97a77fafd04f72a7f874dd67b37e,2018-05-21
701346c966bac66c241f305dabd8f61d,612b779c8394301bc22771a63e4e7a0a,delivered,2018-05-03 15:12:05,2018-05-03 15:34:52,2018-05-04 13:39:00,2018-05-11 21:43:59,2018-06-13,19f190b5d6d5121c8c6d2aecf2c7d98c,2018-05-03
928d6bcb24344911f6d0003585b91dab,7588edc8a7018172fa514eaa6cd3e909,delivered,2017-09-14 10:29:35,2017-09-14 10:45:13,2017-09-15 17:38:01,2017-09-27 21:18:00,2017-10-03,6bba23de837cf1e59f413f40a6541ff8,2017-09-14
c2bb89b5c1dd978d507284be78a04cb2,6357fffb5704244d552615bbfcea1442,delivered,2017-05-23 22:28:36,2017-05-24 22:35:08,2017-05-29 02:03:28,2017-06-09 13:35:54,2017-10-11,44b6bbfea26596437062a38c8e6bcec1,2017-05-23
4296801e936343a5f6a38e29143c0f88,8b26e9f4e8dadffe40b101bea7634b9b,delivered,2017-11-06 08:38:45,2017-11-06 08:50:26,2017-11-09 19:09:29,2017-12-05 21:38:54,2017-11-30,34559b7e3e0742c1952c9d905e0604cc,2017-11-06
1dc0b2e5397cff8b103ba38a2a147869,eef33d691ec940e4c72ff018c1ecfe99,delivered,2018-03-05 21:47:33,2018-03-05 22:08:46,2018-03-07 17:46:58,2018-03-20 19:46:35,2018-03-21,07abcea6f64399366559afee336a7fd2,2018-03-05
648c8fc147248b2db527bd25821f67af,b6ab7cabd5b094d098e1a1557a6d3f0d,delivered,2017-06-12 10:34:29,2017-06-12 10:50:08,2017-06-16 12:46:42,2017-06-22 16:36:36,2017-07-14,a2325193ac2e95b805642e3100f80af3,2017-06-12
b2f4d61781e3120462270cc41f9693eb,496a959e5d8dd7bea89fad0ef7dabe36,delivered,2018-05-24 13:02:05,2018-05-24 13:13:26,2018-05-24 14:16:00,2018-05-29 17:27:11,2018-06-11,d7f5ebda8c8c4b79f6f89a586a823982,2018-05-24
8d7ab0caaba5e4a2f8e11caff31dfe48,50aaed44e9c8129beddba50bf99c232a,delivered,2018-07-31 20:18:46,2018-07-31 21:00:12,2018-08-01 14:35:00,2018-08-02 18:11:47,2018-08-06,9bc26fe6fd9365ef95a2f6a3a20a0b87,2018-07-31
c21e26a623796821b827547ac056684c,8a4e02df6c9e3dd7e603d1a1face907e,delivered,2017-11-25 15:58:13,2017-11-25 16:31:30,2017-11-29 20:36:52,2017-12-31 09:26:24,2018-01-03,12bfa5b03f501ff9aa5b1be5dca56595,2017-11-25
388093f2361bae7f871b80bf9673e2ee,65eb3588197e862f2f8b129ff7a9d3bb,delivered,2017-06-18 15:57:48,2017-06-18 16:10:12,2017-06-20 08:39:42,2017-06-21 18:24:37,2017-07-12,3871b0ab0166a2f441fa762f5206cacc,2017-06-18
0bb6d291f1488ae4922e89c2f6105f33,ace44b787aaa9e76275ef9e5c226f5d2,delivered,2018-07-11 10:49:57,2018-07-11 11:08:23,2018-07-11 14:01:00,2018-07-14 00:37:25,2018-07-31,f6c5030d469247f9fc91bb62a6fb6597,2018-07-11
fe60bad9c284d296c50b267f32a70da8,6f77c9578a65aba965ffb1634406249f,delivered,2018-06-14 20:24:49,2018-06-15 20:03:23,2018-06-18 14:41:00,2018-06-22 14:51:24,2018-07-25,ca1de4d44721fe19fcec76ddf762bec9,2018-06-14
5d77e951a4327143b2844fb532e7ac82,e1d4f9b115810a63ce6b0dea47172847,delivered,2018-08-02 20:13:58,2018-08-02 20:25:14,2018-08-03 14:46:00,2018-08-10 22:43:47,2018-08-16,54b1b1bd0899346cf9dd661e96e97a2a,2018-08-02
c47ea271246fcfab187252dbabda3bb1,87ef858df37804b3770548b5252539d7,delivered,2018-06-04 13:53:35,2018-06-04 14:10:56,2018-06-05 10:39:00,2018-06-06 22:41:57,2018-06-28,64e271e013f0dc202489c75282dbd491,2018-06-04
7d92b1e737c6ee25a66b4bddf1f8be8d,b52dc9b0b38a7c414ffb6da8aec8d27d,canceled,2017-09-01 22:43:44,2017-09-01 22:55:23,,,2017-09-14,7801c4b924e19c33c0601c0fb43a023e,2017-09-01
caa15e1aa25a513739966e10636def94,c93f48778b314ed87df5cc23762eea20,delivered,2018-03-04 18:00:31,2018-03-04 18:10:32,2018-03-09 02:26:22,2018-04-10 18:22:24,2018-03-26,bca5edfdca79667ba7e2db50063c764e,2018-03-04
5572ccc94fef3d4af1107bad26cd1e3d,5db5ed3c6bcc57e734b8c976c869bb8b,delivered,2017-04-25 15:33:46,2017-04-25 15:45:14,2017-04-26 14:33:30,2017-05-05 14:13:52,2017-05-12,331693f62aec7d7b7a063de9b49b8ed9,2017-04-25
da9e241d42acffe7f3a590e13f030df0,f4cc57a35bb6051404931c810608f646,delivered,2018-07-08 21:08:26,2018-07-08 21:25:20,2018-07-09 14:48:00,2018-07-13 20:37:32,2018-08-07,47725b089b6634e4ee71abe9a8c58b55,2018-07-08
49268496ecf8148bd16540c2a23c6c70,ffaa23e5ad898d7e2b73cd716dcbc43a,delivered,2017-01-19 23:12:08,2017-01-19 23:25:11,2017-02-01 18:06:52,2017-02-01 18:06:52,2017-02-15,25f287951bd4fd3e2ab42be9b6ad356a,2017-01-19
a767f123fcb9ebe4eea953349dfd5a81,e8945aceed698580f92f6d9e4ecaf34e,delivered,2018-04-05 07:53:47,2018-04-05 08:10:08,2018-04-18 01:52:38,2018-06-05 18:11:00,2018-05-04,71048f40f553973d48d6fe35d01a3afb,2018-04-05
b029a781059e5676835a903e614e845d,f73fb741184bd9607c48d8a226a241eb,delivered,2017-07-29 18:10:40,2017-07-29 18:23:30,2017-08-01 17:35:11,2017-08-07 21:00:00,2017-08-25,c08c30ecbdcddf7c2d529a244a5df3b7,2017-07-29
0a52d1f5b66c689f3955b3711ba7cc17,e827a60ab3c273d88ef8c4b401ce344b,delivered,2018-02-03 20:29:25,2018-02-03 20:49:59,2018-02-05 20:42:51,2018-03-12 22:28:25,2018-03-13,345be17b1f1aed67257c63e6aef84e7b,2018-02-03
826a93df8a62b6ce26a14ebd2fc0e93c,36ff08e1357f1f20911a508fa79a4d3c,delivered,2018-03-10 19:20:48,2018-03-10 19:35:23,2018-03-13 17:18:58,2018-03-18 18:22:36,2018-03-28,dc25777eb31c1b928d00a6b8b857f5ad,2018-03-10
5d4f3f9b6abf5c659c1fa69c55de35d2,44ce310a65512faeb94d2a990bded67a,delivered,2017-12-06 13:05:13,2017-12-06 13:15:22,2017-12-07 00:38:52,2017-12-18 17:29:10,2018-01-12,f387cb2f9e25580031e37b4a885aeaa4,2017-12-06
d272d218ea6116d8475fc36f7ea444e6,c0612b5beab45fd1d386f08da1ee642c,delivered,2017-11-21 21:35:11,2017-11-22 21:31:33,2017-11-24 23:18:49,2017-11-30 17:37:37,2017-12-20,fdaafe4e4904837b420ab9eacced1c63,2017-11-21
f8033eab5248939afe7fa7feb4ac4866,397010ff25567bfea9f77fb921c4d90f,delivered,2017-10-27 23:54:00,2017-10-28 01:30:57,2017-10-31 21:25:50,2017-11-07 20:36:29,2017-12-11,8f57542916bc546e32ae566f90301036,2017-10-27
45946efb64c679365ecd3938a0771220,a283b1e74d1373d37133117c9f940225,delivered,2018-02-28 14:55:03,2018-02-28 15:12:06,2018-03-05 20:17:11,2018-03-28 23:15:35,2018-03-21,d03aa4f46e2fd6c722f8bf3973a5ff19,2018-02-28
fe1b0a4dc611d913e254aed3a59071f2,5ee7173a4523b98db170d80f314e6022,delivered,2018-05-08 09:36:36,2018-05-08 09:50:55,2018-05-09 15:24:00,2018-05-10 12:59:56,2018-05-16,33731326daf5542c4488f6d211f35f21,2018-05-08
9f2b23380dcf7e8f6984dbbf19bb3e3f,753bc7d1b2d50787c5b275751d89dc52,delivered,2018-03-01 15:13:05,2018-03-03 02:35:40,2018-03-06 19:04:14,2018-03-16 23:42:45,2018-03-23,279856ee4305e463a7969d1ad13f657c,2018-03-01
3971183c24a8511a1e70df6ba7dd4d7c,daa2f1f018a0e1cd2ced2d84ac489880,delivered,2017-08-01 02:27:28,2017-08-02 11:25:38,2017-08-03 18:17:48,2017-08-08 20:42:25,2017-08-23,d869109e70bdb3e9fe61fd88a26fd143,2017-08-01
7bbc66a921e0671f689e2bb419d3cf09,79bcc2daa707ab5534f2dde14f6491d0,delivered,2018-03-21 11:40:56,2018-03-21 11:55:44,2018-03-22 23:52:49,2018-04-05 20:54:42,2018-04-03,27ef96372042804a66039f87fcb7aa92,2018-03-21
31b0dd6152d2e471443debf037ae171d,031f08a1ebdcfb5e706831bf64de3860,delivered,2016-10-05 12:32:55,2016-10-06 16:03:45,2016-10-10 16:03:46,2016-10-13 16:03:46,2016-11-23,4e23e1826902ec9f208e8cc61329b494,2016-10-05
0aa1d9509ae8e0c76c03ad7ba91dc81a,2b25f2ba843e1bae62f28c7f43211a06,delivered,2017-05-12 07:59:02,2017-05-12 08:40:05,2017-05-18 14:30:57,2017-05-25 16:17:53,2017-06-14,d8f979fcfc0ce686f6abf5af5f5217d4,2017-05-12
55acf4fa9e52530422b78ece74bb0314,c22dbe015ce7e51a767e4085d8920052,delivered,2018-01-21 21:53:07,2018-01-22 14:01:31,2018-01-23 21:36:56,2018-01-26 20:21:21,2018-02-06,81098a634d4eab46ab9fbd0df37e52bd,2018-01-21
67f38c0b9d8a42541af92de7b6a19ea5,46ae9e1a0e2b936715ed2634a524f8ab,delivered,2018-07-27 16:59:35,2018-07-27 17:15:17,2018-07-30 12:17:00,2018-08-01 16:08:40,2018-08-06,ee5404be56619d4488a3212b84bb66d0,2018-07-27
f732c55a86efa8dc400f0f4fae25a411,2a65e1ddf149b70a450c12196a47a618,delivered,2018-03-19 14:05:30,2018-03-19 14:29:30,2018-03-23 03:37:40,2018-04-02 19:52:07,2018-03-29,2b46290c434fe2d2449ddc9ddc4a73fe,2018-03-19
e8d5ac327490a6d1580be779a264c2fb,80c6469c7aec5761a0a4805b335c321b,delivered,2018-04-23 09:02:49,2018-04-24 17:13:21,2018-04-23 23:51:12,2018-04-27 00:21:48,2018-05-11,289818948c77115b5e3407608cd1c0fd,2018-04-23
856f18ac2d008bc9a92673a46c6057ce,8cb9eb84a7f0adedb74b7f26481d16cb,delivered,2018-04-15 18:00:27,2018-04-15 18:15:14,2018-04-17 18:22:47,2018-04-19 18:32:27,2018-05-08,a2cc1d19b7e7709a50efc5501e2d52df,2018-04-15
3d58fd1ee438a43f2a826dda6b013519,96c492da7645ca77d09a59b20d415cfe,delivered,2016-10-06 19:33:34,2016-10-07 10:13:16,2016-10-21 16:21:57,2016-10-24 16:21:57,2016-12-06,ccafc1c3f270410521c3c6f3b249870f,2016-10-06
6ace9f71dee0013cc1f49942b5279b0c,1fba089c83acfa7fea32a1e506c67e83,delivered,2018-01-07 20:14:57,2018-01-07 20:27:33,2018-01-08 16:55:01,2018-01-17 20:22:20,2018-01-31,2768e8761aeb5801d984fc31bafa0858,2018-01-07
184dd3c3d6153c3128cf53c3f7c9d60c,343b8c8b992d017783971ceb4db3ebd2,delivered,2017-12-26 09:52:49,2017-12-26 10:06:25,2017-12-28 20:30:57,2018-01-09 12:48:53,2018-01-29,9da310329f550c94c340b749297d4fef,2017-12-26
ef3defd6c98b9391dfe8737b97117d5c,c0234f74bd744235391ab8de98f0082c,delivered,2018-04-19 22:37:35,2018-04-19 22:53:59,2018-04-20 19:34:46,2018-04-27 19:28:32,2018-05-10,f6d3854ded3e19c18350a434b048fcbb,2018-04-19
9da51871b26e9f5356a2544f6540f900,267291cbcb846193728b5c986fc7d703,delivered,2018-07-23 22:37:15,2018-07-24 10:31:29,2018-07-25 14:54:00,2018-07-26 18:33:26,2018-07-31,89ad201cd943e2834d1b6d4409d2fb48,2018-07-23
53c9a0d2bf333276fee812b2f2bcec0a,837d399baf16c7a8a2f649ee733d6426,delivered,2017-04-26 00:35:34,2017-04-27 13:05:31,2017-05-03 08:38:38,2017-05-08 11:40:30,2017-05-30,e687e4462ff939a01153e9b436b4c0b7,2017-04-26
f66e22fa5ae59f9dbf674b28f1c8d318,d0c3b7ad240bf5b2ee00789b21f63988,delivered,2017-07-17 21:36:36,2017-07-18 06:15:19,2017-07-18 13:28:24,2017-07-26 10:26:43,2017-08-08,027e682a11d8db5a162f01e1b59700cb,2017-07-17
a6bd51bccacef7aef150dd6a39f26e42,deb583878352e3b5b9c62e20dde612c5,delivered,2018-06-12 21:34:25,2018-06-12 22:01:44,2018-06-13 09:28:00,2018-06-21 17:46:39,2018-07-13,16d29180e37477da50e4b588bfdb49b6,2018-06-12
a080255684c6772ec5153e1b847c9240,7dab36b82e07d989f8baffeded52c492,delivered,2018-08-12 22:57:03,2018-08-12 23:15:15,2018-08-13 10:40:00,2018-08-20 19:08:25,2018-09-25,fddb72a192ba056cc6697659e1869841,2018-08-12
bb9fd560a08ca7403789dedaca85da14,fa56d5dbed23c641e19a12b6d7392833,delivered,2016-10-04 21:25:32,2016-10-06 15:46:29,2016-10-27 19:02:09,2016-11-05 11:04:57,2016-11-28,3532616d4171dc2202de2ae9233bb0c5,2016-10-04
0b84f3f6163172e6ede5bbd0b5b98394,1bc8d7df252ed7ef6595a0323345ddac,delivered,2018-08-15 23:04:04,2018-08-15 23:15:19,2018-08-17 13:27:00,2018-08-24 20:58:36,2018-08-30,2828ec50f07f48714d037a800fa806a5,2018-08-15
5f153c3049d1a1a368e43348928a8047,59949cb209923e327fb460e6e4854eda,delivered,2018-05-11 17:09:38,2018-05-11 18:06:55,2018-05-16 14:23:00,2018-05-24 12:48:41,2018-06-06,203c37755ceffec3ec8618c4057b0334,2018-05-11
1a0da2935bfb1baa0def0327be1a7563,5d9b63267a7c9e53f6cabd2a9a0bb708,delivered,2017-11-24 16:32:06,2017-11-25 03:52:48,2017-11-27 17:22:05,2017-12-20 01:19:12,2017-12-26,0ae0a5af2c330de902fb04c10454ba81,2017-11-24
24a79b2260e2a5084dfe1a16ce5e6b3a,3b7c59a784c27bda46a00b51d1b2613b,delivered,2017-10-03 12:24:25,2017-10-03 12:49:35,2017-10-04 16:13:04,2017-10-11 12:49:04,2017-10-19,7838ad77af2d6440e9a587450c61e5ee,2017-10-03
82d395c41e63ecd1c43692400e172f93,af5e52338019c5319e864fbf211c6554,delivered,2017-04-01 19:53:54,2017-04-02 20:03:14,2017-04-05 12:56:38,2017-04-17 07:04:00,2017-05-09,37a4f2cd594d4599b9b82ea0d36fadc0,2017-04-01
7fce12aba835839d28dd66327905bc60,25fd864d5b0b7ccfdc137490a3586cb6,delivered,2017-04-24 20:45:32,2017-04-24 20:55:16,2017-04-26 07:26:16,2017-05-12 11:27:13,2017-05-18,a4e71a98a7a1490fff07e7a65cf06be2,2017-04-24
63f040d4a7b09c928627e309f6c17552,e313546dbba6949c750c058d3ee6a7db,delivered,2018-06-07 13:19:51,2018-06-07 13:39:01,2018-06-13 13:41:00,2018-06-25 13:03:07,2018-07-20,e327dd46985c2fa74dac994a2c012e91,2018-06-07
0b3aeaf1fb363edeaf5062df39515084,95f3b1905c7702b401a038234fdb722c,delivered,2017-03-23 17:41:45,2017-03-24 06:35:32,2017-03-24 15:05:00,2017-04-17 12:36:59,2017-04-27,fec0dcbfd223398c1e3fbbcdc38a1a68,2017-03-23
706a381b79e44be10223ef1a12a71d8f,ea1a7e568d29b9c22eb2c99be8c93243,delivered,2017-12-04 21:26:17,2017-12-05 10:30:56,2017-12-05 23:34:53,2017-12-28 20:45:19,2018-01-02,8ff56a38095961259a4e61b19df3cf85,2017-12-04
f2c1fe3c326767f9d341cb347f30ea1f,daa07f7d9d5228fd3e95f67460c1111c,delivered,2017-10-07 22:33:08,2017-10-07 22:49:13,2017-10-11 22:27:36,2017-10-18 17:55:29,2017-11-06,718189b0d7a3ff8adc5388e060dd6e3f,2017-10-07
e80af3d621fbc7add2b8a64511f1012b,f6a795133cf03ddb8785bae6a82825ed,delivered,2018-06-05 16:34:56,2018-06-06 16:34:31,2018-06-07 12:01:00,2018-06-13 19:56:22,2018-07-11,e1abd1dec927a860e3233c33b728b49e,2018-06-05
191fad9a46d531249b20f63ff199efe2,8890d07ab4c442d0dc26624f6b4b9d08,delivered,2018-07-05 00:46:29,2018-07-05 16:33:12,2018-07-05 15:19:00,2018-07-09 19:40:54,2018-07-27,b5352b176ce3d5f2c457a2248c0c9ff5,2018-07-05
f3f6800d0fe47e0c400a1ea6330ff68a,56dc5cd1f1139873dd8df0c85489ef2c,delivered,2017-12-15 10:34:26,2017-12-16 02:33:23,2017-12-18 17:38:59,2017-12-27 21:38:42,2018-01-18,e783e6e3f28c76f160a52c85e436e3ba,2017-12-15
b0825b6fea4f0e1e60bacfdc2a4d88ab,9ce91004696bebf1883c57d74ecce489,delivered,2018-06-21 17:44:36,2018-06-22 03:17:22,2018-06-22 14:58:00,2018-07-04 17:26:41,2018-07-20,b297d200fce1b66b370a66f8a247ad0f,2018-06-21
cc28b66895e0f6bfd7050ab5bc7b39bd,a2ea4194defe74e061e09d5edae0f67f,delivered,2018-06-15 20:46:53,2018-06-15 21:22:52,2018-06-18 12:06:00,2018-06-22 17:44:53,2018-07-17,fb94a0ec084fa8e33ec943992e3c6929,2018-06-15
c5d41b216e4b42500c5da2be17a74065,9fbabbe4238be3f2033ededc2d212b6d,delivered,2018-05-21 21:42:42,2018-05-23 12:54:35,2018-05-24 14:22:00,2018-05-28 16:41:56,2018-06-11,0cfd3bb78e947d0c37c6b6c113871fbd,2018-05-21
56cb6b46e4f5912e168d6b1394525ce5,697e36f0c22d214ee7e86f2b8e017988,delivered,2018-04-24 22:43:28,2018-04-24 22:55:25,2018-04-26 14:25:00,2018-05-12 00:58:55,2018-05-14,d296c59c8bb1cb7d411a04512eb64e6b,2018-04-24
09c681e9069e20d7f2ecd587151f1b88,4ccadb3017d7e9ee8ba9523f00e6759c,delivered,2017-11-29 18:12:11,2017-11-29 18:37:14,2017-12-07 18:09:40,2017-12-20 17:32:38,2017-12-26,475be2351340859d5701f203d3a2e8b6,2017-11-29
8a6b47967a3590fb66d3b0a503b7e155,bccfe06250055c135abf6de08a1b64f4,delivered,2018-07-24 13:07:51,2018-07-24 13:44:29,2018-07-25 14:19:00,2018-07-26 14:08:47,2018-08-02,a5bfa72dd72f6b4a64286ae84022c7e7,2018-07-24
a3ab1f6066a1d294342241bbe29e363a,f8ab509b172a033201a75cade2f4f727,delivered,2018-05-16 13:50:24,2018-05-16 15:18:00,2018-05-21 15:42:00,2018-05-23 18:40:51,2018-06-01,2fdfa7a4239ad2aaab334df77ce30adf,2018-05-16
0749bdde40245b5fb3b375dadfd4ebe3,9425138786a500f53870c673b2000da1,delivered,2018-02-20 21:32:10,2018-02-20 22:07:59,2018-02-23 16:46:35,2018-03-07 19:42:26,2018-03-15,ff69760e24ee8cd6a88ff1e0110f0701,2018-02-20
c8e75378d45ac6daae73b7ff2d236798,ff99ec31eacd560b39d8ac9bc9b3e79d,delivered,2018-07-04 16:57:26,2018-07-05 16:10:05,2018-07-05 14:58:00,2018-07-06 15:22:02,2018-07-17,05982d28754c6ff4db35d50e9ee11b24,2018-07-04
24ee049b7819170224ee7e5eca0494e9,ada0f066567ebdf46d1aad320bd0d73e,delivered,2017-03-26 13:05:55,2017-03-26 13:15:15,2017-03-28 09:42:45,2017-04-03 13:50:06,2017-04-13,9350983a7a49da2908eb02c9e685b455,2017-03-26
81101f8021e6efa35db428bbaf886a29,2c40654c7a98cad6b17035355c1bcb2e,delivered,2017-06-12 19:12:17,2017-06-12 19:25:21,2017-06-14 13:53:35,2017-07-17 15:56:03,2017-07-03,0315b4e89a92f6bea47352a62593167e,2017-06-12
8c2ce23c23c5fb37140ee0a5462e4e53,9b17b89440b919ae4bc6faee3c8058bc,delivered,2017-05-09 15:19:43,2017-05-09 15:30:23,2017-05-10 14:24:57,2017-05-26 00:23:29,2017-06-02,388cbe464b788334e546297168f81e82,2017-05-09
913a3be1eecf771ac6f66727e2b9f312,ecd28b43cc8187e1af32bf036e6e106d,delivered,2017-12-15 00:48:27,2017-12-15 00:56:26,2017-12-18 20:42:27,2017-12-26 15:52:06,2018-01-23,19a4fb72bf8696a96c13e01bbe200dd4,2017-12-15
b19c9babb9e3821296dbd532f9adb5e9,e122fa5dc2e0a22f12e3fa48cfa64116,delivered,2017-11-22 14:08:59,2017-11-22 14:27:26,2017-11-29 20:46:52,2017-12-08 22:23:29,2017-12-22,f21a02874b6c6b6d2d00b513c20d4081,2017-11-22
d418f98c27bf805b915d01108230ea55,01c013b2259ff571bb7481d62fd96e67,delivered,2018-03-06 18:31:06,2018-03-08 02:15:31,2018-03-08 20:17:19,2018-03-23 01:13:08,2018-03-26,d2727a1a6f02df0ed8cf0255234b4ada,2018-03-06
2e5f5fa378d4e95d6db046bb596c4ae9,e241023b29074811fa57bab971ed051b,delivered,2017-03-31 12:40:42,2017-03-31 13:05:22,2017-04-01 06:26:58,2017-04-07 17:05:39,2017-05-09,c5e966a0184999d57d9d5753b3aafbc4,2017-03-31
5daa05e23e3d4dc6b95c1fa49dbfab7f,acb3946dc3dbc302f2cced7d3fabd2df,delivered,2018-06-04 09:50:31,2018-06-04 10:50:57,2018-06-05 14:24:00,2018-06-13 10:22:44,2018-06-28,d307f4b6b17dbd138b5cf6bf169a44d7,2018-06-04
ed8e9faf1b75f43ee027103957135663,14fcb7be0e0a5868f190e1cda895d6fa,delivered,2017-11-29 15:10:14,2017-12-01 11:31:53,2017-12-04 19:48:46,2018-05-21 18:22:18,2017-12-19,68d8be0d89636fb2e46c9cabae4360e1,2017-11-29
bfb1a4b760e9c724cd7e14be83b61b54,b9736d05df2bbda10cacc254733cf9cd,delivered,2018-05-20 20:24:03,2018-05-21 21:54:11,2018-05-22 14:28:00,2018-06-09 12:16:28,2018-06-14,f1fc483a199c20417121d6ab1c5171a4,2018-05-20
746e0019b6fc6170534f81e45e8d55ec,d5485a1a47978e2963a3479a5bef5155,delivered,2018-04-22 22:48:12,2018-04-24 18:30:09,2018-04-24 01:06:34,2018-04-24 17:06:38,2018-05-10,1af490ec91fd6b72639388c4208129dc,2018-04-22
49a898ddad77a56cfcf158749854222f,44f04a8bab3d0c656a642c2eed0dca5b,delivered,2017-07-25 12:29:36,2017-07-25 12:45:19,2017-07-26 11:21:42,2017-08-01 16:06:53,2017-08-23,47d768be63e1e1261f6ddd3729276194,2017-07-25
d3dd1ce5e559c62090b7056d7ce0ff0c,b556512c00e55381701d6ecef49852c1,delivered,2017-12-13 01:25:01,2017-12-13 01:36:24,2017-12-14 00:33:08,2017-12-16 12:27:47,2018-01-08,dbe12662c9812f48d799038dbf872b5c,2017-12-13
9b667954862fd67b43075ae4861454af,553ebb0d7bef0d8be08b4bcd9c3a679b,delivered,2017-10-27 20:52:38,2017-10-28 03:06:23,2017-10-31 21:43:33,2017-11-08 23:26:27,2017-11-21,f5a7c1f32e32c8c6f8c2fa6f587a28be,2017-10-27
28f729f6f9703fdfc79ea4bf54d4f61a,8c8415d8edb6384e13520e1a895e22f6,delivered,2017-05-11 18:46:35,2017-05-11 19:02:07,2017-05-12 13:19:39,2017-05-22 14:57:50,2017-06-06,da454d2b608b715b7293d91d787c5ec0,2017-05-11
a49bb03badf724e5180699f77387a444,691baba358611db5368f5441c8975113,delivered,2017-05-05 12:35:47,2017-05-06 02:15:59,2017-05-17 14:02:08,2017-05-25 15:42:10,2017-06-09,c4b3fb0afd96e4c8c71544058d5abf6e,2017-05-05
80e9acbfd99b46609bded7263945fe15,9472d282b4d8b3cf62bbc7933b2215ba,delivered,2017-01-28 12:20:43,2017-01-28 12:30:31,2017-01-31 06:43:58,2017-02-09 10:03:20,2017-03-17,820083de6ee79c7fef5528eb251a7c16,2017-01-28
71a245e8b9ca85f13012c1931e91f1f4,9ee92db26a39b7ca9579756ac1bcec81,delivered,2017-06-20 12:29:53,2017-06-20 13:32:36,2017-06-22 16:31:31,2017-06-28 14:57:43,2017-07-12,8112223a784dfb43f0e0ffcb79cded27,2017-06-20
a739fcccb40864a2f8519586218b25a4,67b3defb24f008787b9dcc8713c2abf1,delivered,2018-04-23 12:46:49,2018-04-24 17:34:58,2018-04-24 22:28:55,2018-05-11 17:56:49,2018-05-25,7299b74aabb42a8c6fbf83ae95bde4a0,2018-04-23
6c0c4ed997d520a3b737650e43c8e042,e8c2884e61a7c098543e33fcc3ba4be2,unavailable,2017-03-04 23:45:25,2017-03-06 01:05:32,,,2017-03-29,4d771e376ba090abda9ca784d8822f10,2017-03-04
2c7fb42aff5feaa5cbbab17158eafda4,d77424b83cb49f6905db2e0679c55353,delivered,2018-05-17 20:06:23,2018-05-18 01:57:18,2018-05-18 14:09:00,2018-05-21 23:04:19,2018-05-30,c6f872a4ac1813482a14d06d5d01980e,2018-05-17
4328f885375acef4b6fc70a1d39b429c,54dee92b2116939d66ffbca86bdba777,delivered,2018-02-27 15:11:30,2018-02-27 15:29:43,2018-03-02 16:52:48,2018-04-04 17:39:26,2018-03-23,c68dc865a7bc698c90e3e42bfa063615,2018-02-27
e05ff0b1f94aa4420894333587a2ff1b,1160a851f085cd83176e0e32dcbe2687,delivered,2018-02-24 18:25:25,2018-02-24 18:47:21,2018-02-27 17:48:57,2018-03-16 18:19:37,2018-03-27,b6fa5547432b36b4b9b885f9395a744c,2018-02-24
ab98ae53ea3aa5c0c205452e32cc099b,f959348f343a0d3093d076e19e59d214,delivered,2017-07-03 13:27:52,2017-07-03 13:35:16,2017-07-05 15:49:32,2017-07-21 00:34:00,2017-07-25,f3e06e60599257ec0a10ef53641c7806,2017-07-03
2faf6894dfaf3faace515f0a830d69b4,19e3f061b5d200ed3c38d54372896e48,delivered,2017-07-17 07:28:22,2017-07-18 05:50:20,2017-07-24 19:06:40,2017-07-28 18:55:44,2017-08-16,0832f0bfff8fcb77713d3ec951de08e7,2017-07-17
58ee11026c2fdda6ff738c392cc5fb00,4aede30e7fba0851ea1d42c960892843,delivered,2017-08-01 14:51:29,2017-08-03 03:04:56,2017-08-03 15:26:08,2017-08-10 18:05:05,2017-08-23,0e0d3aed77ac2e3746c2ddc3101e3d43,2017-08-01
6ed234c648ccdf0be691d96c9aecbd34,0435f56ca2461ef676149d29d9f0b5d4,delivered,2018-01-31 16:10:02,2018-02-01 16:15:09,2018-02-06 22:22:13,2018-02-09 18:19:51,2018-02-16,07a839176fcbeff000727aa6db6753f9,2018-01-31
cabe719436d999cfa9182269a11a1308,1012e503144b12e7325f122c7b42c7c4,delivered,2017-06-11 12:06:08,2017-06-11 12:15:47,2017-06-14 17:22:09,2017-06-21 17:33:18,2017-07-17,e2ab32f651e82b8016ca1842c66286ca,2017-06-11
e63535549952058863a162a6c807e0d6,040e8bf7215dd067e3be59eebc2dd6b4,delivered,2017-12-19 17:14:05,2017-12-21 02:12:39,2017-12-21 22:19:09,2018-01-05 21:27:05,2018-01-24,9fe2436fed5311e54beaf61ff1fbcf12,2017-12-19
e02d97dcec0827bc0ac1ed539b48e546,1f7a22279c8d2dcb4819098ba596d3f8,delivered,2018-08-07 11:03:50,2018-08-07 11:15:14,2018-08-07 14:15:00,2018-08-10 21:32:06,2018-08-14,800820dd5f33d2052854b4585fdbf01d,2018-08-07
1af76094e8921f4fe77e6ccc5878f313,1964cbc4f686c7de6ced7a1e10479987,delivered,2018-02-15 16:08:06,2018-02-15 16:46:38,2018-02-19 14:28:55,2018-02-20 15:03:57,2018-03-01,f0d604445befdf9148fcc03d1d926f4f,2018-02-15
d5a6117da9e539f1a08e0443644788ff,75d1ae5c2bcbc14de4a8ec95bfc28dfa,delivered,2018-06-29 21:53:40,2018-06-29 22:10:14,2018-07-03 05:48:00,2018-07-05 22:24:28,2018-07-20,7b45e009442d2c0032485d3a6ab5f509,2018-06-29
72cd8348e9ca7da3caf7a2c3f09ec40f,d47045b724e2376fcd8fb1835e472cf4,delivered,2017-08-07 19:54:40,2017-08-07 20:25:19,2017-08-10 14:52:09,2017-08-28 13:59:46,2017-08-29,0a609db8d244100909a15d65eadf8539,2017-08-07
b6e916862e541946569d34420c6e9145,90aa1e76707ec7f4fc26e743c1fd6e58,delivered,2017-10-11 10:16:40,2017-10-12 02:28:45,2017-10-16 23:32:13,2017-10-25 19:56:04,2017-11-08,24d1ecd0f607a7633754da84729fab76,2017-10-11
6a5c18ff38627e8e7fd671b499d01426,d62f56ddbccf183f9f19d63305ffa866,delivered,2017-05-24 11:15:13,2017-05-24 11:30:11,2017-05-25 09:59:24,2017-06-01 17:15:46,2017-06-16,ea715f021baf4f64753e33d7b288b72b,2017-05-24
529bc1df87311518b0facbd66aa23964,3642fb7925baaf636f8adbfa18653889,delivered,2017-07-03 18:52:05,2017-07-03 19:04:01,2017-07-04 16:05:09,2017-07-11 19:51:56,2017-07-25,8776ab08288411cfd11a2a8cfd67c8ee,2017-07-03
567711f5024cc71158bb84f67b82aac0,9a4334a8508329317393b7e5b4556555,delivered,2017-08-08 16:36:40,2017-08-09 07:10:20,2017-08-25 21:52:39,2017-08-31 19:52:54,2017-09-04,7ed5def464ae0bab13a905ba9da70b7a,2017-08-08
e4754a75cdbb41cca731528ea407e626,3f7b1dbada6110b581bd17c7069b4876,delivered,2017-11-10 20:48:42,2017-11-14 03:55:21,2017-11-14 16:48:37,2017-11-25 12:17:02,2017-12-07,5491f438dcd7c2d125e4166ddad02b6f,2017-11-10
417abe2ef3ebf13d2ce7606ebadbf834,477a484310a6e08c81b441229fa2c0fa,delivered,2017-11-26 22:59:43,2017-11-26 23:13:14,2017-11-27 23:08:53,2017-12-03 12:43:34,2017-12-11,16c5ed163d09d02ba10a18898be7f621,2017-11-26
63dba135b96cf8bb30f38a43bc02eae9,b4b65d711eb28e9b20f7ecbf040c384b,delivered,2017-04-24 23:09:44,2017-04-24 23:22:28,2017-04-28 08:33:34,2017-05-10 20:58:02,2017-06-02,8b4bb71a7d37d4c2560e0f0409a58905,2017-04-24
31fca6f177220b53db96805f70b9fe3f,45fe2252085862b525531b84784925ba,delivered,2017-12-21 18:20:28,2017-12-21 22:16:26,2017-12-22 18:37:38,2018-01-03 17:37:05,2018-01-19,9bc9a5e16112b7f1c7db80218e72fb69,2017-12-21
d6235477014458ade86158040370fca8,85f4e1a23fa6be40331706e9eebbdaa1,delivered,2018-03-03 23:35:15,2018-03-03 23:48:22,2018-03-07 02:14:30,2018-03-16 23:12:57,2018-03-16,3d75cbf8643a1c15723adb850fb5f928,2018-03-03
465ea0b7e27f7e09d3667cb42f5d8648,f6d214193841390197663b8dec793597,delivered,2018-07-03 18:15:56,2018-07-05 16:40:13,2018-07-10 15:10:00,2018-07-11 20:27:29,2018-07-19,b15eda2d786d63dd4fd8e2ff7b2b6e58,2018-07-03
cd74a91dd30cefd81bb6fc1eeb749473,7963b68b8cafe62ed0f95b3feee17423,delivered,2018-04-13 19:30:04,2018-04-13 19:50:58,2018-04-18 19:11:51,2018-04-24 18:25:59,2018-05-04,24df561e3d76cdf09d0d26b16e7dc3ea,2018-04-13
d75c3e13ca11e2e4e4a534f5533adba8,5592cab4ee97450814ad8a0a6bcc79d2,delivered,2018-02-01 13:59:49,2018-02-01 14:15:13,2018-02-02 16:27:13,2018-02-15 15:45:05,2018-02-23,2611f4b0d21a94052388195d93ddbfff,2018-02-01
8f2fade43847d13f64fb7b7a0667e03f,ba4e75e162e931175dd3bfa70e4eaa08,processing,2017-12-23 14:20:57,2017-12-23 14:32:24,,,2018-01-30,4f5dfb12da470ac343dd8fb24406bba3,2017-12-23
9ef657cb5874904c5d3a1a46faeefd7d,bf4f419c2751b868c3d52a4d4bba20a7,delivered,2018-03-08 09:25:06,2018-03-08 09:48:44,2018-03-08 21:17:35,2018-03-09 21:48:46,2018-03-20,e6d2b4f631b8ee3d05e18d9601dc1772,2018-03-08
6d28c55560d42abc3d1b0070a87151e6,1539376b01ad1ce07852ae63ecabc919,delivered,2018-04-27 00:28:31,2018-04-28 02:51:51,2018-04-30 14:44:00,2018-05-04 17:32:56,2018-05-18,b99716329493678663cc2264234a9c65,2018-04-27
81592016a877513bc82acdf4a27dd987,c9e7574711d3c581d3f8acb0f5f116a1,delivered,2018-06-22 08:15:13,2018-06-22 08:35:29,2018-06-25 08:59:00,2018-06-27 13:46:39,2018-07-05,7100235a23d038c350d874918e90a42d,2018-06-22
950bb159eea525ff8947b92c93b02f8e,ff299a256be6affac0ae1207c1b4a9b8,delivered,2017-09-10 01:23:58,2017-09-12 04:55:08,2017-09-21 23:03:22,2017-09-23 17:09:13,2017-09-27,c0c8ceabbd1c35c83790ae67b0684d6c,2017-09-10
fb38f809a5084e2ad016d4ed46d60780,03b55ad524882ea886665ce748ad0c0f,delivered,2018-03-19 21:12:06,2018-03-19 21:28:39,2018-03-21 18:49:48,2018-03-22 20:22:11,2018-04-13,a461c83c918c7aa6db361bb88114d3b3,2018-03-19
543dbae182bd4940d1db691141165e0a,e12a48d77b46d7e64fd1480133932637,delivered,2018-02-20 15:41:09,2018-02-20 15:50:30,2018-02-26 20:17:16,2018-02-27 19:42:14,2018-03-06,9ee6a9ed50e0887e22a362c196181448,2018-02-20
9642b13c114c03323a92dfa7aba902d7,72ad0ff129d7624c23294c857689020c,delivered,2018-01-16 11:53:18,2018-01-16 12:16:22,2018-01-17 15:53:14,2018-01-31 09:41:25,2018-02-07,4f698409ab0340170a16822f03a1411c,2018-01-16
90f6194c9f26e2f8d1f955c7bf4c5f5b,f55f4c4973760ee7f6e170381f993729,delivered,2017-08-21 18:42:30,2017-08-21 18:55:14,2017-08-22 12:40:00,2017-08-25 19:58:05,2017-09-11,5f7e323ba8de54fb80b8abcc744f44a3,2017-08-21
fa15822d98611a4ab8e33249b788ca7d,a6084fc44d5a09f247a4a2f1d49f6f58,delivered,2017-07-20 17:32:31,2017-07-20 17:45:20,2017-07-24 20:47:43,2017-07-30 12:42:02,2017-08-11,66d7f87444b175ffcead596195c753e1,2017-07-20
94aa3ae1cb5c1c152c6cc757b68bb659,e117eacf032d0011156eea7df55e6b2c,unavailable,2017-09-26 15:31:52,2017-09-27 02:49:17,,,2017-10-26,a4eb9dbf808182ac97ea9191d6ffebc6,2017-09-26
40a5bd91abf23d336d1f3584101d860d,2d00abc66dd2095a9e9875724bf05868,delivered,2018-03-12 09:58:01,2018-03-12 11:00:32,2018-03-13 17:47:42,2018-03-26 18:51:57,2018-04-09,01d78a7d654c0b1ef85977c306d0f60f,2018-03-12
68415d57efd64c95acde8ec7720ebbe2,3d9185d4067959a7698dd058212314a1,delivered,2018-03-10 13:49:08,2018-03-10 14:08:37,2018-03-12 16:08:44,2018-04-03 23:57:24,2018-04-09,f420a0d4385e3b3f6b06d144b466d4fd,2018-03-10
453887e7d1a2fbd4beda6f9dbeaf1b4d,206b95f269e82fedad69fbed4cc0702b,delivered,2017-09-07 18:05:42,2017-09-07 18:23:24,2017-09-13 20:36:34,2017-09-18 16:38:06,2017-09-29,aaf97f99c731d8d84810ff16e6ded10d,2017-09-07
d831255ebb12ef3a8d6dddb6fb54b5c8,61e37cd4d08ef3e66a5101b5545aadf4,delivered,2018-08-16 17:12:33,2018-08-17 03:31:48,2018-08-17 13:53:00,2018-08-28 13:38:49,2018-09-18,9c2130b99f63830f2882465aea731aac,2018-08-16
0c5a7b3c5703837ef40113972224a978,0b625a2816bc92763dff9538ee30414a,delivered,2018-03-30 20:06:55,2018-03-30 20:27:19,2018-04-02 22:43:00,2018-04-04 00:56:33,2018-04-12,7c109fe64245f4bbb7a68a877c45f637,2018-03-30
ce82f937c1c716589386a8d4d0cb6747,7349346f299c03c2d2f3e13a2d1f8944,delivered,2018-07-23 14:29:11,2018-07-28 23:31:03,2018-07-24 13:19:00,2018-08-02 18:20:22,2018-08-13,f0f6247c70cedbceaa86d178fe39d543,2018-07-23
5cd95f0cc60ce2902bb618921d212463,3ff1fd17fdf072b568d67bbb73859d31,delivered,2017-08-12 16:30:37,2017-08-12 16:45:12,2017-08-14 19:08:01,2017-08-15 17:26:27,2017-08-25,f1ed2d53f6ededf77f1ec15f4f2ce66b,2017-08-12
078095c153e500cfcdd068f00b8d2e98,fa40ca124c4f1de21f3a5b4aab3819ce,delivered,2017-08-24 11:36:36,2017-08-24 11:50:18,2017-08-29 15:49:14,2017-09-05 17:38:06,2017-09-20,1c07f226754a85c70aeec638f2f7b270,2017-08-24
22e3e9f45e1ed459c57f99675f92a1ac,603273481be95d9d344985aa3322f7cd,delivered,2018-01-15 10:33:41,2018-01-15 11:30:27,2018-01-15 21:43:14,2018-01-29 20:36:48,2018-02-09,665f8bbe2cf428657aeb0572c27fef58,2018-01-15
cf954e7391c1981cc9090267aec67ee9,72601f9936d6de055e5e2c1287c6d2f4,delivered,2018-04-19 08:26:03,2018-04-19 08:35:11,2018-04-27 12:30:00,2018-05-09 21:41:20,2018-05-09,d6df1c8cb71c59d9b52d828dc6d0f5b3,2018-04-19
229d2824e311bf2592b6b7ce32af04a8,6d257eb6ad859a44e9f7815a121cc9e7,delivered,2018-04-23 12:12:24,2018-04-24 17:22:49,2018-04-24 18:38:47,2018-05-10 20:36:02,2018-05-28,0b6fd62cf64dcca5a883c0d159a90e9d,2018-04-23
dc8ffb2856b34d44541032dff3d0eb5c,e978df5aa1ae62d8844d55cfff14c2d6,delivered,2017-11-24 13:14:18,2017-11-24 15:52:46,2017-11-29 20:52:26,2017-12-04 23:07:48,2017-12-18,02022a08ed3a2e736777b7b71389c62c,2017-11-24
9731600489418b72d2c8c1c914fbf05b,104c96b728444d3f6ab91732fe20ff61,delivered,2018-01-17 17:43:33,2018-01-17 17:52:21,2018-01-19 16:58:51,2018-01-27 14:38:58,2018-02-01,61e74cccb74e26a0f019e73d1dbb518c,2018-01-17
85ba2d8c74a7f713dedef40f2d926fd1,e8226f36b6f33382a5da4abc7392d629,delivered,2018-07-25 13:04:29,2018-07-25 13:15:16,2018-07-25 15:19:00,2018-07-30 22:33:06,2018-08-09,428298de4ea56162de460636a702e174,2018-07-25
7b1dc739a78d04563a4fd62f5a6b454f,b6d43bdf1d5537d9a1d9011e8044eac6,delivered,2018-01-03 19:46:53,2018-01-03 19:52:23,2018-01-05 11:43:15,2018-01-09 17:14:07,2018-02-01,b5f89c3cd7b7493038797546b5060085,2018-01-03
d1317386b0c2c4396a15bc89ec59b04c,c754052065714c0e304de22a0e5b7749,delivered,2017-10-17 12:06:23,2017-10-19 02:49:44,2017-10-20 17:10:02,2017-10-25 22:12:37,2017-11-03,31b5e7b0290cf70ac603e77f85efb53f,2017-10-17
0108c64ec135e4a7a75e9b5102af9bfa,6ce3934a71cf3aa6ff51b5298ed06d9e,delivered,2018-01-29 08:26:22,2018-01-30 05:31:38,2018-02-01 12:56:50,2018-02-22 18:17:08,2018-02-26,6178119ad39df8c7d51e4e5090976357,2018-01-29
7c1336779536fdd545a35df012e0ed5e,f560ee44b1e7d019ae15e4c4ed624d22,delivered,2018-07-17 15:03:18,2018-07-17 15:15:13,2018-07-19 14:56:00,2018-07-23 21:39:36,2018-08-02,3881a31abb8e6d4da76371f0e56b6cea,2018-07-17
5ff6b97d147ddae53ab72fcabecf8103,aed30fc350a9f6480062310fc0fc08e9,delivered,2017-11-30 15:54:05,2017-11-30 16:02:19,2017-12-04 18:22:10,2017-12-07 21:06:40,2017-12-22,29eeb84ce6e2f0af62be516556e27c3a,2017-11-30
8a32f78d59c6aec1ebdfaf5788bc84b1,bd4afd3a9f1b50e574d0e5aac2f42d3b,delivered,2018-01-23 15:03:03,2018-01-24 02:35:46,2018-01-24 23:28:39,2018-01-30 20:29:12,2018-02-20,671edb20b43863b15ab8803c8529b103,2018-01-23
852ea7126685eecadb2903ab2dea67ef,f4e35567dd4a7698f0dc5607f1f065ab,delivered,2018-01-08 17:38:00,2018-01-08 17:49:14,2018-02-09 13:04:03,2018-02-28 16:55:48,2018-03-16,22e1c4c08868ded996e4a74392f2cea9,2018-01-08
882cc2d9218a566e31934f8d5dceb1fd,cf5186e095b1b6a663be940b4b4e6ed2,delivered,2018-02-01 10:28:21,2018-02-01 10:52:02,2018-02-05 17:27:04,2018-02-15 17:31:09,2018-03-01,79444bc2d49750cc331c3bae4fed850d,2018-02-01
fc118fb67a906addaa99d4d64598038b,3d201fb02c951d1b0abee458b8845810,delivered,2018-03-22 20:57:55,2018-03-22 21:10:34,2018-03-26 22:38:54,2018-04-09 20:48:43,2018-04-12,530bc746c0c35ca8fc769faf1b5ed8ed,2018-03-22
631d1fbe8db293dd7ad93b6cdae940f6,1504df6da856dcc3095690ef54313868,delivered,2018-04-05 16:01:23,2018-04-05 16:11:01,2018-04-07 01:22:15,2018-04-19 16:34:42,2018-05-08,f1709cbd02ae746b770209f36a4d21b6,2018-04-05
b5b45b75641df9adb6a1a1609bcb77f9,f06e94172dbe350cdf8729a64ad2565f,delivered,2018-07-31 10:47:08,2018-08-01 04:35:20,2018-08-02 11:36:00,2018-08-15 18:58:55,2018-08-15,bc2e367fa152d49186bddac4789e16c2,2018-07-31
c5989f8c23c011b7b23df896a51fa92d,d69049b6e88258a24347911b615f141d,delivered,2018-06-28 20:58:55,2018-06-28 22:01:13,2018-06-29 12:07:00,2018-07-13 00:08:42,2018-07-25,b89e86400b3bdb89d7a801082170a668,2018-06-28
c5ee9eb8e2d188b9972722e4d5300390,529736390504d71a832316e5a2c621df,delivered,2017-12-14 19:35:35,2017-12-14 19:43:24,2017-12-15 17:57:09,2017-12-21 23:27:10,2018-01-10,43616d78f32681367a42b23c4f4afa1d,2017-12-14
0707e2f91c707859b79e711d852150c8,09d1bc53f084c9c2a597d1a7d6329ecb,delivered,2017-03-24 00:40:13,2017-03-28 03:55:23,2017-04-06 14:50:54,2017-04-13 23:44:52,2017-04-19,4617687e1243576cb864646dc3c5e323,2017-03-24
abc8ac6610c6497964008b940aa99342,2b564a5a4f56272bcfdb62000446f35f,delivered,2017-05-25 10:21:49,2017-05-25 10:30:24,2017-05-26 12:53:30,2017-06-02 12:32:19,2017-06-23,4577c104c9ecdacc7e07bb60a6053d7e,2017-05-25
1347a24fc320c48fcaf6ed2bed66ee30,0205715514ce31607e0438aa7421f189,delivered,2018-06-28 23:30:32,2018-06-28 23:50:55,2018-07-04 09:13:00,2018-07-09 18:56:51,2018-07-24,1844b7d5e904e6b39fd4518e9c4da815,2018-06-28
24704829c5d1485dea2f9f4c28356b9e,38ce12876088bff0ac800165af832d36,delivered,2018-07-19 18:54:57,2018-07-19 19:05:16,2018-07-23 15:35:00,2018-07-27 21:16:35,2018-08-10,bc378581387778d040a5b2eb49134cf4,2018-07-19
a7e51dc801d3f66371a8896d54d04004,6384399c57d1a00e1de8a4d66df1fc92,delivered,2018-01-21 16:31:04,2018-01-22 13:53:41,2018-01-23 22:38:53,2018-01-27 18:05:05,2018-02-07,2c45999a395dcc8bf915f81adcce7b9d,2018-01-21
2c797872f1e3a01d1594281f5f3b7762,df19927e6e168f3638e5b9a638af7462,delivered,2017-04-29 02:20:37,2017-04-30 02:30:08,2017-05-02 13:24:02,2017-05-10 08:40:14,2017-05-23,9709ca700e37120e68f356f780ddd0fe,2017-04-29
0b82d0616f1ad8da15cf967b984b4004,986632b40c38f4240caf8608cb01d40d,delivered,2018-08-03 21:35:53,2018-08-04 04:25:14,2018-08-08 14:26:00,2018-08-09 21:42:08,2018-08-10,c887bc0b0717ee4a21d7d22137f12ee3,2018-08-03
5ceeb4a88fc37f44a87467ff7d05d23a,df1d52ea9544f86e156f183dff5a226e,delivered,2018-03-03 18:57:38,2018-03-03 19:08:58,2018-03-07 20:33:14,2018-03-27 23:07:43,2018-04-02,a5b60293a08b94567cf1c8fbb392c71b,2018-03-03
693675b8c01ce4f45378b230cc1d15b9,53a5f51bfd61224352810a4b5d33edae,delivered,2017-08-16 21:45:43,2017-08-16 23:25:41,2017-08-17 17:13:09,2017-08-25 19:17:29,2017-09-08,67e17b43008b31b692bd7fbeb7582126,2017-08-16
94f6265a57323f7ddf9795f2d46a50e8,14f1a2e0bb22b05c7a7666a195c2faa7,delivered,2018-01-09 12:35:42,2018-01-10 10:32:32,2018-01-10 18:12:45,2018-01-25 15:35:44,2018-02-09,8b4361de59896c017194b507a4ceb7c1,2018-01-09
01da5549f136167573c8a302f008557a,c6905c5022f61e99e31ded5f939e702b,delivered,2018-04-08 17:01:55,2018-04-10 03:55:21,2018-04-10 23:34:32,2018-04-17 22:44:37,2018-05-07,743ed6ce1c5998dc0eb766e38cfc7461,2018-04-08
ba67c6b69ba40e05d03595b0b0730437,4194848ead37f7778bef2a42bcaa4f8e,delivered,2017-11-24 11:05:48,2017-11-24 13:13:17,2017-11-29 22:38:55,2017-12-26 18:59:06,2017-12-19,22e0898113b8495471e089b22918f7d1,2017-11-24
52a96c4082dfe660d01acfdc740c4f61,6dbc1688502d1c05c3022748d524d8e0,delivered,2018-04-24 01:00:28,2018-04-24 18:11:13,2018-04-24 17:51:06,2018-05-09 20:56:37,2018-05-23,07522c9e3faeb9e86aafa0dc95f2db2b,2018-04-24
91fb016286a84fa7006aa6033499914b,8168eb2d364979841e0133f256eee535,delivered,2018-08-01 17:19:21,2018-08-01 17:30:19,2018-08-02 12:20:00,2018-08-22 15:51:21,2018-09-13,fa245b259cd7590f43e018cbec88324a,2018-08-01
0d7fa46a537318ea56d17071cd6dff66,89c1908fb6778e5180eed81f21f042e5,delivered,2017-09-21 10:41:55,2017-09-22 04:05:12,2017-09-25 19:43:33,2017-09-28 19:38:08,2017-10-16,3d144d67d6758d148c15a1b9bce26eee,2017-09-21
eebc0f233f0318fb0523e33ab07e2e36,4aa821f5896619516a18776c7df1c143,delivered,2017-11-13 16:27:18,2017-11-13 17:08:42,2017-11-16 13:19:06,2017-11-28 19:54:43,2017-12-05,bb839bd3c374396ae2e1489db25fc253,2017-11-13
ff1a5ab32e4131d647fa856bee2d4ff5,cabbefcde0d172ce74bc7fd88aea6664,delivered,2018-03-15 16:38:43,2018-03-15 16:50:44,2018-03-20 13:47:19,2018-04-22 18:19:49,2018-04-10,1a73dd8155368497280c8bdcd680c9ad,2018-03-15
73fa7b2ad233f0cf7283b818df0a067e,b063ddb82cfde9835547fa94eb209c82,delivered,2017-04-27 13:41:28,2017-04-27 13:50:20,2017-05-02 16:33:26,2017-05-08 10:45:39,2017-05-29,a5885399110de50a5d3806503e1b1482,2017-04-27
810190f42a178c26e28a932e70533d32,04a4616473f68f368a666ddddfcc9e59,delivered,2018-01-23 11:54:32,2018-01-23 12:18:02,2018-01-24 23:35:40,2018-01-26 18:33:13,2018-02-07,fae01dd260f77f932cc70e8df4ea4a93,2018-01-23
83d918d0715c6c4700e6d841e36f30a0,cce82cf61ff003ab6f98e70e92045614,delivered,2018-05-15 11:26:53,2018-05-16 09:35:18,2018-05-16 14:04:00,2018-06-09 00:06:28,2018-06-07,b05d90572ee8f4ea44d1bc7dd09b33c3,2018-05-15
7ef2e75823b06b05aec1e71f3b2b22fa,2232236611f1458f825a31b9cfbd0997,shipped,2017-09-09 10:35:53,2017-09-10 07:05:15,2017-09-15 22:33:36,,2017-10-04,050427ce6691dec61ff78267f70aba2d,2017-09-09
670a5914a42d04c7cb903febf1303662,7d7197562f016c087c9bfb40e4128672,delivered,2018-05-18 15:45:51,2018-05-19 02:58:45,2018-05-21 15:27:00,2018-06-05 21:30:00,2018-06-06,cc7daf94e4e0212b7ce005091270dfe8,2018-05-18
d77a74efe1dd9a668ec9813f9c3a13c7,29c763ad4cc65acf8f721f394755d05b,delivered,2017-10-08 21:59:58,2017-10-08 22:14:17,2017-10-09 22:14:59,2017-10-16 19:37:44,2017-11-08,28efe136661349668ffcd865b7374aac,2017-10-08
02a065131a2d2b72b45e2c63135606ad,1d917604cae5efcfe88ac9a27f8455d8,delivered,2018-04-24 20:08:37,2018-04-26 03:35:19,2018-04-27 14:53:00,2018-05-04 11:16:52,2018-05-18,773ee7ce02151eee86443dbdb515e271,2018-04-24
49096a052563c7c07964cb46f6f4d572,a441c76bdc95aee0610d80ad242f00cc,delivered,2018-08-22 10:51:09,2018-08-22 11:04:36,2018-08-28 13:36:00,2018-08-30 22:16:30,2018-08-30,9650fed8d3c841be1c0bc539b047b674,2018-08-22
af76a45a10524549102e010f2bd9d3cd,a44a4a6e7b2c7cc8ae47bcc8bdb3cdd5,delivered,2017-10-23 19:32:01,2017-10-25 02:28:34,2017-11-01 20:27:30,2017-11-06 21:09:40,2017-11-14,3b0428e22d539ee678bb0736b19a9ae6,2017-10-23
8690e66d045afe5a5bd8b559cacd335a,509865be40d14361077df35e35971edc,delivered,2017-11-24 10:20:03,2017-11-24 12:14:31,2017-12-12 22:04:23,2017-12-15 17:14:20,2017-12-13,fdc6e6da9fc3a45501cd3fae41dde21d,2017-11-24
410bbe52ea797b594e24bf3d7dadf8d4,2c9ca7492802d8e628247622380f17e5,delivered,2018-02-06 20:56:59,2018-02-06 21:11:13,2018-02-21 18:08:45,2018-02-23 22:17:10,2018-03-26,a249060a6912772e645b8ded6e19a6b7,2018-02-06
4fd1eaa23a51a767193af5013ae6dbff,bf54200b24fd3f5dab6350f5b0bb1999,delivered,2017-07-25 23:34:45,2017-07-27 11:50:20,2017-07-28 15:08:09,2017-08-04 19:19:48,2017-08-16,c44868f5cf186fe0c2afbafa51e8a578,2017-07-25
ddb980db437e5a69e48989e4f4dab66e,8dd3240312527b0908864e9a69d35722,delivered,2017-10-25 08:43:59,2017-10-25 08:56:24,2017-10-25 20:55:01,2017-11-06 16:51:13,2017-11-16,23262017537d6c2a2b671983cc5b5d81,2017-10-25
db4cb930416730b7d23d9a87bc67b497,e59f29432d7235645e652d594ded849b,delivered,2018-02-26 18:41:23,2018-02-26 18:55:29,2018-03-07 22:34:19,2018-03-21 23:52:06,2018-03-26,8d5547dfca83722678e6d49e00d6a18b,2018-02-26
1ce630b94c04093fbbb40498068f46b0,f6a8283a091af2e766f118cdfa683a99,delivered,2018-03-28 08:59:42,2018-03-30 03:15:45,2018-04-02 16:52:16,2018-04-09 19:02:33,2018-04-26,6df46480643a76d16f0111c1895c03ad,2018-03-28
d8d875126ddbeec8b736ffd7f0b1a4c0,8c78a97fcd0fbb96167dee28dacd58bf,delivered,2018-07-30 20:53:30,2018-07-30 21:40:05,2018-08-01 12:31:00,2018-08-15 00:52:56,2018-08-21,6f281e14a2b5f66895ba1e238e42403d,2018-07-30
c2ef874559083f9b66c092fe59f382b2,0b1353eb976bcec7ee3c4a354954e055,delivered,2018-05-03 00:19:22,2018-05-03 00:47:11,2018-05-03 15:11:00,2018-05-04 19:22:55,2018-05-18,a5b461313c449c6d2ad4c49d40468515,2018-05-03
3b253446924d20b4bb7220dfa7c68149,6e66d1c6c344f7d223bb34a4831c6ecb,delivered,2018-04-01 19:10:56,2018-04-02 19:08:00,2018-04-04 18:06:48,2018-04-12 19:04:11,2018-04-30,6b8dcda5256375b9362002d57621fa22,2018-04-01
9f6bea24fd370c2775d47a3525a4c534,d88f168f45b0a2c1acf6f1bb3bc37e0c,delivered,2018-06-04 15:02:34,2018-06-04 15:15:24,2018-06-25 15:20:00,2018-07-03 21:28:01,2018-07-30,c515f063c76c71b6152b6dc08896c671,2018-06-04
575adb5505ef5b3d5f4bc097777f3c97,1d1df1aa038bf3f77072d3278ff03d86,delivered,2017-12-28 16:58:09,2017-12-29 02:08:23,2018-01-02 19:18:35,2018-01-05 17:10:02,2018-01-24,fe0ff895d83434eb0fc1cdecd2f678b7,2017-12-28
a13a672c837fcc0a47e85f93f3a8de73,5269830fcb286861dbec4dec7da764c2,delivered,2018-01-27 12:28:23,2018-01-27 12:37:25,2018-01-29 18:44:12,2018-01-31 00:18:52,2018-02-14,ae1e75b5a53bca6a31891e9a71d29f5e,2018-01-27
3410526e055530279c894ab7542c827f,e1cc911510f96b0129938a5f8bee2fdb,delivered,2018-08-13 21:14:47,2018-08-13 21:25:45,2018-08-16 11:43:00,2018-08-23 19:08:39,2018-09-18,35f090b59a36631bf5956a01839e58db,2018-08-13
08eb6a0ddc93b1cf16dd629389dc691b,4271157a005679fb4c9005d64055d91f,delivered,2018-03-09 23:10:40,2018-03-09 23:20:31,2018-03-13 20:48:48,2018-03-23 02:24:57,2018-04-03,0a9f2a263d55f59cb2e1e4051f3509ec,2018-03-09
af533a27d10b603c1d46186437ed4896,7717c618c3c9402f7a090c3848e1f8ed,delivered,2017-04-25 14:36:27,2017-04-25 14:45:16,2017-05-05 09:42:50,2017-05-15 13:46:46,2017-05-16,f3c4042c1c002eebcdb7a49ce06feb3f,2017-04-25
4310f91feaa68e3b065256b3a4debe75,8b2ad21c897519e83fae6357076e7720,delivered,2017-12-01 11:23:13,2017-12-05 04:13:30,2017-12-06 21:35:53,2017-12-08 16:51:43,2017-12-22,d57abf41b8c0ff61d15d0fc06f21258f,2017-12-01
b592237b8cad838d0ff4b33fceb46a01,a01db3d31374817c4f5694fa39498580,delivered,2018-06-29 20:59:10,2018-06-29 21:10:45,2018-07-02 07:17:00,2018-07-05 15:12:51,2018-07-19,fd26a250637b67b1ab80793a71e33224,2018-06-29
da54ad083bc7a0be3d23ddbf932d24a8,badae3d50f5d9776503033061cd21a2c,delivered,2017-09-30 06:32:38,2017-09-30 07:04:27,2017-10-02 16:28:07,2017-10-06 22:46:50,2017-10-24,8de281d54eddae64232ce9dc27ae739b,2017-09-30
826781a83e7fab9989e0882180d2adc2,8d8e4f7961914580fefe9e4ccb4df76f,delivered,2018-08-02 23:15:49,2018-08-04 04:05:24,2018-08-06 11:43:00,2018-08-28 23:18:28,2018-08-07,40c39645f96040d2047ac54226834348,2018-08-02
178a25841b0490cf789963c9a98cac1e,65efe371830251eb82424c62661f1ffa,delivered,2018-05-12 13:41:48,2018-05-15 04:35:11,2018-05-15 14:51:00,2018-05-23 14:36:44,2018-06-06,04a132a0625884998769f2855a3a57af,2018-05-12
a2e99a88e70a8ad5a4cf5dd2c13aff8f,78cfeec6e3001828529400f0cb18c8cf,delivered,2018-03-08 16:11:27,2018-03-08 16:31:40,2018-03-09 18:28:51,2018-03-27 21:46:59,2018-05-03,9407262ed391a65dd55d3e0d31866002,2018-03-08
2b3ec451746cbc17ebae5c0b8fc74406,51fe34b9ac5cd71384bad7afde1445fe,delivered,2018-01-08 22:24:50,2018-01-08 22:37:28,2018-01-09 16:25:56,2018-01-25 16:34:18,2018-02-09,ef587b0a4564d660a035027e0058e3e0,2018-01-08
4625faca20a0183173ecfee87d9f92b7,31ebdb35a5d7d36da53c821fcd112700,delivered,2018-03-09 10:52:18,2018-03-09 11:55:47,2018-03-13 01:03:06,2018-03-29 23:38:42,2018-04-12,211a6f8e9bfa8b39b232bbda08e176dd,2018-03-09
0efd6177ac7aab7f85f78796d324b321,f37b7cd28154c2c80457b37f12e06247,delivered,2017-06-15 18:43:48,2017-06-15 18:55:12,2017-06-16 16:12:04,2017-06-22 11:26:02,2017-07-13,cfb20574e60e550b58186a88825232cc,2017-06-15
d1ee985bf7378b46fd1058b35c8132da,7bd970d498ab2a1515d5d0095bb7cbc1,delivered,2018-08-07 18:18:47,2018-08-09 03:44:53,2018-08-10 17:15:00,2018-08-20 23:36:56,2018-09-20,e20efa8fdaf5bbd3780b29d52eb6172e,2018-08-07
f1fe1abe0870b0cc06a9c43744964f69,573f6000cfdc9b1471bf5d5cc16b4b4d,delivered,2018-01-14 11:11:48,2018-01-16 03:38:34,2018-01-17 17:28:40,2018-01-22 23:06:17,2018-02-07,4fa7071a973d1742d80811f42c8a5a58,2018-01-14
32bc13d17332ed4f07e360611c146b87,b8348d16ccd9eaf1b07cd2faeaa12d76,unavailable,2017-11-28 22:54:39,2017-11-28 23:10:57,,,2017-12-20,f02ddd97be3c080ae1694d2200fee09a,2017-11-28
239bb6bf3c69a8b5a8da5eab92f1444b,35dd70767e04679612adf5506b498142,delivered,2017-10-10 21:38:55,2017-10-10 21:49:33,2017-10-23 14:45:41,2017-10-25 19:23:45,2017-10-30,25ab9dd24283ade10cad5e3b87dcfbd2,2017-10-10
fe9ff842f65047f5a82c48905a18cc98,f1847e1108766f3e77e212b82d2909e0,delivered,2017-02-01 15:25:47,2017-02-01 15:41:43,2017-02-02 11:47:57,2017-02-06 09:17:50,2017-03-07,07419d54dffccb90ca99b24abe65e5fc,2017-02-01
2b816c3dd6289435f8cbb71f22f4061f,4382a843aa3bf7571f81732d6262bc41,delivered,2017-08-20 18:59:55,2017-08-20 19:10:18,2017-08-21 18:44:35,2017-08-24 20:47:41,2017-09-20,ef695418889f83b91a11a0fb43379be5,2017-08-20
28e1ea60cba1b06473eba84efa915385,8d34c7573e1923c6d08b3c1adbcae6f7,processing,2017-12-02 20:47:50,2017-12-02 20:57:25,,,2017-12-27,9216c2ab42dcc1c7ed0c1a7df3eff98f,2017-12-02
c7740e0a4fdfedf93d82593caadc5640,6a842e6565c1a29ed2d1f486297224ac,delivered,2018-04-10 16:46:48,2018-04-10 16:55:41,2018-04-17 21:32:01,2018-05-03 20:48:48,2018-05-02,f89136f35423a5b6d06137b14a4748c5,2018-04-10
f01bca7e8e6bedab1bbcee4ccddca238,eaf8703c9d2a4ca025cab53e61a82ab7,delivered,2017-08-01 09:29:44,2017-08-01 09:45:17,2017-08-01 21:37:25,2017-08-10 20:17:55,2017-08-23,adcc7fcc48551a2fc5a7965c409f7af5,2017-08-01
04031be66943a9c385ff683fcc99d288,b9313515b2c2bfce4c61816d2b0b9217,delivered,2017-09-16 02:31:26,2017-09-16 03:04:00,2017-10-16 20:33:21,2017-10-23 17:18:18,2017-10-04,96531ad02ee61b808945fbf64e8905d8,2017-09-16
8b9ac5a8d0bb9e3350171b0a7e89cc5e,e919c40f6a9c942c75efe9d5afd724a8,delivered,2017-11-28 15:26:49,2017-11-28 15:38:29,2017-12-01 15:18:51,2017-12-11 16:09:49,2017-12-21,1d400576252c095cd50974972b4f7f6e,2017-11-28
b92777d39afa7f58503ecfdfaf255972,0d381842c7073a0180b7dd55a1bd49c1,delivered,2018-03-25 16:11:10,2018-03-25 16:27:42,2018-03-27 22:52:26,2018-03-28 23:57:22,2018-04-06,d18405230a228b91fff44381c584cffc,2018-03-25
08d48caf3c6278c63213deae0000975a,1970ae021f65edd548c338b11bdd98a7,delivered,2017-09-18 10:44:44,2017-09-18 10:55:44,2017-09-19 15:11:58,2017-09-25 11:42:15,2017-10-18,adcd43b10066dcfcfef4ffeef6021d87,2017-09-18
4fded332eaac22d47981cbf6eb6e7eb5,3114436e1d68897b9f70955b6fcd4018,delivered,2017-07-22 15:06:27,2017-07-22 15:15:22,2017-07-26 01:07:48,2017-07-31 22:07:45,2017-08-15,8203345408a61fc10084ee14bacee458,2017-07-22
0f2fc60f7acb6782b5490389a5a89c08,1fb677ba61c86efb05836475022c5d98,delivered,2018-07-26 08:55:04,2018-07-26 09:05:11,2018-07-26 13:41:00,2018-08-09 09:03:53,2018-08-15,b4d1f56f68542720cc2dbe7d2a594836,2018-07-26
9d0e743a98942852dc5092952b91b470,4b92257e64f8b355f6bef19fe858a85b,delivered,2018-02-09 19:52:10,2018-02-09 20:07:58,2018-02-14 13:09:29,2018-02-26 17:23:34,2018-03-13,0c77ec2968933d58ee81f2e59d8b0ee3,2018-02-09
771d515757315655434c93d52615af6d,63acf2ff67f7e843a45a2201eb7bd925,delivered,2017-05-24 22:37:32,2017-05-24 22:45:18,2017-05-25 09:27:11,2017-06-01 13:15:43,2017-06-27,ef5b6bd043a757cd031b4f43d499a353,2017-05-24
10e080f0e43ef41f43b9ff6da4451835,015b2612205bc9e481b7443591eb08fb,unavailable,2017-03-02 21:27:17,2017-03-02 21:35:21,,,2017-03-28,df136c686804f763b62d6b3bee85ba70,2017-03-02
d1d82aade0787cfad8be29a6afcc6401,84ff0ecfdb0a9d436b5fad4bf784f835,delivered,2017-06-01 17:40:00,2017-06-01 17:55:13,2017-06-02 14:20:06,2017-06-19 14:14:43,2017-06-26,fa8dfecf6fca14593e4764f4161c853c,2017-06-01
b8d1bd1e3948db524e062b07ae141cc2,b9b635e308a441c0b4719d6969880a59,delivered,2018-06-18 16:25:26,2018-06-18 17:01:30,2018-06-19 13:57:00,2018-06-22 18:26:44,2018-07-11,d9ef8eb416ddd464f3bd14a5ed2869d8,2018-06-18
8a7f0e6d9767d52a05dd48229e24d766,cae42b13efa7b8b3ef6757d1c2aa2d06,delivered,2017-01-25 16:25:03,2017-01-25 16:35:18,2017-01-27 11:50:53,2017-02-02 17:07:20,2017-02-22,a996968a17a2817d8adc4209d42ee72d,2017-01-25
1b5c8fc44d61c185e5b3f00b73cc476f,e39ab6a98380f9071aa15938efb05d76,shipped,2018-06-29 15:49:25,2018-06-29 16:11:33,2018-07-02 14:42:00,,2018-08-03,e33529eb32d5ff3684732d3de4a2d3cd,2018-06-29
33c951f1c58e9cffbb5d580ba22a7158,c5c2fda0ce0bfc32bcf8f6ccb7f8ec72,delivered,2017-07-24 13:22:13,2017-07-24 13:43:13,2017-07-31 19:37:49,2017-08-07 12:32:21,2017-08-17,eb269fa813430e03f17ea738e7028f8e,2017-07-24
5c893bd9b632cb0b5a09b68977c045b6,91dd42c2ca86cf3cf31838dcc106e2ee,delivered,2017-12-15 15:04:09,2017-12-15 15:16:21,2017-12-20 14:43:03,2017-12-29 18:06:14,2018-01-15,760a6522cf612abf085bb9c7f132b16e,2017-12-15
d41e788456c003180df7deee0def224e,6689d86d2dd1f71cd6b181e86d866ede,delivered,2017-12-13 00:23:39,2017-12-13 00:33:24,2017-12-14 22:43:21,2018-01-17 11:33:27,2018-01-10,b4ef898844c5ae6970a6d0cda79cb367,2017-12-13
2f0bf599e06ae4fcb639c0acaac2f0ee,0a088a15031cf50f98f92d3e525ec7a3,delivered,2017-03-09 10:24:00,2017-03-09 10:24:00,2017-03-09 10:50:32,2017-03-14 08:17:56,2017-04-04,7c8f8d3ff715607148146c64ecb64b11,2017-03-09
95247e44ffe87a1402f04c0023650fb4,1b1df3f7ad4fb62fac0fcde671089db8,delivered,2017-07-18 12:01:46,2017-07-18 12:15:15,2017-07-26 21:24:48,2017-07-28 12:33:18,2017-08-17,93a88de83f293c637d8b8a366a22b9f1,2017-07-18
c9fb7a1e46a9fa7dc0b77b65935cde71,c755d10fe5a60e634531af30e47e8089,delivered,2017-08-20 18:35:41,2017-08-20 18:50:16,2017-08-24 16:05:53,2017-08-28 12:21:02,2017-09-14,9c6eb6c6b60a688367b18a97ab4255c1,2017-08-20
f97038209977e4fcbbbb7ca58e55bc1b,b6fb8befdae4a1e9bfc7eed84dd852a5,delivered,2018-03-21 08:43:59,2018-03-21 09:08:16,2018-03-23 00:28:27,2018-03-31 15:36:48,2018-04-09,c9e2c77f3e7e82a6e12fb5ca9872c11a,2018-03-21
bc4405c7d2cce1bf68c0227631d2b9d8,352aabc5950671daccf6d97a694a0379,delivered,2018-04-19 14:59:48,2018-04-19 15:11:41,2018-04-21 00:52:22,2018-04-28 14:06:33,2018-05-16,5bf096afeffe65c4b2461456a1364e44,2018-04-19
985f418428a2040e904e93491b78c1f1,3448488008d7d108e6293951e93b5d91,delivered,2018-02-20 13:52:36,2018-02-20 14:09:31,2018-02-26 22:43:15,2018-03-07 21:19:44,2018-03-12,08edcb06d9d590d95f221c03b6ae3832,2018-02-20
ae12d5e31aa2de9ee3d670d70b09e534,2ef2d8073bd9cf0ed98b6bc8291dd18d,delivered,2018-04-27 16:05:43,2018-04-28 16:13:29,2018-05-03 16:51:00,2018-05-07 18:55:08,2018-05-22,d52bed0b1d39a4e1a60af7bd1089709e,2018-04-27
f299e3cfbddf9de401e1f1adf33cd788,487ed3b1b98379e4aa9ce58cf75c51be,delivered,2018-02-22 09:03:57,2018-02-23 02:10:42,2018-02-27 05:06:58,2018-03-05 16:25:12,2018-03-22,33176de67c05eeed870fd49f234387a0,2018-02-22
4a98152d0c65138f9f701c576b24b7b7,79754884aaf13f155f4f64fc180b96a7,delivered,2018-03-20 00:33:02,2018-03-20 00:45:31,2018-03-22 20:52:06,2018-04-08 15:26:28,2018-04-12,0870f2f5c8c0c6e1a4335c5de3a4a552,2018-03-20
24341ac85c8c726efbf9b78eb47982aa,a96c3e3b619af8097f2664ff6af50487,delivered,2018-04-25 23:52:06,2018-04-26 16:15:41,2018-05-04 16:04:00,2018-05-11 21:22:06,2018-05-23,0a054e9a7520ae591b6d07d7605c3091,2018-04-25
0cc9d4d8d1534bc29d091be67ffabdab,cc0be152b8158ae5ddccacd8efb97076,delivered,2017-04-20 12:25:54,2017-04-20 13:06:07,2017-04-24 14:55:48,2017-05-02 13:34:27,2017-05-19,c111811575f73359319359318d16de78,2017-04-20
8732033fb707f8ee6155112c39a727b4,d34dfd38d5a09cfde6f512ed4ecb9600,delivered,2018-04-19 18:50:44,2018-04-19 19:10:58,2018-04-20 20:12:33,2018-05-11 11:13:44,2018-05-18,bf853c7f7942ead75f8118b917ff0a76,2018-04-19
586beaa2e8ffefdedcba61bfabb0c9d4,2cfd03d5f98b80ec794362fc02d39fe0,delivered,2018-06-25 14:03:27,2018-06-26 05:37:15,2018-06-26 11:39:00,2018-06-27 19:18:40,2018-07-05,960f180815040987db5ebf9f90f591ff,2018-06-25
b64ab89f127a1163a4412506e5236c50,03b1280fd15563f3814e6b0812638ca1,delivered,2017-09-22 15:21:10,2017-09-26 03:56:16,2017-09-26 20:50:02,2017-10-06 15:25:57,2017-10-27,0bdf3baf9efec12f859ee8135e153aa7,2017-09-22
e128a277a345197ba9155d63c2666f99,7d8b23fa4fbd0c8c95d7e8da1c5e84ba,delivered,2018-06-19 09:04:16,2018-06-20 02:55:13,2018-06-21 13:12:00,2018-06-26 18:58:32,2018-07-12,7277e91adac6d80bb4919493d0d361ad,2018-06-19
0f8415c6898be42b337b26a77fcecbee,989f677f902616c785e3681d2fe63b75,delivered,2018-08-01 11:11:04,2018-08-01 12:30:36,2018-08-03 13:50:00,2018-08-10 18:18:21,2018-08-20,e1463dcab2dc0fbacca56679b3dc3892,2018-08-01
52218f4751320d86d5d074d16ad05dd4,f41553f56ded7abddc895d3e4ad4c2c9,delivered,2018-01-24 16:10:45,2018-01-24 16:39:11,2018-01-25 15:47:59,2018-01-31 12:51:23,2018-02-16,ac9af1cc78b26dc5d2e70333181833db,2018-01-24
4f5dbf6461099742aada5e5960f721c4,e3b25a8708f4f6e2f7b6fb5caa2eefe9,delivered,2017-05-23 19:02:00,2017-05-23 19:15:14,2017-05-24 09:34:16,2017-05-25 10:04:57,2017-06-05,30a9badf47aee5400aa486856cc18cfa,2017-05-23
a229f8f10db36361d958831698ea6e68,7d230284e062002029881fcfbf09c419,delivered,2017-03-24 13:56:45,2017-03-24 14:05:31,2017-03-27 17:07:04,2017-03-30 13:21:31,2017-04-12,07b28cf1d8515d08ccca505e273fffaf,2017-03-24
209b30577b4c8a3f622822461ede363e,f3cbdf0bb95fae3bb4697ed194df25c1,delivered,2018-04-04 20:50:52,2018-04-05 08:10:06,2018-04-06 00:51:15,2018-05-04 23:02:13,2018-05-09,0fe4ad1853ca222fc9b0718ba6c32cd8,2018-04-04
03dde7ab63940fbffd10162a74347e95,5934b56aaab3f88d76e0f002d7eb8802,delivered,2017-06-10 17:57:12,2017-06-10 18:10:23,2017-06-14 06:19:41,2017-06-16 14:05:51,2017-06-29,82a466ddb0a074ddfd7d7575929baace,2017-06-10
922404efb7691bc5f4c252544e580266,fd6a4522daa083c5ecd8d3277e9752b4,delivered,2017-11-25 01:50:13,2017-11-28 03:32:18,2017-11-29 22:48:29,2017-12-05 22:48:10,2017-12-27,1fccf2fe7f85f2e5af1ea22064e8f3e4,2017-11-25
2559552ea70a7caa245eca67f410a3f4,ebe02b455bc2f5f8828a89d8bd96cded,unavailable,2017-10-22 20:44:47,2017-10-22 20:56:31,,,2017-11-08,75a6e6bd47d77cea03442dc292d48b02,2017-10-22
9a1d40af77296d2106a872c60ec7d3b4,1c5a586356edd21e05e3054757b834a4,delivered,2017-10-20 09:36:36,2017-10-20 09:49:38,2017-10-23 19:23:41,2017-11-03 19:53:00,2017-11-22,fc0df3222950bac40998531054db630a,2017-10-20
60c8ff275c52d58ac6693a516ff2593a,3976ebc60f76b8b22e5ac55a9f222ce9,delivered,2017-09-25 20:14:02,2017-09-25 20:24:43,2017-09-27 15:38:08,2017-10-03 23:30:18,2017-10-19,418e205d383c81aacd1a2cbcce7972d1,2017-09-25
af9f47d85cb6d0717a873ddb331a1b6b,78a2bb308b28ab12eb41b8b582a67ff8,delivered,2018-04-05 22:42:35,2018-04-06 22:35:16,2018-04-09 22:04:10,2018-04-25 13:44:44,2018-05-08,9a24d8a8387c665544e78bcee4359c34,2018-04-05
d6e8839199c7ca3b2d7aede27fb9659a,a48363bb61734f93041fbc103db9fe74,delivered,2017-11-10 23:04:29,2017-11-10 23:26:59,2017-11-13 21:32:03,2017-11-16 20:46:53,2017-11-24,c07ca85bf9d30020143ff9debce16f46,2017-11-10
0691511b757c6190f85d5c20481ddae1,0bdaf62bf3211420cb25a16386b56801,canceled,2018-07-17 23:30:05,2018-07-17 23:41:42,,,2018-08-03,bf77f7e1f3be1c38f6686194ad96365a,2018-07-17
cd76219509e0336ea669b48075e068e1,02cb3b6962a2d852ff7beaf4e303c71e,delivered,2017-09-06 19:27:08,2017-09-06 19:43:29,2017-09-08 18:32:26,2017-09-15 16:06:50,2017-09-26,8dfbc9064378d19ac99a21ac353072d7,2017-09-06
f63fc1c003e6328d52c7a49b28d9717a,4fc3826b952eb6ca326617fa740265d2,delivered,2018-08-25 16:18:14,2018-08-28 03:50:16,2018-08-28 14:39:00,2018-08-29 14:37:52,2018-09-03,325d13774f2f9c32a841a919abe00296,2018-08-25
9e1b037882254a396408181e76546b01,f5a615f0b025dc0ce07ed1f331e87b75,delivered,2018-07-23 17:26:47,2018-07-28 23:31:07,2018-07-24 15:55:00,2018-07-30 17:11:31,2018-08-13,34cc113ea291fd85f77fcfa3fd5d29dc,2018-07-23
7fccb4a84a452c9ecd61ba5c182161a6,a6aecb91639368b7b5d49c46adc1064f,delivered,2018-05-09 18:26:17,2018-05-09 18:35:18,2018-05-10 09:53:00,2018-05-14 18:05:14,2018-06-07,1502c95b4e9c83e72b08f01764cc4706,2018-05-09
5ca60cc1a00a1d2f3090cebdd57c696e,965f78e2702c7775431e6a79a21ce549,delivered,2017-04-25 08:34:36,2017-04-25 08:45:08,2017-04-25 12:29:35,2017-05-12 13:13:42,2017-05-24,aa6172137b971ed93e69466a599a9bb1,2017-04-25
39897c1c37144a25b897e4d5c98fed20,c6dcc1dce60566f15d0ce235d92afeb6,delivered,2017-07-28 06:22:12,2017-07-29 02:23:19,2017-07-31 18:05:48,2017-08-08 21:43:37,2017-08-17,32c3312cd5a2dddfdcbd359694cd7ae8,2017-07-28
3c7d5206607a15b5eb46f553865a5599,fb8d4247e5e0eb4d3b7d110c5d2a9b69,delivered,2017-03-18 21:57:42,2017-03-18 21:57:42,2017-03-23 08:42:42,2017-03-29 12:58:01,2017-04-13,eb9bd866fb791851de9c7019e7ef7e8e,2017-03-18
cfbff5e327712bcb7b76b34bd4655a95,52bfcbea8ba14168d4f6bdf089a9b591,delivered,2018-03-05 14:34:39,2018-03-05 14:55:43,2018-03-14 17:21:07,2018-03-29 21:48:32,2018-04-10,278fe707d0e9a60b36b5de18762499f4,2018-03-05
9d0516ad96d793d308cec3c5929ed649,308afed7ca59239797d7ecd2ccd7c956,delivered,2017-12-18 20:09:35,2017-12-18 21:11:14,2017-12-20 08:55:28,2018-02-05 19:53:16,2018-01-17,e11a1b428e150830944b665cb6b2d5da,2017-12-18
090eeebdb88e50484b9d37e863df829b,5c262efffdde5bd254f59c97cf8c9b42,delivered,2017-07-20 08:31:59,2017-07-20 08:45:11,2017-07-26 11:34:15,2017-07-31 20:39:52,2017-08-18,2b8e0c4dba500a8e998f5dbcb8dc6210,2017-07-20
23a67c03abc9968c561353d66f48acc4,e5d29cf37580b4b6232c0cf1df444901,delivered,2017-07-15 16:11:19,2017-07-15 16:32:37,2017-07-21 17:41:14,2017-07-25 19:34:15,2017-08-04,2b6b968a762cd64638a40fbd082f8c75,2017-07-15
101dd34c03c31b22d56fa2f1973b1e85,68ffaee0e0cba1ec2e5fae05c3172814,delivered,2018-05-20 20:40:41,2018-05-20 21:01:33,2018-05-21 14:19:00,2018-06-05 20:48:37,2018-06-11,e52e2a969ce6323daa2460a8202f92b0,2018-05-20
e532f7295954413d41002fe78ae8a4d8,cb2b14b433f2a2ae74a15b9462b81ae8,delivered,2018-03-16 15:35:46,2018-03-17 02:35:35,2018-03-20 01:12:43,2018-03-23 23:32:14,2018-04-18,799a7a8a3bd7ff31b60fa34d9f894ed8,2018-03-16
e7da0ff2cbf2eeb09296e1df48925afe,2450dbfb75233ae7634514332f558c18,delivered,2017-03-06 15:00:49,2017-03-08 03:05:11,2017-03-13 09:31:24,2017-03-17 13:59:46,2017-03-30,ebf088cc2ce28c6055f2cd5e2b9bb9ea,2017-03-06
4ab8b7a8e23908984157974ae4ad6436,21b90719d24eb01136a753197b79bb3b,delivered,2018-05-29 08:17:20,2018-05-30 08:15:17,2018-05-30 14:33:00,2018-06-01 15:20:00,2018-06-14,9121f592f90cedc51e357b735f9bdbb0,2018-05-29
5df3ca6f9f8ff2d461a774ae097f9809,098bf3f2bb9f2bcea54e27d17f29c000,delivered,2018-04-15 20:47:36,2018-04-15 21:09:50,2018-04-17 22:26:43,2018-04-18 22:51:32,2018-04-30,f8142cc469273a98f4e54e315b20ce67,2018-04-15
d91340e9348bc8b0e4971c128f2c0254,630ae1af96136635d7757c7eeeb743f4,delivered,2017-10-10 21:15:04,2017-10-10 21:28:33,2017-10-11 18:35:54,2017-11-10 21:06:44,2017-11-03,a894c90ce6279d5906dc3b5bd52e8998,2017-10-10
b4583d271827d4824cdf5ae34b21322f,01d5f7506a41927955ef41a530329c30,delivered,2018-03-18 18:13:05,2018-03-18 18:27:31,2018-03-21 21:29:47,2018-04-18 17:28:39,2018-04-09,ef13abbd47a1708370f8df7899582a16,2018-03-18
c9365b99c90ef6473a7d9cda98faee6a,9c92bf6c552a735ca395ce754a61ce31,delivered,2018-07-22 23:12:02,2018-07-23 12:31:41,2018-07-27 08:57:00,2018-07-30 22:08:48,2018-08-02,98cf2f6f61000afafb2c1a276f5c21ba,2018-07-22
5f04f4d6318ce8bdd9043545285b4def,f5d9940e5da79a1324329fa16246e012,delivered,2017-10-09 08:46:23,2017-10-09 08:56:24,2017-10-13 18:52:01,2017-10-17 15:57:43,2017-10-31,c8f6a15917628cb5f681613a50bdcbdf,2017-10-09
7a958cf333909948af12322dae6f17d2,b0e251b808b0e15f4232f5b7be0dde2e,delivered,2018-03-10 20:04:50,2018-03-10 20:15:22,2018-03-14 01:05:25,2018-04-02 14:12:34,2018-04-11,a0e0617b2766e35c0788ee4ec54cc357,2018-03-10
e49e382e440b76f65be6ce311948835c,0971df83869ecd83b4282f773573bff3,delivered,2018-06-10 18:05:07,2018-06-10 19:38:14,2018-06-11 15:53:00,2018-06-15 18:58:36,2018-07-05,a6f6c3f1be85c43acea3bdd136c56434,2018-06-10
0d760576500ea8611379a97ddcebf3db,f7f4c88bd5093db7e3fc7baad3cd8deb,shipped,2017-09-16 12:30:24,2017-09-19 03:44:09,2017-09-20 16:09:20,,2017-10-04,fe52c2abb172426dd6416cc69e6b3689,2017-09-16
10a0ce1277f3743242205061fccbb7c1,e5da2ac4b7d09ea27b0bc61081ce1034,delivered,2018-03-17 11:24:48,2018-03-17 11:35:27,2018-03-20 20:44:48,2018-03-23 00:42:01,2018-04-19,4bbaf6f7a10a7e26a8777aa5cb6d5864,2018-03-17
b71f2bcb304134cd03bb33a3f86a5a46,6ceefbf760c72b3b5baf60449708aa52,delivered,2017-11-07 10:17:30,2017-11-07 10:30:31,2017-11-21 11:58:34,2017-11-23 18:29:29,2017-12-07,87f0e5d5fbf0dfb671baf8ccd87b5c66,2017-11-07
c7cdb5ada4357751c31d84f94d1a14f7,b10f350b627f87c6fd77d761ac7e6813,delivered,2018-07-16 09:04:15,2018-07-17 04:31:13,2018-07-19 14:22:00,2018-07-23 11:40:47,2018-08-06,8ac6c35ef908a91c443c7e5c65c338fa,2018-07-16
aa27bd1341335b1891bbcc4e1967b402,3b5676320f2df56236b2086a3f4b7da9,delivered,2018-06-06 21:32:22,2018-06-06 21:55:04,2018-06-08 11:40:00,2018-06-19 17:08:39,2018-07-17,140239db64616ce1fdbd6e07630f6665,2018-06-06
9e677b4bbd5d55506d4d8f1e5182dcb9,e5e2913c105c1f443f9f999e975900bd,delivered,2017-04-01 17:24:26,2017-04-01 17:35:11,2017-05-12 08:29:32,2017-05-13 09:44:45,2017-05-30,960118b2d734220509690e16787f955e,2017-04-01
d34eb5c929ae5f0d803924b567328c56,40941c77d00d4111644b0356f08bb7df,delivered,2017-09-02 20:57:55,2017-09-02 21:05:25,2017-09-04 19:33:54,2017-09-16 16:12:08,2017-09-25,1592afd17b2f35f2cd7c93c1144923db,2017-09-02
2cd7c5efeb90335265680de1f5a82a44,c9dda9c54e2f0ad877222c042f8d8d3b,delivered,2018-05-14 11:35:43,2018-05-14 11:58:30,2018-05-15 15:16:00,2018-05-23 16:48:25,2018-06-05,27528cbb4b9112677add723caa6fa5f4,2018-05-14
f38becfd5e80f3d9d988ecab0b0a8d41,dee0b47c356fb2f279e00e8df7c691e6,delivered,2017-06-06 20:36:40,2017-06-06 20:45:16,2017-06-07 10:04:14,2017-06-16 16:49:47,2017-06-29,b077b77adf79331dcfd0c85379e4d5b3,2017-06-06
112b993827414a482ef6534e251fad3a,88eddac47472e08eb17d96a25969a655,delivered,2018-01-29 17:26:51,2018-02-03 23:31:58,2018-02-01 18:48:38,2018-02-02 19:52:43,2018-02-14,2a0ac21838f4a0a00c767bbed07de79a,2018-01-29
ea07fcd3f9385395f50217c8ca1eaa45,a7b8d98d59a1a44a4f78408b257b3ff1,delivered,2017-11-14 08:29:08,2017-11-14 08:46:24,2017-11-14 23:16:47,2017-11-21 14:21:58,2017-12-05,b6988e7235a00da9d9e8cddb82d34f59,2017-11-14
413ed3d6c1555e1fb50e298ebcc18495,4e672fa8f53f161e3df949a801025ba9,delivered,2017-11-10 13:46:55,2017-11-11 02:50:48,2017-11-17 20:16:48,2017-11-28 20:28:48,2017-12-06,145362224284f253dc4021a47d6a1ed7,2017-11-10
632d5f1544d56eb72ec8566d324f4d06,c03054b9bb8c3bbd55fb3f8c2aa54dbe,delivered,2017-11-29 20:43:48,2017-11-30 09:52:25,2017-12-04 14:51:58,2018-01-04 20:36:57,2017-12-22,38a8a8a3cc79ff5d25f27782a62ae933,2017-11-29
bff58e0e0d9a5f132abe7c2204b156c8,fa2c1dccb281817f710caaefcd0d254e,delivered,2017-05-22 22:40:39,2017-05-22 22:50:11,2017-05-26 15:20:31,2017-05-27 10:07:55,2017-06-14,15f406f2bca686ff733b9692e9239512,2017-05-22
41c350b4fbc29efe17a778365a0a5d08,42bb785f5ebc990d77c23aa2e1d6f3c7,delivered,2017-04-30 21:10:28,2017-04-30 21:25:16,2017-05-02 13:58:15,2017-05-11 16:12:39,2017-06-01,ad7c7b0175f1440b3970b62ea0d6345e,2017-04-30
39b07544f44827ecfb759a3544ccab72,dcbfb65ae9125d8e25367087650ad49c,delivered,2018-07-31 12:39:25,2018-08-01 03:31:38,2018-08-02 12:53:00,2018-08-03 19:22:12,2018-08-08,e8573cf0c22f146febd2f92fcee5d1c4,2018-07-31
1f88dfdb109093f6b629f1e6d75af30c,72ae07582db913432142229f2e1f6701,delivered,2018-03-26 08:35:03,2018-03-27 08:30:07,2018-03-27 19:27:02,2018-04-09 15:06:51,2018-04-16,82a30c3a0cda2a7c36585ee82de291fc,2018-03-26
548593d537ea3f5e453588407a484d81,2294a7c127e0aabbd84d87b5f50adb3b,delivered,2017-11-28 19:57:43,2017-11-28 20:15:45,2017-12-04 19:38:29,2017-12-20 00:04:09,2017-12-21,a734a69f6f4be90c1db54693cf7d0d4a,2017-11-28
f6e6afb31fd4986da7ac663a6b0c93b4,4ad64ec5df1250c507ae691e159c69aa,delivered,2018-04-08 13:21:28,2018-04-08 13:30:25,2018-04-10 02:28:35,2018-05-11 21:29:56,2018-04-30,6626369820f21cf43c8db965f69aa39f,2018-04-08
1ecda016913167c1bc9dee2cce81c7da,86449fa8124082cf35a0555fc351f631,delivered,2018-04-26 23:07:03,2018-04-26 23:31:16,2018-04-27 12:19:00,2018-05-16 10:33:56,2018-05-24,0b22bdc11a543726e030cfb5ea5757c6,2018-04-26
1f3035a17d5528bb461a938d381c9d65,359ef52d8f7d03963687f1f864794d2c,delivered,2017-05-01 17:53:55,2017-05-01 18:05:47,2017-05-02 17:51:38,2017-05-12 15:05:53,2017-05-23,f1f283e43e508bdcf11877883651e51e,2017-05-01
23ed60a4ded86a966ca7f216147a3bec,2924d845c6ead1388824e85bb2fb10ee,delivered,2018-02-01 19:51:04,2018-02-02 11:55:32,2018-02-06 22:29:08,2018-02-20 00:25:32,2018-02-26,63bb5b87279eea88c75d67f2299dd422,2018-02-01
fd090af4abab8284bf7d35b41d2075ce,5e0ab02d8c43402944f39559568c9c71,delivered,2018-01-23 09:07:31,2018-01-23 09:13:22,2018-01-24 15:24:58,2018-01-25 20:32:51,2018-02-07,a1c970de5f0783835ce5c0b430f77914,2018-01-23
c0221d9a3d1707e52d0a75170f33e622,1a3d17d034d62ce590495e6b1d3efc6b,delivered,2017-03-04 23:21:49,2017-03-04 23:32:16,2017-03-07 17:11:37,2017-03-13 13:14:55,2017-03-27,4d3909e77fbaf0ad2468bf01f8d4e58e,2017-03-04
bc8040ec215e524e30722602d813a804,2d13a1c3721faaef560f45099efccc9d,delivered,2018-03-01 20:46:25,2018-03-01 21:09:35,2018-03-02 22:13:41,2018-03-15 10:52:15,2018-03-26,93544519e54be2943b51d251d93162a9,2018-03-01
44112fd5bb8ad2e4ce496e28c8c4258e,09dab3740fc9939d1978f358319cc0eb,delivered,2018-03-06 21:36:26,2018-03-06 21:50:36,2018-03-09 17:36:40,2018-03-22 20:52:59,2018-03-27,e1de62e03b4caf47d48b2dac7d8b43c4,2018-03-06
4d177a59bedcc26843b61e6b4078e4fc,94ae6e074c702c4c67321c0edbca3ca6,delivered,2018-04-19 13:00:52,2018-04-19 13:15:20,2018-04-20 19:07:44,2018-05-09 18:50:04,2018-05-22,98bc0c9e1294eb19f3ba7827581a7185,2018-04-19
e05db2f0411d7fe6af92d64c6fc4bf9d,5644e275e55a02bf7d15afc23ce53910,delivered,2018-07-11 12:02:12,2018-07-11 12:15:10,2018-07-11 15:05:00,2018-07-13 18:51:24,2018-07-25,f227d62830b3214711e47660fe779f78,2018-07-11
2d9a709258fa92bdd1a64e72bbf839d1,03a418d38babc71339571a01488aac1f,delivered,2017-04-25 07:50:21,2017-04-25 08:15:32,2017-04-25 09:19:39,2017-05-02 16:22:12,2017-05-16,35aaf89742d88485134770f27d419b60,2017-04-25
23d0b20c60078dcc168f59918e82f76f,904aa283282e380b879c883a9bcea050,delivered,2018-02-17 18:34:30,2018-02-17 19:06:38,2018-02-21 20:56:41,2018-04-03 20:02:08,2018-03-16,033f54a07cd8182310db72b60acdbcd7,2018-02-17
564a8a107b3cf23a00e2da12351a9797,02af9983dee3e98a57adc7b02f17de3a,delivered,2017-08-01 15:59:54,2017-08-02 07:30:15,2017-08-04 15:54:48,2017-08-09 17:21:43,2017-08-21,c750cfd386791c7a665caa28e05d6f33,2017-08-01
cfa3e6925faeafb049f7bf5f1a133757,5af9164d1406a7f016a689a9e7c38427,delivered,2018-02-08 09:03:13,2018-02-08 09:15:32,2018-02-08 23:12:21,2018-02-19 21:58:32,2018-03-06,a3f1d8dc1d60d01bbc185c6d5ed8f734,2018-02-08
742aea07dd8f1cc25098f44089301a0c,4b475c967c016e2a337fe9e1f803c195,delivered,2018-03-21 19:36:38,2018-03-21 19:47:59,2018-03-23 12:17:28,2018-03-28 16:48:35,2018-04-03,20a8103b5238dd14f8fb386b9a4b7463,2018-03-21
f80d41039694cf8ab589eb22e0091fdc,5867de51a21c57d3b31f121bb9e1cd6f,delivered,2017-08-14 20:17:00,2017-08-14 20:50:15,2017-08-15 17:33:40,2017-08-23 13:46:31,2017-09-05,638eafbdec3d5db3fb980a7a9282827b,2017-08-14
65ae980faa8eb2cfa02e439832516930,1ccab9e5dfccf17ad4eef7a08b8f71cd,delivered,2017-12-10 16:49:17,2017-12-10 16:59:23,2017-12-14 14:33:11,2018-01-03 16:32:49,2018-01-08,a23e613e253483c976dcc6567efdddcd,2017-12-10
cb44ede59056dd2add95fb810b393786,6f3a42b6df965a08f68a19a2b1ce4323,delivered,2017-10-17 15:02:56,2017-10-19 07:37:06,2017-10-24 16:05:52,2017-10-30 18:43:59,2017-11-08,048dbdf8f9bbd1be87b25868d1408311,2017-10-17
18ffbbb8c91cb6fbacf944eea0d51552,f5f1ac51f4b9a8ceeec0df3536ccbb7a,delivered,2017-12-12 19:00:05,2017-12-12 19:10:03,2017-12-14 11:38:52,2018-01-05 22:17:22,2018-01-15,a87661386a130317d94bdf133a1ffd72,2017-12-12
97d9d1b260af0792ba6514158fb10195,c8fb2bac848317504f5193332adc7d27,delivered,2018-06-21 19:34:46,2018-06-26 05:13:08,2018-06-26 08:05:00,2018-06-29 14:55:03,2018-07-17,cff41df59603ed8e5ff3f5a9b4a02fe5,2018-06-21
70215c7031c6fdd581a2d729c93987e6,d02f55b09f69dde4c0ac66e778039993,delivered,2018-05-01 22:40:02,2018-05-03 03:53:02,2018-05-03 09:20:00,2018-05-09 22:24:30,2018-05-28,52563c0dc9f758424f26b9f226d568e5,2018-05-01
6d8e4a82843cea684d20aa10f91fe33a,f7a08724e0b381e81a146a427d58af06,delivered,2017-03-18 11:40:36,2017-03-18 11:40:36,2017-03-22 06:51:56,2017-03-28 15:26:00,2017-04-11,d7f6dd7f9e3f694ec26a50c86bcff8c7,2017-03-18
986f9a6bec9c49daf91e0a02a63885d0,2c5f331dab75886896a9513450609620,delivered,2018-07-28 13:18:56,2018-07-31 06:35:23,2018-08-01 09:32:00,2018-08-04 17:56:40,2018-08-20,0529c2166947dc1e4012efdff2b9b8cf,2018-07-28
880ba0831c3fe181b5096a98d3c755e4,5fb7662b5f14f01c2a37b381becceca4,delivered,2018-03-26 20:27:03,2018-03-26 20:47:01,2018-03-29 01:32:56,2018-04-02 17:32:02,2018-04-18,d58760239457cc420d92744d97087921,2018-03-26
7be14973fae210892bdead0de13695e6,c850dfc9a3bc506054fd70113a026166,delivered,2017-04-03 20:31:00,2017-04-03 20:45:13,2017-04-06 15:24:46,2017-04-18 13:33:59,2017-05-09,d9a3c8bd456d6be25a2c74fff9d05055,2017-04-03
44d075f07cb67c5fa539041c4548953a,fe0d2c3b6048199a658d47a9c023d81f,delivered,2017-08-31 11:44:16,2017-09-01 02:15:35,2017-09-04 13:25:14,2017-09-11 16:37:49,2017-09-20,96977812f790d5dee60611658aa71ff8,2017-08-31
4696eb8d8514a43861661047a268e6aa,2b641d0a8bb26b8d5a6e653490f3902f,delivered,2017-12-20 18:43:17,2017-12-22 02:51:07,2017-12-22 21:03:17,2018-01-03 20:32:31,2018-01-16,2c8b13355cef2df676b9e53f86248ec9,2017-12-20
72f14114cc84c8ee7e687e6a1233f396,914814ff08304c2914d4de10a8ca82e8,delivered,2018-05-13 21:04:49,2018-05-13 21:33:07,2018-05-14 13:55:00,2018-05-15 14:00:15,2018-05-25,c6e49eb71fc70e1331d7a7b9dbf96d86,2018-05-13
77f120015ca363b1f0bd4c879f902eab,112187d9befa05e2fef9384a900e404c,delivered,2017-04-02 16:31:42,2017-04-02 16:42:26,2017-04-03 15:40:28,2017-04-06 14:24:02,2017-05-04,b25f3cc021d7fd0d1340785cc8bd5001,2017-04-02
7a0e460794b2d836da856ca4c3db095f,134c1eae2d05bfbd29cfa49fe67f7404,delivered,2018-07-01 22:08:01,2018-07-01 22:29:56,2018-07-09 13:39:00,2018-07-12 20:16:13,2018-08-07,461691a7d9d67eeb8392ecc44031fe30,2018-07-01
29378e35942d709318a61535d08a23c1,78adbfae7d012f14c600000aa322fa02,delivered,2017-10-07 11:58:05,2017-10-07 12:07:52,2017-10-20 13:49:52,2017-10-30 18:29:20,2017-11-01,e4ed66434d469b58c122093baff1586d,2017-10-07
03ce210a1614bb5a5bd3f4e3296840a1,fe007b524829f7a174ea059a23bd0a32,delivered,2018-01-22 18:06:21,2018-01-22 18:16:51,2018-01-23 18:33:51,2018-01-26 18:49:56,2018-02-14,13669ed999ecb4580c18d217fedff1fb,2018-01-22
00276d5c3491fbf55305e26891040df9,54686c41e86854e35879efbd1c2cab1b,delivered,2018-02-13 11:47:21,2018-02-13 12:55:57,2018-02-20 23:19:10,2018-03-16 19:57:52,2018-03-22,af11903c9def1d99643292e8d695b212,2018-02-13
c3b858557fb35d3646273135dcf96da8,3eb07d46f0f08e9bc8e8322694b46dbd,delivered,2017-11-15 01:12:21,2017-11-17 04:06:28,2017-11-20 17:54:46,2017-11-28 02:58:52,2017-12-12,8848bddb3def6bec3d44bedef6dcb17c,2017-11-15
45060534aef780077c10103b60fe71c4,a34cb9acedf3c08390532e4df4f38ac7,delivered,2018-07-03 15:40:07,2018-07-05 16:12:38,2018-07-05 14:12:00,2018-07-10 20:08:37,2018-08-03,4db005ae588356c526a21122bb436852,2018-07-03
6785389081b96dc1acd26dc72ad54080,f300542c9f0c858aac2c6109f35d16c8,delivered,2018-03-07 12:41:13,2018-03-07 13:20:27,2018-03-07 23:22:40,2018-03-14 16:53:38,2018-04-09,d13ec97485268e59e715abd4f8338c06,2018-03-07
88898c8b7a5b7d3e2291e990f93d274a,767f554678ccdff4206b3fb34329219b,delivered,2018-03-04 18:43:35,2018-03-04 18:55:33,2018-03-12 17:12:10,2018-03-15 20:12:00,2018-04-02,310fe886bbd2131a2f0976ed616e60a8,2018-03-04
ea3ae6fbee484133e325f4e1b984d108,23ee2e391c931ab46fbe5b0586b3c080,delivered,2018-04-16 22:16:26,2018-04-16 22:32:29,2018-04-23 16:14:48,2018-05-02 18:24:53,2018-05-16,2712bed264856242bb91aa06ef2c5865,2018-04-16
f1997789bf60765f135ec0f174be55e3,49cbac2b39ac1280d471e14747b13df3,delivered,2018-04-12 11:09:29,2018-04-12 11:31:25,2018-04-12 21:36:54,2018-04-27 20:03:22,2018-05-14,a9e4348b76f85861ada324e72dc92aca,2018-04-12
9e6cda6c54e003fdcaea831eed747e88,46090a65387cf50140673902ef9c79fa,delivered,2018-03-22 14:12:26,2018-03-22 14:30:25,2018-03-23 22:41:35,2018-04-21 13:54:45,2018-04-25,f08d5e0d77469bca395ed24633b8f8d5,2018-03-22
ad0601d72c6f5d20f194290cb517e6e4,e4ba7046c6af14b3fa80882af86f4087,delivered,2018-06-12 19:36:25,2018-06-12 20:06:15,2018-06-13 14:32:00,2018-06-18 14:06:30,2018-07-05,a7599764fe4f85383ea0e6aee59cc9eb,2018-06-12
d0d5164d91d59570247b483352eee612,d9b9801abf6ecdfcf595da6a2a69e8af,delivered,2018-06-16 11:15:23,2018-06-16 11:37:53,2018-06-19 14:07:00,2018-06-23 12:08:30,2018-07-11,fc94333f2fc94ee80653e648ef08175b,2018-06-16
b461e43868116fb81d1d91959ae5ea65,dce6f9a140fd4b1c5941da022a650535,delivered,2018-07-22 15:53:46,2018-07-23 12:32:05,2018-07-23 15:44:00,2018-07-27 20:46:42,2018-08-08,084be429c23e342acf5084ac6156d22e,2018-07-22
89b158fc23656141a5e33e93954d025b,93a8571aba21529cf631be8c49e279df,delivered,2018-03-24 16:38:22,2018-03-24 16:50:28,2018-03-27 20:07:47,2018-04-18 00:56:57,2018-05-15,f570b38fd1007c094f293aadb09bcedf,2018-03-24
5a4f5ba731f3289ca552e3ee5dcbc5cb,5cdf3d04ce2b852b63a52afdc6b9c876,delivered,2018-03-13 21:41:41,2018-03-13 22:40:31,2018-03-15 00:41:42,2018-03-19 23:06:50,2018-03-29,fa4e47e7efda39676956cc45a52a9a42,2018-03-13
cc156335b424a3dea39dd5b6f15a0edb,fdcb55239eb5b9bd6f9d2ccc88b59fbd,delivered,2018-03-26 08:46:49,2018-03-27 04:08:33,2018-03-27 18:21:50,2018-04-03 13:28:52,2018-04-19,eec787e51b3cbf1950f94491f739a85b,2018-03-26
0265de29d2bf47d85101018e7f7d4ff6,adf1ecaca5e192f1356ed0760e5432ae,delivered,2017-04-30 07:43:30,2017-04-30 07:55:11,2017-05-10 18:41:46,2017-05-18 08:19:06,2017-06-06,3afe3f02d75b3d8d823d14959002987f,2017-04-30
3c860daefaca397a28e5f1909a3d6813,3537e21321dd0d2017d3a536dd8fe74d,delivered,2017-03-07 21:54:39,2017-03-07 22:05:10,2017-03-10 11:37:05,2017-03-21 14:37:40,2017-04-10,1c610f35fb7cf6deb76d162945e53f25,2017-03-07
537690295b4d85739ba8cbf72ece30b6,5fa9b1b199d0f77c57d2c30367b1c153,delivered,2018-08-05 10:14:59,2018-08-07 04:35:17,2018-08-10 19:52:00,2018-08-11 16:37:20,2018-08-10,b47699a03637c7dc04989aede0e282a7,2018-08-05
0d1b16176c5cba495de3f14a538f5ec1,0805ec85ad1a04d1a6518c313542a0ff,delivered,2018-02-06 20:43:14,2018-02-06 20:56:16,2018-02-07 19:26:23,2018-02-08 16:56:34,2018-02-22,59b9f1f98253f56d0f2bd95a3616281d,2018-02-06
c7f036825b3a87b42323205cee8a693c,a8d604c2782c27e60c3023fa86567794,delivered,2018-07-06 11:22:25,2018-07-06 11:31:20,2018-07-10 10:25:00,2018-08-08 23:08:53,2018-08-06,4b949caa9d931d9810f3547ee5384291,2018-07-06
254fcbb680005c7c48a119e4a4ac5b98,185c9124371e3faa4e4199e70d945b83,delivered,2017-05-12 22:30:52,2017-05-16 03:35:35,2017-05-17 09:46:28,2017-05-26 10:26:34,2017-06-13,2993295e058544a70743ea9cb88e48e6,2017-05-12
faabc69ee9f9b4e81c8a4504fdacdc50,ea4e1807aabc4609b7ace0a75efc0c49,delivered,2017-11-28 12:00:49,2017-12-01 11:31:56,2017-12-02 04:37:38,2017-12-28 19:02:55,2017-12-26,a753e2043d1bab6426cfc45022073647,2017-11-28
679c0e911bed52d5404ba07a1e2e1715,a000358e67061a087b14a812d621ab2d,delivered,2017-11-15 19:59:14,2017-11-15 20:10:35,2017-11-17 19:44:38,2017-11-18 13:12:52,2017-11-29,ae2d8a1096de3b45ee2eaff3af91272b,2017-11-15
a923f706eeccdbdf02d5db99c8550c8d,4269b7f508bcab4a6efbdef0636e4848,delivered,2018-03-02 11:34:22,2018-03-02 11:55:45,2018-03-03 00:13:51,2018-03-20 21:47:42,2018-03-28,7bce8d18cffae12fc6af9a94288b085f,2018-03-02
5af817dcc7682f13101dbdef134be4e0,74d926a57beb2bbd42d8b69f723128a8,delivered,2018-01-24 11:10:09,2018-01-24 11:16:25,2018-01-30 01:12:47,2018-02-14 22:16:50,2018-02-19,96cf220edbef6511206b99931a4aa254,2018-01-24
3951193545025398d0fa18b7e2f836be,90a9c48d9d8440f1583a142142b99b1f,delivered,2018-05-23 08:36:35,2018-05-23 10:36:11,2018-05-25 12:25:00,2018-06-04 19:16:39,2018-06-13,3f0d042d25a660ce2e5aaf9cb11b5146,2018-05-23
e3e1d2fe1c3f816ace8a772a4dff8a1d,e8f6f2dc565be3effe09647d2aa8d8fb,delivered,2018-01-11 16:30:15,2018-01-11 16:48:34,2018-01-20 00:04:28,2018-02-15 10:38:46,2018-02-05,1bb986e8abaa9271acdc815a41b02528,2018-01-11
1e35e26cfef4f75615b68acd81d89ffb,7d30bd6a9ffa5b22814001292ec14686,delivered,2017-07-28 21:33:15,2017-07-28 21:45:06,2017-07-31 19:22:11,2017-08-03 21:37:50,2017-08-14,941a6461924e1b62b1dcb2d2b6a2ff18,2017-07-28
5c821b37fad60b510aec78ab1883a584,d7ce53e72912943db6ebbd0c2d5e9c84,delivered,2018-02-28 15:59:59,2018-02-28 16:16:04,2018-03-02 00:42:36,2018-03-22 15:17:37,2018-03-22,916a886f8eb3029df4a9dc82324b0301,2018-02-28
1857f0409d8180beab0cbec5cd97478f,73a3f9242c638f8dbc3efdbbc5339f97,delivered,2017-12-13 15:36:27,2017-12-13 15:50:39,2017-12-15 16:37:58,2017-12-20 16:35:04,2018-01-02,71d790b151c0349e5f5b2fbb4fbe1321,2017-12-13
a1370d5fa6508c13787ae000e5d2ad77,7bddfca0e860e120fd4ef769c449ddd4,delivered,2018-06-20 23:11:46,2018-06-21 01:17:19,2018-06-28 14:40:00,2018-07-03 04:28:44,2018-07-20,8645ccc7b497ab21a2bbeed062b45f93,2018-06-20
0ce5b90b3bd06c388f87fd281ff7eba7,16730aef160c3f0c10569888ea9adb05,delivered,2018-02-16 11:11:45,2018-02-16 11:27:37,2018-02-21 17:53:23,2018-03-06 23:16:48,2018-03-19,413d4806d97fa1f3c352ad517c1e1561,2018-02-16
63c1f65a4171fb69929e4fd2652f5617,cda19b7949fedcc5277c7021a8d309e4,delivered,2017-09-29 09:17:19,2017-09-29 09:28:15,2017-10-02 19:04:20,2017-10-07 14:36:51,2017-10-25,1e7e6097b7791ac066908d6e26110cad,2017-09-29
d662d012f313d50b0c2a39e6d4f88562,4d12da03af6b4513c13c61dcc5171626,delivered,2017-11-28 13:05:49,2017-11-28 14:20:04,2017-12-04 16:59:59,2017-12-21 17:59:05,2017-12-26,3858e59d2965f2cf2d49f28ea26ec172,2017-11-28
d00179bc87932107ac934cad54be82c6,c6f42e5dd569247aab7d16bbe7283d9c,delivered,2018-05-25 16:19:08,2018-05-29 03:35:20,2018-05-30 09:22:00,2018-06-15 18:40:53,2018-06-29,8b69be8a3ea064793aafcbdc692c8472,2018-05-25
a06cb110601fc18a65761940112147e1,f7b33db289b360763ba82a6713db8823,delivered,2017-12-11 21:45:28,2017-12-11 21:53:32,2017-12-28 16:07:49,2017-12-30 12:48:54,2018-01-22,505c4ac55a58869908153374edca0a4a,2017-12-11
96500f175401baa18ab94e059e3c7ab8,85a9defbcbb5d1fd61c959e35d48fe5c,delivered,2017-05-16 16:27:41,2017-05-16 16:35:20,2017-05-18 06:11:40,2017-05-24 12:18:12,2017-06-05,7c8743466f3c68bfd4420683f411b100,2017-05-16
82f5146f4cbd867e3dbd244cef22f2e0,bd40faeeca500f134adf9aebc81453bb,delivered,2018-07-06 21:11:14,2018-07-07 18:45:50,2018-07-11 14:36:00,2018-07-19 15:26:59,2018-08-09,57f196ee65394484294dbdab49e1877f,2018-07-06
bdad3d80ef54495a3c2d7c620752ddfd,9b97e240c29d2750738438d1e147daa7,delivered,2017-12-28 13:47:30,2017-12-28 13:55:30,2017-12-29 20:53:30,2018-01-09 19:24:46,2018-01-26,45e1383f68227bf259f79319dcba791c,2017-12-28
2476a3346dc4a10dd9238bc6dac93f89,0e665af399629d6d496da8998a5ccbae,delivered,2018-05-29 19:35:46,2018-05-29 19:55:53,2018-06-05 12:11:00,2018-06-07 14:48:43,2018-07-05,34570e2bf8f90266547424791cbe480f,2018-05-29
87b4a3f473682f0b4c87060b0370d4b1,40a2ae9c0a20cb33e84a612a9585db55,delivered,2018-03-29 10:21:14,2018-03-29 10:30:18,2018-04-03 18:46:23,2018-04-16 18:28:38,2018-04-17,4173e22f79ba7905d6307579055b6f0a,2018-03-29
2ef4a11b6e24fdfbb43b92cb5f95edff,ee1cfdc92e449920e25d3ca4ab4da4f6,delivered,2018-07-23 18:35:14,2018-07-24 10:31:25,2018-07-24 14:37:00,2018-07-27 14:04:10,2018-08-06,8d80e477643ec569b24592ce3d9dfc4c,2018-07-23
c3547ff2a0fb9751d7b6aa7f7346695f,f7c04dbf91899845f2895f676b366212,delivered,2017-03-26 13:16:52,2017-03-26 13:30:10,2017-03-27 15:48:23,2017-04-04 09:58:10,2017-04-18,b2cf27725215d78797c4f00e05f642f7,2017-03-26
94a91dc173a9cc2a6b4d38be8f8d832f,edce7681f7a9c927027eefbc0d8e3ef3,delivered,2018-04-15 22:47:28,2018-04-15 22:55:15,2018-04-17 23:05:27,2018-04-20 23:36:28,2018-05-09,9684d9a6f8cf8432b6ecdfc09442f354,2018-04-15
d900dcc636a20564de0edda6a808b44a,d695ab7244b50995dbbed9c1c5c81d57,delivered,2018-01-10 22:07:20,2018-01-12 02:37:35,2018-01-15 09:10:33,2018-01-23 02:36:30,2018-02-05,47d8d0b5a529adbe6596a0cbcd75a90e,2018-01-10
4792d1ecf41afb08745855d6ae845d90,ebd041ed34b52f107ec31fbe185b9603,delivered,2017-12-28 12:31:00,2017-12-28 12:47:24,2018-01-04 23:42:47,2018-01-11 21:13:40,2018-01-29,3a793b89f7683a13d4e1f2cb87844829,2017-12-28
d6018fa8e6aaedac9d0432e734f94503,189fcd2b9b28cecd5dca3f25c2e119cc,delivered,2018-05-01 19:28:53,2018-05-01 19:52:46,2018-05-03 13:45:00,2018-05-15 19:41:07,2018-05-21,23ebdb9110c6e8ad0310549252343abe,2018-05-01
407650da5ce96e8de0290f05086d3b49,c2fc0c3b579720212343725ebfdbad6c,delivered,2018-03-31 13:18:49,2018-03-31 14:07:58,2018-04-02 20:34:47,2018-04-03 22:37:43,2018-04-12,2e13226545059168a805458e363dcf34,2018-03-31
292763c479eed9e980ac01583f89db93,5ce95c9b45fe22b1f217f8fd928ac456,delivered,2018-03-31 20:15:37,2018-04-02 18:52:23,2018-04-04 17:23:23,2018-04-07 16:16:29,2018-04-12,686bcb9625a425bec2ff7d8eba79c245,2018-03-31
e91d272e6028aee005564c010fb10661,c74c3cae0cbfbc08f7b00ee31eb254ff,delivered,2017-07-10 10:39:34,2017-07-10 10:50:25,2017-07-11 21:37:51,2017-07-14 20:01:38,2017-08-03,06e3f686042578d4e8ec05efd9310bcd,2017-07-10
92460f9c0d34e466aef5b66f5c2ab91a,44f7cdbdaa2f209f0bbedbc33f49d1d3,delivered,2017-04-04 10:30:20,2017-04-06 02:42:56,2017-04-07 15:46:25,2017-04-17 13:30:09,2017-04-25,0437cfec74524dfc1fc5a78c8d085a9d,2017-04-04
c32bd7da48be8ce34e8e656099ac3fca,e49ffed12a438e0526f7d7f575649066,delivered,2018-03-21 15:08:47,2018-03-21 15:27:55,2018-03-23 01:23:36,2018-04-10 21:11:47,2018-04-12,63c265da6b6a1c029778de3661b64977,2018-03-21
4ef17302794696ffb96bbce3b81d3030,8198f185b4b0aa7deea981ca451b1b1b,delivered,2018-02-03 10:26:44,2018-02-03 10:40:35,2018-02-06 20:42:47,2018-02-16 21:05:26,2018-03-06,ea7599dc5063fa4bde5685b7d2208ca7,2018-02-03
effe6b3c0a442e88e41a15c0cdd09a83,b2dfb42b62eed0666aef0b9e660de51b,delivered,2018-01-19 18:06:15,2018-01-22 14:12:41,2018-01-25 21:12:45,2018-01-31 17:57:48,2018-02-09,5c06277d20503caa9cb14e73fa109302,2018-01-19
de2bff9e29299dc921f2e276c8408400,b9025d9e21715cc1eac81b2e40ee94d9,delivered,2018-04-02 22:30:35,2018-04-03 08:09:01,2018-04-03 18:25:54,2018-04-04 20:03:43,2018-04-12,1494a353bdaf53ecc67c37956a57d929,2018-04-02
4d920656159629630f3cca4092065c72,9370fe4ed90a768d1529b5798df4c18e,delivered,2017-11-27 18:18:16,2017-11-27 19:01:16,2017-11-30 17:33:59,2017-12-08 14:54:51,2017-12-15,15bd954905b4dabd89d6770abc342281,2017-11-27
5f89e6b3012e74ef28fb09e73d8ae01c,aa9a52398f8c0dcd6153561448c6a1b5,delivered,2018-04-11 23:27:05,2018-04-13 12:50:04,2018-04-16 18:52:35,2018-04-21 11:26:55,2018-05-04,7b1634d5d23b9383b7339446bae230ec,2018-04-11
ec903a8a6748772912afacb2f8fa3535,12fbfc2753644bea26a74338860183d3,delivered,2018-08-22 00:09:35,2018-08-22 00:24:25,2018-08-24 12:26:00,2018-08-29 17:09:39,2018-09-03,6647d4444fa63e05f6a4e1ce7a966a20,2018-08-22
f5dd51c457b73189d026d11c82ce77ba,b71209f45f0ec8f7db763faf4c9e3812,delivered,2018-06-12 19:31:44,2018-06-12 20:05:53,2018-06-13 14:27:00,2018-06-25 17:43:31,2018-07-12,86597e842dbbc39b9df5b42d553aa323,2018-06-12
bfabc9ca0342b03adf7e07f25c4a4058,8e5f7b82138c72617047b404d87c0ee0,delivered,2018-08-04 16:27:58,2018-08-04 16:44:19,2018-08-07 13:48:00,2018-08-10 19:58:42,2018-08-16,0b468d4e4519daa1645ca5a2741b1ddd,2018-08-04
d70611b8e23ca3e2ad56889d3144c086,2c66657b5894a2f00212a533f2cbff92,delivered,2018-01-19 09:50:58,2018-01-19 10:15:38,2018-01-19 23:18:48,2018-01-30 19:21:36,2018-02-15,cde34cd7f42e6f444abb7f686da365ac,2018-01-19
528b9cd42ab9f06d9cbf1416835076da,7b5e57989920185e8d4256e86df71f24,delivered,2017-08-18 11:37:52,2017-08-18 11:55:08,2017-08-18 17:23:16,2017-08-29 16:53:44,2017-09-15,ac13c494c0a0fea5c845c85c3077edb2,2017-08-18
4c520618a0cc5957cd116b12a553770d,097c40e3f812fb54de808f30537ee3e4,delivered,2017-10-19 14:16:22,2017-10-19 14:30:24,2017-10-19 20:09:31,2017-10-30 20:38:59,2017-10-31,4efdb2c26e4674bd3d71e85471b4fb51,2017-10-19
8d3b97f37bdd7afa5d348afb305858be,07639b3edaab833c39efd14a1a950199,delivered,2018-06-21 14:57:23,2018-06-21 15:17:53,2018-06-22 12:48:00,2018-07-03 20:02:40,2018-07-24,b14dd6df9a4322eb6558d4309b0f79f9,2018-06-21
ada1a38681627159c9618c5c7f047885,abb4e48f24fff1c4bed414e1a4dd8bf0,delivered,2018-02-08 16:56:03,2018-02-08 17:40:24,2018-02-10 17:12:00,2018-03-07 21:54:52,2018-03-19,acc4ecb785f1c2e406fbc327f4afb150,2018-02-08
dedbf4a9f32dd77fa0d5db00bbf70b31,512434f206598b09cd497e945a550558,delivered,2017-09-17 11:01:22,2017-09-17 11:10:16,2017-09-18 14:09:59,2017-09-29 13:40:10,2017-10-09,2ff029de75a574692076eac1d7556d3a,2017-09-17
ac503eb8068440b8eb603d5df863dced,46635463d50841ed697108468bb0389a,delivered,2018-06-28 12:54:06,2018-06-28 13:11:05,2018-06-28 18:59:00,2018-06-29 21:21:51,2018-07-12,157f93485f10b3ae622cf69e715e1936,2018-06-28
d8f367dd5e7df2171c1f718170dbee73,6a23d338a1d64fbfeef7b1ea3795b060,delivered,2017-05-12 18:59:04,2017-05-13 02:50:22,2017-05-15 14:50:23,2017-05-19 13:54:48,2017-06-01,6d2bb701863d10b64901c5e014e3a346,2017-05-12
861c9fbad462917e9c57742085a3e2dc,f90f3568abbdade70b4b39c6a219db3a,delivered,2017-07-28 00:39:07,2017-07-28 01:20:06,2017-07-28 15:33:55,2017-08-03 17:04:27,2017-08-29,93dabd0fb48bfbc6e14aca0432ed0717,2017-07-28
ad3a34aa245c0c0a12989188dfa354e0,b4e6e7f253b6e4c93782d7899d2cc3c0,delivered,2017-04-23 21:58:13,2017-04-23 22:10:13,2017-04-25 07:17:37,2017-05-19 15:23:59,2017-05-24,7376203770e159da3909dd6adaa9b4bf,2017-04-23
411d2a5826116cb819444537c0d0360d,4c4cd07e2f89dea5a2c798712dfd3b9f,delivered,2017-11-10 19:14:33,2017-11-10 19:31:03,2017-11-16 18:22:58,2017-11-21 19:34:55,2017-11-30,8e71966de84d38d80fafa00a3916856b,2017-11-10
0fad42f3bb740701e7c913dcdcffe42c,2e50003890535715c272f3c4aadd86f1,delivered,2017-08-16 20:37:48,2017-08-16 22:25:14,2017-08-22 18:51:44,2017-08-28 19:03:35,2017-09-08,c45024325188c80818cb3be815a16753,2017-08-16
5bdef5e4235fe07e011df57d8ae8b041,1a72cda849bdeb05ef203a6f131535d7,delivered,2018-05-03 19:34:47,2018-05-03 19:51:18,2018-05-09 15:48:00,2018-05-15 15:37:01,2018-05-28,478463c9bb09a28a79ccffa7eb2e9757,2018-05-03
3f8a2bff65c16d22759ba92a4b7e1912,1334bf7fbbec2d3c41d69011aef3521b,delivered,2017-07-12 20:50:34,2017-07-12 21:03:13,2017-07-13 19:43:45,2017-07-19 18:43:31,2017-08-01,624dbb9134e0e49819db57565ba7ce68,2017-07-12
bf0fbfbaceba1d05f31c53ef4303ff9c,5620b482dd82a92c989c7f4d456e68e5,delivered,2017-09-13 16:51:13,2017-09-13 17:05:21,2017-09-15 18:37:49,2017-09-26 18:42:19,2017-10-05,f5d84b273ebeb0aec61dfccbfd18679a,2017-09-13
4aa92c909b164d4b1529ca7fbbe2fd73,e77aa2c814bae1f2ac83f64322ca560d,delivered,2017-09-17 22:43:14,2017-09-19 03:55:28,2017-09-19 18:30:19,2017-09-25 19:38:00,2017-10-09,72a468fee984041a24d53066cfe95a16,2017-09-17
c5aa608be7773dfa4624ed1c239bae4f,b07937265615c5e0deab6c26429590d9,delivered,2018-02-21 06:34:33,2018-02-21 07:25:09,2018-02-27 14:42:28,2018-03-02 17:29:01,2018-03-07,8eaf94d7f543eb3ed4d730db92ee70c0,2018-02-21
6e28885b3b46ef6ae9dfa9209e1c8c48,7c3944f1b25c635da4e81b7e2c712a7f,delivered,2018-05-30 16:02:54,2018-05-30 16:16:49,2018-06-04 13:33:00,2018-06-19 13:58:32,2018-07-16,79b625882871d52531ad1eadd4783a88,2018-05-30
edbfaeb8ad1b74d2dd3fa417465617fe,e24a84b778dca41f3760946e3ececa16,delivered,2018-04-19 03:39:51,2018-04-19 04:21:02,2018-04-19 19:06:34,2018-05-07 13:49:50,2018-05-21,62a5a02c3428d5ed0ae54bbecc2531e8,2018-04-19
c8f3d770e7079f62444e211a882f3da2,1dbb9f7a4861e11d0bd9c1a69c6c9c93,delivered,2018-07-20 20:19:59,2018-07-20 20:30:16,2018-07-23 14:58:00,2018-07-31 14:48:38,2018-08-08,1d8184a5e6519ac418bc072c9ddd0a7d,2018-07-20
4e5e560075bde8260400f40135c0375b,65ecebde547dfc78455c91d11675de29,delivered,2017-03-16 20:10:03,2017-03-16 20:10:03,2017-03-17 09:18:22,2017-03-23 12:09:09,2017-04-06,30a2b6179e2a9e7a957e27f86291ae81,2017-03-16
c04c5f68abfb7204058b07c303fb34cd,6622cacddfb9c59ceba605b4bfb86d95,delivered,2018-01-14 01:57:36,2018-01-14 02:09:41,2018-01-19 01:16:41,2018-01-20 12:18:32,2018-02-05,b0aac1b5a0b97c4fe74a7fc6ac26e672,2018-01-14
a027e89cd6295407d6e1f2d2a8f73523,432409d104be0801dea2ce3ae6bf094d,delivered,2018-06-09 11:13:03,2018-06-09 11:38:42,2018-06-11 13:59:00,2018-06-15 18:03:34,2018-06-28,1b8ed575bcaf2eb6f3bcd2d53ac21831,2018-06-09
927a7c08b956e780d1a418ec9b5b1551,c3adf50520dd57bd31716b9334328671,delivered,2018-08-05 22:50:05,2018-08-06 08:50:56,2018-08-09 13:58:00,2018-08-17 19:32:25,2018-08-30,ea982877f1cc7c385f965955a3ec65fe,2018-08-05
482b0898624ebab18e90d224126c98a8,6e422478a5ccc422a4a7e50df1bff41e,delivered,2017-11-21 10:46:57,2017-11-23 02:35:22,2017-11-23 22:32:01,2017-12-21 14:22:58,2017-12-12,6cb6e79c738ce2ca25f0b7a655b214cc,2017-11-21
ca74c4578655b86241c7453694e29d83,4845d49bb7438b41285097b65d1d3400,delivered,2018-03-14 23:32:21,2018-03-16 09:42:40,2018-03-19 08:48:49,2018-03-24 15:38:33,2018-03-26,aeab37c6b2d7ac1b91e18c2a81cb771d,2018-03-14
96d475858d7ac83b3f89e500dfb736a3,56327d59c871dd2d1ccfafbc6db5d6ef,delivered,2018-06-01 11:20:52,2018-06-01 11:32:20,2018-06-04 14:18:00,2018-06-12 23:14:39,2018-07-19,081f07439678af2da7755a0aa572154d,2018-06-01
ea461a2421a4be04b0d69e11e12788ca,4d4235152fdfccd1aeab816d867a9447,delivered,2017-11-13 21:19:37,2017-11-13 21:31:09,2017-11-14 22:02:41,2017-11-22 13:33:44,2017-12-07,984503860d8d8dea530666eec07de95c,2017-11-13
9459fe4630e1165c113f9fdb4ad5b261,737044a1637b4c3e17f927d096620325,delivered,2017-11-17 10:25:11,2017-11-17 10:51:06,2017-11-17 19:56:46,2017-11-21 20:43:03,2017-12-05,027a8a853eac346c3bf686f95289b761,2017-11-17
1ddeff2fa520dc8916dc524bd3b0e58e,5f73a8fc5344255da18713fa31019e87,delivered,2018-08-06 13:49:56,2018-08-06 14:05:26,2018-08-16 09:28:00,2018-08-17 14:18:25,2018-08-22,b4bcefcfe986c3aa133bff1b10802334,2018-08-06
101280a25cfcd2e133000129f24d17d7,47fc3081baaa11c5938977e8a051b342,delivered,2018-02-26 16:43:25,2018-02-28 09:56:35,2018-03-02 11:17:27,2018-03-13 21:33:02,2018-03-21,282ad1c45ba706b5e8a81b84c41c3161,2018-02-26
cef9742a4d6a0ad30273fa8f19015fe0,3a4e3c57a8f10a2ba77a2e4d551ffe7f,delivered,2018-04-10 09:28:24,2018-04-10 09:50:55,2018-04-11 16:12:14,2018-05-09 18:45:51,2018-05-08,dda41296fa4ea5c44971c117d33de052,2018-04-10
031a9aee4d307a1ae62ed71224c63215,bf3a6e18cbf1a91fae6bfab562949722,delivered,2018-02-15 15:14:44,2018-02-15 15:27:22,2018-02-17 01:33:30,2018-02-23 16:28:43,2018-02-26,1721a22fa2f0dbb91ba8e598fe8e4c39,2018-02-15
aa413696416fac21a0e58f3e6802978d,f7e5540aa410fe3af85c74fdf897a0a3,delivered,2018-04-24 20:56:03,2018-04-24 21:13:00,2018-04-25 13:58:00,2018-05-04 17:21:56,2018-05-22,274958da948a89800b3f18f1d3a4a041,2018-04-24
8af74b9528c1d75ba1b3e3dd0af6e9c0,674c04904747c07295ee1e256c6f4dcb,delivered,2017-09-15 09:21:45,2017-09-15 09:30:28,2017-09-18 22:25:03,2017-09-21 23:22:43,2017-10-04,9b7fcde05dd369caf4dea1f04ed39fcc,2017-09-15
1ad9392f23bf7f28facc4ed0c2fcb7b6,eeb1b872033e14b1549872fd8f9e4d36,delivered,2017-02-23 12:22:43,2017-02-24 02:45:24,2017-02-24 14:40:04,2017-03-03 15:54:06,2017-03-22,08ce576bc14dfba61c272f83f74e538c,2017-02-23
5bbb9f480d85449ab94a389f7cdae20b,eb133f781391608caf3443da896ade64,delivered,2018-01-08 13:04:03,2018-01-08 13:11:31,2018-01-10 18:09:46,2018-01-15 18:12:18,2018-02-01,7bf6a12a0bbfad0a1ae0b1c9f5aae2d7,2018-01-08
5a43c2440a787e84e9f3060ab257fbdf,3f4e19268241474268bdb9db41441463,delivered,2017-09-16 14:02:51,2017-09-16 14:15:15,2017-09-26 19:17:06,2017-10-02 17:54:24,2017-10-17,e9ee98a087ab1fe18056a08658081cea,2017-09-16
2c610c4cfabedaa397223d33eb6ca9d1,6e895e6ca85e773b3107ce38225fc4a2,delivered,2018-05-08 13:31:51,2018-05-08 13:50:26,2018-05-11 14:25:00,2018-05-21 20:27:58,2018-06-04,cf27117d1059a674c387652ea7971815,2018-05-08
8b7e7fa76762ddabf276b848797bad08,437f15a0c773d0b9cf45f7b1812515ae,delivered,2018-02-08 18:35:24,2018-02-08 18:50:48,2018-02-09 17:04:23,2018-02-19 17:22:10,2018-03-05,e34dd9c9b33caa4095f78a2667b9094d,2018-02-08
1cf7badecfe67aca1d27e5fbaedf2c64,7ea1617d2d2b80eab136466f21021175,delivered,2018-04-26 13:46:58,2018-04-26 14:11:57,2018-04-27 14:26:00,2018-04-28 16:56:34,2018-05-10,7810dc22b9189337342d71a69051032f,2018-04-26
fe168a6c6b0558d8b3767bdb616f87a4,9f9c074b8bd8cdd4c51eacdb9c8c00e9,delivered,2018-05-13 21:20:26,2018-05-13 21:33:07,2018-05-15 15:00:00,2018-05-23 21:08:50,2018-06-04,0ec2b1d231338b7ad93828c280debb6f,2018-05-13
8780697430377d453d0cf3f29848a515,ab8cc597748aa43d9e07953a78c5c303,delivered,2018-07-14 16:36:52,2018-07-14 16:55:25,2018-08-02 16:30:00,2018-08-07 15:17:49,2018-08-29,346ca5c91ad72e1c2048fbf18a31c983,2018-07-14
879b58a815d7bde03a866d8db6454ff0,baf8357713e1821091ed36007fb1c4a6,delivered,2018-02-03 00:27:29,2018-02-03 00:51:43,2018-02-07 00:36:26,2018-02-07 15:28:52,2018-02-26,c8ca0866fd82dff2dd05e00d3fc2bc56,2018-02-03
69e8ee164e944cbaff1691440ed94f65,c402d113a3e2da03996cf89a164cf007,delivered,2018-06-25 18:06:01,2018-06-25 18:15:24,2018-06-26 12:44:00,2018-06-30 12:48:56,2018-07-16,aa884350c48f728088dd1e84ef7e8309,2018-06-25
ee24b5ab6e72c956f37630115a3c5cc5,9d7b386d6dbdd05a9f181028f8bc9a30,delivered,2018-04-04 17:20:44,2018-04-04 17:30:24,2018-04-07 00:03:47,2018-04-09 23:38:34,2018-04-19,cc83f7e6be1e9696e04b60f00417799e,2018-04-04
b3fecd6def645344f844fc19117ffcd8,4f848cc5e340405d56e2e6b7723bf8c1,delivered,2017-03-05 08:38:26,2017-03-06 08:42:47,2017-03-18 07:23:59,2017-03-21 12:42:12,2017-03-23,8a5fd9203379165785b1d05b786a0c44,2017-03-05
455e1d46fddb5da406e019d2ad34462e,c1537c6f518d254b6d7060f966b7bcd8,delivered,2018-03-25 21:14:19,2018-03-25 21:30:47,2018-03-27 05:48:45,2018-04-17 19:47:27,2018-04-23,65b87baced94a6308da56ebbdb440544,2018-03-25
137f57a202d83cd03668234859e1b2a9,67dc4248572d349a89b5b433c09736fe,delivered,2018-08-04 20:13:50,2018-08-04 20:30:16,2018-08-06 11:52:00,2018-08-13 23:40:44,2018-08-29,9b6727e8fd9339bf060977d7165f3814,2018-08-04
38776c227318fc6906defc2d197cb17a,ae22e15aa05dbb05e754b9cd2c4846ac,delivered,2018-06-06 14:49:21,2018-06-06 15:13:01,2018-06-08 09:29:00,2018-06-11 20:52:31,2018-07-03,b2cd70357cb75d39afecd27847a5d384,2018-06-06
846ddcf1c6b8e75dc7639b3ba919937c,45067e8e59e7901213581b2ca0cee6b7,delivered,2017-10-14 09:31:00,2017-10-14 09:45:14,2017-10-19 12:12:39,2017-10-22 16:48:41,2017-11-08,874bf1a24007819e978bdf6eec892f96,2017-10-14
a4d1612b7bfa43ca6f14b27bfda0d1cd,307da6d998b08b4265bca9b94eb21d79,delivered,2017-05-30 22:30:32,2017-05-30 22:45:19,2017-06-05 09:52:01,2017-06-13 14:56:04,2017-06-26,c5fefc4c6dc4c674694bdcdfeb55781d,2017-05-30
5bfad1932352fcd447ddb67c215b5552,a31e1fd9832dd7669cf71d1f8a6170b6,delivered,2018-02-15 15:56:28,2018-02-15 16:10:37,2018-02-21 20:09:16,2018-03-05 20:37:13,2018-03-08,7cbf8986201ad87f000d91dee89f8d47,2018-02-15
d0b446af99e79a960dd8c63777fc65df,9e63980f2ac755983af98be7a236a234,delivered,2017-10-21 20:21:29,2017-10-21 20:35:20,2017-10-24 21:04:18,2017-11-04 13:33:35,2017-11-03,c42bff8503a519b8e0b7f3ab675e7a71,2017-10-21
24e69f36003ec9ad845a8490993c57cd,6dfd42af4aa3cd33204c2fc4605ebee9,delivered,2017-12-28 21:44:12,2017-12-28 21:56:21,2017-12-30 12:49:17,2018-01-12 22:46:52,2018-01-29,0a035d8e44a6712f93ad10da223c228e,2017-12-28
aee7c19a75c89bf126f4ffc9cfea0d0d,6da0638fceb67e0eb80766bdf036b0ec,delivered,2017-07-14 09:47:24,2017-07-14 09:55:11,2017-07-14 18:47:59,2017-07-28 19:31:28,2017-08-21,a708de3930cf6fd0714768fdf59f4323,2017-07-14
729d6ac59d920fd1fb1be86480db4325,34b3293a194f0738ffb98e945c939ce5,delivered,2018-02-12 20:10:50,2018-02-12 20:28:14,2018-02-16 23:38:59,2018-02-26 21:55:10,2018-03-07,f82dfb7a8984b46de9d27235e1233e4e,2018-02-12
7c769f1263d481510a383d435d81095f,ab1da939a9aea39af860d8da9a63e9d1,delivered,2018-02-08 16:15:14,2018-02-09 16:10:42,2018-02-15 15:53:14,2018-02-21 20:04:42,2018-03-12,271ac75bfd690806796e55c411481621,2018-02-08
983878e0dee08c5570f8ec3162ac5927,c5eca7583f81d2c723b797c2e710f0e0,delivered,2018-04-19 10:10:12,2018-04-19 13:35:20,2018-04-20 19:09:53,2018-04-26 17:08:58,2018-05-14,0b372b8a31a8de04042945af8b3e6d97,2018-04-19
8f642c94980ebe5d01b42807bc732650,a086b1ee2f6f30b49960b5b1d2872647,delivered,2017-10-06 14:32:11,2017-10-06 14:49:13,2017-10-14 15:57:41,2017-10-25 18:03:12,2017-10-31,0161783a9f93dcefde5ea508501713b2,2017-10-06
8b077b8596bc4dddd67331311917d107,6104de8d891cf5373cfd7365b71a2b3f,delivered,2017-04-03 11:47:47,2017-04-05 02:42:40,2017-04-11 11:33:04,2017-04-17 09:36:04,2017-04-24,520f032ab7d5fdde131bbc6d7e3520b6,2017-04-03
a03bcd3a3d6e8009b9253928c9db4d4f,7dfff072f58e3139071c29396007097b,delivered,2017-10-11 13:56:49,2017-10-11 14:14:16,2017-10-20 12:58:59,2017-11-01 18:38:59,2017-11-23,7ffca566d20617161d9660f883656c08,2017-10-11
ca710aeaf469a14db2f46bf1bf7f5c54,a98e0b3366f5ae4760cd3764c5b518f9,delivered,2018-02-17 14:21:33,2018-02-20 07:27:31,2018-03-14 21:46:27,2018-04-02 16:38:57,2018-03-14,26f31674c24dc09de97ae857df1596ce,2018-02-17
61b3b6333b91d2908d5b7ab095ffb8f1,8424a6d15ed35d8eb8b07d180def3653,delivered,2017-07-18 15:02:14,2017-07-18 15:15:12,2017-07-21 20:12:32,2017-07-25 12:57:35,2017-08-09,e5c5fd4bd91b5fdf7b7d3c7c1f614415,2017-07-18
5ecd7af8497c9aeba11b9f0c79c0b466,69c47fa9916a4e82ac61f93d8e822935,delivered,2018-04-01 21:40:16,2018-04-01 21:50:23,2018-04-02 19:41:55,2018-05-08 09:23:41,2018-05-04,506f2b94a3aaabfc37f9904ac9b8c064,2018-04-01
f9ccaff7267fd0cf076e795b1fae8b69,deaf712a6d30217071ce4d2cf4e0ef79,delivered,2018-08-10 13:47:16,2018-08-10 14:04:44,2018-08-16 13:57:00,2018-08-22 23:03:23,2018-08-23,6d6065917074c293416673faaba09336,2018-08-10
90553773adebd97e53db3810be841c91,3f774a8ca68da8fc546c22ba0e483568,delivered,2018-02-11 11:50:35,2018-02-11 12:08:56,2018-02-14 19:40:00,2018-02-20 20:18:50,2018-03-09,49367bf5c6db65c010584e542128f7a9,2018-02-11
09816d25300df1b7cc5c78edc96f55da,3d64967ab5012122e071d526a18038d1,delivered,2017-12-23 21:58:49,2017-12-23 22:10:23,2017-12-28 19:04:06,2018-01-06 15:42:25,2018-01-24,0c60bacc1a7a82067397bff2c02aee50,2017-12-23
ba9db9fb21617fd062fee898664e4996,02e3c16610531c771a70c55725f36cfc,delivered,2018-04-16 23:22:47,2018-04-17 23:31:48,2018-04-23 10:10:43,2018-05-02 20:44:32,2018-05-16,85c57268150ebfe427de7685cb34a418,2018-04-16
51bd57353e3e9dc73134394fac6f3ba5,d02028ce4af456706b1ea6038e902a3e,delivered,2017-07-02 20:11:48,2017-07-02 20:25:14,2017-07-04 15:34:45,2017-07-11 13:32:33,2017-07-26,ea3816cbec936b1cd57a31f3b0bc4e9c,2017-07-02
84a0da4c506ee63e6163cfab9141964d,f7aa8e63ec5f931263acfecaaa58b7a4,delivered,2018-03-07 16:53:53,2018-03-08 02:30:50,2018-03-08 20:27:18,2018-03-17 13:52:36,2018-03-23,f0c1f570464c5f47cccffa529be6fa29,2018-03-07
f28cf65c040ec0031234f04085debe30,82dca5a0d58f3e7847e28a177e70f1e0,delivered,2018-03-10 12:12:15,2018-03-10 12:28:18,2018-03-14 21:05:37,2018-03-20 20:48:44,2018-04-05,af4c1cf7039f636488d13fded958e7fe,2018-03-10
648fd7a88c08b7d6fdf29c28361c87d5,17f0a8fbb9f43468d2592cff8a70cce2,delivered,2017-11-25 01:06:42,2017-11-25 03:52:51,2017-11-27 16:48:52,2017-12-07 21:17:07,2017-12-22,b1b56f74e53ff5151ef2d1b4a31996f1,2017-11-25
19f8033200723ac16aa147cf1add96c1,e36fbeb0ed7be80a574afd5fb9110dac,delivered,2018-02-17 01:22:05,2018-02-18 01:15:26,2018-02-22 18:05:23,2018-02-23 21:08:29,2018-03-05,1a2306f5417912e5ea28f22bc797220f,2018-02-17
3514fd00653caace61ea8ad6cd20c017,806c46dc97eaec94343ed413566a39f8,delivered,2017-03-16 11:18:01,2017-03-16 11:18:01,2017-04-13 15:34:05,2017-04-18 12:34:46,2017-04-27,70ae932494a15eb824ee1e88a6451094,2017-03-16
5d366aa092ca44b2efb23f0c5d1e3726,0a42cf907d8c09bedbf6e69ccf60b7f9,canceled,2017-06-16 15:39:20,2017-06-16 15:50:22,,,2017-07-10,ab05384b69b568cd123d40c97b5922e3,2017-06-16
16973899e06db09cccd13b671d2d765d,261e920cea4cacce7ac6883550a2487d,delivered,2018-03-15 10:38:25,2018-03-17 02:35:39,2018-03-22 21:33:08,2018-04-16 16:58:52,2018-04-03,1db57dc338d098d85578ef8d496789bf,2018-03-15
bbbaa059721d8a17be92ed10c61d2a59,ed4e522d0b167af01b227afe8bf28fe6,delivered,2017-06-07 23:16:59,2017-06-08 23:10:10,2017-06-16 13:34:57,2017-06-26 18:17:51,2017-07-04,8c0ebe91fb2bb5d69bee5e16dc4db5f6,2017-06-07
20eb7eeb96c1d064240b1c21ab810398,61a382dc46de6a3fb729432181a69516,delivered,2017-09-30 19:22:52,2017-09-30 20:14:12,2017-10-02 19:59:46,2017-10-17 17:53:53,2017-10-30,4c527a8f58b956bbabdcf89700f7d012,2017-09-30
7139a3b215ea730e2db624cc99820578,5258ddb267b5d4cd0ebb504ebc69b804,delivered,2017-09-04 18:46:38,2017-09-04 19:15:15,2017-09-06 13:17:04,2017-09-12 18:23:10,2017-09-22,fda3a3eb3370c1295a4fc3f6cd3d7604,2017-09-04
e05d47db6161413ab417d533c1424904,7dd6760d5d15c01665336a2a040d4d37,delivered,2018-01-22 13:43:38,2018-01-23 03:39:04,2018-01-23 18:22:04,2018-01-25 22:06:09,2018-02-06,ba86ceec7a977f116f70d33da6065749,2018-01-22
b6446a611bb9c288f42fc87611d4d2b9,c029dfbb73a59f46affafca213c29747,delivered,2018-03-04 14:04:42,2018-03-04 14:28:43,2018-03-07 22:05:15,2018-03-22 17:27:30,2018-03-26,718f23593f78864a66285a48bd8318ec,2018-03-04
12994c8b16a5e15fbbecf653c20a0a39,04bbdc3ac9295507b111d49f4d110eb1,delivered,2017-05-31 00:51:26,2017-05-31 01:30:15,2017-06-01 13:33:29,2017-06-06 16:47:32,2017-06-27,8f9c0dc510c12654a35d2add7a6c5d34,2017-05-31
e2f221486e4e15ef55da8a8101d53b51,87bbac135360225f64beab40f0a78d3d,delivered,2017-08-03 16:56:22,2017-08-03 17:23:46,2017-08-04 19:46:57,2017-08-11 18:17:02,2017-08-28,cf6e43279e51aaedf0f39337b5375c71,2017-08-03
13ce7f4beebc91755492c12e77093d10,e8044b8d644927aa85a0eacf725fcf99,delivered,2018-05-30 11:33:10,2018-06-05 04:12:50,2018-06-05 13:12:00,2018-06-13 21:03:34,2018-07-04,bf3de1e4cc46345442a764b87641f2fc,2018-05-30
f791b3e41bbd74269effdae85dd311ef,223345b23d267598be393e1b629c098a,delivered,2018-06-19 09:11:42,2018-06-19 09:36:46,2018-07-03 12:16:00,2018-07-04 22:20:48,2018-07-19,0077ba3f829303a1dce98552495c91a1,2018-06-19
62943af23e4392386dd77cdb5ed079e0,d7d084e643f5ec3bbb84f4e4639e510f,delivered,2018-02-19 15:37:47,2018-02-19 16:46:57,2018-02-21 18:03:50,2018-03-10 17:12:17,2018-03-15,20ea57418f32eea0620ab3dc113f136d,2018-02-19
9f94d18d96cdee37300256e7284d7de9,f7781053e9747cf9af8e900812a21e53,delivered,2018-03-05 18:17:36,2018-03-07 02:48:56,2018-03-07 23:07:17,2018-03-19 23:52:24,2018-03-27,9a5bfa96e1365714c07caff44afa6daf,2018-03-05
d9206b6df475ed69a1f7de7ecc2d9401,dfe36f6f91b8ee76334aa784f298e3ba,delivered,2018-03-19 10:17:09,2018-03-20 03:10:46,2018-03-21 19:03:12,2018-04-27 22:48:21,2018-04-12,4421b046f190075662bec15e9e379c60,2018-03-19
c29422d62477f7eea0a105efc492443f,bf9ddf351440169df6a18ace6f14e1ea,delivered,2018-01-15 13:55:32,2018-01-15 14:10:43,2018-01-16 18:21:40,2018-01-19 15:22:51,2018-02-05,e890ce23a2ebbbb7a853ce88c6f5f011,2018-01-15
a755e8bb9632b9db4b49aa46b30a2fee,09256eecda76e5ebd891970539e9746b,delivered,2018-07-20 18:13:40,2018-07-20 18:25:15,2018-07-23 14:07:00,2018-07-30 16:24:26,2018-08-15,5d32324bc875fc4d26923f3dd314bf63,2018-07-20
03cd43eb7c373b23a0b55c1c8f76c861,14d70a0cee529bb63fec5712914c3938,delivered,2018-06-28 10:17:16,2018-06-28 10:31:33,2018-06-29 14:45:00,2018-07-04 00:51:59,2018-07-23,7276cb915f742003b52d4ca829ae8889,2018-06-28
d32c308cae5b8c416907dc360ac819fe,174a247558b42728a22d8c5ee161c424,delivered,2018-04-30 22:10:27,2018-05-01 03:32:39,2018-05-02 13:08:00,2018-05-03 17:26:37,2018-05-17,de311696c3796c4c962f71d8991c1ecd,2018-04-30
1617449e333a6b58fd912b6a4f25330c,e383b75eb8a0fc78d4303be8123c7074,delivered,2017-03-13 18:13:52,2017-03-13 18:13:52,2017-03-14 14:24:23,2017-03-16 06:12:06,2017-04-03,09f0c50257a15db3422b5a85191865f1,2017-03-13
b89d3f466656d80cfaa4bf9698218c83,ac197c0eb5cf980ee812fe961476814a,delivered,2017-02-01 12:44:51,2017-02-03 03:41:26,2017-02-06 10:04:38,2017-02-08 09:23:59,2017-03-14,c45b94dc8921d187eaa93d1bbeca91ab,2017-02-01
efbc31f25e73773a418a59dcd5ee7fee,7f7ed2ef1ed98f6618c59d546f24459c,delivered,2017-12-14 14:21:08,2017-12-14 14:33:02,2017-12-18 14:22:48,2017-12-27 18:09:53,2018-01-18,edf9c3ab4bd551f0d17fdd288841c8b8,2017-12-14
8bf374450911ac76af4ba0a4f1233d0e,05f224f92bc94da937b108bb3c9af282,delivered,2017-10-13 11:46:19,2017-10-13 11:56:16,2017-10-18 16:28:12,2017-10-20 17:15:06,2017-10-26,4563a5506935785f8c7e94005595cb53,2017-10-13
48bf48be5229515b4e7beebaf2eb2d98,74e0a4d621d8f450a9bf033bd8e39123,delivered,2017-10-26 13:07:54,2017-10-26 13:33:44,2017-10-27 18:16:09,2017-10-28 14:07:42,2017-11-08,27076f2cd1c48142f5a78a375c3ea648,2017-10-26
1d56a69c61d4c1cfa98fd5379f4f22fe,bbd6514b6c09971bdc16eed023d04f51,delivered,2017-07-30 15:12:21,2017-07-30 15:25:09,2017-08-01 17:22:49,2017-08-04 20:25:35,2017-08-24,f2f42cdcf50f93b06b166895a3919f26,2017-07-30
bd9d255d535e79d6178400fe2aaec59a,26a122b790648718c0e63c4ba55bcf4b,delivered,2018-04-05 16:12:14,2018-04-05 16:28:49,2018-04-07 01:20:55,2018-04-07 16:30:59,2018-04-17,ca6a1fb8fca6bd2272c5d6d15788dbe3,2018-04-05
b178e047b185d2f781a3646f88ec3e52,bbdab4e146801ce1813253529c3ac698,delivered,2017-09-11 23:46:26,2017-09-12 00:44:04,2017-09-15 23:42:38,2017-09-19 22:14:56,2017-10-04,aa4551527eecfd02e170883a059ca155,2017-09-11
848bb02f182d3cd9c820281db86fc743,c76de7b6f32b0e9b8576045f3b4e0c99,delivered,2017-05-19 10:42:47,2017-05-19 10:55:26,2017-05-22 14:23:13,2017-06-06 16:10:17,2017-06-14,2a1f842cb8ae9b539a111a3755c8297b,2017-05-19
5bebe0296b65287e94b489cd279782cc,e3e47ad0e26636dadc729691ce8b5e86,delivered,2018-08-17 11:51:36,2018-08-18 11:50:59,2018-08-21 13:28:00,2018-08-22 18:21:40,2018-08-23,c53487c25585fa559f629f5293b2eccf,2018-08-17
1ffa5b452e69441a703d3c4af70e028a,b9c3bd90968c0b0f2e7fd871efa43ae4,delivered,2018-04-19 20:57:08,2018-04-19 21:10:18,2018-04-24 20:58:44,2018-04-28 12:32:51,2018-05-25,d37d224f17790c7642fda353f01a4ebc,2018-04-19
533e69dda70ac7671a0bda8bb5fc08db,b43b66d0bf62b519a78dec638270e225,delivered,2018-08-04 14:55:00,2018-08-06 08:44:39,2018-08-16 14:16:00,2018-08-24 20:15:47,2018-09-04,19fdafd703bcc16f9cc7cbdd6114c4c3,2018-08-04
4772a4a9429a2a6bb2dbb664b711eef8,92d31a8892a9b50499a907082ae5e187,delivered,2017-12-07 16:16:48,2017-12-07 16:31:50,2017-12-09 13:28:24,2017-12-15 23:49:04,2018-01-08,a0f1bf5126979de39b573a4b2f7a6e51,2017-12-07
87c1c6290f9a38a66bae906e0d230d3d,2277d479ba033b5878e10616e0cda399,delivered,2018-06-26 07:21:27,2018-06-26 07:38:03,2018-06-26 14:43:00,2018-06-28 17:28:52,2018-07-19,d1a6ef12ed64f1f92b32347978f02b36,2018-06-26
0b375c9434c495b5759da891d8b26bf4,ab8fe6f7befe06ef4536fb2ed52a4c21,delivered,2017-09-18 00:32:11,2017-09-18 00:45:10,2017-09-18 22:22:21,2017-09-19 18:37:57,2017-09-29,01ece9ffbb6a00db5549188bc410e878,2017-09-18
553fee3c21ab4328508c8e467806613e,434c715a38dc04eda3d438177d1dd98e,unavailable,2018-01-12 23:57:07,2018-01-17 08:30:45,,,2018-03-02,23c536b39a65168e3e34354b80b4ecf2,2018-01-12
f24b2cd1d57f9c6405a1840ba856f421,41e8e79dff11a420fa5f43a7fb053034,delivered,2018-05-15 13:28:49,2018-05-15 13:55:00,2018-05-17 06:56:00,2018-06-01 20:38:49,2018-06-06,91c67a811772d808280aef6376d4062b,2018-05-15
4c0bc0ca54c4656b765b25b111eca0b0,45b8c320f2670f8a7760e8c3761f2657,delivered,2018-04-24 17:31:53,2018-04-25 03:51:31,2018-04-26 07:09:00,2018-05-18 20:48:53,2018-05-25,5248fcde4c768787342e4db80bd26f79,2018-04-24
0e5f408dbf29e3e4a1cbbf07e6dc04f9,c6102d390ac140f0dc514157701a3e1c,delivered,2018-06-18 10:15:59,2018-06-18 12:02:01,2018-06-18 18:57:00,2018-07-02 14:15:08,2018-07-16,68894ba12663385ac3eff14899f54def,2018-06-18
fb63c6ffdd965418ce463c165f2f0efc,e286acbf69751918e6e445bc1e8f07fc,delivered,2017-10-22 07:28:18,2017-10-22 07:49:10,2017-10-23 17:39:13,2017-10-24 15:14:08,2017-11-07,a44636f3316d0114566918bd02ef58bd,2017-10-22
213d94bed720c45326d1fea2f7fc2b92,14b6f4189d383785662ff6bf3a9c32e3,delivered,2018-07-23 15:19:02,2018-07-23 16:20:16,2018-07-24 15:12:00,2018-07-27 20:42:28,2018-08-06,96704d3a81c304a5b323410ace7c8a64,2018-07-23
aba96743af8df174b11c6b6e8a9360a2,944eac17089e8ffd72fee9cd656c5444,delivered,2018-01-04 12:56:34,2018-01-06 02:31:43,2018-01-08 21:54:05,2018-01-23 15:34:14,2018-02-01,70dcf88bcd194342f831ca90699732cb,2018-01-04
f205c6826655efc71379acaa53d3b83b,25033515ca54549ab33a66e549c6f2de,processing,2017-09-29 00:54:27,2017-09-29 01:07:07,,,2017-11-10,fca0b744f531b9e0511639643a89bc75,2017-09-29
4b7f3bc13a8180b1cb4de82745278846,14c9e6c08c67f35306e26da826b1b4af,delivered,2017-12-23 17:36:05,2017-12-23 17:49:13,2017-12-27 13:45:09,2017-12-30 11:38:36,2018-01-31,d16ed530bfe87c099971fb1403c1a6c7,2017-12-23
4a0b592d4d6082de8155698ca49c6345,e1b1416cc9565ebdb336ddaf12fd9229,delivered,2018-07-23 16:39:54,2018-07-24 08:31:39,2018-07-24 10:21:00,2018-07-26 17:11:42,2018-07-31,d91efbd222f50e01299e30472dfb6c7f,2018-07-23
f9651b358b6d207c7bd6c83078948f27,dde778728d07441a1911d9d356e3d749,delivered,2017-03-27 22:06:53,2017-03-27 22:23:24,2017-03-28 15:13:53,2017-04-07 15:09:58,2017-04-20,241117fa664a92f865f23b4904885cd7,2017-03-27
7e3154615c510971dc93f2d63397b3db,754af71a315386565b9d6c667afb2cf6,delivered,2018-06-15 10:28:15,2018-06-18 15:57:00,2018-06-20 11:59:00,2018-06-26 18:34:52,2018-07-26,72a7972c2583fa67b91c058b947309d8,2018-06-15
4245512813e76dedfec361b0da793222,25a981e4c777512271ec9d578f8ae214,delivered,2017-06-21 14:47:50,2017-06-23 02:30:48,2017-06-23 10:43:58,2017-06-26 11:08:14,2017-07-04,829d4ff34db22dd6b5b047e8904773d1,2017-06-21
dbf30005e577a1120ad6ee6630cd8720,160454c8526f965c5fa679be50364c4d,delivered,2017-08-20 12:02:12,2017-08-20 12:15:20,2017-08-23 20:25:17,2017-08-28 14:36:42,2017-09-13,ef9dd09d99cdfc6a10281e30f85d525f,2017-08-20
c50a61769f40b372bbbd80499c805d9a,3e26a4bb735d6ca03379a86274ed9229,delivered,2018-07-05 11:49:09,2018-07-06 02:55:13,2018-07-11 14:12:00,2018-07-12 19:37:49,2018-07-19,cb054b7fb6c7254b4de29b2c4675bea3,2018-07-05
1e8d7572730e1a9c9498d628313192b4,7c4ac40944ae48e97672477c16ad3e2b,delivered,2018-04-26 15:26:06,2018-04-28 03:33:00,2018-04-30 11:19:00,2018-05-07 16:57:40,2018-06-12,e56a7f48f75331612d3423dc8e221dc5,2018-04-26
f4c8338a46de11977d4378c185a9dbaf,158a85476cfa94b54ad3811bd8e3ec57,delivered,2018-04-23 23:25:41,2018-04-24 17:30:16,2018-04-25 11:55:00,2018-05-07 11:22:32,2018-05-15,c751055d6190767f0c9d204fd2afbdcb,2018-04-23
46e0714284d1eddaea3742d19ed0adf5,7d53bd0123b89358ef64d52ac2425e28,delivered,2018-01-10 01:42:58,2018-01-10 10:31:50,2018-01-10 19:55:06,2018-01-22 19:07:15,2018-02-06,d3f850b0e346b72c5323c3fb1f13ede9,2018-01-10
ccd9c560145e965fc5c037e0cc1160b8,c4ce6be40d0061a63e09a91bdd9963f2,delivered,2018-01-17 22:39:40,2018-01-17 22:50:13,2018-01-22 22:53:09,2018-01-26 19:49:09,2018-02-08,48dbb37a35738bbe83cc63e88d6d3df7,2018-01-17
941019ce2dd2c6e0283d3dd469b1c5a0,d115aaf6fb79cd479663952ea015e1f5,delivered,2017-03-27 14:36:39,2017-03-28 14:30:15,2017-04-10 15:46:17,2017-04-27 14:07:10,2017-05-16,cb1094479eadcebfb39f971ddfd2fd97,2017-03-27
adecfaa4b38662b16aa0fcbe33d5fb1f,f104a90b742e0d6d7bcc10dd187bc2f4,delivered,2018-01-25 08:16:22,2018-01-25 08:33:50,2018-01-30 23:35:14,2018-02-15 20:08:57,2018-02-26,b7f5cb5bb14177e3a455e0f897d6674a,2018-01-25
6a839cefad7d1b9fe3cf83d0b5714fa3,ab68211f0ce4caceb4fa3a72f222deeb,delivered,2018-01-08 19:49:22,2018-01-08 20:36:26,2018-01-09 15:34:23,2018-01-17 22:48:28,2018-02-06,64a426562b996d0b809384b73e68ce35,2018-01-08
8c1538f82eb9eab8cad2da706a90df93,4b9dd5c5b1842454d365eea181e77012,delivered,2017-06-16 14:15:16,2017-06-17 03:42:22,2017-06-21 18:43:45,2017-06-26 13:21:48,2017-07-06,10f249e9347c9e7da03a93fa0169e177,2017-06-16
247c317b5fb8366262f84e1a5e99dc22,bc251d1c25a7713b2bc3ee7806616135,delivered,2018-03-13 18:04:21,2018-03-13 18:40:32,2018-03-16 20:27:30,2018-03-20 18:57:32,2018-03-29,242cec3046a78f37ed419b24e80c7f70,2018-03-13
c228d74a177133cf18cf69486c3fcd10,5ba3002b920d588cc7e1e1a796713e0b,delivered,2018-04-05 22:31:47,2018-04-05 22:49:06,2018-04-07 01:21:25,2018-04-24 15:23:02,2018-05-03,42b32904ab9e62af69cd55fe2a4d1c04,2018-04-05
1c4c5941a5469a3259096232a68c3e70,96939536022d45ecbcb1362dd130172d,delivered,2017-10-25 15:20:05,2017-10-25 15:28:38,2017-10-26 21:23:55,2017-11-01 20:15:39,2017-11-14,1793a53f1e3efdbdd7767056b81ca94d,2017-10-25
029de66f2ffa0e793ca2aad5e304a748,af36102025fd8041e660558de504dade,delivered,2018-03-04 17:04:40,2018-03-06 03:35:31,2018-03-08 21:16:26,2018-03-20 11:56:53,2018-03-27,68140a5408cb8525a45eb47f4c2b3fdd,2018-03-04
c88fd0ebff880ffd57fe7f6528f8dc6d,a404cf429e01bc5a46671c0b95484026,delivered,2017-11-03 11:43:16,2017-11-03 11:55:49,2017-11-06 22:42:06,2017-11-13 18:38:51,2017-11-30,fcae8ac17ca0c72c867a7a4c0c818305,2017-11-03
a657eafd7fea4c928535644e36a20108,da1a87cad3822ef3a0c70db2aececab3,delivered,2018-01-24 10:48:15,2018-01-24 10:59:31,2018-01-26 00:09:08,2018-02-22 21:23:01,2018-02-26,8b2a1bfc277af66fe403d60e469caf44,2018-01-24
49c0586d77735f8fdc96c83dd76ac808,c0fe20e105ef2b292a69762bcdd42308,delivered,2017-05-10 00:21:17,2017-05-10 01:25:42,2017-05-11 12:28:39,2017-05-12 16:48:00,2017-05-18,57a9298f4d37c4d86dcc49c1374be81f,2017-05-10
1c03ba88bad43efaf8139c1e966ef211,65d8aeb39bb0e6d72380d2c2d9fe48dc,delivered,2018-01-20 12:06:44,2018-01-20 12:15:14,2018-01-22 14:24:53,2018-02-09 19:58:57,2018-02-15,348447aca8058eb8086e854399d80fb0,2018-01-20
213a17bb373d57763822d78e40e7ca38,078a2f61525075c9f8bb16f202854ff7,delivered,2017-04-21 21:53:53,2017-04-22 22:01:39,2017-04-27 05:43:02,2017-05-15 14:20:00,2017-05-29,7b3a0402e9927e1d2b58a915c2f269bc,2017-04-21
d48c000420ecc626fa621ab2f206fd85,e79f0f134f65def68b2af1eb9969f58c,delivered,2017-02-15 11:43:37,2017-02-15 11:55:20,2017-02-17 13:32:14,2017-02-23 12:53:08,2017-03-14,ef96ad721e6489db93280ffb35630760,2017-02-15
67c8fda9d347535e923f93614f2b44e0,ec0c08af5c172f4e494932f5c75e4458,delivered,2017-11-25 02:11:32,2017-11-28 03:18:25,2017-11-28 19:29:05,2017-12-13 21:36:43,2017-12-15,00dfebc9135c7228dbb2239afc214bb5,2017-11-25
e1df35a4d8a73d8ad53be0f5993e6af4,f3a4644c8ed85a663dcfcea1e815e83a,delivered,2018-04-04 17:23:21,2018-04-05 02:30:25,2018-04-05 22:46:42,2018-04-19 22:33:31,2018-04-30,ac3fd22565a646030d903d8746797333,2018-04-04
d11dabeea9817f9d7233bf03790d2f25,fb1edacaed9e826ba1d26577ac427d25,delivered,2017-06-28 18:40:12,2017-06-28 18:50:21,2017-06-29 10:09:55,2017-07-19 19:44:04,2017-07-20,85d8b1efbaab54234c106b2b2cec65c0,2017-06-28
5498bf7c13194844d474e73da1ab8bb1,de90bb921bd5c53089b9972b56b9a553,delivered,2017-07-20 12:05:59,2017-07-21 02:50:15,2017-07-21 17:14:26,2017-07-26 19:23:00,2017-08-11,3005a11fceeb7ff98ab451424e581af9,2017-07-20
58598ce81b3b904e276c132cf685d0f9,c3812dedbb82a8b342df8c1625420ed5,delivered,2018-03-10 07:47:35,2018-03-12 08:35:32,2018-03-12 19:18:38,2018-03-21 22:51:26,2018-03-28,336676213fa2a7eb5c92c6e711b2352e,2018-03-10
ee8479682bda7a58ee0cae4c73643816,4e94905925e1f8fb4eb6d57e6e1bcaa0,delivered,2017-12-02 09:43:06,2017-12-05 04:12:16,2017-12-05 21:43:49,2017-12-26 14:23:20,2018-01-02,bd71fb392a61b88636268b303a9f3752,2017-12-02
53172252fda6ac3410a2d093e143d2dd,08990861309c229653bd4f67b9c3d2d5,delivered,2018-02-01 11:34:52,2018-02-01 11:50:33,2018-02-01 21:31:36,2018-02-02 22:18:39,2018-02-19,408cf687d61ea9854b5621fe6320f179,2018-02-01
49ec9dd0000c7df85f49fa626edbae3a,911d64d56ccb83c1557162f990b45a88,delivered,2018-08-20 08:21:24,2018-08-20 14:32:57,2018-08-21 15:46:00,2018-08-29 18:38:33,2018-09-11,e44a444a69616df203eca6e38402204a,2018-08-20
1b15974a0141d54e36626dca3fdc731a,be1b70680b9f9694d8c70f41fa3dc92b,delivered,2018-02-22 15:30:41,2018-02-24 03:20:27,2018-03-02 00:18:01,2018-03-05 15:22:27,2018-03-08,c402f431464c72e27330a67f7b94d4fb,2018-02-22
3ac9f29f627096a68b91ec5db427f94c,c3283d189ce91fe3a6a69c7d6aa3a5e5,delivered,2017-11-25 15:49:21,2017-11-25 15:57:25,2017-11-29 21:07:01,2017-12-04 23:18:31,2017-12-15,441f96cd207df1ec096f5e038ee22265,2017-11-25
72f2b0985c221947500b786ead233a87,0ce079ec4ad92f74a0cb8141907547f8,delivered,2018-02-12 21:54:11,2018-02-12 22:40:29,2018-02-20 11:28:32,2018-02-27 22:23:45,2018-03-06,256c321af58ca588b5af1b46e42b0fb2,2018-02-12
bcb761f4d8fa749e23ae01bebabe8b78,493f02406fba095160b473a15cf9f9b9,delivered,2018-01-11 08:25:00,2018-01-11 08:32:25,2018-01-11 18:37:50,2018-01-16 19:16:29,2018-02-05,b6024dd39424e7d30eee36ca40241ede,2018-01-11
fa1ef91c1e8b0e6058d8d16cfe230ff4,5aea25930a6a9c51f4df7dc5c90dbeea,delivered,2017-07-24 18:27:13,2017-07-24 18:35:23,2017-07-26 00:55:48,2017-08-02 20:41:46,2017-08-15,9542389b015184f85649df247c789d5c,2017-07-24
b5e0fde1c337ebf2f84dbcddde845156,e04ba865d0f1f8b3bfa981aef3f40eea,delivered,2017-08-09 14:55:32,2017-08-09 15:10:22,2017-08-11 19:21:56,2017-08-18 21:16:35,2017-08-31,042d637a881d8d51666a58d0c53cd57a,2017-08-09
bb0b676d5b0925b1ef529d78548c37b9,c62c0c73fc8902fefd4dd54b2e490662,delivered,2018-04-18 22:25:30,2018-04-18 22:35:19,2018-04-21 00:24:33,2018-05-08 19:54:57,2018-05-16,e6984649aca1901847fea798386c8fb7,2018-04-18
408df9004bd631081333aab0584bcfe4,1d4cc802687967bdde540ab57f9fbd55,delivered,2018-04-12 09:16:20,2018-04-12 09:30:11,2018-04-13 17:21:08,2018-04-17 22:58:24,2018-04-30,e2606ecb34a3a48d185b1c7d74318c5e,2018-04-12
0584a31bb6abbd3dcc27e2d464ac863d,547b138492fe9767762865f216a83e5e,canceled,2018-02-18 15:06:15,2018-02-20 07:11:01,,,2018-03-06,84b466308dc3c57f4b1099c8ea8c671b,2018-02-18
f076e6d4f9afe2b9f866bc0dc20abc6f,392e56f99219f4f378b8ef5ac613621f,delivered,2017-04-05 15:41:09,2017-04-05 15:50:24,2017-04-06 13:03:21,2017-04-11 15:37:43,2017-04-26,6ff9eaf7adb74a73dbbf04020ff5f372,2017-04-05
804f733828d8587c734a1d8fc5634e06,4270f23425b159140e10ed2fd1827a8b,delivered,2017-02-05 18:47:44,2017-02-05 19:01:52,2017-02-15 10:03:15,2017-02-21 09:58:49,2017-03-03,4bbaf6f7a10a7e26a8777aa5cb6d5864,2017-02-05
1db33e72df6ceae6380551c0b6022079,40715b0fba77c4b3b0821ed73ea46028,delivered,2017-12-12 12:15:54,2017-12-12 12:32:45,2017-12-13 19:35:29,2017-12-27 16:36:49,2018-01-05,5b8fa14616eb4c5688b1b8b2aae75884,2017-12-12
955cfc6fc88baf05abb8692e1285a9d2,9ded6ec164c309d21d79dc6f53e14610,delivered,2017-10-05 17:59:58,2017-10-06 17:56:18,2017-10-07 11:13:45,2017-10-18 19:19:04,2017-10-30,5ad276012bfba9b8ed40388b52aa554e,2017-10-05
0de63dfb56f4aeb1c82c093272dd593a,512966bc5f391e213ef515141a15f268,delivered,2017-11-24 09:55:29,2017-11-25 05:50:44,2017-11-27 16:09:11,2017-12-12 17:38:00,2017-12-20,5544cd1e119b44b98622ca089d299ba0,2017-11-24
d8bd1a832e609b5dfb2e9ff4591720b8,3ace8556f39e277f89d4e406bd9954db,delivered,2018-05-09 16:14:20,2018-05-09 18:13:39,2018-05-16 05:29:00,2018-06-05 20:38:58,2018-06-13,58fd28a41d59f318551460450b91fd21,2018-05-09
274cf015cc561f478982ccea728fc1b6,bf4672f1d0d89b6a477e91f6ee8ff166,delivered,2018-04-22 17:48:24,2018-04-24 18:34:00,2018-04-25 16:07:00,2018-05-10 20:27:04,2018-05-18,43dbac65589b2d10b93c98893c5c5831,2018-04-22
b04d1dd669ddb039cfc706d7bc859e70,7313aa485d8969d6cb3970d49e9f457e,delivered,2018-08-06 21:43:01,2018-08-06 21:55:19,2018-08-23 15:11:00,2018-08-28 11:54:52,2018-08-29,cda7cf932fbd6f028c2d9a5ff8037421,2018-08-06
434061e3b7fa3c393982a25fe1664a57,9a269094d15af95a26f31d7b7bc1637a,delivered,2017-09-27 21:08:28,2017-09-29 02:30:35,2017-10-04 19:29:58,2017-10-17 16:49:38,2017-10-24,61205a70bc04dfe2dcca28367704ca40,2017-09-27
fa200e49cb5e3ae19cde414d9d9161d4,8c249a8270e7388f730eba7a657c2318,delivered,2018-08-18 15:35:12,2018-08-18 15:50:08,2018-08-20 15:29:00,2018-08-23 16:35:34,2018-09-11,2ea4656056a3102184a098de553708ac,2018-08-18
54145c3186301069402e7e07a5e14d2d,179c51ca556550022f1563a7a6f23d44,delivered,2017-04-17 10:54:27,2017-04-19 02:45:50,2017-04-24 15:43:15,2017-05-02 17:15:59,2017-05-22,1b0bbc4f4984739f0b66cc0695ad819b,2017-04-17
4c4d0f4c8d4f702981b6ecad4dc40ca4,71fa23a1c02f3750da18c91a830abd5d,delivered,2017-12-06 02:25:40,2017-12-06 02:50:45,2017-12-07 01:13:29,2017-12-14 00:49:10,2017-12-29,df4f652af98da8b4f44231dcc4c65565,2017-12-06
6adcecbe14853c4a59e88f497152d83c,c702d44160f436c39dc122a2c9e22d2e,delivered,2018-06-21 22:59:57,2018-06-23 02:36:08,2018-06-25 08:05:00,2018-07-04 12:31:51,2018-07-20,327ff3d5520c8dfd8b296d95d6335a6e,2018-06-21
a757a56d0e861a38647169019a35ef8d,c6ff821f69a0dec55cfc2694414e45e4,delivered,2017-11-20 11:46:59,2017-11-20 12:09:22,2017-11-23 00:12:13,2017-12-13 19:12:46,2017-12-12,0bf78d8068bba4fc88a120a841e7fc1b,2017-11-20
947a5a30a6e7ca913d5404922abd8fa7,2138e4d32859702d18fcee1c6268d37c,delivered,2017-11-27 20:04:14,2017-11-27 20:19:27,2017-11-30 16:36:59,2017-12-15 14:48:07,2017-12-18,186cb38b3f0b4e012761355aacad7d64,2017-11-27
3f6bb104a95e5d4476c4f49d96951475,dc85ba03d8f3d7b2f51666a6f849641a,delivered,2018-04-21 16:29:44,2018-04-24 18:46:53,2018-04-23 22:12:55,2018-05-03 23:41:58,2018-05-10,42d492e3ae72ea364fcc3f8253ae5029,2018-04-21
f81189aaeb2e561e2e9fe0faec4bbbc3,5a77562cdeddbd42ded18121c499061e,delivered,2018-08-02 12:06:34,2018-08-02 13:05:13,2018-08-03 11:25:00,2018-08-08 13:05:17,2018-08-13,903211d38a1176c1b5e6e8590d2e9565,2018-08-02
6223139448b298754a0f5750c9f1db6a,09a7e4373b4208249ed773ac7ce87f1f,delivered,2018-04-16 15:59:45,2018-04-16 16:11:07,2018-04-21 00:31:37,2018-04-26 22:54:38,2018-05-09,1a1e56f521a1feded118e92420d3d69e,2018-04-16
2e9d8685e015feaba98d02e5544583f6,d1c1552729f4a36ad3f2e9f2103681e1,delivered,2017-08-30 13:54:04,2017-08-30 14:05:32,2017-08-31 19:33:50,2017-09-06 21:57:41,2017-09-22,06aba183cd0d3861cba60604ec558c01,2017-08-30
61c79497eea86e34bf9354c13313b7a8,f3834ac0ac0daed5adbe81da85717fdc,delivered,2018-03-15 00:40:57,2018-03-15 00:56:15,2018-03-15 23:38:23,2018-03-26 21:41:33,2018-04-06,80174aa10754e223b90b42ed61e5035f,2018-03-15
725cf8e9c24e679a8a5a32cb92c9ce1e,74be082247cd677a147d83ee670e9d53,delivered,2017-06-08 21:00:36,2017-06-08 21:15:16,2017-06-23 13:03:27,2017-07-06 09:22:00,2017-08-02,fffcf5a5ff07b0908bd4e2dbc735a684,2017-06-08
304f936dacbeaf1ba58639e6c57b4190,7e8d9b9fed93abc019690c1858753e88,delivered,2017-09-15 10:13:09,2017-09-16 10:23:30,2017-09-18 17:58:57,2017-09-19 20:34:02,2017-09-27,5703c481599cfaa34fe113a845388be6,2017-09-15
9857b5a9423566b75667ef0fb926bd5b,380836707fbc92b86912f06cb61db79a,delivered,2018-08-10 03:22:25,2018-08-14 04:30:20,2018-08-14 17:20:00,2018-08-20 20:38:51,2018-08-30,b9403fdbe9bcc8537d117bbf846bf275,2018-08-10
29377327915fc5e9d1e25a966ddc0f0f,f4eaaaa6f0cebeb7c70983d624dd648e,delivered,2017-04-28 11:58:19,2017-04-28 13:04:05,2017-05-02 15:59:28,2017-05-10 12:46:54,2017-05-24,d7932b05311e54533938a3217c92b886,2017-04-28
24ad06b906180974c449ff61e10cc618,75c7f286ce3498129e5b1cda16ec5cfe,delivered,2018-07-19 11:57:58,2018-07-19 12:05:22,2018-07-20 17:13:00,2018-07-23 18:06:27,2018-07-27,dd33e31b3963afbc9bf2b882d3fadfe3,2018-07-19
77e14af3a32e9b3c2eefbf56eac92cc6,a483d29b933f7cdd870da777f32e91b1,delivered,2017-12-14 14:04:18,2017-12-14 14:13:32,2017-12-19 23:27:10,2017-12-28 17:14:18,2018-01-10,f0b82de7a3f8634becc460c0ddacd858,2017-12-14
152d7c3d97e950fdb5bcaf5420a6e561,0c7648ae4276c0a9da0f437e07836798,delivered,2018-06-10 03:46:32,2018-06-10 10:30:58,2018-06-13 14:53:00,2018-06-19 00:22:32,2018-07-05,eb0132f1f18e9d7f803f46d90e763eae,2018-06-10
a0fe3a166733b6b4c91bca9b1cd91972,e0305458d0f5468db433ec4a032b45a9,delivered,2017-06-17 16:59:42,2017-06-17 17:10:18,2017-06-19 20:31:50,2017-06-27 15:14:32,2017-07-13,84c17f3d6c59d15962066beae310aef2,2017-06-17
fd13714714b7c5802d61b83fe992d39e,38f40fc86a056151f29436ecd9ceb412,delivered,2018-02-04 22:25:30,2018-02-04 22:35:32,2018-02-05 19:51:35,2018-02-20 23:09:26,2018-03-05,4d22b0691cbe3fbcf8c745fdfa72a5ad,2018-02-04
36d72a17237aaecbc83158d0270b622c,77da1fb2f68e50fabf4322cf29885578,delivered,2017-03-13 19:10:13,2017-03-13 19:10:13,2017-03-22 08:34:34,2017-04-05 12:18:00,2017-04-13,1244ae3cc3aad7447c1fc36cea194020,2017-03-13
8371302dbc6d728923e1cb35d318565f,d699d22b2c26086af9d5b38a601a2247,delivered,2018-06-19 09:58:50,2018-06-20 13:21:26,2018-06-21 07:12:00,2018-06-27 13:08:48,2018-07-11,bdb54503c29ef116d19e290915891cbe,2018-06-19
c5bc852c581a2a4b56aacec903138baa,5261db1ae37e32512f4e406d0db1a3ea,delivered,2017-04-10 17:49:28,2017-04-10 18:05:09,2017-04-11 17:43:59,2017-04-20 14:34:06,2017-05-09,e73001f4895ca0918ef165040cebd971,2017-04-10
33feb9bd131e2e8e85cc143ad2bddc85,0c31132b8ad88895a3412dac10738bdc,delivered,2018-03-07 20:14:10,2018-03-07 20:29:27,2018-03-08 19:04:39,2018-03-27 22:03:48,2018-03-29,08f78b3fc7f82493561ab35c1bb32351,2018-03-07
0e5c7d003ff6919e7633939b2cb151fd,ff869205a42a4de9aa4a4bc357c62507,delivered,2018-02-07 19:01:39,2018-02-07 19:10:35,2018-02-08 17:18:59,2018-02-22 18:12:19,2018-03-09,07dcce8f3b80f54daed8694290a4951d,2018-02-07
cb7e54b683ab7303fa52e2c3975801a6,de43c91b27ac6a591f999040a7ee9342,delivered,2018-08-01 20:23:30,2018-08-01 20:43:59,2018-08-03 16:29:00,2018-08-10 17:12:24,2018-09-17,79fac3e1a69bc62339cee9fc5235f233,2018-08-01
7a1b533ffb0d462fbbd28037d3540a13,a0c4d64629ab08b4c1491e9117e0d3fb,delivered,2018-07-22 23:04:15,2018-07-23 12:31:41,2018-07-24 14:30:00,2018-08-01 18:52:29,2018-08-16,438893251f6db27e5340abd586145bd8,2018-07-22
50f357099566f1be7abfaf8d9dc5b004,04356ca5b944f7a92d6b103bdb44268a,delivered,2016-10-07 17:13:42,2016-10-07 17:31:48,2016-10-21 16:34:06,2016-10-24 16:34:06,2016-11-29,2774c87659bdca5ddfc6df1a688a54e5,2016-10-07
164aa207e1b3a4ae050656051249e753,bf36e212151102fe45397327fd25c235,delivered,2017-07-04 16:04:38,2017-07-04 16:15:21,2017-07-05 17:35:48,2017-07-14 20:15:35,2017-08-02,122418b0421f2576d0cd3f22477c464b,2017-07-04
69b12121d8945a3eb37c23bfd3a9d0c9,16cfe4eeb79c435605a28eea32eb94d8,delivered,2017-10-13 11:16:27,2017-10-13 11:28:21,2017-10-19 22:51:16,2017-10-23 18:32:37,2017-10-25,a1ccdf290727f6aa5920fbe466f49240,2017-10-13
9e33d956d1112885d1ad919e54d05697,29ca898d3b92f3578a9b0d7d11bbf6d8,delivered,2018-05-06 22:09:30,2018-05-07 15:15:43,2018-05-08 13:08:00,2018-05-16 21:38:24,2018-06-05,3c1d098a6a25de6732b42edb29fd76b3,2018-05-06
1901945d048ddbc33ff8415524c892c8,2192a7f0e014eabbe36d560d31681cfc,delivered,2018-05-23 10:10:08,2018-05-23 10:36:00,2018-05-23 14:19:00,2018-05-24 15:57:46,2018-06-05,438ba54ce708a39631a99fece57a4188,2018-05-23
6d23c62a64505799abe7e3195e81aa73,68f8cb86c3336f9b795e0fec4331d999,delivered,2017-12-04 23:03:31,2017-12-05 10:30:53,2017-12-11 21:58:32,2018-01-03 12:37:34,2018-01-02,0959b91ff148087d65eea9f11da050fc,2017-12-04
75dcb90eaffb6ce748938d1b67b1ad87,a71864539ac6fb91e3fea25f0a786798,delivered,2018-08-22 15:57:59,2018-08-23 19:05:26,2018-08-24 11:18:00,2018-08-29 17:18:43,2018-09-14,d47916f9a4b7c732affff082123e8cf8,2018-08-22
d46dac528dbfb09fdfc6a62c82d18694,2f3982443d47c0cdbfb4d2a1bb6198bb,delivered,2018-07-04 12:27:07,2018-07-05 16:21:24,2018-07-05 13:27:00,2018-07-10 21:23:38,2018-07-25,9f47d1faa823b516aa62727aef6c1158,2018-07-04
e762633655ca1d869d2036864e96fb6f,b45ef5a4dd1e77011397f8a96bf60f07,delivered,2018-08-05 22:41:40,2018-08-05 22:55:17,2018-08-10 19:12:00,2018-08-13 23:26:26,2018-08-13,4626b3df7eeb8eb910ba4ad2021a13d0,2018-08-05
7b324b5737fa42a7fb6df7c3769c3c9f,576916fabbdde01d0c6f6b66980639f3,delivered,2017-08-15 19:40:11,2017-08-15 21:24:50,2017-08-17 19:07:45,2017-08-22 22:34:00,2017-09-12,e44728753775d439f900bc11d70dda23,2017-08-15
2c353c9011928609140c2fe8c3f925a5,e8e3d8d996f2b2945feab63c6c337989,delivered,2018-02-02 12:32:57,2018-02-06 05:31:46,2018-02-07 22:52:39,2018-03-07 19:32:59,2018-03-12,b1502798d0e249048594a2d3e708fcc6,2018-02-02
732c61dedcbe590b6b5d8a7609bf25b2,f4f26be1188a8977388672a08eabacbf,delivered,2018-01-08 15:23:31,2018-01-08 15:33:18,2018-01-08 23:33:03,2018-01-10 21:36:54,2018-01-31,9a6cc6130f9a98cd08456a26fd5624c5,2018-01-08
73c67371d275029330214fcd2b439fcd,69183687970f872e3ff323cc65de88f6,delivered,2018-06-23 17:11:17,2018-06-25 10:53:50,2018-06-25 15:26:00,2018-07-09 21:32:10,2018-07-27,62d8ae2b4bf78c14b18edfc2fa96eaf4,2018-06-23
837ca96a36038f5782cee52efb754480,4b5eba565e8ef05bb726f5801be526ea,delivered,2018-03-15 12:02:37,2018-03-15 12:15:43,2018-03-27 23:44:55,2018-04-17 13:26:39,2018-04-18,d6e87dfac78f0e6c83cb3e8c935f3346,2018-03-15
91a9feb6ce38def7289c5ba5a7e021fc,b579def4c83db752cba104c7fd9f5da1,delivered,2017-12-21 22:44:47,2017-12-21 22:56:26,2017-12-22 19:47:19,2018-01-09 21:03:03,2018-01-17,a74ecacd024fd7996f07f4dde56248e3,2017-12-21
ae5176160fcc23563149dd28b4137b6d,c3e330dca0531fa7992cd8aa1628f979,delivered,2017-04-05 09:55:00,2017-04-05 19:10:18,2017-04-07 10:15:25,2017-04-12 07:18:48,2017-04-24,79fe0e57517b5148b07e5d8645eb5095,2017-04-05
93ae3d70a721582a8c0a1d28d804f947,2d994a14e9afaada433bf6e7509a8272,delivered,2018-08-07 20:40:10,2018-08-07 21:04:54,2018-08-08 16:38:00,2018-08-09 23:52:32,2018-09-03,37d7a8654918a844ec0ce4b049cca9b0,2018-08-07
646a1b93987d2552d842a2f34db266fd,20a6f66a60ad60d0ad594a9a208093d3,delivered,2017-12-04 13:31:34,2017-12-04 17:14:35,2017-12-06 12:46:53,2018-01-03 17:10:27,2017-12-29,1e1972964e63d31a968d8cd61ee3e039,2017-12-04
49b2e22ab4e36837e0c47657dd8e390a,92b28bffd6f61c055ecece37f93c8e5b,delivered,2017-06-06 15:56:55,2017-06-06 16:15:34,2017-06-07 11:41:51,2017-06-19 21:37:44,2017-06-29,3b0689f9af2dfc48d4e30a8a7260d691,2017-06-06
574b6436062a78088de8066ee209f9a8,6c25937c262cef6eff02af941c5c6b1b,shipped,2018-03-16 12:01:03,2018-03-16 12:10:32,2018-03-20 16:42:09,,2018-04-12,a1ea218e9961b07d37033322d2755380,2018-03-16
525c195315397b46cc4a8b1727d1d426,c37e9e3df9ea0bec2a24a0c5940e3537,delivered,2017-12-15 08:44:39,2017-12-16 02:39:37,2017-12-20 22:04:57,2017-12-23 18:51:31,2018-01-10,22f57535fac09db6887ddaaf1d76d703,2017-12-15
b801ae96fd6e107d3bc7695d36c62f4d,296fcc2b01c2775c429d694cbdf7433c,delivered,2017-02-21 02:53:38,2017-02-21 03:05:10,2017-02-21 08:27:25,2017-02-23 11:03:56,2017-03-20,926ed421810baa116448cd1f89e08ce7,2017-02-21
8a93a08970bdbe30795050e234aee858,201e36d57411ab16157cd234082bdad8,delivered,2018-01-04 07:32:19,2018-01-04 09:03:23,2018-01-05 17:25:42,2018-01-20 15:33:33,2018-02-02,843ade4c94602962c3d0ee16ae7375fd,2018-01-04
2e1cd6330c3813613972ac6976386c33,33e6dc4dd3e936799b77a6a204dc5d9f,delivered,2017-07-06 10:23:06,2017-07-07 02:50:55,2017-07-11 13:49:34,2017-07-12 17:18:10,2017-07-24,df9bd60da4a8f8945d2b862aebd3d418,2017-07-06
1429d024a5b24651ee03fd7216d95247,700864a2937ee34dee15a39ef4df15a6,delivered,2018-05-20 21:37:34,2018-05-22 07:55:16,2018-05-22 11:56:00,2018-06-21 11:32:27,2018-06-28,6f1b644a068a6fecb7fbac8f5fcfa056,2018-05-20
000f25f4d72195062c040b12dce9a18a,86ade8ebc14f18dd6c3ea75bd0eb7534,delivered,2018-03-07 10:33:13,2018-03-07 11:10:11,2018-03-16 15:58:31,2018-03-22 16:51:52,2018-04-11,1a6cbc34ea404cb0af7ed74df0999354,2018-03-07
fb4b0b0096d14fc21dd9baf7881283bf,859f28742567ec1ff37448113ce81a6a,delivered,2018-04-15 11:21:00,2018-04-15 11:31:07,2018-04-17 12:58:39,2018-04-24 20:21:56,2018-05-16,8dd07518953388ecc0025118731d702c,2018-04-15
5834f2a1c94daee3cda85aa62af0a929,05d6dccf0ec00ec89c4462f9925903e1,delivered,2018-08-16 16:04:57,2018-08-16 16:15:32,2018-08-20 17:10:00,2018-08-22 17:32:30,2018-08-21,9b71a98cb4493166801d80c80e576ada,2018-08-16
50d8c54f968d5b38446e26e018dc89c9,2d2946312ddf1d3549995ea0d0b7801a,delivered,2017-12-20 09:15:57,2017-12-20 09:30:09,2017-12-20 17:29:16,2018-01-19 01:39:00,2018-01-31,0aa7b4580be383e6d299b583268b3ed7,2017-12-20
5178acb217f7a75ee85a3dd00eacdad7,c7696afca0e9b7090f5e295c7dff682b,delivered,2018-03-19 15:27:40,2018-03-19 15:50:03,2018-03-20 21:55:43,2018-05-22 18:16:34,2018-04-10,497c64e76a771411d4591176731cd166,2018-03-19
21acf351fd39c8a80aa62aed0b2fd28a,34d1179b8485fd694eaeaf5ba3ec0664,delivered,2017-10-11 13:27:06,2017-10-14 18:34:58,2017-10-16 21:22:35,2017-10-23 22:39:44,2017-11-01,0512ef7a58b99718b43889612e947bce,2017-10-11
97479dca48e26f93b2d370551d4603c5,913a32a0484c74b243581cd8b1821ae9,delivered,2017-09-06 17:41:59,2017-09-07 17:50:11,2017-09-12 14:56:30,2017-09-18 15:14:12,2017-10-03,bb656eab01a34ac497457c5a92f5bd07,2017-09-06
642e30dc3dee21998e3692a38e312bb3,931e89887633d3e4f088f8de9315292a,delivered,2018-05-10 16:55:31,2018-05-10 17:10:27,2018-05-11 14:28:00,2018-05-31 19:05:39,2018-06-05,8462f95e5984b754eeb6bed72822ddff,2018-05-10
fb434a316418f41addb2ed20a04d5050,fb1bc88739493ba4c50529dbb998a628,delivered,2017-11-27 20:30:30,2017-11-27 20:39:42,2017-11-29 18:09:03,2017-12-07 01:09:58,2017-12-22,9e78d7203f16e145d531b06744ebbb4b,2017-11-27
84d69a23359293cc4fe3cea41ef46c58,94dff73515858def7975ae5c2ec9e752,delivered,2018-02-28 11:19:13,2018-03-02 02:10:41,2018-03-02 19:24:27,2018-03-19 23:08:45,2018-03-26,8cdff5a3a9a6a434a81568b355873dca,2018-02-28
c6d756e17863979439aee2e5e7a74ed6,7b67bd4af8d28c39d5440115002bd1a1,delivered,2017-08-18 21:32:52,2017-08-18 21:45:16,2017-08-21 15:36:59,2017-08-31 15:08:24,2017-09-12,37493be34f11929c2c86137391dec62c,2017-08-18
d812dbfcae5778a9864fae0dfe22d9c9,74b3e5226e7940426a40067ae969bf30,shipped,2018-04-23 17:27:41,2018-04-24 18:41:35,2018-04-24 22:42:29,,2018-05-14,99f1e077e8472bd24f0bb39a70b4b59d,2018-04-23
57ec43facf6675a86b249b5c44867350,844dbd978c6fe91dcaf59a20e93de660,delivered,2018-04-30 16:01:04,2018-05-01 05:55:11,2018-05-02 13:36:00,2018-05-23 16:12:10,2018-05-24,05e8ff8236c9f7b774fbc76fa4e23763,2018-04-30
0de1fcbcf77497b2d0223441f6f59e20,76545fad2a6367925ea7877ca21d7374,delivered,2017-08-06 13:47:45,2017-08-08 03:55:30,2017-08-08 12:28:44,2017-08-18 20:24:53,2017-08-31,44bd9d64554ed9fc1e81b29699c9d02f,2017-08-06
a968bece60cce24072b4a3a5175c454c,a5d55a74f380d575e1b4c4e4ccd8b42d,delivered,2017-11-08 10:47:47,2017-11-09 05:31:34,2017-11-09 21:58:43,2017-11-23 19:57:29,2017-12-08,11dc79c80ea01db6883b586951ba6884,2017-11-08
43424eb217e25cdb0dd935ff90f8188c,c1e1e15c2553a234e00a55f9abb07a63,delivered,2017-09-19 12:12:23,2017-09-19 12:25:17,2017-09-20 17:09:03,2017-09-22 16:21:21,2017-10-05,96d3ddbed83f05a259892c6d31c82b04,2017-09-19
65357d7465edecb310d5cfd8551f87a2,a786100ee43299742402a4b3638857fc,delivered,2017-02-07 12:53:24,2017-02-08 03:15:29,2017-02-08 12:03:49,2017-02-10 09:51:35,2017-03-02,a38a65f259d718180e9239542f48e57e,2017-02-07
4c7bd0abf84a8261c6d1af7ebb5819ad,21c23f66732782a0cf2491c3188f09fb,delivered,2017-05-27 15:47:58,2017-05-27 16:02:24,2017-05-29 11:09:43,2017-06-05 16:27:38,2017-06-21,79f88dc4752616c1e6a41e3608045376,2017-05-27
9f392510db2297f0446b6bb17719333c,deba7800cadd368aa9a7fb477f78864e,delivered,2018-04-16 23:22:51,2018-04-16 23:35:11,2018-04-17 23:16:16,2018-05-09 14:12:12,2018-05-21,7fc43d0621f1c617d3242f7531a2c166,2018-04-16
9438f6c0cf20659264fb0e46832b4da1,7d1024357831521669fd088bf020652f,delivered,2017-10-30 11:29:57,2017-10-31 03:55:26,2017-11-03 19:54:59,2017-11-29 00:13:31,2017-11-23,49c6b1ee895e59043bcd5e2135f08355,2017-10-30
16816559da5727e021514080413bf96d,275929ca67961c4ea678334b15369dd8,delivered,2018-03-09 14:23:12,2018-03-09 15:00:19,2018-03-13 09:53:38,2018-04-02 22:28:24,2018-04-03,64629738b0392f2bffeab47ef5846d87,2018-03-09
f90e3dbda8d123ab2f100a1538f5a43c,563ee9398fd0dfedece958762eb57a42,delivered,2017-11-17 19:41:31,2017-11-17 20:35:37,2017-11-23 16:12:44,2017-12-07 23:21:45,2017-12-14,88e6b41cf1ad95a95cbb7d4e9d2a148b,2017-11-17
78ef246c8a753452a6464f1f66603fac,5fc71ad3dce68409800df24dcad0288a,delivered,2017-09-25 16:06:20,2017-09-27 03:05:55,2017-09-27 19:13:41,2017-10-03 13:25:38,2017-10-19,8ed3074c72a4041a0dc8bf2028892fab,2017-09-25
2c9bbc00b2b47515826f048e26f1439a,4d1efe078c3e9d9671b0ee9b8dc89d6a,delivered,2018-03-28 15:17:03,2018-03-28 15:30:20,2018-04-02 18:20:59,2018-04-16 22:14:39,2018-04-30,3bc8edc7a48812f5f551dd38db0b5466,2018-03-28
3ad9c9361030d56559e313f87dd8dbb3,3d813d6489de54fbf5575d524fd40bd9,delivered,2018-05-14 10:10:50,2018-05-14 10:34:56,2018-05-15 13:13:00,2018-05-18 13:38:57,2018-05-25,690c1b1eecc546ddeba1b850161ab96b,2018-05-14
2e1071b4baf7fcace9e44057dbc32fbd,364459e1449293f93efb99239e0494d5,delivered,2017-05-01 17:56:51,2017-05-01 18:05:38,2017-05-02 15:14:24,2017-05-11 10:23:00,2017-05-23,725cb977c43a3b241e128393cf1182c6,2017-05-01
5b944386c869819d045c1388bb686124,d9e67dbdc0e7ff5a0ccbb30c9414fbd2,delivered,2018-08-11 08:44:26,2018-08-12 08:35:10,2018-08-13 16:01:00,2018-08-14 21:24:35,2018-08-17,dbee72d5fc5c73b8d3537534c9ff3fdf,2018-08-11
abb71d0110c4be1a1a0c52f929cab4a3,9f9717a71bd8f6e5600b4faad20c20fb,delivered,2018-04-05 22:21:10,2018-04-05 22:30:25,2018-04-07 01:28:45,2018-04-11 18:10:49,2018-05-02,c38b132f1c68c14c0d3b32e66b796eba,2018-04-05
bc1b85147b5edbb7cbefcf5c1bd5ded9,6a14261933e6337fd29022acdd3a26cc,delivered,2018-07-24 11:50:06,2018-07-29 23:30:54,2018-07-24 15:16:00,2018-07-25 20:56:35,2018-08-01,da185a0802cf90b8bc8b687122a57491,2018-07-24
f810273bc84ceae52faa5a78522cd46d,6b8d7030c9c54921934afe7ec1cbe2e1,delivered,2018-02-22 17:06:07,2018-02-24 12:50:22,2018-02-27 20:21:42,2018-03-10 19:28:45,2018-03-21,5c9295cac81961886a8d3596379e0f52,2018-02-22
6b71838c4be9dce33810de87c333e365,8b1f6b37bd99fe9ccfb4a3fbffde8d44,delivered,2018-01-14 22:34:42,2018-01-15 22:30:47,2018-01-17 17:47:17,2018-01-18 21:45:59,2018-01-30,9afcd2bb0c19d4b4119e8587ee3792c3,2018-01-14
3275a8f39d7083740fdceb655f9220a2,0735127fb140700b0cb93cff41ab55c4,delivered,2018-04-28 13:19:37,2018-04-28 13:34:34,2018-04-30 11:10:00,2018-05-05 11:26:42,2018-05-24,24ecb7310e25c512535898a5ce1f9ef0,2018-04-28
27d948e8e3d9abb11648cfa05b1ce3f7,a847a0b2cb5ea86de89246ef45c5b63a,delivered,2017-10-05 15:02:28,2017-10-05 15:14:22,2017-10-06 17:37:15,2017-11-03 21:22:55,2017-10-31,6a846ea0787bc2bcc87376b4d5fa4c49,2017-10-05
ef43444651cdedfaefc1123e4acd02aa,1cd96d1a642496e8967965c311f98b1a,delivered,2018-05-28 18:09:57,2018-05-30 02:32:05,2018-06-07 12:35:00,2018-06-12 09:35:50,2018-07-11,2883b515e6b720bb0ecc64965ee0aa00,2018-05-28
fd018a548150063127f7b24e9d3eae71,11a5ff795f329ad5bed0b30756f00cbf,delivered,2018-08-10 18:41:23,2018-08-11 07:05:08,2018-08-23 19:34:00,2018-08-24 17:44:44,2018-08-28,8b522087ad864df292f9680caa303e1b,2018-08-10
8c3651ff7833e7345fd13c7132f9880c,568f8c7d0e1e623a8dae413108936afb,delivered,2017-12-01 23:22:57,2017-12-01 23:32:12,2017-12-04 15:49:00,2018-01-06 17:25:07,2018-01-04,9b3ab71077376f54d42b134cd15a55ee,2017-12-01
a4b30e4c46015671c65f51173324a3f7,719a37a84baad6dd9088e3c288533e1c,delivered,2017-08-31 21:20:34,2017-08-31 21:30:13,2017-09-01 21:33:55,2017-09-19 21:25:42,2017-09-28,c93aa0e864ba1e7bc1be1dfa5f1009d4,2017-08-31
b4e154c611973630ea64ad7f8daa133b,4d5d91c2c6c5cb1db85e1754508721ab,delivered,2018-01-30 01:39:14,2018-01-30 01:53:31,2018-01-30 18:48:45,2018-01-31 16:17:12,2018-02-21,5b058bbd895a639c7192f6289fedaf79,2018-01-30
2faa51e1d770110c3f415c9b0a957156,01f7a6194359c08da2d2c27e1b52101d,delivered,2018-04-28 16:37:31,2018-04-28 16:53:29,2018-04-30 12:42:00,2018-05-04 20:44:30,2018-05-22,244a120d690cd6525b6ada0973d9b07f,2018-04-28
20d3cca1f6e329c19da781f029eed0e8,a8ced2b91d17302bd3ee6c5d936a6c1c,delivered,2018-05-18 00:32:06,2018-05-18 03:56:24,2018-05-21 11:04:00,2018-06-01 18:11:16,2018-06-12,fb6c9db061508747a0c210851d29a4c3,2018-05-18
14433250d2268548a917e1a0bdfd19c1,4b202c77564f830955d8b8c07a5f2967,delivered,2017-09-02 16:19:42,2017-09-02 16:30:17,2017-09-06 14:07:55,2017-09-14 20:10:25,2017-09-22,6843176f4c1b1d9bb2db61e57401174c,2017-09-02
f28a15daf894f299ef995958883bcaa7,6102475657db1421e4637121b495bf3c,delivered,2018-07-06 14:00:33,2018-07-07 13:55:10,2018-07-27 14:01:00,2018-08-01 19:39:52,2018-08-08,995d5358a4f0983d30237043399f0eeb,2018-07-06
ef8c51f3610d990552701e064e71291f,5382e619221117fc8021550996a4e417,delivered,2017-11-17 15:31:37,2017-11-18 13:30:43,2017-11-20 17:33:00,2017-11-28 22:57:06,2017-12-11,b8b32554df7a612f3aefb40b44653a4d,2017-11-17
9d801d85cc51d478469f2e1b0f9a9cf8,55e464d4a5fbaa7307ecce03b03944db,delivered,2018-04-11 06:09:52,2018-04-12 08:32:36,2018-04-12 20:44:48,2018-04-24 16:03:14,2018-05-08,43bf5407f4bd2995f46a78974efaedbc,2018-04-11
2bfe52167cb0f38cfbbdca7154dc3da4,6b4407e55115a2b1ca3e6172366b9a79,delivered,2018-07-09 12:30:20,2018-07-09 12:45:14,2018-07-09 15:44:00,2018-07-12 16:03:33,2018-08-06,ed38f65405c6e220fe7d51fee8e02305,2018-07-09
a73b88538d5028e0bb2e13ced8597968,9ca407c93a739be253fc830e87f846af,delivered,2018-02-26 09:01:24,2018-02-26 09:10:37,2018-02-27 23:42:13,2018-04-10 21:04:05,2018-03-21,03122c028e98da49398ab33d1835e776,2018-02-26
4df0b86780c89ad52e85659f63466a85,ae6173b4c01a70a641f4929a88d0ab51,delivered,2017-12-09 13:30:47,2017-12-09 13:51:39,2017-12-12 22:28:40,2017-12-18 21:45:35,2017-12-28,c395b2185378298f04d849da9b7967d4,2017-12-09
cb8a63e70a7f664281f701b6abd79fe5,466fc410d15081af6868cdf2fa2322ce,delivered,2018-08-17 07:09:44,2018-08-17 07:38:59,2018-08-17 14:20:00,2018-08-23 17:12:00,2018-09-24,22c3483b1bb4c5986da4537ba5b43906,2018-08-17
0dac27d443a138000f35bd9137ecd1fc,c50d3c4249e1bd0372df487ad95d8264,delivered,2018-01-11 22:48:59,2018-01-13 04:55:05,2018-01-17 19:28:55,2018-02-01 00:04:21,2018-02-08,59577fd29271cf08939a80cda966158e,2018-01-11
d1e25e1fe0cdb8987cf35b0fbbea7211,4376e5c6b1b068c3f95f0756d5cd67e1,delivered,2017-10-25 13:04:13,2017-10-25 13:14:47,2017-10-27 21:17:38,2017-11-08 19:56:34,2017-11-17,3361407917050d6acbf59995b4527eed,2017-10-25
5fb184d57598bf4e6e126258d3cca7cb,699f68ea605d2981a8d576032e32d435,delivered,2018-02-06 21:36:50,2018-02-06 21:50:30,2018-02-09 21:20:00,2018-02-20 20:17:20,2018-03-02,2cc3d0e3008ae8f63b077a0fbf3e2963,2018-02-06
22e2920ae393b864f42f2b5444f15cc7,d59c07c280cd5843b2e93816baa05944,delivered,2018-04-30 17:07:21,2018-05-01 02:38:52,2018-05-02 16:35:00,2018-05-04 04:56:25,2018-05-11,020b824fa9ea4049aed3171900d41e86,2018-04-30
131f1fe7a8b25ef8d4edf5a639662805,740a0d100ba26c35140364abf56144d0,delivered,2017-06-07 20:24:07,2017-06-09 02:50:08,2017-06-09 09:31:08,2017-06-26 10:48:38,2017-06-30,debef2489be91639a6b7b167c6158ede,2017-06-07
83aae23d3e3e6446e3dd43b893082a71,f2d350dc2df072cdf238717b26dcd89c,delivered,2017-07-04 08:27:44,2017-07-04 08:43:47,2017-07-04 15:21:46,2017-07-06 15:33:15,2017-07-26,c1ea0719c2f6f8898917f2c21ab46c1e,2017-07-04
9c984f2c226fb999a439fcc64c73caa2,160cc5a8d976cb41c7c1d059a01c8cd8,delivered,2018-08-12 20:09:11,2018-08-12 20:44:07,2018-08-13 15:27:00,2018-08-17 21:48:30,2018-08-28,deb50cb0b385739250de8a449814bef1,2018-08-12
8ee1dd1c11ed9f30a52532553ebbae2d,5ccbd73eb243ababc827c7604b137faa,delivered,2017-10-16 12:15:52,2017-10-16 12:34:10,2017-10-17 20:17:48,2017-10-23 17:24:04,2017-11-06,45717be4d89508e2acd37fedec782c0f,2017-10-16
b2a791af09fe22457639f9c0f7bdb1cf,a17931d6a6af94fa006afbb9fc4bd757,delivered,2018-01-22 19:16:08,2018-01-22 19:36:20,2018-01-23 23:42:04,2018-02-01 00:23:19,2018-02-14,f55abbff6009f9e92f997c98d89fce31,2018-01-22
35ea60fdf15c6d4bfaf7750309268f06,080be5dc04b35ff24c71365cbeb76862,delivered,2018-01-27 02:38:53,2018-01-27 02:56:19,2018-01-30 01:41:15,2018-02-06 13:26:35,2018-02-20,8ce427730041ecb8af1cba72b6137c78,2018-01-27
e787cf3437f6f847e25838682a4696a6,58ba84298cd4d84596b18d7f92882fe7,delivered,2018-02-16 13:41:51,2018-02-16 15:15:24,2018-02-19 18:52:17,2018-02-21 20:53:59,2018-03-09,bdc31b40ee9c05845981e114ce7df83b,2018-02-16
676041b8a5301ce900ada76a777fc3fe,de824925db8e6b5b73b972779dcf5736,delivered,2018-07-25 20:54:55,2018-07-25 21:05:15,2018-07-27 11:29:00,2018-07-31 15:37:31,2018-08-10,d48fbd01ab78651cc1f2d27ba1f63eed,2018-07-25
225d7c8785527da15a95cb218ebb07d5,94fa18bf8b6c02db83202ec61b48778d,delivered,2017-04-10 21:13:20,2017-04-10 21:25:14,2017-04-11 16:26:26,2017-04-17 11:05:12,2017-05-02,cac0a24ea227fa495eacc91d9f849161,2017-04-10
aa171699ddfdc0a2db68be25bd08ea2d,6edf692fc07691c010452f3de9b6df56,delivered,2017-03-14 23:39:12,2017-03-14 23:39:12,2017-03-16 09:55:00,2017-03-22 12:42:47,2017-04-05,4cad0bc3c6183fd6e851006e4f21c96b,2017-03-14
47cfbb8818b5ab3dc290a1ee38d6f0b9,46e062b89efcb2d995e223cdf27783d5,delivered,2018-03-12 11:56:31,2018-03-12 12:40:27,2018-03-12 22:31:24,2018-04-11 00:46:37,2018-04-02,173925e441e06d167bdd698084021307,2018-03-12
ac5191d38d98b832e91b416ce1b61e3d,021633f35ba9c0e00fce2f9a31281c71,delivered,2018-07-01 20:45:14,2018-07-01 21:10:07,2018-07-04 11:36:00,2018-07-12 14:48:45,2018-08-10,8ec18e34153ffe06d30dc77f0f5e06fb,2018-07-01
864bbbc2d9b4d93e42578520d5ffcd71,4c1c84ba008ab2985b9fd2b941800c3c,delivered,2018-04-10 21:18:01,2018-04-11 09:12:19,2018-04-11 23:32:19,2018-04-14 14:56:54,2018-04-23,24254947a742be13bab1fdcc550919e0,2018-04-10
07e481567db300783aa22d7cd202f1b8,e963d9adbf9ceb6f1dab520661946e3e,delivered,2017-05-22 11:04:34,2017-05-22 11:15:20,2017-05-23 14:43:44,2017-05-29 07:00:10,2017-06-07,d099b9eeeb547b0bba4dd84e0658b2c4,2017-05-22
79727706d7b541683bd5e4f0d1554076,b95642e76771f58cb75e07e800abd9d6,delivered,2018-04-27 21:25:00,2018-04-27 21:52:34,2018-04-30 16:40:00,2018-05-09 15:06:32,2018-05-25,20c8be7c9fd913723c00e8672b4b71f3,2018-04-27
1b804e1538237ff9677bec6a2e69ed69,0ee24ea2554cdc802c5822361aa82576,delivered,2017-12-05 21:00:17,2017-12-05 21:22:27,2017-12-11 18:48:49,2017-12-26 17:35:17,2017-12-28,9ccf3437153866d03622fa64c8442d2f,2017-12-05
65afe7bafea88efc7a99cd3cf3838bed,70aecb98ec965a174733a3021c64373b,delivered,2017-12-06 09:41:25,2017-12-06 09:50:23,2017-12-07 20:28:23,2017-12-14 21:35:12,2018-01-11,c91448f47e0a9b26a001d6805b4fab0f,2017-12-06
36ac24408c8961fa716d34c9cb8aaf17,e9890eff52c96a26d5fbfec4d173aa57,delivered,2018-03-11 22:13:30,2018-03-11 22:28:03,2018-03-14 21:52:24,2018-03-28 15:48:29,2018-03-28,52b0acdf99fb83c4fb028f0e37ac99a4,2018-03-11
aafc642ce2d657010c46d929998e5bd0,ac1910c069e1fdeaffd4ce86f1245340,delivered,2018-07-21 11:47:50,2018-07-21 11:55:17,2018-07-24 13:05:00,2018-07-27 01:03:24,2018-08-09,161c3d00274655bd57033ff22f10e97e,2018-07-21
b7f2aa0212addcb6e1194bc50796de24,85e5ae9b7c9b84a5c2939086011e1f76,delivered,2018-04-11 11:43:45,2018-04-11 12:10:29,2018-04-12 19:21:50,2018-04-13 10:49:46,2018-04-24,1e8a97df3746751676f7f65e4748ae3c,2018-04-11
486189e06030d36779e10e55b6220d87,56f298c3c06de7ccbb65d45171e17d90,delivered,2017-10-17 08:37:59,2017-10-17 08:56:21,2017-10-18 18:33:02,2017-10-20 23:22:13,2017-10-27,079b59c6bbf13d2edc1d1420b37243db,2017-10-17
3f0c4716830a238b2b31f0ea8e6abeb4,85a12516acdac9ff93fa0b54dad839b0,delivered,2017-05-11 13:08:04,2017-05-11 13:22:09,2017-05-12 09:57:59,2017-05-23 15:21:21,2017-06-02,26292c7f6cab5326ad3170e414cc8f44,2017-05-11
548f7e02cb2bf6dd7bbb79cd51084ddd,c6f024fa9d453eb30eb701965ac1dac7,delivered,2017-06-25 23:15:17,2017-06-25 23:25:11,2017-06-26 14:53:59,2017-06-30 15:03:21,2017-07-14,e27b2cffa5bde0eeddfe6aba45239f85,2017-06-25
c82910354fbdc0bc475f3ee34607fd63,3c5846b47d54a0d65ba29fa2ff9e25a1,delivered,2018-07-04 10:45:14,2018-07-05 16:31:05,2018-07-11 10:40:00,2018-07-27 21:37:40,2018-08-02,007658319c060f337577e8a1834d5df5,2018-07-04
dc3f21586424183d783b18a97b5bee0c,e277534038be16ddda0793b9c079fc7e,delivered,2018-01-21 09:12:35,2018-01-22 13:45:33,2018-01-24 17:28:48,2018-02-02 22:54:15,2018-02-14,994c83b9ccf347c8e8fe4fe1a66726c0,2018-01-21
ae6d0f3cc69623d6826ea64fa05a0158,807273345adca6ba9c3ddf306db4a6f0,delivered,2018-08-07 12:07:02,2018-08-07 12:24:50,2018-08-08 15:47:00,2018-08-21 15:03:37,2018-09-10,f5f3d8ad3ed4a3e5d25133c2695e65b8,2018-08-07
2043f9d91a5fa13a0b5aec806b6a4c27,4e6cbbded5283922cf0ae536c8785239,delivered,2018-03-19 19:42:23,2018-03-19 19:55:40,2018-03-20 22:08:56,2018-04-04 20:45:54,2018-04-13,a406fa3eaa04115a211590f461e19fb8,2018-03-19
caad12af34fbebf34b56c9a05210f5e8,4acc0bd454598ed8783dff058d355a1b,delivered,2018-02-01 09:49:16,2018-02-01 10:11:09,2018-02-07 00:10:56,2018-02-07 22:32:36,2018-02-22,6e7ccda13ea197e4c689ac8a6ab43f91,2018-02-01
6a9dd97887fbcc5e5bb1e10c9b019acb,5d3507a78913086108780c26aa502cc9,delivered,2018-06-11 13:15:42,2018-06-11 13:38:50,2018-06-11 14:25:00,2018-06-18 16:24:32,2018-07-05,fd78bd771ac15e7d3f175d0b7b14647a,2018-06-11
51f0c74a5a4bb9d033837707f629b9b9,6cb1befe6e1531894ac1f6f39f2695ca,delivered,2018-06-20 12:42:43,2018-06-20 13:21:10,2018-06-22 09:21:00,2018-06-25 15:12:12,2018-07-05,427e6278802b63b20f34be0d8fb18c51,2018-06-20
793353e9c611a9aab6769fecbc7c65fd,f1000cd85936267cdb2aafa66f4f798e,delivered,2018-03-07 12:24:36,2018-03-07 12:35:43,2018-03-10 01:03:49,2018-03-13 23:14:48,2018-03-19,f92f0eb9fde455baa90a17ec1f6df73b,2018-03-07
3c7aeb3b47d45fd1c705fcde36ad4aeb,1cf6fb70aa02759385f6fef187bdf21c,delivered,2017-04-24 23:18:23,2017-04-24 23:35:06,2017-04-27 14:53:54,2017-05-08 10:04:18,2017-05-11,d15f5852d765ec80c038290156ca7afd,2017-04-24
437f5369f126238624d421f44b3eb1db,9da31b8e8f438421c5a3f43b0b7a7e3f,delivered,2017-06-19 14:31:01,2017-06-20 06:36:13,2017-06-22 14:09:51,2017-06-26 13:52:08,2017-07-19,9410c05c403cf6b73c071fa50c8ae641,2017-06-19
a87d8e4358ec8697c2eb5dbcc42f8330,7fb60bfe0fc82857d599d184dcbb92e5,delivered,2018-08-01 18:27:35,2018-08-06 23:31:34,2018-08-02 11:54:00,2018-08-07 17:41:32,2018-08-16,10c3646245aa186ff64a30496d52b506,2018-08-01
783f0149c8c49e2539f7a09dc2237b5b,a43f1d2370a5a5f59437fb8a30b0cc81,delivered,2017-03-22 15:35:53,2017-03-22 15:35:53,2017-03-23 05:43:38,2017-04-03 15:03:24,2017-04-24,e425aa04ce44852f16a8de68921998d0,2017-03-22
f57b4fe233109844dc3289389c590931,4e029eafee6a6d9f742887ab3ee01f7a,delivered,2018-04-12 10:21:08,2018-04-12 10:35:18,2018-04-19 14:07:48,2018-04-20 22:52:12,2018-04-24,a173abeb2f9c40fc7bf6296437cfe15a,2018-04-12
b8d5fe8c7958a04cf0e4977be468e370,94ab314d7057c05608e4c809844204d8,delivered,2018-07-05 09:00:13,2018-07-05 16:17:01,2018-07-05 14:19:00,2018-07-06 17:48:37,2018-07-18,3d3d578fc3bedc8704f891612d25e97b,2018-07-05
7001c5d40dac04eddedef23c5d003e44,2182d65020bc195497d58fc189aff303,delivered,2018-05-22 11:57:08,2018-05-23 02:38:41,2018-05-24 16:17:00,2018-06-04 21:58:29,2018-06-06,53da718da35e7a7e14ab628c0c240c41,2018-05-22
19c54d85fa291d4193fe838cbde71403,14eeea169995dfbeb15c6aa67faf49eb,delivered,2018-02-26 20:19:48,2018-02-26 20:28:49,2018-02-28 10:38:47,2018-04-10 20:38:44,2018-03-19,5616f75d22507069b5383854a1d8c414,2018-02-26
c3c43f981d3e0062be20a74626d52469,161adf57eacecee9b4bcdad3886f8225,delivered,2018-01-07 15:04:53,2018-01-07 15:12:28,2018-01-08 21:29:30,2018-01-13 10:53:12,2018-01-31,9d447154908fb9e0b600e73a805dc97f,2018-01-07
cb303a906d3da8596487dc9de116fae8,327927b2dace55da79e24be043558518,delivered,2017-12-08 23:55:40,2017-12-09 00:11:43,2017-12-12 20:13:27,2017-12-27 03:48:46,2018-01-16,d06aa76a7ab34eec540a0a775cc19e53,2017-12-08
e54db55a39ec332bc36c1176f6eb4773,7a1456f70a0751c02f6d7e0f3028d96e,delivered,2018-01-29 12:52:36,2018-01-30 05:31:30,2018-02-02 23:48:46,2018-02-28 00:15:21,2018-02-22,dfa6666a1f4e7e4b1d918f49e32a6abc,2018-01-29
03552fc24c87d99787c9e2e961bddc9b,d0ea9e4c581e61a68de4994445f4e5ca,delivered,2017-08-15 08:45:42,2017-08-15 09:03:52,2017-08-15 15:34:01,2017-08-17 21:37:31,2017-09-06,918c948e993a24f0603a3c2488201931,2017-08-15
1877896ffdee42ba8ea0d397fb9ece25,5a5dca50415c38eae3e61118d6b55491,delivered,2018-04-07 00:42:45,2018-04-10 03:55:10,2018-04-10 17:23:27,2018-04-16 15:48:28,2018-05-11,19bedfc18c92d4e7eb6ba318a6c2033c,2018-04-07
776ea29061e4670020bc84470311cc4d,bd1cd40d508c2fa2726df9ee675d2a06,delivered,2017-12-21 21:18:08,2017-12-21 21:31:09,2017-12-22 22:22:34,2018-01-13 18:37:38,2018-01-22,b1eb9b9cde96112c1ffcda32b7bb9b2d,2017-12-21
5f06c417723455e7b8476bfe7c312bd5,bd871bc59dc50e6113fa3ae0653bfa67,delivered,2018-01-19 09:39:30,2018-01-19 09:53:21,2018-01-19 18:52:44,2018-01-24 16:57:28,2018-02-14,da994e8a54387cefc714c2331ee51a4a,2018-01-19
1376095cf526ffe25c7f4783254ec3c4,acf9d0c3415836e92b81bce2ecbe20af,delivered,2017-10-06 16:09:12,2017-10-06 16:26:25,2017-10-11 15:34:47,2017-10-16 20:52:16,2017-10-30,7332491660661b2cc3f09404d2d06907,2017-10-06
4f83719808124739d1936b272a2a3750,f9b4364d72fa2633b5eaaf6626e19cd9,delivered,2018-05-02 14:40:20,2018-05-02 15:21:52,2018-05-03 11:36:00,2018-05-07 18:46:00,2018-05-28,1998449253c1f197265245e933ea21a7,2018-05-02
7059c2afa0f74d0d09b1a8bd04ed2f7f,a73df1399fcfdd1ec926551d0be93d00,delivered,2017-06-14 11:45:55,2017-06-14 11:55:22,2017-06-26 13:29:36,2017-07-06 17:33:06,2017-07-17,2bbd31725c1ec8632ab0e1f21568c343,2017-06-14
f40ef9a47f9670b54b9e350f354795a2,7f34b9bf56cacd4cb15a9c221c7d31da,delivered,2018-04-21 14:57:23,2018-04-24 18:51:22,2018-04-23 19:14:20,2018-04-30 23:04:27,2018-05-11,75fe3566fc68605bd961efb66c628efb,2018-04-21
0560378d48b9de8b969d8f5601e3767e,c4f1859b6bcb6595557c1f4ffcfbab30,delivered,2017-09-21 08:32:12,2017-09-21 08:44:30,2017-09-22 00:03:20,2017-09-29 20:29:50,2017-10-13,9d4335cb37d62a52c2a0af6865c40183,2017-09-21
1aa6cb753e28c675560a88d1f9c80e86,c7ba975e53d533bc7596775b69c4db88,delivered,2017-09-03 23:03:34,2017-09-03 23:15:15,2017-09-04 19:18:46,2017-09-11 17:15:13,2017-09-21,c040358f5a8ecd4cb2e8daed542c8742,2017-09-03
0e3101d26015f1df99a269aeb3fbb02a,dc9c296548c6cb9a05e941ca6dafc722,delivered,2018-02-07 13:12:07,2018-02-07 13:30:28,2018-02-09 22:43:09,2018-03-23 12:14:41,2018-03-13,591e2da9ee4f920694c55a5465975774,2018-02-07
9f9df59d8852ad5630e576aa48249c26,a24c81f5fecf3ffa0229b20a87ff1166,delivered,2017-07-14 21:24:26,2017-07-14 21:35:10,2017-07-17 18:49:56,2017-07-21 19:33:35,2017-08-07,69bd478104998670e8c4881bd3bc2cc1,2017-07-14
bea9b92d7a14b236b96eb9fc71c28e02,30d7198ae94852e95a5afef8039145e4,delivered,2018-04-25 22:01:26,2018-04-25 22:15:18,2018-04-26 13:53:00,2018-04-30 15:12:45,2018-05-18,b76bbd64aba8aa230a759f7de37bed5c,2018-04-25
39ce67c7db740ee02e0c17fc02b0292d,32598a93be7614cfdbe84634aae6e4a8,delivered,2017-06-29 19:21:05,2017-07-01 04:50:17,2017-07-03 15:37:50,2017-07-07 17:15:50,2017-07-27,24433952cd744df9e64ee3ed8fc4e10d,2017-06-29
1f8bd4405ad54632f3ba92b6bd9e5661,98e143dce6b7d3170059e38c6d9d7961,delivered,2017-12-18 09:20:46,2017-12-18 10:18:22,2017-12-18 20:13:40,2017-12-22 17:47:04,2018-01-12,856722a47ad09f5441a308513146db19,2017-12-18
3c0d5df689836dade4fd8ec4629ab387,733a700aca066a97b53dac80071c007c,delivered,2018-01-09 19:35:04,2018-01-11 02:48:28,2018-01-16 17:53:29,2018-01-20 12:11:31,2018-01-26,b705f80fdc4a48e4f71c23db074bde56,2018-01-09
c87aeaf4ab89100adcaee5b3123408fe,e234a6c8da98ead2209ef309a41a7820,delivered,2017-10-18 11:18:36,2017-10-18 11:35:26,2017-10-18 17:03:01,2017-10-24 22:21:39,2017-11-06,392f4a7211748ee2cd1052c90e41610d,2017-10-18
f80060bf53cc4e98a9eb5d2dba263381,a6a8efca07371b6613ae36b5abe39e88,delivered,2018-01-04 12:52:13,2018-01-04 13:09:20,2018-01-05 16:12:25,2018-01-09 15:22:53,2018-02-01,913ddeee4c2d903a3525ada5e273861d,2018-01-04
a78164444ccfb34deace5aeee405f3a3,c4d87c0bf30269d2d7b6f5ab886b1fee,delivered,2018-08-13 21:55:54,2018-08-13 22:10:12,2018-08-27 19:03:00,2018-08-29 00:28:31,2018-08-28,279740b9cbe823097710ee57b94735f8,2018-08-13
1d93a1f67fad3e9c8db7cf8ba268c790,c4d041eb7396b376269facd39d1045b8,delivered,2017-12-09 23:58:26,2017-12-10 00:10:19,2017-12-11 21:07:02,2018-01-02 17:47:20,2018-01-09,ee50fb34748fd3029ddfe75350d9f6e2,2017-12-09
53fd3dd3b669e8e5e6bbf3d9e0403643,752c20c019899b96b3740dcf1e43ba3d,delivered,2018-01-18 17:15:08,2018-01-20 09:08:37,2018-01-25 23:58:28,2018-02-05 16:04:40,2018-02-15,56ad93070fca7acd5e5acda9413d079c,2018-01-18
8818ff7a81f4751daa9dcd455f1c9379,99b0c582915e28a4321e5ffedd15be6b,delivered,2018-03-12 15:35:55,2018-03-12 16:20:23,2018-03-14 01:08:21,2018-03-15 19:41:31,2018-03-26,160469fb680166043e1b6cf7191f304b,2018-03-12
024d56279184e5cb942d9abf28fc14e6,4cb9602acb31a0dbf81de01a43d2d4db,delivered,2017-05-21 17:56:38,2017-05-21 18:05:16,2017-05-22 15:53:44,2017-05-23 11:14:36,2017-06-02,036c6fe22420081a961aa797cfa2b80a,2017-05-21
4940ddf2b7091647a772152ed1de4a2b,c24638e1ff5efad8e21f689d7a1f0c6d,delivered,2018-08-11 18:52:49,2018-08-11 19:05:17,2018-08-13 09:03:00,2018-08-21 23:26:27,2018-08-31,023f426e28a212b8328b41649a2b1a05,2018-08-11
fbaee591810d3fe0adba011d245616e2,3101541ce748b5b519502b237d72b5d5,delivered,2018-04-23 16:01:06,2018-04-24 17:24:00,2018-04-25 12:24:00,2018-05-07 22:26:39,2018-05-21,7012fea1469196cc73d876d7b85c82ea,2018-04-23
adde6f841dc05dfe3899ed053001e5bc,1f27d4af7d5199e0bd0879d06f7d2b4d,delivered,2017-05-14 17:02:54,2017-05-14 17:15:20,2017-05-15 11:36:18,2017-05-23 10:42:20,2017-06-02,c9743f4a2d858ea109180f1cfa5b29dc,2017-05-14
c5ef3528eb12fb5bef1ecfcd6f72843c,ae6a7336a0d9c66679da191b5bd246a6,delivered,2018-02-17 01:25:38,2018-02-17 02:07:42,2018-02-23 00:39:02,2018-03-07 22:36:45,2018-03-15,0450c1aa91d99d308ed769ce3abe53d2,2018-02-17
bd2e19f9042680bd81bd82e31fbf09cc,58416cd113079ae4530f39a139700859,delivered,2018-05-02 17:24:08,2018-05-02 18:18:34,2018-05-15 07:43:00,2018-05-23 15:50:44,2018-06-07,1be018116bfb61b172411dd4f9aa7c85,2018-05-02
6afe56a58c8b67e87e2abd3e88c4f41d,767e4ba055522e74663c7e2de6630844,delivered,2018-01-27 10:55:50,2018-01-27 11:16:00,2018-01-30 23:37:00,2018-02-01 22:18:47,2018-02-21,16f2c763fb39cef72b929170a8ba7527,2018-01-27
a75fdbe33591254e4e2affc92886061f,b8238ce07cc469b6ce181da12100fd60,delivered,2018-06-24 19:31:43,2018-06-24 19:59:56,2018-06-25 13:34:00,2018-06-28 14:36:52,2018-07-17,40a277232810967ded1a5a55d2a50cf4,2018-06-24
b36db5f5ccb37354e4ea2e637d9058c7,4e450c718101f7b28c357a474c2951c5,delivered,2018-04-29 18:18:40,2018-05-01 05:54:56,2018-05-02 07:12:00,2018-05-04 16:24:32,2018-05-18,7d1a491417027c5665472f2beae0b01e,2018-04-29
e5d6133b023d919f6aa7a4b3e33eca78,76f89d897d86a1c0535a302793bd16c6,delivered,2018-06-10 22:57:36,2018-06-10 23:10:57,2018-06-11 15:16:00,2018-06-12 20:49:51,2018-06-20,30255bf74ce8634a06c8922ff0fa01cc,2018-06-10
743419ee64432e471c306434e29245b6,3c6d4ce91828717abdbb165d5d80e040,delivered,2017-05-12 10:05:16,2017-05-16 03:35:27,2017-05-16 11:49:46,2017-06-05 17:07:29,2017-05-30,5a10d07d2c023fde54f9e6af40321d0a,2017-05-12
ba9ec6bfbbe8454a533f194e8cd420f8,f3201a8a4ea32786b7b5948da7e7a50b,delivered,2018-03-28 16:09:21,2018-03-28 16:27:50,2018-03-29 23:54:35,2018-04-04 17:51:04,2018-04-17,935b9c5a3162185f88dac06d8d08d623,2018-03-28
0629053d0e1e598c7a5048031e19e31b,5fbc3ff103d135045b4bd2e77ddac6a0,delivered,2018-06-25 21:39:42,2018-06-25 21:53:29,2018-06-27 08:20:00,2018-06-29 19:34:48,2018-08-02,0e3bad0595df771dc20ffbb02c0c3bbb,2018-06-25
dd5ebf00c3d8b88a41ec9c8450ec59db,d5d929d5e3d3f1388463578a8516104f,delivered,2017-04-12 14:47:15,2017-04-12 14:55:20,2017-04-13 11:54:30,2017-04-18 12:27:13,2017-05-04,ec5ab7b5e9e6202c5aef7fe99b94ccee,2017-04-12
d8e06a0d47d09dae630bf252bbf904b9,980ce384cf75d4d521939629585ff283,delivered,2017-10-24 13:18:46,2017-10-26 02:56:25,2017-10-27 15:07:56,2017-11-01 19:49:49,2017-11-06,1487f8c57890183ff94a0c3905ac7edb,2017-10-24
27d100303d20caf196f550e504ba6240,c9785a6ba20cc13ed3c0ac679ced9067,delivered,2017-03-18 00:23:02,2017-03-18 00:23:02,2017-03-20 15:36:45,2017-03-23 18:00:41,2017-04-10,726c8f1821bccdbb500536a36b6804bc,2017-03-18
5d636e00c8235b39e3149dd8ddc949b8,c1b3478907a0889328e147a2a3d7ccfd,delivered,2017-08-08 20:01:23,2017-08-10 03:24:17,2017-08-11 17:23:15,2017-08-18 18:43:41,2017-09-01,f2ff32c758b416748ba01b03119594d7,2017-08-08
684eb867dfdc67690e5160c9e1bca789,3614b14d84a7dff8478e262ed746837b,delivered,2018-04-30 01:08:25,2018-04-30 01:34:37,2018-05-03 11:09:00,2018-05-16 16:22:31,2018-05-28,591f835a0f1e740b3d75ad7b0ffdffaa,2018-04-30
a93735055445ed9a73d81caa09196c28,f4c8e771644395dea2f5dd68c227794f,delivered,2017-10-08 21:38:35,2017-10-08 21:49:24,2017-10-10 17:09:13,2017-10-16 18:27:38,2017-11-06,ce11d0ea91a27ab2f2e4757f690a5e30,2017-10-08
9bfd250b031431f5c2da711411912271,7122955e585bdb0e1f57eb54b220f783,delivered,2017-05-08 13:26:57,2017-05-08 13:35:20,2017-05-09 12:44:36,2017-05-17 14:14:34,2017-06-02,b39149be6a2259e7a11996ade9614928,2017-05-08
6acc8234fbe95cdf6e5e160bc5a23ad0,a3d0f1e0bd25da3fb9e002c697d1f86b,delivered,2018-06-05 19:43:40,2018-06-07 03:12:24,2018-06-07 10:19:00,2018-06-12 17:58:42,2018-07-12,6ca0aea69fb3cdae75e045e6e0e39b07,2018-06-05
760aa40d309654d447f272293804ff2d,ed40e92a9f7a1e3c77774cf6f813f3c1,delivered,2017-07-08 12:44:47,2017-07-10 15:03:25,2017-07-11 18:44:04,2017-07-14 17:35:48,2017-08-01,707257a882dd061dac7a3b6750bd9bc2,2017-07-08
27a14f1949c308b236684c6b7732eb03,233f73a4bc9db336b82cb23cf5ff2701,delivered,2018-02-27 18:11:02,2018-02-28 13:15:38,2018-03-06 18:43:31,2018-03-07 20:46:57,2018-03-13,03d32fb1ecfa4d9f7bbb6918614662ae,2018-02-27
3e64ee45a339ce09c4e27564b45ba09e,530220145a68ef57f0cc54faf1061f8c,delivered,2017-08-07 20:11:56,2017-08-09 02:50:33,2017-08-09 19:46:00,2017-08-15 17:42:30,2017-08-25,7b24d0e6584ac5a21ec1256d96965500,2017-08-07
61790fe4ff4404bb97422d5a31978cb9,0fdf65539a0e44008d8e10271d7d2776,delivered,2017-07-20 18:10:20,2017-07-20 18:25:18,2017-07-21 20:09:37,2017-08-01 18:32:04,2017-08-25,3097c7718bd45601b140e7336e79dfc3,2017-07-20
855729ceef5841ce6e1c564027caf14d,6e44eda9d6ef9a3b9252f5848a9da93f,delivered,2017-02-04 17:54:03,2017-02-04 18:05:10,2017-02-06 12:03:51,2017-02-13 12:17:31,2017-03-03,e767f34a12740d2fc014485f4dfe2d5b,2017-02-04
5f9d451c16dd5f947f00e134f0ba3c9a,8a3da20a6b870824cb0ee7be8d43732f,delivered,2017-11-15 16:48:17,2017-11-17 03:46:20,2017-11-22 19:58:47,2017-12-01 01:40:05,2017-12-06,4849ff70879b0e1e161d2aa628d62a69,2017-11-15
32be14d87b5440681042a2135db3e6b5,5630d1e56c15300cc61665fc9b5d8239,delivered,2018-07-04 22:33:13,2018-07-05 16:35:10,2018-07-06 08:16:00,2018-07-10 13:12:08,2018-07-25,cd7cfb30414777d6586f1ccb79cc1cb5,2018-07-04
17191bb9601eff541e70874ec9c19655,121782b357dc1d54f5fef99674334eeb,delivered,2017-08-10 14:31:04,2017-08-10 14:45:18,2017-08-11 17:04:19,2017-08-25 18:37:42,2017-09-18,a4f7cf143e0ae50d1bd7ca02dd4e0f07,2017-08-10
9c3d371454ceddff5d8fa8aa86ac7c1e,e8d796c25778bdcfe7e82a408b7d50da,delivered,2017-04-19 17:50:59,2017-04-19 18:05:17,2017-04-22 13:07:48,2017-05-18 13:55:40,2017-05-09,9328041b31be172969af6b4ad2289bd7,2017-04-19
a2d01a5078b6db733e95d6ab9ed4b25f,cbb23af73864a7c5000aa9db101fae1b,delivered,2018-02-07 18:16:21,2018-02-07 18:30:51,2018-02-08 16:28:26,2018-03-01 14:44:57,2018-03-05,5209bdc8c6044d2b8d0caf144bbf6e36,2018-02-07
a40e629418969dbfd34d88f4c8f94921,a65d03fd558a48255ecc19c22141edaa,delivered,2018-04-09 09:59:54,2018-04-09 10:15:24,2018-04-09 22:06:41,2018-04-12 16:03:57,2018-04-25,77418cb266aa9c801ef4d1cd776aaf3b,2018-04-09
1eae54a6465971a0a8814ed25dbafec8,e4f80cc8752fcbde6a3daf9d4d8cb36c,delivered,2017-10-09 20:20:21,2017-10-09 20:35:35,2017-10-10 19:33:28,2017-10-19 22:41:30,2017-10-31,865b66667203742ab8a29063feb8d5f0,2017-10-09
cfbf015b7e4efd77c1a2ee7e337aea60,edcf7a40177860129f595fbc4d202a91,unavailable,2017-11-07 17:12:46,2017-11-08 03:46:22,,,2017-11-30,e677e3ecf81af42f9bb403785fff0904,2017-11-07
f5c1445b3732010dc5ad14eff121f7d0,c1b2a792a8f36955b3dcb27c2485aabb,delivered,2017-11-27 11:26:40,2017-11-28 03:32:13,2017-11-28 16:57:10,2017-12-04 22:58:47,2018-01-10,bd66fae87c09684e3e5ec411b4248e15,2017-11-27
7bc2a035233bdec3f84bef1cc364a2bb,32c69739e4e9928b4b7b4f96746cbfc5,delivered,2017-07-27 15:10:24,2017-07-27 15:25:16,2017-08-03 17:35:23,2017-08-12 12:39:56,2017-08-18,6f3992cc201ca0e6817f5294f83e2b1f,2017-07-27
e4fbee33c090a0bb7899c33f71539524,31ba9ac0e4754bbcd068424aabfc99e3,delivered,2017-06-10 21:50:44,2017-06-10 22:05:12,2017-06-12 17:57:52,2017-06-19 21:13:38,2017-07-10,606441378b517f9eeb89f9154a1c4d4f,2017-06-10
1594af7e73f90ad0bc2e6d7549ac2da5,82b4582ca53e348c274cb881878ab776,delivered,2018-03-16 18:29:26,2018-03-16 18:48:16,2018-03-20 19:42:51,2018-04-10 19:48:27,2018-04-18,791e77b5b1bdffc0b890d808ae00a4a9,2018-03-16
20ae826906b71180a5dff1439bb5a100,d361e6336bba45c1977d8dc72783b309,delivered,2017-10-10 18:55:38,2017-10-11 03:28:23,2017-10-11 14:50:38,2017-10-18 21:12:17,2017-11-08,fc946373c253d52e9877ebc89412b780,2017-10-10
5b9f98f4f7f84913dfb746a86bb11ab1,95879700e06973f767b965aa8972150b,delivered,2018-02-18 07:45:02,2018-02-18 07:55:21,2018-02-21 18:48:48,2018-04-03 22:47:23,2018-03-15,1103df283219a1a6913827a76fdb2640,2018-02-18
20316f53ea8065f870f90eb423b39b1a,f6d3809fa11cfb64661d3e2a5ae87dea,delivered,2017-09-13 16:12:04,2017-09-13 16:25:08,2017-09-14 16:32:14,2017-10-06 19:14:59,2017-10-06,5e8f38a9a1c023f3db718edcf926a2db,2017-09-13
836cf5adc20e4279f9f34c4dd09c5668,a30879d9154b6fbdfdab1a98ca98f83d,delivered,2018-05-04 19:50:51,2018-05-08 03:52:29,2018-05-08 19:02:00,2018-05-14 21:56:28,2018-05-18,24f140d9d628631e8a46d32e4a4d32b6,2018-05-04
baa356809d65f9a3e5eef9a8a51c1f22,a9d4d5f1e35e1255228f972bf67c9a4d,delivered,2017-06-14 17:57:21,2017-06-15 06:43:01,2017-06-22 10:39:51,2017-06-28 14:07:22,2017-07-21,cea30ba8e28354a1ef8ecff28f8c7b62,2017-06-14
2362f0e9afcae197310501d93b070bb6,faa44d6a18c50d95adfcb8b7fcf075fd,delivered,2018-05-13 21:50:15,2018-05-13 22:13:28,2018-05-21 14:11:00,2018-06-05 14:28:54,2018-06-05,bb6ba09d3fc6d4cbb5158e9ea7d26afe,2018-05-13
45f609157f70cc8017bc5c1d617ef629,18253aef19953455f24a7c0bc8de23bd,delivered,2018-05-04 23:32:23,2018-05-04 23:50:23,2018-05-08 10:01:00,2018-05-09 19:08:39,2018-06-11,7ef06edd98e4168460adaaba6e044a9a,2018-05-04
2d4d53a3344eb5deee068827c495bf51,82c8c10b98b1236e5bc65464c27799c1,delivered,2018-01-29 11:31:57,2018-01-31 13:31:30,2018-02-01 21:46:09,2018-02-05 21:48:25,2018-03-02,7508f12d568b5b5a6b17e8d092884581,2018-01-29
637b63dcab3f45274f131fbfa8662113,47b51ee75950e1377d90630dd2ffc6a8,delivered,2018-03-15 18:24:17,2018-03-17 02:45:35,2018-03-21 16:42:29,2018-03-27 17:17:44,2018-04-03,ec4ca3099e978fbda9ec764c996ee518,2018-03-15
3c8c8b2ae428da4a2bd9c4547354630c,bf0a12f5106399cf7fab2db73daab9a0,delivered,2018-07-04 17:42:33,2018-07-05 16:33:14,2018-07-05 10:43:00,2018-07-12 16:38:55,2018-08-01,d7e396b2171d079d3205cbf2976c2bd2,2018-07-04
5d3f17189564c02461ad6f05854bb5a3,c7e4c8fdfd7d2ceac800a0b4ce43887e,delivered,2017-08-01 17:53:32,2017-08-01 18:05:18,2017-08-02 17:47:22,2017-08-08 19:25:04,2017-08-21,6dea48ff93c2b34417e6fe6da8e06fc5,2017-08-01
6a90c84c2efab9939e578dee122b521c,b9699b7bf33f35c934fd99c1c25bb2e9,delivered,2018-07-29 11:00:39,2018-07-29 11:15:16,2018-07-30 12:06:00,2018-07-31 15:51:06,2018-08-02,2b5f40a486d41028b4c3a859941dbe66,2018-07-29
b40a0752445a5228f3063cc30201bb11,15b359e85cd990ffbc6e10ef35ded3fb,delivered,2018-01-17 18:11:31,2018-01-17 18:19:22,2018-01-19 19:46:49,2018-01-26 19:55:44,2018-02-09,2970ca7132685a4ea52bb8eff3a16c25,2018-01-17
8304f049f874798b19276d475a0b1851,5044e8b37438c40fd1ec142dfb1d6807,delivered,2017-12-08 23:44:20,2017-12-08 23:54:39,2017-12-12 13:33:30,2017-12-26 15:14:42,2018-01-04,9140d8cf5d92b74fd35c00e69a94146f,2017-12-08
560f8dd770a2b2c009a4fc935c507014,8ba0374666bfb38c409875762a5af81e,shipped,2017-12-16 18:51:09,2017-12-16 19:10:22,2017-12-19 20:28:56,,2018-01-12,ccc3e3aa5b39011a6b206229fb9b4383,2017-12-16
1bab231e166587a2e6834a89ab97b32d,d72b1a778aaf7acc1aa5284566ab3d5c,delivered,2018-06-04 10:45:08,2018-06-05 14:32:20,2018-06-05 12:54:00,2018-06-11 16:43:46,2018-07-11,a2e225da75ee00740db08d4f220249f8,2018-06-04
e68888548de4c863a78ae2de41ec0215,146e4280cf2ae3158d04fd3ad83a8b8d,delivered,2018-01-03 19:06:33,2018-01-04 16:37:23,2018-01-09 17:57:30,2018-01-26 22:43:00,2018-02-05,709c55160e3aa901bd65c0a59f49e61a,2018-01-03
e94197623546186601aa880a31269468,14186c553b29f6df953ead9fff17bd4d,delivered,2017-07-11 07:53:49,2017-07-13 02:50:21,2017-07-14 15:36:40,2017-07-17 18:48:08,2017-07-25,35e9d2caa31b87cc3d1ad10d72271140,2017-07-11
b2206d0ce2ecabdb39fcd5ce941805ad,7b11c617863d7b6170f508363593b4bb,delivered,2018-05-14 13:12:20,2018-05-14 13:31:06,2018-05-17 12:42:00,2018-06-08 17:32:09,2018-06-05,e9695c601dc6d29ddffd2dd3ca54720c,2018-05-14
d3045e7fe9e2988614cbbaf560c424f7,c1f0ff2ccfc9b49878a1149829f6c41f,delivered,2017-08-03 14:18:06,2017-08-03 16:10:24,2017-08-07 19:54:43,2017-08-17 18:43:46,2017-09-06,cc7c744f1af97f9a54fc904aca367cc0,2017-08-03
72e300729f4020d73fe590991e104c15,5f1dbfa73c69597e5970218986ec1704,delivered,2018-08-08 12:07:48,2018-08-08 12:25:09,2018-08-09 12:35:00,2018-08-16 21:05:00,2018-08-28,a27891e144f346fc1cf62c1eb645de46,2018-08-08
2df92600294b6acc114b86b79dfff0f3,b88899ad705e9d9e1874c2f507e17477,delivered,2018-03-08 16:01:39,2018-03-09 02:31:27,2018-03-09 22:14:43,2018-04-20 20:58:44,2018-04-10,0b0f58b55bc7366c05dcaab3333566b7,2018-03-08
65c599e3998c4243f4e62affbf5bcdd7,cd8297dac73c55a89cc61dddf4027a55,delivered,2018-08-19 18:06:33,2018-08-20 12:50:44,2018-08-20 14:32:00,2018-08-23 20:16:43,2018-09-11,3a38d5fe04391bba71a05db868f1229a,2018-08-19
9e782eef55c0f6f0a4de48f967232e91,6108edce175bb2a5d603884594fae1d5,delivered,2017-10-07 22:42:26,2017-10-07 22:56:12,2017-10-09 22:00:08,2017-10-13 18:58:36,2017-11-01,b8013f255b89f49e84da9464917defbf,2017-10-07
c082fba06abf4ecfda79646a32f64954,e6548333c31a8c8ecb9e78c48e18e35f,delivered,2018-03-02 09:34:05,2018-03-02 09:50:29,2018-03-07 20:22:15,2018-04-05 21:33:21,2018-04-05,37a4bcd5a69907ec14e92b2472d1424e,2018-03-02
4c3bec2f85aac1c764e1597247d92b0e,f622c9fe9b9ebbcd0b581ac520929471,delivered,2018-03-27 15:46:07,2018-03-27 16:08:50,2018-03-30 00:04:49,2018-04-10 18:41:22,2018-04-17,2eaddf9433d29f86960d56b390c3f304,2018-03-27
5c8b55fb57c1225d199343bbc1ab6ee0,1eff19fe44b2cb9e89168ff458dcbe0e,delivered,2018-02-21 22:42:26,2018-02-21 22:55:21,2018-02-26 15:33:37,2018-03-28 01:34:45,2018-03-23,f4b163d31ac02f0d11cd9317e061d185,2018-02-21
e980f0348ae8c85c6eb7e23e9ee42b27,7a963c3034d1ada261ac346c56843264,delivered,2018-02-26 19:22:56,2018-02-26 19:35:25,2018-03-02 01:08:53,2018-04-12 21:18:32,2018-03-26,3e22b56a93b927838bf912d4a7a218bc,2018-02-26
9146c78cd5cb5e53ee985a7feb72e76f,a6aba9b57d75ef3dec99ea987448a574,delivered,2018-08-08 13:12:26,2018-08-08 13:25:19,2018-08-09 20:29:00,2018-08-15 00:38:41,2018-08-16,9a680e85c365a9ede029ed6c2d97147f,2018-08-08
79fe48b364804e62431c8f465e16f76e,857fe5831ff74761c8b171203310c83c,canceled,2017-11-09 06:13:41,2017-11-10 06:10:31,,,2017-11-29,f0d35e234997ee63e62d77f2c863fd3c,2017-11-09
9f8de1f38dabace7c615d1e41fa7b2bc,21e9efc286abfd10df26c15bd886a591,shipped,2017-09-26 13:48:26,2017-09-26 14:04:28,2017-09-26 20:04:54,,2017-10-24,42d8b87cd525a34a306cca6db06d83a1,2017-09-26
47c9687751ccee4ea76cf6386b30336d,ee1ab380ee6e7ce7c3b2ce566a9f13db,delivered,2017-11-29 01:41:18,2017-11-29 01:58:09,2017-11-29 19:59:08,2018-01-09 21:29:28,2017-12-19,daadb0073a2182647d0c98ced587b7df,2017-11-29
b6a9a9bf76b62a0f4cd266998d553b11,968299ea8e077dfaebeaf2e1a5e63681,delivered,2018-04-04 17:41:15,2018-04-05 17:35:32,2018-04-10 13:28:32,2018-04-23 18:58:42,2018-04-27,4dcae5ff051ae59bf11de65ad1192b33,2018-04-04
0cbe02c76316799a31b1de5bed001c5d,5833a1a8d62b965ca0f8205a8bcb32fa,delivered,2017-07-18 19:00:59,2017-07-18 19:15:10,2017-07-20 09:51:12,2017-08-09 20:10:15,2017-09-04,16df396804bc71ff9a59764e3c0f490c,2017-07-18
6c68a23b65de2e78101213c5c3a93cbb,c6cb85c4524d4e9a3f0a514c5d2dbaec,delivered,2018-05-07 21:52:04,2018-05-07 22:11:35,2018-05-09 14:05:00,2018-05-18 18:52:02,2018-05-25,078d20b1cb7985e4ccbdaa047698c3c6,2018-05-07
43c1be92476a64a1b407df92c9a8c903,7ec1ad452ada8f78aaf18022c32ee61a,delivered,2017-08-19 01:13:11,2017-08-19 01:44:29,2017-08-22 17:53:56,2017-08-29 17:23:39,2017-09-11,3a5637533760619eb56a39f880797af2,2017-08-19
705a85a85b9ef0cdf9d7bbd1ade4adde,26f501c8aecc330f4717e84328f09114,delivered,2017-09-14 22:00:10,2017-09-14 22:15:13,2017-09-18 15:42:22,2017-09-27 20:07:50,2017-10-02,99b55243afa81bbc50885481d9ca9c4d,2017-09-14
a9c323b00a97a60deb81c33473090eff,265106dcf47e77b56e7d67dbfcc3ccf7,delivered,2017-05-08 06:06:35,2017-05-08 06:15:12,2017-05-09 10:50:10,2017-05-18 11:07:45,2017-05-31,3dd5414bc73454eb11a19605fe54dbbf,2017-05-08
638407085366c5781b3cf8140fce7423,e12442fd928531ac63187816f2e6e860,delivered,2017-12-04 10:55:47,2017-12-05 04:19:32,2017-12-08 16:39:04,2017-12-19 20:29:01,2018-01-08,8e4e52c1121ceac09bb47f0cd51b4447,2017-12-04
9c7cad7063cd09133cd0e5a5ee540de3,d2310302109fa9701bf2aec2168f77ab,delivered,2018-06-28 19:19:18,2018-06-28 19:35:09,2018-06-29 13:41:00,2018-07-02 19:28:40,2018-07-26,9df04f123c465a98400fe9634cde1822,2018-06-28
c51896219e771f4b680de92cc5b286c5,b9c95668ad9ee625c8d4e4d94f02f259,delivered,2018-08-21 15:18:22,2018-08-21 15:30:53,2018-08-22 12:28:00,2018-08-30 21:58:24,2018-09-06,754dd86ee83589b775d5bc82fb4667ce,2018-08-21
c11457253eefe1635e2c7acbf249aa1a,93c614a0e7397b6bf4173f3c62cc0c87,delivered,2017-11-06 14:13:32,2017-11-06 15:31:26,2017-11-07 22:38:38,2017-11-13 21:28:37,2017-11-29,cea24d7104b107365c53eb0cc5c4eb66,2017-11-06
4170c6a8a42c20c1356a88bcbf187efb,b6d434677691cbb44f5f578d39f7e125,delivered,2018-06-14 13:13:24,2018-06-14 19:37:40,2018-06-15 15:05:00,2018-06-18 18:12:36,2018-06-28,03740c6c6c3c01bfc1ef251683ef3a35,2018-06-14
0205c3dd6f4d8e348ee72fffd114fec4,67a1b364b073c272cc412276247ebe7a,delivered,2017-07-24 21:41:24,2017-07-24 21:55:17,2017-07-26 16:33:08,2017-08-10 18:49:57,2017-08-30,6af0dae4a241c1a6f0a45d9af33bc1b3,2017-07-24
d4173a3970a4e6d7e3ccb14a264871de,f330cb20d9d9c5779de924d6a5fef754,delivered,2017-11-21 16:54:11,2017-11-22 02:46:53,2017-11-23 16:26:55,2017-12-04 21:22:11,2017-12-14,3815e5fe3869fb75b982acc9da267b9f,2017-11-21
04064f81e71399939f72222d7c701c47,32f017b7a69559932809332f389cacb8,delivered,2018-05-03 11:00:41,2018-05-03 11:54:38,2018-05-07 14:46:00,2018-06-13 21:47:35,2018-05-23,71a80518a42749afd7b9d072618cc604,2018-05-03
a1c5f3004b6d0b17e7c63521c8971be1,9dec830daa11b124295669f31bb56e39,delivered,2018-04-18 11:56:55,2018-04-18 12:09:55,2018-04-19 21:04:06,2018-04-30 17:06:43,2018-05-16,bc0b94083a8c34bf7d8e3451197564a4,2018-04-18
f26bbe1ba1d50321617831285d0fe62c,90caf8b673ecd91ba4242435c5ff5506,delivered,2018-05-07 23:56:44,2018-05-08 00:13:35,2018-05-09 15:34:00,2018-05-10 19:31:44,2018-05-16,dcb605d0a35c2e900646a9014393628d,2018-05-07
c9db7e953006c9303b92dea9d91878bc,7b131e878811275a3d853de519c82787,delivered,2017-11-30 18:10:06,2017-11-30 18:37:22,2017-12-05 16:04:35,2017-12-15 19:21:53,2017-12-26,85c6eefb1c622e34f57ae231b02f2bd3,2017-11-30
c1ab86138a2e18e81c0390d8d9f96f86,d1f8f612e6392284c50933ccee7966db,delivered,2017-11-28 10:04:24,2017-11-28 13:00:51,2017-12-01 21:03:20,2017-12-17 13:16:32,2017-12-27,71c353cd52aec1cf65ad15cf621d0a70,2017-11-28
442474d2063d0b9b957785f2e4773865,0b6ed326f1c69e74848157dc00027c91,canceled,2017-08-13 22:24:19,2017-08-14 22:45:11,,,2017-09-01,7b47476bd22d79e6c7989cde5164b31c,2017-08-13
9fcad2458d10ff81bb03d63253ac603d,1b4b059fc494b7bdb95aa743187dc92e,delivered,2018-07-17 21:52:55,2018-07-17 22:05:20,2018-07-19 14:48:00,2018-07-23 20:02:59,2018-08-02,8586b13d284c943b1dad27ee45e1a423,2018-07-17
808b48ab7f6fab2f801fc89c447c7eab,740d966972fc4d7b3911eb5bf066f510,delivered,2017-11-24 22:05:56,2017-11-28 03:33:23,2017-11-30 21:14:49,2017-12-13 22:14:34,2018-01-03,0702aeb4c5d77459b6970b08f3bbabc3,2017-11-24
f0b28558fa13c7391016b869eded8a0d,6f90c8656c371ac9988510b58a6d1e62,delivered,2018-04-18 20:35:13,2018-04-18 20:50:33,2018-04-24 19:54:27,2018-05-07 17:28:54,2018-05-22,d9adfd53b604fe6d47c35637951a7242,2018-04-18
5738b1361143b2ba3e59fcb5dffc7114,79836f353f3bf93edbfb6145332ec447,delivered,2017-11-27 16:58:04,2017-11-27 17:20:03,2018-01-04 20:49:13,2018-01-30 18:32:21,2017-12-20,b0b6ba41f2581d52e89a9c848cb219b1,2017-11-27
dd50563189de348b0403be6825ed14f6,f0f9a47c97201cc9a55283fc343b6be1,delivered,2017-12-25 21:35:02,2017-12-25 21:48:40,2017-12-28 18:13:36,2018-01-10 13:12:01,2018-01-22,d26cc6e0475584641d1339c97c82ca74,2017-12-25
798ebeeeb20c3abc17b6012098d1fa61,8fc76f2c69a743473a5aa6af762dab37,delivered,2018-06-15 11:36:26,2018-06-15 11:59:24,2018-06-18 09:04:00,2018-06-20 00:48:23,2018-07-04,808ea08495287b05bfa12909267852b3,2018-06-15
4486a084f4b0d0cc0f481087c1480bc7,4da23965c5d68f0f29f9ca338c9c8b06,delivered,2017-12-08 19:52:50,2017-12-10 19:50:24,2017-12-12 19:44:13,2018-01-11 18:28:38,2018-01-05,720cfa0a58ece73114a3f78d2f8760c5,2017-12-08
e742341b8b6bf5a833c52f7c607f6b69,cc0921640905363b59ccff2a82f9c415,delivered,2018-07-20 19:48:10,2018-07-20 20:04:03,2018-07-23 11:42:00,2018-07-30 17:46:39,2018-08-09,dd697a01a74826cae527ce856a5052fb,2018-07-20
e4d2316908e7852424fa2c997f0e3283,b2a18c78c1d96ebdaaaf51731c0c45c9,delivered,2018-04-16 14:25:45,2018-04-16 14:35:28,2018-04-23 10:12:12,2018-05-08 22:07:52,2018-05-17,a16b0531f24a37a7c481fecaffd8b00b,2018-04-16
fc68d45fcd6b69813ab9159228c0b81f,82915940532c766c49e832b009f9cccd,delivered,2018-08-22 10:46:11,2018-08-22 11:04:32,2018-08-23 14:18:00,2018-08-24 19:06:33,2018-08-30,15b88f24227a8ca196c91c76f208f17c,2018-08-22
b4578b55341912d52f9d1a141ba9e440,0707625ba315d67587771dfa3e945288,delivered,2017-09-14 11:46:56,2017-09-14 12:04:31,2017-09-15 17:57:52,2017-09-18 19:20:55,2017-09-28,874f552ab63ed512218f0fd16bf25801,2017-09-14
a11e916995a120fce0b1528d2555151b,82051ce87c5771da69cc903239d13ffc,delivered,2018-05-02 08:24:41,2018-05-03 03:35:09,2018-05-03 13:54:00,2018-05-16 20:04:04,2018-06-05,d8d0eefc0e1f2e1ee67bdf6f7dec62b0,2018-05-02
f9b08c26496de3604c13a613383165b0,2219b0dd093603c190c5c9e9236d553b,delivered,2018-03-07 18:09:41,2018-03-07 18:29:56,2018-03-08 20:05:28,2018-04-11 19:47:24,2018-04-09,3da8ee8b65c1fb2429093a40ad95eb6a,2018-03-07
147858a6d815c446dfb3d11e20019757,b147d384b96247c9b9f589261fa93b6f,delivered,2018-05-14 18:58:00,2018-05-14 19:18:12,2018-05-15 10:45:00,2018-05-18 21:26:48,2018-05-29,438853173fd05bec359f59a649094167,2018-05-14
4c8eac76de32572cebc64aca0f263e2a,12029efbcd83212db276db34e8d6f802,delivered,2018-02-27 21:30:28,2018-02-27 21:48:34,2018-03-05 19:27:04,2018-03-29 21:51:49,2018-03-21,7b08fc11e1aacd85ef2845c12a9ddb81,2018-02-27
1c5072c286f0b04c4cbd03de8af6136d,59543fe66c27b7ef5544499592f5d133,delivered,2018-06-07 14:38:36,2018-06-07 22:33:25,2018-06-08 15:46:00,2018-06-14 02:56:49,2018-07-11,c2c1446df627971eb0cc822dbb2a334e,2018-06-07
441c5a5da055ac9043e37bc8b976654f,e443687342a318891ded77cd6b35ae4e,delivered,2018-08-10 12:48:27,2018-08-10 13:04:45,2018-08-13 14:24:00,2018-08-21 11:13:28,2018-08-31,9b475216704f39cb18ce448648b995e1,2018-08-10
c1d7c344beb7643af2f26a7b7cbecd5e,4ca39a384a51c378303737fa14db7ae9,delivered,2018-05-09 17:17:44,2018-05-09 17:36:21,2018-05-16 13:41:00,2018-06-07 00:48:15,2018-06-08,bc43e3773740adc617291411b7bcbd9d,2018-05-09
c465b4dc1929898adffb867fb70fbadd,2f2ece3064897201806746d7d40eb1a5,delivered,2017-09-04 18:58:47,2017-09-04 19:15:15,2017-09-06 17:54:58,2017-09-11 19:56:41,2017-09-15,d7e306d63be84c9bd5cecf2f851d3c19,2017-09-04
84f61de0b1993beb8c361f2b2d84c16f,3520a938f7623a878a5c86cb2c3842f6,delivered,2017-12-12 15:27:21,2017-12-12 15:50:55,2017-12-28 12:33:46,2018-01-04 18:14:50,2018-01-18,c330fada34784625ad6f30f552af7db9,2017-12-12
baa297bb0f3189e5aec7838ec35b5efc,d0a038bb17c57b327e1e499b1806122a,delivered,2018-08-06 22:27:35,2018-08-06 22:44:33,2018-08-07 14:53:00,2018-08-10 17:39:58,2018-08-21,a2020bb57a66be186c84e25bb0984672,2018-08-06
2eddb869e994d4a82873f1ed56297e67,12391d981c9187cbb96775aebc92f772,delivered,2018-06-14 18:43:00,2018-06-14 18:58:12,2018-06-19 06:08:00,2018-06-30 15:26:59,2018-07-11,0758c9bc0d529d0ea2028f58903f1749,2018-06-14
24b2d434709c901b14bca606ef51cecd,fd1600e4be4ca48f98c8f5f1a567d2e8,delivered,2018-08-04 20:32:29,2018-08-07 04:55:23,2018-08-07 14:37:00,2018-08-09 22:38:33,2018-08-13,8edf2f01cfced5db867743f765ca827e,2018-08-04
129751cc187cf2f43dcb7ea8f8fdcf0d,8be380ca41df056cfc4917289865b1ac,delivered,2017-08-22 20:50:03,2017-08-22 21:06:33,2017-08-24 13:43:04,2017-08-29 18:12:47,2017-09-15,098f29ae5d8eaced6ff92a09c02b40c5,2017-08-22
8fcd3ca09f0920161eb54634ad10a86c,3b5308a70b947b88e93dd3667d4f7658,delivered,2018-02-06 14:20:33,2018-02-06 14:30:37,2018-02-20 14:23:39,2018-03-22 00:48:54,2018-03-23,63a3b7ba2c46b188bd6fcd7c7ff95e4d,2018-02-06
38801dcdd44030c1317f837202c28501,1ffad0cd8f3ab1b5d888a4670cfa6a96,delivered,2017-09-19 13:22:56,2017-09-20 02:16:29,2017-09-22 18:27:17,2017-10-03 18:51:36,2017-10-11,096f4fc414480cfa00436b3bcccf5bc1,2017-09-19
fbc12089bbd03e3a825625899c8c8f92,17abf348943d3a3ad0573f2910035417,delivered,2018-05-11 13:51:11,2018-05-11 14:16:32,2018-05-14 14:00:00,2018-05-21 16:16:26,2018-06-04,0d7aa07091b3e786159120634f396abd,2018-05-11
59362dfdfc742008cd6889fda33dd61e,d0b9308df89064e7da109b8bfa722bee,delivered,2018-05-31 15:32:11,2018-05-31 15:51:49,2018-06-01 14:42:00,2018-06-22 20:18:47,2018-07-24,222f644d1fc1218ce40815e9c6120ebd,2018-05-31
1c5e5f8876d71c023da34d2abd4c9f26,9faad560424c4b5092344a27c98ab43c,delivered,2018-02-01 21:54:10,2018-02-01 22:12:11,2018-02-21 02:47:58,2018-03-06 16:23:23,2018-03-01,60cd70ead1c439734f3f009eb4e7b6ed,2018-02-01
003cc6161d7a2593f2525cce0c330d32,7d9802889236ab8fc541bfb438978cd7,delivered,2018-08-03 19:33:35,2018-08-03 20:04:14,2018-08-06 15:02:00,2018-08-07 11:32:11,2018-08-08,0c35f915ac95c942a535a99bc22524a8,2018-08-03
38e80d72b34e2f2812529ccf6edbdbb4,09dc6ab8331acc30ed0e578301d5fd12,delivered,2017-09-27 21:41:08,2017-09-27 21:56:21,2017-09-29 16:53:39,2017-10-02 20:57:27,2017-10-20,ccbec3985151a35698bfb8df303f4064,2017-09-27
b56c486f60a660f25910c3842f15e886,01f73b778c4f92ec0b55fa90e306d82b,delivered,2018-07-26 10:06:35,2018-07-28 02:50:19,2018-08-01 15:12:00,2018-08-08 14:23:40,2018-08-16,5905f06037102e84040dd9b40e286d7a,2018-07-26
cb344f22b72163e62e6ded63d2e2606e,bff88438740222ebb8b541d836faa509,delivered,2018-08-13 11:43:17,2018-08-14 11:44:18,2018-08-17 15:06:00,2018-08-21 23:47:29,2018-08-23,730d8421187425be6b8377f3611a1b4c,2018-08-13
b997ce40f469fbcd2e163e6a2df04de8,e193e498ca7e4b73bf1d55f365b6f64b,delivered,2017-03-25 14:30:46,2017-03-25 14:45:11,2017-03-28 11:42:59,2017-04-03 16:53:51,2017-04-19,d984461aaac11ec86d9a3611a5b11926,2017-03-25
cc3de1b196170ae020cf79cde9883058,e1be54348f99cd564abe01493dbb0a69,delivered,2017-11-13 20:04:00,2017-11-15 02:51:24,2017-11-16 20:48:25,2017-11-24 19:03:15,2017-12-08,c17dec01473d89441bb6a93fcb58e663,2017-11-13
5cb890a68b91b6158d69257e4e2bc359,2c23489c329798c266c3ffcd50dbdcf8,delivered,2018-01-24 12:33:57,2018-01-25 12:31:18,2018-01-26 21:46:34,2018-02-01 21:43:45,2018-02-19,66f4eec9da64df09009a7f397c2a32b1,2018-01-24
8df5cf9e272e804f5330340384db94d6,115e82e1390fcccdbd8cf09000012a94,delivered,2018-01-19 09:30:05,2018-01-19 09:39:28,2018-01-22 17:39:29,2018-01-30 23:57:04,2018-02-21,2ad36ab08a6c2ea54746c016f997c647,2018-01-19
e77f560df130ed0c0170ca3c556ea1d5,55e87651358d96661db34c9ad0082e7a,delivered,2018-06-17 08:53:07,2018-06-17 09:13:26,2018-06-18 14:05:00,2018-06-28 11:56:19,2018-07-24,4e00a4d106850f152e72c6a731921c19,2018-06-17
aef03c27f5449124b7b71ef2164df561,a4f866fffea84c408569acad1def536b,delivered,2017-06-30 16:22:00,2017-06-30 16:35:09,2017-07-04 15:55:33,2017-07-05 14:46:39,2017-07-13,4cc24e44f98ce556d647948ae2d27cc9,2017-06-30
2d5eba84336d0f61b5cc25228d21b8ee,2d2108037a40de9d1840132472967eb8,delivered,2018-03-19 09:30:21,2018-03-19 10:07:25,2018-03-21 20:05:12,2018-04-10 00:08:24,2018-04-13,69c4d5f002f4f99045b3775cd9d9dc30,2018-03-19
e2fbe37c6717808ef07b8f2b1cc63c40,dd898ada47b8dee6bdafc7e687cd6cd1,delivered,2017-11-09 11:52:53,2017-11-09 12:06:42,2017-11-10 21:21:36,2017-11-23 18:02:22,2017-12-07,ad0c26832480df5356d0196fffdd8eca,2017-11-09
6d2f0dccc294bd2e21a2c8c93d0121bc,e922966c2220982b15f19e2d22336d5a,delivered,2018-06-26 17:57:15,2018-06-26 18:18:31,2018-06-28 14:47:00,2018-07-03 18:54:55,2018-07-24,1a3d692431db9d0ff59b24d0cddfb900,2018-06-26
b5d9197eb2402184f5661ee98acf0271,ba5720d67e8a8e668a4e646000837edc,delivered,2018-03-14 21:29:52,2018-03-15 18:28:43,2018-03-20 21:36:56,2018-03-26 20:44:57,2018-04-02,033bfcc96fba016e72b1c0943459efdc,2018-03-14
b4408ccc8e2918d17baf170da937ef2f,c66283ab8b63725c2be75ddd50c93552,delivered,2017-07-26 17:52:21,2017-07-26 18:03:29,2017-07-28 15:10:26,2017-08-09 17:09:13,2017-08-23,ac325f54b40c02ab16c83b67046d37ca,2017-07-26
a31b7701247f69c640631ad0bcd130ef,f44874b79296f9379e81705ae1aa9a85,delivered,2018-03-28 16:01:05,2018-03-29 15:55:20,2018-04-02 20:19:10,2018-04-25 14:33:41,2018-04-26,6f5181f5390779c57a8ac958a1c548e8,2018-03-28
982f1dba4ba6a565f56a2f51e6a68740,63cfe513a46b520d5aeefed515d6a1bd,delivered,2017-09-14 01:00:31,2017-09-14 01:10:15,2017-09-15 19:26:09,2017-09-21 18:32:09,2017-10-04,b413fd55cc9f2c8abeb60cde0b2e65ed,2017-09-14
c93d6b0cbd51a29939f48107e4a7425e,4d45302cfb4e0c6404ebe65cbcaaa83c,delivered,2018-02-06 12:15:37,2018-02-07 03:10:47,2018-02-08 14:07:59,2018-02-19 13:14:54,2018-03-02,ebfd4be34e6b2c567dd5ae2f1c8cf3e9,2018-02-06
f8b959d98886eb608247e99500dc7b27,baa315938f6a7dabb22eaf39fa899549,delivered,2018-03-03 20:44:07,2018-03-03 21:08:44,2018-03-06 16:52:47,2018-04-06 21:19:19,2018-03-26,6204c4e582a95b6a350adf6988623bfb,2018-03-03
33b1b34b5bb565c5bdea6e2995ac1cab,4841e756408158f684e7af4cc56e3962,delivered,2017-10-03 14:57:39,2017-10-05 02:56:34,2017-10-06 19:53:19,2017-11-16 20:57:52,2017-10-30,197516d0c9c650ba91a1cc68b18df7b7,2017-10-03
a37fcd79d371bcc1cfb7c63a00a3c770,89455e55be2ea1c28c8f78b64c359fc8,delivered,2018-05-29 20:28:26,2018-05-29 20:54:03,2018-05-30 11:02:00,2018-06-04 19:26:52,2018-06-21,074315ca81bf69db97dc05493b921422,2018-05-29
9dd59f7ebb5a498a78c92b880b30dcf1,bc72495843a3e1ac1a45ba7d45d59786,shipped,2018-06-13 10:07:16,2018-06-13 16:05:44,2018-06-15 07:46:00,,2018-06-28,e2ad8e0608dac59942fca8049aac3b68,2018-06-13
d8c132b9c7b4a1c50aa55a1280e9496b,3e36c535cd70fc8d2280cd32229a451b,delivered,2017-11-24 17:52:12,2017-11-24 21:16:16,2017-11-28 17:32:32,2017-12-06 21:27:05,2017-12-22,cd0d24a9243aec3d0fae5e93949f9d83,2017-11-24
de1288b53d00f641d4de97992ba09703,d2f71573dd23cd9672d89d9c562cfd14,delivered,2018-04-29 10:26:16,2018-04-29 10:52:09,2018-04-30 14:09:00,2018-05-11 22:22:02,2018-05-29,e61e5e950457148fc00a02f710163e7f,2018-04-29
806508916d09b540a66a7487473a6e7e,0e72c3dc4b08b7685316c370742511e3,delivered,2017-10-22 01:17:22,2017-10-22 12:49:15,2017-10-23 19:06:46,2017-11-03 22:47:47,2017-11-17,ba3288839f01ec6b54256f8f9ba210f9,2017-10-22
d71fc3033bc27e81b5a946294eb577dc,d134e0c1f138c383dbbaec56a8146a96,delivered,2017-08-18 13:53:01,2017-08-18 14:10:14,2017-08-22 21:41:24,2017-08-25 20:15:21,2017-09-12,13b8b68267d513acad9147fcbe1b0e5a,2017-08-18
1a9b5dd397fc3ec9e54ff4b9a738a37e,816b2a113af5fdab13acb5d51b471913,delivered,2018-08-16 10:28:10,2018-08-16 10:44:05,2018-08-17 15:26:00,2018-08-23 23:41:23,2018-09-03,127aeed536ddd5fafc67dccd19d595ac,2018-08-16
45f323ee344dfe76bcd78bc41c962c91,91eaf667c6a3a4a40a147e8ac21f1877,delivered,2018-08-02 12:04:55,2018-08-02 12:50:19,2018-08-03 10:29:00,2018-08-27 20:18:43,2018-08-22,ccc25edb24a6888b0a406ed43a1c04fd,2018-08-02
98b3b28db55c9f6e365c56f05004d3b5,fc2f1cde057c9c2675602bc90d36b54a,delivered,2018-04-20 15:06:49,2018-04-24 18:39:32,2018-04-23 23:38:39,2018-05-15 15:46:32,2018-05-30,8dd57858688f7d01be134bbda0deeace,2018-04-20
02b73712c7944322d0b5a314f2424ee4,d9778e3e408e8c54bdb818ab6bdccc39,delivered,2017-09-16 10:25:55,2017-09-16 11:03:43,2017-09-18 18:03:39,2017-09-26 21:42:41,2017-10-06,5a08f2b992462b9094d1db89f7c5f53b,2017-09-16
468459668c11750c4d0a52b54045bf48,fdf260f95dfd0df0da8955f6152e0f60,delivered,2017-07-14 03:36:54,2017-07-14 03:50:07,2017-07-21 14:21:35,2017-08-03 18:29:35,2017-08-21,1a1d5f3a5178801cce09c36114e30674,2017-07-14
d2ce9688abb199cda1a106b293847827,af48ad11489d099769bdacaa419d6bc9,delivered,2018-08-26 16:12:27,2018-08-26 16:25:17,2018-08-29 14:49:00,2018-08-31 01:03:11,2018-09-05,23c0dfe7de9990e4ea0fc42a7e700ca5,2018-08-26
2f346d92b11fcc7c342b3392b174cf3b,d8312a2d5a108ccc4d43cf2cc7f5a10e,unavailable,2017-12-07 11:53:32,2017-12-07 15:23:44,,,2018-01-08,d002a27a4bee5555723eb6454eb861a6,2017-12-07
a90923ac16a91b92fe65f33d0858827b,f1d40f1dfc6285e66a5d5c0c956bb178,delivered,2017-07-18 10:28:06,2017-07-18 10:43:35,2017-07-20 20:44:23,2017-08-02 14:21:47,2017-08-07,b9fbdcd0c94463abfbb520323ce971dd,2017-07-18
3d217b7bcefc3bc37d3fbf5a1b7fc009,3aec4688b93d6061ec5061721ad493a7,delivered,2018-06-27 10:00:36,2018-06-27 11:06:43,2018-06-28 14:55:00,2018-07-12 16:01:55,2018-07-26,7b0cae22ae2b6cf88163a50600da4ee2,2018-06-27
4386700b3af86ed03733e04c9d3b2926,196b1744b9b46f66568356e20ab4a968,delivered,2017-09-22 11:07:49,2017-09-22 11:28:03,2017-09-26 12:37:54,2017-10-09 19:48:23,2017-10-18,12c40b8d0e346698baa035fe8d542dfc,2017-09-22
f926f5a21b7bab3b81bffa528bcb1ea3,02d6d55e8f7b1d7bb212ea9363d51569,delivered,2017-11-24 17:58:50,2017-11-24 21:16:37,2017-11-28 21:09:55,2017-12-04 19:56:53,2017-12-18,a51c10e4ba5836dce272ad99d9f36283,2017-11-24
4755001364cec8b76f33c43498698889,7aa6a8e8ed84654a683a4c0100dbc0e7,delivered,2017-04-26 09:36:59,2017-04-28 11:47:04,2017-04-28 11:58:38,2017-05-08 14:23:11,2017-05-17,7fc1f38f97f8a491418a237060de8df0,2017-04-26
05712f43d1c39effad171a8b0344940a,ae629dfbdd8b33fa29028ff92179a62c,delivered,2017-12-03 15:50:24,2017-12-03 15:59:21,2017-12-04 22:09:21,2017-12-19 19:26:44,2018-01-03,45b5425afa4bb09f3b75e12a08f8e438,2017-12-03
7343951818332032146c6e09dd824443,9cf66f100674f9c49ad1cce8c54545ba,delivered,2017-10-10 19:29:16,2017-10-10 20:06:15,2017-10-11 19:20:15,2017-10-18 19:06:55,2017-11-01,3e12382588e1c02606852b6ce91c9583,2017-10-10
a426bb94ff487c1e28c20c73d5f99cd0,ac4235b361fa3cba41eec937e58cdcee,delivered,2018-03-21 13:58:10,2018-03-23 02:10:32,2018-03-23 22:10:45,2018-04-14 13:28:50,2018-04-13,ca5ee952d96f8ead031e0ba820164b45,2018-03-21
fab554de6022bbe68f2e742d63440861,c1bbcb6dbd118abbac93f66aa17f56f6,delivered,2017-10-16 20:05:03,2017-10-16 20:14:50,2017-10-17 15:44:57,2017-10-27 21:03:36,2017-11-06,09c2429ac6a315143baddcd378a91432,2017-10-16
90e0d38d1d5842547ebd5cb95069c1f7,8c7ff75abf2f52700bd2724b7e4a3589,delivered,2018-06-05 21:24:04,2018-06-06 21:32:01,2018-06-11 15:07:00,2018-06-12 20:26:47,2018-06-29,bda6b1a673bc84ea9e8034ac152ccd26,2018-06-05
aaee808634adf6a6f4bdd2354f43f448,c5cb6707ec7496b205b38c522ca44bcf,delivered,2018-06-05 09:21:25,2018-06-05 09:35:14,2018-06-08 14:04:00,2018-06-09 19:47:37,2018-07-27,aaf69d9874531387396883691760115d,2018-06-05
e0f3b3fba41526eb8feea1da8123fc20,2a1051b096dd40c017d64c995cf8afee,delivered,2018-06-30 11:02:45,2018-06-30 11:15:15,2018-07-03 12:11:00,2018-07-05 19:58:41,2018-07-27,415b073d153528fa1ed35a42e39945da,2018-06-30
c1eab66ff6c440a9f5d92f83b8f10550,31c45b49a140bc7c8a9bed80e74e8660,delivered,2017-10-29 03:49:38,2017-10-29 04:05:37,2017-11-01 00:22:17,2017-11-09 19:02:39,2017-11-24,920bd0e1c74c42bec2303941fc03374c,2017-10-29
4dcebe90e2424ee4fc1a68c8d39aa533,c284b3268ce8f5aa06638a4cab2fac8b,delivered,2017-10-05 17:01:01,2017-10-06 02:14:31,2017-10-06 18:56:01,2017-10-18 00:53:09,2017-11-07,63900f2f11bce53ab5ebae7c45237225,2017-10-05
414aa35f4bb723e9b5787467f282450e,d3ad5de502066d0628115a3efa4e91c2,delivered,2017-07-24 18:20:10,2017-07-25 03:25:32,2017-07-26 10:28:06,2017-08-02 17:46:01,2017-08-21,16c0e48db67dc6a35c8547d6ffd227c5,2017-07-24
460e04c3cfd044ed625de3225dd24d4b,6f072676854cc4e79618094488c8c854,delivered,2018-04-16 19:07:53,2018-04-16 19:51:52,2018-04-17 21:42:39,2018-04-26 13:26:40,2018-05-17,88681f489d04722ee4e7a638caefc10d,2018-04-16
10605be2fc9784c0fd19b78f8b1924c0,0ae2b2edee0a604c92ccf6ed3c64376c,invoiced,2017-08-26 10:06:15,2017-08-26 10:24:34,,,2017-09-18,dea3bbce56fc4ca0aae5b3bdb784815b,2017-08-26
b3ba3fb3a14a0fd1a425706e71b7de10,b59b9200abefa3aef8728bddb76a9d8c,delivered,2018-03-01 16:19:30,2018-03-01 16:35:40,2018-03-06 22:58:54,2018-04-04 19:36:34,2018-03-29,8ca1816f6c1a91aa2788ee471b85ab19,2018-03-01
97135194e893f6fd1c61580f1eb37bda,c5574d7bfd26dc4517a030d20c8a2711,delivered,2018-01-11 21:58:01,2018-01-11 22:10:28,2018-01-26 13:29:21,2018-02-14 11:58:30,2018-03-19,6c8697c531bd90af78b99d2671551c20,2018-01-11
9fa4a4aa87aaf6ac40f2e59527d91436,40441ee9b105826ace0b2fe0134c9ac3,delivered,2017-08-20 00:39:57,2017-08-20 01:45:09,2017-08-22 23:27:52,2017-08-29 22:30:01,2017-09-15,14423b88e52f0d2e322e21b3ca5a4109,2017-08-20
1d1e5f659ad884a3f1a760dd28e5606a,f211017372dee93377fa125ea22d3871,delivered,2018-07-19 19:58:04,2018-07-19 20:05:17,2018-07-20 11:40:00,2018-07-30 13:41:41,2018-08-03,01ffb8ddbd9e1167659827ed1b9b6ccf,2018-07-19
0e7ce85328efacb39ce2cb345850b969,c56e3d7111c92cc344142fe21cdc6cae,delivered,2017-06-02 08:25:41,2017-06-02 08:35:21,2017-06-02 16:58:02,2017-06-14 11:38:30,2017-07-06,b4be8ffe5a39196f0098f30316f7d7a1,2017-06-02
0d78ff8b7d8f2a3590a2e4745240f97b,2bd3ae402537c443ec6aab0feb74cd65,delivered,2018-01-27 12:32:23,2018-01-27 12:53:25,2018-01-30 22:46:42,2018-02-14 21:39:01,2018-02-14,042b009cdd1ef1d0e9b74e35691cad8d,2018-01-27
35aa6b03b34d8d0a5c1eaae2bb5fcf76,18f5e4ab94b6b5fdcf32dade57defe50,delivered,2017-01-31 17:40:36,2017-01-31 17:50:13,2017-02-02 09:29:14,2017-02-20 15:19:06,2017-03-10,72c73e4d6a500a1800f0a507a9ad0df4,2017-01-31
1ff300a1e66c173fd9dba91d3b3db4d1,9eb08c0928c156fd96e6a7a01e5a1cb2,delivered,2018-07-30 22:58:54,2018-07-30 23:31:40,2018-07-31 14:47:00,2018-08-02 16:16:30,2018-08-07,6f72495fdff9173520b0a09d166186e5,2018-07-30
7e8072dc0f35ebb0c1b2a4743e0f179a,8a8476a80099f2b63c573d23679532ec,delivered,2018-06-27 14:07:03,2018-06-28 20:10:14,2018-06-29 08:25:00,2018-07-11 00:12:50,2018-07-27,56f8e0d601a82ef7d2f05589daacd600,2018-06-27
913b2ec0a92a754a5bca7ee6169147b5,1c39d56b27096ba58f7c6ae5525b5725,delivered,2018-06-09 15:47:43,2018-06-12 04:17:20,2018-06-12 11:16:00,2018-06-20 19:05:14,2018-07-05,b8e9407173659cd9affb22a3ef65a4a8,2018-06-09
be64b86415ab3c14a508e61cc6cfceb9,cb67b9222a5598131f83bf79b180f502,delivered,2017-12-05 11:39:09,2017-12-06 02:50:37,2017-12-07 18:34:51,2017-12-19 20:29:34,2017-12-28,b636fa8d093c315e98bc4911a301a42b,2017-12-05
657b8dbc222ac9b5b61eab078c16b3c2,95ad9c9815171d2f4bc4a6267bd8b05b,shipped,2017-07-13 17:30:30,2017-07-15 03:33:15,2017-07-18 18:04:16,,2017-08-04,ddc8905700a88c452403d3f96750f88a,2017-07-13
49a8c35e52085c0a43f03250d944f2f9,f4eee7d403366b7c3262786e1e9a2823,delivered,2017-11-08 11:45:40,2017-11-08 12:31:00,2017-11-10 12:08:50,2017-11-17 16:04:33,2017-12-01,f7acdf2975a3796447c80c839233e1fa,2017-11-08
79581b0708489f6f9539c0d29dc53bb7,8f5fedc7ca7d912c79405b85f9d9299b,delivered,2018-07-22 21:51:37,2018-07-23 12:31:38,2018-07-24 13:33:00,2018-07-30 20:46:41,2018-08-16,4041baa51d9eae8f5955ccd4f02bb044,2018-07-22
3975a2d7a39b69a8af9b8433ad7a4088,b277706d4d2b4ce453b7e6abb03a1bbf,delivered,2018-06-26 10:35:45,2018-06-26 10:58:12,2018-06-26 14:45:00,2018-07-07 12:20:45,2018-07-17,44706f3bac1c50a013db729f871857ef,2018-06-26
da653ab16948a67d437ce755a30a7b0c,01afc06d7738a5a4b90959f387073912,delivered,2018-03-31 13:36:37,2018-04-01 13:35:17,2018-04-02 12:51:01,2018-04-03 23:36:44,2018-04-12,e75282eb4f2eeae963ada3334817307f,2018-03-31
634adfa0f5cb0fd3a7c932f3b5b463fa,30a8b5ade8becba3f5886e3d984dabad,delivered,2017-09-09 08:45:10,2017-09-09 08:55:11,2017-09-13 21:44:59,2017-09-22 20:19:57,2017-10-02,ea20132cbb6fcd3e89d614ca6abfa4e5,2017-09-09
0611e51b65ca1c2274c5a2463141dcb6,0a53041ab2e72cccb3329613978e2e2e,delivered,2017-10-10 14:24:10,2017-10-10 15:06:47,2017-10-11 19:53:48,2017-10-20 22:04:14,2017-11-06,3bea379b85fffcc323633e986ad706cf,2017-10-10
efaf4d6a16d8eac0474f3f0b6e632a74,61c762a7d424e2426520553558a1706c,delivered,2017-10-02 22:18:20,2017-10-02 23:00:06,2017-10-05 16:58:07,2017-10-10 17:54:38,2017-10-31,21728a08bf33e19c2091baa0d2ea691a,2017-10-02
a77c9550c32e540e8798334f832b522a,f28dbad47bec24355005c467a2f6e703,delivered,2017-05-26 10:02:25,2017-05-26 10:15:13,2017-05-31 11:27:15,2017-06-02 15:02:36,2017-06-08,b2dcabd21651edcda7049a8a2aa52a75,2017-05-26
e4020f274902a070b403d4f914dee557,98a8003e51fa117ecb46c24ef8f419df,delivered,2018-06-13 20:58:34,2018-06-13 21:20:11,2018-06-14 10:37:00,2018-06-20 13:12:08,2018-07-03,9d3abddad51efa4368aa7d0bd0dce9e2,2018-06-13
794ea528b03e4375968453d2974c6ce2,55ebb25019b36dad5e9aabd5475ce7f5,delivered,2017-06-13 21:34:47,2017-06-13 21:45:19,2017-06-16 12:49:23,2017-06-17 22:36:33,2017-06-27,888ae7a635bc0a352425914f45d3597c,2017-06-13
214ee2e6750c4a27ac6121b731034858,12c0343740ea01133f44fe7593e30e09,delivered,2018-07-19 15:00:52,2018-07-20 04:55:25,2018-07-20 12:16:00,2018-07-26 20:04:36,2018-08-07,199dd0c989c22f7b0781a87b1044c9c2,2018-07-19
3fe4e2a59fdfde29f26bb836298997bf,e78962abffd0512b03a8a659eb4246af,delivered,2018-03-26 09:53:17,2018-03-28 02:47:17,2018-03-29 20:52:00,2018-04-05 01:19:06,2018-04-20,5000124f3b5724fd0df9cc6e8ec128c6,2018-03-26
bf237ea364c3113c48cb2815b7bbe2c9,094bd1aaa3142c2422ae41136f482ad0,delivered,2017-07-21 12:24:16,2017-07-21 12:35:16,2017-07-24 14:56:32,2017-08-01 19:43:30,2017-08-11,34d64b56ea43e0454a913e9093e9ab33,2017-07-21
106d8484bb6bb4ff239daff27fc4feb6,7dfa5f2f758adf5d769a3941649e733e,delivered,2017-06-12 22:55:41,2017-06-12 23:10:20,2017-06-19 13:32:02,2017-06-22 09:45:01,2017-07-05,bc3f3fac842dbb77e8fde0b3dfeceb8d,2017-06-12
68478192b2b8e0b480a2d3b3d18cce9b,dd7c1a80971bb39440c1a9b6b814eaa1,delivered,2017-05-11 13:06:34,2017-05-12 02:45:14,2017-05-13 07:23:36,2017-05-16 18:14:32,2017-05-29,d05a3c50bb0c2502af86b39bd26f0c1b,2017-05-11
1fac502a34e64b8fe035b46bf6162f83,d6a855553de81fa086a4d6dc6d414a26,delivered,2018-03-27 19:22:57,2018-03-27 19:35:18,2018-03-28 14:47:43,2018-04-12 22:12:55,2018-04-19,56ab288643ff7cd4b58c48103ac87134,2018-03-27
e1dc59c8a0073f7889eb0b714c97eacf,dcab6d1bc2d31dccdaac39934b30cba2,delivered,2018-08-04 19:12:55,2018-08-07 04:24:35,2018-08-07 14:53:00,2018-08-13 17:08:38,2018-08-20,8d6375893ca8ee7c0539b9b83410763b,2018-08-04
040a7d867d3a82c3dbe047e96515bd09,0c304fb37832102b8d85acbc63709bb9,delivered,2018-02-20 09:03:00,2018-02-21 06:25:13,2018-02-22 18:19:21,2018-02-28 20:12:53,2018-03-14,3a5000ef81fd13a47220d0e2be38670b,2018-02-20
8d7c561ff34d8fb665da2d7cd9eea5ea,e3267c909d1d6265381c696a7576de9c,delivered,2017-07-31 14:00:27,2017-07-31 14:10:16,2017-08-03 20:09:48,2017-08-09 20:32:58,2017-08-24,2d2f7d6477a42e44e8f888b5dfabfbf4,2017-07-31
4e007faa0b64196f3b99b484f462e2f1,286151ca7dd479857e51fd9c240a8103,delivered,2017-06-13 22:02:51,2017-06-13 22:15:24,2017-06-16 14:42:51,2017-06-29 14:39:57,2017-07-06,4a4898a4f30c29ce15e60920dfb359be,2017-06-13
7d0f5759a0eac0f20456bb8a36547bf5,e5583a36cc70b95b339afc5d67c5efa2,delivered,2018-03-19 00:31:01,2018-03-19 01:10:36,2018-03-26 20:42:38,2018-03-28 15:24:38,2018-03-29,c1b1eb8a5a67819956718ddddcf038e6,2018-03-19
9c319e5a1a2056f61e9f44bd5be2f11b,f7b4e6d3dc1e22181f6c07c25be39538,delivered,2018-08-08 08:00:57,2018-08-08 08:10:13,2018-08-08 14:24:00,2018-08-13 18:32:05,2018-08-21,e51ad9d72cc86b409fd3df8ed8892fad,2018-08-08
7f15ae6f11b3789f24b78010cf34ecb5,390de7a8ca8084f7cfe547e3e96ed45f,delivered,2017-06-29 11:49:26,2017-06-29 12:04:17,2017-06-29 15:41:33,2017-07-13 21:47:29,2017-07-21,7383306e78897df3474c1df609d64f2a,2017-06-29
289e6f8bee1d0394dda10569516bfb27,eee34916bd1e46183d946404ab502a09,delivered,2018-01-31 21:22:24,2018-01-31 21:35:32,2018-02-01 18:32:43,2018-02-09 19:17:05,2018-02-23,a834774364a7b64fd8f763bb952d55d5,2018-01-31
2ff5e4926327864448d6e63f2a7fea15,f417b6a6c162da3cb18a21caac0ec91a,delivered,2018-06-17 22:55:08,2018-06-17 23:13:28,2018-06-19 12:28:00,2018-06-26 23:33:02,2018-07-16,effeff65379529bfaebb80de582626a5,2018-06-17
d29eab9897f34e95d170c97d9262ab7a,041c0e4484d223d63bae84fad54c516c,delivered,2018-01-11 22:18:42,2018-01-11 22:31:31,2018-01-15 14:49:46,2018-01-26 21:38:40,2018-02-06,61a2ca40e74fd5f39b5b8a2efed0efcf,2018-01-11
04ee5eeac980a849efb5ac99abf87259,875821ff77f94d5c8960cccdc48500e8,delivered,2017-08-23 16:01:02,2017-08-23 17:34:50,2017-08-28 12:03:41,2017-09-01 20:07:46,2017-09-13,3b1a33efc09a4d8df157d8c9b4968bab,2017-08-23
6a8456c9e88a7b8905c7fede59f25b5d,a21fcb6d658ec7eed4d41d174cfe321f,delivered,2017-05-19 18:42:14,2017-05-20 04:15:21,2017-05-22 12:57:06,2017-05-24 10:19:30,2017-06-02,52949ea878b84dd0c50448b37e6894ce,2017-05-19
3a17fd4120bf394dc3968c52f703fe07,50d9df43bba18bb39591db6e0002a916,delivered,2017-03-20 11:01:19,2017-03-20 11:01:19,2017-03-22 11:54:41,2017-03-29 14:27:34,2017-04-10,a06f383add4d40457f1909b67ce6b7fb,2017-03-20
3a594497943c5d46c735d2b2417f43b6,6ce7a179a811a6368132958ac7c9dfee,delivered,2018-01-21 11:47:31,2018-01-23 03:52:22,2018-01-25 00:13:40,2018-03-01 01:13:20,2018-02-19,5e5930a6046d05c80794ca72464762ec,2018-01-21
4971e311356ab2972110bcebd76e48c0,2ac3a043592924a116eeac9dc25d1399,delivered,2017-10-13 11:11:03,2017-10-13 11:35:23,2017-10-13 19:27:39,2017-10-17 21:05:47,2017-11-06,ab10eec023981e2a2692c31b6f15b5be,2017-10-13
58203fd5634402dfe49f2fb7ff670f47,5bd4243adeabb4b9ad566d3f34067322,delivered,2018-01-08 11:20:52,2018-01-08 11:32:27,2018-01-08 19:49:16,2018-01-19 23:52:28,2018-01-24,7b382e1401675a18dca2813308caa485,2018-01-08
9f8ccad2702a1ddd203c159ba49e3018,dc785164d7124591a6e0088fb6c62f61,delivered,2017-09-10 17:28:12,2017-09-10 17:43:51,2017-09-12 20:49:35,2017-09-19 16:54:07,2017-10-03,ec52b1faabdbf0cada253810b289d48f,2017-09-10
a78827f77fce6acac3db78145b4c7f4a,9f74f66b1e347f122d8aec82f8dc4633,delivered,2017-04-01 15:13:25,2017-04-04 06:05:34,2017-04-06 05:28:09,2017-04-10 13:28:18,2017-04-28,9d9c3d5d3f32faa84b583fccffe294e7,2017-04-01
e7daaee877792db6b869745a7bcca11d,09e038e546d675d90397d0069311cb0d,delivered,2018-08-08 18:18:08,2018-08-09 18:10:22,2018-08-10 14:27:00,2018-08-15 15:21:58,2018-08-21,47cf41d2e19da7110df5e5a6074fa873,2018-08-08
e55b8c5adaece78a8727257a535b0156,1ccbd390e07c1663dccd2b14c9b03fe5,delivered,2018-02-02 16:12:56,2018-02-02 16:36:24,2018-02-07 23:37:09,2018-02-11 21:16:42,2018-02-21,5a32dfc66bdfa99f86d270ed8956865a,2018-02-02
e5f2efaee72a24f3605bb8217d862a2c,04b725a28205418c69b04add79d91c0b,delivered,2017-12-27 07:28:00,2017-12-29 02:10:28,2018-01-04 22:59:05,2018-01-15 14:07:08,2018-01-26,dc2388a8c4c5e8f9dac1e20b07ae77a6,2017-12-27
e2d38ab302de39ef3087f6a3a58c8e6d,97b1bb18e17815a38e2cd2f8e1e0078c,delivered,2018-04-25 16:08:27,2018-04-26 08:15:19,2018-05-02 10:32:00,2018-06-06 22:52:35,2018-06-06,0c6efe3ece4bf7054487e13d4cdbfdfb,2018-04-25
de4f573359ebca3ee24bbe7cddb31052,6d867512b712b31761b98d42894d9eb2,delivered,2018-07-21 13:22:01,2018-07-21 13:35:16,2018-07-23 15:14:00,2018-08-04 14:11:56,2018-08-22,5ef9dad7507fc334c902966ff115934a,2018-07-21
f3fdee8d27166359de2abe05ec16b351,c93e142e933bb44b34c4a1523308e4e4,delivered,2017-11-24 17:09:16,2017-11-24 20:52:18,2017-11-28 22:03:50,2017-12-23 14:58:45,2017-12-20,00be1845d956d40218db17093f667764,2017-11-24
edb7ff04046ebd1f274c506a91568601,2ef4a56579ebc92bab401657923e7d4c,delivered,2017-06-14 16:07:23,2017-06-15 16:10:14,2017-06-16 13:48:08,2017-06-22 15:22:27,2017-07-07,f1fe7d4def2b6f5db8df8f1888bf1c0c,2017-06-14
29bcc6a8befe426cad7140eb616f16fe,a1297c92880354fb9a879330add244ed,delivered,2018-08-04 18:27:23,2018-08-04 18:44:14,2018-08-13 15:07:00,2018-08-14 21:58:37,2018-08-17,e71ed6848e376636f2f3bef0c91ce636,2018-08-04
8f909d2a25c1618219801a24a48871de,dee732c17e04331899e26cad25503562,delivered,2017-03-16 15:12:12,2017-03-16 15:12:12,2017-03-23 16:34:22,2017-03-28 14:44:17,2017-04-19,a546dd0e04bed8ec619f3f8a49d493dc,2017-03-16
3c20f6cdfc62556d4c0ee421cbff6d76,cc68ba72a04699ed98d427a2cfe9a585,delivered,2017-06-03 14:37:38,2017-06-03 14:50:09,2017-06-05 15:54:17,2017-06-29 10:45:32,2017-06-30,04802ce2f41b2620c43ba7490fa6ab4d,2017-06-03
4ff46a29d577865d29d0f31408b3eddf,89ee23cf8b826a758b7e2fa15582ca2d,delivered,2017-09-01 16:26:43,2017-09-01 16:45:04,2017-09-02 15:28:08,2017-09-08 18:43:44,2017-09-28,994a19021e2e87292b9c691a5599ced4,2017-09-01
29f86ab2838875a2fa6f612f9e21d421,31c1190ddfd72fb7643822fa21bf0dd7,delivered,2017-08-19 21:28:23,2017-08-19 21:44:22,2017-08-22 18:03:25,2017-08-28 18:44:49,2017-09-12,78f5a4670e31139a2967c44d8995e94d,2017-08-19
cd6abb02d781babd935ee80555d3972e,cc39c95f4a46addd1f64da1ea88f95fb,delivered,2018-03-02 23:04:39,2018-03-02 23:28:38,2018-03-06 19:49:04,2018-03-09 23:37:25,2018-03-14,fa6fa94a6c6ff5a21b9364e66a3b3266,2018-03-02
1bcc9dd1dbb385cedfcf4d96da5af4ff,6b2a1131b5665f2625535c426047add0,delivered,2017-03-04 19:17:51,2017-03-05 19:10:11,2017-03-06 14:03:40,2017-03-18 10:37:28,2017-04-10,b9e566aaeb745bb8ab0b9c1a6ef68235,2017-03-04
4703d00191e1f41e4d2f979ff7612729,4b0428f336231fc285fe5cac671a24a2,delivered,2017-09-15 12:32:27,2017-09-15 12:50:33,2017-09-18 16:48:24,2017-10-02 19:58:39,2017-10-06,0976eca0a2b72de509446cf0f0396de9,2017-09-15
2e9a9304c77e1fd0d01352a9cca46f31,8dbd4ea7dc84915203eb642a97fdbd77,delivered,2017-11-26 21:20:20,2017-11-26 21:33:17,2017-12-01 19:57:33,2017-12-06 16:55:01,2017-12-12,aab386d6abf7f818640d60e45de62fde,2017-11-26
a078dc6e0c09350ed278918b2d30a5e7,e0567d3bebd1a849f6b13f9efec17d88,delivered,2017-07-28 13:37:15,2017-07-28 13:50:19,2017-08-21 17:37:46,2017-08-30 22:46:27,2017-08-22,5939cbd6c6e883bfdafd91390b80c316,2017-07-28
99eff86b0ca661145879df56d726fd19,bbb1072005d6085620aae34c1b06a6b2,delivered,2018-05-05 20:17:04,2018-05-05 20:30:45,2018-05-07 12:11:00,2018-05-14 20:46:54,2018-05-30,6970a688df55d8db6a5c3b531aedadaa,2018-05-05
11ab684b9f8c74b9b0652e6352d1906a,75f7b51090b336767b17dc099916f20f,delivered,2017-06-05 09:00:31,2017-06-05 09:15:14,2017-06-09 15:28:28,2017-06-29 13:57:50,2017-07-04,55a9ab9cec1992864445c64f4fcbb3f3,2017-06-05
ca263afd88a8a1200605adbd4b63cd7d,2f6014fe90cb09655c6f5d9259381c8e,delivered,2018-01-12 18:17:53,2018-01-12 18:48:27,2018-01-16 17:34:52,2018-01-22 18:33:16,2018-02-02,c0394cfa96258a94e368499f919a3ba6,2018-01-12
3d48ddecaa9e06e1bb64461135dd7be2,79bf5679784b79e98f78639763b6dd2f,delivered,2017-07-12 19:23:25,2017-07-13 03:04:33,2017-07-14 16:42:16,2017-07-24 18:47:55,2017-08-04,8856878c7593e4189f42aabc8201ec31,2017-07-12
ebc291ccb847d85f438a0b661490ac16,845eeb91509cf49e43a6730a4edeed0a,delivered,2018-01-08 20:13:14,2018-01-08 20:28:02,2018-01-09 22:27:25,2018-01-30 23:22:58,2018-02-09,1ca96d59cd20f495506f7e26932e5ca7,2018-01-08
f0ac8024ca852f443c16cb778445a4e0,3a17d2a2e4f6704f17a04491bbb5c352,delivered,2017-09-06 12:20:48,2017-09-06 12:35:19,2017-09-11 20:07:46,2017-09-18 21:15:58,2017-09-28,e00e4729dc3640a095c3cdcbe12bdf00,2017-09-06
9508c52fce9468c56973500f75dbad5b,b0609e4e1e28ba6d9744ab92d21c05a6,delivered,2017-08-18 16:26:37,2017-08-19 02:24:50,2017-08-23 18:52:22,2017-08-29 12:19:30,2017-09-12,94bbded6a4ac8a3dd9887f99861bf608,2017-08-18
b55d2a96491140f09e6d673289453c24,58d495e44a163e9ed6171f593a5017a1,delivered,2018-03-07 22:25:55,2018-03-07 22:35:35,2018-03-08 20:56:18,2018-04-24 19:46:58,2018-04-03,72a60cbef1f28e6f5dbe503fef3c4ddc,2018-03-07
82ee2df3a8f23cfa9208bde62204119e,eed861a4d93122d915f69afc155e36f4,delivered,2018-04-08 21:41:11,2018-04-08 21:55:23,2018-04-09 20:03:13,2018-04-18 19:59:29,2018-04-26,7c805958a97aa5b569173465886f0923,2018-04-08
8a6b8c7658bafc61e02ea8982ffa1d4e,971fc118b16e18e76c8ed6d0b1d8a67c,delivered,2017-04-06 19:32:34,2017-04-06 19:45:15,2017-04-13 10:24:42,2017-04-18 15:59:39,2017-05-02,cecc19ff12c206e6368dd1e9c22a848d,2017-04-06
9d465e0a985e7dbc3c4b76c71a479a1f,e0687401f071bb242facb170a3fa577c,delivered,2018-06-17 00:36:06,2018-06-19 03:57:34,2018-06-20 12:27:00,2018-06-25 19:36:27,2018-07-18,cfc8d05fafa0856852690cda381d053c,2018-06-17
e6f96e33b5d31862c79ab7b0eea58d25,668e2c11ab1df90de33d1cace27c1840,delivered,2018-03-11 15:03:02,2018-03-11 15:10:31,2018-03-13 17:05:00,2018-03-20 02:42:04,2018-03-28,f8bcc33767b010cbed31c0eccaac1e3d,2018-03-11
2af6a9d6406504aa92a844c413551a60,6d4de01858d5789580f759aad62377a6,delivered,2017-09-10 23:10:10,2017-09-10 23:23:22,2017-09-11 20:32:12,2017-09-12 17:16:03,2017-09-21,d60d2927f500396fa1dcff983e4fb912,2017-09-10
4d6f79209e34185f85488e65c20c63a8,2b456258ddb10164544de0a042fa0e3c,delivered,2017-11-27 17:51:39,2017-11-27 18:11:07,2017-11-28 21:54:52,2017-12-15 23:23:46,2017-12-26,548077252c175bae61888f5d7d48df1a,2017-11-27
26ef358c39e6d1537243a3ede175c8c0,982b5a55e0c254aad4e8a083ed3e2072,delivered,2018-05-09 11:07:14,2018-05-09 11:34:56,2018-05-10 15:17:00,2018-05-17 15:52:09,2018-05-23,7c7417689f160592b89a44a6ff49f44b,2018-05-09
eba24b2dcc75d6fb248e917715a425d5,74203cd183d2faf3deb5629c6846362b,delivered,2017-05-06 21:17:01,2017-05-06 21:25:16,2017-05-09 08:16:40,2017-05-10 11:28:14,2017-05-19,e96c10f142f3a616d0ec9c73cb3f0a98,2017-05-06
132f922490ba371efd891cf7f81648e1,866a094bef59e8319d5b5d363ceb48c4,delivered,2017-08-04 19:07:49,2017-08-05 11:23:15,2017-08-07 20:19:25,2017-08-24 21:37:28,2017-09-01,1c1b2c1eda2e5313935f84bb7c1e6f7b,2017-08-04
b7be5a34ce10bf066ff8013867a3f004,29072a6ab1c1525151ab6f4fc0beb26a,delivered,2017-03-31 00:21:25,2017-03-31 01:15:06,2017-04-07 15:12:39,2017-04-25 10:48:00,2017-05-15,0367374f0fbf2f07d8dadc86f77b85f8,2017-03-31
562194d4cd77e33b171957ba3c8526a1,c30e67d247c28f04ad357466c40731bd,delivered,2018-03-18 19:46:24,2018-03-18 20:07:33,2018-03-20 20:26:38,2018-03-25 16:06:26,2018-04-05,808e3055bc30ee27214d3174ff2bb7e1,2018-03-18
3c3c6b986a4d292ad99cabd0f60a482c,edc5e39f9b4c07f4392c83c6f762e5a5,delivered,2017-08-28 15:47:18,2017-08-28 15:55:19,2017-08-29 20:40:07,2017-09-09 19:16:39,2017-10-09,8c2a41fc7deb48b0009008123f174612,2017-08-28
bc3d816db1aa7215dbde5b1b00d3d32b,e02fa39e3e692cfc33116a230ee55e11,delivered,2018-05-15 22:54:51,2018-05-15 23:14:13,2018-05-17 09:06:00,2018-05-22 17:15:30,2018-05-30,3c810bde6e641976d6b6676de9edebfa,2018-05-15
3a5f9959785e2cc88b4618dec84a5834,4aee9f8027afb09c8490b3d91f3421d7,delivered,2017-02-14 15:31:29,2017-02-14 15:45:20,2017-02-15 10:40:32,2017-02-23 16:43:57,2017-03-21,1ae15ac704d32a9ea9f2e1570404d1c8,2017-02-14
3ad9ae84ca65db282ae34e9c9aeeaf7c,c04734728558c8ad7e4b1db771fde5e3,delivered,2017-11-07 16:54:04,2017-11-07 17:06:43,2017-11-08 20:34:57,2017-11-14 19:36:55,2017-12-05,00adeda9b742746c0c66e10d00ea1b74,2017-11-07
5e7610e3386d2abd9358070c4b9e29e8,9c4ba8502cbe151c70ef8cf334a165b5,delivered,2017-07-20 17:33:31,2017-07-20 17:45:20,2017-07-31 11:45:54,2017-08-11 19:59:58,2017-08-25,e72e3708081c015d5b75358bbf7307fc,2017-07-20
979413f37ff3d29ddcd3bdb3ec55df41,a012eda60386836ce9721240e137f5d6,delivered,2017-08-24 22:48:38,2017-08-24 23:05:12,2017-08-25 20:06:30,2017-08-29 22:28:08,2017-09-06,40380848dfe50455e7802e3b2cd9350a,2017-08-24
146b5dee10d8a77d71b6e9341fe0a154,6e9bb38cd7ee75a5b41591bae25ed17d,delivered,2018-05-13 18:33:08,2018-05-13 18:53:53,2018-05-14 13:34:00,2018-06-02 01:03:57,2018-06-07,cd3108e699a1ee39df272dfe7e2410dc,2018-05-13
5a8badb776e5585c274fe19201012249,ef22056dc8495090cdc55992aa9ef1a5,delivered,2018-03-07 21:02:00,2018-03-07 21:10:36,2018-03-13 01:03:06,2018-04-09 17:56:26,2018-04-05,c1ce726cce4f19c4aef436e4b78d319d,2018-03-07
a9fc49d2e84da72c75e2fdb6311a221c,0e594a1aecb1546023cbd1ede618d735,delivered,2017-06-05 22:26:58,2017-06-05 22:35:21,2017-06-06 11:40:23,2017-06-13 06:18:03,2017-06-28,83935d750c83951d7d0211a3c60e78fd,2017-06-05
19af5e1e647ae04a3a572d7d5bbd9e1b,8bf8245e125ef3137806f9aeff784809,delivered,2018-02-26 11:03:10,2018-02-26 11:15:33,2018-02-27 23:32:34,2018-03-02 18:13:55,2018-03-12,2eb09956b9781c223973cf127b2598f2,2018-02-26
e5f0df20f3f036b329b93eb2fde29a61,f74bef75a01750b1517011b59eb1c000,delivered,2018-02-24 20:43:42,2018-02-27 04:31:07,2018-02-28 19:09:27,2018-03-14 01:31:10,2018-03-16,0062adafa3846d9f372d8f1bde591b24,2018-02-24
ed12f96f2c849c98deacc01a9f22129d,29481695bec444c42345e81fbccc7370,delivered,2017-12-14 14:53:42,2017-12-14 15:13:38,2017-12-15 20:53:19,2017-12-27 20:34:54,2018-01-16,9028e5b2ceb7f01832bd635f9c7d6c48,2017-12-14
3096389e5807ca3a952f80c8d2ee788a,5e7a86473798e8b4112bac5d369cafba,delivered,2017-11-23 17:45:59,2017-11-23 18:55:31,2017-11-27 20:06:36,2017-12-06 12:04:15,2017-12-15,6fcf65110ee6aaf0bc353a8923216682,2017-11-23
8d1a2d41aeaade25066693b149eb294b,2817f7dee69f30623b6eb103c171c26c,delivered,2017-12-19 00:59:47,2017-12-19 02:50:39,2017-12-20 19:42:18,2017-12-26 15:52:32,2018-01-12,aae73707604d0e6d0b79b0ace5da38b4,2017-12-19
7b689d6aafb025278c974ded9940fc31,ad536b13b5693af9bbedc3daf0529130,delivered,2018-01-26 15:36:01,2018-01-26 15:58:13,2018-01-29 20:36:35,2018-02-08 19:21:47,2018-02-22,e0562607e5595db48cee55825388c4bd,2018-01-26
92822ff2220ab001aba01e753780cfe4,545aa46e4e68df2b3b8dcc06f735e179,delivered,2018-08-19 20:54:41,2018-08-20 13:15:30,2018-08-21 15:06:00,2018-08-29 15:31:36,2018-09-03,104ae9a43b6e639f45bd5e3bc19210f3,2018-08-19
0c40becf669d1e6da9a8af153c382799,d6679f9035899b94503bb782c8352752,delivered,2018-04-07 11:13:14,2018-04-07 11:28:13,2018-04-10 00:02:25,2018-04-25 17:24:51,2018-04-26,69bb1c97e77750c3161c7814e4aac154,2018-04-07
ac2a908690e426e5105a42ead9dfd2b7,dbfad0a53ac126e84b2de23ed0f5b7c6,delivered,2017-06-19 08:57:29,2017-06-19 09:10:12,2017-07-04 14:13:37,2017-07-19 21:19:52,2017-07-21,a97a597cba5f1fb42a2e3d181a2a2586,2017-06-19
e7567e43caf379d79065cbb612f06554,81b9ba290aa678e3b563af21d7b93b20,delivered,2018-01-17 06:15:52,2018-01-17 06:26:27,2018-01-25 22:42:57,2018-01-26 19:48:58,2018-02-07,66f123541fdd7af0fa97afebdea4591b,2018-01-17
f23bef5ff346873476747ab073a43877,0c9be1ec8a88da24743626fd0384ff46,delivered,2017-05-05 20:20:18,2017-05-09 09:45:12,2017-05-15 14:28:28,2017-06-01 14:48:26,2017-06-05,5d6d845f58ded83805d69344479b27be,2017-05-05
d17638ac2491f744bd174a75e2b9c4dc,61d03c7d32818bdb8eb0aad9e29332c1,delivered,2018-04-04 21:08:38,2018-04-04 21:28:31,2018-04-06 00:28:23,2018-04-14 00:58:54,2018-04-23,f0405b5ab548f278a0a2a723b4d2ce8d,2018-04-04
4c6f0636c0c9ee094350e2ed1884c068,5a5a75d11cf6794417f567dd826d7475,delivered,2018-02-15 16:04:24,2018-02-15 16:15:27,2018-02-16 20:57:16,2018-03-15 19:22:43,2018-03-14,a914c8519a89822e783bc55fd36cbf0f,2018-02-15
7844eebb3536df34f62c7b819ac8c4d2,5e5564ba592b4a8ef0130a0f78356a16,delivered,2018-04-26 10:53:16,2018-04-27 08:12:15,2018-04-27 14:03:00,2018-05-08 21:58:47,2018-05-22,75e9b39bffe199fd0bb42a32c6e1e2b7,2018-04-26
fb346ef4f28ae1f94f8555c7364c007c,9b81f09686cac80db4a3f37ec6ad91a3,delivered,2017-10-01 17:29:23,2017-10-03 04:28:26,2017-10-04 16:35:57,2017-10-05 17:25:11,2017-10-18,ed7f752334ecac4dccd905e567e771ea,2017-10-01
0ac6093ec7bb2a5eb1da4961999ee9d6,d3f497230c673e3eb4362335acdc799e,delivered,2018-02-03 16:22:19,2018-02-03 16:35:29,2018-02-06 00:15:40,2018-02-18 17:53:09,2018-03-07,5e787bf74b4a77702b1ab06cb42e65cd,2018-02-03
9a3deccd2b0279aa76825542a6146030,ccd1069d389fdc3a3b3f0845e3515334,delivered,2017-05-16 17:43:56,2017-05-18 02:15:21,2017-05-19 12:00:13,2017-05-31 14:48:09,2017-06-20,cef2ff3d2b4585f4b9095029581ffede,2017-05-16
2e63900419b641113428990171e12fba,c992debfa22b28e51e968fc6478ca626,delivered,2017-11-15 15:56:13,2017-11-15 16:08:05,2017-11-24 21:51:54,2017-12-06 16:49:18,2017-12-06,9f94eb6546ee350bf809b22b578ed04c,2017-11-15
9c6939a937801d0069e9086f8ee2beee,2dc5d7df6257d7d4139a517880b26cfe,delivered,2018-01-11 15:56:56,2018-01-11 16:07:36,2018-01-12 22:49:26,2018-01-22 21:03:29,2018-02-09,06c0b3ff53e1696d11fb5e3c6dba65e9,2018-01-11
f29b9aad274db0c763f241cfe781466f,f9a0d03e126d03c30a7a1b526137338c,delivered,2018-02-15 10:01:28,2018-02-15 10:15:24,2018-02-16 18:51:23,2018-03-10 14:36:23,2018-03-13,785ac4328680c553ef118abbb8c867c1,2018-02-15
03c6fd082fce47bdd5e0dc1f81a9626f,3347f8d33927f9bb5159b2aa82b3d622,delivered,2018-05-12 20:50:47,2018-05-12 21:15:55,2018-05-15 07:55:00,2018-06-05 18:06:34,2018-06-11,dbbdf30a9af9996ef9667badfb0c4aa1,2018-05-12
f201da96764d726364db850f2558f842,21626e6f5cad9a65b93b72bc2ac621aa,delivered,2018-04-05 22:00:32,2018-04-05 22:10:15,2018-04-07 01:28:39,2018-04-09 16:06:52,2018-04-23,90c80136382423c4e5a5c128da797b65,2018-04-05
24496db5f9de478a647819c7eb075504,4c8e4c469add9342e1b2f8b20140625e,delivered,2017-04-28 14:41:39,2017-04-29 14:35:13,2017-05-02 11:23:16,2017-05-09 16:21:31,2017-05-30,4ad0a855f1b51a52b45d3a3150fd1ebf,2017-04-28
8fefd06158a60ed8326f8569d57532af,26bd92c58cbc9acf8e286bbdeea7ee61,delivered,2018-05-21 16:38:04,2018-05-22 16:58:22,2018-05-23 15:38:00,2018-05-24 17:27:25,2018-05-29,6af43ca3beaea9ef95963a93c3da398c,2018-05-21
d6f1fd48e3b9fbaa5ed2794838559afb,1258e0a6212e3969e7c1a9588a4d2d24,unavailable,2018-06-25 00:03:57,2018-06-26 00:18:00,,,2018-07-13,7d083bf69f7145878911f1085cd2f356,2018-06-25
9387d427f564a63a5d9e87418dd48a54,35c6e01d0a534d4b583820e1c37da893,delivered,2018-02-18 12:26:53,2018-02-18 13:30:20,2018-02-19 20:56:36,2018-03-08 11:57:46,2018-03-12,b68c725eca7bc7e69d50b9ed50165043,2018-02-18
fe386506094fadffd450e5754b5d9c17,44451746f6c73558a7736a09766921ad,delivered,2018-06-23 18:49:55,2018-06-23 19:16:11,2018-06-26 15:14:00,2018-07-03 16:08:59,2018-07-26,23c9e1e8b1d0ab7a50970f0f8090f7bc,2018-06-23
31cee66926e60ce4e5af0e4b9e2886d7,235e370b48423c2e8fed39564743df8f,delivered,2017-12-02 08:50:05,2017-12-02 09:09:17,2017-12-04 20:10:22,2017-12-11 20:18:58,2017-12-29,428bbd3233e9562d384347240bbb68dd,2017-12-02
cb61ea5ecf3a762ee7460dc23d50fffd,2d5e77fae689aee9992cc9669cb61710,delivered,2017-12-20 15:14:25,2017-12-20 15:31:27,2017-12-21 23:13:42,2017-12-22 20:17:13,2018-01-09,53fb8b6d4deadd850e6575b70c47a9ce,2017-12-20
d6a1328be8ee25bcec02c6c659e41618,72ca022d5f986cbeba818c19e6cd2f75,delivered,2017-09-02 12:24:01,2017-09-03 12:30:15,2017-09-04 17:14:54,2017-09-05 20:17:46,2017-09-15,66908d0dec4e384b916f137d8a31ce73,2017-09-02
37660ed0022803717d2eb7bac4300621,5cd812c5b28b235cfb60b9e5a194bd7c,delivered,2018-03-03 23:43:42,2018-03-04 23:49:02,2018-03-05 22:16:43,2018-03-06 15:16:39,2018-03-15,1f3ce77f87e0342edda9506a4d045e69,2018-03-03
b8adb375ae50156f70a940103fc0f4f9,eb3d2af3c4de34e553dd52e7c5d94736,delivered,2017-05-15 18:37:38,2017-05-15 18:45:22,2017-05-17 10:00:35,2017-05-29 10:41:32,2017-06-19,3c8664e3e2166cb7e7adaa6874fd4614,2017-05-15
52b97b975715b37423f069909d441a50,c7a628466b3252e46442779e2973914d,delivered,2018-04-09 16:35:21,2018-04-09 16:50:06,2018-04-10 20:51:26,2018-04-20 11:59:02,2018-05-14,3111af3686f18c277dad422df8cbae17,2018-04-09
1a89170dbb050ebb1530d3f2c574d4dd,83118e93b969419946159bf8520873ef,delivered,2018-08-24 19:51:08,2018-08-24 20:04:17,2018-08-27 13:38:00,2018-08-30 13:32:19,2018-09-14,2f6c26fbeaed014fb5827618e0874eb1,2018-08-24
3a8a097ab8e052e5f80441c9eb0d6b3a,1739c956a6e824670823a1b7cd970ff0,delivered,2018-05-07 16:56:47,2018-05-07 18:09:41,2018-05-09 11:03:00,2018-05-16 13:45:48,2018-06-04,ba09cdff04586794fc557641afb2bd1a,2018-05-07
166b91d58933959ea50aad0939cb5caa,c15180baaf5da7b429190c033c01ced6,delivered,2018-01-10 21:23:11,2018-01-10 21:33:22,2018-01-16 18:22:06,2018-01-24 15:03:13,2018-02-09,5683f4e2b934479bb52058862b6ab3c6,2018-01-10
81369b7885f7b27b5e7c427f1a812374,b3693344be6dbc656b4783db6285d419,delivered,2018-01-03 01:34:09,2018-01-03 01:49:03,2018-01-03 20:13:30,2018-01-13 15:52:22,2018-01-29,f70768855ce04962155d6c190ee17943,2018-01-03
32f0d08563a05bd541da24218934fdab,a4ed10c73967572c3dd19e759113a1aa,delivered,2018-05-09 11:29:02,2018-05-09 11:51:47,2018-05-11 14:51:00,2018-05-17 19:06:47,2018-05-30,296abfdab73db3e8b962ba5c4389475f,2018-05-09
a78a401e218732db3fd0ac73befe4973,c4144aa564aa4b24b96fc0c7abbcbdd1,delivered,2017-11-27 12:30:30,2017-11-27 12:39:22,2017-11-28 19:58:39,2017-12-05 16:14:57,2017-12-15,78c4cc2bdcd7761976accac812af2bbf,2017-11-27
36f4478e93bb401c1938f739d085591a,cb40a9918ea5f312c3e82e50c7b0fe46,delivered,2018-08-18 11:21:16,2018-08-20 11:31:41,2018-08-21 13:46:00,2018-08-27 18:56:37,2018-10-03,fe1677ade6fc207802fd2afb2bd6bfb2,2018-08-18
65beeed06eb791b6c1026364455fdca3,39edf0ac747c7864c5883f9172060c31,delivered,2018-03-12 22:07:56,2018-03-13 00:40:28,2018-03-13 19:47:58,2018-03-15 21:38:25,2018-03-29,14692c6ec706221b31a6501968dd808f,2018-03-12
e0e56ee9a26b56fbc06c26bdfd061f2b,219d6f108f8b4383b5e0c1c87510514c,delivered,2018-08-16 15:45:56,2018-08-18 03:09:44,2018-08-21 13:01:00,2018-08-24 21:59:39,2018-08-27,eaa2147b3839e6bce1ba5f9d22f8b34f,2018-08-16
4abba1209ac9ef2480b19c2e88391f23,5ee78fcb306b9b6f586a4e0add28b5a3,delivered,2018-08-01 13:38:03,2018-08-02 05:30:48,2018-08-02 15:01:00,2018-08-06 16:57:01,2018-08-10,a4f9f39d4ecf2186737624f5060e7599,2018-08-01
43c04de0613b79c2470b22e171cc848d,9cd2bb095cc77fbe30747184de151b0f,delivered,2018-07-22 01:59:39,2018-07-23 11:32:18,2018-07-23 12:29:00,2018-07-24 19:22:27,2018-07-31,841de7f6ea4f125c2b6a82892ec34892,2018-07-22
2829e7fdff89a6af03cb5de5348ecf3f,5c8484a2f90eef08c69c1295b3d33049,delivered,2018-08-10 18:38:16,2018-08-10 18:45:17,2018-08-13 13:58:00,2018-08-23 17:48:52,2018-09-10,c01564f6ced87418ab8821304f4f0cfe,2018-08-10
7a74611af770d37eb88aa4c25cc04eb6,130ee9e3044b8bb7d6b1a012428b1860,delivered,2018-05-22 20:08:06,2018-05-22 20:37:00,2018-05-29 13:27:00,2018-06-01 13:38:53,2018-06-06,84fa4ef93ec67a77a0329933dbf190cf,2018-05-22
a4c753e682af75ae3bfafe65f6133f2c,3a5e10ad0ad52a6507a0431bc4b4e717,delivered,2018-05-26 20:09:27,2018-05-26 20:29:49,2018-05-28 13:33:00,2018-06-03 16:32:14,2018-06-29,7ff24a30e0823c68748099bc3ea9c5f4,2018-05-26
18a5254b4a88faa21f6d9c53abc79924,167543c00422a2b6d100b6fab8e21c63,delivered,2018-04-14 11:08:03,2018-04-17 05:49:55,2018-04-17 19:16:36,2018-04-26 18:57:13,2018-05-11,dba44fa5bb77dcc2c8014bc23c16779a,2018-04-14
e8df3922b27283e487dfe7c7c0eb149b,02aecf671e2e14f201bd51873575098a,delivered,2017-08-17 14:32:14,2017-08-19 02:26:25,2017-08-21 15:38:02,2017-08-28 18:53:06,2017-09-11,a5b599f7e1de50cf80ed962d8304eff4,2017-08-17
a8ffeec877ba50593ec90692e457e042,125fa3d4cb9eb0e0fcfa62eeef9eecec,delivered,2017-12-20 12:57:29,2017-12-21 02:12:05,2017-12-21 22:06:47,2017-12-26 22:15:59,2018-01-15,d021dcbe9af1eb6fc3880770faa2ad88,2017-12-20
d9abc12fab04ae2bd6cd0a45a66ca19f,c218529250a07c74ca7097f1ca468751,delivered,2018-05-22 13:25:08,2018-05-22 13:54:48,2018-05-24 15:35:00,2018-06-06 22:52:35,2018-06-13,0645f0f91d9e070c647b6781330c258e,2018-05-22
36a21ebc447622cc9eb08312851c256c,85458cd2d0d7e8ae462588018d9725ff,delivered,2018-04-05 22:09:05,2018-04-05 22:29:11,2018-04-07 01:05:05,2018-04-12 18:58:40,2018-04-23,0bbedd531a4ae68af2d3aad1ff987110,2018-04-05
0fe0304e435117f8e45fe2b298ed25bd,1633655b3bf301a3f8b9e7d1d5d1a620,delivered,2018-03-20 16:16:56,2018-03-20 16:29:35,2018-03-23 23:33:04,2018-03-29 21:42:05,2018-04-06,538c0dd996251723d102012a8c5ee553,2018-03-20
228733587bbf9886c728aa6bad66fe57,7cec1a9545939929a4a4261575ed421b,delivered,2018-03-02 19:14:43,2018-03-02 19:48:46,2018-03-06 17:53:16,2018-03-29 18:48:57,2018-04-13,ce2ffca4240f3334a19cd4867626710f,2018-03-02
660c1d7b1c79eac538006732c1246f32,e3ad13593ae3a76a29112cc827f33675,delivered,2018-08-13 20:46:51,2018-08-13 21:04:15,2018-08-15 05:41:00,2018-08-21 22:43:34,2018-08-31,6d11bcf1ed02f1388af8713f1c59bedf,2018-08-13
1f09e3685a5270799e2f5c3199936edc,609b96c75fd36caa48cda6817733557e,delivered,2017-08-03 12:23:10,2017-08-05 02:55:37,2017-08-07 16:12:48,2017-08-14 11:47:50,2017-08-25,bfe4a08a1ef7fd9541f82d728640ad36,2017-08-03
68350de28c940e619bfce38aa0001ef2,583c711cb83b8f2ef170484758d2a4d3,delivered,2017-11-02 19:52:30,2017-11-02 20:10:29,2017-11-03 20:12:54,2017-11-06 18:21:18,2017-11-16,9cb05885262e3459811af52c1818e354,2017-11-02
9991ee8a375a021fcb40b5ecf9902e5d,eb97846f551d8d032bca44331f22dcb1,delivered,2018-08-03 11:06:47,2018-08-04 11:04:05,2018-08-06 14:17:00,2018-08-10 20:48:34,2018-08-15,0ed558e285dfa58e23fbbb9c3601a78d,2018-08-03
e3c8f0ea157b6f608ea5827c5b39c2bd,68645a64c1d4a9af8f3f89e5f450b3f7,delivered,2018-03-14 02:36:44,2018-03-14 03:08:33,2018-03-20 19:09:34,2018-04-04 01:42:46,2018-04-16,356298a1508630c8c51d68248df852f0,2018-03-14
0cb32545f515420d9f3cba2c55ae3c4f,4964b245573f51603b9782d3a365caf6,delivered,2017-11-02 04:26:06,2017-11-02 04:46:47,2017-11-06 10:32:50,2017-11-16 22:09:06,2017-11-28,5d8f99c602be552d9707f3bd77c24d36,2017-11-02
f1557b51d80a217105b6edae448b5548,e192a4b7a58ae822f25638fb7e0935fb,delivered,2018-06-18 13:41:18,2018-06-18 13:55:56,2018-06-21 13:32:00,2018-06-22 18:04:32,2018-07-03,50833f4851527f0d467ab956b07988ee,2018-06-18
c55faa68b4c77433099c244b2b441dc0,2e6c0ccdb5b36d98492e1ebe5a372146,delivered,2018-01-10 18:50:26,2018-01-12 02:36:45,2018-01-15 17:45:15,2018-01-30 14:12:51,2018-02-09,782dafaaa97f925523c698ae3f2c4f29,2018-01-10
7225ec04629fbb109ed6629050e4465b,e53fb8494a41b514db4d80fafa628320,delivered,2018-04-16 08:29:40,2018-04-17 04:54:32,2018-04-17 17:22:23,2018-04-24 14:03:30,2018-05-17,994a8e69d70eae460644d0b6db5048e9,2018-04-16
4356e7c55bfb4c23c67ebbd0b1365bf0,25544e125e705786caa6714e4cb1df30,delivered,2018-06-16 21:28:29,2018-06-16 21:55:47,2018-06-20 09:24:00,2018-06-21 22:41:27,2018-07-11,9b63d269a187b2d045232cc9cbc7e827,2018-06-16
d340bf9b2514974a57c9c2cb9020e259,46019e471f972abfa236b1dcc2b46ce2,delivered,2017-11-11 09:18:07,2017-11-11 09:30:47,2017-11-14 22:41:26,2017-11-22 02:09:05,2017-11-27,0d7e4240a925c32ecec1ae02ec6afd4d,2017-11-11
8b5780447e4ee0bfdd231f03e725a3aa,0e84f0cc6f9ed4c6ee157f62318c0742,delivered,2018-01-31 12:59:43,2018-02-01 13:10:43,2018-02-06 22:06:38,2018-02-14 16:52:28,2018-03-01,686fa418677282610316a2d9fe900bfe,2018-01-31
dc141e2a2a7e6369a1cf7acf24d54068,1742f9e84f26bdae2aa80ad287934f5d,shipped,2018-03-31 17:36:00,2018-03-31 17:55:13,2018-04-03 19:51:58,,2018-04-25,37f6687fb2defa58d7190f6c8fa888f2,2018-03-31
7400bc8ee7d289b54690fd540a3cdb8b,fadc0b6877f82d5a8426ea45e900b21a,delivered,2018-05-08 12:55:57,2018-05-08 13:09:40,2018-05-15 13:47:00,2018-06-04 19:48:27,2018-06-01,5453eb88876c69bb76ed488f8dfbea79,2018-05-08
dde2fb922a5e542ca84560b67901f351,fa35c2eb47d2ac9cd12506c23024faf1,delivered,2017-02-14 15:42:39,2017-02-14 15:55:34,2017-02-15 14:32:27,2017-03-06 14:06:56,2017-03-27,bd63ccd323d8ebd197530676a3cd36e3,2017-02-14
77fd1bb7a079c323766c396f21602228,99a041726abd378156681a6f5f519684,delivered,2018-01-08 09:03:01,2018-01-08 09:10:28,2018-01-09 17:18:53,2018-01-10 12:50:45,2018-01-24,f3f0ddf3a1d64725307b6868d210f82e,2018-01-08
fed39ea4db65131e475d2f1ed267cf1e,e724d380e31da91cf1b08843ca18d53c,delivered,2018-01-09 08:47:09,2018-01-10 10:31:40,2018-01-22 21:28:40,2018-01-29 21:35:03,2018-02-09,698b014f7129b0ccf246ad43e68ae720,2018-01-09
4fc507af490f1dfdd4eefcc6a0144b40,47fb59334a16872aab42fd62cf1665fa,delivered,2018-01-27 17:25:57,2018-01-27 17:37:20,2018-02-08 22:13:17,2018-02-09 20:34:48,2018-02-15,1c553721323d2cf153d114724b92118e,2018-01-27
0d2b97cf9a17b4e44a12371fa7536c1c,a10f809da5724187f9886fb340997c50,delivered,2018-07-22 09:28:51,2018-07-23 11:31:46,2018-07-24 14:28:00,2018-08-04 03:08:45,2018-08-09,ed68497b3838f0d8619f3a359c74359e,2018-07-22
425db79ac88bce97ec9884db3be0e019,9446e9602579c66ccea1df94a8e1dcfa,delivered,2018-05-19 17:55:39,2018-05-19 18:18:51,2018-05-21 14:57:00,2018-05-24 17:18:38,2018-06-07,2af088e64be11bcaa84f33d9cb919658,2018-05-19
07f6b1ad9ba4f7a4d2326adf7b8f517f,0cd47abbc8d9c815ff586e5b21280105,delivered,2017-08-23 16:15:30,2017-08-23 17:32:48,2017-08-25 12:23:40,2017-08-31 20:27:31,2017-09-13,23ae02cdcd126d779864e941c1202249,2017-08-23
ea1e1ffc5007718537ed671406b8538d,2db1a414c23fd5195a1a90da12cd28c5,delivered,2017-08-08 18:54:11,2017-08-10 03:15:36,2017-08-10 20:17:39,2017-08-15 15:17:32,2017-08-30,120194fff7d96a5f5a1cafc94fce234d,2017-08-08
fef460386535d68be40b5323a195b4b1,9f91a746be44192dc25de0c87d35e0c6,delivered,2018-06-12 08:01:26,2018-06-13 05:32:31,2018-06-13 10:39:00,2018-06-20 18:35:19,2018-07-16,afcbb3bd91b1a59a1b596d9c2dc3c925,2018-06-12
089099bac717ea03540251a8c02858b6,7f52f3f969ad5ea4a7b9828b41fe4913,delivered,2018-05-09 20:44:52,2018-05-09 21:15:16,2018-05-11 13:55:00,2018-05-16 19:06:07,2018-05-25,65b13de479f7ba879fe089ebd8d53f8a,2018-05-09
435f60d4f7e71b80e2fc988cb76eb68b,d259c07a3daff5f3b6d7e7842871fde4,delivered,2017-04-03 09:02:59,2017-04-04 05:45:33,2017-04-05 16:22:30,2017-04-13 13:10:28,2017-04-26,f2b0e487c75dec05c5b2a759baf1d9e9,2017-04-03
d1a5645d176964e7fc023cfc80d06f1a,d3eb15c5980e25bf63acd83816968909,delivered,2017-12-30 22:29:45,2017-12-30 22:38:27,2018-01-02 17:13:57,2018-01-04 12:52:55,2018-01-18,c3bbb44403eaca0b1a298510aa9cdae6,2017-12-30
39b9820979b360fd55967934e0bc3f80,1d446ada44950f2608dc0c04c9b74bef,delivered,2017-11-26 19:09:22,2017-11-28 19:53:26,2017-12-05 08:52:54,2018-01-10 18:04:20,2017-12-21,c9d1dccce8169944dc355f645606f824,2017-11-26
d9064a51ed213dcd0cfe59a9039ec458,8c7a3139130cd3e36983e6f7626ccf6c,delivered,2017-11-12 21:15:17,2017-11-12 21:30:25,2017-11-16 18:09:24,2017-11-17 22:56:37,2017-11-27,59bf0cc350e827e3835f58e7df080d33,2017-11-12
aa5d6c8f531d300ba705fa1f78e02a9c,c0654c567bb1c55fb860c16d8fbcbbb3,delivered,2018-05-26 13:30:50,2018-05-26 13:50:57,2018-05-28 14:01:00,2018-05-29 19:41:01,2018-06-20,9ad3940a456f42779cc39fcc8dd6738e,2018-05-26
91c3ea3f720dd9cc12b762347379b0eb,930cddd48e6ae47a5922cff200d54069,delivered,2017-08-25 21:13:15,2017-08-26 02:10:11,2017-08-28 20:33:52,2017-09-05 17:12:03,2017-09-14,6795bb0c9c974e256e4d4f919071f7bc,2017-08-25
c32cfe30ac8d846c41d6695f9967bd04,c2cf124b411389488351af371f0433f5,delivered,2017-07-06 10:14:35,2017-07-06 10:25:18,2017-07-07 18:59:37,2017-07-21 16:52:42,2017-07-28,d0f9b976da27b535b59cc7d7aa9e5077,2017-07-06
ee0431aa779ab9e13b643a5aaaaca67b,378a3995b1ee9e90d80e8e57e6e64862,delivered,2017-10-17 13:54:53,2017-10-18 02:58:31,2017-10-20 22:34:46,2017-11-03 17:51:51,2017-11-06,e4923ae2c32e70e3c5a6e73a9fb872f2,2017-10-17
fd1dfd657df57a8183a8bd5ad5725538,37eeab71386686bbc66ecf73feb97e88,delivered,2017-03-01 23:34:48,2017-03-01 23:50:10,2017-03-06 11:46:03,2017-03-08 06:52:23,2017-03-20,01ec66cacd4c45d04f9ee2a1c25bb20b,2017-03-01
a94b9255b3c3ebd206b09a5625e39ea2,92630c29ae3735ed24891feef3e66906,delivered,2017-06-04 21:12:58,2017-06-04 21:25:18,2017-06-13 14:16:36,2017-06-30 15:53:32,2017-07-07,f596242db91986b554f25768577cd5be,2017-06-04
d089c57c3f1314fa5bb23b8416231e81,11933b54094b0c1af8483c4d91abf345,delivered,2018-07-22 17:07:50,2018-07-23 12:32:15,2018-07-23 15:13:00,2018-08-01 19:02:32,2018-08-15,b7efe81a660b0607751273edd1e41b4c,2018-07-22
7d026db5c988be1bc3facec0e7fdb8c9,2e2a12a844ce176824840037f43a37ad,delivered,2018-08-07 17:08:54,2018-08-07 17:25:06,2018-08-14 13:09:00,2018-08-23 16:04:37,2018-08-28,51828e7ba9927cb7dd5a8884b22a34b8,2018-08-07
d2b819d0452d793d35f2f462a37e3067,6df0e825a44f68c553829958bce20569,delivered,2017-05-25 10:24:21,2017-05-26 02:42:31,2017-05-26 08:05:55,2017-06-09 13:55:02,2017-06-29,b7ffc070e18d037f5b99cdd828d96a2a,2017-05-25
bbdef4b5ecad947f721ab789db1dd57f,e4021257f141caca88c5cc080773eda3,unavailable,2018-03-04 22:14:40,2018-03-04 22:28:45,,,2018-03-15,a5d802afa1d094ec8861e4a911c328e5,2018-03-04
a7adf8d0ab081caab51b96af34523e00,4b7a8bde4d6788812ce5e49666666f25,delivered,2017-08-15 17:05:06,2017-08-16 18:10:15,2017-08-18 21:49:55,2017-08-28 20:21:47,2017-09-06,9e527c9bc89a4228e5d8e136712ec63e,2017-08-15
eb5601a8a1f6ef9ce717d9862bc78722,0ffce45bf9ee56cc2fd80f6a1ebf68fb,delivered,2018-02-08 08:40:42,2018-02-09 10:11:46,2018-02-09 19:28:46,2018-02-21 21:16:46,2018-03-06,3c55cdc2a66bd55b8725a89221d05970,2018-02-08
119f5a78ea23b1b012dfe576225b5d10,d2e59c436a5d597214c54ea5acffdbe7,delivered,2018-06-29 12:24:19,2018-06-29 12:35:10,2018-07-02 14:28:00,2018-07-06 17:41:48,2018-08-01,d35938aad302e02792fd598dfcf5cbf0,2018-06-29
1e12bd2ecc7b4ed9cb562be4e64cbd7f,d4dd8c03527a45f25fffb55a071fdf21,delivered,2018-05-20 19:40:56,2018-05-20 19:50:44,2018-05-23 13:39:00,2018-06-08 17:04:06,2018-06-14,6ba26b2510af11f4a83281318b9cdff1,2018-05-20
db29e664063fa3557cde395e02920f42,45c0488bbf01d069aa286319b66e22e7,delivered,2018-08-12 20:10:32,2018-08-13 20:10:08,2018-08-14 11:50:00,2018-08-18 13:48:21,2018-08-20,3982095fa4769015ecd7cc0d0204fa1a,2018-08-12
21be81b09ccb9f3d183ce25919c8c30f,12e7704344fbf19e9fad7fde7d56396e,delivered,2017-08-08 17:28:45,2017-08-09 17:35:13,2017-08-10 17:52:14,2017-08-19 16:27:31,2017-09-11,d798e8eafe52d3424dc0c88e95bcf978,2017-08-08
a62140d1eb99239dd849b909a48a0971,b5ec169666804af7265677402e9a8017,delivered,2018-04-24 06:36:45,2018-04-24 18:54:10,2018-04-25 13:40:00,2018-04-26 21:51:46,2018-05-09,a2ee01609cebac76651bfc4814f5500e,2018-04-24
7e8734a38ac8a79a7235d256f581e885,7cb07e905e7172ce6c04eea5eed5888d,delivered,2018-08-07 08:05:25,2018-08-07 08:44:46,2018-08-07 13:50:00,2018-08-14 18:37:38,2018-08-20,35d4b26aec1a5b78fa922135093c9377,2018-08-07
761f951c436266ce8269f9aeb52ee5e1,f75a9fad9c2ef07542ad3eb5c7f1c5f0,delivered,2017-07-30 13:28:34,2017-07-30 13:43:24,2017-07-31 18:01:26,2017-08-04 18:23:04,2017-08-22,23166e3098740c2240fe5f187b5de215,2017-07-30
177f8b6f0cfd6ef224d0caf1e59d89bd,e1fdfa0695ef19dbfa1018d021dec182,delivered,2018-06-09 16:12:08,2018-06-09 16:29:07,2018-06-14 14:18:00,2018-06-20 16:56:57,2018-07-11,5beb14f603ed51da383102bce45011a5,2018-06-09
7f88683c8e73da556d652a823d4050f4,feb9f770bdcc1711e9dd4996adea10fa,delivered,2018-08-09 07:32:45,2018-08-09 07:45:09,2018-08-10 15:39:00,2018-08-27 23:22:26,2018-08-31,030059570d2bf6147d5d70cd727c3697,2018-08-09
c52321f7707d043322eba0bb9c6c1ef4,f1dc75a4e0484d21ede6e536651e1282,delivered,2017-12-10 17:17:15,2017-12-10 17:30:15,2017-12-11 17:04:56,2017-12-18 21:43:08,2018-01-04,9f027be653a629d52c3378ed80327858,2017-12-10
54489dc43b208728294699a03e704d91,6d068eaaa0e34a46d80e4a90b44eca3c,delivered,2017-07-26 19:42:06,2017-07-28 08:30:21,2017-08-04 18:55:05,2017-08-17 12:24:56,2017-08-23,7775768dc16c38f0793417cf021ed71c,2017-07-26
98a09776f1286cbe1bfaa2379e33ba8d,985df90166f0acca910f2105d53d6d65,delivered,2018-06-18 19:01:08,2018-06-18 19:21:29,2018-06-21 15:05:00,2018-06-25 16:46:34,2018-07-11,f775ca80e1f7944913ef2e984465aa72,2018-06-18
662cd2dc83f47160dd07e1717bdb2ce1,c11458367a14104e50b36be2d46476ba,delivered,2018-01-16 14:19:53,2018-01-16 14:31:34,2018-01-19 00:56:33,2018-01-24 21:51:31,2018-02-06,ad69f90af1d48bbf80be688dc5faabae,2018-01-16
10b0cc08700da34fd2c2778af9ab388b,698db0bcb90cedf04468cb9e52e8c146,delivered,2018-03-11 22:12:18,2018-03-11 22:28:08,2018-03-12 17:06:55,2018-03-15 19:32:37,2018-03-23,c7002a4c1eb4dd7bbf3ddac2fad5b92e,2018-03-11
9b0736df64a320c985e2aa02453ce16f,c65cebfe321c38481ddf6a4d46d3e542,delivered,2018-08-23 11:37:30,2018-08-25 02:44:35,2018-08-27 14:33:00,2018-08-28 13:15:47,2018-08-28,ea19a5a33e1c56d4dee6364cda4064e2,2018-08-23
e1f7fd4580eedbf377860d89efe997d5,bba4cecac73ec3d2e47ad263c28fb1dd,delivered,2018-03-04 14:53:20,2018-03-04 15:09:02,2018-03-05 19:12:27,2018-03-06 21:43:00,2018-03-15,8f5cf6661f076604f5b7359e32df73f1,2018-03-04
5357520c35cc3e6341658161b67151b1,7917a76ef82ca4be5ab0f9e211a45459,delivered,2017-12-25 19:38:33,2017-12-25 19:51:24,2017-12-26 17:58:54,2018-01-09 17:29:33,2018-01-31,f22bc808c3eb91b7f9f301a243b7383d,2017-12-25
b151fe5e854b99ee8ff6186d8e67a0c5,9cc61c2f285df20ce83ab844fd62df80,delivered,2018-05-25 11:11:47,2018-05-25 11:36:56,2018-05-25 14:56:00,2018-06-01 19:28:18,2018-06-25,defd6cfc76f2350c3c0e76fb343e916e,2018-05-25
f329e0268c6dd7c8492893d6049b7075,69de578127c288e2cc3c2e5362cc7202,delivered,2017-10-11 10:24:12,2017-10-11 10:35:24,2017-10-20 12:58:57,2017-10-24 15:43:15,2017-11-21,9ee3355878a106ee6e35286c2652415d,2017-10-11
e2f3a90e59ee340336eda6e45ce3fb24,8fcb2ac952f183f3695080630fa8020c,delivered,2018-01-09 19:54:35,2018-01-09 20:11:36,2018-01-10 20:52:49,2018-02-03 00:46:07,2018-02-05,29a98259a3ae6fe23357a5b9fa7f0001,2018-01-09
2b40e7763ce2a2fbeb3e63dd4a498702,57e3c7b4d479d52601eae8365dc9aec8,delivered,2018-01-24 09:52:23,2018-01-25 02:57:58,2018-01-26 16:42:01,2018-02-26 20:29:13,2018-02-23,c84e86f69576815157e6f6317e124c3c,2018-01-24
506fad0fc79d02f8f890d91eeb9fddf5,0dc9cad43f5f7fc790046796d674f017,delivered,2018-01-15 20:01:51,2018-01-17 03:39:29,2018-01-17 19:59:15,2018-01-18 16:18:54,2018-01-31,fb1325a63c041f5d451cee4bdb0e6aae,2018-01-15
4fdddb85c674036842fa2c86494e8890,33d93708f11200d40ac11a4efab3bbb0,delivered,2017-10-11 13:01:22,2017-10-11 13:14:18,2017-10-16 21:18:21,2017-10-26 00:07:01,2017-11-03,57017bffe1b59c7da66267b6d3fcd44d,2017-10-11
6b5a2cfa488fc5324f22cafe995bd8eb,ea0b4bff98df39909d0bab62c60e0725,delivered,2017-09-16 17:43:25,2017-09-16 17:55:17,2017-09-19 15:04:43,2017-09-20 20:33:38,2017-10-02,1b81fbd932b177315dc75c08b7c03c65,2017-09-16
4d6654ead4a57a151e3df6fb20052675,febd81b18b250796ff4a0d2df1ed5ce9,delivered,2017-12-12 14:28:21,2017-12-12 14:34:28,2017-12-13 23:37:08,2017-12-19 16:43:16,2018-01-26,380f39912d336b06b870317aa6cf708b,2017-12-12
41028caaf199df18f6fbf94e3ba6180c,d325c94c9291ed4d4eff97bc40981b6a,delivered,2018-01-22 21:45:48,2018-01-22 21:55:30,2018-01-31 02:06:58,2018-02-08 19:28:30,2018-02-14,a4f60f87c70d2f39dd474cbdec033310,2018-01-22
80c6a53cf1e905c00caa7d3d85a4bdb1,c749739d85d86137c648abbad19d7953,delivered,2018-08-04 19:24:25,2018-08-04 19:35:18,2018-08-14 16:04:00,2018-08-24 21:11:57,2018-09-06,b4c964b5669c60bcf12195bf6eae3d7b,2018-08-04
0fb55482ffb326ed131c67051fe87192,934e65df19ff6cab141d3ec2b1a14e2a,delivered,2017-04-25 21:08:54,2017-04-25 21:22:34,2017-04-27 12:32:08,2017-05-11 18:47:46,2017-05-16,16a118cdd850a423b5708fc79019eeb1,2017-04-25
91cff4226206f54ade306c921d59f121,1dbf5bed644bbcbdf476f2fafd4806ff,delivered,2018-01-29 19:18:47,2018-01-29 19:31:47,2018-01-30 19:54:30,2018-02-17 01:11:48,2018-03-02,50862d446e80dc8fdd03f890cda2f2b2,2018-01-29
e6c31d156f3b4cbe1942da11b01e386f,bc8a1d920fcb50b72672cab95f989206,delivered,2017-05-19 09:41:53,2017-05-19 09:55:13,2017-05-19 10:31:35,2017-05-31 16:33:08,2017-06-19,95b903120174e73b65af44e941ade781,2017-05-19
205f0525fe708de4db2434516fe7c376,498fa6a4a7e975bd0c9ec575e936c1ca,delivered,2018-07-19 15:21:31,2018-07-19 15:35:20,2018-07-25 09:54:00,2018-07-31 18:54:42,2018-08-08,658ede7e14aaa922aaff5ff2f05c1c99,2018-07-19
e462b9c1dbe3c306a5b7b78d72dd7f79,ab81dc95c137f31d229c1b9c4e901149,delivered,2017-07-25 00:12:29,2017-07-26 02:23:18,2017-08-03 21:14:35,2017-08-17 11:10:06,2017-08-22,634673493639273c0801012b11364bc4,2017-07-25
9f6dfd14e123bd6e6372b4c0723a0d8e,4d0c498f71f4f6b3950043cf3b4e96ec,delivered,2018-07-30 17:09:29,2018-07-30 19:31:37,2018-08-01 07:56:00,2018-08-03 21:04:00,2018-08-07,4c2610c2eeb6d6542fd06215ef5f1c9f,2018-07-30
b04477ada8d2ad7fa9d95358baaa785d,fc29af95ef22de1bc3dbfc54556ffb0a,delivered,2017-12-21 12:27:13,2017-12-22 02:38:50,2017-12-22 23:34:09,2018-01-06 13:39:08,2018-01-26,2200dfa3da5be08ca704e8809eecec99,2017-12-21
33bf2ecd9c887519e7c11288384fa270,840833b0bf68bad85ab152ef87024316,delivered,2017-06-20 14:02:23,2017-06-20 14:15:14,2017-06-23 10:43:54,2017-06-26 13:57:58,2017-07-04,ae207cf8119fd10e3b9ac24570089fad,2017-06-20
9b652bd154e0804cb616f5e7c991e3f2,07bb973d937f79716f72adaccd6a4d17,delivered,2018-01-06 18:03:07,2018-01-06 18:13:24,2018-01-10 18:40:18,2018-01-19 20:38:44,2018-02-08,06ca006fe6294b6a9c602c4b12607e6f,2018-01-06
d92197e1617b69200451debc2626c333,a45ca5e6fc32bfa5bfae981107d3ef27,delivered,2018-05-19 09:12:17,2018-05-19 09:39:47,2018-05-21 15:54:00,2018-06-12 18:08:33,2018-06-21,397b44d5bb99eabf54ea9c2b41ebb905,2018-05-19
97d2f8fe76f2f253b8291e17b5383884,5458c93e0db88f9b885bc7dbc3bfa2a3,shipped,2016-10-05 11:54:15,2016-10-06 15:51:26,2016-11-14 09:28:51,,2016-12-07,81e5fcd4b5436bb7e3eefd166f7bc489,2016-10-05
5e87cdbe29d6065faf8da598dfea8f6f,415390b79faebd1557378d29ac28fed7,delivered,2017-12-17 20:34:18,2017-12-19 14:32:25,2017-12-20 15:28:37,2018-01-03 22:36:13,2018-01-11,66b9fb4bdbdfd0eb6d7787f0789a3ae1,2017-12-17
44f9d1c2b55cc4c403da0524e3d727c4,7dae275a0c48d70976e53b4417324dd5,delivered,2017-08-20 19:18:04,2017-08-20 19:30:21,2017-08-21 21:38:03,2017-08-22 15:56:10,2017-09-01,83b39bf7472a5fff63cfda6931e91e96,2017-08-20
81b2727cf9cd65cf272e2ff378840983,d28ef63a068779849b838596bc75d6f7,delivered,2018-04-25 12:31:38,2018-04-25 17:35:30,2018-04-27 09:13:00,2018-05-03 00:36:31,2018-05-08,69c9f3fc8b4154884321f76ffa016f78,2018-04-25
57c18f4284e896f80e8b81086c4f95ef,fbfdd7fe2c8685586b7e44a2970d0727,delivered,2018-02-01 06:55:18,2018-02-01 07:10:39,2018-02-01 18:12:23,2018-02-02 19:13:04,2018-02-19,c1cc954b06668342ccc7aa28f90fac83,2018-02-01
89e4480fbd3d9e4798dc09b84ec53334,e84108e0a42d2fcc75aeb0580bc46c0e,delivered,2018-05-10 17:26:25,2018-05-10 17:51:13,2018-05-14 06:36:00,2018-05-23 21:32:46,2018-05-22,71869d940bc95136738f7ab1b004716d,2018-05-10
80d0ad65de53f6ff0e3ebcbc52d3b3b8,679b2f8af0e0d2b38db0486e5ac4e5fc,delivered,2017-12-20 21:09:05,2017-12-22 02:51:03,2017-12-26 19:12:31,2018-01-08 14:48:23,2018-01-19,1d69cad1a7af13a8f78fefc1b996a94c,2017-12-20
dad1e3ac5ffebd3fb9664bdf1efd3064,6ac7224337d1da0e6d408e6be63d3222,delivered,2017-11-24 15:27:29,2017-11-24 20:33:36,2017-11-27 22:29:19,2017-12-13 00:18:59,2017-12-22,123249643d3ffd56ed983e684e5cfa7c,2017-11-24
9730a429f7355c2dcdbcfef54b638172,a613fd651e8ace0cfe8e7b43534d9752,delivered,2017-09-16 12:47:53,2017-09-16 12:55:15,2017-09-18 13:45:32,2017-09-25 19:03:21,2017-10-10,cc2166672776703f9f6c7a2846942e26,2017-09-16
6acf2b0f288195a72858fa65ff2c43c7,48a2ff6dd87b7dea2ad5a878a393809b,delivered,2018-07-25 09:57:52,2018-07-25 10:10:17,2018-07-25 11:19:00,2018-08-02 11:28:39,2018-08-15,186ea6564c0bea9bfd22c78c5f37f2bd,2018-07-25
d263c6d795845c0224adf410912ba638,2f17624c9528bb0a4890103370ffc393,delivered,2017-11-28 20:32:56,2017-11-28 20:56:57,2017-12-04 17:58:09,2017-12-15 19:18:39,2017-12-18,4bd4dc71b575bfbc066b21eee1eafae5,2017-11-28
16c3ca58f55e1752c30c707a7612b879,0338c6d579ef5642c7b1c9e565a6c812,delivered,2017-04-17 09:17:54,2017-04-18 09:21:55,2017-04-18 14:51:37,2017-04-20 11:40:07,2017-05-09,00e707efa5ad9f0e6bcaeeb87910693b,2017-04-17
f8165cb41863e5548cdf01f1463b405c,0e40e144fff28a4a3ecb37bb48f201aa,delivered,2017-09-17 13:14:32,2017-09-17 13:25:51,2017-09-19 14:23:55,2017-09-20 19:44:01,2017-09-29,6ba32efcb359d12143b1bf24b7592c81,2017-09-17
f889e402bb8fdb62c8e73bb3764cf6a9,43cf08176e52c596d62aacc25141a08d,delivered,2018-03-01 14:58:00,2018-03-02 02:10:03,2018-03-02 23:23:14,2018-04-08 16:50:52,2018-03-22,53bcd05d211afbbfa144766ce0f6fd1c,2018-03-01
071516a72b8a838c15842568d1b995f9,f9de22ef0f044b7f27d5023343857b77,delivered,2018-06-11 18:43:32,2018-06-11 19:02:53,2018-06-12 15:23:00,2018-06-14 17:56:25,2018-06-28,06d1978fe33d7a00904c2145feb94fe9,2018-06-11
795b0bc608229d7cb45e79030bfa7d4b,ab33748513d842c1bcab5fa685c41449,delivered,2018-01-13 18:34:27,2018-01-13 19:30:54,2018-01-16 15:25:57,2018-01-23 00:14:13,2018-02-16,f04005121441c4852120717cedad6014,2018-01-13
2341e8f8010d9fd0e367ae298fb20ff0,ca5efffb392fef60affffade3e116f2b,delivered,2017-11-22 14:53:56,2017-11-23 02:47:36,2017-11-23 22:57:15,2017-12-04 23:38:29,2017-12-20,ba51c00331da2443f7bccb1f07322147,2017-11-22
b4700fc91bb3fbc155bfc04ae821ba04,8d619f80aabf169920e723ebf035f577,delivered,2017-02-04 22:46:24,2017-02-07 04:10:33,2017-02-08 11:03:45,2017-02-22 06:57:49,2017-03-30,d23d00f1b2235c3532cc0753d196285f,2017-02-04
040d7a91a18a8d2262e45df7c8ea8051,b07d3845ff0addca8fc9fa54ea872c84,delivered,2017-08-08 10:51:20,2017-08-10 03:15:49,2017-08-11 18:42:12,2017-08-15 20:24:43,2017-08-28,86524cb20ed520c47b9826f97bbabcca,2017-08-08
cb40305e23621178c3301f1a202b87ca,daae52fc30b6ee78b90d74b084f00eac,delivered,2017-08-28 21:16:21,2017-08-28 21:25:18,2017-08-29 22:20:03,2017-09-11 17:29:53,2017-09-18,3640646bd04f1db76c878abf31b03038,2017-08-28
e75f1da586f734da31fb56a851068857,12f7134c678d3f3c6fb6ca7c8fce4d3a,delivered,2017-11-17 15:30:03,2017-11-17 15:47:46,2017-11-21 23:11:23,2017-12-06 17:16:11,2017-12-18,55bb91a06e34d43837b86890e1c9a217,2017-11-17
2868cec2c0d3cc29873e13a46f55f532,4620a55c9740b01b892fca96e3c065c0,delivered,2018-07-24 19:04:45,2018-07-26 03:05:16,2018-07-27 15:34:00,2018-07-30 15:38:48,2018-08-16,382d87ad789873a3337747526a053bd9,2018-07-24
96c284fea37bf65abad9c4c8847a869c,c5a311bf217bf68d1bd93fd7854e72ed,delivered,2018-01-23 11:15:16,2018-01-23 12:18:02,2018-01-24 21:44:17,2018-01-29 19:39:07,2018-02-15,5162f7382b2fd79d28d41d3ee84eb967,2018-01-23
63b70949bbcc27f05bdf0c0da367cab7,f8255a04747feced890cd9fc348d91f6,delivered,2018-01-02 12:13:57,2018-01-02 12:29:22,2018-01-10 00:32:49,2018-01-11 22:42:10,2018-01-24,4482bf289bc0bf0e5915e878bc08bca9,2018-01-02
a6a1b8d3aef88816d4db15d9edde7b5d,b7ae8ccf4db05cfdefe709e22ccce819,delivered,2018-03-18 14:57:35,2018-03-18 15:10:29,2018-03-19 19:48:55,2018-03-24 07:08:43,2018-04-30,de0cd4a836cfd7c507e551fdba5a0bc1,2018-03-18
45881bf836d74c8e321eb6467c8eef47,da88831d5e0390c2791ab38acd5ca5e7,delivered,2018-02-10 09:41:24,2018-02-10 09:55:29,2018-02-19 09:35:06,2018-02-28 21:34:09,2018-03-14,8333f31092757a5fa6b917de74955d97,2018-02-10
cce3f49cd454ef2ad2924bc694eb1df8,b315622e6aa6f42dadc791504ffb88d2,delivered,2017-12-06 16:08:08,2017-12-06 16:31:56,2018-01-15 16:33:31,2018-01-29 20:18:58,2018-01-22,4d645a79f9e8db4f4ce063f6fdc1556f,2017-12-06
201110a18965fc0d621ebf10a2a69288,daeac7c683a60e1e0eabc8ba0df9d3a5,delivered,2018-02-14 13:16:13,2018-02-16 07:47:01,2018-02-16 19:28:32,2018-02-22 15:37:52,2018-03-12,d0f3363e59cfc2c45445723f67505097,2018-02-14
6500414804835661998007480dff5709,bb161d1bf200ae7f95379a2fa7ab0aa9,delivered,2018-05-06 15:09:38,2018-05-06 15:33:36,2018-05-07 15:15:00,2018-05-08 18:12:51,2018-05-22,75fe53c9b4e7f11bc914e7e301887477,2018-05-06
7254b66719addb416bd46b5f01fbfa67,d6c42f56690e13e859a8b1f901aa0228,delivered,2017-05-29 08:37:51,2017-05-29 08:50:07,2017-05-29 10:55:11,2017-06-05 13:42:32,2017-06-27,532dd1e9cd53b7d23c8b57bcf260671e,2017-05-29
87dc3fd7007c4660f83c57f210061b28,82551e1ab57801c1525f0ffe428fc6d2,delivered,2018-08-15 10:50:50,2018-08-15 11:05:08,2018-08-15 15:10:00,2018-08-29 16:57:41,2018-08-30,ad44b3c17ee6d68e65859c41a1fefe58,2018-08-15
e4ba1a004c49a4399b0cd95fdc64a7e4,1983924d8cecd6fbe2687328834d8526,delivered,2017-12-12 15:27:12,2017-12-12 15:50:51,2017-12-18 12:42:23,2018-01-06 14:10:12,2018-01-08,816d93c61f38b7a4cebcf5e5bcb32d03,2017-12-12
676a0d0cd3f3ceb3335a3e17420eed92,48f1810d593e6076b270d702d62daa4c,delivered,2017-11-29 09:22:07,2017-11-29 09:39:10,2017-12-01 15:38:43,2017-12-07 18:29:30,2017-12-19,98245ed8c8d57ba6dcb8e5d86942ab1f,2017-11-29
10f5c2d2d4bfa731b1ea9cdcb6175099,1913fc558212417b4bc2c481af3f0ec9,delivered,2017-08-31 13:13:43,2017-09-01 04:33:55,2017-09-01 21:34:35,2017-09-21 18:22:44,2017-09-21,1cc4d0a08425d549b5d1f42d90b4f72c,2017-08-31
bc4f1f54c637e35122e5e9e5fa2fe7ca,229eb8c50472861a34583e5d68fd3bbd,delivered,2017-10-16 10:52:13,2017-10-16 11:14:08,2017-10-20 10:43:55,2017-11-22 12:18:33,2017-11-09,ec6bc5d623731d4903c0b687f2f3e8d3,2017-10-16
51c1232b13f85df0b7704af559d49c07,0230afeb8b53c8833e1cfc3a17ee2016,delivered,2017-07-15 16:28:04,2017-07-15 16:43:38,2017-07-17 19:13:03,2017-07-18 19:16:02,2017-08-01,f5f85eba34e75daf147590d223838ced,2017-07-15
5e6f7229aec06e67732033777ee84816,11787df0ce15c1f8f9810e452fdf3925,shipped,2018-08-17 11:55:11,2018-08-17 14:27:13,2018-08-20 09:16:00,,2018-09-04,f65bf2a31e41b9fbbc1c14056b762f08,2018-08-17
34fa8bc180c03d1b4c70250bca0adace,0c5f7a031b2d75ca9866d5fba3382b9c,delivered,2018-01-27 11:26:07,2018-01-27 11:36:25,2018-01-30 22:41:43,2018-02-05 20:07:14,2018-02-20,ca816559543d86f6229675d454014909,2018-01-27
92723afaec3525daf0ecfb20994aafa0,98d51e185f51731dfe310ad4f4c16af9,delivered,2017-09-25 12:00:08,2017-09-25 12:10:16,2017-09-26 14:32:17,2017-10-02 17:37:59,2017-10-10,4a162a5419f7cbfd59195ffc458479fb,2017-09-25
bc238a82710ad46b0977e570ab085926,5f776a5ed2ba1e7e308db6fd7639ede1,delivered,2018-02-09 23:05:25,2018-02-09 23:27:48,2018-02-15 16:28:54,2018-02-26 21:29:05,2018-03-08,91271495e9df36869f1fa4adf0d52c1c,2018-02-09
a5a1cabede9ba7b85cc04f0c65bddb88,c364f67e37eacbbc562be9a71889bc2a,delivered,2018-08-03 00:15:35,2018-08-03 00:25:16,2018-08-03 12:12:00,2018-08-07 20:22:52,2018-08-13,ad89853e85080da06ed42f71c9800c04,2018-08-03
717655141667e7ddd98d141db089030f,c238a7a6b8fc156a606a9577031bfa43,delivered,2018-04-27 16:25:21,2018-04-27 16:53:04,2018-04-30 11:48:00,2018-05-22 15:34:38,2018-06-01,bd058b8c5379020eb275cdb503088d9e,2018-04-27
0e2fe4a9435f66fade2904a904a0adaa,51fc4f4614c406974c4bfd7a5a5ff8c2,delivered,2017-03-01 20:47:26,2017-03-01 21:02:17,2017-03-02 08:48:41,2017-03-10 09:27:35,2017-03-22,8df1329b564044430fe684b6632f0c8a,2017-03-01
6f8de3779a7d0b86f8fc43a262e81b65,378ffabfeb53352f6624c6911cecf3f2,delivered,2017-03-02 06:57:21,2017-03-03 02:30:15,2017-03-07 10:58:01,2017-03-16 04:32:27,2017-03-24,9b18c3eb3b506f6fbb54251af06e9588,2017-03-02
ad6f615c60eaf5e837c529d111f0877a,bac0a8908cb0b1e318878367b7afb88c,delivered,2018-05-14 10:15:00,2018-05-15 10:15:41,2018-05-16 13:52:00,2018-05-21 23:04:38,2018-06-08,1621e310494e1ed4f52cfd36da5fde30,2018-05-14
9a34a9ac2fd3c9b5b749595e5d4df912,c2706167b111035a511156dede76030d,delivered,2017-06-06 16:01:30,2017-06-06 16:15:35,2017-06-07 15:48:57,2017-06-08 12:35:47,2017-06-20,500fa5e47859eb288531ad716890899e,2017-06-06
ecae73914f65a01db35cc609281364ef,d19ac15829280ea8c8f870d7e2d49fb1,unavailable,2017-05-31 09:52:11,2017-05-31 10:03:24,,,2017-06-26,3e05cc5dea6032de7ad2824d0d719740,2017-05-31
a1e04e78fc657db74aaba58eca1e87a9,9939eea65706fa34a920723f50ca07d2,canceled,2017-07-26 13:39:14,2017-07-26 13:50:21,,,2017-08-15,9ff407e54f1f360b681b408193336c6d,2017-07-26
3a5857b4cd8ffffc419e48b047920183,057bb54363f46f97416ba8888ea1ccb0,delivered,2017-11-28 21:04:55,2017-11-30 02:22:25,2017-12-04 22:09:06,2017-12-05 20:38:49,2017-12-13,f3182829ad68d032ea012c6464baf691,2017-11-28
8e481ac12e05d41b6bcda081f132789c,d3f54319918ee4dd964f22fc215527bb,delivered,2017-03-20 17:54:15,2017-03-20 17:54:15,2017-03-21 08:17:28,2017-03-28 17:05:45,2017-04-10,5f543e3cd868d4be18b8764d62c2a464,2017-03-20
ea1104bc82d4e7144bb17b3d7853a930,b5fafd3b606b479ad14ecad6eeeade71,delivered,2018-05-11 10:13:31,2018-05-11 10:29:50,2018-05-11 14:17:00,2018-05-17 19:03:05,2018-06-06,5a46ee8cfcbdc029db7152e5ce3faeb1,2018-05-11
149f7e7d7dd01505a6b7f2f5ea5226df,ed34da9abb1d9f7a8d64d9204d8a9ee7,delivered,2017-06-08 19:15:15,2017-06-08 19:35:09,2017-06-09 15:12:28,2017-06-10 07:11:50,2017-06-22,3ad67b047caa5bfbc18a42406c862220,2017-06-08
b8ee772df07134efe7ac03586de22add,5fc9a903467ab21191eab7accee61ed6,delivered,2018-03-05 13:32:23,2018-03-06 03:49:02,2018-03-14 18:48:31,2018-04-07 00:58:31,2018-04-20,96d80d2736e09d1a51bb4051b4c2698b,2018-03-05
e0ca48c3d8bef74e0cf6e6847b47f2ef,00ccce5462294b682e2a5b34bc37c3d5,delivered,2018-01-09 07:29:28,2018-01-10 10:32:23,2018-01-10 18:25:54,2018-01-22 23:58:47,2018-02-14,820af62eb6a1ce037f5837079a794ea1,2018-01-09
f7bb1808de8fcbb7b751fd8f7687f14d,2aa9a7aba78493bf62442d664a90fcc7,delivered,2018-01-06 23:32:55,2018-01-09 07:20:47,2018-01-10 19:39:02,2018-01-19 21:43:14,2018-02-08,5caceb4dfa28e13ce6f9c0d3b4bd0c50,2018-01-06
68fa625f02107978e969340da28d0c89,1da22604a27387196b8a4cf970336f8a,delivered,2017-05-10 22:45:21,2017-05-10 22:55:16,2017-05-11 11:52:00,2017-05-12 11:12:18,2017-05-18,445fe2796a13dfb132a86c2a27ed2bed,2017-05-10
93c244c6bb63cafcde3117a2b2a5e151,0e72af1dbf7a7c521b03af207c03d86d,delivered,2018-05-03 12:32:25,2018-05-03 12:55:01,2018-05-04 13:38:00,2018-05-10 23:54:33,2018-05-22,d169fc56d9dc2f2936a16385258bc35b,2018-05-03
e56705e29ca62edcbae910d46fbcb427,88b3e8bff879958140426fb393a59a99,delivered,2017-09-15 15:23:00,2017-09-15 15:35:13,2017-09-18 18:41:51,2017-09-28 21:25:54,2017-10-06,cde1993879e3d5c0f18209204c755cda,2017-09-15
c53d2f2ce4d10360456c69e19f991aff,583f0880f0da846ee41ecaa197a19a8e,delivered,2018-02-07 11:37:24,2018-02-09 02:50:38,2018-02-20 22:52:52,2018-03-05 17:22:45,2018-03-08,07f4fe7018e56998864d95e97dfa1c78,2018-02-07
816f324de6dab02dd379c72216ba5bff,4d13bf4adf89eacf8b263312d35f1178,delivered,2018-05-10 08:06:33,2018-05-10 08:18:23,2018-05-10 13:39:00,2018-05-11 20:26:17,2018-05-18,2ae0ce90d15cbcd1b12876f48d7144fd,2018-05-10
6a563d5c27906c986e6b2e4f79f25329,732942cf061a8a17434dea4405c123c9,delivered,2018-03-29 19:26:28,2018-03-29 19:48:30,2018-04-03 23:25:21,2018-04-17 14:26:33,2018-04-18,6b9e1eaa592ab7d8bf818af346595f83,2018-03-29
d57c982355905f7bf6cd8aad41ccc658,3650fe0f5a9f5c25ba64bd15f5b6cfa6,delivered,2017-08-31 15:28:40,2017-08-31 15:44:58,2017-09-01 17:23:34,2017-09-12 19:08:00,2017-09-26,3507c77f8283bfaaaa00e46514f8ec9d,2017-08-31
5f41ba651ddd43c1070bd2db77b00b00,459ed37bd5f3085c25cd98487ce1ebb0,delivered,2017-10-10 11:11:44,2017-10-10 12:14:55,2017-10-11 21:13:36,2017-10-17 17:42:50,2017-11-01,b91fb87e7c2a799ceea012892a6e3a4e,2017-10-10
f96b5be713a2dc433abc88d692ace652,a8e11d57d30e638bff0d3714ccb15087,delivered,2018-06-14 00:49:15,2018-06-15 02:17:22,2018-06-18 13:27:00,2018-06-25 16:12:30,2018-07-17,75e4a1d0c13adb8cbb5a9338bd3b980d,2018-06-14
6021e72cbaae84fabb1a8d6908d2e407,b851a3f4dd9ebd285ee43d7fba3b5102,delivered,2017-08-22 10:27:11,2017-08-22 10:45:49,2017-08-24 15:23:01,2017-08-30 20:55:00,2017-09-20,f85ce0e8b4f3c58759f9fda69515aebe,2017-08-22
6145ff8dca32adeb820e1405c8483bdf,7a733e972010c8be298c2e2fe705f05e,delivered,2018-03-01 14:06:53,2018-03-01 14:56:54,2018-03-05 20:13:55,2018-03-21 19:56:53,2018-03-20,d7830d2cd796b860f29c873a109fae4b,2018-03-01
b62001b38d12c99ffbafa1c609797348,8cb5d5e180e4dbdffdc4af261b618790,delivered,2018-04-06 14:14:21,2018-04-10 03:49:50,2018-04-11 22:41:05,2018-04-16 21:12:33,2018-05-07,bd879722dc92d795d57264b3c1e09f6a,2018-04-06
f750f65f581fc36b42bf2f2f70b4dd19,1ea61d2ebc0a3d215b45a19a8e42fc98,delivered,2017-06-30 16:41:53,2017-06-30 16:50:10,2017-07-03 16:59:26,2017-07-11 14:43:57,2017-07-26,46aa150e680c04524f7519ec2292a13a,2017-06-30
cc65ff3459f07735c94663725a5ce22b,9d74064a5d0b05bfe0d1af0937b89ff2,delivered,2017-10-07 21:13:02,2017-10-07 21:30:24,2017-10-11 13:44:49,2017-10-13 19:00:12,2017-10-26,d3dcae39bc883928f24d6040c2a6c2d0,2017-10-07
1b4c43e3067965965564641bf4a921b2,50b67e49412e93a5d37e790592da9006,delivered,2017-12-19 21:13:33,2017-12-19 22:12:21,2017-12-20 20:09:51,2017-12-26 17:53:40,2018-01-16,90168a02b6a5df02639a8f31ceb5bef5,2017-12-19
5334fbbb18fa16b1579236c773a1ead2,ef36e9fff8f8c311bdb8d8aaaf3c3f0e,delivered,2018-06-26 13:08:08,2018-06-27 08:54:23,2018-06-27 11:10:00,2018-07-10 20:28:52,2018-07-27,61eb8a928e032fcaa4bdb3b87f8e0e92,2018-06-26
1ad01d500af41c23f0f84509df94f797,3530865b2f80d5b074540d8a2fed21c0,delivered,2017-11-10 22:16:19,2017-11-11 16:30:44,2017-11-16 19:19:43,2017-11-21 19:04:39,2017-12-05,35d9487a7a829f7c76400b34195673d7,2017-11-10
ccaca3cf7deefb7e24e36ed8cd85c647,d4a0d0bdf1cc15d65d9ced47cbec5343,delivered,2018-05-07 10:00:08,2018-05-07 17:17:39,2018-05-08 16:47:00,2018-05-22 21:20:52,2018-06-08,9f10a450cddebea0e7cd86f67c894d1c,2018-05-07
3bc0b582f495fdc4dbec054f04f9fa3a,27a265848933c38398bf255657aab5b2,delivered,2018-04-15 15:10:31,2018-04-15 15:30:26,2018-04-16 22:51:07,2018-04-20 22:46:42,2018-05-03,b0e93753965bc6328ed8d25ac7cc9661,2018-04-15
de57d3e5ce7ac9d723a9572aac2b7fc3,be6c54c193f6d2ec2724c0ab827facef,delivered,2018-07-28 13:09:38,2018-07-28 14:30:45,2018-07-30 13:55:00,2018-08-07 20:21:42,2018-08-16,10ef72f007f444f092372deeab270f6c,2018-07-28
616af40af63ff5056d43ea07a322c10f,fd8a555de51282eecd0be08daf81f3f7,delivered,2018-07-31 20:25:03,2018-07-31 21:00:16,2018-08-01 19:02:00,2018-08-02 19:58:27,2018-08-03,2b6e79bf196b664b2eb9f2004fad4244,2018-07-31
c876d6fb9e48f2d2e622c9e3a716a8d7,1249216300a4e60540c3f24822285de0,delivered,2017-05-15 14:52:41,2017-05-15 15:05:16,2017-05-17 09:32:11,2017-05-19 09:39:45,2017-06-07,ef7e621d7461d199cb905471587e4ed5,2017-05-15
a89c99af44728fa4a6353bc609820a3d,495cbebb7b69df24dfd02552fb6e7cf8,delivered,2017-04-03 14:31:39,2017-04-03 14:45:07,2017-04-18 13:13:59,2017-04-28 13:52:13,2017-05-12,fe82528d6510186bf8d749b86125ddf9,2017-04-03
bdef95213c6176d9f65a227aba558463,f8ea9a3f142e872b1e796bd1e809dd73,delivered,2018-01-17 11:12:23,2018-01-17 18:29:53,2018-01-23 21:48:50,2018-01-29 16:48:37,2018-02-16,25463d3b7b5fcd0499f84d2602216e72,2018-01-17
ee04737d79939a0ff52a84c34c430093,96ec0d151192d831ad616d59b8be2b53,delivered,2018-06-18 10:21:12,2018-06-19 03:57:38,2018-06-19 15:06:00,2018-06-25 14:58:29,2018-07-17,276d23d7e6d48ef1a8d48c600c856d10,2018-06-18
343411396257f27dff4fe2c2a174fe98,2aa1ff5c1969377d2e079814478486e0,delivered,2017-12-22 19:16:24,2017-12-22 19:30:01,2017-12-28 13:57:11,2018-01-13 12:58:58,2018-01-31,e882f1a2f5eabc5a71451372329a7582,2017-12-22
d52ec59371d4477349b3a26e9607dc2c,0f99c31bedc34957e0dd7689d593a3b6,delivered,2018-05-07 18:09:56,2018-05-07 18:34:54,2018-05-08 13:57:00,2018-05-10 23:03:29,2018-05-18,33b5e70d9b7805b2806caf7f5dbbd5f9,2018-05-07
7135f4f1e5b1446f684e07b10b5b057b,67f15431bdbe78ead5de2c265f2c0a5c,delivered,2018-01-11 22:08:59,2018-01-12 22:08:13,2018-01-15 17:47:06,2018-01-17 23:38:36,2018-01-29,864c41dbd1a61c08945f1ee81c45e1d6,2018-01-11
882b68d1f14f22a2658e0de1ab4b0785,3191517c6289945562bb344f6c6ac41c,delivered,2017-11-24 17:05:16,2017-11-26 17:18:29,2017-11-28 17:32:42,2017-12-06 19:55:06,2017-12-27,f0b6ac44005f3536397b1f58c56be188,2017-11-24
74e801561512a92bdc060773683b7a54,0c37e6b998e499f5716f0f3dd4ea98f1,delivered,2018-06-18 22:40:47,2018-06-18 22:56:25,2018-06-19 09:24:00,2018-06-28 15:18:41,2018-07-05,f1f592fb544276b17419f0f2ade09036,2018-06-18
2e241dd7ebbf1f048d5e0783826066c0,2ee50c8acce81885e23eb2b2f8e09f0c,delivered,2018-03-18 21:50:07,2018-03-18 22:07:44,2018-03-19 21:42:40,2018-03-27 23:11:26,2018-03-29,e1f77148f586526a257a2c486f5d5124,2018-03-18
6b47aeb5acd9b0fc45cfa4cda0b42c5f,b8cf26d2f27185937b72500471712c97,delivered,2018-02-26 16:18:53,2018-02-28 10:11:07,2018-03-01 23:27:34,2018-03-16 13:32:41,2018-03-26,4213fb9a8faac3c944888e273fd32248,2018-02-26
b12e5d725658a4566286153c51727af2,2312b7bbf7f097b43ba5e3feb3429f59,delivered,2017-05-07 13:05:13,2017-05-07 13:15:17,2017-05-10 14:51:01,2017-05-17 15:17:51,2017-05-29,ac64c33e439eba6713e1743e070ef50e,2017-05-07
f9e6499752da6fc8ae3b440055370d8f,bfa4fb88e998929d9f6bfee1eed971b5,delivered,2018-08-08 20:36:30,2018-08-08 20:50:06,2018-08-09 16:41:00,2018-08-16 19:41:33,2018-08-27,002471155ecd08d208d1376720e2a907,2018-08-08
773faf2cf389b73fc799394b721262cf,ed66489b1dcdbec92339e8b217a5d733,delivered,2018-01-18 21:47:52,2018-01-18 21:57:28,2018-01-22 21:29:02,2018-02-08 13:18:34,2018-03-02,c4f2e1d9ed908006de280dcbd096fbb6,2018-01-18
61fd7198f99b6dfea49f9a7cd0fe2789,d2c5dc31f86d6780700991aca2cd59cf,delivered,2018-01-13 11:52:09,2018-01-13 12:09:13,2018-01-17 16:16:45,2018-01-30 21:35:10,2018-02-15,e670025d21280a9cfff41b26531c04bf,2018-01-13
b3afc9f329dba74751f0b2b1586bb103,b568fb9eee797c93e4f2c71a52cf0c99,delivered,2018-01-28 16:30:40,2018-01-28 16:38:57,2018-02-14 20:38:54,2018-02-20 21:27:48,2018-03-05,d77d9c6b064eaad88403ad087686bc64,2018-01-28
78d08dbbd210373254dc4730f3aa25a0,ce4018601d4af948986a99fef26550f3,delivered,2018-02-08 18:57:32,2018-02-08 19:10:34,2018-02-09 17:08:48,2018-02-16 00:15:31,2018-02-22,35a0b5cc1effd41a48a364b5c7a3f2a8,2018-02-08
4568bd0a9ecf831c2b27743ccf0f2015,6aef8b4eabee28b90344d0d4611df15d,delivered,2018-06-25 18:13:33,2018-06-25 18:50:22,2018-06-27 08:35:00,2018-07-12 17:33:39,2018-07-24,7c22a046cd18a2bfe87c79e63791c4d6,2018-06-25
a8dfd32371cae5bb9f2373b0be0d924a,eedb72d256dbf0ddef234716ead08bf1,delivered,2017-07-16 08:37:49,2017-07-16 08:50:07,2017-07-17 21:58:39,2017-07-19 18:54:44,2017-08-04,cc283b33c654aebd5cc5ca0cb64c8ac7,2017-07-16
acf63fc70f653d6bd063dafc3701eafe,382ba68dec58c88eeb698f87a50d2740,delivered,2017-09-22 11:28:46,2017-09-22 11:44:35,2017-09-22 17:04:57,2017-10-03 17:27:01,2017-10-16,5a1c4f4d68816c698f0cef3fced67645,2017-09-22
d8f4c65b2259adf42e2f7f51a82fc8d0,19c30d0bda26f7212ad56f6b31821a24,delivered,2018-06-04 20:55:31,2018-06-04 21:12:47,2018-06-07 14:23:00,2018-06-15 16:53:36,2018-07-18,94772b34f9bf0a3b7af2d022e2039d26,2018-06-04
14ca875b00d9cb1dccb7149f17a31fdc,74aa1f5f7e42e7d3790fe88086ae4468,delivered,2018-05-06 03:10:51,2018-05-06 03:33:57,2018-05-07 14:34:00,2018-05-15 21:16:33,2018-06-04,ea0f7914fa71e65985a65eed5fc2f115,2018-05-06
9b881df263e0c26b3fb8584bc0da7317,0c4a8b93effd07ade151a4961ae8791d,delivered,2017-11-30 20:29:44,2017-12-02 15:38:16,2017-12-05 22:38:50,2017-12-11 18:29:20,2017-12-22,af4f1a4fc432b8480911a4d2f8e9dee5,2017-11-30
95602660d1840a734d33125e90ce2b00,32b2db79dd0afcd6292543f98621f21a,delivered,2018-08-01 09:13:58,2018-08-02 05:15:19,2018-08-02 18:07:00,2018-08-03 22:08:42,2018-08-09,a90810cd065ea9531c8b0e37c62d7a74,2018-08-01
53cbb231b2386587ee92b4d0d2fe7641,a63ae89ca8c15d45f230266ffec82137,shipped,2017-12-05 23:25:37,2017-12-07 23:18:28,2017-12-13 16:38:47,,2018-01-05,ff30c8b01e2479e461881b4185aea4d6,2017-12-05
9e0a1a3c6816ec9c34b90123c3b31d4f,99b41af9f45019f3b62993c1532bfc2c,delivered,2018-04-07 09:50:43,2018-04-07 10:08:22,2018-04-10 18:49:26,2018-04-19 17:08:32,2018-05-11,8917b14ff5f8730930f1b2c98c7fc81c,2018-04-07
abbf6b153da3839e0c12cb1e78c1569a,5c8e8544d3e19fb8d470ce1b2cab5f0a,delivered,2017-07-19 14:11:22,2017-07-20 12:05:47,2017-07-25 19:34:10,2017-08-01 17:42:35,2017-08-14,531d4e151830acf83c905b7525a9edd3,2017-07-19
ed75cc8989121918832e0dcd3de3b3a7,928277e1b8ac8d887b866c84bc63b93c,delivered,2017-08-10 15:22:16,2017-08-12 02:45:40,2017-08-18 19:44:59,2017-08-23 19:52:52,2017-08-30,d0ed2b32e947d78eee48981b7f031575,2017-08-10
7d82352218a3ff20e045b8e5062dc39c,fc3731c564285a1fdc852355848fe3a8,delivered,2018-03-23 16:01:35,2018-03-26 09:50:29,2018-03-29 21:07:41,2018-04-05 18:19:13,2018-04-12,dca76d30c3b1d5154469c961be2a2143,2018-03-23
8e69cb6bacc0ad1b8f16f6990e9375ac,3d0b25a53e5aa536ae355886c606ed5e,delivered,2018-03-24 09:37:26,2018-03-24 11:41:17,2018-03-26 18:52:07,2018-03-28 14:37:52,2018-04-10,e45746a1b5cce291f9275e77b833eeb1,2018-03-24
c8e0e4f524c41556bad4eea44f53211c,6393c8f2de03b53e90386363ef416c4b,delivered,2018-08-11 23:40:17,2018-08-14 04:55:35,2018-08-16 14:16:00,2018-08-23 19:18:49,2018-08-28,b731d46305114dc0c12e1bde8dd93ef0,2018-08-11
14c13b6fd4bed33eb940ae31c5cafb43,0fc67df194c5187c17d22b318e2ee280,delivered,2018-04-13 15:49:18,2018-04-13 16:13:19,2018-04-16 22:24:39,2018-04-17 13:38:29,2018-04-30,82526a252817b28cda39d2f99f6fe05a,2018-04-13
4f6b1944e5dab6270cb4010b00edb3bc,569cbbfadfdffd4544f71eb41e19d28d,delivered,2018-07-04 15:54:10,2018-07-05 16:31:38,2018-07-06 11:05:00,2018-07-09 19:34:33,2018-07-23,3ee16d8b43add78a0e37089a4dc9f2c0,2018-07-04
ee86b68eb9222b0cad7da50f4f758a35,14acb30bbc064408dcb8cdd3c92b0c97,delivered,2017-05-17 17:44:34,2017-05-17 17:55:12,2017-05-18 16:28:06,2017-05-20 08:44:01,2017-06-09,1b553902a5bbe6ee54a3aaa7cbfb6816,2017-05-17
347fd41d0f1089cc83a4fc100a95f3f8,dc520404eec2487b577e0c13a64a48ff,delivered,2017-05-15 09:38:12,2017-05-16 03:22:30,2017-05-17 14:45:29,2017-05-22 17:15:10,2017-05-24,e870691fb1145a66633b9c4d4bb12051,2017-05-15
be2833555cf50be44d494f1fb8c95ec3,9c3d64bd3fa02950338d3e23e3327bb0,delivered,2017-07-17 22:29:36,2017-07-17 22:43:23,2017-07-19 16:47:34,2017-07-21 15:42:34,2017-08-02,830f8a8e81416d6fa0a1d297bd8bb1b5,2017-07-17
603d76b730c972775ccf2a910bf23490,97a148c9ad25b3c15b299382a18f12c4,delivered,2018-03-26 14:48:36,2018-03-26 15:08:46,2018-03-27 17:31:14,2018-04-02 19:03:18,2018-04-18,38c21a5932d9a1298ed51f53bf6c7f91,2018-03-26
6dc3e3b2cee53031d832943548d16db9,3946e462dbdea5c684aa376441820496,delivered,2017-11-13 18:10:59,2017-11-13 18:30:49,2017-11-17 15:42:53,2017-11-27 18:45:04,2017-12-07,b3bcd1f7afaab3ca49f9da95284a299b,2017-11-13
e88f34a80788f768c175e94c622d7559,72f3a880646656ba2417d4b82a727530,delivered,2018-04-11 13:22:20,2018-04-11 19:55:17,2018-04-12 18:28:20,2018-04-17 16:28:50,2018-05-04,29bcfc72ff374fd3955458d77e1b25ee,2018-04-11
027fb2504084c231e857f6cf558a9992,6d1e32657aaa25b6910098474e699e9a,delivered,2017-10-09 23:05:41,2017-10-09 23:14:41,2017-10-10 23:34:51,2017-10-14 00:43:37,2017-10-27,52abba659c0a219f8de7076dc33e0e83,2017-10-09
df413df02c32f319cb51828513261aff,502dc9015b331ead5e41cc9b05483634,delivered,2017-10-17 18:12:23,2017-10-17 18:28:19,2017-10-30 20:22:09,2017-11-06 18:09:45,2017-11-16,37d67155144c35b683268c8a657c47bf,2017-10-17
c464355f722adad51476d92a1182d3f8,d789d104ff47289042198c1a44f94441,delivered,2018-06-27 18:26:22,2018-06-27 18:35:13,2018-06-28 06:04:00,2018-06-29 17:03:24,2018-07-16,dc777853866411c84f8d5381a09e1c1d,2018-06-27
e618cc48dc1a9bcbdb3f9743e25a36f1,bcf9a8df4d68e15e629cbfb6d57458ac,delivered,2018-07-04 17:09:05,2018-07-05 16:25:46,2018-07-05 12:50:00,2018-07-10 21:16:38,2018-07-23,3cc6f2ad495b125862d0b82af8bd7ba2,2018-07-04
5ad066b6e468fcd60b0d871bfa99112a,00c7e84c0c77753093b456d787638eed,delivered,2018-01-22 15:06:20,2018-01-22 15:18:30,2018-01-23 22:46:39,2018-02-05 15:38:06,2018-02-23,d691abbc71f38f91d187deedeb200290,2018-01-22
fdc6a2cbab0fdf2d9b3e54c5bf3f5b28,33b2bbe2225b2bfe65cf4e29ec17a23f,delivered,2018-07-30 14:01:12,2018-08-01 02:44:15,2018-08-01 22:17:00,2018-08-02 21:27:46,2018-08-02,09b788f0164506d326725366c6e995cd,2018-07-30
421bb69fc426ab8530ef85399541a9ac,ebc3b08c677f9b7b302982773fae3dbf,delivered,2018-08-03 08:40:58,2018-08-03 08:55:20,2018-08-06 11:32:00,2018-08-13 20:48:30,2018-08-27,03bd7c8563706d3a512250498f0706c0,2018-08-03
a5542d780161a0c1c649d4e0f44540c8,887c7d62748394a839bccbedc3175ace,delivered,2018-01-08 12:25:43,2018-01-08 12:35:51,2018-01-11 17:58:45,2018-01-19 16:06:26,2018-02-08,78d2cc1bf81bda57b69a694725880fa0,2018-01-08
438f8c9a0abdfdd3401b52e89084c612,9f5d8c4f6c4ca201d03d3a9d50704f9a,delivered,2017-02-13 18:50:16,2017-02-13 19:03:08,2017-02-20 07:32:24,2017-03-02 15:38:06,2017-03-17,7ae0e594289824e46584dbdd1aec993d,2017-02-13
d5ffe90efc926eb06d91f74d75dc28d3,637d0dee99f2be0a797c3d25c03bf7bd,delivered,2017-09-04 19:19:37,2017-09-04 19:30:19,2017-09-06 13:17:04,2017-09-19 15:54:38,2017-10-02,dc4a7cec043a824ca023222f91bb2fbc,2017-09-04
c6be81e3c1e9e15e5893e19d7ce49647,57de18af3ee9319c436bc09bfb515b5d,delivered,2017-01-26 20:15:14,2017-01-27 10:45:37,2017-01-30 17:25:25,2017-02-02 12:54:48,2017-02-22,6879d467c6969cf149a17b5813535837,2017-01-26
f9ea79e9f9906b0d3b9c85e8931e8efb,66f7239eb8c5c7a3cbcee6a5a45cfa11,delivered,2018-08-16 09:13:02,2018-08-18 02:55:19,2018-08-22 14:29:00,2018-08-29 21:06:39,2018-09-14,fb405325ceb5abc1e7a1d001cc2860d1,2018-08-16
ea0ea2ab3f42182e8f428012daf9834b,792e0b99080e4e1ed931c023ad523a5f,delivered,2018-06-08 20:05:15,2018-06-08 20:49:36,2018-06-11 06:47:00,2018-06-19 14:29:32,2018-07-16,62776a862c6cabc77dd4ee453a664a28,2018-06-08
51a5a1d89c87180cafd033debbc60f31,c22c943a0e0b37c695c2b7f1ec195c41,delivered,2017-11-02 22:14:17,2017-11-04 06:10:23,2017-11-07 18:07:03,2017-11-29 17:21:42,2017-11-28,814ea47c5ea63f6232386e8696b42252,2017-11-02
920be4fca795a06506d8e91212202f95,1e5b8d093d9b49f9f412692df893c72d,delivered,2018-04-02 08:42:38,2018-04-02 09:28:33,2018-04-02 22:46:54,2018-04-21 16:48:35,2018-05-08,37a0f1c3f6a4c9f0a653c26b5986f990,2018-04-02
a0c1ac2d2b7ee099ba14b612a76b6187,03c546b7602c2844a20de363905be285,delivered,2017-09-02 09:17:19,2017-09-02 09:30:14,2017-09-05 20:56:50,2017-09-08 18:33:12,2017-09-26,e0d3e27af6775c22481f79aef022d471,2017-09-02
6031ab00318c3f43e623b567c6073e32,45d5ae1bc6d95e9993132897628af533,delivered,2018-06-18 18:57:32,2018-06-20 02:37:47,2018-06-22 13:43:00,2018-06-29 15:38:55,2018-07-13,b5b02fa8c1e812242db6cb9b2a60e360,2018-06-18
ad6229f4737a85bbd91c6f49bb87b599,30468d188d93124075e09c09d58ebc6a,delivered,2017-06-12 14:29:13,2017-06-13 03:50:24,2017-06-13 14:32:36,2017-06-16 15:40:42,2017-07-07,ba95f4d0b79e00f3d3665485f78ba29e,2017-06-12
d72e8cc4d5efd1b5149f68dffc423772,68745ec5a6e2a85bc4acad76a8641c2c,delivered,2017-03-12 10:24:33,2017-03-12 10:24:33,2017-03-13 15:59:37,2017-04-03 14:40:06,2017-04-07,cf26c0ed98d29abab5c9fe2643f88d19,2017-03-12
0cf52f585ea2179c0bfd06b1a7acf3f4,f1022b3ef53cf4c19c23dd26be54a04e,delivered,2017-09-01 00:21:18,2017-09-01 00:48:53,2017-09-01 19:12:00,2017-09-22 19:53:07,2017-10-04,d943010eb2a6532e0fbc6e2acd8cb816,2017-09-01
d0963bb4fb0e49ea7dd1b7ebece20a27,5e34f60249173c750d8bab6f0cdf4067,delivered,2018-08-20 15:36:20,2018-08-23 12:25:20,2018-08-24 13:47:00,2018-08-30 13:32:23,2018-09-11,5c09104738f3ab63154beff17cada1c3,2018-08-20
27446e58f8fae19b8a6bcd15ca43f0ac,7cfab6c12495b3bf806ee0fd3565008f,delivered,2017-10-13 08:20:13,2017-10-14 08:28:08,2017-10-16 21:29:00,2017-10-25 17:56:10,2017-11-07,f0022eb1b509ab1d7b15e3cbe15c515f,2017-10-13
6b44342ff71a8b9c36b706c13e015cf0,9f01e153c37aecf0d5d90321547740ab,delivered,2018-01-18 15:08:23,2018-01-18 15:19:40,2018-01-19 18:51:38,2018-01-29 23:46:55,2018-02-08,2473904a8137a18d62708aa89dc3b7cc,2018-01-18
eac9fa296664c0f38ee19863c7346e32,a453da7d729e434b71f6d69009f3fcf9,delivered,2017-03-25 19:24:20,2017-03-25 19:35:19,2017-03-27 14:48:44,2017-03-30 11:04:06,2017-04-13,286c4f2a3f0d51fdee3163927498cb6b,2017-03-25
1a0977847a5ddeebdf419ddd4a94402c,ae630adbbd01f043a5460ef9910931e7,delivered,2017-04-08 05:48:47,2017-04-09 06:05:05,2017-04-11 06:28:00,2017-04-20 14:55:57,2017-05-22,25a560b9a6006157838aab1bdbd68624,2017-04-08
c1a3ddd24fa595bc9977071be7eab467,e1a734dcac8e67ac23fa1102fa8cbb79,delivered,2018-06-20 09:19:03,2018-06-20 18:47:19,2018-06-21 17:17:00,2018-06-26 23:44:48,2018-07-26,82d91aee09cea7c887f0188b783b97ea,2018-06-20
d828bfc73f08a09b4d5e7fc4671917ab,3581cfadb118ba1d36cffc71b47efa39,delivered,2017-11-28 19:18:24,2017-11-28 19:35:24,2017-11-30 16:27:06,2017-12-01 21:16:37,2017-12-12,b1e12d161a96fad9fd17d98cb73e619e,2017-11-28
c02aa26d0308ee2afae3da6c46e16b55,f3cc45a6cab182fc575c975c9c400449,delivered,2018-06-19 12:07:50,2018-06-19 12:18:46,2018-06-20 12:36:00,2018-06-21 22:51:52,2018-07-03,70a5df5913c9053a3d2397e92eb75365,2018-06-19
3f3f022e19c72f9c44abd54949a5d9ab,b185b126fdc8f60cb8be77078546d1e2,delivered,2017-02-14 13:18:53,2017-02-14 13:30:16,2017-02-15 06:47:29,2017-02-21 16:44:53,2017-03-15,028df9d72fe22595a5da837157f1258b,2017-02-14
7604b2e3523cee6efa15d486cddf96c4,7cd513bafb9ddd55a2777c37cf1a7d6f,delivered,2018-04-30 17:09:56,2018-05-01 02:38:31,2018-05-02 09:01:00,2018-05-07 22:03:53,2018-05-23,293e0828a138c524862f6c07cecd74e7,2018-04-30
77ea41cd71582db7c8dc337bbe28b561,7b680958f51abe7d42751d02c4e7fc63,delivered,2017-04-04 15:55:58,2017-04-06 02:43:19,2017-04-06 14:43:43,2017-04-12 17:35:46,2017-04-25,c75509c723877bfaa691bba889dcf227,2017-04-04
fb86c32ba3e47fe560bf6d7e16ab2909,5b1744540d6008b84d219500ac01df92,delivered,2017-05-18 10:46:47,2017-05-18 11:02:46,2017-05-22 13:25:38,2017-05-27 05:33:11,2017-06-19,10e49f47dc1cd4cdf5a634f500946871,2017-05-18
e7d5d3a2104b6fd0c40ae6bf6b10ae7b,6c1d23433e5c3b7c981571328ce7d6f6,delivered,2018-04-15 23:10:48,2018-04-15 23:32:29,2018-04-16 22:38:46,2018-04-21 00:08:30,2018-05-09,327436b39c5f2a3fc076b8f22214c1f0,2018-04-15
15d7f7e31e30d22d476a7049de63b2dc,d38882820e53cc96b6c04c82bd024d0b,delivered,2018-05-24 15:26:24,2018-05-26 02:18:31,2018-05-28 14:29:00,2018-06-01 13:58:26,2018-06-18,5b9fd51537337750cd28594c51d63769,2018-05-24
ccc9547a7a8d9cced273a483d286f737,c7b0b905d25e2a24f93a9c23bd4e569d,delivered,2018-06-05 08:57:43,2018-06-05 09:11:03,2018-06-08 13:22:00,2018-06-23 00:18:24,2018-07-18,8b4195dc5c53143d0ca2a6001943bbf5,2018-06-05
47d4cec8efbcb39b6dad3398a957ae67,ff6414bc057a2275b727e817428a1637,delivered,2017-12-29 09:13:12,2017-12-29 09:31:27,2018-01-02 18:19:11,2018-01-22 23:09:32,2018-02-05,609b7feab0f0c9726929ec4891447b02,2017-12-29
43ed4cdd5a109c56d4d8339c603cf216,5264c52c5c2654d13ccb5e2532ddbe11,delivered,2017-11-24 17:14:32,2017-11-28 03:32:42,2017-11-29 22:09:53,2017-12-15 18:32:10,2017-12-18,2379b0132f09e566ccb40df2ba73f507,2017-11-24
e36352245dc5d4bb3260cd9e14025cac,481dbdf8c1a918a2b475da7f8628ff19,delivered,2017-12-19 11:17:14,2017-12-20 06:54:27,2017-12-22 00:28:52,2018-01-02 14:49:16,2018-01-18,86462096f1eb631d3f48dc0df42b0c2c,2017-12-19
ae22ff58af6a02d30bd820bfc1f2cb3f,3880aabaf613da4ec5926118368cb1ae,delivered,2017-02-13 18:39:12,2017-02-15 02:50:16,2017-02-17 07:14:54,2017-02-23 15:54:50,2017-03-22,bfba809c0c2f13ea34eebe8c4e091cab,2017-02-13
5f05bbaff4caf46b6a0f6b4b4db85392,19e73590fcf381227b1cd26efb6fffca,delivered,2017-05-10 09:11:05,2017-05-10 09:25:11,2017-05-11 12:28:32,2017-05-16 17:03:31,2017-05-23,e2339b9187e90ab591f7b72af7dfba7f,2017-05-10
62419df94d06b6b6bf72229e1acbf3fb,11fafdac97dcd334c09f16efc5ec0fb0,delivered,2018-08-21 09:59:38,2018-08-21 10:35:24,2018-08-22 15:07:00,2018-08-23 23:08:36,2018-08-28,9cd014adc602ff18873d4faf9d2a03dd,2018-08-21
03ee388839265510fa5edd811e0e1485,da1c518df645c2ac617582c9c5c36faa,delivered,2017-10-13 01:34:13,2017-10-13 01:58:41,2017-10-16 22:48:41,2017-10-26 19:58:54,2017-11-01,92716d9d4f69100cb0079185cb974c4e,2017-10-13
3814590ae0c00af31f205e41ebb9b270,e28fd47166be6c878520ec6039305379,delivered,2018-05-21 11:40:23,2018-05-21 15:32:01,2018-05-28 12:10:00,2018-06-06 11:45:30,2018-06-04,a42999dd3c67e6532a092dedaea1ea34,2018-05-21
5619a43b2e52eacbfaafc5c569c1866d,61e4bd7aa14615235bfe015555cb2b97,delivered,2017-11-11 07:19:12,2017-11-11 07:30:19,2017-11-22 10:21:31,2017-12-01 20:33:45,2017-12-01,ed4293eca45bded8b970b1f7271c84d4,2017-11-11
4c1b702493f9e6a8e7ab024bd34ba0d4,b60c51ace71de22be01c829273960649,delivered,2018-08-02 19:09:09,2018-08-02 19:43:54,2018-08-03 09:15:00,2018-08-09 18:44:36,2018-08-16,143b56c43d22f27d81629b676ef497a2,2018-08-02
12f3b807beab1531c618404375262147,a2d755d99c00b6bc5c1a081f184ac4c3,delivered,2018-02-11 22:31:31,2018-02-16 08:10:27,2018-02-26 17:37:11,2018-03-16 00:57:17,2018-03-23,0c80535192f4cddee2604159de128815,2018-02-11
0608b2d283db5e818a5056e8afc122b5,7236ccefd5966e8c04b55d723fbd0ad6,delivered,2018-03-14 11:26:07,2018-03-14 12:40:27,2018-03-14 23:16:44,2018-03-19 14:27:45,2018-03-26,49ac040b94e6fdeddec885770be15029,2018-03-14
eec96e109793723fafd793678f1cdcda,64e9ff6e862a7b8d3072dc4f1d126829,delivered,2018-02-02 16:21:34,2018-02-02 16:55:52,2018-02-05 15:52:17,2018-02-09 17:52:11,2018-02-26,cfd4a9fc1ae1cb69ed454350bf99e59e,2018-02-02
7dcb3c2cc15f5bcb73f79ee65a917b0f,4e0978b1692b2e66e9537b7a2e595ed9,delivered,2017-07-31 10:38:27,2017-08-02 02:56:03,2017-08-03 18:45:39,2017-08-03 19:42:38,2017-08-18,7a1ab9c3fefcbb92851002b232c3b597,2017-07-31
e84f18bf4ee058607a5dfa5ac98e0317,40f1ce8edb2bb741ab5bc44524d858bc,delivered,2018-07-21 20:47:45,2018-07-21 20:55:27,2018-07-23 11:17:00,2018-08-03 18:23:43,2018-08-16,4d1ed2efa6815403abd387b5aa4b3280,2018-07-21
2974064c396f0496d1eba4b3c49cd772,35c908161260a179c555565db5170a80,delivered,2017-09-12 15:03:34,2017-09-12 15:15:14,2017-09-13 21:51:58,2017-10-06 18:35:28,2017-09-29,1d0fa8b8a87289ac5160f7d59e6157f0,2017-09-12
309f3a08287b7191569a15914e64c3d2,d5feb26fb82922d91ca38c1ebd732861,delivered,2017-12-18 20:22:58,2017-12-20 06:59:39,2017-12-21 01:52:49,2018-01-10 18:08:51,2018-01-12,bb10966dcf4d13066528b620ca430902,2017-12-18
eb64ebb7904dcdeb9220cd737245f099,8573e76f8a12ad71adb606f799df41de,delivered,2017-03-20 21:43:56,2017-03-20 21:43:56,2017-03-22 10:59:32,2017-03-29 17:13:16,2017-04-10,5ef7a0ac4ce3285fa8264b9034b3fc0b,2017-03-20
76437a7cb17e400752d72fe54dd85c77,3dbfb74b6eb61aaf62c882772483577e,delivered,2018-05-04 18:40:40,2018-05-04 18:54:03,2018-05-07 15:25:00,2018-05-12 15:48:51,2018-05-30,1d64f7a7635895018b7afc7731670bfc,2018-05-04
af95d7a4f9643401325ec89b4f7f8afe,f4148260a4a09bd6d25af93188d106d7,delivered,2017-05-31 06:32:49,2017-06-02 04:32:37,2017-06-02 13:41:09,2017-08-17 17:47:41,2017-06-13,2e366b0c6451864364bab2e7917ca1bb,2017-05-31
f4288260e85613d9d57f2024a18aa66f,859059cd1325a313f01afceec1d0f007,delivered,2017-10-06 21:21:41,2017-10-06 21:28:21,2017-10-10 15:18:26,2017-10-24 22:59:41,2017-11-03,6445f06b260cf4ce526a10f208f2a843,2017-10-06
a8ad75728836e5b2103463b917d0e6f4,64f109e8f4a2c0380642a902d653010d,delivered,2018-08-01 21:08:42,2018-08-02 21:04:14,2018-08-06 15:32:00,2018-08-08 18:22:18,2018-08-08,20b0e12f0cdaf39b6905f3177cf65cb8,2018-08-01
d0d81e67c6d3eaf8e25100c3d1499bc7,c3cf3a68467bb02ca0baa072998134e9,delivered,2017-04-13 09:46:34,2017-04-13 09:55:18,2017-04-13 17:00:11,2017-04-20 09:23:25,2017-05-05,663d7e7cd9a3d10ef7f4817a0e3f6f94,2017-04-13
db21eaa63f7c06553ad9d2d4f25e41d4,7ea120e1e7358d3195f86061f8a95efe,delivered,2018-02-28 12:33:09,2018-03-01 02:49:17,2018-03-01 17:16:55,2018-03-19 22:29:40,2018-03-19,c76606d03a092d472fce7e2b31fdc7e0,2018-02-28
5d4a1a39a8e54051757df8e8f570c8bd,dc014c2e4c6478e34deec3e0031680ee,delivered,2018-08-06 13:05:41,2018-08-06 13:15:23,2018-08-07 11:12:00,2018-08-10 21:04:01,2018-08-16,80a0f31edcafb8e772a9a04546534eff,2018-08-06
c214276ccd69c3953f880b487209f47e,7a3a3328b35a65930d54ebbb1b491501,delivered,2017-07-08 15:28:20,2017-07-08 15:43:15,2017-07-10 17:37:50,2017-07-11 12:37:18,2017-07-21,d8670b3aea02d9a40030c0d8ab6e72b5,2017-07-08
640cd45f7639ea623c321536c40314d6,217647640ee5d5332c82ac44af9b2795,delivered,2018-06-03 13:59:24,2018-06-03 14:10:07,2018-06-07 08:26:00,2018-06-11 19:18:44,2018-06-29,91d0504cf52d3f76b154c42d78979f39,2018-06-03
6b781abc1a8a63b101940adafe378210,31613d1228d85ed1b96fd2801085cb95,delivered,2017-06-21 10:00:23,2017-06-21 10:10:15,2017-06-22 14:58:09,2017-06-27 15:25:51,2017-07-11,03f6276b1f106564cc6858f00af7888d,2017-06-21
1a2f4aabfa214fe68709e19867d2456e,17ebe690176d8bf50e67771bb2de9939,delivered,2017-12-28 15:28:13,2017-12-28 15:47:33,2018-01-02 16:19:40,2018-01-09 20:14:55,2018-01-30,fcdb597e82074d5a0c89a0087d246332,2017-12-28
fc991324e1f2eb85fdc4157435754a30,0c1a1bd01d912098607c17888d4ca485,delivered,2017-09-22 14:49:07,2017-09-22 15:05:32,2017-10-02 22:36:38,2017-10-23 17:24:05,2017-10-20,014593e48e9119391b9c70206fcadca8,2017-09-22
54294e5e2e918ef6ac62494144f35b06,dbc7759aa7e8ffc99969c2799716c2f2,delivered,2018-08-13 20:33:57,2018-08-13 20:45:18,2018-08-17 15:18:00,2018-08-28 13:09:33,2018-08-20,cd14f27712f0eb62f98abdd950789d08,2018-08-13
2824dbb32a0701afe0730559fbbd6513,23b40690dff585bfde5cb80fdc6b8161,delivered,2017-12-12 09:36:27,2017-12-12 10:35:29,2017-12-13 22:16:40,2017-12-15 19:26:34,2018-01-05,af83054011fddb21b9f1d4de5d5c6d83,2017-12-12
eff124e4c7161cdbc3ecd912e716715e,fde3437df8ad2725ff8d0d27e5173ba3,delivered,2017-09-30 20:52:51,2017-09-30 21:07:10,2017-10-03 17:20:21,2017-10-04 18:09:39,2017-10-20,4a4accb6cc055748abf68dc696042dd8,2017-09-30
3eee460ccbd66774ae2b37cd8ea50ede,508f08d4f9f212633087df16edd11efa,delivered,2017-04-21 16:07:32,2017-04-21 16:21:28,2017-04-26 15:39:09,2017-05-04 12:27:26,2017-05-15,91973c5e56c26e0b178e21fd6b169bac,2017-04-21
2af90e72b95362d3b1fe9561ebb3c142,c9d341558d0b897fd4bc48e55f1572bb,delivered,2018-06-20 14:47:50,2018-06-20 15:19:04,2018-06-22 15:30:00,2018-06-28 13:17:51,2018-07-19,86d1b878456bce15bcc9c4848207a785,2018-06-20
d78540a9a3b9a2a1853aac62a265229a,d3f0c0ddeaa4a247d058533fb3ba29c1,delivered,2017-11-13 08:49:33,2017-11-13 09:06:27,2017-11-17 19:51:04,2017-11-27 23:41:14,2017-12-08,f087568df85c8ca0cc583c990c2e9c71,2017-11-13
5b35972421686a8a4758f542bf3fce74,2e3ae3d38cd0aaf455b2d381b4d8ac34,delivered,2017-07-27 15:39:21,2017-07-28 08:30:25,2017-08-01 18:17:50,2017-08-08 19:48:01,2017-08-29,cff1532f7fd452baed0e3ebb68b97220,2017-07-27
3366be2b7b4862b8defdcd2409db58ff,dcdeb065392b1d67adb1f83e671881f0,delivered,2017-03-12 17:42:59,2017-03-12 17:42:59,2017-03-17 08:55:05,2017-03-21 10:28:04,2017-03-30,166676be8e3b99818a08e4a0ce86273d,2017-03-12
4f8aa330d043e9db140284db7a6c3359,cd4260e37ba9618a2aca53bd78ca9a8d,delivered,2017-10-24 22:05:41,2017-10-24 22:26:12,2017-10-26 16:12:19,2017-11-20 18:35:39,2017-11-29,d4ca9703236542dd52098a27ba2e0dbe,2017-10-24
06debbd4d40f6d36dc28c4f7dc647c1b,ba4d6453843dce644cb8989cf3267583,delivered,2018-04-03 21:16:27,2018-04-03 21:30:20,2018-04-06 00:22:08,2018-04-11 15:08:38,2018-04-27,15cfc80189a1e3899b876f17d09c48a5,2018-04-03
a16de84e54832907eaaa4084dd0d90d2,d483bba64e114461269d13a1cd94606e,delivered,2018-08-04 15:27:11,2018-08-04 15:44:06,2018-08-06 15:13:00,2018-08-14 00:08:30,2018-08-23,39f75ba50cc717fb52547486e7dbe6ba,2018-08-04
900275f91d7995048467ce817caf670e,6a0025b170c9bf01481303d361200524,delivered,2017-03-07 09:17:10,2017-03-08 03:10:10,2017-03-08 16:15:31,2017-03-13 10:51:35,2017-03-30,9e79ac2f6445a7a706b522f2d7dedd2b,2017-03-07
7beb8dfe9d03e7b0b7d7b811842a0fc0,781d3b0a052f4b0b790138d3cda4f1b0,delivered,2017-04-29 23:36:31,2017-04-29 23:45:12,2017-05-04 15:56:16,2017-05-15 11:36:19,2017-05-31,6f73df0e85d2d96c9339cf0d02359af7,2017-04-29
3908808de1bc14e2592cbdd80fd41729,211b6b842344829a0e56b92942cd83c9,delivered,2017-05-09 23:03:41,2017-05-09 23:10:23,2017-05-11 12:19:48,2017-05-18 12:36:43,2017-05-29,c0eb233d5c837f1f558e8ec36bbaa707,2017-05-09
4e01c9b57e9b37add580871564686c4b,9ebea34aad885332b9eaaea955f03f1b,delivered,2017-05-26 18:31:02,2017-05-30 04:45:21,2017-05-30 14:19:09,2017-06-20 15:46:37,2017-06-23,0e34fe58dd1b1c21e609e454fa8aad64,2017-05-26
b2577a85da095de811cdab2a22a983ad,780f26029159cde86df8874981417738,delivered,2017-03-04 15:27:36,2017-03-04 15:43:24,2017-03-06 12:24:48,2017-03-09 18:15:08,2017-03-24,0b8a180cade91a3c75bf9f3a286edb16,2017-03-04
1308401e91987ef9e69d495e612e7919,87d9d97eeb3bc6c5fbfa170798b72ee9,processing,2017-08-06 22:05:59,2017-08-06 22:25:07,,,2017-08-28,938542df81faf94ca5feb6802c98f130,2017-08-06
08c3d8da1ee7ffc88a41cd145a4675ba,d2d9a4db01878197408189a2dd4173f2,delivered,2018-05-07 10:48:57,2018-05-08 20:15:27,2018-05-09 10:13:00,2018-06-05 15:40:55,2018-06-05,1a25b58acebfee7a9c53271448785529,2018-05-07
b4af9113418b5d23955be04b49dc6f96,743e03b04c07927ef9eeaacba5fdd2fa,delivered,2018-07-31 16:06:29,2018-07-31 17:31:11,2018-08-01 15:31:00,2018-08-03 11:03:58,2018-08-13,c274d3c40b8de9efa63c39425e54563f,2018-07-31
76013ca21d1b217c99b5c350c6e67a11,ba5b9e7ebd1bdefcfbc552ee0558226e,delivered,2018-08-16 22:10:53,2018-08-16 22:29:22,2018-08-20 15:04:00,2018-08-23 22:46:43,2018-08-28,fa07e6de8a3e555cd08bb567134c2932,2018-08-16
5c5e8bf7719ca2cdd3e2950cefe0d1dc,977be52ad5648f2bd0031fe04ce14073,delivered,2017-05-19 19:08:46,2017-05-19 19:25:22,2017-05-23 15:48:57,2017-06-05 08:24:49,2017-06-13,ee40a2069a2b9ea81c7c1186a83013f5,2017-05-19
363814e98fb75811e4465c3b7fc84ca5,4aa0d6adee059182407747d0e67da28f,delivered,2018-05-31 20:57:21,2018-05-31 21:13:11,2018-06-08 13:43:00,2018-06-13 18:42:05,2018-07-20,0a0ddd2126c26c78e3e691cf382525fe,2018-05-31
90a0c698629f47fca8164e158d089517,9f6661ae61b5a699dd702a84054d4dbc,delivered,2017-05-28 13:33:35,2017-05-30 05:20:15,2017-05-31 03:13:05,2017-06-12 09:37:28,2017-07-27,651943e7bd840e8397d4c46dfe484f8b,2017-05-28
ec6cefe08111fd7ada75b6c9af232fad,f2f3f4bc779a4d7689b8da35a1014bbe,delivered,2018-08-20 15:14:49,2018-08-20 16:35:16,2018-08-22 14:50:00,2018-08-29 18:43:26,2018-08-31,b9dccf1b33d9f12e3b70f4a3bd475f90,2018-08-20
926f4d2c77e865137fca6a656848dc74,b10c6816ed82c1556646cf7708f3be4f,delivered,2017-07-16 22:11:51,2017-07-16 22:25:15,2017-07-17 18:49:55,2017-07-21 23:09:52,2017-08-08,607c700339572a2c42127bffd80b635b,2017-07-16
bdfd44c4a136b8a4a7f9feeab5095a1d,6be44f459238b921b212e6f8d04fe797,delivered,2018-02-05 11:12:22,2018-02-05 11:36:09,2018-02-06 19:13:14,2018-02-14 23:38:52,2018-03-02,639e8b5492c28263aff6dce318f363e8,2018-02-05
a32a6f021e727df428f98b6a9f2f4df7,5e29bb9b184e9f3bcee13db7c02f13d6,delivered,2018-04-04 09:16:29,2018-04-05 02:10:42,2018-04-07 01:17:46,2018-04-24 17:32:28,2018-05-04,3cc132bef12cf61d577a0b1100a28d17,2018-04-04
40c8cd121d8e213fd48d0f30c9ed71e5,60d33aaf1226dd0914d98119609f8193,delivered,2018-06-04 10:03:22,2018-06-04 10:15:16,2018-06-04 15:02:00,2018-06-06 20:12:42,2018-06-28,9dbf644f502b6cfc35b22ceea01af302,2018-06-04
0a40f88667e7bbb7ef87efaa9a2177ea,2b351cba14fa5f852a79a52516d5e823,delivered,2018-02-23 21:45:45,2018-02-23 22:07:37,2018-02-28 02:35:24,2018-03-06 13:59:28,2018-03-15,a7280058e2a16c9df44cf07e9b10437f,2018-02-23
bb811eeb7b44ed64156b1f4901013e71,c069f5b87e9489ae68c3863baea33bcc,delivered,2018-04-03 15:39:58,2018-04-03 17:10:40,2018-04-06 00:46:34,2018-04-16 23:03:37,2018-04-27,107dbaa46d8a4eb01852f802a71acfa2,2018-04-03
bd73cfaa5ccb07b2a3fc1c05aed691d9,a9adc0a6fdf1a3ef897aaae459de857a,delivered,2017-06-12 13:44:26,2017-06-12 13:55:24,2017-06-16 12:57:26,2017-06-19 10:58:06,2017-06-26,5d7ec5b2d3b870085e30de5d36e67972,2017-06-12
c53752e8e385c6e3148ba930288daf49,dfb122f7b4d92f74bad5489fe87b9a9a,delivered,2018-04-15 08:45:56,2018-04-15 08:55:22,2018-04-19 20:40:51,2018-04-27 21:04:09,2018-05-11,f4c67533f5fd2a68c59868883c616b4b,2018-04-15
4fa0555af785b01d6fd80634b8c3a87a,d9fbc5310983b8d38e97846ce8dc46a5,delivered,2017-03-15 19:08:27,2017-03-15 19:08:27,2017-03-16 11:40:44,2017-03-23 07:29:23,2017-04-05,3e2c9af03b09916e5237cbccf60babc4,2017-03-15
b95abf4aa5b57ad7551356eca72b53fe,f142390d014395d7bf779fca41013d91,delivered,2018-01-16 14:36:20,2018-01-16 14:51:35,2018-01-18 15:38:49,2018-01-24 19:34:38,2018-02-07,9b07fe36ad116125147576cb5894f231,2018-01-16
d5d0a8a952a3b7592fe9d29bec801ca3,937842321212a49449c12718a55c14b8,delivered,2017-06-26 00:53:35,2017-06-26 01:03:05,2017-06-26 15:11:52,2017-07-21 18:53:52,2017-07-20,0998bf56b5b6f78fed7d753b59254727,2017-06-26
ed8e52d1265866c8e90410e3404bd82e,00b4a445a17922526d9b64e567ac2865,delivered,2017-07-09 17:14:36,2017-07-09 17:25:12,2017-07-13 17:42:34,2017-07-17 16:33:20,2017-08-07,e97f8593167749c6900418a170670da8,2017-07-09
c383ab7c64e3ee1503e3574b22e37dab,0ecec081acf716b8ae4ee28348f7b04a,delivered,2017-01-28 23:09:31,2017-01-31 04:34:49,2017-01-31 11:30:09,2017-02-20 09:21:31,2017-03-10,dbd646e11d140ae5452828dd2eb2c6e9,2017-01-28
b02e2c6aae2e972475db33cb658c1674,bd95aca0181fb7391e8cb7cc6fb6c201,delivered,2017-05-19 07:54:25,2017-05-20 03:55:11,2017-05-22 09:02:10,2017-05-26 10:37:14,2017-06-12,02fcb3cf7c2cd6a7754b488313aca1d5,2017-05-19
1896eb87ee7c0749928d79d5ed329e02,fbe72cfa6ea0eedd96381d0a68eff8af,delivered,2018-02-01 16:38:39,2018-02-02 02:54:36,2018-02-03 01:12:58,2018-02-06 21:46:41,2018-02-19,4d14ab62feba00916e402c16851cc02c,2018-02-01
d3d77c4984354c4bcb02fb10f11b7a06,61bc5bbe87866cc8f591df4a4adf0086,delivered,2018-05-15 23:55:39,2018-05-16 00:16:20,2018-05-16 13:29:00,2018-05-17 19:54:43,2018-05-30,47e2b9ffcede4ca7928f848af4b43cbf,2018-05-15
68b598d9359833f3f45c0762f8226899,929cf2637a672f230fd0e4c2501f455f,delivered,2017-09-17 20:17:49,2017-09-17 21:00:08,2017-09-18 18:37:25,2017-09-28 17:28:11,2017-10-13,ae42471137324d1985cfe231a9e18512,2017-09-17
14471044e634ad522425a0ba352ad19f,c318897d9597487310dfdbbcf0d2cdb4,delivered,2018-01-11 15:53:20,2018-01-12 02:37:31,2018-01-12 20:46:39,2018-01-23 21:49:17,2018-02-09,c0d01a994fc17a83c307a86fa81e95da,2018-01-11
238316b0b618fa83761d76afebbf6e46,10aab4c4b2ab24797517dde37deae450,delivered,2018-08-12 21:33:04,2018-08-13 21:25:19,2018-08-14 15:03:00,2018-08-21 20:42:43,2018-08-28,0167f525469634cccbda49491f01324c,2018-08-12
9afd8c01b4275be61d70a520d948f516,52b2d0362545f2dca547b10b20fa157b,delivered,2018-01-09 15:14:24,2018-01-10 10:32:27,2018-01-15 16:52:43,2018-01-16 12:37:02,2018-01-26,3993041daacc3df25aed3cb5eeac05ad,2018-01-09
c0bc6e5c9ad833c1a7a566871b33c938,bfc0d6ebdaec3937d7dffc39fa93fb91,delivered,2018-08-03 09:33:05,2018-08-03 09:45:15,2018-08-06 11:43:00,2018-08-10 15:21:19,2018-08-15,bd8e0f3ea9fb694fc53c7a358643fc06,2018-08-03
53d9e9ca11320965aa55056b5439a1c5,b495f4cb5075ba6f945da71e64575cc6,delivered,2018-03-27 13:54:14,2018-03-27 14:07:56,2018-03-29 01:08:43,2018-04-14 13:21:28,2018-04-11,2a7f837de6a1999e457b8e3c5619156f,2018-03-27
bfecda2be7a503224f13234cb08be8b1,d8739392e97aa00d19ed4f23b60faca5,delivered,2017-06-30 21:15:32,2017-06-30 21:25:14,2017-07-04 15:25:11,2017-07-17 13:31:56,2017-07-24,a472803ef511bfbcdbe1ee35b2a4c61a,2017-06-30
b8e3ff54d639c2f49ecf02fd959dea2c,dd88af80cbc3f450ea4d9d622cc7b339,delivered,2018-08-05 10:36:13,2018-08-05 10:50:08,2018-08-07 13:44:00,2018-08-13 16:31:50,2018-08-23,6b4ce9101a84ae7493d31acd0efc2a7d,2018-08-05
09c74db044dfe6e7f2a6b6a6750f36cd,1fc9edfa5157a14833804b4ffeba2c2f,delivered,2017-04-09 19:53:32,2017-04-09 20:05:44,2017-04-10 08:52:00,2017-04-13 12:18:07,2017-05-02,9f1fc6a06662230a1fc39572248a64c7,2017-04-09
00c42b1633c1b2fa4e937bf312466561,36d63113a38882f3f464f8eaa96c4b1c,delivered,2018-01-13 13:52:54,2018-01-13 14:09:30,2018-01-15 19:32:48,2018-02-08 21:12:51,2018-02-15,1f90117a847636892e3c5bf569f2ac68,2018-01-13
29985fe387407ff7f6904b294fb89028,bbcd801cba7b655a6aab583778eb6af8,delivered,2017-02-12 15:53:19,2017-02-14 04:10:25,2017-02-15 11:08:42,2017-03-03 09:28:01,2017-03-14,4007a2d7f7a4fee746b203c1320c5408,2017-02-12
7282f35aaea3e151109787d09a275ec9,825c03d459e494071103e0d699ea943d,delivered,2017-12-07 10:53:40,2017-12-07 11:10:16,2017-12-08 18:36:05,2017-12-19 00:53:35,2018-01-03,54dc0a3c7979417b2a46f53b13099929,2017-12-07
c84e2530cbce4be46027e60d09141460,8a76cd2af176031f530d4d9447adba59,delivered,2018-02-06 23:32:19,2018-02-06 23:49:11,2018-02-07 22:57:09,2018-02-09 20:53:30,2018-02-22,78d980a659bbdfbd58fc1ec20a107d51,2018-02-06
486d84b8203180049eecab6c2cb5634e,65cf39cccbe70432b00537ef75d14254,delivered,2018-03-15 17:52:22,2018-03-16 09:42:41,2018-03-17 16:44:46,2018-04-02 19:58:55,2018-04-04,b6348e65ab1955f14b8b468bada4ce68,2018-03-15
1790c6f253dae58fa859ae0c94bbffad,d8e1b13f6c0d485a4ee8214b8be92c6d,delivered,2018-01-30 13:12:42,2018-01-30 13:34:42,2018-02-08 21:07:31,2018-02-09 20:03:06,2018-02-15,8eba7f981984b27d5e395291027daa46,2018-01-30
ab291c01a71273689c1e6ea624b083dc,b02b5414a09c6cbb996087e9da2f4f84,delivered,2017-07-23 12:06:36,2017-07-25 03:50:15,2017-07-26 11:28:01,2017-07-30 14:22:04,2017-08-15,05fdc648e11908604f3c32b1a3d3defa,2017-07-23
2e3d78ca3205d0f465ee058d803f4b4f,c6a61eb5f0c459e69f952c493285a7f9,delivered,2018-02-11 14:44:02,2018-02-11 14:55:29,2018-02-16 19:21:58,2018-02-23 18:13:13,2018-03-08,2e4ea021ba95821a7c7099b2c30480e8,2018-02-11
f668d0f937d3cc7fb451feb48edba7a7,937005e0b96869b2da35d95841baeda1,delivered,2017-08-30 23:51:01,2017-08-31 00:06:02,2017-08-31 13:28:14,2017-09-04 19:25:48,2017-09-18,b8bd32de284f12e9662f8f683c96b57c,2017-08-30
bd250808f4d75fb0d98087a8559e2a03,1632df7f3854363244264c44f9b4ce24,delivered,2017-08-02 18:40:28,2017-08-02 18:55:19,2017-08-03 16:17:39,2017-08-08 18:26:14,2017-08-28,6621bf160c50fd65d6a4af72ac6a9e86,2017-08-02
6e7c58476aeeb4f0a2313cdd43477570,e7ebbd0d2040c613833b41293f81ca8f,delivered,2017-07-03 17:01:13,2017-07-03 17:15:15,2017-07-20 20:55:54,2017-07-25 19:07:51,2017-07-28,d1cef5e76eb0afdb1bf1868fa9bf227f,2017-07-03
7388c6ff667e30b4ba78bdca9dccd818,336fbae7f609704cbff29abfa3c5cf87,delivered,2018-06-05 18:11:03,2018-06-05 18:33:30,2018-06-06 14:19:00,2018-06-11 18:24:23,2018-07-17,d253bee698fca642ccc22a96dcb14876,2018-06-05
4c966c07e48f5460c75f69d0352a61be,5465b7f5a979c889d268c5e502aea50c,delivered,2018-06-11 17:56:07,2018-06-13 02:18:39,2018-06-14 13:54:00,2018-06-18 17:46:34,2018-06-29,07ff81a9676efa0286ddd3f09e7c0063,2018-06-11
d8bd333ce65e76948e3468e2de08cb8a,f7d23b42541edac2c5ec83a6c7baabf0,delivered,2018-04-22 16:06:51,2018-04-24 19:02:47,2018-04-23 12:42:06,2018-05-01 00:51:28,2018-05-28,b49ec14e12b2e1eb74100bd9dd6bd5c0,2018-04-22
ac7e043e7f3ef81cfd073dbaa2f248ac,c1263a9c22f0a4e9d49ebcea620e5a34,delivered,2017-11-17 19:55:05,2017-11-17 21:15:52,2017-11-21 21:33:05,2017-11-25 15:43:02,2017-12-13,cef2883537239067f21cf38c1b2abb32,2017-11-17
5d00da307fb1f170ba75e37b6ff2343d,c45c94c93f9a671931d5ae160b2d3b04,delivered,2018-06-11 13:55:47,2018-06-11 14:18:50,2018-06-20 14:16:00,2018-06-26 20:32:02,2018-07-13,8936ff839d9ea5f7504a052616787b02,2018-06-11
1b2bb7c2c68e882ede350ac20436790b,ce524b6b5ca2131158ab250cd35fafb2,delivered,2018-04-21 14:21:50,2018-04-24 18:06:15,2018-04-24 17:32:14,2018-05-11 20:28:28,2018-05-21,6b735acab0846767c2a2af1d72792643,2018-04-21
6d0e0e8907efa53405051c14ba17f58e,c2430380d5d3ec51f5f8128805b6666d,delivered,2018-05-28 22:22:56,2018-05-28 22:35:51,2018-06-01 14:10:00,2018-06-08 16:50:42,2018-07-04,d88b5197b4f134c48c23b5dfbd4747d5,2018-05-28
c1c34e864bc6e293265a132e445dc4be,afd06216cd9836bd133a2cdfac65a6a8,delivered,2018-05-06 18:38:23,2018-05-07 09:14:03,2018-05-07 13:54:00,2018-05-08 20:04:02,2018-05-22,91a06d0c26977d0842461ffc50e45791,2018-05-06
b6daec0cfa9a03c5989e15db310e0252,37c9b8758f5973da26ea6a1912251b3f,delivered,2018-06-08 15:05:01,2018-06-08 16:30:39,2018-06-11 09:37:00,2018-06-25 23:38:36,2018-07-17,4946204454b7231beccd0fe262994bfe,2018-06-08
f85e82f7a3b6d26dc7d16b7c2c39b31a,d01826743562fd76692b98829e8404d6,delivered,2017-01-29 17:44:07,2017-01-29 18:32:05,2017-01-30 13:14:56,2017-02-08 07:01:08,2017-03-09,10b58cbd6607267fd41812614367439e,2017-01-29
fab81f2fc065871a42ac06b9bedc78b5,913cbaee66a2777c7f7546c626ab7bd8,delivered,2018-06-20 16:15:40,2018-06-20 16:43:20,2018-06-21 14:52:00,2018-06-29 15:03:30,2018-07-24,949e0d718884f3b04d37434246d91477,2018-06-20
0120e3dd2696a3bbb68dc2860815f7f2,67ec7f982297cfb734824a3b3a7a56c0,delivered,2018-03-26 11:47:03,2018-03-26 11:55:26,2018-04-03 01:18:31,2018-04-10 20:58:29,2018-05-11,d107b299f4c6328dba9f999f235dde3b,2018-03-26
bb7d0e5b853f82d1aac9d4f51ec59500,aa3feb1d75f1019a22cc8a83c06c1c63,delivered,2017-11-25 10:03:01,2017-11-25 10:14:54,2017-12-01 01:09:15,2017-12-23 16:48:54,2017-12-19,9c96aceebc6283e7e700993256b62609,2017-11-25
ca03bab92d64981b404602a7450b784c,d7bcf7eb4974e8da00d2107856aa0f5a,delivered,2017-08-11 16:24:52,2017-08-11 16:43:51,2017-08-14 16:12:41,2017-09-05 14:17:12,2017-09-06,5409c2bf5e95b530152808d6608183a4,2017-08-11
f5090f33660f2488a5358a5694e0a64b,fb9a8add106341f589bc7a33a012f668,delivered,2018-07-02 14:43:39,2018-07-02 14:55:08,2018-07-03 13:57:00,2018-07-09 20:06:41,2018-07-27,817e2a8344e139b2f9d18077e53af429,2018-07-02
4db12ae1b5826c465cb48c30426fe425,75865da115ee9a57b4d2367432ad2cdf,delivered,2018-04-08 15:45:26,2018-04-09 16:11:02,2018-04-10 19:31:28,2018-04-16 18:11:55,2018-05-04,92860b3639f99ef06e9c7df9c61d8a00,2018-04-08
c28475e383b1ded793fe443af4d1efca,ca1f590191e53132651120a6e83a8de9,delivered,2017-10-05 12:29:35,2017-10-06 12:35:19,2017-10-11 17:40:32,2017-10-24 06:21:27,2017-11-09,a33b4ddb1e64e74fca23c959a415f401,2017-10-05
613dd9eddeb3acc5e976fbd3066be456,6dda15d69e3133ad7e89e73a2e897dd0,delivered,2018-06-03 18:26:17,2018-06-03 18:49:58,2018-06-06 13:12:00,2018-06-11 12:57:28,2018-07-05,fcc04bd980045e3fc0f78fe4578dbf15,2018-06-03
353dd28caf3128fc754969ad49548d6b,a255c2d8c45fba974e6a8119544d79e0,delivered,2018-06-21 21:01:12,2018-06-23 01:15:51,2018-06-26 14:07:00,2018-06-30 00:14:45,2018-07-19,e98a6079d8dbd3208a559d458ef791ee,2018-06-21
5601f8087eba0875919b57d5ca81d184,0e4632e78dcf05fc45aded8e52b25c32,delivered,2017-08-27 14:52:21,2017-08-27 15:04:13,2017-08-29 15:50:11,2017-09-06 20:33:37,2017-09-15,b367a2cbbd2c75e1ab1c61fd0fd7015e,2017-08-27
faaebc7c108d02eb661c909dea827370,a88e515946bed4cbc70e9830044a7cb2,delivered,2018-06-11 09:56:38,2018-06-11 10:17:34,2018-06-14 12:25:00,2018-06-19 19:33:30,2018-07-11,5b371c99d38399e868b159114e90d55d,2018-06-11
f1dee8f6b8d42d98d0f48b711a6a6d35,b02dafd608dcc07b89044f6ec2dec31d,delivered,2017-08-04 12:15:17,2017-08-04 12:30:14,2017-08-04 18:52:07,2017-08-10 20:17:52,2017-08-28,9008b8be4e2ac346ef8d97e8a8a871eb,2017-08-04
a04995b6f39e30fbf244133abe9fd71c,a85638ed41e850dcc25660472cbffbb4,delivered,2017-08-06 12:19:52,2017-08-06 12:30:16,2017-08-11 19:16:04,2017-08-30 16:27:47,2017-09-11,d9d038353abdad5717e9d11c1748736d,2017-08-06
fddac1185cdd53d496b4279d6fda1112,f02a9393c5ca1f304f70d91f76a3a585,delivered,2018-08-06 22:26:13,2018-08-07 04:35:11,2018-08-08 11:22:00,2018-08-13 18:42:31,2018-08-17,4283cbb478c4f1a13718c799779ddf15,2018-08-06
1f70c1dfe04e99af2bd64337afa0613d,eefdefad8e1f3468d6a1adab05b3f3b6,delivered,2018-03-01 19:25:49,2018-03-03 02:50:54,2018-03-06 18:56:32,2018-03-17 15:03:20,2018-03-29,00c04df1c94e385d57d4a33a2965217c,2018-03-01
223a155e5dad113ba43fff75ecbb3d06,d86b3fd8a411243077abf47be7622496,delivered,2017-11-25 16:35:58,2017-11-27 16:39:37,2017-11-30 17:34:00,2017-12-19 19:35:28,2017-12-26,aa819ffd42a7a52ddfaee53f024fafdd,2017-11-25
f3b0e97ac641a7d5658fb2b26fff0ec7,c727f1d122b7855b19bdf862e5ccd0ed,delivered,2018-07-02 20:05:35,2018-07-02 20:30:38,2018-07-03 15:14:00,2018-07-04 22:21:33,2018-07-19,b7120831b62caf621d83d6ca9583fa31,2018-07-02
ed510933339bd7b6d8e16d6c83026998,7d359bcf9aef31f6554888f41559848c,delivered,2017-09-01 08:03:41,2017-09-01 08:15:21,2017-09-01 18:53:25,2017-09-05 21:03:24,2017-09-20,4e1018039b1b082ea4ce45cc2abad09d,2017-09-01
62f8b4d7c208d43df56f66ad44f2a4e4,637f21cf43b788aa092fed350538f00b,delivered,2017-04-01 14:39:21,2017-04-01 14:50:18,2017-04-03 14:43:50,2017-04-06 20:42:51,2017-04-25,fcdeb874d4198f4906cbdc97ed06b741,2017-04-01
26844c5a3b10d4ae5366ac6bfc55680a,8ba064a834f4db74dd398b57f56fa40c,delivered,2018-03-11 13:09:13,2018-03-11 13:48:01,2018-03-16 01:12:53,2018-04-06 23:24:47,2018-03-28,13d8632e676f8b29c747ef4aad2063db,2018-03-11
9a84ad63a942918f330f5009401daed0,bbe15d08a1a1f8283a2278dfcbe85148,delivered,2017-05-21 07:57:56,2017-05-22 10:41:39,2017-05-22 09:41:01,2017-05-29 09:09:59,2017-06-16,38d84f14eb57191e92202dc0ed64fd58,2017-05-21
90a2a9d4bf425c5a385fa319833fe1bf,fb2112d2ad55c684bca971cc7c1f8c49,delivered,2018-06-11 22:22:13,2018-06-11 22:41:23,2018-06-12 13:39:00,2018-06-13 17:18:41,2018-06-20,ade0402db8c016ca094d1ef1cb9defc8,2018-06-11
d1845227bab7e5c1f169cf2a98d742a1,11b99af21f03410bf5a169d80d3e5264,delivered,2018-03-02 16:01:55,2018-03-02 16:40:29,2018-03-05 19:10:08,2018-03-10 16:28:45,2018-03-20,6546a2878d1afa6156bd0d6871b932b1,2018-03-02
add98bb9caa9f37e7d0702845c3a5db5,90776ffa40604fb8ef0911e52c4c1d02,delivered,2017-02-07 21:46:58,2017-02-07 21:55:14,2017-02-09 14:38:45,2017-02-13 08:57:43,2017-03-07,bee35430cdd5e5e8906f7b022dc26d34,2017-02-07
27aeddc0f8afd2314aeacc0d0cbbb5e2,d54c37dd23cac89a76322e4b2a6ab3bf,invoiced,2017-05-01 16:19:07,2017-05-01 16:30:39,,,2017-05-25,4a0ebceb7ab1c4bb3e8de740cfa33184,2017-05-01
8cff0b9c9223d214d619f483f51b8979,9c171c05b25ab7bf71e655c39cf254df,delivered,2017-06-12 23:07:11,2017-06-12 23:15:13,2017-06-13 16:22:46,2017-06-19 19:03:30,2017-07-05,3a5888f2fd8611a6beac0550889dce6f,2017-06-12
077d6b93c4e88d06b124cf24fb67a28e,1ae626094b558418fce6729a98a2f4dd,delivered,2017-06-17 17:11:05,2017-06-18 17:05:13,2017-06-26 07:27:50,2017-07-04 16:02:51,2017-07-17,d1b04257223859708d9b6060401afbb8,2017-06-17
807cabbf50cda6f87625bd1c61a6977c,5b7f46966e6e8992e9f9b0bb973ecc3d,delivered,2017-12-01 06:27:58,2017-12-02 02:52:11,2017-12-04 22:12:49,2017-12-19 22:13:45,2018-01-04,3ca67cf83218dedd76e9f900261e3b27,2017-12-01
2cfe487abef71e655486b036f6c89636,87ee8a4955118ec3f3077ac7bb6faaea,delivered,2017-03-14 09:46:48,2017-03-14 09:46:48,2017-03-16 07:12:23,2017-03-21 07:55:32,2017-04-04,afd63872a9881751b87b82d45e4a468c,2017-03-14
d6d672062a715f1a2bd844d2797c1dcd,df155cd436a2de57875f8bc1b425ca3c,delivered,2017-10-22 20:36:40,2017-10-22 20:49:25,2017-10-23 16:26:10,2017-11-07 20:38:13,2017-11-14,12f0f506932644aad082d6957c80dca0,2017-10-22
e95ed5089744d5ca7ce51a9f222ff49a,d097afda041bfccfec121cf5b4b5b11e,delivered,2017-12-04 14:28:33,2017-12-04 16:48:50,2017-12-07 13:33:09,2017-12-13 22:22:30,2018-01-02,6f99591f12f5335a920f80557e21f03d,2017-12-04
d11ac1d30aa28bac52a87c61ac170cea,25917f573b745e578189257ef1f60fea,delivered,2018-08-23 13:33:34,2018-08-23 13:45:12,2018-08-27 11:06:00,2018-08-29 15:16:42,2018-09-14,a3c97f5ae93cf5d15567bd56f9fc8dd5,2018-08-23
f993d127ffb4f4a6ad0cd89f48dc0b4f,14a1c38058eabe88912d5566de499c6f,delivered,2017-05-15 20:52:13,2017-05-15 21:05:16,2017-05-22 14:33:47,2017-06-01 13:08:06,2017-06-06,c7819760e70376028f519e3b57e6c441,2017-05-15
9094084d8327200637ee690adb247b4e,0d4f50463ad5e8dc3e4471cd7957eed3,delivered,2018-03-20 21:37:51,2018-03-20 21:50:28,2018-03-21 20:20:37,2018-04-13 20:29:40,2018-04-11,b782ec557dbfa2c05508ecf7f3537324,2018-03-20
239960d8af96f541e9a7153b57c0f4de,9dd11f3718d972116eec267c2c2e317f,delivered,2017-07-02 13:09:40,2017-07-02 13:25:14,2017-07-04 15:19:33,2017-07-06 23:36:40,2017-07-21,8f2fa110f45a5b5592f1593842b7e87d,2017-07-02
ea74c0ec2238c2e2ad552859f6f30d37,3994260fb8f75599fce4b654e1b2cb53,delivered,2017-12-06 15:44:09,2017-12-08 15:38:27,2017-12-12 02:35:06,2017-12-19 21:33:51,2018-01-02,d1f648d6b893193b2e509c0f1b9acced,2017-12-06
6f5fff0c1ce75356fb269909f4120482,8c2cea1c9adb39f9cbf4867647dea1b7,delivered,2018-01-15 15:44:37,2018-01-15 16:30:41,2018-01-17 19:16:12,2018-01-25 17:46:39,2018-02-14,168073e242d4bd508a7bd20f5b5b7a82,2018-01-15
08fb5d31021fb887ce4ab33b8cdb804e,6ed30ec7af7258861705f6c7bf352ed2,delivered,2018-08-16 01:53:48,2018-08-16 02:05:11,2018-08-16 14:52:00,2018-08-28 20:58:31,2018-09-10,221e1ca1dec4035635c0ec5ec51ecbc5,2018-08-16
3eabbfdaf7e3dab4e322b3e40d35ff04,c0cac061cf2beecfb295dd69b73a7508,delivered,2017-09-10 13:35:49,2017-09-10 13:50:09,2017-09-12 00:41:51,2017-09-15 19:23:26,2017-09-28,cc2bda5bbbc4321120b10b356458c152,2017-09-10
66cb680674721f9816e366a15a93633f,a9f2b77340d17022d89356ef597b2f3a,canceled,2017-03-28 20:53:24,,,,2017-04-17,11f2b98ce9ffae7d52c8dc672427f819,2017-03-28
14b8b441b89cdc057ecd6160b56aa1e6,437b8a8795404b63e5ab18216af0a2d4,delivered,2017-06-09 01:00:53,2017-06-09 01:22:44,2017-06-14 13:57:51,2017-06-19 18:54:26,2017-07-04,c1103d6f15efab51a0ced99c4e7e677a,2017-06-09
d75df4013540c60cf8eb7c6e57aab1d9,95c7d7d6100ea20ece117fd63edf1e51,delivered,2017-12-03 10:26:42,2017-12-03 10:53:19,2017-12-05 21:57:30,2017-12-14 17:26:25,2017-12-27,bccf1f04597bf7d228479c66d874061b,2017-12-03
b9eaa4a76558ca828580d82dec38cca9,15682e5411338f13bfe06c922de887e2,delivered,2018-08-05 17:04:16,2018-08-05 17:15:14,2018-08-09 13:57:00,2018-08-17 00:44:34,2018-08-17,6c44bdab57e479c823b916ee8ded98ad,2018-08-05
ae6770c71e1083a03742c4b82d98076c,dd4f2d0c1912aff03fd6980ddb32a214,delivered,2018-03-14 07:11:17,2018-03-16 03:50:28,2018-03-20 17:24:36,2018-03-29 22:19:17,2018-04-03,9a85c258755b5140a2f7568e32206456,2018-03-14
e9c1cd6b45624aa77cf10be70487d8e8,dccf493f361140030072a818e8f0bb86,delivered,2018-07-15 09:15:30,2018-07-17 04:31:33,2018-07-18 12:31:00,2018-07-26 11:08:57,2018-08-20,e2ac20f62dee05f954d945d4e51c0e6c,2018-07-15
083715659baf44018ac67f7914b85cdb,f2865b6b88ce263c27c20b3156712eae,delivered,2018-05-19 12:27:20,2018-05-19 12:59:35,2018-05-21 15:24:00,2018-05-24 16:21:50,2018-06-06,936ab2f17a183ff042fecbacdda0b824,2018-05-19
12ac7c00d4dfff0c7b8f7b3a8d6c6943,bf4a62c86fe1f911d4ebe1ab1a9ded08,delivered,2018-03-27 21:45:39,2018-03-27 22:07:41,2018-03-28 23:18:50,2018-04-17 02:35:33,2018-04-19,f06682b343326e1f1e51d6d9d89ebd54,2018-03-27
1d85f2f091ba615cbd003bf7d3edc703,b40bc204d9bccb87d0afa5cefba3514b,delivered,2018-04-10 14:09:05,2018-04-10 14:30:11,2018-04-13 20:14:27,2018-04-16 17:28:33,2018-04-26,b18c8cbd9616a95055ef4146f3f805e1,2018-04-10
2d3390e82fa2179935440626c58baf1a,c031cf438eaa6c40ffc3b376e05857d1,delivered,2018-06-13 22:15:06,2018-06-13 22:39:23,2018-06-14 12:48:00,2018-06-18 13:04:17,2018-07-20,706f24c3298b64f1af2f8b4ff541866a,2018-06-13
cf34fe44babb9fd001a001acfa43cabf,fe082a45e6e64db9443e39ef7e3d415a,delivered,2017-11-06 18:36:52,2017-11-07 04:32:03,2017-11-10 22:07:45,2017-11-18 09:21:44,2017-11-24,fa776b9116f0db0aa31fce6fb9f453db,2017-11-06
074eec999695249a1f80e3c7ea1aab01,5d5b87f8daede7b7ade03d9d96a54c77,delivered,2018-03-05 10:51:11,2018-03-05 11:09:41,2018-03-05 19:52:12,2018-03-29 21:14:41,2018-03-22,88f83892541b895d8658b38689854ee9,2018-03-05
f32ab6433a3b9bedad85ce3730b861e3,d08ef9c7fdd7f55373f1e9f346e60e1b,delivered,2017-09-25 12:23:20,2017-09-25 12:35:19,2017-09-25 19:25:50,2017-09-26 18:48:52,2017-10-10,87119113c26efb25496d7675f53ed11f,2017-09-25
9ba78ea9b6527e1882ae9c8a47c8f4b4,01311c3c93d566f9b8991cd06a0d33ee,delivered,2018-01-26 01:09:48,2018-01-26 01:17:26,2018-01-30 18:29:02,2018-02-01 15:22:50,2018-02-09,50f604697bed2e78f1fef7eeac8362b8,2018-01-26
4a7cf245701068d38d441791b735e4bd,1d3b24ba06f2e3fa4bfa74fd70d2310f,delivered,2018-05-07 20:36:47,2018-05-07 20:51:50,2018-05-08 15:04:00,2018-05-09 22:38:53,2018-05-17,8f257a3fa12c0873312984301ef06d05,2018-05-07
85b3107b92fa3be19162c3ceed1bb0b5,cce59bef65abed82362de9db845b005d,delivered,2017-08-16 18:35:07,2017-08-16 20:05:16,2017-08-18 20:50:00,2017-08-29 11:36:21,2017-09-12,1ed88d4d3acd07ec097e6929d388aad3,2017-08-16
f8cbe869cc12ad59a53e2efa569d7e34,67fce71cc00b76f5078ceecad54dda52,delivered,2017-12-28 23:10:43,2017-12-28 23:16:31,2018-01-02 23:03:21,2018-01-05 14:49:17,2018-01-23,5d3d97309808a1d8b162d0dd2ad273e3,2017-12-28
d26844690f17c5d19b50a5862b8d2a45,f1a2fe3e3ccdd6c22c7b98d1bcd4a427,delivered,2017-11-26 20:39:49,2017-11-28 02:55:02,2017-11-28 17:47:51,2017-12-05 21:34:54,2017-12-18,f34cd460ef8b2c308b4501f0f83e7202,2017-11-26
ea694a00fc5ee055808a425d0b1b8699,d8e02d2a14c14ae4be20a05f2215ab34,delivered,2018-02-03 12:46:10,2018-02-03 13:11:51,2018-02-05 22:37:30,2018-02-22 18:49:56,2018-03-01,f06c24ed55e91c5e13da1a4e56235bad,2018-02-03
41302ef57ccbb4cb215dd5ead09b286e,32dde81e7516761c7efe1e877adaac22,delivered,2018-02-24 18:45:45,2018-02-24 18:55:25,2018-02-26 21:23:26,2018-03-05 22:52:40,2018-03-16,bb1e26bd4efb2028afc28b5da2c593db,2018-02-24
0f2f7e210f5079ed1f797cb4aed6dfbc,93d186739ba905a3489bf2f239a97167,delivered,2018-05-02 15:40:15,2018-05-02 16:19:50,2018-05-07 09:22:00,2018-05-11 12:33:07,2018-05-29,dcd27efb93b723b301f8bac00e5d7e01,2018-05-02
0f28d51fdd4828907bdc58b57f672e84,bc4011fd2a5106761b5ba943c8fbd1b2,delivered,2018-02-17 15:54:49,2018-02-17 16:06:43,2018-02-21 17:39:16,2018-03-08 17:58:42,2018-03-13,011575986092c30523ecb71ff10cb473,2018-02-17
065881aa6f8059a970c8fd9947f717e4,1db1d512baa3377e9356150fb80eef98,delivered,2018-01-17 19:32:02,2018-01-17 19:49:51,2018-01-19 23:39:07,2018-01-29 18:28:41,2018-02-08,77db96cba47ba7fc9fb3e908f95bf4b1,2018-01-17
e55507dc5f963fbdb8ae1c47181974b5,eb9f81343ccb0361b66606660a0941c2,delivered,2018-04-22 12:36:57,2018-04-24 18:48:15,2018-04-23 18:46:53,2018-05-05 15:38:46,2018-05-25,4795256d9c0959d639c3e8cb2cf730d2,2018-04-22
137843e808a43d21cdfaee7fa80fb487,3283abacb775a93f517302541826d786,delivered,2018-07-23 11:39:07,2018-07-23 14:00:17,2018-07-25 10:43:00,2018-07-31 15:40:50,2018-08-10,4b918138fb54971335e63063ebf23775,2018-07-23
a35fd7132a1518638f560fec8f10a8af,76efe6e4900b23c6bc5190ea0b94a783,delivered,2018-04-20 11:07:05,2018-04-20 11:15:16,2018-04-23 14:42:22,2018-05-12 03:13:40,2018-05-25,e2d9d8fe44a91d821047c79d53ffd03d,2018-04-20
616dfda2aa81fd23f5e8f47619f650be,494d0c71dffcc8d13d196e637a65cea9,delivered,2018-08-19 22:14:43,2018-08-20 13:31:40,2018-08-21 14:20:00,2018-08-27 16:48:38,2018-09-12,f700834183b39b1c1f18fd42d727b386,2018-08-19
17d018174e8bb3a09152f926cc684ad2,86bf55f44d8c6260b6d4b5ee9fda81fa,delivered,2017-08-02 16:19:57,2017-08-02 16:30:19,2017-08-03 13:27:49,2017-08-21 19:05:50,2017-08-28,59251275b353db9758a16206fe7d5215,2017-08-02
fd607d0a02cb276bc764a15f80f0423f,fef79774a4f4ef014078bcb0b42d0cc5,delivered,2018-07-26 09:13:04,2018-07-27 02:24:15,2018-08-07 09:28:00,2018-08-16 17:12:37,2018-08-16,c13401002a5f9b60befb4c720de50be0,2018-07-26
4dfd0288206587af20e886504b8eeb37,8c94bc7ec97ffe799e9e029ff491b5f3,delivered,2018-05-04 08:18:10,2018-05-04 08:31:50,2018-05-04 13:38:00,2018-05-10 23:34:55,2018-05-28,068bf1b6ad5389ef7fd0b25926059be9,2018-05-04
58a18ff759db7b6e8f84744c86b9b461,5d0cb2ee87cc765656ecc5b99d6bf809,delivered,2017-12-01 11:26:52,2017-12-02 02:37:21,2017-12-06 22:14:32,2017-12-12 17:34:09,2017-12-19,64c5854c7d6b7c2daa86fb6e8b86c5c5,2017-12-01
86336bae769e4fb1af25f7bdb4b12cea,497dd0ccf25ca6a7079db90a7de1f70e,delivered,2018-05-20 00:10:13,2018-05-21 07:10:33,2018-05-23 08:52:00,2018-06-08 18:44:36,2018-06-22,b5f8527886396beec206595ae092f6c1,2018-05-20
b70fb0265f4059cdf874d341878a64f4,d6f6c463e4a50601d5e92eef94beeb1c,delivered,2017-11-09 13:05:48,2017-11-09 13:16:01,2017-11-10 20:16:34,2017-11-13 21:37:43,2017-11-29,9ee39c01aec519de9494804d727b6ac7,2017-11-09
5e7254b606481fc2af9d54c0e86f8995,57dfb131ecfc38c01347694e99e876c7,delivered,2017-02-19 16:06:27,2017-02-21 04:45:37,2017-02-24 05:35:59,2017-03-02 06:58:01,2017-03-17,8c181b6e3146284df75b054b15e3b17e,2017-02-19
b925013f2e110c15dd382961cf7e6538,f543d24d24bd70b892d97a064c5c0fa7,delivered,2018-04-18 11:48:54,2018-04-19 02:40:44,2018-04-19 20:48:48,2018-05-07 15:42:59,2018-06-04,d9eb7288c21eb328d024a6a649a62f00,2018-04-18
29fe4737eeefc4e09a905f66b9b8989c,b91cbb69599f187b5da2cd1b393faf9c,delivered,2018-03-20 10:26:50,2018-03-21 02:51:00,2018-03-22 20:22:00,2018-04-25 21:32:43,2018-04-11,2d323c46ba668518c8468818e0e0a259,2018-03-20
5f34442510676049d6fb07c99a32db56,6b0c6ebb1217e1feabecccf409b064e4,delivered,2018-02-18 22:17:04,2018-02-20 07:11:11,2018-02-21 21:04:21,2018-02-24 00:23:31,2018-03-06,26ffd3c37b4f84d5617854e6d37f2262,2018-02-18
385419e97be72d63a6bf3c005c838df2,8cb56399bb0ca3ae0549dae672b8caa1,delivered,2017-11-22 14:05:45,2017-11-22 14:17:36,2017-11-23 20:18:56,2017-11-27 16:56:35,2017-12-04,0b340e1666e62d72f542fa09e59f7da5,2017-11-22
76575700bd0fef8974ff82601ad505bb,12774bb90c671b3fcd38673b4f518963,delivered,2018-04-17 11:39:59,2018-04-18 06:11:59,2018-04-18 18:05:39,2018-06-02 01:14:32,2018-05-15,9bad7dbe401459908f618c44b8cec762,2018-04-17
3f42893ac4bf0ff60f79ff701a65d0fe,ed38a61373fe3f09c5b76fff2c550312,delivered,2018-02-20 22:47:24,2018-02-20 23:07:36,2018-02-22 10:56:44,2018-03-12 16:39:42,2018-03-14,146c7d9cf74b17f5da9b845626982aae,2018-02-20
ae430928e30cb683e5b0bd55a74bcc69,80462a2ebef4fa9fa5630530d25d19de,delivered,2018-01-06 00:56:17,2018-01-06 01:07:54,2018-01-09 20:18:29,2018-01-13 01:47:49,2018-01-31,968d82898aa8dff9d26f335945e92eee,2018-01-06
44699b6718b35247c4ae1e798d0ec533,b12903e05aaab54fe9fa5dfc3fc5a29e,delivered,2018-03-21 11:40:52,2018-03-21 11:55:42,2018-03-22 21:46:46,2018-04-17 00:43:28,2018-04-20,46e390269a061aa8e7208fdc26e5c15c,2018-03-21
3296617b0f860015465b3259c42115b2,4c0db677ace7cfb1bc3b297422510dea,delivered,2017-11-20 11:27:40,2017-11-21 03:46:28,2017-11-27 16:34:51,2017-12-04 17:58:56,2017-12-12,cba22aad59713df65fb10fbf657eacf8,2017-11-20
2e4b8f3c830953a48af0475828ce834e,9ead440af699d23efa370268809949f3,delivered,2017-11-25 20:18:51,2017-11-25 20:34:52,2017-11-27 19:39:47,2017-12-05 19:54:48,2017-12-20,b1a1cd019e366ed986b00b2d1b7520a9,2017-11-25
b867ed36fe57004358a5c654d886d389,c6ea850448ad7e05a9f46ddeb5673832,delivered,2018-06-07 13:17:32,2018-06-08 02:56:29,2018-06-08 09:49:00,2018-06-19 23:50:44,2018-07-05,3ba89a1b18fd7cb3c8aa157f454ff4c8,2018-06-07
b1594ffba16780b2a49a52748aa09236,713b24c7dcfc8fa370d7cde487f374d4,delivered,2018-05-12 15:27:36,2018-05-12 15:59:48,2018-05-14 17:09:00,2018-05-19 11:44:49,2018-06-26,419e44db6f743a176bd486d392e4fc6e,2018-05-12
7916fec582cddf20c22b688451f880f8,6eb4835ec4d320eb3f58162e69173cd2,delivered,2018-01-28 17:49:59,2018-01-28 17:59:40,2018-01-31 22:28:50,2018-02-07 11:34:24,2018-02-20,903e19707af0d27bd8e152f24e040ed3,2018-01-28
41836f397274f4d68b799f26e6a8ea2f,acc83ff0711e383c4c56a4195c706172,delivered,2017-10-22 13:40:37,2017-10-22 13:56:05,2017-10-30 19:06:53,2017-11-03 17:43:56,2017-11-22,ae509b21c7499a919fefa568b22cbc8d,2017-10-22
1457abef78cd241e85fd946503cb4e16,344ee65ac116bd585ab8ee04a18597e5,delivered,2017-10-27 13:13:53,2017-10-27 13:30:09,2017-11-01 00:03:26,2017-11-07 19:16:47,2017-11-13,d1b6bbb5ce2d0d1b5e5aed73482ede19,2017-10-27
3dad0905a583dc80815b7666efddc84d,e17dbbd9f659bf72e9d742658f9f3d6f,delivered,2018-03-19 12:57:59,2018-03-21 17:30:21,2018-03-23 00:42:26,2018-03-26 19:19:03,2018-04-11,6bb6ae0812de4c10a2b3e7331e081c53,2018-03-19
e13b7cac52f0c00ed3b51fc684c5cf2e,96d1713591b39d1ea168e31d06071d45,delivered,2018-05-04 17:03:07,2018-05-05 17:10:15,2018-05-11 19:12:00,2018-05-21 21:58:54,2018-05-29,1562e66995fc7bfac7bbe29e636372c6,2018-05-04
0f5661c2134ca73a132194dde6558006,7730d05bf925086694627bb1c4e57af1,delivered,2017-10-11 20:20:45,2017-10-11 20:35:11,2017-10-16 13:10:57,2017-11-04 11:02:57,2017-10-24,40f4c28d14d338a0f83e8c3c08bb71b5,2017-10-11
ea7dfe9f928b33cb2e9d8bc99dd7e0f3,1f4245dc6f80d6abb777130b11e18d05,delivered,2018-07-04 12:28:32,2018-07-05 16:21:06,2018-07-05 14:19:00,2018-07-11 00:31:54,2018-07-26,8b2a54c3899b858e9e080a422be4c56d,2018-07-04
317fb26a1a8a29eb9d6e36996afcffc2,69fdb7db243eb360952366fdc4c4929b,delivered,2018-01-25 12:01:41,2018-01-27 02:41:26,2018-01-29 19:29:10,2018-02-01 14:26:32,2018-02-09,f1e73ad158b38954c23f5668894b3d46,2018-01-25
2504a8e58ea5a99cad95669ca061e307,4511d912cee18b90baab41f94f418b8e,delivered,2017-10-20 00:20:18,2017-10-20 00:38:27,2017-10-20 20:45:34,2017-10-26 17:06:57,2017-11-13,7526a696a977e2f21118680d178d447f,2017-10-20
11bfb5214a47c5a12e3dab8cac01c304,fbdea18ec346682a0dd7c542c56e74ff,delivered,2018-02-19 12:09:02,2018-02-19 14:35:28,2018-02-22 17:49:01,2018-03-17 02:22:03,2018-03-12,fb8038205a1b4f9a90cb981e074e9be2,2018-02-19
24452cdc2a280a9404d38722fa017002,a59f08487d3d2137f5f845e1b59b24f4,delivered,2018-02-17 12:21:38,2018-02-17 12:35:31,2018-02-19 19:38:39,2018-03-07 21:25:27,2018-03-14,4b1d10ff78274c6d985be415b43afcc3,2018-02-17
ae97799b02696e7937ea854ed542d015,48d9269e44b63f369a6eeb4024456cfd,delivered,2017-03-02 16:12:33,2017-03-02 16:25:10,2017-03-03 09:20:47,2017-03-14 11:08:56,2017-04-03,b4c50a347f504c086ba2bf11bf8af5c8,2017-03-02
d682106fb1b9944e800954febfa1a0e1,e3fc2717c94f6a26b87eff6a7a64cdb2,delivered,2017-11-13 10:08:39,2017-11-14 04:15:40,2017-11-14 17:14:42,2017-11-21 18:22:54,2017-11-27,5ebd85e966d33ed67cdcfcc15aa70768,2017-11-13
4ac97698600fa74206fd156b0bcefa6c,4990b5e2dafcbac0359044f3051f9f11,delivered,2018-04-25 18:29:03,2018-04-27 03:51:00,2018-04-27 13:45:00,2018-05-04 21:10:46,2018-05-25,21255a171af88cd4cbb8c02d0308232a,2018-04-25
e24482f15e14b7c0adfe34b1c0542e43,381408c4cb32738d5008a1bfd66d6e4c,delivered,2017-08-11 20:05:11,2017-08-11 20:25:07,2017-08-17 20:49:52,2017-08-25 17:55:12,2017-09-04,28da99e178f274876e3052c1740c6c87,2017-08-11
c4f3f1fa5eadd2ee5d28be9bb77361bf,f7d7d5f594784d2844469aefcc6d53ff,delivered,2017-12-04 10:01:04,2017-12-05 11:25:04,2017-12-07 14:14:28,2017-12-13 01:18:29,2017-12-20,578f32ca5464da69fdaa21b44ca6482f,2017-12-04
7d1541a6b298a1d3e07f889c595e69c3,609ced3f24911300f173a55c54790bc0,delivered,2018-07-28 13:10:21,2018-07-28 13:24:14,2018-08-03 14:29:00,2018-08-11 18:02:50,2018-08-23,39bc1c0c4d16cd94e738d3575914a10d,2018-07-28
4f669a887423b7e406dfb11071c12e57,7f8c22e5445a3212d01f3f1798231136,delivered,2017-12-08 22:16:35,2017-12-08 22:30:08,2017-12-11 19:59:45,2018-01-04 23:43:09,2018-01-05,d58fa57b6e51b474e39ceb7f5f1e91fc,2017-12-08
0508c1d4ce32ccc40fc59d0592478608,6c496722271e456537aa324397cc46af,delivered,2018-06-04 16:33:24,2018-06-04 16:53:01,2018-06-07 14:02:00,2018-06-19 19:18:49,2018-07-13,2043559e77298e5c92dccccd693424e9,2018-06-04
1762d5c6c1f5efce31b1d21339212730,e0e9f2360f3bfc062e29e83f96aa50fb,delivered,2018-01-25 19:36:42,2018-01-25 19:52:29,2018-01-26 18:48:54,2018-02-01 19:16:53,2018-02-21,790ac688b0fcc22b2a0dacf0202b2ce4,2018-01-25
b2570cac8c080890a2c0fb63a5cb6ca6,18a6f45b5b6ac7558018737eeec04faa,delivered,2018-01-04 12:33:11,2018-01-06 02:08:21,2018-01-08 17:27:56,2018-01-12 00:07:42,2018-01-22,f0dcfe8e166f2704249218997df96dbb,2018-01-04
d5197f36151ab7d4d0c00b7606af9117,fa5aaa6f6abe8e0e15da8752c678b7da,shipped,2017-04-27 13:16:53,2017-04-27 13:30:09,2017-04-27 15:45:30,,2017-06-13,a963d9fa0caa15d435d12b3ae907b1de,2017-04-27
ee02ac266a995c96fa748ee29a6986aa,e3298156bce8173bef2a1711f27f6242,delivered,2018-05-11 23:41:58,2018-05-15 03:35:13,2018-05-17 14:17:00,2018-05-22 22:40:40,2018-06-06,eb43369355884a95ba9a3b11b671d9c5,2018-05-11
cecccaa359491439461332bbb0dad3d5,6e99733532423390e0d537024ac60812,delivered,2018-02-28 23:35:06,2018-03-01 00:20:27,2018-03-02 17:57:06,2018-03-28 00:09:03,2018-03-29,9a74735754d42a0593bcf6356ab369e2,2018-02-28
4e3b98e5d43c106c546ac2dac4ea5db6,697a4f507f70615d3dd62d8326debbcd,delivered,2018-05-27 14:54:36,2018-05-27 15:11:08,2018-05-28 14:39:00,2018-06-06 16:42:53,2018-07-04,47116cd6a4dfb57e4a958e289f18f1af,2018-05-27
db55d12cb2a29fdf6814668f79a90b1c,b23622315fe752abb314be2478bacff2,delivered,2018-03-03 13:34:00,2018-03-03 13:48:52,2018-03-06 01:35:08,2018-03-09 14:59:25,2018-03-21,0b1c86a79abe371c3e6304dcf78cc448,2018-03-03
eee39147362c420a076b96cfe10c8154,2739c30019a6f35c05f16c9fa4f44e92,delivered,2018-06-02 19:19:00,2018-06-02 19:35:09,2018-06-04 14:01:00,2018-06-11 21:28:38,2018-07-13,f9279d6e21053d0ca015c69de903b453,2018-06-02
397a03ca45a771d2663ae74a6ab74e53,ae9e2c35eaddbe0c57e9303125afab54,delivered,2018-04-09 10:39:46,2018-04-09 10:50:27,2018-04-10 21:56:25,2018-04-13 23:18:20,2018-04-27,20bad2661ff93b15768739fc34499e07,2018-04-09
b446a93ccd5bf1a2c97c4fe3cdfe2707,68eb20944e41567dd783b2d43dd89af1,delivered,2018-07-05 10:02:18,2018-07-05 16:08:09,2018-07-05 13:58:00,2018-07-13 14:36:47,2018-07-18,f6339a9f9aa5046929d8a017570ec618,2018-07-05
38c0b09e36d478fb62769ec5701e0e92,9aa112de315a66d5900c06c0e4796525,delivered,2018-04-04 12:18:22,2018-04-05 12:10:25,2018-04-07 01:14:41,2018-04-26 23:39:03,2018-05-08,3c9fef2fc2853b682e2f5f21dd739a6a,2018-04-04
d9cec2829cd4998f4d6ea00861d2a689,7ee577ddd7ce2caa771bdc7be6c030bc,delivered,2018-05-01 21:27:28,2018-05-01 21:51:35,2018-05-03 15:05:00,2018-05-15 16:51:55,2018-05-29,6364655a115c9a45a9283cd8e00aa643,2018-05-01
7beece85fb714c481300a516c9fb1ade,be10e7b8bc2d78cea9bdc7421f2fd811,delivered,2018-05-14 07:29:34,2018-05-14 07:52:13,2018-05-15 11:19:00,2018-05-19 14:12:39,2018-06-04,ddce9e2963e71cb5713fdfb677341c4e,2018-05-14
c74781be12a00f1e31f7160673c27190,ad4aa03becd869f5d8282705318243a5,delivered,2017-03-29 11:10:43,2017-03-29 11:25:15,2017-04-10 16:57:57,2017-04-20 08:49:03,2017-04-19,0826903a6a737359850f7bae93f6cb4e,2017-03-29
78072efdb0265b1a3f43b4881fe9bfc2,78b6384ae33ffa33ec94944d1722dac1,delivered,2017-03-07 10:49:39,2017-03-07 11:03:27,2017-03-09 08:47:44,2017-03-29 10:38:52,2017-04-07,59a380a65d002fb22c90d90099090a8c,2017-03-07
c6ce16ec9d90cc25b3372ce14fbfb327,bb630c00a0af458a077c9557a62e6c70,delivered,2018-05-15 17:05:39,2018-05-15 17:37:41,2018-05-16 14:24:00,2018-06-05 20:26:23,2018-06-05,21c437c8ba445290550180538e08f02b,2018-05-15
08213e46524c11c2501c5d0a59ff8b7a,743b9baadaa9734c4f4955e2848448ef,delivered,2018-04-21 17:55:05,2018-04-24 19:23:54,2018-04-25 15:02:00,2018-05-29 00:20:46,2018-06-01,d3a62be63049f04cd073b1181c0cb70e,2018-04-21
0597a201736db0915eac0e92b5e0f6d9,a6fd70c8725a1c1eaa8b34d42bf80f9d,delivered,2017-10-09 11:16:40,2017-10-11 07:36:49,2017-10-11 21:25:16,2017-10-16 20:59:35,2017-10-23,5c510ac2275d895a41308692a428ab75,2017-10-09
530f9d2b2d0d22bbc477cdacbaa49fb6,dc828447e88442f86ee27cabb4d7aafc,delivered,2018-04-13 22:56:10,2018-04-14 18:35:22,2018-04-18 20:08:42,2018-04-23 19:41:47,2018-05-08,af5aa18fac61372515c2e7b4546e28c6,2018-04-13
135d10c8c1fb10e298bb58356509e2c7,a3e787cc07eaef73b3bc59601867df94,delivered,2018-03-28 10:54:03,2018-03-28 11:09:07,2018-03-29 22:08:49,2018-04-02 21:38:43,2018-04-10,760bf80deefbc99703ba045b6c0c1a34,2018-03-28
d7085875e0a68ee25df2db4f1ec9fc61,5de02bda3b4477547636e31d0bc5d0f5,delivered,2018-01-26 17:28:49,2018-01-26 18:00:12,2018-01-29 21:09:23,2018-02-02 18:18:51,2018-02-22,28d622f4150cf011175e8d469b74ab63,2018-01-26
2c323f358d850442d6bc5ab01cda8608,8d84bfdee3c404fcc4e5dd59c0caa993,delivered,2017-07-14 12:55:19,2017-07-18 06:15:20,2017-07-20 20:33:56,2017-07-28 18:56:28,2017-08-07,2b73887865b02dae92757f58386e4c91,2017-07-14
30d3248b5934e2b1e6e6974fd27d0720,c859800e47b268489f7ee387c913a409,delivered,2017-07-31 21:58:01,2017-07-31 23:23:28,2017-08-01 18:06:08,2017-08-09 18:28:06,2017-08-22,c230f2d1f2cae43649f6ae7d469c9203,2017-07-31
32bc89adafbfd38be0cf6931769c6a6d,e740d1c438e9072d5a23b6dd96e59b8b,delivered,2018-07-20 09:34:27,2018-07-20 09:50:11,2018-07-25 13:50:00,2018-08-05 15:11:40,2018-08-13,efb3bb008222efc04a358f6a21aca4ba,2018-07-20
0c6036de51fa390a9f4491643bfcf4df,30d9367a01aa566cd76f62e91cdd40c7,delivered,2017-02-15 09:35:30,2017-02-15 09:45:10,2017-02-17 13:54:04,2017-02-21 17:46:20,2017-03-16,90543c70cb41b87112bb0359ed6d16ac,2017-02-15
986eb0e0707439d7852369091e0fa8d9,60c802af0877256040e46984f351f3e6,delivered,2018-05-16 09:56:56,2018-05-16 10:12:47,2018-05-17 13:50:00,2018-05-21 21:22:42,2018-06-04,77e2810a122d29cebd1a38c1feb2cf70,2018-05-16
80501e8921c07f421d238fdf268c5ce4,ad12d172109b5b6e44b4fa23c2b6a71d,delivered,2017-02-15 23:30:52,2017-02-15 23:43:13,2017-02-16 14:46:30,2017-03-05 09:43:02,2017-03-20,03923b7b352c273c34941deffc1c4d0f,2017-02-15
1e74416e1dbc181320083b6e4402cd10,3af8c997697c3c3665a4457f2d4aedd6,delivered,2017-10-02 22:00:03,2017-10-02 22:14:19,2017-10-04 11:26:27,2017-10-11 14:22:29,2017-10-24,394edc540f7b76172320ee3b3c37aa42,2017-10-02
3a1c434d917a8b25f7862cfa17972aae,f07ea18c059c8cd1584a035a3ed36e63,delivered,2017-03-11 11:41:42,2017-03-11 11:41:42,2017-03-13 10:48:12,2017-03-20 13:06:17,2017-03-30,9bb5ee90bbf9e5dec4a866a9d1117328,2017-03-11
b761638825ae06cc0b14018811fd7ab9,80ae2b955cc61a3d39194572dd3fb0f2,delivered,2018-03-15 15:23:41,2018-03-16 04:15:09,2018-03-21 17:10:57,2018-04-12 15:56:22,2018-04-12,b62cb6f30f4dcbebe6e1b18c2c3c1dfa,2018-03-15
9dc7932b1c116c2d56c1a2c52442d0cb,8fbc83a81b0932d879c867a675080329,delivered,2017-07-18 15:22:12,2017-07-19 17:15:15,2017-07-21 20:03:21,2017-07-31 18:17:45,2017-08-14,0fad0193123898cfc5bd4cf1e387ca97,2017-07-18
3c74b996c9db669050e3daf79f49d71d,00426311a53f3c052943c88b692a3be2,delivered,2017-12-13 15:35:25,2017-12-13 15:50:31,2017-12-18 19:09:30,2017-12-26 19:52:08,2018-01-15,aed838b04abeb2fb94566d0a073bd718,2017-12-13
1f4994f63a494cae176662935b4a8342,eeaa1871ebedbcbfc00f12d5a36bfd8d,delivered,2018-03-30 19:54:23,2018-03-30 20:10:12,2018-04-02 21:48:52,2018-05-27 10:12:33,2018-04-26,99bf2e03eb1ef8f29fd57ad10fd75e48,2018-03-30
8a900546a08c4b2d69804b4746a67e88,e939c8ca483409e35988309791b530fb,delivered,2017-04-24 12:19:48,2017-04-24 12:30:47,2017-04-25 11:08:59,2017-05-12 10:34:40,2017-05-11,6bc6d39922cecee68fc9cab4f5bfeca8,2017-04-24
518e28f28e634069d2f5d642dd7997b7,a33f9d4e44d881d0dcc5493dec5cd26d,delivered,2017-04-18 18:39:50,2017-04-18 18:50:20,2017-04-28 05:53:27,2017-05-06 10:51:23,2017-05-16,fbf78dd53c80890da9ed68f4ecb6b57c,2017-04-18
b09d5d8070a14f3f95bbe313d671c57d,6d275f56d920b05452973c63fadf039b,delivered,2018-05-18 12:09:57,2018-05-18 13:05:41,2018-05-22 14:35:00,2018-05-23 16:42:28,2018-05-30,0773a40bcc6706540cb39337886f3a4e,2018-05-18
d4cb2cf063b936e3836fb62b7f296367,3ac33fb9cefa02c073a17df141a67c9f,delivered,2017-07-25 19:47:41,2017-07-25 20:03:07,2017-07-26 18:42:21,2017-07-31 18:14:08,2017-08-15,679af27d3d52012a30abc23e3d0c6a46,2017-07-25
e382697bc6a23a51577144bd2c8f74d9,e1809e05d22479eab5c1870280f9eabf,delivered,2018-04-13 09:08:23,2018-04-13 09:15:16,2018-04-13 22:03:45,2018-04-20 21:14:38,2018-05-03,55d4993be2982ae8d92800d400980b30,2018-04-13
c36c62b3930f8c218cb3d6de52107992,a0b18d05551e69bceada8f7728f4ab27,delivered,2018-04-06 10:55:17,2018-04-06 11:10:44,2018-04-07 01:17:43,2018-04-12 18:51:07,2018-04-24,6f9307cfcd3977c77569bcb5efc1b3fe,2018-04-06
b2250cc556e74e210e38451b309e63e6,5ede34a01165a4bb139990645c5bb314,delivered,2017-06-08 23:48:09,2017-06-10 02:50:46,2017-06-13 13:43:01,2017-06-21 16:03:26,2017-07-03,0189955e61056a22dd6e7cb03603a149,2017-06-08
67796dbbc55a23910220b90d80294285,f4cb9f8b733ee9fb3f30b64b22ea92eb,delivered,2017-09-15 16:24:23,2017-09-16 02:50:10,2017-09-19 22:25:37,2017-09-25 18:47:42,2017-10-09,4401a26477920cc1b530874383079b0a,2017-09-15
f26acc71de5cd391e3a2fc13a5820895,177f63284a3add187b4d5edde00831b5,delivered,2018-01-16 13:36:57,2018-01-16 13:50:51,2018-01-18 01:09:49,2018-01-31 22:12:48,2018-02-16,aa59643509bd48204e382a171e715290,2018-01-16
3e41fd4c8d9609903634b36c09183b78,a03fb45a2d3d8ccc2e66cd19cd7ab812,delivered,2017-06-11 20:39:55,2017-06-11 20:50:16,2017-06-12 15:45:03,2017-06-16 15:35:58,2017-07-03,4562aef300ba013c113a12a93e63a1ff,2017-06-11
534c32e4a4a598bf5fb7d99a2cfd0f62,55c3657d0c8bb26f601ebc8d6d56e75f,delivered,2017-12-13 20:59:43,2017-12-13 21:10:53,2017-12-16 00:07:02,2017-12-26 14:18:50,2018-01-08,297aaa5ab5f991ff31b6e2175ea534de,2017-12-13
378b4eebab6321d6b446806691615ee1,fea39dc274368a2dcdf62995ea14d78b,delivered,2017-11-14 10:43:54,2017-11-14 10:55:33,2017-11-16 14:32:20,2017-11-22 02:24:50,2017-12-05,251b3f81d77db8ee7a66d166d269cd77,2017-11-14
3c057da49a74023e52c0ec5ba76843c0,e1cec7320862fd69efe785e3d8f90c1e,delivered,2017-11-22 13:53:31,2017-11-22 19:30:28,2017-11-24 15:18:13,2017-11-29 17:48:21,2017-12-04,4d5cbb095f36a674f6f4a852959ad11d,2017-11-22
64b94e056cc445b99fe4059c9f968d26,f4d084acffe45fa5b2f8b6897c0e596c,delivered,2018-04-23 11:59:33,2018-04-24 19:17:56,2018-04-24 22:14:03,2018-04-25 13:39:00,2018-05-10,6960aa25c33afc741a0060c2d3fb0315,2018-04-23
3cfb7adfbc262ab9088ebe345a8aaef1,1aa0903cfd53ba0ba3053f3892d00740,delivered,2017-12-18 17:29:26,2017-12-19 10:10:41,2017-12-21 19:52:45,2017-12-22 16:34:16,2018-01-05,6cd06ff8b622bdfc8ee92d3e4875b43f,2017-12-18
99dfcc83525b208fd377c1f81ab0d96e,925b74a503c1d6941ffbffe957ffab67,invoiced,2017-11-25 20:54:04,2017-11-25 21:56:05,,,2017-12-27,029d51fd4dc96c03a0e3d71c848adeb2,2017-11-25
5007ef2d1751857fb87921606c3c617f,9e777a0285e680303f875f4b9d8370ce,delivered,2018-04-26 16:18:30,2018-04-26 17:09:59,2018-04-27 11:19:00,2018-04-30 23:28:53,2018-05-10,f8e88589b06c2c4b721ebea9329b0610,2018-04-26
c2b170fa201b85b5a2447365d111af05,b09b3e158567acb2d422df42855df6b4,delivered,2018-07-15 15:10:11,2018-07-15 16:10:19,2018-07-26 07:18:00,2018-07-30 18:51:04,2018-08-08,2f807c19f9b26287b3a549114e67cd4d,2018-07-15
dc29f6e951801aef32e47bfb534d0c39,d8f4276da09c01298b52084ccb4777bb,delivered,2017-05-11 12:29:55,2017-05-11 13:05:49,2017-05-12 15:55:29,2017-05-16 14:17:47,2017-05-31,73571003081a889e91c17d68ecc2b260,2017-05-11
048937ad68e3d2ec6e64f5105184589d,9b474f065e302d1dbfb227075c1513c8,delivered,2018-05-06 15:38:02,2018-05-06 15:50:45,2018-05-10 12:27:00,2018-05-23 11:25:25,2018-06-12,928f44bc4170b7198115f0bf072645a8,2018-05-06
f5318f2526a744099fb9be520a5708fa,3c3e21e1c8c76a166bd704a70df5bcfb,delivered,2018-07-15 21:14:49,2018-07-17 04:31:25,2018-08-01 13:51:00,2018-08-06 19:13:24,2018-08-03,42f0f5052aae892bbf29e658f2132172,2018-07-15
208d2f562248053cf12d13a00b6777fb,4ba45af37882ae7e11e4d8715cf82ffe,delivered,2018-05-26 18:55:12,2018-05-26 19:10:20,2018-05-29 09:39:00,2018-07-10 23:41:39,2018-07-05,4afd357c18c56def95623f1faafb2790,2018-05-26
33a7be9f2bec8e80a6d2643e39843601,ae21b1c518e88fe41f76c29d836b869a,delivered,2018-04-18 19:37:53,2018-04-18 19:53:15,2018-04-19 23:56:43,2018-04-20 15:58:34,2018-05-04,4c0f0a5976d6efa115e8f198175ebbb2,2018-04-18
00eead1d5a799277ef3d6b387b0bebef,c713fee6f70301b6bf60701902502703,delivered,2018-08-27 18:45:54,2018-08-27 19:04:07,2018-08-28 14:17:00,2018-08-30 21:31:37,2018-09-06,52e9f9328ec2e09868646b23c108b099,2018-08-27
1b28920b3083a7e83efa240c1a6044c8,34c963eb186886d8b6c86c1678b98953,delivered,2018-05-21 14:47:30,2018-05-21 16:15:34,2018-05-24 15:14:00,2018-05-28 17:40:57,2018-06-18,f9d6fc3d99b55e277263707a46691613,2018-05-21
43e377b8eb0c36efdec49438986066b3,277046fb06e3f5185b0f4a816b811286,delivered,2018-03-12 23:16:34,2018-03-14 14:28:54,2018-03-14 23:11:06,2018-03-17 00:07:40,2018-03-22,05292bc3f6db7fd79133285a32a82d53,2018-03-12
b4f9debbfa5a394d7f4ab610fd8eae11,da861fc4d39b9c8b932c6967c8000b4e,delivered,2018-03-02 10:08:10,2018-03-03 02:50:48,2018-03-07 02:26:55,2018-03-24 03:32:12,2018-03-20,64d5c7b805df5ccf5ec6560a4407edb7,2018-03-02
c4a1796b7d23ecebfc720e4dcd2744a2,5845a9b62ccc752c9fdfd407511f79c8,delivered,2018-02-05 09:58:29,2018-02-05 10:10:22,2018-02-05 23:18:28,2018-02-22 19:51:27,2018-03-08,e5f013dc763f4b96b9618a9dc2ca636c,2018-02-05
88008081e510164b2d0acafb67262843,85e8fc76b13b7e52621cc5a28a13ca39,delivered,2018-05-15 15:14:54,2018-05-15 15:35:11,2018-05-16 13:11:00,2018-06-01 22:05:13,2018-06-01,6cbe7f3860577d7f36833336f47f9e63,2018-05-15
6496123f97cc047a754312e1de27f81f,cb9ab1758a70183fb6920f7e0f9a2805,delivered,2018-02-15 22:09:51,2018-02-16 23:30:30,2018-02-21 14:43:10,2018-03-15 21:16:49,2018-03-09,448efcf5726e932fa4b8e5e11898aa49,2018-02-15
7182e129d91eb324a925d8f1f8221d88,002834b4d901534f48d9e9a72047b288,delivered,2017-10-08 17:38:00,2017-10-08 18:29:35,2017-10-09 17:07:15,2017-10-13 18:19:49,2017-11-08,4c41d73f1d29f1cd1e725ec445a82f23,2017-10-08
959ceecf84ceaad064c8c99f1970fb53,6d810c063cf4f8b61034a89103ae9cba,delivered,2017-11-26 20:13:08,2017-11-28 20:15:42,2017-11-29 18:33:01,2017-12-04 12:18:11,2017-12-22,b11b06cfbbd108f99b4ffa44e865b1f9,2017-11-26
67fcbb862147c691c399883bfafef134,44cc5d40e9a1cb920bfe0cf26164ceb4,delivered,2018-01-26 09:13:12,2018-01-26 09:42:21,2018-01-26 17:17:06,2018-02-07 20:55:51,2018-02-19,9f23ff727ea4dbcbf83d485bb51575ab,2018-01-26
912a3bbff3a8f1111bad251a57063042,c760888b039d175b2989803228fbbe68,delivered,2018-07-18 09:53:11,2018-07-18 10:05:20,2018-07-25 14:20:00,2018-07-28 18:32:59,2018-08-20,6105aad70631ecf571d43330bd147012,2018-07-18
5e126b0990d319279bcc8e8e8e5ba03c,5df03f4f656f9660622fec4e725a599a,delivered,2017-12-09 23:11:20,2017-12-09 23:18:34,2017-12-12 16:07:49,2018-01-08 20:39:36,2018-01-12,51966fd6328b1e4c5fed16ed597ad96d,2017-12-09
e588764e20ea16aa323300b4b52de660,493db3eca4ddc49b4c6a71d743aef4b0,delivered,2017-08-07 22:03:59,2017-08-07 22:45:17,2017-08-08 17:33:35,2017-08-25 18:07:52,2017-09-06,de16b330722362f02b7e1a233a5a8d4f,2017-08-07
b1dacd22636963809c005e934e4f382f,dcc0ef7e6533ad77e9f1e7b9f5e7de5c,delivered,2018-02-04 10:22:33,2018-02-04 10:35:19,2018-02-05 23:06:34,2018-02-27 18:25:36,2018-03-13,27e7aac454dc2486aa6041521f285a8a,2018-02-04
6d1b9596309214cfb2c38ae9d0d167dc,0d10db5d9ade6471a4a621bf1da107fd,delivered,2018-02-28 15:14:19,2018-02-28 16:20:35,2018-03-01 23:13:44,2018-03-12 15:41:58,2018-03-22,7407306210b315546bffcba7d39ca5ad,2018-02-28
cccc552d302f1b03c5e33e753811c173,5b3d0a70b5d6b451ee3b44228aa82e1f,delivered,2017-12-08 10:04:03,2017-12-08 10:13:37,2017-12-11 16:58:04,2018-01-04 22:12:56,2018-01-09,6ebfcfde1a1c8acc2dced89c345dfb58,2017-12-08
aec6c9f96db18be9eaa8730d376a916d,b35b9f5d340006ae908ea31e7439c9e6,delivered,2017-07-15 15:51:19,2017-07-15 16:05:21,2017-07-17 16:23:55,2017-07-24 23:37:32,2017-08-08,90ba38d381382ca06556e382dd5add10,2017-07-15
29b864f0e9959e828d0be8a00fba46bc,6e7327737d52fc646245974b828201e7,delivered,2017-07-15 18:40:54,2017-07-15 18:55:15,2017-07-17 21:46:46,2017-08-25 15:49:33,2017-08-16,b4c2362f3f392da944f40e99b04b004a,2017-07-15
039bf70a4c27073ca9d7a4e509b42dc1,f7a7fe1aa3478530445edb70fa6527b6,delivered,2017-06-23 17:47:51,2017-06-23 18:03:45,2017-06-26 14:58:09,2017-07-01 10:12:59,2017-07-06,7a7e3553b6882e57b97839affbeef926,2017-06-23
aff878fbdcc993da8042d0c8edb781f6,120dfec0086ce8999e870485b9fb0f38,delivered,2017-03-04 08:04:47,2017-03-04 08:15:14,2017-03-07 10:07:04,2017-03-15 09:48:38,2017-03-23,1098d1250d5bdf8bfc6a83f26494067c,2017-03-04
892fe89649cc60aa530437d9f856a7ad,2fc1d7949996e14506848b1086aecf75,delivered,2017-12-11 22:40:54,2017-12-11 23:36:03,2017-12-14 13:48:53,2017-12-16 18:47:05,2017-12-29,4fc02b98d960de14b0f8bad5fd16a034,2017-12-11
ad65db823bb3d24954abfc66ee67b165,b988047badca8720f31e6643508d0500,delivered,2018-07-01 17:41:47,2018-07-05 16:10:37,2018-07-05 11:11:00,2018-07-11 13:12:08,2018-07-23,a64146780f5f998c0a6ba12c5503fa69,2018-07-01
ce70855bb79f7086da0e4974f7324ac1,4809d3c78424746461ee02f5d3982ecd,delivered,2017-12-10 15:27:40,2017-12-10 15:35:30,2017-12-11 19:57:24,2017-12-28 15:09:11,2018-01-04,6c7f5cdfbad881ea5c273360ceb83933,2017-12-10
f62bd55133b35f243bfa088d581b4e4b,9b36a43eca86ec3b4e78f95ae56e8fb5,delivered,2018-06-21 21:30:51,2018-06-21 21:58:56,2018-06-22 11:21:00,2018-07-03 20:18:53,2018-07-16,298972c126f3216e1f72b7f732d62a74,2018-06-21
55f95b4afd88a480bacd1acd837e5953,7744d6d84e95cfc8f50a4ce747ba21e4,delivered,2018-08-17 09:49:42,2018-08-17 10:09:27,2018-08-17 12:37:00,2018-08-28 23:28:40,2018-09-11,fe6067bdb6929d8d52ef1264be79fc88,2018-08-17
d6cfbbc373ed608382eb737609c4c3d1,3e61daa21e4a621bad3dbae9fa0939a4,delivered,2018-06-19 14:23:52,2018-06-20 11:43:31,2018-06-21 14:08:00,2018-06-28 16:24:35,2018-07-18,c99cba96bb058475c4129c456bceed5b,2018-06-19
f130f074bea141b1b46b3d419a805379,255afbbf95157e48880ea000e88fd7e5,delivered,2017-12-29 18:56:31,2017-12-29 19:06:19,2018-01-02 18:17:29,2018-01-13 01:42:57,2018-02-02,d0c8fa169b9f2995d6a1692a0e3aae32,2017-12-29
f949b232699d223e7dddbc3ad83b7ef3,206b92df8c881156a32a4d6f759f1bf0,delivered,2018-05-08 16:43:18,2018-05-10 03:55:16,2018-05-10 12:18:00,2018-05-14 22:19:50,2018-05-23,63693d83793f8b8f4626822da8a6084e,2018-05-08
ac3fcd67437432bd0f3a05aade719e7b,3f1ea323922032ac23b7ef91f69a95a3,shipped,2017-05-02 15:23:09,2017-05-03 15:31:52,2017-05-04 11:50:39,,2017-05-25,18aef158fe07c1e9ca8e1a5e3b7b723a,2017-05-02
eac90790570a2c6eae97928fb9a3383e,f48846a6588c8bd78f09e4255b9b5379,delivered,2018-01-20 22:59:25,2018-01-20 23:20:15,2018-01-22 22:51:52,2018-01-24 17:25:41,2018-02-06,165a8bdaa0c1c792e220ea116f9c6d50,2018-01-20
2601721455b7ad9852fb9ae9d0583221,dc9b9833e71ab4308611b49276583eb8,delivered,2017-10-25 09:34:17,2017-10-25 09:49:19,2017-10-26 16:03:38,2017-11-02 22:13:36,2017-11-22,c5d69e91994fdb7530d30b29d9ea7c68,2017-10-25
588650778ae3d824e5ff92a2bc391b9e,4f38de639d3026c6230908f7fc9a2bd2,delivered,2017-11-29 21:30:30,2017-11-29 21:39:28,2017-11-30 23:51:48,2018-01-11 18:10:48,2017-12-22,4578a509f466c403fd9db388441f10e4,2017-11-29
0a06a0fe44df214d7b351f21a1bb31aa,6347d009d824a697594134c029ef771d,delivered,2018-06-07 21:12:49,2018-06-07 21:36:25,2018-06-08 09:49:00,2018-06-10 19:08:51,2018-06-25,a9620df464e8953a5b6b8c2c1b138189,2018-06-07
0e8644614e6e4e3a5a0eced489c045be,fc1d376043cc1aa07a8234e6f6f07796,delivered,2017-08-28 20:52:00,2017-08-30 02:15:55,2017-09-05 15:55:56,2017-09-29 19:35:44,2017-09-28,7376f5f3fc1a9835179b894e04721447,2017-08-28
304420b2003f38e05acd16b80728e66c,f343b18b1ec901ef04874b9ab1a1c366,delivered,2018-06-21 20:53:59,2018-06-21 21:18:21,2018-06-25 09:43:00,2018-06-28 20:58:58,2018-07-19,9c8ce38a3d01ee7c4e1bbae1cf3fd1eb,2018-06-21
ce567b5a7b6da61e51d45dfb2e1553c6,5a90689b0145c093e3a5ff5deae67eba,delivered,2017-11-25 19:50:11,2017-11-25 20:11:12,2017-11-28 13:52:42,2017-12-26 20:24:51,2017-12-22,b4584f26fedfd2432e7274445a85b32c,2017-11-25
43cdace79982e3365d435048c203cde9,14b7979700eeefcb40f5b2f054fbee53,delivered,2018-03-11 11:40:39,2018-03-11 12:20:32,2018-03-12 21:50:42,2018-04-03 03:08:46,2018-04-02,28b7eaa89eeb2313e24ac80ccbad9c84,2018-03-11
a853e48c187e12b0d92211b4530df02b,56609d40516241d3e9fabbd86ac80c46,delivered,2017-10-24 11:24:31,2017-10-24 11:35:19,2017-10-25 15:23:09,2017-11-03 19:43:35,2017-11-14,6770e74cec70110f4c9ae23c471f2040,2017-10-24
7dca7e268d48febba328f16ddec37584,f5afa12435f1d113ad3e53d1fbbcdaa9,delivered,2017-09-05 19:17:03,2017-09-05 19:25:18,2017-09-08 19:57:54,2017-09-11 17:37:26,2017-09-19,ebeaa56fbd251db9fe6d26e599b375ed,2017-09-05
e8b796d802e4323ebd1f364b69141f60,71504c02cd37b29d6d85f9dc90a6bd55,delivered,2018-08-08 17:46:56,2018-08-08 18:05:03,2018-08-09 12:59:00,2018-08-13 16:31:36,2018-08-17,2b9363faf712aaaf593026993fff3d84,2018-08-08
73cfcda5215dcc0c2a5839f4ea320288,a5f535d75ecc62d3f397beb5802b5ce9,delivered,2017-05-09 13:02:10,2017-05-11 04:22:31,2017-05-11 12:02:36,2017-05-25 11:43:16,2017-05-31,6409891d2f62a574d0f9c98931554ee0,2017-05-09
957835fcdd687e80443310e35eb113b9,9bec7bf329bb42d2b50f3beb9e028b2e,delivered,2018-06-01 10:21:24,2018-06-02 03:31:42,2018-06-05 08:53:00,2018-06-07 14:31:50,2018-07-04,deb50a17ad909bc97d6005b87e1f8b0a,2018-06-01
996b9b38894cc8cdd6b9c460ced57972,4a8f757ac86c84c4e3c8b0f18c90b381,delivered,2017-08-26 13:08:03,2017-08-26 13:24:40,2017-08-28 20:11:25,2017-09-12 13:22:22,2017-09-19,c969f702a6e6115b5ea93847607d2a48,2017-08-26
9f6792a082a71398109a94b8039d3c07,bbb2c952b4db558ca2132fd705d6bc5f,delivered,2017-10-20 10:39:57,2017-10-20 10:49:36,2017-10-23 21:55:10,2017-11-10 23:37:02,2017-11-17,5d4de0f50402b381a81a97ed85e6c6bc,2017-10-20
baa1cc285dc359539824dcc3d6799044,77bc6647d4153a4c9c2e74549dd1629c,delivered,2018-07-20 20:10:49,2018-07-21 15:50:15,2018-07-24 09:05:00,2018-07-31 21:32:40,2018-08-08,a4eec4ef7d6c7a0f6f6256a9d53fc197,2018-07-20
bc382cd676f08eb90614a59793568c19,2877d92a0925bf30fe19e44ef779e533,delivered,2018-06-21 20:09:02,2018-06-23 01:40:28,2018-06-26 12:13:00,2018-07-03 21:38:54,2018-07-20,9d5a965adb4373036f892cd149e37395,2018-06-21
c100c80e0f97369fe40a0e99db6f638e,2d5beff4da9dad1f6a2abfb30f7f917e,delivered,2017-03-29 13:23:13,2017-03-29 13:30:17,2017-04-05 12:57:07,2017-04-11 12:46:58,2017-05-04,80027d42f2092f9d0aba1a3fac0bc17d,2017-03-29
f63a31c3349b87273468ff7e66852056,bf04d8d8923728c5bc0e982837507773,delivered,2017-12-29 16:20:43,2017-12-29 16:38:26,2018-01-02 19:24:58,2018-01-10 20:07:24,2018-02-09,40da859b36bc1c8a0ca2e4c478efbbf8,2017-12-29
39bbf01b4fdb433927dd3fa6177607da,535ea92ca9d049b0601f1ada42396b67,delivered,2018-05-29 21:42:07,2018-05-29 21:54:01,2018-05-30 14:03:00,2018-06-01 22:08:39,2018-06-21,aca1792238ad98b04bbdee5f6c24cf7c,2018-05-29
733a314aba3d2c8dae43f32bacb087d4,18d8c43eed6c7199de077013a90c84a9,delivered,2018-01-22 23:37:29,2018-01-22 23:53:10,2018-01-24 18:22:56,2018-02-14 22:00:07,2018-02-16,2f360b03f40b2388530e2333e21da38b,2018-01-22
1a0ce44b1b78ab7a0abb0bdf7062b2c4,7fe9e9279e99a8cedebba562afb56986,delivered,2018-04-26 20:01:36,2018-04-26 20:15:11,2018-04-30 14:44:00,2018-05-03 22:35:46,2018-05-18,721f7a89a56c28996dd2f82fb7e49506,2018-04-26
cc7c3c9e0e52b2748d1843228f84c9ad,3b1aeee621c38f6606cc23392ef2fd49,delivered,2017-05-18 17:09:25,2017-05-18 17:25:36,2017-05-24 15:11:20,2017-06-05 14:42:51,2017-06-19,44c818ed1e855cde4c4c2d0e69794e4c,2017-05-18
1539046dbe3e4a2ea41e0fc3e7e50cc5,edb19eef9b4f25d30662d8964f0c830b,delivered,2018-08-12 12:12:27,2018-08-12 12:25:15,2018-08-16 13:28:00,2018-08-23 00:58:41,2018-08-24,482a764d44101482681d5a4fe25c99c2,2018-08-12
7073808620bfe344668e896056584155,1bee0a2d60304df3001ac352088358aa,delivered,2017-06-22 22:39:15,2017-06-23 02:25:55,2017-06-23 11:31:59,2017-06-28 11:34:52,2017-07-12,92a4b4c966f31e01ad29b7adc861f25a,2017-06-22
0d3e9a1db3f3e32d92a74cf84605172d,242286573731605587d92d0fd8162a09,delivered,2017-02-22 14:52:58,2017-02-24 02:50:27,2017-02-24 10:51:02,2017-03-07 14:38:11,2017-03-31,183c68ec2a929810b66cd6cbaac951eb,2017-02-22
132ca56f1aac17fe178eacedb5a81e6e,2f8028dbc5cdde692d56fc83b800ae3e,delivered,2018-03-04 21:47:15,2018-03-06 03:55:29,2018-03-06 19:38:52,2018-03-29 01:12:05,2018-03-28,8812fa8fe3ef369201c21eadae5569bd,2018-03-04
42b0a4705f0e4429580990e6e0657529,c23481fbfc70d04153ba7bf389b90574,delivered,2017-02-24 22:27:07,2017-02-24 22:35:18,2017-03-02 08:21:36,2017-03-08 05:35:18,2017-03-21,5d891a7ad2cebb8edd29d91446337262,2017-02-24
4737b02132337915fba0ef3a393a93d6,863c3f24261f7f0b1a300894d650b299,delivered,2018-01-14 15:10:45,2018-01-14 15:17:29,2018-01-15 17:28:36,2018-01-22 22:26:33,2018-02-05,34ed577a045384a9d9df4bbab3601bea,2018-01-14
ff72c6a3d900139a98122f63673dbb11,e5035143901c34019cf352f0ce00a0b1,delivered,2017-02-14 23:38:33,2017-02-14 23:50:14,2017-02-16 10:57:44,2017-03-02 09:51:54,2017-03-17,88a550e80b4fe3776746f609b2ed3eee,2017-02-14
55534471fcbe2dd1436234e7cfa4de5a,45d4c985e099f810d4371fa4168c1a94,delivered,2017-10-27 23:58:46,2017-10-28 00:31:49,2017-10-31 16:48:01,2017-11-06 19:51:34,2017-12-19,9dfef33f5812f001155860c7878690f4,2017-10-27
452598fd9959ef5d771aaaac130c48ab,7f3cc28958971d79bf8485cd942e17ef,delivered,2018-01-03 10:00:53,2018-01-03 10:09:32,2018-01-05 17:29:11,2018-01-16 14:19:32,2018-01-31,c9dcff23da6cd2aa71c8387aeb911eb2,2018-01-03
db324d2ccb4e9f72df1e28287c339c49,18467749cf3ad014c2562def1727fb2c,delivered,2017-10-12 18:42:59,2017-10-12 18:56:15,2017-10-18 16:14:08,2017-10-19 21:44:46,2017-11-01,5bc646e9492942aa725129989089eb51,2017-10-12
c6a76def310a4f508d6b11884e8a01f5,e6dee5fa43fbcf8448111437afb29ba4,delivered,2018-02-06 13:38:00,2018-02-07 18:14:48,2018-02-15 19:19:55,2018-02-27 23:56:55,2018-03-05,8941275a22aa22387584f66b3475403a,2018-02-06
66794c8e67490721d1650537f7d82026,14ac3f6c786badca32dbb3a6d6234900,delivered,2017-07-11 18:42:48,2017-07-12 06:44:04,2017-07-14 18:34:27,2017-07-19 19:03:16,2017-07-31,4e613bdef1e5da05887adb66015294a1,2017-07-11
d8c2d5ded5aae20ac6a6e9ef34d9c3dd,0d5ad5130aba65dee9bb68e0496c37aa,delivered,2018-07-23 01:03:24,2018-07-23 13:31:26,2018-07-26 12:01:00,2018-07-30 18:29:45,2018-08-09,821e75291b1ad362e614c0ea79fc95a6,2018-07-23
e2ae500f28aab47adcb9f215fac99b5b,82d90cc533f921fd3b90ff87d197eeed,delivered,2018-06-13 23:05:29,2018-06-13 23:18:59,2018-06-14 10:17:00,2018-06-20 21:28:39,2018-07-11,8b1116032c87632fb37d9c8918ae1b82,2018-06-13
967154cf59bc2aeeb0a0e11f41a508af,9e5c0e7ea478666e07bb55d81ea881e6,delivered,2017-05-22 20:52:06,2017-05-22 21:02:54,2017-05-23 15:29:51,2017-06-02 14:13:01,2017-06-13,18133eb40e512bb8920d76ca8fea6606,2017-05-22
f2b12679297e36967f32d0f6d776a23c,dac424b7c982443e0d3b8b901b806e3e,delivered,2018-05-09 12:03:11,2018-05-11 02:57:51,2018-05-11 14:08:00,2018-05-17 14:51:13,2018-05-28,832536ee36c31e1d153a07ee47d36f94,2018-05-09
52a5a288dcbb4561e2c2354115357b5c,b2bee6fc26529d1c24a385b8632a5409,delivered,2018-03-28 23:06:05,2018-03-28 23:26:41,2018-03-29 20:03:57,2018-04-02 19:51:38,2018-04-10,14c24b3530d2704e439c0935e6953669,2018-03-28
479374e6d18c89bd20eb4c80cc291fc6,510cfcb8cd118cd47b5eef32337a58ef,delivered,2018-06-18 12:48:25,2018-06-18 13:16:36,2018-06-19 06:58:00,2018-06-22 18:38:37,2018-07-16,fe253e9ecb2bc4496544e4fdf1bf4c56,2018-06-18
62e27d060f7d7b3d2fd424b0e1d7adaa,ebc37754efcd5ef1954d9980073a6c00,delivered,2018-04-09 20:14:31,2018-04-09 20:30:14,2018-04-10 21:14:36,2018-04-16 19:55:33,2018-05-02,06b94cd5fa83f543bfa02bd8f18b56d1,2018-04-09
9d00e5dd1d0a6dc258a09e9c90854357,6088f7a0127c12595d6335b10bb37a2d,delivered,2017-01-09 14:04:26,2017-01-10 03:35:54,2017-01-11 15:47:40,2017-01-16 17:01:50,2017-02-15,1c259d4575f154dccfefa0576b0ca987,2017-01-09
50cd705ea531362cb179d7fbf877344c,206fd19fc2dc8738a59823f0afdc75ad,delivered,2017-03-22 10:30:11,2017-03-24 01:32:08,2017-03-24 13:00:12,2017-03-30 11:30:09,2017-04-12,7e4d803a229ff75a3bc6d72be2e88ebe,2017-03-22
40e7e406d2aadf3fb95b04e41909b29a,dbe13d410af5fe987a870ff4d537ba46,delivered,2018-08-14 19:30:13,2018-08-14 19:45:23,2018-08-17 15:25:00,2018-08-24 17:42:37,2018-09-14,7f5dcde4d292354dd5e6968a27971126,2018-08-14
1ceb32dd258e3c9be6212f7dd5688ffc,18d25eff8e2e053d534e174f86443f25,delivered,2018-05-09 18:20:05,2018-05-10 18:18:25,2018-05-15 13:55:00,2018-05-18 20:17:49,2018-05-24,ee115a2e51b2e54f19b37174f9a5946f,2018-05-09
3843764d4f30d3653388f1b55c3a9ac5,6f47bf761ea5cbc060f0ac4b4fce666e,delivered,2018-07-03 11:40:00,2018-07-05 16:09:12,2018-07-03 15:47:00,2018-07-06 12:14:57,2018-07-25,71b1207b964510e050f3677a421ee3ab,2018-07-03
8ffb58ad396250f240a3969dfbbc586c,830c072c1506fb76d4adb3ec52058ea0,delivered,2018-07-15 13:44:55,2018-07-15 13:55:17,2018-07-24 19:07:00,2018-07-25 21:32:37,2018-08-01,1d2f8bddacd92a4a1bf22f153ee8eb46,2018-07-15
6d1e97bacd68745af282bb942bf82a6b,64c593174237d13ee273bca8f9fccf06,delivered,2017-10-20 12:46:17,2017-10-21 12:49:29,2017-10-24 16:07:47,2017-10-31 21:24:31,2017-11-13,37dfc03a111d12adb03a699829213af4,2017-10-20
5fd42e84b68c024a8dca0dbd781279aa,f3b198bb94854a5c2a916f79dcf980a4,delivered,2017-10-30 20:20:27,2017-10-30 22:32:12,2017-10-31 16:47:52,2017-11-17 01:21:33,2017-12-06,576429323e48ec4c202e52552507f447,2017-10-30
8953a647003d73790117d36c57de87b8,c835f0b83294d1f91bf64be9c7520aab,delivered,2018-08-05 17:12:09,2018-08-05 17:31:16,2018-08-09 11:31:00,2018-08-13 18:36:48,2018-08-13,1b5fedf43f8156b281a3e00832f0cf93,2018-08-05
18378468bb910957d971170b04dcab36,0437042370a13825737a6b3ec892166a,delivered,2018-01-23 22:35:42,2018-01-23 22:53:26,2018-01-25 01:26:44,2018-01-31 20:33:11,2018-02-19,dc7231ae7ea2f5af8f54965e6c999611,2018-01-23
818961050c379d7725bfa37c6f6c40ce,312174cad7559a8fbbb3a196b96ea7fb,delivered,2018-04-04 16:35:52,2018-04-05 16:35:20,2018-04-07 01:22:19,2018-05-14 15:56:40,2018-05-11,59cd47f7d0957b3cf7860f25986cf4b5,2018-04-04
2d9ef7f1b2ca0880fe896fa2a4b7c5bd,28184f0fae57155bb83933e2c3bb205e,delivered,2017-08-25 22:59:09,2017-08-25 23:10:13,2017-08-29 20:27:41,2017-09-11 20:21:59,2017-09-19,5944277d79c6bb09958fffcfe6552fd9,2017-08-25
734241db1abdbddb6dbb6fcf6671ed08,790b7e044becdf5408d21b59cdc85b10,delivered,2018-05-04 09:09:50,2018-05-05 03:33:41,2018-05-11 13:49:00,2018-06-05 19:38:31,2018-06-07,acea6bd29b8c1e3c6a8b266a8fb4475e,2018-05-04
941d226d049bdb705438d2df05047b54,054768a77848b10d24141691cddd0ed1,delivered,2017-09-21 22:27:12,2017-09-23 02:26:18,2017-09-25 19:54:52,2017-10-05 14:52:47,2017-10-25,e61abfc55382f5862e43b1c41ae93c17,2017-09-21
2f2c7830ba7d481daf04619aafd7878f,e3a6127d908abfd1fcbc97618672f72a,delivered,2018-05-19 10:08:59,2018-05-19 10:30:47,2018-05-21 15:22:00,2018-05-22 19:38:50,2018-06-04,b3bc90f2b38301ba48cbad6ef1372d1f,2018-05-19
a7736098008bf1d6c7f3e9e72ca06081,af7ed4a121e97a66394c6703635bb478,delivered,2017-05-23 19:24:53,2017-05-23 19:35:11,2017-05-25 08:26:40,2017-06-29 07:27:38,2017-06-05,be8c70f707c6d3d06ff32027169fa8da,2017-05-23
168d45af7dd36e96d0a16120eafce384,4bd50b16b68527f8f97edd3950ca2a75,delivered,2017-09-15 23:28:26,2017-09-15 23:43:57,2017-09-19 16:24:09,2017-09-27 20:04:06,2017-10-11,8e0785d81496e3f149c35006c3072826,2017-09-15
a0f5fea75f554a37cc21f2db68319ce0,c021182f0eb57d18ef4283cff6d0c724,delivered,2017-04-20 19:21:32,2017-04-22 15:21:15,2017-04-24 13:20:27,2017-05-02 15:51:25,2017-05-16,c4fe9fc8b5e1b4f9992db983d0429854,2017-04-20
26fb6c984069988017b2d12b79849865,6ad1ab20e1583a1e1d20961b363df092,delivered,2017-01-24 11:41:58,2017-01-24 11:50:19,2017-02-06 09:18:57,2017-02-08 17:22:04,2017-03-01,3f81a7afc0532976d0e0f41b20adf2b0,2017-01-24
3a80aeee2f23cb1e2052c30a451779ee,9cf7e4c300a885fa7f2274dd65a914b8,delivered,2017-05-02 12:48:11,2017-05-02 13:10:43,2017-05-02 15:07:42,2017-05-12 13:04:40,2017-05-25,5ca6a4c15764e5c32cc337bfca1ac586,2017-05-02
5e0d84280f3a96b37d0228b21ffeb4f6,e9a31b63dccb0bf5d0f7eb63679dbc36,delivered,2018-08-21 13:04:02,2018-08-21 13:31:03,2018-08-21 14:41:00,2018-08-23 01:24:25,2018-08-24,d000e5a1b2667359f49641aa1ad6211e,2018-08-21
b2dc8106ee4d388e5f4adb1db500ab77,bb416a6beaeed76fa660ac46a7c09d15,delivered,2018-01-16 23:44:05,2018-01-17 09:31:20,2018-01-17 19:29:14,2018-02-16 01:07:03,2018-02-15,6a7aa34b19aa299c7fdbb1a2e0789ae1,2018-01-16
c8ebc5287c1e130db3ef5c6d50dc24eb,6eac3e5927971218ddf536df5dcff1de,delivered,2017-11-24 11:16:25,2017-11-24 13:15:33,2017-11-28 23:59:05,2017-12-21 22:28:43,2017-12-21,79a1c3f0f9b12a81d7ee6f2c1ff30a34,2017-11-24
71f7457d0d3ff13a7f9f76b1612d4237,081f93ad5ce5604b882889f5bb44359f,delivered,2017-09-03 19:20:43,2017-09-03 19:30:14,2017-09-05 12:22:01,2017-09-06 22:07:36,2017-09-19,2fe9a6c399444fdfbbdf856d4ab02372,2017-09-03
35d971e053ae2a9d79f26918b35c65a3,0e27562cb35ddcd081de10400d14b38b,delivered,2017-12-06 12:24:12,2017-12-06 12:33:26,2017-12-06 20:29:49,2017-12-13 20:14:41,2018-01-08,8daca1a9057340b8d342979c59e9c6cc,2017-12-06
67181f4e71a741e7693f8546045a40f9,c750ac5874b242f3af515c5fdb389834,delivered,2018-05-19 09:21:47,2018-05-19 09:39:50,2018-05-21 14:41:00,2018-06-07 14:28:36,2018-06-18,d4bdc79a55b98ad7185f06652af98eaa,2018-05-19
83329d0539a9b3f087f05db119bee0d6,c8881515a45dd6f97054f6501441e421,delivered,2018-08-14 17:49:36,2018-08-14 18:35:18,2018-08-15 13:55:00,2018-09-11 00:37:34,2018-08-24,6c56bc412d285dc4211c29a964a7837b,2018-08-14
aaf3296abd366f76ed7d26fe0ea4cdaf,6ea6833bafd5a01be6aad92305a57e9e,delivered,2018-02-12 03:28:04,2018-02-12 04:20:20,2018-02-14 22:42:26,2018-02-27 18:22:38,2018-03-07,2092a83c9b00bdad49c0d1789112ff51,2018-02-12
fab28f3d1cfbe171566884703d82682e,87bd31960d1a15744a96ea9fc9a95b8c,delivered,2018-04-21 09:18:13,2018-04-24 18:25:30,2018-04-23 23:35:37,2018-04-24 15:28:41,2018-05-04,3c16b3dab6262b2f1ff7f809a9afa8ec,2018-04-21
7b70ed12304671aecd4d8fef24017f5b,b020bda0edc442d4eb31de615f27db01,delivered,2018-06-05 10:21:06,2018-06-05 14:31:30,2018-06-08 15:05:00,2018-06-21 21:38:23,2018-07-23,ca3e1d6ac2764d1d0e2eaeb308cf6e67,2018-06-05
66ea949bccf5b81da9cf52b48be222ce,14640d8ed2e2913c23c7fe7b959c505d,delivered,2018-06-01 16:35:17,2018-06-05 04:31:01,2018-06-06 12:42:00,2018-06-12 22:25:52,2018-07-23,20300ba8d86edaf946ccd18676a07819,2018-06-01
9ad0a499e1f35f8609a2dd4ad6c203ca,ba918f303c01fdb6620798b7d144d9ba,delivered,2018-04-11 11:25:31,2018-04-11 11:50:14,2018-04-11 21:12:58,2018-04-17 19:18:30,2018-04-27,b7513835424c762e8b97207891c0f897,2018-04-11
b04860f9f7889ebd859a225e5fbaf743,5c2ad7712ef84e3eeb0fdc51818edb62,delivered,2018-06-20 09:34:37,2018-06-21 04:36:17,2018-06-22 10:53:00,2018-06-26 01:22:11,2018-07-04,dd5ad124e18e88ec89be0ee94262cb74,2018-06-20
102253fe87d606ab9c413be7b9caba5f,396f15716ae94de342e646bbe8fb8182,delivered,2017-08-31 16:06:10,2017-09-02 02:55:18,2017-09-04 18:06:57,2017-09-11 22:48:50,2017-09-21,74afd23d0a10a1f9296028b91817d06a,2017-08-31
90b7db4287fa01d28675c2af8e535b69,201fcad158325596d2f4d83cbeebbdb6,delivered,2017-02-20 10:52:15,2017-02-21 04:50:24,2017-02-22 09:41:40,2017-03-10 09:58:05,2017-03-29,2286eff997345a05035fb6612dbea222,2017-02-20
3b090f7fe6e2cf01b468a154dc9c546a,f216b1b065c06506b3e95e6681d4522a,unavailable,2017-12-06 11:06:41,2017-12-06 12:12:37,,,2018-01-03,24f2ae154b8a14d2f9d5cd7e07f8c368,2017-12-06
ccbbefa45f3de84ef18124da1beedf7d,cb013c379aa9b1ad752096be81a9f605,delivered,2018-07-10 20:01:59,2018-07-10 20:15:23,2018-07-12 11:04:00,2018-07-16 12:28:26,2018-07-26,b7cc3147c575ef92ab9e5871bceeca77,2018-07-10
0a02d8b1995030c91c63add1acba1fb2,6091f333209123c861ccfb14f0816132,delivered,2017-05-27 13:48:50,2017-05-28 13:55:15,2017-05-29 15:43:21,2017-05-30 09:34:03,2017-06-09,aaf00c4cf40ae5b125c7f169dcce2fa3,2017-05-27
dbd51aaa65a18413d5c1a97a0bc41bf4,795212349b7312d0372f15dbae9c6973,delivered,2018-07-23 23:22:30,2018-07-24 10:31:05,2018-07-25 11:02:00,2018-07-30 17:30:59,2018-08-16,472852e151389ee34481299bc2831b4e,2018-07-23
15ad076013b4586c67a8eaa4c0fa4370,daa9d752a63760207323b45787f44a42,delivered,2018-05-02 23:23:48,2018-05-04 03:31:33,2018-05-04 14:25:00,2018-05-14 21:40:55,2018-05-29,241a94d85bf8b481f76dc27eca67d320,2018-05-02
f5685731d11d379083cd2f148a40f1c4,f836a29e1a927aab7f5edfc9612bace0,delivered,2018-03-23 22:57:17,2018-03-23 23:08:25,2018-03-27 01:46:49,2018-04-02 22:08:47,2018-04-11,7ee9123ff8563b97fcba63c8f8e21d62,2018-03-23
4809cd2c1bf682210c70023118f90090,ee3f0efcd36902c8e344d4f6775935b0,delivered,2018-07-31 14:42:31,2018-08-02 05:30:50,2018-08-03 10:05:00,2018-08-15 00:04:58,2018-08-21,b3a1253b491a6f4a317ebd499f67998c,2018-07-31
2831c6a69eccc212a3c595b7f93ef1c3,8c3ce566744a14223843388d68d174b5,delivered,2018-01-21 09:37:59,2018-01-23 03:38:54,2018-01-23 18:22:47,2018-01-30 21:05:55,2018-02-19,6487103e80b44928230a321da57d026e,2018-01-21
a1719b472676076ed0773bfbad39a13a,6d132702f1b71f8c2c8393c6feeddb53,delivered,2018-02-15 17:43:12,2018-02-16 12:35:28,2018-02-21 14:47:13,2018-02-27 00:22:32,2018-03-09,5f1718c68b05c10605bbc7b6007f2f72,2018-02-15
fee8776149b7a035c6cd262ac33d4bd6,b9be4e17cb15a55a8831710d16b78c7c,delivered,2017-05-20 14:00:07,2017-05-20 14:10:21,2017-05-24 14:11:47,2017-05-30 08:24:03,2017-06-13,98f5def9f4288281f2459b7a88d24967,2017-05-20
689bb5b4071b09f5e0c4e3633886d3df,a64142e66e1ec74aedc81b5d63874e92,delivered,2018-01-09 13:53:18,2018-01-11 02:48:23,2018-01-15 22:51:50,2018-01-24 13:18:12,2018-02-06,6f4b96e335b7cfe89b40731ea58af7f4,2018-01-09
114c4a21b3e731dc655812de85018fd3,b687ecffe1517b78c300fac5785fa37e,delivered,2018-01-16 12:13:23,2018-01-16 12:52:43,2018-01-16 21:28:58,2018-01-23 19:37:12,2018-02-14,586d32cffd97a4d05c2c315430ad73d0,2018-01-16
5d8dce0f4c7092c6e30ad47479654a0c,bd999da6d06c37baf8f1b4f48beb96bf,delivered,2018-04-11 10:47:42,2018-04-11 11:10:44,2018-04-17 20:04:03,2018-04-18 19:58:44,2018-04-26,cc7af73f28c61fb51123617b5998e180,2018-04-11
94e8d839953377c0025c4596afec9cc8,d679823b75b44acc3a4a542b90f29887,delivered,2017-06-10 17:19:22,2017-06-10 17:35:06,2017-06-16 15:50:47,2017-06-30 13:57:51,2017-07-07,9c760a39c48113c1450dd5b65958d7fa,2017-06-10
9e8835f613d3d61b5c4aeae2550b893a,1b5db70f5a471093cb88e558bdee77ae,delivered,2017-10-18 16:42:42,2017-10-18 16:56:45,2017-10-24 19:22:45,2017-10-31 21:47:42,2017-11-08,f959005f36821cbef469aae18e5ea78d,2017-10-18
fa642a520fa06e31dd5b64808e1fa92d,179a14666a837084056cded7b355be39,delivered,2017-11-15 11:20:30,2017-11-15 11:30:34,2017-11-16 16:36:59,2017-12-11 23:28:52,2017-12-11,72d4fd70a94058aa1a68e0dc49dc8b68,2017-11-15
051c701261744807b2535ab976842f7e,fc081ae245389c9660e0fdc15c33a804,delivered,2018-07-08 14:18:22,2018-07-08 14:30:11,2018-07-10 16:28:00,2018-07-11 21:51:32,2018-07-19,22c61e08d36892044a2ae55337461169,2018-07-08
36cdcd48e9697951eef9c32ef39dc9f3,e277b8e4745cacd511e18bd6d7686227,delivered,2017-11-24 14:35:10,2017-11-24 16:35:13,2017-11-29 20:35:48,2017-12-19 20:44:52,2017-12-15,cbdb4e89c4cc2233a6810399ccf28619,2017-11-24
3489314598632acec4c8a6aee1c781ce,7634df701617e30e218536ba7730c480,delivered,2018-01-17 16:47:05,2018-01-17 16:55:02,2018-01-18 23:18:45,2018-01-26 14:35:11,2018-02-14,225c664753214d826450307f0a799c6f,2018-01-17
341eef9a571acc5c7dc233b44c9fda31,2c9e2ef97744828d58f63b1758e118d3,delivered,2018-03-20 16:02:58,2018-03-20 16:15:28,2018-03-21 20:22:21,2018-04-04 01:08:29,2018-04-20,6b8c63c66ac3dfea94e7271a15970796,2018-03-20
8f90b6b9a8cf2cbf9f41796aed73f8c0,afec108e02de0985e52fddcbbd1cc404,delivered,2017-05-30 17:36:54,2017-06-01 04:10:13,2017-06-02 05:44:51,2017-06-13 13:20:16,2017-06-28,2050b924adf67eeb64c66dc2fc37b0f1,2017-05-30
ad86b0d3d5cafc39d8b70a248b46cfa6,e4187e722cbd5b6db4b0c68b68b8c573,delivered,2018-04-12 03:50:51,2018-04-13 12:35:19,2018-04-16 20:25:42,2018-04-30 17:24:42,2018-05-09,7675ea22236da5d26f0d27950f7fd3fa,2018-04-12
363fe8f62de97e4334f5c88e3d9e73a8,96215fbe32b8d5475f7ba7c4e9593dce,delivered,2018-03-23 13:58:15,2018-03-23 14:15:34,2018-03-27 00:48:43,2018-03-29 21:26:39,2018-04-20,197df65a4abaf80e1db63bcd10d81eb3,2018-03-23
3aa9a689b3c0ef2d13623d763c96ddbb,02405cd33ab625b311b3aabe5402dcf1,delivered,2018-02-08 10:31:55,2018-02-08 10:50:14,2018-02-08 20:54:51,2018-02-19 19:22:14,2018-03-07,9696892d2f285e3e3d2c4a34370f2aa0,2018-02-08
b144a6fef45d3b18724be5d033e8d500,1457db4694dabd9ee0aaa7a8def2b152,delivered,2017-05-21 15:09:43,2017-05-21 15:25:12,2017-05-23 15:33:25,2017-05-29 07:38:51,2017-06-16,61e5f16f5f4e5de288a9fc001ae443e4,2017-05-21
35ae091cd580f7c6dbb7f8c1552740fd,9f5248d1ba1badb231a1da9217f77f78,delivered,2018-08-15 14:04:47,2018-08-15 14:44:03,2018-08-15 13:46:00,2018-08-20 18:28:24,2018-08-24,e2d2fd467eaa61409bce83b07c9eac2b,2018-08-15
ca1e57dd2789cc1abefc1e5b9a76e26f,091ff9c4a63d65946d250b782fd7c5d9,shipped,2018-03-21 13:44:57,2018-03-21 14:11:50,2018-03-23 20:42:16,,2018-05-02,9754ba55a1d8857669dc10ccc72f169d,2018-03-21
35a972d7f8436f405b56e36add1a7140,898b7fee99c4e42170ab69ba59be0a8b,delivered,2018-08-29 15:00:37,2018-08-29 15:10:26,2018-08-29 16:57:00,2018-08-30 16:23:36,2018-09-05,24ac2b4327e25baf39f2119e4228976a,2018-08-29
189c15784564492070ee3f1c8dbef1cc,b09dc8b0b3756201b63501ed4ab54ee2,delivered,2018-03-25 16:13:44,2018-03-25 16:27:55,2018-03-27 19:48:36,2018-04-02 12:46:56,2018-04-23,064ca07a0cb37e7a2ae5d83994bd5dba,2018-03-25
cd44314b084629fc21d3a0dca3147f7d,11653da9bd935f545a6bb58b7dc41d99,delivered,2018-04-23 10:29:54,2018-04-24 18:19:43,2018-04-25 15:33:00,2018-05-07 23:02:48,2018-06-01,3c555d15cca5369965d1759ad9530a66,2018-04-23
c1414100e5e04a4b7a2ddb9b080ec71b,9559bea347a4a803e8c59cf932af109e,delivered,2018-04-02 16:06:57,2018-04-03 05:49:01,2018-04-04 19:02:27,2018-04-26 15:37:36,2018-04-19,b0aa66f3bdea0ebfa0d1b3e44492fe68,2018-04-02
d512bd494537d839564f29a45558e105,e718b9b7ba3000044cac320e06d5bffb,delivered,2017-11-28 14:44:22,2017-11-28 15:06:53,2017-12-04 13:57:44,2017-12-08 22:19:32,2017-12-18,f5f8d9566e2d306d93317bece633ba1d,2017-11-28
78c96fa659d86790819c423216522535,105507c4c509dd35a7c26e05c7039089,delivered,2017-06-16 21:25:14,2017-06-16 21:35:12,2017-06-21 16:02:57,2017-06-30 15:26:42,2017-07-18,4812bbd35d1412c209481b349966ed9e,2017-06-16
6a3e9cd3ebd3eaf6a53cb71cb50941c4,d5b5f8b2c900c6a6eed9d277f88d7ac5,delivered,2017-11-30 20:04:59,2017-12-01 09:31:01,2017-12-01 19:37:05,2017-12-12 19:37:47,2017-12-29,8bb910cd8c3b29e4acf2e94e3aaffbbf,2017-11-30
c56db498f3d3ce91df4715ff0420c0e3,7fc312a35a396ec1fc4b700b940049e7,delivered,2017-09-26 13:22:30,2017-09-27 02:56:45,2017-09-28 17:55:43,2017-10-04 17:16:12,2017-10-20,34116bf8f2f4e9103edae5d6d09aa625,2017-09-26
666e09695a076343da1fb9643f68adc7,f457ae29820089a077b166bcf2182d9d,delivered,2018-08-01 22:38:34,2018-08-01 22:50:19,2018-08-02 13:38:00,2018-08-07 17:12:08,2018-08-16,2f081be445187d6ee255609b07efaacb,2018-08-01
35326cf9d55498696560de9c17be2511,7472d021279cecc1849f2814b31534a6,delivered,2018-08-09 04:25:07,2018-08-11 02:50:22,2018-08-15 05:41:00,2018-08-16 17:26:44,2018-08-17,a3fe56696ad23369826ccb398826550d,2018-08-09
c6f6b7098338abbafdecc3ee3ff4bb66,0dc4a355b233bf1293b73157c381c3d7,delivered,2018-08-04 13:42:55,2018-08-04 13:50:16,2018-08-06 12:01:00,2018-08-09 16:28:49,2018-08-22,51fd47502d2e808bdd36f1ca989a123b,2018-08-04
6616b080a04b814ab8245f7d0d386025,57ee2d5f51a310a71492b33966297b9a,delivered,2017-04-17 00:35:09,2017-04-17 00:45:55,2017-04-17 11:50:29,2017-05-06 07:58:35,2017-05-17,dbd1af8ed38bd109a34b02c581643c48,2017-04-17
44bdc4b28df8782f4190e4abfcc8cc5e,904d174cf7b82c28c74734dafe925489,delivered,2017-05-08 11:39:43,2017-05-08 11:50:09,2017-05-12 19:36:08,2017-05-18 06:59:35,2017-06-12,3a62bc7790ef04326e7016b2d3471130,2017-05-08
4dd4f82ffb6e497890e03dce4464ee95,7b211e4d56ff38f1b0bdeee347c825a8,delivered,2017-12-09 12:02:37,2017-12-09 13:12:01,2017-12-11 19:53:32,2017-12-15 12:18:42,2017-12-28,a4351635fc12dfd9a54f38f799a5b32a,2017-12-09
73a15e8fc5de8485d1f16639bc66a273,7c176c08ef456df175f90494caa9074c,delivered,2018-08-14 18:03:56,2018-08-14 18:30:22,2018-08-20 16:13:00,2018-08-30 19:54:23,2018-09-21,03bc76887b06f1e7fb81d0513018165e,2018-08-14
fd983d35a20d34f2b4bb9a157636ad51,ef21b7396cece7d3d4b2a7fa48e4582f,delivered,2017-12-01 21:46:36,2017-12-01 21:57:23,2017-12-08 11:57:41,2017-12-22 00:58:58,2018-01-10,9a2ae504302a5289d5f32785ece60212,2017-12-01
57de08bdf9af8887e90203f0a8e22cef,5664c99c72a7e730f84d58a4124e1fe4,delivered,2018-03-31 12:04:24,2018-03-31 12:15:05,2018-04-05 21:58:41,2018-05-06 15:38:51,2018-04-24,f8e6b266119a106afd5e4b906532f33d,2018-03-31
85194cc4465ab41c762612c2d288ce8e,519c2ade7c1ac88ddb2a0e01477dd70c,delivered,2018-02-06 18:45:44,2018-02-06 18:55:36,2018-02-07 22:49:43,2018-02-22 14:13:02,2018-03-13,6420bfe19a1230cc5e7edc7371268077,2018-02-06
be5435c57df6900352df2542b39a99de,a130282ae152ff07a4c853008884ed9c,delivered,2017-12-08 18:25:45,2017-12-08 18:35:24,2017-12-12 22:19:19,2017-12-19 13:04:12,2018-01-08,cc371e5fbd115ff2543923d1cd2c6ed7,2017-12-08
4d8bce6f55c5f41f046cad9b87cb8fe1,12de00e563e11d97d25becba03d0db2f,delivered,2018-05-05 16:21:56,2018-05-05 18:15:18,2018-05-07 16:34:00,2018-05-08 21:08:38,2018-05-24,d3741290a08daa355b2f64eb833129d8,2018-05-05
81928f41f8a362d614d4e4073d24de07,1b985d3713dd6d3170040e3d0aaf8cc9,delivered,2018-05-08 20:06:01,2018-05-08 20:54:55,2018-05-14 13:01:00,2018-05-21 14:26:36,2018-05-28,4d769103760f32a58c919aa3c3f9d5b1,2018-05-08
5020a3db49225f967490d76021c7d13a,5a8b3e70cb6bfdbc353bcb5ae2b4d4eb,delivered,2018-01-28 23:36:01,2018-01-28 23:58:29,2018-01-31 22:45:00,2018-02-08 16:26:10,2018-02-20,89be58cbdd6ef318e3ed93fdb22be178,2018-01-28
7e429b54c3c0a8b4206c8d42b6a55bf8,687b0e4d0c667dc8d20a300c8b0635d1,delivered,2017-07-12 15:09:25,2017-07-13 03:03:56,2017-07-14 17:45:44,2017-07-26 12:46:47,2017-08-03,1d301e190b5dec77e4ade6bd375b97bc,2017-07-12
257b54c7aa667fa7865055803a58a737,7330d34b5bda6028598cc40d357a8874,delivered,2018-01-23 14:11:49,2018-01-23 14:32:35,2018-01-26 16:33:12,2018-02-03 14:51:28,2018-02-23,d344aa2e0449484a02060bdc34cd8c1a,2018-01-23
de86d263fd8adbf70b390a50f59266e4,9ef7bea580502adf844b3870ab381495,delivered,2017-11-27 13:49:21,2017-11-27 13:57:30,2017-11-29 17:55:15,2017-12-13 10:28:39,2017-12-18,3bee21d3f6de31be0891d0cd591f33df,2017-11-27
3caf494d4c5d2bd8d542138e316ad680,b4431c0d23dfe71e608a3e723ad5c1a0,delivered,2018-05-07 22:23:50,2018-05-07 22:35:19,2018-05-08 11:31:00,2018-05-11 00:19:22,2018-05-25,97354adbd0f6a51d9c26ba45f72e5374,2018-05-07
917c51358bf547a3796e4891113062cb,869b351c228dfe4cd16d6b7695339578,delivered,2018-06-18 10:43:08,2018-06-20 02:54:57,2018-06-26 15:16:00,2018-07-03 22:32:23,2018-07-18,1fa79d6381da23d912745ebed94c8c8c,2018-06-18
dc72bbc96294739757a895a8e6ec0d5f,3b2f361140b11494153fd5f7cb0c7cdd,delivered,2018-05-14 20:43:23,2018-05-16 03:55:02,2018-05-21 14:15:00,2018-06-05 14:06:52,2018-06-07,88281640bf024a756c9b3ad44844d557,2018-05-14
7b70e6de1d128a5d14fa078e615d837f,d7f0e97224e87c4a571980b74994a951,delivered,2018-02-17 15:05:45,2018-02-20 07:07:31,2018-02-21 12:37:00,2018-02-28 14:00:02,2018-03-15,0669bf2cb4551389e155f7daa3c1156e,2018-02-17
504de5f90c4a0b094b0bc81db7999cdb,e047f484b8447314b1a1e55bdefa4ff9,delivered,2018-01-03 16:37:06,2018-01-03 16:47:23,2018-01-08 16:33:03,2018-01-15 23:18:48,2018-01-30,e5205088eca54b8d927b29076a1ee913,2018-01-03
ab2e18197d676ace96bcaab0aeb2a820,5ce188ad5db48e889d087639680c7ef4,delivered,2017-07-14 08:20:50,2017-07-14 08:30:12,2017-07-15 01:11:21,2017-07-27 18:39:26,2017-08-18,2461b6b13582d11fa2d7a2c20c6b921f,2017-07-14
880818864a5b124a7e8784b03caa1d84,01571872abf22fe5f1be95d63d768575,delivered,2017-09-16 18:16:20,2017-09-16 18:30:10,2017-09-18 21:10:35,2017-09-21 18:04:23,2017-10-05,a78c6edd8ba14885a70e81135fa5fa2d,2017-09-16
04b9b5e585a9c4f0a8e54706eb6dca47,2bc1edf09bf68e261314a5142481290c,delivered,2018-05-06 23:03:53,2018-05-08 19:52:57,2018-05-09 13:58:00,2018-05-11 20:32:51,2018-05-23,4b186be506eaea9267648b3fdcb6e7d3,2018-05-06
f46e4c3b10d88caacf23b8ee4d674d7e,5e770b11141590d895e35d909ff36c0c,delivered,2018-08-02 16:31:11,2018-08-02 17:04:04,2018-08-03 14:12:00,2018-08-09 20:38:41,2018-08-21,1f3f06e1c78c064d127de4a8326baeed,2018-08-02
e18f65e5aba8eaf869f312647644d9ae,bb16eb9b2572c004cc5eabd905ff5c74,delivered,2018-03-26 13:08:03,2018-03-26 13:27:29,2018-03-29 16:38:53,2018-04-02 16:19:14,2018-04-12,6ac0e68ca06c7a126ba938508ed19f86,2018-03-26
1daadb218e1c16168ce3c3888ade376c,e82808bc00d7a537dd141d2979b9398f,delivered,2017-03-14 18:21:21,2017-03-14 18:21:21,2017-03-15 07:20:17,2017-03-23 17:18:15,2017-04-12,08dcc0dcfbaf8a8e6f610fe220427048,2017-03-14
28037715728a348c84215e5db015de7e,4d6c393e8d157f91ced96c5a89beeb77,delivered,2017-09-29 15:43:51,2017-09-29 15:56:17,2017-10-03 21:10:30,2017-10-09 17:03:31,2017-10-23,6129e19fe543f8818740b4fef70c258d,2017-09-29
5965b589a33443dd1f820eb7df39762a,e7e6da2ddce69ab0bf01d7ed4dbd0856,delivered,2017-01-05 13:36:41,2017-01-07 03:44:29,2017-01-11 16:08:52,2017-01-16 15:53:34,2017-02-01,b6b2c3c8fd76769b478618a3c2505009,2017-01-05
9774344f0f459e094eca1d2cec55d41c,20f0b1f991f8670e4421b202c2f8f454,delivered,2017-03-26 14:50:21,2017-03-28 03:51:12,2017-04-11 15:19:52,2017-04-19 14:43:47,2017-05-03,d3cb1b78bc10250586b74fb15d0310e1,2017-03-26
7e057dac0629fd5a4b43f092df2adb86,4fa00e989992cc755f0e1fe2a1b89ee7,delivered,2017-09-18 14:21:03,2017-09-18 14:35:21,2017-09-18 20:56:01,2017-09-25 20:42:33,2017-10-05,29c11834acc57b4cab45bd13a4e97aef,2017-09-18
b8585b755e4a6d296c78133909d74022,c6120aa7dc24c885d3aa523a74de5fa3,delivered,2017-08-28 08:26:30,2017-08-28 08:44:22,2017-09-01 12:26:41,2017-09-06 18:29:58,2017-09-18,56d4dcda06a9c8f05cd894af56c7f423,2017-08-28
655a5b69bafd871b61130f67836142ae,21906853307eab2fb1743556a919e9bd,delivered,2018-07-24 08:08:39,2018-07-24 11:23:31,2018-07-25 14:01:00,2018-07-30 16:16:49,2018-08-14,89be91f6d069773a65226b2773313752,2018-07-24
b0228af1eafc5eff8a23e1d9257f33fe,b31ff72863820596a3e7bdc9ebac3e54,delivered,2018-01-29 22:03:10,2018-01-29 22:13:30,2018-01-30 22:26:46,2018-02-21 15:55:53,2018-03-05,4e5e10275d50a06180a724877453fca1,2018-01-29
0b528dd823a72d145a342b30a202dfa2,1e693b1529d492f7e34a9ed0a166119a,delivered,2018-04-16 16:31:50,2018-04-16 16:53:38,2018-04-17 19:29:30,2018-04-24 17:49:03,2018-05-09,549b73a4d09e5035dce01ce9a3e8f6f8,2018-04-16
572c4bbf0f5f85a9b4a2c4fe0c7f04d5,93ccdc49f22d1b0e3664b2bc328cf23d,canceled,2018-08-30 15:11:58,,,,2018-09-14,230a1e9f42924d41f37fd22a1d4a9707,2018-08-30
8705f63a4f33f2570126a9f57336b1e4,adb8a86c72b4a2451e52a6c197a24c08,delivered,2017-11-29 15:41:09,2017-11-29 16:31:02,2017-12-05 11:29:04,2017-12-21 19:15:24,2017-12-21,7647c15a4f2e66304c91fcf86573a2a3,2017-11-29
64b1521e5b9b804d124fe8a6edce33a7,4c9e1ab2cfb96d734f06e5bc04219139,delivered,2017-11-27 23:03:26,2017-11-27 23:11:24,2017-11-28 19:36:40,2017-12-05 01:42:19,2017-12-15,042d7cb496599d4512619d9ee9970376,2017-11-27
08f47d708b29e500be7ee1576343f2f9,ae8dce2bd3be3a25622d54adbaf92a27,delivered,2017-10-17 10:30:04,2017-10-18 03:14:39,2017-10-23 17:22:17,2017-10-26 18:41:54,2017-10-27,541817eb0cf6fdf6c6b111436eeeff2b,2017-10-17
bd587bc48c1f658360c660c0004b94aa,4e416e608a9a7817616f9813237e5e23,delivered,2018-01-19 10:41:52,2018-01-20 09:07:49,2018-01-26 16:26:02,2018-02-01 00:22:22,2018-02-22,fd39eafefd858bd09aeb583cf3c5c38c,2018-01-19
6f518b2ff981751788c8e7dfe7dfbf90,b893fdf0dff65ca2fb524cfbfa9039d2,delivered,2017-09-16 20:50:42,2017-09-16 21:05:39,2017-09-19 13:39:00,2017-09-29 20:11:51,2017-10-19,be847fe4f6e13a787013a802021ca9bc,2017-09-16
9b8254228cafa6a7e497fc21d7268c05,321677fd4e060edfe35b0d16dbd36887,delivered,2017-04-30 22:41:45,2017-05-03 11:15:39,2017-05-03 14:33:59,2017-05-11 16:04:28,2017-06-02,b3dec7c277aa6dc3286018616ac9322c,2017-04-30
c327bf79ca9f0099dd58157ec2b71839,6e2243e81dfbcf77269277d8b90834ed,delivered,2018-06-13 20:56:31,2018-06-13 21:20:37,2018-06-14 13:50:00,2018-06-15 17:11:02,2018-06-25,02aff8daa5b3527989a29500ff1e8e10,2018-06-13
0afa4eb653f04cb1809253eb3b1f9768,78986fff122c92ab8aaa1724ba0c2782,delivered,2018-02-07 18:50:06,2018-02-07 19:10:12,2018-02-08 20:46:50,2018-02-22 21:23:15,2018-03-14,e53b3caaa3e91527aee71e5e36201108,2018-02-07
d9fa4ce136debee4083c12f5073aeb79,a581a65a64706359a642917e16faf4e0,delivered,2018-07-10 07:55:10,2018-07-11 03:35:23,2018-07-11 13:11:00,2018-07-13 22:32:22,2018-07-30,c30e1d992894094d169c6e3946b35dcc,2018-07-10
0438652a8cef245640be57b30610a4fb,31be8c287cde2933aefd80ec4b107011,delivered,2018-04-03 12:06:28,2018-04-05 02:28:25,2018-04-05 23:48:42,2018-04-16 22:03:06,2018-04-20,2f2b167cb3ef14988b2a1c194e11a790,2018-04-03
5754e773f5f53dbb1fd793be8d1250eb,863b6f610daba16f259325f21c9d8797,delivered,2017-11-04 14:34:23,2017-11-04 15:35:32,2017-11-06 19:32:17,2017-11-14 21:43:03,2017-12-01,7b8613dd80f23830102271dcf047f27e,2017-11-04
89cbe85970695c78a58dd5f1d0e0fd35,6afa201524991b8651d2f8bf560e9697,delivered,2017-12-09 15:25:17,2017-12-09 15:32:31,2017-12-13 13:44:40,2018-01-26 17:24:15,2018-01-10,69e27423d164d49d94d6be3f2d798320,2017-12-09
24bff6c6e26ab1c7ba6bafb8f08773b1,62f7e224a1edaff2bca054bf5f6d0ddb,delivered,2017-12-20 17:40:00,2017-12-20 17:52:26,2017-12-21 22:51:37,2017-12-28 19:13:43,2018-01-15,f8ded68dca0925e5da6470841658a484,2017-12-20
7e50c38a07a419235566099ec4437340,e3aa506516263812f35b7a8636afc9b5,delivered,2018-02-06 16:29:27,2018-02-07 10:35:35,2018-02-08 00:11:41,2018-02-21 15:42:29,2018-03-06,edc7b8dab3575d0af63b7c5954edc732,2018-02-06
309378cec0942c01685b652408b9aed8,c41b61f4fa5e1b61423373c084975a1c,delivered,2017-05-24 17:26:18,2017-05-24 17:35:15,2017-05-25 12:55:55,2017-05-26 10:37:10,2017-06-07,ae8babc8badb8563f582807f37befe25,2017-05-24
f18b92389bed71bfae76291cfd566bf8,0aaa9def0aba9123ce44d2d7ea4f44a7,delivered,2018-04-27 15:55:27,2018-04-27 16:11:13,2018-04-30 12:38:00,2018-05-11 17:28:43,2018-05-17,20be0faca39cb65332e712f1060b24b6,2018-04-27
bab4c3b7d9e904b2e991490cd65ccae7,32352977d8f006ca69685799ba6d9275,delivered,2018-02-08 21:57:26,2018-02-08 22:08:55,2018-02-09 22:09:00,2018-02-20 13:43:15,2018-03-12,d9b10841ca4bfb223744eed7298af042,2018-02-08
d7f48a8882bf0e1c1282d5204e96e24f,2440e73a8c1590de0389cf3eb7d24db0,delivered,2017-09-20 16:30:43,2017-09-20 16:44:18,2017-09-21 17:18:35,2017-10-10 18:27:55,2017-10-26,f6007ec55ce78f73912d68794066a402,2017-09-20
e0324d1696ac7872c9dcc6ea30afad20,ccdcf5a3241fa4143b5e8e92199a5c4a,delivered,2018-06-18 11:26:16,2018-06-18 12:19:00,2018-06-19 13:10:00,2018-06-20 20:38:23,2018-06-28,75a1e841d43d58d357c11ad4d35dc70f,2018-06-18
b899ac30c0df28d003611ad4999aa487,8611ae68bf0c696719534f605dfb9547,delivered,2018-08-02 12:06:05,2018-08-02 13:04:12,2018-08-06 15:00:00,2018-08-10 15:21:40,2018-08-14,709a8f070f4b655badf1b42f6fdbc42f,2018-08-02
677f9173f4c3d73675716a1200c8486d,37d9801675e66e0915c45e9c7c583ecd,delivered,2017-10-06 16:35:52,2017-10-06 16:56:22,2017-10-09 17:03:02,2017-10-11 18:27:54,2017-10-27,472004fd1600444e5d906904864b230d,2017-10-06
2f4912b4871e8127d9932edd5a1ae62e,7f386e66390fd2b7cd15ebe5c7c52cf7,delivered,2018-07-15 23:31:54,2018-07-15 23:45:14,2018-07-16 14:24:00,2018-07-24 14:08:41,2018-08-03,3c4ec6ddaa877cfafae87a312ede1071,2018-07-15
e7a399d4c4bdaa4f83d736becb1ceebb,9ea898ab4b97ee77a6694ebcdcb1e3c3,delivered,2017-08-18 07:39:07,2017-08-19 07:45:09,2017-08-22 20:44:43,2017-08-28 19:26:02,2017-09-15,c9f3b05dea60c33b97802a3b201246de,2017-08-18
de59016b99422f0bbd7e51a301bf2578,bee4e134573a69da08ec778c2ee62eeb,delivered,2017-01-20 01:59:05,2017-01-20 02:22:15,2017-01-20 11:36:02,2017-01-25 16:37:49,2017-02-28,8a7271f54378994867420e5157f34500,2017-01-20
e6a9a4963c309a68db1f1a515e700764,32fdc4fcee9bccaf828edad48942dd0c,delivered,2017-02-01 21:45:04,2017-02-03 03:45:20,2017-02-03 10:39:24,2017-02-07 10:58:58,2017-02-27,20b5415badf4a5750eb554cd9e9e2307,2017-02-01
cf4ea4240b59ec0f7500690949509fc1,408003c6f7d23116e531c4cdbf633140,shipped,2018-04-29 13:50:30,2018-04-29 14:13:44,2018-05-03 14:26:00,,2018-05-15,84b1b1de94b0d3461b3503c026575474,2018-04-29
5e5d67ba461a7218183df5ac644c4a8e,06d1ee5468d9a2c7acbbc36630dc6c87,delivered,2018-05-16 17:28:18,2018-05-16 17:57:40,2018-05-17 12:44:00,2018-06-06 17:44:32,2018-06-07,70d7ba99d56bc498764ab76ab8329f43,2018-05-16
b2c1d65b858a8658622354076fafbd0c,2cb79aea06667972ae3cacb4fef8cb08,delivered,2018-08-09 12:50:30,2018-08-09 14:30:16,2018-08-09 13:57:00,2018-08-20 20:03:02,2018-09-03,7e110abf1ee26d55dab6d1fc136b443c,2018-08-09
171b95be9dfea0748f5bb8f017882f8f,3273995840902d252440178106c55f24,delivered,2018-08-14 08:42:14,2018-08-16 03:15:29,2018-08-16 10:55:00,2018-08-17 17:44:34,2018-08-17,2580d54ef9cf664559e34d6441225b1d,2018-08-14
074fe9591f975471a7aad1d0d6ff6db0,105de8232447ebeb61ad4448d5549236,delivered,2017-08-31 00:46:38,2017-08-31 01:06:21,2017-08-31 16:23:27,2017-09-14 20:26:03,2017-09-22,821a512044e7e24ecb0b67338205fa7d,2017-08-31
9201f7a169a49789138b5f56b5190362,f07241bfd895f4dfc8728bf7753dd0eb,delivered,2018-01-20 18:36:15,2018-01-20 19:09:32,2018-01-22 22:16:23,2018-01-23 19:32:54,2018-02-19,fd2da70b0b341361c66b815edbf8865e,2018-01-20
7c1e7c128210689fc46f3412f765b678,7494ae1e55023e9aec5848c8021096ad,delivered,2018-04-12 12:03:01,2018-04-13 02:11:02,2018-04-13 18:38:43,2018-04-18 16:12:21,2018-05-08,aefb45a00d1adf61e9b3958a3d7418a4,2018-04-12
3485750732f5130f210ecbed8073213a,258e996a14e61bfb2f47235c39bb415a,delivered,2018-04-12 13:16:28,2018-04-12 13:30:54,2018-04-13 19:03:54,2018-04-23 13:32:30,2018-05-08,9da043059cc616d830f3e678aa47495c,2018-04-12
201f31fb8c21cbe559ac45d1de5f4392,c4c271a679216c43812602c08b2104cd,delivered,2017-02-27 15:39:41,2017-02-27 15:50:17,2017-03-01 11:06:01,2017-03-14 15:47:50,2017-04-06,ffba9f9dff87b05e310ecc46c8591044,2017-02-27
a57b5f06fb5152039fbc5c54a595efd0,2f3d40d45e3136aebef9e2ed3c3fb950,delivered,2018-06-02 10:22:24,2018-06-02 10:31:04,2018-06-04 13:36:00,2018-06-07 18:07:47,2018-07-11,49c3cca9733d9c3ecac4f4d1b0c64dc0,2018-06-02
4a4c61548dc56e17085376dffdec5d8b,232be61e81da1afafa33c3888fead05e,delivered,2017-12-24 16:32:14,2017-12-27 04:09:48,2017-12-27 23:26:59,2018-01-03 16:16:23,2018-01-23,17bc8ddccc0015197af33886d30e8875,2017-12-24
26d4d0baf40502a8e679e615378b7243,67298a5ff907d51a64be0bfafc0ad744,delivered,2017-10-19 19:46:12,2017-10-19 20:05:07,2017-10-20 15:34:01,2017-10-23 20:31:42,2017-10-31,499ceb125321d556b9040b3721bb58dd,2017-10-19
fdcafe63dae6994927f09336202f66ea,da338d46857a5eb4eef98d487b841137,delivered,2018-06-10 23:08:53,2018-06-10 23:37:33,2018-06-11 13:03:00,2018-06-20 17:52:08,2018-07-12,999fa0b858f422ffbfc8a5401dd0acb4,2018-06-10
b80d00e60a179d02f242e3f420023c78,283081efda8421b64dceba3e98ed43ab,delivered,2017-03-01 00:44:11,2017-03-02 03:50:28,2017-03-08 15:43:14,2017-03-18 10:24:45,2017-03-28,82de75a058df73a76fe7f2c2021f79fe,2017-03-01
723e240c9c7fab76e64b2c232afb8bd8,bcf1316f0bc85a5626519e9bb1205c1b,delivered,2018-04-06 14:35:56,2018-04-06 14:50:23,2018-04-10 17:26:48,2018-04-12 19:04:45,2018-04-24,d774865a75dfb9951e56b5cb8103f41e,2018-04-06
e5a088f3a505f0b0f0f28fda9fef8cb3,8bad53a8b3d92e08b774cfab3f42267e,delivered,2018-03-29 10:06:40,2018-03-29 10:27:50,2018-03-30 00:08:41,2018-04-18 18:05:16,2018-05-02,637bb7ce6df7f969dae293eae1be3e0a,2018-03-29
2fadef94d26b8d88791d48a31129380d,75b624bb42d33a3c173bd4573a11a854,delivered,2018-03-17 18:07:02,2018-03-17 18:28:03,2018-03-23 01:20:00,2018-03-28 23:56:50,2018-04-05,58ea7e1719aed6e15ed6a447e571caa1,2018-03-17
d884aeded7a463f237549f42945b729c,c329b3a16b13d583e13daa8a840f7193,delivered,2017-05-16 08:28:49,2017-05-16 08:42:18,2017-05-22 14:24:52,2017-05-29 10:19:19,2017-06-07,4eb193b848f56f3ca62cc044b1668597,2017-05-16
379f6f44af7b0f3dac181df7361bd70d,9ee7ba2026070f1f3975a61568f0fa70,delivered,2018-03-10 11:37:07,2018-03-10 11:50:31,2018-03-12 19:07:37,2018-03-19 20:31:56,2018-04-12,4f2ab786849663f70ed0dbd4d2f5f530,2018-03-10
51fe58b46fd2894df4be24d9ef1f2c62,b1e13877edaf63421a7af2fef00f2f5f,delivered,2018-04-14 10:47:56,2018-04-15 10:51:22,2018-04-17 11:02:22,2018-04-26 18:50:48,2018-05-09,c7fd613988abdc5a6459df835e49cac2,2018-04-14
8365144952c18f57c7a84e62d664d2d9,c681bd40e6293ff56e122d6360aa233b,delivered,2018-06-22 20:10:08,2018-06-23 02:20:11,2018-06-26 15:07:00,2018-06-29 20:48:46,2018-07-19,d0c3e4c736d2c8a157a86f567a87d0e7,2018-06-22
eaa96511c925f79170baaff57cd261ec,08cc63a3c19e9e887d0d4c9d74b58acf,delivered,2017-10-31 07:15:11,2017-11-01 03:10:17,2017-11-03 20:51:50,2017-11-17 12:28:23,2017-11-21,35173058d3ac45f25ca1e8a216011e9a,2017-10-31
194c41a679d0bdc8d7de9762d9e7ea98,37ee2dc9e5c2c8012af3d17935d1d530,delivered,2017-07-10 09:19:57,2017-07-10 09:30:17,2017-07-13 12:49:18,2017-07-21 16:02:58,2017-08-03,2478b87e82298da52865e797ab4f730b,2017-07-10
23576700c0f11e7783cebff88823d10c,b262f00d6317f498f4a4e97a97211e5d,delivered,2018-06-11 19:30:05,2018-06-11 20:04:04,2018-06-12 15:09:00,2018-06-20 17:58:32,2018-07-11,e080737f4b307c786728838682c193a3,2018-06-11
2daee070f2042c8b7a8e9fdde778a31a,915c5c52a3d9ba34bede37def2979079,delivered,2018-06-29 23:30:20,2018-07-05 16:11:40,2018-07-06 08:32:00,2018-07-11 23:48:28,2018-07-25,12c9171ee18219cbf18fcfbc33e0c064,2018-06-29
4354f0ac2e0b3501ff31c4752424e51a,2e3e670b12f449cee5a3acadd79487e9,delivered,2018-02-03 00:51:00,2018-02-04 00:52:14,2018-02-08 00:43:16,2018-02-23 02:00:06,2018-03-05,7be702cf7a78cdfb7f8e06c7b630ef2c,2018-02-03
0f21631dd255a459deaaafb7a98600dd,c75bab5761473acd4dab00d2ef0e4775,delivered,2017-06-13 17:10:36,2017-06-13 17:23:15,2017-06-14 07:58:04,2017-06-21 16:33:05,2017-07-12,8bc85b1061383d0dcd4e995a726da763,2017-06-13
9f8e1e683e02e3aef599ac6fa4cc6b21,6f97c50773c310a9c35d8897b6083e87,delivered,2017-07-20 20:53:44,2017-07-20 21:05:16,2017-07-21 19:44:31,2017-07-26 22:02:58,2017-08-09,d29375f49ed5779772a9f78e90874c89,2017-07-20
952df1e461dd66df573519eda08191f1,7c1870d97afb5c21263b8bbbfb850d7e,delivered,2017-08-16 19:02:40,2017-08-16 20:25:16,2017-08-21 22:12:28,2017-09-27 08:08:57,2017-09-20,ccaea745722270921188862948cf7ae1,2017-08-16
c72e93d7e98b14432271347cec69043b,e19b49a1c05d6f9016f3cabab37fb45a,delivered,2017-04-25 22:48:07,2017-04-27 13:32:48,2017-04-27 08:04:28,2017-05-11 10:32:43,2017-05-19,4bf09edbc9088f7b1767c07a710736d2,2017-04-25
c0d9cb07f94365a3f747472d6121a158,29351e4f1fcfd1468cd282296d2e4d72,delivered,2018-05-07 20:27:12,2018-05-07 20:51:25,2018-05-10 16:37:00,2018-05-11 23:47:00,2018-05-17,5436bb8561900f37ade0c9905f798ba7,2018-05-07
efc035fd1de66e8eba117b98ae0b1f7f,29583a7a872a08058879bfbf416409a8,delivered,2018-05-26 10:10:47,2018-05-26 10:30:27,2018-05-28 16:56:00,2018-06-27 11:13:43,2018-07-05,096a473366157adf8a459627f97bce1d,2018-05-26
696f162404ac464c3b87a9b64ae1fd29,3c2d8207d2ad37609ef4c2a840605ccb,delivered,2017-12-26 21:50:31,2017-12-28 02:35:21,2017-12-29 20:35:08,2018-01-08 18:11:59,2018-01-19,0ce665b830255056c8bd27b3c6468be4,2017-12-26
ca7296a83aa279afb28c2388a4f48891,daada56f7d2e74dfd291d652b7e03ac2,canceled,2018-02-07 09:48:08,2018-02-07 10:10:17,2018-02-08 23:26:57,,2018-03-07,b830bedf28690adc283cc2fc24a61768,2018-02-07
2efd11439a203a20e9a473a10a2c18f1,89cb8fae9cb1735dc8a51c2b6ef5c80b,delivered,2018-04-22 09:56:24,2018-04-24 17:16:59,2018-04-23 20:07:54,2018-04-25 12:28:05,2018-05-18,41b7f55c5d00ab0792ddd44cda1030a7,2018-04-22
32b808465502f4cc7e17777151e294ce,d03b00f4fb33c630010258903c8bd705,delivered,2017-02-17 08:30:34,2017-02-18 08:35:09,2017-02-20 17:10:01,2017-03-08 05:26:13,2017-03-20,43cd3390518d05f809a139004ba1ae2f,2017-02-17
e179df200326739d8a8bc2353c2c7699,ef7e64330764ee3f5cdaff632d5f514b,delivered,2018-01-09 12:04:32,2018-01-09 12:12:29,2018-01-09 20:52:56,2018-01-20 01:03:54,2018-02-05,c0240a9d8bb6be66236d8b8cb7895603,2018-01-09
61c1e3cb15d9537106e729de9d839b6b,160ad5582eefd624723f85ae2a8adc17,delivered,2018-03-20 20:26:54,2018-03-20 20:48:14,2018-03-22 21:18:52,2018-04-18 17:19:40,2018-04-06,49ee375ceee4fd880604a7c600e54bd3,2018-03-20
1c725471b90964d3b52d602359690718,c8890cf7bf6ca9d0bb40a2d4ec4a8ace,delivered,2017-08-31 22:22:19,2017-09-02 03:04:32,2017-09-04 19:12:21,2017-09-15 18:48:18,2017-10-05,edba94ccdd8c021e5a58db8374847a5b,2017-08-31
b60358f8d4534fb99bb8d06929e1b02f,d60fdd154fab99332be4a4b422d8a18e,delivered,2017-02-25 22:03:22,2017-02-25 22:10:18,2017-03-01 13:48:55,2017-03-07 07:35:39,2017-03-22,e0b510c15c98948e4e26a0cdf4de8904,2017-02-25
f8dc34a2f4d0e6c9bc9f35cc0e4f5cd8,cf20e2e0825a11a060a95b007a4ec217,delivered,2017-10-27 12:03:59,2017-10-27 12:15:16,2017-10-31 21:13:51,2017-11-07 19:33:24,2017-11-17,a2c4f621974a8eb173a33890280eb327,2017-10-27
431a4888e53cb066a60108014f340221,e7a9e21addb648f463711dc6c0370a6b,delivered,2017-05-09 22:37:55,2017-05-09 22:50:13,2017-05-11 15:03:52,2017-05-19 09:38:36,2017-06-08,38a5990787fc8e541bc372039c2ad8b2,2017-05-09
f4ad9bbc0de4e373a5441d8b2d4de474,3ec01ba0003c6a5bdea2b11f450c05dd,delivered,2018-01-18 12:55:21,2018-01-18 13:13:08,2018-01-20 01:38:25,2018-01-22 21:58:28,2018-02-02,1aecc1804f168ed275ad536517843133,2018-01-18
ef2ae6f6dbd9a78f9634b9fe22b0bee7,19aa69b9c2589d4a9e17be4d95ea4067,delivered,2018-08-05 13:49:08,2018-08-05 14:04:27,2018-08-07 10:35:00,2018-08-21 14:11:24,2018-08-16,51fd7ac69a283bb9633a40fd7fbb86ba,2018-08-05
4ffd6039e12a24d2083cd4a4dda4791d,c673c965c3b739e6964b3ac9a0618ec3,delivered,2017-06-01 10:24:52,2017-06-01 10:35:22,2017-06-01 16:04:22,2017-06-13 14:12:37,2017-06-26,2c03629a8c6505986a98ba2b3f23e617,2017-06-01
6dddec4ff6cf5567af3fe54023e28500,fc9338669f6991ca326f7b892001d021,delivered,2017-05-30 23:27:47,2017-05-30 23:35:18,2017-05-31 10:46:53,2017-06-05 15:22:08,2017-06-22,5bb5edf01046c63819d4152671dbbe41,2017-05-30
1be578faaacbe5ff9885364c415d4763,f822b1c76826e07be34e43ef896901ee,delivered,2017-03-02 09:21:01,2017-03-02 09:30:09,2017-03-08 13:39:20,2017-03-14 12:04:00,2017-03-28,60024e39a5bab05c12a51d675c0854d8,2017-03-02
6b95f3947c608c074045e6aa14790de2,414c7f3b03fb1987a4dc6d1441ee54c8,delivered,2018-04-30 10:39:26,2018-05-01 06:15:14,2018-05-03 15:05:00,2018-05-14 21:22:28,2018-05-28,b10cdda7855556f7ca3e9a9540e45edb,2018-04-30
0853e0536bc0b71240beedd97501bd7b,8fbbbfec010bde32cd194f99deed1d71,delivered,2018-07-15 07:05:30,2018-07-15 07:23:55,2018-07-19 09:14:00,2018-07-24 21:09:34,2018-08-16,e714c31427ab2ce5c68113b038189fae,2018-07-15
629fa315ff87642a19a2464a30d7a6b4,9c112ce3719cf1d699e888a22df38e90,delivered,2018-03-28 15:01:02,2018-03-28 15:10:16,2018-04-11 00:17:20,2018-05-04 18:48:50,2018-05-16,c6f839e63b212a729c82e57ede430d12,2018-03-28
15d2b3dbcf33db614663846c65954138,c6736488ef08396f75bdddf8d4897625,delivered,2018-01-09 14:26:27,2018-01-09 14:36:26,2018-01-10 19:10:48,2018-01-12 21:07:07,2018-01-26,55c8aaae36c6381c844704b1180ef21b,2018-01-09
5588518c1109461f52350bb98249b9f6,31dfa81667218110f94f93dbd22273dc,delivered,2018-04-13 20:40:59,2018-04-17 05:50:27,2018-04-30 13:44:00,2018-05-03 22:16:42,2018-05-15,a68fe6e56f82c6c8a3dfaff569685f6f,2018-04-13
b4b9bb7dcd61983e42bcf0d13ab3f704,3516087073944b772c2f8b3d0f93a31b,delivered,2017-11-07 19:31:50,2017-11-07 19:50:50,2017-11-08 20:21:19,2017-11-09 22:33:58,2017-11-21,bb94f621137b2052f1c3683d9ef3e48e,2017-11-07
e2e59afe0cbf5893e29bb89ce6691c39,cf596d99411c2bf11fb8629cc050210f,delivered,2018-08-19 12:56:16,2018-08-20 11:49:41,2018-08-23 15:02:00,2018-08-29 15:58:49,2018-08-31,c82138e1cee859f5fce250fe4bf620e3,2018-08-19
779f3890fa0528852a6d4c46cd5772cc,0907b6bd2c685ff7b56d3fb62820e583,delivered,2017-05-29 19:40:15,2017-05-29 19:50:16,2017-05-30 15:10:38,2017-06-05 15:16:40,2017-06-21,140ae336c23cdf6b717fa47fc874841e,2017-05-29
0bcb4fff8fdbd415067a30c6694deb7a,f937e630bfeeb7660855a336440d9bcf,delivered,2018-08-13 11:24:57,2018-08-13 11:44:18,2018-08-24 13:50:00,2018-08-28 19:18:29,2018-09-11,af629368ba88b87ee30e1b7d3f1bb098,2018-08-13
1ff3fa09d18389ae97c96c0dd2edd0d7,844a797ceb9452c8d732e300b299ba5c,delivered,2017-11-06 15:00:50,2017-11-08 08:06:49,2017-11-08 20:31:41,2017-11-21 21:44:24,2017-11-27,fc72a2e33eb83c94038e5e973d632fe7,2017-11-06
3de0dbeea06cef3f62afd5bb4f225384,5b87ff0df63b832ccd0957dd27cfaba1,delivered,2017-11-05 12:09:46,2017-11-05 12:26:19,2017-11-07 19:28:56,2017-11-23 05:03:06,2017-12-11,2536a4c43bcd30e6e1f5188b2c781437,2017-11-05
62c551a5cd4d376bfe83d4b36eab3386,9fbc3f8bc8a40d11a0ef3ab422abc7be,delivered,2018-05-08 22:15:43,2018-05-08 22:31:44,2018-05-09 16:34:00,2018-05-11 20:52:48,2018-05-18,b1d2b7f5e590fbf5cf97349eaa9388f7,2018-05-08
aa8f6d56fec7ed94ca4797b24e3ae66b,3dcc24d5fb7e682f7eda78478fb306f7,delivered,2018-05-16 13:20:48,2018-05-16 13:33:41,2018-05-17 14:02:00,2018-05-18 20:19:46,2018-05-29,43eb2aefcbd1bae4b744732408a8b04d,2018-05-16
fd59d30be66e08073ff9f28b36babc05,686a0c0a3bd04f20157a798e5879f9f3,delivered,2018-05-14 11:20:22,2018-05-15 04:34:54,2018-05-18 13:20:00,2018-06-01 13:12:15,2018-06-12,44da7d0f3171a36b4af2bebc59905922,2018-05-14
02b9a87c19eb57b9ebaebb3a6850de9f,d339519755a16bc40e45c2491af7b918,delivered,2017-10-25 15:26:03,2017-10-25 15:46:00,2017-10-27 18:09:57,2017-11-06 23:26:20,2017-11-17,cb4e6b1ba51f75b0c71ec207fd41a559,2017-10-25
5daaa187e63c2f1c7636a129c6afc3c3,6e395adcac53d7819940f584122d9fa9,delivered,2018-08-07 09:46:50,2018-08-07 10:04:48,2018-08-09 07:14:00,2018-08-20 13:09:15,2018-09-14,5203eba44152de2a1369d1983039f9bb,2018-08-07
00f7c5b41250e0126ced62d612ff4711,3c5aa62fbe268c0beee7bf98386b421a,delivered,2018-01-11 10:30:03,2018-01-12 02:35:28,2018-01-16 00:24:47,2018-01-23 20:34:47,2018-02-14,8a64013cee18edf9edbc21b0dd9acec4,2018-01-11
21adb757aaef1f7f6240352b33d30e5a,3ee189647295a370a1efe464e24918bf,delivered,2018-04-02 17:27:30,2018-04-04 03:09:03,2018-04-18 23:36:59,2018-06-11 23:41:52,2018-05-16,7a41a033d1171fe68f363c2a2c16d448,2018-04-02
175f78291b6a5157427421c494d402c9,08fc431ce96ad22194b0a00be7100917,delivered,2017-05-17 10:02:28,2017-05-17 10:15:16,2017-05-19 10:04:10,2017-05-27 03:55:42,2017-06-08,0ef7b906320b21fe4d39f99496aaa2d8,2017-05-17
830e8ecaa817b531901cfa5dc4a68ba3,36f11bc2f238337dd8856c7b60603e2e,delivered,2018-07-30 17:38:47,2018-07-31 09:30:36,2018-08-01 09:09:00,2018-08-02 21:57:49,2018-08-07,121bf04231ecf4ce40f70e2bf04a55e0,2018-07-30
dcd8d1436b8fcc5acd68228aafd77de6,1b9598a9203f9fc644cdbb61d47af9f6,delivered,2018-01-01 14:15:47,2018-01-03 04:29:08,2018-01-03 17:51:59,2018-01-08 18:10:31,2018-02-02,4d0b0542893ca521b0c8a5455d83cf0c,2018-01-01
5c8016724722d7906a7e8cfa22d7727d,0c89c6b8a3eb1a427ae8f50fa500f009,delivered,2018-08-05 03:33:39,2018-08-05 03:45:10,2018-08-13 15:06:00,2018-08-15 22:54:38,2018-08-16,1877e8a26a2618e9e3322b8f322c01fa,2018-08-05
92e84486f579af569ada10423502d997,d10629372592c7e98e0ee8dcf235637f,delivered,2018-06-20 18:38:29,2018-06-22 02:58:13,2018-06-22 12:45:00,2018-06-28 20:07:49,2018-07-20,27e67b7b4ca8b8f0ab05e8358d2a5b2c,2018-06-20
910a48f54e6c4306950210893f7cf498,8604d93017eead9cf30eab424c9adbce,delivered,2017-05-02 19:58:30,2017-05-03 11:23:06,2017-05-18 07:27:41,2017-05-22 12:46:07,2017-06-06,868df2e96f28e3a3d98f7044306270cc,2017-05-02
086700af881b71e5ef67cfc7ecf4a7a9,ba6e05bfaabd015a16281dcc603a1152,delivered,2018-06-05 15:09:58,2018-06-07 02:55:12,2018-06-08 14:40:00,2018-06-15 19:52:21,2018-07-12,c2cf9fa76e1571abf4d3ff1605617dbe,2018-06-05
28f5b7eeb630d537533dec10991130fc,1c362ec19c48872fbc1a38557234ae1d,delivered,2018-08-13 16:57:13,2018-08-13 17:10:09,2018-08-15 12:53:00,2018-08-23 12:46:29,2018-08-30,dfe454834d8880b9037fed8f2cc790b0,2018-08-13
5999ead09f96d2b827245b36f86901bd,f73641073710044575aeed548afdebdf,delivered,2018-02-11 00:34:22,2018-02-11 01:35:20,2018-02-14 16:38:45,2018-02-21 19:54:47,2018-03-16,3c884190b71bbb36aab161465ff1d2c7,2018-02-11
966062059c3a9b092ff73eaf25310b14,7a30312430d50a32a7977af30f98100f,delivered,2017-11-11 15:43:42,2017-11-14 04:26:47,2017-11-21 15:14:49,2017-12-05 01:44:46,2017-12-06,035b9e2e22e07827ab0ca933ad55f89a,2017-11-11
27ee3c5633d367f617c3dd7c5037edd7,0d68f4d8de943d4d32ec8f72f1d88230,delivered,2018-03-31 21:10:02,2018-03-31 21:27:42,2018-04-04 21:28:49,2018-04-05 13:38:32,2018-04-19,c95d9db3e2db765d46893f9294e1b8c1,2018-03-31
3f6a663f694c4e450b66eb8ecbdf73a1,d7e909b52a02e9038f37a0aada602219,delivered,2017-05-28 18:06:49,2017-05-30 04:25:18,2017-05-31 09:41:15,2017-06-01 13:32:37,2017-06-09,96f8231bfbe8e6b95dc0bccc91947f9b,2017-05-28
3d0e80567ee51ea2f1b6c2988e9b7c3f,1ec77d6842fe27fbd38a9341f7e3a666,delivered,2017-08-15 13:56:14,2017-08-15 14:44:23,2017-08-23 13:58:06,2017-08-24 22:44:59,2017-09-11,13e3606fa566f802de9f6f2d9df66712,2017-08-15
58c8cede2c1378f73db545a4e50b1f87,1e613beca8e08db97c1162b5cea9d6a8,delivered,2018-02-02 14:10:35,2018-02-02 14:33:28,2018-02-05 23:43:08,2018-02-16 15:23:04,2018-03-09,d95da16e9c85cc9ab927d7db2f6630c7,2018-02-02
cc39eb27597876b3ad16c246ffcfd8de,6e3adf567210b700ceb44c9c59562751,delivered,2017-10-06 08:42:02,2017-10-06 08:49:14,2017-10-10 18:09:21,2017-10-14 00:22:10,2017-10-30,cbe8c09868e52470726ed1c9cc985873,2017-10-06
44bce00bb8a4926420b68edb36e04fbb,ee79b02b37e930b7428b9b799b75d08c,delivered,2018-02-03 20:56:57,2018-02-03 21:10:40,2018-02-06 17:19:05,2018-02-26 17:43:35,2018-03-07,085c30eb761a1854411a4845585d064c,2018-02-03
2b25df22054b449145255218a1d25552,46d2e019708c24dcdd7876d13010570b,delivered,2018-02-13 19:01:08,2018-02-13 19:15:29,2018-02-16 19:55:57,2018-02-19 21:25:25,2018-03-01,912a41ed4b2200e0ac7b5ea1ef1c433b,2018-02-13
85e710051891004eca4f527adcadd0c3,21ad7ae980e9af43f2b9c5908c5307e0,delivered,2017-04-21 20:53:30,2017-04-21 21:05:10,2017-04-25 13:46:42,2017-05-03 12:00:04,2017-05-16,464c15327646c422f5f1828b989417d2,2017-04-21
8543d2d86c69647af5e2d957c3d21b85,912e1ba087c69b4cedf63bb560839ad1,delivered,2017-10-05 16:05:46,2017-10-05 16:14:26,2017-10-06 13:14:13,2017-10-17 19:17:25,2017-11-07,bf7ff38191f28b19f5b2074480c5b1d9,2017-10-05
73359e88646e3c2572f97ecc95ada233,97a60f861092d9fab4b33578af8316c3,delivered,2017-11-17 13:12:10,2017-11-18 02:30:30,2017-11-22 20:21:04,2017-11-27 23:31:56,2017-12-15,8de62b0edd0d7006ad80e07137ff544c,2017-11-17
cd994d365e6a5dcaa94ff5f3fadb0ad8,11ad10d9633e704794cda59de17627f1,delivered,2018-04-01 18:36:29,2018-04-01 19:27:22,2018-04-03 11:58:52,2018-04-08 13:04:52,2018-04-12,9170e53194feeed9f24bacb5a06ee4aa,2018-04-01
9e56701dd6b4f2e852c9ead486754088,ac122c0b1edaebef0ccc35ef7338d865,delivered,2018-04-29 12:36:40,2018-04-29 13:15:23,2018-05-03 14:00:00,2018-05-17 18:40:49,2018-05-29,637ce30a59fd964de4531db820bbe887,2018-04-29
6a14c2d163a90849493a292ab5df7f36,2d28c76b894d734ea4187948f160164c,delivered,2017-11-16 13:21:10,2017-11-16 13:35:41,2017-11-17 14:08:38,2017-11-27 17:58:24,2017-12-08,4792097b0a693ac98710c6cd010a0ecb,2017-11-16
fd03c7890697c1851de6e8ab82086a4b,332323edcb71766f4b45c1e8de1f234b,delivered,2018-05-15 08:04:56,2018-05-15 08:35:00,2018-05-15 13:41:00,2018-05-17 17:03:04,2018-06-11,8f30185084b07c69979b38ca65cbf6ea,2018-05-15
70e4c52c261e4b62fa3d02aa61c45378,01e8d5326e968623bf4f1b620709c1c4,delivered,2017-07-22 09:09:59,2017-07-22 09:23:04,2017-07-26 20:29:44,2017-08-01 17:05:22,2017-08-15,6888ba03f09a0db7f9511eb287ed410e,2017-07-22
7885efcad4dae013491156c565d65d50,441746e39df2b72757086025aaa792f6,delivered,2017-12-05 23:36:49,2017-12-05 23:57:03,2017-12-11 17:52:07,2017-12-16 17:48:41,2017-12-21,2641ebe0a58497179c5516f545732c2d,2017-12-05
3eb18430be4502566fc9ac46bdce44b1,46a6fa15b9f59db51c19aab8f0312bac,delivered,2018-03-07 14:46:20,2018-03-09 02:10:27,2018-03-20 16:32:54,2018-04-03 12:16:22,2018-04-10,061978c4a1b3012b567a5d51eefd1157,2018-03-07
2ee6a55f531c6d9e507e1b4c7bb0156c,a94a18b754523b6845747ab60c906ece,delivered,2018-05-01 15:38:48,2018-05-01 15:53:50,2018-05-03 13:59:00,2018-05-09 18:59:42,2018-05-22,ae0fa4150b81d44201545e47d2aa9ccf,2018-05-01
6224401eebe13e25d470d8d6a9ef225e,00a860aeb15fb205efdb0c689d8f9c6a,delivered,2017-09-05 22:26:58,2017-09-05 22:43:53,2017-09-08 19:42:14,2017-09-12 14:29:00,2017-09-29,ca7e51a36f9ace4d07d6548599785bab,2017-09-05
299b7bf26c8ebb5296830db0f1b2e662,bb63be17869fa798dd6a6454e9ecd0cf,delivered,2018-02-05 07:57:10,2018-02-05 08:10:25,2018-02-06 01:28:40,2018-02-06 15:41:55,2018-02-21,fd4301556db4876e491dd9072e764661,2018-02-05
9f2c42d6f142a06f2c575576ad53adb3,2bda210d6ba9159f9e54128441d15a68,delivered,2018-08-11 16:35:17,2018-08-11 16:50:25,2018-08-23 15:57:00,2018-08-27 21:40:40,2018-08-24,54eae13cf903f276910579af6d1351d4,2018-08-11
e3027423471c37ce2c9097bdec11b19d,1f8ebd8e48d64e2bd8de124817a01a60,delivered,2018-02-19 12:41:45,2018-02-19 12:55:51,2018-02-21 15:13:23,2018-04-03 20:38:49,2018-03-23,8888dd279fae8673f58bb937e88c3900,2018-02-19
42202323e8e5319c107e361d55ad0de6,922122af0fe111255b865b3006695937,unavailable,2017-10-30 16:06:30,2017-10-30 17:31:35,,,2017-11-10,ee1b7bed993cf17e131f4fb1ef5f4987,2017-10-30
68a36ddf13d6fcdd7ea00d9ce11026b9,1ec9ca87ae6934e29a7f169ddaf26b34,delivered,2018-04-27 16:51:52,2018-04-27 17:33:10,2018-04-30 10:53:00,2018-05-11 20:34:46,2018-05-28,d5d0403cf00b945253248bccb6f998c4,2018-04-27
7ca7a07f7d966253bdf088730665e423,da7fc451a51f38c8c1b8b48dede669be,delivered,2018-03-28 00:23:11,2018-03-28 00:35:21,2018-03-29 22:05:11,2018-04-20 18:06:30,2018-04-20,b7423e030079ba9035bee9855919f420,2018-03-28
eb0aa3dd66fc926068964d23504f8426,7cac3d97424aaeb9e83351311224d638,delivered,2018-07-02 19:56:43,2018-07-02 20:10:19,2018-07-05 14:21:00,2018-07-06 17:48:34,2018-07-18,e411a7d93ae7ef2b1140c0d5c72fd9cc,2018-07-02
cd068e0974cffc5007e3b5dcb416da26,f84215c0b6b3e126a0287ade8fcb0a91,delivered,2017-01-25 15:19:12,2017-01-25 15:30:19,2017-01-26 09:13:58,2017-01-27 18:12:37,2017-02-28,ac679b68f9307ab0c783357fe16eb0fd,2017-01-25
bb87d6748da724f69c5e62274dc7aae6,365ad3f217e2d051fd7f5daf436e4ad8,shipped,2018-05-10 16:44:57,2018-05-10 17:09:29,2018-05-12 08:55:00,,2018-06-13,eafcc217a303790a22debf6497aee0f4,2018-05-10
a8855ad9dbd6bd7a3fddd86f1ac4011b,2cfd19ea775aaa1b1cf5e283c4d4aa79,delivered,2017-10-11 08:32:20,2017-10-11 08:49:07,2017-10-16 19:42:05,2017-10-20 20:52:12,2017-11-03,984503860d8d8dea530666eec07de95c,2017-10-11
eef26c46e9fd031a373c429edc171b59,e2da939d767d0b2bad9ff78463b23256,delivered,2017-06-19 21:27:05,2017-06-19 21:35:29,2017-06-22 10:25:50,2017-07-03 12:09:45,2017-07-19,335be0ca4b7aa8578e364a76efd4da52,2017-06-19
70c211135ce0c4f9d2eb19d0e95fb667,1027c017efceb6c66d22e9a51a2e42b6,delivered,2018-03-16 09:49:51,2018-03-16 10:24:41,2018-03-16 19:09:15,2018-03-22 19:48:38,2018-04-10,0762d037793f0578e493822df96bf9a3,2018-03-16
4fb22a6181117d7a0532aab46cef0e03,d8297abd5bb5a4e26734e8fb3b57a79f,delivered,2018-03-19 23:36:24,2018-03-19 23:50:30,2018-03-21 21:05:13,2018-04-27 00:58:25,2018-04-09,4957fb815bd262b6dc9d790b98ed6546,2018-03-19
e55a9d669bfd16074230197d17e39034,79da4122efa01df877a02a7d0d0b58bc,delivered,2018-08-08 11:54:29,2018-08-09 15:55:13,2018-08-10 12:08:00,2018-08-13 16:08:30,2018-08-13,63d0fee6139aed1a41a7230159bed913,2018-08-08
2eebfe86623a5c27b603e640e96d8c80,f5b409952043a95b38876ab5a04f6855,delivered,2017-11-17 22:40:22,2017-11-17 22:55:27,2017-11-21 15:38:55,2017-12-01 19:17:03,2017-12-12,5f79947a78a669b99740c292bbe11ac2,2017-11-17
c6ad9ae898bc6bc0f0ac50109d8e45cc,43f00561c2493b127004fd24ce4661ad,delivered,2018-04-13 17:38:31,2018-04-13 17:52:22,2018-04-17 21:15:55,2018-04-27 20:33:12,2018-05-18,eb236ab2dfa54515610c137e1cf493aa,2018-04-13
d5ae5d1e79f681da04dec1b4274a0f6f,475a4966014db58028097860de739ff2,delivered,2018-04-04 07:26:39,2018-04-05 02:08:35,2018-04-05 17:54:46,2018-04-07 00:31:36,2018-04-19,0878db79126c2f458ff812144792b696,2018-04-04
54edbcd83d8fbad3487e450926ce78f0,4fc70bd3a64aa5d6a650bb738881c487,delivered,2018-07-25 17:00:25,2018-07-25 17:10:21,2018-07-31 15:55:00,2018-08-07 20:57:40,2018-08-16,6acc914491aa54481e45fefaeac55b3b,2018-07-25
f818a0090e91cbb10496d6bffcf1ae3b,c6277140f420b8b4479a5d4d090f95f4,delivered,2018-07-24 15:21:59,2018-07-26 03:10:16,2018-07-26 16:10:00,2018-07-27 18:49:30,2018-08-03,980f26dcd9a193a8613c77d5e3b0e9d1,2018-07-24
30dfd9f2d61a37d83d75eaba39d110f6,16fd9e227064982140afdb3e1795f1da,delivered,2017-06-19 10:06:35,2017-06-21 02:15:34,2017-06-22 14:58:08,2017-06-27 14:45:51,2017-07-07,6cad688e3e207e15fe6d6c38cc0d5125,2017-06-19
363177bc6f8d8d0c551b5b623bad4381,8983e99a8423de59026ef4f955f418ef,delivered,2018-07-31 16:17:05,2018-07-31 17:31:11,2018-08-02 14:02:00,2018-08-06 16:37:27,2018-08-14,9678da93a39d76ec957f277445cf3bfa,2018-07-31
a9b030fadde5aba797d5401eb6623d12,9e649fae70694846548fe4210fc9df64,delivered,2017-04-27 20:13:34,2017-04-27 20:30:09,2017-04-28 15:02:50,2017-05-04 13:13:46,2017-05-25,8328cb38e3e0196af84cf05240a90051,2017-04-27
ee6abc7b6740c2761cbf529f8bee987c,3a2406d64f403959b195e75ca8796bd4,delivered,2017-11-13 02:47:18,2017-11-13 02:55:21,2017-11-14 20:35:09,2017-11-24 18:14:44,2017-12-07,0300e705496bf8c32c5dfd4a476885ba,2017-11-13
6b14d575fb796f6ac64e4a07cdcb645c,1e3e2301d4b26d2edc2ce9879334310d,delivered,2017-09-14 14:34:20,2017-09-14 14:45:15,2017-09-15 21:57:30,2017-09-21 15:21:42,2017-10-16,d7364fb00e5def8b1b6830e605ffc6f4,2017-09-14
71cddfd6e49811c604b95c4b69c4393a,169353d6aa4af9262b05d2e73eec18d9,delivered,2018-07-30 20:23:57,2018-07-30 21:00:12,2018-08-02 06:07:00,2018-08-06 19:32:00,2018-08-16,22e6e7320892b9a9e3a106ead4ac11cd,2018-07-30
ea73df32b183eafce925fe41bad50bdc,87f45f57efec3372460df1f4b8229630,delivered,2017-08-24 22:22:09,2017-08-25 22:30:07,2017-08-29 18:29:07,2017-09-01 21:42:11,2017-09-20,acf71ea71c1d8171410444fdbd886043,2017-08-24
7d29f6f9adf5eff8091d18cc88e4ed21,27b6ca727992c88f56ad187bec38aaa4,delivered,2018-05-18 00:32:21,2018-05-18 03:56:18,2018-05-18 14:20:00,2018-05-22 22:12:30,2018-06-20,00bd903b65b4c9a1c822887d0b012592,2018-05-18
e897aea81bea04f49694c98f417b7a33,fc085b03dee6a7b5da90e52398b0ca80,delivered,2017-12-26 12:42:24,2017-12-27 04:07:14,2017-12-27 20:47:44,2017-12-30 12:39:03,2018-01-19,7548a56b001c6d8c11dd5ec157002ac0,2017-12-26
a94c3f9f786e8db6bb345f6489942a3a,0bc2c14672dbd55d2657dc1913bdd03a,delivered,2018-04-29 21:33:01,2018-04-29 21:50:22,2018-05-02 14:34:00,2018-05-09 22:54:43,2018-05-25,e1d01ab557759cb60095b085ff6ade4f,2018-04-29
3549d4f44bac42a299415349e0fcad15,ca090843ee5ff7e0f8168d693f8b60c4,delivered,2018-06-10 19:09:32,2018-06-10 19:37:55,2018-06-11 16:17:00,2018-06-21 18:38:35,2018-07-03,28e3b4a14a28881ebbdf5384e004d6fb,2018-06-10
9292f2ff747a4f8c6580fc8377bb1c8b,5d92dd5eb8116c8d01b2aac78ece950b,delivered,2018-05-05 12:33:51,2018-05-05 12:53:23,2018-05-09 15:48:00,2018-05-25 18:26:39,2018-06-07,545bd0b3119518f1821332f395226501,2018-05-05
aaaea350ff8a957595f3c631d6b63d1b,208954ebe4665c5b2392ff5b25e918c2,delivered,2018-04-21 10:23:41,2018-04-24 18:03:32,2018-04-24 23:44:41,2018-04-26 00:06:33,2018-05-04,dc36c19e6e8bdcb2d9c2bf1f8fc6d25a,2018-04-21
759e09770aa64cad53817b9925e381d8,44e071e068f1e5d45b15bffe2793e8a1,delivered,2018-05-04 16:22:34,2018-05-04 16:35:29,2018-05-09 15:48:00,2018-05-14 16:31:11,2018-05-30,21edf3b760787a3ae9b09439fb5be338,2018-05-04
db1a3b6bc463c229abf2699244173f49,ebac3c15b74e9b4c4b679fe173ec5798,delivered,2017-02-01 13:18:42,2017-02-01 13:25:25,2017-02-02 18:59:06,2017-02-09 08:08:39,2017-03-10,7418c2b322a7eb0284eb12007cd3e257,2017-02-01
832a1a932cc75d80eed688d84730c5b8,64eef463bfd45d9c0a5fd1e74fcb9df6,delivered,2018-05-09 12:36:31,2018-05-09 12:55:53,2018-05-09 13:58:00,2018-05-10 22:52:51,2018-05-18,bd2108e4fe5cdb520545f52072b7d41d,2018-05-09
46162b40be0f9a769ab382cfac1d9a20,5297ee74ebc6c60b203e91782c3205d1,delivered,2017-08-15 21:43:53,2017-08-15 23:44:58,2017-08-18 13:41:36,2017-08-24 17:14:20,2017-09-12,6abfc2aef3b5c263bcf70e56a6b79fc1,2017-08-15
1d6632a2caaca23824c538190fe607c9,f99eb2da89802e586146a5761062369c,delivered,2017-05-08 22:16:40,2017-05-11 13:15:13,2017-05-11 13:21:52,2017-05-21 07:43:41,2017-05-19,6eca2d2de1ab398dcd92e20d047fcb0c,2017-05-08
ab2074b3788d9e68a23db714cbf70f9d,f37890d388737e92090645a16ae76d22,delivered,2017-02-14 18:12:11,2017-02-14 18:25:13,2017-02-17 14:18:53,2017-03-03 15:25:57,2017-03-17,e2c483395f5aa739622936a3e826921d,2017-02-14
4584d6304fea8191d84facfb8370ef4e,499654dd7432303d04c7f7de76ce94ff,delivered,2018-03-17 08:39:05,2018-03-17 08:49:44,2018-03-20 01:24:41,2018-04-03 23:26:42,2018-04-05,787175d631d1cda448d5ee48ae95731f,2018-03-17
bb2f49021e639f2b351a01ad37f5e49c,7bf62544a16413d96977d97e26f83828,delivered,2018-04-24 09:09:27,2018-04-24 17:46:52,2018-04-26 09:44:00,2018-05-05 14:41:34,2018-05-14,baf4289d3b02f6b0a08d39bab9b11036,2018-04-24
8ae8b33f63d9924a2db9ec6c1e98fd35,185830935eb09d19b034abbab645177c,delivered,2017-04-03 14:04:19,2017-04-05 02:35:32,2017-04-25 16:36:26,2017-05-05 06:06:12,2017-05-05,2621b577faf30c524ef1f0fff766a575,2017-04-03
21608598d187cb9b14e7b81978c0e6bb,e5d7a41225348988930f7e38c2b5a434,delivered,2018-03-24 19:02:15,2018-03-24 20:08:25,2018-03-29 01:32:02,2018-04-19 21:11:56,2018-04-13,63d70a6c44798bce86b2ac12c49cb051,2018-03-24
69d76a8ebac09af3034e69f11e207080,5b6887e0de5e1e295dd2bab123641596,delivered,2018-05-08 14:33:38,2018-05-10 02:57:26,2018-05-11 14:23:00,2018-05-17 16:38:25,2018-05-28,7921b2286314bb89e6af340566569c55,2018-05-08
41e3ce048062d98a9fc6b5f911526a6b,6a818072fec0af908e7928379eed919a,delivered,2017-12-20 18:56:29,2017-12-20 19:09:34,2017-12-22 20:38:42,2017-12-27 19:26:58,2018-01-09,c4cde13ddd6e44749f5b0f4372f82542,2017-12-20
6125b8598105f92aeac157727ff3bfc4,24e437d5b5e5b3315295ffe2fe9ac376,delivered,2017-11-23 21:57:53,2017-11-23 22:13:34,2017-11-30 18:37:30,2017-12-05 15:17:43,2017-12-28,8aa7936292b83f9dbb446ecb0e7c6696,2017-11-23
626364b566711c4fb17291425360b470,d8a80fca5d64fffc7ff51bc538b19930,delivered,2017-08-02 20:49:12,2017-08-02 21:03:36,2017-08-03 19:22:07,2017-08-04 16:56:50,2017-08-17,d048def64d647ec7deb0270ca739e0c6,2017-08-02
8c7a5e0c8c232e87d70485ec3ce91549,9c32fd0f6852e77226bd2309dae25097,delivered,2018-03-02 00:15:24,2018-03-03 00:40:27,2018-03-05 18:19:04,2018-04-03 23:08:29,2018-04-04,f092ea2a10aaf646af1a61650f95c6fd,2018-03-02
6ee722cd81ebe249b83c6351f725bbb5,9d5ff5d7ce2e4bc386bf11b9adb46a19,delivered,2018-02-21 11:22:22,2018-02-22 02:28:24,2018-02-26 19:55:42,2018-03-26 15:51:47,2018-03-23,b501aa16c4c71c55bd43d45d112bd135,2018-02-21
ebd997c20fa6011d7d198f1d8d13572c,58d7459a284ca15e27a296ae1f0244d3,delivered,2018-01-04 00:12:07,2018-01-04 01:31:28,2018-01-05 00:49:34,2018-01-22 13:28:36,2018-02-06,82db58ce35918d13ecfe2a891815de02,2018-01-04
b70b7c8ce83925f3477f223f0997f0fd,83664b90cbc9021dc475957df7cd4144,delivered,2018-04-14 19:05:41,2018-04-14 19:31:25,2018-04-16 23:05:31,2018-04-17 23:08:31,2018-05-02,47c9f6154b64a0e623d4a7560d32bc74,2018-04-14
4d24605b62596483861b472f2c596e23,fa35f61d3b39768d840175d525433d13,delivered,2018-08-16 19:39:38,2018-08-16 19:50:20,2018-08-17 10:05:00,2018-08-20 17:31:50,2018-08-23,e9e0edbf8aa28c72737fac59044014e3,2018-08-16
3daeecbd44a76530c8e9d0ac1ea4f581,47891aa056fe45c505f7c7a65eee6de2,delivered,2017-10-02 15:05:06,2017-10-02 15:50:28,2017-10-04 15:19:08,2017-10-05 15:47:41,2017-10-18,14bf6e420846b7913dfca59e8e0809a6,2017-10-02
b9e94fdb4a15c04cbde632c381826608,bc9b1d17c0cea5e7ff2d2b42a184ea85,delivered,2017-08-16 15:31:02,2017-08-17 15:55:18,2017-08-18 14:45:38,2017-08-29 12:26:16,2017-09-14,e079539df7ff5d68daa7906cf04e9917,2017-08-16
9ea6398b10d10c356659219b846d13f1,2161ca88caffc66dc0a3659788ab1148,delivered,2018-01-29 10:23:31,2018-01-29 10:39:33,2018-02-02 15:28:18,2018-02-15 00:48:43,2018-03-06,3a1cb069eb14fa7d08b9aa295c62e397,2018-01-29
a18986d0ee0fd3e2c6fe3fdd23ca31ca,56684dd8600c1d4dae46fb02ade08a0c,delivered,2017-05-04 10:39:26,2017-05-04 10:50:06,2017-05-04 15:21:16,2017-05-12 13:49:50,2017-05-31,5334612ff6f9f1ee518ecf5a8b2d9efc,2017-05-04
52255374a680dc42f27d475d23dec0cc,caf7dc5f0e2966d341184f771f92fe4e,delivered,2018-02-22 20:04:51,2018-02-22 21:00:25,2018-02-23 22:57:06,2018-04-05 18:54:16,2018-03-21,231f014204b57abc6740df8002968e08,2018-02-22
9a153d3651e569cbab9fa589c6554972,daa1cd9ce91af39a90ddd87d37f99f7a,delivered,2017-04-01 10:43:50,2017-04-04 05:55:18,2017-04-05 13:53:09,2017-04-08 23:53:14,2017-05-03,82a154038ccb893b4e3b795495e93dc7,2017-04-01
faf1c7dc5723c7925924611362802505,dc2aba65bed3f2645724f08112d296e1,delivered,2018-03-20 17:44:51,2018-03-20 17:55:36,2018-03-21 18:36:45,2018-04-03 22:12:16,2018-04-12,5c36c55e067e7f5b07f93d7121cb1271,2018-03-20
61adc85552ac2f95e8d9ce8274b3bdaf,262a5aae90d33cc2a388984ddb13eae1,delivered,2018-07-10 10:13:00,2018-07-10 10:25:15,2018-07-11 14:54:00,2018-07-12 18:49:45,2018-07-18,e59fc7644e146f91c04ab9f1b123bcd8,2018-07-10
ac243a18eff7270f50fcf5f8f94b19d6,48bfe3560b84c37213a3c4a178d6ca67,delivered,2017-10-19 14:39:13,2017-10-19 14:56:31,2017-10-23 19:49:56,2017-10-24 22:56:11,2017-10-31,df534a4fbf3388be1fa78d5b5ea9d153,2017-10-19
bec2a4b30521bb90ef689feeadb8decf,bdd8503095e84d7f2e416c70d2b62afc,delivered,2018-02-05 21:46:11,2018-02-05 22:09:50,2018-02-07 15:24:53,2018-02-14 19:17:30,2018-03-13,cb204efbe3ba3f77edacc4d5259752ba,2018-02-05
3f113daaf8b405bcc4349a2812061fa4,5a3260cfde2a918b597dada7ddd247bb,delivered,2017-10-27 18:24:19,2017-10-27 18:35:15,2017-10-31 16:35:54,2017-11-01 17:42:09,2017-11-09,6d3f61e35d0422fd8cae65b1798784be,2017-10-27
dab96f487f4979e8da25ec94ecc1f33a,7c19c4f65e4cc127df40bee5c38cc0fa,delivered,2018-08-16 11:23:26,2018-08-16 11:35:14,2018-08-17 12:43:00,2018-08-27 22:32:45,2018-08-28,e9456f70449cf181349b1bc9262530db,2018-08-16
32cd8c1de0b106ac12c8bac666e9e1fc,59369b62f15106cab010e178b8b2703a,delivered,2018-02-27 16:15:40,2018-02-27 16:35:35,2018-03-02 17:32:34,2018-04-12 23:07:53,2018-03-23,7828008dbc4fd6aeb04ab42dddd35a74,2018-02-27
cb6788e2b64ab1ddde45555de93c809f,f2b499ee9f960ec191bd4377944def3d,delivered,2017-11-26 16:32:37,2017-11-29 09:10:38,2017-11-30 17:09:45,2017-12-14 09:43:24,2017-12-20,9046647526bd2fde5646e647a02a38dd,2017-11-26
72cb6d46554fe12d2931f8c16f386f51,3816366333bcbe1daabd284b6c4daacc,delivered,2018-08-16 12:51:38,2018-08-16 13:05:27,2018-08-17 15:24:00,2018-08-28 21:46:47,2018-09-14,38ff5c0eeae7cc7b8facb23461e4f7ed,2018-08-16
ca559ea53cf10ff35d00de057f02b8d3,94179a63403312836ef05d67aeeeb53a,delivered,2017-05-24 19:38:41,2017-05-24 21:30:15,2017-05-25 14:59:05,2017-06-13 17:24:57,2017-06-26,96e489a06cccf81768091fb50672a783,2017-05-24
3b096d44d833b0bc4714a1ab1ba9d563,04c974cb72247502a35e024f689cee79,delivered,2017-09-10 14:22:02,2017-09-10 14:30:21,2017-09-12 20:13:24,2017-09-18 19:24:43,2017-10-03,57c629d615251024098b1d42d08347e1,2017-09-10
8811b551e13f7f1be237272ebb8c30cb,caa4f57153e47838c4335d18d96bdc38,delivered,2018-03-08 00:01:28,2018-03-08 00:16:10,2018-03-08 16:38:49,2018-04-02 20:39:22,2018-03-27,a883e6b329b7f56b2b99309d6eb181cf,2018-03-08
2a1ceca1522e8bf484583ef111e921c4,96f1ea7875a9fcfee0be3af8015f48cd,delivered,2018-07-13 20:00:52,2018-07-13 20:10:22,2018-07-16 14:22:00,2018-08-09 02:17:19,2018-08-28,8a3bb3e78e9a0ffbf3e47f8fb749b4cb,2018-07-13
9af45b618745db1a57fbfbeaceedc889,4e798bde1c7399fbb0763d0f35d9af07,delivered,2017-02-18 16:54:35,2017-02-18 17:10:12,2017-02-20 06:43:35,2017-02-22 16:22:09,2017-03-17,ebbf4018130a768f1d9e632f8d5541b9,2017-02-18
a3d3f48cf45e81344a235255f2dd9010,6f86f1485e960867aa28e1b5c7379d39,delivered,2017-12-18 13:51:18,2017-12-18 14:57:26,2017-12-19 18:18:49,2018-01-10 00:27:25,2018-01-16,c17767619957a9d7fb8942b5d97c5539,2017-12-18
0450f2effaa0b03d5c7c5456338f48ff,55107bcafecb383c71aed2728382a3cb,delivered,2018-08-17 16:58:09,2018-08-17 17:30:08,2018-08-20 15:50:00,2018-08-27 17:48:22,2018-08-31,0575cd7136225e48114040a0722d8b14,2018-08-17
9f8a784a4565b08782de30ee2f76935d,738f5e7358ad876f44a71128a837382b,delivered,2018-04-11 10:59:02,2018-04-12 07:51:16,2018-04-24 10:38:55,2018-04-27 20:56:52,2018-05-11,1a00c9e5fa7d0e5678062da4ab3ea4cf,2018-04-11
cd94df7a0a839741782e115e9cb997fe,8760ab7344f7785a24d6f09b4fad0def,delivered,2018-08-09 10:30:41,2018-08-09 10:55:18,2018-08-14 14:27:00,2018-08-17 21:33:39,2018-08-29,386484f7941e1d2632a2f1f5c597d65c,2018-08-09
638a3000bf49c1eeb47e1d9df75d5e17,b810f602eb5c930e434940744adcb2ae,delivered,2018-04-12 21:25:16,2018-04-13 13:29:47,2018-04-17 20:57:46,2018-04-28 19:56:29,2018-05-03,c72168afea58581ce42421c06d05f838,2018-04-12
9330e9298742ceea6f94f67a4c6dd785,6010134991a5c1a1d48ad3b34b1f3307,delivered,2018-02-15 08:48:33,2018-02-15 08:56:16,2018-02-21 21:09:07,2018-02-27 13:26:26,2018-03-12,891bc63d0e2d66187153168edc28a8e3,2018-02-15
ececf780cb6aad2ed0ecc2d7f316a999,8d0ac85590ac364947222f448469095c,delivered,2017-12-02 09:52:18,2017-12-05 04:13:25,2017-12-05 22:18:52,2017-12-15 18:55:06,2018-01-02,92fe6ac03dbee5674fb7092a6e0acc83,2017-12-02
1677ba61b392f10188d04d4806e32c9f,7f9b9327cacf423126450240ce21a934,delivered,2017-11-20 15:30:16,2017-11-21 15:35:05,2017-12-20 10:59:03,2018-01-05 21:34:58,2018-01-12,97acfea560d8c8b94b949936f8b241d9,2017-11-20
7fbae6a6c7e8dc9e1ba716644c416dd9,32e2a69fb11e96ef27db307b21db154e,delivered,2017-06-27 15:59:39,2017-06-28 02:35:33,2017-06-28 14:27:57,2017-06-29 13:22:39,2017-07-10,11009613bcdb201007d97df9090a9b7e,2017-06-27
ea62fcfe059c27c0f6b4b2d7cddb9e6f,4bc3f90f50aa57cd89b293bb488a38ad,delivered,2017-11-30 20:01:11,2017-12-01 11:32:04,2017-12-06 22:54:51,2017-12-08 19:35:36,2017-12-18,ba350a4c26a696f7f0ddcf2321c43a93,2017-11-30
885bfb849481052082fdecde1e4b724a,8871744f347a26868d7ac1756c0cebb5,delivered,2017-11-18 08:18:13,2017-11-18 08:36:03,2017-11-20 18:21:35,2017-11-27 20:06:45,2017-12-11,87e647e4960e9d04aef7c7ae776f893a,2017-11-18
f8711e1ed6430a40651f6613544e52c3,c038011fae88e7294cb5fd57d553af96,delivered,2018-01-05 20:12:57,2018-01-05 20:27:56,2018-01-08 20:16:20,2018-01-17 16:22:58,2018-01-31,9603f252e4565136d1181e4efb49ea96,2018-01-05
1308c44f18e5540085f871ad46fe05e7,a1f418492efe00099932803ee540374d,delivered,2018-04-29 19:02:03,2018-04-29 19:15:15,2018-04-30 12:20:00,2018-05-08 19:12:50,2018-05-23,288b911307a03ecb10ac2f37d3618ac6,2018-04-29
38df34f6963826eaf92a536dff64393a,29c04628dbc04fa96b97d33891cc3597,delivered,2018-05-27 00:31:57,2018-05-27 01:02:21,2018-05-29 13:35:00,2018-05-30 22:51:30,2018-06-20,e4c0b1cb14aa9a7673f6f8732aeea62e,2018-05-27
2abacd34704c8bef054772026c97157a,c1404cd823662af70759b6f5078a576f,delivered,2017-06-23 17:21:18,2017-06-24 02:35:19,2017-06-28 10:17:33,2017-07-10 19:03:31,2017-07-25,05a0f07d29f7001f0e98fe7093869fd7,2017-06-23
2dbba3ef1fa8a1a6f4ae1de6b6fd092f,b7e0c781ef183b4fdfc3d79fa4588c5f,delivered,2018-04-13 08:28:42,2018-04-13 08:50:53,2018-04-13 18:36:39,2018-04-24 00:48:31,2018-05-09,29a1187373da1c8f4511e1d5dd6d71da,2018-04-13
2bfa7e40282f34e7c06a00cfd2cbe1ab,36c4ffeeede9b0c538acb8d23fa6988c,delivered,2017-12-30 14:42:08,2017-12-30 14:51:29,2018-01-03 16:04:57,2018-01-15 14:32:53,2018-02-05,17b71c3bd4e63686b742eed880498dd4,2017-12-30
c0141f939a5a2e130bb9e329eaa20e2a,329fcf50087d2f2fae1b09d0e10baa00,delivered,2017-07-25 16:10:21,2017-07-25 16:23:23,2017-07-26 15:36:25,2017-08-01 20:04:31,2017-08-16,8a5d7a54bfa3ec6f392a57f7619dd9f4,2017-07-25
1630676be03651738ab38bdd77ce6e67,446a6279fe5b28577077ebcc18daee62,delivered,2018-06-02 21:48:38,2018-06-02 22:11:36,2018-06-04 15:15:00,2018-06-07 17:12:20,2018-07-05,d223c5bb21eb9bd26005f53adc94e87e,2018-06-02
59fbbd67b9aa1cb1e222932e9d4f3b79,3c57da35028a1bc160bb3c60603c8072,delivered,2017-11-26 10:39:33,2017-11-26 10:52:26,2017-11-28 23:07:36,2017-12-13 17:58:53,2017-12-22,4e4b787733d41ea0cb9b69a192bb285e,2017-11-26
116665b63c365f63f79ab891a4a88cfd,e4041e33b658e847dc2627705fb128ec,delivered,2018-03-03 10:20:26,2018-03-03 10:35:47,2018-03-06 23:33:18,2018-03-21 10:48:34,2018-04-02,70ae854d72b6487f1f6bfa3a843a6191,2018-03-03
a567555641df2aefbf04d63d0edfb836,498e9119de4db24f0d6414bcf6cac414,delivered,2017-06-08 19:50:58,2017-06-08 20:02:34,2017-06-09 14:36:33,2017-06-10 06:35:56,2017-06-22,3443f8095ad309eebbdc8caa8b2bf936,2017-06-08
582037320d4b45790340d0ceedac58a3,cc3af9d29350c28116f07aed3c92d267,delivered,2018-03-08 16:10:00,2018-03-08 16:55:51,2018-03-10 01:05:16,2018-03-20 23:54:26,2018-03-27,0b3720d8678f7962d3a6813ad5c45acf,2018-03-08
2e902692c167fd257e783627a147da98,71a73731172b757f95114d03aee0c5c5,delivered,2018-07-26 14:26:52,2018-07-26 14:35:21,2018-07-27 14:21:00,2018-08-01 23:18:51,2018-08-23,55c55468b7b3391c6003cefe8c9a0a46,2018-07-26
bf5a44a0843a026ecf32a63d882550f5,9c296bfe22d67feac315424199ca7b3d,delivered,2017-03-01 09:13:57,2017-03-01 09:25:10,2017-03-03 14:18:38,2017-03-08 10:26:02,2017-03-27,736f7df93859546941f8c66c4443162a,2017-03-01
0c8813b39ba09cc6fadb5ce2c80671fb,476249756d8e4fae218d4f3b6af0026b,delivered,2018-03-30 09:14:04,2018-03-30 09:55:22,2018-04-04 19:12:30,2018-04-17 17:57:26,2018-04-18,2201135335b7054d78733ecb3c7863ae,2018-03-30
1800047130a05e584deadf5893a3c74b,fa8bd7fb24bdbc085a2e0676ce5461cc,delivered,2018-08-22 20:57:08,2018-08-23 20:55:29,2018-08-24 11:59:00,2018-08-30 22:51:54,2018-09-24,e945b7126442e3e257f644df5ea97abf,2018-08-22
a0f71283b8cf0eeaeb3bbba7894ae11c,2770409fd18c512aede9a57aa79197e8,delivered,2018-08-11 21:31:55,2018-08-11 21:44:17,2018-08-21 15:37:00,2018-08-24 21:22:41,2018-08-31,be65c22b88ee97d378cd1b1da80d419a,2018-08-11
2c5925c8d72a163016e91d103b67ac9d,7e61519c3a9b622a4211588b43c03de8,delivered,2018-04-17 12:10:08,2018-04-17 12:35:13,2018-04-19 21:46:48,2018-05-07 08:53:04,2018-05-28,214a6059c941ccf392c784770d0d566d,2018-04-17
3fd2328e67f3fa7eefe3738b5eccc86c,4a1d9976177eedd8d7491ec69593ab77,delivered,2018-07-24 15:47:52,2018-07-26 03:15:22,2018-07-26 13:08:00,2018-07-27 17:58:45,2018-08-01,9cb1abc10e2f73a0296bc7eaf48e4712,2018-07-24
a4bed2a96bc765394d832c0d9199b6bf,8555899019bfb22364b64488194b8ade,delivered,2018-04-23 13:38:01,2018-04-24 18:14:55,2018-04-24 23:21:58,2018-05-03 00:59:53,2018-05-17,fdda73c2b30179b8301c5657edf6f4c0,2018-04-23
0bd66289bf194ff3edb0841291f58da1,35a5f209fb977870cf57ca5564033679,delivered,2017-04-13 22:40:08,2017-04-13 22:50:21,2017-04-20 10:47:48,2017-04-28 09:16:15,2017-05-16,065dcef61d5f66b30d2ee51b5343d023,2017-04-13
9a99c1f97699ec839f7966eb7c7d5afa,051471ca58786b55a780eddd05465e89,delivered,2018-07-25 15:54:26,2018-07-26 15:50:19,2018-07-27 13:52:00,2018-08-01 14:18:35,2018-08-08,c865881f15d8af063e388419469bc228,2018-07-25
73df19345d0de1ae473fdfd37070f16c,9cd05016183fe6b9435f5b6d3c100b93,delivered,2017-10-18 14:25:56,2017-10-19 09:28:12,2017-10-19 21:28:49,2017-11-01 15:27:50,2017-11-14,eb2c9233e39cbd2e7db5b0624afdb4ce,2017-10-18
190d1b221eb8c4e51953c2542c6acc61,97664c4def96cf5c56c4cfc28c5062cf,delivered,2017-08-16 19:56:43,2017-08-16 21:55:22,2017-08-18 13:39:52,2017-08-23 16:33:30,2017-09-11,8d2bd90836fecb71f7746d84bb1c54bb,2017-08-16
cc145c0ced2265574e7e11c71735b5ac,e71ea98044f54ca22d2ad0e652334d3c,delivered,2018-05-05 13:31:09,2018-05-08 04:14:54,2018-05-10 18:29:00,2018-05-16 21:31:37,2018-05-28,9c5434b646107b8323610cf9baab9e3d,2018-05-05
09fdca9b7c6771946a1cac89dd7e89a2,27283ca25c73e34079ac7f01091d5a43,delivered,2018-01-08 19:33:40,2018-01-08 19:48:18,2018-01-09 23:44:07,2018-01-18 08:48:43,2018-02-05,5109d909e508ec0e7dc0c3a148397ff3,2018-01-08
6202879760565b03f9d963460fc68812,ff78aef48af5f0cbdec5db7d463c3c39,delivered,2018-05-08 20:46:17,2018-05-08 21:11:56,2018-05-09 16:27:00,2018-05-10 12:21:30,2018-05-16,5fb3e0df1466635a522eba550ebbbd66,2018-05-08
fd2bcdc6e3cfe79cc7ee426bedb8d467,7563f36d8dcfb6a9f7a547ed430f0f23,delivered,2018-07-18 18:20:39,2018-07-18 18:30:24,2018-07-19 13:42:00,2018-07-20 18:47:35,2018-07-30,205d12d065a7b8535ed6941b838064fc,2018-07-18
33711ce52ccf7b8dcb0deaf37f573d32,2378c9eb16e57f8e54b53be8009affd9,delivered,2018-01-11 19:53:38,2018-01-11 20:07:24,2018-01-17 01:33:29,2018-01-24 13:57:05,2018-02-05,6eafcebe93bd4c543dcb998166f1b9f1,2018-01-11
05b6dcf764ce18df76138d88dba0aa7d,3aa3ea759f5e05fa8a02c9eddfbeb090,delivered,2017-09-30 20:27:08,2017-10-03 06:34:06,2017-10-05 11:32:56,2017-10-17 22:08:18,2017-11-01,a170569c1d088c7d0bd7bc432cb81bf2,2017-09-30
7c735235d243792b7c57ed3ee240bcd7,ed754566e72104e594b0cee23c4feb02,delivered,2017-11-30 15:47:51,2017-11-30 15:57:24,2017-12-01 14:37:42,2017-12-05 20:52:11,2017-12-18,c72d81c8f4613f0a6656561867e1d91e,2017-11-30
91481fd2c4c491b2e7b8fc96167b68ca,ba2a3c3376d6aea33f833aa74d9558be,delivered,2017-09-06 10:35:27,2017-09-07 10:43:30,2017-09-12 18:57:26,2017-09-20 21:22:27,2017-09-27,4e183ff198e115f2be550f980456e7cd,2017-09-06
48ae7c42ef48317f964c51175915407e,3c3b6570549f1c5b37ac7d54a9d4a893,delivered,2018-05-21 11:20:18,2018-05-22 09:36:36,2018-05-22 14:21:00,2018-06-07 20:15:30,2018-06-13,b088a73721fbc9b60ddbaf286688922a,2018-05-21
52d460ae47aa90f9b540f2f869f62d41,183cd2d0c831f0ed7444c34ad10262a9,delivered,2018-01-07 22:06:21,2018-01-08 22:31:38,2018-01-09 16:18:59,2018-01-16 14:42:44,2018-02-07,e53ee665af11f91bd6cb468279984cbe,2018-01-07
7019f5477dbad7fdefd5d328efb829d6,fbc7c597b3ce5501e425b94532f86340,delivered,2017-10-16 22:17:52,2017-10-16 22:28:16,2017-10-20 21:50:05,2017-11-03 19:52:14,2017-11-14,96a65ea6d9fd11f9e6af1e991e7394cd,2017-10-16
04d4e970b194babf5a7b70b11381f6ac,f6a61cd798bac1bb08e6317e766d9de6,delivered,2017-12-28 13:05:53,2017-12-28 13:13:31,2018-01-02 18:22:44,2018-01-05 23:34:26,2018-01-17,70cc968d94bf1dddfc2ad557945b222a,2017-12-28
88a7f34793df2b92c81d02a09cec8e89,10faf9e153a1ce492d6d06a2a8006df7,canceled,2018-08-06 15:55:10,2018-08-07 04:44:43,,,2018-08-21,2975f73296ceeadcbd508aee89be1822,2018-08-06
3f03a16ea2034e425f930d42cd315637,e4f90f5388455b2dc99224808218a4c9,delivered,2018-04-15 23:17:26,2018-04-17 05:49:57,2018-04-17 18:31:41,2018-04-25 18:12:16,2018-05-21,983f07294fd03fcddab80e39a2a468f5,2018-04-15
63b490210af6588f2cefc015579a923d,2644c1d41a9f5b19eb306325817c122e,delivered,2017-08-17 13:39:57,2017-08-17 14:05:22,2017-08-22 16:42:35,2017-08-25 15:01:03,2017-09-06,06d76e792d9dd3df9ebd074ead6e1919,2017-08-17
40b726690a12c5fa40e3e0727ad87835,b7d8cbd463b65664e02d93bba235b4aa,delivered,2018-06-29 09:30:16,2018-06-29 09:49:42,2018-06-29 11:12:00,2018-07-04 16:32:36,2018-07-23,ba8bc44e8dfd32e967518cf82f4888b5,2018-06-29
cb7911a7f5f016586dcdf66a52c1f096,036386bf476a9425bddf9639364e2907,shipped,2018-01-16 17:11:07,2018-01-16 17:32:45,2018-01-19 18:57:52,,2018-02-06,bd62b323b8e70075724fb43aab7a5bdc,2018-01-16
32a9917a34f07cd1a2c04102e4989e4f,cfd87c1d660bf2efc5ce870c62ca3f78,delivered,2018-02-17 12:44:07,2018-02-17 12:55:49,2018-02-23 00:45:26,2018-03-13 22:14:23,2018-03-19,544f992354ec97103e10369945fc11c2,2018-02-17
f4d71a4da431f1650c221ad918e22290,bbfdaee8d0707c77fbd48fe08db7347b,delivered,2017-05-19 12:44:30,2017-05-20 04:25:22,2017-05-25 11:15:09,2017-06-05 17:13:32,2017-06-12,92ff85d68a9b33eef7acc0832636f90f,2017-05-19
9e44e89d954ea1052e1ecb4f803251fa,3f6a6eb34d4017a2af3de15d8d19750f,delivered,2017-10-14 13:31:41,2017-10-14 13:49:26,2017-10-18 17:17:49,2017-10-23 23:41:50,2017-11-13,b04dc00fe1902ccb64ad35472c329476,2017-10-14
3e79636f6031f6b4f05b671928369588,a0c1bbd0f275db18373071736a2050d1,delivered,2018-02-19 11:31:42,2018-02-19 11:47:39,2018-02-20 23:09:25,2018-02-23 19:51:48,2018-03-12,a2568749dbab9767cfa063c3a390ec03,2018-02-19
c488c9d2cc2f504be29a438ffc08ee6b,91de39cfb08223e17c91d3ccd49b4387,delivered,2017-09-11 11:27:51,2017-09-11 11:43:50,2017-09-15 19:45:54,2017-09-19 18:23:07,2017-09-21,177d0b48c7bdcbeaf1d65a76bcf09373,2017-09-11
6d1f29a9262130c47ca823ee31e85c17,065faa2d1bb6b297ca28a01d32519efb,delivered,2018-07-14 17:18:44,2018-07-17 04:32:11,2018-07-18 15:29:00,2018-07-24 18:38:46,2018-08-03,cfda48fcb774a1d0a9ad6f7863d74e3d,2018-07-14
f469782148dc2783107dd5159be50b54,272f8ef0438befa0ddf34770d5f6fc1c,delivered,2017-12-11 23:43:58,2017-12-13 02:51:06,2017-12-14 22:22:00,2018-01-05 17:42:39,2018-01-10,ba48fb2a1a18a927c201654e33f38e79,2017-12-11
ccdd16bba48215215c7d17240f07eb66,fb413491947c3cdaa43ee5a05f1074fb,shipped,2017-07-18 21:16:16,2017-07-18 21:25:15,2017-07-21 20:59:25,,2017-08-09,44e956e54d62f58e06da7012a7bfa2cf,2017-07-18
fdcca0e15a4d03e3fb89fb14664a3744,58ee086556a160d66dc3f6d43b4efcc3,unavailable,2017-09-11 20:02:08,2017-09-11 20:15:25,,,2017-10-02,3ba7980dfa14cd3508fa58c4198ce202,2017-09-11
833ca9217bfe9bb17bcf56f645362ac6,ba3f266faa29d2de0d04726651aeaa5e,delivered,2018-01-23 16:14:56,2018-01-24 02:36:32,2018-02-06 17:13:12,2018-02-26 14:29:30,2018-03-08,5a7e0dfe4d69f143ac9a89c4d98deba3,2018-01-23
8d1c5a867cd01e45e5fc57dddd896f00,f68c9552d4a213e753972820790aa3fd,delivered,2017-07-03 16:36:30,2017-07-04 16:43:56,2017-07-07 20:29:29,2017-07-26 20:07:47,2017-08-09,91a7d936d79504638afeba42ccfb4449,2017-07-03
414a90ed19b714b5176c78ec8bbd8388,f883ba642f4dca60e7c2fa6b0825da3a,delivered,2017-10-19 14:12:46,2017-10-19 14:29:02,2017-10-19 20:00:23,2017-10-25 20:33:05,2017-11-14,f251f317c5442c2abfebd87b4990a194,2017-10-19
7d1b1cc13d2c22c1cad811b1fafd0537,be85cbbefe4a42be14dda9f1ef608918,delivered,2018-04-25 01:01:56,2018-04-25 01:15:09,2018-04-25 14:47:00,2018-04-26 20:41:46,2018-05-09,b2cf22e292ae1e680b6d9ca2445ffc49,2018-04-25
7ce665a17cd6cb68137dc2816937a8a5,9b81e78ece4755a8554bda67601746ac,delivered,2017-08-02 16:17:16,2017-08-02 16:55:07,2017-08-03 19:36:48,2017-08-09 19:51:21,2017-08-31,2271aecabef846b6c0a6527366ebd7e0,2017-08-02
7efd95780798d3826acbaafd16953320,50ca06c1cb4e30e908c3f232e4d692e8,delivered,2017-11-19 10:04:04,2017-11-20 10:15:41,2017-11-21 21:52:54,2017-11-29 19:03:25,2017-12-12,120a6e1875940fe48a44d6cf30706230,2017-11-19
b95cae4001dc3efdaa739478cf9c92e4,79de53946db384e2d7a9bd131792ad17,delivered,2018-05-22 01:43:18,2018-05-23 02:38:41,2018-05-25 13:47:00,2018-06-03 14:53:21,2018-06-11,7ce5b57a120a2da6a804afa58ffcbfb5,2018-05-22
22d9f175d75a69bcfa445d7e1bc82ed3,919cdb17221af991200e5c3a283cb85d,delivered,2017-11-09 15:06:08,2017-11-10 03:27:02,2017-11-14 19:52:00,2017-11-17 21:51:27,2017-11-23,8a96d24f9b20ef006364b5d3218a8f44,2017-11-09
eda850474bf71f5b4264dcd0dabbdff1,bb69f8f77059a3d1c6bb2242b10b4f56,delivered,2018-02-05 22:41:13,2018-02-05 22:50:45,2018-02-07 14:42:48,2018-02-14 18:39:06,2018-03-01,2b59751a554698e90b9d4774588eebf4,2018-02-05
1c975752f5a57d5899c8d8730391ae07,ec450e291bae7ed8a48269f2197e3f26,delivered,2018-02-22 16:44:49,2018-02-23 19:15:19,2018-02-26 23:49:53,2018-03-08 13:14:35,2018-03-22,3122dff8cffcaa49d22bc737980e79f5,2018-02-22
bfef81581affa2b4c59018ed748cd663,396092ad2cd63fcdcc4beebcce77460e,delivered,2017-03-28 13:49:04,2017-03-28 14:02:29,2017-03-28 18:43:17,2017-04-11 10:31:08,2017-04-19,09e26a6af8ac25adc2467525e87366c5,2017-03-28
91e573f4d0f3c29490414ff2f58a423c,cecbbfebf3d0f81403e8a660faa0e43b,delivered,2018-08-02 12:06:07,2018-08-02 13:04:19,2018-08-03 15:46:00,2018-08-07 17:16:10,2018-08-10,6a7af8654e89e6156f9bb6d49daff205,2018-08-02
73ae5d6f229b194332eca5178d70d08b,9637dbdfd402476721bceb1525cec2d5,delivered,2018-05-03 19:10:51,2018-05-03 20:15:21,2018-05-09 15:42:00,2018-05-15 23:28:27,2018-05-30,0520f54ebe28f64e77079ff379700a34,2018-05-03
728aef02244c36e1fc4ccfa9c0399c7c,20702a6b4a67c5d475a07691aa3e837c,delivered,2018-06-25 13:09:22,2018-06-26 13:37:14,2018-07-03 13:25:00,2018-07-06 16:41:40,2018-07-20,0a75562a6e27ed55a6523eb57f79b3a6,2018-06-25
b9930364db10972dbd6d278d5d7cef98,66e52e6917b08a61a8e08f59fe95a282,delivered,2017-05-07 11:01:18,2017-05-08 13:50:16,2017-05-10 09:17:31,2017-05-19 08:51:59,2017-06-08,082c88e2e1a130417fc95d681d6a427b,2017-05-07
ac48e79befd4d8cbfb58047dde3e43cf,4d95310e7834918e1575b9e9e456bafd,delivered,2018-04-01 20:47:22,2018-04-01 21:30:26,2018-04-02 18:11:18,2018-04-07 12:41:03,2018-04-20,73a218a376e1c8e6a31799484fe514b8,2018-04-01
6e787abee7049d6c51663bdf25a4b2cf,edbe69fae8335bc4aab71431a8cfe6d3,delivered,2018-07-20 08:57:42,2018-07-20 09:15:12,2018-07-23 15:42:00,2018-08-08 15:31:18,2018-08-08,902136370dba306ea83aee9f6a68f649,2018-07-20
2fac55edfd9754d1a0e7ecc67d48d08d,5a108f7c19bf77ac04a7d2a1ebb73a6c,delivered,2018-06-18 11:53:41,2018-06-18 19:39:50,2018-06-20 14:30:00,2018-06-26 15:12:55,2018-07-17,e950ca588d23086360f34f4326e3e3c4,2018-06-18
76d3da933ea02dff5b27a64415350c37,37c3aedbb5e47029dfacc96860f24058,delivered,2017-10-22 22:00:35,2017-10-24 06:36:45,2017-10-27 21:17:54,2017-11-06 19:54:55,2017-11-16,f8308de7370e6293120c537a031f4cff,2017-10-22
912859fef5a0bd5059b6d48fa79d121a,b8c19e70d00f6927388e4f31c923d785,delivered,2018-08-29 09:48:09,2018-08-29 10:04:16,2018-08-29 19:01:00,2018-08-30 23:28:52,2018-09-04,0c6d7218d5f3fa14514fd29865269993,2018-08-29
a55945f45b2bf0c2b8b3ffae52d10213,2fe73fd71a309402c99f449f8612fbc0,delivered,2017-09-18 23:20:23,2017-09-19 15:30:16,2017-09-25 19:57:39,2017-10-10 19:23:50,2017-10-06,858c7e33e3b2d4f73c0c94290860eb23,2017-09-18
ca51350120ddaa92278a0ded310d5d49,414efb60391a008d3ec2bce97e0c925d,delivered,2017-05-21 20:23:54,2017-05-21 20:35:14,2017-05-22 19:27:45,2017-05-30 09:07:58,2017-06-14,d345a0089e7810b55d7afd1e90ced19c,2017-05-21
855e1b20c8aa2964bb871fd9cb5458f5,49c54a23a4c399768899b44ab295e66b,delivered,2017-02-28 19:14:34,2017-02-28 19:30:18,2017-03-08 14:52:02,2017-03-14 13:27:53,2017-03-22,95db44cac4c263525cfb83f5b65a4f15,2017-02-28
aff4f3bc26eab89509ea11af24bd9cd6,db0515d79eb9bc8b1244b6acb3a338ea,delivered,2017-11-25 16:14:28,2017-11-25 16:31:17,2017-11-27 23:44:26,2017-12-07 14:38:48,2017-12-19,c6269bc0d501060291945fe5405d23b3,2017-11-25
73211682c98aac44eb45ceae86828386,6386b3c166607a58cb5cbf07bc80d650,delivered,2017-12-11 15:48:54,2017-12-11 15:57:27,2017-12-12 22:32:39,2017-12-19 19:46:05,2018-01-04,9cd13d68abd14d6f4ec4f25aec84613e,2017-12-11
2f80e75d1ecbb82164966f64abf451fc,08694effa5271573bb42ce0e483e3e8d,delivered,2018-02-23 10:46:06,2018-02-23 11:10:46,2018-02-27 12:47:41,2018-03-20 20:02:12,2018-03-19,f5777a52ffe0bd4889e875c9d5164924,2018-02-23
eecbb8240f0eb71bec072e86dc50d8be,8333021eae0889032f2da220bc779ef3,delivered,2018-03-15 08:23:18,2018-03-15 08:35:27,2018-03-16 18:03:00,2018-03-23 04:58:39,2018-04-05,65e7ba9c080c81512376e3bde1f97a87,2018-03-15
1f6c594830067e510e93534e3e3d0a2d,1dffde6bb897e1cc36b55f2798b37965,delivered,2017-08-04 04:37:15,2017-08-05 03:03:24,2017-08-07 18:35:35,2017-08-15 19:43:52,2017-08-28,95ebae49ad8c37779ee72d5acacdb679,2017-08-04
df6ab6dda739712cd11176b2d63e4575,f1872d2ed7ebef7c73c48d768f6f67f6,delivered,2018-04-18 13:59:11,2018-04-19 02:15:09,2018-04-20 15:36:25,2018-04-27 14:52:59,2018-05-11,fe3328a2839c6bf28faad2463e595ce2,2018-04-18
b2216d1896487e630240917ecbfe988f,737f7fdf74b45bc7e3158f97608ce2ef,delivered,2018-06-20 15:34:25,2018-06-20 16:01:43,2018-06-22 12:48:00,2018-07-04 01:10:52,2018-07-20,7f9f0dc276be3cf7e9063e43f605c3c5,2018-06-20
e1dbf5fa2a0830e4f3464b2d7aeb1ed5,2af65fbf463dfa4d31eaa7f716757bf3,delivered,2018-01-11 21:04:26,2018-01-11 21:16:33,2018-01-12 23:39:35,2018-01-19 14:27:45,2018-02-05,d91abce0ac51d3f11cdf76b3608f9539,2018-01-11
bdccf03ca8600528b6f897db4f6329ef,bcbd6cac6872d044a9ad40f105793e57,delivered,2018-03-12 12:13:08,2018-03-12 12:29:14,2018-03-13 18:38:38,2018-04-16 15:58:40,2018-04-03,efef56f940137edddbf599029f31b2cc,2018-03-12
de7cb4087303bc8d6dac30bc222fdc12,e1241c29ae97acf6ddc9ff1f93c489b6,delivered,2018-01-24 19:13:01,2018-01-24 19:31:48,2018-01-25 16:19:07,2018-01-30 00:03:37,2018-02-20,dacc6ebbfa14d7f72e6fb93e419d205c,2018-01-24
f7a3c0a5fc27b55750ca588c7d0c8aa3,44a556fed9962dfe30822201a3b2b429,delivered,2017-12-02 11:35:03,2017-12-02 11:50:41,2017-12-04 18:22:09,2017-12-18 17:32:38,2017-12-28,6228d10671cfab8f33b25b1cd09a3c2d,2017-12-02
efbba0637ff7fe0491ef039d3cc3d586,78080be5a90a5c6c1238c4dfb20c99ad,delivered,2018-06-28 17:51:59,2018-06-28 18:10:38,2018-06-29 14:55:00,2018-07-10 00:04:45,2018-08-08,0b99b0e126e9859f873448d961614b7f,2018-06-28
8ef7f8c19a00b45667841442d36ad903,916eaf991fa5c9981e39f525efcd4bc5,delivered,2017-12-16 19:26:16,2017-12-16 19:38:28,2017-12-19 00:04:21,2017-12-21 18:17:48,2018-01-05,ea15e413c9a4d096e10b095c6b44a778,2017-12-16
52763116adc954bc1620d419789e7e7c,1b26e13f6157f4b381c66394691722b9,delivered,2017-12-20 16:19:03,2017-12-20 16:32:01,2017-12-22 16:27:20,2018-01-07 15:33:59,2018-01-19,a9ee469c972af1c93ba404408894b0fa,2017-12-20
fbcb9c1c272d20d294b3d5cc25ccc417,57125f5e79965d52dfa4302dba5d869f,delivered,2018-04-02 12:04:17,2018-04-03 05:30:17,2018-04-04 20:58:46,2018-04-17 19:32:43,2018-04-23,9a376ff06ccaae65a04b1b1c5535fc75,2018-04-02
9ffb318d17153de8c18c817b99338e0a,73e4c635d08b25002d658862b34ee054,delivered,2018-08-21 00:10:53,2018-08-21 00:29:17,2018-08-21 14:15:00,2018-08-23 21:52:03,2018-08-28,55b488a273c6ec9ca293736e9a69d0b3,2018-08-21
5213c9e107ccd1c4753c20f7be696c49,89ee8f2ce27588d9f8a8b7d0458e43ca,delivered,2018-02-15 18:45:11,2018-02-15 19:06:16,2018-02-19 23:08:16,2018-03-05 18:28:34,2018-03-07,3a772b14225bb3b60b36e02ed4bf57b9,2018-02-15
16f981e32cf73c22679a3b0b76d97223,24a7e57f0bc1f83651b27e128845e8c5,delivered,2018-03-06 19:01:40,2018-03-06 19:10:31,2018-03-07 20:34:59,2018-03-09 23:24:51,2018-03-16,582a66812e8e43304e78edb0348b9153,2018-03-06
5c486eb3b7347dd7ae1661ea6e8216be,9a8944e4f0c99c1120656f4eba62cab5,delivered,2017-12-14 00:51:08,2017-12-14 01:40:52,2017-12-15 22:35:17,2017-12-19 18:12:34,2018-01-03,e8e948e8b40ea16ad0f51cd7535c4f29,2017-12-14
e5f7dd43f840110435bdff296a628437,e32045c064604d4d2c3608a7330e762e,processing,2017-09-19 19:40:50,2017-09-19 19:55:17,,,2017-10-27,f0de4d7f68a2ce299d334c695613898e,2017-09-19
def59cab0d40fb6e73cf4a05911344df,aaac580394d307641eaa83279b83fbdd,delivered,2018-06-17 15:15:27,2018-06-19 03:36:41,2018-06-19 15:45:00,2018-06-26 00:31:59,2018-07-24,6f8dc3bb04b763418b59f953bce6fd14,2018-06-17
5e1857259e2b652b8dbdceca9ee2321f,fb2d2a4b73319cb116cf1f6f2b660032,delivered,2018-05-10 06:28:56,2018-05-10 06:56:42,2018-05-14 13:52:00,2018-05-19 17:06:37,2018-05-28,0fd2d26128dca3f142bd0f966b7dd2ea,2018-05-10
6c57b7e61cc0daf0946ad4dcaac70b20,0ae66bc8267d2940841c0a53fba6efed,delivered,2017-11-15 19:40:56,2017-11-17 03:55:28,2017-11-21 16:13:09,2017-12-07 23:54:44,2017-12-15,f94db96382118234d5b84eebf66a932c,2017-11-15
03abe0f86b91213bd62793ca180b232d,badd985462c8b012533248eef2b4bd86,delivered,2018-07-09 22:03:53,2018-07-09 22:15:17,2018-07-10 10:15:00,2018-07-31 11:28:45,2018-08-03,e24fd88c2ae70a0eac18426e9485afe1,2018-07-09
aa168056de685bc1be4c86543a14a845,8795d0d8d0948546b317fff2230687a0,delivered,2017-09-08 10:13:40,2017-09-09 13:44:19,2017-09-11 22:21:22,2017-09-23 15:14:07,2017-10-05,1599bd884cb84b88e2a27b18c5980337,2017-09-08
862c4f2bb3b1157099aaf23955a73228,782b181274f4857d96fd9b59345d31b6,delivered,2018-02-08 18:40:20,2018-02-08 18:50:51,2018-02-09 20:12:16,2018-02-25 15:24:38,2018-03-02,65b4736770e2c26d177bb408a114ab55,2018-02-08
dabb5a87a6d9cc1388abf76cdcf76e5b,ea846bd28376b61e0da78638d96c5931,delivered,2017-08-28 11:26:24,2017-08-28 11:35:22,2017-08-28 17:58:15,2017-09-02 13:00:03,2017-09-18,f1eba5a73615098b794658b5cefc0e90,2017-08-28
f3a50308e4cfa086a4e579f79bdff1d8,1c06e71f1c3bf003fdc2cf7087d825b1,delivered,2018-01-15 10:31:40,2018-01-16 03:38:37,2018-01-16 17:03:57,2018-01-23 21:56:50,2018-01-30,c48d11c6b00af8668ffe928e95067872,2018-01-15
2c085be01cf9f459a741b95e7d81860f,f54b53acaa1e92840ffd3c8773e00ffb,delivered,2017-10-06 15:35:13,2017-10-06 15:49:29,2017-10-13 18:33:44,2017-10-16 18:50:18,2017-10-31,2ab3f57c8f7b11bcfb171f1a26c3ff13,2017-10-06
ca5806ea7cd456a6c3ec4e7591331402,29bb15e13f62057599589a7ab73336f5,delivered,2017-12-28 16:59:22,2017-12-28 17:08:20,2017-12-29 14:08:48,2018-01-09 19:25:11,2018-01-31,534b7c48b552c1aefb826317387d64d1,2017-12-28
957d88bc917940febb453782827cbaa2,2c7884a2190bdc520da920a0abc3a6df,delivered,2017-08-21 23:56:37,2017-08-22 03:25:18,2017-08-22 19:28:05,2017-09-04 17:21:36,2017-09-25,072eaaf493a702efb084b235bf293bc1,2017-08-21
d8d4fd7b15d5b9cb93926c29f7f3066c,a4a766ed0dc895e33d2f962b53a21e4e,delivered,2018-01-25 14:36:48,2018-01-27 02:40:02,2018-02-01 01:26:31,2018-02-16 19:05:59,2018-02-20,be4eb163762cf164f26f81021c4a5e97,2018-01-25
dd5371622a32b1a8fc1726facf274115,1f1ed44c44e54d94c0463089b597d2ca,delivered,2018-04-25 22:49:29,2018-04-27 03:50:49,2018-04-27 15:09:00,2018-04-30 14:19:30,2018-05-11,72d2fe6b27c8cf1fe9395d7624500d25,2018-04-25
5f85459f27e5e4c8cca0a18f9576c6b5,9d9ed8461ab0d39ca9950f78958114f1,delivered,2017-10-12 11:12:39,2017-10-13 11:26:46,2017-10-13 22:45:57,2017-10-19 19:36:04,2017-11-06,01b466cc9a9e663eb04f4b8890dbc5f1,2017-10-12
4d3bf07ef40875871c01c931d3755940,cf94c4b546f0a5d72297e3b559080483,delivered,2018-05-16 01:18:19,2018-05-16 02:30:20,2018-05-18 14:22:00,2018-06-05 22:17:32,2018-06-05,09baec50afccbb414f24bf8e0bc7c020,2018-05-16
23d2b40718f8b1693ff67644c21d9f70,48c3ca16bfa9844412c2eb204a6e3840,delivered,2017-08-20 22:08:30,2017-08-20 22:24:45,2017-08-21 22:07:32,2017-08-31 23:15:10,2017-09-21,0b3cf8a9362deaf8b870d49ae61f3ca1,2017-08-20
348ca978ba86600e3f6e9b984c52e6d6,d683a82f865da969726293b2a90e7f85,delivered,2018-08-16 06:44:27,2018-08-16 06:55:10,2018-08-16 08:42:00,2018-08-27 21:22:49,2018-08-31,6d2a7a8a59f5a9405a02c64fecc911f0,2018-08-16
8258f7e8bc8122521bed9d5c4c91a1c6,95539321a91156c4393281cee799ef41,delivered,2018-08-13 13:36:05,2018-08-13 13:50:23,2018-08-16 15:18:00,2018-08-20 22:04:03,2018-08-21,037f310c86d001ce53c80b004af836e3,2018-08-13
ca8fdc1b534df33544ec27fed6dc5fbd,ca868a96b4d2898ce29fb5762fb5f19f,delivered,2017-10-03 15:29:51,2017-10-03 15:49:39,2017-10-05 14:18:15,2017-10-13 17:08:04,2017-10-26,817ac0eeed3fb788b02474e60a02fb68,2017-10-03
f61f547d212a8e108eb2a928aaa5fb03,15f2c50b98a1de718c34e7d888f40a68,delivered,2018-01-12 20:19:49,2018-01-16 03:51:09,2018-01-19 23:04:46,2018-01-30 19:23:26,2018-02-15,8e5102c8123b48eb09d2362c18337d4e,2018-01-12
6be7d999fa8bac782218f8e6281ff562,c81fe5c30e1cfabfeb1225fa672ffafa,delivered,2018-03-07 19:19:24,2018-03-07 19:35:36,2018-03-09 20:18:44,2018-03-27 21:28:41,2018-03-28,14a188558af6cd5bc222ca773d395a7f,2018-03-07
132f1e724165a07f6362532bfb97486e,b2191912d8ad6eac2e4dc3b6e1459515,approved,2017-04-25 01:25:34,2017-04-30 20:32:41,,,2017-05-22,6a068ccd3a149b5c8ceb4e04c83feb8a,2017-04-25
7f3572310e595ebd4a32c7124b1d9766,1918658fc7c2182ff0e4f0a6a2f1973d,delivered,2018-02-22 13:12:44,2018-02-22 13:28:22,2018-02-22 23:09:20,2018-03-07 20:41:55,2018-03-15,95bffd677fc4431de9a2d295768c13f9,2018-02-22
27704e7d86a04739ad6b19bbc202cd4d,f0657244a858139dd9142b062d8903af,delivered,2018-07-02 23:33:22,2018-07-02 23:50:04,2018-07-03 14:45:00,2018-07-04 15:41:03,2018-07-16,4e6b130c18a39ccc9a5a3cb062344ad7,2018-07-02
b59dd155566e5ce134bddffdc26e471c,7d2af39c5453e92ad7baad03e370f1d7,delivered,2017-12-27 19:48:04,2017-12-27 19:59:24,2018-01-02 13:48:48,2018-01-06 12:58:58,2018-01-30,34134e9af3495ee6b40f73c3b54f196a,2017-12-27
0f9e79a42b9e6e14a8d7f913b4da0239,5e50e403092cc3519f7f59eb409084d2,delivered,2018-03-05 14:00:30,2018-03-05 14:15:25,2018-03-07 02:09:47,2018-04-06 20:02:40,2018-03-26,ca6a08cf73e5804caebd8c0544941afb,2018-03-05
5ed3ad68a6b539929adf6d324f01ff01,26c3ccb63c6e599268b153a87eb1bb49,delivered,2018-05-30 18:29:21,2018-05-30 19:51:12,2018-06-01 14:11:00,2018-06-15 22:07:30,2018-07-11,61fb51749e4f73e380f5ffb5f6b42e34,2018-05-30
641ad3cb05f84cf88956f08997234c7a,d941943a6ab8e6e06edb6377763879d6,delivered,2018-01-29 21:29:36,2018-01-29 21:51:27,2018-01-31 22:58:39,2018-02-15 13:33:41,2018-03-02,f571ffb223a79f133a817728da847d19,2018-01-29
5ae6d4878571e9513c93413ee5ea1fe2,9a913ef439fcfc71384ce3cf53e7a780,delivered,2018-05-29 01:12:50,2018-05-31 03:10:15,2018-06-01 12:33:00,2018-06-12 07:20:55,2018-07-04,878ea5c2eb715531041a41cfdf83bcbb,2018-05-29
536a79f3bcb2ac2163cd5c46695fb573,4981bb38a647b9d462e1f4a278179ade,delivered,2018-08-20 16:15:21,2018-08-20 16:50:01,2018-08-21 08:33:00,2018-08-27 23:37:52,2018-08-28,03faaecff65602ef6961e3362bb93b59,2018-08-20
d16fbfb439fe82b7efb949345d70611f,f5003c157ffa6c1e541146ddcdade179,delivered,2017-08-27 10:14:44,2017-08-29 04:35:26,2017-08-29 18:16:02,2017-09-08 20:17:45,2017-09-14,46fd21f8a3b4a07a38cee494c93b13f6,2017-08-27
00a250dbdb3153cc6ecf4d3f07ef6a17,ccff27cfcda46bdff5e51b6e6711a85c,delivered,2017-12-10 18:07:24,2017-12-10 18:15:33,2017-12-12 21:07:48,2017-12-14 17:47:58,2017-12-29,8004f80e361a5ee23aadb7418a685fc2,2017-12-10
3b29577134414b4e92667a99da76dbd1,a92da5f6ab925f1b45c83cef38a87fe0,delivered,2018-01-19 14:29:39,2018-01-19 14:57:13,2018-01-23 00:36:35,2018-01-24 19:41:44,2018-02-09,4dd8d206e8dd7c0683c08529df9b12a2,2018-01-19
914adac0c24300aa223dbaacfc7f4467,1449d3e0d5b343bd18e67b49ff864c82,delivered,2018-01-12 07:32:31,2018-01-12 07:48:10,2018-01-16 15:15:44,2018-01-26 19:48:58,2018-02-16,0df630a9cd91d2a8487a76a2cb6fc1a0,2018-01-12
b9885c0bcf45df857434c48dccfcd3fc,48de5b946513fafa92ce12456ca56627,delivered,2018-08-21 22:20:19,2018-08-21 22:30:26,2018-08-22 13:26:00,2018-08-30 11:22:16,2018-09-20,fd2d60b672a39e1af3176488334c97b4,2018-08-21
a487f3a5b2b3e028ef50c93210a69e71,7a0e84fdd2b16140c23afec336362877,delivered,2017-05-04 07:21:32,2017-05-04 07:35:17,2017-05-05 13:58:12,2017-05-09 20:32:58,2017-05-25,945041c387344cf82a668dd2076dd072,2017-05-04
d207cc272675637bfed0062edffd0818,b8cf418e97ae795672d326288dfab7a7,delivered,2016-10-03 22:06:03,2016-10-04 10:28:07,2016-10-21 14:23:37,2016-10-31 11:07:42,2016-11-23,8d3a54507421dbd2ce0a1d58046826e0,2016-10-03
3d9f6e0596bf63fe5fb13f2b9782f621,65ecd6de31c8b787336b8fc9b4be4b2c,delivered,2018-02-17 20:38:50,2018-02-17 20:55:32,2018-02-22 19:13:17,2018-03-08 18:34:48,2018-03-16,3583981663bff53d2efdf450503a0010,2018-02-17
21dfb91aa3e9fa351ae6f12da1c53fb9,747f269fa325a88eafb143596cceb27b,delivered,2017-02-04 19:06:36,2017-02-04 19:22:35,2017-02-24 11:27:39,2017-03-11 10:04:04,2017-03-03,96a9bee7dae5f1a11d38f96865bd7924,2017-02-04
4dea0f922f4dd1f6db6379f7ad64ede2,ecc519b96e049292f86c9fbeee96097b,delivered,2018-06-04 19:54:49,2018-06-04 20:11:50,2018-06-05 13:31:00,2018-06-06 19:54:46,2018-06-28,ea478ce8acb01a1ac47f1a7f233be969,2018-06-04
a0a61328bad595cbe8e180cc3cdd4ced,438488a4ee40335948e2e3f5cfc74111,delivered,2018-03-13 17:47:54,2018-03-13 17:55:44,2018-03-14 21:35:43,2018-03-16 22:52:02,2018-03-26,d485dc827231219db5356c20c502be6c,2018-03-13
284fad6ff6974adc6de4153ed188acd6,2428ce92c7cecc70052fdbe27248797e,delivered,2018-05-17 08:35:28,2018-05-18 04:54:44,2018-05-18 15:06:00,2018-06-04 19:08:45,2018-06-05,e09928ea33a320aab0102137cd3744ab,2018-05-17
e751ba1264eb343ed364486c2fde3e58,acf88257f23504358aaf7f4a2ac091c5,shipped,2018-05-02 19:27:07,2018-05-02 20:38:36,2018-05-07 15:00:00,,2018-05-24,613fd694ef74d71ea8d074507f73c4ed,2018-05-02
dcc9db54a4861b6fad2db082fbcdbffc,c0f79ac4ba4aa7a1acd6f1a27940753d,delivered,2017-12-29 18:57:50,2017-12-29 19:06:20,2018-01-04 21:03:55,2018-01-08 12:42:51,2018-01-18,14a16e13f36391068ac8d51b7436da7c,2017-12-29
421eaa852399cc515551fab116db12fe,ac974498571869277f1940898026acdd,delivered,2017-07-14 10:31:40,2017-07-14 10:45:19,2017-07-14 18:27:36,2017-07-22 13:52:13,2017-08-21,dda8e9703bed1f24bbd71413d60885d2,2017-07-14
a5a5537520c39fc7d242138689e1f77e,b10719011181e9c3e2833f87982abf6d,delivered,2018-08-05 20:01:32,2018-08-07 04:05:12,2018-08-07 15:59:00,2018-08-22 00:08:41,2018-08-24,a2aa347f9f33a0c430d6ba57443808e0,2018-08-05
101181f5adb1f9b1084fc5ded1160d75,35cd76ea1bbf59e4fa073e8288b80dc0,delivered,2018-08-06 21:35:03,2018-08-06 21:45:22,2018-08-07 14:08:00,2018-08-13 17:18:43,2018-08-28,80d4ca75391acf8a2d827eaa5cca8079,2018-08-06
4adb4da068a3bd12d93a6e1d2deabee2,5a8e30b97c66494c399c5c17ba6ba940,delivered,2018-02-18 19:22:41,2018-02-18 20:26:59,2018-02-21 08:03:51,2018-03-08 00:48:00,2018-03-13,1ce154c6350c5bfa0b9640586e11a9d7,2018-02-18
9fe311dd7e1b6943bed63fd01c7e5829,2dab706c04920c7225853f5a75a27415,delivered,2018-08-13 16:06:32,2018-08-15 03:31:47,2018-08-15 15:07:00,2018-08-22 14:11:40,2018-09-06,f37792a57f96adbc9513bb5a196e49a1,2018-08-13
bc28dcffa1198da2f880edfaa2a9a4bf,5bfc79d0925e03e4d2c0bf51ffd1003d,delivered,2018-06-28 08:58:22,2018-06-28 09:10:29,2018-07-19 11:43:00,2018-07-27 21:41:45,2018-08-09,5f95f162a16b3d3e980231f91ed33200,2018-06-28
67b5447a2cf4e164c948e2ef8e2c41e0,262f98265a50d9783d5ca0e170c6fde3,delivered,2017-10-19 23:41:12,2017-10-19 23:56:14,2017-10-20 17:36:37,2017-10-25 16:28:56,2017-11-13,5eab965f967ddcca6df6cca6ef342c1d,2017-10-19
4209568bdd63e8210d5697d19daa273a,c4ff6e8b5ada8e701e1388a369137122,delivered,2018-06-16 18:40:12,2018-06-16 18:57:39,2018-06-20 13:21:00,2018-06-25 23:58:27,2018-07-12,32dee21d457b755fe65d92f4045f0990,2018-06-16
f2313f0b5d57b48400ee2486d99c24a6,e826899b27fc36edf4c85c9fd87f16af,delivered,2018-05-06 20:14:45,2018-05-07 09:56:12,2018-05-08 12:56:00,2018-05-14 23:28:44,2018-06-05,e9aef7d89fa190dfc65ac148393de711,2018-05-06
28b2ab76328cbe5369a5717a90b26830,2bef8c14a809c0f0a5a03b8c918de66f,delivered,2018-01-25 23:59:09,2018-01-26 00:17:27,2018-01-26 18:56:32,2018-03-02 17:13:22,2018-03-02,91b2ce089a08af9a81f99d087f1786f9,2018-01-25
4f85d5b9b7d5cdc7e7f6ceb64aa47f5b,8a2d8ef5b8f61f14709d8de117293969,delivered,2017-08-11 17:17:14,2017-08-11 17:30:08,2017-08-14 19:31:21,2017-08-25 21:06:30,2017-09-13,1c3598324e7d8c3e34e255e101a6e7a2,2017-08-11
94d184110abf5d80e6d1a37951556c61,6ea901421d5915ebf48d42ddee1429a2,delivered,2017-11-06 13:35:31,2017-11-07 07:30:37,2017-11-07 22:16:53,2017-11-16 18:07:29,2017-11-29,590820515e9a622e73ddbe545fc1eb86,2017-11-06
00e7ee1b050b8499577073aeb2a297a1,06b8999e2fba1a1fbc88172c00ba8bc7,delivered,2017-05-16 15:05:35,2017-05-16 15:22:12,2017-05-23 10:47:57,2017-05-25 10:35:35,2017-06-05,861eff4711a542e4b93843c6dd7febb0,2017-05-16
e85c92ee6a3ba1ef47e41c23286314d9,66657bf1753d82d0a76f2c4719ab8b85,delivered,2017-02-10 10:19:22,2017-02-11 15:45:19,2017-02-14 16:18:14,2017-02-22 12:07:56,2017-03-07,5d09b0d82126457e2a8ebfb9c9a1ffc4,2017-02-10
315525dbd71c2330c3f38a92d8fbba32,a6732693634250c33930da5ab192f75f,delivered,2017-07-11 20:32:24,2017-07-11 21:03:46,2017-07-14 20:49:43,2017-08-01 17:19:43,2017-08-02,968b457a1ae09fed999f50d2ddb7848f,2017-07-11
c208db5638f7f1cd04d185856852f864,00062b33cb9f6fe976afdcff967ea74d,delivered,2017-03-15 23:44:09,2017-03-15 23:44:09,2017-03-17 15:01:29,2017-03-24 14:59:53,2017-04-04,f90f55ee274a4ae21510b386134b09cd,2017-03-15
0119e98feb97441cb456c010c25b04ff,cfa9e5ae05a54e058846a30a2c288118,delivered,2018-01-22 11:52:53,2018-01-22 14:54:20,2018-01-24 22:33:51,2018-01-31 16:34:50,2018-02-21,4a920352e96b1e17e0de73c58597b582,2018-01-22
ce335ca8132267870979c8349b792230,3931381dcf232cb7ac292790102be496,invoiced,2018-05-07 18:53:22,2018-05-07 19:15:28,,,2018-06-04,45ea19ad51c0ce4719de9952e5ff16ec,2018-05-07
a4003dc7a43aebf4aa6543e230de8de4,828db65d844ec784bcaf78ccfa9e51ef,delivered,2018-08-01 18:53:38,2018-08-01 19:05:19,2018-08-02 11:54:00,2018-08-06 22:01:59,2018-08-31,e2e510a79b971c69ee01c6103499b043,2018-08-01
776cdb75db89297ce0fd26c15adac1a4,1b9fb3a5ba819d423e454654ab33b595,delivered,2018-07-14 18:10:22,2018-07-14 18:30:21,2018-07-17 10:29:00,2018-07-20 21:32:49,2018-08-10,0c039ec32706287926596428d240686f,2018-07-14
616fa7d4871b87832197b2a137a115d2,bf6181a85bbb4115736c0a8db1a53be3,canceled,2018-10-01 15:30:09,,,,2018-10-23,634420a0ea42302205032ed44ac7fccc,2018-10-01
2dc82d1bd19ac194b91db9b17adc5a62,aeb39899f743c5f0c51f233e3ed21b0e,delivered,2018-08-17 22:06:01,2018-08-17 22:29:57,2018-08-20 14:24:00,2018-08-24 16:19:44,2018-09-05,296408bed8761b98c6e1127abc7bd25f,2018-08-17
a9f360ab2855d6db342c8344cbfa5989,aafe79f49e24b36218443b413e6affb5,delivered,2018-07-06 19:50:07,2018-07-06 20:10:58,2018-07-10 13:06:00,2018-07-13 16:38:47,2018-07-27,89b59fe90c14d3e0cf8974983b933eff,2018-07-06
3928bef4d3f8fa821470cf243db72d24,24414a412311a39ecea65effcebfda99,delivered,2018-03-30 20:12:35,2018-03-30 20:27:19,2018-04-02 18:04:14,2018-04-12 13:28:26,2018-04-27,7a84ed46fc6220a95b1de245da6535a8,2018-03-30
24b54d866e249786f29f8ffba3f0d003,d61aa438586a325f237eb96134c4fd97,delivered,2018-04-30 13:13:25,2018-04-30 13:34:31,2018-05-03 09:26:00,2018-05-10 20:47:32,2018-05-28,fb727de0734b8b2255abe9b9429fc113,2018-04-30
2c8d9784e391f6ad2c09094366d48226,15397786b3c38d34b68114c1d4c012b4,delivered,2018-05-22 21:43:20,2018-05-23 21:55:40,2018-05-24 09:14:00,2018-06-08 18:29:49,2018-06-06,bc293abd15afb0b15c6376aa076a214c,2018-05-22
1a11672a79fb683c30fea0100e3a1c88,3ee5d5fbd5e3ce2a802137a52f7546aa,delivered,2017-05-04 08:41:54,2017-05-04 08:55:08,2017-05-04 14:44:02,2017-05-08 10:32:20,2017-05-26,96a64f3c631402ecb1ed3167c7c212ce,2017-05-04
a2fa22a393056c36e59fc9059b443433,38696b58a710bde65f89042dcb1b4f04,delivered,2018-06-08 16:31:34,2018-06-08 19:31:06,2018-06-14 15:02:00,2018-06-25 11:08:40,2018-07-12,36516dbba3d9fcd78cef45a3b9b0c881,2018-06-08
56a4b8bc220c0a92f54ecb2e2ba0029e,9e0343bea00991ed1a866327ae1998ea,delivered,2018-01-09 23:11:54,2018-01-11 02:35:50,2018-01-11 19:39:15,2018-01-31 19:13:15,2018-02-23,1f73fd0bd472605d9223321dd48ccba2,2018-01-09
06c0d448cbbe294852cab1310c63ab3b,d854153b7476df74f10bda5c56d37413,delivered,2018-04-22 20:19:12,2018-04-24 18:48:32,2018-04-23 23:04:46,2018-04-25 19:52:40,2018-05-14,44dbd08cc06662e0ca8ac504aac75f18,2018-04-22
248c51607bd50b4a44aae4427a56a9de,a867a4943d0b4674046cdff5009c462a,delivered,2018-07-28 19:55:38,2018-07-28 20:10:11,2018-07-30 14:04:00,2018-08-06 17:36:39,2018-08-24,d29e2d7ba00b7bc3ff93446768bb692b,2018-07-28
34280c3bc1c50403f0f1d4b272565256,5404fb64ba67daea8fbe839265bbca6e,delivered,2018-07-04 20:57:27,2018-07-05 16:23:07,2018-07-05 14:45:00,2018-07-11 14:54:45,2018-07-27,2643858438fea5b8d93a717648816662,2018-07-04
cccb62677b6ed93ec68f4428a0ad81ee,e35998e9688518ac4b2098a9c159e8b4,delivered,2018-06-27 09:21:40,2018-06-27 11:06:12,2018-06-29 14:51:00,2018-07-02 18:48:48,2018-07-16,dabe38e4ae9a8a8c473a04248ffc047c,2018-06-27
182249661a8adda147e800e137d02999,a0f09497e2119a5fa038fd6e03d78381,delivered,2018-03-05 18:12:28,2018-03-06 03:49:36,2018-03-07 17:52:00,2018-03-14 20:38:26,2018-03-22,f046f84a8c287e6a00eefdc1982ee360,2018-03-05
22dc3b0b3af4edea06fb011a04ee20b5,3b6fedb8d82234fc49841755445308c9,delivered,2018-05-01 21:11:39,2018-05-01 21:35:44,2018-05-02 13:37:00,2018-05-09 20:29:32,2018-05-29,a45831b9d55eacc7d23691276f01cd47,2018-05-01
3b87501b004a28e5fae58597d0e021f5,e74ec7a00638b04285810ab01eaaaa53,delivered,2018-07-11 13:36:57,2018-07-11 14:06:16,2018-07-13 19:44:00,2018-07-14 17:32:21,2018-07-23,38849f9ea768be98e705c65e8beadfdf,2018-07-11
6e8e751584b3e3141e3e3c39f71408c2,85442da9cbd169529443a1d088a56346,delivered,2018-06-27 11:23:15,2018-06-27 11:35:17,2018-06-28 14:54:00,2018-07-11 23:34:40,2018-07-24,397017a63f9c38e08a205d660a5d3019,2018-06-27
dfd5653b035d78ae9984f014e5903709,7a016e0365d83ace51004c940f13aff3,delivered,2017-04-10 01:23:48,2017-04-10 01:35:19,2017-04-10 10:20:05,2017-04-13 12:54:11,2017-05-12,b8d87455f7eca8954cb5963ed9f9f9a5,2017-04-10
ef0bfeea98c53b5b6fc4d39a7eeae081,d1ca2f71f763751aed6278bc5916151d,delivered,2018-03-21 20:09:14,2018-03-21 20:28:35,2018-03-23 01:13:06,2018-03-26 18:48:36,2018-04-03,56e484b0c50cc7e21b082b9d4ebe4ef7,2018-03-21
769246167cd690b84b951cbef38d3d7c,e6813a060241b53a0f13bcc2c0545685,delivered,2017-03-06 23:12:35,2017-03-06 23:25:17,2017-03-17 11:55:16,2017-03-24 19:07:58,2017-04-13,20f74230324152a778c8ee13154a0a48,2017-03-06
814948d5529f58dfc7bf33ac7f6adba4,c1920381ca76e6233bb28335454d6799,delivered,2018-02-12 21:43:34,2018-02-19 08:55:34,2018-02-22 00:03:54,2018-02-27 16:35:36,2018-03-09,4bb5fa4a3b46a7b411f825147b5e24ba,2018-02-12
968ce3e13bbc09dc91d26a2f0208d99d,4889663f71ee9ec7d63cc79b7fe776f6,shipped,2018-03-04 14:24:23,2018-03-04 14:35:33,2018-03-07 02:07:10,,2018-03-22,502dd71e8dc2045dea82ba9c43536ea9,2018-03-04
6ee1cea1b2edcc713f83ebfbccbc57f9,bdf997bae7ca819b0415f5174d6b4302,delivered,2018-07-29 20:39:20,2018-07-29 20:55:21,2018-07-31 12:39:00,2018-08-03 16:48:40,2018-08-09,866755e25db620f8d7e81b351a15bb2f,2018-07-29
5798f00aab0a4ab662bf6fcb12632d79,7da45c2431d6a2443fcf10146adb3323,delivered,2018-07-24 14:50:17,2018-07-24 15:04:33,2018-07-25 15:09:00,2018-07-30 17:33:27,2018-08-16,203fc79ae0c4c4f2371368da39799b98,2018-07-24
97117f0564b324e2fde477ebb108bc11,f9030d8a14f66c686bbede3e008f3e11,delivered,2018-01-08 23:16:26,2018-01-10 10:32:45,2018-01-15 20:33:22,2018-01-25 01:15:03,2018-02-02,9211811051790ac1fb9ece493f4deb3b,2018-01-08
1465a7b4d155c2736d2e73c53d7f0441,6faf168195ded35ec08a4de7b72d0953,delivered,2017-11-22 20:02:58,2017-11-23 02:48:10,2017-11-23 19:52:10,2017-11-25 13:58:46,2017-12-04,b90f8350a21ce2d3e3b179194223d4e2,2017-11-22
2cfd5a10761ea2f9ebe13e7204c54c37,67d578918d024742ac444aac83cc6978,delivered,2018-01-22 20:47:30,2018-01-23 17:28:27,2018-01-25 16:58:58,2018-01-31 22:48:53,2018-02-19,50107dedc56d944db76839fedb4e02a3,2018-01-22
0eb4cf49eff3cd15badb759ac543cd2a,fe0780350ac065fbe8559b48a8d5ebf7,delivered,2018-07-29 19:05:27,2018-07-29 19:15:13,2018-07-30 08:45:00,2018-08-02 18:34:45,2018-08-08,8186ed38694d686eb53929fccc1ef68a,2018-07-29
1dfdbd592873be9e467a641589b7595e,b1e427ff221ac2de74bf451c5e3d7206,delivered,2018-03-01 19:12:54,2018-03-03 02:51:26,2018-03-06 01:08:53,2018-03-15 22:04:32,2018-03-21,eb3618a8dc128e314712dd3c251b9ad9,2018-03-01
7c20350eeb926e1c63abe7eddeb439ba,6f0ab5342faa11fb372c28c756d4fd9c,delivered,2018-08-21 23:01:28,2018-08-21 23:10:15,2018-08-22 13:01:00,2018-08-27 19:58:28,2018-08-29,934660a0b1796ee464265323e071ecea,2018-08-21
0d23171e8f59317b049b93ff11bf3cb7,77bcb93bc3e478b31dbaec0f96d3c3b6,delivered,2018-07-20 12:35:02,2018-07-24 11:32:36,2018-07-24 13:21:00,2018-07-30 22:18:31,2018-08-06,cf54ac73c6be232b3be8e1aaf65db50c,2018-07-20
c4f4e4d627be7a7e0ca6af0fe3dd08af,63bd88b83df0481864b79579cd2d7f6b,delivered,2017-11-30 09:20:13,2017-11-30 09:50:36,2017-11-30 18:39:12,2017-12-11 19:07:04,2018-01-02,af53f59538b3c60899f492ca03b8c85d,2017-11-30
75a3f30121c49c5ad0085de582ba2451,7d14393ae77ef2bae04901d86cbab86d,delivered,2017-06-06 00:49:51,2017-06-06 01:05:45,2017-06-06 10:34:32,2017-06-08 14:57:37,2017-06-20,5819ea210e979b86b3cd16e2f02fbfa4,2017-06-06
48b30a476f1500e10dcf059b5adf750d,e3efb89ac66e607b7f17cce348abba8b,delivered,2017-06-23 15:05:19,2017-06-23 15:24:24,2017-06-27 08:18:35,2017-07-05 14:05:57,2017-07-19,cd7f83d9aac4d5d0a2998d237a0adaa3,2017-06-23
1b81f91da4e3e80f225b9295696ca22d,beaa1d62438dc5303332577903629d07,delivered,2018-03-07 23:40:22,2018-03-09 02:35:29,2018-03-19 18:41:52,2018-03-20 19:38:28,2018-03-19,59932e53c4dcbc2d93b956dbdad7dffb,2018-03-07
a4092b79e25e9a156276bacf4868112f,27d7695af1d20ffceebf9c0ecd4dd53f,delivered,2017-08-09 17:05:40,2017-08-09 17:15:25,2017-08-10 18:02:59,2017-08-21 19:04:43,2017-09-05,b914839889b02c1b7154a4f0434492e0,2017-08-09
d1ccec3180d63d8bfd37f65d34f07da5,6130b51fcec3b20306df2145393397a2,delivered,2017-02-03 16:30:51,2017-02-03 16:45:11,2017-02-07 11:51:28,2017-02-20 13:32:30,2017-03-08,2fdc18a80ec13de305a40c8f59b1d791,2017-02-03
6d77e82393612bee76e53595fd945726,54f474afbcc4d8d64551748e84bab206,delivered,2017-10-16 23:19:13,2017-10-16 23:35:39,2017-10-17 14:49:32,2017-10-18 20:48:04,2017-10-26,cb1b90ee9eb5be76597df19651c6b82d,2017-10-16
69219bd2a51085b84942501a7db3aecd,5692503672b8c0d9c5dd074d5d62796e,delivered,2018-08-02 20:09:31,2018-08-04 04:15:59,2018-08-06 13:31:00,2018-08-11 17:18:31,2018-09-14,8a52cb8ec2428ca203ea65c6aee5f3ce,2018-08-02
4b2dd087c84d86e1b2ed309171ee0f96,c9b928a77a8b9f620c9540746d6eeefc,delivered,2018-03-02 19:17:32,2018-03-02 19:30:25,2018-03-07 19:34:23,2018-03-23 18:26:53,2018-04-02,178e565cc7c6289b341891c7dcaa17c2,2018-03-02
eac1fde2c419db91e5e85525ff33fbc9,57e8f62601a7a9f9b62e1ae00b9dcfee,delivered,2017-08-01 22:04:23,2017-08-01 22:35:14,2017-08-10 17:18:11,2017-08-25 16:26:43,2017-09-04,9c7bb801e639b91eb75206550acc92a4,2017-08-01
ddbdd2d1389314951bcd19560cac6ceb,8a11dfeac0d3ef8f1e6667d99da7189b,delivered,2017-08-05 14:08:13,2017-08-07 15:25:16,2017-08-08 15:22:36,2017-08-16 18:42:30,2017-08-29,485761a38bba1d0855f381aa21b0123e,2017-08-05
86cb9332fe84110d1025f91049fdfede,ad3e37dfe45b8580f9e0da8bda428089,delivered,2017-05-18 23:23:07,2017-05-18 23:35:12,2017-05-19 14:49:03,2017-05-30 09:12:24,2017-06-20,8d73d96e76b566f7085117aad7efc399,2017-05-18
d8db06da4e2a4c2b6eeafaaeaebc21fb,834441d51e01d38a6035554cb25ed9f7,delivered,2017-11-08 13:15:18,2017-11-08 13:30:47,2017-11-09 15:16:55,2017-11-22 18:51:24,2017-11-29,a1cf0b1b6d8bdb6170db08446546b6f5,2017-11-08
acf3b6db7983342f3be14093471c84f5,578b6038884e899b536adcf02180f083,delivered,2017-10-13 22:30:47,2017-10-17 03:45:58,2017-10-18 21:58:47,2017-10-20 11:43:41,2017-10-25,769151568e474636f23211792b0e32c1,2017-10-13
b64ac23ab101c7a751f630414df68790,0e842b1aae47b4579c8495a93fe0aae6,delivered,2017-02-02 08:47:57,2017-02-02 17:15:15,2017-02-03 09:01:20,2017-02-10 14:52:22,2017-03-01,900c14f2de7599fc91930765dca9b9d8,2017-02-02
71c04eba03595f13adc87878455ffa92,e0064e1417dc16cadb558d1c5c0db377,delivered,2018-03-08 23:18:44,2018-03-09 00:32:23,2018-03-19 23:34:30,2018-03-27 16:58:31,2018-03-27,27d59fe7ff2ed894f826fd4a7e5466ea,2018-03-08
dc65a9b6855f6b8e44c417736cfb340d,d94ceba93d16afa686f9b1c085061a08,delivered,2018-07-14 19:19:05,2018-07-14 19:30:16,2018-07-16 13:37:00,2018-07-24 12:13:33,2018-07-30,9d08be11c3fae3864fa0af85106daff7,2018-07-14
64dca5c8f3f8a2c183455337d46ce896,316c698bdf2ad2046b2a3b5fcf9a4fcf,delivered,2018-03-21 14:58:45,2018-03-21 15:15:33,2018-03-27 23:18:39,2018-04-11 11:38:47,2018-04-12,8ce850b1551ba024f4b3a8f1324d82ce,2018-03-21
9ecc5c5e57de488331667fb8c3d5f689,6adf93122eaabf5504841bbaaa04b99c,delivered,2018-06-18 19:09:58,2018-06-19 03:57:38,2018-06-19 16:32:00,2018-06-22 15:36:27,2018-07-13,80c28fbae01e78ee812bd4748cdf3fd7,2018-06-18
fada50d2d61b65968d13d80940852475,7e05dc51bd5538d2f207b909ee47341b,delivered,2018-07-31 16:19:27,2018-07-31 17:31:12,2018-08-01 12:20:00,2018-08-06 21:03:58,2018-08-22,13954441e590cdad994d3e0564820f8a,2018-07-31
4263982d4e708f50640e858a5cce3baa,5277d855d8cb2479fe5bb9d101ae8ec0,delivered,2017-12-26 14:31:08,2017-12-26 14:49:13,2017-12-26 22:16:02,2018-01-03 17:47:58,2018-01-26,67c0ef67bc2e2ef46417ef50a8232eab,2017-12-26
9f35328dc92b28c67517b812818dc6a8,0590c3c795016c3e5eea083a2e1f21b7,shipped,2018-01-28 18:08:56,2018-01-29 18:12:16,2018-01-30 18:08:45,,2018-03-02,42ef0078e2b63542c1b07aab85ab8f63,2018-01-28
f12cefe9433959386542247656221808,5d6d4a900e250bbef1deb1167433fbfc,delivered,2017-03-30 17:31:18,2017-03-30 17:42:41,2017-04-10 13:50:40,2017-05-05 00:13:07,2017-05-12,76a642a5f1a0134a2bbbb05089a64c41,2017-03-30
c7e6c5f6d269f68287d1d2471d70bf9f,f6dfe79686df0085bcb676cffd06b3e4,delivered,2017-09-14 19:50:33,2017-09-14 20:06:09,2017-09-15 12:33:44,2017-09-22 20:49:39,2017-10-03,b9963dcf49ab9c1b629ef7240bdbe9b2,2017-09-14
7900eb5f4c656f8e2b69ff8751a09e8a,c1a4c8eba56bf95b78267d837d0d3568,delivered,2018-03-27 11:08:41,2018-03-27 11:27:48,2018-03-28 17:58:50,2018-04-10 23:56:44,2018-04-24,47b44949f1dc684274f579fc954afa26,2018-03-27
f80896ddec0878ff2475719a8784d53c,502e8addaeba926b9c154da9f3bbbecf,delivered,2018-08-16 15:02:31,2018-08-17 15:09:48,2018-08-20 13:22:00,2018-08-28 22:08:29,2018-09-24,38e482d7770a43f5929378c4dec76d5e,2018-08-16
a22df5d3fb8b3ec7e7adea94b1a4b967,f4667e52764fe8c934d545bd591d6946,delivered,2017-08-30 15:05:47,2017-08-30 15:15:25,2017-09-04 21:35:35,2017-09-14 11:44:40,2017-09-28,4f40e85081dccd9137138b76a3ca3367,2017-08-30
3025217f257165e00d2312dfe35a9b60,6baa5d0b60503b34549d866964173e16,delivered,2018-04-20 12:55:23,2018-04-25 04:11:11,2018-04-25 15:03:00,2018-05-02 13:48:50,2018-05-30,4369d9c3185bde2377048b61f06896ee,2018-04-20
a4bcb4d049dc5b179e9ba02e64e38319,f9f48b7a817c0e55838139e7f03bb8f3,delivered,2018-05-07 17:25:59,2018-05-07 18:10:36,2018-05-08 15:41:00,2018-06-07 19:52:43,2018-06-11,5d15c22ab8b1efd3c7ec3253f3531299,2018-05-07
004d76fef3dd46eb4f70da049c8d1f93,e600c255f682a86dfd0c57d3b1d7417b,delivered,2017-12-20 06:42:39,2017-12-20 11:10:33,2017-12-21 21:26:54,2017-12-26 20:52:29,2018-01-15,b96d7210632c1e88eafbf34998081f43,2017-12-20
873b89c80c9a05f055f4670e055293ce,0205014bc84053ecae74d11d89f35f3c,delivered,2017-11-09 14:52:02,2017-11-09 15:07:10,2017-11-10 16:07:51,2017-11-21 14:59:05,2017-12-01,15c55096f55b5bfe2ac3a08ab95b807d,2017-11-09
4c365e193d687efcaf025374ce057497,9d7be57ddc14f4872c4482d2eb258940,delivered,2018-05-09 08:47:44,2018-05-09 09:10:54,2018-05-09 12:29:00,2018-05-10 20:48:41,2018-05-21,099ad6bd21d4bbb978fc59825a35faee,2018-05-09
4da9b175d4de58460535384da0f32f05,fdf5d4db9c10832e078f97fc5133074d,delivered,2018-04-29 21:53:18,2018-05-01 03:32:25,2018-05-02 15:20:00,2018-05-04 16:48:36,2018-05-14,ebda3e5a496b98c4592a5f42f3c252ae,2018-04-29
6ed584543833dc37e292f333c63778f9,35f3104359010b4b976c2715ebbe8253,delivered,2017-03-20 21:53:34,2017-03-20 21:53:34,2017-03-21 11:29:44,2017-04-06 06:18:00,2017-04-10,b865973e0c2b5ca250e023c65d09540f,2017-03-20
75ddd6487d905b598d5dd7ce18351b02,b508681ed2399a6483ee9e5117baa082,delivered,2018-01-14 11:11:24,2018-01-16 03:36:32,2018-01-19 00:01:47,2018-01-26 15:23:07,2018-02-05,b896655e2083a1d76b7b85df8fc86e40,2018-01-14
ac3bbb3fc408398a21fd798ff938c129,13be671c358636700d14125a912ffb99,delivered,2018-05-14 12:49:22,2018-05-14 13:16:54,2018-05-16 13:24:00,2018-06-20 22:48:30,2018-06-01,ab6ece4e51f2edf19eda26c22de75fcc,2018-05-14
3fe73ed9f9247ec5ecf012be58e14579,f1996a8bca0cd0c205f131c476943130,delivered,2018-07-04 07:34:04,2018-07-05 16:24:37,2018-07-12 13:50:00,2018-07-24 00:03:31,2018-08-01,bab658eee244ad35b14b1c67801aee03,2018-07-04
e21afd8936862499caccb6bc8dc749b7,8c5db6ab949fe1969b5c5adb8bcc75e6,delivered,2018-05-12 13:55:25,2018-05-12 14:12:12,2018-05-15 15:02:00,2018-05-16 13:28:33,2018-05-24,86c8ebf0f68ffdcb8f01ff23de42d769,2018-05-12
4c5b8b3b4df35733589fd795aa7e0d17,c26f75082b6f48de002fb3d255cc4683,delivered,2018-01-08 07:55:37,2018-01-08 08:07:30,2018-01-10 22:19:19,2018-01-25 20:04:30,2018-02-07,2ff2f2031e662eda7fd97e038327fdc9,2018-01-08
54e9851195e7b44a91adc2564e4d082c,bda3c56dbd200fd227650ef3d73978fd,shipped,2017-02-22 12:12:53,2017-02-22 13:05:16,2017-02-24 14:52:35,,2017-03-29,59f816b5af16af2b833bb38decf57418,2017-02-22
4863e15fa53273cc7219c58f5ffda4fb,d585ba9998251ba8cc0ee6ed21683b0d,delivered,2018-01-23 01:12:12,2018-01-23 01:19:25,2018-01-23 20:45:06,2018-03-05 16:23:02,2018-02-26,94ab38525c16d9d5ce977b3fe3405ab8,2018-01-23
505bf01f1db6a65a3696e66ed7d44500,508510144b3fa2c6615639d97f86db55,delivered,2018-02-04 14:43:48,2018-02-06 05:31:47,2018-02-07 19:33:39,2018-03-05 10:39:04,2018-03-12,08e6c94ebd8cbc76a1fb7db44656c851,2018-02-04
e4edd7f42d1e4c150c41533aee5e7a36,308d4cf02943e88824df8b602f610931,delivered,2017-04-05 21:17:47,2017-04-05 21:30:15,2017-04-10 16:22:28,2017-04-17 11:06:16,2017-04-26,d142e340bf31aecb083980a55851ba61,2017-04-05
072577283d9ec2718f05c37d141d65de,93e5e053fee7863481445ab2f577c8d4,delivered,2017-09-22 09:01:26,2017-09-22 09:10:23,2017-09-25 21:52:52,2017-10-03 20:26:53,2017-10-09,2d89bbad23022327249553dc4fc8cb9f,2017-09-22
6bb9879bb3cae417e534baf8c84cf26e,c6ce0c0c6894adce607013e6f0543308,delivered,2017-11-25 09:21:32,2017-11-25 09:33:38,2017-11-29 23:31:53,2017-12-16 11:38:46,2017-12-19,20cd5b764031558858597379fa3c3345,2017-11-25
25663824cc56a3ac5c5674a1df0567da,8be2f2b274298b57c07e4b55a77ae11f,delivered,2017-11-24 19:33:56,2017-11-24 22:57:38,2017-11-29 23:16:58,2017-12-07 12:53:30,2018-01-03,fb6fc7f6be4755fb126441994310fedd,2017-11-24
a83caeb2e8820ea81aed1583aaecc19f,cecc877dcada3f1b054ea18465e1795f,delivered,2017-05-17 11:19:41,2017-05-18 14:10:16,2017-05-19 12:25:27,2017-05-26 15:42:11,2017-06-06,c8a27178e9c3c3505ea5e81ae7b7d6e3,2017-05-17
1339b6c9436a2ac70c404ab3b35deac7,288f149562c32b5c08d531af328609e3,delivered,2018-08-03 15:44:07,2018-08-03 15:55:28,2018-08-06 14:27:00,2018-08-09 19:58:22,2018-08-17,9baa0f8f2b85735664bc160a008a79c1,2018-08-03
97cbadeb1b5e215ee40649888763f85d,aa8fa07c45822fc5fd6bd35e0a65dbf8,delivered,2018-05-01 11:10:57,2018-05-01 11:36:17,2018-05-03 06:31:00,2018-05-16 19:05:21,2018-05-24,f293f3281ed5deb4042a891a5dabc3d7,2018-05-01
d6d993e7d10a1d9f783038e18d115a90,aa2ebf632218f1246a1189e1f1241178,delivered,2017-09-27 10:20:28,2017-09-28 09:56:19,2017-09-29 21:03:31,2017-10-05 16:55:09,2017-10-23,212f75c489da79ebe0b6defa076b8dcc,2017-09-27
201a1768a7050d53fdc64d42ff882422,c82b78fd9e825027edee984dfd281127,delivered,2017-10-16 12:05:22,2017-10-17 04:08:20,2017-10-18 20:12:35,2017-10-26 21:27:37,2017-11-01,6c56f9a5cd072368cbd9e1c2f82c8fe3,2017-10-16
bd2fef198085db0b586b9c71aa2d35da,fd78e5e3abdc375368456fe738694c00,delivered,2017-03-27 11:26:48,2017-03-29 02:15:16,2017-03-31 08:13:51,2017-04-07 14:28:38,2017-04-10,ea984b06b18cc6905bc2f9b0a3d1c986,2017-03-27
9941a0a6225e94809b6d9955bb16b594,7ea85f585581eb47056e7d88bc9dd900,delivered,2018-03-26 10:35:15,2018-03-26 10:47:54,2018-03-26 23:08:47,2018-03-27 17:12:59,2018-04-09,5dadc7040634b0eb0c314d31c2347386,2018-03-26
b88b8337c47b229661db8279774bf6d4,21d33cd24f2d3c53dac9f3ccca13d0b0,delivered,2017-12-08 09:12:15,2017-12-09 02:35:23,2017-12-12 21:59:17,2017-12-13 19:59:11,2017-12-27,2c80b5ab9184335ff3817eb47d72ea96,2017-12-08
f8cb4efdea8763488b96468162ab5e93,cd7cd63216b250f2ad1f56ddbf0ad588,delivered,2018-05-08 12:26:55,2018-05-08 12:56:48,2018-05-08 15:19:00,2018-05-14 23:56:58,2018-05-22,3b0671e86baa6a24c10be6cb33e65a69,2018-05-08
2395fd4999715780712fd089ccc57d50,ebb851f5d35f63b33ec866a0d598427d,delivered,2017-07-23 07:36:10,2017-07-23 07:45:07,2017-07-27 15:05:35,2017-08-01 18:36:38,2017-08-15,fc5cc822d92bd904e3faa83daba6fe5b,2017-07-23
bdd235f0cec5fc3c21249b12446542c7,a36a736c8e0286e11a01c4dc3f35dbc7,delivered,2017-05-09 23:22:43,2017-05-11 03:50:13,2017-05-11 14:44:44,2017-05-23 06:25:56,2017-05-31,8489eb4021645bb65c1331f4be2e61b5,2017-05-09
60af278f906288b007abe310c7dd3223,a7983813bf5a1e4e405d2e62ea2bcd4c,delivered,2018-08-19 08:57:45,2018-08-20 11:10:05,2018-08-20 13:14:00,2018-08-22 17:11:55,2018-09-04,f8c5ca03240cac0672f65c900f88196f,2018-08-19
a0eb4b1d3b5e4c29890291cc63a8eb20,3b396314ce0b8974b7061c0d11212416,delivered,2017-11-27 13:25:29,2017-11-28 03:31:16,2017-11-28 18:06:51,2017-12-21 14:37:11,2017-12-20,a5d5022b1084315b8de8125050a37eb2,2017-11-27
be73d4698f2f4939662dd7788cf3dad3,c4f67a171b27e7cb73bf6052ea780f32,delivered,2017-07-14 16:35:07,2017-07-14 16:45:18,2017-07-20 17:13:04,2017-07-27 19:55:50,2017-08-07,25104d84ead4dc8dc8d6192c77533cfd,2017-07-14
9735dec1ed2250c0791871ceed7a0161,12388b49e68e75381131ee52c3b990de,delivered,2018-01-24 22:54:12,2018-01-24 23:16:10,2018-01-29 18:07:11,2018-01-30 23:58:46,2018-02-08,abfe2e8ef4cf3bc2ad51b5f233634bcb,2018-01-24
4161798c09365bbbcacafab93fa8a790,a95a013cc034f54bc1b6481e412ff482,delivered,2017-02-14 16:58:11,2017-02-14 17:10:06,2017-02-16 15:22:29,2017-02-20 14:03:25,2017-03-15,8c4f031d74c40e430d12c7fbe018fe38,2017-02-14
1a9979add53335be401feeaca64ee040,530d8874530097fe08d07d999b63c780,delivered,2017-05-09 02:36:03,2017-05-09 03:42:09,2017-05-09 12:10:23,2017-05-17 12:57:45,2017-06-05,2095e235cb23d23f4e289492b7135a5b,2017-05-09
36aa7a4fce4353a2a7f6d2aa9448900f,3cff79bc3cc73ae212fbc01eb269acfe,delivered,2017-01-20 14:27:46,2017-01-21 03:06:44,2017-01-23 09:01:45,2017-02-03 10:38:55,2017-03-06,32845d7f61934b59a9c3cce3fad4ba9d,2017-01-20
df10d0bdfbbb6fb8e810bc327037518d,f4ce8a125e603505119b18e5a1d3bab1,delivered,2018-02-25 18:06:06,2018-02-25 18:15:30,2018-02-28 19:07:29,2018-03-29 20:12:56,2018-03-26,5a4ec9c8481463d69d8ff83eba1487d9,2018-02-25
1e9352dba893481b509cf78caedc1cc5,f80a4ebe5d3be56c0c304a5a1ee02918,delivered,2018-03-20 08:50:42,2018-03-20 09:08:36,2018-03-27 04:52:49,2018-04-23 16:46:35,2018-04-12,e31e9d57bbbff6fb23d4ed902fb03d07,2018-03-20
ae9c433acd3649acfb7c7bf169b307da,f315a90272ed1b6613938fbf58f0c329,delivered,2018-05-01 19:24:10,2018-05-01 19:35:26,2018-05-02 13:36:00,2018-05-25 15:06:51,2018-05-24,9023e8162d65f68b487a7286bf56cf47,2018-05-01
8d625aa81a50cd3c9f3676de0f72c111,525f45969d83e93945484be16947473e,delivered,2018-04-12 15:00:33,2018-04-13 13:14:36,2018-04-13 22:13:34,2018-04-30 21:40:35,2018-05-07,e46eea14d77076a25777be50d3de980f,2018-04-12
f31dd475a9e762d3b7b023b77d03a8e1,878bf7754a5b3f732a8b6c3d5621e2ff,delivered,2017-05-05 18:54:54,2017-05-05 19:10:06,2017-05-10 09:54:39,2017-05-16 09:32:35,2017-05-30,64450742fb384fc0207432c3f8083ae0,2017-05-05
74e85c9073bd0cf474433bd75c31aac2,30f64100324740467832c33c5c95a79a,delivered,2017-04-05 13:47:30,2017-04-05 13:55:12,2017-04-06 19:22:48,2017-04-10 15:57:47,2017-04-28,8324412cd61eb48648b6594720d6d5d7,2017-04-05
497bb8ade48b55b142982e508307a14d,ada7aa64fd4dd0de6d39f26908808090,delivered,2017-03-09 14:24:57,2017-03-09 14:24:57,2017-03-10 12:59:17,2017-03-14 14:22:56,2017-03-28,427716d021e6a411a5d0e80843a01fdf,2017-03-09
0549a140f31f96d7cafd46b91d604c06,c798702c7aeaca1e47c10e45742b5c02,delivered,2018-05-06 21:44:22,2018-05-07 10:11:18,2018-05-07 10:40:00,2018-05-14 17:12:01,2018-05-24,6b4f9db3932e60d8255df92acff8edd7,2018-05-06
f669d5e1f9c13992b70a6d8fdfaa3e15,144717d8af78109c81837d3935735d48,delivered,2018-05-04 16:48:24,2018-05-04 17:10:04,2018-05-09 14:59:00,2018-05-16 00:46:45,2018-05-25,28c40902bbe4870f16d52a48f64e668f,2018-05-04
464cb95a770d35deaad9a87fcabc9f5b,7aa5e48a919e52f158907a0816e454cc,delivered,2018-08-21 09:04:45,2018-08-21 09:15:23,2018-08-21 09:16:00,2018-08-23 23:27:37,2018-09-10,b9789a3e295d180e8547cab255c5f24c,2018-08-21
1433e41f5b7837f6518b2184d3f9af84,56e0d7f255712e35eca5efc820dadab1,delivered,2017-08-17 21:15:13,2017-08-17 22:05:19,2017-08-18 20:17:48,2017-08-28 18:57:54,2017-09-13,23605dce972b195b2955d4d2b99430f1,2017-08-17
a6d454a822e1617a913f0f3d0f20f601,eb230c5952e4dbd6482a61f3da20475d,delivered,2017-04-26 07:39:01,2017-04-27 13:10:43,2017-04-28 07:42:01,2017-05-08 14:05:51,2017-05-17,e064aa317474b746b695d84fb68e5ea3,2017-04-26
1de86d094f7dd41cca13d246d3b7fd07,0462ec49c7305de0305ec03923c990c1,delivered,2017-11-04 11:25:14,2017-11-04 11:35:32,2017-11-07 14:48:06,2017-11-13 23:06:45,2017-11-28,986c25a5e2ca08ed0a961e8475bfa26d,2017-11-04
cc9354480b3cbcd3978c54317929f536,e997d50cc8d98d1c7445f8e6e79c9852,delivered,2017-10-30 16:32:09,2017-10-30 17:31:33,2017-11-01 17:53:47,2017-11-06 17:02:25,2017-11-17,96650c11077cfc66314c146a582280aa,2017-10-30
c06778fe7190305b40c98b8cab8c2686,01eb5d87b91efdf894ea8fd03ca2a188,delivered,2017-03-31 12:11:02,2017-03-31 12:23:51,2017-03-31 12:53:36,2017-04-06 13:53:47,2017-04-25,faa7e7f203cbf27e147b9c293b51872e,2017-03-31
83ce097e3397deaca1b9af25b0e0b469,ed9a27a69eeedb2c7a9107fbd903ec0c,delivered,2018-05-19 23:44:09,2018-05-20 00:36:56,2018-05-21 12:02:00,2018-06-12 19:46:36,2018-06-06,abe4bd472d7df9bb5fe8bf3ea6e34e0f,2018-05-19
6687cfa8becfa1f96e707fea36a8f5e4,8db300ca65a7fb8ae313ddd24b460e24,delivered,2018-02-10 12:24:08,2018-02-10 12:35:46,2018-02-15 15:59:02,2018-02-22 11:26:52,2018-03-08,9adcc69e18f2aa2bb7e431975338d0b2,2018-02-10
5ab86968467c65a96b9a6437e9e83164,f778f02c91c3d2b58136d23ff663cc23,delivered,2018-05-17 20:48:34,2018-05-19 03:15:28,2018-05-24 13:27:00,2018-06-08 20:29:40,2018-06-06,4d4d00884f3401e960f4650cc74bbf0e,2018-05-17
e32a92918d2cdf233b619daa465cfb6d,efe125b54949364f392f99e7e9b93ac3,delivered,2018-05-24 00:53:52,2018-05-24 02:18:08,2018-05-24 16:15:00,2018-05-25 17:42:20,2018-06-11,eed8b3defc3647d353488c63623ae0dc,2018-05-24
1861e4e81b5e158dc1b6007cd95a61cd,7a446e358905474df5d0276236e4cf80,delivered,2018-05-07 07:36:50,2018-05-08 03:51:54,2018-05-08 14:17:00,2018-05-24 23:57:32,2018-06-04,2bace073165bdc6166c6932ea26bdf14,2018-05-07
3e72677344408fece35547ac4c8ebb94,bd4a8885eb34fde35641c041de257375,delivered,2018-08-28 01:57:12,2018-08-28 02:10:09,2018-08-28 14:39:00,2018-08-29 19:26:32,2018-09-03,faa906cd93e9c6017fc5e6f885f3a05c,2018-08-28
8a5dedf23891883d88a7f6e28b880c8f,60c06a57fc591a04007cc99b992309d6,delivered,2018-04-16 13:01:39,2018-04-16 13:55:38,2018-04-18 17:38:54,2018-05-11 21:23:40,2018-05-08,d4f07c44f2d2915be7838ea8c751bcbb,2018-04-16
86ec1d0936a3bf98ae768319835014be,c03fc422f2334cea87462b474f749cc9,delivered,2018-02-11 19:19:19,2018-02-11 19:30:30,2018-02-15 03:37:16,2018-03-10 14:48:34,2018-03-15,afef0f55134f15a3315e7b74115adc0b,2018-02-11
be5c91507e2c4ef294ee991d22b2d8e2,b8625aa8f28a89a33efe989f14d9fe29,delivered,2017-11-29 16:39:11,2017-11-29 18:12:34,2017-11-30 18:23:17,2017-12-02 20:27:00,2017-12-13,deb5d5ca342b4f3c98d0c990f2ff4809,2017-11-29
2c5871f32e23db4f41bf1c58df2f1bee,072495211b56605859c385bdbd35103a,delivered,2017-10-11 09:23:44,2017-10-11 09:38:19,2017-10-13 14:00:39,2017-10-23 20:33:13,2017-10-30,a7aa43bfb35e39fb77b26123d0effbbb,2017-10-11
ddb28e64f7c595f1023404edab2df6c7,9982795598ae2714885ecb26b4247fda,delivered,2017-11-15 18:17:28,2017-11-15 18:27:13,2017-11-22 20:04:18,2017-11-27 22:44:33,2017-12-08,087e70bb76bf40e7e19969a984a08bc8,2017-11-15
fe456fd2155744fb9a7180989d61c30d,c583f53deb44f18dd6def0714c11cb69,delivered,2018-06-22 08:03:22,2018-06-23 01:40:22,2018-06-27 10:23:00,2018-07-04 18:46:43,2018-07-23,8b66755d0ac584d14d45bc7dc6e792b7,2018-06-22
22aa38d79daf931ecd4c115fdb1f9c05,1f849b0c9d0b1d49cfaf183090f9f2c1,delivered,2017-08-27 11:29:23,2017-08-27 11:45:10,2017-08-30 19:57:58,2017-09-06 19:48:42,2017-09-27,c76ec4b6c3ef80913c4744442973a501,2017-08-27
ba41a24657e04c46f93a0c763f8a5646,05ef118f93c526baee95865084ed4ab1,invoiced,2017-05-12 13:55:58,2017-05-12 14:05:21,,,2017-05-30,02fd7a082b1184535bd4eefd87543519,2017-05-12
ade74a481419f780807e4b4149e1c49b,ff254b653da23dd3849befc8e10e56cf,delivered,2017-08-10 21:32:07,2017-08-10 21:45:16,2017-08-17 12:26:38,2017-08-29 20:51:48,2017-09-18,09748c5c5087b02d01eebc0c1bcd8692,2017-08-10
112e4bf33b48220e04bb8fac65cce36e,1a7998311dc094daaa4dcf05cc9955e7,delivered,2017-11-21 23:34:36,2017-11-21 23:50:19,2017-11-22 15:24:50,2017-12-08 20:35:33,2017-12-11,da5accd4f6307c42b93fbaf5ac0bd0a0,2017-11-21
c905cacaa6e015fbb73787c7c31fabaf,6af03066082921bc62c125b085440b76,delivered,2018-03-09 11:56:50,2018-03-10 13:27:52,2018-03-12 18:42:26,2018-03-23 18:15:53,2018-04-09,55686a9ed1bd3d5603eea2a0b801455b,2018-03-09
9ee00d9d44d9a242646b54a038c288cc,b53366ff048ac96275d312d7f18e5a3b,delivered,2018-02-22 22:59:05,2018-02-24 02:50:48,2018-02-27 23:48:53,2018-03-02 19:04:14,2018-03-08,4244a4a97cc233be4b48c2569f08f659,2018-02-22
9951333a5f09b5c054baa1f1c43887c8,d8ab5b41d7a5762f09f5327d552dda1c,delivered,2018-06-12 16:36:31,2018-06-14 02:39:30,2018-06-20 13:15:00,2018-06-21 15:38:56,2018-06-26,de0cba3ac0b8144674abc175388c47d8,2018-06-12
a10055536fe311de2b76c8b7040cac85,3ceb1d618224bd9b3bef7cb69a44442c,delivered,2018-07-18 23:14:18,2018-07-18 23:25:13,2018-07-20 11:41:00,2018-07-25 19:18:34,2018-08-03,f6edf8b72c39e8ecec4f6b675ff642f1,2018-07-18
f6c7eba2dda849d3fe744fd74907296c,3edf1142901dcc868ace8ad17460326e,delivered,2018-05-23 17:57:54,2018-05-23 18:17:10,2018-05-25 08:40:00,2018-06-05 14:08:55,2018-06-11,4e68e8b99664973fbc6b833838272bdc,2018-05-23
7bc63e447b9ad4b44da2f65bd74bf793,0b1b2bec0274b05ba3d6773573b286e6,delivered,2018-04-28 15:06:31,2018-05-01 06:12:49,2018-05-02 13:17:00,2018-05-14 12:56:02,2018-05-25,dd11aa654d333223157f530964a2d1cf,2018-04-28
1f9ed60661469689dae5955276ef81a5,46853a08808655a711805c973b549079,delivered,2018-08-02 18:56:22,2018-08-02 19:10:22,2018-08-07 11:15:00,2018-08-10 13:08:41,2018-08-20,1aed54e3b4f4be26ade03963054f43f5,2018-08-02
279cc62fe9c5a9e6a7ad5a7536560944,452029fda060d82aa31f0345259f5481,delivered,2018-08-19 23:00:16,2018-08-21 04:30:19,2018-08-21 15:12:00,2018-08-27 13:18:57,2018-09-04,aafb6bb077ec103f3b4a7d68c3053ccb,2018-08-19
6b313b07f096e0b9354fd4f097abaed6,9279b96ee5b2b0f686e5a28d8cc1739b,delivered,2017-08-02 17:27:45,2017-08-02 17:43:24,2017-08-08 12:32:57,2017-08-15 17:03:57,2017-08-28,b0f933c0a1bb29276744c40aaf438239,2017-08-02
93c6619a4bcc406da04323380c97d896,a56b4cea59c2dac239098f58dbf22a7b,shipped,2018-01-26 11:24:27,2018-01-26 11:39:36,2018-01-29 20:42:48,,2018-03-05,b6b69297ea2270aaccff2d2ada05090d,2018-01-26
29c69ae727d8bb736031fca3caa080a9,831fc42cbb28facf21ef22c90a53e85e,delivered,2018-06-25 17:30:36,2018-06-26 17:35:44,2018-06-27 10:32:00,2018-07-04 22:18:42,2018-07-23,cbb5395c2683946b2ff5cc2318470c4e,2018-06-25
8a170c32858870f69d7a3477fcca9a4b,3f6cd3d8326965c0d9cc53a851559a0e,delivered,2017-09-05 12:49:09,2017-09-08 09:30:18,2017-09-08 15:15:00,2017-09-20 20:09:40,2017-10-10,c86ac97751bb46bf642e75bf8455f199,2017-09-05
6bd24c02ac923942e7428dde3797ecd4,fe2218eead180310317b543edf415e2b,delivered,2018-04-25 09:23:37,2018-04-25 09:35:27,2018-04-25 12:00:00,2018-05-05 15:33:33,2018-05-18,9bd0abb1a4a88a6e398b99df0bbe9800,2018-04-25
5429402f55e24651d38a030602f4b50c,938e497ea26829c6f9a44f67137c8a3b,delivered,2018-02-02 20:04:43,2018-02-06 04:33:00,2018-02-06 15:55:54,2018-02-14 18:08:13,2018-02-26,6978de4fe2db515e3b13f3a81c020caa,2018-02-02
fb778dbecc94ac70dabbc1bf2d339e0a,1508b69411adce05d88efcb7cc673977,delivered,2017-11-24 16:17:29,2017-11-24 20:13:58,2017-11-25 15:56:51,2017-12-21 19:27:49,2017-12-22,6f5f535cc4a86eb0d1ca6a1def851039,2017-11-24
53555a45da468a1ae66bd1572a7002e6,7ab483b1f17bdd6c1f0707325eebb01a,delivered,2018-07-04 19:52:09,2018-07-05 16:11:35,2018-07-05 14:52:00,2018-07-11 18:08:38,2018-07-25,e2225be97db35040af855eaa4c154831,2018-07-04
0588a3721b3d0a1f0b549fb84fd9cf10,7ba8828b204ff74e292e6a82f84415de,delivered,2017-12-23 18:27:54,2017-12-23 19:31:02,2017-12-26 16:58:22,2017-12-29 15:58:25,2018-01-22,10f31bf1a6e4ca208d738fd5d453c9e6,2017-12-23
9cc24e01fbb1cfd8cbb426c88f52ab23,4b60092c1249e811f93fe1e171cd4c8c,delivered,2017-07-27 20:52:24,2017-07-27 21:05:17,2017-07-28 17:36:41,2017-08-01 18:21:55,2017-08-09,f9b8be9136277e668483102cbf933254,2017-07-27
1b8745ddd6a7e93533359bb9e6bc91f4,71225a0d901fde1ab429bb0c14978b41,delivered,2018-02-02 22:40:13,2018-02-02 23:50:13,2018-02-08 23:52:32,2018-02-19 14:52:17,2018-03-12,2e6576a0e0e4b19d7701ac6abdf2c616,2018-02-02
e02e028e7d2ce34852594cbb87cb7629,443fb38bef9cd479ea0f132d98d6713e,delivered,2018-07-01 21:45:30,2018-07-05 16:04:53,2018-07-05 14:41:00,2018-07-10 18:51:35,2018-07-18,30780bede4193169b6b8d97d4b09c0ed,2018-07-01
a214ab5dc32ac17a484d2e0f95f8c90b,e0b89d3345cbf9eaaa1bb96aef164b22,delivered,2018-08-01 12:28:56,2018-08-01 13:04:33,2018-08-03 12:51:00,2018-08-10 02:08:33,2018-08-10,df9a45df92e7a3d3b143bb47ffe05d7d,2018-08-01
8341d1e71471e5648920efec5acd822c,14140fd1c37b9be37a147bf90ecb6060,delivered,2018-02-14 15:25:48,2018-02-14 15:35:38,2018-02-16 02:12:30,2018-02-19 19:03:53,2018-03-01,eabbe78cbd33656ed0c0511e942aed92,2018-02-14
7ae7179411c2f0b4cb5d98d2254ca59b,d346fa426e80f9eabb3da46ee027a73d,delivered,2018-08-17 00:35:42,2018-08-21 04:50:18,2018-08-21 13:51:00,2018-08-28 18:02:00,2018-09-06,17df62ffb7d90de4df3d62f09ec7dd40,2018-08-17
3040863957c9336e7389512584639bb5,f6a9bfc46722d91dc2306b08a0b8e11a,delivered,2018-03-23 16:36:07,2018-03-23 16:50:56,2018-03-24 01:31:03,2018-04-05 20:32:38,2018-05-02,6ebb1ed7033f7f9f97270661d5660b6f,2018-03-23
8f5b71cb7b725a21f373cf39ddf4bfbb,3d6ac2c1525fec617090518a900b4cc4,delivered,2018-05-10 13:48:32,2018-05-10 14:16:09,2018-05-14 06:41:00,2018-06-06 22:58:32,2018-06-06,3ba10e143a6da2aadfcfe7b112cfa290,2018-05-10
e9a88f18e874c214619d73691f41ce5e,0a22b6d860477125f1aa8484c4887615,delivered,2018-06-23 15:19:01,2018-06-23 15:38:44,2018-06-26 08:42:00,2018-07-02 19:11:16,2018-07-23,a5506a2f70dbaafec3c5fd5de125edf9,2018-06-23
f201d0924f68c1eadbe0e527ae947481,2c0447ab1223f91bff38da0d34153e1d,delivered,2018-04-21 17:20:44,2018-04-24 17:59:23,2018-04-23 19:14:27,2018-04-24 19:36:32,2018-05-10,199e0c07498edac57c28ac45e7cff3ef,2018-04-21
7b53b1cf65f789e7dd9e71e8129c31a5,cbfbc8f298774e3466e80306f6cee1a2,delivered,2018-01-27 12:08:57,2018-01-27 12:18:20,2018-01-30 14:26:09,2018-02-27 19:13:21,2018-02-20,864251877dccf04f0f3e79042a212987,2018-01-27
8e21294be5e4cba1d069be0f7d4eaae1,2df78ad2d147f2706a92137a24ae452d,delivered,2017-12-14 16:59:20,2017-12-16 02:51:30,2017-12-20 20:47:18,2017-12-28 16:38:58,2018-01-09,3ebea3b6f43441f680403f99a2d0bc59,2017-12-14
ea596ac84581cc15c1d4d3fbf69acf04,9abf15a2f31830651027730d7be7c382,delivered,2017-05-31 21:21:27,2017-05-31 21:35:07,2017-06-02 14:49:07,2017-06-07 18:06:49,2017-06-21,72a44740e8f89f64bd29d50ac46ab7b0,2017-05-31
c69e7e591d11462c6a11215e52c4329b,1c1e1532dcfb2dba978d8f91fef9484f,delivered,2018-06-17 22:05:56,2018-06-17 22:32:30,2018-06-19 13:48:00,2018-06-22 17:32:30,2018-07-05,c4532df84cda6b061946988390c48f45,2018-06-17
d65342a5836898c61a3ca324c2226927,d84789ac57945e39f324f63e2059b36f,delivered,2017-10-16 10:05:47,2017-10-16 10:27:29,2017-10-16 19:35:27,2017-10-29 14:39:47,2017-11-08,8f6c69eafe6e7cb3f50fe7517366902f,2017-10-16
20558ca5369266042d7354ad272ce035,7a3eeb05f6f5d2ae7197941b5b2042fd,delivered,2018-03-01 22:05:24,2018-03-01 22:15:36,2018-03-06 02:04:09,2018-03-16 16:07:29,2018-03-20,bfcca6a17b7aa4b6be88c8938ba3b753,2018-03-01
c4e8de1b1ec983e061c3ff765be41405,c3b95e06aec930357964374b1a004941,delivered,2018-04-25 22:21:30,2018-04-25 22:35:12,2018-04-26 13:20:00,2018-04-30 20:12:40,2018-05-11,a30af9d68fbfcafb8451854c528587f5,2018-04-25
68490c57a7a7ef7602fec9765720fc48,eacf93d5618971d7871e78e53bc4d24d,delivered,2018-05-01 22:42:56,2018-05-01 22:55:34,2018-05-02 14:53:00,2018-05-16 21:28:47,2018-05-30,99bf2e03eb1ef8f29fd57ad10fd75e48,2018-05-01
4d9bdc2fb2669f62c3f9b40eb1a41c4b,d4b0aac5c815e51d81bfb5b93efa1fa7,delivered,2018-07-05 12:34:33,2018-07-05 16:10:02,2018-07-06 10:57:00,2018-08-21 15:49:44,2018-08-13,c9704b1473d627d133368dcdf6066c5e,2018-07-05
febdd8913edff4946861c4fb4e191828,91418895be4807d7cc617ba822fdc1ff,delivered,2018-07-16 22:48:07,2018-07-16 23:00:40,2018-07-17 14:23:00,2018-07-24 16:41:43,2018-08-08,1007c93b371ff917f2d887a3ce9f3ec7,2018-07-16
a04639b53f2cbd1f77b63ed44168566e,3d3e7494fc24a4f50a6bff232428f8fe,delivered,2017-04-16 22:01:47,2017-04-18 04:11:02,2017-04-19 15:05:45,2017-04-28 10:35:38,2017-05-25,9298fccf4e18c9a1cdf6c81de201198c,2017-04-16
db582aca3fc2d44e76fa63eb576032c5,1f65ffa28b17071b335111d630ac7837,delivered,2017-05-04 13:31:14,2017-05-04 13:42:29,2017-05-11 10:51:49,2017-05-12 09:42:00,2017-05-25,336bd71cd5332454e90feb840c7c24e9,2017-05-04
7ce709f07a1593a395e419ec63e8a766,bf0d532260f2716121748dff1564a117,delivered,2018-03-09 14:16:32,2018-03-09 15:20:31,2018-03-12 16:28:39,2018-03-26 17:13:00,2018-04-04,d580d4c926cb10f3b0cb66fca7f40e2f,2018-03-09
86730759997ebded9a8c14a211244a4f,5a68256bbda0c9039b25af6329d39a38,delivered,2017-03-20 11:44:58,2017-03-20 11:44:58,2017-03-21 10:37:02,2017-03-27 14:04:07,2017-04-10,c4c4b4e24af732bba26f430975a60cbe,2017-03-20
d19ac15d2d6a66a837bc8bff474218b2,65f9fcdfff4dad68c4d46b256227f406,delivered,2018-07-30 01:23:40,2018-07-30 18:31:09,2018-08-06 15:08:00,2018-08-17 22:03:16,2018-09-20,8deaaff82a1e3dec44a5e59ed5f67574,2018-07-30
4f037f852cf9b1a96760775d55221c33,099da9e0fc3ea53e74144c6f8427ae07,delivered,2017-09-11 22:29:32,2017-09-11 22:43:52,2017-09-12 19:11:31,2017-09-27 16:10:48,2017-09-28,a146081765b59c325434932f131e2a98,2017-09-11
2ca8cb6bbc44be38933576d3355ab023,ecc01a7db7e16645ce32042b7f83beb5,delivered,2017-12-30 14:32:09,2017-12-30 14:46:38,2018-01-02 16:05:02,2018-01-31 22:35:15,2018-02-01,1ba709ef2dd8e34610df884001f7b897,2017-12-30
236ec68da130bed142ae4b3f355fb871,49ba3ceaad54253d0474dc4843e932ce,delivered,2018-04-05 22:53:51,2018-04-06 11:10:36,2018-04-09 21:41:11,2018-04-19 14:46:49,2018-04-27,17ac83f077df4d199fb9bd689e27f3d6,2018-04-05
de0076b42a023f53b398ce9ab0d9009c,9c48b4a1e7be90b187665db74770750b,delivered,2017-12-04 11:15:54,2017-12-27 14:03:00,2017-12-29 15:18:30,2018-01-09 19:26:55,2018-01-05,ea685e36a9dfe8c52fdaf53f045aaec5,2017-12-04
0ab4790a52443a30df72f298b03077db,6cdcd721d17f36e52099be0d2a99e25b,delivered,2017-08-02 07:26:53,2017-08-02 07:35:18,2017-08-04 18:28:55,2017-08-07 16:07:45,2017-08-15,46ad2eaee2eff1f20b8632d4929177ea,2017-08-02
bfa7102f2f9eb8afc761f1eedb37c744,d738c27ec39bc3dc997ca02f61c2616b,delivered,2017-03-16 11:15:22,2017-03-16 11:15:22,2017-03-24 18:22:44,2017-04-03 13:54:46,2017-04-11,4a8c54de2f981958abee50ece6b93c71,2017-03-16
0347673d14e454a696bca6aebe61f23e,f1d2dccf40e047efb9b678cde4a123cc,delivered,2017-11-27 14:54:37,2017-11-27 15:18:03,2017-12-06 13:54:51,2017-12-22 12:27:00,2017-12-19,f714fd5260fc9d9f1b9628afe96e488a,2017-11-27
43ad25e09be659b55ed165e2dd94f360,46aa4fd9f28218dc3f9f057b90b01255,delivered,2017-04-26 12:18:53,2017-04-27 13:23:02,2017-04-28 17:47:18,2017-05-09 08:29:08,2017-05-29,7b662d846265cb0ed144db95fe0c74dc,2017-04-26
c04e014dcd8cd03c0965032a263f2a8e,7047310f94a69fcacee337a4a8e5ef66,delivered,2017-11-20 18:05:05,2017-11-20 18:13:24,2017-11-22 18:22:07,2017-12-01 16:22:50,2017-12-12,4b45239249224d76e48ba26384e96ec4,2017-11-20
965feb5d147d2e59d18eb3f9a1b4d5a2,4c66e063c2ed8691306b5828b5c66323,delivered,2017-06-22 15:26:44,2017-06-22 15:35:19,2017-06-26 11:39:30,2017-06-27 14:47:47,2017-07-06,21d8cd7ede40eeecc5aaf5c46ccae1a8,2017-06-22
e3f63d695cfe84fa1e2631900ff2b456,304c8c302baea45729b11b7b75a5de2a,delivered,2018-04-20 10:57:14,2018-04-20 11:12:36,2018-04-23 10:17:45,2018-05-08 12:49:50,2018-05-23,2b35e83d758a0ab03ac21e29c2a959f8,2018-04-20
03368cf33950e57f7da415d43f792e0d,8399f53660e61c830a30beaf52472f10,delivered,2018-06-26 09:15:20,2018-06-27 08:11:52,2018-06-27 11:46:00,2018-07-04 12:19:36,2018-07-31,84e18b88a4ed69a43b25a89d1b2178d0,2018-06-26
9a782f23eb6da2242a6a594ddaf8bbd9,78e98673c2c07e2fcec182b32d12a0c5,shipped,2018-07-16 14:15:43,2018-07-16 14:25:17,2018-07-17 13:01:00,,2018-08-06,71947a56d3bc72fdbd86d24dbe55eb1e,2018-07-16
02f8584bbcb3aeae87d8e697737fb5b1,dd19811f111cf44a0e3d97b617373301,delivered,2018-06-11 17:29:39,2018-06-11 17:59:58,2018-06-12 14:01:00,2018-06-13 21:50:49,2018-07-12,d8020dbc8d6b3281e15cbb54722a24f9,2018-06-11
22f82f4ddd82eaceedd37f1da79e4e91,57706311eaa9567de77ec5cd329eeb7f,delivered,2018-03-02 10:05:07,2018-03-03 02:51:03,2018-03-06 20:12:45,2018-03-20 23:04:41,2018-03-21,1dead54121acb2fa762af9c609ae0caf,2018-03-02
ade009c6183b28931a1ea0841dccaa94,57ab0b86739f534f806ac41de113296f,delivered,2018-07-23 08:26:54,2018-07-23 14:31:47,2018-07-26 13:39:00,2018-07-27 20:08:39,2018-08-02,c8a8ad6bd2023625940fd80137b53423,2018-07-23
b3f053abcd9dceb75b5e7bf7e0ac557c,bbe6e0278fc1136ce2de5a39efcc2a8d,delivered,2017-10-24 09:25:12,2017-10-26 03:08:50,2017-10-27 20:47:04,2017-11-13 22:06:45,2017-11-22,2eeef08279ddaa1c7888b75638c04d38,2017-10-24
07dee0f0916a444098de4beea749c5e5,f4b583877f26ed2e5eb4f1a1d9369695,delivered,2018-02-02 13:58:20,2018-02-05 11:30:03,2018-02-05 22:53:18,2018-02-19 23:04:25,2018-02-26,7a24fd342a3a7e2cd960a902a81a1c57,2018-02-02
c73f8cc3ea18990249df87fd4af96899,190ca40cfc70a35c96a6f3af9a9ec98b,shipped,2017-03-04 15:13:24,2017-03-07 04:10:35,2017-03-07 15:42:30,,2017-03-30,6b1b06409244dddfd3d7b89229bd3b3e,2017-03-04
6e869d1907ce294ac97ad48718569c68,1460cbfc1a51e99e846715bd9e430f11,delivered,2018-02-03 19:45:05,2018-02-06 04:33:11,2018-02-19 22:16:52,2018-04-02 19:14:40,2018-03-28,1f3fbd7ee39502db33ba855076af20b8,2018-02-03
69f645b07a409fb02369b4f665295d7f,2db50dfe7ae7fcd6f6c1be67f24704cd,delivered,2018-04-11 14:15:32,2018-04-11 14:32:20,2018-04-12 00:14:28,2018-04-13 16:44:30,2018-05-02,334d0235ca6f2f09dd55804a26efe952,2018-04-11
d29389c3c21bb08880e15429748e5ff4,9c77fb557d9f0893953dc65765db1ba7,delivered,2018-03-19 00:18:50,2018-03-19 00:30:36,2018-03-19 19:28:31,2018-03-29 14:59:39,2018-03-29,e35a835129a95e9bdd82d2274258ce45,2018-03-19
d10503eeef371049c26e11de7d6552dc,5429c758eacf141b7a8a16e40979c9f3,delivered,2018-07-11 16:05:35,2018-07-11 16:15:17,2018-07-12 13:58:00,2018-07-13 16:03:14,2018-07-20,cfa0256f86108d8c0cdfa164b042d862,2018-07-11
4cd0392f4d2e88d71f9b8a2283806f53,c09c310fa27c644ae4c7b02b09877028,delivered,2018-01-24 18:19:05,2018-01-25 02:38:11,2018-01-25 22:38:55,2018-01-29 22:53:06,2018-02-19,829b8c422d2a6639c33139cd6ad1c4c2,2018-01-24
8ca358a9578fb7919efe79785693d479,73137fc8b946c9096848aa6c67aa83e3,delivered,2017-05-10 15:51:43,2017-05-11 06:35:29,2017-05-11 09:44:50,2017-05-17 10:04:59,2017-05-30,f52ae243ff27b883801ddfe09bf0dd8a,2017-05-10
f9b9315ba69bd868c7a741f96f944dfb,677569aeadbd20c685728650b69130fb,delivered,2017-07-24 14:50:46,2017-07-24 15:03:30,2017-07-27 16:24:19,2017-08-15 13:04:48,2017-08-21,e58cf50a4d86571dd9db56eb1241751f,2017-07-24
f28f39649e3b855c1e269fde05f2629f,c900738d9a4481241c132177fdb51380,delivered,2017-07-26 09:20:33,2017-07-26 09:30:18,2017-07-28 16:09:32,2017-08-01 17:47:54,2017-08-10,bc624479a8f8e44679d596fb37084fff,2017-07-26
432c429c86371b479f48d4aed000409d,720091e847553538ebc1c9ee683f18bd,delivered,2017-09-19 09:49:05,2017-09-21 02:46:19,2017-09-21 18:23:15,2017-10-03 18:50:19,2017-10-17,b08fab27d47a1eb6deda07bfd965ad43,2017-09-19
5e8125228086e366702d4aab930260d9,fbdf17d388eb76b9429b4f7aef836f63,delivered,2017-11-25 15:37:54,2017-11-28 02:56:05,2017-12-01 22:09:08,2017-12-18 19:26:45,2017-12-20,a7c51352795b68e880d4ca685a631e83,2017-11-25
1a78873aa81c079a98bd58e77ea6a5aa,1df9961ffcedd6486e64a068c401d303,delivered,2017-12-07 17:48:49,2017-12-07 18:20:30,2017-12-08 23:04:10,2017-12-15 16:53:26,2018-01-02,87673d9b722113209d484ec89bccf559,2017-12-07
6ffb6234c4ed70abafb657b0111fa8c6,6e8dfafb3f724a86fee4a2ac82eb3b47,delivered,2017-06-23 01:18:26,2017-06-23 01:30:07,2017-06-26 13:03:49,2017-07-12 13:41:38,2017-07-18,32eebfacd3e3b5ea8b0bcb5d2ca4ec6f,2017-06-23
150d57489c190648d7496031f9d449d3,0d2ebe560b5e8a4dc417435cb090eccf,delivered,2017-08-02 17:45:38,2017-08-02 18:05:08,2017-08-03 19:34:24,2017-08-07 18:53:41,2017-08-24,eb38c074669eb58932a0b741d89d591d,2017-08-02
7f4543ed4571a4dba6f757f8d0669756,377b2cc53afa03ea26f0a70208ec4bf7,delivered,2018-06-26 21:16:55,2018-06-26 21:30:18,2018-06-27 10:55:00,2018-06-28 18:18:37,2018-07-11,399f873e67cd88941acef492f2e7b6a7,2018-06-26
e0eaf809859a6844fa893ae9c9af2ddc,7029a3107d8d456eec9c11bb8684c1b3,delivered,2017-10-11 19:33:33,2017-10-11 19:49:13,2017-10-16 09:49:56,2017-10-25 16:43:06,2017-11-03,80bba7ff944c475b0d217e1e5f1c0488,2017-10-11
1a5bab5fc9814b7cc524a323bd4e80b4,74741f26d461854aba87ef316dd54b9d,delivered,2018-06-17 16:11:42,2018-06-17 16:32:22,2018-06-19 10:55:00,2018-06-20 15:36:53,2018-07-05,dc16f70ee65e209df2447fffce7cbbf4,2018-06-17
fe51b7fac3bea42115fa1c3b8973cba7,6d5e1d35a851d675a22340b72a01a285,delivered,2017-12-12 21:34:07,2017-12-12 22:23:29,2017-12-15 16:16:36,2017-12-18 12:28:57,2018-01-15,1739a2922b63e6c1aeefc48664bc0be5,2017-12-12
e72511587872c5769d43aeda089b28ca,d5e32f4d48eefeadfbcb1b8e068369fe,delivered,2017-11-27 11:26:16,2017-11-29 11:37:15,2017-11-30 21:51:22,2017-12-14 21:21:33,2017-12-28,64208944003497c4736cf507b46268dd,2017-11-27
1a20ab8b4c6dc17ffd5ec843d425e039,61796c6f77ebcb1897edf4a87ad5fa2a,delivered,2018-01-26 08:17:40,2018-01-26 08:29:50,2018-01-31 22:43:02,2018-02-01 23:39:27,2018-02-09,9f634225ffdd9abe3cfe74e9008321a7,2018-01-26
885c76f54371ef662fb8e97b3338782a,4f37db872751039e79a1340249336e59,delivered,2018-03-07 17:51:30,2018-03-07 18:10:15,2018-03-08 19:02:15,2018-03-14 02:32:38,2018-03-23,2b3dd42b49465a24c4364bfc10a25bdf,2018-03-07
0f63808f83bf11bad13ddac9234dc419,1d8b2185936f79f4905ce9b17a40ff05,delivered,2018-06-13 12:42:06,2018-06-15 02:37:31,2018-06-27 07:59:00,2018-07-03 17:52:52,2018-07-20,5ea894688f3061a08b081ad80ea3167f,2018-06-13
68c266b203d2b5b9e4f724d2b0bf532f,56a399b7bf72b40c77f30f3d9f474611,delivered,2018-07-03 23:08:45,2018-07-05 16:27:08,2018-07-05 14:28:00,2018-07-09 20:36:45,2018-07-19,bbc899bfb3ae2ffb2d9e3a4eb99ccdec,2018-07-03
b36f1b439a234966d6d7dd52646bfd39,47202e05f5f0a38ce9f89ad7f7d5ccbe,delivered,2018-07-20 21:57:45,2018-07-20 22:10:16,2018-07-23 13:53:00,2018-08-03 16:48:48,2018-08-09,a2013ce272f9f3823e3eb71857c55f61,2018-07-20
2f669a3575b067a0f0b88d47f53709c2,f02997f50d14ca353efc7da32d363a8d,delivered,2018-04-29 20:45:10,2018-04-29 21:10:05,2018-05-02 12:26:00,2018-05-09 18:58:30,2018-06-05,d0f6a442ee95ea8674c2d8ba325f41c0,2018-04-29
447bd8e2281ef147772c942e18c2229c,516183bb499f5c0a1c467cad231e5cfc,delivered,2018-05-18 22:11:22,2018-05-21 17:56:38,2018-05-22 09:40:00,2018-05-23 15:25:07,2018-05-28,25398a3f6cea6ff9e64c4728fe0a8b24,2018-05-18
f9d90a312f7c442297e418dbf9564475,35b031db03bcb2b6e37e2ed393ab3720,delivered,2017-10-17 16:03:38,2017-10-18 03:14:41,2017-10-19 16:46:53,2017-11-09 15:27:35,2017-11-08,3e3048f4f31ca9a28f05279f3554c715,2017-10-17
dde3bf0e00ce7839990af294a0897426,4b631a6c9dc0f91a36bc3ece5df5ba11,delivered,2018-04-10 10:21:47,2018-04-11 08:50:52,2018-04-12 23:38:37,2018-04-24 18:58:41,2018-05-07,e5d71c2a04ee3a370295b3290a85b2fb,2018-04-10
95a1df36f1ae09c33e97d8e7ffd71273,99923b03e0bcc01975a71c7ae9a79942,delivered,2018-01-14 16:38:22,2018-01-14 16:48:34,2018-01-31 16:13:02,2018-02-10 02:29:53,2018-02-15,3d75cbf8643a1c15723adb850fb5f928,2018-01-14
91582e33b7943eb270559a4e9acbd44d,925533ec4e032b991c9c2d817c378711,delivered,2018-01-19 11:44:32,2018-01-19 11:54:32,2018-01-23 14:36:36,2018-01-25 17:36:43,2018-02-09,e38899093626d900aedfa09795aba7a2,2018-01-19
d8cdb1ec6e73dc6a9fcf2b7700afaf3c,fcb2ef0d55a8f60738b15012aab22da7,delivered,2018-03-18 19:56:52,2018-03-18 20:10:31,2018-03-20 15:54:56,2018-04-05 23:36:33,2018-04-06,9b9f4f4f7f821de059a96aa761b1b642,2018-03-18
342cf69b4246df3d10f217d51f73d01d,77961ccd1178bd74513c38a56252dd38,delivered,2017-10-03 22:01:54,2017-10-03 22:14:22,2017-10-04 21:16:18,2017-10-16 19:22:14,2017-11-01,6ccba80685f7004d1448a62b7d405771,2017-10-03
0654ec8b2a748a63a67ea1e763857357,0ddec1e0f5e5fcc429b215af8b967b33,delivered,2017-10-26 06:25:01,2017-10-26 06:35:20,2017-10-26 19:18:13,2017-10-30 17:55:50,2017-11-08,367f42733f0ea6320603ae4c8cdcb403,2017-10-26
bd926618e549292e1aedabc96e833117,4510e3aefcc54f455571f665f6d0034e,delivered,2017-08-20 20:40:46,2017-08-20 20:55:24,2017-08-24 21:23:58,2017-09-07 13:12:21,2017-09-22,b1f252c8d8114e1fa25e602e7a333f70,2017-08-20
350600c11f111d462b138f8e6d1a36e7,0fb5021bb0f0d46a5a11c1a668931be1,delivered,2017-09-10 16:39:48,2017-09-12 04:15:37,2017-09-15 19:03:41,2017-09-30 12:47:14,2017-09-27,b8b693fedb201e6631c8332f37f717a2,2017-09-10
3e30da31e3bf405f3a0b771a7d935322,6c6151509750f656712f230f8ea8c3a0,delivered,2018-01-18 19:33:23,2018-01-26 17:03:37,2018-01-29 15:09:45,2018-02-08 20:32:49,2018-02-22,5fc7e4fb64cdafd77b732ffe2e9dbf32,2018-01-18
c8dc9486538955f490d0a13d54f76fe0,d7b03ef4577510e4de7c52b45b689d81,delivered,2017-10-06 19:38:37,2017-10-06 20:49:28,2017-10-20 14:28:45,2017-11-03 18:33:50,2017-11-10,309e1cb25be3876e77e5070fcd9cb063,2017-10-06
4abf80e2c1c93771ac91d806e4e51c91,f4130da97144e87675795944bb522ae3,delivered,2018-05-02 09:04:43,2018-05-03 04:12:56,2018-05-03 13:17:00,2018-05-04 16:55:47,2018-05-16,22932946006cc806936d512cf78e060f,2018-05-02
f69de9f3c79fe9e8689a3718ea110a12,cbeff49531b84619a15169ed10ccac20,delivered,2018-03-21 14:03:09,2018-03-21 15:50:40,2018-03-22 22:03:21,2018-03-27 20:47:38,2018-04-09,cddc66766972c6d5da2fdd80fcefe1f0,2018-03-21
2dc3a1303e348a49718ef4a190d14eb8,11a4c8abedc298e5fd500b5b2cd55d70,delivered,2017-09-13 18:48:47,2017-09-14 08:15:20,2017-09-20 18:14:07,2017-10-31 12:04:03,2017-10-11,65079cb62e694e21bab702487bc8a555,2017-09-13
2ce016258780a25ea0247d80ab0d7d08,bf02a543ec9f5b78a2674f789ad7d816,delivered,2017-11-25 12:04:21,2017-11-27 11:57:28,2017-12-15 15:33:30,2017-12-18 13:16:44,2017-12-12,a87d7d5aaafb27a570cbcfe49c28fbf8,2017-11-25
8a9c92e30e40b3396b2b697f38273972,8844d0cc6a328c1a0ccb6d49f34b2357,delivered,2017-07-12 20:13:21,2017-07-13 03:04:03,2017-07-17 16:02:44,2017-07-24 19:54:57,2017-08-07,9fd37ae49da81b881cb319cfb1177418,2017-07-12
b511f786475cb429361d4d269c1bbef9,1da2620e2c9b0badca933d988c22e79a,delivered,2018-08-12 21:58:25,2018-08-12 22:10:11,2018-08-14 11:24:00,2018-08-22 00:57:42,2018-09-04,1442b730bd87aacf37f8d9fae54eef4f,2018-08-12
942cb81b8e0a2f33510159729f69d8b1,ccaab0962b09a9070e3076588f0fd069,delivered,2017-01-24 11:24:20,2017-01-30 09:28:02,2017-01-30 10:53:17,2017-02-08 10:45:44,2017-03-15,b148eb59c3088eaa91342b43111fc174,2017-01-24
9079f0a7009de87ec70254bdf060369f,1c476e17222ee78216feb6a315ef6be1,delivered,2017-07-13 14:51:58,2017-07-13 15:04:12,2017-07-17 19:09:47,2017-07-27 19:38:37,2017-08-04,f53a55b30decb143136fe8ca8db0469e,2017-07-13
8b3ccc5332b429f163452dc90d206891,9a96f3c8f835ca51e5aed5672e0d034a,delivered,2018-04-13 18:15:53,2018-04-13 18:31:05,2018-04-16 23:25:51,2018-04-17 23:15:26,2018-05-02,7c2319db8cb7fb0ad63870ceffc112bc,2018-04-13
4eca6c2d172953276c75dd0e1bedce25,8f3419df1806ae4718c94209d5fed4ea,delivered,2016-10-06 16:13:30,2016-10-06 16:51:46,2016-10-10 16:51:46,2016-10-13 16:51:46,2016-11-28,3dbb0fae1525f2917412d3a890987f7e,2016-10-06
8c46cc97ee8884e95fc747ef323d6c08,8e60af7d7b0146279b12718678a0d3b0,delivered,2018-04-24 16:46:34,2018-04-24 19:08:49,2018-04-25 12:42:00,2018-05-03 21:34:52,2018-05-18,edf14c33015a95dffc0028214554cc41,2018-04-24
93be7858268330a9f500c3871956e0df,b922f84d5fd5611d5e3a0301e57c18c1,delivered,2017-12-22 11:41:44,2017-12-22 11:52:32,2017-12-22 20:54:47,2017-12-26 16:55:39,2018-01-12,d2ebbc4fa22469440fc6973474f2be17,2017-12-22
a9804876068f1dabd611c3c2d5d67577,f321c4161bb4e4f8c2af3c37e4f8fc95,delivered,2017-11-25 09:58:27,2017-11-25 10:14:53,2017-11-25 18:45:06,2017-11-28 19:23:07,2017-12-18,715b7028fb4d40eec751bacd89bd8715,2017-11-25
9c4d23ed96872c52ce913a212b38a54c,664277e10431798b63a9e7d48be4498c,delivered,2018-04-05 14:22:17,2018-04-05 14:35:28,2018-04-07 01:16:47,2018-05-05 12:11:41,2018-05-07,e2ad999bcddcb7b29d846d7b41e06d87,2018-04-05
2c67429ed3521f3a95fa98f4bad3919a,c380b1c3bb067cf2e17681a4d5079bb5,delivered,2017-07-06 16:04:49,2017-07-06 16:15:21,2017-07-10 19:13:51,2017-07-17 20:08:40,2017-07-28,774e17e35c08cd96cab3e18d63552a4d,2017-07-06
bace2325d40b46985f9e94e0aff26b2e,c6562e538a012b47a612a130c5d02215,delivered,2018-02-20 17:23:36,2018-02-20 17:35:28,2018-02-21 18:17:12,2018-02-27 17:10:00,2018-03-19,b1652f67a4c0bff58f08389b0b551b98,2018-02-20
81ed84aeb6c20f643158b0e0ec587bd2,b57984fac2939e5266c206bd72f786d3,delivered,2018-06-20 22:52:06,2018-06-21 01:38:41,2018-06-28 10:19:00,2018-07-03 21:08:47,2018-07-23,db03d5ed84c5caf8b59b01fa8d8e3b34,2018-06-20
f5b364f870f2417bb837200eac7677d6,76190209cd924a1054418c59c03c16c8,delivered,2017-04-12 12:53:23,2017-04-13 02:42:25,2017-04-13 15:48:01,2017-04-19 11:14:07,2017-05-04,2ab5229d22ea8cbabcbf53b0e36611e1,2017-04-12
b70b8b3007ddfc929dca4a5c3a183853,568c81833b6a399048abaa240f19927a,delivered,2018-03-22 14:19:08,2018-03-22 14:30:33,2018-03-24 00:48:29,2018-04-06 02:08:25,2018-04-16,a50a178109bbb6f23f240475d47a5c0f,2018-03-22
fd513fb508fefbe0ce7bfb8fd1bee4fc,11a8105af3ed32d4a92f696b33c7ca7a,delivered,2017-10-16 08:53:17,2017-10-16 09:07:24,2017-10-18 15:18:04,2017-10-23 21:59:05,2017-11-07,7412ba90ac5f1f56def82b35d5b9a9f1,2017-10-16
dbeb15c52e114604b6f96141f354fbc6,6384c5c7527d8e7ddfc4d59b59868c40,delivered,2017-09-17 09:42:42,2017-09-17 09:55:15,2017-09-25 18:02:42,2017-10-20 21:03:18,2017-10-13,9f0bce63382637ac584e0f8898ffab47,2017-09-17
c69100676baa7e0edfa0e2ce74d034b7,09e3d93a7fa1a9ee761515837305909c,delivered,2017-08-18 10:03:03,2017-08-18 10:15:12,2017-08-22 00:16:05,2017-09-04 20:07:34,2017-09-12,d57b4e10da28296cfa28892bdf51d8cf,2017-08-18
312182e0c020c06cbe244ddb6d4fe780,7d1d607f1a17cb187a4c3e557fd8575d,delivered,2018-05-14 11:58:02,2018-05-16 03:55:02,2018-05-16 15:56:00,2018-05-18 22:55:51,2018-05-22,5dfae2c8e479184adc19a12274a345ad,2018-05-14
d98ac39e656f2ec3c692bb141a43f2ee,f9e600782b270dbc008106255da508dc,delivered,2018-05-21 16:03:23,2018-05-21 17:17:17,2018-05-24 07:31:00,2018-05-28 19:21:57,2018-05-29,2bfe4d1c2efecab3c44f1133b716012b,2018-05-21
2cb3993eaa60e2113a6876e335310e01,1adf41d17328d220e50a354e6ca2be6a,delivered,2018-01-29 12:11:32,2018-01-30 12:14:20,2018-01-30 21:14:58,2018-02-20 23:17:16,2018-02-22,1a35c6b916670468e41eb9cd32c1958a,2018-01-29
fe7b0ea37e5952dd4b891cb81ccdfeb8,c526b224bf15d912e5dec4f77c71eea0,delivered,2018-04-17 16:36:54,2018-04-17 16:52:11,2018-04-18 19:34:34,2018-04-26 18:48:32,2018-05-10,f5d68ed23db7cbd4fdc7d4b892970633,2018-04-17
da606ec845c4d88420f977fc45aef3bc,232905d9f2c8a5a2df45a197483a029b,delivered,2017-07-07 19:14:34,2017-07-08 13:45:16,2017-07-10 19:52:07,2017-08-01 18:18:53,2017-08-07,659402d0ba623f1dc6db0e0342964ee9,2017-07-07
05bc33363c34f9c8172bd111029be2e1,af550b25195546a8ed88b2b89b1d0fa3,delivered,2017-08-06 18:21:31,2017-08-06 18:35:11,2017-08-07 15:12:28,2017-08-11 21:00:02,2017-09-05,910ef561b28c67973b74ce21e0d252ea,2017-08-06
8333db5c98fd7edd209091180ed9ca44,9bc1e773143f70089e9d0feaf0fbb5a9,delivered,2017-11-09 22:23:13,2017-11-09 22:35:34,2017-11-10 15:34:53,2017-11-14 19:54:31,2017-11-29,37905a9251b358fa39c5d1244f5283c6,2017-11-09
e16e5b4572640ddc3de053a9b0f6432b,5fe9534ea2fcc99fcd42e7d1d8ab9910,delivered,2018-03-05 15:34:40,2018-03-05 16:40:25,2018-03-09 15:38:36,2018-03-17 00:05:56,2018-04-02,7350eb1027dc074d9aa8c12d581de324,2018-03-05
1037296944bfbaf6fd76e82083f7d385,f127b7c59b5d316ec443541776df175b,delivered,2017-05-25 14:29:42,2017-05-25 14:42:38,2017-05-26 16:12:25,2017-06-07 17:41:07,2017-06-28,6655a87e53e4d64c199d6d52c29e4ffd,2017-05-25
295c561af8870661a833aaeb65574d0d,9f0a88b6c6f7d32816f8c1ebc97f7dba,delivered,2018-07-29 08:32:21,2018-07-29 08:45:08,2018-08-01 15:38:00,2018-08-03 23:46:38,2018-08-17,cfc147212a57916518fff40e7d8599b7,2018-07-29
11b99e821d37f36ac4b10aff65eee3d6,809b027629881c9b9519773a18ee7b53,delivered,2018-06-07 14:44:03,2018-06-07 15:01:05,2018-06-08 14:32:00,2018-06-13 23:04:06,2018-07-03,49486128c3356070761688f93e723fda,2018-06-07
1700e1cfac9c6837da3ccdb6c36c77de,3f3c7b01b38222e1e68d3f03df8cd439,delivered,2017-12-25 21:22:03,2017-12-25 21:30:21,2017-12-27 19:10:06,2017-12-28 21:14:15,2018-01-15,6469f99c1f9dfae7733b25662e7f1782,2017-12-25
a91a58a44e67c3abb999f2ce1eb30b9a,d769538f29c012075ba25f00b68a3ca6,delivered,2017-04-04 00:28:35,2017-04-04 01:05:17,2017-04-04 15:28:39,2017-04-10 17:30:08,2017-04-25,abc5d89f00acd3f067ea79119ddbf445,2017-04-04
3832701f27be0501b19e91bbb04e5cde,e3378b4e8219f3f5f90a6515a9a57136,delivered,2017-09-11 20:37:17,2017-09-11 20:50:14,2017-09-12 21:12:39,2017-09-19 13:47:59,2017-10-02,d85b7be2e745afddc1cc3cecf6bd9cd9,2017-09-11
785b7455ab5bec2f5e04de3cf829209d,5affcc0cbdac28f6974a3b119801ef32,delivered,2017-12-03 19:24:22,2017-12-03 19:33:52,2017-12-04 21:23:05,2017-12-11 14:34:53,2017-12-28,ad45c43edbdcd326bd04defdb656b14e,2017-12-03
0468a84e6df93886189d80fce46bbfee,f3084e580643e82bf08226815a75608b,delivered,2017-03-20 20:21:14,2017-03-20 20:21:14,2017-03-22 08:24:17,2017-04-05 09:48:08,2017-04-24,d1170e97d8d0a3bc3adf9cea53d6f385,2017-03-20
85db8414f3621cac0466dedef7534751,4f1a7ec25f48a6726d5c30ecead0b2e0,delivered,2018-02-05 09:18:11,2018-02-05 09:30:33,2018-02-06 22:45:02,2018-02-10 16:02:38,2018-03-06,9f0c5aae0debed6d7cdea5b8b54c4b91,2018-02-05
7d6ffa9ff53fd7da04eb9025ba231be2,3b4e125304019edf064d24a81c22815e,delivered,2018-02-23 21:52:14,2018-02-24 16:27:13,2018-02-26 18:19:19,2018-03-06 20:38:54,2018-03-19,5f00d3845a093d4a2802457b287d2180,2018-02-23
14d5f7d2a3755fbd4df406ef4c4b400c,ef83517e216e34d7794ac4cff7a3fe00,delivered,2017-06-16 21:56:17,2017-06-16 22:06:13,2017-06-21 16:02:58,2017-06-30 13:35:02,2017-07-10,4c09b626998c22c926ac93fe6501ca31,2017-06-16
a9d6b730b2ad516caeb90d9fd52c7300,13477c22e6b7c686971a1074215eafcb,delivered,2017-07-23 20:17:44,2017-07-23 20:30:12,2017-07-24 18:32:10,2017-08-07 17:02:47,2017-08-23,0a87a7a67fbc861d98a0129e58f4c913,2017-07-23
050a64172dd384db4597d5f3bdcf2137,db85776d3a2c4b18bb7b7eb0ee0cd3fc,shipped,2017-12-11 09:58:07,2017-12-11 10:11:02,2017-12-15 21:42:29,,2018-01-09,8da72a12f0e8b10ce9f1b4295587afc0,2017-12-11
33fc60c6e27e2f4a0c98e95b5c0bceb9,9c38a9ad277601382ee3ce64e76f8acf,delivered,2018-06-23 17:53:46,2018-06-23 18:18:52,2018-06-25 17:50:00,2018-07-05 18:21:06,2018-07-23,d87c5d417c75402bde2a94836e6485c4,2018-06-23
3ed6bdde461210d79c78d2ba9327e03f,b762be58e42c9379a0bc7f4d25015624,delivered,2018-02-11 14:51:37,2018-02-11 15:08:12,2018-02-16 19:28:57,2018-02-26 23:50:02,2018-03-16,8723614f201c185653a6e1f845870bbe,2018-02-11
90a0bd8d00c4afbc283188ad3e9448fd,d148f5756c15a01207d47e46cc45e21d,delivered,2017-05-03 12:29:40,2017-05-04 02:50:31,2017-05-04 11:32:22,2017-05-15 13:25:08,2017-06-08,fd1909e6c597bb4feabd8d74fa6ea466,2017-05-03
9ae9b5ec8468df37992bd720ed4683f0,20dbe594cf931ca16ea3b7a86e2a5ce2,delivered,2017-08-03 21:39:02,2017-08-03 21:50:19,2017-08-07 16:04:01,2017-08-12 15:37:04,2017-08-23,7bd213a052e3d279734fa17e9564f047,2017-08-03
62e177f7144113315a7baf514a10e307,909c0aea2e54f33342133cc017512a17,delivered,2017-10-10 17:39:51,2017-10-10 17:56:08,2017-10-19 17:18:50,2017-10-20 17:13:14,2017-10-23,3d54bf2588901784519da69fe7287c8d,2017-10-10
22e737b729bfdec35e6fcbc9bbc518e0,a24eb5ce89cb76e022bfa66a14535522,delivered,2018-07-31 15:06:09,2018-08-01 02:35:14,2018-08-01 12:13:00,2018-08-07 21:32:19,2018-08-23,557296cad88dbf10aa5ec01d18c38aee,2018-07-31
cfed507ac357129f750f05a0d7d71b15,088d20d5878711d537176871a6e850e4,delivered,2018-02-25 12:15:02,2018-02-26 22:10:27,2018-03-08 18:06:50,2018-04-06 01:26:34,2018-03-27,ef7361e14a64f77990f58e9c571e2f9a,2018-02-25
014e36af18c280a94d880a16b2f00713,0523cd19f27a70bda29f2efb68a2db10,delivered,2017-11-01 18:14:32,2017-11-02 02:35:56,2017-11-03 19:14:58,2017-11-09 20:18:46,2017-11-23,c2919fbdb45366551c1e80d5cb35cd3f,2017-11-01
f222fcfc65ff1398b47dc51ab30d8d60,1698d043cea87957997792254a01fd62,delivered,2018-07-03 21:35:48,2018-07-05 16:40:55,2018-07-04 15:03:00,2018-07-06 10:42:12,2018-07-20,2f58b777623157ca2c33f366d2ee8c6a,2018-07-03
6e7898e06393adab4c3c2a7e2f56fe2b,a0e94be606028d202f449cb466f47081,delivered,2018-08-16 19:34:40,2018-08-16 19:49:34,2018-08-17 15:24:00,2018-08-29 23:36:28,2018-09-05,f2ad71caa77bb658b3470b3cfcf94d36,2018-08-16
5680b2a510b3058b5b17603c79ebcf67,ce7664b8e10ebe083da81001e5f76975,delivered,2017-09-23 07:22:24,2017-09-23 07:35:08,2017-09-25 19:22:34,2017-09-29 18:43:45,2017-10-18,e1bf3333b4e28f9c0ce83a4eb26f8b7f,2017-09-23
4cf7b60ee5bf3891424ddb434b261cd5,3b6fe3d556f810c109eb9987775e8aec,delivered,2017-07-05 17:44:29,2017-07-05 18:03:38,2017-07-06 18:24:42,2017-07-19 19:56:51,2017-08-04,2c32247bb780398fedc970dfa0832e25,2017-07-05
ea5297250d0c2563b690058187a05981,802f8835a5af80d7e12568078f24ce18,delivered,2018-06-27 17:23:56,2018-06-27 17:35:11,2018-06-29 15:24:00,2018-07-05 19:42:04,2018-08-17,b928fecfbd107dedbc098a41541e2efd,2018-06-27
8bae398ae3bdca643616198d918aa8c6,5e89bec0749c70102f5a0d04c1a371bd,delivered,2018-05-02 13:05:22,2018-05-03 09:55:49,2018-05-04 15:01:00,2018-05-14 17:08:21,2018-06-11,d73d940f6fc13f3e9bdafaf100690c55,2018-05-02
40eccc6e24dab20604e730a4245b38fe,e5b126f41141f1f935266d68e6df0fad,delivered,2017-11-12 17:09:28,2017-11-12 17:26:45,2017-11-14 15:57:00,2017-11-21 23:52:06,2017-12-04,10cbd23925cae38cebb4118a425b1fd9,2017-11-12
21d84fdbaead25cecf565df87958cbb0,65f2494b7f5169c8b680f5d0c574f1b0,delivered,2017-12-23 12:36:46,2017-12-27 04:08:41,2017-12-28 11:27:36,2018-01-10 21:23:15,2018-01-30,2141abef0c20ac53c1bbe8e9aa668cb2,2017-12-23
88791555f9832d0bee1f87f2074392ef,ac23640ef05c70108abe56d93e23f260,delivered,2017-12-03 00:00:10,2017-12-03 02:43:35,2017-12-05 21:28:45,2017-12-19 20:48:11,2017-12-28,2f679a526d3b619beccc26a3d1435de4,2017-12-03
73c8f90c96ee59ece32c193b2755b800,9906056eac7983de089dbd0ca9ec7cc2,delivered,2018-05-09 19:32:24,2018-05-09 19:52:27,2018-05-10 12:30:00,2018-05-16 17:32:41,2018-05-28,ed06a95b3fd03d6f4f7e918966ac687c,2018-05-09
f03261655a392f45397fe9e28e7f7d9f,c03ff8d52da1e44e7d6eb550e2c0193d,delivered,2017-05-08 22:15:14,2017-05-08 22:25:12,2017-05-10 17:28:02,2017-05-29 07:58:31,2017-06-08,4e87f41fb947001d35836fac7a702811,2017-05-08
2c147afbdc4abf206bb061dbadef515a,60f3c199c495a872615c48f1d2abf372,delivered,2018-03-24 08:12:51,2018-03-24 11:48:09,2018-03-27 17:42:23,2018-04-09 21:37:46,2018-04-17,f2d37aeb6592f80698dd460082e28017,2018-03-24
1578453b93b542fbde0dd65c46a7dbf7,6145a1c208d95c11171e447c4368c855,delivered,2017-10-24 00:57:44,2017-10-24 01:14:07,2017-10-27 12:16:47,2017-10-30 20:12:27,2017-11-06,5402d604c8dc1601c10752042437ff95,2017-10-24
c5eb20ae1c43449285cdab2d15a04816,fabe24d7541900867692e15b61361bbb,delivered,2018-07-10 14:05:53,2018-07-10 14:15:17,2018-07-10 15:27:00,2018-07-13 19:38:25,2018-07-26,fe166840dab0ce0fed1a05df8bce7f0f,2018-07-10
a7b1bca7ec838a8ddb2a1a1403c5d1d2,96a5bdb1cc0ed145671d0fb83200b8a0,delivered,2018-05-10 17:04:17,2018-05-10 17:15:20,2018-05-14 13:58:00,2018-05-23 15:28:35,2018-06-18,15875d882071e975e052f90df487ec0f,2018-05-10
186e84bd74bc46e35d08618b33f828f1,234e3041fff1dc27bff9ddc5a7bbc7c6,delivered,2018-06-29 16:17:30,2018-06-29 16:30:13,2018-07-03 11:11:00,2018-07-12 18:31:43,2018-07-31,b227696bac552d618f1d93560e37ce8d,2018-06-29
5e0ff060a686922559e33f8dbe998e41,ba03825db0f92dbade0ec0278a6e26ae,delivered,2018-07-24 21:30:58,2018-07-24 21:45:09,2018-08-09 15:19:00,2018-08-13 19:16:51,2018-08-15,7f4b3e37f62fd76ce20deebe1f898718,2018-07-24
7131fc1c1df3fd46d8febdd59e06b52b,a6961dc03f1ee1b29e69263585968776,delivered,2018-02-12 09:33:06,2018-02-13 09:30:22,2018-02-15 20:06:44,2018-02-23 17:17:10,2018-03-08,b2c8cf3fe5f3406413f50c160c195edc,2018-02-12
eef924919d7199a92f9a37712b57885d,3ee53bd204feee730d2a84ddf5e52997,delivered,2017-07-08 21:51:52,2017-07-08 22:05:28,2017-07-18 15:21:31,2017-07-27 23:53:49,2017-08-03,e1d0eca650e05f1e10cad6bce9b48e0a,2017-07-08
b35945f2f7f01113c25e3029adafc413,63668a186f89df966027cb0a62b5989f,delivered,2018-07-06 16:25:16,2018-07-06 16:51:17,2018-07-10 15:03:00,2018-07-13 15:27:47,2018-07-31,22d9294df64909d5f8d4a23809b1d8aa,2018-07-06
87505fcc62d2679d048529cf9fcb6ca1,1737dfc3d25cf828b2568543193ee5c1,delivered,2018-06-06 16:47:19,2018-06-07 17:00:10,2018-06-08 15:48:00,2018-06-11 13:38:29,2018-07-03,beaf1bb763a659225cfcb05f38112b97,2018-06-06
02c05171c3cd91c2cdce7e0f861c9a9d,c8b08d1441e0f47d9190771f10ed8c58,delivered,2017-12-22 13:13:20,2017-12-23 02:15:37,2017-12-27 17:18:18,2018-01-03 16:57:22,2018-01-18,9ad3e9439d01993261b58cf495d557a5,2017-12-22
1cc0e6e0f0b84a446c91dbc76f67f59c,5ee4b94ac8cfd32373f33e359e565d31,shipped,2018-03-12 01:17:08,2018-03-12 01:30:22,2018-03-13 21:55:27,,2018-04-19,78f1715ae4e7c7412a1f528ae75ed30e,2018-03-12
247dc699abf8f4b21d26f2bf1ee3aa14,c6221026bf99d09217e9a2cc3da8cc4d,delivered,2018-08-21 13:46:22,2018-08-21 14:10:22,2018-08-27 12:14:00,2018-08-29 02:48:35,2018-09-21,62e02409dd2c44daa5b2d0544d3ac6dd,2018-08-21
66c76ccb13c70d0badbc7764358ee4c0,3bcf1cad74998c8773a13cc46a2e083d,delivered,2018-03-27 08:56:03,2018-03-27 09:10:18,2018-03-29 23:28:42,2018-04-04 01:44:45,2018-04-24,120dede5f892aad8cad79cb9c7f3a1ee,2018-03-27
087e4c8f6ced94c453d434e9b2490e69,37075c62d22a087a6fbb30b8c6abcff3,delivered,2018-03-08 09:29:43,2018-03-09 02:15:47,2018-03-10 01:27:46,2018-03-21 18:38:52,2018-04-12,f1816a4521fa02b8aaf57a9435827620,2018-03-08
b271c938db8f7fbc62ab95a19eb2becb,5ed6898bd3fdc2ab89d77d5581a8671e,delivered,2018-07-02 20:03:25,2018-07-05 16:10:47,2018-07-04 13:53:00,2018-07-12 20:08:32,2018-07-27,1c5b9d098f0fec7230061fda4ea30c32,2018-07-02
820c39d59fdb0ec31f14070eabca7a15,bb236a7c776991c064b371715a445b78,delivered,2018-05-29 11:31:30,2018-05-29 13:31:16,2018-06-04 10:52:00,2018-06-27 18:06:31,2018-07-20,58abf3a2d82e3a0446acdd125ec2b597,2018-05-29
e37cbc5ed765e289a3bcb33581cac511,f12a3695295c75b962b9fda0c33fe1fd,delivered,2017-02-26 13:20:20,2017-02-26 13:30:15,2017-03-01 10:45:52,2017-03-10 14:07:51,2017-03-22,196a7627a072a15b539f0e25302cb3d3,2017-02-26
b436b8e97cf3055b5cddcb972266ac06,71d3c44032999ca7e2dcce2f29f42b5c,delivered,2017-05-31 21:42:12,2017-06-01 03:55:27,2017-06-05 09:12:20,2017-06-06 09:52:25,2017-06-13,54f53965480837781ce5908fa0f47a79,2017-05-31
0922de4af18de92fdca6fed66b34b66f,35ad814595f534fe564bec2692ae47be,delivered,2017-03-20 15:58:31,2017-03-20 15:58:31,2017-03-21 10:37:03,2017-03-27 14:05:45,2017-04-10,90ca3f3ba0350c025a82b0570eb72918,2017-03-20
25ac4ce9dc6e0aec3de36e0f11979484,152985734e3a52cf30640ea5768f46a3,delivered,2017-04-24 22:19:46,2017-04-25 21:22:45,2017-04-26 13:52:28,2017-05-02 12:40:56,2017-05-17,d2abf5d285be0e8ee8b546305c74454b,2017-04-24
640f82f9967dcab29b95d5a62abf911b,e442a1aae863be621f90b9c7be165e71,delivered,2017-06-14 06:53:41,2017-06-14 07:02:22,2017-06-16 12:49:22,2017-06-29 19:33:50,2017-07-19,712b4d26b1563f15615763c0d12a5d7f,2017-06-14
969200ee36ad9393f34cdd430ce2bde2,dbd916437636328c44cf34c0420e5dff,delivered,2018-05-10 19:38:10,2018-05-11 19:37:45,2018-05-12 08:56:00,2018-05-15 18:16:47,2018-05-21,cd98b14c6c6679cbd5794f54e9ea94a2,2018-05-10
a97ed6ffd3a1daacc526d95fe844c8a5,71de3242dc0b615d49a21f88f69b8a94,delivered,2018-05-14 11:40:30,2018-05-14 11:58:37,2018-05-14 15:09:00,2018-05-16 18:24:47,2018-05-25,0bde5d622646f1efeaa781d862d432fd,2018-05-14
715c19fb47250380be905cedcd442b5a,c4c6c94008d78e5d4a19b04c411b607f,delivered,2018-07-03 22:21:59,2018-07-05 16:41:11,2018-07-05 15:03:00,2018-07-12 18:36:30,2018-07-26,75dabca743145d8e53091091a2e9ab92,2018-07-03
62eb76321ff33a367a805bc9d0701dda,79c090adb313943d8768fde92fff41da,delivered,2017-12-02 08:50:35,2017-12-02 09:00:04,2017-12-05 00:19:42,2017-12-15 18:32:49,2018-01-09,3aa71d539bb760f054b280604391602a,2017-12-02
926acb1d2439604db4c85e302ac70706,2a67ec6f5057c0733ef3944578189837,delivered,2018-01-10 17:20:01,2018-01-10 17:31:59,2018-01-11 22:28:40,2018-01-26 21:05:42,2018-02-08,b77ce9d9de8650ad2e7bd943ffbe22d2,2018-01-10
e9da851726e9f0353b030a99d5e62a10,c6cf15c443cdb98dfb0193fea429834a,delivered,2018-01-02 14:40:45,2018-01-04 05:12:26,2018-01-05 00:34:42,2018-01-10 13:04:23,2018-01-31,ced62dfcad9508dbc1081695a10afa35,2018-01-02
4ffcc2f0e8f54f36e73b83db8d8c494d,ed08de22529bac3adf7d5fd900b5c20f,delivered,2018-07-09 18:11:59,2018-07-09 18:25:13,2018-07-11 12:38:00,2018-07-13 21:21:36,2018-07-24,29c9f44d12aaaf0afc94431a03adb873,2018-07-09
b304857eafb27666d96c8fca31758a13,46b2c10f2aa1bed65b95d2593eb816b3,delivered,2017-11-25 08:55:26,2017-11-25 09:11:39,2017-12-07 21:59:02,2017-12-19 23:53:27,2017-12-15,6c70324eb4074daf1c299e44be3587cc,2017-11-25
d589713c55157332c231aee13c4a9120,fac81b058d7a8e426b5f62bd1d72c774,delivered,2017-10-22 12:06:05,2017-10-22 12:14:20,2017-10-23 17:43:18,2017-10-28 14:47:45,2017-11-10,cb6dd31fc9aa82104d52bc8fe94bd7b5,2017-10-22
699d09b1aa108d97e430e3b6062f554a,bae93fc9d3153d190f10dfaa31252ea9,processing,2017-03-15 21:29:20,2017-03-15 21:29:20,,,2017-04-26,993e0298b08595509b1c4f21dfcf3bbe,2017-03-15
fda622cad4b8247deacafdb16ea67c73,fd888c7ef2b99e3b852ad4360418423e,delivered,2017-09-02 12:55:37,2017-09-02 13:05:16,2017-09-05 18:42:21,2017-09-13 19:13:40,2017-09-28,f7665b7274ed0010bb58dd4b0e0554bc,2017-09-02
0f43e80d0a685d7099f70b683b24c190,536a2fcac70ed8aff558adb4f533a6af,delivered,2017-06-28 08:54:35,2017-06-28 09:05:21,2017-06-28 10:44:07,2017-07-11 17:11:25,2017-07-20,74504bb83eef70eb4974a7506a0b6ca0,2017-06-28
1724ccd8176515fc4b2676226b895ea1,85c770d9479d48f9130bf6a4eee132ba,shipped,2018-08-18 19:11:09,2018-08-18 19:30:16,2018-08-21 13:53:00,,2018-08-28,1c002c9d89461105a92ddf697a01b165,2018-08-18
6b273a63c1e26cdd0d6c8099218fd1ac,0a87bd2ceb3e27e223105f958aecbce7,delivered,2018-04-17 12:00:34,2018-04-17 12:30:07,2018-04-18 19:37:24,2018-04-23 18:18:37,2018-05-04,ce2de6c78c869d87214c95118bf5af27,2018-04-17
c02b94fd5ea9686eeb34331524f3bef9,36be9f0a93e20cb6cc1f1a184acfd94f,delivered,2017-07-22 16:51:53,2017-07-22 17:05:16,2017-07-24 14:49:43,2017-07-29 13:56:43,2017-08-15,1555f7704991e30952ba1661d95f53ae,2017-07-22
c6b9d214855dbd27b6a58f9738425f62,70da6bf62439a98c65f757d70c6a213d,delivered,2017-11-28 16:55:41,2017-11-30 02:25:13,2017-12-04 20:12:40,2017-12-19 02:13:48,2017-12-19,b593353aa4c093b71235ece9689ce7e4,2017-11-28
a0cc0059e8c2776db27692b4cf30414c,dc1772c9b9f557dc7d7c33040342840d,delivered,2018-01-20 13:31:23,2018-01-20 13:42:13,2018-01-22 17:33:59,2018-01-31 23:28:52,2018-02-14,6498df2c9689817da899bc7471154397,2018-01-20
db83da303bf20ca0e0c62da48bc6ab67,4c05177cb2bae0f8a47e0e9fa3710023,delivered,2017-10-05 16:37:16,2017-10-05 16:49:30,2017-10-06 21:52:05,2017-10-11 19:44:05,2017-10-27,e9c13c7e1a7c1011a5d6e37daea8209c,2017-10-05
73ba8619ddfc6efed5a3e4331c791f0d,b25733427eb5357a483382ac859982e4,delivered,2018-06-16 18:52:33,2018-06-16 19:18:01,2018-06-19 14:33:00,2018-06-22 16:08:39,2018-07-12,3b80e017453e861cc1f13f9da20e4b9f,2018-06-16
b19729f4717938d651f26d5f33dffd72,427a6293e6afb7796ed327369e5f01da,delivered,2017-11-14 08:47:29,2017-11-14 09:07:00,2017-11-17 13:02:32,2017-11-29 23:58:06,2017-12-08,119cc2a90f406371222111aee7b986ac,2017-11-14
a452f232f2844160f507c536f84d9ffe,58070208c2da84fb6139732d3f7617dd,delivered,2018-02-05 12:21:04,2018-02-05 12:30:24,2018-02-07 21:04:27,2018-03-01 13:47:17,2018-03-12,43c9130670aedb21581593c985d4e972,2018-02-05
c40efee56f8625b53e4d6e8a1119cbb7,7da87052aa6724fa500e8c22e3f9aa00,delivered,2017-06-20 09:22:33,2017-06-21 02:25:27,2017-06-22 13:52:20,2017-07-03 19:47:37,2017-07-18,82abbdc19e04ff27ed53a83dbc780345,2017-06-20
8df8c3199fb229a1472b0a47e3b106ae,b2e28a076bc94c06918d88116a0050f6,delivered,2018-05-24 13:50:33,2018-05-24 14:19:49,2018-05-25 14:54:00,2018-05-28 19:38:26,2018-06-11,041caba6a63ace5818387698ea85cdb2,2018-05-24
e454f35044003de39e10f976817edc27,169488681038e66fd9023f2a5f33d7f5,delivered,2017-09-25 13:39:49,2017-10-06 15:14:17,2017-10-09 15:49:44,2017-10-19 17:45:54,2017-10-23,eede6447d2efc53521e6aec640401a99,2017-09-25
53d6886c41145775a6da5200aab4344d,df26da0c53de7583fa3ca5a8ba04ae53,delivered,2018-06-25 19:54:17,2018-06-25 20:17:52,2018-06-29 13:46:00,2018-07-02 13:08:37,2018-07-18,5e7bc5699b543a51b99d3e13b8dbb33e,2018-06-25
2abb4e1bb6b3c83202111a0900d6fad5,d0304e4f4b20eabcc1d7e205d920307d,delivered,2017-12-30 14:07:57,2017-12-30 14:18:46,2018-01-05 22:10:21,2018-01-25 00:03:08,2018-02-05,32e9161f4bee303bad702da586e7511c,2017-12-30
8ea880abf2e8db76cfc77ab8f1b9dcce,7354130c5fafcc715d2f1d774428effc,delivered,2018-05-07 14:03:15,2018-05-08 14:30:36,2018-05-09 11:18:00,2018-05-22 17:12:55,2018-05-30,cefc7ca7e5539436c9c83eb0368e3131,2018-05-07
d3537c571b02f225be1bc2d3b936beff,349b2e9e2e79369510631a8c2cae05b2,delivered,2017-11-27 17:55:33,2017-11-29 19:16:52,2017-12-05 21:53:15,2017-12-21 23:52:07,2017-12-20,14448fe27e153f655e09c01d2e08c3c7,2017-11-27
e9f522c53167fa577d6c160031595440,dec8e68b841806ea78cfbc8048b391f6,delivered,2018-04-25 11:30:22,2018-04-25 11:52:06,2018-04-26 10:02:00,2018-04-27 19:24:53,2018-05-08,3bb3f8de4b2eafd58fd4044fde6fb1c0,2018-04-25
4c0b7cef000c9351cd7f160ad283a0f8,a4f81e9b7951f9295bc9286fbd48f7cf,delivered,2018-08-15 21:01:07,2018-08-16 03:25:14,2018-08-16 14:12:00,2018-08-17 13:41:30,2018-08-20,596136898f3e3bd5356b83632c3de121,2018-08-15
a5ace85930526f2e2c1f06c2d3383e90,adfa31b007a919da559f665074d13474,delivered,2017-12-02 14:45:57,2017-12-02 15:01:07,2017-12-04 18:58:13,2018-01-07 16:03:18,2018-01-04,fbd7125bc18a4d2dc0261ec2afc8d02a,2017-12-02
7d316b369d4c6b0a4ebeebbff5f65466,2065794a97f31e096168ad17c3b2c695,delivered,2018-06-08 12:12:54,2018-06-08 12:36:40,2018-06-11 12:55:00,2018-06-15 15:37:46,2018-07-04,32fddfed3518aedefbf4c69d5f1bc82e,2018-06-08
bee5bc36d798e3675faa04ac679620dc,fad0842d5a92734de3060f71a8edbc8e,delivered,2017-08-21 22:44:52,2017-08-21 22:55:16,2017-08-22 18:22:01,2017-08-31 19:33:08,2017-09-13,0634b07cb9863a3e061e5bae9f0f1f13,2017-08-21
5193dd91fa48d25115ad8e6c93067e47,e0c97b945a6b071290605a0e1e6f2ce3,delivered,2018-02-04 17:11:17,2018-02-04 17:29:31,2018-02-06 22:56:33,2018-02-24 16:19:07,2018-03-09,f50ec5a7c5efd768de645de26c09f451,2018-02-04
afa28a40d797205357162090d6381e40,ec5d1a0d9c41f3d4ed41942d4e4f31d9,delivered,2018-04-03 16:39:17,2018-04-03 17:15:31,2018-04-06 18:52:34,2018-05-02 17:53:41,2018-05-02,d881772382f858a07d2992c6ee600724,2018-04-03
5403c98d48610456dc07a78bdfc4ef9e,3440a5e520b9434c54cadba964374034,delivered,2018-03-21 21:34:07,2018-03-21 21:48:58,2018-03-23 23:08:45,2018-03-29 21:07:28,2018-04-18,958843e128a10a8ae35155b6fc57fec3,2018-03-21
ded0d9b3df9ac8d6ea99bc2f88762481,95b5b9ad0cc4c0026a9671d124359f92,delivered,2018-01-18 00:08:00,2018-01-18 00:15:22,2018-01-18 22:43:57,2018-01-26 13:39:09,2018-02-16,e7de70f76d41612a76427d6b53331e80,2018-01-18
c84f1a505efddec0e506e95d377d1e82,8e3ecb30c0ac319e8e281b58f7df2fc6,delivered,2017-12-13 10:14:47,2017-12-14 20:30:40,2017-12-15 22:21:24,2017-12-27 16:59:19,2018-01-10,0e8831fc74838cccb54a9f7b05ba4145,2017-12-13
0115abf6b892040abfdd5bdfcb6b2c51,55e24d33ade77f949c22b6e008801c15,delivered,2017-04-20 12:32:37,2017-04-21 05:10:46,2017-04-26 19:15:29,2017-05-15 11:51:50,2017-05-10,71d99240b28b20f7b0d9046d9ff6cbe6,2017-04-20
f33aa647f08ec9623c76b6212be92333,f6750b796dc102521e62579639ad43b1,shipped,2017-05-23 17:03:13,2017-05-24 02:55:37,2017-05-24 12:31:48,,2017-06-19,4a2068cc616de2b18994f46cfe1a3d4d,2017-05-23
fb239dec6971179d84f8ad7b5f5308d8,16fac45765973778094395bcaa2ba122,delivered,2017-02-11 10:56:36,2017-02-11 11:10:13,2017-02-13 14:22:47,2017-02-16 14:08:52,2017-03-14,7db24e2957ede5997568e46aff388277,2017-02-11
03c16ffcf7b8792fa870d8cd7abc4b7f,87976cbdc669a9bb8ebf166b3c2175b6,delivered,2018-04-25 14:57:23,2018-04-25 15:12:17,2018-04-26 17:02:00,2018-04-27 21:12:40,2018-05-04,3363a65aa1c38fd0e1f4fbb7e50f1fdf,2018-04-25
8272b63d03f5f79c56e9e4120aec44ef,fc3d1daec319d62d49bfb5e1f83123e9,delivered,2017-07-16 18:19:25,2017-07-17 18:25:23,2017-07-20 15:45:53,2017-07-31 18:03:02,2017-07-28,4546caea018ad8c692964e3382debd19,2017-07-16
ddab33a3767adc5482ce342389003a52,7a174dc91d52a8dbc4263714532799bf,delivered,2018-02-03 08:53:26,2018-02-06 03:48:31,2018-02-06 23:21:40,2018-02-20 21:39:17,2018-03-08,a58b17fd8a5c286147db16f30f4e92c3,2018-02-03
a68acca6a9d961ca300028f7660afae0,fb497fa42c45ae32dacccb4c252b6a75,delivered,2018-04-26 19:12:44,2018-04-26 19:29:58,2018-05-03 11:11:00,2018-05-04 15:28:35,2018-05-23,5cdad6587b62e337d02958b82bb75edf,2018-04-26
4e569a26328664b975f0fea724647fe9,7c87a3891b2629848f3369eafacf7e0a,delivered,2018-07-20 02:27:56,2018-07-21 04:05:20,2018-07-23 15:04:00,2018-07-24 18:18:42,2018-07-30,b4d85b1c66d78b9590dc0d694a65bb17,2018-07-20
e4ee5415a0143c9daddc7d4bc0fa0389,45ed75befe5874c6fd8f10e210e00472,delivered,2017-10-31 09:39:09,2017-11-01 03:26:26,2017-11-03 20:23:48,2017-11-08 19:19:02,2017-11-14,05a70933d2ed6cb04504e9864eadcc1c,2017-10-31
1cbf9273aec786608192e5e3ccdc936c,17eeec12d0709f7095f937373f3e170f,delivered,2018-01-31 23:35:19,2018-02-01 03:12:09,2018-02-02 01:59:35,2018-02-09 18:47:02,2018-03-01,1704162a4eda737168c9057559ec75a7,2018-01-31
97abdc70b137f4f0934fb120debe3b58,b8462c3f21655612e6a542de03fc2017,delivered,2018-02-22 06:09:19,2018-02-23 02:15:33,2018-02-27 21:09:47,2018-03-09 19:32:02,2018-03-20,08440067b884a34e2fc8b2c67198acce,2018-02-22
a03ba18c4454de2b89c3950fadd3748e,179e91a770ae20a05066598888a0d3ae,delivered,2018-03-19 16:44:28,2018-03-21 02:48:36,2018-03-22 21:33:38,2018-03-27 02:04:01,2018-04-16,7d834f25bc4e9c7905f9e31e1c94c51b,2018-03-19
0a9ce4ac2d44f45f52feb4747f238d5d,99ca20e7ddaa6079cc0399bb88d3513a,delivered,2018-05-15 17:38:49,2018-05-15 17:54:34,2018-05-16 12:19:00,2018-05-25 20:53:40,2018-06-07,e65b257f04910e6740f92359febbe57a,2018-05-15
e32f30334d29fb3811f44538904a8517,87601c2e5f41dbe016d4693dc1ba415a,delivered,2017-03-15 18:31:57,2017-03-15 18:31:57,2017-03-20 09:24:02,2017-03-24 14:14:14,2017-04-10,34350f8d9be701a6645ca0bf954161fe,2017-03-15
c60a7bc7ab46cda8a60c952aacc83a17,f86f4d4f571b4dbdc6339d76c009c832,delivered,2017-12-25 19:20:31,2017-12-25 19:30:23,2017-12-28 18:22:30,2017-12-29 19:19:39,2018-01-15,e68456c20b50779c3bf1bc9fcf46c8ee,2017-12-25
ada812c7806382c3085a5f5024bc17ca,455035066e8cf2ed71bf3f6b758593c3,delivered,2018-07-18 16:17:54,2018-07-20 04:45:16,2018-07-20 12:54:00,2018-07-27 12:35:44,2018-08-02,2eb62b8016a0a52cb6893d27c1f8cc67,2018-07-18
04ab36803e2945bace40db80eaa54bc4,9ced49d0bd7708f54703e002aeb7a77b,delivered,2017-10-10 17:58:51,2017-10-10 18:07:56,2017-10-11 19:37:15,2017-10-26 18:22:27,2017-11-01,52e9d962b5cd7e8dee12b5086a6f2f1f,2017-10-10
5f244a6504c6895a4ab7c4cafe9b9a43,43204f0e1f4bf07cb995be5597dae27c,delivered,2018-03-27 20:14:37,2018-03-27 20:30:15,2018-03-28 17:14:33,2018-04-13 17:56:37,2018-04-27,262305e901587b79c5236175b06efb78,2018-03-27
104a4ed42832085322a2ef0d1649b284,c9de6921188c1882c48bb6ed884809b7,delivered,2018-05-10 11:17:51,2018-05-10 11:51:42,2018-05-11 15:31:00,2018-05-18 15:13:00,2018-06-05,7ce9430381c6ca969742479727f2be50,2018-05-10
f3028a8f41ea1ee2b461420913663f97,4bb49ea252f313410f78be74bc1e33eb,delivered,2017-02-07 22:52:44,2017-02-07 23:05:12,2017-02-08 09:46:47,2017-02-14 10:48:16,2017-03-22,e78838df9c44e102b6ac84cc5eea7d5c,2017-02-07
6367e1839d93eed7f1f74c9fe5daecfb,b61ec458f485a27f475adffc91b6f55f,delivered,2018-01-20 11:10:49,2018-01-23 03:52:43,2018-01-24 00:04:18,2018-01-31 16:26:53,2018-02-15,a1ebfc2e850f3acc3efc6a68eb1a6e87,2018-01-20
de3af37c394d28dbda628ece8f1997ab,1b94340d3f245cd2045de2ef92cfbfaf,delivered,2018-04-26 09:05:30,2018-04-26 09:56:22,2018-04-30 06:22:00,2018-05-04 20:51:31,2018-05-18,ac7716a3100088932ba7e11bdc113783,2018-04-26
504b7cb87442ebd376fbcab13b114a3f,86154d1d9f7bfa63c082686f2c694d94,delivered,2017-11-04 18:59:16,2017-11-04 19:10:32,2017-11-06 22:05:20,2017-11-10 20:07:55,2017-11-29,8cfe342553b4a1db7bc8ba9e2f98b596,2017-11-04
821e2d51e9088af9975ede10f80a04a3,82958ac08ce23a52ec58455d42ee50be,delivered,2018-02-18 15:52:03,2018-02-18 16:08:00,2018-02-19 23:28:47,2018-03-06 21:36:50,2018-03-21,fed01fad02b97070ecaae8e5ef4eba49,2018-02-18
0dfa57672b4853ecb26cd28c31a79e54,a5782932b3b7605bfd659aaca5a0c728,delivered,2018-08-07 18:58:52,2018-08-07 19:24:55,2018-08-15 12:03:00,2018-08-16 16:46:33,2018-08-31,fcc0b9a99e5f9cc9a19ad06681501206,2018-08-07
b84153f6ef50c6f07d2919e984c1f761,e15320a1ba99c3b56cc50e492e6c0c48,delivered,2018-02-02 15:38:04,2018-02-02 16:00:37,2018-02-03 18:38:53,2018-02-26 14:32:49,2018-02-20,c78e2fa7d12ec69be581bebc5885d9b2,2018-02-02
63427723caf2bf22cb154f3d26951677,d247ffe58f195ed4a80b16c53d4692ce,delivered,2017-04-10 17:05:26,2017-04-12 16:10:14,2017-04-18 12:32:55,2017-05-02 10:38:09,2017-05-09,058b4f94b9f3d56dfed6db3bc7e68590,2017-04-10
997cd0cc21c4cc23cf4b07c4f53834db,037f0855b92185d84c858adce4e714dd,delivered,2018-02-11 12:49:34,2018-02-15 03:51:36,2018-02-15 21:09:00,2018-02-23 19:29:48,2018-03-13,5c2b5c09534917d37857557d37ed9205,2018-02-11
3d5eced976da12ad3c2f05314fa911ba,b7a1c37068a469c85722ec4d147245ec,delivered,2017-10-12 09:57:12,2017-10-14 03:49:21,2017-10-25 21:09:51,2017-10-31 22:12:12,2017-11-13,76ec90f04311f194d409739f8784cd62,2017-10-12
0960eb7bc90d80c2f02eddc17c25ee2f,0daa7bd937255d73f48e190e51151a17,delivered,2017-10-05 10:40:02,2017-10-06 10:42:22,2017-10-07 11:56:58,2017-10-27 19:22:05,2017-11-13,d196ab8d9f42e010ec789be7bb5e52d3,2017-10-05
e471d6505cc20e9f3dbb8a6645eb57be,a484c1d24719b320e17bd74f602a32e4,delivered,2018-06-17 19:55:16,2018-06-17 20:17:46,2018-06-18 10:03:00,2018-06-19 21:13:33,2018-06-28,0ac4290ef20dbb038df604878e2ef1a1,2018-06-17
279a913334ec7a5075f8d31c6a669f05,e0ff7ca97a683e220ddca80680ecab80,delivered,2017-09-28 15:02:54,2017-09-28 15:14:21,2017-09-29 16:58:01,2017-10-03 19:22:05,2017-10-23,f07003801fd7d914063fafe6627f0bc3,2017-09-28
7c0d40604f9f50fd1995e4f27c08d0d3,52f2245eb76402e2d7dc2e746e298790,delivered,2018-03-15 13:51:52,2018-03-15 14:10:01,2018-03-16 18:04:06,2018-03-28 19:48:23,2018-04-09,7fc0bdbbbc1ca1694e04dd178586c10a,2018-03-15
728aada863981162c695a2b288d9b410,41642fab6f0a09b5c433637015ddaee2,delivered,2017-07-06 22:54:18,2017-07-08 03:30:30,2017-07-13 19:42:06,2017-07-24 18:32:44,2017-08-09,00a6ee75a90222405df9d8d59babc513,2017-07-06
612951fa21ca749d62ad2b4f3e0757dc,f4bf6d85408fc27f31b125cd16da9e75,delivered,2018-08-06 09:57:33,2018-08-07 09:50:17,2018-08-07 14:13:00,2018-08-10 19:28:43,2018-08-23,712a6037ba2faaf9c99cadcd3bcc3d9d,2018-08-06
6a5c76325c753e637e28d3efd69e0a0b,dd1637352ae823760e3d2b32c86b9c18,delivered,2018-08-01 20:50:05,2018-08-02 05:30:47,2018-08-03 14:53:00,2018-08-10 14:44:52,2018-08-30,1509f51e490a4b25177145470a0c1f01,2018-08-01
7a3d2ead5f0bfacb2e4f56f869135853,94bbaeb7ce7b68494d2f6aacec994d24,delivered,2018-03-21 21:30:31,2018-03-23 02:30:45,2018-03-23 18:58:42,2018-04-05 21:38:26,2018-04-17,fdb5e6d14339f592d2a52a7cbcf34dd7,2018-03-21
82053c99a8faf111b6fee27c87af56c7,b56ec5827b0b077288ab9f729dcb0837,delivered,2017-07-12 15:45:18,2017-07-12 16:03:51,2017-07-13 21:47:49,2017-07-19 17:45:57,2017-08-03,fa752efb73aa543e2eb88db59c7342fb,2017-07-12
c4941ed8d133f1187e9936ac042c11a9,927259947d3613640540d0e61bdfdf84,delivered,2018-04-15 22:55:35,2018-04-15 23:10:11,2018-04-19 20:03:58,2018-04-24 18:51:31,2018-05-07,3a8cc314520e6a2848ed971a4b996ed3,2018-04-15
2c75c33f103e365438cc19a05d444b7f,409f91c4538ee2dd4b26280baf0df01a,shipped,2017-03-04 11:37:26,2017-03-07 04:05:27,2017-03-08 10:42:02,,2017-03-29,d8c21a391fae9a2f8f784c3c25ff5f85,2017-03-04
35ab20ce8b706d54507640a4a7b0ff35,a80975f072a5d075a4ae83000d63ea49,delivered,2017-10-20 16:29:26,2017-10-20 16:49:12,2017-10-23 15:42:38,2017-10-27 22:51:17,2017-11-09,976a899ecc5c0c9a4784967eeeb2d29b,2017-10-20
ed4bfa707956ab491448f8f28a48f6c6,6fe3ea5de1d1730d4d03b83ee3f6d257,delivered,2018-08-06 12:57:57,2018-08-06 13:10:12,2018-08-07 09:53:00,2018-08-10 16:30:52,2018-08-15,f9f4c234358315806c6c10e1426db351,2018-08-06
6028bb741411d00137dc970152799c9a,e8e4c41992e7438f77ecce2d5233be74,delivered,2017-07-05 20:21:44,2017-07-07 02:46:16,2017-07-07 16:53:43,2017-07-12 15:37:30,2017-07-27,d06152bc8dc8482c9aaf5c2e86bff946,2017-07-05
44676f5946200b6318a3a13b081396bc,9d3da05c54f78aa53bbf63126a911b72,delivered,2017-11-29 11:27:12,2017-12-01 11:32:09,2017-12-01 22:28:59,2017-12-19 19:29:37,2017-12-26,9e09e0d9da7daf1871fbbe13d799a94e,2017-11-29
4e15214b61d5e952ea58075636fc6e99,84f73ca99a149e5a5d3f5eb3b83e2e8b,delivered,2017-03-06 21:39:34,2017-03-08 02:43:15,2017-03-08 14:01:49,2017-03-23 06:45:01,2017-04-03,7eabee8b879288dd8c4da1840d3ea248,2017-03-06
635607b37cf3b851396ef5a76be8b89f,332153cb7b2d1057579a81e9cf77c5f5,delivered,2018-07-26 13:16:06,2018-07-26 13:30:34,2018-08-03 13:21:00,2018-08-06 22:54:30,2018-08-13,deff2ec2470d0f6c468686778ffef858,2018-07-26
b9091887b2df90201bd6ba74c3187934,abbd729eb82f54309a051a9a003bb6a1,delivered,2017-02-18 14:39:44,2017-02-18 14:50:11,2017-02-20 14:32:40,2017-03-02 14:57:36,2017-03-21,13938bb4237e9544d3c945a055adb308,2017-02-18
0397de68fce44f5cdd948f2a5e83862b,049a364f58c2436196be4378cf9b2ff0,delivered,2018-08-15 17:44:29,2018-08-15 17:55:15,2018-08-16 15:26:00,2018-08-21 22:28:33,2018-08-30,9d863a65fe6121e594e8ecb619766de4,2018-08-15
1e4517d4bc3d36a859ca530b462408f5,8e5ff5b2e471e587007f854eb248721e,delivered,2017-09-21 13:09:26,2017-09-22 13:15:25,2017-09-25 19:24:57,2017-10-04 13:35:59,2017-10-13,e761878fbf8003c91f7aafdc9ec8371e,2017-09-21
7113e8344293a6a03453110d67c7f533,8b7ab6f3bd953bf7839099fffdbfb086,delivered,2018-04-25 12:08:11,2018-04-26 03:55:18,2018-04-26 15:00:00,2018-05-03 16:07:29,2018-05-18,ffecceca389973ef16660d58696f281e,2018-04-25
e32f6ad72bac26ad16654d66fa372891,2c27f5c9e560e9897611c61003fbbbe9,delivered,2017-11-25 16:32:06,2017-11-25 16:51:42,2017-11-27 20:52:02,2017-12-02 12:47:09,2017-12-21,d598b951b5cf43e16dfbcaa048b1f0cf,2017-11-25
6aad3bed746944c70143bcbcadb6c5ab,2b0c7e192538f2086b62e93df18bf446,delivered,2018-06-06 17:40:27,2018-06-06 17:55:08,2018-06-07 13:32:00,2018-06-11 13:19:00,2018-07-13,31f556ec73664f49e4443ec227ada0a6,2018-06-06
c8f21ae0d8ea0dc3d6cbd9ef66d4981f,b2aac5b10e65f29a30674421c6a53517,delivered,2017-05-02 10:51:29,2017-05-02 11:03:05,2017-05-04 07:35:54,2017-05-11 11:34:50,2017-05-31,6f55c4bd7ac66d950a762a85cda22e70,2017-05-02
ef2a479a9f30595348e50c5d1eb52bd2,a4700163c178904b20784f35ba0bb2c6,delivered,2017-05-01 21:14:31,2017-05-03 11:42:33,2017-05-09 13:47:13,2017-05-17 15:39:47,2017-05-25,4f8a6074dab0c35bca0d6ca28a704cfe,2017-05-01
50f3e6d7b9a5fb163548ea2591cb7cd8,3b51c86e2271c280b61245552090c7a2,delivered,2017-05-16 08:11:52,2017-05-16 08:25:11,2017-05-25 09:19:37,2017-06-01 12:25:53,2017-06-05,9b0dd385dc0e8d46296a2d42ca9d1728,2017-05-16
44cdca8bf38481139be54d6defa74a02,588ef0ac9dda15671d5b8cb01687e8ea,delivered,2017-03-16 19:03:56,2017-03-16 19:03:56,2017-03-17 10:36:41,2017-03-21 11:18:33,2017-04-06,5df7ebc5b0738162602e71b81dc7a42e,2017-03-16
4e71d6b2e9f221c46838b30c18443f84,db1b14bc26ae944bdf0cec69ccf63398,delivered,2017-04-16 19:58:37,2017-04-16 20:05:17,2017-04-20 16:15:44,2017-05-02 15:54:03,2017-05-24,8e943fda076dc4b113ef88b539de335d,2017-04-16
e88f2d374afb179c85305c2e855f9d04,fed0ff024b3a8669c894875e9bbf96d4,delivered,2017-08-21 15:53:41,2017-08-22 16:08:44,2017-08-29 11:05:28,2017-08-31 17:26:00,2017-09-19,f4af0b3f627879bf6801db96949b1e71,2017-08-21
c998e2a47c31a541308c5a5529a5984c,f54984aefe46119362bc6a5cefdd90e0,delivered,2018-06-29 01:02:55,2018-06-29 01:15:10,2018-06-29 14:47:00,2018-06-30 16:08:52,2018-07-17,b25e5a264626707883741c9cd9c00aa4,2018-06-29
945fb6d37a9ca75061ff8741ae8c19ab,2ce5aa9694357295fe3be39eec08fe85,delivered,2017-06-06 16:19:01,2017-06-06 16:50:27,2017-06-08 12:38:36,2017-06-16 18:51:42,2017-06-29,065938485846aa5adc196cb536de42e0,2017-06-06
46df573bb73f96f2ac4ed61858107f75,73de624c5fa35f4c6207d7fbd1f87c3d,delivered,2018-03-30 18:55:43,2018-03-30 19:10:13,2018-04-02 23:07:56,2018-04-06 18:22:07,2018-04-25,5a1f8efaa6ce666e9622bf2e22c42aac,2018-03-30
b6da9829ce73e764c8023c98aec4c11b,498d10271008cca804780b5d186d2d82,delivered,2018-05-07 18:29:38,2018-05-07 18:50:09,2018-05-08 12:42:00,2018-05-12 16:32:26,2018-05-22,c91276cc83f4daf0cec3bda5ce666df2,2018-05-07
9e9138bd3b507ef4abf1341561eef059,fac45bc076b68600b3fb2a5b9ec76d90,delivered,2017-12-13 10:10:04,2017-12-15 10:10:03,2017-12-15 23:39:12,2017-12-30 14:44:40,2018-01-10,9a40d60a72979e881a8632a2b93f102f,2017-12-13
5b90b7cd9f630bcd19a1c11018344276,5ffcf72b399d2661c3c65d842934f2a7,delivered,2018-02-26 12:21:19,2018-02-26 13:00:21,2018-03-01 17:37:14,2018-03-23 02:51:13,2018-03-19,7222cde0b1f75fd757dc1f6047b32264,2018-02-26
f143b4254265e2ee46406904b7a5b746,6c159355cf46af35ee0afdefd08259f8,delivered,2017-06-12 20:51:00,2017-06-14 02:31:24,2017-06-16 14:23:01,2017-06-27 17:19:55,2017-07-11,878fbdc59f9b3ebb849adebc782c36b5,2017-06-12
53a72dbf29b3890aeae332e05c763169,56df243d9620485f06c20ca3325ca706,delivered,2017-12-05 14:47:59,2017-12-05 14:59:21,2017-12-06 15:24:57,2017-12-27 21:10:33,2018-01-03,11895a9c185b89bb03876311e9e8d1d3,2017-12-05
1268893eaba8446ae1a02da9bb6f4ef1,2e5b485a6182cb307549473e251dd4cb,delivered,2018-07-28 13:27:25,2018-07-28 15:10:15,2018-07-30 16:13:00,2018-08-06 23:57:34,2018-08-09,8b189442c30152c248236e0224c940c3,2018-07-28
426e4334378411f7d0ebc7ad5894acd7,d2ebcca77f822a056f56021a8b6c7c26,delivered,2018-08-14 21:16:47,2018-08-16 03:10:20,2018-08-16 10:17:00,2018-08-28 20:51:40,2018-09-13,e382875931fe45be2232c9dd85e4fa1b,2018-08-14
5a32dae759e50279bf8e1b2be65edd27,6b5aaff0e495149ec28705162bba2fe4,delivered,2017-09-28 23:13:40,2017-09-28 23:28:06,2017-09-29 13:37:28,2017-10-01 13:16:42,2017-10-16,053b7090271ed4dacbfe0afd6382bbab,2017-09-28
0232512713ff84ce6ae5c96971894149,dd697a2e78207fa7b19293cccfb33729,delivered,2018-03-25 11:20:56,2018-03-27 03:55:46,2018-04-10 18:26:48,2018-04-11 18:48:49,2018-04-23,2ac11480d9e3178481cefa0eb320be92,2018-03-25
4b8a9df9ba274aad716c78563815150f,98b6a69c914d183f551a75957794034f,delivered,2017-11-24 13:51:40,2017-11-24 16:13:35,2017-11-28 23:07:37,2017-12-12 21:21:57,2017-12-19,6d00e809b64c1df743ed5c06f2d7a04d,2017-11-24
bd90d63806137364d76965e61cfd6a28,0bd51eff36516c236f8eebce83579c43,delivered,2018-02-28 15:46:27,2018-02-28 16:16:04,2018-03-01 21:22:58,2018-03-08 17:39:48,2018-03-22,5ae030cc626df7448a863aaae63920c0,2018-02-28
37f67c0f08baff980a2be6e9216099dd,c4b610f8ee40f07c6f712253a91ab0a1,delivered,2017-08-15 12:05:00,2017-08-15 12:30:10,2017-08-17 19:13:28,2017-08-21 18:59:46,2017-09-12,d268084c48a453e8a5daa566ceb9c5ac,2017-08-15
b03fd938df9e8a597888994c096914f4,2e62730cbf704c88f31e3bea032a3e8c,delivered,2017-01-30 20:27:40,2017-01-30 21:34:38,2017-02-08 06:18:55,2017-02-21 12:17:54,2017-03-20,347dc668e37fdec762bbc337aff5bb12,2017-01-30
fae8533726bd31cbcb92d9bdcaf5e92f,213089066b2d574340d8bfa235e96e87,delivered,2018-08-01 17:38:11,2018-08-02 05:30:47,2018-08-16 09:28:00,2018-08-21 16:40:36,2018-08-27,e83dc0c59e87c761093ba2d286d558d1,2018-08-01
dd6ce2ca4b4f2f7b5698be76252d4c8e,2f9665008b5e1b69ca1799f5554778cc,delivered,2017-06-12 23:06:47,2017-06-12 23:15:18,2017-06-22 15:32:06,2017-07-04 17:39:44,2017-07-03,e17ddb851eb6f35f648cc1107cac1c45,2017-06-12
88daafa15ce9145c1cc5d0a5b4fcaab1,5e47f0b16c49d0a6b4fe98c879bd5f3a,shipped,2018-03-19 17:28:25,2018-03-19 17:55:46,2018-03-21 18:48:34,,2018-04-13,08995ff3d56d1423655c3b21cebe06bd,2018-03-19
cfc5bb201c1c2e3cb2a87ef3ef4b5357,92db95c5c6712934fb892c519b3aab15,delivered,2018-02-28 18:34:47,2018-03-01 18:30:56,2018-03-03 01:52:14,2018-03-13 19:57:28,2018-03-21,a28d7299d0cd5fe841801574ecf7c5f7,2018-02-28
c297e25bd82cc7de06d7cb843e1c599f,c675a2376ab75226f62b515ef498ba9b,delivered,2017-11-15 19:10:47,2017-11-15 19:26:19,2017-11-16 15:34:47,2017-11-24 21:48:35,2017-12-06,f498e66a64908ad6fce1e90a0c1515ad,2017-11-15
3a66d09f5706316fe219b632a7ba335d,3452e28259248bd268d8ac13c8446779,delivered,2018-06-05 20:49:40,2018-06-07 03:12:10,2018-06-07 09:04:00,2018-06-15 18:36:47,2018-07-17,0e101f12d010ac62d6cf27464fecdbd7,2018-06-05
fe9d34568d9ac7651ff018def29da70f,419de035a0a31527733258cce22a7bff,delivered,2018-05-10 03:38:27,2018-05-11 02:57:34,2018-05-12 08:18:00,2018-06-04 23:21:55,2018-06-08,08e5b38d7948d37fbb2a59fc5e175ab1,2018-05-10
aed8416bdc381185e18b6461d92b7456,222e58b2c32ff5d58bff9031851e1003,delivered,2017-02-13 17:59:42,2017-02-13 18:10:21,2017-02-17 09:54:41,2017-02-24 09:36:02,2017-03-14,606590dbb585f7ea2236c868ee4f4d27,2017-02-13
0543af37e49147c9e0293a6d700917cb,e2983b42ccebca9712d4c730925f3ff9,delivered,2017-06-08 06:44:00,2017-06-08 06:55:07,2017-06-08 15:04:18,2017-06-09 16:29:28,2017-06-22,63ec3f70cff3b1a768c6c3e5fd445353,2017-06-08
3879804f9a1c6b1f68351355cbe6aa6d,f35c644dfcac59c0653f4dbff3c3e1bd,delivered,2018-01-06 16:40:02,2018-01-08 11:11:25,2018-01-08 22:33:49,2018-01-10 20:33:26,2018-01-31,01018f26fb8b8a922c025de40a85a553,2018-01-06
178b158907db264674bbb552dd781169,78eb357340012ea630b73f91be6050b1,delivered,2017-10-19 16:35:27,2017-10-19 16:49:42,2017-10-20 19:08:12,2017-10-25 19:33:17,2017-11-08,5b1dcac3195ca1e1f72c8820c897ad6d,2017-10-19
63bb3cc42964994be6481295c706c8f4,9a3d1f2c161063cdfa6944e31352c45c,delivered,2017-11-25 11:46:34,2017-11-25 11:57:34,2017-11-28 18:04:28,2017-12-21 16:23:03,2018-01-03,77c4a4387dcb76a531043fc00e15043a,2017-11-25
4f369e46adec128db04e9e4e4d5f9831,0cbfc1862c3b8d862d15964d5ee3156f,delivered,2017-08-04 08:50:18,2017-08-04 09:05:07,2017-08-04 16:05:59,2017-08-11 16:33:59,2017-08-28,f45f0c063463c2fc202e31511811bc8c,2017-08-04
2a1a4f4ee767e53596c8202e5bc041e6,fba9938946afd9cd58e7be16ddbe9c19,delivered,2017-10-16 18:18:21,2017-10-16 18:35:18,2017-10-18 19:27:38,2017-10-25 18:26:11,2017-11-06,0ca97900e34e5815ebf8b4e7f7883e74,2017-10-16
1643b03ca11567c439096a981a2dc14c,1576435038c52a6ec02a0a6e23670ced,delivered,2018-04-06 17:45:28,2018-04-06 17:55:25,2018-04-09 23:21:48,2018-04-11 17:24:39,2018-04-24,d849e6dec60225ffbc33734085906919,2018-04-06
96a54272b41b5689f72e71e52cd9d3f6,94ed4f73e041f303e134d5301242aa20,delivered,2017-11-07 22:54:11,2017-11-07 23:06:16,2017-11-22 19:28:31,2017-12-26 23:58:47,2017-12-06,788021712368c17849962e2139ddd07a,2017-11-07
d2f55c412b906bd31c6a464fcd59ee26,80cbadc786014b90f9ca6ca5eb2017b5,delivered,2018-01-08 13:16:19,2018-01-08 13:31:55,2018-01-09 22:48:47,2018-01-22 17:48:53,2018-02-01,d01bbef422a9765499b264c872c403cc,2018-01-08
87cb6bc6178f0a340e40123b7b042243,8cc2e82d06a4d26a4f9a6863f052d271,delivered,2018-04-14 20:19:07,2018-04-17 05:55:35,2018-04-24 00:54:51,2018-05-02 18:41:22,2018-05-17,b1153ed93605e954b8710b36c8c5f5e8,2018-04-14
4ae0a4ebc7224b287836fc665b499b69,d66fa96edd46013ecf2ee21ee3213c5b,delivered,2017-11-25 00:20:28,2017-11-25 03:11:26,2017-11-28 21:47:36,2018-01-04 16:17:48,2017-12-22,3ca3af5f66c7a304b1830e4e33bc7243,2017-11-25
78eea5889aca707004f143f0f21f9c9d,db0900b1316983cf17883bc825c2c212,delivered,2018-02-17 15:19:57,2018-02-17 15:30:27,2018-02-20 19:19:13,2018-02-27 22:12:22,2018-03-13,1aad3d0b92ca136bd677564a46cbd08a,2018-02-17
5fe1e6d0ef84cf34adf79cdc569a3b72,ba5ea075962cdcff04b20125e61abd7a,delivered,2018-02-06 18:07:29,2018-02-06 18:15:36,2018-02-07 20:22:39,2018-02-23 23:57:10,2018-03-06,5d1fddfdc43e0fce1c725006b1b5aae3,2018-02-06
8639704c24e02476092cfccc3d4fcda5,c1797b9677f373db559a181a226f1c4f,delivered,2018-03-22 16:46:47,2018-03-22 17:30:27,2018-03-23 22:08:38,2018-04-04 22:14:27,2018-04-23,19310f5fdcb2e566da1235fb4ba09af8,2018-03-22
7d95b7b7b3b608ce023db6ed122d47d7,57f2f8e668dbebe70d744e81b09c5688,delivered,2018-08-15 22:30:27,2018-08-17 03:31:11,2018-08-17 11:10:00,2018-08-23 14:52:52,2018-08-24,4ed7f0447400a96b83e39bae5d29220d,2018-08-15
284e6746559a13cf16f5941bc6872c4a,27819c7bf58f2f0880a4a36c83a4ec04,shipped,2017-12-08 06:40:39,2017-12-08 07:11:04,2017-12-12 20:09:35,,2017-12-27,044c97712415505089c9208584c290a8,2017-12-08
eea701bd5c437bfaf0e473c9012e9aae,985106ebf9db15b5b9519021e22af000,delivered,2017-07-24 18:02:24,2017-07-24 18:15:08,2017-07-26 03:11:13,2017-08-01 19:35:41,2017-08-24,23d5dbec8cd82a1e8a23741df26e1d70,2017-07-24
9c9f7b0c21d98c81b75246bb758c386e,bc523f15892160de30ef845c2a2d406c,delivered,2017-10-19 23:00:57,2017-10-20 00:06:03,2017-10-20 20:59:07,2017-10-27 18:43:42,2017-11-10,0c5e05aed5511ddb197f9a22d77aac00,2017-10-19
324390b70e40e80315c594d323f03798,fce4759d6e9d0ff4f6cbe26defda94e1,delivered,2017-10-06 22:30:26,2017-10-09 10:14:24,2017-10-09 20:56:10,2017-10-13 18:13:13,2017-10-24,518199e5f36305bffce18e38aa2642aa,2017-10-06
0d6fbe13e1bee14aa67cfcda25ee1781,a85aa0eaabbe195c286dedb52f4c8d21,delivered,2017-07-04 22:57:31,2017-07-05 17:40:17,2017-07-06 15:40:01,2017-07-13 21:37:02,2017-07-26,b11721d9def930052187b45b2b59a3b4,2017-07-04
89e2bc56c561f718d762250d9d6eb0bc,1f144031daea5ff030f43cbd0fa1a63d,delivered,2017-07-27 20:09:44,2017-07-27 20:25:20,2017-08-01 19:27:23,2017-08-09 21:17:45,2017-08-18,1cb59b42615332de70ac6d65a78ffdba,2017-07-27
da779b6680b82d9dc38f900be7380323,7175c3ddc838d1b8c05b7b6db00116cb,delivered,2017-07-23 18:42:22,2017-07-23 18:50:21,2017-07-24 16:56:45,2017-08-04 17:25:42,2017-08-23,59505fb0da3eb998196a0f5e46907557,2017-07-23
72cc323f3c9599bd8a9b0da165a18094,db5f034dd00f1a2750926b34522f7761,delivered,2018-02-02 18:17:40,2018-02-02 19:03:08,2018-02-05 22:19:38,2018-02-06 19:49:02,2018-02-20,576d20b44ca0abd3b6f768d9c7848e2d,2018-02-02
a29fb245759386c446688eb1d7e07120,bd6415726ba4ca2aeee0ab3ae08bd1cc,delivered,2018-04-11 10:47:51,2018-04-11 11:10:52,2018-04-12 19:18:32,2018-04-18 16:05:37,2018-05-04,a27ca82e1be334b38bed939304014219,2018-04-11
e7d13304a29e6bd28f4a937a5f2507e5,339af9088f2a9c29a73e37c89bb4aaba,delivered,2018-05-08 14:12:49,2018-05-08 14:30:37,2018-05-09 10:13:00,2018-06-15 13:48:47,2018-06-01,2f8c76bb3a49e13564488b54143d9817,2018-05-08
d89f2bc7981ac77675e55868ec92f7c4,f5f6c170b9d5baddcecb941d12b9148e,delivered,2018-01-15 14:19:16,2018-01-16 03:38:48,2018-01-18 18:49:14,2018-01-22 13:29:24,2018-01-30,5030fe6e2b419c33bf28634f5dc78aee,2018-01-15
54b267f79786d7ac585ab0aac88d6da6,94873ba8c3246266e41b6f9bd3bc1cca,unavailable,2017-07-24 23:36:40,2017-07-24 23:50:15,,,2017-08-04,e37b8ebc20995d016a18233570d37ada,2017-07-24
c62845da78b3e229cd5e0914607771e7,89adeb7c49556fb4c0ea5a90291e8a62,delivered,2017-06-01 16:23:58,2017-06-01 16:35:19,2017-06-02 15:30:16,2017-06-13 11:28:01,2017-06-22,80b802cd88ff70ff813c1c7ce62084f5,2017-06-01
793a100cf28df6888d0a77ae91032263,d220f8978da3b1262782fc27c5caf747,delivered,2018-03-15 09:46:23,2018-03-15 10:30:43,2018-03-16 22:42:01,2018-04-27 18:58:42,2018-04-03,d59022628f71ca843bca40fe85ad80bf,2018-03-15
8a9e343b555f0310262707c47d4909bf,cb03a28ce49098248b6722c38d00320c,delivered,2017-09-11 13:36:18,2017-09-12 04:55:19,2017-09-12 20:16:35,2017-09-19 18:24:56,2017-10-03,aa18250d855f2d19f6f0deb9dbb1753f,2017-09-11
7889e9a569a5488a0c9d93381a13d5ba,d49398157dec1751afd66073d61c5443,delivered,2018-07-04 15:19:13,2018-07-05 16:13:18,2018-07-05 13:59:00,2018-07-10 20:28:46,2018-08-01,cf5312d1e36fd9513965c68fe57619a3,2018-07-04
15b491e3b8cc65b5a45e2b1bebd89042,351635175fa82fa267190c70c28d7996,delivered,2018-07-05 16:46:55,2018-07-06 12:11:00,2018-07-10 14:30:00,2018-07-13 00:08:26,2018-07-18,73b05ec5af78e1187444350b6ee5f573,2018-07-05
61a9adbc73db5e5c33e5d6d528f8846e,d5530638f8cd8082128e4e66392595b7,delivered,2017-07-19 11:57:10,2017-07-19 12:10:25,2017-07-20 19:49:37,2017-08-01 15:48:01,2017-08-11,cd8778eec8cc64ac257d4f1e882da7d8,2017-07-19
d692f0481bd794d936f4dd5bc15b461f,c89b7f5621fd31116496f32f0090687e,delivered,2018-04-02 15:14:35,2018-04-04 03:09:00,2018-04-04 21:33:05,2018-04-11 23:12:21,2018-04-23,9601a8cc22ee0e8b594f6890afe17f1e,2018-04-02
1aaa0de1005b5e253fd4805a69715d65,4cb3cebdeb4cd995bf7aa8d6a2311734,delivered,2017-05-01 21:58:35,2017-05-03 11:15:37,2017-05-05 15:08:36,2017-05-11 15:07:45,2017-05-23,82241754c9cda9fc1cd569cd663b5dec,2017-05-01
5f67873cb4b18c98b9f2015eaae0a752,985473c68761202c6c666b4b8be681a5,delivered,2017-08-23 11:17:29,2017-08-24 03:05:22,2017-08-28 20:43:38,2017-09-05 20:34:59,2017-09-19,edfc9b9dd23cadae2c99bed8d96838c7,2017-08-23
777d466afbadf685826ca5de0e152684,0e8c082d3f791f7a8e681a8afbb3853b,delivered,2017-06-06 12:38:42,2017-06-06 13:42:50,2017-06-08 15:06:02,2017-06-13 15:22:37,2017-06-27,a8ab97640701ddc0655b8a0011983752,2017-06-06
103298c1f34006ce17094246325d0322,389bcb3fa1beaa437287cb5784316286,delivered,2018-06-28 23:24:34,2018-06-30 02:35:15,2018-07-03 17:14:00,2018-07-14 12:03:37,2018-08-03,96dea83b5ecea3e5323fa13d30996d26,2018-06-28
56a80792281d114fba8f25d20fb087e4,5b5f9dc350d00efc166dd828b9950edd,delivered,2018-02-10 23:18:21,2018-02-11 23:10:21,2018-02-14 20:52:42,2018-02-27 23:44:54,2018-03-12,e88d33deb1c39d5e44e5034f67f38761,2018-02-10
cf2b1b5aa5205a5c2e895d05702ba9fd,bfd018af662649c8de5067e6564953c2,delivered,2018-08-10 16:02:36,2018-08-10 16:10:20,2018-08-14 14:20:00,2018-08-15 17:31:49,2018-08-15,df4de4056ce6baf02cddbb9437a748a4,2018-08-10
c74cf1ca276671008659269ab5a0d058,cada61a3712a4c8ba5d7f30dad2b454a,delivered,2017-12-16 14:34:51,2017-12-19 09:51:54,2017-12-21 19:17:19,2017-12-22 16:27:59,2018-01-05,543ce8a3aff1e7ddfe9157c99047580d,2017-12-16
b1b7fb18867782ce1a5d931650b3ee5a,5dc7b6b6d2c5ccabe66680825f740cbe,delivered,2017-11-09 19:02:22,2017-11-09 19:11:29,2017-11-10 22:09:27,2017-11-16 17:51:11,2017-11-29,ab585ec071ab510855a8ddd19f4fbd52,2017-11-09
cdeb08f89f720090a01797f553cc8fcc,1d0da8bb4dd97014f97ee0e96df2be75,delivered,2018-07-16 22:53:03,2018-07-16 23:00:40,2018-07-17 14:23:00,2018-07-26 14:08:52,2018-08-03,37582cc8ad0aa747bda8097d37580545,2018-07-16
c20d393462543fa2a0fe511aca2245e7,90043fb9e26697db68f4bad3e4783ee4,delivered,2017-05-05 08:50:28,2017-05-05 09:02:12,2017-05-11 10:20:24,2017-05-22 11:54:34,2017-06-05,5ea3f5d6583bddba169b4cc2bfe48093,2017-05-05
e570b7a982fdedf52878701b861610bb,d3ed0bc84d6917aec56f78c98edeb2c4,delivered,2018-06-27 08:21:01,2018-06-29 02:53:23,2018-07-03 10:59:00,2018-07-21 15:24:38,2018-08-01,6f47b0cf6a2ee5be0de5293a3ea69303,2018-06-27
5e9a82a7ea8034ac99aa27cbb7bff356,3a03d0a8709a3334991e4d5b416174d3,delivered,2017-07-24 17:28:41,2017-07-24 17:45:12,2017-07-25 19:13:32,2017-07-31 18:12:25,2017-08-11,12bae734f87ec38f6ed67fd151a52b0a,2017-07-24
c14276f26a0791a1773e6da7b07db230,86aa08ad9b72bb15edf9488c82b68ef3,delivered,2018-08-26 18:03:59,2018-08-26 18:15:11,2018-08-27 16:34:00,2018-08-30 22:52:54,2018-09-13,42ec563e2babfda0488174ceb9e43912,2018-08-26
76fa5079bacbb2380a971adbbc40676f,c289a8b97cf8f2002294264da18523aa,delivered,2017-11-25 07:56:05,2017-11-25 08:15:28,2017-11-29 13:38:40,2017-12-04 23:57:39,2017-12-29,3ad1b2ca0afbff16e86276e107bd0b10,2017-11-25
37c784fc18298a8c578de2bf806fdcff,39623b729aa1b91a230f0390b610271d,delivered,2017-11-07 17:16:07,2017-11-08 03:26:37,2017-11-09 16:42:01,2017-11-16 16:03:41,2017-11-27,6f884c366e43f1675025265af19b7612,2017-11-07
987e9593668be10f799158973ca6fb87,d1dac904be59e9a142e30ad313465c2d,delivered,2018-02-22 20:50:24,2018-02-22 21:08:28,2018-02-23 23:39:23,2018-03-15 22:33:17,2018-03-16,6c046e8d29ded86ad39d782170edf524,2018-02-22
c2f98ca0df773c12e9a3001fd986d24c,a5fc400813ef7b63bbc32b0b78dac4a9,delivered,2018-08-14 13:26:38,2018-08-14 13:44:20,2018-08-15 14:14:00,2018-08-21 23:46:23,2018-08-23,93ae63a9d45d5def4a2fecc134ce7876,2018-08-14
2668da32aacf500cc535a4915f6efd91,bf44c65b0e07eaa3659c0c5c9ecbce69,delivered,2017-03-18 18:00:19,2017-03-18 18:00:19,2017-03-22 06:51:56,2017-03-29 17:07:43,2017-04-13,99dfc6f2ac5d9c4efedb4c10a1a58c40,2017-03-18
1265611726ff5db3cbc89ad405de41f2,0d1d140a2eba714646e5412bb9ffe112,delivered,2017-11-17 21:14:58,2017-11-17 22:00:25,2017-11-20 19:24:26,2017-12-12 00:49:53,2017-12-13,0ecdb574e2d70ee122c5e7b0036a756c,2017-11-17
d85ce87a3af93d77d9ffb99a90c76710,0e0af490d67b53659df4023f40355891,delivered,2018-08-24 15:05:27,2018-08-24 15:24:44,2018-08-27 12:30:00,2018-08-28 19:38:38,2018-09-03,b737080f3fe9b5ed96d127123d62688a,2018-08-24
af516db8ac29ad210281b90ef0a33d19,5d9c4fa98b6581a8b423c21a9b9c42da,delivered,2018-06-14 16:31:54,2018-06-15 16:40:46,2018-06-20 03:09:00,2018-06-30 11:28:40,2018-07-12,2d655bc11e3f85048d9ffc209cb2d450,2018-06-14
768af91be1cb476b3377ca5adf097203,6143a8e0179e0771a2338d843163b338,delivered,2018-01-25 16:56:25,2018-01-25 17:13:21,2018-01-26 20:56:56,2018-02-14 19:51:43,2018-02-19,15fcdf53d7a8d73fe5e95abe5d965b6c,2018-01-25
49bd41f48c18196e903f49c327dc57f6,a97720ccb43c16804cdb040cb2abb010,delivered,2018-02-02 03:44:56,2018-02-02 03:55:22,2018-02-02 17:03:18,2018-02-09 17:52:26,2018-02-26,8a36a63cd09534f2948bc5180e400ad8,2018-02-02
c6af19efddaab0233a1eeeb34402bb99,830fa7b2112959241fe6bae73110c547,delivered,2017-11-22 10:45:53,2017-11-22 10:59:21,2017-11-22 22:46:48,2017-12-05 22:36:54,2017-12-18,af2a4de59ae1aac7e6d808d7be2275ab,2017-11-22
72e0f9322488f1699387c833d459d87b,7b6e9e865f38a9302c055f5a9215b66a,delivered,2018-01-21 23:11:15,2018-01-22 14:03:40,2018-01-31 20:33:06,2018-02-09 22:17:58,2018-02-06,1f9a1e26169cbfcd6803b943013d9fb6,2018-01-21
7cb0462fe3de278ba58f5ae3e6bdac4d,200dd0eca06c80249f4f9960b940eeb3,delivered,2018-08-08 23:32:31,2018-08-08 23:45:14,2018-08-09 16:08:00,2018-08-21 12:55:28,2018-08-28,877e4d5642cf4289c44d174be9f4ff94,2018-08-08
33d14124f0c894a2390998ae1015abf7,758d50f309f2f5f92b1d45497b54bfb6,delivered,2018-08-05 18:40:12,2018-08-05 18:50:11,2018-08-06 15:42:00,2018-08-07 18:46:37,2018-08-13,b8363ff39b2e549ce62a62b0197ddfe3,2018-08-05
6fc77fe0941b9747d5cc3deae6025a4e,8d7bcfbe8caf1c7d288c6aabb3fec69f,delivered,2018-03-01 18:30:52,2018-03-01 19:09:35,2018-03-03 16:13:08,2018-03-16 22:51:53,2018-03-28,d56341389b1f3e965dba4e5db4bd6b6e,2018-03-01
8e90c3fae41af15f01fac3ca5b6037fb,edd4409bccadd8e40596bb9d66c91bf3,delivered,2018-03-07 00:16:37,2018-03-07 02:01:02,2018-03-07 18:07:35,2018-03-15 20:11:31,2018-04-09,690553ba84e75d81d9248b7267472d30,2018-03-07
b77da58943f12a6562df928e821440c9,9016eebc5e82203ee2a3f014ec00c808,shipped,2018-06-28 20:56:28,2018-06-28 22:01:13,2018-06-29 14:20:00,,2018-07-24,b2a10ac7df4d1c125611afeef752d1ae,2018-06-28
849d475e530e0dc2250a64fca7a93dbd,77d891f6da5c895bd54f19bcd9c78de1,delivered,2018-01-31 19:19:07,2018-01-31 19:30:27,2018-02-01 19:29:29,2018-02-19 21:37:20,2018-03-01,f11d5ac1d818d7824104ee844dcd9e2a,2018-01-31
2ee0dd09094bb9568b06bc1ffbe9f4ec,76df3b6412d4883dbc84402a5c659b5d,delivered,2018-05-28 21:02:23,2018-05-30 02:13:51,2018-05-30 10:17:00,2018-06-26 21:24:45,2018-07-05,93ed318c43f54a2162e4377e7122ee0a,2018-05-28
9aeafd098ce4b1ba99079b89a2ea3d49,ce044d9d17e942154d8b9d2e45da8dc9,delivered,2018-02-06 09:12:57,2018-02-06 09:30:23,2018-02-08 00:28:35,2018-02-19 14:35:50,2018-03-06,70281191c9c745c080576c931d488398,2018-02-06
f7772489190a216873e672f837696a40,bb361bac285a47a4b5eb3b3310fd0835,delivered,2018-02-18 21:06:07,2018-02-18 22:07:24,2018-02-19 19:59:44,2018-02-25 15:34:02,2018-03-12,4fd8f4785adc050c361c254865202d6f,2018-02-18
c217d6e1f593a5fae1b7efaf4dd26201,5199bb48202f3031e57bfa84b3a1f740,delivered,2017-12-21 16:09:48,2017-12-21 16:30:04,2017-12-22 17:48:02,2018-01-10 15:37:34,2018-01-22,f8dbcd5363e6a34ce893b16a45c57300,2017-12-21
bc2ca758b82d10e0d335c8eb12349128,71470c77752ae4d613157eadefe91165,delivered,2017-06-25 01:02:11,2017-06-25 01:10:16,2017-06-26 14:40:12,2017-07-06 14:37:30,2017-07-20,227d47f085083b8fa3b3f1540a4fdb05,2017-06-25
69461f29dab0cf81b5f953ae062a767c,210ffab666bcaddb7fcd01a83ab41287,delivered,2017-07-14 17:35:06,2017-07-15 03:25:52,2017-07-19 16:44:51,2017-07-20 17:26:57,2017-08-01,909f30c4466f118de275b96dd7f3dd4a,2017-07-14
a96a09a27673f20f77e888e9cb0b864b,d56ce285564b088a3815fb59f5be3319,delivered,2018-01-16 16:38:03,2018-01-16 16:52:20,2018-01-23 00:21:38,2018-02-05 22:13:38,2018-02-08,f19b85418986b50974d65193ce9944e7,2018-01-16
b5199c66306c07a949f9a9069f7fda57,306cd7574a5c838fc55238047aa8df9b,delivered,2017-08-31 20:54:05,2017-08-31 21:05:40,2017-09-04 21:03:08,2017-09-12 21:41:57,2017-09-20,e08a91380740a10dd3fac40eed46246b,2017-08-31
1312c3e9b13335ff82ee5ee0599e9e60,c1e9dba3947601bb23131049e3ec1952,delivered,2017-09-18 13:36:42,2017-09-18 13:50:15,2017-09-22 18:06:03,2017-10-16 09:56:50,2017-10-10,1e9bf8e5b78ac7f494ee92eb559fc8c6,2017-09-18
821ab83aee62992191306118d37fcb3c,7cd727f4c16ab0b4ba4cfd760cee2316,delivered,2018-08-27 08:51:54,2018-08-27 09:05:15,2018-08-27 15:48:00,2018-08-30 01:53:46,2018-08-31,16ef6c182ebc80545e8bd7f7216e5b8d,2018-08-27
7d695cbb791e6b56ac8a913e1fa9fbe8,b8febf0469319c4cbb2379e1a0e6fb6c,delivered,2017-08-02 10:22:16,2017-08-02 10:35:23,2017-08-02 23:57:39,2017-08-07 22:26:58,2017-08-25,7716312abf4518205d576b998825e95a,2017-08-02
59ee573107dc652d64099e2e834aa730,cd7ee6e3367e5736cecb04f82769db7b,delivered,2018-05-21 08:15:43,2018-05-21 08:31:00,2018-05-22 15:30:00,2018-06-02 21:56:27,2018-06-08,beeb7358d68ef0a3115fde6746b9a8d4,2018-05-21
31b7c794ac6847e341414fbd8eaa35b2,867373f3bc57c4e4b2325fd2cd0eff02,delivered,2018-05-07 12:59:34,2018-05-07 16:34:04,2018-05-08 12:22:00,2018-05-09 17:41:31,2018-05-17,a2991a4030e8dc9a267aba213332390c,2018-05-07
5d1ab3e75c76552ea4661a441fe24d78,892531dd80efb5118f754ca4edaa3a74,delivered,2017-09-14 14:16:00,2017-09-14 14:30:14,2017-09-15 15:51:41,2017-09-22 23:38:54,2017-10-11,ac788b5db69082746eb204f6edd349a0,2017-09-14
96b58ad037abdd4b7ca509a3009cbbe7,554948f6a0ae8d35fb121314372077ab,delivered,2017-11-26 16:18:12,2017-11-26 16:36:05,2017-11-27 17:42:10,2017-11-28 20:42:08,2017-12-11,d4832e69f94e0dbd759b42e2693e3417,2017-11-26
8b4bddf7147c2e258a07697c3db41203,7994fb833e6c8f40ad229e30fba8ad46,delivered,2018-02-23 14:03:50,2018-02-23 14:15:52,2018-02-27 21:06:00,2018-02-28 12:48:45,2018-03-16,0a8b3d8908fd5d89afd05e074977a476,2018-02-23
e58fb7bfd033514475ab0883ded704f4,3644d5df1c9855d164c277d91bf4a7f4,unavailable,2017-10-20 07:33:10,2017-10-21 03:07:30,,,2017-11-10,8cda74bcb48b709a90e5441e19b1d759,2017-10-20
af71d2ac9926b3c080b892c4882849c2,7bb166661778505b89811ebab082883b,delivered,2017-01-31 16:23:28,2017-02-02 02:41:12,2017-02-03 13:49:50,2017-02-14 07:41:14,2017-03-22,c0b64e84c7ec378cd26a904ce0f29764,2017-01-31
e17f915ae8dee836e44f72c948c09d13,3657ad6af6f097cac2927c15d0c48100,delivered,2017-07-27 08:49:19,2017-07-27 09:42:52,2017-08-07 13:58:11,2017-08-23 22:43:09,2017-09-01,62a4f744f58121dbfb48e71504921d26,2017-07-27
ac3da9b0adcc3d95a2e919b1505788f4,4ce8826c2e5ca83f641984f18dd6080b,delivered,2018-02-24 21:24:32,2018-02-24 21:30:31,2018-02-26 19:55:04,2018-03-14 17:08:39,2018-03-21,73c0568ff31e4e473cea801e09591f7f,2018-02-24
42b4cc626bcba589ae76151155a70a19,ba3d90bfa6b7848fe808642eec413a4b,delivered,2018-05-02 17:46:27,2018-05-02 18:32:50,2018-05-04 12:37:00,2018-05-08 19:33:02,2018-05-29,dc26b768287e86bb3ac6eb3b5aa6c078,2018-05-02
6b08bac55e7aba141d62c13bc3cb97b0,86036e031e6a27824b98ae995119bea3,delivered,2017-11-29 10:16:41,2017-12-01 11:31:36,2017-12-06 18:52:57,2017-12-12 20:29:19,2018-01-02,5b3ae78b0db449677904b185916b6d91,2017-11-29
721fa08ba1208bce0d5642af802d2586,608fa8d834caa1d24ef0fc83a3bd9617,delivered,2018-05-01 15:28:31,2018-05-01 15:53:46,2018-05-10 14:54:00,2018-05-18 12:37:26,2018-05-22,e58c94927554fffe94e83fc803e7e68e,2018-05-01
3fd7b46e6db1b2d7094ad6a73685ccc5,e21646ba7ddc970626699297b40fc428,delivered,2018-03-13 09:55:40,2018-03-15 03:10:10,2018-03-16 15:56:42,2018-04-13 14:32:48,2018-04-13,a9180fef5856f2ea4dc394f4470ec591,2018-03-13
bcc4d7b9422f45610ec4008b5012e842,16b64f7b6d8c8a1952ca8b8bca2c5a30,delivered,2018-01-02 13:33:04,2018-01-02 14:31:52,2018-01-08 18:05:33,2018-01-17 21:53:13,2018-01-24,4d8b0f13351d2525b0177089f4f72540,2018-01-02
7f8903f6568b27ce902d983d179386e1,8bc9c0365d8687a8e8d814caf1af821c,delivered,2017-12-07 16:34:09,2017-12-07 16:51:48,2017-12-08 18:53:18,2017-12-19 01:41:44,2018-01-08,5650e95cbd234d30d80befa7c4ab1618,2017-12-07
7c16f82261b598ba393f29f1d992c1d8,f1fa2c750e749e489428a52f4a83d165,delivered,2017-08-03 11:22:29,2017-08-05 02:55:18,2017-08-09 17:14:25,2017-08-11 18:13:13,2017-09-01,7bc3e3e04d914c88c93d683b6d095167,2017-08-03
380e56f1fd27f6b37f38fc5fef8c76d0,91cbdb19cc0cb23e62b4f291f0c1e41e,delivered,2017-06-15 17:27:41,2017-06-15 17:42:43,2017-06-19 21:12:58,2017-06-26 09:29:01,2017-07-06,059651e2ae17025bfe1e9aee451c94d3,2017-06-15
061eb3fa9ee22a8dc3c90060e5a637c9,2ec58f2c612ff2a103859e7615e10a52,delivered,2018-05-30 12:06:45,2018-05-30 12:29:37,2018-05-30 14:55:00,2018-06-12 17:34:28,2018-07-03,6f44e0e9c2553c98d619d8c5394f984f,2018-05-30
f0950a8d82cf4cec34b8eab654139dad,2e172a2f3360de6161cf4182f0020848,delivered,2017-08-10 17:19:42,2017-08-10 17:35:54,2017-08-11 18:06:57,2017-08-16 18:59:00,2017-08-30,66dc6011c7df478233a09360f68dea20,2017-08-10
3f7e2597afafe07f94a15e7f5da01135,a234da507a5f205f769bb15c6b6f984f,delivered,2018-05-02 20:17:18,2018-05-02 20:53:31,2018-05-08 08:27:00,2018-05-15 15:01:05,2018-06-04,329a1cab27467bedc6c0bb79c47948d3,2018-05-02
6d593e5622aab63ba5830ea1dbfaecf9,7a3021c54104f38d7628434dc0e748bc,delivered,2018-06-19 00:19:37,2018-06-19 08:36:58,2018-06-21 14:18:00,2018-06-26 22:48:49,2018-06-29,698eb77f4e92210ab9d6a4103cfe5fa1,2018-06-19
489e6c889dd29088ff5646a8c6d106ad,0551ebc96733a7f875a0018f90cb7d44,delivered,2017-11-19 17:22:28,2017-11-19 17:35:30,2017-11-21 18:19:08,2017-11-27 20:26:53,2017-12-12,e34cd2c2f4ddfa97d53c9a1c8867c71a,2017-11-19
5cd334950cf4627e45b33a86ddb5248e,0d8933441b7876edc0ba60aead4b1bb1,delivered,2018-01-28 17:49:26,2018-01-28 17:59:35,2018-01-29 20:13:18,2018-02-07 20:03:07,2018-02-26,5b1dfafc1f90425a6c2d12e1c1cfdd3d,2018-01-28
87ecc025e6e05e1bd65706f6d689856c,9c58fe04f9edc80e747a3e419b120d6c,delivered,2017-08-27 22:34:25,2017-08-29 04:50:59,2017-08-29 19:26:10,2017-09-04 20:54:02,2017-09-15,a900be89f5ba5dee7939593f6b98a643,2017-08-27
2d7112fbe786c9c56050866c853e3a7f,2a0ae78342ed766c8dfd9f7b09e300d5,delivered,2017-12-05 19:03:13,2017-12-05 19:17:31,2017-12-07 21:03:22,2017-12-11 20:16:58,2017-12-21,37d0b647301742b1b17d627e4c10aeae,2017-12-05
f3da9dfd7e7fc1da0f3a6b4455969c04,f57e94320f9f8c94e5c239fdb1557846,delivered,2017-07-05 16:31:01,2017-07-05 17:54:54,2017-07-21 17:57:45,2017-08-02 18:37:44,2017-08-10,b5d10141ea7d2269c703257d5cea9213,2017-07-05
33c7fbae8a82787f5f5524eaf5d8097f,93ca9447a930ae7ce4da8ef3c0380833,delivered,2018-03-19 09:42:32,2018-03-21 02:49:03,2018-03-21 19:28:30,2018-04-02 21:14:41,2018-04-05,d8e348207ff3b03f0100d26c060b7ee2,2018-03-19
6c073a22ff6009da282ea6c30102f996,fd21e05c87eb8feb0e94bb41b85efcf4,delivered,2018-05-24 09:19:42,2018-05-26 02:18:29,2018-05-30 14:48:00,2018-06-07 23:41:00,2018-07-02,65f2594d31715a231497f523ef635e1d,2018-05-24
c79cc9cc01a118d224618bf964a0c1ea,e63d3cb3e05d2867f4e2dda6d0fbdd8c,delivered,2017-04-19 13:49:05,2017-04-19 16:15:23,2017-04-27 14:43:24,2017-05-12 12:33:03,2017-05-11,de7d44eabd274ea6224e86adcf0064aa,2017-04-19
4830bd8fff96f1bb97dd5db5220f4817,feef9d2ebd0024cbb17471825fedfa6a,delivered,2017-10-15 20:15:34,2017-10-15 20:28:18,2017-10-16 20:09:14,2017-10-24 20:12:56,2017-11-07,334ccf827601f338d13820e17b3bfb77,2017-10-15
16bca95ea5b4327cdf4a33ba25fa9760,7c8df632741577655c609c9d71b69720,delivered,2018-08-12 16:11:49,2018-08-12 16:25:18,2018-08-21 13:15:00,2018-08-28 20:03:39,2018-09-05,789399a42b8759f374cc489d7c799090,2018-08-12
48c1913bab1f9f2b5452dfb560fa1ec7,0dec7b13d0c9ea6f20d475024b1f7184,delivered,2017-04-24 19:49:02,2017-04-24 20:02:31,2017-04-27 10:35:06,2017-05-04 13:52:42,2017-05-11,56cd9f3622c4e4c869ea8f87aa540897,2017-04-24
f67e663b2ff655ebf56d06f6fe7f6a97,b0d611da05e980fa9beeec62f772ceb5,delivered,2018-01-07 18:30:33,2018-01-07 18:39:17,2018-01-08 21:45:01,2018-01-24 18:51:34,2018-02-07,1a2a05f9b2ab5b51ea81c94b264c8bf0,2018-01-07
bcbc0973414b1dd97555e6f8e9713cfa,3f6f000d5b0a959f38481fad4ab7cac2,delivered,2016-10-04 23:59:01,2016-10-05 03:45:41,2016-10-09 03:45:42,2016-10-16 10:41:50,2016-11-28,221234182f828fb9f2a4ba9c89874ede,2016-10-04
6eac1dab00b500f0d065b243b657d0b0,a8e4d528c09b1b6701121e1965defd35,delivered,2017-12-12 22:28:42,2017-12-12 22:37:33,2017-12-13 18:25:03,2018-01-03 16:38:09,2018-01-09,f95378253b32b714adacf7c352db9e2c,2017-12-12
a1abe44712c1781003be14dfbafdc284,b98c8f572416ae1355be90eb017f14cb,delivered,2017-07-17 22:19:33,2017-07-17 22:30:24,2017-07-20 18:47:39,2017-07-27 20:58:51,2017-08-14,2111a9c3d770c0518ba59d5beb22a078,2017-07-17
319bc82f24defe9aea4274a6bded23ab,9e1540e5915a50dba7073759d4efd583,delivered,2017-11-18 16:27:57,2017-11-18 16:46:01,2017-11-21 13:46:55,2017-11-23 13:22:14,2017-12-01,c0509748921a2c0005ce9a3d854e450c,2017-11-18
f633fefe2dab012ecd550010242ccf0e,73ac0efd1b1b1bad5e8011e747eded45,delivered,2018-07-19 18:52:21,2018-07-19 19:03:17,2018-07-20 15:16:00,2018-07-27 16:02:08,2018-08-03,7e18c0844585b81aa93c9c00204a06a1,2018-07-19
85abf987df0b38005eb6c91fb55374c9,4495ad62072452e2be047d8687da5be8,delivered,2017-08-14 12:39:56,2017-08-14 13:15:20,2017-08-17 18:08:43,2017-08-18 21:59:58,2017-08-25,dc6543417ebe9a848af8aa2d9c4d2630,2017-08-14
693ef2b7087823ffc033b0d94ec8af49,f6ca9065104bfd1f327114b8ccce1509,delivered,2018-01-20 12:41:46,2018-01-20 12:51:00,2018-01-22 18:49:05,2018-02-05 16:12:25,2018-02-20,8fc53b7dfa57b193078e4f83842b0820,2018-01-20
45d6496459628cafb729eca97ed10f4b,711963c7bb1c3afca68db306dc011580,delivered,2017-07-07 17:32:20,2017-07-07 17:45:13,2017-07-13 20:33:02,2017-07-22 03:08:38,2017-07-26,8f2fdc7067b9aeb2753f5559da031c0f,2017-07-07
6c0356ab340ffa364f50daabfc65f1fa,021d6c6614e8f9ad30985e8594bffe06,delivered,2017-08-11 15:30:43,2017-08-12 06:43:56,2017-08-15 15:05:27,2017-08-22 19:37:18,2017-09-04,726c6fbe626251ddd65b587cc8b57aa5,2017-08-11
5cf545017493456f694c201f5019515b,c02524c62762e2a04a2b936b7f06f16d,delivered,2018-03-01 01:04:05,2018-03-01 01:35:13,2018-03-01 20:49:12,2018-03-12 14:08:57,2018-03-20,892ac24257898487199e2731484f1dc6,2018-03-01
83d214da3624ec29a433e01e7ec0f492,34b0bd805c03ac6e12797c098d6258ea,delivered,2017-07-05 13:54:41,2017-07-05 17:39:59,2017-07-07 19:35:47,2017-07-10 17:45:56,2017-07-18,e22fb84bf2f1fb04c418ac15a3507d7b,2017-07-05
a562dc4f82a34303219d36cffb2cdd2c,110cfcabde5f5070e596758fd20ad529,delivered,2018-03-06 14:17:27,2018-03-07 14:10:29,2018-03-09 16:19:31,2018-04-13 14:56:34,2018-03-29,785e8f5ddf4d9d8f32a00a0f3c15ca04,2018-03-06
99d330b158a97e4b525cb725fa9571ec,d8f3e586c5a006d51f26fa3de177ef19,delivered,2018-04-22 17:11:43,2018-04-24 19:19:30,2018-04-23 23:54:54,2018-05-04 16:04:41,2018-05-21,a3d0e18c2fe7a415099f73e5dd10b34b,2018-04-22
c262d9407971d247fc7683fc716ab9ab,29631b630037329464b18f738028aa02,delivered,2017-11-27 14:32:20,2017-11-27 15:01:36,2018-01-04 21:07:54,2018-01-16 21:48:52,2017-12-20,4a49477d780d1c894cc32a0075f2d8a9,2017-11-27
7195a1b1bacdece56ff3192215d05b12,28b132646cfb40a0d9be48913dad6047,delivered,2018-01-30 17:21:23,2018-01-30 17:35:32,2018-02-02 00:26:51,2018-02-19 23:43:46,2018-02-26,a5e7908f4b1b2c5e651cdaf7848944a4,2018-01-30
de4531ed564f2599a82ff123bc6f07c7,4b2450362c5261357d6718af2f99d63b,delivered,2017-07-14 14:31:20,2017-07-14 14:45:22,2017-07-17 16:29:52,2017-07-26 18:23:28,2017-08-03,dde69cab3bcbde96a0dfe33186f6d02a,2017-07-14
9acd90340738747388bfb3af3f39ce47,c53cf831125f554f5c949c913a511bb2,delivered,2017-10-12 20:30:00,2017-10-13 13:56:18,2017-10-16 20:40:00,2017-10-25 16:32:25,2017-11-07,b54557519837faa9be8ad56ac55bf5de,2017-10-12
7d9c21ba37fb1729afeadf7184a23780,cb42776f5a28d606a9e0599b45e92186,delivered,2018-05-02 11:44:14,2018-05-02 12:14:30,2018-05-03 06:40:00,2018-05-09 22:40:55,2018-05-24,109910199a707cb5e88edf22720c8d97,2018-05-02
1928d8e92954133370808f13b84270ad,91674630c3abf8b348512504008eb8e0,delivered,2017-06-21 16:19:45,2017-06-21 16:35:12,2017-06-22 13:06:01,2017-06-28 14:42:13,2017-07-13,2300c47ec344f03c6015d53498c4e705,2017-06-21
da44f554b7c4550b0d3cd650f132d1e1,05bd9751942c8aa2386dfb7459379105,delivered,2017-08-31 13:06:43,2017-08-31 13:24:13,2017-09-01 20:05:28,2017-09-15 19:17:25,2017-11-23,fbc6de82dbc3e5f02f4a62e0aecb4b7e,2017-08-31
6e8f171a966c53e6442c158fc328eb1a,33cf5d74687e44c099ca607099f8f5ce,delivered,2017-12-13 22:20:21,2017-12-15 02:16:01,2017-12-18 17:08:54,2017-12-27 00:58:56,2018-01-08,3acd10dece665b64d8e4d33f932b49d3,2017-12-13
dd0488bddbf592ba7d9855279f65af62,0994f4004d043a6b92949b75744e0e52,delivered,2017-05-04 19:15:42,2017-05-05 22:02:34,2017-05-09 07:52:10,2017-05-18 17:17:44,2017-06-01,8087ebdbfc13d2aef5f18e68f0f83509,2017-05-04
d9ac89619ece3b2e00c65429b776a78c,917d24d566e95f4e66a62a9c9a9eb89a,delivered,2018-04-06 19:30:38,2018-04-07 16:48:31,2018-04-09 23:41:43,2018-04-10 16:12:23,2018-04-18,df802225a38eafe181a0369bdb37eb65,2018-04-06
61782adcbc7367ccf0c14043586c9495,e415222b4abe172614ed6c78d9d96994,delivered,2017-02-10 12:11:25,2017-02-10 12:32:24,2017-02-13 10:43:40,2017-02-20 09:23:57,2017-03-13,2e9a4479b5b973a6def2a583770d0dba,2017-02-10
1d297b4800ed1a3c5b0944d84c01ee99,73e2b4288542d61062a05631a97545ae,delivered,2017-10-08 19:00:03,2017-10-10 09:14:14,2017-10-10 21:30:06,2017-10-21 00:22:09,2017-11-07,4a2ef0b951aa7bdda04470d961d5e755,2017-10-08
cebc01d93a6f61df440ecaeb708edb5d,409192c05c81efb2fda3a7d3e3d0e35d,delivered,2018-01-17 14:20:22,2018-01-17 14:30:42,2018-01-20 01:08:46,2018-01-23 18:43:31,2018-02-01,02eef439542105011bdcfc4e5deba50b,2018-01-17
474bc81adb51b57d631c2661d8ad3894,37bac99ac2045d59bf00c217cfd316cf,delivered,2017-11-17 13:12:37,2017-11-18 07:35:32,2017-11-22 23:27:36,2017-11-27 20:09:01,2017-12-08,79230f727eebb5fefbf1f730c7fb036d,2017-11-17
c581b368f1c9fc02caaa71e42809baf9,a67066f37fd7f046f8ee58067dc9abbe,canceled,2018-08-10 14:44:24,,,,2018-09-06,298015aa1d73599b01d9c872b9b6bc1d,2018-08-10
7b9c0feafeaa7c82184c86177f18b4e6,3e4cf7dd92181ca208a4c88731b68b68,delivered,2017-09-07 12:42:40,2017-09-07 12:55:13,2017-09-08 19:33:26,2017-09-18 19:57:32,2017-09-27,b945e00d934235031f0485a01ee7e70d,2017-09-07
c9a9cfcae27293ffcf7a40ce1e34f18f,c769ff428ee9e379ae96258f9dafa4d6,delivered,2018-08-01 15:41:11,2018-08-01 17:30:41,2018-08-03 15:12:00,2018-08-07 18:41:36,2018-08-17,fe5a0ee5004beb74ebb901c658c5eafa,2018-08-01
411790320f5670dfdaadb9d7a8b634d3,67d6db738535e3dc4fcb7d769091ca6e,delivered,2018-03-11 23:08:43,2018-03-13 01:30:23,2018-03-14 20:20:45,2018-04-10 20:43:40,2018-03-29,24ad6a6723d1d59b712380656d127ac4,2018-03-11
03edbc910db946c979e09e67eb6a0d9f,87fcd3ae8cefbde105ade8be91dbbe7b,delivered,2017-12-18 23:28:21,2017-12-20 07:17:58,2017-12-20 15:48:02,2017-12-26 13:38:48,2018-01-12,d8bb2d0ace3d0bdf4f2c7a95a9900360,2017-12-18
e2b7031b8151dd5de69d77a161b19c44,08ad03bbb59f24c6f7842e991d1c6324,delivered,2018-02-13 13:18:09,2018-02-13 15:00:32,2018-02-14 19:08:33,2018-02-27 20:39:02,2018-03-06,2b04e235c755a98c3a0faf08f3a35303,2018-02-13
4c8ea2a4ee7b1d91b837360ccb23fe89,26d53bf7a3a1b1ec564377e78dec1916,delivered,2018-01-04 16:30:43,2018-01-04 16:47:50,2018-01-10 16:38:36,2018-01-31 15:51:56,2018-02-05,998c6405e3b1b15e0f10ca2e8cfadd19,2018-01-04
f5d98cac84d7a766c2615a4262585d81,8af1d45868d3ddb8958b01865c0cf53f,delivered,2018-03-03 20:24:33,2018-03-03 20:35:30,2018-03-08 14:46:49,2018-04-10 22:41:34,2018-04-02,33cf57813cf08aafb3b3ccf15c8b10c7,2018-03-03
6ce409ae9fc35c1c78c3190b660a23b4,0bdb9c395e2e8642bd9a303c4e2725c0,delivered,2018-02-28 12:04:20,2018-02-28 12:15:34,2018-03-05 17:14:48,2018-03-23 19:56:39,2018-03-23,e261fc64438c07bf3f12e82fe26c0682,2018-02-28
adab4e8363237e2879135c67b6b73451,41fc6dd0d3fc7ee578e1a8c1f4fc4e13,delivered,2018-03-28 09:42:23,2018-03-29 03:29:04,2018-04-02 20:34:37,2018-04-11 15:41:55,2018-05-11,97695e8bd81166befd305a84ba9d878a,2018-03-28
dd3f154e8c5ad253511759c5abb14797,859cd7d4e7d4073c78b6d59c84128992,delivered,2017-07-21 19:58:21,2017-07-25 03:25:46,2017-07-25 19:32:55,2017-08-01 17:57:27,2017-08-24,1cc48564488184883cc7923b82c7b3f9,2017-07-21
2581504c87d229321f70e6850d332196,18d5d5895467ab53587d1ec961de0ece,delivered,2017-09-16 12:25:06,2017-09-19 03:55:25,2017-09-19 21:03:14,2017-09-28 21:13:17,2017-10-05,5286875ea58bfa35a5bef1fb4c7e09c2,2017-09-16
b8512e5445d526141e361139d1cbbace,b9897e97ff97ceabbced57359e28b489,delivered,2017-05-24 23:13:52,2017-05-25 02:35:15,2017-05-25 10:39:19,2017-06-01 12:18:20,2017-06-16,664382d7bc5d979304c6553258440029,2017-05-24
583d5978ccf34486c5dbf738558e1b7a,173b02d5ca1c65154f368ac76ecbabac,delivered,2018-07-14 15:06:12,2018-07-14 16:55:21,2018-07-16 10:50:00,2018-07-26 11:21:51,2018-07-30,50a5d21333dfc2efbf46f57076e49e9e,2018-07-14
25b5682781766b4b351cc1475a5caf30,ccd8ca3ab678409f42cdd0136864e1e8,delivered,2018-06-24 16:56:46,2018-06-24 17:18:15,2018-06-25 13:04:00,2018-06-30 01:03:43,2018-07-18,be4409f3e96f4b30d9ec3e67345e84c4,2018-06-24
6768cd1c4f84a44f988f7e03ceff5699,ffa9b6bd4bc00c0b12001ba7da300987,delivered,2018-05-01 08:29:23,2018-05-01 08:52:58,2018-05-02 15:01:00,2018-05-03 20:17:03,2018-05-18,ac83cba9a4d13c1a9be33e7240f7c9db,2018-05-01
ab64c36dcdcc73e28c565187f757e3b0,4aa098ef6289ed1ae1c5ece300060d31,delivered,2017-07-07 16:09:51,2017-07-07 16:23:47,2017-07-13 20:49:41,2017-07-25 22:21:33,2017-08-04,9cd6f2f987359a6660c6eb0d420bea3d,2017-07-07
9264772e1e557706d0a81e9addf98362,6f2e4ee9557a5ad3d44831d5bf37cc3f,delivered,2018-02-06 21:57:47,2018-02-08 07:50:37,2018-02-08 18:57:47,2018-02-22 19:50:23,2018-02-22,572d659b79b65313537ade54fb867c04,2018-02-06
432741a23747a84de00c2483f78eec05,198f2f3c541f4dba5b27ebdcbbf620c9,delivered,2017-12-31 12:28:50,2018-01-03 04:33:23,2018-01-05 20:35:36,2018-01-13 00:07:08,2018-01-31,7c00d6d6f5b4ace968ba9237c31d86af,2017-12-31
38422c08f54da1ce80e0a5eb373d7d82,1bc9f54f97cdb38a6bba7f6a8287d918,delivered,2018-06-29 11:58:27,2018-06-29 12:10:16,2018-07-03 15:23:00,2018-07-06 17:32:30,2018-07-26,f39d861714e955be4800c50f3cff310f,2018-06-29
bfd31c6f76ff82a41e7beb05565aec4d,6c65055adfbc0007dbb4c5a22ea5ba8c,canceled,2016-10-04 14:51:15,2016-10-06 15:56:40,,,2016-12-14,c31f4549e788bd1e0afbd0cc8d64c671,2016-10-04
950751565654ebfd1a4665d3c818e694,24d792b6dcc1be352cce55abccc5385e,delivered,2017-08-15 14:30:50,2017-08-15 14:55:20,2017-08-17 18:25:26,2017-08-28 20:23:32,2017-09-06,eb294dafdd9d5a390135f1b0f865f736,2017-08-15
b7e339d3c4aefa73f6e86875b78250f3,454b89aa74cc3a41ac6a964e7f6c9e67,delivered,2017-12-17 22:36:30,2017-12-19 23:23:26,2017-12-20 21:24:08,2018-01-03 17:22:47,2018-01-11,b2e8934f422de1d0ac11faa427c9c90a,2017-12-17
6b5c69624b2e0a58948ec5cca5449ca0,abc452b5f9790d518caef9fc1a23d251,delivered,2017-05-13 12:28:32,2017-05-13 12:35:24,2017-05-15 12:05:03,2017-05-23 15:41:42,2017-06-08,9fd2b188b5de8d3dc6be1d9c9906d3e7,2017-05-13
3282385c44e7b281c20ad4af6871097c,43a8dd27afa9968b13e68053a4160e4d,delivered,2018-02-01 12:37:05,2018-02-01 12:55:38,2018-02-08 00:18:51,2018-02-19 20:06:38,2018-03-05,712a776c4198f16d721f17131111c49b,2018-02-01
c019ee5ff9da7953b6fd6143529dad22,5848806a9ffe2f4c470920d3a11f5b1b,delivered,2017-10-04 19:56:40,2017-10-04 20:07:22,2017-10-05 20:26:44,2017-10-10 22:13:38,2017-10-27,16d33bb6fb0c868f49fc9c804401e7e7,2017-10-04
1117adefe1d6d759e691b366fa392487,98f627c1cdf78c90be9ec804045c94aa,delivered,2017-12-26 10:21:28,2017-12-26 10:31:30,2017-12-26 19:07:44,2017-12-27 21:42:22,2018-01-15,2f9ef3853b1becbbf597c2d7927112c1,2017-12-26
325a9deca08aa5851eb6eea67f0414aa,a6137fdb179b9e20c03ff14f13137f5c,delivered,2018-03-19 19:50:50,2018-03-21 02:55:49,2018-03-22 16:55:26,2018-04-18 20:41:01,2018-04-23,4ed04fe8de9a1dda86302595443ec7c8,2018-03-19
2ae87534d2afc8b5a768988977c8d582,9468602db2950cb719a810885cc9773e,delivered,2018-06-30 20:50:06,2018-06-30 21:10:12,2018-07-02 06:32:00,2018-07-05 19:51:42,2018-07-24,51463b8451bcff25e1e2d1317e7f798e,2018-06-30
4b56b0f11819efbf57af78ef26982ca5,683fb9798e710428ce7304acbd9bbcaf,delivered,2018-03-21 18:49:06,2018-03-22 21:07:30,2018-03-28 20:28:52,2018-04-09 22:39:42,2018-04-19,61e6adf3c4468005ccdf21ce63f14e73,2018-03-21
c2f738cffa511334a7cd7ff8a8067bdc,b0137ec99bcb19af3cfb85f75374e429,delivered,2018-04-18 00:03:16,2018-04-18 00:15:34,2018-04-19 02:32:36,2018-04-27 17:56:42,2018-05-17,1aa54d79939de4d73253978d2899cbea,2018-04-18
3ad2072a2c9169681a3bb6138e0f8ef3,007182cdc3e8e2d3d4ce0b00b9004630,delivered,2018-07-07 16:33:10,2018-07-11 03:26:09,2018-07-11 12:25:00,2018-07-12 21:26:49,2018-07-19,0c4f8b6f80f0dbddbdce3882d2242be9,2018-07-07
6b4a30b5616dfc8267ae9d39b34e3a26,83fd55588a80384e120381b6a7588acf,delivered,2017-10-25 14:00:27,2017-10-26 13:56:20,2017-10-27 15:58:05,2017-11-01 20:06:04,2017-11-16,88bf3be174f4d23accc34ca037f98a51,2017-10-25
729bf6aed8c44bca10dba0fc98328fd0,f88a416ee96a705d4dc77e82fca0e2f4,delivered,2018-02-02 10:25:15,2018-02-03 02:53:57,2018-02-05 18:21:33,2018-02-19 18:43:20,2018-03-05,f0487cce55febc6083bc42cae598d2e8,2018-02-02
e37657ce0b51d96bc699c632ea1144f9,3be5dec85bac9d3ba262af84eeceed60,delivered,2018-01-06 20:42:21,2018-01-06 20:49:24,2018-01-11 22:14:17,2018-01-29 11:36:36,2018-02-08,4b418589208293d23182046793d7b9c0,2018-01-06
e64b950c1e33e5e3f2a946903e903264,05c59c1adfa648942fe0966db6296ff1,delivered,2018-02-20 10:57:34,2018-02-20 11:10:26,2018-02-21 20:19:10,2018-02-26 21:08:08,2018-03-15,a8890e03c9673f8646efd590b21ebf6c,2018-02-20
dec16dbd1d355316783dfd6844e61a2f,aeb3f13efa29908738bd76e97ded252c,delivered,2018-06-15 23:14:19,2018-06-15 23:39:21,2018-06-18 13:39:00,2018-07-07 15:51:05,2018-07-31,2b1ea08d01fab9e50f2b989e2d910707,2018-06-15
faf9e0472c5a8f99fbb6cc573aa3cb66,4df37dd92fc1a6feef6a785eaec01834,delivered,2018-02-23 13:45:55,2018-02-23 13:55:34,2018-02-24 00:35:29,2018-02-26 20:55:10,2018-03-09,f52b3f015381151212182228e3e1bd2f,2018-02-23
69a4fa9f5f1fdc420b2f66aeb9e3806f,29016645058e6fedc78738b4a4c3f7b8,delivered,2017-06-05 16:49:45,2017-06-05 17:05:08,2017-06-06 09:09:45,2017-06-13 13:28:42,2017-06-26,19dbff25b0172c9c37caedacf16ea988,2017-06-05
d006112ce36cbbb57fec00ebce1de147,86555999695e810261dac1dc96ede234,processing,2017-01-25 15:28:32,2017-01-26 02:10:59,,,2017-03-06,e5d285d676edd47600c0df873fb8310a,2017-01-25
fcc0c3371e0af4947b6b4c013ecc6e35,fc3cadc0c1328b099cba58d281368351,delivered,2018-01-13 00:27:45,2018-01-13 00:58:33,2018-01-16 21:10:15,2018-02-02 20:06:43,2018-02-09,8187563594e41246f8e959d4922cc292,2018-01-13
ac8b3ecc5daa5b2d54a81b3ba337bf6f,769ff3a041b439485ac1e0db67d72fcb,delivered,2018-02-23 13:45:04,2018-02-24 03:20:27,2018-02-27 22:47:58,2018-03-02 18:08:40,2018-03-16,f3ea9af565ef202ad15bcfde52697efc,2018-02-23
282773acd16280567c37f4f31012147f,7cde62de1829a94f842f7176d56250cd,delivered,2018-06-08 20:09:30,2018-06-12 04:17:17,2018-06-12 14:24:00,2018-06-19 17:07:06,2018-06-29,2dbc34be7b62776a4c86555d76c48fb8,2018-06-08
ab82b0d931d692c586fadda4ef9c1397,5b99d2ac45d9e913fa37e13a7e73f1fc,delivered,2017-07-18 10:14:14,2017-07-19 03:50:27,2017-07-21 15:11:51,2017-07-28 21:45:51,2017-08-14,c8097588b6097a82e950fa34d338eada,2017-07-18
fd3691fc541bcd1d4348033c3cda810e,fa603000df740cdd04040104e289c206,delivered,2018-04-25 09:32:41,2018-04-27 03:31:15,2018-04-27 14:15:00,2018-05-03 19:25:49,2018-05-22,25fe8c7a1fa709b0a1b90d121038e988,2018-04-25
6741c985ef8aed8442026a557e8a9220,acc3f0f89efb1b19c4b68089b09c0ada,delivered,2017-10-03 08:02:28,2017-10-05 02:44:39,2017-10-06 21:03:32,2017-10-10 19:52:18,2017-10-19,57a8bd228f2ccd716dc2d56ee300d07f,2017-10-03
f0755fcb1af1b9abe9557b550c00f691,e8284a6a98e1003120d46a98b1a32824,delivered,2017-04-06 14:36:39,2017-04-08 02:45:16,2017-04-10 14:39:59,2017-04-18 07:29:34,2017-05-02,f5362a4fa86db140574a237120e21a90,2017-04-06
0d2676e37c740455a4f662cb7a88e6f1,45d178d60bbc8e23ec50779bff10bc7a,delivered,2017-05-07 21:40:09,2017-05-07 21:55:07,2017-05-09 07:25:55,2017-05-16 11:05:22,2017-06-12,0b16886fbd4636b3ba85d357ca317732,2017-05-07
d72a592fb03726e61907b9d4c2c654a3,497999c9db4e7fc8bd760a33a73415ae,delivered,2018-02-15 22:51:37,2018-02-16 20:06:58,2018-02-20 23:49:58,2018-02-23 21:23:31,2018-03-01,4ecf0a7c1b4cbcee52821215d1b031d9,2018-02-15
c5bb91ea2129a21a4f424d356a4d28fa,eed2a3b3ef8121235ebbd241866be47d,delivered,2018-07-05 13:45:17,2018-07-05 16:03:19,2018-07-05 14:02:00,2018-07-13 15:44:20,2018-08-01,cdc8b0d152b868db7e28de59f642c94a,2018-07-05
1e697d52faeb26c57898a78240fec685,3c2ec0dc59d3340c41b1e8339b081daf,delivered,2018-07-10 13:29:09,2018-07-10 13:45:23,2018-07-16 12:58:00,2018-07-25 18:52:06,2018-08-09,96205f597195e44b719881e1a1f62c07,2018-07-10
efd869b2d51d2fdbbe6cedadb9772d87,45b49329c43ef921bfd31d3adda0bfe7,delivered,2017-11-27 09:31:57,2017-11-27 09:55:07,2017-11-29 00:32:39,2017-12-11 17:12:56,2017-12-22,f89b831965cd3743eedcd485cf699925,2017-11-27
99bd1b701f5689d68265a47f0b793d20,178706e9cab0f7d13bb90fbf946269c5,delivered,2017-08-05 14:52:23,2017-08-05 15:05:13,2017-08-09 16:51:18,2017-08-10 14:23:08,2017-08-21,07f61caa1c9e850c14e94854cec87545,2017-08-05
133f36e23b4b0a2f8ae2ddd6463ae161,92f45c696aa80b46ded933214002f0ed,delivered,2018-02-16 12:51:53,2018-02-16 13:06:58,2018-02-17 00:39:12,2018-03-09 21:06:41,2018-03-19,7a40906034fd70ca048d6d0a0e07eefd,2018-02-16
d433845d639396a68c33b577f1dc575b,d99e12c88fdf79fc53020181a3ab5dce,delivered,2018-05-10 19:05:45,2018-05-10 19:37:20,2018-05-16 12:26:00,2018-05-17 17:02:00,2018-05-18,2508fb31ee30c1940a23ccb4edb59b7c,2018-05-10
abe6fc40cd1fe4d8d308811303a443ec,077bd25440fd3380b58488ca96863cd5,delivered,2017-07-08 20:34:14,2017-07-08 20:45:15,2017-07-13 20:14:59,2017-07-31 19:05:54,2017-08-14,e162a7eb6ab7506dbf180f1f98c158f0,2017-07-08
80128feb8f15a7ebaa8371aa0a718604,35026c49c3db4516456765fc5df0bcff,delivered,2018-02-14 17:52:02,2018-02-16 07:55:44,2018-02-16 20:59:14,2018-02-26 18:22:25,2018-03-07,5ee4a38c9f5e0b85f363e3bebbc67966,2018-02-14
b846fa269a96d935cbd973f6ba217a6a,84f15cc9c81cef2a84c29804eaf5c731,delivered,2018-05-14 16:34:12,2018-05-14 16:52:50,2018-05-15 12:16:00,2018-05-24 15:59:48,2018-06-07,a26b156b97861290e0b947bcdf2b1abf,2018-05-14
400b234a2cb11507d9c6fe2ff08b5035,3e1f1aa69a22f10ddae5056275448e29,delivered,2018-04-06 11:14:10,2018-04-06 11:29:08,2018-04-07 01:25:43,2018-04-12 19:46:41,2018-05-09,7ee89b8a801ff33528deae962a8a212a,2018-04-06
6228ae77b89ddd0553cd938d128549e3,8032702d64e0d2f0ded0b178a5e9da4e,delivered,2018-05-03 12:27:37,2018-05-03 12:54:56,2018-05-04 10:54:00,2018-05-11 23:43:31,2018-05-23,572a2a7bca60d77e596287ea324a4680,2018-05-03
be35daa57103f24cb540c6e7f3ca252c,14288411500578d93246cff4eaccde3f,delivered,2018-07-18 20:44:27,2018-07-18 21:02:22,2018-07-25 09:58:00,2018-07-31 18:28:52,2018-08-03,bebbd24c22292071d29f7d2065c18a7f,2018-07-18
fbee294aaa443bcc44ac905226fe4563,f46d7e0b42f1bacf15bfdc01f857c2c2,delivered,2017-06-28 12:47:14,2017-06-28 13:03:37,2017-06-28 13:55:31,2017-07-03 16:59:30,2017-07-20,b8c9449245b9879f4e4fa780cb4a780c,2017-06-28
9a6a8b514f1317683ed32c9775e2cfc6,034fd942a2424b8665d157a4ef2e7fca,delivered,2018-06-27 15:23:35,2018-06-27 15:35:09,2018-06-28 15:50:00,2018-07-03 17:15:32,2018-07-18,1bdfc06b52aa7ef39bf31acb3eda45e8,2018-06-27
92bdfe9e203d9d027f9c26b8b39f6ec8,6739d1a6b151dfa87a505b1c8798edbd,delivered,2017-09-07 22:45:42,2017-09-07 22:55:14,2017-09-14 22:21:51,2017-09-23 13:41:20,2017-09-26,091e8f3526ef6dcc235f5fbbcdbeb003,2017-09-07
f4db4affcb95da2a38c0713f619c8313,654111c54075858e34bbabeeb1a1273d,delivered,2018-04-20 17:46:12,2018-04-24 18:56:37,2018-04-23 19:38:20,2018-04-24 20:03:22,2018-05-09,dc9d7738c8da323923a5205895d5b398,2018-04-20
f1d6d7277ac0980ac1b522e9502d87c9,b06e7b4f481cd5e5f25b4a99a911d15c,delivered,2017-07-30 18:41:54,2017-07-30 18:55:16,2017-08-02 11:03:54,2017-08-10 21:30:04,2017-08-24,72421b30e46c895e99e8560a48a33fb6,2017-07-30
9b44dbd50995185feff18a27d242838b,de585d9d5ef9119705a445eb50800d81,delivered,2017-08-09 16:51:20,2017-08-09 17:05:12,2017-08-16 19:17:37,2017-08-31 21:23:44,2017-09-04,2de37786adafb2cbac4f30b4c8f6d862,2017-08-09
285ab9426d6982034523a855f55a885e,9cf2c3fa2632cee748e1a59ca9d09b21,delivered,2017-03-08 22:47:40,2017-03-08 22:47:40,2017-03-09 08:53:20,2017-09-19 14:00:04,2017-04-06,3c2564d42f7ddd8b7576f0dd9cb1b4c5,2017-03-08
dbd12212946ea52dc83895cb27918987,38947aa6a3fdff55d5df2e688f445380,delivered,2017-11-25 11:34:07,2017-11-25 11:51:39,2017-11-28 22:28:45,2017-12-29 14:24:54,2017-12-20,18434065a6bbdeeb750bc03aca53cb58,2017-11-25
1917dc45b0bd8e45ef7e5919e9c35c15,be5019d2c52dfaffa0e4663e49bdfd2e,delivered,2018-05-28 18:47:40,2018-05-28 18:55:26,2018-06-01 12:40:00,2018-06-03 14:04:04,2018-06-13,556b4e56ead59462cd4d817f58d5a5ce,2018-05-28
300222059680c43ac9e49247244f8391,fb17e35a1d45d98e720b787b53e9feea,delivered,2017-10-09 14:05:28,2017-10-10 06:33:32,2017-10-10 18:33:36,2017-10-16 13:44:00,2017-10-31,90880137f69a94d76fc185334f7f529b,2017-10-09
f1558783ae62b91624349bdc44491d32,821ed4f4420cc9916a15dc29515ec0de,delivered,2018-04-15 20:52:27,2018-04-17 04:54:24,2018-04-18 19:32:49,2018-04-21 12:28:50,2018-05-03,9f912c05f9ec0c0473f8ed1da2bbe37a,2018-04-15
8ec3ff9f474ef9e6324556d1fa434d5e,eda51c25861253bcea16d0b03ce265a5,delivered,2018-06-06 19:05:45,2018-06-06 19:32:07,2018-06-07 15:15:00,2018-06-15 20:14:54,2018-07-17,937b8d4ebb303e18913ad7c7587a92e7,2018-06-06
9b305f3b1cd4ea12832c2b90372b961e,99951d171be681b7a878c49cf72a32be,delivered,2017-04-29 18:13:42,2017-04-29 18:23:16,2017-05-03 10:32:17,2017-05-26 00:41:17,2017-06-08,e3c9510da0abf05a45f8d8ffa126c716,2017-04-29
a347b0e4fa4bfe76bfe8df0c775a9f2a,a9d5ef920dd27c90c1e48c0ca59a0ea3,delivered,2017-05-08 17:39:11,2017-05-08 17:50:13,2017-05-09 15:21:02,2017-05-17 13:27:52,2017-05-19,9f3b5945c21ece6463334f33f6cb39e7,2017-05-08
022d4b171a04520ca2113a48b6b61380,8d8eb67ed5fe4ecffcffd8cd9b5556cc,delivered,2018-06-01 11:54:07,2018-06-01 12:11:47,2018-06-07 13:24:00,2018-06-11 20:32:39,2018-07-04,6fc51883c0e6073fa9e9ce1ccd51017d,2018-06-01
d8feff3b89294953930785a4bfc5e502,5baf545acc5f10945f5f2751d5d23ecd,delivered,2017-11-24 23:43:32,2017-11-25 01:52:32,2017-11-30 22:12:20,2017-12-19 17:04:37,2017-12-20,ba1f863dca8e24fc845fda7e6b9e98d0,2017-11-24
4feee8fcafe1dcf0006704a808e7e02c,69d6e578767cd53d22ef956317a2d34d,delivered,2018-04-29 12:00:06,2018-04-29 12:13:17,2018-05-07 12:31:00,2018-06-13 21:28:21,2018-06-12,444d1385dc7ff8c875e25d1ee2730865,2018-04-29
80f124338f01e6f18cf0bd64261e0db5,d06974cc9b629b0bb77a7c8a43b6e7a4,delivered,2017-09-19 19:19:10,2017-09-20 02:24:19,2017-09-21 11:35:45,2017-09-25 12:18:52,2017-09-29,c88ffa009671118e0f8cf866c64744e6,2017-09-19
35a3d210c364e3747478f468b0547bb2,a3d086202fecde35a84df11623affdfc,delivered,2018-04-25 17:47:45,2018-04-25 18:10:04,2018-04-30 15:33:00,2018-05-07 18:58:22,2018-05-16,ca016d7c685486dfa9c45b8838890314,2018-04-25
d42a225e3dd74ca33d58bc18a87a328a,b9359a2c2419370ec7136672ca021e0d,delivered,2018-07-20 13:59:16,2018-07-20 14:10:20,2018-07-23 18:35:00,2018-07-31 16:56:46,2018-08-14,ac74cddbbb37c188496f547374745d78,2018-07-20
057e837e50171189a915cb17d4621e9f,bb140a19f73d280bb0847886feab270c,delivered,2017-08-24 22:11:11,2017-08-25 03:05:52,2017-09-01 19:30:06,2017-09-19 14:42:35,2017-09-18,7f64fa75c7c91af97e3d9af2be1e4af5,2017-08-24
f40512005e99b84b0daf7b1ace9dbc7f,c3e462c26638331a7fae3e19689325b5,delivered,2017-12-06 19:42:51,2017-12-06 19:53:43,2017-12-20 12:53:30,2018-01-05 23:24:43,2018-01-04,10a814c43b431694b54439ca6f964812,2017-12-06
1739d90a28929b4a2dac3625b2a4d4d1,e98f0d8792d9c8c99ecaca12bbb15665,delivered,2018-08-20 20:17:19,2018-08-20 20:30:16,2018-08-21 16:55:00,2018-08-22 17:24:44,2018-08-24,572dc4edf5b4d140110f8a427b9ae6a0,2018-08-20
0080eebb288dba1857ccf048dfe6bdfe,6dc7d8b1ac961fe9d43edb6ecadd5f10,delivered,2017-08-11 17:43:46,2017-08-12 17:45:16,2017-08-15 15:52:35,2017-08-18 20:35:02,2017-09-06,1024d89da874e3e84179752404838ab0,2017-08-11
4fd4634c3c8d7f2b7788e9c3902565ab,8ba5ebeb32e198115c4c1d5f14b17ee1,delivered,2017-03-31 17:41:14,2017-03-31 17:55:11,2017-04-03 16:34:10,2017-04-05 15:56:37,2017-04-20,65ed7a2c3e8e1c528f16e2b887489f08,2017-03-31
a8a66bacde65e1be704695072691fab7,c9cb49149d6cde01cc34c008d9f7ab76,delivered,2017-12-30 15:37:54,2018-01-03 04:35:29,2018-01-04 11:15:46,2018-01-05 13:29:23,2018-01-18,8e8211cea0641d4f780f748d92531e62,2017-12-30
5c738a35c11d2bc6e99d39e84dd7102a,e2d5922a7a58769d397823045121218b,delivered,2017-03-21 18:25:08,2017-03-21 18:25:08,2017-03-22 16:15:11,2017-03-27 12:26:53,2017-04-07,d2428b14bf5a7f99f1612597f141aa7c,2017-03-21
1e60cd113fd130d6384d74348f85b63c,1b816766bb5a39f8e46924109d1f1983,delivered,2018-05-28 21:07:53,2018-05-28 21:30:10,2018-06-01 11:31:00,2018-06-05 13:48:38,2018-06-13,899886af6bb01bb6b47239c1e03ef0bf,2018-05-28
af429aa4c68dea6ce6863e63c261fd6c,6735b40b16578deeea15f31bd8ccb2db,delivered,2018-07-23 17:40:17,2018-07-24 10:31:03,2018-07-25 09:18:00,2018-08-29 18:31:41,2018-08-29,3e3ccd3ade16881887457cdac11c3e49,2018-07-23
58207f7c0efe1d999163cf9f30042830,a06845418e31e02c09252e0d38a8cdd6,delivered,2018-08-21 21:49:19,2018-08-21 22:04:27,2018-08-22 13:00:00,2018-08-25 22:04:43,2018-08-24,73c408d3aae47d46a87f29098ba52d79,2018-08-21
7951fe56cf685dca47524b1986bf56b6,81d28859d6c278c6511fb5dbc8f79672,delivered,2017-12-20 23:02:41,2017-12-20 23:14:26,2017-12-28 19:47:28,2018-01-16 18:49:17,2018-01-22,df4a53f073dff0d99338b5621236ba15,2017-12-20
9a1b546ea57a6babf71e20355d458c1c,d55a6be68a1b62c4c3e11fc42bf098c9,delivered,2018-01-21 19:53:17,2018-01-22 13:58:16,2018-01-24 00:05:01,2018-01-24 21:49:19,2018-02-06,fc9efd0b9da6851171670415bc0f27b3,2018-01-21
2d7242fbb71116bf37dbca71205bc157,a8540ef4631d9b05f5fad9f374f0a349,delivered,2018-06-02 20:35:09,2018-06-05 06:55:07,2018-06-05 14:30:00,2018-06-08 15:04:40,2018-07-05,16b2e3303438e128f5dbabf696960abc,2018-06-02
7bf6f797177e1c8cf1954065ec72d5b2,30d617e2f624bda831f1d5deab0c1fc3,delivered,2018-04-25 10:38:36,2018-04-25 10:54:59,2018-04-30 06:23:00,2018-05-04 20:11:56,2018-05-17,b32a1ddd6ef3383bad879d458443e4f0,2018-04-25
6a6f25fd713bf54d89cda9ccc933ecaf,74021944e729b36dee1da1a08e81065b,delivered,2017-08-25 09:45:25,2017-08-25 10:04:46,2017-08-31 17:04:29,2017-09-05 21:28:05,2017-09-19,42c4318adb7826297293f237ece3523c,2017-08-25
5fdc93e450ccb779c5d594b36f99bc04,4c65339712e4fff612d9affa8b38d647,delivered,2018-07-04 10:11:00,2018-07-05 16:32:53,2018-07-05 12:42:00,2018-07-10 12:16:03,2018-07-30,55fe382ae8056da66b8558080f08da46,2018-07-04
b6ec449b625527c7375b5d1801d19818,634d74b983dd961407cac9f81d216f88,delivered,2018-04-03 21:34:33,2018-04-03 21:49:38,2018-04-10 00:37:22,2018-04-12 19:03:48,2018-05-08,07068a7e3acd037c6fcfcb6799299658,2018-04-03
2e77e95ff07f298805637dfde7da4b4a,c1f5ed341915cb29da60ecefd3679e06,delivered,2017-09-03 15:01:07,2017-09-03 15:15:11,2017-09-05 17:59:12,2017-09-14 20:33:37,2017-09-28,a84b7fd24cc5d3f6aae87c6429d6941e,2017-09-03
e12b5f95f957079d6d9f368c0c56a050,2681dd5a56e6af9f8f13fa055acef08e,delivered,2018-02-19 20:50:15,2018-02-19 21:55:21,2018-02-21 00:14:47,2018-03-06 12:09:42,2018-03-13,31dc9653bb29d062873243d5f988cd74,2018-02-19
d425c97a9b9fb9a356ef02cd35bd124c,71af36f53c0fe0b5b886ffad8154c5db,delivered,2017-06-07 15:47:57,2017-06-07 16:02:16,2017-06-12 13:56:10,2017-06-19 20:47:45,2017-06-21,c50ad45eba3033113834be479f3d92a9,2017-06-07
9272ebd4d3ac6aa5a0c21a6ea630574f,9216421f8d659b63c5f3d17fc502c418,delivered,2018-06-15 23:13:29,2018-06-15 23:39:22,2018-06-18 15:52:00,2018-06-21 22:14:36,2018-07-05,1fbf3a918dba47afb6162c450572a4ba,2018-06-15
e842dc26adcaa67fb96f4e32c2cf97cc,14c9bc09a66cbddd55e67d11119327d8,delivered,2018-02-26 13:23:24,2018-02-26 14:00:27,2018-02-27 20:24:57,2018-03-07 00:15:22,2018-03-21,0994750c9c22a140010ed86aad2d044b,2018-02-26
5fbf3a364c57e553f502c5ee2a388da1,81c1b162b444c41613ad9285e92d6beb,delivered,2017-08-10 11:49:36,2017-08-11 12:04:07,2017-08-11 18:52:18,2017-08-22 18:54:05,2017-09-01,e65a6776046796b39fe251f71b6abd6f,2017-08-10
16ba2d5722aa786a11b9da9de0d31a32,bc21c7439566c3869ab82e0b1e16a591,delivered,2018-01-23 19:44:13,2018-01-23 20:04:05,2018-01-30 22:49:09,2018-02-06 19:03:11,2018-02-22,38eb70a866b9fdaa393d4671b48380af,2018-01-23
e807a70014b92cf251b7b8f3768b023f,d7288a6538f2639b5916c4337eaebe09,delivered,2018-04-19 19:46:23,2018-04-19 20:10:39,2018-04-20 22:42:00,2018-04-23 20:08:26,2018-05-07,78681ccd3cdd568237129b2e5509eb73,2018-04-19
79bc7c534af45885cc4a1aec6cbad0a8,e23cfe8665fa4689102b0717aa28b50c,delivered,2018-07-19 18:49:29,2018-07-19 19:05:12,2018-07-20 12:46:00,2018-08-07 16:08:49,2018-08-10,45abc8252dcb9cda25854cebe5bca854,2018-07-19
4f04661f0e0a1a23f6d87956884f4a02,846bb3b84bbc7f49aa5f4be0bafb1d4e,delivered,2017-07-04 15:43:29,2017-07-06 03:25:45,2017-07-06 13:55:42,2017-07-19 16:56:51,2017-08-09,8d804fefe5eb384b3f75ad8e12bde8f9,2017-07-04
9c0bb2c7680b4f084fc874b19722fc88,7808689ebbb205dfe2aab1d6b8dcf0d4,delivered,2017-03-11 11:27:21,2017-03-11 11:27:21,2017-03-14 06:08:10,2017-03-16 14:13:45,2017-04-04,0fe889940c2e62512282de063f79b521,2017-03-11
1ac2ab32114572d9e1ff4c2899ebef95,0d4f0200088054680a2ab83746fc31c7,delivered,2018-01-29 10:09:31,2018-01-29 10:39:10,2018-01-30 22:13:02,2018-02-19 19:28:56,2018-03-06,8db8b0e9a58fba958f90525a7c72b0d4,2018-01-29
4e0ccea311c162528052ed36f82cfd9c,38f1bf1e0ecc51b8036c108f2f86b015,delivered,2017-06-06 12:29:24,2017-06-08 03:03:43,2017-06-08 08:22:49,2017-06-19 18:47:51,2017-06-27,d99d60025402494ec550d9383fd4d1dc,2017-06-06
80cd775de9b633666bb12df2a3eba10b,8139939fe8f3d94899a1579656353a08,delivered,2018-01-27 14:00:53,2018-01-27 14:12:55,2018-01-29 22:26:39,2018-02-14 19:36:37,2018-02-21,ba305cf5d6892f284f92822869a54b33,2018-01-27
e239f429ea5c15f21824633bf737793b,c9233ba6b5bc56e3863402f020a416e4,delivered,2017-03-29 11:34:31,2017-03-31 02:15:30,2017-04-03 15:22:41,2017-04-11 09:44:11,2017-04-25,64f1029bac1f24faf197a74494066907,2017-03-29
0fabec205828671bd770bcde304a41b3,9e360c86b97c7458c2066f452923b976,delivered,2018-03-15 14:10:24,2018-03-15 14:29:43,2018-03-16 17:42:28,2018-03-27 01:08:44,2018-04-13,0436a3bc8327867df10aea0ee8cf8790,2018-03-15
6c55bf4d09523cf2a72a452cdc0f0a80,167942ac36320cf928d02b8db358c67a,delivered,2018-05-22 15:45:04,2018-05-22 16:19:23,2018-06-07 14:01:00,2018-06-11 17:35:59,2018-06-18,24f597020fc5ef57ce93a6703a8da50a,2018-05-22
1dfe460e88f7ff1daca47feab6cd614d,93c8ed531eb08374808364eede8a94b1,delivered,2018-07-04 12:37:14,2018-07-05 17:02:53,2018-07-04 14:35:00,2018-07-11 21:08:36,2018-07-24,ca6b5d76c7639b07f879ea2c012320c8,2018-07-04
2621d786cb446a7f7f5cffa979932acf,6ee3cafa9f8fd269973b26a65e336951,delivered,2017-04-30 16:22:57,2017-04-30 16:35:19,2017-05-02 13:38:48,2017-05-15 08:44:48,2017-05-25,bee06aa4d48d912668205d7520d79098,2017-04-30
38b0b2a81ea0f8c9feec0554fc6cc3c7,173eb0a63edb9a9d7bb1e87322d3cb32,delivered,2017-11-12 11:01:37,2017-11-12 11:15:36,2017-11-14 16:39:25,2017-11-22 19:32:25,2017-12-08,b5644fac32c2e169bea093b7ef916e65,2017-11-12
525649cfb87baa1b132df49d8297901a,093e4ec01d6e258a988d63881fb3a7e2,delivered,2018-02-26 23:00:22,2018-02-26 23:10:24,2018-02-27 23:22:26,2018-03-21 23:18:47,2018-03-20,93579f56387f6a5e85f850f1971e7ff3,2018-02-26
26c18b7ca7a6a870496dafd3633b3412,a30ed289c17f4e875d4ac2110dc19040,delivered,2017-01-27 10:36:14,2017-01-27 10:55:08,2017-01-27 14:48:25,2017-02-02 12:32:12,2017-03-07,c12d2d5af57f056bdf9add9481948fb6,2017-01-27
250f85876f80760c95d050486f8b8fe9,e43ceaaa15d11b74f3898d33840b7ac9,delivered,2018-05-17 16:55:04,2018-05-18 01:17:27,2018-05-19 05:26:00,2018-06-04 19:14:51,2018-06-05,6c53eb2af29bfc6097e6fdac5e97d224,2018-05-17
900b219f880b29fe2643dfcf67b73595,30e32fe96c525e48a18f2595a273b5d2,delivered,2018-01-10 18:49:37,2018-01-10 18:58:19,2018-01-11 20:46:05,2018-01-22 22:56:57,2018-02-16,d83ddb42bf0cac994be9bd2cc41bbfd1,2018-01-10
17c6ede699b320b43f35ab1311af0bf2,fce29cbcfa4f7f00fe0431dff786eb1a,delivered,2018-06-15 21:52:33,2018-06-19 03:36:53,2018-06-19 14:44:00,2018-06-25 16:31:51,2018-07-05,c22dc532e962565718da57d27a960d8c,2018-06-15
ac83b3a9b2e0357ab064f35cc0a2a557,88a75bd3201a2b9563431e86823c1e7d,delivered,2017-10-15 03:18:50,2017-10-15 03:28:19,2017-10-18 17:00:19,2017-10-23 18:13:48,2017-11-07,011a18cf4e0e74bac46678dd843e3461,2017-10-15
0b888bf3da7f8e0586d742ecbff15fd0,0f655d5748dc588ce7b67646cd32fc34,delivered,2017-03-27 22:43:03,2017-03-27 22:55:11,2017-03-29 13:57:36,2017-04-06 14:42:48,2017-05-03,6f35305ebba8d59fc219c14cee6e3027,2017-03-27
80e86c7e6fc52912703025d155635dee,99052d6a0c03fdd14cb3556a045ec3e2,delivered,2017-12-12 22:26:30,2017-12-12 22:35:47,2017-12-14 15:44:39,2017-12-28 18:32:41,2018-01-10,3b762090d7f657343878a178f3c091b5,2017-12-12
bbcca9e5415969279dfcf9cfef7d608a,ef180d6c922a044b0938d594606eb778,delivered,2017-06-05 16:31:46,2017-06-05 16:45:15,2017-06-09 17:36:34,2017-06-13 12:52:06,2017-06-29,bf43438bd72022045dd46ea7d60008df,2017-06-05
5e1a8017512badbdf543b509991dba6d,7214cb9a9251ade0ba75fda90e285b58,delivered,2017-11-01 12:59:09,2017-11-01 13:31:18,2017-11-04 00:22:08,2017-11-13 22:51:52,2017-11-27,b2c10a20dc7be6c0df3715ad93805bdd,2017-11-01
3d659235708f3aa8d5f6c1fa12fcb264,341712173accd9aaaa378893c3ade718,delivered,2017-08-18 22:09:39,2017-08-18 22:25:23,2017-08-21 19:11:28,2017-08-22 14:09:46,2017-09-08,c43ad7ce46747a029f7ac369e9869b76,2017-08-18
d263c89354a73314488491185858af42,6d3e9ccd146cea260421e9a7bae2e63a,delivered,2016-10-10 04:49:29,2016-10-11 05:03:06,2016-10-15 05:03:07,2016-10-18 06:03:07,2016-11-30,33faaac58c27088e3a8a8afd6058a6de,2016-10-10
00a9536682ecb394a3794c1608200803,3d64d81cb7d22325994c3ef4ad93d2e0,delivered,2017-05-12 23:38:09,2017-05-12 23:50:08,2017-05-15 15:30:06,2017-05-22 16:47:58,2017-05-31,c5f6047fb345ffd234cf5b26268988be,2017-05-12
b22cc8e3b1816483e416ad127720fc76,0687adb7abd672624e9c4ba569cf0ac2,delivered,2018-06-26 23:20:25,2018-06-27 00:50:31,2018-06-27 10:35:00,2018-07-03 04:41:46,2018-07-25,3a7e31f18c7b6d5c707d68cc3acf4e6e,2018-06-26
b97261e09029ca3b6fd85fe869259449,8fc60e16052091db99046ddd05cfa82d,delivered,2017-04-18 16:57:39,2017-04-18 17:10:23,2017-04-19 14:09:42,2017-05-10 09:08:46,2017-05-09,324ba75d05474e0c1cbef8c0ad257a2b,2017-04-18
b533ed5eadd2a897b55d467d8a46b0ac,10028e88eb41448030b35ec777b4cafe,delivered,2017-12-26 14:51:25,2017-12-26 15:09:19,2017-12-27 18:32:46,2018-01-03 18:51:41,2018-01-22,8939b8bad88dec6aa847ff01fc12a008,2017-12-26
90e1fe92be310b125e91833c44a23970,6be9f40ab1c2bbbc711ed9d7279acfd9,delivered,2018-03-26 15:03:39,2018-03-26 15:15:18,2018-03-28 22:59:55,2018-04-10 20:58:41,2018-04-17,a99663d65e767db2943105a07c56a8d4,2018-03-26
df5c4b3fb5a9eaeacf001d35921abad0,12e0c8dba33337daf3d5b86032489254,delivered,2018-01-04 21:32:30,2018-01-04 21:47:50,2018-01-10 17:21:54,2018-01-31 21:25:07,2018-02-06,e875142771ec79ea6fa3af1e819943b8,2018-01-04
8ebae0e9b855b154798e1896f282ff41,f4423bcba715c4b8bc0a07c0bff7977e,delivered,2018-06-01 20:03:50,2018-06-01 20:15:23,2018-06-05 14:20:00,2018-06-08 19:08:38,2018-07-12,0225a15f6d472b6aff9f2ea45e9a563f,2018-06-01
49a2270d839166a3e65a4ce1f1741191,1127eaf6f0879e5d8d406fb70b4aa3bf,delivered,2018-04-09 20:57:47,2018-04-09 23:10:25,2018-04-12 02:42:36,2018-04-16 16:26:45,2018-05-02,523fcd1a45edbdbe50ac7159aeb0c43b,2018-04-09
c405d436f973cb6f7c1c1523a85cdcc2,f8e233115b08d0c903ad8e96cf387d59,delivered,2017-09-12 16:29:18,2017-09-13 03:36:11,2017-09-13 18:54:41,2017-09-25 18:56:30,2017-10-04,2d2f795be3c86374ae2ffecaac3c4013,2017-09-12
a3cd25ee6734965d0225d794eb920718,a276a9e40088e50d8487800a298d4674,delivered,2017-11-25 17:22:27,2017-11-25 17:34:27,2017-11-28 17:32:37,2017-12-06 20:43:01,2017-12-11,3ff2ef675976b10fea529399149fa887,2017-11-25
83262941cdb645f93d2446a666571eb4,305c72d87ab363c4d33fc055a547702a,delivered,2018-08-07 00:33:24,2018-08-07 00:45:12,2018-08-07 08:15:00,2018-08-20 12:43:40,2018-09-12,7a1d2cc18daac7d6975e60a279c871f1,2018-08-07
0693ed674763a4fc34e2c763c7fd25c2,33db03ccbfce5ccb029160ad2c1de78f,delivered,2017-07-03 23:28:14,2017-07-05 02:55:30,2017-07-05 16:19:41,2017-07-12 15:25:50,2017-07-25,5b409ca5e4383fcfa2d21b68c21e5a04,2017-07-03
ebfc413b212cdadfbe24b0080f34fc8e,a90a46d420c72bdb505abbd7807abb27,delivered,2017-11-10 17:55:13,2017-11-10 18:08:02,2017-11-14 19:29:20,2017-11-20 10:51:23,2017-12-05,ebc5f2a3e1384df415585c7c3f662abd,2017-11-10
0a6a4a209e43892afeacdecd8a5cfdff,7ea6a37458d0182bf02b1828d0bca04a,delivered,2017-10-17 21:05:02,2017-10-17 21:14:26,2017-10-18 20:48:38,2017-10-24 20:35:05,2017-11-08,891677cc1f44658aaa462b16a3f55477,2017-10-17
141ba7894f0b0bd2cf4db4d6dcc763f6,adfd61f98f59825c4659fb1e0725be02,delivered,2018-02-20 23:32:58,2018-02-21 00:07:30,2018-02-22 22:43:20,2018-03-05 19:53:23,2018-03-20,c8200be463def4509137904848cec71c,2018-02-20
483483db7f8737f623ad88c392109242,86d33a8c5cffb1ba09dbb07976202434,delivered,2018-02-15 21:07:57,2018-02-16 21:07:27,2018-02-21 01:20:18,2018-03-05 13:32:56,2018-03-16,d7c90f6ab0a9d694c9f37bb8d027a19c,2018-02-15
34334129c5fc3f38fec577b122930761,029f546fde4adb1892e8800cb49b694b,delivered,2018-03-01 14:42:36,2018-03-01 15:40:24,2018-03-02 17:48:37,2018-03-16 22:26:43,2018-03-23,e9aea07c357910650d00d683d374a8ba,2018-03-01
4ba6b813ed91fee2b26261b064aaf348,c2188fcd07f361e28ebf769f322d4d81,delivered,2018-08-05 11:04:17,2018-08-05 11:15:11,2018-08-06 11:06:00,2018-08-09 21:04:21,2018-08-20,c44cf006eb2be388f690fad0ebf05111,2018-08-05
b8fc541ddf448e0a01b133c5f34947dd,8c17ad58391be1710f7f14d41e68d882,delivered,2017-03-07 16:58:41,2017-03-09 02:45:36,2017-03-09 13:25:18,2017-03-13 16:03:42,2017-03-31,47705e07ec01d2c829e700f36476985c,2017-03-07
ab532e8d49a6cd8848ec641843b39b93,1c6a3710fa07390762846e86a7dbb490,delivered,2017-03-14 23:25:10,2017-03-14 23:25:10,2017-03-16 11:53:35,2017-03-24 14:59:49,2017-04-03,190687a3b8c31c71cd5df9bcf6602775,2017-03-14
e5361fa01932fb74c11c6de96f05ce80,66a7d5e51c9f8597b779c3c509ec93bc,delivered,2017-06-05 13:39:55,2017-06-05 13:50:24,2017-06-22 17:15:41,2017-07-05 13:41:57,2017-08-02,36e1846b40253ed2cd4037cc87c63aea,2017-06-05
9aabbad854d4c27b0ef46e919e8988be,763ba5390484c76a0da323feefabbeba,delivered,2017-12-22 15:35:27,2017-12-23 02:15:41,2017-12-26 21:34:18,2018-01-03 17:52:19,2018-01-23,3a95f700aeaf97cf36054de5ceca0831,2017-12-22
0ec21892fbe1319a9e0363cab0066fb0,d58d04003ac810adac58890472e3a443,delivered,2018-03-07 16:02:00,2018-03-07 16:15:38,2018-03-09 16:16:27,2018-03-20 23:32:26,2018-03-23,788313d21c3507fe890921f6e17aa679,2018-03-07
ffe73fc1d73e03fdb50e63903ddfe882,3f72fbdbb59d2b6db3637e39f881b6fa,delivered,2018-04-17 12:59:40,2018-04-17 13:15:15,2018-04-18 23:18:28,2018-04-26 23:22:32,2018-05-17,f8855cb70f89f8262bcc19fc79695fd4,2018-04-17
1e077c24035d25ddca3736f56d3e19a8,d8de65caf938995f19d88ea2a3c08a71,delivered,2018-02-20 20:38:22,2018-02-20 20:50:30,2018-02-22 22:36:40,2018-03-09 21:43:35,2018-03-21,a368079a0bebc82daf9ee12fd8a6ccd1,2018-02-20
c976316357b5231d511f0a03999aa84f,f3bd85616beffb97d5a3a6e47a1a2e16,delivered,2018-07-21 19:19:15,2018-07-21 19:30:16,2018-07-24 14:19:00,2018-08-06 18:36:44,2018-08-15,abf322a2a859a79b2c77e9645012cfba,2018-07-21
7e8641c6ba8f77235152dd1c3356f814,307cb7e9453a86b2550537938d86e177,delivered,2018-02-17 22:43:51,2018-02-17 22:55:21,2018-02-27 22:13:50,2018-05-15 20:58:28,2018-03-21,efb28cc50044dbd84964924743445f54,2018-02-17
dbf97707cd97d5209511c307f315a361,2683f227b4ca959e6183a3ebbd98b3d4,delivered,2018-02-28 14:06:00,2018-03-02 02:40:31,2018-03-02 18:45:29,2018-03-23 21:27:54,2018-03-20,e88baae856b093e436aef60537fa28d8,2018-02-28
3cf8df3f88d9f6f82a04ecd4028c6dce,e9ede5481d28f0d62e9ac3b6a839d7f1,delivered,2017-02-26 11:09:04,2017-02-26 11:22:12,2017-03-02 14:32:37,2017-03-07 18:21:30,2017-03-20,9c01c455e8859823c285c9a63225b05e,2017-02-26
408c34813cf30f96dc67726e1b5e78e2,c05a4b76af8d8ea32d4c949d0731f726,delivered,2017-12-12 19:16:29,2017-12-12 19:30:17,2017-12-14 00:09:56,2017-12-20 00:19:15,2018-01-05,f1815df8b1e48f12cc0f6d46cd922636,2017-12-12
d29bae63f22f20cb3190869e57451e86,8757fd616684c8cda84b8b5422918574,delivered,2017-12-05 12:49:03,2017-12-06 02:37:24,2017-12-12 21:54:45,2017-12-18 21:07:51,2017-12-28,93f1158544fa4075589b56a144be8041,2017-12-05
50cc713127f0c3035445fd5fc64460f9,123c59cff833b39f496aadb58882292a,delivered,2018-06-24 18:43:43,2018-06-24 18:56:00,2018-06-25 14:24:00,2018-07-03 11:38:49,2018-07-19,232c4dd029ef4bd4de1a95aacdf59550,2018-06-24
068c0507e1af74b156beee1db2deed7a,d9983bf03f76f720635b689e1de6059c,shipped,2017-06-26 13:23:19,2017-06-26 13:35:10,2017-06-26 15:42:44,,2017-07-26,9030942b11a81619b6a2106222d6741b,2017-06-26
3eeb4f7586da186783c7820e81bf90ac,49c9dbcc5c5326a91545d815205828d9,delivered,2018-01-12 16:51:23,2018-01-16 03:51:07,2018-01-19 01:13:09,2018-02-03 21:04:46,2018-02-05,f7b21bd1e2457a8011c46f11e2bb6a8d,2018-01-12
1e6550f81d2820478f87df7cc366a86f,c8d93de5bc29a27addeb9d36b2f76c5e,delivered,2017-11-12 19:49:31,2017-11-12 20:06:25,2017-11-14 22:41:18,2017-11-21 19:46:49,2017-12-01,da24efc20bcef19f3d49dba611bd0b53,2017-11-12
0acb20fb04c5f71d38da116f7b92ab63,aa4d5e529106b2c55313938226cd3f4e,delivered,2018-03-12 17:31:43,2018-03-12 18:09:30,2018-03-13 23:51:37,2018-03-15 17:54:56,2018-03-28,cef1a838ec897cd07daa95fa296e65e6,2018-03-12
2ca4629d3b90f42d3590507521005592,739f034dda24ecf745d673592819074c,delivered,2018-07-29 20:36:46,2018-07-29 20:50:17,2018-07-30 14:16:00,2018-08-02 20:06:34,2018-08-07,82eb3e5649f605959d93745e6d708b27,2018-07-29
df3c03ee5c240bfffaa5e3dfaeb4699b,54bec33d5e42b3d9f9aaae70bbc2f441,delivered,2017-07-05 22:44:25,2017-07-05 22:55:23,2017-07-13 13:40:01,2017-07-21 21:33:55,2017-08-03,6332ca114f87dfefe3a7f3cdc65e66b5,2017-07-05
fddb99cde66af279ab48d2dd5d987dd9,7d77fe37de9a0a12e451fc568a3462bf,delivered,2018-02-13 21:12:13,2018-02-16 07:55:48,2018-02-17 15:14:50,2018-02-20 21:12:11,2018-03-01,2b1637ba32faabc3da45b220578d6b7a,2018-02-13
ad6dfba4eac734dc19375323e0bd3abc,633210c5368f5e3bcc3751459e1e3a4d,delivered,2017-04-29 07:15:53,2017-04-29 07:25:11,2017-05-02 17:30:29,2017-05-08 14:07:09,2017-05-25,e940b2ae9eb0e786ee83a5eb06c4b7fb,2017-04-29
7b4fb0197b18a0fd0e75f9e44b3fc757,7c495c9a1dbeeb7167642f15ae11bab8,delivered,2017-01-18 23:15:29,2017-01-18 23:30:12,2017-01-19 14:47:45,2017-01-30 09:33:41,2017-03-08,967ee07cb69460a7e1d42c7747142572,2017-01-18
b9f985da9b5605e8f6b1fb0558b8c88a,f66242e2439d0da31945c09ef7d12652,delivered,2017-11-17 22:06:54,2017-11-17 22:26:10,2017-11-23 16:21:17,2017-11-30 22:32:53,2017-12-06,6fe09f77ec8e29ed4e619c6841f6479b,2017-11-17
80de3fd8e8d43a2f1c9b9561e8c2ff4b,1251538e4e2d9de1c61999470342ed3c,delivered,2018-02-26 10:11:55,2018-02-26 10:32:17,2018-02-27 22:36:34,2018-03-01 15:17:03,2018-03-12,52541f277de0476d40074256599f6714,2018-02-26
468cfd01fbf123dc6840ef293f916228,6b05eb38f90c1a3b2a3b28310ee78d9f,delivered,2017-10-11 21:56:33,2017-10-14 18:34:00,2017-10-17 14:42:37,2017-10-18 20:12:31,2017-10-24,9d07bf621235d863c3b3b2cf730a86ea,2017-10-11
22f7d2adca9b9787cd01ba3f09f8aa03,e8153efeb6784f17165fa9703078ac2d,delivered,2018-03-16 14:36:32,2018-03-16 14:50:26,2018-03-21 00:24:49,2018-03-21 16:49:34,2018-03-28,11cf56e22c144b0969c7bf17e3cbba24,2018-03-16
89ae9eea43fd5c68102875e05af1c2da,2ef9528dba475177acedbdfe80029ba1,delivered,2017-08-29 20:42:57,2017-08-29 20:50:22,2017-09-05 22:47:58,2017-09-12 20:25:27,2017-09-19,e7da56c19ef48bbbbad3d7db0e52fc80,2017-08-29
7ab0dc48b021e455a7c0ab4cf53f6bdf,d16a12e3be31ee48928e0a5f8a837ad7,delivered,2018-02-20 15:47:11,2018-02-22 02:31:05,2018-02-23 22:37:00,2018-03-02 13:08:01,2018-03-13,4aaa810c22fdcb7f819405a014235380,2018-02-20
6f0a2d3f0fcb51ca2468a29cf29bdf8e,6e16b9148de07bf74c0d944939f3f12a,delivered,2018-08-21 18:55:09,2018-08-23 02:45:23,2018-08-23 14:04:00,2018-08-27 18:28:28,2018-08-31,7b6dfdba7288c119bdb6baf24cd15cae,2018-08-21
499db357fa1bac9b96c44bd42dd17718,9e2974fe836024cfbba8ed46b8baf767,delivered,2017-08-10 21:35:06,2017-08-11 04:15:19,2017-08-11 13:43:59,2017-08-14 16:59:50,2017-08-24,9d234cde9f3c90fad3a9ccfefa681c0b,2017-08-10
3a53d5a9a0c58d291ff3ae407b6df5fd,5612aa60cdbbd8e9d89ae0c409080375,shipped,2018-02-16 21:55:03,2018-02-17 01:26:58,2018-02-19 16:14:14,,2018-03-14,43ffa7da9e5e738684a2d571602b5bc5,2018-02-16
4983af2477ae85a49af5ab63a208c507,d8c076f6f125bddf54ebbe55ebe1e92b,delivered,2018-04-08 09:08:02,2018-04-08 09:29:32,2018-04-09 19:47:17,2018-04-12 13:28:47,2018-05-02,817dcd7a2de6fcdc5434963bc26de720,2018-04-08
f349e78f52cb2d25cffd4cc44f168413,eec3d506a23070bb0ffad2fea91d9976,shipped,2017-02-02 08:58:27,2017-02-03 03:55:43,2017-02-10 12:51:55,,2017-03-13,23ab17649e2b74a8a07ba814ca5ca016,2017-02-02
7a1c3f2e9e141807904c824563abb480,752c4dd83fb5869511dace7d6903b8f9,delivered,2018-07-26 19:12:28,2018-07-26 19:25:12,2018-07-27 14:32:00,2018-07-30 19:05:15,2018-08-07,799f7a4436df57e217905988d8973418,2018-07-26
06ca6a54b34081bd1f5b84385021ac78,dd7fd70977bfc6a88921cf540c612bab,delivered,2017-10-27 11:30:51,2017-10-27 11:48:19,2017-10-30 19:52:10,2017-11-01 21:04:00,2017-11-09,4b5fe1a918e5ed2a0f61380b3d280090,2017-10-27
26bcf00f6206386e2fc106eeaffefb0a,cc8733d8b80b4bc61bcddedbd7353e0f,delivered,2017-10-18 23:21:13,2017-10-18 23:49:21,2017-10-31 13:22:52,2017-11-06 20:42:08,2017-11-17,a983f0f144eb974e435c9cdc01854e8d,2017-10-18
98dd7753912978b85fbcd62a50873bfb,0e2bc55ac731bfc3a774302c26a156f8,delivered,2018-04-07 21:51:17,2018-04-07 22:08:48,2018-04-10 20:48:43,2018-04-11 21:20:51,2018-04-25,5e020b18f75cea18f1475b63fbf0713a,2018-04-07
2b9ab62e402a43c64978b895150c6c0d,70116073b8a399ba8843062cf3a9108b,delivered,2017-12-02 16:18:33,2017-12-02 16:30:21,2017-12-05 00:54:40,2017-12-13 21:58:33,2018-01-02,a5bbbe1f7a979e71f982a008a3f14dae,2017-12-02
c4bc2a01f871554711dadb82537413f2,4e20d9b32522aa8445bd483c315648af,delivered,2018-03-02 16:54:18,2018-03-02 17:40:32,2018-03-05 20:08:07,2018-03-06 21:59:01,2018-03-16,54a22a0d776f341e79356ad4a761aa81,2018-03-02
17a9b6c2934cd7dbb1d08626843da4c4,c3e980e42f61eb41b268977e0688d858,delivered,2018-03-24 09:43:16,2018-03-24 11:41:09,2018-03-27 01:32:51,2018-03-28 20:08:48,2018-04-06,319aed7fd576c317a96b55a991befb3e,2018-03-24
4cdae837c07c681dc80adebc6ee90b99,91f62d1acc70de76856fe56e6fa04a32,delivered,2018-07-17 23:46:08,2018-07-18 00:01:42,2018-08-15 14:46:00,2018-08-20 23:18:46,2018-08-10,840c2c21ed8379b8aaba2e5f6479b0c0,2018-07-17
043d31a14bff24ead2b38f6b84a10437,ee90025971e6786e93cda20b4ad8383b,delivered,2017-06-06 08:37:30,2017-06-06 08:50:09,2017-06-07 12:16:29,2017-06-09 11:18:36,2017-06-20,aa0dac7d8d09e53b9c87f041fd658720,2017-06-06
4c75971c4d905bf7cc8e96d445d4bc59,ddc516c1e6ebded0c74cbfbe34f1269f,delivered,2017-11-20 21:58:24,2017-11-20 22:09:33,2017-11-21 18:38:33,2017-11-28 18:08:45,2017-12-11,6b6e5369f88537320cf6f0b8de782633,2017-11-20
e6669a7f1985f326ff52deb5f83ad040,8437fedb157d3dc90ad790e5d2c4c80d,delivered,2018-03-02 16:34:33,2018-03-02 17:20:22,2018-03-07 23:26:36,2018-03-19 23:42:04,2018-03-20,320ff305d456d8d45a09bd6a7aaeb543,2018-03-02
4316de0cfc625ab7e99d370f8916b0d0,5155ddf5cf5bda1665ba937ce099997e,delivered,2017-12-20 19:30:17,2017-12-20 19:51:42,2017-12-22 00:57:52,2018-01-10 21:19:07,2018-01-17,889a9e25aaa1d879dd16f63375d27040,2017-12-20
ce68843ac7d40d4297c6d6c09ad5fd89,220f4b53fdb188674895e3c41dd688b9,delivered,2017-08-28 19:17:35,2017-08-28 19:25:25,2017-09-05 15:08:05,2017-09-11 16:57:50,2017-09-22,ef94ab37c9e865083fb1916862c23fd2,2017-08-28
d7484d6207c35d75a99882ac7de536c3,a51586aea47df8c3b03d999120490b21,delivered,2017-09-27 20:46:43,2017-09-28 02:56:34,2017-09-28 18:34:15,2017-10-01 18:24:30,2017-10-13,39ce02a045b8e7b0329984df3109957b,2017-09-27
adab9a53769d7fb9e5049aa7c0d93239,f1b86a379b5fc9895aa935ff4719bc98,delivered,2018-02-04 15:55:26,2018-02-04 16:09:34,2018-02-05 19:36:44,2018-02-16 19:12:14,2018-03-02,a3800232f6eea45b4bf92f6ce077c471,2018-02-04
0e75e6ce3e632eb1473af3854f583029,1b222a0f1414bd06b17256aebafaa498,delivered,2017-04-24 10:14:16,2017-04-26 10:34:20,2017-04-28 09:14:11,2017-05-02 13:47:08,2017-05-15,f398130a46d78d120674c62552f3922d,2017-04-24
c293ca42a5c5696d69f9de1acff91b4d,9434829a6ad0625a50a8904f8a90a24e,delivered,2017-11-14 10:44:15,2017-11-16 17:52:44,2017-11-21 14:54:49,2017-11-25 14:18:21,2017-12-04,6c9588c03409d1e550705653ca2b30b2,2017-11-14
15976149b5fe6e60aaaa9a91e33ef6fa,b3d6c3a8afbffdd5c9f9886f0bbe0572,delivered,2018-01-30 17:49:41,2018-01-30 18:10:34,2018-01-31 17:35:55,2018-02-08 20:13:43,2018-03-02,e1f7587185cefad121522e718b226533,2018-01-30
a72d1276fd9d74c154120c3a11eba771,a48e3b3a54d466e47d74b1820b3d4832,delivered,2017-09-04 20:37:42,2017-09-06 02:50:17,2017-09-06 18:20:06,2017-09-14 17:04:53,2017-09-26,217b511d44de15b478616b93f9d7028f,2017-09-04
477764d546ca330c71f7ca61bc583904,7dcafa32c64ef39efef03ad0b46d5ac3,delivered,2018-02-03 15:38:16,2018-02-05 11:30:05,2018-02-05 21:38:57,2018-02-19 14:29:05,2018-03-05,4d68c97404c88f8d110415d4a347d4a0,2018-02-03
e11ac0d86982b86bcde829263d5a38ec,7bddbcc91c2a6935d6c06d3cdeced6dd,delivered,2018-03-19 19:31:32,2018-03-19 20:35:32,2018-03-21 18:58:58,2018-04-06 23:58:28,2018-04-05,ef083f7e13f5a01aa63a89465d3b8f5c,2018-03-19
c3c98f80459f075de43e0645f41be709,148557b5c36230134009aeeb9915b57b,delivered,2018-07-18 00:08:33,2018-07-18 00:41:31,2018-07-18 12:52:00,2018-07-25 19:37:00,2018-08-10,a0d58c3abf0bc947e39f72976db72428,2018-07-18
659a4b8e5c9540667f4d4d5607bc8f79,a74f74bbbb5f762dbe2f38bff34d3e40,delivered,2018-03-06 11:18:36,2018-03-06 12:00:31,2018-03-09 21:52:35,2018-03-12 18:06:50,2018-03-16,6b2eda2d6bb34893e1130fa9d7a1b9d0,2018-03-06
63e0cbb0f1ccbccf50bf1a9631fb56ba,0467e821c75897daf0241cf81a4b5854,delivered,2018-03-23 17:33:12,2018-03-23 17:48:28,2018-03-26 20:46:32,2018-03-29 16:28:50,2018-04-17,cbc822b83f2ce9396e8e549e8d3d5e1e,2018-03-23
e743287a2def21228e3becf7e66f6fef,837e2286b6a07331ea8f43f8f6f3b4fa,delivered,2018-03-15 16:06:52,2018-03-17 02:45:33,2018-03-19 19:56:27,2018-04-06 17:57:28,2018-04-03,226465f325c87d34e6e6c7f1aa59a262,2018-03-15
0e98c70fb06024ae560719cace52421f,b6bfff180f48531b7fe6b45cac2c3c68,delivered,2017-07-11 14:20:11,2017-07-11 14:35:11,2017-07-13 19:22:27,2017-08-29 21:08:07,2017-08-15,ecebf7f617833b1f6340d2e4982a2bf1,2017-07-11
8e86bb7701f5738e9b750b76bae492bc,39321fee4780214055b7f625d3254dc8,delivered,2017-11-23 10:28:05,2017-11-23 10:36:30,2017-11-24 22:56:41,2017-12-18 18:51:56,2017-12-26,9382ef645ba8683e5afe03653e7013b9,2017-11-23
13f2f496cc080f4443dc54b93b75a968,a369192f9dbe966c7d10f33b7f20bdf4,delivered,2018-05-28 19:36:59,2018-05-29 19:35:15,2018-06-06 15:01:00,2018-06-13 13:38:29,2018-07-04,f92a5e3bea1b09920ae90abc3f8a4cd0,2018-05-28
117e77b39bc8cd4a2dadfe1ea8948d56,59b3e9c1cf55ab08fd621dde64de9144,delivered,2018-02-28 23:01:08,2018-03-01 22:55:35,2018-03-02 22:48:56,2018-03-09 20:06:26,2018-03-21,fac47e384fef9ddc9c3cad97ed3192e0,2018-02-28
e0699d3ded38cca3642677243da9f13b,47b1ee85880e75bd8e8b4546cea0c711,shipped,2017-04-19 01:59:36,2017-04-19 02:10:12,2017-04-20 15:32:43,,2017-05-09,f0faf537c019a5dcaa0496f9d21939ad,2017-04-19
df04e901d675a6c329be16feac866548,5dabf0a2fac79c094e4a4e600250c386,delivered,2018-04-02 09:17:46,2018-04-02 09:30:19,2018-04-03 23:46:30,2018-04-11 01:24:41,2018-04-26,e1a8e606cb2da21d4be728626f3a11b1,2018-04-02
9b18393baecb1432441d81ce51e14fbf,88f690acd6593f15dcca7a39473c930f,delivered,2018-07-23 15:18:01,2018-07-23 16:20:18,2018-07-25 15:27:00,2018-07-31 17:26:37,2018-08-17,d1ac24e7ed35312f2cb69d5099e31eee,2018-07-23
5097dff6bbed76071da15d650ab36173,e5157f2094589ba65c3fa6510add2755,delivered,2017-07-11 15:39:58,2017-07-13 02:50:52,2017-07-13 18:51:10,2017-07-26 03:14:24,2017-08-08,19b343f1e6f1f565fae30b25ae706fd9,2017-07-11
8756f67f8fca03ed9d9f098a2148c32d,196d71e5838abc408a0fd00b1bd7b784,delivered,2017-08-30 18:48:22,2017-08-30 19:04:26,2017-08-31 21:19:56,2017-09-13 16:57:41,2017-09-25,dd05c89d57629a90f4bbedc7221a69bd,2017-08-30
7ec1c103b7dc4cf5213a0a3956b28a6d,7a2b2664f27252530d93dbbe1895a107,delivered,2017-06-23 18:38:34,2017-06-23 18:50:14,2017-06-28 14:45:54,2017-07-04 15:06:28,2017-07-06,626eedf6e29658c310f58bca8209932d,2017-06-23
e437a323d90b04581fd8418d4afcce4f,35e14d7c373d7060ed667dcf1b35f211,delivered,2017-09-11 12:19:02,2017-09-13 03:15:49,2017-09-13 21:43:46,2017-09-15 21:47:41,2017-09-22,b8aced29a3e644673b246ee841e8e1a3,2017-09-11
74661e530a952a7ca5c7631de0960ada,11f1058e94059e91e907631d99d977f0,delivered,2018-02-20 20:48:31,2018-02-22 02:28:48,2018-02-22 22:53:02,2018-03-11 15:18:59,2018-03-20,2d567a71b826dbfc503fc8710f210921,2018-02-20
320647e42dac370c80184c0f74433cac,ed6f8d78ff7bebeca70e3cfecae8eb38,delivered,2017-09-12 22:33:12,2017-09-14 02:55:15,2017-09-15 19:13:40,2017-09-19 17:56:05,2017-10-03,df8a0c4f03f7fda2fe02e066b9298633,2017-09-12
0f090dd2d83a9d755108584313c8208d,b5f7828a9d315bba42ebb548cec35c7e,delivered,2018-08-15 21:54:51,2018-08-15 22:44:02,2018-08-16 16:07:00,2018-08-21 19:56:14,2018-08-27,e12089da022560c388cac2824daf2861,2018-08-15
3b6b7b37c486e320124d04045d1f5108,e789734c22b5671c5ebc823e411d3136,delivered,2017-11-23 16:39:41,2017-11-23 19:48:13,2017-12-04 19:25:09,2017-12-12 17:47:31,2017-12-14,22645719e22ee24605277c0b4e149d95,2017-11-23
1407b8c9ec30eed1a581452a7106dba9,9379aa1c18e5838ac70d531dfa5505af,delivered,2018-03-28 19:34:07,2018-03-28 19:50:15,2018-03-29 16:52:51,2018-04-20 20:41:54,2018-04-23,78a4308deaf42f0f5bc37c3ba4fc53e4,2018-03-28
57287b46dc0f2bbc56c73b239cbc425c,f4d603262cb2ec87b7b6fc431853f3e7,delivered,2018-03-19 16:29:25,2018-03-19 16:50:43,2018-03-23 21:29:25,2018-04-05 23:19:01,2018-04-05,305d75656a49eba060310daf4b4a9898,2018-03-19
b31deef3cfc53bbbf26964becc186cee,55cea14130c28e3aff86b47a695a0f13,delivered,2018-02-14 22:47:32,2018-02-16 14:30:32,2018-02-17 00:11:43,2018-02-28 20:22:56,2018-03-09,4612b0f777ec70e3b56ab74ef62dd2e8,2018-02-14
21de78ac0578363ecb087f82755e6593,1f74cfeeda5e2f4b51ab875fb82748be,delivered,2017-02-12 12:12:51,2017-02-12 12:31:28,2017-02-13 12:19:22,2017-02-20 11:22:10,2017-03-14,d249f687644a10a2680fcf334511beb0,2017-02-12
df450661c1fd00e751bfcdff57c91082,f0ae114efa6004f2a4da63ddaae96edc,delivered,2018-03-18 16:07:03,2018-03-18 16:15:36,2018-03-21 15:13:26,2018-04-13 21:26:35,2018-04-24,32474a71f2a21b23037f547315d3287f,2018-03-18
6f111f43dfff02f385ba9cd22c75637c,39ad34e24c3890ee0c10160c95bc817b,delivered,2018-02-04 10:27:37,2018-02-04 10:49:01,2018-02-06 22:48:30,2018-02-19 18:52:17,2018-03-08,cd0d74342f79df0c77eb68a8374cfe4d,2018-02-04
6f5632cd906ec2ef07ed45c8af2e8811,203f961e80a1bf69c9590ad12ccdc58f,delivered,2018-07-23 00:29:55,2018-07-23 12:31:49,2018-07-24 14:27:00,2018-07-27 17:11:02,2018-08-10,bee155c4fd114d94103d3e330d1724fe,2018-07-23
a8c73a48c9615d63b8ac5254472e9c42,32cb76fcd6568cb229f05d3e1e77bc4e,delivered,2018-02-01 16:06:43,2018-02-01 16:29:51,2018-02-06 22:43:42,2018-02-22 03:10:18,2018-03-02,0c23bb2288df01f6eee54fc8a5a99afb,2018-02-01
bfc72464b974b6abff7bf44b83aab136,2d7b0f5e2e5b0f902f517791aa041f38,delivered,2018-08-22 16:05:04,2018-08-22 16:24:32,2018-08-23 14:01:00,2018-08-27 21:32:00,2018-09-03,c3728d4b5447858962d86616c5bd9e62,2018-08-22
39fb67bad5d8285a2665a7ad0a0058aa,3a96a22fcc1361cf2ab91882d13683c4,delivered,2018-08-13 21:19:19,2018-08-16 18:49:19,2018-08-17 14:37:00,2018-08-20 21:38:41,2018-08-20,b612c13210c682252a298fe139ba3314,2018-08-13
95e96fd707c7420fa6e7c827c33ec0e0,50b44416b99553ff4e1e8226dc1fe2ad,delivered,2017-11-30 18:28:43,2017-12-01 09:31:03,2017-12-04 19:23:22,2017-12-11 19:59:00,2017-12-18,224986d9e2bbc1eaeb9b6c0ed42439fe,2017-11-30
f061ce16a11eb158bbb7bb7cb38c1ca7,690640e7d8640f48c1e953ef65504c72,delivered,2018-08-05 20:23:26,2018-08-05 20:44:31,2018-08-06 14:16:00,2018-08-10 19:12:41,2018-09-11,5d43b096890c252c52f440ef0eec1265,2018-08-05
c37425205cecce5f1296f6a00115de5f,7657becc356a50411c8e6121fc3fb1cb,delivered,2018-08-23 09:53:04,2018-08-25 02:50:21,2018-08-28 05:24:00,2018-08-29 22:04:04,2018-08-30,8151b2504242ea64b463eed43288422b,2018-08-23
a2456e7f02197951664897a94c87242d,7317f41f2cf650174af819cdb68284f0,delivered,2017-03-30 11:39:20,2017-03-30 11:50:09,2017-03-30 16:45:30,2017-05-04 14:32:43,2017-05-10,047c439e6c563abb6ab4b9ff18298d55,2017-03-30
f1340835d29043d62518455ea808c84e,659e17d303758fa459f2b37ef353f5c4,delivered,2017-06-13 11:11:47,2017-06-13 11:35:57,2017-06-19 17:26:46,2017-06-29 15:27:46,2017-07-18,0dd933d1e0253343083013791bf5d5e9,2017-06-13
548349fc08944ddee38248fc37100355,3b53f0ddd72334664e800a2c0827563a,delivered,2017-12-10 17:42:33,2017-12-10 17:50:40,2017-12-11 19:34:31,2017-12-23 11:07:09,2018-01-08,7e050832e2248c400621f6b22315d4bb,2017-12-10
470994fd2c10b6103e0fa4fcd37ea7b9,35b924f8359e4c2d013d8b8c53ac04b8,delivered,2017-11-24 00:44:05,2017-11-24 01:13:39,2017-11-24 22:58:34,2017-12-02 18:52:02,2017-12-15,eeb120727927ff93027f15bd27fc6e68,2017-11-24
09b457f1152126535a2e7d4a3b73ff6f,63eba5144d1e863052f1b154a402b7bb,delivered,2018-01-02 16:17:41,2018-01-04 05:14:12,2018-01-04 22:44:04,2018-01-05 17:07:30,2018-01-18,82764b80d068287bdfb77df016b68d96,2018-01-02
d347a4ddae83c0b8a9438522ecb7dfb6,916be9fbe6a29f9692b0383141e28ebf,delivered,2018-01-26 20:31:37,2018-01-26 20:53:15,2018-01-29 15:38:37,2018-02-08 22:33:04,2018-02-22,5aabf2f00c4169c998bd00b0c1eff66f,2018-01-26
11242fc97afd67d5b5a7e211aad24bb8,0502d707915775b984e0976f86be4e70,delivered,2017-09-27 17:06:27,2017-09-27 17:14:20,2017-09-29 16:07:03,2017-10-05 15:41:27,2017-10-19,d57c7566fa71943643f46f06ce571ea0,2017-09-27
32b719ae1cbb8bd2e7a59704cdd4146f,6f39dfa5c8cc2ebf90ab2b4b35fb6d1f,delivered,2018-04-08 01:11:00,2018-04-08 01:28:31,2018-04-09 17:48:32,2018-04-19 15:13:42,2018-05-02,cbb38d8eb0e6914bf255ba71f146bb50,2018-04-08
1aef7a15aff34d2305b0e6994acd680b,c7077d913fb62ff4361399a9f4683479,delivered,2018-06-15 10:32:09,2018-06-15 10:57:42,2018-06-21 05:31:00,2018-06-29 14:06:50,2018-07-25,c489e88397e376f0e402e81e34c5c40d,2018-06-15
678c60c6679ddcf17629ba109f4d1249,730325254d70acdb14dd00de0e81eb52,delivered,2018-01-11 22:26:49,2018-01-11 22:33:21,2018-01-15 17:25:05,2018-01-25 21:09:23,2018-02-15,4f27b1391a5ddc01d9cc7389ad36f8ea,2018-01-11
7351ff002cae99e94c0a6a1da562c331,dc750b2e3d945b9698f5e0ff28010d99,delivered,2018-07-22 18:12:37,2018-07-23 12:32:17,2018-07-24 14:21:00,2018-07-30 13:32:03,2018-08-23,46782345bd75fa74520d674e6d50fccc,2018-07-22
79ee6745e164245e776acc4bb4e37e3a,358f08ec395bb0b74d9a5a1a594e6e98,delivered,2018-08-08 09:00:50,2018-08-08 09:10:17,2018-08-08 14:02:00,2018-08-13 23:46:32,2018-08-23,8a9c57817e183f35c53dcead46d75554,2018-08-08
9316147043211eeedaabc94074a8d9ca,99e291d0698cbe6d49cf14061c4c7eba,delivered,2017-03-11 17:52:04,2017-03-11 17:52:04,2017-03-13 14:44:10,2017-03-20 08:38:08,2017-03-31,c08d2d6237e1d95d5189b9060e2e12c9,2017-03-11
edc7444663af179dd113423c0512b4e4,0305e46a6860811f637aec423f85927b,delivered,2018-02-11 18:29:23,2018-02-11 18:48:02,2018-02-15 17:55:22,2018-02-17 15:39:02,2018-02-26,76f963ae5c714f31c2904d52c273098f,2018-02-11
ae5fe00be1af79fd3662e2696e3eab95,68a7c5fd6f00d8218c92e4a419595a20,delivered,2017-07-22 10:18:02,2017-07-22 10:25:17,2017-07-24 19:45:34,2017-08-03 16:29:33,2017-08-17,5d0af8873c37ff6cbd6b2a0713049122,2017-07-22
326f416d415768d0e54d232732f51fd8,18b8ca13241b9dfa3d7c5136e07484fd,delivered,2017-08-03 10:48:32,2017-08-03 13:42:57,2017-08-07 17:28:17,2017-08-08 20:34:09,2017-08-17,48c872ab914ede0d5d03fa151269f6b7,2017-08-03
135adf658da97bfb1a171f1cbe3e15c2,e27d7fe6b9c990dc13d38d1eee32ff73,delivered,2017-05-16 20:27:04,2017-05-18 02:15:46,2017-05-29 08:34:38,2017-05-30 12:25:38,2017-06-08,76e1e9ce9116c736191b902441e4cb11,2017-05-16
a4c4dbaf457d098ea8ec468099c6eaf0,8e72dff17f5a60442bfeb33745875e05,delivered,2018-03-22 14:36:53,2018-03-22 14:50:21,2018-03-27 01:09:06,2018-03-29 20:34:35,2018-04-10,cbb5ea8135bebd124f915078e9052c9f,2018-03-22
4d6b1b6174b974633e2265f952e4b39c,00c5a25662a028f00093f247b945f959,delivered,2017-08-16 12:50:48,2017-08-16 13:25:15,2017-08-17 15:46:33,2017-08-28 18:34:08,2017-09-12,5ea1aab4828e8220e3eb682763743013,2017-08-16
6751421a5f8978f08dab6b35213d769d,807ab8a87b6d20224250b92f71a09f77,delivered,2017-10-15 16:50:20,2017-10-17 06:49:55,2017-10-24 14:17:29,2017-11-01 21:37:45,2017-11-07,02e8d64ed3a2d66ec146674efbfe3dd3,2017-10-15
1ef2710f49fea446b8f10e63aaf121e2,2a7c804a6f96dc79cebbff4a2b58a58a,delivered,2018-02-13 17:22:13,2018-02-14 17:27:55,2018-02-16 22:22:58,2018-02-19 14:37:07,2018-03-01,08a806963c9db61fc3b11bf257891610,2018-02-13
ef0ce2dff39f4a5251eef4f5194deaea,1800cad11696eecff09ecb1f40a1267f,delivered,2018-07-31 17:24:44,2018-07-31 18:31:04,2018-08-07 11:34:00,2018-08-17 20:16:43,2018-08-21,4b33acfe28fc7d129d4ca5daf58a1267,2018-07-31
daf946e879dab6e7e6b3f968297c3fe3,f681356046d9fde60e70c73a18d65ea2,delivered,2018-02-09 13:46:04,2018-02-09 14:08:53,2018-02-14 23:35:06,2018-02-15 22:41:29,2018-02-23,5f102dd37243f152aec3607970aad100,2018-02-09
f57b38cc7b69f8d5e9b3d61c9745fbf0,fae28a5fc286e0b795ffe2627de38fda,delivered,2018-08-09 11:54:00,2018-08-09 15:10:13,2018-08-09 16:03:00,2018-08-13 15:28:33,2018-08-20,dcacf96714d92a0b492f71935d426344,2018-08-09
a93894c6c9f88bd148b7fa62169a6532,c932b5d31b1ebdad985c3a42061c9bc4,delivered,2017-09-24 07:54:15,2017-09-24 08:10:07,2017-09-27 20:08:09,2017-09-29 15:47:00,2017-10-19,9768948d302fd18681943ecaf53e5e83,2017-09-24
3f265b4152ce33df196725325e99ef49,b7582b03338bd597599d4394ad04e622,delivered,2017-12-02 11:07:58,2017-12-02 11:18:29,2017-12-16 00:55:02,2017-12-19 20:03:48,2018-01-03,2f1ae2ed6bbc4661d04c271560570c54,2017-12-02
0635e2196d30b3003d5381ca15cb3d87,27b08a44041d90a2f35e381a9db0d379,delivered,2018-05-03 14:37:40,2018-05-04 03:32:03,2018-05-04 11:51:00,2018-05-21 21:41:39,2018-06-05,cb4253d36367737b6baa4f8ca58fac62,2018-05-03
101fa9bbc869f267953a48b0f659dc62,4e480a424e38883406d8b1c35f15b749,delivered,2018-06-15 09:53:02,2018-06-15 10:18:12,2018-06-19 15:16:00,2018-06-22 15:06:27,2018-07-20,5c3b2589420a704bc7fdc4546cb56a04,2018-06-15
4dca136c559e9ca40b91dd500cd05ecf,2c3e301a4c050be4f278c90026b82bed,delivered,2018-08-08 18:12:59,2018-08-08 18:25:20,2018-08-09 14:32:00,2018-08-15 20:46:54,2018-08-16,59646b1992cfdf176241a977c56f2f6c,2018-08-08
d9e76f277d933820125baad40dfbb9d1,dbeb6032cc304120dc34e825b99eaa2c,delivered,2018-03-02 10:35:48,2018-03-02 10:50:42,2018-03-06 20:47:43,2018-03-07 22:49:47,2018-03-16,0a6ca1c9f4484e9d9f9529ffa79568d6,2018-03-02
49486dab194ecf651037f3afb35380e5,e7d3c7b836d80f02c7ba1f7e182b3659,delivered,2018-01-03 11:07:45,2018-01-03 11:15:24,2018-01-04 20:54:33,2018-01-09 20:45:48,2018-01-26,84b7fbc77175c873f8df7b13fa1a4976,2018-01-03
c24e1ca06df82199a5041274b7c33643,aa0e4697be6ef9ac1fe98b04ba32acca,delivered,2018-02-20 15:15:22,2018-02-21 11:31:48,2018-02-21 23:39:05,2018-03-02 18:45:27,2018-03-12,cf7fc0d217ee5b7273e604a6c34fe163,2018-02-20
e2d97f385b79fa2f33a37c2c77965aec,d09d644ae171858274e3c166df961b4c,delivered,2017-12-15 22:53:29,2017-12-15 23:11:37,2017-12-21 20:44:55,2018-01-09 12:29:42,2018-01-22,fb3d2759405ec9a4a3e8eb61653a0bec,2017-12-15
840a77e5812e6cb838f4957339f5aa2c,d671f3c7672d55bf5cf119326e5c86e9,delivered,2017-03-06 13:13:02,2017-03-06 13:25:12,2017-03-07 09:51:28,2017-03-16 11:44:43,2017-04-04,cc95b67ba4cfe7e143bc5217fbfeeb19,2017-03-06
058cb75116972074baa3c4e594d2a851,ae6fbbdb93a894dc2db14cb8e0414155,delivered,2018-01-05 15:39:27,2018-01-05 16:13:40,2018-01-08 18:07:47,2018-01-19 02:07:13,2018-02-09,636c1718d558842a48abfd2f26dce2d7,2018-01-05
d09430535a1c386621c95790a3bbc0dd,c4094c75188203c52729c56102e09b30,delivered,2018-02-26 23:29:37,2018-02-28 09:29:19,2018-02-28 22:37:59,2018-04-02 17:08:37,2018-03-22,25901d663386536f4a705f6ba76a7616,2018-02-26
87c6169aae0c57897be7344931c2839e,227b1374de9ff0d09b2944f4058a8c0f,delivered,2018-07-01 18:32:15,2018-07-01 18:49:47,2018-07-02 14:07:00,2018-07-04 19:18:47,2018-07-16,774b824fa8861b38adafc836ccec9bcf,2018-07-01
ab1b312e38647cce491b4c3dd3bdf1ef,97872d3908c8b7aa23b2dfde235ec569,delivered,2017-12-20 11:14:23,2017-12-20 11:31:43,2017-12-20 21:18:15,2017-12-21 18:28:54,2018-01-09,9e3a777e7dc83001d9e2abd7dc5a446f,2017-12-20
9e18b36cbe389c78c0f80999b7d807da,7e48c146e0813b3449ab313fbe7cb5f8,delivered,2017-08-29 19:47:21,2017-09-01 14:24:48,2017-09-05 13:38:41,2017-09-15 14:43:37,2017-10-25,0106cb3b85affbb1c765eef0eac01485,2017-08-29
64d08d57c3320c16b1e8db97bfc9b314,6f40b4eea56cdf857b8ebcd17d3d966f,delivered,2017-07-22 16:34:22,2017-07-22 16:45:17,2017-07-27 22:08:06,2017-08-03 17:45:45,2017-08-18,b4b1a11b3ee17f1c046b64e52a5a8515,2017-07-22
a173a87bc70963a0ab33b92dd6f193dd,94d177a18ba9c367b98639650d29ba6a,delivered,2017-07-12 13:27:14,2017-07-12 14:15:10,2017-07-13 14:17:35,2017-07-24 20:43:48,2017-08-11,1027050edba8a0c71e1d0d3fcb2ca809,2017-07-12
04a2b4ee7fcf9fa8bf25b8d5bc770152,e09bddc2b1cb1ef0e2e4829e02303212,delivered,2018-06-05 22:45:09,2018-06-05 22:55:17,2018-06-06 11:05:00,2018-06-15 22:23:34,2018-07-12,f43b49556f7aa32c6e9067240c3316a2,2018-06-05
66b6937d9706c4f9213b289715bcd3f8,3bd30155866d17df9186fcce6db08abc,delivered,2017-11-28 01:25:12,2017-11-28 01:36:30,2017-11-28 19:29:00,2017-11-30 19:37:20,2017-12-12,b65e1b1d5e469f9f39446671399ba1d7,2017-11-28
f3429c1257804b1332184727aed3f28b,663ec855e4d69efcf3c4bc9290d185e3,delivered,2018-07-19 10:36:26,2018-07-19 10:50:13,2018-07-20 13:43:00,2018-07-24 18:26:39,2018-08-07,cbdb628c2e1c19163ac698795f83f91a,2018-07-19
94ca38619d7e64f94facac403a99682d,ea6ba2b2e27f7efea73bdeab7fd6e4a0,delivered,2018-07-28 13:13:00,2018-07-30 16:05:13,2018-07-31 12:57:00,2018-08-06 12:32:07,2018-08-13,0178b244a5c281fb2ade54038dd4b161,2018-07-28
490580980004a090d98d9d45064db2a1,aa54db1f70672e3dd23fe0ce29522fa3,delivered,2018-06-04 13:52:35,2018-06-05 14:31:49,2018-06-06 11:54:00,2018-06-14 20:27:27,2018-07-16,20aeef66847d69afc58e891d0560d8b7,2018-06-04
aea27cd16b5e532056c2ea57db75b66f,da79f04efb99e90ce5f0421555ad9982,delivered,2018-04-21 12:45:42,2018-04-24 18:41:00,2018-04-23 21:11:22,2018-04-24 21:22:03,2018-05-10,61fa33dc48c2f32ab1531f5a77bc9382,2018-04-21
5b0b2aa2743719f29545ae7a34007b8f,d8e3846d82e712608dfda713b5929998,delivered,2017-04-23 18:48:21,2017-04-23 19:02:16,2017-04-28 10:29:03,2017-05-22 09:35:47,2017-06-05,c19e378364cbc24b597082e6b09dccbd,2017-04-23
7ac926992c157467d54b5722e67d4b93,3f4921d33e816e05848de03a8d174c98,delivered,2018-02-07 23:14:07,2018-02-08 01:35:34,2018-02-09 01:04:37,2018-02-09 15:54:41,2018-02-23,6b7b6dec14b9b2f4ea6200ff65620d1c,2018-02-07
062682155c454b125c630e1deebff4ea,0277e884f6fcd7d9610836744bc7e8a5,delivered,2018-04-24 07:56:26,2018-04-24 17:12:41,2018-04-24 18:34:54,2018-05-02 19:23:32,2018-05-14,70f9736b687cf33ed2b9d8942eacb498,2018-04-24
9d9b9f1853aa3afd7906d3c011c49775,9c51cb0ca16bb31566de2d788653616e,delivered,2017-08-11 18:04:28,2017-08-11 18:23:39,2017-08-14 14:58:00,2017-08-25 21:42:20,2017-09-04,c94ded70eed5328ca1a51603f9b67c51,2017-08-11
afeb3354fc3b7d5c309239667cbee2b8,1377de493eac3f735d982ffb1f321083,delivered,2018-01-12 14:21:36,2018-01-12 14:30:29,2018-01-18 22:41:53,2018-01-24 19:05:08,2018-02-02,a3e15d29558f98562bae08c77650ddf5,2018-01-12
1bfc798ddb9dadbccfa5ae581d9919ec,282c2609c98cc89cc5ca74f59de5632a,delivered,2018-03-27 20:40:52,2018-03-27 20:55:27,2018-03-29 19:54:29,2018-04-19 19:14:33,2018-04-18,0f13e3bb90bbd8912d57145479ce4839,2018-03-27
c5e73e17659ae3ae19afe4cfabcc26b7,a8dcb38cd44dfd905a024b1aa818f9f7,delivered,2017-12-18 14:54:56,2017-12-18 16:53:05,2017-12-19 16:24:13,2017-12-20 21:22:22,2018-01-08,e6c5a8156c7ccedcad339ce9bc4b3ee2,2017-12-18
b5e736024d63e27310ce4f9bc03fbc7c,a55f80dd05de2d5245f3aac8df801e07,delivered,2018-02-21 00:42:25,2018-02-21 18:31:00,2018-02-23 15:28:22,2018-03-19 20:56:28,2018-03-15,4656bcd39388089cf4b76ebbf8e05df9,2018-02-21
45b8bb0bfeacbf5aebe4c3f5cbcd2b06,0734e8ed607954bb0d89e1d9435cec68,delivered,2017-03-13 23:46:04,2017-03-13 23:46:04,2017-03-14 10:22:22,2017-03-16 10:34:23,2017-04-03,d1f6133b9a20c8f5d401f476b7706c61,2017-03-13
91203c4e456f0e1cfbd86125383976c1,429f60cd3ed4366867510b1996127ead,delivered,2017-12-13 16:22:12,2017-12-13 17:31:24,2017-12-15 16:55:03,2017-12-18 21:13:00,2018-01-02,dbe93d380f85b916f47d8ec0b3b44f40,2017-12-13
aac36a84cc8476828dcd9427c8ec873a,39da6c5a8205b9d89895c6ce353153b4,delivered,2018-07-29 18:41:35,2018-07-30 16:30:21,2018-07-31 14:59:00,2018-08-01 18:11:49,2018-08-03,1ee3ec9d5333b16daa6e58a6d738fb94,2018-07-29
e44f8bcf1ae28a8f29c2ef7d87466da1,f42a23ea4c0be840e45a4f60a4c0f3fd,delivered,2017-05-15 08:59:57,2017-05-15 09:10:15,2017-05-31 14:03:44,2017-06-19 20:51:18,2017-06-30,5db28d027c964a6a60a2bcf77dd27cad,2017-05-15
32fc3f3218889905a42a419486582f90,8b5399b12eee8f2ce9e7fadd94b15d34,delivered,2018-05-09 15:47:50,2018-05-09 16:16:32,2018-05-10 11:48:00,2018-05-12 16:56:38,2018-05-17,75c2ff86f31dd85d083d46c3d50b9934,2018-05-09
d6f8b3535ac92252b48bd5e4c47a6593,44d347aa77b1bae4e5107c9dc3dde6f4,delivered,2018-01-04 23:18:09,2018-01-04 23:28:31,2018-01-10 17:17:53,2018-03-07 21:58:27,2018-01-31,827b19392982299876c0aca1f92208c2,2018-01-04
9433f58821239b782c8861534af7e5bd,a667d6206dd2a9dea88b2f90902a8251,delivered,2018-06-11 17:36:32,2018-06-11 17:59:14,2018-06-12 15:09:00,2018-06-16 16:47:37,2018-07-03,d83257348027bd8c59a228cc034de5e3,2018-06-11
6d500e2b59a785bd8fec15acb73d341e,3df8ec244fd52b4f949b5720ff19fb8c,delivered,2018-04-08 22:45:34,2018-04-08 22:55:16,2018-04-09 21:08:50,2018-04-14 15:07:46,2018-05-07,9e113fe180c2a124378508d3c1d39f61,2018-04-08
a3f40d7f1e3446fb6bd73bb0373b0996,afb079080479ab5badeb44fc0cb140c7,delivered,2018-03-17 16:05:33,2018-03-17 16:31:14,2018-03-21 23:41:19,2018-03-22 15:41:23,2018-03-29,ec6ba020d612914fbac92251d0d6b2b5,2018-03-17
732afdd5420c25c298c18de68006fbd6,00ab90b4fd9fa3d490ab687f992763d6,delivered,2017-11-19 01:27:07,2017-11-19 03:07:59,2017-11-21 16:36:41,2017-11-26 18:18:43,2017-12-01,18057955f3a6909f6fc6cf564179b6cf,2017-11-19
ab021e4a57f9a5590977fb19b619b6f6,a8967ea2835ee0658cdb389470fb2973,delivered,2017-02-22 17:48:51,2017-02-22 18:02:34,2017-03-01 14:39:00,2017-03-09 14:24:20,2017-04-04,82846f5564de7eef8169027a77a87439,2017-02-22
9abf2c67162c8756e2733a5f36e0ed12,a2623335c77869716765cebebe4deb18,delivered,2017-02-10 20:48:26,2017-02-10 21:03:02,2017-02-14 14:31:14,2017-02-21 14:18:52,2017-03-09,31f99fd95fe035ef10a0a87d6c51a8a1,2017-02-10
8429c84330a72186ef73cee90cd9a9c1,1161db8e37138cee6325f9614e837474,delivered,2017-03-01 11:11:44,2017-03-01 11:25:10,2017-03-01 11:42:21,2017-03-05 08:32:09,2017-03-20,16e4a862bd9d85aedfecc7fc2bb06f0e,2017-03-01
21f3d0f22004d8bad479ca281e1f00a2,10a28db6b47db45e43477c3ceaa1046a,delivered,2018-03-08 16:00:52,2018-03-08 16:31:40,2018-03-09 22:46:44,2018-03-20 15:18:53,2018-03-29,de226a12fac20b56580d731ec8ab8623,2018-03-08
51f0da744909f18ed535301a19e52bd0,e8e5987aae2cb151cbffe4416bf523eb,delivered,2017-10-07 18:04:45,2017-10-07 18:14:13,2017-10-16 20:10:34,2017-10-18 15:44:17,2017-10-25,fbc40e36b37b736d84647a9f0473fe8b,2017-10-07
d9a83a9c593a1f1b95de45b7381cf2be,c2449ff524bb1d2bfc7a7aee9f9e11ac,delivered,2018-08-18 13:50:27,2018-08-18 14:09:24,2018-08-20 14:31:00,2018-08-29 17:42:00,2018-09-11,bb5b5f40144184d10b184574c513fcd3,2018-08-18
1a4bf675df415785d3d9b3f3521988a7,44b521ae63ec470874a89c37fcea4c6a,delivered,2017-01-29 18:19:02,2017-01-29 18:31:12,2017-01-30 16:14:36,2017-02-06 09:53:50,2017-03-17,a327e19095ffb086d25f7ee477c9d3c6,2017-01-29
3dd45cc3460f14bbe6c2249a8019a450,1c545e18dbd33788d106af49dbb438cc,delivered,2018-03-31 21:31:43,2018-03-31 21:47:43,2018-04-02 19:33:27,2018-04-05 15:26:39,2018-04-18,71038d625ef19ca6e456a1d2891433b6,2018-03-31
0fa74380a36f2849cfa58d692f22d5f0,2144f10029246db38716b68298654bc9,delivered,2018-07-07 18:19:49,2018-07-10 07:55:13,2018-07-10 12:32:00,2018-07-23 18:11:09,2018-08-02,e592f1864234717461b657496455006e,2018-07-07
7f116bbf2524150eb7f7f2a5f0b458eb,309f516c4449dbadf7ebaa01e00bbed3,delivered,2018-01-06 11:06:23,2018-01-06 11:18:21,2018-01-10 14:43:11,2018-01-15 20:52:59,2018-01-31,3e93e73cdacdde61472f583e51cf2374,2018-01-06
ea0640a9f021b9f129b25d54e4c649f2,eea124edbee454acca89363d46f8b7c0,delivered,2018-06-06 21:40:31,2018-06-06 21:55:21,2018-06-07 09:01:00,2018-08-01 20:48:33,2018-07-17,3d86b969fd5c7e342968ee81b92b6b06,2018-06-06
fddb24fad8de291576e80726636d7a7f,01a4d2902d92369350f7ea71bd0da273,delivered,2017-07-11 13:32:29,2017-07-12 02:10:39,2017-07-13 18:54:57,2017-07-26 19:42:39,2017-08-10,7cc17dba063e1c6361e5d87b78b619d0,2017-07-11
4d59cd41f4606ae83af4985a74ae1354,00bf0246fe43d0dac8842035f21f8a76,delivered,2018-01-22 11:56:36,2018-01-22 14:22:49,2018-01-24 00:13:08,2018-01-26 17:03:57,2018-02-14,29869c1422b9c068973f8e44575f73d6,2018-01-22
6704e7402168366c804f2bc1cf9c2163,f81a949b0915fdaf3b6592c5e037d637,delivered,2018-06-23 11:04:44,2018-06-26 05:15:25,2018-06-28 14:49:00,2018-07-04 16:58:33,2018-07-27,0d114ed6a9bb744dd2427e9949f0dd41,2018-06-23
ad09a8ebeb6151d83d098a74ad32ea0d,4fd29aeae729d1addcf5519e830d4e4e,delivered,2018-01-28 22:41:10,2018-01-28 22:54:30,2018-01-29 23:22:36,2018-01-31 19:48:42,2018-02-21,af2ba8028af41360ae7866f5c3489a45,2018-01-28
fa970cce95e940c0f5adae718f25364c,53e7e398583fd2dfe791d236920eba9c,delivered,2017-10-13 12:28:50,2017-10-14 18:34:42,2017-10-17 15:57:32,2017-10-24 15:32:24,2017-10-25,01977d0ffb59b3b64796aeec649edec8,2017-10-13
ff810096eb7a808fce380a6eccf0b746,9f774ad7ddb074c3c761bd8e125f1824,delivered,2018-01-09 21:44:34,2018-01-10 10:31:44,2018-01-10 18:19:39,2018-01-11 20:10:36,2018-01-24,ce7523b10fc81d7a1a16bd5454b099de,2018-01-09
7991b363c057a520b3ffa9dd2919cff5,0bcb83f11459548493b5bb7a3df7c996,delivered,2018-01-29 21:46:41,2018-01-29 21:55:31,2018-01-30 21:07:40,2018-02-07 16:39:10,2018-02-23,10aedefb974a292765b5daeeb4177526,2018-01-29
6bf6d79b7a1a551ef6621a52c435ed1e,666c0f64c30e46fc3d1e3c6c1974224b,delivered,2017-12-09 13:00:26,2017-12-09 13:30:53,2017-12-11 23:25:07,2017-12-14 17:29:25,2017-12-28,9fcbc68ae4d41a33582353aa2f68db4a,2017-12-09
11168fb56306d0f5da251c7531a8b4f6,7b6f6703d25c976076e04f14ea3f22a2,delivered,2017-12-11 15:07:33,2017-12-11 15:32:10,2017-12-12 21:07:55,2017-12-19 18:54:37,2017-12-28,45be6816b42040299528f9fd812b4e10,2017-12-11
7c971e779cf367c04e3621cc1b81e352,44eb235a2b0149a226ea4a1f3eccff30,delivered,2018-03-03 17:23:28,2018-03-03 17:35:25,2018-03-06 01:34:56,2018-03-15 23:18:59,2018-04-03,aecd46028eea6a741edca67e93b326bb,2018-03-03
5666bf609bc91e7aabf0e60183bc05f0,33cea13849644e59518cff9bea283619,delivered,2017-04-25 11:27:30,2017-04-27 13:22:43,2017-05-02 15:35:26,2017-05-09 13:00:20,2017-05-23,1eba745c400d934b852d79282038a152,2017-04-25
7a2ff12a85b39e51a3ee9972fdc5eb78,9236acc20ee3f4564f40231508ecd25e,delivered,2017-06-07 14:34:44,2017-06-07 14:45:16,2017-06-08 15:28:36,2017-06-21 17:27:26,2017-06-30,92d5129cad72cd021758c036d13662fb,2017-06-07
c776b1fbd42cf8f17dc6d29515fb3955,d02b3ea52ac795069225b421e67f8bf2,delivered,2017-06-11 12:19:22,2017-06-11 13:05:47,2017-06-12 11:30:58,2017-06-22 17:42:24,2017-07-05,d402eb7f3e879b3e39063d9aff318d75,2017-06-11
78a024dc0bcb7155089055e2d2facae9,f4820f65ed28df2a7c87e23250819734,delivered,2018-05-07 20:56:33,2018-05-07 21:14:14,2018-05-10 15:33:00,2018-06-05 20:22:11,2018-05-28,ef39b38c38d61372681d547ae537876e,2018-05-07
0b09c5e4c2512f627190ac55a78c35a3,6ba83000cf8c24413916a7a72fcb5173,delivered,2018-04-30 19:31:32,2018-05-03 04:12:51,2018-05-03 13:18:00,2018-05-14 12:14:33,2018-05-24,ae3b3ea754f62eaa12630c4e6f69750f,2018-04-30
4df2b9c2c7b6eedea39ceb96eb54ad34,b127f98da96cebf7699050a73d8826d9,delivered,2018-06-18 19:16:12,2018-06-19 18:23:13,2018-06-26 14:44:00,2018-07-03 19:32:26,2018-07-20,18360e41b00709cc7b2c6f391eff829e,2018-06-18
cb123d857949246d3e5f1c532280c023,ea609017dc5e254021b0da67321990b8,delivered,2018-07-10 23:42:30,2018-07-10 23:55:20,2018-07-31 14:35:00,2018-08-01 20:06:38,2018-07-24,614dcb8b0369ff56b3154329ebbc6b9c,2018-07-10
4123f9252f0d0572f075dbb5a95d9cc6,72d22223828ebe8d8f4529ba06e89871,delivered,2018-08-26 16:34:35,2018-08-26 16:45:08,2018-08-27 14:50:00,2018-08-30 18:51:44,2018-09-06,44a64df27a7de57ff4df2aa426acabcf,2018-08-26
b92e445b2b63be72a4cd1001e20826bd,37d415bd491fd36cd68811e570392623,delivered,2017-02-03 19:52:09,2017-02-03 20:02:22,2017-02-09 11:22:03,2017-02-15 07:44:57,2017-03-17,74e496bcdd3b1158234df24f351921da,2017-02-03
352c4f69373c13ae4252f607a6d73ea7,dd8df3b485ca4fd5f19369fec6fd81f5,delivered,2017-11-21 11:00:16,2017-11-22 07:06:08,2017-11-22 14:52:15,2017-11-27 16:18:55,2017-12-07,f701ee02bc889d5dde92bab64ca5a796,2017-11-21
6d0ef3c8cc6b6399e18942b77559dceb,f5a4c00b35faeaa5df60b49a2a5695de,delivered,2018-06-10 11:44:16,2018-06-10 11:55:15,2018-06-11 13:50:00,2018-06-15 17:36:41,2018-07-03,f9ac9d674ba2b542a6b9491820388c7a,2018-06-10
2daa08ed0212b709d1f76efd0d74c7cd,008e75e0f20ba6d6cc41923596b83693,delivered,2018-04-25 12:04:56,2018-04-25 12:31:50,2018-04-26 12:34:00,2018-05-02 18:03:35,2018-05-14,197572fc8f1878d0a94195ac840dd947,2018-04-25
c307181fbf88d38d293774ca900cc802,95ae78e4053ce98e9f9aafed4b2ee1df,delivered,2018-04-15 20:21:25,2018-04-15 20:30:47,2018-04-17 15:21:38,2018-04-27 23:37:49,2018-05-14,30952df05684c6dda669f049624c4854,2018-04-15
c7af2f59ff42f4410a1739111dbea489,896aac6741f1b66d32a3ef9a02617e90,delivered,2017-06-23 07:59:39,2017-06-23 08:10:07,2017-06-26 07:27:47,2017-07-04 18:32:34,2017-07-20,233c8f191c45cef30af148a82ac70020,2017-06-23
d5baf4bcffbda9d8bb2f9ee4e942c90c,cb3df1a94d3cbd59e70b3ee27b203af6,delivered,2017-10-06 17:16:32,2017-10-07 17:14:13,2017-10-09 20:17:56,2017-10-17 22:32:32,2017-10-31,9039f771af9908f568b0ef12ee45fa63,2017-10-06
b87287b5e32f2ab2319f41ce30055288,ea73910567eb37591907c52330458a3b,delivered,2017-10-26 10:34:02,2017-10-26 10:49:21,2017-10-27 13:59:29,2017-11-03 21:07:44,2017-11-23,6b4e8e7b8d9a81f2bc8c23f88f33f1d2,2017-10-26
a091ad657d4d673814a9dc6b64829a42,a472568c15484b8299393ec28b623f9c,delivered,2018-06-07 19:56:24,2018-06-07 20:15:18,2018-06-08 13:37:00,2018-06-28 17:48:33,2018-07-23,44b499b7dffa8c208c44f6094e84da72,2018-06-07
1a2cff485ae2a17b68b6ccefb1ecdf93,9fe5f44ce432324a8f00b7c385cb5e4c,delivered,2017-11-16 12:54:22,2017-11-17 03:55:31,2017-11-17 20:58:50,2017-11-30 22:18:41,2017-12-08,8396a24a2ad123ad3b521600b2f0b98b,2017-11-16
550f1d2fa6888807a4ffb1d80d06f899,a6551a36f9954811b66b500a973b5e57,canceled,2018-02-18 21:00:47,2018-02-18 22:07:25,,,2018-03-14,aa7032eb017f63dbd04acafeb8f432a8,2018-02-18
189ede25eb8522abcbd3592d08811f85,074351a4c7eeaf083d43fe58e0d62dfc,delivered,2017-08-15 16:02:07,2017-08-16 03:30:12,2017-08-23 13:52:04,2017-09-02 13:03:29,2017-09-19,4b3d808f367af1b335a50960f0b8fe93,2017-08-15
7c9ad74c16c9b6aafa62f097bb9cdf25,224be26e78c4863978a0906fd0378725,delivered,2018-07-21 12:43:29,2018-07-21 13:03:58,2018-08-06 17:01:00,2018-08-10 14:40:53,2018-09-04,6d4ae816655d587483940021114204c5,2018-07-21
6782c5b750b0791a12f7b6b823bd0daf,6dfa75688bd7027b450552eb0353741c,delivered,2017-12-01 21:17:50,2017-12-01 21:32:36,2017-12-11 17:16:28,2017-12-19 12:22:01,2017-12-28,c158265daf9d45a643c9b9810f7f511a,2017-12-01
da4de3d19e5b90636ab88e1919fdd00e,8f7f96570b1d2295ba13eb9793af291e,delivered,2018-05-12 13:10:58,2018-05-12 13:32:09,2018-05-14 16:02:00,2018-05-16 23:59:40,2018-06-11,b7b149999ce874c7fddfc6361addeddc,2018-05-12
57d7b2a61ec94f21bc0112619eb9a24a,d5ac777fc5fcadcc6324bf3a39ef9284,delivered,2017-11-24 01:16:18,2017-11-24 01:29:46,2017-11-28 23:24:51,2017-12-08 16:21:35,2017-12-14,4931506dc6ca25b3d8f4345d82f02b15,2017-11-24
8ebf7a16041c5ed735384020269ae2b6,d7a06521d29c6b185548e68ea64108b5,delivered,2018-01-31 16:57:55,2018-01-31 20:10:16,2018-02-02 22:58:47,2018-02-14 21:39:17,2018-03-06,1b05cbddf266a19cd0465b6c52c42035,2018-01-31
4bb2ee0b9741faceac3deb03a2e53fa6,98dbd4d2aa22a4b4a06bf84781432636,delivered,2018-08-10 10:56:10,2018-08-10 11:05:13,2018-08-14 16:06:00,2018-08-20 21:15:06,2018-08-28,25f538d53ef3c2b84b94b5114e953c7a,2018-08-10
27caeec16809f9eba603825998e884a0,bd7eaf010c30e75b982d1813d7985510,delivered,2018-08-10 10:39:54,2018-08-11 10:35:16,2018-08-15 13:56:00,2018-08-20 21:35:51,2018-09-05,c30ce12883f05d570274b3b031fe67e2,2018-08-10
5c2fda0256232c4a55199261747fa68a,1b4561197d2ab1ddbce1ed27f3aaf25a,delivered,2018-05-20 22:09:05,2018-05-20 22:30:17,2018-05-23 13:01:00,2018-05-25 16:04:17,2018-05-30,bd30658892fbc448a13aaf26bd4d71ee,2018-05-20
2909debcb57debbbdfe7034eaf7b28bc,dda8cbe4da08bbd6d553c7d9ce5769a2,delivered,2017-06-10 17:06:01,2017-06-13 04:43:07,2017-06-14 12:45:02,2017-06-19 16:28:02,2017-07-05,7fd5ec755163671e2eb2679b4bfb35b0,2017-06-10
20aa4f85b1ed8d98e5c742c1a003db9c,16669daad9b68a2b8a369638223a1888,delivered,2018-05-23 21:32:17,2018-05-23 21:55:45,2018-05-24 14:09:00,2018-06-04 23:28:49,2018-06-18,75359d2f105d3ac60bf3ad1b8a8c53ee,2018-05-23
7e22f4d63c68d4bb1f652eb414994740,300b17e1df295bcfd3e32604289056c0,delivered,2017-06-24 13:00:39,2017-06-24 13:15:16,2017-06-27 11:35:44,2017-06-29 10:07:54,2017-07-19,9f8354edad9448aa8a9eead33139fb8b,2017-06-24
f3c3a2ca4f66b5a0c400b09a1e795d57,9f2890f4503f464eded4a6886d54bd0e,delivered,2017-11-28 17:23:47,2017-11-28 17:36:38,2017-11-29 17:04:52,2017-12-02 01:48:32,2017-12-12,c9c7f143771017a9c61af26f7291f7a5,2017-11-28
aa73d1076ba6c6f19de6990bc7401acb,94684b27f6106343547dcc03e663ea5a,delivered,2018-08-20 12:03:54,2018-08-20 15:34:38,2018-08-21 14:35:00,2018-08-29 00:51:33,2018-09-04,eaffd9f47a94b6eac73722ad5ea3dddf,2018-08-20
d7d0eb9fb2a389917e37fc5411078df4,61f53bd3b55a43b690dde0258d8a87ae,shipped,2017-06-28 13:20:48,2017-06-28 13:30:16,2017-06-29 14:52:32,,2017-07-24,d0bd25a13b24e8d59a11adda68bd3ecd,2017-06-28
df019bb6f0973ea1ace7dbb1568c364a,8d742720a64d27602b567851fbad7798,delivered,2017-11-12 09:21:20,2017-11-12 09:35:26,2017-11-14 16:13:58,2017-11-24 19:18:49,2017-12-12,07319cb936cc268eea2daabdc9db0c83,2017-11-12
2fce099f5a86120f303904a36cf648bf,230a6236a85c6bc9056d03b13e40346f,delivered,2018-06-11 12:57:32,2018-06-12 13:04:40,2018-06-13 14:51:00,2018-06-18 22:04:24,2018-07-12,128a2c7be5d59b8d7b3f14632cc58022,2018-06-11
fcabe539367ad08049d814361278560b,ce2e0ac999f35efb5ead1509a1e2fb5b,delivered,2018-01-18 09:10:50,2018-01-18 09:18:26,2018-01-19 22:29:10,2018-01-22 18:41:56,2018-02-02,b0ef7030420c8ac7f522ca5adc2e7397,2018-01-18
8efc9ad397c5d6a387d07826e5ffcacf,b3e9268ff1c67ffbbadcfdd3a45a7dc9,delivered,2018-04-14 12:36:04,2018-04-17 05:51:17,2018-04-17 21:58:48,2018-04-23 20:42:57,2018-05-09,f56f2c4f7ddb7c4812b4327740e12e93,2018-04-14
fb6f921f7362a60a75e0a4cd6acc5f2e,66811796b183faf53681923d97087d85,delivered,2018-08-20 21:21:37,2018-08-20 21:35:21,2018-08-21 16:09:00,2018-08-23 01:12:15,2018-08-24,e21f0069ea39d9adedb7602493bedbdc,2018-08-20
7bd508c317f2ae222131716385444119,1f71bf93d13010e172b16b6869468d06,delivered,2018-01-06 03:39:33,2018-01-09 07:21:26,2018-01-10 16:11:02,2018-01-17 15:39:20,2018-02-06,257a0a891aa05c945617ad8f097645bd,2018-01-06
7644d739e2f3576f4badf052556d99a2,045ffb1f379e2a5ed4845dea2f2519cf,delivered,2017-12-02 21:32:28,2017-12-05 04:13:57,2017-12-05 16:51:22,2017-12-12 18:12:39,2018-01-05,26de6a0aafed8ec5dbd16371667f6883,2017-12-02
6139a798f92b14ad667f3a8fb8f78c4c,c0451262dd7eda80d7fdc0277e3a6326,delivered,2018-02-26 07:16:26,2018-02-26 08:00:21,2018-02-28 14:22:15,2018-04-20 18:46:42,2018-03-21,1b94082edaec2e4ae13bbf3510969004,2018-02-26
aa60d116f345c481d434f63ffe565710,2b3cca7c1075363076b3ef74f31c30e8,delivered,2018-06-04 14:11:16,2018-06-06 02:54:19,2018-06-06 14:07:00,2018-06-13 15:03:25,2018-07-13,afdc1af09e4bd876f0b3e3a73ad0436c,2018-06-04
e305fbc65af17a0b60a9fcff63ebcbe8,f5d670454d231abcc3e35c592ce3cd54,delivered,2017-07-06 19:03:02,2017-07-06 19:15:23,2017-07-07 17:08:35,2017-08-24 17:18:59,2017-08-01,52f0ba228512b20fbe290e053c0f6210,2017-07-06
efe568f189941fe81ac5ca271f4d2943,e0a070c6b15f3b5aadb766827921ecf6,delivered,2018-07-20 08:42:50,2018-07-20 09:15:09,2018-07-24 11:40:00,2018-07-30 18:41:38,2018-08-09,43d9ab000f39ba45c753791e006e84f8,2018-07-20
73e675969b9e5495c9d1c8d4b3b21e1e,a50e4e7bb24231f021e45bfed188d351,delivered,2018-03-02 18:09:36,2018-03-02 18:33:26,2018-03-06 16:49:06,2018-05-07 15:09:58,2018-03-27,9a7472df8f82e3e8686e98b39052807a,2018-03-02
e724300bcd73fb1c467b1c20c33a1fdd,69857264f035b854f64d217daf71d08a,shipped,2017-12-31 15:16:07,2017-12-31 15:27:21,2018-01-04 12:36:30,,2018-02-05,4a3cf52af39e7df5b5239db7ab7d6d02,2017-12-31
49fd840f83db20dfb9558764aee35a33,a3a80ba0dea267641017665d0f9b144b,delivered,2017-11-24 10:44:28,2017-11-24 12:31:43,2017-12-06 14:38:42,2017-12-20 19:28:34,2017-12-18,a49541d03e056ca867d3b96f267b8a9a,2017-11-24
a71500bad3f392b20ef73778b135379a,e92ae045c172be60e9a7895d14bedd8c,processing,2017-06-03 16:59:53,2017-06-03 17:21:57,,,2017-06-28,f5e85423b048d6130aaf8ff80e0783f0,2017-06-03
a5e8bd40b3d57b6a26a1e79bafcae9ea,e20de059c02d45a71c345589a4eef8df,delivered,2018-07-17 16:29:37,2018-07-17 16:50:17,2018-07-18 12:28:00,2018-07-24 21:51:34,2018-08-10,9ac7b059b689df6b17486328af7a4604,2018-07-17
a536059a071793ef05e7e63cbac9d50e,fc475d3aba4d37f81edce933ce07ed1b,unavailable,2017-11-20 17:13:05,2017-11-21 03:46:22,,,2017-12-06,ecf38f5463ae0ba454bba9658371bc3d,2017-11-20
8e174b9cd64ee2b9237c3f62c3001203,48fac1044fbdfdb579a1c06ddaaf2fd0,delivered,2017-12-18 12:03:21,2017-12-18 13:33:35,2017-12-20 14:44:48,2017-12-23 18:57:56,2018-01-11,9f77f8bd03a40e40de77fbd4111fc329,2017-12-18
96e7a3c4942a286dc88f85fffcdfbf50,c32d792dfee718dffd6cd61fc89f23d6,delivered,2017-05-21 08:01:38,2017-05-21 09:05:10,2017-05-22 16:13:58,2017-06-02 14:15:02,2017-06-09,cd80e261af484c828d374764b9aa36b5,2017-05-21
dcacab0792bc5892595d62c36950746e,0a8d4b54a653f631d926a12b65dd9f39,shipped,2017-10-14 14:33:29,2017-10-17 03:56:18,2017-10-19 17:08:07,,2017-11-07,edd176efa31cbfc929efbac163cb45a6,2017-10-14
66b2b26e39bc46458ddce0b3353148e4,317bf8e1fabc64cbf930d93052fa9c6f,delivered,2017-09-12 20:45:20,2017-09-12 20:55:15,2017-09-13 19:08:51,2017-09-18 14:03:21,2017-09-28,6033983ab0a44af54892579a9a7eca52,2017-09-12
9193ad4fecc33b317e85fa7bc19600b3,16897c2bf0d798fe7d679bb7aeb27ffa,delivered,2018-01-10 11:00:02,2018-01-10 11:31:40,2018-01-22 20:53:09,2018-01-23 18:04:57,2018-01-24,ade59dc63cb1cc32d96e8704c6c7769e,2018-01-10
6266738a4093bcd12c6933661ba529c6,38e7cc6d0d44f9359780816a0e29a25f,delivered,2018-01-12 20:29:11,2018-01-16 03:50:23,2018-01-16 17:36:55,2018-01-24 20:34:20,2018-02-19,6a43a42740a70daa251c9399e1014e24,2018-01-12
a8dbaf4197af2f96f35fb65ad457c912,4828dec276b8e9249578cab092211e13,delivered,2018-05-13 19:21:01,2018-05-14 08:55:23,2018-05-15 14:20:00,2018-06-05 20:05:42,2018-06-05,f6bfa60df0ab91a27f5b5ee37022653b,2018-05-13
5c3478406a9223b2b32d6ab8e0334441,b1f7811c846dcae41ea3f396dcf9f860,delivered,2018-03-12 19:28:18,2018-03-14 03:40:34,2018-03-14 19:33:50,2018-04-09 15:54:56,2018-04-06,c2b1c4043b4aaccf370ba164628bf181,2018-03-12
8fa93f0cffdf9cfa59e4836e8539abac,9657efb78172fb7a670a4831dfe82a93,delivered,2017-05-22 22:54:44,2017-05-22 23:05:16,2017-05-23 13:38:09,2017-06-07 15:20:44,2017-06-26,860296155b05dc70ce3737e3f3baaf8e,2017-05-22
1e9b386a55b41cb1677e6b9976ccbce0,f86ae06ac96c62344508c807a64684ac,delivered,2018-08-17 16:22:48,2018-08-18 02:35:10,2018-08-20 13:52:00,2018-08-24 18:48:43,2018-08-30,9d3a91aa686654cf5c40d1f34d35c1da,2018-08-17
068ef03abe39323450b52f486b34bf3d,b15ad935720cf5d5738638c5e7d852f3,delivered,2018-06-25 19:46:59,2018-06-25 20:17:35,2018-06-26 12:55:00,2018-06-28 17:05:04,2018-07-11,e2c6ff9b2166ee2e1ae2d05467546fa1,2018-06-25
96c23bd7ad4b2dc9dc421e8483c06bc1,3059b0e766128ab6181af99ef74c5e40,delivered,2018-01-23 10:58:19,2018-01-23 11:10:29,2018-01-27 19:17:36,2018-02-21 18:25:56,2018-02-20,af31655883e4a14a58741af9ebda6eec,2018-01-23
dadbb2544ed83c09ede8683c93c5f080,44e85a306786ad90e32ab7468e25a9b4,delivered,2017-09-05 09:45:57,2017-09-08 07:25:10,2017-09-08 19:49:52,2017-09-13 23:45:00,2017-09-18,30fdc278a770f881ecc3ba42f6473cde,2017-09-05
8d9341adb50a81fee7dd3480e9f34c2a,1ee0463373450df45e0eb902fd7e066e,delivered,2017-07-10 23:46:29,2017-07-10 23:55:15,2017-07-12 18:46:10,2017-07-13 18:29:13,2017-07-25,22d64c509a1b9ce57345c62df274e772,2017-07-10
9df68f730ca4706111e3d06332c5ce14,16378b14d4514c8c6c6821a4daa09ff8,delivered,2017-06-30 14:05:06,2017-06-30 14:23:47,2017-06-30 14:38:45,2017-07-07 17:29:57,2017-07-20,015ba10edbe7988bff82867b4480c225,2017-06-30
520f711ba8d6317f12503d49312f428b,63a9b8aedf402adc02e56503c174a3d4,delivered,2018-07-30 15:54:44,2018-07-30 19:31:43,2018-08-03 08:50:00,2018-08-04 15:13:29,2018-08-08,427eb45bb7aeae90464bcfc7d0522028,2018-07-30
36103705d12a975b5d3355253253f7c1,13ace116fc1cc03f12a0d4099635f5f7,delivered,2017-11-08 14:14:16,2017-11-08 14:31:02,2017-11-09 23:43:43,2017-11-22 21:28:48,2017-12-04,cddb4f086c47a45b8bd01a44e117978c,2017-11-08
27d40c905fcf5d681df561eb736986e2,ed6d883d54a70a48034cd2800ded5a06,delivered,2018-01-30 13:30:17,2018-01-30 14:21:30,2018-02-07 19:38:40,2018-02-24 19:32:41,2018-03-01,6f5d96fba6a9c2d3d128b2b4a19c0b7b,2018-01-30
59249f8efaa491f566ba65d67ca9c254,a3032c4334b7b245d32e2c923c2f3c86,delivered,2017-12-23 16:59:13,2017-12-23 19:30:27,2017-12-27 14:05:59,2018-01-11 23:18:15,2018-01-26,4c00eebb1e1bbcfaafdb99184505c3e8,2017-12-23
d827e1e47dc185687102015449ff2e4a,e513cce67aa359a6097870e23e73c2e2,delivered,2018-03-15 20:08:00,2018-03-16 03:50:06,2018-03-28 18:41:59,2018-03-29 20:04:09,2018-04-12,a2ce0bffbfa3b546f5d0dd261831d471,2018-03-15
b28aca0743b172fdbd3cde1f703e4067,ea4719ed8756aadd5f9a15cf0f38eb54,delivered,2018-06-25 21:23:04,2018-06-25 21:37:43,2018-06-26 14:28:00,2018-07-04 16:19:01,2018-07-19,35e72e81b8c3165a1a371f6f247fa6dd,2018-06-25
2041c29aa52322435b0b0f604df2a44b,690474935a97cb10f555ad60f07e8e64,delivered,2017-12-18 17:34:08,2017-12-19 09:32:41,2017-12-20 18:54:02,2018-01-15 23:52:52,2018-01-12,149fb5e475df61c828128b3de3a5c8b2,2017-12-18
f8414758c289a9ae51a5bf937b4f100a,6399526f1057f40e8454d9614e16d77a,shipped,2018-06-12 15:00:23,2018-06-13 14:57:10,2018-06-14 12:54:00,,2018-07-04,f483ce4e87afdc082b44a89f6eb0fefe,2018-06-12
33eafd0ea4c37147b521b67b83b6769c,3c62fe72dab7e6e7234f406487fb3abb,delivered,2018-07-03 22:04:06,2018-07-05 16:32:53,2018-07-04 12:17:00,2018-07-06 20:41:42,2018-07-23,29dac432248361c1b0ac8d21a3e5cc25,2018-07-03
e672d31feca356c29c756d265da05cc2,042337fa1cafefa978c70ba6241535de,delivered,2017-12-09 16:10:03,2017-12-09 16:19:23,2017-12-20 16:52:15,2018-01-06 15:48:57,2018-01-24,18b47b06497e6e8f539b0ce9e1342f7d,2017-12-09
cfda3e5bd8b79ab7fc0bbd0c485d6414,387456acd703ad6ba4deefd1eb8a65ac,delivered,2018-08-13 07:14:52,2018-08-13 07:25:06,2018-08-13 15:23:00,2018-08-16 00:51:34,2018-08-20,2129a73438f9f87b1764c6b227a5edbe,2018-08-13
292d7ad29c8a2d97eb84d18ab3d38997,94a76fda52e426706a1cb197d6db0d2e,delivered,2018-07-05 21:37:23,2018-07-06 21:30:50,2018-07-19 13:00:00,2018-07-24 19:54:25,2018-08-10,8d03a1ff1f1db05d26e88fde44408527,2018-07-05
85c0ddad95967f361fd9cd9e3d1886b1,d73be05e1ad446cd53ee99777c389c59,delivered,2018-07-03 14:16:56,2018-07-05 16:40:17,2018-07-05 11:33:00,2018-07-06 15:08:35,2018-07-17,a4ad40e8cfd0fe269df7d9cc2f4519ee,2018-07-03
28a132c45555139dcd554dfcf6d21ef9,5526cb67bd8404c3d4c34359c6934034,delivered,2018-04-14 12:19:21,2018-04-14 12:31:59,2018-04-16 22:21:57,2018-04-20 22:16:34,2018-05-03,da2b183b08d6b51c88680d30b7fa4b38,2018-04-14
a167a25e5e6faf3098a732b7a75a41d5,ee1efc7f165c3d3c8dc2325d82e79b2d,delivered,2018-03-04 21:25:17,2018-03-06 03:55:59,2018-03-06 18:16:56,2018-03-15 20:50:42,2018-04-03,791fe8994300d9034bf3bb34f2376e56,2018-03-04
1d438f1cb0e0df5c44e967567256d4a5,d65071b010c9ea4b8d7ece51fe7318b1,delivered,2018-02-11 18:25:29,2018-02-11 18:48:01,2018-02-14 14:49:53,2018-02-27 15:52:54,2018-03-19,787e5ef7a144916be9ac6385be992648,2018-02-11
d3dd51abe467d226f8be61f48388eba2,dfd081b5b9924847379085046ea374e9,delivered,2018-07-25 11:21:39,2018-07-25 11:30:19,2018-07-31 13:04:00,2018-08-01 23:46:20,2018-08-20,8fdb30046559b506b2ea1588cdfded0d,2018-07-25
a29c6282a6e4ec30881051cfaa99029c,d556f45dce3c770a756fdd5175b2a558,delivered,2018-06-20 17:18:04,2018-06-20 17:41:38,2018-06-21 13:09:00,2018-06-27 17:56:41,2018-07-17,ae2ab4311ac09857f7d3679259d6882f,2018-06-20
a67c02dc9c53a5bae76418bff0a534cf,e61ea22e533a289c47e88ab43d594bb8,delivered,2018-02-26 19:21:16,2018-02-27 19:15:20,2018-03-01 23:51:36,2018-03-15 20:22:30,2018-03-21,89c30ea5b944b5c2fcd5847c806108c1,2018-02-26
d748ba7c92c165252bd17cae1b93fd81,b7e3ffea53e6de802b324b609f2dd5d0,delivered,2017-11-25 17:24:25,2017-11-25 17:35:35,2017-12-09 00:10:08,2017-12-29 22:05:03,2017-12-20,54273aee130cc988454c72e9491d1bfc,2017-11-25
5c4403d7ab65e1b28799e3697afd79d0,4e49550249c3310fe829e426646091c7,delivered,2018-07-18 21:10:51,2018-07-18 21:25:22,2018-07-19 10:52:00,2018-07-26 16:02:40,2018-08-09,65d08fc7d376dddc865ec3c3a4b5bc95,2018-07-18
9f80f54504b9a0002c494e13068044f0,489183cf22f5264d0774f03fbc6b17c5,delivered,2018-03-28 19:57:40,2018-03-28 20:10:12,2018-03-29 22:03:43,2018-04-09 22:48:37,2018-04-23,fc66491888409c12d4a27db5ff2e3fd7,2018-03-28
34fb24b31d9f7c52c22cc20e8c81449f,c436e7d0f83e0e21fb874d8944eb85a7,delivered,2018-04-09 11:36:08,2018-04-11 09:12:04,2018-04-11 22:38:37,2018-04-23 11:16:53,2018-05-16,a3fa9f85ff02862dd94e82ace1f4f245,2018-04-09
12c860cdab62139623897892199fea4f,714b234caa9995c089fcd8c7d7a77490,delivered,2018-04-17 08:43:25,2018-04-17 16:35:21,2018-04-18 18:28:49,2018-05-08 18:26:31,2018-05-11,50950a1d1b1bba05dafe04579df8fe91,2018-04-17
91fc7c64d791380536683edaeb8ff240,f0f80b29ec7bddd2eabfd008e1596571,delivered,2017-08-28 09:06:41,2017-08-28 09:24:10,2017-08-28 15:19:05,2017-08-31 22:07:42,2017-09-14,7107bcac3f45a886c9f726ffe6120886,2017-08-28
95149a14172495a0aef0ac5c59f95d1c,eb3a89b5cb263b5830b41aaad36ffcf8,delivered,2018-08-15 18:28:37,2018-08-16 18:29:09,2018-08-24 15:14:00,2018-08-27 21:11:58,2018-08-20,178cde68bfabcfa313026d0093c134aa,2018-08-15
9de7eebae641ea185618f1d11110419f,885aef08653007d1b87f9576adca158b,delivered,2018-06-07 22:33:00,2018-06-07 22:55:49,2018-06-08 17:32:00,2018-06-14 20:34:49,2018-07-17,64ff649f585d5272cae837e433774395,2018-06-07
4f13ee1d03583de54e86a2e4f640d0f2,dc6bbafb06f7a0beb4595125d0ea75ff,delivered,2017-04-26 08:14:58,2017-04-27 13:34:55,2017-04-27 12:55:54,2017-05-12 09:37:43,2017-05-17,48dd0ad9052ca9a7071dd43f9cc8b27e,2017-04-26
7ff76bc285fc3b21099d0ed9007fd489,5e7b4ba69f143e444ed3ea4c7a715125,delivered,2018-01-07 12:25:08,2018-01-07 12:34:22,2018-01-12 20:13:16,2018-01-17 17:13:28,2018-02-14,81fb5f4000696bb902c28b0ca0d8fadc,2018-01-07
7d1815eb5b915c108c7cd16f13c41a37,5fb8085de28030617a63b8c24dcb3ab9,delivered,2018-06-27 09:10:30,2018-06-27 11:26:30,2018-06-29 06:39:00,2018-07-06 14:11:47,2018-08-08,dd8857733709a21c5f014fa907ef30fd,2018-06-27
5aa65dc27dd9c4e4d81ec84ead95feb2,446f733c55cd9e94fd80d12eae3b9d09,delivered,2018-07-31 13:35:23,2018-07-31 14:31:48,2018-08-07 13:39:00,2018-08-13 18:18:36,2018-08-09,c04cbbead43078dd5cbf68d1959ab8fb,2018-07-31
165fa9e02d940003e0e18a22814b4737,0d20ad8f0098cd1440432c4b56c0d569,delivered,2017-02-24 15:29:20,2017-02-24 15:42:21,2017-03-10 08:58:39,2017-03-15 10:24:46,2017-03-31,489ef50b97569793de42830945ecd4d3,2017-02-24
9bc5470258187bd978ad5e82284375fe,12b09dad62b3e16feb7e8612dc27a709,delivered,2017-10-06 09:16:29,2017-10-07 02:25:05,2017-10-09 20:15:12,2017-10-14 12:18:59,2017-10-24,5dc943bfc42737615fc750fd2a2718f6,2017-10-06
de60de4b79d5011e2b037dec761a4876,10382753619258cb2129a23a626d1a9f,delivered,2018-01-21 15:44:16,2018-01-22 13:52:32,2018-01-24 17:42:58,2018-01-29 16:09:35,2018-02-14,27a86b0297f39efe6b94046f95a5f4bf,2018-01-21
640aef9709beda161ca0b5af58ac437c,cf10056dcb7d1fb5322dd86d12936557,delivered,2016-10-07 10:57:46,2016-10-11 05:03:01,2016-10-21 10:28:24,2016-10-27 12:41:31,2016-12-01,215c4eb12924f9cc3c6cbd9a83fd5f69,2016-10-07
66270801492d7434e9f5fe3a6ff89c37,76a146f8bb1d0643b3f0e58b71a241d4,delivered,2018-07-02 15:59:34,2018-07-02 16:10:56,2018-07-03 14:03:00,2018-07-10 16:28:37,2018-07-30,5846d63d73cd216ae207cb8697e91c64,2018-07-02
949fd5b74015f9f17e66d3d5adb033da,85b339ce40e1e9f6676aa29229675c3b,delivered,2018-06-22 21:21:59,2018-06-22 21:58:33,2018-06-25 12:23:00,2018-06-29 13:51:40,2018-07-23,2ed0fed2170249d11a69c5406a3f8d1b,2018-06-22
3811e225018df1f58837ddec911d3e55,8cf15db55b7c5e0fc1a421e69dbcd094,delivered,2017-09-21 09:07:43,2017-09-21 09:15:13,2017-09-22 18:31:48,2017-10-03 17:38:56,2017-10-19,37cb4d2c33f8e5e651073b85dbff10f5,2017-09-21
309db584bc8a41aab9f039b918c6b2ab,cddf814aae8eccb457e8fa3733890a0e,delivered,2018-04-16 15:06:43,2018-04-17 15:09:24,2018-04-19 19:54:44,2018-05-03 18:56:56,2018-05-18,ac379c94b05d8ffda419d5b40af262fb,2018-04-16
c0b2ccf963cc43c9c644ad43c491213f,b638614e44a5882a50381d68c597ea96,delivered,2018-04-27 22:38:23,2018-04-27 22:50:25,2018-04-30 15:14:00,2018-05-04 19:22:28,2018-05-17,85a8d4dbd48bdbfea91d61cbc16daad1,2018-04-27
49f3ca1235b168529decb2072cc26da8,19bc67715c87fe5294efd3b5ce3f9bb5,delivered,2017-11-26 18:19:35,2017-11-26 18:32:50,2017-11-27 16:11:56,2017-12-05 17:28:22,2017-12-20,4b69e54d9e0ce3ae3f2e3744fd29049c,2017-11-26
cdfe39aae8f24af78cb52cbaaad20aed,2b0205e1548b2eee9598383e60e6bbf6,delivered,2017-12-15 13:29:53,2017-12-19 09:53:35,2017-12-20 20:29:53,2018-01-05 15:51:49,2018-01-17,9a583b96dee3db8f142ce384a53232ce,2017-12-15
ba4784ebeeb6afef6125ba505dcc4f76,00aa3aa0438ac8a9e8a9378171ccd055,delivered,2018-08-13 14:59:15,2018-08-15 03:35:24,2018-08-17 10:45:00,2018-08-21 17:36:54,2018-08-27,6a798e7cd7c78b8893eec42fc5bdeff9,2018-08-13
a6f204a476de5e606ae0188921142f7a,5a1378910e540a78b55df6f430a14cea,delivered,2017-05-06 14:23:15,2017-05-09 09:43:10,2017-05-09 15:28:25,2017-06-02 17:42:06,2017-06-08,7245e3ee428b7969d8b176d0e1c53b23,2017-05-06
68536e12a3cd7f62b4a5946d541ff083,e999274ae2e74253b426473bd8885b7b,delivered,2017-06-24 18:31:41,2017-06-27 03:50:19,2017-06-30 13:55:38,2017-08-14 17:15:55,2017-07-24,e5b8b471a09bbe9a952727f5aca64b78,2017-06-24
dfa6000de359663f9bf8df7da63384d5,1c0e51107e2f65fda9744fd908c9c346,delivered,2018-07-26 14:12:35,2018-07-26 14:25:14,2018-07-31 14:31:00,2018-08-03 23:51:39,2018-08-21,2eb4e33bceb49b87e7f9b19d8f414699,2018-07-26
61e94ee01643283937897275a00ed8ff,8570f89a7a3d9a32f6c6d33865d41281,delivered,2017-04-30 10:28:36,2017-04-30 10:42:24,2017-05-02 13:12:58,2017-05-16 13:46:47,2017-05-26,4605f3ff1f7465c4e555b2429d8efafb,2017-04-30
6aedb9d0c7138abf29b31866635b4c69,0142bd3182ef8b08ecc4182dfd4ef811,delivered,2018-06-27 20:35:02,2018-06-27 20:52:04,2018-07-03 13:57:00,2018-07-24 18:03:27,2018-07-30,6308a12ac077366a81ce871c6b5c7f78,2018-06-27
458a48845a6b2f3f15dbb0868c8f6c05,6de0d4a3d285eb49e012d03404aa652e,delivered,2018-05-31 17:31:46,2018-05-31 17:50:36,2018-06-01 11:34:00,2018-06-06 19:36:36,2018-07-05,fdbe9abd8e36c2606144570edc51b24f,2018-05-31
d744783ed2ace06cac647a9e64dcbcfd,fd123d346a17cdf5e37a2a85501069bf,delivered,2017-07-05 00:22:57,2017-07-05 17:39:36,2017-07-10 19:39:48,2017-07-12 17:54:38,2017-07-25,c411c8b6dbaffd467263f87a23f2cf52,2017-07-05
94a31b92f8a1f745d752b822e48f9170,31875ae739e2b3c59cba1083bc1bab12,delivered,2017-12-10 00:34:57,2017-12-10 00:47:56,2017-12-11 19:59:46,2017-12-12 17:37:07,2018-01-12,9a30af94c1865b7f9f0fcbc1fc46770b,2017-12-10
325aaded48f3d27932d49793acc90b9b,5fd5ff7ffe7e0800c360a4ae702ca230,delivered,2017-07-19 18:26:03,2017-07-19 18:43:42,2017-07-20 12:12:58,2017-07-21 18:16:49,2017-08-01,a31f8297f82282449688e257cd824bb6,2017-07-19
01cc71a8154340ae61126b5ee9b48fef,3cc3c3ea6a8bb392816f4c4bdf12c5a5,delivered,2018-06-06 21:06:18,2018-06-06 21:16:02,2018-06-08 12:09:00,2018-06-11 19:12:53,2018-07-03,d754dd2be3a03a3306351df92361429b,2018-06-06
422028dba1a4879bb69bd195fe7063fc,b4373843d1fd375a9b9a2da2ff39ebd0,delivered,2017-04-25 14:06:47,2017-04-25 14:22:21,2017-04-26 14:48:56,2017-05-02 16:21:25,2017-05-19,ec14a996a9746204bb1b66906e12cf1c,2017-04-25
7acfd4aa33c1b78983341a96a53e1bde,c5662068849cf37ab0f8cb26cafd5c56,delivered,2017-09-19 18:03:53,2017-09-20 18:10:20,2017-09-21 18:48:05,2017-10-10 23:09:44,2017-10-10,8567104e91ca9b68bb4eb86fc9eca7f0,2017-09-19
f4efa4faef71d2d5292f202ba37bbd4a,6504a3bcc28696d5f441fa1ff7779e06,delivered,2018-04-24 09:43:25,2018-04-24 18:05:57,2018-04-24 20:58:57,2018-05-01 00:21:24,2018-05-22,fd815217518a93dba48013a66bf1ff18,2018-04-24
41fedc1ca61cebf54158efdc449d93be,296fe1735328e9105b25cabe7d781f6a,delivered,2018-05-16 07:08:49,2018-05-16 07:56:15,2018-05-16 10:38:00,2018-06-04 19:38:27,2018-06-13,0eaabd79cd351db274cf1370af8e30d8,2018-05-16
4c39d4875d185d6e0e8748fab228a0da,77bb44ceacfc4f07d131076952bb2177,delivered,2018-01-15 17:27:03,2018-01-15 17:35:31,2018-01-17 21:58:57,2018-01-31 15:38:31,2018-02-08,0b675081eb2c2a10728cebd84717bef6,2018-01-15
46153df2944df735995bdec2866074fe,226bcd33db6fd7b7c3ed754db18659f6,delivered,2018-03-14 09:01:02,2018-03-15 08:56:29,2018-03-20 18:38:44,2018-03-27 11:22:03,2018-04-02,f520cdd2f000658557d6db874bd34a0a,2018-03-14
52111a53370a73bd98fdd7144c9129e7,e16e9b2996e5773f979512d49da54240,delivered,2017-09-21 13:14:54,2017-09-21 13:25:55,2017-09-25 21:17:48,2017-10-05 19:42:05,2017-10-13,8f0b796d15a4b0bcd7bb4a626b442188,2017-09-21
fd9cb73cfbd600a6b2651af4599bb9ad,0ef8636d2544a7772290a686668b4b4e,delivered,2017-11-20 23:02:06,2017-11-20 23:14:30,2017-11-22 15:52:27,2017-11-24 16:42:30,2017-12-07,fb08731fcd69d0cc9cc2c730e5aa8691,2017-11-20
2825b66153661bc8d4d8c46d4dca0850,832506482761a32fc44c20387ad2f5f4,delivered,2018-06-28 21:33:01,2018-06-28 21:51:09,2018-06-29 10:19:00,2018-07-06 12:22:49,2018-07-27,3310ae52a096ec2f7ecc4534713e6897,2018-06-28
093a45d40a2500243b0a609a2351ac5e,e1a045209a4b99f7eec4692093543fc8,delivered,2017-05-30 08:51:58,2017-05-30 09:02:50,2017-05-31 09:26:11,2017-06-09 12:48:33,2017-06-26,cb0d2541dfc8082ff7154d5b2d66dab4,2017-05-30
3aeb86934d8159af279e9e6b17c929ab,c71d1b20c171e084b1e0b400903d6e99,delivered,2017-05-16 11:31:51,2017-05-16 11:42:39,2017-05-16 11:51:34,2017-05-19 10:32:00,2017-06-07,a8c5fbdb72764bd6d1829fa26a132cd6,2017-05-16
4245e49d026ef1f440041837b6eac52a,d471aeba944d651cc0497fbee5c4894c,delivered,2018-04-09 13:43:51,2018-04-09 13:55:15,2018-04-11 20:44:49,2018-04-16 19:16:41,2018-04-30,00797f371bc0f6adb4d267be541a92da,2018-04-09
93147d670e1b5c13ab0ff7c51b3f9d0e,7ac12246089bf8d742267207554e901a,delivered,2018-04-04 21:58:50,2018-04-04 22:10:21,2018-04-16 18:49:29,2018-04-25 18:54:47,2018-04-30,048acfefbc674ab228e0de136c787eb0,2018-04-04
1811959f3ced8abc0645c21285a5a4d5,0244fcc0d060a5943dd7d4d5f87de9c8,delivered,2017-02-28 17:40:00,2017-02-28 19:19:44,2017-03-01 09:57:34,2017-03-10 12:08:01,2017-03-22,fb9760235a090e1747caef67cc951f6c,2017-02-28
5851a5db9fdbecd7306fcb30f6a8e2d2,bdf180a76130c328884372594844f849,delivered,2018-02-22 22:17:26,2018-02-22 22:30:23,2018-02-26 16:08:36,2018-03-09 14:16:34,2018-03-21,67ff550cba299b875d2662f36aa86309,2018-02-22
71154ee4c79f3dd93a78abaa38b08e4f,b5446e13392bc45a431a670135776019,delivered,2017-12-29 21:15:33,2017-12-29 21:26:47,2018-01-02 15:47:47,2018-01-25 20:18:00,2018-01-30,9933d0c114db239195548de9c16934ac,2017-12-29
f478f5a8d328a5e473e8c09106bfb312,a4263c245321a3ad970851cfa92f201f,delivered,2018-08-01 19:32:34,2018-08-02 03:10:08,2018-08-03 14:57:00,2018-08-08 22:12:04,2018-08-17,c10df5a4f46c60943d323761dc16b93d,2018-08-01
7bc70bc321068d03533136557afe2959,5ce24234240509e09f2d9821afbda73a,delivered,2018-04-02 09:14:45,2018-04-02 11:10:14,2018-04-03 23:46:32,2018-04-11 18:18:34,2018-05-02,ab70705eee7a807cd34221f71dc53d42,2018-04-02
fb1bbde87c6437700f49e7c841f09485,ba9bf707927a0be6c2a2527929f530ba,delivered,2018-06-04 14:22:41,2018-06-04 14:35:18,2018-06-07 19:00:00,2018-06-08 14:13:32,2018-06-29,6358b15ef7fa9b1210f1a5735cabd3d9,2018-06-04
a6342076665c42007b429ba796b34480,51474a10ad0b69711d52947b293f6e87,delivered,2018-03-03 02:51:40,2018-03-03 03:29:16,2018-03-07 23:18:58,2018-03-27 19:32:31,2018-03-21,7c734ea4bc94d15f578c79e0f43aa0d8,2018-03-03
8a667bf7baec5286ad76d81facdc85e5,3c20d3e3823ba488501529f45d51b02d,delivered,2017-08-29 14:39:21,2017-08-29 14:50:16,2017-08-29 20:17:36,2017-09-05 21:47:56,2017-09-18,62a25a159f9fd2ab7c882d9407f49aa9,2017-08-29
0fc03e1de056dec9a7854f5dc85e1ee7,36e98de15a293055d089aecf4f029d81,delivered,2017-12-24 19:21:59,2017-12-27 04:07:41,2017-12-28 20:37:02,2018-01-10 16:34:42,2018-02-01,0263cd21a17b7b8396e582d110c6ad3c,2017-12-24
1b2e84ddae3d008de5b1cc139a03c174,2daffafd35eba3b3986e58a570340ba4,delivered,2017-02-28 10:40:01,2017-03-02 04:10:36,2017-03-03 09:21:21,2017-03-06 10:52:34,2017-03-24,d4c026441bf6418d487ca880bac59ae2,2017-02-28
d681e67cbf0c8f6d2b67a6b6871d7f50,c38a80e0350ff3bb0771ef23799199c3,delivered,2017-03-28 08:58:30,2017-03-28 09:10:25,2017-03-29 12:08:23,2017-03-31 13:03:15,2017-04-17,b239b3d65726c187cdd7c52c94254db0,2017-03-28
30d4789405a71c5af9343bd033055fee,33bd2e9dd08297cd83395e0861e364e0,delivered,2018-01-26 19:36:31,2018-01-26 19:57:01,2018-01-31 20:07:26,2018-02-09 22:14:11,2018-02-20,26eb9fc7802ec59d99593a73f0e304a8,2018-01-26
fd547f0ce35c6569138b865f900cf8fb,78abcb0806d1b6a411c6af41d796b0db,delivered,2018-05-09 10:10:15,2018-05-09 10:31:40,2018-05-09 19:01:00,2018-05-10 13:38:59,2018-05-28,80de13ed7de189313ad9fd6ef807ee3a,2018-05-09
f3b6286e074ced4149f83f3b7fd95b3e,05d18f7033aeb69e03888511124a473e,delivered,2018-05-10 14:00:13,2018-05-10 14:16:33,2018-05-16 15:16:00,2018-05-18 01:46:19,2018-05-22,f9530f49c87c33af8b3ac5300b550d95,2018-05-10
3218aff04047889f8c6eaafbbcb4ea4e,0ec1d2c13f8309ab79e431af6dc72245,delivered,2017-12-10 18:33:37,2017-12-10 18:50:10,2017-12-12 21:05:50,2018-01-15 17:48:41,2018-01-05,b6b5367f6d344682c90126fe86594604,2017-12-10
f1691c39efe4833d90ffd3a9eebac207,0710c8034f2e3c5e0f0a2d1811dfddcc,delivered,2018-06-25 20:51:54,2018-06-25 21:13:16,2018-06-26 10:26:00,2018-06-29 20:37:28,2018-07-19,ff0eac0ec23fb4009fff3f12d9309424,2018-06-25
9570e7230d3d4ecaacbc7843e6646b33,19cd19a792b8ba4bc826a9a3874159dc,delivered,2017-06-26 18:15:14,2017-06-26 18:31:38,2017-07-10 15:29:50,2017-09-04 23:33:27,2017-07-17,18f22ea849f56a8767b93cf03343ecf2,2017-06-26
f280a33d2c98180e655aaca0e9b48cfe,cba41b31b4bef692a351cce574603b5e,delivered,2017-07-28 14:01:29,2017-07-29 02:23:25,2017-07-31 15:03:08,2017-08-08 15:27:43,2017-08-23,2433f2a7a441dc7f159530aa84babd67,2017-07-28
345625d410ef234228a46a946a414f7d,d28fd2aaf46d8a2b952fb36fe8aaced6,delivered,2018-05-06 15:43:27,2018-05-06 15:55:11,2018-05-07 15:19:00,2018-05-08 17:33:11,2018-05-23,dbb907c9d3b58c13091c58c4863be4f1,2018-05-06
cd11906a7f55196e1f9194034c7bf3e3,310b5113be1d68f9a292a95238bb4a5d,delivered,2017-04-29 12:46:17,2017-05-03 11:35:53,2017-05-04 12:50:02,2017-05-10 10:54:36,2017-05-23,aaad6d68de5490cba508e4203ddc87de,2017-04-29
c502117a7895e7931e1362f69676ec36,933bc2021f00b2bc5ed3fee7c637f8dd,delivered,2018-03-15 11:54:21,2018-03-15 12:15:33,2018-03-16 17:52:48,2018-03-24 14:31:57,2018-04-05,6433c73c320f19cf4ff4399627abcf80,2018-03-15
3aa23de969cd056c809332fb45ca17fd,590bc48cf0123e62d60cd1102d4c599f,delivered,2018-08-09 19:56:04,2018-08-09 20:05:14,2018-08-10 15:50:00,2018-08-15 21:32:42,2018-08-28,b871ca8d7294f56a642da903e76f22de,2018-08-09
91ea7a06795c4dc4544b5ef64d3e56e2,1a66436d21ba38e8872534fe061b6542,delivered,2017-11-16 19:23:35,2017-11-16 19:35:29,2017-11-24 22:28:42,2017-12-06 01:46:50,2017-12-06,ff7b8116de7a8a5f5c8abbae6399608b,2017-11-16
8489131c7dcc42a6d6d7df1be6802643,4993c7497504a9d16889ddf05e10be7e,delivered,2018-03-26 23:19:00,2018-03-26 23:30:14,2018-03-27 21:36:51,2018-05-11 11:42:34,2018-04-26,e36d1e7b5ca834cfae44e807b3bf35b6,2018-03-26
c140205cbbe8c442615a6a64cca7497e,3a47ca8bb175dce4dae1b9b94350ce84,delivered,2017-12-18 10:29:38,2017-12-18 11:32:06,2017-12-21 15:38:59,2017-12-28 21:10:41,2018-01-15,24726ccfaeae6614c6050e47adcb06b3,2017-12-18
313c8d52d3e2c7c1fa9e1e1882171a24,2b00846182b41fda871e547a527e5a53,delivered,2018-04-16 11:47:05,2018-04-17 05:51:04,2018-04-17 21:08:25,2018-04-18 21:20:50,2018-04-30,d51e51bc242558e707476b648a5b14c8,2018-04-16
8e80c9ae33f2cff714311666eb2e71b1,abb870bab45c948810c0625816e0de41,delivered,2018-04-27 14:27:13,2018-04-27 14:52:18,2018-04-27 14:35:00,2018-05-07 17:44:47,2018-05-28,37669671d35808111ab0d229e546221f,2018-04-27
58d696df72ca75ec628fdf146731dd53,419d105082128bf2ee7cab59b6e876d9,delivered,2018-05-01 23:18:41,2018-05-01 23:35:50,2018-05-02 15:24:00,2018-05-07 21:56:55,2018-05-22,e46e53d9eb7cca073a4335c6683abfb0,2018-05-01
1b181325fc6ea91c3d0397695f84aa63,44eb37dcd809e369b7e2831135e98cf0,delivered,2017-08-16 16:54:04,2017-08-17 02:55:49,2017-08-22 14:49:55,2017-08-23 19:03:43,2017-08-29,aff4d64702c3e109a12e2975e12f1421,2017-08-16
1e13e00d6605c9924acebc4441a7cce1,60060f1b1ee18458f4dba46f2eb1d73e,delivered,2018-04-18 13:12:50,2018-04-18 13:31:35,2018-04-20 16:15:00,2018-05-15 20:43:52,2018-05-16,05cc26cc3850b1809c338822fdd73ed2,2018-04-18
1b60ece83b00bc1f24db33620b942d2f,f5ce9a458627cdf1b39247b45fa6ecf9,delivered,2017-09-02 14:26:16,2017-09-02 14:35:21,2017-09-06 21:34:08,2017-09-11 23:44:35,2017-09-28,76eb770df6be0fe7e270abfe304fc86f,2017-09-02
c91ab67852b71357615925883e88cb8f,24e4f85e976456bab298f37f9722762e,delivered,2018-05-05 02:39:06,2018-05-05 03:50:25,2018-05-07 14:08:00,2018-06-13 20:02:27,2018-06-08,cc81b5498c0ab062c6a4d8464eb6e645,2018-05-05
dd473c68be3819ae8e68f1a7608547c6,c9a9b571f333ef3dbebee9d772c4aeba,delivered,2018-08-05 13:52:26,2018-08-05 14:05:12,2018-08-06 14:57:00,2018-08-09 18:11:09,2018-08-27,f4086888aa96c7471cc112ff31926373,2018-08-05
12137038d3db1f38197c5d37999527dc,7064ea6b6f5be7dd95d18ba31b4afe14,delivered,2018-05-03 16:59:31,2018-05-05 03:35:20,2018-05-09 15:48:00,2018-05-16 21:34:58,2018-05-28,1b87409ba47ec3caa18d4b8fe303c968,2018-05-03
011a43bc9bb525517251ebb3ebc99b69,bc6123686b421b9084028c34499824c4,delivered,2018-04-25 18:15:05,2018-04-26 18:09:38,2018-04-27 15:10:00,2018-04-30 15:48:24,2018-05-09,52bbe472f9c44fac7a108b9b3d70faf4,2018-04-25
d2dd52f27ff69c333cfe7c6dbd4a6a08,8cdc6f215b1ba8111cbf3daf42092a35,delivered,2017-04-05 21:27:25,2017-04-05 21:43:02,2017-04-06 10:12:04,2017-04-11 13:32:04,2017-04-28,e219a439f6ca99e32824bcc7153969c9,2017-04-05
2fd21231b4821bf08a45cf4cfadba908,fe5c95fad477b1281c5c4ad51be44f06,processing,2017-02-24 11:01:24,2017-02-24 11:10:21,,,2017-03-27,3db2b71f6903fb66045d07088f67a982,2017-02-24
4c4d6825f294e5d86048ffe4fce26334,95b19ba248d1ee412da89aa3db264179,delivered,2018-03-23 09:27:27,2018-03-23 09:36:03,2018-03-27 17:42:47,2018-04-17 22:34:49,2018-04-23,192d2e2f4ed8997f1710b0e6005a43ed,2018-03-23
089f9bfea8386f4b212e2145f7ad563b,2df9465dba13fc692e05390a8c4d1e18,delivered,2018-05-29 07:39:45,2018-05-29 07:55:24,2018-05-30 14:41:00,2018-06-01 16:38:48,2018-06-21,c1c7ef7365d31a66657e22323a289392,2018-05-29
6f6b6e537442613468ece6f2df061159,260a925a4d30c66d5071904b183c989a,delivered,2017-06-23 19:38:57,2017-06-23 19:50:16,2017-06-26 12:39:31,2017-06-29 14:34:06,2017-07-13,cdaf7c40e716708655865f2f661fe387,2017-06-23
a5477627582780f6c347026e9c8ae0eb,592c036b000783dd7f898c8630f0dddc,delivered,2018-08-10 14:48:24,2018-08-10 15:04:53,2018-08-13 12:23:00,2018-08-17 19:29:33,2018-09-19,a331b262a1e59c1452d774af0e33c465,2018-08-10
ec3c91446200b1b6f5d6f20fc5a61ab6,ded39065fc8497451c408fb756c65a4c,delivered,2018-04-15 16:28:39,2018-04-15 16:50:20,2018-04-16 18:24:56,2018-04-30 15:01:52,2018-05-10,e5251b631fb7541f6f8e69bdf2258185,2018-04-15
5c05ba7b96e7ea5014e1eda4953778c3,d887f5d3f0d496a8c4f7814ffe7048de,delivered,2017-06-17 12:09:30,2017-06-17 12:23:07,2017-06-19 09:18:47,2017-06-26 16:05:52,2017-07-13,5298137927f0af96148a4f2e05f4e419,2017-06-17
d85c2deca369a3930811855341fb3d11,14676dd9c40ad83f2a980ac36077cdb9,delivered,2017-11-23 16:19:10,2017-11-24 03:09:58,2017-11-25 00:32:48,2017-12-02 14:38:11,2017-12-19,02e9109b7e0a985108b43e573b6afb23,2017-11-23
d4aafc8bfe399e9955d634af4dbc7d8e,73e381c6c1aa902b1fbd65ab87bf830b,delivered,2017-09-01 15:29:09,2017-09-01 15:44:37,2017-09-04 20:49:56,2017-09-11 19:25:05,2017-09-27,f82e47739e7044b27a44d65a789613c7,2017-09-01
ded72e12bc0d3247a41683e7d9288fa0,d401ce7f8ea08b0b3f591933e07e3778,delivered,2017-10-15 22:51:36,2017-10-15 23:07:10,2017-10-17 17:04:25,2017-10-23 17:42:35,2017-11-07,6638dd079cc44519923ac6c0e0059463,2017-10-15
202c632ebb14ebfabad48f43c9a9f166,d7263dd40ab3973760e65588299bfaa8,delivered,2018-05-14 12:55:16,2018-05-14 13:17:09,2018-05-14 15:12:00,2018-05-22 23:16:46,2018-05-28,4acc588accb6e7b5b57fc8814dbfb76c,2018-05-14
f6a62f93fc38410844863ed6a061f425,f76b4d4179541aaa5f17fb1dbcb34d84,delivered,2017-12-18 13:44:44,2017-12-19 09:51:44,2017-12-22 14:15:09,2018-01-04 21:53:38,2018-01-26,17a2d93cb1aab45e3d21d5eba7daaed2,2017-12-18
bcbc22c3ccd8715c7e1367b8f3aa12f2,339415e5555e0a4f241d6b2c70c7c3e4,delivered,2018-02-01 21:54:13,2018-02-01 22:12:17,2018-02-02 20:57:00,2018-02-03 11:48:31,2018-02-21,40b3dc9f0e602da9908ee9feab8e1323,2018-02-01
fd9bd6fdda953d8dd1092cb53a396059,d7e712c5296524f87421c852aa620d5f,delivered,2017-08-30 11:14:51,2017-08-30 11:30:14,2017-08-30 19:45:11,2017-09-08 19:11:17,2017-10-10,e06e62694cd8ce637a1c3f4a624c647e,2017-08-30
de0ebf283e8fdeeb755023c5db9aa59c,d0b8be267d331592e55b5f20d7a2d702,delivered,2017-03-17 12:57:56,2017-03-17 12:57:56,2017-03-17 14:03:52,2017-03-24 16:00:16,2017-04-11,f7d9b4f390272925b03796dd819fe214,2017-03-17
219f8f81c1e54b614ed44df445a563f2,faa192d11e50270ee798ec110da044f4,delivered,2017-10-27 16:50:11,2017-10-28 02:50:39,2017-10-31 16:41:53,2017-11-01 23:33:28,2017-11-09,3a92e5f77889c2ad9b099ded326d58db,2017-10-27
87adce6ee525918d852e82df8defd742,690455a7665334e880a5bf7365f1c78b,delivered,2017-08-15 10:36:59,2017-08-16 03:15:22,2017-08-18 17:12:36,2017-08-28 20:07:36,2017-09-04,16b3aa038e596e530c94b5381b79d3d8,2017-08-15
5d9eaab2f0968ee661d96ba4afdf807d,0c09a5955ceae2f951a26b5f0f562c84,delivered,2018-07-05 21:53:02,2018-07-05 22:10:58,2018-07-25 13:18:00,2018-08-10 16:21:54,2018-08-20,6f932f011a8e866d632f58cc7580a7f5,2018-07-05
3330237b82c090facd2fb2ee38256be5,9bf04c159f122d323d21ddd3189962e6,delivered,2017-04-06 23:14:32,2017-04-06 23:25:13,2017-04-07 14:33:32,2017-04-10 17:14:05,2017-05-10,bdf2cce7745cd9e6c79c4c5771863ae1,2017-04-06
48cefe210d7a04f470fd6592ea91ffb9,77181a5f59fbffb14d445117ff040359,delivered,2017-11-24 11:23:36,2017-11-24 13:31:53,2018-01-04 21:13:02,2018-01-31 18:24:39,2017-12-20,607a96b8e6cad55c3ac0bb1d41549796,2017-11-24
7d78ea68e694cb6df0997bb8dca5cf15,548f3459f5efd20ef8bce6959a001175,delivered,2018-03-15 08:34:11,2018-03-15 08:49:38,2018-03-15 23:21:49,2018-04-02 17:32:20,2018-04-13,5d74ffb0743c1017e3940ab2fbdd83ee,2018-03-15
17992e21d004bd228a019461b341dbad,9c4dfe617f87a6b5f13e6a48ec52a5f2,delivered,2017-12-08 15:30:39,2017-12-08 15:38:23,2017-12-13 16:52:45,2018-01-08 10:07:54,2018-01-15,21e2a8d118df3b7ee58f1be9b8cc819e,2017-12-08
17ee1f77fa871fa2d26b8095816fc2eb,b69dfe8213b3b11dcefda5aeec567dcc,delivered,2017-09-07 23:02:56,2017-09-07 23:10:18,2017-09-08 20:07:56,2017-09-19 16:57:16,2017-09-28,06dcd943e3a874082fc85cc7c4cbc27a,2017-09-07
f02636ac66025f7eccc065c1ed939a7b,847ed0fdf5fe83354812c973ba0fa272,delivered,2018-06-19 14:14:49,2018-06-20 08:56:21,2018-06-20 11:37:00,2018-06-25 18:31:10,2018-07-12,3b80b9f31884c59ab60b5534d95e20b8,2018-06-19
888145bee8f63a354c8b421852577b73,e3a6db008946a77ab1ab55efc3ef5141,delivered,2018-06-17 11:05:50,2018-06-17 11:15:20,2018-06-19 15:05:00,2018-07-25 23:05:32,2018-07-17,ebee526b30739c5c806e0a1d91939fe7,2018-06-17
c8f6f16968064fb152e6eef1952c2f09,c58112b9e009984efe84aba77401f3b4,delivered,2017-03-18 18:18:22,2017-03-18 18:18:22,2017-03-22 16:40:46,2017-03-27 09:36:13,2017-05-09,6191a18ad888e6de7ec193cae71b943c,2017-03-18
21862ad09cda6a079859cb1fb77d5da2,a712b74fe3bf857d1776297eba15c10d,delivered,2017-02-05 17:43:31,2017-02-05 17:50:15,2017-02-24 07:48:52,2017-03-03 09:43:58,2017-03-17,b643c19d91a65d73f94ba8e037668986,2017-02-05
c9cf1b341e0a14fb94022101fa6c4604,56005e0bc41d31584c17a913251a676f,delivered,2018-05-14 11:06:13,2018-05-14 11:15:29,2018-05-15 15:03:00,2018-05-18 17:17:28,2018-06-08,e4c924c0ffcda70cb5210f7c9a5cddb0,2018-05-14
ad63b1036f777673118b46ace8ac9a27,47905cedf9b5eff2ff7136a4db4ea33a,delivered,2017-03-05 12:34:06,2017-03-05 13:05:56,2017-03-06 08:20:42,2017-03-13 14:19:01,2017-04-04,51378a8908cdc12c6545fdf842383c97,2017-03-05
dd46ac8cf8a385a883f38119228c584e,39f7d57021887ffed8775b92df685caf,delivered,2018-07-21 15:01:31,2018-07-26 23:32:08,2018-07-24 15:31:00,2018-07-26 16:58:30,2018-08-01,eb25b57ed8605aecea925d5680d2a05f,2018-07-21
3f77b361a73925a9c1250b4a31dcb58c,6aa501436836de38051dfc5fce054127,delivered,2017-10-17 18:46:12,2017-10-17 18:56:24,2017-10-20 22:34:40,2017-10-24 15:54:04,2017-11-03,d2cdc1bc229c5e1848f8f7ce60a415f7,2017-10-17
de4b205a30d85c902a79bf99f8c77c21,bc514ba92bc9b2d6c439bd09cc68e18b,delivered,2017-04-01 13:45:09,2017-04-01 14:02:43,2017-04-10 18:04:45,2017-04-18 13:22:08,2017-05-12,628d378a089ec7bda0bb7132d982d206,2017-04-01
0aea5ed8df108f7cb387c099ddec65c2,a538ba874170048d43cc542f48007631,delivered,2018-02-04 18:00:32,2018-02-04 18:15:25,2018-02-06 17:28:33,2018-02-16 18:49:13,2018-03-07,83fc82dcff6ed4daa4f3c08f0bc5e6b2,2018-02-04
6209730c6423933d01443477bd2de8e8,db2b534c98fd5dd2f09f28710a9475e1,delivered,2017-08-16 21:39:35,2017-08-16 23:15:18,2017-08-22 21:25:34,2017-08-24 19:33:06,2017-09-13,49cd02c6f66c420d1e524b05f0e0a292,2017-08-16
766124568755c2d14e514a04f30cf920,c7d0eef78d78a2110d338daf21a1ded9,delivered,2017-08-30 23:13:40,2017-08-30 23:25:11,2017-09-04 13:15:13,2017-09-06 15:27:55,2017-09-18,4c9af2f58b30f360f0284684405a8255,2017-08-30
e5a6ecdedd840739a92fde1ed761a9a0,23c13360469b4124896069bdfaa2d030,delivered,2018-02-07 09:52:28,2018-02-07 10:10:13,2018-02-08 20:17:05,2018-02-16 17:47:02,2018-03-08,9a7741744b3760e6ab42c893d1dd9537,2018-02-07
08724b06f2204993989fa6c331dfa3d6,b39f78012ca3eac8a5c46e5817b1c5bf,delivered,2018-05-29 18:02:38,2018-05-30 14:16:41,2018-06-06 11:26:00,2018-06-11 17:12:12,2018-07-03,c03e11c0a9a101516579db35234b1e8a,2018-05-29
873609fe8cb0b44e74d8dfe6cb2195fc,d88f20937a8d704e02baff7b2f681828,delivered,2018-05-01 15:35:22,2018-05-01 15:54:22,2018-05-04 13:12:00,2018-05-11 22:25:02,2018-05-22,56a4b0205301c1ef02bd42739fdaa74f,2018-05-01
f88aa9b677553d2e3f0e77b495066619,5511dd149c4585a6552aa75a1dd6ac8c,delivered,2017-01-20 14:56:31,2017-01-21 03:06:21,2017-01-30 10:31:58,2017-02-08 10:34:08,2017-03-02,acf91aaa6f337456d3c506a5a494552c,2017-01-20
4c2c259b29ccdc4072a5b520dbf864c9,72592e372102c214fef4a1f0a389b63d,delivered,2017-09-25 11:26:14,2017-09-25 11:44:38,2017-09-27 18:33:45,2017-10-05 18:57:38,2017-10-19,b8105de8ac2f1e0036fe175e5ce32d32,2017-09-25
8fcc69a880483df5f5e3d9f588f186a3,33c4d5b1ee390847b7ff411084900cfb,delivered,2018-08-21 10:48:37,2018-08-21 11:10:04,2018-08-22 12:04:00,2018-08-27 22:40:49,2018-09-05,c1dcfe043d7b1415a4abeb7a040a7a03,2018-08-21
0e053aa097eda67e25b3934ef3eca8a8,fe531acf72493b23de85684db23e8b31,delivered,2018-08-02 12:07:19,2018-08-02 13:10:25,2018-08-03 15:09:00,2018-08-17 21:08:32,2018-08-22,10a3723e136ee51c5364151c7775a7ab,2018-08-02
5ec8127f0e7abadc5ee625f266ee0742,a5f4652eea211b3fcf3c2bf98d491e32,delivered,2018-06-05 11:13:33,2018-06-05 14:31:31,2018-06-08 16:55:00,2018-06-15 16:36:54,2018-07-16,26a9a645884c9d388a6d354cf9693a27,2018-06-05
85770deee3205a161f62a227bd92f7ab,7cd47685658818a4cfa399c538af664a,delivered,2018-05-31 10:41:11,2018-06-05 04:15:10,2018-06-05 12:34:00,2018-06-08 23:32:06,2018-07-04,f679cf9868547bc817ec73eaa0f4af6c,2018-05-31
6c28a6a98f83b0405d2bfc4ba655e15b,54217d7c6e35d7afb033114da06fc924,delivered,2017-11-24 00:25:57,2017-11-25 05:53:20,2017-12-13 19:16:37,2017-12-16 15:49:10,2017-12-27,ef1d0f1922417f396a0aa0a03296c572,2017-11-24
4531f9e3581ee3d612c9d537606d00f9,9a3e10fdfe66f35a5425f288cf1c7572,delivered,2017-11-17 01:05:02,2017-11-17 01:15:25,2017-11-21 16:13:10,2017-11-28 21:24:31,2017-12-06,cfd6015ed2d4a9a40faa567a631646d3,2017-11-17
1e2db169ace8c7d55bc4567bdf5c4190,08af4067af2ca727cee7d572c5af8763,processing,2018-01-04 17:05:11,2018-01-04 17:14:31,,,2018-02-07,e0db405a62c796b1ac439c778de5e2f1,2018-01-04
1bd0adb7c2353f3a04e09e2170d42998,6813a968ab523ed0de2855f3d109e67d,delivered,2017-12-07 11:19:18,2017-12-08 02:54:12,2017-12-15 16:28:08,2017-12-19 19:49:03,2017-12-26,2cc61788da32ec201b1a280fb06d077e,2017-12-07
3d264124266b9f14b88b496f738ef0d2,dc6f9c54a936fab52be47aeb25387275,delivered,2018-05-04 13:02:37,2018-05-08 04:33:01,2018-05-08 14:45:00,2018-05-17 16:32:55,2018-06-04,768f83403defcfa9c9fcc04416396ce1,2018-05-04
d5d914a6d27103e0a343e2e5cb567ca7,ca591ae110d50908d1cf866c10949a47,delivered,2017-06-07 09:13:50,2017-06-07 09:22:39,2017-06-08 07:47:41,2017-06-09 09:42:00,2017-06-21,fa337cd346a1b4a25a37b4ff52a5d79e,2017-06-07
19f7b4b5c61de325dbfcf2547a700024,3290173aa17384d4003caabe134a1d3b,delivered,2017-07-25 10:50:22,2017-07-27 10:45:20,2017-07-28 18:52:44,2017-08-01 20:49:53,2017-08-08,e82106c32ee88c7e107c6fb5dc8316aa,2017-07-25
f287fe40c60961ff917acd403b4f19ed,148058a31cfe793e8ec06bd886364af8,delivered,2017-03-16 20:31:49,2017-03-16 20:31:49,2017-03-22 04:53:50,2017-04-07 15:12:43,2017-04-17,253f234895915adfbbd6e7f14b41e64a,2017-03-16
ead20687129da8f5d89d831bb0772867,b296edf5dacd218b6457fddcbc0e7c0d,shipped,2018-03-08 07:06:35,2018-03-09 02:31:27,2018-03-09 17:01:37,,2018-04-19,b4c44ab99b0aefe585a765aea6d69d02,2018-03-08
fcc1d095fad4806c94b96c7bbe51188d,2a745e8af300fef33809279a23cc912b,delivered,2018-08-02 20:24:15,2018-08-02 20:35:28,2018-08-03 15:43:00,2018-08-09 19:22:00,2018-08-15,9b656d0bb956f6e0af4dc9ab2104e16b,2018-08-02
5dba08d21f1386085c1bdd47548f34a4,82cc4a44845768c5fe11c6580f2b48b3,delivered,2018-06-28 15:31:49,2018-06-28 15:51:46,2018-07-02 06:21:00,2018-07-10 12:08:53,2018-07-26,334054ef166f76dd657564ac53c858fc,2018-06-28
86757b84a26b96e53be8c8090ae9f96b,19e5223b9a6e3fdc4efbbfc03c8d9aba,delivered,2017-12-12 11:15:32,2017-12-12 11:28:57,2017-12-13 20:51:46,2017-12-19 20:32:50,2018-01-12,084142ff1817e56910833e3edd9bb3d5,2017-12-12
f1205199f6295174f518734d954e5da3,67dbe5defb9537a94eca5964c22b9238,delivered,2018-05-17 15:46:16,2018-05-18 02:36:19,2018-05-18 16:12:00,2018-06-04 16:36:35,2018-06-13,b57adba827f671c3f3f51139ce31f482,2018-05-17
76c025e93388599ae9e136363ee1c00b,cbca272ca34ec93d1fd5764393252849,delivered,2018-05-13 14:59:06,2018-05-13 15:11:51,2018-05-15 07:04:00,2018-05-18 15:52:07,2018-06-07,998c18da5d2a1ff2058f160453bb41e3,2018-05-13
b3b4094d535004ba0ef19c96ba6dfd11,7fab87c1778bff3566834e0a48fff0b9,delivered,2018-03-29 15:40:05,2018-03-29 16:35:27,2018-04-02 23:31:45,2018-04-10 18:05:13,2018-05-02,272fe23cbba5cc6c8fd54636eb56937f,2018-03-29
12f5172274e18c74bed871bb07effe27,8b0f765ca8052238d9a3ac3949b4f52b,delivered,2017-04-04 00:30:54,2017-04-04 01:05:23,2017-04-06 13:52:42,2017-04-12 10:42:22,2017-04-27,db539c729198334582efc7b53c803c79,2017-04-04
6974b0dd5a23c544aa4e67c7fd711ca2,3c5dbf75aeeeb107d76361dd23f44b38,delivered,2018-07-16 16:30:25,2018-07-16 16:45:10,2018-07-20 15:32:00,2018-07-25 20:23:32,2018-08-02,73fc98fd5bb8a524a59c0ba479b2ed23,2018-07-16
0c5af151e04733e8c7ba3c911a536f83,45a25642e5dcef7ef301d55048caa6fc,delivered,2017-06-12 11:17:28,2017-06-13 04:15:21,2017-06-16 13:03:34,2017-06-26 13:41:17,2017-07-05,91c2dc5bcfe39cc349dc8bc888352b88,2017-06-12
4c964566a7cde1bb097b36c556acc0eb,b3892e93d6c7734619f01ecdb6e2990f,delivered,2018-02-10 12:27:06,2018-02-10 12:35:45,2018-02-15 15:45:57,2018-03-01 15:22:38,2018-03-08,d1632ad60995ef2e670f133c01efa895,2018-02-10
2d290eb2fc05c9777775b838cb3dd768,1184549c87fbd8b43922b3ae59c3835b,delivered,2018-02-26 12:22:43,2018-02-26 12:30:50,2018-03-03 00:12:13,2018-03-15 20:28:30,2018-03-20,9d6bc03565c201dc6de83fa4af243f37,2018-02-26
52cb9b4d5ee3ce7d1e2a8d9c2376fd44,a5c8228ef32a5a250903b18c01c5ceb4,shipped,2018-07-11 20:24:49,2018-07-13 03:04:07,2018-07-31 14:10:00,,2018-08-01,c0b767c6ed813d4cf17855081493f885,2018-07-11
1dbadf4f796b4a43c00390e035d62b9d,dd0e4fc2d1068601b0bece5edd3a97de,delivered,2018-05-15 20:08:25,2018-05-17 02:37:20,2018-05-17 13:31:00,2018-05-22 18:56:25,2018-06-18,6c2a27c6a9e47ecc62abe7181a923c77,2018-05-15
3832a9766706c5e6bbfa5d101f782873,cac3e03fcc9d961605de465a7b17d6b3,delivered,2017-10-26 08:44:32,2017-10-26 08:56:15,2017-10-26 23:05:41,2017-10-30 11:59:45,2017-11-08,c3f68209c32c400fdde465f88d7ccf2b,2017-10-26
354d1019e78710d25e0d7240ec6c0792,220e5bd3db8bb376d06c40093f580649,delivered,2017-02-22 18:37:41,2017-02-24 02:50:22,2017-02-24 11:41:02,2017-03-10 12:57:41,2017-03-23,2b340f83a93754a2bea96e056ddcfe8c,2017-02-22
fb5f5b8b20557323077e9113a3deb3f8,668a88aff76297c42ce09f48787aff16,delivered,2018-02-03 23:07:49,2018-02-06 05:31:47,2018-02-07 17:15:29,2018-02-21 15:49:11,2018-03-06,11faa56d67f3c48c0ac86d2293bdccb7,2018-02-03
07fda4bada645831fb11a20eaf52c2ef,6be2538210060931127d78f976f0708e,delivered,2017-12-18 18:43:26,2017-12-18 19:50:13,2017-12-19 22:57:05,2017-12-27 14:22:20,2018-01-10,5426571d21e82bb33eaab30e48e6f290,2017-12-18
c10c68068674aaf6ca04ad0387969333,96bfde50d61dc1365adc0293abfbf8f3,delivered,2017-05-16 20:51:52,2017-05-16 21:02:26,2017-05-17 12:49:02,2017-05-24 12:22:55,2017-06-07,2bd9d2f3cc5d99b1b3d9ff5acd81bd5e,2017-05-16
de12067bfa331f0c8cd1df23a0106128,954f324eaeddc5bd2e282cf20f319038,delivered,2018-05-04 18:06:47,2018-05-04 18:16:20,2018-05-07 14:50:00,2018-05-08 18:54:26,2018-05-25,367dc7840ed6862228f91c263f8ce8e1,2018-05-04
f3ef05764ab33b7cd322aa7edd599de7,0f230afc42b82295bd241b9adbc32575,delivered,2017-11-27 08:37:56,2017-11-27 08:50:15,2017-11-29 17:48:58,2017-12-15 21:34:06,2017-12-18,e0e3f6dbfb65e4cecb871d643bb1e5b4,2017-11-27
4d8a2d9a0da9e6fc1c7bf59dfde5a697,b10fef81c37bf312c22995072ce92021,delivered,2018-06-19 15:41:36,2018-06-19 16:25:40,2018-06-21 09:55:00,2018-07-12 20:28:28,2018-07-19,04a056b82a00e7755b1f136ec509b542,2018-06-19
e6107900a1bad60fc4b97a83014643fd,8a99826b768415524f88058e2a68f980,delivered,2017-05-27 11:37:38,2017-05-30 04:42:48,2017-05-30 15:59:33,2017-06-07 12:31:36,2017-06-22,c7f9a97e7466fe1c046dacb1874f94f8,2017-05-27
a001b704f3b4f4d26206555271f83e45,f8af0c88d4c850edc4219a15645a5d46,delivered,2017-07-21 07:51:35,2017-07-21 08:05:21,2017-07-21 18:56:57,2017-07-24 22:44:52,2017-08-03,ab91028d1614f582195c6e2c553f1805,2017-07-21
6cac20dcd1e9ad064b34d1148de9b9ca,60e319c699f4ef80e0979447089367e5,delivered,2018-07-18 14:19:34,2018-07-18 14:30:17,2018-07-19 14:26:00,2018-07-20 19:06:49,2018-07-27,e0d38008dc1f7bfd5ebc073c19c17af1,2018-07-18
cf751a641521be29ac2213cd1756490b,9838497c3447f481f14b780164c2823a,delivered,2018-02-12 22:18:44,2018-02-16 07:55:30,2018-02-19 23:13:16,2018-03-01 19:33:58,2018-03-16,cfe381533291cb6858ee08e49f6c8f96,2018-02-12
397af12009650f370c819563b8e6c68d,bf325052e878a2d9fa615ccb6c53e3b6,delivered,2018-05-12 21:50:00,2018-05-12 22:09:59,2018-05-15 15:39:00,2018-05-18 18:04:10,2018-05-29,5a8fb123a20a0c9940c8914dcd6a8f67,2018-05-12
d9d03fe2697fd771cabf718ae4cc6b14,b60fa308b463e0861f9acc7c196a7536,delivered,2018-03-11 20:22:41,2018-03-11 21:20:31,2018-03-14 22:04:08,2018-03-27 13:08:49,2018-04-05,01769144da2a7ea21cc6163452b5824d,2018-03-11
c2e2f15f541c1823bc6d1e558f9323db,7dca0aae9d8b2739eae09392212f33bc,delivered,2018-02-19 19:55:02,2018-02-20 07:06:48,2018-02-22 18:29:24,2018-02-23 21:15:45,2018-03-05,44f33f1e85a9c2fb86f0ecc6f9a74d4f,2018-02-19
a30969bf642ba9df43445df05685de71,8a4939e95441a4310e05d7fa6cf8814c,delivered,2018-02-04 23:40:54,2018-02-04 23:50:23,2018-02-05 18:14:55,2018-03-01 23:28:46,2018-03-06,ca5f33821d9088ca45c6fdfe2fd97634,2018-02-04
aa9f3738c923b9391c7e9c59eda6aad4,364ad2ea5a64c6d61c7d95044913e35f,delivered,2018-05-06 02:58:50,2018-05-08 20:31:49,2018-05-09 12:35:00,2018-06-04 23:51:56,2018-06-08,08e5b38d7948d37fbb2a59fc5e175ab1,2018-05-06
9abfcda57aca3f294fa218459b67c834,ded9bebb4d1d6843b5ab3f894cf6400e,delivered,2018-02-20 14:31:05,2018-02-20 14:51:07,2018-02-21 17:59:50,2018-02-22 18:46:47,2018-03-06,265b92f09a17862b3309f3c022010426,2018-02-20
3f9a35a487f683b49672e20b9343cc83,a6f116c3fec7399c4e0d473c73a3eecd,delivered,2017-09-19 16:58:55,2017-09-19 17:10:28,2017-09-20 18:03:59,2017-09-29 17:49:59,2017-10-18,a328c9e8403f344c058b8ea18826ea06,2017-09-19
cf57aabdd172a83f9c94d0800d5187c1,cc0767edfdacd11c67d2c55342421444,delivered,2018-03-24 18:59:48,2018-03-27 04:08:10,2018-04-04 20:46:46,2018-04-06 21:33:09,2018-04-06,29f11ff9959b25570374752c6eab3361,2018-03-24
2e58df496a6b55819b859024268f5d55,ec497d640a98b2a969869c44163d08e3,delivered,2017-08-10 10:14:38,2017-08-10 11:25:16,2017-08-14 14:27:37,2017-08-22 21:20:09,2017-09-12,770c6c524fc389b4cab878d19703745d,2017-08-10
e72ba1ec61415d0cfa8ddfce38a35887,75d90429e22ec177e6c69928ef95a9a4,delivered,2017-11-02 15:05:03,2017-11-02 15:15:22,2017-11-03 18:32:38,2017-11-17 17:28:41,2017-12-04,99a9dd526536f7f19971e4f754cbd729,2017-11-02
e819c0a367da758c5e60ddaee6890dc0,c2a549fd103dfd913790133e8b3ee74b,delivered,2017-02-08 15:49:24,2017-02-08 16:55:19,2017-02-09 11:57:42,2017-02-13 16:54:19,2017-03-07,06c561c88ff6b8813508f972f71829d2,2017-02-08
520cd2a1b7a654a2ef87cea17588b358,ba44137a3332273bf999442dd380d092,delivered,2017-12-14 10:14:49,2017-12-14 10:33:28,2017-12-16 02:19:14,2018-01-03 12:33:38,2018-01-26,65acbf5c068275339c79f9df82ea8af5,2017-12-14
3f3410465f157511bd8a870e53348d17,a840c0d240eb6afb1b5f0435ec7b9d0d,delivered,2017-03-27 23:07:18,2017-03-27 23:23:37,2017-03-30 15:40:13,2017-04-10 10:57:34,2017-05-02,71d6a9293d3533bc36743b4b10fb332f,2017-03-27
9c3201ec3feaf8e884f4fbaf33d37c5a,4ba9313b3dba077c6ed84aa8a1279594,delivered,2017-11-08 13:03:38,2017-11-08 13:15:34,2017-11-21 12:42:06,2017-12-07 19:32:52,2017-12-13,fd61d48c0c567a32bb4ce4dc470bd892,2017-11-08
62b22cf8987a8a48d638c4bcaf7024ce,2fcfbb38d054caa24f8520316d575829,delivered,2018-06-28 11:32:14,2018-06-28 11:50:29,2018-06-29 10:57:00,2018-07-04 00:18:59,2018-07-23,5a25131d21b035dd0b84c17056e7f0a5,2018-06-28
0332002e367c17e6c4111ae2dd8a6aaf,6e790a587e88f8751cf58bd0f45d8e15,delivered,2018-03-08 20:06:30,2018-03-10 03:49:27,2018-03-19 22:17:38,2018-03-26 20:39:57,2018-04-11,f43ee71c0b5bb3ed418bfb8ac40592b6,2018-03-08
bd7585a77f0aa76b3775bb68fb293356,7eb5555aea491d47d05d05d3f6f99be6,unavailable,2017-02-08 10:46:02,2017-02-10 02:43:20,,,2017-03-07,5af5dbed5fbe8770e904a516bd29700c,2017-02-08
36cd43f05ca6b099b88bcc0c8e08491e,a559d242230598d6cf1f3aa4243d7c51,delivered,2017-08-14 17:26:24,2017-08-16 03:30:31,2017-08-22 21:25:33,2017-08-24 19:21:51,2017-09-11,7636a32fe04dd56f6e5c00431009bffa,2017-08-14
5c8b799d9e858d7af25f956df90a88a2,9fd7bf64329acafab4cfbfa91dc5edca,delivered,2018-08-03 17:51:59,2018-08-03 18:04:16,2018-08-04 09:32:00,2018-08-10 21:38:28,2018-08-17,4f5d2f21e51c6b63f116f216c2e5534b,2018-08-03
05093c063b3e4c3b5f4ef831d7da7fd5,b8f6bcb3f73c07a92dc1a5c28184e073,delivered,2018-05-01 11:04:20,2018-05-01 11:36:03,2018-05-07 12:31:00,2018-05-21 11:26:39,2018-05-25,6bb3b4d34fb8f3c620d799442a568788,2018-05-01
412e4fb4c148a6d31f905c16481d75e6,bfb2b8355e699b53e863e2a2181b4bff,delivered,2018-03-12 08:31:35,2018-03-13 04:30:38,2018-03-13 20:08:45,2018-04-03 18:11:28,2018-04-12,503279f30dccc77b5d832f20bd485393,2018-03-12
d03a237134e1116fd39197ad24eb9378,bdd7712e7fbf5e834a25438affa3e3a5,delivered,2017-11-21 09:21:56,2017-11-21 10:00:20,2017-11-23 22:02:41,2017-12-14 22:42:31,2017-12-18,303f017ae2c2060a02ec82af95eaf1ce,2017-11-21
158e4a89f06a4f5b5273f7fd7045938f,0dd0ff681614cf678c6b69ceb6821c27,delivered,2017-09-28 18:52:51,2017-09-30 02:14:21,2017-10-02 15:47:20,2017-10-03 20:43:55,2017-10-16,fc68ef95253b04014e9b87b1f8f0f8bd,2017-09-28
7189222fd475388e5619a2bcc20352f5,836f1a73296c20052ab6b439f79940a3,delivered,2018-05-04 00:24:14,2018-05-08 03:52:46,2018-05-11 15:07:00,2018-05-17 20:38:55,2018-05-22,ac3dcee918e6c96eb2ab467158143697,2018-05-04
bd7328facab3b5c696a8a685b0ddacff,0b6f07bb76585814879c04843fdbe504,delivered,2018-06-15 22:16:48,2018-06-15 22:40:37,2018-06-18 18:57:00,2018-06-29 15:38:46,2018-07-20,5717e85e7a0afe8a692e9820e5060445,2018-06-15
a8dc8c635d3334b958a92779bd056666,8a6feb569313c15590ec16714502cebf,delivered,2018-04-22 19:59:47,2018-04-24 18:39:59,2018-04-24 23:19:41,2018-05-02 23:52:27,2018-05-29,f2f843c7dbddcc697ee8d1143143667f,2018-04-22
e051aa19f5f2e6a98406c005cf5c656b,d018e6ca1b199645c9074c8aa0377729,delivered,2018-07-12 19:55:55,2018-07-13 08:31:25,2018-07-13 12:03:00,2018-07-16 15:32:20,2018-08-02,cc3e93d9e1a6a0fab9255f159c3bccff,2018-07-12
bfd53bc941fd49984cc67168afbbd531,addb846a89c635c622bc369a2b6bdf8b,delivered,2017-02-03 17:16:41,2017-02-03 17:25:17,2017-02-09 07:37:26,2017-02-13 10:21:27,2017-03-07,9d538697120330498252353c99068356,2017-02-03
b1ca84d7c69ec44b1b45786605a47832,803bedcfe54697fa00c48bbe097866cb,delivered,2018-07-25 12:03:29,2018-07-25 12:15:09,2018-07-26 09:14:00,2018-07-27 15:35:48,2018-08-02,e611d623d4c8958222cc3236e71eeb90,2018-07-25
f771f4b3d070d0621bf89b9b66dbe8f1,14c9e6498aa74319453b31322c0dea82,delivered,2018-05-13 11:30:52,2018-05-13 11:52:31,2018-05-14 14:39:00,2018-05-22 22:38:49,2018-06-04,3a2681b8e4c9f2171aaade5d578f2cb7,2018-05-13
0641880e7059ec426c7e6f8ba1585bf7,8cb98e975263121ca88116b966bef81a,delivered,2018-08-11 16:14:09,2018-08-11 16:25:14,2018-08-13 16:02:00,2018-08-20 19:26:57,2018-08-23,b752593c1cfd99820079881adde2fa46,2018-08-11
500ae586f3dab7aba8557a29f0073de4,5c26b8a63b6e72f770e385ffeaeca75c,delivered,2018-04-16 23:41:55,2018-04-16 23:55:17,2018-04-17 18:11:49,2018-04-25 19:42:02,2018-05-11,0b10db910940be094f62a77f58d086b7,2018-04-16
613b2933438814ff0903ebcd42046b7a,1f27ba2520197d5a8994ce2a7598585f,delivered,2017-11-30 20:38:44,2017-12-02 02:50:59,2017-12-07 21:44:51,2017-12-08 19:19:05,2017-12-18,22cad44d0b2143de8b14473e32e1c3b2,2017-11-30
4e7d5f7a68b4b3a237a3a08656a8093a,673f9ecd301f44cafba9b0191ff198ad,delivered,2018-02-28 08:42:17,2018-02-28 08:55:54,2018-03-02 03:35:09,2018-03-12 13:34:35,2018-03-26,87a305c45891600e0244ee26c0bf1fa9,2018-02-28
0f2702e23f0f00f3b22b30cd6526c3c1,090e06bd1b1d1c5adc6c9de9f15339d0,delivered,2018-04-28 23:01:15,2018-04-28 23:15:12,2018-04-30 16:01:00,2018-05-03 17:19:48,2018-05-17,5234d8afc78db0ac8924ba7a688791bf,2018-04-28
ba7e9675b77b9e9f0cb2a9ad0d265826,e306a71f877d647cbddd890e019723a3,delivered,2018-07-26 22:54:37,2018-07-26 23:44:04,2018-07-27 14:57:00,2018-08-02 00:03:16,2018-08-15,12a8bcdd008b33273bf6621de5a3ef35,2018-07-26
88fe7b995b605b04902482ee56b02af4,6fd262c97a21f451efaabc65cf1fe098,delivered,2017-11-24 13:05:37,2017-11-24 15:14:18,2017-11-27 22:22:03,2017-12-04 15:59:29,2017-12-20,47e4b6a17e68bed08968a9ab2be216e5,2017-11-24
13707439a728b23bd3033dfab70b9840,7da55d5c00bf714df311412c19fbab6d,delivered,2018-01-30 16:12:36,2018-02-04 23:31:38,2018-02-01 01:08:58,2018-02-08 21:08:00,2018-03-15,76c1fbfb2f7436eaa1eb2b086cffddd1,2018-01-30
f58c538485f196aedcc7a7f6cbe34dd6,debb46b966786e8a9aded924a51028f1,delivered,2018-03-06 18:40:40,2018-03-07 10:29:11,2018-03-09 00:09:28,2018-04-06 22:46:38,2018-03-22,14215fd1f1daa3b00ef16b8f962dc74b,2018-03-06
e05f1340b7ae14a83463bb4985a5eaa8,9c4efecd1866c2177998d461bd0e5b6e,shipped,2018-06-13 09:52:02,2018-06-15 02:37:05,2018-06-20 11:40:00,,2018-07-16,543c0511f5e9cdb54e394bac30684ef3,2018-06-13
07e5d726cba4eb976dc6c2db2ceae28f,5f92563bde007bfa821abb4fa663e0d4,delivered,2018-02-07 14:23:13,2018-02-07 14:32:09,2018-02-08 19:54:41,2018-02-27 18:52:34,2018-03-07,c7b577de54cb78d5d8f60f78f0476a52,2018-02-07
87c8028d4feed474234e7f1adfd5d9df,977bffb651e0eec87efab8bee30cb582,delivered,2018-03-09 12:35:23,2018-03-10 04:08:46,2018-03-13 19:32:30,2018-03-21 22:08:48,2018-04-02,e2e1d2b0324aa367dfed25c3f8ea0181,2018-03-09
2d79c4e3754b1f344d6695435b1a92a6,e0cebe0f49ba41391a103c4958449eca,delivered,2017-07-26 16:20:12,2017-07-26 16:36:51,2017-07-27 19:09:27,2017-08-09 10:45:58,2017-08-30,e100295db92063ce924fa4b88a238314,2017-07-26
d1537836c453f9672f80c422d1af8cab,d1e0cbdd01f00d151ff8e890d9a8f612,delivered,2018-02-26 17:45:47,2018-02-27 04:30:58,2018-03-12 22:38:35,2018-03-20 16:03:22,2018-03-27,a4669a28dd126c93ca64ddf49a15e496,2018-02-26
b17d1971fecd03b2f511cbf6cfab681e,933c4bfb97a8cdf9711b9d4fb70e38a6,delivered,2018-06-08 13:50:54,2018-06-08 15:31:38,2018-06-13 12:51:00,2018-06-29 21:44:49,2018-07-12,ea1bca6d388490f8f4ceb90ec9127c57,2018-06-08
28ccec702266c9454f2cd75eb005b7d6,4144990d3b38884364646c004ef9b076,delivered,2018-03-30 06:10:49,2018-03-30 07:27:06,2018-04-02 20:03:27,2018-04-12 17:19:49,2018-04-12,235baa608e478f28346f4f732009e013,2018-03-30
03f3b08f9da8df7604b68b2fd5999e9a,a7bae4e3c00ecd65443abee9eacf6614,shipped,2017-09-26 20:42:08,2017-09-26 20:56:20,2017-09-28 14:36:01,,2017-10-24,456355e616b6b9460c8fc10a904abdf0,2017-09-26
9807b5bda81d46b139365f3850fbda35,259181f232a13ce8f9a1189bbc180ca3,delivered,2018-07-06 19:57:41,2018-07-07 04:48:31,2018-07-20 14:36:00,2018-07-25 12:38:56,2018-07-30,27c15761cfd272f886ac73503c5bc6b2,2018-07-06
f8b187febb8635055dee874a1d99aa0c,983db67f67cc7707f18e292d74f2b0eb,delivered,2017-05-07 12:48:48,2017-05-07 13:10:28,2017-05-10 10:04:37,2017-05-11 08:06:43,2017-05-24,154017ee7b8f95544a8b9885caac75c0,2017-05-07
936a0b6b0c174a80b59e8357f5f94e6e,c1394c5fcba4e394bde37c4abc25388e,delivered,2017-11-24 09:14:38,2017-11-25 03:32:59,2017-11-28 17:20:09,2017-12-19 00:23:28,2017-12-26,3400f61105605d1ae80dd5a7f36e589f,2017-11-24
5abb95f2a998dee581e1c63cb7ea7512,7d5b9f4eb02f2bd41768398e711f9393,delivered,2018-03-04 18:04:23,2018-03-04 18:40:25,2018-03-05 14:59:11,2018-03-16 04:08:52,2018-03-28,16e05172f53f41a0608dd9032b8340ec,2018-03-04
eab958e760e3a29d059399d02b913fb4,3f96140c511c3050dbe15ffb81f72792,delivered,2018-02-25 17:25:46,2018-02-27 04:31:22,2018-03-01 17:25:07,2018-03-18 15:03:43,2018-03-21,f71abfaa809ecabefac16751ac9fabe7,2018-02-25
46bdd39417baa706de4e1931fb95b4dd,9f775687e1b0ce412df4e527ef81ef5f,delivered,2018-04-22 13:30:20,2018-04-24 18:55:33,2018-04-23 17:56:43,2018-05-14 15:09:02,2018-05-22,420f8f6bb49a30d3c359aa5cc905288c,2018-04-22
37b0e2f6ce00c698193537e597cf3402,009043346db59e970bcad7e5a6e590ca,delivered,2017-09-15 09:24:57,2017-09-15 09:44:22,2017-09-15 15:44:43,2017-09-20 20:18:56,2017-10-06,7af8bc059cb4c4c55038a142b99da13b,2017-09-15
55f305618744bee9d9287fa844807280,caa7d4b440be90389f83b4f7f42a883c,delivered,2018-06-27 01:31:41,2018-06-28 04:35:12,2018-06-28 15:18:00,2018-07-15 16:51:33,2018-07-24,84b12444366b9faa348c5111bcc9a27c,2018-06-27
e611d334e736406a802b01fe71dd8521,16b73610eb297942c3b17ff877165206,delivered,2018-04-09 17:06:14,2018-04-09 17:15:23,2018-04-10 22:27:30,2018-04-18 12:54:50,2018-04-25,8e718ea2442aa484a58aff68f548d26c,2018-04-09
e86dc64373eaaf9fc1d9d58bfce38f2f,98e08f2301967f4d4cac5614b75f9a9a,delivered,2018-05-06 19:36:43,2018-05-07 09:56:02,2018-05-07 15:18:00,2018-05-17 18:58:21,2018-05-29,477e9e4b4f7a9951dc2ae220b507f308,2018-05-06
f52a5a508f96400a02ab7d6dd3d73146,9050371aaf6e57515b2583acd99c9bb6,delivered,2018-07-04 21:50:13,2018-07-06 02:51:02,2018-07-09 15:01:00,2018-07-13 17:38:42,2018-07-26,fb4a4bda0d99a11f1f638aa36160d07f,2018-07-04
f3e570ba9e30db24f84865ef376caee2,188acd386830da7fc072da72230cd04a,delivered,2018-03-14 19:30:09,2018-03-16 03:50:09,2018-03-16 17:55:50,2018-03-27 10:06:36,2018-04-05,e5825c40f3a4fad42a6e3aa22cca66cc,2018-03-14
e104196e46cab854b8dc6f0beaa84d13,bbda0e5e83ba89d0dedc459cb1181670,delivered,2017-05-12 08:59:52,2017-05-12 09:10:15,2017-05-15 09:45:53,2017-05-25 13:03:24,2017-06-13,7e91ec540af718ab375b1d13271e9543,2017-05-12
653c9c1e34a477a23a4577b8682f4746,7c970ed3afc2cc695e6b4ca38954bef8,delivered,2018-05-14 18:11:14,2018-05-14 18:37:29,2018-05-15 16:22:00,2018-05-18 13:42:18,2018-05-28,58e51c87c3ec742b03d5cee5e49dd664,2018-05-14
31069757739ee9a464caa583f8c98fbf,bd58622db04785254b864cb9025f900f,delivered,2017-05-21 19:07:46,2017-05-23 04:22:44,2017-05-25 08:45:52,2017-06-05 14:07:58,2017-06-16,e75ae2755c9f690e4a258de2ed2fdfe4,2017-05-21
45e00abea326ffad82887cb48faf12b9,7ce2416c6e9a2d16b45d4cd192984d33,delivered,2017-08-18 12:01:05,2017-08-18 12:25:10,2017-08-21 14:14:01,2017-08-28 22:59:58,2017-09-12,78b5cbc4b9ad61445b6609593addca37,2017-08-18
aab611fa596695caf1f68f6396c03e3e,0c8acd798290a82a8dbdebccdee32859,delivered,2018-07-06 08:35:06,2018-07-10 04:25:18,2018-07-17 15:15:00,2018-07-24 19:28:46,2018-08-20,c163be7ad5ef5d370df6ac321b7bcb56,2018-07-06
7bfa112c445700297e25c7185c56b4ed,b84c196cabc8cf2fcc056696b4331a3d,delivered,2017-06-01 20:51:39,2017-06-01 21:02:49,2017-06-02 14:29:51,2017-06-06 11:00:22,2017-06-14,0dc3eaf24cf75264162133014bf17419,2017-06-01
147074da5c33b8ae783b73d181b9f141,d9368da1704624dbf1523c1fd9b8a487,delivered,2017-04-22 16:27:13,2017-04-22 16:41:28,2017-04-24 09:52:14,2017-05-04 15:57:02,2017-05-24,7afea6fbe5b4e7d3e2acbdc1c0dd3696,2017-04-22
739409a92249367522a31eb8ee6161b8,c40f158d06c86288d0d3f32b2984a1b9,delivered,2017-08-01 20:18:00,2017-08-03 03:05:47,2017-08-10 20:27:57,2017-08-17 17:21:54,2017-08-31,3e56f3ccde79acce2b93147d3232e3ea,2017-08-01
d6f2337b7df53866592eb81ac57cdf74,b45ccf2d0ce0106a433bae91a7a42d56,delivered,2018-01-04 19:59:45,2018-01-04 20:31:46,2018-01-05 22:26:55,2018-01-08 20:22:41,2018-01-22,44859cf48c8a8c5de12460df1a984dab,2018-01-04
9eddcb9c8cbfd8719bbc6b147ef32735,ba11fbc3a42907d4018c0dee4ea35969,delivered,2017-02-04 12:28:55,2017-02-05 12:42:18,2017-02-06 15:06:21,2017-02-20 15:45:36,2017-03-15,aafed3abb41b7e9ad488bc8b2b7b76e0,2017-02-04
f49051d4b155a83c8d939a1c6a850689,cccbf26e7e7e5fa2fb575a7bc98f1638,delivered,2017-09-08 16:38:41,2017-09-09 04:55:12,2017-09-12 19:29:38,2017-09-19 10:27:58,2017-09-26,b232059ba149ab19dc8cc9da42d37840,2017-09-08
f13f9687a8bac6985d50487fb92000ba,aa66f828ef59ba66ecb3c9a146845632,canceled,2017-11-15 10:07:27,2017-11-15 10:27:05,,,2017-12-05,743d8ab0e2ea831f17a024125530ac8e,2017-11-15
f9fe6e11e33871e71f921d5051e72bb4,c2f18647725395af4ad8cb9d34ff1287,delivered,2018-03-06 19:21:47,2018-03-06 19:35:28,2018-03-07 19:22:58,2018-03-17 17:08:21,2018-03-29,873e4275daabf5ab6eff5331277244a4,2018-03-06
81e10459552608b938a594dc56164d41,d31954b2b197f356ff150102558df16b,delivered,2017-08-14 19:37:24,2017-08-14 20:10:11,2017-08-16 23:00:00,2017-08-24 15:35:12,2017-09-01,1a30fcc47d99534662ce3b364f279749,2017-08-14
fcbf4f4ef049367f9f85af94ed3b6010,814d433efda6ac4b0859b5a71aac64c8,delivered,2018-04-20 15:11:15,2018-04-24 18:41:20,2018-04-23 21:58:45,2018-04-24 14:03:28,2018-04-30,a4312240c4796f6045b2cc574b5afb2b,2018-04-20
e4af24dd6ee24be6d64c1adbd58819bb,44b90241722cab2d72afcccb730cf95c,delivered,2018-03-12 04:31:35,2018-03-12 04:47:40,2018-03-15 00:32:52,2018-04-09 15:34:48,2018-04-17,afc77e03c590ad904a558c770cb31429,2018-03-12
e6135c8e8606487b103a6835a5c429ff,eb8fa9d9b120b9368060017e95e085c6,delivered,2017-12-08 20:17:30,2017-12-08 20:30:57,2017-12-12 23:53:16,2017-12-28 20:34:20,2018-01-09,f2338b63241a7ff941080e0d5e4b4b80,2017-12-08
ac1de8fa694be661c516f1df6cd72a24,57df8c99c1858dc00e611b7b7e852af6,delivered,2018-02-19 08:22:23,2018-02-20 07:15:50,2018-02-26 16:42:59,2018-03-26 22:26:35,2018-03-09,8230e3a4f90966341dec1a7b544e6cac,2018-02-19
3f8dc90a470531b954d9b654e20c58af,2b034f3bb93bc729a85f9d5686c8823f,delivered,2018-04-20 01:06:47,2018-04-20 07:10:52,2018-04-20 18:32:49,2018-04-24 16:44:23,2018-05-30,66868237b01ed38f971d8430f0e969cf,2018-04-20
7fb4c420f562c9688616031ba49bab84,df8b058faf864132d547af9104fed550,delivered,2018-04-05 18:59:17,2018-04-05 19:15:12,2018-04-06 23:28:38,2018-04-09 22:19:06,2018-04-20,22281fffb7e3bd0e2439cc5cdf080bdc,2018-04-05
a0f1cfe022b258680874da1d07e70f43,1f8b48fc13156bee025e08a474a6a4ed,delivered,2018-01-27 11:02:20,2018-01-27 11:16:15,2018-01-30 22:38:56,2018-02-15 20:58:47,2018-02-23,7de1cc0263e24767747294ef0d72db91,2018-01-27
0654d38aef9f16500a4d8f635dde87f9,ad16e4d1da8efe9f51626cc703441dab,delivered,2018-04-05 17:05:05,2018-04-05 17:29:47,2018-04-06 21:50:21,2018-04-09 20:42:38,2018-04-17,a170267b2c94d6784386cdf7c918e975,2018-04-05
9eb250f89f6131900dc80bf8e8389de7,ef4f37ee160ed949a107346ae50458c9,delivered,2017-07-16 21:37:05,2017-07-16 21:50:16,2017-07-18 13:03:46,2017-07-21 17:39:26,2017-08-04,917b87db8d919a371b8bc30c6ba49cfc,2017-07-16
787948cceabfd5a5dfde3e8d693e0303,c2b0ab58b7187c26170b62adcb523f87,delivered,2017-11-05 12:08:40,2017-11-05 12:26:22,2017-11-07 10:36:56,2017-12-04 23:48:40,2017-12-19,473ccd2f03685490c92e20a120aa7dba,2017-11-05
e5535466d23681cc97013097a0644150,10d2967d139449709e9f095b22b0f1d0,delivered,2017-12-13 16:02:41,2017-12-15 13:15:29,2017-12-18 16:14:38,2018-01-24 17:22:31,2018-01-15,ef27ccb46b9ea8056a968d34a0b03374,2017-12-13
0517f595d01e0c246ac759a754c6ca64,7e393e5538c26c13c74bb6fc603a59a8,delivered,2017-10-15 16:32:38,2017-10-15 17:08:39,2017-10-17 16:42:19,2017-10-25 18:00:04,2017-11-06,3cc92975e4a97b25ed9b2bdb3b0f8d59,2017-10-15
eeae538503aa251c060d45ea2ef3fefa,15f0adc33fb9e61d4ff29df6a0768870,delivered,2018-06-23 22:04:10,2018-06-23 22:18:46,2018-06-25 13:34:00,2018-06-29 14:22:00,2018-07-19,085f3dcb899070b8cecfe4de3b2387ec,2018-06-23
415b8ac19f5bc8c2f9796aebb5f4b84a,e5185a1a40478261515279df8ae25a9c,delivered,2017-07-28 22:02:32,2017-07-28 22:15:11,2017-08-01 16:37:26,2017-08-09 21:10:23,2017-08-23,c08a07cde4be8191214bc4ad34aad841,2017-07-28
55818ca5e8e590285938c49fccd72eef,c8de9687416bd884c7269415458ef1c8,delivered,2018-08-06 09:14:27,2018-08-06 09:30:10,2018-08-10 14:05:00,2018-08-13 14:22:57,2018-08-13,c2eabf7aaa6b49825b31d8e2df1de89e,2018-08-06
8e100ba7b7ce91f61675892a783c1017,d15aeb0e3ad60d4aedbb5b87e98154d0,delivered,2018-01-08 21:06:28,2018-01-08 21:18:30,2018-01-09 23:33:47,2018-01-15 14:04:19,2018-02-05,69d4c7c91236b1e5b290cb7f5b94360c,2018-01-08
1384e3bb7bc8ba5a462fa5845a062927,551f0a2f444b08c3232d382026e054f1,delivered,2017-08-07 07:10:14,2017-08-07 07:25:07,2017-08-07 18:33:02,2017-08-10 17:42:10,2017-08-18,47dbd7199cc9b1133961053575b4e82a,2017-08-07
8e7d1676080ba7cfedefb6f056abf4cf,3451eab46fcf247fa3d16b691855dfce,delivered,2017-11-25 00:50:18,2017-11-28 03:33:47,2017-12-08 22:41:29,2017-12-13 19:04:46,2017-12-14,09653b89f92891bace47a09b17e7f0d5,2017-11-25
be72c04d946d396d2383f4fd49a4f19f,8014a34d9ec8a6f03af220e2bbdc522d,delivered,2018-08-13 10:16:55,2018-08-14 10:15:17,2018-08-14 13:26:00,2018-08-28 18:08:22,2018-08-31,96dc025f710c62b2f8eddda55120c04c,2018-08-13
805ff37179bd287d2eddbd15fa7fe901,897b42a91c4c99a830882d3470ecbb5f,delivered,2017-11-27 17:18:33,2017-11-27 17:30:26,2017-11-30 17:35:08,2017-12-17 17:19:44,2017-12-22,fbcafae33b8ac7b85dcbb5ff0cad932e,2017-11-27
3c952cb06605958c5ca2fc2d28f2c8c4,30e4344ec0ec69a326ec3526aa56ef55,delivered,2017-04-26 14:30:03,2017-04-26 14:42:14,2017-04-26 15:34:23,2017-05-05 11:42:18,2017-05-17,9426e18d6a769d72a66f2e6299a03d8b,2017-04-26
ba16a6de753feb4dc0a6716cc3ddf951,2f2b6326403a1044d7c1c951fa3867f0,delivered,2018-02-10 18:19:59,2018-02-10 18:30:25,2018-02-14 20:15:52,2018-03-08 13:27:33,2018-03-23,f728be7f9d69b14f9d1673a016184b1a,2018-02-10
079f16689c29acb6cab92978e6af2137,8b6fcc7c89c9bbdd8e5e47e35fb13f53,delivered,2018-05-09 18:01:29,2018-05-09 18:15:13,2018-05-10 12:07:00,2018-05-26 16:54:30,2018-05-30,afdf6bba7bebb1b304027a7d34c3a529,2018-05-09
c69eeadb2be025a8483b632013bb0788,9325bd8f287bc8d05e0014710eb16884,delivered,2018-07-26 13:33:22,2018-07-28 03:35:19,2018-07-30 10:08:00,2018-08-09 15:19:38,2018-08-17,064061cc62ae63f003a21741850d1fad,2018-07-26
b27e6ded1257b2ab223eeec083d9874b,058d7c7ab33903fc3c77e61d78c7721e,delivered,2018-02-09 16:09:24,2018-02-09 18:55:24,2018-02-14 18:45:16,2018-02-20 02:18:33,2018-02-23,f09d3d303333f7f9611bce2f97e47582,2018-02-09
b7c92b52380e90147a144b28154ef33b,08a1e1dc736d953d1deb2bcf41ceaa3e,delivered,2018-01-05 10:41:37,2018-01-05 10:48:23,2018-01-09 19:25:12,2018-01-13 12:54:35,2018-01-31,7a0b401bcff6a4bb3a2c51c3d6929410,2018-01-05
49153487110cdea2e59215a536aff73b,d3ae786645024e1af98082774cdf5a26,delivered,2018-01-30 19:41:32,2018-01-30 19:55:31,2018-02-01 19:20:37,2018-02-07 23:47:30,2018-03-01,317976b82ac3e3e131f2ea236e6a7b17,2018-01-30
406e7d5f44dce0761a29b6a22889a98c,02d274e6844e27614c6ecffbc7b8c7ab,delivered,2018-05-04 21:06:29,2018-05-08 04:55:37,2018-05-08 13:48:00,2018-05-17 15:12:41,2018-06-01,675b17ac4da7e93fb1728c7b2bd5e1d7,2018-05-04
660a8ca012d4806b05c2a9b705570f62,6f728d2ab5c661f6b32499e7e1bd3261,delivered,2018-03-29 10:25:37,2018-03-30 03:15:51,2018-04-02 17:37:53,2018-04-19 21:34:29,2018-05-08,f7ad5ddb0d54b8a43542a2688c250398,2018-03-29
773b2db33c7a199314137bed5c5a25a7,c1721aef018416169d2775808130c68a,delivered,2018-08-09 23:19:46,2018-08-11 02:50:18,2018-08-13 17:20:00,2018-08-15 17:19:36,2018-08-17,5e11d75692add978f3a35d2ce9dee416,2018-08-09
17716d2598d1d7f7ed16fa9f05ab2f61,adab95e6495905a75cb6945011a6417f,delivered,2018-06-01 22:05:28,2018-06-02 19:50:27,2018-06-04 13:44:00,2018-06-18 15:23:01,2018-07-13,86402f64755f8805a2ba95b2b2a29471,2018-06-01
a16372372eabf56cefaac3bd69b35209,e77fea51329c9fcdefd5b74f3fdcef87,delivered,2017-10-12 20:40:23,2017-10-12 20:49:35,2017-10-17 19:13:07,2017-10-23 16:13:48,2017-11-06,c578d892c169e05368ff880f70f007a8,2017-10-12
fc84efe54b1182d71cf7b02d2d5828f5,330989af7d5c5513d373c383869f69ad,delivered,2017-10-10 19:07:55,2017-10-10 19:28:47,2017-10-17 16:03:41,2017-10-20 21:51:50,2017-10-30,61ffb1cf1b889fb5d66b8527b9b12d3e,2017-10-10
c98c0d54162f552567aae1af36d539b4,89aa7396c7f7694560cf328e9f46369c,delivered,2018-08-15 11:25:10,2018-08-15 11:44:05,2018-08-15 13:45:00,2018-08-28 00:21:58,2018-09-18,a2d2201f14b81eb836de9fef6d305311,2018-08-15
a853cdd8003fb8372f09eefdb15720f8,ad145ce80d256cb7234084bd8c76a335,delivered,2018-05-25 16:38:14,2018-05-25 17:38:30,2018-05-28 13:37:00,2018-06-06 15:32:35,2018-06-28,c02c6d51253cabefd33f927d7f943ea7,2018-05-25
ab001f825765f185062e85eaebc010b5,8168b5079d6ea023893d64ff63f7c4c7,delivered,2018-06-20 18:49:28,2018-06-20 19:18:49,2018-06-21 15:10:00,2018-06-22 15:46:38,2018-07-03,d8cc2308f3165af44778e8eaf94e4b7b,2018-06-20
044e7b17d9488e54fc8417df5289f503,a3255cad9ee6596f7c31004ce0b769df,delivered,2018-04-18 17:36:24,2018-04-20 07:15:22,2018-04-20 23:05:30,2018-04-25 22:38:32,2018-05-16,3a1c15917afe0356607d2b4c547f74ed,2018-04-18
57dc71776356b30418cf133f68678b44,58d11cdb235f26b32a45a4615ff1950e,delivered,2018-04-03 00:44:17,2018-04-03 01:10:13,2018-04-04 17:07:16,2018-04-09 23:29:38,2018-04-23,9005fcc94dfc5549a00761abe430be1e,2018-04-03
ee24dc874cf2cb44acd098173b7ff240,255f6fe0da9d281431dd4fcce29b46ec,delivered,2018-07-11 11:44:54,2018-07-11 12:06:18,2018-07-12 13:47:00,2018-08-07 00:33:15,2018-07-27,45c0d522920cfbdd48e94222e39d85d0,2018-07-11
5b3e420db4439e252b47a3841bd5f6c3,7730e8d98b2980e26a769438d611dca6,delivered,2017-06-26 12:45:01,2017-06-28 02:44:06,2017-06-28 16:14:13,2017-07-12 19:32:28,2017-08-02,ea1947a4be9e1ed671746c755962f4a6,2017-06-26
1a5fdd1338ab8d42e2bdfb83dbb7b9c4,8c11c3b52e4a57398bfe1c249a4549e3,delivered,2018-08-19 22:46:19,2018-08-20 13:49:41,2018-08-23 14:30:00,2018-08-24 20:30:42,2018-09-28,00f326313b0a02392c17028f78338df0,2018-08-19
e22702acb3b635834712d8359ab1e2d9,ff8b236f65cf25e1e02ee286a201b3c3,delivered,2018-02-19 23:21:47,2018-02-20 00:26:53,2018-03-02 21:26:38,2018-03-05 20:14:04,2018-03-19,22a558c4f5978d940612c8662acec9dc,2018-02-19
5f7fcba7792c39066e8479dea103be91,63f798bfe1116c4b855132edd9f87b3a,delivered,2018-06-06 18:31:37,2018-06-06 18:52:41,2018-06-13 11:13:00,2018-06-19 18:18:46,2018-07-24,e74f77ff1fc653fe5ce9ca3f87f41704,2018-06-06
87a0cbc974ca0e017a65daacd3b3e2d6,ded400422478045ec5a02071abaae1c1,delivered,2018-02-06 10:27:21,2018-02-06 10:35:46,2018-02-07 19:04:41,2018-02-09 15:48:55,2018-02-22,14313c31a3be82e11c059f99104364a3,2018-02-06
a383762bd79949e1b34878460042cd23,e6cf45b6775e86a43908d40341b3d53d,delivered,2018-03-31 21:18:49,2018-03-31 21:35:09,2018-04-04 00:34:26,2018-04-21 01:38:20,2018-04-20,35ecdf6858edc6427223b64804cf028e,2018-03-31
731c835328ddd81b1be1e0a997909b94,59b7594e814e06b262b29d914b75684f,delivered,2017-09-12 19:43:19,2017-09-13 03:25:54,2017-09-13 15:22:39,2017-10-04 22:23:52,2017-10-06,706cdc310c7f626d1d2bc95c396202e5,2017-09-12
09ea9ef172f36e86256bde78e5aadd66,0b3a8bc8ff126326a4c6bbc3a6cd8589,delivered,2017-12-06 12:49:00,2017-12-07 17:32:59,2017-12-08 20:03:47,2017-12-20 15:07:29,2018-01-11,77ad9224083ef77343443cf772b6a872,2017-12-06
dae095a3efbcc51f73f9a75181008850,154bafc6afb65baa7346ffc19d8830c6,delivered,2017-08-15 11:45:13,2017-08-16 03:15:30,2017-08-16 19:07:58,2017-08-21 17:05:18,2017-09-04,21619987263ff10949feb34da063e724,2017-08-15
95f621764d58ab2736abbffb39a183da,ee04dd46d48e1dffe76ca651a89bd83e,delivered,2018-04-02 23:17:12,2018-04-02 23:28:08,2018-04-04 18:32:42,2018-04-18 01:52:31,2018-04-23,eef5c6fff0c62a0103b68d79ae1c90d7,2018-04-02
67a0536ff5532b7d6ed0c62f8a3a5ccd,c7ddfdbcbdfbbbd617f4001c7fc222ec,delivered,2018-07-11 15:50:00,2018-07-11 16:06:23,2018-07-13 16:41:00,2018-07-20 22:42:47,2018-08-01,42e566f7eb7e1bacd7e0eecccb4bebb3,2018-07-11
f11fbb27b667b259485343a1ad29b609,572973ca7b77562d79dc98594498372b,delivered,2017-06-10 15:31:35,2017-06-10 15:45:13,2017-06-12 14:27:54,2017-06-27 14:05:46,2017-07-07,440abba9b16bd826fc233c028d964865,2017-06-10
9c89421a3099d6b66cb2df1d2f1d3dab,f0688a7a0aa2400361ea273a4872db2d,delivered,2018-03-11 20:52:18,2018-03-11 21:05:40,2018-03-14 18:42:31,2018-03-15 19:27:36,2018-03-22,2dbad1ecf3e38836eacff9531adc5b4a,2018-03-11
c17d3d6c480b09300d8daa2eb502d060,1a38f871a4976b1f3b8f9bcf74a70880,delivered,2018-06-20 19:30:58,2018-06-20 19:58:01,2018-06-26 16:52:00,2018-07-11 18:40:59,2018-07-17,9b317470f896778b506d35f71b84a528,2018-06-20
58a47bb27cce840d07a8f8b1885eda2c,c52bab05914333612e4a4369a0d41237,delivered,2017-11-24 16:33:16,2017-11-24 20:32:47,2017-11-30 01:24:38,2017-12-11 21:09:34,2017-12-27,feabf8e40d1e2502099e33c9319f4b7d,2017-11-24
ca03e4a81e799aa7d57d3c2c3401319e,72f98f3871a3a422ba1f8dd5670a6232,delivered,2018-01-22 11:43:20,2018-01-22 14:22:53,2018-01-23 19:27:15,2018-01-26 18:48:37,2018-02-06,458218daf386ea24fd0e63e5dd601956,2018-01-22
62942803c1be12d1fd2f0365690bf6bb,43b319fef4cdab9d509d63f048be59f8,delivered,2018-04-24 13:59:09,2018-04-24 17:53:33,2018-04-30 13:54:00,2018-05-09 19:19:19,2018-05-22,4b98afe6b4f548b39cc637b8a9f4ce55,2018-04-24
57cd49d9c9567c5ef10439c81f9a1836,afabf3402c99e06da0fa8bf433929d5f,delivered,2018-07-18 17:56:25,2018-07-18 18:05:21,2018-07-19 13:01:00,2018-07-21 13:12:25,2018-07-26,b277f691da352faf9a7efb5fdb28ee86,2018-07-18
f706fdf8e9c42f5d6c0996cd82684c16,5a6cc3894184f42db83284c7ff6914c7,delivered,2017-12-15 03:28:57,2017-12-16 15:57:22,2017-12-19 23:04:48,2018-01-05 16:36:00,2018-01-17,6647ebf979c73cefae2d0cd5ff3356ab,2017-12-15
22216fb7efde2d52865d1d84d9ed5702,81960f733a0385ff7daa37152eab8e2c,delivered,2017-12-28 14:57:44,2017-12-28 15:07:19,2018-01-02 22:39:56,2018-01-04 19:40:25,2018-01-23,c3ffb1dc24bccda32375d3953f3a609e,2017-12-28
5c23ae4442fc127a8201b2405bc97d9c,a26fe43b2f7f0f2baf12a881ced45d66,delivered,2018-08-16 22:39:23,2018-08-16 22:50:14,2018-08-17 15:28:00,2018-08-22 14:40:55,2018-08-29,eba66367d1ba25bb9b96b35f534f8d3c,2018-08-16
135a10bfc997f41bdc3ce54ba8664ae5,613cf5df9d46095fa2a33ad27cedff73,delivered,2017-12-12 19:40:02,2017-12-12 19:50:18,2017-12-13 18:49:06,2017-12-17 14:42:23,2018-01-08,a929fd5ea83b797590cab6496b5b17c2,2017-12-12
a2c3c6ce5f0221dc64454e0580522784,02b3a4bc391b7e1d2c99c46f9dbc4db9,shipped,2018-07-08 18:13:34,2018-07-10 04:35:20,2018-07-10 14:41:00,,2018-07-31,78d38fb2a4246018a3ec3334f2f8eb5d,2018-07-08
320eb048096c018a52cf175bb6630898,a3b2123ace561fa7e65d08ebfea6c819,delivered,2017-10-09 23:01:05,2017-10-09 23:14:40,2017-10-10 20:52:36,2017-11-07 20:34:52,2017-11-10,0f3d12245bf5712b4a23fc096f468c6c,2017-10-09
1cc21285010bbdedb27bdf5995367df5,c8271bb8b445bff7d05f359714f06763,delivered,2018-05-07 20:06:49,2018-05-08 04:14:50,2018-05-08 14:21:00,2018-05-14 19:40:01,2018-06-19,43e153a2e8f22e54e3c59a6555bce16d,2018-05-07
da726e4e14776093627536acd474872c,1da9586891399ca90804d9a95edcfb70,delivered,2017-07-20 17:17:04,2017-07-20 17:32:59,2017-07-21 17:42:22,2017-07-31 18:45:52,2017-08-15,4af1367c744d81f5ebeb42a41b2ebb78,2017-07-20
119d2d80c921d5b4806a1b19b4e8c531,e15daad9efaafb0d4d10043c9ca77e7b,delivered,2016-10-07 19:02:48,2016-10-07 19:29:12,2016-10-11 19:29:13,2016-10-14 19:29:13,2016-12-01,a1b3368fc2fbaee34a19608fc1eb4a4b,2016-10-07
fb19e93bf66262ee2d56d98609f48868,7bd0b92f056560a4e3addf53161545db,delivered,2017-12-10 18:55:35,2017-12-10 19:10:12,2017-12-14 14:38:39,2017-12-29 19:06:15,2018-01-09,a441c62f6e089a64c94e97736eecd112,2017-12-10
e3c2135c38233042e0bfa35a97882582,90bfdc2f88cc435b7a16812d26984214,delivered,2018-01-17 22:10:43,2018-01-17 22:19:35,2018-01-23 10:38:45,2018-02-19 13:09:16,2018-02-19,4de57ea3234dcc6fed4cda27058b9572,2018-01-17
09b9b2b8758ca1fd4a9bcd3f2af6fb10,4df51d3db5710b8e9f26958d04065d67,delivered,2017-11-09 20:16:38,2017-11-10 20:30:27,2017-11-14 14:24:50,2017-11-28 16:23:34,2017-12-05,ec577f971174c3d33620f2c1fdc78a33,2017-11-09
9995c46c464a830dccd8575857f9472c,62c022825499b4986512cd20f2f28419,delivered,2018-02-14 10:46:20,2018-02-14 11:50:30,2018-02-16 02:18:30,2018-02-21 04:17:44,2018-03-01,b5a8c7691bda8ff9d5d8a0cb204809e9,2018-02-14
a138937aa3e8370a29b43014b9dac5ea,2c032031470d729f0d39269f7ddeea0a,delivered,2017-11-24 14:24:18,2017-11-24 16:33:49,2017-11-27 23:23:16,2017-12-05 18:17:01,2017-12-08,d502da9fb1b1b2cd4dd9071978a38fa6,2017-11-24
b753953aa026ea44872473a3fa57c576,7407107aab79b2f2f2ab0bdc68c948b4,delivered,2017-07-29 11:24:55,2017-07-29 11:43:29,2017-07-31 18:39:04,2017-08-04 13:42:14,2017-08-23,a4bc21b8b891ab1a89425cf162561eec,2017-07-29
644fa2355020340eaa627c83e17eee27,181d85c587921142b36f4e1546d35102,delivered,2017-11-20 23:42:30,2017-11-20 23:49:34,2017-11-21 20:33:30,2017-11-28 00:03:53,2017-12-11,9e823cb684444e4ff997099a6c110539,2017-11-20
cdaf5a7fe3c5eba30ef0cc6b9c1913dc,9e11a6e0ddedc8a1e7e8a69c25a16ae3,delivered,2017-07-06 02:30:19,2017-07-07 08:25:11,2017-07-07 16:59:42,2017-08-01 19:54:33,2017-08-09,31c249914869457aeb651e2ac3d666d8,2017-07-06
53e47f7fef72225bb63f3618e3301f15,1a3604da5f3df07bf34888beea7ed6f9,delivered,2018-01-20 12:10:35,2018-01-22 13:47:58,2018-01-23 17:28:43,2018-02-20 01:43:17,2018-02-14,9d2e1aaac510c062d014a089141916f1,2018-01-20
462f1226eadb17cabaa2323b360486aa,7b514dbab8ef621b561b03831b31f9e6,delivered,2018-03-03 16:14:37,2018-03-05 08:08:28,2018-03-06 20:56:33,2018-03-21 17:06:36,2018-04-02,bf1241eb66a008f5229590a2d9042f72,2018-03-03
b77521536083d321e2947f3258b0a5c2,eda5e7707113194c9fd748da39c4e825,delivered,2018-01-30 10:34:56,2018-01-30 11:11:00,2018-01-31 21:24:53,2018-02-09 00:32:25,2018-02-21,65ecd2a980ae17b7c7714b86ae42c801,2018-01-30
cd4c36d1786821bbfe74edce3632db27,6435934b81b2d1473a7f86ef9419c2bc,delivered,2017-08-10 15:06:01,2017-08-10 15:23:44,2017-08-11 19:44:44,2017-08-25 15:47:47,2017-09-12,f69623b43c1c8cb97a436496a925cf59,2017-08-10
2a55ad6ead4d012a771ab7ec0ca683dd,18c2d8bb51c5fc01a37073a887c8b63f,delivered,2017-10-16 00:40:12,2017-10-16 00:56:12,2017-10-16 19:42:23,2017-10-18 20:34:50,2017-10-26,6a3def3d67ae4eb9861e1ede1feede8d,2017-10-16
e2b182ec1154718a19aaa02dfd8c4722,943e7d02679d01d5ec5090799081fd6e,delivered,2017-09-22 19:06:55,2017-09-26 03:28:21,2017-10-03 10:58:01,2017-10-06 22:22:18,2017-10-19,64e82f085cfe095586457ac7083ec682,2017-09-22
88111d2aacb94d5ba269e178f1994a2c,b2225b1aacd965ca328695647276ade4,delivered,2017-09-04 18:58:03,2017-09-04 19:10:11,2017-09-08 20:51:35,2017-09-13 23:12:00,2017-09-26,8b31f4c6fef5d63eae39ff3928b36d1b,2017-09-04
43a23a9a05a87ff4d46b5b18829fe9ae,cb9c54b41211784a001abd06fb239c1f,delivered,2018-06-09 20:25:20,2018-06-12 04:57:10,2018-06-15 12:56:00,2018-06-20 17:38:37,2018-07-03,b6f2686c1fd471e313ef86b3fced0f21,2018-06-09
371108e902be11a7d9b8ce66a1893241,dc6f037ff20c546f8010603b9b76ca6d,delivered,2017-12-19 15:16:07,2017-12-19 16:48:57,2017-12-27 18:35:17,2018-01-03 23:21:53,2018-01-12,3504bea0c72ad9e945b63f889702d2d4,2017-12-19
5e65f0a09d4d7bc8e34dfc8f4144bcdc,4e5443c34fc59098f461139b0e48b477,delivered,2017-05-26 00:43:27,2017-05-26 01:22:39,2017-05-30 11:35:25,2017-06-01 17:24:50,2017-06-21,39d4cc9edee2283e2a659d60699cd26c,2017-05-26
e840db297233ce8300fa3cd91c595ba6,6fdd8eba4338f9c98f8942d91cc6bbb8,delivered,2018-02-19 14:37:10,2018-02-20 07:30:48,2018-02-20 17:55:17,2018-02-27 19:07:00,2018-03-12,99a5bc8a7348c571633a6d17f3fde453,2018-02-19
34cc4617ab60d179bab731309bdd8a82,26deada61fa2c6d3fba6a016bfd0761e,delivered,2018-03-12 10:26:51,2018-03-13 04:28:22,2018-03-13 21:54:24,2018-03-17 00:34:22,2018-03-22,fd1ab9f6afcd054dae283a5453b96fee,2018-03-12
75db98736bc50273482103bbb05f7d2f,49acc665a9c9ae87119f71f788854883,delivered,2018-02-17 21:04:02,2018-02-17 21:15:29,2018-02-20 20:09:16,2018-03-05 14:13:18,2018-03-15,880abf8eb99187d4a6f3dafad7eb5d75,2018-02-17
267260b7bf82df7975cb0ef017763e02,3890984f592e84142be08d08f6c33483,delivered,2018-08-15 20:43:17,2018-08-16 03:10:14,2018-08-16 08:26:00,2018-08-22 21:21:58,2018-09-05,3b254238e0a4cea26623d3fe60059cd2,2018-08-15
7b103f0841bda2b0b9e208b7840a762c,8ee3fd6fd24dd4a5a53bd6127af30d2c,delivered,2018-04-12 11:15:03,2018-04-13 12:55:45,2018-04-19 21:03:43,2018-05-07 16:59:12,2018-05-02,c8babdfe577a3902d104ec0dfbacda05,2018-04-12
5dc1b2e0f095ca11805bf922de55eb4f,b41e69741bd21af93a54f30ecda093f1,delivered,2018-04-27 08:43:15,2018-04-27 08:55:29,2018-05-02 12:01:00,2018-05-08 19:12:31,2018-05-22,6d0ed1acde6c7f61c37b82bb7117c57d,2018-04-27
18995da0f41134f344ebeb2e97965d2d,feb2fb674b5b45151ac0b7a79694650a,delivered,2018-08-28 11:51:45,2018-08-28 12:05:21,2018-08-28 14:35:00,2018-08-29 15:54:46,2018-09-03,85433b79199eaa164656369cc4fe3e0a,2018-08-28
e75bd2f9adb46257d65d9e916355326a,a5757008de590f9d9686fb610cd8f48c,delivered,2017-11-06 18:28:39,2017-11-07 03:31:08,2017-11-07 19:44:52,2017-11-24 23:38:45,2017-12-01,cdb1c37a2495de449b7967018ccec0bd,2017-11-06
88afc72ed244948d6e29e7458db590b7,7895438ecd36a2f65b03b2be35b02e19,delivered,2018-06-26 22:13:56,2018-06-26 22:47:57,2018-06-28 13:51:00,2018-07-14 00:32:31,2018-08-13,c53225b348ac101bb040148d38746fc1,2018-06-26
19638eaf909ee58b9c2e68fcbe112d11,a604311066ce6dfd1912532a2b7266d2,delivered,2018-02-24 14:37:03,2018-02-24 14:50:24,2018-02-26 20:38:27,2018-03-13 19:03:49,2018-03-20,d0b8989fb68befcfc5bd56f9e334bab4,2018-02-24
481d934c1cc864cf6439c46deb8aeb48,ac98eb95f06adc4945cd68f632b10f3b,delivered,2017-12-18 10:06:31,2017-12-19 09:10:53,2017-12-22 23:08:57,2018-01-08 16:03:28,2018-01-17,b18f9071e6ea999b7aa98bb820f0016c,2017-12-18
f3ae2fe3a1567acd0f43f0c75a07edd7,faf87906fb8802a80785bb04380c7608,delivered,2018-07-15 16:54:11,2018-07-15 17:05:14,2018-07-26 11:05:00,2018-07-31 23:34:45,2018-08-09,46c39f459f31460d361db4ccc6d6fa52,2018-07-15
6902085f87f26d8b456a15744f9f02be,08275aa40053e112fa7e680aa99534c6,delivered,2017-08-06 14:12:45,2017-08-06 14:25:08,2017-08-07 17:03:31,2017-08-11 18:57:54,2017-08-29,747743aa5477ea1a11180b5da2e36ce7,2017-08-06
ed8057e84e86b05fc9bf67d7c6657881,366dfea050fe0b5bf7476a1f7a4800c3,delivered,2018-02-12 18:28:06,2018-02-12 18:47:44,2018-02-21 23:38:05,2018-03-02 18:08:29,2018-03-06,1aa892d3fa2e63dfed8e8a81ad663a16,2018-02-12
f54d24153f5e05580fcdc548bc1d1e89,648ecb9be0fd9c0cdb6a1de83902df8c,delivered,2017-11-28 07:03:14,2017-11-28 07:16:30,2017-11-28 17:22:52,2017-12-05 21:37:56,2017-12-28,4bb19292b953753e20013a442f89b518,2017-11-28
5a1f6d22f7dfb061ef29216b9af687a1,4c7ef01bf8ed05e43a5e9e44bb08358e,delivered,2017-09-01 23:13:57,2017-09-01 23:25:09,2017-09-06 23:42:08,2017-09-13 21:17:32,2017-09-20,5986b5f70bf08b414d16a93ac5b1d76c,2017-09-01
648452a05889f314b2b625e34ebb05ed,a79d2f343996d352be1fc80d9b79dd3b,delivered,2017-09-06 18:26:47,2017-09-06 18:43:55,2017-09-11 19:43:21,2017-09-18 15:24:00,2017-09-26,ac73a055ee14753b14b49a26db9dc7d9,2017-09-06
8a3d5a19acc2106e0567b04a904c8726,faa4dc1c729a9a87aee1a095825fb209,delivered,2017-08-05 17:41:52,2017-08-05 17:55:17,2017-08-07 20:33:01,2017-08-17 17:12:01,2017-09-06,c64dcfa2676cb6f52fe2118f47945d79,2017-08-05
a3e07c6b717e74f8c384d148d7903e66,0c8f204b82c7f4baf4e6f909251663b3,delivered,2017-04-10 16:26:41,2017-04-10 16:42:23,2017-04-12 06:33:03,2017-04-19 17:08:13,2017-05-02,6fb1f95db49889a35b454b93cfa9e259,2017-04-10
963b30eb819d6ba60329a7510e4e3d0c,d0bfdabf0d3b06ca689c5eb518a794b1,delivered,2017-07-23 14:34:00,2017-07-23 14:45:20,2017-07-28 20:32:46,2017-08-04 19:15:35,2017-08-15,7b48f3063678a03fac6410d127a49277,2017-07-23
c47bf9883e12788ab8dfb2b4e85a0c4d,13b417898111b3c211f0646cf5d59d6f,delivered,2017-11-28 15:01:58,2017-11-28 15:19:13,2017-11-30 20:37:58,2017-12-02 15:29:57,2017-12-12,955435621c6d60c448485988349b7522,2017-11-28
68ba0b1bfcbf8d877ba255499b0853cb,603583f5202f4702d8d3b5449c17b420,delivered,2018-05-21 10:49:37,2018-05-21 15:32:09,2018-05-22 14:15:00,2018-06-04 16:43:27,2018-06-08,c9aa0996870732db5ac17997ef1a8330,2018-05-21
07df89d2b7c5f2d12c3eb2a3ebbe66af,2c44ad3fbb48ae0365b9479459d7fd86,delivered,2018-05-05 22:53:18,2018-05-05 23:10:34,2018-05-07 15:22:00,2018-05-11 00:21:45,2018-05-21,95ca7408dab85fcd5d1ead0dff351b6a,2018-05-05
6b24fdfdcbca62d19e7fa83f37af2fb7,ab281471816d84ca98080ba017e6c357,delivered,2018-01-30 14:20:49,2018-01-30 14:35:36,2018-02-01 18:43:08,2018-02-08 21:07:37,2018-02-26,db42d4def623c5f48579124a0e969e9c,2018-01-30
821e765f0bcdbdc5e6769985ddc5875b,05b7d2db0e6f42afea1969d78034d011,delivered,2017-03-10 11:52:07,2017-03-10 11:52:07,2017-03-10 13:44:50,2017-03-17 08:24:56,2017-03-31,6ccb9923d5e1fa1cc38ad45ee816e48a,2017-03-10
27514cbe332c571eb956e898a4619386,3a973aed0757ab43c195793c4c756f6b,delivered,2018-01-24 12:47:20,2018-01-24 15:16:13,2018-01-29 18:29:28,2018-02-15 22:58:45,2018-02-19,bb639133b3e1a03c5f3b221c80a414db,2018-01-24
b1e83bde070451496ba3df43f63e4a3c,30b7231d7aa4ce41b31274390cf9887e,delivered,2018-01-17 18:32:48,2018-01-17 18:51:03,2018-01-18 20:24:26,2018-01-24 15:10:21,2018-02-01,683f63741765180e91d147d412458405,2018-01-17
33c0d343b2faf7ebeb298755980009eb,bad57fa21fe32c73f5f5a0e59de2929d,delivered,2018-01-23 20:30:46,2018-01-23 20:53:49,2018-01-25 20:44:00,2018-01-29 13:59:38,2018-02-07,988213615ddf70c848904b3885619b2f,2018-01-23
1840fa1d0c7c4591e8471896f49ea857,a1c00d1f5bbd477dc5673c9407bf76cb,delivered,2018-08-21 10:12:06,2018-08-21 10:51:40,2018-08-22 13:23:00,2018-08-24 20:47:26,2018-08-27,9eac7b2b9a7ba680511b56a575ce250f,2018-08-21
aeefcf3435f9cc6db2c0b8019f17ca7f,7fea5a5b6c185dd2949e3bb124f9a9bf,delivered,2018-03-23 18:15:49,2018-03-23 18:30:42,2018-03-26 14:33:22,2018-03-27 18:32:42,2018-04-10,86a1354f260c62e30af71fbb5cba8724,2018-03-23
bcc1910aae7e17cc762603b3dbb0299d,bb38fa2b8f923c9cc4b74761b4819974,delivered,2017-10-19 10:49:25,2017-10-19 11:06:21,2017-10-19 20:14:45,2017-10-26 23:03:26,2017-11-07,b88818410cd687e518726fbb43fa402c,2017-10-19
b42f5cf7cbdab3df43164a7809d69ced,4ae477e15a54cbcecd6f66edafef1cd4,delivered,2018-06-06 15:17:39,2018-06-06 15:34:23,2018-06-07 13:54:00,2018-06-16 14:44:41,2018-07-12,721d3d94afffd9ef57b7b06fcbcbdeae,2018-06-06
9ab34f6cfa5f99f11d85304a03381de3,4f8746c48433b79e69d37a9556423abe,delivered,2018-04-07 20:07:43,2018-04-07 20:28:22,2018-04-10 16:18:58,2018-04-13 18:10:45,2018-04-25,249719ce7b8a3346737b5ae193d576ce,2018-04-07
fdd4a975a3f9bbe439a0faf0fa587f83,f4af848f3a0144e8f958fcac7f9325bf,delivered,2017-10-28 19:55:21,2017-10-30 10:31:24,2017-10-30 20:42:10,2017-11-09 18:08:54,2017-11-24,44e82b021428a6ded3a9e07327b09837,2017-10-28
3cfdba1b62960f88fd96c20a56989a95,618e2eabe655ebc288f1f744371c98c4,delivered,2018-05-13 15:34:25,2018-05-15 04:12:25,2018-05-15 08:45:00,2018-05-25 17:24:40,2018-06-13,8b2538e53f5de92ebf8c1722929831fb,2018-05-13
8f0f01a6b1970e8f3c336a6b93b96d9c,59190bfc23eca273cebeb6968a2e43c5,delivered,2018-04-09 22:51:46,2018-04-10 22:52:33,2018-04-13 22:44:26,2018-05-04 14:32:42,2018-05-02,110991b379efbcebb0d35cbd20bf9698,2018-04-09
3364be119eff03652aef3e3abf764889,24156a2c9525681a7c62d618bf3a9f94,delivered,2018-08-14 11:30:18,2018-08-14 12:04:17,2018-08-15 16:09:00,2018-08-20 19:28:21,2018-08-27,61e207a0f8285029e97637908aa6f364,2018-08-14
d7198cce0076c5cefda313c12776334c,b79e6558152f302d0b22d5cabc983814,unavailable,2017-05-12 19:02:52,2017-05-13 18:35:16,,,2017-06-01,0f8c883d261ebcd03a9b3a911ffef65d,2017-05-12
ca29aec188eb04a764fce98c6f69232c,d90143d60cffced9f991b7f72878dbca,delivered,2017-11-28 11:19:08,2017-11-30 11:12:26,2017-11-30 18:50:11,2017-12-21 15:48:46,2017-12-18,169ba07b82b44468b4a702992f27193f,2017-11-28
1e67200d1a2ae06bc9830fa7b62d8b85,287fd54e7f4b02e9b9dcf237e43b515d,delivered,2018-07-25 22:57:36,2018-07-27 02:05:11,2018-07-30 12:26:00,2018-08-01 20:03:17,2018-08-06,86b4776eb247f765dc302c183b2024c5,2018-07-25
ec3537b6b3607220dc74b6ca4f505e03,199bcbb6f50073b56ff12c2508a7439b,delivered,2017-12-10 09:46:22,2017-12-10 09:56:18,2017-12-11 22:57:59,2018-01-05 20:03:06,2018-01-15,73b3130eb63c30c507bfcd60cbee4d4a,2017-12-10
be7bad1c9399c6a920c31021837891b4,fa7633c531e928b43b8014881e8e2fa4,delivered,2017-12-21 07:36:19,2017-12-21 07:50:14,2017-12-22 00:14:24,2018-01-08 20:48:44,2018-01-24,61fa499ec971af4fd0c767a7d18ee01d,2017-12-21
96f5be02bc9ffc589f3274500a64a7e2,5396ffb28b2d1cbea8d6ec46201f06ba,delivered,2018-04-23 14:31:55,2018-04-27 16:11:21,2018-05-11 12:26:00,2018-05-16 18:19:00,2018-06-01,df5ff0c899dd19ed568e3e0f716cbe20,2018-04-23
96b205ed4ede615918071ef68a2f8831,cf9a23f821867f0f49363dd27a17b6f0,delivered,2018-06-04 13:15:18,2018-06-06 02:53:56,2018-06-06 12:29:00,2018-06-26 16:16:56,2018-07-12,9172c2f5a1fcb0fb7c3430ac64351504,2018-06-04
0aaf52291c13507e7fe4f565f079ad9a,97324b134a7e75d33decb2a65d637343,delivered,2017-01-24 08:52:34,2017-01-24 09:02:02,2017-01-26 16:01:51,2017-01-30 18:36:07,2017-03-03,617a7998a5246e035bbf0c6eb97bf436,2017-01-24
454adbf48828bb4e46339ef4d82b4021,9a73634a269c7460b509cec6f0f134c7,delivered,2017-06-04 13:31:20,2017-06-04 13:45:11,2017-06-06 10:23:54,2017-06-14 15:37:57,2017-06-30,5189d39fbdaefc78712321bee06744b6,2017-06-04
4f709a231b1d99a9e12f4f86f458dbcb,74c8468d22b1fa822cdef5c8896ec455,delivered,2018-01-12 12:46:21,2018-01-12 12:54:49,2018-01-17 16:52:02,2018-02-02 11:09:12,2018-02-16,d4518915ed18f76665d63a9f494b22f8,2018-01-12
6be6d87095d612a3a5176d6aff456c62,19d189579778a415f48e0ce76f07109b,delivered,2018-08-07 13:07:13,2018-08-07 13:24:40,2018-08-09 14:03:00,2018-08-15 23:41:36,2018-08-20,977a711d79ba286fefbf12c04aebe730,2018-08-07
4dd3c282d6328a8fb01d1051b830caf5,e9e1a3764e104684c566b6e8725400aa,delivered,2017-11-11 09:36:14,2017-11-11 09:50:21,2017-11-16 15:58:53,2017-11-30 19:25:44,2017-12-08,a87ba06104129f2d6e9df99d18815074,2017-11-11
6315b62d5cf138a8702ecfac17bb38d9,8943a458333bbd18bea687184981d0c0,delivered,2018-04-05 08:43:23,2018-04-06 03:15:36,2018-04-07 00:19:14,2018-04-09 23:41:36,2018-04-20,1506abf10c09a2872e24d79f33e4eb12,2018-04-05
7616b98483a2f8af40e3ab4d8ef3ffc9,078dbbc73431f0553f696d0913e99ac0,delivered,2018-03-04 00:08:21,2018-03-04 00:35:53,2018-03-06 19:28:54,2018-03-12 21:24:44,2018-03-27,2d3e435356864d8493067204c2d9dc55,2018-03-04
6c07e27e694dcf18f9171b1fc5c85fca,ab70757356e2a52c34c7c092d2f9f935,delivered,2017-11-06 12:11:38,2017-11-06 14:33:03,2017-11-06 22:13:27,2017-11-10 21:33:47,2017-11-24,cf1f3832efb4b882a8ce2c7ccbe4db1b,2017-11-06
e119563a850008c9337df0d017458e97,33d565d7fe6d0678b43f83a2a1c420cd,delivered,2018-06-29 13:37:04,2018-06-30 02:35:15,2018-06-30 08:26:00,2018-07-04 15:47:42,2018-07-26,57388091663b38017481a7d0bcc305ca,2018-06-29
d6955d34f1d9983d21c67f279aadd306,5d5749f139a1bc34f1c869cf82b0784c,delivered,2017-05-10 19:42:27,2017-05-10 19:55:18,2017-05-17 11:53:06,2017-05-18 10:19:05,2017-05-23,bb0eb657fe27f2967fc0ed7bcef6a5a7,2017-05-10
8f63d71ea8a3f42d0bec26ef31cab14b,8d68a12bc222d02be0f4e54c1f7f29fe,delivered,2017-06-08 17:44:30,2017-06-08 19:20:12,2017-06-09 09:31:11,2017-06-14 17:13:19,2017-06-29,691760d36dd965dda630d6e86bfe8c85,2017-06-08
bbb2d49836a81a36102519667b44416b,12f8c19a8f9f1015564e4798c6b1a556,delivered,2017-11-25 22:10:00,2017-11-25 22:31:37,2017-11-30 00:20:00,2018-01-03 17:39:17,2017-12-27,47b029a2d93bc6f8755433071c2df879,2017-11-25
38cfc106ae21ad50379975e828f5863e,14aea6e289ceebb4c4389c168be3dd9f,delivered,2017-07-04 15:25:44,2017-07-05 02:55:22,2017-07-07 15:49:47,2017-07-14 17:39:43,2017-08-01,2616fd85aff25ed6f0f11934678a3c15,2017-07-04
51f1a03bb8aae115ea6387a8e7edc7e7,d568e7d521edb18c32a390f5862b9783,delivered,2017-03-09 15:53:07,2017-03-09 15:53:07,2017-03-10 16:40:38,2017-03-20 06:37:51,2017-03-31,8e52eb09fa2a5cb317ee70dd01372b80,2017-03-09
22ebcb475dab511f6c74d7118d1e5f3f,9a64b4746d14603ca0c87861228a2001,delivered,2018-08-16 21:09:35,2018-08-16 21:29:21,2018-08-17 14:16:00,2018-08-23 16:42:58,2018-09-03,5b4e3844e2ef0faef154b9ad572d4635,2018-08-16
9c6b445489e19c178357172589b7ef63,e5e014f339b18e14d6dd03b2265c3a8a,delivered,2017-10-19 08:28:24,2017-10-20 02:56:35,2017-10-20 15:14:41,2017-10-23 21:22:18,2017-10-31,7d2bcd8839242e809f8d4568efe056b4,2017-10-19
72a794bae5b6c1f19b1f2fee83e94e85,77ab80500d906d9fc81caaf623090c80,delivered,2018-01-13 15:33:11,2018-01-13 15:55:30,2018-01-15 17:16:52,2018-01-16 19:56:39,2018-01-30,18a96282a43739cad398f66152230450,2018-01-13
e6a8d767ed8be35e855fb51421587360,87fa2df087845b8953a52f114686488b,delivered,2018-07-03 23:35:23,2018-07-05 16:33:16,2018-07-06 08:58:00,2018-07-30 23:31:52,2018-07-31,4c14835dd913b9ed86fb3a1179f171e8,2018-07-03
85d2fcb0be68bbc235aa548142862e4b,25d9549b5702c8af2fc3de4411fc30df,delivered,2018-03-28 14:01:30,2018-03-28 14:10:26,2018-03-28 23:21:26,2018-03-30 00:18:26,2018-04-10,ef5f99fa803762d909efc117e08c4a4e,2018-03-28
c754541252a5c08d9e786d85469ebcb7,51532cf302c427e804062aba65c5efcc,delivered,2017-12-05 17:11:39,2017-12-05 18:04:58,2017-12-06 21:35:42,2017-12-13 14:43:52,2017-12-28,e835ab99ba29adadc849075eb03cb60f,2017-12-05
a63d6f123bbccd71286ef76811cb2a3b,c24bbeb8111fea27eab791a37e665210,delivered,2018-08-27 12:39:11,2018-08-29 03:10:17,2018-08-29 15:10:00,2018-08-30 15:42:35,2018-09-27,9906fc374d7fd8d7a8574dd27b1c0c0a,2018-08-27
d89ff75da06f798ea64c91a496386314,cb93a9fab20aef775dac6e14672ce6df,delivered,2018-01-09 18:55:23,2018-01-10 10:31:43,2018-01-10 22:21:01,2018-02-02 16:58:44,2018-02-06,cb01dec8c9d61f6463b9821f1c1aca05,2018-01-09
4d890e83adf9bc9532d53b2227e92c7b,a5a1d696925fe03b4645c9ac6a417230,delivered,2018-02-20 08:24:03,2018-02-20 08:56:12,2018-02-20 19:34:08,2018-02-27 21:08:13,2018-03-13,d64023c35e5c1452ce568e993ac12c86,2018-02-20
b16494d7fa3459ccef0a8afa71fc6116,35df3f7d420979703a49a172c1716a0a,delivered,2018-07-18 20:48:52,2018-07-19 20:45:12,2018-07-20 11:37:00,2018-07-27 16:48:23,2018-08-09,b451bc91ba8c555973b7c8542dd8acb9,2018-07-18
2c1ccd5d927cd108ebbdf62741bf5dc7,4b88365b45f660f21ad6d56557871ed5,delivered,2018-01-12 13:18:30,2018-01-12 13:30:22,2018-01-17 00:58:56,2018-01-22 19:29:24,2018-02-14,f8b3216eb0a8679a6f4c4ac33cc896d3,2018-01-12
adc0c438fc69e3d7797ed563551573c3,145f4c0afd867119a41cc9c0a43e450d,delivered,2018-06-18 19:45:24,2018-06-18 19:57:06,2018-06-19 12:03:00,2018-06-22 18:44:53,2018-07-18,b333cc07746f2ae46dad2344900873b8,2018-06-18
d85c21edbd2d9fc056908945b37bb577,0176ec1982f9f3aa628de3a506191769,delivered,2017-09-28 11:01:38,2017-09-28 11:14:17,2017-10-05 17:08:51,2017-10-06 17:02:43,2017-10-16,cb97135458c20106bf438738fcc09f08,2017-09-28
1d640f23dd5922c443a96b7caf168229,c81f68a90b18cfb4921d0e55c30a9f49,delivered,2017-06-24 17:48:01,2017-06-24 18:26:43,2017-06-26 14:56:36,2017-06-28 12:32:16,2017-07-07,ef842dbc1d074b0cb9da91b005abb8e3,2017-06-24
ebf908ba5d7c097d2839701fb3366412,10a1e2ad2a1671332d2ba53f19253bd5,delivered,2018-05-01 09:14:13,2018-05-03 03:35:10,2018-05-03 13:40:00,2018-05-09 14:12:16,2018-05-23,62b35fe1a5889cd6b3e90874d1b4a74c,2018-05-01
2d856083b0b7c9f8a7bd4f59986eafec,f95fb411cd509902774af543e8d0caf1,delivered,2018-08-12 20:53:01,2018-08-12 21:05:09,2018-08-15 14:00:00,2018-08-20 20:51:20,2018-08-29,2d8a21423efd8bf9a64b30d88f87529b,2018-08-12
a02d824dac198415585e19860908b022,923b474141b095d5e2f0532c4593d6cd,delivered,2018-04-29 20:23:29,2018-04-29 20:35:11,2018-04-30 15:27:00,2018-05-03 20:14:56,2018-05-14,0f55ceea97cf144601fad8d9becf9bb2,2018-04-29
da1b33a717a76516deb6b4db0bbfa8f0,3665c11701d3598fcc07717f72da540d,delivered,2018-08-05 19:10:46,2018-08-05 19:24:27,2018-08-08 14:05:00,2018-08-15 20:22:44,2018-08-27,4b2d71803ad2e04968d3fd749d34f37c,2018-08-05
1803c7e9eee1785304c1266d06ee1f8f,b0a2d47eaf9986e2c7fd4bcd994dfe4c,delivered,2018-07-03 23:20:35,2018-07-05 16:40:17,2018-07-04 14:08:00,2018-07-14 13:06:35,2018-07-23,b247b4e2c7d32d0b7fe62d22b52739d2,2018-07-03
4bc0038f8b89dafcf62622334c66ba0d,b2c85ae7b6bb80751ecc28be8ad556b6,delivered,2017-10-03 13:00:16,2017-10-03 13:07:45,2017-10-06 12:04:17,2017-10-10 17:52:42,2017-11-03,5283b6f73c9fcdf3fe0e4efd34176d73,2017-10-03
33e9e7bf59600996dd1a153ce751753d,f393e364052cebfb6932ae3dc2de64b4,delivered,2018-06-24 16:58:09,2018-06-25 16:55:39,2018-06-27 10:23:00,2018-07-03 19:18:43,2018-07-18,ac569181f34fcfe9e901c8e0da786612,2018-06-24
54e94d7472f210caad2b04b193bb4817,0b01e830348776e4260c95c0d450aa3a,delivered,2017-07-01 15:29:35,2017-07-04 04:03:59,2017-07-05 13:29:44,2017-07-07 21:05:06,2017-07-21,e0c8c4cb49870b573b9904f44a4d0412,2017-07-01
cd9cbb9b4a02d47f00a71acb290605a6,4c48165dc00ccdb7a8952402521ee550,delivered,2017-10-01 01:10:18,2017-10-02 22:03:53,2017-10-04 20:47:59,2017-10-16 19:19:37,2017-11-01,74ee9b191b2531c511d1d30375d2284b,2017-10-01
66abfb1d97049527979ada02f3ade6ac,5854dde905ca14caf1b87aad99851d7b,delivered,2017-07-13 17:56:56,2017-07-13 18:05:17,2017-07-19 20:58:56,2017-08-07 18:42:32,2017-08-14,566c83b151e1c2e127a9a7c547a04e21,2017-07-13
59823eb85efc0c6ee2cbc0567486757f,e903fd2602504c71d968c91949519179,delivered,2017-11-04 09:09:12,2017-11-05 09:26:15,2017-11-07 10:57:31,2017-11-13 19:31:55,2017-11-28,e423384cbe26938695befbaaaf242864,2017-11-04
260ec445d18b2120c8ab6f87ecae2a1d,85a0c55326b884ce95823cc6b47f448e,delivered,2017-11-08 21:44:23,2017-11-08 21:55:24,2017-11-09 16:32:03,2017-11-21 21:46:56,2017-11-28,fb858ea00ed6b2356f27e1383e717ae3,2017-11-08
d3c5d59ee5c6bd9cbb3230d8bfebfffb,f70537f7cfc56bd6a96bc1fe04b3fefa,delivered,2017-11-04 20:24:52,2017-11-07 07:30:41,2017-11-14 22:34:36,2017-11-21 18:26:46,2017-11-24,00575b2023dedcc0f3e81a938834689b,2017-11-04
6c6611e4aee0751993e7d535c51ecb68,6c7d8ff89ec2a80ab6f822d603ea4735,delivered,2018-03-08 20:16:50,2018-03-09 08:50:38,2018-03-13 00:16:30,2018-03-29 22:32:46,2018-04-12,19fbe39e7242f3402afb00ab0811991e,2018-03-08
47a89cb464c37056a399f117cb24e485,2a35ddadd9df2e4dc9acb0649a08c79a,delivered,2017-09-30 11:51:29,2017-09-30 12:07:16,2017-10-02 18:45:56,2017-10-09 11:59:02,2017-10-18,e454e6570e065180849e6610042743dd,2017-09-30
e43d4fe81a0a7828e55dc60e33ce7921,cfdf986b1a23e5be4da26faf17d5da1e,delivered,2017-09-18 13:59:15,2017-09-18 14:10:22,2017-09-19 16:22:32,2017-10-02 21:44:02,2017-10-24,3b4123c1052f349e83b4646c759a61f5,2017-09-18
b744841b6a754e51042b8abcab208ffe,cb1d1ff0489e8f800375a08a8b8fd92b,delivered,2018-07-29 09:49:54,2018-07-29 10:40:05,2018-07-30 13:45:00,2018-08-02 00:22:59,2018-08-14,33f86281d5203b278e32070d4a02592e,2018-07-29
09245c021d29cc570d8d5ca0aefd0f22,979c7ddcdcad9c14ec457b91c223d5b5,delivered,2017-11-26 22:06:07,2017-11-27 11:36:27,2017-11-30 19:18:02,2017-12-03 18:52:12,2017-12-15,529ad41749c0aa139b22508ab4a696aa,2017-11-26
647435133861948067a0b68eb68b4357,14431311128d398802425dbbf581784c,delivered,2018-06-04 20:53:42,2018-06-04 21:12:44,2018-06-05 15:15:00,2018-06-15 18:35:03,2018-07-19,217394922e43c19740ea4464e63ca8e0,2018-06-04
b7a35c9ba09e4651caf5b9b0e9fadd21,2c17a1538f46a90219647fa26b661598,delivered,2018-05-04 12:39:54,2018-05-04 13:50:42,2018-05-05 08:35:00,2018-05-28 20:08:41,2018-06-06,fe7f8dc88470be4982579e7c30d80c07,2018-05-04
347b03aea6fd08c3bd68e2b30a3fe3e3,e3223af2aa6a77a76b3b690407384686,delivered,2017-11-24 19:01:49,2017-11-25 14:16:39,2017-11-27 21:23:23,2017-12-18 23:18:43,2017-12-15,05b80c4aa9033a250e6c5ff42d2762b7,2017-11-24
f2df3f69fb9dbe0d8e932a7ec18c5a3a,63c23d61b0b07df34331b5fd17feb8c9,delivered,2017-10-24 18:24:22,2017-10-24 18:37:45,2017-10-25 20:29:25,2017-11-01 21:33:39,2017-11-10,521ea74efda5b8e11526ba2a2b74ea7d,2017-10-24
3bdebe4ea3f450a5d8f6c50f1771c9ef,f4056901edbc5d4f4e76b539f416fde1,delivered,2017-12-12 21:48:33,2017-12-12 22:10:50,2017-12-14 20:12:43,2017-12-27 00:17:04,2018-01-11,c8f92f0662db601dcb43e84fa9c7857d,2017-12-12
8b0d556af68672c609357030e4672671,aab56ab6451ae556797391bd616410ce,delivered,2018-03-20 10:49:11,2018-03-20 11:08:10,2018-03-22 23:42:57,2018-05-01 12:51:42,2018-04-20,d596745d247e72a1edb1dbc68cf75bc9,2018-03-20
de45fff90798d4416b9ba1b7aa4ccd7b,e9a4def88f3b9bef3792b8eb0c665722,delivered,2018-07-02 21:01:02,2018-07-02 21:10:53,2018-07-03 12:11:00,2018-07-26 00:02:28,2018-08-01,9c2af4e0b12e6c662ce5e1580c0a8408,2018-07-02
83df31098d8d706607ac8bd37a0923c8,7b8c79956f938a97e2b3b7ec7b43d0cc,delivered,2017-11-12 00:13:24,2017-11-14 04:15:28,2017-11-14 16:48:35,2017-11-17 17:36:42,2017-11-27,1ccca960ee87d25266f317aa57761fd4,2017-11-12
9524a96b9422d6296e14ba9ae6d95ac4,6a969493f9c779b3c906d48f4a5c21df,delivered,2017-08-18 16:04:51,2017-08-18 16:30:17,2017-08-21 14:15:39,2017-08-22 18:42:27,2017-08-31,f6987d0956b42b4008ec22d4f691dbaa,2017-08-18
70aefd12bdd5391f02011072c16e6801,2f7a8b448ada52d632c573deda7664fb,delivered,2018-06-19 17:14:30,2018-06-19 17:45:31,2018-06-20 13:03:00,2018-06-21 18:28:46,2018-06-29,297b0df27a85a8c6c3ba6600a4142d52,2018-06-19
17f71a234f74de0e7c52630aa272eb17,1e223c28a57021767dda5694299786b6,delivered,2018-07-03 09:51:36,2018-07-05 16:40:35,2018-07-03 14:59:00,2018-07-06 18:52:44,2018-07-31,026cc430843b605b4b5515751f4fe5d3,2018-07-03
2c16fd106856fc1209898f20b68c943c,bb205b0f9f296e7cbb610b231dc401d3,delivered,2018-01-20 14:41:44,2018-01-22 13:50:55,2018-01-25 23:09:19,2018-02-05 21:19:00,2018-02-19,f5016f52227bede6734fdb32eed47df9,2018-01-20
7afe139c6b60ed4db2f7a6c8bdde0231,5e8b3153c76eeb78b305593ae8618ec2,delivered,2018-06-14 14:12:23,2018-06-14 14:41:47,2018-06-18 11:49:00,2018-06-22 15:14:38,2018-07-27,2b263cafbcccd941342d8a839873d679,2018-06-14
08cede37de35a7af6d659a2ea4b17707,e422d6c59e0b0b1c22fe8c94835ab2fb,delivered,2017-07-07 21:59:57,2017-07-07 22:43:21,2017-07-11 17:17:30,2017-07-17 19:13:55,2017-07-27,af0367eaef2463aec1807b755fa083ab,2017-07-07
6d53ce2b0f6fad419567b5753de43a2d,1333008f541fface7f629ff93315f64a,delivered,2018-07-01 22:36:55,2018-07-02 09:30:29,2018-07-03 11:54:00,2018-07-09 13:51:48,2018-08-03,8a6306daaaacc661c79f63753ace8b27,2018-07-01
bdd26d22582f5a2f6321493e0d8677ea,5b97e86cf344fc8159321fe9a84dbef9,delivered,2017-04-30 14:49:02,2017-04-30 15:02:32,2017-05-02 16:38:10,2017-05-17 14:13:18,2017-05-23,a9e6d0d21cc9aaaf243efcb3251a953b,2017-04-30
a115115559d40a6b8a7bd518af5e1115,d6b1229a1370d588fc51d8b651a2c387,delivered,2018-07-29 19:17:07,2018-07-31 03:44:27,2018-08-02 13:12:00,2018-08-09 19:12:19,2018-08-31,073977bdb15905041804ac9f8b686d73,2018-07-29
2395ea6891b87b22ff3c6fa169e8b8cc,8ef76abe07841a8eb8e4ed7cd934a987,delivered,2018-01-13 22:23:50,2018-01-13 22:31:25,2018-01-17 16:53:27,2018-01-23 20:18:42,2018-02-06,dc8d14b29f1d99537366743a56ae1e05,2018-01-13
02875e2e1d01d7a1533215fb97510b06,9f64e91e123214007c18425d4a0be8db,delivered,2017-08-25 11:16:05,2017-08-26 02:24:28,2017-08-29 19:06:13,2017-08-30 14:04:26,2017-09-08,3170ebd8b32a5e2102c9d75e0a7f6d74,2017-08-25
70809734fe201ea6db6d4577b84a3022,288544a7acdc67a0118c3bce401c1494,delivered,2018-03-04 22:39:40,2018-03-04 22:55:35,2018-03-23 20:48:29,2018-04-02 17:44:22,2018-03-29,378e91b66e2b6772c44b18b507013bda,2018-03-04
0d541e7454eb298f2548f6c161741ddb,a2dbe9d0969506f1fb3b8385ad60b557,delivered,2018-02-15 12:26:07,2018-02-17 03:35:48,2018-02-22 22:23:26,2018-03-06 17:46:04,2018-03-07,9dd4042c3044677111fd7421578a8e95,2018-02-15
581485f89782bb075ada5368b8c8e74f,2f83edd70a220bd02663e0915a55e5ea,delivered,2017-12-07 13:29:45,2017-12-08 02:54:02,2017-12-11 12:26:03,2017-12-19 15:18:02,2018-01-02,7c6e2c0b1b4f458a3000791dca180f20,2017-12-07
5bab7c41f1405d62a214dc3648c37e1c,799d6b19e5ec98c1b865f2382a1e2503,delivered,2018-07-30 18:19:38,2018-07-30 19:31:40,2018-07-31 09:57:00,2018-08-02 21:16:35,2018-08-09,d8ce74aae474815acc65875e51f8d887,2018-07-30
e8c8d04eb8aefee37534cee9af6cefa9,9ec5649350197aadd41086a39651e464,delivered,2018-02-27 11:40:54,2018-02-27 11:55:31,2018-02-27 22:49:00,2018-03-07 20:27:55,2018-03-21,926f99deef507baf7ed6374cb3abf457,2018-02-27
83bdd2499feae1bac3b451293f37ebf6,42329f6f9ded091237c82dd2a87dab28,delivered,2018-05-04 14:57:17,2018-05-04 15:10:28,2018-05-07 10:07:00,2018-05-24 20:46:39,2018-05-23,ab7d9fdcd69ca947247b4fd6e3dd5001,2018-05-04
4a361afb3224a82115cdd08fb60b0528,32a15485330a0e465c45b9e437ca51fe,delivered,2018-06-19 06:30:07,2018-06-19 06:57:02,2018-06-20 14:23:00,2018-06-22 17:59:31,2018-07-03,9d65f3c099ba6a3e697574f83d74e116,2018-06-19
e5238e84a4c88c17a350b92645006c61,1e08f7d9d8d9ed7ddbfaa122a1a86b61,delivered,2018-07-18 15:58:34,2018-07-18 16:10:26,2018-07-20 15:44:00,2018-07-24 18:37:32,2018-08-10,d2c4c472beca80e05876a243c56a2bae,2018-07-18
95b19f291b5f226ab1f3af5aa7e3553f,c30d0f9fb78aa64613ddc5c9823c001b,delivered,2018-03-22 10:46:32,2018-03-23 02:10:23,2018-03-23 18:35:32,2018-03-26 19:48:46,2018-04-04,520fb5816c90b19464baa8e8644cbdc4,2018-03-22
a41b16eb820cfb62112086ea0a18dee5,39e4013ce7f84e30b415075f87f5240f,delivered,2017-02-07 17:16:39,2017-02-07 17:25:18,2017-02-08 15:14:57,2017-02-20 16:03:07,2017-03-08,ebed9569ef0c455303673ce658e6bc52,2017-02-07
5cd4d921a222793519021a823618a17c,7428a7362c14e0386a6035b72d75b7a2,delivered,2018-01-11 15:08:00,2018-01-13 04:54:46,2018-01-15 17:12:09,2018-01-19 23:09:18,2018-02-06,f793a3de252b605e4ffc8a4b1ba5903c,2018-01-11
9e9e4d3f5d27fab18087abf851da026c,765e79897331ee143cc7e648988ea414,delivered,2018-07-21 12:07:28,2018-07-21 12:24:00,2018-07-23 11:13:00,2018-07-24 20:34:53,2018-07-31,9f541767a6f596c4b63be77af5ecc03e,2018-07-21
34b7f8ccf3ab2ba8512fa244c3bab225,cb8adca2a68ffd5c23a6740bccf56ee7,delivered,2018-07-04 22:07:08,2018-07-05 16:32:49,2018-07-05 15:26:00,2018-07-13 01:12:31,2018-07-23,324b9a2e37fc2ab928a842b9429c46ea,2018-07-04
07320b1c77905dc3d2e11126b143221e,29804f2de3a78c4414c64beea37d2809,delivered,2017-07-17 12:39:23,2017-07-17 12:50:09,2017-07-17 20:07:39,2017-07-26 00:57:53,2017-08-16,a8013eaed72b611329bef0ecd67267e1,2017-07-17
211899bcbbeda5f1f5d057442dabb91a,9210eb9f6e2fa5dc6962073cb575f28b,delivered,2018-08-20 22:45:38,2018-08-20 23:09:21,2018-08-21 14:07:00,2018-08-23 21:18:30,2018-08-29,db0a446e07aaca530b53473f2dbccb61,2018-08-20
503ad34927f4e034a8ee38be309fd16a,5000d9435b568ae6a327ab304991ff9c,delivered,2018-02-08 21:16:00,2018-02-08 21:28:05,2018-02-09 18:19:07,2018-02-17 14:03:39,2018-03-02,2ccbabaa55f3c1f2ff08097f5dd92bb2,2018-02-08
801e8e7738a06b96bda344c9ff1d738c,d56963a7ec9e3ed06d1323bc13fbe715,delivered,2018-05-14 00:24:32,2018-05-16 02:53:51,2018-05-16 15:50:00,2018-05-21 17:26:33,2018-06-14,4f18d06ed27d91c4ead16a5e0644b2a8,2018-05-14
2868122766fb8490193dc08920622c8b,a376f52713685c4bf13fcd69b2a5eac5,delivered,2018-08-04 17:43:05,2018-08-04 17:50:15,2018-08-21 12:07:00,2018-08-29 19:15:37,2018-08-27,caecf185fb75f02fa5514c6ddd989602,2018-08-04
a024d7476a847e0453984eecb8be6076,9a55894987e54a4047c4bf61210cd35d,delivered,2018-07-25 06:01:17,2018-07-26 03:24:23,2018-07-26 09:12:00,2018-09-06 11:41:13,2018-08-20,0f471888397d821f0110b58b1e693eec,2018-07-25
7029824369e12a2c4102565ad3f2bd50,3180f06ec3182fe3f19c1450b62eb93b,delivered,2017-10-21 10:52:04,2017-10-21 11:14:13,2017-10-24 21:27:42,2017-10-31 22:38:48,2017-11-13,22406430c77e3c5c701a349da37d27e7,2017-10-21
c8da7aba86bfc11d56c767b13ba74d7f,a7ed2be1cd5fc71fed065c8c3e1357e8,delivered,2018-05-21 00:43:57,2018-05-23 02:38:09,2018-05-28 13:05:00,2018-05-30 20:18:41,2018-05-30,5a0c3f797aedd0b1d3906002178a8f10,2018-05-21
45c5fceca4f4409e9b086fff7c29e6bb,2dec2f01062c12231bd3e7b828729449,delivered,2018-04-02 21:51:04,2018-04-02 22:09:43,2018-04-07 01:19:18,2018-04-30 11:14:54,2018-04-23,951d3cb3084f4cda85611cf39abdc731,2018-04-02
aef93cd9ec286c68d9f73fe1505fa2cc,b544baca8a31c5f9348c318c64ff502c,delivered,2017-07-12 01:43:41,2017-07-12 01:50:14,2017-07-12 17:22:27,2017-07-17 19:36:56,2017-08-15,2125f58ee658b53921754ee397b5d79e,2017-07-12
1560a63a0c01388598eac8e14a503f2d,fea4aeeb4b4426cef48af6376ff8b27e,delivered,2017-03-31 12:33:22,2017-03-31 13:05:18,2017-04-03 11:03:16,2017-04-12 14:08:29,2017-05-02,56b9717d9f78a4a379de8b1a16dd6ec1,2017-03-31
b84be81e27ac56e4160716dc5aa7950c,b058a8f626a0a7584c7a92a025fc2bd9,delivered,2018-06-07 18:08:25,2018-06-07 18:35:46,2018-06-13 13:05:00,2018-06-18 13:48:58,2018-07-13,cae14ea8812722c8e64c768a30821b53,2018-06-07
fb4867639cdcf519269b594d659bf27b,a3bbdde95e5fde2e9e01162caf5137e2,delivered,2018-07-21 13:07:33,2018-07-26 23:32:01,2018-07-24 15:26:00,2018-08-01 19:48:53,2018-08-13,954990f4649cdab64b745aa2534b3c05,2018-07-21
123b4246f6a16b1f17b9807bb7d42fd5,841ac05302de635820f01b00bda1a57d,delivered,2017-05-14 00:03:43,2017-05-14 01:03:47,2017-05-15 14:42:50,2017-05-23 16:52:24,2017-06-02,eff6192c48d07995aeac0af479965353,2017-05-14
84c9dee00eb814f6e8b46e6e780bd750,471da6e9ba3d94a4ed98603379322472,delivered,2017-12-05 19:28:35,2017-12-05 19:35:20,2017-12-07 20:51:29,2017-12-18 16:28:52,2017-12-28,aa811400e154ab32b7f17bbf8084d564,2017-12-05
72b48d2ee1353308077d11c354decaad,7bc2e455b6baa1f35526ec0f24968e34,delivered,2017-08-09 06:58:46,2017-08-09 07:10:12,2017-08-10 13:33:11,2017-08-11 16:30:09,2017-08-25,ce49c76f0ff0ef8e18c90de576551b53,2017-08-09
25748e98d2de92b6a05bfc40fc2deb9c,4cdbc86f0f6629efb095f984a8701702,delivered,2018-05-01 20:49:57,2018-05-01 21:12:12,2018-05-02 14:42:00,2018-05-03 19:54:48,2018-05-15,8c4e6c2146380ae9f6583084e3529ac2,2018-05-01
e3c8ec2636b34ec7a41bf25dba83440f,4401cb686f98e0903686c15230e9e14f,delivered,2018-06-14 12:45:18,2018-06-15 13:06:27,2018-06-18 11:17:00,2018-06-25 18:21:59,2018-07-05,fa7117ccb301c5c9b792edf911c0b658,2018-06-14
782fab126cb645c5b3a1d88c15760b03,1b14541f2e9a154f71cca55619ffc6d5,delivered,2017-11-04 09:58:43,2017-11-04 10:10:34,2017-11-07 17:03:28,2017-11-16 20:26:54,2017-11-24,b826f5a1be01413121dd40956bfb9bda,2017-11-04
214a2fc82c1accbd3c6e1edafe954078,d67b2814a012ad6435baab03fd78c52d,delivered,2018-01-21 11:32:35,2018-01-22 13:47:30,2018-01-24 12:59:06,2018-02-08 18:49:08,2018-02-20,e1282b21a0d9e540144c2888a4ad3cb8,2018-01-21
fb01e8d8215d266abffb5ca379063244,0d7b6a46b67046fa56193773a361e7ac,delivered,2017-04-03 22:00:05,2017-04-03 22:15:14,2017-04-13 19:07:15,2017-04-19 09:53:18,2017-05-02,08e3a5cc324f563d7914b2e2ac3685d6,2017-04-03
2a4408332d5a4d37e075056a8b46d59e,3cd23ea21a79ae52cce514785f7752eb,delivered,2017-10-18 08:12:45,2017-10-18 08:28:11,2017-10-18 19:48:00,2017-10-24 19:18:52,2017-11-09,56018f90d636604006ef92df10174bc0,2017-10-18
f192af03910c3b4efec294f63201d0f2,abefde2fe67178b38e52d5efdd369eed,delivered,2018-06-07 15:50:09,2018-06-07 16:20:53,2018-06-08 14:50:00,2018-06-26 16:54:24,2018-07-20,5fdc8c70f6d8a78ae6eabfbbb5744d67,2018-06-07
fa481f6753c67fbae9e5c33ad91c5049,0f9e46489187f0bd5f4394700ea47f93,delivered,2017-07-05 09:25:33,2017-07-05 17:42:09,2017-07-07 17:51:49,2017-07-19 18:27:31,2017-07-27,7442fb3a6b65bf86d1bee0b11615599e,2017-07-05
7faf49d330e4e0fca17c5a17b339bd4b,33ab93688a44ea7498591799275c1ff0,delivered,2018-06-08 17:13:37,2018-06-08 20:32:07,2018-06-13 12:32:00,2018-06-29 18:47:51,2018-07-13,e67ea1b0fe506ee2160db2ee7e2c9095,2018-06-08
15f18fdc945de59e900faa4d7fab8f15,a9ceaefd58479188d59484f28da8f19d,delivered,2017-08-13 22:25:01,2017-08-13 22:43:51,2017-08-14 21:07:53,2017-08-17 15:54:54,2017-09-08,b2ff6bd1b406f81f3cfe08aa6e75414b,2017-08-13
fa44e5b82883ce07bae2ebc419f7fcc3,f29bef5ba5cc67a9553a938aca4445ca,delivered,2018-03-26 17:19:33,2018-03-26 17:35:14,2018-03-27 20:12:37,2018-04-05 18:35:32,2018-04-26,e78cf4d7adf7655dbdaad59a76c4d2bf,2018-03-26
1ddbde4b8d3dc88ae08a92c7ecf6c2f7,998671ecb4efd9e7e5a926705e142196,delivered,2018-01-28 21:39:00,2018-01-28 21:58:03,2018-01-31 21:58:11,2018-02-02 13:54:53,2018-02-15,ce4c0829de2e5ef8c69701b892d715be,2018-01-28
054f63d52e4bcfceaf9cae8637863c82,7ed971d777a1a449bcca5e0b8c8c0e4e,delivered,2017-11-26 22:56:45,2017-11-26 23:13:14,2017-11-27 18:13:27,2017-12-07 10:10:38,2017-12-15,00b5ba65365dad1d25811bf5e45fc983,2017-11-26
fef1609ffbe591cb869df79555f778f3,c444e2b51cc423b7cd530ab187b74f79,delivered,2018-01-22 09:07:08,2018-01-24 02:35:46,2018-01-24 15:10:12,2018-01-29 20:49:11,2018-02-14,68a3f18a9d7c0d249ddfc866ca2a31d9,2018-01-22
f6687308d96fa59fcadadd7c1c8d457f,6bd7abba56ef81166daa2f3e9f1e6f7d,delivered,2017-11-16 12:34:36,2017-11-16 13:50:10,2017-11-17 15:14:53,2017-11-27 20:34:44,2017-12-06,19a9b559fa0d9d98efb402a76de5483c,2017-11-16
fb1ef674743bb985ef78eaed8496ad70,610dfd0fe50cde969d3d7fc16f32ae17,delivered,2017-12-02 17:12:16,2017-12-02 17:38:15,2017-12-06 16:28:48,2017-12-15 21:57:45,2018-01-08,9b1de00ef3f5b9e16eecfa1b65a97a23,2017-12-02
91fedd9854d3837c210542a3d86ddf26,24b0e37628b8587edba95902f2dbc012,delivered,2018-05-14 21:42:20,2018-05-14 21:58:00,2018-05-15 13:40:00,2018-05-21 19:46:30,2018-05-30,6170b0309a4fe661b38c675399bba080,2018-05-14
270700b8be5da026cd758478b3ad2577,932f93ecc3d17448732bd6ea06d6a0a6,delivered,2018-06-05 10:27:41,2018-06-06 03:11:28,2018-06-13 15:07:00,2018-06-21 21:45:49,2018-07-11,2bbce82397f004e8b4cd2c4d99a37f60,2018-06-05
a5c3e339ecb35902c6bc09a876ea430f,9bba2d79c4c8c3f493fc4ae9e25d9bcd,delivered,2018-06-11 21:36:46,2018-06-13 02:37:27,2018-06-13 14:03:00,2018-06-15 01:58:19,2018-06-25,6928f83dc5304219122f354ba15bf6f8,2018-06-11
20960ecf3d6ac0b19f3818f15c8e3fc5,9f1a7f33083fc1cd8865c587eb71c3e5,delivered,2017-01-20 00:52:29,2017-01-20 01:05:08,2017-01-20 17:24:37,2017-01-24 14:07:51,2017-02-28,5d335fd42a9c034be9220578ccc41d51,2017-01-20
aa0829298e82fd9bce51e79edd33fb5e,e30789f0affae3929e6e450e854def49,delivered,2018-05-06 15:29:10,2018-05-06 15:50:40,2018-05-08 14:45:00,2018-06-01 14:41:16,2018-05-30,7ba78279a5adfe45def44f1d59fdae72,2018-05-06
e9acbfa0efe448cca0db0508f8641ac9,9c35af750f6493203e9f84b7d21d3493,delivered,2018-02-19 09:46:08,2018-02-20 07:27:06,2018-02-23 00:04:51,2018-03-15 16:48:36,2018-03-14,961756cf8f0b979644a19c641bb224fe,2018-02-19
443aabd96751d0f91e92d34dae9f473a,9a8bbd66115e373f060351c2383b5fa0,delivered,2017-03-03 08:07:21,2017-03-03 08:21:57,2017-03-06 14:29:10,2017-03-13 11:08:51,2017-03-27,f883c98cb767e658c5b0e92b3ad65285,2017-03-03
7263db988c07c61845869e0708739119,041d0eb3170569956add1abb9d1681e3,delivered,2017-07-23 11:13:02,2017-07-23 11:25:11,2017-07-24 17:47:30,2017-07-31 18:59:54,2017-08-15,4656190b9bceacd90dcb3b30bf0ebaa0,2017-07-23
af822dacd6f5cff7376413c03a388bb7,9eb3d566e87289dcb0acf28e1407c839,delivered,2018-06-08 16:42:11,2018-06-08 19:31:06,2018-06-13 14:44:00,2018-06-18 21:04:38,2018-06-28,4d99682572b7b5932340a0bce676c18c,2018-06-08
6b66feb014823833433d386dad897fcd,57d5846f41d30acf13bb29a957846838,delivered,2018-07-03 10:44:45,2018-07-05 16:25:46,2018-07-05 10:23:00,2018-07-09 19:51:36,2018-07-24,1dac91aa29d078f314e2cd0603737c78,2018-07-03
434d1997e63b6e122dafe2a81ce31850,c8971b71955e69874ef99bb540f528d0,delivered,2017-12-20 12:36:01,2017-12-20 13:13:33,2017-12-20 22:32:37,2017-12-27 14:49:04,2018-01-18,6bbed249de21777c6f7d5074e6c469e9,2017-12-20
576b53e8a0ba4dbac33bb12976bf8754,2fac8a27ae3f7ea0cf3f2c898704703e,delivered,2018-02-23 07:40:36,2018-02-23 08:10:26,2018-02-23 21:23:21,2018-03-06 22:09:04,2018-03-16,fb7fa932316dcca7c7950750a20072f8,2018-02-23
fae508e3ea9697ecb70c66eca76f4b63,c3482ff6a57386fb93da1cfed67d1aad,delivered,2017-02-07 15:19:05,2017-02-07 16:25:17,2017-02-09 11:28:51,2017-02-15 16:07:36,2017-03-21,961c63d31987fe328f1f88c1208efc7b,2017-02-07
4bdf6279e39f0094b4290ab0e0015aa0,6f1405bdb110f24ce1ae1ed563733095,delivered,2018-04-12 10:47:26,2018-04-13 13:14:18,2018-04-13 23:41:50,2018-04-20 20:51:46,2018-05-07,73d73973b6c1bdaaa8d87a67a348d81f,2018-04-12
d8c26c70018f669b95557792546bc4dc,2001ab9947243f4bcebed41e85d95552,delivered,2018-05-17 18:36:13,2018-05-18 00:37:36,2018-05-18 13:38:00,2018-06-05 19:36:41,2018-06-01,bf1ca1ca5976efc6be731abdebdaae0e,2018-05-17
384d96ed56bf3f9dfecc4e2c539111a7,b29d12296af23879b38b929ec276ef24,delivered,2018-02-09 14:59:24,2018-02-10 14:50:29,2018-02-14 20:26:40,2018-03-08 22:58:39,2018-03-05,318fc171bc819147404d83733e140d7b,2018-02-09
c3cbb5032bfc949af6b3f17024de1c8f,05e64f1361f11d937d6c2ccd3ec502bf,delivered,2018-05-11 11:17:57,2018-05-11 11:37:30,2018-05-11 12:51:00,2018-05-17 10:48:34,2018-06-04,6ba50ff94b3a5e4bd7eab73d2f6f411d,2018-05-11
932fc6a48836dc75bc0b624817acc479,32dcb3d103dc9514e385752b30644923,delivered,2018-03-17 15:14:48,2018-03-17 15:28:31,2018-03-20 15:54:55,2018-04-02 19:14:46,2018-04-13,e281d2bf0c6f13fc3122d397d9f4a3d4,2018-03-17
3321e84343dd41e813cac2b2d6ed3f65,85d7ff05a9a3db8795766481dbb38ed1,delivered,2017-08-24 09:38:06,2017-08-24 09:50:16,2017-08-24 21:15:01,2017-09-14 21:57:36,2017-09-20,a0eec388e33752a88fc7b63da07b0096,2017-08-24
3c060be8256385c5eab23e0f857609d8,b550f7f2a8a11e5008ad16654df66999,delivered,2017-05-17 04:26:46,2017-05-18 04:35:12,2017-05-23 17:44:01,2017-06-02 08:32:45,2017-07-03,f11821d908830e74ad782532ebed897a,2017-05-17
3e734ad65fdbca928a1a4de48d096ce4,b62a9e59aa5fc73c53a68c1325121327,delivered,2018-08-21 10:35:40,2018-08-21 10:51:32,2018-08-22 10:06:00,2018-08-30 22:04:54,2018-09-03,813fdbc692f1b60aaa49e6f2d27e4aa9,2018-08-21
12deecd130a055a8d709a6b62c807f66,37cfa50a05378b7fbec2ff7e0db72878,delivered,2017-10-04 14:18:56,2017-10-04 15:04:55,2017-10-05 18:27:25,2017-10-13 16:58:03,2017-10-27,dcae10a371a35e87b7e88b8724a7bbea,2017-10-04
18bbbbaeb60911be63bdad20b92fa69d,ed37d81eaae6f96361a2eb0d6b000028,delivered,2018-02-14 17:48:01,2018-02-14 18:08:21,2018-02-15 22:21:32,2018-03-05 12:37:26,2018-03-13,d32e5ab26ec56747954dab0844e8be2e,2018-02-14
f8a8132f707c621386a1cfe24cebac20,a486fe1608e39e80121a804c3ed8ca64,delivered,2018-03-27 21:06:47,2018-03-27 21:15:19,2018-03-28 17:13:02,2018-04-09 19:24:21,2018-05-07,fb25f6c6dc13c7c299e0d51dbe8dcef0,2018-03-27
331c75dfc5adf446e9a86283adf9462d,29f77d7d3d44736c2e62c2ae78c90c26,delivered,2017-05-24 10:40:31,2017-05-25 02:50:15,2017-05-31 09:39:00,2017-06-01 06:17:04,2017-06-06,192c19a0d5f04c61938a13e602697fbe,2017-05-24
cbe19a86b0486bc9bfe295be1a564ff9,12da3cc12c05934879a7ac7b9b31ca09,delivered,2017-11-27 11:16:59,2017-11-28 03:32:06,2017-12-01 21:42:26,2017-12-16 14:58:52,2017-12-26,87aecbf5cf4d5e1f984e1d7a481c4f93,2017-11-27
fceb54e55602dfb675e2983e0aa35bf9,bac464f01bcd5392fac6594ee003f262,delivered,2018-03-31 16:10:25,2018-03-31 16:50:12,2018-04-12 17:42:13,2018-04-13 18:17:41,2018-04-27,7a6e597c66635dd688f6be9d0e82f525,2018-03-31
8c4f09ed660488431555a3738650d897,6f63c8fb2fec92e5e4f3addb737d10b1,delivered,2018-05-11 10:04:25,2018-05-11 10:17:43,2018-05-11 13:56:00,2018-05-28 20:21:03,2018-06-14,19209497d9b52badc6c883c8eeee2821,2018-05-11
e4dc8dc4e8f573a596b576458c01ce91,2f35662765ac3645bd3bfcc100a7eedc,delivered,2018-04-19 17:54:17,2018-04-20 07:31:47,2018-04-23 21:47:37,2018-04-25 22:58:26,2018-05-10,3f1a25a478961e0e1a1e777026236dc8,2018-04-19
88b7d630e9e888823b36de97deaa6679,4e6e53b40a34fb9bb8c73b2fb77e2952,delivered,2018-03-22 07:38:32,2018-03-24 02:15:57,2018-03-28 16:06:24,2018-04-03 00:58:34,2018-04-13,41988c44ae065fe75f608b6917387315,2018-03-22
a36018fd34ab00dbd34e54db5ec3dbd2,b85f2270139232cc85954282a4626dab,delivered,2017-07-10 01:13:24,2017-07-10 16:45:33,2017-07-20 20:37:29,2017-08-09 21:56:57,2017-08-22,c8dafb19934d776a77bbe28506ea3216,2017-07-10
2bae3d45d0a7c7c7e04856a698f495d7,0835945d66ff41f239176af759cae6ec,delivered,2017-11-13 16:11:19,2017-11-13 16:31:44,2017-11-21 20:05:56,2017-11-26 14:06:06,2017-12-01,d1d16513ebdc77db7d43e484604329e4,2017-11-13
be74baa40203cbc62e442c4887378cd8,ab5f573d973c8dae4ac038e1a7fb4fc0,delivered,2018-03-25 11:14:50,2018-03-25 11:30:33,2018-03-27 03:14:32,2018-03-29 15:42:57,2018-04-12,e701d84fe7c4c701d09b208176a0ef25,2018-03-25
084eed5f31d7cd5291671a544852e5d4,48111b4f13158bb022862d3f307840bd,delivered,2017-09-28 18:59:53,2017-09-28 19:14:11,2017-10-04 18:53:12,2017-10-16 21:08:07,2017-10-27,064dcb374e89bee36c14d918152940f2,2017-09-28
61845fa79785f181ff99f39e39f40740,76bfea016507d7d9c85ebee70f9f257e,delivered,2017-10-22 22:09:03,2017-10-22 22:26:15,2017-10-25 13:03:49,2017-11-08 18:23:59,2017-11-13,cd11a0920c498edb1da9ecd2d31aa599,2017-10-22
c280d77c2800c733a67500696044791d,5da2571e0d3fafe88f347df7dad5d344,delivered,2018-01-19 17:41:22,2018-01-20 09:10:53,2018-01-22 19:20:05,2018-01-29 19:52:23,2018-02-16,add2c47863a5e12758d3c288baeefc89,2018-01-19
7c70760bf2f07b0b31167c10f6f9095d,91e6102312e61bb955c6eb876c0972d1,delivered,2017-06-08 16:18:31,2017-06-08 22:32:03,2017-06-09 19:47:52,2017-06-19 15:08:55,2017-06-29,948b476ec7d3987c7ea64a0e6c6617a4,2017-06-08
f11326b050c436253b8d93c1ce36f6f9,ffdd4677bd8a69327e992b213efddf61,delivered,2017-08-02 09:12:56,2017-08-02 09:25:09,2017-08-07 13:04:47,2017-08-11 22:04:49,2017-08-22,83cd9156b579d10dbf29ed2e13dd5514,2017-08-02
9af38cf8cc5906174070c0c591e630a5,078770bdd7ae21c5766a84d4cc70d135,delivered,2018-08-22 16:21:33,2018-08-22 16:30:20,2018-08-23 13:18:00,2018-08-27 17:12:04,2018-09-14,a5ea2e40f7e2292886344214ae2d7bd7,2018-08-22
e956e93f8f14b5ef3b2528d00f4abafa,2eccd7d82da88a214a57a414ffa69a93,delivered,2017-12-09 13:23:29,2017-12-09 13:32:31,2017-12-11 16:49:11,2018-01-05 20:28:30,2018-01-08,fd464dbbea7aad6b4da586ebc96d70ca,2017-12-09
0b895f68e42306770949736e0210d0cb,15bcef2f4475d08acbbe0daacdeb7f46,delivered,2018-06-07 15:06:07,2018-06-07 15:39:53,2018-06-08 14:26:00,2018-06-11 15:52:25,2018-06-25,77916b6b763652a63445502a14d8f7cf,2018-06-07
b2287ec8635a3c45b2c14d7b10cb1a69,d01bdc3e956a399f85f4e275ab5ddf92,delivered,2018-08-08 21:21:15,2018-08-08 21:35:27,2018-08-09 15:26:00,2018-08-13 19:38:36,2018-08-17,8ad28d6758a01e543d4087f991df37ce,2018-08-08
decf73db7f53552bc92e1720be4f0995,63880f01e6552a098dc27ff21a302661,delivered,2018-05-22 17:55:30,2018-05-22 18:37:13,2018-05-23 13:01:00,2018-06-02 14:36:28,2018-06-08,577b7f80f2468173232c5453fb614279,2018-05-22
c82ee47a0c061997cf82b995f702fa1e,43439ea445b4e95e19e7d6b93d384ae8,delivered,2018-01-15 22:55:06,2018-01-15 23:10:44,2018-01-16 19:51:14,2018-01-22 20:49:09,2018-02-05,fe6b273b109be3711e9ab252d3173aa1,2018-01-15
b5f56117710e9df5dce93947115ad4c7,76b93945513e8287e71785d2c9c0f148,delivered,2017-11-15 17:32:32,2017-11-15 17:46:33,2017-11-17 14:51:33,2017-11-21 15:44:59,2017-11-29,c6202449890808d8ec8f68e516ecae6e,2017-11-15
3352b51dbcaf8074b24f0efab4772dde,aa9a203efa1c66ae5dce0e279ed362f5,delivered,2017-02-11 10:40:02,2017-02-11 10:50:16,2017-02-14 12:17:35,2017-02-22 15:51:55,2017-03-16,88c530af7d3c063519fbf3501ab4eb5e,2017-02-11
68986e4324f6a21481df4e6e89abcf01,86cc80fef09f7f39df4b0dbce48e81cb,delivered,2017-07-07 14:55:43,2017-07-07 15:10:17,2017-07-10 13:59:43,2017-07-27 20:52:15,2017-08-08,db1af3fd6b23ac3873ef02619d548f9c,2017-07-07
0b5bc52b360d662aac171cf7ae46f187,c12fcf45432897dd8cb4c7f5455ef05a,delivered,2018-08-07 20:31:03,2018-08-09 03:45:11,2018-08-09 13:32:00,2018-08-10 13:28:31,2018-08-14,208f16046ce55e17da72af978f143458,2018-08-07
93b5126582016c562322518b8b504033,18de26631ec88285a3c56624d001defe,delivered,2018-07-23 16:27:35,2018-07-23 17:25:06,2018-07-25 12:20:00,2018-07-30 22:44:35,2018-08-20,bad57d8056180cd25422e4f3b2147670,2018-07-23
ef3b6bd27aca9b9f50e6ad8be5a2b8e5,77cf87bfd4a1599fd60dbef096717dfd,delivered,2017-07-02 19:19:18,2017-07-04 03:43:35,2017-07-04 14:45:28,2017-07-14 16:32:07,2017-07-27,9b247ece9e7d0705b06ba9d213ff8d15,2017-07-02
5ddb878dd68b3eac6d0445eeba64d145,c4fca350aff240a61c0be1ec1d867d04,delivered,2017-06-15 17:30:46,2017-06-15 17:42:46,2017-06-19 12:56:04,2017-06-27 15:27:45,2017-07-10,41dcdb2f85e724240c0a74a77f5364d4,2017-06-15
93ba9cd515263a4aadac3d3822b5d83c,d27699950318f5683014e2d58dd75cc1,delivered,2018-04-09 09:02:59,2018-04-09 09:15:15,2018-04-16 22:28:53,2018-04-30 18:28:37,2018-05-04,1ee27e3ae93ad59224094a4ea0c71dc2,2018-04-09
414ff80d3a01febf4150fbec6d223205,177d820976192a77707c09bac83692a0,delivered,2017-02-22 21:04:11,2017-02-24 02:50:19,2017-03-01 05:51:41,2017-03-11 10:43:36,2017-03-27,a57cea493b2e1e539f595d57fe1119ef,2017-02-22
1d4207bd950cb794e52660cc79cecf5b,d568e7c764fc3d5c0e80e8fc3da3249b,delivered,2017-08-10 13:16:08,2017-08-10 13:30:20,2017-08-11 14:29:59,2017-08-17 18:55:47,2017-08-30,76b09d15fe73e16d256a756997736498,2017-08-10
1fbb9a66c87d535ea69ac81a00f9867c,49ec2c948fe1c1c0c8fd496ead6c115e,delivered,2018-03-05 11:13:55,2018-03-05 11:29:46,2018-03-07 20:19:18,2018-03-26 19:50:57,2018-04-16,2bf30b0ed7dd5cdcb855210dc4d95e82,2018-03-05
25320e12b3d6e8f54f17389037588bba,090c8832aab02cc3a2a256a01b7c1068,delivered,2018-01-22 20:54:07,2018-01-22 21:14:18,2018-01-24 19:18:59,2018-02-06 17:35:32,2018-02-20,9a2344afe2d1a43559906bd456567a9b,2018-01-22
ea9f37dbd83c492fc3b37d6b9e6441ad,6c5a6b3047a0bd11c828dc61dd4b4ec1,delivered,2017-06-11 20:23:20,2017-06-11 20:35:29,2017-06-14 06:39:53,2017-06-19 13:46:02,2017-07-06,70c2836eafbc15dd20ba80c0a15024c4,2017-06-11
d578a6c1bb288c7f9a25b8cfbc3ab962,184cf2d63cab844e956321da06369a1b,delivered,2017-06-27 18:13:21,2017-06-27 18:23:34,2017-06-28 16:42:47,2017-07-17 22:35:04,2017-07-27,f0c85a3e052169c1a3aaffcb9737f170,2017-06-27
2ba8e97c85cad12aa29c88686dc08792,32c1efea2354fe9bc32216cd88c912cf,delivered,2017-09-28 11:24:03,2017-09-30 02:36:56,2017-10-02 18:36:02,2017-10-10 15:12:50,2017-11-01,17dd17831e154d29bda87731718c5958,2017-09-28
53b81cfb99dfb40eff4f45391a39563f,6cc8bdc9228f5b9431c9801f8d2ad172,delivered,2017-04-26 10:13:13,2017-04-26 10:22:44,2017-04-26 12:56:56,2017-05-05 07:57:33,2017-05-29,bb64830e1c89bffc295f3aaed115cdd6,2017-04-26
4ce042e8a6468ee3e7090d9687228184,fe476fb992cfac604d990a6e8b50a434,delivered,2018-02-19 14:48:00,2018-02-21 06:05:38,2018-02-21 22:19:15,2018-02-26 23:15:34,2018-03-05,a239165e9cdb4caa2391755d6d61d3b7,2018-02-19
6d6491e68b2e416f68ec6e23e004d3a3,3008cf4a74a01457bd6c1a13dd303150,delivered,2017-10-22 02:45:19,2017-10-24 20:49:53,2017-10-27 19:29:02,2017-11-01 16:27:23,2017-11-10,7becd6ad5668ed0118ec6853b400ea86,2017-10-22
f6a08a1ed99bb5b7aac1460a4eb56521,548d07166173505e504703bfcb26294d,delivered,2017-03-28 18:47:33,2017-03-29 02:10:33,2017-03-29 13:08:29,2017-04-03 17:23:51,2017-04-19,a5b09cb8e59497b5e685ce55f7fbfe66,2017-03-28
eec03c88b33036c654afd8c6dcefd225,a3dffc91b473ff82d9dcb1c27d70e0ff,delivered,2017-12-08 11:27:27,2017-12-10 11:19:33,2017-12-11 17:54:54,2017-12-13 21:03:36,2017-12-27,b331a6bf1114732d801d18c5ee7c8d18,2017-12-08
821502db9b7f3a72036b7459652b46d9,73235907daba098efbc010b07291488e,delivered,2017-11-20 14:01:50,2017-11-20 14:13:33,2017-11-21 21:03:33,2017-12-13 17:07:21,2017-12-19,9bc01a9db40726af9fdf87bacc1ff9f4,2017-11-20
0a7f4604ee9cab65020038275efe1d76,f1f47119f889031980d7fad6a0b0c62f,canceled,2018-07-08 18:44:18,2018-07-10 04:35:13,,,2018-07-27,e9fcfa1ff75dd047ce6a054c2fa22caa,2018-07-08
e7841f8a7d91020befe0310b6e226857,0a1320235af1a4ef421c222c1ef4bdd9,delivered,2018-07-29 23:34:39,2018-07-29 23:45:15,2018-07-30 14:14:00,2018-07-31 18:08:49,2018-08-02,e2e1fa91f1abd93f5072875ccb808a21,2018-07-29
182e6edb8cb190cada2690d7c7d78e76,310fedb3d5552efafa15c7332a1719be,delivered,2017-07-24 19:32:55,2017-07-24 19:45:10,2017-07-28 19:22:30,2017-08-03 13:05:59,2017-08-15,fd15d3e876d92b03747f4c3cd48d41d8,2017-07-24
eaa2ff40071cc82bc20cf856cc415c38,7d4525dbfd980437633dd5dea60b8cf3,delivered,2018-01-24 07:37:18,2018-01-24 07:51:44,2018-01-24 18:42:16,2018-02-02 23:06:34,2018-02-20,c0860124d3ed158668bca22dc817bd4a,2018-01-24
553e31affcb8c69f75f7fa6d7978be44,e15ca41d2ae4006d333882ec44b06660,delivered,2018-03-07 14:32:33,2018-03-07 15:35:38,2018-03-08 10:52:07,2018-03-16 21:36:43,2018-03-19,8b267f9f3cbcd987f5e3022b3d4f1c26,2018-03-07
c67eb6f352d61cbfeec214480d5c6baf,46e7342ce409f2b5656f102f2ba9b9dc,delivered,2018-06-29 21:05:36,2018-06-29 21:15:09,2018-07-03 10:39:00,2018-07-10 22:56:51,2018-08-07,a98374944c391b683705a86444079d56,2018-06-29
e52f58b44b46886bcfbaecf6e66ba026,36eb5f48bbe2a07929c8fb47fa5dc33d,delivered,2018-03-07 19:30:10,2018-03-09 02:31:08,2018-03-09 16:06:37,2018-04-03 21:40:57,2018-03-28,65811efa36585c22a9931b8480af1f22,2018-03-07
fd0d6e1fe406f607f6f66c3bda4de1d7,01d3b76b3d6604372075f8f2437b551f,delivered,2018-08-04 16:31:49,2018-08-04 16:45:18,2018-08-07 07:57:00,2018-08-09 22:56:46,2018-08-15,f226f3d81fac042a2880b9d8253c7887,2018-08-04
5c78dd4658f7e317f7e2b71fe2abf783,fa30e48dd16ed998b9de1fad90d22a73,delivered,2017-07-06 21:14:50,2017-07-06 21:25:18,2017-07-07 17:59:53,2017-07-17 15:35:52,2017-07-26,2a3b73d1743455daac67fa32f2946575,2017-07-06
8394de68d323384a331279fd8a60462e,5522756dc22c40edde151bdcb02e64be,delivered,2018-03-05 19:09:25,2018-03-05 19:28:35,2018-03-07 17:56:46,2018-03-17 13:12:02,2018-03-15,2078ab49ca3a7a93558aeb49700a1a1e,2018-03-05
5f9c72fbeefadbfcdd02d45c45fc3a73,8ff43deb04fdc5eb54b79b7c71d7d4bb,delivered,2017-12-04 18:12:12,2017-12-04 19:24:38,2017-12-07 17:13:08,2017-12-12 20:22:28,2018-01-02,0583a3227ed3f4f3c348e5e25b3dd9a5,2017-12-04
2ee76a4a1d729880a350fcda807b492b,9f29d5f541fd53a2d1557e678130dc8a,delivered,2017-05-04 10:11:17,2017-05-05 06:50:08,2017-05-12 10:38:00,2017-05-18 11:28:07,2017-06-02,702a9e0609d9b31710506b3f2130ce53,2017-05-04
8890828f16facb8b8a9c48194daccb85,161bbf41f242e91075dcd075c9034992,delivered,2017-07-02 13:05:45,2017-07-02 13:15:12,2017-07-03 12:27:49,2017-07-07 17:28:29,2017-07-25,019f29cee4d4031f59fed390d3cd0bc7,2017-07-02
0735913c4b3a961b5988041799a7543e,4d69d33edb867a842ef0541c0b054a3c,delivered,2018-03-01 18:41:05,2018-03-01 18:50:26,2018-03-07 16:58:43,2018-03-08 18:18:59,2018-03-13,26dbf32c0f5056753b7791105d7a2f87,2018-03-01
8a5752db160f5853a435772f9c862b14,1c313644539885b31f092e52cb156d88,delivered,2017-11-26 18:18:11,2017-11-26 18:32:38,2017-12-05 01:09:32,2018-01-11 20:37:31,2017-12-18,c77b05d51983946c6c00e87381b84c90,2017-11-26
a6aca33fc83c5123ddd8a3e92d825d48,9ea4e3a29c656b354817641675db4448,delivered,2017-09-26 20:48:37,2017-09-26 21:04:50,2017-09-28 17:25:31,2017-09-29 12:21:55,2017-10-13,11f37a4c76959a071e5a84e2d3c7e365,2017-09-26
cbafeca884490b05adc8ed5ab300bb44,39832b7591488af7a514a950832038be,delivered,2017-11-12 20:13:18,2017-11-12 20:26:34,2017-11-14 16:39:23,2017-11-22 12:21:23,2017-12-06,f0cb222cb2db15551c7ecf5cd246f58d,2017-11-12
98877a509c8d712beb65e2713e61832b,0d46b5f4d5aad845679221aa951bde39,delivered,2017-10-01 13:16:54,2017-10-01 13:28:15,2017-10-02 22:32:59,2017-10-19 02:22:31,2017-10-27,50ad9fb3ba7f8cf336529fe94a182996,2017-10-01
b8e2c9918602196805600ab3b68b1cdb,dd98149e38b6d4596c5e4052d0c1a786,delivered,2017-02-14 12:44:12,2017-02-15 06:45:18,2017-02-21 14:52:18,2017-02-24 09:13:06,2017-03-13,199a5b7fd7576878792b7938232a2ae7,2017-02-14
6003757adfc0188f4685e56a3b0084a5,de5681fd7e98e07891a6cbc4c623113b,shipped,2017-08-26 19:26:46,2017-08-26 20:00:16,2017-08-29 15:28:01,,2017-09-15,f051199283283af5a7d8cb3920a4e8b6,2017-08-26
c96de30b1cc4ffc6c98494bdaf25d460,ae7abf694bd69600898325b29921ff3e,delivered,2018-03-28 17:53:33,2018-03-30 03:27:03,2018-04-03 02:04:11,2018-04-03 19:58:47,2018-04-10,0484b589fc006d538903a147c83a7915,2018-03-28
ac2a626df847783c310f77108af182ea,d8276321745dbeb7bd88721af2a181f3,delivered,2017-12-19 11:39:15,2017-12-21 02:11:02,2017-12-21 16:49:31,2017-12-28 21:42:41,2018-01-08,fc0c8fedf06f4315139f755425a28b85,2017-12-19
4a9e7a4311dfd6488a1501266a1cdf9f,577e972ceb4a6f3b510610c00bd12dab,delivered,2018-07-23 19:42:46,2018-07-24 10:32:04,2018-07-30 12:24:00,2018-08-01 21:11:59,2018-08-07,d2ebc23a36a8fc3828d88d436a063e1c,2018-07-23
a5b17618d38c5f58f124097a79a2a230,02044ee0862ebaf88a067ba1f74342f7,delivered,2018-02-01 18:42:32,2018-02-02 19:31:12,2018-02-06 16:18:30,2018-03-08 21:06:27,2018-03-02,60628ba652c6c0312d4306f8fb66cacd,2018-02-01
906f4bc65b707953aee3d6462aa07e8d,cdfa43e0652c0516c3bb32a90726f999,delivered,2018-06-03 12:54:39,2018-06-03 13:10:50,2018-06-04 18:11:00,2018-06-09 16:54:44,2018-07-05,d2d7ae2e8be85a1a7cc1fbcbc3444bcd,2018-06-03
744c590b667776f5108a23623d7e5b91,f2936096a24de46b3f775df929c3b91b,delivered,2017-07-18 16:17:09,2017-07-18 16:30:09,2017-07-19 17:41:28,2017-07-21 20:13:08,2017-08-07,12d2566b96dc1c315c2d5b013b049ee4,2017-07-18
01e4121d4b2dcfb2ba6b8f367652aee8,da76db45bad3e7725c88825007a1f3b0,delivered,2017-10-30 10:41:13,2017-10-30 11:09:50,2017-10-31 21:49:58,2017-11-03 14:23:00,2017-11-17,1cef46483007e675198d0cb85e0370fd,2017-10-30
a67d6881ec08b5e0258c05357bce8516,54466d649359619778a5951360cc4e23,delivered,2018-07-06 15:48:07,2018-07-06 15:55:11,2018-07-10 14:53:00,2018-07-13 15:56:30,2018-07-20,eb8f12dc51e3b978a66ca593ead9c28c,2018-07-06
44e4e6de79505211800da6a7b4489511,b4ec511dd283ea2371a1bc337d1c62b2,delivered,2017-07-21 01:37:07,2017-07-22 02:23:25,2017-07-28 16:09:39,2017-08-09 20:36:48,2017-08-30,bf2c9b13ac8de1a14454fe0f1379cfb5,2017-07-21
31be75ffd0c4b58ca777e72cd2352b14,fe1ae0bf088bc446aa79c7f3c11d9fe2,delivered,2018-02-10 15:29:22,2018-02-15 04:08:00,2018-02-17 00:07:32,2018-03-07 17:56:48,2018-03-09,4609bd1e7676687acab96197eda60c49,2018-02-10
4b3b5a1764a6d2a253ea4f815e3a1521,9e8f467e3f46fce1d46d5fde05706628,delivered,2018-01-15 10:28:06,2018-01-15 10:53:58,2018-01-16 14:11:59,2018-01-29 22:36:48,2018-02-08,48013bece02a36468d9765120c6d2c64,2018-01-15
770df021424ca2a0552fb73c4583e2da,67a2c81044afd5b588ea23b1617f9a3a,delivered,2018-02-01 15:22:08,2018-02-02 02:54:27,2018-02-03 01:12:58,2018-02-06 20:54:35,2018-02-19,a1a374f4c131638dc698c76bebd11769,2018-02-01
c4b2f28161989ed10bc95e7c3a7d1dd4,a9727a78484e301ee998def84cb53d7b,delivered,2018-04-06 02:13:33,2018-04-06 02:28:33,2018-04-17 16:46:40,2018-04-23 14:52:37,2018-05-04,5936fabf5dfeaa6c31d9f649b5794e2c,2018-04-06
fb1ddf834a88bd14684fbc3242c4a46c,30c8445ed3d74b38901bdc6dd9d90e9e,delivered,2018-05-16 16:58:47,2018-05-17 08:36:33,2018-05-17 12:34:00,2018-05-21 19:50:58,2018-06-26,8d434defc893fd9ac17fabd1462cbce3,2018-05-16
cea3e6c11eb60acb9d8d4d51694832f8,cbb68c721ba9ddb30d8a490cc1897fa1,delivered,2018-06-03 10:12:57,2018-06-03 10:50:00,2018-06-04 14:18:00,2018-06-19 16:04:46,2018-07-11,00a39521eb40f7012db50455bf083460,2018-06-03
3d2a8a0c9b558d8f3cb7a7cfc23d6874,526542b3a44f1395af237c96b4a6fc57,delivered,2018-01-23 23:20:14,2018-01-23 23:34:01,2018-01-25 15:13:22,2018-02-08 16:37:49,2018-02-20,cd1fd963175cffb70770db60e314ffa1,2018-01-23
500ec09d88a6867f4a2eb557319cfe46,cd69b09b4e88e12801fef674ab5258aa,delivered,2017-11-27 00:19:36,2017-11-27 00:32:44,2017-11-28 17:57:08,2017-12-14 18:28:50,2017-12-20,689217586d2cf19288199fab8413ce0e,2017-11-27
c656e67f70a1830a6cb94ab5d5f2c6fc,8f4f0a9e03d6e7776e007dd9524b8484,delivered,2018-03-24 14:18:45,2018-03-24 14:30:41,2018-03-27 16:46:54,2018-03-29 19:44:23,2018-04-12,077a498edc8ac4d815fa9de737aca998,2018-03-24
1be1c706ca05fafa2f99d335601e9293,76c2a2658636bd07038a9da6df0e9e55,delivered,2017-07-12 12:57:09,2017-07-13 03:04:19,2017-07-15 11:23:51,2017-07-24 21:55:44,2017-08-07,e47e3ecbe9ae12ecbfc5651bd62d7733,2017-07-12
f3cdcfb1e284df216c693101dfd1f864,1e3252b73d8c7d66a3e003069691c85e,delivered,2017-09-08 21:44:23,2017-09-08 21:55:25,2017-09-13 22:05:33,2017-09-25 22:28:49,2017-09-29,6e798f3815f0984effe9a64aa821718a,2017-09-08
deb56ff7a4c8b6ca2a4499ad9acc3b5a,5275453cb630f7ca9533c4dda2f2930f,delivered,2017-10-31 11:14:04,2017-10-31 11:30:24,2017-11-01 22:52:28,2017-11-03 15:36:04,2017-11-09,b4eab9bf16e01917293ca9aa62a58559,2017-10-31
b8a1d54523e7ddb0d218b888817a4d51,78993c71213f4dfaaecdeccd7ac590fb,delivered,2017-10-18 06:31:22,2017-10-19 07:34:17,2017-10-20 20:53:49,2017-10-23 16:42:01,2017-11-16,bdd4e8bab079af37fe59f1d4ef95aec1,2017-10-18
ead4584d779958e7605fe628d3f253f0,144b53cd31f35cd3d90944d275d93141,delivered,2018-06-21 09:08:19,2018-06-21 20:17:32,2018-06-26 15:16:00,2018-07-11 13:56:43,2018-07-26,0314c56ec0f115025e4d5cf570370fcf,2018-06-21
6ff688a972f3aed0188ccd2e29734c9a,cb0ff3021c7b4f63e2e80cb116569537,delivered,2018-03-26 15:50:00,2018-03-26 16:08:22,2018-03-27 17:31:41,2018-04-02 21:33:21,2018-04-17,805a17599708b81dfde688fbfd108029,2018-03-26
0b5a860df8a893e7020960b28cd67196,c08966d4afbdb8bea76adb8fbf221ceb,delivered,2018-08-23 00:09:30,2018-08-23 00:24:30,2018-08-23 11:28:00,2018-08-24 11:51:28,2018-08-28,277ccb1cd5734d62f763a3b21444f3e8,2018-08-23
adc82913f73b2513bb3e1d039abac600,3c1fb2f6884f14e993ff5ab479ccf09f,delivered,2018-02-14 23:50:40,2018-02-15 00:09:04,2018-02-16 01:07:45,2018-03-05 16:19:45,2018-03-08,d6b2974e6cf0a2090a3316aa1736ebef,2018-02-14
fbe61ad65fab58d509a6785653636a57,e640eb5ba79e2f38f8cf36c6efac0edf,delivered,2017-06-30 13:47:22,2017-06-30 13:55:11,2017-07-04 09:22:39,2017-07-14 15:49:58,2017-08-01,ad56d34bf0f7e41062a7139c26515b37,2017-06-30
89fb058ec5cfd33c380d5ffae8fe09e4,cc1e197f40a5099962784cccc70bc175,delivered,2017-02-24 13:16:03,2017-02-24 13:30:15,2017-03-01 13:37:56,2017-03-07 16:24:00,2017-03-23,de5eeda5f109c386bae7f22ee35040aa,2017-02-24
544df729b9f6aab28aac429b38ed7b0b,dbfe964127abbea0522a3f5e10f3781f,delivered,2017-11-03 07:59:12,2017-11-03 08:10:23,2017-11-03 20:09:34,2017-11-07 22:22:42,2017-11-23,43a8a00e071b8d2962fc44a682ed3d4e,2017-11-03
54758cd5925a7a0a6cff2145318c6059,aec8ff69fa54b03e8761ecc2fc009d83,delivered,2018-07-20 10:37:20,2018-07-21 11:55:15,2018-07-23 07:54:00,2018-07-24 20:06:40,2018-07-30,3732599ed383fbdc8558063ae2a042f9,2018-07-20
18479ed06f428cd8d50702b4decdae1b,94f698c42c1afe3bf28ce904cd18e1cc,delivered,2018-08-08 20:08:18,2018-08-09 03:50:17,2018-08-14 14:10:00,2018-08-20 21:48:49,2018-09-10,11e598d3cf1c89087b2bcbd368d391ab,2018-08-08
4cb28a578a5c7fb238a322631f125883,13aa1156568232cd6cbe66e3601e20c2,delivered,2017-05-05 20:39:37,2017-05-05 20:50:17,2017-05-20 10:36:08,2017-06-01 14:53:46,2017-06-19,7917dd55c02f84e82a6da57b24763857,2017-05-05
3dfe0eb577ab516162663692576b50f7,0070e3e36dad141bed98c6dd5b3d1216,delivered,2018-06-18 09:58:08,2018-06-18 10:20:16,2018-06-18 14:09:00,2018-06-27 17:04:39,2018-07-19,77d6cd89498a8cd9762daa48e8e8b797,2018-06-18
b96c09813df649f724999478074019ff,25393946a2c0938581a0f493d3c96993,delivered,2018-01-16 20:28:07,2018-01-16 20:38:24,2018-01-17 22:08:37,2018-02-05 17:29:18,2018-02-19,280c34dc057ff9f3cd17360673d4b87c,2018-01-16
d42df8c4038c10f915f4b699279980c6,d09eaa84b85dea3f0c7a4dc8daba5d78,delivered,2018-01-05 15:08:17,2018-01-08 18:37:25,2018-01-09 18:23:59,2018-01-22 20:25:35,2018-01-31,744aa0cb7b7b571221b0ffac32c780ef,2018-01-05
765917871914309e5c5f9ed151155ad4,704e2db282206eaf28d686a1482fb224,canceled,2018-02-26 11:04:23,2018-02-26 11:40:26,,,2018-03-12,127dc2b3f386b02b97875626cc80adf4,2018-02-26
b6ad79d84c91bb9d11720468017c168e,62455b0f833019feeadf0fdfc3fbfc84,delivered,2018-07-03 22:20:41,2018-07-05 16:34:58,2018-07-10 13:12:00,2018-07-13 18:26:22,2018-08-01,bf072be4d5640fd3d05d191a2845edf0,2018-07-03
fe35e99a6a5d4d036bf8167d364e0792,a5bd160705f76c0aded4f96d0723b720,delivered,2018-08-09 10:43:05,2018-08-09 15:25:26,2018-08-10 19:12:00,2018-08-13 14:27:27,2018-09-11,0487a94145b40ec78717e7d4044f182d,2018-08-09
0c9ac816534df0e690f513c30e944475,0d874ad5018bc2c80f0c916203e328be,delivered,2018-04-01 20:06:55,2018-04-01 20:15:27,2018-04-03 11:58:51,2018-04-13 16:11:53,2018-04-23,713d61d85f528baa962ff38d3351fa35,2018-04-01
e5eaba9778b55a55a199e9bb89d57fff,e281adb74e1dbf9dc23670880c9576bf,delivered,2017-06-28 21:13:32,2017-06-28 21:25:08,2017-06-29 10:55:52,2017-07-14 13:36:30,2017-07-21,e4577a1f1c5a92d208b144412e5ae79c,2017-06-28
c2f32abcd402889b6cb0bcb5847340af,7eb5037ceb9433e68a7ce301b64f1f5e,delivered,2017-12-18 09:52:40,2017-12-19 09:59:40,2017-12-19 21:59:29,2018-01-03 21:16:58,2018-01-18,a3bf0f43c0ea85d44f5e124640942db6,2017-12-18
582cf4da048ab21901845f7aa0a92dfa,8295c2fde2ce7a4645a198b90dfe0026,delivered,2017-07-07 14:43:06,2017-07-08 03:23:28,2017-07-10 14:52:25,2017-07-17 20:33:42,2017-08-04,375f4e60299f72aa02057338a28a75c6,2017-07-07
ab1565bce2736095e4b347db4cfc071f,381236979aa43bd28a692c065917393d,delivered,2018-08-19 17:16:52,2018-08-20 12:35:14,2018-08-23 14:35:00,2018-08-24 16:49:51,2018-08-29,4881e59e3733f4660a0e6412d25d9d02,2018-08-19
d10d28ad0c77f6e4e64642c7069a9f80,dc95f1b41d0c71eed40f17fe37ad336a,delivered,2018-04-15 21:31:08,2018-04-15 21:50:02,2018-04-16 17:12:31,2018-04-21 02:26:35,2018-05-15,c4937dd9b0a859a80b25faa972d898b3,2018-04-15
fa5e15141bbda711d3cf04222db75d2b,831a42ccaf9ddf33998eac4e2391f675,shipped,2018-02-22 14:50:39,2018-02-22 15:27:33,2018-02-26 15:39:00,,2018-03-14,33f8a934f56e7751f068d62b8dcfeb35,2018-02-22
cd7293cd82a7c818940f97bef67c4d62,5ec7c1a2756cc2e97c9635b15773511c,delivered,2017-08-10 18:56:44,2017-08-12 02:45:12,2017-08-14 19:04:12,2017-08-16 15:50:09,2017-08-25,161f10fdd8af7303d9f6bfeb9f6ed26d,2017-08-10
067f9d27ecdd6f2af735e17be1b064ea,97a2a07a99382bbf7e4242fb9282c7c3,delivered,2018-02-25 14:11:00,2018-02-25 14:28:07,2018-02-27 19:10:23,2018-03-08 10:33:31,2018-03-19,ac787a997e479fa231077505fc46993f,2018-02-25
a13dad9bac2076b14880117ef9c12002,3695710584daf1fc82ae88317e1649e8,delivered,2018-01-27 19:42:48,2018-01-27 19:58:25,2018-01-29 22:03:16,2018-02-06 23:58:42,2018-02-20,02ce431b0797023384d47edad5dd7284,2018-01-27
c1537716d87dfc2db77ca47339953af0,c6669ca16f1419eb3586c67a9cfc2948,delivered,2018-03-06 10:16:29,2018-03-06 10:29:56,2018-03-07 20:34:58,2018-03-14 20:56:31,2018-04-02,b155fd4b397671694a8a7b0eff1d472e,2018-03-06
8a22f6bd4ea83c9fcdbf0235d55ea061,02f2ea36613d01ae6561f97fd88d632a,delivered,2017-09-25 15:09:03,2017-09-25 15:24:53,2017-09-27 21:05:08,2017-10-06 17:22:11,2017-10-18,75e750a6279d55f7137bb9e9bb8662cf,2017-09-25
0ecc4db762e9de55ecdc2f22e468cfe9,5e1ecc3b5555b47d25e18d3344669ca9,delivered,2018-07-03 15:49:46,2018-07-05 16:08:11,2018-07-04 15:15:00,2018-07-13 17:21:44,2018-07-26,0890bfbe7e7ce34f5ead1f48e41e5772,2018-07-03
08ac0336730e831f16eeadf576564ff3,ede24a3cfbf8a9ae0f78446e9fd877fa,delivered,2018-07-31 11:36:54,2018-07-31 12:31:26,2018-08-01 09:32:00,2018-08-03 18:58:53,2018-08-22,ae7ad692ad92c6367f2dcf2195ca45a0,2018-07-31
fc4751be4b35a7060fa53d194f767583,74da765347974a0b0226c2935d98de57,delivered,2018-02-08 16:14:26,2018-02-10 03:31:20,2018-02-14 15:43:43,2018-02-21 18:52:39,2018-03-07,713ced6716c72f0dc69f56bbe9c4ea04,2018-02-08
b54067c1de5c179e70ddaed8223bbf5f,e6b233097521bf30700128ee0c424a5f,delivered,2018-03-23 16:00:33,2018-03-23 16:15:25,2018-04-09 23:07:33,2018-04-12 16:59:47,2018-04-12,36d377cee92dc9e86522cb1c175d57dc,2018-03-23
8c006b6688741e47144a6f79f96e225d,39a7c80a979c7dd2a212d30f216d9a87,delivered,2017-03-20 10:40:52,2017-03-20 10:40:52,2017-03-21 09:36:45,2017-03-24 17:47:40,2017-04-18,12767ce89edf5184dec611a38d1f777b,2017-03-20
c046afaf1c43c061d5347d5ac3c6ff5e,20ef4d959f4aa0a75828646ea2dce34c,delivered,2017-07-28 12:08:31,2017-07-28 12:23:13,2017-08-01 19:28:56,2017-08-09 17:07:03,2017-08-21,e83641151b82f18e41c6d1ef555d27c3,2017-07-28
65015387b5d5888e9b5a412340634d26,8e1e88700707d3a229e5e039d1d02e3f,delivered,2018-05-15 08:48:09,2018-05-16 03:33:55,2018-05-16 14:41:00,2018-06-06 00:21:25,2018-06-07,f38323463e2a6700429d48b5704dd713,2018-05-15
5e5235e11bea2c86b1255beb1b7e247a,65be8a984e4ddd88a63a984b4430de9b,delivered,2017-06-14 08:57:30,2017-06-14 09:10:16,2017-06-14 14:58:07,2017-07-14 18:56:33,2017-07-07,857677a047f092d4a41a9b80dcc627f1,2017-06-14
cbe8a22b7de5b1b59e05b5011a1e53ef,07ca5adceac194a2c5b63b87ff283671,delivered,2017-11-24 23:07:57,2017-11-25 02:13:26,2017-11-29 04:58:40,2017-11-30 15:33:38,2017-12-08,f749589b2efbc75002c13940481bf4cf,2017-11-24
991a833f96a0e2a37ff3edab5969e44d,30b766b012c5c55e2fba3726dc9d55bd,delivered,2018-04-28 20:33:42,2018-04-28 20:53:23,2018-04-30 15:29:00,2018-05-07 15:32:51,2018-05-28,0f2ff54c1de35e0fef57c3cea4e1ed88,2018-04-28
5f37829b2dad2c8bb86da21bf31310fa,24d29da7c6c69ea811c27952858e396c,delivered,2017-05-10 16:38:49,2017-05-10 16:50:10,2017-05-11 16:14:52,2017-05-24 15:30:05,2017-06-08,be405f1b8799290645e544e8f88637d0,2017-05-10
977f92d98cab7bb13fedbec436375f8d,1ae6cb85d1f8d6c71e80ec5ddd725e8d,delivered,2018-06-20 08:46:31,2018-06-20 09:20:20,2018-06-22 13:24:00,2018-06-27 17:38:44,2018-07-23,2ac980e0986c8c3769a5a0f3e88830c6,2018-06-20
16b314cf8f0bd14e3675d33324bba17f,64b53c7458ab57816bc16da6aa6ab1d8,delivered,2017-08-08 12:41:35,2017-08-08 12:55:13,2017-08-09 14:47:55,2017-08-10 17:17:00,2017-08-21,e8ddc823809246fabd9c235ef7714630,2017-08-08
602a793bc5e2389ea3184fef278d8b0f,0d36ee8d591aef32f7955493243b4a41,delivered,2018-06-27 19:50:35,2018-06-27 20:11:53,2018-06-28 14:02:00,2018-07-03 18:05:08,2018-08-01,2c38082815681e34b7bb39b9eb6b5545,2018-06-27
d122b5bb390c5b47ead6b42fb5c2f206,04394d717e396ea334ba0a969fb3ac9b,delivered,2017-09-18 01:35:19,2017-09-19 03:45:08,2017-09-19 15:03:22,2017-09-26 16:43:51,2017-10-09,4acdcee4311f692f664898fd366b9157,2017-09-18
7161510ad30cb748bbb32851c67da87c,f8e06718c2a9e45fca3b51f2aa143d2d,delivered,2018-02-08 21:38:05,2018-02-08 21:50:32,2018-02-09 22:41:34,2018-02-14 13:39:56,2018-02-22,98507a171bccd7f2dc60a9d371920481,2018-02-08
e36014582000662d5209cd6603e5e336,10b07f3b8104c61d0fedf978f73b97be,delivered,2018-04-19 11:09:39,2018-04-20 07:15:19,2018-04-20 23:03:56,2018-05-10 23:03:04,2018-05-22,4ab11638c63b55d04517e2ad9674b96b,2018-04-19
07b8c9805a09c2feacc0864c00ec244e,7caf08a38e40462c6a40a6d9bfb27e59,delivered,2017-09-04 15:27:05,2017-09-05 07:05:15,2017-09-08 12:40:16,2017-09-14 19:11:47,2017-09-21,064885492dc96820ceb922b61cf6143b,2017-09-04
10dbf624025382febb06e31b68ddd3c2,7e91905decf05215f0a72ac30265facd,delivered,2018-03-20 18:28:22,2018-03-20 18:48:16,2018-03-21 20:47:28,2018-03-26 18:33:29,2018-04-11,f43d0f37d741d7e4bd2b803d199d62b1,2018-03-20
8f090a4ecbd4bb8c286d0a1f88a6a55b,d869814a54cc36cbe4f2da8bb29a421f,delivered,2017-09-10 02:28:38,2017-09-10 02:43:25,2017-09-13 12:52:16,2017-09-14 15:51:54,2017-09-22,bf11d74ba342a6de43a89ed03224cf09,2017-09-10
cef338e968dd35054b01bf8811b30779,cb36a7553568aa6c78dd0e6d4d4b201d,delivered,2018-05-13 22:20:16,2018-05-13 22:32:29,2018-05-14 13:36:00,2018-05-15 16:29:06,2018-05-22,d3ac1208ac84e969a4099561f38aa358,2018-05-13
7f1026fb759eed811a6527513976db24,10855794718e285d72c17edbfc0e38e6,delivered,2017-11-26 19:10:22,2017-11-26 19:33:41,2017-11-28 20:02:25,2017-12-09 16:46:58,2017-12-15,3d64b4749c2bd5846f7b6396e0217a37,2017-11-26
54f8cc54ce619e267135641ade8c363e,b3c62a5df61ab4d3fb52abba2db12081,delivered,2018-07-16 04:02:53,2018-07-17 07:31:35,2018-07-19 13:26:00,2018-07-25 17:52:04,2018-08-08,f58595c5ecdf5e9781678b83ba2e0c21,2018-07-16
ceb30531e11e250d849ef8e10eab9b81,4b071c9e72ea1e8f90ea98c67acd1f35,delivered,2017-11-26 00:08:15,2017-11-26 00:22:53,2017-11-28 03:10:14,2017-12-04 22:42:21,2017-12-21,8e449cbf0eeeaa3c3316a8c6847b42a4,2017-11-26
251d586514cbf0cace61e03c54a7bf1c,c66930207366cd639a04c2fdfbfb310e,delivered,2017-06-03 11:20:10,2017-06-03 11:30:11,2017-06-05 15:21:13,2017-06-14 16:36:04,2017-06-21,6c213d4c60e0584f43b1f66035dfecca,2017-06-03
931a37c2cf1baf72a4fdca303da80254,90645c0b77e04de1a742ad58c5bb10cf,delivered,2018-01-15 08:16:19,2018-01-15 08:29:49,2018-01-15 17:08:59,2018-01-22 21:46:35,2018-02-14,ba50f76e44035c82b35cc0b475199a0b,2018-01-15
124c8d5fee5f49a8d7a8535b5bea6e69,4b353a0617c3d6d44a3b134843fb6414,delivered,2017-09-29 09:48:20,2017-09-30 02:14:29,2017-10-02 16:06:02,2017-10-03 20:48:05,2017-10-17,02248d5e7ec365ab4fe76975be1449a6,2017-09-29
2365a103706753a90b96a806e02061bf,0d3366a481bf8be969c8153f8d97b7ca,delivered,2018-08-10 21:23:11,2018-08-10 21:35:18,2018-08-14 15:12:00,2018-08-20 14:32:18,2018-08-23,4e7930aeed576fe7517a9964de0e1a69,2018-08-10
b8f3f5cc5ad4103e17b5d0bd4266d69d,39b95a2690bce9433140be3c4cdcce38,delivered,2017-05-06 17:25:10,2017-05-06 17:42:09,2017-05-10 03:27:55,2017-05-27 07:07:59,2017-05-31,f29c287e3867744b35079cc697f01935,2017-05-06
e68ff101d8dda789b0846f5a65ae55b7,8bd0dae2017d7d539fca3d7455e79aad,delivered,2018-03-29 00:37:04,2018-03-29 00:50:19,2018-03-29 23:46:39,2018-04-23 21:59:34,2018-04-18,b6e69b3a0b654d876683200aa321fc9a,2018-03-29
319d08221500b0aec75b91e63101329d,631c90faa88b1f2e61a640df5ccf5ab5,delivered,2017-09-26 23:50:03,2017-09-27 00:04:45,2017-09-27 21:30:05,2017-10-09 13:02:51,2017-10-26,8e0453d76b63c9d14f15a0f2e43716cf,2017-09-26
116d9a3f0291e98b5dc5a0e568124662,6c45ba2a0257b104b407475efac538a6,delivered,2017-03-21 19:05:59,2017-03-21 19:05:59,2017-03-23 08:42:40,2017-04-06 14:33:32,2017-04-17,0d46709487736ac09ae4a157b72a4d8f,2017-03-21
7ab31af36d3bbf466b048fe0e1dd0dde,98429ab5c5f97e1d0d1651b16780769e,delivered,2018-03-06 04:20:34,2018-03-06 04:30:21,2018-03-12 17:46:32,2018-03-16 20:05:55,2018-03-22,5dc8098e89f6852b2ab99d7b3123c27b,2018-03-06
e0f06a57d717562c49f91cd309be4598,52d594f502a5c3328e8ab6815bccee72,delivered,2018-01-27 18:04:23,2018-01-27 18:15:28,2018-01-30 20:51:51,2018-02-14 19:45:12,2018-02-22,4a42c348c9898dca1caf7bf599abe02c,2018-01-27
7e34d6fcce4e3e6e5f06ad143cb3585e,efa9c1017b6b7dc094571e2678e972d6,delivered,2017-08-13 15:15:27,2017-08-13 15:25:31,2017-08-14 18:22:51,2017-08-15 16:36:07,2017-08-25,9c0d01f2bd55d074b2cad35cb0301476,2017-08-13
7cdaa17ad10c7724ac707e1a2fd3a3ae,df27b2625974afb5aea8a397df992f86,delivered,2018-03-21 13:45:45,2018-03-21 14:11:50,2018-03-21 23:07:39,2018-03-22 14:58:59,2018-04-04,6cd6d501d0296f00b5e3048e6e6bf173,2018-03-21
1c62813b18c96c96cbfaefe7588521e2,dbb01c4154aa3ad7beb016b790d23ac6,delivered,2018-04-22 14:50:46,2018-04-25 03:51:35,2018-04-25 15:07:00,2018-05-02 21:14:49,2018-05-16,0449fa42f833d27131d765639ce424b5,2018-04-22
fcd8e0bfd20989bd07e3cabb10f2349e,36cf561d6c23f010a6944f0908ee6bdc,delivered,2017-07-07 16:34:43,2017-07-07 16:45:12,2017-07-10 19:51:40,2017-07-19 19:02:37,2017-08-07,4c238e06836176bcacf75f445cd4876b,2017-07-07
c157dbddbf8cf9a086acf9ef8eb8cf92,cf0b03b5cceb5984281a0f1a4cc62bf9,delivered,2017-10-03 12:13:15,2017-10-03 12:28:19,2017-10-05 20:59:53,2017-10-16 23:19:55,2017-11-01,f5dc277198269046768e02dda2f5e4a7,2017-10-03
f5bff2d50e9c66554445c80db26b80bc,b31a89fb4471b56f823dba2960e70409,delivered,2018-04-11 12:53:37,2018-04-11 13:10:10,2018-04-12 03:02:54,2018-04-18 18:04:28,2018-05-04,4cb76d1349b08996d5da6bf577d6645c,2018-04-11
9d64f8c659b3ac3490cbe4dbdbf522b0,eaf959aee30275c60e996b0555197b4a,delivered,2017-07-10 15:45:12,2017-07-10 15:55:22,2017-07-11 21:51:37,2017-07-18 19:47:59,2017-08-02,5b9e2d80a7ebfcf10ed0fa934a6de8f9,2017-07-10
b1c51fb49ee0d5934e33c77c603e6652,80b39f9a692035c0d939375242786129,delivered,2018-07-24 09:24:22,2018-07-25 15:55:12,2018-07-26 15:31:00,2018-08-06 21:58:42,2018-08-17,a9585b76d1dc3d478b6277d7f1bf5013,2018-07-24
00b402e8a76d3da83714c52d3977cc2d,ffca23943c4b620ea24812018373fa3f,delivered,2018-01-01 18:03:43,2018-01-01 18:11:33,2018-01-03 19:52:24,2018-01-19 12:08:06,2018-01-31,e2421eb09087faf4f51661d176aee08d,2018-01-01
3553afcee0e882963fee338dca8daf7c,29e396638f562046eb9b8f96b88fe73c,delivered,2018-03-20 14:15:56,2018-03-20 14:55:49,2018-03-24 01:05:16,2018-03-27 20:04:07,2018-04-27,5a564a78e8025411f5529c9926f91e63,2018-03-20
7c20de54af91549df98fd6926d781144,69da8f7e3838afac5a01e031267b1e77,delivered,2018-07-17 17:26:41,2018-07-17 17:35:28,2018-07-20 14:25:00,2018-07-24 18:57:32,2018-08-02,fa0d32a41afb3eb411ba47bd87b1443a,2018-07-17
683481ae11f5f4ccfd9263a3bd7f25d4,38e26bdd2add60a638859e52ea718cf2,delivered,2018-06-21 11:12:14,2018-06-22 15:20:36,2018-06-25 15:57:00,2018-06-28 17:11:45,2018-07-19,059907a512be8ac75b50cbcf6f837d18,2018-06-21
d985f28d9d0fc8b82d89fe5fc272fc64,42b60323285c89fc7c84d6cc24f515be,delivered,2018-01-31 06:57:36,2018-01-31 14:04:57,2018-02-05 22:35:52,2018-02-22 17:59:00,2018-02-26,ef259a70ab5c229b5f323b0edc115f50,2018-01-31
ef8c0e8009daa5ba8b92359799980139,6fdf1309d22d779b57f60c34222d724c,delivered,2017-02-07 14:36:30,2017-02-09 02:50:22,2017-02-14 10:27:59,2017-02-20 11:44:13,2017-03-16,bc29d0a36e1f5445ca9101186f7b0aea,2017-02-07
0baaa859b7ff0b4d1f674a1d5c3049f3,397923ee893a17a79703c3d8cff22911,delivered,2018-05-31 21:25:00,2018-05-31 21:52:34,2018-06-01 12:50:00,2018-06-11 13:21:40,2018-07-13,a4e7c06913461ef2298e10fb4cdd2d71,2018-05-31
9f5630ff3b1445ec3e06b2cbe5c47258,d500c6adddbf36b09f269947a7b32a4d,delivered,2017-07-20 11:52:47,2017-07-20 12:05:50,2017-07-21 16:51:51,2017-08-01 19:48:58,2017-08-15,55442d4546e0a75dc8c38e90be43565c,2017-07-20
4b90a2d18610d0b0ebb42c4abda69034,fb963759c7caf6842f075df5c837513f,delivered,2018-01-26 19:59:24,2018-01-26 20:13:32,2018-02-01 21:46:07,2018-02-08 23:51:28,2018-03-08,b9ca109aba9631a3dcf9c422ee6a16f0,2018-01-26
c921d0b03ebcae62b75e66a01a5bb120,6f73dc82e89ddde64e4090c29ebb358a,delivered,2017-11-24 08:59:13,2017-11-24 09:52:32,2017-11-25 13:02:42,2017-12-06 13:09:18,2017-12-19,cabd63ea066284b36b128a865fb15e2a,2017-11-24
3c3df3dd2afaabb39a53131f9ce98116,e943fd415548e057fd54798f8c6b49fb,unavailable,2018-01-25 14:52:00,2018-01-25 15:09:44,,,2018-02-19,6b19a736d2caf6c16c7355879c33cff4,2018-01-25
f0c5bf0424d3e7459403f791bf76f03d,01a14c29b06fa1ecdcfdc1b0afae799c,delivered,2017-04-16 15:43:02,2017-04-16 15:55:19,2017-04-17 09:50:40,2017-04-26 14:24:44,2017-05-18,ecc6e5e96fe666e11c6a983d667121b3,2017-04-16
4bb8dec0d926428f71818fb88451c2e6,09bc7297c4f07c5be96e0c5708c0deaa,delivered,2018-04-09 12:58:56,2018-04-10 12:55:37,2018-04-11 17:03:29,2018-04-26 22:03:30,2018-05-09,79c397d2d7c20e59cce6581a27bceee3,2018-04-09
ed364df193e70bcc74c4ff890ab2ec00,1eb164a16341e7ad1079d1679d22c3d5,delivered,2018-05-04 00:21:19,2018-05-05 03:35:21,2018-05-07 11:42:00,2018-05-15 22:38:38,2018-06-13,6067ec13b85eef3985d23006fe739b3e,2018-05-04
a24fa323cfbec085a10c18369c980b1e,7fd3a4989d98e2d60a403f6ae5f6e2ac,delivered,2017-02-07 22:29:03,2017-02-07 22:42:32,2017-02-10 10:25:19,2017-02-16 16:24:47,2017-04-20,72d269b304e316ace7ca02afbdfaa3f8,2017-02-07
753841f6cd9bed8cbb16bae45c571e8e,add346aec807a8a77bde008a6a3dea91,delivered,2018-07-04 20:17:49,2018-07-05 16:09:37,2018-07-06 08:01:00,2018-07-10 18:32:56,2018-07-27,2967d88300cc430414a9e0b84bbd0147,2018-07-04
2619850f884f4f5e11109077d8b97f04,5c81b75f963bd38599eff16b0952ee94,delivered,2018-05-17 09:00:38,2018-05-18 05:34:24,2018-05-18 14:59:00,2018-05-21 16:58:54,2018-05-28,e43b9a91d712e85ada3dd1f4a52a6365,2018-05-17
c8e2288c4eab2cbafdf32fbde78f5a0e,11e500c429a892d22600aba18784ba1e,delivered,2018-07-16 16:35:30,2018-07-16 16:50:17,2018-07-17 12:35:00,2018-07-23 15:51:36,2018-07-31,ffe96201d466b0e0dc8139850be29d5d,2018-07-16
92307d93688d9465005c2cf0b6aa7480,a6041a9fbc2ec5b2dee5219b469893ba,delivered,2017-05-22 21:45:15,2017-05-22 21:55:13,2017-05-23 16:41:24,2017-06-19 21:55:57,2017-06-22,54ae160dc850008bb5c8831ac9d81669,2017-05-22
3a8b1e565c498e2688ae1e60745544d8,629bbdb95c29abfed36d1dd1b8715685,delivered,2018-02-09 15:10:36,2018-02-09 15:29:27,2018-02-16 21:25:52,2018-02-22 17:39:09,2018-03-06,d007dda28ca775b3ed4212702445e808,2018-02-09
9609b17631c31335c7ee54d0b9dc5716,b2578c3be2bac4a569fb6b0792f8683e,delivered,2018-07-13 11:11:57,2018-07-13 11:25:09,2018-07-24 13:30:00,2018-07-26 20:52:39,2018-08-01,fc139ea2af6753a0aa1e8af9eea35c8b,2018-07-13
861135e965db93780ab935ee79c6a68a,b496948020f25e717805832d6226bad5,delivered,2018-08-05 23:44:06,2018-08-07 04:30:20,2018-08-15 05:41:00,2018-08-16 18:12:22,2018-08-14,f8e965c33a56600fdc7fd54f0226f89d,2018-08-05
bffbaadd10618f8f654b42bf0a7dd15f,dbf8d753cd1444423d78566e4148b363,delivered,2017-11-29 22:25:31,2017-12-01 22:18:27,2017-12-05 17:33:58,2017-12-13 22:07:37,2017-12-26,65364fdb436a31fb6cac122b7b063121,2017-11-29
6529965e47097fe5bb0be908e7c43e9a,fdb42e759b6b954dd8a7e02b1df517f4,delivered,2018-05-30 22:08:37,2018-05-30 22:30:31,2018-06-01 13:43:00,2018-06-06 17:32:55,2018-07-03,bb3903fa27dfc46d65e16f55db46063b,2018-05-30
1d21d12aea4b6b1a7debf1e5e5604734,0120ff9de7b5aba7cd8676c093f189de,delivered,2018-01-25 15:50:30,2018-01-25 16:18:13,2018-01-26 18:12:45,2018-02-08 19:22:53,2018-03-05,3005e572ba8546283336ed219f88660d,2018-01-25
6c12026576c43985a49fc784c5e62b6b,3d73d619dcffc982e62330b93f0531dd,delivered,2017-11-07 21:05:18,2017-11-09 05:31:37,2017-11-13 15:42:05,2017-11-14 18:27:46,2017-11-22,d2438db391aee59bac16f4a9d3825b9d,2017-11-07
966dc9fffe616512b8c5ec00294c21a7,0a067beb29d6e296865cd7810d98835f,delivered,2017-03-13 13:15:10,2017-03-13 13:15:10,2017-03-14 08:11:52,2017-03-20 17:28:01,2017-04-03,6102bae6e1be877b91808059dad2dc39,2017-03-13
4ccd8da82485c892ae90284af589153a,bc13567372ad405e1fa1c93da7eb9079,delivered,2017-01-25 12:18:11,2017-01-25 12:30:23,2017-01-27 11:27:44,2017-02-06 14:44:28,2017-02-28,e99d46b5ce67a88cb8d7d5225edde938,2017-01-25
ace0c35b85db51d5c8dd029487bb9f34,cd68b3fa4e48736451e77e7f9c6bd069,delivered,2018-01-25 11:19:00,2018-01-25 11:37:50,2018-01-26 18:58:08,2018-01-29 22:24:07,2018-02-09,4205773bff14c83947c8d0275310da43,2018-01-25
8d93dbb3a2a6122ad6f94cf0d35d0616,9cec617fc8c3c3bce39b8133c29efad9,delivered,2018-01-18 19:30:05,2018-01-20 09:09:11,2018-01-23 17:18:48,2018-02-04 19:12:33,2018-02-20,fa2f184ba76dabae9b5cd4c5f711b228,2018-01-18
ed4116f3f55e67e9a26b9f1891ba2497,125cc79e58f69c02004d42cb9d549f4f,delivered,2018-08-09 13:21:48,2018-08-20 15:55:42,2018-08-17 13:29:00,2018-08-31 00:14:30,2018-08-29,16216be2d60a31cdbdca0f6fb820726f,2018-08-09
11b60b3ca3c2cc7ad8e5e6d609ab41e0,68c5ef859a2e3d13dc6303cacca41987,delivered,2017-08-28 17:43:16,2017-08-28 17:55:19,2017-08-29 20:22:07,2017-08-30 20:40:12,2017-09-11,a6e7150ef51d899ae5ec38ec28e28fa0,2017-08-28
ce8d55aa1c206156fde37e062c716ea2,306e7f5a781430174600acfec52a1843,delivered,2018-03-09 19:19:24,2018-03-09 21:10:31,2018-03-12 18:32:18,2018-03-14 20:56:53,2018-04-13,01886ef98f995e4f2dd75a1d04c97397,2018-03-09
0a54256bfd2401d553f81d8e37e5305d,11af45ad3e989cec1c7b9c677d8ec713,delivered,2018-08-14 20:37:26,2018-08-14 20:50:23,2018-08-16 12:37:00,2018-08-27 18:12:39,2018-09-14,92d3d9f32205262f8c02d4d5f42c3d45,2018-08-14
c59712a9767189f0a1e5258b5c3447b0,1613194aae75f127dd52a37566c138ca,delivered,2018-08-28 14:37:52,2018-08-28 14:45:12,2018-08-29 15:48:00,2018-08-30 16:21:57,2018-08-31,6e7bfbc2f1b96b9be02a19a233d98e0f,2018-08-28
6ffe7cebfe521de0435648b47a87083c,46ab4ca304d63607583e422f38618bfb,delivered,2018-01-16 10:29:39,2018-01-16 18:16:29,2018-01-17 19:53:14,2018-01-24 21:58:09,2018-02-08,801fe909f07f30e09dbc36b5d4c12d69,2018-01-16
edfcc0d0ec1030a8e909f9fe588f6a02,7a62bc0951485c056fcfb2bbfae5b12d,delivered,2018-05-07 15:00:05,2018-05-07 18:15:42,2018-05-09 12:39:00,2018-05-10 16:48:34,2018-05-18,ded6fe3fd86ba79274deaf93fe3c4b20,2018-05-07
4186a414a7029f2b82f4a83d93151ef6,804e241e3524d0d28096ca515f29972c,delivered,2017-09-18 16:31:58,2017-09-20 02:10:22,2017-09-26 18:24:34,2017-09-30 17:14:56,2017-10-04,e1fd389ff513d486dcd52b06a1e0cfd9,2017-09-18
458a97b5d6f66560f0b625effac969a2,d0fdc4eee859debee52ef91f106c963c,delivered,2017-12-06 13:46:32,2017-12-07 03:14:05,2017-12-07 22:21:29,2017-12-14 14:55:10,2017-12-29,ff905cb313cb121a840dafe5a7a9170f,2017-12-06
82e378ade53cb79a30a29810af3fa44c,5d4542c52b180a1344520af06ed37089,delivered,2018-06-10 14:06:01,2018-06-10 14:31:13,2018-06-11 15:29:00,2018-06-16 00:32:00,2018-07-11,517bea4cbdea6b1002177c69de0fd39d,2018-06-10
8672506d76fd3df6ade72da99cb43c91,778fbba7af3ebf6a549195c1a09b02fe,delivered,2017-11-13 20:35:48,2017-11-15 02:55:49,2017-11-16 23:21:36,2017-11-21 23:32:25,2017-12-06,2faf7ce4d1c0b0128a539b2b2d19f864,2017-11-13
f0b53984ba0214f7896833c7ea1cb19f,44deb956d2803f3ec0503328426bcfa9,delivered,2018-03-15 16:50:20,2018-03-15 17:10:20,2018-03-16 22:42:03,2018-03-20 22:03:01,2018-03-27,db6b3f4f20aae0237638a3e6a59f4d06,2018-03-15
b7b6e52282e462db3a8fd56c2d27389c,f79872c7d7a7fbe7efcb6cbcd020de7e,delivered,2017-08-30 01:50:04,2017-08-30 02:05:13,2017-08-31 18:13:35,2017-09-04 20:12:44,2017-09-18,b570ee847f6b59c952d59e00159a7b30,2017-08-30
1f78449c87a54faf9e96e88ba1491fa9,68c9dafdf193586c290b19c71541357a,delivered,2018-07-22 14:07:35,2018-07-23 11:32:08,2018-07-23 12:58:00,2018-07-28 15:03:04,2018-08-14,2ecddf370925aff428e58b4f6021fe38,2018-07-22
f71c22b4583654c7bd72c16388ab4e07,24cb93efb2875eedf1c9873baaba03b9,delivered,2017-07-03 19:10:48,2017-07-03 19:23:42,2017-07-04 12:29:44,2017-07-24 15:22:23,2017-07-31,6e40c69b6e71d8796faf3fc352447654,2017-07-03
758480e19da5e5b47ceb7318a5ca77fe,4cfff3fdb1921c35662448807ab4cc81,delivered,2018-07-30 07:25:35,2018-07-30 11:55:20,2018-07-31 16:02:00,2018-08-27 20:52:37,2018-08-20,0aaf14a68336153d8a79d877d3c86b3f,2018-07-30
756ab8926e5a8c5cb52f604c40c15767,eb158cd7050d2b45817f6ed442784d8a,delivered,2018-04-25 20:34:48,2018-04-25 20:50:25,2018-04-26 14:31:00,2018-05-02 22:14:44,2018-05-14,f78dc4fd416eb9241b60d194b5a278f1,2018-04-25
8cbfe33bcf72f61fe06f614058d37171,5c8d24e0bfbb275a17d06a203e80e94c,delivered,2018-06-16 16:17:45,2018-06-16 16:38:47,2018-06-18 15:56:00,2018-06-21 21:45:44,2018-07-18,0fc732500b00aa55f400593c82ffe176,2018-06-16
3ad3f75989908136712eba79927a805c,454e6236785cc7789bcdb331e7499c4b,delivered,2018-07-23 15:59:52,2018-07-23 16:46:02,2018-07-24 10:52:00,2018-07-30 17:09:05,2018-08-20,1d79fb0f9d30afa38e58559aeaf57407,2018-07-23
6dbeb47d61ce0769596f48e01978dafa,429df00ee80470e6a3dca2be6869f37c,delivered,2018-03-26 14:20:38,2018-03-26 14:35:22,2018-03-27 19:08:45,2018-04-02 11:16:46,2018-04-06,24cb2fe601b657443b741a3ee6047913,2018-03-26
fd2183b67656b8228e073e069c83737b,ac126ccd4166cd1bfeb32eea102d5569,delivered,2017-02-15 14:07:24,2017-02-17 02:15:14,2017-02-17 14:56:26,2017-02-22 15:46:01,2017-03-14,32ac0ae096c7625711894557c13772ae,2017-02-15
37bfe6c888db02bffd84e1b36447bfcc,9fb3be93481a3c4b105ad2a02ace1a45,delivered,2017-05-05 14:47:40,2017-05-05 15:02:20,2017-05-05 15:12:44,2017-05-12 14:23:56,2017-05-26,f2e860aa94bf83e60f7f3ae71f85b177,2017-05-05
6852fa728e2ac8e2cf24b939d7d9908d,a5b3d76d7d0f3a8899b299b15c75fade,delivered,2018-03-01 16:06:17,2018-03-01 16:40:45,2018-03-02 17:58:51,2018-03-19 20:36:45,2018-03-20,ab3abb6eff6c087c684b12783a0b159c,2018-03-01
c3fb8e13cb37ff21273a1d90ebcf0896,7fa066d3b64a08894c8751a33d509928,delivered,2018-05-21 19:51:24,2018-05-23 10:18:10,2018-05-23 12:54:00,2018-05-29 15:23:25,2018-05-29,73d3884f3b6a73d8284a92783cb0f674,2018-05-21
f6d1b6b0b6f93eab6bdf97aea6a0b7ef,a0cca9f716d7146230d6bfa0bd186e43,delivered,2018-04-01 20:56:01,2018-04-03 05:10:36,2018-04-03 22:57:57,2018-04-21 17:58:21,2018-04-24,087b21f84e28600674e00ecca7629423,2018-04-01
c5b5fbe68f87bd4ee6770536a1b30fc3,e60e299a5a3adea568eb7fa2e1c69497,delivered,2018-08-03 12:34:15,2018-08-03 12:50:13,2018-08-06 08:27:00,2018-08-09 17:26:53,2018-08-21,beea14423af7a912bb87516a96b13204,2018-08-03
f379762648ae96c1d04844ca3308df86,f6e6296520027eb656a2c1c4f80bbdd3,delivered,2018-08-03 14:09:07,2018-08-03 14:43:51,2018-08-03 13:55:00,2018-08-08 18:51:39,2018-08-21,66094cc32cdac22a0a768c903b4a08bb,2018-08-03
c8912d4202b55b07362de0e1d8ab92a1,b724725d7ade53d1a623e28e93cb8c84,delivered,2018-06-30 18:11:31,2018-06-30 19:30:10,2018-07-04 15:14:00,2018-07-10 23:58:34,2018-08-08,10e30173d69a9603e9970708ccdda822,2018-06-30
da6605100e54eca7235efaeb6d9717a0,dca71b66271766b6e86a1ad74d291374,delivered,2017-07-19 18:16:17,2017-07-21 02:45:27,2017-07-21 19:47:40,2017-07-22 16:43:44,2017-08-01,d8a8fc01cd6d5ef83e4c2f865264a5f1,2017-07-19
1dfe6b39bfca58691553de7585122450,555f5f702cd95ef9f137eb8dd7e3656d,delivered,2018-05-12 09:09:41,2018-05-12 09:31:56,2018-05-14 14:16:00,2018-05-18 22:04:12,2018-05-30,56d6d1ae03e95325991e4c77bf3cbe53,2018-05-12
86d06bceca766579cdf18c84e7778a57,f4a0bb1d50071cee5583469f5710a57a,delivered,2017-06-24 14:54:30,2017-06-24 15:05:17,2017-06-26 12:02:05,2017-07-03 18:23:24,2017-07-18,deffd690ee36c3962798f6d3500c8ffe,2017-06-24
29f6c8fd6605fb62cceeb59ce698bf75,9ecee7edd51fea4cc04b55c51d5dad04,delivered,2018-06-23 19:04:41,2018-06-23 19:16:20,2018-06-25 14:35:00,2018-06-28 22:02:50,2018-08-01,efbbc6c4e6307a916ad4c3ed481695f9,2018-06-23
5990719adf4d9d93dd602a9e14879bc3,045eecf8b7d258d4ac84816515328236,delivered,2018-01-30 10:50:41,2018-02-04 23:31:36,2018-02-02 18:05:16,2018-02-27 20:55:44,2018-03-08,17cd440592c98a8dbbf7a99963274ffe,2018-01-30
506b766a5636c21756e8026fea871ec7,7711f97f5a39689cb92b2a1d87ca957b,delivered,2017-11-30 20:33:24,2017-12-01 09:30:59,2017-12-04 22:12:59,2017-12-12 00:14:55,2018-01-03,da33e0d632e94d62a0edefd1ef4cc192,2017-11-30
5b16597db46078bb77a52724f579a731,42d4162df2c934129e1f2a5b10fceb54,delivered,2018-03-12 15:57:00,2018-03-12 16:15:39,2018-03-13 18:32:58,2018-04-03 15:21:42,2018-04-03,d692987a5b3a5b5c9eba6b5e4ff7aa76,2018-03-12
f1254ee692815f607bd748f1b50423db,969b1c259f71e3cff2fd83bbb41d17ea,delivered,2018-02-15 17:42:31,2018-02-15 17:55:27,2018-02-23 15:29:17,2018-03-22 23:16:58,2018-03-19,f2cf0784eb9c2c9e6334468850be3f80,2018-02-15
932fbcd8ff83452581f2b710115f094e,3391d14b67f9a497f056bb575a5f7a30,delivered,2017-05-06 12:16:26,2017-05-07 13:05:51,2017-05-08 11:44:07,2017-05-16 09:33:22,2017-06-08,8b9fb53ac87369f38cb793c2ebd89798,2017-05-06
33d6106ddf9df878276e94044ae5e438,9f405f7bdb11011f0e657b1580a46009,delivered,2017-12-17 00:39:23,2017-12-17 01:31:40,2017-12-18 21:48:42,2017-12-22 12:23:01,2018-01-15,e5b9ae4a58ec637282dec8b52f2852db,2017-12-17
5a3b92a2c03f3b83b187d713f47ebe8e,a5026c06f1b1d8330badd5bbefabce2d,delivered,2017-10-05 15:37:40,2017-10-06 02:14:36,2017-10-06 19:47:09,2017-10-09 13:47:46,2017-10-24,782af02f37e30c4732391dcf40fd5225,2017-10-05
ab05474196376ffce748cccc5d257c1b,d1bdbe1eaa8dbcb597ce1366c7396261,delivered,2018-02-27 14:08:15,2018-02-27 15:31:23,2018-02-28 19:13:16,2018-03-06 22:09:44,2018-03-22,3d7c6a128b8bfc89e01b0afdbb60179e,2018-02-27
f36aa133ca7706c333252a46fc0b36e1,b89de8f8af3fdb65cf3d973495f6b9ff,delivered,2017-05-07 09:48:03,2017-05-07 10:22:21,2017-05-10 14:41:42,2017-05-20 08:19:44,2017-05-31,1488efa4d927b9e978a7f3aae358dfbf,2017-05-07
ef22b86bfc7dd92a0221c7870bd18089,820ce34afc3dd20ca42a649b9104336a,delivered,2018-01-12 23:27:58,2018-01-13 00:08:41,2018-01-16 22:10:17,2018-01-23 20:48:10,2018-02-07,8f5b9dd8e6bff17502e06b7d31e4ff68,2018-01-12
dd66c3e6a85bd67e68275e13bbc71c44,09d1557bc553526e8b15d877e8b86650,delivered,2018-05-03 23:01:35,2018-05-05 03:15:13,2018-05-08 12:25:00,2018-05-12 13:46:32,2018-06-01,1880cba44eb374d1e5b26a2428300754,2018-05-03
e9057cc32091bc1e10940df4a6f08333,13cf58797ee635bce7358bffda96073b,delivered,2018-08-19 14:22:30,2018-08-20 12:10:43,2018-08-20 15:18:00,2018-08-27 23:52:45,2018-09-11,e73b8457f9e905bde2d44951fb0077e9,2018-08-19
bcedf990f0c3bda8b094040f2f332327,60086ef5b2c66eb38643821e50aa4be8,delivered,2017-11-02 10:55:19,2017-11-04 06:15:22,2017-11-10 17:16:41,2017-11-21 19:12:42,2017-11-23,4faddb71b28a095ba04a31c33d1062c8,2017-11-02
1e06944a511e346128c1174c18d597ec,ea234d0423d62b7fbfeb07473d3a201c,delivered,2018-08-20 15:23:57,2018-08-20 16:32:08,2018-08-21 14:00:00,2018-08-24 23:42:44,2018-09-03,59b4ec664e6f745f06ebba9d33c475e0,2018-08-20
d8e4f17201e35b0341b90bf7b8be215c,b3a3ffd5d2336398f85be59cfbbf8af8,delivered,2018-08-19 17:12:43,2018-08-20 12:30:36,2018-08-29 15:07:00,2018-08-30 23:42:49,2018-08-31,b5868411e17e4c39e9f05bcce025c4e5,2018-08-19
95c8f9cfbfbc4726a1a3f3405b1ae666,af7f6c91d4cd411589ac2e001c331dc6,delivered,2017-07-10 22:17:20,2017-07-12 02:10:13,2017-07-12 20:13:53,2017-08-16 17:53:02,2017-08-11,57f8b22229a95e19ecbd350288d76f34,2017-07-10
dc7a959594336f6171e4fddee0e43e2f,871fbb81abb2627645286b5a4db84693,delivered,2018-06-14 18:07:43,2018-06-14 18:40:11,2018-06-15 13:06:00,2018-06-20 19:14:51,2018-07-13,33ab3179e254bc4b26dbc72a60edd89d,2018-06-14
b9075978138552299e67a2f2c430b75b,e55227c80ca878dad86e6ab873b52f8d,delivered,2017-11-13 18:20:12,2017-11-13 18:31:07,2017-11-14 16:51:57,2017-11-23 19:39:37,2017-11-27,dd73abcfc2e958c4160e0be6303e4982,2017-11-13
de55aaef46848b1f0c47093ba2430a27,3f1ec723909aee2fdf8c1cc065479fb3,delivered,2017-03-27 11:53:57,2017-03-27 12:14:50,2017-03-28 14:14:55,2017-03-31 10:27:08,2017-04-13,de0232e873e47315ae283c390b6424d4,2017-03-27
7f76349ca462fc860717b377aac893bd,475c19550884f1d7a9b504675d794332,delivered,2017-12-19 14:57:26,2017-12-19 19:14:11,2017-12-21 21:42:18,2018-01-02 17:47:18,2018-01-19,ec2ddda7d56bc6dcf0e5e5f4b9f67fef,2017-12-19
9e53bf72fa4ecf6af6b7f081d32532ed,878f1fb155f7a04bde2c59f139d52ba8,delivered,2018-03-22 20:58:21,2018-03-22 21:10:34,2018-04-05 15:42:22,2018-04-17 13:36:33,2018-04-26,33a4609e685ad213865e837d30e83749,2018-03-22
83ce5e6768db49face91c92a88888ea1,8d2d88fe2e3f3f685183bd52a8298a24,delivered,2018-04-16 13:18:20,2018-04-16 14:33:11,2018-04-20 15:08:38,2018-06-01 18:44:32,2018-05-23,eab79174774814600bb67d35d7564a3d,2018-04-16
cd9616ec5b7a5113c3b46502ec8fecd4,c5133f3af61bca30d537c753642b42e4,delivered,2017-07-29 17:14:07,2017-07-29 17:30:12,2017-08-01 21:13:32,2017-08-09 21:27:44,2017-08-22,3c694cd43e46b6f99fb02fb8e1ebed87,2017-07-29
76b771ff3f66ec317d81ebdc8643dcbe,e66c52819d608e8c3ff553e58eb3c0ce,delivered,2018-02-16 15:14:27,2018-02-17 03:50:35,2018-02-19 23:34:16,2018-02-20 15:29:04,2018-03-09,56fdc230568e5170d753b7f9bdaac31f,2018-02-16
9380e70cfb5ded0ce59d85fbb2f16f88,ec3e0f50ed5d126825023002f112c7a3,delivered,2017-10-17 22:40:07,2017-10-17 22:49:28,2017-10-23 17:12:44,2017-10-30 17:06:13,2017-11-22,60602f1d7ae0b345d323bb1685725a30,2017-10-17
4cd1d5d35a2f441b1c2f4de2d63e424c,fb1719d41dc2c004ec43737d1f8fa89e,delivered,2017-07-06 12:47:32,2017-07-07 13:15:19,2017-07-07 18:12:13,2017-07-13 17:03:58,2017-07-28,ed94d14d24e74c84076ac86f9f083927,2017-07-06
5cf62f9c757b9bc80a12ffe293efa0ac,dbccc3a5b4b250d8924a3ae91c89852d,delivered,2017-05-09 18:22:48,2017-05-11 04:22:39,2017-05-11 11:57:04,2017-05-20 10:52:48,2017-05-29,b16784e495591a8f32fd73cb7da89675,2017-05-09
539d0e8a233d633cce2f53dc4280c55e,6308df43e19f572096086928db705f23,delivered,2018-03-13 09:14:23,2018-03-13 10:00:21,2018-03-16 20:22:09,2018-04-02 13:18:40,2018-04-20,2c50af4ba02025d2f9256d89723d3c18,2018-03-13
c63031aab37b1beb849bb4856afd4f13,c348c931c27b95c6f37d635ddcd65a84,delivered,2017-05-24 08:26:11,2017-05-26 02:42:36,2017-05-26 13:15:09,2017-06-01 15:44:01,2017-06-19,6e207ce743529b068b162238ca9a71d5,2017-05-24
fb1d2527c581c02fc24ea10dd0a0a012,f5af2c8493bd063c294630568319b6fe,delivered,2017-07-05 21:55:10,2017-07-05 22:05:24,2017-07-17 10:52:38,2017-07-25 19:22:46,2017-08-08,99b1e6f4c4427e8d54621c75df12eeae,2017-07-05
cefeab80d083e2aa4a0a526027bec9a6,4a12d191a342a5dcc0cf27866bc9478c,delivered,2018-04-16 08:14:01,2018-04-17 05:50:47,2018-04-17 23:03:04,2018-04-23 23:09:35,2018-05-09,a64012382321fce9efe25476d026d290,2018-04-16
2b9adeb55e0bd21f06e9dbcb10855229,464726ead2259f3281f01d051f4f15e7,delivered,2017-07-20 13:41:38,2017-07-22 02:23:14,2017-07-24 19:22:04,2017-07-26 18:14:49,2017-08-03,393d00c8cbb3f01a0a7d131eac6ae437,2017-07-20
3d5dd5656fbfbdc5a7798d2e0885122f,cc0b5421d4eee8e67ccdb7cf2c68e44d,delivered,2017-08-24 10:39:15,2017-08-24 10:50:40,2017-08-24 17:52:19,2017-09-06 22:34:05,2017-09-20,4b69463d4a30fdba7171716504935ef7,2017-08-24
b9fc20a409064176b0795b768a6c6997,8947279bb0e0ba714b6900e24de09899,delivered,2017-12-20 13:57:37,2017-12-21 02:11:46,2017-12-22 20:41:49,2018-01-09 22:18:43,2018-01-23,11dece2a80b983d52a4250e0cfac2767,2017-12-20
ea1b2252e50358f485d43eebf86033e1,9576d0ead7d4c16967807491cf3761ea,delivered,2018-04-06 09:12:57,2018-04-06 09:29:47,2018-04-09 18:50:45,2018-04-14 14:11:47,2018-04-27,89295ec3c3343a6d2bfa9fdc65531fc3,2018-04-06
cdcbc6b851b5053b23ca73bc17d2ba50,087c73da7b217960e3b18443ed5408c0,delivered,2017-10-27 13:07:34,2017-10-27 13:27:51,2017-10-27 18:58:41,2017-10-31 20:56:44,2017-11-10,e1db40d282dfec516cb1f9e7cf4e7ae8,2017-10-27
741d2cc8f5697d6dad48097792babbe2,8a36db6f09c1bddee00dd6c9c0ab4d1d,delivered,2018-04-28 16:57:24,2018-05-01 05:32:38,2018-05-04 08:08:00,2018-05-10 12:26:42,2018-05-24,8378cdfa8ea82daf322af788c4daddb6,2018-04-28
617f3ac92b6ecb2e873e6075d9f936d7,ae6488325cb82e451aa5f3dafb7ffe15,delivered,2017-08-29 09:20:42,2017-08-29 09:35:15,2017-08-31 16:24:04,2017-09-13 20:13:22,2017-09-27,94984fc72776201f3c1326594a5c538e,2017-08-29
1ec1f0aa2c220d06ace348a757325915,f5e4c555f2ba8b9b4ba40340707efdbf,delivered,2017-09-01 21:19:10,2017-09-01 22:07:31,2017-09-04 14:22:07,2017-09-14 21:57:33,2017-09-26,48c8dc8d8ce357cd27edae89b40608f0,2017-09-01
205e16be0c19461ce25d719fa25b5331,28879eba5897d793590ee91f3a54e150,delivered,2017-12-15 16:32:14,2017-12-16 02:51:50,2017-12-20 21:38:55,2018-01-06 18:48:49,2018-01-15,66cdade9593087e4d54912e755e8b61f,2017-12-15
5a04c1749a15cae43d54621e2f1bc596,987dbcb1c8ec0e64620b6823603169d6,delivered,2017-10-24 16:48:16,2017-10-26 03:08:58,2017-10-26 17:35:19,2017-11-01 17:46:42,2017-11-23,8dc9cb425d04c03588070571f516b0c8,2017-10-24
1bb21adc611ec6709cf108492c166a18,36504a2ec1aff4fcf7e1c8232379758c,delivered,2017-07-28 19:42:39,2017-07-28 19:55:21,2017-08-02 20:23:10,2017-08-10 22:20:32,2017-08-23,d0f53cdb9d58cb1864972c1efcce15ad,2017-07-28
fdee205e2e0cc6ac53cbd0b6df510d6d,2ee7a3f039140cfc376ccc441edee085,delivered,2018-01-18 18:06:32,2018-01-18 18:16:19,2018-01-19 21:03:32,2018-01-30 23:06:30,2018-02-15,aa3716e0b036304a02aac08dca43ddf2,2018-01-18
ff358345576214cc9e08488188973c84,8da33bbf65a0b181486063ffb90fa3d6,shipped,2018-03-03 17:05:12,2018-03-03 17:29:04,2018-03-05 17:18:58,,2018-04-02,7dd99cf6066756d22317b540493c24fd,2018-03-03
04ebaf1d65a804a49b4b1011467aaf47,0a71f8c6192e87a6cd6615bb9313d888,delivered,2017-11-24 09:37:11,2017-11-24 10:59:04,2017-11-29 21:32:24,2017-12-07 17:31:59,2017-12-14,9ea77a6b6d8ee33337f12baa8ad25a27,2017-11-24
0bbd832750aad342a252f529cb93d020,2705056da3a066ec8aaf06afef7b75b9,delivered,2018-03-08 18:12:16,2018-03-08 18:29:50,2018-03-09 20:18:46,2018-03-21 22:02:18,2018-03-20,9a516ce7a18d8e3bbc9221dad2c5ddd5,2018-03-08
9b0ea51a8dddc4af77a94448e58d332f,3c2fc3527648a05011233b150c49a3c8,delivered,2018-02-17 14:57:23,2018-02-17 15:10:23,2018-02-21 20:56:42,2018-02-26 20:29:01,2018-03-07,bf50b25d445109a6f90c260697ea8216,2018-02-17
d6ff82ba1b005fb6c2f1fab4e633b4ae,5606d344886ad3e80b597d6c22f5557d,delivered,2018-04-01 19:13:42,2018-04-01 19:30:21,2018-04-02 21:46:54,2018-04-07 17:38:44,2018-04-19,848b66a5fc2366f8a7192ea9cc7497b3,2018-04-01
94cbbe30434a51f71837965608aa41e1,3c8f7415137226f77e6a28d898cc0df1,delivered,2018-06-13 23:53:32,2018-06-15 02:37:26,2018-06-20 15:08:00,2018-06-21 22:52:39,2018-06-28,61d13c490fbe8c0119f3157ad7b16602,2018-06-13
9ddba77d69c77e988ac02c012a59d058,3547196c69672a750204ffcbc71f186d,delivered,2018-03-01 08:17:59,2018-03-01 09:09:14,2018-03-05 18:54:31,2018-03-08 15:32:58,2018-04-11,58029ce0f39879b3f38a41ffea3c1720,2018-03-01
bfcfc352185cef17fc3a748ff2e921d0,be060a38284f028a4b7231b6865b9d7a,delivered,2018-07-29 21:34:43,2018-07-31 06:35:18,2018-08-01 09:32:00,2018-08-07 18:38:43,2018-08-28,5f6ee3df1bf4c31218d36510db708caa,2018-07-29
f52e3e3393470c823fe723590c5b20ec,789db55b506ef791fbfc69f17755a560,delivered,2017-08-13 20:13:44,2017-08-13 20:25:18,2017-08-14 20:07:51,2017-08-21 20:35:41,2017-09-05,8e3e10cedbf29156f5d0087bf02c70b5,2017-08-13
c771cdb4091279746e01df25b8c6e7fc,6dbfd47e8b257f03c48b22c46aa895d3,delivered,2018-01-05 09:26:00,2018-01-05 09:34:26,2018-01-10 16:30:15,2018-01-23 16:41:35,2018-02-08,5c1eee56d3fdcce4dbdae5d339301453,2018-01-05
ac1213003a72f088e0491cec47363902,e8e98e34e436b94f502e364ae42c2f1d,delivered,2017-09-01 18:38:29,2017-09-02 03:04:34,2017-09-04 17:35:02,2017-09-06 20:05:55,2017-09-22,10beb52db63400a6e84a6b3c6588b4c9,2017-09-01
43f32fa8b0b6eaf74033bdb392a481a7,ecbc2ef8839c36713bcd2f52c61b0e49,delivered,2018-06-25 15:23:47,2018-06-27 07:55:31,2018-06-27 12:08:00,2018-06-29 17:12:12,2018-07-17,2f8d4d258a74f0986ba03dc9b3427a69,2018-06-25
a8761faebe02e29fb1af2239116807ae,146136e6e527bf71e6341397154c0777,delivered,2018-03-05 14:09:01,2018-03-06 03:55:58,2018-03-06 21:04:42,2018-03-23 13:16:49,2018-03-26,12e8e6fd5b6cfeea8e72ff735c2a1e29,2018-03-05
51e0e77bc0b6eb43fc25286a873ceac6,c5fad69ac45610b0649c7297f7884cb8,delivered,2018-04-30 14:55:34,2018-04-30 16:17:13,2018-04-30 14:41:00,2018-05-07 16:08:49,2018-05-21,d963a02e76970245eecc843daec60ee2,2018-04-30
bf25ff262495b0b876bc4f594f736ecf,5dddbfbf5ba7c90dcb52c18d7835b756,delivered,2018-05-10 11:23:03,2018-05-10 11:51:37,2018-05-16 15:29:00,2018-05-22 19:03:49,2018-06-14,2004ba7732339d9be65f2236d8887ae4,2018-05-10
87a1156856ded4b4c5cbc500d25f048f,22accd6db6217d9206fee816044edca9,delivered,2017-04-18 20:31:26,2017-04-18 20:42:27,2017-04-19 14:09:43,2017-05-04 10:58:54,2017-05-10,da629252c9105f11a793721fa74d9f03,2017-04-18
8a7d789dadca6780e334906644210727,49e8041859a634e56ece47ac3be42529,delivered,2018-03-30 21:39:22,2018-03-30 22:27:15,2018-04-03 20:27:29,2018-04-18 19:41:11,2018-04-24,983fbcc4d057671835857ada4e0c5459,2018-03-30
0ab83b3fdbca202530950e8f1896412a,244ee0a895eedc35629c2f83bef22176,delivered,2017-05-17 10:25:44,2017-05-17 10:45:20,2017-05-18 14:18:54,2017-05-23 11:53:45,2017-06-19,ebd362478f5db91ae17382d1e334b973,2017-05-17
88b43f27bfa01eba0677934c553869eb,65f971f1505bbd0707a81931edff2685,delivered,2018-02-24 20:29:18,2018-02-24 21:35:24,2018-02-27 04:24:52,2018-02-28 20:58:58,2018-03-15,35825208c1a9b2d7cccd2eee08d8cbc6,2018-02-24
277df787ca081b6172162147d83baca1,6608ebf280fed4041d9fdc8047aa6b4f,delivered,2017-08-14 06:49:55,2017-08-14 07:10:31,2017-08-14 19:08:00,2017-08-31 20:52:26,2017-09-14,3fd3b02a024077119a1865322f11421f,2017-08-14
85061164b7267fdca07be7ffff602fc9,f659b67d07d29ee3d2013af036241d1f,delivered,2017-06-30 19:24:12,2017-06-30 19:43:29,2017-07-03 11:51:34,2017-07-11 19:27:42,2017-07-26,3eb9aa5d4a4984143d749e2da9d6971d,2017-06-30
10b69324b897d3c3504084db8492f98a,3b859974ffa4d29d352bf5fe3008291f,delivered,2018-01-23 11:35:37,2018-01-23 11:50:49,2018-01-24 21:43:07,2018-02-15 16:48:45,2018-03-01,d1657a37157397f4afecd6f9dcbe20bb,2018-01-23
d76ae02361b19ee1c7a277bf4740a64f,911035bc0dcc0c5ee9580cbe3e59ed06,delivered,2018-08-03 15:28:52,2018-08-04 10:04:15,2018-08-07 07:55:00,2018-08-08 21:58:56,2018-08-08,f0269964dfc708e40a1d948fb69e5c0a,2018-08-03
e668b4a7dee7f7ceea60324b812ed5e5,13de57df53d909438cd6aa93345ad87e,delivered,2017-12-21 13:31:15,2017-12-21 13:49:53,2017-12-21 21:54:53,2017-12-23 01:42:45,2018-01-10,db07fd2ad9869f8356b1fbeefdac31e8,2017-12-21
9f9993914a8e2fda5081619a7a994853,1673fd6c2e11fd185ba96207a5ce7af6,delivered,2017-11-30 21:06:06,2017-12-01 09:30:51,2017-12-01 18:44:31,2017-12-21 18:37:59,2018-01-03,10f2fcb30bfc4c3214e38dc4d55cc7ac,2017-11-30
e3d01d114807951233b494f5493aec61,6c05608731251484a797757e4f7893e1,delivered,2018-04-01 13:56:48,2018-04-01 14:10:20,2018-04-03 14:56:57,2018-04-07 00:41:59,2018-04-13,a4a3e59312b3d2a1744a2f46e0541728,2018-04-01
7ab1a9babde2a1355e3075d07ea895e3,071d9f8e80f0f0415885e9aac5814700,delivered,2018-05-14 17:26:57,2018-05-15 04:35:05,2018-05-15 12:28:00,2018-05-17 23:28:35,2018-05-22,dc0ad7294670a9c92b0af89e43ed44d8,2018-05-14
20127339dd8d9c579830783e565b4fd8,b4fa94736ab408774c4f9c5f86daa818,delivered,2017-02-07 14:00:04,2017-02-07 14:10:14,2017-02-07 14:29:54,2017-02-09 13:12:19,2017-03-02,d31e23d330e7ce67e5e22af44d244ba1,2017-02-07
a4fcdae23f94acfb6c47cb0070b2f2fe,da435fe071a456868a89dfb068881341,delivered,2017-11-22 22:09:21,2017-11-22 22:19:22,2017-11-23 19:47:34,2017-11-27 15:44:49,2017-12-11,bd36c449aece882c017dd4a395ae5f31,2017-11-22
04c83c77d062fd72d8f1ebb7f9c1a1a3,8dccd2feedff135e90d86b8abf865b1f,delivered,2018-01-14 11:56:35,2018-01-14 12:09:08,2018-01-19 01:09:32,2018-01-22 19:56:48,2018-02-06,00bab5c446ba511117719c775a3f78e8,2018-01-14
39218a9d4da3e7da685ae1a821387932,5bdfca329622923b8db14b38df45504a,delivered,2017-08-01 21:53:05,2017-08-03 03:05:10,2017-08-03 16:42:07,2017-08-04 18:57:56,2017-09-01,514532afd23e464dfbb1226a8bfedcf3,2017-08-01
2866ad7dcb3cfdab34405a82b8a77215,96888e542a835f6dea8d3039af2e4a2e,delivered,2017-07-15 19:20:51,2017-07-16 19:25:09,2017-07-18 11:21:31,2017-07-26 20:16:34,2017-08-14,1d76532b1b78101db23eea9a68c5a442,2017-07-15
94d97c26cd5ca2a98749be9e672b44d4,d1a0299b96bb74b36b5be8c849f188b4,delivered,2017-08-25 12:23:08,2017-08-25 12:35:28,2017-08-30 10:30:13,2017-09-11 17:55:51,2017-09-27,94b27f5cb0276a9d149375e24de840d2,2017-08-25
a3f77b12916a4990f41ebed970bcdb92,82bbc3a3f8c7639732ceb00e48488430,delivered,2017-11-19 13:27:09,2017-11-19 13:46:12,2017-11-21 17:23:26,2017-11-22 17:03:47,2017-12-01,0105f445969ca7b8fa2e354bec7a95bd,2017-11-19
8fe92dd4725e5491f940344206b42fe5,97f48d561699cbd0a71b916d358a8fb5,delivered,2017-05-03 13:35:57,2017-05-03 14:02:34,2017-05-04 13:03:08,2017-05-24 12:39:09,2017-06-05,9f80e32a2a2ec6b616fb0d2264074a34,2017-05-03
53649523b54a1a986fe35c9cbb2bd082,29a52f6b724455dee14a237a5a2aac5e,delivered,2017-07-18 13:09:28,2017-07-18 13:23:26,2017-07-24 19:06:39,2017-07-26 00:43:03,2017-08-10,addd6dba00b61f11e7f538610d557bf0,2017-07-18
d4e413e096efb5d9b209b28ac79c62b7,18f711d8d5d66c0a2d470f4b851e8038,delivered,2018-06-28 09:12:34,2018-06-28 09:31:36,2018-06-29 08:42:00,2018-07-19 19:55:34,2018-07-13,7653c3f4b98d701843c6d9a411ff6479,2018-06-28
12f3eaf92da599fd1abd3dc8e21bff0d,b942cab34162601135ebc316dea824a7,delivered,2018-05-29 23:06:53,2018-05-31 03:35:52,2018-06-05 19:03:00,2018-06-07 13:32:47,2018-06-21,363e83b3ca844fb411e796dae4e14867,2018-05-29
9bf446986c317acc13f2ab30756f9b20,c9c95d8ae07e85dbc902f8af97692aa9,delivered,2018-07-29 23:23:16,2018-07-29 23:30:52,2018-07-30 15:05:00,2018-08-02 19:58:37,2018-08-10,7a8890b33dafaa79eb75ece95cee3c3a,2018-07-29
0a2de98201596f294c0d11b01a0100a7,d66257ac03cd3b43b15b41b8bc1db3b5,delivered,2018-05-21 07:25:46,2018-05-21 07:51:06,2018-05-21 12:57:00,2018-06-08 16:14:40,2018-06-14,6395132a03f096da6f4c590ca2aa1a76,2018-05-21
c75e8aabb43c6485091e0ed9b88ed5d9,cbc2a6aff2fdd7566a47b631ffdea55d,delivered,2017-10-22 07:28:15,2017-10-22 07:49:11,2017-10-23 16:12:23,2017-10-26 12:06:02,2017-11-13,a44636f3316d0114566918bd02ef58bd,2017-10-22
bbcec25aefec973dfa1b9499147fdf76,7cde25498a31a63d00e82b29b929cc49,delivered,2017-01-10 14:08:07,2017-01-12 14:05:18,2017-01-13 11:45:48,2017-01-27 07:27:45,2017-02-22,a5cd1e6a1af12f7edfba75c57fbff47f,2017-01-10
93f610a3cfcf2420d96bca828098c8c2,03bf8050d93c13d75b4e5f2bcb6f41f9,delivered,2018-07-03 20:40:10,2018-07-05 16:32:10,2018-07-04 10:48:00,2018-07-13 01:41:30,2018-07-23,c8893ce89ced11d1e1c02a35b94d3e48,2018-07-03
4e44d7b0462e32a51de74a16eac6534e,800ae98df618c84cf1dae67ea96644c5,delivered,2017-02-02 16:18:44,2017-02-02 16:30:10,2017-02-03 10:15:58,2017-02-10 08:54:40,2017-03-13,a7941a8ddbfe8fde0bd23ae272484043,2017-02-02
35e5585976ac906f5b04e7f491ec300c,abc7d608891528fffdce378aaadb2de2,delivered,2017-10-18 13:05:03,2017-10-18 13:27:06,2017-10-20 17:38:03,2017-10-27 20:29:52,2017-11-14,158e7d08f964a26cb0abe466213c7c67,2017-10-18
3d55d21468e5f69fdaa6a1c4c829acff,6c23c2a15ab0cbdee56f601555c43969,delivered,2017-11-26 22:27:41,2017-11-26 22:37:33,2017-11-30 23:02:06,2017-12-11 14:36:56,2017-12-18,d4a3bfd9f560865856f1c2d8420a5569,2017-11-26
e17fa68de8f9e0f07dd6dca946f9dd7f,6b050f1ba5c959b835b2b1d7f777d493,delivered,2018-03-26 18:05:41,2018-03-26 18:15:23,2018-03-29 20:42:12,2018-04-02 20:14:46,2018-04-17,b522190f83ee8aac2267ae8bcd2d8314,2018-03-26
56682efd6be4b8aaa662d4536084b09b,1562d6268e88c62bc715fb76f73c7b9a,delivered,2017-04-26 11:31:41,2017-04-26 11:42:42,2017-04-27 08:06:41,2017-05-02 17:56:37,2017-05-23,b3806e7118d02476c96b3dd8578dd07f,2017-04-26
58c498d29ae194afc5d69f486598f18c,7922d00b8f74ce4091159c88dc5e3bf3,delivered,2017-12-20 16:32:00,2017-12-21 16:30:55,2017-12-28 23:29:30,2018-01-08 15:12:50,2018-01-17,5cb8c9998e51269d6c8c983def687414,2017-12-20
f672188ca89296f0a903617f5fca8d17,8f32483562a37190f3fcdaa6289b1e4e,delivered,2018-08-05 17:08:02,2018-08-05 17:31:17,2018-08-07 15:31:00,2018-08-09 15:20:47,2018-08-09,bbd000f3ab3cdf9bb8a924fd4784f122,2018-08-05
18fd191bbcbb295354d8d5a6f299206d,7f403eb7a5cb3611bc1c024c38966d0a,delivered,2017-10-11 13:27:29,2017-10-11 13:45:47,2017-10-13 20:33:16,2017-10-20 16:47:33,2017-10-31,78b02d201ed519f083b64f4dd5408e92,2017-10-11
34d4da466936ae5ef87386c007f7cc0e,3c77d8084d2a940ae106c3008590602c,delivered,2018-05-30 11:48:22,2018-05-30 12:17:07,2018-06-01 14:19:00,2018-06-07 19:16:34,2018-07-03,c00651562bd1e4db41e32797ab9832e2,2018-05-30
6b2f7dba402cf63ca207bbe2cc05ef67,7d8140efc81374c2bd667e1dbd457618,delivered,2018-03-03 17:23:30,2018-03-03 17:35:23,2018-03-06 01:38:48,2018-03-15 23:08:57,2018-04-03,aecd46028eea6a741edca67e93b326bb,2018-03-03
62349b58976446f1566cb58228d37715,43887a1adbe818152d5d7a93f4264c7c,delivered,2017-05-08 10:58:02,2017-05-08 11:05:12,2017-05-09 15:21:56,2017-05-13 11:32:08,2017-05-31,454cc87982cbe06ccf62af9dd154a225,2017-05-08
0176e50f3853fa068127afa3daff6402,20899a98f69e29ac34d852719a64f431,delivered,2017-12-14 16:45:18,2017-12-14 16:54:49,2017-12-15 17:31:46,2017-12-29 15:53:03,2018-01-19,52832e2d43e2afc66377c52f26dacfc4,2017-12-14
fbd969aaf28de4524d590d37fd10b894,1b1c230618ded6cb0d687497cbcc3eab,delivered,2018-07-03 17:37:23,2018-07-05 16:32:45,2018-07-05 15:02:00,2018-07-10 21:14:45,2018-08-01,9824bdf343ddb820786bd0fb2d09ee58,2018-07-03
8d1bc6d158769393c1ec54c05b734652,f084a756e2dfe27a56771ba88b84dbe8,delivered,2017-11-24 22:18:26,2017-11-25 01:16:26,2017-11-28 23:06:30,2017-12-21 20:05:45,2017-12-19,d6c62fbd66633f3b88b5594cd96f8ab6,2017-11-24
a5506a6537ce4b4529845b534e400848,bf3566d98f47722a586e25e264737de5,delivered,2018-06-20 10:10:11,2018-06-20 10:44:04,2018-06-27 11:26:00,2018-07-08 22:18:23,2018-07-23,662f1440aaa2ab8c3cabfd5f8a1bde76,2018-06-20
b79f5c4c1016e3465036120b5614adeb,d275fd1c847dd60289c2db31c58b9437,delivered,2018-02-27 12:31:06,2018-02-28 12:48:28,2018-03-01 16:57:05,2018-03-10 15:27:53,2018-03-27,061784cb4a30fb30586e5ff38ff8017d,2018-02-27
c5351b62ac42d8a63b11a24ca403a30f,0d34dca8c8a02afc52be8689c8774af6,delivered,2017-11-30 11:48:21,2017-11-30 13:31:19,2017-12-09 12:42:09,2017-12-14 16:38:47,2018-01-03,bd8ee6a65c4d647953792da821444580,2017-11-30
a12361dc52836f98226e3a57cf3569bf,e51a849b13ea096a88ed9cea9e9d8f4e,delivered,2017-03-13 10:30:25,2017-03-13 10:30:25,2017-03-16 08:32:58,2017-03-27 13:23:17,2017-04-07,6ceef58f8d65b1f682be0a97d3a5f980,2017-03-13
659c757231085ed35dafa16a50fa16e8,7a0587a22e604b216a8ef5c8ce07d7fe,delivered,2018-02-04 20:39:14,2018-02-04 20:56:08,2018-02-08 19:16:44,2018-02-20 18:28:00,2018-03-05,3857428967edc9647b8af374c0d78dfb,2018-02-04
4b53f2920ae3d24446cf49d6e51cb469,9a55783651fb1156efffd12fed3f9b28,delivered,2018-03-13 14:05:01,2018-03-13 14:15:41,2018-03-14 22:12:28,2018-03-26 22:42:48,2018-04-04,3461acff63bed93531e1d5ed147c2129,2018-03-13
937b8c2c23c033f63b1b46e876b2c385,83a993fed3d92d85d35e923ee7ee090b,delivered,2018-06-28 08:46:32,2018-06-28 09:10:32,2018-06-28 14:35:00,2018-07-04 21:05:28,2018-07-26,6fda7543bb462d03677057ffb9956e93,2018-06-28
da519f69b691b1cf01a0bc3d23c3e887,b575923ff81f66375580c76ba3d2d53d,delivered,2018-05-10 07:43:46,2018-05-12 02:35:27,2018-05-14 08:33:00,2018-05-23 11:46:34,2018-06-08,0a1f1271b54c7ae0e7b882602702b3f8,2018-05-10
b694e265e0a9617ab7301dabf9fb90d8,22f6d1d5bd66b7ef3ff51216fd75643b,delivered,2017-08-12 13:25:08,2017-08-15 03:35:19,2017-08-15 22:06:27,2017-08-23 16:50:00,2017-09-05,6a40e9b55d502273f8b03464b0306386,2017-08-12
17364dc616735e314e76f45db18ab1c2,95a951554afcef4dfa54eaa876103cb5,delivered,2018-03-14 21:05:37,2018-03-15 18:35:36,2018-03-16 19:52:07,2018-03-19 18:18:23,2018-03-26,e2c535ebf5c4c6a6c14d93ac2cba5765,2018-03-14
24ceed9729a86f5e36fd61ae94183817,cd24dfdff8d99033e3794d9b104c95d0,delivered,2018-05-03 11:13:38,2018-05-05 10:15:17,2018-05-07 16:31:00,2018-05-26 13:29:37,2018-06-04,a4d4a76b47ccec27db5ea63da11debf5,2018-05-03
573600261fe10e782f51bcb25b99febe,2a539822b5f943c9c52df6cc9dea4b3b,delivered,2017-08-04 14:50:45,2017-08-05 15:03:21,2017-08-09 18:07:20,2017-08-17 16:15:33,2017-08-28,4eccf9fc9f3e6273ea1cb78449d7d75c,2017-08-04
732a77c453f0b9ea3a2665a575f3ecd3,0802da9993945877f32ed71ab7800b6f,delivered,2018-08-05 19:58:15,2018-08-05 20:10:19,2018-08-07 15:13:00,2018-08-17 08:56:40,2018-09-14,b2c80924e40eb8711702a1b9bc2c7e58,2018-08-05
9450436aed6e34dfd38b4b087e27c572,40ee87d482e9533fdf81355945aee27e,delivered,2018-04-30 19:34:39,2018-05-01 02:37:38,2018-05-02 15:10:00,2018-05-05 14:15:52,2018-05-22,2c9c8443555c879ffeb2de737fb91d74,2018-04-30
42630f2be2de37afca07bfdecb0b90a4,9ee69ccf67900e29a32f9790655af3c6,delivered,2018-01-20 15:19:41,2018-01-20 15:41:20,2018-01-22 17:39:32,2018-02-05 14:53:08,2018-02-15,1449deeb5d707b07c452f5f6408d83d9,2018-01-20
eeb83825e7b42838b690119b24688b74,f13331a222ce68b89e8626ecd166b0b1,delivered,2018-03-27 09:28:03,2018-03-28 02:47:35,2018-03-29 18:51:22,2018-04-02 17:58:46,2018-04-11,e3c95cff4b8cca496061b369eaa006f7,2018-03-27
a178e361fe66cd0d0e9416db6da9ce1b,36b7395b5e6826109ad8846f08cab633,delivered,2018-03-16 19:20:07,2018-03-16 19:30:34,2018-03-21 21:05:07,2018-03-22 23:51:55,2018-03-28,b7a6ddf792226a6c85e569e54fdf3092,2018-03-16
926c3141255b4979a0e74dca67a38216,2684bfa39211e22c535603b1066b6f5e,delivered,2017-10-05 19:26:14,2017-10-05 19:46:02,2017-10-06 14:50:04,2017-10-17 23:15:08,2017-11-01,536bf87e57358e5a88a3c606e55745ef,2017-10-05
a90b081d0efa436e072d5328ecd904a4,5a0ed2fa7a5c4f4e5105626fe1b0fe11,delivered,2017-07-19 01:21:32,2017-07-19 01:30:13,2017-07-21 20:03:00,2017-08-02 17:25:49,2017-08-16,c66f6a3f46c648e098459bf6b577287f,2017-07-19
f8654b57d28e6089ebf05d171c1997e3,d42420e282047f6c0b816b36f24b5e65,delivered,2017-05-14 01:22:00,2017-05-14 01:30:19,2017-05-17 17:22:43,2017-05-26 07:07:44,2017-05-31,8a86daed12f5a919b9003cfc05c53c4d,2017-05-14
9f25f43e006aa4d61b6f1188696e93a8,3c0c28d9a92d94fbbb14beab19df2b40,delivered,2017-08-15 10:10:34,2017-08-16 10:24:30,2017-08-17 18:18:33,2017-08-24 15:42:45,2017-09-04,14b177bc58e0058435adf083f24ad695,2017-08-15
4d94e494f48ae38ed69167213dda833f,0f6ddb5d78a7cf2dc1ee1a1736a91242,delivered,2017-07-23 16:12:51,2017-07-23 16:25:09,2017-07-28 19:28:24,2017-08-08 19:06:32,2017-08-15,b92ca24fab9d1a01b2a4eb08c858d04e,2017-07-23
903d1b468e83acb1e13151fa4032d7a2,57e34bf97d0de0cab02718ae4f8ae5e6,delivered,2017-12-05 09:35:38,2017-12-05 11:12:00,2017-12-06 20:12:33,2017-12-08 23:09:47,2017-12-21,3c7dc16891168c17d8721adc8d30b8b1,2017-12-05
11ac54d963e31673b888efff34e5b33c,b080e72cccb4caa016bce4b738691ae4,delivered,2017-10-05 11:28:14,2017-10-06 11:35:43,2017-10-09 19:16:08,2017-10-16 15:04:33,2017-10-30,bc18849813f5122280f6f3a564106e5f,2017-10-05
d839772496ba5c5962003617c00e695d,3d4eb31e720c78778a64969509c762cd,delivered,2017-08-05 16:01:06,2017-08-05 16:15:14,2017-08-07 15:37:31,2017-08-14 19:07:54,2017-08-29,3df9954af30f2ad5c79f59eefe492bb2,2017-08-05
1f33cd6b71508145011dd5552fc289d4,4652b19302ca60290ff47ea41cf5a62d,delivered,2018-03-22 19:45:49,2018-03-22 20:08:34,2018-03-28 21:05:13,2018-04-30 17:46:45,2018-04-18,0436b78cb7733560a0462751bab4d4fa,2018-03-22
1555d6b8d8b15b1080ee70dda21c8d02,dfda52c60be1482823570ad5721b5e27,delivered,2017-11-17 20:42:59,2017-11-22 02:56:30,2017-11-23 22:02:47,2017-12-06 18:12:44,2017-12-11,608f53c046944cf7b3a60c13415938d9,2017-11-17
9680f3fdc078a63f1a4d5fca0f7790d8,5b568ab7c02d7f4a30b1441d020feac3,delivered,2018-03-23 15:53:12,2018-03-23 16:08:46,2018-03-28 21:21:37,2018-04-02 22:38:41,2018-04-16,9e344c9aa3405d4ff2e04cafb9d104aa,2018-03-23
3a93b4a83b7cfce5720745425c43a856,53859b5bd7c22aaae15b7482acfa1bc8,delivered,2017-07-10 10:51:01,2017-07-12 02:24:58,2017-07-14 16:37:56,2017-07-18 16:52:28,2017-07-25,d9e383531c1acbe6239248fcd5045f92,2017-07-10
64ba7f5f2b493323d5dae1634f812cb5,b7a72c63ab6b4ea739148dbeb3bfb24c,delivered,2018-06-19 01:25:53,2018-06-19 01:35:09,2018-06-19 14:15:00,2018-06-25 18:03:09,2018-07-20,5d8620f729a63db9808b84811985626c,2018-06-19
e4153bfffa13ee5e0cfea9d1d2529870,6d63646d305d56dc162e0f5eb7edd697,shipped,2018-03-18 14:29:57,2018-03-18 14:50:35,2018-03-19 17:56:27,,2018-04-09,0fc4c0fc23ef45d16a0f32fbf9ae25cb,2018-03-18
b427e0ed8b6a3055c62312f135330e7e,3058335b24b7794dbd8f36de15afc57e,delivered,2018-05-04 23:19:18,2018-05-04 23:33:51,2018-05-08 14:18:00,2018-05-10 22:26:57,2018-05-14,b366ab5d21683b071ddc914af59365cd,2018-05-04
51074d1feab8a648c5d1dfb7c354674d,54ba026ae689f610b309353e28a5fcd1,delivered,2018-03-02 10:30:09,2018-03-02 10:50:01,2018-03-05 20:19:13,2018-03-15 17:26:36,2018-04-02,cef8be5a1855437b9ee23bcf1018eb52,2018-03-02
72012d986d81cc09a1e838c7a1f829e7,8b051f11fefcaef147e92e51bd135bb7,delivered,2017-08-02 20:26:47,2017-08-02 20:42:58,2017-08-03 19:17:34,2017-08-07 18:36:50,2017-08-24,53c63f38e468b420083d6ad6a3cbe54f,2017-08-02
f0879b6057e432d81b2eab159c70a0b5,7d91e66eddbe71cae1c82842a2bd320e,delivered,2017-11-22 18:04:31,2017-11-22 18:13:19,2017-11-23 16:21:33,2017-12-01 21:09:01,2017-12-20,efea74a98b0c613e84fba849dc1ae7ca,2017-11-22
2ecf490b77cadc218f299cd6678277c8,a4591c740887b554a3398c3e399cb4f0,delivered,2017-05-24 19:03:52,2017-05-24 19:15:23,2017-05-25 17:08:15,2017-06-01 12:30:03,2017-06-16,a80d001a804bcd5b6bd7eb847ddedc95,2017-05-24
ed1acc924e85e293849485a9d5dc3498,64b4f796f321357d2ce61f511da7f73a,unavailable,2017-05-15 10:54:23,2017-05-17 03:45:23,,,2017-06-02,20fe486194560cc4efd0100f5ac86944,2017-05-15
1ade3ab91063ad2d577331b0258b1120,bbd1bf1c484de6d5996c11f0b44d7723,delivered,2018-07-03 10:53:44,2018-07-05 16:18:54,2018-07-04 08:43:00,2018-07-10 18:03:55,2018-08-09,620752c95eb8eebec0de7b53ce069e79,2018-07-03
a162da83b66ff8c619d83b87c1de93b9,9dfa54220517b2eceea1134d006e2fba,canceled,2018-08-07 14:27:32,2018-08-07 14:44:55,,,2018-08-21,6e5ae65e6fe7ab42b23fd320e88ea33a,2018-08-07
0b768de519ebcf7df252618626554733,20aac2061bcd04913c310d5488bebde0,delivered,2017-02-28 19:07:02,2017-02-28 19:20:16,2017-03-01 14:54:12,2017-03-09 13:14:53,2017-03-22,1bf18b74c353a0dff095639c413b6cad,2017-02-28
cd408e86c9fe1cc69f5a38cc5be773bd,eb4dda0b74d4100a8fb5368702e48c7e,delivered,2018-08-16 14:34:23,2018-08-16 14:45:13,2018-08-17 15:49:00,2018-08-22 00:44:45,2018-08-29,824a8e4bf08155c4c88d41ad50b323a5,2018-08-16
f12ff3c8b8e4945b4d0331a56df6ef85,833f9bfebc6895534e9567939653e933,delivered,2018-04-09 19:07:08,2018-04-09 19:29:44,2018-04-13 17:42:09,2018-04-19 23:52:34,2018-05-07,cf58b0a3959d683b2702baafc2544673,2018-04-09
df8013c634d895a53cc8e6e396a93533,a840b157e69af090c32040b6072cc6e9,delivered,2018-02-11 20:15:34,2018-02-12 20:10:30,2018-02-14 23:22:40,2018-02-26 18:09:08,2018-03-08,0489f338b80bcaa08f7a66b87cb16145,2018-02-11
edf876ca2e0de24f4f239fdbadb46ad2,683765c80b88aa6bb93ebaac62948441,delivered,2017-12-20 21:42:43,2017-12-20 21:50:39,2017-12-21 19:30:01,2017-12-22 23:22:40,2018-01-09,3ceedea1a398c638f7f3926d8ab3f518,2017-12-20
567b5fcbb939e9c7357320d26cbdf4fe,60e093ac8d54443ac856eab58b48a492,delivered,2018-04-14 14:23:32,2018-04-14 14:35:17,2018-04-19 21:21:45,2018-04-20 22:04:07,2018-05-02,a1bf02afe06f2e42599a39c4f4487831,2018-04-14
e690e2452d8716a474fd8e85dbf365e9,e115c1c8164a873103dc509dbf183cc9,delivered,2018-05-10 10:08:06,2018-05-10 10:31:59,2018-05-10 11:27:00,2018-05-14 20:34:29,2018-05-23,6523f146bee37580e9a781a1196b9169,2018-05-10
a8ebe927b1b85cc950bba001cac770f7,5dfc4ad0a5d369a091d3f7f011ff8cad,unavailable,2017-12-06 19:45:34,2017-12-06 19:56:20,,,2017-12-22,adfdc84671ccd55dc3c4aa31b363bfb4,2017-12-06
97790d570870606aaa458c9ddad507c4,5a20ca69160161786b074d55001ca9b7,delivered,2018-01-07 20:16:56,2018-01-07 20:27:37,2018-01-08 20:47:57,2018-01-18 12:59:58,2018-02-06,0f2270d73dce657f1f50313becbcb120,2018-01-07
a67da1598758f2e830db1f553721799c,f87b752f04715b171d9fae7d337ac078,delivered,2018-05-16 16:19:51,2018-05-16 17:08:57,2018-05-17 14:31:00,2018-05-23 15:43:38,2018-06-07,6798aed3617b733ee53f5114ec826395,2018-05-16
7e2f2a5cbfc79c127c243f833663d416,79251740ef5f4fae4175ed6c7ad8982b,delivered,2017-06-13 12:35:37,2017-06-13 12:50:23,2017-06-13 15:59:48,2017-06-27 18:03:44,2017-07-06,8aeacc38b9945f2a23b558febb87a66e,2017-06-13
9c9ade04ccd7dc42fa1e6864043468e4,bfd209900e23295027e66497bcceaee9,delivered,2017-10-29 15:37:53,2017-10-29 15:50:15,2017-10-31 19:36:51,2017-11-08 21:23:09,2017-11-27,7d83b4034db0c9b0e10912aa70163c34,2017-10-29
eb14d693be5c40bf50f8dff9d85abc21,497dea98bd926684eae505c6b58f8d6f,delivered,2017-12-01 21:19:16,2017-12-01 21:32:38,2017-12-06 15:54:47,2017-12-17 18:44:37,2017-12-19,a368de91d3d906fb3985466209776bbf,2017-12-01
76df43658d302b7e5418f9c5b366b4bd,5032358b67396a7a0acd5ac555ea90fd,delivered,2018-03-09 17:44:41,2018-03-09 18:10:02,2018-03-12 17:21:45,2018-04-30 12:48:30,2018-03-29,04805b05a1fab6d20b79dc755e3b0802,2018-03-09
9223919b300f6989e1715333fca0d6ce,51934b734e94e61d8efa4523e175c6c3,delivered,2018-03-01 23:05:31,2018-03-01 23:15:32,2018-03-02 22:33:58,2018-03-27 20:47:27,2018-03-26,4fbb5c68b6851f6e35c543f963b43e4c,2018-03-01
c73711f15f170e7cd7717f6cca7c32c2,9f7aac16e3d6bd8a5a55f9b9f2aea51f,delivered,2018-03-04 22:47:43,2018-03-04 23:09:16,2018-03-07 21:24:58,2018-03-15 22:46:42,2018-03-21,7c353714ed8789f928faaa4191e85197,2018-03-04
7fc6b41c76dec78e234e571474948a6d,504bf939491dee2907b21a5a614724df,delivered,2018-03-22 14:23:12,2018-03-22 14:35:32,2018-03-23 19:58:40,2018-04-11 16:48:33,2018-04-20,5d3c020a409af9d01ea96cad39beb9f2,2018-03-22
c9f7d8c70434e50d1a5a31a56bbd7e00,ba482ddb672acbb5b263427209cf746b,delivered,2018-03-19 12:58:21,2018-03-19 13:49:49,2018-03-22 20:59:46,2018-03-23 15:12:18,2018-03-29,ae73e56ba8036a8511d51039745ea8ee,2018-03-19
d128b22307183122cf22cec2177afbfc,287ee759bd0a6354f84b3606802941dc,delivered,2018-02-12 13:06:40,2018-02-12 13:15:31,2018-02-16 18:22:55,2018-02-20 20:30:07,2018-02-26,42c9cee0296c3729a1d1d371b9a69930,2018-02-12
c1812e7a79c6b129af4128c0474ea917,91c3dcfddcce50cf293b48447ebf6938,delivered,2018-03-08 20:56:28,2018-03-08 21:09:16,2018-03-09 23:29:29,2018-04-16 19:31:00,2018-03-26,982d3f471ec30da2332f46e082baf588,2018-03-08
2208f3a59d7067fe62c900692f5fdcaf,e74fc06d9a52d095af413c99ea25cc9d,delivered,2018-02-05 10:56:23,2018-02-05 12:30:23,2018-02-07 00:16:02,2018-02-16 18:18:58,2018-03-05,9fef2dbca8b07a59a6c522d610700cc1,2018-02-05
2f30f698a72b7001e344c6c06b0e6564,44b8b3c65d28581cb5868ee424b297f1,delivered,2018-03-22 10:57:19,2018-03-22 11:15:33,2018-03-23 21:07:46,2018-03-26 23:26:53,2018-04-04,1d55e325781bb563a0895c0350b50bea,2018-03-22
a1c87156ca249199bbcd96fbfcd0296d,108a0f20bc27c6072be5931b83fe52ae,delivered,2017-09-03 17:12:39,2017-09-05 04:25:50,2017-09-05 21:27:43,2017-09-11 17:13:42,2017-10-03,f68f6dcac1a7eede9b27479ea3c96c83,2017-09-03
e55e4860fd8e46e38f351f994f9e06cb,676ee955ce60a3b6eaa8c816cfb7fb04,delivered,2017-03-12 01:19:21,2017-03-12 01:19:21,2017-03-13 11:13:31,2017-03-20 12:34:31,2017-03-30,b21b70ecf581fa5addd602adc787d832,2017-03-12
1129997904eb031a05d781b6179078d7,f740e6e44d74fb1e93f1bcd947925230,delivered,2018-01-10 15:54:11,2018-01-10 16:09:53,2018-01-11 23:03:37,2018-01-12 22:37:36,2018-01-29,73bbeacd7793ce272e6276558e47f2e2,2018-01-10
92cacd3fd45c2c93413de4c2acf69ddd,f75d762fd8605704c40b5a5afdac6b87,delivered,2017-10-12 00:43:23,2017-10-14 18:35:39,2017-10-16 21:22:44,2017-10-23 18:54:59,2017-10-31,14316777bd5b8d09c5e898f706d4ef30,2017-10-12
d34609f0a5940b1e6055d239899b8932,c3a7d3901f07cf0198946d10a23d0f9d,delivered,2017-08-04 12:20:35,2017-08-04 12:35:10,2017-08-04 20:34:37,2017-08-14 21:22:39,2017-08-24,942626a5922c8e92c1f03d0499b75f12,2017-08-04
dc3adcbd8f32f4353540fc05d067ff4c,a44373395013ffc2212996da25ad462c,shipped,2018-03-17 14:49:18,2018-03-20 07:47:35,2018-03-20 20:22:02,,2018-04-12,4e97bf99d0c7b32c003e37988c768bc2,2018-03-17
0d694d4d413750922e42f63577896916,9b87b9bb4f1b6cd001096294c21970c8,delivered,2017-11-24 23:20:02,2017-11-25 02:16:32,2017-11-28 21:59:58,2017-12-30 00:06:59,2017-12-20,368e9869175b8fe86c8d372fc05e95db,2017-11-24
07b76b6fdc57b96ed6406457e05ddecb,fb80123043747e0c9ba35ff7e48005b6,delivered,2017-08-03 11:47:07,2017-08-04 07:10:07,2017-08-04 18:27:38,2017-08-10 15:22:30,2017-08-17,a5bdd83dc32225fadcedd741693cede2,2017-08-03
242bbe951cccc62e01cb9aa3840bbd14,7386871405cf3ca6ecce7b3253fd6c68,delivered,2017-05-14 18:36:50,2017-05-16 03:30:47,2017-05-26 10:54:05,2017-06-05 16:29:56,2017-06-29,fd756efade2d13c0c94d1dd1eeb2169f,2017-05-14
3ac0f5a50ede5981b44f30306bb853fb,2fa0203e3d4f0dfac0f2f3f1f07263c2,delivered,2018-01-25 16:22:26,2018-01-25 16:34:58,2018-01-26 16:05:54,2018-02-01 00:06:01,2018-02-26,86f058f4efe767ec8d9f641e77bdd3f1,2018-01-25
969721cf60a5aac05ee9fd4375fd9934,35e44b2134df14f2551b361aecdc47ce,delivered,2018-05-07 21:33:20,2018-05-07 21:54:24,2018-05-09 12:10:00,2018-05-22 15:42:00,2018-06-04,f442c71d123cbc47ef86cc8fdd240ec8,2018-05-07
9028c9884410afc6037fa0ade14eb571,9148047235881ee8a23cb023174942d0,delivered,2017-07-28 10:16:32,2017-07-28 10:30:22,2017-07-29 00:07:38,2017-08-02 21:03:45,2017-08-17,bc3f6651efec5908ea30115c2b67eb2e,2017-07-28
28804427b3bbfea6ef5a0e0de798c41a,4398328fa3c2b8ad79b777604cf9334d,delivered,2018-06-08 20:09:31,2018-06-08 21:04:08,2018-06-11 09:51:00,2018-06-16 14:24:52,2018-06-26,72c7b08affaf93c2cd0a524e431102d9,2018-06-08
cf2ba525f5b1e06b1a3fbb7186b0053b,fa70d6b1e9a73119bbbf5c9bffb84b5e,delivered,2018-06-22 10:20:29,2018-06-22 12:20:23,2018-06-26 08:54:00,2018-07-04 12:48:58,2018-07-23,68f7e09ed04f9a58419e03223fe50c38,2018-06-22
8476e4daac5bcc4adaf4e56af42ce110,77569b8bd05910409af265a9ca0e4cd4,delivered,2018-06-02 20:06:46,2018-06-02 20:29:24,2018-06-04 13:06:00,2018-06-13 16:58:40,2018-07-12,bdc50dc35ff42f9b42da7516d3d443b1,2018-06-02
1ba9bc470dd2df7a0951759dd7b88b8b,7b6d2ad477dd09739f76dfee4f799dd6,delivered,2017-07-19 14:36:14,2017-07-19 15:05:16,2017-07-19 20:39:36,2017-08-04 19:32:42,2017-08-22,bfa1570b09b39f1004a218f7a508fcee,2017-07-19
d294199ec1bd45bdb2e62cc7d678e100,ecee98d3844b444ee51e518aa621149e,delivered,2017-10-09 10:19:14,2017-10-09 10:39:02,2017-10-10 16:50:13,2017-10-25 22:54:55,2017-11-08,98141145cb773c1b73bb0cc5ccd096ba,2017-10-09
f015cd11f6ab9d3d6834ee99ad9bc7b3,9a235914eec4e7732fbf6fd29addabff,delivered,2018-02-11 11:18:54,2018-02-11 11:35:22,2018-02-14 18:39:14,2018-02-26 21:52:08,2018-03-09,0ee3a7ab8c5cb2a891dc602ba71c976b,2018-02-11
badd0610d349f865d84d27e36b2abde4,007da0ded5420c2ac9cdcdc758841cde,delivered,2018-03-21 10:47:48,2018-03-21 11:08:53,2018-03-22 12:17:00,2018-03-28 12:17:06,2018-04-12,fb258014c67a0f16e4da53fa45e90db5,2018-03-21
8c8559a212cf7c80c066afce3c87a0f3,59b3d9389766991ccdfea04b38986fd2,delivered,2017-09-17 20:12:09,2017-09-17 20:25:59,2017-09-18 15:26:48,2017-09-26 00:48:43,2017-10-06,1407eaf966f7ea6d9f71e26c62023a9c,2017-09-17
397e13bec7fab1213075383e4cdd11f7,05c9c8bee01dca6e97b35284f55a6a34,delivered,2017-08-25 16:02:19,2017-08-25 16:15:15,2017-08-28 20:59:36,2017-09-18 21:17:20,2017-09-29,3305d37e38753e19941e19c00e848549,2017-08-25
a1b0f9ee69a79c509eff098467a2fbb0,e0ce7391d9564824f77eca9c2c99f1bd,delivered,2018-03-21 19:56:41,2018-03-21 20:10:30,2018-03-22 21:58:31,2018-04-15 15:54:28,2018-04-12,7c778e5a4b3bd2bf2baf60e8ec9c50ae,2018-03-21
934e266bc66e8ed5bba8266dfde60175,d34a8ca7db5feb905adc5be26b73db8a,delivered,2018-05-15 13:53:48,2018-05-15 14:30:35,2018-05-15 14:53:00,2018-05-21 20:29:24,2018-06-13,2e201bc75649e94412bc30a19f84132f,2018-05-15
20c01dd7a0783578fb672819519685ca,c0e65afe04469997d2af127cd0c461a1,delivered,2017-12-22 12:03:40,2017-12-22 14:31:45,2017-12-28 17:40:04,2018-01-03 16:48:16,2018-01-12,6627561739ed1d8426400696df79f653,2017-12-22
a5db4dda9494589c58100f1e13ce8097,eff952e59e0d43559768661a9c4b210a,delivered,2018-05-08 17:05:33,2018-05-09 03:33:44,2018-05-10 14:28:00,2018-05-11 23:00:01,2018-05-16,4c84957ac03eec828d4eda4698a2a2bf,2018-05-08
59bdf4abef7b3ebc43ac9d4865b426d9,3793e5d3d97888a2b00e026d9687f599,delivered,2018-08-20 16:18:27,2018-08-22 04:04:19,2018-08-22 14:06:00,2018-08-27 15:38:36,2018-08-29,e33a67427b1b8641680316979236fb3f,2018-08-20
0ae17ad341b336248ad884272d8c1c93,0987ed023b037114d6e4e6744f2152bf,delivered,2017-09-01 21:52:16,2017-09-01 22:25:36,2017-09-07 00:23:50,2017-09-20 10:16:07,2017-10-02,57dc5ffadb04793be6e216b39737061e,2017-09-01
5b567e97fb4f455c9305e7890ffc45a1,a17379355d175051cd04d15d85bf8285,delivered,2017-10-19 17:41:07,2017-10-20 17:35:26,2017-10-23 21:26:06,2017-11-08 20:09:21,2017-11-10,dae32704e0560ef2580ad09cf2d2c0a8,2017-10-19
8669133949d3dda2b99bec214c2c299f,e8bf7898e3d1f0e694fb4adaa8821b7e,delivered,2017-09-01 11:58:14,2017-09-01 12:10:18,2017-09-02 13:18:08,2017-09-11 15:33:47,2017-09-21,6c722fdc0ca8a586dcfa980f2f1278eb,2017-09-01
53d6ff29496a8aec64f36ab9a4691d77,a0f18dd3d5b853e05a329f09ced35fdf,delivered,2018-08-11 17:00:12,2018-08-11 17:10:12,2018-08-13 13:40:00,2018-08-16 22:42:45,2018-08-28,0a7156ca5095f2943861a43ff6449d2a,2018-08-11
2353c3b67536350ec12490aaa0b01c39,c998e4273d84997ed8b850f317f269cc,delivered,2018-06-13 11:31:18,2018-06-13 12:33:11,2018-06-14 14:23:00,2018-06-15 13:17:02,2018-06-25,9d246bd74b21b484670b281c6bb73a2b,2018-06-13
8d479903c614edab18560e56c5b535e3,2cdd06089f2dbbb0d7cdf90eb66ee406,delivered,2018-04-25 17:18:45,2018-04-25 17:52:24,2018-04-26 14:00:00,2018-04-30 15:02:43,2018-05-21,07d4d99c29cdb73ec152cb42c7f9d580,2018-04-25
99ad48402644a3968f2481defdc57947,abc709e0756f508111c68314b00cec25,delivered,2017-08-07 16:36:51,2017-08-07 17:20:06,2017-08-12 00:03:35,2017-08-10 21:22:31,2017-09-05,c7f812dce068c1d276120b3fba208f7b,2017-08-07
14a54a1ffd16f037929c4553a244f9ed,f51dd48ef39ca937e5f1c9e87f6f2881,delivered,2018-04-02 12:50:49,2018-04-03 08:09:01,2018-04-04 21:58:23,2018-05-05 16:51:54,2018-05-07,6ba10a800cb22eee680100ec5ef1dc62,2018-04-02
d725835898fee2ec8063d4aa035bf2dc,02e9e4af4b3ac6cd523d656776e0580b,delivered,2018-01-04 18:27:34,2018-01-05 02:36:44,2018-01-05 21:09:41,2018-01-16 21:09:13,2018-01-31,f4b7b5d448f7384df7f5f15e7791f082,2018-01-04
561d2ce55a3b6c040a6ba77fa5428056,ae9dcc4124363f82adbd2148d6e240b7,delivered,2017-10-09 14:53:21,2017-10-10 04:07:59,2017-10-10 19:43:53,2017-11-15 01:11:56,2017-11-17,4cc53a257e7ac8a51fb35a7be04553fb,2017-10-09
36d2f4c466cc35f518fac94f87653109,ae276554ae951afd264f67a513ae3b0c,delivered,2018-08-16 08:20:16,2018-08-17 03:31:07,2018-08-20 15:16:00,2018-08-22 21:38:36,2018-08-28,eb201a31a7279f4e33a067a1338d0fd6,2018-08-16
3bfd4e221ebf6b1a72ee73a74bdeec8b,157174b2ef72b1c700c5b65e7536d6ba,delivered,2017-02-20 10:34:41,2017-02-20 10:45:17,2017-02-21 15:53:09,2017-03-03 12:29:10,2017-03-27,b06c0c571e531e70a8c1955184ad5ace,2017-02-20
1cc4e549e16c732db4d9228fce789407,3146904311eaf296187c7c7768d78210,delivered,2018-02-27 09:57:31,2018-02-28 13:15:30,2018-03-02 18:37:49,2018-03-26 23:24:26,2018-04-06,d76e210ebe61090af26f1d71d1e396b9,2018-02-27
712c3c76ddb4bc5fc94f6643096cb289,6c9c8a2de23ec5eaed4eae5905a1f9a5,delivered,2017-12-04 11:21:07,2017-12-04 16:31:35,2017-12-05 15:35:18,2017-12-07 19:56:51,2017-12-21,610fde09a3a48292e490155f452c78b4,2017-12-04
f2535daabe28822430b59874e07594e2,cb59dd410e591d5b2ff9247cfb8fbdb7,delivered,2018-03-22 10:29:19,2018-03-23 02:30:48,2018-03-26 21:07:53,2018-04-16 18:37:31,2018-04-19,d09331466955a08d65eee2d64a2bcc79,2018-03-22
7e44996f9c5d93e3f1fccddf9cf0b4bf,2366d8efd1501a7983ee949c05a7d2d8,delivered,2017-08-12 10:25:24,2017-08-12 13:23:17,2017-08-14 16:05:52,2017-08-21 21:17:56,2017-09-05,2932503b2dc34e90ae48e3f63424c4b2,2017-08-12
1a945a3b76b7ad9955320a6a9000b567,fff1da51c6d3b52986925d7bcd8a6d30,delivered,2017-05-20 19:16:32,2017-05-23 03:22:56,2017-05-23 15:43:29,2017-05-29 19:07:42,2017-06-19,b302429b41cf3e601313a193da0f6a97,2017-05-20
6ea9f2cd206705f2638e4d3db4698031,f97bf3effadbdb9e5c865d0ce0eb383d,delivered,2017-05-06 11:30:56,2017-05-06 11:45:12,2017-05-09 11:27:15,2017-05-23 09:28:44,2017-06-02,c4ab594d69b7bea6181f097efc6d2d50,2017-05-06
8bf44eb0d19208f9bde92d553a6bf064,c9ce39e0afb9566e57195003b8484a27,delivered,2017-10-30 22:57:40,2017-10-30 23:40:07,2017-11-07 12:28:58,2017-11-21 20:23:12,2017-11-24,6cde5e3f4698cf57292f0096633a516e,2017-10-30
948b0fc24560214f3ef7ed2830a5ff54,05eb10f9b30c4ef1f4e16f679d0507b5,delivered,2018-06-19 09:26:36,2018-06-19 09:58:07,2018-06-19 14:06:00,2018-06-26 00:48:28,2018-07-20,762585138bec65479d2c00b421116744,2018-06-19
4a385052190a8e86f56e617e88b824e5,24711ace3546b459eb7b1adea4b90eb2,delivered,2017-03-27 00:36:00,2017-03-27 01:01:35,2017-03-31 08:03:21,2017-04-12 15:41:59,2017-04-25,eaa707bc2447e9432ce467c8a432cb4b,2017-03-27
73907e5b1a70acbad15cc31c03637032,32fa504c86bedf737265d5543514c2ae,delivered,2018-05-16 19:57:22,2018-05-16 20:16:41,2018-05-18 13:51:00,2018-06-04 17:36:27,2018-06-12,47e880f86a9d3b5bd37d63dd08f27379,2018-05-16
7d7eb2e2176ecc1a4e649624c46799fb,4bec6258afa662db2ba5c04e01df955f,delivered,2018-01-22 22:38:55,2018-01-24 13:06:24,2018-01-25 17:51:39,2018-02-06 21:34:40,2018-02-16,85b483b4f7f7bb9fe94d3ece0a3cab93,2018-01-22
a5620acefef1ff8fa8f9c4f823f5a2a0,7490dd457ddcb2b010e76183a693d008,delivered,2018-01-29 11:15:34,2018-01-29 11:31:00,2018-01-30 21:23:32,2018-02-05 20:18:48,2018-02-26,b6946c3ac9f79bb4333b6f739e451176,2018-01-29
784df479a4539ae049540a6578cbb39c,2affc664ba3270af9f5c0fda2c70d33f,delivered,2018-06-19 16:43:38,2018-06-19 17:05:15,2018-06-20 11:28:00,2018-06-25 21:21:37,2018-07-25,88a9d243b674f8e71869143131df5c2b,2018-06-19
21a464b47cbed6570cb9086c34959ce6,b284036463fbc9fb63d6c0136583ff5b,delivered,2017-12-05 15:02:54,2017-12-07 15:31:56,2017-12-11 12:58:16,2017-12-16 12:01:23,2017-12-29,b60ae325e1ddcf1efb60c4d485f64458,2017-12-05
8891d9a0e471cfce188b5ba26ab4deb3,f28c324210f50213fb650245fd97917f,delivered,2017-04-10 17:12:52,2017-04-10 17:25:27,2017-04-11 12:20:49,2017-04-19 12:36:34,2017-05-02,864e517a3d25387ba522277812310dff,2017-04-10
555256eeec3c2ec4e64208bfad2ed800,60bee84236f67b60b8dc3d2322bdd1ea,delivered,2017-12-06 17:23:28,2017-12-07 03:15:39,2017-12-11 17:12:57,2017-12-12 14:37:24,2017-12-22,dc995e402b2c0bc50fd6806abc56b662,2017-12-06
e38ff07f7864e8fd4fd51687cba79d89,c797b71f23c93883498e7fb8080ce240,delivered,2018-07-16 23:38:12,2018-07-16 23:50:17,2018-07-18 17:04:00,2018-07-24 20:33:48,2018-08-06,f4dda36d9787a364a3bfbee98878c253,2018-07-16
867b894c187b59ff2425447c7c13c898,54e48967bdd8f9f11e9cd595daf48828,delivered,2018-06-07 21:25:37,2018-06-09 02:57:19,2018-06-11 09:44:00,2018-06-14 19:56:32,2018-06-25,93a66a0438461826a4e548e79f871ed8,2018-06-07
8c4bbf2fb218d1ac2fc4fc082c238d64,8b2b23a05a38be46121f4f5d2f0e4f99,delivered,2017-10-03 21:09:37,2017-10-05 02:49:48,2017-10-06 21:03:55,2017-10-23 21:11:32,2017-11-07,7e21ef4200821750e3fbf2c5d2eda5cc,2017-10-03
b68f6efd1214a39bd3f44cf6e6ed42d8,018c9981e6704cf8fff79db3332a12f7,delivered,2018-02-14 14:52:59,2018-02-14 15:08:25,2018-02-15 15:04:42,2018-03-07 00:53:46,2018-03-22,ff01a1330fa29f94b4d69e4259f6f3e2,2018-02-14
104b40dd524ac48e7b814ed5eeebcea6,11adb7c0c8b66a834986cd267cefe35d,delivered,2017-10-06 23:32:02,2017-10-06 23:44:22,2017-10-09 19:03:48,2017-10-18 22:09:33,2017-11-03,178a58ded2b9be43b90300e0e0e8e66c,2017-10-06
b7a592c88818dcacf25f151e67f0bd8c,9df082314a3267c298bfc605619007f9,delivered,2017-02-27 08:03:48,2017-02-27 08:21:35,2017-03-01 19:04:10,2017-03-09 16:32:22,2017-03-24,341056b65403009c5bc8c4b1f16c7230,2017-02-27
21e37650ff5769ef4eaa10725322d871,b64a7bfbf3742d2e51dfa2ed80fbd7f8,delivered,2017-04-24 23:44:01,2017-04-26 09:32:28,2017-04-27 15:07:08,2017-05-04 15:34:57,2017-05-15,6b4e3bc435076d600d7133e59f9344a3,2017-04-24
24c8ffda64e11b98ff0fc9fca38bec50,070e9150f3506123fdf71f5a4e1b879b,delivered,2018-02-07 18:12:35,2018-02-07 18:27:01,2018-02-08 21:22:24,2018-02-24 10:13:50,2018-03-08,38e4b8a9907cb5feaae9569e5d7d53e1,2018-02-07
3638e3fbf46689f0ce1cc201bb343d4d,f84bbf836b31fec910a4cf6228bdd4ef,delivered,2018-03-11 22:21:19,2018-03-12 23:40:38,2018-03-14 19:14:49,2018-03-24 01:19:08,2018-04-02,adec2cec9a5464f3db09d9742a471c6d,2018-03-11
bb98ebf4863602704a934e547ca8fbee,a9c3ea5497bff2eea60207db6c513717,delivered,2018-02-14 16:28:37,2018-02-14 16:45:36,2018-02-15 19:52:57,2018-02-25 16:47:05,2018-03-08,6d86f9c3afc2b72cf354b507f4b70527,2018-02-14
61016e853ed7b77d222e5a2c38d4a7bb,fb7c663bd0931abefc7a84181a9e7f24,delivered,2018-04-07 20:03:59,2018-04-10 13:55:23,2018-04-12 20:04:08,2018-04-19 18:57:33,2018-05-08,fec38f6590f4d8e78563eacd15f0413c,2018-04-07
8caa77ff40d44d6d22eb8b3079c3c324,ef3d1f95b166480f4d728f02c1949647,delivered,2018-04-20 19:57:54,2018-04-24 19:24:57,2018-04-23 16:19:08,2018-05-02 18:48:53,2018-05-24,71f88e06eb78302859a034cd7d1877a1,2018-04-20
d0acfe7fdbf94c390d7b20b589fa9bbd,33589ba5a512e47cf70035b6ca345250,delivered,2017-08-13 19:33:51,2017-08-13 19:50:10,2017-08-14 16:23:53,2017-08-16 22:25:51,2017-09-01,098d9353100b788f2ce91398d105ba89,2017-08-13
244fa75a78000346e4055ffd6fabfcce,c577dadeb07228715ffb1ec1549b1c0a,shipped,2018-03-15 10:53:44,2018-03-16 03:45:32,2018-03-19 20:08:54,,2018-04-17,51de9704422f34604c34a14593bea7aa,2018-03-15
67773c483666d5120da1ff6188d8a00a,1ad479458bb6630f9187cb80530d065c,delivered,2017-11-03 10:22:11,2017-11-03 10:35:25,2017-11-07 23:18:57,2017-11-10 20:44:37,2017-11-24,9bf81d9e8483c962fbf97dc079976645,2017-11-03
f92e5fb7bc8594b9ce97ecf12b43cf5f,dfac69a327ba24dac0d50fb8b12ef48f,shipped,2018-04-10 17:11:59,2018-04-11 05:55:20,2018-04-11 19:21:06,,2018-05-18,c9c2e6e2ec65683e71205e16a5f3aa90,2018-04-10
98efdb0084c7e2b9fd4e49729f5215ff,107191783cdc3bd8d53ffd523e2e4fba,delivered,2018-06-28 20:38:00,2018-06-28 20:50:19,2018-06-29 12:49:00,2018-07-03 16:32:51,2018-07-19,1cf20867955867347b802ab40dd74689,2018-06-28
7c71c859e83e35ab16a4bd8c418a5cb8,d7c33449195886112b734c444cd367c8,delivered,2018-02-26 00:15:16,2018-02-27 00:40:22,2018-03-02 19:49:05,2018-03-22 01:21:34,2018-03-20,bf5ee6f4cd80836b579dd64baf9dc59a,2018-02-26
ea4e52779bff23beea7f77532659a30b,8c42eee51a607d2eec0cdf9b8056b7ea,delivered,2017-05-11 00:06:30,2017-05-11 01:22:32,2017-05-11 10:09:22,2017-05-12 15:32:33,2017-05-19,81c0b8207405a6ee3956a359837888be,2017-05-11
dcefbcc0abf928c96a94c20fdae4e85d,e42c9ae9146df4772428a04c0a3f5068,delivered,2017-02-07 14:17:43,2017-02-08 03:10:16,2017-02-08 13:56:25,2017-02-21 12:17:55,2017-03-06,056cffe73833ae2aa1fe2e9a6c21dc62,2017-02-07
02fafd9313d5274736b9740f23006a8d,886518f246372db5ea23a9b6b8852d8c,delivered,2017-11-19 02:23:45,2017-11-19 04:21:51,2017-11-21 22:43:40,2017-11-29 20:23:09,2017-12-14,f4c44738abaf6e6f6c259acb440b861e,2017-11-19
ec16a756476054ae786f87878df0e047,21a5eeb6e3adcff02126e809508dd9f7,delivered,2017-09-29 09:05:28,2017-09-29 09:23:48,2017-10-02 21:32:25,2017-10-09 23:14:23,2017-10-24,bff57c520459c6c8a185a3bb9977eb28,2017-09-29
65ebd0b456e1fc3533b4c0645a90b366,87d2005a4d6739b37ba77588e743642d,delivered,2017-08-01 09:49:05,2017-08-02 02:55:58,2017-08-04 20:27:27,2017-08-11 19:04:16,2017-08-23,429b1e6a1c4698729d32aded99611fe0,2017-08-01
29150127e6685892b6eab3eec79f59c7,18955e83d337fd6b2def6b18a428ac77,delivered,2018-01-12 20:48:24,2018-01-12 20:58:32,2018-01-15 17:14:59,2018-01-29 12:41:19,2018-02-06,290c77bc529b7ac935b93aa66c333dc3,2018-01-12
d1de8ecf1530723150f71b04ab779c2a,9891050c95b9961411bdb5e545932176,delivered,2017-08-14 11:07:20,2017-08-14 13:31:06,2017-08-17 17:23:06,2017-08-28 15:45:00,2017-09-21,1f1c78fcbcac0b1245df745efc0122bc,2017-08-14
c782094350460d47f0f37a41f40858ec,b9a91e72d167059b83f3a601e0437ce7,delivered,2018-04-13 01:18:30,2018-04-14 02:31:45,2018-04-20 19:28:27,2018-04-25 17:26:46,2018-05-16,0946f9ca02e66f519a1cfd229d9d2d71,2018-04-13
aa0a58e418df41f6352802feb9999599,217cca4dac52c6eacf31baa6b6ce05eb,delivered,2017-04-26 22:18:44,2017-04-26 22:30:17,2017-05-04 12:19:59,2017-05-08 14:57:08,2017-05-24,dbdc4135f75da0b24b1c7d11ed424de0,2017-04-26
24e48a0c9fc1cfb4bf9ccfd3dfd7c984,97b5f2f6aafce8ce852721e5458caa49,delivered,2017-06-30 20:42:51,2017-06-30 20:55:17,2017-07-03 09:47:46,2017-07-10 15:35:33,2017-08-01,575c80c905c6a56143d0536aa077c3cd,2017-06-30
b9a3648dcf60f6b902216e563c539244,7908543545c1ee554db5fec2777fcfd1,delivered,2018-04-17 21:42:27,2018-04-17 21:55:19,2018-04-18 20:03:19,2018-05-09 20:03:45,2018-05-18,2036ec6ec852107bec0c0006239baaf7,2018-04-17
b002315497c6c537b93652174c833488,38e1f78f60f88d5086a4b93252cbcff9,delivered,2018-02-18 11:05:37,2018-02-18 12:07:22,2018-02-19 23:09:31,2018-02-28 18:08:43,2018-03-20,10923ada24ae41184d052c8ba1a301f5,2018-02-18
d6a55340021ebcaf3b321d5a34c6c31e,72faca08b5857402402a9fb618084f6f,delivered,2018-07-09 10:03:08,2018-07-09 10:15:41,2018-07-31 13:00:00,2018-08-07 12:33:50,2018-07-31,307bd4456e37d80e3b042754f546229d,2018-07-09
4bd64e323a8913934e03a501c3f32b71,23432b2b5fffb0c4da71e55901e3acf6,delivered,2017-06-12 22:23:08,2017-06-13 15:45:21,2017-06-19 22:03:37,2017-07-03 15:56:44,2017-06-26,300163f9f231dc013d3594b5ce42580b,2017-06-12
1f77203b7fe6e2c54ddc8dde5276b9e3,74970e00c9c5a5726fd925be7ab372fc,delivered,2017-10-27 14:52:51,2017-10-27 15:32:52,2017-10-31 18:22:18,2017-11-07 22:09:13,2017-12-01,7101d97f21285ba27d79d84f7a381d8e,2017-10-27
68e77d6af71665b7749d1e4ce51835ae,aa50fbd0f92aff557741ca48da1ebaef,delivered,2017-12-09 16:00:59,2017-12-09 16:10:18,2017-12-11 18:12:33,2017-12-18 15:15:07,2018-01-08,aa39c70597efe60f3f395a2ad802ceea,2017-12-09
ada72a2d2e2c5621b9391b68e9cfa74b,5e8845ceb28e6e145e2ca71942e50785,delivered,2017-12-06 22:50:42,2017-12-06 23:12:47,2017-12-07 18:42:40,2017-12-27 18:06:31,2018-01-05,392edf1cf51107f71da16dcd173e68d9,2017-12-06
fa0516e60526f3547106618fe2482801,d77ebe747b95a93530d2b99f2b2922a6,delivered,2017-07-02 12:03:17,2017-07-03 11:55:10,2017-07-05 14:56:57,2017-07-12 18:36:39,2017-07-21,8fd42ec59d8b5eb1bcf3c0a38ace9584,2017-07-02
8399f290ca1022f41024468f3864dac5,62e31e8f94b7e3568fbb38530165052b,delivered,2018-08-14 18:15:54,2018-08-14 18:50:14,2018-08-17 19:55:00,2018-08-27 16:32:50,2018-08-31,febadd81570605e3b0e7c70bcd170a81,2018-08-14
bd365efbba0dd1eaba5184a340fb1178,4f662c3ff944e3b1db1deb6a260f6952,delivered,2018-07-03 21:33:39,2018-07-05 16:34:55,2018-07-04 14:34:00,2018-07-10 00:06:48,2018-07-24,cb1e6468c1308a2b1cc620e296769119,2018-07-03
642ea6e274946158dea23ad0087bff93,e1f176e360611b9c6783b86bd8988df3,delivered,2018-07-30 11:13:49,2018-07-30 11:44:30,2018-08-01 19:02:00,2018-08-02 18:37:49,2018-08-14,ed9d544eec92ca181115dd36c80a8662,2018-07-30
011b8dd4f8c36fd4fcf50643ce91d58a,1477ef68b5dbf1417fead5a9814cf047,delivered,2017-07-07 22:00:51,2017-07-08 22:05:30,2017-08-01 13:17:35,2017-08-04 20:57:27,2017-08-14,4c05f8d6dade0512d22f8894e2b6b2a9,2017-07-07
7ac1ea2931e42e7c924c13f413ad8fdf,5da52b5f8c79e04414d75ef174b7324f,delivered,2018-05-03 22:49:50,2018-05-05 02:30:04,2018-05-09 08:43:00,2018-05-18 22:24:27,2018-06-01,50348f4da8624b107df12cab40cb745b,2018-05-03
fadc814c107804fcba00a30e1879b718,96d3939112b286cc2b837edd2c552c77,delivered,2017-08-25 14:42:07,2017-08-29 04:26:07,2017-08-29 16:33:03,2017-09-04 18:48:39,2017-09-27,f18f9ec14d64330d154fd753912957a6,2017-08-25
7b9a4ccb84bc90aa35e862facecfda80,980577f4e75c9ff551133fd18ae0bab9,delivered,2017-12-02 12:46:59,2017-12-02 12:58:40,2017-12-04 20:42:22,2017-12-06 17:24:43,2017-12-20,d393419796111dfaf317ca354f6c30e6,2017-12-02
01c4766d43d50d892132f7bb04d97300,570f691879071b176cf72fd133287711,delivered,2018-03-22 23:11:17,2018-03-22 23:27:34,2018-03-26 20:31:27,2018-04-04 20:52:56,2018-04-19,2e71ef0bd6b2e092901c480f193e0602,2018-03-22
466a9ffb983d3e662816b47c2108a776,1a36d493cbf1dbe661b3151c57ce247a,delivered,2017-05-18 15:17:59,2017-05-20 04:25:33,2017-05-23 06:15:38,2017-05-31 09:57:41,2017-06-08,230dc3250a924ee4ed6671d897396fea,2017-05-18
4418e54649d925fb8532ff8d11bcea61,79fb413fa9fc055b6da5fdcc04315f94,delivered,2018-07-30 15:43:39,2018-07-30 19:32:09,2018-08-06 14:43:00,2018-08-07 21:32:51,2018-08-07,af2f12255a745e11eb31bdd9c971ee65,2018-07-30
250ee6904cdb677771a5d0e9d977ed57,bc998a05068c9c63e54fdadeb5635b1c,delivered,2017-06-07 17:29:31,2017-06-07 17:42:47,2017-06-08 13:21:19,2017-06-19 12:37:46,2017-06-30,62eb07eed03059dcb9e887e7f338dcb9,2017-06-07
b586660c5402b54547ea145829f65c77,ddf1bbbf6ee7a758dc41bc7cd17b7150,delivered,2018-03-08 19:20:57,2018-03-08 20:00:22,2018-03-09 23:18:52,2018-03-26 22:11:29,2018-03-26,59b0e7e6b1f155454156a1bda0e97e2a,2018-03-08
1a1fc9e9977eb588df5f511a8775fd01,162b3f8f8eabd5b8dd9b3b175169d1f1,delivered,2017-05-17 15:42:31,2017-05-18 15:02:37,2017-05-24 12:37:01,2017-06-01 15:26:36,2017-06-21,f2c56ec4939235742aec6b07ca6dd614,2017-05-17
a9382cd3e21d2a6ede15bb6709f37a82,e8d18bb238bd74465543e5d246182ac5,delivered,2018-03-27 15:47:58,2018-03-27 16:08:43,2018-03-29 18:25:24,2018-04-05 14:41:13,2018-04-18,1ac86ee3700a560616519d72e1331d00,2018-03-27
2519026edcd7320570b0aa09727ed70f,f94425245e3774567effcd6ee149f770,delivered,2018-01-17 08:56:52,2018-01-18 02:13:06,2018-01-19 01:09:32,2018-01-26 22:53:02,2018-02-09,6d67308fa65cf5fbc3b163b980538008,2018-01-17
770a3663e1ccbc4789fbf366a49529c8,60c9c9568fdcbbccfc7ddc387f76e200,delivered,2017-12-01 17:44:22,2017-12-01 17:59:07,2017-12-07 12:25:44,2017-12-22 23:08:59,2017-12-28,5cdbff27ae9bb0812d23e36f517feb23,2017-12-01
0c78080d6694709647442e7efb1d2a5e,027b997d6d188683680b85d8395c6a9a,delivered,2017-10-19 11:56:16,2017-10-19 12:56:47,2017-10-23 21:59:01,2017-10-27 19:43:45,2017-11-08,146d150a30a6b676706908054a09a17f,2017-10-19
e547c4009f2792489ad11ee1d89d13de,aebce423ca24fa5fe5b5becdb9eea4d6,delivered,2018-02-10 07:56:27,2018-02-10 08:08:24,2018-02-14 20:04:47,2018-02-22 15:59:15,2018-03-09,9b852dc7c56a6fbdb4de7a155f24bbb3,2018-02-10
14a9489fd3842fb90ea7d555122e3dd3,10d65278087264dde732b5d36336496b,delivered,2017-08-05 00:42:52,2017-08-05 00:50:07,2017-08-07 15:43:43,2017-08-14 22:13:12,2017-08-25,fed9a4b5b126bd72975e686ecc541be2,2017-08-05
2c93ce74e002f3f6361a3fea3101e1f5,379493be5be99c3daa8b7d628c2820df,delivered,2018-04-17 09:50:44,2018-04-18 02:35:16,2018-04-24 19:26:43,2018-04-27 20:22:03,2018-05-10,00cf2f12497614285e5dbfb77d6dd312,2018-04-17
c5effd8bae9508c0e96b2e32b5dc66d8,4555082ae3a3f83217d01f34c4640dd6,delivered,2018-05-23 12:48:49,2018-05-23 13:16:33,2018-05-24 13:51:00,2018-06-04 20:52:42,2018-06-12,0f26a77f8de836d7c44b4694e0fa3ea4,2018-05-23
2a28f1cc22bf3914a246fdbd73d9845a,dc82000cb283abaadbbaa9531db1fad2,delivered,2017-09-02 20:13:38,2017-09-04 17:04:35,2017-09-05 19:08:04,2017-09-14 18:05:00,2017-09-21,ee1b7e87112ff3f0a7b268a7d8d08097,2017-09-02
388b2569708a53d1d960db2579b1b2ab,d0dc9ac54813401181711c920b8b5a52,delivered,2017-10-03 13:21:24,2017-10-04 03:04:09,2017-10-06 22:23:36,2017-10-16 19:46:40,2017-10-30,20606c268ad389d2e688b4fb50ec1234,2017-10-03
beaa9a04baa88f8e5bbf8dc2f28a1c54,51dc1b98963d078a8af6b7543716815f,delivered,2017-04-14 22:47:09,2017-04-14 23:01:55,2017-04-17 15:32:08,2017-04-20 13:24:19,2017-05-12,8b65dbaaed3c1f185c0d003f3d94a675,2017-04-14
9f978ecad138d859f6e9e08ed6b7cbda,05514af0c7b72bac8a4515ff7d4cd9e2,delivered,2018-07-05 19:26:53,2018-07-05 19:35:17,2018-07-06 11:16:00,2018-07-26 17:18:40,2018-08-08,4e8707b3589332f82f5af44ac27fb8b8,2018-07-05
7c638ebd9a22fdf7ccaea280a3aa351a,b51e528978d85b18b1e29f5e915a93b9,delivered,2017-11-30 18:41:47,2017-12-02 18:38:33,2017-12-04 18:09:51,2017-12-22 23:22:26,2017-12-28,6b5a2448326d6aef48943166976d4a19,2017-11-30
9a9b8909d5262facaf818727cf3c9251,91a056f577f8c06e6c7adf6364df486c,delivered,2017-07-24 12:27:14,2017-07-24 12:43:03,2017-07-26 14:23:24,2017-07-31 13:42:42,2017-08-11,0dd2c87c6623b79700c83f609294e3f1,2017-07-24
7d25548e9af30c1edc5c6c42690157b0,2180c41db24b7d9232d899dcfa56c10e,delivered,2018-03-16 17:35:48,2018-03-17 02:35:39,2018-03-21 23:48:30,2018-04-03 01:03:52,2018-04-11,e69ad1c80a91ded0b6264b5be5c6f34d,2018-03-16
f6284b20e702b2576ee9a3531fde571d,b9e21fd96c08b1563793c5def420b9a3,delivered,2018-07-20 08:47:09,2018-07-20 09:03:24,2018-07-20 11:48:00,2018-07-28 16:18:37,2018-08-08,624a3e3b1dc6cd26678c9e3d22dd1100,2018-07-20
2f839b79d9954ebfedeeba654f0f3de8,cb2906897f54322ccb67f79029cb09d1,delivered,2018-03-26 14:40:10,2018-03-26 14:50:21,2018-03-28 21:46:43,2018-03-29 22:56:31,2018-04-10,f6ce56125dd12927a023b879008a5ced,2018-03-26
85cebb5f41967daca44f7c7883856f96,9668acd4745aa7554baf734a6e880ac0,delivered,2018-01-19 20:20:18,2018-01-19 20:29:53,2018-01-25 18:09:19,2018-01-29 18:39:36,2018-02-20,cd995a16b76d69cd6383c9d13d9e4bc1,2018-01-19
8065d94a1a325faa7f4302d26b975a2a,0443e05743c50517e46e895fddad6664,delivered,2017-04-16 19:48:10,2017-04-16 20:01:58,2017-04-18 15:47:03,2017-04-25 14:33:42,2017-05-08,06b62401a89eed34edccffcdcd014bd6,2017-04-16
20938e71db5109f6d94e93f5263c82c2,e52731ff356f8332488e9eb09a5bccc7,delivered,2018-05-15 15:28:49,2018-05-15 15:56:02,2018-05-16 12:33:00,2018-05-17 21:27:48,2018-05-23,ac478d6a10a6d0d158576a4a022f5114,2018-05-15
6c49d31e69b107dfcd20d06bf4141749,ed37d5eecbd5eab949ceb8d49c3d10f3,delivered,2017-12-01 11:21:03,2017-12-01 12:31:34,2017-12-01 22:18:56,2017-12-04 22:42:09,2017-12-19,879f0badb54016c5d10cd2164e56f1ac,2017-12-01
225ea0d91610c70a8fa346b8953c75bd,904191410a14946b47cd30c1a3d29ba4,delivered,2017-09-01 09:35:30,2017-09-01 09:45:16,2017-09-07 00:22:31,2017-09-19 18:07:30,2017-09-25,8414e50010534884cee19b99ecec5284,2017-09-01
6c355e2913545fa6f72c40cbca57729e,d95ca02ab50105ccce682bdf9ffdc3b4,delivered,2018-07-25 14:47:45,2018-07-27 04:05:19,2018-08-01 12:36:00,2018-08-11 10:46:38,2018-08-21,a5c6335399140e986db84120c425adf0,2018-07-25
2cef31063d49c0d832ca9bd13bbb727f,7f3c2e6516da8ec689dd5729e8772c95,delivered,2018-07-31 19:30:23,2018-08-02 05:15:13,2018-08-02 16:20:00,2018-08-06 16:28:39,2018-08-23,d34394c17a8b789449feefeb97ac0620,2018-07-31
a589caa6892ceacc6bbf2f8cc30a8ad4,a77486452cbf830a5f60aa0a1362e6af,delivered,2017-08-15 17:32:48,2017-08-15 19:10:22,2017-08-17 17:03:50,2017-08-31 23:34:54,2017-09-21,591775d9faac690517b62630cce8db67,2017-08-15
5890a9968745a4abfa3f8b06cc29803d,de891ed7723353b59b3b60b8090ac8b1,delivered,2018-06-01 17:57:02,2018-06-01 18:11:24,2018-06-05 11:22:00,2018-06-08 21:57:20,2018-07-05,27a0a70617c1e54b371220bc9926f54e,2018-06-01
4aa0a4cc479d198113baae85bbb801c8,51a75e928a57e3f215029415a6057a8a,delivered,2017-08-18 14:27:08,2017-08-18 14:45:08,2017-08-21 20:45:51,2017-08-25 17:09:11,2017-09-12,d359203c0eb99c5c27bc7dae77bd586d,2017-08-18
79ab5b6fc395da7c651361c30e2f829f,e1bfc96132ebd948ec1d6a5deb2ef2d5,delivered,2018-08-11 10:13:13,2018-08-11 10:25:15,2018-08-14 16:45:00,2018-08-20 17:02:40,2018-08-24,c2e4d402261b34c1a8f2ab6eebeaf9a6,2018-08-11
44de0afee520be53cfddd8428eb63160,7ecbbee802d80c24f32bf5945c1ea36e,delivered,2018-08-05 19:26:12,2018-08-05 19:44:24,2018-08-06 13:09:00,2018-08-07 17:12:10,2018-08-14,1a54175bdbc674ec5680a51c640d4aed,2018-08-05
d012bfc203fbb4ce9a0b4e19c4dcb375,a74dc36fcd7b3552e221b5ce1abf2021,delivered,2017-09-25 00:09:26,2017-09-25 00:24:26,2017-09-26 18:33:15,2017-10-31 23:52:03,2017-11-16,4248ee9138556ad23a815616dde92b40,2017-09-25
1ff6b6e2d9228261632d6b51a07620c0,5066428ec61261380bd6272ca1555be7,delivered,2018-01-08 17:35:37,2018-01-08 17:48:51,2018-01-09 23:33:13,2018-01-19 20:15:43,2018-02-22,fb2c14cbfccabb8ed52b44dd2615cf8a,2018-01-08
ce5cbf2f45858052b9bc0af3690399cc,05b508111ffafb003a1baa8e9cabfcd6,delivered,2018-02-04 17:12:49,2018-02-04 17:49:15,2018-02-05 23:38:39,2018-02-23 02:39:06,2018-03-12,0994750c9c22a140010ed86aad2d044b,2018-02-04
389301eaf2a20607b502d4e224ed1d4b,2976d663596dda9e709bc788d398e249,delivered,2017-12-14 19:42:13,2017-12-14 19:51:22,2017-12-15 20:10:17,2018-01-02 17:32:46,2018-01-16,900b3773912895699f6bc54cf62bdfc9,2017-12-14
b75559e68bdb9a0a3526bb2995f093da,1b806ef4577088d9b4ff4f5c686ebd1c,delivered,2018-07-18 21:15:01,2018-07-18 21:30:16,2018-07-19 10:42:00,2018-07-24 16:42:25,2018-08-09,6d86e5200d2cec18773bae4f27be734a,2018-07-18
0d55a4ad122b3601a52796338c4779b9,2203d5bbba00c98e240e12eba2e9f4f6,delivered,2018-06-05 12:47:42,2018-06-05 14:32:00,2018-06-06 12:47:00,2018-06-14 18:41:43,2018-07-18,3f4edf3af6479d3db9e717c510ec59ab,2018-06-05
e406f3cf4b3e23077d22eb4346d6471c,421e69b9c8a123f396f26466112eafeb,delivered,2018-08-13 03:00:59,2018-08-13 03:15:08,2018-08-14 13:15:00,2018-08-20 21:04:38,2018-08-30,ae13cecbe00bba4580ba29e567f9ce2b,2018-08-13
ac749ba86f21016ea662fad04ef95ea5,0649036af5cb2765fd1e2136b8cfa3a5,delivered,2017-12-13 16:27:27,2017-12-13 16:38:25,2017-12-14 17:52:26,2017-12-18 21:10:03,2018-01-02,aed3f03d8bf7da8f0902c46995286019,2017-12-13
2f382dc90733d9d7e7db788f9a954fbe,e2157bd7eb4af4b0cb8cc0fd2ef04bb0,delivered,2018-01-12 13:50:31,2018-01-12 14:08:36,2018-01-15 22:21:46,2018-01-20 19:18:46,2018-02-09,7d9d415ed423ad04c3a75aeff3ba68df,2018-01-12
1b6a74c497e59ff5342e7a1adcff98af,65a6f4c14c4f4d24b78e093371a0e0ae,delivered,2018-07-01 09:42:47,2018-07-01 09:50:11,2018-07-03 14:15:00,2018-07-23 17:24:49,2018-08-16,e2144ff7214c1f09fbfbd8c6c65915dd,2018-07-01
2b4800ad28ed1d6ab914d07099877342,a73ef7d9d48a60476c2abb05adf31c41,delivered,2017-06-14 04:01:34,2017-06-14 04:15:05,2017-06-14 18:32:03,2017-06-21 15:53:54,2017-07-07,8340223572abda7355d99532155d554b,2017-06-14
069370014d6465fb28770cd9449402c5,7e0e83d690e02b4ca1eeb1bb4386a304,delivered,2017-11-21 20:32:21,2017-11-21 20:39:33,2017-11-27 22:04:13,2017-12-22 18:33:47,2017-12-14,d0813c57df04369487ff42ab24dd0ac7,2017-11-21
0e92646f0fb7e56168e677965e18c1f4,cf4be625e0070bcbf7f49a3f9bad0244,delivered,2018-04-20 08:36:34,2018-04-24 17:13:49,2018-04-24 17:32:27,2018-05-09 20:52:42,2018-05-21,797ecfd850b58e0855e2222bb59fcdd1,2018-04-20
842d9fa6a8cc47a3c8d3021592debe74,d7d354c83af0580674b719fc3f8eeddc,delivered,2017-10-10 09:36:44,2017-10-10 09:49:20,2017-10-10 18:10:16,2017-10-19 15:03:42,2017-11-01,a4895f4c594a1006b2dd572ffa99000e,2017-10-10
563c431a361a75cff783684f644d7601,e12afe781ce57ef49bbb9cd678295197,delivered,2017-11-16 13:55:14,2017-11-17 04:15:45,2017-11-17 19:01:47,2017-11-27 21:17:11,2017-12-14,4818673cdcc87da1acec1a6413d93979,2017-11-16
a548910a1c6147796b98fdf73dbeba33,8a2e7ef9053dea531e4dc76bd6d853e6,delivered,2018-02-28 12:25:19,2018-02-28 12:48:39,2018-03-02 19:08:15,2018-03-09 23:17:20,2018-03-14,64190b91b656ab8f37eb89b93dc84584,2018-02-28
23fbdff7118cf3f2b0f4eb5b74f6ee2f,b03f7ab5ddbcc000daba51e85edc1948,delivered,2018-02-21 19:25:41,2018-02-21 19:49:21,2018-02-22 19:28:01,2018-04-21 19:04:28,2018-03-16,1b97712774ab5a249ad8561a37df77f5,2018-02-21
24f926887373bfb98b4f309ecabab893,555b1e44ad963442f965bb44230728ac,delivered,2017-07-04 15:10:02,2017-07-05 06:44:23,2017-07-05 11:23:56,2017-07-10 19:43:32,2017-07-24,343c00dffa1889d2e1c3979922c58de3,2017-07-04
57edfe6486364c7777241f5ab5902715,1a655f9c2a5fd2c3e77940ffdc848989,processing,2017-06-13 10:51:54,2017-06-13 11:03:07,,,2017-07-10,5408b524d4f3a4ac4e9b7b52d993fae7,2017-06-13
00ac05fe0fc047c54418098eb64e3aaa,8935036852a292fe1f61a03c7d51831d,delivered,2018-02-18 14:19:55,2018-02-18 14:30:55,2018-02-21 10:12:12,2018-03-02 15:03:16,2018-03-16,c7e96f28f6556e49a8cb36b624a2b117,2018-02-18
fc2a4d7b806b8d5572a052da4a5a6bed,1bdf1e81149f891e3a9c7bdcb9fb7d8b,delivered,2017-06-18 21:51:21,2017-06-18 22:05:23,2017-06-22 10:03:09,2017-06-23 10:51:24,2017-06-30,987c9b1da9988bf39740761c1afe8ef2,2017-06-18
715fcad4ccf80801995de682dd4be9c7,68997e7efe0a8f5ba065b8b8dfa707c8,delivered,2018-06-05 09:37:50,2018-06-05 09:51:39,2018-06-05 12:09:00,2018-06-12 13:12:46,2018-07-11,3d3fd21b0a48da1146800cdac0a44626,2018-06-05
286c1f7d3430ca672080275dae8e9498,8213f342f266ee71f8a3f23c9c4badc3,delivered,2017-12-02 17:19:49,2017-12-05 04:14:01,2017-12-07 02:44:52,2017-12-11 15:44:49,2017-12-20,4849f1b09b196fe96481bc9a6f013410,2017-12-02
410f656a6bd0dbfa2878c0c237eed2f3,15f8b4790c9e3eadc284869225837d98,delivered,2018-03-01 14:08:33,2018-03-03 02:35:41,2018-03-05 12:54:42,2018-03-17 11:36:28,2018-03-20,8ad4694c0464c2e2b246e4628d23d26a,2018-03-01
2cfe209d12c9f696a44bd5529cdd7138,64753b1a0fc722c90632f9d9fb9d670d,delivered,2018-01-04 10:57:34,2018-01-04 11:51:27,2018-01-05 20:19:52,2018-01-12 23:32:20,2018-01-30,5cf8fe1b259e4a798589268285e1d0a4,2018-01-04
b6cd84e6c9328ed77a9e0401e661eeb8,776d24c2bd8c17b3c32f753308c0a8be,delivered,2017-05-11 14:39:36,2017-05-11 14:50:18,2017-05-13 07:23:36,2017-05-17 12:23:04,2017-05-31,7d2f9a6c5762a7ecee64eebfab2644d1,2017-05-11
e0f28c50304079bb45ad32f343e4992f,25ce0615a5282ef6576e9fb0faffaf23,delivered,2018-03-06 00:47:51,2018-03-06 01:09:01,2018-03-23 19:16:33,2018-03-26 20:34:56,2018-03-28,720581f424c67a341d5fef3a1914f29f,2018-03-06
86402904f3cfc1ddf74a29dde72588f5,21629445d0959472c635563937c1bca8,delivered,2017-10-23 16:12:26,2017-10-23 16:38:07,2017-10-26 12:15:11,2017-11-07 20:13:04,2017-11-16,3e362e76b3496d7bc76014e6f10c6958,2017-10-23
9484a3055b7d1217496689d361a9edbb,e25ce664a7a85e7ab17848a978b452e0,delivered,2018-06-19 10:40:49,2018-06-21 03:17:34,2018-06-21 15:35:00,2018-06-22 19:15:03,2018-07-04,21a56a754356f2d19dc9fd59fb6feb76,2018-06-19
ede1ae813d155e5d908cc6209fb95301,4e29ae10918438fa42da59c0d63787bf,delivered,2018-08-19 14:29:37,2018-08-20 12:11:54,2018-08-21 12:16:00,2018-08-30 16:54:33,2018-09-06,97ed06b829b3c3ea9eb96edfdd17e923,2018-08-19
ed5c53daefe487fab95ccd2afaf61bb0,b91251b81f7e08e8120571f2f4f88e0f,delivered,2017-01-22 21:56:13,2017-01-22 22:05:16,2017-01-23 16:19:47,2017-01-26 14:23:47,2017-02-20,4d7928aea9cfe594babf073057ad3779,2017-01-22
c9e34cb3b2bd60fe61896bef7a946678,cb8b25b7698ba72968a5defcae2a9834,delivered,2018-02-28 12:01:00,2018-02-28 12:15:32,2018-03-02 00:22:37,2018-03-06 16:19:03,2018-03-16,caeb1308506f1e45d3cb60c8836223b6,2018-02-28
33cd2b3de2ec32a78518fd9a66c98641,eb0c867b626b00b70a9995eb0333ff47,delivered,2017-11-10 11:00:27,2017-11-10 11:11:06,2017-11-10 19:52:04,2017-11-13 15:17:46,2017-11-24,231d7c4162f5f1fb24a3066d21f6bd67,2017-11-10
f142ccab4f2274122d3b10c539737deb,00b5072ef1192bc4d02e1d6264317bb0,delivered,2017-11-23 20:44:55,2017-11-23 20:55:39,2017-11-24 17:14:30,2017-12-01 22:18:52,2017-12-13,86e5bace0b99ae394e73ee02a28fa10e,2017-11-23
3dc5765d7bb7f88008de8abf29320e5a,b92adfe35ee85a1fade73f9464ff4b25,delivered,2018-06-18 13:20:47,2018-06-19 13:17:27,2018-06-21 16:32:00,2018-06-22 14:24:37,2018-07-03,b331673795ff5f3698a253d6dcaf4fe9,2018-06-18
e9171c81ed4eab3e5c786817857e055e,0dfe857890cd60cb917b69f809cb57f8,delivered,2018-02-01 09:43:51,2018-02-01 09:55:38,2018-02-06 22:56:29,2018-02-08 20:39:38,2018-02-19,272f0ffe236b0bf765e14f5a2b577a6b,2018-02-01
fee5ae4c3023d564892b2010f3bdbb3e,1ecd79c7fe9185158a620e4cf24cc7d4,delivered,2017-08-30 17:43:56,2017-08-30 17:55:28,2017-09-01 23:53:39,2017-09-08 20:03:55,2017-09-19,1c787bd31f1c0a74990c61ab5bb1fa71,2017-08-30
65d949ae1a2e6f0e1c65dd06b9fb5eb2,f681e458ef2c62a0c8763e1d0276913e,delivered,2017-09-11 17:51:34,2017-09-11 18:05:10,2017-09-18 20:02:51,2017-09-25 15:42:09,2017-10-13,d11531b2e9cf9ac4b0cf67c62e81a811,2017-09-11
e869ee66bd99ad6dd1798055c4fe4830,7778ca9beea5b963e1b74322be4c7b5b,delivered,2017-03-14 00:25:55,2017-03-14 00:25:55,2017-03-15 16:16:38,2017-03-31 09:27:32,2017-04-18,61a605bcf756bd1fb5eb85b5263f1b0f,2017-03-14
96404c3575d9bea57012b0210139a1d6,03318882e195c7e5aace9314477cf957,delivered,2018-04-25 15:13:02,2018-04-25 15:30:17,2018-04-27 11:01:00,2018-05-04 16:12:36,2018-05-25,fcb20d027028feb73a9e0ccd0ff5c357,2018-04-25
7856cc6567e7f703152d17ff0c152e3c,3327a56e01d175d6a2885ae4452638ec,delivered,2018-01-20 14:12:25,2018-01-22 14:18:21,2018-01-23 19:04:57,2018-02-01 20:12:04,2018-02-23,c93b6d32561dd7278336147340b26c18,2018-01-20
acca926ef1cc9a37d04aac404dc87f4a,65c6fbb9e8ef2c11d161d909f15d3fe4,delivered,2017-06-14 14:33:25,2017-06-14 14:45:16,2017-06-20 09:34:53,2017-06-23 10:35:32,2017-07-07,f4bb96f382843a496d6be68b7b2b709e,2017-06-14
dd34c63644988c1622d4551828ffdf5a,23031cdeaa6bf51645a8c22fbe14e2ad,delivered,2018-03-23 20:26:08,2018-03-23 20:35:39,2018-03-27 00:16:43,2018-03-31 19:18:36,2018-04-05,06d80c56f0963ba775b0fd784bd01026,2018-03-23
d8cb3d9dfc6d55658cf0a1f231d03fd8,b5d026ee2af32da660b73742a73fe52e,delivered,2017-09-25 03:58:14,2017-09-25 05:05:23,2017-09-25 14:35:06,2017-09-28 18:51:49,2017-10-17,0fc01fadfadc1bafd9afcb4250949086,2017-09-25
2042b08cf14adb53b8c4c1189d162375,0610d26be1496feb18be422cb2f8a491,delivered,2017-11-07 11:02:40,2017-11-07 11:15:29,2017-11-08 13:41:39,2017-11-13 14:45:58,2017-11-30,27994d62e7ec39656f6c8b2c39a19431,2017-11-07
4ac6060d367c21fb5bf12144a6e8f8d2,f7692196c74198c07989ffaed4402a68,delivered,2018-08-12 19:23:50,2018-08-12 19:50:11,2018-08-15 06:47:00,2018-08-16 18:08:21,2018-08-28,407098d0c6c3cf83908cdc4316dd66b1,2018-08-12
0fe66ba925b98652d484ad6af89402e7,6f57e98447337541f81aecf5335ed124,delivered,2018-02-14 14:43:14,2018-02-16 07:56:21,2018-02-21 01:19:14,2018-02-26 18:39:18,2018-03-06,b09fd428208d9ec8da7a41bd1debcc0e,2018-02-14
7caa2aaed7e9a56d1bc1004eb7d296e5,8cba14bb8ebdaefa1aa8563ace8ecd69,delivered,2018-07-17 22:29:15,2018-07-17 22:41:41,2018-07-18 14:37:00,2018-07-20 19:54:52,2018-07-25,7df1b28f76c17fdb19e22e5fa4b4c483,2018-07-17
ae65eec5243045a7ec6e0bffcb14c111,d28519623a224aee84ce327f0f320876,delivered,2017-12-12 14:36:14,2017-12-12 14:49:45,2017-12-14 19:06:21,2018-01-05 23:55:12,2018-01-10,af91fbc3dfa0e7756e83e82b07060f1b,2017-12-12
65509bf904f3e4f8179f6abdf50fc37e,b5a4ed1c5f618f5676f65b765e7e7c37,delivered,2017-05-31 07:36:23,2017-05-31 07:50:10,2017-06-07 06:18:56,2017-06-19 14:57:43,2017-06-26,3cdb54da0019a103207fa8998446a789,2017-05-31
02ef9aa8b6692c2ff049065f5a150c28,d5ef4d5c3a1c273a23a77f366fae4ec5,delivered,2018-08-01 11:42:44,2018-08-01 13:00:21,2018-08-03 15:03:00,2018-08-07 19:38:32,2018-08-20,dd6cd377eeb9f4b456733ea3c0862627,2018-08-01
011080783e02d05b26c8c158b3653a42,7e1d6ae9c77f1010a374656024661408,delivered,2018-06-14 15:22:53,2018-06-14 15:38:55,2018-06-18 16:18:00,2018-06-22 23:36:29,2018-07-13,aac87016855bd40827b41313863872e4,2018-06-14
d3e774a185c0b1b2286ffd6c70abe2e6,54845a8b81a2d3e5b77fa702300da942,delivered,2018-05-04 14:59:32,2018-05-05 14:55:12,2018-05-10 16:39:00,2018-05-21 17:11:55,2018-05-23,cdf4461e9701d83bfb42aa0e2319cd68,2018-05-04
f0132f94c77357b3524b93786987c97a,471b794b57ffc0697467f641ef88831f,delivered,2017-07-08 21:43:15,2017-07-08 21:50:14,2017-07-11 20:32:42,2017-07-21 23:23:48,2017-08-07,5604315f3c3d5a34b7f579718f111da8,2017-07-08
bf11d6d45abb67220dbfb9b1f8c09efe,b474f5d2fa522b1ab235ad78afcc17ee,delivered,2017-11-19 10:29:28,2017-11-22 03:06:52,2017-11-22 21:42:29,2017-12-08 13:38:40,2017-12-11,a5fba7506f3fce8f1d3fe991357a699a,2017-11-19
fd61138ce1d3b90993c364c076651c9a,be6d65c35659cadb437dbe7b85f45ec8,delivered,2017-12-20 17:11:41,2017-12-20 17:31:14,2017-12-21 15:51:47,2017-12-28 20:26:52,2018-01-15,761fb886f61539123668aaa3b750033b,2017-12-20
c89917453d2eed2cf55323bafe4bb091,65952c83b682892cce0f55fffe3240c0,delivered,2018-01-23 13:45:29,2018-01-24 07:12:34,2018-01-25 21:12:42,2018-01-30 12:49:09,2018-02-19,31afa346632ee5f19af09f509b9e4e25,2018-01-23
ef29bdd3a72229e6ea76fb22871eb176,ff83d65f64369c7efaa074eb0a13c433,delivered,2018-01-15 22:45:22,2018-01-15 22:55:25,2018-01-18 15:49:11,2018-01-24 19:49:15,2018-02-09,bb6cd7e10c7ca42fea3766b9d0224aa8,2018-01-15
6a41b5634ac2837b5b88bf9796f9021e,4a984bb438e7bde091f75e16211ded9a,delivered,2018-04-13 21:40:26,2018-04-13 21:55:18,2018-04-14 16:47:58,2018-04-25 21:32:04,2018-05-14,b067aedc3cb45dd6fbc704365059764a,2018-04-13
6212219326faa53d27b3f4c41e98b997,01fa00e0304cfe9ec92334b323841744,delivered,2017-10-18 21:54:17,2017-10-18 23:28:19,2017-10-20 13:17:52,2017-10-24 17:10:47,2017-11-08,618ea9a8cb3ce57899efbd62532ba6e7,2017-10-18
1cd0a2330def1be519e011cc6ef20db4,3cece65c04345bbf576cca0ee4059189,delivered,2017-09-23 10:41:51,2017-09-23 10:50:20,2017-09-28 19:51:53,2017-10-04 14:18:09,2017-10-25,c04dc38af3ee271e9c8863809023adee,2017-09-23
866a7ce3c98440860896ec4ed2960d8f,94113d07119d71e7e7af590e048e5d64,delivered,2017-09-20 14:41:56,2017-09-20 14:50:28,2017-09-22 17:46:08,2017-09-27 20:51:31,2017-10-13,7478a55c231c254a54e7c5a28b7b33d4,2017-09-20
4ec40a7013b2b2e20429009214c283b4,0df8646043b2e16cb9d33ac55f0dd5b3,delivered,2017-12-03 15:45:51,2017-12-03 15:55:26,2017-12-04 23:48:38,2017-12-07 18:45:44,2018-01-05,e24408e938e48fdf8f8fea13619d46e9,2017-12-03
8113e5717c966d7abf2b6ebda89a6e08,bbac12062d60100203aacb2953aa787d,delivered,2018-06-29 12:06:01,2018-06-29 12:15:18,2018-07-03 12:05:00,2018-07-04 17:48:34,2018-07-23,5b9f3a22a2f637041e498817b1e956cd,2018-06-29
709e7bb6791d4380ca6db3451e9e6a68,dc1de95ecee234f733b2ea358c00cc01,delivered,2017-08-27 19:48:58,2017-08-29 04:25:45,2017-08-29 20:17:35,2017-08-31 22:37:41,2017-09-15,5b07d855f3356e33b1434dfb5a035cd7,2017-08-27
e701302a71c93540976fdf3ce3a149bd,8877f3c1264d413a5033eca3d7510da2,delivered,2018-08-01 21:35:51,2018-08-01 21:50:24,2018-08-02 15:55:00,2018-08-06 16:39:01,2018-08-29,1c78cc523e89a9c1d0beef9598566562,2018-08-01
d2a63eace67f829427a227b535bf9b5c,e3d6d9186c71175ccfb7215598b6ade1,delivered,2017-06-05 21:14:01,2017-06-07 02:45:29,2017-06-08 16:57:31,2017-06-16 14:15:38,2017-06-28,478c99f23ce440ba49494199385dd142,2017-06-05
f8f5a61defba49f13a7e21a369026f04,061f51318d40630bda76e35b9a222fab,delivered,2017-10-18 11:13:23,2017-10-18 11:28:27,2017-10-20 11:26:48,2017-11-27 23:24:46,2017-11-10,db5ace16c6ee2bc98ab6ed11e82974af,2017-10-18
9c9036dccc18ec72597a1abafc18d3b4,651a93e609de83580b7e073e997f7631,delivered,2017-08-09 14:57:39,2017-08-09 15:10:13,2017-08-09 20:09:51,2017-08-14 15:04:19,2017-09-06,6ffea6177ea740295d4e08a8fea2c144,2017-08-09
c037dd9db2ac27aa44381219612e91ba,a8912cdd90d62f02de79c5c33bdb0718,canceled,2017-11-10 01:45:04,,,,2017-12-07,6e59e6f05dc89b195475d81418aad42a,2017-11-10
77c75c0f9b0b1c5417b62c696c4734e5,e8b9bdf215893d907b9c19990c5abd23,delivered,2017-01-16 23:03:40,2017-01-16 23:15:08,2017-01-17 14:16:54,2017-01-24 17:06:00,2017-03-02,ae81c8b1f631eb3108924289a3333c0b,2017-01-16
ff3d19da0194cd44460fbb6fbf4ed7b3,1aed89625cc79e63d3d4df40671e3d95,delivered,2018-08-22 16:38:09,2018-08-22 16:50:19,2018-08-23 13:05:00,2018-08-27 19:31:33,2018-09-11,eb05395d25a55079ca1e2fe4cc9b47a4,2018-08-22
1b73309833a72dabf3c1ae88863c3a29,a59197ad42f44f855ec60b6fbbad09de,delivered,2018-05-17 17:03:04,2018-05-19 02:58:54,2018-05-21 16:06:00,2018-05-22 19:56:30,2018-05-25,e61b92e89a44bbd1d6128315a92ff1df,2018-05-17
ee79f3b63e56601a52d07366ebc809ad,4e012433d21ce5df2fac3ea0c678fd13,delivered,2018-07-11 10:42:34,2018-07-11 10:55:17,2018-07-11 15:05:00,2018-07-12 17:51:32,2018-07-19,1f2eee2a05c39eeec6b09e24668354a0,2018-07-11
87ef9c6a3db3017348305df0c36ba7e8,83947378add43559d6b19c280f4c58b9,delivered,2018-02-15 09:06:00,2018-02-16 07:55:44,2018-02-19 20:42:02,2018-03-22 16:18:47,2018-03-08,797c887aff2d09d9702725d7c8b46bde,2018-02-15
2eb75364afee3e3651da6cdf9f57c6e1,5eb40382c1dbf804eca55c21d78a5e96,delivered,2018-02-26 20:31:52,2018-02-27 22:48:10,2018-03-01 19:47:52,2018-03-29 11:18:50,2018-03-19,6ef4101366e4340921398ba91fff1426,2018-02-26
bebd919bf27a323f7af0bf4a0133ca16,fbe5c1c5f309046936a6c8554e524b83,delivered,2017-05-28 21:00:17,2017-05-28 21:10:18,2017-05-29 13:10:58,2017-06-09 14:32:56,2017-07-03,f8f9ae61988ede102c236bd80e2cac23,2017-05-28
e3ca8512cce88f749da2df4e25e22b03,1588e8e4bfd54dfc5ee6acf782e19076,delivered,2017-11-17 15:29:21,2017-11-17 15:50:34,2017-11-21 15:43:10,2017-11-30 15:09:23,2017-12-14,93008f7d32cbeacccc2e2bced8ad7ebb,2017-11-17
daf525cd8a634a1b49dc7b09d332d85d,3b5c6ae5bcbebdd3468176e0046c113f,delivered,2017-05-05 20:43:13,2017-05-05 20:55:20,2017-05-08 15:44:47,2017-05-12 23:55:59,2017-05-30,aba8a07dff4f1c805ede7a75d6f34423,2017-05-05
b4c254669bc6861dd75db0886ad8bf97,aa7952d8d899ac673b521d68423423fc,delivered,2017-05-09 18:24:41,2017-05-09 18:35:16,2017-05-12 12:37:34,2017-05-22 15:56:34,2017-05-29,4abad4bbcba83ec9d1ec67a50610c9ca,2017-05-09
64f34bab2e734411350236e1bb97c8ca,3f94c09c6b5414837a4d133efbbe7677,delivered,2018-06-07 14:48:29,2018-06-07 15:19:13,2018-06-11 14:14:00,2018-06-14 15:06:41,2018-06-25,41252fd6a7de18d1aa38a110b5580126,2018-06-07
eea4bc8cadd431cb46a8349ae705a2f3,c57c45bfefa977ef5d181a37ad5650c0,delivered,2017-07-27 14:09:40,2017-07-28 14:23:49,2017-07-31 18:39:04,2017-08-11 17:56:05,2017-08-25,e22ef1e305d351e82168de0fb3b47c10,2017-07-27
51897b5909b133e69594d2c560115a71,a4132628628628983c809d9a99c71feb,delivered,2018-06-13 09:45:14,2018-06-13 09:57:04,2018-06-13 14:36:00,2018-06-18 14:58:57,2018-07-13,efc9155663ad6c6c64f002378a896136,2018-06-13
c467181d4844c139feaec6947fd94606,9b0921ec304b8c9ed01d2992cebacc8b,delivered,2017-04-27 21:34:10,2017-04-28 12:53:52,2017-05-09 08:19:32,2017-05-22 08:23:58,2017-06-19,96070e4ed2e1b29611b06c697340c839,2017-04-27
f22ef2baecb171381117e0ce752cf282,c8c1f0597230ba044bb8cfb67fd31dd0,delivered,2017-07-28 12:32:59,2017-08-02 08:34:24,2017-08-01 17:47:58,2017-08-28 20:09:04,2017-08-31,e4cf1359827bc6da749899b77a5ba9a6,2017-07-28
0c4a286213e6b3657aa94773d386a229,082494e1ad97fbe3fd2efb729b24e252,delivered,2018-03-20 13:43:33,2018-03-21 13:47:46,2018-03-23 15:02:20,2018-03-29 21:06:18,2018-04-06,df040b01a02286856b4bb1033a251ec3,2018-03-20
d0523aba4d0666705474932558a1d89c,52d62f45eeb17ae522c86d2c5c64061e,delivered,2017-06-29 13:36:08,2017-06-30 12:35:18,2017-07-03 08:49:21,2017-07-10 19:25:28,2017-07-21,d10e222fc587d747cc88bbdf418c0a10,2017-06-29
5d86dc1cd453634d7deca975d23fe39b,0fddc72936ca7ecca93b3e77a3bece43,delivered,2018-02-18 21:44:22,2018-02-18 22:50:24,2018-02-20 20:32:47,2018-02-26 21:58:58,2018-03-09,1de70eb12314df7468b765ae44812f0d,2018-02-18
6d1a62fa0b7ad62bdea639088be1e5f5,61c87a5633bf0012750ebd333e1db8a9,delivered,2018-07-25 13:09:24,2018-07-25 13:24:20,2018-07-26 08:18:00,2018-07-31 12:44:58,2018-08-15,e22ea5e995a14c766a96972567e77ef0,2018-07-25
b30db4148d5398cbf696c239d830b233,4157ca2b5771810949aeb38296f9e40d,delivered,2018-05-23 21:11:01,2018-05-23 21:37:07,2018-05-24 15:29:00,2018-06-04 23:17:28,2018-06-19,8fcaae906fcc0188963ffaaeecfd9074,2018-05-23
93d1d708e3c14a6565de485c5f62b516,900b190def9c4ed21975358a4d6ee91f,delivered,2018-07-23 21:58:32,2018-07-25 02:44:26,2018-07-26 09:59:00,2018-08-02 16:44:24,2018-08-20,8d8d4c24208d333841e7808542a0f257,2018-07-23
cf17fd8b07b3f141a06b72954410e285,b46c44064f73e6285798a677368257bb,processing,2018-03-30 17:27:38,2018-03-30 17:47:23,,,2018-04-26,32432f1bdb90cf6f49690f42e8917918,2018-03-30
6703cbd67193e32ea4174d97832a16bd,038040c89822d9d8f9899972c5673ef1,delivered,2018-05-06 12:15:19,2018-05-07 21:16:02,2018-05-11 13:31:00,2018-05-17 19:17:25,2018-06-01,14f5335a43420b92aa77e1f35ada3f42,2018-05-06
096375c5433ecff9fd971ca2bdd40f1b,0639f89df53967e960faa234c3235d1f,delivered,2018-08-02 21:43:54,2018-08-02 22:15:30,2018-08-06 16:39:00,2018-08-14 17:14:47,2018-08-23,24d45e13b914e1d341351a3afd711aac,2018-08-02
623716bbf6906482f613440819f26f3d,d86a7f223ce234dbeb9b8a43e492d4a1,delivered,2017-05-02 23:05:38,2017-05-03 15:42:10,2017-05-04 11:51:20,2017-05-16 09:58:42,2017-06-06,48ee05f414035e54588934fd0f05378a,2017-05-02
4b9cf74b2132266bf6d3342a77342433,ff49e6d9cca102ee3a979a7712ca7859,delivered,2018-05-15 16:54:44,2018-05-15 17:55:28,2018-05-16 15:26:00,2018-05-18 18:22:35,2018-05-25,dfc63b50f2cb56769026d8b63b279d86,2018-05-15
2583d08371c2662c10a4db6a9d158826,a301c3aa2a9c849d317d3d64196edace,delivered,2018-04-22 11:33:47,2018-04-24 19:04:34,2018-04-23 21:26:37,2018-04-24 21:56:40,2018-05-09,3ee48f92ff8c38bb26232ed900c7dfcc,2018-04-22
a24d66d387ac209f98ea7b4eae586336,5ebebd4710a81de7cca923de0740a6d0,delivered,2018-07-23 19:48:06,2018-07-24 10:31:41,2018-07-25 14:13:00,2018-07-28 20:48:20,2018-08-10,07ca388c6821a8bdf63f387a1bd2f109,2018-07-23
0974bbaa486709066c644587a5cb6623,a4ebd6f335462d496189929f5f84b64c,delivered,2018-03-27 21:20:40,2018-03-28 02:35:30,2018-04-02 10:03:32,2018-04-05 15:48:48,2018-04-13,250bcd34eedc5ddb868f66d5a8b0d441,2018-03-27
b9d5be766cad3958ba4a2f0137257bb9,e4b08bf78efcc6cdf41eb30e4327c460,delivered,2017-12-08 21:23:40,2017-12-11 14:30:32,2017-12-12 21:58:44,2017-12-16 00:28:29,2017-12-27,ce8650a8602b544900fe7a7f567e5abf,2017-12-08
f4c47c5163aecbdc7ce04fa55857b332,a75907958158e25506f50ad5fcd605c0,delivered,2017-09-30 16:32:28,2017-09-30 16:49:35,2017-10-02 18:18:09,2017-10-09 19:52:51,2017-10-26,23584853216d380c003d9ba9fa962428,2017-09-30
106f6c512adbf8efc43791f75692d25c,ad63c8822d109e745e032497a5fffd68,delivered,2017-05-17 12:16:30,2017-05-17 13:05:56,2017-05-18 09:46:29,2017-05-23 10:24:41,2017-06-06,ff70aa1b53f643263ead50eed3166164,2017-05-17
b74fc8a1ce10dc00688327cdc6a992e8,96486d08a86576c33c64790ee3c8ce4a,delivered,2017-05-12 19:08:56,2017-05-12 19:15:12,2017-05-15 09:13:04,2017-05-22 13:47:38,2017-06-07,586f76139fd814d62a263dc2aaf9ff09,2017-05-12
abab6e4d0ebbe62f0469fc4800cd6e0d,889b4cac5719e9240c611a26cc31583f,delivered,2017-06-28 15:04:13,2017-06-28 15:23:41,2017-06-29 17:33:56,2017-07-05 18:52:01,2017-07-11,b02f8e74daf99820685dab542cbde741,2017-06-28
38508d9b65e1ac5f7dcb2dcf162375ea,53aeb29dc2e7dd0d2259f60ae35c157a,delivered,2018-05-19 20:57:14,2018-05-20 00:42:45,2018-05-25 14:34:00,2018-06-04 17:58:48,2018-06-05,d8a92bd8e13d6968d5223b505b3a0628,2018-05-19
029f7a5aabaadfcdfe8c0eddb59a1069,745fc498c9bb2df2194e737485a1afa9,delivered,2018-03-05 16:08:35,2018-03-05 16:29:19,2018-03-07 20:33:05,2018-03-08 12:32:08,2018-03-15,c79a463e85fd8b530feba7db28c26de6,2018-03-05
86df4a2f1f5cd47ee3f5bf1781240d1a,b0db02848249cbe57e7e5732976ced8e,delivered,2016-10-05 09:19:46,2016-10-06 15:58:45,2016-10-10 15:58:46,2016-10-26 10:38:43,2016-11-29,ba8e8db5ac53ffa4aca56c6a645b9e05,2016-10-05
0e5e60b0cddf73f60eb73fac19f590cf,52222a646829d54aa33a64283f3b5549,canceled,2018-01-28 21:31:07,2018-01-28 21:39:24,2018-01-29 19:12:01,,2018-02-26,0ab0b26b040f65ea7d00172abc8898b3,2018-01-28
0a42de5dfb223e924d95bccacc00fc78,430a3322d71564ee0afcb1a54dce87c5,delivered,2017-07-13 18:08:21,2017-07-13 18:24:19,2017-07-14 19:26:14,2017-07-28 15:10:28,2017-08-16,d71acfcc8e6cfbfcec402dab6534a0da,2017-07-13
b8e8b6e0bd1954b4dd4559fb2e7665ef,e4ef09b9f9f020ec589d7d487850c7a1,delivered,2018-03-01 13:27:27,2018-03-01 13:35:34,2018-03-13 17:04:58,2018-04-02 22:28:40,2018-04-13,68cbc4ef1c1760cc086011707262472e,2018-03-01
4b5893f13b0e06d63d6a27fd04544deb,8d933eba83acbc93f97094191540b136,delivered,2018-01-18 00:19:42,2018-01-18 00:30:30,2018-02-01 19:54:02,2018-02-05 21:35:54,2018-02-19,409fffcdaf4d0eb689458f1df6b2c240,2018-01-18
20a1bd1e0ef6246c0034a5bf7efcd927,9268658a80eb05375bb92ee7efb755d6,delivered,2018-01-12 19:02:22,2018-01-12 19:13:21,2018-01-15 21:07:42,2018-01-31 15:36:39,2018-02-07,59f39bcc60ca8e68cbec962e2afd70f8,2018-01-12
55c6e67bafee89a038e61842a60214b5,064d878dc60b8f7ef83e6d1592e9a808,delivered,2018-03-21 17:52:32,2018-03-21 18:15:34,2018-03-23 14:23:07,2018-03-28 19:42:05,2018-04-12,07a31edf9fd39f97a58be4814a604c0b,2018-03-21
7f9e9b2e718f5703d72e3f5dc70dfc92,11f20336bf8c6e71de9a6bd7171bd491,delivered,2018-03-31 19:17:03,2018-04-01 19:10:09,2018-04-05 23:19:05,2018-04-10 22:26:21,2018-04-18,83e3a28d162486ffd4e99bec3a57f491,2018-03-31
59e6b7178ae983c683bfb1ddec70fa49,cce4c29bc4e0827aa74d6b283780ae69,delivered,2018-04-14 11:25:56,2018-04-14 11:35:16,2018-04-18 23:36:58,2018-04-25 23:26:41,2018-05-10,ee4c92a452f80847874d57ff6297a7fa,2018-04-14
a3f701e4bf2687d7aa6b807340426a26,4188d77568d27a1ec95c6d521865d48a,delivered,2017-08-28 14:08:39,2017-08-28 14:24:48,2017-08-29 17:32:30,2017-09-04 18:47:29,2017-09-15,3de5933266a643a0b829e83f78c35821,2017-08-28
b6e6c0e151343c3198a2ada69d6b6cd9,51e2e34bb7261dfad6cdaedc9f1a4350,delivered,2017-04-19 22:13:50,2017-04-19 22:25:10,2017-04-20 15:47:35,2017-05-01 11:18:32,2017-05-09,de7581f6d9e04d67f2018d43df7ab119,2017-04-19
ba3f824b4ebed08a7a4bf92937017703,f0413d0db87e22a35ae1cbdba85acb9d,delivered,2017-07-21 08:50:03,2017-07-21 09:02:54,2017-07-21 17:55:40,2017-07-31 19:37:57,2017-08-14,dea716f14d24df9b537e38e6a4a23a1e,2017-07-21
1486436c20fbfcb9dbce0d90820b86a1,a825f9cda9b9fb692610242a7374ff21,delivered,2018-08-06 00:03:03,2018-08-07 00:04:38,2018-08-13 09:24:00,2018-08-15 20:22:32,2018-08-24,a635e8b3829057ed83b1ba0e60fffb94,2018-08-06
d55ebcbe4bbcf9c842471f10b1b82f1a,27d2498b916f719b4ac0b76ec2823388,delivered,2018-07-16 18:43:46,2018-07-16 18:55:23,2018-07-18 13:00:00,2018-07-23 23:06:47,2018-08-07,b10ff38dc89c2aebed61d165230247b8,2018-07-16
fb05a4b251a54957ff9a86d515f98289,35a19e7eb76e917f62eb26b58ace0d2f,delivered,2018-05-05 18:59:56,2018-05-05 19:10:49,2018-05-09 15:48:00,2018-06-08 20:09:56,2018-06-05,73d3e8ba63077e245477762334c49f69,2018-05-05
818bd343c0073f9624ca1801fd39f4db,8fa9bc6a96c911b47c831c172dcdc116,delivered,2018-07-18 16:08:07,2018-07-18 16:22:41,2018-07-19 15:12:00,2018-07-20 17:38:27,2018-07-26,54da216bf1ef3155b08aea3a52295c40,2018-07-18
14dc76b28665ce468e6f5ce4fd661127,b8414b8b0b2d437edbeec8955628262a,delivered,2017-12-08 15:05:23,2017-12-10 15:10:17,2017-12-11 16:13:11,2017-12-20 18:16:46,2018-01-09,c613825f8331ed052cebf09a7a12b08e,2017-12-08
8aff7f05f86bbd5811e5cbbc9d8002e5,927a3f6fac595d5edcae64ace4b02a3a,delivered,2017-03-19 14:10:47,2017-03-19 14:10:47,2017-03-20 10:38:10,2017-03-28 15:27:19,2017-04-06,de3477760c6efc7c56e7789b34a5ad79,2017-03-19
f94b388e21753bb4b820f0f4436bbd8a,3de42c2f45da7ae9d9a066c840fed831,delivered,2018-06-21 21:10:39,2018-06-23 01:40:15,2018-06-25 13:12:00,2018-06-29 00:16:46,2018-07-13,b1a4d4695b2abefbc9e68caf3d03cb21,2018-06-21
be70a6a2c7e50ca21ec40bbacd429e5c,be9adceb883e6c8e211f48e2fcb3dcf6,delivered,2017-09-21 13:33:46,2017-09-22 04:06:02,2017-09-22 21:13:33,2017-10-02 21:36:05,2017-10-20,2679c5362ae40e62b4e4d72db1b75465,2017-09-21
051d3d717e96b76b07fc9076b88d671f,207dcd5dba3bdbe35232e736b4cdf538,delivered,2018-01-25 14:00:11,2018-01-26 03:18:35,2018-01-29 19:19:21,2018-02-02 00:07:12,2018-02-09,85c783172258a31a5f689352bc9b637c,2018-01-25
e72faf0f877e7b070bd36d848b45b9cd,b6bbcc198167f265dd1c0381aea37cc1,delivered,2017-07-24 23:18:11,2017-07-24 23:30:18,2017-07-26 03:21:10,2017-08-02 17:57:26,2017-08-11,065fefa58af499bc88faec29a948752c,2017-07-24
8a60714cf263ac64657ccd4c930b4d29,00ec3ab027d83e9b77d525b2e6b823e7,delivered,2017-05-16 00:48:59,2017-05-16 01:02:31,2017-05-18 17:25:56,2017-05-22 13:57:49,2017-06-09,0d36922553ab8b00e3d5acd0d1ea0abb,2017-05-16
394db9b1315d2a408dac0b74f6a2bf57,671296b6d3aa0f88884ee2eaddb497cf,delivered,2018-03-23 15:52:53,2018-03-23 16:08:49,2018-03-26 21:38:47,2018-03-29 00:33:52,2018-04-05,1874b3a24de500ecfe45ad1ebcaea3a0,2018-03-23
35dfa74b22307b2c8543606b037b1685,86e497487de3cf532c87f53275ebb1cd,delivered,2017-11-17 10:23:42,2017-11-17 10:46:57,2017-11-17 20:09:24,2017-11-28 14:31:59,2017-12-06,bc9d93b715bcf31622cd1d6df785250e,2017-11-17
323a708130dd958865650c8917116819,83ef98a5935852a0285d4a1672d81ee1,delivered,2018-03-15 19:41:27,2018-03-16 03:50:27,2018-03-16 18:52:49,2018-04-09 15:48:45,2018-04-06,19aafe0d2b8a19b421a7a9f61a6e8bcd,2018-03-15
043d2e177e6762a2a1d029db6338d84e,196d61c804eddccab4441e7a7cc781e8,delivered,2018-05-17 16:37:58,2018-05-18 00:38:46,2018-05-18 14:43:00,2018-05-30 16:03:40,2018-06-05,67723326689ea42327c892430d4590af,2018-05-17
f7467c036faba658648aa0f437a1bc62,28ffab1dbe2d6f45a38bd70f2c3fd78f,delivered,2018-06-18 19:08:15,2018-06-18 19:39:49,2018-06-19 14:18:00,2018-06-22 21:51:45,2018-07-16,082b0909af2652eb18a3218321631f74,2018-06-18
f4adc4de5704b78924f3147944aa7e01,5416a712082f252d95466d4ee9f2e4fd,delivered,2018-08-15 16:51:43,2018-08-15 17:05:10,2018-08-20 11:26:00,2018-08-27 17:31:31,2018-08-31,88496be57243f4daff2a333286c66e98,2018-08-15
9e2fbf3b51437bc915ed549c475eef2c,e2d332efaa3c6f6c394d00ee57547fec,delivered,2018-07-23 19:04:37,2018-07-24 10:31:26,2018-07-25 14:21:00,2018-07-26 17:40:56,2018-08-07,1a43917020d9c84f3c37ca03f8a61e13,2018-07-23
dfa82c0d8cadaa36975ca3f856251e6c,99f4592f30a55a27156a2469d4778b26,delivered,2018-02-05 14:02:05,2018-02-05 14:15:33,2018-02-06 23:40:33,2018-02-08 12:23:18,2018-03-02,9c1438b84ce4accef15166f812e5f36c,2018-02-05
e1d91f5481b7e7a48c0ceefd3feb4ba5,e7710fcbf3b97327cc944bdcc49841be,delivered,2018-07-21 18:20:23,2018-07-21 18:30:16,2018-07-24 10:34:00,2018-08-05 17:06:22,2018-08-14,fdd5211d05b6a9406426d5f14aa6aa17,2018-07-21
cf5508a6ae55421646b0683bb605ac74,e42274a986c58b500513a7d57a4fed2d,canceled,2018-07-08 13:34:57,2018-07-08 13:45:32,,,2018-07-27,716e19f14e35f06abf2ae6006761202c,2018-07-08
320fb5aed4e43d6dfbf53c4f2c5f70f1,49a9eb7b8125be605d376b5441083180,delivered,2017-04-20 10:20:35,2017-04-20 10:30:19,2017-04-27 11:27:12,2017-05-16 12:44:56,2017-05-12,6a1f7a25a12bb8ae6c861e9e47db9ee7,2017-04-20
1155f1a9dc077b5131ec32d2c78e4de7,b06d879bef2b94ae957889d46a481e74,delivered,2017-08-31 21:54:58,2017-08-31 22:05:42,2017-09-05 18:47:51,2017-09-13 18:26:04,2017-09-25,2548618a596a23272a8522d6d8b2fcb5,2017-08-31
17b088ab9d046438bfed94ac7b7b286c,3c89fd1d9b9438fad1acf39186bc0918,delivered,2018-01-07 12:17:38,2018-01-07 12:29:26,2018-01-08 19:49:49,2018-01-09 21:19:17,2018-01-26,8a4888387ffe877c74ae212624ce5f52,2018-01-07
8d2d0f8cd26ecbe01fe9b2820bf45836,dd33e159dda0ff53ee235f422a5db59c,delivered,2018-06-27 08:12:24,2018-06-27 11:03:24,2018-06-27 09:55:00,2018-07-03 14:28:46,2018-07-18,65634ec49e0efdfbe399da96940e5499,2018-06-27
db46ef9887e9ac7aec3ad2f66978d632,2a6caf771045ece479046cb01df66d1d,delivered,2018-03-02 22:39:33,2018-03-02 22:55:33,2018-03-06 00:48:29,2018-03-12 19:21:42,2018-03-21,6ad276b6e4b85c1a2020daac2422c100,2018-03-02
e9f48be3096ea406d31f0dff6240fe29,e357a44465bc787540234e05fd9e379d,delivered,2017-11-11 13:33:26,2017-11-11 13:50:37,2017-11-14 23:03:21,2017-11-16 20:12:03,2017-11-27,0aea4c55497d5af18dca57cc557117ef,2017-11-11
2f4cdf6f142e65ba622a85fd90b8c3a8,3339e961a42d66ab7c01613b22d6e943,shipped,2018-03-29 17:50:53,2018-03-29 18:08:35,2018-04-02 17:06:55,,2018-04-23,d1cd85b1f829aff3f1b0376222b014a6,2018-03-29
f6faf0f56f068cbbc7f0837bf82ced2b,ada4367956f1fd1d19dd40ec4ecdab17,delivered,2018-06-17 14:23:04,2018-06-17 14:35:15,2018-06-18 10:03:00,2018-06-25 19:47:37,2018-07-16,2ebf772cd33795ce8176fc8b1387e128,2018-06-17
87df71eb46077c66a8e53d4e92bc71ef,c0254dbd03486d74cdefd62c0e0155d3,delivered,2018-04-24 19:05:19,2018-04-25 03:15:20,2018-04-25 14:20:00,2018-05-07 20:47:39,2018-05-18,243c2b1c0b75591d8c13e86b2fbc3788,2018-04-24
3b3f7687e938ba0e58002a3640110a8a,1c13647bc40d5c7295f101211d55a8ef,delivered,2018-03-14 22:16:30,2018-03-14 22:30:28,2018-03-15 23:12:11,2018-04-05 21:58:53,2018-04-02,eb3828a99ffb2f8b560d5ec97a0dac26,2018-03-14
7aad0379bac4fe5dcb0a97650eaf957d,47fe922e79ee75abc08ee8a081c80958,delivered,2017-10-26 17:00:04,2017-10-28 02:50:13,2017-10-30 21:22:21,2017-11-10 22:11:29,2017-11-24,4018d00e27a20cd31fab5178ca1c8a15,2017-10-26
754ec4da4ae64a75a0667f7f2551d536,bdec20cafcdac63977a4320cf5061432,delivered,2017-06-29 02:02:24,2017-06-29 03:02:34,2017-06-29 14:09:55,2017-07-11 16:28:06,2017-07-24,cf6a1ea461030ba73f06fdcd156269fa,2017-06-29
a45b9ed59c45645bcf239a3a3a73f46a,68d98b466661806f1900c29cdc62d2c4,delivered,2018-05-06 12:00:26,2018-05-06 12:13:17,2018-05-07 15:25:00,2018-05-08 17:03:58,2018-05-17,3767974d3faa03919d2e129c3f651017,2018-05-06
ec36a2bdf65bba1742263a91c4f251ae,6608dac8561577f1f1a18ff05e9d1dc7,canceled,2017-02-28 21:49:29,2017-02-28 22:01:44,,,2017-03-27,c7c439a7b0dae4d7385c6d7037e7b714,2017-02-28
d0920ccc909154ba04006679e5f1956a,54ee2a5ff183b34228a4ba44704d6a2a,delivered,2018-01-26 14:30:56,2018-01-27 10:16:16,2018-01-31 21:32:21,2018-02-14 23:40:00,2018-02-26,a9fff7b5a6d827fc933ee0c180f32dd4,2018-01-26
81b2c7683a251dc0ea48059bef94597c,c35eaee4d0e0f61721f7d1667ec13652,delivered,2017-07-24 11:28:55,2017-07-24 11:43:23,2017-07-25 21:42:34,2017-08-22 14:09:45,2017-08-25,5c008e6d2af075a08b11527f186b3abd,2017-07-24
8dc2ffdf42cced0aea6a7e723bda3942,f602d75dc9a8c13a7fdfd77523be7307,delivered,2017-09-19 17:23:49,2017-09-19 17:35:23,2017-09-21 15:25:55,2017-10-03 19:22:36,2017-10-17,2722e0a22fdec49f57290aede617b0f6,2017-09-19
2dd604f5ec1bd2f58c14e9908c7df826,a3b0fda37bae14cf754877bed475e80c,delivered,2018-01-31 16:43:23,2018-02-01 11:35:44,2018-02-06 15:35:16,2018-02-10 16:12:22,2018-02-22,c9158d089637ab443c78984d20da7fc0,2018-01-31
5691a076ef144cb3bb777a3eb18b77d1,20f758e9dba50eff29eb3fdfb3bae053,delivered,2017-08-24 08:44:17,2017-08-24 08:55:19,2017-08-25 18:46:47,2017-09-04 16:35:44,2017-09-18,94cda9f737e0360d53ad8191af1ec1a5,2017-08-24
9db03235fbd38dbd09a5628ebee9f71b,7313faf1758192058cf30aaaba45cfe0,delivered,2017-12-01 12:29:04,2017-12-01 12:38:40,2017-12-12 21:12:29,2017-12-18 21:53:15,2017-12-26,06ef40d6e048bc6ca4c8b6f2190227e1,2017-12-01
e80158981f299f984453ee1a55275764,0628c0b91afef1a89539ce9f77a735e0,delivered,2018-08-21 10:57:46,2018-08-21 11:10:17,2018-08-21 14:46:00,2018-08-22 16:46:41,2018-08-27,7c588c097689b0b77fd73d171332b0ba,2018-08-21
df606e00395346b2b2d9e861236efd6f,c3b0850bfab9fde7e7089966a8ffa271,delivered,2018-08-26 17:40:24,2018-08-26 17:50:11,2018-08-27 14:14:00,2018-08-30 21:38:48,2018-09-11,d1a1e9d7a3920a14c72ad9e870ef6ae4,2018-08-26
b6cf32bbf714e2bc090814145da801db,068ce84281fffe770d51b0b75c3e0994,delivered,2017-05-24 11:20:34,2017-05-24 11:35:23,2017-05-25 11:49:11,2017-06-05 14:50:05,2017-06-16,f2fe5e3e7cb3576ee2f27320fb082c39,2017-05-24
3faacd4730227be7088bc1bfe4878627,dd1638563063c8bdf31cdd3cbd9e162c,delivered,2018-02-10 13:13:53,2018-02-15 03:47:06,2018-02-15 19:56:29,2018-02-28 22:56:58,2018-03-08,4ea58d1f2aee1ec5c2031edb8f39f758,2018-02-10
47607b002b56d0c23e24d91a519b0856,b6363f9f8f6d461980e9b5a6fbd0e168,delivered,2017-11-24 11:26:18,2017-11-24 13:32:17,2017-11-27 14:49:08,2017-11-29 21:54:49,2017-12-08,57378b07a6c91c06c139bfff05a246ab,2017-11-24
d34bc7b7a591c761f1d10baefcc86644,853e93d8f9dd85379dd60183a32bd996,delivered,2018-08-18 08:08:04,2018-08-21 04:50:15,2018-08-21 08:33:00,2018-08-23 21:11:45,2018-08-29,ba47cb18809f00e121d13ddba84d71c2,2018-08-18
dd86e4d859a5706fce0ddc95025b74e5,a5f9c7d88fb1f046b5cec9e78bd80063,delivered,2017-11-13 13:17:04,2017-11-15 02:56:11,2017-11-17 18:09:08,2017-11-22 00:51:19,2017-11-28,92ac896de4836b59ff8a1077df82c168,2017-11-13
c77d53942cf14c381d5740220f9c784c,5917aef262ddca86ca8dc8910070fb1a,delivered,2018-07-02 21:08:19,2018-07-05 16:10:37,2018-07-06 11:33:00,2018-07-12 17:33:38,2018-07-25,55693e1fa61e30d669a73fc3b4977ec7,2018-07-02
9f372562f0d05458a142227656ddfc85,2b3692f768a14674dce6f6db8153ce80,delivered,2017-05-05 12:54:05,2017-05-05 13:10:25,2017-05-11 14:29:02,2017-05-29 15:59:44,2017-06-05,f1435f31734a913c329b28ef2d95331f,2017-05-05
320f28931983137e4e8dbaa4c160c770,9938dc00ee7b2a4e7843c807deb29ba7,delivered,2018-08-11 12:45:33,2018-08-14 04:50:21,2018-08-15 13:16:00,2018-08-20 23:34:37,2018-08-24,049aed8b06122c6c6733dfeec2de5192,2018-08-11
b91a17f9c1968b21a333460f687fe2a9,97acc79130760aef0e4167209d229e9c,delivered,2017-08-13 13:09:12,2017-08-14 15:31:22,2017-08-24 11:27:56,2017-08-30 21:56:33,2017-09-15,a0a261a0b673cc7dd5f7d34e80023ff2,2017-08-13
28598ad2a5574e7033f5b0e51c30f6d3,112eac27a47d924d426f1e2be787ad79,delivered,2017-09-16 20:40:17,2017-09-16 20:55:14,2017-09-19 18:07:44,2017-10-04 19:23:12,2017-10-27,b9f070e5fb47becb4172a7c7fb37284e,2017-09-16
46f9b074b58a279343837553cf5160e0,4a03eab27d590c8eb367f57a2fe5ec7f,delivered,2017-05-28 21:28:17,2017-05-28 21:42:28,2017-05-30 07:36:30,2017-06-02 15:42:26,2017-06-09,7c268382891e33d0714537c073166d2a,2017-05-28
cb70b6a0c936ad1d4abaf743ee8f36c5,136f6eb7ba9d14871b678a90b36627df,delivered,2018-05-02 01:07:07,2018-05-03 04:52:39,2018-05-04 15:43:00,2018-05-10 18:59:36,2018-05-24,459addfa822a84a19962954a1b8203c7,2018-05-02
8f61fa1d4656d0e770c197ef9f28c60d,b9c91ed4cb34e2fc2a2aba78847c9f38,delivered,2018-06-14 13:44:17,2018-06-14 14:26:52,2018-06-15 14:52:00,2018-06-16 18:16:37,2018-06-26,a826e9b207e1f708039880a661417ba1,2018-06-14
106c30fcc271e1005d8f3167d8d82af0,6f25b09936ecacb28520224addc912df,delivered,2018-02-08 16:50:47,2018-02-08 17:29:47,2018-02-14 20:15:43,2018-02-16 19:55:18,2018-02-22,831af6f6b352ffb0d194a1ff4ebeaca6,2018-02-08
f2a942be5a0340a2601b7725df74bfba,b5aeac2aa369884828c1c02a43c11f34,delivered,2018-05-16 12:27:20,2018-05-16 12:54:00,2018-05-17 14:03:00,2018-05-22 12:59:08,2018-06-19,0a6fdd38257b8966e4619746c7b84262,2018-05-16
0aed18a03ea2ccdb5981aea3524b304d,186d5e15485ff2afa04f02bd00aee4a4,delivered,2017-09-08 12:16:48,2017-09-12 04:55:21,2017-09-13 22:23:41,2017-09-23 01:23:34,2017-10-03,dc9108cdc59294eebe936e0971e6da63,2017-09-08
5c92503c98d68728d4c409d18b268c31,08a0ac1decaff11abb24f276429ee4bf,delivered,2017-11-25 11:39:25,2017-11-25 11:51:59,2017-11-27 17:23:09,2017-11-30 00:16:57,2017-12-12,903fd0a27e127b1fad40186fd85c1499,2017-11-25
71960e6af960919256a958a3633e1040,72889b03d4e898e80bf55ea7e36961a6,delivered,2018-04-10 13:50:56,2018-04-10 14:10:00,2018-04-13 21:04:36,2018-04-17 18:58:44,2018-05-08,74e7f1bb83583aa050ec608c45e0c3df,2018-04-10
8ca43faa3b964d5ef9d833123b3b1d2e,69e996fbf1149668b92cf2a05457dcce,delivered,2018-07-03 17:26:19,2018-07-05 16:24:54,2018-07-04 14:56:00,2018-07-06 17:29:31,2018-07-16,725d7d27f91e3470226930e8a776c88c,2018-07-03
1c2dcebc8729b58ef305048ff12b1540,f25f80e2caa76bc88369d6deb846f7e9,delivered,2017-03-12 14:05:07,2017-03-12 14:05:07,2017-03-15 12:37:51,2017-03-20 11:57:56,2017-04-03,34466539a4aa603004fead7a3f7f7bc2,2017-03-12
df75a2d753c65af66e3571e2dbfd985a,549cdded930d5f270e6f7aca23ce1f26,delivered,2018-06-07 14:17:05,2018-06-07 22:16:16,2018-06-11 09:37:00,2018-06-14 21:33:39,2018-07-13,a3c05a34546c35feeaf3777441019057,2018-06-07
1df35a8f4e554dd3a4752f22e3c15a63,e3265baee473628d1f88bb6d67fab5bd,delivered,2018-03-07 22:32:36,2018-03-07 23:28:28,2018-03-08 20:46:34,2018-04-04 20:46:30,2018-03-28,48a3b4f59eb228f2e80ec7e8d88fc2a8,2018-03-07
c6af5a745428fb392fc43a41ed63d841,7dcdb53542ddb1cb3e2107e01c545c8a,delivered,2018-04-11 14:36:30,2018-04-11 14:50:17,2018-04-13 22:22:34,2018-04-24 10:21:59,2018-05-11,a74c55db1520986fe4c117a54a0fc287,2018-04-11
82f2c3e9aac31446ce4f3edd3a876f8e,d27ab6c5d811cf06526972c02529c67d,delivered,2017-11-25 14:37:15,2017-11-25 14:55:53,2017-11-29 20:52:55,2017-11-30 18:07:26,2017-12-11,35486a073faf4205c97ee32c8dbf7d31,2017-11-25
350b4986b8364b9e61619b2e3f2dc817,163f3570f970a176972691132458153a,delivered,2018-01-23 11:59:20,2018-01-24 02:53:18,2018-02-06 23:16:34,2018-02-22 20:07:31,2018-02-21,abee4a385007039acfa57191eed2053f,2018-01-23
0b4bb296de7b6b5d24103fdd585b1241,a3a2563c24eca97f2b5cf885c2d8ae3d,delivered,2018-02-12 00:12:51,2018-02-12 00:28:36,2018-02-16 17:14:05,2018-02-23 17:59:26,2018-03-06,71ecba3c7c26d1bc0fc74c02a74ab1ee,2018-02-12
173b36bdb36dc272af0c97bc4f0c39df,13e2eedfc5307ab37117d7b00c61e3d6,delivered,2017-08-27 11:04:24,2017-08-29 05:32:05,2017-09-12 23:40:07,2017-09-19 20:17:52,2017-09-25,88c46e5e8a0b1d3addf88aab8bd52f24,2017-08-27
8339f788dad4ceb81447efc8dc3ee269,c361ab47aacd071d569f44721509c42d,delivered,2018-03-17 14:29:56,2018-03-17 14:48:28,2018-03-19 20:06:30,2018-04-04 17:56:35,2018-04-05,bf10b540b885142f2229b261513c0ae6,2018-03-17
ca042978ccc1c2a3d1d9b04e4ba80b9d,7d8bd19a34c042267967b9cf76c279cb,delivered,2018-05-16 21:38:53,2018-05-16 21:54:52,2018-05-17 14:37:00,2018-05-22 18:37:41,2018-06-04,363687a4fd837e08445bdb7d65728886,2018-05-16
59abaffabcf78a9b635f9c5f16a8cee3,2cfd3fdf8463322efd77d6905f37f435,delivered,2017-08-01 16:20:58,2017-08-03 03:05:09,2017-08-09 21:48:33,2017-08-24 19:04:07,2017-09-05,95a7a31069dc4300022f82c5fb893218,2017-08-01
cb2ad554e5c2af7151fa9b324750df29,2b2ca3bbc17d390a83940038b7bb3e74,delivered,2017-03-10 19:44:33,2017-03-10 19:44:33,2017-03-13 10:44:30,2017-03-21 15:06:07,2017-03-31,7d27b3444e65bbe0e2ffd27908b9d257,2017-03-10
70851db1e13131d3bf4bf7f71cb333b6,146655d62b6549f9d98b3642a25816f5,delivered,2018-05-09 19:01:57,2018-05-09 19:12:25,2018-05-14 14:59:00,2018-05-23 17:18:49,2018-05-18,7fab37144066f5ffca152c8bf9d0f856,2018-05-09
6a0b591f69623b1974c40cda6c026a0f,169ae88b021c724b621d240fcbd251b1,delivered,2017-06-01 13:19:02,2017-06-02 04:33:25,2017-06-02 11:49:57,2017-06-03 12:51:23,2017-06-14,bc7b827cb847747c63e317a73b052770,2017-06-01
3f041e89d354fb02648077875c4ad67b,ed3c3954602b7f3793c2674e29d96cbf,delivered,2017-07-24 14:53:34,2017-07-24 15:05:24,2017-07-28 18:09:29,2017-07-31 17:27:04,2017-08-04,e9f63faf8303fe443114779ff4740335,2017-07-24
bb4bca7a32efb68689c2d0d08fcd6c64,250dbd896bca419115897d25600ef772,delivered,2018-03-09 00:35:06,2018-03-13 04:28:01,2018-03-13 22:10:45,2018-03-22 17:31:23,2018-05-10,b10a30376fa755c87171aab8fb7e397b,2018-03-09
e0a9cf740e0d9556b36d96b271d96838,582e8b955ac2e3a376918a4fb797b6f4,delivered,2017-11-13 18:26:46,2017-11-15 02:46:37,2017-11-16 22:38:45,2017-11-25 15:14:52,2017-12-01,a2bc8a53dd34d7a9f9cc57e19d35162c,2017-11-13
a5de9034056efda4d24346ed92962a22,6236b2fe9924d4c2cebdbca5d770b2bc,delivered,2018-03-20 17:16:35,2018-03-21 17:10:35,2018-03-23 19:46:20,2018-03-26 21:42:40,2018-04-11,2a59e511edd8c3e36124da18fb991d3c,2018-03-20
73cb429669ebb88bba7787201730c88e,17ace424038c433ea0cbcb88de1eaeb9,delivered,2017-12-06 12:38:42,2017-12-06 12:51:31,2017-12-08 00:54:50,2018-01-04 19:43:47,2018-01-04,ecb7c122cb9faf3c3441d9ce1b5dd2eb,2017-12-06
4fa185eee645de376971cf20b7387a35,361d24f75b1d71033b7020fd90824cbe,delivered,2017-11-20 15:08:25,2017-11-20 15:26:33,2017-11-21 23:24:43,2017-12-02 12:12:56,2017-12-08,91e71027ae8624a08ddfc1b5be4f667e,2017-11-20
57db9f1b9ba0b6c4abcb4eb40e83c182,49120746ae7fdc40f72d549f0dc3afa9,delivered,2018-03-09 14:09:28,2018-03-09 15:40:36,2018-03-12 23:34:33,2018-05-11 13:56:44,2018-05-10,06865568b85ea95b06ff48f94b1a5326,2018-03-09
bbd3497e622456fd8b79ba59de1c3ab6,34a89d90c29c3821d671059d12216ba0,delivered,2018-03-02 14:59:29,2018-03-02 15:15:24,2018-03-07 20:54:21,2018-03-18 14:29:05,2018-03-27,e275dbae5dc0466a40a0273a7ddba94b,2018-03-02
83af610e0c73e940f967ad32ad943625,4f816c7b7e7242b5e542e523130af049,delivered,2017-11-08 13:49:12,2017-11-08 14:11:05,2017-11-09 11:29:01,2017-11-13 15:32:25,2017-11-27,e2af1e4f7b1b25b6b9edf561515cc304,2017-11-08
352624ca0ead1f999686becd48b614c8,24166bfd53de2666b724977e4e7e15b2,delivered,2018-01-17 23:13:08,2018-01-17 23:29:54,2018-01-23 19:42:08,2018-01-29 23:47:49,2018-02-21,ed8c0cdc8daef34e11d13ebca6ea8380,2018-01-17
664aece086c0b955e71ee4f88965a565,7aa5c798faaf42173981b921aaaacae3,delivered,2017-08-01 18:30:45,2017-08-01 19:04:29,2017-08-03 16:39:56,2017-08-10 19:53:23,2017-08-29,ace4b37d585102eb36b5371cf9b5ecc3,2017-08-01
5e8dbd76385140aefb062d9ed31c7a75,19fd0868f95ae82311ca792f5f62a0cc,delivered,2017-05-19 17:07:52,2017-05-20 17:10:13,2017-06-05 17:08:45,2017-06-08 18:07:41,2017-06-26,d071ef1aceca1fe91c1ee01b064c37d8,2017-05-19
afe95b4aa87713712a0e3d0997881577,833982522798828f5a669eba55af0761,delivered,2018-02-07 12:08:22,2018-02-09 10:11:58,2018-02-20 16:07:05,2018-03-05 21:09:19,2018-03-12,f5401eeb118cd11bd43744a108ebeba7,2018-02-07
249e31fdd34c2bd383c07d75138319ff,5fb60641cb69f3280ec3caed3d6ee1f3,delivered,2018-08-17 01:48:47,2018-08-18 03:09:44,2018-08-22 14:31:00,2018-08-27 17:56:20,2018-09-06,3f04af890587980b90f7ec5a317b01e9,2018-08-17
4cd51eda54a11e3c63f60e6ce9626c35,92f680c8cc6cabeb6820f0b673a87402,delivered,2017-11-05 13:48:41,2017-11-05 14:07:13,2017-11-06 18:25:18,2017-11-17 19:22:45,2017-11-28,620b2eae304c046f8945c3a326807307,2017-11-05
014bd8ca0827935402ac39f2751b2fcd,9fa56e6eb804eb7f8c2d80a133c84546,delivered,2018-05-09 12:47:39,2018-05-09 13:11:00,2018-05-11 13:44:00,2018-05-16 19:30:55,2018-05-28,f80c7e4cf2fa8ff3532323f19bf603ba,2018-05-09
01ba82170ebb683c73793bb809bbf1b9,ca8e595c4c2e4a55fa75a41d5bf08382,delivered,2018-02-06 15:08:30,2018-02-06 16:11:35,2018-02-22 16:26:55,2018-02-23 19:58:35,2018-03-13,8c108bbb0e50260292b20cc76a647aaf,2018-02-06
8effe67a72c715f926a6dc1a616a5ea9,c6a83d4ee4872883d607d09e428d1eda,delivered,2017-02-26 00:20:58,2017-02-26 01:03:23,2017-03-01 13:01:13,2017-03-09 10:51:54,2017-03-22,a624e99e0b6e7d2fe09452b5fa7517fc,2017-02-26
2df215b400473a9b6f3be2d5b1bfda08,ce3353c3edc00f0fc559a1ad8fda4e4b,delivered,2017-12-06 15:59:20,2017-12-08 02:54:30,2017-12-11 19:37:04,2017-12-20 20:58:56,2018-01-08,ee3c65f1864f0d18e222f7bc4d739e69,2017-12-06
3719bbbc4a5eea98dba57ead063403f1,2e03dc3380dbf37231ce7203596d8e31,delivered,2018-05-20 17:21:49,2018-05-20 17:40:50,2018-05-22 14:31:00,2018-06-08 14:32:18,2018-06-20,b50fc3b48a31f1446d145fb0a5d88ba7,2018-05-20
c0e47ed3fd9f5ef10eb00f8b5843578b,19ec9b46e7c4be7b712ce65182bca120,delivered,2018-04-02 10:54:01,2018-04-03 05:28:05,2018-04-03 21:42:33,2018-04-11 16:12:04,2018-04-23,9ecf44ab3fbe94794d574845791bd4fa,2018-04-02
d7441d210bcda94914b7d0391799cdde,0bb02979a8009c6c5b0306fb8120d6cc,delivered,2018-04-03 02:02:48,2018-04-03 02:15:16,2018-04-03 20:22:33,2018-04-25 21:08:56,2018-04-30,21c363cc23467c0a77e0b8f34b219875,2018-04-03
61f63fb48cb8e0dc6a39e20cca495fdf,39aa13ed3149df725690f2c998b9a85e,delivered,2018-03-19 15:34:36,2018-03-19 19:15:29,2018-03-21 19:04:02,2018-03-23 15:11:05,2018-04-04,d02cd251d19072e5117a5e900bc60f78,2018-03-19
4a72b4694f239008b7f61c843bac4bdc,f629ebd5825fd5dc963348ecb1243c59,delivered,2018-05-08 19:55:13,2018-05-10 07:51:43,2018-05-10 15:34:00,2018-05-16 16:52:20,2018-05-24,79157a3043d723e20154c7fd55b7d0fb,2018-05-08
77c155208a2ebfadeb34ab55497c597d,7a6efb60c302156494da22b34769c01d,delivered,2018-08-07 18:43:11,2018-08-07 18:55:27,2018-08-08 13:48:00,2018-08-14 18:51:23,2018-08-16,38d1a627ccbfa0d86fe480908d575cc9,2018-08-07
0da26371f58ab8e89157a901ef0cf390,ffc97eb567d22d3e39a56c61175f9838,delivered,2017-08-18 19:00:40,2017-08-18 19:15:12,2017-08-22 18:38:02,2017-08-28 18:13:17,2017-09-05,d74d701ea51a34528659514dec875e2b,2017-08-18
9990c5ac84ecb15401bfd148dee0a46b,15a47b1b9332471229508c38ff141dd4,delivered,2017-08-19 22:41:09,2017-08-19 22:55:20,2017-08-22 15:35:12,2017-09-11 17:13:54,2017-09-13,a99a814ef2758ad1a2a0eb75467904bb,2017-08-19
4bcc4496263c85f3a25598290559c9d9,20db7b93bdff3c98f343fa5bd139f85f,delivered,2018-03-26 20:44:49,2018-03-26 20:55:33,2018-03-27 18:26:46,2018-04-05 23:56:27,2018-05-02,5b74d241fd9d33618a011bafe4bda914,2018-03-26
15c44e9d99f042b11c5f0b4d8a7d96b8,8016d8085d0ac1f2b9f92022d07f1ee8,delivered,2018-06-21 09:34:58,2018-06-21 09:59:06,2018-06-21 14:34:00,2018-06-26 18:44:40,2018-07-23,26e427a3210be34f8aa07c3966983ea5,2018-06-21
899577f2593c989a57a6826564281737,293ee146b914cd15eb250e690de55e4c,delivered,2018-06-11 16:41:48,2018-06-11 17:20:02,2018-06-12 12:41:00,2018-06-13 19:08:41,2018-06-21,d0df29116a7955ef61e46972fe3fa332,2018-06-11
896701a2a04dda03c6d3d7b31f0a827c,471cb3740da797097bd218ed177df734,delivered,2017-03-15 17:10:49,2017-03-15 17:10:49,2017-03-16 08:56:02,2017-03-30 14:43:11,2017-04-05,d91d9ea7958ab17a6b03e40dc7124e3b,2017-03-15
4d1520659b160e48900f017af350bfb1,db4dd80011bdd47248da15fd40fb05f0,delivered,2018-04-29 12:49:31,2018-04-29 13:11:10,2018-05-11 15:03:00,2018-05-14 19:49:41,2018-05-15,8f26f35594e51e7c9c4617be011581fa,2018-04-29
48f38d47fa3e594216cbf679a60dc4fc,30ed79b25a04e922d54d369153264d35,delivered,2018-05-19 11:57:03,2018-05-19 12:19:24,2018-05-21 11:24:00,2018-06-08 13:06:55,2018-06-12,153a646db0c8f82497a04a24ca556fd7,2018-05-19
91ebb37f25ceaa8a3fbac92d2e1711ac,a2974d8cd432fd4330d54c8c9851be37,delivered,2017-11-10 01:42:31,2017-11-10 01:50:34,2017-11-16 21:29:08,2017-11-24 21:13:13,2017-12-05,aa8851660ae9be9ede2f93dd68a222de,2017-11-10
d6370a08f64a1248435649bd37eae011,17f4aec6b201b05577ea4cf3879a6375,delivered,2018-05-30 15:53:27,2018-05-30 16:16:27,2018-06-01 14:37:00,2018-06-03 16:32:47,2018-06-25,1a71d9467086fb020a3699ab74ae24b1,2018-05-30
9359c34ac8577f6d2daf2eb67607843d,bab6dc8016673a19a902c5b3a34a690a,delivered,2017-12-17 22:23:23,2017-12-18 10:36:27,2017-12-20 00:12:54,2017-12-26 19:09:30,2018-01-11,771a16ca2055c4def19c44f083181ab5,2017-12-17
cbc28da5a607b870e7129df9121366a2,3fb8d3153876e8ddc599b0897537310a,delivered,2018-01-15 20:44:13,2018-01-17 04:31:17,2018-01-17 19:29:14,2018-01-30 17:05:55,2018-02-19,a1fac7857c6b883929b8de54fb33ae7a,2018-01-15
a3a41920ba74a53e1b606c96bfdd6c23,aa5ab3effa79f3f9d5473b9dad8ce94b,delivered,2017-12-26 15:28:35,2017-12-28 02:33:42,2017-12-28 20:54:06,2018-01-09 22:30:03,2018-01-22,2c7459fb7bdbc09e99de9573993d9c22,2017-12-26
3d4c76f6e4847a2c342255c5467d3996,49f01e29f5e9bdfaf9bba51914425131,delivered,2018-01-27 23:39:20,2018-01-27 23:55:54,2018-01-30 18:33:07,2018-02-15 19:29:05,2018-02-22,9d957f062ef766f8ce47da8a47b19caf,2018-01-27
0823dcbe6114c3aab2fc53d98117d916,7c098bfcf0f5c554326618d8efd982be,delivered,2017-09-14 08:56:38,2017-09-14 09:05:44,2017-09-15 19:23:39,2017-09-26 20:24:02,2017-10-11,c63c94b72b61e89c7aa5721bce71fd95,2017-09-14
b48110583a1571628e3e79df4045c44e,ef9fe1f29c9c6570b5567ba9c9f28ca5,delivered,2017-09-26 19:28:02,2017-09-28 02:49:13,2017-09-28 14:02:32,2017-10-07 15:09:20,2017-10-23,e1b5d346da7892589b5fe1e74669920a,2017-09-26
40480952d51c22285abc3b9a16595822,0503eb802fe69a16beabc757cdfa27a7,delivered,2017-08-29 12:28:02,2017-08-29 12:45:50,2017-08-30 19:44:45,2017-08-31 15:40:22,2017-09-15,32c8a33ddd22427d707685f155234d1d,2017-08-29
f3bf8da6fd4b735f85852c38ca15e90e,c0314850cd5254ebcc66a4b00acd306c,delivered,2018-03-04 00:14:09,2018-03-06 09:55:33,2018-03-15 22:28:42,2018-03-18 13:07:24,2018-03-21,03edfeca37b80c849dc2f7a76cd6ca64,2018-03-04
9e99a131a8798c3985381f4f7c96d56e,d9287300a4a22b52cebc3186370089bb,invoiced,2018-01-19 12:52:52,2018-01-19 13:14:42,,,2018-02-16,2ba5aad8891eb124bb9a2ba96e4f98d6,2018-01-19
51de5b8d842a735e59b9da51e53e81c0,83152251d2f12e2efa0df205c38f78be,delivered,2018-07-26 02:23:20,2018-07-26 02:35:15,2018-07-26 14:23:00,2018-07-30 19:48:51,2018-08-03,2701bd2b68237a393704ebcfb4257719,2018-07-26
0f55b0d2cf0cef20a803b08673624f7e,a3fae1188394604b9ef5d91a29f1c8b3,delivered,2018-02-25 12:15:25,2018-02-25 13:00:21,2018-03-02 17:49:22,2018-03-16 23:48:13,2018-03-16,b4d386fbc5e080f819dd44591645e2e0,2018-02-25
0337e9398b087d93f41230ceb2410b50,deeec2dbc5ec2ebede3686654f7e82f0,delivered,2018-04-21 16:51:57,2018-04-24 19:24:47,2018-04-23 18:33:05,2018-04-27 19:26:40,2018-05-24,c3c32a203917283ba3da579b7f03640c,2018-04-21
66e4a36ff490014773971a6ee0b6a0e4,719ed1620e6d57e729521a5408f6e9dd,canceled,2017-06-20 12:39:25,,,,2017-07-05,d35b852498996bd67a141c266e92f35b,2017-06-20
713824809fec35c7cd7125d6a6bd347c,3f0c48f253e225011b3618be8e43ec50,delivered,2017-11-11 21:03:54,2017-11-14 03:55:34,2017-11-14 20:21:24,2017-11-16 23:24:43,2017-11-27,1aa85ba28c3cd559b28ce5f7f147eeb9,2017-11-11
f4253eb9f34c40695de3f9f8e59d2875,de6cdc6367fdb29059cac3623a87b49d,delivered,2018-03-26 17:38:36,2018-03-26 17:50:20,2018-03-27 20:13:20,2018-03-28 21:27:52,2018-04-06,da4ff019ca33b0c91844d880b6614c4f,2018-03-26
e82be22636894dbc523a70c20fc35ad8,96dc376e920227bd4fa8e2c8031dce1b,delivered,2018-02-21 18:24:07,2018-02-21 18:35:28,2018-02-22 20:09:23,2018-03-14 18:52:23,2018-03-16,7adc9a0f83f0e7147e311a707039ff63,2018-02-21
7940ffdbb6d1ab63e0305221674ccb77,1ef4f54ffb06ad14478a7b0b8eeb6571,delivered,2018-03-26 13:53:57,2018-03-26 14:14:18,2018-03-28 23:56:32,2018-04-06 19:28:47,2018-04-13,396bd77d4b00649dbee6e339ea4e8fa9,2018-03-26
0cd266ef44ad3b8afcae07e465edecc9,a9c72d599d0b287d14619bd65721ed70,delivered,2017-06-05 02:22:27,2017-06-05 02:30:06,2017-06-05 15:10:09,2017-06-13 11:52:31,2017-06-30,565e2431d09da4c6f5e1fbbfcafe1690,2017-06-05
c5b995b4c805bdd780594d6bbc69f6e9,c34059b137fad176e0d213c4a1c206e7,delivered,2018-01-27 23:25:08,2018-01-28 23:30:32,2018-01-31 16:18:36,2018-02-16 00:34:01,2018-02-26,e0d8a152e92382dc9ecb9b4c5abe92bb,2018-01-27
c936f9b318f6683d2b902e1219ed2490,de4226aa985c654b32ef83603e0cdbbb,delivered,2017-07-12 12:58:40,2017-07-12 13:15:23,2017-07-13 19:06:05,2017-07-17 17:32:09,2017-08-02,197be9db1bd5d06e94908812a6d9d399,2017-07-12
ce0102d9f3f2838b9dbcb156a0ae2d86,3841b7cd7896d030e94478453cb360d4,delivered,2017-08-03 20:58:15,2017-08-03 21:10:20,2017-08-04 17:43:10,2017-08-14 22:43:20,2017-08-25,0c0e619b6900528d76f8b95a28bd6af0,2017-08-03
a0170b15707b42bf994d5b717e4ce049,e23af768cf7b2b9a24aa290250301b10,delivered,2017-08-03 20:28:29,2017-08-03 21:00:17,2017-08-07 20:16:57,2017-08-16 18:57:43,2017-08-30,320ee367bee05caaaaa4dadd92ad4610,2017-08-03
d5d2ae369fe7ac6280ed401b33781e91,c2abeadf74096ecd634fc60aad1db095,delivered,2018-03-27 17:26:00,2018-03-27 17:35:13,2018-03-28 22:52:30,2018-04-17 17:55:31,2018-04-16,ab909b3896fe9c63181e371b425d5c3c,2018-03-27
7b2e4fd6ffbeee707a1def1418eb57c6,7906950d6b536934cb5361581a9c9386,delivered,2017-11-15 19:54:47,2017-11-15 20:10:36,2017-11-27 12:38:27,2017-12-04 20:09:57,2017-12-11,9b7a66f6076fe28cfd1d7e1cab6d6cf6,2017-11-15
4a6785c73413aa4b53aecc0c88bf19e3,d2c8a6a2fb3c618a57c3ab9c01d343d1,delivered,2017-11-24 21:44:06,2017-11-25 13:33:55,2017-11-28 20:37:00,2017-12-20 20:03:42,2017-12-27,28441d18136bcfeb0fca3cf21c286081,2017-11-24
6554129577eff36836f1a93894b64f42,a84711e56d7a04f229261f6c61d59733,delivered,2018-05-22 14:11:51,2018-05-22 14:34:48,2018-05-23 14:08:00,2018-06-06 17:29:26,2018-06-12,3bedaf584bf745369453ac59a1d74471,2018-05-22
03f0acea43a6fd52d268e13d9ce98fbe,eb5baf59fc0b7b2fff7415b0bd185e61,invoiced,2018-03-15 14:36:56,2018-03-15 14:55:37,,,2018-04-10,23634c1f8a883e571334693474eaf68e,2018-03-15
4ede1c35f4c10dd5bb44f480e5d1bd62,10584235472550e773d29a088e41c48e,delivered,2017-12-22 18:33:30,2017-12-27 04:07:14,2017-12-27 18:35:09,2017-12-29 21:28:50,2018-01-18,d5370fd53a797a410ad961e3edf280a6,2017-12-22
14bd11245c3ec97c47db26f0e5d88743,acd6861e100c050c81cbb4bdadc416a0,delivered,2018-01-16 14:15:54,2018-01-17 17:27:35,2018-01-18 21:39:08,2018-01-25 16:12:19,2018-02-06,135aeeb265211eaab86614a666b6da98,2018-01-16
754edc03c66f1bd22203c465db885cbf,d33bc878cc4d308ff42b105c4cc1b656,delivered,2017-10-01 21:03:33,2017-10-03 04:28:24,2017-10-04 17:13:15,2017-10-23 16:38:10,2017-11-03,365b2aab4b47a72fadc062bca9739730,2017-10-01
d37e7ffb183809b759828865f66eca59,154404292cdb376ac4da07ff6e1082ef,delivered,2017-12-28 08:50:11,2017-12-28 09:07:15,2017-12-28 19:17:09,2018-01-18 03:17:16,2018-02-02,acd8cae6b9e396ff6d822d9493a40535,2017-12-28
628111ec0fcace16f3112336b1138aef,0a47c5efd6d0836c1b1532cb4b78cda7,delivered,2018-07-14 21:35:38,2018-07-14 21:50:13,2018-08-02 05:27:00,2018-08-08 17:46:31,2018-08-02,5b15fc4c03e0cbf91ec544e8ef531614,2018-07-14
cc44fca1bc5f1313d254769c6e3d12db,aba117622ed5ebbbf12cec54e77ea66e,delivered,2017-08-01 16:53:35,2017-08-01 17:05:19,2017-08-02 18:51:39,2017-08-09 08:10:24,2017-08-23,1062922ff74853417e6f85ad68833a56,2017-08-01
d84bc4e5bba5977de1eeadd544c9c770,9c0012520fca0a89fe04dccc4188df60,delivered,2017-11-26 23:06:41,2017-11-26 23:14:26,2017-11-27 18:02:51,2017-12-12 19:33:09,2017-12-20,5d986ad97455b613b456d4a4f5293958,2017-11-26
5b48b14e0505d83666e7e938caeec89a,9db5a77b7d8772e36d6aa22ff9a65e97,delivered,2017-04-24 21:01:21,2017-04-26 09:36:12,2017-04-28 08:33:33,2017-05-16 17:43:04,2017-06-01,f878980724833340c8565905e4526eb3,2017-04-24
e55d37ca80ab6c42708d1f5320ac3c7a,3dfb495ec8f6000b978490cba051c21d,delivered,2017-11-24 11:12:43,2017-11-24 13:15:58,2017-11-27 19:54:28,2017-12-16 14:46:50,2017-12-21,26bd7a795f36651f1783f3df3bfa61b5,2017-11-24
bcd49ab05abcd96dc60591051df6c81b,d3780cde743cdf0aaab988d388b0e38c,delivered,2018-07-25 14:23:47,2018-07-25 14:35:17,2018-07-27 13:38:00,2018-07-31 16:46:44,2018-08-10,7ae18967071367c8cb1bf5d871a9feb5,2018-07-25
16c176e6448f550368cc0078b433b617,3c255c641d102c35a65110f8dbc27c98,delivered,2017-12-03 19:17:26,2017-12-03 19:33:45,2017-12-06 21:09:15,2017-12-13 14:34:02,2017-12-28,3d7b664a655e81ab09be4aad1bd186a3,2017-12-03
1cc2d3a2d530f28cabf220dad2b59b55,864be4b17b6e5edf03a49ea6cd50ef13,delivered,2018-08-09 17:03:53,2018-08-09 17:45:13,2018-08-10 14:09:00,2018-08-14 18:21:54,2018-08-30,a19c73ba9c37d4b6e5ddf6bcf778c750,2018-08-09
34385ebc27efd3685674932151f86368,43c81caa01b8ac5a989eecda84d57906,delivered,2017-12-13 12:45:21,2017-12-13 12:56:20,2017-12-14 21:32:24,2017-12-15 20:21:39,2018-01-02,d3f1ee08b4f87f5805bc6cd0376fc836,2017-12-13
3a97b29009aa1ec54a67fd256b762b14,83f98a31688d3ce5de0bc10d5c375ce0,delivered,2017-08-07 16:31:14,2017-08-07 17:03:29,2017-08-09 19:10:27,2017-08-22 17:46:12,2017-08-31,da1350640cb6f44df284977b3acef692,2017-08-07
cdf44e8d562b9d32c7efe051c5cb71dd,846f377bf3511423958c65903414cb8f,delivered,2018-04-21 22:29:28,2018-04-24 19:18:12,2018-04-23 19:31:45,2018-04-27 20:48:38,2018-05-15,6d487c970b9c074b1b2b759b5dcca3ae,2018-04-21
50ecc825e3d7123a626c7d466eacb616,8037051ea7331452a186d6ce5ea75572,delivered,2018-06-26 16:16:53,2018-06-26 16:39:00,2018-06-27 08:51:00,2018-07-03 07:52:03,2018-07-31,80636347f037db2d8e3cbe3b7a34c120,2018-06-26
9c370b3dbcadfb3a62c2b8466603fa1f,a949e48c89ff4cf4e5f14fba155eb16c,delivered,2017-06-03 19:00:27,2017-06-03 19:10:14,2017-06-06 14:04:44,2017-06-28 12:33:37,2017-07-10,cd7afa33f1a58f6d0fc7ec806d22d4b2,2017-06-03
2ef9f67ab5c8d09b5d54c37f30941cf1,c112aadf98e6f6589129f78d3277be8f,delivered,2018-02-27 18:44:21,2018-03-01 02:35:41,2018-03-02 19:15:16,2018-03-06 20:38:53,2018-03-13,8d8edf4c22a513943a08e30017c146b4,2018-02-27
d6f108355f5a66dc53b93f8d8929eb66,4a8a4a96c8038befbaf046a84b9851f1,delivered,2017-04-10 23:39:55,2017-04-12 09:45:09,2017-04-13 09:01:01,2017-04-18 14:39:08,2017-05-08,4027d57ca215adf6c9231b6aa55d24a1,2017-04-10
7578fd6a092a59193fd6f529094dfb84,d615653479e9e236a30a9ee118fbb718,delivered,2018-06-07 16:43:52,2018-06-07 17:00:53,2018-06-11 16:23:00,2018-06-18 23:09:20,2018-07-17,50717eea2100f7d5bbe6970879698e90,2018-06-07
ebe6eddebae955b95268b2c70cdc019e,dba5cf7fbe92b362245b9b3d684471bc,delivered,2018-02-06 12:46:45,2018-02-06 12:56:18,2018-02-07 14:34:59,2018-02-16 16:52:32,2018-03-07,76d13626395413c9d786a59c925f09d1,2018-02-06
18bafb91a9e78b83e54eb5aa495a955f,2b35618d386d5d8a6aa0a063343575f9,delivered,2017-08-14 12:24:28,2017-08-14 12:50:12,2017-08-14 21:38:57,2017-08-22 11:43:10,2017-09-05,194be31520cde5c527bad17720119e85,2017-08-14
d475cd99eba7eab0c735010e849c0376,49e406aff4c253ebf653e56898e21705,delivered,2018-04-10 23:51:54,2018-04-13 09:11:47,2018-04-13 18:21:47,2018-04-23 23:07:04,2018-05-02,77e2dae4e572f2a619d7ef0d69251452,2018-04-10
b6dd6ea76331ce0249dae4167d1ca9d9,acec71328aabad9f4cc3476d052e7e05,delivered,2018-02-15 17:04:42,2018-02-17 03:35:56,2018-02-19 20:25:18,2018-02-26 23:29:06,2018-03-08,2e0d8ffaa08f005392e4ac5699a1d105,2018-02-15
a503842ce2c01bf4bae8b9ed571f29a5,219f488f72dad40f893a855ceb6afdc5,delivered,2018-06-07 11:19:56,2018-06-07 11:37:27,2018-06-08 12:54:00,2018-06-27 14:02:46,2018-07-18,016e68615e12298a0a004a44d3b78579,2018-06-07
d20d0f5f8a72e61a23e7a81999e480f1,2f26dc195a3316dc8481f1b1fe935c94,delivered,2018-03-12 21:46:47,2018-03-13 04:30:30,2018-03-14 01:25:39,2018-03-24 00:45:28,2018-04-09,f7f44c5ed4ebfc0d46aa096e34859d23,2018-03-12
22b29d286c0de8b013b0db61ddcb3754,ede8227cb317f0794d3df6d6407c5d28,delivered,2017-11-10 11:04:30,2017-11-10 11:27:34,2017-11-11 12:14:47,2017-11-18 14:21:26,2017-11-24,960a22e4bae4708a7db59d12d2d66ce4,2017-11-10
e6b8a58ccfa6a2daf8c04bcf0bf2fd5a,72db940a0e6afc75e82dceb2075e079d,delivered,2017-08-04 21:25:24,2017-08-05 15:50:06,2017-08-10 18:16:54,2017-08-22 18:40:11,2017-09-08,4b4eb72ddddf8774c7c522b86eac0a68,2017-08-04
879094afcd86a7e113d5923fd645dfca,302d3652d7b20b0608a62a3e0b7c167c,delivered,2017-10-25 23:17:50,2017-10-25 23:35:12,2017-10-27 17:27:59,2017-11-15 13:34:44,2017-11-23,6b07f60f063249255abf877747daf986,2017-10-25
3ea886b4bdd5f739ff9eca6e87e08d18,5fa8584124fc1568c978e945989591a2,delivered,2017-12-14 14:07:48,2017-12-14 14:31:42,2017-12-21 00:16:40,2017-12-27 16:59:13,2018-01-10,7439cb7bc20ee3afa8076d6a590bbf67,2017-12-14
875103fb38582b0d7b2a1d77eceb0389,095b82d21d430fac87eb3f2ff2490749,delivered,2017-08-09 23:34:46,2017-08-11 04:26:12,2017-08-14 14:14:12,2017-08-15 16:58:07,2017-08-23,53fb9ceeab0b610e80742e70ee31e098,2017-08-09
65fd2f07bc74b8df1728cc3ee9e19ebb,d118674ac7bfbd3385a7546522278e5d,delivered,2017-01-26 18:19:41,2017-01-26 18:30:47,2017-01-27 12:19:15,2017-01-31 09:14:15,2017-02-22,13cdb9d2530b1193e81f0c447924d2f0,2017-01-26
dade003a4690db317e2fc052f77e1595,757ffcfa9fecc9d37ef8047386ca2ff6,delivered,2018-04-30 18:54:58,2018-05-01 02:10:55,2018-05-03 09:29:00,2018-05-12 16:59:01,2018-05-17,9b41288bd7f1e3071f533ebf39456066,2018-04-30
24fb2d250ea8c0fa1ff61b3cfb17778e,b1e1e2175e028a2059be17b7e911ddcb,delivered,2017-11-28 10:22:54,2017-11-28 10:40:49,2017-11-30 19:22:12,2017-12-09 00:16:38,2017-12-20,4a72f0ea58fb17fcbb1a1e04b98a9130,2017-11-28
f2a2bd7aa9e2c2b51ff415ce646587ae,9722587eb1c172a4072889c0c06654f6,delivered,2018-03-04 21:32:52,2018-03-04 21:48:57,2018-03-05 18:35:52,2018-03-20 23:21:28,2018-03-28,b2b85bd62ac05066fd3529c22b6672f8,2018-03-04
4748bfc805a4e1c91daff043cdba4ef6,4b2a794a0d8a638b2d23ae0335f4eac6,delivered,2018-03-17 00:03:12,2018-03-17 00:15:41,2018-03-20 17:41:50,2018-04-02 20:08:40,2018-04-13,318451ff1a9a0bf331dde0ce4fa00421,2018-03-17
1400d6665ba7f18ed06ea15ab083203f,b187c25688ba0cec4743c82e159cc091,delivered,2017-01-31 11:39:45,2017-01-31 11:50:19,2017-01-31 18:13:06,2017-02-14 12:27:27,2017-03-17,9db6a3363a3a5dcc40b04408b1d02eb6,2017-01-31
63c92634b4aa9841e6ef2be29bbebd77,6da0e50fe88c3fe4ba7f355751ab381e,delivered,2018-01-21 15:35:37,2018-01-22 13:52:28,2018-01-23 20:03:11,2018-01-29 15:15:03,2018-02-19,611810630bb3269b187e65b1fb25e26f,2018-01-21
ac8f8ad86c151ccd10a699a6a153d6c5,95f5fe645df31a0190cb6354a603dcea,delivered,2018-02-16 18:32:10,2018-02-16 18:46:48,2018-02-19 19:48:55,2018-02-28 22:56:54,2018-03-12,daddad443c8d1bd86fa6ea8395e69e82,2018-02-16
8ba925e1c95580430ab746dd2550b24f,dbe6e9f91c4ec107c77a83b41bfbd671,delivered,2017-04-02 18:05:19,2017-04-02 18:15:22,2017-04-03 11:58:09,2017-04-06 13:44:39,2017-04-26,0ec72f0ec04f3c84cf93aab16c1da044,2017-04-02
4db5da9151e0364d293923ca4a48d976,42133d569eb767022f294492c6f552f8,delivered,2017-12-27 22:49:56,2017-12-27 23:07:56,2018-01-04 22:58:57,2018-01-16 15:11:41,2018-01-29,ce2aec5ecc8db2dcc7609457c598f43d,2017-12-27
b3355f7dd6280519c31a73e7819523ea,ca46bdc6e98f2e27f5d7a7d610cddd02,delivered,2018-07-29 06:54:17,2018-07-29 07:10:09,2018-07-30 08:50:00,2018-08-02 00:18:21,2018-08-02,8fb4e870b0d66e0e97225fab9fbb9e11,2018-07-29
0e917a8ba3f90f05c907ca832b61ea16,0c2e7db0f28a375d8906d916eddbbaae,delivered,2017-10-10 23:01:51,2017-10-11 21:26:04,2017-10-16 10:35:51,2017-10-24 17:54:01,2017-11-03,d14fd66d1813e705f9034059ac7af499,2017-10-10
ea3e7bb7fc6c485a1238f0c21e10ab0b,bb549de0741a314e90aef28db45719d2,delivered,2017-12-04 18:32:03,2017-12-04 19:14:17,2017-12-06 21:47:16,2017-12-21 23:54:27,2017-12-27,9f7f71bbb7371b5e4b3b54a276dec986,2017-12-04
61098f2225ffc7b0579d39d18e84e394,ab7c123c62153f2fd23fd5d2a89cf967,delivered,2017-09-02 20:49:25,2017-09-05 04:35:38,2017-09-12 13:35:03,2017-09-15 17:14:50,2017-09-26,854db8619db888f8301fe3aac4e3a7e3,2017-09-02
74397ad79115795a8c06af7e7d1fb2f0,a1dcbb0c0840d13d43f5434f1a82abfe,delivered,2017-09-20 12:26:29,2017-09-21 12:35:15,2017-09-27 20:03:54,2017-10-06 15:30:08,2017-10-13,daebae323ff379837dc2aa1a8c19440a,2017-09-20
9c5a18a57fda32945a834d0e2e06a540,7854d57bf936cccbe07a2741b7e252a9,delivered,2018-04-24 18:16:44,2018-04-24 19:27:24,2018-04-25 11:37:00,2018-04-30 16:58:53,2018-05-17,9993796d78160390efc1cdbcda4aff11,2018-04-24
bdcf9c2f3ef0c55dc1273dd2c507b0f8,047965eae6564b51ea05b945966ec595,delivered,2018-08-09 19:05:30,2018-08-09 19:15:18,2018-08-14 12:38:00,2018-08-23 20:31:59,2018-09-20,fa09d685759fe05a524c8563253344f3,2018-08-09
3e02fdc7581b3911fb32501e56bd3192,0264bbda6bd6492c79a5843f7c2e1eb4,delivered,2018-08-06 10:05:09,2018-08-06 10:25:16,2018-08-08 15:06:00,2018-08-09 18:41:58,2018-08-10,7dea8532b362518e0bf338eafdab0131,2018-08-06
405894653b2f151f3eb662b80f9b8a92,b480fdb7cc6b24ef1a4ca5613f495e81,delivered,2017-07-05 10:43:20,2017-07-06 03:10:21,2017-07-10 12:02:42,2017-07-17 15:55:31,2017-07-27,f55adc2add1189f9a49d317405ec2a76,2017-07-05
45abfc8e86aa8d05983fb8e260eca778,9a7025267c9502bb419cdb750f1f1f4a,delivered,2018-01-05 00:30:23,2018-01-06 02:27:50,2018-01-09 18:35:17,2018-01-16 23:26:45,2018-02-09,de1b9fc368d24bb474379bed6baf9f41,2018-01-05
529803de3fafe0402da504545ed10047,cae9dc0532352f8b430e3407e1f7413a,delivered,2018-07-01 19:02:16,2018-07-05 16:05:44,2018-07-05 12:54:00,2018-07-06 14:58:27,2018-07-16,ec3d4e4c980439433e5095042be720be,2018-07-01
fc1b451bcd04f122c92cae4e31a12eae,a705c03385a9a29e2fa2dd80cb688541,delivered,2017-11-24 18:15:08,2017-11-24 21:36:54,2017-11-27 21:53:29,2017-12-20 17:53:41,2017-12-18,ac3bec24b316f40d9da9ceb761be5748,2017-11-24
fccfc993172f9dcf96a728c266a98dad,703e8b6dee6efc4fda4d67dd5825d28f,delivered,2017-06-06 13:39:18,2017-06-06 13:50:24,2017-06-06 14:31:36,2017-07-03 13:22:17,2017-07-03,de5a3ee2788b0745f72d262caa6a91a6,2017-06-06
7f923d4f971b7fa555dde1bdc7a9d475,1b44b6cc97de096b7b1a762966ad86e4,delivered,2017-08-24 12:41:58,2017-08-24 12:55:17,2017-08-29 11:41:57,2017-08-31 18:14:42,2017-09-19,4909154f2af632cea390b6ec46c20d42,2017-08-24
5374b46099586d58a0e7b55f0dd1371f,d02fc56bb3873a385e182abf4c170443,delivered,2017-07-25 19:16:53,2017-07-25 19:30:22,2017-07-26 20:53:45,2017-08-01 23:04:49,2017-08-16,5bea48b58d826f80d9ae64dd4622d5a1,2017-07-25
62ad575f01f34c4defb94b0a1f56b577,e8e36e3a100b426aed411f2a8f8a2e0c,delivered,2017-10-08 11:42:33,2017-10-10 03:26:50,2017-10-11 14:13:07,2017-10-25 20:39:02,2017-11-10,67433d3ca36736e897ac66c01a8b64ee,2017-10-08
60e43c5f5ba559d9dd19357ed72cb2f2,73e4f0d08b9eaf4009d3218057343b5a,delivered,2018-04-19 19:03:33,2018-04-19 19:15:20,2018-04-23 16:56:26,2018-05-01 11:55:33,2018-05-15,300077767cbc925601b3e23098cfc69a,2018-04-19
04a964d023c9a995e1dea573959fad67,8c2c80b3c71d4aab125e0b8b1f8c36a4,delivered,2017-03-06 13:59:02,2017-03-06 14:05:18,2017-03-13 08:45:55,2017-03-16 12:44:40,2017-03-27,7285ee0c8f26d553acfb684caed71f5f,2017-03-06
60d33f204669abf0795294143b54d6b4,0c759d0ffa38b978922b8a00506f6159,delivered,2017-04-04 09:19:31,2017-04-04 09:30:19,2017-04-12 11:57:08,2017-04-17 11:23:45,2017-04-25,7c67f115342d01560cd438fad6346a3c,2017-04-04
2b36fe8c73edb9af80b2d3e73b46122a,c0a679f086bb9101ede30b00f5a5ad64,delivered,2018-02-25 15:51:18,2018-02-25 16:08:13,2018-02-27 19:47:08,2018-03-21 20:29:51,2018-03-16,65159bd53c56f51cb40445c65a59507b,2018-02-25
3ac963599c50b9beedbcebb47eb33af9,ab23392115ab5083ec640a5c781c2820,delivered,2017-01-18 14:32:43,2017-01-18 14:45:21,2017-02-07 08:12:41,2017-02-16 17:42:20,2017-03-02,17238e33fee2b88c3ed8eb91b29c007a,2017-01-18
c78f3a2f9a1597e840d46919a968a19d,3e7b413594714db992bb14c4236ffe6f,delivered,2018-05-13 22:06:53,2018-05-13 22:32:14,2018-05-14 13:34:00,2018-05-17 13:26:57,2018-06-07,3ebf117d81533e8953be18ffa704877a,2018-05-13
b5172d4a722c0ebb34c29bbbb7a3cb42,c132855c926907970dcf6f2bf0b33a24,invoiced,2018-04-17 13:14:13,2018-04-18 05:31:51,,,2018-05-24,a8ae36a2bb6c2bbc3b5d62ede131c9ef,2018-04-17
22a6648d2137a11e2a8f0073763adb71,aeb46200c47a3a6be871ff80f1e0532f,shipped,2018-04-26 15:06:59,2018-04-26 16:11:01,2018-04-27 15:01:00,,2018-05-21,89fd3f890d868462e5d5507ebfe1ee1f,2018-04-26
070162e1ae6ad420c0766af516a31a5b,e1fa3e11507423349f9e0833b9698b2e,delivered,2018-06-21 17:43:57,2018-06-21 18:21:06,2018-06-22 14:29:00,2018-06-28 20:57:30,2018-07-23,0484f4053df3702347e3b260d0eccf39,2018-06-21
73e019fdcb05a01a6a7200bce40ef5f6,9d2b23ea4db320cc61d79113c8062f0f,delivered,2017-12-03 17:39:48,2017-12-05 17:37:25,2017-12-07 18:29:13,2017-12-16 01:37:10,2018-01-03,20c36ca8e043dd37bd89149ebdcaebcb,2017-12-03
eb2e56877e1f053dedc857408122a7b4,315928729203665b684389cc28b8865e,delivered,2018-08-25 21:49:02,2018-08-28 04:15:21,2018-08-28 15:30:00,2018-08-30 01:20:34,2018-08-30,fbdaaaa6f06096d2ad878b186d7da60a,2018-08-25
f71900fc3435a929b2d4ecc3860bfc56,e9b2fd5060b5f572facd8594b0e166e3,delivered,2017-07-25 09:15:00,2017-07-25 15:10:15,2017-07-27 13:35:44,2017-08-01 21:51:53,2017-08-14,58535c7c03a99708cb941df335bb1278,2017-07-25
f62c7996783afdbec5f6c8afc0c8a040,92f733b4d20fb47a3c3e58aaae5e76f9,canceled,2017-10-12 11:49:29,2017-10-14 03:56:25,,,2017-11-07,afdb56c43e6237d830ebdd076681d68c,2017-10-12
e97ffba03b587c280382be712f1e3478,1632dff93175c88a137a7aa512194dce,delivered,2018-06-23 08:23:22,2018-06-23 08:35:13,2018-06-25 19:10:00,2018-06-27 00:32:28,2018-07-05,aa31d3c17fe24c531e562d9fe2fe711e,2018-06-23
6984dd59d3223f88d356dd9bb8117d2e,c193601d2a90235c13a10d13b64eb8b1,delivered,2018-08-17 18:20:15,2018-08-17 18:35:17,2018-08-20 12:35:00,2018-08-21 19:09:49,2018-08-23,29448f6f5494f74784fdff645f4aabb4,2018-08-17
c578990a35c5b8748fcd389179d04326,0d65ae359b1b72bba4ae28fb255acf75,delivered,2018-04-09 08:58:25,2018-04-09 09:09:56,2018-04-13 22:02:34,2018-04-25 19:33:22,2018-05-04,a90e373bc4cbe53829d41a1adbbbab94,2018-04-09
f1e63d984de289ace77245034ae6cbdb,e5f8e8729146fd86c86830782eadca4c,delivered,2017-08-19 15:12:05,2017-08-19 15:25:16,2017-08-24 21:59:54,2017-09-05 23:24:37,2017-09-19,cc025521d96a3005316b61cde71907db,2017-08-19
139fda452e8ac63db51c90f3995dc480,f30226ef42eaa266905c938a2ac58809,delivered,2017-11-24 13:21:09,2017-11-25 03:15:39,2017-11-28 22:55:40,2017-12-11 15:27:51,2017-12-14,a6ea57f856565adf869941339028fa05,2017-11-24
4bfa32127f9cbdeb864796d1132b1c0c,b1b64e79e26d783a49e45ad0b4136613,delivered,2017-03-08 13:30:01,2017-03-09 02:51:04,2017-03-09 10:22:51,2017-03-20 07:52:10,2017-04-07,2c6f18d5357a85878fcde7536c76f1ce,2017-03-08
1218b7b8dcee5607631650cd962f6436,70760f5ca54f7826fbc14b679eb949bd,delivered,2018-02-20 20:24:15,2018-02-21 12:05:38,2018-02-22 18:25:09,2018-03-05 20:53:04,2018-03-20,dbfb5a09b90d70b95d25bff85340ffc0,2018-02-20
20250e9079690179b43a7f05255164ac,3a063237a69f5b645b11e74383f48c8e,delivered,2018-04-24 20:34:41,2018-04-24 20:51:10,2018-04-26 13:30:00,2018-04-30 12:26:37,2018-05-15,83f37584d29be894f3b206a030213b47,2018-04-24
31c4bc4f07ff54c35fce88b58ac90113,36414b18573fb1e92312ac589de40540,delivered,2017-10-05 10:03:11,2017-10-06 02:25:11,2017-10-11 19:57:47,2017-10-25 20:45:48,2017-11-27,94a531cc789d255be83b77a1f96e709f,2017-10-05
3d505913f0e487f72d47fa0813d00222,1f8207eff0bfa2510f2e1a2a2ddfc2f4,delivered,2018-04-16 20:20:48,2018-04-16 20:32:39,2018-04-17 21:03:40,2018-05-03 05:24:31,2018-05-09,91cbd2b13c2b75ed289ccff8ada039f5,2018-04-16
8349ea058481bb2cd229288e7e1a9055,47d251314584bda53f70e982b513e90e,delivered,2017-05-09 20:29:15,2017-05-09 20:42:20,2017-05-11 12:14:53,2017-05-20 13:04:09,2017-06-06,52a1db3377daa828468f007600e81cdf,2017-05-09
e760cfb29c60e22956a48ad4c4e6a639,4d30781dc8b60e425f710376cfe61794,delivered,2017-07-17 19:34:59,2017-07-18 05:55:16,2017-07-21 11:52:56,2017-07-24 15:35:47,2017-07-28,c05efdeb5a0a56e435a44c5fd1c38ea1,2017-07-17
47bc8fdc26cacf1dc85dd74df210ff30,14c896a3817e14183306bb2340b08ea9,delivered,2017-11-06 11:56:58,2017-11-06 13:30:53,2017-11-07 18:31:14,2017-11-16 20:35:43,2017-11-28,a31dc47d85fb26c44fa0e00db1972190,2017-11-06
664934b310cca178e1ac86c17c97f61b,98d21222aa76797e79febacd95783d78,delivered,2018-07-11 14:07:47,2018-07-11 14:26:50,2018-07-23 11:36:00,2018-07-26 22:11:38,2018-08-02,1db6e2379b6724e9428470cb30b60bcd,2018-07-11
fc2b5bbce8051cf99e0c56ec17d8d9bb,a38957c087426f51440188328532902e,delivered,2018-03-05 19:40:34,2018-03-05 19:50:28,2018-03-06 21:48:35,2018-03-15 17:25:03,2018-03-23,ab11b5d596ebdebaaf525b451d159297,2018-03-05
589538510b70bdc85d8879920b71bcd0,15d87bc44fdf6834f3ce6ed170fbe473,delivered,2017-04-23 17:13:44,2017-04-25 08:15:11,2017-04-27 11:08:34,2017-05-08 09:23:40,2017-05-18,0be9f5ec5b6b6d1a2b981378f1dea71e,2017-04-23
6a5504144883c3de1333210ad6c6ff28,43cbdb75b234e3340e69180240cbb699,delivered,2017-10-30 21:31:21,2017-11-01 03:26:15,2017-11-03 20:41:58,2017-11-09 15:08:55,2017-11-16,cdffd64bd53244e62c3c4e0f9abd16e1,2017-10-30
cb2171c5c2527a4f3f54ad417867c574,95a9cc66789025d739be834c02093841,delivered,2018-01-22 22:21:36,2018-01-22 22:33:22,2018-01-23 15:57:11,2018-01-25 18:41:38,2018-02-14,81766a0159376d27c9136684112bdd55,2018-01-22
82348f1b5f24ac795fa9320e02c49553,6954f23dff0b61c06de5bf898ff80498,delivered,2018-06-22 21:21:52,2018-06-26 04:35:21,2018-06-26 12:48:00,2018-06-27 18:19:38,2018-07-05,c6996ccf5d071fd9e214d1cef7fc8e7d,2018-06-22
bda1d0a447e146223cefd1f3a4492701,866110a8d7321eadb2a20e6ef51c18d1,delivered,2018-05-02 16:31:28,2018-05-02 17:31:52,2018-05-03 08:59:00,2018-05-15 17:30:59,2018-05-24,ae51d44a9f441986bd3ea9d3c17e4649,2018-05-02
64999819cdd2759997379730b8aa6e22,a55be87e0827244fc065dff0bd28b41b,delivered,2017-11-03 19:20:02,2017-11-07 07:30:45,2017-11-08 20:05:22,2017-11-18 14:21:53,2017-11-24,325bdb07397fb78bf188c812e3c16ef7,2017-11-03
3355c17e0d48695739874417b6d421b3,f0507177bf9f1d580a1859b88681b5d9,delivered,2017-11-24 00:18:28,2017-11-24 00:56:35,2017-11-29 11:46:48,2017-12-01 20:32:42,2017-12-14,b192c04fe8c751bc8ac47128b82f47e9,2017-11-24
cfc95248d9cdb0c56ad45f75b7fd1bde,824c433a3dbbdd265a1399583aaef499,delivered,2018-03-31 17:01:36,2018-03-31 17:15:20,2018-04-03 17:12:47,2018-04-07 18:28:44,2018-04-23,6214a3d5f6a00b22e86b9efa44767655,2018-03-31
eaa755795bc07ae1c3d55d7f6efe1dfc,4f6d55f91cc55993f83d3f289af748ff,delivered,2018-02-09 09:45:41,2018-02-10 02:35:47,2018-02-16 16:56:34,2018-02-26 20:19:06,2018-03-07,187d82b46dc280f75368cdb8d62a97c1,2018-02-09
2bcf5ca88957e31faab027f2325cfd63,65b8331f36ef1247c8b665fdb5b2308a,delivered,2017-01-27 12:29:31,2017-01-28 04:35:59,2017-02-01 00:49:00,2017-02-07 15:12:07,2017-03-06,d2e20ff389a9279d9dd515f5cf857e76,2017-01-27
ddb18ea9ad3aa3a2ab5420b75a12458b,31bd0dc8763b2f3fc256b8fece76ecab,delivered,2017-04-30 14:37:45,2017-04-30 14:45:19,2017-05-02 14:08:56,2017-05-16 10:53:54,2017-06-01,3bab949ef05da8e9b3cfd541b6af0ffd,2017-04-30
0bcc4cc85c24f23e22013fd22f99728f,4d42435d173517c3f79098cee92ea787,delivered,2017-12-05 13:43:47,2017-12-05 13:53:52,2017-12-08 19:42:30,2017-12-20 20:52:05,2018-01-05,591556e0ce356274a8a58a64b5311a2a,2017-12-05
2b1744114b2335cc79c6c45cd8af7290,acd9e8ca124f434045dce23b783e7540,delivered,2018-03-07 22:46:39,2018-03-07 23:09:35,2018-03-10 18:02:43,2018-03-16 18:58:59,2018-03-23,de57975e2ff2cd2d0570b9ae3e8a4de6,2018-03-07
c6633f15bb100c51b118728e245cf98e,68466ebea66e12e3c083349b1604aa5c,delivered,2018-01-06 20:10:47,2018-01-06 20:19:28,2018-01-09 15:59:32,2018-01-11 14:07:42,2018-01-24,4b4de584cf541eb6964e96c110f5789a,2018-01-06
460c7dd1638b41dcaf9ff864c3d11f82,5dc2a94af9cee325d180d840f8f551ba,delivered,2018-04-18 20:51:43,2018-04-18 21:11:29,2018-04-19 23:38:23,2018-04-20 15:58:41,2018-04-30,48ffd86d6c4778791497a29fd3987e63,2018-04-18
4ab8d41a01fbd0a52d7de288e25463ac,4e9bdfdb280a2b7b1c13b72a01758b16,delivered,2017-09-26 13:34:04,2017-09-26 13:49:36,2017-09-27 20:04:05,2017-10-02 22:48:27,2017-10-20,c3efecdc2ca34416d845120af0bfca09,2017-09-26
ead44d01d54591915544516e05a8b76c,ce11122eeb089c04537c5ceb4fbc385a,delivered,2018-04-25 00:48:29,2018-04-25 01:11:02,2018-04-26 09:29:00,2018-05-04 20:13:52,2018-05-21,989128b65605aec0f2838cbde3a44057,2018-04-25
3d84db1101b6861375741b69ec77cf13,3b9ca2ad54f2b1a0aab721f52ab7c08c,delivered,2017-11-24 22:00:36,2017-11-25 01:31:43,2017-11-27 11:43:56,2017-11-29 17:49:19,2017-12-14,f0dee6e9ea0cd932583052b932a860bc,2017-11-24
13cefc43767ea15bacf542800eb19f54,9cf25707678a56ff1e859db99c3d1c06,delivered,2018-03-02 19:18:39,2018-03-02 19:30:30,2018-03-05 16:38:31,2018-03-19 22:33:44,2018-03-23,b6487b6e17c98677bd8effa9c00a8353,2018-03-02
8b5917133029017d184c54baee564632,8678d7b0e380ec98afa6bf2e78dc7578,delivered,2018-03-12 15:41:59,2018-03-14 02:49:08,2018-03-14 16:56:29,2018-03-23 22:22:31,2018-03-28,9ddb70ae8666b8ec147325f5b3be829b,2018-03-12
d7fc8d99795c8cd82eeab767e889e645,f32e0c4e338c96fe0ec35a87c1e01abd,shipped,2017-07-25 21:39:59,2017-07-27 21:10:13,2017-07-28 17:36:00,,2017-08-16,05c14c05a9702532aced22b6faf4cca8,2017-07-25
363f3d1dbcb3b03d17ba62e6904dd353,882556e077ee7b4cc3a1f6cc77e65c7d,delivered,2018-02-18 12:52:48,2018-02-18 13:55:25,2018-02-19 19:17:00,2018-02-20 20:19:17,2018-03-06,e4ef058bd7ed1056cef82480fb4c3adf,2018-02-18
90ecb6cceedde51e869bce61b0376f8c,5321215bb86a418adc48f91de7b51b6a,delivered,2018-02-22 18:51:44,2018-02-22 19:08:31,2018-02-23 22:38:01,2018-03-05 20:26:38,2018-03-20,9d3625d53272d3d3e89458c0a00c644e,2018-02-22
9bb495896a186cefecc3d00838723597,baf4d614d7be4e35bcb1483cfc2d0be0,delivered,2018-08-21 19:03:30,2018-08-21 19:24:36,2018-08-22 14:41:00,2018-08-27 23:18:45,2018-08-31,80591c78141423a3f44fbff25f563065,2018-08-21
6057795be8cc4b91b447f81088a07594,e1d038b51aa770db7864175d006f4d0b,delivered,2018-01-29 19:39:49,2018-01-29 19:53:44,2018-01-31 17:16:39,2018-02-06 22:32:02,2018-02-20,626cef1fe630cf273cd554e0d0f32c59,2018-01-29
650f0e59daa00ddaf6b3ebb68b252cfa,b3d2feb6038f99781c5f563556c73c0e,delivered,2017-11-24 10:24:45,2017-11-24 11:51:50,2017-11-28 17:32:37,2017-12-04 23:47:12,2017-12-14,6f820df40af70c41601be2d464c302e3,2017-11-24
07fa03f414c1129ccd4a8fb44f441f13,e243c79f3576689f3104a8a305d5111f,delivered,2018-01-25 23:16:38,2018-01-25 23:35:28,2018-01-26 14:22:12,2018-02-01 21:53:37,2018-02-21,2a9b18ca6a5ece50564a6c3bbd4edb5f,2018-01-25
3a511b11011bb31230c08bc11f4a1954,601d08f998f53b809794de3a130bedd1,delivered,2018-07-15 15:09:48,2018-07-17 04:31:30,2018-07-17 14:11:00,2018-07-23 22:38:37,2018-08-02,c2c7dcb7ebba7a5e67b6e332f8ed646f,2018-07-15
6c20d70e7c720f7895651a703e320b86,ea65ed9eccb0fbc782b22c52d38ec8cf,delivered,2017-12-08 11:57:49,2017-12-08 12:10:09,2017-12-11 18:59:12,2017-12-13 15:06:07,2018-01-04,3c53f54916a46e0c961e0343bea7acb2,2017-12-08
13c74d230cafe0e3552cf45c74ed0ef4,3f7dbde00a18dc20eb805968c21098e6,delivered,2018-06-12 09:53:54,2018-06-13 02:18:35,2018-06-18 11:01:00,2018-06-21 20:03:46,2018-07-05,9bba706f8edac81644c4f97f99634032,2018-06-12
ec533ae9aa5bd7c370f7da7f9dbd6f64,9c085bb96a09d4c216879ee1d44582d4,delivered,2018-08-10 13:36:16,2018-08-10 13:50:13,2018-08-10 16:24:00,2018-08-13 14:51:50,2018-08-16,68404858b74fd9d52b315241733570c9,2018-08-10
24eb94311ff1fc3cbe344364d37946f2,0676eba3c176bae5820a450aee33be6a,delivered,2017-06-06 04:27:54,2017-06-07 02:35:11,2017-06-07 10:30:02,2017-06-19 18:09:24,2017-06-20,bdc4376474a94a6d38535946b18a6502,2017-06-06
9814a337a2470787f24426bf0af8b16b,be2abc57e92c541f83e8be9e8a8fd1af,delivered,2018-04-02 11:02:38,2018-04-02 11:15:21,2018-04-03 22:56:50,2018-04-04 15:29:04,2018-04-12,128ea331ccb1962fae3956011d60385f,2018-04-02
1324f45d0fb5d5f8c818cc7e95242523,fda7538f21af5d94186af6d7395f4d7f,delivered,2018-04-24 23:02:15,2018-04-24 23:15:09,2018-04-25 09:59:00,2018-05-07 23:28:25,2018-05-16,f81666dfc8917d9a072177c9b82e4f7d,2018-04-24
375f6d4858d3dda604523acd6ce26889,eea9dcd810d6281d1cbd7fe80721c316,delivered,2017-11-24 00:56:48,2017-11-24 01:19:25,2017-11-25 13:07:16,2017-12-05 23:41:34,2017-12-26,d01a79fa5a2fbab32c60144c605dcdc5,2017-11-24
2a77e75a84066bc18c31a02f6b98dfca,49a41ab9ecb4a1a085da6626dfaa26b3,delivered,2017-11-26 18:19:29,2017-11-26 18:32:38,2017-11-27 23:27:46,2017-12-05 17:18:35,2017-12-21,6ffc3f65b8065a56dbd871076662c0cc,2017-11-26
f7a0b8c521ea81bf3536ad4ef99fd376,faef2f2f4a3880d56b17a30c8aa683ce,delivered,2018-08-26 10:08:49,2018-08-26 10:24:05,2018-08-27 14:59:00,2018-08-28 20:41:49,2018-08-30,8de585ff90190c86a3316cab8e004c4d,2018-08-26
86f17666da93e1222e06113554a58969,084c1d1c127b9d9cd7ef20e22a3dbd0a,delivered,2017-03-22 23:53:49,2017-03-22 23:53:49,2017-03-23 15:02:16,2017-04-03 15:06:53,2017-04-12,aa56aff5ed7b80dbb17ec8c9efa9b24a,2017-03-22
25d054bcaafc7ed0a9b503a55ae9f2f1,16a01fcc3eb15d1229e677d6e9c34cfc,delivered,2017-09-01 19:13:10,2017-09-04 13:30:11,2017-09-04 21:04:08,2017-09-19 17:03:33,2017-09-26,a5872dfc3c4f542029a5d07cec405fc6,2017-09-01
8d7c8198f92e7e12584cf9048f075417,57189c2571937e9f5bc62d0d7045fca6,delivered,2017-05-27 15:51:12,2017-05-27 16:05:12,2017-05-29 08:21:53,2017-06-06 09:47:50,2017-06-21,a3f5ff84c68e46872f7dc36c859d0303,2017-05-27
aa93e3c6d83d9d067dad35f632ad1b0e,a0361634806336b2ccb198e40eb9bf8c,delivered,2017-06-06 14:22:21,2017-06-06 14:30:24,2017-06-07 15:12:59,2017-06-14 10:26:02,2017-06-29,118e4a34f930dd4b2561b1f32e097f3d,2017-06-06
5bbf075632367fb4969495a3669cb637,3c69def4ab71e86973e492336cbe3407,delivered,2017-11-24 22:51:48,2017-11-25 01:57:34,2017-11-28 21:27:49,2017-12-08 18:46:54,2017-12-19,633649e18e917cc228e2e82816b5ff04,2017-11-24
6c6dad92bd68fb80a8f11e4befd41d36,d01471154bebcbc2d05c7d6073265fef,delivered,2018-03-30 08:07:56,2018-03-30 08:50:10,2018-04-03 18:57:29,2018-04-25 21:11:56,2018-04-19,73b86c243cb30758416d87b4fba08a0f,2018-03-30
d15310130fe6fbaf70e2c8027c9dd760,7dc8706230ce123ade4d311a407eee19,delivered,2017-08-12 16:06:00,2017-08-12 16:23:18,2017-08-15 19:03:56,2017-08-19 13:32:44,2017-09-01,9c2321f285920e72059a6e34aee64d06,2017-08-12
d607da6b83f619cfb1a39fcebd801150,412652039abf88595b3853b0577369a6,delivered,2018-01-23 14:25:34,2018-01-24 02:52:39,2018-01-24 23:58:38,2018-01-30 21:13:02,2018-03-01,6754148c51287b35457237b6fd564aab,2018-01-23
0a383b731ceafec6fe7047720b1ea52e,acf93fbd81965a5131b63e3681954539,delivered,2018-01-03 20:56:22,2018-01-05 02:35:13,2018-01-05 17:45:12,2018-01-23 16:09:15,2018-01-31,c036799f1b7d9832bfa372f83278182a,2018-01-03
9e67d866b8dfe1d94ff765ef79fca1e4,71ab9e34d20ca6d57eff8055fa5ab248,delivered,2018-03-16 15:37:09,2018-03-16 15:49:47,2018-03-19 19:12:08,2018-03-22 22:41:02,2018-04-10,d93179c54c3464e40e63ce7d80dbc14b,2018-03-16
81254dd1f66cb71378737f0036be0bc2,ec5a416ed54fbcac7e20e7b2868785dc,delivered,2018-06-18 21:29:52,2018-06-18 21:58:14,2018-06-20 18:07:00,2018-06-25 16:46:46,2018-07-05,d64023c35e5c1452ce568e993ac12c86,2018-06-18
1686688dd0ee852ad4bf01ebdfc7d0ac,4d3fefcc29c7720a1164a186997c1148,delivered,2017-08-05 12:58:51,2017-08-05 13:15:10,2017-08-07 20:46:40,2017-08-21 16:25:37,2017-08-25,29e3eaf7a6a8f70469a316af260c59e6,2017-08-05
976ae700312f21035d33bc46158131e8,90fc6c2434ca10afbe89402ed29897e2,delivered,2017-11-28 10:18:46,2017-11-28 11:58:36,2017-11-30 00:13:54,2017-12-06 23:18:50,2017-12-19,8f3dca4306d5a89e4ae2c65c110603a2,2017-11-28
5f127aff90e6012e2200e03613eb47cd,418912d5f4377f69235629574f9d59c3,delivered,2018-04-22 21:13:08,2018-04-24 19:25:35,2018-04-24 16:32:23,2018-04-26 17:11:57,2018-05-18,a54de86aa4370cc93031bb4e99d436b0,2018-04-22
6773a3b9580015122ad311ee0d507468,bbd2ce85dee0163916f807f9404282e6,delivered,2017-11-27 23:37:58,2017-11-29 02:17:21,2017-11-30 14:42:23,2017-12-01 19:15:46,2017-12-11,c77df39c630a70dfde36a38ee44ec19e,2017-11-27
3235a845429a20753974e4bd70773c6f,09eefd631794ec720959fec7a3693db8,delivered,2018-01-24 01:39:38,2018-01-24 01:54:11,2018-01-26 19:54:52,2018-01-29 22:48:53,2018-02-23,41754bce43d7d9a4398d70756d801e0f,2018-01-24
05452881e2846549b81d39249bb66ad7,1ff911e9682875f08a0f44bad0807455,delivered,2018-02-04 22:04:37,2018-02-05 22:35:33,2018-02-06 23:53:04,2018-02-07 22:11:23,2018-02-26,744fb2d41ededa16d3f703b7065b234c,2018-02-04
ae3ed4faf84063e2cb305bc99cacf219,2e011b3ee6c6ba14113c197f1b740cab,delivered,2018-07-23 21:06:08,2018-07-24 10:32:42,2018-07-24 15:16:00,2018-07-26 21:14:04,2018-08-09,2028c90d6c4523ae70a285c44010258a,2018-07-23
0a06eca1c0bfc49a968e40cdd506297f,c9699958c6d39f1ec7c42b06629dbd5d,delivered,2018-03-01 11:53:45,2018-03-01 12:10:22,2018-03-01 23:13:05,2018-03-12 19:31:14,2018-03-28,483508d7efd01567e437afecbd1462a0,2018-03-01
16988d29fc53e813b156b33c0eb39b1d,95d076a10eb7507faeca1121d0a88551,delivered,2018-08-03 13:39:16,2018-08-03 13:50:16,2018-08-03 15:44:00,2018-08-08 03:12:41,2018-08-13,a6dd5e9901657c8b183c3619aff73767,2018-08-03
4c05568a8cbfba6c3502aa38dd34c9c2,33829a5ab9c9fbe1c5a55943b73250ad,delivered,2017-12-01 16:46:37,2017-12-01 16:55:35,2017-12-13 19:18:28,2017-12-29 15:46:55,2017-12-26,91877c47c40137d5c7226bdae4e47ba2,2017-12-01
800527a0973637e539fec69236ce5938,62c70173bd4a8b2d617287bcf5d4f5c5,delivered,2017-02-05 13:38:41,2017-02-05 13:50:12,2017-02-06 15:03:10,2017-02-13 06:25:51,2017-03-08,425370e5be1ead21724c2672d554d111,2017-02-05
03f4fbe820830f14931ffa4631cb0912,032a4f800b7a9732de3c85e44f672d37,delivered,2018-01-25 10:02:22,2018-01-26 03:18:38,2018-01-30 00:41:31,2018-02-05 22:04:57,2018-02-20,3049f49a33cdd60887e89c07dd4a1e7c,2018-01-25
620a716a1e6b0f533e5ffeee43cc55e9,e3f72b6047e29c84edfede3befff3820,delivered,2018-04-25 15:43:35,2018-04-25 22:31:48,2018-04-26 11:29:00,2018-05-04 20:48:37,2018-05-10,2f2f393ab0a2c32ac85e4216eff4a562,2018-04-25
a0aef57f230423695817deb4c1b4fe7b,5b5647d181199dd67334fb89f49c1206,delivered,2018-04-01 18:58:56,2018-04-01 19:10:08,2018-04-03 19:10:54,2018-04-05 13:02:32,2018-04-12,330f1103b8cc5a3fbe42c836f86a9d91,2018-04-01
c1965eaf39451fdf97e27cb13e5f401e,6c2e461dd95bcb99e9d9d0736f4794bd,delivered,2017-11-11 18:45:27,2017-11-11 18:55:28,2017-11-15 01:43:44,2017-11-22 16:13:06,2017-12-13,880392a9367caae1f7d6c6c6854c20b0,2017-11-11
f6dfb291afbbd784e350772d9369dd66,a4bbd7ddacac7f57468a4eb9c6f58884,delivered,2018-05-14 22:43:14,2018-05-14 22:55:20,2018-05-15 12:16:00,2018-05-28 18:22:31,2018-06-21,ba5952688cac15aebc95a2f020753249,2018-05-14
d95ce5242ca8d7a73903d6fed0f047b3,558db91121d704e92ef88de10aa722fd,delivered,2018-04-27 20:21:17,2018-04-27 20:32:28,2018-05-02 18:10:00,2018-05-04 03:28:02,2018-05-16,89e0dd98544c5ff21224086f5cd4f885,2018-04-27
e2106d4c268074159f4e90a33cf4e18c,edd42935e92c9d18e1243d2207f2ff7f,delivered,2017-10-17 21:33:55,2017-10-17 21:46:10,2017-10-18 19:48:28,2017-10-19 19:56:46,2017-11-03,5d1344e71e0b84add677e9a77c0d95b2,2017-10-17
7540402478bad6d66e321312afecfe12,e4ff950a08d8adfd9cdbf0564d3f8371,delivered,2017-11-30 13:30:52,2017-12-02 08:59:57,2017-12-06 00:23:14,2017-12-14 19:52:49,2018-01-03,43b897a9289b65e51566da395d658c37,2017-11-30
ea5d5b94cb65b3b50f1eaf792db2b895,29f183d61198775ba0e125f929331fb4,delivered,2017-02-19 21:11:20,2017-02-21 04:50:28,2017-02-22 14:56:02,2017-03-03 13:57:56,2017-03-22,03afd66153996e8fa15a07013b2d040f,2017-02-19
c2b32a9eef15f09698bb2ec1a17a6a70,ebfe1d2a6e0bc6f787ba81a4efcdbd74,delivered,2018-03-05 18:10:50,2018-03-05 18:31:18,2018-03-09 00:21:47,2018-03-27 14:49:03,2018-03-23,cbf264f2bf7bf8a8651669ad2191bc4d,2018-03-05
5c691ba7fb954b25c03ed3008a591952,7a145c216b8956a484a50e67e385af99,delivered,2017-08-02 08:39:37,2017-08-02 08:55:10,2017-08-07 21:06:03,2017-08-10 19:35:37,2017-08-24,019cd54cc450bdfb2de3e83dced0c511,2017-08-02
bf4ae44e185ffb9292decb1905392f57,ea349155eae33e9e9b9bc80bd0182924,shipped,2017-08-02 22:00:01,2017-08-02 22:10:19,2017-08-07 15:45:40,,2017-08-31,294717099b45b6292fd5c791bfb227ad,2017-08-02
ba82a226d055b7cd8455167068fa576d,78fd916635f6a0b05a86a3b62dd67e95,delivered,2018-05-01 04:58:22,2018-05-01 06:13:25,2018-05-08 12:25:00,2018-05-14 23:18:31,2018-05-30,668dc9fde9d42de2f1ac1ddaa7823694,2018-05-01
a968af310ab09611023e0efd828ecbde,a8a1a845d4b2e7d019ed7ee3795fd17b,delivered,2018-05-11 17:31:58,2018-05-11 17:50:55,2018-05-16 15:28:00,2018-06-01 15:51:16,2018-06-04,a5c325fd2fff2e6dd34c33d2baf49b9e,2018-05-11
24f937ccbe294a3f3d24859938e01915,beec9c534ac45cd57b2c1f8212a7535a,delivered,2017-05-11 12:58:50,2017-05-11 13:10:40,2017-05-12 09:58:01,2017-05-18 16:08:00,2017-05-31,dd5055272361b8596f7e1ab093167f92,2017-05-11
fe32ff09dc05ef12f7003de0f56f9087,9ee1247050410211261eb5f6b24257d5,delivered,2017-12-02 13:06:10,2017-12-05 04:17:29,2017-12-05 17:53:22,2017-12-15 19:58:52,2018-01-09,f9c6dec25d2a63dbcfb1665927d370db,2017-12-02
8cd3e75c8ad12626a94cb60ebee43613,b48a2d34f7c271d312a654f068e344a4,delivered,2017-06-12 12:05:41,2017-06-12 13:07:22,2017-06-13 16:37:23,2017-06-19 11:58:01,2017-07-05,9bdcce4628089708bc6653ff8e75dc3e,2017-06-12
8e5148bee82a7e42c5f9ba76161dc51a,cf2e8218cb5e9206e72db2f2fe7d5b78,delivered,2018-01-27 04:38:51,2018-01-27 18:18:47,2018-01-29 17:23:46,2018-02-06 19:07:33,2018-02-22,eb5855039d0a93ca29cea9955590a5e0,2018-01-27
974e5555a6f371f1aa0a86b06f62581a,a48f23629566c184d8b0fa22e442bd88,delivered,2017-04-30 22:36:56,2017-05-03 15:31:25,2017-05-04 16:07:36,2017-05-19 19:23:14,2017-05-26,9645d96362e0503554b30d8e71d47a73,2017-04-30
cda286fbc87f2e1358e2804b1d77ca0f,698d37db246ad6fc8f0d3f5a1a3a7bf7,delivered,2017-06-08 04:16:46,2017-06-09 19:30:12,2017-06-14 17:22:09,2017-06-19 16:47:27,2017-06-22,ce4cd2efa748dc0aa283c16238332e6b,2017-06-08
ae4699550d86c969bf041d7d106f96ac,a211a18f2d33674538a33b6ad9e4c55d,delivered,2017-09-05 12:28:03,2017-09-05 12:43:30,2017-09-06 12:34:58,2017-09-08 18:11:51,2017-09-18,106d945c09d13252cfcef55e420ab8aa,2017-09-05
637829c452a59980120d8015af137b78,c98bc4064c2da2e8f87a2476bc07a5b0,delivered,2018-08-04 19:25:17,2018-08-04 19:35:19,2018-08-06 15:29:00,2018-08-13 18:22:45,2018-08-29,c89e2005ddcd889c687343e2a7d7a115,2018-08-04
ffa4713aab0ab633f0f6daa12baf90cb,e8ebbc2a8acc77cf4a5f8f496ddca8d7,delivered,2018-07-19 17:08:41,2018-07-19 17:23:22,2018-07-20 12:16:00,2018-07-27 12:58:53,2018-08-07,314fcf9fe0f9497822eb881f942fca6c,2018-07-19
7d5d736e94d990a8d3445fa7b4716a2e,7e0e3e3989a7525cb4b69a1fb26b3215,delivered,2018-05-06 20:33:11,2018-05-07 10:11:27,2018-05-07 14:25:00,2018-05-22 12:28:27,2018-06-04,ab36a86c6101f29212ea96c3c5629103,2018-05-06
160325be3833553d6a8155785eb1e7e9,45c093afaa7891c477ac46210a9f4fc7,delivered,2018-08-11 16:26:57,2018-08-12 16:24:35,2018-08-16 13:40:00,2018-08-20 20:26:38,2018-08-30,5ee5de288d687ba453d29c7495ebe93e,2018-08-11
7d2a5a332a83c3d6a7f9f2d9801575e7,0f716803e855d3b377f06bdb3adc6bef,delivered,2018-04-29 19:51:51,2018-04-29 20:15:32,2018-04-30 13:38:00,2018-05-05 12:32:52,2018-05-30,9e8520b8661e749a34c1150822d60704,2018-04-29
4c1eb4e6d52d42048614e4c46f3c5f9e,a830ee143fc6569553949bd8b06fc776,canceled,2018-08-03 18:52:57,2018-08-04 04:10:22,,,2018-08-22,eb90118235e04d92da467525ac93e807,2018-08-03
0b9c8acf14e3553395cf435472988a1b,ed06079dced62dbfd744b48a2dd8e789,delivered,2017-09-06 16:35:32,2017-09-06 16:50:16,2017-09-06 23:03:16,2017-09-13 19:38:01,2017-09-27,30918014dcdd61ccbeb79c2fd3bc8d6e,2017-09-06
6c2cca976997714885ca36d89144280f,632ad7de73261e78620f6c1c81347fab,delivered,2018-05-10 20:05:10,2018-05-10 20:17:44,2018-05-11 13:27:00,2018-05-14 19:07:40,2018-05-18,d391fd6390bca9a48c5590dd4154cbd7,2018-05-10
19c6408c8c146a18e4fa634340aa5685,20bac6eec28d792b07e92ddc8fa53b90,delivered,2018-08-09 15:04:55,2018-08-09 17:24:53,2018-08-15 14:15:00,2018-08-16 19:58:46,2018-08-20,4fe31901bad3e8ed986b58db4e12a2e8,2018-08-09
d810d97339fb343826dab7ddf6e17f95,6214f72996b247b5de739d35137899fa,delivered,2018-04-25 13:14:24,2018-04-27 03:31:26,2018-05-03 15:08:00,2018-05-04 14:35:46,2018-05-09,853daa42292f3a1b43552e943bb8fbd2,2018-04-25
9214a22a09a3f31effc6384f1bd44604,dedd827adf6ec2687e653e0ba1348f6c,delivered,2018-06-29 13:20:06,2018-06-29 13:35:21,2018-06-29 15:19:00,2018-07-03 21:38:51,2018-07-13,0b29e4bbcb627f843b2e0b43e4f8aae0,2018-06-29
c4e471ceef59a7434978cda5d4ab9d4a,87fff63f8d7ea42400fbb739071ae525,delivered,2018-07-31 20:58:40,2018-07-31 21:31:27,2018-08-01 15:38:00,2018-08-02 23:54:46,2018-08-07,9df94d0a6ae42aa6b479477c5422a850,2018-07-31
b5eeec1b045b05d3e3010ef57120a8dc,c3c0ea16776e0d2c79a9239c552700f3,delivered,2017-01-26 11:48:46,2017-01-26 12:02:13,2017-01-31 16:23:57,2017-02-03 04:12:52,2017-03-06,6140f784703d4b478385ac73b9e3eef1,2017-01-26
0ed4bf3a5a970c8b076ce4ccec0acc4b,1eba0a3110dfb65297fc6fe9959c3641,delivered,2018-05-22 19:44:42,2018-05-23 15:57:10,2018-05-28 14:03:00,2018-06-07 16:32:20,2018-06-06,e8933aa8c4fbfdec4781ccdf0a39740b,2018-05-22
b1b74907a120888550f895aca299e24b,faba85ebc5cfe2a7bb060d3287493701,delivered,2017-10-17 11:28:05,2017-10-17 12:07:04,2017-10-26 22:26:37,2017-11-01 18:00:00,2017-11-10,027803eb28cc01fbdf5da72b109fabee,2017-10-17
2ba617509989ec173226f6180cb098fe,5219a7ed5fd10e00c2c07e91167af356,delivered,2018-04-18 22:56:31,2018-04-18 23:11:15,2018-04-19 18:22:46,2018-04-25 01:14:43,2018-05-14,f7d066928cc5e2b4a73754059db3b518,2018-04-18
f711577771f6ca55feeeeb1f30dfe2f0,f632ad5299fd1a88f9aed3c617d761d0,delivered,2018-02-03 08:37:54,2018-02-03 08:50:26,2018-02-08 01:23:57,2018-03-07 13:52:27,2018-03-06,6c3dd33cf7f46d3447680ee8259a92a7,2018-02-03
99c7028b41234ebb47c132aa3c6a1b47,404bf41f26cdde4690d5f758a1bf590b,delivered,2018-06-25 09:25:37,2018-06-25 09:58:49,2018-06-25 15:01:00,2018-06-28 14:48:27,2018-07-19,fe77f5e3afcdf669f0533d19c58c9cfb,2018-06-25
c5f2a2829db09bd21fbbb46215b74a2c,45aecdf5a12c416d48ec218648603efd,delivered,2017-07-16 20:52:43,2017-07-16 21:05:20,2017-07-18 17:57:59,2017-08-04 18:49:35,2017-08-18,5d25f401e21fbed1124ab8e14cee31e0,2017-07-16
0261eac8b7b097ab1e28579b69e6ea90,fd4e6dc2e2ca0393ac80b6a2d6001179,delivered,2018-06-25 16:32:49,2018-06-25 18:14:44,2018-06-26 09:54:00,2018-06-28 16:46:40,2018-07-23,a7138fd83860a06e7caa59ecde50e89d,2018-06-25
3300cd5468b45a06dd47487a0d936212,866456cc7b097aae3883ae2f436b42cf,delivered,2018-08-02 21:11:24,2018-08-02 22:10:17,2018-08-03 12:24:00,2018-08-09 20:56:36,2018-08-15,3b153f48b5f94cd309ab3d7a34097df1,2018-08-02
27d6012b882832dc9ddcf34304eeb77c,2034cc6d6d517007a9ba3e22ba643344,canceled,2017-11-11 10:44:49,2017-11-11 10:55:28,,,2017-11-27,cb47d51801e7379766c5cd8ff623f37f,2017-11-11
f1683f4bfd72d0680bb05961cde27a66,4b27fd4a123002c373099a85ff378e24,delivered,2017-12-05 10:40:17,2017-12-07 03:11:12,2017-12-07 19:34:45,2017-12-12 23:28:38,2018-01-02,23232864613fb71723681fad02339cf4,2017-12-05
09b38400b1601bc9dea9de02c710857f,9ed06342197fde512695b88ef49400c2,delivered,2017-01-17 13:23:49,2017-01-18 02:10:39,2017-01-20 07:13:45,2017-01-27 12:09:44,2017-03-06,64529bfbbfe1ab1832b1bad404aa249e,2017-01-17
7ddf1522bd8c6e4817a9959a20909fad,c0a9748992db56b2e2e087e5f43c1562,delivered,2018-03-23 14:16:02,2018-03-23 14:30:32,2018-03-27 00:38:26,2018-04-09 23:03:56,2018-04-17,94b8135936dd26f8724e759893e10cf8,2018-03-23
fa39ee12a50a33fd85d39ba672ca300e,1c14a115bead8a332738c5d7675cca8c,delivered,2017-07-17 11:25:36,2017-07-17 11:35:24,2017-07-17 20:39:35,2017-07-28 19:56:49,2017-08-08,e31ca359e3e99afbcc1c80e6920dc9f0,2017-07-17
00f98eaeddb9debc8df8cb27e08216d4,f6d650f5127f08c4ed7c4f596c0f9cb5,delivered,2017-10-18 17:40:28,2017-10-20 02:56:27,2017-10-20 20:32:02,2017-10-23 16:32:44,2017-10-30,3880b8d94e3a64bca0e7df6c5f05c29a,2017-10-18
c0826b2069d46c00f8318be1b88c84f4,7d3c0ba8155647b727341f17c0f74ed1,delivered,2018-05-06 14:24:25,2018-05-08 04:14:31,2018-05-08 15:16:00,2018-05-17 18:28:18,2018-06-04,2ea2841bd5d3fa17fe047347ae252df1,2018-05-06
4b87a2c8b410e2e61c12c83790810587,f10ef18837d8b540c6f431232d91cb26,delivered,2017-05-14 11:03:47,2017-05-16 03:15:40,2017-05-16 16:39:57,2017-05-31 21:17:09,2017-06-12,bce7ce4e0421f55885e81494371beb2b,2017-05-14
ce4e738175a32ef6dbf7cf8dee090305,3323889cb43c9118f4e5efa137361505,delivered,2018-02-01 23:13:08,2018-02-01 23:33:34,2018-02-03 00:38:39,2018-02-15 22:09:46,2018-03-20,dd14d87480da6363a55c52ab25e9fffe,2018-02-01
ef9a0c980b0d1cee2cb97b8ffe3fa64a,f77ce3a36c073908d43d3b61227e7a7b,delivered,2017-12-16 19:22:08,2017-12-16 19:33:37,2017-12-19 19:19:29,2018-01-05 14:52:23,2018-01-12,3d475d7512c4e0be707b8f092f49e95d,2017-12-16
1af38227c088980113da10c4e6d925cf,1ad3802505f427339707ee3d01e4b8e9,delivered,2017-08-24 15:43:58,2017-08-24 15:55:19,2017-08-28 13:07:44,2017-08-30 18:00:00,2017-09-06,39fd31e21ce00ef1d84be900427cb71e,2017-08-24
c43947f61dd689e246ef64dfa3b8bcf8,67a74b612c2171a3b70798b20ea46223,delivered,2018-03-19 00:00:58,2018-03-19 00:10:30,2018-03-19 18:59:31,2018-03-20 20:06:49,2018-03-29,99c0c1bc2d467ab56bbbdb7977f33289,2018-03-19
9dc7211819545928779f926c67f9031f,83fb768fc57eab1f5d0751588b29e76e,delivered,2017-03-03 11:54:06,2017-03-03 12:02:36,2017-03-06 17:54:42,2017-03-07 09:14:18,2017-03-29,89bf67e3315301f332f5fbc7ea4ed749,2017-03-03
7533c29b86f583d04968e271bf52fc3e,e4439a1e9e726f5cd5f1716951ccb61f,delivered,2018-01-17 02:18:14,2018-01-17 02:30:15,2018-01-23 13:22:25,2018-01-25 16:08:44,2018-02-07,3556b5dea9e633ab8709362974179286,2018-01-17
c4e3804381d2267a3b1d6e84b9eedc0f,52f5ce2e402012c93bd9510788a57c38,delivered,2018-02-07 14:29:31,2018-02-08 11:50:38,2018-02-08 23:48:33,2018-03-05 18:48:44,2018-03-15,eb63d92e335b0b49d6c44e3ec36e3b4a,2018-02-07
3c71011c33cf4ba95d18787bdc0e94d3,d7c94e22bfd332eb29b0f5badc3ce103,delivered,2017-03-20 19:11:14,2017-03-20 19:11:14,2017-03-22 09:14:04,2017-04-05 13:18:48,2017-04-10,2ae8173a688e326821403a5b7a6858c2,2017-03-20
505c74a8514300103db4767c595fd85a,a73385b519aa26aecb154a13fec20b62,delivered,2018-04-06 15:34:59,2018-04-06 15:50:13,2018-04-09 23:41:39,2018-04-12 01:21:00,2018-04-23,faf8998ee937be39f234e0ad9792c1df,2018-04-06
da9365826a6ffd6577582de7425efeda,3a32a08e045323a9e98da11f43951b90,delivered,2017-08-06 20:57:06,2017-08-08 04:10:53,2017-08-16 09:08:49,2017-08-28 20:22:50,2017-09-05,6e74a070e214eca4da1af1d8c10e0b98,2017-08-06
f8fe883e2728cda6bce4c9552d521f71,8531319b5937edd1b7518b1a5727361b,delivered,2017-11-24 15:22:22,2017-11-25 03:58:26,2017-11-28 18:41:27,2017-12-06 22:22:06,2017-12-14,7537c6205416dc20a4391944d95d7c9e,2017-11-24
ae42d30816d69c777f832bcbf37fbd46,0ae25c813041ba75ff447da9a7b449ff,delivered,2017-04-06 16:31:49,2017-04-07 16:42:39,2017-04-10 16:53:49,2017-04-13 12:52:06,2017-05-04,af68495db2d2d3fc740b5f9799e9ca0f,2017-04-06
73fc770f6cccde5fdd23cc5b127b57bc,e83a13032ee9a7d92efb60045ec1a346,delivered,2018-06-06 16:07:51,2018-06-06 16:34:23,2018-06-07 07:39:00,2018-06-19 19:32:42,2018-07-18,50a0b564a87b47ec8f1cdc5df01d7f79,2018-06-06
c24115c3ad47e06931f1fd2617a46c8c,96d454cad1c78eabe836db588844f533,delivered,2017-11-25 18:54:34,2017-11-25 19:14:17,2017-11-28 20:58:06,2017-12-07 20:59:01,2017-12-26,10e44e274da259361e9a0dfdf5810c76,2017-11-25
9bb64540c8b861abd76559cbf18a9230,df6080c9c9123b2b968aa62b0cc5bbdb,delivered,2017-11-21 08:25:55,2017-11-21 08:31:24,2017-11-21 16:52:17,2017-11-28 23:37:53,2017-12-14,4e9b9c14322b88251a70dc5f187c8557,2017-11-21
eaf80141a987237c1a57a7aa5f61b937,bb7d9373739134ace47d311b0d92e64d,delivered,2017-07-18 17:17:37,2017-07-18 17:25:16,2017-07-19 19:34:56,2017-07-26 15:52:12,2017-08-09,6059eb1b92d827e280cfcbb8b576bab2,2017-07-18
b172643d2145d101810ed57b5378f1c6,2eb6f8fc591d7185929b38b4161d6dc5,delivered,2018-07-13 14:38:35,2018-07-14 02:50:13,2018-07-19 14:11:00,2018-07-25 17:41:37,2018-08-07,096cf3c64ccb070286aaaf4de08f866d,2018-07-13
ef2d1b5b5f1fc3ea70338bb4c64f0129,a05f2d3e857bcfada74c1156e873049d,delivered,2018-08-15 16:24:12,2018-08-17 03:10:22,2018-08-17 12:05:00,2018-08-28 19:52:12,2018-09-17,b536a0996ded58521eb555ee14e57413,2018-08-15
4563da819a589eed2f386d177b6e8135,a3d57d4306ed734110dfd814aec1e5e6,delivered,2017-12-14 15:18:44,2017-12-14 16:31:59,2017-12-19 23:13:41,2017-12-27 21:18:00,2018-01-10,fd863672a78a7a70b8bae63ccbf0a6b3,2017-12-14
4e506215592eafe8d7366eb7fa6cf532,492ed17eccb0e4776b3654a1b7336175,delivered,2018-06-03 21:50:39,2018-06-03 22:10:11,2018-06-05 10:42:00,2018-06-27 13:03:10,2018-07-19,dee8da46afbf927c657ca0a55b93c218,2018-06-03
dff8a4e3be625dab7477ac366a4a9ca2,aa92f1b3382ce5646ea50603cb6445f3,delivered,2018-01-15 15:22:29,2018-01-15 15:34:32,2018-01-25 00:03:09,2018-01-29 22:16:47,2018-02-08,f84e5dd09aaf47f55cc704a355b73754,2018-01-15
a709ecb248c71e8b541f253c40ee8be3,ac82545ea76f80c8047af33f84a32aff,delivered,2017-03-11 18:02:41,2017-03-11 18:02:41,2017-03-13 13:11:24,2017-03-17 09:05:51,2017-04-03,99a3c7158e3bdbc63d45cb63642e66a0,2017-03-11
e497f72041dc38eaa6794c1c143e8005,4e1bf9ec00867edf7c5b3a70f37a1c85,delivered,2018-06-17 18:31:33,2018-06-17 18:57:54,2018-06-20 18:49:00,2018-06-21 21:58:26,2018-07-11,3f2fc946869677eba242bdea21fc4266,2018-06-17
8be0e6cff38ca7f3d8709433d1f649af,748454d655fa072522bdeb9c6218c3ae,delivered,2017-05-11 15:10:52,2017-05-11 15:22:01,2017-05-16 12:56:30,2017-05-22 18:13:38,2017-06-12,e99b608c40aea421492b36cacae224af,2017-05-11
37ac92a80fc763601ead868bb23af05a,889e221b1e9864674f860986037855b7,delivered,2017-12-11 13:40:56,2017-12-11 13:50:28,2017-12-13 19:59:08,2017-12-18 22:29:04,2018-01-08,c05c21c7bd7b390ef728393b3a2b31fd,2017-12-11
55d18e6e778d8bbc28aff36ab14104ba,31886e19444f65c975a4ca04f999d12c,delivered,2017-11-28 21:58:05,2017-11-28 22:31:34,2017-12-01 19:32:55,2017-12-04 18:48:49,2017-12-13,3456860e57578bfba0640b99ada70bba,2017-11-28
2e2dd1119ebf597a9c05d80b5d6eeace,49e5a3194d78f1db36db7ad6a2dfcf76,delivered,2017-07-06 12:42:44,2017-07-06 12:55:29,2017-07-07 19:21:57,2017-07-20 16:36:50,2017-07-26,ffddff7cfa827d6c430ed9e373be416c,2017-07-06
42f4cf7ee7d96f2d2465b6f203e531ba,835290f13da9e4cef839def4f4fdfb20,delivered,2018-05-30 21:33:27,2018-05-30 21:50:02,2018-06-01 10:14:00,2018-06-05 04:03:50,2018-06-25,843b52855a59201d7f3939d6c87d34be,2018-05-30
2a93ce7a0ff5c657ce85f7b75d26408f,2ca557d0643e6728725b61db2c891ec7,delivered,2017-05-24 15:46:11,2017-05-25 15:55:19,2017-05-26 13:04:27,2017-05-31 07:38:03,2017-06-16,9f73cc44b57b6c7ff00a97819b2a64ff,2017-05-24
e21a007c09bc0fffafa1ab3ca7a65a26,e3e4e76e7ffd5eb15e29a7a18c5560d2,delivered,2017-07-18 14:26:30,2017-07-19 14:35:48,2017-07-20 17:32:44,2017-08-09 21:37:53,2017-08-22,81238d4299b66d04234593c4a832773e,2017-07-18
3b2e77967d37d34b88bd2bca3d2ec4a0,bb5cc1b304adbd2fc941ff284aa1de50,delivered,2018-02-26 09:19:13,2018-02-28 09:15:37,2018-03-02 01:26:48,2018-03-27 15:18:50,2018-03-19,a69a4609fa836e9b699d1be232d5e327,2018-02-26
a84e4f8aa24db2de90fd2e145f96003c,1aef425f81d7df80fbd462da5aef53f4,delivered,2018-04-28 17:47:58,2018-04-28 18:14:33,2018-04-30 12:56:00,2018-05-10 00:37:05,2018-05-24,5221426e476019d482465b4319d8e8b6,2018-04-28
0d71624d3497568c5af4fa0fc5faa967,5a0ce17620554f641a8113fc965194c5,delivered,2018-08-15 18:51:47,2018-08-17 07:01:34,2018-08-17 13:53:00,2018-08-22 17:38:43,2018-09-13,d385d86ff15a721b213924f5f6b8316f,2018-08-15
7bec02a0496ca4c5e9e842cf8c044eba,0ea55f51279af1244c938482fb2eb488,delivered,2017-12-31 09:06:19,2018-01-03 04:29:36,2018-01-03 22:05:14,2018-01-10 19:28:11,2018-01-31,67463335b596967db9d3e0b947fccc3b,2017-12-31
66fc85fce01ca94d68a669ad2f78c035,b51281d5c8fe567753940498c6508c49,delivered,2018-08-04 11:54:16,2018-08-04 12:05:15,2018-08-07 10:19:00,2018-08-09 22:37:35,2018-08-14,a90f28cacd952c0e995ac0f08e35f03c,2018-08-04
c79232ce4ffe52567a1fe340b3f449d2,25ccc8892b50b757c97528d1e2c0c415,delivered,2018-02-17 09:25:37,2018-02-17 10:07:06,2018-02-20 15:09:11,2018-02-23 20:59:06,2018-03-15,233edfdfa1c9a21d5a1c790955211117,2018-02-17
7a4380b2d852be9f98a57d31d6a9c51b,837343b368cfbcf883cb6968069b5b2b,delivered,2017-06-29 11:52:18,2017-07-01 04:45:30,2017-07-03 13:27:00,2017-07-12 17:32:36,2017-07-25,eb3450b02bf04cc3a099f24b7719da84,2017-06-29
3fb41161786b24f4fd477d6a3af4dedb,59cffb72caa49f6a3614ede2efea1357,delivered,2017-09-03 16:35:14,2017-09-03 16:45:11,2017-09-05 12:33:20,2017-09-06 16:16:00,2017-09-18,2bf4ee12733801f860ce10e749ce8e84,2017-09-03
a7e5d683186e663cbf2c4916de85afe1,44c347c2ce5dd6a95af04819657ab29c,delivered,2017-06-19 19:31:09,2017-06-19 19:43:41,2017-06-20 10:29:21,2017-06-27 15:37:49,2017-07-11,af70cd6337ae27de089c616dad39bea0,2017-06-19
625b0b3fa9345b547eac735d4f4257e7,2a296f30a02ae6035b00bd6c1fd2a67a,delivered,2017-08-24 01:42:27,2017-08-24 02:04:42,2017-08-25 12:53:43,2017-08-29 00:17:52,2017-09-12,aedd0e969af3fb535f93983a178a69cf,2017-08-24
6d5b3f7d8dbeecde9db192aab1217ce2,a684baa0a4970c9b74646295edfa2091,delivered,2017-05-04 01:32:54,2017-05-06 10:22:14,2017-05-10 08:58:22,2017-05-18 18:26:33,2017-05-25,34aaf6b7dc72aa67c949cf6d35ec97a6,2017-05-04
82ad15d5ae6887a26bd03503d58d603f,1971e56e0d68a3423956f940b2331b5b,delivered,2018-08-16 19:50:33,2018-08-16 20:09:32,2018-08-20 15:22:00,2018-08-28 01:56:38,2018-08-31,701afb77e2a7bb94c0eef171daa1185b,2018-08-16
63324a20b5f0324063118eb12d4ff9c8,68faf11e495ef6fd05df8d2b29dd6332,delivered,2018-06-24 11:41:00,2018-06-24 11:58:12,2018-06-26 08:34:00,2018-06-28 13:53:51,2018-07-05,2e006d93466a0449246dd9b82f0ce9b0,2018-06-24
10b97b234e1968822a4e3b7b3ecffde4,4f1ed64216e15e3eabd8303f759dbe2b,delivered,2017-10-28 10:52:26,2017-10-29 11:50:45,2017-11-09 23:38:28,2017-11-21 20:54:06,2017-11-28,e1177cfe4da048304e847bf74a50a9cf,2017-10-28
38568e887b1eeef65756294b42fc8fb3,2b2b27f5bc1d0988ee8d572d56e47f09,delivered,2017-04-25 22:49:50,2017-04-27 13:10:37,2017-05-03 13:42:01,2017-05-20 08:55:38,2017-05-18,44813bd308268f1a43d9be43d47f7444,2017-04-25
64e64a4dd77d71d6bc307f24af1e55ac,28f22fffbbea1777ebad93132dc17012,delivered,2018-05-25 15:17:39,2018-05-25 15:37:59,2018-06-05 16:36:00,2018-06-06 19:29:50,2018-06-20,a3ae42825310f54f2f8505469b71ad15,2018-05-25
489c4ff5e823eea8d6652bfc3dc1b544,8654911c7239079c2e5d97a467a6f589,delivered,2017-03-24 14:01:51,2017-03-30 18:45:13,2017-04-03 08:42:04,2017-04-11 11:51:53,2017-04-17,4d40da5a47e86df3c01332b4ca9fb2ba,2017-03-24
7043c4262355ad04cb8410fc3872999e,1102043bfc04df97f9b21c54d2f8dace,delivered,2018-02-16 09:16:54,2018-02-16 09:35:32,2018-02-19 16:53:41,2018-02-27 19:28:44,2018-03-14,42419e29ca3b4d326df0fb80d5936a91,2018-02-16
f50e6fe960b68d2b8510cc0cef8ed8dc,e34ce820dbfce68d02a20686e4c9949b,delivered,2018-03-04 14:29:41,2018-03-04 15:08:48,2018-03-06 18:38:29,2018-04-07 13:58:23,2018-03-27,c34527be29fe453a826f4a03e9b2978b,2018-03-04
bed231219468923a99e746ad42b9ac8c,2f25c66f7e0f73597a2d4e3db9ee9162,delivered,2017-06-23 20:47:50,2017-06-23 21:03:35,2017-06-26 20:23:44,2017-06-28 14:41:57,2017-07-19,9fe8cb705d35cf54025160f9f01b7cc4,2017-06-23
a5942e5383d5308ba557c96df89cf1c4,920478d67ff9b1d45759b2dd1aa4d37f,delivered,2018-04-09 14:29:00,2018-04-09 14:50:35,2018-04-10 22:21:46,2018-04-18 21:06:36,2018-05-10,a5e0123067c49945fbdf028232ad73b0,2018-04-09
d1e7343d9fea35ce6330478c84f0fb7f,38d582cf25bb1bc7d6f9f494dc2c260e,delivered,2018-07-25 18:18:42,2018-07-26 13:15:16,2018-07-27 10:55:00,2018-08-02 16:54:48,2018-08-09,3ce128c0db0a5e430f1a998105944d59,2018-07-25
e153a640e4f916df2d9b2c4eb3a987ca,69bfa1d764d6ec5193b878087fec1944,delivered,2018-04-10 13:00:37,2018-04-10 13:15:17,2018-04-11 17:58:50,2018-04-19 16:53:45,2018-05-11,175be6b385d4b9f0ab196ae60b66acc3,2018-04-10
06bb67936cfa5ac3f449e4f6733de4b1,ebfeafbe3a7a9bd5247da19ab28eae2f,delivered,2018-06-10 17:36:44,2018-06-10 18:57:19,2018-06-11 15:47:00,2018-06-18 14:26:51,2018-07-16,2e0b9ebd84e24a4ea2fb386a3a1a7a15,2018-06-10
36252698cf1f3b91960c60cb2524ae78,a321fad7152b7496ab9f1ae365fdb3bd,delivered,2018-06-05 17:40:18,2018-06-07 02:55:12,2018-06-11 15:55:00,2018-06-18 14:48:48,2018-07-23,abf8bb9089238fccdaa852c1e5a9f5d9,2018-06-05
2c49b1336713953c90ab5e1f16ce5012,2e03d2a2b5ffc88134384bd40c74d63e,delivered,2018-04-11 10:48:14,2018-04-11 11:10:50,2018-04-11 21:04:30,2018-04-18 20:31:55,2018-05-11,4163b3db1318b7fd659e26595df94674,2018-04-11
5f216fa78a2bb7be5bc7468efd986ed3,46fe482962bcd675a787c168a83c5fe7,delivered,2017-08-08 21:39:54,2017-08-08 21:55:13,2017-08-10 18:15:46,2017-08-11 20:52:05,2017-08-23,0d792631cb6270d60cb2757de8ef4a90,2017-08-08
29f4481c82fe8804ae3de770fd4012aa,31cb67b7313db83a08d6aa86d1eef8ac,delivered,2018-07-24 12:56:11,2018-07-24 13:24:42,2018-07-25 14:17:00,2018-07-31 11:28:38,2018-08-20,ee93f7653551a22cf4a43c3487dd5b98,2018-07-24
c0248cae5b63c3be878360d970ee5ace,8cea9c305c73104556ab16a6004beedd,delivered,2017-11-24 16:50:37,2017-11-24 20:33:53,2017-11-28 21:41:53,2017-12-01 20:37:51,2017-12-14,5f066c840c4d4a7c4cb0402d3e4cbfd6,2017-11-24
f62782261085fc03b796056bf3eb005b,ab4e4ce50bd32ebffeca76ac9ade7044,delivered,2018-04-11 10:44:55,2018-04-11 11:10:36,2018-04-12 19:47:42,2018-04-13 20:03:07,2018-04-27,8124c99b077744692b2bcb309995a694,2018-04-11
4919b841634d8ba6547af2e05ad3ea1b,d25d23e0ef512c7477f03f0a6130c0aa,delivered,2017-10-22 10:09:01,2017-10-22 10:24:59,2017-10-24 16:05:52,2017-10-30 17:53:55,2017-11-09,f0b376c0ba5bbcb99769469bc9e193f6,2017-10-22
0e62b7f0d74e42edd997cf3dfaac54c2,176aa9873d5619a5ef475139130337d1,delivered,2018-01-08 18:20:33,2018-01-09 07:24:51,2018-01-09 21:15:17,2018-01-23 18:10:14,2018-02-06,799d07fb5038b68052e46cec15184806,2018-01-08
e09ade3584e46696d27a94543784b695,1586351b930920746889bfcd622beda0,shipped,2017-11-08 18:08:05,2017-11-08 18:27:32,2017-11-10 09:15:38,,2017-12-01,6a5bfec5287b37fd4196c78d7cf54cce,2017-11-08
0d88b2392b18e01d23c582190ada0f24,9593e7814a65148fa6169732b9a9c469,delivered,2018-01-11 21:47:10,2018-01-13 04:55:21,2018-01-16 00:04:14,2018-02-02 11:15:46,2018-02-06,e9b82fe0de63859e8606d95a923f0263,2018-01-11
8870e37cd5b4a6ff4b0b3c2a02e471ae,ee33563aa0224664c80c9322ffa26968,delivered,2018-05-27 17:54:11,2018-05-29 03:31:12,2018-05-30 09:43:00,2018-06-06 22:52:25,2018-06-28,e7d283bd1728ef3ef02d3d1b8b2c018c,2018-05-27
8a795486f112df15565463862960aa40,e093120ffd5c259e2decb4ff5266f0dd,delivered,2018-05-20 20:28:32,2018-05-22 09:36:09,2018-05-22 15:48:00,2018-06-01 11:50:31,2018-05-29,81ec41f3b0c51a9df15c5957140686fa,2018-05-20
387e3755441d1da1712321040008a4e3,d32f4503c93eb3f2a32f4ab89128f249,delivered,2017-07-31 15:43:06,2017-07-31 15:55:10,2017-08-02 19:07:37,2017-08-21 21:23:33,2017-09-01,a22413e6c987b152ebdf3c6f19652268,2017-07-31
af5d413777456d2f4998309c81c2f387,d24107eb048edca15d48a292af14e17a,delivered,2017-11-22 13:26:07,2017-11-22 13:36:19,2017-11-22 20:06:46,2017-11-24 19:28:30,2017-12-04,baf637b5712ea156a982d4f469a035f7,2017-11-22
07723291efda5721921a779f58cd3946,ced7ee0cea0aa9e44efcd8accccb28ea,delivered,2018-02-17 09:47:32,2018-02-17 10:07:04,2018-02-21 21:47:13,2018-03-08 23:05:29,2018-03-13,44e64b7162915525578f601e73e72b16,2018-02-17
e1b48b01eb486d47705936a03aa93911,288f49366045108fef675b061e49e961,delivered,2018-03-19 13:16:50,2018-03-21 02:56:13,2018-03-30 01:32:36,2018-04-04 20:46:51,2018-04-10,3df4cdefbc235cbf1eb0bd6136bd1152,2018-03-19
a7a6f07430f4582429b12cd0c2bcfd3e,c2e3cf920b413000eca5ae4e99f0f169,delivered,2017-09-06 13:30:42,2017-09-06 13:44:06,2017-09-11 19:33:35,2017-09-12 16:17:58,2017-09-21,421939bd58691b9212a5fdb4fff8d2b7,2017-09-06
c79fa1e8485d41926511c2c2074a5f9c,1e74a3bc25973c001bf161187ad5d618,delivered,2017-10-06 03:05:46,2017-10-06 03:14:11,2017-10-09 13:33:23,2017-10-10 18:37:59,2017-10-27,c9062f49bede4ea3a6034463524e3be1,2017-10-06
8748f09f5b3de56a89acecb0b56618ae,c3764161b7278ea2efdea0137dd37abc,delivered,2017-09-19 20:29:14,2017-09-19 20:44:24,2017-09-20 21:21:58,2017-09-21 16:13:29,2017-10-03,217b6c21aca891bb3e5577f2d928a02f,2017-09-19
df7094f1423b702c59aaf0e978752650,2f74309ff3d6e11c03b27e40287f791e,delivered,2017-11-29 19:42:13,2017-11-29 19:57:18,2017-12-01 16:19:08,2017-12-17 17:28:32,2017-12-22,d3d748db10b6231a612c66b8a633d9dc,2017-11-29
6b7e44ace55db40da866f0266049775a,f8047d317c2ccaaacad2df0365dcbf4e,delivered,2017-07-05 01:30:09,2017-07-06 01:25:09,2017-07-07 12:34:26,2017-07-11 18:19:38,2017-07-25,65af86340218f71a500596087e69bd10,2017-07-05
69dc71661dcaa2145e4788d004eb250b,5b1c00aedab4c6703d177383f2fc254a,delivered,2017-07-22 00:29:43,2017-07-25 03:25:47,2017-07-26 16:33:10,2017-08-03 18:12:28,2017-08-18,3bfda42ef722cb59c430e6be0b68628c,2017-07-22
1377241a1bc26c8414cbcdd017870afb,69f18ee8caedb4862d0e1b772c21ba11,delivered,2017-11-17 08:22:16,2017-11-17 08:35:22,2017-11-21 13:58:28,2017-11-28 00:21:42,2017-12-06,dc319c8b2a2a44edeb28a710c15610c6,2017-11-17
6716e00d152cf020155cb95a727f5bea,02c87e1d9044b3b13be82ed804a34a6c,delivered,2017-12-23 18:34:01,2017-12-23 18:49:18,2017-12-26 18:05:43,2017-12-28 22:55:09,2018-01-17,fc5a94c2f4b684e5bc59c6860f3893d2,2017-12-23
8e4fe12ab291759fe37bae4adbfd667c,a8e9b749e8a0c101c051957d5e714eaa,delivered,2018-05-06 12:11:40,2018-05-06 12:30:12,2018-05-07 14:49:00,2018-05-08 23:42:32,2018-05-22,76a571b6971045b4aae9d55136e17de9,2018-05-06
e1b6234c322ab01a32771bf57c597043,51ee257478655dfad57af669f01f6793,delivered,2018-03-02 01:18:52,2018-03-02 01:30:31,2018-03-08 02:38:46,2018-03-13 18:44:47,2018-04-02,c892916c1b11b0da2c1acd0798d58faa,2018-03-02
52b584ffb85f68adad88374d3c150147,ab43c99f81fbaa54332d8d8017506aa9,delivered,2018-04-02 17:58:40,2018-04-02 18:10:21,2018-04-07 01:04:55,2018-04-26 00:43:34,2018-05-08,71f3dc040d7a2ba5ff5d49b521cce152,2018-04-02
9492de11af7e69fb0d66b0a3cb33f2b8,7edfd764e07775e2990a885b60f84141,delivered,2017-08-11 11:35:58,2017-08-11 22:25:17,2017-08-15 14:07:39,2017-08-28 09:27:57,2017-09-04,41deb1284b6550426194070a1ea8ba32,2017-08-11
77ed96472e1b12ffadfab397ab0b6ffc,e7a950744db9737695ce38bdbb86a2d1,delivered,2018-07-25 23:48:33,2018-07-26 23:45:20,2018-07-27 14:03:00,2018-08-02 15:12:32,2018-08-31,1eed64a33be0c6e7f682322f9890191e,2018-07-25
75b05e38b715aadaa9c0d7bc41e2765d,cb38837f9b2d114a6f916ce7a46a7120,delivered,2017-12-10 22:51:30,2017-12-10 23:08:49,2017-12-12 22:36:54,2017-12-21 17:03:38,2018-01-04,d36ed360de4a062b46eb28b5c3c7392e,2017-12-10
c25e56c3d703fbb581c19346a9e58773,006d7cf1f4f5fb1c805d2d7cacc8049d,delivered,2018-06-19 08:26:08,2018-06-20 08:56:29,2018-06-20 14:20:00,2018-06-29 18:36:46,2018-07-03,1cdf413d3539b5e8c100bea1ec5a881f,2018-06-19
d44913f6177d1b8a369a477ab2823aa2,006431d77c665533ac99b501d8a6ab06,delivered,2018-04-15 13:45:55,2018-04-15 13:55:24,2018-04-16 22:45:26,2018-04-18 14:38:37,2018-04-26,2666a61d9b5755651665549f80bb3450,2018-04-15
3716f40c5211dc25902ffd174d8d198b,f513c0312e420bf280324fc64f3e652f,delivered,2017-05-03 15:54:31,2017-05-03 16:05:23,2017-05-05 13:58:12,2017-05-19 10:27:47,2017-05-24,547f444dac7d970761bfe5d93dcecd67,2017-05-03
18af5b4976135b13f239f49dbfaf23df,d12f2a65a5ccfa86a9ee99bc823dd026,delivered,2018-03-15 13:37:00,2018-03-15 14:49:34,2018-03-16 23:12:00,2018-03-17 14:23:33,2018-04-11,8560e906486fd743679ce650362d3cd9,2018-03-15
cac853d40d32850dba1ccff2c9f17269,95d547a25fb680954f9e73390afbf17f,delivered,2018-02-18 21:58:51,2018-02-20 07:15:50,2018-03-12 19:22:26,2018-04-03 19:28:34,2018-03-14,93c486dd96be37a1c856566a64a9e26f,2018-02-18
c028670f18a86c3c9fd4d277e69a2e1f,bb5c86b27c6558cfecef945c42cc3b2a,delivered,2018-02-06 15:41:29,2018-02-07 11:55:59,2018-02-08 20:46:51,2018-02-20 19:06:20,2018-03-09,c69a192cb41a332d2538850f3064d453,2018-02-06
af9ac1503ae0c4a7c6480a7f07d1b9ac,e786a4a1dd4a9815949ad7c7059954fc,delivered,2017-11-24 13:05:16,2017-11-24 15:14:31,2017-11-27 14:27:08,2017-12-05 13:44:45,2017-12-14,d5737645cb2f0446e7d739aa92d0bcc9,2017-11-24
1f460df7925acc891d9f98daa8aa0b29,2913e8d26d830ff42ffbdbe59dbdc871,delivered,2018-08-17 06:55:59,2018-08-21 04:15:14,2018-08-21 10:43:00,2018-08-24 22:48:36,2018-09-04,63b05dc74b960e2ab8884a5938906900,2018-08-17
d39ba4fb319031f7accd81056bd65b8e,75bdd00f36539a62321b7b5ad9db02fb,delivered,2018-01-28 12:20:36,2018-01-28 12:39:59,2018-01-29 23:09:19,2018-02-01 19:51:24,2018-02-21,e71099c891caefe3f7c82675f29e68c7,2018-01-28
9a14984b8e92e2c06592b0de08ae9fb3,fac351d77b3663c1c9f35cd6c2c23fbd,delivered,2018-03-03 10:08:51,2018-03-03 10:28:32,2018-03-05 19:28:40,2018-03-27 02:58:42,2018-03-26,af0eb01dfa9e3591fd168dd649b1b58d,2018-03-03
ce2fb547113cbecb9d645891bdb70c66,5823661b1efa7b2bf00d10155b8b59a0,delivered,2018-05-08 22:10:54,2018-05-10 04:16:30,2018-05-16 15:28:00,2018-05-23 23:12:35,2018-06-12,7a9563b9a426d49a86f8430a8bbb2f0a,2018-05-08
ccb984d3f0888287bc92e0b18bb9527a,853578575eb2c89677c4d76bde945b5b,delivered,2018-06-29 12:21:05,2018-06-29 12:35:14,2018-07-02 12:42:00,2018-07-05 23:52:16,2018-07-24,588cfeeaf7035f6bd05b852aeb20e1fb,2018-06-29
6340164ffcc87a11dd0ad37d2551994c,0bd8656da445cf7cf9f59a2fa41f9e91,delivered,2018-06-03 12:26:22,2018-06-04 12:31:19,2018-06-05 14:34:00,2018-06-14 22:07:43,2018-07-12,a08b7a139f50986a7f6c70589d16aced,2018-06-03
4cca40adc01e2bfb94dc9ec45658e661,628c8b89f58bacd887ddf6ae36d0670d,delivered,2018-04-25 19:32:39,2018-04-25 19:55:17,2018-04-26 10:46:00,2018-05-15 21:59:55,2018-05-16,7743334cbb4817e787e87b9278278be4,2018-04-25
f30149f4a8882a08895b6a242aa0d612,86c180c33f454b35e1596a99da3dddc4,delivered,2018-05-20 18:45:21,2018-05-20 18:58:59,2018-05-21 16:09:00,2018-06-06 22:11:56,2018-06-20,cd929c5ecff5fc60e9d808d33702e434,2018-05-20
060c88a63c83f2dfaeea611cc18edefd,6a0635195b073ff200c9900416b8a99f,delivered,2018-07-09 14:59:01,2018-07-09 15:15:09,2018-07-10 08:33:00,2018-07-20 16:51:35,2018-07-27,82de40d7ff298bff076ccef5f1787c9c,2018-07-09
5c02bbcf8ee00ff276723c431b064505,358f85cf4c0ce9baccddaf17d8e5936c,delivered,2018-08-03 11:53:27,2018-08-03 12:05:24,2018-08-16 09:02:00,2018-08-22 00:06:25,2018-08-13,b5db6bae09e9f171ca16a43c5722b8ed,2018-08-03
9e5268aea7cef10630e681d1c7268e0e,aa533babb08900a1370fa4888feb4b80,delivered,2018-02-13 21:55:10,2018-02-13 22:08:01,2018-02-19 17:51:21,2018-02-28 22:22:17,2018-03-09,d04d3db6baf78c8627c004283bfcbac3,2018-02-13
91c67084c8053e40be5dc547d3e9a01e,a2903717cca50b4ac3b41a2074f1020c,delivered,2017-07-03 18:39:32,2017-07-03 18:50:11,2017-07-05 16:07:15,2017-07-12 18:39:53,2017-07-25,b318a9471f7e803303ab808bfd4605f3,2017-07-03
965fd67b96c75d07ac90c1f7ba2728e7,3e8152cd9752470b9bae84e87f3bd3b1,delivered,2018-02-28 18:37:40,2018-02-28 18:50:26,2018-03-01 18:04:59,2018-03-14 21:28:44,2018-03-21,bddc788802f5dfac6d6c5dee9fea3c91,2018-02-28
c3e26e5fb80a6b20f91b8a4f4b5b6141,90d085beb31a53755eaa68a64d3dc5a5,delivered,2018-08-04 10:53:43,2018-08-05 07:10:12,2018-08-06 14:39:00,2018-08-09 22:46:32,2018-08-24,4328407e44f9a9449be013e6c84d0118,2018-08-04
258f8f27958fb687682f90c1e5141f0b,e9f0f330ac3c58844cd2fa68b057dace,delivered,2018-05-06 12:55:01,2018-05-06 13:10:04,2018-05-09 15:48:00,2018-05-23 16:38:30,2018-06-04,fb457a4b0139f480078e54089484b29d,2018-05-06
3e141e345041b9a2a2648dca90d431c7,a7acf0a4c0a4d6ea3d93b47a489219c6,delivered,2018-01-03 21:20:26,2018-01-03 21:29:22,2018-01-09 19:39:12,2018-01-11 17:17:01,2018-01-19,5ed5ff23e88328ba909334ac76a282f9,2018-01-03
aae4a80d679f211688ed391ae747100f,d3e959746cfd88a3e1392952b9892c62,delivered,2017-11-12 16:21:38,2017-11-12 16:46:15,2017-11-16 19:47:56,2017-11-20 15:14:49,2017-12-08,a42a5334b3323179cdbe68e4042d99ad,2017-11-12
5bd12089d3beaa286c0faa3f596d0c89,dd924f5f9da0f81044e0abab88ecd1be,delivered,2017-12-05 19:02:08,2017-12-05 19:15:31,2017-12-06 19:19:07,2017-12-11 16:44:01,2017-12-21,ed07d2a91bb35181f3d688f77538b132,2017-12-05
fd7ba8ea32a3fdc2cf69e8697b00dd6a,bd807d4c61069902ee1fe9c66e34b04e,delivered,2018-02-02 17:42:41,2018-02-02 17:52:12,2018-02-05 13:23:15,2018-02-15 12:17:50,2018-03-01,1f8d696868b5ead21364cd06fe8d40f8,2018-02-02
616d980107c4a1d6b7cbc85cd40890e8,65198f9bf91d5406161513a753121467,delivered,2018-01-02 15:02:30,2018-01-02 15:13:30,2018-01-03 23:03:41,2018-01-08 17:50:15,2018-01-31,5a6ee664ac58f92ab168430a8d60af0d,2018-01-02
9cffda8a5be9e20be381cc47ef5e8e00,080f252f36da3da6eb5b04407af199f7,delivered,2017-11-27 14:19:38,2017-11-27 14:27:29,2017-11-28 19:36:50,2017-12-05 16:39:01,2017-12-18,7bacced47d420acc55db59e6dee4cae8,2017-11-27
628869b4f8a615bc270791a2def79f7c,c09e97017a30dff59cec4317cffe3272,delivered,2017-05-23 09:43:45,2017-05-23 09:55:26,2017-05-26 07:05:53,2017-05-27 08:48:33,2017-06-21,ad7b5f94505bb6e093dd42152b62e036,2017-05-23
1879b2219f6eeb88592378483e06c702,d4a65aa3f22563ebd6dfa3d71eaf9f3d,delivered,2018-03-08 17:41:50,2018-03-10 03:35:35,2018-03-13 21:56:44,2018-04-05 16:58:51,2018-04-02,8129d2ad113a6c621bef0f4e6e19209f,2018-03-08
eeb03968029d1c0e6a8640ee88fb8912,fcc9246246cd991719e0c8a8aeb735e4,delivered,2018-01-10 17:31:59,2018-01-12 02:33:35,2018-01-12 21:03:04,2018-01-22 17:29:14,2018-02-14,d69e536e6648079a82a1d66e3b3fc4e3,2018-01-10
b41a16657a96770a0b3e233b13555502,8ae262d281173e7b36840e20cd8dc9d8,delivered,2018-02-11 21:22:05,2018-02-11 21:35:20,2018-02-14 17:05:49,2018-02-20 00:26:44,2018-03-12,59598d0c1ae5d4735b823b8754f3f7fe,2018-02-11
e099addc2ac0e7bfa3f4e976fca59f99,f4aa93695146a0ddad769b160b645f32,delivered,2018-02-05 19:23:54,2018-02-05 19:31:02,2018-02-06 20:48:50,2018-02-28 17:49:04,2018-03-06,80475efd8b7d21169e4c2d90327f5f04,2018-02-05
89ed06112208a473f65e0f9f40fc5af5,69882ae486f29c5155bde6d028532fe2,delivered,2017-12-31 08:36:11,2017-12-31 08:46:45,2018-01-02 19:26:50,2018-01-26 21:12:22,2018-01-30,f718b45ca5694017d340095c7ae81ba7,2017-12-31
eb35db98d775865c0bb75c8cd18101fb,11f64767c3fbdccdbfa9c080ffac8c88,delivered,2017-09-20 20:36:48,2017-09-22 04:32:38,2017-09-22 17:54:39,2017-09-25 19:45:45,2017-10-09,f63b0028ef4ef1e4e9be3046ac9f7352,2017-09-20
a6d06e627f72acfc190254c5b4757637,d96854681f5a094868432bda99cf4f52,delivered,2018-01-04 17:36:33,2018-01-04 17:48:02,2018-01-05 23:26:22,2018-01-17 10:05:15,2018-02-01,6ac3c7ce164d85523c71a91afac8f906,2018-01-04
ad1d5c46d63588c477f08b1a917e0788,60d42085fee30b555e6a88331ac1aeb9,delivered,2018-04-04 07:43:09,2018-04-04 07:55:13,2018-04-04 20:24:36,2018-04-11 21:53:27,2018-04-20,171aada65dce9cf497b39450f82cbc29,2018-04-04
3a21d68013a49ce0b7ecc0b3a2575c0e,75d17019a57646759d0be1aa12226164,delivered,2017-12-01 13:08:17,2017-12-02 02:52:20,2017-12-04 20:42:09,2017-12-20 15:42:05,2018-01-16,2bb6cf1dbaaba0cfd67e8f83ec189618,2017-12-01
a76c1d70a00186ece4d82eba5f387f0a,67b9751e4cff924b6233923970d6f0a2,delivered,2017-11-24 16:40:25,2017-11-24 20:32:47,2017-11-28 20:51:51,2017-12-13 17:37:26,2017-12-26,f362be295de5e69caf19361b902825e9,2017-11-24
6b5dacee2e42b0fffa4c671e7ffcca06,812a63ff144b41eb8a0a01ed1b654056,delivered,2018-08-17 00:42:32,2018-08-18 08:49:52,2018-08-20 08:08:00,2018-08-24 17:37:26,2018-09-11,2b49a7b7c7f0a75aa6d8950f02cb9182,2018-08-17
8d041d799681ab5221f1fd956d1d59f7,ca59e6c4a46547aad67e7e66515d32f7,delivered,2018-07-25 14:53:58,2018-07-25 15:05:10,2018-07-25 16:35:00,2018-08-15 14:13:53,2018-08-08,960fed9dfda6ab9bbfc7ce633faa1161,2018-07-25
4b724da8c370a3fde7491b6393f2ba12,798e3b388112b81765f14f2bef1f9eb1,delivered,2018-08-14 18:31:23,2018-08-14 18:55:22,2018-08-17 14:57:00,2018-08-27 23:59:52,2018-09-04,9b6183458c1271e8c503f591f3d84807,2018-08-14
e7834b339f0ee60fd64151e9ca2c6376,7e09a5c3c28c8e14e5a17696712430f3,delivered,2017-05-29 23:43:43,2017-05-31 06:50:31,2017-06-05 09:12:21,2017-06-16 15:42:08,2017-06-23,f1c0607e690eda4689270d3358c1a7f8,2017-05-29
0ef67bb260101172d979ae466918b301,89f992354e89c6aa921de54c38acd607,delivered,2017-03-26 16:39:47,2017-03-28 03:42:59,2017-03-31 18:23:56,2017-05-23 12:35:29,2017-05-04,8ec6c551f532fa861f1e468e8e581a8c,2017-03-26
63f4e8e0d0a8785a8ba9e4e86e0cbb91,d3d565c549416cbaa1e1df82e0cd3a3c,delivered,2018-04-26 00:00:45,2018-04-27 11:11:18,2018-04-27 15:37:00,2018-05-03 21:51:12,2018-05-23,47cd0dae960834d3cf371ae321bd7dcd,2018-04-26
7a569ceb9d89c45df6bd1d2569ec061e,bce3bc82cb047d24c50593f9e70240c6,delivered,2018-07-16 21:07:02,2018-07-18 02:50:20,2018-07-24 12:54:00,2018-08-01 20:45:42,2018-08-22,6c6b99ae4fface034398d28f5a4c820d,2018-07-16
d7e7622a9e190f83da789245a07a174b,47d5d59c38be05027dad94c43ef361cd,delivered,2017-06-02 09:15:40,2017-06-02 09:31:52,2017-06-02 10:14:07,2017-06-14 14:08:17,2017-06-30,4b5d6446476ed8625ccd4e5db7a04aa6,2017-06-02
557e7ed9b11b0dd74545009ef0c7a74c,fa85d6a9093fe47d96171fe07423e12d,delivered,2018-08-05 08:39:58,2018-08-07 04:30:28,2018-08-16 15:38:00,2018-08-24 18:56:43,2018-08-24,13c50fe55067ed2a26e2f85810326e50,2018-08-05
7b5d37ba26248e70f9b6c863d1964ed2,ae52b349d6e912fa0d063b98d896e986,delivered,2017-11-24 09:36:58,2017-11-24 09:51:59,2017-11-25 00:44:49,2017-12-26 22:46:58,2017-12-21,954fdffd5726e2dd4d32ed2c2bac699e,2017-11-24
83a5f8854981c7b3edeb547ad11c5e04,e4d42b5f401deb9467f9dc41bc4c2b3b,delivered,2018-01-23 15:35:06,2018-01-23 15:51:33,2018-01-24 22:05:31,2018-01-26 16:52:00,2018-02-07,fb22aca282bff5836a847b923eb6e5c0,2018-01-23
f9cd682c98faebc2a0e15970b3265653,9d3e2590b0f7964da5b74e59bbc8db9d,delivered,2018-03-03 14:28:53,2018-03-04 14:48:45,2018-03-06 02:20:36,2018-03-21 23:42:46,2018-03-21,f0310c8c6ba2f22e2d6a43dc86ae0449,2018-03-03
0e4947343ae2d8c37f2fc453e057c567,2f2b7e0bd3898741386cc70f3b62f52d,delivered,2018-04-14 11:04:35,2018-04-14 11:15:13,2018-04-20 21:24:58,2018-05-07 17:38:31,2018-05-15,5d7ebc17bf6d80838b3b42da27e0a5f7,2018-04-14
dc8155452b97affece4c5a698beb11f6,fc8da044983142c6a87d308b2cbfb76f,delivered,2017-06-22 01:20:28,2017-06-22 01:35:09,2017-06-22 12:57:55,2017-06-26 11:37:56,2017-07-05,46da36c3df7118852b770394d1ba2be5,2017-06-22
004fb5e6f90a178dc74ad2b016649249,176a76443d14508cc976f1d84a44921d,delivered,2017-06-11 09:46:11,2017-06-11 10:02:38,2017-06-12 15:45:00,2017-06-16 16:27:55,2017-07-03,31293649410caf78cd0a64bfc3ff3d78,2017-06-11
5a06ec99090e75d00d2b33b0efdce2f4,4275510de6637b903e69994771170784,delivered,2017-02-01 21:33:14,2017-02-01 21:45:14,2017-02-07 16:38:20,2017-02-14 15:12:41,2017-03-10,a57d5721ba2e163ca157db99ee1e6e18,2017-02-01
5b8c38123823347dea1d23abd2635c21,db1bc36fe2a1a9eac6ccda33e5fba2a2,delivered,2018-07-04 18:03:19,2018-07-05 16:31:26,2018-07-05 12:23:00,2018-07-13 13:21:42,2018-07-26,eb5eff354c6b7726ab464ec04c97b12a,2018-07-04
14c32105022b0afaa60c1cae1c516e8a,2d0ae54df8a22f161ce4223dd31e6d09,delivered,2017-03-27 18:33:24,2017-03-27 18:43:05,2017-03-28 18:39:48,2017-04-04 13:40:11,2017-04-18,bfd462b762b7793f1449bf9b855be0d0,2017-03-27
a2fdb1524c742eb62a4dd8e37588e9d2,1573b4553587c9e7a9bf9704691d1623,delivered,2017-12-04 11:57:10,2017-12-06 02:37:28,2017-12-09 00:33:01,2017-12-18 14:59:13,2018-01-02,f25c82f041560f45f4a408157ff3a5de,2017-12-04
0cadc06392b4f42042d688c35d6a1c16,a68c6b39ceff533ed6d5fc3a811880d9,delivered,2018-02-25 08:15:36,2018-02-25 09:00:28,2018-03-14 00:18:33,2018-03-23 23:18:29,2018-03-19,9806a96016a3996fc646461148c7d1af,2018-02-25
11735753f4576ee70b2cc1e246a49fb4,8796425b3eb26192b3d0b6c0f1b2b998,delivered,2018-03-22 22:02:49,2018-03-22 22:10:45,2018-03-23 22:48:53,2018-04-08 14:21:18,2018-04-19,e350e43073d565f185843908ab262b49,2018-03-22
f18cb9c90909f11a7adabc63fb188f19,b84e3c1e2304b806720ad770eeb7c88e,delivered,2017-09-19 10:48:25,2017-09-19 11:05:42,2017-09-21 18:17:54,2017-11-03 17:13:44,2017-10-23,924ba8b9fc64e59cd65de9e617f25e18,2017-09-19
56966791d3e19333e9cdf99782963127,470690b6e34c7158fbc2127a87406e8e,delivered,2018-01-10 16:44:46,2018-01-10 16:54:44,2018-01-11 19:04:30,2018-01-17 17:13:00,2018-01-31,d30c84db5df033a7c4636cdfa6ad4f7d,2018-01-10
e9bc1fcc21b86cf4cb36691f99e96366,2bf11acc3fc73d36519ca18da97dd2d5,delivered,2017-03-16 18:07:41,2017-03-16 18:07:41,2017-03-17 11:03:32,2017-03-22 12:31:47,2017-04-06,92df0347ffc0f4e76c01020903d7f2d6,2017-03-16
48bc1e3408087df0a63190eeac9061a4,6a8289e43fd31255e604052ba33c6d73,delivered,2017-08-24 13:51:25,2017-08-26 02:16:01,2017-08-29 19:29:07,2017-08-31 20:36:04,2017-09-14,f7f1f7eb8e7acd908f4c4fe555ccb410,2017-08-24
810c6a01f9a077313109b64e36165ecb,6cf4d26988badc72190d6d77e63cfaca,delivered,2018-04-02 11:29:21,2018-04-03 20:10:14,2018-04-04 22:04:50,2018-04-05 22:56:36,2018-04-12,63f83b6068b3e926ad6b82d79bb8e8fd,2018-04-02
5defd57f9849f19ee76815ca3a3c8956,ce6c68a9e878e180d72621fe4d67fae3,delivered,2018-05-16 10:58:51,2018-05-16 11:19:10,2018-05-21 09:56:00,2018-05-22 20:22:12,2018-05-25,7669954964d44fce925c9799a1a84f9d,2018-05-16
f58bddd33f2b976d3676cccd97e4d776,7ac7ace883b08e0cef262870603a1728,delivered,2018-01-08 21:49:48,2018-01-08 22:08:18,2018-01-10 21:06:30,2018-01-16 17:19:50,2018-02-07,42f70a03b39bd3ed199fffbb836889b5,2018-01-08
b9c11245a66f64671df1adef32f114b0,24eeabb11772934e9b2dfc2c511fa34b,delivered,2018-05-15 11:58:40,2018-05-16 03:15:25,2018-05-16 14:20:00,2018-06-06 23:06:31,2018-06-11,65ec42c914fb6a026fa005cce0a89a02,2018-05-15
be8825818ef90fa22e25614dad11854d,ca3f383440e3514f41b0ebdb9b7b88f2,delivered,2018-04-13 13:09:30,2018-04-14 13:11:57,2018-04-16 22:28:28,2018-04-18 13:58:42,2018-05-11,396adb4d8570f382a271ba14a73d0190,2018-04-13
fe95adc34996ff34a9e162373c058584,a67df0616e414ef54fbae12a7f2a1c86,delivered,2018-05-02 22:26:16,2018-05-02 23:30:27,2018-05-09 15:06:00,2018-05-21 22:41:56,2018-05-21,4de0d660a47fee87297a77d51655e262,2018-05-02
de2e5a0863ec922ee9fb96b8b3395de2,087f9b562f7f24274e418c71ed7cd56c,delivered,2018-08-20 00:55:24,2018-08-21 04:50:24,2018-08-22 13:12:00,2018-08-23 20:41:04,2018-08-27,0651a4266868ef41eb31479123ced82d,2018-08-20
6c2387fc5fc6d5e9a192766eb6e75da5,e5d6a26a0702f41801ab6ef25181e00c,delivered,2017-03-31 21:10:02,2017-03-31 21:25:17,2017-04-03 09:38:06,2017-04-06 13:43:47,2017-04-25,ce08a8a337365de7ab5714d3a092d999,2017-03-31
c2836ff9ab20ff55026da2c7278840b6,c15081c674d9a5b2c2ad5dbe47a5ad04,delivered,2018-08-14 18:18:02,2018-08-14 18:50:14,2018-08-15 11:53:00,2018-08-20 22:14:45,2018-08-22,aebd8ef8a54bd661a1f6e48ed3cfe8ee,2018-08-14
127808959bd2d08cdefdf3015fa205a2,a9e29188d7ed246d080e5cd29c308f94,delivered,2018-04-26 15:29:01,2018-04-26 15:53:37,2018-04-27 13:58:00,2018-05-23 20:52:46,2018-05-22,faadc34b22a3d64a6037658d8f98b471,2018-04-26
5dccc65b256263ec10925fa3a3d7ef48,3099cf51ea3765844ae0167a2d6698ad,delivered,2018-01-08 20:18:13,2018-01-10 10:32:30,2018-01-10 18:20:04,2018-01-11 13:34:03,2018-01-24,508f416faa150cd3249d045d81c93399,2018-01-08
35bb1b3031083af8db2b6b4f25ada550,14f59a556c171e1fa252927f21308bbb,delivered,2018-03-18 12:50:26,2018-03-18 13:08:37,2018-03-19 21:36:32,2018-03-23 20:38:54,2018-04-20,065f84fa4c6cf58cdb7d2f1f6fc21f1e,2018-03-18
1955c39b31fcfb4acc9cd5b9ab577c7a,b9cf59ea6d3f983467e3959a23101a78,delivered,2018-02-01 11:56:38,2018-02-01 12:15:46,2018-02-02 17:44:23,2018-02-20 18:58:39,2018-02-26,206b04b38a5dc8404458ec16edeca606,2018-02-01
c92733cb35796facd3b47e5826ddc880,1e753698bf8edce0a3e853c14de64ec3,delivered,2017-12-21 09:48:06,2017-12-22 02:50:37,2017-12-26 18:17:58,2017-12-29 17:27:18,2018-01-10,7fc3adfc3eebed5f1a9aa571c391f3b8,2017-12-21
d35a77135cb96df5bdc938dcdbd2d85e,4721a5a77949f6af33ca1213ddc4c8c4,delivered,2018-06-03 13:08:39,2018-06-05 04:31:09,2018-06-05 15:20:00,2018-06-14 23:41:46,2018-07-16,82fb68e1acbe694711bc288405065e36,2018-06-03
8ac5066a163c60c1ae9bf17200df3dd1,0ae182964a91768e18dc1770c29f8d32,delivered,2018-02-08 00:22:34,2018-02-08 01:35:40,2018-02-21 09:26:40,2018-03-31 13:51:44,2018-03-14,bce006e903be688f122a39f45b210090,2018-02-08
e230d9e9b5c459f23e570014c1a255ff,3e8e4e67f5b7d18256cbd70ba568fead,delivered,2018-05-12 14:44:53,2018-05-12 15:22:11,2018-05-14 15:47:00,2018-05-23 11:05:28,2018-06-01,b56b1a9a4dda863e4a6eac9a578ce5cd,2018-05-12
4bacb60c9bdaab084b0354a3f7063af4,b951c315005eb420b99687b9b0eec54a,delivered,2018-05-27 21:12:29,2018-05-27 21:34:51,2018-05-28 11:35:00,2018-06-13 16:56:30,2018-07-16,97a015bf4ecc8c13760c7128ca879c8a,2018-05-27
c0c08274d7ff03824cbf0377b2a9db63,fc0dc703a36ff31c63d360b6f38a63ba,delivered,2018-07-29 20:50:47,2018-07-31 03:55:16,2018-08-01 08:22:00,2018-08-02 17:38:55,2018-08-08,fa2d1944cfb80777c082a6ef129022a2,2018-07-29
99f10393ec3328b3b416a154afd5d714,b593c249903e4280399e991fdbe8d7a3,delivered,2017-07-19 23:51:41,2017-07-20 00:45:20,2017-07-26 11:07:51,2017-08-04 18:06:08,2017-08-17,afdd204d84a80bf0269cd6a84eb8c274,2017-07-19
6826b252908053a75749a831b6e0eb83,5e460bb0200e228818c3e928df8230af,delivered,2017-12-13 17:53:54,2017-12-13 18:10:05,2017-12-14 23:07:46,2017-12-20 22:12:55,2018-01-08,ed36dc2377a9c0989112dd92845644cb,2017-12-13
e26d1ae778f8367c217157a4a2bc7002,8fb4a6f31ae474c757c377a79b2aec17,delivered,2018-03-03 06:45:02,2018-03-03 06:55:33,2018-03-05 20:08:08,2018-03-12 23:38:46,2018-03-23,d68ff0e5e697e466af61e8e2faf19449,2018-03-03
76927b562beef6d31416c21778b2b4e5,68d3e5d419a75d87677d27f67c5b2a04,delivered,2017-05-03 20:03:35,2017-05-03 20:15:12,2017-05-09 16:27:55,2017-05-12 13:18:50,2017-05-24,e907b51ae339d5c8296ea0eaaa94223e,2017-05-03
f1946ea4e7c8c7c67815ada3c62d1e17,43a60a424d49dc4f077f6a9cf69e3c82,delivered,2017-11-19 18:58:13,2017-11-19 19:10:25,2017-11-22 20:04:17,2017-11-29 16:14:46,2017-12-14,8fabba01bdf76fa17ca1bb11d4ffa2e0,2017-11-19
0d82956d17aa687909a59706168bfe98,d538a7bace15106d359fbb0a2407a429,delivered,2018-01-15 13:47:59,2018-01-15 13:57:24,2018-01-17 19:13:43,2018-01-29 17:44:58,2018-02-09,74a581c080f83e6f518b585fb1779e09,2018-01-15
5c0280d326d1539788f7c577cffdd642,a87809b1cd952b677ea54942cb319e5c,delivered,2018-03-19 09:13:11,2018-03-19 09:29:32,2018-03-20 19:08:46,2018-03-21 19:58:25,2018-03-29,438f981a2c44932b5b9d5a7259b0a18b,2018-03-19
437194d5acf95a095e074494db9c4183,36205594d80f41eebb82b9a71801de80,delivered,2017-11-02 21:43:51,2017-11-04 07:15:27,2017-11-17 21:17:00,2017-11-29 16:37:37,2017-11-30,3cc44e5e1e8a00f2de6f1dcde2896336,2017-11-02
e0b42130d37ff0c40d83a9dee30d2519,aa4bcebd775c8d70e2dec7bb5a949d53,delivered,2018-02-09 23:00:26,2018-02-09 23:15:22,2018-02-14 20:38:54,2018-02-20 22:33:42,2018-03-05,b3c9c2da8dc18956347a46c7e61321f5,2018-02-09
41aaef897083574b4390bb24fbb25dd7,5590e685a78102fb3ac27ecf07412750,delivered,2017-10-24 13:47:39,2017-10-24 14:06:34,2017-10-26 21:15:56,2017-11-10 17:11:39,2017-11-24,133c1a11944c3c8f0174c08c4f0d24db,2017-10-24
2f6d60e301b09631418701136a333a09,5121d76f3ba68a4dc5c19e92383f73da,delivered,2017-08-02 10:44:07,2017-08-03 03:05:11,2017-08-04 17:13:09,2017-08-16 15:42:51,2017-09-11,bd919bdc2d312cab99607ee18610d23c,2017-08-02
d8c441318d48082352e8592142db807c,2a5ed0328806da6241e75520ed74d9e6,delivered,2018-02-20 15:11:50,2018-02-20 15:31:14,2018-02-24 00:32:20,2018-03-16 21:32:44,2018-03-12,b49b24b28a12e3d89eef761792dd3aa7,2018-02-20
9a75a775d17d37cd19193fe02c3f21de,97efa29b4cb6dc4b10acb8f9baa46cdb,delivered,2017-01-11 15:56:35,2017-01-13 02:10:21,2017-01-17 12:13:02,2017-01-24 14:14:24,2017-02-23,9ff65289796499ec62ee319b027dcff0,2017-01-11
8d3912511f0a7ca8ee5d4a637a53972f,ba1c84ab6667813655a3a7eb07ef4a9b,delivered,2017-07-24 19:35:46,2017-07-25 03:35:18,2017-07-31 20:41:47,2017-08-01 17:59:42,2017-08-04,0f1311c86b5178f4903121aa73b11065,2017-07-24
9a08a80ee31726cd3fbd528ae95b83fd,7ccab0587fe204dc0cc0771def311959,delivered,2017-10-27 16:08:37,2017-10-27 16:31:32,2017-10-31 20:07:40,2017-11-06 22:24:37,2017-11-27,31905554afa8c0472fd4b8f9bc6e0315,2017-10-27
ffc0249fed109d5d056d7c79b7fa7dd9,fe259b2c6d1b0081cf8d8c83e83437c8,delivered,2018-08-13 14:32:07,2018-08-13 14:45:15,2018-08-13 13:55:00,2018-08-14 23:58:57,2018-08-16,9e6e4184323d874594d3ca545a83afea,2018-08-13
bc281606ec7787151f45acecb5d48598,46edbd3283961bf0b23db785bae94b55,delivered,2018-06-14 20:12:13,2018-06-14 20:40:41,2018-06-15 14:25:00,2018-06-21 19:02:59,2018-07-04,2357ee56e49879d1a10710efc0b3b7da,2018-06-14
05b57f5540e48c853b6235bf8ff10e20,aa87229699521e365116cfc6061b315d,shipped,2018-04-11 23:59:44,2018-04-13 13:15:30,2018-04-13 21:48:36,,2018-05-04,dff3b582aca1f1f169f58f0952c0c1ad,2018-04-11
e6f2821ad70219f86c8215095b10408d,0c872574e7c056c66a52c59cc9586883,delivered,2017-05-02 13:31:31,2017-05-02 13:45:14,2017-05-10 13:03:26,2017-05-23 14:59:47,2017-05-29,a65230a5d1b282ea3be0a589ac3d76d3,2017-05-02
fc228341a432574ff5641358fba213c9,43b59a9e40fc2ab6ebee541c5dd6e608,delivered,2018-07-21 17:25:03,2018-07-21 17:35:09,2018-07-23 15:04:00,2018-07-24 19:03:25,2018-07-31,d54c950d1163bd09b6abc3d3dde1572d,2018-07-21
c0a2349a8e345c3196f05a1dda9057a1,77670a01dbf35f7acb7521ad6a467a63,delivered,2018-04-26 22:15:23,2018-04-26 23:00:12,2018-04-27 15:24:00,2018-05-11 21:48:32,2018-06-01,ac9c8bab3e580db57218d51b924291b5,2018-04-26
de1a445fab3d857cdee059116823e175,6ae5c91f98215861c17a5dee19a4d109,delivered,2018-06-29 23:18:47,2018-06-29 23:30:17,2018-07-02 12:11:00,2018-07-06 17:32:03,2018-07-26,b0fb3bf6ca65819ec2bd78aa3e6b6468,2018-06-29
c1a14a3a19f1fb6e5b9da4ea9cf86cc0,37a308b06e1cbc45c2c6a36fe586248d,delivered,2017-12-13 00:09:57,2017-12-13 00:18:32,2017-12-14 18:59:49,2017-12-17 16:32:40,2018-01-02,1772de5c8b22d6970d4d4c91277a7796,2017-12-13
8b2ceb139bb51537042aac7481130f5f,eb1926683b7e7d8b5634bdb8c1e37d27,delivered,2018-01-24 14:28:29,2018-01-24 15:08:07,2018-01-25 00:06:50,2018-01-29 14:06:05,2018-02-08,d98c90a1c09ca7c950ce2d2e543fb206,2018-01-24
d75453a8573dc79bc97ce070166e34ac,6489126dded265a9baf0211931e508c2,delivered,2018-05-14 20:37:44,2018-05-14 20:50:20,2018-05-16 08:51:00,2018-05-24 13:32:24,2018-06-06,2c8dc578c378409ba36dd6ef739b60c5,2018-05-14
6a246b3a7847ecd748e7b26e64256c0e,e6509ae83c3040ccfa84840d0c250d17,delivered,2018-07-26 18:09:39,2018-07-27 18:10:10,2018-07-30 12:26:00,2018-08-02 20:42:10,2018-08-15,3557401ee0d38ea74812f43e1172bfe3,2018-07-26
5d5401bb4bb47026d3f56a940867f04d,e12d79a6c6de9f0ea5675c54bba9afcd,delivered,2017-02-17 16:10:12,2017-02-20 13:45:13,2017-02-21 13:05:12,2017-03-06 10:33:22,2017-03-20,a3203516c1f7fc078f5631f47ed90739,2017-02-17
e222962383bbf19ad1bee2a2309eadb2,ac3449a61dc03da96d9233a8557f1499,delivered,2018-03-23 19:36:42,2018-03-23 19:50:29,2018-03-26 19:03:48,2018-04-03 16:03:51,2018-04-11,12ae9d27e5e84221c11f93fd2d2656bb,2018-03-23
172482155d13fc27c9ee15df2cc7913b,a5030fe79595918146f9d57c56a492f9,delivered,2018-01-16 14:45:06,2018-01-16 14:57:23,2018-01-18 15:38:49,2018-01-24 20:56:40,2018-02-07,3070f367c9ad56c74e4a9accf409f4ec,2018-01-16
95e0f3f5f3e71382baece16f6fa8270a,6af1e29253338a787c6edc983c48a78e,delivered,2017-05-01 12:04:40,2017-05-01 13:03:07,2017-05-02 13:56:05,2017-05-10 12:22:06,2017-06-08,22b3144c1dd01b7f1175da4d81332b54,2017-05-01
2c7e89e493d79a803615950d27017f1f,e38d1d16f382a3c99f6da45b79418463,delivered,2017-11-24 10:18:10,2017-11-24 15:52:52,2017-12-06 22:22:08,2017-12-11 19:09:48,2017-12-11,f2cb4abe193595fe70e9c380e488004c,2017-11-24
744b5f76be2964239912826181a4cf54,c97a6229e71d7085feb5a37bdf2a3527,delivered,2017-07-24 16:19:27,2017-07-25 13:25:18,2017-07-26 11:10:13,2017-07-26 15:22:20,2017-08-04,9d9f5c03dc7ff5eb5931407d9882a3a5,2017-07-24
a7c5b69c43e1d2b108ec591e682e33ca,23a4e0b020414a47073636b5c44ad7f1,delivered,2017-04-26 17:20:36,2017-04-27 13:15:56,2017-05-03 14:23:57,2017-05-10 11:48:10,2017-05-17,55c0780366960c4a7f6e9809ca8724ec,2017-04-26
a800ac0385a83264291f978ab075dd68,929cb7b1618f0d99c7814d79b0c5b7cc,delivered,2017-05-14 15:05:45,2017-05-14 15:15:17,2017-05-17 09:21:31,2017-05-27 05:34:55,2017-06-14,3cd07f2cd0e3bd52f3896c0048fb37c7,2017-05-14
25ace71f9bb4d5f153b345c09fa36936,33e2c0a2b85e5cf272063cf102cab8f0,delivered,2018-04-15 20:02:35,2018-04-15 20:15:26,2018-04-19 04:52:37,2018-04-24 20:52:37,2018-05-04,8a45b5f361bc5fa571afc8e171f1fdb0,2018-04-15
27dd4c7bb1266a67913f51a0e923fd7e,c92eca4ed1885e676c5cfa2cce1c48ba,delivered,2018-06-27 13:54:26,2018-06-27 14:12:46,2018-06-28 12:53:00,2018-07-09 20:42:55,2018-07-20,1c5b5dbce760e341b511d0a399bec2ae,2018-06-27
1a96f8947e6b2c89ddd029f6c4a64913,e4c2d8acf04fa1beea83f4a97d71b76d,delivered,2018-08-16 13:26:07,2018-08-16 13:44:16,2018-08-17 09:47:00,2018-08-24 15:16:22,2018-09-13,d9816d8ad44a45b0feb82474a6ba068a,2018-08-16
94843ea453d12bb3fc1b4b2f73cb1f82,85e2d3f3bb3973b7d10bcd6a3e6e50ce,delivered,2018-04-13 17:07:24,2018-04-13 17:31:09,2018-04-19 17:16:54,2018-05-04 18:17:29,2018-05-10,879f4eb9f58eadb8f2f204919b162935,2018-04-13
15182308be26817f3df02cb049167836,3beebeb04ce0c2075e4fce99b022af80,delivered,2018-03-24 22:42:56,2018-03-24 22:55:34,2018-03-26 21:18:03,2018-04-12 14:27:49,2018-04-13,244f8592909c638662e86501721fde5d,2018-03-24
efb917cc0ce3019da9311c8a9f97bff7,6fbbff0437542ad30708a68cb5868d2f,delivered,2018-07-29 09:53:52,2018-07-30 18:31:02,2018-08-06 17:19:00,2018-08-14 19:26:42,2018-08-22,5ec399b5365717be2c4e797ea44cf230,2018-07-29
c3665b33e58190870d82a79cc835cc30,d1d8cca16381f1693752b97fc43d6dbd,delivered,2017-05-01 17:52:37,2017-05-03 11:10:31,2017-05-15 15:33:38,2017-05-30 09:27:48,2017-05-25,fb4106ad0e89610fcad8677358e42505,2017-05-01
facac214a771c262175219d6c5a3a439,d577d6f224cc6476bfea34715dcb4a12,delivered,2017-01-19 00:08:11,2017-01-19 00:15:43,2017-01-20 13:41:44,2017-01-30 14:41:21,2017-03-01,d4024fd404e29943c763f316e1383cb4,2017-01-19
b2a04f1e9c3932855c266b1c8ba7b7c5,2c08cc5dfb684e0bb4d3846b3171f81b,delivered,2017-05-09 08:42:15,2017-05-09 08:55:14,2017-05-10 17:31:09,2017-05-19 10:55:52,2017-05-30,8ee658cd5f58524dca2fde700b44548b,2017-05-09
fef00682c5632c29ceb8729e3314371d,2ec4467dada4e104afc5b57443546202,delivered,2017-12-01 10:38:09,2017-12-02 02:39:22,2017-12-04 23:58:43,2017-12-05 22:22:06,2017-12-19,727a7af284480a3e04b14a527f8b09e4,2017-12-01
85d852ed89d35eeedc3136b033287b72,4ca1f1bd388a5af187124ad7b223d640,delivered,2017-05-21 12:48:27,2017-05-21 13:06:33,2017-05-25 09:54:03,2017-05-27 10:52:48,2017-06-13,0741ddca958232fa01e77154d45b1fb4,2017-05-21
52217c0ab449b049002b45c4d68f7bb4,95af04f8ed0a24215096beef497e53fc,delivered,2018-05-31 21:36:14,2018-05-31 21:52:43,2018-06-04 07:00:00,2018-06-07 23:28:35,2018-07-12,286158978d09acfee3b27772c453fcdb,2018-05-31
1a5a0d89a41e32c3a309e6ba2ad29847,404a89a048d32c78c0f1fd19855c4263,delivered,2018-03-22 12:27:08,2018-03-22 16:35:41,2018-03-27 02:50:33,2018-04-12 20:22:09,2018-04-17,60712169d25fa7ea44368cdc127d15d6,2018-03-22
a43233e3aab4afcc9b0160f77dfadd82,e20a8efbe31057290a4aff93ba9dedb5,delivered,2018-08-19 20:47:59,2018-08-20 13:16:43,2018-08-29 13:44:00,2018-08-30 21:12:04,2018-08-31,d0bc2c6f36b8f7a62e85ee16d9ae1d38,2018-08-19
2acfdc5131ff2cf4433e668454c9784c,181b56f69c22bcb0ceeceba56c06d239,delivered,2017-11-27 22:36:13,2017-11-29 12:31:42,2017-11-29 20:21:48,2017-12-07 17:41:29,2017-12-22,370cd3b09ea745fe047fd11db7430441,2017-11-27
071deb193a4682621c819936d21ae127,1a8888071e09b829402055ca2a4197cf,delivered,2017-11-21 13:22:00,2017-11-23 02:52:36,2017-11-23 17:13:38,2017-11-27 13:43:32,2017-12-11,5c6158b528bf0eaa8115b298d4af28c8,2017-11-21
3d177fa8a164dd0cb060f3051dc4ae8f,03a62f764ee7e4701929561d653e4029,delivered,2018-05-09 19:30:35,2018-05-09 19:52:30,2018-05-17 09:58:00,2018-05-18 21:18:24,2018-06-01,99f1bb5c77e0fd15dba3b99bf70042b2,2018-05-09
1e605726b99a5ab7e1cbe02875e3ee46,6a5ce32f795e7e4a0a5d87d813e59001,delivered,2017-06-06 22:42:26,2017-06-06 22:50:21,2017-06-08 15:00:36,2017-06-09 11:26:00,2017-06-20,e93a451a204ae16a45426764cd02e2ee,2017-06-06
96eb9d1d1588412109dae29e68f86e86,6f33091955b66227318d0e051265e9fa,delivered,2018-05-25 10:38:16,2018-05-25 10:57:05,2018-05-29 12:26:00,2018-06-07 17:08:55,2018-07-11,b9094a80af5d0e072d9ca833ce36c90e,2018-05-25
1955e6384cd6fc6cb02799b1e458b2d7,ab2b0df51c890ff9bcae72f1abc72b79,delivered,2018-08-06 00:07:36,2018-08-06 00:24:14,2018-08-06 16:55:00,2018-08-07 20:14:20,2018-08-09,626ef16643d274cd99bb92522a5bc17e,2018-08-06
03b5e0da68374e8ac08cd539d0559cfe,b8df33fe835f1614dff9140bba7ec8fe,delivered,2018-04-02 20:53:01,2018-04-03 05:28:23,2018-04-04 03:05:48,2018-04-06 19:49:37,2018-04-23,daf01deafc412b92fd052d5a9e9e6525,2018-04-02
9de8f8dd965b3e33a21b3df3fe99334a,4e28411a806cbd9560f25d3ffd15f773,delivered,2017-10-14 09:49:25,2017-10-14 10:05:58,2017-10-17 14:12:48,2017-10-19 19:13:31,2017-11-07,c6eea19761f540a5f0f6ed5a9a4a9893,2017-10-14
2090a165b3666a70b271ccaa2fe64319,8efd68e0deb1e8529af85979c6115dbc,delivered,2017-09-25 18:16:21,2017-09-25 18:30:12,2017-09-28 21:09:39,2017-10-06 21:53:39,2017-10-20,6b323434bc03c0d265a9740776b9ef80,2017-09-25
3819e7793eb12f5a299706cd17215d45,8be34d6d8c32a226244789af8acd166c,delivered,2018-01-19 14:57:16,2018-01-20 09:10:06,2018-01-23 22:10:00,2018-01-26 22:33:18,2018-02-06,54098a8cc29f5efdb9b15dfc751bc8ad,2018-01-19
ccd7d7de58c07e32a30717c6d7f5949d,9e5557654c1e107f0924b9f01df10579,delivered,2017-10-02 15:38:54,2017-10-04 03:04:08,2017-10-04 18:17:49,2017-10-24 15:44:02,2017-11-01,ea7961b4e11666cb0ae9cce850b83aaa,2017-10-02
8576190c64f6d9d9ed5055185aeefe31,5cfad5a95c632ade09820843ddefd5bd,delivered,2017-07-28 14:49:53,2017-07-28 21:50:10,2017-07-31 20:22:10,2017-08-01 13:05:51,2017-08-14,f04985ccc2f0c39b46f716ad0d10d040,2017-07-28
ba39bd17a7fd2e7a495e6435781434ff,31b49dff62ab85e66e4f89fed97a155a,delivered,2017-07-16 16:15:27,2017-07-16 16:25:14,2017-07-18 21:29:35,2017-07-27 21:11:54,2017-08-10,250f0c9949d3f4fa2ad7f47d524c63bf,2017-07-16
e4b6df3eb118302bd304c9d02ca19afd,b91429d5af5d399493d72675dd0f157f,delivered,2017-10-09 19:32:28,2017-10-10 19:49:16,2017-10-11 16:35:49,2017-10-20 15:52:57,2017-10-20,fa20a344d2bf1c88c1c84d1f8c91f5b2,2017-10-09
d963d0963eba99c7aeab1e3c03daa7e9,3c6bdd30725c924638f0e5525974ae55,delivered,2018-04-02 12:12:56,2018-04-02 12:28:37,2018-04-02 23:32:09,2018-04-04 18:13:46,2018-04-26,60d6bbd1a6d5dcbaa5debc8da8a81558,2018-04-02
0b93ee12012954d6b2a2c9a69ce4fd24,229765fae12044b31cc0dd891f42d19d,delivered,2018-01-15 10:45:12,2018-01-15 10:57:22,2018-01-15 21:09:43,2018-01-25 16:41:55,2018-02-14,7b2a0239c76e49ca71f34549b09063b0,2018-01-15
c52fc1fc33756cfdee5d0cd6fed55765,b2e3d091b5b6524577a1b12c46729c8a,delivered,2018-07-14 22:11:13,2018-07-14 22:25:20,2018-07-16 13:43:00,2018-07-27 16:56:22,2018-08-03,8f561d175bdb03d96bfb53f1f07401f5,2018-07-14
79dbadc3cd0a6aa1b1fc17d005721668,2900b73aa9a7d4ea2f6167f58b89fc58,delivered,2017-11-08 20:44:33,2017-11-08 20:56:07,2017-11-10 18:35:47,2017-11-11 15:28:53,2017-11-22,3a502a4d1e63887120fdc3b323224d70,2017-11-08
b143f3a663718a8544a62194bd2390aa,3c1b53696d73249f2b933eb0b3363f8c,delivered,2018-06-13 15:19:36,2018-06-13 15:38:07,2018-06-15 14:43:00,2018-06-21 17:17:28,2018-07-27,e81329805762817bae11b3ccc4f23c64,2018-06-13
3a3aa033270279686dadf45ab96929e3,a1275b13c8e2854c82b56a3264a9bc92,delivered,2018-05-09 12:30:14,2018-05-09 12:55:30,2018-05-09 14:59:00,2018-05-28 16:03:59,2018-06-19,8be6ad1922779906a9397d6727282b6a,2018-05-09
f33b79c24a554aeeed434f1072a17755,4a2018a5ffb14312213c7df659c629ed,processing,2017-12-28 18:07:24,2017-12-29 17:59:20,,,2018-01-30,023b5ad5d79bf390d6c743833dd41732,2017-12-28
6d15390c68ad06398621b0a7c976e52b,91c1a9b5aa26614df29288c389940214,delivered,2018-01-22 20:51:53,2018-01-22 21:14:19,2018-01-23 22:39:00,2018-01-25 17:12:26,2018-02-07,e9620047052f3edb9a429db5b04df663,2018-01-22
b738a048f0968575318e1a5fc8974fba,d1e13322db3b41f98dd85cba72c94820,delivered,2017-06-22 20:08:24,2017-06-22 20:22:56,2017-06-26 16:35:01,2017-06-28 14:47:44,2017-07-05,813e74db515d69c751cb5e9dc66c7314,2017-06-22
2494ccfe0d97cff8d4d013ff250d6e3a,8ff0c22a8f3486d0e7f9a900176f6fb5,delivered,2017-09-15 10:05:22,2017-09-16 02:50:14,2017-09-18 15:47:43,2017-09-23 12:04:54,2017-10-03,06fb1a9b50a0dd027075ddd14016f869,2017-09-15
fa0609cc7f74568f4f0b2fe9b286e76c,9e032eba20d95669b5f4c47f016f4240,delivered,2018-02-06 20:32:56,2018-02-06 20:50:37,2018-02-09 14:21:06,2018-02-16 20:32:39,2018-03-12,901a3256e6c9c3dc7a8dcb183e6dad6b,2018-02-06
20da65274d671907282e06147c655ae4,841fe19c631825e29af4e85b602a73b3,delivered,2017-12-02 11:33:35,2017-12-02 11:50:35,2017-12-04 21:09:06,2017-12-14 17:23:54,2017-12-27,b05eabd2eb5aae11f2cf792964be957a,2017-12-02
f198341e6128bab227040b4a8a587b29,f19123a48b0e767b553ba69f1dd95f91,delivered,2018-02-06 15:56:14,2018-02-06 16:11:53,2018-02-07 16:42:54,2018-02-20 21:00:10,2018-03-02,65af0e0f225f4594aad7c264e948282e,2018-02-06
5f2dab3e956c0fd71c9df923c30faf33,4586d540d4c88024a5e6e84c3349bcc5,delivered,2017-07-15 14:57:05,2017-07-15 15:10:19,2017-07-19 15:42:21,2017-07-24 17:43:39,2017-08-04,a82fb477d798277c3ee72e0d1c7606ba,2017-07-15
e1042f4c3705d9c1f9ec8d96a1771a58,8fd0a5a6ca889a468942b0afb824d268,delivered,2018-08-13 11:14:38,2018-08-13 11:32:00,2018-08-13 14:45:00,2018-08-16 17:58:53,2018-08-23,86f235a9add1861a177d4d5468e53bf1,2018-08-13
51192863a004d47d0e4f5bf5384bf88f,f2cc41062fa1cdfd6475afc3aaf9909f,canceled,2018-02-13 15:58:33,,,,2018-03-07,28b506334071b7dfadd7bd023d9115c4,2018-02-13
4e5d55d40118f10ac43d483e9094246a,f341944fd3b737f82d0cbd439c158da8,delivered,2018-07-04 16:35:50,2018-07-05 16:15:43,2018-07-05 12:34:00,2018-07-06 22:32:54,2018-07-17,e98e98f29f69ce5beba405c65acec38c,2018-07-04
2430b57b60423269e56d188b55d8eec7,11c166946c235b3cd5b1fc3fdbcb9215,delivered,2017-11-13 10:30:23,2017-11-13 10:46:54,2017-11-16 20:37:53,2017-11-22 20:24:43,2017-12-04,094fcfe0ec6573b6f2d4146dabaf8d1a,2017-11-13
c2792ecd230f2d8f50741f6b37649fb1,6882c809bf72dedcfb767969eaf59ba6,delivered,2017-04-07 21:39:30,2017-04-11 04:02:06,2017-04-12 10:57:35,2017-04-18 13:04:51,2017-05-02,131b8a51429529f4e57e8faa1b87ff4f,2017-04-07
31f64c63fe5b7363cb0ba4cda8110f44,18102f03bde3429fd5d13eed91aac70e,delivered,2017-12-19 11:31:07,2017-12-19 11:39:32,2018-01-19 14:56:25,2018-01-31 22:22:50,2018-01-26,d7454b8fa3a458180e8089a093cf1718,2017-12-19
89328a8e8ea7f0921f3da49d46abc9c3,947949b03eca49208685746aecd03a90,delivered,2017-12-19 20:19:46,2017-12-19 20:33:51,2017-12-20 20:09:46,2018-01-03 16:03:14,2018-01-11,6a78ed32a0da06d5de9177c4a2fae706,2017-12-19
7dfd52d05dd4bf18de9e17066c123de2,84b224ea75c50930c04ea9411a1084d9,delivered,2018-03-24 00:17:56,2018-03-24 01:30:53,2018-03-26 21:58:44,2018-04-03 19:16:36,2018-04-19,8b35b7ed30714b0abec988c46230d53f,2018-03-24
2af4817f66a5aeb427fc06e41204bc7b,646f0c28ef155ba2f5413a913f84d73f,delivered,2017-06-27 13:40:52,2017-06-27 13:50:23,2017-06-27 15:13:06,2017-06-30 12:21:36,2017-07-12,d9e346c9457c32db8cbaab245459d799,2017-06-27
73dfbf97cb48a39c55ddb4425192d931,ea85147faff1d8207aa36ac8a66d972d,delivered,2017-12-14 08:48:56,2017-12-14 08:59:41,2017-12-14 20:58:03,2017-12-22 15:14:34,2018-01-19,c4a0864ef7d2deb7cdb86898faf6ffa6,2017-12-14
6805ef0d7df98ddc746b0f9a6813535f,1b824fb4e3aae4495d3ad6acf99e21b0,delivered,2018-01-07 14:12:17,2018-01-07 14:26:51,2018-01-08 15:38:32,2018-01-09 17:32:51,2018-02-06,5fe7339962f4ea74b88bd20f7214bbab,2018-01-07
04b7151492b049661380a47e0449f9b6,f71f7e5f75fe51d4524114bc3777db35,delivered,2018-07-02 20:06:25,2018-07-05 16:03:57,2018-07-04 11:24:00,2018-07-10 14:58:33,2018-07-31,e3ec62a54fe0dbaa3afc5f430d2c60ed,2018-07-02
a9fc3ae13c740ad46532fd50b61c69d5,04a043776b45158df5f274435321c199,delivered,2016-10-04 22:43:33,2016-10-06 15:44:56,2016-10-10 15:44:57,2016-10-13 15:44:57,2016-11-28,7e6f4c38a581cced287444d779368aed,2016-10-04
219a2bae1ef407852a764879147986b7,4b3c15727f711ee940cbfe71b6210737,delivered,2017-07-30 17:57:04,2017-07-30 18:10:11,2017-08-02 21:23:06,2017-08-10 23:04:16,2017-09-01,709a30c390cd7a591fa3c815bb554df5,2017-07-30
a2c1c4b05d3c89328d113ef7e28a480e,cd3958b9057b80a4d9c7bdeb0337e127,delivered,2018-01-21 14:14:15,2018-01-22 13:50:51,2018-01-25 17:26:16,2018-02-01 16:06:06,2018-02-19,9d6142691a211c9370c797f9349cc640,2018-01-21
fa920bdfa971269c86fa5e1839ff9db4,e43f5897754f1b691dea10ba27ea61f8,delivered,2018-08-07 15:57:14,2018-08-08 15:50:19,2018-08-14 15:03:00,2018-08-21 15:44:27,2018-09-12,ece03fc0e61f6068f69c308d3f7fd399,2018-08-07
97f4b655ca8dc69d90d799601c94c3f1,7a9b3670cb3b801f73a9b2e9d4f2e52c,delivered,2017-11-12 15:07:20,2017-11-12 15:26:08,2017-11-14 14:18:54,2017-11-21 16:57:02,2017-12-05,b222070e603972f720d979f5454e0b15,2017-11-12
d4374a2fe707b60c71f2d8932f8a93d4,b41e711f87202c50ba7d98ca8b5a7c84,delivered,2018-07-20 14:17:55,2018-07-25 23:32:10,2018-07-24 11:53:00,2018-07-31 14:24:39,2018-08-09,616a1b47d7b62b80e8300adbcf244657,2018-07-20
ca8f94a99a8120c559e416275a535066,165aeeded3ae717287fc0fc25a2ccf99,delivered,2017-06-19 10:27:03,2017-06-19 10:35:17,2017-06-21 08:36:45,2017-06-26 16:47:37,2017-07-11,7ebe3f683282a3df95d323a008f0c4d1,2017-06-19
633500d08d4de68291b91ac828ef3961,749d4a25eb7bd33a4a39b0b106125744,delivered,2018-07-25 12:56:05,2018-07-27 02:10:21,2018-07-30 14:08:00,2018-08-06 16:46:38,2018-08-17,3cc1026f5863d3b5fc44bd92bad50cee,2018-07-25
ccaf4b9e27a868b1b69c079c19bafb89,b7e037f53626373faca0516277bff49e,delivered,2018-03-04 21:48:14,2018-03-04 22:28:39,2018-03-05 18:03:48,2018-03-07 22:13:10,2018-03-15,4b0a54ebe2cbaf1c5b1c0183c42f9540,2018-03-04
d6275af2a1ba682fef89898fec0e7636,2d6f6494e8fe1ec6306d2fb7fc34178a,delivered,2018-06-08 17:19:34,2018-06-08 20:32:07,2018-06-14 16:39:00,2018-06-21 21:33:19,2018-06-21,f4c0fd9c4f2d1df9cf5390a404851be7,2018-06-08
6a5c14e6b9a898873a371e04d2e8f4d2,1c587d7f2e6a80b508b880020d1ad07d,delivered,2017-07-31 20:02:53,2017-07-31 20:10:19,2017-08-01 15:17:55,2017-08-11 19:24:31,2017-08-24,bb97ba1b80c531162410ce956a9aab7d,2017-07-31
5e0609ae0c6a25f98bfec7d1350f9608,eaa06b73dabe13f052e2804131176be1,delivered,2018-07-21 18:22:13,2018-07-21 18:35:13,2018-07-23 16:08:00,2018-07-26 01:27:36,2018-08-08,a9e5845a8bf7b22b9e1d038605618039,2018-07-21
bafee0b85090ed1545e50c2b5ae871e9,a1345c83d6d18f5e4c7cd9cb50a49a1a,delivered,2017-09-12 22:11:35,2017-09-12 22:25:13,2017-09-13 23:23:39,2017-09-18 19:42:03,2017-09-29,b116e5ae7d4aacca1ffe65991309fb9d,2017-09-12
1c55f7ccb17dea1623c2fc6be250ca6f,8df0a24a37b996f83a0243e25e69c7c7,delivered,2017-07-25 23:08:43,2017-07-25 23:23:08,2017-07-27 11:46:20,2017-08-01 19:41:32,2017-08-14,67cff81bfef0b9323b3c1e5c0368e89c,2017-07-25
ef9f995bbc827989f4c21bb6fcf93f77,352ab05fd034c002245c8dd85bd7dbb0,delivered,2017-09-29 19:55:08,2017-09-29 20:07:19,2017-10-02 17:40:04,2017-10-06 19:46:16,2017-10-24,593624c92fa8ac1d38c6699912ae4a5b,2017-09-29
12e336061c0f1f6d33710d969ba62bec,8172f8287e371eb951d98d374c65131b,delivered,2018-01-20 07:46:14,2018-01-20 09:15:45,2018-01-22 14:54:38,2018-02-21 23:32:48,2018-02-15,ecf30cb59f02b641f15ac50c9b1d14a4,2018-01-20
b4a6ef27ed0f4d85919dee11bcff9b41,e957fae9179d52c789d261da76ceb907,delivered,2018-07-23 16:27:19,2018-07-23 17:20:37,2018-07-25 14:49:00,2018-07-30 16:43:40,2018-08-29,a157cc6139f181eeedb78e3973b9665c,2018-07-23
73ffc468078b5f3e2c4260065e5e5152,9723d86b12bdec025be4c43f71b0ba52,delivered,2017-11-24 21:10:00,2017-11-24 23:57:41,2017-11-27 23:34:33,2017-12-20 13:52:16,2017-12-27,6aec5018133cf1d78b6466412d89cde5,2017-11-24
1565c265f6580c91569b142d96aaa19d,7285f4f77ff3b5a9ddef337a2eab16e3,delivered,2017-08-10 22:08:01,2017-08-10 22:25:21,2017-08-11 19:14:11,2017-08-21 15:40:12,2017-09-05,346d71fbd5abd26639668d14eb272515,2017-08-10
f27a56f2112f2928b4fe1e1d6d406131,c1785b084efcd3e71a83bfa29576dae6,delivered,2017-05-31 22:12:33,2017-05-31 22:22:28,2017-06-02 14:49:54,2017-06-05 11:06:31,2017-06-21,1682c2c899bc883a9a2f86bc5eb43f12,2017-05-31
1580aa3360c01bdd268dd1665a8ff929,6db0261f3a8133850cca6eb390f64d43,delivered,2018-01-31 10:15:48,2018-02-01 02:53:00,2018-02-02 00:22:02,2018-02-19 15:21:44,2018-03-06,4f4a4c713a7892d9db23f694fc647d13,2018-01-31
44de8fb2731c1634d7b069bb93dbf5d9,1187acd131fe97cfc7cde033a4f036dd,delivered,2017-11-24 14:12:29,2017-11-24 16:16:12,2017-11-28 17:59:09,2018-01-08 16:13:59,2017-12-19,81984acfb141b29eeae8ffcc7b5783dc,2017-11-24
50229fec371aedaedb230fa801638cfc,2866e688a5dc459c904ea765cae01f75,delivered,2018-01-22 20:41:50,2018-01-22 20:58:09,2018-01-23 19:04:52,2018-02-05 21:33:08,2018-02-16,1e7a2d6aa124d8f78af6e31b5e9cabad,2018-01-22
d88a95c7c4efaba57a8640854aa16bad,573955e60264b88c1ceffbdddd8ffbcd,delivered,2017-07-09 11:15:16,2017-07-09 11:30:17,2017-07-13 15:03:38,2017-07-17 19:57:43,2017-08-02,c5157b7836a33d5470c4027bcf8267d0,2017-07-09
225993f2e15bfdde9746613cc9a3a4b0,8aa0d22a3225923f4386d2dcf4717658,delivered,2018-05-08 09:33:25,2018-05-08 09:50:54,2018-05-10 17:52:00,2018-05-11 19:38:43,2018-05-18,9d43fce1eff4ec570753b91e60042d18,2018-05-08
a2801b8cd69a7543e074b6c66e0b6e42,ba41b21a02e473ec8a2467747bb735df,shipped,2018-03-28 06:58:50,2018-03-28 07:10:15,2018-03-29 17:02:52,,2018-05-09,5d15901464e2bffdc39890457123e26c,2018-03-28
29decd7404f211c01bfcc6d216ca6c7d,74f8ee1dd3d6ac5fc623672851519410,delivered,2017-07-11 19:43:37,2017-07-11 19:55:23,2017-07-12 13:05:38,2017-07-20 22:15:24,2017-08-09,345817899c325d8b41c9e88011a8ab43,2017-07-11
426613d1fcfcbb706338ad0574f870ac,967dda13a14683fe2fbcc6533e74a2c7,delivered,2017-08-09 13:44:30,2017-08-09 13:55:23,2017-08-09 20:03:30,2017-08-25 21:32:20,2017-08-31,c6924d0059a7e2ad64bce6d3c9cc677d,2017-08-09
c280f5eef3c218fccd7c518b27fe86ff,c6e3c94790793b6679664728a1d0a38b,delivered,2017-12-22 12:00:19,2017-12-22 12:12:02,2017-12-27 19:52:31,2018-01-10 18:26:58,2018-01-23,7d29e0633bda6b8a384856516e305e93,2017-12-22
62c509fe3a2bc8c153ddb5c4b3d8abd8,cc9df8c2a0e529acdf561a8528ad5f97,delivered,2018-03-27 19:19:53,2018-03-27 19:30:16,2018-03-28 20:32:41,2018-04-23 14:36:42,2018-04-30,f01bc9fb4b426fa9abb7c6efb8968951,2018-03-27
6e1af4e0d4cf82af38671a14b609634c,9c8618b4f6ec3b019f860e278d9294a5,delivered,2018-02-21 10:43:58,2018-02-23 02:31:09,2018-02-26 13:42:55,2018-04-10 20:50:47,2018-03-21,84534c29f49cfc37bda78a29e6c6b629,2018-02-21
0cfc5b8b63bf71f738f96e68adb96b3d,f9627108e19721bd9781efd9f559abf0,unavailable,2017-12-05 20:48:42,2017-12-07 03:15:48,,,2018-01-10,80a18d7c92a893bcc6cab134034a698e,2017-12-05
641b2871fe2ce7418e69b4c4fa21bd40,889d677f2cb18ab09f29222f50db131f,delivered,2018-02-15 11:44:09,2018-02-15 11:55:34,2018-02-20 22:18:33,2018-02-21 14:24:57,2018-03-02,fb013a426ec7b8ba8545ebe909f0f4bb,2018-02-15
0035246a40f520710769010f752e7507,4bcf2ad7ccc061c13ff360aae5b7abcd,delivered,2017-08-17 00:57:23,2017-08-17 01:25:39,2017-08-22 15:33:53,2017-08-28 19:14:03,2017-09-06,d56ded4569dd9821b2f83710a56afbde,2017-08-17
bf06a474d6806d10fdf9cdc8c428b993,606ea5fa82d286bfb8df334deddc6c3a,delivered,2018-07-02 11:20:59,2018-07-05 16:22:46,2018-07-05 12:27:00,2018-07-12 16:58:27,2018-07-30,4b4fdc0637c3056e51aad5200a668acf,2018-07-02
8dfbe503a2dbc98c423efbe5a0426358,502711613bc8e4f6bdda7a09fb52880e,delivered,2017-12-18 18:19:07,2017-12-18 20:30:30,2017-12-20 21:48:10,2018-01-05 23:43:13,2018-01-22,cc8a485dec0c96e8af46d083e946ae25,2017-12-18
9955a2f7fc38c1b21be304e49f22e58b,31f3b17dcd0402e09a9e1841d4b6a25f,delivered,2018-06-14 20:06:06,2018-06-14 20:15:40,2018-06-15 14:00:00,2018-06-22 21:28:53,2018-07-04,1725493c8d242215acd8c8f56fa3ea80,2018-06-14
131fccf58d5b636c232584f744b77161,90606a62c8ce84d7f091ae1fb90c595a,delivered,2018-06-02 20:53:20,2018-06-05 04:51:59,2018-06-05 12:25:00,2018-06-08 11:14:39,2018-07-05,601b0c790d8ec7b21112f7b05ff2d87a,2018-06-02
7beb96c2b44515d5794d02d8a0626656,8a07c252ba8359867ff9e45d2c68d265,delivered,2017-03-23 22:58:03,2017-03-23 23:05:22,2017-03-29 08:43:12,2017-04-13 12:18:49,2017-04-13,94351981264fa8d95e3454b12899ffe6,2017-03-23
7378621b4be10c02f302cebc32aae15b,5870406bb766120381cd88c32258f70e,delivered,2018-01-07 23:15:22,2018-01-07 23:27:42,2018-01-11 20:28:32,2018-01-26 12:14:52,2018-01-31,6560ab66ef3a15282e0061fd73624774,2018-01-07
afc5e76e5cc169a08cec884d98173efb,af78298eafb020d57a32bf087b80681f,delivered,2017-10-01 20:48:40,2017-10-01 21:06:59,2017-10-03 12:33:13,2017-10-14 12:33:34,2017-10-27,bfca7a9e3e07df51447510ede80822ec,2017-10-01
8512c3651a6750c25e333aebff60ca57,8ca6de591aa429809639ced73a479312,delivered,2018-06-08 14:24:08,2018-06-08 16:30:45,2018-06-11 12:26:00,2018-06-25 19:36:30,2018-07-05,cce887733e25baa1b7ed9e907cbf8b8c,2018-06-08
bf2f7a16704936db1686ba2711614520,77b2063010087502d849d81480f6420e,delivered,2018-05-28 12:03:55,2018-05-28 12:15:14,2018-05-30 13:36:00,2018-06-08 22:38:24,2018-07-03,4d7039c6e239e12952f994ee03c5b835,2018-05-28
55a805a7b2a5cfaa88930d4a265a5938,9b3107e5f5884a87b7971386908ad2a6,delivered,2018-05-13 20:13:01,2018-05-13 20:32:26,2018-05-14 10:37:00,2018-05-15 15:08:50,2018-05-23,ed0aed881a7d2b46bf72c6ae4a0da02b,2018-05-13
eb3453fe7cce2e88a56d3621c7cc2d7d,3d0f4dd34ad4f2a1401bcc7faab27dbc,delivered,2017-09-03 14:47:29,2017-09-03 14:55:20,2017-09-06 15:15:52,2017-09-15 22:32:40,2017-09-25,c19ebf31d8faea2bb2798e764e61bcd0,2017-09-03
9f1fdd62873c571b8206dd1cf23e208d,a022ce2be66d62e89e6e534a29334da3,delivered,2017-09-11 14:43:43,2017-09-12 14:35:20,2017-09-13 17:27:54,2017-09-18 19:27:47,2017-10-03,9c4b23d73e62136763b1c67db3f0ed84,2017-09-11
c2c1d5e4d5168620dcd230dcc8f4130c,a56e4c8f814dd8b9f4b6966a3c394397,delivered,2017-05-16 09:01:21,2017-05-16 09:10:18,2017-05-16 09:44:11,2017-05-22 15:41:47,2017-06-13,2ef5f7c10d11259c9b6004ddc6d8d903,2017-05-16
b9f406c8efb6e5e869d3c9a8829f83ee,1bc4e5edd7f3daf69e78e21831432c58,delivered,2018-08-07 17:01:34,2018-08-07 17:10:20,2018-08-08 14:36:00,2018-08-13 17:22:10,2018-08-15,4f916ba67d94ea608ff6915700595b49,2018-08-07
5bf333c26f367c6992c8c4eff042bb4b,7dd42f87abf5ce34634ca3c2b87cee97,delivered,2017-08-06 15:48:08,2017-08-08 04:04:18,2017-08-10 11:55:59,2017-08-21 21:20:03,2017-09-11,cd5d9481ec88764a639dcb3b6a88b657,2017-08-06
a67709a381f98fdb878825f92a95128e,c88c6060cc61e64275dcc22da352122a,delivered,2018-05-30 16:13:42,2018-05-30 16:30:54,2018-06-01 14:08:00,2018-07-03 17:21:54,2018-07-05,958a09f1a17bfaa6ca721b5aa01f59f6,2018-05-30
5e8e582525594804c28f6044d23809aa,7aa304bf571592f09294c4ed6dbec0a5,delivered,2017-10-13 18:27:35,2017-10-13 18:49:27,2017-10-17 19:30:51,2017-10-20 15:28:33,2017-10-31,9bddac3157e4f2e6f5dfd21753c70898,2017-10-13
a6325795dfacc6b956a81ab35de34506,eae3c8b4b40e257c3e135d4c85a2e8b3,delivered,2018-07-22 15:49:06,2018-07-23 12:32:14,2018-07-24 12:12:00,2018-07-30 15:16:41,2018-08-23,f393ee789889eff3f65907da221fa79c,2018-07-22
787668255fbf3cfd994f9498dc30f5fd,f8abf7cc4f761c104613673e652975fb,delivered,2018-03-04 16:46:17,2018-03-05 16:50:30,2018-03-10 02:51:40,2018-04-13 19:58:26,2018-03-27,dca1664cb947eff518f8c377d6e6e642,2018-03-04
ad43a5e192f5eb10bd6d22dbeaa0205c,6e128f61fa6c41fedf1a9137669880b3,delivered,2018-02-24 20:19:27,2018-02-24 20:30:32,2018-02-27 16:55:46,2018-03-12 23:37:22,2018-03-21,54ab0e856a6481371a61be474f66dcbe,2018-02-24
9b9a93b680e8808b6da57cbfb3836a62,7d6047a2b5afaf9eae77000b7d995c67,delivered,2018-04-16 00:08:30,2018-04-16 00:30:11,2018-04-17 22:58:33,2018-04-20 15:16:53,2018-05-10,17528d3f08b3382c23bb64a5e0f8b0b0,2018-04-16
c589b3c8f77af5cf962999792e3c2d9e,e6d75397641b85cbeffc724a4f4e3fdd,delivered,2017-06-05 21:21:51,2017-06-05 21:30:15,2017-06-06 11:38:40,2017-06-16 16:22:07,2017-07-06,832e415cb24cba2f0264271e8c246ce6,2017-06-05
b9bbf1dec2af18a8d043e4400ea67be4,8ead4bd5c751f6f4ee3fc5ace080ee15,delivered,2017-12-07 14:01:30,2017-12-07 15:29:23,2017-12-08 02:10:00,2017-12-14 18:53:23,2018-01-05,e094f75df54a2806a864354bdccbff45,2017-12-07
04bef466ed85bb9eca9a6165d765574c,043e4ab7fb6ce15a641ee24c596a1e4e,delivered,2018-01-22 22:22:59,2018-01-22 22:33:19,2018-01-24 18:21:34,2018-02-23 18:28:54,2018-02-22,230ebc94e875c79bf04984abbc45dbad,2018-01-22
112d51fc31fb26262d2b28130947b467,5d1d5cf88e19cea5ad2e28637b584848,delivered,2018-08-11 23:36:23,2018-08-13 02:05:09,2018-08-14 12:24:00,2018-08-23 16:27:59,2018-08-24,07d0c128c7e29a5e898825c8cbbe2c2d,2018-08-11
e15fc1d42ce26a4f976cbe33878fd4d9,76b6210defacce600c169b70df4f1740,delivered,2018-07-05 11:47:38,2018-07-05 16:32:05,2018-07-06 10:26:00,2018-07-12 15:37:37,2018-08-07,62d7cd690dd2ba81e10cc68d8a0ef5f6,2018-07-05
77c65697055f082d537f537f084f9fae,543e8185af0947557b5633c2b3d94a47,delivered,2017-05-16 17:41:05,2017-05-16 17:50:16,2017-05-17 09:05:56,2017-06-01 14:43:53,2017-06-20,f4e81554e6d13f3eb2b14a882fa18d0d,2017-05-16
a696ee0106068718ab158824cff6f287,3b46d71235a57822d58ba7a2e38f101e,delivered,2017-06-27 11:36:11,2017-06-28 02:30:16,2017-06-28 16:57:28,2017-07-13 21:44:57,2017-07-19,5841a7f37ee203f44ce70c60046337af,2017-06-27
a017bed18c5f129119f36a92642a1cc0,05ebc27279c0c9082b56bbd6a1441a4b,delivered,2018-06-06 10:11:20,2018-06-08 03:13:36,2018-06-08 14:40:00,2018-06-15 17:32:48,2018-07-18,25084c562406811ccea6b10655d1fff9,2018-06-06
86c25bbc1d16736365d6e747e71695f0,ae79842e6e74fffdd282a258b22a757b,delivered,2018-01-13 13:50:29,2018-01-13 14:09:28,2018-01-17 18:53:09,2018-02-21 20:29:00,2018-02-14,2df1d02e053e5faf28d6d408aebd07c2,2018-01-13
6a98aeaf1d45d8129756bdf2a06744ed,2fa81123183b17a5f21e52273c5f9c1a,delivered,2018-06-21 10:16:22,2018-06-21 10:41:27,2018-06-21 14:10:00,2018-06-22 21:41:27,2018-07-11,d234df9a4e1759955f0fc0888d1ed466,2018-06-21
2e1f6e6e433e40edc3aa9db762193273,5f9210f6f1fa4bc4627a5c650b4e4371,delivered,2018-01-30 16:47:07,2018-02-04 23:31:31,2018-02-01 15:59:21,2018-02-07 20:29:30,2018-02-23,eac5ee35c6de47292130131a338a514c,2018-01-30
5fe019f7d1eaebdb3da79811a3bcd58d,935449dc5f857cffa4651a947e0a624a,delivered,2018-07-30 16:20:28,2018-07-30 19:32:19,2018-07-31 13:55:00,2018-08-03 17:51:56,2018-08-17,3ecec63eb13591ff6e2ad09febb48a43,2018-07-30
b6f781aae89e5d40f9cfa52fb427416e,fbd5850347b2376d8e0706355e5a97e6,delivered,2018-04-05 22:01:59,2018-04-07 02:55:19,2018-04-11 19:59:39,2018-04-12 11:38:32,2018-04-17,62fa7db3109aadfd95bb2a1c4d236442,2018-04-05
317f677073cd35ced91d8e59ce483b0e,f89c1a6b9c966869e441e55bc14acddc,delivered,2018-04-30 01:37:30,2018-04-30 01:50:09,2018-04-30 14:12:00,2018-05-07 18:08:53,2018-05-22,809353196a0456095716566dd226bb48,2018-04-30
77aa52452b1fc7afb9b3438922e09668,2c09e8cb71e877e5e079fcafb4c75342,delivered,2018-05-09 16:53:41,2018-05-09 17:15:21,2018-05-10 16:01:00,2018-05-11 20:59:06,2018-05-22,fb76aa9f6ec9c8ef364f27d3007fe38f,2018-05-09
f325e51d89497ec9679f6419ab7a3c13,493cbc38a238479a61a6f6a5fdd90ff5,delivered,2017-09-08 23:32:18,2017-09-08 23:45:14,2017-09-12 21:44:29,2017-09-18 16:00:13,2017-10-03,6692c140ae0376634d0ccdeab167d82c,2017-09-08
1a03dc5bbc2707562b5874fa0253154f,c5aa7855884fd94df7d46d99cd88072f,delivered,2017-10-26 17:13:23,2017-10-26 17:49:09,2017-10-27 21:53:37,2017-11-03 21:47:56,2017-11-14,371fb2f33bf1c61a176e937e60c401c7,2017-10-26
ffad8105f74e3969cb02c795aa3ddd50,41ac8b87ee6dec2f7c9980f71760a0bd,delivered,2018-02-26 16:51:34,2018-02-26 17:41:05,2018-02-28 16:55:50,2018-03-01 18:59:06,2018-03-12,26000736bcaafc7b80f7e4f1f907567c,2018-02-26
f22ca19cddb72bc1f6e77cfc65d02b7d,4a1bdf4fac99c14d55e6a7caf7068d46,delivered,2018-05-17 19:14:42,2018-05-18 01:17:38,2018-05-22 12:21:00,2018-06-05 12:38:54,2018-06-18,1a2556d218fa8ae4904d75adcd5b4806,2018-05-17
4f05cb36ebddf2978e8e2460f4a4b8f8,43ce867c43cb5fcca56031358d7e7413,delivered,2018-03-01 16:30:05,2018-03-02 16:31:39,2018-03-12 14:34:25,2018-03-14 16:58:32,2018-03-28,5b5f6e7aa7816161442a4186bd4b1656,2018-03-01
7bd19ecee26cc113eba393a92a3e7ec1,eee8a9afaee7b8fda3037391f9bf3f19,delivered,2017-06-13 23:43:07,2017-06-15 02:45:16,2017-06-16 12:55:41,2017-06-23 13:22:57,2017-07-12,03e0c51cc3401735e5a8861d9bda1a79,2017-06-13
2d0a9e6d2de5c45b98c59fdd868f2076,bf0233a486e102239a5d72d15d5b0b5b,delivered,2018-05-15 19:38:22,2018-05-16 03:34:00,2018-05-17 08:20:00,2018-05-22 12:48:37,2018-06-04,e29ebd785adfdec69ef56e08c5599ff7,2018-05-15
3f4870bf4008a2351a4855a865c454c7,684847bef2aaa42b7bcb23e433884e44,delivered,2017-07-04 00:22:04,2017-07-04 00:35:09,2017-07-05 10:27:52,2017-07-12 18:34:41,2017-07-25,b41e557a3185bb744f45d7402867c942,2017-07-04
48568f2508e7bb655a607258e5b7a941,50da1de48ef66bb80ccf7a79e98f697c,delivered,2018-02-23 12:38:37,2018-02-24 02:51:16,2018-02-27 18:00:08,2018-04-10 00:43:07,2018-04-11,db5fef9a80719fb3c4417aac6f847ab8,2018-02-23
e339dedb65f3cb8513ffe6dfa54addae,ba6085df70c57fc78776a938b55bea2f,delivered,2017-07-02 14:52:06,2017-07-02 15:05:14,2017-07-03 13:36:37,2017-07-11 19:12:21,2017-07-25,dd25ee49beb12eff932001d52c7bac97,2017-07-02
2528fb34afc8310d8f94f0c29aa72e4e,00c3e2f6fe2448015cbd44f4b7814273,delivered,2017-07-19 19:40:58,2017-07-19 19:50:17,2017-07-24 18:22:31,2017-08-03 19:25:37,2017-08-10,84ca742f08b69a3cff5b18ffe90551d3,2017-07-19
22b559721353b303d170debdcd4b58c8,954a6423f0d2b7bea00783fe754b7d09,delivered,2018-05-24 16:32:54,2018-05-26 02:31:54,2018-05-28 13:33:00,2018-06-04 23:29:30,2018-06-26,ed7e58e8a165dfc7d5d9a1de51e9dd88,2018-05-24
11dd41a0dbb00ead97fe3c687ce9857e,d3f8e795d5282ebf466fd3d59b17ede3,delivered,2017-09-24 07:24:43,2017-09-24 08:03:57,2017-09-27 11:34:25,2017-10-09 20:50:23,2017-10-26,4734fd2edba523ebe48a3ea2b4681efa,2017-09-24
385408894abaef5ea2b48046ca02f823,18e2faab25e5ef1ffc283ef3775b9a87,delivered,2018-02-15 11:26:54,2018-02-17 03:47:43,2018-02-21 16:55:08,2018-02-27 17:18:54,2018-03-08,0856d049bb504667a1a2c34d75af0061,2018-02-15
b211184b294bc46861ba034d76f2bf79,24d73607e41d0612c0183973e08f211d,delivered,2018-03-13 19:13:51,2018-03-13 19:30:24,2018-03-15 23:41:25,2018-04-04 20:57:35,2018-03-29,aae31ecc3f2805fcc4890910744da4ed,2018-03-13
a425d9ae82dd1c3e17ee1ec6e6c0757f,2d501042279d9347f808c2274f791276,delivered,2017-04-29 15:20:34,2017-04-29 15:35:15,2017-05-02 18:26:00,2017-05-11 13:33:53,2017-05-23,96fe338efe938c699955775b9218b78a,2017-04-29
bbfb7c72fb40d3623c225c5b1bf1e989,659e0694be1d9cec20766d24e7d93d9c,delivered,2017-12-19 19:13:35,2017-12-21 10:49:42,2017-12-21 20:24:46,2017-12-27 16:06:21,2018-01-08,5909007728bb4419369bda44971312d8,2017-12-19
fdab24bf4e3d761c7072e39c69308da3,c57b4ec1791188f1d3b38bc85b208a3c,delivered,2017-05-01 19:05:18,2017-05-01 19:42:22,2017-05-05 11:42:27,2017-05-16 10:42:57,2017-05-23,08356b77e4dd0fa07cfadac1a45eaec7,2017-05-01
f30d4e114f279d76688a6a27b79bef2b,aa5c0aaed0105f447bd7e6198ae88108,delivered,2018-08-24 18:18:05,2018-08-24 18:30:24,2018-08-25 09:00:00,2018-08-30 00:08:50,2018-09-10,115f80601d2669f3a6433d53d88a3112,2018-08-24
62dedcd31d4b3c43f9adbab2d7fd84d4,8db99cc78f0035b7027d4d5da0466cdc,delivered,2018-07-30 23:51:39,2018-07-31 00:24:16,2018-07-31 14:52:00,2018-08-03 18:13:33,2018-08-14,5273b85d23730ed771fe91b0abd9108f,2018-07-30
600a1cc5fe241900d619ca1ee2f3be2a,a8450fbdf52fb6fb3f3f53b03ca99ecb,delivered,2018-05-11 15:16:39,2018-05-11 15:37:48,2018-05-15 14:07:00,2018-05-18 22:22:34,2018-05-30,2c87baa0d0e26d8c579e587a4bb8fea4,2018-05-11
63a82c6ebb8ce1c3327cf686be3c4a6e,4f65f6d688e904125fba1e3e87c75214,delivered,2017-10-01 13:52:25,2017-10-01 14:07:15,2017-10-03 17:32:16,2017-10-06 19:17:59,2017-10-25,5e632447630ea07f307e39fa5d82b0e8,2017-10-01
f32b6e419ad4d1e6b79e4ec5a00ec04b,7b16a7b38ec55ffe9998a48d2b86ca0a,delivered,2018-07-05 12:43:54,2018-07-05 16:14:52,2018-07-06 10:17:00,2018-07-13 20:03:22,2018-07-24,99a7ad7457839b677ef376fd60efb9fa,2018-07-05
90275eeca491639c0cc2d4095a60b2c2,baef940a00ba067871c199dbe8212204,delivered,2018-06-23 10:49:55,2018-06-23 11:14:55,2018-06-26 11:53:00,2018-07-05 18:11:38,2018-07-26,01f163c912209bc42fd9c0e169e8039e,2018-06-23
eb188a175542057d90b3ca5628b7b5a0,1eda56b47988d592fec945da9ee88c56,delivered,2017-02-18 23:26:24,2017-02-19 01:02:43,2017-02-21 07:07:39,2017-02-23 09:23:57,2017-03-21,551a43d7e0bb14426e6ca28d7eec8463,2017-02-18
a300439b291baea25827908be1277e29,343dde2a5e6b279975895db15e6e5483,delivered,2018-03-07 13:46:50,2018-03-07 14:09:10,2018-03-10 00:22:40,2018-04-11 00:10:48,2018-03-27,fd03b898d944f5758b02998d9da6092d,2018-03-07
4745c32df5349a726f97d2a85aa32b40,861f6faa36ba09bea7e2c2e336ab2e30,delivered,2017-12-21 16:46:47,2017-12-21 17:30:54,2018-01-08 15:47:21,2018-01-09 17:13:33,2018-01-16,d7ff655e4b7669b04b5eb09d2a752982,2017-12-21
7a26da3fd67188dde4c9fecdbfef740b,76cfe789c1b55bf71f7aff5ad2d72cf6,delivered,2018-04-02 18:14:47,2018-04-02 18:30:18,2018-04-04 10:48:44,2018-04-09 18:36:29,2018-04-18,04b08ed14e6fd1812c21314c07512758,2018-04-02
008d9bf350ff02ed444b3452cf3f57e0,84f30d2805ae1bddbe5deefc84c80cd0,delivered,2018-06-04 08:57:02,2018-06-04 09:11:48,2018-06-04 12:19:00,2018-06-13 19:24:52,2018-07-11,0511b00dba27c937d7c1b15aa385359e,2018-06-04
5719565c136a2498b696dba86c086251,b7aefa4277bb9716bdf005f558fbf84d,delivered,2018-06-11 14:50:15,2018-06-11 15:19:57,2018-06-12 14:03:00,2018-06-14 20:42:56,2018-07-04,cc9e8cdb0f91a8cd3e711bd2088c5f52,2018-06-11
a25b9ed9a3a53f53489c105482625129,22a7b639ea009c1e430eb43244204bda,delivered,2018-06-21 19:04:30,2018-06-21 19:21:35,2018-06-22 14:41:00,2018-06-25 15:56:52,2018-07-18,99897fc63e00fd2cdc6d2f3ab36af9a6,2018-06-21
5644acc16afa3e61aae7f559e573ccbe,a62e61fe0911e6f25ece6491d2dabf65,delivered,2017-09-18 20:42:07,2017-09-19 20:35:17,2017-09-20 21:23:13,2017-10-03 21:13:14,2017-10-13,57f023500c99a1970c9366e719147581,2017-09-18
9196f9de64c5c6b2229e9ffe2572d328,b834ebad1af8421ec606cd94cd8ecd84,delivered,2018-04-16 14:27:38,2018-04-18 06:32:20,2018-04-18 21:58:29,2018-04-23 20:38:29,2018-05-09,29ef4cf50f1055fb00374424f0ab1870,2018-04-16
cd16e890b276ec7a7e2e93ba379339e1,001028b78fd413e19704b3867c369d3a,delivered,2018-04-12 12:51:28,2018-04-13 12:50:28,2018-04-13 22:05:03,2018-04-16 19:16:36,2018-04-30,e57a935f49ffd73b93c18eaaa04efa84,2018-04-12
0f845aa8f4dfa5eab70f31813b6f5ffb,1942836c2cf756f6ce519e15b8623d27,delivered,2018-05-21 22:59:51,2018-05-23 02:38:27,2018-05-29 07:16:00,2018-06-07 15:59:24,2018-06-20,89386620c76b5a219e68896ce4c3ff08,2018-05-21
9447715ad192d3c877e9dd56205c66dd,7d84bbeca5122dc5bde314dee413ac26,delivered,2017-12-19 23:28:46,2017-12-20 09:51:46,2017-12-21 18:08:38,2017-12-27 20:28:15,2018-01-12,dec5217f924eab1dae338b9b54f53558,2017-12-19
7e0f8681296df43a561897448828f476,b257997a1becf344c617bb61240ad14f,delivered,2017-12-05 14:48:08,2017-12-05 14:59:30,2017-12-06 21:35:34,2018-01-07 19:17:20,2018-01-04,aa55fd1328245d3aa3b2e7d76e04554d,2017-12-05
83e34d8a4210318b0fd15ce71350db6d,2bb1ca726bbc111af8afc9de186d9028,delivered,2017-10-20 20:09:49,2017-10-24 03:14:59,2017-10-25 17:07:51,2017-10-31 21:33:25,2017-11-13,070fc3a698468d2f25d4fc6d2b76dbaf,2017-10-20
6d6783e9e03bc56ba0d4f018d45babe3,eb9f43bc3cb1915ba52ea755eddad3d4,delivered,2018-08-28 19:27:43,2018-08-28 19:43:57,2018-08-29 19:02:00,2018-08-30 18:22:47,2018-09-05,c45221bb4573f66bdd4daf43fe2d4b3b,2018-08-28
83935760815a1020837d21238c7b9c10,b49c411a86a3ac9f2af4fd8987768e4d,delivered,2017-05-17 22:08:14,2017-05-17 22:22:35,2017-05-19 15:16:58,2017-05-29 16:28:40,2017-06-08,a74b68589426253c82a97d6eae20550d,2017-05-17
61c3073707aeb0763a028eb696085d02,e7db0530c950f6fb98b796f0d2ff3757,delivered,2018-07-02 18:10:34,2018-07-02 18:31:15,2018-07-03 13:30:00,2018-07-11 21:46:27,2018-07-26,9cc80b2847703838fb0ced286f2e03a4,2018-07-02
d2cbe14a29b243f01171170540ddc94d,ea5a701c34fae54a0179667dcad5dae3,delivered,2018-03-09 17:19:27,2018-03-09 19:00:32,2018-03-15 13:12:34,2018-03-19 20:42:00,2018-03-21,2ffb7a06b085e1816d81d1567c221127,2018-03-09
bd2909853756962cac320dd9c00dc8b1,772f51102a1110989a91e1d3a62a8ef2,delivered,2017-12-27 23:51:24,2017-12-27 23:59:20,2017-12-28 22:47:25,2018-01-04 23:19:04,2018-01-23,d7b66c27f706dffaafadbbbb84b704b8,2017-12-27
ca61177bf561a85529ab68e6e3870b34,f667db04148a1a36897d6d635abaf788,delivered,2017-12-21 16:30:15,2017-12-22 02:51:13,2017-12-22 22:09:49,2018-01-03 20:52:35,2018-01-17,ccb2784b542ff802b2f24f466ff8afe4,2017-12-21
41a6e516105939d8e985a14e2f9d534d,504f3501a3b70a047789d62573c71375,delivered,2018-05-05 17:27:52,2018-05-05 17:50:50,2018-05-09 15:48:00,2018-05-16 14:33:10,2018-06-01,60c21e5540a01e56a5abb3ae7158fc14,2018-05-05
28a90e83ad0833466ffd4c3fd14379aa,fd3dc25a11b7d0957569a93d6fdfda07,delivered,2018-05-11 14:31:51,2018-05-11 14:58:09,2018-05-14 14:20:00,2018-05-18 21:12:02,2018-05-28,06fc46bc1782b92141eb4c2de72a8096,2018-05-11
13a4e0efe42392b2ee22601883f47d24,501e5b016fc09bda702e55fec5be78dd,delivered,2017-01-17 00:16:14,2017-01-19 02:11:02,2017-01-23 13:43:59,2017-01-26 06:45:01,2017-02-27,0f69b4a32db912773a707dcf9659450c,2017-01-17
75d15ff9864a6a791fd0830a813aa491,5bcf4a14ed83773bd087b30811f9d576,delivered,2017-12-04 16:05:05,2017-12-04 17:41:08,2017-12-06 22:34:14,2017-12-12 23:28:47,2018-01-09,9acc55f5e1dfa32d5f67a4284c70cb9a,2017-12-04
48277434cd5835268d90e306c8233d3a,23d661035c54c208be4efe7ceeba7821,delivered,2018-04-05 10:33:22,2018-04-05 10:48:27,2018-04-07 01:18:31,2018-04-12 19:41:32,2018-05-17,a69d0d5084c48fc9a9eca585da0a2475,2018-04-05
2b41a3b768bdb66c8a67b20623aaaf78,f7890ae6447233ac18ec39dbed309b13,delivered,2018-02-12 20:16:39,2018-02-14 13:07:35,2018-02-15 18:55:20,2018-02-20 21:18:31,2018-02-26,2dd7f52683f631651a5d94056935e1e1,2018-02-12
5f4512de765229b8d671ce5a2d28fc68,74e6e002a159fe9ce9775201287f7200,delivered,2018-04-12 14:54:07,2018-04-12 15:35:19,2018-04-13 19:11:19,2018-04-18 16:36:44,2018-05-04,71a26c172a544ccc789674f1fab9d951,2018-04-12
1399414876559adb251d9ea3e3b570df,97997f46442a864ca0dc6180d3907099,delivered,2018-01-03 17:46:17,2018-01-04 05:23:13,2018-01-24 10:56:35,2018-01-30 23:53:14,2018-03-14,916eab4910e6e69446d9338f4dcc9148,2018-01-03
0606297cba03ae6663495514f5bdae0d,1dfdfd9d483bb80b1694e927fe6a8fa1,delivered,2017-11-25 14:19:32,2017-11-25 14:32:50,2017-11-27 20:54:39,2017-12-15 18:07:08,2017-12-20,f0d5f6b6b48d4e1599420b22ff2de1dc,2017-11-25
7f36414d61095a13bb7965c9dcebef06,1e28f4546fdd6cdc075fd5700552404b,delivered,2018-05-06 13:26:38,2018-05-06 13:50:08,2018-05-09 13:42:00,2018-05-11 19:54:39,2018-05-25,7f0c0fa2f91258466e38fab9dc373a7d,2018-05-06
735cd7df0237de24454fd5b5b4195515,d5f332ef078c9a508dd28e6da1fb0dee,delivered,2017-10-19 12:25:50,2017-10-19 14:27:02,2017-10-20 20:13:12,2017-11-03 18:17:58,2017-11-17,9c5e0e7b43f0fe8b0a8cffe4ea4e4fe7,2017-10-19
5d17efea0be94cdb2964031a1eab75dc,7e531f641ecdf9f963183853812cfb59,delivered,2017-03-13 10:57:14,2017-03-13 10:57:14,2017-03-20 02:47:41,2017-04-05 12:03:38,2017-04-07,16cff086e2d423012029e5202360d7d2,2017-03-13
d99c72513d6238909b57399c840fa8ef,dd95bfd2410a54c97b63e01887047d83,delivered,2018-06-26 12:07:26,2018-06-29 05:10:07,2018-06-29 14:42:00,2018-07-03 16:32:49,2018-07-20,dfbf27046730e7663a8a31a5a8f05ebb,2018-06-26
7b9af3037e0cb2e52c45aa906500e759,080057201f39d382489e755ecfbda440,delivered,2018-08-08 10:48:41,2018-08-10 03:25:44,2018-08-10 08:34:00,2018-08-15 20:38:34,2018-08-22,7d1e8d7edd852e45bc70c0d90a57c0d3,2018-08-08
5f6336571c2c474d5cd8e7ceb3d080ee,be4995c72f2904cfabe60a93e349ddb2,delivered,2018-08-14 17:49:17,2018-08-14 18:44:05,2018-08-17 13:29:00,2018-08-30 14:58:45,2018-09-10,4f523ca052c08e13b57054e72b327da8,2018-08-14
c6f2bb89d71562fe3ce462309140cb5e,e4bd3ba6e36d2562f946ed90035c9c3e,delivered,2017-05-23 23:11:46,2017-05-23 23:23:03,2017-05-26 08:27:50,2017-06-05 15:00:01,2017-06-14,9e0c2f57faf8e4c16af890eab3100099,2017-05-23
3f0d61c44dd01ad249fa7589cbdcb8b3,66f3cdf21a684771cc01fc141d5b0546,delivered,2018-05-20 13:13:12,2018-05-20 13:39:05,2018-05-21 11:46:00,2018-06-05 21:08:35,2018-06-11,32153f0c05ad2bbca95ff1e2596badc8,2018-05-20
33afe754f48de3e2e8abaf42f1d6281e,888b89909b823773e3a9676f72cbdc2a,delivered,2018-07-23 10:52:17,2018-07-23 13:31:23,2018-07-25 13:54:00,2018-08-03 17:41:40,2018-08-15,fb3052d29cb67e5c4b22f9a44ae97fba,2018-07-23
be8b6bb87fabe5bece6e7a3ecc1f1f8d,403c76bf4d3111f8c5518ef8ae0349b6,delivered,2018-03-25 18:44:43,2018-03-25 18:55:29,2018-03-26 19:58:58,2018-04-25 19:44:57,2018-04-19,679539028487c610a89de1494fef40da,2018-03-25
22cbc77349f8317cd8c241cd2a482887,585cad61ca685e4666626e48a51a8f71,delivered,2017-05-15 22:22:23,2017-05-17 03:45:32,2017-05-18 16:31:54,2017-05-30 13:27:51,2017-06-20,e3b3801b55ebef8e67d88690e0a42a1a,2017-05-15
00169e31ef4b29deaae414f9a5e95929,efb3830adb68fb8a89c948774388ec28,delivered,2018-01-16 09:26:39,2018-01-17 03:35:47,2018-01-17 16:46:04,2018-01-23 20:19:04,2018-02-07,577edb526f98771b20d6db4a51d79423,2018-01-16
53dd1c638fcdfafab87a7fdc67ae58ff,59003be5628cf5bf2b08992a56612c5b,delivered,2017-09-14 23:41:09,2017-09-15 00:20:19,2017-09-22 22:41:53,2017-09-29 18:52:28,2017-10-04,b200e74167aa19d6ac5814038e96586c,2017-09-14
1ab14cf1dddb5af11ba2016a5368c210,11fe21087f1e201984ec555d30d80c9b,delivered,2018-05-08 11:36:28,2018-05-08 11:50:55,2018-05-08 15:23:00,2018-05-14 23:48:48,2018-05-30,c324beae17c071a7d94b993a12cf39c5,2018-05-08
b485e99d1c3896c44eb56886216fcd01,5b58f75e65bdec4f6767eb82f2c84e66,delivered,2017-08-04 14:38:32,2017-08-04 14:50:19,2017-08-07 23:32:24,2017-08-14 18:19:57,2017-09-01,146265db442ac781517deaa33d1be2d0,2017-08-04
3b5b84c98dba2f787fafb6b071389e2b,a9a94ae0e5ebf32b5e7325347d46916e,delivered,2018-03-30 02:22:25,2018-03-30 03:08:45,2018-04-03 18:38:45,2018-04-09 19:13:31,2018-04-26,d15093ec7ba3961aef7dc940689a5413,2018-03-30
de02851d6bdb931fe9bc90c4f92648b9,4cb7804e8b8f5b45c45e454bc16ad5a6,delivered,2017-10-25 21:59:09,2017-10-25 22:14:16,2017-10-26 18:03:32,2017-10-30 15:51:48,2017-11-13,afbdca22030c5003a66f149acf874203,2017-10-25
b6e2dffc706175b324dd0915ce5ff492,84e212184c0d851444a3ffa36fbc329c,delivered,2017-12-29 09:32:08,2017-12-29 09:39:33,2018-01-04 13:10:56,2018-01-09 20:10:07,2018-01-24,5a31a11a58a5d6d99a7c68758d38f07f,2017-12-29
9c6aefa5cff43aaa6ab742a0dfc5c1cd,c62da1081c1f87e25a54351bda880be9,delivered,2017-11-25 00:59:05,2017-11-27 00:56:20,2017-11-27 18:48:04,2017-12-16 01:23:14,2017-12-22,e73ccd01efa72e05476abdfa25f36208,2017-11-25
144a5ef7256b54349a17954a14e72ad2,a3c069769e59c90df2a90c7076177988,delivered,2017-07-06 16:49:49,2017-07-06 17:03:41,2017-07-07 16:52:37,2017-07-17 20:59:28,2017-07-28,94bf13c9cc84e871b35b9fbef57305d9,2017-07-06
4020cb1ac77d7c6009ac62522296521b,efc42251198a2ec27b3d2235e199a289,delivered,2018-04-16 19:41:15,2018-04-16 20:11:26,2018-04-17 23:48:45,2018-04-23 14:14:26,2018-05-08,9b33eaeb706400af03a3d2c90e822ca8,2018-04-16
8cd863c5d05bcd7ee0e77483f1ec15e9,aeecfee67c06877f64d2f6dcb5e94338,delivered,2018-07-31 01:14:22,2018-07-31 01:44:30,2018-07-31 15:07:00,2018-08-01 19:51:20,2018-08-09,a9cf937719d2881fc6841f36dd5a709a,2018-07-31
6bc89d34dacd57b50c7d5c2e0ba6a41f,143f5cdd375fa964c0659303ee354e69,delivered,2017-04-13 00:43:08,2017-04-14 00:50:24,2017-04-25 15:00:46,2017-05-04 15:43:49,2017-05-16,915f178b164c3b938690ecfaff3896d9,2017-04-13
203f106e5b8bad1587426f019709014a,6d32e15ee697f3a2ab5f26b82ff8ed0d,delivered,2017-02-03 16:45:40,2017-02-03 17:01:52,2017-02-07 08:55:41,2017-02-20 16:58:50,2017-03-08,88bfdd41dde06aa9750778a2768e17d6,2017-02-03
cc68db472e6aa971b19ecb519fbc486e,fe1bccd55c91b596c92bcc1401408594,delivered,2018-01-10 11:38:12,2018-01-10 11:46:24,2018-01-10 20:37:47,2018-02-05 23:07:40,2018-02-20,2de3c52d71a127ef29e31067f8216447,2018-01-10
05232fb1e414a006d6713c23f5cde5f5,bcff000958a18b5cf3eca5da492cafb4,delivered,2017-12-05 23:46:28,2017-12-05 23:57:33,2017-12-07 20:08:46,2017-12-21 01:08:49,2018-01-05,90543929698b636417102dba4ee5fd8f,2017-12-05
3249b34ae4cc68e38502abbad5c972b7,884f01ad93a91d7ecabf32bf1cf7ba6b,delivered,2017-10-09 08:13:06,2017-10-09 08:28:17,2017-10-11 13:14:08,2017-10-18 19:57:43,2017-10-31,3324d264740a7dd68bceb9ca509585a4,2017-10-09
68fed8c67c135afe92f670687163fafb,e9a689ba0543eacfd32922f7195fbcc8,delivered,2018-05-25 08:27:32,2018-05-25 08:54:56,2018-05-25 15:30:00,2018-06-01 21:06:52,2018-06-19,93ff262b3365b5aa5ed38f8e2f24e1d3,2018-05-25
1bac02bfdd8111598166cfd80270ae29,62d617e5566fde7de00fff64424c0700,delivered,2018-05-03 18:58:59,2018-05-04 11:35:23,2018-05-04 14:43:00,2018-05-07 23:57:06,2018-05-15,a4a5ef8631e3c093be87b6aa158aab1e,2018-05-03
3ea8ef64da06a959e384edb7cb824c02,0033823ee55671ac5317d423291333c2,delivered,2017-05-29 19:02:27,2017-05-29 19:15:14,2017-06-01 10:56:42,2017-06-12 11:33:43,2017-06-23,95a3ac562ffc17755618fb67ce57ef9a,2017-05-29
a80d320548df722e3676bfd8d636825e,53b4516c100c3d43ffedcef633837511,delivered,2017-09-14 20:24:21,2017-09-14 20:35:13,2017-09-15 14:44:53,2017-09-18 16:27:47,2017-09-26,149e4794f44ec9cd261d9b42062d0cf1,2017-09-14
637617b3ffe9e2f7a2411243829226d0,daf15f1b940cc6a72ba558f093dc00dd,delivered,2018-04-17 21:08:59,2018-04-19 02:51:20,2018-04-20 18:36:36,2018-05-09 17:48:56,2018-05-17,37bc3d463e2a0024012a7fa587597a3c,2018-04-17
6f6e2ce5689b7ab446f49cb9c77766c2,937df3bab5c65f9b4e9c9c0ccffd9e19,delivered,2017-04-22 06:51:29,2017-04-22 07:05:06,2017-04-27 10:49:37,2017-05-11 11:22:14,2017-05-17,814913092dadcf67dc28e01b22f2dbf7,2017-04-22
c31155a9b6de97ba99fe346647cf993c,2b2806da6dc394562e9de965a3a11ac9,delivered,2018-03-28 14:42:51,2018-03-29 14:35:20,2018-03-30 00:12:06,2018-04-05 19:46:46,2018-04-20,947e80d8e1b7b590e1aace0ac4ad9b05,2018-03-28
a36c2d374f8bda87f5ba07fe1bde98e0,dc8fc92aa4abdc1cd1d7a9a78cb9a965,delivered,2018-02-16 16:03:16,2018-02-17 03:47:48,2018-02-20 14:43:27,2018-02-28 17:28:58,2018-03-15,9a1e55d72c528fcc8baff2302e95a5b1,2018-02-16
ef6f25d7157243ccf3dea7d938259533,3b546120eb8477a0567d5a5ca7909be3,delivered,2018-08-13 16:25:09,2018-08-13 16:35:20,2018-08-23 15:41:00,2018-08-27 13:58:41,2018-09-04,f4fe5603c107e6f5926b8a2f740f1512,2018-08-13
692e7d25750bbb62e2dff64355fe3146,0278a505d18fa47752b1eab567f3427d,delivered,2017-09-21 14:54:50,2017-09-21 15:05:41,2017-09-22 18:01:22,2017-10-02 12:37:06,2017-10-20,b9c0e247b0c00a60e53caaed79e7bba9,2017-09-21
4c7ced0f699389f760f6bee7e99f7b35,0576e8612f860998448171bf9dc835b7,delivered,2017-11-11 19:05:21,2017-11-12 18:55:32,2017-11-16 16:38:56,2017-11-29 11:46:59,2017-12-06,aa2dc299bd56aea7e298c4877f03603f,2017-11-11
47d142852e82970e78f1ed02c1dfce94,c63812833200850d116bb2ba25ad634d,delivered,2018-07-23 07:42:39,2018-07-23 14:30:51,2018-07-24 13:34:00,2018-07-25 17:36:46,2018-07-31,0e7605b7d6890bb5d98446a80b91bca8,2018-07-23
60a348897e04524c8ab3287426da6417,525185a800077c70130ecd1c22addb06,delivered,2017-10-27 12:21:31,2017-10-27 12:47:53,2017-10-31 20:22:02,2017-11-16 11:42:02,2017-11-16,22977d88ea5af29e55fc4907372e7d0c,2017-10-27
4dd08fa7dea495346c25580cf491fd79,b4208e59160fc4671c6afaa7feccedfd,delivered,2018-08-09 16:18:52,2018-08-10 03:10:16,2018-08-10 14:51:00,2018-08-15 12:48:52,2018-08-24,e3a838bd588ac1fdd5cb746c5ff1753c,2018-08-09
a92cb0dfef8b722e7edb2b8945fd8baf,1d0bde0533c8bc42fc1362a0bc554429,delivered,2018-05-31 13:19:59,2018-05-31 13:35:23,2018-06-01 12:23:00,2018-06-04 13:08:31,2018-07-04,986853e98cb74a8941e541d9921b79c8,2018-05-31
5cbaf38c240e82434c90a2148f37e94b,9e149ead4e8efd723112fd08d4896958,delivered,2017-02-27 16:22:04,2017-02-28 19:18:20,2017-03-01 11:05:58,2017-03-07 13:52:54,2017-03-30,0bf27545a831ec9676340db542744857,2017-02-27
672a44c865b08663fa3f86a6375d3148,e460042becce84828aec56a0555678a3,delivered,2018-06-11 19:33:18,2018-06-11 20:04:17,2018-06-12 15:24:00,2018-06-18 20:04:40,2018-06-28,e83c62678a1ff461d5e490c3e8e6e28a,2018-06-11
9387dc46ae037c9d7eeec8ec1ace0f10,2d315bbcfcb641c8248712be4ac56c0d,delivered,2018-05-17 14:35:04,2018-05-18 15:55:50,2018-05-21 15:26:00,2018-05-30 16:38:01,2018-05-25,782f78691d986d45ed2341715082b993,2018-05-17
60cd7b656f5e4ace4f4b11ba6b39e4fe,683db7d231b2f8f30f176d21d104cfe3,delivered,2018-07-05 08:02:12,2018-07-05 16:23:36,2018-07-24 14:09:00,2018-07-25 13:38:45,2018-08-10,40b9180b6b4c971a61c283bb11c4905f,2018-07-05
e3bea81999f3dbfcd2872b964a00fd0f,4942dc4df4b4eb16690470416a23347a,delivered,2018-02-22 08:42:56,2018-02-22 08:55:58,2018-02-22 20:26:56,2018-03-03 14:05:45,2018-03-19,6dc066672ce9c262e5144f7522a6962b,2018-02-22
f651e8c2795e4c1c5d57d80aef065441,4cd910358d310c25ab7a6a3326898e5f,delivered,2017-04-22 03:14:19,2017-04-22 03:25:12,2017-04-25 13:10:30,2017-05-03 13:00:08,2017-05-17,ba402ac885df83d973295b08e41e542e,2017-04-22
cb4e50b143da325eb1ee32b9ecd0c80b,5cbf392c26fa4ca8ea3458caf194b31d,delivered,2017-10-04 17:39:29,2017-10-04 17:50:00,2017-10-05 19:00:08,2017-10-10 14:49:22,2017-11-01,c5e3b10e4c355b102984ee3b7f754463,2017-10-04
7389bceecae734fba2734abb0d23df23,1e54b20747fcea4c173e88cf3d2a5638,delivered,2017-11-22 21:22:48,2017-11-22 21:30:28,2017-11-23 15:16:57,2017-12-19 00:53:37,2017-12-20,6c00be4254d1eb004cc27b4ca43fba07,2017-11-22
234b6c84609fdd57caa4701bc727cf16,a3b89ed684a89e1918840c838578b136,delivered,2017-10-14 11:39:40,2017-10-14 12:20:10,2017-10-16 18:33:11,2017-10-19 19:20:02,2017-11-09,14da2fda4f6f39272f9aa1c96c9e11a9,2017-10-14
77b85146fc12a34dd81ef54524f247b2,b314ce6682d125675e0981115f658d98,delivered,2017-11-21 12:32:07,2017-11-22 02:47:02,2017-11-23 19:07:50,2017-12-08 00:14:27,2017-12-13,2592789c0e70f4d2af39afae4dd431ec,2017-11-21
6ae15c99eca2bc6444d358fd9f44e5bf,529466a3f8698370a8c824b088a9ba07,delivered,2017-12-16 17:47:09,2017-12-16 17:57:24,2017-12-18 17:26:57,2017-12-23 17:54:42,2018-01-16,5b2a590fc1bf75d1dcd0b4020ddc8a5f,2017-12-16
434ecca6e51ec65c7ed71199313ac9e1,af885bebe2a7735c3aee36d538ada841,delivered,2018-08-22 10:06:11,2018-08-24 03:15:09,2018-08-24 14:23:00,2018-08-29 18:17:31,2018-09-03,5988eceb1e86a7162dbb279ed2401a8c,2018-08-22
bd097e5fba6d060c0adb69b8865b1dfe,85881a5707acccf34192b197804bd5e4,delivered,2018-01-27 12:04:16,2018-01-30 05:31:32,2018-02-06 23:36:44,2018-02-14 18:59:39,2018-03-02,2c961ee955abb3ac9a80babd54ed4156,2018-01-27
2440d6cd073dcb69c790ef224363ee88,84ee64fe92208c223d2c3ff8885543cf,delivered,2018-03-26 06:56:38,2018-03-27 03:55:07,2018-03-28 18:04:08,2018-04-09 19:35:30,2018-04-19,dfac993467744a17eb110ad94d0982f0,2018-03-26
4321bf26c064204859cdc39a9fd479ee,908265335da82f437cdbe86dc7b2b0eb,delivered,2017-11-05 23:05:51,2017-11-05 23:26:55,2017-11-08 21:32:03,2017-11-21 22:24:30,2017-12-01,df18b55cc16528b438bed221135c2dd5,2017-11-05
360ebdf2cf29914195eff429ee928b19,e3f04f96d9439475b2ef363500be3078,delivered,2018-02-14 14:58:09,2018-02-15 03:51:41,2018-02-16 02:04:40,2018-02-28 21:25:15,2018-03-06,187a2122f6e55487c6ff0205d20b1674,2018-02-14
7ed0da14ccd5f19cd8f1461de5371f95,e6fc196ca78ced04d33694bdf30f424e,delivered,2018-01-02 15:48:12,2018-01-02 15:56:23,2018-01-03 17:08:53,2018-01-08 23:07:36,2018-01-26,8460bf49f07203471316700aaea57561,2018-01-02
f9ae26d365fbefe7d1d7510effa84d3d,0092ebfee8043dae610fab832e61acff,delivered,2018-02-22 14:48:09,2018-02-23 13:10:11,2018-02-27 20:52:14,2018-03-01 23:34:27,2018-03-16,d74dfc7a1504f45d7880c12e7f8fe142,2018-02-22
f9ba4a7646e78ee867081f9a098c3290,5a43a37dd0e6fc32b37baaf86f2a438d,delivered,2018-08-25 17:10:20,2018-08-25 17:24:29,2018-08-29 13:03:00,2018-08-30 21:32:27,2018-09-06,e17ffe64ded26a060871b2c6cb77dc69,2018-08-25
b9f036a816205e4339b9b1c914ea656b,91a32fc82f26567d0174ff10cdab0407,delivered,2017-10-11 22:22:37,2017-10-11 22:35:15,2017-10-16 14:38:06,2017-10-17 16:21:27,2017-10-25,97e53a6f2553dddaff8a5655e903ab00,2017-10-11
c0739e18e44f89c88bfbb497c5f11f52,5c217eec6be89d81398a0e1ff06c2673,delivered,2018-02-18 13:29:13,2018-02-18 14:30:23,2018-02-21 03:37:05,2018-03-19 21:37:42,2018-03-19,a6fa1b71549a6b0244d3c8141760492b,2018-02-18
af392a2dadd37ee4dbdbe2dbdf4682f8,7bdb98610c7d1bcb98046b29d8ee2f67,delivered,2017-12-15 16:55:06,2017-12-15 17:44:01,2017-12-18 18:55:02,2017-12-28 17:17:23,2018-01-22,a92605ec492805540520d3a73aaeeb6e,2017-12-15
af3dd257dffa86d6481ea590556ca509,095d1ff35f7db6828a8438d87f9c1b9b,delivered,2018-07-20 12:27:41,2018-07-20 12:43:33,2018-07-23 06:46:00,2018-08-09 20:46:39,2018-08-31,756812eb8887daa9a269e77e3baf38e0,2018-07-20
feb1bffbc0aa19c5d82a2d326737877d,667f26ced69e2ac1b07d7baabf2378c8,delivered,2017-10-04 23:42:41,2017-10-04 23:56:15,2017-10-05 20:39:56,2017-10-16 12:13:55,2017-10-27,0fc4eb5cd5c68c267d6fa1f8fbc9490e,2017-10-04
07144524b0b12343da7f0e7227dcb28d,d1ce617712697f57e7b0d079759b9bd9,delivered,2017-12-11 13:49:08,2017-12-12 04:09:40,2017-12-12 19:57:12,2017-12-19 18:28:31,2018-01-09,5d0561d60c773391e12ebedb4a56d928,2017-12-11
2f9518f273a6399fe8a94d78129fe404,7d05105156cf3f275a36a6dc8c5d479b,delivered,2018-06-25 21:24:11,2018-06-25 21:37:39,2018-06-26 14:59:00,2018-07-02 15:48:07,2018-07-16,858c371ab6f1a864c7989565abf512f1,2018-06-25
bdc8dbe2398cc2b77b8628177c7719ad,7ad886c06d1fec7bef7e5b62b00554df,delivered,2018-04-15 22:07:10,2018-04-15 22:30:02,2018-04-17 17:33:22,2018-04-24 17:22:09,2018-05-09,457a4576ad1939974d06c92f20d1df7e,2018-04-15
119c357aec19161dd3f526233913298e,866faf79483941ea67160074e03383c2,delivered,2017-09-19 17:52:36,2017-09-19 18:07:19,2017-09-20 19:47:47,2017-09-27 21:03:13,2017-10-09,48274d95cadbe3f16ecd3359957b19db,2017-09-19
edcfddeb9be8cad09b23188aec1f3fc0,b6db7d9f41c9446f14e55db357f4fe0a,delivered,2018-03-25 14:50:10,2018-03-25 15:05:19,2018-03-27 05:56:23,2018-04-05 15:11:23,2018-04-17,12a1f3d9e37e23f67cef3a828a0ba029,2018-03-25
190557ff9eb3797082b5279359cf7bef,87df1dc62d45a6d8cfce7cec5fcf84a0,delivered,2017-12-07 12:36:22,2017-12-07 15:43:19,2017-12-19 21:52:42,2018-02-03 14:48:33,2018-01-08,22430cab2d3b80065613c8784a1eed9d,2017-12-07
b1889be0f4217690c49cce852bfb33e7,d006a01c574ffd3a6a79bd403fe3e50f,delivered,2018-04-12 09:29:37,2018-04-12 09:52:21,2018-04-20 00:10:40,2018-04-20 16:54:48,2018-05-03,f8e9a0f6695f0531d29500ae65edb9fa,2018-04-12
39ae8b6363e0b01a0d2fa87271958af6,b454e9f53f74f6cfdc5d375477758c5f,delivered,2017-11-10 21:26:02,2017-11-10 21:35:34,2017-11-17 19:26:48,2017-11-20 20:48:33,2017-11-30,cb8eb8bac1b1e4a0906a9904dc662d1f,2017-11-10
ba8dd052f0697464c9b19669d50cf248,ae77c163c374034318661b9b9d780c91,delivered,2018-02-06 08:27:11,2018-02-06 08:49:40,2018-02-06 19:43:20,2018-02-08 15:48:58,2018-03-05,c506f1875ed3f91847ded01b6de248f8,2018-02-06
0cc61cbbb97b708ac85f95f24e7e4439,4ca7133216f9b31f80221af0636877b3,delivered,2018-08-03 13:51:04,2018-08-03 14:05:13,2018-08-09 14:03:00,2018-08-17 17:07:33,2018-08-21,63bedadba4446f63f14650e093665fc8,2018-08-03
38fd5de0bdcbb66b8c100656463bc730,8c1fc4f0160463f7192647792d749b83,delivered,2018-05-14 12:20:42,2018-05-14 12:40:07,2018-05-15 11:00:00,2018-06-04 14:22:34,2018-06-20,ba3268546f10cb154754bf784a9553e7,2018-05-14
1263b5bd7d073c9196702d47117ee5fa,f529a0fbe1ebd4622fb563b430cac7f5,delivered,2017-12-01 12:02:33,2017-12-01 12:31:27,2017-12-05 13:09:45,2018-01-06 14:18:30,2018-01-02,90db37be54fd796a0fa73b7678e8b795,2017-12-01
a56a8219728fdbdc71a20c07b77f1328,8f8b86d98300c3e0c6e84c4fcc8a4581,delivered,2018-04-09 13:33:32,2018-04-09 13:51:16,2018-04-09 23:44:46,2018-04-13 01:48:49,2018-05-03,6b0549ae5aa9d8289356b678ccad1409,2018-04-09
4c30ca1b003a7fb3999df965167d492d,a04be466d26664aa21a464efca20a9a2,delivered,2018-05-16 12:26:04,2018-05-16 12:53:51,2018-05-17 16:10:00,2018-05-18 20:54:46,2018-05-25,fbdb73892c8e05fb7be60b5eedaea946,2018-05-16
35f32d2298ac8db3508621c20afca845,8ca0eff4ed936034501cf36df9b639c1,delivered,2017-10-07 08:23:50,2017-10-07 08:35:19,2017-10-10 19:59:45,2017-10-26 21:07:52,2017-11-10,015dc4d69b97b8784298de6c9484797b,2017-10-07
6709606f3773c59d8bed53c0d9bb614d,0be4ccac4dad0eece92dc788cd5e9260,delivered,2018-05-21 00:26:19,2018-05-22 07:54:02,2018-05-24 14:54:00,2018-06-08 09:51:58,2018-06-11,383a372bb06ef1c032c7dc50636eee24,2018-05-21
8f49d00fac6d25b1dbdb0685ef43af10,1847a5181062817755a3763f35215e8e,delivered,2017-02-09 09:33:26,2017-02-10 09:35:16,2017-02-15 14:19:42,2017-02-21 14:47:32,2017-03-10,cbe098f4101456123cda23c8d6effb93,2017-02-09
9fe9c3069432a6611954d1e0d51d6873,c706d40d9c1e703d6c5f5342129f04d0,delivered,2018-06-27 20:40:42,2018-06-29 02:35:12,2018-06-29 13:46:00,2018-07-04 16:45:57,2018-07-20,187e4319707a349b79163f0eb1ef8e5e,2018-06-27
7d77cbd8b988f81a25289a02429fab42,75aa0f7b76847ca2b890f2e844a4df54,delivered,2017-12-15 21:53:01,2017-12-17 21:52:53,2017-12-18 20:41:39,2017-12-29 20:44:51,2018-01-15,a78ac4c81401f34d9743cc66368d650b,2017-12-15
9fdc5868fa877dc622545834921b69ab,619d38cef53788669e85d1d303c9b05e,shipped,2018-08-08 13:58:08,2018-08-09 04:05:06,2018-08-13 15:22:00,,2018-08-21,6123d235520aa66727fed83f985bd1a9,2018-08-08
1ac85a0c0cc899fbf1da0f2c83737fb6,213de7061519d5d6d610d6617bd2ca88,delivered,2017-08-25 14:49:25,2017-08-25 15:04:55,2017-08-29 14:18:20,2017-09-01 11:55:46,2017-09-25,6bac65c1eb8b3428da21911262a370bd,2017-08-25
84335fd0be72b2dd61ba2f73f389d28a,d21616a7f6c6949c83026ea92b5f8503,delivered,2017-05-21 08:01:54,2017-05-23 04:03:11,2017-05-23 14:40:59,2017-05-29 07:49:31,2017-06-16,a29ca82b322c504d2b21d483b91fefdb,2017-05-21
79aee5d2f7328b2d701eb4e87f54ce47,a87fd16f6038d768abc2e463f80071e0,delivered,2018-08-05 14:39:11,2018-08-05 14:50:16,2018-08-07 12:56:00,2018-08-15 20:17:00,2018-08-20,c2d0cbabc35d6c353a9b333d4c5dc7f6,2018-08-05
49e548b7ec1f515816b62230c96e8f74,fef52039b5d18cbb16606c9793a55101,delivered,2017-11-25 00:29:08,2017-11-25 03:19:21,2017-11-27 18:57:08,2017-12-08 21:51:52,2017-12-26,6df04ad467f4a36275f1f986295a264a,2017-11-25
6c2ef493d3908b2a6046a0668f52e87c,c4db8eb6adbd7eec0e1c0028d7d1438a,delivered,2018-04-26 13:11:01,2018-04-26 13:30:54,2018-04-27 08:34:00,2018-05-10 18:33:47,2018-05-16,0435835f062a422e29d5f190c5b90e01,2018-04-26
30d069e8fe27dc74e756bbb4f470a361,d082b7a7c2aa758ce7a11c5d78b372ce,delivered,2018-03-06 17:36:28,2018-03-06 17:50:32,2018-03-10 01:09:21,2018-04-18 21:16:38,2018-04-02,4e24e109e3cacaeb86f488b8926df624,2018-03-06
4fe87ba02ffa026600dce759f9fcd02e,27fa9e9df539e6798ac824e0b86bb05e,delivered,2017-09-13 21:40:12,2017-09-13 21:55:08,2017-09-14 19:13:41,2017-09-19 20:54:51,2017-09-29,8bbf6202da669bd5559f49f84af1d218,2017-09-13
119f1430154997cf2ea4e905667408d1,326bd99b43665ac9e198d45b189740b5,delivered,2018-05-29 02:29:23,2018-05-29 02:51:18,2018-05-29 14:04:00,2018-06-06 20:04:33,2018-07-04,9c18cd0ba86443dce5c2e5157cbd2eff,2018-05-29
0d084d7d6f5d7b6a97582e1dc74dda2a,558de2f6863bf7588338479d614522a3,delivered,2017-10-25 16:33:09,2017-10-25 16:49:56,2017-10-26 20:16:12,2017-10-31 19:53:01,2017-11-22,0a4206400392493f3637fee54bfffc56,2017-10-25
8ca359188415aaef358f04e23e462a43,775d64e14996ceb86e5e883a5a66d206,delivered,2017-09-23 13:04:31,2017-09-23 13:15:18,2017-09-25 19:29:09,2017-09-30 13:37:40,2017-10-20,d4e0a40d44b930bbcd60981238ca3b91,2017-09-23
77bd3f7f2fefbad1254911e90bc64158,d55f1ebcfb5f55d099b562c8d808cc10,delivered,2018-02-27 13:29:05,2018-02-27 13:48:46,2018-03-03 02:27:10,2018-03-21 00:06:32,2018-03-26,2f3e471ccafcf2435eb71488675a2fc7,2018-02-27
b7d04f39e98c5fc85abf2652d719385c,aa017c3944e3b9c97646a4fe0bdcca77,delivered,2018-03-03 14:42:43,2018-03-03 14:55:37,2018-03-06 00:37:34,2018-04-12 00:10:47,2018-03-29,e455dae27c6f0915856011323395429a,2018-03-03
ddcc7bc75d833f11bb5c8a7c1eda0c17,48487a92b4fd416acf46a06f981ab31e,delivered,2017-11-20 21:10:57,2017-11-20 21:26:43,2017-11-22 09:42:49,2017-11-27 18:47:27,2017-12-07,023196e0c7c9f50e21677e45cc6d539a,2017-11-20
9ff2fbb75e38eaef59472e29ddaf1769,a709af5ae225ec3a6349256ab23d7252,delivered,2018-02-13 10:50:29,2018-02-13 11:15:29,2018-02-14 18:04:45,2018-02-20 19:17:59,2018-03-12,bf41c8f2d09470cbabe9afe44f97070c,2018-02-13
cb666a5ed3eec739fae136c3da8552c7,d14f67f2cb2089c372c9f2f0bb7597a9,delivered,2018-04-23 15:51:01,2018-04-24 17:22:49,2018-04-24 16:42:45,2018-05-08 10:26:27,2018-05-21,7cd6586113a33fe9271773caa96d1793,2018-04-23
150bd08f76b01b51e649a5474be78cf2,f969f3f292317381d94b67fd9dc40d61,delivered,2017-04-26 10:38:41,2017-04-26 10:50:17,2017-04-26 14:08:19,2017-05-18 10:53:06,2017-06-05,eff526c03f00adbe45b30efd98da1731,2017-04-26
57f76c21186acbd0b0dbc70297dcfe28,61befdf095baf0e03e52946c8b06b241,delivered,2018-03-18 22:11:43,2018-03-18 22:27:40,2018-03-21 20:06:43,2018-04-03 17:04:35,2018-04-10,2a146e560df1920341c794c5d83bfb56,2018-03-18
9313c6e2df57e5358d335c1585a48f35,e0a4b1bdda646082dbae9a0e633bf326,delivered,2018-08-20 16:30:56,2018-08-20 16:50:04,2018-08-21 15:19:00,2018-08-23 17:47:34,2018-08-27,6a1b6217293aea8dd76a8f814aade480,2018-08-20
abcc5ea8b9b32d146d24e625bd1d002e,0cc04b55c0986143feb2ebb257239915,delivered,2018-04-23 11:40:53,2018-04-24 19:04:54,2018-04-25 13:42:00,2018-04-26 16:46:42,2018-05-10,7f0a8c15fe7fd74978d493b888f611c9,2018-04-23
2ae0a15db329f6aeea4137c433825b3a,847c8e8ca5103c823bccb3e76066bc4e,delivered,2018-01-22 22:31:53,2018-01-22 22:55:38,2018-01-23 21:12:31,2018-02-01 21:06:01,2018-02-15,d74c9bb007238fda00a3ea54422fa110,2018-01-22
260db02d1a8b410b7d61ee150ced5caa,adea779c0b221359e0b22a82ee5c0ee5,delivered,2018-06-27 12:58:09,2018-06-28 02:15:51,2018-06-28 14:12:00,2018-06-29 18:07:33,2018-07-12,d1f1f85c766c5ff73b064a4a6e18bc23,2018-06-27
c6c0dc0b58d87603f5b07c6283355d5c,67f17583aa3d40a008f98ff8abc14069,delivered,2017-09-20 17:16:44,2017-09-20 17:30:08,2017-09-21 16:41:55,2017-09-27 22:12:11,2017-10-17,7a17a2d324d7cceff4443a8c4453b763,2017-09-20
063929a628206b3f69eaaa2e003ca695,38f9acc05b467543eb2ab4536729e1d2,delivered,2017-12-02 17:15:54,2017-12-02 17:38:18,2017-12-06 21:41:49,2017-12-12 15:35:08,2017-12-29,d3a6a654f91fd4bb5ff0b019d0f5bfaf,2017-12-02
96eb7f709abac11cbb2502c63d8c1ae6,530d2038f10bff32ab518da55c93cb0a,delivered,2017-11-24 08:40:31,2017-11-24 09:50:40,2017-11-24 22:44:36,2017-12-08 00:47:50,2017-12-15,7c3bbffb69459f6a3663d85b707cd681,2017-11-24
431e57fb445e35e908a2d4867bfc9b27,63a63a3d1eb4b42d80ed149ae626b831,delivered,2017-07-18 22:26:53,2017-07-18 22:43:13,2017-07-21 19:19:45,2017-07-26 22:49:51,2017-08-09,7fc892d9111b060b1c330301d9d61323,2017-07-18
60e2fe3a23e71c24f3ab0f648ebd6a8f,14c40450842463a4e86a52654f2e3ff9,delivered,2017-01-25 13:42:49,2017-01-25 13:55:09,2017-01-30 15:31:18,2017-02-10 14:05:32,2017-03-06,3720ce768cc8e7b9a23fcb794ac67179,2017-01-25
2adcc6d21c5ae646d76e2a62e1388eb4,e7cacd890ee7f47989b72a93b50ba5ad,delivered,2018-08-08 23:41:21,2018-08-10 03:25:41,2018-08-10 15:08:00,2018-08-23 16:36:39,2018-09-17,869d704a8bad76e1e8b0abcde28a93a5,2018-08-08
592b0d429e4f22e5e82fa1ae3ea6a768,21b64276fd9e94d8c4968d95cfc16a70,delivered,2018-05-31 22:33:51,2018-05-31 22:50:27,2018-06-04 12:58:00,2018-06-11 14:48:23,2018-07-04,32366171c37bf97dac8c2a59a3623e1a,2018-05-31
5bd293c86326611e6604399e535f1b2b,de270dbea5d94e6436d844565b1c52aa,shipped,2018-06-18 21:09:41,2018-06-19 21:18:40,2018-06-20 14:47:00,,2018-07-19,23a25807386b02e977d0e25355066a28,2018-06-18
eb7efe0b8397cce63c22e0d6bc566dd9,0e517ed81899c398fa556219eec03f57,shipped,2017-04-19 10:38:27,2017-04-21 05:10:39,2017-04-25 09:56:33,,2017-05-24,7a8c0eea366a2fa7ad23483974224524,2017-04-19
575a5c6c42853ce1c599537b8f87d716,6a0c3526b0d37426fa91f73c47141c01,delivered,2018-04-09 17:47:30,2018-04-09 17:55:24,2018-04-10 18:44:27,2018-04-16 17:32:27,2018-05-14,4681804626337815bc2f616d8ec5da4e,2018-04-09
ea40649adba75ef11cf2a60cb45559c5,dd90be76e9da7c8cf31e6c2d4f0a8828,delivered,2017-11-30 22:41:44,2017-12-01 11:31:58,2017-12-01 19:00:55,2017-12-06 01:33:04,2017-12-26,ad00ef7d838babb18c2ec35300cfd26e,2017-11-30
a18cc28d5b932f1f4a35cf7c4e63e571,d5dae391ec70aba0f0ee3d3bd7600faa,delivered,2018-05-25 22:02:34,2018-05-25 22:17:31,2018-05-26 08:36:00,2018-06-29 23:41:52,2018-07-18,dea6f18f87ab85af01a9261d92ccf631,2018-05-25
089896265e5395ee8335f9f417a7f6c0,b76858182a9cd7f6c1ba482c53fdd2ee,delivered,2018-05-30 16:15:51,2018-06-01 18:35:21,2018-06-11 14:33:00,2018-06-18 23:22:29,2018-07-12,12ab04e66183730ce8e55d4a0df64e00,2018-05-30
ec88cd13421e27489ffc1f352247f3a4,936da706de2dfa07d2f5f8e3934836ca,canceled,2018-08-24 16:38:44,,,,2018-09-13,cce3432f546c60893bd2ad7a2001148a,2018-08-24
94140a08f88b5440f7fc0e4b0fcfc3bb,145ed96e22cdb678a8b4107d72fddcc8,delivered,2018-06-22 18:38:25,2018-06-22 18:58:30,2018-06-25 09:56:00,2018-06-30 11:18:44,2018-07-16,c98cc8ac7311ad123e723f5caef4c1e3,2018-06-22
69c1121bb28647d665ed2ead39aecfdd,964d908c079d150a26119a4de5c3ced4,delivered,2018-02-15 16:37:23,2018-02-15 16:50:37,2018-02-19 18:52:55,2018-03-05 22:48:35,2018-03-13,c5257bce98efe41e2fdf190cb5ce0d51,2018-02-15
c5bbc2e1ea510338b16c37d3bd7437cc,726d374afce579bca5195f4d84dcc741,delivered,2017-07-03 09:21:12,2017-07-03 09:30:17,2017-07-10 13:57:24,2017-07-11 20:15:23,2017-07-14,d5e1d8cda9a7b12022c478befe7827b4,2017-07-03
4ef50a2c9652e429d7d7591a0712aad0,e0d4e81ca397eea8ba6a5e9d877aba4d,delivered,2018-05-11 09:51:37,2018-05-11 10:17:40,2018-05-19 06:14:00,2018-06-20 15:28:43,2018-06-06,c18287f3d96045bad031c170dd939c74,2018-05-11
14325ba23374f1e55576859076916d9c,63e1b7184234e8c946270e8702251ce9,delivered,2017-09-23 11:57:50,2017-09-23 12:10:18,2017-09-28 17:10:11,2017-10-09 22:18:58,2017-10-26,eed069992b270082208a722333fd0b17,2017-09-23
122db42cf230e496258825c75d544c15,42f4cfadffa1236bb8a288abfacd80c9,delivered,2018-06-29 11:00:18,2018-06-29 11:11:30,2018-07-02 13:27:00,2018-07-10 17:24:56,2018-07-26,f44351aec9f0af49773112d6af032be2,2018-06-29
786baaa6b659351627edf0bbbee0648a,7fba8c8ef56a05b3b0668cc1cc3e0a8e,delivered,2017-05-27 00:04:35,2017-05-27 01:10:12,2017-05-29 15:10:33,2017-06-02 15:57:41,2017-06-22,3e96047ff80ee8fd1436d80c56c985bc,2017-05-27
4af895c94fe197a1da73b4aa9e727831,1a82a5b53a04aa58c89afe36224b93a9,delivered,2017-09-15 11:06:15,2017-09-15 11:24:40,2017-09-18 20:12:13,2017-10-03 22:18:03,2017-10-03,b172a5d28d9b7522fcf89e6509fa7d8b,2017-09-15
a5e316a920122ee655d3a9fa01582514,c6018222eb46fd32b78fa3300a9636d5,delivered,2018-01-24 16:38:33,2018-01-24 16:51:26,2018-01-26 14:06:35,2018-02-02 16:04:10,2018-02-16,52ce367c1150483f14d7cadb64838ac3,2018-01-24
0da43144c61f413957a7e7c8b2555dad,159f001ca3b331fd9854b3260cd1cd52,unavailable,2017-10-13 17:57:20,2017-10-13 18:08:06,,,2017-11-09,66cb7c51598afa255bcd47a284310f9d,2017-10-13
5be9f28716d41efdbdcc2a0d0907c71c,c35f2f08e21cfb94b8a97a9f431133ad,delivered,2017-11-23 13:51:57,2017-11-23 14:03:06,2017-11-24 20:19:33,2017-11-28 19:39:18,2017-12-07,5b9cb567ba3795be50b79845003bfef8,2017-11-23
d6f81840dedabe214cbfa42226e7dfd4,30cfec2cfb4af26925989a3ed824d45b,delivered,2017-12-14 18:10:22,2017-12-14 18:18:20,2017-12-18 20:49:13,2018-01-07 16:27:45,2018-01-12,ad42aaf1833e2a64136a9d9f823d77ab,2017-12-14
84d2098c97827c6327ed4d7be95e1fc8,0a46d9100178dc3af825b8eb34c256da,delivered,2018-06-03 11:23:09,2018-06-03 11:30:57,2018-06-04 14:21:00,2018-06-12 18:16:00,2018-07-05,89fa92499f5bdf87e7b586218f1c5ec7,2018-06-03
41c51367243707ec4b1cf8baae5de951,714f2635d40b3e5d19a2fac7552846f3,delivered,2018-07-27 13:11:52,2018-07-27 13:25:22,2018-07-27 13:52:00,2018-07-31 22:48:55,2018-08-15,25e9454dd5930eccaa4f0e01ea3a7f49,2018-07-27
a9aaaf24646d60bb635aee235c06db11,845a16cb8ee112013cd21ff53c8cad34,delivered,2018-07-30 19:42:59,2018-07-30 20:20:19,2018-08-02 12:43:00,2018-08-10 16:41:47,2018-09-11,d645d2b70af58a980678573128c9fd28,2018-07-30
5a644293b3539f7e7876ab0b4536b320,1f0db9ca7038a575cfbe3aa28dd699c8,delivered,2018-06-16 18:02:48,2018-06-19 03:57:28,2018-07-03 12:16:00,2018-07-04 17:26:36,2018-07-17,9556e41d8121bcf36b707b610d64d5ca,2018-06-16
405ecafdd586fc6c950aa6aaf4e91cae,2681443bacf9d7fa015a0d37cdfc2657,delivered,2017-08-08 23:43:55,2017-08-10 03:25:21,2017-08-11 21:15:16,2017-08-16 17:14:29,2017-08-30,1b95023e493953fdf09bec476f58e678,2017-08-08
09c8e8de8792915ab68564b4420f246f,b0046bc2fbf6c21b9d50c60db587ca77,delivered,2018-08-22 09:31:42,2018-08-24 03:25:28,2018-08-24 14:31:00,2018-08-29 20:18:48,2018-09-12,3a3e10ae1563dd46b0b43899094da4d5,2018-08-22
a954b5c6ed542bc3970ff1181cb20ef7,403d6dc4a2ce0ab3c7c8ed1267e7b989,delivered,2018-01-25 06:40:27,2018-01-25 06:56:16,2018-01-25 22:36:23,2018-02-02 19:52:30,2018-02-22,f916b6ce40b99539ddaae3b6140decc7,2018-01-25
9c6a41b40091cf444dcd80fa62446a98,6bece72376d04aaec6d30e1ae5bf84e7,delivered,2017-11-24 12:25:35,2017-11-24 14:34:31,2017-11-28 13:48:52,2018-01-22 12:59:00,2017-12-20,cd1754fb958c6e0e4d86f6f15b727fbb,2017-11-24
6f535066d76606a03524581e88087ce1,7fc9d895508c9702d62606338ed092e0,delivered,2018-08-15 07:41:09,2018-08-15 08:04:12,2018-08-15 14:58:00,2018-08-20 19:50:42,2018-08-27,4787608b31b689e71194a46576b2114c,2018-08-15
d2072cac5fc7e1aee9ba54336621c1a8,29b11e2758e1817d432172e1ee399267,delivered,2017-08-17 14:53:24,2017-08-17 15:25:11,2017-08-25 14:13:44,2017-08-31 12:33:18,2017-09-20,faa53fd85deb59d7f2b7ded02883f929,2017-08-17
7f579a347e00ac4d36c143a5969e5189,ac5aa5250edd7b1e50d12ec94039db70,delivered,2018-07-21 17:02:18,2018-07-26 23:31:24,2018-07-24 13:38:00,2018-08-02 21:03:57,2018-08-14,b99c1e39181ebf1bdf7ac727ab12f716,2018-07-21
eeb175313bdbdfcd44f5d207beebc97a,ea358e7b5982a089fc5e862ef6731420,delivered,2017-11-13 23:03:12,2017-11-13 23:15:37,2017-11-16 18:07:28,2017-11-23 23:32:31,2017-12-05,90282f8ea26aa5ae01473ac2d48152c1,2017-11-13
ffee31fb4b5e35c9123608015637c495,11e0f43ab4e2d2c48348dd9332c0ef80,delivered,2018-08-18 10:00:59,2018-08-18 10:10:11,2018-08-20 10:01:00,2018-08-21 12:18:57,2018-08-23,4e15fee963523774998876e3624952f4,2018-08-18
f5ff53df944464937cd950213093621c,dae5d46fcf3614d8f46d6fa119178494,delivered,2017-08-21 23:09:06,2017-08-21 23:25:23,2017-08-24 13:11:59,2017-08-28 18:03:46,2017-09-11,b6216e2929abf9261e14d2e40f9a4d17,2017-08-21
aca87568f6ded0187314b892e500debd,4c320d174c14d03c3960459829a7185f,delivered,2018-06-14 15:08:52,2018-06-15 15:20:12,2018-06-19 16:32:00,2018-06-25 17:22:03,2018-07-13,1d12191621c02b528b1fac8d221e5bc3,2018-06-14
50109a6c720b998320449ebdf2c0798b,8676c80898b5fdcd9f7c48c39b000043,delivered,2018-02-08 22:46:59,2018-02-08 22:55:35,2018-02-09 20:46:51,2018-02-23 16:35:12,2018-03-12,fa9ee193b074562663aa4c1ea3894e2d,2018-02-08
f878206572adfa47110fed4947806589,1b68647cee091c5dcf4f7200ba5dd760,delivered,2017-01-19 09:59:49,2017-01-19 10:10:14,2017-01-20 11:03:56,2017-01-26 15:48:46,2017-03-13,9ebb078703bce2d1db28c206d2aae886,2017-01-19
94be6b672a642c5c33415e7ccc13c00c,1e0351073aabf183571573d2c809c4de,delivered,2018-06-05 11:44:21,2018-06-05 14:31:12,2018-06-05 13:22:00,2018-06-11 16:19:22,2018-07-13,117eca580ab43e2f12b571f6d0177c37,2018-06-05
d02c31bf4f5e040587f04c64f8e0ee9c,571f9e60ad9942db4d49ea1a37343445,delivered,2017-11-23 15:59:57,2017-11-23 16:08:35,2017-11-28 21:09:05,2017-12-01 19:51:43,2017-12-15,70f72887477b6d6a31e174834cb07187,2017-11-23
03bd6f7b95588e476cdef4abb2cfdd0d,2b161f95dccf57831d2e8ce51af38d19,delivered,2018-07-31 11:00:08,2018-07-31 11:10:21,2018-08-01 16:08:00,2018-08-02 13:51:53,2018-08-03,29f4f2e804f0490f213d3ec3c582f3ba,2018-07-31
e82987745d31588f2815293de731fa0c,cb773f58c707ce38c878d31cc28a213b,delivered,2017-04-01 13:09:23,2017-04-01 13:23:20,2017-04-03 12:51:33,2017-04-05 17:04:11,2017-04-24,969acb1e7147b79c775fa0d8e9ecd8dc,2017-04-01
f00cdb8585a46952303de92749d24590,16aba5570b45f6b4c9204407132e2cae,delivered,2018-04-12 17:16:59,2018-04-13 20:15:09,2018-04-16 15:32:32,2018-05-05 20:11:43,2018-05-22,5f8f12098427d3cbb37e9dcf269bb53c,2018-04-12
cc95eaf941bbc816437c4eb324a6709a,e247bf4277ef0c1ad7006ac1b75e5ec8,delivered,2018-05-20 12:30:28,2018-05-22 09:54:21,2018-05-25 11:58:00,2018-06-04 15:58:50,2018-06-20,98bb7b5e6f227eabf7e22634a5a5073e,2018-05-20
54f3086920092b6c1d80c5db5361e937,69c3e5e099f5f6ea81925e12ae4156b1,delivered,2018-04-30 11:07:12,2018-04-30 11:35:24,2018-04-30 11:08:00,2018-05-07 19:37:49,2018-05-18,531ea240737dfacd48b2238b18b127d1,2018-04-30
a6044c1de1912da29cb76976738d1e2a,600326644cd22ebebaad3704301d8135,delivered,2018-04-12 17:24:37,2018-04-12 17:35:14,2018-04-13 17:18:31,2018-05-09 17:28:28,2018-05-15,fe2f8d298c79777975883a53993f71bc,2018-04-12
998c57ab2d55eb30d6de8d103034384b,cc6047333b8307011b59de309487b678,delivered,2018-04-22 17:07:57,2018-04-24 18:04:56,2018-04-23 23:37:27,2018-05-04 00:38:55,2018-05-18,f2c91a2cf8ce8e8cd3c26cc26fa7bdf4,2018-04-22
8e7f3b97378d8df36ad1b2c206db009d,0b3278bf0e5d81dca450bb444e8bc6cf,delivered,2018-08-06 00:38:29,2018-08-06 00:50:16,2018-08-06 16:39:00,2018-08-09 00:18:45,2018-08-09,a43a8246e8f5df31aa1a3bfbdda686ab,2018-08-06
2c2f4107ae44d8fdb3b92236ddd18a0c,16b133c210c373fcd17f08753096add9,delivered,2018-04-19 11:02:24,2018-04-20 07:32:03,2018-04-25 14:13:00,2018-04-26 23:24:43,2018-05-09,aa8931c4af49a8270a4fd9e000b7bf01,2018-04-19
01d1bb79f3dee77d8a6809aff0025590,211c5e59e4228e0ea780f1ab02f3029b,delivered,2018-08-15 23:28:39,2018-08-15 23:43:59,2018-08-16 14:31:00,2018-08-21 10:52:46,2018-08-28,67f160b6a745ada303c35d984ab2402a,2018-08-15
af7b6d2963f03fb6bd066d90ff205dea,3e0e94b0e194113cde229729cac5966d,delivered,2018-07-23 19:04:51,2018-07-24 10:31:39,2018-07-25 15:27:00,2018-07-30 19:40:56,2018-08-13,5b4ad907b33398923bcc0fc99a655b5b,2018-07-23
cc087dad553a85cd8192eba75a27db2b,be83655f09f037c4a80e2590e64e9777,delivered,2017-06-27 19:57:20,2017-06-28 19:50:19,2017-06-29 14:55:37,2017-07-14 20:15:37,2017-07-19,8f8ef959704b5639f47e6be89553f9ba,2017-06-27
6246b1dea3285b192583bce8da02672d,9c6e16980c369c4591035afd4beea81c,delivered,2017-08-06 21:28:23,2017-08-06 21:43:01,2017-08-07 20:32:33,2017-08-11 21:58:08,2017-08-28,047b974b874ad791f0e3e56a13419e93,2017-08-06
ee5cc68a9c849b21b595655a944b417c,39159308231d229f2fec5131e6667329,delivered,2017-07-06 10:35:17,2017-07-06 10:50:18,2017-07-07 16:02:58,2017-07-14 19:46:17,2017-07-28,bc6a0e427b844bfb0f675aee08fbd3e6,2017-07-06
a6a646a5b9697b6efb2817faf8e21426,3ddf39bd820d959f61b52bb23d87b434,delivered,2018-03-18 11:59:21,2018-03-18 12:10:32,2018-03-19 23:13:06,2018-03-26 23:37:33,2018-03-29,e1ac7aaf8929fff990b6d4dc3bedc86e,2018-03-18
580b08c73a274ac48d8e8c24d6364f2d,a0cad5d6079dc7c903506377dd1db7b7,delivered,2017-09-29 13:36:48,2017-09-29 13:49:22,2017-10-05 21:00:02,2017-10-11 17:34:17,2017-10-23,04cb655245e109fea6aa9cfd48f168ce,2017-09-29
0918b01313c67da779fa4b5356537024,adc023c7dd5c234ef7e6c817a678c3ef,delivered,2018-04-11 10:46:53,2018-04-11 11:10:25,2018-04-12 17:06:11,2018-04-23 14:21:32,2018-05-10,557b158701bedbb76b856eb5f3af51b1,2018-04-11
88ae9b9dc65aa9f22722800a34d865c3,423a29c37e44f30428ef729e5ca84982,delivered,2018-05-08 20:25:31,2018-05-10 03:36:39,2018-05-23 14:20:00,2018-06-12 18:02:25,2018-06-08,a4b72a65f75ef2ba60e6781626cdef40,2018-05-08
0e44e7b0102a1f19aa9d7643e45dbbdb,cceee7ffa972348a332be8e08842dfb5,delivered,2017-12-11 18:21:52,2017-12-11 18:33:29,2017-12-18 18:53:17,2018-01-23 17:19:08,2018-01-15,a5ef603007d4cbe6d648f289e29811c5,2017-12-11
260c1e77793a506e09dd0f8135109966,a06e9a7060cee74dbde1a2d5d7117747,delivered,2018-08-17 06:37:13,2018-08-17 07:31:20,2018-08-17 14:53:00,2018-08-21 22:03:42,2018-08-28,1c89ad9872748220ba627f9dbf36d6bc,2018-08-17
eb871e7c2357db8ff47fae46e9bee63d,b4f0291560dbfb345245123a068f5209,delivered,2017-08-07 09:04:02,2017-08-07 09:15:10,2017-08-07 14:22:13,2017-08-15 22:09:40,2017-08-29,69c18f4c2f8f504cd8b57cff9dea5d79,2017-08-07
d47929036b8c504537b7a458185913da,ff23e086a2196089e277ca0020ff5ce4,delivered,2017-11-14 12:03:44,2017-11-16 17:52:45,2017-11-17 17:41:40,2017-11-27 20:46:00,2017-12-07,376c3a384a509bfe575604f4f9605e7b,2017-11-14
539da8a3272212f11860bef60a1166b9,917abca35fa6b3987e391741d948bac7,delivered,2017-08-19 14:11:07,2017-08-19 14:25:57,2017-08-21 21:35:04,2017-08-22 15:55:16,2017-09-05,a04d5a58a54312ea6d32516b88a2806f,2017-08-19
45940e007848875eb181bfcf14ea51a1,63bf151f197d2fe9d29a0ad5a739f9fa,delivered,2018-06-21 17:10:24,2018-06-23 08:35:01,2018-06-25 14:49:00,2018-07-03 16:11:57,2018-07-25,0ae6cacc8502e4ebb924474994c90ba9,2018-06-21
b05bd539cf70694e3270a23f22156f3a,1fd86c615df86be8983b0ed134d3d23d,delivered,2017-07-03 11:52:27,2017-07-04 11:55:19,2017-07-07 19:12:56,2017-07-20 14:51:59,2017-07-21,d025b382cfce1fc292cb79e35a66bb5c,2017-07-03
40dc4c4de919b652200754bad3125d2c,5decefaaf5f030d53b314debf4563cc7,delivered,2017-10-24 23:34:19,2017-10-25 11:26:23,2017-10-25 18:33:35,2017-11-15 15:42:18,2017-11-24,df4e17f1bad734aebe43372c446ccc7c,2017-10-24
1d400d95c6669247200db54206a74b55,bf06c86a8b45ff125329d7fb1e3c2198,delivered,2018-07-04 15:20:14,2018-07-05 16:11:43,2018-07-04 15:17:00,2018-07-09 19:59:31,2018-07-27,229dd21d7622227806d7e47b5f40f003,2018-07-04
4a9eee375aed716abf318683789faf01,133a51d8934bca97eac4f7f85e127ac5,delivered,2018-07-26 21:46:18,2018-07-26 21:55:16,2018-07-27 15:10:00,2018-08-03 20:41:43,2018-08-23,9badbe55bff677bdca468055545c6a6c,2018-07-26
5e97d2fcdd460c47e3f0c07a39438105,54206fa50231f19f182639391160816f,delivered,2017-05-05 16:39:57,2017-05-05 16:50:15,2017-05-09 10:44:38,2017-05-15 09:51:50,2017-05-26,baa7c44786eefc9150c11c000058f284,2017-05-05
e2e223aa7d0f409950eb995e6c759475,16bdf9df48a96d7c0b03f48259e0e890,delivered,2017-03-18 12:44:01,2017-03-18 12:44:01,2017-03-20 11:00:40,2017-03-24 14:33:31,2017-04-17,d6d36f9581b3e1691c61909a2898b287,2017-03-18
9c020760091717505c5fae8c935f047c,0577d398fca1ea7bbce90556626f169f,delivered,2018-05-04 17:50:19,2018-05-04 18:16:08,2018-05-10 14:15:00,2018-05-14 23:04:15,2018-05-23,7db92cbb797de39eebe3bc986be820f8,2018-05-04
afdb52c08c5d497fe471069341921788,95aa115747c7a62b4e1ea5e9a408660d,delivered,2017-05-25 10:11:14,2017-05-26 02:35:30,2017-05-31 08:36:42,2017-06-09 11:23:57,2017-06-27,e739992c2ae071a4d26305398766ef28,2017-05-25
9c214ac970e84273583ab523dfafd09b,daf813bc2e41c86027d086e8dfb35571,delivered,2017-05-08 13:35:48,2017-05-08 13:50:15,2017-05-09 14:19:29,2017-05-16 16:49:51,2017-05-30,8c89391790076834500661cc1e5d6860,2017-05-08
ef87b14cd30d2df42c047bc6724fa9ae,264cac8f9174a00df2cbee938706ec30,delivered,2018-08-02 18:42:59,2018-08-02 19:45:14,2018-08-06 09:33:00,2018-08-09 18:11:11,2018-08-15,828b86132f0a64d95372ab8a0700bf86,2018-08-02
2ed35bba35070885f6e0ff68cefe670d,1a8a7a0627b8eb850b3fc69d73867a08,delivered,2018-08-20 18:42:18,2018-08-21 04:50:24,2018-08-22 14:51:00,2018-08-24 19:03:25,2018-09-05,efa5d4299e261e6d7f6cd7f94b5aa7ff,2018-08-20
ef5cbfafea632f181983df020dee5199,1d73632b0662cf95bebb7d4d9c6896c6,delivered,2017-03-02 13:37:37,2017-03-02 13:50:17,2017-03-09 09:06:19,2017-03-13 11:08:38,2017-03-23,503865b84e97a7e894c93587b3b05bdb,2017-03-02
6f8c04e8edee74deceff537063bd46cc,a685b9dac4a7c0e9892635838723a9b5,delivered,2018-02-22 10:30:06,2018-02-22 10:39:12,2018-02-22 22:13:30,2018-03-07 20:46:59,2018-03-19,f9884015a0a36238154eaa299b32d1b4,2018-02-22
6e0f05728107157ca451dd9047a4eebf,8fc70dea5665d92f2c43ea665c223563,delivered,2018-07-31 20:49:19,2018-07-31 21:05:13,2018-08-02 17:46:00,2018-08-09 15:20:33,2018-08-17,68ff795f56b9fa2dee4c346fa66c3942,2018-07-31
a6b4e78fd33ff998a908e7251bb769d1,4dcfcb543312afef7bde0fcfdad4aec8,delivered,2017-07-11 16:16:11,2017-07-11 17:24:16,2017-07-13 17:06:04,2017-07-17 19:09:46,2017-08-02,971e2252d557c5f6b2de810f6fcd52eb,2017-07-11
aac52878fd693aeeb3efce3e0e0a3ce2,6daa264fc39ee67a347b26b841e9d000,delivered,2018-04-23 10:42:37,2018-04-24 18:28:07,2018-04-26 13:42:00,2018-05-04 01:58:43,2018-05-17,92017825e4d41c89b8c7aeb529f5d0d1,2018-04-23
303be864ad5419c9825b648397a8eb73,50fb584351c6138fc5f4e986b30a173e,delivered,2018-03-14 22:36:53,2018-03-15 22:35:40,2018-03-16 21:24:24,2018-03-20 20:18:53,2018-03-29,9ea40717f597f2886a1e7aeb0e8207fb,2018-03-14
032cf75b6991a44f9583d652730066d9,d3f73e9f703dd22bee2dd83ed43c60b9,delivered,2017-09-28 15:05:17,2017-09-30 02:28:20,2017-10-04 16:44:29,2017-10-06 17:50:12,2017-10-16,1a5dddc88f6096f9e310ddf216235152,2017-09-28
cf5ed095faa94bc72753a8d519d43a61,81a205d31dfa6c690e259d839d78727d,delivered,2018-08-21 15:39:07,2018-08-21 15:51:24,2018-08-22 13:58:00,2018-08-23 22:44:56,2018-08-27,0c55b3d48c5bdf60b221db5f8d4d3923,2018-08-21
2cb5ebc8618b31204c46aab763a8ca88,4aa8e20c47b647fdad4bc9a4b38964b1,delivered,2018-02-12 16:53:30,2018-02-12 17:00:38,2018-02-14 17:26:43,2018-03-07 20:12:15,2018-03-13,caa374e518a533e820cf3f5b7f7bc84b,2018-02-12
16f4a05a36f470dbed1f1c2ca6e2a616,d230b642f177ff80b2708cf54e65bc5d,delivered,2017-10-02 11:37:24,2017-10-02 11:49:24,2017-10-06 18:29:12,2017-10-13 19:43:55,2017-10-25,b7f17874aeac59f5c6cd1af8673ade74,2017-10-02
d4c04d37c42b6f03e9a2072bad331bbc,7d6c81f79e5c42187c42bf6af52ac046,delivered,2018-01-18 11:58:13,2018-01-18 12:17:52,2018-01-18 21:04:12,2018-01-19 18:42:05,2018-02-02,f3eccc77c18fd4481d031db5d7f8b3f1,2018-01-18
8b5bc96af9b784e1819b28162f0ffffc,cb5db41e85784052418ff198be6a8a80,delivered,2018-08-04 14:41:19,2018-08-04 14:50:18,2018-08-06 15:31:00,2018-08-13 17:24:40,2018-08-28,0381896c75cb4687e87e7e1fda16d3a1,2018-08-04
2618af576d21149f490b1baea011b8a2,e8739af3ab67b5b2c8c54c8e798afee3,delivered,2018-04-15 21:49:45,2018-04-16 22:10:20,2018-04-30 15:35:00,2018-05-14 18:27:38,2018-05-07,90c609c91a23028004ab01a417b4bc74,2018-04-15
26be48cb41c2beb9e712f1563fefac0a,b85b78bc546abddd2832979f1c2efbd2,delivered,2018-05-11 16:07:14,2018-05-11 16:18:47,2018-05-14 14:05:00,2018-05-17 14:08:45,2018-06-11,ff53fe20cbecc9fe366dbd7096f747ef,2018-05-11
31e2d0fd6a89e7bd4d343d5de73a68ea,42c21479a5bde717e8b7cc8a903248c7,delivered,2017-07-28 11:29:32,2017-07-28 11:45:15,2017-07-31 18:16:07,2017-08-19 14:07:16,2017-08-31,e932ff9caa21f8d8f09efb639e79100e,2017-07-28
6f6948633148ad2811ae8142b39cc59c,c8c5c195c165100a603dff0a690073f2,delivered,2017-05-30 15:57:13,2017-06-01 04:23:02,2017-06-01 15:28:35,2017-06-08 14:51:39,2017-06-28,9b3143cc04064323c27d05647be4b6f2,2017-05-30
b1a993bc40f696232b7a6a528ab337d7,975a26a7f900a17b88882b47385ad87e,delivered,2018-01-29 18:16:12,2018-01-29 18:51:12,2018-01-31 13:15:09,2018-02-01 21:29:09,2018-02-14,b365699dbae525df31a5137e6d992569,2018-01-29
ec9e227f8a374794d57840d65e9a8ace,f2ffa0a3fad193b5cff9daa2b68d87b3,delivered,2017-08-17 05:46:38,2017-08-17 06:25:50,2017-08-17 17:59:03,2017-08-18 16:26:10,2017-09-01,3d9bd4ee70927f05c69516a10ddf051b,2017-08-17
8b02a2a9b1ae5a5e5e840795cdc70fc3,5e319c4b67bfa5b94e74b2309e9eb394,delivered,2018-08-18 22:51:17,2018-08-20 10:50:20,2018-08-24 14:25:00,2018-08-28 12:38:25,2018-09-06,fa9b32b63c7dc7157575ce3966c02077,2018-08-18
b5c0376b6e5f1f85b97037f72d2424f3,3e2afe3cc806ad67ed3b5db52029ca60,delivered,2018-05-21 10:03:39,2018-05-21 15:32:08,2018-05-22 16:11:00,2018-06-02 11:09:37,2018-05-29,3f2ed9b8e89d7232b934448c7a01cd73,2018-05-21
cdab4d92ae28f85057ae6c55246c8049,d269e75ade2fbc369f8225b85b1ef069,delivered,2017-12-28 21:43:01,2017-12-29 21:36:29,2018-01-02 22:58:25,2018-01-08 18:34:26,2018-01-24,d8127f3c612f4c33dc3a1d8246fd0884,2017-12-28
c6e5497dfca3f588f76e2542f686a5f7,dc69181d72e06422c621c907e5f9a384,delivered,2017-12-17 17:38:02,2017-12-17 18:50:12,2017-12-19 23:58:38,2017-12-23 12:41:57,2018-01-12,173377321e73c7f0406a59deade342bf,2017-12-17
804e0b86e8fe8f4b319d850c87dd79bd,a4844df7aea664c484381063cc7c5a05,delivered,2017-07-11 22:50:05,2017-07-12 00:35:16,2017-07-12 17:32:46,2017-07-31 14:33:40,2017-07-24,39583d496cc15d47bfea1d9808e9406c,2017-07-11
b95d64677c5c20bf3f29beb3c57a99b6,a96daed72283ef80bb80786ec2625a9c,delivered,2018-06-16 14:37:34,2018-06-16 14:58:55,2018-06-19 13:58:00,2018-06-26 11:45:48,2018-07-19,daa831b62abae75aba44e1de6242eebe,2018-06-16
53e0f6555268ce0f38604a0e81e774b3,59e134fe4b52bcaac2a9c6458d37ab1c,delivered,2018-07-10 19:51:24,2018-07-12 03:06:12,2018-07-12 19:46:00,2018-07-24 16:51:23,2018-08-06,b7fa5efbcbc99a15031f7c3b20e3a246,2018-07-10
9f6930c9edfd58a44a267fc734980a1e,9b10f767a186dc9110eb360dfe138bc4,delivered,2017-08-29 08:24:44,2017-08-29 08:44:37,2017-08-30 12:17:47,2017-09-01 15:36:41,2017-09-12,5059ba555cae317e0d517ae77c6e87f9,2017-08-29
a797f338da66eefca816db5328d5e5ab,2cccb8ea24cb1aaeb3aaa7710517705b,delivered,2017-05-23 15:08:40,2017-05-23 15:23:19,2017-05-24 13:09:34,2017-06-01 11:28:04,2017-06-26,df7544650aa445b6aab7b6f1e05d89f0,2017-05-23
00d88c00221ce96a1cfcaca9f2fceb3b,2726ee187e4908c9683ac2a8a0424af1,delivered,2018-03-06 23:02:01,2018-03-06 23:15:29,2018-03-08 20:50:34,2018-03-28 15:49:01,2018-03-28,f28cab5ad7d6c9b05e6cc9c310761968,2018-03-06
0097aafe2a01dd54e39888976160c377,6e6943d8c4822ead782b17d532e6ee63,delivered,2018-08-23 14:41:37,2018-08-25 02:35:10,2018-08-27 14:49:00,2018-08-28 15:58:56,2018-08-29,2302114645331312215fffbe07aab78a,2018-08-23
a7423cff9cc4cf6f1d6b749fd95d2aa1,b4f2638b64d93172899e3628f0f71345,delivered,2018-03-01 22:56:04,2018-03-02 02:10:37,2018-03-02 16:19:53,2018-03-08 21:02:29,2018-03-22,18dbec3c15cdc251484d441e4a2603d5,2018-03-01
ad544f2096a222f549ef00e32dad51ed,d233d78f0c7b854b25178c113b7185b5,delivered,2018-06-28 15:13:14,2018-06-28 15:30:45,2018-06-29 16:21:00,2018-07-11 23:11:48,2018-07-31,4455eec1f6e21d99baad7f67d875a2d8,2018-06-28
aedce246ade02620f9c056df0c751549,35d0fd92c0afd25506d37f718310b848,delivered,2017-11-21 19:33:22,2017-11-21 19:46:40,2017-11-24 15:09:11,2017-11-25 15:12:56,2017-12-01,dc50bed4993a12f1d7cf530f7b30daac,2017-11-21
eeb2b8a01182310bf1707f3a2260aba0,810b7ace159ddbdf9accb33dd980f591,delivered,2017-12-05 11:31:42,2017-12-05 12:30:59,2017-12-06 20:32:58,2017-12-10 11:42:47,2017-12-22,6f3e851fbb4d1d36c3dd3547ba71295c,2017-12-05
82cce4cc0f0e7d1c582aef545333afcc,c61363977ae648d0d15932f2fc78789b,delivered,2017-12-12 00:24:45,2017-12-12 00:37:30,2017-12-13 18:28:49,2017-12-20 14:47:29,2018-01-12,d2187dc7a5fe7d690a44e28ee37bf594,2017-12-12
cf18511cb84b8a7ca3c2b417bf1971a7,a317ceb88dae0225f3f124112ec44808,delivered,2017-12-06 21:12:03,2017-12-06 21:30:38,2017-12-07 18:12:26,2017-12-26 14:29:09,2018-01-16,c1acc756c8bb98f98d3bf803ab332d4b,2017-12-06
a2ef0b7cf1506372dbf591def053d0fd,1a804744ece7190d49c6d127d5d743db,delivered,2017-10-29 22:36:41,2017-10-29 22:50:15,2017-10-30 15:36:06,2017-11-06 16:06:50,2017-11-17,d0ff58b365fde5861fb0bf7f8c969bce,2017-10-29
695809f787c7cd226121bda23bd48199,def59716cc3f5bd8f7b45e5e92f354fb,delivered,2018-04-26 13:50:50,2018-04-27 13:52:57,2018-05-02 13:25:00,2018-05-03 20:15:42,2018-05-10,84159249f929a105b2ad61575cf9c0eb,2018-04-26
b17656c0ce138e982f37560850a9bc5c,247f48f9a68755362074467acee8a242,delivered,2018-08-17 10:20:21,2018-08-17 10:35:10,2018-08-21 17:55:00,2018-08-22 16:12:21,2018-08-29,cf59543e03e899957e7e6dc6c6e62619,2018-08-17
279e00e0fbb287131056b0612f84ab6d,738f0be439f77175ee60f64e9e9bb0ad,delivered,2017-07-26 09:44:18,2017-07-26 09:55:20,2017-07-28 20:42:05,2017-09-06 20:04:10,2017-08-29,917ea6ff2f71da154c6fb2ac2528af99,2017-07-26
c3a69fde488a4b9b7052e6fced30c6af,f4a8f3b6895a0bd2322a9baac14d475a,delivered,2018-02-22 17:10:52,2018-02-22 17:28:43,2018-02-23 18:13:26,2018-02-26 15:52:28,2018-03-08,3dc40d3212dd9372e289296eeb621914,2018-02-22
71ebfb916db0911bb0201d56790bc485,e6738a8d4b16b51667800f867c24d444,delivered,2018-08-21 20:53:43,2018-08-21 21:05:16,2018-08-22 16:36:00,2018-08-28 21:51:36,2018-09-03,18f3465c95a1314ad1536112aa513110,2018-08-21
2583425d8fd6d2a22d92c8480c1b546d,f643e1150f5707c0d4136c51f9db6cb3,delivered,2018-04-21 19:47:34,2018-04-24 18:58:48,2018-04-24 19:29:01,2018-05-01 15:11:06,2018-05-21,83947230de9d7dd167a59ffdc8efc11a,2018-04-21
e1f238e971539b87bb93b6dbbce70611,ac91f1635b88b5f8c1dfe3d747cffb03,delivered,2018-03-28 14:58:18,2018-03-28 15:10:51,2018-04-02 15:08:53,2018-04-04 19:28:32,2018-04-10,ff27e114922de117301ebe32dcec9ade,2018-03-28
50e49c6629868bcdab3c499bb73fe2af,038677c6bb39caaf53d27c6d46fc13b3,delivered,2018-03-27 13:11:57,2018-03-28 02:47:45,2018-04-03 21:35:51,2018-04-04 23:19:32,2018-04-09,bd731a72f769936aa508d75770626679,2018-03-27
d1c60fd7acd42b1d2e2aecfeff348b23,6ecd184747f5f3fbb14e113c9bd9c6d8,delivered,2018-02-18 09:31:03,2018-02-18 10:35:24,2018-02-19 10:08:31,2018-03-21 00:02:46,2018-03-22,1ed5f142661881ff90229873b5c0df18,2018-02-18
f6cee891046f7eebf9019207ccb705e8,dfde39418d518e2313768cb54f9673a6,delivered,2018-08-02 15:50:33,2018-08-04 04:24:08,2018-08-07 13:34:00,2018-08-14 20:52:36,2018-08-27,229a698d643c45b0d0d90ab26eb933c6,2018-08-02
4d495c697709fcab0a85b3c5247f89e0,a18738ac1b8e5cca29e1ec2fca8afe26,delivered,2018-08-13 07:44:40,2018-08-13 07:55:15,2018-08-13 15:03:00,2018-08-17 21:51:18,2018-08-23,fc480ebd6bb4fb2072a151966abdc888,2018-08-13
b1526a2bd67c99a417bbd10df7904bb0,7a22cc2284c8c071bb159fb99289c831,delivered,2018-03-18 19:27:58,2018-03-18 19:47:37,2018-03-21 21:42:49,2018-04-11 19:38:44,2018-04-23,fb8bc250f9f12a9121282d4b0d59485b,2018-03-18
a6d7ec86cdee674d7af1adaf72f05cb3,be72b301165d5c4dc4028dae36aa1a83,delivered,2017-09-13 11:00:35,2017-09-14 02:55:30,2017-09-21 18:32:23,2017-09-25 16:03:30,2017-09-29,d427bffb4e8538a429204b773b6f64ae,2017-09-13
b489f7ae130ba3fd26b0a20f8cc81c61,99411e9599f8b7a90f2a362b874b66ca,delivered,2018-08-18 20:37:22,2018-08-18 20:49:57,2018-08-20 14:20:00,2018-08-27 14:52:02,2018-09-04,aaa0fa0d6f239f72e8067326c6a134fa,2018-08-18
909818cba8c724b8cf698155d8ea838c,af74d2c41b047746fe2b4f508c6b2313,delivered,2017-05-28 17:17:51,2017-05-28 17:30:20,2017-05-29 09:03:56,2017-05-30 11:56:36,2017-06-09,8f191959b1fa8a6ecf78f9a324aa7d3e,2017-05-28
ba200852dcdd71a190f40c0f4d1f4357,cd0bf19470cc0324df218d86b271b0b7,delivered,2018-01-04 15:30:13,2018-01-04 15:37:24,2018-01-08 10:24:02,2018-01-10 22:04:27,2018-01-23,b6681fdeaa13f733bbf47e1b4446d161,2018-01-04
0617fd3db51fa6cbebde41b9bd34b406,c859e1f9641a31e71020f8be665daaea,delivered,2018-05-28 14:03:52,2018-05-28 14:15:16,2018-05-28 18:29:00,2018-06-15 19:04:04,2018-07-04,7d96d0e3e9160720b6538a101955ad26,2018-05-28
8377f3e73701cb028e49d8fe3e6d987e,2493e5de8825ebc4c303f4298f97ce1f,delivered,2018-03-08 15:59:47,2018-03-08 16:31:12,2018-03-10 16:58:37,2018-03-23 16:39:09,2018-03-26,11fe264c7edfbe213e65367a041112eb,2018-03-08
1b7475ff7b8c048a93a0b27dad4ea031,98a6573f1d091284af86e1060608a4ec,delivered,2017-05-12 14:02:49,2017-05-12 14:10:19,2017-05-16 08:54:14,2017-06-01 11:32:25,2017-06-07,2caa420c216cd9debc287dddab0e46db,2017-05-12
10e133f423bb02952878401b944fa13f,f7f57fa985f2f153e3fbf2bafffe6cc7,delivered,2017-11-14 14:41:21,2017-11-15 14:35:33,2017-11-17 21:27:42,2017-11-22 22:03:47,2017-11-28,60f5f3a6aa066cb41e165ac5d5075d97,2017-11-14
7adcb3fbea63cc564e4cab47e33354b4,70f5029b46796e97905c9c193617e317,delivered,2017-08-07 21:58:34,2017-08-07 23:03:18,2017-08-10 16:54:03,2017-08-14 22:17:53,2017-08-18,8f54419aba202f0166bc4fddf2edebf1,2017-08-07
b862519c16da1f1abeacf50d35c11f9b,1738b1d50bc283d77d891200308a32bf,delivered,2017-10-16 13:43:45,2017-10-16 13:56:18,2017-10-17 20:32:57,2017-10-23 17:18:23,2017-11-06,23251e835cf26f5171a896b505025a01,2017-10-16
e699e3eba235aee5f9c5d48559430616,91942c624a11f84639dbfaa10d9c3fde,delivered,2017-07-31 16:42:29,2017-08-02 02:34:48,2017-08-02 17:16:04,2017-08-14 19:08:00,2017-08-29,edd6f6fca7eff75c144d8f6242758869,2017-07-31
3204d768f424c527945af498dfdc005f,642fb2f2a74768f7758d06635e137d26,delivered,2018-06-18 16:40:48,2018-06-19 03:36:30,2018-06-19 11:03:00,2018-06-23 14:38:27,2018-07-11,c11da26f2f89c9df2e88d6e4ca699074,2018-06-18
e65d919c8e10d902b34ae4c8aeb57ae9,b7c088b0630cf05b5f323708333c0d68,delivered,2018-06-13 20:03:02,2018-06-13 20:21:27,2018-06-14 13:23:00,2018-06-25 19:42:06,2018-07-13,b4b4cbbcb456febdcfb8c2ca8d85b76e,2018-06-13
55471a53555cb61d9cd2ff895a278033,e0238838a5325f1c2c2646a66109ff89,delivered,2018-07-02 09:34:13,2018-07-05 16:09:39,2018-07-05 14:33:00,2018-07-10 22:22:44,2018-07-23,6b617f3d18018923e9c65a8bf2e8227e,2018-07-02
506905ea049bb2c4d984a023b70a3035,97fdf5b0f82ffa26e4fd38806a5d3242,delivered,2017-07-25 14:51:25,2017-07-25 15:07:41,2017-07-26 19:12:51,2017-08-01 21:22:49,2017-08-18,dba58e78b6cba1f49548601e86a3963f,2017-07-25
800c8a15369d74de7bc13709ef847d4f,365a457df99b094247729503a540e924,delivered,2017-12-04 14:00:59,2017-12-04 16:48:54,2017-12-07 20:48:36,2017-12-18 16:08:10,2017-12-29,aadb2d99f86a86e69e981e1ea6393f3f,2017-12-04
d7e08a6a516357efaaf0412c6fcb1cad,2c3de6748bde50fc0b92f68dd7c6ade9,delivered,2018-05-04 16:18:48,2018-05-04 16:30:33,2018-05-07 15:46:00,2018-05-10 14:12:50,2018-05-24,a5ff42f7205fcd07c041fecc4c2ace0e,2018-05-04
b703b9bca2536eca02a03e9f8f00fc47,9536cfdb0347ce81dc7d416149ee18be,delivered,2018-08-12 13:25:50,2018-08-14 04:50:28,2018-08-27 09:20:00,2018-08-28 13:49:01,2018-08-21,ed98f2d5a0b9c42838996e9ad75d59a5,2018-08-12
34cb7aea9fb1df274bca0a4ade9c4f05,749b2077e835452cd5fbcf5cb13c8f6b,delivered,2017-07-30 20:19:48,2017-07-30 20:35:09,2017-07-31 20:34:05,2017-08-04 17:33:30,2017-08-18,73dc0d39c85572022b6c3803ffcb2f2f,2017-07-30
b96cb3fd98ba13f5a573fc64dfe1ee10,ed4a44ab55a35b95b8e0b30e84c24422,delivered,2017-05-25 22:18:31,2017-05-26 22:25:15,2017-05-29 08:10:28,2017-06-06 13:31:41,2017-07-03,21989dae247feb80638a5a7ae1d5c25d,2017-05-25
6deb828ed16ff2bd22abbd97663de110,638d91df38cb216db480d6b763f87dff,delivered,2017-07-25 22:23:05,2017-07-27 23:04:02,2017-07-28 18:17:43,2017-07-31 22:17:50,2017-08-07,957bdc3750ee861b42222021f3084831,2017-07-25
dad25b8109c99779d47475dfa7f54371,d4c41f8b47c14649a4ff7b1059ab6eac,delivered,2018-05-08 22:12:19,2018-05-08 22:31:38,2018-05-09 15:30:00,2018-05-10 20:04:10,2018-06-01,ca5c1f11a1437f2fee540ec7486874b4,2018-05-08
2e9d747cb44445311556da99c530773a,49408412569c17ef3b50f801de020c3c,delivered,2018-04-13 11:40:42,2018-04-13 13:30:01,2018-04-16 20:59:52,2018-04-20 21:44:55,2018-05-17,82f070e6a8ff03660d3e0e9f740d2854,2018-04-13
e6e33920ebe2e3442b4c9cf86d4721aa,22de66d61152dcce3ff193b0734a2a7f,delivered,2018-07-21 16:01:11,2018-07-24 11:32:51,2018-07-25 16:42:00,2018-07-26 21:55:50,2018-08-01,bc897a7580447cd7bb7416411d0b6442,2018-07-21
b5be0d1904a2ec4994047e07b0104681,62cd17312190f965adc81902c00c20cd,delivered,2017-07-25 15:13:05,2017-07-26 02:25:38,2017-08-01 12:13:24,2017-08-02 19:03:10,2017-08-07,23377791df925b1158ea0e673839b1e3,2017-07-25
d77e4ebb756cbb3f6126fd04a1b127b2,0f23da109cc9cb6b91576ecb8f318eda,delivered,2017-12-22 18:48:59,2017-12-23 09:47:50,2017-12-27 18:14:50,2018-01-05 20:38:51,2018-01-24,382b6c40534dbe6ce8b82de0e829b5bb,2017-12-22
fa0d6d911b362948d8f86f9a703c268b,aaffdf9f54d22f66d1feedc80e7c6ec2,delivered,2018-03-18 18:35:39,2018-03-20 03:28:40,2018-03-20 21:04:09,2018-04-06 18:38:40,2018-04-05,257a8c7cdd55d5436d9c45a83979aa1a,2018-03-18
417f3a2950fc1952340b349f0dcc7a25,bc968b98be25adf5cf08936c394b6b99,delivered,2017-04-22 21:39:15,2017-04-22 21:50:16,2017-04-24 13:24:17,2017-05-04 16:45:42,2017-05-24,423d40b193638955a782839886648464,2017-04-22
f043d325dd5b6eeba051156b18d49dd8,5272d8676880914db6e41921f373f59f,delivered,2018-06-08 09:43:52,2018-06-12 04:57:45,2018-06-15 12:12:00,2018-06-25 23:21:46,2018-07-12,97e5501feb2532ef0e124d2dc4e86537,2018-06-08
4a2e9754d61d7f8f0b41fec143e166e4,f41451d33ba6f06c67324fcdef70dbde,delivered,2017-05-28 22:18:09,2017-05-30 13:08:22,2017-06-01 14:29:16,2017-06-05 14:23:37,2017-07-07,85b05a25b5be26f631e913ff5d2e8e95,2017-05-28
c754df662a2370682a708ef4b36b63cb,cd170924602e8e00c9372c71a125536a,delivered,2018-08-16 22:52:29,2018-08-16 23:09:27,2018-08-17 17:05:00,2018-08-21 00:57:36,2018-08-21,7d0dcbb0e866ab4751265cb56cac6c39,2018-08-16
ff9de84a5b397156b1f1f216fd5bf074,9a5057d3e4ae7aa7db6efd4db21c901b,delivered,2018-08-18 02:42:23,2018-08-18 03:09:53,2018-08-20 07:37:00,2018-08-24 15:34:32,2018-09-03,c6ee0d123a672a9130b90f098df01da3,2018-08-18
f7fad682a022f51cd2cd7355ae941ba4,4627796c14c8e6d2f8eece829c5df4c5,delivered,2017-12-17 12:30:47,2017-12-17 12:39:35,2017-12-18 18:17:18,2017-12-22 16:11:51,2018-01-11,a693349eb3b274c25abb9ac598eb03f0,2017-12-17
841f22552ef7bc21e205df35283025c4,616ee49a34c54a09dd48d105944aa843,delivered,2018-06-06 12:49:27,2018-06-07 12:58:09,2018-06-15 13:57:00,2018-06-26 18:28:33,2018-07-23,c4ce884d80af81a83b7646e4d39d8085,2018-06-06
0a308be0b454b3664e06318c9bd6a5be,68914b86fecc505772fc79427f0cbb29,delivered,2017-02-28 22:12:55,2017-02-28 22:25:09,2017-03-02 10:35:13,2017-03-16 13:42:06,2017-04-07,2f8fdcc19a1a75fcbc5fb429998336bc,2017-02-28
f7198d6fd9c02f8d7f7646b213376ddf,d32c1be9389b63d5e611ae874bf4403d,delivered,2018-02-24 21:15:18,2018-02-27 04:31:12,2018-02-27 19:33:48,2018-04-06 20:33:34,2018-03-19,6d9284ebe2826c96d9be5d939fd7b1b2,2018-02-24
8f22f06e256ac729f8a1850a4a36edf6,cf8df7d17394b6c3d02a0968f39967bc,delivered,2018-07-01 21:00:45,2018-07-01 21:10:17,2018-07-02 14:59:00,2018-07-07 14:37:50,2018-07-26,4ba104163286314a743a1e43e433e344,2018-07-01
df7560ee1b8ee379664de6e7fe290baa,6d7f870e9a0ac4c6260e01c5f3e80eb6,delivered,2018-06-20 10:42:40,2018-06-20 11:08:30,2018-06-20 14:09:00,2018-06-25 21:53:32,2018-07-26,0ec0c879543812392056e9c5a13bae70,2018-06-20
57d9f3094cf2e78f92e29ffabff34a1c,355c2aa61e6c0635c827fff8acf4dcd2,delivered,2017-11-16 17:04:13,2017-11-16 17:15:50,2017-11-23 18:08:59,2017-11-30 17:23:37,2017-12-05,632a40b1c55feba3a59bfbaf8ca4e3aa,2017-11-16
08597f2b3cec1c223f1b7950bda0a9fc,f9838c605267c6c32feb7159929c2200,delivered,2017-10-23 13:31:12,2017-10-23 13:49:23,2017-10-27 20:18:30,2017-11-01 23:37:32,2017-11-13,7d8b6151fc4a95213c0e97795fa0f496,2017-10-23
b88860903858260cae60601cf2afdab2,12940c51be2a1cef4d799633e365873c,delivered,2018-01-30 20:53:01,2018-01-30 21:13:25,2018-01-31 19:57:47,2018-02-05 12:53:19,2018-02-26,f5de0974b0dc4ead386b56789c975824,2018-01-30
2d824bac66ec7467745b2defcee22c1e,4e4450d27721ab62e36b901a32271ab1,delivered,2018-03-10 11:48:30,2018-03-11 11:49:26,2018-03-13 15:03:39,2018-04-26 13:09:35,2018-04-04,bcf41ca0dfbe0f2d2b3a0ed9b4e2be3b,2018-03-10
466253637e6e6f77690b086dfaf2be50,ecc8293d894d03bc97a108172b50b10e,delivered,2018-02-06 10:54:24,2018-02-06 11:15:38,2018-02-06 19:33:34,2018-02-22 01:15:42,2018-03-09,6d1c1af0bb579f32d446aa137eacfff2,2018-02-06
f319cdb9500c67c7a9f1b340da9c2d4d,d51cc254970c57a60ae33775ce9d7322,canceled,2018-05-21 18:19:37,2018-05-21 19:16:05,,,2018-06-07,7ac556717358b407f895dcd15b583b1b,2018-05-21
4d9fde0f41ed6d10cf0353449abf49aa,1ed0b85dac00765f5ada1d0b4d672f4a,delivered,2018-02-11 03:03:18,2018-02-11 04:29:19,2018-02-14 18:43:01,2018-02-22 22:45:14,2018-03-07,2ec64d8d386cde3ff78089964a5ccc11,2018-02-11
093fb737d1bbfe9d3794b96acf28d546,d2c602b2c49567d1e76cdf168ae8a5d1,delivered,2017-05-08 13:13:38,2017-05-08 13:25:25,2017-05-09 11:19:32,2017-05-16 14:28:08,2017-05-31,9847394a836eab7c0e6fb0ac5befa987,2017-05-08
3629454fe243df9fe9b49babc52d98e6,d90359b63914d35b6058e423f964db77,delivered,2017-03-11 19:12:49,2017-03-11 19:12:49,2017-03-15 14:14:08,2017-03-21 08:58:35,2017-03-30,1447b1e0484692a68d0c42a25d9ada01,2017-03-11
8099ad6fc17173a53f09ba11910314ba,7132ea39e431e581e7f0fd9f0ef2d54a,delivered,2017-05-20 19:31:30,2017-05-21 09:32:14,2017-05-22 09:35:52,2017-06-01 16:32:46,2017-06-26,12c014a2befc962df8d4fcb42a8b95aa,2017-05-20
7436f90385ad44df26975c86ee59e085,1081bac0d0f72391e7c60d0812c8ec5b,delivered,2017-08-22 15:19:49,2017-08-22 16:20:20,2017-08-23 15:52:44,2017-08-24 19:46:08,2017-09-12,a7db22e66ddc7c094e748b9b25b0bc9a,2017-08-22
246b81e476821bd754ad38f6f0427549,cae960fb0f046ec619b1cb0b1da7de10,delivered,2018-01-31 22:26:53,2018-01-31 22:48:59,2018-02-02 14:18:36,2018-02-19 23:22:40,2018-03-05,e8ff501d03c5f3ac7674c93dce33bb3e,2018-01-31
153021ffa26bc5620848b4ab5c7f74a5,0aeeee00a80369aaa6d220e46d74e055,delivered,2017-06-17 20:49:07,2017-06-17 21:05:11,2017-06-22 07:47:41,2017-07-06 13:29:01,2017-07-13,f3335c8623493fc04af3d66a5d4dfb2b,2017-06-17
f43fb0871c1cce25de31e9cc5732699f,89293535456fbe748a2d9b0e392c51db,delivered,2017-11-23 18:15:17,2017-11-23 20:13:50,2017-11-24 19:41:59,2017-11-27 16:38:49,2017-12-07,f1d66fe354db4b61b1e3e4a02a38a7e7,2017-11-23
95fd02c37f493e9525e3d3c1ed54653a,8bb46af2da65493427799b95d0739d34,delivered,2018-02-27 13:13:59,2018-02-27 13:28:43,2018-02-28 20:56:41,2018-03-01 12:59:14,2018-03-13,877a47a9c3f87b14581bd7ad4b6207ea,2018-02-27
eedde7b7971429b2b6ae01b53411dd90,29e57c6ac5c73af2dccafc3677593739,delivered,2018-06-11 14:32:25,2018-06-11 15:01:29,2018-06-15 14:21:00,2018-06-19 21:04:04,2018-07-16,7b9b6ec5f025ca18391a0e989f412f23,2018-06-11
1174bf62e0b41ba7abcab764adb61511,5e798840beab6800009c8373d0687a6e,delivered,2018-01-03 23:00:01,2018-01-04 00:56:41,2018-01-08 16:35:36,2018-01-20 00:38:51,2018-02-01,7fd6ac8c8c1e7161a9fa62c2dca556cb,2018-01-03
078631b9a61981e46492905d792730c2,ff8bbdad408a29736ad4e73dd740f896,delivered,2018-01-29 12:54:22,2018-01-30 03:47:30,2018-01-31 17:43:12,2018-02-20 20:43:23,2018-03-06,e082e78a5e3b63c4c4ddd7599c6822f2,2018-01-29
1bfa854220b28ba00aff2b4c40daf3ee,a99e84a562c9d7322420030c86f4153c,delivered,2017-11-02 10:32:27,2017-11-02 10:50:34,2017-11-03 21:53:47,2017-11-14 18:02:37,2017-11-28,f73623e9a837ef6edaf0c0f958fd5dd3,2017-11-02
79f7d697719bb0bd65cf1a1c5fc67348,6915b14e9f6ddc88067eee9334e66867,delivered,2018-06-06 17:17:10,2018-06-06 17:34:20,2018-06-08 10:52:00,2018-06-19 11:09:59,2018-07-11,0db99be64435c2c4ffed6c297bc5baa4,2018-06-06
5c51a7f4f8a9a7abd2e089844082f748,42356f821a14f6c5ca7af0392a4141cb,delivered,2018-01-17 13:01:08,2018-01-17 13:12:26,2018-01-23 22:19:14,2018-01-25 17:43:35,2018-02-01,b19b0ddb005f08e23642ec8878e956b4,2018-01-17
59e44a5b3531b9de0e55335ef6cfce2d,4c2596cc24c1451ffa0745389966d535,delivered,2018-06-03 20:05:45,2018-06-03 20:15:25,2018-06-06 13:05:00,2018-06-12 17:37:50,2018-07-31,1f23d911c12d292d98062d2865911421,2018-06-03
5f4ca60a3374aa89fd1ceeb0431c0c80,352ef4ddf555009bf60410fa9b80bc81,delivered,2018-08-09 17:02:48,2018-08-09 17:45:26,2018-08-10 14:49:00,2018-08-16 20:38:38,2018-08-21,b692c48b13766e198a7e69f0be036bfb,2018-08-09
67bd09a5f4c0e40b5a740a78f51a8b5b,16d372b5ac4b2e258e740fe8054fd852,delivered,2017-09-08 16:31:08,2017-09-08 16:45:33,2017-09-12 22:02:52,2017-09-20 20:00:31,2017-10-06,4e1bf614b0d8b6c1fed780b91f39c203,2017-09-08
1b0577d71cd408c29c2fe1c9ec939056,e2b936f648da15af17e119a9bbadf9e0,delivered,2018-03-08 19:22:48,2018-03-08 19:35:35,2018-03-09 22:05:02,2018-04-03 19:32:20,2018-03-28,6594a65023bcb47539aa91b0f8e98e00,2018-03-08
5330599ad58e0e0355fcb5c997d3f8f2,83b344733bd1afd8dd5fee2b1233867e,delivered,2017-09-02 22:37:04,2017-09-02 22:50:14,2017-09-05 19:17:46,2017-09-11 19:23:05,2017-09-22,ae20947231d4d44dde1680a7ab14d90a,2017-09-02
73bd0bcebfe29c19c0c2422a811597af,c6f1bf6be1b8ab642cc2dd066aca9b1e,delivered,2017-11-26 19:15:22,2017-11-26 19:34:15,2017-11-28 16:53:02,2017-12-06 13:04:27,2017-12-18,e51a69059febdb417ce8df47a58aa668,2017-11-26
1b900d4d10e97580eee435e3474110c8,7bea1627c3e438f1cf401aa2c53fea2d,delivered,2018-05-23 18:32:43,2018-05-23 18:57:02,2018-05-24 13:37:00,2018-06-06 20:19:03,2018-06-25,c78c4f7a23f66b0947b270b656bd98ab,2018-05-23
4cc95216e51190048472a2baf6fa53ee,b6775841f60dfac1e22467141c49b56b,delivered,2017-10-14 23:14:43,2017-10-17 04:08:46,2017-10-18 21:16:54,2017-10-25 21:16:35,2017-11-06,ff28d873d960260278acba659ac5752d,2017-10-14
3396030721df1dfa13174f9aa28c020b,09aef328f0ac5a281ab557b909c24401,delivered,2018-04-15 11:54:15,2018-04-17 04:11:50,2018-04-17 16:03:16,2018-04-21 01:28:52,2018-05-07,00e336519abc0012c8711db2132467ac,2018-04-15
959c17b26a28614c8e8bc4758dea8952,15d39cca90e1af65707e00c7b3874351,delivered,2017-10-23 10:35:09,2017-10-23 10:50:15,2017-10-24 17:38:44,2017-11-03 18:32:40,2017-11-14,332d58c74b8447cc6645286d841a485b,2017-10-23
74de5414be822d0c843d1c6d9efffe34,fe5dc051e7c0d5a9a5d90157b301df69,delivered,2018-05-30 09:25:25,2018-05-30 09:35:16,2018-06-14 15:21:00,2018-06-21 18:22:15,2018-07-05,b403efe833ecab9174bb9cdbc25bf225,2018-05-30
07b4f186d84795c78fcd70a18b36c256,1241066fe4eb287cb32cc128d0c4af4a,delivered,2018-08-09 11:51:59,2018-08-10 03:24:52,2018-08-15 14:18:00,2018-08-23 22:22:41,2018-09-05,08f079395a188f5d5b175588fd8d420c,2018-08-09
eb25b57cce5990ecc259c59e8052fece,927b06f5ce969c33aa974d38b1a49de3,delivered,2017-07-12 17:17:00,2017-07-12 17:30:22,2017-07-14 17:12:47,2017-07-24 18:19:57,2017-08-03,043aac2fb4895fee3be40a7ddbd28577,2017-07-12
bd894bb88ebdb133ce403833d188814f,cf403f7325b6f0bd65dec9b3793277df,delivered,2017-11-27 07:03:15,2017-11-27 07:16:52,2017-11-30 22:16:28,2017-12-12 19:34:35,2017-12-18,025243a8f6e8e4afd7def031078725bf,2017-11-27
2db7a2126c798c9f390d0c8dc5986530,60f582870208015bcf97da37b505fa2b,delivered,2018-04-02 22:39:59,2018-04-03 22:35:18,2018-04-06 23:58:21,2018-04-13 18:12:30,2018-04-23,3492ae2712b914222e66812da094cc77,2018-04-02
e4bf4cf0817d499ec9e8807b121129f7,aa154dbe6fa58ff5b8dc04278934f841,delivered,2017-07-17 15:13:35,2017-07-17 15:25:18,2017-07-17 19:41:17,2017-07-29 13:03:19,2017-08-22,dc1f3e90dc290f7709291d4694eaa2a8,2017-07-17
086fbd1d738c8b0bf972f0757bc57e9c,f564b9f9bbf621efb4ef205c439ab559,delivered,2018-01-15 11:54:26,2018-01-15 12:38:20,2018-01-16 11:09:03,2018-01-31 15:29:01,2018-02-08,c6633008507807be60c81d0b42645777,2018-01-15
c334df2de33b1fe163046d893b2cc28d,3afb4376b76a9615a6c548f25dcb251e,delivered,2017-06-25 14:52:01,2017-06-25 15:02:52,2017-06-26 10:09:49,2017-06-28 12:39:42,2017-07-07,78e25992c2a0fa7cc3828c3e777ead0d,2017-06-25
b17c8b612641d44b16b1e306763d33fe,f827b1235c2146302af1327f4461957d,delivered,2018-07-02 18:35:13,2018-07-02 18:50:30,2018-07-03 13:34:00,2018-07-12 20:55:28,2018-08-06,4da2181b308c5af16e4c18483cea5b48,2018-07-02
dbfe4e468c74ac901314aac3d2915e40,758c08b6ea220ebc93f6048997872592,delivered,2018-08-07 20:58:29,2018-08-07 21:10:11,2018-08-10 08:23:00,2018-08-15 23:48:48,2018-08-20,daeec207c0475c77016ee647a6e9c882,2018-08-07
6fa75611a64dc552025fc1c48cc75cf4,05918175d2c82af715f5ca32bd7c5e9d,shipped,2018-03-13 13:22:02,2018-03-13 13:30:28,2018-03-14 18:32:04,,2018-04-13,c7e17ebd4cb3cc7f6c6aa7533ec491cd,2018-03-13
8cdf6f8f13da3e9e57245ad6a35e5eaa,83fbf2cad0c9510da566e5681efe63b2,delivered,2018-05-02 23:52:45,2018-05-04 03:31:48,2018-05-10 15:36:00,2018-05-14 16:07:42,2018-05-24,45927267a952c1861367cd861ac321f9,2018-05-02
1234a83b9c1d13b6d3308dd2000d60b3,f71aed45047f9c67240fe76a11fe3343,delivered,2017-09-11 12:52:19,2017-09-12 13:04:22,2017-09-13 13:24:56,2017-09-22 18:35:53,2017-09-29,7b6aa0021203518774645a9def269ef3,2017-09-11
bdd09f356f1fb252571e6834bbea357a,a992e6c27f495b4f069589d84ef4959f,delivered,2018-06-26 14:33:02,2018-06-27 08:54:34,2018-06-27 11:23:00,2018-07-03 10:08:43,2018-07-17,65f813f6217ac8589a850c6125ae3e3f,2018-06-26
bb1e19124a79d7567645189d83030101,b9dbf93d6dea7dcc429fb68927bb8c5d,delivered,2017-09-15 15:19:25,2017-09-15 15:31:09,2017-09-18 20:12:22,2017-09-19 21:58:40,2017-09-27,e0c97b4cdc5b3857f85daafeb9effb55,2017-09-15
face81f3fb42523ac7e0a0d6f0149d34,4bf95d4f05278e600faa3fdf6f6b6d9b,delivered,2018-02-05 16:57:34,2018-02-07 02:52:07,2018-02-08 02:21:38,2018-02-16 22:05:06,2018-03-01,5d8f299b9ebf818f8a5e40543944d539,2018-02-05
727efa2785deaaad8480da8e66db7e67,17f1be05cfeb6d0f2381fb77ef64bfad,delivered,2018-07-14 17:14:10,2018-07-14 17:35:14,2018-07-16 17:31:00,2018-07-23 21:11:33,2018-08-14,6126602b1ba79093ff094383c053d48a,2018-07-14
538c04c1b131ec55fcb33857d597c05e,07f1f3a3633860249841c0b7d5bbe09b,delivered,2017-07-21 21:16:46,2017-07-25 03:35:17,2017-08-01 18:13:57,2017-08-08 20:39:04,2017-08-15,9688aabd7b8d283bc2d134ef7c968a4c,2017-07-21
3cc541809872382b28df3d51b420c807,8d44fafcc5e2c294d8f71e51312a17c3,delivered,2017-10-14 06:56:36,2017-10-17 04:09:44,2017-10-17 19:32:28,2017-10-20 16:06:30,2017-11-03,a4a34b3859f842babe16c391491c73c5,2017-10-14
61c724e40941762318a52917a4acc55c,863f773a96fc2d7e114f0bdad46252c9,delivered,2018-07-17 15:04:48,2018-07-17 15:21:20,2018-07-18 09:34:00,2018-07-19 15:56:37,2018-07-25,14961d58484df87472adb554ab7d14be,2018-07-17
a110dc76d143226dd697dedf9f513f14,05f55bda9372fe11109aaab2c157b57e,shipped,2017-02-08 18:51:14,2017-02-08 19:05:08,2017-02-22 07:57:45,,2017-03-09,8f0fee0b8eb7eeebf17f061341e9d737,2017-02-08
b4dc25e49f1f3eee3262f45a26a91c27,55630e211aad19ea1c0a694c63d3d2be,delivered,2018-05-06 21:22:35,2018-05-08 19:34:48,2018-05-09 12:42:00,2018-05-14 18:37:43,2018-05-30,02f0b9bfb586602fe903d94044170b14,2018-05-06
219d7856c8969f8f7087ffe19ae28a36,a582b5b6122b059b61fd2151d0ed11fd,delivered,2018-07-22 16:03:59,2018-07-23 12:32:21,2018-07-24 08:36:00,2018-07-27 14:24:24,2018-08-07,96cf0dd10606a3ec0a34769f812f41b4,2018-07-22
b7db45f8be850ed08d9790e874772966,61fe8bb74fbc2eac555010a7bbe4914f,delivered,2017-12-19 15:54:00,2017-12-19 16:10:16,2017-12-20 20:25:22,2018-01-08 19:27:36,2018-01-23,703ac5ef51ac1e720a792f4b24d74cc8,2017-12-19
60b937da90f851b4fb55afb5d59d460b,b96b8570180e3baf84c3cc359d980e2e,delivered,2017-08-03 17:18:23,2017-08-03 17:35:17,2017-08-04 22:27:59,2017-08-07 14:15:40,2017-08-23,a73c5464692d3bc09d64e3edefae9015,2017-08-03
5393e88fa91aba9ea46a9f403d287df1,ec1ae820c73e32b6475b51a1d9016316,delivered,2017-08-26 18:39:15,2017-08-26 18:45:38,2017-08-28 14:43:05,2017-09-06 17:23:26,2017-09-21,75a323c270c034cdbf742a41f71c88de,2017-08-26
243e51c6daa403a763ee38c31ebdb883,a92793be3ea218a1c299ef149d5584c2,delivered,2018-01-04 08:58:51,2018-01-04 09:06:24,2018-01-05 12:18:52,2018-01-12 22:27:05,2018-01-30,f9a19bbde55fdbb899189f8c71272570,2018-01-04
b29cb9e8d3d9563d11aba58b276705d1,be86627bd51be1f543e75f01a3c89acd,delivered,2017-05-17 20:31:55,2017-05-17 20:45:18,2017-05-24 14:10:58,2017-05-30 05:49:38,2017-06-21,593cb774409e5239a1946d1c88e0813d,2017-05-17
6a94666b47f6006dda56e5edc10968a3,fdceca9202d57e4bbaa7a6f09d677c9a,delivered,2017-01-31 09:57:39,2017-02-01 04:33:17,2017-02-01 10:38:21,2017-02-06 14:31:39,2017-03-22,915576ac0abe2ffd7a97c7db777108bc,2017-01-31
df7c36238f2fe34a946b480a147a040c,254fe3d1ed9fed6bdaaa505dfa5669eb,delivered,2018-06-03 22:26:08,2018-06-03 22:35:21,2018-06-07 14:49:00,2018-06-08 20:54:18,2018-06-28,0971eea0b7a72ae9ae7050fde417da05,2018-06-03
6ee89dd6efe32b77d0f988f6d641af71,6623961d762191d166cc174dd12ae10d,delivered,2017-11-12 12:05:40,2017-11-12 12:15:56,2017-11-16 18:52:51,2017-11-17 12:13:10,2017-11-27,ebf4bcc1736e5cda46d8107d9a692bd6,2017-11-12
3ec09614b4f70768683f64a1aea0a3a8,31f168e91bd18daa81753c594e8ce462,delivered,2018-06-11 22:12:41,2018-06-11 22:40:55,2018-06-13 14:01:00,2018-06-14 19:03:44,2018-06-21,76d2460db5c82073d1580f2bbe70acbe,2018-06-11
fb1ede4fdbea07d0b54f55338978e7f8,1ccc1918bad41ecd72e830f2e50d2982,delivered,2017-12-25 16:55:27,2017-12-25 17:08:41,2017-12-26 21:18:49,2018-01-09 20:04:34,2018-01-24,3996afa592a519717b605685279f3ee8,2017-12-25
45ec58d30f2023e4dac16d956a657ddd,62d7df8850fd19bf7a67afca5b7e65bb,delivered,2016-10-10 10:28:51,2016-10-11 05:02:01,2016-10-25 12:09:01,2016-10-27 17:32:07,2016-11-30,a280408a71fb62ddc8ba902d4f86d681,2016-10-10
c1bef4d15c96b3625b389a5abdd23d8e,e07ed8d755fb3e982429fee3841ac478,delivered,2018-07-26 19:06:06,2018-07-26 19:24:54,2018-07-27 14:05:00,2018-08-03 10:47:08,2018-08-16,f6e9a8300707615cf6ca3a8517e5af72,2018-07-26
95b1d0b73b19c6fff384a9036a89e484,f68e7cfe3a0564b1dbc5ce7a489dcce8,delivered,2018-08-03 22:01:54,2018-08-07 04:05:21,2018-08-10 14:37:00,2018-08-21 16:42:30,2018-08-20,d069adce83b62df420ac19008ffc57a7,2018-08-03
598296af46cba70d254fa0f069b79ab6,b49737581a0d2bded4cad182940ebc3b,delivered,2018-04-16 12:19:10,2018-04-16 12:32:50,2018-04-19 02:49:45,2018-04-25 18:26:30,2018-05-07,2dafafffb2bd38b6c0c9ce53e85127f4,2018-04-16
2965ef8e9b42fd941f044c6b197246f5,0dd783efab8da6e6c9b27fc94f6dbb8b,delivered,2017-09-07 12:09:29,2017-09-09 11:04:29,2017-09-12 16:14:52,2017-09-13 19:22:09,2017-09-22,941dfe8e33d8bb3e80b9dc51e3f6b81a,2017-09-07
1d21d81713a3dea4ee564c915cf2fd94,7ba8bdd359b397be54d6e280b75b0987,delivered,2017-08-05 09:55:04,2017-08-05 10:05:26,2017-08-10 19:36:50,2017-08-18 19:16:44,2017-09-05,9b03f2721fb73962781bae9322b0c071,2017-08-05
c7680ec9a4fd2773375fa6817d60ffc9,2130df9aff38b3fa676dd237235f55db,delivered,2018-03-26 17:58:33,2018-03-26 18:10:23,2018-03-28 20:26:44,2018-04-30 21:05:18,2018-04-16,02a9fc337956564657d9fa17d41af27f,2018-03-26
f09f067e8ad2f131f31e6394a71b48c3,3423417279be81af6676d055effc33d1,delivered,2017-03-08 18:40:08,2017-03-08 18:40:08,2017-03-14 08:40:22,2017-03-18 04:38:23,2017-04-03,13dbd4fc6e425eb9d9d34101a317ab3b,2017-03-08
9df586b8ab146a451addcd354a27a3ae,e7effc4ed3d668c0156a01b47076b31d,delivered,2018-01-10 14:50:52,2018-01-10 15:12:03,2018-01-15 16:38:56,2018-02-01 17:15:18,2018-02-16,04a491268df3048b391b4bfd237cdf6d,2018-01-10
b918857b7289075da14325e369374e4b,269275e519181d7946ad8bd709584970,delivered,2018-06-04 18:50:01,2018-06-06 03:11:18,2018-06-07 18:27:00,2018-06-08 21:47:39,2018-06-28,e2439c7b04c3500e7a4aa7a208e78f70,2018-06-04
1a271fc8bb3a9a776ae5c012bf017ac5,7a785eeb4a33bdb523fda4d791ce4e0c,delivered,2017-05-16 16:35:01,2017-05-16 16:45:11,2017-05-18 08:16:47,2017-05-30 10:14:34,2017-06-09,5babe7dff334b057190325fe6d7c01c8,2017-05-16
b4a980b9e16ba7d410f9213f5eab3ea9,eb292c350a17f065fb50299f16b41d32,delivered,2017-04-26 12:32:40,2017-04-26 13:10:47,2017-04-27 08:21:41,2017-05-02 12:22:28,2017-05-15,c1c1f962ab813bc766d9f2b49f5357b7,2017-04-26
50103bd4ab4a26d767a3b899bd703bfb,3cdce08b61e2c9226246b46d0cf3bb18,delivered,2017-08-17 07:15:33,2017-08-18 02:26:06,2017-08-18 18:17:38,2017-08-19 12:55:39,2017-09-05,43cfaa844d56c565074a880a84dcde15,2017-08-17
bdfad190904dc2cc0fc9d2c54f58fedf,44a7a192f080bb63e061c2537acd4ecb,delivered,2018-05-16 12:38:59,2018-05-16 12:54:38,2018-05-30 14:03:00,2018-06-01 16:32:51,2018-06-04,23cc5aa388da66112c809072f0643d25,2018-05-16
8df2f7a8d9fb8958675f795e2f71f27d,b55b2ee30245e129386c1777d67377cd,delivered,2018-01-11 17:49:35,2018-01-11 18:20:42,2018-01-12 21:03:42,2018-02-05 22:52:05,2018-03-06,424307ee211c252263d3a4e712ef3bb2,2018-01-11
d71541c100c5e5c1c55d5db9290f8851,ee3dd5769faf8ff6cde4f3120f191d4f,delivered,2018-01-09 20:23:38,2018-01-10 10:32:35,2018-01-10 22:20:10,2018-01-17 14:28:51,2018-02-07,87d97bfaa311b3e3911a709d8be1c7b9,2018-01-09
c0fb1f0e7d72b79458a1e6a9b8165488,0c3abed07592371aae8849458ab83360,delivered,2017-08-28 08:47:13,2017-08-28 08:55:21,2017-09-06 21:52:24,2017-09-12 20:51:54,2017-09-19,fdb684aa2cf3f2290fab845ebc0f6cb6,2017-08-28
ad3653ed7fa95d0e6ed3c9748c66e86e,ff321454b4ea8fda58a0d3a0ab2609cb,delivered,2017-05-29 23:13:05,2017-05-29 23:25:16,2017-05-30 15:59:45,2017-06-02 13:59:54,2017-06-20,fcaeda59a0f0b54a72bd3c1aa65b11fb,2017-05-29
76c534dbb4c5ca67809898e7426097b5,eef334d286867001f368d3b4b240f1ba,delivered,2018-05-24 11:47:13,2018-05-24 12:18:57,2018-05-24 14:24:00,2018-05-28 10:45:07,2018-06-11,6b0f5e8ef1a126f8a31ab5bec4f48ab7,2018-05-24
ee9b8c41892be7b578ef5756d88fcf49,26f48ed86b20e6de057bac58888e633d,delivered,2017-12-30 18:04:46,2018-01-02 17:28:54,2018-01-03 20:06:35,2018-01-08 19:24:22,2018-01-26,27d59fe7ff2ed894f826fd4a7e5466ea,2017-12-30
4a44bde077699b5d6718fd30e34c0b90,df3efcdc994a1f6f86a732cd76c727f5,delivered,2017-12-20 11:49:28,2017-12-21 02:11:10,2018-01-10 22:34:35,2018-01-23 16:37:59,2018-02-02,6ef48184f5b6e3edbbcfdc9ebf401363,2017-12-20
0f6c56738e9a7a30c78b735a231d3f56,a0d8ff17d8ccc85262a9f8e059a03b76,delivered,2018-08-12 18:43:51,2018-08-12 18:55:15,2018-08-13 16:55:00,2018-08-16 21:22:49,2018-08-28,1189dba988b83709e2f76ba09c64d667,2018-08-12
a6cb10ee1e2b8d61f857c29323efa291,e8f45b116d71c20ec9731794278cc49a,delivered,2018-06-05 00:38:47,2018-06-05 00:52:29,2018-06-07 13:13:00,2018-06-18 13:28:29,2018-07-05,72d14f41fc0688683192a6cf7e4e775d,2018-06-05
262bf694d9c87de7844dd80b98fcfef3,cfdff1156078f85a811d067a6d07e80d,delivered,2018-03-08 09:27:31,2018-03-08 09:48:45,2018-03-12 20:32:10,2018-03-15 23:08:32,2018-04-10,0b8a48e12f6f9cb53e43685c79d5af6c,2018-03-08
dc3f947c4795561fca218d2ae362a4ef,8d1e0ca8d222c0b8f191595745c00b48,delivered,2017-11-13 11:36:48,2017-11-13 11:46:47,2017-11-14 16:18:48,2017-11-27 15:03:33,2017-12-08,f46b3b0f671329fc3d6f0c6bfdf70bad,2017-11-13
9fc1a6e2f46820824fa91641b996bba0,f1a7b446c9611e287e29fe3923f02078,delivered,2017-03-06 15:44:08,2017-03-06 15:55:21,2017-03-07 09:33:26,2017-03-17 09:59:09,2017-03-27,d1d18b9e37fd795708af7bc0de00ecb0,2017-03-06
51bfb3720850ad59846938a017083559,a9769808cc9723e87c29f1d4f9e97dfc,delivered,2017-11-28 20:15:31,2017-11-28 20:31:16,2017-12-12 15:33:40,2017-12-19 18:58:41,2017-12-22,c2b8974e55e81e2c71148b01a079ef69,2017-11-28
7a35319beabf36472c45cc9ba67f0745,ab10abbdb62d2535d3a3e14cb201ff7e,delivered,2017-12-01 23:36:54,2017-12-01 23:55:06,2017-12-04 15:17:01,2017-12-27 19:32:41,2018-01-03,5e9b9a8a03e7eb90d53d2ef2592b7d53,2017-12-01
4277d961a6e74ff894d817d0f781c1c2,efab367199893915154d14b191ffee7f,delivered,2018-03-02 14:38:52,2018-03-02 14:55:54,2018-03-05 22:20:40,2018-03-27 21:12:32,2018-03-26,1cbaf5cd2d2db86a7148195eab6a42f7,2018-03-02
afdf135fa4a03a2b092254ae3c2b3f2d,78bc34eff65dea3b950b3f1e88058657,delivered,2018-01-31 17:45:29,2018-01-31 18:08:10,2018-02-01 20:44:51,2018-02-09 20:58:00,2018-03-01,99496b860eb99c16de4bceab95a3eec0,2018-01-31
b3bdfdb5c05381585e97295f78c6ce29,491248a570028acb1d9b59ade2a36d4e,delivered,2017-09-27 17:23:49,2017-09-29 02:14:24,2017-10-03 13:57:56,2017-10-11 23:12:44,2017-10-25,37e76f975ef229a53d937abce338206a,2017-09-27
06bcb1eee2b6edb6351525274d3246f3,e5d9ce905a15cd4209143d34b655c8c6,delivered,2018-01-04 10:19:42,2018-01-04 10:29:26,2018-01-05 21:09:45,2018-01-12 13:16:00,2018-01-29,dd80c27607ca402b6fd97b9a3c8317b5,2018-01-04
7a8f034a4006e2540a2026e25f9534b1,279bc74323fbd113f3ead45b2887faf6,delivered,2017-06-02 22:57:03,2017-06-03 00:00:06,2017-06-07 14:49:06,2017-06-12 15:13:51,2017-06-27,7c99078d5cdf95a752ef55affe4d7af1,2017-06-02
2067304dd97d2618d28b09e9ce3637d0,bc6063f0f2cde26bee12b9e77cf5b747,delivered,2018-06-10 21:23:13,2018-06-12 04:35:38,2018-06-12 15:31:00,2018-06-21 15:28:40,2018-07-13,53a956fd1b317f558495e09d9e8e0fbe,2018-06-10
256fd7aba8c450a1a97a52b1c9d422bc,98c84d8694eea067223f53975b06d47c,delivered,2018-08-14 16:39:01,2018-08-15 03:15:16,2018-08-15 13:19:00,2018-08-24 18:03:29,2018-08-29,576425e784a09442922319bc30c52f33,2018-08-14
f86f46ee31cc78320b5970d106ed26cc,015e106d9f62b30e48b97bac868b48e6,delivered,2018-06-24 19:21:07,2018-06-24 19:36:21,2018-06-25 17:50:00,2018-06-29 15:19:43,2018-07-18,1cd312fe8d75e3b57e0a9c58eff50090,2018-06-24
304d007435759582067e51e9f3c44cc1,345ccfecbdd9036787e7e52aaf2eeed3,delivered,2017-03-12 18:58:04,2017-03-12 18:58:04,2017-03-16 11:32:25,2017-03-21 05:52:22,2017-04-06,98d29bee1ed43cd76462128119e38a1c,2017-03-12
00137e170939bba5a3134e2386413108,7b63cba66b8e6d002e94d0990c1e2868,delivered,2017-11-24 16:50:38,2017-11-25 06:30:55,2017-11-28 19:43:52,2017-12-11 19:12:55,2017-12-18,38c3bc2d6df03905e3e8d3d5b079acf4,2017-11-24
3c55e82098814e81a8a9314b9ebd0be4,72d4944fcf1d48d6098ae39caa4f4bf4,delivered,2018-05-30 19:25:45,2018-05-30 19:50:48,2018-06-04 11:39:00,2018-06-08 23:03:33,2018-06-25,38341f2f75bff8417f79ed83c391630d,2018-05-30
b4c43445398266d7f3b66a23eec3e609,7d47c02d64c21b203491d18deb3fba61,delivered,2018-01-14 18:27:54,2018-01-16 03:34:38,2018-01-17 18:43:02,2018-01-24 11:19:38,2018-02-07,d13ace1b3aba82af5400af05168ffa43,2018-01-14
6f45fec2b3df1efa2877044cda7a6143,1207f9024cf3352f0bb86cc319cb2ced,delivered,2018-03-14 11:34:41,2018-03-14 12:08:56,2018-03-15 16:28:22,2018-04-06 23:19:18,2018-04-04,b720bceb1eead5e8409eeed32732ea49,2018-03-14
304a864fcbebfc86399b988f1fef0ceb,4a5ea9e588d32ba3a13f2bd37e1ff540,delivered,2017-07-27 22:29:57,2017-07-27 22:45:15,2017-07-31 21:39:35,2017-08-02 21:17:48,2017-08-09,298e5e0adbba757300c35bb19862ca3f,2017-07-27
9e409207a4bcdd6d56800cf4e2e85245,8d3dc05925d03b20372a146ac5e621c1,delivered,2017-12-06 16:39:06,2017-12-06 16:52:06,2017-12-08 21:16:53,2017-12-21 12:58:56,2018-01-11,b916a4823c949087acc34455ae9517d6,2017-12-06
eecc7f527a485f35b359dda66c9b3923,e683be6247dc326956832c534c7465b8,delivered,2018-07-13 10:12:49,2018-07-14 04:35:12,2018-07-17 15:43:00,2018-07-23 23:19:52,2018-08-14,3cbc8d13e841f679aaa7ce498dd29082,2018-07-13
061bf20146d98ef4698d0324dc4392db,f5b2fb69ba5496f0d6ca030ffebb5281,delivered,2018-05-16 14:36:43,2018-05-16 15:17:52,2018-05-17 11:43:00,2018-05-21 13:38:38,2018-06-06,d107ecb888959e5a03345914792367f7,2018-05-16
2306bbfcdc1b458444043ff45986b695,18d520eadb0036b50794600bd20dc7df,delivered,2018-03-09 11:37:33,2018-03-10 03:55:36,2018-03-12 17:03:25,2018-03-21 20:58:48,2018-04-02,9f74ddea3c3e23d5aa6292ace844ed84,2018-03-09
d36a352334f4e3df2f3ce48893af82fc,9dd46d53f1d993cb9e280aadf7ba62da,delivered,2018-01-13 09:01:52,2018-01-13 09:29:23,2018-01-16 20:15:54,2018-01-24 15:32:43,2018-02-09,f5ad98bcd80dde9744e161fdebafd0f3,2018-01-13
697bfc21e6f74cfda0eed559272c2afe,451a982c3efe1146678794420b529d0d,delivered,2018-07-15 22:09:07,2018-07-17 04:31:15,2018-07-18 12:00:00,2018-07-23 19:21:06,2018-07-31,506dc40500fef00c011dee0d28b9764b,2018-07-15
ca593d45479b927a7cd4d0a39d73e545,39fd4cc03757a754e9b64b20a8aef217,delivered,2018-01-26 11:56:52,2018-01-26 12:21:34,2018-01-29 20:58:54,2018-02-09 19:38:49,2018-03-01,6f808158dfc6af6ca18b10e90e4e6704,2018-01-26
90cd8e765a696947ccb0afa686c933fd,09f172135a40bccae4067425f7abe0a0,delivered,2017-08-18 10:41:45,2017-08-19 02:10:35,2017-08-21 21:25:29,2017-08-22 20:55:59,2017-08-31,5612bf0db46a6c1527df7dcceed83984,2017-08-18
26d9036f1da95e03bf243637f07f5638,e5c3f816473f39db791ac547d04123bf,delivered,2018-01-17 09:55:20,2018-01-17 10:10:03,2018-01-19 14:35:26,2018-01-22 18:09:49,2018-02-02,14c5f9e494af8430a33e21602b255f36,2018-01-17
e323604c8f7546deb59dee1db160e268,5dd037b7e50e7de06920eae973de87a2,delivered,2017-10-25 11:52:23,2017-10-25 12:07:16,2017-10-26 19:19:53,2017-11-01 19:42:22,2017-11-17,151d5f38ccb6d949456e8b1aaf2008fc,2017-10-25
488a68f9907cd07802276d560e7f7a68,0de2b9f7ad57e55cd92ba2d0a9585e49,delivered,2018-07-24 13:44:14,2018-07-26 03:15:22,2018-07-26 10:59:00,2018-08-07 22:41:38,2018-08-13,0ba5ed78e7a886b20c461bbb26c7da67,2018-07-24
3ef0650c27761bae1896146d8c4fcb82,6a14af2b3f7f1c51d9e69d5a5171898c,delivered,2017-05-19 18:24:16,2017-05-19 18:45:28,2017-05-22 18:54:56,2017-05-25 14:07:47,2017-06-08,b44b257779f3aca20ac942b76cbce2ab,2017-05-19
dc7798b2a62765a8e3a26f86c042596d,ab4b8303e74ab12496148fbbe9d20aab,delivered,2018-03-09 12:59:51,2018-03-09 13:10:35,2018-03-13 00:12:11,2018-04-10 19:34:31,2018-04-20,7cf88b97623f81b77328e4c519db0bee,2018-03-09
62bb099353a9b4d95e7612ef18f771e1,1c01770539bc4b2310a572df971ffce0,delivered,2017-09-13 20:32:33,2017-09-13 20:44:09,2017-09-15 21:49:51,2017-09-28 17:38:23,2017-10-06,4d9f7b6479e4baec147d868726b98d07,2017-09-13
97407e6242ac47d4882d02c8e1e46592,321ce37df9d56baeb8074da8de0b593a,processing,2017-09-14 22:31:36,2017-09-14 22:45:38,,,2017-10-06,7586515ee8846375909e8c9112dd0884,2017-09-14
9a6a7ea0e1523950885c7b716b1766cc,0af0d84c00114b0c3c81089011657860,delivered,2018-07-03 21:44:43,2018-07-05 16:16:42,2018-07-05 07:25:00,2018-07-10 16:53:48,2018-08-06,545ec8e575c062f64beb052e6ba3296b,2018-07-03
5d7d6a724c54a6c3e45794d139f503a6,a44bb60365aab78ba7e9832e5db51cca,delivered,2018-01-10 16:14:59,2018-01-11 16:09:24,2018-01-16 00:35:03,2018-01-29 15:21:59,2018-02-05,a32e0f2e2d2b43469f4525763796e3ad,2018-01-10
c4d7f25ccb1c6a9d798bcce9b814ab02,660e0623f4de30009f70361ecc027b49,delivered,2018-04-12 16:15:24,2018-04-13 12:55:53,2018-04-16 21:34:35,2018-04-30 17:38:42,2018-05-07,c248634843d0c1ea298da7a7915abdc2,2018-04-12
2a21642eb927b4754adeffa995f3d648,50228fe7aec9e08be4adc6d57f562ca9,delivered,2017-12-07 16:01:03,2017-12-07 16:11:51,2017-12-08 15:58:59,2018-01-08 18:57:05,2018-01-05,146495fd4550cf115b5babe8307f289d,2017-12-07
43f1558f9eec3596990432207c65c146,e4d20765e70b7bdc41584e4f7b53b530,delivered,2017-08-28 20:03:11,2017-08-29 04:35:50,2017-08-30 19:42:06,2017-09-08 16:25:57,2017-09-08,66140ace16e213f84754b8d551066128,2017-08-28
b6a2fed48bed96ec6db31f2850896e77,363e4064dfc15766183c22445d40cbf5,delivered,2018-08-16 02:24:08,2018-08-16 02:35:10,2018-08-21 13:14:00,2018-08-29 15:28:33,2018-09-21,1183d9b6d934edb97b5dce5cb4f33b19,2018-08-16
148a2bcb04ca38f2580d863dfd36b05f,b3698dc271a3175f13d5c4616e2dc0df,delivered,2017-11-24 13:39:59,2017-11-24 16:16:05,2017-12-01 17:46:43,2017-12-05 16:48:50,2017-12-08,a4d348f760d23103bd872ae0e02b39d0,2017-11-24
a7c0c5a345bb63d37fc8aafab1f86a4d,2dd14748e5c894ea5994aa40aa4fc77b,delivered,2017-02-18 07:45:01,2017-03-01 10:51:24,2017-03-07 09:46:29,2017-03-16 10:09:22,2017-03-23,28650ae59f91b5215b7ac85371600caa,2017-02-18
55c76b1c3f3d54cae39dbe18b803f84c,94a95c1e41676d22be2da1d03f7d1d3c,delivered,2017-11-10 11:30:17,2017-11-10 11:47:09,2017-11-17 21:58:52,2017-11-28 15:46:15,2017-12-04,442418c0c7d340a64b2aca0a597d0f37,2017-11-10
dc3a9c70f04d717803fbcad2cbbddea2,3eb68295ff8fa518e9f2fee301c233db,delivered,2018-05-06 23:20:47,2018-05-08 20:31:51,2018-05-10 12:38:00,2018-05-12 20:29:48,2018-05-23,fdb08613c964925ba2c6a912b8958d91,2018-05-06
3f4e043996f17e6354c1f004c1ea3fe8,62337198799e0a700ead49e10a3d0629,delivered,2017-05-31 13:50:26,2017-06-01 03:55:25,2017-06-01 13:52:13,2017-06-09 15:04:30,2017-06-29,1826ecdc4cd31e0b88b3d1a29da4768b,2017-05-31
0a6fa9e79a320b107d846fdf76af5901,b178f069929c1deb7236cea83a93a66e,delivered,2018-01-27 13:49:45,2018-01-27 13:58:27,2018-02-01 19:39:31,2018-02-26 17:23:08,2018-03-06,f7a6dc1d7567488fcd27d4d02ca2587a,2018-01-27
e67c5e18a6f322301db55af5c4541aff,f25adc5155fc751113575f08abdb181c,delivered,2017-11-16 19:11:57,2017-11-16 19:35:02,2017-11-24 23:32:41,2017-12-26 15:45:45,2017-12-12,db93118d38801789fa752fece53bb3dd,2017-11-16
329818399e3d2636cd3618c0f52954eb,e74ab8c50389d5366290cf3f62109b11,delivered,2018-06-24 23:09:35,2018-06-24 23:34:08,2018-06-25 12:59:00,2018-06-26 16:08:51,2018-07-05,4c7b5071af05159997555b2500a1ecd0,2018-06-24
7875524c18ad033ba2026f160273ce18,1158e1b14f3ebe4c4bf224fbb9485df2,delivered,2018-05-25 08:12:29,2018-05-26 08:19:48,2018-05-30 13:44:00,2018-06-14 18:33:16,2018-07-23,81dd490ae7225d1986640f2f947cb7fd,2018-05-25
b70a8d75313560b4acf607739560a0e5,42992f7eb57b0f04f5a52cf89112f415,delivered,2018-05-14 12:20:06,2018-05-14 12:40:07,2018-05-14 14:25:00,2018-05-15 12:17:46,2018-05-25,da19c16903891506c1c36334de8a394d,2018-05-14
03a0133b4a72f7ca0affd3ecbc9b43f4,ddf3c179813ab0f0034e592d4e19e331,delivered,2018-01-21 16:29:15,2018-01-22 13:53:35,2018-01-23 11:48:43,2018-01-24 16:36:54,2018-02-06,d56c514f0a5c73224b61b2f731141d35,2018-01-21
ba6496b71d5ebe3e97f4ba04da5a9bff,95c1b0ba082cac1a452cea81d5c86d3d,delivered,2017-12-24 13:32:38,2017-12-24 13:48:40,2017-12-26 16:13:52,2017-12-28 14:12:59,2018-01-23,eff3fe4c7f245384022a2c4d7105e055,2017-12-24
77e4c912a2aa08309f489b558a7605ed,e392b77175cd3683d5667399b36940ee,delivered,2018-03-06 16:41:01,2018-03-06 16:56:50,2018-03-07 20:27:54,2018-03-19 21:54:43,2018-03-23,acc0a3d9b91b3d07b3ecf0b50b756fed,2018-03-06
547bbd260d2956c4b7eac06beac85ba4,a049689e9d5cc5519e3bb91f63ea9750,delivered,2017-04-07 16:44:11,2017-04-07 16:55:12,2017-04-11 09:37:49,2017-04-18 15:49:19,2017-05-02,39d16e1ef9c58bb82e54cf87906c185d,2017-04-07
3ad9432597e4e8eefaceb98b147cc00f,4ed35f69c9b81678f7a8b84323fe341b,delivered,2018-02-06 13:41:27,2018-02-06 15:55:34,2018-02-07 18:17:11,2018-02-16 12:59:02,2018-03-02,8ba4d8df239c8595f7c97857fdb63794,2018-02-06
84b5c6eba57c5e2fa6f5c230362e8221,0b574e7472d0b8de7d99f5dc7d1a0567,delivered,2017-10-23 17:32:32,2017-10-24 03:35:21,2017-10-24 16:48:53,2017-11-01 18:47:50,2017-11-13,f0191b4ceae03cd29a5514934ec618ac,2017-10-23
867711b4834ce56a43da811777ea6ec4,810097a2f77b7dd3b52032ed9d7d3ca3,delivered,2017-11-01 12:31:39,2017-11-01 13:31:19,2017-11-03 20:43:33,2017-11-10 20:06:46,2017-11-27,fc7b10310fe6110e2a4a967fe04c39a7,2017-11-01
82bda23fb0584ed5750d372e9b597e4d,f19abd77aca5aa71058d1969d407b963,delivered,2018-03-01 15:08:04,2018-03-03 03:30:57,2018-03-05 19:13:16,2018-03-23 13:58:45,2018-03-23,f3587d49c0973cba419d1404a7856fad,2018-03-01
1a26633be71803d169cfddfaa40fed21,d2a77ed2ed00384958dee158e179ed9b,delivered,2017-11-03 17:45:48,2017-11-03 18:30:37,2017-11-09 19:41:16,2017-11-20 21:51:39,2017-12-04,f64ec6d8dd29940264cd0bbb5ecade8a,2017-11-03
46119d4ee7d3833acd9807e510fd9790,f97051844a65072bb405413262229ce6,delivered,2017-09-26 00:32:16,2017-09-28 02:56:55,2017-09-28 13:18:00,2017-10-03 17:22:36,2017-10-24,1bf96cfd7079ae5ee39585a38222c511,2017-09-26
580ae081b21388e953adf8add5a26b3b,ada58a0547c1f85ee8a59b25331c7016,delivered,2017-08-30 17:51:30,2017-08-30 18:07:58,2017-08-31 21:15:56,2017-09-06 18:07:59,2017-09-22,0859fcbdbad6af6644a448b0832e8e79,2017-08-30
f8cda48c65da1c85ccd132545de55a79,f02fbdaccecf51ec4e034d50768dc74c,delivered,2017-02-05 17:06:00,2017-02-05 17:15:17,2017-02-07 14:41:43,2017-02-16 08:34:54,2017-03-03,7af3464614053de11f86e9b8afdb5a7a,2017-02-05
4af8b47be33c785fcc931ff77ba23ae3,0deb774b69e542a71ef7dca0d4f3d050,delivered,2018-08-25 17:11:57,2018-08-28 04:10:19,2018-08-28 13:15:00,2018-08-30 16:22:50,2018-09-25,939020d6358ae4ff39033132f09a19ce,2018-08-25
f0654e0a53d2856f440bf6c3d7544172,5165c38d7d20178e3fbc5cbef1961cf7,delivered,2018-06-05 00:43:11,2018-06-05 01:10:20,2018-06-05 13:21:00,2018-06-21 17:42:28,2018-07-17,52ce7a02c3e7ac2b2a215d37e485c40e,2018-06-05
6635dbf3ae34165800e11b16e937322b,ccf83513ca9850bd456ddcf6ac3bc643,delivered,2018-04-28 05:58:22,2018-04-28 06:13:14,2018-05-04 11:58:00,2018-05-08 17:43:50,2018-05-17,b3ce68fe0154a4c2fa89f97fb74c91b8,2018-04-28
57490284e3524fb4b1c4112fa966cbde,1badfbfeee64a427f1e3fcd009ddcee0,delivered,2018-06-19 23:20:37,2018-06-21 03:38:42,2018-06-21 13:40:00,2018-07-10 22:02:23,2018-07-18,36205e613ed685ef7d9bce698fc86e70,2018-06-19
1fb38614cb0ed2677ca1e558acc114e5,a8a1e913ee71a1b8dffb5fb431d3e2b8,delivered,2018-06-15 21:29:18,2018-06-15 22:00:06,2018-06-20 14:01:00,2018-06-25 19:52:02,2018-07-13,fed0cba7953caa9084263997a2d6a0a2,2018-06-15
c41d21819a5e971c0402f04c9c747eae,a2c9a4aae3b2c75dfb89679071ae92a7,delivered,2018-03-31 12:09:05,2018-03-31 12:50:17,2018-04-03 23:46:51,2018-04-05 17:46:33,2018-04-12,f42394da2abb681bbbb79c381d9a3021,2018-03-31
08f77a9d173ce275845e91e81500838c,d06f29dd67e263d2bc2e00c2cac53025,delivered,2018-07-02 12:05:51,2018-07-02 12:15:11,2018-07-04 07:53:00,2018-07-05 13:38:48,2018-07-19,2f5d781ceb0b51582c9f09dccd625d59,2018-07-02
bb102364b6a29f9f8683f21e5825595a,229d046873d7452a773c42e0f35916f9,delivered,2018-01-18 10:20:43,2018-01-18 10:31:31,2018-01-19 22:28:38,2018-01-23 15:07:12,2018-02-02,30cc7860f832668d8fee80418948428f,2018-01-18
483b5f97bce04a756b79be80fa294a95,1add7aecea2a636b86f6c2dfdc40dcf9,delivered,2017-11-13 14:54:36,2017-11-13 15:10:41,2017-11-16 20:43:40,2017-11-22 14:27:41,2017-12-07,e6c6259c52ccacc4cf38c2dbedcb7ee5,2017-11-13
1239f035249fa809357e51c540bde219,a4e70ceeebcc284016970ba720060792,delivered,2018-03-21 17:23:01,2018-03-21 21:08:46,2018-03-22 20:02:51,2018-03-28 20:24:49,2018-04-10,5e5d67a0568bfddd5e66056d040904c7,2018-03-21
c4f7d1763350c3f18548294c4beced5c,af5c992666616ec17a25e14834d3e1e6,delivered,2018-07-03 10:46:01,2018-07-05 16:40:34,2018-07-04 07:50:00,2018-07-09 14:48:45,2018-07-30,5e15b48219b4d7853292325d892f9c7f,2018-07-03
9c9b9122cad8803b5a5373345e256d99,315d5bd7eec944dc993cf112641f9a1c,delivered,2018-04-02 06:54:43,2018-04-02 07:09:20,2018-04-03 20:51:38,2018-04-21 14:51:21,2018-04-27,207b943d8a627cf754d5a62210f20d00,2018-04-02
c343d83ab82945c95a47834bae35be64,88ab67420fcf1508f65898bcd20e8582,delivered,2018-04-02 21:11:35,2018-04-02 23:08:06,2018-04-03 21:22:17,2018-04-04 22:44:51,2018-04-26,bb81f281d073876e133f437f99379257,2018-04-02
0dbfda5b69f9f25250969962f70929e9,36e0f840035e7f9bacad69b27b953a02,delivered,2017-01-16 00:05:37,2017-01-16 17:31:48,2017-01-19 07:41:28,2017-01-27 17:04:28,2017-02-24,4a9b32703700ed17c13a3a6c1a784e1d,2017-01-16
e6204c89373bd96c022b142ac2ff1f27,eaec9bc36a311d793df761fba3ac1964,delivered,2018-02-26 21:49:07,2018-02-26 22:08:41,2018-02-27 20:34:13,2018-03-08 19:21:35,2018-03-23,658d64ac4045f10a4b38e31e37d97ee2,2018-02-26
c20364e03cd232810a496d07ef593e3b,1f4cf3a0ed802a084f89a2cefb3fa8b0,delivered,2018-08-01 20:07:04,2018-08-01 20:23:59,2018-08-07 14:14:00,2018-08-10 22:17:54,2018-08-17,b2cfa7b45c13cbe0c301da3ab05952fa,2018-08-01
faf8afba6bb93c51fb7b297d2d3b3d88,76803832b0aedeb887f1748668a56312,delivered,2018-05-15 08:32:08,2018-05-15 08:53:01,2018-05-15 12:17:00,2018-05-18 21:26:53,2018-06-01,8fdbf4be9d2e2c8562b87483baabb13b,2018-05-15
e80b7d9d6ca2b46da0d5abe9c1d47548,45e3f9d574b70d26719ba4fa0988f07b,delivered,2018-06-03 11:42:01,2018-06-03 11:55:12,2018-06-04 14:37:00,2018-06-07 13:28:41,2018-06-29,c3a7e076f7c03a272a069709bed9c93c,2018-06-03
2c873905af0c5322bd6977727e79d8e2,cefd39a6ff2581a671f4ece797bc6229,delivered,2017-05-11 08:05:02,2017-05-11 08:15:12,2017-05-12 08:33:13,2017-06-07 13:30:14,2017-06-06,9a006811efc614524b94d424925aad23,2017-05-11
f66a94f109a641a3c2a7e7aa4b3269f9,07201c202bd91a87b12e55216d2dee38,delivered,2018-01-04 12:33:44,2018-01-04 12:48:43,2018-01-08 20:56:29,2018-01-10 19:10:56,2018-01-22,b8e8e703581104da4f6af80ad425bfed,2018-01-04
168a50979a16bb744fe45d11356ebedc,37c8cc130d4a1b512227d8c2deab5e59,delivered,2018-02-16 18:10:17,2018-02-16 18:26:59,2018-02-19 20:26:47,2018-02-23 19:19:27,2018-03-15,62b764bfdf898a421ad99ac28b3647c6,2018-02-16
c208742c454c4a949a6126eade1d2ef0,77ffb9a3ea5446ccfa121c32a4692029,delivered,2018-04-18 21:17:15,2018-04-19 08:30:06,2018-04-20 21:32:06,2018-04-26 21:12:31,2018-05-08,500e7eb862f666f1b2d9072ae9678e69,2018-04-18
77ede8447b20111ac7804d1f88bdf5ae,15e7ed68c86d784a6295c7b6a94673e9,delivered,2018-04-17 14:16:02,2018-04-17 14:30:46,2018-04-18 18:10:53,2018-04-24 16:42:09,2018-05-14,eca1a84a322b3474608e815f580c9bfd,2018-04-17
135522b6d0ac3390e1386b74d48f957c,c3839d9589cbbc58a439cab5ddf7630d,delivered,2018-07-15 12:57:20,2018-07-15 13:10:09,2018-07-16 15:32:00,2018-07-25 16:26:51,2018-08-03,68d5491a5ba726d036c86ac4305fd679,2018-07-15
0bc22eca7935c1cba82382e57d3e5ce6,e240eff137fb7e448e220313021b903a,delivered,2017-04-28 13:05:27,2017-04-28 13:15:26,2017-05-02 16:13:46,2017-05-08 09:32:30,2017-05-24,02f410767a69227b0e2bfa75efb1a3dc,2017-04-28
753ea01a5062671540a89514bd6b554a,f19491cb3a8be9c839adf9b302da4076,delivered,2017-10-31 17:29:05,2017-11-01 03:26:15,2017-11-01 20:03:57,2017-11-07 18:38:59,2017-11-16,d1bc2e7c514ea94310b532b08a24c892,2017-10-31
0ec03e8e9359fb3a1b56c45a5710648b,afa0b60897b9b06ecfae2d8ab69f49cb,delivered,2018-03-07 11:32:14,2018-03-07 11:50:40,2018-03-08 18:49:46,2018-03-26 18:46:56,2018-03-26,9ffe1780f974ef607610cc712b168298,2018-03-07
01b6bbf0a9ac5d54dfebb11ddcd8fa8e,9318f7b29e978d7964af2bea8aecf18b,delivered,2017-06-25 22:18:02,2017-06-25 22:30:14,2017-06-27 12:57:41,2017-07-01 10:33:42,2017-07-14,0f687670823f779b76513fc03d33aab2,2017-06-25
93843243cdd92e9fdfd9a1eb7429ddf1,59b9edf2b330ded2efc5d1112b45a660,delivered,2018-01-03 17:29:21,2018-01-03 17:46:53,2018-01-08 19:18:59,2018-01-12 10:32:59,2018-01-30,6782d39234f06de1548c8e8514082d63,2018-01-03
a53de12ebca1001d93689014bbee020c,ae8ab5de162deb29aef7372793bc798c,delivered,2017-10-12 21:34:16,2017-10-12 21:49:26,2017-10-18 22:47:47,2017-10-20 17:28:52,2017-10-31,0a8c41448fd37fab4cf15bb0f2e958a8,2017-10-12
32ee7f6a6c903af7e78ba4484169b74e,971ba59e6ace4c658faf50668b72c5f5,delivered,2017-09-19 14:54:52,2017-09-19 15:10:21,2017-09-21 18:53:04,2017-09-27 15:08:23,2017-10-06,6aa78de3081cb1cffaea4ddcc5a32ef9,2017-09-19
97530dcd3262fcc0ee8a111879549881,fae68eb7180ab4c7aa42beb76f39aa80,delivered,2018-03-24 14:41:51,2018-03-27 04:08:11,2018-03-28 00:12:25,2018-03-29 17:38:34,2018-04-12,765fa754166de8bc81348690bb234e0f,2018-03-24
c77ede410bfde247ebf9220aea6ca49a,83203e5e083ec21517f51040864527dc,delivered,2018-05-16 00:05:40,2018-05-16 00:33:50,2018-05-18 17:17:00,2018-05-23 21:58:26,2018-06-04,5560049dcc51210c55bdad8164810ce6,2018-05-16
ca3a52cf84c312258ff4913f1fe15f1e,9d175d3eb028df5615147d3c83a107ca,delivered,2017-05-12 13:13:51,2017-05-13 03:10:19,2017-05-15 10:15:39,2017-05-25 17:41:52,2017-06-07,c7c254294bed8e020c31f9f321d8a1f5,2017-05-12
fe721d76e7a56091b5aa323f9634719f,9b286a206b98550646590b606d60a458,delivered,2017-09-26 18:06:57,2017-09-26 18:26:03,2017-09-27 18:08:17,2017-10-05 11:52:04,2017-10-24,098d28c191efcc9e3ca87a4dffcf1355,2017-09-26
91bf2a67e8d316444406c19cf587914a,1e4943bca6e827e979f0bf51fcbc2853,delivered,2017-12-05 17:39:58,2017-12-05 18:30:43,2018-01-04 11:49:13,2018-01-16 20:25:18,2018-01-04,fef5a424234be7d8ea8ef9a0855fe235,2017-12-05
974da4d4968e7a6e5751745b368f3afa,149004735ff052f067f70ce31aca8498,delivered,2018-01-20 10:09:41,2018-01-20 10:19:11,2018-01-22 22:29:41,2018-01-24 17:10:28,2018-02-06,957906000a42ed396d3b63780d7d2967,2018-01-20
c9763e5c394f0237606e30f914889ee4,e9291fbc96a7353b36705f512ffd6b14,delivered,2018-02-11 14:49:01,2018-02-11 15:08:10,2018-02-14 20:18:53,2018-03-02 01:38:35,2018-03-07,129f1595c18cfe1934651f5e84a93eb5,2018-02-11
e0f4a0e2b66ad7eaec3985e1d75783c7,1a4c4062325be87e41a32061714ea625,delivered,2018-01-13 20:48:54,2018-01-13 20:57:27,2018-01-18 15:37:42,2018-02-05 22:36:41,2018-02-15,d950bee4ca68acfe5788fa3ee51e240f,2018-01-13
bbd1b9ebbc5a09d51caaa2d10e0f93b5,3068255d75f415c21b115399dc51f7ea,delivered,2017-11-22 19:01:04,2017-11-24 19:12:30,2017-11-28 16:48:37,2017-12-27 17:58:53,2017-12-13,39979cc184bf93727d4bdfb4714acd40,2017-11-22
3e63e45cdcc3ef1367a5d9cc33bd5545,22cf5bb1e50e6c05666842be4b83b583,delivered,2018-05-07 10:17:54,2018-05-07 17:30:12,2018-05-08 15:07:00,2018-05-16 23:54:47,2018-06-01,6e4e399e3c86e2172e223adec066865a,2018-05-07
a2205579c150e20d06f7eb3755b475ad,bd214f7e752897a34af81f2a755df387,delivered,2017-10-25 18:46:35,2017-10-25 19:07:03,2017-10-30 20:29:36,2017-11-08 00:35:45,2017-11-21,2b100d3737ff053e5003640064ee6ad8,2017-10-25
b8d5cd6eb84d7b61c5c77ac4cb0b90b4,dbf97c157f82439aa4e22e65e10ae811,delivered,2017-10-02 11:37:10,2017-10-02 11:49:25,2017-10-05 21:33:57,2017-10-19 21:43:55,2017-11-06,612db24bd7ec741c98823a46c73aba21,2017-10-02
8a4f668d18e00326332e33d4153bc464,c0b08b832c876d08e8f34ccefe5c84dc,delivered,2017-09-28 21:44:11,2017-09-28 21:56:15,2017-09-29 16:48:04,2017-10-03 19:07:52,2017-11-06,ed629c2b40af66cb54fe1f6f29aea9b4,2017-09-28
8864fa647f9775d125c8a17ec0e33789,5f826ac16360ac7e4a5ca1c43e37950d,delivered,2018-04-13 16:58:34,2018-04-13 17:15:15,2018-04-17 19:12:30,2018-04-30 21:59:04,2018-05-11,950fde4e1f30b90445620d10f1cc814c,2018-04-13
ee65c3f0ce51f3d58b772cbc2e662e66,f314ce5a7cf4b04c52c47d013cc2fbee,delivered,2017-05-25 19:46:21,2017-05-25 19:55:20,2017-05-26 09:58:27,2017-05-29 05:44:51,2017-06-12,f5d11e0d479bf2338256109dd7d930b7,2017-05-25
4f73244a226bb31dd99853458f70c537,7dc3c91fa2bd2415f1b73543020adaa0,delivered,2017-07-10 16:47:10,2017-07-10 17:03:37,2017-07-21 14:32:08,2017-07-26 00:10:03,2017-08-04,97f0fce3f9d7aad1b12499a4e4b10d07,2017-07-10
75f689c38282dd59efedf0e5b2e130ee,d9cb5362ceac64faee7d4ccbe948f925,delivered,2018-06-11 22:30:45,2018-06-13 02:37:05,2018-06-15 05:37:00,2018-06-19 19:56:26,2018-07-03,3e96f7cfd9c043c89aecca562c25b303,2018-06-11
6142683d7783f0d3661b6a652ef0c5c6,b267fb1c501374f26f3af1022ec98b09,delivered,2017-07-19 14:31:53,2017-07-21 02:50:29,2017-07-24 10:14:52,2017-07-28 16:37:54,2017-08-14,e2806ccf2b839acb1768d224daa67654,2017-07-19
b7bc985b499023bd3e281a1779ba0bf5,662e7e9bd13e776f38e16926bbd3a448,delivered,2017-12-10 09:29:51,2017-12-10 09:50:41,2017-12-19 17:23:16,2017-12-21 19:37:45,2018-01-04,9926adedb498e6c15bdc22ac44560a3b,2017-12-10
9b179e9d4b2064077ae928338202a4df,81a315648c210ed8d08450ba7e830139,delivered,2018-04-10 11:35:43,2018-04-10 11:50:14,2018-04-10 23:25:35,2018-04-13 16:42:25,2018-05-07,61dbce57c2f30423bbc3eb0560a164d7,2018-04-10
076d0f6917a8b9325bd7de62ef6c8c73,593284b430f85ce2c670f5aa67bd5464,delivered,2018-08-23 14:33:11,2018-08-23 14:46:43,2018-08-27 16:06:00,2018-08-30 18:16:50,2018-09-04,63dbb420b4992e83eb007ec26452d58d,2018-08-23
12fa2b4d0dc38dafe97281075be6f5e7,618021b3be169bfebcf9604979358f8a,delivered,2018-06-01 10:59:19,2018-06-01 11:12:28,2018-06-04 13:54:00,2018-06-06 00:48:48,2018-06-26,51d8ecac1ae895fe0f5d1126f1e9bf8b,2018-06-01
752b45c0651b32a09e039fa03504d3f0,d8871d08dca6ac10858514ecfdce4602,delivered,2017-08-10 12:47:45,2017-08-10 13:03:41,2017-08-11 18:52:12,2017-08-15 20:19:52,2017-08-30,51a8d97086fc27642fff96169f700dca,2017-08-10
3f1c4123df68ed12bf22445ce4eedb40,69b68a1c34305f2efcaf4d2e202f68e3,delivered,2017-05-27 13:26:02,2017-05-27 13:42:17,2017-05-29 08:21:39,2017-06-06 14:33:39,2017-07-03,4913641258ef99fc01ced3cd2d624d46,2017-05-27
acefb31e50365f8edd33fb504ecf1f87,fab89efecdaf378d61a22fe0bf32c8fc,delivered,2017-06-12 13:39:28,2017-06-14 02:31:24,2017-06-14 17:14:49,2017-06-22 15:48:02,2017-07-05,c4516e71049a603c96623eea5b5837ca,2017-06-12
bf44408de1d05eef70fb026ba64a90ea,96054b94409f7712eeffe8edfa6959a6,delivered,2017-01-06 21:30:38,2017-01-10 03:10:35,2017-01-10 11:53:06,2017-01-12 09:43:56,2017-02-14,7122b4f327033b35961170342401066c,2017-01-06
95eeebdd8bb3067104f4e673d2d5ea73,d28c1763c1a27adf9ade614296a59e3e,delivered,2018-01-06 18:04:35,2018-01-06 18:12:19,2018-01-17 19:46:42,2018-01-25 17:25:06,2018-02-09,ffcda3a0829ba6d3a02cd280e29b19a6,2018-01-06
825ace52d27a25d68c72bcbdd7c66aa0,3dace48db3ce6191180426da0fd94318,delivered,2017-06-22 16:23:02,2017-06-22 16:35:20,2017-06-23 12:46:44,2017-06-30 12:03:25,2017-07-14,4c4bcbb5046b9aae5bcca17f2ee37755,2017-06-22
f10e24c61a6f5a05a00ffc06c213b51e,7dde3f61b0d6ee9bdc693d33c0f421c2,delivered,2018-08-12 17:14:22,2018-08-12 17:25:12,2018-08-13 15:21:00,2018-08-14 17:51:26,2018-08-30,5f7424458a727f1b259fc60f68f72134,2018-08-12
9be3bd4137c70d60cecf190a92fb9808,fd67eed80a407f0fbc1dfc6cf87d347c,delivered,2018-05-11 07:33:07,2018-05-11 07:50:28,2018-05-19 07:53:00,2018-06-16 17:57:42,2018-06-04,846473950f551726568ca32928a13fcc,2018-05-11
9358fba680f53876f817a00afdb320d7,7866a7e193350ce36b72ffe9ad407bc7,delivered,2018-06-14 07:54:37,2018-06-15 08:00:20,2018-06-15 14:20:00,2018-06-27 18:32:01,2018-07-11,96776807f04efd99c35f3ef48d5c0735,2018-06-14
73651881d63f2630709963bab45d7525,229880d0a2d7a69ecce180bdec6f5781,delivered,2018-08-20 20:51:45,2018-08-20 21:09:44,2018-08-22 08:17:00,2018-08-24 17:06:29,2018-08-27,d9a17f8bb519e86263387ece99150350,2018-08-20
b168316aac3ca36c5087b0e250c9008f,a236350247b2d5e2ae7daf4259b225d1,delivered,2018-01-30 11:45:50,2018-01-31 13:32:22,2018-02-05 14:44:21,2018-02-22 17:52:29,2018-02-26,1cd9505764ad8063c9df6b3b363b59fe,2018-01-30
e4b7be2ee017ee255fb5c03eab0cc09b,5cabdd55383ef66f362b0c0f20aef2af,delivered,2017-04-04 15:17:28,2017-04-04 16:22:52,2017-04-06 06:36:58,2017-04-12 13:04:09,2017-05-16,ecdf3fcea5ba8b7a68af786d7c089518,2017-04-04
b8c6df4a73d185bc84d6517d5e0577fc,45c85530e9c2aa38d1032295ab5b43a7,delivered,2018-05-30 11:44:02,2018-05-30 11:55:19,2018-06-12 11:18:00,2018-06-13 15:32:13,2018-07-20,e062b5c3eb843317064aa00207241d86,2018-05-30
4495f1b55b727a6ca639505afc688e17,074ad9ea19af3d0d1156840b671e35c4,delivered,2018-02-25 18:52:13,2018-02-25 19:07:29,2018-02-26 20:06:06,2018-03-20 19:48:30,2018-03-21,a35c75fc4b4b7a1898fe8027822ecfd0,2018-02-25
659e026a4d727a811b08851934d6e5ff,ab099d9d527a7a16ae653834df241d37,delivered,2017-06-01 17:56:35,2017-06-01 19:02:54,2017-06-02 16:03:29,2017-06-06 16:57:55,2017-06-22,8af62f6dd9dfee7e45430a777de7f30b,2017-06-01
6728a6a592a63817d0ac211044efa702,4586e941d9fd586d0750c6af7c77b008,delivered,2018-08-03 08:44:43,2018-08-03 09:04:01,2018-08-13 10:25:00,2018-08-25 11:38:31,2018-08-28,9cd77cccf0e0dd303946f406c3695e8f,2018-08-03
532e86bbf696dbc694509cff71c18c33,3ebc5d459b851a4de9c3f46efd5ee469,delivered,2017-09-10 21:12:43,2017-09-12 04:45:39,2017-09-12 16:37:14,2017-09-14 22:16:45,2017-09-21,811f3972b63543f24edd97252e12f6e3,2017-09-10
ff0c21ce499842601e2ad5f73dbfb9ec,ef2cb8c0097ad334d5ee2bc8201e7d61,delivered,2018-08-13 11:08:07,2018-08-13 11:24:22,2018-08-14 14:12:00,2018-08-20 17:55:56,2018-08-29,085f8b93cb91be738c337ad9576c61e4,2018-08-13
a6cbdf5ace75b2a9e73a68a9a478060e,33fecdb758ed5ea2baaac2960295590c,delivered,2018-07-16 12:24:32,2018-07-17 04:20:57,2018-07-17 13:38:00,2018-07-23 22:32:53,2018-07-30,a7f0fb9adf2304de209e45b094fb53de,2018-07-16
7b306fea5598d209ab36b3ef31916343,1be66b08ee372788f7b96120ec747387,delivered,2017-02-14 15:44:22,2017-02-14 15:55:36,2017-02-15 15:43:38,2017-02-23 13:04:02,2017-03-23,3b11d27f9c5b205de3389871a365d13b,2017-02-14
695a0091620b9e01ecc38829ad3e71f8,3e8dcff7fc6b8d9c51af4551fd4af25c,delivered,2017-11-24 14:22:03,2017-11-24 16:32:57,2017-11-27 21:42:44,2017-12-12 22:14:26,2017-12-20,be6fe45642e359150a37898722df43f3,2017-11-24
2b29ddaabb47afeacb5daa2c68670baa,30723c815d1d366a4c0fb9c59762f8b8,delivered,2017-12-14 19:54:27,2017-12-14 20:17:45,2017-12-18 16:21:26,2018-01-03 19:26:54,2018-01-12,ba70a43a337eea22974f873f0f4b3768,2017-12-14
271f82426d342c73660a814040d97625,9962be6bebba3e1633e311a6a0e6a31c,delivered,2018-04-16 22:39:08,2018-04-16 22:50:25,2018-04-18 01:28:29,2018-04-24 16:22:05,2018-05-09,e75ea98bb2cbafbf1d99019e43612439,2018-04-16
521e93507df5620aaee015ba441ec756,0b2bbe8811e7f1cb2b3e25c95d276116,delivered,2017-09-09 18:40:40,2017-09-09 18:55:08,2017-09-12 15:45:59,2017-09-18 21:49:00,2017-10-03,33a76918feef5cb88ff4b0b16f1611b4,2017-09-09
e6bca34c4a814a0f20073eab640e826a,e97d4413f97154d6553a3edadc988a33,delivered,2018-04-02 21:47:15,2018-04-02 22:09:37,2018-04-03 21:48:52,2018-04-15 15:19:38,2018-04-18,eab31b8b1460693c283c2ca79936d106,2018-04-02
4387477eec4b3c89b39f3f454940d059,dbbbdb6ab9a7d8e3fc39a907f456bf19,delivered,2018-08-09 20:45:10,2018-08-20 15:56:29,2018-08-14 12:35:00,2018-08-15 14:56:43,2018-08-14,c1dffa0ed8695e4823f90ae4550e336e,2018-08-09
cbb54b440099b6c4994d1109f3968b97,0532c16fb3717ba27a99fd5492710144,delivered,2018-06-19 00:16:16,2018-06-19 00:38:06,2018-06-19 10:53:00,2018-06-21 13:04:08,2018-06-29,1983d4bb595adf04d53264aab08ffb6b,2018-06-19
54a51314febd38a9bfb89a9f49006289,21239b911af74450df7b0ce5b78b39d9,delivered,2018-08-01 10:17:39,2018-08-01 10:44:27,2018-08-01 10:51:00,2018-08-09 14:26:45,2018-09-03,0d9d2172152c87b756cb2d0304c6ad51,2018-08-01
9df520859ce9b45d0374814efd12f9fd,588d90ff683d3e9427d33aad3ca8ef82,delivered,2017-07-04 22:08:48,2017-07-05 17:43:50,2017-07-06 13:47:06,2017-07-12 19:37:42,2017-07-24,c77b4bb192918ceba50cd4d6bcf64b67,2017-07-04
76d449452dff60240f1b694b46d44bdb,a0d04172fee3a312adaf26497431a2ed,delivered,2017-03-19 01:23:29,2017-03-19 01:23:29,2017-03-20 14:23:04,2017-03-23 17:24:47,2017-04-06,740f0d3f12471bc9e1f834540a4309f2,2017-03-19
4edad09fd434060fc566a802260c544a,44e28727116b6aaf62a51b276aba9247,delivered,2017-12-21 14:43:56,2017-12-22 02:51:16,2017-12-22 23:16:57,2018-01-08 15:25:16,2018-01-16,70e46594addc93a88cb7f41b2cf2a383,2017-12-21
122a6d89b8a3ee8fe039b6990c1dc226,5ac12bb0d6166ac492936e53c84ae0ed,delivered,2017-11-05 21:14:39,2017-11-07 07:30:33,2017-11-13 15:17:51,2017-11-24 20:59:42,2017-12-05,9199d4b03f114560011e2e878eb9d9fd,2017-11-05
73463e8be682583840e9245a6ff6e689,0fb4060ba65609d90215e18d888a1427,delivered,2017-04-16 18:15:04,2017-04-18 04:05:26,2017-04-25 17:19:04,2017-05-05 11:05:05,2017-05-12,f410feca2b9cf0e1f69824069af4720e,2017-04-16
b2b896edca19480850fe442818d0b666,728d248d4df3497dd84e112fcf70b2e9,delivered,2017-05-17 23:17:29,2017-05-18 02:26:01,2017-05-18 15:53:29,2017-05-24 12:37:14,2017-06-21,3177cc68caaad620f37b3d13cf67dca7,2017-05-17
b9555bd71c90a01a953792e5f2af95c5,67dfa1fb67ad51921e5a537ba98c729f,delivered,2017-03-30 19:48:12,2017-04-07 10:35:25,2017-04-11 12:17:29,2017-04-27 11:39:35,2017-04-24,e2db24bab13f5889b53eaa98f1dcefe0,2017-03-30
638a96eb38b5a57ca8cd099c1964842d,fbd19defce4fbdfea33cc71a9a1b8a38,delivered,2017-04-02 17:06:51,2017-04-04 05:50:25,2017-04-06 11:22:47,2017-04-18 12:44:38,2017-04-28,25edb84d9a9d4d35a86c381770c4c75f,2017-04-02
352efae32a170aed9747e4c117ea2fa1,e9ac32f096f96b80e968b3f753ac9b7e,delivered,2018-03-06 01:53:50,2018-03-06 03:20:23,2018-03-07 22:53:21,2018-03-12 22:11:46,2018-03-22,40c3307a5a55990fbfc912760472b381,2018-03-06
f88aac7ebccb37f19725a075331ade3e,b50a0774cd941fa6d114ea6f8ab0f7e0,shipped,2017-12-09 10:16:45,2017-12-09 12:51:00,2017-12-18 17:43:38,,2018-01-29,dd7e46479bd881c7041783d9edeedfc1,2017-12-09
9fbda7367628952bc36c3512c46d887b,c4e670e1b3eddf57cd698f323332ba6c,delivered,2018-06-22 13:33:54,2018-06-23 01:40:38,2018-06-25 13:15:00,2018-06-30 15:28:42,2018-07-31,dce5a2ab2380df53994f138f86eedca6,2018-06-22
e398683c47bda1cf86be8772a50b4579,edfdb3188ce423370b16e13803442935,delivered,2017-11-24 00:35:38,2017-11-24 01:10:06,2017-11-28 19:29:04,2017-12-14 22:22:48,2017-12-08,c136741dc74dd2004a8cc1760bf7955b,2017-11-24
031494323fa558eee8dd1bd06fc34713,13cf269afee757997898d939075f59ce,delivered,2017-11-26 15:44:00,2017-11-26 15:55:02,2017-11-28 20:41:31,2017-12-22 20:49:04,2017-12-21,fe18248c7953f426c0781d33a9730998,2017-11-26
9fd3d5bb20296499ef3fbcaa4db31c39,77c2f46cf580f4874c9a5751c2d88474,delivered,2018-02-16 18:31:12,2018-02-16 18:50:25,2018-02-21 00:58:44,2018-04-03 23:50:57,2018-03-20,402cce5c0509000eed9e77fece8056e2,2018-02-16
30d7ab7638f1f3420e09474f704fe784,05ce0877a2e5b2962c27bb5ebe62caad,delivered,2017-08-22 12:49:28,2017-08-22 13:07:25,2017-08-31 14:18:05,2017-09-06 16:27:02,2017-09-18,f34cd7fd85a1f8baff886edf09567be3,2017-08-22
2e38d7f14f8375c85810037fe8a766d6,6cc1f451fe942a13aec5fb3487b8ad1a,delivered,2018-05-01 15:07:40,2018-05-01 15:35:04,2018-05-03 18:59:00,2018-05-04 13:32:10,2018-05-18,9714af00765493b78e2def2dba52cdae,2018-05-01
cfcbcb27c542019ab41214587ea424ff,3ed3f75a928d331d57188f13690451de,delivered,2018-05-21 20:26:05,2018-05-21 22:33:23,2018-05-22 13:55:00,2018-06-07 20:10:52,2018-06-13,e60138d5bf4134789ad68297d9a31cf9,2018-05-21
0ee3384432be1cfa2a044251ca3ea3a4,fb92827a7e6393879861a8d328a43d3a,delivered,2018-03-11 16:26:09,2018-03-11 16:35:25,2018-03-13 11:34:34,2018-03-19 21:18:26,2018-04-03,dac216c2449057e3466a3622bef32784,2018-03-11
2b26d4ec0d12960a923e757112cf1f29,bbcd55899d6abacfac4f0421ec76d574,delivered,2017-05-29 14:21:28,2017-05-29 14:30:26,2017-05-30 08:34:04,2017-06-14 16:12:04,2017-07-03,2f26fe758f41afb194886f9154a98052,2017-05-29
20e0bf03acd50798a06ce8a2d8ff65e5,e8122329558a42bd29d84ed6432cefe4,delivered,2018-05-08 16:24:20,2018-05-08 17:11:49,2018-05-09 15:45:00,2018-05-14 17:58:43,2018-06-04,1c8cabeb197637a735759ca135fcc0af,2018-05-08
9146e206bcd61ac9fb10f3a26336a7ec,defa9b41656fc8b4cb457e88cf9de970,delivered,2018-02-15 14:09:43,2018-02-15 14:27:08,2018-02-19 17:47:19,2018-03-12 16:41:47,2018-03-16,d0e278763a3c9f393870470a6ac51856,2018-02-15
ef5d47c9d6d0ee9bff4c67fdf4c8356c,54a636900ab95a176a1c2d46290608e4,delivered,2017-03-29 20:01:55,2017-03-30 10:22:35,2017-03-31 11:37:26,2017-04-15 07:05:27,2017-04-20,15fc5d8f3858da7a686a4f18230fda43,2017-03-29
0bf50993f89a58468cac45f3ef587c96,c181a7a0b04796669dea155c0f1db42c,delivered,2018-08-13 23:42:13,2018-08-13 23:55:14,2018-08-14 14:05:00,2018-08-16 22:16:28,2018-08-20,aabf370ab02354d5b9d5438f77c40f31,2018-08-13
7cd0da49ecd223041fb8f6f8de488314,11f8f6f30c61766f7ce9b90b023b0ad1,delivered,2017-09-27 00:07:04,2017-09-27 00:49:48,2017-09-27 19:52:16,2017-10-06 15:03:43,2017-10-24,a6d6aed540ec300cbd9b40f12c1bf024,2017-09-27
349d896b203bc2e9da0f54cdf74f4d34,85e12d36f8e6db2d2688cc039b4dc9d7,delivered,2017-11-17 21:52:37,2017-11-22 02:48:30,2017-11-22 15:06:28,2017-12-08 17:55:02,2017-12-11,47024aeaefb8911f866b674def017226,2017-11-17
73a516c7297dcd6a809778fd0cb8bdd4,eaaa741bf68ccd58d686370d01a88ec1,delivered,2018-08-02 13:09:13,2018-08-02 14:00:06,2018-08-03 14:03:00,2018-08-06 14:54:25,2018-08-07,db06bf5c024d6b08fa0ec25ee165b3e2,2018-08-02
9e3796f27dbab73279e5ae222182f918,e21c2858333e97c0e5295f10dca326cf,delivered,2017-09-12 19:20:47,2017-09-12 19:30:32,2017-09-13 20:49:06,2017-09-14 18:33:42,2017-09-22,4b6cef84bd9a284062ed42bad088e6cc,2017-09-12
ac7431b880a4ca43d70096a6dfa49071,9ef41f3330353f05ce6354673a4bd045,canceled,2017-06-15 22:25:11,2017-06-17 03:26:40,,,2017-07-10,9019da6f089f38e44005741696374b88,2017-06-15
adff485b76b194780db2e4ad4c5eb9b2,9dcad673a1806e27ee372631f697b1c6,delivered,2017-03-13 19:41:54,2017-03-13 19:41:54,2017-03-14 13:45:14,2017-03-17 06:47:14,2017-04-12,a8740d7426332c519fac38aaab37dd26,2017-03-13
3df3e2f4fbd2392902fe60e7a5819a2a,7d76cd344587475194155e6f1479b00a,delivered,2017-11-20 17:11:50,2017-11-20 17:26:55,2017-11-22 19:04:43,2017-11-28 18:19:00,2017-12-14,1af5dad09599a90b24aa42e9600a2e2f,2017-11-20
46b5ee58f02c3f33a7bf816bfc5da13c,818152a30285089f1b46dc548a601c71,delivered,2018-02-27 08:23:31,2018-02-27 08:35:27,2018-03-01 00:52:13,2018-03-10 00:27:44,2018-03-19,32d91a2beeaac4b5d31353cc60f2aea3,2018-02-27
218420c55032b9db817c110f06b85fde,1736819d6eaaf025234364660469b714,delivered,2018-07-21 18:15:17,2018-07-21 18:25:10,2018-07-25 12:35:00,2018-07-30 19:42:37,2018-08-08,bc4947fdaf6455266a46dde6d54228e6,2018-07-21
71284044cb3bff0706dff7234e8c4e89,df1b515be145fa461aed3789ebc101d9,delivered,2018-06-18 14:17:06,2018-06-18 14:35:59,2018-06-19 15:25:00,2018-06-22 22:13:38,2018-07-17,1157e353f4cdfe0422da4b11092c9918,2018-06-18
6ea71515224447ac719ce8df5da2037d,3328102dd0972c652faed4a0958ff7c8,delivered,2017-07-21 15:23:58,2017-07-21 16:03:17,2017-07-24 15:32:48,2017-07-31 22:44:27,2017-08-15,1ea35c53f405ef3bd83e82557bff55c8,2017-07-21
2f500903a054ee203b97b3df0bb6e4fe,f003f5ca3e4902a9d8d5f42792cff857,delivered,2018-02-08 19:48:05,2018-02-08 20:08:40,2018-02-16 17:28:50,2018-02-24 00:42:15,2018-03-16,5f627c065690a8651f752981531fc57d,2018-02-08
4964b712511de5c351d07b12d57e5cc7,bbd5d813124f5a0eb2103ce1624a24d2,delivered,2018-05-11 13:09:46,2018-05-15 03:55:59,2018-05-15 16:22:00,2018-05-24 03:16:49,2018-06-06,5df67415bfbd99c59fb5b85feb11b9b5,2018-05-11
274c63b06327262e50b1798060d9dea9,0e6d60787086ed1ea9f8b96bda67da49,delivered,2017-05-04 13:48:12,2017-05-04 14:02:42,2017-05-05 10:36:43,2017-05-11 10:00:10,2017-05-29,42a1188e4495ada7687dab6059d48f4f,2017-05-04
fe5b3ffa54be85dd8cb2ad61db914ef5,2d95ed08f50028787ce6807bb7d32462,delivered,2017-12-04 17:08:27,2017-12-04 18:30:33,2017-12-06 17:39:22,2017-12-07 15:56:43,2017-12-20,80444e31ba7dd658885071a683f4b9b5,2017-12-04
7ecfe10bb4477fa530dbbcca49916468,779d21ed2ce4df992fb2e25d394dacf3,delivered,2018-04-14 13:14:55,2018-04-14 13:31:28,2018-04-16 18:38:51,2018-04-19 23:51:17,2018-05-09,b976c741872bb53d918b8a4cd1b1a2d5,2018-04-14
8796f3e2ab6a3baee74225a78c550c0a,69c60496cf5ee5f5a98b071c662b35c3,delivered,2018-03-13 12:44:35,2018-03-15 03:10:34,2018-03-23 20:51:42,2018-04-06 20:52:04,2018-04-13,332bbd0a94b34ea882d7106e6fb55b9c,2018-03-13
1bfb270ca4a727aa929151dd9c9bd955,b2f8ddb4fb8d488931324ce3f04683f0,delivered,2018-03-04 19:54:26,2018-03-04 20:09:36,2018-03-10 17:21:55,2018-03-27 18:51:27,2018-03-26,0508a2b4b0794a7421263addfc5a8a7d,2018-03-04
b88455b884427d90b588f3f4759543f3,9292ee8ec45ce1b31513bffda62254c3,delivered,2018-01-24 20:25:18,2018-01-24 20:37:39,2018-01-26 18:32:27,2018-02-05 20:32:23,2018-02-22,7b4f035053061c550b12aaaba3ee88e1,2018-01-24
d3306065dcae86789838a31302b6c00e,ca318c3489c9a3db747beb864cc90909,delivered,2017-12-26 10:01:54,2017-12-26 10:13:27,2017-12-26 21:19:01,2018-01-13 01:29:30,2018-01-26,0f0a9438a8f4fb6f9fd50c0df502ae0c,2017-12-26
6f212d8f8e884c0d442456e3e0ad1e8d,1709a272f6e3e3df4d66a7ce04df27ef,delivered,2017-04-19 15:46:27,2017-04-19 16:22:24,2017-04-20 09:54:49,2017-05-08 09:04:51,2017-05-17,2ada522e660a1d2377d55a3441d545ea,2017-04-19
5618163d0f03dc885bbdbf56c08fcc99,3de2a6ffb08e4d86685711d7dd41a0fa,shipped,2017-07-06 19:01:48,2017-07-06 19:15:18,2017-07-07 19:23:52,,2017-08-09,42b0c00de8cd8f0d293e3a1d6ee812b3,2017-07-06
174a7e09ba51eac7b816bf33d20dfe21,2a0fdf25de2d2485bcc958576f5d48ea,delivered,2018-04-20 17:23:30,2018-04-24 19:17:21,2018-04-24 00:26:42,2018-05-11 19:48:53,2018-05-18,7c38edd4ed3d509abe0ce0239ba5fed0,2018-04-20
19421ea168a928851f0b465bfbcea60d,d55f7f8407616bc05b915b7a6561177f,delivered,2017-03-07 21:47:13,2017-03-07 21:55:27,2017-03-13 09:31:25,2017-03-17 13:59:48,2017-04-04,20e109b1ff67c418692b5b3f9f36cb82,2017-03-07
96a35cb03c27e713024403b81eface30,d9835e397f7812d5257f6033b9ceba0e,delivered,2018-05-02 16:48:28,2018-05-02 17:38:08,2018-05-03 11:49:00,2018-05-07 21:07:34,2018-05-17,347993be301f17977cb3527a3a1feb94,2018-05-02
6bf136259829d50a608304ba02fb14b3,c3c2b87ca996a282ff709c92cbed3421,delivered,2018-01-11 13:24:49,2018-01-11 13:33:40,2018-01-11 20:18:04,2018-01-18 20:53:14,2018-02-07,a21dab9a023e31db25a426c6787b65ff,2018-01-11
21508e950b0edd39774e72dadfd809b1,182d9222fb34c94a733d670e57ca38c9,delivered,2017-04-02 15:39:22,2017-04-04 06:02:22,2017-04-13 18:47:36,2017-04-20 07:24:58,2017-05-10,f1d1dcc05e0cb05f9e3ec18db7382e03,2017-04-02
725bde8878fcc8a1baf2c8ceef40d726,534646ab06f9d619ef46089bbcd39c67,delivered,2018-02-26 11:18:22,2018-02-26 11:35:25,2018-02-28 19:13:25,2018-03-02 21:51:59,2018-03-12,81c597c02c7f5a49a891a568f2869514,2018-02-26
56a91c78a7764f270b44113386c34866,59562d0459db0b14e2563711025d2e99,delivered,2017-11-14 21:40:25,2017-11-14 21:51:00,2017-11-16 09:54:43,2017-12-03 20:44:26,2017-12-06,544220df9092d2ffd9cf9523b7a1c561,2017-11-14
d001f2789e0e5c936aecc230eb739284,76229876f6fb0efccb975b8ceb4afce5,delivered,2018-06-22 21:14:21,2018-06-22 21:58:38,2018-06-25 14:08:00,2018-07-12 20:11:40,2018-07-24,096ba9fbdcca61c70d3607aacbc28e0a,2018-06-22
082388d7ce9557ef064199ef978a8f3e,53de046ee8ad4bbe74dc77b0a5ad8c52,delivered,2018-07-29 21:02:36,2018-07-29 21:15:18,2018-07-30 15:16:00,2018-07-31 22:32:03,2018-08-02,c87e883097b23676f93b77147b8acda0,2018-07-29
4c775eb488939cb0be0ca90004e2f37a,7222620c380656e9f0a28fce5418d5d6,delivered,2017-02-04 02:17:52,2017-02-04 02:25:34,2017-02-06 18:17:45,2017-02-07 09:27:33,2017-03-01,879e7f03b883419400700216ea156c83,2017-02-04
20e9f3d5d268869b86ccb6c13fec2dd0,22900d022224c05dd51f2442b834da07,delivered,2018-03-05 12:16:37,2018-03-05 12:30:29,2018-03-08 23:36:25,2018-03-29 17:54:28,2018-04-20,8f78bd5916f952539da6bb8bf1b8fcd3,2018-03-05
ac046375de5d50de6bb99a9bcdf592d8,fdc75904277c0a308c4840fd60d024ef,delivered,2017-10-17 00:40:43,2017-10-17 01:06:07,2017-10-20 11:06:49,2017-10-30 21:47:42,2017-11-21,2bb075c9fc167caf8c561e9a9e13f1e1,2017-10-17
8767502d7a9773e1e273dad1fadea8e0,f3bbfdeaf0a3a67f9fb17ba1b07df212,delivered,2017-08-26 09:52:48,2017-08-26 10:05:37,2017-08-28 19:33:12,2017-09-06 14:32:15,2017-09-25,02b13b8c07bd3209940a10fdbc724545,2017-08-26
2beec023bba6f27c7b59dacf9f3afda1,f61fd1201d7b5d59ff65b04831e9de28,delivered,2018-07-06 17:40:26,2018-07-06 17:55:14,2018-07-09 13:05:00,2018-07-12 17:22:35,2018-07-25,9cc2e3e08cf9f4009c9d70a9df61f17e,2018-07-06
e63b248df856bd4aa542bdbc7f8f2f35,5b65b0ceb491a0ad3e5e774507171f8b,delivered,2017-04-30 18:25:54,2017-05-03 11:33:09,2017-05-11 08:14:38,2017-05-25 21:53:41,2017-05-23,cd3779d0af13f91753db025e277489ed,2017-04-30
3fe928b83cc39792c59deecc7b14bc20,d5e4defad0007701ad0083f4cca2b68e,delivered,2018-06-26 14:10:05,2018-06-26 14:34:09,2018-06-27 15:40:00,2018-07-04 16:24:53,2018-07-11,0a6483c85a088be9fc6c9d3a64539e1d,2018-06-26
f696d20b36a94c22477593f82ed4217d,115997dc7b4f2fd1dd86d121d3cf4609,delivered,2018-07-18 09:25:32,2018-07-19 02:35:15,2018-07-19 13:17:00,2018-07-23 14:49:04,2018-08-02,07ca238435fdebe34270f53be6aa9f3a,2018-07-18
d549f88d556202836f2e1cf206429091,a626bc84a86f2c606cb7be456857a30c,delivered,2017-02-17 16:16:57,2017-02-17 16:30:20,2017-02-20 12:50:23,2017-03-01 12:03:53,2017-03-22,e8174ff27291f7b7911a57d5b9c436dd,2017-02-17
64c43896c03b8f6f3ee2a5927ff67d7b,e73156cad1d0758c32d99e5cc2ee8880,delivered,2018-08-07 22:03:21,2018-08-07 22:15:18,2018-08-08 13:50:00,2018-08-18 11:22:57,2018-09-03,9a2875cf257fa2baf51fcbe7341fa6bb,2018-08-07
6135fc4ab256125c58f748b31c692ef4,d6f0573b711861f4999b9dcf22903bd0,delivered,2018-03-23 15:24:26,2018-03-23 15:48:22,2018-03-24 16:54:53,2018-03-28 14:11:46,2018-04-16,78d5f7c0aefaa7f0ae663dd466f83627,2018-03-23
899499ccb61cd1525c8b04047ac70e0d,0560a02593f282955f85da2db087b078,delivered,2018-06-14 20:46:57,2018-06-15 20:21:32,2018-06-18 12:54:00,2018-06-22 18:08:39,2018-07-11,69f7e342c28eb22ef6845facd926e810,2018-06-14
471f14841f8ced80a4c1c6dc08a32eec,e787b564cdebcbcb6e90e87f7d5dc745,delivered,2017-07-21 13:59:31,2017-07-21 14:15:16,2017-07-24 18:07:43,2017-07-25 21:46:41,2017-08-07,2a102175b7cf4415a0e53f5daddf4ac7,2017-07-21
c45f7f1c4d9122d148c823d6e660c375,b8c82a8db82856017cda33242a4e4d9e,delivered,2017-11-24 15:57:39,2017-11-24 19:35:36,2017-11-27 17:18:47,2017-12-09 00:46:44,2017-12-28,a3933b244e31797e3d98cfadd9e1ef08,2017-11-24
b89d417b1ba9f8e416b9e333ffa01a93,864c3a5085d7d4e6c2153baaf6274cc1,delivered,2018-07-28 10:11:59,2018-07-28 10:25:11,2018-07-30 15:16:00,2018-08-03 21:08:35,2018-08-17,9d200c4c1445000cec5cc08d6b3b1979,2018-07-28
467e12527db98ba8ff31b60f0a2cddfd,b1b732e844440cd0e8a93e94585496b3,delivered,2017-08-18 05:17:47,2017-08-18 05:30:06,2017-08-18 17:33:11,2017-08-25 10:38:25,2017-09-12,77784ec016bfbcc51d2394d1632f0d3d,2017-08-18
fecda210da4a36546b91948ee43af90d,66af94f0d6175f030731ae8ae7ed580c,delivered,2018-03-29 16:42:35,2018-03-29 16:55:28,2018-04-04 02:20:57,2018-05-02 20:36:49,2018-04-23,7b4e4dddd597cb10c8dff14b2d72c1fd,2018-03-29
ddba9859eaa6e81ea4f2ed0263d29291,39fd6902b13057fe821308a61629dc42,delivered,2018-06-24 12:59:13,2018-06-24 13:18:39,2018-06-25 15:57:00,2018-06-29 20:26:59,2018-07-26,79b69f331db86a070aace1757e5cfe59,2018-06-24
f14edad9e9d494755c49b2e0897de3b9,47f42fc76d39dc06f9d301d2ceb8971d,delivered,2018-03-01 11:33:08,2018-03-03 02:51:16,2018-03-05 19:04:47,2018-03-16 18:31:17,2018-03-23,6c930b798ccc39db819e2adfe8791714,2018-03-01
9d7f2c9f33008498700ffdc3162878fb,4d54bd3326ad77cbe4e1bd929a209106,delivered,2017-08-27 13:02:01,2017-08-27 13:15:16,2017-08-28 19:03:48,2017-08-31 21:00:31,2017-09-18,080fe35c7d6d30f7b519fce853438380,2017-08-27
32b1d8f3789a57f1f752e20ac7404b4c,ae12a474c8de7dd68097a884fa9049b4,delivered,2018-07-29 21:51:09,2018-07-31 03:55:23,2018-07-31 15:07:00,2018-08-01 20:25:53,2018-08-06,52cf00bf99b259287bcd5b5a766adf2a,2018-07-29
e35a9e312880dfa98135b6a97237b272,a46a083b3986c2b0accbd6b532fdf37c,delivered,2017-09-23 10:45:22,2017-09-23 11:04:30,2017-09-27 21:24:57,2017-10-18 18:42:28,2017-10-25,811d109a807cf9b235d6b730b3fceee8,2017-09-23
b1c2e69c9063d5ab5c9fe9138ecb08e0,4dfeeaf74cd7936d013802d1cc2e0c0a,delivered,2018-01-29 12:54:38,2018-01-29 13:17:26,2018-01-31 23:08:04,2018-02-14 23:18:44,2018-03-12,00370dfde3d012c420d29657afc2fc8b,2018-01-29
9d6119da4c658e82b5320a9b05dc7004,0d926ad8cf82ecb9c3dc17bfedb9ae92,delivered,2017-03-01 20:11:11,2017-03-01 20:25:12,2017-03-02 11:09:53,2017-03-06 04:57:52,2017-03-20,dcbc3a09d6686ab3ffd9c9a6a5e9dd49,2017-03-01
371931d44f8feff2b43b4e9ad3c6c5d2,bcfa639fc30b68c41e6862db761ff9dd,delivered,2018-05-30 21:50:21,2018-05-30 22:15:19,2018-06-01 13:17:00,2018-06-30 11:26:53,2018-07-11,6a704b35137c43a9869f4a903753ad82,2018-05-30
10a0658843edd18524653f81513ef60d,1477ed22059be3f039b84dcf03728709,delivered,2017-07-20 11:32:07,2017-07-21 02:50:12,2017-07-24 19:04:48,2017-08-04 21:07:29,2017-08-21,0940ece6adf15d8dbb38fe0cd016a1e5,2017-07-20
b3c34fd05dd073feae270c759c46d900,860ddc7aa11dedbcd7d870aead27ce0c,delivered,2017-09-12 21:28:24,2017-09-12 21:44:05,2017-09-14 20:13:39,2017-09-28 18:57:41,2017-10-03,86f88192e35af3f92bd322ba84e637ce,2017-09-12
5aa30c6fb7069f850d190ad8cbf80c20,37269b67df41bccc2ec3c0cc117230b1,delivered,2018-06-28 18:12:05,2018-06-28 18:31:54,2018-07-03 14:38:00,2018-07-04 22:58:44,2018-07-16,34a8d85d40e1650029a1aa9f35d8928f,2018-06-28
833a4b8d632d2fd653e167e06b2fe201,9f69f630dd0e9dbe888ef8bec7d76c97,delivered,2018-02-27 23:58:20,2018-02-28 00:15:43,2018-02-28 19:37:05,2018-03-14 16:54:41,2018-03-27,305adb7f869f2d07fa2170b042abefdf,2018-02-27
8c5c95d76d1bd802cde533288848d786,b3a679397fd9fc5140a33c5033458395,delivered,2018-01-20 12:38:11,2018-01-20 12:50:59,2018-01-23 03:13:18,2018-01-29 21:12:45,2018-02-15,ecac0115f3d5db1b8336990cb105d307,2018-01-20
75b2ac15a31245a1ee2eda6e41c8e85d,c59317e28ba7e4ca744c6006e905b286,delivered,2018-06-08 22:10:56,2018-06-08 22:32:33,2018-06-11 13:31:00,2018-06-21 19:22:12,2018-06-29,6680fb57c925e66f60b0d1dc79d57f47,2018-06-08
6e4331db29c7dd562ef96efa2b112d56,32084020c55623953d46f8bd83feee0b,delivered,2017-04-16 20:18:18,2017-04-16 20:30:19,2017-04-18 15:44:31,2017-05-02 15:14:53,2017-05-23,9f59febbac559cfc11fbb10c91aaadbd,2017-04-16
2fb8e643288fc9fcf4b9178fb9d4f17e,47f687f5e1072172dab1fa3bab5ec5fb,delivered,2018-07-18 21:33:11,2018-07-18 21:50:48,2018-07-19 12:15:00,2018-07-22 12:40:52,2018-08-01,9e0a06323b80f7efda812710f48c8b2c,2018-07-18
6b52fde341db3472b2e4c787887abc7e,972113ea2f5747454eab08fb128eca53,delivered,2018-08-17 14:11:25,2018-08-17 14:47:03,2018-08-21 13:08:00,2018-08-27 14:40:55,2018-09-10,e5c14e138944a4ad8ad34a1f129df1ab,2018-08-17
0d4677b0223bd9ec9dc8182d6afa70aa,ba6e9de72c03f1cb435f17b0c029b7ed,delivered,2018-07-13 15:49:42,2018-07-14 15:45:13,2018-08-02 07:17:00,2018-08-08 17:32:21,2018-08-02,f4d5909a89b4ce6940bdc49e9cb2567b,2018-07-13
93ecdca779367b3806aaae30a8b19021,0b9607b0407236a9a7ef6f47227fc5c6,delivered,2018-03-19 18:04:50,2018-03-19 18:15:47,2018-03-20 18:08:27,2018-03-21 19:09:59,2018-03-29,a60896ee4449908b09333a08c2113604,2018-03-19
df1ca8d699e806b9f7218c3bbedd99aa,671beff05d7225f209b521637f46d2b5,delivered,2017-12-15 12:25:46,2017-12-15 12:33:22,2017-12-18 21:59:00,2018-01-09 01:24:11,2018-01-16,a9f8dc1f5a3317a30e82c37f6f669eef,2017-12-15
2c84b2577e246ed9aa8ad68b0dee5be6,ababd73999adf4b07e06857dbe19c564,delivered,2017-11-24 00:12:10,2017-11-24 12:56:37,2017-12-13 20:52:03,2017-12-14 04:12:50,2017-12-22,c01ac58053cfc3fc1d6ac89a016cb4a0,2017-11-24
ccfed22516d5e4520d1df318959b309f,f05cebe5fde7a7272330d63ed132125b,delivered,2017-03-21 21:37:15,2017-03-21 21:37:15,2017-03-22 14:51:20,2017-03-27 15:36:09,2017-04-11,23d711073427896fc9caf91e2789f1ef,2017-03-21
1c2220875063bc97c980fc0259524908,cdc5535d003319bc052576caf95eabdc,delivered,2018-02-03 21:07:55,2018-02-03 21:29:40,2018-02-05 22:19:41,2018-02-14 21:19:03,2018-03-06,a6c4aa44d56da0c0d81baa9779708f60,2018-02-03
8f2477c7968064db4bfc9226d1970fbf,5b435f247f7583cb4cce55505f424d15,delivered,2018-04-18 12:11:45,2018-04-18 12:31:50,2018-04-18 23:08:25,2018-04-19 23:54:37,2018-05-07,2224186d7c8794d851cd59d2451cff41,2018-04-18
2f9db112709bc8611e33dff37de4ad8c,f331d7107cb44545ffb4c8d23339f797,delivered,2018-02-28 16:11:52,2018-02-28 16:29:54,2018-03-07 21:08:57,2018-03-29 01:28:47,2018-04-04,6c34c9733492c0d909dffdd90f99c1b0,2018-02-28
bff8a4fd45acacd3f3390aed67ed8e91,c61b177cb45d59e31ce05fe775fb9ea1,shipped,2017-03-28 22:41:49,2017-03-28 22:55:16,2017-03-30 16:42:34,,2017-05-03,816ba6fb69eb46244f8c5730ceda4573,2017-03-28
6bee12a6a1b3bc446b3c061239cd1e23,3c78c7ae591f945581736c6dcc704170,delivered,2018-06-16 12:51:44,2018-06-16 13:19:30,2018-06-18 13:27:00,2018-06-22 19:40:40,2018-07-05,a076d1b62f4866c974b56b4b30a7d633,2018-06-16
97281bb4f529a833c220982299fe4f34,ed6694d2caf9c2bd6106fe908917f66b,delivered,2018-08-17 20:53:26,2018-08-18 02:50:21,2018-08-23 13:55:00,2018-08-27 22:55:24,2018-09-03,f874587c1c4e46e9694fa4cec4d9fb4a,2018-08-17
1ed94b4136f96a6bfbff567620be959a,6611c5d0c9f5630415f2f79a057d4044,delivered,2018-02-06 23:08:22,2018-02-06 23:29:50,2018-02-09 14:23:06,2018-02-19 23:14:00,2018-03-12,13ebf7d597e79f3673cb89afc12b263d,2018-02-06
f499f2bfdaa69f3b863d1891a6203ae3,bbd91d6f3d10eb0b169bd22ea202dcfc,delivered,2018-05-31 16:24:49,2018-05-31 16:35:15,2018-06-04 14:33:00,2018-06-14 16:08:43,2018-07-18,23c1c967ad19882d54a03b18e304fb1d,2018-05-31
32a1deec544b7ad8e44ba2e87dfae1a9,1faec1b2c2a13fa81394d4ff3b112ad0,delivered,2018-05-10 17:19:38,2018-05-10 17:38:07,2018-05-22 05:51:00,2018-06-12 23:12:49,2018-06-05,533bb817850cf3ad1d6e1ab3adf39fb0,2018-05-10
92e2984724b33a8e95f8754bfee44f38,494470233a81ff4009dfb307706f48eb,delivered,2018-01-16 21:26:31,2018-01-16 21:38:30,2018-01-17 18:12:31,2018-01-19 20:12:18,2018-02-02,bba5c297d23d1cae96e35ac3784d2801,2018-01-16
e85fad5cf12ff1d6dd2ac745874e57ad,65d02ac88852544e987a97dd4cee24f0,delivered,2017-12-18 13:33:56,2017-12-18 14:36:36,2017-12-19 13:37:10,2017-12-29 21:55:14,2018-01-16,a280757f35720793a5ff4515aeab5229,2017-12-18
ac5d693f43004c406ffca277f9d3e63c,8194ad28cf37555c0e649b4ebf89ddb3,delivered,2017-10-03 20:34:50,2017-10-03 20:50:34,2017-10-06 17:10:10,2017-10-08 16:19:37,2017-10-19,60b556b3cc0a84c4f3f26416a3f2f544,2017-10-03
98a1fffc0c110af1abb9aa2d4af96dd3,2758692f01ac5b7613432ef9df04a56f,delivered,2018-06-28 15:58:24,2018-06-28 16:10:44,2018-06-29 14:47:00,2018-07-03 16:21:47,2018-07-16,6d91f649550081a2a1ca1d69a71eec64,2018-06-28
721f02a8125f571ecbe34cb7073ff732,9cf1b362b8ee73821c5cf441d1fc577c,delivered,2018-02-10 18:21:51,2018-02-10 18:35:20,2018-02-19 15:16:56,2018-02-22 18:56:51,2018-03-09,af531be9bfedb8c9372fd61ada5c09d3,2018-02-10
8ae758e9dfba42257dd89e48380b3d1e,af3b67a686e5dd9109a40e92ab58b7ab,delivered,2018-04-18 16:29:31,2018-04-18 16:55:37,2018-04-20 22:26:19,2018-05-30 17:33:11,2018-05-16,31499e721c936ac2d180f41d65208dea,2018-04-18
701497f084be73caaae3efa1dad2422a,eba0792cf35e2ab2db2dcb391adb5ab4,delivered,2017-08-20 17:13:52,2017-08-20 17:30:17,2017-08-22 18:55:54,2017-08-24 18:00:17,2017-09-11,a57affb85ded025727ddee5e72580f54,2017-08-20
75c146db1b1c6fd6f21a90a2694ae5ff,60e592e405f4749deadf8d23c7603335,delivered,2017-11-16 13:15:29,2017-11-17 03:46:29,2017-11-17 13:21:34,2017-11-29 13:59:04,2017-12-11,86c075f16b7fb2f798409e42897d5414,2017-11-16
debe2bcce0390332d250c9a0176a2888,95a396e70c2a121d8ebde434f1c75128,delivered,2018-06-26 16:29:29,2018-06-26 16:58:12,2018-06-27 08:34:00,2018-07-05 18:33:24,2018-07-25,bff424913d5c61fae864822b127d5af3,2018-06-26
cbad84cbc3469e39f8f765362e2a9ae4,870b6591df0299937f00101427284649,delivered,2018-05-17 14:06:50,2018-05-17 23:33:34,2018-05-18 13:51:00,2018-06-06 21:38:31,2018-06-06,99634d5427a6f49e3522947ea09d54be,2018-05-17
ffea406a848c8afe4dec22bf6290ba00,e85ff8cc3cc2c09bdb9204dd7930c0fb,delivered,2017-03-15 17:16:36,2017-03-15 17:16:36,2017-03-16 12:54:46,2017-04-05 18:48:06,2017-04-05,ffe3e199b9d0b7fb7d2d29a5b9498447,2017-03-15
f1c86b9191896bcf9077ec22b6248153,994be0a2320e85a0c2416351bd93026a,delivered,2018-03-29 20:32:06,2018-03-29 20:47:26,2018-04-02 19:42:29,2018-04-11 15:58:33,2018-05-02,db591442825daea0d9ec7da87c4c896b,2018-03-29
4fcf76f4599c2d725c33ed838078c8df,ddc68290ac609084ffa721fa229d55ed,delivered,2018-06-04 17:42:39,2018-06-06 02:54:21,2018-06-07 12:09:00,2018-06-11 20:54:42,2018-07-04,527f0956fde5ece5cef5071b87038f61,2018-06-04
bb580a11981d17436d65e4c945b39124,e89981ed8d5648b550181609ea2d512c,delivered,2017-04-03 07:55:19,2017-04-05 06:35:12,2017-04-07 14:29:22,2017-04-12 10:38:04,2017-04-26,35b8febc8fd46c7c7e07c29352efbfd5,2017-04-03
0b1bd7cdeb2d703ebe602a2989a86f9a,008def95c3ec7f58d2cc8f2b1d2c3feb,delivered,2017-08-21 21:09:21,2017-08-23 07:25:47,2017-08-24 19:33:37,2017-09-15 20:57:39,2017-09-25,23af7ed42b446329e95c7645ba337f86,2017-08-21
2e5cfd97555ff101c1691c3a2d4f5bd0,1993a85ab0559032b87d850e75d80d0e,delivered,2018-02-02 12:07:04,2018-02-06 03:35:35,2018-02-16 15:26:51,2018-02-24 13:48:58,2018-03-07,cfebf9a47331c80628dc9b07226646c0,2018-02-02
1bae29458497cf459ccba5b9e54d40fb,343221ef32c6f6d61324804c27dff8c4,delivered,2017-12-07 12:03:24,2017-12-07 14:52:52,2017-12-11 18:21:47,2017-12-13 20:54:29,2017-12-29,82d9e38e8c50ea8b4c5694c36eb2ea41,2017-12-07
464a29715467046008c5aa817d1ae498,f57e0db92a75b273d6a4901c2dbc4453,delivered,2018-03-24 14:14:42,2018-03-24 14:27:50,2018-03-26 21:06:10,2018-03-28 00:04:23,2018-04-06,ee85f92931be433f1dd09fe6ff2951db,2018-03-24
e4e3babab4d0f208cb6963df2458709d,cd06ff43889826d2ae1943fdaa68cf6e,delivered,2017-11-30 13:37:44,2017-11-30 13:56:38,2017-12-05 15:39:17,2017-12-13 14:29:11,2017-12-22,746525301ff1ece09ab6b7f5a1f053ba,2017-11-30
16fb5223e4fe12fa7d021f3472b20bd6,c4ae439f6da7c54c9f4f033a0c6644d0,delivered,2017-12-11 19:55:17,2017-12-13 02:49:50,2017-12-15 15:19:15,2017-12-20 01:56:32,2017-12-28,5fd447bf38877e71eac2137b183d5d4f,2017-12-11
dcb296c70aeeb58ba29143cc4f336e9e,91ca069bc0cfc42f5d6eef0638578f32,delivered,2017-02-04 18:12:53,2017-02-07 04:03:15,2017-02-07 10:22:01,2017-02-19 13:12:11,2017-03-03,9a04f0ca97e81b8b008207c3e87dd183,2017-02-04
7dcf28f5c87ece1d91e794b803e494f2,119aa198a9f4d3894c1b4bca5dc8ebc7,processing,2017-06-01 12:48:34,2017-06-01 13:10:39,,,2017-06-26,36e917b0fee77d845c062cd4a9ff8c08,2017-06-01
eb63192b23adf354552573b4ee157ee3,85e524338405b267962d1cf158ff6eff,delivered,2018-01-12 10:46:20,2018-01-13 02:05:42,2018-01-15 16:45:03,2018-01-26 18:37:06,2018-02-14,b4cd7a22cfa55b7dbe4d673518889c90,2018-01-12
70ed97390f0c32ee36ebfb8a421ee1d5,89673ee4a46a696faf2f928de0377ddf,delivered,2017-12-08 14:02:37,2017-12-08 14:14:46,2017-12-08 23:43:51,2017-12-22 18:23:47,2018-01-05,1c055b4938986049c0c2ccace93b3c2e,2017-12-08
191abde9c3bf77d1ce67d100d8db6d15,0e918c5caf715bdf6b49da1c250061b3,processing,2017-07-29 10:47:21,2017-07-29 10:55:17,,,2017-09-01,d7b918d0c8219843c0a245d589680a60,2017-07-29
4bff39e06ff6b0753c960a52a6b4cf18,1f6708446d3ea27208d14ace89a60d64,delivered,2017-07-12 13:20:20,2017-07-12 14:10:20,2017-07-13 16:07:38,2017-07-14 20:17:53,2017-07-25,7e3f883d573c9e96503c9fc51a3ff25d,2017-07-12
5b685c100fca33dd8aabfe1e6fb0d62a,23c60a0f388a1d3c11354d5b31e09993,delivered,2017-04-17 19:27:25,2017-04-17 20:02:37,2017-04-24 10:37:30,2017-05-02 16:00:15,2017-05-10,6a6d558ce934dba63365e8ef2291b462,2017-04-17
7f4214f76d60bda5b31f6003e8efe6bc,03c25bbbfdb9e7dfad55da96cfb76fb6,delivered,2018-03-10 13:42:35,2018-03-10 13:55:36,2018-03-12 17:33:13,2018-03-15 20:28:53,2018-03-22,0f7273acf5fc44ed89b95c6de438e816,2018-03-10
3c90356d0505af8fad4231e48886ba3e,daf4042731b64089418398dd25e8e80b,delivered,2017-08-29 18:24:42,2017-08-29 18:35:11,2017-08-31 18:46:07,2017-09-01 20:10:20,2017-09-11,61daa1ec4231f2d7743857a5a43cedfe,2017-08-29
714d72a98db4e167095c024702d7422a,075e190ab1296f43d2984ddca2f8adec,delivered,2018-06-18 17:21:05,2018-06-19 06:35:47,2018-06-19 14:23:00,2018-06-27 12:13:12,2018-07-23,0bf013b2121f8ec0862f74fdebae586d,2018-06-18
8700ae81d9071593f13e448c1918b447,0d7fd013a2edc996eb0819c45a2dae22,delivered,2018-03-17 16:01:10,2018-03-17 16:10:30,2018-03-19 21:04:30,2018-04-05 21:52:23,2018-04-06,c36d04ef5a6f8d2a6b924410d151bec8,2018-03-17
f8b8098e21e86c13492c01a688632b75,e4ebb480961982227066b59eb6c50860,delivered,2017-11-06 15:30:50,2017-11-06 23:31:59,2017-11-08 22:18:43,2017-11-13 18:31:50,2017-11-29,ab017161bffa67a5a68d762fc993a35d,2017-11-06
49e1e1379bef42e55fbaf6c699de56e9,f7a77c7648c5a144d3f6d3ed2b880f31,delivered,2018-05-01 18:54:48,2018-05-01 19:13:26,2018-05-03 16:51:00,2018-05-10 15:46:46,2018-06-08,cc55e6755d4e535fca6919ff7f126bcf,2018-05-01
6fd30bc52324e33b336e1cd7bfdb5ba7,d6003fc76d4cef0738a33cfa652fed3c,delivered,2017-12-23 15:16:59,2017-12-23 15:30:18,2017-12-27 20:26:38,2018-01-06 11:48:51,2018-01-30,3ca05abf6ffe5aa004bae3dd33d1d176,2017-12-23
49a5294baa5c1b7681da8529df02572b,a90e80167bf47fa1cc55a9011380e925,delivered,2018-03-10 01:02:31,2018-03-10 02:00:20,2018-03-12 18:32:54,2018-03-21 22:22:34,2018-03-29,d277ef4a75c805239e54be86625e0722,2018-03-10
031e9d02ce26fb5bb1f85335708fc70b,34d69d0868e365b1c6e30282f13c9411,delivered,2018-02-04 21:58:07,2018-02-04 22:10:37,2018-02-07 00:07:38,2018-02-19 20:52:59,2018-02-21,8c5edafb436e4154397ea9209bcc410a,2018-02-04
710ad9913c5b4fc7c5d5a890082b1029,6e395ab5d68cf6554bd11b05c576f154,delivered,2018-08-07 10:11:57,2018-08-07 10:24:52,2018-08-10 14:23:00,2018-08-16 19:28:43,2018-08-10,f8b29dbf70b313e3d47c3ecc1baf85f1,2018-08-07
c9f23db8a1cb725df9bdb3383bd72b38,33652f0608d6c65cd11765b3e42aa243,delivered,2017-12-12 08:11:55,2017-12-12 10:32:30,2017-12-14 12:32:43,2017-12-27 11:09:03,2018-01-05,201e18d3b497478c79eaf7306aa38a21,2017-12-12
61ce7e37fd25093dfd1c75b06b6396d2,042504909fb10780fba8b14a8f952d1a,delivered,2017-06-30 15:52:51,2017-06-30 16:03:37,2017-07-11 19:03:03,2017-07-12 18:24:49,2017-07-20,1a617d69fa26f84b17ec3b288e7f367d,2017-06-30
f01a2dd1fe1bb662f246971e563eb4ca,7e4c2e786b87284c8c98d5bdcdf063da,delivered,2017-12-24 15:09:37,2017-12-24 15:16:16,2017-12-27 20:58:51,2018-01-03 19:23:36,2018-01-29,15c88177548e0abadd9dc15777591c1b,2017-12-24
6c353b764e0d5e28cb2852e8e8603def,194de7c2da3a80cdaf38308c02b7392f,delivered,2018-07-14 14:34:33,2018-07-14 14:50:13,2018-07-31 14:10:00,2018-08-15 16:27:39,2018-08-03,b53d4d73a92d7a206a140c084e2aa16f,2018-07-14
d397f6505bb5680eb194ec739c34f217,89c24c9a12dcb9acc5bcc2502ee40b52,delivered,2018-02-01 21:54:44,2018-02-01 22:55:26,2018-02-06 03:24:54,2018-02-14 19:52:51,2018-02-23,36544a57c1e98ac1b6f94909ccbe3e91,2018-02-01
8aa07b58565103d7756d28e4f3985e74,2c9b75eb97b0fe65ff2e32fd4cf62767,delivered,2018-04-04 18:08:38,2018-04-05 12:10:19,2018-04-07 01:18:24,2018-04-11 18:12:57,2018-04-26,b7a958a07d064248e48c63a95a146cfe,2018-04-04
bc31e8bedc7ea2cb76e1cb0e913ffa40,226cc869d30bf575d5d2a0060dd34828,delivered,2018-05-20 23:22:15,2018-05-20 23:37:59,2018-05-23 16:18:00,2018-05-28 15:12:05,2018-05-30,26d6770ea1fe6eb58ac8d80ca5beddce,2018-05-20
d40516d201a6c180696f31d77ca651ac,8f8218f15015d63e71aea6a68d9e1b67,delivered,2018-03-13 21:58:21,2018-03-13 22:40:24,2018-03-23 20:38:46,2018-04-06 19:51:34,2018-05-03,94b9a50e7c20bb52bb4e7d4f174fc3b6,2018-03-13
41c3bd8a34828a1a9ed3bae14a535afe,4e45b6aed6be4fbe9d4a843b9055e19d,canceled,2018-01-23 15:43:48,2018-01-24 02:35:42,2018-01-26 23:07:53,,2018-02-20,89eb20595e9e340b1dccb5f17445e60a,2018-01-23
ab1197da15cbff2ec70e2d58824ebaf9,ce5ffe8a8840252e27f3e8d915bb52ab,delivered,2017-09-04 20:42:09,2017-09-04 20:55:17,2017-09-05 15:07:09,2017-09-13 15:42:33,2017-09-22,bdcedf5204dfdd6fdf061f18affecab0,2017-09-04
4f07b37dd214946af6cb26405ca91727,9884376f4d6e303ed119a8cd78d7d975,delivered,2018-03-11 20:24:04,2018-03-11 20:35:37,2018-03-16 17:26:39,2018-03-28 19:32:50,2018-04-04,7ba092ede07d6dcfc69de495d9c4b5d2,2018-03-11
be9d88133ac0473fda4ebbdc48d5140c,4e1c0925d1cfae717a7abbfbeeae93f1,delivered,2018-02-15 17:53:58,2018-02-15 18:07:08,2018-02-22 18:46:55,2018-03-17 18:52:41,2018-03-09,595ee036d3a69e80934a9b3618834085,2018-02-15
e366de923b3124ee9d65c685b8ea802a,427e3bf0c50c9c0c248e747394d9f54b,delivered,2018-01-02 17:26:52,2018-01-02 17:38:26,2018-01-08 22:03:44,2018-01-15 20:23:54,2018-01-29,d5a5133e87d3fde908a4f0f501353fd3,2018-01-02
24cee263ae15271412b77854eb10b840,6b3203ddac95aee6732fc133bd4b6351,unavailable,2017-11-01 18:16:28,2017-11-02 18:25:33,,,2017-11-24,b090fd67efe21ab297f5c0c6cb040e31,2017-11-01
513ce85c6d6f14edd0689eac71b60ec9,4aeeab0bce430d10d07340cecb987209,delivered,2018-01-16 19:37:21,2018-01-16 19:51:50,2018-01-17 18:51:49,2018-01-31 13:34:31,2018-02-19,0284fd4ad2eb300b86e3fbb61985dd00,2018-01-16
d1d9e82abdaaa28b562b48d23f5e8203,71dd1c2bbcb2590101080d3921cfc540,delivered,2018-05-28 11:40:49,2018-05-29 14:11:34,2018-06-04 10:18:00,2018-06-05 21:11:40,2018-06-20,2cadb76aacfa6da3ace580c24e895364,2018-05-28
0ba07d4c280cb853d92c8734162c1cde,f2f83fa24e988705987bf38370435056,delivered,2018-03-01 14:23:06,2018-03-01 15:11:04,2018-03-02 17:28:59,2018-03-05 23:54:28,2018-03-13,a559653647deb3890ebb2c0745d0988a,2018-03-01
7fb427cd4340774b923e6c217c94d399,10595804cffb2dbf2c9dacca0008817b,delivered,2018-02-19 20:00:52,2018-02-21 06:10:33,2018-02-21 21:40:38,2018-03-05 14:36:03,2018-03-13,6f934d26a75c8c1f95b49193751fe5f4,2018-02-19
7c93ee5c562cc8509ceb10539d832659,514971e172e16eedfe4cce90478330c8,delivered,2018-04-04 05:12:09,2018-04-05 02:15:24,2018-04-11 21:13:44,2018-04-13 13:44:24,2018-04-20,014e4042a6b3ed0b1a6cd14c7639bb84,2018-04-04
42a9a8505ab685983ac28e300ba47c2d,e0a52aec64e9937f76fe0b2465d12b94,delivered,2018-06-03 22:33:26,2018-06-03 22:50:13,2018-06-05 14:15:00,2018-06-12 18:03:49,2018-07-20,9fe919ec86e46a294e9deb124a2be310,2018-06-03
732cc391e9ed0eb247bc25c02a19af0e,423f4e3813558c94cb405a508fc9467d,delivered,2017-11-24 16:39:08,2017-11-24 20:32:48,2017-11-27 15:59:53,2017-11-28 19:06:47,2017-12-08,27cc295b7941684eed48fbfb11d9b8b9,2017-11-24
b4c9708f4e37c6ac87564ef1f0efa7f3,b6e90c9642ff01784741d3aabd4c94a1,delivered,2017-12-07 14:12:48,2017-12-08 02:54:14,2017-12-08 16:12:07,2018-01-12 22:36:21,2018-01-11,f58d944f8ac78d84a1b8788ddf0636fb,2017-12-07
0bf5c5b5e96bce9d0093165a1697d8f9,fdfac5d8c7e14d8fc236256a33b5f519,delivered,2018-07-27 21:05:35,2018-07-27 21:24:32,2018-08-07 15:02:00,2018-08-14 22:03:43,2018-08-24,2483f3885e9d73aa6a336a2ede3c8645,2018-07-27
adb4641524ad981f9ab1886ee54977c7,ae79d9b3da28bd3788980967842a38da,delivered,2017-08-04 10:59:42,2017-08-08 04:25:21,2017-08-11 17:45:01,2017-08-23 18:14:40,2017-08-29,dd55dce5a6ed77921d4187dbdbf5258d,2017-08-04
90e4a419d8ab272d501cbed937d46920,a830a248775c8bc5cd65a367ebdc08f4,delivered,2018-04-25 09:43:01,2018-04-25 09:55:11,2018-04-25 11:37:00,2018-05-03 22:42:41,2018-05-18,cc3db54bae11167976708abdc66729eb,2018-04-25
1c8e00e4aaed0f2b8d35db6abcd8e512,0df9b193d9b7e6d45c62568d24f672a8,delivered,2017-10-13 01:39:09,2017-10-14 18:33:53,2017-10-16 23:19:41,2017-10-24 13:00:02,2017-11-01,e9e9aa9ebf0957826090f74c9f5fd4e4,2017-10-13
f9d0e3b4c20495f400a845fa3aab20c2,a4edae4af0161e30468c898771c742af,delivered,2018-06-06 11:53:12,2018-06-06 12:12:59,2018-06-08 13:22:00,2018-06-14 21:36:44,2018-07-03,a4565992c7592020c4fadfd19da372c7,2018-06-06
b2d3d1cd87d22775690fcff44e275cac,b6565c968890d3efd0d2f20aff2be983,delivered,2018-02-25 19:12:52,2018-02-25 19:28:00,2018-02-27 18:56:38,2018-03-27 19:21:35,2018-03-19,8d52bfb8af22efa09b547b7504e63233,2018-02-25
2def1756e81beef63b300f1bcfef83e2,848e93a53b21fd9087eb70bfe6f4d3ca,delivered,2017-05-29 10:17:40,2017-05-29 10:30:17,2017-05-29 14:32:35,2017-05-31 13:09:56,2017-06-20,f793fa1a8387722e66861440778f1cf2,2017-05-29
d3ec40731fe6a0b60cef4f782e7be160,8fbd8aa3e737d7f37eae3f754ef023f4,delivered,2018-06-21 09:53:20,2018-06-21 10:22:51,2018-06-22 12:46:00,2018-06-28 19:04:46,2018-07-16,f63bc72bffaf947673fbc25025fb3af1,2018-06-21
9a2d9a86d4a7dd97171191815ece139e,d65f26ddbb8bf9309eba044491dd5ddb,delivered,2018-07-14 00:31:42,2018-07-16 10:04:30,2018-07-18 15:51:00,2018-08-03 09:27:57,2018-08-08,06c711731177ef5ed726033d3003c4b6,2018-07-14
0963c313de5db3a47d2b1d051e92a299,64247545e284c2a31eacecbb98c87fe6,delivered,2017-06-02 18:49:32,2017-06-02 19:02:58,2017-06-09 11:56:06,2017-06-19 19:44:49,2017-06-23,ba690d5ce0fb26235943eb728ef4efd5,2017-06-02
c4f745840ebc0928216398dfa6093676,ef4e5593a2c0c709b9f8861e16da560c,delivered,2017-10-18 23:22:09,2017-10-18 23:34:14,2017-10-23 15:55:39,2017-10-26 17:24:08,2017-11-09,f007cd15a9d152fb056aa5c30beb988a,2017-10-18
e4aa018162dfefca470cf4f157306eed,b52534c73cea7912f255f9a6e19ce222,delivered,2017-04-27 16:43:48,2017-04-28 11:44:33,2017-05-13 06:21:32,2017-05-13 10:19:38,2017-05-29,d99cf97b199a5b8cfb557442f32de75b,2017-04-27
a46a206fc9bc06abda01c55cfc97117d,7535f5e603e1ad9a0c0bbc321caf1994,delivered,2017-08-05 16:05:04,2017-08-05 16:24:30,2017-08-07 20:21:44,2017-08-09 21:03:08,2017-08-29,aff0af82ca33e928047b5bc81c3cd1d9,2017-08-05
0b65284a1a74114ea029b7676fdc1ba3,84e14521bff8cbb289a87be1961d3d08,delivered,2017-05-09 04:33:51,2017-05-09 05:02:14,2017-05-09 08:18:13,2017-06-09 17:12:16,2017-06-16,9202421110f6a19ddcf0b9b93602a0a1,2017-05-09
3726455226b345e3de3b66e76a47d9db,5e81b9389598c126ef13a101a7fc7471,delivered,2018-02-17 21:01:57,2018-02-17 21:15:23,2018-02-20 01:46:37,2018-03-11 17:12:45,2018-03-20,9374b1da36c7464ff35b853955d3de96,2018-02-17
d234f846aac643047caabb1171030524,43252ddf36a267998e866edf8e5b873a,delivered,2018-07-17 11:37:23,2018-07-18 02:50:14,2018-07-18 08:37:00,2018-07-24 20:58:35,2018-07-31,4672927eb24d0d31b70521db7713678d,2018-07-17
cb5b5d9d111d57e734d8e22a09ddffaa,a917cebae53da0484f3b9e444e8895c8,delivered,2017-07-18 10:53:53,2017-07-26 15:55:21,2017-07-27 13:49:52,2017-08-02 20:29:06,2017-08-07,3bb5c75173094ab0c8bf5d834c49410d,2017-07-18
2d5d28288be492e268303635a7aa4fec,80bbd64eeefc9804e21a1b516bf342d4,delivered,2017-12-06 20:35:14,2017-12-06 20:51:19,2017-12-07 23:13:24,2017-12-19 17:44:53,2018-01-08,c73e952ae9851094d018cc76ce1d5616,2017-12-06
5151e80211e1634ea892b2dbe80d39f2,b4e0356b6ba6c2a12cca6b4191e8ed99,delivered,2018-02-04 18:58:17,2018-02-06 10:11:40,2018-02-07 22:20:46,2018-03-17 14:36:29,2018-03-09,381d0e5092e7b506eff0cd4b994aef90,2018-02-04
c7b320d88c5e5f37698bd31d75c02eb2,412252f46f6f9a739d1c261c63d3b947,delivered,2018-07-31 08:51:53,2018-07-31 09:44:21,2018-08-03 12:16:00,2018-08-08 19:38:33,2018-08-15,6c2ee16dac99e078b6e99cd1567b9143,2018-07-31
5e5e7f7a2ede19230d510a4319015e48,6aea87f3af81dfe06c69c1699deb5bed,delivered,2017-07-09 19:23:26,2017-07-09 19:35:20,2017-07-10 17:32:55,2017-07-12 15:24:26,2017-07-21,46c571354c50943f66679fdc1769fba6,2017-07-09
cbc0f78d9e0d7cd99582cd7552cfd64f,fc605af68bba864d01d42be7edd4ec6e,unavailable,2017-02-14 11:45:11,2017-02-14 11:55:18,,,2017-03-15,3db9654cb5274f5b9e70960acc045dc0,2017-02-14
c2a0804ce9caec169b2c41564fd7f9e0,68aef61e65c7f37762db4a94c9d022c9,delivered,2018-07-11 10:33:27,2018-07-12 03:10:18,2018-07-12 14:55:00,2018-07-23 15:04:13,2018-07-30,d524b6e5c6ee44b0b59295b74afb3840,2018-07-11
c20889d460a5439e1529017fc9a867da,93ecffc5232c696502c0835ea9ac8bb1,delivered,2018-01-19 13:54:38,2018-01-19 14:16:21,2018-01-25 19:56:51,2018-01-29 21:25:06,2018-02-09,13482d6d131905c55ba490e99c3f9769,2018-01-19
ce699ae4abc92356538ece036da1045d,9b6de7a8f933729d506499252e96e884,delivered,2017-09-25 16:48:40,2017-09-27 14:56:17,2017-09-27 21:09:09,2017-10-04 20:58:04,2017-10-24,59af340efbf4f7183fe7f92d11d6c7dc,2017-09-25
ef8bdca46820c9cd351e4f5fefb66673,db51f35aad5e37b5e416f74bcbb17143,delivered,2017-12-26 10:34:00,2017-12-26 10:46:36,2017-12-26 19:28:44,2017-12-30 13:54:22,2018-01-19,f17432ee714fd40afc0b38dab3e21cdf,2017-12-26
d4f05891951a18c5d6a2b25ff3a8946a,542d1cb02266461f5f230278c7f075a3,delivered,2018-04-29 15:15:21,2018-04-29 15:34:52,2018-04-30 14:30:00,2018-05-02 21:47:43,2018-05-15,989eb11e93f4f19765421ce152413bbc,2018-04-29
b771e62d713a06aed1f4d45b318a6851,c3e6c5d7f758e01d7e5e3f653a2add24,delivered,2017-04-19 09:25:00,2017-04-20 09:35:15,2017-04-25 12:20:41,2017-05-09 11:55:09,2017-05-11,d06e9e12656406a30609b344e4e1bb58,2017-04-19
5f14e4f5d9265dd3e65767518f7ee63f,7bd51ad546d78d7678edfe06a435e86f,delivered,2018-05-07 15:12:26,2018-05-07 16:55:54,2018-05-08 13:40:00,2018-05-11 20:26:34,2018-05-24,826df974b989d9b10fba85c7d3020da8,2018-05-07
1c4deb98d216d2fda120204a5fcfb57d,76329463ae17ce6629dd04e014aa72e4,delivered,2016-10-04 23:26:51,2016-10-06 15:51:36,2016-10-30 10:47:42,2016-10-31 21:49:01,2016-11-30,b1a17b1877beaabde6421f631c95a734,2016-10-04
abad735a6f47ebdedacae8d78d765347,5fb3d3b8cbbef8c43dde17da5e8ad2bf,delivered,2017-11-25 14:44:36,2017-11-25 14:56:13,2017-11-27 18:14:22,2017-12-07 02:09:29,2017-12-20,b6ef70b18e90f0617d37b848cc936c61,2017-11-25
a05fc37f43df506f00a32f1507e4d360,7a542429a51807452d689223d25878d2,shipped,2018-02-25 21:46:50,2018-02-27 05:30:54,2018-02-27 22:09:37,,2018-03-22,db424097d7f1a7bd8ea20afa765f0e05,2018-02-25
f6cf20d8d6692cf6d99a4db211c2f891,46028ebaf457355eafbc425f0cb49470,delivered,2018-01-22 13:53:19,2018-01-23 03:52:51,2018-01-24 17:08:09,2018-01-29 23:09:29,2018-02-21,a234c963cbecfb8854f1da84e687bacd,2018-01-22
f0d4f9815268c8e208ba8441b85504ed,5e65b0c78a0bb8cfda4aaad93bb78d1e,delivered,2018-05-16 10:05:44,2018-05-17 02:55:38,2018-05-17 10:22:00,2018-05-24 11:22:09,2018-06-07,57cf0cbb103c2cc76b54b0ddb00b293b,2018-05-16
2811a528a7b5ae1d207e9620a4c6b44b,153e52e63923244a66d19c4b0ca40f42,delivered,2018-07-27 08:44:31,2018-07-27 08:55:21,2018-07-30 13:53:00,2018-08-06 15:21:55,2018-08-17,7fd60b083a764a3b11ffa6ea90df8d9a,2018-07-27
b1bd04a7557894a01ad5bd542caa8468,bda00833104c70fdb43e0de7e44599cf,delivered,2018-01-08 23:03:22,2018-01-08 23:15:34,2018-01-11 18:19:48,2018-01-26 17:09:15,2018-02-08,a5c02cb9fef093bf7306928403d8f6e3,2018-01-08
92c55117a3367e40dd561583a49644a5,1d939505d1db995b5d0cdfdff5606a22,delivered,2017-10-21 17:33:50,2017-10-24 03:56:30,2017-10-25 23:50:38,2017-11-01 20:12:27,2017-11-16,1e407c475c209a15ec3d39e8b8a058b2,2017-10-21
418b68df1336cdb60b7e80c8c249f28b,2adab8995d75ecd5815438e710ec1030,delivered,2018-03-22 22:53:20,2018-03-22 23:07:23,2018-03-23 19:57:42,2018-03-25 11:16:51,2018-04-04,9c227b733b0caab4861f13581105b15e,2018-03-22
99c16e186af9fb23a995337dcb608b2f,10579d8b58d69f12f480e2eb4c8be2ec,delivered,2018-05-03 15:02:47,2018-05-03 15:34:44,2018-05-09 12:11:00,2018-06-07 14:12:47,2018-05-16,5febfe7752e6697ad455d0cc5d954c53,2018-05-03
86be4ae55b020c490fa71d3a9d9af442,002c625393dfa194828b462a6ef8cb0b,delivered,2017-11-19 13:22:44,2017-11-19 13:46:14,2017-11-20 20:12:00,2017-12-02 01:03:17,2017-12-19,46a19a5b29624c9be39b41ab02b12b39,2017-11-19
64c4cb66d0d00f017802b2f46c80f74c,ad9b4f3dd57344377da2dafa6a193ddd,delivered,2017-07-05 11:32:56,2017-07-06 03:25:33,2017-07-12 17:43:32,2017-07-17 19:53:48,2017-07-25,b2a35fdfe13998540dc5fdda95e35ceb,2017-07-05
ad70b687aa28281ec53061479c1f4bed,c476db9f95d3731e6433908b2d7c3158,delivered,2017-06-06 13:35:34,2017-06-06 13:50:27,2017-06-06 14:54:27,2017-06-19 21:40:00,2017-06-27,13e0f45678789b1741dfde3f9cc1cd1e,2017-06-06
7214d4b6b000cc492a9a80db1a6d59fd,7896a14eaa367debd82ca701439c68c7,delivered,2017-12-13 20:13:11,2017-12-13 20:29:20,2017-12-14 23:57:44,2018-01-05 19:19:56,2018-01-17,0745e5e42f86fc8d2749aa0c9cb14082,2017-12-13
c3c928dc0f48fd00aa7c7156f777812d,5da101b6d60bab41e74f4183b64b2fb5,delivered,2018-02-20 16:20:48,2018-02-20 16:31:16,2018-02-22 21:08:24,2018-03-20 02:34:26,2018-03-21,5c6457a9cbc73303fd3845da3e443ff0,2018-02-20
7ad98754c4b268d09d188885ab8145ef,f76f635db8272ae04293d74466a7b619,delivered,2018-02-19 12:35:12,2018-02-20 07:15:37,2018-02-22 16:23:08,2018-03-05 17:52:41,2018-03-09,3358eaf7474cf840493a59fc666e291d,2018-02-19
0bcb782ba7956aa53f7f565159107488,3c5208735611db0353acf269389b07b2,delivered,2017-10-13 04:55:08,2017-10-13 05:07:17,2017-10-20 20:14:59,2017-10-25 19:05:54,2017-10-31,50cbf8f029f86149fef3d5688e4abd4b,2017-10-13
954d00ca20db56e3fefe0b6a57267ee0,80cf670a331be31a70e4c0ea3cf582b7,delivered,2017-11-13 16:07:40,2017-11-14 04:15:37,2017-11-17 21:32:26,2017-12-04 19:04:08,2017-12-01,32c4208a5e9c5043b971d31e4a21c8d4,2017-11-13
e9d9941f914d3f702a186f0176ae231f,10c91c2f8ca8aa4c02286033c86da784,delivered,2018-03-11 19:26:45,2018-03-11 20:00:23,2018-03-12 22:18:25,2018-04-24 22:43:37,2018-04-10,8149101234b839e311a6f8c525206632,2018-03-11
a0c0fc24532de3f29103af8136d00d78,ede711793e4ba5acc372e3e6430ec5ad,delivered,2017-12-08 09:13:47,2017-12-12 03:49:56,2017-12-13 21:49:13,2017-12-29 21:15:05,2018-01-12,65f03fbedc7e8316cd4eeef6480b681e,2017-12-08
710e2c5ff9a94d1abd06aee65f2ab524,aaf5645b8879084ddf3bb8795782ad82,delivered,2017-07-23 12:03:42,2017-07-23 12:15:16,2017-07-25 22:23:38,2017-07-31 20:36:51,2017-08-17,81120071afef533fb284707f3d076a1f,2017-07-23
c184e6099cefcb115ecad127cf774705,0bd4cdb624200c39410664ca45d4ce25,delivered,2017-08-09 10:32:05,2017-08-10 10:44:00,2017-08-11 16:56:33,2017-08-23 19:18:11,2017-09-13,ef47bc5bdb69b9aa62f3db4e3e434d72,2017-08-09
cdd7d95ef2e9701ad29741c3f827bcd4,0cd1a2bb6d3d5b3eb6baf77af2578405,delivered,2018-04-07 13:51:40,2018-04-07 14:08:26,2018-04-12 20:59:31,2018-04-14 19:54:24,2018-04-19,32ff4aa9ad6876a4bf08e7afad79a2d2,2018-04-07
28d54ed8d82e889932eed0c294c88a6d,b05545f6be20fc92df2c3302db38118b,delivered,2018-02-21 13:58:14,2018-02-21 14:30:38,2018-02-26 20:34:00,2018-02-27 20:54:07,2018-03-07,1ddf57bdc6564226038a3f10ab881054,2018-02-21
a63a3d3aceb23878150f9186b9bed935,9480a2d06e7542091c9de1d4afdb120d,delivered,2018-02-03 01:07:02,2018-02-06 05:31:52,2018-02-07 17:39:10,2018-02-20 22:33:27,2018-03-09,dc1e294dceea9fbe6bd8646954e03c95,2018-02-03
5fa652d6a0d79befbb256a3a2883469a,cfc8c6693c9077a52cda46c3b01d500b,delivered,2017-03-16 07:51:46,2017-03-16 07:51:46,2017-03-16 10:04:21,2017-03-27 12:38:42,2017-04-17,996e8917ce2996f5771b2d5fbc26fe1a,2017-03-16
84df054750400ab9b49f2b0281fd9f18,906ab422b16bd7e63d0fab9edc693a80,delivered,2017-08-30 16:45:46,2017-08-31 02:44:46,2017-09-04 17:19:54,2017-09-05 14:27:46,2017-09-12,5a617450496f1cf7f8dcf4e4790e6d4e,2017-08-30
2036e90fc219932b90e4da6211a01758,33a3ae8c96bb00d0dcbef6fc2fde83bb,delivered,2017-09-28 20:46:21,2017-09-28 21:10:07,2017-09-29 15:28:07,2017-10-10 16:18:02,2017-10-27,2ba69c1845f8c39537c8b32e7584fdf7,2017-09-28
7ec0aff65eb09ca0d03ca5b64e67e4db,79e1681d91ea9bec47fbb60e2ce8f9f8,delivered,2018-03-11 12:43:31,2018-03-11 13:50:36,2018-03-13 00:14:48,2018-03-16 18:36:40,2018-03-22,6311c4311d03ba06d1e5f11aa55425b5,2018-03-11
7207091d29c0f0df59dfe6e1cb216f2b,412cf6a277196304ae7644e7dd05471a,delivered,2018-05-25 01:51:58,2018-05-29 03:15:26,2018-05-29 10:25:00,2018-06-07 23:42:02,2018-06-20,1090fe4c57ea2a018b442a61d09b3e95,2018-05-25
90eca4d64c7a259032121fd75766d408,d6511c6586b0e35810dcdd7508e677d5,delivered,2018-03-13 13:20:13,2018-03-13 13:30:32,2018-03-15 17:18:57,2018-03-28 17:38:52,2018-04-03,7f009c612d92a68e4c39db23c3bfb15b,2018-03-13
5b53d58d5ca32220fd0eabaa0eeecb76,377d526461ee7bdfb44dff97141d6e40,delivered,2018-01-24 11:17:38,2018-01-24 15:15:57,2018-01-25 23:36:33,2018-01-29 17:44:55,2018-02-16,35757e086379b909cf8d257dc2996ca1,2018-01-24
a373ffc34c4613f5136ec29b5af247e4,a9c5aae74c11eee456dac27069df9201,delivered,2018-08-08 16:42:07,2018-08-09 03:55:14,2018-08-10 15:58:00,2018-08-16 20:28:50,2018-08-20,ecadf5653ace14f8ed73e00d54d1e685,2018-08-08
7cbb15d12a1bb13fde596f305857b22e,70eb2dbf20da55dcfb3bbe2cb2cf1fe2,delivered,2018-03-30 15:19:20,2018-03-30 16:07:33,2018-04-04 18:54:49,2018-04-05 19:38:47,2018-04-12,6c005d6d2d21634f3eabb0720c780d75,2018-03-30
e3c4b2d7022588a02583a79b3f405632,ffb81db92e7ac00ecfac978f673be8a6,shipped,2017-03-17 21:14:36,2017-03-17 21:14:36,2017-03-20 09:49:10,,2017-04-20,14d46ad43ae7e3cd6944258b9840373b,2017-03-17
e405bc96c83c1abef95a51cc9e8ca865,f6cd5629d58e708bba4bedb09a67d8a7,delivered,2018-02-15 13:44:49,2018-02-16 07:56:22,2018-02-16 21:18:47,2018-02-24 18:13:18,2018-03-08,df5d2b376ad8dc9223a3528f28795837,2018-02-15
9dd72a3853b3514932140ba93b5192c9,12b71606e2ad874a8b0d87a44dc13d03,delivered,2018-06-11 17:40:27,2018-06-11 17:59:58,2018-06-12 12:56:00,2018-07-03 18:03:26,2018-07-17,6444c7cae6ce58e329f7ccd84b2e3660,2018-06-11
c633513c5486bd512a2a23de725cd7cd,ad7597affbd78584634d4d196f99843c,delivered,2018-08-01 11:38:20,2018-08-01 12:44:05,2018-08-02 13:26:00,2018-08-06 17:07:17,2018-08-07,9b6e29f697c6a4bb23f55803906495f3,2018-08-01
0d4705a6e6fc84a31808604039a41807,b9a79bec2428c0ec8ac0bc179bd69979,delivered,2017-08-01 18:36:26,2017-08-01 18:45:19,2017-08-07 21:59:52,2017-08-16 18:47:34,2017-08-29,aca8e93c4a6894ec83a2f701a68db9c0,2017-08-01
b1e28e5f9eb777c98432e77404ae6492,afb24582c2e3f71b1d30ef751e584eb2,delivered,2017-07-12 23:57:42,2017-07-13 00:50:19,2017-07-19 21:03:09,2017-07-28 22:19:36,2017-07-25,103f81618f827e446003cc66e8f3bf24,2017-07-12
ea38dbbe2044b5c96bf31ff508ba1aad,5f3cf131f81aea5ea90fde7a77feadfb,delivered,2017-05-08 10:55:54,2017-05-08 11:05:12,2017-06-07 11:07:38,2017-06-07 12:01:35,2017-05-30,969e62a47aec03c735127e6f11ad6564,2017-05-08
a9d502365a8302d96f5d9e6e0a24a29a,383ba7fb22ea3f6efa932cef41b61349,delivered,2017-09-26 17:32:19,2017-09-26 17:49:09,2017-09-27 12:33:43,2017-10-03 20:51:28,2017-10-23,fd2c4ddafdbc8e493eef20ab376945ba,2017-09-26
0bd81c3fc5ab72f8089147192cfc3f5b,03f2849096ae58cf4ef032d9a4bd72a0,delivered,2018-03-09 21:00:56,2018-03-09 21:10:51,2018-03-10 15:04:58,2018-03-15 14:58:27,2018-03-21,5d1eff736f91fb803fb4b3ccdaab4f23,2018-03-09
303537b4b88abe56ea3a5c0801709c36,bcf0d8a7c55499150e65cba4a3f97a1b,delivered,2018-06-04 21:34:12,2018-06-06 03:11:10,2018-06-06 11:21:00,2018-06-21 19:42:38,2018-07-18,7996bd915a589defd554b7b16e7543f5,2018-06-04
c8d8ae22c954acfd2976b113a3a35630,c561087c8b01f80e32384b2eee46d5cf,delivered,2018-02-04 21:06:07,2018-02-04 21:15:31,2018-02-05 19:38:37,2018-03-06 18:06:24,2018-03-08,bf1fadddcf10c50ea380f1c931dedd16,2018-02-04
706b9cbda5d9ac137f8b484774d4c2a9,1d7bb00981fead08b27fee0a49a69e5a,delivered,2018-01-04 21:37:47,2018-01-04 21:47:48,2018-01-08 20:04:42,2018-01-20 15:22:29,2018-02-08,13607978e0686d841deb64954c023495,2018-01-04
d813a46a477d66e2ec086449ba297297,38324f340fd5e560c9f635a71c23ca9b,delivered,2017-02-15 17:25:36,2017-02-15 17:43:34,2017-02-17 13:12:30,2017-03-06 09:33:06,2017-03-16,0661e01d452f82266d0d2ad2ab668575,2017-02-15
4ccfa0c7ce3c1a6069ae72d9596c4d6e,433213c150052114940ca5cea0eae794,delivered,2018-07-21 16:21:16,2018-07-21 16:35:12,2018-07-23 14:58:00,2018-07-30 15:58:33,2018-08-09,517adf0a57fb8005a0b22227f29b55b5,2018-07-21
a1b0796198555011b19eb375a001b2c4,650fc77c61193bcb71fa5d86793522f3,delivered,2017-04-16 10:47:39,2017-04-18 04:02:59,2017-04-24 07:04:20,2017-05-03 17:15:34,2017-05-18,f651164a5ce5c8590371a1bbcab5627d,2017-04-16
f6dbdcbe96b4cd2904cf75bbda5c6ac1,f78272dd982a15b63bd8b8862942552d,delivered,2017-03-06 14:30:50,2017-03-07 14:43:03,2017-03-09 10:19:17,2017-03-13 12:42:25,2017-03-23,fd9dc734a31eab860421b97a31189d47,2017-03-06
4b4aab4e37140cad3ae101479ec3bf47,f1b74f95f4688eaabb23a8b1bd55b8e3,delivered,2018-03-23 18:21:20,2018-03-24 11:32:27,2018-04-02 23:28:56,2018-04-04 18:26:20,2018-04-12,302ed30f087f0a5a6d680c7e34ec130b,2018-03-23
a69ca27e5ae20da24dd0b144a6bfe2e9,c9cf3112c22ba7fd299c8bc1d99d0980,delivered,2017-05-12 12:05:23,2017-05-12 13:06:48,2017-05-12 12:51:10,2017-05-26 10:22:01,2017-06-01,98c9459ce53256fae977f711321fc26a,2017-05-12
338d51c0465ed6b6de1c296960745fd9,8c6a7b82afcd5b6d193721e01b18f5c1,delivered,2018-02-14 16:20:41,2018-02-14 16:35:41,2018-02-16 02:04:40,2018-02-16 17:55:43,2018-02-26,e5f4de40d38d9a3b86bb70d217f2061b,2018-02-14
8904df7b2c7b44d20e741ca675815130,bc1e50e78d6937306d60f6cf33acf0e1,delivered,2017-11-24 02:07:37,2017-11-24 13:11:25,2017-11-24 23:09:14,2017-12-11 16:13:43,2017-12-15,f0208347dc9c589f06bc51b88f71e644,2017-11-24
17b296b73ebefd6213299342b09f097f,4d31792c00baf91319f111857058ee80,delivered,2017-07-29 14:51:37,2017-07-29 15:05:20,2017-07-31 19:24:34,2017-08-08 19:27:12,2017-08-11,4e63f50cca3384236080a9011c33e1aa,2017-07-29
c5757562b34fa65e15e9f66a21513c45,cdb762e6b19e9036414a9e5b48b1853e,delivered,2018-02-18 01:17:37,2018-02-18 01:30:41,2018-02-22 20:06:10,2018-03-01 13:09:10,2018-03-13,3b578ecb471d2f0ece0a89d2c027c64a,2018-02-18
68b1551079ac4d4fb25abea8c47fbfa8,9bdbcc26a8a64db59f6a269f1a88083c,delivered,2017-10-07 22:28:27,2017-10-07 23:05:02,2017-10-09 14:00:30,2017-10-13 16:39:57,2017-11-06,bf4e624675bb3805677a3865d9603892,2017-10-07
521cd5923e832da3e93b88e46996e0be,748ba4dd0eb1a6db7d5bd5a8757bc9e6,delivered,2017-04-25 11:21:37,2017-04-27 13:22:49,2017-04-28 11:41:25,2017-05-05 14:18:07,2017-05-16,343206fa70e1b17d9fee5608855d9628,2017-04-25
a7586f18de9c78a682d841ea07939673,8176c057d67ba18ead1176dabeab6195,delivered,2017-12-11 19:22:22,2017-12-11 19:31:03,2017-12-13 01:13:43,2017-12-17 11:29:10,2017-12-28,69fe0146e336c466ff38115f4f94f55c,2017-12-11
6e49598a67a4161d3fe1299418fe5d43,7bfb0045f94740e851adc19d59cd53b3,delivered,2018-01-23 10:24:15,2018-01-23 15:07:15,2018-02-07 18:16:58,2018-02-19 13:12:01,2018-02-16,d387ea85dc301a91740e31360d355686,2018-01-23
1976e889aa37b60cfcaad40513117846,d1c4a08b5a5908fa98527450a259dcd9,delivered,2018-04-19 17:52:49,2018-04-19 18:11:53,2018-04-20 18:32:50,2018-04-24 15:41:38,2018-05-08,89105c78374101d8a05d4d9a5f4bc718,2018-04-19
9d022e549f07ff2c4cfc5401f252f59d,6da020944329828e7786e163e0075e4e,delivered,2018-07-16 16:01:28,2018-07-16 16:15:19,2018-07-17 14:11:00,2018-07-23 21:59:32,2018-08-09,1c08d3a770c13faf160b90c67fa879af,2018-07-16
6653d3fc131c01e7e7fa96daf4aea451,c74b571fe3a58c082c91e2fdf1448078,delivered,2017-12-03 14:07:45,2017-12-03 14:18:27,2017-12-05 19:09:07,2017-12-15 21:16:32,2018-01-03,1861015b08340ff45e2fc9f90107cf15,2017-12-03
943d83bc0b941f91df93c23dcf916cba,a0dfd4423988ab0c24030a41e58774cd,delivered,2018-04-18 19:41:39,2018-04-18 19:55:16,2018-04-19 18:37:56,2018-04-24 18:04:02,2018-05-08,fb0f84f881f307792ef22e8ac8f45f01,2018-04-18
a58490145a93745e5cce4c644ecd9153,2112c4a6723c3b43f081aa5e1129b25a,delivered,2017-10-24 15:05:47,2017-10-25 15:14:35,2017-11-22 19:38:53,2017-12-05 01:27:03,2017-11-14,c761a43958726b21bb6040ce91c88fa7,2017-10-24
a33506544926e8200ef81a92ce3c3280,145eb4f25449e3f86093f09f192db5fa,delivered,2017-07-03 15:10:38,2017-07-03 15:23:59,2017-07-06 13:44:27,2017-07-12 21:08:07,2017-07-26,1ae30e98d81bdf991fa25b52b8142308,2017-07-03
f7f10d7a910905b34e6d773deb330f8a,04ec1f28c6817bc2c08a76aca9ae9805,delivered,2018-05-11 10:26:01,2018-05-11 10:57:55,2018-05-11 15:51:00,2018-05-16 17:08:00,2018-06-06,69d29acc67a7de18c62499625132ca09,2018-05-11
861e8aba5f5eb922e650b5b186beb7a4,c1a9560dea03ac1635ca71908c7da659,delivered,2017-04-07 13:01:34,2017-04-07 13:11:11,2017-04-25 07:57:58,2017-05-02 13:45:21,2017-04-28,96fa3370602b1999508a71f7aa230747,2017-04-07
dce5d8be76c73098306a8f74b197fb6f,1c34e18df596ef0f35e9a1277707f932,delivered,2018-04-12 18:25:59,2018-04-13 13:31:40,2018-04-14 00:04:53,2018-04-19 14:03:06,2018-05-07,dc41826f5e1dd902ea5f257e6ed07b95,2018-04-12
62a4c6ee1b6f43e8a1ac86ad87fb0f35,0c9e08509ff45e0c83521320abccc79e,delivered,2018-05-07 20:06:03,2018-05-07 20:15:23,2018-05-08 13:47:00,2018-05-11 21:48:26,2018-05-21,4300cd67c6b7fb1a62cd046dd78e1897,2018-05-07
d65585ccd99c854db1f1ff1618ddaed1,65e49627d7bba63bb61dd3d9beabe1e5,delivered,2017-05-16 11:44:40,2017-05-18 02:30:21,2017-05-18 13:32:51,2017-05-22 18:32:40,2017-05-29,17c800344e503d473c986b68e207fd43,2017-05-16
60c293e54649a6dae7403487d4c21b2c,921b4d839d9b65c512648e14bd29293d,delivered,2018-03-20 21:26:59,2018-03-20 21:48:42,2018-03-27 00:38:51,2018-04-09 22:41:13,2018-04-17,456a2b794566e6029a193699223e52e0,2018-03-20
e3ee317683c1cb4df51994ca63755d6d,5023bc2931283adb435a1ef20a8ae944,delivered,2018-05-15 11:44:29,2018-05-15 11:55:29,2018-05-16 14:28:00,2018-06-05 22:32:29,2018-06-07,45a484fff4ed3199e9590e6a404bc771,2018-05-15
6a267276cd5ace781320f1239bb2f413,6723d41fcf93098e63aac8df2fcfae1a,delivered,2017-12-31 11:56:14,2017-12-31 12:08:24,2018-01-02 14:32:50,2018-01-10 15:29:01,2018-02-01,0ef056a9273f4997ca722041d7b7341d,2017-12-31
9450a19a745c16784964ea86003dc665,0b4b8bc586fb783756c6319409b476c9,delivered,2018-08-06 17:47:40,2018-08-08 03:10:29,2018-08-08 20:08:00,2018-08-09 14:27:44,2018-08-09,bf88edbdba72bfdb8613522c5ea7b323,2018-08-06
cb1ef5be56747ab6c5ef7271ecf4e12c,450000039d50bb8c0c1d03e44875c822,delivered,2017-11-02 11:19:16,2017-11-02 11:35:24,2017-11-06 20:02:40,2017-11-23 20:48:54,2017-11-30,ef0d6b4370be581cc86e7c5f4dfaa608,2017-11-02
2d379fd375e20b1de683fc90bce504bc,31c04c7417baad2d356593cfd9acc4db,delivered,2018-06-21 21:05:49,2018-06-21 21:18:26,2018-06-22 14:47:00,2018-06-25 15:12:39,2018-07-30,72f54039a4d00aab37ac5c58d2d6da57,2018-06-21
0ab90720b8aeea3179e8f0919884bd24,a43f4b30912ddd2288524898a1afb818,delivered,2017-12-20 13:29:07,2017-12-22 02:38:53,2017-12-22 21:16:02,2018-01-08 20:10:39,2018-01-16,2ce17966ce6b704eda0b28171638b34f,2017-12-20
83359e7a49758eeed73d55e437b87341,c1a1def640f9f4a3b89c915eeeea42f7,delivered,2018-02-28 22:32:00,2018-03-01 12:55:48,2018-03-06 02:34:32,2018-04-23 19:12:42,2018-03-20,860251114960c25499acca49949b1f12,2018-02-28
6abb2dd22e301e03c68d0b4e55cf5560,d652330fde451d2476a123ad0650bd20,delivered,2017-02-04 19:47:02,2017-02-07 03:55:10,2017-02-07 11:06:35,2017-02-14 16:05:11,2017-03-01,a8139977dfa54f997c0fa51a87b4be79,2017-02-04
741ec8db84b412611b43fbe607c884c0,208782af33053aa8a60fc82ace534497,delivered,2018-06-10 20:50:00,2018-06-11 20:59:42,2018-06-18 07:52:00,2018-06-28 19:03:32,2018-07-18,7e48708da80963884c942faeb4c1ea71,2018-06-10
99ac72244106ef18ebd81fb6bebfa4bb,ced353863f72326c7e319790ba7c2952,delivered,2017-11-24 22:46:05,2017-11-25 01:52:36,2017-11-28 21:28:56,2017-12-27 14:09:37,2017-12-27,fed1fc34cd3f778eff452dfe743207d8,2017-11-24
0ec04706b50b8bc69a14dff0d6a26f13,f10e5fbd994c96fe6abc21c3303c9a40,delivered,2017-01-27 19:33:54,2017-01-28 10:31:03,2017-01-30 09:29:04,2017-02-02 11:59:04,2017-03-15,6a0ff4c1287f59cf5a07a3852ba6bf7f,2017-01-27
b80264e091caa14505dc8e800902c80c,d7cf6e6f535ab1be102e3e7ab5185139,delivered,2018-02-22 23:13:55,2018-02-22 23:28:21,2018-02-23 20:19:12,2018-03-02 20:09:08,2018-03-14,659d92dc24d2773bb6c74985a14d2221,2018-02-22
676d6ec8daa75f6ab88d0b539523aa0c,9dbda069f00bfa90c6a45c0ed7d2597e,delivered,2017-10-31 12:22:03,2017-10-31 12:35:27,2017-11-10 16:11:46,2017-11-21 18:46:36,2017-12-01,d18ba4602d649c19b02974c0cb8aa016,2017-10-31
d0db1abdd06cc1539b6dad30898d02bb,feb43583b2de6fc8ae4574e60424e8e7,delivered,2017-07-02 18:28:14,2017-07-04 03:50:21,2017-07-05 13:56:06,2017-07-06 12:04:54,2017-07-14,48ad9c7c978ad8234f7e44467330dac1,2017-07-02
9fc9ffa36672d4903fa9cb76fbf0928c,bf5f82244d3e1de7eb04021eef2c1ad1,delivered,2018-03-24 22:22:15,2018-03-24 22:30:23,2018-03-27 01:06:42,2018-04-05 17:33:49,2018-04-17,532cf2c292f2ff4130af5fc27adc9493,2018-03-24
33f8dfc5a51063c31d7b12e9d43a45fc,8f7f4871646eb2fa410cc2d50b861317,delivered,2018-04-28 14:32:54,2018-04-28 14:53:18,2018-05-02 15:25:00,2018-05-03 23:51:56,2018-05-14,7da3054afe371affc14d26cc2cc04358,2018-04-28
09d6c2dd8c08336a2cbd1c449a2ef158,2d872c3792f119ecf5d60a08c2d90a66,delivered,2018-02-03 19:36:29,2018-02-06 04:33:15,2018-02-06 19:49:03,2018-02-21 18:28:55,2018-03-06,0c956b53696f9d59c0620eec45164a35,2018-02-03
d995e10d1dabcfe4dba1fbd2d796df1b,9ae48a0f54742156dd040707e25070c5,delivered,2017-05-31 18:41:34,2017-05-31 18:50:20,2017-06-02 16:21:50,2017-06-13 16:53:53,2017-06-27,cc3a29072d934f8b2e6657ca1bdf3694,2017-05-31
47f353bb28503360d9e3c39a7004a12e,8528519b94643c712497f8a043c85419,delivered,2018-03-14 23:47:30,2018-03-15 00:10:19,2018-03-16 23:04:29,2018-04-13 19:21:52,2018-04-12,486fad73dfda41a9ef1eacbf37b4a842,2018-03-14
cb4980b31efc7af3ee819aa60582c31b,dc0c77cca2f6acb682827975536a6dc7,delivered,2017-01-17 12:42:06,2017-01-17 12:55:27,2017-01-17 13:20:45,2017-01-20 13:42:37,2017-02-17,5286f4342593aeeca93e0543ef0ac5f0,2017-01-17
be47ea1ee3433ff4f5006ab2c5f9e0a9,edb3e8d308914f62482ddfbdf7b9cce2,delivered,2017-12-13 18:57:12,2017-12-13 19:10:19,2017-12-14 17:27:26,2017-12-16 15:05:56,2018-01-02,d86389bdf95ef92cf7454e6067f1dd04,2017-12-13
05434c77e67f2531d6b5a6c5f8bce535,abadbcbbb0bc8c1f6820c9fcb7ce8077,delivered,2018-08-08 17:57:14,2018-08-08 18:10:18,2018-08-09 12:42:00,2018-08-15 20:27:34,2018-08-21,ada9b7f3ae9526604a9b31c6c514e4bc,2018-08-08
a1bbc50582a23583fb463282d7807e6a,c6b80a2b1b90507f8a4d42ec211ba949,delivered,2017-10-03 08:44:58,2017-10-03 08:56:30,2017-10-04 15:42:10,2017-10-10 21:35:40,2017-10-25,82dfa15e138ccec1896ca84a3151248d,2017-10-03
0ad01dd05d74bc7891d57312627ec33b,f0a961193385015dd1b2789126c34487,delivered,2017-11-14 10:15:11,2017-11-14 10:47:57,2017-11-14 22:37:33,2017-11-20 18:48:55,2017-12-14,ac4b7bdf34250c11948586efbb0f16d6,2017-11-14
491be78d50927ad70bd11d0d0ece3560,8a021120539f766fb61146d15fede9ba,delivered,2018-01-06 22:19:31,2018-01-06 22:30:22,2018-01-13 02:13:59,2018-01-23 20:56:38,2018-02-05,d59a95b04f362565e898b4e30a3f317e,2018-01-06
c1961b98e4fd21637c3d46794c5ecd19,3ff4f431d869003febc2f46b985d16e3,delivered,2018-05-03 12:10:46,2018-05-03 12:54:57,2018-05-04 13:47:00,2018-05-20 10:54:40,2018-05-25,08f39bc6b746bc26013fa99b725e83e6,2018-05-03
e674cdda4bf52dbd8a4a8c474660dbbb,78d89bd1c56e434c026478dc9dfba367,delivered,2017-08-21 11:14:20,2017-08-23 02:56:01,2017-08-23 20:52:19,2017-08-30 18:52:50,2017-09-19,798d2e09b74b772fcf29619527e7ac92,2017-08-21
023669233121f0fb7899e5be2b22885f,22c15b46adce8afdd7d58e6582752263,delivered,2018-04-16 13:14:09,2018-04-17 04:54:27,2018-04-18 20:23:49,2018-04-19 16:37:46,2018-05-02,1501fb94311512e6b98462d159e05a23,2018-04-16
b0835aaf669bff95648d0a0a4f2420d8,63bc7bdfcdedac9e61055d275d8e9cdd,delivered,2018-02-27 08:21:52,2018-02-27 08:30:33,2018-03-01 23:17:14,2018-03-13 19:26:41,2018-03-22,ff49f630f4f29f0ef0599808148e1298,2018-02-27
4f2ed03887c7e9a4c420d897e077c172,bd9b13d0a856a39769bce6c6530e9188,delivered,2018-02-25 03:05:01,2018-02-26 09:36:06,2018-03-01 00:08:24,2018-03-23 01:38:54,2018-03-28,681c1a5d3f90799ca31579e1261c3110,2018-02-25
18dd8615f61fd478f88cac66f1e5c00f,2ee98b7475ef2a2a5824aec59d1569dc,delivered,2017-10-17 09:45:46,2017-10-18 03:09:11,2017-10-18 18:47:50,2017-10-30 19:33:51,2017-11-07,7510c151541b1ff57ccfe047d941aa51,2017-10-17
17e22ae34edbd170fcd2efe9e44f95bd,cdd964d7aba86669bba2a25675fc22a9,delivered,2018-05-01 11:55:59,2018-05-01 12:15:03,2018-05-03 14:08:00,2018-05-11 20:54:45,2018-05-21,7d524d0d52f498e17582ace5affd556c,2018-05-01
b9e60cfd587e2b40cf959a04023247a8,01fb9c979f94a851f92484ae6d6bc41d,delivered,2018-02-03 13:20:57,2018-02-03 13:30:41,2018-02-05 18:07:47,2018-02-09 18:48:29,2018-03-01,2ce5ab213c50be66dd4b323e0cdd09ef,2018-02-03
4f281ef289adc50c1d9b0e5268a71354,987ad260a05b28274e24026d02f836f8,delivered,2017-12-05 10:53:18,2017-12-06 02:35:37,2017-12-11 16:06:12,2017-12-12 21:12:13,2017-12-29,5d3096f54d8283817a4fc216b992af02,2017-12-05
b0d3e51b80ba2760dcc786b94910d1ba,0debfbe6eb17e95af641df3e543d5959,delivered,2018-05-14 13:53:08,2018-05-14 15:33:40,2018-05-15 15:53:00,2018-05-18 18:14:41,2018-06-06,b430e3d118c6f0ba3a07a99b6b9222bf,2018-05-14
06c1184eaca6e3877347f38cfe926100,beefbb3f515fb4ae5c3b4822f9e880ea,delivered,2017-11-28 19:29:11,2017-11-28 20:30:38,2017-12-12 16:42:43,2017-12-14 20:57:11,2017-12-12,3517852bd010ead9a40e95130ba29835,2017-11-28
3b6bf8d07e34c52b0f65c58afb3df15b,22f7df0fe6413ce90a307df4709e8931,delivered,2017-11-23 23:22:25,2017-11-24 00:30:06,2017-11-24 17:58:44,2017-12-11 17:53:30,2017-12-27,fc1266d06a97ca5314f0b3d4def53a5d,2017-11-23
945271213276ddf675f031b19b5bf9d3,a58d209672cbb888898e6648f801eaa8,delivered,2018-03-08 09:25:48,2018-03-08 09:48:42,2018-03-08 21:11:33,2018-03-21 23:18:33,2018-03-29,37ee3b5429385bde66bcba8969ff3319,2018-03-08
09db1ec04535cf2bba4a73954a252e41,abfa18d164717e434b6dfe7c67e1a446,delivered,2018-03-06 22:01:20,2018-03-07 21:55:44,2018-03-08 23:44:32,2018-04-11 15:58:40,2018-03-29,6705621d85295c4251c5e60a219f030a,2018-03-06
b7ba198ecb56df8bcad7d2bfbb4b46f3,3d9b09381c665bcd5d0bcadd0c352c5b,delivered,2017-11-28 16:48:13,2017-11-30 16:51:04,2017-12-05 15:53:55,2017-12-21 17:09:30,2017-12-29,e63874a99272c26c43fc29306b582390,2017-11-28
0368b1d608cf0cc5246c6110754d8fee,9547671cab73631f8607de9fe65021a3,delivered,2018-01-10 15:54:44,2018-01-10 16:10:08,2018-01-12 23:22:46,2018-01-17 13:09:23,2018-02-02,17c7da60a0690728119612a54035452d,2018-01-10
20a04d5755df90803860e4a046f6766c,057dfb44da43c28b9238d01c65d27077,delivered,2017-08-08 17:37:41,2017-08-08 17:55:18,2017-08-10 13:17:55,2017-08-21 20:28:50,2017-09-05,433cc77ceec2246287450dcbe954a5a1,2017-08-08
0b16257b1b7ee0922ea03954f2cae85a,b0344db4bb1741ab32ee52ef092b2572,canceled,2018-08-07 18:31:25,2018-08-07 18:44:50,,,2018-08-10,e4bc521307b39cf70dd8f0347e342f87,2018-08-07
0ea5190efe3edc73c0420f49af34383b,a18b3ef134201e61ebd69aa3f2eea60f,delivered,2017-03-16 22:52:49,2017-03-16 22:52:49,2017-03-23 11:53:45,2017-04-03 15:20:06,2017-04-17,ab88f9780a79f16e390aa6bdcf64f0b6,2017-03-16
214efda775774b938e6dd943737bde2c,74a9b1c0c314e9638159fd8433942146,delivered,2017-06-04 20:38:07,2017-06-04 20:50:20,2017-06-05 16:18:13,2017-06-13 13:40:50,2017-07-04,61ec8439bd93849a13396e564c3fcaff,2017-06-04
cab899336401fd910bf645dc446d42de,fd452791b1243236afae2bad3e105f48,delivered,2017-11-24 23:53:46,2017-11-25 02:53:00,2017-11-28 00:05:30,2017-12-04 18:33:01,2017-12-18,38b4a67d257396aae957751d66804da1,2017-11-24
da051f6d0cd445a2e8bbdcc9e8e189e7,422913da7b656e89449fcd22b0f825b5,delivered,2017-07-07 18:34:51,2017-07-08 03:30:41,2017-07-10 22:22:32,2017-07-26 01:46:50,2017-07-31,9724243af3e8ca5069a5a63a0104aa07,2017-07-07
783fc14b5c2cdc4ba848ad7f129c5df4,b45c39cf7b53391bde6d542823f73ba8,delivered,2017-12-10 15:41:19,2017-12-12 03:50:01,2017-12-12 17:35:30,2018-01-03 20:09:20,2018-01-09,293e6cdfb41c3c6f0d3d58b6cdb933ed,2017-12-10
39ecbda0a90495a26efaaef708ba97c8,a7b7df5662c05961c2610ba95c593154,delivered,2018-01-17 19:39:03,2018-01-17 19:49:56,2018-01-23 18:54:05,2018-01-26 18:22:33,2018-02-22,2ba0f68c895ac31311874d94505cca6a,2018-01-17
727f7b96d03192204f43ffb4cc712ca5,973b2338ad94b222873a45fcb80b710f,delivered,2018-04-19 13:33:23,2018-04-19 13:52:05,2018-04-19 23:18:23,2018-04-20 23:26:55,2018-05-08,ca27b9123bbc035458712e04dfedca62,2018-04-19
5678a93db2ffe2111a1b3224911aa1c2,ebb4decb374c24844e3068709c66fe60,delivered,2018-01-09 12:26:44,2018-01-10 10:32:45,2018-01-10 19:55:06,2018-01-25 23:52:16,2018-02-08,5745c77a68b16104f1a3fc9622ba0ca2,2018-01-09
d26c1bf71e9f8c396a830d81b4c45866,4a04c64271ec0baed8ecde8869bae718,delivered,2017-06-08 17:10:53,2017-06-08 22:31:42,2017-06-09 13:52:10,2017-06-19 18:16:36,2017-07-03,baf208634cba2dd58d646763fe563ef4,2017-06-08
340bd726abb7b57850b8f3e93c52a559,d058d9531ed27a9c3be60792c94f0092,delivered,2018-04-10 11:46:18,2018-04-11 05:50:26,2018-04-26 13:15:00,2018-04-27 17:39:07,2018-05-08,052efa2c1bd83a8d13927cc08bc30d75,2018-04-10
9fec37a0086c6f77f95b2ac00f27771e,ed60f04b26f7d1489b359d655e71f9df,delivered,2018-08-26 13:53:04,2018-08-26 14:05:17,2018-08-27 15:09:00,2018-08-30 19:22:49,2018-09-05,a2ab90703044c6d7f4725d7b4d655693,2018-08-26
690e357ce3c40a04f820fe9d3142b3e5,775cc8f164ef568ba42e0d46ff269908,delivered,2018-03-05 11:46:57,2018-03-06 03:49:18,2018-03-07 19:03:39,2018-03-15 21:04:27,2018-03-23,88eb1fc98520112f13cfca9158c210cd,2018-03-05
2a6c075539c6b091f954bc4af60d1455,267042dbcf6d3c39dae1d8bbc769629c,delivered,2018-04-22 14:56:48,2018-04-24 18:05:07,2018-04-24 00:22:48,2018-05-02 17:28:43,2018-05-30,148861c366c5a8c1c60cdc7690aa7ff7,2018-04-22
2227760b50f899205ac9d202e3d9d981,4936b1538bed9bf82676f3cc2816d73c,delivered,2017-11-24 20:37:06,2017-11-24 23:36:44,2017-11-27 20:14:00,2018-01-17 20:28:18,2017-12-15,be5bc3180a8da5f7358cbc327fc250aa,2017-11-24
d7dea38a19ada84d1329581a16b14f63,93e0dbadcb03b5b82294f9a7dfd303e5,delivered,2017-05-17 18:17:20,2017-05-18 08:50:15,2017-05-18 15:12:51,2017-05-29 11:23:42,2017-06-19,6b3e85b566abefbb24c346a5c2faf23f,2017-05-17
e51a8e1d0f0a0cc6eae0b605b53cf9ed,2a7e297b30ff4a624ad2d5dda5b9484a,unavailable,2017-06-04 21:37:58,2017-06-04 21:50:18,,,2017-07-10,51bda701d0f05d2f70b31a6759c39eed,2017-06-04
4702ae46293731bcf1d0be7233d6e56f,0f332d471f9682d2acc2b2566a324780,delivered,2017-03-13 07:28:40,2017-03-13 07:28:40,2017-03-14 15:37:40,2017-03-23 11:48:35,2017-03-30,e6c5e0c9e48b1098f14559e1dcec9bab,2017-03-13
25f3c1b1bb343d4a5d3f63f418f02cda,70d44f620bdfdc3a12aabe9cfb111c3c,delivered,2018-01-30 21:47:52,2018-01-30 22:11:18,2018-01-31 20:56:50,2018-02-05 12:55:36,2018-03-01,88869fe986ecdda78efa3a676a6503a9,2018-01-30
687b92f8f248395050a7f8147dab1ac8,4c4d8815ab4bfb632fb88e90cb0a7b1a,delivered,2018-04-08 20:23:45,2018-04-08 20:49:57,2018-04-10 14:53:37,2018-04-18 23:04:34,2018-04-27,62effaadc3a775a997b7753eafe04998,2018-04-08
2dc53ae306319cbe8fc0db9a38bda89f,cf7b3dee17c8e9e4e50d7d41550ab8eb,delivered,2018-03-17 15:37:33,2018-03-17 15:51:14,2018-03-20 19:50:47,2018-04-03 00:27:25,2018-04-12,6372300fcca5e18565b179c764501081,2018-03-17
cfb41833e1a64faae527b974cde5861d,961fd3536d1341e04612d7a844a068df,delivered,2017-04-27 13:12:18,2017-04-28 15:15:06,2017-05-02 10:42:31,2017-05-16 12:07:29,2017-05-26,ed873efbae1f165689d2e836f7a45a20,2017-04-27
f3084f2732a99c1ed0707032aca45026,5aa998dcdff375171c6b05839d10fc4c,delivered,2017-12-11 14:35:43,2017-12-13 02:37:31,2017-12-14 13:28:42,2017-12-23 03:37:02,2018-01-09,49edfe73ea287d715eebfced06b0bea9,2017-12-11
61c77cbdc7ac0a0ded411b067c32baf8,bb3783f8d63379a9cd2f36383174701b,delivered,2018-07-14 17:40:59,2018-07-14 18:04:15,2018-07-17 15:16:00,2018-07-24 17:35:32,2018-08-03,df2a9226267aa1598b499b3ea09fcf60,2018-07-14
cc6ea33cb7facc9aac284d88275e24bc,78e8c81575c4ddb29ec962d8824a4afe,delivered,2018-06-21 14:52:20,2018-06-21 15:17:40,2018-06-22 14:42:00,2018-06-23 14:28:51,2018-07-04,38c8aa0b9775b40e8a2d2a6ebaf6aeae,2018-06-21
cdd60aacc5e0226d6ab118e432e1b703,b4d7caadb58d94e35c273547b8dcb76e,delivered,2017-11-16 21:02:10,2017-11-16 21:16:55,2017-11-17 17:43:51,2017-11-30 18:16:25,2017-12-12,cf8ab6df1dce3351084cfc2d41ff79cb,2017-11-16
be003b92657e12fe422a450aacc1eed7,ce4cb710ba906b8b905d1f9451f7797d,delivered,2018-08-05 21:20:52,2018-08-05 21:30:18,2018-08-06 13:13:00,2018-08-09 22:11:30,2018-08-17,91a135708ad7c21c2675069c33a98670,2018-08-05
de1f7486e03b78ba57d0f814b925ead3,daf5e760f7e5a84520a3ade6f9c0af6f,delivered,2017-09-21 22:11:37,2017-09-21 22:46:05,2017-09-22 18:33:19,2017-10-04 18:38:51,2017-10-20,db03954a9a1cc5e71f6e0f73e81a628c,2017-09-21
f42f2fb14ae6dc794ca8024222f22539,cbf7ae8bd29c80d2aa52706ab5858a74,delivered,2017-12-15 15:13:05,2017-12-15 15:32:35,2017-12-18 18:48:22,2017-12-19 16:59:46,2018-01-04,995a4b5fbd757687db6c0a5d68772cba,2017-12-15
173668754a1cc381f21b4650331a1049,70d7adff1cd1d2116170e3c732e5f941,delivered,2018-01-15 02:20:08,2018-01-15 02:30:32,2018-01-19 14:46:13,2018-01-29 20:16:52,2018-02-08,07470bee4534c3d8f1eb8354183c5439,2018-01-15
63292a534f138991d0d55e67f7caa9bf,38715c6655e6780393714b7138495e8f,delivered,2018-02-11 18:55:31,2018-02-12 18:47:51,2018-02-14 22:33:43,2018-03-16 16:47:30,2018-03-06,8bb00f6a4b2bf731dc04d1af4cfccf1e,2018-02-11
ff4935343715e7a6dae3e550f73a6459,8bbd68396f2112f979111bfdd363e286,delivered,2017-10-10 15:41:10,2017-10-12 02:29:16,2017-10-16 20:57:40,2017-10-23 18:43:06,2017-11-13,e35b2a3c980b6e0fc66c66b8e1122e93,2017-10-10
fa807b443e46df35d40fa3e40349057a,d7ff70ab374c804ebca0bd85bc528a92,delivered,2017-10-06 11:03:53,2017-10-06 11:14:20,2017-10-10 15:06:42,2017-10-24 22:32:40,2017-11-03,2964dcd7e8060025ce0a4a1d7a97fe27,2017-10-06
5e4ff61ebeaffec83fa558b5644145dd,6f2327b7feb466dcf1657ffa5e376ed0,delivered,2018-05-26 07:53:04,2018-05-26 08:19:51,2018-05-28 13:09:00,2018-06-12 11:43:32,2018-07-03,12153cd2862ee710eb30e3b9ecc279cc,2018-05-26
20672f07069f89d1f9d2b94c9a72915c,5d099e1ff58d5bea101953009fd34f63,delivered,2018-07-08 20:39:35,2018-07-08 20:50:19,2018-07-12 19:02:00,2018-07-13 14:08:41,2018-07-19,f4d127bdfb7220ca6326d3420b52446a,2018-07-08
3ad5c0669026edd9c3bc3fe7b4872cae,e6f86e0abc6b6509df7aadeafb2db5bb,delivered,2018-02-12 12:52:58,2018-02-12 13:08:19,2018-02-16 19:28:57,2018-02-28 00:37:30,2018-03-20,adf11a80fd130bc01266f9bb5058d057,2018-02-12
2192c35277d9138acfcb6a068b54b00d,4cdba1a199fefefaa4526b399457212f,delivered,2018-06-14 21:43:23,2018-06-15 22:00:02,2018-06-18 12:04:00,2018-06-29 19:21:54,2018-07-17,578619192f388708eeb68f604bf43e4c,2018-06-14
f4e67460f5a375001b98b58a4bf9d420,c31341c27beec5c9fd9485eb20072d45,delivered,2017-06-13 21:07:21,2017-06-13 21:22:43,2017-06-14 18:49:46,2017-07-03 17:44:26,2017-07-18,b29b2db0533f6ed62aa570195e791842,2017-06-13
1028ff13ccfac9ceef23604d7974a6d2,377d7f9df8722eb28e148a6014eb40ae,delivered,2018-05-21 20:24:35,2018-05-21 22:33:47,2018-05-22 14:17:00,2018-06-06 19:38:44,2018-06-11,9ed9f25194cfa06254405e2f9dfd8923,2018-05-21
8458b41c26bf20ba9b4ad514cacd4b2a,ce92916d7311f8b3b9e001361d02068a,delivered,2018-08-02 12:05:55,2018-08-02 13:30:54,2018-08-09 14:44:00,2018-08-15 21:57:49,2018-08-31,e243299898defc77002df4a5e3c31b4d,2018-08-02
3e5e7b5fa03b93333f27d876d4026ec3,8d04d2021a6a3e1e48b0c6ce1c6bdacf,delivered,2018-07-31 23:45:08,2018-07-31 23:55:18,2018-08-01 11:12:00,2018-08-03 23:04:20,2018-08-09,af598bb6b0f5cdc1ef888ed8059f764e,2018-07-31
9aaf393a76afb1320d536751114e2586,279246d51b1893f587b029deda8c048c,delivered,2018-02-02 21:28:24,2018-02-03 20:10:12,2018-02-05 18:15:00,2018-02-26 19:25:39,2018-03-06,3894f3e822deee96c7a4ab3af21e8867,2018-02-02
0c3a7b14aa5e70ef5991122f6bb552de,1cf722ec2d1f484c35c1ecfe752b263d,delivered,2017-01-26 10:44:38,2017-01-26 10:55:10,2017-02-03 15:15:42,2017-02-08 16:47:40,2017-02-24,ed8d3a85dcebf694f8dde843f3cef35a,2017-01-26
9ede1353fa011bed8de24d379d612305,afc15fa2e786ed9e0c65bbbd956cb972,delivered,2018-01-17 13:34:36,2018-01-17 13:50:15,2018-01-19 18:13:34,2018-02-08 19:03:40,2018-02-15,6e7abf179b520164ea1b668168950784,2018-01-17
fa014da3aa5b1fd99b79a24c7a17d778,d08c845f3bf2ae665a2fd49eec24a3b8,delivered,2017-11-03 12:49:17,2017-11-03 13:06:50,2017-11-07 22:21:39,2017-11-16 20:42:53,2017-11-29,6b1b676621a55a12546f8eeeaa12d4a7,2017-11-03
0b61dd71ead1e65e9d50db5b89cb5cc4,5961a0e51bce22d6cbf7f0b7ef63d021,delivered,2018-06-13 23:35:25,2018-06-13 23:58:57,2018-06-15 14:15:00,2018-06-20 16:52:44,2018-07-11,04563bbe8918f5996243a29e95f2741b,2018-06-13
dd2b1cee68c53ec8ec59d393485d3b30,39f7d3a1d4a68b875b9e90b1cd071d4e,delivered,2018-03-12 16:49:51,2018-03-13 04:15:50,2018-03-15 23:58:25,2018-03-22 17:38:31,2018-04-04,b6ba134f17f389185c0a7b897f73437a,2018-03-12
2d3bc1f6ed458a137c51adc3cab7a488,e620a9a4cdf12ab1e817c17496e9c5d7,delivered,2018-08-06 09:21:25,2018-08-06 09:35:13,2018-08-06 12:32:00,2018-08-10 17:18:42,2018-08-20,c283a677fa9937143f13fe6f58fd901d,2018-08-06
5d4c60302689f1e23d80b19eea938bf6,e9195926b82fbae50a32827fdcfd42f1,delivered,2018-07-01 10:55:33,2018-07-01 11:09:55,2018-07-02 14:28:00,2018-07-06 18:22:38,2018-07-31,befd3bac1f21bc3a2131be66811360b5,2018-07-01
f3935aaef43afc2bf5a9426006ac69b0,2be4a0dedfe97478360ce6cefcbc9cc5,delivered,2018-06-02 16:00:35,2018-06-02 16:15:20,2018-06-04 11:44:00,2018-06-09 15:27:51,2018-07-11,61df92ba1d93813fc91fe1fa1a89a026,2018-06-02
abd14b94d3155471e77c723d055edab5,deeceb9e9fb321beee0073798d75bd91,delivered,2018-07-16 14:08:47,2018-07-16 14:20:16,2018-07-18 12:34:00,2018-07-23 22:21:43,2018-08-02,96b59619ef890af21faf3050fe4b3776,2018-07-16
d28b9fc7e25679fbae70211d38a44518,3c18062d70c18ab190b4772535ab9618,delivered,2018-07-24 01:08:25,2018-07-24 10:31:12,2018-07-24 13:35:00,2018-07-25 12:16:55,2018-08-01,285ace301d7f34c4a8dfa9d130ba4b5f,2018-07-24
de4c18618962f737a6707dbadc133937,516ba11177ca1e74af63ac00324338f2,delivered,2017-04-18 16:25:54,2017-04-18 16:42:26,2017-04-19 14:56:10,2017-05-16 23:06:43,2017-05-23,6e52008cfb7ee9d8382c2658aee5fcdb,2017-04-18
d8734ba226623cf1c86b3cce8cbffa78,eb8db7e18d24b66f2d3681195c85b2b9,delivered,2018-01-31 15:24:27,2018-01-31 15:35:30,2018-03-21 16:12:08,2018-03-29 20:34:54,2018-03-05,cb8661d6ba07d255d5fe1bb9dae9b79c,2018-01-31
db5a3eab52ef5c18c745c172a5050809,8da4932640e63aaa95a7c7090a618a96,delivered,2018-06-01 14:08:24,2018-06-02 03:15:30,2018-06-04 13:30:00,2018-06-12 15:28:55,2018-07-04,3a03d9a7faee99e478d1bd08fa20ee8f,2018-06-01
a7b5e82b294d8eac1109824b0194abb9,7ff290e59c82983e21d8337602e2ff6c,delivered,2017-06-25 11:42:38,2017-06-25 11:55:08,2017-06-29 08:04:45,2017-07-11 19:32:35,2017-07-19,371467d2fc99bed797f8a4e955cd773d,2017-06-25
8af28fda2e3f6beb5ad8a52f388e4631,2f790f1be25b2e553acd934454306f4a,delivered,2018-05-10 17:25:18,2018-05-10 17:38:07,2018-05-15 09:33:00,2018-05-21 15:22:14,2018-06-11,5563a1ae33c0a3555fa5fb5c13ffcafd,2018-05-10
a8832e9194f467aeec913376c1c473c1,6675acfe74b6018b50ddfc8293b1f8b5,delivered,2017-08-16 22:58:04,2017-08-17 00:50:11,2017-08-18 10:13:37,2017-08-26 15:35:39,2017-09-05,99c348f1ecfbffc8210314d78984d9a1,2017-08-16
fd22d0466cd7c6203111661f9efc93a1,6a203c8a8113cab225817117e15aa9cb,delivered,2017-08-07 18:52:22,2017-08-07 19:23:28,2017-08-10 19:34:24,2017-08-16 20:33:18,2017-08-29,48ea9234386f082f39ce1a05c9e440ee,2017-08-07
6eda86a0f1499199eed71198fbb0e243,7a31a88e9adffee30ba900e25f51eb77,delivered,2017-05-06 20:23:57,2017-05-06 20:35:22,2017-05-09 16:27:57,2017-05-24 05:47:52,2017-05-31,1a30d100192e3a5ad31164bf0dc90d9a,2017-05-06
90ef0dd46322c07d322754512bf6b9b5,cc8ad3c4ae16891646c7f40bc2be5f5f,delivered,2018-08-14 10:15:39,2018-08-15 03:25:28,2018-08-16 12:05:00,2018-08-21 21:16:48,2018-08-27,d056b11b5be2faaec00bac69ddc600a3,2018-08-14
af82c79786a3ba816b246820444fdb8e,d09b6905433a2fd16d0355163fca1159,delivered,2017-04-14 11:01:05,2017-04-18 04:32:39,2017-04-18 13:00:36,2017-05-03 13:53:44,2017-05-16,a06d716c15cbac833955aebc7e1dbdd8,2017-04-14
2823892eb5b11e8006c23b01b51ea5e9,39b51dbcbd569ae76c53c51b8d806070,delivered,2017-09-04 22:08:32,2017-09-04 22:23:54,2017-09-05 20:37:44,2017-09-08 18:49:02,2017-09-15,76f759531482b3f7a9be525fce21d994,2017-09-04
489191dca3848c2c6ddbf667d4935fc3,36a7fa9b72bfadd847f369c2e58ea92c,delivered,2018-01-15 15:18:27,2018-01-15 15:31:43,2018-02-19 12:48:47,2018-04-19 20:16:48,2018-02-06,bbdfd04e0be2e2ffc2bbd8499d69c579,2018-01-15
bc53a2a089447a4242222abfe51bd96a,9a92b114cb0f8eba5223f165e6381a52,delivered,2017-11-23 22:33:46,2017-11-25 05:17:27,2017-11-27 20:32:52,2017-12-04 23:03:36,2017-12-14,408910ff66cefc502b81722cd9e4aeea,2017-11-23
8a7aac96934b61b070e94762ca857e31,29a61d310ca39b308cd0cd0115f4259b,delivered,2018-01-23 08:44:12,2018-01-25 02:57:43,2018-01-26 00:23:19,2018-02-01 22:25:23,2018-02-21,92d17e5bfcb7cee1cb1cd2939f87d5a7,2018-01-23
1a2582ca80feaaf937cc94d437ba1635,99efadd052716ca57a64a6287caca0eb,delivered,2018-05-26 07:45:36,2018-05-26 08:19:48,2018-05-28 13:19:00,2018-06-09 15:42:09,2018-07-16,ca036474affd5477396f50769f54ebdc,2018-05-26
e64a2f940c322b57b24a28636cb83674,1b2f9d96c84e575dd66d434389d66860,delivered,2018-06-26 15:02:30,2018-06-26 15:16:12,2018-06-29 14:22:00,2018-07-02 13:16:36,2018-07-18,b311e7deb99f234c328e2411b235c52f,2018-06-26
111d5d48ac06001d01f0b901ace3b327,ce5575f91b7a762a1a81dbc48a957360,delivered,2017-09-26 10:05:23,2017-09-26 13:56:22,2017-09-27 16:14:59,2017-10-05 19:17:52,2017-10-26,46809bb2e99c0390bb0c047148e96cdc,2017-09-26
638ddef52c626100e00de628f88aab26,a650d9eae93c1b3e749b16e113a1f281,delivered,2017-05-29 20:36:51,2017-05-31 07:02:47,2017-06-05 09:12:21,2017-06-19 11:11:51,2017-06-21,09efda6e5ede120b509e581c3da8ad89,2017-05-29
333d563479f452dc29b0a94c9c1be6c6,7f9d3722b8dc9b6099feb324a5845ea7,delivered,2018-01-14 12:58:36,2018-01-16 03:35:43,2018-01-17 19:16:12,2018-01-27 11:47:51,2018-02-16,b1ceb9b322a6fbb2a74fbd1bc46c64c2,2018-01-14
b7df5ce2d6f1da60c6f47470a8c73dc8,228745d7c5f9cb114075b6e8d519561d,delivered,2018-02-10 09:41:15,2018-02-10 09:55:34,2018-02-14 19:15:09,2018-02-25 15:18:42,2018-03-08,efb3b2b72f5eb7c52a74ff51d3c241a0,2018-02-10
b1501234c007ae50246518bde6945cf6,6869e1cfb26372f96014ea73e3cf0476,delivered,2017-12-12 22:48:35,2017-12-12 23:31:49,2017-12-21 13:58:24,2017-12-27 10:36:00,2018-01-05,bb2f606d32af671d22fb163ffbcb34db,2017-12-12
0c7a6b23056ca2e73c8b369698e1d781,770a46db9679c9f9b8f8d24f7b81d150,delivered,2018-03-11 10:26:01,2018-03-11 10:35:36,2018-03-12 18:58:30,2018-04-13 19:51:57,2018-03-29,fea2054e713554cbbf0d681e062dd6de,2018-03-11
7aec44a29db806091272db5aeb0007d4,b1cab246c245455519a3cd45d8d5b3da,delivered,2018-03-15 19:54:03,2018-03-15 20:08:26,2018-03-20 00:16:34,2018-04-02 20:08:36,2018-04-13,0e8c2ba61e0ba9974d977dd797e422d8,2018-03-15
f9ff65718437270c39dfb38755a41157,eeb8e17b6642ced7c58b2f53641df88c,delivered,2018-06-06 22:51:55,2018-06-06 23:13:53,2018-06-15 14:04:00,2018-06-20 15:44:34,2018-07-12,d62d60cdf9c63c76667c7dcab966dd92,2018-06-06
5925c7ecb7ba1b4c276101af9718cdb3,7236748354429cc6d4e409f177a183c0,delivered,2017-03-31 12:51:56,2017-03-31 14:55:06,2017-04-05 12:42:56,2017-04-13 13:26:06,2017-05-16,e9aea9197ee0114b577d26427df0dab6,2017-03-31
da9234ffa7ba40ffe7d4c1e9f48b8d39,2c341b1ab8d4d0d5327fb7cb1a3674bf,delivered,2018-02-17 08:41:08,2018-02-20 07:07:13,2018-02-26 16:48:38,2018-03-08 23:09:35,2018-03-06,6c559f43a156c4d8ea3eb57beb0ac8c8,2018-02-17
b5ed14c14034b74bb0ae1c0427d72304,0e38ebde5475192a209a76a8d5eb1764,delivered,2017-08-23 20:03:28,2017-08-23 20:24:27,2017-08-24 18:20:12,2017-09-01 17:04:13,2017-09-29,6cbd479cba3b2b3f3cd1d89e229cceb9,2017-08-23
c1c06053c21d197688b79b2dddbc0560,04cb9ac4f7e8601eca04db769d91d5aa,delivered,2018-06-14 00:23:48,2018-06-14 00:40:06,2018-06-14 14:08:00,2018-07-04 22:27:50,2018-07-20,1bc1b2bc01973665e8009fe6fca8c187,2018-06-14
d1ed1dbbec11c2374190e2365d37d2b9,2451db6c90e7c206d648b5136b715433,delivered,2018-08-07 20:40:26,2018-08-07 20:50:26,2018-08-08 14:49:00,2018-08-13 15:18:35,2018-08-27,3d9a62d9ff035daaccfa893766a92de3,2018-08-07
eb22d6eb9946f4e045cffb03414af48a,7c1ff053ffc866248a4a52626a541f05,delivered,2017-11-24 13:50:10,2017-11-24 15:56:14,2017-11-29 13:26:45,2017-12-05 20:43:00,2017-12-15,892a397bf8506b6c30355f3fc1338900,2017-11-24
9f58353e16353e64bf57e32e6dae9e45,311ca9f3c832a4e9b14093cf3c9ac98b,delivered,2017-09-07 01:34:57,2017-09-09 04:50:20,2017-09-13 21:26:51,2017-09-20 21:18:03,2017-10-06,abca17a50929e00d09e56810f3f09274,2017-09-07
6ef39ba9ebeec91e5c34444a2c9bbb24,78617a723b4d69cf675ae0719ac052ed,delivered,2017-11-24 01:36:16,2017-11-24 01:48:30,2017-11-27 15:07:46,2017-12-02 14:07:58,2017-12-14,7c1987cd6598d55b54945bb661ddf4cd,2017-11-24
34dcbc5c082a2153b21955ef457e8c04,91ab603eecd2116962f5f9c2d61e9c4c,delivered,2017-07-06 17:17:24,2017-07-06 17:35:20,2017-07-10 19:49:46,2017-07-17 18:32:06,2017-07-28,2a6eb49c4cd1fe413141297089a4545e,2017-07-06
8352c315bdec808a129afc14f0e4f5a8,38f8466ee6214edccc55df2bd8a468c2,delivered,2017-05-02 06:29:43,2017-05-03 11:34:07,2017-05-19 14:40:03,2017-06-01 15:14:05,2017-06-16,8c62c7481bc31b14be4209286bc74694,2017-05-02
a20244bef3bafb6f4d37e3603539336d,bdf1861e7bc387ae207eaf08463576b5,unavailable,2017-12-14 10:33:27,2017-12-15 17:32:15,,,2018-01-10,6ef157b9dbeb8f79b07a06de1cfeae4e,2017-12-14
0bf5f8d1827bd25b377ffbe375420463,6b116549ed56c86707f9c9eeaa654941,delivered,2018-01-06 15:54:40,2018-01-06 16:11:23,2018-01-08 20:39:39,2018-01-19 20:09:29,2018-02-09,3d63d3e85947d64c59f9d3b6f43b4027,2018-01-06
726e25ef948fc66eb94deea5f2c65a89,1c0f684a7ac9b27286bab298a8e9af79,delivered,2017-11-20 20:58:17,2017-11-20 21:09:26,2017-11-21 20:44:44,2017-11-24 21:05:22,2017-12-01,b55ced23015b37677b0c678ad522aab9,2017-11-20
5e9f1a71f53f74f8c4e829ffbb4b52e9,61759d9a9dd34f40b92662ee9036a9b5,delivered,2018-07-30 22:02:54,2018-07-30 22:31:44,2018-08-14 12:56:00,2018-08-20 16:29:09,2018-08-27,364eb78108f9497580ca43f397733322,2018-07-30
6f56d701fdaa7fc3575ddda3bed5fbbb,798bc99c248e680bbc7160f0f3bff68e,delivered,2018-02-16 14:41:35,2018-02-21 13:35:37,2018-02-22 00:15:21,2018-04-02 18:18:28,2018-03-15,15bb8063f66055b02b28faea98ea4fb0,2018-02-16
da3b1ce080ddff2eea8276700fc377a7,c37c51bf32c22db465dc7d2749c9e0ce,delivered,2018-06-06 23:01:04,2018-06-08 02:56:17,2018-06-08 14:36:00,2018-06-13 23:45:58,2018-07-12,3b5e7b15240ddea08729bdc7b9ececb3,2018-06-06
ded23d37cdcc25b37b4473b7be770cb2,f96144f946e8e590fabf60a3a1e3342e,delivered,2018-07-26 18:25:40,2018-07-27 02:10:26,2018-08-02 14:13:00,2018-08-07 12:12:23,2018-08-20,806ab9e6d7c897da7e3b6104dadadc34,2018-07-26
dbac48843f558f3518a3214cb9e818e7,77613c35385f90bde78c9feb941518d4,delivered,2018-06-24 16:58:44,2018-06-24 17:18:21,2018-06-26 14:25:00,2018-06-28 16:35:29,2018-07-18,527f76d5e3cdba08700cec46347d8145,2018-06-24
fe133ae09efe51778e36c40cd00ece6f,4681539a612e9e1310dfb5d11e6220dc,delivered,2018-08-16 15:22:55,2018-08-16 15:43:56,2018-08-17 12:09:00,2018-08-24 16:08:38,2018-09-13,2e3e726bbef1b330208c1e746281ceaa,2018-08-16
28347fb7928bfd78f994fd08e778e7cd,3a5dc54da61c278bb18757c6ce5c64b7,delivered,2018-02-15 17:38:41,2018-02-16 07:47:07,2018-02-21 03:10:08,2018-02-26 21:28:06,2018-03-14,3fa39af66a46090b460b8ef8cbb42331,2018-02-15
c892dec5d74e3ba28920ec30498fd00f,f8a7c075d105afdcf535711ffa7acfa8,delivered,2018-07-16 18:10:36,2018-07-16 18:20:29,2018-07-17 14:55:00,2018-07-23 17:54:39,2018-08-01,564df947eb9192d7e1613b1b957cb192,2018-07-16
7fe1044f8a2fca89a6cc85fead509a72,4ba9c05e899062d31966848590dcb9c2,delivered,2018-04-19 07:46:25,2018-04-20 07:31:44,2018-04-20 19:24:29,2018-04-23 16:12:29,2018-05-02,dcd14a3f297d7d1caf4f6bbbfb12b2a4,2018-04-19
a5f564e5fffa9a534cd9ffe566e48154,b2a89e46355af5dfd2f26b450d97a014,delivered,2018-01-28 19:48:44,2018-01-29 20:12:07,2018-02-01 22:25:35,2018-02-22 16:42:09,2018-02-26,ea1c9b1a4cc63f26f5a165203a4ebd4f,2018-01-28
e1c810cb179481ffaa80d2cb9585933d,4df4e1475d8002888804dbefbf86a891,delivered,2017-11-21 22:40:24,2017-11-21 22:57:23,2017-11-22 19:58:54,2017-11-24 19:22:04,2017-12-08,e449c14aecc01f567a24a2f9964561da,2017-11-21
190a104710f7a653bd65f673e8f5ba11,fe154237bdcacd57d9cd2adaa60f1012,delivered,2018-06-16 20:29:23,2018-06-17 20:33:47,2018-06-18 12:28:00,2018-07-02 16:58:50,2018-07-12,b2b8c30ebaecd258b046a58574474c0c,2018-06-16
64108ebb55ecc7f1a9a4477c5b0624f4,7793ba04890e84aee53d94009056bfff,delivered,2018-08-17 14:04:41,2018-08-21 04:29:34,2018-08-21 13:08:00,2018-08-24 21:58:37,2018-08-29,a409f20404ecee9e1103673eb9a6cc3f,2018-08-17
ad1aa8b8efedf5f8fc4712a4e380cc4d,8ed8cc42ab6647f52d9cd6efd76f9081,delivered,2018-07-13 19:29:32,2018-07-13 19:44:07,2018-07-16 17:46:00,2018-07-20 19:22:09,2018-07-30,fe620e8f77c9a99d0f38a1809f785674,2018-07-13
d208c0e6c8b9829a4ede83ff0caa36cb,822a6d94daa01784546c234b769fa0ca,delivered,2018-05-18 13:37:26,2018-05-18 13:55:12,2018-05-29 14:04:00,2018-06-06 20:41:54,2018-06-07,523b7915f240831d06b34ab9b804a200,2018-05-18
29c3b79aace1b72a82b1232bf494e16f,9225e82d7b09bfc606f1849de9300050,delivered,2017-12-16 10:04:35,2017-12-16 10:15:25,2018-01-15 17:51:55,2018-04-28 15:51:50,2018-01-24,6411c4f3a3a713893b2a54533129da94,2017-12-16
0005a1a1728c9d785b8e2b08b904576c,16150771dfd4776261284213b89c304e,delivered,2018-03-19 18:40:33,2018-03-20 18:35:21,2018-03-28 00:37:42,2018-03-29 18:17:31,2018-03-29,639d23421f5517f69d0c3d6e6564cf0e,2018-03-19
6dac04f41aba0a18ba91cbe9779267c7,45b7888aec363575f56da95b698c465a,delivered,2018-01-30 08:20:41,2018-02-01 02:56:10,2018-02-01 22:29:51,2018-02-19 20:44:16,2018-02-22,1068107e93cbef52ffa28f43759f8779,2018-01-30
76733b53268aeb701189fb974dde101f,6181ed8e0b73f7bf53900b98f67451bd,delivered,2017-10-24 23:43:17,2017-10-24 23:56:13,2017-10-25 18:33:01,2017-11-06 14:56:44,2017-11-10,4b2ab343d9df7b3cdcc165b0e3d7ac56,2017-10-24
412d2be13fcba6c139d5c9998e77a7c6,312f6a14282ff4c1415a75932bd1ecfd,delivered,2018-08-07 16:50:10,2018-08-08 03:05:15,2018-08-13 10:05:00,2018-08-20 12:39:00,2018-08-21,33486d6b4562ae3fc728d531ece21f2f,2018-08-07
a7f32fc78c47cef1cb91cfc0889e985b,4ee6ab82424b50de8c93d73e7c871d9f,delivered,2017-12-09 14:52:02,2017-12-12 03:50:31,2017-12-13 22:13:38,2017-12-22 21:16:38,2018-01-11,8b16fd657e33758d2bcb2b8b45d147c5,2017-12-09
0abc7357d2bbb06a7d4d0b2a24d4ebd3,87f39f576c79ac275eb018b9e6bb907b,delivered,2018-08-02 22:12:33,2018-08-03 08:24:04,2018-08-03 17:00:00,2018-08-07 00:38:51,2018-08-15,d9d03bb655f24ba225c88a8254be1e0a,2018-08-02
836e4cb15d850d5cb77cda4c3c387665,d036f891452cf38a560fadbd4021580f,delivered,2018-02-27 14:33:18,2018-02-28 16:15:44,2018-03-02 21:06:37,2018-04-06 00:59:38,2018-03-20,d5174582d64f45f60fb275eb5e4e085a,2018-02-27
cfe7b4c34db01ec6e038ce0d1f4e75c9,d72228f37dd9e30c4b0b4aec3b83944c,delivered,2018-02-28 10:43:27,2018-02-28 10:55:37,2018-03-21 20:20:32,2018-03-29 23:07:22,2018-04-06,aa731c1ab0361d0ee7da2e6431acbf7b,2018-02-28
c564e930a1736cdad54cc4ee07df2fb5,e66bcf20e79f7b5dedbd5a8939d2446b,delivered,2018-06-14 09:06:34,2018-06-14 09:38:24,2018-06-14 13:25:00,2018-06-18 19:05:55,2018-07-05,61f36ff15211846722e37c8bbed70361,2018-06-14
660a7ffb4e94f34f45b4a1e2c04916d6,b8f1f244b44ebc462cf313c6de3b98e0,delivered,2018-05-08 18:51:10,2018-05-08 19:12:16,2018-05-10 19:07:00,2018-05-11 22:58:40,2018-05-16,635d5e37cf810ac07d7c12a222c71e07,2018-05-08
2d06d0f685d85988dd10f283e5da1270,e95af4958466a8d9dfa3e75117e95eff,delivered,2017-11-24 12:48:08,2017-11-24 14:58:03,2017-11-28 17:43:14,2017-12-12 17:42:36,2017-12-28,3d391527be31607b1a1ad0817b46fedf,2017-11-24
e1f693a7777b9f6ff730a9d2b45a56cb,c2e64d930487075593367a1ea29645aa,delivered,2017-05-12 10:28:31,2017-05-12 10:42:46,2017-05-16 08:53:34,2017-05-26 14:04:40,2017-06-06,cc14ea7099959d91a17c9d7c3a46721d,2017-05-12
f11fa7d0f434a225ec6d229d5337ced4,2a31b406c87cb5527f853c2b0724678d,delivered,2017-08-10 19:36:31,2017-08-12 02:50:20,2017-08-16 20:07:45,2017-08-28 20:45:48,2017-09-01,be5265dd02029471d41aaba10b7f3979,2017-08-10
2a1f5c158f6ca7684580df9eae319db4,fa06f5988ba2f3a7dd013dc8a8782d5f,delivered,2018-03-09 10:22:51,2018-03-09 11:29:46,2018-03-13 18:42:22,2018-03-20 20:06:41,2018-04-02,269a306f25c4c86d7dfa45d4d244c60b,2018-03-09
792759a41151d6118cddc7b809c9da2d,2d4e3b6221f4fd93c9381338421e6236,delivered,2017-12-08 19:07:00,2017-12-08 19:17:30,2017-12-11 20:41:31,2017-12-13 16:33:54,2017-12-27,9dbdb1a0d0f8d0826e4f68ace523b980,2017-12-08
d3ac7f284f550007e269b7d526bebd53,744a8a6514f4b875dd09dc55ff0038ae,delivered,2018-05-08 08:13:01,2018-05-08 08:29:58,2018-05-10 18:29:00,2018-05-29 15:27:50,2018-06-25,7058c13a5a286283c1053c204c243199,2018-05-08
448fcb3ecccfb7254d000601791ca605,47b5de1fcd6e6beb90846e2a0b8441fc,delivered,2018-03-11 21:21:31,2018-03-11 21:30:33,2018-03-13 15:59:49,2018-03-16 10:04:18,2018-03-28,d5937b0094e1e48177ff9b8bee7777cc,2018-03-11
e5ce0260311bb22e88a68521703a29e3,de8e62a27572b1f6e9f0acd5c14a3026,delivered,2017-09-10 10:05:05,2017-09-10 10:23:47,2017-09-11 23:03:42,2017-09-18 14:42:04,2017-10-04,47d19ed3e1569e33d47ed5712f16107c,2017-09-10
a99bed70b800227cc293174945a645e0,d5ef2005eca8ab3356125c50c6baa8cf,delivered,2017-03-21 10:29:01,2017-03-21 10:29:01,2017-03-21 13:14:19,2017-03-30 16:57:41,2017-04-11,015366a7c13024e36f1f125d8f9a9e67,2017-03-21
e21fb196bd04dacce0907722f0660282,abbc7e4d6588f853a099fae5c12c4cb6,delivered,2018-08-14 20:10:19,2018-08-14 20:24:35,2018-08-15 14:48:00,2018-08-16 21:26:31,2018-09-14,8c6b988947e2b4e81b8a6b0cbb797f2b,2018-08-14
ed9654afff985864a8b75b3c1725f67c,fd1c961261fb1ab2eabaad2c5b13aca8,delivered,2018-01-08 17:28:33,2018-01-08 17:36:28,2018-01-12 22:21:36,2018-01-26 22:11:58,2018-02-05,c5f9d1f3f24830c530acf00902bbb076,2018-01-08
bc4259cb82833f82cf7107fc67843f79,622cba8ef27cf7ad70c0952eebb569c2,delivered,2018-03-11 21:31:45,2018-03-11 21:48:33,2018-03-14 01:11:58,2018-03-16 19:38:29,2018-03-22,e2d282bbfcdcb3a3155df17479549127,2018-03-11
17a5005ce09865784a18052d65e9e050,b0eb10aee41edc0142f0c77a0fd9ba1f,delivered,2018-04-28 23:55:33,2018-05-01 05:54:31,2018-05-04 13:21:00,2018-05-15 23:18:30,2018-05-23,aebc1c715aad58419ecb2d919f449127,2018-04-28
9819219d69f9de4d4bb3180daf2edda5,8c6b10b3bd5812f54ca14f911a7aaa0c,delivered,2017-12-07 13:46:11,2017-12-07 15:06:07,2017-12-12 16:06:37,2017-12-30 17:28:03,2018-01-08,500dcdcc141a952739d1df8b2cff239d,2017-12-07
ffad90ea25b9d744b18f8079de0b988d,486ac5f6c418c91aeb7abdc247dab3f7,delivered,2018-04-30 20:14:39,2018-05-01 03:15:13,2018-05-03 10:15:00,2018-05-08 19:24:39,2018-05-17,26f33fca099a1ffd1d8fd601d1e5c4d6,2018-04-30
ebc00d28934c1edd775b307bf5cff160,3205756d1ec1fd148f6b6f000e9ae144,delivered,2017-05-21 13:09:50,2017-05-23 03:35:19,2017-05-23 16:03:25,2017-05-29 11:01:31,2017-06-13,083f2bb9b4d2b79d82095cda873e31b0,2017-05-21
78cdbeb2b6df14128f5de0a1d2c70561,dfe763af2bf0e6285b927a89abe32019,delivered,2017-09-22 23:09:49,2017-09-22 23:24:40,2017-09-27 18:29:40,2017-09-28 18:27:44,2017-10-09,4be1583defacacfea129170626a62569,2017-09-22
4a661ab7f8cc33b9cb79df5c0b912a73,e8947d67ab03b85b640693dd06ed3c72,shipped,2018-03-22 14:36:28,2018-03-22 14:50:25,2018-03-28 15:22:25,,2018-04-10,722354f0d052865ffa36138812e7e57e,2018-03-22
5b244cf7290c20fb5ffbdefa2845cbf0,d0003341f5d2c6f0ec7c2580e31a4fc5,delivered,2018-06-26 11:28:06,2018-06-27 11:30:23,2018-07-06 09:26:00,2018-07-14 18:12:33,2018-08-03,e233062121e0503f6c4aafd892c6f9b8,2018-06-26
d3d5d98dda9bb549d81a9b4b9e404bc2,59fc032d9a115fbb32558967187ffbae,delivered,2017-05-31 21:49:02,2017-05-31 22:02:19,2017-06-01 14:33:03,2017-06-05 16:43:41,2017-06-23,c9274db092d410f328938be7b5fd4329,2017-05-31
6b42a19086fbc8038a2a8e561a47a897,97862b5094f2c4333b42a6d9e44f9a6d,delivered,2018-01-16 14:18:11,2018-01-17 03:34:27,2018-01-17 20:54:05,2018-01-19 15:37:39,2018-01-31,e247db03443f737b4a5bbcb73257cdd1,2018-01-16
5bd09c25c13fd88f4f9928d25cba13e3,60a122b72d618a3f4be7a338231b747f,delivered,2017-10-05 23:15:03,2017-10-07 02:24:56,2017-10-09 18:04:08,2017-10-11 19:57:59,2017-10-31,5c563954ceb625e4d1fc40a7061bb05d,2017-10-05
f60ce04ff8060152c83c7c97e246d6a8,78fc46047c4a639e81ff65f0396e02fe,delivered,2017-11-28 22:24:18,2017-11-28 22:31:34,2017-11-29 19:48:33,2017-12-04 22:22:20,2017-12-18,38a4f1deb45ca914dd13c73b41775d71,2017-11-28
de11626bdec1c2e2c4f907036e55b981,99079841620303aa896941664bd86441,delivered,2017-08-04 22:08:17,2017-08-04 22:23:53,2017-08-08 20:27:54,2017-08-21 21:12:27,2017-09-08,d665a0bf055735b21aa69ba970379991,2017-08-04
b1db5f0906f790f7bbc7df91df3cc1f6,39a881b751230fd0f534927e684a950f,delivered,2018-02-01 09:46:33,2018-02-02 02:53:57,2018-02-05 13:25:16,2018-02-07 16:56:32,2018-02-19,b64a4067affdae4d0470a7a37cd17605,2018-02-01
d108fd23680159d7981c0da9a46fba79,d4ff16ef57595838d5ee159d01d38c7b,delivered,2017-11-25 16:40:53,2017-11-25 16:52:08,2017-11-29 21:21:24,2017-12-01 01:27:49,2017-12-11,c46896aafd41dea17ad8e86d263c527f,2017-11-25
55f7d464556078e4c8b4fdf028feedc4,51ef37e9a3f618d27ab7e0f1a76ac37e,delivered,2018-08-09 14:36:13,2018-08-09 15:05:15,2018-08-10 13:55:00,2018-08-15 21:08:47,2018-08-23,9cc73b2f1f13d58e4e11389fde3e2402,2018-08-09
158a3c94f1c31ab6a1e4b818c150ef70,5720eea9974f8afc6b0d50060fac2622,delivered,2018-01-08 20:38:46,2018-01-08 20:48:35,2018-01-09 15:13:48,2018-01-11 19:27:49,2018-01-24,3128a821781720a6515f8952671b1452,2018-01-08
b48a5fd9da47758b7a3d89365b50f811,5ca50b72b94b851c8895665f121e80be,delivered,2017-07-27 10:07:04,2017-07-27 10:30:47,2017-08-01 22:14:38,2017-08-18 19:47:38,2017-08-28,b51e63fc658504e0793c9ea3b1f950bd,2017-07-27
d7898ccadc85889e683ff908985b3a2e,274954aa98c367e4f6753f89f6374c1e,delivered,2017-03-28 14:40:06,2017-03-28 14:50:16,2017-03-29 14:40:16,2017-04-04 16:06:11,2017-04-17,a9ff065f56d037ecc6b9a79db8953965,2017-03-28
277427ea3d46a465d7311f4107515ba5,5c457daa8db6f2e6e3124d040636fc98,delivered,2017-02-08 10:58:40,2017-02-08 11:10:21,2017-02-10 09:07:55,2017-02-23 14:33:30,2017-03-09,727a1a8753adf9a74e67282b35a28346,2017-02-08
c5317bad0d8e0da6245fb7cd76226736,2c69c4f7310826a921f00b03c3bbcc34,delivered,2017-09-03 17:22:56,2017-09-03 17:30:19,2017-09-04 22:34:59,2017-09-09 12:56:25,2017-09-22,37047f2cdc3f0ad40fedd303da42fafa,2017-09-03
64f037d43d71fa8da3cd062e493252da,24b4b26b3282a2215245b414819cdae4,delivered,2017-07-21 17:52:29,2017-07-21 18:03:22,2017-07-24 15:59:23,2017-07-26 10:52:53,2017-08-03,b635bd73811fd9551d87f056410dbf73,2017-07-21
5a8b1c05111ba4fc4dfc6b9627ee177a,29db91941bcad91da8de98da8eb5d8b4,delivered,2017-11-16 22:02:48,2017-11-17 17:27:26,2017-11-23 21:07:18,2017-11-30 21:18:00,2017-12-14,289dcfbdf9ce2f94565a76800eb71157,2017-11-16
3365e7a67090957e53e3a06f20029378,ab37a169aa236ebab63bc925b4c0c723,delivered,2017-08-15 11:25:16,2017-08-15 11:50:12,2017-08-15 19:22:55,2017-09-16 17:24:11,2017-09-19,bcde9c52cea2f09ded4c451c5306f99a,2017-08-15
8b95218ca1e8860d7a256f2e9022d8ba,79dd76b97c1da86961320844cb4532e5,delivered,2017-09-30 12:06:40,2017-09-30 12:25:03,2017-10-06 17:36:20,2017-10-18 19:29:47,2017-10-24,01290b6163d2a02514a54df49221a668,2017-09-30
dd8f12312aaed12f182c3b3f1b28f5ba,63fe4386560fb932f449ba208c31cd7a,delivered,2018-04-26 10:49:02,2018-04-26 11:12:41,2018-04-26 15:00:00,2018-05-04 22:22:51,2018-05-21,b0a26e9b0b15ac38bcc18fac6e3e091f,2018-04-26
cf2b932d25c7f902faa52f469b89c1c2,df65599cd5fdaba371377ec2b8d533ce,delivered,2018-08-10 18:58:47,2018-08-10 19:15:10,2018-08-13 14:24:00,2018-08-15 14:55:01,2018-08-23,bfee7b14fc53e8a472abe7709ba654d5,2018-08-10
fbd87e9a66a24294c9f8deb5efca45a1,99677fae923e41228f37e3ff7306db4c,unavailable,2017-07-06 12:53:40,2017-07-08 03:25:37,,,2017-07-26,27791b8d9ada88837fbedddca950c541,2017-07-06
9c3fe119bb87723856e0d807d2ddf37d,3c9e199c72090dad38052fb09243f620,delivered,2018-08-07 09:09:13,2018-08-07 09:24:51,2018-08-20 12:35:00,2018-08-24 23:18:43,2018-08-21,08dc0f9b1d3b44c23a697013a9b1b61f,2018-08-07
cb9419b2db4cc2797c93a4d4cb27eafc,ea49a65ee5cc655d87e3ae14e3370be5,delivered,2017-09-22 18:22:38,2017-09-23 02:15:39,2017-09-25 18:58:36,2017-10-11 13:33:53,2017-10-20,4ced4e7efa3eb62bdb27ea777c60244c,2017-09-22
3b1bf20520476dc7b150dd52f521e525,aea1dc2400dfb8eed8cc28b4f8f84faf,delivered,2017-05-24 21:39:01,2017-05-26 02:25:18,2017-05-26 17:53:52,2017-06-02 15:07:53,2017-06-16,558f30ef40ea639bb2a653de68b87c96,2017-05-24
122154e627ed5da2a413b777f408b840,06cedf45bb3fda13ad8ac53fa73c39a3,delivered,2018-03-22 16:06:19,2018-03-22 16:50:22,2018-03-27 01:06:40,2018-04-18 16:16:30,2018-04-18,95e4e31eda671dfa6983a83d7b5522c7,2018-03-22
522a5e4ad2f2d51be25ae597da2b8197,8738ff633d54ab19562fc3b7d23f9fd0,delivered,2018-02-25 18:05:13,2018-02-25 18:15:29,2018-03-12 21:27:34,2018-03-19 15:41:47,2018-03-20,4755e6cf97a25760ab159e0457c84a29,2018-02-25
4858e8163239ecb307ebe97863cc948b,205ba642f3e340996c4feedc39f67c73,delivered,2017-08-19 11:07:18,2017-08-19 11:25:32,2017-08-21 19:03:54,2017-08-26 15:19:59,2017-09-13,8fc679bcfaf4be688c91824607ca5f19,2017-08-19
8f80c260c49e02ec6dabd0385b79e1f7,f0096a100fe274fca3ef4a141669b390,delivered,2017-10-05 14:21:09,2017-10-05 14:49:31,2017-10-06 19:38:04,2017-10-16 16:24:13,2017-11-06,88be8bcb122a5645412cd9df152b4e78,2017-10-05
122d8cc78a762990dba0fd768342a334,f5a22dd8bdd92589046bbf2614590885,delivered,2017-05-17 10:44:59,2017-05-17 10:55:21,2017-05-18 10:54:07,2017-05-26 14:57:55,2017-06-22,ac57215e1e95735cc99492f62129bb7f,2017-05-17
0c1131dcb8c6ec0c895af6aea3e70983,69de6e98cbd456c73122e8fd3a20554d,delivered,2018-03-04 01:19:17,2018-03-05 04:15:31,2018-03-15 18:33:42,2018-04-24 15:42:11,2018-04-13,91d5da8c24686b483a7b08bfddf5c344,2018-03-04
15315b01f91360542649d0238fdd4d71,bedc3f25908f9cec1ed65b9b16a2d5c6,delivered,2018-06-12 09:11:38,2018-06-13 02:36:56,2018-06-13 15:22:00,2018-06-18 17:56:42,2018-07-04,b7febf2f8c4e370be446bf85c57fbacc,2018-06-12
91f1ac61a8e729f0c88109ea99fef51d,ebce39fd812698534f78fae7b271b28c,delivered,2017-08-25 16:19:24,2017-08-26 02:05:55,2017-08-28 19:06:42,2017-09-12 17:07:24,2017-09-21,124ef8d5acc80858c69d34e3e08b572d,2017-08-25
a7be2467cdcb078b2ffdea6fd401952d,cceb2d3cf8bb8238adb90d6219d75faa,delivered,2017-12-13 21:25:36,2017-12-13 21:38:22,2017-12-15 19:39:34,2018-01-06 06:23:09,2018-01-29,251e93d40797c3ae4b091e7f8afbcb07,2017-12-13
294f94df7d2ec239123fdca1a458e0ff,5a968869bd6a16f0a56d22cdd8b40435,delivered,2018-05-23 13:31:25,2018-05-23 14:14:22,2018-05-25 08:52:00,2018-06-08 09:34:41,2018-06-27,65037427c770e4cfac3181e3ab9cf5ff,2018-05-23
72d35321453b32c80a4427da5f385c9c,6846633ef3d9e79996c8ba04a68d9853,delivered,2017-07-29 12:33:00,2017-07-29 12:45:09,2017-07-31 19:22:47,2017-08-01 17:12:58,2017-08-15,6a86f95d0a405b9a093aaae872bd46d2,2017-07-29
1e80bd664bc120ddf4d789b7b9455e14,69a4bbdea1617578929bb426c99e1ea4,delivered,2017-05-09 15:29:51,2017-05-11 04:02:44,2017-05-17 13:51:46,2017-05-23 10:42:30,2017-06-06,336421b86cc4259a58106da261e0e000,2017-05-09
c583d1e4fd69999ff69ba3b41639434c,32900c3c8bb35455d2ae421e3556b479,delivered,2018-03-12 16:55:53,2018-03-13 03:50:32,2018-03-13 20:03:53,2018-04-02 14:30:10,2018-04-03,83ca43c37409f7ba01a3817dc9dfca75,2018-03-12
132b39be91080ce2062bb6bede4d45c0,bbf4e01ce1d50ddfb1da769c9cd66ecf,delivered,2017-07-12 00:59:02,2017-07-12 01:10:11,2017-07-13 17:06:05,2017-07-19 16:52:59,2017-08-07,84514f009b40220330a5e42b102437bd,2017-07-12
97fe6393705790dc4895bc1e7da3b3ec,79eb6e225eed1659407f6eece333a60f,delivered,2017-08-05 18:24:49,2017-08-05 18:43:31,2017-08-07 17:52:02,2017-08-23 01:42:02,2017-08-30,3acb947be47a2d786eb727119b10c354,2017-08-05
37f02a54b7a8290c4afc59b4171a4718,c4e871d45f4c081559e8c1773ebe8b15,delivered,2018-01-31 11:30:47,2018-01-31 14:08:06,2018-02-01 16:32:14,2018-02-07 20:27:46,2018-03-02,fef1b9aff93f898e82d0529baf18eb81,2018-01-31
0417c9ab9d789459e660e8d325ce4a6a,d5f406fffe58d33efe48566eba1b6537,delivered,2018-06-25 08:27:27,2018-06-25 08:38:26,2018-06-25 11:04:00,2018-06-27 15:52:34,2018-07-12,a2f3f88a6c6a3d2636d350ce01f2221a,2018-06-25
f23026c2bb8bf3bb814eb4454f169f51,a521ad0645d4cbab3e4e06fdaf965ead,delivered,2018-07-27 10:21:52,2018-07-28 09:25:09,2018-07-30 12:00:00,2018-08-02 13:19:40,2018-08-06,2a08a26b942d9cb1eb426a5c456df03e,2018-07-27
f562f8a4adf5a459176f7170d0da220d,182fed0480f6cce20c12628b80bce20c,delivered,2017-06-04 11:37:23,2017-06-04 11:50:07,2017-06-05 14:13:56,2017-06-14 14:58:15,2017-06-30,1ec5ae3f379b00351536c77ac6ff6dd3,2017-06-04
38e300c6758b36eb5bb0234a3ac1fe53,03e8f438c63d7e3eb8cf2e830e42793d,delivered,2018-01-02 21:36:48,2018-01-02 21:50:20,2018-01-03 21:07:31,2018-01-08 21:46:12,2018-01-18,91f10558da786019ebe471d3ab0dab5e,2018-01-02
6864a2123ff29285627d16be37bc8b02,5e940c1304d278e5ee8cb3f08806692a,delivered,2018-07-08 19:40:11,2018-07-08 19:50:10,2018-07-10 14:43:00,2018-07-21 18:36:24,2018-08-06,ab63cccdc1367499b533e102cc9631d5,2018-07-08
9d9cff01f6fdf54921c214e893355fb1,551c4f4e876ce1b1d75ac260708f05c7,delivered,2018-07-27 17:14:56,2018-07-27 17:30:42,2018-07-30 10:52:00,2018-08-04 16:05:45,2018-08-16,bcb788a362b105e7a2309dc34fcbed51,2018-07-27
a917dadebfac700fb6fcbf80126d4f57,733fce0f4c919aa6c6f408b6298e1225,delivered,2018-03-13 20:24:58,2018-03-13 20:49:32,2018-03-14 19:41:45,2018-04-21 19:43:46,2018-04-05,34d2df64e1dfc6e8922a50939467f2af,2018-03-13
8b08f0e729f58529ed03e763270f78d5,1761db2f0d235bbfa1c281093198af0c,unavailable,2017-08-24 21:02:47,2017-08-24 21:15:36,,,2017-09-27,21c2c79d24e2d8e3496aabb1f65d85c6,2017-08-24
d67f2941b4a27d61f6176446533e3766,2d3c195d92da81037ca071936b76c3b4,delivered,2018-03-01 21:01:36,2018-03-03 03:20:24,2018-03-07 20:19:03,2018-04-18 20:56:26,2018-03-20,52b77a8cf97f250ca69b68137302512a,2018-03-01
0b50feddfae831cc657a703f9d929025,f35c9a0d1ebdb149d4304c439aff64e0,delivered,2017-12-11 01:08:05,2017-12-11 01:19:23,2017-12-12 23:47:44,2017-12-21 16:18:27,2018-01-11,a255731bfece9094c40deb8fb14b6619,2017-12-11
8bc4ec47148eae2b4ca051dd24c25a86,3597ba3579c46b170518b6cdb8e21b58,delivered,2017-11-14 22:01:08,2017-11-14 22:15:42,2017-11-16 22:33:52,2017-11-22 21:16:50,2017-12-04,639145e1dbde50377a98bd9b9499cae1,2017-11-14
2c0850997a2ee7ab84dbd7b4c909b667,672a74f41f6922d3373bb5e0fa8526b1,delivered,2018-01-18 00:47:48,2018-01-18 00:59:32,2018-01-24 13:06:48,2018-01-29 19:43:00,2018-02-02,cd2e4776d29e7614a87679c0ff866e42,2018-01-18
a510c00bf911ad87c19350719d460ecd,8f7200ad4c1219625f7a68619c3b1225,delivered,2017-12-04 15:09:34,2017-12-06 08:51:49,2017-12-07 15:32:51,2017-12-15 22:43:01,2018-01-10,60f80b716e255c10c1dda34eab1f1fe4,2017-12-04
8a6aa542c859c76d350343d616e3197a,d26ea9022bf1636686ea80c024956adc,delivered,2017-11-22 21:53:32,2017-11-22 22:06:31,2017-11-23 18:57:41,2017-12-07 20:32:11,2017-12-11,58ce1cfb0c76f21cbc8dd0ac12a154eb,2017-11-22
75e8542a91d9e76f206025e089a981f2,c9a6410aa7fd6f33bdae09357f8f5c57,delivered,2018-04-20 10:00:43,2018-04-20 10:10:24,2018-04-23 21:11:34,2018-05-09 15:22:35,2018-05-21,0c7368c88a4d7cda228e3412bd2824ba,2018-04-20
f17af50f27c9a60c151065658aa58edc,7db99f68639988a848b7a85e2845ce21,delivered,2017-03-10 06:18:21,2017-03-10 06:18:21,2017-03-13 09:04:45,2017-03-17 13:58:04,2017-03-31,4cc98b2105a1f61c8d65b0e1a65ead78,2017-03-10
4ddf6c937ee248504c71104627543a23,bba91890a5cb8746b8b51ece555f0594,processing,2017-03-01 19:49:12,2017-03-01 20:01:58,,,2017-03-24,af7b8a3470a5d0a998b522be320b9bc6,2017-03-01
fb6255a1918bd0e1307df9f810b3bfc1,61a7fa743482f53e8660c22c80b720dd,delivered,2017-08-05 14:54:07,2017-08-05 15:10:12,2017-08-09 20:07:44,2017-08-16 22:10:08,2017-09-05,f58d91eb07ca65178e04b1887adc8c17,2017-08-05
a4de5e12d0e969340cb9f32237c16772,6046d842a9b5a6de033a21980a114490,delivered,2018-06-15 15:44:21,2018-06-15 16:00:22,2018-06-18 17:22:00,2018-06-25 22:27:56,2018-07-11,56c355e615aa216a8c404c4f3d22383c,2018-06-15
142721e620ef263e3d3ffa99e7c0e096,3a79d210106a6f0153ba75c77d71392d,delivered,2017-11-24 13:35:51,2017-11-24 16:14:35,2017-11-28 19:19:49,2017-12-05 16:14:56,2017-12-19,f115964398479099f91c895efb356967,2017-11-24
93dbcae5a986d0f7103a0bc2929e7f18,e9150170f167a3058266eb4907a0547e,delivered,2017-03-18 18:44:50,2017-03-18 18:44:50,2017-03-21 11:11:57,2017-03-29 17:28:39,2017-04-06,0a2668469ba40abfb040f238eae51f28,2017-03-18
39a82394b2cec13982585114e7f6838f,276170f5bc4eba680e2ffb623dd52585,delivered,2017-01-30 23:17:07,2017-02-01 04:35:03,2017-02-03 13:27:51,2017-02-17 09:05:13,2017-03-13,983218a392d76592ad22ce4e139d219d,2017-01-30
b7293e3014a7261f0d26d28a1e927864,ebf0beef17d922d66a45709d225a57dc,delivered,2017-10-30 14:27:30,2017-10-31 04:15:14,2017-10-31 16:37:33,2017-11-08 19:41:15,2017-11-27,f8ac33ce25aad89ade14c52fac3cc452,2017-10-30
35f741bc89012d1594cfb82d0d9da8b8,8d993c8a171f3f4ec8ff6f96bf841886,delivered,2018-02-25 18:06:16,2018-02-25 19:00:22,2018-02-27 00:05:02,2018-03-29 01:20:50,2018-03-16,b41081211facf554aa22c92ab8334d3b,2018-02-25
6a106cdfc412587379e3e65b27091e50,dde0187dbe85319c8e57d879e6b616a3,delivered,2018-01-03 17:21:39,2018-01-03 17:29:21,2018-01-05 17:45:22,2018-01-15 13:46:43,2018-01-19,f0e60afdb7cd02f4ea02044f441e20e8,2018-01-03
42e1c1e283ac7a8dae4628e0fb152dbb,6bdcbe033d607f16526d95c1520b8397,delivered,2018-05-10 14:31:13,2018-05-10 14:56:59,2018-05-11 10:53:00,2018-05-22 13:47:40,2018-06-11,74cafc0c8d432a50c45a8909e25874a8,2018-05-10
b085981e816dad29812a8972f65d3fc9,3b0ce5cac8c33c35e058549782ec08c0,delivered,2017-10-18 23:23:11,2017-10-18 23:49:22,2017-10-20 13:43:26,2017-10-27 16:42:33,2017-11-09,ba65345002716ae4c725e90a61a6ca95,2017-10-18
ad5425b24e9a5cadeaebcb9f6f8347f7,4d86f06c136243959cf7ca6229d2a684,delivered,2017-11-21 21:20:41,2017-11-21 21:29:26,2017-11-22 17:23:00,2017-11-25 16:37:47,2017-12-01,650256ffdfe8e4453069e80a6108edec,2017-11-21
4336f383d6d1f9c9d968406c7a920fd3,e2aae3069bad7962c01d7ecfa869bb80,delivered,2018-02-12 19:12:37,2018-02-12 19:28:19,2018-02-16 23:52:08,2018-02-22 12:08:57,2018-02-26,a0bebbf4bd719425ed6c754e487e3ce9,2018-02-12
e71929c560756149bdc712141dfa17e8,a5db63396c747466c11eb00fcaaad855,delivered,2017-12-18 10:20:57,2017-12-20 12:51:23,2017-12-21 19:03:28,2017-12-22 23:10:05,2018-01-05,417b98a93fc15c1ba7dd4beeb9f5cee5,2017-12-18
95f4e9b4497d4252fabb3e69e0f67ce5,53744dcf34082ef4cae9cdefb2bbc636,delivered,2018-02-19 09:45:59,2018-02-20 07:11:16,2018-02-20 18:12:56,2018-02-22 20:44:10,2018-03-05,bbe5f9840ea0410a4709264dd7a74609,2018-02-19
930ce01cc6b66e9582938cc79f835ffe,cb12f7cafbef496e37dc4d089281b2e4,delivered,2018-05-03 16:55:44,2018-05-05 03:35:20,2018-05-08 06:32:00,2018-05-14 16:44:46,2018-06-08,ef675d2dccbaa0af9ec8ebd48230677d,2018-05-03
a477cdebba202e2c15cae2e35dbac3b3,b7f50e32ef6cc9ed88e6db3fe26234f4,delivered,2017-11-23 21:27:36,2017-11-25 21:56:42,2017-11-29 14:45:10,2017-12-08 10:51:39,2017-12-11,1ad25fe050eda6230c056fab7668b251,2017-11-23
2d0f32fa8bc7885514c176ca48f798d6,da4534e0fbc4cd11a6f9103c62b9b02e,delivered,2018-05-22 14:50:39,2018-05-24 02:34:42,2018-05-24 11:22:00,2018-05-30 16:29:33,2018-06-07,c9b9638352a4f98a5973feeaaca7c139,2018-05-22
2a5e2ec255be0a5cb7bc1bb5d21deb07,572c7a22d51433eedbcd766cbc7dbc4f,delivered,2017-10-14 15:03:34,2017-10-14 15:27:29,2017-10-23 17:53:49,2017-11-16 17:09:52,2017-11-13,3e6287e29d213536c6b120a6c269708a,2017-10-14
4884b6f84bbec8bdf35b5380cdc0269f,f4e436254fa712f857b16c173c6d1151,delivered,2018-02-23 12:25:56,2018-02-23 12:49:21,2018-02-27 13:04:09,2018-03-06 16:33:45,2018-03-23,fc383769c0df1f6630d2571b32e2b2df,2018-02-23
c0b4e1cd8410a7ec7d6262831e80d146,9d617961f7b37079063b6acbc5568e13,delivered,2018-02-16 18:19:00,2018-02-17 03:35:42,2018-02-19 21:32:10,2018-03-02 18:09:04,2018-03-08,b230f23648bca7c2ba97637d05d7fdfd,2018-02-16
946a2b3561cd706b8a7eb04fb08830c4,b1bb300c2e82114180b4e6293152b352,delivered,2018-07-07 14:00:19,2018-07-07 14:15:16,2018-07-09 12:30:00,2018-07-13 18:46:45,2018-07-31,9b65851739feedd99eec2ae4d545cd60,2018-07-07
b2997e1d7061605e9285496c581d1fbd,9e83d47684eb1a58b1c31830f5de10ac,delivered,2018-07-30 09:08:06,2018-07-30 09:44:33,2018-07-31 12:50:00,2018-10-02 00:18:50,2018-08-14,4bc530761c1b59d33d7c6cb640d3ee78,2018-07-30
6cc81d57e84149f55788bccafc8a48d3,5120967d7b95d59569c96049c74b6a32,delivered,2017-09-10 16:01:27,2017-09-10 16:10:16,2017-09-13 22:06:53,2017-09-19 20:05:40,2017-09-28,a69d64ee4dd548ed551d2b6e2c9ed47f,2017-09-10
61c5dc8ebe7576aeb5bde7e51ea1b490,e268970912eb010dea9194ee50e22276,delivered,2018-01-10 10:15:32,2018-01-11 10:09:03,2018-01-11 16:58:23,2018-01-20 17:57:12,2018-02-06,f83ac6015ad3b37d4f96603f362cb14e,2018-01-10
b0ab2270e1963a7e70de3b7b433bfc2a,0293c0d1c4c6c83fd6eff23e4cd1ca31,delivered,2018-01-08 17:30:42,2018-01-10 10:32:47,2018-01-13 02:06:58,2018-01-19 16:48:56,2018-02-01,15c604d9414247f54e8d3f28a7ba9fcf,2018-01-08
0c5eda39e0658b7d2c514e27dd287cad,70caf454851542826150acf3ff2e7295,delivered,2018-05-14 13:52:37,2018-05-14 14:10:08,2018-05-15 11:20:00,2018-05-16 21:11:05,2018-05-23,c61063a13d7fd0073ac4f051f45137f5,2018-05-14
0f7f3fcd5523d759e8e17084e45439d5,7e96ebdd045e73e50de71b8d1360b092,delivered,2017-07-20 19:24:24,2017-07-22 02:23:54,2017-07-25 19:36:34,2017-09-19 13:38:13,2017-08-23,02c56fe95ed4ef5fd0623142ffb83c28,2017-07-20
2f7a7c29354db7353c1887d24ae76636,a87364c569a01ec4d292805aef727137,delivered,2017-09-09 17:16:13,2017-09-12 04:15:26,2017-09-12 15:57:46,2017-09-18 20:13:45,2017-10-04,e8db9c7662675885007923d3eeb58972,2017-09-09
157807bc5bce90ec70c2ace65fe8e394,ad499f8f467e874f33ffc3c7a50cf579,delivered,2018-03-08 18:39:11,2018-03-08 18:55:39,2018-03-09 19:32:17,2018-03-15 19:37:44,2018-03-20,15e918e7eba40300d5f3982c63d54764,2018-03-08
57be20dc5f786ed372add8e3f28be447,30e7b476534296021a9f7e0c289c6a86,delivered,2018-07-26 13:13:19,2018-07-26 13:25:12,2018-07-27 14:31:00,2018-08-09 13:59:42,2018-08-30,12e92c0f870fc6941c2bfafae6357c4b,2018-07-26
f7c666a64887124db742dd9a8a4e300d,d47fe71e04e3e2ef9345538a49cf9935,delivered,2018-01-08 15:15:16,2018-01-08 15:27:54,2018-01-08 22:39:13,2018-01-15 20:28:49,2018-01-24,734700e1503f27ee4f8d76c826abd763,2018-01-08
cdf4b0d5611fbf52e84ea0dc45f5ba8e,c618ee064d6aed1a5548cd0146342e68,delivered,2018-07-15 15:19:09,2018-07-15 15:30:18,2018-07-24 16:07:00,2018-07-28 15:58:35,2018-08-08,d7016f58746bf6791f034be174ecf37a,2018-07-15
54d590c80154b4cd2008ed42260cf1ef,f71bd04f936f991d91510d547d32996d,delivered,2018-04-05 11:40:53,2018-04-05 11:55:24,2018-04-09 14:46:54,2018-04-18 15:16:49,2018-05-02,6a296ad35a38d489b7ffc694291e5ed0,2018-04-05
df19d1b00a1e07ad04c791d1301baacf,9c218516f70c6deb239810bae75c305c,delivered,2017-11-26 19:40:12,2017-11-26 19:53:46,2017-11-28 22:08:24,2017-11-30 23:05:43,2017-12-18,9b04c90ea70d2c999216b74e787b9aaf,2017-11-26
6d182a625d3780efba31f2ad22cec6ba,adf24d4aa27fc5fdeffab3f921271ce2,delivered,2017-07-22 16:30:15,2017-07-22 16:43:27,2017-07-24 18:03:09,2017-08-02 17:31:06,2017-08-25,77c9fc88ec3267f00bbdc22eef1bb8f7,2017-07-22
a0983a63c7a4497e8f4c922f689e02f6,50587b1a4276b00bd36bda3a39a4c9fa,delivered,2018-01-15 17:48:09,2018-01-16 03:35:10,2018-01-16 21:03:25,2018-01-27 15:32:39,2018-02-08,fdd7d52060cc92ec85f7ba417f78bdfe,2018-01-15
87e628a37d874ec67e4573f102c4c4ac,44afa84249846c6f84c4cef6b933f9e4,delivered,2017-07-16 15:14:08,2017-07-18 17:03:31,2017-07-19 18:44:37,2017-07-21 21:32:48,2017-08-08,366f58e52fd16bcd985e4bbce15405bf,2017-07-16
fdfb66d87e905833548d15ef7f08ee60,e8b2e467012c68957ae92925b156e5b2,delivered,2017-11-04 22:23:51,2017-11-04 22:35:47,2017-11-08 16:08:52,2017-11-15 00:58:40,2017-12-12,93c698e1c95478c1e46c375c8d588ae1,2017-11-04
946618322795acbec1b5c63fb3634ba0,5d00748cf02380ac2f1713eed686ff06,delivered,2017-12-05 09:57:08,2017-12-05 11:28:15,2017-12-07 18:58:59,2017-12-19 22:20:05,2018-01-03,667fca0b2400a9bc057a0824080bcf6a,2017-12-05
67e54a5ddb5e864b3ca5442f999b55ed,48bb4704b3c57ed78cd43e3173ed0c47,delivered,2018-07-16 12:05:02,2018-07-17 03:40:52,2018-07-17 14:59:00,2018-07-24 15:07:47,2018-08-06,fe5b71c385acf23c79e585d432ed8fc7,2018-07-16
a39e10cd50b6f28c58ed01ed8e7b727f,1988344486d485f05675dab363a9a347,delivered,2017-10-15 13:26:10,2017-10-15 13:49:17,2017-10-19 14:37:06,2017-10-25 20:44:59,2017-11-03,8649602987e4a5c137cf3a8abec594fa,2017-10-15
4872f8ddca1a62529306384f9c48cbae,d2dcd733958599094bae3cb1397babe4,delivered,2018-05-18 15:39:51,2018-05-22 09:36:30,2018-05-22 14:31:00,2018-06-01 17:03:14,2018-06-11,7a95ffe480d2a7b927f354684aa39c06,2018-05-18
f40d6e04209aafd02ba09a7bf54146bf,3ef992aaa40229c061ef4e8ef9f07027,delivered,2018-05-16 19:44:59,2018-05-16 19:55:17,2018-05-18 11:44:00,2018-05-21 21:36:31,2018-06-01,6fc4ff3d0f288bf25271c1ac594ae22b,2018-05-16
d78e60908f7ab8af68dbd22e16d179f4,68f19c8332a51f3d819ef42a952c6856,delivered,2018-04-29 11:01:41,2018-04-29 11:15:24,2018-04-30 12:45:00,2018-05-09 23:08:32,2018-05-21,2ce9d990ba191eb6c1ee524bd3a4a1cd,2018-04-29
58390adf4de979dcc0473f7de06c309a,2b1a173a9fe0713e741e489b8a2f2ce1,delivered,2018-07-27 03:17:33,2018-07-27 03:30:35,2018-07-27 13:12:00,2018-07-30 18:05:06,2018-08-01,851806f49ab128d0acfef8ea997e137d,2018-07-27
a7f8e3b5e7e9f480a27e2f410e560e16,dafb48d3122c3431292b3e7efe1182ce,delivered,2018-05-20 22:55:19,2018-05-20 23:10:20,2018-05-22 14:33:00,2018-06-05 18:08:23,2018-06-11,36cfec707344b75d20e6c7ef583c3b8c,2018-05-20
6686e93efe206ed03777981a67e8c1db,b9df1513dfa3cade0bd5c73521d83608,delivered,2018-07-31 22:43:22,2018-08-01 22:35:17,2018-08-02 12:35:00,2018-08-08 00:22:35,2018-08-20,d6f96ef38ffd998162a757573e9182cb,2018-07-31
a057ba313e2ecf618126061eafcebc45,0c01846ac6320d0699e23a6f593f192c,delivered,2017-10-01 12:24:46,2017-10-03 06:34:24,2017-10-03 20:04:42,2017-10-06 22:23:46,2017-10-27,f5bb385a75a910718ab38e46a69b9cb7,2017-10-01
ff014de83d667807820e68d8ea975281,4f41913e9ec8b0688894cac083489228,delivered,2018-06-19 20:32:03,2018-06-20 20:37:34,2018-06-25 15:41:00,2018-06-29 18:16:41,2018-07-13,5e6f547641154bca7e575f7e83ed136e,2018-06-19
36ea02534d94c9d58bbbd06fddb3fa9a,0446b2b06900bd31f919292a4379ffb0,delivered,2017-12-03 17:36:49,2017-12-03 17:52:21,2017-12-04 18:06:33,2017-12-13 21:39:00,2018-01-02,eab27a5d81262bace5fc81727514d49d,2017-12-03
2b6219a323962e35e29ad623d82fbc5b,7aad6c872be392c3d4170dd41b5f2e83,delivered,2018-01-18 10:48:40,2018-01-20 09:08:43,2018-01-24 00:44:48,2018-02-08 21:23:02,2018-02-22,0313e1d33a88fd765653f4464a387aa7,2018-01-18
ac40627fa08c6c47cdb3648f3e14901a,63e248449dc3f7b75648351e1dc68264,delivered,2017-12-02 12:07:58,2017-12-02 12:20:33,2017-12-04 16:19:53,2017-12-13 21:44:13,2017-12-27,9c57789a6a587f4efcfb01e36c106014,2017-12-02
3bf00487d4ab4ec12db62d8c542762c0,ad0d0fe3a014a0097abbde9323bce523,delivered,2017-11-24 22:24:34,2017-11-25 01:16:17,2017-11-27 18:58:25,2017-11-30 22:58:26,2017-12-08,1664c636fc45ae274539098665af87a0,2017-11-24
4a550b015950a8b9ad80a0d09ca1c5bb,40635de7a8e375d08070f9f08f57f6fd,delivered,2017-12-26 17:57:11,2017-12-26 18:08:55,2018-01-03 15:44:14,2018-01-09 17:53:03,2018-01-19,706d66fe09e7e8f5d7d7b9dba6f5216e,2017-12-26
6916bfc2979a20759a964f5addee58d3,2e6add09a06341123c32cb1dd28005b7,delivered,2018-01-26 00:14:36,2018-01-26 00:32:10,2018-02-08 12:58:58,2018-02-14 19:27:31,2018-03-09,c937a5d7fe89380c128d9b8746495474,2018-01-26
b41cd75853511ce5fa49b43cca5449f5,c6e3f283e7657e8d92765c2ae986e1a9,delivered,2018-04-12 20:24:50,2018-04-13 12:34:13,2018-04-16 19:04:03,2018-04-17 19:13:30,2018-04-30,b7eabe511ea06d25e67e1f9ca3890620,2018-04-12
9cd28af4a02dd368c02825e1bf9ea210,0bd2dd26ea71e853a5c95cf31a7a9c8d,delivered,2017-11-25 17:17:57,2017-11-25 17:32:26,2017-12-16 16:35:50,2018-01-04 20:07:03,2017-12-20,43cf7e69e43376c3fe22e0ac5b69846c,2017-11-25
96c5a073e3376be80ecf5e3e23f8ada8,64b986cfc15f9196228d3b51e5d3baea,delivered,2018-05-25 18:07:17,2018-05-26 02:31:55,2018-05-28 13:57:00,2018-05-29 15:33:16,2018-06-12,55b0ad0a0367e12c443680325629846e,2018-05-25
ec61362ddd74b12ee8f72f43752044f8,957902364a8b89fa36fa1aef9e9c7907,delivered,2018-01-19 07:21:57,2018-01-19 07:35:06,2018-01-19 19:14:31,2018-01-22 15:36:36,2018-02-05,c9331c813e12135f18276e599c17db4a,2018-01-19
84e0fd31977e457ca804a61921bc5c59,68fd1527d8a1e8739eab28f0688bc7bd,delivered,2017-07-08 08:46:27,2017-07-08 09:03:20,2017-07-13 20:18:54,2017-07-17 15:21:22,2017-07-25,4da7e1f0ba3757b07c452493f5743614,2017-07-08
0046176ff0dbc2a178b7885355dfbb71,6cae94f1f58ab679c23ceb753967c9bf,delivered,2018-05-29 19:22:17,2018-05-29 19:35:18,2018-05-30 11:29:00,2018-06-04 18:18:29,2018-06-29,58a7135fcd46147533c2f50747435ec2,2018-05-29
0e559702749c8ecac2272fa97d1624dd,67eebe9046f74afbcecb8a1f7596b1fe,delivered,2017-07-17 13:57:23,2017-07-18 15:33:47,2017-07-19 18:25:55,2017-08-01 16:43:36,2017-08-10,bf4db4d22ed0d25e09af9d3c67859ce4,2017-07-17
cc127d6da252fcf95e31933ee207923d,30ebfe368495892e79bfff3773635c77,delivered,2017-07-31 12:43:21,2017-07-31 12:55:15,2017-08-03 17:52:21,2017-08-10 22:08:40,2017-08-24,5bec363c0c3280fa275b0a5cffdfaab7,2017-07-31
22e899657e64cb7c60e18c2dba129498,ad0b3798cc6fa294cec40c1e69715982,delivered,2018-02-20 16:44:09,2018-02-20 16:55:58,2018-02-21 21:34:54,2018-02-22 21:42:52,2018-03-06,dcc91c2bccadbf54e0df318e0f9b6cf6,2018-02-20
0eeca7beaeaa9b986ac88e4548a45811,393c8cdefcf9178ccc70becfb90c8239,delivered,2017-09-22 15:37:28,2017-09-22 15:50:26,2017-09-25 14:41:40,2017-10-04 22:08:51,2017-10-16,a891c42634a370a1c45f7eb49d96daa1,2017-09-22
932a3be1b6a43815872ae094f24afd2b,0e3952b55bd9120e5d8130bf3e2ce0d5,delivered,2018-05-18 20:52:57,2018-05-18 21:14:36,2018-05-21 10:15:00,2018-06-07 23:34:44,2018-06-13,56a074e0fc79b287c1170d998519f1e8,2018-05-18
7681bce993e841ae140c728b7c8f1b9c,63acf8de888f1bd3574cf7432ff0312d,delivered,2018-02-02 03:42:48,2018-02-03 03:50:21,2018-02-05 21:53:49,2018-02-21 15:59:03,2018-03-07,6422bfe69991c1b3c75662e99a9f51e2,2018-02-02
ab5ff0fcd7789a6b96e8f90c47e0ccc9,fc00541611ecadf4e775f14ea8a2a24c,delivered,2017-04-13 15:13:51,2017-04-13 15:25:17,2017-04-13 16:54:03,2017-04-19 12:21:40,2017-05-16,41b20261d87e1d3b947967a2cfc0850a,2017-04-13
0149c597dcc0963d7315f904495b631c,a9bb000979210a35541c29601f2dc03e,delivered,2018-04-26 00:35:14,2018-04-26 03:15:13,2018-04-26 12:55:00,2018-04-30 16:36:50,2018-05-11,fbfcbb9969287114a9a4757e78f6f807,2018-04-26
1c7a2b989035d96cd218d9b9f352c098,504dd8e916e67a34a5a7308488ed88d6,delivered,2018-07-17 14:25:51,2018-07-18 14:22:16,2018-07-19 11:58:00,2018-07-25 14:38:31,2018-08-07,6dcf48fcc0c4d96dd7af8a0897ae9de8,2018-07-17
c25b7410c11056133dd5908057f4ce6a,cfac8905cfadca4d7fa97e572742f93a,delivered,2017-12-25 23:37:13,2017-12-25 23:48:23,2017-12-28 20:02:37,2018-01-30 12:41:13,2018-01-23,07a7972e43bf88e50a7376e6f1ae4e21,2017-12-25
30ab609acdb1c2d3756dc46d1e7d93f9,cf9982442670461b134a0bcd4faad2b2,delivered,2017-09-01 17:17:24,2017-09-02 17:25:16,2017-09-06 21:10:14,2017-09-13 17:32:10,2017-09-21,4b404f23b74d3e9972bcf67bf2fef391,2017-09-01
256ab4c9ccea8769bf3a40928e744961,2b355922378307d5b5aedfd19a2882a9,delivered,2018-01-07 14:30:11,2018-01-07 14:46:54,2018-01-09 22:14:48,2018-01-29 23:48:55,2018-02-07,ccc5db9c0d4e2121a5f1891ce00257ff,2018-01-07
aeb81ccabe4f164a26e763cd5b07fd99,358c32496f261c003294d3010f8650e4,delivered,2018-03-16 10:04:43,2018-03-17 02:55:29,2018-03-21 20:41:40,2018-04-24 21:16:43,2018-04-12,58940d794d4a6dcff6950da89c39754d,2018-03-16
a6f9a160004ed7b4b20bb24c1eeb5871,2264b08fad41947cf8ebb7da8ed5a4dc,delivered,2018-06-19 19:58:45,2018-06-19 20:16:27,2018-06-21 18:50:00,2018-06-22 15:02:35,2018-06-29,800a7e9c5b3c2b14cfb2ac54097f6349,2018-06-19
358f7c2eece902dd795421e4937f0142,a0c8900e3c9534021c33b400989cbcaf,delivered,2018-08-16 17:57:18,2018-08-16 18:10:28,2018-08-17 14:14:00,2018-08-22 18:03:52,2018-09-03,b24701a0f39c768ca2fd72d30e7b8f9b,2018-08-16
4c8649cbc5b80495a3d6df0ef599072c,a0757a9319476fb9a600286c43fb4acb,delivered,2017-07-27 13:36:29,2017-07-27 13:45:15,2017-07-28 15:33:56,2017-08-01 17:06:00,2017-08-24,ee6b9e543e69a0c368e0d0d98258488d,2017-07-27
0848fc09700c8afc1c372a4b2b7be70a,af5033805554e79d20c8a977e40c2151,delivered,2017-12-13 11:03:02,2017-12-14 02:31:26,2017-12-14 17:41:58,2017-12-27 17:09:56,2018-01-08,43499714c9c86fb38d6233faf23570f3,2017-12-13
53251dae6eb94ed4fa67b57bd60e58bf,dd585d9fb2f44732e62002adcfbe7b0b,delivered,2018-07-20 18:38:33,2018-07-20 18:50:18,2018-07-24 19:08:00,2018-07-25 14:17:26,2018-07-31,1b6388b8385838329136d96e2ffa3256,2018-07-20
5f482802d2cfd506df0097347965687c,fd91d63492be5404cdb0c84b1f142f59,delivered,2018-04-02 11:51:50,2018-04-04 03:30:19,2018-04-04 23:03:15,2018-04-06 22:07:41,2018-04-12,87dbe9c62c041832305e9ad226d86ab7,2018-04-02
294fd0f1d32fff9fcd8195f1d778d192,7b4d6586d0a0a1fdb26a1b2ed89e21e9,delivered,2018-06-27 09:35:01,2018-06-28 02:15:37,2018-06-28 14:03:00,2018-07-09 18:32:49,2018-07-30,7d932820d3bffb094c74e03d4e025aa8,2018-06-27
52e0ef964835e225bef5565b7cb87f0c,20d1593d84770bdef84cb9f3fb4e033c,delivered,2017-07-17 15:31:19,2017-07-17 15:45:14,2017-07-18 17:38:06,2017-07-31 11:58:52,2017-08-10,7bbbb7a123adeeb4e2b8ea4f71fd3bf4,2017-07-17
3ceb8926c7d570d68d8307beb320f2ae,b79bc49c04e9d0f44712b00179d4a909,delivered,2017-10-09 12:06:18,2017-10-09 12:26:07,2017-10-11 18:36:55,2017-10-18 19:33:17,2017-10-26,ada60145ed9a080e6e3114fe436815e6,2017-10-09
9139a2f22755b6ebb19786825a9c3070,5486d78af68ec41ae62f60ee4b611383,delivered,2017-10-18 16:41:00,2017-10-18 16:56:49,2017-10-19 17:52:13,2017-10-25 22:44:06,2017-11-06,2d4f96ad229b711b7d47aa64e3733fda,2017-10-18
b3b40bcda1fe524c03457e083bfdb5bf,f10da80d8ed5f1d9724a8b6e3f5f1d09,delivered,2018-01-27 17:32:17,2018-01-28 17:29:30,2018-01-29 21:12:35,2018-02-15 23:25:26,2018-02-21,1c2165e897de19629beafbd6b5397f9f,2018-01-27
08445c33aae15e7639ae685a2763bf58,2877c65506ea66a1d53a83bde035ca99,delivered,2017-10-07 23:33:15,2017-10-10 03:28:29,2017-10-18 17:23:38,2017-10-26 19:08:03,2017-10-31,a1597bd71df7812cfcecba6a6e520593,2017-10-07
e82323311535cbac6219860ae75532d3,3cabb118fc8b876a16ae0b50bc277959,delivered,2017-11-27 16:08:04,2017-11-28 03:43:08,2017-11-28 23:06:03,2017-12-01 22:06:59,2017-12-13,e1522db691cee70a610d98e7f6ea7ec5,2017-11-27
b36511d6ed0cbc11beb1ab142ab3021c,c8371460f35fcbaec011347c9e84b020,delivered,2018-08-14 14:21:42,2018-08-14 14:35:08,2018-08-15 06:55:00,2018-08-21 16:52:11,2018-08-23,956431f32e0be7439ae229ff4984bc60,2018-08-14
789efe01c5431a828ed0f537a7057016,247aa795039e1d9bf232095b1887f807,delivered,2018-08-15 21:56:38,2018-08-15 22:45:16,2018-08-23 17:12:00,2018-08-29 20:28:39,2018-09-03,d8eea6c28e7558bb2829bf8d5804d169,2018-08-15
9bd75a47121bac1956e6b353776128b1,00155f0530cc7b2bf73cc3f81cb01c52,delivered,2017-05-14 23:55:13,2017-05-15 00:46:01,2017-05-19 09:55:44,2017-05-29 10:48:45,2017-06-14,533b3a42bf5005c302539e093b445d3d,2017-05-14
f7310018040436b01ab03f81b301b5de,efec125e0fd56164c37c9f1e1c804cd7,delivered,2016-10-07 11:20:34,2016-10-07 12:14:56,2016-10-11 12:14:57,2016-10-14 12:14:57,2016-11-29,619b93ec47d01fd1228afef1a980abe3,2016-10-07
39fb1fc5a9e0a1429bf9c25c1ef75ee6,7a68d9a45dc7764b5990c638a3393d4c,delivered,2017-06-13 21:19:36,2017-06-13 21:30:11,2017-06-16 14:07:51,2017-06-27 15:27:55,2017-07-06,8688946f87638cccdce7b89ba67b6647,2017-06-13
984c8458b4e17a487d85b16c9ce0f00c,c5d1dd3c6c9619b9e3de125a3e6938e3,delivered,2018-05-12 13:59:27,2018-05-12 14:12:10,2018-05-14 11:39:00,2018-05-17 22:18:31,2018-05-29,49eb3e27a6fc361609658d710948cef7,2018-05-12
bfe2018d49712c5c36ce0ce9307249a1,60305609fd9f1bd337ec2e5453861860,delivered,2018-02-15 14:14:50,2018-02-15 14:30:29,2018-02-21 00:23:49,2018-03-02 21:53:14,2018-03-13,2beb8dc2b2baa3a8cdbafd80f2d44347,2018-02-15
2f1142c1bd6a656c18928bd51215565d,ebd927e0570f414d093504d5cd54a34e,delivered,2018-03-20 15:35:04,2018-03-20 15:55:57,2018-04-04 21:56:44,2018-04-13 23:43:18,2018-04-30,18f59f90887b98c624a741c58bab9d25,2018-03-20
a208f1b14dd7bd4f2830243124d9714f,42e93a700e1be7759870d72302a25aa0,delivered,2018-06-10 10:50:25,2018-06-10 11:10:07,2018-06-11 15:52:00,2018-06-18 15:17:07,2018-07-11,5b2619f25effc97c9b3cca189d789d23,2018-06-10
846245fd0ae27dba2f13054c098feb97,fe5d190924c6b517e0f356682493be0d,delivered,2017-11-20 11:46:49,2017-11-20 12:07:06,2017-11-21 23:15:28,2017-11-30 01:36:55,2017-12-07,b2d857f5ab462a4f212af536be096739,2017-11-20
40aa89b7cd7a1c649a752f6539c4a57b,139b25990a93de6dceaf6b7d5d8d4c3e,delivered,2018-01-27 18:23:10,2018-01-27 18:38:22,2018-01-31 19:58:06,2018-02-01 19:41:46,2018-02-14,baf84892a6e9f1f38946f380d5814a02,2018-01-27
f6bacd0dbc1aa8e5256c4bd6e4b08b03,7391671a39f82d198ca41370e42acff5,delivered,2017-11-24 23:23:37,2017-11-25 02:15:47,2017-11-27 16:16:51,2017-12-12 17:27:15,2017-12-21,52bd0e20be70b7722238e8e402c7bc35,2017-11-24
82d92bb4cb757bd10c5a06e13c7ebcab,55319284a24e6107943b0347988b768b,delivered,2017-07-26 16:48:48,2017-07-26 17:03:26,2017-07-28 16:57:42,2017-08-01 22:03:53,2017-08-15,4adcf57174fb4a2854b6475384117051,2017-07-26
f4b5549e1f7d4f62f52b0512657744c3,7542eb12d0319a6d3341f982a9a45433,delivered,2018-05-05 17:40:40,2018-05-05 17:55:15,2018-05-07 15:04:00,2018-06-05 20:39:03,2018-06-13,f72d946999fd5a86cfd9d56c70daa6d8,2018-05-05
9462e7a4367175b2b6f56caf761c6df0,ca1f7e87f054a7fb9e7eee3635387710,delivered,2017-05-22 20:03:10,2017-05-22 20:15:12,2017-05-23 10:07:07,2017-05-29 10:27:46,2017-06-13,0a31e281ade2d349246c6e86d56947cc,2017-05-22
565073e67c654be3a7e7fe0e10e36629,3ac0177581009fc9b7e7aa3e860101a7,delivered,2017-05-23 22:56:19,2017-05-23 23:10:13,2017-05-29 03:42:54,2017-05-31 09:17:57,2017-06-14,3a4c7c507f9f3263f050feb1c082e8ae,2017-05-23
c36b97b242c0409d5f536b647b56256e,0b7d82e753f361401ca599732423ae82,delivered,2018-02-20 18:09:22,2018-02-20 18:25:33,2018-02-21 19:49:04,2018-03-17 10:44:29,2018-03-16,1d29a14c46ef620ab9328be1fa9ad423,2018-02-20
9a277491a047f16116a18cb2a4332918,2fb5d7186fd553584a1d3518a2e8a249,delivered,2018-02-27 17:19:31,2018-03-01 02:48:28,2018-03-01 23:55:08,2018-03-13 18:17:37,2018-03-28,606f2f56cd416f82d0a4ba71c7e13b02,2018-02-27
ce9927d9150ae96a67b99a89822ed59f,6f33a63d6ceb7f99d7dbb8d993ddb620,delivered,2017-12-12 08:09:26,2017-12-12 10:32:41,2017-12-13 19:16:40,2017-12-19 18:52:11,2017-12-29,1a425de6464640b27580cb7274640495,2017-12-12
ae9f9adfeb3a33fe59da5bab6678e5cb,2c7ff1f9724c87a046e3c9979316b202,delivered,2018-02-24 08:42:23,2018-02-24 11:47:26,2018-02-26 23:13:42,2018-03-07 19:34:25,2018-03-16,d7f6e9886ca95a44f332ec611f8cce9a,2018-02-24
d0e9bcc931b111b202116edfedd5f195,e13b20c1396bfc0dd01100472f1c8ada,delivered,2017-12-19 14:32:43,2017-12-19 15:54:28,2017-12-19 23:44:56,2017-12-29 18:53:32,2018-01-18,8fdb727f8e48973fc105c5169859e59a,2017-12-19
4ef4d5ad1ca0e17cc5c92da8acbb0773,91776ece9ccbf384df0fd53452fa70c8,delivered,2018-03-24 18:18:07,2018-03-27 03:49:39,2018-03-27 20:16:54,2018-04-02 22:28:55,2018-04-13,04ceb0b6de581dfcd6d0e61442550117,2018-03-24
aeae13bf1962c0a747dae0f007b2b313,fb0a5f198af9146879712f3fc2afb788,delivered,2018-08-04 17:16:20,2018-08-04 17:25:18,2018-08-07 12:25:00,2018-08-10 17:51:30,2018-08-14,4871fa68534498e54aa3064b07a7717f,2018-08-04
c1e8ab8d063eba72d530b57e5b05f919,cee6c6b0f6ac0f9f8c0830152453c3e2,delivered,2018-03-01 17:29:35,2018-03-02 02:16:04,2018-03-02 19:52:15,2018-03-23 02:57:56,2018-04-03,b7c897200ac65c43a131e71b8ae3b8f3,2018-03-01
324687cda932c3d68b91cb0fb2ea653e,eb58238a7052e727425f75c87d2d2a01,delivered,2018-08-14 12:21:45,2018-08-15 12:15:16,2018-08-16 08:51:00,2018-08-20 20:03:09,2018-08-24,0a9be2c3d5bb3ad08271f4cdc4569364,2018-08-14
4b9fdb48eccb25686cf34b966d7f0292,bfe0d569937866f0578c2d61850eff1d,delivered,2018-06-21 14:36:39,2018-06-21 15:00:07,2018-06-22 14:17:00,2018-06-28 22:04:39,2018-07-16,ee7a33c56886e395c5f7dd08a6a7cd90,2018-06-21
f72af8df59fdbc3f45aeb2df4e1e9ca1,3f564a14c326f9a681d340e75246b775,delivered,2017-08-18 09:17:25,2017-08-19 09:24:56,2017-08-21 16:32:45,2017-08-23 15:38:10,2017-08-31,88914cd8ecf222c3d2b5915960f5abb9,2017-08-18
e13b79bd2df632e6d095f6e31023e827,7f14bd89c2b0d2a13ed50a39028fbb06,delivered,2017-12-05 08:46:43,2017-12-05 11:03:39,2017-12-07 14:12:51,2017-12-10 14:33:46,2017-12-21,547ecbbb188335becf07178d0429cfba,2017-12-05
c603e35e0405eadd985e681f1a8c95d5,67e0295b4f1071609e7641c83ccc3967,delivered,2017-11-25 19:09:33,2017-11-25 19:18:32,2017-11-30 18:07:01,2017-12-13 19:46:07,2017-12-22,a99a46d645c8dd66d91faa59ca630540,2017-11-25
3473b2ac470644fed5ff35254ec7a759,6bbc9cd236c6f405b18a5245b1a6b636,delivered,2017-12-20 11:12:59,2017-12-21 02:12:38,2017-12-21 21:58:59,2018-01-13 14:29:26,2018-02-02,ab0a0eb2d87fffca8705e7c602b02eac,2017-12-20
3bca49014e80b5b5ce060f17ea5baed5,df9a2607789c5c8bb1bd023abb87107f,delivered,2018-04-28 14:49:58,2018-04-28 15:11:39,2018-04-30 10:03:00,2018-05-04 18:28:45,2018-05-15,52ad6c0eaf953b42873d3c4ada6cde56,2018-04-28
eb7df5ec433a5660c84c3a2e1bce192d,76525f0c94f889d91e4335fae56eaaaf,delivered,2018-05-13 23:53:10,2018-05-15 03:55:50,2018-05-15 13:59:00,2018-05-19 12:34:47,2018-06-05,02e9109b7e0a985108b43e573b6afb23,2018-05-13
ff07e8cf368d59bc41752e3648994b36,aab0e26c7de6974d4595b0f21781ddd2,delivered,2017-10-11 18:56:49,2017-10-11 19:07:13,2017-10-13 18:19:48,2017-10-20 19:28:32,2017-11-01,579c636d4a72e2b65984d1866582c253,2017-10-11
37ae934eb8bbf96b80869741b6ec8d7f,944e40c2d91f59f855f4bc6678d6c85c,delivered,2017-11-11 13:38:48,2017-11-11 13:50:24,2017-11-14 21:51:37,2017-11-21 19:44:15,2017-12-01,b823d846aa49385f440d6f6a3a6a11b3,2017-11-11
5bbc94ad182b8b20ea955b1c3cae7d60,89fcf5e5b0b9a32db1cadbcc8c3eec9a,delivered,2017-09-11 17:47:24,2017-09-11 17:55:16,2017-09-12 21:54:46,2017-09-22 17:59:33,2017-10-04,2b6ce149982204423f4efac29701255a,2017-09-11
435f78ae47ece6a55453fc7f80f19ed1,1a0f2718fa2fa7db723987e880930ab7,delivered,2017-09-21 21:13:30,2017-09-23 02:26:37,2017-09-26 11:42:13,2017-10-06 22:13:11,2017-10-23,f2300c00190370109a72ee5e04a39bf5,2017-09-21
8c40ac9725c892399870b555b8d45978,abdc00cf1e7fb8417abc2d884696502f,shipped,2017-11-15 00:01:25,2017-11-15 01:10:33,2017-11-22 20:24:48,,2017-12-12,74e2a0a73c5383a9d67b077d8bdb77a9,2017-11-15
d077bdffbb5406992a86cb86d68f80c0,d36608c12fd914588d6838d4b6d4e8bf,delivered,2017-06-09 14:43:13,2017-06-09 14:55:08,2017-06-14 16:20:15,2017-06-16 16:36:43,2017-06-23,20fc04abfaffa6e8db9673ab138b528f,2017-06-09
541908a1babbdf38261cbe80129fab03,c68d12820e6d24b58c3b7d150cbd2c03,delivered,2017-09-30 10:28:45,2017-09-30 11:04:15,2017-10-04 19:36:08,2017-10-10 19:23:49,2017-10-26,948e6eb8ffab76ddf59f726c522ffe06,2017-09-30
20659f110925368e86835f912f0507ac,3ae75409eae0fd9abb6b38503c7969ec,delivered,2018-03-21 23:15:41,2018-03-21 23:30:57,2018-03-22 22:03:27,2018-04-02 23:44:23,2018-04-16,d8d94c812be68b5db02c9b4bf03fd1d4,2018-03-21
1e9d34d879a6b6a109fe4403c0ca5aaa,33b43c2eb8acf1e3aa1fa7e9d5e9992e,delivered,2017-06-13 20:14:49,2017-06-14 20:10:06,2017-06-19 14:08:56,2017-06-23 12:42:16,2017-07-06,d783ac25156525495cc6bcdae28ccdc3,2017-06-13
2d016564dff0c20b352e75b48e543e32,64d94fa2b18993d2dfd6c35c9fd784e9,delivered,2018-07-28 15:14:07,2018-07-31 04:05:54,2018-07-31 10:17:00,2018-08-06 22:24:39,2018-08-23,16cb5ff215fad2b442568dd71b433be5,2018-07-28
cd38eeff6b0ebffe1200329846d83987,209cd46e6fbad8005f5a20c86a4db93c,delivered,2018-08-20 08:02:20,2018-08-20 14:11:06,2018-08-20 16:11:00,2018-08-23 19:12:52,2018-08-29,d42b37e7396133bc59162e1cfea39f2f,2018-08-20
e0db4ac24a1ec63aea6358043f528182,1628224972c38ec171b239f7387a1c98,delivered,2017-11-19 13:01:01,2017-11-19 13:15:24,2017-11-22 21:27:40,2017-11-23 14:57:07,2017-12-06,326bc355e093f9c33108fdc27232be25,2017-11-19
4611eb5693ff0b8ac1ccaebd3d543bae,1baf22a9d0f09f4631df437e8fcf8af9,delivered,2018-04-02 20:32:39,2018-04-02 20:49:58,2018-04-04 00:48:48,2018-04-07 16:54:44,2018-04-23,5ad0d0731ab1a8ec1b545744e1e728f4,2018-04-02
a8604cab2666019a362125208e616446,06843dc600fc25b0c66bd3f1dcbfda12,delivered,2017-12-20 15:39:49,2017-12-20 15:52:10,2017-12-21 17:42:26,2017-12-26 17:03:37,2018-02-08,ae301cefa73b4914cdc56090b94514fe,2017-12-20
bbce568b3f47a619736a632cfd4e7837,bebde5fc8d5a6179870f03aa35822ed8,delivered,2018-01-12 14:02:00,2018-01-12 17:49:51,2018-01-15 17:59:18,2018-01-29 23:20:31,2018-02-09,f2deea219b1ef608f90a6fd89f6fe89d,2018-01-12
7c29f6fa9efcbf410b4bbb9362b9f7c9,aa179ef3bea6245ec335cd5f2c65044c,delivered,2017-10-21 22:51:11,2017-10-22 18:35:04,2017-10-23 13:54:14,2017-11-01 16:19:42,2017-11-21,d73238dc01a257f5439f611e3cdb199c,2017-10-21
b2dd81c62d0bf804a563d82998d8e1c4,c5d2a092d72c266cc8edae2b5a295c38,shipped,2017-12-10 11:06:49,2017-12-10 11:16:30,2017-12-13 01:19:11,,2018-01-15,8f74bd69c228697504acd82dc22ed019,2017-12-10
df9a9799d18fea4a40cc802a44f7c400,b6bc0a0984212a4c64f88c94d0007c07,delivered,2018-06-29 15:31:02,2018-06-29 15:50:51,2018-07-05 13:50:00,2018-07-06 11:22:25,2018-07-13,7c85b313ae73714ec9ef7ca1adcf319f,2018-06-29
81e035b07fa347e5b333f9a2b4616e2e,ee70ec5cb7972645152f727f099be202,delivered,2017-04-04 13:46:04,2017-04-05 06:35:18,2017-04-05 14:30:12,2017-04-20 13:14:40,2017-05-09,b049293d1dbfd9c038175bea4b9b0b72,2017-04-04
55bf02fa5414e7b29c5b651c33626e9b,883fad5fe34ba612be8d2047895ff139,delivered,2018-08-23 00:46:54,2018-08-23 01:04:19,2018-08-24 11:20:00,2018-08-30 18:46:26,2018-10-01,4d3d7eafae2022b086733db28814cad3,2018-08-23
12a5b8020b9000268a9f108bfe97cbe0,ce0fb071e08e4abd8134fd3401b23456,delivered,2017-05-17 13:35:45,2017-05-17 13:45:10,2017-05-23 15:34:57,2017-05-31 08:52:47,2017-06-16,fa7349f94e9180ab11b90478c2c9c600,2017-05-17
afcc50b228d8ce31105df9e1c98b4130,df3be1c92fa27cda84caa922db80c785,delivered,2018-04-12 22:30:39,2018-04-13 13:30:06,2018-04-13 22:22:58,2018-04-25 20:34:40,2018-05-18,8c81f00d5f170ff5a91ddd77f2aa5b70,2018-04-12
17220bb11a8bc3ddfe388dedfe4e4de9,556910dd99aff6bc666910e9a872ec6b,delivered,2017-06-16 18:22:14,2017-06-16 18:45:08,2017-06-19 20:12:24,2017-06-24 10:12:14,2017-07-10,7f14b86160a1d6553778239938cb3842,2017-06-16
8258ee754942254bf787b58cfd650a73,b006e4773f5559b450f18627616f92fc,delivered,2018-02-05 09:34:12,2018-02-06 03:50:55,2018-02-07 23:04:34,2018-02-09 21:08:54,2018-02-21,a993b527ac2ad305eb572843b164f305,2018-02-05
4df721b8d3b3a4803b1704f3676a420f,3a05feb5eaa782c7558fd51a2ad9c4f8,delivered,2017-09-09 18:17:29,2017-09-12 04:55:18,2017-09-14 17:33:36,2017-09-15 20:51:31,2017-09-22,c226fba3eb6760cbfc223aa8daa96b0a,2017-09-09
bcb07b4577d1cb52bafc1b1b0c51c47e,93812989241fc83d407dd007dafc8f3b,delivered,2018-07-05 16:30:09,2018-07-05 16:50:59,2018-07-16 09:35:00,2018-07-24 22:32:34,2018-08-01,247b0807f08c4c693fb7f2bf229b70fb,2018-07-05
0b54477549051598bd77d59bee6182a7,34fe94e0f8c2656309bc7972ce64fa85,delivered,2017-07-25 18:30:00,2017-07-25 18:45:12,2017-07-26 15:09:59,2017-08-19 15:36:35,2017-08-28,40d75d25d699193555e9e46e647dfa69,2017-07-25
0cae2524ce4d7c4658153705a054c722,01a4594fa7dbf53d2569e57173df6895,delivered,2018-04-13 10:13:34,2018-04-14 15:50:45,2018-04-17 02:11:51,2018-04-18 18:52:27,2018-04-30,8d4e7986a8ba9809d1cafdc9e879dc6c,2018-04-13
7aa62957446715905f98f714be58f580,7caf9525fd9a661ecce17edbaad4caee,delivered,2017-04-11 10:52:50,2017-04-11 11:05:09,2017-04-12 11:54:01,2017-05-03 13:36:47,2017-05-15,0aadc1d26d1c8b88a52c39a533ccea93,2017-04-11
de779f93dc5f7dd9ac51b22380685ae5,4627f0d16c02256e8bd28f9bbb1ee468,shipped,2018-06-02 10:57:17,2018-06-05 04:31:09,2018-06-05 14:04:00,,2018-07-12,76f2a1da6e23d1f15636ce22fe931dd0,2018-06-02
2f5c9e01ce9f58ed0a7ce97bcb667a33,82e58e2dcb507ecf93f2e2a38e485a1f,delivered,2018-02-09 16:41:39,2018-02-09 16:50:27,2018-02-14 13:19:02,2018-02-15 20:18:44,2018-02-21,acce12c65412d17f3767b859db9f0b79,2018-02-09
10016b700b98966403aafded9f2e168d,715f6330b32864005e645e571dbb2fe8,delivered,2017-11-25 16:22:05,2017-11-25 16:33:34,2017-11-27 18:39:03,2017-12-12 20:51:56,2017-12-20,aa2b726bca9e7a8e29ab3311b71d075e,2017-11-25
b9caafcfce2316e8aa42f6cf6327ff02,658803300e83c073de1a1f06079a0328,delivered,2018-01-19 22:20:50,2018-01-23 03:37:22,2018-01-24 23:38:36,2018-01-29 14:12:06,2018-02-05,aace3fc2e9d8fcae39a30aaf6c7620ce,2018-01-19
72b34ae1ed3ddd65b13c86247dd37cea,f5e5a13035ff20d21a46976f22e5dc5c,delivered,2017-09-27 23:45:05,2017-09-28 00:49:19,2017-09-28 14:36:01,2017-10-10 19:16:57,2017-10-26,6dbf7365fd4374ab42a9b0471536ea8e,2017-09-27
65c863d90026e9dd4888e28d2135c983,c6493ae5b5ae563a2a20a534dfd21cb8,delivered,2018-03-09 19:43:32,2018-03-09 19:50:25,2018-03-15 15:51:51,2018-04-06 22:03:37,2018-04-03,d89bbed2bfc8b18edbd8fa87c7e214e1,2018-03-09
49287801ce45d679f7744b39f6fb6131,cf0b26e3090443f40ddbeea9ff6924c5,delivered,2018-05-07 09:15:27,2018-05-08 20:15:09,2018-05-11 12:14:00,2018-05-14 12:04:57,2018-05-17,dba313d50ef08e5865d9efe56823e881,2018-05-07
7e129ab6f658f6b2eccebeba30d16f86,b31b698d14f51b2226b2f5057f7dac85,delivered,2017-12-08 19:09:48,2017-12-08 19:16:30,2017-12-11 19:10:44,2017-12-20 11:39:11,2018-01-04,823953587e12301d823518e6c83fa9ca,2017-12-08
34b7b4a618b1353f3f3dd088fc4a2300,6902852b43c16da6525f663dfacb9124,delivered,2017-11-19 20:19:48,2017-11-20 20:28:55,2017-11-21 15:45:02,2017-12-07 21:56:52,2017-12-18,d52934cdee614fabd81523e947cbd409,2017-11-19
13134fe6dc043430a875ece99381223b,1e68eb446a32f445dceaf306cdad90b4,delivered,2018-06-13 14:48:16,2018-06-13 15:28:57,2018-06-13 13:28:00,2018-06-18 10:21:04,2018-07-04,539d73a0159ee49e8cbe5a5bbd6fe6d7,2018-06-13
0ace5fbf6db2942061542a808558b9f7,a73fa1e059154a6fa8c7e419b5bd0936,delivered,2017-06-29 14:14:09,2017-06-29 14:25:11,2017-06-30 08:34:51,2017-07-12 21:16:45,2017-07-25,c40b4a21d854ab194280dadc8998061f,2017-06-29
1ed6f1be3a82fe23b8b889e83e60c60a,d263a9460493cea8e4a22cab84978735,delivered,2018-03-26 23:13:17,2018-03-26 23:30:14,2018-03-27 20:56:43,2018-04-03 16:52:01,2018-04-06,069a26c9c6fa10d734e94c95808716e3,2018-03-26
40e374fbdf8b48fda863fee6195ff2b1,74f05ad9229c0344117ebb0c89324d04,delivered,2017-06-26 15:01:19,2017-06-26 15:15:13,2017-06-27 13:10:08,2017-07-17 17:34:01,2017-07-18,79784a841ad716e7c3fe58ccc5edecd9,2017-06-26
d8c3814df9c4a328159b280e60a59486,e1da85c44ec16ca1c253fec643d257ab,delivered,2018-08-17 11:15:02,2018-08-17 11:30:37,2018-08-17 14:49:00,2018-08-21 16:20:47,2018-09-03,42f1fdf511aeb359f56e375cae330892,2018-08-17
c67c6e7178cff9848b2d6556d1670fd8,3237a9ea092013b7b44c0c8d5174006d,delivered,2018-07-22 13:32:50,2018-07-23 11:32:05,2018-07-24 15:07:00,2018-07-25 17:57:42,2018-07-31,71512541e228be5d1762945862546187,2018-07-22
62da6eaeb0bb1013bcd1e66d7a93546e,db8e95a7c8bbe135f190cb4866fd2404,delivered,2018-07-11 11:01:02,2018-07-11 11:10:27,2018-07-12 12:44:00,2018-07-20 16:38:47,2018-08-13,37a5bb54488977d03991c0bd922db37c,2018-07-11
43d15639614829b1cb997af5c0f5f7b0,0e5efb825769ee00937205f7592cc160,delivered,2018-05-07 10:22:10,2018-05-07 17:30:07,2018-05-09 09:14:00,2018-05-14 19:27:38,2018-05-29,08ba51d0133a2a5d8a95e0f094fed34c,2018-05-07
da0b8ba8e2730558871c2f9eb672e787,6e82a7813cfd686eca3f3d7ce6705d62,delivered,2018-08-13 22:17:24,2018-08-13 22:50:18,2018-08-14 13:50:00,2018-08-17 19:41:21,2018-08-27,ba67519b222a6e58df751e01586e84ea,2018-08-13
f409e6b1a36ed880f8c2280446f9e6bb,e17f5383fc9cf03c6daadbca547bab26,delivered,2017-11-26 19:46:39,2017-11-28 19:51:47,2017-11-30 16:48:53,2017-12-11 23:25:42,2017-12-27,01f6fa760c8cee5fef785c7a73321534,2017-11-26
81643a310d1fa764a5097fa3545d4a90,396220c43c7d3f04160a645b3dec5f92,invoiced,2018-03-17 17:06:22,2018-03-17 17:28:51,,,2018-04-12,6e2d9305eed4c9a161ee32d83863b8d0,2018-03-17
d273ccee1a7ee1a7013cc285da0ff429,5bedf51f27a7409f5b644041b30d6f5e,delivered,2018-07-16 08:43:04,2018-07-17 04:31:13,2018-07-17 15:22:00,2018-07-25 20:58:32,2018-07-30,43d769b2b07620f606b07b73f16937ee,2018-07-16
ca458006762941e7a7bcca41fc9eb585,8238ee58162d83370825ecd9b4ee1435,delivered,2017-11-29 23:18:05,2017-11-30 00:06:44,2017-12-05 22:48:09,2017-12-11 17:28:57,2017-12-21,90a2bb909e603378e570d6d240787c55,2017-11-29
3ac2da2ff7a04674a3a463e6f429da29,1ef7e356c5668ac4d1132d781b3cfdec,delivered,2017-08-30 14:53:03,2017-08-30 15:05:20,2017-09-01 15:19:36,2017-09-12 20:07:25,2017-09-21,f2f072eca1a5ded46436bfef37b3712a,2017-08-30
b980d737d846b36f807b28e40796003a,78242b9298bd20ced17015145f4723d3,delivered,2018-05-04 16:05:51,2018-05-04 16:30:12,2018-05-07 07:44:00,2018-05-14 13:49:00,2018-05-25,a20e19f70cf92ad5bf8e1339d5ae9316,2018-05-04
9a3581c4e55c2447416ca021ccfd98e1,0e3878d41f9d6af61a782398afc4923d,delivered,2018-06-18 22:50:14,2018-06-18 23:16:37,2018-06-20 15:03:00,2018-06-26 21:03:41,2018-07-13,2e99b4efa2b8d8ee19b1b1e0f2192775,2018-06-18
a86139e0d4d95f37f763ce3060d04982,3936365b0df3a48f46163861eaa23db4,delivered,2018-02-27 21:56:07,2018-02-27 22:48:11,2018-03-01 17:58:41,2018-03-02 19:07:22,2018-03-27,223375a331896cbd8946c1edd2dfdde0,2018-02-27
cf4eff954b06c19d96be7d6792a1da3c,b591ec51348a19a15a433d07865cefe7,delivered,2018-06-06 20:16:16,2018-06-06 20:34:19,2018-06-11 13:46:00,2018-06-18 16:41:28,2018-07-13,42f7e19415e1032e655ca14095e2aff5,2018-06-06
4d288f2f1f3b59a97c364a2bf728b912,6e875338f7a2933dcabb08b9404c3f72,delivered,2018-06-14 14:54:38,2018-06-14 15:20:49,2018-06-15 13:35:00,2018-06-18 12:17:37,2018-07-04,83be9597caaf2ff1ad90bace79385397,2018-06-14
47f04d07b8f03a7a5d7a034d80cd257f,451f514eeb408967d01eb0688a390ff8,delivered,2017-06-10 15:52:36,2017-06-10 17:31:40,2017-06-22 16:12:00,2017-06-26 16:57:52,2017-07-13,c22c06181f51f36fe3cf60095047190e,2017-06-10
558bd4996eeddc5e4e29295bcec08e32,5d894b632b1f08bd01b826d7ab061a94,delivered,2018-08-26 17:27:38,2018-08-26 17:44:09,2018-08-27 06:28:00,2018-08-30 17:12:18,2018-09-12,538ced2290660f29114a009a79cd491a,2018-08-26
d382b95db47e1184844771720a5f947a,6cb06ad3fbccf074466f347ff0bf125d,delivered,2017-11-24 08:32:20,2017-11-28 03:40:09,2017-11-29 16:59:10,2017-12-13 16:05:16,2017-12-18,3cb25323ec420ccabf2d50b54b6ee2d5,2017-11-24
b89abfd3664f6d278d90b13536d52364,0ff949bd20e11b2beacce8d14c1339b8,delivered,2017-03-12 17:35:58,2017-03-12 17:35:58,2017-03-15 16:07:43,2017-03-21 09:08:40,2017-04-10,202fcf1da8f89ce2bef103e5fdfc5ab7,2017-03-12
584841703aaa81e11a1fb3bfac2056ea,3618140a65c08f961619ac9054eb2ac2,delivered,2017-02-03 22:11:29,2017-02-07 04:10:35,2017-02-07 13:09:44,2017-02-15 16:23:49,2017-03-22,7cf925206a56fb733ff24780c6d4a87f,2017-02-03
deaa78be2b1ca6ec321fc94b91bb9e32,07c6c779d8f31383069ab5ce41392b19,delivered,2018-01-22 18:01:39,2018-01-22 18:17:00,2018-01-26 13:09:24,2018-02-15 13:53:15,2018-02-16,17296df09a410384b649acac6ca355ab,2018-01-22
42325f18762da22d5f98e4db3cbc464c,13f66294a7b84c6c450e7b0b38d2ef6f,delivered,2017-11-27 00:16:09,2017-11-29 15:13:49,2017-12-04 23:09:43,2017-12-14 16:29:41,2017-12-22,c0237d2d96bbcd13d2352c520b9bff0d,2017-11-27
ea55102263a7f58c4b3090b655c2bc00,c5c32cfb1971f9cb50b5f7a06e6d09ce,delivered,2018-03-26 17:32:49,2018-03-26 17:47:45,2018-03-27 20:12:36,2018-03-28 21:26:48,2018-04-06,0294560ad384ad92c9aff267bbbd9406,2018-03-26
0ecbb908b4b062b189e1723ef9a836e2,7b6e705e0e5932d5846469a8996d4b51,delivered,2017-05-24 11:43:20,2017-05-24 12:03:52,2017-05-26 15:23:51,2017-06-09 15:29:32,2017-06-06,c076c0b4b9d8535876be36a3314d19ad,2017-05-24
dd3dd13a29f9f7e18823e1fd5d412696,93b27a628d1df2de4e1e3170346b597f,delivered,2018-01-07 16:56:43,2018-01-07 17:07:11,2018-01-10 19:09:25,2018-01-22 17:32:36,2018-02-05,023de84681c997f7bcb218b8e23df233,2018-01-07
778c123689474f1e0abaae724ebe2136,7d9e8aae68d6fc3e862582fd6fe3082e,delivered,2018-07-20 16:07:28,2018-07-20 16:24:23,2018-07-23 11:44:00,2018-08-02 22:07:01,2018-08-14,d0e64bc58be1c0f1763f60935d95766f,2018-07-20
8f9bea8b0d14b8500fda8f3ca1e3fb78,3483f6698dbde1dea17a2dcc5020b99c,delivered,2018-08-16 13:37:21,2018-08-17 14:30:40,2018-08-20 10:22:00,2018-08-22 01:41:49,2018-08-24,ad41cdd567b4407a411fac10b2310bf8,2018-08-16
be7a8091a9dc887ea17ef816b6edd96b,cf02ebc7b145e83626254f5d0d1c6042,delivered,2018-06-07 11:09:22,2018-06-07 11:37:04,2018-06-08 14:14:00,2018-06-15 20:12:36,2018-07-19,46fdd6df708c7bd3414d35806230d8e3,2018-06-07
0d9132dcd087abbb6771db9371e1f951,badc0ba5662331cf95342caac91ae654,delivered,2017-03-14 09:45:14,2017-03-14 09:45:14,2017-03-16 11:09:29,2017-03-27 15:57:47,2017-04-04,7171228bae697a4d7e445f6d497002e0,2017-03-14
efe03a561138a005da4b1e37d1b2ef36,e4189070d8fcd5b35adf9af96e225b2c,delivered,2018-02-08 19:10:59,2018-02-08 19:28:30,2018-02-19 19:48:59,2018-02-23 16:55:00,2018-03-02,3688b647321d6ef9a1719afa09fa6d63,2018-02-08
79bf05438738958b495424724f6b27c5,e5fba111f13de7769d28eb3a33dc17a2,delivered,2018-01-17 10:43:45,2018-01-17 10:52:27,2018-01-18 23:19:06,2018-01-22 17:38:12,2018-02-07,611498b1bc11746dc68c832f54eb55ae,2018-01-17
e44411a5a41caaf23d52f1600d31d888,b443cbafebdbd5c74e00d344cd9924f3,delivered,2018-04-06 12:55:08,2018-04-06 13:09:08,2018-04-07 01:19:07,2018-04-09 15:21:19,2018-04-23,d522defe17a69684126a50885b063c22,2018-04-06
6da4587a1165373a6932574c423a0791,4a2d333044ef97b6f65584614e52094b,delivered,2017-09-15 16:00:57,2017-09-15 17:10:44,2017-09-26 22:25:50,2017-10-04 11:37:39,2017-10-03,54eeb1557c271a8470c068c3ba84bca7,2017-09-15
ff29c7cdeea12d00d7b40d4879cce688,c72f502117a154e3f6468a282c6e2d95,delivered,2018-04-23 21:31:02,2018-04-24 18:29:06,2018-04-25 12:45:00,2018-05-08 17:56:50,2018-05-15,3262d7de6a6e0c5bc3fe3834fe4bc007,2018-04-23
17a4db677e57484f24eb68217b8de4c1,6391b6b3125ec6fbe82bf0e2d616337f,canceled,2017-11-10 14:03:51,2017-11-11 02:55:43,,,2017-12-05,9f93044b0156639ec44b7ecfca3b9c31,2017-11-10
c99f547e83c25761f4c58fd7f41cd337,2436e91f69e10172ac57467c2b2290a9,delivered,2018-08-01 16:42:02,2018-08-01 17:20:07,2018-08-06 15:32:00,2018-08-13 17:08:33,2018-08-20,2086099057e5976dfba3aad20713eac0,2018-08-01
fbd4422ecc2ad73dceb31e63c4b9a6e7,2d80f8e08f20e6969a874dc97b85df6a,delivered,2017-11-24 15:20:28,2017-11-25 04:15:07,2017-11-27 20:28:39,2017-12-05 20:42:34,2017-12-18,7df52bd3d822e203bd75224ed8d69e0c,2017-11-24
2eb223bca7f1fae261d99669d7e8b20d,a77fbe2826d37bc0d1c1965291a08956,delivered,2017-08-07 13:39:33,2017-08-07 13:50:20,2017-08-09 19:08:12,2017-08-14 17:22:59,2017-08-18,e8642823d86fdb537514407411c2b8cc,2017-08-07
3d7f13cbce981bf24fdb6f18dc1f174d,dcf43e1fa6f118059382349530ff731d,delivered,2017-05-07 18:42:26,2017-05-07 18:55:07,2017-05-10 09:54:40,2017-05-18 08:22:18,2017-06-05,1f0b4387cd8d90b3ede42b9b1440563b,2017-05-07
946d4f5359317f054ef617725b284cc3,86e4a908b85e47a6297573035876edca,delivered,2018-08-15 12:24:47,2018-08-15 12:44:20,2018-08-21 15:02:00,2018-08-27 12:53:00,2018-09-06,fa77a0181f9c9f221d29ca8c9eb66751,2018-08-15
1a7b699187ad9cdb9d6dcf647450b861,ad57c591a1166a90a0b6758357f14620,delivered,2017-11-22 18:38:11,2017-11-22 18:49:01,2017-11-23 21:44:58,2017-11-27 19:46:40,2017-12-08,5aaf262ad05b99746ecedaa1efbbfc3e,2017-11-22
77080543f51349f692202d57d1ce4b99,038928d37194ccb2082dc43c08bd9e0b,delivered,2018-05-06 22:00:03,2018-05-07 10:15:29,2018-05-14 09:30:00,2018-05-18 17:12:45,2018-06-08,979c81db07ffda5f1bc76cbe35427d5c,2018-05-06
fe1e2671bc0399317906b86ef1c12593,abd9b93b524054b9e2208a991e7b995e,delivered,2018-07-26 13:29:49,2018-07-26 13:45:12,2018-07-27 14:42:00,2018-07-30 13:42:20,2018-08-08,177862fb87d1e3171a5948b326da8928,2018-07-26
c982c1af10010b2f227a2ceb69a994fa,85bf95921f6be99d9150d84ddb935480,delivered,2018-02-19 16:48:57,2018-02-19 17:50:26,2018-02-22 15:07:34,2018-03-19 20:08:44,2018-03-14,605fb104962a07abe01df2222be4c35c,2018-02-19
c6375a52330f2050e91fdca954b2e817,91e4bbdd2efe36c6411589f946d91883,delivered,2017-05-07 19:31:24,2017-05-07 19:42:12,2017-05-09 15:24:56,2017-05-16 10:43:29,2017-06-09,965b317b814b53797056410d4a3058d9,2017-05-07
ff89ef7b3952bba5ac06d61c4a79ffbe,1815fdaaae692479110428598596b5e5,delivered,2018-02-27 18:36:39,2018-02-27 18:50:29,2018-03-01 01:11:25,2018-03-13 23:44:26,2018-03-19,3e43e6105506432c953e165fb2acf44c,2018-02-27
e0e47c0af7044370987d4b95028d9f53,7b3a57af9e55f703c350ef50cd409dd1,delivered,2017-10-25 17:58:31,2017-10-25 18:14:15,2017-10-27 17:04:05,2017-11-11 19:14:33,2017-11-28,e3a625b82df7871626e7d24f2d674240,2017-10-25
7ae485d40dde266f84845e1f34d74753,9a539f635a05b1a1ebc1a5c5c3f85bdb,delivered,2017-07-20 22:18:41,2017-07-20 22:30:19,2017-07-25 19:39:26,2017-07-26 16:13:22,2017-08-07,ff73dbd0440a0f1fac45e49efd6398b4,2017-07-20
9f998c349e0b18e16fd662653297b4da,f49349e32adfe9a9a41a136aabe1c8c3,delivered,2017-09-22 10:13:39,2017-09-22 10:30:09,2017-09-27 00:19:51,2017-09-27 14:22:00,2017-10-13,8bab37f6149712dabe90098f1645d727,2017-09-22
cd5c3847a5c93d505f96c0ffca7f3a24,28d0de17637cefa3a21e6d1cfdbcd749,delivered,2017-10-23 09:41:02,2017-10-23 09:56:09,2017-10-25 17:03:26,2017-10-31 22:12:24,2017-11-16,3e92280b47fd6f2c3f3b59bd2375260c,2017-10-23
053424c24c059910d1e31829dddcd4d9,7a73b87a6eb83ca9c6e2e8c0b2f03161,delivered,2018-07-06 12:39:04,2018-07-06 12:51:11,2018-07-09 08:10:00,2018-07-12 17:03:33,2018-07-31,a07f7372e1203d22498f4bc52b870e42,2018-07-06
ef18e24fd3d9f1aee48d85eb83bb7425,c43eafa976319b5043beee54b6b82749,delivered,2017-12-10 19:09:18,2017-12-10 19:30:36,2017-12-13 21:13:59,2018-01-05 23:33:23,2018-01-05,67b8641b608c7f0b17bb555778f0e32f,2017-12-10
cfeaf2d533a561edf1924cce57d35cfd,9f8e4ecccb611b74938b089f0c883c00,delivered,2017-10-15 22:48:29,2017-10-15 22:56:25,2017-10-17 22:30:20,2017-10-27 20:37:59,2017-11-10,c54debc112e0d8da761553aa45e464ed,2017-10-15
323bbdc2ccee2a7f26f2a66fca94e58b,cd77227a76d55b1ebf747cec45ff8b34,delivered,2017-10-03 17:48:50,2017-10-04 03:04:04,2017-10-05 20:12:24,2017-10-06 20:33:29,2017-10-19,2cc21e396d4d9768018db92b43ba7a4a,2017-10-03
1aa297bbbaf5713012d3a1431645b2b4,baaf1a11dbfaa1f27b2a6560f67f1eba,delivered,2018-05-03 21:16:34,2018-05-04 21:10:20,2018-05-08 14:34:00,2018-05-15 00:20:52,2018-05-28,f8d1720cca57b3c6961eb25114347ade,2018-05-03
37cd892c7a6275aecbe6dfdcee8de6b7,13fcb2215be199ed296dd6816ca6d393,delivered,2018-05-11 06:35:30,2018-05-11 06:56:55,2018-05-15 14:02:00,2018-05-21 22:06:37,2018-06-01,c031ab1e08405306c145495528df30d8,2018-05-11
24fb043e826beb6ce5d4a5ea240856ad,a3502c387a6cf46d0848722a55e9c143,delivered,2018-01-08 12:02:02,2018-01-08 12:11:31,2018-01-11 21:17:08,2018-01-23 20:46:36,2018-01-31,ae2638f4fef337c049f7bd3cb0d5ddcf,2018-01-08
fc00f81a771664dd85e2ed1bf9e0db82,3572866ed4fa05df537a287421768f0f,delivered,2018-04-18 19:57:06,2018-04-18 20:10:01,2018-04-19 21:58:39,2018-04-26 12:28:55,2018-05-15,3de017aa02a52a900ff746659e9aae32,2018-04-18
9bdb93ca8e16e9436136b6ed68b6d507,728689370215790b03fc9d1a30ed3211,delivered,2017-12-12 20:22:41,2017-12-12 20:31:44,2017-12-13 18:59:31,2018-01-03 18:09:25,2018-01-08,185c8a91858f36fc2b5016a776d650c0,2017-12-12
acbe08c609ccb7901159882c5a558cfa,b216f3b6b774bc74b8d6977e73978582,delivered,2017-11-08 11:56:28,2017-11-08 12:11:02,2017-11-08 19:11:39,2017-11-09 15:51:13,2017-11-22,19078fff11340346a5660a1776473bb2,2017-11-08
31d78e2d1dd32ee5c8cb1330cc0b2669,89451b936585f8a3de582cf6e5a6e915,delivered,2018-05-10 16:39:57,2018-05-10 16:58:50,2018-05-11 13:28:00,2018-05-18 18:48:54,2018-05-30,3ebdb7b5d82a7d827b5cb655d34798de,2018-05-10
adf119c06ea77cd7d347b943780c37de,d78674e07c1599d4b14b0e623f5a981f,delivered,2018-06-10 21:51:36,2018-06-10 22:17:21,2018-06-21 08:25:00,2018-06-25 15:48:52,2018-07-16,906444ea56230f90c5886426dd54669a,2018-06-10
19c0bfcd4496e4f2c70c779226c8605b,089da4e76a40d4222c2797bb79c2988f,delivered,2018-05-24 10:11:14,2018-05-24 10:33:08,2018-05-24 12:02:00,2018-06-04 18:11:55,2018-06-19,5263247be265218671c9a7dc834fb48b,2018-05-24
fb69c7597d5c2d0f839030ab8618f54c,d5e2329a9bc571ad801acd9100c42ce6,delivered,2018-04-05 10:50:36,2018-04-05 11:08:11,2018-04-11 21:06:04,2018-04-25 18:34:36,2018-04-25,26d9c3ebd515f9db93f1f8cf8702c789,2018-04-05
2bc3d02aecb787b5e3272b681c0092e7,0ccf50bf1017b1678f3a155fe83dc634,delivered,2018-01-27 13:37:38,2018-01-27 13:56:25,2018-01-29 23:22:33,2018-02-19 21:51:12,2018-02-26,f70881da54ccd70530924c5ebe0ee450,2018-01-27
d433f15d756ab14939321574177af37f,49db40a65d22c7454da2face2fea96af,delivered,2017-11-10 09:22:13,2017-11-14 03:55:29,2017-11-14 18:25:07,2017-11-17 20:16:51,2017-11-27,227d3cf62eb665fa50126f71175cc50c,2017-11-10
96c51bb328e69e3f0fc0840d6de16c0f,abb72e4749cf2489c481d8f95bced786,delivered,2018-02-18 12:26:34,2018-02-18 13:26:56,2018-02-21 19:29:02,2018-03-13 01:28:48,2018-03-22,37cd1bc7af0645bc3799c8b1c398bb21,2018-02-18
d93a43bb061ed0512c59729ff759da67,ae6fd17e07123d99eba9f0a9f644bbd1,delivered,2018-01-10 12:19:47,2018-01-10 12:29:26,2018-01-11 14:30:42,2018-01-15 19:16:38,2018-01-31,e39d770b6d2aa1cebdde816e7978f518,2018-01-10
a8afb675f678a7b0b1733fa6c8d9c3e0,fabf03d488d52772b7aceadfcbcc853e,delivered,2017-05-24 09:44:14,2017-05-24 10:02:23,2017-05-26 16:03:59,2017-05-31 06:53:56,2017-06-16,584f08e130665e4767876b0459e75931,2017-05-24
dcfbe9e7ba8ef35633e74ef65bbcdb3e,fb624dbbcbe3fe2ff24d9363cadc66e7,delivered,2017-08-21 14:04:22,2017-08-24 08:03:50,2017-08-25 19:44:42,2017-09-05 23:04:06,2017-09-19,f8dab72a57dab60c54c463745c5782dc,2017-08-21
a3b5da7c8f8d9a1edf856dd01f9c91cb,d45d9822b7a7caa83d425d780535f084,delivered,2017-08-09 10:26:30,2017-08-09 10:44:01,2017-08-10 14:28:12,2017-08-11 17:45:02,2017-08-22,b2a9eda94208798a053e11dc3b9b4568,2017-08-09
793d5734dbcacd65ede9e18d93ff8c84,29945e69674077096f8273a6b18f16ae,delivered,2017-07-07 13:26:33,2017-07-08 03:30:13,2017-07-11 11:14:43,2017-07-17 16:17:38,2017-08-02,8fdf45741eca51d9b5d445bd3a5f1407,2017-07-07
b0a472e075b205f9598c0dfb2cf6ed97,19f49de4b64f3bce50c45d5d57124bc6,delivered,2017-12-08 15:31:36,2017-12-08 15:52:50,2017-12-12 18:36:56,2017-12-17 18:59:12,2018-01-03,37a9c67a0d6862d50ae7eec2ae9fa81b,2017-12-08
02a96427d96112413499795f52a9a4e8,8be8e4ee7186b2a8a787a41244afe1e0,delivered,2018-05-22 19:29:33,2018-05-22 23:17:46,2018-05-28 12:50:00,2018-06-01 20:38:39,2018-06-05,7888466065cae13f1dfeb73a53ec74b8,2018-05-22
1c2c24a58f6335fa1dbda79cf2ebff74,e1c2ebbc896c6fa0272673149107e327,unavailable,2017-08-17 21:54:26,2017-08-17 22:50:19,,,2017-09-05,118b8a381114628bc28dafeb608aa9fd,2017-08-17
abc9c2786dc2f953a2ca3f812ab0c89f,3cf477126a8dd7140cba273f6f65e61b,delivered,2018-06-11 07:14:41,2018-06-11 07:36:56,2018-06-11 12:08:00,2018-06-18 22:52:05,2018-07-04,01bf812bfa21271c91dbd9bcb9fb055a,2018-06-11
19225676ff2a0f88c9d5b21fbe69494e,75aa63f557126fb8f7fbe7bdf01e6fc8,delivered,2017-09-25 14:36:45,2017-09-25 15:06:22,2017-09-26 13:37:37,2017-10-06 18:33:54,2017-10-19,9af2c271654a36a48beefe342ba6208a,2017-09-25
7a255b67322e2c359d3ed389b9f4695c,796c10db6734ca715a9f5b72f776337b,delivered,2018-04-26 00:24:15,2018-04-26 00:35:21,2018-04-30 14:07:00,2018-05-25 18:56:24,2018-05-29,51ee0156ab8a559f992eb7308f0063e7,2018-04-26
27dfcb9f2c90418ba2ab5c39f140198d,75d102f790235016643024b79bcab5c7,delivered,2018-04-10 14:20:29,2018-04-10 14:30:22,2018-04-11 13:59:36,2018-04-24 21:20:35,2018-05-18,210dfbe024e41d871a3957881110ef81,2018-04-10
cd9aa6fcc68d8352f12d7ca709c294f5,8a019cbc93b5aaf2cd852bd7a93fb7f9,delivered,2018-07-17 08:39:37,2018-07-17 08:50:14,2018-07-17 11:18:00,2018-07-20 23:27:33,2018-08-07,9cc73b2f1f13d58e4e11389fde3e2402,2018-07-17
baa6a79da6b02b2a756bafd22ca73636,8f28dc381b5a73cd37a5c0a11482824f,delivered,2017-07-09 23:17:54,2017-07-09 23:30:13,2017-07-10 17:59:56,2017-07-12 00:34:11,2017-07-21,11c8f55ff5c36c2703e7228d093adb53,2017-07-09
880e262ca224fc654e306f76653f4d25,4e46d204fdc870530157b2c4923e3312,delivered,2018-08-03 09:54:52,2018-08-03 10:24:00,2018-08-03 15:08:00,2018-08-10 17:57:49,2018-08-16,5b330dc133af4fb8bd0a89521d54bf87,2018-08-03
a26e7f9e837757064a8149ad2b918f92,0d18bde637dacc08f6b057e4738260ca,delivered,2017-02-20 22:26:06,2017-02-22 03:10:18,2017-02-22 15:42:26,2017-03-01 15:19:02,2017-03-23,f703d3dedc4e095f2e3616f5e33b1467,2017-02-20
1cff0fb86f1f68d69f65f7a9746f2096,5f001bd9abc7f01ea36f2dd6f73bb6fe,delivered,2017-12-05 01:53:56,2017-12-06 02:50:22,2017-12-18 16:29:52,2018-01-05 21:43:31,2018-01-16,1c86a204f6744a1ed1bf5717f90b3378,2017-12-05
49626271ea0fa255a99b34978f50ae68,def4d98085d84e247e9d57847e3b1423,delivered,2018-08-25 20:27:21,2018-08-25 20:35:17,2018-08-27 15:02:00,2018-08-29 17:58:32,2018-09-05,9d0916a1531763d191def969d6ad3d08,2018-08-25
5d472ca2aec9170cb16cd9f094ef8a85,d1b41dd641373df00470ed35022f15bd,delivered,2017-06-19 20:37:05,2017-06-20 10:31:57,2017-06-21 08:07:50,2017-06-29 14:24:37,2017-07-12,b540762594751cf6c1841aa8788c364b,2017-06-19
133a123493a55f389917093bd41fb184,d35a891df4b2a8cca3a334a3435ecaa5,delivered,2018-08-23 13:23:25,2018-08-23 13:35:20,2018-08-24 12:56:00,2018-08-29 21:33:48,2018-08-28,23d9d9b79db36044970fbba2b6a6236f,2018-08-23
0a3d9f14b1781670b56b1832ba291095,6370f296922c213b9d42cc710167c263,delivered,2018-07-24 16:51:40,2018-07-26 05:35:13,2018-07-26 15:40:00,2018-08-02 18:17:42,2018-08-16,d62379e90c47d0e7e4629f4094140a43,2018-07-24
9579eb9e9bead64bf62f5167da64fab2,550e1de146d423405c66111ff410936f,delivered,2018-01-15 00:25:08,2018-01-16 07:10:31,2018-01-30 19:34:42,2018-02-14 20:17:14,2018-03-12,e18cd71e54e44b7cedb7991214b691a5,2018-01-15
baceff219fc0248362312e53ade80ec3,a9eac7ee0a9931e4d6bb879aa80a60c8,delivered,2017-07-13 12:39:36,2017-07-14 02:25:30,2017-07-14 16:45:47,2017-07-26 00:49:34,2017-08-07,d0584de8593b891597001bc0d5003632,2017-07-13
331ec8fd37b237cfe255176db487a755,3a4f2ca546552859fbee998bc87240b4,delivered,2017-10-31 18:57:56,2017-10-31 19:34:38,2017-11-01 18:42:49,2017-11-06 14:07:38,2017-11-10,e890dd153c9d49c005865ccbeba8979e,2017-10-31
28d6266168cfd43a9f7d1f2f2f07f54a,346cf831cf5480e8955e249de733c9e9,delivered,2017-05-10 15:34:32,2017-05-10 15:45:11,2017-05-16 08:17:45,2017-05-19 10:32:40,2017-05-26,c782304d24ba15ab653d383cffe41462,2017-05-10
a2dd49b6ff8f34233706aa765cc0607f,0ede48c1214613c473e7a21763551999,delivered,2018-08-07 19:38:18,2018-08-07 19:50:19,2018-08-08 14:44:00,2018-08-10 20:52:24,2018-08-27,0fda232ffd1431cec527adf5890c7ffb,2018-08-07
78018da6cd678e170c59e759cfb4d754,d33c3532d272d4378f30c87b5dd83a03,shipped,2017-04-17 10:58:51,2017-04-17 11:10:13,2017-04-18 14:51:36,,2017-05-19,51bd0e3271041bb294410f38f9643446,2017-04-17
a5ab32d92df4aa22033de78a4c20dedb,db3d228e48b195e4ecb9622a0b0e7807,delivered,2017-12-27 13:00:00,2017-12-28 02:35:50,2018-01-02 19:09:26,2018-01-12 20:48:49,2018-01-29,b6720c884c4f70869b4536cad535a264,2017-12-27
973ca2839f11804b5118ce7368f188a3,0b4871c8b01354102ca66dbf3bb8fa62,delivered,2018-03-11 20:38:37,2018-03-11 20:50:22,2018-03-13 02:02:25,2018-04-11 12:02:50,2018-04-09,83967b7b673d7b8944288fd0fbb2e811,2018-03-11
bc6e05c3335f87caadbcd6c80de46ad2,05e54a5f9eb2f443192d44067147a451,delivered,2018-04-04 01:24:09,2018-04-06 15:09:44,2018-04-10 21:41:31,2018-04-27 21:12:42,2018-05-09,89d481231e8b8bb6e22dcb28d19e5378,2018-04-04
bb0254422b24df86bddb238203a16aa4,360c6d74bfa06f876676a09b73bdc9d8,delivered,2018-03-11 21:46:07,2018-03-11 22:40:25,2018-03-13 01:38:44,2018-04-12 17:50:29,2018-04-04,d2b34b22fcecb12fdfdc1c9001326e31,2018-03-11
62505127063f51deaf665f237ee748c2,d4e8465cf3a673f5c029f0dcc426011e,delivered,2017-11-28 13:09:25,2017-11-30 13:31:18,2017-11-30 20:44:34,2017-12-09 01:57:21,2017-12-21,43a23c7ddd875d2afb55150f5af2b2fb,2017-11-28
85647e1ff3e4b10814f375af01c38836,e2c3928e4799b07c3d5ca6fb95ce2cc9,delivered,2017-11-17 21:14:32,2017-11-17 22:00:27,2017-11-21 21:41:33,2017-12-05 18:09:14,2017-12-12,f2b01ffdd71554a905eea4ea1243a32f,2017-11-17
23c8038b81572fc7faf9c13e6c82e043,ede0405d4a691c6d3efc44523518a787,delivered,2018-01-18 12:52:45,2018-01-18 13:13:00,2018-01-19 22:28:44,2018-01-24 12:19:06,2018-02-02,72cf567ce06fef463bd3f42b44a8c825,2018-01-18
5b3bc5b8d24159d46b9d4a9ff4383f8f,af006f83373d2d370129421a634263db,delivered,2018-03-03 13:09:09,2018-03-03 13:28:29,2018-03-05 18:57:58,2018-04-03 01:28:49,2018-03-22,b7434dbb955c7035be1c0e15ee5ce548,2018-03-03
50ec02cdd09a0a80fbb65a1505eed464,4d56e224cc6d838eef5727af0298d4a1,delivered,2018-03-01 13:04:09,2018-03-01 13:15:29,2018-03-02 00:16:56,2018-03-06 16:33:27,2018-03-15,f243eed691a2628733a8f9d2ddd1d4bb,2018-03-01
8309d4331303ee734179e1c7da304fe8,254746cd0489a49558516e8743da043b,delivered,2018-05-03 14:31:45,2018-05-03 14:54:49,2018-05-04 14:40:00,2018-05-23 19:50:34,2018-06-13,4b4ea88a5cd986f88910d2de8725f2cb,2018-05-03
04105b54650921ca3246f52e6f175f46,5e67c2816f006a8ef69b3e9c8a5fab8f,delivered,2018-04-23 09:07:38,2018-04-24 17:13:18,2018-04-24 22:08:40,2018-05-10 00:36:31,2018-05-22,fcfbf5e1af0aca3119296ab84a4096a9,2018-04-23
30135390209cdfedeb251c27001c63e1,d6f50e407023b87c16dabd4972b26ff9,delivered,2018-01-18 12:48:10,2018-01-19 19:49:46,2018-01-23 21:33:45,2018-02-05 21:49:01,2018-02-16,e94ee7db9f05d0ddfd629d6deaa027b6,2018-01-18
3b9e35c74ea3d790373a88640019ed9b,91374c86e48cc333e688a7e10a6399d0,delivered,2017-10-29 14:53:22,2017-10-29 15:10:39,2017-10-31 18:25:51,2017-11-09 22:22:10,2017-11-27,0658b6e747d2f259680c42a9a7fe6849,2017-10-29
1aa41f17180cbb20e6059e9f21717707,6d82091ecad0c0c4848d8e1066550f20,delivered,2017-08-21 14:06:07,2017-08-21 14:24:48,2017-08-24 15:33:29,2017-08-29 20:37:39,2017-09-11,0e66ad1da6a6382ac3915e1bd22bf096,2017-08-21
4a84096c064c8cd3d887cf815a923c06,7ea5e0cf1199c4e783c8989bd28f9561,delivered,2017-10-27 17:45:38,2017-10-28 03:07:25,2017-10-30 18:47:27,2017-11-01 20:03:51,2017-11-16,fc298be014ce873fbaeca6a82d01635a,2017-10-27
ceea3b56a13c40b2f0186e69472ac7cf,7cdfbe7202481c56a694a46f536baffb,delivered,2017-12-12 12:11:59,2017-12-12 12:19:30,2017-12-13 17:43:35,2017-12-18 19:38:34,2017-12-29,cb5d14426ba66f929f72e01bb92fc3cf,2017-12-12
7cb72e0bbd081c1483fb0b200266b7d3,010be179fab38706ae5cf77170b038e3,delivered,2018-03-07 16:44:38,2018-03-08 02:35:29,2018-03-12 21:29:26,2018-05-14 19:02:43,2018-04-04,5e7e0be1ac6b95219cd8a74b42881f19,2018-03-07
9ad8a5a07627839df5c41599153d02d7,9ca914c4150b88e8beb5e6b27107326e,delivered,2017-08-21 07:24:37,2017-08-22 07:25:20,2017-08-22 18:24:45,2017-09-06 12:10:29,2017-09-21,2a676b89e64d2a9f55b6e81190cd29f5,2017-08-21
a27eb404169bf0159dcee550b59b9d5e,517776a386c72774906153b1648f8689,delivered,2017-05-06 20:11:53,2017-05-06 20:22:17,2017-05-09 14:49:49,2017-05-12 19:06:03,2017-05-19,742638acfb3093408c9b1e10d88ff565,2017-05-06
17e8356af05cf890ac4604347b3c17a6,e6db53dc3619628a8e024f3e1f4abc86,delivered,2017-10-10 19:47:16,2017-10-10 19:56:18,2017-10-13 20:32:42,2017-10-19 22:32:48,2017-11-03,739209d88340a09d4f6d29cc809daa67,2017-10-10
a1b33721861b62138c1c0df2811607f0,8cc4b803d404274f768502b72dc31b1e,delivered,2018-01-14 20:20:19,2018-01-14 20:31:28,2018-01-18 16:07:32,2018-01-24 20:09:47,2018-02-06,ce128a731e25fed87a7ace92333b142f,2018-01-14
329c5c3b5a57c04d68cda99d7f94403e,df8127289fba9af36ada908b0a42b538,delivered,2018-08-19 21:34:59,2018-08-20 13:30:43,2018-08-21 06:47:00,2018-08-28 18:03:37,2018-09-06,e7092fa42929a17f78c5f5406c08e215,2018-08-19
efd36975d7d35f5e51dc4e13aabc0f2d,7deaed5d5dd5d3fa73d31d370ea7b0e8,delivered,2018-05-03 19:53:54,2018-05-05 03:33:43,2018-05-08 12:54:00,2018-05-15 21:07:48,2018-06-01,7b9b082ceaa61d7bc565cdad86597669,2018-05-03
cb34150c7912c6a848be6a756d4e97b3,048c357b7c10797e94b41047a42c351b,shipped,2018-03-13 11:52:46,2018-03-13 12:08:19,2018-03-13 21:38:52,,2018-04-30,221ae88140600106a982acb69a0add50,2018-03-13
83d0857ac987879b479b12fda691870d,6cf3dcc83e30efed63a32669fcb739d0,delivered,2017-12-05 14:29:58,2017-12-05 15:21:23,2017-12-11 19:49:00,2017-12-28 21:17:20,2017-12-28,68ed490894d7fd08e4dee56bb7cb44c3,2017-12-05
152743f188270e1ffdf65348aa6f205c,d6678cfdf99c8eb852f224bf4b28e686,delivered,2017-08-24 14:25:27,2017-08-26 02:15:49,2017-08-28 13:17:34,2017-09-05 21:24:41,2017-09-26,957bf068749b802595d8b336214f7ca2,2017-08-24
ecfafbdac2fa97abd625bb499d83c50a,756432ba64479395ba75780b3e231702,delivered,2018-03-03 18:02:38,2018-03-03 18:30:45,2018-03-07 18:25:48,2018-03-12 16:33:43,2018-04-02,a30986dc6e9c8ee885a5ea822228e919,2018-03-03
b3bab804c76ad164c8aba19684f85e38,b34ba4da8d7e038269da13c5acb0b2da,delivered,2017-12-28 13:10:02,2017-12-29 02:08:47,2018-01-02 21:43:17,2018-01-05 13:49:10,2018-01-17,d91a33d16eb51762c15ba0a16816b0cb,2017-12-28
db7f48023b3aaa3002217d55bf03ee3c,e34249c18eac0c768a80717775f43700,delivered,2018-01-20 14:54:38,2018-01-20 17:00:30,2018-01-23 19:18:49,2018-01-29 23:08:49,2018-02-15,326f90932ac2757f3bd15ab01a1af8b0,2018-01-20
47b057651b917dc455af22ed02390172,4116a6c38775c49a929f5c55f9cd37b2,delivered,2018-04-11 13:29:38,2018-04-11 13:50:30,2018-04-12 14:47:29,2018-04-23 18:48:46,2018-05-04,48d507ee019c7817799a9b5de4918d23,2018-04-11
0c139f0f63f0a404368637f931e98d01,80348ce139d0380cc6cdb14c2ac5cf3b,delivered,2017-04-16 20:05:15,2017-04-16 20:21:36,2017-04-18 15:55:07,2017-04-28 09:42:19,2017-05-22,b2b02a3da4c9e3cbc83700b0a482d130,2017-04-16
5aeed29ddb185bfbd86f0a2d8a11c5e1,29efc43396d02631ede837170d233980,delivered,2017-12-18 12:47:20,2017-12-18 13:33:32,2017-12-19 21:57:54,2017-12-26 16:24:19,2018-01-16,32d425a51b274a63141dcaf402bdff45,2017-12-18
a33704402f555e9de8c53d4a0046a656,3a167c7791d7780df7ebe9843dd1dd3c,delivered,2018-08-09 09:30:59,2018-08-09 09:45:01,2018-08-09 12:59:00,2018-08-13 20:02:37,2018-08-27,452cbe60d90609f553b9a2be5b3f69fe,2018-08-09
14e1335948fa1aacabaedacaf51d545c,573c3ef8dec9161a66be3d292ff9c5a9,delivered,2017-09-30 14:13:01,2017-09-30 14:24:40,2017-10-04 11:13:42,2017-10-11 19:47:47,2017-10-27,b893abab88bc63f4abf54a65064cedae,2017-09-30
158b852314d09859615960dedde796c3,1a8143e7bc6c680c81719b76eb8c79b0,delivered,2017-06-11 20:02:20,2017-06-13 05:05:12,2017-06-13 11:04:15,2017-06-17 11:19:51,2017-07-03,b3dc14fb76e3cd271c73ecfdf6b9fe1c,2017-06-11
a9d1aee0bde57de8dbdcb70f2dbc410d,70636d8d0bfc6027d3a728faae92991a,delivered,2017-06-02 18:58:32,2017-06-02 19:10:18,2017-06-05 13:03:54,2017-06-13 13:59:03,2017-06-26,c7d52e92398362c2a379a234e140a992,2017-06-02
89bb6370b8f4db5bb27df0ff6c20cec1,7f152281939e9bcf8dac90dac8375678,delivered,2017-11-19 13:23:01,2017-11-20 13:32:57,2017-11-21 21:46:50,2017-11-27 18:54:32,2017-12-07,2882091b19792ab7777ff9968afd970e,2017-11-19
9555e91e7977061b2d8bcc8820fc40c4,5f3b1c8a3fa2ba4c9f3da12e77d5846a,delivered,2017-07-23 11:51:48,2017-07-24 11:50:16,2017-08-07 22:53:36,2017-08-17 16:48:10,2017-08-30,664c69498d29121d41bec641740a6e6d,2017-07-23
113035b11296fba96615d97215b9e301,c76b3c74f7a361753f9b9cae17614acc,delivered,2018-01-08 14:23:44,2018-01-08 14:35:21,2018-01-12 22:49:02,2018-01-17 19:33:43,2018-01-31,d4a89ca3e6dd577dbb09c9cfef80a494,2018-01-08
cccf9681b96cdd1beb7f99ddf8b59b18,41d408dd2218c87553f684effcfd3af0,delivered,2017-10-02 12:46:03,2017-10-04 02:56:28,2017-10-06 18:35:58,2017-10-11 19:09:35,2017-10-26,88401c5299cfcca2dd4a25978d446311,2017-10-02
51bf8106a8d1c81d402b04fe983b9b0c,bdd3a5816bdefe796314c23a22f42f38,delivered,2017-11-03 15:38:59,2017-11-03 16:30:27,2017-11-06 22:54:37,2017-11-17 23:14:51,2017-12-04,5c60d93d30882cdd81708742077e214a,2017-11-03
ac56c167333aca5b20ab180d2f00079e,6da16227a15e57a2242748406e95844a,delivered,2017-09-14 00:48:49,2017-09-15 07:10:16,2017-09-18 16:15:41,2017-10-01 14:18:44,2017-10-04,af417df88fa589d65603e559ee80a22c,2017-09-14
14c7b3e2e0b5fd7ca0c342658c37347b,bbd6458d76d306118beeb01b39bb17a4,delivered,2018-02-28 13:25:38,2018-02-28 13:35:40,2018-03-02 22:38:45,2018-03-07 17:39:30,2018-03-20,333f5ee86f365383a2b6155132a4a0c5,2018-02-28
49f6f4d206c26f0d3ac78e343ac619d7,504c02c15eb920cfb1752ca9da131257,delivered,2017-05-09 21:18:52,2017-05-09 21:33:01,2017-05-15 10:37:47,2017-05-21 06:42:51,2017-06-02,9a550659c108d8c30a3a2604b193f625,2017-05-09
c097ba1708f952d3c081e4dc6b27148a,42fda2d2d454649d39e6ec5c00b4f1f4,delivered,2017-05-17 21:51:30,2017-05-17 22:05:18,2017-05-22 15:21:52,2017-05-28 04:28:52,2017-06-08,4e58455924b97da4c44477abb0b030a5,2017-05-17
0c29ee02f432c35cb24a70317de6457c,4fbb9513f4c8dc868e3b3626282897b1,delivered,2018-03-03 15:38:55,2018-03-03 15:50:25,2018-03-05 22:43:22,2018-04-16 18:36:31,2018-04-10,0a6d75a522ec78c05b429c2e2abddc72,2018-03-03
7b2980930a29eada8d40bdc3932a7257,030257ba7c48ae61d88268f4c4abe59b,delivered,2017-11-23 23:41:38,2017-11-23 23:48:27,2017-11-24 22:03:49,2017-12-02 11:16:48,2017-12-19,b32bcb59268e3494d9b1295b47bb8df2,2017-11-23
725d5b45e6010a8d3da5106833e22bd0,343dab1ad2a9c810659ad6892e7e4158,delivered,2017-11-29 11:20:20,2017-11-29 11:37:51,2017-12-01 16:27:46,2018-01-24 01:27:36,2018-01-03,3fadefd1174756e2c337993b1c476e8d,2017-11-29
831952ca04d1d36924a04d74adf09a8f,04a7e8450417e9af0756e051e17e221e,delivered,2017-12-29 11:16:54,2017-12-29 11:27:35,2018-01-02 16:47:21,2018-01-10 23:04:19,2018-01-18,60ba6c553aff4ebee7abb97bab9fe91c,2017-12-29
421858efed531b7cdf327d05df89f0a7,ed38e5a89f0b8c15b0f2d245182bc967,delivered,2017-12-10 19:41:10,2017-12-10 19:52:29,2017-12-12 21:32:43,2017-12-13 19:17:25,2018-01-03,ba3ca06ea2014e7f64fbd412a7be6c07,2017-12-10
9bc4b2deaca0c4b762c45b03a70c030b,446a7b388b7e3c35ae59105a61876c33,delivered,2018-02-05 12:22:55,2018-02-05 12:30:25,2018-02-07 22:58:42,2018-02-19 19:42:19,2018-03-02,5e5023d36dd7ed1cff3481571bea4e30,2018-02-05
20ef4f721610e50167d484f950d19b77,45e50a6d3f743d175e0d778bb74e0c85,delivered,2017-04-03 16:13:01,2017-04-03 16:25:11,2017-04-04 10:43:17,2017-04-10 16:05:57,2017-04-24,69e1952fdbf5f5a17d0e3d2141c275ab,2017-04-03
d52a18d8c96fc34ed51cc6b9535e5964,27bfb516e603ffa4aac3d4db4c8c7442,delivered,2017-08-01 18:44:43,2017-08-02 02:50:50,2017-08-03 15:13:19,2017-08-04 17:07:47,2017-08-15,888e90e1ccb89eab92b0927fb06750f2,2017-08-01
bba30fab08220779d809343f597e9a46,3df902b907645c2fd5d4202cdaff0103,delivered,2018-08-17 02:52:51,2018-08-18 04:35:10,2018-08-21 12:55:00,2018-08-22 18:25:38,2018-08-24,31d4c58047d9ea1a3557b19685f1dc7d,2018-08-17
2c7f73bf1d90525ec774ff8806274d55,3724c2a26e137c48b8d5d08fe333f5c4,delivered,2018-05-17 14:22:43,2018-05-17 23:18:13,2018-05-18 15:22:00,2018-05-21 17:54:37,2018-05-30,22bd83fb23816db2bfa58db4952be636,2018-05-17
f8bbf6bc03d0fb7a5a78e3dadea9f278,0bba7338d5cd321c76f2b47afca91c9b,delivered,2018-03-16 16:04:30,2018-03-16 16:15:29,2018-03-20 22:38:47,2018-04-03 20:52:23,2018-04-09,30a81e307f19e822e7199139fe52b1b0,2018-03-16
57df8f4c76508fd7b520deeb75e2587b,04a698bb819b462b7034b7d12da719a2,delivered,2017-12-11 09:52:44,2017-12-11 10:11:07,2017-12-12 18:29:36,2017-12-19 01:34:57,2018-01-11,f3216277cf9743305e839e905320e653,2017-12-11
558a2813efccba296a15fdc10cd85acf,b7bc50c967953585ae858cacf52fe818,delivered,2018-03-27 14:24:21,2018-03-27 14:35:16,2018-03-28 21:04:55,2018-03-31 20:21:50,2018-04-09,e2124b32a48dba8b644f423532b8f33e,2018-03-27
8f3764cf2bebf60ed4e426faefff6ab1,25b34f846603b2a52b31e4c815c3418f,delivered,2018-07-25 14:07:57,2018-07-25 14:24:34,2018-07-25 17:46:00,2018-07-26 21:47:44,2018-08-02,fda46640aa22183c99fc99a3d22eef79,2018-07-25
c962c201a85de03ef0e3680ab20d2102,ffb0461e1e70c023890d66303b1d3d4b,delivered,2017-05-25 11:55:14,2017-05-25 12:12:06,2017-05-25 12:19:25,2017-06-02 15:13:58,2017-06-21,6c24363a631b5b08a9ece392fa118f97,2017-05-25
2f8542c0ec9dabf60950c6ae4403fdfe,49d3b17d6ed2aeeb41c2b07e3bf81d6b,delivered,2018-04-16 12:49:26,2018-04-16 14:32:55,2018-04-17 18:42:12,2018-04-24 18:08:54,2018-05-10,ce20ce7d7416b862ee2071535519b1fe,2018-04-16
6d5b02afa38b0682ac9c0ca1cc98b463,8f4b19080877a61bc541345f5dd24f4d,delivered,2018-08-18 20:16:45,2018-08-18 20:30:11,2018-08-20 13:03:00,2018-08-23 23:16:49,2018-08-31,54d2bd42904dd16e1c0486df0ce56854,2018-08-18
0784e3f6a8f38d4ce8ecbf36ddc57c78,e4ca6a6f6561a4ef17dc91951c2320e5,delivered,2018-01-11 10:56:40,2018-01-12 02:35:28,2018-01-15 15:12:16,2018-01-22 18:59:32,2018-02-06,9f69b9a6fe4b7755f53441a65b766124,2018-01-11
c1377e7b1831c006b3739d06c303ea69,661a16885133c408f70a39abb26123f4,delivered,2018-04-21 22:27:34,2018-04-24 19:18:16,2018-04-23 19:11:08,2018-04-27 21:12:21,2018-05-17,d3221bfeac032294b059edb05090bafb,2018-04-21
17fa7da2f2250f22adb5ca2578972618,050a20d417ba3e1143e75ff878afbe9d,delivered,2017-07-01 20:12:31,2017-07-02 20:15:15,2017-07-10 18:28:53,2017-07-14 19:32:17,2017-08-15,2cafc13ea55ac44b4288351bc60b861f,2017-07-01
0608991422469365a7b98644f2456aed,440d57c9bd11aff852a2587df6059026,delivered,2017-02-05 15:53:52,2017-02-06 16:02:20,2017-02-07 08:21:27,2017-02-23 16:53:40,2017-03-09,fcb4427466abb290f1960f9309abf0b9,2017-02-05
8f79a0d3f0989f318565ef2aa28577fb,a734d78c8594ace88881fa8021d394ce,delivered,2018-05-11 15:22:12,2018-05-11 15:38:06,2018-05-14 16:05:00,2018-05-23 01:28:18,2018-06-11,503334592587520eb551400fcc048804,2018-05-11
429d5f4eb3474a4b3e21cc1129787f74,2d5c589cb3b6d04dcaff177fb7013097,delivered,2018-07-07 19:30:58,2018-07-08 19:25:13,2018-07-10 11:36:00,2018-07-23 16:26:33,2018-08-07,b5f6f39496037ce658f6264d63ca3c9d,2018-07-07
9b95554e4a79777fcb0168932c4a9522,84cf1452a953df8b88613e6faab1b40b,unavailable,2017-03-24 15:27:47,2017-03-25 06:42:54,,,2017-05-04,b533e550675cfa12227a15e554a33714,2017-03-24
6fa3706fe8cb643a03e2c14e2ecd8799,6f14f695ca74216d7fde73802de93bdd,delivered,2017-06-24 20:47:15,2017-06-24 21:02:44,2017-06-26 13:52:28,2017-07-11 12:52:03,2017-07-20,fb1e7fa3fb11059dc34a2368ce867219,2017-06-24
11f0f637c5a38b66abd963cc1926f152,e5473b64d1c3e774872b61231bbab4cc,delivered,2017-06-09 08:09:53,2017-06-10 02:55:40,2017-06-12 15:50:44,2017-06-26 16:14:53,2017-07-12,91def939002d33dcbf6a038b5c879f7b,2017-06-09
7f7459900662af489ef7c24c730e4dde,68410f868b56146af2fe202cb48d29a6,delivered,2017-03-07 17:14:39,2017-03-07 17:25:19,2017-03-14 07:53:59,2017-03-29 09:32:29,2017-03-28,6f0951d261fc405f12caba921e175169,2017-03-07
531ddb8d1f19f42dd24070ea9eb48017,8e601a5bc7400238e02a0f077f1db7a3,delivered,2018-01-29 15:37:36,2018-01-30 05:31:32,2018-02-01 16:42:49,2018-02-17 21:55:01,2018-02-20,f71503b19a02ef1317e64168bd541587,2018-01-29
6567e0ba7d75594aacbf2ae3bc9a52b4,0952956c78aba45f953cf2b24cedca84,delivered,2018-08-01 21:00:28,2018-08-02 21:05:14,2018-08-08 14:42:00,2018-08-14 18:54:47,2018-09-06,7e222c2054b16d50c5c2e746d14dc313,2018-08-01
ab85b4f1004139c85b34c049131c8030,e8e810a3ec8dab981ac0cad1fb00312a,delivered,2018-06-21 22:17:00,2018-06-21 22:38:28,2018-06-25 12:44:00,2018-06-26 17:36:34,2018-07-11,b9fba7ed7a4f5761ffd6c407ad764503,2018-06-21
6810c2b3b3587a83d4af69dcb68295f9,b44a611059f1fdd8ddcdaea0b3f2483e,delivered,2018-04-09 20:52:13,2018-04-10 20:51:32,2018-04-11 17:58:49,2018-04-26 16:38:48,2018-05-04,a7ca51c5d161c34444a45ff503b78b0c,2018-04-09
a996de878f5347137d45b75fa47cd312,5ecd4252260c930abd92dd897e170c1d,delivered,2017-09-06 23:15:26,2017-09-06 23:30:20,2017-09-12 13:42:41,2017-09-25 17:07:37,2017-10-03,c25069055b2ff032732729e627949e2e,2017-09-06
143c703ed417ebaa64077dcdc2c820a9,2741ad6328c6501b09950d15a0590167,delivered,2017-03-27 17:11:10,2017-03-27 17:25:14,2017-03-28 11:07:06,2017-03-31 17:52:38,2017-04-24,8d0aa41a0ddce9ae41c9c6e27c549761,2017-03-27
fbbd2baf2d839f10d73c99b4642ce46b,d6e5282ef68aa9ed7c6d9f38731872ff,delivered,2018-03-24 01:41:40,2018-03-25 01:35:29,2018-03-28 00:11:16,2018-04-12 21:42:39,2018-04-17,f5d32f2ee3d4caec1870de481c276bd8,2018-03-24
36fa9568947553fb83c9ad0726737a12,d7b16f675202548a1bb0ec5715f2c175,delivered,2018-07-03 18:14:00,2018-07-05 16:32:54,2018-07-04 14:48:00,2018-07-10 22:51:14,2018-08-03,0ccbb3ae5899b634df395e21ea441cfb,2018-07-03
ed0bd11dccfe74e31019ba133badf088,45537bfbebb450f1f4b50fee812ecec4,delivered,2017-03-03 19:26:52,2017-03-03 19:43:09,2017-03-07 13:44:43,2017-03-22 17:22:38,2017-03-24,f6b6565ba9f6387fb0a46b9d30740488,2017-03-03
392ddca7a63143f9ec76350a09e0e138,31e9bda36abd6db8b6a60b90dc9099a7,delivered,2018-03-13 19:12:17,2018-03-13 20:00:21,2018-03-14 19:29:28,2018-04-29 13:28:49,2018-04-04,85a2892a008e5ea997980eee8c88ef81,2018-03-13
867b39e996af1e8e8a013206d83c98a4,3291b733686f451af69be3f5f0add95b,delivered,2017-11-27 21:54:47,2017-11-27 22:17:43,2017-12-08 21:48:25,2018-01-07 14:59:13,2017-12-28,a05d9ce9dbfcbf2169c538b0605d4adc,2017-11-27
65d1e226dfaeb8cdc42f665422522d14,70fc57eeae292675927697fe03ad3ff5,canceled,2016-10-03 21:01:41,2016-10-04 10:18:57,2016-10-25 12:14:28,2016-11-08 10:58:34,2016-11-25,b8b8726af116a5cfb35b0315ecef9172,2016-10-03
1dd524259037e53865e1fbee3697183b,1a13719d21dafc59a8a17846e0172f0f,delivered,2017-06-16 15:19:13,2017-06-16 15:30:33,2017-06-16 16:01:52,2017-06-23 11:48:38,2017-07-11,21847820266c73e9c86cbb702e2ee3f2,2017-06-16
1dd4114d014ff38caa0b9a94b9461c37,4d75781679d538efcb4b945109f9ca68,delivered,2018-01-26 11:57:13,2018-01-26 12:21:34,2018-01-30 13:38:22,2018-01-31 19:37:49,2018-02-09,d803323d3dde8daf19d21d68536639ad,2018-01-26
9ee843f1dbc9e086243f0d789e7abaf0,082cb0834331ede282c6d4c25e409afb,delivered,2017-12-02 22:06:20,2017-12-02 22:16:35,2017-12-04 18:21:59,2017-12-05 16:37:15,2017-12-20,788d347fb5b1638f85f5d3fc36db4743,2017-12-02
78b705f0cc3c972f50aa93342f6797b0,9cc3fbd80c22513246da97768a1a6d27,delivered,2017-04-28 18:18:53,2017-04-28 18:25:35,2017-05-03 09:13:44,2017-05-06 09:51:16,2017-05-22,f1e4b8a0230391835de08267a0fecdf8,2017-04-28
bd980aa838a928b56ab1e0a2bf4d7706,d407879de49d6ec3fd2d9e50b7419ce4,delivered,2018-04-29 23:33:31,2018-05-01 05:15:16,2018-05-03 10:06:00,2018-05-11 20:18:31,2018-05-24,1540e8dc0dea37ea07ce8dba16b647f1,2018-04-29
4d9029f2c1721a0d915d363ef3473499,6e498327113595d732931d56b625c876,delivered,2018-04-03 16:41:19,2018-04-03 17:28:49,2018-04-04 20:34:55,2018-04-09 19:38:46,2018-04-20,9d88711d0c900cf7f19be273c27a4368,2018-04-03
2d858f451373b04fb5c984a1cc2defaf,e08caf668d499a6d643dafd7c5cc498a,delivered,2017-05-25 23:22:43,2017-05-25 23:30:16,,,2017-06-23,d77cf4be2654aa70ef150f8bfec076a6,2017-05-25
6fc43344397e467b002e0255391ffc12,bd394e7a5c0a3aa178be002bec55877c,delivered,2018-03-05 15:22:00,2018-03-05 15:35:36,2018-03-08 01:38:35,2018-04-03 19:30:50,2018-03-23,21b318668bb97ce15c5bb21e0275060f,2018-03-05
33ba4f801135f88f6836ade6260d0623,c1bce0aa640fafe73edf9900e0084566,delivered,2017-10-17 15:46:51,2017-10-17 16:06:47,2017-10-18 12:58:17,2017-10-25 13:59:16,2017-11-03,7c4a668e8b4919db9a4bd8d1f125dd55,2017-10-17
41e12d2c0b4b336d20ccb6d37cffdb17,f0b595a446e1c9dcfe68e3cd35d7d380,delivered,2018-06-20 15:26:42,2018-06-20 16:01:13,2018-06-21 14:37:00,2018-06-28 23:40:41,2018-07-24,da9e0576ca0ecbb67dc3778628481caa,2018-06-20
678563117c6bcedcb0f9d98e8f3faf23,6ea6599690fba2aad65f1ac0433a3af2,delivered,2017-05-17 17:13:08,2017-05-17 17:25:16,2017-05-18 09:48:03,2017-05-20 13:27:57,2017-05-30,b2a8277624dd3a5048145024016f980f,2017-05-17
0aec9f1ca543dc390eb38620dc9c6429,418f28c581e2a65c5fb7e55a7f83a412,delivered,2017-11-26 16:40:24,2017-11-26 16:52:32,2017-11-27 19:13:22,2017-12-08 00:58:45,2017-12-20,7aee48472435ad88ee58f085a8c900ac,2017-11-26
ff1a118ab3b997d4c3f8ffad8e6734b8,2e784ffd9a6730c4637b4d1f088f9172,delivered,2017-06-15 09:34:03,2017-06-15 09:45:16,2017-06-16 14:09:41,2017-07-05 14:17:46,2017-07-10,1e83e3a6c96814b83159fc4bfd467c9f,2017-06-15
16198b0458c017eedf2e4c11092a08ea,d78a968b728226fe88a8a6bf803e56c8,delivered,2017-09-19 08:40:50,2017-09-20 02:24:09,2017-09-20 22:22:25,2017-10-02 20:27:03,2017-10-06,6ecb4ff748c09778091d7cce6a1d2c0c,2017-09-19
e9f0f8f24251a03416e4e76735969db1,b5bbdc1fe9b6195c8521bb0e38fc7f22,delivered,2018-07-26 22:42:32,2018-07-26 22:55:06,2018-07-27 14:34:00,2018-07-30 19:22:01,2018-08-20,cbba8e1ccf512d5c1e3690667317dbf8,2018-07-26
e46c1a835d11d387ba01a130d8aa7c12,f93bc2741b9bdc89cfd6b672a956bf46,delivered,2017-02-07 21:56:36,2017-02-07 22:10:17,2017-02-08 05:21:59,2017-02-16 16:44:45,2017-03-20,03cfc5ba1ebd1689c93dadae87e1c150,2017-02-07
b045148b008764ce0e232a9345a65bf4,6d56ad9812301a8ddeec1e96bb714d2e,delivered,2018-03-09 08:24:59,2018-03-09 08:48:24,2018-03-14 04:51:32,2018-03-24 20:21:57,2018-03-27,d0e935b8b846764902437be74d4b1b8d,2018-03-09
8ef3801f58da6b652a3082e1fa5b6589,5133dfd79e71fc9244e60dde0bb6229a,delivered,2018-03-11 09:17:14,2018-03-11 10:09:05,2018-03-14 17:41:11,2018-03-19 17:06:45,2018-03-28,4b4c2d367706e25e519323e9d57271b6,2018-03-11
567d581c34bed9ac50925ac1dc53b0c5,473c6aed6147fc43db1b31710ba3431d,delivered,2018-01-04 15:39:07,2018-01-04 15:48:23,2018-01-08 18:37:43,2018-01-19 17:28:39,2018-02-05,01762637819e8e1cb4093ff1589b0f00,2018-01-04
5c2e21ced9a53930b7b52dc9efe8628b,f33b127cad2e1ad3d33db4df72ebd159,delivered,2017-11-24 13:10:02,2017-11-24 15:15:54,2017-11-30 05:28:30,2017-12-11 11:59:05,2017-12-28,03f3956529aac8ab54669986dbccdea5,2017-11-24
47e9777346f914fcce7e8d5a411ca60a,0b165e2187ea84f69dd139344260d974,delivered,2018-05-31 22:38:15,2018-05-31 22:50:29,2018-06-01 09:05:00,2018-06-09 18:46:36,2018-07-13,db342a4737f95bcf63ea219f3809a9c2,2018-05-31
a51be16dddb6847e5aaf13ac3c7cbf51,4caf6ed7e671e66c4ffe42501df7cf5e,delivered,2018-01-15 09:23:35,2018-01-15 09:34:16,2018-01-16 20:52:34,2018-01-31 17:51:42,2018-02-07,509543379a73a28f32b42c4a125aa048,2018-01-15
91244521aad278a4f697dfd15d31287b,6cc413455365a333fd164fb49c642740,delivered,2017-05-05 13:51:24,2017-05-05 14:02:32,2017-05-08 11:44:02,2017-05-15 12:47:36,2017-05-30,9e8a3319d6728117400c64ea9e7703cc,2017-05-05
d838f9be69c8307b383f766fb85ce761,ba6fd01891caf33ec537f8c4fa78a866,delivered,2018-03-22 11:50:55,2018-03-22 12:09:14,2018-03-28 23:56:34,2018-04-02 15:45:31,2018-04-11,b6f596427b4ad91452aaa3be77b5b025,2018-03-22
3d65556241877a60dc65971fca8367f3,bfabad729d61ff21af664ef0dcd242b5,delivered,2018-02-06 17:00:45,2018-02-06 17:15:28,2018-02-07 22:08:23,2018-02-22 21:00:08,2018-03-21,ad43ecbd66d693d746c2db35b2ec6d37,2018-02-06
8fb95e274c827ed766c4833f1376e400,13799ef7771b9d92547ba8973addc959,delivered,2018-08-06 12:58:28,2018-08-06 13:10:15,2018-08-07 08:26:00,2018-08-10 20:44:41,2018-08-22,c5f8ad9c7a984ed40bafe7cf3da28991,2018-08-06
073d1fe6e4e8956db691e04a1656ee9f,89d2aa071dbb29c337230bef92eab040,delivered,2017-09-20 14:44:41,2017-09-20 15:05:00,2017-09-21 18:44:50,2017-10-06 18:45:14,2017-10-18,afa0af01c923a0df289a64fe8b7dac05,2017-09-20
c9dacb231adb8fe3a8d4d452aa10bfe1,25c94fb991b323d4a3b9dbf96be0da22,delivered,2018-05-17 14:23:04,2018-05-18 04:36:10,2018-05-18 13:45:00,2018-06-13 22:12:13,2018-06-04,a7c98f33d93a8e87b22acefa7a6a55b6,2018-05-17
54652fe6ede11ad6bb14698156b3301d,6f1801be4cc2a6fe5aa24937d0934fb6,delivered,2018-01-25 14:55:45,2018-01-25 15:20:14,2018-01-26 13:59:07,2018-02-03 19:54:38,2018-02-20,daa45b7f25ea8c605437b139ba3870a7,2018-01-25
c350b8020e56f5b4d3438f5daaddef70,59ef0528630b5c33f350ece4c6367b30,delivered,2018-03-01 11:48:05,2018-03-01 11:55:34,2018-03-03 14:28:35,2018-03-15 21:04:46,2018-03-26,5d2dfd15300a557c1ddfad56a8460226,2018-03-01
677e38d339f46ff8cd648fa4ed787ab2,54438b94370217a9ec2bc0a5d8ad8871,delivered,2017-10-04 17:31:28,2017-10-04 17:49:52,2017-10-05 18:55:49,2017-10-11 21:13:10,2017-11-01,d233f180804b66001abae78d15d37d10,2017-10-04
22583f00089ad69e494a302349673c44,660591dd3599d7962b734b00628fb114,delivered,2018-06-09 22:43:02,2018-06-09 22:59:19,2018-06-11 08:57:00,2018-06-14 22:51:36,2018-06-28,a366793a4999f8cc135855c4dd347421,2018-06-09
1c7c193f372924a8ac49d0c9b7ea1cc5,441c50d242d7eaad63f715aff033c63f,delivered,2017-06-27 15:25:53,2017-06-27 15:43:59,2017-06-28 14:27:58,2017-07-05 16:07:46,2017-07-25,226d6a108a5708a953f3ecb068a3d67c,2017-06-27
6d05d2deb6a51438e65741cc19d715d8,aff6e8a1b38aa060cc8f8cffc39cc1b1,delivered,2018-07-03 08:31:02,2018-07-05 16:17:53,2018-07-13 15:40:00,2018-08-10 20:33:51,2018-08-02,8427e84eac335ecb26ca52ba132b54b6,2018-07-03
de890ca80410c861b4fc9d398bd4676c,a1c2217218bed2992309dd19fd67558b,delivered,2018-06-11 14:11:53,2018-06-13 02:32:33,2018-06-13 09:52:00,2018-06-21 11:12:17,2018-07-12,e39962b2d16ca946f8f93f405f5c47ea,2018-06-11
fbdf13b5cfcd66dc81e7fc629df1877e,cd299b4957202f88287b1ede2991cf5b,delivered,2018-02-27 11:45:25,2018-02-27 11:55:34,2018-02-27 22:49:01,2018-03-20 13:56:46,2018-03-27,06d9c4168f968c014683e935fc57e707,2018-02-27
82cb6c717dba0525c42ec35ab00e7f11,b66e89cdf91390434e02035aafcf4183,delivered,2018-02-28 11:19:54,2018-02-28 12:01:45,2018-03-02 00:08:56,2018-03-07 19:42:27,2018-03-21,8bd6718a652a1d6268f75df92b84e401,2018-02-28
b4cd9b81ddf6c61fd05d5e2cdecd4598,e31c5000fbee5b79061e5c07f848bfbe,delivered,2018-06-07 06:26:45,2018-06-07 06:54:16,2018-06-07 13:04:00,2018-06-11 21:03:43,2018-07-04,8664925ac4c650787892ff5eee0e92d1,2018-06-07
b02fefc3800702d58c988da39c132902,374d1a370cc4fc67244345f046bbdff6,delivered,2017-03-22 10:44:34,2017-03-22 10:44:34,2017-03-22 11:46:45,2017-03-29 10:21:33,2017-04-12,b4891a8e1c6726d478568eb2422dcce9,2017-03-22
1108314d5c8392f935550f4bb2ab3e34,ee2cebc250b18a20974644fa48589170,delivered,2018-08-14 14:16:22,2018-08-14 14:25:19,2018-08-17 08:40:00,2018-08-24 15:09:45,2018-08-28,2faae11836f6df6b07a67933950808c0,2018-08-14
5f6a08ae6b18361b3f12fcc746567974,3fc6fa5ea095f77094429649a0b5ff87,delivered,2017-06-29 12:46:53,2017-06-29 13:04:11,2017-07-13 20:08:03,2017-07-24 18:43:51,2017-07-31,e238cfb4f2a99a29c354412a782fd25e,2017-06-29
75c58a51f3b308f9044892ece0af9e7d,05057cba400d34f79cd8c0396f67647d,delivered,2018-02-21 13:51:14,2018-02-21 14:30:38,2018-02-23 17:28:55,2018-03-07 21:54:37,2018-03-19,43c5dfd2c6dfce702068cf1f2277ed95,2018-02-21
1cca16d3b88e1b2943ca5e33391782ac,a111130d854825238d604b8301e5886a,delivered,2018-04-15 11:41:47,2018-04-15 11:55:18,2018-04-26 13:08:00,2018-05-10 19:58:48,2018-05-17,71c53de9f8c6c2572a8308ed382774a4,2018-04-15
682c57bc2cd98a0a198ef4e82e7c806d,1b4855e0e8c7bcbe7235c4486514ea80,delivered,2017-03-08 09:41:50,2017-03-08 09:50:19,2017-03-10 07:43:56,2017-03-20 09:47:40,2017-03-27,7644e4a1248469c10e71a684d79c1742,2017-03-08
fce3db7092e1f432d0ec790414b6a5e4,32cec402b0fb8f9600fca3c9705f3adc,delivered,2018-05-31 12:33:37,2018-05-31 13:25:00,2018-06-01 14:41:00,2018-06-06 20:49:29,2018-06-28,b0544deca1ad01a5e0f71db95378697f,2018-05-31
1097d35f1e7f8972fb78c8a135090ca8,eac9c7f6f691a424305e7a98db80be34,delivered,2017-09-02 20:20:08,2017-09-05 04:35:58,2017-09-08 19:42:17,2017-09-12 19:27:56,2017-10-06,1e51a6a24372a8bedea3519f13f80e91,2017-09-02
0e2aae39225d075cc7fdfda12ef5434f,4a6bf8e14787e241f4d5dfad9a6dd6bf,delivered,2018-05-29 19:36:23,2018-05-29 19:55:59,2018-06-04 12:05:00,2018-06-12 18:14:43,2018-07-05,ef3aa901ca7f8bc099be6fd33f8daba6,2018-05-29
15835b4cf971838ce051b97200baa5ac,f0efcec882dd726dd5dca4d34d978001,invoiced,2018-06-12 13:26:14,2018-06-12 13:43:37,,,2018-06-21,ee9857ecb11a5e6d9816253601d28100,2018-06-12
6bea4b3d238b2f7104807ff9f128f7e6,b9085af804080645661dee18717cbee1,delivered,2018-04-05 11:25:43,2018-04-05 11:35:27,2018-04-07 16:48:41,2018-04-18 17:06:42,2018-05-07,a5b96290eee3407f15dc3a2a2a0bbbfe,2018-04-05
954aa85181d13fc9199de72bf883168c,123b19b05143cdc8bed675b0470a76e5,delivered,2018-04-30 02:45:05,2018-04-30 03:09:42,2018-05-02 10:45:00,2018-05-04 01:14:27,2018-05-14,c05e676aa7a9139b522ba75149226825,2018-04-30
83278a865f8f9c152f76597d22446aa2,817bdf9f2e0187ca16e7c074f3710e11,delivered,2017-08-17 07:52:58,2017-08-17 08:06:54,2017-08-29 18:34:32,2017-09-12 15:55:56,2017-09-06,619df51f8a28cc433732b0ddd2c78578,2017-08-17
3e7829a8c2911f2c64b49be17ad66971,d1b1954bd4057745504921f2a9ab462a,delivered,2018-01-04 19:29:09,2018-01-04 19:38:19,2018-01-05 17:35:21,2018-01-18 13:22:38,2018-01-22,521a85e142c3e3157081d4ee10883c7d,2018-01-04
3f1dd297747aab080b039b92ef7809a7,01fba1cb73bbc4533bde8318035fa9e7,delivered,2018-07-09 18:06:27,2018-07-09 18:25:14,2018-07-10 08:52:00,2018-07-11 19:08:29,2018-08-01,4080c1ebb0a347ae1cdc497e54b2e886,2018-07-09
049c844d7707d97ba1600196919474f4,ec2d96d8dd0823d489423155370a247e,delivered,2018-02-27 15:31:49,2018-02-27 16:35:43,2018-02-28 23:52:14,2018-03-22 00:28:51,2018-03-23,e8663abca66edfe7b18d03a921637578,2018-02-27
a80493a89c4326ae0fa59d2df02c4251,04199b03081cf196718a6ed694e153c9,delivered,2017-11-23 20:12:17,2017-11-23 20:19:27,2017-11-30 01:22:46,2017-12-11 14:43:01,2017-12-13,366d5412373275915a31ca3e12f99c49,2017-11-23
9bfb1002d8b4e78527125bc25b4be9ed,b735d894ecf5b4a739e1e8054d028953,delivered,2018-04-04 21:44:55,2018-04-04 22:28:33,2018-04-06 01:17:47,2018-04-09 22:08:44,2018-04-17,7e12fb462ec307ed68ef9808b7188d14,2018-04-04
661e075fa45fa4a73a79dd6972bce18b,0b325ef40af7bb04108befbdcc9b224c,delivered,2017-02-09 11:01:15,2017-02-09 11:10:17,2017-02-09 16:08:35,2017-02-15 11:54:38,2017-03-13,70f0fca2435f0fa72fe85699630791fc,2017-02-09
7d8cd4ac1b0c3a31fddc3198d69fc133,cdb5bda2e2203d57f2880dac0d661f43,delivered,2018-08-16 22:38:58,2018-08-17 09:29:41,2018-08-23 13:31:00,2018-08-28 15:16:38,2018-09-14,1dedf503639fdb47865028c62383868b,2018-08-16
6ae4b5456cf04469812c907fe9b7cac5,1a2d9dfdc193429a1757b69699dc1a5f,delivered,2018-02-10 09:48:13,2018-02-10 10:08:23,2018-02-14 23:56:51,2018-03-02 22:12:10,2018-03-13,1ac4011bec2c0d9ce8eceb56bb1142c7,2018-02-10
ccc1002577e950545f551f79bd3cf01c,32d25ac5f3d559286b86e09cabb57895,delivered,2017-02-06 23:31:18,2017-02-06 23:45:16,2017-02-07 14:24:59,2017-02-17 15:34:04,2017-03-13,3a3bc19c5497540f4c87e8abc4b592f3,2017-02-06
e99362369d13342d20ac941c30e25294,39eb560326ffa3e1dea86ec24683e44d,delivered,2017-06-13 08:36:28,2017-06-14 02:43:10,2017-06-29 15:24:46,2017-07-10 19:12:13,2017-07-10,39a4ed05241f994b9ccf709ed5ddae48,2017-06-13
3afcb1b9c83fabca41c1668a879550a4,e5c92aca4cb7445d37790d511cf5bee1,delivered,2017-11-22 13:21:14,2017-11-22 13:35:04,2017-11-27 22:27:09,2017-12-01 16:57:05,2017-12-06,4b0bfb44db36279ff7b4cd6e01283e28,2017-11-22
828e12bc152ea9891e8941d4530326fd,89a7fcf7fc62e96cd8a92de58f8d035c,delivered,2017-08-12 01:33:51,2017-08-12 15:50:08,2017-08-16 18:52:29,2017-08-24 20:15:49,2017-10-19,3d740e7cbf7e5b18027f204bd01b0be4,2017-08-12
66c2a643ac74cde86624a0c15a95327a,3a9cbb50b82a65d3a91d9f0f96986405,delivered,2017-10-18 19:07:46,2017-10-18 19:28:38,2017-10-20 11:24:16,2017-10-25 17:35:58,2017-11-06,9a02da7221f7d02f95f115b9f901e246,2017-10-18
d966edb9e3bbe70c8617b13fac4d810a,052537cc336242d780628742e55bb572,delivered,2018-07-30 11:13:47,2018-07-31 11:30:48,2018-08-08 15:43:00,2018-08-16 16:03:33,2018-09-11,5e31073ebe63952df288299902977773,2018-07-30
1f9acfb03ed5bcc65242f54f6fec83a6,59f9594aa10c39878b6011b738956d1f,delivered,2017-08-28 20:23:50,2017-08-28 20:35:10,2017-08-29 16:56:23,2017-09-04 13:57:54,2017-09-15,753c918e7033bb2f13247d9cfa80a14a,2017-08-28
02ea54f5cf3a07904182167e104f97ff,a0bc1cef1d06235c96a23b0e015b2db3,delivered,2017-03-19 19:30:39,2017-03-19 19:30:39,2017-03-21 15:28:19,2017-03-29 17:07:18,2017-04-06,13deaa2e614f292e08a49cc42fef76ac,2017-03-19
d1d599b296d82560e3c783e7b6f93392,a35063c389d1745e80d21e961477ba86,delivered,2018-04-19 21:02:00,2018-04-24 18:35:57,2018-04-23 19:08:54,2018-04-25 20:33:17,2018-05-15,e72afc8c830147123fca1ca71214a073,2018-04-19
540f121ea3cfa5ce2e54c08c15c639a1,8fef8148fd648f77be4a984500912912,delivered,2017-06-16 18:01:42,2017-06-16 18:15:09,2017-06-19 19:27:45,2017-06-28 15:23:02,2017-07-10,b82efac277edffc8c94ff74869309a7c,2017-06-16
431c1624aae277e9a8c7182403019df3,6ed3dd81265ce526e909e5cc253e32a0,delivered,2018-07-17 08:42:24,2018-07-17 08:50:17,2018-07-23 14:28:00,2018-08-01 20:35:03,2018-08-09,e507316ca9fa7546f0665df4d0051783,2018-07-17
21bdcd7a400bf562a9db97671d31b2d7,17bf24863dd01987197596a111689e04,delivered,2017-12-18 22:35:43,2017-12-18 23:35:25,2017-12-21 18:52:06,2017-12-26 17:22:25,2018-01-05,c7f26f855ece58f0bd64eff6af32e463,2017-12-18
60fc7ade1e92f28d610e6e529997e56c,043111eb2b35475e7264e40c234e92d2,delivered,2018-03-19 23:51:06,2018-03-20 00:15:28,2018-03-22 19:39:28,2018-03-27 18:45:40,2018-04-10,cce1ebae571c00a8cf32a9e71ce1d7e1,2018-03-19
965836ffb754e3f45c8734a2baea5978,f35348d2516c693a6639be6ac3d9733c,delivered,2017-11-07 16:57:33,2017-11-07 17:10:32,2017-11-09 20:48:39,2017-11-10 17:54:58,2017-11-21,677dfc9b7b34e53c11278c25dbc22709,2017-11-07
693c6ae1a1ab759aae8dd08ff9eff189,3ffc83bdd8f4ecb0752fe9c3204b5c1e,delivered,2018-06-08 12:12:36,2018-06-09 16:19:31,2018-06-11 10:53:00,2018-06-12 15:38:37,2018-06-21,415ac2824b13b33c13d9d0180050cb6f,2018-06-08
81aaca55da8047141cf58b07e5f2e26a,c043f98aea0bc16a2a4ef262d23ce44b,delivered,2018-06-17 07:10:13,2018-06-17 07:39:12,2018-06-18 14:53:00,2018-06-26 13:03:43,2018-07-16,27c43523b5c5d87503a58db4487aa8b3,2018-06-17
53712f2beff3a9f5bc14e79f68023ba7,223c047d06083bf4d3a52212f59de0f7,delivered,2018-06-28 19:13:08,2018-06-28 19:29:52,2018-06-29 13:21:00,2018-07-04 23:28:38,2018-08-01,ae99fdf11f2f863eb8591e4e967e688c,2018-06-28
69ffcc06382c0d6b91a0d6a647603a8f,83fc8ba0daca8fd0ec1524c52e5c40e0,delivered,2017-08-09 12:40:41,2017-08-10 12:45:17,2017-08-11 18:22:25,2017-08-17 19:52:35,2017-08-31,4849a05adbbdba9197030df910caf205,2017-08-09
55d9ed3d025ab4c5107cf23af69df124,a360d3609e0c4fcabfe54da4d3bd1505,delivered,2018-01-10 12:02:10,2018-01-10 12:14:28,2018-01-11 23:20:01,2018-01-24 20:19:25,2018-02-05,3a8972f0a43553cd60ec7fb208f2a795,2018-01-10
483561c1a64813ba6588d1fab2f90f61,f2ffda134e4ce154328c0fa4cdc23f53,delivered,2017-06-21 14:03:46,2017-06-22 14:10:14,2017-06-22 15:16:38,2017-08-02 17:42:46,2017-07-11,25044c137c37fe75371f41318164d2e3,2017-06-21
85485db1f11cb496d2fbd2def0d397a3,c9f269b214fba65e362387a75c60cb91,delivered,2018-02-24 23:03:17,2018-02-24 23:15:27,2018-02-27 17:52:26,2018-03-03 19:13:09,2018-03-20,74fe3d2b1336728129d9d1c651c72c9d,2018-02-24
d83704206184936b569352ae7f704788,19a8557e231a08f8ba5848eff79f1199,delivered,2018-06-13 00:45:05,2018-06-13 01:01:52,2018-06-13 13:46:00,2018-06-14 21:22:54,2018-07-05,c9b1fefb2abaaef18c6a3009b1e18cba,2018-06-13
b37e0e48a41066cd3053d9f68bb2e7b2,315f72cf8dfa6509d07b4809fdafbafb,delivered,2018-05-20 12:29:24,2018-05-20 12:58:45,2018-05-24 09:40:00,2018-06-01 15:58:54,2018-06-19,10a06eb92c48f258502558668073e0ac,2018-05-20
3e0f5ef6c203acda1961682cdfe47606,02c771f35f4c21a4197077611f4ecffa,delivered,2017-07-23 05:14:03,2017-07-23 05:25:07,2017-07-25 22:47:31,2017-07-28 17:09:21,2017-08-23,4a696a2f8119d6c40751159a1a460d66,2017-07-23
2a65dd524a3b3160b9f67476c8ec40c3,75e3cf403d99b8a2b69d4ab37967d508,delivered,2017-05-05 14:41:47,2017-05-05 14:55:11,2017-05-09 07:25:56,2017-05-12 11:51:45,2017-05-30,99b2b3d13b782039cdc4230380fa6c07,2017-05-05
b16edbe1f7a49100162c5426f85ab8ec,899285881e331a07acefdc953184fd00,delivered,2017-12-12 09:47:10,2017-12-12 09:55:26,2017-12-13 17:43:40,2017-12-19 03:32:37,2017-12-29,a669793be3be9037c454977f7cd96e97,2017-12-12
e81f9367113fbd126f1b01da8b50f0f3,f102a085bf4cd6f830b46066fb3f5e30,delivered,2017-08-05 16:48:31,2017-08-05 17:04:08,2017-08-08 20:03:28,2017-08-22 21:36:04,2017-08-31,9ba0ed517a40245214c6e2c061209b87,2017-08-05
03fd35e6d3a78d5e05114e7a1ac319e6,f705ad1fed8572316d5202c1affab472,delivered,2017-09-11 16:59:11,2017-09-11 17:31:01,2017-09-12 19:36:39,2017-09-19 16:54:03,2017-10-04,632eaa37d51488de6b6fa518e7da9a35,2017-09-11
865aee0fd5873d8a2974df861e2526ef,622c8e6dd2f3d6f07a232257ee86e6b9,delivered,2018-01-07 20:49:50,2018-01-07 21:31:45,2018-01-24 18:15:05,2018-02-24 13:42:53,2018-04-17,7c4000e939c7c94dff12d392e72950f0,2018-01-07
7a2305c60573b7af60dd941db4629ec7,1fab691c0fb4a038875b2876180007bf,delivered,2017-04-06 21:02:05,2017-04-06 21:15:10,2017-04-13 17:17:43,2017-04-19 13:13:45,2017-05-02,8663d059e175bdf137aafb13fc1e6a7e,2017-04-06
3290d044feb4a9f2f4a195441b12ffe1,751f6faa032664683bd9e96acb614b5e,delivered,2017-09-04 12:25:40,2017-09-04 12:44:01,2017-09-11 17:28:18,2017-09-13 17:00:09,2017-09-21,212588a002f9c07de6083ac91867b5df,2017-09-04
dd427935400952ce464e8c2f04b10f56,0662368ff680fcfd827c7dfa0b272bb7,delivered,2017-12-21 08:45:39,2017-12-21 08:59:41,2017-12-22 20:41:54,2018-01-11 12:49:19,2018-01-19,5d449a06af72441c704b25d28b693942,2017-12-21
8c0819345572d0da947e64bfdf38e3d2,28431c7da08761c1ea2827009796a928,delivered,2017-02-09 23:40:48,2017-02-10 01:05:13,2017-02-10 15:02:26,2017-02-20 11:32:49,2017-03-14,7cf08f01ab6a6a1365e1613989a65158,2017-02-09
fc698f330ec7fb74859071cc6cb29772,e779303d9317edc7bce9f584ccaa59e3,delivered,2018-04-18 09:02:27,2018-04-19 02:32:11,2018-04-20 18:46:27,2018-05-09 18:52:09,2018-05-23,c5afdb21fdb0a3e8c4a55742dfe7c644,2018-04-18
f8164ab157d2fa8835750d2249e9b1cb,33de576db54e2a77970178bd30b0d40b,delivered,2018-06-28 16:09:04,2018-06-29 02:53:23,2018-07-05 15:00:00,2018-07-10 16:38:49,2018-07-27,852a6bc8e0dba0bfcf6b54ba069866e2,2018-06-28
c3789b2ed8f91ea1e56451bc6387454e,ef3edf510363b4847b3cc48ccc293aa1,delivered,2018-02-06 06:18:49,2018-02-06 06:30:20,2018-02-19 22:48:28,2018-03-19 15:21:19,2018-03-20,68489f4f90f5c3a61c82f3987df107f3,2018-02-06
6fa03e78d9524fd63e7b9ab5618eff3c,e272717894f4663f450f5a4d487adb2f,delivered,2017-11-27 17:54:10,2017-11-30 15:14:20,2017-12-01 19:49:00,2017-12-24 15:07:01,2017-12-20,592e1410dfd33a224a4377e9586d5519,2017-11-27
668e74f421624e48476682f5cbb48b3d,01cd1ba7ed9bb74360ae8d7b03575b2d,delivered,2018-03-04 11:34:08,2018-03-04 12:30:56,2018-03-06 23:42:20,2018-03-16 21:04:18,2018-04-06,3ae3020ba7a772196e5f1368d175a65d,2018-03-04
468aecdb830aefb386337516a5edaa71,70d5de1ef2fba225d499156e5b8c0e4b,delivered,2017-04-13 20:53:11,2017-04-15 20:25:08,2017-04-17 11:06:42,2017-05-11 07:51:25,2017-05-10,7c7a1ebc5ebb56165d42fe5b9cad86a2,2017-04-13
d304c1d37685ed533e5e16e8e74ff2c1,e4194b17ced6d848551aa5eb315745d1,delivered,2018-07-21 17:00:51,2018-07-21 17:15:18,2018-07-25 14:14:00,2018-07-30 17:02:46,2018-08-17,3bba3edfc603aeab4d53d4c841c20a25,2018-07-21
b9e2b866cb381ea49beee36e3baaa76e,62b2dfb55aedc55b13c25efe64e6ecd5,delivered,2017-12-15 18:51:59,2017-12-15 19:42:24,2017-12-19 17:18:27,2017-12-21 19:22:42,2018-01-04,21e4c94da32ccfb90343dfb175896bda,2017-12-15
d9971834a50b8fc323aa7f527978169d,4899884819536b44b5b533849b3683ce,delivered,2017-09-27 00:07:04,2017-09-27 00:49:42,2017-09-27 17:58:23,2017-10-05 12:40:10,2017-10-25,99e81755475a6a171eb34ee82233aca6,2017-09-27
056a21113c096b87e87743862452a7d3,7e3721f04862909bc9e85394898019f4,delivered,2018-06-17 17:08:31,2018-06-17 17:38:54,2018-06-18 15:00:00,2018-06-25 18:04:01,2018-07-16,09b8764214c6d69d7b1bccf9148f335a,2018-06-17
7227b55a59343b63b3b4520725996301,80ff1923dab20bed7da50c8604a6ec9d,delivered,2017-03-20 21:35:37,2017-03-20 21:35:37,2017-03-21 15:21:24,2017-03-24 12:17:55,2017-04-10,730302baf98f8fe7701c1f3157ce048b,2017-03-20
db3d8c47002a9d03c4220a0a0bccff78,3c9c382a4b76e788a7f5840d02b943a2,delivered,2018-06-28 13:01:57,2018-06-30 02:52:29,2018-07-05 14:02:00,2018-07-11 17:38:26,2018-08-06,d0d4b3f21b0a9f1768fc7e8555e6feee,2018-06-28
130d0e27289efce0e9d8d74c3c1d43b8,20573ae3316c5abe38da7880e882c0ce,delivered,2018-04-24 12:11:58,2018-04-25 03:51:34,2018-04-25 15:13:00,2018-05-01 00:05:36,2018-05-16,6293fb0fc2dc4711b1a5bd0993a9a953,2018-04-24
e04227003e31c861c6d5953a9ecaffb9,1d99106cca82c25870ca45588226c83d,delivered,2018-06-15 14:08:12,2018-06-18 11:15:30,2018-06-18 15:16:00,2018-07-03 23:32:10,2018-07-25,cb7b3d5af1bfcd40c4a52520285373ec,2018-06-15
52b1ffde0cd06a4b61dc1229bcf87827,39794556d9bcdf7549001fc3ec56e28e,delivered,2018-07-14 18:12:20,2018-07-14 18:30:46,2018-07-19 11:50:00,2018-07-27 19:05:33,2018-08-03,5b7716e8aa1c87067f1469f336eefebf,2018-07-14
2d03cd6c5d4ef95593a9f4ecff1b48cb,00bf225ae2b2d6a141e31acf971c4a03,delivered,2018-03-14 22:12:44,2018-03-14 22:29:51,2018-03-19 18:05:50,2018-03-20 19:18:30,2018-03-26,c60c5563690f2a27a76f4d8ba53c2a85,2018-03-14
3937dd4b1499f638732d32d8c8f0720d,cdaed65b6dc07f9e7ecaa575f4fb1b66,delivered,2017-12-11 11:42:43,2017-12-11 11:52:44,2017-12-21 19:53:24,2018-01-05 19:15:12,2018-01-16,4edd24fa1c0212d8ce769eea27aa1855,2017-12-11
7f5e0af4864278a71b1c273b11dfc090,6ec20bc88d916200c9dd90203f08a483,delivered,2018-04-12 11:30:39,2018-04-12 11:51:39,2018-04-17 16:36:00,2018-05-08 18:04:51,2018-05-22,30f4732f9ef9751b2ceb5bffc24f33f4,2018-04-12
c7b627d407eee2ec488c07e03e2b8c16,59d0d3ad82b0291c4b095f20cb00569c,delivered,2017-03-22 09:07:17,2017-03-22 09:07:17,2017-03-22 11:23:31,2017-03-29 14:12:41,2017-04-17,3f525acc955378e1927bc4b07683be66,2017-03-22
ecc51610d88151a13c1be6080fbe4f78,210b3c675c1a56fc590127a4d9cc4cd5,delivered,2017-11-12 14:25:16,2017-11-14 03:55:39,2017-11-15 00:09:12,2017-11-29 19:10:06,2017-12-07,309e2d06659c22953fcd09a1f36ceaba,2017-11-12
db8f21db0519c6ab351e3bbf641439ca,7866c989224ec6576f74674d9cde0b79,delivered,2018-04-20 19:36:34,2018-04-24 18:45:51,2018-04-24 20:26:29,2018-04-27 21:22:53,2018-05-15,75eec20484f14687ba6c289a9681f351,2018-04-20
7acdb98aabb39abbea16b8acce3f1f30,b518b2605c2ccf4e345b84fcdf099dbd,delivered,2017-11-20 18:05:19,2017-11-22 02:46:59,2017-11-22 21:08:40,2017-11-29 18:20:03,2017-12-07,5440f70cf3151fde4f095aa7e9b5c4e9,2017-11-20
9134e387b7624c08ec40653033d0d30f,54680d8515c181f8204d00913a3528fc,delivered,2017-09-20 17:16:39,2017-09-20 17:30:14,2017-09-21 18:50:29,2017-09-25 15:43:25,2017-10-05,3e9c7c7187e00457be0114aa558a05d2,2017-09-20
1c48d9b0f20275684de911afd11024f8,e38882ed2b1e443a3dd5f4f20166f700,delivered,2018-02-13 11:58:56,2018-02-13 13:10:19,2018-02-15 23:07:06,2018-02-19 15:06:33,2018-02-26,2eb6e78eac104b4a8adcdce62be40a76,2018-02-13
bd33d6543dab80671198f9df40e3411d,b6d354953d35ddff2b272b557fb42e37,delivered,2018-03-27 13:27:16,2018-03-27 13:47:53,2018-03-27 23:08:40,2018-04-02 17:44:52,2018-04-16,bafdb258df8a7a201e08b6b01dcc03a0,2018-03-27
e8373361f5e06afd6a7e7971e68512dd,14b8fc48b9f66832dfca6333034c46cb,delivered,2017-07-24 15:19:05,2017-07-24 15:30:14,2017-07-26 10:17:43,2017-08-03 20:49:40,2017-08-15,55010d2363c2d28c4c52f7952a6079ad,2017-07-24
f5942dc9da4bc0e2beac653f4e63a020,3b37c1430b7f3a7e75ab75398969d054,delivered,2017-04-24 02:24:24,2017-05-05 14:21:56,2017-05-09 15:07:39,2017-05-15 06:42:19,2017-05-17,5ef791efc49679ba00664783162b0a28,2017-04-24
4dd4fdc64737dc3f4472ceda049cb1ba,ced30a21aa4f7c12391d0f86fd9f8858,delivered,2018-08-17 13:57:35,2018-08-17 14:46:50,2018-08-20 11:30:00,2018-08-24 18:58:21,2018-10-03,7da5aafc3bb98bb5da6af4b2bb4b55e4,2018-08-17
0df2e7ba716c3f48ee4a3081092e2c19,29b703f3c4886106653c63a3b5283879,delivered,2018-02-28 16:24:51,2018-02-28 16:51:12,2018-03-07 20:38:33,2018-04-10 22:04:10,2018-03-26,6b84cfe387ab703b75f60c63b696cd05,2018-02-28
86274c00b0ec7c91b000d4c6cac1dc72,c886dba1c18271b300d8106da9afcf6d,delivered,2017-06-09 09:22:57,2017-06-09 09:35:17,2017-06-10 10:32:05,2017-06-19 17:16:11,2017-07-06,685601fc9a0fd0f02bb4ca13ca88421f,2017-06-09
40507eefcbacbd41a411bc1f99177286,41358104f08cf88114e435b984b5593d,delivered,2018-06-27 11:40:29,2018-06-28 11:35:16,2018-06-29 07:28:00,2018-07-04 16:49:30,2018-07-30,d67a0777f0d15d5207f518df81d26809,2018-06-27
d6b1ebeabc4c48c6b619228bc124a7db,c5e68b243bfdf32f1b8c8a29fccab95c,delivered,2017-11-24 00:45:11,2017-11-24 01:11:02,2017-11-28 22:24:58,2017-12-11 14:29:03,2017-12-15,eb8939d2aa070e4c72a71668d83ef5d5,2017-11-24
2ae1a1178ebaf2ed27989112cf9f4a2d,503cd4e9dd9a0aad568b6f3af8e32948,delivered,2018-01-01 14:37:33,2018-01-01 14:47:22,2018-01-10 17:48:34,2018-01-18 20:29:58,2018-02-08,47edba7b5babc79c13d1959a3d308571,2018-01-01
6ca9c0a909bbc8eebf30f6c1fdd2c3af,6740279597f08a3c36dec8a17dc20aa4,delivered,2017-11-17 22:40:10,2017-11-17 22:55:29,2017-11-23 21:17:39,2017-11-28 00:49:24,2017-12-08,c7a105392919f36712d6621a2e53a8f6,2017-11-17
b3ea28aa962313ddcc7046e69e5ea094,a71d1a5ce7bfed2330ddd00b9efab8de,delivered,2017-11-24 20:26:30,2017-11-25 00:19:44,2017-11-29 18:13:10,2017-12-01 20:47:41,2017-12-08,a31ef19138e1e8ddad1c8c30612a044d,2017-11-24
7edc2a6bd5f0956a989660138adfba50,a8f872fdfb3b8e0f840f4224b38bdab2,delivered,2018-03-30 19:57:15,2018-03-30 20:10:11,2018-04-03 19:45:26,2018-04-10 21:53:21,2018-04-20,b8c927d19fa13d8669e620e03902bf68,2018-03-30
141b860df8159c748ea4d24301992689,68b23619fcff7f2ce50230a2af1b925a,delivered,2018-07-20 04:05:49,2018-07-21 03:15:31,2018-07-23 12:25:00,2018-07-24 17:44:47,2018-08-07,906a8a4ec9f3d4c3e64fa6d1c4fe6009,2018-07-20
671f3f58a12caea363c9e40989c7d154,e34e611ede97bd86382632d4ef71f31f,delivered,2018-03-26 09:56:14,2018-03-26 10:10:34,2018-03-27 19:38:53,2018-04-10 01:08:44,2018-04-25,d47c6b7aa871661404bb8079461ba08c,2018-03-26
ea34eae68a8f3d0332107c30b071c7a9,6ba6e5bf30ec197d1fefdebdc67ffa21,delivered,2017-06-06 14:54:45,2017-06-06 15:05:26,2017-06-12 14:40:49,2017-06-19 21:41:53,2017-06-29,56ef38dd6b65ff1e35b5968a1ddf7484,2017-06-06
a61122f2a4bb6c7479310694e0657167,73075f8aed30be94df728a128ae7a23a,delivered,2017-03-04 09:55:07,2017-03-07 04:05:15,2017-03-09 02:34:15,2017-03-16 09:05:54,2017-03-27,4fe67915d44791a5deab2957c2641048,2017-03-04
93f02e3d7633cf1fa948b35b5003cb18,45919ce8424f0a7c9d630e5c18f66524,delivered,2018-03-09 11:58:20,2018-03-09 12:40:32,2018-03-19 19:48:29,2018-03-27 00:26:45,2018-04-13,24764284d4d67f146daa546143e1d0d9,2018-03-09
7018a2cb4802de2f9ed4b09b6a98e6fd,885a9dace03d5ee78e1639818cf8ca76,canceled,2017-12-10 10:27:39,,,,2018-01-24,b2d2a58afa879edda95e349f7390903d,2017-12-10
35e80bf3e6241ac7d357c90ca82a3af9,4ea34777a492f189fe85ab3a2eac1025,delivered,2018-01-09 14:49:23,2018-01-09 14:57:37,2018-01-11 22:55:07,2018-02-09 18:51:50,2018-03-02,6dbc4a42e68c5f0e3ebeb904be3ce3e6,2018-01-09
95617572e4e39b8b9f5384d136111f93,1801ef99dbe925417e3103f8adafb25a,delivered,2018-02-03 09:59:51,2018-02-03 10:33:40,2018-02-05 23:33:53,2018-02-20 16:07:14,2018-03-08,7d03dbebae935f56b7df8bb280aaaa15,2018-02-03
609c97475846e0fb855687ba02614170,b76476b4d6edc900df47f167fdb9c333,delivered,2018-01-31 13:39:25,2018-01-31 13:55:38,2018-02-06 01:41:30,2018-02-09 19:41:31,2018-03-01,d1b289d4a3635a495f8a3100e668aa2a,2018-01-31
11a9b7e0a0da34849647a487b13ef821,564447d751c0885e95f8e3d9c97466d6,delivered,2017-12-11 21:36:17,2017-12-11 21:52:32,2017-12-14 19:38:50,2018-01-08 20:23:09,2018-01-18,eb8dac39e829afc6644fb6b94a1999c0,2017-12-11
df67039c09c08afbaf0e4c2d7cafe9d7,2dc8d638c52999a8015152034bae940c,delivered,2018-02-28 13:53:06,2018-02-28 15:00:39,2018-03-01 20:38:32,2018-03-05 20:10:49,2018-03-13,81c6970edca6f95fe01dc74daca86022,2018-02-28
2db6682455f3a6b47b5202e00c855789,4dc417fbc348bf334bb2d066ab22efa1,delivered,2018-05-30 09:46:25,2018-05-31 03:36:05,2018-06-05 08:27:00,2018-06-13 00:05:24,2018-07-11,1f98d2384ff7a372e6a2d3bb75cbcd54,2018-05-30
ad40bc353ed6f8f975faf818439c7de1,360da4d51093e4cc0e38a1f408b51979,delivered,2018-08-04 05:55:28,2018-08-04 06:10:08,2018-08-06 16:31:00,2018-08-11 13:08:57,2018-08-21,46da36c3df7118852b770394d1ba2be5,2018-08-04
1f3a59c2916b7d2ec5fb039cc15ea18e,5889225db49e6bd4c1280c55dacd8b75,delivered,2018-05-07 18:56:55,2018-05-07 19:15:25,2018-05-08 16:25:00,2018-05-09 16:54:36,2018-05-18,9533ce91d1190c076a4a1cf4ffd0f7fc,2018-05-07
e81cc4ef80e506f656341f4906927b32,f5fde8e5c3fb14b8ae32953ead1d51ce,delivered,2017-09-22 15:30:06,2017-09-22 15:44:11,2017-09-26 14:17:51,2017-09-29 17:47:29,2017-10-09,f2e9ff0e8d2dab219b1c2f00f749187b,2017-09-22
3a910fcc31e93133ce84280ebc47d956,59802adb7b72bb9d51f8644033e968b1,delivered,2018-08-04 19:28:38,2018-08-06 15:24:39,2018-08-07 08:26:00,2018-08-08 22:57:57,2018-08-13,7e7e3859a4b57e96aa902c1dfc7d0b1a,2018-08-04
a1cc4ec47d976c44b54dec962f21d613,d87500fbc50819f8f7282cf5add00b05,delivered,2017-12-29 11:04:22,2017-12-29 11:16:26,2018-01-03 21:17:00,2018-01-05 18:06:25,2018-01-18,0049a16516d38fc2246696172a257f16,2017-12-29
898848a3835c0476647c9e862798949d,ee9b7348f37ce26dd44aaf8239230873,delivered,2018-07-30 13:35:11,2018-07-30 13:50:09,2018-08-02 15:53:00,2018-08-07 12:25:32,2018-08-10,34ad063ff6392b02d92de78fd08559af,2018-07-30
5fa3b6744c7d556116187d18de357c43,1b8ee28c1b097a95d300a3a18d8c54fa,delivered,2018-06-06 18:55:30,2018-06-08 03:13:35,2018-06-19 10:52:00,2018-06-21 17:47:41,2018-07-12,c503f509890db126441fca2f28a00018,2018-06-06
e68e7bb5338aa7632d6a49d321c1a0c9,c89ecfb6b2504fface49990713e0ec28,delivered,2017-11-27 19:51:35,2017-11-27 20:17:28,2017-12-01 23:19:38,2017-12-11 18:39:01,2017-12-20,cbac7189914344caf1d1b4e3ad65c8ce,2017-11-27
a2ff044ec5d43bc7a284932e85a15049,6c29b231dbfcd73093d8c2fd1984e40f,delivered,2018-01-03 14:20:18,2018-01-03 14:47:02,2018-01-08 20:49:15,2018-01-10 18:39:28,2018-01-19,086b0b2cff167ea919c40d49b61a6bc0,2018-01-03
212399bb2189b8096965b199645d7d3d,950ae87062f753d4c60dddad6d549a17,delivered,2018-03-13 12:25:27,2018-03-13 12:35:35,2018-03-14 18:51:38,2018-04-18 16:05:05,2018-04-24,6d861bf158bbb0768b94f0fa76022373,2018-03-13
55489c304b912adb3b5cf8b444a70df5,0451f20d74e1dfcbdd2af858531e6a68,delivered,2017-08-15 17:14:15,2017-08-15 18:45:13,2017-08-17 19:25:42,2017-08-25 19:37:49,2017-09-04,acbc84365eb6bc74a86f2c54be814b3f,2017-08-15
db84f5852687abdb7f384d5ea4b638c9,4c0d7656f453224f96e4feb7718271d5,delivered,2018-03-12 20:34:16,2018-03-12 21:28:20,2018-03-16 19:05:59,2018-04-27 00:29:23,2018-04-03,76f1d1848ccbd2b058a8538276fd517e,2018-03-12
319bf7746b784040445afd6ec16285fb,695b5f7224d99b1f7cae41cea85f750d,delivered,2017-08-18 11:21:29,2017-08-19 12:04:25,2017-08-21 22:14:58,2017-08-28 20:48:01,2017-09-12,02c2da81e0468b7b62d6bacca02679e6,2017-08-18
1fe7851e9b8770f04c394c0d0735fd9f,c3c1a12d90f00f364a8564fb45a6985f,delivered,2017-12-12 15:59:50,2017-12-12 16:12:23,2017-12-13 18:03:42,2017-12-19 18:44:53,2018-01-11,ddeb3405ab7d02bc7c158c97786046f3,2017-12-12
2ff04f721a0ccf086506b4ba443d924a,4e2c2516338a95c5199f59106b5c79c3,delivered,2018-08-12 13:52:05,2018-08-14 04:24:29,2018-08-14 15:34:00,2018-08-17 22:20:57,2018-08-24,e9ec2f184c59b9d4681069ade725ecd7,2018-08-12
e098ec5f9db73a0719805f75d086a56a,d98048e87d80bd15b8317c104ecd89d3,delivered,2017-05-15 07:42:12,2017-05-17 03:55:26,2017-05-17 10:40:38,2017-05-29 11:46:54,2017-06-06,8abfad9365919dbbc387b403f6752548,2017-05-15
09b6daf7c780e789668ee3b7f4bda1c5,032f5eb3f82038a0490fd6870bf131dd,delivered,2018-06-29 18:20:57,2018-07-05 16:04:53,2018-07-03 13:08:00,2018-07-09 10:48:30,2018-07-26,35c7d0dd049493875b1051d21f03d846,2018-06-29
1b4e5194ba21a82ca345b9c27211b00d,10cc2cf42adae8f5b97bc107f218cc35,delivered,2018-05-16 15:37:38,2018-05-16 16:00:01,2018-05-23 14:42:00,2018-06-05 10:34:35,2018-06-05,5d39994fb5aa9331b16a3396e370b135,2018-05-16
dffc09c8763a137aa9d90c1e1a27247b,3b217c2c2fa9b806b2060cb917a483ea,delivered,2018-01-13 23:01:19,2018-01-13 23:11:23,2018-01-16 00:18:05,2018-01-19 18:54:28,2018-02-05,209431097232ad555bd0e5812bf0ef34,2018-01-13
3c0f91a7a3493bb46260f52f2e6ab61a,53106ad4ce681e65be974104974ae23d,delivered,2018-03-03 21:03:17,2018-03-03 21:10:38,2018-03-06 05:25:13,2018-04-24 15:32:27,2018-03-26,8b648bdd88380c34e18d3ca8ba9055a2,2018-03-03
f4729db51fa0b1eb9738b7bcbb3379d8,40774a54de330e5e8dbc37c03f64b625,delivered,2018-05-06 11:47:35,2018-05-06 12:13:09,2018-05-08 08:53:00,2018-06-08 20:48:37,2018-06-14,dc170fa9d3d1635e5584b8f137ee3992,2018-05-06
bcc2b6a2acc5f49f9ed5ea31410be28a,5f9b3664b4fc2352e89138930daa720f,delivered,2017-08-23 16:38:43,2017-08-23 16:50:18,2017-08-24 17:06:02,2017-08-25 16:33:50,2017-09-08,1aaca30bd5cf8fb6ff0453d04a2f39ea,2017-08-23
bfdf7d1387c8a71618bc72ce34b1d51f,25bdec6ca1766477d546ca79def205b6,delivered,2018-04-07 00:10:05,2018-04-10 04:11:38,2018-04-10 22:07:45,2018-04-11 14:16:45,2018-04-19,dff6f7b96a6d1628ef9072fb3c569957,2018-04-07
82bf720ca63002cfa62c7910ad811079,46bef22ff988a69cf88fe3c05eaf5f41,delivered,2017-11-10 10:04:31,2017-11-11 02:46:44,2017-11-15 00:15:56,2017-11-23 22:00:03,2017-12-04,0ee369ad34ccebb65f036d062acb7349,2017-11-10
1cf9fb7308beb8ef95005967f336cefb,2135d8c6474fbeba5b218bb1178dfc2c,delivered,2018-01-02 23:10:45,2018-01-02 23:19:29,2018-01-05 17:34:25,2018-01-09 17:18:10,2018-01-18,7b440fe9e014286474030d757719dab2,2018-01-02
97b0c95e889716655b08810a8832ad5e,c5c51176fe479f6a23beb42e7a3e493e,delivered,2017-11-13 17:15:21,2017-11-13 17:30:33,2017-11-17 19:18:53,2017-11-25 13:33:01,2017-12-04,dbcaef5854e1ecc52aeae3ca41a9f0e3,2017-11-13
36c2be04c43db09655628dc1658e5c97,8c86456e3bab61544682dfc5ba35d3b1,delivered,2018-08-19 00:13:28,2018-08-20 13:55:24,2018-08-21 14:26:00,2018-08-23 18:07:07,2018-08-27,27b4a7740a9b118f9eed1e8c8be7822b,2018-08-19
c93a5ee8b79d80e391eba8a575bd4d1d,48c4f594261d0b163beef0785c42a5f5,delivered,2017-03-17 14:07:59,2017-03-17 14:07:59,2017-03-24 15:23:27,2017-03-27 12:43:40,2017-04-05,60a4bc62e8551d4e1b9322b9fae45bab,2017-03-17
010078e0913f48d014483bd856c01ca1,cba40225005628d0bb62cc9d15c9333f,delivered,2017-11-26 14:52:03,2017-11-26 15:14:15,2017-11-30 18:39:27,2017-12-05 22:13:43,2017-12-21,9fedd99d17871d39dd3a65eb45e0d792,2017-11-26
d868b96ed53089f3a6e9b202ee041dbf,9f5d77b326c3bb316e829181dfd6d192,delivered,2017-05-10 11:51:13,2017-05-11 11:55:22,2017-05-12 13:04:02,2017-05-20 08:57:31,2017-05-30,d507e084dc5e23d21922f2f62f043bd8,2017-05-10
aa2e4895f7a5c83f8eca905a39bde26d,401bca71c4004b9d06483ee401f7374d,delivered,2018-01-08 13:54:04,2018-01-08 14:02:33,2018-01-22 17:09:27,2018-02-01 21:56:44,2018-02-14,231fcf428ed66306db04f1dfecb1c14f,2018-01-08
d8d5b2d660ff0d4f9391b823cf3d6b3c,904a7071bc6fff469bf6c0ae74017a7b,delivered,2018-02-21 22:38:45,2018-02-21 22:50:42,2018-02-22 18:53:40,2018-03-06 20:52:44,2018-03-20,925ec947e25969a9f589ed25c3d9ffce,2018-02-21
49a167dbd18cbfffffda7befe7d179b8,9a8735b720b7a1d032dd4210a17c08e3,delivered,2017-12-21 11:48:01,2017-12-22 02:51:05,2017-12-22 18:17:52,2018-01-09 20:33:10,2018-01-19,a2782794d03d6b2fce98c783164efadb,2017-12-21
3452a7eb3fb50ae56f54d64d6ce7ddbd,d23dfb1dad1e005d8889511d3db1b888,delivered,2018-03-25 11:00:16,2018-03-25 11:15:33,2018-03-26 21:12:09,2018-03-27 23:38:57,2018-04-06,ef5a9aab488dc382ed579b281ba76690,2018-03-25
d01bd950611f73e1490c45d87156374c,62c3d7422ddfe3eaf127b0ff104a6b2d,delivered,2017-05-06 01:39:16,2017-05-06 01:50:11,2017-05-10 11:56:06,2017-05-17 05:47:45,2017-06-13,0eebd23eb14eaa9c9af46b13c04d6e12,2017-05-06
b5538e02ecb336b5d0a0c11606f34a3d,a5c7dd74025d811f6f70726acaa4a2a8,delivered,2017-05-27 21:13:53,2017-05-30 04:55:16,2017-05-30 10:04:21,2017-06-06 14:17:28,2017-06-27,806986b81ad2a04e4619bfdfedfb5722,2017-05-27
4374672f40f26ec3646cdc22c5f57733,9422ceca89675150ff5b567cf89f43b6,delivered,2017-07-10 17:44:35,2017-07-10 17:55:17,2017-07-11 18:12:07,2017-07-20 21:41:51,2017-08-01,a177570db04b05b83f8f97293cb9df8b,2017-07-10
db9184ca76c81f6e6f102cda2b30e12f,8ef9b5e6a4f621a1ee03dc8da58cdb17,delivered,2018-02-24 01:26:52,2018-02-24 01:35:23,2018-02-28 23:35:21,2018-04-09 10:43:32,2018-03-23,90863ac2acd35a280f041bebbacdaa62,2018-02-24
f8853e328e43ca676354e48e5b70543b,c769ac7a0fe2aaefe3ea85249f0aee54,delivered,2017-09-04 22:15:44,2017-09-04 22:25:20,2017-09-05 19:13:54,2017-09-18 21:27:45,2017-09-28,be87b406047b972c87040be151cb5ec7,2017-09-04
15a4f6c29cc0499b69ef5c763eef4d9d,be88dc73b3e496fbf231093e12cd8322,delivered,2018-06-22 00:07:03,2018-06-22 00:18:02,2018-06-22 14:14:00,2018-06-25 18:05:35,2018-07-16,27935755a6dfbc7857c139a84e35ac75,2018-06-22
0e3586e663acb9adff4f778c7d174890,6e7d605466ed1b66ed29878c722fc992,delivered,2018-05-06 14:59:09,2018-05-06 15:15:13,2018-05-07 12:16:00,2018-05-14 15:34:00,2018-06-11,3e6d325542e18c36a06af561ee2f123e,2018-05-06
4729a8ef5b11ed2d8dc77d48deeeee04,0a4a8ee3c788108918b12f21435c950c,delivered,2017-11-06 19:20:14,2017-11-07 04:31:16,2017-11-07 15:57:04,2017-11-20 14:32:33,2017-11-29,867193fe010661994dea5056c27d6f7c,2017-11-06
aeff34af69cf1978fd42b5429efca3a5,e9afccf70d6fc1deb35b9eb230ba2933,delivered,2018-02-12 12:52:14,2018-02-12 13:08:19,2018-02-16 00:08:12,2018-02-20 18:42:10,2018-03-14,ce4716fcd9331a9d1a0b034f0dfa8358,2018-02-12
9771eaad8e60f7b28d57d554cc2bc62c,84872d1894135d15c4e51ba68ba3e8fb,delivered,2017-03-13 16:55:24,2017-03-13 16:55:24,2017-03-14 09:58:28,2017-03-20 08:57:52,2017-04-03,3e8f3e58aafa9bb38d7b2ace611ff6af,2017-03-13
99246db2c4c533acbf8e8c0bd02933d4,d5723172d999044220a4331cbc4af5da,delivered,2017-05-29 13:18:24,2017-05-29 13:30:15,2017-05-30 17:16:12,2017-06-05 14:59:51,2017-06-23,0a73c0ec6715fa6c8c3a9766d40a9743,2017-05-29
b308c9da408c9307a85916a795a6eaa2,c53242bbd125eed4adc76cda6b8f7761,delivered,2017-08-16 21:50:20,2017-08-18 02:25:06,2017-08-24 17:49:35,2017-09-04 20:52:26,2017-09-12,995a32a389c2aaafd5fc15d569ed3c37,2017-08-16
cead9dc81ce08f2255afff2701c569d2,37489b542cffa7c83d6a8369d8a06ea7,delivered,2018-01-12 10:40:50,2018-01-12 10:51:24,2018-01-13 00:53:29,2018-01-17 16:43:44,2018-02-14,956a338acdf0ded1b18f4cc5cb4c0197,2018-01-12
a18b84bbf6ec08377b509038454c7f29,a8b758c14acf33e5111e1aecbd1fdbce,delivered,2017-09-05 13:13:12,2017-09-05 13:30:19,2017-09-06 19:25:11,2017-09-08 19:17:40,2017-09-20,910bcecfebe1381dccbebefd3d85f4dd,2017-09-05
abd3f51d3ea91685824a0975e07ab463,15d8ee1ac59990d69adc0a39e9de090f,delivered,2018-03-19 23:27:29,2018-03-21 02:48:21,2018-03-22 20:18:29,2018-05-17 19:44:27,2018-04-19,4f74cbce7c21bd285c7711c150214533,2018-03-19
5c28fcfb4e50a56899353fd6f8609f42,e3e4f59b905c93ceb1f9da90f9e02be7,delivered,2018-02-27 16:30:12,2018-02-28 10:09:44,2018-03-01 18:07:13,2018-03-02 18:54:31,2018-03-14,302f6c3eea8eb8ee3a365720c5593d3a,2018-02-27
7485a37669f5475e8f6d0eddd64c71e1,56d9ab4bc8d4c1995701cbf669b81f8c,delivered,2017-11-09 23:00:21,2017-11-09 23:10:38,2017-11-10 21:12:12,2017-11-17 20:48:41,2017-12-06,bab469c813feb773da2f80c3235bfded,2017-11-09
01a9d731c0f08f4f79c10b7679dcdebf,295c9951f74b6afccdda7ae478526cfb,delivered,2018-08-05 18:27:14,2018-08-05 18:44:19,2018-08-13 11:53:00,2018-08-17 16:18:36,2018-08-22,cb2d339aea25a85bda60fec5f65bb39d,2018-08-05
6e308e3bac5f39d88294995e5d60282f,321d5053bbc505f4ef4c74c3a1272eb8,delivered,2018-06-21 18:40:03,2018-06-23 01:15:52,2018-06-26 08:52:00,2018-06-28 23:18:30,2018-07-31,fbee348fe64beb6ceeb7b353d65ea207,2018-06-21
e9385a6ce895738e4ea275adb91aa955,38035f7211d99bf039f981959f50e925,delivered,2018-04-13 18:17:57,2018-04-13 18:30:44,2018-04-18 22:52:44,2018-04-24 13:19:32,2018-05-08,7b0b8f2a84b900dc9a538b9c29d4705f,2018-04-13
c03ece81b9b15ca2f4fae4b061076d49,4c465e92dcaace866872273fdc272ef9,delivered,2017-11-18 10:25:55,2017-11-22 02:56:29,2017-11-28 17:30:10,2017-12-09 14:06:53,2017-12-07,cbe39b189b0d1e44c6d94637b8953ec8,2017-11-18
37ac5e2848fe9ffaae862a845c5d7ff7,dd031e3cb9e37dcca6ee5b7f073a01a0,delivered,2017-08-07 08:25:57,2017-08-07 08:43:08,2017-08-10 19:18:46,2017-08-16 20:39:56,2017-08-30,4676d26aeee5695640b84d96de57df7d,2017-08-07
85ca51954c545536cf77a680afe11969,8b5444d8ffafc506f189fcfdf31204fa,delivered,2017-05-31 11:15:03,2017-05-31 11:25:17,2017-05-31 14:17:25,2017-06-06 12:39:10,2017-06-26,ccfdd7a6b19a129c8fe7530b0e8cfeea,2017-05-31
ce4e504de23bdd613ce58b87779fbf07,f2cdd67066e10d7e31e0e81b6d920810,delivered,2017-10-17 13:45:26,2017-10-19 02:56:47,2017-10-20 20:29:26,2017-10-24 14:27:04,2017-11-03,a85e43f9661b9c623b37e1952ba80f00,2017-10-17
4cae9d93ca1f1266e9ddfc79f7ff85db,bf3fe3fcb5a3a2011b25e26f0fe62192,delivered,2018-08-14 07:49:51,2018-08-14 08:10:23,2018-08-29 14:46:00,2018-08-30 15:54:46,2018-08-29,64f34177282d52370e3d7fa22a5768f0,2018-08-14
bc35b4f344e409ecc7c8d728f065d590,fc052d882ed7c620e5b0764a334c45a0,delivered,2018-02-28 22:49:36,2018-02-28 23:08:11,2018-03-02 03:07:52,2018-03-03 18:37:59,2018-03-13,7627c7c4fd3de659d41fd491ff915d9f,2018-02-28
387d785f482aa3f1844fa843a72d97de,5f5b81ce642e4f5b3dc6685cf9478a39,delivered,2017-06-08 20:28:21,2017-06-10 03:03:46,2017-06-16 18:26:28,2017-06-19 20:55:49,2017-06-30,5aa4d965d44f142fb95ca10c1135150f,2017-06-08
582a91c4de8513ac00c4f849f0f2e345,7037a169e0b1f4a5805af2c6a9237333,delivered,2017-09-26 17:32:37,2017-09-26 17:49:11,2017-09-27 18:27:21,2017-10-01 17:27:50,2017-10-20,bf5f1d4548334174d5371158205504a5,2017-09-26
4d258227c281c143610f791ad313e0e7,526e79dca439d0f1043b1b8b69838c24,delivered,2018-08-10 14:09:09,2018-08-10 14:25:00,2018-08-15 15:32:00,2018-08-20 21:04:39,2018-08-24,30a006c7675f240d560544390f1a9b8c,2018-08-10
22170faea0e48a083b8216ce465df183,ba1c184185550d71bdcd8f792537bd61,delivered,2017-05-14 22:54:51,2017-05-14 23:12:08,2017-05-19 19:27:43,2017-05-24 16:22:18,2017-06-01,46b4c5a60aa2e90b3911bf2a4973b9d8,2017-05-14
365a29772a912d0662071fa7572fdebe,c0cb6b8c742078d7b460aed98410b598,delivered,2017-03-29 14:39:31,2017-03-29 15:55:24,2017-03-30 07:42:28,2017-04-18 11:48:12,2017-05-11,ff959aedd362b48bb97c0abeb0b36b62,2017-03-29
7f0bf46f4a4126baeb7987ac4a28ddf9,7a4bfd73fec5afa8ec305958566cc3c9,delivered,2018-01-13 21:08:59,2018-01-14 21:51:28,2018-01-18 19:12:50,2018-01-26 17:16:42,2018-02-01,6c3e108f1e1557d100568d8361693ea7,2018-01-13
1cdcb5dad67ec14d5de2075e832f6099,2f029eb28b4e6df54d4978e3d61709d8,delivered,2018-05-19 16:40:54,2018-05-19 16:59:48,2018-05-21 16:40:00,2018-05-24 21:59:44,2018-06-18,fa188d6a540497a892423ccd1567f57b,2018-05-19
d367a93b215e8828942054fc3799c834,0b990a3550b758bda642b10c7ff76cf0,delivered,2017-05-19 19:04:14,2017-05-19 19:25:23,2017-05-23 12:35:32,2017-05-24 06:51:23,2017-06-01,96701d73665eab8fc6fecb9863266efe,2017-05-19
0c54d16446b830ff65da96eb16304fe8,27b058511237c877ea1780292c480848,delivered,2017-12-26 14:24:13,2017-12-27 14:18:33,2017-12-28 17:05:07,2018-01-11 17:33:21,2018-01-22,1e7f48be9fc106bd283fe57cf3952cc1,2017-12-26
a8f3236d399cdf5f80c6ea3866b24ef0,33629ae5fadf65abf0409104edb75a7b,delivered,2018-08-15 16:14:22,2018-08-15 16:25:19,2018-08-16 14:55:00,2018-08-22 22:28:37,2018-09-10,c89be64ab015a47408ff45d6cd218208,2018-08-15
d4665434b01caa9dc3e3e78b3eb3593e,430629c51214778912efab67e023a8f1,delivered,2018-06-18 05:22:00,2018-06-18 06:09:34,2018-06-18 13:43:00,2018-06-21 22:48:57,2018-07-13,3b9b60dd4a5ca201735e213fba2946f1,2018-06-18
c2deaee5e0fe626293e81bcfb557932e,ed5aa2c5317f2a1453b931219761433e,delivered,2017-10-24 12:16:02,2017-10-25 02:28:37,2017-10-26 11:12:43,2017-11-01 16:48:45,2017-11-29,e218bd5589302d880b699599685a8e9c,2017-10-24
2af73a7fe3cf7bb2902df1ea4e5d7fad,b37bfbd042fa644623f3098305c789bb,delivered,2018-02-28 21:27:53,2018-03-02 02:11:04,2018-03-02 19:08:08,2018-04-10 21:19:02,2018-04-02,f60c6638d2371239fe947c6af67cce7d,2018-02-28
254ef6ca0da659f3476797affc235f8b,a29750fc57b582d74809fa3bd86d5f5e,delivered,2018-02-03 13:55:32,2018-02-03 14:10:42,2018-02-06 14:33:25,2018-02-24 00:11:57,2018-03-06,33295cf10f9881e53a35a742beb911ba,2018-02-03
f0728a029e4b3ff3b00aef28de29e394,451cccf637302755bfdaac2294b9e2a0,delivered,2017-12-20 14:17:03,2017-12-20 15:00:54,2017-12-21 16:47:06,2017-12-26 15:59:09,2018-01-16,1b7bc2291eb877badbe688fe1b509fc1,2017-12-20
2acc0b9e685d8d46130f1ec8abdd9ffb,3b995b795d5dbe72629ab152ed3adee0,delivered,2018-08-08 07:11:24,2018-08-08 15:45:16,2018-08-09 14:58:00,2018-08-11 02:03:29,2018-08-15,e2eece9925247f8d55004e34b797f125,2018-08-08
8ff75375a7a2cbf26e7fbac0c52c9810,4805e7338e8e237fe634d628e5be2c51,delivered,2017-07-25 12:59:58,2017-07-26 02:15:37,2017-07-28 15:10:26,2017-07-31 18:12:24,2017-08-07,362f53537d0025a9258a595596f710da,2017-07-25
4d4c70fd93cbc8282de897a5bc68e7b6,1085b087e5c5cb7874f3b685eed5fc58,delivered,2017-07-01 16:58:26,2017-07-01 17:10:15,2017-07-05 13:22:24,2017-07-17 12:42:16,2017-07-25,e7121d8ee3e85dd6179d14a6066b1218,2017-07-01
08a2bc9386ffb58b6637add8a8e7d4fc,c6b038c09f9bbca007a2b874883aaa86,delivered,2017-11-12 18:48:42,2017-11-12 18:55:31,2017-11-16 21:45:41,2017-11-21 22:18:02,2017-11-27,469c0d6df1bb58ae938abc0926b4d146,2017-11-12
84f2d0f9ef0b49e2c35dd082c3258600,cc873c781230e2a1817a19e6156a239f,delivered,2017-10-23 00:47:09,2017-10-23 00:56:44,2017-10-23 23:48:45,2017-11-09 17:44:54,2017-11-10,d460f1fa0ce877d272757f57dfcf94cd,2017-10-23
f8f13f6d3692fb485fc728d915cb26d1,e34415cb97f778cce5acc0023594bb94,delivered,2018-04-30 06:31:44,2018-04-30 06:55:00,2018-04-30 11:34:00,2018-05-10 15:14:33,2018-05-18,0fba92a4fd7e281bcd5c8d5f0cdb5f91,2018-04-30
823e71d0dc92309fa71dd871bd749694,813ee016af3782ec4c37a1d24fe4bb24,delivered,2018-05-13 21:53:17,2018-05-13 22:13:44,2018-05-15 14:48:00,2018-05-22 22:48:41,2018-06-04,f4568e5ac5153d6dd69d4d9c287e6ad5,2018-05-13
671c02c9d32856447f168d9c4b0dc6c6,8cc6d7a83628e3166ef72617ec268777,delivered,2018-08-12 17:08:16,2018-08-12 17:24:30,2018-08-15 14:15:00,2018-08-20 10:20:53,2018-08-24,b9083d4ea470d8ab18c72b357be07865,2018-08-12
703363ff17a413eaf90c960dc1a750b6,6ff9a4347bfa57f715794620807ff551,delivered,2018-01-09 17:30:12,2018-01-10 10:31:37,2018-01-16 03:33:16,2018-01-25 18:38:55,2018-02-06,456aa9b8ae47963b150bdf28ce6a0926,2018-01-09
5a02cf91e6ef1031cf794d1cb430fecc,27770084d4e5308bcaecc64498773c9a,delivered,2018-04-06 09:18:05,2018-04-06 09:30:23,2018-04-07 01:16:37,2018-04-09 16:31:44,2018-04-24,ab957d4d3a3790354556eaa3985640f9,2018-04-06
9c9a4274d58a43917a770c9f158c5002,6d9df9db5e31093ce82edb4850bc1029,delivered,2017-12-23 20:12:24,2017-12-23 21:32:15,2017-12-27 14:22:56,2017-12-28 22:48:05,2018-01-15,5dc5870d0866ee7cc7c0db773dccf49c,2017-12-23
4e771842803751a695d042079930820e,93ffdbb653b475a3d52e726359e91b05,delivered,2018-08-12 11:04:46,2018-08-12 11:24:18,2018-08-13 09:00:00,2018-08-22 17:38:42,2018-08-27,47ec55455897b01bf46334b265b6ceae,2018-08-12
c1fb756587ad36ed1ecea431ea71887e,2e54fa48b03df58eece64527893b5baa,delivered,2018-04-12 17:25:15,2018-04-13 02:11:26,2018-04-17 17:46:51,2018-04-18 17:58:24,2018-04-24,d78ba2a6390559b14c16814f00f5142d,2018-04-12
c1b86a370f491b37cc3adb8ef0a21fe5,5c5689c7522389a8ff3e28ead3a4cd55,delivered,2017-03-21 10:09:06,2017-03-26 23:32:51,2017-03-30 16:32:07,2017-04-20 08:05:23,2017-04-28,c335d2c6bac8a975569c5e272061adc9,2017-03-21
1c061a8ec3723c908e73a617687fe54a,d7ae7f2d5024fa80f505d65c7826e40f,delivered,2018-02-22 11:23:06,2018-02-23 14:09:52,2018-02-26 23:38:38,2018-03-02 17:48:54,2018-03-15,529e23abf678508fe2eb7f01deacd95f,2018-02-22
30c4b90ae81f11b792bd5618ba494630,1d6a94c9fab8ae6c1d3dcdb6d72eb946,delivered,2017-09-28 12:56:41,2017-09-28 13:14:09,2017-10-03 16:07:45,2017-10-10 19:23:09,2017-10-25,63e708c711457502dc51c597f77dcf45,2017-09-28
f63cd97f8f1db2eb266fb3bc2b4a95f3,cfffbb322333151f8df6398a8c3340db,canceled,2017-06-19 14:07:04,2017-06-19 14:23:18,,,2017-06-30,0dc0731aafd5659410244092b0dc7d65,2017-06-19
2dad641c35a02f34b17ed17a7e2c1d0b,5b8e049fbfe38e8fbf483c7db46ae8b5,delivered,2017-05-30 13:20:33,2017-06-01 03:50:23,2017-06-01 10:50:05,2017-06-06 10:33:36,2017-06-26,6713da729de7d22c5f3fb59d9fb4c78f,2017-05-30
e19abb91d2afddbb8df6f4cffe899579,689a4cf37a1c05c30a86da4fbc13b123,delivered,2018-01-03 21:12:11,2018-01-04 05:11:26,2018-01-05 13:04:44,2018-01-09 18:56:58,2018-01-30,216c37b48c36a491822086d49c226b1a,2018-01-03
3f79a9c310a0d09cddd05f95b3ebb4d6,94f21083ba3ab6d73c7e556e1c67a362,delivered,2017-12-13 20:48:54,2017-12-15 20:51:29,2017-12-18 20:38:56,2017-12-26 20:13:22,2018-01-08,9c14614217fcca0da590e93b23af8279,2017-12-13
9f6fbfd6d1361fb26a26f6e26265589a,189a0566c3158cb9e7a6c3b812e2a29f,delivered,2018-02-26 16:23:43,2018-02-27 04:31:01,2018-03-01 00:22:05,2018-03-23 21:56:39,2018-03-16,06cd845bc8a9518ad68672727cf804fd,2018-02-26
4b594c50ed0279e3677e9580c4cfcfdb,abf1d44efff91a2a2d28d86a1f2d773c,delivered,2017-06-26 14:24:05,2017-06-28 00:34:02,2017-07-04 14:51:46,2017-07-10 19:15:31,2017-07-27,8bd9bcf1b901d0f6cc3bcecac3cf1410,2017-06-26
7e63ea5a0a34684140ae0e51ebe53035,6143e5df1b61e9568a5f02adbdcc9ef7,shipped,2018-04-25 10:38:57,2018-04-27 08:12:14,2018-04-27 16:14:00,,2018-05-24,cca887781e465f3b8aaaa7046b0f1016,2018-04-25
003d0634280ff3d1d3a54459349a6899,cca819156e50623e9d3762ebeee308dc,delivered,2018-03-17 17:50:30,2018-03-17 18:08:43,2018-03-23 19:24:35,2018-03-27 22:34:57,2018-03-29,2fe9477037604b2d6f60ffc998eb0812,2018-03-17
28c1a3d568f61625f9e85245db020568,d99f8b1e9ab4bd423659a3fc04bc4e05,delivered,2017-03-24 10:57:40,2017-03-24 11:05:27,2017-03-27 14:19:53,2017-04-05 14:36:43,2017-04-25,3559644b8b6ec711c33e74a13a66e9ce,2017-03-24
855a13de235eda92e5acdf19d0157b67,96f6f0d6c407d78a7b0df5999939c03b,delivered,2017-07-12 18:37:55,2017-07-12 18:50:17,2017-07-14 18:34:27,2017-07-17 17:44:55,2017-07-25,48c239b2821e4f65ef32ff7ecd4ed37b,2017-07-12
01b37f50cf3098b3dd9d0450a188348c,d5161150c2e2a177eb4d49c4e2ab7990,delivered,2018-06-26 16:59:10,2018-06-28 02:15:53,2018-06-29 15:36:00,2018-07-04 17:16:34,2018-07-18,a74cca5b53aa3fb9a6841f847033dcc1,2018-06-26
22687e231b5c4998a3842d99cda60dae,2dff629a85ab251e9912539a47f8124d,delivered,2017-12-04 14:29:23,2017-12-04 16:48:47,2017-12-06 22:35:06,2017-12-11 19:38:44,2017-12-27,655329aaac9d6377d42e6f2ff283692d,2017-12-04
a5687fad50b2c6811e39e52523946210,1e2c7c77557ce57cb5a964067c93de43,delivered,2017-09-27 20:39:16,2017-09-27 20:56:22,2017-09-28 19:42:15,2017-10-18 19:37:37,2017-10-27,cfe96f24bd8c36325e0d92e44324cf66,2017-09-27
5be8d4719fe2e3669e2d07dddf3b6b0c,b57c17af5030179bbd0611d5f7162bfc,delivered,2017-07-07 22:45:42,2017-07-07 22:55:14,2017-07-12 18:39:56,2017-07-19 19:27:40,2017-07-31,4320120e01ea53da8c84d35c246cc3e6,2017-07-07
4c22be46e1fe5c05c6ced534449f7432,5c8dd358cd43e858e1a25ba5eb9de22b,delivered,2017-10-23 17:28:47,2017-10-23 17:49:06,2017-10-25 13:44:43,2017-11-08 20:48:38,2017-11-14,145e12520ae65fe7e6e1ad094cac4d74,2017-10-23
ae9e1b5ea01b4df2adbf3d1db769704e,5147535c11cedf05fd1adbd3dfc40599,delivered,2018-07-30 02:16:14,2018-07-31 02:10:08,2018-07-31 11:40:00,2018-08-06 18:52:44,2018-08-21,522ae54a261b1042efcdb11ace9d7a2c,2018-07-30
8d0900d0d09c0b9075a5f00513991a70,c3585b2275881e1c79fbb8d2c7e33ae0,delivered,2018-08-04 20:35:03,2018-08-04 20:45:25,2018-08-07 12:38:00,2018-08-13 19:31:48,2018-08-16,6c2cfd946acc1ed65e140f7e2e28ee39,2018-08-04
a4d363763931c62becc396e8255342fc,263f9c5435d8e129f078c711876d1665,delivered,2018-06-20 15:06:08,2018-06-20 15:40:11,2018-06-21 12:15:00,2018-06-22 18:16:32,2018-07-11,ed7cabe3bc850137484fff02f92a9c1d,2018-06-20
b154ff1c2ada796573437001346a322b,cf146e26a3aa8927a9e19a1819645b85,delivered,2018-04-18 20:28:21,2018-04-18 20:50:23,2018-05-08 12:01:00,2018-05-12 17:03:34,2018-06-01,6578156b303863a60dbe318a16add05c,2018-04-18
9a7f882c95ae7d422db8ab15e1ee0a87,f22aca6ec39e20888a279ee104039b32,delivered,2017-08-10 14:41:12,2017-08-10 14:55:17,2017-08-10 20:44:06,2017-08-17 20:13:04,2017-09-04,7754600deda62b788b891e7825370b52,2017-08-10
cc225370b5daec8af404bf5c87edf766,1b95bae1b15f09602c5b5046cba2128c,delivered,2017-09-06 10:18:08,2017-09-07 10:25:22,2017-09-12 17:22:24,2017-09-14 18:21:54,2017-09-26,288176d126141574b79386872d9f15c7,2017-09-06
d819490edd3b5a3d69b114bb1eed977e,3d63c534551c85a62bc51417745dc81c,delivered,2018-05-28 13:49:51,2018-05-28 14:10:49,2018-05-30 11:02:00,2018-06-23 18:32:28,2018-07-19,f2448344c2a190b26825350f579343b6,2018-05-28
d640105fad13e9cff1f7a6cdc3a9a430,3ed284cdf0a4b6b93e4c56dbfe4bcc10,delivered,2017-11-30 08:03:23,2017-11-30 08:14:51,2017-11-30 22:09:50,2017-12-09 18:09:27,2017-12-22,a08b1b074cff65075fcbb174e4689a3b,2017-11-30
8a52017e0f9d904528367d756eb6d4f9,46427b8ac274df227e019c6c3e6bc9ab,delivered,2017-07-25 09:07:16,2017-07-25 09:23:10,2017-07-28 16:38:10,2017-08-04 16:18:55,2017-08-17,84af029e54a6f659f7ace6f7cf0daa68,2017-07-25
ca97b95f89f90d6e16e451851a2bd28c,a155f917057dd8a2139c66017e90b1ac,delivered,2018-07-06 09:38:48,2018-07-06 09:51:47,2018-07-09 15:22:00,2018-07-13 20:52:29,2018-08-03,26b359be2d0f1ac5432a54067dbf80c5,2018-07-06
3b71072f9d05c9bb81d0a43adf411715,eabf2c1e1fe45a4d84209cb3f16146c6,delivered,2018-04-03 00:42:20,2018-04-03 01:10:13,2018-04-04 17:42:55,2018-04-05 18:48:47,2018-04-13,4c1d41dc41656b0b056595efbab91098,2018-04-03
cf90c7096aacd6541cfb4b9925a01818,8e801893888e852d4d0b42a5cdc1ab0e,delivered,2018-01-08 15:08:42,2018-01-08 15:31:52,2018-01-09 18:49:18,2018-01-26 22:41:18,2018-02-05,e8f406ba92b9d938ac7a9fc67261bfb0,2018-01-08
c4cb147fbbbe5e1c9d10ebf2cf1501f9,e4721017946d3258fc32c6f690a565bd,delivered,2018-08-02 12:07:25,2018-08-02 13:10:25,2018-08-03 12:52:00,2018-08-09 21:08:51,2018-08-09,fdd6823da7d7bfc5894949a188c93032,2018-08-02
6c0c8452f4e021b56ee9a49c4ceb075a,feb1fcabc87e998d533ac59fe7cc0d1a,delivered,2017-11-05 00:31:10,2017-11-05 01:20:27,2017-11-07 20:09:39,2017-11-22 19:52:42,2017-11-29,14576e3c4cbda70c7fc84decdd33214f,2017-11-05
50aeaf212cea852ab2cdc5034085851f,d4b016b28c26f2da830da9b0e1d235be,delivered,2018-05-08 06:17:06,2018-05-08 06:30:14,2018-05-10 16:16:00,2018-05-16 21:09:39,2018-06-12,89df862586ea3722ee42623686b395b4,2018-05-08
202dc36450b101f8ce80320437f258f9,e0880ad910dbb5425bf9d8d2a1f8fdf3,delivered,2017-07-16 21:14:32,2017-07-16 21:25:17,2017-07-17 18:03:53,2017-07-22 13:52:55,2017-08-14,f944ee56d8467517955c2ddc7b0d486a,2017-07-16
eb6f690431c33aa581e0e090255bdc54,7aafcf87d5a51f369f4a527a30cfa338,delivered,2018-08-03 17:56:04,2018-08-07 06:10:10,2018-08-13 14:45:00,2018-08-23 22:34:32,2018-08-31,79adc0307d9e8cd41963404b934af347,2018-08-03
bb51d990e13eede824f5cf615f0d7167,91e6d23d067b25ab6a4f149106fa719b,delivered,2017-06-14 22:27:03,2017-06-14 22:42:51,2017-06-19 19:43:26,2017-06-28 16:51:41,2017-06-28,b2baae9ee4c89484d37fb227225bdea0,2017-06-14
241b1a5ff1d152dc47bf2093ea154edf,a61cee7568322910d8954f49f6c1760b,invoiced,2017-07-27 11:53:08,2017-07-27 12:05:52,,,2017-08-18,b6891a3a9c250146c914c8f6dc8940c7,2017-07-27
28430c83e57a477a3c4065298f272bb9,bc5f82b8b5dd3a9ce329068716583779,delivered,2018-01-15 15:35:58,2018-01-15 15:50:50,2018-01-16 21:16:43,2018-01-19 19:42:23,2018-02-15,da58584470e9dbbd0696e354d98308e4,2018-01-15
98ec7765fb71197418588a070f4c1abc,6c3562f133b3f16583c6a2524ca77379,delivered,2018-04-04 15:59:27,2018-04-04 16:10:58,2018-04-05 18:52:27,2018-04-16 17:40:51,2018-05-03,8d39b95a71da060898b6d1f11a3f08a7,2018-04-04
ea698ec8b5263e156c2f1ce2e36823c8,13f43c07545884756b3d67f598efaa54,delivered,2018-04-08 12:31:34,2018-04-08 12:49:54,2018-04-09 17:52:16,2018-04-14 20:10:06,2018-04-25,57c6a5ac88fde55944675cc79c4d5db7,2018-04-08
e9ca4774d5c077b8b4be87d25eaaaa3d,9ff3e5a4fb6407d7b20cc3fa663c0395,invoiced,2018-02-15 19:57:18,2018-02-15 20:10:28,,,2018-03-16,0e0c03bcf51d79a7b8b56ea48c90d13e,2018-02-15
a2e8c14e1bbbdda025349c95bbe7c5cf,c7f321b1951d05a9def235cd05291b76,delivered,2017-12-03 19:27:47,2017-12-03 19:36:24,2017-12-08 01:07:58,2017-12-12 00:18:53,2017-12-20,c07d5170163321a5f10d28bff58774d9,2017-12-03
56b9a849e6267dc255c0caa855ba41b3,41e4fe9686d87bba2bed7f14f4cca0c7,delivered,2018-01-15 22:27:51,2018-01-15 22:37:26,2018-01-19 22:22:21,2018-01-25 17:57:01,2018-02-05,610521350bdfb53ebd2a58cbec232651,2018-01-15
498394cdea303b629a7f66b4ddcd7d50,73c14fc30edfb5774671885e6f50a2c4,delivered,2018-08-07 17:54:26,2018-08-08 03:10:23,2018-08-10 14:55:00,2018-08-13 13:26:54,2018-08-10,ed8abc098e98f7b927c9f8ab8243d867,2018-08-07
4183a895b0b1ecb44aacb723661eec8d,8fbc2f7fecc58a98fbd87a538b03dfe4,delivered,2017-08-01 12:07:39,2017-08-02 03:05:22,2017-08-03 14:07:45,2017-08-09 18:58:13,2017-08-22,d9c194a0bd47eb8aeff6ec5560932005,2017-08-01
84bcfcb83c1d9ce6012fd51befddab4a,2eb418e05773dedd932d4e0af23bae76,delivered,2017-03-14 08:21:33,2017-03-14 08:21:33,2017-03-15 09:47:44,2017-03-20 08:27:59,2017-04-04,26e240cff6db69179349bde0266c93a2,2017-03-14
8520eafc9a1dbeb250d4054499da5a7c,411ae1308b9fe834f1c270e94c25c14f,delivered,2018-01-12 10:55:43,2018-01-12 11:08:49,2018-01-13 02:15:52,2018-01-17 22:27:57,2018-02-09,24abc99b133f91c4bf1c50177b0d47e0,2018-01-12
9137955f9938245295c3978ead342e06,7dd9d2efafd37798cbbf35b806981646,delivered,2018-05-31 21:11:17,2018-05-31 21:30:13,2018-06-01 08:38:00,2018-06-11 14:32:22,2018-07-04,bfa16fe6ee87c877dbfa3ac9110af7cc,2018-05-31
dad4892a17667aadb726ace75b1a16b8,4155dca7ea6e8ffbcacbf0e4d1680826,delivered,2017-10-11 14:51:57,2017-10-11 15:08:44,2017-10-17 18:39:45,2017-10-18 13:50:09,2017-10-24,72547fc074fce4b354fe5b603ac3f040,2017-10-11
ba5582297f33dec2e8dae2ac020c1d26,3a71c671e598d5c038c5f0ebd94b4fa1,delivered,2017-05-11 17:06:11,2017-05-11 17:15:24,2017-05-16 16:31:42,2017-05-23 12:57:38,2017-05-31,3a8a72a9fbe1053b4bbecd41914a2995,2017-05-11
dd53cce9e0ce03ce45f0d42ac4317cd8,daf75561069f29a170ef3066c797b9f2,delivered,2018-03-14 22:28:36,2018-03-15 03:15:28,2018-03-16 11:11:44,2018-03-21 21:07:21,2018-04-02,76e71ef69a88a89f773581966e1104ca,2018-03-14
1d01166814be7e95f72a3c85357fca45,ffbd25299d045182eee34c9493b5adec,delivered,2018-03-05 08:53:57,2018-03-05 09:47:57,2018-03-05 18:17:30,2018-03-07 22:17:41,2018-03-21,e46fd5e02159c4cb32d9e8ee9bd5bdc4,2018-03-05
db6c6df011e1bcc8e03e81b23982a1dc,75c8873878785af64664ea575dc50c52,delivered,2017-05-11 12:10:03,2017-05-11 13:05:31,2017-05-15 11:13:22,2017-05-19 19:22:16,2017-05-31,7e53420f2126366b3489c18314f82803,2017-05-11
6e585d7418d756180db763b08c37e372,2e733322a259241fb19545190024661d,delivered,2018-06-15 20:38:21,2018-06-15 21:01:22,2018-06-19 15:42:00,2018-06-25 18:54:50,2018-07-13,4e756b60c02fc0445da510e7fe4a08ac,2018-06-15
99858c2ee75228a1cd8afbdaa5e37b7f,fc465aac71dbab3b1985e233b543ac5a,delivered,2018-04-13 09:50:29,2018-04-17 05:55:22,2018-04-17 22:03:54,2018-04-23 21:09:44,2018-05-08,05ee5418a4ab511e323a7d1922d4e1ce,2018-04-13
9f827631dbbe551d3b830ab61fa3919b,08ea352a9be2e6189b99ed79cdd73c81,delivered,2017-04-02 11:48:57,2017-04-02 12:58:59,2017-04-05 15:03:36,2017-04-11 09:56:36,2017-05-08,2deb710213ca0c110cbfa0fdc047658b,2017-04-02
095234196e1f3c4feadc4dca677b3971,9f973a49bf25d6fbc095b3b5663b7235,delivered,2017-11-24 22:51:23,2017-11-28 04:31:06,2017-11-30 21:08:19,2017-12-07 22:37:54,2017-12-18,62d04de212af0333758cfb1a2d98dad0,2017-11-24
2f31ce5a220e0b97b2d1922c86bbbb66,170fefe7a670a64ef38b1e16aedfafb0,delivered,2018-01-10 19:43:04,2018-01-10 19:55:30,2018-01-11 17:39:18,2018-01-30 17:07:19,2018-02-15,781909f679df8defaa48ce2a4b09e754,2018-01-10
a6f2940cae871bfd63ea94dd5c476a62,f5bde54c01457a0cc94cb4d893a081c2,delivered,2018-08-07 09:53:58,2018-08-07 10:05:19,2018-08-07 09:48:00,2018-08-10 18:26:34,2018-08-17,90b58ef1332947bcacc5ef055be3cb8f,2018-08-07
a462f2866f3b997fbc2fdb5fb62a9ed5,0072357d0a3394d268c6abb9e30aaafe,delivered,2018-01-02 14:53:36,2018-01-02 15:07:31,2018-01-03 17:18:03,2018-01-15 21:52:30,2018-01-24,07af1aef7bf4d17ec7f0f166e9025fc9,2018-01-02
d01e880670a9a8612c1ad4ce4b56eb26,ac61866eb49bc6167a811bb5dd07adb1,delivered,2017-05-05 17:23:59,2017-05-06 06:35:18,2017-05-08 11:46:00,2017-05-25 16:30:12,2017-06-05,7148611df27dafdcc43298d60254d334,2017-05-05
07cacf10cc226618237904718bfb96c2,36e2bc988f301eee478f9542c39635c2,delivered,2017-06-19 11:03:16,2017-06-20 10:50:16,2017-06-21 18:17:49,2017-07-07 07:15:39,2017-07-13,8ddb2d8f41573ce2a9b798ab60117125,2017-06-19
4e204da6cc8b59dcfdc532fb5a9281f0,2ffdb3851fb34c5c1fdfd9b9116c0103,delivered,2018-06-05 16:30:23,2018-06-05 16:53:32,2018-06-06 12:44:00,2018-06-07 18:07:51,2018-07-03,de7463eebef1b2e7a62cc2c80bd27a26,2018-06-05
db0c400a715a4ade505cf24a95e5ade3,0f935b86bea2bcf211fa481f05d4ae85,delivered,2017-06-06 12:42:39,2017-06-07 06:35:10,2017-06-07 15:43:29,2017-06-16 14:37:59,2017-06-29,3f913149a9967e7dbb5e2b9ad307d718,2017-06-06
09d49d145e25e27490765a4085a8e720,3ca9c178df280c7759485d997febb7b0,delivered,2017-12-30 00:06:41,2018-01-03 04:29:44,2018-01-08 15:37:39,2018-01-16 23:44:07,2018-01-24,76f7d40948174f5cde0fcf8e6147b59d,2017-12-30
b37e0ebb8fdc0d0167ca1c58eae98eec,dce285f67cd0b2d1f5937a0316d83db2,delivered,2018-03-14 10:54:48,2018-03-14 11:09:16,2018-03-14 22:51:51,2018-03-15 23:18:54,2018-03-26,c34d9a1039072cf8a15f665034826ff0,2018-03-14
9a2e91dda30c4f2497618f2d8c181437,5bcffa803015a00394cd82974a7b0ebd,delivered,2017-09-19 20:57:40,2017-09-19 21:10:13,2017-09-21 17:48:25,2017-09-26 19:44:51,2017-10-13,c2f7ac13c2e0937f956659002e5d5783,2017-09-19
394bd8c3711009590ecf308602f1dfeb,bf632bfc93eda6f702cb9607513e2b6d,delivered,2017-07-12 15:34:23,2017-07-14 02:25:33,2017-07-14 20:03:01,2017-07-25 19:19:51,2017-08-03,6d918e72195a40d8547c89b04a079860,2017-07-12
d1edb80f6670902ebbb11765b96873da,4d3e75dab77ee14de42b66f557ea4d3a,canceled,2017-06-16 17:21:21,2017-06-16 17:30:16,,,2017-07-10,9f1e408ad389d00984d4f681624d04a9,2017-06-16
987b037ce809649fbc99bb85a3cc022c,f67d6771a9719cab1c7e5630e488ffd0,delivered,2018-04-28 06:15:36,2018-04-28 07:00:28,2018-05-03 13:43:00,2018-05-08 18:52:03,2018-06-04,8173151835e54f8ac4d65802b60f3885,2018-04-28
383e295c58b1b5e923ba15932359ad38,e28342a4db3c563f3240768ca71af4c4,delivered,2018-06-28 11:41:39,2018-06-29 02:53:25,2018-06-29 13:02:00,2018-07-02 14:25:00,2018-07-12,37afad566e3574cf356fbb441dd36350,2018-06-28
c805a38699c19dd700dc3215d25ed7f5,5af2a18351fbd81159881d394366f8f7,delivered,2017-04-08 19:06:55,2017-04-08 19:22:25,2017-04-11 11:03:40,2017-04-18 15:45:52,2017-05-09,b0584553631afe370d0ee9383c4906ee,2017-04-08
ddfa1e68bf845862d55c2616b5ca20ce,3f8a26a3def48cf9e839630cf45708b7,delivered,2018-07-27 20:21:49,2018-07-27 20:30:49,2018-07-30 09:12:00,2018-08-06 17:19:25,2018-08-13,f16af9514391f27e3f93e69185cdfe7a,2018-07-27
6b2cfda97c8ef916043547d84658ba6f,86bc6bd1900b994ddc27a7c37221e822,delivered,2018-02-27 13:25:14,2018-02-27 13:35:29,2018-03-03 01:07:48,2018-03-07 20:38:47,2018-03-19,5f80e1b868be57e4d50ae6bbeae78d77,2018-02-27
bb67cc66d5cb19032b1cfbaa4d36b371,8c2b073d2ea1cbf5a7ce9e62e94a2cb7,delivered,2018-06-23 15:39:30,2018-06-23 15:55:58,2018-06-25 13:04:00,2018-06-27 13:13:19,2018-07-23,a6a453fee053213bb5a85485c8c80c2a,2018-06-23
d41b4a82416b8d3138e5b941cb3fa1bc,67fc18dd86245cfd653233ab73bc0887,delivered,2018-05-09 20:36:26,2018-05-10 07:09:45,2018-05-10 11:58:00,2018-05-15 16:33:20,2018-05-30,8145c44bb7bf41f8f909ad6bf2e8567e,2018-05-09
c872a25ce42bdc8fe653b0cf95274608,e99bf5f6cd5edbec2d65abfa12bf3f03,delivered,2018-02-28 14:57:20,2018-03-01 14:56:56,2018-03-02 17:25:28,2018-03-28 16:44:25,2018-04-11,62838d6882894e72826bb481d58743fe,2018-02-28
69f8ac735b4a0bbbcdbe4a87e9041a21,0a504dda1e89540d0924bb3fdc81b343,delivered,2018-08-18 22:46:24,2018-08-20 10:50:31,2018-08-20 14:56:00,2018-08-23 18:55:45,2018-09-18,91b5b122bd771ff14d51f20b26a1241b,2018-08-18
cf76c6e04bd586a2cf526c57144cbede,a477a78d1d66bf544b48734476a03516,delivered,2017-12-15 13:48:43,2017-12-15 13:58:30,2017-12-18 21:34:43,2017-12-20 17:10:06,2018-01-04,5fbcb26dd81500a1620e1b4f2f2dc55a,2017-12-15
c579a0c822b7a4fe7586d0d2fa75a0a9,a1da863f70b9622a0bddfd8cf2581eff,delivered,2017-12-17 23:08:39,2017-12-17 23:18:27,2017-12-18 18:48:59,2017-12-26 13:33:48,2018-01-12,b7ba1a1bfaa65e61debbe96804097b99,2017-12-17
3799eaef99301de82b197ce9bd563b41,0f4110e56d8b37cc71853e8bbaef9a5b,delivered,2018-01-05 09:28:49,2018-01-05 09:39:36,2018-01-09 23:47:25,2018-01-19 19:17:24,2018-02-06,b72d001bb5fae7e4c285c94dc2d4ce0a,2018-01-05
f6f837b4bdc91f8c4306f0819916a11c,5679b266a296360d8e87c0c4abbe98f6,delivered,2017-03-06 19:56:42,2017-03-06 20:05:21,2017-03-07 12:07:55,2017-03-15 12:32:30,2017-03-31,b5cc879f8bbf1de1a7ca34e4f3052c2d,2017-03-06
b503b740e8fd1459f15b442444b2d4ee,891e43360de6c95937fde8f4d6672658,delivered,2018-05-14 09:20:53,2018-05-14 09:35:16,2018-05-14 15:12:00,2018-06-01 16:04:12,2018-06-06,8e4e4ceda64e14b101cab139610ec8c4,2018-05-14
d2d1dffb59073c276cdd5dc8d4c609c6,e6213fe9cfaa822b49088fd66ea9263c,delivered,2018-01-25 21:33:34,2018-01-25 21:51:35,2018-01-29 20:43:20,2018-02-05 18:46:17,2018-02-22,b079e8a1977edd900b4522be9dec0245,2018-01-25
8a4543daf946b1a63667049506da26f8,63a1959e073182fbe5460b3090474c6d,delivered,2017-02-13 09:12:58,2017-02-13 09:25:11,2017-02-16 16:41:16,2017-02-22 08:07:40,2017-03-10,5ac69f5b9d48a50db04c737537916278,2017-02-13
6542055e71e2ba285676fe57d0822618,1fe381f4b615df3b145782822bc200af,delivered,2018-03-13 13:33:43,2018-03-13 14:28:32,2018-03-14 16:37:44,2018-03-20 16:03:23,2018-04-05,f209031dfb73259acdff1c59053f090f,2018-03-13
816d8c857c3f15aa8b8dd70be0744d20,f2f63bdf3220e5fb4f7237a1eb13bac2,delivered,2018-06-28 10:13:55,2018-06-28 10:31:31,2018-06-28 13:36:00,2018-07-09 22:46:32,2018-08-03,8aad18034a52870e64095d5ac2bff86a,2018-06-28
acf1727645a8acc35c463a98c6cea8c1,f15d561b107a884d554a55f2c1756ee2,delivered,2018-08-20 21:59:32,2018-08-20 22:10:40,2018-08-23 08:03:00,2018-08-28 15:58:04,2018-09-03,e757dd9497298910a84a1919b8c35a8a,2018-08-20
8a44c114784f2da023afb7558ff80e2d,bb7995b533e66e107b35aa9a3a9be102,delivered,2017-08-30 18:44:11,2017-08-30 18:55:11,2017-08-31 16:27:54,2017-09-09 01:05:24,2017-09-21,92c9525f9e8ef6fea7690651e1ebb377,2017-08-30
b2b86f50f1d5ec8763fc9fc6894ac6c4,89fe1107a7a7a8e70a256454d3da5335,delivered,2018-08-01 19:51:31,2018-08-01 20:15:21,2018-08-02 14:49:00,2018-08-03 21:19:23,2018-08-06,cd8b7fb73501d01b71552fa7dd310083,2018-08-01
014872cb0c4fc7695c70484966baa65c,b103b8c8af8eb17c72c213b36ccd4f34,delivered,2018-03-09 17:31:31,2018-03-13 04:48:01,2018-03-13 16:54:45,2018-03-16 20:18:17,2018-04-11,523366b9899aa70ec24c372c3ac27805,2018-03-09
c908311ac45b5f0fa0a2a362fdf6b233,74379616bd5d8e791fb89b759216a164,delivered,2018-04-17 15:30:29,2018-04-17 15:50:34,2018-04-18 17:45:39,2018-04-23 23:58:55,2018-05-10,5b2972e2786623d4a0b78843f7447695,2018-04-17
5a90bdab22ab69f4095415dd55451b66,8266047feab97e3f2a81b323a0fc42b0,delivered,2017-02-04 10:57:17,2017-02-07 04:05:26,2017-02-09 15:05:18,2017-03-24 13:23:43,2017-03-13,edaced9806005e41a24fed33e2a1469c,2017-02-04
fc273d6a4897ae00a76e8265d134098e,2996c6f9c1d4db56aa70c0172b5d8ed4,delivered,2017-10-10 22:51:38,2017-10-14 18:33:34,2017-10-17 14:16:58,2017-10-30 15:42:34,2017-10-24,c235dd1b3424dab67144d8317428cdf9,2017-10-10
62ac92693b6cbeb12a8a91c8f5c332ef,8f7d18118d3b6e8a43e0dee9cd0deff0,delivered,2017-12-02 21:21:53,2017-12-05 04:19:21,2017-12-06 12:19:02,2017-12-11 23:34:21,2017-12-29,c14b135ad60f1a9ab7f76f1e76cbc8b9,2017-12-02
2e947480a69010d3f969b8a9be70d399,e63c6b323e4b6afb6a6d9b219853ce5a,delivered,2017-11-23 11:40:04,2017-11-23 11:50:57,2017-12-07 19:09:10,2017-12-12 22:42:43,2017-12-13,baa50cf818db1f162213ee500abfa17a,2017-11-23
42680f6afdb63743a39c5947b57e4bf0,2a6de83a178c8492e3988bdfe44e2d89,delivered,2017-08-10 21:51:45,2017-08-10 22:05:12,2017-08-15 19:23:51,2017-08-24 18:37:50,2017-09-11,6b75c62f41f50b0c278ab548066a100e,2017-08-10
f690cb26ababaf40550a4623359c3298,3e191139c6ff2feb5d20cf581282e059,delivered,2017-07-24 22:20:59,2017-07-24 22:30:16,2017-07-26 16:55:51,2017-08-01 14:37:28,2017-08-23,491b3ec2fbdef3623670205db5266209,2017-07-24
4e797467960184f4812ea77710c08b05,b6021af6074c8657c467992429b9a368,delivered,2018-01-25 11:45:37,2018-01-25 11:53:31,2018-01-25 20:31:53,2018-02-01 17:49:52,2018-02-21,80faf0a4dd69bfb39d05727aa42f2331,2018-01-25
f09ab7ba678ff9971a9e9b52999030ea,c420271268e6755e9db3055aae7ce17b,delivered,2018-02-21 00:06:40,2018-02-21 03:20:07,2018-02-22 00:42:19,2018-05-01 16:12:05,2018-03-16,adebb7a05c428c0b6330f96f3b7f0fa4,2018-02-21
f9bde8c7ab97cb7d58a57997e1b61e0c,292759c0fe3e504f153cdd08f84596b6,delivered,2018-06-11 13:46:56,2018-06-12 17:31:25,2018-06-13 16:28:00,2018-06-19 18:21:52,2018-06-28,7a646cae0c7bf5d4d08cbc2c73288df0,2018-06-11
2c87632da2d3149c3812ca5da44418e6,435638f4628d4cce72d5ed0a416974ba,delivered,2018-05-18 09:55:36,2018-05-18 10:46:20,2018-05-18 13:26:00,2018-06-08 11:48:22,2018-06-13,f7d22abe5ca8992157a31d272d02e1ea,2018-05-18
f4b7becde70d564135f8ba225f70abd7,880572600cc257ecbe27ccfbe7d77e89,delivered,2017-09-02 17:10:38,2017-09-04 15:44:18,2017-09-05 21:40:12,2017-09-12 19:53:29,2017-09-26,8d582e58aa6a75f08a348eef334c8395,2017-09-02
c94517a93bb24f22495c95eb3f90adc5,17084ed39947b199ababfe28c0044b39,delivered,2017-08-11 17:17:17,2017-08-11 17:30:10,2017-08-16 12:15:04,2017-08-29 19:25:10,2017-09-08,881fadf40e765beb9dba633791d07159,2017-08-11
c496b1ddd286b59e5334364656ac60d7,c67f83708340f88414c55c7679a3dcc0,delivered,2018-01-25 12:38:09,2018-01-25 12:59:45,2018-01-26 17:30:11,2018-02-16 00:32:56,2018-02-21,7155c2dc2de010b1ed888d39d193f1b7,2018-01-25
d5b6b10a0acfe51d85e7da606c4dd371,0a63548671f07e285558169123b2ab35,delivered,2018-04-19 15:25:46,2018-04-19 15:49:04,2018-04-21 01:16:42,2018-06-04 20:53:32,2018-05-18,8c23e3b44342b28b61d131be61a5e938,2018-04-19
2f2c37a8993eb931289ed7a8a546791e,959367aaef568c17e9c7e43bfaa6d97e,delivered,2018-01-16 08:40:21,2018-01-16 08:50:28,2018-01-17 01:09:21,2018-01-17 20:30:36,2018-01-31,d52e1053a48ec145816edc0a4be00732,2018-01-16
40c89a3efbb4e5b164ffeea7085b487a,30b20bc16a24542a1310d0f251678344,delivered,2018-03-06 18:38:19,2018-03-08 02:29:23,2018-03-09 00:22:29,2018-03-21 00:41:51,2018-03-29,84fc0c0e71e125261aec3ef6a6a74fff,2018-03-06
542a2c666cc61a67907e200c8cce4a78,14adf05160841b9f4b22f189542c794d,delivered,2017-07-27 08:50:06,2017-07-27 10:22:46,2017-07-28 19:52:39,2017-08-02 19:46:12,2017-08-22,ec480617d171ec40842fd13cf45dcf6f,2017-07-27
5617a131d53f18d61b0b90a2d279e820,1983ae20619ddc364ff76267d7130d4d,delivered,2018-02-18 17:44:41,2018-02-18 18:46:48,2018-02-21 09:47:11,2018-03-13 00:48:41,2018-03-15,1034547ce8ea9e60577ea5ee141894f3,2018-02-18
1e693ac6b55dd939e50702b971446d71,4d89e7ec9a5b443f3188cb1132255b72,delivered,2018-06-12 11:32:22,2018-06-12 12:01:15,2018-06-13 11:55:00,2018-06-14 14:18:28,2018-06-21,95c85e956d3aa612bb42a94c0872d1ed,2018-06-12
c7ecacd47d6d485595133ef36fc23570,a77ce9197298c6a5a9a4002cb69d2c2e,delivered,2018-03-03 19:00:18,2018-03-03 19:10:33,2018-03-05 22:21:53,2018-03-08 19:56:29,2018-03-15,7b89a5dd8ab4b55d872f9af3aa1cc1f8,2018-03-03
acafc483caca0c28cef0ad651d6bb9fc,825bf2767c99830cd3e9585c213f6680,delivered,2017-06-26 16:32:20,2017-06-26 16:45:13,2017-06-29 14:33:12,2017-07-03 15:52:55,2017-07-07,dc591097f939fa6a57749d030d937500,2017-06-26
6a4fd1d9a1dbdf8a12102fafa2abeff6,c886653bf1b7fee5ad65a446bcf6b5e4,delivered,2018-02-20 21:54:18,2018-02-20 22:27:26,2018-02-21 19:08:21,2018-02-23 22:57:15,2018-03-06,0f50f53b790415e4c7ebe2cd0c59ab48,2018-02-20
3b5066af438aa1723c4e22290fe8dabd,9448711e9143b3cb9f54d8526bc8655d,delivered,2017-08-02 19:20:02,2017-08-03 03:04:44,2017-08-04 18:43:50,2017-08-12 15:05:50,2017-08-24,7c897328e8e63128ba7db8d9bd8da6d6,2017-08-02
df7e288b85ef0dd4db4c94c910b31057,c126ca07a884e33a2fd2d6c927cb9f80,delivered,2018-01-03 20:15:58,2018-01-04 09:03:51,2018-01-05 00:55:08,2018-01-17 21:03:47,2018-02-15,1a9ad53e97d6d91cd3b73c942eb19295,2018-01-03
2e66e99189df5b39d5d4820731fc0723,1eee711cd48373bb11282229f1b042b2,delivered,2017-03-27 21:45:39,2017-03-27 21:55:19,2017-03-29 15:41:06,2017-04-06 07:41:32,2017-04-18,4db2d0150b7d2ddb34199376a2ee6e17,2017-03-27
34ed4c9c261d1727b6d9be5e70dbd513,9d21cfa5b4ea02caca52f0aec9dd8014,delivered,2017-08-01 12:33:52,2017-08-01 12:45:19,2017-08-02 18:04:39,2017-08-07 19:34:56,2017-08-21,94cba4bdea67266e8e1ab9ee3520a077,2017-08-01
7ae9ea7b3699d86d4e21f6b323b72479,22d2b3855c2c6c4be552728f1d2c3750,delivered,2017-05-29 13:00:22,2017-05-29 13:10:21,2017-05-30 15:59:39,2017-06-01 13:33:33,2017-06-20,7e7fc3003584df59be31abba5784d8e5,2017-05-29
c30c327fa4864049bf96aec00f7a05ca,139b6cd4eb1c268bb89af031d62b7000,delivered,2017-11-28 21:39:50,2017-11-28 21:51:38,2017-11-29 17:17:03,2017-12-09 17:48:41,2017-12-12,e6bdbdf539c53839b7d4f4a6a2b6984f,2017-11-28
b2bb8748a32f28c50d00be2461dd3e8d,74764aa35d9a516d97b46f367d79cb6e,delivered,2017-10-25 01:02:19,2017-10-26 00:56:25,2017-10-26 16:28:58,2017-11-06 16:51:33,2017-11-21,132827924d2297744fceb6c61910ea5e,2017-10-25
39150b4f907db051ca186924bc4c7653,984a20b3e1900cbd89037ae41956aff2,delivered,2018-07-10 00:01:10,2018-07-10 00:15:14,2018-07-10 14:47:00,2018-07-11 16:56:44,2018-07-18,afaa3eb9c14474cd407763dce797da1a,2018-07-10
4ce424b0c7d519446e0a6b2bc0ff9fa1,7b663551ee814f12471e4a4efa3f0820,delivered,2018-03-23 20:51:47,2018-03-23 21:08:06,2018-03-29 21:22:08,2018-04-11 00:34:29,2018-04-17,ac9865151f92ad898ef72e1d30ab459d,2018-03-23
8d9bd5e3d8b2ac2fa02f79f8dd382db0,a11ad1badab961d383b70067c9c9a893,delivered,2017-10-29 18:36:22,2017-10-29 18:45:37,2017-11-03 20:48:37,2017-11-14 23:49:07,2017-11-17,d8079e13179a4ba20a2d06c42e713ff9,2017-10-29
4a098cad947704b7e739e19a092e24de,c7e19323cb9b0dc5b4859f5a03e861d0,delivered,2017-12-03 01:31:38,2017-12-03 01:51:06,2017-12-06 00:13:23,2017-12-14 20:13:12,2017-12-28,28b39d50ca5eb56730010f8ed2dff7c4,2017-12-03
041d7e3625568f4f949823fe46818852,de6a99b52963d6b03a27d8ada37ba930,delivered,2018-01-28 19:37:07,2018-01-29 08:50:35,2018-02-02 13:23:15,2018-02-16 22:05:09,2018-02-20,2fe6eb56a0a7badb1498de564585b21d,2018-01-28
8d585a78c58bc6ee2c28323cfd8ce6c7,80ca2676141288b0fb864389fa7e49c5,delivered,2017-09-24 06:47:11,2017-09-24 08:02:22,2017-09-26 20:43:28,2017-10-18 04:17:25,2017-10-20,cf717ffae55d20f545be20358a44f698,2017-09-24
3f8a96afbeffac6a35f3c1cb2d9eb2e2,b5f731062e61f41953ce53ff565d4353,delivered,2018-06-09 12:26:55,2018-06-09 12:35:15,2018-06-12 15:09:00,2018-06-15 22:44:27,2018-06-28,d9c3dd380cb915b94684aaf1c9f03362,2018-06-09
686401a87720135448e51dc4547c8144,ac60a5e730fff1c3ceb417d8fb425e82,delivered,2018-06-05 20:41:45,2018-06-05 20:55:31,2018-06-08 11:20:00,2018-06-13 21:58:48,2018-07-12,3044eb352cbcac5fdc934078421f99bc,2018-06-05
58be617c22afd358984d890ce826e0c9,a24fa0895b7cd6f32b5cbb1545f1caa0,delivered,2018-02-17 01:24:59,2018-02-17 16:15:36,2018-02-24 00:04:50,2018-04-02 22:35:01,2018-03-12,3e6ec878b5d247f9a1b3370886fbe160,2018-02-17
728f6f76b6e070562457bf771c93e002,c753ddf1479aff673b07bdab010c60f1,delivered,2018-03-02 14:50:09,2018-03-02 15:12:20,2018-03-03 15:32:52,2018-03-08 21:04:37,2018-03-14,5e77878e639ba61109799910867038be,2018-03-02
47d198410caadbd9a77e92bf622ee749,38cccad8b19d3acaaaf39873188aa8a9,delivered,2018-08-03 12:18:48,2018-08-03 12:30:10,2018-08-03 14:23:00,2018-08-08 19:32:47,2018-08-16,9ce32933559f6365bb3b20b09bda51da,2018-08-03
b9bce1bd4e5e54f9bbfdd26612378e93,c8d0c32b31f664b823fbb3dc43a865b6,delivered,2018-01-09 18:39:03,2018-01-10 10:31:42,2018-01-10 21:04:30,2018-01-22 18:39:19,2018-01-23,2f3abb55ad89a1cd1d93692ed784e2d3,2018-01-09
8100c4de96dbf94a93a19c78c69a006d,b4e369402f94a6036f05434ba8ac3a21,delivered,2017-06-10 19:59:23,2017-06-10 20:10:18,2017-06-13 15:59:36,2017-06-19 12:08:01,2017-07-03,f62d6572c9c25b3796d058d7b833f8b7,2017-06-10
be51f350648201f7d50862749e0d4355,a1dc114de3210918e64cf89a0152dc2c,delivered,2017-10-28 15:05:38,2017-10-28 15:26:24,2017-10-30 16:03:35,2017-11-09 15:41:15,2017-11-27,65deddddcd63124f257e32576777682b,2017-10-28
3bd276decc90bce797094f7b6524e462,5d6358a6b644be8db26189ce2c3f2031,delivered,2017-11-20 11:45:12,2017-11-20 12:07:39,2017-11-21 18:48:41,2017-11-23 18:28:51,2017-12-08,127f1c20c656b0be97265e3688c9cf30,2017-11-20
ea8f9e7a24a256a3a8873cd07a35659c,427facb233cc4450b926f434f09df23b,delivered,2017-05-09 11:18:54,2017-05-10 02:50:17,2017-05-10 12:13:26,2017-05-17 10:56:01,2017-05-29,f11e6a19a6e30aa5318c472b19bea20e,2017-05-09
8e1a9d039dc1c61d1fa663266a937cc7,0ac891fe3a0a4752f17f6003855f8779,delivered,2018-06-20 21:59:04,2018-06-20 22:20:25,2018-06-21 15:57:00,2018-06-28 23:26:55,2018-07-18,84b4f0f5eb612956673c0c444b448713,2018-06-20
b4b047bd2b601010cf106a8d20437c2e,9a29d9e8db843a5ea715d37941f4e70b,delivered,2018-05-13 18:41:30,2018-05-15 05:15:17,2018-05-15 13:15:00,2018-05-29 18:12:38,2018-06-06,4f223a62631b82cfb22241007bbd60dc,2018-05-13
caca2d936195ed2a43dbb6f64d6820f2,284d355846716e5ad42d9607a73ad49f,delivered,2018-02-08 15:17:08,2018-02-08 15:30:34,2018-02-09 23:33:51,2018-02-26 18:17:10,2018-03-08,699d8f46d8f4c2d8df180eeb6c512e1d,2018-02-08
39c6fc5836be5515289a317eb5aeabd4,37b2473707a915dafa97480565bf05f7,delivered,2018-04-03 22:22:36,2018-04-05 02:27:59,2018-04-06 22:33:01,2018-04-20 15:46:34,2018-04-25,e7ef2768b83c64e8537552f06d829412,2018-04-03
5b23d03712a41a07a72b94a97342be95,e2459d3d54b43b69025c937805fda247,delivered,2018-07-26 23:07:12,2018-07-26 23:15:44,2018-07-27 13:48:00,2018-08-01 15:54:49,2018-08-20,02798e1b3a37c163dffad98b3c6de007,2018-07-26
310665e6326967af1b7df9e9ce885ff6,76ae44a2f3c28dfc27053d42ca2ff80b,delivered,2017-10-31 10:19:44,2017-11-02 02:27:16,2017-11-07 19:07:32,2017-11-14 20:38:28,2017-12-05,4a7d68bbd6a3dd813da420ab290520cf,2017-10-31
a6c4a396b90e2d6bbb30aec21e1c20f8,89a3b88e57194d8a072f855c6a002410,delivered,2018-03-11 14:09:35,2018-03-11 15:00:23,2018-03-12 23:02:44,2018-04-04 23:28:53,2018-04-02,6147d42808926c754eaec2a0bf073496,2018-03-11
8a06dcad5b81645436b75c0074d041dd,66711749f34a9b0612e037671643198c,delivered,2017-09-24 22:04:50,2017-09-24 22:15:20,2017-09-26 20:43:31,2017-10-09 23:15:14,2017-10-20,a5b50a3681bb0e116c357705cf903d81,2017-09-24
5729dc0a7208339da0da2c367c801b1c,9aa05448506c04fd9a595d7c1850de9f,delivered,2017-12-05 17:20:34,2017-12-05 17:34:08,2017-12-06 21:51:41,2017-12-13 21:53:32,2018-01-03,e1320c85377b62cad93bbd7ec7cfbdac,2017-12-05
d34f40889c88789d3d30f961b338c4f9,f3847e13ba6da5fa7c172d3fe48b8f36,delivered,2017-06-04 11:11:57,2017-06-06 13:35:41,2017-06-07 13:23:05,2017-06-13 12:18:22,2017-07-06,dfea0253e9b5093f655f1372bc2ab225,2017-06-04
11531b318e176d53a632286789eae9c8,4ffda1e227a8798aef993197d967e5b9,delivered,2018-08-14 20:56:45,2018-08-14 21:10:24,2018-08-17 08:47:00,2018-08-18 17:56:51,2018-08-23,8a230e0e8bf80390b18ce5c2e6dbba8a,2018-08-14
3fc5c1a6a5cd92eb60f3144c0c5478eb,b9fb064625dae624732588741267c9ca,delivered,2018-02-19 23:43:45,2018-02-20 09:50:32,2018-02-24 18:40:06,2018-02-27 16:09:44,2018-03-09,90fe82a3b949a7a7366778cf9113e4fe,2018-02-19
4185621f3aaf889fde42176d1f902b20,e4831d382b78bb2bba00e6c02b9562a9,delivered,2018-05-07 11:06:40,2018-05-07 17:56:27,2018-05-18 14:02:00,2018-06-05 18:22:26,2018-05-28,1d7762ea2b16037b70804841d539021e,2018-05-07
21763fb51dbd0bedf54d7975e48770cc,118244d4d0feaed0ccaf923310fc3a87,delivered,2018-02-19 22:04:04,2018-02-19 23:07:30,2018-02-21 01:09:04,2018-03-29 15:08:50,2018-03-20,47f17fe9db875f5bbaa70cf314b9810c,2018-02-19
4c194282048e1ed6f061507789ff9c81,1051dc1922b7d6fd269cb1120adea82f,delivered,2017-12-06 08:31:24,2017-12-06 08:51:46,2017-12-06 20:56:53,2017-12-12 22:16:47,2017-12-22,640e0d867e85601bd8e64029df6034b5,2017-12-06
0ddfc476b3973e3e3bdc022d2fd9d495,13893ae039f4f52e3aac9330b99c2a90,delivered,2017-12-30 20:52:24,2017-12-30 21:14:32,2018-01-15 23:51:48,2018-01-19 16:57:57,2018-01-31,a4e8a2fb3d4d783c8eec5bf1ea80d3c6,2017-12-30
55849603f5bc2a49b6fbd19620c59400,cd69249cd34b136ac10eec38c65a2d89,delivered,2017-02-20 17:41:36,2017-02-20 17:50:20,2017-02-21 08:03:23,2017-03-02 11:25:29,2017-03-21,c11f08cbb03fbd09e75c46e8e0aa3350,2017-02-20
144486c68a71eb11c9bd9fae9ca29da6,fe06b5a58266aa47e02e7f596d7c7ece,delivered,2017-12-21 09:13:23,2017-12-21 09:29:52,2017-12-22 20:47:13,2018-01-04 21:52:25,2018-01-23,2a11202a2ab27ed5d17ab1145c3695a2,2017-12-21
5a07264682e0b8fbb3f166edbbffc6e8,42333d2ab86886576093712fbf1564ce,delivered,2018-04-12 17:05:59,2018-04-13 17:11:12,2018-04-16 17:51:07,2018-05-02 16:22:29,2018-05-10,27e179c3da4af4ed16247b2a048caa62,2018-04-12
5871d8a9d410f4348b27394d4085874f,4ac2cff544d2cf106643e7f5ff6e7a0e,delivered,2018-07-11 13:58:44,2018-07-12 13:55:20,2018-07-17 08:19:00,2018-07-23 20:03:26,2018-08-02,0ded1a5d4471ac84c9d5008b5455e0b7,2018-07-11
054cf6bea6cfdf9024aedd3639c60fb9,f850c258ce056d17c9d4d5b3e84a0d97,delivered,2017-06-19 11:51:42,2017-06-20 10:50:19,2017-06-21 11:26:15,2017-06-28 16:39:31,2017-07-13,3c6cf48555f40864397c53a7da7e4445,2017-06-19
d78bef62e60a0f652567877da822b8b0,81ba0a992fd95a42c29937beac0c3232,delivered,2018-07-25 19:34:00,2018-07-26 19:30:17,2018-07-30 09:33:00,2018-08-02 21:15:39,2018-08-10,2176e2775387346b532e6c825a668685,2018-07-25
7e033da6e10e6a9866ae65fb7e9bc379,63fb4d60175b0adc731e5a481eae9491,delivered,2017-03-18 11:24:06,2017-03-18 11:24:06,2017-03-28 13:56:59,2017-04-07 14:28:28,2017-04-20,00c3624c55261d9ce593f30e3815a880,2017-03-18
8a8bd4a338e17ace44431e99a2add1d2,460a1052bb04a53c2d748b89ef49f1c5,delivered,2018-05-15 21:31:55,2018-05-15 21:54:02,2018-05-17 12:40:00,2018-05-29 18:51:46,2018-06-01,130e47a42ad5259d8843abe21bf87d5d,2018-05-15
d27bd1b2efafff52bd15c05de80e282b,0d2d57d0f1e6068a6df47f54bb807140,delivered,2018-04-21 15:42:16,2018-04-24 18:40:00,2018-04-25 00:22:20,2018-04-30 21:11:46,2018-05-16,cc3366cb80683e4ed0aaa5e09191af5c,2018-04-21
da7ee335f676314b02b797c14e92b4e2,711727165841f72d9f71976d20653191,delivered,2018-03-19 13:50:12,2018-03-20 03:15:49,2018-03-21 19:57:49,2018-03-23 16:42:08,2018-04-16,aa308495540b43812ec6b685b18bd46c,2018-03-19
3d08a84829e314578aefc90c376dc3d7,c9607e9e58a2fa52ddfc9049b12e6cb2,delivered,2018-06-12 21:05:40,2018-06-12 21:24:49,2018-06-13 13:54:00,2018-06-15 19:18:28,2018-07-11,3e2dfa26943efe5cf2f76a725b6675a7,2018-06-12
a158403af039363a043ead0c69f1fd2b,fd760160917efb9e954141e9363e7173,delivered,2017-12-23 23:51:31,2017-12-24 00:08:06,2017-12-27 13:59:28,2018-02-03 16:21:12,2018-01-31,dd09aa035593f32051038b4b56634a68,2017-12-23
32659d759ee706f5c1937fe60a1b00d1,9e82759c2e8b50abb7c2acbfebca3c44,delivered,2018-07-20 16:42:13,2018-07-20 16:55:25,2018-07-26 13:39:00,2018-08-03 01:10:35,2018-08-21,2fd0b9cd3c494cbcb7ca0f97e9d76213,2018-07-20
d07d0cce426d7c1f4043cee01fe073da,278585b98e91dea37fc25cbc9ea52e79,delivered,2018-04-08 18:44:10,2018-04-08 18:55:19,2018-04-10 00:47:30,2018-04-20 01:16:48,2018-05-04,4a6ef6845ed60c02e0ee3fa87ddcdce4,2018-04-08
59c0ed646a3b30d4054298988188486f,8ba643878d111b600a1a781ae8ec0983,delivered,2017-11-20 20:41:26,2017-11-20 20:56:22,2017-11-21 19:51:40,2017-11-30 19:53:08,2017-12-11,3ead32e6288fee05cdd24c9999238a4a,2017-11-20
1c55aa51edc71bb7071a9a1e32b9caab,598fcd9e3b483f9367c752f06d7afd5b,delivered,2017-05-22 23:44:38,2017-05-22 23:55:15,2017-05-24 12:59:38,2017-06-05 16:22:26,2017-06-13,eea6d169d9f5feef04a86bdf68011cf3,2017-05-22
4e08e93c7e89957e02292b0bffbf8065,f01c510d2b8c42cd289a4b5b512ae9d8,delivered,2017-11-24 16:14:03,2017-11-28 03:32:50,2017-11-28 23:18:59,2017-12-13 18:33:33,2017-12-21,863042d234810eda9cea177f2e028b2c,2017-11-24
092fe64219d11b6fdc1bf61521c9685a,33cedf79a1dab3f5dcb6a35891f86643,delivered,2017-08-14 12:18:40,2017-08-15 03:50:26,2017-08-15 18:56:29,2017-08-16 16:54:41,2017-08-25,fa6b78ba50ea70e2e80264669223e7cb,2017-08-14
d67a40cc6237a8af06509f350a29b406,42c1ac3753be0c490aa5c797b5fd335f,delivered,2017-05-09 10:49:49,2017-05-09 11:02:24,2017-05-11 10:44:46,2017-05-17 10:34:00,2017-05-29,65b662991f68c14aead4e098a6727284,2017-05-09
a29bcf8d70584aadea21cb6b6f80ea56,a624e908c25a33b47b1e0e08fd1bf08e,delivered,2018-06-18 19:25:28,2018-06-19 19:35:59,2018-06-20 14:37:00,2018-06-28 15:42:55,2018-07-19,017da2695c69ee376b8b4220cf0f61ec,2018-06-18
57261741e78d278aab2b462220b787f8,21c536c8261ff78c0ed65d9e2323fce2,delivered,2018-07-24 19:24:15,2018-07-24 19:35:21,2018-07-25 13:44:00,2018-07-26 18:51:49,2018-08-02,a263ae1e24c3a3ec0da03a50a0d85299,2018-07-24
45287af4d4d9504d6569383cbf95c764,b662ef3d673205d965e8c72e78932de3,delivered,2018-06-01 17:29:19,2018-06-02 17:31:37,2018-06-06 12:17:00,2018-06-14 20:32:52,2018-07-11,c3aa79a6d02e6cca0b56efd30bc10002,2018-06-01
ccebf8871fd33d082a64082120ce4e80,131be65fea5d4d3e9220e739366fd3ea,delivered,2017-08-04 12:52:51,2017-08-05 06:45:15,2017-08-07 19:49:37,2017-08-23 19:51:39,2017-08-17,eba22785df6a0869a23e654da590e35c,2017-08-04
d70e381178cb8aa782d45db5d4893220,3eb06e05a5e068a76bd0d9de8ff40d7a,delivered,2018-04-18 17:57:20,2018-04-18 18:35:58,2018-04-20 17:22:01,2018-05-02 16:51:53,2018-05-10,2d10ba36f939cec1ff161aeaa2f491be,2018-04-18
de5219d73e2adb00e7f062aee80985dd,2d1f95b25c68a69447a4d65090b516ea,delivered,2018-01-29 16:10:36,2018-01-29 16:37:00,2018-01-31 19:20:04,2018-02-20 12:35:58,2018-02-20,b39d02ec293e05ae9d06e86b839f2edd,2018-01-29
62f814c5cee70920ae8e265b400e8ba0,a8edb87d848c12b4bb341d5f7641a942,delivered,2018-04-05 13:26:40,2018-04-05 13:35:46,2018-04-06 17:53:44,2018-04-11 20:54:27,2018-04-26,80be23394e87672db1100b6cc6891d3f,2018-04-05
584a896de682422488ff4912dc6b0016,a0efa97e2ef6571ad6ed747a245d1278,delivered,2017-11-03 00:39:08,2017-11-03 01:20:24,2017-11-03 22:17:35,2017-11-21 00:12:50,2017-12-04,7db23b7aa0bd494f71db93ad8e9c9646,2017-11-03
1369ddd006cc84d6b337aa41f2e8dab7,386124a646dba2aaea281faab04634f9,delivered,2018-01-31 21:10:29,2018-01-31 21:30:21,2018-02-02 01:59:35,2018-02-17 14:32:12,2018-03-07,b77e44fcd284241c32aec8dc63e392cc,2018-01-31
22b1eef278d4416c1e867a55d1c39fea,a2592535b56c9256867a805f553147f1,delivered,2018-05-08 23:18:52,2018-05-08 23:34:25,2018-05-10 18:29:00,2018-05-25 19:25:25,2018-06-12,5d0a095a112a73d4ef9bf7c72626b5c1,2018-05-08
3de2c21eb663e9fe58493944d4e5f8b0,71101af8b27fc2fe7273bbbbf695d546,delivered,2017-06-16 17:13:02,2017-06-16 17:25:16,2017-06-21 20:54:41,2017-06-27 15:12:15,2017-07-06,48afc9c17d4b68ee361437ef06e82740,2017-06-16
70f90f55c4238d2d8b77e1e2b8ee8416,c2cb0597cbe5d39a13674ded580b6759,delivered,2018-03-01 16:52:28,2018-03-03 02:35:44,2018-03-08 16:02:57,2018-03-16 18:12:04,2018-03-13,b9e338b2a1eb99375b994db858fdd143,2018-03-01
3810643193a6df6844afe68e876bae6f,ae23f008876c9059cad60166094f038d,delivered,2017-11-25 10:07:56,2017-11-28 02:58:40,2017-11-29 18:21:43,2017-12-04 21:03:45,2017-12-11,48cc37105bc1569214a5477cc801e1e5,2017-11-25
9f68f87aaf72589c361305b9d4900b78,3cbd4d6b547758ddba06206a68be0cd8,delivered,2017-11-04 19:22:13,2017-11-04 19:35:30,2017-11-20 17:41:34,2017-11-24 17:17:19,2017-12-05,c242a0771386d44b6875be1fbb88a538,2017-11-04
1b25b7f6d3514c227d59499f63573fde,4aef47e0fecafbf730198c2abc397ee6,delivered,2017-05-15 18:46:52,2017-05-15 19:02:37,2017-05-16 08:42:39,2017-05-24 12:38:19,2017-06-06,f2655a0ca53cad79e713d1a21b2328b7,2017-05-15
f4e86d12ddc6d795b86817623a9de164,9fdde8e80344faf4867a80ce47f44863,delivered,2018-01-17 09:40:18,2018-01-17 09:51:24,2018-01-17 18:05:34,2018-02-22 19:45:20,2018-02-14,f050e8f3df091b759cab3b4cf7586d93,2018-01-17
925610f1667e7ed61145120c16d91b86,4141be5c147716b957def015819c1c49,delivered,2018-08-10 15:00:59,2018-08-10 15:15:13,2018-08-13 11:36:00,2018-08-14 17:38:43,2018-08-16,8a33488e0530186a75324d5f86c4bd98,2018-08-10
6816ae2fd8e9a4a6674dc2eb053da35b,03e3a430d50d6e1123627d133c65d5c4,delivered,2018-04-07 12:10:27,2018-04-07 12:30:09,2018-04-10 22:08:40,2018-04-11 23:04:37,2018-04-24,a83cc01cd09394ced3e8c97808d94d7d,2018-04-07
61e4862419474babad164172a0d6b7af,1a5a3164d769266f544a901bd8f0ee5e,delivered,2018-06-14 13:23:36,2018-06-14 14:31:45,2018-06-14 15:21:00,2018-06-15 14:20:52,2018-06-26,b4d20b907a61795e8c8f3a7966c6cfb9,2018-06-14
7668781d150cf9f360eaf458e2f8345a,877b9bc047660cc9f0f080e037b3c7f9,delivered,2017-12-12 14:37:18,2017-12-12 14:49:45,2017-12-13 13:55:28,2017-12-20 18:42:33,2018-01-05,08fbbc6232ee1ecf44d890fbc9aee34b,2017-12-12
4759b488dfc55eb259b216bb6d93ce48,f32219fce1a2be3c083f34b2169eccc9,delivered,2018-07-16 13:00:53,2018-07-16 13:15:17,2018-07-17 11:35:00,2018-07-24 19:28:36,2018-08-01,b32fe1b78643ee60348569454ea82155,2018-07-16
9f94198afddf148dacf5f49751ab3072,b1d59b3ee7b1ebaed9be61d0fcf26435,delivered,2017-07-12 20:36:42,2017-07-14 09:25:29,2017-07-14 19:46:17,2017-07-24 20:06:27,2017-08-03,f402abde281a88bbdf9e784a91aa4672,2017-07-12
bc4dd1342d6f1b0881391f55ce6de89c,a844728814f81cb785b219edde97b922,delivered,2017-11-28 14:38:33,2017-11-28 15:06:45,2017-11-30 01:49:24,2017-12-11 21:27:15,2017-12-18,5743d2a1ca1d8888f5654c661eb442ab,2017-11-28
77f6506ba8fcfa8c923e3297a1cefbe4,5810a0308b9152a83b96ec38ad7a7012,delivered,2017-07-24 14:54:03,2017-07-24 15:05:20,2017-07-25 19:43:57,2017-07-31 15:47:22,2017-08-15,c064f509284c8f9b49ef4410509de8b1,2017-07-24
7ef689cb709f1d6e42a9f52a93e2da25,5bab9be874cac635882f63b470535481,delivered,2017-12-11 12:37:18,2017-12-11 12:51:08,2017-12-13 21:38:31,2018-01-09 20:17:44,2018-01-16,8dd124b8d9921c8b53b7d86d242c0620,2017-12-11
6a572211b95b6cd2453951ff6aca653b,b6467fac41936c4a861f613434ac379a,delivered,2017-11-14 13:51:26,2017-11-15 02:46:32,2017-11-16 20:52:49,2017-12-02 16:09:07,2017-12-11,87a806963d11bd793c835934fa8176c7,2017-11-14
f885c80f891a4e49ebff85826610e6bf,f0833bf12c315d3c01f93d334d6846e1,delivered,2018-06-27 19:01:10,2018-06-28 19:11:37,2018-06-29 15:14:00,2018-07-04 18:19:12,2018-07-26,84c3b9f27b3658e76701ebf57851605a,2018-06-27
0c62ca8afaf8a77c7776893cb9866668,9f914e7e5ca3b73706d38f603f7a9a8b,delivered,2018-02-09 11:51:44,2018-02-10 11:50:24,2018-02-15 15:17:44,2018-02-25 12:21:42,2018-03-05,3234baaf437303924d9d41f3f53ba1ef,2018-02-09
bee2c5fd72a426e80d331d4c5d756923,df7204dbebae4a2adc0f87b80bb0f963,delivered,2018-08-07 08:33:34,2018-08-07 08:55:23,2018-08-08 16:20:00,2018-08-13 18:41:39,2018-08-21,55b91f059cf308a51db32467833589eb,2018-08-07
2b44f8afc9f2df6a6090d45db68f9162,d4cc8627da6e9e201f18bfc780b077b1,delivered,2018-01-27 16:03:57,2018-01-27 16:13:15,2018-01-29 17:38:46,2018-02-26 20:15:13,2018-03-01,52b84c1b77d5015046b013c49e5ed8c1,2018-01-27
a06a669230c816de8d78362b370dd46a,a3a1d7f2336ab253cc97e55324124945,delivered,2018-08-02 19:46:23,2018-08-02 20:03:50,2018-08-03 15:10:00,2018-08-08 13:56:48,2018-08-24,c801058168008981fa0a971af4b0c119,2018-08-02
751e2321971174010eb1fc0e8a99f78f,f1d7846fb1398fc65697ee1c7bebe0d9,delivered,2017-09-13 20:51:13,2017-09-13 21:04:34,2017-09-15 18:49:57,2017-09-27 19:03:44,2017-10-11,46b40b2b51306d8ea18aa1a98453e744,2017-09-13
3be1b5820b7f93acc617a3b680f37c91,4ea461e863a55ff383b3f57716e036b1,delivered,2018-04-13 13:30:21,2018-04-13 13:54:01,2018-04-13 23:21:02,2018-05-02 19:49:02,2018-05-10,b1d711eeaf05deb00e2e1259c14ef83b,2018-04-13
db8551232150d37b0f71902146aba978,9cdfe45afab0cb36a6c3c8d3901cc781,delivered,2017-05-29 22:38:58,2017-05-29 22:50:15,2017-05-30 09:55:53,2017-06-11 08:51:25,2017-06-23,ad7b617a3395fb376fa504d08b207021,2017-05-29
9b692faed4adf2e5efb7c98de308aad0,0941cc6c82ccb3ad29471a38e6a8dc04,delivered,2018-04-10 15:53:39,2018-04-10 16:11:27,2018-04-13 00:12:21,2018-04-14 15:52:12,2018-04-30,01873d3c2fc620aa701e30d2c4181673,2018-04-10
3f06b341424a7ec67dd957609ee3cba6,5df01440460ae5cac2f74aba93f8e946,delivered,2018-03-25 18:27:30,2018-03-25 18:47:57,2018-03-27 23:56:48,2018-04-02 16:32:02,2018-04-27,43aaa510c68e6d1f0355352c99c06e1b,2018-03-25
8adc2cd3ee5e7b81b1d476e6878714fa,5b28ec71fec70bd2e7a469df2e6499d8,delivered,2018-04-27 19:34:45,2018-04-27 19:52:13,2018-05-07 06:33:00,2018-05-17 21:32:46,2018-05-14,2d66adba121938be2ff805d508abc6f6,2018-04-27
b376ed1576802b4bdec883546710ff1c,bdf2f4fd692c860c623fb96f7ac2cc96,delivered,2018-07-08 22:59:57,2018-07-10 04:30:22,2018-07-11 09:10:00,2018-07-13 22:05:26,2018-07-19,9487a431899c850441dd085a4df55592,2018-07-08
691a5f36f9c90b44a0cb1ed8e6fe1f8b,c8d3e4e2b05ce379a8f6416e2b34223f,delivered,2017-06-28 20:57:23,2017-06-28 21:10:10,2017-06-29 09:29:35,2017-07-11 18:22:28,2017-07-31,fdc19d52894134217325ceef4c604199,2017-06-28
61fca2fa6ad79d201c9ac7e9d611db25,31b66cff9ba45d81e4eb8b0eea309fa1,delivered,2018-05-21 22:22:36,2018-05-22 01:15:16,2018-05-22 13:30:00,2018-06-09 14:58:36,2018-06-12,162459ac2fdb77438cd11769d85bd027,2018-05-21
13177245f820dca10cd9968a2a395b1d,af3b1412013a9f8a5dd51d610427f847,delivered,2018-05-28 16:52:57,2018-05-28 17:16:01,2018-05-29 10:41:00,2018-05-30 15:12:34,2018-06-26,2e2d56c7ec46904b382aee224a3e4bdb,2018-05-28
07d4b24a68e2180d4bc5aaf5384fa78b,9e0e48f4183f1216ab4bf955b29216c7,delivered,2017-12-30 21:44:05,2017-12-30 21:52:23,2018-01-02 18:13:13,2018-01-08 19:29:06,2018-01-30,fbd10bdfa725fd272755f9dd98752105,2017-12-30
394eefeb1d359eb230a22ba3bd68f072,0dbb188dd63b9205f0f61bdf16619f4a,delivered,2018-04-23 21:03:00,2018-04-24 18:18:18,2018-04-24 19:11:14,2018-04-25 20:14:38,2018-05-04,6e075251966872e345c2a31c0e808664,2018-04-23
7311b63eb976756358a62bb49eac4c30,655064e0a6cfb90043d68a66dbefeb95,delivered,2017-11-24 02:04:45,2017-11-24 02:13:24,2017-11-25 14:09:38,2018-01-10 18:38:34,2017-12-19,4fbdabffc2662eabc5fc8e559a24c676,2017-11-24
72bdfd404277294c8a974c65864ad82a,a49023ded65b306fc073c33f34ad85b5,delivered,2017-02-04 15:58:19,2017-02-06 09:10:21,2017-02-09 09:23:37,2017-02-17 11:28:45,2017-03-03,f2552bc0b214ea24e60386e9f4dac931,2017-02-04
ee5dbc8989dbc768ce58b68213bfc285,5eaeefaff41fd7faf56fbffae6758e5c,delivered,2017-05-20 13:22:52,2017-05-20 13:35:24,2017-05-22 13:32:01,2017-05-26 16:07:45,2017-06-09,a9fa874c06644dd6933dc79aff70540f,2017-05-20
24f9d59b5717fed5431455ac71a4a371,0ef337888c57f8e58775a2de6b386d10,delivered,2018-02-09 20:09:48,2018-02-15 03:56:00,2018-02-21 23:47:36,2018-03-01 18:59:06,2018-03-08,3132c45b19577f0ec2ab05c887dc1edc,2018-02-09
e7d4ae390bc647da72d2aa2a9faad141,dcbe9c33ea5ff5cd72dc15340da336c1,delivered,2017-10-31 11:32:48,2017-10-31 11:47:31,2017-11-01 20:17:48,2017-11-06 20:47:36,2017-11-14,8ce4dddf4e8e7c341f088595c58cb9c9,2017-10-31
b4cc5642e907efdd3c80a2343604b6d5,b02db5f33d926aceb47b5355ea2222ff,delivered,2018-02-27 12:04:55,2018-02-27 12:29:22,2018-03-01 23:22:08,2018-04-12 22:40:44,2018-03-21,bc6d9c62b6ba6353aacf5adc7969683a,2018-02-27
d899e6d4576891e29d5a9d3f1867c6e1,871ba832298881ba9598e829b27f40a3,delivered,2017-04-27 00:11:51,2017-04-27 01:22:37,2017-04-27 10:19:44,2017-05-13 10:22:44,2017-05-30,f599274309ac06df5888101ffff5d6d4,2017-04-27
b115c090b01f613e9749f85cbed95898,493e9e88e6700b55039008b0482dca90,delivered,2018-04-29 18:34:00,2018-04-29 18:54:24,2018-05-02 14:24:00,2018-05-03 18:06:33,2018-05-17,ca7932d6025d456802b2cc0f04ed7c3e,2018-04-29
cc1ae65f9da3e917ded9ef6cc5325e84,d260ae7739e4587ce41c98250f46ac36,delivered,2017-07-22 23:18:13,2017-07-22 23:30:15,2017-07-27 17:57:40,2017-08-03 13:07:35,2017-08-16,a5c9660af607788526f45b6774ac2594,2017-07-22
1400e725c796d32460308a3f47add549,bf919a6714a37fc4de08afea5d1e2b75,delivered,2018-01-17 11:23:48,2018-01-17 11:34:24,2018-01-19 19:09:15,2018-02-02 19:14:53,2018-02-14,a575f8966a860979de35d63cbb90d9e2,2018-01-17
036467185263519cd4f15dde1f8664e6,4ac92db0564301eb239e8df281c45fb6,delivered,2017-11-06 18:05:56,2017-11-08 03:26:44,2017-11-09 19:58:52,2017-11-20 18:12:03,2017-12-05,06a46121174f129a77f8e50824a5710d,2017-11-06
f59598bb404b6266abfc1fc2d18aa79d,6992599bbe04a902355302808a428949,delivered,2017-02-14 23:11:02,2017-02-14 23:24:01,2017-02-23 11:04:50,2017-03-04 10:57:43,2017-04-06,462182a167624f60fb9aab2f6139c2c7,2017-02-14
50da5576c9b517983b6f5fcf44863cfe,02faaf661d80bd26b06ca44de75a20c5,delivered,2018-08-05 17:49:07,2018-08-05 18:24:10,2018-08-09 12:42:00,2018-08-17 17:02:54,2018-08-23,ed88bc440d530e4a7cca8bb4f2c110d6,2018-08-05
8db13b5ac7b555d8b6bc0062763ae387,5ce679079249b5d4d0ce9932aebee695,delivered,2018-02-17 22:05:41,2018-02-18 22:50:22,2018-02-19 19:12:06,2018-03-10 05:11:45,2018-03-21,087329e89b9294b9f586b7d7392537e8,2018-02-17
8533051a3ddfba857f39aa28d5b7a8f1,1d734c634745b4b85d598e2f097c828a,delivered,2018-06-04 10:31:30,2018-06-05 04:12:45,2018-06-05 12:08:00,2018-06-10 13:47:25,2018-07-18,dda2af94f5aecce80c03739dd646bf5e,2018-06-04
cf11662629878c4c564fcd1c86fed868,a5dc4854fe39eebbdb299875bb335361,delivered,2018-07-16 12:09:41,2018-07-16 12:20:16,2018-07-17 06:38:00,2018-07-25 16:07:15,2018-08-07,f11a22b881ec4f075b0bcc1f9c918dfe,2018-07-16
f691bccd49f326797b1c69eb55d2a354,7bc187ccb73d502b2088482e4fb0a16c,delivered,2017-04-04 11:45:56,2017-04-06 02:50:21,2017-04-07 10:09:03,2017-04-11 09:41:40,2017-05-05,39e943abc3dcbe0ff54fd2764cc47436,2017-04-04
5124d1910fba5bcf45b9372eb874fe2d,a4108f668ee0837853954a5ce287613c,delivered,2018-04-15 13:12:43,2018-04-16 09:35:11,2018-04-16 22:54:24,2018-04-28 01:04:09,2018-05-16,cd87020fced97c9e9072952ce034249e,2018-04-15
2a0fa6741aab1f723a7eeaaf58fda1e4,44d64cac6b7087a085f02d3895df8028,delivered,2018-04-25 20:05:21,2018-04-25 20:31:26,2018-04-26 15:01:00,2018-05-15 20:41:23,2018-06-05,8ee1e34425fc54b1f87318160b378c3b,2018-04-25
591288ee2b6ee99477e22218020308ff,9f35c2a214b9d0e2a6cf6d1e11614705,delivered,2018-08-09 16:45:45,2018-08-09 17:45:10,2018-08-10 12:33:00,2018-08-22 21:58:52,2018-09-04,93604ac2c0212a0bb735a94d4d91a476,2018-08-09
07dedb9d22cef1af1540ab753c537c4c,ca618abc1a2b015a670d47a8f7694612,delivered,2017-09-13 10:19:09,2017-09-13 11:34:34,2017-09-15 08:24:54,2017-09-23 16:07:50,2017-10-04,b7eb84f8a1ea3958ad9950235cffcd4d,2017-09-13
aecd12eef9fabbbde3ee307934546868,aa7573a3dbeb2e4863bbee49cec0cb95,delivered,2018-05-12 23:11:44,2018-05-12 23:30:59,2018-05-14 12:48:00,2018-05-22 21:46:50,2018-06-06,a36eced8c1d3ccd1ae371f1439ec5d5d,2018-05-12
fd58331db3c355dfc547b6dc5065f33e,99d2831aceaca1b7b08aab3d0a47f43f,delivered,2018-07-20 22:27:33,2018-07-20 22:43:55,2018-07-24 06:32:00,2018-07-30 17:08:52,2018-08-10,16808fb1400180e8b29e8e119e3ae318,2018-07-20
de003338463979d8a9be8b8d3e598efa,a5fc87720b2ee6dd805edc6cf48d2e18,delivered,2018-04-26 00:18:49,2018-04-26 00:35:17,2018-04-27 12:32:00,2018-05-03 17:51:54,2018-05-21,29b0b21f7392f0a825de546f28d621bb,2018-04-26
2ef7655210817ffa67b86a61331b4c92,b0ab89eb69e28e62f5d721f0b38fc381,delivered,2017-07-15 18:05:13,2017-07-15 18:15:20,2017-07-17 19:44:33,2017-07-24 14:18:10,2017-08-08,b4afccaecc63f72c2e1883b119e2f78a,2017-07-15
de3a93f2df895a8b77a7e947b56a1af5,f377c1f04f510f90145bb4e57e2aeebe,delivered,2017-11-13 15:51:38,2017-11-13 16:10:45,2017-11-14 18:14:53,2017-11-22 20:41:23,2017-12-04,0f7e16b012929c00a24feecdaad60f20,2017-11-13
7a56ded9b696cca5e892f56f49b1921a,caca87282df2b6fce5e717b93e548b92,canceled,2018-01-28 21:44:00,2018-01-28 21:58:09,2018-01-29 20:21:44,,2018-03-02,028ccf85a88eb595cfa50d7a0d417868,2018-01-28
8a8bf0059b86c0231bacf33f3dedcba2,4104c2e389807d2511cd9c3874b748f1,delivered,2017-08-21 02:29:52,2017-08-21 02:44:21,2017-08-21 21:05:55,2017-09-14 20:49:49,2017-09-25,c0296d2f1d695fe04a074abd06a330a9,2017-08-21
c0926505809f1295c7ca6902c2c4d932,c2c1b23dc2866a7449bdfd4cf6123e81,delivered,2018-05-20 13:30:26,2018-05-22 08:16:22,2018-05-23 13:01:00,2018-06-07 18:15:39,2018-06-07,41ad36ede9c0e1dd003fa5283bf08ae2,2018-05-20
db7c1adfe423878e28b1e27431efb880,44db6a0342dae03009f4b1115b24d9c6,delivered,2018-01-18 19:49:51,2018-01-19 19:49:44,2018-01-22 19:03:50,2018-01-29 21:06:38,2018-02-15,4d50764ac486be215e204a03f2ab11c8,2018-01-18
d96f940617a3c0e0e9c785239c9d807c,d6d8b92f8688645c46a8e92425c1d2ed,delivered,2018-07-09 22:51:02,2018-07-09 23:05:12,2018-07-10 11:27:00,2018-07-16 15:34:46,2018-08-01,03146a8b7c6feaac56b53e8e834eccd2,2018-07-09
0c61d8257611b6d6465f9c8ec5674b0a,57196a49e744d8cf881f433e8f3c583e,delivered,2018-01-06 17:32:57,2018-01-09 16:10:41,2018-01-15 16:22:19,2018-02-07 21:13:32,2018-02-14,d8811f570278be4d4c3120202dbe00ab,2018-01-06
45c72f651e3767b02a9f9938b2cba5d1,cc5ed2e92f3525fffba5d366b40d9bed,delivered,2018-05-07 12:58:46,2018-05-07 16:15:36,2018-05-08 14:12:00,2018-05-14 11:52:11,2018-05-24,08135a63f41779f66db61f06f67a7aa1,2018-05-07
a250092009e031f3162f9134a40261c2,569074f2521cdbba257e9fae5d95d75b,delivered,2018-06-25 13:29:12,2018-06-25 13:58:21,2018-06-25 13:07:00,2018-07-03 19:51:41,2018-07-18,70079f5ed8eef71be91c03f4785c3515,2018-06-25
f216085102c6b913fcbf7f5bcadcb454,7a4012f9a7ae8ce611dcc1d6c21f3973,delivered,2017-03-01 22:43:47,2017-03-02 04:15:14,2017-03-02 07:52:53,2017-03-08 04:56:01,2017-03-20,fc13e33242b4f5a32f001a9d5873b880,2017-03-01
650b025cd24c4072e607bdbcb8a030f2,407c757765d8367d4044c50a0e406004,delivered,2018-08-19 11:58:00,2018-08-20 11:33:14,2018-08-21 13:08:00,2018-08-27 15:19:12,2018-08-29,aa9093a2b098a54d8378e20ff736c62e,2018-08-19
1b0fd42cfc51e77567823cb398ef2e26,db45c5d54c01175b7dbbfb6d533b33b3,delivered,2018-08-16 22:06:34,2018-08-16 22:29:19,2018-08-21 12:48:00,2018-08-28 20:06:50,2018-08-29,a9c3f19dd756a0f8d81c14f0616761e9,2018-08-16
c5c2232db371b0ad334737e8323958ec,2abced1b837101fd4c86138cd670498c,delivered,2018-04-16 15:35:23,2018-04-16 15:53:21,2018-04-17 18:31:49,2018-04-20 20:08:38,2018-05-09,e375b4cb54d6a51cdbab74f3bf07ef77,2018-04-16
39959ff1a251b948e61c0fc006e74d85,ad8878022960436117fc24366b1e0cdc,delivered,2017-10-25 06:25:04,2017-10-25 06:49:15,2017-10-26 19:41:53,2017-11-01 19:42:01,2017-11-21,14a9b2307dad0e6ae5fa706c06d71334,2017-10-25
ebd182d678f7c5aec1f89d5f6f9848ec,1e5aa0d19c1129b3ebb1d369ee0a7d3e,delivered,2018-03-23 15:00:03,2018-03-24 02:28:36,2018-03-27 19:58:34,2018-04-04 16:47:42,2018-04-17,d7ad4446f5142b38e6257875b14485a6,2018-03-23
30cc18e46e6a888afe8a75262a6f021d,29d38f9bf6cf71f4db95a87da5ad5086,delivered,2018-04-12 20:57:47,2018-04-14 02:30:31,2018-04-16 23:19:16,2018-04-23 22:54:48,2018-05-10,c1713c12ce18184daa227e1d7ab0e15e,2018-04-12
d4c58595bdf85c5e0faf0800e4ef4b94,680abf1459550db0026fb833970405ee,delivered,2017-12-05 10:57:50,2017-12-05 11:46:54,2017-12-07 02:08:15,2017-12-13 17:18:42,2017-12-28,99b9ad126ab2c8d9cea9eef632c650d1,2017-12-05
18323bf515bec81ec824b51f618d2429,2dd5c9999a479a9e240d42bd38b4266a,delivered,2017-03-10 19:32:27,2017-03-10 19:32:27,2017-03-13 04:13:42,2017-03-21 17:45:36,2017-04-06,5e85d75d3e3df197f08b89a2cbaad54b,2017-03-10
df09698fab7f356cb66e565dbcc436b6,89f3ec66fbc0b0c1da93ba74b37cf743,delivered,2018-04-19 15:54:13,2018-04-19 16:18:47,2018-04-20 21:44:52,2018-04-27 21:03:35,2018-05-10,683dda34274d9619fc7c958542691e4a,2018-04-19
4c77961d5a6909826862fe6d8881f1b3,2c0f7357417a5ffbe649bd35a797804e,delivered,2017-09-22 22:33:22,2017-09-22 22:45:36,2017-10-02 15:23:05,2017-10-06 21:37:40,2017-10-16,693b3203dcd4cef5288c5fd8d53f0efe,2017-09-22
dd1848be19cde4db26876697683f8373,b259a18f491514438ba620caf0bc2c38,delivered,2017-11-24 19:50:21,2017-11-24 22:59:10,2017-11-25 14:50:04,2017-12-06 23:47:09,2017-12-19,215b9a9848df6dd29932574ccebb5b3e,2017-11-24
fcc9c76cda1ab5637e8ada986e1e3cbe,3c73f6fe4ca4dc02556556c8842972fb,delivered,2018-06-24 15:06:40,2018-06-24 15:34:46,2018-06-25 15:52:00,2018-06-26 18:32:45,2018-07-12,aa113397c749a6a68078b664861c6149,2018-06-24
27507e5396fa8fdcce6c0b40fd77dbc2,7a9888a1045d84473d63bcf563b692ee,delivered,2018-01-20 15:39:59,2018-01-20 16:00:27,2018-01-23 00:58:52,2018-02-02 15:07:44,2018-02-15,6ee3895d0b34aa045669a32035ca6016,2018-01-20
efc0a4486f951c342875c6ffdeca315a,13ebe92bd21473c8a7926bca506590c9,delivered,2018-01-04 21:51:02,2018-01-04 21:58:26,2018-01-05 23:14:33,2018-01-10 18:53:17,2018-01-30,fc6fd653aacdef6e76bfc369d0958b42,2018-01-04
719d3e99ac9883643ff9a790a2efe206,a0402041f21126e553b1a0ca676d95c8,delivered,2018-01-25 15:14:35,2018-01-25 15:40:52,2018-01-29 18:29:00,2018-02-06 20:55:00,2018-02-19,08a91887595ace500082dcccdf8aaa3c,2018-01-25
a27874560d28be4b067361438e6ac19f,3366a9b36f3e7f7fadb85cc581f58f2a,delivered,2018-07-24 22:48:37,2018-07-24 23:04:24,2018-07-25 13:26:00,2018-08-01 23:40:49,2018-08-15,58af698714ef0f1b2ebc16796b763b9d,2018-07-24
4fddd233c42ca366f24daa034b3adacf,4b9fd65d8c6df9b8c9799ca7b0c75cdf,delivered,2017-10-04 11:48:31,2017-10-04 12:04:15,2017-10-05 21:03:39,2017-10-10 21:11:43,2017-10-23,7f913eab0047b511dc51539b61866275,2017-10-04
ecd516e4c1c35156559cb25ee815abdf,d624161e112c9dc60cadc378a1601d2f,delivered,2018-01-08 13:17:36,2018-01-09 07:25:49,2018-01-13 04:29:00,2018-01-23 20:48:55,2018-02-06,f52e54a5d931d3ccd4f6e3a4b48f3aef,2018-01-08
076204e886f6d81145cf693a72794765,58c2ff35edc0c22c7430228ce542743f,delivered,2018-07-23 09:45:44,2018-07-25 02:44:26,2018-07-26 10:01:00,2018-08-08 19:15:50,2018-08-16,23f1b9f888e9842d13f8324c598d0759,2018-07-23
6900ba78f72feb30643f7c2e2ebb3aa1,7a025a70305eeb3f28d6f279b2312f57,unavailable,2017-04-23 18:16:54,2017-04-23 18:30:35,,,2017-05-11,b6e3114351fe7b547195b542cb8fb006,2017-04-23
074e803978094c38b91ddd375ee6ca69,cca88fa7b5c234e518fb27e1b1856c85,delivered,2017-11-06 23:16:19,2017-11-07 05:31:29,2017-11-08 21:06:48,2017-11-10 15:16:27,2017-11-24,5635216314a6c805bd733cbbf6d777b4,2017-11-06
0bb273d0289520ad7addfc985468f5bb,73a710dbc1214a53b1c3b7222b9bfd83,delivered,2018-03-12 17:01:43,2018-03-12 17:10:42,2018-03-13 21:24:48,2018-03-15 23:33:05,2018-03-22,a3f950daf5819f8a6848e70fdf61434a,2018-03-12
185b9908e599d49428dc7b8238c8076a,67eb6db86fe08a741a5b671247b01d45,delivered,2018-04-10 11:54:40,2018-04-11 09:12:25,2018-04-11 22:18:28,2018-04-16 20:08:28,2018-05-17,56e80e4b4a777631c5399e3fd0d6ee85,2018-04-10
917c3737170fdfa7475759fa178ebbe1,616d84c875f242809a36e1a60a93e577,delivered,2017-06-15 11:35:38,2017-06-15 11:50:43,2017-06-16 15:22:09,2017-06-22 11:17:58,2017-07-10,a18a99f7c9ee15d22e9431b36b32b96b,2017-06-15
0e6386e1cb625fe4fdbd3d101d2cb687,6482c915ec997dacbb610e3e6cf6c6bd,delivered,2017-09-01 00:23:12,2017-09-01 01:32:45,2017-09-01 20:09:37,2017-09-08 18:29:58,2017-09-21,aac441a39c3a5649e0378fcd43a9ba9f,2017-09-01
ac421cfa14e42c29519f372fa63c6558,57bf0fde6966ebc34097dfd5291d60ff,delivered,2017-11-15 16:41:55,2017-11-17 03:55:38,2017-11-17 19:07:07,2017-11-22 13:38:26,2017-12-05,3de03ac9d679a817f4746364e28ee39d,2017-11-15
0bd8d3c647ff6125dc1689eecf809a90,2cc52602f1e7839b508eec87bcddf2c1,delivered,2018-06-28 16:45:13,2018-06-28 17:11:49,2018-07-03 13:09:00,2018-07-06 13:48:56,2018-07-23,8d2e6e06bc699c6820abef4299a637ae,2018-06-28
6672f82679e65c575e7d00564c1dd239,5ac0911113a65439a5663bc2edf6510f,delivered,2017-07-15 21:23:25,2017-07-15 21:35:18,2017-07-21 16:06:44,2017-07-31 21:13:31,2017-08-08,ca35862a040737de9c3ecd4ce1066915,2017-07-15
efed8668846db8134d128f21368fd2ca,f1ad650dbf1f18fb1a4b9c8afbb2cf43,shipped,2018-03-28 14:35:30,2018-03-29 03:09:06,2018-03-29 20:58:55,,2018-04-20,c0fd3d81fe37e289640563bfbd4aa880,2018-03-28
c8be852c87c5ad138377bcd4fb27ee3c,c5a7ca6a5aff998a93667bf3933db1fe,delivered,2018-07-07 22:18:33,2018-07-10 08:35:19,2018-07-10 15:38:00,2018-07-12 21:32:44,2018-08-02,8d594d505acaac0aa1b1407d7a253ebb,2018-07-07
6f9c246060baeb33b04a02da9b66baca,9969b1f1be2d2ed2dd597d8fc4235940,delivered,2018-05-19 09:03:32,2018-05-19 09:15:13,2018-05-23 14:09:00,2018-06-05 00:18:39,2018-05-30,1d7c91324dd03110a1b945561683043e,2018-05-19
115e5f8ceec805909d9cc974e1653153,0ed5a576ad6a0847595937434ef7c0d2,delivered,2018-01-11 10:51:16,2018-01-11 11:08:42,2018-01-12 15:11:32,2018-01-23 17:32:01,2018-02-05,1545c5dbb98090668fae2225ac8237ce,2018-01-11
43d5b31ed2c5e37b66622cdc0c4f6452,10b13e89e2eb3812975f1dc3884874de,delivered,2018-04-18 22:49:49,2018-04-18 23:11:08,2018-04-19 23:36:44,2018-05-30 21:58:51,2018-05-16,9ce5dc90259123107bd01b26ea8e59c8,2018-04-18
4e102515dd3511449d6a1bf57bfc0d6b,a86cc7981a5c2657a638c10692871175,delivered,2018-05-02 10:00:35,2018-05-03 04:12:53,2018-05-04 20:26:00,2018-05-09 15:12:08,2018-05-24,87ded80c193b0b8fb846857f162d4b34,2018-05-02
64234b0749a3c2853676c704243ac626,26cf4348bbe8b37b5e810bb7a054a344,delivered,2018-06-16 15:42:51,2018-06-16 15:59:28,2018-06-18 14:53:00,2018-06-28 07:09:34,2018-07-17,7bcc0de77acf9e498de1c9535c4cf9eb,2018-06-16
9537e35e835d4ae6b7b219b8b2e36817,b87f977ff3eb88e15e3203b417f51332,delivered,2018-08-01 17:04:58,2018-08-03 02:50:37,2018-08-20 15:44:00,2018-08-27 18:03:45,2018-09-10,444d40d5ed5d2215271e5f82116a82f8,2018-08-01
426ae4dd4be2e6836ef89763d45f2149,98df4110c84b721812f320c82d936019,delivered,2017-10-13 12:19:49,2017-10-14 12:29:35,2017-10-18 17:17:49,2017-10-28 17:38:53,2017-11-03,7528fbe45ed5db187d77f2dfcf348d9a,2017-10-13
4a46aca9ae0f89326ddb4bd7dfd041a1,ede8b3656ee780560a8edb66108f5fc1,delivered,2017-03-26 15:13:46,2017-03-26 15:21:54,2017-03-27 15:14:17,2017-04-18 14:10:43,2017-04-18,77c077270297c7125822d84087be8a1a,2017-03-26
5ad67427b38c94669fc35ffc73bce412,10dbdfe9635224a0a2662d03219fc1bf,delivered,2018-08-14 11:09:51,2018-08-14 11:25:20,2018-08-15 12:39:00,2018-08-24 00:46:29,2018-09-11,4f4deff67ef63159131dc1e03a0e2ee1,2018-08-14
af2099df7b489e3bd2759c1daf111594,eeeebde1ad8ac2ca6903d3cdeca82138,delivered,2017-03-16 22:45:18,2017-03-16 22:45:18,2017-03-21 06:43:44,2017-05-01 12:23:22,2017-04-19,f76903ae08edba823d7527566d50398f,2017-03-16
175e57b0e30236d6cff85c13372a5592,df2db16f9c09041c651dcb651354da15,delivered,2018-01-17 07:53:24,2018-01-17 08:30:45,2018-01-17 18:33:20,2018-01-23 21:59:45,2018-02-16,dee2ff2ee1da81055763967c2f0f524c,2018-01-17
2b60da7e540bad4d34c080572d334d60,7c4782af72ce7f6ab383ee2d5f1a1427,delivered,2018-05-05 17:53:52,2018-05-05 18:13:36,2018-05-08 06:28:00,2018-05-09 15:19:37,2018-05-22,1ba9d88d85500517fab38fc2466bdfb2,2018-05-05
a1b3dfb15a60b4a575af043c73f2a3d5,6ce902380884ac15cd00fd8636263b89,delivered,2017-06-06 16:32:42,2017-06-06 16:55:24,2017-06-19 17:09:49,2017-06-19 20:55:42,2017-06-28,8a11110707b2df2f9ba077682eabd2f0,2017-06-06
d67ba8aafdc70b372ea99f74795a039d,9f6add154d6025cc831d17414eabd313,delivered,2018-05-02 11:11:09,2018-05-03 12:20:01,2018-05-03 13:16:00,2018-05-08 16:08:36,2018-05-21,f9d76db40c0995bce032f17b72900630,2018-05-02
65e735700fb504519ff5b6baa3a8cb11,a9a9661d1d1f3459d0cc29a9b93a5a49,delivered,2018-02-03 22:14:03,2018-02-03 22:30:24,2018-02-07 17:47:56,2018-02-15 20:55:11,2018-03-06,6c37fd1a8228290c3355ce72a40584b4,2018-02-03
a389f1f731daee05d63fe992c0f689eb,50f35f64380f777201a47222ea2ec6e1,delivered,2017-03-07 23:27:11,2017-03-07 23:43:19,2017-03-08 17:46:10,2017-03-10 04:48:45,2017-04-03,b946fd65c8a5e2893f48051a46f8692d,2017-03-07
eb2efae7334e4776381755ecd7c831dc,cfc905dc1522428901e88a7fa04d174d,delivered,2018-02-12 11:13:05,2018-02-12 11:48:04,2018-02-14 22:43:18,2018-03-23 14:44:55,2018-03-14,a6bb7411f112ad5b49f82fa142693d3c,2018-02-12
ce957db0e98045f489b3be23359a90f5,734ff2ae35bcb0f1318371166b54903d,delivered,2017-06-24 16:37:47,2017-06-24 16:50:22,2017-06-26 14:22:47,2017-07-11 16:21:31,2017-07-18,baf05603499552540247c8789f6c3705,2017-06-24
74ea3815fca8d03749e89470f099ff98,b76bb4d6d4bf5cde30275fd1fefc1c11,delivered,2017-05-11 17:40:02,2017-05-11 17:50:13,2017-05-12 14:49:36,2017-05-18 13:40:06,2017-06-01,fee7f74f1dde84551da9e0002c4bf708,2017-05-11
f778c08595fa3873bb689febdda2c509,4999d38c632863ac151e872e3206c7ba,delivered,2017-03-17 23:06:09,2017-03-24 18:03:20,2017-03-28 17:58:51,2017-03-31 11:08:13,2017-04-19,1d85872028c9afb2632193508c81ef2e,2017-03-17
e54c837c3ceab3a51f0afec240e9799a,fac7ff3b0fbf8ea9452c5257d369b8ff,delivered,2017-11-23 23:36:37,2017-11-23 23:48:11,2017-11-24 17:48:53,2017-12-19 20:06:42,2017-12-20,bb25b67c02bced70fd21659b45cf6ced,2017-11-23
d97054c687bd818d4f7b78cda2eb4f01,41367d8519996d17296299c0a76546ab,delivered,2018-06-23 14:16:49,2018-06-23 14:35:30,2018-06-25 14:33:00,2018-07-03 16:56:06,2018-07-30,df4a473fe7397ce0ee7d1eab32169540,2018-06-23
670c4b17da301d33c203760668ded9b1,575a45184fe2dd0b5413a6b5294e6e53,delivered,2018-08-02 16:45:33,2018-08-04 04:11:34,2018-08-07 11:22:00,2018-08-16 21:52:39,2018-08-20,bd01f5af9942b90067fccb4e1515f84d,2018-08-02
7cd15a71ceaf712ec5e134996f2f8586,c7c9ee8736dff5ec5d8cf9e5e88a5b03,delivered,2017-11-12 11:50:24,2017-11-12 12:10:23,2017-11-14 17:53:59,2017-11-20 21:13:15,2017-12-05,1ee3b4e69e4b9c22774a70fdf4afa78b,2017-11-12
d69373cb870bd1bf9a92059e36241d1d,445dd8eae4fcf0cd02ced9e1a5023914,delivered,2017-08-04 13:41:24,2017-08-05 02:55:15,2017-08-08 18:07:03,2017-08-10 19:23:45,2017-08-17,23e1bef9b3d57de340609229762d08cd,2017-08-04
14cccd76360744f54b4d0fad37c12ebb,58408b38aaa39dae7ed36422ae1662bf,delivered,2018-04-11 16:38:48,2018-04-11 16:51:25,2018-04-13 22:51:14,2018-05-10 23:12:57,2018-05-10,dfe74e9cfd52b24a87b2803f3c00b4e1,2018-04-11
78e38ba7bc74953eaff8343cc184b692,703f1588c964db32571e405b538dc39b,delivered,2017-10-26 19:54:51,2017-10-26 20:06:46,2017-10-27 18:23:14,2017-11-09 19:51:45,2017-11-22,b1081ec8c46e21c0aceb2609aeb8c1b8,2017-10-26
47e96b5cb6f0592d336b6bf8a817d1c3,9cce7727e7d1d1a738ccc755eae38e93,canceled,2018-01-21 12:44:16,2018-01-22 13:49:10,2018-02-01 00:08:56,,2018-02-19,78f244c2ca9bc50af8437bb3e3e40679,2018-01-21
d32cb51bd31a6d467f53c1e4aaeee27f,9a146f5ad6a05d06cae2ddcbdcf3acda,delivered,2017-05-12 14:12:57,2017-05-12 14:25:08,2017-05-15 13:24:36,2017-05-23 12:52:10,2017-06-01,e5ea6dad484988598bebac0aefa72c46,2017-05-12
a49b30472ac98d5d5e1889d3ce2974b1,20a828350fefc33a447a56d221c69535,delivered,2017-11-25 15:05:34,2017-11-25 15:14:32,2017-11-28 23:09:15,2017-11-29 20:15:38,2017-12-11,bcede807848eef4857ee47f3ae57ebd6,2017-11-25
5e5e4681bb7d9d823fcbe2a440e5c0aa,0aa02628673fa6a77842ad2c978a2007,delivered,2018-08-15 21:57:43,2018-08-15 22:45:15,2018-08-16 13:49:00,2018-08-25 13:11:06,2018-08-30,04ff909fcff946cd0653c32082030552,2018-08-15
89004e15d2c77c8dd899015d2662b32d,fdfd1f88a6314339d664256e9a6cd9df,delivered,2017-04-06 12:03:37,2017-04-06 13:05:42,2017-04-10 16:16:54,2017-04-17 15:37:20,2017-05-09,37f9c2ef5c2b14f8215f23ea27005865,2017-04-06
386e8a08c195e02dc257e4b0f34780f7,00e144a7e8e11d93c3c4f12558735f03,delivered,2017-12-10 12:18:14,2017-12-12 03:50:06,2017-12-14 03:19:01,2017-12-28 19:54:06,2018-01-12,b228692e71b74a9931496bf59debce23,2017-12-10
0229e66693fbbd736e5022221fc8148b,de7123a14192ec3066359926049b0f28,delivered,2018-08-18 21:10:16,2018-08-18 21:29:41,2018-08-22 15:35:00,2018-08-28 16:35:35,2018-09-06,dd23bb62a5c9ad13651fb6281a15b3bb,2018-08-18
3189959300e5acc4558e39ee4026e122,d5b4754054628d3de0a3349b093fde2e,delivered,2017-12-21 13:03:18,2017-12-22 02:50:44,2018-01-12 22:43:21,2018-01-13 05:13:40,2018-01-24,ca4745cd332b50d31c221b30ed202065,2017-12-21
17eebf32ee6d0d9dae95956506edbe25,ca46a32ce810307efa830b6ae9bf947f,delivered,2018-04-28 11:40:50,2018-04-28 11:50:48,2018-04-30 13:44:00,2018-05-03 07:33:31,2018-05-17,451079e352b9452dba9a5ac98599e5ab,2018-04-28
f29a57242152dd7973de7bec76001aac,31fbe11f03bb18977db56fc23e275565,delivered,2017-12-05 13:04:21,2017-12-06 02:35:28,2017-12-08 16:29:18,2017-12-17 18:13:17,2017-12-21,3796be92bdf2d11356c0e92bf2167b2c,2017-12-05
7e4136a613d78bb0bcf91f3de71dc5cf,0d37f2be8271c870f6bceb81e37eb46c,delivered,2018-01-16 10:17:11,2018-01-16 10:29:53,2018-01-16 18:43:05,2018-01-27 14:03:12,2018-02-14,672a4671f579a2af1825f6a0878adb79,2018-01-16
17eea1bb78f458449eacc5933303cbf8,97787489b46b57d73c90f43ecd498254,delivered,2017-08-29 07:27:25,2017-08-29 07:44:26,2017-08-29 16:48:02,2017-09-01 21:42:12,2017-09-18,b45fab67f2ed3ef37467b9556895cac7,2017-08-29
19546679faff011a366725587c0d944d,9e94facb3975996f4922820fc31b96e0,delivered,2017-10-31 15:00:53,2017-11-02 02:15:37,2017-11-06 19:17:49,2017-11-14 17:41:43,2017-11-24,78b5508c34d8f0974822819043d61ee9,2017-10-31
d9efb99c346e10af741a8c38b546ad80,77b06fa31fdd5fd00c701b7f01759986,delivered,2017-12-04 23:03:32,2017-12-05 10:30:43,2017-12-06 21:58:56,2017-12-11 18:42:06,2018-01-02,5fb5468ac27cad3558c885f041d90fb0,2017-12-04
ff08fd76861967a9d7cf3b5443efb8d7,82f8501340d228f409a15bbb75b57edd,delivered,2018-01-04 12:13:07,2018-01-04 12:28:54,2018-01-05 17:52:42,2018-01-22 15:47:14,2018-02-05,305b4a136082eb1de9df726d3841fbd1,2018-01-04
990191561cdc07033c9508e128674f6b,84dd4d31a38b294e491fc3a62bf85dfe,delivered,2017-04-24 21:32:00,2017-04-24 21:45:12,2017-04-27 15:07:56,2017-05-10 09:49:55,2017-05-15,f75a95e5eec76f19cdae1c8dc776f770,2017-04-24
8a110d52eb3b463368987e55a3762fa2,183c36801d485972dce2562441fbaf1d,delivered,2018-02-15 11:04:27,2018-02-15 11:30:29,2018-02-16 19:22:43,2018-02-20 21:52:34,2018-03-12,d18b0627df3001ea42ff214f717150c8,2018-02-15
665a5fdd34c24a956e9b6194e822d222,752f76ff8ec253dd68c8071b8dd06073,delivered,2017-11-21 23:34:05,2017-11-21 23:46:49,2017-11-27 18:57:15,2017-11-30 22:27:52,2017-12-18,a6a7ce24f7d86db018728d21dcb4b50a,2017-11-21
9209e9a4ad05cf804c49922051fc44d9,e29582b5eb3bee86cc7d5b4f43b63a6a,delivered,2017-02-01 09:08:50,2017-02-02 02:55:16,2017-02-03 15:13:16,2017-02-15 12:47:52,2017-03-20,4bb740141ad510be830b6c6b7914f25b,2017-02-01
3ccbc3e759cb926efed7463e36ac6344,718e525f4d9027e2780857dc086ebb32,delivered,2017-10-03 18:25:57,2017-10-03 18:44:17,2017-10-05 15:02:42,2017-10-09 20:52:25,2017-10-27,bc8de4cf1e7ae14f6d3ac9189bfe4cd9,2017-10-03
a2a7169e4204a769d0c0f85581e7f139,809826f29570a931ea16432d3d55b167,delivered,2017-03-12 00:06:45,2017-03-12 00:06:45,2017-03-13 15:20:47,2017-03-17 09:53:34,2017-04-03,0821beeb20948f233864186b1d3c06b2,2017-03-12
7ec6021176941588f1d92734b1b35cce,ea43222bd95135bcbbd7359921c793b1,delivered,2017-08-04 15:12:56,2017-08-04 15:30:19,2017-08-07 18:27:41,2017-08-15 16:55:39,2017-08-28,8df1b3bfda9077ad979268b17a9523ca,2017-08-04
f6ed6898419c893a57cd88e7dbbdb2c7,0f16a3bf59027a68aaea6d31286e28b5,delivered,2018-02-27 18:31:39,2018-02-27 18:48:22,2018-02-28 20:12:45,2018-04-09 23:33:38,2018-03-20,059fa076fac3b456fd6592d4f7142b9e,2018-02-27
e7fadac552b6b6afac7200cfd72f9b77,fac2c2eb0c7413a1173b3d2caced026a,delivered,2018-01-16 17:18:17,2018-01-17 17:15:41,2018-01-23 15:52:47,2018-01-29 19:07:50,2018-02-16,3d10ac7da0ac4aa6035a89efaeadc9ec,2018-01-16
1fa1a852a56406283704f49720016285,39865f54242cf5fe00117ec8a775f98d,invoiced,2018-01-19 08:51:26,2018-01-19 09:19:23,,,2018-02-16,703f65d139324043f2724154caa49c5c,2018-01-19
1a144214f8799bd9e27e84ab6d55fbbf,96f205a3bb3818698d8f49ecf41200ab,delivered,2017-12-04 09:52:39,2017-12-05 11:25:06,2017-12-06 15:54:56,2017-12-19 00:28:12,2017-12-27,c3c1ae43e55443b882b18adbfe7c371d,2017-12-04
c2ed06437a123b8c578ce63581930191,65897a02756a5919541baf6e683f7282,delivered,2017-03-18 16:32:13,2017-03-18 16:32:13,2017-03-23 16:34:25,2017-03-30 14:38:45,2017-04-26,ba36b3a9fa9cdea265ea96a4391d3ef6,2017-03-18
1b3c6f127c67654015b4f2a7b882ec40,f4f32a1d492eb00e6139fdf985548136,delivered,2017-12-01 13:08:09,2017-12-01 13:18:40,2017-12-05 14:27:57,2017-12-14 20:33:16,2018-01-10,76ab1b49391ce566431f4ce1d52b3f6d,2017-12-01
d7520dd6301787392e59dddbbc68ea22,7595e4347e556e9e047cd6aef77ba4f1,delivered,2017-05-14 19:18:11,2017-05-15 19:25:18,2017-05-18 13:12:57,2017-05-22 09:05:03,2017-05-24,970cf46f7115375cd62b593635e73e28,2017-05-14
d8d0471bb378cd618edd30efbc110325,608be3b5a7f9463f5392ef063cea96d5,delivered,2017-05-31 17:52:56,2017-05-31 18:05:16,2017-06-01 09:08:06,2017-06-14 15:15:03,2017-06-27,537702fb1e07268eaabb73d88a90e2fd,2017-05-31
56fd7f1e63ea8177e02f64f5077ee7f3,b56ae5e64e7fe3540d496019baaa61b5,canceled,2017-02-12 13:41:41,2017-02-12 13:50:20,,,2017-03-21,37fa04dee8fc86136fce03f87a6e8879,2017-02-12
36bc3158d94ee7eb9405f0ac77259d07,b7145cf1615e2b7375e9d77b0406d83d,delivered,2017-09-25 19:44:56,2017-09-25 20:04:26,2017-09-26 15:52:34,2017-09-29 20:07:25,2017-10-17,35a5df988e3223b0d1db59bea91fbeda,2017-09-25
110e1980401cf18f27590b4023ff5e32,f0966e2b4cd732ffffaf17f1870e72c5,delivered,2018-05-31 17:48:06,2018-05-31 18:12:51,2018-06-01 14:40:00,2018-06-04 23:29:29,2018-06-26,dfdcc1f8c27500c34a9fc70695b1b1e4,2018-05-31
cbf012d904aadfcf846e4e8d16192616,5ce05fc6c5e79f875d4f301472cbb27d,delivered,2018-03-22 00:38:10,2018-03-22 00:50:32,2018-03-22 19:22:19,2018-03-26 15:14:40,2018-04-04,1259398d6b5d40135daa39b5f5584fe6,2018-03-22
a87aac8d24e87df91bb8d9357e98d1ea,f72194bdece05bf12c2f2e58ab672613,delivered,2018-04-17 08:33:54,2018-04-17 08:51:54,2018-04-17 17:34:31,2018-04-26 17:17:30,2018-05-15,444a78d321aebb25146faf6665143ce5,2018-04-17
84cec4f65c7a4f2f54c294a30224a594,61a1d82e44d450a06016bb941595446d,delivered,2017-06-14 20:25:41,2017-06-15 07:15:11,2017-06-16 13:33:10,2017-06-22 14:34:29,2017-07-07,37de7bc494e562febe3514ba1ef16d14,2017-06-14
a019866aa872221f740c30ecd607c231,63470440d292368c0428a4f7ee7c5c86,delivered,2017-02-02 12:25:09,2017-02-02 13:01:12,2017-02-02 15:02:47,2017-02-14 06:09:13,2017-03-13,a6bcceaa2eafcc2b1757632a547411b2,2017-02-02
a0190a8aa681fe129b9a9ae80dfd9266,79e2f6247cc5228c7deee6c5f8987669,delivered,2018-07-01 12:01:07,2018-07-01 12:10:14,2018-07-03 11:58:00,2018-07-05 15:44:29,2018-08-01,8dd39403e47c8e39bf95c8784539c3f4,2018-07-01
3ca220335d57d2c3accc9bb4816d7035,e9e093a7e4b653393bf9baa6ba895fe6,delivered,2018-03-28 20:35:54,2018-03-28 20:50:15,2018-04-09 23:23:23,2018-05-08 15:03:34,2018-04-20,a593f38eeb94e24a57e74f756b88a426,2018-03-28
dafe7fe42ee9fb39d4c5f957e0799cf4,4ab32b3b9044333d1466d21fc1a59bae,delivered,2018-06-27 22:20:05,2018-06-28 01:11:20,2018-06-28 11:10:00,2018-07-03 19:25:46,2018-07-19,27a86380645cebe40eec58e724b3a853,2018-06-27
5df11955c9e776e57bf66071651f6db7,28f6ea6858cfdf1b45f4a3623a6955e6,delivered,2017-04-06 10:54:02,2017-04-06 11:05:18,2017-04-06 15:43:05,2017-04-07 16:43:28,2017-04-27,1b95e3fe033836c787689ae4b9516aa3,2017-04-06
b71120118f93a1ef696fa9e4a34597ff,21831cb9e2b64bf73f5565088b8830d1,delivered,2017-12-12 10:21:15,2017-12-13 02:49:47,2017-12-13 17:35:07,2018-01-05 00:10:35,2018-01-09,56f608a6028ba769af88d66525afdc80,2017-12-12
94a71ff8bd4a687bc057ea5d81c81dc9,dcbf701e4ac18e01395ca9e6267e642d,delivered,2017-05-06 16:30:06,2017-05-07 16:35:11,2017-05-08 15:39:33,2017-05-24 14:39:46,2017-06-06,794257b38bcbb0d6b9daaca2c8c44ef7,2017-05-06
d2d9a9f4efeff626820a90df02843879,8f2aed946aae77ffd67af9498559c988,delivered,2017-06-29 10:53:53,2017-06-29 11:05:21,2017-07-03 15:16:48,2017-07-12 19:26:44,2017-07-21,99000f7568bf12a64b4206617e0e24c0,2017-06-29
bc4c53b286be3b64ee817827e1999f1c,953b4d3b6f785d9148b934d68125a74f,delivered,2018-01-30 11:11:07,2018-01-30 11:34:50,2018-01-31 00:08:54,2018-02-21 18:53:22,2018-02-23,5b79a50894050a9f05b7f35d0229b07d,2018-01-30
70a44842363a251713d68fea7129e4f0,e0e4c9ec75a3c67e5199f1e7d26aee38,delivered,2018-03-02 22:23:47,2018-03-02 22:35:26,2018-03-05 17:32:30,2018-03-13 21:11:12,2018-04-13,8ee3b61de710bbb5c1c3ce6030c95912,2018-03-02
4f6daad34df49e10c8072b33faafcb2a,73eb345e2b03af4125d07ca4a250d06a,delivered,2018-01-01 02:48:41,2018-01-01 02:58:25,2018-01-05 18:36:58,2018-01-30 18:43:20,2018-02-05,1014f90d8a2b105b55da659d50f73625,2018-01-01
e38ed8e03fde2a21027ba6a431e9808c,d5c08d6e9c2263955bde6c3178e46123,delivered,2017-12-22 09:41:26,2017-12-22 09:50:26,2017-12-22 20:04:55,2018-01-08 20:57:33,2018-01-23,74314e6d56af5b8c146b523076a5f2f0,2017-12-22
f95bc347226e75c87d4c329d25f64970,ac4799a8aa8f7ec9213b489cf941cc2a,delivered,2018-02-05 22:43:46,2018-02-05 22:55:31,2018-02-19 14:06:29,2018-02-20 23:38:11,2018-03-12,5bc58255c14d4a43b8b61865138b414d,2018-02-05
826456a3605c466dec176f032fa660a9,1ed4be846471fc0c529d51f2f8274c0a,delivered,2017-09-04 13:07:41,2017-09-04 13:24:04,2017-09-05 20:13:04,2017-09-12 22:37:29,2017-09-25,8146bee4e40885be99560ee012659bcc,2017-09-04
e89758a5808e87c5f5b88b1020ff193b,478a458191801f508d150b40e8dfa5cb,delivered,2017-11-17 15:28:17,2017-11-17 15:47:44,2017-11-21 16:11:32,2017-11-27 18:47:58,2017-12-14,8f6f24e231716026c9264a26aa68cb5f,2017-11-17
54b4da510fed5dc3cf3e7a8e50a5f224,9361bfedd3cac453b63251a79df9928a,delivered,2018-03-05 22:57:31,2018-03-05 23:09:26,2018-03-07 17:55:06,2018-03-09 19:41:40,2018-03-15,4dcabe94c61f202327839a734955b0cf,2018-03-05
c8536491e6701f9b5382da168ee54048,e683dddabd8f5c3ad3708a3364e932f8,delivered,2018-08-19 22:37:42,2018-08-20 13:35:22,2018-08-20 13:50:00,2018-08-23 21:48:23,2018-09-17,6963ee67570e4454bf00b3e5fe52f734,2018-08-19
e56df93227f8b483792fc4571550b4a8,ebd361665302261db67718c2a32bcff2,delivered,2017-03-01 15:27:52,2017-03-01 15:42:05,2017-03-02 12:58:14,2017-03-08 00:53:55,2017-03-24,62a788e26bfcc4da4b52c73a1a2440d4,2017-03-01
43a0b611abb9eb69cf8acffad7392e7f,bb454ca97519a6764071a5af75ee8521,delivered,2017-10-07 10:45:02,2017-10-10 04:14:48,2017-10-11 20:46:55,2017-10-19 21:28:24,2017-11-09,01b6eceb8d393992f590cdb60a41e388,2017-10-07
67eb4ef90121427f1b21fabc4a4ae8ca,6df7b2d4e503b490aeecdf45e5610003,delivered,2018-04-03 22:00:18,2018-04-03 22:10:43,2018-04-04 19:47:56,2018-04-09 17:48:35,2018-04-27,58aa63818cd0e0b96a366199f7b6d4ed,2018-04-03
2dfa14496bfd2a02b3ab479a58171bc6,4ffa18f06f372757ff064031b407d0ca,delivered,2018-06-12 22:14:49,2018-06-12 23:41:13,2018-06-13 13:00:00,2018-07-02 11:14:32,2018-07-17,8149101234b839e311a6f8c525206632,2018-06-12
0032d07457ae9c806c79368d7d9ce96b,d356c20816dc75a309628b5c17d89468,delivered,2018-03-10 18:53:06,2018-03-10 19:48:19,2018-03-13 17:16:42,2018-04-29 21:08:59,2018-04-17,98e71752819916789567071c52c4239e,2018-03-10
63329524e69a10126480e493708b178c,97b60a1d97a8a2d27b856ad07ea71bc3,delivered,2018-05-03 17:26:34,2018-05-03 17:54:10,2018-05-04 12:36:00,2018-05-11 12:11:17,2018-05-28,7ab8841bae70453e6b6fd543de86b90e,2018-05-03
a2c173a8905b6e8f3c6ea83b7d9c6b91,b53516dcc095543fbf3263e6d9a62cba,delivered,2017-07-31 07:19:22,2017-07-31 07:30:19,2017-08-01 15:32:56,2017-08-23 18:08:00,2017-08-30,ccf80983df16383f4ef02716ec4e1e72,2017-07-31
0d69c10d22ba2087acfc11cfd4395669,b25b37af35d195a00cd6fb159c9ab976,delivered,2017-11-28 16:38:23,2017-11-28 16:58:24,2017-11-29 18:58:47,2017-12-11 20:27:47,2017-12-18,b65bcc31f839009e5289f7c16e36d338,2017-11-28
a3897184827e7280957d9201ebb90da0,ba94161da871323e204ddb6a0e073665,delivered,2018-01-12 07:35:19,2018-01-15 07:16:32,2018-01-18 00:22:39,2018-01-20 16:03:45,2018-02-05,3db0941b5a608b57454ef89b0384c8ad,2018-01-12
8b9840b50763d9af1b8c41096723c944,03c472348f11407bc8dfc408e502d099,delivered,2018-03-08 18:28:58,2018-03-09 02:31:16,2018-03-09 17:12:15,2018-03-13 14:10:42,2018-03-26,50f6847ef78de4a0623c56fcec6b956f,2018-03-08
c5363cd801aaf46ea50c911244e7a655,8704bb1cb3065ad1c861067a59a523f6,delivered,2018-02-05 13:47:55,2018-02-06 04:32:15,2018-02-07 20:52:55,2018-02-21 01:42:13,2018-03-05,cc84292cfaf7041656a56308c3072c26,2018-02-05
8fba54838faa399ed5297cd61bca636c,89639b2f91a92639d907b9127c6023c7,delivered,2018-03-30 07:19:16,2018-03-30 08:07:32,2018-04-02 23:32:12,2018-04-16 17:21:38,2018-04-30,66be60afd5c9ffcbc04f93a0f7a8b7d7,2018-03-30
225f34a7e6f830686955292528e3dbdb,7b56aec44721c4319debedea7ab7054e,delivered,2017-10-23 20:31:45,2017-10-23 20:49:13,2017-10-25 18:15:14,2017-11-07 01:09:03,2017-11-24,eb9de7400fca9e18641a9c73e6579614,2017-10-23
668806d98daef95d0b00c461c8c4afc3,45d711af86c5e3676f29317484cf200f,delivered,2017-04-05 08:04:44,2017-04-05 08:15:14,2017-04-11 13:53:39,2017-04-19 11:59:57,2017-04-26,a29a1fd1c852c4dce3dabbe1f7820d14,2017-04-05
d6b2b9dc8bf43a16cb94c37a1ba3a9a6,b49a69f03177262085b365effec177a9,delivered,2017-09-15 19:24:57,2017-09-19 04:03:39,2017-09-19 16:39:50,2017-10-03 21:14:24,2017-11-08,59e48acde78e7f413acac918d1d07001,2017-09-15
c3d5f2db50cfc2b9526cff19df97ee48,57c3723a1b21222d0a785abd4146a06c,delivered,2018-01-29 09:30:09,2018-01-29 09:37:22,2018-02-01 11:58:22,2018-02-20 15:32:47,2018-02-23,566247c9538d4a0c5739d6f11f73c655,2018-01-29
2f7278fadfba016a650a093b49cee1a4,1ab39a172f5920e0fcd5286d9cfc90ea,delivered,2018-08-07 08:43:58,2018-08-07 09:04:52,2018-08-08 09:16:00,2018-08-11 10:47:25,2018-08-15,b36a2f6d6b8f797e8d2f97b1e1e94725,2018-08-07
7e3edae700f739b8c77e2d1386148b8b,be86fa74e11a379921b351e57ea71f13,delivered,2017-12-03 22:07:44,2017-12-03 23:15:45,2017-12-08 18:19:09,2017-12-26 19:30:03,2017-12-28,5275b2f97b9c995d3d05a58610c0bb67,2017-12-03
76361b050296df7e327ae497ed570427,573b8654cb5e34f524e337bc94ce387c,invoiced,2018-05-21 15:39:08,2018-05-22 16:57:54,,,2018-06-07,43002e3d1fdbb9f23cb9cbcd5ad091b3,2018-05-21
7a44fb632a6b31230876daf264061442,6984d553bdba003e79e931721532a9af,delivered,2017-03-09 22:42:12,2017-03-09 22:42:12,2017-03-14 09:27:50,2017-03-16 10:05:47,2017-03-30,3930e53785d327ae6056c72f3cfdea4f,2017-03-09
ef57c0c31600c0a1c7366ff29a71896a,11543382154fb169d777c611e577fb8d,delivered,2017-11-20 11:44:55,2017-11-20 11:56:32,2017-11-20 19:18:31,2017-11-29 00:31:53,2017-12-08,252edd369befe02cad5c11504ea32773,2017-11-20
49750d9578cdcf35d9c002434ecab639,6885b48deaa9eb87fc9bed8f40f9e70b,delivered,2018-01-14 20:54:13,2018-01-15 20:50:39,2018-01-19 18:48:47,2018-02-01 11:22:42,2018-02-09,3ec1be9f245928e43aa7bc87fa547ea4,2018-01-14
1ce39c59919c8b2e788a6e5e3ce6e418,f1750f5373f1b070b0bbc8c695aae130,delivered,2017-10-16 11:39:20,2017-10-16 12:33:56,2017-10-19 19:41:49,2017-10-30 21:08:47,2017-11-06,e5c35251b40e37b7b8f7f1b1b78ca2c5,2017-10-16
876b3ca0fca7f369345f61f3f526a5c4,c9465587fb93f63f3681f9fc89ae37f8,delivered,2018-02-01 12:12:38,2018-02-02 02:54:30,2018-02-02 18:13:10,2018-02-06 23:23:50,2018-02-26,58fc79b9486e2db1401e99c41355bed2,2018-02-01
426cb887d39c423e83e61bcc40e6c973,7fc0cc086e904eb7c92ae9d7e04c4bf2,delivered,2018-05-02 22:06:43,2018-05-02 22:34:58,2018-05-04 15:01:00,2018-05-11 19:46:38,2018-06-11,1a0dd80cd5e9cf1a7aedce9232e08ca2,2018-05-02
74a2402aa92d4f9c9685c890e61fd606,5f4789ce7433bf591dfa88c492246561,delivered,2017-08-27 16:15:32,2017-08-27 16:25:20,2017-08-31 17:35:17,2017-09-06 20:24:50,2017-09-19,f837b5b09a1c657034a5fa0192651699,2017-08-27
8ef55bb7e5a6e757fb880324b4dc284c,6c39ef98910795402cb3b375983b147d,delivered,2017-09-07 17:15:40,2017-09-07 17:30:19,2017-09-08 19:49:55,2017-09-13 16:12:50,2017-09-26,e4d9db04896aeb872181dd1564f67617,2017-09-07
7cf0a0e1a5215dd653bcba7bece011d2,4060eaff420701b5f99515c846e2dd78,delivered,2018-02-20 19:03:21,2018-02-20 19:15:25,2018-02-21 20:12:09,2018-03-19 20:32:32,2018-03-19,b8f2efd945f239559e5d0685045803e3,2018-02-20
70009c6d985dfa16754461cff33c10dc,3bd73d184f96fc1f26896de888b43819,delivered,2017-08-11 22:31:37,2017-08-12 22:44:12,2017-08-14 20:53:49,2017-08-16 13:22:27,2017-08-24,0f0470ca2b9c77d9fed0c4e9137af190,2017-08-11
fcaa22948cf53b9b3ff7de0c67b6391c,bdac7cb780e6f6c2be2b42c24c03f04f,delivered,2018-02-08 19:39:39,2018-02-08 19:55:28,2018-02-10 00:26:22,2018-02-16 14:33:01,2018-03-02,c2172289147d52e011ad9f98ef8461d8,2018-02-08
10a00d04ca3504e6a7804ccc87050e81,d82f810496bab97772be6026de6dc7ed,delivered,2018-06-30 16:02:53,2018-07-02 10:50:11,2018-07-03 11:10:00,2018-07-11 22:55:39,2018-07-23,df5ceb0c8ce6345fa7cfdd37d172815e,2018-06-30
99e953d50d17e4e1d68a655b1b3f1527,626a9e895a68ad17f534d628dc2b9de1,delivered,2017-10-25 17:17:29,2017-10-25 17:35:17,2017-10-27 17:48:08,2017-10-31 19:33:56,2017-11-07,7fa934882c38440ba7f13ea950b869e3,2017-10-25
6e9b4255caf63ea821955da352e67498,c3a6f3ec348ee1b3107cdc316a3edf57,delivered,2017-04-08 14:07:26,2017-04-08 14:15:19,2017-04-11 09:06:11,2017-05-02 13:50:52,2017-05-16,d43e271af32e8f34d664909246ac4cc8,2017-04-08
e1deab080b7d765ab23ffbbeaf062466,ae276b606353e67f123bd975c556599b,delivered,2017-08-12 20:33:46,2017-08-12 20:50:14,2017-08-15 12:21:14,2017-09-04 19:27:37,2017-09-05,d363946838cb01d7a48bd685ba761946,2017-08-12
88f9a494012e4b7e7ddbfe1bf56cf41c,7e4ac2b8cd4c3de8d85b2fc3367873bd,delivered,2018-07-05 18:48:17,2018-07-06 02:51:16,2018-07-07 09:17:00,2018-07-12 21:28:55,2018-07-24,979fc5863464cc29d978e34da778c2f1,2018-07-05
1e3445e33595212e158a97614da809ae,69af979c9ab523d12442dae4b6a18ec9,delivered,2018-02-13 19:14:16,2018-02-13 19:27:19,2018-02-19 23:23:07,2018-02-27 01:28:56,2018-03-13,16d5ae180d0613224a1ee8df9a31bfb4,2018-02-13
28249398ab902fae0b07378e03da3729,e6cacbdfa154a7af5a5fa3363ca2209a,delivered,2017-11-24 23:52:51,2017-11-25 02:53:02,2017-11-29 13:26:46,2017-12-06 21:22:23,2017-12-22,45fd1f20d58a364a552cfecccfa78935,2017-11-24
3ff7c1060eb0e7df8516ff9025461875,7f8faf5d573a53452104ee839d57e671,delivered,2017-11-08 18:18:31,2017-11-09 22:35:28,2017-11-14 20:14:05,2017-11-24 15:48:41,2017-12-06,a11c0218bdc901d93bb5f7cc6dafbc39,2017-11-08
343d749914bab05f8c752813a075ef36,8e5368dd904948fc2fddb6b8b3178175,delivered,2017-01-31 21:39:15,2017-01-31 21:50:16,2017-02-03 14:08:06,2017-02-08 14:14:43,2017-03-09,33abb6c6f7f4097194a2b5085450b53e,2017-01-31
67adba02e0955286954975ea56f9d17f,aaf6d77cd0756a4e878472c3efc65308,delivered,2016-10-09 22:38:35,2016-10-10 11:02:06,2016-10-25 11:41:49,2016-10-27 17:32:07,2016-12-02,ff8557b296729eaa30f078d974c86812,2016-10-09
9bb921bc5d1c9767f034a13f923532c6,11d9c2656edc3357a9b19b9b0ebc34ce,delivered,2017-03-20 19:28:04,2017-03-20 19:28:04,2017-03-22 08:24:23,2017-03-23 16:12:58,2017-04-06,d1e1acfd44b404bfc13f28b8523fee5f,2017-03-20
e7272304b5bd2b98cd2129f2f6ab06bd,1517d6ef399f14a2d65c726f8ee632c4,delivered,2017-10-17 21:58:21,2017-10-17 22:07:27,2017-10-19 00:24:55,2017-10-20 14:56:54,2017-11-03,f29c59962057cc03459dfaaa7e7d93cb,2017-10-17
10d1d66028e74a9c0bc158b20c9e0e3f,e429e9c1813eefe513506a72930c991a,delivered,2018-05-15 11:21:33,2018-05-15 11:35:24,2018-05-16 15:35:00,2018-05-17 21:44:34,2018-05-23,8f544b4317da9ce83177c5a0e922a058,2018-05-15
9941d06b921ac8e77cfbbf8f1f283ae7,7bc51baf1a18e762ec76f266a818ecd9,delivered,2017-03-29 13:03:55,2017-03-29 13:15:17,2017-03-30 16:05:50,2017-04-04 12:45:21,2017-04-18,bbe304a1f2a323ff3ee1187dae3b675c,2017-03-29
8994132130033d9e2bdc70f74f3d4819,05474305972cbf64f9b4f6bb02447a1f,delivered,2017-11-05 12:51:46,2017-11-07 07:30:36,2017-11-14 22:28:33,2017-12-23 01:26:51,2017-12-05,6c03b71412e22bfc2300d5a03dc4f20d,2017-11-05
79353d5fe23a396de9e603e2cc6d4f20,a16eed7eaddb6cf559c6b32df27dd40f,shipped,2018-01-09 11:03:53,2018-01-09 11:14:36,2018-01-15 20:39:09,,2018-02-07,2686e073a73c105e1bc69c5fee5d6348,2018-01-09
456cbabc88163cbe54a149c9d51e55d3,54b8ae0fe680461a352482374a55671c,delivered,2018-02-28 14:59:33,2018-02-28 15:15:30,2018-03-02 21:23:18,2018-04-05 23:48:43,2018-03-20,ed5b0d9aa093cc966424056ec8c10c4c,2018-02-28
697c9a80085fcb5f4532d540fbf73e43,cb59d93b07becb11982cd25188999fe6,delivered,2018-04-14 10:26:49,2018-04-14 10:50:39,2018-04-18 00:12:43,2018-04-25 16:36:50,2018-05-09,72ec7c240cdb7e2849af87693d91a7d7,2018-04-14
3a8fa2133fb96a04512604d9c32dc7c3,42be08802b14ff1e10bc5bec7f1beae9,delivered,2017-02-09 14:29:29,2017-02-09 14:43:13,2017-02-14 12:07:25,2017-02-22 13:46:33,2017-03-14,2d07c5651faf08b9f6536a2bbf74adce,2017-02-09
f54cbc3f957ff9982ed80d289647f592,212852a431b37b3e7eb5e0ec44f024e9,delivered,2018-03-16 11:28:23,2018-03-16 11:49:12,2018-03-17 01:25:27,2018-04-28 14:42:27,2018-04-18,591e496df79bdb45e1f9080226a57449,2018-03-16
d8e436a94b1158d6fff244c9ae75fccb,bfab5a9ad7cb90be9265fafcd4ef39e8,delivered,2018-06-30 23:05:48,2018-07-05 16:17:41,2018-07-03 16:21:00,2018-07-09 18:38:39,2018-07-27,637ea98cd161c62ef22d4c9c9a9de6b6,2018-06-30
0fc0482d016611a60b65ca297e61fb1f,79229963a48b041b08e8ca01c9631817,delivered,2018-05-02 10:44:23,2018-05-02 11:13:45,2018-05-08 09:55:00,2018-06-05 17:28:22,2018-05-22,2c6a43ddee87c8dd2169e28b191479ce,2018-05-02
a1702545bdfba19345c69fa098b15020,cf5562892befb57faf282d09b61f6f9a,delivered,2018-04-19 10:18:33,2018-04-24 17:43:33,2018-04-23 18:51:59,2018-05-03 11:18:37,2018-05-17,2c8c98e49fc4e40372531352d87e3f2c,2018-04-19
fbd1e7f5602af3775c0eff2c79f5df26,eb9a0aa7dba5cb2cbd7e02be8792d5a6,delivered,2017-11-13 16:21:03,2017-11-15 02:55:41,2017-11-16 23:04:49,2017-11-17 15:56:50,2017-11-27,886231f9e0d45b30b9e47c89a79c96a9,2017-11-13
7ab9c107206e507460e083e2f1400b74,a08dae96cb25ceb1f4572efd130ff4e2,delivered,2017-09-22 18:58:41,2017-09-23 19:05:40,2017-09-25 17:36:55,2017-10-02 15:39:01,2017-10-19,b0ce9cece6de8f0eb7ae8b15d346cc64,2017-09-22
87e5688122b4c8765d4abc62af2c9ade,1feda5ccbed13bbe5d5d744f54df8b83,delivered,2017-11-14 21:15:55,2017-11-17 04:06:27,2017-11-18 15:48:28,2017-11-27 20:21:37,2017-12-07,20c28e4c9165270a2aef41f6de868ffb,2017-11-14
88ac33fac1d5d735fecc0f5fca69b0b0,081d97688ce99393dda013bdd97d15de,delivered,2017-11-24 17:22:24,2017-11-25 03:52:00,2017-11-29 15:03:51,2017-12-06 14:52:28,2017-12-14,62157a1336eb0f3b73962685e4f34b8d,2017-11-24
e98ba943e04c65162bf2baae4db5d171,2f2c5e82aafa1f1a3fe3f7660a97fc60,delivered,2018-05-15 12:27:08,2018-05-15 12:54:28,2018-05-16 09:09:00,2018-05-22 20:08:31,2018-07-11,4bca6bc9211e4e6fc4dfc2f0d53dddc1,2018-05-15
a57d4debabea8a2d143b3d78e224d774,915a55b0a3ded24f1d8ba3c38018cbc7,delivered,2018-06-16 15:46:41,2018-06-16 16:18:21,2018-06-25 13:48:00,2018-06-26 11:21:15,2018-07-13,b4c7f7522ccaa98bd8d09a196fb52b9b,2018-06-16
296de8739429e4b169c52441fd333bf9,2e32ca7e2acc6a7eb2dd31c28016b93f,delivered,2017-12-25 20:09:51,2017-12-25 20:18:28,2017-12-26 18:12:50,2018-02-08 23:22:37,2018-01-29,535d506dd6469607bec56e4abb90887d,2017-12-25
3b697a20d9e427646d92567910af6d57,355077684019f7f60a031656bd7262b8,delivered,2016-10-03 09:44:50,2016-10-06 15:50:54,2016-10-23 14:02:13,2016-10-26 14:02:13,2016-10-27,32ea3bdedab835c3aa6cb68ce66565ef,2016-10-03
9ae8993f1d41f39505759f4683e0d2ad,04bb960a2876e66f7874886ca00ebb88,delivered,2018-02-11 15:06:24,2018-02-11 15:27:25,2018-02-16 21:04:08,2018-02-27 00:16:31,2018-03-05,da470e0514189e58504358bce259f030,2018-02-11
725e447394783623c41b52e74e2c691e,7610dd9d20cf37abcebc22b96eb8f382,delivered,2017-02-25 11:33:06,2017-03-02 04:02:11,2017-03-03 14:00:09,2017-03-10 16:38:03,2017-03-20,e0eef97d4322789f23605f9ceeb119bd,2017-02-25
a748925874331f44c16af90066858c9e,d09e527def89057b552584d04e213b96,delivered,2018-04-19 11:28:49,2018-04-19 11:49:32,2018-04-20 23:05:30,2018-05-04 21:11:45,2018-05-23,e73b3490f2efb49a82af5341c7261e68,2018-04-19
137ee4a7c28123eb6bfdfb1a93b61156,595654d4ff277b31070acfb68333f10d,delivered,2017-07-18 09:36:06,2017-07-18 09:50:13,2017-07-26 10:37:56,2017-08-07 18:53:41,2017-08-09,1e94ccce836082ef728f8afbb62b74f7,2017-07-18
5610a4bcd7718bcf354c5d0ac3575d2e,e4f17957b71e801d3141759fb0098eb4,delivered,2018-01-04 08:16:50,2018-01-06 02:08:02,2018-01-12 11:59:23,2018-01-25 18:32:21,2018-02-14,27cba04d9597f0cb496ce2d23ce6afe4,2018-01-04
51f06300798e14c37af5f5ea107db194,fae404931d0ce02b3ba34f98c86e3b92,delivered,2018-03-03 11:29:23,2018-03-03 11:49:18,2018-03-27 14:29:39,2018-04-03 00:18:47,2018-03-27,419f63342f21ad180b017ef610bef095,2018-03-03
6caac7177852a39300388dfbb599a5dc,804456856b385e3dee4c1916b64d55ab,delivered,2018-01-13 19:12:27,2018-01-13 19:29:44,2018-01-17 15:58:50,2018-01-22 23:12:59,2018-02-05,29eb0189481f8eba53531d09c456776e,2018-01-13
8a01f46a3c2541b03ba737f3c83a7bd1,06401c6722a944337475e6baed34e4ec,delivered,2018-03-16 10:14:31,2018-03-17 10:09:01,2018-03-28 19:12:29,2018-04-10 15:28:41,2018-04-25,5e7b4092b484399489b25d10d7b28096,2018-03-16
fd05ef579e1c9eac0e68b75b7c7ec5b1,301b49db90eb8a4ace00ca763abe1aa8,delivered,2017-09-14 11:40:08,2017-09-15 11:45:08,2017-09-18 21:12:41,2017-10-04 17:53:49,2017-10-03,27e93c3b54ba3fa1966bf7d23e01c58d,2017-09-14
f2f05e9d559c20ae65f13bbb6d499b7d,98c0a8f01f7887283543588e7129e6ee,delivered,2018-05-02 08:51:42,2018-05-02 09:14:59,2018-05-07 07:31:00,2018-05-18 19:11:18,2018-06-06,707d02fe0ee5f9768a797a3d4e6ce4d8,2018-05-02
e09138cfa9999701ae2e856b3a5eea54,2a061f412d40c0707dbfe200f491693f,delivered,2018-02-24 17:32:13,2018-02-24 17:50:23,2018-02-26 20:59:43,2018-03-08 20:03:28,2018-03-19,b2e4bda0d70a0dbedbf0201cbf64d90e,2018-02-24
200f4d883fcc701355e46b8c6035743f,8c4bcd3c3737198f62421c18e0348554,delivered,2017-01-15 23:25:23,2017-01-17 03:22:00,2017-01-20 11:05:59,2017-01-27 10:32:30,2017-03-13,45a529e4af8f502a189094332e8ed24e,2017-01-15
12aab7cb25bc6ae86c66cb3e7dc35a76,d2e258817e38dd6847a2dead3bbafc05,delivered,2017-12-22 17:11:24,2017-12-22 17:31:56,2017-12-26 14:12:49,2018-01-03 11:16:06,2018-01-23,0a3ce869b8386af24386cb035ce6f2e9,2017-12-22
45a46954c20efacf8126f86e45a91e62,698c7332ab0bda9be8a192b9c1cf834d,delivered,2018-05-31 18:08:42,2018-05-31 18:30:48,2018-06-05 14:39:00,2018-06-21 17:46:31,2018-07-17,9e045597f4852b1a1f73b1703d8876ce,2018-05-31
8e337e3b4df76fa95a5e03ba9675cb56,174ba94e0f87a7589153a6222062dd21,delivered,2017-05-12 22:26:54,2017-05-12 22:35:14,2017-05-16 16:02:19,2017-05-22 08:52:19,2017-05-31,5e11d92b083de2a67448f44eb9b92e65,2017-05-12
77a4cc7b685fb19e55b78931185be0eb,35a3f6f5b9151af0f60414133820ac23,delivered,2018-07-13 12:27:52,2018-07-13 12:43:54,2018-07-24 14:13:00,2018-07-27 17:59:36,2018-08-20,3f25cdabd380ba0e74a7f40424ea6304,2018-07-13
12126a7699ca7a88dd86dd3f52bc8baa,47bc31402bfc32ea5b1ad9390d88c676,delivered,2017-05-01 12:38:57,2017-05-02 13:10:22,2017-05-03 16:57:57,2017-06-01 16:34:33,2017-06-06,446a1322ba89f591ed1970362b9677a3,2017-05-01
c5b29432f1377aa97a3b0cbf9f62f960,da40ada73d08b254639ddc4939223921,delivered,2018-03-10 11:34:35,2018-03-10 11:48:28,2018-03-12 17:06:52,2018-03-15 20:15:46,2018-03-22,7a48bd1da19f29e83778fcfb57b60460,2018-03-10
7a25a77da8e700b5a2e22d19e0bf7696,8e3b1e818d6a515b76ab1d9aaac8d195,delivered,2018-03-20 15:31:04,2018-03-21 15:30:56,2018-03-27 01:18:33,2018-03-29 21:21:37,2018-04-06,a1f0bd0037d5074538e8f4ab3b55ed5d,2018-03-20
cd2a97948b841f4702799b800b8e5b29,5f33e81a2d06645914734b1be2e05e73,delivered,2018-04-19 15:00:32,2018-04-24 18:02:40,2018-04-23 20:18:38,2018-04-28 13:35:51,2018-05-10,62fce1b5573060b572530ee8317dc3e1,2018-04-19
740ca5d56791bd56068210f715589b51,0c0c378a0c0fbd00be4ea9cae4dd36ad,delivered,2018-08-07 20:45:25,2018-08-08 20:44:49,2018-08-09 13:28:00,2018-08-13 18:06:38,2018-08-22,19ea2e6008a98e32959c62f5a5ac5107,2018-08-07
4e3c983f32057e27037663715a3fde5f,4680c83dbd163933eee4cec77ca0f54d,delivered,2017-09-21 16:31:52,2017-09-23 02:26:33,2017-09-25 21:42:53,2017-10-06 21:34:34,2017-10-27,5b2a31f785ae88451ce7c692c04aed39,2017-09-21
53f99b0d377050f1f30d8945a476f84f,aba0af39469a65c70c21d6adc0bd9b8b,delivered,2017-12-23 08:33:12,2017-12-23 08:48:19,2017-12-26 16:27:31,2018-01-04 22:27:10,2018-01-30,7ab1cd60b2b20ce75f82205210f248ad,2017-12-23
8738ef1cef38345a46ef71f6f2db365d,7ff776dab22611690f4c2f5e8d84797a,delivered,2018-04-25 15:13:33,2018-04-25 15:30:16,2018-04-26 13:21:00,2018-04-27 19:28:33,2018-05-08,a9dd5adb51c5a1a637afbebf0dd554be,2018-04-25
dc0cc4284fe3bb5174538944222c2a88,9bb96a6ebe14411facafc8af15f47c4d,delivered,2018-03-20 17:54:20,2018-03-20 18:08:42,2018-03-21 19:15:39,2018-03-26 16:38:32,2018-04-10,8b89939f3dd91cead87d07bc101e97be,2018-03-20
0b1225af9b8d9ead4bac8d07f4da8130,77bdefa289f03aa2549e5546923cc5b2,delivered,2018-06-24 02:18:59,2018-06-24 03:08:55,2018-06-25 08:13:00,2018-06-28 15:04:46,2018-07-17,dbb5aba7e1a8a849072908cdc2ceddff,2018-06-24
fc66d84250e23153ad4d3424f01388d6,a7c0873f1c1df80721fd9598ec7a0619,delivered,2018-02-17 19:29:53,2018-02-17 19:46:31,2018-02-19 20:33:17,2018-02-27 23:13:20,2018-03-16,d7ffdaa5a1e54d4be5106e190599a9a4,2018-02-17
60909efabca5a577fae65a3d3163df22,9b73b216865f11a4a7451efcc70357cf,delivered,2018-03-28 09:09:48,2018-03-28 09:27:46,2018-03-28 23:51:32,2018-04-11 20:46:25,2018-04-19,ff09db1c7ec8da1069994f24ab69cdfe,2018-03-28
aa7c822797dc5690dd629ea428f25822,f25555f7b970a81e53f0f4bbf80b89b0,delivered,2017-07-30 15:56:37,2017-07-31 13:30:27,2017-08-02 22:59:46,2017-08-09 20:48:39,2017-08-30,18bf6738381c5b0ef8821bc99788b6b5,2017-07-30
2f5e702c70321e3f1aea2611b6e240a2,31ae7aacd8da230d18d6f1b8a84326d2,delivered,2018-01-30 20:01:01,2018-02-01 03:12:31,2018-02-01 21:48:39,2018-02-07 16:39:55,2018-03-02,2e723603179e96cba8649edd5efb09cb,2018-01-30
2346e1104a4b18a23e6dc6a87c2d1b8c,00072d033fe2e59061ae5c3aff1a2be5,delivered,2017-09-01 09:24:39,2017-09-02 02:50:58,2017-09-05 13:16:55,2017-09-14 18:33:48,2017-09-27,b7c13491fd2aecd9308c75bb4de979d8,2017-09-01
7ba54c67fabcf8bc22e2023e8d81dd84,3facb23e1ea128b605bc112b42adc208,delivered,2018-07-19 13:41:59,2018-07-19 13:55:16,2018-07-20 15:11:00,2018-07-26 20:02:39,2018-08-10,23ec5986c8c4eb74ca48da3a115b811b,2018-07-19
773fd1a45866c4100d7cc2b770f08901,ac7f735837638e8f4653c0e32ffdc08b,delivered,2017-06-30 20:54:21,2017-06-30 21:10:15,2017-07-03 11:36:32,2017-07-06 08:13:28,2017-07-20,1f392045eda091988f1708f723841d7c,2017-06-30
5fbdc41b2cd901fb228c5acfe8e4ba2b,92c1aa15291e40fbefd49fde5bc6650b,delivered,2018-05-09 10:43:06,2018-05-09 10:55:18,2018-05-10 15:18:00,2018-05-14 19:02:56,2018-05-24,ded8890f4f6c52c157e7b1e1b1037e6b,2018-05-09
d09205fda6316768bc333ce58744bba0,ac9f9adc2803c61e9fa4c360da04fd61,delivered,2018-04-25 17:13:58,2018-04-25 17:52:40,2018-04-27 12:02:00,2018-05-08 18:21:58,2018-05-17,106cfa9587e89158ef37ff1cda4072f6,2018-04-25
3ea1e7f7f7d0b7a56b20aaa1baebc19e,6221f7fda63d6e4bc39b982f8f8e225d,delivered,2017-12-10 15:29:09,2017-12-10 15:39:23,2017-12-13 00:22:37,2017-12-18 16:27:24,2018-01-08,a3e84e1fc1844eaf3d199c3629301388,2017-12-10
8dcb7601ceb0b144a5fdd0055b91ba28,6b9eb9660bed562d1c735d3fba0cfd60,delivered,2017-06-19 17:11:51,2017-06-19 17:25:18,2017-07-19 16:13:25,2017-08-03 21:03:17,2017-07-20,c8e0e761f5510eb859d5e7aa5f643111,2017-06-19
6fb8f79677df0623bc0a613ccea59105,1c58ec030a9b8f96917dfc55118fd2ff,delivered,2017-12-20 13:02:54,2017-12-20 13:13:51,2017-12-26 19:18:57,2018-01-03 15:39:19,2018-01-18,992b6147cc947c25e4fd10a45a4fd003,2017-12-20
63003bf6e2058e236f3f9ebb2872b234,632048d959676b7f64ba2363ae4a0457,delivered,2017-10-23 11:41:04,2017-10-23 11:56:21,2017-10-24 17:38:41,2017-10-25 19:37:44,2017-11-03,9323c8fc6b07f502b24d455054235771,2017-10-23
9c03496a411754169e1433dc70a583f0,ba2670f501b017aef92d953a58982d10,delivered,2018-08-11 16:48:10,2018-08-11 17:04:55,2018-08-14 15:59:00,2018-08-21 22:29:35,2018-08-30,c5859643d895251974ec946a1eeac271,2018-08-11
d4350fef900141deed3754217c3c868e,4efb3ccc8dafb9ceda8f8c29d4ec3e30,delivered,2017-06-04 18:54:19,2017-06-04 19:05:16,2017-06-06 11:03:56,2017-06-23 11:51:40,2017-06-28,48c8bc510fe3b66ab2aef78aa493881c,2017-06-04
7d0bb97fefe21572745b2bbaa3b4ce76,025a13782125f9ee98dd321dc97e23ee,delivered,2018-08-07 22:47:05,2018-08-07 22:55:26,2018-08-08 16:02:00,2018-08-10 21:03:31,2018-08-14,dee58c6a92fc6faac93d98a786f683e7,2018-08-07
e2562a436f07f681c4074d4337918677,f9b63cae30a80c6d141f817564ca31ff,delivered,2018-07-01 23:51:44,2018-07-02 00:09:49,2018-07-03 07:20:00,2018-07-04 00:54:46,2018-07-16,ceac2416c11b2dccc354ad4981f38ab2,2018-07-01
23a801ab5586a70d6f7a4cd5885d3060,5f223cd9355d11f00a236ea407ac6dac,delivered,2018-02-15 21:03:05,2018-02-15 21:15:26,2018-02-16 19:39:13,2018-02-28 14:52:45,2018-03-12,1fbd81e4d0a0cf9125ca038b43533b7f,2018-02-15
827e39f2fbd0101d81c2168ab6699f7c,1f26384d40990fe4d5741956ccbbd1ce,delivered,2018-05-23 14:46:11,2018-05-23 14:55:20,2018-05-24 10:39:00,2018-06-06 17:52:21,2018-06-14,213b36024bb0b8261de0ffbd652ebc34,2018-05-23
b29d61bcf113aa0a5b802984d6e5f45a,9c346cd8dc9e8c07e09c848b1f3a185f,delivered,2017-04-01 18:01:02,2017-04-01 18:10:19,2017-04-03 13:55:17,2017-04-05 12:03:36,2017-04-25,89d61298b9f16695057d7cd0a4c05ef6,2017-04-01
bac4595733cd0e89158cb02bebbf6352,ae2637018dbd6fb499db07816dcce0b8,delivered,2018-04-01 21:42:34,2018-04-01 22:27:34,2018-04-03 16:42:33,2018-04-18 18:02:53,2018-04-20,32b21622c8c06acf5568104e449e2617,2018-04-01
ae1126b6891f58552443772c80b1f562,248433066498b1269bf92c09d6053c34,delivered,2018-08-14 15:35:09,2018-08-14 15:45:13,2018-08-16 13:12:00,2018-08-23 22:58:44,2018-08-22,4601d7311d630cad38cf60e271a1a718,2018-08-14
49a4ac17405a0e93eacd89de7e081904,f2ae3d9d66ccbf0adba94db444dc7a00,delivered,2017-12-01 14:19:12,2017-12-01 14:39:01,2017-12-04 18:13:38,2017-12-27 18:42:26,2017-12-26,fc7e3fe2d8e68979e897570254ee78a1,2017-12-01
6404149e0477593196115459e16243a4,90ca01da75922b7ab42c97d1726c0d46,delivered,2018-04-15 12:16:49,2018-04-15 12:30:47,2018-04-17 18:22:18,2018-04-27 18:38:27,2018-05-11,154f7ce767dbbea454812408f6ed1346,2018-04-15
72cc0a443bf89c678e49da943247e890,a8511ff4c9af6993a47f196677453cee,delivered,2018-03-26 18:18:42,2018-03-28 02:47:32,2018-03-28 21:04:42,2018-04-04 17:52:31,2018-04-24,b0c514b35da397648b5910d70651f1cd,2018-03-26
4cdeeb4be90a4bde94dc058f50a4d8c2,868fae7c2907bb21e97dc003ab746c71,delivered,2017-04-23 16:01:16,2017-04-23 16:10:20,2017-04-26 19:24:39,2017-05-08 12:32:45,2017-05-15,2b8a347905ebfa4dbf3c3c3260d546c1,2017-04-23
d8921ec6a676e398ec918a0cc755af21,75334baec934e40f1e5c880473a48680,delivered,2017-10-24 10:41:41,2017-10-24 10:56:15,2017-10-24 21:36:07,2017-10-31 23:22:42,2017-11-16,56a5ac6efdc86f167b16c26fe1b4c91f,2017-10-24
27cd425460b501230b37206f151711a6,0fa8935c3781f2a89ea2db7dee3aaadb,delivered,2017-09-21 18:57:47,2017-09-21 19:05:42,2017-09-22 13:26:54,2017-10-04 01:28:15,2017-10-16,08bc1c085458de2b392e8fc83c629775,2017-09-21
d0c92aeaa21db1cecf13d791017fe2b2,7e3d457378ea5b6fb4556e26c783d7ee,delivered,2018-04-18 19:19:02,2018-04-20 07:32:03,2018-04-20 18:11:18,2018-04-23 23:28:49,2018-05-02,abde745e59f061fe5bd458aa8adadb94,2018-04-18
0128412231f9fe9d7e944eea5392fc6b,a7089cdfb6b910afd377368f3335b1e5,delivered,2018-08-22 15:38:10,2018-08-24 03:15:10,2018-08-24 16:46:00,2018-08-30 19:59:26,2018-08-31,e1271d8a2ce007bdd8b40df8a0ded843,2018-08-22
698428b13a63630f0ced51f2cbd1b947,3800248c953f6bfec3795d74958647d8,delivered,2018-01-23 22:22:28,2018-01-23 22:34:52,2018-01-24 16:03:24,2018-02-02 20:19:32,2018-02-26,32fbaed1f1cb1cd07942291adf731ede,2018-01-23
9ce4398b070b04730a8cabbd1680a567,0063913c2f1878cc471de963dc0571c4,delivered,2018-08-10 13:04:01,2018-08-10 13:24:33,2018-08-13 08:41:00,2018-08-14 22:08:31,2018-08-20,3c4abb94aa82c0be6a86af95be2ca5bf,2018-08-10
2f4ed6d6a154e53f5593682472f8e6ea,461848a187158368f56cf21200783874,delivered,2017-11-01 22:25:12,2017-11-01 22:36:21,2017-11-03 20:57:36,2017-11-16 21:17:48,2017-11-29,53667cd51563647cf8dda0c45b343eb0,2017-11-01
5fbaa35725c08e8527b1bcae123d2490,bd55b1d19a6ff08e7436c50766a1fa5d,delivered,2017-11-28 13:32:04,2017-11-28 13:50:31,2017-12-15 18:29:48,2017-12-22 20:34:02,2017-12-20,077cec3a8add5e7309581702eafc6c48,2017-11-28
a119860697732cd9e2334491be45f1e0,2515d9c80d9ef874870c0c29ca13496c,delivered,2018-08-02 16:58:06,2018-08-03 02:43:54,2018-08-03 14:49:00,2018-08-08 10:54:52,2018-08-16,fce99ffc1d835ef6f6977139579adf36,2018-08-02
70de10a1734ff16b0e8e5f6f14b3bfcb,694f70b104ab37e6f005677bde79efda,delivered,2017-10-13 09:16:28,2017-10-13 09:28:18,2017-10-16 18:18:05,2017-10-24 18:38:02,2017-11-08,3f44827be59813909d0dd7156a7b05d4,2017-10-13
af19170492290aa8663d820e73d09524,083de6cf2da0a625906af6a558106b28,delivered,2018-06-23 10:02:24,2018-06-23 10:20:51,2018-06-25 11:50:00,2018-07-02 19:07:08,2018-07-18,ad3fc343cff9150f99b9528be457a6e1,2018-06-23
cf7dd05504fa5d4ddab58fcb69bb18a6,a1ba14f56d6ae75e85b273c9bec2c196,delivered,2017-05-02 16:32:37,2017-05-03 14:45:20,2017-05-04 13:57:15,2017-05-18 07:30:02,2017-05-29,5fcdfdcc429b8b707ca957274c8f8d8f,2017-05-02
9870418401e8162564e7a71ffd9fd4ad,530fc2c88dc22c7cacf4380793b71592,delivered,2018-06-26 09:50:05,2018-06-26 10:17:50,2018-06-26 11:28:00,2018-07-03 16:47:15,2018-07-30,211874260152edc67405ac57428cc89d,2018-06-26
2fcc1c43a1d4caedfbacd8f9267a8e95,0db63ee2c5fe95b36ced23b4c4c29d38,delivered,2017-12-11 17:29:15,2017-12-11 17:38:27,2017-12-15 19:18:08,2017-12-20 13:44:20,2018-01-04,ff351e3fc87591f4332039131b81196a,2017-12-11
3bae0297ddeacb52eb9b17d9616dcf1c,de98a056226b9f488a804858c37732f8,delivered,2017-08-11 12:22:57,2017-08-11 12:35:16,2017-08-14 19:53:34,2017-09-06 22:47:49,2017-08-31,bc0a3b75051c962ed5c6718ca28b7ee9,2017-08-11
0213da24bc9b884c4792ae4c54eb0bf3,a885447168d5878bb08f442a38284741,delivered,2017-11-24 11:21:11,2017-11-28 03:46:13,2017-11-29 00:57:00,2017-12-04 23:54:51,2017-12-18,ff2ac5ec37484dd6da5b68adbf162bc5,2017-11-24
a4b320bb74cd579c4f58521b47a4e538,5fee8e4da65deb305e72dc0f8bdd5442,delivered,2017-11-09 16:57:35,2017-11-09 17:11:01,2017-11-10 20:41:52,2017-11-13 22:24:52,2017-11-23,4545b0c7d81d1d91c5e20ad16ae8111a,2017-11-09
f7cbba667c1c2d258e79dc28a30368cd,d5afb95ee4150b86acd92d05bc56b660,delivered,2018-01-08 18:24:02,2018-01-08 18:36:23,2018-01-10 18:06:54,2018-01-15 17:57:57,2018-02-02,ac3a8b7e96a2b8e3119b6f7bdce53406,2018-01-08
8743f50a1fe252ac48d22e41db971137,665b29c55f52f8e6cafd124ffc2b903d,delivered,2017-06-17 01:50:38,2017-06-17 02:05:21,2017-06-19 14:34:07,2017-07-01 12:06:03,2017-07-21,8edc5b7e39c4bc9758b1f0ce090c3a1e,2017-06-17
3b1a0e831b5c50ba012f9bf63d97a03b,2f51a7d835dee9667b44d77285d61630,delivered,2018-08-01 16:21:39,2018-08-01 16:35:23,2018-08-02 17:46:00,2018-08-03 20:42:47,2018-08-08,eca9d15ebd1b37acb67bd1c3e3ca5b2c,2018-08-01
9f80bbd59f6be97485be347f2da1f1b7,27d900ed012d6b80d521f68831de71c4,delivered,2017-10-01 10:33:50,2017-10-01 10:49:15,2017-10-02 20:03:16,2017-10-11 18:38:01,2017-10-27,b730d0057f6538cf7fe50ecc94236233,2017-10-01
228fe28497863cfa489cfd0177809d45,d218b51d7923b68503ae5ccc23c77bb5,delivered,2018-02-12 11:28:37,2018-02-13 12:15:31,2018-02-15 16:28:33,2018-02-17 00:28:41,2018-02-26,2d75d5e9a133e5fb9b5196eff27bdc71,2018-02-12
29eb6d873f1087b4afd226c0abc162a4,18395a5d9973f59eb27c9f8c5efbb9e7,invoiced,2017-09-10 17:39:52,2017-09-10 17:50:35,,,2017-09-28,354004e1432bff6f9008ce0a5afd732a,2017-09-10
64ade3a4ac0255360a84e7035d7d34b9,3afdea3f022d21b67f365604eb2acb1c,delivered,2018-05-20 08:41:02,2018-05-20 08:57:55,2018-05-22 16:20:00,2018-05-25 14:34:24,2018-06-05,6aab877b564d98596500c9812b55d5c8,2018-05-20
4e01efb248c52ca8e83181032cf0bdab,779f5d757814bc15d4835560c27d12f0,delivered,2018-03-23 23:25:19,2018-03-23 23:35:23,2018-03-27 01:47:46,2018-04-03 13:29:02,2018-04-19,79a932ef36d3058a3bff9ed1a8d31b4c,2018-03-23
375e5c646664c609938372d3f62da9d6,48ecbda544d2f1197f4255e6a93751f3,delivered,2018-01-31 19:30:07,2018-01-31 19:49:49,2018-02-07 00:36:24,2018-02-07 15:28:51,2018-02-21,03a25b12f34df3b5045fadf047b83d00,2018-01-31
60a250642fbb912872c2cfad7f875144,b9a1b1524f43fd2fd495284b6a04602e,delivered,2018-01-26 15:53:52,2018-01-27 15:56:32,2018-01-31 01:09:01,2018-02-05 16:41:45,2018-02-19,b396ab6d9171ba912cf3f42f6a295ff6,2018-01-26
134383561b50fa8eca9c19b2c792d74c,adb0a60bfe536590838a68ebcabe33ac,delivered,2018-02-22 14:21:59,2018-02-22 14:35:24,2018-02-27 23:46:47,2018-04-16 21:16:46,2018-03-19,47c9fb61463e03afda963dd4cdfb3040,2018-02-22
376b9827d830477580eaf370e5218e91,0d047fff3a34f9f8e104c46d98f6d6ad,delivered,2018-08-12 19:19:45,2018-08-14 04:50:30,2018-08-14 13:47:00,2018-08-21 08:04:44,2018-08-23,e36cb996374aa02175eaf55fb0712cc7,2018-08-12
1729ff43a8a349e7762f284b50588055,0b7b4c39c3d3a8846ea809fd5afbc1b1,delivered,2018-03-06 14:11:27,2018-03-06 14:30:14,2018-03-08 00:23:22,2018-04-16 17:27:55,2018-04-10,b18336dae806782acf95a0c0dc1e267a,2018-03-06
d944e58fa0f8bdfb45d3090f6f403bf7,b8111b1e2a3aee2ee77da5c7ff67b394,delivered,2018-02-23 21:54:30,2018-02-24 02:55:45,2018-02-27 14:19:17,2018-03-21 22:48:39,2018-03-22,5d7ee34d5817f2c18eb36d25116ab9da,2018-02-23
77ce4c372403e8665d37213cf52bda56,3440be78d6a33df7bbb82f1d20aa871a,delivered,2017-11-24 13:45:32,2017-11-24 15:54:40,2017-11-28 19:16:58,2017-12-07 19:34:57,2017-12-14,d9e6c750121d4d84ba6f2cdc6cc80008,2017-11-24
c5cccafad5a52123e975462ad4e26f73,52bcebb0203b52d695eb7ad573444136,delivered,2018-05-02 21:32:35,2018-05-02 22:16:49,2018-05-03 15:34:00,2018-05-09 15:32:19,2018-05-25,8a92b3cd07a55af380439f33da08b9a9,2018-05-02
442a9587ce4b40a5d801427b6c0a5383,a129130357a247067beac84dbb5dc745,delivered,2018-08-17 11:48:58,2018-08-17 12:09:37,2018-08-20 15:56:00,2018-08-24 17:18:49,2018-09-03,7459551e3b0a34117ba168216a40d77d,2018-08-17
287b045cfe9ba0ed08308efc06c366ae,2717c5939d8b3dbe3d99319e16bdb6f6,delivered,2018-05-14 14:34:52,2018-05-14 14:51:23,2018-05-15 15:59:00,2018-05-23 17:22:10,2018-06-01,3f1577ae405a1a1aad963e093b05ac6d,2018-05-14
d002a94b221c08e6dd8ed72e7662d31d,367fd22f1e994de87cf447d29c167a1f,delivered,2018-05-16 18:37:58,2018-05-16 18:57:28,2018-05-17 13:35:00,2018-06-17 15:14:46,2018-06-19,9811f75e58306711797259182809ba81,2018-05-16
93964a297e76080736d065295fd5b437,f990f7ad7ae0e14ac81e2149d7343561,delivered,2018-05-11 09:28:58,2018-05-11 09:48:27,2018-05-14 06:35:00,2018-05-22 00:42:29,2018-06-01,b7a05979123e85de9be590ff37b88b60,2018-05-11
6898cc2e6f6ad8fcdc27ed4bdfb554f1,0107d0717619fc7e17ba5fdd7c9aad36,delivered,2017-11-29 10:25:57,2017-11-29 10:33:26,2017-12-04 20:42:47,2017-12-15 22:12:11,2017-12-28,9224cb2cd931f94531d064137e8a25c6,2017-11-29
6e9afd04e254b0327d16cc95cfe3270c,e517685e804c532cfdf838116b0c4df0,delivered,2017-08-31 11:23:35,2017-09-02 03:04:30,2017-09-04 19:47:46,2017-10-05 13:09:29,2017-09-28,e43c6bcb9737d0c28d0e6dc7924176b2,2017-08-31
035bb18fd268637e7d91814bf5e27fd4,ac063e710535d45f495287e94f81e419,delivered,2018-01-12 18:21:01,2018-01-12 18:32:33,2018-01-15 19:48:09,2018-02-22 22:33:32,2018-02-08,4e615dcda92914d741bcb91496c9794b,2018-01-12
cea05d3139cd44136f17235b6f42969f,d999be4ad55ab611a78cbaffcee30aa9,delivered,2018-07-02 09:13:20,2018-07-05 16:14:44,2018-07-05 14:00:00,2018-07-10 19:03:38,2018-07-27,c84d2b1dd55fa7d28874a316b7240b2c,2018-07-02
150a2a0e81d701cf7dac37b86e5235b0,36e63749ac0675e2ffbbd4cdba2ebe76,delivered,2018-04-25 20:44:52,2018-04-25 20:55:35,2018-04-26 12:35:00,2018-04-30 21:12:44,2018-05-18,3c77115cc030fb3c708301c938ebd1e2,2018-04-25
50af5eb21dfe120d3a7950feee50d90d,d9bde5465c77b58ae1f08a085461df76,delivered,2018-06-05 20:18:58,2018-06-05 20:35:10,2018-06-06 12:47:00,2018-06-12 18:22:36,2018-07-12,8d01758ff233cf5a5420bc44d61754e5,2018-06-05
84fea092818c45e87513a303e49893ea,7718ccff59ef9aabd38d81d5f14e23ab,delivered,2017-04-27 11:58:01,2017-04-27 13:05:21,2017-05-03 09:20:42,2017-05-17 09:39:48,2017-06-07,e678b8cdd5116fd4b39bb8b8b3766662,2017-04-27
1d96a7c14a9528634756937849d8467d,5919de102d7a96027a3f94b585e0ec25,delivered,2018-01-19 12:16:50,2018-01-23 03:37:43,2018-01-23 18:37:55,2018-01-30 19:12:00,2018-02-19,442639e0d0f89c0a3fb5da1f6982d276,2018-01-19
ad670e7892e2b2f7f757b3c383d9ab35,d244544b27337a04e85433087f76c70b,delivered,2018-07-25 12:54:02,2018-07-25 13:05:15,2018-07-25 18:08:00,2018-07-26 22:08:25,2018-08-02,51db8ee75efd87eb70ae4f59ad078ddc,2018-07-25
d5d415a80776eabc101e98603d000455,7348187e64b170a69c585be7d2d43789,delivered,2018-05-17 17:28:59,2018-05-18 02:14:29,2018-05-22 13:07:00,2018-06-04 13:51:35,2018-06-01,c3f959da40bf90cf772c9b0eaaca974f,2018-05-17
07664da4fa93862f7f2f3fd353b99e73,8a3ee8c4e7b28fbec55bb91eb788a7fc,delivered,2018-01-09 08:45:00,2018-01-09 08:56:21,2018-01-16 02:03:34,2018-02-06 18:59:06,2018-02-16,781d55b671e8b6020c3e791c514c2519,2018-01-09
52e305a5ced9a192a39d885dfe07d141,a5d59411b8a5ffeaa2bd0dbe2632ffc0,delivered,2018-01-11 21:09:57,2018-01-11 21:27:28,2018-01-12 15:34:13,2018-01-25 17:39:08,2018-02-09,517de5133abcfdf50d234551345bf99a,2018-01-11
47a330feeb29dca83fc390cddd62c280,37c23404aab3d041ba25a080039f5b1b,delivered,2018-01-06 09:03:41,2018-01-06 09:13:28,2018-01-09 21:22:43,2018-01-24 22:39:52,2018-02-02,bb6f10e318cdd54322567dee29aaae45,2018-01-06
70e018faa55d042ec9fa8b92bbf526d2,a23e1debf478535980a96af74a6ed699,delivered,2018-05-14 00:09:55,2018-05-14 00:31:41,2018-05-15 13:43:00,2018-06-04 22:58:24,2018-06-07,9868122edd5d8fdfcdde577da085edf2,2018-05-14
4f61042cd85285c68606c18b44a1b13a,c2c28bc5d6302d53fa45f5e2c69aac3f,delivered,2017-05-27 10:14:17,2017-05-30 04:30:36,2017-05-31 12:04:00,2017-06-02 14:48:02,2017-06-23,f31b8f53732f84fbce99dacd60e259d4,2017-05-27
5458011c1e8235532bd6b193e37c7688,bed7eefb90cb225883492efb0e7278da,delivered,2018-02-18 12:38:07,2018-02-18 13:46:36,2018-02-19 19:51:38,2018-03-05 23:32:59,2018-03-19,136ddb206001812bab8ed623debd7cf7,2018-02-18
40c5777021bd392cddf6bf40a341651b,94f2df7a6962dca3c10c7c3afd9da33a,delivered,2018-06-16 22:50:10,2018-06-16 23:15:49,2018-06-19 14:30:00,2018-06-25 18:24:52,2018-07-20,be2c4c9f0fd10fd3dd16c4d3e3d8cdb9,2018-06-16
979f8ea562e84d3ed962b250fc08976f,15a93aab211662aef57e579c573c6f02,delivered,2017-06-17 17:38:56,2017-06-17 17:50:17,2017-06-20 12:02:34,2017-06-28 16:57:47,2017-07-12,084281f321e4fd4e18336de035169c54,2017-06-17
ac6e5268baf65f6d55e479e288bc67a6,017bd021539ebd414e15ef9aa11301ec,delivered,2018-03-29 13:02:53,2018-03-29 20:47:27,2018-04-03 20:48:24,2018-04-26 21:46:53,2018-05-22,face788a13897cabb1be5fd1fbb2f468,2018-03-29
b9bb886788ba323922f55f604ba5ff5e,b105262a556713266917a2f00d6d5705,delivered,2018-07-02 17:39:38,2018-07-02 17:55:09,2018-07-03 15:23:00,2018-07-10 16:10:55,2018-07-25,aaa83a398a0c1216c7ada09d2285a3ff,2018-07-02
f3b7a74389c875b24dbbdbf6aefaca3d,85646399bf7dc160e458a28fc6ec2b0f,delivered,2017-03-08 09:04:11,2017-03-10 02:45:50,2017-03-10 15:12:39,2017-03-16 16:14:47,2017-03-29,1bcb8ba2ff5705145422fe5008e97c8c,2017-03-08
095e9e0811476409362d72fa70d73a6c,1ec264df7a63b93ee299b3e17c356e3b,delivered,2018-02-08 18:36:24,2018-02-08 18:50:43,2018-02-10 04:16:44,2018-02-19 21:19:20,2018-03-13,623674d39fd0350df92b1f91c469ba39,2018-02-08
c117260dea8a83dda05418ae635e57bb,05407577e5802a22cb6f5ebbf5781707,delivered,2018-03-03 15:39:51,2018-03-06 03:49:18,2018-03-06 20:27:47,2018-04-02 19:42:15,2018-03-26,c332a049f42341d2f662f3bf7ef51fb2,2018-03-03
39a6ecead949b006d60a132d146ea284,279ca766397588e704abddd56d2dc131,delivered,2018-05-21 14:56:42,2018-05-22 23:17:46,2018-05-23 19:16:00,2018-06-05 20:12:55,2018-06-19,212b7cfb2631b23e85a4645a7cba1733,2018-05-21
8962562ed377c8bcf6f9854a016989f1,4329270d33802c9f689343632c54d1c2,delivered,2018-05-18 00:32:52,2018-05-18 04:14:34,2018-05-18 14:28:00,2018-06-18 18:28:49,2018-06-07,2b6e3f29a6dea0501566fb1127e48529,2018-05-18
969613d95cf3cfb1d3299488a732ffbc,efbeb4d5e42251a2bb13613342e38382,delivered,2018-03-13 14:27:54,2018-03-13 15:08:27,2018-03-16 11:48:40,2018-03-27 12:36:44,2018-04-02,aacf9b5d5ca0ebc89f7d48017a09eab2,2018-03-13
5a5bb1899e9ab50b21bf7b3d7d7f360f,ffc2b93107257d7387cab8801eb10042,delivered,2018-01-07 13:42:35,2018-01-07 13:50:25,2018-01-08 23:28:58,2018-01-15 21:09:02,2018-01-24,3230193ae2208f0d1bfeedf6417be4c4,2018-01-07
519e8e134cd15d39544f56d9ff932d3e,510781317f5881c0ce1d4506cb1185f9,delivered,2018-04-17 08:30:47,2018-04-17 08:52:02,2018-04-17 20:22:11,2018-05-03 19:50:50,2018-05-14,2d49867bd13a372bea98277eb9c575b1,2018-04-17
9e49e81744d0890cd05aeb8d8c10d28a,3771914eaea4a652b9eda2ad97add048,delivered,2018-08-21 13:32:24,2018-08-21 13:51:00,2018-08-27 15:54:00,2018-08-30 14:22:52,2018-09-03,5011569297e6d342cc04f51f923409d6,2018-08-21
70106ccc9d334eb87a749a2e17344f7d,14cd3afa052c6df8d15367e0f9394666,delivered,2018-08-16 01:59:55,2018-08-17 03:15:14,2018-08-20 14:40:00,2018-08-23 17:32:37,2018-08-29,ec5a4a6a4576503926bb9e6e1cfa24a2,2018-08-16
001daeb0eddc45b999bad0801ad9d273,3ba02060e681d361d603d5f7ef0a730b,delivered,2017-05-17 23:19:34,2017-05-19 02:15:20,2017-05-19 10:03:49,2017-06-08 15:34:07,2017-06-19,dc5aa19797b8fb7a4929ad109fb25553,2017-05-17
379c468e2dc90ec7cd68bacf13ecca13,96853060623f0ce3cbf3624b2411256b,delivered,2018-07-17 08:28:23,2018-07-17 08:41:12,2018-07-17 13:38:00,2018-07-20 18:32:07,2018-07-31,93f8e2006daa1a4e46cedce329f2610c,2018-07-17
35f34f644e23f2201ccc411a2cbbebce,1a1d8b9aa28d2fa61418edb518c8603e,delivered,2017-02-26 00:04:26,2017-02-26 01:05:16,2017-03-10 09:21:25,2017-03-21 13:15:48,2017-03-29,b411232f1d276e903f05d51457de09b7,2017-02-26
9a43b717c408493ff788aeb5d11d0684,79325a5900413d28fb63c05bfbd39e5c,delivered,2017-11-02 20:28:53,2017-11-02 20:45:09,2017-11-06 20:09:21,2017-11-14 22:58:44,2017-11-23,19f8fcd23ed70e29220a6a2f13ecd911,2017-11-02
db91d0e8b2bc88fce8298c0331cf37ef,2441083db7fffe0d6cff5a89a55fcd76,delivered,2018-03-11 21:02:21,2018-03-11 21:10:34,2018-03-16 19:28:26,2018-03-22 21:07:36,2018-03-28,bcbe49135a6214760ea6ac719e45e765,2018-03-11
94853d2e9f30e859446eaadc4d6bcbe2,df2d5ce0cccedc3f1794852cc8d2b452,delivered,2017-04-07 13:33:24,2017-04-11 03:41:59,2017-04-17 13:54:36,2017-04-26 14:57:12,2017-05-12,acd09dc03842cb2b363263b562bad5fb,2017-04-07
a7e3fbb3111b4a3c0907fbfad7690ffd,a91aaf744244d91f36c917061c2568b0,delivered,2018-01-12 09:40:31,2018-01-12 09:54:24,2018-01-16 21:25:05,2018-01-22 15:49:29,2018-02-05,75c7cb4037146f5c8e95ade4214396c5,2018-01-12
b69757ea131affc405c02bb3b04e9a69,f99b5ad76ac1085ae3628a3dc0eff0af,delivered,2018-04-03 21:42:57,2018-04-03 21:50:24,2018-04-04 18:12:29,2018-04-05 19:04:13,2018-04-18,f9b12cbf236e9ec94b4a0896246b1387,2018-04-03
a786e0a4cada3f2704a7c932bfc3ea21,935ff0649831ec6ad670f1d3cc9235e2,delivered,2018-05-30 13:41:58,2018-05-30 13:50:44,2018-06-01 09:57:00,2018-06-03 15:44:30,2018-06-25,1c8c7376db18440a28883f0f174cec97,2018-05-30
d072b2eadd483cbf8b54f0ff76ef879d,8f25d8a30531c076dc0eb3679f275a59,delivered,2017-12-12 16:03:29,2017-12-12 16:16:33,2017-12-13 23:08:09,2017-12-19 14:43:38,2018-01-05,f171ed8245bab7739027b65bf7f4345d,2017-12-12
b077f14ebe1b28627ac1c9551b1ac974,a404624d8e99a419c2c28f3848a59888,delivered,2017-11-06 14:15:11,2017-11-06 16:57:44,2017-11-09 18:11:52,2017-11-13 22:12:36,2017-11-17,f08bcc2665bfd28bcdbc5530efa21cd5,2017-11-06
bbfb434859fc673797c1040d267e342e,b0d85b57c22f4e17c5348ac56e88b4e7,delivered,2018-05-28 20:43:51,2018-05-30 02:32:17,2018-05-30 14:06:00,2018-06-08 00:04:28,2018-06-20,a29186292470a67bbafed2614faaa6c4,2018-05-28
5f6d6684f8eb61135e0cd6c577252b14,b5d539df1209f51695e746561907cd9e,delivered,2017-04-28 10:48:33,2017-05-03 11:10:22,2017-05-03 13:22:51,2017-05-12 11:17:48,2017-05-29,96c42b365616dfda79efe9552891c780,2017-04-28
bc894fc83cb90dae37405580d6641229,81726f29e5d81a08428ffbce39728692,delivered,2018-02-01 21:02:51,2018-02-06 06:29:50,2018-02-07 10:16:56,2018-02-14 13:55:50,2018-02-26,cb2c9cb3fc3f2f035deaada37f32312c,2018-02-01
6fd727ab6a5dcb9b6996451d79f12ab8,3b416066b969a143bbd74aed35f597ec,delivered,2018-05-01 14:47:57,2018-05-03 03:53:15,2018-05-04 12:50:00,2018-05-10 21:21:29,2018-05-23,2e795daf2f25121be1450a16c487e7bf,2018-05-01
109a5316b712f2086d69092e7ae638c3,ec92015754035cb75c33953872fbc74c,delivered,2017-11-25 17:07:32,2017-11-27 17:19:36,2017-11-28 23:13:08,2017-12-15 17:03:39,2017-12-22,a6803342249d71fd2b56f1d97cec475a,2017-11-25
ec74f95e952a1019fb566fe39c383dfe,8937aecdb50038467ddbb4d8cf5289cf,delivered,2018-02-15 08:13:38,2018-02-15 08:27:37,2018-02-22 20:34:33,2018-03-20 22:18:49,2018-03-16,0f26dc437b26a2d4544c2474d85dcbf1,2018-02-15
07cbb7b6d1c67566a892673386b5bb9b,4fac7263ebf3ec19c8ac5f6b2202b38e,delivered,2018-08-19 12:18:47,2018-08-20 11:32:22,2018-08-21 14:44:00,2018-08-27 18:06:39,2018-09-17,36c3fc185229a8837a1302f4bc8f4b2b,2018-08-19
3c718ce3cdec0d5e7bc54d52da94930a,4849a3b3f4f73f108f904c0171ec9fe0,delivered,2018-04-05 08:02:26,2018-04-05 08:10:10,2018-04-05 23:22:08,2018-04-16 20:03:42,2018-05-02,2c95175a8a41fa72c5ff8cdb05d160d5,2018-04-05
b6bcf1e42609f309233f2b9deeff6b61,630ee9cf2e3aa9f1c844eef3825eead9,delivered,2017-09-13 11:05:49,2017-09-13 11:25:06,2017-09-14 21:25:03,2017-09-18 19:25:34,2017-09-29,2ae244a7f612bba7451ca1082b6afcc5,2017-09-13
5a31618943d04d72b8c0762b43df48dd,ef35290fd218e965ffe79ceeadbd7f9d,delivered,2018-06-28 09:14:45,2018-06-30 02:52:21,2018-07-02 15:40:00,2018-07-06 14:18:54,2018-07-24,08f11e1b986859c043eb3e658663f116,2018-06-28
ab377121ab607d829a167d9796781f67,01deaf187077254cacc4e7b4d9d7bf87,delivered,2017-06-13 17:01:29,2017-06-13 17:15:43,2017-06-16 12:36:26,2017-06-19 19:59:25,2017-07-04,a27b2dae72cdb40af6acf3b3389a9c2b,2017-06-13
c9bd5b826046d7a922af1b95bdd4d39f,5a86f91f644f261e5d90e015e2d45636,delivered,2018-01-29 22:20:16,2018-01-31 14:31:54,2018-02-01 19:29:31,2018-02-14 18:51:42,2018-02-22,a2d86a6e2476919b3b95635c66366223,2018-01-29
132947cc0a6620350693052f3548070f,dca3dc559819d879e32ebd56aa38466a,delivered,2018-02-28 11:29:07,2018-03-01 02:49:14,2018-03-07 23:48:58,2018-03-23 22:04:09,2018-03-22,81456a442807874df5972289c3c272af,2018-02-28
51ea9bcaebefed721e498f8fb39c8911,92e827a6b6747ae048a1e54c2c5b3af4,delivered,2018-06-27 16:40:56,2018-06-27 16:55:20,2018-06-28 13:01:00,2018-07-09 18:16:41,2018-07-27,814e520dc83a983688fc1dfb19f1f528,2018-06-27
1b29c6098f228e52ab6ca545b9349d95,310a2ca2a491466cd0de96cec9b20f71,delivered,2018-02-06 14:10:03,2018-02-06 15:56:11,2018-02-09 22:29:00,2018-02-23 20:59:21,2018-03-08,4f900739d9a032546ce7b9940099715e,2018-02-06
07b79f0a3ce4734c9f80f8f932ffd4ab,2278519c37e419c5da259c8c82395b99,delivered,2018-05-21 08:55:06,2018-05-21 09:10:34,2018-05-22 15:10:00,2018-06-02 16:12:03,2018-06-07,a4d5363120895cc3c9474f5483a39298,2018-05-21
30d4c11e2d8f40f29583f52fb620296a,2813a2e8f60bfa209c3b3e3f1a442f54,delivered,2018-05-10 11:40:25,2018-05-11 02:57:43,2018-05-14 13:35:00,2018-05-15 16:54:37,2018-05-23,668516e2b97d15cae49c16310816ed11,2018-05-10
f67f944d6c66a9daae0cc1e8da4432d0,c35dd824ba48e59376a7c69ebc783fac,delivered,2018-01-09 11:12:13,2018-01-10 10:32:45,2018-01-10 18:12:48,2018-01-16 22:18:13,2018-02-05,f7b95f61ca9dfda2dacf11c851c751c1,2018-01-09
b3c2fc7374cd5dbb27c84f1a0315594d,032dc4140d9a51a0febc693a96a44489,delivered,2018-07-03 21:46:53,2018-07-05 16:32:50,2018-07-04 10:14:00,2018-07-10 18:12:36,2018-07-26,2780a3f7a7aa899d219b980b1a0faad2,2018-07-03
c91838d7476ccfd6cf843c084ab5c61e,2cc1940e25f47f437a0b4607d14a246a,delivered,2017-10-10 19:38:46,2017-10-10 19:49:39,2017-10-19 21:09:24,2017-10-31 21:16:44,2017-11-06,a49c25b37294eaa2f50ba92291686137,2017-10-10
388241639571ce95ace22e76655719f9,c15fab5c4434b79b5646efd43c6e4cde,delivered,2018-05-15 23:32:20,2018-05-15 23:54:24,2018-05-16 15:47:00,2018-05-18 19:04:08,2018-05-30,fbb5d435ef9a71b9fd372330ff5b46ed,2018-05-15
93f27293d6f1881d4784abaf47d53ffe,af20e4d9bc9c5a59eca2afb75030eb4a,delivered,2017-06-27 11:20:17,2017-06-27 12:04:01,2017-06-27 15:52:30,2017-07-10 20:42:06,2017-07-19,8d174d46566bd4824dea80be4d00a2ce,2017-06-27
006c42f310102c1910b3c5793ce5fc34,d63e92aea6fb367972e3cc4f232a1976,delivered,2018-08-06 16:12:32,2018-08-06 16:24:34,2018-08-08 12:16:00,2018-08-15 19:52:24,2018-08-20,fca073b957482b8bb92de22e5e9c80d6,2018-08-06
c2d8fd0097ccdb4f3ace3eda887e7c64,19ec2ea35bb682c9936e2a35e4a212b0,delivered,2018-05-24 06:57:32,2018-05-24 07:13:00,2018-05-24 15:23:00,2018-06-05 13:16:27,2018-06-26,b26a1f892a80a23b344995eec27b677a,2018-05-24
b03ad7eb6054b01087c064bd1a44fa26,5b5c91974946b908c9a238efa39710e3,delivered,2017-04-30 19:20:59,2017-04-30 19:30:12,2017-05-04 13:38:49,2017-05-19 13:32:38,2017-05-25,e8b989e1f4be9e4d8a865ffb439707b9,2017-04-30
09dcf31f117fe39a78c3a166109c07df,5f58583fdece0f0f724ef92f113e0c8d,delivered,2018-08-16 13:18:39,2018-08-17 14:27:03,2018-08-20 09:45:00,2018-08-23 22:51:56,2018-09-03,032688e7102ec93cbe75358475e3178d,2018-08-16
d82ef777bb562af6d9a927bd6f3e7357,a0ed1a42e302ac466ddda7c0496b928a,delivered,2017-09-10 20:14:28,2017-09-12 04:45:57,2017-09-15 19:02:46,2017-09-21 22:12:29,2017-09-28,1768a9f31165f511e99f70b39be38e19,2017-09-10
971602526032659f775bbbe5b9142179,800512d0215633d567abe5ce2591f01d,delivered,2018-05-07 09:12:36,2018-05-07 18:09:53,2018-05-08 14:32:00,2018-05-15 18:12:28,2018-06-05,e3c95cff4b8cca496061b369eaa006f7,2018-05-07
035c06c36cc8685238297b6af0c280f3,d64904edfd79d4934b8b06ce77c1164d,delivered,2018-03-21 22:54:06,2018-03-22 02:55:37,2018-03-26 23:08:46,2018-03-28 17:38:59,2018-04-04,748cfd1a1ed22cdaf4076d9e3748340f,2018-03-21
2ffb45ec99d3fc4942ee973e41e630a9,1823c939c22df5a827fa4afea7175e1a,delivered,2018-04-23 16:47:45,2018-04-24 19:02:21,2018-04-26 13:45:00,2018-05-07 23:18:36,2018-05-22,627b8e39817920f13357afb8a8a5b30b,2018-04-23
9b35de64953b2683c0bb358ffe23e79c,114b47b35190117613aba201ae2fb481,delivered,2018-06-12 22:28:47,2018-06-13 00:19:57,2018-06-14 13:17:00,2018-06-15 17:39:28,2018-07-13,7ab20c6f1334f2ccb2b9158150e89519,2018-06-12
64a484ba398186acb5cc014f8c5d1de9,661b6da6cba54a43ea809f16c419ea24,delivered,2018-01-03 10:48:57,2018-01-03 10:58:19,2018-01-05 01:00:04,2018-01-08 15:57:54,2018-01-29,0a72df48aafa1602ff6a6892a56ae5ba,2018-01-03
d209a096437820f2ae09fdb0e5637474,6ce9be1e2024d2907bb96906d3cad9d2,delivered,2017-10-27 18:20:37,2017-10-27 18:31:37,2017-10-30 20:48:29,2017-11-06 18:05:06,2017-11-28,b9c8283a13a1bda30ed18a513ad68a43,2017-10-27
ae35a18ee04a03f58f17c9090a52ff06,67b571995b48d8a580a7a8d7945aeb8f,delivered,2018-03-22 13:23:22,2018-03-22 13:35:32,2018-03-23 00:54:45,2018-04-17 18:42:44,2018-04-12,df6ebd8da74332d6a2820f03dd9e52a5,2018-03-22
5a80deaa9345a15b0b3807f17aa299a7,13394779f19d627b7e0e776f12289e28,delivered,2018-06-26 19:13:24,2018-06-26 19:34:17,2018-06-27 10:16:00,2018-07-10 19:04:46,2018-07-30,3e0fc55f5efafe5cc172fd32bf72cde7,2018-06-26
594494c6edea77fb5699a429983c1e87,c773dae336bbcfdb391b3eb90757bd26,delivered,2017-06-27 13:06:58,2017-06-29 02:43:54,2017-06-30 15:54:34,2017-07-04 15:34:44,2017-07-12,203ba234be1dae9ddf36d6f4b9705bdf,2017-06-27
af26a72d60cab61a090fbb420d4c6954,03ccf5d27b3a5a3afbffd525ac12fdf9,delivered,2017-05-16 17:26:46,2017-05-16 17:35:17,2017-05-18 10:56:13,2017-05-23 17:35:57,2017-06-05,40c28102da89413b27297dd73916233d,2017-05-16
b8fffd71202e7086dd751c257751b3dd,0264f4e581481a3f01d4f341d38a46ed,delivered,2018-07-23 21:24:25,2018-07-24 10:31:14,2018-07-24 15:54:00,2018-07-30 21:52:58,2018-08-14,44f4209da2cfe8bdaa9072ac8a80858a,2018-07-23
e857ba066536e2879870375314953dac,089b4797064af9e8aa2cce7f5d444cc2,delivered,2018-06-20 06:53:18,2018-06-20 07:19:01,2018-06-21 14:18:00,2018-06-22 12:31:57,2018-07-03,e49e298433db8944b77c533837693e29,2018-06-20
8c6f586b26c8ef0ac06c7dd68dae7dc9,22d2f96012570b1359560021fe9a8ec1,delivered,2018-01-09 14:14:03,2018-01-10 14:58:32,2018-01-11 18:53:39,2018-01-16 19:15:13,2018-02-01,0fa9673d93cd5bf402db83e229041b18,2018-01-09
9027f38fa8afb91a7ad77fd92abf97a1,485fb11de11ce68ca2c0ff4eae84d595,delivered,2017-08-09 23:15:41,2017-08-10 23:25:02,2017-08-11 18:00:02,2017-08-21 17:21:51,2017-09-04,22a1421fa50877e10f53759ab0a75a4a,2017-08-09
4f533b4e7c45ae5248904a961cf710e6,8fa6c964b11b7719b77c92eefae1549c,delivered,2017-10-03 01:48:56,2017-10-05 02:44:25,2017-11-07 20:28:48,2017-11-20 16:51:36,2017-10-31,a164f7d409a620e8c44001fae19c527e,2017-10-03
9b27eb18bad871c8d32a8dbd13e4f5b7,4c88106c71ae94d7ce258df89a3dbafc,delivered,2018-07-22 21:32:52,2018-07-23 12:31:48,2018-07-25 13:54:00,2018-08-04 00:41:58,2018-08-09,b53e3becd712e872e4c058f7bee3c91d,2018-07-22
b2eb0e2167fecae236a7541a2e574c34,2c36016cb1cf62ce42656a23b895d192,delivered,2018-01-11 11:59:53,2018-01-11 12:08:55,2018-01-15 18:23:33,2018-01-22 16:44:59,2018-02-09,e825cb10d614c4c873c05d5e11ac70a3,2018-01-11
239f80de3a90292c837e69ec8ff3c4f3,f15272fe9d0e2ae3297185f18d3bac46,delivered,2017-11-24 11:14:37,2017-11-24 13:14:45,2017-12-06 14:48:54,2017-12-12 16:33:22,2017-12-14,11e74a9cbe1158d1c934d4c166f59ff3,2017-11-24
b4280f952d27844984353301a4e5188f,93a821452106ef7c7c700cf4e697dd6b,delivered,2017-06-06 10:36:04,2017-06-06 10:45:22,2017-06-07 14:26:59,2017-06-08 17:03:56,2017-06-20,ef79ebde1eb712518ec4e9d8e3bee689,2017-06-06
c0ebe7b377d69896b580f578b99cfc98,f171e6f892727d44d9df7d93ab570b7f,delivered,2017-03-26 18:39:34,2017-03-26 18:50:26,2017-03-27 14:49:47,2017-03-29 09:51:56,2017-04-13,4e65032f1f574189fb793bac5a867bbc,2017-03-26
ca5b4f578a0548754f4dc9b97d90aaca,e6db1afadf6e82428aa9ce9039b8e290,delivered,2018-01-22 08:59:43,2018-01-22 14:13:46,2018-01-24 10:57:39,2018-01-26 21:13:38,2018-02-14,78787e78a8acaf21fb4cf0bbb39b6a48,2018-01-22
5c8559daea91c2b9b7e8d8aaa73d640c,3d77028036a9c3d50a3de663c112677b,delivered,2017-12-12 10:32:00,2017-12-14 10:33:31,2017-12-14 22:57:43,2018-01-15 20:43:30,2018-01-17,80858c0aae301a3745505caa4365b6f2,2017-12-12
3937af5e68a191867e6224cd78fc2cd1,b837fbe55a9289fedd7301de6731f643,delivered,2018-05-11 08:49:07,2018-05-11 09:10:57,2018-05-11 15:45:00,2018-05-17 20:18:50,2018-05-25,4fd108f5f7abef94264971be7542bcf6,2018-05-11
b37fc42b9b16ca9e092edcf0c06bd1f5,c6955e041a62b1c6ff9bfe57c4ce5b31,delivered,2017-10-25 16:55:15,2017-10-25 18:35:15,2017-11-07 20:52:57,2017-12-07 16:29:32,2017-11-24,d6b2a67c98eb8644a1d3b8c74be35001,2017-10-25
d7d52a5f6178c78ddf87817b012c8f79,c979180a3feb8095ff043e84781fca21,delivered,2018-02-13 23:35:08,2018-02-15 03:35:23,2018-02-16 14:07:54,2018-03-05 21:13:15,2018-03-12,e672d4ff4cd6cccb3b54444aaf6f9c4e,2018-02-13
3043405047f16630ddf598af31943a45,9570c760b3bbc424b655e3493ee375bf,delivered,2018-04-02 15:40:09,2018-04-02 15:55:15,2018-04-03 00:58:58,2018-04-12 22:44:55,2018-04-26,49c222b0032f5e8a335a3c4a78fbd35d,2018-04-02
1f3d431152e91775a11e3354e8f055a7,b0a64704e1ca864517f928c1bb099c17,delivered,2017-03-26 14:07:21,2017-03-26 14:15:20,2017-03-27 16:14:18,2017-04-03 13:15:36,2017-04-24,bd9961f2c19748de4b100d24ad2d3dcd,2017-03-26
3fa77b85e1a28c3b3a241c4c59d08112,726353b9395490889442fde671feaf58,delivered,2017-11-30 13:30:05,2017-12-02 13:37:46,2017-12-06 16:17:09,2017-12-29 16:38:43,2017-12-22,2e402adfd191137cf0de7b283e70718e,2017-11-30
b79fb6b886fae55768f7f0973571329a,1fe981dfb593441cf63dc16d1138f026,delivered,2017-04-16 11:04:54,2017-04-16 11:22:22,2017-04-18 08:07:09,2017-05-03 15:42:42,2017-05-12,048926190c0fda585ea55293b1408eb3,2017-04-16
3c8c15b1af4ebac663b1e5645cd05506,deac4939d8735015586fa85ebdfcfc3e,delivered,2017-11-05 00:20:43,2017-11-05 00:46:27,2017-11-06 19:38:58,2017-11-09 21:04:41,2017-11-27,b0c5e02d315f15318e37d7aab7ebb289,2017-11-05
f66b2f5f778a4ba2ab4b97679dd30f64,e49ae57f4bf25972e1e4cbc3794c5806,delivered,2018-04-30 14:09:44,2018-04-30 14:32:25,2018-05-03 16:46:00,2018-05-07 17:51:55,2018-05-17,83d89d91a46dbb64eadfa7f271b3c9c1,2018-04-30
0963806fc66877ce2fbc42be9a91f3f1,f8a238ea4650cf05765ac7a2a54d8693,delivered,2018-04-04 14:21:03,2018-04-05 14:15:23,2018-04-06 00:33:45,2018-04-23 21:49:02,2018-05-03,8f4968221af78d6f248322ad465279fc,2018-04-04
d12bd41a85b974ae688d89083c5dc77c,782a9d54af42b95ff6da5a84b90e5c41,delivered,2018-07-28 18:11:21,2018-07-28 18:25:14,2018-07-30 14:47:00,2018-07-31 17:11:03,2018-08-06,dc3e4aeaf7e4e68b6177a0ff0bfc149d,2018-07-28
a272afa0c4a0a64bfd221905405bd452,9707082565c37cdde7b05277988eb7e8,delivered,2018-01-06 23:02:42,2018-01-06 23:32:16,2018-01-10 12:04:02,2018-01-22 15:12:53,2018-02-20,8d20b985a2670e363f0609d87d58a023,2018-01-06
062171ae61a088263fec533c7b4aadca,bbfd3aff4e6623084092d393567ac124,delivered,2017-12-01 17:07:56,2017-12-01 17:19:58,2017-12-05 23:09:12,2017-12-20 19:13:32,2018-01-04,7f5da5066c49789a1f5e6371e7d72e8e,2017-12-01
c4c643aeb02923c77740ba7cd42005bb,23b3d991e218333de2eef7afab2147db,delivered,2018-05-22 13:33:51,2018-05-22 13:54:31,2018-05-28 14:04:00,2018-05-29 17:04:23,2018-06-05,92181c7ab9eae9f4879cb1f6a1bcfcba,2018-05-22
13de2b3aeb8d30a32011cb0017beaff8,8195e180531d326cf34077d25743fb3d,delivered,2017-07-12 17:39:39,2017-07-12 17:55:16,2017-07-13 18:07:45,2017-07-14 17:54:47,2017-07-25,86bd509dd54e384ef4731987df8040d8,2017-07-12
f826075f4109bb1b2f8d8123b117d81c,2e8baa32dcbd76cc57f3ebc82c29aeb7,delivered,2018-04-16 18:21:46,2018-04-16 19:11:52,2018-04-19 00:14:43,2018-04-23 22:31:39,2018-05-14,6bbed249de21777c6f7d5074e6c469e9,2018-04-16
71853944ebfe6bd5f5de0302cba14354,57488cc627f8aef89c99cd5d8c3134f1,delivered,2017-05-16 10:49:26,2017-05-16 11:02:34,2017-05-19 12:32:20,2017-05-22 14:53:54,2017-05-29,096e351116755fe4c3c1e48eaf301a41,2017-05-16
de25bcc5c5215c6d39641918b7f4cd2d,bf6ab97b9a06cf8c55ee88fbc7ce1782,delivered,2017-04-19 12:58:40,2017-04-20 02:50:41,2017-04-24 13:35:40,2017-05-02 12:03:47,2017-05-11,4ba89f3cf6053cc1f0cbd0e3da8f1a39,2017-04-19
709efe7f1c274357d00b90efa060027c,0b5847467fff3d3f1361491567e6a84f,delivered,2017-05-17 09:44:29,2017-05-17 09:55:19,2017-05-17 10:12:15,2017-05-23 15:05:44,2017-06-08,6b358d811b05ff63ce5f7086a521d543,2017-05-17
a2dbd8a0cd329f7a6850f5f2f1257a53,83afeb3ec13bd0de7db12255e9cb4035,delivered,2017-12-21 15:52:41,2017-12-22 15:51:45,2017-12-27 20:04:55,2018-01-05 09:48:25,2018-01-16,e542e321f6df5456cba7a621bd2b5ba1,2017-12-21
22882da9de4f8ee939d10cce52374f55,33d0f8396212d766f1a87e003318f889,delivered,2017-11-13 08:00:53,2017-11-13 08:10:31,2017-11-17 16:51:01,2017-11-24 23:28:52,2017-12-14,6b1329b50130c905bb56d5c22bb93f46,2017-11-13
c04c611743c9b96f3727019802413a24,d41c15458ba1e878ff39e7cf6dbc8a73,delivered,2017-09-14 23:40:51,2017-09-15 00:20:17,2017-09-21 15:09:47,2017-09-22 19:58:44,2017-09-26,e871afa4e0ceafbf190bae09320879bd,2017-09-14
e38515b101676663b3f2cff2a323bbb5,46cdcbc49598ce3c33aa3af15acadbbd,delivered,2017-06-27 21:07:00,2017-06-27 21:23:47,2017-06-28 13:32:01,2017-07-06 13:13:09,2017-07-19,a924d6ff7212a2815d130666e69cf915,2017-06-27
229f074fb0a6ffde943458174b4ada63,96906c9816990303121e14fd47e41a57,delivered,2018-04-20 14:01:09,2018-04-24 17:26:59,2018-04-23 23:12:05,2018-05-04 22:36:18,2018-05-18,c3fdcd3a5acb1fee03eb102ed234b050,2018-04-20
30ac9eae54e817b40c3c77fdb444a1e0,d2dacbeeaec5aa8722102ff00b782580,delivered,2017-02-20 18:03:43,2017-02-20 18:15:12,2017-02-21 18:23:57,2017-03-10 08:07:54,2017-03-31,1ba7e2fe9ad84553996f4eb8d495782f,2017-02-20
8ae7fd72ee36498f96e1ee38a3e1419e,a28de4ae5aaa106861049eaa591b8418,delivered,2018-07-30 21:57:17,2018-08-01 03:31:56,2018-08-06 11:54:00,2018-08-14 00:12:36,2018-08-27,2c3d9dc1646eb2e82c1586c5786b9e2f,2018-07-30
314b1e0bb8736164596117c457a74db8,306cec97b910365317da80598f923435,delivered,2018-03-05 10:52:53,2018-03-05 11:40:28,2018-03-08 23:51:21,2018-03-10 00:18:34,2018-03-22,34d074216ec67227eed68ca0f8eeef62,2018-03-05
79484f19cc86692406efe3763ca1af17,620b061788ebe9ad22a09053ec126c55,delivered,2018-06-16 08:42:28,2018-06-16 08:58:59,2018-06-19 17:20:00,2018-06-28 17:51:57,2018-07-19,f5dd0cbcaa85d711336d4b3d964e24f0,2018-06-16
bcc632609d99be3eeaf01c6916f9604e,d719eace562b89db5f0f0f627aebdc67,delivered,2018-01-06 00:09:51,2018-01-06 00:18:19,2018-01-09 00:12:23,2018-01-09 12:54:25,2018-01-26,420c4554d7c1260a97fd104f863a616d,2018-01-06
973d67484939e1f2afd53304e125bf1f,29b77c09f86219ff14e66f31852f9b6b,delivered,2017-06-23 07:16:53,2017-06-23 07:30:16,2017-06-26 12:58:54,2017-06-27 11:57:07,2017-07-06,bd26f91b19a11754e2f83d570af96b88,2017-06-23
8bc32625e3505eebdf23b43965ecebde,6e98638f666f4d7b45828cfdad48150f,delivered,2017-12-19 20:31:23,2017-12-19 21:31:28,2017-12-26 20:13:45,2018-01-04 11:48:39,2018-01-12,c0a5a4a05305f3e106fa827479112a77,2017-12-19
788688f686c6ef04e7eb60e4ba103ffd,8bd366ffda4873f0d2e1b9112041718a,delivered,2017-11-22 00:37:30,2017-11-24 03:11:45,2017-11-28 22:15:05,2017-12-11 21:51:37,2017-12-19,a7f8b23aaf522616c6c7daa2a3753247,2017-11-22
0e457aee274ec7e2e18d25ab6d212921,c4666d6a182f4846e0ea4a35e23dd4b3,delivered,2017-12-12 15:26:09,2017-12-12 15:50:49,2017-12-13 21:17:24,2017-12-31 12:09:41,2018-01-10,11ebea68a1046fa3268cb278df2c4f31,2017-12-12
d20dc9a4af7f6a0c44930ff40e4d6725,efbdf272ebd0b98f5c51ef96b3eedacf,delivered,2018-04-17 17:28:45,2018-04-17 17:50:45,2018-04-18 19:28:55,2018-04-24 18:03:09,2018-05-16,2d470386f5b48c31e5fc23b2c1e0dbc5,2018-04-17
e5c4134a422573e560cba643f9318bc1,a9bd1380771bf35ef3a1ccb7f486df97,delivered,2017-09-06 11:36:42,2017-09-06 11:45:19,2017-09-06 18:43:11,2017-09-13 19:24:49,2017-09-29,ef412a56d1af9fa73aa67d5673c27d64,2017-09-06
f5d3b6a9dbda29c75b381a76f019ae3e,4907a13a399b8176cd7081ab32b969ce,delivered,2018-01-15 13:48:20,2018-01-15 13:58:25,2018-01-16 16:12:10,2018-01-17 18:48:15,2018-02-01,ef5db6f0e54bb049adfb83382a80e76d,2018-01-15
731fce79a6dfc4251b9ee57dc2f6b239,8eb15ee1040f1c807ba88990089004ad,delivered,2017-04-27 15:33:47,2017-04-27 15:45:16,2017-04-28 12:28:47,2017-05-21 10:23:48,2017-05-29,1bf8b36d725e5d083cdf35b40bf69a36,2017-04-27
39fb9eb02a98a9626044cb0cb46ae0fa,b803912812d884a45f3ffddd591b97b4,delivered,2018-08-09 08:04:36,2018-08-09 08:50:19,2018-08-09 14:09:00,2018-08-13 12:21:48,2018-08-15,9c9c26cf9e2c0bd16bbbde40d3a6b4b5,2018-08-09
be3516cfd69d1605c44c886aed8e553d,4ef76507e862f7edd473055de9012894,delivered,2018-06-11 01:02:48,2018-06-11 01:15:16,2018-06-11 11:38:00,2018-06-23 18:08:32,2018-07-13,580e86cc6d0c8eafede3d6f2fa4bf9ab,2018-06-11
aac512eec9af2f337dab624bf711cad7,0b11c040dd62ea5e242382553c722a71,delivered,2017-10-20 13:59:00,2017-10-20 14:14:22,2017-10-23 16:26:10,2017-11-09 22:27:40,2017-11-10,6c9eb4b9f14b1e94136aca884340b7cd,2017-10-20
87d093c6d324b6721093e4582b061cf2,54bbc8932c68f4dd6736c2a5ef035513,delivered,2018-03-06 10:39:21,2018-03-06 10:50:31,2018-03-07 23:08:55,2018-03-09 17:21:56,2018-03-16,658bc5080837d598c151e2a0bb15af94,2018-03-06
69602d7086bce76ef900a362fa5304d2,3ee0e8309e4c1f0baef48886dede4e75,delivered,2018-05-17 16:55:19,2018-05-18 00:37:31,2018-05-18 13:05:00,2018-06-05 22:37:49,2018-06-07,53b23661544838db9c16bad67739f072,2018-05-17
5e724a9bb565d4ccd9078fec28d4fdc8,c8430e2cded32fd401effe5ddc87c122,delivered,2018-06-05 00:42:43,2018-06-05 01:22:31,2018-06-06 06:08:00,2018-06-08 22:11:13,2018-07-12,e044e3ad4f09b7879007ed0b333d993f,2018-06-05
4a58a286f3ac0318f970a271f83c0b6c,b842dcd92f09219e896d81600248508b,delivered,2018-03-06 17:28:41,2018-03-06 17:50:06,2018-03-08 13:42:00,2018-04-20 15:21:48,2018-03-27,8d1a13e7dfad1cb8bfe501505643f8e4,2018-03-06
bce98eda64f85a2ff206547445903c44,12e4a19dc6e45ef98cd54b0f15c18db5,delivered,2018-05-22 18:23:58,2018-05-22 18:37:34,2018-05-23 12:32:00,2018-06-06 20:54:23,2018-06-08,2f329a5474b79da0cbb395721b633356,2018-05-22
79d6c28185a5be065bf1931dc36a289b,a8855786ce866e5aa1bf16a510c812f4,delivered,2017-07-11 03:13:34,2017-07-12 02:24:06,2017-07-19 18:26:57,2017-07-26 14:47:40,2017-08-02,01c15633aa5baf9c6d2685354fd82747,2017-07-11
fbe75f28a6f44dc3638fa204bae1c08e,9b5d56d34fb6262fa8c75fc061670b62,delivered,2017-10-16 14:47:21,2017-10-17 15:32:33,2017-10-18 19:52:01,2017-10-19 20:35:04,2017-10-26,b113a766d1b7ff7dbb505ce87a258b57,2017-10-16
fd9b6d62141f417da1ea28881ad297ed,af0bb59abb273cac5d8691b464dfff12,processing,2017-12-08 13:25:28,2017-12-08 13:38:26,,,2018-01-15,8fb12357cb2cfe6d2483378ded936f04,2017-12-08
41f04a2247a093f05ada3970a34a2b9a,65670d2a7a79a95d26d61265a6123af1,delivered,2018-02-04 20:43:44,2018-02-04 20:56:12,2018-02-06 18:48:24,2018-02-10 12:42:30,2018-03-08,b34319e6e3b4ca65bd3d0990d9ec340c,2018-02-04
081820c2ad1ad7f6c452c1e845529fe8,ee9f2791dfe348b8200f0b687b00a15b,delivered,2018-08-15 23:42:25,2018-08-15 23:50:17,2018-08-16 17:35:00,2018-08-24 19:39:06,2018-09-06,69a8d325e30e0124f7c73277cbcdba35,2018-08-15
41656e5eacc8e9cc1efe1609ea2eb0ba,59bb5484a2585a90377524f59eda659c,delivered,2018-05-27 18:11:18,2018-05-27 18:32:20,2018-05-28 15:55:00,2018-06-15 17:42:47,2018-07-12,4deaa9aac5d5939feb62de62e7d24b50,2018-05-27
6e393ebbf62792edf010e66e135c7b7c,f19d9cc2eccbdae8678b4f100f3771c3,delivered,2017-11-16 21:53:23,2017-11-16 22:13:59,2017-11-17 22:32:24,2017-11-27 20:19:32,2017-12-12,305a024e4734727ea264565b5dd83756,2017-11-16
ec1bf6be538a31d3b13bfa67d87010ce,8468e974307cf0404f6e3d5af0ad1b9d,delivered,2018-07-24 00:10:28,2018-07-24 10:31:12,2018-07-24 13:34:00,2018-07-26 18:54:49,2018-08-01,b33655881531e0e8a90b2fd264c9a0f3,2018-07-24
513719ed3bd467061f631e80002f231b,df588ce67754db0b4de1ed8c73bbeab6,delivered,2018-04-08 22:26:19,2018-04-08 22:35:12,2018-04-10 22:32:30,2018-04-19 21:34:38,2018-05-04,c08ea6258b493d6e3d11bcdb6bd2c4c3,2018-04-08
6ace7c2a595a57867f443b5d3d1a7607,986328873061709d5300337ab4894fe8,delivered,2018-05-08 14:03:31,2018-05-08 14:29:59,2018-05-10 13:39:00,2018-05-17 18:46:42,2018-05-29,7076c8bf475d63bd8c9f25f764197e54,2018-05-08
dea9b7dcae5affc919947e72bcc1e786,f0825264fd1d7a4cdadaefe21ee08fb8,delivered,2017-08-14 12:42:38,2017-08-16 03:26:10,2017-08-16 16:24:42,2017-08-19 12:54:45,2017-09-08,29651ef3b3f865c8f37e9fb3c5b0860d,2017-08-14
892633d6b7a8a6c7c0bfebddec2469bf,5285d83bc3adeb72f67ee3c6c8958403,delivered,2018-02-05 09:35:22,2018-02-05 09:49:38,2018-02-06 14:28:02,2018-02-23 21:11:46,2018-03-09,2611083c4916cf2ea905474b26d3eeb7,2018-02-05
c8fa71518385678630da7552cf1f459f,a6f7bd1b52173341090682e0bfd1340c,delivered,2018-02-09 14:36:28,2018-02-10 14:30:28,2018-02-14 19:49:06,2018-02-19 19:23:36,2018-03-09,fb30c4dba395166ab33e360d9e275bfb,2018-02-09
ce01ef7df5891810a0899cd241279caf,22cac6c36d7a61cf34dc7fdc830240a0,delivered,2018-05-03 17:24:58,2018-05-05 02:53:40,2018-05-07 12:14:00,2018-05-17 17:51:14,2018-05-22,bd050a364076179f4d12b0f07ce3fac2,2018-05-03
9436e03932021844bcaa6fb20dfc4968,7373dc63573ace31964e986eee49e9d0,delivered,2017-08-03 15:09:25,2017-08-03 16:05:18,2017-08-09 21:16:31,2017-08-11 22:27:00,2017-08-16,c054a603188a1008d279b98a85e3a0b1,2017-08-03
0bb4c390179e95dbed8944e735b7da62,139cdadccfc90320a5d8599745cd10cf,delivered,2018-07-26 12:41:04,2018-07-26 12:55:26,2018-07-27 14:06:00,2018-08-03 15:08:41,2018-08-14,421979d2aca976bfcdeb3b4f745f6b35,2018-07-26
cf5cc540ff27291c97b94a945ab37e43,a0f6e2e720337e8973be765132e48881,delivered,2018-07-15 22:54:59,2018-07-17 04:31:29,2018-07-18 14:13:00,2018-07-26 16:12:45,2018-08-08,e6162716f7ecce2c71b5feb9a27f0704,2018-07-15
a91ea78c7808987db65e5b5b21666047,06fd2ea98fab51c01908f98806798c7c,delivered,2017-09-11 18:49:02,2017-09-11 19:05:10,2017-09-13 19:42:30,2017-09-25 15:13:06,2017-10-05,ac3e0bfc1c22b67c4d7c11c7c78436ac,2017-09-11
5e5fbf8badb59c577f84c7f7448704dd,502a6aefe839fa4aac24621f172f819f,delivered,2017-06-12 17:08:56,2017-06-12 17:31:58,2017-06-13 16:38:25,2017-06-22 15:04:20,2017-07-06,584c8bcf3fda8bdaaaef53ce9080619c,2017-06-12
4f72abdcedf8185382214a227cdb9e9b,b3bd9aa12a1990ed9f9a1ae281ee7e34,delivered,2018-02-12 10:28:11,2018-02-12 10:35:31,2018-02-26 20:36:32,2018-03-15 21:32:46,2018-03-28,5a8e853d022c5e8f6eeea77844aec15b,2018-02-12
f0a770154db0fc38aef8c0f380de88cc,d6b79a64bb2794c6d3d9ca2ae31a1228,delivered,2018-03-11 22:51:28,2018-03-13 04:11:02,2018-03-15 21:24:50,2018-03-20 21:04:34,2018-03-29,eb01c4f1f74e013f38a757e6b9da42b1,2018-03-11
26bc5ef62b82a4329284e5b177e34e9c,bb12662d89eaf5e7cfc75d41c18fd7a3,delivered,2018-06-22 12:03:35,2018-06-22 12:20:35,2018-06-25 15:31:00,2018-07-02 10:04:00,2018-07-11,868d2b88ac8cd6ece5bfabb45486ac78,2018-06-22
5e651ab6dacf51fcbe51f3aaf84f0368,2765600094f5cc0d19b4d8308ddb4414,delivered,2018-02-01 16:08:35,2018-02-01 16:29:52,2018-02-03 01:12:43,2018-02-19 23:35:23,2018-03-15,e852cefa1eaa639fc79ae8879c9a05ef,2018-02-01
8f1e5b3d65494dcad0fe81b2d61480b6,751587af2a15c00012315e5a7c2fa410,delivered,2018-05-02 12:17:35,2018-05-03 12:54:49,2018-05-04 10:54:00,2018-05-11 23:37:35,2018-05-22,572a2a7bca60d77e596287ea324a4680,2018-05-02
91bcd07862432971bbbe7b27698fe59d,c5372d4fdcf5397b397afc9ab236163f,delivered,2017-03-10 09:06:09,2017-03-10 09:06:09,2017-03-14 17:19:07,2017-04-04 14:53:14,2017-04-12,c9469f088b6714474a6ff5b68d71a7b6,2017-03-10
df06f0bb9d267877652ac465e661b120,649f3d2112888939e5e1664cd6c4f849,delivered,2018-01-07 17:00:53,2018-01-07 17:09:26,2018-01-08 16:17:29,2018-01-10 13:22:37,2018-01-26,4b5cf5696f983721f9bff0fc626b2872,2018-01-07
b8fde15d11aff23b07a6081d8a7652aa,76f07d247039cd77e1cc89cebcf82aa5,delivered,2017-12-31 13:55:55,2017-12-31 14:06:50,2018-01-02 18:09:08,2018-01-08 19:33:47,2018-01-26,fbe1e766ced2315c4ce44b68d37ddbe5,2017-12-31
ddf2697b0c774f17d443112b787af490,5db54e170f4a30fc27d4d23e5f482e8d,delivered,2018-05-21 21:26:53,2018-05-22 00:16:46,2018-05-22 11:44:00,2018-05-23 15:22:02,2018-05-30,6069f78d17b516d77dec878446f1b3f3,2018-05-21
335c699e72e2554d20656295439bdcb5,d16fbce90d8f6665f5022e4f47e2aa78,delivered,2017-07-12 10:53:36,2017-07-12 11:23:44,2017-07-14 15:41:43,2017-07-26 10:24:07,2017-08-03,665cc94a5b90b07801833c77b93c052f,2017-07-12
e0aadee588e476e3a004e56c8fc3c645,6a85222aa87619e9aef296bb6166970a,delivered,2017-07-01 11:00:49,2017-07-02 11:05:09,2017-07-04 13:23:37,2017-07-11 17:44:26,2017-07-25,1522db025aa5d6fe7db87e3505b64023,2017-07-01
59c153fdba2562afd8554a380231559e,078b1cb26cc7819cfb885c7cf8f87da7,delivered,2017-07-24 10:23:08,2017-07-24 10:35:18,2017-07-26 15:23:38,2017-07-28 18:57:32,2017-08-04,24f9855f7be17e073675a1ea3718d4d6,2017-07-24
67a98eaf984ba84c596f9f5456634f20,b2706ca3ca9a2846e387cb6ed9e74c5a,delivered,2018-01-01 09:36:21,2018-01-01 09:46:25,2018-01-02 20:44:41,2018-01-13 00:43:32,2018-02-01,011785063c56f2c239064f603bf02a05,2018-01-01
7da09c0fb29697c319a4b58c7b3d43a7,45b5a10bfd612571d04c77c28fd7371b,delivered,2018-04-18 22:39:43,2018-04-18 22:50:46,2018-04-19 18:55:21,2018-05-09 21:33:03,2018-05-14,c666ede16f4b7212e0cff1349ef7a392,2018-04-18
b5a801d2465c927e096449f176459916,2b3c275c26ea00e57c5711171999f4da,delivered,2017-05-01 18:11:50,2017-05-01 18:25:23,2017-05-05 12:53:36,2017-05-23 12:32:22,2017-06-13,5ffbc70da7ad1808b6899421caa84fbe,2017-05-01
f52018d3dbab474544aa5379e0324de7,ea9e922e6631cd3992d68b3635860c53,delivered,2018-03-23 11:22:25,2018-03-23 11:35:28,2018-03-23 22:08:34,2018-03-26 23:18:49,2018-04-05,77a2cb71aabf0e7f42b15d0e2be183ac,2018-03-23
5727f102c85ddd314cc3158d4e044e94,94d504cf0e7f9bde1342c7f7ff51cd80,delivered,2017-08-17 09:47:42,2017-08-17 10:05:03,2017-08-23 20:51:30,2017-08-28 19:43:42,2017-09-14,a26ae7c38de0aa787fa4e9ff8a210f1b,2017-08-17
6b428be6c3dfedfc0e199b46fb7e2d48,d5d644b08c0a9b23cff92c649963ea2b,delivered,2017-11-24 21:31:52,2017-11-28 03:34:00,2017-11-29 23:05:15,2017-12-11 18:53:49,2017-12-21,169207d4ed01471bc7f735a9749772fb,2017-11-24
114a99f9d47f2dae0f5666161cede6a6,fc908e835a65941f82373dd643e8ef8b,delivered,2018-04-22 13:09:38,2018-04-24 18:34:58,2018-04-24 17:46:31,2018-05-04 16:32:37,2018-05-16,2b9e277eca8009408d57b48fd4cd8e84,2018-04-22
3bfd863aeb764ee13e7a3909ca8be2a5,a04a7887c27bab7f6c73ee263840123a,delivered,2018-04-02 21:30:19,2018-04-02 21:48:51,2018-04-04 17:51:02,2018-04-27 15:47:25,2018-04-19,eac7f2e81399b4c58eebde09fc2d33f5,2018-04-02
d5e8c3df207679f1ae9da8bcb4a35871,c0c9968b87c9b21b9cc522c898b56f56,delivered,2018-02-14 22:15:18,2018-02-16 14:30:42,2018-02-15 18:43:00,2018-02-24 16:38:59,2018-03-12,0da196eeb097814372b3521bceab2108,2018-02-14
3b580f556a4a7d02c2ce65505bb164fb,3284abe5e684f230d6c239ed831f3cdf,delivered,2018-07-20 16:44:41,2018-07-20 16:55:29,2018-07-30 14:17:00,2018-08-06 17:41:36,2018-08-24,98fa2abe60ee24b1207a9fa5ec0d4667,2018-07-20
4a2044944160f020bea094d2da430b0a,2fd341d2a33ae116ab3b2e7feaba2e40,delivered,2018-06-02 14:08:00,2018-06-02 14:29:40,2018-06-04 14:35:00,2018-06-20 22:14:32,2018-07-17,ab279c440323bdbb1f8a33e6c1c7c79f,2018-06-02
b1af1dcf54384fd19592bd94c17c88ba,172d2893ff8f6ca8ca4a55100b8be48f,delivered,2018-05-07 17:18:40,2018-05-09 03:33:48,2018-05-10 13:33:00,2018-05-11 12:36:49,2018-06-04,a4195ee2c2badfb9c4ff7678a7a175b0,2018-05-07
c6985618e38b04aa3af0206c2c042aa5,0a8c994d63dcee9298d895688ba3c358,delivered,2018-05-07 22:43:38,2018-05-07 22:55:12,2018-05-08 14:17:00,2018-05-09 18:42:03,2018-05-21,977004bef657cbc05d84674e29568a15,2018-05-07
3d0ae335b47c67a0251dcf021047517f,689ce7aa2582d589633bd30732db9e9e,delivered,2018-06-13 09:29:19,2018-06-13 09:56:57,2018-06-13 15:25:00,2018-06-14 18:37:39,2018-06-25,3120173746db0536b4ce30d18e55e70a,2018-06-13
c6ff8c337541af35aa09c14125a7f875,7f911eafbf0778e74755ddfcd3f46007,delivered,2017-05-26 18:58:13,2017-05-26 19:10:12,2017-06-01 11:31:15,2017-06-05 17:39:58,2017-06-22,cb0234187ed3f636f6f4f674a082998f,2017-05-26
fe3dc8be25e5bf90ae8fc3c6d7f680bf,2ec79b62f02fa880d65a89a4bc12591b,delivered,2018-07-15 19:30:43,2018-07-15 19:45:09,2018-07-16 13:44:00,2018-07-23 23:12:37,2018-08-01,ab02d0d9a0f7e86cf2a3895842c579ba,2018-07-15
907b36ec45e03307bb335fc31304b66d,712d8bfe4698839aef164897c63ec1cb,delivered,2017-05-19 14:49:21,2017-05-19 15:02:34,2017-05-23 12:31:41,2017-05-30 08:03:23,2017-06-13,2cee6377777e0baa063c1fc576bb1dc6,2017-05-19
5a648bc4d784434ae63666bfecf66be3,4729f940579b074574d217639714aada,delivered,2018-05-03 16:17:08,2018-05-03 16:30:25,2018-05-04 16:07:00,2018-05-07 18:48:45,2018-05-15,59ef077692a2f6ff5a8d24a6604ab5ed,2018-05-03
7a58856993632824e92f700eff99340d,7e1e4e8bf61282660be2b5237bbd451c,delivered,2017-12-13 18:02:39,2017-12-13 18:10:23,2017-12-14 21:42:15,2017-12-19 15:46:57,2018-01-09,077c3df601847549b013bfa66198fd22,2017-12-13
64a62eaae697d2b5002204677fb331cf,3ed8a6ccdee18adec7d692baa5e65230,delivered,2017-12-01 22:03:48,2017-12-01 22:13:22,2017-12-04 21:09:47,2017-12-14 16:10:38,2017-12-26,b698379306c3fad0ab64d82a63a770a2,2017-12-01
8a2c407ae60a30f282158e16de83fc2c,c6a89478b34864ed2e5f3415a1195b7e,delivered,2017-02-06 22:56:55,2017-02-06 23:05:20,2017-02-07 08:42:56,2017-02-13 08:55:25,2017-03-15,27f1125056e85c7953c73a028a8582ab,2017-02-06
53124f53452d087c139616c97657c398,96d78b075afed3e0e831578219415c02,delivered,2018-02-12 15:17:53,2018-02-12 16:00:20,2018-02-16 19:45:51,2018-02-28 23:21:58,2018-03-06,50bf45cedd9cdd9c6ad47e188608727a,2018-02-12
d6fd1a476eb810f979d9cbd33ce43bd2,6e324b09c628136477a8a0f711dec4a5,delivered,2017-10-19 11:33:04,2017-10-19 11:49:30,2017-10-23 15:29:02,2017-11-07 23:21:41,2017-11-14,2f2033a0ce1c48a5ed9728c874be9c04,2017-10-19
95149635630909a5bd996fb8c424f8b0,589da14260e4de26903bef3469feb59a,delivered,2017-03-25 23:39:35,2017-03-25 23:55:09,2017-03-27 13:45:11,2017-04-12 12:36:35,2017-04-27,941548baaac3de169e6f48d75a576abb,2017-03-25
4bccceeea58d5e2e65e3bf9b7bfb1f49,7976fcdfd283f91c4823592a96853e0d,delivered,2018-08-18 15:18:55,2018-08-18 15:29:57,2018-08-23 13:04:00,2018-08-28 14:21:26,2018-09-17,78d79858662c99b94b69547d9f80e061,2018-08-18
c8bf388d81617b961b598bc9b8b30811,4e03ab024ec93b3c8b991682f3d93377,delivered,2017-12-10 20:02:21,2017-12-10 20:14:29,2017-12-12 17:16:43,2017-12-13 22:38:39,2018-01-02,006e937bd5a5e32043018a6d1521b5d5,2017-12-10
78434d3b830508b615a3c9cd526ec769,3f2c391bdef5fc440bf9ff233e36e439,delivered,2018-03-02 16:36:02,2018-03-02 16:49:11,2018-03-06 15:48:49,2018-03-23 19:37:29,2018-04-02,9b5ebbb1c470f82e2538e2ffdf82c6b2,2018-03-02
80b0bd0c8f8cb86ae0c2dddb11693b07,5569c91b24c912d71c6120524b91b30a,delivered,2017-08-23 13:52:54,2017-08-25 03:05:30,2017-08-28 14:34:24,2017-09-01 22:14:52,2017-10-13,fc247d40bc8d0658c114e60ff4263d09,2017-08-23
e154f52ac122fee7ff0c05a9e46e5a82,a6ee39350d5f0844e6157b56d9caa1df,delivered,2018-01-20 15:28:49,2018-01-20 15:41:24,2018-01-24 18:44:33,2018-01-29 17:51:40,2018-02-14,c6fdb38ab1b25bb42d2f51ee0e22205c,2018-01-20
d9728853aba6c0bdff6723e6d7ddb310,f116e165373eb704ac4b8c9b87b6748c,delivered,2017-12-22 09:17:40,2017-12-22 09:30:42,2017-12-22 23:58:27,2018-01-11 03:45:16,2018-01-23,333f0953c0d19e775810eae5dd9c0c55,2017-12-22
4088827527ce8c088c35a2e493940b55,5fbb84d18cf3be4cc5e3a77ad95bda71,delivered,2017-09-07 19:38:09,2017-09-07 19:50:26,2017-09-12 21:48:52,2017-09-24 15:47:39,2017-10-05,d609facafd88898027f2e3dcd2cd5b6a,2017-09-07
1962dbe6d0755ae32f1381266df2e34a,23286cce1fd04a451b20398d49eb5c7e,delivered,2018-05-06 19:11:35,2018-05-07 09:15:30,2018-05-14 11:02:00,2018-06-04 22:18:40,2018-06-01,d9e97e176fab9b275f9665eef6151a7b,2018-05-06
ee9881886ccdd7fb25bf631d38c0fc35,cd26b8d2d69af3bf6fd64e23cb6020c1,delivered,2018-08-16 23:21:34,2018-08-18 03:09:37,2018-08-23 15:14:00,2018-08-25 00:03:49,2018-08-22,d12a206aeeb2ce2a7138bbe43244f212,2018-08-16
fa79b2c18a8bd1dd7fe6c20ea3986434,d4fb0906b93ba1b93329aecf0c2d0e73,delivered,2017-07-29 17:49:34,2017-08-02 02:35:12,2017-08-02 19:32:45,2017-08-11 18:40:03,2017-08-24,465b8d3742dc3b0ffb716c73b26e63f6,2017-07-29
636d7ef8a9aae4fe13b16e9460951c39,e162ea5e3db128f80dd38e4641ba94d7,delivered,2018-04-19 20:29:29,2018-04-19 20:51:11,2018-04-20 20:39:47,2018-04-23 18:26:48,2018-05-08,cf3baa9f2ceba3e753593b491e376b6a,2018-04-19
33eefd3aa85eebe6a110e9fcd67e8be7,57560919e8c83fdaa81575a5ab74d0a8,delivered,2018-03-01 16:04:27,2018-03-01 16:15:41,2018-03-06 20:46:53,2018-03-09 16:31:34,2018-03-22,3391bca4a0ec5185947ffb36d9ef6dbd,2018-03-01
ab8b6341a925e22523717681a8e26ed6,8a3f1d8e69005d13f5fede4c404d5470,delivered,2018-01-16 10:48:02,2018-01-16 10:55:26,2018-01-16 23:21:22,2018-02-07 01:07:35,2018-02-06,3021a9b6fb44f95bf3ab1d072b9e1868,2018-01-16
40c520349458bcec0ceb7a06f6061a25,25cda56270516cd7d1e124054b7aa365,delivered,2018-03-22 20:40:38,2018-03-22 20:56:23,2018-03-23 19:46:31,2018-05-15 17:31:21,2018-04-18,91b76ac6acd21fa56057dd0ca21caf31,2018-03-22
e2ed8bce0d991ffded0e4fb4bece8498,4fda3efdcecbef2c095828eb120fa692,delivered,2017-06-24 21:01:42,2017-06-24 21:10:18,2017-06-26 15:16:39,2017-07-05 17:13:33,2017-07-14,27e96f577e0346b2952d39c3b254aa74,2017-06-24
c0bc3a7a457b7bf1cef49c366c5832af,b0bbb9250aed344a101ebb4afb3d0c10,delivered,2018-07-23 14:36:20,2018-07-23 16:00:23,2018-07-24 13:34:00,2018-08-02 18:24:52,2018-07-31,30d5567553ba8886193ad181d4dec796,2018-07-23
c93a9cce3de4b250308ad3abfbff0e01,dbf9370e912aa2b06bdce8da5671a532,delivered,2018-01-15 10:06:32,2018-01-15 10:30:28,2018-01-16 21:10:16,2018-01-21 11:22:52,2018-02-06,12bdc2142f466fba74dac445250b9e0c,2018-01-15
c2cd6ce44609af75d061dfab2f67179c,9ae68689eb558472f387541c67ac8592,delivered,2017-05-05 08:44:58,2017-05-06 02:15:58,2017-05-08 11:45:33,2017-05-15 11:38:04,2017-05-30,0396c443fdda5498c7e9ed5b34871c5a,2017-05-05
8ae7bca1e289e5b580b39a20f9454900,a940a00ede64065c3ef0a2c928dfc4d6,delivered,2017-12-18 23:42:43,2017-12-19 01:53:21,2018-01-10 03:17:46,2018-01-24 22:16:04,2018-01-17,9f385db579a7034a58b32fdf7776ed7c,2017-12-18
d40c11d0b2048b65586327176ebea519,86572b150b9a2983fa7b196df5a4dc4b,delivered,2017-12-17 22:03:02,2017-12-19 09:51:36,2017-12-20 17:57:10,2018-01-05 21:51:51,2018-01-11,e2534db350214e3db3b4c96519b33a1b,2017-12-17
b98ebf284363c61636157e9248e966b8,9fd2b1cd3d866b1a545f69267736dc9f,delivered,2018-08-15 20:29:32,2018-08-15 20:43:57,2018-08-16 09:48:00,2018-08-20 16:41:19,2018-09-04,d897c81d88abecbf0bacb03997857af5,2018-08-15
51fb61776ef5371653e8b4e1c99d1c12,e2275acc246e2c5b85463018fac5cca9,delivered,2017-04-28 12:40:16,2017-04-28 13:06:25,2017-05-02 11:43:51,2017-05-17 10:04:47,2017-05-22,d29cd7ea1f16713ca6ca68c50bb2039d,2017-04-28
69765e1430e055dd83b07cab8f4afe03,6d24ca895515505509363d06fb82da79,delivered,2017-09-24 12:41:40,2017-09-24 12:55:15,2017-09-26 12:37:54,2017-10-04 21:30:04,2017-10-20,95ae36273ee77fd0be620474af5331bb,2017-09-24
f614b00ec28e93d421101c1a27369277,37b1a6ea6445f0a22764e0f929913917,delivered,2017-08-10 13:20:56,2017-08-10 13:35:14,2017-08-14 11:13:57,2017-08-21 20:57:31,2017-09-01,37f62f45f4aa355b059db858a29fc606,2017-08-10
5b362ea8f021e5d7e02100d4ae069424,84a72ad3b471257890eb1ce84de6ef6f,delivered,2017-08-16 11:54:56,2017-08-17 02:55:39,2017-08-21 14:15:51,2017-08-29 17:50:12,2017-09-12,1ea4e1f76c37e11e1b90286ba8ddea0b,2017-08-16
eeac3b5e5eeae743c6f222f4975e3011,5d45ac551f8c0ec3b8bf407786a25494,delivered,2017-11-24 10:08:22,2017-11-24 10:38:37,2017-11-24 19:07:45,2017-11-29 15:33:24,2017-12-22,d5a41bba1d2c528dca6590ddcb0b3850,2017-11-24
b136c0fffe2bc0642080f1547c1f569b,3f9ae5ea24f0d1b28473369a0778153c,delivered,2018-02-28 14:43:42,2018-02-28 15:11:36,2018-03-03 15:32:46,2018-03-24 02:12:20,2018-03-22,39770fc7837a83d777b1ebda2874405e,2018-02-28
f790f7c7d494562bf4166768abbb9d94,88054508f13c781d3fb0e8db2c7c7c0d,delivered,2018-05-15 15:11:58,2018-05-15 15:35:02,2018-05-16 09:23:00,2018-06-06 14:16:44,2018-06-05,860d42fc983e6777578d4e12ac80e5e7,2018-05-15
3749ffb24b4dec6d0cab14cb31e4fa94,c778451490bd2d62f6748492ed4068ac,delivered,2017-11-15 13:09:18,2017-11-15 13:26:53,2017-11-17 23:39:28,2017-11-27 20:53:53,2017-12-07,ec243bf26b7986b3aa3d3e60c02405dc,2017-11-15
2df16064a31736f53f6466a3500f718b,289a64e033df3a28829191ae385c7004,delivered,2018-05-07 21:36:53,2018-05-07 21:54:20,2018-05-08 14:13:00,2018-05-11 19:38:44,2018-06-05,a672378d1c7da1d1bdb831aa8f2777b4,2018-05-07
c0029b358d3f226b1a759efa559b61af,bc57b11c1e9f28ee2909eb7402f40206,delivered,2018-05-06 10:34:44,2018-05-06 10:53:03,2018-05-07 12:29:00,2018-05-08 22:24:30,2018-05-21,7a766d9f6b11ed01eba9eb42675aac7f,2018-05-06
4d0e8487272b6084f4425347889e603e,93caf29e16ec797fcc749ba3f519f3fe,delivered,2018-01-30 18:56:50,2018-01-30 19:14:48,2018-02-01 17:52:00,2018-02-15 18:10:31,2018-02-21,830ec3bccd5bb489d899baa454cb03d0,2018-01-30
272d4db8440d24b59b2d409f64c5b161,aa0bfec3e445f3bfe3fef812354123c1,delivered,2018-04-05 11:34:24,2018-04-06 03:28:45,2018-04-06 23:44:43,2018-04-12 01:48:38,2018-04-25,21a1184d970eda158c5b2039deb97974,2018-04-05
585bd8282700b362b4023d8fed406190,181ec1b5fe9a1e889ee634c154297e27,delivered,2018-06-07 09:58:55,2018-06-07 10:15:06,2018-06-07 12:52:00,2018-06-11 14:31:02,2018-07-04,bc095bd3bdf356d753e9731b3e5181f8,2018-06-07
c5b4cf4aabaf93ce294452d114ae22a1,ffef8c44b23871ffd6a1df761bd61783,delivered,2018-01-20 11:39:38,2018-01-20 11:57:47,2018-01-22 21:28:43,2018-01-27 13:47:50,2018-02-16,d39498b488e1045cffd1a9a2d1a8da67,2018-01-20
b80a30ad4fad5c35fbc7904d46cb25e6,dec0327d097743b1b1f013842e6b7f8c,delivered,2017-06-28 09:51:56,2017-06-28 10:05:25,2017-06-29 11:19:50,2017-07-06 14:39:44,2017-07-18,5444e02a0c3ca5f9f52083a14ece5ffa,2017-06-28
97a2832ad65391074f5b36aa6d4de17f,b0634ba4b292e1b6245c84abfb52c27b,delivered,2018-03-24 11:38:29,2018-03-25 11:30:39,2018-03-26 20:56:41,2018-03-27 14:17:34,2018-04-06,3fce5d537624ff9bd1460cd32c60f09e,2018-03-24
6d39aecae27ed2210d0855310a3ca180,a76182d1036e275b4c6244a9f90d5bcb,delivered,2018-04-30 19:01:55,2018-05-02 09:33:05,2018-05-03 09:21:00,2018-05-10 21:17:40,2018-05-23,835e52c41ec944a943c6c35275acdd6f,2018-04-30
a52ce374ecd1e12480900aa9f5944e4d,89dfc5a431ab96d5fcf4ead7c032cd75,delivered,2018-05-08 23:21:06,2018-05-09 07:15:20,2018-05-16 05:27:00,2018-05-21 21:08:27,2018-05-25,e9c961ba34a2a7f0515cfd3040c0a583,2018-05-08
93fd94c99b582fd7ccdf72b3721e34ea,35ce0b4b731e2f576d0facbccab90b77,delivered,2017-10-03 22:02:40,2017-10-06 09:56:18,2017-10-09 15:53:21,2017-10-13 23:07:39,2017-10-27,4d80869801d12dc0fd8492add2dbd7e6,2017-10-03
bcbb11b412d6f57c7a4a9b1d1ff56a13,6921ebf2d8c510b659be8c8579fa7e66,delivered,2017-09-09 14:53:45,2017-09-09 15:10:15,2017-09-14 19:39:56,2017-09-20 10:50:10,2017-09-29,38679f702b456bfcfdcad08d9b1293b0,2017-09-09
9de85e24940c7fd91ec9ee1dd540b3cf,01e5e7553c95f21eda0aaf0da6e0e4d1,delivered,2018-05-07 20:54:53,2018-05-07 21:14:01,2018-05-09 16:36:00,2018-05-11 00:03:49,2018-05-17,02da4d32a2cf298f82d850d77481da0c,2018-05-07
86fbc7823cb0bc0b27e0ccd18022aa19,512ded1d728a366069702fd124de9a6c,delivered,2018-08-18 08:27:58,2018-08-18 08:49:38,2018-08-20 14:22:00,2018-08-23 18:31:49,2018-09-12,52ab2b4a66e349e6711f86bc7c7026bd,2018-08-18
b3d0c1411a53b6f3461327a96bc115f2,e7df7997816ff171ba71e0647acd8f3e,delivered,2017-05-21 17:12:50,2017-05-21 17:25:16,2017-05-29 02:03:30,2017-06-08 14:33:06,2017-06-20,6d511d6f807be1ea8ae181f11b0a57fa,2017-05-21
d2e58ee8581dcfe3133f8edcbd413722,aff60c8baded1f7e3a2f72e91f05547a,delivered,2018-08-17 18:34:51,2018-08-17 18:50:03,2018-08-20 16:44:00,2018-08-25 02:03:14,2018-09-04,6a165db64d4a39606600290ca9f770b9,2018-08-17
5deac2860e55974b9ffa8e2cdc42c58d,c49c65685c94e4fd3fe7ac1cb425f86f,delivered,2018-07-30 11:19:30,2018-07-31 09:30:54,2018-08-03 14:24:00,2018-08-09 21:08:46,2018-08-14,03fb12332795c736187f8e897977eae3,2018-07-30
1f3be0325231ba927e78b6b517db7455,1606ed0d8cd1e54c9edaebc875deb012,delivered,2017-10-13 18:04:34,2017-10-18 03:14:45,2017-10-24 19:18:44,2017-10-25 20:52:50,2017-10-25,216b3f75ee68a2ebdc1efefe9f9b230d,2017-10-13
fbd0115d6ad4a47c2b80a49014956a0e,857aad3974a0fa1ff317926ea1347b81,delivered,2018-06-08 12:20:50,2018-06-08 14:30:51,2018-06-11 13:06:00,2018-06-15 13:03:57,2018-06-26,c9913dda773d808db384a9f4552a47ff,2018-06-08
f995b728b456b3f0f5121d831f81adf4,2247400625c49aeecf99c421e266a963,delivered,2018-01-30 21:24:28,2018-01-30 21:53:33,2018-02-05 14:37:07,2018-02-07 18:29:04,2018-02-15,d698bd39faadf5e16c1bab185ae712de,2018-01-30
09ea2f085e77814c3b31377ba10aa4a1,39b9f5510478f23f62857e3de980ff77,delivered,2018-02-13 22:49:03,2018-02-13 23:07:34,2018-02-19 22:48:48,2018-02-20 23:19:13,2018-03-01,7a80530ddc3b84b18bd761f998ca57bf,2018-02-13
7063524166dbe4d1f15029bafcd95070,9fc14ee468e1e679d5a5057fa4224511,delivered,2018-06-28 19:28:52,2018-06-29 02:53:28,2018-06-29 10:22:00,2018-07-04 18:48:49,2018-07-23,a5240b77797f64b4c55d9ea4309ca7e7,2018-06-28
27ae3ad0516a9b55f2236e24f690e01b,0058ebe2dc136d918dd001968cfa5903,delivered,2017-02-09 16:19:02,2017-02-09 16:30:12,2017-02-22 03:51:44,2017-03-03 10:34:43,2017-03-17,9e8993ba2665307b71bd1641c2e1cb3d,2017-02-09
02fe1a0806a5041f35fc69f658202c34,82b3403d0cbb90bad615c86c1a1a3b3f,delivered,2018-05-11 19:35:32,2018-05-15 04:52:40,2018-05-15 14:20:00,2018-05-22 18:32:22,2018-06-01,b993f51fb87b954413e897e55d6985a7,2018-05-11
0665734cec5349770a82280c326abc2b,71a1623032c89a5ab3feff5fb460a5c8,delivered,2018-01-17 22:07:24,2018-01-17 22:17:31,2018-01-22 19:26:56,2018-01-23 16:32:34,2018-02-01,366def67e0b1e3ccfd58d60cc2edfb1a,2018-01-17
8e287e7d7db7206c7a9d0184e97014ad,0e8be41ec287f1d9753fa200dd8741c4,delivered,2018-01-05 13:10:52,2018-01-05 13:19:24,2018-01-10 22:07:43,2018-01-24 00:48:44,2018-02-09,da2edba0f99595361e7dfd281b1d8b11,2018-01-05
2887a3e067f56df09cbc679f3646deb0,d18bff6a3de67eebfab42468ffcc42a5,delivered,2018-03-16 10:36:42,2018-03-16 10:49:01,2018-03-20 13:42:44,2018-03-29 17:34:08,2018-04-04,a760d3ca4fbed0c5a4308ab871276438,2018-03-16
9a87b7f9b871b4725233e41e08811caa,560c13ab2e56044eec5b75a29e759272,delivered,2017-04-25 16:36:37,2017-04-25 16:45:18,2017-04-27 06:46:52,2017-05-11 16:54:35,2017-06-02,1c3c50eaa30aa34ec0e5e2c18891f30b,2017-04-25
c58f135d215cadb93a6648e61849ad15,4446b2ccb30c1208716a36fb0703a540,delivered,2018-06-27 12:42:33,2018-06-27 12:55:23,2018-06-28 07:57:00,2018-07-02 20:02:44,2018-07-20,62e4743e0989ccae8320767889e71aa9,2018-06-27
f43e673034eb90d4d548dcbc3f64b6db,2c8abbbfb29cb450208d0f4f78fa4977,delivered,2018-08-18 17:20:37,2018-08-18 17:35:09,2018-08-20 18:25:00,2018-08-29 15:37:21,2018-08-27,4c09bf31feb393eaab046e6364e58e97,2018-08-18
58a1e508f021717acbcf12f9f328f497,9551c9f70be99f31e88354c565e543f0,delivered,2018-01-15 23:15:27,2018-01-15 23:29:51,2018-01-17 21:04:27,2018-01-27 12:38:43,2018-02-16,795c1622cf7a53d63d324e862349d01c,2018-01-15
f1392a30909dbd81bbe5973e40ebba37,360ba15086ef8c818aa096d3480463bc,delivered,2017-09-17 20:39:36,2017-09-17 20:50:15,2017-09-19 22:37:33,2017-10-10 14:03:50,2017-10-09,6a06628f1bbaee77da8aa892e5aefb72,2017-09-17
1705468d3470bcd4def52e6e8fa2cd92,232ca1f033dd8ad12db889fb45d8b8f3,delivered,2018-05-15 17:20:15,2018-05-15 17:38:09,2018-05-16 13:36:00,2018-05-21 13:57:39,2018-05-30,9e64844210fb67d64cd18cc97057c8f3,2018-05-15
2eeb0fca026f13a4065dc4d23542095d,ae02fa353f4acf44f4d31787553b46d0,delivered,2018-07-27 10:55:59,2018-07-27 11:10:46,2018-07-27 14:56:00,2018-07-30 21:33:33,2018-08-02,08782186a7dea8dcead7823a2a511e0d,2018-07-27
8ed4296590754b5d2eea172a5fdb7046,fd33e927e94c67ee7db2aaf788eb4a6d,delivered,2017-03-13 17:37:05,2017-03-13 17:37:05,2017-03-20 11:58:43,2017-04-07 09:25:08,2017-04-10,b57d6f719e74fcb448709359e24f9d2f,2017-03-13
a5d8e75b33301e9d3dac461f5660fc37,527c4998643198f37ef598f8cda74fd9,delivered,2017-07-24 12:24:34,2017-07-24 12:35:21,2017-07-28 18:09:29,2017-08-04 21:56:52,2017-08-15,72d0d19ef148b042ed2efea7ff79ed69,2017-07-24
e392e762463125f6436ee6719c03e4ff,647267113a2f88abcd88d218821c6b31,delivered,2017-08-19 19:56:56,2017-08-19 20:10:17,2017-08-21 21:31:54,2017-08-28 19:12:41,2017-09-11,cd645b827a6114deb2bdb1f8448eeddc,2017-08-19
9575356ff2ceb13c4861bfb09185adf7,768d8bd018fa5143de281e5ab97f678a,delivered,2017-09-13 10:00:41,2017-09-13 10:15:20,2017-09-15 15:24:52,2017-09-26 20:41:30,2017-09-29,76bcbdcd69723ce8c9570ff8ff61cd7f,2017-09-13
ab7d581904e30270097263608c42ecbf,cac2bb1e674222234cc6d3b3b22182ee,delivered,2018-03-17 16:47:21,2018-03-19 07:50:34,2018-03-19 17:32:08,2018-04-14 17:56:36,2018-04-06,58356170ea533d3458adc198bf932034,2018-03-17
b04b061c476ead18ecd0294170063e16,08827cc1bfff8f8ec04d396cdf2a124f,delivered,2018-05-07 12:30:27,2018-05-08 12:29:44,2018-05-11 05:35:00,2018-05-18 22:38:57,2018-05-28,abd9d6877e16836e064ba2d10539ef28,2018-05-07
ff098b9342213641be5da8163f0fcf2c,96247f13c0086e9d96b945227b7f8f25,delivered,2017-11-01 14:42:57,2017-11-04 05:05:35,2017-11-16 21:29:22,2017-11-22 20:18:31,2017-11-27,c1eed380c5284f6d86f7263653ef215f,2017-11-01
c1fa448f27f0921ae5417350e500490d,4541591de4b160e1f08cb0e8bbebadab,delivered,2017-03-28 21:09:40,2017-03-28 21:23:02,2017-03-29 15:27:12,2017-04-03 15:35:12,2017-04-20,038b7fcc842de60dd02e9ce81e2d44bf,2017-03-28
f6a0e9f2ee368264a84d69d92c9a5b3f,3c5a39f999c141a42792a0f2e1c7726d,delivered,2017-07-09 15:19:58,2017-07-09 15:30:16,2017-07-14 19:12:13,2017-07-26 03:16:50,2017-08-15,4d0063e13c579513a5892115c789682a,2017-07-09
35d6f22df6139cb41e6dc813a0f84302,6aa38fdee597dd9814ab987b44cbda55,delivered,2018-01-22 22:45:49,2018-01-22 22:56:04,2018-01-23 21:45:15,2018-01-25 23:47:36,2018-02-06,01a22e2079ea71e17313b88e5811e54a,2018-01-22
672410cce728c5bc55061e45e7a9982e,a78420e9bab6abdf4b5a99f890f24a52,delivered,2018-04-07 21:13:23,2018-04-07 21:28:23,2018-04-10 00:02:22,2018-04-23 22:38:42,2018-04-27,5b37e9e7558c9848cdaa8d7e74f579c6,2018-04-07
8121a5da48fe0eaf4676e88e9d209cee,2a16be3ba0e087da21ba61fbc73f36bc,delivered,2018-05-16 14:19:14,2018-05-16 15:34:51,2018-05-18 11:12:00,2018-06-07 17:26:55,2018-06-08,b7ffc4ce087edab67829aa5316f08e9e,2018-05-16
b1cc3e65937e4d01bff18495b5577f57,3cb6790fc75cf9ce39b0af0dcb962c63,delivered,2017-07-20 08:59:20,2017-07-21 02:55:21,2017-07-21 19:51:56,2017-07-26 10:42:57,2017-08-09,2f943c4d1927d20a8e0bfdf937673e33,2017-07-20
62f27dae9fe200c98b311e6843dcbf49,4f782c510387133d5a6b81769bb3c8b4,delivered,2018-02-21 12:00:32,2018-02-22 02:10:38,2018-02-22 20:18:51,2018-03-08 18:28:46,2018-04-02,185129bb4800fb9402b05e99b290c379,2018-02-21
14c0c0bebe2cd50fb1dbdee84fbae03a,7ac0cc6086ab6987cb2bf47141b2288a,delivered,2018-01-04 14:05:07,2018-01-04 14:15:30,2018-01-08 20:46:20,2018-01-17 16:42:05,2018-01-29,43fee0c28d0149eef54898d1d877a3e2,2018-01-04
dea7cb1fd64c147e1cc083ff2a74a184,1cca320c8938b55f28f325396ca0457e,delivered,2018-07-09 22:14:07,2018-07-09 22:25:12,2018-07-10 14:27:00,2018-07-23 20:57:28,2018-08-03,145ecf95ce49b37e4590a8b5e635b586,2018-07-09
4c8f39a65890981ff48b24f1899db560,3ce54c43e38d4e8ba10df6973a306677,delivered,2017-09-13 18:10:19,2017-09-13 18:25:44,2017-09-14 18:10:10,2017-09-25 16:52:12,2017-10-06,de2ab31e1c184fe443cb49e32fe24f8b,2017-09-13
7b7ce86399877a0908f5af4041da975d,3c345fdc15ef29f50db0567994b47903,delivered,2017-02-28 08:49:59,2017-02-28 09:05:12,2017-03-08 09:42:43,2017-03-13 13:15:00,2017-04-03,1402f8d7b190d6413ae91fec3e71f59f,2017-02-28
42ce6a0ec35eb86bfb376c039fcfe399,26f1add6f6996118b1c61af5f11ef24e,delivered,2017-08-17 13:10:26,2017-08-17 13:25:24,2017-08-18 17:48:55,2017-08-25 10:51:59,2017-09-06,53ae13d8626773704910dcc748998d7e,2017-08-17
48337f7180cd174b07c0560ca8941dce,f61cf079d859f6eeb1899dacc1a3788a,delivered,2018-08-24 20:41:12,2018-08-24 20:55:21,2018-08-27 13:59:00,2018-08-30 16:31:44,2018-09-10,31eda0e1c859a877ec1fdc3509e22655,2018-08-24
3d9d7644b996a0c8a0038a70c90830cb,96d67c350694b00e45e811eb9eb3ab45,delivered,2018-03-02 15:06:22,2018-03-03 15:09:00,2018-03-06 23:41:36,2018-03-17 20:53:46,2018-03-22,dc6ee88a2bf80f61fd22ead7c082c3b2,2018-03-02
ba8c6767acf3744b63e5880f35d7e125,1ad4dfb256200643fa285f7baac000d5,delivered,2017-09-25 16:30:44,2017-09-27 02:49:15,2017-09-29 21:27:29,2017-10-16 19:35:56,2017-10-27,ec366396059b17ef6b3492d9f65c713b,2017-09-25
42ec328ff647d401412f3531462b0b96,44fc7a654b5d562331cc277539523708,delivered,2018-07-09 11:37:20,2018-07-09 11:50:17,2018-07-09 13:41:00,2018-07-30 20:27:47,2018-08-08,dc6efb6ea7a8e523fa8222c8550343b0,2018-07-09
ab355d60eb2f7b4ffcd01aab4da8ebef,553deac20f9797416011bb287657799c,delivered,2018-05-14 23:08:15,2018-05-15 21:13:36,2018-05-16 13:23:00,2018-05-21 12:09:30,2018-06-01,1d859e147006e6e106e47aee2a95b4f6,2018-05-14
a4425e2bccba621150a07a685cf063be,d436890d44092b00fcfcbdd7a168c240,delivered,2018-06-26 14:27:52,2018-06-26 14:57:15,2018-06-27 11:31:00,2018-06-29 16:18:52,2018-07-18,ed42ccde391485cde5b0699b84b5c070,2018-06-26
1e721ce42c736da389dc1e266e969acd,9670f4d666e901ffcd28269d0096d000,delivered,2017-07-16 17:26:30,2017-07-16 17:35:15,2017-07-18 14:35:09,2017-08-07 13:12:27,2017-08-10,6fcd50e12046b301e483777bcfbdf964,2017-07-16
b3f7f632c85da6b71020c45771e67c5e,42d4a2e8a460728da550948367a9f2d9,delivered,2018-03-06 12:39:48,2018-03-09 06:55:25,2018-03-09 20:58:29,2018-04-16 11:21:19,2018-03-28,01eec5acca315fa22d30315944c65536,2018-03-06
98388328237d2965c12db57b001f3032,0be6d364b9dcdb4fe3ccfd89b7a487da,delivered,2017-12-18 18:13:16,2017-12-18 20:30:40,2017-12-20 19:07:16,2018-01-10 19:30:14,2018-01-16,942a51dad33958da2f641c42fce62f47,2017-12-18
cea2d13406a9f18e04f5d57fae9929da,b4ca85bae934dd7e0ae4a60388f35638,delivered,2017-10-22 18:05:08,2017-10-22 18:14:32,2017-10-23 17:08:12,2017-10-31 21:38:53,2017-11-09,f94be6793b2753d7cae83ebcd73efcc8,2017-10-22
08d0d3587fdedecc31be9c29c74b819b,3140cb09f7ddb4b1c065456a372bd82a,delivered,2017-10-24 07:09:48,2017-10-24 07:28:08,2017-10-27 20:23:12,2017-11-06 18:52:10,2017-11-17,8c7bbfce3e679e68f7c304098290f049,2017-10-24
92fcd62874365e840d925ae2fa2e06fd,23fc5eae4f6c7e27c037bcb5d9e9b4d3,delivered,2018-03-12 15:11:22,2018-03-12 15:38:08,2018-03-13 23:53:46,2018-03-28 21:32:55,2018-04-05,d87061e8f501a813bde33d67953ee9ca,2018-03-12
f8e6ae30ab6c20f60adbbadd23f81ca3,4e1bb82e35b06685a4d9e09754549ac5,delivered,2018-06-12 14:34:37,2018-06-12 15:05:36,2018-06-13 14:50:00,2018-06-14 19:39:01,2018-06-28,5d4ef8081defa3e4df0700c1bd9f8804,2018-06-12
e55d5c08b9e26113f2f0b5b9ee191b65,d42b940e327caf15f20892bbf1c2258b,delivered,2017-08-25 11:35:57,2017-08-25 11:45:39,2017-08-28 21:04:28,2017-09-05 17:12:25,2017-09-29,6a40a9247c9c174b6ad64a6be330d0a7,2017-08-25
64a859a6736ad1d34596f44cb069ea05,237f38bf0ed44908a68963f0d8ea2b33,delivered,2018-01-24 19:00:08,2018-01-24 19:17:12,2018-01-30 19:58:52,2018-02-09 19:16:59,2018-02-16,4ff6171ab7b826877b8bf26808f1fc25,2018-01-24
22543080a0066963931832c0df11b2be,613735eeed7838276933826aa1fd5013,delivered,2018-08-11 09:43:32,2018-08-11 09:55:17,2018-08-13 12:40:00,2018-08-16 13:03:19,2018-08-29,6e2cb7d235a7351d31b5f1994c4f5001,2018-08-11
64784a51c7c5763b0693ed5ab75a2596,4d6f556ce6592174ab2c70a1a9c1f00b,delivered,2017-10-12 14:26:40,2017-10-12 14:36:32,2017-10-18 22:23:36,2017-10-24 20:48:37,2017-11-22,ad7072317d373de9bdc9b4ed5b6c5a85,2017-10-12
6c4a7301e854d61f245807b71ec7642b,614cb17913a2d2e976db5dc6728b3438,delivered,2017-10-27 08:19:47,2017-10-28 03:07:23,2017-10-30 19:14:05,2017-11-03 22:38:03,2017-12-04,cfb21d22f8a26e71d30ef7215c05c83a,2017-10-27
e5ca5039b91a2e7f504bc29aba41559c,2eeb124977d63c594092cf08f7122729,delivered,2018-07-27 04:12:36,2018-07-28 02:44:31,2018-08-01 15:17:00,2018-08-07 16:04:51,2018-08-23,2585398ecde71acab4438851ee9b8893,2018-07-27
5aa551497a6e4522899b4a89a3eeff5f,42150c5dc225debc71b6e811e9acc909,canceled,2017-03-10 22:49:47,2017-03-10 22:49:47,,,2017-04-10,ad940dccfb73a91371980ffb90400577,2017-03-10
33ca9b7ba09adaea52b480057b74611c,bf95c2c2c53ab4df6e62dfff66f98877,delivered,2018-08-09 18:08:14,2018-08-09 18:24:45,2018-08-10 13:44:00,2018-08-13 14:46:41,2018-08-14,38bcabc3a03ade1e05fe63312e36064c,2018-08-09
1a3f925f36cd0be140285b3a6974baee,5e3ea4c0dc7aa8e9c0596346240b5763,delivered,2018-06-04 09:19:51,2018-06-05 09:15:19,2018-06-05 14:21:00,2018-06-08 20:51:34,2018-06-28,207a07e11e90ecb0457df31faafff393,2018-06-04
5c748cfa838e65b06c230b1f917ec95e,2445e3d4111363be3afb60bcec7b13b5,delivered,2017-11-23 19:06:05,2017-11-23 19:14:36,2017-11-24 21:09:12,2017-12-09 20:48:44,2017-12-18,68ab9bfe2388b0b36614c7000b8b1cf8,2017-11-23
0a3fcfaf1098f95867cdeeb766561eae,3cac74b1c7dd18deaec3e1e772bcebb2,delivered,2017-04-25 21:25:09,2017-04-27 13:05:38,2017-05-02 10:59:06,2017-05-09 12:21:48,2017-05-22,5d323409404dee6bdb0f6cf9ef828dae,2017-04-25
a96095e939ac89b2ee0975e7c5300a68,27022bc180a011c7ad990251d2f44e3b,delivered,2018-06-21 09:16:19,2018-06-21 09:43:09,2018-06-21 16:50:00,2018-07-03 08:21:18,2018-07-13,a80a048ab08d27168131328d4e2fde1c,2018-06-21
4783b2e1f4ace7d91d01803014cdeb2c,0ded51e019af537d7cec98cbdfef87f5,delivered,2018-07-16 09:22:04,2018-07-16 09:30:10,2018-07-16 13:38:00,2018-07-20 15:58:52,2018-08-07,8c0093a5e8704e6db48adcf8b57a88e1,2018-07-16
ed869c0c89353ad056e1e883e4be35bd,2e7829e7992b741b79c574c4f1a2426c,delivered,2018-08-04 23:03:44,2018-08-04 23:15:16,2018-08-07 08:26:00,2018-08-15 01:24:31,2018-08-17,0501840168467a2d31102cf755e6ebcb,2018-08-04
a2d61fcc6a85b2662e5ba230a206dd72,fc8bd7a118ce62013dc46aecf4bd3be3,delivered,2017-12-04 19:17:13,2017-12-04 19:30:15,2017-12-06 00:51:24,2017-12-11 19:07:25,2017-12-29,0e8dd70c9505e11767576dd8d55f4ddf,2017-12-04
885f4a8f1339042f54f941de2e64a11e,c4d933ca1293b494c0db1ed8a02b5ad0,delivered,2018-05-23 10:12:57,2018-05-24 02:18:31,2018-05-24 14:16:00,2018-06-08 14:03:14,2018-06-11,cbf8fe7ac4aaee0baf00a7c7ba5f451e,2018-05-23
55e2d723733c45033e71cb4d44690234,32a68880c3edfc878276ca3ffb8c084d,delivered,2017-10-13 07:17:42,2017-10-14 03:46:30,2017-10-19 18:40:09,2017-10-27 17:28:05,2017-11-07,f0e310a6839dce9de1638e0fe5ab282a,2017-10-13
092adae6d0744065b0482cb014c671c9,20ed1eb8b4e92e5209c09a6f5a60df22,delivered,2017-06-05 15:33:07,2017-06-05 18:10:20,2017-06-06 10:14:05,2017-06-09 11:35:35,2017-06-26,fc09bd9c52826077629d200d15cf05fd,2017-06-05
c5169d427c5a1a403a3eab0ca8d375fe,83edb7d15328afd0176466244495a407,delivered,2018-01-14 10:42:30,2018-01-15 14:10:54,2018-01-15 22:29:44,2018-01-26 16:39:22,2018-02-05,9ca25c67e315e2a59b00eca2d4797734,2018-01-14
8b6d201fff0b1b32e59f7cbdc6beaf54,e727991c9f9c297620b5d8e6ff320f2e,delivered,2017-01-21 17:17:20,2017-01-21 17:30:10,2017-01-31 16:09:56,2017-02-06 11:00:25,2017-03-21,0379a6f96d9befaf749609ba52b17783,2017-01-21
4f3a6e28d764cf896b1fceb0028422c8,e24fceba7ac4b1b1cd1884f05ba68e9d,delivered,2018-07-03 09:34:16,2018-07-05 16:21:50,2018-07-03 16:52:00,2018-07-05 13:32:49,2018-07-20,7410c7ed56c93d4eee17a7b7b3a75b3e,2018-07-03
945edc9b56f1a08b87560bf946945f20,3eae58b70e658e4766fd1b76fea5de93,delivered,2017-11-08 16:52:07,2017-11-09 05:31:34,2017-11-13 16:55:01,2017-11-28 22:03:41,2017-12-05,7f0ed6e8c19420dc59f862c427f6d18b,2017-11-08
5599a0eebfc7ecac5cffa25fe2d57e47,905b68aed6177b504cdce690e4e85575,delivered,2017-10-31 10:44:55,2017-10-31 11:06:18,2017-11-04 12:29:00,2017-11-09 16:47:08,2017-11-14,310bb63fcca8d5ef53e67f2497c30dba,2017-10-31
1a95dfd9e13740601984c50db97e0848,852daf7fcc8c2af8f7dd380a8c47c943,delivered,2017-07-17 20:39:31,2017-07-18 20:45:17,2017-07-19 19:22:35,2017-07-27 18:07:49,2017-08-16,20bc73a6fe3792c8e2c685f4da302c3a,2017-07-17
04e2e5f16cad2f04bb156a4bcc034520,139a718c01cce276519bede2cbe5cae5,delivered,2017-12-08 15:42:25,2017-12-08 15:52:55,2017-12-11 22:32:39,2017-12-18 19:03:05,2018-01-05,2b5f3f418c9fbfbeb2eefd43943f95c4,2017-12-08
d5a1ba11ff004ff5cf6b2c1184c734ec,21583399870ded9e42b389e36358d020,delivered,2018-02-03 10:54:15,2018-02-06 04:32:05,2018-02-07 14:53:08,2018-02-21 13:41:58,2018-03-08,b27631b5636f97ebf602e50b2bf7f30c,2018-02-03
a05bbaf69d9dcde272cc101dfd1c6cc8,1b6fa2e32d4a11df524f2aab17d66e09,delivered,2017-10-07 13:21:09,2017-10-07 13:35:14,2017-10-20 22:47:25,2017-11-09 19:32:57,2017-11-08,a39f499be584ce0057dd5c0485123575,2017-10-07
a4b15028cbd22d539a036666a6c03dfb,7dcf54c584f1336cbc77c6bf559840a5,delivered,2018-04-24 15:34:22,2018-04-24 18:58:37,2018-04-26 13:53:00,2018-05-04 20:09:00,2018-05-21,7ab43177f9c8132155a5199825505fe9,2018-04-24
3b70c696a802c8faa368856e6d6309e3,28a9a3a21866a667462c1965fbfce618,delivered,2018-07-17 13:14:54,2018-07-17 13:25:14,2018-07-17 15:44:00,2018-07-20 20:22:04,2018-07-31,6ae0a9e0c0b38e764d43aca2febc9e20,2018-07-17
7873f8c18442c79931e94c2a378f5f7d,1c62c6b746c6385223cc94da28593842,delivered,2017-12-06 21:51:31,2017-12-06 22:31:05,2017-12-07 17:18:02,2017-12-12 20:49:20,2018-01-09,e4f79fe81faa8b93bed7d1161abac4b3,2017-12-06
cb5968b2e24851bf4bce1c48fdcaac37,7cfad50335cc955293a6f717ed14ef91,delivered,2017-07-12 16:52:42,2017-07-12 17:05:20,2017-07-17 14:16:42,2017-07-28 20:27:52,2017-08-04,689458f1392c3090f070b00dddb2a903,2017-07-12
c3a8c3c9ace4452ea16d331ba3c44c50,bfaa59943933939eb6bfb564519e794e,delivered,2017-07-17 19:35:32,2017-07-17 19:45:14,2017-07-20 20:41:52,2017-07-31 14:33:16,2017-08-04,6e9a6867883241de50a7ec48ea84e946,2017-07-17
2456821eb4bf8fe5ac094da15037a2f3,e215e63f573b24af6225dd76e2119c42,delivered,2018-08-06 10:40:33,2018-08-06 10:55:12,2018-08-07 11:15:00,2018-08-10 20:46:21,2018-08-16,66a2af8748b4da646f2bd8f3e933b311,2018-08-06
0f5eab9ad693ad60f23eddb4338d4a20,d448e95e212ba503c7b0e2bc285b99cc,delivered,2018-02-22 14:56:13,2018-02-22 15:10:26,2018-03-01 17:25:15,2018-03-08 22:59:24,2018-03-14,8221338734f620557ec27e3393f06368,2018-02-22
7b1ade884cd7da23e0f853fd00807d38,2500d872cf428ae97a335ac039d9ec00,delivered,2018-08-05 19:54:07,2018-08-05 20:05:19,2018-08-06 14:19:00,2018-08-14 23:42:11,2018-08-20,4d5df98878884c8e4fc796e8d0c79c83,2018-08-05
7bd0fa6cc96710fda7c735ed00b3c018,d1e368d5d12e0bec75a88b1ac142bc2d,delivered,2018-04-01 18:21:40,2018-04-01 19:08:22,2018-04-02 20:57:43,2018-04-10 15:12:17,2018-04-23,9f049e0cb6d21a202e2bce512fa8b1d5,2018-04-01
c4f710df20f7d1500da1aef81a993f65,4b671f05b6eb9dc1d2c1bae9c8c78536,delivered,2016-10-10 15:50:01,2016-10-10 16:02:37,2016-10-18 15:53:51,2016-10-26 16:35:46,2016-12-14,0ecf7f65b5ff3b9e61b637e59f495e0a,2016-10-10
4e17321027fcf580e55650d97c85c775,1809a655c0af41f8614ab459460d9f5f,delivered,2018-04-04 09:48:49,2018-04-05 02:28:17,2018-04-05 20:03:49,2018-04-12 20:32:33,2018-04-24,f77d579f53190c292f9f54a4cebcc352,2018-04-04
596fa30e62c909f4d380ae4097699271,f101b45ce4cc4897b4b86f13cc24cb08,delivered,2017-09-21 11:44:35,2017-09-23 02:25:33,2017-09-26 21:04:26,2017-09-29 16:05:52,2017-10-16,7d59b5abd71d707e7f2d1d1a1a01aa1d,2017-09-21
4c9bccc9e2d922b92bc00ab2e7c8903e,28e29591108d2c2904cb2058cd602984,delivered,2017-07-13 07:52:36,2017-07-13 08:05:11,2017-07-13 21:32:57,2017-07-17 15:49:43,2017-07-26,1d2ffa557562e0367cf8f87b942891f0,2017-07-13
5953d2dd57f0e259f8b8489c37556e00,9cdd2de18cb0bfec28ca0c4babb6f253,delivered,2017-08-04 20:12:46,2017-08-04 20:25:14,2017-08-15 21:22:16,2017-08-24 20:45:32,2017-09-01,ade3b1e61f3ba2966b1a22324d46d3ae,2017-08-04
0c1f5fca68708d9a22f8a9fe30b5c588,cd47d198f0840df01cf63596c6f4c429,delivered,2017-01-22 13:14:39,2017-01-22 13:25:17,2017-01-24 11:23:15,2017-01-30 17:05:00,2017-02-28,a4b1243a3712eefc2d8ae5d053a1d298,2017-01-22
e156efe18c91ba079f1b2d16ee45b4a0,e40062f086a32b25380806237e2d433f,delivered,2017-04-10 12:48:15,2017-04-11 13:05:56,2017-04-12 17:05:42,2017-05-06 11:42:10,2017-05-17,73747ef975df23e052c80bca0d3848b7,2017-04-10
5dcaecab15d20be174a67f4f5392cd84,6e5b962a5db843edc33fd181f87d4725,delivered,2017-02-10 12:45:05,2017-02-10 13:10:48,2017-02-20 07:03:06,2017-02-23 14:55:47,2017-03-15,8fb0376e151713747c496f5786f8e042,2017-02-10
25d7504420f738317dcbb29f7e565976,b131df50e42e825b93ca23fa215df7d8,delivered,2018-04-03 17:11:45,2018-04-03 17:28:55,2018-04-04 18:22:21,2018-04-23 15:22:32,2018-04-30,c691a79acf53373763ed547bb1c6dc8d,2018-04-03
f8e38590ff083b97342732a847eb3851,e8f641283c4f274357a53abc7a1a0745,delivered,2018-04-12 08:02:53,2018-04-13 12:35:31,2018-04-18 20:06:34,2018-04-26 20:27:36,2018-05-08,1b9f7574b77f7de613deec9ff5846a8a,2018-04-12
d7b2dfe2f90e681bda0dbd07f3f35e86,dcf35909bd6d59358d82224a65e18524,delivered,2018-03-21 12:06:50,2018-03-21 12:15:28,2018-03-22 20:38:29,2018-03-29 13:11:38,2018-04-18,78ffd1163a95d8e8472ae6b457788dc9,2018-03-21
b844269f8f77813365bde577805911f1,ddb57a86c9720a54e2b7394c7112162b,delivered,2018-04-23 13:23:27,2018-04-24 19:03:58,2018-04-25 14:55:00,2018-05-03 19:28:28,2018-05-22,009890d2f2b15df1267ed7f90f45fc4e,2018-04-23
eb795a5667832abcb7d022144fff72eb,6af7aeea2cc5b8801055fab85139c1dd,delivered,2017-08-14 21:50:04,2017-08-14 22:35:12,2017-08-15 15:25:55,2017-08-24 19:37:53,2017-09-08,ecaf730f4948677ba004c826a5bb60c0,2017-08-14
b95ee76467f40a43ca737b18839d83d6,9e38a0715d956ca6c48e44feb01e3c00,delivered,2018-04-29 22:59:41,2018-05-01 05:55:03,2018-05-03 13:19:00,2018-05-04 20:28:42,2018-05-17,76f7d40948174f5cde0fcf8e6147b59d,2018-04-29
dc3adcf742779e0c8eb5bd587ed4ec57,a828c4f615a8dd8518659d867b3012bd,delivered,2017-11-25 12:14:42,2017-11-25 12:32:23,2017-11-28 20:39:01,2017-12-13 09:32:16,2017-12-15,8190d0cbc8a4e51b3d707505a79a9f6e,2017-11-25
43c97b638252a2fdcaa52a6aeb91e7e0,7235bff0c390209cf783321633584b4a,delivered,2018-01-06 15:10:36,2018-01-06 15:29:21,2018-01-10 16:12:11,2018-01-22 20:16:55,2018-01-31,4186ff334e7ff8d7f10eee717f1c6ddd,2018-01-06
acd0ff1b0e910297101c81d7c9602232,13296afc5859f8a61ea2b52d5c033c85,delivered,2018-07-02 10:21:39,2018-07-02 10:35:20,2018-07-10 13:06:00,2018-07-11 14:58:27,2018-07-18,0557ce04d044eac7a2f6e11b8988f8ed,2018-07-02
a739bf4717343c5f9c84196b61a9c53f,daee6b701a5a602c82bc88c89b25e03b,delivered,2017-09-07 19:07:38,2017-09-08 19:03:47,2017-09-13 18:50:07,2017-09-20 17:30:09,2017-09-27,262f884f74980c0ad26fcaab579a3294,2017-09-07
57519b17e3776c2f4fa3a4e7fe69ccf8,c35d3d5d1356c183c2742edd2f8ccbef,delivered,2018-03-23 12:30:42,2018-03-27 04:08:47,2018-03-28 22:57:24,2018-04-03 00:28:55,2018-04-05,12d0a27ae3bb0fb70edc1d9278d869b9,2018-03-23
145737447654951f4cf49cae1faf921a,bb6c535d6cbd82550b97d79c39c5f062,delivered,2018-02-14 18:16:30,2018-02-14 18:25:32,2018-02-15 19:32:28,2018-02-26 23:15:54,2018-03-26,fdcb38d99ba20bc8fb4176ca1bedd741,2018-02-14
9c3ac80bb91312f5c23ffc1097c4ba7d,ce57d3c9775ce4934c368865113e94a7,delivered,2017-12-03 23:14:29,2017-12-04 00:21:34,2017-12-04 20:23:33,2017-12-08 21:56:49,2017-12-20,caa3d56b7a6777daaa2793053bdf2309,2017-12-03
c950a394ee0369c853e3a1a55090e287,6369ec1eedbd7401fcababd597382d90,delivered,2018-05-31 21:27:20,2018-05-31 21:52:32,2018-06-01 09:03:00,2018-06-03 11:31:54,2018-06-26,23ae1bfb4297222c1b522172809a7ca1,2018-05-31
ad192211a3b7e6018ffdea3e5fef1444,40905525660d729391fc706263a8ed34,delivered,2017-12-05 15:05:53,2017-12-05 15:17:27,2017-12-06 22:37:55,2017-12-12 01:48:40,2017-12-28,631d78143a2ac7b227f852b995b4409e,2017-12-05
fa8b91d8aacb92e77cd50059ac39c474,b0bf96141ea3ab6bf35713f1c06c6a22,delivered,2017-11-25 19:39:25,2017-11-28 12:52:28,2017-11-29 20:18:55,2017-12-18 21:29:11,2017-12-21,b41a0f7907bd4e60116e97f5a40701a6,2017-11-25
a222f3c71beb748715093f69dc3dc177,b31c7a9d8b9dbfe088c8d88d8c05f825,delivered,2018-01-10 13:06:31,2018-01-11 10:08:39,2018-01-15 18:05:51,2018-01-24 16:59:45,2018-01-30,961e9bb9ac33f9676ed5fa7594d5ed42,2018-01-10
8ec0671b1fcacf329783aefb39813a64,8bdc70f24d1f362c1f43a1e1936c62f2,delivered,2018-07-18 19:23:53,2018-07-19 19:23:10,2018-07-23 06:34:00,2018-08-01 22:03:59,2018-08-09,4745885d46b5d9a59e0f403e0d2438c6,2018-07-18
fdf04954953ea35ab3c35d7518c0c0e2,24c341217e0b00da43204a0c3b09f0c2,delivered,2017-02-25 18:09:01,2017-02-25 18:21:59,2017-03-01 13:41:17,2017-03-07 08:23:57,2017-03-20,1696d134784f0000ccc07b801cbf13f9,2017-02-25
4aa4117ef80bbe1e9457269d73a68580,5967f24e6160649ee255a23ae45b7675,delivered,2017-08-03 20:57:27,2017-08-03 21:10:16,2017-08-07 19:03:47,2017-08-15 17:50:03,2017-08-25,1a281fe9f53ee457dacd2c9e8ccf861f,2017-08-03
e9edc2608eea850423e15031ee579dd6,98b724cee30116b88049808c70c5bcdc,delivered,2017-07-25 18:57:58,2017-07-25 19:10:07,2017-07-26 17:43:33,2017-08-03 20:04:01,2017-08-16,285b7fe0b3e63628eeeef89b9aa0ba5f,2017-07-25
b5930ca6b3a52bd7169cffa2a4b8a83e,996c83a65f2069dac85d5cf79ea70895,delivered,2018-08-09 12:03:01,2018-08-10 03:15:21,2018-08-14 13:31:00,2018-08-29 18:42:45,2018-08-30,6c5195565f43dcead0acc62453792c78,2018-08-09
d6fec3a661e51c21131372fae5ddda39,dee69d036cea58b986511e88b20ad61b,delivered,2017-04-26 09:24:54,2017-04-26 09:38:51,2017-05-09 10:23:20,2017-05-18 09:24:42,2017-05-30,d9b8359f526ff17158e11f6de251d43e,2017-04-26
c774761f8e5fbbd73a64408df5698ea7,518ddb65d7023b1e0ca0b66f27533d26,unavailable,2017-10-21 10:38:30,2017-10-21 10:49:26,,,2017-11-03,6fe279814d16772b218b116cd015e1c4,2017-10-21
2e58b7c9ceac16033e568d728d30d620,8b0d2a7469a834be66121a363b65bf20,delivered,2018-08-16 15:58:25,2018-08-18 03:09:50,2018-08-23 11:44:00,2018-08-27 22:28:38,2018-09-10,52073a48dbde224bc02e3392ccd262c4,2018-08-16
45ac77bb9af15639d413d76e5d57e3ba,eb11a05262d91efd01a058878dffdadc,delivered,2018-07-08 12:31:37,2018-07-08 12:45:33,2018-07-12 16:19:00,2018-07-13 19:51:42,2018-07-20,d176e887623074ca186566bcc27cd61a,2018-07-08
c79f8c734b529f21ee546d62e0b69eac,6ade4101ee6c8396cb2e3f4215066c01,delivered,2017-11-19 22:00:12,2017-11-19 22:10:24,2017-11-21 23:21:48,2017-12-05 14:59:23,2017-12-11,8c35a2255d7ea0aa80bb9e4bf5556806,2017-11-19
2964b6cd27845d965963bb6559e85b45,3b6954289445042b908cc49a153bbde7,delivered,2018-01-31 13:41:43,2018-01-31 13:55:35,2018-02-06 22:35:11,2018-02-09 18:23:28,2018-02-16,58de4d6219e43e6e95b38eb0fcc9794b,2018-01-31
c19c55592299c2b3c838a4b77b639ed3,de5eb84a5a8ed2d3c0d0b7311a2010d6,delivered,2018-02-28 15:57:47,2018-03-02 02:29:48,2018-03-03 00:53:08,2018-04-10 19:38:42,2018-04-03,d26c616e241736e0c1c1ab14150239e7,2018-02-28
e2d4589339629645d85a6c1a8215edab,c69c9c755315a1cc8e9982dbbf8ccb59,delivered,2017-10-23 11:49:48,2017-10-23 12:07:45,2017-10-24 21:37:57,2017-10-31 18:49:31,2017-11-14,30a81e307f19e822e7199139fe52b1b0,2017-10-23
b0ed825ce4ca8cdc787a4f71bce6fba2,2d900c479bdb339c3d1535f7426b4fcf,delivered,2017-12-08 08:25:10,2017-12-08 08:36:21,2017-12-12 19:14:04,2018-01-09 20:24:04,2018-01-04,d8ce803fd67cc8de9b52ab75d6d37701,2017-12-08
8b486b19bcb4db26c3e24a6e6d4e2e39,1be3aceab3595d6f6b923858d5b44edd,delivered,2018-03-27 17:19:28,2018-03-27 17:30:22,2018-04-10 18:26:56,2018-04-12 19:23:05,2018-04-24,02ff3aee636a9ee1c1fef271daa0bc07,2018-03-27
adf4112330df6649bdfd1fb027d98e09,f262d6f9c2776b354037bd7fcce1a70b,delivered,2017-04-06 23:18:50,2017-04-07 02:15:07,2017-04-07 13:45:17,2017-04-13 15:29:46,2017-05-02,17ad9c69606c8330172cf399e993af43,2017-04-06
c8b8a114e6f6e79082614222a75d0353,53b13fa2d20d9011a49a2751c95433a9,delivered,2017-06-01 12:46:06,2017-06-03 02:22:41,2017-06-06 13:48:00,2017-06-13 09:17:45,2017-06-22,61439e840fe1e7216ada4f256239967c,2017-06-01
859ad47b72299a4f1f5c2be69ce83efb,d02c9aecd9f6f3408d2cbd842f467356,delivered,2017-04-20 23:13:48,2017-04-20 23:25:09,2017-04-24 14:55:45,2017-04-27 22:28:39,2017-05-10,c72567dce9df39b8307a84ad3bd28b43,2017-04-20
33e0807c2b09499ec0026e216114cefe,b61886a49fa36917b1b64687c871e8f3,delivered,2017-11-01 16:00:04,2017-11-01 16:31:06,2017-11-03 20:55:46,2017-11-21 22:38:54,2017-11-24,cb5c545d96f39390b7f372aaa88c4a7e,2017-11-01
f2cdef1ef7aa4977aec14761e7254580,087075f5ab05dc566937de205b5bc2a5,delivered,2017-07-18 13:36:06,2017-07-18 13:50:21,2017-07-24 19:59:29,2017-08-01 19:13:45,2017-08-16,f283d62df3aed3073aa2796eecd01ccf,2017-07-18
d9e61dcd00568330306bd1733a413ae7,320b142aa54f0dff7195429d1f971540,delivered,2017-06-28 14:27:15,2017-06-28 14:44:06,2017-06-29 16:42:12,2017-07-06 13:46:40,2017-07-20,f30af10a5ba601481751893e7be59833,2017-06-28
82f82b9841866db1e2221eb82a0a85cc,568c55c132a5bd410113f0ce45225353,delivered,2017-11-18 13:10:48,2017-11-18 16:15:28,2017-11-20 15:09:24,2017-12-04 18:25:03,2017-12-15,c92d5c6cd5ac022f6dfb15d4055f9b3c,2017-11-18
66f60a049e91f3849e5f8f328ccca54f,e6118b3f931172e65d7768368620eeee,delivered,2017-10-18 15:53:47,2017-10-18 16:07:54,2017-10-19 12:54:09,2017-10-21 13:02:25,2017-11-07,0a609db8d244100909a15d65eadf8539,2017-10-18
96fbdd47df43d3aa6c7f44abdc978f8d,ccba8aa1f34a81093f829d4d778ea6d5,delivered,2017-12-08 11:52:06,2017-12-08 12:10:07,2017-12-13 13:15:45,2017-12-20 18:14:31,2018-01-08,6b6b792dba8731066dfcad93c56060a3,2017-12-08
ec252f08021dea98d64f0ae822846768,49841ad82c7f85268f584fe741330f30,delivered,2017-07-26 10:36:36,2017-07-26 10:50:12,2017-07-28 15:12:52,2017-08-04 12:42:52,2017-08-17,d1aa8224343f1b06543dcd093d2e0620,2017-07-26
788b5c7981deb39a53f098ed02cde155,2943396c3cbe75606b469976a0ec4e68,delivered,2018-03-03 12:22:53,2018-03-03 12:35:36,2018-03-05 18:16:30,2018-03-11 15:18:21,2018-03-26,0bd5a9dbf8d17e95ab729ba47d35004d,2018-03-03
7a281ea07cea9f99a15e8f67d6e982bd,062703dc98b5f31f01915424e32eace5,delivered,2018-06-02 17:00:59,2018-06-02 17:15:09,2018-06-22 18:42:00,2018-07-02 18:42:08,2018-07-05,6ffbcc429c712d180a593b67ee9e2c78,2018-06-02
a7b06f5455e9b377522cc7e8e41551a3,25cd1ce8cf78214600e04bef9b51bc17,delivered,2017-12-26 09:09:25,2017-12-26 09:19:20,2018-01-03 18:04:22,2018-01-09 19:34:39,2018-01-24,54f0b8828a9126e3cd61789154a1d029,2017-12-26
bd12688625f6f378f5892c777f735b1d,cd241660996be926eb075d2bdd2d0d61,delivered,2017-07-13 21:49:36,2017-07-15 03:35:21,2017-07-20 17:42:12,2017-07-29 15:08:19,2017-08-04,90777de7fade57365a27c25acdc168bb,2017-07-13
e1f07bd016a804b8e38ba7dcbe65d663,5418152785b11509ddd4e441060702a9,delivered,2018-06-24 23:01:22,2018-06-24 23:17:59,2018-06-25 13:07:00,2018-06-28 19:31:40,2018-07-20,d9698a66e588344f8372b538f3c6fdf7,2018-06-24
0b3c0b254cd889f96d5426417aa548cd,5919e1f7863f9b5837dae40ab61436df,delivered,2017-10-18 16:34:56,2017-10-18 16:49:25,2017-10-19 19:47:44,2017-11-02 16:28:37,2017-11-10,407312c8cd35affd61b35e18e7462453,2017-10-18
0b8223a2d582ee50740baba714b65256,b98baf7d84898f6974710d8199a6f338,delivered,2017-11-07 20:23:18,2017-11-09 16:07:16,2017-11-13 18:47:24,2017-11-26 13:49:08,2017-12-11,68bda3e3fdb706aa1bea19deffba043a,2017-11-07
6b89a78e042eff08232ab1fec808a30a,f508e94f5b9c5311cbfc562bcbe6bd2f,delivered,2018-07-23 19:41:32,2018-07-24 10:31:02,2018-07-24 13:48:00,2018-07-27 19:10:53,2018-08-07,20624bf2f9c39d2028397b80e4a285c5,2018-07-23
5c4b6f896e003ca0b2a00ac3d1124822,4a7d8adf6241b22f54bab3bc2004ff58,delivered,2018-08-15 00:20:37,2018-08-15 00:30:18,2018-08-15 10:12:00,2018-08-20 11:39:57,2018-08-20,4e3d73344415d18b2d8b5bed969aed1b,2018-08-15
43868f14b4ab88057605c96f7c8c820d,a9f71f4f860e3954721e0f6b77c58fc5,delivered,2018-07-03 23:10:38,2018-07-05 16:13:33,2018-07-12 11:32:00,2018-07-13 23:08:10,2018-07-20,e72195885af421c0a117ec4e9d67f7ac,2018-07-03
a979f259e3f69ceb4f856111481db7e7,36c97de8d5d1c683eb313ee1a4277ca5,delivered,2018-01-31 17:51:57,2018-01-31 18:08:17,2018-02-02 19:04:50,2018-02-07 22:23:34,2018-03-01,e88c2d5cdc67bf2713dca2320910f65e,2018-01-31
6ca834e14df3fb5924d4e7fe551c80d9,73e1b03fe677803ab302437065bb5cee,delivered,2018-02-22 12:21:56,2018-02-22 12:35:40,2018-02-22 21:33:58,2018-02-27 21:33:13,2018-03-14,9f46b71060f748709db8b5ee4c8fc5db,2018-02-22
96c1729a2b2307326d6f7b1fc6c8d27f,6591cd97508dce287ed3f3c8a473f3d5,delivered,2018-01-05 18:57:57,2018-01-05 19:08:04,2018-01-08 23:03:22,2018-01-10 13:24:12,2018-01-23,cefb6abc17327421e6cfb20276efd9cc,2018-01-05
1b89139ef993dbbae095e98a557c8599,20b30ab102c6c4c8fb9bb49bb24e4bea,delivered,2018-04-12 09:25:32,2018-04-12 09:35:19,2018-04-12 19:42:07,2018-04-19 17:38:48,2018-05-07,6fa450a0a84b8d9408a53bce3c30c926,2018-04-12
984b33682c48ca8bfd773ebdfd0161fe,6003a3a8e782dcca760533542aecd5b2,delivered,2018-07-10 20:40:26,2018-07-10 20:50:13,2018-07-11 12:16:00,2018-07-13 00:09:50,2018-07-27,d7def44f47f1bb64b770c438641a5f50,2018-07-10
50aac4af5f330951d508c0c255fde322,70bbc573466c79e7052d08317e650d97,delivered,2018-08-14 00:25:18,2018-08-14 00:35:17,2018-08-17 13:29:00,2018-08-26 12:52:20,2018-09-11,42669722f592114360451dba9cfb6f49,2018-08-14
c8332aa7a15349000b30b596b50a98f4,6ce8e8da73c3e1e90fc5d03e68a41013,processing,2017-02-25 10:11:17,2017-02-25 10:25:11,,,2017-03-20,579a3ea6523bb2f931e268e1f0445bd4,2017-02-25
020550d9cdfb7110d07fd1a1f8937c6e,b8cd636f6513382dd886029c3e51c412,delivered,2017-09-02 17:47:17,2017-09-02 18:04:25,2017-09-04 21:24:07,2017-09-18 10:53:52,2017-09-21,7d95fa7170950137cd6920141c9bbfce,2017-09-02
41ef253cac66335bdb0b51fb4853f04e,4fa18a32f545d52b2e957bb406d5235f,delivered,2018-08-13 17:32:53,2018-08-13 18:04:10,2018-08-15 07:25:00,2018-08-23 01:03:46,2018-09-05,a4267e401fd1f4c1aae0a025bcf68e3e,2018-08-13
4fb64bb04e5235a2c7b3290e21c2938c,c9a12964473d3e6e2bbb97b5b1d34173,delivered,2017-07-08 17:10:34,2017-07-09 17:15:10,2017-07-11 17:17:50,2017-07-19 18:25:56,2017-08-04,43ac3bde45cd19678dbe76abb3a50dbf,2017-07-08
5a67391875062bbd3116a5c00524648c,7aadf2d7394cd9b911f7b1fbc9d85bd9,delivered,2017-11-02 13:35:16,2017-11-04 13:26:06,2017-11-06 21:22:17,2017-11-08 20:41:53,2017-11-23,f273c9986f56530612169a7a40dd9140,2017-11-02
55a3ba5076175f9373b20f92dcbc5abb,f1ba5827469c53650930595381439605,delivered,2017-09-11 19:55:17,2017-09-13 03:15:38,2017-09-14 19:47:49,2017-10-04 21:14:44,2017-10-05,bcabe34e299eaf51bb601e89401e25e4,2017-09-11
3e34f8c0022e2a7093ae49d16555e06b,4baa14dc11a125b429a40f3ff20a52d2,delivered,2018-08-01 17:43:33,2018-08-02 05:30:47,2018-08-08 11:21:00,2018-08-15 16:45:52,2018-08-17,d8126ad74b7f77768b294c5c66f93e1d,2018-08-01
76b8258d41352cf46d8f0a57404d9c03,8323f575b8ed7b91e5856f51f7e33684,delivered,2017-12-22 23:08:07,2017-12-22 23:31:22,2017-12-26 22:15:58,2018-01-19 03:06:45,2018-01-31,b65a565dc6174a644126c63f01327828,2017-12-22
5060197f7c574e4528d505af5308c386,f2a59cf59c76081f590e1a48da832d84,delivered,2018-06-28 12:47:58,2018-06-28 13:11:00,2018-06-28 14:59:00,2018-07-03 03:49:13,2018-07-23,ab3c48e25d94a8df08630368f3535f29,2018-06-28
266ceade77126c8832baca0f856701de,44b8ccd6c1a47281e411eac02c27825e,delivered,2018-03-01 01:44:29,2018-03-02 02:10:55,2018-03-05 23:05:40,2018-03-22 00:14:31,2018-04-02,6d88f1eb06c52db441363f444b40bf00,2018-03-01
ac5f181248028b06eda09434ddb48d5e,7b2fd6202ba5bd0155e95bceb7aaa6ff,delivered,2018-02-20 16:08:32,2018-02-20 16:28:16,2018-02-21 20:27:17,2018-03-08 21:50:32,2018-03-22,69c3ca904edc834da4f765d9a4e9ba6d,2018-02-20
f5f7452f238f50e76a6fc959df850def,5e28718800958c9b17749226df1f8b02,delivered,2017-06-07 12:14:43,2017-06-07 13:25:08,2017-06-07 15:04:52,2017-06-19 14:07:10,2017-07-04,2e7bb3aad177a6e3bf8abd2de27c2a09,2017-06-07
d1543ed643aa74672a7cb5a650e3fcef,f405c1508283b811894b6fdb085041cb,delivered,2017-09-09 19:44:50,2017-09-12 04:35:37,2017-09-13 19:57:34,2017-09-18 16:35:49,2017-09-21,b37dc68ae94b5d9dab31d2358568d4bb,2017-09-09
6cf42125a37be6793fa08e470569048f,bf812d5b2d878686b30f34c3aa674aed,delivered,2017-06-30 16:43:50,2017-06-30 16:55:20,2017-07-04 16:03:56,2017-07-12 19:19:23,2017-07-24,0a6191b827aca469b51bcde08324b371,2017-06-30
29182856a24c6eeb1d7b81ba1fe63190,e13dd3f5bb12b741263db05564de3f13,delivered,2017-07-20 16:52:06,2017-07-20 17:05:16,2017-07-21 12:39:28,2017-07-29 15:04:38,2017-08-11,3069f30fbf3f30057b1b4ff36c72208e,2017-07-20
6fd99ae46481ecfc9fa468d54f403e90,241e24a2a5d48bf966167292a828533f,delivered,2018-08-03 09:59:04,2018-08-04 04:05:31,2018-08-06 12:29:00,2018-08-08 23:58:32,2018-08-13,e79e4fcafbdf9f130f7ad63063266c56,2018-08-03
156242b49774cc67b7917c512bc128dd,78756227f125559cd869e1de36480a89,delivered,2018-01-15 20:40:31,2018-01-15 20:50:43,2018-01-18 18:39:49,2018-01-25 20:09:21,2018-02-16,c857c97338c7ba7b62ef19a19f0ab62b,2018-01-15
bc955a9c03547d89541386d8b5105b75,586e6b33b9e54d86a309e1142219764f,delivered,2018-06-22 17:27:08,2018-06-22 17:58:44,2018-06-25 12:31:00,2018-06-29 16:11:05,2018-07-26,ba322200f2d0f605554c40d77dee09dd,2018-06-22
641292e8fd78ba42f0c7ae8786620a83,6f1adf4c543653de220d53925534c94d,delivered,2018-03-18 15:15:50,2018-03-18 15:30:27,2018-03-19 22:17:29,2018-03-28 15:56:39,2018-04-06,c05d0a37a8757e28fb8ff50c1c34cce3,2018-03-18
1cf471f71a04b68d1cda071b51d7e391,961071125f29a1927a25ae916455ef78,delivered,2018-07-21 22:44:57,2018-07-26 23:33:00,2018-07-23 11:26:00,2018-07-31 17:04:59,2018-08-22,f411e629562709be496c105c033c6b4e,2018-07-21
8a8eb699f875d17840c4b11dd7613964,84e89ea4b70f50875e4921ff0225c879,delivered,2017-12-29 19:12:08,2017-12-29 19:26:27,2018-01-02 19:14:14,2018-01-05 18:23:13,2018-01-26,4a2a24b9fbe7baa4245e1c3eca9bdfda,2017-12-29
d48044395576c3b0d752662aa20cece5,b51ca8198173cb2c2a18dd8cfc7fd7f5,delivered,2018-07-14 16:49:34,2018-07-14 17:15:14,2018-07-16 09:23:00,2018-07-20 17:37:50,2018-08-09,c99795de9de4007080efcecef5e67ef0,2018-07-14
49e2b3ab4c8c50eb6906482c56bfd556,da6cb7eef925e188185746de0a8d64a9,shipped,2017-11-26 19:03:02,2017-11-26 19:12:43,2017-12-01 23:56:27,,2017-12-11,2dc377a4f64d8f346751c4421f35d4f8,2017-11-26
10077b08b85e7134302b875ffed3366b,1f4e5f322aadd24fa0ae2f6b1f8fbb2b,delivered,2018-03-07 09:27:17,2018-03-07 09:48:43,2018-03-10 02:14:52,2018-03-21 11:52:51,2018-04-19,86e39ab7ea630f688d26e5c295297094,2018-03-07
f380f2af4b81c39da36a06a133dd12c8,6d00bbccd1380d2c1e23820193b1a53c,shipped,2018-06-08 16:59:47,2018-06-08 20:32:05,2018-06-14 12:02:00,,2018-07-05,de0bee2739e429c35fcf90940dc2e5d2,2018-06-08
3ff0a629f4dd40fa3b97b60531307582,3464610f9baa807cd8f66dd1c11e5ffc,delivered,2017-08-18 11:07:15,2017-08-18 11:24:33,2017-08-29 12:48:24,2017-09-01 22:17:04,2017-09-08,16dea0c0aba8f5571be2c7d74bd19632,2017-08-18
1e07ba4e9a6dafcecd0c46111e477e5c,ebfe7f31f9c0f96c6e0ce986e77a1359,delivered,2018-02-15 18:54:00,2018-02-15 19:10:26,2018-02-16 20:27:00,2018-04-17 00:52:06,2018-03-16,00aafcd186fbd5da867f9b8df04518aa,2018-02-15
1c748687e58d9c5b30aa8ffff5747fe2,5fdd52bd1a451a378de455742ab4d752,delivered,2018-06-20 11:01:23,2018-06-20 11:26:17,2018-06-21 14:18:00,2018-06-25 14:26:41,2018-07-18,e4507501ba82f0fffb9028344e2c00f2,2018-06-20
c58a30614b49ec54fce768c0df52ba8c,7ae6a80cf1e0680e6e7ff1881f08a9a8,delivered,2017-03-30 19:59:25,2017-03-30 20:10:17,2017-03-31 14:21:32,2017-04-11 12:49:44,2017-04-24,8f710f0d7e8dab5c8c1135e63b44de7a,2017-03-30
3f35c6738385d5ce2e765fc1743efe80,fe1c4e7260a6939cdfa7bf4c5371ea4d,delivered,2017-10-23 15:14:04,2017-10-24 03:25:52,2017-10-26 18:42:27,2017-11-01 18:39:02,2017-11-16,5d2199b8c1d82768e7fad70f5f8730fc,2017-10-23
61bc8dd0e1ab999fd06dc63b7295dee4,84e9f74bfc2a068fee9d96789229a455,delivered,2018-05-01 08:58:31,2018-05-01 09:14:47,2018-05-02 14:58:00,2018-05-07 23:06:31,2018-05-24,bdc1daf32988fe8bbaa7e0d14b3de45d,2018-05-01
3e9bdc72197be8d2881273a27efc207d,58c6845f76a94d9d8413b051ae4c9d46,delivered,2018-07-31 10:27:34,2018-07-31 11:04:39,2018-08-01 13:42:00,2018-08-03 22:37:50,2018-08-07,019ed386aec9ff0f9eab4a590231174e,2018-07-31
3d1fcc8acb99a614e2f84ed9ee3417f5,57084484e76a8290cf2c9f4968235f19,delivered,2017-06-08 07:43:19,2017-06-08 07:55:15,2017-06-13 17:15:16,2017-06-21 18:14:12,2017-07-10,eac78cbe2347577c0999258bdee983c0,2017-06-08
a8c12ad0f19ddd006359fef29b1eafc0,0ed69dedf24f7a41d9a121f868ca58a7,delivered,2018-01-31 11:51:37,2018-01-31 14:21:24,2018-02-01 16:33:59,2018-02-05 17:54:34,2018-02-16,c7846462cecda1978a9248b0da25c4d5,2018-01-31
a328c24c32a2e3815402210e8bb95c5d,0af7fa6075b712e4e90ee3b1ca759872,delivered,2018-02-08 20:01:54,2018-02-09 20:07:57,2018-02-22 11:47:13,2018-03-05 21:58:30,2018-04-05,89adb0f485715b9290d1bc3ed400d27c,2018-02-08
8af4559f1066337d1418a13215e1fe2f,2da986617395ca6fa2c78584d66ed69d,delivered,2018-03-15 12:40:58,2018-03-15 12:50:55,2018-03-16 00:03:37,2018-03-22 16:13:14,2018-04-03,545a8128593a12495b47af6308f75da6,2018-03-15
d7b9a152c1afa4cc6369201a7b04dc68,66941ffc0731c1c827d9a5c6121cd9cb,delivered,2018-01-16 12:37:10,2018-01-16 13:31:16,2018-01-16 22:18:14,2018-01-30 00:06:28,2018-02-09,cc6cb7aa075c6373149a1b8e8337654f,2018-01-16
78c13513d30056e98c389d49a5634361,8ef1cfde70a8df9626df676a74558fcf,delivered,2018-06-02 20:46:04,2018-06-02 20:55:31,2018-06-04 11:31:00,2018-06-26 18:16:35,2018-07-05,df66dc33d43a8138a1eba6b98809c029,2018-06-02
7c74b6a47ffad9deb24bd2a1f0b0acc5,95e4216612b16855852e2b9efa6174d2,delivered,2017-12-04 17:22:31,2017-12-04 18:30:27,2017-12-06 12:19:01,2017-12-14 17:46:49,2018-01-04,d88c9fc62a77d7da24759ba8cd96a2a8,2017-12-04
80603ff81081f5b1afa87c01e8cf490e,b40470090c991734c9631e717f50babc,delivered,2017-11-07 10:29:57,2017-11-07 10:46:14,2017-11-10 17:56:41,2017-11-14 16:59:15,2017-11-27,e511245e5b0f82d2619cd33c726e810b,2017-11-07
45ae42280548c03b6b40058b455c462f,3c47339c46dfdd322a6ea49af536dcba,delivered,2017-10-18 11:42:32,2017-10-18 12:04:53,2017-10-18 22:33:24,2017-10-23 18:42:19,2017-11-06,0d51e04ae0b1d341e4f49812d1f4fbe2,2017-10-18
84b534c4e6899dae169caa25fa2c887c,ee7b717223b68b96062227b4182befc7,delivered,2018-04-19 09:14:56,2018-04-24 18:18:18,2018-04-23 22:06:43,2018-04-28 00:49:01,2018-05-14,256f8c4d78dd11d21b17b36d3296053f,2018-04-19
b3eb711b3ee8bcf03282d08691df711c,6995f12b21fdf8e6a245b17888e38a46,delivered,2017-04-12 02:35:02,2017-04-12 02:50:59,2017-04-25 11:59:57,2017-05-15 11:47:58,2017-05-15,a8f4d39552927a425201f147d0c7653f,2017-04-12
74d77b51e4f28bc2b7a17ec496e2dff6,363f45d247581bb541f4a0dcb00f5854,delivered,2017-08-25 15:24:46,2017-08-25 15:35:10,2017-08-29 00:19:57,2017-09-13 21:03:36,2017-09-27,ed10e8619415852099d9f3afc5172052,2017-08-25
ff10b62db3f289f07be76e4ca32af5a4,d5f2b444d2c4733f0ca232b00f0ede7f,delivered,2017-07-07 20:25:16,2017-07-07 20:43:01,2017-07-11 20:22:17,2017-07-24 22:17:53,2017-08-04,7e7da3784417f7a06908e02bc52387c0,2017-07-07
ea5de982dcad5c99c514bce533478cc3,ead3dad6c0d88204add1db3b03422ff4,delivered,2018-01-04 17:42:07,2018-01-06 02:08:09,2018-01-10 17:13:38,2018-01-16 19:38:40,2018-02-01,31a3d7e741504f52fb78cd3b7692e8ee,2018-01-04
d8681bf9afb5bfde505998488d3c61fd,ddc77abd22e933d59b40e2607bef670a,processing,2017-12-04 11:30:23,2017-12-04 16:30:35,,,2018-01-04,4f4d2fe2987efa0b9e4e61a466e8ed8b,2017-12-04
2f1642c8c5711247bfeb02715ea26281,9494976788eca99f57d31fb2ceb3d13b,delivered,2018-04-13 11:42:30,2018-04-13 13:31:40,2018-04-24 21:36:39,2018-05-08 22:51:18,2018-05-15,b822cd7effa7a667c6a27cc9e6a7e311,2018-04-13
0ab29b3ae0c49bff1cfb0b0137c20da5,6ce08c3a8b69a46f5bd4f0acd2fa75da,delivered,2017-05-30 23:24:11,2017-05-31 23:15:17,2017-06-01 14:38:50,2017-06-08 16:57:59,2017-06-28,d18a98cd9d5756d646ad1e5662c97aaa,2017-05-30
bdfdaf0cec4a3710b0c2a0c91cddaa56,b4a8ee40d78cd04d9a9d2a3f1ce9a96e,delivered,2017-10-15 15:15:09,2017-10-15 15:28:18,2017-10-17 16:34:06,2017-10-24 17:15:41,2017-11-07,8f59de9bf83de25956e61deace67e77a,2017-10-15
523f7d5ee2ea5775addb6d622b17f92b,552e7e9f0ce56bed382db0b069220cdf,delivered,2017-10-31 16:48:48,2017-10-31 17:07:51,2017-11-06 14:46:34,2017-11-23 22:42:35,2017-11-23,d60ef691954f6912afa79452526e3e86,2017-10-31
82b3e56e64b216d06b20bb4ca4a0d84e,0335ba5113b08cc91e56660c92b370bd,delivered,2017-12-19 19:09:35,2017-12-19 20:11:27,2017-12-20 16:52:07,2017-12-21 14:28:49,2018-01-08,859d3dc060821c02f4463fe53923cc9f,2017-12-19
6b0c5f80e463c04c7658b97d1d37aa00,a84df861dda3906c111ac27696b392f5,delivered,2018-05-03 12:32:22,2018-05-03 12:55:31,2018-05-14 13:46:00,2018-05-28 22:35:40,2018-06-06,475ba2c920a9ab4d0c5f64ccb6ebb776,2018-05-03
57a5c252ff21dfb77def9d474c54edd4,8f44c4a58c3cd29ee9049c3d80829324,delivered,2018-02-15 11:14:27,2018-02-15 11:47:33,2018-02-19 19:13:14,2018-02-24 00:57:42,2018-03-01,09a6ba669a337ff81087468b29b38425,2018-02-15
ce3abd2569c0c0d134bb15bbda8f86d9,ff282e3d3ba95c1618a6d83f376a3ed3,delivered,2018-03-30 15:51:34,2018-03-30 16:07:36,2018-04-03 18:08:39,2018-04-12 20:59:29,2018-05-08,688ee053cc279401a86bc9111053ecc8,2018-03-30
3c4a05391c2fcd152731f52de8fc4347,a5c69c3bf293d341b6a56a4b7307c529,delivered,2018-03-18 14:08:48,2018-03-18 14:28:18,2018-03-19 16:37:36,2018-04-08 16:54:36,2018-04-10,129bfc164612d70a040a844b887dfec5,2018-03-18
100ccf092aa1eeba827f980da1c2bfe7,58db18c5ccae27fb77413310dce9c933,delivered,2017-11-10 19:05:34,2017-11-14 03:35:24,2017-11-16 20:56:51,2017-11-28 19:03:36,2017-12-07,a43cdf8697bafb371ec804ccd4f20e82,2017-11-10
ce6e8af063580cc9f902fd9c1d171c33,fc326475445a5ab9acd69c20f52633c8,delivered,2017-11-24 11:34:58,2017-11-24 13:33:10,2017-11-28 19:18:43,2017-11-30 20:27:53,2017-12-08,298e090e36df72a1e94144ab11f01db4,2017-11-24
2c52a346156e0b2ae61c3642e9cc9d91,b82b5150a2c602dc8ba92d1b18881857,delivered,2018-08-06 01:16:56,2018-08-06 01:25:09,2018-08-06 13:14:00,2018-08-11 00:58:53,2018-08-15,980612b4526788a3ebb91b6e372db0af,2018-08-06
89dcc8e6ba6b8f472cea330e77e1d155,b31c12ea4d710bdd9d0ba78cd8867d68,delivered,2018-04-08 12:33:20,2018-04-08 12:49:47,2018-04-09 21:35:29,2018-05-03 20:08:49,2018-05-09,de1a8d10d416c2d920f4ff356d592ba2,2018-04-08
20945512a77a36bc778b1c9d7715dfa2,85218b834968292c0e51bc4359ccff40,delivered,2018-01-14 13:04:46,2018-01-14 13:11:29,2018-01-25 16:15:39,2018-02-08 16:38:22,2018-03-01,f4b32085bb03ac03a49f24f272b7dba9,2018-01-14
8afeb7bc3891eac7f715564dae308c84,0dcc7b618e4ad88337034f01e2255953,delivered,2017-11-24 21:08:57,2017-11-24 23:59:10,2017-11-28 13:12:33,2017-12-12 18:45:46,2017-12-22,dcf4c5c933d46f8e0f98e1bfe037f2bd,2017-11-24
94a8d8bcc1d121eda5d59670f27d48e8,f8b42eabc832b6afada3094e7eb0d711,delivered,2018-04-02 21:04:15,2018-04-02 21:15:22,2018-04-05 00:28:22,2018-04-18 16:49:32,2018-04-18,fca0cb4128fc47ff7cbde31768fcb4df,2018-04-02
f45eb7ff532991bec1d36d048790becd,51bd8255edf8ca47a3a6b18bb24f92c5,delivered,2017-10-22 20:02:47,2017-10-24 03:56:33,2017-10-24 20:00:04,2017-11-01 17:47:26,2017-11-14,b5e391181709e5196275b01b8e6e9d73,2017-10-22
5a36e0cadeb1361495426b6f5b8c01ae,9403fdd403601447af5dabb2cf3bbbbe,delivered,2018-06-11 00:00:29,2018-06-11 00:19:09,2018-06-11 14:43:00,2018-06-12 17:32:58,2018-06-29,d1b1e896806143779375243d88e6bbfb,2018-06-11
8176ade636d355663673260d5f4faa54,519037976a519a9bc93c1072764e9d00,delivered,2017-05-19 08:20:59,2017-05-19 08:30:12,2017-05-19 09:46:07,2017-05-24 15:42:13,2017-06-08,630a44887620765582169dff0bb112fe,2017-05-19
fd628778e4d2c610c8806d7b69b4e749,86e22883736a519f6aeacb3be7ca3a31,delivered,2017-07-30 21:15:03,2017-07-31 21:23:21,2017-08-03 15:47:46,2017-08-07 19:41:33,2017-08-15,4fda6d740c9b4c385e25cfafaaaaa367,2017-07-30
6b0114653ee8efa6de234fe7cee7269e,1830ab07384eb6fb54505f9bad3639b6,delivered,2017-09-15 16:20:39,2017-09-15 16:35:26,2017-09-18 16:12:08,2017-09-25 21:24:31,2017-10-04,ed0bbd08bbe75aa97911aa2b0fe06213,2017-09-15
f9245df1b0c468848b543715adf6c4eb,5b27ead11387efc7a24a84b33b05d2b9,delivered,2018-05-15 16:20:02,2018-05-17 03:34:48,2018-05-18 13:04:00,2018-06-04 18:18:34,2018-06-04,332825b8411259e840368dc93c0ae38f,2018-05-15
3f659c93a9c8600a0b0acf0eb42663d3,4d46e7275d4a252e48cb5c22cc7259b5,delivered,2017-11-23 12:20:19,2017-11-23 12:49:20,2017-11-23 20:46:38,2017-11-25 14:54:56,2017-12-07,78f389ed9b9a7b052b14ed2afd698c07,2017-11-23
a9a67deaaaa7e71d9a725e722a09e22b,f5f3242bba5ab36a8ade51d9d8f283d4,delivered,2018-08-22 17:47:25,2018-08-22 18:04:30,2018-08-23 15:35:00,2018-08-29 20:18:35,2018-09-03,d0115700565ac72039d14ba7470a3f4c,2018-08-22
a223cabf8961911bec789b0f31c66592,520821da53c746a4d05a5fbca575eb1a,delivered,2018-02-02 22:46:57,2018-02-02 23:10:43,2018-02-06 22:09:17,2018-02-07 20:52:52,2018-02-20,bf5dd4a674429047e536b9c9d2f995c3,2018-02-02
2a8789e83153f52f4449981b7193f993,64edda72abff7c840560d17937128c6d,delivered,2018-08-14 15:12:04,2018-08-14 15:25:24,2018-08-16 12:04:00,2018-08-21 21:46:36,2018-09-12,5a89ac50edd5a99294ab18e55ac07fda,2018-08-14
c2444bc9b1b352c434dfa9a4baf7236f,92877c6d2ea6146c990bda7156322c21,delivered,2018-02-06 23:12:21,2018-02-08 07:35:48,2018-02-08 20:22:06,2018-02-14 18:18:53,2018-03-07,479cebfa6965447ce5c111a982506d2a,2018-02-06
82559a560833ecfeecaa790d65fd2272,0add9bcc3d6e15ca9171f5bdc6b9ef7d,delivered,2018-03-28 22:22:04,2018-03-28 22:35:18,2018-03-29 19:24:01,2018-05-08 22:45:59,2018-04-30,0f6ce0865448282132608fd50531ca7d,2018-03-28
a9e8723ce1d27e389ff1e5ef7a71502b,773aef8cbaeca83e52ccdef46bd502f4,delivered,2018-08-10 00:04:34,2018-08-10 00:24:44,2018-08-13 12:24:00,2018-08-23 23:56:29,2018-08-31,bddbe63c843873dff100276893ca5653,2018-08-10
cf650037c918409bca8e5e67ee7dcfbe,67ddd0891499d2826566d7efc66b02d1,delivered,2018-06-20 20:27:50,2018-06-21 08:18:44,2018-06-21 10:37:00,2018-07-03 16:18:41,2018-07-17,031cbbcf2be8c834d2d5d25d3ee49926,2018-06-20
42c1fb96d0ddaa4cd3e00d607bf2cfe7,1d13a688c080887be804f5da5291fe95,delivered,2017-03-22 00:02:59,2017-03-22 00:02:59,2017-03-28 09:54:11,2017-04-03 18:40:02,2017-04-12,ba9db9f3d08d27b20f8cbd4f02f6c73a,2017-03-22
3dee10a1bffcabb51920d1aa6f2779a8,75e5ef83203962832d2967a5c1e8af8e,delivered,2017-11-22 16:48:43,2017-11-22 16:59:47,2017-11-23 17:57:27,2017-12-18 22:13:47,2017-12-13,83d3368393e1ba417a2360e90b25906c,2017-11-22
64c3463da17e1c9262d302b03a81fb0b,589a69c58e212423c7bf817269be05df,delivered,2018-05-07 21:47:15,2018-05-07 22:11:35,2018-05-08 15:07:00,2018-05-09 20:40:56,2018-05-15,d1a791fed0df39cc2332cd18e43859ed,2018-05-07
7fa8a261aff75638a6a7fae15425728a,2ca87087e2d5c60c70dcbe6dc2428931,delivered,2017-07-02 10:53:51,2017-07-02 11:05:10,2017-07-06 13:42:03,2017-07-17 17:17:31,2017-07-27,b1dca75b8acb4dab356086616ee92cf8,2017-07-02
22fe58e8a8084630f52ce3fbb02c9ac1,55432010afd9240b386a32618ff487ec,delivered,2017-11-07 12:40:52,2017-11-07 12:50:39,2017-11-22 03:15:43,2017-11-24 20:43:01,2017-11-28,ae6ebd1ea96fc64aaa3e0b502b92bf9c,2017-11-07
d11208971f804f638723ce2aa60824ad,66a32073e3383a7e7540bf30a1c416fc,delivered,2017-12-13 01:30:39,2017-12-13 01:50:17,2017-12-13 17:48:05,2018-01-03 16:25:28,2018-01-17,0986d4ff1ed574b62cc091c00067c3f3,2017-12-13
bdf723af2ddbd0a12d8ba00e8fff0a55,fbd16203f972e4630c74bbcdc5940f9f,delivered,2018-04-16 11:52:42,2018-04-17 05:50:10,2018-04-17 17:22:21,2018-04-24 16:51:51,2018-05-16,a14fc3d11e3640f196d4fc8c932fecc1,2018-04-16
9444fa2ab50a3f5af63b48be297eda24,661897d4968f1b59bfff74c7eb2eb4fc,delivered,2017-09-09 15:40:00,2017-09-09 15:50:24,2017-09-11 13:43:41,2017-09-18 20:21:42,2017-10-02,d06a495406b79cb8203ea21cc0942f8c,2017-09-09
5c4ec0b02d869e3ebd5468a344b99268,db2f809e35c2ad2c41a316d7c645aeb9,delivered,2018-03-20 19:53:27,2018-03-20 20:08:20,2018-03-27 00:54:34,2018-04-04 23:13:40,2018-04-06,8ef46b26a334f7e1346497fd532d33bc,2018-03-20
468be8d69d6a7ae5dffc7d6c694370f0,ccd98f8b088a12d741c792397fab80a0,delivered,2018-05-27 17:29:44,2018-05-27 17:51:47,2018-05-29 13:57:00,2018-05-30 18:18:56,2018-06-13,2789887aaa7cefa19dfd56a1800e17d1,2018-05-27
a610b42e6e4319084d3ce5f60e0dc1ff,38fe17916fc80f1ef8722075cafc9070,delivered,2018-08-05 19:15:52,2018-08-05 19:30:14,2018-08-06 13:09:00,2018-08-07 17:05:49,2018-08-09,2cb2373183f61849954e53064e2f7934,2018-08-05
9edb5899606254447166a651aa65c063,97506d4cd017040573666207f7ad537d,delivered,2018-02-23 14:49:38,2018-02-23 15:16:00,2018-02-26 23:27:12,2018-02-28 15:33:01,2018-03-09,c75d06358c25943454ece58c4daad098,2018-02-23
c7387d86e09f2823f6062d8c2378ce02,afe44c51b2ff47d26e457d10585bf8b4,delivered,2018-08-08 15:01:55,2018-08-08 15:10:23,2018-08-09 12:21:00,2018-08-15 23:45:29,2018-08-31,1412a71cfa4f44a7e5473220f820b4d9,2018-08-08
dc37184f657b0a29cc075bb4b6adffad,ddce998199bfc22de1eec95cfbba9ca1,delivered,2017-07-16 23:14:37,2017-07-16 23:25:09,2017-07-18 17:57:32,2017-07-24 19:57:53,2017-08-04,99a22fb3767da9a4288e464dab60801e,2017-07-16
6a5843185f8ef3ed2de016f4d88be0ec,c95a657b0a8875f1805ce9368a62fbcf,delivered,2018-04-20 11:01:57,2018-04-24 18:44:28,2018-04-23 23:12:32,2018-04-27 16:48:38,2018-05-16,42a1ad0abc91b063c07e5d9e88bb2204,2018-04-20
2ca1528ba222dcef1b182632376e53a0,44d89c65f6578eb86f1db3cefdbdf9e6,delivered,2018-01-09 00:33:27,2018-01-09 01:34:42,2018-01-10 20:15:04,2018-01-24 20:18:10,2018-02-23,783ef66bc85c78a694d92a83b74adc99,2018-01-09
b69d93eb408ba1dbb0f56f69817a6ac4,2455e60f97ac33afd680f99a68760caa,delivered,2017-09-16 12:18:30,2017-09-17 12:25:13,2017-09-19 14:23:53,2017-09-26 21:28:42,2017-10-16,f3914fdcecde6f1e5a93a60f476629cf,2017-09-16
e256ab04ce7391ab62f4529432f97954,49ccbfd1fe138bc6ab35fd19ed1bc414,delivered,2017-11-14 19:49:16,2017-11-14 20:07:26,2017-11-17 16:11:45,2017-11-28 17:05:11,2017-12-11,c4e2c1608d54c093d37512be6a05fe34,2017-11-14
99f48f57d8e3a6f6bcc13902ee0067c7,5e87f5c6305f7fdd1ce6d022d2b997a7,delivered,2017-07-20 21:55:16,2017-07-20 22:05:43,2017-07-21 12:41:30,2017-08-01 16:57:27,2017-08-15,adbf59bac0b48c344525214b3a47dcee,2017-07-20
98e3407bdcc7155e2c7a5bc47d670de7,7d33163eee790347937a2d11c88271e7,delivered,2017-03-31 14:47:49,2017-04-03 06:50:08,2017-04-03 09:41:31,2017-04-05 12:17:58,2017-04-25,f7225f0645faca328d26d66fd239f646,2017-03-31
558664b1fbd872709e44602c70ff9256,a85977bf6665a80347ed3e48860f79f5,delivered,2018-03-30 08:18:59,2018-03-30 09:07:44,2018-04-02 22:22:19,2018-04-11 01:58:40,2018-04-23,e9dd11928dbd59b8b4124e4bf1bb65d7,2018-03-30
0507a74781354ea643bff372311d2a97,cdf96d2b0152fd28e7ded02cd0743815,delivered,2018-05-21 16:41:06,2018-05-21 17:34:06,2018-05-22 19:04:00,2018-05-23 19:32:17,2018-06-04,a3ad86e859f1d0466bc1beb77fdf218c,2018-05-21
f00c74caaa25430b1fa361c158e8996a,e1ec5ddd749cd760a0c408a40ae5a4a3,delivered,2018-05-09 19:19:19,2018-05-09 19:35:32,2018-05-24 09:50:00,2018-06-20 13:35:46,2018-06-07,3b253518af1e74199da663e4e5be0ba8,2018-05-09
3d40c6056f68e49782a7c576c8b57e3d,0c15d66c29d5caa12e5da17d1e5e6077,delivered,2018-02-28 17:47:48,2018-02-28 17:55:36,2018-03-01 17:28:49,2018-03-19 21:16:49,2018-04-04,9a84708d75a5320adb3be73dc62a8f53,2018-02-28
b3095fffac9c11772e0c2344320bdbe0,71f4e0e0f3b6960d818e2ca6e92261c8,delivered,2018-03-31 14:13:37,2018-03-31 14:55:20,2018-04-03 13:08:40,2018-04-27 22:28:40,2018-04-26,ab911ba2ad6db559075a81a618ecbb47,2018-03-31
77b6edd13efe99269ef9b78006e133a3,2966bc94f88221d894371af25b56a091,delivered,2018-04-11 22:05:58,2018-04-13 15:52:26,2018-04-19 20:46:48,2018-04-24 19:05:44,2018-05-08,638fa4ce000cd32911b8f5128255bcfb,2018-04-11
236e6ec6171c1870d4bcf4ccfad87f49,0fa12cb295663a40f53876e73aa7c460,canceled,2018-08-21 15:12:31,,,,2018-09-11,d05c44a138277ad325d915c6b7ccbcdf,2018-08-21
872d50e4eee9c719855e98dbf74daafc,30f93fb1dd34821c6ddeefc08f66a537,delivered,2017-09-24 17:24:25,2017-09-24 17:44:15,2017-09-27 15:28:39,2017-10-17 11:15:13,2017-10-26,5736120c95a90036589c8815721c76a5,2017-09-24
27fe1bf2ef6671ce5e66d6958f828422,c40a784c17fc33789c6778125abd1fe7,delivered,2017-08-07 01:06:50,2017-08-07 01:24:06,2017-08-21 21:17:58,2017-08-24 19:53:32,2017-08-30,8070844b1d3646450aff96ad4b20c24f,2017-08-07
765054a31662ba89ea874067464f50e3,c0688a7dc61208a65a97295cc16c77b3,delivered,2018-04-26 13:46:05,2018-04-26 13:55:28,2018-04-30 06:32:00,2018-05-15 11:33:20,2018-05-25,17b6ef035e87963688f0f61a347e0c8f,2018-04-26
e74d9394729b685d668169c86cd0b30c,c8fe64c888322ebadbf08b8ccd34c309,delivered,2017-09-26 00:04:46,2017-09-26 00:24:54,2017-09-27 18:55:40,2017-10-11 16:27:54,2017-10-25,7ad21c710fb124becb6b9f5ea2cb82f6,2017-09-26
2c52873e8d170a8426be048f8321df84,31dded38edbb8675e3ce378703219fd4,delivered,2017-11-24 08:06:08,2017-11-25 05:35:41,2017-12-01 20:17:59,2017-12-19 22:46:29,2017-12-15,f56bf73e81d727372f3f025153d7e5b3,2017-11-24
b49d5f43da21654579db97f4ffc29e5b,e5d2ef268a21920a1d3747b717f36c88,delivered,2017-10-20 04:26:59,2017-10-20 04:35:17,2017-10-23 15:20:15,2017-11-01 21:33:29,2017-12-15,4a25be90799af81ad6183bfecd684de8,2017-10-20
b2a075b61f56f754745f60eeca7c0f63,cb8142639e986f3ffda553fea7e60b3b,delivered,2018-06-21 09:56:56,2018-06-23 02:20:39,2018-06-25 10:50:00,2018-07-04 21:38:47,2018-07-20,a6e1eb7e78b8557118e99b34281f66f4,2018-06-21
b033496f0a8ef446d5a1e2fa5038be7c,4b8c45f8b7d4885fdd94fb1f6e2336ba,delivered,2017-09-26 12:35:33,2017-09-26 12:49:38,2017-09-29 14:22:17,2017-10-06 20:09:14,2017-10-20,f56a30b89d28e1fd8b4ed56e7945fd68,2017-09-26
60530b8ca3078f2c9039b970e94e7c61,168938452d6c390529f6c7012a6ae885,delivered,2018-07-30 11:12:54,2018-07-30 11:44:35,2018-08-14 12:56:00,2018-08-20 16:49:46,2018-08-28,3f2f394eadbdaecced90e62b2605f3e6,2018-07-30
fe89167e2ec9e9b03d0a6f28a2987381,b171f4d6134c0cc013a5c892e658e43f,delivered,2017-12-02 09:53:13,2017-12-02 10:18:29,2017-12-04 17:56:37,2017-12-11 20:14:54,2017-12-29,d6abf3dbff35a14ddcb1ea1326f51370,2017-12-02
d3d3517767529dd0eb9e27a460be3497,29db75acc596d546418ba355b0d7293e,delivered,2017-07-11 10:06:44,2017-07-13 02:56:20,2017-07-13 21:05:54,2017-07-25 20:45:02,2017-08-02,8a41984b859c987000af5060ffa492ae,2017-07-11
1f03ec4b4ae0bb2870a451ecedbd3644,a0958418211a75b00721c46c3bd8edc4,delivered,2017-10-18 00:28:21,2017-10-18 00:49:19,2017-10-20 11:18:30,2017-10-26 22:37:45,2017-11-09,62dd74b93ed8d9937879697c680083c2,2017-10-18
f545c6d66e2fa494386ccbdd3e6762cd,5067d126bcdf8822347ae96bd0cf8a97,delivered,2017-07-23 15:56:36,2017-07-23 16:10:16,2017-07-24 20:16:34,2017-08-03 16:37:28,2017-08-18,b7b162291adff744d6f3c6450557ffee,2017-07-23
d17ebef6117650c283479ff4dca49c6f,05e86ce92eb1b627c2296627078d237c,delivered,2017-07-20 12:00:22,2017-07-20 12:10:08,2017-07-24 16:24:55,2017-07-31 19:03:53,2017-08-21,480ca1a9f688a4c482177efdeeb5c3a3,2017-07-20
a61e700a88111a17f8158f275c06631d,e3bfb3523518b2e4074add07c9e81098,delivered,2018-06-20 18:12:20,2018-06-20 18:39:07,2018-06-22 13:48:00,2018-06-27 00:14:32,2018-07-20,b5b399aa95d34e6b4866b7ccee226a7b,2018-06-20
e4cf57dc41ad53ef127bb5cad28a8d9d,55e7ad193ea6e647c4c78a48a616da2b,delivered,2017-07-20 08:42:25,2017-07-20 08:50:14,2017-07-20 19:19:34,2017-07-31 16:56:59,2017-08-17,85c53662a0c8677dc3cab11f9138e295,2017-07-20
0df9a1a63af12d4f148157a5264421b0,e68ce7d126e7312b9b1acf8b5706f914,delivered,2018-03-21 14:35:36,2018-03-21 14:48:49,2018-03-23 01:48:32,2018-03-23 19:51:00,2018-04-10,1f7e319345bce2c98e006c0d70875095,2018-03-21
0b843b79b45dddbd796c0a7e51b2c6ca,fbb815b1596389418e2666320654b129,delivered,2017-03-09 20:08:39,2017-03-09 20:08:39,2017-03-10 08:54:55,2017-03-22 13:27:59,2017-04-11,0b8cc9d17d481e03c058582a15b00a41,2017-03-09
788b1a554c3dcc3cd110e466464a01ac,94c67b1e5d3c7f6833e400b57aae7285,delivered,2018-03-14 14:16:24,2018-03-14 14:30:33,2018-03-15 20:02:24,2018-04-10 20:41:17,2018-04-11,ed43f5757a9dc1e5b065105e05dfa408,2018-03-14
63cb128cde71b3b1a6cc68b0c39cb66a,6bf35e4f434dccd3b07ca51958fd1a80,delivered,2017-11-16 22:54:35,2017-11-16 23:05:36,2017-11-22 17:13:01,2017-12-06 19:33:21,2017-12-15,0eca8608bfc8705e5721ad48b4c77726,2017-11-16
962aeb93da677a2ce2fdb8e771e4668e,9c5c5411e5e1bee12e3d673fc529ab83,delivered,2017-06-29 22:17:56,2017-07-01 04:43:20,2017-07-03 10:49:11,2017-07-07 15:45:03,2017-08-03,2a66571874abf088c0311b7b4208cf33,2017-06-29
516f5de9225a8f51acf38a5d5057bdd7,31beb004638ae8fbbddd66eab1a4b74e,delivered,2018-08-13 20:45:48,2018-08-13 20:55:31,2018-08-14 16:06:00,2018-08-20 22:09:50,2018-08-31,9743f86fe8889750e37fd08b88f83a89,2018-08-13
8850fc4abf81a195c5954f60443a230a,327b7945357e53c8e674445810cb8213,delivered,2017-04-20 16:37:54,2017-04-20 16:50:15,2017-04-24 12:27:16,2017-05-08 10:26:00,2017-05-16,0cdf19c7199d3fda734b894a8df5c5ad,2017-04-20
4baeb46418ac44b0f5ab2795772663b3,c85fdfeab2e519ab4bd80f175e3d7cda,delivered,2017-11-24 13:16:01,2017-11-28 02:59:31,2017-11-28 18:56:06,2018-01-04 15:19:06,2017-12-20,bf22dbeaa97fe69de8002348d02b8237,2017-11-24
b44e4934b1e5508c95af97751e9cfd6e,6df41ce8b2a7f57e6ea8c229121a78b0,delivered,2018-08-23 00:20:45,2018-08-23 00:30:19,2018-08-23 13:29:00,2018-08-27 17:24:35,2018-09-25,3f591bdca999989260411d00a0bcd57e,2018-08-23
f1c60caa5875e546517b8564cd97cfee,a13095308a72b0f3b45f224b80ee65b0,delivered,2017-07-30 19:29:00,2017-07-30 19:42:58,2017-08-01 15:31:28,2017-08-03 15:49:33,2017-08-17,26d58e42c6ae618b178d9b0c60a96f32,2017-07-30
0b3407e419ef6be66392971885acce73,1fb69e1024c1877f914b04128cdef209,delivered,2017-01-30 08:14:53,2017-01-30 08:30:47,2017-01-31 10:41:59,2017-02-10 12:14:13,2017-03-08,d47ae28be0ca67986130388a0d4fbfaf,2017-01-30
cad95e56b8bc5ed2c10ee964ba21ac96,ae13ef7e41b712ff329871b5760be19e,shipped,2018-01-30 14:44:20,2018-02-04 23:31:32,2018-01-31 21:12:05,,2018-02-15,8e55c22eb0bb9dd6ba7f349989ad4dee,2018-01-30
046bac99a3d9ff45ef86ebcd710b972a,386a6f3a8586bb3c2d2b923312c36572,delivered,2018-07-31 14:49:15,2018-07-31 15:44:36,2018-08-01 11:20:00,2018-08-18 02:03:11,2018-08-30,0e5c70882ea4e570d8024b0b767a4cb1,2018-07-31
3dfb5fab3fd989f43639af9dfd3554f4,54b09520cfa9b25154c878438bbd3258,delivered,2018-04-02 19:18:55,2018-04-03 19:15:22,2018-04-04 22:51:47,2018-04-06 22:20:52,2018-04-12,d45f8102701438db83ba17c6a22be53a,2018-04-02
5f27f0fe37fdfa1073fa210240da269b,6a79317484653d64d4045c837500c120,delivered,2018-02-18 20:59:03,2018-02-18 22:07:24,2018-02-19 19:28:57,2018-03-06 17:19:13,2018-03-22,72a57aa9fbdd0fd432271a8767547314,2018-02-18
cdf5bd758b0b7d00fc23b2cd6c92f974,a9815cf96d3f5d66843244290d03488a,shipped,2018-04-09 13:28:25,2018-04-09 17:51:21,2018-04-12 12:33:24,,2018-05-03,ea92d6a7fb13cf8c2d2849639fa3df1c,2018-04-09
7b417e4ab50fe706033d4fe21c659f3b,e4391b06d30bdd3d98928398d84059f8,canceled,2018-08-16 17:09:19,,,,2018-09-28,74f102b84b6d27b45d8064e329eb57de,2018-08-16
7da4f8ec54a78572fcce6797f62cf1cd,a5b544d912be67044581a3890e6698d5,invoiced,2018-07-24 14:28:36,2018-07-24 14:44:39,,,2018-08-03,e17c5e546a7f8202925fea16b4d14741,2018-07-24
c05f96437381637362bc32cb1b54d71f,e5f0d1bc1a958e1f5236f194121f8541,delivered,2017-08-03 19:03:33,2017-08-04 02:30:46,2017-08-04 15:52:48,2017-08-10 13:08:04,2017-08-28,343e5b306fed604e45704a9ace917cef,2017-08-03
2c40105463f11c726046975015826e55,413d2872cfbed54cae78de93afc7912e,delivered,2018-04-20 09:36:11,2018-04-20 09:52:57,2018-04-23 20:12:52,2018-04-30 16:58:43,2018-05-25,727939c2b657e1ef6b6559b8e151e15d,2018-04-20
1a12ff18e927a4575421cefc8e9c907c,faa92cb95ec90a143173a7c7a93186bf,delivered,2017-04-01 21:09:25,2017-04-01 21:22:57,2017-04-05 07:10:08,2017-04-11 11:12:45,2017-04-28,fa235e0953458d2e5f42cb0b46f6c9b7,2017-04-01
46afec49491e4385870de60c96bc956e,5fcd01aff39a8f9922b7026f8ac46b55,delivered,2017-09-04 11:04:30,2017-09-04 11:15:20,2017-09-04 20:08:33,2017-09-13 19:02:53,2017-10-02,2b2dc4248c225ca73416881c0d817a54,2017-09-04
9d104772bdce3edf86e439b682078c3d,881b7ae9db721cb7b560f79ab86de95a,delivered,2018-08-15 22:45:16,2018-08-15 22:55:14,2018-08-16 15:34:00,2018-08-28 18:29:48,2018-09-03,a6b158a04fc929c15d49962b1d698037,2018-08-15
4cebb64502b3c7295709a972ae314c7c,bc20aa7ab38261667b10117ac0b169c5,delivered,2017-08-26 11:35:05,2017-08-26 11:50:14,2017-08-30 18:13:57,2017-09-08 17:27:52,2017-09-18,e1594732784d8aee7b4f689387ddaadb,2017-08-26
e0f5bf74f8214bc636d6f1d63310577e,ab189e4d2edd06bcc4275010bb0a1882,delivered,2018-06-13 13:38:51,2018-06-14 04:15:08,2018-06-21 14:46:00,2018-06-22 20:14:42,2018-06-28,d3ae799506d26559eebcd48794559d7f,2018-06-13
cdef7b8439b81b5a726a7ca67fc88346,b54c9ac02140b09b5a44e646282f54a7,delivered,2018-02-07 21:43:34,2018-02-08 11:30:20,2018-02-09 21:52:54,2018-02-16 19:59:10,2018-03-06,4b8f5fda232c800d07852a9642640652,2018-02-07
c8e2b7513b52c0e829d1da8a26f080ff,17dad598bfe9b8eee12a1e60e53fb078,delivered,2018-04-23 11:49:05,2018-04-24 19:06:09,2018-04-25 14:41:00,2018-05-03 17:55:44,2018-05-18,5bba3657e3da4039bf5dfbd8eca02309,2018-04-23
8ee04417722e4617f21a0c3e2fae006f,8719d8f872644dfe3017aaa7be69b86f,delivered,2018-03-21 15:26:13,2018-03-21 15:48:33,2018-03-23 00:34:29,2018-04-03 16:16:35,2018-04-11,343a379f1c1161e96fa884172db6a218,2018-03-21
d23c618df1f506da61c7cacac0ea489d,cfdfcb5b176d643c45373a304771538d,delivered,2017-08-14 14:35:15,2017-08-14 14:45:14,2017-08-16 17:12:47,2017-08-25 18:12:48,2017-09-11,b45637a6864f599a982ed88dced34fe2,2017-08-14
db4d62e39557516a1ce6145d0c659ae1,d63d75553ce7cd45c85be0d49d28c6e5,delivered,2017-06-02 11:48:32,2017-06-03 11:55:08,2017-06-06 08:52:19,2017-06-19 18:23:26,2017-07-06,5c117c579cb98a9c6c50e1301a349f3a,2017-06-02
2a3aa58325fd4e7edf1cc7f07edc063a,426b26e6a4d18fc2fa3513bb5091c006,delivered,2017-08-14 11:59:56,2017-08-14 13:05:12,2017-08-15 21:08:08,2017-08-16 19:57:55,2017-08-25,b6f26635571e99563376f777d4c2f6c5,2017-08-14
d1f15be30f63f804ab7083b061dad249,9f4e27b1c2d3b103a583eb66bf193f82,delivered,2018-01-16 21:23:55,2018-01-16 21:31:25,2018-01-18 20:33:10,2018-01-26 19:39:12,2018-02-07,ca347bd19a9d9caedad0c48674e24f16,2018-01-16
ffa1dd97810de91a03abd7bd76d2fed1,f37c2634dfc8ac0ce3475d3cfc665b43,delivered,2017-05-22 22:35:09,2017-05-23 22:42:56,2017-05-25 10:33:08,2017-06-06 16:40:29,2017-06-28,26cbea974bc958bc0192ab80777f3a06,2017-05-22
97cf031e8c5bf37a0b310c07800e323a,2bdd94bc59d052d2770bacd6d20d6a9b,unavailable,2017-09-10 15:33:30,2017-09-10 15:43:31,,,2017-09-21,203e4f3bf588384b73f0c8d912c4609a,2017-09-10
4515f507dc97d2ae676665ef0b7b752b,7820fb2584a8eba907e84f23104ea6ca,delivered,2017-11-28 18:53:28,2017-11-28 19:11:28,2017-11-29 18:12:42,2017-12-14 22:53:31,2017-12-22,8f68ee72b8fd6d658081d4a9889af38d,2017-11-28
58aca7559ea981b026710fdaf075ce5a,9c396919c4929b24f397a4ea7b4ced6a,delivered,2017-11-21 22:06:15,2017-11-21 22:16:28,2017-11-24 21:41:30,2017-12-05 18:56:52,2017-12-12,c43b36c17145e0a3c8e9475c933f1e49,2017-11-21
8a69cf5a653d618d1486222d565dc71a,bb0001b26ea0988099384552709f91ce,delivered,2017-06-19 00:13:35,2017-06-19 00:24:43,2017-06-20 18:02:18,2017-06-28 14:12:02,2017-07-12,27cef5fd4f3ae7f1ff78696bf8036ede,2017-06-19
60df263fdbe0ea250f1b4a381778d7d4,9e747237ae173bfca746454609260f9a,delivered,2018-06-23 14:26:06,2018-06-23 14:35:37,2018-06-25 12:42:00,2018-06-27 00:56:38,2018-07-05,425823294e85d1115bef9c4b35cd819f,2018-06-23
815d1d46ac6c32dbcd84232025884014,8dbd6359052e0bf74f6f9ea0c2f4ef02,delivered,2018-02-09 10:16:50,2018-02-09 10:26:36,2018-02-14 20:23:58,2018-02-16 20:04:23,2018-02-23,d4b83f596f8fdd6a21eeec16119ce53d,2018-02-09
3522a71840bea6bd1cd78ae529622ff4,62accea67b06839b7e2f1cb694952ed6,delivered,2017-03-09 19:34:45,2017-03-09 19:34:45,2017-03-15 10:33:44,2017-03-21 12:33:03,2017-04-04,3d69c76d4691b0003a23c63b24843d97,2017-03-09
e787fdb675e6270d22aa2a7e77d8cc10,0e9fdadd06631371626468bc8eafcecf,delivered,2017-11-25 09:37:12,2017-11-28 02:58:42,2017-12-01 22:15:05,2017-12-09 19:52:15,2017-12-15,ee95e177ab3f145dbe033160ced52d68,2017-11-25
0a814fddd9db7c515225361a87b607bb,1b191050c9ddcb4fcddae8677ae55983,delivered,2018-04-14 22:10:14,2018-04-14 22:31:43,2018-04-17 18:58:34,2018-04-26 19:29:03,2018-05-21,9b02f5332873395c5af5dec8987ff4ae,2018-04-14
2921ebd304831878ac888644314d424d,a9e25261c12f314cfec578dfe2e5407c,invoiced,2018-08-05 23:21:46,2018-08-07 04:55:24,,,2018-08-14,7e3bf697991597d6343225f93d8f3ca7,2018-08-05
1fae70ae3787a15588ca2231b0689dce,35f002a4c17047c0c302490d474c2df7,delivered,2018-03-30 20:39:28,2018-03-30 20:50:06,2018-04-02 19:29:45,2018-04-10 23:08:43,2018-04-19,3feced2b9b23cb72910eefa3c9c3ba52,2018-03-30
a6e620028382225481aa2f6ba5158dc2,99fe1741ff5f8d3998bd806d58d61243,delivered,2017-10-31 14:44:00,2017-10-31 14:50:23,2017-11-06 22:41:29,2017-11-13 17:57:47,2017-11-16,b9747ab8b937f636ee9f1cf60e036b5d,2017-10-31
a847a76b53f87abded416131b362f00b,2b322844f5f0a4a2dfd2e4f506b2d096,delivered,2018-05-18 09:13:19,2018-05-18 12:57:31,2018-05-23 15:01:00,2018-06-08 14:21:02,2018-06-13,ea77f95139407df38395f38f0b0f8443,2018-05-18
d6f415ebc86371ee7aa87ea1b73ea9bc,e9c78e0ef5bf78d6719540b3b3df885e,delivered,2017-08-06 23:10:15,2017-08-07 00:02:55,2017-08-08 19:49:44,2017-08-18 16:45:52,2017-08-31,84d7806c2f631afc4a50a9d81844c4ec,2017-08-06
c083067a0c4c5dc8446fb1a11b345cb4,45b8f5bfe9e0fab4b062dcebb91615ec,delivered,2017-05-16 16:37:16,2017-05-18 02:15:30,2017-05-18 15:15:57,2017-05-24 11:47:48,2017-05-31,85c7dd1ba75e1725a4a9e92967f70a70,2017-05-16
e6fd9f0475405c18cd73f21ec473814a,d7f9e3bed56f2896a2bd3a7a369d7d9a,delivered,2018-06-23 11:17:27,2018-06-23 11:40:47,2018-06-25 13:42:00,2018-07-05 15:28:36,2018-07-25,22a93d651c1f3443f3547fcfd9619840,2018-06-23
f28357a486107b748dfedd0fb138ca55,c83917f687bafbad026f914da0515ada,delivered,2018-04-03 10:56:17,2018-04-05 02:10:45,2018-04-05 20:10:57,2018-04-24 01:21:28,2018-04-27,ab25c1568a094fe01e134163bb8ca12e,2018-04-03
4083ae51fa136337c09bce24beff2fe4,3373cbe13f1a402261f2ab6fbd296c9e,delivered,2018-03-04 11:58:28,2018-03-04 12:41:34,2018-03-05 19:55:00,2018-03-20 16:08:39,2018-03-28,7f65f16a2290235fa5e4206ce6e59c34,2018-03-04
0616463c44a86e8478f9b065e17d7c65,f0781957f383921320d238faa1255f4e,delivered,2018-02-03 18:42:00,2018-02-04 00:09:43,2018-02-05 18:18:47,2018-02-06 16:08:57,2018-02-21,ea7c9f64e2cf32dbfa722b16058fd07f,2018-02-03
da8a467adbbefd95aa37ebb91e4d3640,50814dd40158d233103f675c340c68b1,delivered,2018-05-14 17:58:27,2018-05-14 18:15:12,2018-05-15 12:43:00,2018-05-18 19:39:45,2018-05-28,b3bbe51a0caf36d05239cdb5124a2421,2018-05-14
39cdf001e42cd975d9ea5e05990f2b61,3aa4ba9d60460d2f4ac8391346e8aab6,delivered,2018-08-12 23:12:13,2018-08-12 23:25:09,2018-08-13 15:24:00,2018-08-16 20:03:26,2018-08-17,4891678191e5487f4bf1d6c75076dbc8,2018-08-12
74414263bc2db93856b800f04ded2cab,0a7cdb607bacd00cb014013d91f5a218,delivered,2018-04-12 16:49:57,2018-04-13 13:29:53,2018-04-16 19:12:08,2018-04-18 03:04:59,2018-05-07,695cb366a3030919b19a244401a8f017,2018-04-12
86e808220bf5a6f24b942ef7108644be,09a78ec0943f7eadacc89495a9237fe6,delivered,2018-03-09 18:16:15,2018-03-13 05:40:32,2018-03-13 22:03:45,2018-04-07 14:40:53,2018-03-29,0e82580ef84ece34235fb0d46c2e8024,2018-03-09
5aa709ad0b286644ffbb7c9aa6a1db27,bc1461d2c76f5c8e5e210ca0ff4b031c,delivered,2018-04-11 20:18:54,2018-04-11 20:30:17,2018-04-12 21:52:43,2018-04-21 11:06:41,2018-05-08,4ebbc69e8887dba8aa3260746665e517,2018-04-11
47d346b7368958cb0bd17880b2af14e9,81004804a2d5f73c310aa097c6633778,shipped,2017-05-10 22:45:16,2017-05-11 22:50:22,2017-05-12 15:33:27,,2017-05-30,279ebb89974a93cfde9466d115f24ae5,2017-05-10
13e5cf1e067d58500141bfb2a638ba6b,cde010b04a18c2bd1acfdca70135a4e7,delivered,2018-03-02 18:08:05,2018-03-02 18:33:34,2018-03-12 21:42:20,2018-03-23 21:44:46,2018-03-22,4b84ce2e84a6a4bc9b9565f2d56269df,2018-03-02
ad6162000c72729addfa515bacd820a5,6f22ed5aa46ca6f81f3fee4bc5628b03,delivered,2018-01-07 18:10:41,2018-01-07 18:26:51,2018-01-09 14:39:52,2018-01-16 21:08:25,2018-02-06,6e30a39ed827f347c9cb1d0055e3dc2f,2018-01-07
3777a556763eb6cb59f7dd14e90c4ab7,c9c550b5ce68ef3d34833fe0641894d8,delivered,2018-02-28 14:16:12,2018-03-02 02:16:05,2018-03-02 18:29:08,2018-05-14 22:19:03,2018-03-19,d8f410672ad8c781812f8b70aaac2bdf,2018-02-28
3d2478c1c4d6e772d9221bbacac64cd1,d8788d5ff361dfdfbd6b4a73eae1be87,delivered,2017-03-28 13:47:36,2017-03-28 14:22:36,2017-03-29 11:50:05,2017-03-30 13:48:51,2017-04-19,00ad5165112e0e9a91a23b1132716584,2017-03-28
116a4c72702bbc7b314c9ac7978e7b29,77af83f190510a8bb222d2b2754a9ba8,delivered,2018-07-18 15:53:15,2018-07-18 16:05:20,2018-07-24 17:29:00,2018-07-30 18:33:59,2018-08-03,bc985825f87c926fd2f0b110c8e260af,2018-07-18
6c175759bc609d6fa9c693e5d24aa77d,c7c339e6571b455cb8d45a28d75cbb60,delivered,2017-09-25 22:28:43,2017-09-27 03:05:04,2017-09-27 19:48:32,2017-10-03 18:32:29,2017-10-20,6e2c8f6010bda5e5ab4ef460f9a00b9c,2017-09-25
341f9a0cecbdf48fcb1ba6975fe2cbda,6be3f8f4586a72b9b577b7a366fb1f70,delivered,2017-10-15 13:05:52,2017-10-15 13:14:22,2017-10-16 18:43:03,2017-10-17 14:13:18,2017-10-26,e2250dca3fe36b9f2f3da645c5d76c34,2017-10-15
f561e528dd0491e6fd42ba9b07958979,72533a8487a20d8d6528e7a12c46841b,delivered,2017-05-24 19:14:25,2017-05-25 02:50:16,2017-05-25 08:55:55,2017-05-26 13:08:44,2017-06-06,2578106ae970e17713754c048abd07e4,2017-05-24
f8046b5049a674585e048bb954e3b494,62027a3235ec0eb7e75e53ac09ad6e55,delivered,2018-08-21 22:23:01,2018-08-22 22:24:38,2018-08-23 12:35:00,2018-08-28 23:26:37,2018-08-30,79138ecb5d2fbbedb5b03b630b6cd6ed,2018-08-21
d6461ecc120609d0cef78fea638e47fe,0e19f44898c5554faac8f95f1473bb4b,delivered,2017-08-15 06:26:32,2017-08-16 03:26:19,2017-08-16 21:48:41,2017-09-26 20:08:11,2017-09-15,d197a184e01ac46e6cb6596185bd4db0,2017-08-15
7fb4133c98efb5fcb56807cb759420b2,eba7fb02fe489dbf58e31d9bddcbf1f9,delivered,2018-04-19 14:27:42,2018-04-19 14:35:41,2018-04-20 17:58:48,2018-04-26 15:42:35,2018-05-18,0b41d4fa4c4a1d4fd734ef6946779d9e,2018-04-19
4cfb51c814f29d8201a00624b78646ad,a2dd9312a61b86e980d5cdc67ce10af8,delivered,2018-07-20 16:20:18,2018-07-21 16:15:11,2018-07-24 12:46:00,2018-07-25 15:15:41,2018-08-02,05311eb60c201cb3c2f0e999eaf135f2,2018-07-20
430f5ce743fcb253ce569ccad8590f05,9db1e84b8dae81c99b49a0dc7a9cac60,delivered,2018-07-31 13:59:58,2018-08-01 03:31:38,2018-08-01 10:08:00,2018-08-06 19:03:20,2018-08-29,bc56ffa5e684ac8cd70e64563a7d8399,2018-07-31
383e1abcae2216bb7149870157ac31a9,8274d1ce55f63b53a080471c910dbb77,delivered,2017-08-18 23:08:47,2017-08-18 23:24:31,2017-08-22 17:54:50,2017-09-05 12:28:14,2017-09-22,ee94dbe35cb7b09f88d6bb0a8e23bc4f,2017-08-18
f2c623a58d325d304d567e2271dda299,28cda571c0c9c4d4eb6ffb191cce829d,delivered,2018-03-24 11:59:53,2018-03-24 12:15:54,2018-03-27 01:22:53,2018-03-29 21:57:24,2018-04-12,52fcc54bbe15052e49523e7716f04dc3,2018-03-24
886090ba53919a880e66ccba31eb74ee,778593c83b75c7519025543b07a41073,delivered,2017-10-16 15:21:10,2017-10-16 16:07:31,2017-10-17 19:23:35,2017-10-24 20:21:47,2017-11-07,d061ca43cf50773dd3d5d96c091324e0,2017-10-16
09633885de2f89ed80bb53c2de1f944f,0cbd081962a78ce40305137da0c39b13,delivered,2018-01-28 19:01:45,2018-01-28 19:18:40,2018-01-29 19:53:35,2018-02-06 00:18:51,2018-03-23,e41fffc26bbea3b2a68b17501f3828bc,2018-01-28
996936689b68af80b51ef3c429a4f386,bf9a4770691ff9b2ddb07f4beb77d4ad,delivered,2017-03-02 08:17:50,2017-03-03 02:15:17,2017-03-03 11:49:20,2017-03-13 11:47:56,2017-03-28,95a3dcd03d8086e8510d9fe16f875ec7,2017-03-02
c086b991f822021af445dbcd355fcf73,32fa500a4e324c15904b33f89ec561c4,processing,2018-01-05 18:35:23,2018-01-05 18:47:33,,,2018-02-06,3968dd0baa7f020cfbdd98aacf602c42,2018-01-05
d0de72392c1a034c264637f605c1311a,9db9cd5134492e22796ee8d68ec26db4,delivered,2017-12-12 17:38:01,2017-12-12 17:50:19,2017-12-13 16:39:57,2017-12-14 23:12:39,2017-12-29,655272d1dcd2cdbf1bd0891ad80a680b,2017-12-12
1c0eb7262ceb60db69b3825f1fb1deb8,8012949cfd95d37e09a3922c3d8e3183,delivered,2018-01-07 14:28:19,2018-01-08 14:28:02,2018-01-09 16:54:54,2018-01-12 21:09:14,2018-01-31,25f4b3010f62d81c186b611fbda3cf1f,2018-01-07
4ff36f43b95e4fbebfa94b98f8f33847,f3f5f2c750c64c3bb2a8d10e7c511d46,delivered,2017-09-26 11:51:33,2017-09-26 12:04:24,2017-09-27 15:06:13,2017-10-10 18:05:31,2017-10-23,d6bb6368cab327143f1b8976431bea2a,2017-09-26
e494c29003c61332fdf1340bba650cd3,785f931e1fbc5a6c01782f59d9a2fe42,delivered,2017-11-06 11:29:00,2017-11-06 13:31:20,2017-11-07 14:45:25,2017-11-23 16:46:57,2017-12-15,b2cdf76962cdd5c1c1534af71e82ebeb,2017-11-06
dba9e3ca7971091087fb18b18944557a,52760f716e82771ec061c4282b6ace64,delivered,2017-10-14 10:30:27,2017-10-14 10:49:57,2017-10-16 14:54:50,2017-10-21 13:51:00,2017-11-07,a545b396cf03c93ae54215d20491771d,2017-10-14
0668f439eec2e9edf7b24687cba7acd7,ed4299a50d0b1a4065cda2bcefb91703,delivered,2017-11-30 21:34:24,2017-12-01 10:31:23,2017-12-04 18:57:20,2017-12-21 18:33:00,2017-12-22,93aeae96eaeebae08c03f8026d30afbd,2017-11-30
527c4983b5fdd0cd478a80679c210a7b,e63dfa0de407a934f97118509d0a3924,delivered,2018-03-05 09:51:46,2018-03-05 10:28:57,2018-03-05 21:23:36,2018-03-27 02:54:29,2018-03-29,61386166bd766432d31e37d97201eba4,2018-03-05
5bf501e7ed04b562910ef79503959520,68ebe1d0acb77033e53570274dcdf5af,delivered,2017-11-26 20:56:33,2017-11-26 21:14:06,2017-11-27 22:13:41,2017-11-29 15:33:23,2017-12-11,2d8b24c6f00fcdb35954703e09025771,2017-11-26
2a6d616eaf63de4f52782d2df79f405b,f1c5f371248aaeb09d6a1a8b8efc9bfc,delivered,2018-06-07 20:37:43,2018-06-07 20:55:24,2018-06-11 14:46:00,2018-06-12 18:12:10,2018-06-25,ee1558b9d88dafe04877aa84d177959b,2018-06-07
4c4c18f172becac0b104709006c11a9b,4bf3c039809b9e6d39e8c207bb5d6325,delivered,2017-12-01 17:12:58,2017-12-05 04:17:31,2017-12-06 21:26:47,2018-01-04 00:13:32,2018-01-08,2efd222acea6e5b2c294ea65af6424f5,2017-12-01
878da2363edf85ee1af1935bab61fcd0,125e08f137042707e6df84c072bedbb9,delivered,2018-02-23 12:05:27,2018-02-23 12:29:33,2018-02-27 11:43:25,2018-02-28 20:34:44,2018-03-09,0390f298952f9c64cf8554f520bb7836,2018-02-23
24a63c44fb9267e93a44476169d8aafd,7c5d723b7fb0e3e9d244d0e83e1e2aec,delivered,2017-06-02 11:01:39,2017-06-02 11:15:14,2017-06-05 09:33:48,2017-06-06 11:09:15,2017-06-19,ed873efbae1f165689d2e836f7a45a20,2017-06-02
d8f9cc275e4ac13af22f90e26f535e87,fc072622c305c65b289f7160d3f6129e,delivered,2017-04-05 10:24:50,2017-04-05 10:35:16,2017-04-07 12:58:07,2017-04-11 10:47:54,2017-04-28,690081daddd817b7525ee7bf828319d3,2017-04-05
9be33ce4878405dfc4be325fe756b73b,8dd661c1d64e61ee187f399133e7cff2,delivered,2018-04-19 13:11:14,2018-04-19 22:54:03,2018-04-23 17:51:39,2018-04-26 18:20:57,2018-05-14,5a8c8584f1e8a91f034d3753ddd30360,2018-04-19
f3a9c397a2fa5a2366b4b96bc15737f6,8282c77cb03f64a929db1f36df79e92c,delivered,2018-02-26 18:45:14,2018-02-26 18:55:32,2018-03-05 20:22:21,2018-03-10 01:21:55,2018-03-19,7288276c67d797e67a2bc2322ee575e1,2018-02-26
dfb10cbc46a4cb952de477a6ea509dfd,a75112d3f089f28b9266b0fe14b5d518,delivered,2018-03-17 15:16:22,2018-03-19 07:50:39,2018-03-21 19:04:15,2018-05-02 14:32:19,2018-04-19,b98a1895f96ab40955c4a6d9b74dc86f,2018-03-17
f134e34406f256fc9b9a0b898cbbd5c2,94307d2d9391d8a7162e8f218a6185dd,delivered,2017-02-13 03:48:46,2017-02-13 04:03:31,2017-02-20 07:27:27,2017-02-22 16:38:29,2017-03-17,3aadf3969654672ea404b15f958db11f,2017-02-13
9f226854839600f3e70c4faeb94e8790,bd075a9e60df7474943e430c2f5f61f5,delivered,2017-11-22 11:30:11,2017-11-22 11:47:54,2017-11-23 21:54:39,2017-11-30 15:41:49,2017-12-12,519446a115f9260dd7af4dda99afd8be,2017-11-22
0c557a5449164d3001dc41d9bcb3298e,19da592ad920d9fb1803c6c44742b2bb,delivered,2018-06-26 14:42:55,2018-06-28 02:15:40,2018-06-28 15:11:00,2018-07-05 18:16:26,2018-07-27,23f1d64e42e89afa1180249ea3578f9a,2018-06-26
c00620529457d989d0a9e9e68062828d,28ce228fb1a04fc1fdad9c6701e04b8e,delivered,2018-01-05 21:28:14,2018-01-05 21:36:23,2018-01-09 21:15:39,2018-01-17 09:44:15,2018-02-02,9e0eeac859696f75506e2cd59bf7d407,2018-01-05
7c01abde845d563a594a467b6a2afb67,5524a27b081b2e80b7c3efac832e4db9,delivered,2018-04-21 11:13:04,2018-04-24 19:08:43,2018-04-24 19:32:48,2018-04-27 20:58:25,2018-05-11,189083a27b0603ef266e08de7abaf159,2018-04-21
3953deef7b2a9104cefd114e1219bd9c,aec85558896424034ea880e902abbfbd,delivered,2018-01-10 22:19:44,2018-01-10 22:31:31,2018-01-11 19:24:40,2018-02-04 20:25:26,2018-02-09,857c955ccba8278c84429f96b5911fb2,2018-01-10
03bb0baa2f30152130d3d5df8e44507e,652dd9e1eab2777d504a091894b1d2fe,delivered,2018-07-01 09:05:17,2018-07-01 09:15:11,2018-07-03 08:50:00,2018-07-03 23:26:52,2018-07-17,805922a35a678927e40dac9c79a1971c,2018-07-01
73d7d0526bf2242f422fb6c85751dce4,b540f2ed0a81891a303aab176a4f21b3,delivered,2018-02-11 12:28:50,2018-02-15 04:07:09,2018-02-16 00:16:08,2018-02-26 21:45:34,2018-03-15,0d52f8cd8892f109a15803df169113b6,2018-02-11
4a580bca631a940ffc9e25c96da01773,dbd8419d89e2d12f79322167e68e6225,delivered,2017-08-01 19:24:31,2017-08-01 20:10:17,2017-08-02 19:07:36,2017-11-09 18:08:54,2017-08-23,0046311f458d8041b00063cb99482903,2017-08-01
b4b86df50ff2b7209ced1549d9ea4b2e,a2a0ae5761e112d438da0e090c450de7,delivered,2017-02-28 13:45:30,2017-02-28 14:55:08,2017-03-02 17:59:09,2017-03-20 03:57:49,2017-03-24,e10e22d48ee19a46abf07ec3a2304581,2017-02-28
48d6606d196e08050b39ccc0df9ed44a,58cddcea1672315e0615172f0de43760,delivered,2017-05-02 18:52:34,2017-05-03 15:32:06,2017-05-04 13:59:12,2017-05-26 15:37:44,2017-05-25,7f008256d2236f696ea3a0d80efb2252,2017-05-02
121e0f10f4428cad6b8e0c2f584c822f,d7a55b5d962e407ab6a2eacc70b79ecc,delivered,2017-10-03 14:33:50,2017-10-03 14:49:24,2017-10-05 19:15:02,2017-10-13 21:06:31,2017-10-27,1335650743763dbfefa9385784a1548f,2017-10-03
aa6bad8e7c086d7f65fbd2dd0131cf84,d7316275d71440d2ac7993048c3b3428,delivered,2017-08-12 17:27:21,2017-08-13 17:46:12,2017-08-15 21:42:21,2017-08-28 20:19:41,2017-09-05,4eb66fb65cfd465ee9929bc5c8ca54b5,2017-08-12
68b333c4526357221cb49747a5a78d06,6cd0a1dbcbef4f215e1adee2700a98dd,delivered,2017-08-02 20:07:42,2017-08-04 02:25:07,2017-08-09 18:07:48,2017-08-26 18:26:45,2017-09-01,85c3bb310cb9c2f7bfeb0bbf6e64ef78,2017-08-02
94c0774e80f38694744a5ae2bcc9e1aa,4f701e1240fefffa5f2b81643aff7dc3,delivered,2018-02-13 21:07:47,2018-02-13 21:30:29,2018-02-14 18:13:02,2018-02-26 22:49:42,2018-03-07,2b74004bfe2f72d5970c27de1f36dca5,2018-02-13
47206fff1e56391bf30b5acbe7f5f7a2,f39bc18f035964de38084ac0acd1b4b3,delivered,2018-05-18 19:11:20,2018-05-18 19:37:31,2018-05-21 16:02:00,2018-05-22 19:08:59,2018-05-30,0a510d783e7645bb4b031113c62e2064,2018-05-18
2c3d5c98d6c8420829506e18388bf118,b667e63ff91291e5b53c4690017a016b,delivered,2018-04-23 12:04:39,2018-04-24 19:24:14,2018-04-24 03:18:31,2018-04-26 19:58:45,2018-05-15,44adda057b51a700d1e287783b02516e,2018-04-23
b6e63e74aff84a068fdc1b41e9ac29ea,f0375e81392cb7499b1139be16fd21e2,canceled,2018-08-07 10:44:34,,,,2018-08-21,1aa4ee2488e66eb75eac7abb47e5a2ba,2018-08-07
8a9dffcf22392c73f48cc12ad332af30,73394d273601d0e0e4d2445d854a6e40,delivered,2017-05-04 15:49:06,2017-05-05 15:55:10,2017-05-09 15:07:05,2017-05-22 17:29:58,2017-05-31,d2d3ed262b31f2bb50932fd0b1ab5df7,2017-05-04
94334c434972d5f591d2e72330935d25,7646338721482cc1c3429c76ae261c94,delivered,2018-06-24 17:15:56,2018-06-24 17:34:13,2018-06-28 12:25:00,2018-07-03 03:52:32,2018-07-31,b8c6b346f7d03ec4b422622476ed05f1,2018-06-24
cf5b244fd1f7002efc7929be945f1d44,c05ffba0ae84172ddd1098226dfd91ea,delivered,2017-07-16 21:23:35,2017-07-16 21:35:18,2017-07-17 18:12:03,2017-07-31 16:03:03,2017-08-09,abb86f8755d3600bb1ffbd8ba0b5d6b1,2017-07-16
d217a2d8cec27a4d5ab7600ecb95826b,7d7f08e05db9522cd32a297786532d45,delivered,2018-07-26 19:41:13,2018-07-26 19:55:22,2018-07-30 13:45:00,2018-08-06 17:18:55,2018-08-20,62967b91729dee7de7cd8e03dfcde0c8,2018-07-26
a14932a44ab80c8a470ee1786eda7573,e03f075e4099e9ba86adf3e9cf26e5fd,delivered,2017-04-19 13:19:04,2017-04-19 16:02:15,2017-04-26 09:21:58,2017-05-10 15:22:17,2017-05-11,b9b3400f60409ac508c796fc4e1a08a2,2017-04-19
50cf0f713c1a9c9c9bdfbbf31b00eb48,bdf6da5d10ff52dbc752045458fbd9c1,delivered,2018-01-10 20:52:38,2018-01-10 21:08:31,2018-01-12 01:15:41,2018-01-15 16:18:46,2018-01-29,36bf9f290293cce35e02370a638f8665,2018-01-10
58626c8b17b76c4f503f07fd549f6f7f,7e83d91f236e18e97e18b2ce8d199651,delivered,2017-12-26 12:34:34,2017-12-26 12:48:59,2017-12-28 18:39:05,2017-12-29 20:10:22,2018-01-16,2a17d0a71f5910d7207819f9ca9ec12b,2017-12-26
c53b00321eff208e49b227422eec57d0,0cd67820f456209bfe3d280797e577d6,delivered,2018-05-03 23:42:21,2018-05-03 23:55:07,2018-05-07 16:12:00,2018-05-15 15:56:56,2018-06-05,ae1d1e3aace44aeae97187488325c43f,2018-05-03
1c790cabe9e75245d8ecda194566be2f,043b1864088fd7fe08ec3c39c9a28f9b,delivered,2017-02-27 16:01:28,2017-02-27 16:15:09,2017-03-02 13:29:09,2017-03-06 15:06:18,2017-03-20,0a770372585a5c602356287eeef0db10,2017-02-27
18a83c7532fc2dc3a10fd55ff3655588,b3748b59b5f937fbe6e7c111a06e9476,delivered,2017-07-25 20:50:09,2017-07-25 21:03:18,2017-07-26 16:29:50,2017-08-02 15:53:27,2017-08-14,eac4d155d859e02198421640b89d1661,2017-07-25
b830151a31b4a50240340fa048e7ff31,a31ca5db9ef5f148f11d4e36253aebf2,delivered,2017-11-26 09:38:34,2017-11-26 09:54:28,2017-11-27 18:52:27,2017-11-28 21:47:52,2017-12-11,789a1461cdb1ad5720115b4f07cd115d,2017-11-26
923c12ba1eb9e34963ef46a793e0891d,7d09bfae900907e48d6242022ce019d2,delivered,2018-06-04 18:30:50,2018-06-04 18:50:12,2018-06-05 13:41:00,2018-06-10 13:41:36,2018-07-04,d55c4e24ce88955325add11ef75af1e7,2018-06-04
9753266fd3691e80807befa94a344891,f2ac77c534d123cc57a24825215a8aa3,delivered,2017-09-06 16:58:02,2017-09-06 17:10:22,2017-09-08 20:12:41,2017-09-13 23:22:19,2017-09-25,8cb75731a273181c8e81f79cf217ec84,2017-09-06
af5d451462c41ba96112208443d3b4c7,e8819d4edc69f65b7873e7c4d458695c,delivered,2017-09-23 22:22:42,2017-09-23 22:35:14,2017-09-25 16:28:00,2017-10-07 15:51:32,2017-10-19,d0175fc564515a47e95bcfdf40e6bc07,2017-09-23
65b9fc7c003b0fa663d00ae47abbf012,0a19df098ca05e7b026022a068f216f4,processing,2017-10-15 16:12:14,2017-10-15 17:08:37,,,2017-11-01,98604f5822a62e29afd0aab27caba202,2017-10-15
46e889af10459a1b39f2be47d8729a02,b21f7decb04caeb2ac9eb6095e4626ef,delivered,2018-07-29 09:43:36,2018-08-01 16:31:44,2018-08-03 14:20:00,2018-08-10 05:32:48,2018-08-10,d0132f2e4128ff5576a031d0273fc6b4,2018-07-29
2a301a7ce18d62a743d2cdf9555c15c9,1ad269ca33deffffae8da0da0d0e1945,delivered,2018-01-13 09:10:04,2018-01-13 09:17:22,2018-01-16 18:54:24,2018-01-22 19:47:38,2018-02-05,be1260dad3086722476fab71d901e890,2018-01-13
33b85e6449a3f1684051b4a02f871871,c3cd038d997ea6bbea55217829a7d158,delivered,2018-03-11 10:15:39,2018-03-12 10:15:42,2018-03-21 21:04:42,2018-03-28 21:56:36,2018-04-09,0aa1ab39ff2b837c05d7c9ff85b6d983,2018-03-11
fa4c62edb1f2755aa57bf4c59a46f8b8,1cd0357869324c7e19803a7bafe707a0,delivered,2018-03-04 12:02:05,2018-03-04 12:41:34,2018-03-05 19:04:47,2018-03-12 23:14:49,2018-03-26,982c96a47b0a4f79d61a4a9fa5295766,2018-03-04
b079c98bfa00c43a0fa13df10b7d9d2f,17887d2c567172820aea8be8d25f34d7,delivered,2018-03-18 23:01:48,2018-03-19 07:08:08,2018-03-19 19:24:49,2018-04-06 18:58:33,2018-04-11,19759427b9c94d4f7e25373d0410107c,2018-03-18
650946d9a20196301619044e07d27c3a,0101e1c05e39f58731e21081f3ea410a,shipped,2018-03-09 14:16:46,2018-03-09 14:30:38,2018-03-09 23:42:38,,2018-03-28,c773ba7864061bda66e16cb2aeb7d8ac,2018-03-09
dbb0da1abcce904dc52dd60ae31d5c12,e8b585de845954e2d1e4cad1aaf32167,delivered,2017-03-05 19:19:22,2017-03-05 19:30:17,2017-03-08 13:39:02,2017-04-05 12:58:29,2017-04-06,142f18a4a7cd370e40b64f34baf14a6a,2017-03-05
a83773e7d7b0e1f26e479bd883cf744a,e98b542a840352aaf7d87f7d9f15f24a,delivered,2017-06-19 14:05:47,2017-06-19 14:23:17,2017-06-20 13:48:47,2017-06-22 18:34:55,2017-06-30,ba877bd20f4fc0198b9627ec48ed01a8,2017-06-19
15e85e81d299aec57b1bbdba38422dff,5329a1b285ac348481efc2734780fa37,delivered,2017-08-15 08:31:44,2017-08-15 08:45:13,2017-08-15 19:22:29,2017-08-16 17:47:37,2017-08-28,cf32aeb4e8a323e6499a573ac5c90326,2017-08-15
cbf3df6a869d7cafcbab3096706ec7a7,404bc4f331361fa69eac240e6e2d6431,delivered,2017-05-20 14:17:44,2017-05-20 14:30:19,2017-05-24 16:54:57,2017-05-30 13:07:13,2017-06-09,3724bfc68569cc4df876284536b8add9,2017-05-20
f27705c756d5861edbbc8ad2191c5dfe,9b4377673a98f0fc33e7f4b78af63878,delivered,2017-12-11 10:24:07,2017-12-13 02:36:39,2017-12-14 15:59:05,2017-12-18 19:29:10,2017-12-28,cfcadf97c3ae58050350449f27e129ff,2017-12-11
ab14fdcfbe524636d65ee38360e22ce8,bd5d39761aa56689a265d95d8d32b8be,delivered,2017-08-23 09:22:34,2017-08-24 14:30:23,2017-08-25 20:07:36,2017-09-02 12:13:03,2017-09-21,698e1cf81d01a3d389d96145f7fa6df8,2017-08-23
156ba06ab4556cd19613dca1cefa9f7a,cb196971e6f67237a41f2fe6235bbaf4,delivered,2017-08-08 13:44:39,2017-08-09 17:35:08,2017-08-10 20:52:10,2017-08-21 21:59:58,2017-09-08,ed0ab782b03b402c0cafde88067ff9d2,2017-08-08
154296963babe7e6f491818cb07b17ba,bbf72dd998cf3a7eead87da199b0bafd,delivered,2018-03-25 02:00:32,2018-03-25 02:15:25,2018-03-27 19:48:48,2018-04-21 02:36:39,2018-04-20,8066fbdade39660254866b743cf22ec8,2018-03-25
1306d7999cdd320272eeea20f5768b77,fe89d4293f6810dcfeffd77a09f0969b,delivered,2017-01-25 11:59:47,2017-01-25 12:10:26,2017-01-27 14:21:21,2017-02-06 08:57:57,2017-03-10,39aa89a6522cd9e2fdc69f5165bde5f5,2017-01-25
e31a910f74f5bbf483db4595290864ca,1222383916b5fb69b50cdfc3cdae8d7e,delivered,2018-01-23 11:37:54,2018-01-23 11:50:54,2018-01-24 16:53:21,2018-02-01 20:07:54,2018-02-15,d22c371365b88420a4d188f3f0cdb719,2018-01-23
7af19e6546276fa1499ff63f7a0e9c38,dce6ce40ec25a2791ac7d3be81306724,delivered,2017-06-15 00:51:04,2017-06-16 00:45:29,2017-06-22 15:06:44,2017-06-29 16:03:38,2017-07-12,55a2c780cc65e883981402b88dbd44d7,2017-06-15
93b4851a0e1121b652d1a222c342dc71,462c4dacc0634811647e5ca3b058796b,delivered,2018-06-25 18:56:32,2018-06-26 19:04:28,2018-06-27 08:07:00,2018-07-03 22:48:51,2018-07-23,9c68f6365f1de11ca985db5b5d93bc72,2018-06-25
ca0f56eab306ab99911de4c96727a104,3d65e1ccf1a3b05e204ed59e8e14af82,delivered,2017-09-12 15:25:10,2017-09-12 15:35:24,2017-09-14 17:22:49,2017-10-11 21:05:37,2017-10-09,5155682f49f6fbfd4591325435282eb3,2017-09-12
cb415863b9b9ae1341b2deaebdc88c9b,292fe6d44f8a0af68671aabb4682a730,delivered,2018-02-06 17:30:15,2018-02-06 18:22:10,2018-02-09 14:13:22,2018-03-02 18:09:00,2018-03-02,4c9b3ef0fd7298b3ed6dbe0ced8893ce,2018-02-06
f793221c7202ab7ce7e593ca2e03f073,a45c2998d3e73572829497e5accc1fc5,delivered,2018-01-26 13:53:45,2018-01-26 14:22:01,2018-01-30 14:18:31,2018-02-05 14:28:48,2018-02-22,28b65564d4ec3ac1d05d409d2567909d,2018-01-26
9e020562e720fd5b4120ccc4ae0132ef,b822f0e0b97e90832b5bb6f3acaa018a,delivered,2018-07-04 13:57:07,2018-07-05 16:21:59,2018-07-05 14:47:00,2018-07-06 15:46:28,2018-07-17,5f4d6d5c6e1ba4dab244532c3e2c9486,2018-07-04
071ff3583bbaab9f38f020af7006a3d4,9dedefb2102df32419fadb1acee34af3,delivered,2017-04-05 17:58:31,2017-04-05 18:10:20,2017-04-11 14:03:44,2017-04-17 10:47:50,2017-05-02,d7624d219b6ffad980e91412174db310,2017-04-05
d96b7c2964abbbf7ed9c2765fd25c8f3,dd23ec2d93f81b2da50b3e885e998982,delivered,2017-11-23 13:29:30,2017-11-23 13:37:32,2017-11-28 16:51:46,2017-12-05 12:38:55,2017-12-22,78739a45a632f086cc56095b52ab4cdf,2017-11-23
1644056a29868cbba3251a81fae0e1f8,514d245478527fb1e8d46343998eb125,delivered,2017-04-28 23:04:22,2017-04-28 23:15:19,2017-05-02 09:34:43,2017-05-24 14:21:28,2017-05-22,ea9e856c50a3bc3c3afabba6e027d482,2017-04-28
a136f64eb4846d19773f6c26502ccdc1,2580279043874e8b93f83bf7c091e6c0,delivered,2018-01-06 19:37:52,2018-01-09 07:23:06,2018-01-09 16:27:19,2018-01-11 21:19:52,2018-02-08,68a23739ae7c7070369d92fb979914e2,2018-01-06
954c5fe96200cd412c34347e9ae9ef90,6986d823ec7bf5f71f3ea0cb2d60eaa9,delivered,2017-08-03 22:19:11,2017-08-03 22:35:13,2017-08-07 19:08:34,2017-08-08 12:47:15,2017-08-16,64c8d3a6569ef903436cce9508324f8a,2017-08-03
2ef2818bc1477c39bc32b093812b85e8,1c436aa3c85f978a78df59eaca01ede3,delivered,2018-05-28 14:33:54,2018-05-28 14:50:31,2018-05-28 14:33:00,2018-06-04 19:33:47,2018-06-29,0831677c0910d6a1effef95c5836b5c5,2018-05-28
bc878545684a3c5063d67725f1113ad5,df0cfe25bfb9db0e491a9791fafe70ec,delivered,2017-08-07 16:06:52,2017-08-08 16:15:10,2017-08-09 18:28:07,2017-08-25 14:13:07,2017-08-29,316e64f500c9c546f11bdb5d22bfc7b8,2017-08-07
bfc653d1beeb620b62d4cee364228609,c9b80809b3b8f22d3b35d58beebd6408,delivered,2017-10-28 14:54:14,2017-10-28 15:10:11,2017-10-31 15:40:04,2017-11-17 18:24:41,2017-11-30,1515e9ea01332529a1fb28f610f174ac,2017-10-28
bb8b33cf13619f7da613f72bb3bbc849,fb1da6db5e0d958776866053e9f8bf5c,delivered,2018-06-09 10:51:47,2018-06-09 11:11:08,2018-06-11 14:15:00,2018-06-15 22:22:42,2018-07-03,52f390de7fac83a1832750d64257d783,2018-06-09
148988b3acaa4d165fe1b3cfeff74a1f,8e7acd795f393bba117941db9fbbe18d,delivered,2017-05-21 08:00:06,2017-05-22 10:42:04,2017-05-23 12:34:14,2017-05-30 08:11:54,2017-06-13,a39d3092eb769ab404416763f602d663,2017-05-21
9767781031663fd584e27336a14ee5a0,33cb709a35a14f28d9783682d9ec187e,delivered,2018-07-05 15:28:26,2018-07-05 16:23:12,2018-07-06 11:14:00,2018-07-10 15:52:34,2018-07-27,8b67ca0fb59c9b4c11a9e6112a27b5fd,2018-07-05
47d3007b20e49d9119fabdb9237374c5,90d6f3aabf7ecc12af4416177c85bc11,delivered,2017-11-07 14:16:21,2017-11-09 04:31:14,2017-11-09 18:22:27,2017-11-20 23:17:46,2017-11-28,f6d542c63daee6bf582e288e075a8f32,2017-11-07
d945b34dccad9963b8affdb070378de2,a0509811b0419fddcd821664a7309aaf,delivered,2018-01-31 14:42:08,2018-01-31 15:20:55,2018-02-02 02:10:04,2018-02-16 01:43:11,2018-03-06,21ed3605d8773a4335e4d7bec8459745,2018-01-31
60e67382f21910dba1cafc875da0c1ee,be7b8905ffb39a2116e2fbcf8ecea2f8,delivered,2018-04-19 09:04:08,2018-04-19 09:15:10,2018-04-19 23:41:19,2018-04-21 00:32:51,2018-05-08,4103a0dc80bfb7f70070bdef1e78841d,2018-04-19
a725f913c3df1559afef9ba684eed503,d6537c7aa1e3694ad678237dbdcebba4,delivered,2017-04-26 16:41:30,2017-04-28 11:41:43,2017-04-28 12:37:34,2017-05-09 14:43:07,2017-05-19,783c5eb3d74ef5ffd44cb350a1c75a8c,2017-04-26
e85838fc4062fcfb38fe191fb42660c7,2a661d8e26276c9668453ced518c37f2,delivered,2018-01-16 10:39:19,2018-01-18 02:11:40,2018-01-19 01:24:40,2018-01-29 19:28:57,2018-02-21,e0cb0d06ad395bcd01faee517e791fed,2018-01-16
df3166e4db1badb2414e9e95790a1771,0f4dc8c2ac6d18e946192066eff7fc5a,delivered,2017-09-27 23:52:43,2017-09-28 00:07:18,2017-09-29 19:38:41,2017-09-30 14:22:26,2017-10-13,f70de0640893e83aa2ec87246ebfcec1,2017-09-27
30597759d1d7db03d11b1fd56b1fcfd2,c6f626e33c38ee4bac0c4fe01bf3d932,delivered,2018-01-24 11:30:22,2018-01-24 11:42:24,2018-01-26 16:12:16,2018-02-09 19:29:03,2018-02-26,94c56721aad10773d45b0edad65be0a9,2018-01-24
dc70ac8fe045f98aac3bc1c2797f6788,869b5960dd03676a74c661d62d2f4b05,delivered,2018-04-23 12:21:20,2018-04-24 17:22:01,2018-04-23 23:51:17,2018-04-25 16:19:27,2018-05-10,025ef887ab57255584e60873ea086144,2018-04-23
c69f7508f4c5846fed84591077e583c1,746b45780778b0a23bd60a088b891959,delivered,2018-07-03 19:04:57,2018-07-05 16:32:04,2018-07-04 14:44:00,2018-07-05 19:18:36,2018-07-16,8cc29ee0f7c5b87cfddf1ba2403bb88f,2018-07-03
79597476f66eca86b13c1a7220db1d1f,0d0157836ae407f0f9e6d9a512694973,delivered,2017-08-09 22:30:26,2017-08-09 22:45:16,2017-08-10 18:57:27,2017-08-15 11:47:29,2017-08-22,549b6b8f650babbc41116259ed2943d0,2017-08-09
037f15d346c870059c0e6f4275a01206,44b387496ce8c6654019503566f11029,delivered,2018-05-27 10:25:22,2018-05-27 10:35:15,2018-05-29 15:13:00,2018-06-08 18:41:17,2018-06-28,72558f8353b34b1e070f6806b62fad28,2018-05-27
353058e48de63e5ebcd90bacf5329d2b,8c9648b0693e8e5dd9dc3acca916d709,delivered,2018-06-01 14:03:33,2018-06-01 14:15:19,2018-06-01 15:35:00,2018-06-08 16:22:14,2018-07-24,1a2c61fcce8ae0801da7992694d54c69,2018-06-01
6b3ee7697a02619a0ace2b3f0aa46bde,21a6abdf0197fbe57451bd0a1d3c59a2,delivered,2016-10-04 17:08:39,2016-10-06 15:46:02,2016-11-07 16:53:44,2016-11-21 10:38:51,2016-11-24,5fc74f8947fe099b44a20bde30661d83,2016-10-04
6f31debad3e2a2d5613bd6deb3a6ebbd,ca6c10d518198f319bd90d14d5645ef0,delivered,2018-04-13 11:09:18,2018-04-14 02:15:20,2018-04-16 23:26:56,2018-05-02 23:30:53,2018-05-11,315185ccc582def35c19322629bbb275,2018-04-13
e35bd284b205ea082108ae3703c84428,ac8e62b68c0a8fd4d4eb818903300c68,delivered,2017-11-10 13:42:22,2017-11-13 07:50:30,2017-11-14 16:09:51,2017-11-22 14:12:32,2017-12-05,9b85684cedccb35b49cbad4fcfe04417,2017-11-10
d2ff5b42260cca46928e3d9e27201c13,8bee272411a353ca2acf026c0860d24a,delivered,2018-02-24 12:42:16,2018-02-24 12:56:10,2018-02-26 19:14:59,2018-03-13 15:38:51,2018-03-28,98fbddd608f5cc0bbb6c202e48629782,2018-02-24
42fdc0817cb49d77bca55ffa9892c2fe,642d384dec6ec1959159dd012f83a7ce,delivered,2017-04-10 09:59:58,2017-04-10 10:15:15,2017-04-17 10:43:48,2017-04-19 14:03:26,2017-05-02,1da6142cc08a390d56aca00ca0bf334e,2017-04-10
83ac7baaa477085adfafa311103efaf5,2d90e35c08e9844be3e33d7be88d5d7b,delivered,2017-06-20 18:52:33,2017-06-20 19:03:46,2017-06-23 12:04:21,2017-06-26 14:42:10,2017-07-03,bfc84496b1100cbbd83a6f8087526168,2017-06-20
50e8eff30cc85b5bf993d52785bc082a,d1d4697472a54768704161ab0d713a1f,delivered,2017-11-19 00:25:06,2017-11-19 02:18:00,2017-11-21 16:21:28,2017-11-27 18:07:08,2017-12-07,5d9f42453f12815981c981caf51a9b30,2017-11-19
cec04b13070b06e2f7326de94287d60d,15359860c7341b2f6b12259d83c2e697,delivered,2017-04-24 12:16:12,2017-04-25 06:35:40,2017-05-15 15:45:56,2017-05-22 17:36:55,2017-05-19,52d8a619dff23c2985434b25e9862ff8,2017-04-24
9827713c2434c817eacd058f8dcc5628,4bec36f049ff3fbeaca9ecafcfd3baaa,delivered,2017-09-24 22:09:17,2017-09-24 22:25:52,2017-09-25 19:57:30,2017-09-29 19:41:48,2017-10-18,cd3f3bba0eb759e04a4c37abaa9bd9c8,2017-09-24
ccdb48549002b54a62ba6d41ee492980,ef70f1da408a89c29f59537e43f5e726,delivered,2018-05-08 17:16:33,2018-05-08 17:35:41,2018-05-09 11:19:00,2018-05-16 19:22:29,2018-05-25,54c1fe8356c02280a34c447ce27372db,2018-05-08
9eed56c2c8e96a33f6f266f2437d0897,5c81f8b0458e12a4cd7db4a88474a4ea,delivered,2017-11-07 12:20:13,2017-11-07 12:30:32,2017-11-09 21:34:32,2017-11-14 17:21:15,2017-11-27,cdf5eab044412e953f612ae5ef37a21d,2017-11-07
f45d4aa8bc99c39436fe3636932ea53f,5893ebdeda7eec3e99a4103bc4b2fa7f,delivered,2018-08-16 23:08:45,2018-08-17 08:35:09,2018-08-17 15:37:00,2018-08-22 15:42:59,2018-08-31,0c303bd1eccb3d9bcda642c900a8e336,2018-08-16
455bf541177a461fcbfa125d0f9bcf86,e6ae48a024a916639572dd4f405662f1,delivered,2018-05-12 18:33:49,2018-05-12 19:20:26,2018-05-14 12:54:00,2018-05-17 17:52:17,2018-06-05,311787523e8a6ac3c3edc54c301c3a52,2018-05-12
e19633c5f388df807021cded7372d3bc,9491289f2b9087e69c474fb8d4436e10,delivered,2017-04-04 20:56:04,2017-04-06 02:45:37,2017-04-06 13:11:08,2017-04-13 16:34:23,2017-04-27,c51a1ea9fa9851c70f89d1178c861150,2017-04-04
52952afd06db1fee0c2227c8a80ac7b2,fb40a60be9fa5661627e0f22e666c166,delivered,2018-06-12 18:30:39,2018-06-12 19:06:14,2018-06-13 12:04:00,2018-06-18 20:21:14,2018-06-29,78f62bf893f2bac14b9f41b4def18ddb,2018-06-12
33677835cbfd6206b10d3ee75b6142ef,67cddce6a950f9af839be8e688f9f287,delivered,2017-09-15 22:45:30,2017-09-18 10:25:16,2017-09-21 14:38:08,2017-09-27 19:38:48,2017-10-03,ea75fb7f0c8d3cee2a7bfbef96074956,2017-09-15
3ddb908d6c179cf271282116f4c5011d,2e6990e0520cc0e70dda5a2d5f8c4826,delivered,2018-02-03 18:56:24,2018-02-06 03:50:59,2018-02-08 18:36:06,2018-02-16 15:47:30,2018-03-02,5d5e35b7046a3e52456661ad3addc467,2018-02-03
b57ca1f22bdf63514677b6e584ffd542,21208dd265c658ec303db39b5c49abf3,delivered,2018-07-18 16:29:26,2018-07-19 02:50:10,2018-07-24 14:14:00,2018-07-25 19:33:37,2018-07-30,0d438f4ed85a1dd9a50341954a7221be,2018-07-18
257c6a3b68f7f459fa6818454d997e39,8c2509858698ccdf0c06d486bf671dec,delivered,2017-12-13 11:08:08,2017-12-13 11:30:45,2017-12-14 16:46:59,2017-12-16 14:21:35,2018-01-02,e0e3eaa3330d98b1b65cb8c780cc57b5,2017-12-13
fca312dc89356252ea94431b39df1d4c,a5f1810d806f61c3f5c8df1162d2a3e3,delivered,2017-08-22 22:14:40,2017-08-24 03:10:19,2017-08-29 19:56:07,2017-09-05 21:14:15,2017-09-20,d7b8eb57da5f45b047aadc391d796f95,2017-08-22
7d613c8e230ae48ff60df85bdbc794ab,d4e30ecc9f1d562a3af5203984e7f5b6,delivered,2018-03-28 15:56:45,2018-03-28 16:08:19,2018-04-02 23:49:02,2018-04-10 19:38:39,2018-04-16,05a0d2f74bfcf5c9f349eeff7939ce76,2018-03-28
23a868333bc15837fc68d57a8287bf06,b7b0527953105fd885d113399210bce2,delivered,2018-08-03 20:09:08,2018-08-03 20:23:59,2018-08-07 15:49:00,2018-08-14 17:41:44,2018-08-15,b0b2202419a2c8686c41f0f20bf2c55d,2018-08-03
f24cd74db6ccacf156b3f8061a765a38,37c1966d2e9025108649bddf9522f3f8,delivered,2018-06-08 17:39:28,2018-06-08 20:31:53,2018-06-11 06:59:00,2018-06-25 21:04:31,2018-07-17,3b1a140b3e265fc3f94bbcfbdaaab73a,2018-06-08
315acdfb2c37361764220e9dd270c41e,ec15d7f50570970a15f54734bb692e61,delivered,2018-02-18 10:52:55,2018-02-18 11:55:28,2018-02-19 20:35:22,2018-02-20 20:56:37,2018-03-05,5447e8d5a38d0ccdda2a48152214a416,2018-02-18
2aa0042bec435a3f376f52dd3f9d955b,98debaf4566c7e7ea52a59d2a40bde22,delivered,2018-02-06 08:36:27,2018-02-06 08:50:20,2018-02-06 17:11:56,2018-02-16 17:48:37,2018-03-07,8934820b5e398023ff899c26d960efdd,2018-02-06
f8571f355da1f3a55b8e264558e8e1f9,092c59785bad44d0412797caf8867e5c,delivered,2018-06-01 16:50:43,2018-06-01 17:13:27,2018-06-07 13:50:00,2018-06-19 18:24:49,2018-07-13,5c4f76d4e8b8ca0dc5119acbf1052223,2018-06-01
405ab8184e07bfa663f7627527c96049,2f4c70dcc8ecb401ec2a1c43c3e777ee,delivered,2018-08-07 23:51:28,2018-08-09 03:50:15,2018-08-14 14:15:00,2018-08-20 23:48:54,2018-08-28,746cee402ac843df98d143ede25ec692,2018-08-07
20ce4fa87bcbac1808a7c504a7273ea7,230cf8e3ecf2c40452fa4d9d18857e0b,delivered,2018-03-07 19:58:38,2018-03-08 11:30:33,2018-03-09 18:28:33,2018-03-15 17:55:43,2018-03-23,5020aef3a0df22029566690da49bf51f,2018-03-07
9a2b18c71bc6f8f5cea13c0cef840ac5,f576d271960a9c1659594f2d28651ae7,delivered,2018-04-04 09:24:50,2018-04-04 15:30:17,2018-04-19 23:32:52,2018-04-25 23:06:48,2018-05-15,848d2862ad1c0e8e60e7c1076a235e67,2018-04-04
1a9d1688e994626c7556948cfdf0cc5b,96e73afdd933dd663fb9f14e09f5ee35,delivered,2018-03-15 19:45:36,2018-03-16 03:45:18,2018-03-19 15:03:43,2018-03-23 21:49:56,2018-03-28,0eac440a6e4dd2e1ebccc673f295e0fd,2018-03-15
d4c0ebae1ec07474b7d092a62b469f6d,80b2dd0afbb9c18f5cce702acc2947b9,delivered,2018-03-20 09:21:07,2018-03-20 09:30:46,2018-03-20 21:27:52,2018-04-05 21:26:44,2018-04-18,113a92a64bcdd41586ca217144478362,2018-03-20
6ca2f668191c33ed41c967acf4b9841d,4f568de074677b8b87aed460e1b9fe93,delivered,2017-05-20 16:07:06,2017-05-23 03:31:22,2017-05-23 11:20:59,2017-05-29 13:23:48,2017-06-16,93456039190d2a2c0cb5cc96b29bb9d5,2017-05-20
04453a84ff0126fdc05079cf18a34890,ecfa3f58947d84b3346a3634b233a259,delivered,2018-07-11 14:07:30,2018-07-12 03:35:14,2018-07-13 14:03:00,2018-07-26 22:18:31,2018-07-31,a84f2e0c0c6a263c966d30fc8b51fa0c,2018-07-11
33cfab47136079a808c8d12d7f61730b,b2d8576243e226f1ca060a707091e72b,delivered,2017-11-25 18:27:30,2017-11-25 18:34:11,2017-11-28 22:22:02,2017-12-23 13:43:22,2017-12-19,47543a17e6d9e2531d88d1f0b2e77502,2017-11-25
79ac95840d74737ded29fca0a680ed65,feb571b0b8e2ab5abe4f95cd88d0ccdc,delivered,2018-03-29 00:27:33,2018-03-30 03:10:34,2018-04-04 03:41:11,2018-04-18 18:58:38,2018-04-18,837efabafa918cc8dd1b906b9a093084,2018-03-29
1bfb96cdc9efb4a52f769d2833d992af,6fbfb8b2384f18f2f7aff6cf7d6fccda,delivered,2018-07-09 18:34:54,2018-07-11 03:45:48,2018-07-11 18:00:00,2018-07-12 20:51:27,2018-07-20,8760e3acfc7dab42c42bacbb7cbb4f49,2018-07-09
bdfe88d4db37adc80c492a6097dba6b6,85db54b09a38693e4c2ce4c613ce9ee8,delivered,2017-12-09 10:00:34,2017-12-09 12:31:12,2017-12-14 22:45:04,2018-01-04 23:12:27,2017-12-28,aeadc942e7429916b5121e2e3e03e4c3,2017-12-09
d15b4a7be0aedb9cd0f4330b1703b7c0,35ba8f2876a0059b2946b6674856c6dd,delivered,2017-09-07 16:56:45,2017-09-07 17:10:13,2017-09-08 19:36:25,2017-09-20 17:22:11,2017-09-28,ee877710f00b0566acd13ec1a6aac8ee,2017-09-07
a00b62f3da02851a10f9dabf2708cfb9,80770d52513e1f459d5a1abce7a10327,delivered,2018-08-03 10:01:41,2018-08-03 10:15:23,2018-08-08 15:01:00,2018-08-14 20:15:38,2018-09-04,6bc8adc69b9e5eecd65133b9824e3f96,2018-08-03
d2c57d721916c36343711be4e205ad5e,768a92e407af42c626da9a6868185fb3,delivered,2018-08-21 17:37:49,2018-08-21 17:50:18,2018-08-29 14:38:00,2018-08-30 18:36:27,2018-08-29,fc0b66df62531a772484f0604866e144,2018-08-21
b3aca462b5aca4e8bca35ac69f094e8e,a2d2c62f2102c803853e816591481692,delivered,2018-02-28 15:16:40,2018-02-28 15:30:59,2018-03-01 20:54:41,2018-03-12 15:52:37,2018-03-20,718d8b4e8fc93c9c7742d65ab8956837,2018-02-28
f625767e8c7655c497c96abfbc1d7771,e45214e727c4d66ac900b16953722fac,delivered,2017-08-04 18:34:31,2017-08-04 18:50:15,2017-08-08 16:46:44,2017-08-14 21:14:58,2017-08-28,77507fc000998ee52cd2f9ae94a15b37,2017-08-04
5fc784387bea9241013e9ccd0f338038,61447f72ec2b337e735bcb5af2648098,delivered,2017-11-19 18:41:25,2017-11-19 18:55:25,2017-11-21 23:04:59,2017-12-05 18:58:46,2017-12-13,7baa53c871409eb1940b6b4188b7a8eb,2017-11-19
18eb75d1fa1fc1168de2bb0c4aa6dfd6,d3dbc41e6eaa97ba63d3d18a3860cba1,delivered,2017-02-07 15:46:30,2017-02-07 15:55:19,2017-02-13 15:05:05,2017-02-23 13:42:04,2017-04-04,6c57407371aad97722d7b24900e55923,2017-02-07
6b8e2ea47563307c21b9041ff13e3d3a,7b85982525589aa280870b2dd3d4fceb,delivered,2018-08-07 13:09:40,2018-08-08 13:50:15,2018-08-10 11:35:00,2018-08-15 18:05:33,2018-08-24,12123c52e19030dcc1a29f2bc5fa5117,2018-08-07
d412e855fc7d9c1019d9fcec73c0f7c6,203204fa07c4ebfad4d5c75079f32453,delivered,2017-09-21 14:00:30,2017-09-21 22:10:21,2017-10-02 15:45:44,2017-10-11 18:23:29,2017-10-23,e87c2e2e5985c5996ec20651a3d50fe7,2017-09-21
40b0b27e8d44ac649c24ff5e2a7afae1,e1a773b2a613cfb8be3b0cc1dec3c9af,delivered,2017-09-17 09:04:46,2017-09-19 03:44:04,2017-09-19 16:27:39,2017-09-26 18:33:37,2017-10-09,be137b4379f0f1c99e46d7c5ec7a4cdb,2017-09-17
29cb59b155735e49bf9d85d37f7ecd79,a7754bb175bf5375594d0c18deae3e7b,delivered,2017-03-24 16:18:29,2017-03-24 16:30:16,2017-03-28 12:15:23,2017-03-31 17:58:07,2017-04-24,2caf50a5b8ef9fb80ef39e54fb8c9f68,2017-03-24
4c66c3496efdc2ec571277fff303a631,cf07daf0688a1761ec0bff495ca12dc2,delivered,2017-03-02 01:37:13,2017-03-02 11:02:35,2017-03-08 08:55:37,2017-03-13 11:52:39,2017-03-27,ecb7651c7bd428e7405f3e23c46b4550,2017-03-02
69ffbfbfbabf0d4360c4deb0632b6f1a,922d12e7503bdd661d9b2d2e027cc028,shipped,2018-03-01 12:19:23,2018-03-01 12:31:05,2018-03-02 20:49:23,,2018-03-20,583a038af0b5874ed0570856d0468587,2018-03-01
06cd82bdf375dc9782609dad1a1d1d0b,add27410b616fcff8fbdc616ec5397ce,delivered,2018-02-21 14:42:21,2018-02-21 14:55:28,2018-02-22 23:15:18,2018-02-26 22:21:44,2018-03-14,cc8012f5e2a7535705ac219332d54092,2018-02-21
b88d2770687ac406cf224922ace6db95,ff34f9709f14bcc2edb11bcf86941751,delivered,2018-04-21 21:18:23,2018-04-24 19:23:13,2018-04-24 22:37:47,2018-05-15 16:35:10,2018-05-21,d349819e4ddd09c3604fe3cdc14d7829,2018-04-21
dc608454ac1f85d42db31f7d558afff6,d0472a32770b2d07b3746ba671268938,delivered,2018-04-02 18:23:58,2018-04-02 18:35:22,2018-04-05 21:45:49,2018-04-13 13:19:35,2018-04-20,e5aef4b8a3dbe19889e7bce52e8f0bc2,2018-04-02
964bc1b427d6a485b515efcab9985e68,45ee903a8b62062d099b7c58fb4cc127,canceled,2018-02-25 21:11:16,2018-02-25 21:25:23,,,2018-03-19,e4797a87a96bbc24c0680dcd456b5f81,2018-02-25
6dabb450123d01750d1b176ea59026a1,859f932eedd05cd8c8adb71320a3528e,delivered,2017-11-24 07:24:10,2017-11-26 07:32:40,2017-11-30 01:51:57,2017-12-19 18:21:17,2017-12-19,844feccfac495cdeeb37b4b70d5b479b,2017-11-24
6559f8884c6331e0364d9306262c779b,66c42657e2990cfcaf9bef048cb15337,delivered,2018-03-07 19:19:16,2018-03-07 19:35:30,2018-03-08 19:32:24,2018-03-19 19:18:56,2018-03-23,ca7db8a44dd63f0d5022cea8bac20ab0,2018-03-07
09d048d5bfb9dd1a82f696ce9863e9b0,fad67e7a03b7988057f8a83c285f36de,delivered,2018-05-22 21:20:12,2018-05-23 00:17:05,2018-05-24 13:56:00,2018-06-11 22:04:59,2018-06-20,4549ba22f341a2fcae487eec23de82f6,2018-05-22
5f8c25407710ac05d9b793cb61ff00be,d01a0d5f072e4a5c62456ef612fb85d4,delivered,2018-04-19 11:50:57,2018-04-19 12:14:11,2018-04-20 20:21:59,2018-05-14 20:06:37,2018-05-23,59a4828be7800b5903e049b4207fdd5c,2018-04-19
7bc17046c03d79b7224e16e8e75f9046,f771f5743af4ed1754adc479fd19dc1d,delivered,2018-06-12 09:39:00,2018-06-12 09:58:50,2018-06-12 14:21:00,2018-06-18 16:18:22,2018-07-03,76dc20b7a752666a5b6065f4c4800448,2018-06-12
c78c4581ef415a62752949676aee4b2c,d1620e380ac9119df0c9af90121f7fd3,delivered,2018-03-16 14:35:21,2018-03-16 14:49:49,2018-03-17 00:28:28,2018-03-23 22:06:31,2018-04-18,78ef40bbcc1da6661e3096262aae9863,2018-03-16
f8f1e1019197846c66b6467545bcc6b5,b87216a1a52934fb1f8b32cea9e43dff,delivered,2018-07-26 08:17:32,2018-07-26 08:30:11,2018-07-26 11:06:00,2018-08-02 21:33:43,2018-08-10,d2b9dfe20b92a2d5c91d07f74dfce9f1,2018-07-26
196f87a93cff28dd637756dbeeacd754,8f8eff2e14b61fdcc95c54b6a2074fe4,delivered,2017-11-22 22:42:21,2017-11-22 22:54:27,2017-11-30 16:23:42,2017-12-16 15:34:59,2017-12-26,92441a2a270a63272ba1222ea3e50742,2017-11-22
04304d72305054a178c81ab24c4d2d68,62015356bb2bebaed11bcc9bbd658a50,delivered,2018-02-06 20:33:06,2018-02-06 20:50:39,2018-02-10 14:09:00,2018-02-20 00:38:51,2018-03-14,f3acf8416de8f2e77e1ae7f0b379e642,2018-02-06
1166012db74ae7b2b443c002e1c0c019,9ece655f10c367e6839d25c4a46ad673,delivered,2018-05-09 20:10:03,2018-05-09 20:32:49,2018-05-12 08:18:00,2018-05-15 00:36:44,2018-05-24,b9683d6a646f9b6f7b0a1889d00e3154,2018-05-09
3f237a4d4808dafcc954a7667cd0ad0a,218df111659cc390e2aac26fe50dc702,delivered,2017-10-12 21:42:44,2017-10-12 21:56:18,2017-10-13 17:30:05,2017-10-18 23:08:50,2017-10-25,2447c3fbdad103e2709e2450186cee1a,2017-10-12
8bc4e989df64f2d8c2381c9718a0f963,b97d64297d152f677ab011594346f786,delivered,2018-07-05 23:46:37,2018-07-07 04:48:17,2018-07-10 13:44:00,2018-07-23 16:39:06,2018-07-27,9ab7e264a4fe8551657555d5bbdc6258,2018-07-05
0cd41d4323d14560d7b92ef270ec6a2a,f825769d284f18c195a406aefba84bde,delivered,2018-04-13 17:48:03,2018-04-13 18:11:41,2018-04-17 23:42:05,2018-04-25 23:19:46,2018-05-17,8dafb82f687e3b0dc9e97b4198b92128,2018-04-13
2db959b538f9d43d4e42321f2c1bf61d,4cacb8a14806d01a3197100d486be80f,delivered,2017-05-20 13:35:44,2017-05-21 13:42:26,2017-05-24 17:43:11,2017-05-29 11:07:53,2017-06-20,c4170812d07d13081582cf0c2e6c3885,2017-05-20
68c76c01adcebe5c1bd51c0aa817bb76,1c5ae5d9ecd145651526222e2bdb2fab,delivered,2018-08-05 11:01:46,2018-08-05 11:15:16,2018-08-06 15:16:00,2018-08-14 10:37:46,2018-08-13,d6498e8462ab6bb5f5e4811e4765cabe,2018-08-05
44623b600f074e7c76dc280274e437f8,f622cff2f3895f0d5dbbb6772c1476c5,delivered,2017-11-08 20:35:41,2017-11-08 20:46:22,2017-11-16 15:02:22,2017-11-22 19:28:33,2017-11-28,bfcaaed690e508471e9169e69f146324,2017-11-08
4242575865a8c4d5919561538ad8c6a7,5489d432eade5ee72322ecbddcafcd05,delivered,2017-05-09 16:54:53,2017-05-10 02:50:25,2017-05-11 16:14:59,2017-05-21 13:33:49,2017-05-26,5fc1e59a07212b7005468f6e080d667c,2017-05-09
3630513f30286ed696e4a2e36c79ae3c,2707853be7df8de3a4c4e8c718de99ba,delivered,2017-01-29 19:17:41,2017-01-29 19:32:06,2017-01-30 17:08:58,2017-02-08 10:55:29,2017-03-20,012e12f54f6e73b1faba89a119dab849,2017-01-29
464dcde4a46d816f4943dd22ac477629,07ffa8096f295bac24527f1364530297,delivered,2017-08-21 14:29:06,2017-08-21 14:45:05,2017-08-25 20:15:36,2017-08-28 16:23:50,2017-09-01,1372bab98f9966bcd4a6fa3e6df6dde8,2017-08-21
628c545b23b29ba5b8c94769cbbc6ed2,f01bafe85b52196f6e0246ef7227d059,delivered,2018-04-25 21:07:17,2018-04-25 21:30:12,2018-04-26 13:04:00,2018-04-27 14:22:49,2018-05-04,bd0262ae41696f8c658a360238285ede,2018-04-25
4fa933d3af1ace6329bd375b0be6398b,90553a4698520fdfd662f59faa2211b4,delivered,2018-06-13 16:09:06,2018-06-14 10:20:06,2018-06-14 14:45:00,2018-06-16 18:56:48,2018-06-26,8cd68947799e6c13ca21b72fca6a8cb4,2018-06-13
d436f5387d49c35277311bac09fd7d03,10de1d2f812b134f7659b081e1f72c52,delivered,2018-03-05 20:21:33,2018-03-07 02:15:36,2018-03-07 18:11:59,2018-03-09 03:28:21,2018-03-15,14f0772a08bd37d2037b42a9ff4bdba3,2018-03-05
fb39214284cf55a6cf26890f666e90a1,28dfc2aca610daa042f70f24daa45874,delivered,2018-06-13 17:44:40,2018-06-13 18:02:49,2018-06-14 12:52:00,2018-06-20 20:52:37,2018-07-05,e05992bb93fb315d4ccd6c0fc64f5f87,2018-06-13
90c1326a722fcac3511de49d6ba70b20,fe2627beb3efce8375da718334138080,delivered,2017-07-18 15:54:42,2017-07-18 16:10:13,2017-07-19 15:17:29,2017-07-27 17:45:44,2017-08-17,21b53fb647f1590cbcbb6b19aefa2797,2017-07-18
9eea7815889d95c5fbd5d314ebc40fe5,70d29bf70411fdb29533d204f5b6f821,delivered,2018-06-29 10:44:51,2018-06-29 11:11:33,2018-06-29 13:50:00,2018-07-03 20:18:49,2018-07-19,6b5d264c4c5420dc3bcfeeeb6e1e9ab8,2018-06-29
db487d71157d986ff993d6afc5de6ea5,06323ee39c5605bd9e243f9aacdcbae7,delivered,2017-10-17 08:20:36,2017-10-17 17:46:48,2017-10-18 15:14:09,2017-10-26 17:43:14,2017-11-07,cef3eb86907fa413c58ec9e925f39d7c,2017-10-17
b12b92b6a6b42a691ca688b4d7225153,c65e7b2bc42c66870cda484a1dc0cf6b,delivered,2018-07-31 18:46:13,2018-07-31 19:40:20,2018-08-02 08:42:00,2018-08-09 18:47:32,2018-09-06,61057bad69ef483f8dfe7d2a29434865,2018-07-31
14be6c27cfb9d577528738b7bb45139e,603e5fb8eb576575546d8880846aaac6,delivered,2018-04-11 08:07:56,2018-04-11 15:12:22,2018-04-12 19:36:21,2018-04-18 16:48:36,2018-05-07,fde5dcb254167dcbac0ba786916bdf75,2018-04-11
a71697ed5952ec8c72a86901131efc9b,fce55a0b30e94493f234e20d63c58411,delivered,2017-04-19 20:44:21,2017-04-20 20:50:19,2017-04-25 08:24:00,2017-05-03 15:19:57,2017-05-11,01e8bcc3377762cf85025138b2901947,2017-04-19
a21c53b6831965237f3ebb62bc6598d5,038b507a69c24aa9b525196d7a295977,delivered,2018-03-01 14:50:47,2018-03-01 15:15:41,2018-03-02 01:12:21,2018-03-20 22:38:43,2018-03-22,d37a3d536b73aaf6f4a526ac4032f460,2018-03-01
db22016bef74b6dc92aabe8713dd0eef,9fcbfd245cf9237bbf8a3499b0a62c24,delivered,2017-09-05 14:20:41,2017-09-05 14:35:19,2017-09-06 18:06:13,2017-09-18 15:02:21,2017-09-22,e4d800060f85d896b83b4c3e3570065b,2017-09-05
4d9a297fbfa9ba6d8d70c06d4bec9ca9,7454f64a4378ab4a3aacafdef6a1feeb,delivered,2017-02-18 14:36:48,2017-02-18 14:50:13,2017-02-21 13:08:06,2017-02-24 08:12:33,2017-03-27,c400a61d8b936f7d10930fc142a39407,2017-02-18
15c678abbfb30046bbc527e08721f88a,28906e836da1302f6be9abbb3738cb92,delivered,2017-04-26 12:43:22,2017-04-27 13:23:46,2017-04-28 10:28:20,2017-05-05 13:20:11,2017-05-17,581b99de2e551ed8dd889935346fde3a,2017-04-26
271cf6fbd3f70026fc60ccf8139f8a2a,051eeefd4cdba801dae1ab465d41636a,delivered,2017-08-27 13:18:21,2017-08-28 13:25:13,2017-08-28 18:16:32,2017-09-01 21:54:01,2017-09-11,9358c97fef93e77140be3c3436eb7af7,2017-08-27
c88935c0144ef18368420018e18f177a,ee7e21c28d1a65571f31b635723bbd4a,delivered,2018-08-11 22:11:28,2018-08-11 22:25:13,2018-08-13 12:23:00,2018-08-27 16:32:13,2018-09-05,dcd5b4583ea40a6ea31c583e964e7046,2018-08-11
c05959bbcc139450377c258a39f80602,e255bea28fdeb105b85a23947349cca5,delivered,2017-11-28 08:43:12,2017-11-30 02:25:23,2017-12-01 16:29:08,2018-01-10 00:16:46,2017-12-28,34c6f984b590bbfe3d4d6c76007c0b1c,2017-11-28
ab603a1053e4be360569a5310fd35e4c,3984ffbe9e8f2a24ecf719952d27bf08,delivered,2018-01-17 08:27:20,2018-01-17 08:50:56,2018-01-19 01:44:42,2018-01-26 18:15:23,2018-02-19,6aa5942333e3a62f9929137bf8907ab0,2018-01-17
a38cd506ff8139ca5c3aaddc10583417,fee7d7120ca238c0dfd5a798adc40da3,delivered,2018-02-03 13:04:07,2018-02-03 13:30:29,2018-02-06 12:04:01,2018-02-09 14:56:32,2018-03-01,c69259943266eac79097508f50977274,2018-02-03
3a3f6aa80241caf165b717419017abc2,a72d0d46cf8362224f451f56a107872f,delivered,2018-01-08 12:05:26,2018-01-08 12:17:26,2018-01-09 23:22:53,2018-01-22 18:04:17,2018-02-05,2e548e4e99897838ba8776c7ac796abb,2018-01-08
94a7404baf903097588d30faf47784d2,457207ed970fb24526a47a9a9a271a46,delivered,2018-02-08 23:26:46,2018-02-08 23:35:35,2018-02-14 18:42:13,2018-02-20 19:32:46,2018-03-07,84440046e87352e704a6671b95f86421,2018-02-08
b607d7da0663815e5f2dea3b47d46b1e,cca4c1826d524db7b10082a6b6bf87c2,delivered,2018-05-12 18:51:13,2018-05-12 19:16:33,2018-05-15 14:30:00,2018-05-18 19:09:43,2018-06-18,c7d753ecd097740d03ff47cc9d593994,2018-05-12
145022bb4479c1970ec4387b6fb8cb3c,792a76b5589ff342f8f1d3bdf51565d8,delivered,2018-04-06 11:22:13,2018-04-07 02:50:12,2018-04-12 00:52:44,2018-04-20 16:08:38,2018-05-08,7aed42be6f165f7e9db4da402074f68a,2018-04-06
d7bfdc36e6fc0edc0abd8752151da345,696701728a4e18b1373bce09400fa4b5,delivered,2018-08-12 22:27:39,2018-08-14 04:30:24,2018-08-14 13:09:00,2018-08-15 19:47:40,2018-08-16,c55a587f3f473189e4dcb9c9fea74fea,2018-08-12
053180cf4b0cf3f7a300e2e42ff01da9,ce330ffe33e3f344ad5a80b8410c1ced,delivered,2017-12-11 10:06:05,2017-12-11 10:18:28,2017-12-13 21:33:24,2017-12-27 14:53:40,2018-01-04,4df9aee56fa602c72756abb22ee60b17,2017-12-11
64be1ceac437f2eed73e5b001d190e97,4f670eca00f599d947c8bae734bb785e,delivered,2018-08-13 15:48:19,2018-08-13 16:04:45,2018-08-15 12:29:00,2018-08-20 14:27:53,2018-08-30,15a52a044cbf18c87283f8c460ad5ccf,2018-08-13
78edd1ffa7d6932c983c695fbaf976e0,06c760a59b5508e58bb333d3bac7afc9,delivered,2017-02-13 14:20:36,2017-02-13 14:30:15,2017-02-16 14:07:15,2017-02-22 13:33:32,2017-03-16,b7cb5cfc7e208d22aa17ef640f487d7a,2017-02-13
3120b7403aff618e67e9457cd794c0ad,e6909074b0dc214b991387cb3fad7f6d,delivered,2018-02-06 16:59:28,2018-02-06 17:15:39,2018-02-07 23:34:06,2018-02-15 19:12:06,2018-03-07,60e6fe581610db699ac03fec61f4d53f,2018-02-06
87da0bebd85724d8dc20289da550ce1b,7ee037c29b42afccdc066ebeff67d5f2,delivered,2018-03-04 13:44:58,2018-03-04 14:08:43,2018-03-07 21:05:10,2018-03-14 21:16:37,2018-03-21,5342c7bd3198e07d663abd595061b6e1,2018-03-04
172587311d5d0329ae5a761bf6ae4c80,89652594ba5d76f49163723d82a62097,delivered,2017-11-26 14:25:16,2017-11-26 14:36:30,2017-12-05 20:28:31,2017-12-20 14:53:15,2017-12-19,d53ae17654f054da7669ac5ff839134f,2017-11-26
8c0dd54ff6a273a02de12494c6bf299f,6a65b5d6d4f4c9dfda93798cf014ee47,shipped,2018-07-17 22:35:46,2018-07-18 21:22:25,2018-07-30 09:00:00,,2018-08-02,5b66137675c164a7df3b639bf1e86134,2018-07-17
7c3568d42d0c0610c6a6c0f864d03b03,25191ba92200ad3022d457b2e5b8e64c,delivered,2017-11-24 23:31:10,2017-11-25 02:18:29,2017-11-28 00:09:00,2017-12-20 13:07:03,2017-12-20,d7a827cf81ecfb347df3eedd1df46e90,2017-11-24
c0e12a153ac058861cbd268f456d189f,65443c09a5207313f5c44323398323a7,delivered,2018-05-09 20:51:49,2018-05-09 21:15:26,2018-05-10 15:41:00,2018-05-12 17:28:47,2018-05-23,f42f20a32440dc4ea57943a88ae3cdac,2018-05-09
935759ea87b137f4b8ddfdc6dc07045a,7e8615575192baa505d038bd461a5ce9,delivered,2018-05-15 23:41:29,2018-05-15 23:55:17,2018-05-16 12:48:00,2018-05-22 19:03:54,2018-05-30,0be6ef3e01097f10e3138b767c3d2406,2018-05-15
31957bf1aaecfc2956d1b81300cf0dcc,1e919c04beaee802f45cbffd7ec05e8d,delivered,2017-10-23 21:20:43,2017-10-23 21:28:33,2017-10-26 16:13:52,2017-11-06 23:21:33,2017-11-13,0eb3ce970ea08b082361b436eee0ee38,2017-10-23
9fe640ac4892a1b6b6088af42aa17d83,a6f3e3a65eda657279a6139bd579c26c,delivered,2018-02-07 22:30:38,2018-02-07 22:48:35,2018-02-10 14:03:09,2018-02-21 19:57:33,2018-03-05,b64064e3ae051f50b6f1eb12552d30e4,2018-02-07
327eb42fa668b532239f44713415a37a,55b27dfa87fa879dd6c7c02b905575f9,delivered,2018-03-23 11:14:04,2018-03-26 09:47:28,2018-03-27 19:38:55,2018-04-25 12:42:23,2018-04-23,954b6a550ffb6576fb60493b684a65de,2018-03-23
575fd25dc6bc7604b6a64f9d8fdb1cd3,a346f988c7f391f919345ab9926fbbc8,delivered,2018-01-24 19:11:34,2018-01-24 19:18:20,2018-01-25 18:33:23,2018-02-02 18:28:47,2018-02-21,70dad727e56e0f608edfb370f6a51630,2018-01-24
159d9198e0ccf96f69186d394d590fa3,e5f4af2cd45b5712ea48e82ebe27f4c7,delivered,2018-02-21 11:38:24,2018-02-21 12:30:28,2018-02-22 14:51:57,2018-03-15 15:51:32,2018-03-19,70d7a27c630819791f6772b1b8c7c877,2018-02-21
859980aae511377b7230f72d90bfc580,fab4d0e05c214c4baa684e6107d77757,delivered,2018-03-16 17:16:38,2018-03-16 17:30:37,2018-03-19 19:51:43,2018-04-02 17:08:45,2018-04-05,9af713649e755bdd42938b78b4b2d538,2018-03-16
20c4ac55ded9c34a63cbf3e1f570afa4,d4b9d16bded480fb0da4e578e492b492,delivered,2018-08-05 21:41:29,2018-08-05 21:50:16,2018-08-08 13:36:00,2018-08-20 20:09:38,2018-09-06,2d14556024f4bbe01f147576097c42fe,2018-08-05
811155730c44e9b55e98d5bfc5e521d7,f524cd02ed38d4ed250fde7e49e4b9d4,delivered,2017-02-28 13:40:03,2017-02-28 13:50:16,2017-03-02 12:08:45,2017-03-08 01:13:54,2017-03-22,4f471e7d7ab4372da13e7f4ae206655a,2017-02-28
595c8cc7fe6bf40c3acfe06661759a4b,c06248fe42ae3ccfa4719e48ffce66ab,delivered,2018-04-07 13:00:51,2018-04-07 13:10:16,2018-04-10 17:26:48,2018-04-11 18:24:36,2018-04-25,545f52e1a8b4810130ee0755e0b3fde3,2018-04-07
a3de5eef9ddc6e58758fb9d70e5bcad5,11f0d9654e771c189ac9710977422029,delivered,2017-09-18 15:10:14,2017-09-19 03:45:50,2017-09-19 20:48:35,2017-09-26 19:37:54,2017-10-09,3f6443bf1efd073de47cc5f7a6b07606,2017-09-18
b8b2320bc7303abbc19c6976fe8b2fd6,92628c277b98be63e84b493008544b25,delivered,2017-11-12 23:37:02,2017-11-12 23:51:02,2017-11-13 19:32:49,2017-11-24 18:02:24,2017-12-08,c05a81fd241ea01ce10a5cbfa60a611d,2017-11-12
29d71d9c45a5ba44a2c8c20292d77bc5,24b0f93c6cf382951539720724e57161,delivered,2018-05-09 11:39:40,2018-05-09 11:55:14,2018-05-10 17:49:00,2018-06-01 22:51:07,2018-06-11,1ccec10e4dfd33540c1c361d5ebc3300,2018-05-09
ccaafa8bd853d25f4e7b1fb18f97e719,ca99696301cbb5d40991c426ff821447,delivered,2018-02-27 10:08:49,2018-02-27 10:30:33,2018-02-28 19:46:49,2018-03-01 21:39:33,2018-03-13,addc1082e059523e5ef2e7486d1d8905,2018-02-27
efc4bbb3d32651353b42356e387c5760,8c88f5153f5d153654ec491bae2323aa,delivered,2017-05-26 08:41:54,2017-05-27 02:55:14,2017-05-30 10:59:39,2017-06-03 12:32:10,2017-06-27,269967d6fb659ab7b231b9d550a7d2ff,2017-05-26
556bb5c8ecb64be5ee1ee039d4376432,98eae6798cbe981fdb74e8dcc74fb38b,delivered,2018-02-28 17:43:05,2018-03-01 16:10:40,2018-03-03 17:16:44,2018-03-16 00:32:49,2018-03-19,9c7f3979de74e592fece73cff0b2f3e4,2018-02-28
c9f06c1229ec7cd4ec9aed55d434b499,fa89053140d09081b3a3a4608a74c083,canceled,2018-02-05 20:26:29,2018-02-05 20:49:48,2018-02-06 19:49:32,,2018-03-01,c7487ffbfa6bcd0d672d080467914d6a,2018-02-05
bca647a251ea21807ba8cf824272dcfd,a37eb493df9cc1c3d784a5d46930f2c5,delivered,2018-08-06 20:49:39,2018-08-06 21:05:15,2018-08-07 15:56:00,2018-08-15 16:36:41,2018-08-21,0a62ae425772a001e2b3d3eb810f810e,2018-08-06
3a75ad68c0d55d1b9765b50d7ec54c24,297e4d3a79ef71ff35edde593ed36034,delivered,2018-03-03 13:14:27,2018-03-04 13:15:32,2018-03-05 18:06:35,2018-04-03 22:36:47,2018-03-29,de655816b1be6bf6ed0865ec9cbe2d8c,2018-03-03
603a62e519fda3b31500e93d9d74da62,1760e65004d3c8bde07f1cdc0375ce2b,delivered,2017-04-18 22:11:41,2017-04-18 22:25:19,2017-04-20 07:32:41,2017-04-27 07:58:42,2017-05-10,c3fa4a9551e1d4ec50f1ed7eadccc4af,2017-04-18
ecdfdb87979ffaab7c1133bf18fdef83,37346b142cf550a61beade652896f249,delivered,2018-02-04 17:11:07,2018-02-04 17:49:08,2018-02-05 16:08:27,2018-02-21 20:23:21,2018-03-01,bad6ccf4e65cc1816846e573853efee6,2018-02-04
f2a4a108d09aa4b93643e9702d32d6de,6cf33794e360f70f5111034310a62eec,delivered,2017-07-03 17:01:15,2017-07-05 02:50:28,2017-07-06 10:33:52,2017-07-17 19:13:14,2017-07-25,13067b107e99d6f81d2b3b82204948aa,2017-07-03
077c116b10b1c482b78d24fad9fa14a3,f0608cac11fcb486fda7efba9bc7c515,delivered,2017-03-21 19:42:03,2017-03-21 19:42:03,2017-03-22 11:23:19,2017-03-27 13:42:24,2017-04-07,f8d3a383bac9056f61dbbcc0e5cc95cf,2017-03-21
1361dafbb17a41b4073880b5f839962b,2b4c669e55dcd0a17e79c4a3a2ce1f4f,shipped,2018-03-13 12:59:22,2018-03-14 12:56:10,2018-03-15 19:52:48,,2018-04-04,3f8a090f10a6618f9ddd40bc591fb075,2018-03-13
9b441adcb57c2e78cb12352908df3ea8,a1a93deddcf69a6a55df0275e2be062e,delivered,2018-02-07 19:34:43,2018-02-07 19:49:35,2018-02-16 14:27:43,2018-02-23 22:34:25,2018-04-10,cfa0f7234243fb3dc77d1392c7b28579,2018-02-07
1fa468994c6de461001e0d8849f60a7f,5bf659be3540f83e2f8f4dd67fd1dcfd,delivered,2017-12-06 09:03:48,2017-12-06 09:34:45,2017-12-07 20:18:38,2018-01-03 19:28:29,2018-01-03,c14b11702328f44976fafe3706b60c7b,2017-12-06
53aa4b3b6371ebeef116f26798f0747f,83424bcfa17339a2e25db708e54b1b26,delivered,2017-11-28 15:04:00,2017-11-28 15:19:40,2017-12-05 00:04:08,2017-12-11 17:18:48,2017-12-12,c81791588d27decdee7825442b68b20c,2017-11-28
c15e9447787185951cc99a3f69a8f7dc,f0a2b63c12a6ebe723002dd5d08b5ec3,delivered,2018-02-07 14:28:04,2018-02-07 14:49:33,2018-02-08 22:35:22,2018-03-05 20:24:53,2018-03-07,851eb9193f4cb940e63681290c3dcb4f,2018-02-07
c6dc29188afdf102454edab964438d2d,858992797280bee2dada134ca5669097,delivered,2018-02-09 09:09:56,2018-02-09 10:13:46,2018-02-09 21:44:57,2018-02-28 00:33:26,2018-03-12,3d277e0b7793208265a759f0c7edef1d,2018-02-09
2e5e827b80515bc21c042a5181e32ec5,a1d3d78e83da30d70783ff40f8c9067e,delivered,2017-09-10 15:51:25,2017-09-11 16:05:09,2017-09-12 18:43:51,2017-09-15 16:33:29,2017-09-27,5f0358c04b9617e30c47c374c476fef1,2017-09-10
6d335a14529f4ffa4219793d5b5a9772,5f1ad3fba0387ccd0efff08a8fee6212,delivered,2018-02-16 13:38:45,2018-02-16 13:50:33,2018-02-20 01:19:50,2018-03-23 17:47:33,2018-03-09,366dc743342d2a61062d5be71646499b,2018-02-16
0176a6846bcb3b0d3aa3116a9a768597,aaad67429ea7d339bdf5f71ae3ef74f6,delivered,2017-12-25 10:40:52,2017-12-27 04:32:07,2017-12-28 19:57:15,2017-12-29 21:22:35,2018-01-15,13613cae6e3bfea8327a916246c96cc9,2017-12-25
011a56023faf5bbb9af634e20a85f7bc,cd321431eb241e989d200c78d0a4bfc4,delivered,2017-05-10 06:54:05,2017-05-10 07:05:09,2017-05-10 12:09:28,2017-05-18 12:48:08,2017-06-01,1af28a3c717ee367ac8e4ed5e03d21ad,2017-05-10
37cbd81fe098c8e061f8fc93ac29ff2d,47ea9b65420fd9b8f358d4f57fdb83f9,delivered,2018-04-30 19:59:33,2018-05-01 05:32:19,2018-05-04 11:23:00,2018-05-07 20:48:56,2018-05-16,052d4634ac690295837dfa224bf7cae9,2018-04-30
6914acb0f52f56529563f4f97062b90b,5b2a54f35e622a12b06b30667e735af5,delivered,2017-07-29 20:01:05,2017-07-29 20:15:16,2017-08-01 13:28:50,2017-08-04 21:17:40,2017-08-18,962eb5247d3a72d130fdc9d128ef947d,2017-07-29
53b3e2250cde35f4d38113ae5e3b8055,7e52c40ddc442f47bd543f184fa91d0f,delivered,2017-11-10 13:41:19,2017-11-10 13:55:26,2017-11-13 16:49:03,2017-11-21 17:00:15,2017-12-05,239b3546ef7a0ff14786b56fc026aa68,2017-11-10
62f22bb8b5c6a5beabbbe1582f4b2dfe,ee831abdb6ebaba4181ac3e0fa26334b,delivered,2018-05-18 13:59:12,2018-05-18 14:34:55,2018-05-18 14:29:00,2018-06-06 01:36:29,2018-06-04,d646ec1a438d3c3436dcbbda21849479,2018-05-18
57135998a968ee37a773daabc8afdade,6b90b6b48d55aa6fa6e3f9e9c3f04881,delivered,2018-05-19 12:55:59,2018-05-19 13:11:21,2018-05-21 10:51:00,2018-05-23 12:32:32,2018-06-06,cee86ef4954e9d77f02cbc2276dd75e7,2018-05-19
4283163049a271ca139442ff3cbcb140,d0f224b31d169b2a04e8c206ce5d8e43,delivered,2018-01-16 22:45:37,2018-01-16 22:56:29,2018-01-19 19:19:14,2018-01-23 20:28:53,2018-02-06,619cbb7888f8fbc213f447072e31f1eb,2018-01-16
75998f5e98ff4d9d5c1b8563d15bcecb,af40f3e80d2c55ff8d3547dfbe0b7e7e,delivered,2018-02-17 10:21:09,2018-02-17 10:33:10,2018-02-20 23:45:02,2018-03-14 22:45:55,2018-03-20,e9d6020bbb18d7cd9e0b40eb2d98498c,2018-02-17
cafa41a943378224e6de08cac484c475,3400a0ad8864ba57b7857d725e77fc2b,delivered,2018-07-22 11:03:23,2018-07-23 11:31:52,2018-07-24 15:29:00,2018-07-27 16:34:40,2018-08-15,69e72be2c3d7a42e3e8a7ddd8bb5d7d9,2018-07-22
e292b3a258a40c3489d65a60b9cad848,e0f3dd75a709236dd86a35204e6bd69e,delivered,2017-05-16 00:57:20,2017-05-16 01:05:13,2017-05-18 07:19:50,2017-05-22 17:17:43,2017-06-09,a5395e8d9e7aff63ed0bcf6177b10f3c,2017-05-16
fb5aea6237c4ec04f70112e1bcf93b99,e223fb2857317a6f4e567a1b77474843,delivered,2017-12-26 10:12:53,2017-12-26 10:18:24,2017-12-27 19:22:46,2018-01-08 19:07:37,2018-01-26,c6dade9800deaf3c0a06a7c0e60fe534,2017-12-26
fd5b6be23bf746374e6d9d5f5ece3fd1,eace6dd8a0f090e33030802dece9184d,delivered,2018-08-14 15:00:06,2018-08-14 15:31:36,2018-08-15 11:34:00,2018-08-20 19:36:52,2018-08-28,85ea73a13d42ec297a014ed14914a555,2018-08-14
2438d5b697d42d6c29d6cd8c6a7eef4f,597f61640a156649126c8f7d85c227fd,delivered,2018-01-09 14:47:50,2018-01-09 14:57:30,2018-01-13 01:09:49,2018-01-26 17:42:38,2018-02-07,f172c33b146e90b95ee12499eb6632cb,2018-01-09
505e3b83ecc630a2507a9d9c8bfedd8b,234b8c7443c22633e616ec258dbb68c8,delivered,2017-10-05 14:48:13,2017-10-06 02:07:11,2017-10-09 22:46:31,2017-10-27 09:38:49,2017-11-03,4ad3c6eb3e5396d0578e62c11282d30f,2017-10-05
40e61df3e13139ca0731f9f2d68732b5,0015bc9fd2d5395446143e8b215d7c75,delivered,2018-06-11 19:48:34,2018-06-11 20:22:45,2018-06-12 16:36:00,2018-06-14 10:18:20,2018-06-26,490c854539b21598cfbbac518ca25788,2018-06-11
d5c6ccc7f3bf2ffb7dda78c440e18328,7406e4858971dc21ef50a576de8cebb3,delivered,2018-08-16 04:20:21,2018-08-16 04:35:06,2018-08-24 14:04:00,2018-08-27 23:28:28,2018-08-31,28d0fda43c68918a320277a655dc8130,2018-08-16
e14a5582dbf9738cda2251600e5df96e,b48777b3d6a058681c09655843453cb8,delivered,2017-11-17 22:12:54,2017-11-17 22:26:14,2017-11-22 17:34:47,2017-11-23 23:09:34,2017-11-30,b9168cdbc2113c462a74b138dc6d7fb1,2017-11-17
0e2ab1418d48378be194702fef5657c1,7e604950b2bb67d61acac73d2505e7c4,delivered,2018-01-24 14:23:42,2018-01-24 15:38:29,2018-01-25 21:56:25,2018-01-31 17:59:05,2018-02-20,3dc1a5fe24e609727679fdb516715e28,2018-01-24
1aca9e580244f9953137f85a9eb5d143,33aa26697019cd0932ec06cd9b375051,delivered,2017-10-05 06:24:11,2017-10-05 06:49:19,2017-10-06 19:19:56,2017-10-23 20:31:47,2017-11-09,b980c10b6fb620a660cabe81d401d9b1,2017-10-05
c7d334c62c1af62c782895cd62d61237,3aa2122cf8201703c33e7e09e043a243,delivered,2017-05-09 23:16:25,2017-05-09 23:42:25,2017-05-13 11:09:42,2017-05-23 17:53:56,2017-06-27,58498d9dec038f925f6406ebdfdc36bb,2017-05-09
7e8fd0c601d51838d063e75482cbad9c,33af4cacd6d2dcf53a8ae1bae9e107b9,delivered,2018-02-22 11:04:41,2018-02-22 11:31:06,2018-02-23 21:17:18,2018-02-26 18:12:33,2018-03-08,bf908fd1af4a48bd4eb505332b9636cb,2018-02-22
69f163a7f5db45863194f9cab7e63866,de6e83a22a1dbc2d5a486e1b063f7999,delivered,2018-02-04 17:31:17,2018-02-04 17:49:15,2018-02-06 20:45:58,2018-03-05 20:36:26,2018-03-06,f08d2a2f590c97e28d4a7fc27586bb51,2018-02-04
55fa93249d8122a871689fd4c9511e2b,dfe661c8c4c584b4a8b55081660e9870,delivered,2018-02-19 12:10:00,2018-02-21 06:20:23,2018-02-26 20:58:04,2018-03-20 19:39:28,2018-03-20,87f2a05746ef80c1387d247822075042,2018-02-19
81b87cfcdcdbbb35c82e6a588b6894e5,02286830664a352f63ecd02e620fa897,delivered,2017-11-12 19:16:50,2017-11-12 19:31:00,2017-11-14 17:14:45,2017-11-21 21:11:58,2017-12-15,a88316db56228d4cec6935b97df4e487,2017-11-12
acb0e25642be93476364a66e20246c08,149b564002e30214f618713fde904ebb,delivered,2017-11-23 10:39:18,2017-11-24 03:09:53,2017-11-24 21:42:06,2017-11-30 22:19:27,2017-12-20,9578265ad4a29c7330ea61d6b7b83862,2017-11-23
699105d95440b6f63141676223db5d05,a345faefe1c85e847d027320e7a75e68,delivered,2018-01-14 09:59:54,2018-01-14 10:09:28,2018-01-15 17:04:00,2018-01-18 19:07:01,2018-02-08,c6115c3232e1f595e4dff9042f37165e,2018-01-14
55538582ef35a95e5ed4047c6bf04695,34ea637ac902c88b56fb4b2907a4c2cb,delivered,2018-01-09 22:22:57,2018-01-10 10:32:03,2018-01-15 15:52:33,2018-02-09 18:16:04,2018-02-15,b64fe3d99ed23daf5de6dd6b62b4bf1f,2018-01-09
21bce62cff4eacc6c074129488939291,c435a68d2db4803b48e6b075ba4b15a7,delivered,2018-03-22 09:43:16,2018-03-22 09:55:47,2018-03-22 21:13:33,2018-04-24 00:17:41,2018-04-19,4228698496d1d0ab56a9da4ed5658ead,2018-03-22
c1ee8750e81c5ea3177c055eb948a7c3,13709df0dd790e4caf6f2c62468861a2,delivered,2018-03-20 15:09:28,2018-03-20 15:29:30,2018-03-21 21:05:55,2018-03-22 23:59:27,2018-04-02,19bd193c8dd83aa9909132f0df55aa48,2018-03-20
8dc71d90daff59b6abf5eba2e80fa928,185086f7b5b98370b0d12e2100a69e08,delivered,2018-05-22 09:36:38,2018-05-22 16:58:31,2018-05-23 13:33:00,2018-06-04 17:54:53,2018-06-13,79b490efb74e50979f8cf36425245859,2018-05-22
846e81ab8aae6ab83de10e8f3df527d4,94b6d60050f950f25614da6e81ff5e65,delivered,2018-07-07 14:22:37,2018-07-11 03:25:54,2018-07-11 15:53:00,2018-07-14 15:51:31,2018-08-01,2886d35ecef2b97fec4bb00127b1eb7f,2018-07-07
26884dfc89f32e105d001c993035c55d,3bdf57e48177d9e43dad1c9b3253c569,delivered,2018-06-27 18:10:40,2018-06-27 18:31:46,2018-07-03 05:29:00,2018-07-05 22:24:25,2018-07-23,bfcbc0ea30be9161cfea4edec0a3add1,2018-06-27
b5fa2ba0f79e3ed1060c40becf0952a4,5236cb56c9f9a4970c03e1d199f0bb51,delivered,2017-11-28 11:25:56,2017-11-29 02:18:24,2017-12-02 01:14:50,2017-12-12 23:38:52,2017-12-19,5b3df683034ea4e172c34caa161740ed,2017-11-28
78db0b29049b6795343e2a8ba2f48ff7,e806ed5d5fdf4be71b5405c1d8e39b8f,shipped,2017-11-09 22:29:00,2017-11-09 22:46:51,2017-11-16 14:28:58,,2017-11-23,9c4c1712431d24464571f61635d5c6fe,2017-11-09
c9235f8ee527574b6e127f65f016fa73,a27c88a48a25ba7e63f675fd65d25654,invoiced,2017-12-01 16:01:18,2017-12-01 16:10:32,,,2017-12-28,3dc2cc07a33edae5d8588063b1c85438,2017-12-01
39ec8a3275a05abb9ca9314b10b2ec49,b47579293e9f61a86c183a18fb2f7255,delivered,2018-04-29 19:21:58,2018-04-29 19:35:33,2018-04-30 13:55:00,2018-05-03 17:34:33,2018-05-21,68640536f6c7b41c831c893f10429c19,2018-04-29
6e9370a06b1db5a9e470ca937fec62c7,12f6a940b0c7ff9591070497a3301ca6,delivered,2018-01-14 16:51:44,2018-01-14 16:59:21,2018-01-16 13:03:13,2018-01-17 16:13:53,2018-01-30,bd0ff85a9e4706fd8473dfe88a2ddd86,2018-01-14
0716d86faf8bd36dcb5bdaee6777b272,1722422d4c5041e9c2157a76461fc2a5,delivered,2017-05-20 11:37:34,2017-05-20 11:45:19,2017-05-22 18:16:39,2017-05-29 06:57:52,2017-06-13,8e83592cfac940307a4f9b8ec245157d,2017-05-20
7d08ecaa7f7a09d998d13b5fc4662c3e,db977692da48dd7befedc7aa02920c99,delivered,2017-09-08 09:22:53,2017-09-08 09:35:20,2017-09-08 21:44:55,2017-09-16 13:05:50,2017-09-20,1a09cd2cc74f8be40af56e7ca947ff51,2017-09-08
3aba44d8e554ab4bb8c09f6f78032ca8,82b838f513e00463174cc7cae7e76c1f,delivered,2018-08-10 13:24:35,2018-08-10 13:35:21,2018-08-13 14:43:00,2018-08-17 21:33:40,2018-08-27,4e32da06df703a2561f63e75b13f6260,2018-08-10
a3bb82a765bf828134959a50bdc5f8cc,f4fe2dbe94714c74fce3fa1bd21b5e03,delivered,2017-09-28 10:32:57,2017-09-28 10:50:29,2017-09-29 19:28:57,2017-10-02 18:12:35,2017-10-16,39104edef5e46d7b8c61848cc95e6d97,2017-09-28
d3a04a6a99a00682ddb37c44e1b642a7,1110c7f9e378adb3131442a4b231c7bc,delivered,2017-08-10 11:19:34,2017-08-10 11:35:21,2017-08-14 21:05:19,2017-08-21 20:41:39,2017-09-01,117d2f5deb50886684c6cea34d47489a,2017-08-10
dadfdcd24f54c8c6e8aff011390e5a08,f07aa6675ef85cbacaafe5ffc8e17f8c,delivered,2018-04-19 10:44:45,2018-04-19 11:37:30,2018-04-26 14:04:00,2018-04-27 23:34:30,2018-05-03,757bad2b90b64c441cbc7c9e9a1cc421,2018-04-19
558b411669d1eaae0ee5ec3186559cce,65ca4c923eed057ae8b71dd363de6a9e,delivered,2018-03-22 15:05:46,2018-03-22 15:15:38,2018-03-27 23:32:59,2018-05-05 02:32:25,2018-04-24,83edf3aeab5f1a4229ee95cecd465bfd,2018-03-22
a5c2bce79ee362cbd630af6c3ab8f841,288333d294560ba3dadb8466fcdb0a02,delivered,2018-08-13 16:32:39,2018-08-13 16:45:19,2018-08-14 15:15:00,2018-08-15 14:57:47,2018-08-21,e76d6c93570569915c2e1fdb834998c9,2018-08-13
0dec53222040e240898573d258dbc4b5,6a4c9db2ee893f033107b06b2750fab0,delivered,2017-05-15 21:09:41,2017-05-15 21:25:10,2017-05-17 18:52:04,2017-05-25 15:05:10,2017-06-14,786f90d2ecc84ed6f727b18c16752bb9,2017-05-15
42bf504cb251a0831211edbffa19c28e,5eede6b418bd9bdbf8ef33bef6821e24,delivered,2017-10-07 18:35:00,2017-10-08 19:28:13,2017-10-09 16:02:21,2017-10-14 12:12:54,2017-10-31,206717d75fb400e235b9b0c9304af42f,2017-10-07
8d51dadd16d87cc5be0ed773fd727f14,ecbd0c721b58ea5081b6c65c0ef5d0eb,delivered,2017-10-11 15:49:51,2017-10-11 16:07:06,2017-10-13 20:13:48,2017-10-16 20:21:57,2017-11-16,f56adba72e4e4b598b2201d273dbb51f,2017-10-11
6889c740bbcca162beee27a55cbc56f4,c9c6721f8c8bbfa4b2b96de27d9fb3c0,delivered,2017-03-03 20:25:48,2017-03-03 20:43:28,2017-03-08 16:46:10,2017-03-13 11:30:55,2017-03-22,65daa3f22be546c608b380ddb808f71d,2017-03-03
fdcb642c8ac047b33f64d32c79a62833,610f269aad3886c64ef236594d6155b3,delivered,2017-12-16 15:09:21,2017-12-16 15:19:32,2017-12-19 17:13:41,2018-01-04 14:57:21,2018-01-22,ead41c944830a7027216fcf8e95043a8,2017-12-16
c19d18cdc29fd917b9e655f55503a665,44cd5738f7ba0bf9d98865a0628e38a8,delivered,2017-11-30 17:38:44,2017-12-01 11:30:56,2017-12-01 20:36:49,2017-12-04 20:28:29,2017-12-18,7ed80b6a72fdb2ac005d4e4509deed91,2017-11-30
c83791759b06d1268e4305586aa9fc84,09ee6d919f1d6e927ada072ded4ff82b,delivered,2017-12-22 16:30:24,2017-12-22 17:02:22,2017-12-27 17:05:17,2017-12-28 12:32:14,2018-01-12,ee632237c180e9c0ff81eecd16a164c0,2017-12-22
f47e44448c5dabc6709546ebcba1f870,ae75a901f487944d4da9939d4799c4e0,delivered,2018-02-01 21:07:56,2018-02-03 02:53:22,2018-02-05 21:07:34,2018-02-16 21:26:46,2018-02-26,195681ef79fbcd462bd1f4bc3c27e61a,2018-02-01
b785c9a36593879a9109ad7539f2467c,c308e6b8b4727bd2e3b3433bdb344950,delivered,2018-01-06 19:46:05,2018-01-06 19:58:20,2018-01-09 17:32:34,2018-01-23 23:29:09,2018-02-08,976a39626eb2337ee3258d4ad73f1543,2018-01-06
f5cb64e08217d29ba1f07601994e2e22,b6c215e230f1bbf076885ce3404df801,shipped,2017-07-01 19:30:45,2017-07-01 19:43:54,2017-07-03 13:43:47,,2017-07-31,9a72b8ffdf0f6dbef3a306297ce40cec,2017-07-01
781fd3ed9622fb02b51ba3fd214710f9,e240b086141e7143ed7055f546b8de19,delivered,2017-09-25 18:10:25,2017-09-27 03:34:13,2017-09-27 12:04:40,2017-10-02 20:11:59,2017-10-17,545dbb24b8c1f6f2e0dc63683a97462d,2017-09-25
0814daa4d12a646aeb73c429d5852f4d,b4eb4ca3fef464f5a8778c47da055604,delivered,2018-07-28 13:14:37,2018-08-01 16:31:31,2018-07-30 14:58:00,2018-08-02 19:32:21,2018-08-13,a2af9f0425fce10fc7814c347a275095,2018-07-28
57a382ec5b2ec69093d3bdc7de3ec927,3cf0ae0b8daef388a5106a0f9999fe97,delivered,2017-06-02 15:12:18,2017-06-03 15:15:17,2017-06-05 17:05:16,2017-06-08 06:22:40,2017-06-16,04b3b974dfe285ac9f2eb96a6a9cbb9c,2017-06-02
b4371384ac6d51fe934e4f50b8b61e4c,7ffef7ba261467851a207fb18744f4f4,delivered,2018-04-05 15:52:01,2018-04-05 16:10:49,2018-04-09 18:02:50,2018-04-23 19:12:32,2018-05-03,f96d29cf212fd3bf81be5f1562001224,2018-04-05
11500a4af311587353f096722f1ba4fc,12fd551b8fcfa9432c62a084ffb4a34b,delivered,2017-12-17 22:56:12,2017-12-17 23:14:28,2017-12-19 23:04:46,2017-12-21 17:37:29,2018-01-09,f7a61703fc84ca6a1ff7438a7ae26758,2017-12-17
76b25fe0af9b04dfb3c2055e447d4492,a6ce61a0375ec7c47769053b811cd750,delivered,2018-04-22 17:34:19,2018-04-24 18:20:23,2018-04-23 19:28:52,2018-04-25 11:41:47,2018-05-04,8820aac0f33eaae7691e5f3ec3a61b07,2018-04-22
72fcdcc4d106595993b31fc91c800113,89cbb4528dbfd3ec138d5014dc8ccb0e,canceled,2017-09-12 22:36:04,,,,2017-09-22,34a579bc936fd8a2ccce2afaee938baa,2017-09-12
d2c6edf0a1bc848686337236f623d79d,86eb0c5b7e736ff01d2d1d4ad27e4912,delivered,2018-07-19 12:08:38,2018-07-20 04:55:27,2018-07-23 16:41:00,2018-07-24 22:06:46,2018-07-30,1e4b1abdf108ddbf7efb5d36ad99a576,2018-07-19
fec903f8ec1c6bd437fa8abafc20d378,22d8ce67d81d6155f428db48eeb6bc7c,delivered,2018-02-23 21:11:19,2018-02-24 21:07:33,2018-02-28 23:38:43,2018-03-13 18:38:48,2018-03-23,c3598d8ea7ef9362fae852847e43fdff,2018-02-23
7339f161136d0fc994a2c4f5de2d0e06,592f75a04ba5b97b4bce5fe56b112506,delivered,2018-04-04 21:49:23,2018-04-04 22:09:10,2018-04-05 15:03:38,2018-04-11 23:46:40,2018-04-26,5410d38e4b8f0d5cc6ce0a822c70052d,2018-04-04
0cf00d58f941ec9b27dc839a9c6e91e4,b944bb22321bd45c41e8c80019664269,delivered,2018-07-17 22:33:14,2018-07-17 22:45:12,2018-07-19 12:24:00,2018-07-23 22:29:36,2018-08-06,c162adcfa9cdc729ccea19ed898d7e6b,2018-07-17
4f8092f81e74647a7bb441b6577d62b1,72b2dcb1f65360c3a533246ea3502fed,delivered,2017-05-06 13:35:37,2017-05-09 09:43:20,2017-05-11 12:28:35,2017-05-18 09:28:43,2017-06-05,89c2f7ccdb8ab27ba22df980e678410f,2017-05-06
67a0e107b1c36e51a74327cf74080114,746c45861e0a8d11b1a4106f135fcd2e,delivered,2017-12-28 15:00:06,2017-12-28 15:07:22,2018-01-03 15:38:38,2018-01-24 20:53:21,2018-02-05,39eaffa2374112589122b182202de745,2017-12-28
8c1d4b6d5a4c76d480dc3f8e766b285e,2774f58d0ab448db599165baa622db3f,delivered,2018-04-26 09:09:16,2018-04-26 21:50:20,2018-04-27 15:01:00,2018-05-02 19:13:04,2018-05-28,667358b5a0a6c96b9bbf42bcf4ee228e,2018-04-26
3df5f0a6d3258b30e0793cbd37b499f9,dbd01710a8d1ac22396873369d7ccf40,delivered,2017-08-11 10:15:46,2017-08-12 02:50:41,2017-08-14 20:33:48,2017-08-22 14:27:30,2017-09-04,82c173abf4679049bd8628bfe89a9f2c,2017-08-11
87789201372bea41809c2f0d455ab122,e6136cd145718878e3cee93987ecbfda,delivered,2018-07-29 15:49:12,2018-07-31 04:31:29,2018-08-03 13:33:00,2018-08-04 17:35:43,2018-08-09,482ce7ddc4b8a3e9a91e53124ab8211f,2018-07-29
992e5d6c51707533e0be958b2e283373,d27a0560b2900260662c7cf680c21ee2,delivered,2017-12-28 12:43:02,2017-12-28 12:52:24,2017-12-28 22:47:16,2018-01-18 16:28:01,2018-01-30,b1629061283eee06c60d9b9a35b01c4e,2017-12-28
6255ac1810f1b5256d5491df6b4ac042,a0451d2ead74202d41e2f21043a57229,delivered,2018-04-07 21:19:10,2018-04-07 21:30:19,2018-04-09 18:03:19,2018-04-12 21:02:37,2018-05-08,ba6c975cb088e187840bdbd6c292f99b,2018-04-07
6ca82d9e4eb3effeb9ad7d3a592d3cc4,687d129b397ac0c3c8473e141233a55a,delivered,2018-05-08 18:48:03,2018-05-08 19:12:14,2018-05-09 12:52:00,2018-05-15 13:44:59,2018-05-28,46f454b639748d2069d3f9e279a16105,2018-05-08
9937c97886894167e73d617373b4d91f,b2d2fd3ac9b224c1c5e6f1811c44d3e8,delivered,2017-07-05 16:05:20,2017-07-05 17:54:52,2017-07-11 18:04:44,2017-07-14 18:32:55,2017-08-07,eebff6c3f05996ab67cfc35398c6893f,2017-07-05
8c82eab3813ca92415655a5e4b1a8b7a,c27551ee8aaa9cb6aaf2eafc91c6ecc1,delivered,2018-01-21 22:29:03,2018-01-22 14:17:58,2018-01-24 17:58:56,2018-01-30 14:55:09,2018-02-14,11ac1cbba8488282608e9e91ce277740,2018-01-21
1fb395f38b15b8e1e14824c7d95e9a92,28dab86921b55fb87d1f0e9db5c14b2c,delivered,2018-04-25 14:29:47,2018-04-25 14:51:31,2018-04-26 10:04:00,2018-04-30 20:22:32,2018-05-15,0c10e674d1504f959a7f2e504148c296,2018-04-25
32638fbca8d1a197e649fd5138e12049,bc30c70a15ad83ce13b6247e96f2dbd8,delivered,2017-05-24 17:01:03,2017-05-24 17:10:16,2017-05-26 14:41:33,2017-06-01 12:58:18,2017-06-20,172e5ceb39fc662dc3cd66286385e91c,2017-05-24
f6ed70efbc4d10c18ee1897b7d1a7ae2,91739a15398e9d413c09e118fa63cd00,delivered,2018-07-22 22:23:58,2018-07-23 12:31:55,2018-07-24 13:34:00,2018-07-25 17:36:54,2018-07-31,fbb000a7e40ca66c11582e563fade962,2018-07-22
17e62f08a374da7740ffded4b25d4f31,1d450b71f24b14fefe1d31b16fc1155f,delivered,2017-07-17 14:12:04,2017-07-17 14:25:22,2017-07-20 17:52:07,2017-07-26 12:08:13,2017-08-08,a7ac7e6fb7b2b6670fc5c5c593ac4622,2017-07-17
2d87440273b7a55a36ee359f29027f83,cacb81c4dc25b485bb02073b02d40313,delivered,2017-11-28 16:48:52,2017-11-28 17:14:55,2017-11-29 22:42:11,2017-11-30 19:55:09,2017-12-12,0eade64aaaa605ddb2d10cc87d83f0db,2017-11-28
90c3d2abe0d324efde558a3f187018a9,7838d6b5968151758cabe119640c3fce,processing,2017-11-13 00:07:07,2017-11-15 02:46:33,,,2017-12-04,3818c39bfebb6ed23089704794eff26d,2017-11-13
a54407e6b6cce226cc1386982ca8a2b5,136b7997070695fc434eda3b1bf28a59,delivered,2018-03-19 18:01:10,2018-03-19 18:15:48,2018-03-20 17:27:39,2018-03-23 23:02:25,2018-04-05,d196f1222156de6025a96f9d1d1ec2b6,2018-03-19
9dc64ac5787edf0d88888ec315c57087,a12d090841b2402c1bcc41c4d04019e2,delivered,2017-10-03 22:25:15,2017-10-03 22:35:14,2017-10-06 13:41:38,2017-10-11 21:03:50,2017-10-26,3a8efc1e8b649e5f5dd6013b68f87c36,2017-10-03
49fdf5b0134c7c1445f6bbf018beaf1c,7fff57779c5364c51a1463b7133b38a1,delivered,2018-01-06 17:48:38,2018-01-06 18:26:39,2018-01-08 16:25:11,2018-01-17 00:18:19,2018-02-06,f95de29d9e810e69f55626ff1bbd4d60,2018-01-06
3be5256ae9320c0c96853f3832dbd122,c0d89db256f87c1b93dbf08ef124a363,delivered,2018-01-22 17:59:40,2018-01-22 18:16:44,2018-01-23 19:07:55,2018-01-31 17:57:49,2018-02-19,b02ba51e3af17178218569937f813a17,2018-01-22
141dd52930458fa0f2a97285d13639e6,b9872ccbe97da52e7cbb4dc300eced7d,delivered,2017-08-30 14:00:31,2017-08-31 02:45:06,2017-09-05 18:59:50,2017-09-06 23:04:01,2017-09-12,10350b4179fab754ccf7d22dc5cda91b,2017-08-30
1eeff18e275e2d98a4701b328d2214c0,3f99de115ff9a48f00eccbcbfab35fce,delivered,2017-07-20 22:28:59,2017-07-20 22:43:11,2017-07-21 11:57:55,2017-07-28 18:26:03,2017-08-15,ba4a5be3570ce2ff73f353807c34d055,2017-07-20
091dcb1d0729687de77f652e849db3f1,07a0ad11f72463d647871b9d2d00058b,delivered,2018-05-09 21:40:23,2018-05-09 21:55:30,2018-05-10 13:37:00,2018-05-16 22:12:06,2018-05-28,380abe06766cb6b5de4f47b5ae50a422,2018-05-09
8944b1716ec63423c8a83c20bc194476,f6900efe7cfda3d306e794fa2e92d58a,delivered,2018-08-27 13:31:19,2018-08-27 13:44:02,2018-08-27 15:55:00,2018-08-29 17:54:33,2018-08-31,3b8633454b97260271c430800c1b4cc4,2018-08-27
a929a185ac6f55381e43e1d18e01256a,a42160958f684d2466feaf05286e2817,delivered,2017-11-24 13:18:27,2017-11-24 15:33:11,2017-11-25 17:32:09,2017-12-27 17:16:33,2017-12-18,5760c72e35ad90575a9be7fdf727bd94,2017-11-24
41e295cfdf4ee0ab87e83df56f9935ef,1506e4481b5a1dfc5379811a8c98e765,delivered,2017-12-18 22:25:59,2017-12-20 06:59:30,2017-12-20 20:09:53,2017-12-27 20:23:09,2018-01-15,c679ed73540ae7db607e5a6107082dc2,2017-12-18
515bc93518f13397922a59117cc11434,de5127e844f7bc6e9593315e778d7da1,delivered,2017-08-05 19:15:02,2017-08-06 19:25:14,2017-08-07 18:19:42,2017-08-11 20:44:20,2017-08-25,b868689dabda36770f6ef2b8c39bf8a6,2017-08-05
883fdce7fa0a4c3f8cbee2c10f7cfc08,59c09662f63b5e4e8696f236b7067c94,delivered,2018-01-15 12:53:22,2018-01-15 13:10:28,2018-01-17 18:32:58,2018-01-19 13:36:05,2018-01-30,f0395f0f938bfad8ad9299d5fd4c5f6f,2018-01-15
87a8ef7006e5aa4b8ebddae4f7b8a54e,7106ec9a475922e353e618396d53cf4e,delivered,2017-08-16 20:22:57,2017-08-16 21:45:37,2017-08-17 17:10:31,2017-09-01 02:40:05,2017-09-18,54e4025671d9a194561b1c4e9165460d,2017-08-16
f7d960d092a081a1124e6f27cdeb2130,41f91ce48b296660bfe6c74c0eb433bd,delivered,2017-04-08 22:07:33,2017-04-11 03:45:19,2017-04-11 09:26:29,2017-04-18 15:46:50,2017-05-12,be78fe18d6d83eb21da1ebcfec038062,2017-04-08
7cfa85c7c53799aa2c849044711e9256,26666e8b9d1f89876ea83c70e529812c,delivered,2018-04-19 22:04:20,2018-04-20 08:15:10,2018-04-23 19:58:51,2018-05-02 20:28:37,2018-05-21,573dbf27284994be3c41507aa9f093ab,2018-04-19
6bc41d476dba28c3fc6929b6dba6cd4e,37576502af0e69a5b212adbc17c102ab,delivered,2018-02-02 16:52:25,2018-02-03 02:52:41,2018-02-03 16:27:41,2018-02-07 21:33:52,2018-03-23,4f2890c09be7367651292e04bcac9cd9,2018-02-02
e5f79074dd3c736ad9dd29283f649012,4d7464b36ed0d3d31de9a3275be94f7f,delivered,2017-05-08 15:58:24,2017-05-08 16:10:24,2017-05-09 11:38:08,2017-05-17 11:32:53,2017-05-31,b1be5bbc17495f44b315b30d8147314c,2017-05-08
267db43542633efa0839c965b2ad2f31,ca52f95cae581bc621ea0c722ef958fb,delivered,2017-03-09 10:38:32,2017-03-09 10:38:32,2017-03-20 03:43:37,2017-03-25 12:40:02,2017-03-28,4e3b6c25502ef69e5c5e54616bf67ed7,2017-03-09
4b2dfa4543d3bef373488e2004148316,aa58d8cc9b866d3ff15d1875adb9edb3,delivered,2017-12-16 12:05:49,2017-12-16 12:14:46,2017-12-19 21:09:07,2017-12-26 16:07:00,2018-01-05,4df563d2cba2f59d97f537568e25d85a,2017-12-16
124223dc899eca6ac54187a54f1e3632,08ea393f29fd8d854b91ce3a902bb5a0,delivered,2018-08-24 09:20:03,2018-08-25 02:45:21,2018-08-28 15:29:00,2018-08-30 21:51:12,2018-08-30,af6e8dd2b6be9c3dfa94baf3ba38037b,2018-08-24
bc4bfcffb1b6e4942fa9e911883e6c98,a52734ee63bbdd3515b91c523b2063ec,delivered,2017-05-21 10:42:32,2017-05-21 10:55:14,2017-05-22 10:24:39,2017-05-25 08:28:31,2017-06-09,be6142cc0f610cf3fdf18d60f2498894,2017-05-21
1f1d5024dbbfd1773a41998b6097e1cb,ec6577f064f62453d106a8be58d91882,delivered,2018-03-21 17:36:37,2018-03-21 17:49:44,2018-03-23 00:58:31,2018-03-26 19:35:22,2018-04-04,de3ff354252a0d5e1169e7bf85bcedf6,2018-03-21
ddb34cd42a4f007c29595d7d57caac94,2407d33ca65eaf7691859c2242577806,delivered,2018-03-19 16:06:04,2018-03-19 16:27:26,2018-03-20 18:10:42,2018-03-27 20:05:23,2018-04-05,7fbf3cb3a9820378008658cc9426b716,2018-03-19
66f44b9f776c56e0fd75fc15a7ee1cc1,dda2128bdf8203aac0d2b4d142956a2a,delivered,2018-07-07 14:04:26,2018-07-07 14:15:15,2018-07-10 09:43:00,2018-07-13 17:03:07,2018-07-25,7f3086687b82f7e38ec873f2e1a259d5,2018-07-07
57c431e8bf97cbdd79ba45fe58ea98d2,c95af629d419727820b19bc2c4ab4829,delivered,2017-11-12 12:24:08,2017-11-12 12:35:20,2017-11-14 00:03:32,2017-11-21 18:28:42,2017-12-11,808b5be2c2ed26bbee252667f924494d,2017-11-12
701a22b8c16c09a0c9514c41dfbf28de,5eed54f1f404f00ff0d44be6b120dd48,delivered,2018-07-18 20:48:34,2018-07-18 21:02:32,2018-07-19 14:52:00,2018-08-06 21:52:34,2018-08-08,dc647995a5eae1f95876da6576f5e8fe,2018-07-18
7994afae681339663255426a086c7a8f,8e07f247d16ccfb1bf53c4bd7461390f,delivered,2018-05-17 18:52:50,2018-05-18 00:55:12,2018-05-18 13:45:00,2018-05-19 16:55:21,2018-06-05,fe4ce4aa8ec7005ff315a8bf0c582c6b,2018-05-17
ffbae9b91be0cb7c3cc9a38a35c29210,9eddb5f454f963c83a69d249d0c2415e,delivered,2017-09-18 17:55:16,2017-09-19 18:07:15,2017-09-20 17:35:13,2017-09-28 16:55:47,2017-10-13,93400fded0b32a8d5d96e470a2e09537,2017-09-18
b790cd47d5cb1c9d14ce268a5a076782,95d7d67cad21376a7879f26715f51855,delivered,2017-09-30 11:16:37,2017-09-30 11:28:13,2017-10-02 18:51:03,2017-10-10 16:36:49,2017-10-27,d229af785c22c31753ef1c6b772617de,2017-09-30
30a04f020785d7dbc002c7b48d1ecb79,1148f49f45abad42d850cd2f157bd063,delivered,2017-07-18 04:23:52,2017-07-18 04:43:10,2017-07-18 18:04:17,2017-08-01 18:28:53,2017-08-21,cebc1be869f8a77cc44a94dc3073407a,2017-07-18
a9ddf1f40e51ec5d1c828564cef4d92e,9c757f83d0e92f37e334c1d227bc774f,delivered,2017-06-07 11:49:07,2017-06-07 12:45:07,2017-06-12 15:38:06,2017-06-16 15:33:58,2017-07-13,405f1175ae2417fb0afcbb89f5b45bdc,2017-06-07
af9ffff2ce6b3defd34fd4c78857a379,c8d062f9057d8290889c432f8985c707,delivered,2018-02-14 13:10:37,2018-02-15 11:30:38,2018-02-16 22:18:55,2018-02-20 14:59:00,2018-03-12,e20f982ec35a961d9e018e56e47e7778,2018-02-14
a29e4c7eb0774544c4558ec64d9e9481,e0f6b25565b4c3222dd8be157fdd62a6,delivered,2018-04-16 12:14:22,2018-04-18 08:51:40,2018-04-20 15:24:55,2018-04-26 12:51:36,2018-05-17,a72f919a1c4062915b6ac4c1450b729d,2018-04-16
eaab306c6d995d32606b73651e619bc8,1d90534421125d032db6ec6697cf51b7,delivered,2018-07-26 02:35:52,2018-07-27 04:05:17,2018-07-27 11:40:00,2018-08-16 20:51:38,2018-08-14,d9588223d0b523af12e4d1a01c9a774a,2018-07-26
2c0e4f78d8fdd3b6921776078f2c8080,0558be6a6e500f5cf3ab336365099074,delivered,2018-06-11 18:47:39,2018-06-11 19:19:39,2018-06-18 14:34:00,2018-06-22 02:24:34,2018-06-28,874812d5d2ecd0366ea33930646dc874,2018-06-11
3c404e64aaee40b3b597aafff9795b4a,372ce05cb86e4dcf20c8493ad417ebbc,processing,2018-04-13 20:44:27,2018-04-13 20:55:28,,,2018-05-21,44098c469e8b7f782bc8fdcf17ddc940,2018-04-13
ee8eb8b78945c68960a7c42e6211365b,c4406d76fa8017368e37f9b5cf078cde,delivered,2017-10-25 16:54:28,2017-10-25 17:36:32,2017-11-09 21:11:39,2017-11-13 17:41:54,2017-11-14,5336f61f924dcb211eb237913264ba03,2017-10-25
1f0a1cc0dc294f24707a0167df26c94b,d13ba90c3d08f763d715657141f6fa63,unavailable,2017-08-03 12:11:32,2017-08-03 14:35:18,,,2017-08-23,fb89dfeb89e96bffacaa12cf8fee6cfb,2017-08-03
87e1feb622e373e4f0d2cceb1f610886,59c202534c0e0e5088cdd5fc3b27e728,delivered,2017-03-16 15:07:42,2017-03-16 15:07:42,2017-03-22 09:06:11,2017-03-27 13:06:46,2017-04-04,dca366d7bb4bc4db53c0e749d4dfce44,2017-03-16
2d6714a64529023a331a4768990126b5,0428c4d3d04096fb5f5ce933acbe8e2c,delivered,2017-08-10 10:23:59,2017-08-11 10:30:17,2017-08-12 08:56:52,2017-08-14 16:43:20,2017-08-23,a0e9ac540437f1d948a7ef959d44b20d,2017-08-10
3c40fc70c7a1287e9616fb5dce615df1,58178a46a84b4313b9a859185a228113,delivered,2017-09-28 09:54:41,2017-09-28 10:07:19,2017-09-29 19:28:56,2017-10-09 19:39:02,2017-10-23,f1844513d950400294c26e9b0056b238,2017-09-28
e1014aef09115ba24cf43cccd31820c0,1681e6086f04446b645b37c6d45f46d7,delivered,2018-02-20 19:03:03,2018-02-20 19:15:23,2018-02-21 23:35:32,2018-02-23 18:17:43,2018-03-26,26facbeef306c95415f24f0db9e5dda8,2018-02-20
6f794a3ab5fe97d2aaad912ea4f81645,c747a54b89b53e15bef33f5d55fe2a6d,delivered,2018-07-22 21:45:44,2018-07-23 11:40:28,2018-07-25 14:51:00,2018-07-30 20:18:55,2018-08-16,7864470f3d597459bf2ead30645507f8,2018-07-22
9ef31a923c43ec898b3e23b270a98c1e,2fad1e5ed0a50e12c9c6e22e5548e1e7,delivered,2018-02-28 21:37:37,2018-02-28 21:50:36,2018-03-02 01:15:06,2018-03-02 17:12:14,2018-03-13,9eb79c299d98b2ec04e2734edac73666,2018-02-28
5ef51d70e6249c4a8c9fa866ebf3146a,17cac676b5ee74bf5a3ca8bfdf6ac113,delivered,2017-10-01 12:44:38,2017-10-03 09:49:15,2017-10-04 18:57:12,2017-10-10 22:43:31,2017-10-27,3f063d0a00c390265a45f0055472e72d,2017-10-01
73aeafc86203bc90e52a74f73217947b,aa12d7a2623e402109cc883f7166670d,delivered,2017-12-08 09:28:36,2017-12-08 09:37:45,2017-12-08 19:27:06,2017-12-19 22:49:19,2018-01-08,635290b2d6c1633bd1f4544b7846d1dc,2017-12-08
e2160872fa8ab465258bfebfa962c6bf,ca251ecdd89ad513647a29bc6b8373f9,delivered,2017-06-13 12:16:24,2017-06-13 12:30:30,2017-06-13 14:31:50,2017-06-29 14:59:45,2017-07-10,4148cf7f98c122f574eff592cc6dc941,2017-06-13
34e578b2d8c11db4288447dd459f9690,44e72442594c70bfe12611fb1684ff79,delivered,2017-12-18 23:34:07,2017-12-19 18:11:29,2017-12-20 20:27:30,2017-12-26 17:42:26,2018-01-12,81ede855f58f99b76014d66d161e7a23,2017-12-18
80e623f868d3e6dfcdbd8d68b1f02227,8b704ec875dc77958ecdcd9c0a978b6d,delivered,2018-08-14 11:45:20,2018-08-15 03:24:02,2018-08-17 13:19:00,2018-08-25 11:08:27,2018-08-31,37ba3c18f4e2c152aef9e61aa2fb4ae1,2018-08-14
2e5a94baadfcbcd894cbe04a9d4afb18,5fbe3867d3f0d0993b5624efa4098149,delivered,2018-08-16 09:22:47,2018-08-18 02:49:52,2018-08-20 16:16:00,2018-08-25 17:14:28,2018-08-29,0c7442120964360ebec3e8d13483c464,2018-08-16
7754339dd17ecab14c20d6c51a7dd0f7,413af08c0a0b10c69e1948e72debe635,delivered,2018-02-25 11:56:11,2018-02-27 04:31:10,2018-02-28 19:54:59,2018-03-08 17:53:34,2018-03-13,9d91708dc08dfd1ca50eef5698276fce,2018-02-25
440a666da55232dbd02bb270c7ac7d8c,991eebc91981fa12a03a7dbdeb21ebfd,delivered,2018-08-09 08:40:59,2018-08-09 08:55:21,2018-08-10 14:59:00,2018-08-13 15:06:33,2018-08-21,cfe59c8aa4d4bd4344db92d818d04c1f,2018-08-09
9277d9d48b3a4ca5a90e365f38d095e9,6febef93ca358ae29d1679d206f259fd,delivered,2017-10-10 17:04:13,2017-10-14 18:34:34,2017-10-16 21:54:01,2017-10-24 20:12:04,2017-11-01,a7237ef969fab2455d1b63685ff9086b,2017-10-10
aca32a744ead78cb64a902170bf3147e,147d57c32f7addc4a7d0f123e7cc9c16,delivered,2018-05-21 11:49:15,2018-05-21 15:12:17,2018-05-25 14:45:00,2018-06-02 10:03:46,2018-06-12,ea2c23bb1b06634d34a8b32733c9df05,2018-05-21
d860d32de96314e1c520c1dee7bbbde7,2bce54e2cbe983ea13f2fbc8e023f8d1,delivered,2018-06-12 18:44:01,2018-06-12 19:07:23,2018-06-13 11:27:00,2018-06-14 16:26:38,2018-06-21,8b6897e2fbc5fc8c1673ce79264ec0ca,2018-06-12
e318e1296433876f46916877afd23ecb,dfcbcec124c2a4729a84f7c0fd9ebf1d,delivered,2018-01-14 10:46:19,2018-01-14 10:53:24,2018-01-17 18:47:06,2018-01-19 20:44:58,2018-01-30,b56208e30406be345d4dbfd7d784dcd2,2018-01-14
e1bf61ad2edc26abb98c7d7f4a8dc47c,06befe7433b2a159c7fe6d032bd9363d,delivered,2018-04-20 18:43:13,2018-04-24 19:07:41,2018-04-24 17:05:09,2018-05-03 19:32:53,2018-05-21,fbe09444993da8c9e03a04cf33967045,2018-04-20
8e0b0837352d3cdfceceb267c205eeb3,7134e6843b1a3ab1d7f13fd79713337e,delivered,2018-01-29 13:25:50,2018-01-29 13:35:26,2018-01-31 00:23:07,2018-02-07 19:38:33,2018-02-21,ed3d6c253db48606ba5d7db9738583c8,2018-01-29
6e7e891760708803a2f4203981f2d69d,9bc1b48bb57b22ba2fbd77579dad8202,unavailable,2017-02-16 19:43:11,2017-02-16 19:55:17,,,2017-03-17,b3c3ded83fde176416890b31406e2415,2017-02-16
c2889b2085529be65218f712352769e6,fc5a45c75c8665a80c5d2b5ce7ad9f1d,delivered,2017-09-09 03:22:19,2017-09-09 03:36:32,2017-09-11 19:56:43,2017-09-13 19:33:26,2017-09-27,a1536ec97fe9a328697c20c5c1581d69,2017-09-09
9682e213157788365257ba787969f33b,4e8cad1ddf8145e68b56b4fc79b61637,delivered,2018-06-10 17:44:38,2018-06-10 19:12:33,2018-06-12 13:25:00,2018-06-13 16:42:05,2018-06-20,524efd82e1a2d4a85f0c87e3c5afe56a,2018-06-10
66ee5096e9bfe7cbb6d32e170dc477b7,5d6004e74b751b9f762bbabc16b77bb9,delivered,2018-04-19 14:28:50,2018-04-20 07:15:10,2018-04-23 17:26:58,2018-04-26 18:08:32,2018-05-09,d28f6dc192949c1cdd325d991ae60276,2018-04-19
e9200408a4afe99643102fe5ef8c66d5,c3dea957b88c4d7d4449a0461b5c0209,delivered,2018-05-08 20:43:53,2018-05-08 21:11:49,2018-05-11 10:44:00,2018-05-18 15:58:44,2018-06-14,d6a4a2054c2afbf6ccd3e80f960b2dba,2018-05-08
f260202afb4d01dbf827a9fd801fe658,d4e2739cba461368928b51ca712c2bc5,delivered,2017-11-29 11:36:37,2017-11-29 11:51:57,2017-11-29 20:16:49,2017-12-26 21:35:16,2018-01-02,8ee172edc2158ba15715f463ca98b0b6,2017-11-29
eb6e0e93afa55d94898504b3bf14dfff,6ee4303f27dc03360f9f7fba88cc644a,delivered,2018-04-19 13:14:24,2018-04-19 14:31:10,2018-04-23 16:52:45,2018-05-21 18:04:19,2018-06-01,f9c795b38c3a40d85f9d2d9046189b53,2018-04-19
b63262d64190314592077ae012a3e049,38b61dbac22e5857e3a383f837398b83,delivered,2018-08-12 14:46:40,2018-08-12 15:04:28,2018-08-13 15:06:00,2018-08-17 18:28:46,2018-08-27,5fffdfe9c338705d09e15e03b88fc75d,2018-08-12
c7820995dbe03c41044d23a03179a74e,689575ded4fb7b7c264f327f0c64aa9d,delivered,2018-05-08 20:39:52,2018-05-09 10:31:43,2018-05-09 14:06:00,2018-05-14 21:16:51,2018-05-16,78efb72be6e814b502339fd067f81d11,2018-05-08
2135bd317d81294f58211b548a783ca1,a4f468579e5d216ea38ab6c2356a996e,delivered,2017-11-26 22:05:57,2017-11-26 22:13:29,2017-11-28 15:58:04,2017-12-04 20:55:59,2017-12-18,450446fe77df0328b0d4e274693b4b00,2017-11-26
f8166a345b188c9033d127c25e44ab74,b6d0ae20431d0f3e9d26bbf4c311914e,delivered,2018-08-17 17:18:43,2018-08-18 03:09:52,2018-08-20 13:48:00,2018-08-27 19:18:27,2018-09-05,81e1a781cd5925decbbd918b8cb5fd24,2018-08-17
9d631d0cc9297702e540a111de4e0923,7ee2c200108e4a8286e7e1411da744c6,delivered,2018-07-26 21:33:20,2018-07-26 21:45:12,2018-07-27 13:08:00,2018-08-06 18:40:59,2018-08-23,1c61115023e8ec31a72dcbba69cd1d57,2018-07-26
a12de642288c88d6a5aec20f46a12fa6,9264159ca3b86f4cddd5a06929727ca1,delivered,2018-07-03 15:09:35,2018-07-05 16:08:20,2018-07-04 14:05:00,2018-07-12 19:34:27,2018-07-31,3404d049e9727fc40360b909c0a2da1b,2018-07-03
8872e48bafe00195f92e3a6f1d81bfbc,e11ae7b2848f4b2351a3f81350d2cddb,delivered,2018-07-26 09:04:33,2018-07-27 02:15:16,2018-07-31 14:18:00,2018-08-07 14:58:25,2018-08-30,04bd43a50f92e4ee6c9186cb20b2ac04,2018-07-26
7ac04774ea7d5faea51621289bb084c4,9e44f3e3ef885b79a7ffab8341f067de,delivered,2018-02-15 20:59:41,2018-02-21 12:10:34,2018-02-22 21:52:43,2018-02-28 15:11:55,2018-03-09,3cd73d6b67aa9d944d55978280201ac5,2018-02-15
2c3f481e97111f73a244fdfc556e2303,ff0feea3121816d8a9918cd346d2ab7d,delivered,2017-02-17 01:16:37,2017-02-17 01:30:12,2017-02-20 10:58:54,2017-02-24 10:38:56,2017-04-03,acc304ef1c163676f9747083a595f76b,2017-02-17
1585ebe77775265b8612b0e4fc614cd2,fd62fe532e81f5458cce4c0c2abc0768,delivered,2018-04-05 12:12:33,2018-04-06 13:09:03,2018-04-07 01:28:39,2018-04-08 16:03:30,2018-04-23,095445473b390ee22a754f4941b7b7da,2018-04-05
634a0c518ed370679d33e5e25ab3725b,6cc3e8cd4f55ed114d0a4625ac8e61c8,delivered,2018-06-22 12:08:45,2018-06-22 12:36:26,2018-06-22 14:49:00,2018-06-30 03:13:15,2018-07-30,2ca190d1caefaf6a50f7af623b4dbbe2,2018-06-22
bf9550703d5af230399ad5d1080d6683,7d6a26a363174157427589ce4e439d02,delivered,2018-02-14 12:30:39,2018-02-14 12:47:13,2018-02-15 20:52:15,2018-02-23 21:59:09,2018-03-07,a14013572052647bb2e247d67662b4c5,2018-02-14
2fc1313d91489f3f305f00305b493ec5,2229d64b701dcffedf518f2441a2d2a1,delivered,2017-07-17 19:41:15,2017-07-17 19:50:24,2017-07-18 12:53:37,2017-07-26 22:32:01,2017-08-08,fd75c62ea2fcc2b23062191d7c4fea23,2017-07-17
d7210728120a19b1bdaea9b513008881,847401f6c0587e1f78ac1104e3879cb2,delivered,2018-06-19 15:43:08,2018-06-19 16:25:35,2018-06-20 15:08:00,2018-06-21 17:11:08,2018-06-29,5854a3b6b55a5a77abc18d59772cc3bc,2018-06-19
e1a9b6caca1fad8c2b2ac22a649605b3,00d4a861a9e1ec05df44712a80bfd55d,delivered,2017-02-02 13:51:50,2017-02-02 14:05:17,2017-02-03 14:17:47,2017-02-10 12:26:05,2017-03-13,2bc59d87dc030d00c63357f6c135d70e,2017-02-02
eb57972c6cfa3067ea9b140a6d16a985,ff69fe294d9da2e683dede2ddb70b6ae,delivered,2017-08-04 13:52:59,2017-08-04 14:05:26,2017-08-07 18:48:43,2017-08-09 19:28:16,2017-08-24,cd6ff01588442a00ebf2e3829d88e819,2017-08-04
caf09f63f8f702663028ad9c731a162f,eb88eef5ebdc8f095332eb571ece92fc,delivered,2018-05-21 14:37:13,2018-05-21 16:15:05,2018-05-22 13:02:00,2018-06-08 16:34:47,2018-06-20,575b944621196882070e1fc7cfe00bca,2018-05-21
65eb69791cdbfbd7bfee2c5f706af25d,f4ebae603a379d4055a61c782a2afcfa,delivered,2018-06-10 12:01:48,2018-06-10 12:17:33,2018-06-11 14:31:00,2018-06-19 15:04:53,2018-07-04,4af357f97cd86fcf18dcad50c1fd5bbe,2018-06-10
212600c8b1f201e8bc92880516652523,74fa1c5ed124a5ced0a1727bd6aa8464,delivered,2017-12-11 20:37:55,2017-12-11 20:50:58,2017-12-13 13:19:11,2017-12-29 22:36:11,2018-01-05,0bdd3259ba84d641d0d91e098b902a85,2017-12-11
4cf6bc9c5e6ff30151bfb6f92f791b28,515dcc3641e65fbef358398ae6dc91cb,delivered,2017-06-23 20:43:32,2017-06-23 20:55:08,2017-06-26 14:22:47,2017-07-12 16:17:46,2017-07-25,31cdd1df0a1e5ae952d89a5fe0d6eb15,2017-06-23
39b4d87886cd7b78ff949d84e49dbcbc,cfa6a711c7353c4ab1c6bd01b5e15cf7,delivered,2018-05-10 08:53:58,2018-05-10 09:11:41,2018-05-14 13:27:00,2018-05-15 19:06:55,2018-06-07,62971915b214249061acaadcb26b3571,2018-05-10
9c3186381b733d4304e2e416afc6bbc1,a4bd2fc7bf4fc0061011ef71a2208d63,delivered,2018-07-28 20:49:05,2018-08-02 23:30:29,2018-07-31 14:09:00,2018-08-01 19:04:37,2018-08-03,dd6df6bc626f435236526c7f50b43d26,2018-07-28
51bba23b6fd5b430636450f273aadd8a,f2fd5f74881dfb8d8fd5e0010a0b86f2,delivered,2017-10-03 15:16:25,2017-10-03 15:36:59,2017-10-09 17:57:49,2017-10-30 21:41:18,2017-11-03,79c481d31d793a66a85f43af431eb745,2017-10-03
e504f586e9ffc862cad95482af740af4,4d547b17f5dc533970786de8f7233eab,delivered,2017-04-09 19:10:24,2017-04-09 19:22:24,2017-04-10 08:40:05,2017-04-20 09:15:28,2017-05-24,d3efd0ae3bee9c35f302e336aef87b99,2017-04-09
fb0fbc6ffba8082982c615400442faec,ac394e6868ddee8083cb8f8eafa69f19,delivered,2017-09-20 12:42:26,2017-09-20 12:55:22,2017-09-21 18:32:26,2017-10-06 19:22:41,2017-10-16,f4b0e2742164fd4ce5398de963114457,2017-09-20
5a902cc5a20f8cd076f116d16d5aef9d,ec5637e1b926c79b5472bd41d67882f8,delivered,2017-10-03 20:12:45,2017-10-03 20:25:04,2017-10-06 23:03:01,2017-10-18 16:17:24,2017-10-30,bdd88e5f6a6810d95baef27f2f6055fe,2017-10-03
0ed9d0447248a2cdfab50c897e1d61bc,f143ffc83f3b2f26c4b9ed37f0f70bcd,delivered,2018-08-03 09:36:02,2018-08-03 09:50:13,2018-08-06 06:59:00,2018-08-16 18:28:32,2018-09-10,7fdf91e0344d24265b925fd3107b2582,2018-08-03
ca2c48ff635d7bd831194de9207ca62d,22688d19d082732ac2ba2cb6f3e6b21e,delivered,2017-12-19 13:04:39,2017-12-19 13:42:58,2017-12-21 00:52:52,2017-12-28 19:42:51,2018-01-12,9046541463206bb0f8dcba0018853adc,2017-12-19
b574a73b303733045a8adad4c30d7add,e98d0483706d491ab3da6b233a1a87b0,delivered,2018-07-16 08:21:39,2018-07-16 08:30:14,2018-07-25 14:57:00,2018-07-28 16:06:42,2018-07-31,2e5e4750ae1b10f13eba20047a0a2523,2018-07-16
5377440d8cd95a8640466b534a83f87d,df370448e03b2b90e437d02b2c6a19f5,delivered,2017-12-07 21:52:50,2017-12-07 22:11:20,2017-12-08 16:41:19,2017-12-19 19:15:15,2018-01-02,bf8b1b6b7a19dc79caa3d1a02a2e00ee,2017-12-07
37fab49f8fded21bb3c6acf1e09253a8,60f1def9b59b404aa3244246ae05bb94,delivered,2018-06-16 16:46:55,2018-06-16 17:17:59,2018-06-19 12:28:00,2018-06-22 22:54:24,2018-07-11,66497ba44949e12429b9e0a1a4f867e2,2018-06-16
156e0e7f977e10a4bb2c7c38fb56251b,ec27c0d300b09425d4ea35261ccb8b56,delivered,2018-08-13 10:37:14,2018-08-13 10:50:13,2018-08-13 19:17:00,2018-08-14 17:57:28,2018-08-17,de61dd96a35b5a79020fbb4170b190c6,2018-08-13
1c0be101dfa673500b49e9b07b1b26e5,8718c2cf3a7b3fe07d6696c366c0d666,delivered,2017-12-29 11:40:59,2018-01-03 04:33:34,2018-01-03 18:26:30,2018-01-11 12:34:03,2018-01-30,b391745034e63512062820a0f4803cc4,2017-12-29
823b6da4cafa14bb8a5374d408ce0fbf,99a9947c5c954fa3ea64dd9114e0f532,invoiced,2018-05-16 16:04:24,2018-05-16 16:38:46,,,2018-06-04,acdb729157837a904d393ed571aa60cd,2018-05-16
96811fa570c678e31c69833f519a29e5,4a4dcb4f3051d863f72ad139c4b065e0,delivered,2017-04-30 20:33:21,2017-04-30 20:42:20,2017-05-05 12:08:01,2017-05-11 09:49:45,2017-05-23,43bbfd3cde007be301013b9425014b35,2017-04-30
27d59d6c52a0d2dbb8e2ea86ff71f962,663b8b90136c0c90b486a72adaafd911,delivered,2018-06-14 19:33:22,2018-06-14 20:02:14,2018-06-15 18:52:00,2018-06-18 18:21:51,2018-06-26,1a0ed4f256ca13df48093fcc7f733be8,2018-06-14
ad44597ced31488d80422a8f55428c6c,0fbb5e72320e5c8af8a04fb4fc633281,delivered,2017-05-29 16:48:56,2017-05-29 17:02:46,2017-05-30 09:19:50,2017-06-06 07:37:04,2017-06-09,efb9b93bf6b5019c17f900de2993608b,2017-05-29
4014ecd96ac1d06f8cca3ac729c389ff,e6bc52e3e443d2ac256c764962bf842f,delivered,2018-08-05 01:59:32,2018-08-07 04:35:22,2018-08-08 13:44:00,2018-08-10 23:57:50,2018-08-10,f0e51cdddda58afe98518088e2bb964c,2018-08-05
5acf62946adaf3b74ad395ec44b72688,1a8b66704e28000bb4868451e12c6b43,delivered,2018-03-02 18:50:53,2018-03-03 18:48:33,2018-03-05 18:08:49,2018-04-19 13:32:29,2018-03-29,f85b721fd7c1363858e29ad2054ac3f7,2018-03-02
a57d721718cc0b154e604581529a9832,9229bcd4ef83e2a0f654bd463851015d,delivered,2017-07-23 14:21:11,2017-07-25 03:43:56,2017-07-25 22:52:18,2017-08-02 18:00:07,2017-08-15,708dc8654f9d1d415d0ea6fffb898f2e,2017-07-23
281adb47b408b1e1866642b03432f095,10ae9ab538f23a7ff9e9e05fb116dd3e,delivered,2017-11-04 21:20:18,2017-11-04 21:30:37,2017-11-08 22:11:29,2017-11-22 20:51:14,2017-11-29,74e79d184c9d0034b5ee498813abbc7b,2017-11-04
ac00b2ff2ee93f4ac33b64cd6b656ab4,d11e21eb43c005333b4e9f0e279eec3c,delivered,2017-06-11 06:22:27,2017-06-11 06:35:15,2017-06-14 12:39:57,2017-06-28 08:39:16,2017-07-05,21559d7ff0ebff720e5e160184338fed,2017-06-11
7b51c46033c2c8973e402f7cfe510c11,981088d1bfaf97ed45f12bee74a60987,delivered,2018-01-11 19:43:49,2018-01-11 19:52:39,2018-01-17 15:38:40,2018-01-30 20:56:54,2018-02-06,f5ee18812b89ffa8c9d77d5aa251e095,2018-01-11
98c054318dc270816f8357351ffc4449,89b0004792c9ef542dc23c1b8b80a8fa,delivered,2018-06-08 12:14:25,2018-06-08 12:36:53,2018-06-08 14:49:00,2018-06-12 01:28:54,2018-06-19,ffb52634b4c16223ff808f266332de04,2018-06-08
dec35be986f60651db9bd0edded4ff75,f8b4a24fe1e43e25a94ceff98545fc1e,delivered,2017-07-24 00:42:41,2017-07-25 03:43:43,2017-07-25 22:23:37,2017-07-31 17:27:36,2017-08-17,97fa03cbfede93a3c8a4173d76a365a7,2017-07-24
1baadc6ea58da9e96c906bca98b8b15f,c91c30cd04bca31b0898185a149163c5,delivered,2017-09-21 11:07:39,2017-09-21 11:28:07,2017-09-21 18:03:26,2017-10-11 19:32:44,2017-10-27,acea6bd29b8c1e3c6a8b266a8fb4475e,2017-09-21
39ab7695b7b3ea8282b3e9b10f0dae4f,e057b769297aad116c406596ec4363f4,delivered,2017-09-18 12:19:09,2017-09-18 12:30:26,2017-09-18 20:07:46,2017-09-19 17:02:48,2017-09-28,21611338e9000f8749eae16a995a98ec,2017-09-18
bb4fb8e6263745e0b5dfb72b42a9b7e5,4e8206cfd9d078fe620c0da3fc2ddd7c,delivered,2017-11-24 21:42:42,2017-11-25 01:31:50,2017-11-28 18:34:34,2017-12-13 14:22:56,2017-12-19,02900dde8414f41aa7e3e6394eb08871,2017-11-24
fe36a827e3e9e0a6f5e11b0be2055727,3f08de414e86c589d3f085630f5f7f69,delivered,2018-02-12 19:22:50,2018-02-13 19:27:10,2018-02-15 18:30:15,2018-03-26 14:26:31,2018-03-06,7d904a4755e206a3e308a1f03d4a3a7c,2018-02-12
a433a9262512eb50abf01c085f2a7e8b,8e683daecc0f7d6f13e1f5426f890b87,delivered,2017-11-16 13:58:39,2017-11-18 02:48:53,2017-11-22 01:32:28,2017-11-27 14:33:07,2017-12-06,29146ce16dab45c12d3d439aa9b81b15,2017-11-16
b540418030015e66bde5d08c3f898369,444f7670fb2ee13d207e79eef8669e86,delivered,2017-10-30 14:03:24,2017-10-30 14:31:56,2017-10-31 16:47:58,2017-11-03 14:21:33,2017-11-21,f3462ada763e72f419860ca3e6f43006,2017-10-30
bf74f34eea55f16dd17b6212310074f8,0735e7e4298a2ebbb46649346570476a,shipped,2018-01-26 22:12:04,2018-01-27 22:12:58,2018-01-29 20:45:03,,2018-03-05,fcb003b1bdc0df64b4d065d9bb94f8c4,2018-01-26
768cf7b525325877d87127d98b19c7d9,744a5734ea69601b880719ac40a5a50f,delivered,2018-04-18 15:16:32,2018-04-19 02:10:51,2018-04-19 16:19:20,2018-04-27 23:48:34,2018-05-25,94e1036a76ee8f584d9495986890dfe7,2018-04-18
6e613acc622c3817004b1199230074ce,48abb16a8c2a06fa66d61ffab3379611,delivered,2018-08-11 01:39:34,2018-08-11 02:55:18,2018-08-14 13:56:00,2018-08-15 12:18:39,2018-08-21,5739e2bfec964ff11232483764eb628c,2018-08-11
8269e224d9a84c0b166494a74fa36acf,5cc7ae1379d691f599e4de330eea0985,delivered,2018-03-22 21:48:11,2018-03-22 22:07:43,2018-03-23 17:17:01,2018-03-28 21:34:23,2018-04-10,4a087a42fbcc7456ad207790f1e200ca,2018-03-22
fa0c6595d02f168f7557693dbffa7b69,abdc586e0d5ff6eacd551805eb29149c,delivered,2018-08-27 18:58:15,2018-08-27 19:10:12,2018-08-28 13:17:00,2018-08-30 16:18:46,2018-08-31,0e082239fe3cc7c85f738b8aa81250af,2018-08-27
0b03fa2615b44079dad6c958f0ef2a02,e736f5ed99e8006c42053a398381a116,delivered,2017-11-28 22:48:51,2017-11-28 22:57:16,2017-11-29 17:17:59,2017-12-02 15:58:43,2017-12-12,c8d5ad532e0c99723d5933d5972717d2,2017-11-28
f61217ba862409d7241c2d23ac2c41b0,4ce20fa4c791ec3acfd8391b2825939d,delivered,2017-11-15 23:29:01,2017-11-15 23:50:24,2017-11-16 18:26:38,2017-11-29 20:46:45,2017-12-14,c805d969977d7ba4ed36181f6e821603,2017-11-15
859a1faf872d345b39b31e3c9e044325,1ba3856af8b4149496b4dc9ea3c36895,delivered,2017-07-18 10:58:13,2017-07-18 11:10:13,2017-07-20 14:26:35,2017-08-03 20:22:44,2017-08-24,51750a94b6bdec1b46d8da295d3c6147,2017-07-18
e91b503ac4c35874db3e157605036ab7,8e348137d8b22267cd8006189ee471cc,delivered,2017-05-19 18:26:12,2017-05-19 18:45:25,2017-05-24 12:14:24,2017-05-30 09:43:53,2017-06-16,29487152070056048a9a38d7dd902129,2017-05-19
0e91b22f0f2f5a335e7501d69910848f,23696724436084b44582dc116c438a9c,delivered,2018-02-19 21:32:27,2018-02-21 06:05:32,2018-02-21 21:04:47,2018-03-01 23:42:18,2018-03-09,7d2362bce7bc745d6aea91c4735b0652,2018-02-19
2c45c33d2f9cb8ff8b1c86cc28c11c30,de4caa97afa80c8eeac2ff4c8da5b72e,canceled,2016-10-09 15:39:56,2016-10-10 10:40:49,2016-10-14 10:40:50,2016-11-09 14:53:50,2016-12-08,d93a22bb52bb2f41a7267b8a02370781,2016-10-09
6eace5a496456d346454761a9fc00dd2,ba5642b730704dc0f74b7cf715b41ed5,delivered,2018-08-13 15:17:31,2018-08-20 09:21:49,2018-08-14 14:47:00,2018-08-23 11:03:09,2018-09-10,4d8056f71519ae1069e6747c63c676f7,2018-08-13
3237c01ca83d6c17feee532d5b7e6b72,ef965f89f325a77c2b3c7e1de2b897ba,delivered,2017-02-10 17:43:20,2017-02-10 17:55:21,2017-02-13 13:10:52,2017-02-17 11:43:53,2017-03-09,b0363411321322effd28075f52b04ed2,2017-02-10
c7c5cb848cb25afc53c7a8d2527a9ad0,0948e6b4ba1a91e81f7d7ba6be31328e,delivered,2017-08-31 23:15:39,2017-08-31 23:25:43,2017-09-06 12:47:43,2017-09-06 18:59:51,2017-10-05,29309c6b1e5e1af920032cf226df47b4,2017-08-31
8356e1470c66aabf58e1d3f3ec25a20d,c767d0e473731b4bc29c1b09bfa50d2a,delivered,2018-06-13 19:00:37,2018-06-13 19:22:12,2018-06-15 21:22:00,2018-07-04 00:46:43,2018-07-12,ae6bbe4153dc872187e955bb9838a1bb,2018-06-13
17774450f243f686546b04633a04dbdb,2e28b2a4b665efc5157224222743d141,delivered,2017-12-16 01:04:58,2017-12-16 01:17:24,2017-12-22 22:24:51,2018-01-22 17:15:43,2018-01-17,812b989ae1e1002fd5c0bfcdf3fa2860,2017-12-16
cace50e014d7f1c702acf79a12b86a55,8b58775be04ef0b69a293030dc8f2bfe,delivered,2017-08-16 19:06:23,2017-08-16 20:25:25,2017-08-18 19:51:56,2017-08-30 18:25:36,2017-09-21,d6b45d2f14182819fbce312401313939,2017-08-16
91df17d502dc583ab12bb35678a53721,ea3b4bd2d59d47d802aac1697a29ba35,delivered,2018-01-13 09:25:14,2018-01-13 09:32:30,2018-01-15 16:23:13,2018-01-22 21:30:32,2018-02-14,c7d5bdcd64ce1857b31e0511b933657f,2018-01-13
dff50f88a838d34d966a0cf70f39a706,00c38945ab09a0f226419274da4675e4,delivered,2018-01-06 18:25:36,2018-01-06 18:37:26,2018-01-09 19:18:38,2018-01-26 23:03:15,2018-02-06,507c2846cc2991d0765fbf880e1d219c,2018-01-06
381c217ee7fe965c547e4af4c8a70b75,408691bd6f6f11a18163f9ae838ad30b,delivered,2017-11-06 15:11:22,2017-11-06 20:41:29,2017-11-08 19:28:53,2017-11-16 20:38:53,2017-11-28,a28f687bf746de141e0827d034d6132c,2017-11-06
4d808ed2901ed7dfebbb74bf1cbb74f6,cefdf85ed4e91e4fc08a16bea7a49987,delivered,2018-07-26 10:19:28,2018-07-26 10:30:13,2018-07-27 06:16:00,2018-07-30 19:32:32,2018-08-09,230a1e9f42924d41f37fd22a1d4a9707,2018-07-26
44561b17e20e18c835ffb61863a20b58,c3733c5a81a87c292683e8bfe2bfdade,delivered,2017-11-07 20:16:54,2017-11-07 21:07:04,2017-11-08 21:12:23,2017-11-14 19:51:44,2017-11-30,a84f29c40d59b6527ca4c8ac8f8c87bc,2017-11-07
3e6c7e23b1813f6c33ef1a6c0f943eb2,48b1d0a03265df16113c62f570b22300,delivered,2017-03-06 19:16:05,2017-03-06 19:25:19,2017-03-09 08:50:55,2017-03-17 16:52:00,2017-03-31,e28f25b5a3dcc16f1c7c575f09d01196,2017-03-06
ffef9e1de5dd07b397b373f9bb72cccf,f46860fe1b54585612e3fffdbf52e43a,delivered,2018-01-11 10:02:13,2018-01-11 10:14:27,2018-01-15 22:34:16,2018-02-06 01:05:12,2018-02-09,7cd07164e3693dd38f4cd09fc3872682,2018-01-11
0246b043b8ae041912cc7651ceb1ba2f,e412443072bf2656a463473f5c9802c1,delivered,2017-10-26 10:54:50,2017-10-26 11:16:37,2017-10-27 17:24:45,2017-11-03 19:33:46,2017-11-16,d234dd6da60ad8379e0ea3a904126e23,2017-10-26
6bf16500099d133a8d085444083a6c90,8181a8f18604ee6fc011afabf08fefde,delivered,2018-03-08 06:05:56,2018-03-10 04:40:59,2018-03-13 16:29:48,2018-03-21 19:46:31,2018-04-02,c5721e67646e5ae25858801b74b277b1,2018-03-08
1b18059100e6796d8551306a1876fc09,0c7ba0b11923d9c8bad61bfdcd6b3b2b,delivered,2018-08-13 12:22:49,2018-08-13 12:35:10,2018-08-15 11:30:00,2018-08-16 18:38:40,2018-08-20,34b0cd95480e55c2a701293a2b9671b3,2018-08-13
7b55e0ab39964f4d062638b827734371,2da272ce9616af4f18b954a18ba46996,delivered,2018-04-16 22:26:28,2018-04-16 22:49:49,2018-04-17 18:42:13,2018-04-18 18:54:50,2018-05-03,e31e57a5fcc85d9f53064571ec89390f,2018-04-16
05547569f5543318997d30464eeb74e7,1744c521a2c25fa33eeb79ab5e987da6,delivered,2018-06-14 14:44:06,2018-06-14 15:19:40,2018-06-15 14:00:00,2018-06-28 16:37:50,2018-07-27,20ae758fb6688386d9d1540f63d380e0,2018-06-14
c004caad90ab5b86dcc0e253eee4491b,637add33cc02415a6567d6b134828754,delivered,2017-01-28 19:44:25,2017-01-28 20:31:36,2017-02-01 13:03:52,2017-02-13 10:32:41,2017-03-16,8331d73eb4989100a9a2dfa095dceaa7,2017-01-28
360ea8da05d9705bd651981c6cfc9a22,686f061bc1f55e41e260b1405e884c10,delivered,2017-11-24 10:18:45,2017-11-24 12:13:28,2017-11-29 23:12:13,2017-11-30 20:12:26,2017-12-08,f2486ecf1e4d40ef68dad70ea816e608,2017-11-24
e639ca87d2005d88adaad8431a8016e9,06245210ec8924e97c2eb9971cb94a9f,delivered,2018-03-25 18:27:31,2018-03-27 04:08:38,2018-03-29 18:38:37,2018-04-11 22:17:33,2018-04-19,abcf3aaa32c5bc43782f0e3cb2a3cba4,2018-03-25
2e8e21db96a8ab922e51cd297678c6b2,6a58b195be76f8ad6544e032b6c7316b,delivered,2016-10-09 12:13:58,2016-10-10 01:16:09,2016-10-25 13:54:41,2016-10-28 14:11:47,2016-12-02,f7ace36f8a10c4b2ede9ea7708e01454,2016-10-09
ca1e3df727868ef1138ae5de78a1f611,d2bec02f98c0a59bdec9baaf22cf91b7,delivered,2018-08-21 11:39:02,2018-08-21 12:20:36,2018-08-21 13:48:00,2018-08-25 00:58:36,2018-09-13,3a7160ec56047ea4b953718fec30b46d,2018-08-21
f8328684373f607cc5b73322a9b186bd,d26bf697b9a9b789939a28d0a07d5487,delivered,2018-02-21 23:58:44,2018-02-23 02:15:35,2018-02-27 13:23:25,2018-03-09 21:32:40,2018-03-19,b801b3fb2ebcde305031a5d45dcc311a,2018-02-21
25d2a391f2bd247e905a176c97f355e6,f6bc6021896699b56240be47d1ae3e8b,delivered,2017-11-09 13:34:55,2017-11-09 13:46:48,2017-11-22 22:51:55,2017-11-23 04:38:28,2017-11-29,13d7f4ae8ba7b8dcb8ebb7fcf381d841,2017-11-09
e3f9bc8fd9bd8878c7c112e6dfa97db8,ec2fa0b878457b9ed3d19c5118f1c2d8,delivered,2017-03-08 15:17:51,2017-03-08 15:17:51,2017-03-09 08:23:03,2017-03-20 13:22:03,2017-03-29,77673ce425cdde0ac9dc37362ab84246,2017-03-08
d5a0359c9a84924aa4c85244ff60c1ef,fc46397b7ae78215cb3115edf8cef3b5,delivered,2017-05-01 19:42:01,2017-05-03 11:10:26,2017-05-05 12:46:15,2017-05-12 18:34:47,2017-05-23,71ebbe884a8056d68d32c7690b8604f0,2017-05-01
4c33ec562d9dc5655e160913aa86eb53,ae76a4650235ab18764708174f1da31e,shipped,2017-08-11 23:47:48,2017-08-12 00:03:51,2017-08-14 13:24:58,,2017-09-11,2b6082a140c439e2df870c85b0aa5e88,2017-08-11
741121f1537c7e738a8eb61c63ae84e0,27448b6cf41ae50239a2f76f956f8b58,delivered,2018-01-17 15:17:04,2018-01-18 02:11:49,2018-01-23 23:18:58,2018-01-31 01:18:38,2018-02-01,933dcc1cfd5c794f6177ebce818c2412,2018-01-17
d438c9e78430036ea02538cca576c53b,00b694184c8c2f2a565e4def5a00b8ee,delivered,2017-07-20 16:32:36,2017-07-20 16:45:12,2017-07-21 14:22:27,2017-08-18 16:43:45,2017-08-23,c225695275be1f228cece399a0093593,2017-07-20
0222b443ebbd702540abbaf4f5ff7edf,b17fdd3ce7dab9006c20a275bbf7c804,delivered,2018-07-19 21:42:21,2018-07-19 21:55:52,2018-07-20 12:46:00,2018-08-13 17:33:29,2018-08-14,16c4953da648eeb4821d66403ebcb632,2018-07-19
1970c6df1f91ef915179e223145ccd45,5b7c81fc95d9bbf5014919a329e55980,delivered,2018-05-01 12:04:53,2018-05-01 12:34:05,2018-05-02 14:29:00,2018-05-09 21:04:14,2018-05-25,42419b1b7227be3fba19cfb3f7b16649,2018-05-01
b71eb454059e662d34619ccf0237a652,d1a2cddd07d7491bfcc7eee111311462,delivered,2017-11-18 09:48:04,2017-11-18 15:46:18,2017-11-20 16:26:44,2017-12-11 22:25:00,2017-12-08,8f1b15e134107b88557c55167040c6b3,2017-11-18
fb746a5589147f8645b6c4adec4fdbdc,81904fe0847fa79d876547cd0c859156,delivered,2018-02-20 07:29:37,2018-02-20 07:46:11,2018-02-24 00:21:58,2018-03-05 13:57:12,2018-03-20,381d90c0fc95218ddb163a90d9db3358,2018-02-20
b20c4853eeabf3094cf40ce7fcacacca,cd8d6a9573fc64b284dcbb9b45068f39,delivered,2017-07-21 15:20:47,2017-07-21 16:10:20,2017-07-26 04:36:41,2017-08-01 20:59:27,2017-08-14,e35aa88a073eeb1cb59d10fd78103dca,2017-07-21
beea8116a9908f0390812fd77d9b1f2e,f7eab7d0e27f9ebe87e9db3c3c01eee3,delivered,2017-05-21 08:03:32,2017-05-23 03:55:17,2017-05-24 12:36:57,2017-05-29 14:17:47,2017-06-16,c4c643340c5d988d370b984a13ebea16,2017-05-21
b37a7e90838d63c38152d2f8c432a726,ff542e3cf0ba09909e8cfa4ea58186e1,delivered,2018-02-25 17:37:04,2018-02-27 04:31:04,2018-02-27 21:38:32,2018-03-15 19:11:43,2018-03-27,a982bd0fec12d781fecd9f1e17cb81bf,2018-02-25
b82c76472b3bc51acb8f5db576ec974f,459edfef30398de90952c216dae7e3cf,delivered,2018-04-29 16:38:27,2018-04-30 21:29:47,2018-05-03 14:28:00,2018-05-08 23:05:24,2018-06-01,eff4bfe61fd7528ff872ea9e2f430b94,2018-04-29
00e32e413e017e64ff93a9e800b8e1be,9403d354eae44e50158601ecc4be7060,delivered,2018-04-30 09:14:50,2018-04-30 09:36:03,2018-05-02 11:43:00,2018-05-07 13:33:56,2018-05-23,3cfbe790a05c2d302c768b447864d7a1,2018-04-30
045e848420a12f1b3dbcb2e6e375852b,ff7a52cb304f46020dcd25d21c073e3a,delivered,2018-06-26 19:37:07,2018-06-26 19:50:12,2018-06-28 13:24:00,2018-07-03 21:05:13,2018-07-25,5816f42342d01319fd51e39e45cc2a5d,2018-06-26
8d37c366611418b5ea3b8fa9da611b8d,237e63b5882e6ad2811b597bab07debc,delivered,2017-11-24 15:23:12,2017-11-24 18:32:16,2017-11-28 21:59:11,2017-12-12 12:12:56,2017-12-19,333f7cf503c8be1d9d1918fc19099f71,2017-11-24
0bcbcc3e0a09b3f6a9495de35f452616,224dfce9628d0b53567eaecab61f5f4c,delivered,2018-06-26 09:29:13,2018-06-26 09:52:56,2018-07-03 09:39:00,2018-07-06 13:54:55,2018-07-26,efb0cc85e51a471952b523bcfdbe4f2a,2018-06-26
f37d444498e3442d5896c6d98a89eb09,58010882ac48cc7801627ad2bcd383e4,delivered,2017-07-08 09:33:41,2017-07-08 09:45:12,2017-07-12 00:37:26,2017-07-14 15:52:44,2017-07-21,f1bb87ce3b511f772f77765bd3fcef6a,2017-07-08
5f254e3f920139c2f5114e83781e6b91,0203e70e371d45dbb6db12bdc49cd70c,delivered,2018-01-21 19:27:38,2018-01-22 13:57:29,2018-01-24 01:53:11,2018-01-27 01:42:56,2018-02-07,330692f22ca30749f72e552e1d3e003f,2018-01-21
d48863aea86f6a6ccbcf40c4d1a38a0c,7af59ba24405ec1365f4500d9e8538ed,delivered,2018-05-03 13:20:29,2018-05-03 13:34:18,2018-05-09 15:48:00,2018-05-22 12:04:07,2018-05-30,c0d4249b0ed7f26dfe085cb501cfe42e,2018-05-03
f89dc6d4d2804453af87b0745884618e,6bf9f7d192d869e5bfeb7c8a94b8c003,delivered,2018-02-24 22:24:38,2018-02-24 22:35:28,2018-02-27 03:17:38,2018-02-28 20:25:29,2018-03-12,c6aac59085fcbf50302b209514f27671,2018-02-24
7ea0402bb982f8ff37a8a8ef5adc4786,66cbcef072a77824c522cede2fca861a,delivered,2018-07-24 22:31:47,2018-07-24 22:45:06,2018-07-25 13:17:00,2018-07-26 23:48:36,2018-08-01,272825be3a91274ad871226bf6a7ad97,2018-07-24
26a95c7a47327bed47c5651221bfcb18,4a6e1c44e2055e46c2e15d69edb81be7,delivered,2017-09-12 19:37:09,2017-09-12 19:50:24,2017-09-14 19:27:24,2017-10-06 16:55:33,2017-09-29,2d0c669e022d0eb2c7e8affa8851a688,2017-09-12
ab49b594934a5f49ee9194704347e602,87de58b285ddbf82328d7ad34e5a5e2b,delivered,2018-01-28 10:24:50,2018-01-30 05:31:38,2018-01-30 17:11:41,2018-02-06 21:07:14,2018-02-23,59aa2525a8061dc766f26e9722bb88c0,2018-01-28
90e2de5e3c7e68c82623b0bdcfc301b4,ffb4dbe856e39f4c88fd2abdd505436a,delivered,2018-03-16 09:12:47,2018-03-16 09:42:27,2018-03-16 18:31:36,2018-04-13 17:03:06,2018-04-10,34f8bf4ecb58cb0cd5652c24a8c55ba3,2018-03-16
9ce19d5b71288d9c2fbb7e5848d28d95,8c9d33f59db86369058cf6784d5b7163,delivered,2018-01-03 10:27:33,2018-01-03 10:39:24,2018-01-05 13:14:25,2018-01-12 22:59:47,2018-01-26,af0f26435fade1ca984d9affda307199,2018-01-03
2a633b0c6a563a575a8887426a80a53b,82d8dec051f882c5e6108a8e85b7c49c,delivered,2018-02-18 15:00:13,2018-02-18 16:10:27,2018-02-22 03:11:27,2018-03-12 16:48:32,2018-03-15,6830a0b9797ee90e858640d63df1f598,2018-02-18
3ac4f30b6ba23f340792aeebba73158b,45b2e2f0f6fc93eecf7802eb6be9a91a,delivered,2018-01-27 20:14:42,2018-01-27 20:36:58,2018-01-30 14:32:18,2018-02-05 21:53:03,2018-02-20,a1e84008eefc17efea0a012549d5d7c6,2018-01-27
bf73c65f1e495937d0e65520f1bec3ed,c52c5c0033d00148752ff61f991e2521,delivered,2018-06-04 14:04:48,2018-06-04 14:15:21,2018-06-05 08:39:00,2018-06-13 18:22:04,2018-07-11,b1a6ead3efec7299aecaf0a1ff2070a5,2018-06-04
23f098e532da469bf9f45d52c5d16d10,472cc41a490ad5678fae4c2ced078e6f,delivered,2018-02-15 15:20:50,2018-02-15 15:30:34,2018-02-19 17:52:52,2018-02-20 19:35:18,2018-03-01,cf87af044b90fd10dafe53dbf69680d3,2018-02-15
2c3ca3f1309ac4dc9e380810f4f65e46,2c761d20fb4aa9d0e730187ca4f7f7cc,delivered,2017-09-27 11:44:18,2017-09-28 02:56:29,2017-09-28 19:23:54,2017-10-09 11:38:17,2017-10-31,e9de84ac3eafad4e7515761da890bec0,2017-09-27
6092d8164237b3c7eea663e17e709b21,51324c94dbedd0d70823744ba9d51225,delivered,2018-02-16 00:14:04,2018-02-17 02:07:44,2018-02-20 15:08:56,2018-03-11 16:12:22,2018-03-14,2a796626511e57082fa516098f8499bc,2018-02-16
0542a77eb7f00f9ed2f08c1dba22a43c,81bf8b2387b9d3716a34a33be63c45ea,delivered,2017-05-11 14:40:14,2017-05-13 02:55:22,2017-05-16 11:44:35,2017-05-25 08:18:49,2017-05-30,6da1f239b54ae1312f44837503ff6d1a,2017-05-11
32779f6285849a399d09a038397d8e8d,e83c8b223d5ef6013da32adfe2a2c4b0,delivered,2017-07-07 17:36:10,2017-07-08 19:03:00,2017-07-10 19:08:10,2017-07-20 17:10:15,2017-08-02,5274e80e45deaa4b1e97016ac8fdb005,2017-07-07
07e8c8c7545c3cf6386eaf464b1e8365,e26b9c4b85923dcabcf02312427b75f5,delivered,2018-08-08 12:51:29,2018-08-08 13:05:18,2018-08-24 14:13:00,2018-08-30 22:04:52,2018-08-29,573f9af769221b61e217ae44ca555a4e,2018-08-08
0b88df5bf12a6df08bf27d7db86e4ab6,a3a56df70dac7a02e8717683109cef4b,delivered,2018-03-31 09:01:18,2018-03-31 09:15:09,2018-04-04 18:41:43,2018-04-19 02:28:52,2018-04-27,bf62d5d68cc829b3e9269e7001ced2fa,2018-03-31
c27941f0a7135ca5f13f3c07ea6b1d28,c46c509b0f184dbaa98821e375af3fbc,delivered,2017-08-07 10:00:46,2017-08-08 05:40:17,2017-08-08 18:32:21,2017-08-11 17:17:49,2017-09-04,a4b1f228f759c39008a45d610484d475,2017-08-07
b743373d6701f25279252a6f98a14977,01ce9c8d021371142c40a9523f58bcef,delivered,2018-02-13 02:18:35,2018-02-13 03:00:21,2018-02-14 17:22:47,2018-02-22 21:23:14,2018-03-07,4023f2039151d32536b10b3e5c0442db,2018-02-13
01d96f415da1ffc3807bc85852dea189,50e2e211862daf99d434538a985b5423,delivered,2018-04-10 20:59:36,2018-04-12 08:32:40,2018-04-12 17:51:59,2018-04-18 00:21:08,2018-05-03,33235831eeadee4a8d2466454f9b6b15,2018-04-10
6bee1849192c8d7e1b0e6a3b7046a461,4435fa72310d5bf570e3a8dffa5a756d,delivered,2017-09-29 17:29:48,2017-09-29 17:49:08,2017-09-30 14:40:12,2017-10-04 18:42:32,2017-10-30,40291b25c9e8d74b7c2e03d64ce31187,2017-09-29
ebf5dbab20132b5c6b7d76d2ec6dc7ba,6491f7a16a09abf283fdb6ba317a67a8,delivered,2018-08-20 12:25:52,2018-08-20 15:35:45,2018-08-22 16:37:00,2018-08-23 23:14:23,2018-08-23,ce0f3a230f9b27537192e9de148a3238,2018-08-20
922aeb0ac07d644471698222684ea285,6a3392d49966d00c8547fc17d85c2490,delivered,2018-07-24 22:15:53,2018-07-24 22:30:10,2018-07-31 12:40:00,2018-08-06 12:19:57,2018-08-10,c0441350fc63bde5244872590587f1b6,2018-07-24
6dd108d9c1d54a07eeb03602befafd7a,2d40ec967a9f9fcdad984e510b781fa6,delivered,2018-03-31 16:43:35,2018-03-31 16:55:33,2018-04-04 22:36:45,2018-04-09 20:25:30,2018-04-30,2f1ae2ed6bbc4661d04c271560570c54,2018-03-31
0e2cb01a7fe8e20a0dc09ee72a5d8346,7f61badd7cb99c1c057083d9572ba89d,delivered,2018-07-23 11:18:49,2018-07-23 13:40:25,2018-07-23 15:26:00,2018-07-25 13:12:52,2018-08-06,11eabb4fb78eb5280080a9fccb0db887,2018-07-23
006df90050498994d670b40da4651d22,5c94f28f54aa13e14aaf67039511f318,delivered,2018-08-13 13:59:20,2018-08-13 14:15:12,2018-08-14 14:43:00,2018-08-15 22:18:36,2018-08-17,55b66f38e36f20986ecd81eb16d5dad4,2018-08-13
98ce4ac632c6960f83f6b7d7323ba9a5,9feff441141d0ac87f6c27452208cec5,delivered,2018-04-15 15:29:44,2018-04-15 15:51:11,2018-04-17 22:17:39,2018-04-20 23:16:28,2018-05-04,33c7cd0d69e316481d63567e3881736d,2018-04-15
2235b8528768ef6863fd3f90a50521a9,de3bc13bc0be066d857739429bd91c6b,delivered,2018-03-04 14:22:25,2018-03-04 15:00:22,2018-03-06 03:34:46,2018-03-15 00:10:57,2018-03-21,d59bcb9ecb849c3883ad37212faf6a85,2018-03-04
50f943da6e59c10475c030a61ff8a31c,842993a3ccbcadcf1470e8c57167a590,delivered,2017-05-10 22:44:22,2017-05-10 23:02:38,2017-05-11 13:21:52,2017-05-27 05:42:52,2017-06-09,a01886c4022f4407927a0a780e87642d,2017-05-10
0759c200a1d9ec728ba380676bccb583,65d253d62427d89106258c7ec2410eab,delivered,2018-07-31 23:19:17,2018-08-02 05:25:14,2018-08-06 14:41:00,2018-08-13 13:34:50,2018-08-20,fd592e54477a38149f66056b6afa81b6,2018-07-31
216abf06d82d5abe6b9f5eaffeba374b,d6bf7156a0ebba7f8fa34df19e4ed24e,delivered,2018-03-14 16:13:12,2018-03-15 16:11:11,2018-03-16 21:46:43,2018-03-29 15:45:53,2018-04-12,6c504a0ca0bcb6d87c76ee991c27b93a,2018-03-14
59ee2fecea61fffb6f6da1adf48df362,4a3c70d1f6483d7c120802bab86bf4e5,delivered,2017-06-02 21:09:49,2017-06-03 02:15:20,2017-06-26 15:51:39,2017-07-03 17:37:34,2017-06-27,d48af098001d493ee2688ad565d8d84d,2017-06-02
6045e16eec7cff271b49029f6a84fb62,9f1cdbd535e0a870f052c6e0fa30542c,delivered,2018-04-25 22:40:54,2018-04-25 22:55:27,2018-04-26 13:45:00,2018-05-03 17:26:45,2018-05-15,1f8ce2bb265b695caa82dd35a3bd0d10,2018-04-25
36e954e851bc552fe31416b9cb10afd9,b9cef3a1417192dc00192bb252d3fcab,delivered,2017-10-04 14:43:07,2017-10-04 14:56:15,2017-10-09 17:57:55,2017-10-18 18:47:02,2017-11-01,1874e58d6f01cf98c91368ca770b608e,2017-10-04
e8d859ca02a01790e391ba21fe50b27a,f205e2c56e1af74d15f5ab6104e5f917,delivered,2018-01-11 10:54:28,2018-01-12 02:35:37,2018-01-13 01:59:39,2018-01-19 18:26:46,2018-02-01,d4279ee1fa2bf086de5b8de6c0ede158,2018-01-11
c48b937c24e7b161a3685f1a8bc963b7,4e0d465bf7a56e22b91d75f01e5c8b0e,delivered,2018-01-15 22:34:23,2018-01-15 22:51:33,2018-01-16 18:23:02,2018-01-23 16:59:05,2018-02-05,792f1a827e7ca88e7f76678562e5fc7b,2018-01-15
047e0e88828680c6cd9c476d555823e2,71fd52295abb1b8c1cd4da93dce20bb8,delivered,2018-05-20 00:32:28,2018-05-22 08:56:47,2018-05-28 09:18:00,2018-06-14 21:18:42,2018-06-27,f700c475c69e4402aeaf4b55d531a2b2,2018-05-20
ec55c591dee6e33a91fedbe64d75b475,be3259fe9f5ca5002148b8deaf52a84e,delivered,2018-03-22 18:49:32,2018-03-23 13:55:39,2018-03-26 22:12:08,2018-03-27 15:34:54,2018-04-04,93299b9214b83dfd27be73688fa20854,2018-03-22
01667048de265bad400b945f29b52526,de803ca99877b56ce0d121b7e2d57bc5,delivered,2017-07-01 12:25:09,2017-07-01 12:35:17,2017-07-03 15:56:23,2017-07-17 18:12:46,2017-07-25,675bbd87e94431bd6c6fc90aefa1427d,2017-07-01
b15ba0106a29a69e70c7041892543ba0,24480ff9e0d599118c096bee61df96a4,delivered,2018-07-18 17:25:29,2018-07-18 17:50:28,2018-07-20 08:43:00,2018-08-09 19:48:35,2018-08-10,7969abc13b274731b83d6eadf6bef186,2018-07-18
ba30f1c00f0081224a0f5410ee56f335,a8416fc432d7c6de9f5ac20b3b713e4d,delivered,2018-07-20 14:09:09,2018-07-20 14:24:02,2018-07-25 13:05:00,2018-07-26 18:44:37,2018-08-01,6d887fdae7b23b09c8108f16900dab42,2018-07-20
07e85d403be2aca377eebdf6581323fc,b57cf80b3778ed268142cd5596d861f5,delivered,2018-08-11 19:14:29,2018-08-11 19:25:12,2018-08-15 12:12:00,2018-08-20 21:32:10,2018-08-30,0a8482d3b9220dfb3411e1458a9ac60f,2018-08-11
c80a0f4c8860db02b33d08ecf2c6e03c,0ce599987d368a757f0818f3eef800e4,delivered,2017-11-22 18:43:55,2017-11-24 03:12:31,2017-11-24 19:08:30,2017-11-29 22:48:29,2017-12-04,26b0e1ea6c8e0976c527ff599e113ad9,2017-11-22
c8616afdf0665e9bcbc7673c6219c472,88762b3162727d7e1bd270ed0d45c8d0,delivered,2017-12-18 23:51:12,2017-12-20 06:54:32,2017-12-21 19:05:36,2018-01-16 17:29:34,2018-01-16,801c66d1c91e6f3eee6bc9a3ed4bbeb1,2017-12-18
bb7212057f59214702cd81a6bba10fdf,bf82da04c80d7eaff5eeadbc1ddebf96,delivered,2017-09-13 11:52:47,2017-09-14 02:45:38,2017-09-15 20:34:50,2017-09-27 19:38:01,2017-10-02,64906a5acf9d1de03dbde24d18ffd458,2017-09-13
f97b2bdfbaca9c2f04722d8cbc8cc8a5,3ba38209ae8f27771c90ec6b410f2043,delivered,2018-08-08 18:34:29,2018-08-08 18:45:20,2018-08-10 14:49:00,2018-08-16 22:31:44,2018-08-24,91798cca876208ae649532488494682b,2018-08-08
70d93481cfa348bc624673d812d9858b,782d764319a43dc3d1fa041b70f83efb,delivered,2018-04-12 14:48:05,2018-04-12 15:30:50,2018-04-13 16:11:47,2018-04-20 23:22:42,2018-05-07,c46ab3da89e5a14bd17c65fa2cad9b76,2018-04-12
0e0fa429a12bc8105554270a3a52ce97,c7f4ae2ceae1c61d7498868443fc755f,delivered,2018-07-13 12:00:36,2018-07-13 12:10:46,2018-07-16 15:11:00,2018-07-21 15:50:57,2018-07-31,39233d7a20a6765ef89a9559862da0dc,2018-07-13
c0bcb62c1eb5956ed1d7cd6a8c80ed47,b07f7cb818712ba7d6127edbf936dec4,delivered,2018-07-16 18:40:11,2018-07-16 18:50:23,2018-07-18 13:48:00,2018-07-23 20:09:30,2018-07-31,9810cc6cdb6853ab93348af627d47050,2018-07-16
5dac9935cdde1d40def25a669f8812a9,07e37b9181238afc5aef3d87171bf28f,delivered,2018-08-15 14:01:43,2018-08-15 14:15:14,2018-08-15 14:36:00,2018-08-21 20:31:50,2018-09-03,aa671b18d12bf808c52e3ce9875dd8c6,2018-08-15
de5a3a2e05f3b46629d00ae9b9422973,7520f9fd4f9a0764e6abc26bb74a8f80,delivered,2018-01-17 22:31:41,2018-01-19 02:38:48,2018-01-22 22:23:33,2018-02-01 18:31:50,2018-02-07,8a0795f19d1f3cc51debe071cf3e7870,2018-01-17
95a93f965d3c6328db39978e83ffa115,92ed0d927435e2b9874e0b45243fc57e,delivered,2017-06-29 14:13:36,2017-06-29 14:25:14,2017-06-29 14:41:47,2017-07-10 15:12:27,2017-07-25,89fb6320a3792e16053b1d10ef16456e,2017-06-29
20f00734b9cedbed78661618c0deb7fd,e117a1572482e4564d02760fc7d18aca,delivered,2018-03-30 18:06:39,2018-03-30 18:50:21,2018-04-04 23:36:53,2018-04-16 21:18:32,2018-04-18,b8c783be6cfce8d7d9a4c0883ec5f36c,2018-03-30
7042e0877cfb1a8fb8e4293126dae9f3,3d5558638c7f0b8edb724897e16c8d54,delivered,2018-08-19 15:50:13,2018-08-20 12:12:14,2018-08-20 14:32:00,2018-08-24 12:32:56,2018-09-06,77b4c81df605efa4363be0e4ef1aef28,2018-08-19
e6db6e9529fecbe14cd05dd349816656,6b3efc29f67766dd725bb29e857614f2,delivered,2017-01-06 21:27:49,2017-01-06 21:35:20,2017-01-09 12:08:34,2017-01-13 13:57:29,2017-02-20,c9517b423493063fa4e805acf2cc4564,2017-01-06
9797fc9d23d5187db0924184bc5cca44,1e9cb4f102332a9b99dc7d29d51c1962,delivered,2018-08-23 12:30:52,2018-08-23 12:45:17,2018-08-24 17:34:00,2018-08-27 15:22:10,2018-08-28,c45d4de67afc1595e075c69f75dd9d6a,2018-08-23
fad4c51261e06a0f8a2309ee81747628,1def3b8c7e09cd6e5d61ea1144462d79,delivered,2018-03-19 11:23:31,2018-03-19 11:35:35,2018-03-19 22:38:42,2018-04-09 21:22:47,2018-04-05,7b4de8d471a6d1a8968e3967368c4efc,2018-03-19
dba8b25261a1f7f5e1f32b1203796812,a1b016bef8693b86fbc40d6773f8f29e,delivered,2017-04-28 15:06:58,2017-04-28 15:15:17,2017-05-04 15:38:47,2017-05-19 10:44:39,2017-06-06,8c823167e62665a6d863cde31130b3a5,2017-04-28
8b5a4b2799bee31ca06187259aea4da5,439e6151b191877b7f1b0441b6cdb1f4,delivered,2018-08-09 19:53:41,2018-08-09 20:05:16,2018-08-10 15:50:00,2018-08-13 20:03:31,2018-08-21,0c8bb533d7d2ce68d17177bc8fb5c22d,2018-08-09
0b555f0e6493540531a30e6cf25fb030,058d38732ce7f213cc8f62ffcf8fa0c5,delivered,2017-05-25 10:43:21,2017-05-25 10:55:17,2017-05-26 10:30:12,2017-05-30 16:37:45,2017-06-21,e4581db1c4dd6661da43be4ad4275dea,2017-05-25
4436eb8a73f08dc5c4ba8b1e5b96d290,3ab417ebff3c831e7e9b12cc926a094a,delivered,2017-08-16 23:47:01,2017-08-17 02:12:13,2017-08-17 19:35:35,2017-08-21 19:17:33,2017-09-06,11426ed99867e8d669e1e123aa745346,2017-08-16
4f11c536ca6b0a28ea1c7583d6a5df63,c40ea936fccdfb98bffbb794c89d2348,delivered,2018-05-16 09:45:25,2018-05-16 09:57:28,2018-06-05 11:41:00,2018-06-14 14:58:38,2018-07-03,f1a72f5125865e4d3ed969e54f18157c,2018-05-16
d5e892687c8916b17cafe284780d01b0,04ab012a558c5d12ae6037840f85a860,delivered,2017-09-08 15:48:57,2017-09-08 16:04:48,2017-09-11 22:10:02,2017-09-18 17:37:36,2017-10-02,4ce627d55383d1d22fb03e7555cbdc50,2017-09-08
9559e0b00c67d159a266152428f85615,c3498e41d1549d56c4cbde7cbfdabeb3,delivered,2017-01-30 10:47:14,2017-01-30 11:31:06,2017-02-01 13:57:49,2017-02-07 10:32:44,2017-03-03,669fc0419f968b66fbfcd0cbccb28001,2017-01-30
0b602fa35e64e463c90698d2e859af54,731934bcb47e6a5956ab77fbed6ad0c5,delivered,2018-03-22 22:13:59,2018-03-24 02:28:34,2018-03-26 19:58:55,2018-03-27 14:14:51,2018-04-11,892627c2c2e32d18f3f37231cb2bad3d,2018-03-22
98161ce1b4bbf1427395e740ec410ebe,4fe0645c92f662ca815c8ac150c5c152,delivered,2018-06-07 20:30:06,2018-06-07 20:55:15,2018-06-08 14:40:00,2018-06-14 20:46:53,2018-07-04,03cca3425d9c7604e4781b58cb4092bb,2018-06-07
13b4f8c4b570d25d95bfd3c915ed9c38,3affba856e05494582eba561ff675db0,delivered,2018-01-27 16:50:21,2018-01-30 04:31:17,2018-01-30 23:26:31,2018-03-14 15:43:38,2018-03-09,844a28de61d1ac7d158f276c74cd2f8d,2018-01-27
a7765f04ecc5f2e0683f08a97ee8174e,6b93377502d7cd14b2a3864fc7d635a8,delivered,2017-01-29 19:08:00,2017-01-29 19:31:49,2017-01-31 16:35:04,2017-02-08 10:34:01,2017-03-15,ba1fbfc4658a50a4f0f9971a1e3e08f6,2017-01-29
9fae636d2c51d2a8feb6734c92aa131f,f247dc9ed6536f4ecd067e8403beea4b,delivered,2018-05-27 23:50:48,2018-05-28 00:56:16,2018-05-28 14:09:00,2018-06-13 02:26:43,2018-06-29,033ab4d90f96e43290fe67fdd15a88ac,2018-05-27
d6934136368e34491a21bf8ac9f59aca,33b601e9d2bbf7984de7b56271ce826e,delivered,2018-07-01 11:38:25,2018-07-01 11:55:08,2018-07-02 14:05:00,2018-07-09 12:49:46,2018-07-23,f0d2de7e6fad38642178a1fa013ae1dc,2018-07-01
791a044148a5de3317595143ddcbd844,ff1c4180550bf66f70da8282876e6c62,delivered,2018-01-12 10:56:52,2018-01-12 11:08:59,2018-01-15 22:45:01,2018-01-16 19:06:43,2018-01-31,efafdbc8cc9e64a4fdaa7c3089e3e2de,2018-01-12
cb76d29d166fc17f9cedf3416285a80c,c6ba5f89dba4362dfae3543d449fe4ad,delivered,2018-02-27 01:52:55,2018-02-27 02:40:31,2018-02-28 01:48:44,2018-03-11 15:42:51,2018-03-23,587f86a9420bdae5e12b4754ce62fafb,2018-02-27
ef8fadadf0fa0193e9b455abf08484ce,f5ac2e5720e20d222f1cfc513670b40f,delivered,2017-05-02 22:39:55,2017-05-03 15:35:19,2017-05-04 14:35:35,2017-05-11 12:34:10,2017-05-25,c2f9502d4fe948ba08ecfa7e492fae07,2017-05-02
635ed45a717c546a1bea54c32c7d2ff7,f36390aa9b8a7709d98fae3bf92ebd1e,delivered,2018-05-30 14:30:13,2018-05-30 14:57:24,2018-06-01 10:37:00,2018-06-04 18:02:54,2018-06-25,b9a920ace8c3c9972a797cf136cb5da6,2018-05-30
3e13370769d925ef48e37780ca13c86e,b3ed5f9564ada032bd8880b15ec5f8e7,delivered,2017-10-09 06:31:21,2017-10-09 07:41:05,2017-10-13 23:17:48,2017-10-17 19:18:44,2017-11-07,190b4bd0dd0107d92b52f20c2dbd9aea,2017-10-09
ccf19e37f66c81af8267c46cde40b405,0a648d9eb6a9fc8c4a26dfaef8b3b3cc,delivered,2017-10-19 11:58:49,2017-10-20 02:49:38,2017-10-23 15:03:16,2017-10-30 15:09:35,2017-11-10,c525d14195dff08d524f31a2ae76d9d9,2017-10-19
f958e896e19b3e92364e0c7b9637c144,20b890debdcf10ed1c03a956015ef208,delivered,2018-07-25 23:27:28,2018-07-26 00:25:18,2018-07-26 12:08:00,2018-08-02 18:33:45,2018-08-20,e6e1885f593a0517e8dbad71e362cef1,2018-07-25
82ee5cb36361d105c438c357e9926473,c7adf7f5561540d961dc0ffe938504c5,delivered,2018-08-20 17:06:21,2018-08-22 03:55:13,2018-08-22 14:35:00,2018-08-27 20:48:25,2018-09-25,23ff316c99eb2251fd52764329c2159d,2018-08-20
313fda07432a17eae160b8b9940e6cb3,975fcec0ea0614da340fc40250f55cba,delivered,2018-03-18 08:07:15,2018-03-18 08:20:23,2018-03-19 17:48:27,2018-03-29 22:12:32,2018-04-05,dc1c6a185441460c51d8faba4504f328,2018-03-18
7cddfd6adf258ef9dffd6b2550ce097e,2373a16e52c2faaae69d26e5fa443942,delivered,2017-12-03 18:38:47,2017-12-03 18:53:42,2017-12-05 02:23:35,2017-12-09 16:49:05,2017-12-28,5c7e38d5c0de8e798c587615164f31f8,2017-12-03
79b5579acdaecb745610365f3f181fce,8c55956d70fca64193668429b9f8d8ce,delivered,2018-02-07 22:08:23,2018-02-07 23:10:25,2018-02-09 20:12:15,2018-02-11 13:33:40,2018-02-23,61a7c7a2d1ee1715b63e0d22a1129fc5,2018-02-07
09854629eee79bc8d606247198ae822b,2600006b51f3d485d195fc1a3b3014c2,delivered,2018-04-24 21:18:31,2018-04-24 21:30:35,2018-05-02 08:47:00,2018-05-08 16:21:56,2018-05-21,595097e7597ebef5491032c439b1d64e,2018-04-24
97d0a7726f58ed266c7501929e1ea81d,a5870c43e5dc9630238f6e1af26c5b3a,delivered,2018-01-03 22:28:58,2018-01-05 02:34:50,2018-01-09 01:57:58,2018-01-11 19:19:34,2018-01-26,5ff9e64f6be73f43f62bc8ad827bcc25,2018-01-03
5a43a71d1ddc76ba951f292c1b4c66c2,ed9905aa9b57c2aa73612f73bafc9588,delivered,2017-10-26 10:46:21,2017-10-27 10:55:24,2017-10-30 20:57:29,2017-11-03 19:22:58,2017-11-17,fb287baeafa765720ff94422a50f94b7,2017-10-26
71df40458537292f7d7fb3a95e0d3786,9db2f7ab1e4165f06c5d4819b0abebb4,delivered,2018-04-08 17:56:46,2018-04-08 18:10:10,2018-04-09 22:05:33,2018-04-16 22:56:28,2018-04-27,9cd19cf0fdc6e30867c90443c35119cf,2018-04-08
45c780334bc32cb77559a65c5f171160,2e7caf02d3f51fe071a2444d36ea2d51,delivered,2017-12-20 19:20:25,2017-12-22 02:39:37,2017-12-22 18:28:29,2018-01-03 14:07:22,2018-01-22,4b96250d39a7ee5420aed8dd0c0946ea,2017-12-20
c995be74082b70d3ec06d817e73f7300,d5435bfb461189b2b1fe24dc28797056,delivered,2017-12-03 19:18:56,2017-12-03 19:33:51,2017-12-06 13:32:39,2018-01-04 21:38:48,2017-12-29,d2925e8624ac68e8e49f5e35e2d36822,2017-12-03
8287f2f36572998dbbc2c70647bf0b52,0fa73966f993a5d1a62afb0c5e43f050,delivered,2017-06-28 20:56:02,2017-06-29 02:50:15,2017-07-04 15:32:11,2017-07-07 17:41:58,2017-07-11,33aa54050581eb08df59a61156a82b83,2017-06-28
a09cf5dc57c606eab71f84bffde01a52,2e373e3e8d560be62b5db0358183b0c9,delivered,2017-03-16 15:46:58,2017-03-16 15:46:58,2017-03-17 18:13:41,2017-03-28 16:12:50,2017-04-06,8d0db5aaaa534c4d291d72feea711e0a,2017-03-16
501e09201e883a7018d34ba1a20e903b,d78d435ba819b961c4b926ddcb973069,delivered,2018-05-20 17:05:11,2018-05-20 17:15:21,2018-05-23 14:53:00,2018-05-24 17:38:39,2018-06-04,107a95f27c0e75b8205a29fa85e8112e,2018-05-20
fb4ac2c3fe6b4c0499e23ecf1cd6a462,b110f265a26913195d6915ca99f96262,delivered,2018-03-14 17:58:16,2018-03-14 18:10:34,2018-03-16 22:39:45,2018-04-09 20:37:56,2018-04-03,e1ee4ff7b73adbafa4f7cb4a75265a5e,2018-03-14
b211f8c759ee7993a37f65cf5c9fa72e,34ad05299797f7e5c773526e1c5e9b8b,delivered,2017-07-06 16:34:55,2017-07-06 16:45:10,2017-07-07 15:37:40,2017-07-08 13:53:43,2017-07-19,a5e2d0353659222a92b15a9658af27b2,2017-07-06
3b2285d4d80f742f34cc959e041722a9,e908b924226c39f055d910e21acdef87,delivered,2018-01-22 14:29:31,2018-01-22 14:38:22,2018-01-24 00:05:07,2018-01-31 23:22:47,2018-02-16,91b8e44f51338493ba6f0d70a0f8fd8d,2018-01-22
6a12aff9ecb91c4cf18469bf42ccdc0d,39d1512df4e550ecfc2be164e7524a32,delivered,2018-02-06 09:43:39,2018-02-08 07:50:33,2018-02-14 23:32:42,2018-02-20 00:23:07,2018-03-06,391181d8580103645c7ca6b20a52b1e2,2018-02-06
b8a33fa5ef27e365f04703b899401762,c3129d9aba1476cca86ad20b00080fab,delivered,2018-07-03 12:20:30,2018-07-05 16:32:43,2018-07-04 15:09:00,2018-07-13 17:28:43,2018-08-01,318a9d6995a9ec86a7729eb201f6ef16,2018-07-03
bb8f873e2d4e898546ba92f7febc7b34,50b8c8be62013d9544bb456ade24e2dd,delivered,2018-06-18 11:33:07,2018-06-20 02:55:39,2018-06-20 20:11:00,2018-06-21 17:58:28,2018-07-05,707e3ae26b58fcee0b10ef1185c1ec39,2018-06-18
e90ec4b6b234181833371ada5474c96b,cee87c1ba63da17e6d9aded0ec8c6627,delivered,2017-04-19 22:50:00,2017-04-19 23:02:15,2017-04-20 09:49:57,2017-05-03 14:47:34,2017-05-12,0ffe1870a2ac4c4b80537171452daeff,2017-04-19
d779d1f64c00cb888484f4b2f5eab951,7adeb9ef7256f00660337f5959bcaaf6,delivered,2017-12-15 15:23:33,2017-12-15 15:35:17,2017-12-18 19:03:17,2018-01-04 22:47:52,2018-01-24,266f6baed5662cca5d5d51db71a51b23,2017-12-15
abd23f048bf60025ad66f8cf56c85379,8903fd96319b50a6c641465f4e61644d,shipped,2017-03-11 13:37:51,2017-03-11 13:37:51,2017-03-17 16:23:34,,2017-04-18,2fcc0e0f845a145e12d48f98af9e98c3,2017-03-11
2f4011790ff902584d5b011f0e35ff1d,0feb4570bb79ad1d9418a224faa1d93f,delivered,2018-05-03 11:14:13,2018-05-04 11:32:44,2018-05-04 12:50:00,2018-05-09 19:52:10,2018-05-25,2c009bef0f63cb98b2067ad0ada95319,2018-05-03
5d7d786de9467c8066634d0e7a4a0961,91207b9f2aa0e71c7c9c8271aa02f3d7,delivered,2018-05-08 14:42:20,2018-05-08 14:55:50,2018-05-11 19:51:00,2018-05-14 15:18:34,2018-05-18,22589a82b4b97ade4a8804542153a39d,2018-05-08
9e730e42ec63989bb7af89311765b6ad,aa820cfb98796d553c3c534ec47b5408,delivered,2017-11-28 14:26:50,2017-11-30 14:19:24,2017-12-05 21:57:29,2017-12-19 19:05:42,2017-12-22,dc9c904e32d80642b359205d9aedaff9,2017-11-28
4589d66e35f0ae1a3235cccdc7c4ae8e,e76087d142b485212126e60e1ee032d2,delivered,2017-12-30 14:08:09,2017-12-31 14:06:49,2018-01-03 23:34:39,2018-01-09 20:19:12,2018-01-29,177a7d8fda10836f71eb1be328c66e17,2017-12-30
b8da35a90e134b3b031c6acfe029acaa,aceef5a96b18fcdc8edbfd0e1462fc67,delivered,2018-05-05 21:38:46,2018-05-05 21:55:20,2018-05-07 15:25:00,2018-05-18 11:52:06,2018-06-06,ff3abd34295624eff3905f1a69e6b858,2018-05-05
17b2f07a5bf720ce92d905520ff1dd7f,f91f2afb5ce9c379d193157ea6d7a27e,shipped,2017-05-29 17:20:26,2017-05-30 04:30:20,2017-06-01 12:05:02,,2017-06-09,41cb2ee4c880793d1dcd6cfaad5b18b9,2017-05-29
765442de6466c0bb079c22b8b20e0eab,2b3dc71b4cce6a5cb97f6ebf5d6ede5f,delivered,2017-01-09 17:50:06,2017-01-09 18:05:45,2017-01-10 10:53:44,2017-01-13 08:53:45,2017-02-17,62875d300d81b5f33990d8bd3ef103be,2017-01-09
e4cae0f91047eab49c97f44ca3a8ba69,eff74417b86c2f9e3aa37b0c1fcbf099,delivered,2018-06-09 21:36:13,2018-06-09 21:50:57,2018-06-11 13:13:00,2018-06-15 20:46:34,2018-07-18,1ef93b70f88c26e3c6c49238d9edeb06,2018-06-09
2cacb668babd0da39adc48af2e2fa715,90409e591e05ebf031ac1b050782a65e,delivered,2017-12-26 15:48:03,2017-12-26 15:56:18,2017-12-27 19:49:09,2018-01-12 22:33:27,2018-01-15,02c50bd7d8493f3db0d49f4201ba0384,2017-12-26
478116017852df9d1ac392abcf28927f,ecd37231a9052d49db278a6b92d28054,delivered,2018-08-24 13:59:41,2018-08-24 14:24:25,2018-08-30 14:58:00,2018-09-03 17:18:42,2018-08-29,f0e7fd85ce6faefbbe702610fb48dd2a,2018-08-24
08edeac38b68f66bf2e8c3701badde1c,d610f3f7d9676ea7a49e0246047bb7b8,delivered,2018-04-26 10:24:58,2018-04-28 02:51:35,2018-05-04 15:54:00,2018-05-18 19:48:58,2018-06-04,c87b6aeba07bae272573cea653066e30,2018-04-26
93634466f99307a62d5d4d34689562b8,8ccfd0edf3aec24594113e478aa88d7f,delivered,2018-01-28 21:28:02,2018-01-28 21:35:28,2018-01-31 17:09:02,2018-02-09 20:24:38,2018-02-21,9038dd32ed258ebd68e9a6c609442ba8,2018-01-28
4a7f6dd027d9a492108f77d26d69e304,d8ee7b35bc4f6d41f709e92ba3fc4ed3,delivered,2017-11-12 16:54:03,2017-11-12 17:07:00,2017-11-16 13:42:58,2017-11-18 00:20:59,2017-11-29,9c64fcd3874cf3176671b4b81c5c0233,2017-11-12
fb91d387f95f0f748d5a6db913bfcabf,0a3c22ec49808e2f5c430a2cbfe7249f,delivered,2017-12-14 05:27:09,2017-12-14 05:35:38,2017-12-14 17:07:30,2018-01-03 22:58:39,2018-01-12,b59c009cdca64439c8cad6126ca35ea2,2017-12-14
1b2db2aab76c9c5abd0f6538ca507016,db18213211c2b66e2a8371651ca0fc0b,delivered,2017-11-24 01:32:22,2017-11-24 01:48:25,2017-11-24 19:02:41,2017-12-07 19:27:09,2017-12-19,b554d643b7f403df39bed691b256b9cc,2017-11-24
bb787d6e68f079fbf94e8df39219086d,47236502c05ba94b54a18feb382a6a59,delivered,2018-06-26 09:18:41,2018-06-26 09:37:51,2018-06-26 13:27:00,2018-07-04 20:22:33,2018-07-26,60ab50a68e50e803b56030bc364f0365,2018-06-26
3c7aa341aa20519a2530c8ea5763f265,78ff784a06d3925ede271f892dd08547,delivered,2018-08-20 22:52:08,2018-08-20 23:09:31,2018-08-21 13:09:00,2018-08-24 23:31:06,2018-08-30,aacbde6cc0c762dbad43df4c803dbb3f,2018-08-20
0c3e491fe8f99458825a93daa40f4401,6e9484377e5431903ba209552cc45e2a,delivered,2018-02-19 10:06:49,2018-02-19 10:27:45,2018-02-21 18:23:27,2018-02-27 18:03:47,2018-03-13,77aab1794b028375b856f66e28b8b28e,2018-02-19
d6c897633f14d2c71e22c530ae9f0a11,a43420da9f54b35f3bc8e9b201209a76,delivered,2017-03-30 22:15:10,2017-03-30 22:30:10,2017-03-31 14:51:06,2017-04-04 13:37:52,2017-04-19,01a8a2fa13dad647949ff57927e63b0d,2017-03-30
4b23422a153d74fd8d5b29e7fd978a4e,6d91967ecd2cca5e3455ec237aae7db2,delivered,2017-12-15 11:52:23,2017-12-15 12:11:15,2017-12-15 20:14:12,2017-12-18 16:49:13,2018-01-04,822db05746574009191b5c68d455cff0,2017-12-15
7cc699da1cc98ea6349ae005feae3906,d5bf661a3e396b8c710e6878a34eface,delivered,2018-03-04 13:33:14,2018-03-04 13:49:14,2018-03-05 17:32:31,2018-03-17 22:22:46,2018-04-02,1df0e82c8163bcef08a322f56ab1e21d,2018-03-04
9c7bac99c8e380b1c915cdba1ff29e65,90b99ca7282e731d8077bb6bdcfa3b64,delivered,2017-04-25 07:18:53,2017-04-25 07:35:09,2017-04-25 13:50:05,2017-05-16 09:41:54,2017-05-16,5dac8a6c162461827a75f470090ac4ac,2017-04-25
f4fd0ed2cc0f9629efac77ea04bbe4b1,e8ac446365f9559075919673925a89a0,delivered,2017-05-08 01:36:38,2017-05-08 01:45:13,2017-05-09 17:56:09,2017-05-22 12:52:38,2017-06-05,527e6b708a4eb84335fba75a389173c6,2017-05-08
9a9958a5b85d3a8dc6b52dd8c79b516b,611f9bc426aa9d3223803647f29bc248,delivered,2018-01-30 10:56:40,2018-01-30 11:15:51,2018-01-30 23:17:57,2018-02-09 22:58:39,2018-03-06,f64075e7fa628bdc6c3e7c3108d7c624,2018-01-30
1a0d6a2456874a5f2af72c611a6f90a8,67a34b2bceb02320cdbeedd85ba1c436,delivered,2018-01-15 19:40:05,2018-01-15 19:52:24,2018-01-19 17:53:07,2018-01-26 19:06:31,2018-02-05,91c19131147d0c5c1ef78e1a9b26cf19,2018-01-15
97eb8123f2508dda8d9234f0aca79572,29e139325c0dac2e5a95c165699b68c3,delivered,2018-04-13 14:54:22,2018-04-13 15:13:22,2018-04-19 00:37:33,2018-04-24 16:12:09,2018-05-02,d0fa1eaf9648a765ed0458e85186703d,2018-04-13
cfeeea2d9febd146693ff38c33b0b2b8,6e913b64fd2d9102fc1b02bc03d81224,delivered,2018-03-30 15:54:59,2018-03-30 16:47:19,2018-04-02 21:14:46,2018-04-03 13:38:48,2018-04-12,091e010b12793f99f3b6a75d8f48c8e2,2018-03-30
f0031384d36ff045ee1e866942d0fa7a,4fd0b9bb860c9a3d841746e1cb742314,delivered,2018-08-23 00:07:26,2018-08-23 00:24:27,2018-08-23 12:41:00,2018-08-28 17:21:51,2018-10-05,dc813062e0fc23409cd255f7f53c7074,2018-08-23
2e2b335489d4f06ec73386262189e7fe,408501a879c95ef18405ae8fbf2d7f22,delivered,2017-12-28 10:11:01,2017-12-28 10:19:29,2017-12-29 19:32:55,2018-01-18 16:51:59,2018-01-17,f250616c7cb46bc7c3852b0bda8225ff,2017-12-28
e48bb443eafd409648c33de1ad435eb8,58f68b7358a520e8012e5848f22f99f9,delivered,2017-04-05 13:40:28,2017-04-06 02:45:19,2017-04-06 13:42:47,2017-04-12 16:15:12,2017-04-28,3a32c0e1784abf31ae69b4cc3d17a7a5,2017-04-05
61bed2065e5b6ac35f5c04d33bf9d320,5e287e9ddb7ce29f9977a136ec8f4060,delivered,2018-07-18 21:40:06,2018-07-19 02:50:15,2018-07-19 15:29:00,2018-07-26 18:49:58,2018-08-07,4887c042fe4a75f4baf0e76850bdc822,2018-07-18
aa62e1d89af0554cdcb6a75d86ddb961,0eb276141ccbc51b37f4c1baa5924438,delivered,2018-06-27 12:29:25,2018-06-27 12:49:49,2018-06-29 14:32:00,2018-07-02 16:59:37,2018-07-13,cc5848e89357ee881fd8f1eaac6f2b49,2018-06-27
2be5d3a5d64ca31f9d583f261fa19585,24b2afaf0a79b04374d8a7e0fd6bebda,delivered,2018-05-16 17:10:16,2018-05-16 17:37:56,2018-05-17 14:31:00,2018-05-23 18:11:47,2018-05-28,6093a4a63c11ffdaf3b90d38a82eb36c,2018-05-16
ef160b1ef2464ef2521274c790ee0cef,f68cfaf4a6855d3b1f631852dfd2b2e5,delivered,2017-09-18 15:07:49,2017-09-18 15:32:48,2017-09-18 21:26:42,2017-09-19 18:25:18,2017-09-28,08a14d6f05e910296326bdfd02e0da04,2017-09-18
8c855550908247a7eff50281b92167a8,fffeda5b6d849fbd39689bb92087f431,delivered,2018-05-22 13:36:02,2018-05-22 13:54:37,2018-05-25 13:25:00,2018-06-08 18:03:31,2018-06-29,afbb5a642107cf6bb1ca68e863175f03,2018-05-22
25148bab087c1b9453abd98860a89993,7f36f0157804b66666fe74cdbde2f1e4,delivered,2017-06-21 17:59:41,2017-06-22 02:10:29,2017-06-26 09:57:02,2017-06-27 21:05:30,2017-07-04,897201fd314cec3487c3ff875f081b0c,2017-06-21
b38103e665600114e3155ab60ee0ef70,3ca581e4a4ee0b48467bb142750e2bfb,delivered,2018-07-22 18:02:20,2018-07-23 12:32:12,2018-07-24 15:50:00,2018-07-27 18:03:03,2018-08-09,28f336041a6dc38b53719353255170e5,2018-07-22
4e91282187f8ed281081528372cee70a,81bbeb9f0e1860ad7e9343b8bc5e40ea,delivered,2017-03-24 17:27:01,2017-03-24 17:27:01,2017-03-27 12:33:03,2017-04-10 11:57:12,2017-04-17,88f06b37171a945267abeaacf9c4b77c,2017-03-24
a4eb9fa781defbbdd53c5864fc4802fc,5ed983169387501e328faac4dcfed4c4,delivered,2017-07-12 14:27:33,2017-07-12 14:43:41,2017-07-13 15:54:02,2017-07-16 03:37:54,2017-07-25,b9eb307415714cbf3ecf026ebbf028c6,2017-07-12
a3b2f732ed4ec79b2aa8ac4a897122a6,2a4635f4e2ce424948c9e1405579f69f,delivered,2017-12-12 08:30:31,2017-12-12 08:38:25,2017-12-13 19:52:00,2017-12-22 19:22:39,2018-01-08,5bc8c5d5447bbc14693f42df5ed88fbc,2017-12-12
23a0c1ef37b1e2599235e834bbb55673,ee92050607377372efa97d9dba75af38,delivered,2017-07-17 06:54:05,2017-07-17 07:05:15,2017-07-19 01:12:26,2017-09-19 16:39:58,2017-08-04,0d5486df079f25b7e13c0d6b771d6574,2017-07-17
611ef72664b4aee2a96a05d91c92ae1d,09bde40f449b920cb529c6e740b91116,delivered,2018-03-21 14:39:28,2018-03-21 14:50:39,2018-03-22 21:28:53,2018-03-26 16:08:37,2018-04-09,225dfab5b48c791ac67f850bb33e21fc,2018-03-21
a1c5606e8638ab41b56420e4c1f4bc21,bbc0dad2f1ef65b2fe8b9312701a0773,invoiced,2018-05-03 13:41:50,2018-05-03 13:52:38,,,2018-06-08,7e4e37862320e42bd8cc10e7540c083b,2018-05-03
640d4902b5f77f0c87caeb40fbf900ed,475f9b601c4b09c1ca46c5e534cb04b2,delivered,2018-06-09 00:19:14,2018-06-09 00:38:52,2018-06-12 12:39:00,2018-06-13 19:06:44,2018-06-20,142bc754f328d189f41e50d47a7f972d,2018-06-09
52cb5ef0eb334c9b6c21119fc55f608c,766ffc8f244a176e559693e0325d8c8f,delivered,2017-07-10 10:41:38,2017-07-10 10:55:11,2017-07-12 20:19:25,2017-07-13 19:15:31,2017-07-28,857193b821877db544c049d2f1b6977e,2017-07-10
5a9c1337a1f6bb21e46fc043cf2c26c5,91699739e7a2ff25feca3e29e042b1f1,delivered,2018-02-20 14:36:42,2018-02-20 14:51:19,2018-02-22 01:16:47,2018-03-01 02:44:47,2018-03-16,dd36e69cff27f07e241826fa79178554,2018-02-20
51f25abb96730e972d30b6fb22e2cde8,cc820378160407e71c86b3ebbc4ff91a,delivered,2017-12-16 19:03:00,2017-12-16 19:15:29,2017-12-19 19:44:37,2018-01-11 19:09:42,2018-01-23,27773d1cf7dcea107912cb5ecbd96fc5,2017-12-16
a837f579a39778e37f946ab3a520a814,a9cec8d0f68e304ca6a977fe4726e4ac,delivered,2017-05-03 18:50:08,2017-05-03 19:02:20,2017-05-11 10:54:47,2017-05-15 08:53:59,2017-05-26,d5b17926c20e098f4d47c3b9a0e3fde3,2017-05-03
6173dae95360eed7428f6b826b9b5a66,66efaafadbb076805d213efd26ae7faa,delivered,2018-02-05 14:48:17,2018-02-05 15:11:32,2018-02-16 17:12:16,2018-02-19 18:27:09,2018-03-09,2e7c9e1f1d86b290483b5493046f22d7,2018-02-05
44112147d25b4af5a31f9ae1fbf07793,b860c4870687dee372f5b3e15d25766f,delivered,2017-12-05 23:49:53,2017-12-05 23:59:30,2017-12-09 17:54:26,2018-01-03 21:26:48,2018-01-05,1c3e4aa255e596013fc2b6dffc8041bd,2017-12-05
163fcb371458c9705276afbd04c365ce,6a2ac3a6295ccf1a8f48104cddc61af3,delivered,2018-01-30 14:10:05,2018-01-30 14:31:20,2018-02-03 03:54:46,2018-02-09 20:17:57,2018-02-23,ece2e8e54ade2d96986b93ca899f67d0,2018-01-30
6536870177386f1b5e859b2a5ccc557e,0ad829f98fc1e26d27a0d8f8df329ab2,delivered,2017-05-22 08:19:53,2017-05-22 08:30:14,2017-05-26 10:54:03,2017-06-05 12:37:46,2017-06-26,57a7e4b99d307beb7d7f0f8ca175fd84,2017-05-22
fdf3b97e92962b8843c67a2c85c21f58,2bd8110535c65cd7a03ad8863109458d,delivered,2017-07-05 00:20:08,2017-07-06 00:25:17,2017-07-06 14:08:03,2017-07-15 13:32:10,2017-08-03,9821e9f49df5e8ba2298a6aef45b449f,2017-07-05
12788af294f51dd5ba2aaed208a45969,a5d4e10b7ef44fca5d3c946650f13fb1,delivered,2017-09-15 10:49:09,2017-09-15 11:05:43,2017-09-22 17:32:32,2017-10-02 21:52:30,2017-10-09,19b5fe52587bedec920941082485f08b,2017-09-15
e87aa2b0086ab1f74f1faa822186807c,422fe1142d7c4fcb0cfe90720b24163f,delivered,2017-04-11 18:09:20,2017-04-11 18:22:48,2017-04-18 15:28:21,2017-04-26 14:33:23,2017-05-22,a4fad7b339a9b79d0a56c424aaa22c07,2017-04-11
015fb6b5f739788434fa690540f90f19,eca9b206f2a9e4693bf0840895434e2c,invoiced,2017-01-31 13:06:05,2017-02-02 02:41:22,,,2017-03-09,4c4621970a6bbad78e4204b062ff69d1,2017-01-31
1db10009e008df42edeea48899edf595,1a0d6c0fd553e58bb7456e4bb9f04fcf,delivered,2017-10-04 17:57:37,2017-10-04 18:07:15,2017-10-05 19:44:57,2017-10-23 18:48:16,2017-11-03,c43215c45d9e1144274fe38276dc3b3d,2017-10-04
8855b61b1a878f28cde9bbc55ca6fbf2,7071c00358d779ddd69881c5a4d25f05,delivered,2018-07-05 19:08:03,2018-07-05 19:31:09,2018-07-10 08:52:00,2018-07-20 18:18:30,2018-08-01,67263afacd8d19d508bae7cf3d94e3bd,2018-07-05
489243ea0f23a5849516cc651afa4325,d6d545d0220741b286f0cd79ff8d0d68,delivered,2017-05-31 22:38:57,2017-05-31 22:50:15,2017-06-05 13:22:24,2017-06-13 10:44:37,2017-06-21,deda396ef8c2d33dacb56d4585dc63c1,2017-05-31
57c2914d78f0d7f4b76089b7844e77ea,f9f5ca79ce83ea7f4b798edd03755127,delivered,2017-07-11 20:58:08,2017-07-11 21:36:01,2017-07-13 13:04:13,2017-07-14 20:42:14,2017-07-26,474ef1978c42917f93bd84783862bdf0,2017-07-11
0fe7e34c13cf8781647bd4cfe053099e,db675cbca3e2013b45758917a705a509,delivered,2017-06-28 15:31:47,2017-06-28 15:44:13,2017-07-11 21:02:59,2017-07-24 16:41:33,2017-08-07,a8c2bb31a873e51c8f16248d63000b30,2017-06-28
368a807c54f9394cce9b885904db58ee,868ca3c0616bfa1724d5dee470e33565,delivered,2018-07-09 15:40:48,2018-07-09 15:50:18,2018-07-10 14:18:00,2018-07-25 20:03:30,2018-08-14,fa8661e9f48b1bf1b6cf827059db20b0,2018-07-09
0ef774beb58a475478121bd8277abf6a,df5d73b5955c19fc6002b9de21714ffb,delivered,2017-06-27 23:17:52,2017-06-27 23:30:15,2017-06-29 13:21:37,2017-07-04 16:05:58,2017-07-28,4ce010d90f5da9bea4086b74c94be759,2017-06-27
69152feaafd64d08f0aa216e5f3c5a5b,ba8cb0c70b9d78aa8304bda4d23f2d70,delivered,2017-12-01 15:36:54,2017-12-01 16:00:16,2017-12-05 01:04:52,2017-12-14 12:47:06,2017-12-28,e93a8bc2dfece11ec9cdef4439222acb,2017-12-01
93942353ebd22541194b59e590c0d7de,849bdfd6f3313ffa83d9b0b2981331cb,unavailable,2017-02-08 13:32:00,2017-02-08 13:42:35,,,2017-03-17,40c74526f72a8b080ddf91fa0a5db9a0,2017-02-08
a5d65a8f94a1020f43ab5107168d43d3,79b6cc1cb0df21abe957c9173a05eeb7,delivered,2018-02-11 08:14:07,2018-02-11 08:28:24,2018-02-15 19:14:03,2018-02-20 21:28:42,2018-03-07,545784b22ef94d0d03f2872868c43ade,2018-02-11
54a906c3e69c5c9196b82c2722bf40c4,5718ddc8f0613e4fa87c11354625c763,delivered,2018-05-18 08:04:22,2018-05-18 08:15:10,2018-05-18 14:24:00,2018-05-21 12:35:25,2018-06-01,8b51f29aa215ec74a25baf5bd24ed90c,2018-05-18
9758e655b4d2fca01c69a4dde9d4fb5b,7bebaaaa1a33db48ca58e50d6af76be1,delivered,2017-01-21 09:44:46,2017-01-22 09:55:06,2017-01-26 14:05:25,2017-01-30 10:39:16,2017-03-14,c179057f564af5f24ea3d13b24616f19,2017-01-21
8c038fb4554281ef77e4f7c448295fd7,22c6f71e7f9441e3dc583b0ba8b3a584,delivered,2017-10-20 16:36:14,2017-10-20 17:49:25,2017-10-24 11:28:36,2017-10-27 16:03:38,2017-11-13,30dbcfc445489fdcf9582389127e1b3f,2017-10-20
a338e253d44a1df47d96f51106cf74dc,e0133a5e6d476583f3ae4617106c376c,delivered,2018-01-02 01:18:47,2018-01-02 01:28:21,2018-01-04 23:45:07,2018-01-08 21:59:13,2018-01-23,6991bf68b10037559555b50b9ec0892a,2018-01-02
023efd060c082063e299dc77891ea1b7,c04472465a5f84c1055508f48ffe5b4c,delivered,2017-11-14 12:43:54,2017-11-15 02:46:13,2017-11-17 22:14:39,2017-11-22 17:16:42,2017-11-29,c614379bad49fd0a3fb1c271e8f280ac,2017-11-14
f0244e08fea1e1ff13958db3e71c5f36,9e5ee486e0d815123e60a7a3d4db1243,delivered,2017-11-29 02:16:59,2017-11-29 02:40:48,2017-11-30 00:33:24,2017-12-07 15:52:44,2017-12-29,4a6cfcbb1b270f8c4c8836103d8d983e,2017-11-29
a5f52ebb3569cc7357f500d755314c0d,ba7db023226291bbdc8edc4ec2a8f896,delivered,2018-04-17 15:37:12,2018-04-18 05:11:25,2018-04-18 18:32:49,2018-04-19 18:53:24,2018-05-04,9763e1090fec82fe2b72418c22164020,2018-04-17
6ef0f9767ffbe09ebed8593fed89b73d,ef40e80fda552edf162925de233acbc4,delivered,2018-05-09 01:38:43,2018-05-10 01:36:25,2018-05-12 08:02:00,2018-05-24 14:59:37,2018-06-05,ff2217f6dd1cae5631ad04d0f7a46e46,2018-05-09
79d51aa9809de1c33dc6cfdf113de4bd,46c3e824512d5824205d3414227f81b3,delivered,2017-11-26 22:35:49,2017-11-26 22:52:58,2017-11-28 20:14:28,2017-12-06 23:22:12,2017-12-22,1111a6af4f6986ded3d30590012d6553,2017-11-26
ab5048879a15f9f713725c37c5eb43ef,17366be29e9b9f1d0a010264d2cd704e,delivered,2018-08-05 00:24:05,2018-08-06 08:44:43,2018-08-06 15:09:00,2018-08-10 17:03:33,2018-08-17,b10fc6be0b66fc34c7475b6deb4c5adb,2018-08-05
67ef896d205bafce2b0ce685b7173d43,da511073eaee0419031bfaddcda9c4c6,delivered,2017-08-31 01:13:17,2017-08-31 01:25:57,2017-08-31 21:39:54,2017-09-08 17:40:06,2017-09-26,49cafbfd9396463447ed16dee066305b,2017-08-31
fb3e580f779650bcf586bbdbec2858f0,68cf5258d0825b8f05134eb031c30190,delivered,2018-05-05 18:14:42,2018-05-07 18:10:36,2018-05-08 13:51:00,2018-05-11 11:38:45,2018-06-04,8b69ba7df6dcf2663ec5cde205419fb6,2018-05-05
819d0cccbbc61e854e2a273e3aad3eaf,530a11c08d0986797f1b9f925604b344,shipped,2017-09-09 15:32:48,2017-09-09 15:45:21,2017-09-11 15:05:49,,2017-09-21,84bf413f238e229129d1cdacc4447f46,2017-09-09
4fbf4b4d08900c34f81e01ace9d3f294,e7244f49cdadc0c4353211f6408f2cea,delivered,2018-05-14 08:07:51,2018-05-15 04:15:14,2018-05-15 14:13:00,2018-05-23 21:39:34,2018-05-29,2ec3fd104675162edd0b449621fe1869,2018-05-14
92580e7039e427da2884d35809a95996,883bce2f3694717d0403432a07768b05,delivered,2017-01-13 23:24:59,2017-01-13 23:35:14,2017-01-17 15:10:17,2017-01-24 18:28:34,2017-02-23,e63589e329d238ea543d5ba8e6d18161,2017-01-13
fa2b14e880fc41311f519c101f30da3f,4d42f9c3b0adeb0be661997ab1595dd5,delivered,2018-05-10 14:57:14,2018-05-10 15:11:36,2018-05-15 08:07:00,2018-05-21 17:42:07,2018-06-04,7c38902b2f892b5622d49e56c960587f,2018-05-10
3e69c99cf58356667fdbd6b7ab0c1e35,5339f401847301b76dcf82f4a648f5fe,delivered,2018-06-13 00:14:13,2018-06-13 00:41:51,2018-06-13 11:55:00,2018-06-14 19:18:58,2018-06-25,2511b2cb0bc9e10029502620f5c16550,2018-06-13
6e4364b18cae5024bdcf197ba3a2d1a2,f80187579fffc56b11847d97c5e9f45c,delivered,2017-06-04 16:08:32,2017-06-04 16:22:07,2017-06-05 12:51:45,2017-06-13 13:52:23,2017-06-28,9916d147f12bdd82d4a449c609108ef4,2017-06-04
65d009e49beeedab2b25830b9e69a6ea,7afb28b4054bfccfe93c5d52982a46a4,delivered,2018-07-02 15:26:08,2018-07-02 15:35:16,2018-07-05 14:38:00,2018-07-06 23:41:29,2018-07-19,f9be663bf0e825cf4ed889e1def892ec,2018-07-02
0a5a672ddd7b5921439a990ff8efbb1b,d2ccc2030a2df9be14100fba82182fe1,delivered,2017-05-05 08:17:22,2017-05-09 09:35:35,2017-05-12 12:43:44,2017-05-18 11:34:05,2017-06-13,1fe67d280cf34bb8e80163556187394e,2017-05-05
8363d443c31df471966f714d848f570c,693b9bd50b77ac44cca281554e425648,delivered,2018-01-28 18:14:15,2018-01-28 18:38:37,2018-01-30 23:38:33,2018-02-09 16:52:36,2018-03-02,8d89731952673f0c15b60abed5ea1676,2018-01-28
f339e280c169a60e3d919ccf77765774,a73e900dde4c54b06261d434b3a4f957,delivered,2018-04-07 13:26:22,2018-04-08 19:30:46,2018-04-09 18:08:40,2018-04-10 20:03:09,2018-04-19,7158781be559900039ae65571aeb1a86,2018-04-07
ad33ed1fc2b45e7f714e3cec25e31334,fb6ed625507693e5b130b1918923e2ca,delivered,2018-07-21 13:52:30,2018-07-21 14:04:07,2018-07-23 13:28:00,2018-07-26 15:38:37,2018-08-08,59333c2cc7727eeef6170c26b71565f7,2018-07-21
07b1810af93ee79a38977779e7a410d0,ae8e4d40dde287b1a730261c382a4887,delivered,2018-08-08 17:27:07,2018-08-08 17:45:08,2018-08-13 09:24:00,2018-08-20 15:42:41,2018-09-12,8de2a640697fdc751bf88a16ae07591d,2018-08-08
a387881ed6ea231b518106c07236e549,0b88a5c40d657148e615f4eb8513ac00,delivered,2018-04-14 15:52:43,2018-04-17 05:51:05,2018-04-24 22:55:57,2018-05-02 16:19:21,2018-05-15,8507ef9879147bc27bc0f165730070d6,2018-04-14
9155b836b59fb7b80b0bd659c7c7dec5,eb9f55aff066e06088b7e934f5a5cc0d,delivered,2018-01-31 09:58:07,2018-01-31 14:03:15,2018-02-02 00:22:00,2018-02-14 14:22:14,2018-03-01,1e6ce5289bcd4e007ac2ed4a271745b6,2018-01-31
5ba14648d0bf31758b80a144887e42ca,a234687d6b689082f980faf6f1f48924,delivered,2018-06-23 10:21:52,2018-06-23 10:35:16,2018-06-25 13:59:00,2018-06-28 22:18:46,2018-07-18,db58464b8dc429c1a1833f162728626f,2018-06-23
f4a6242e6c5e57a7e2736e663352032a,1c2042fcc1e820e5b082360eb63e50a5,delivered,2018-04-25 21:12:32,2018-04-25 21:30:16,2018-04-27 13:45:00,2018-05-02 14:28:48,2018-05-14,34232a766d15551c5965e631f29e30cc,2018-04-25
bca67f1d036be009d17824489da2f178,4e26ab9c4d5ac920bde76fe5979962e2,delivered,2017-12-07 20:14:56,2017-12-07 20:30:53,2017-12-12 20:55:32,2017-12-14 02:18:29,2017-12-26,208ed8bf578938c97d49b3429358a424,2017-12-07
d41e624d982dbf17d33bb2bb41abe207,aee1e84981f91b83713ee0d428bc7e4c,delivered,2018-06-14 13:30:59,2018-06-15 02:37:16,2018-06-15 14:22:00,2018-06-20 11:06:41,2018-07-04,d1930299ea209b83fec21ff6457e6f5b,2018-06-14
53d2e274628757ebe6882d41339d46af,1fff5bd495b4e1ccb35d4a2b51520803,delivered,2017-10-04 19:43:47,2017-10-04 19:56:18,2017-10-10 20:42:39,2017-10-20 17:45:21,2017-11-06,dac056a3c0afdd113e5cfa5698f561e7,2017-10-04
2c3eb0fe0135ed9d71065de1e06f8e01,a3809c8c58021cb804fc6c944aca6344,delivered,2018-06-26 09:59:37,2018-06-27 08:11:30,2018-06-28 15:37:00,2018-07-03 16:38:37,2018-07-17,53740dd6b589027ff2c4cd033eceafe2,2018-06-26
6be90258d0695edd089b1165c0925902,8f399738d7135634f6501aaeb70c953b,delivered,2017-12-10 13:20:21,2017-12-10 13:30:26,2017-12-11 23:43:30,2017-12-29 15:07:18,2018-01-08,c5eb2c6dfde09c4abc054526ed8a728d,2017-12-10
11f561d4e8e6398b03a193ff522d5a27,f647340bfd59cd852f1edf2b3eba6bbe,delivered,2017-02-16 09:35:34,2017-02-16 09:45:18,2017-02-21 14:44:01,2017-02-24 09:02:57,2017-03-17,cfeeca00b391a1f3ce555273f3070f51,2017-02-16
230c830e0ace11bcabaf63deebbee836,94ae739e955e77518c3ca587d09accf0,delivered,2017-01-21 15:41:06,2017-01-21 15:50:21,2017-02-03 09:36:51,2017-02-09 08:25:46,2017-03-06,0362cd11581b91270ed0b9a1028b34e5,2017-01-21
69df6146503dba833ea2ae56237acd97,3a04eb9c6f03e8bff298d4172dc8ae5f,delivered,2018-02-17 23:33:56,2018-02-17 23:46:46,2018-02-27 22:06:52,2018-03-19 13:16:43,2018-03-20,13bcdaa9c02a8e5be34bc7cce74dacf8,2018-02-17
2c9f6a7c2d93b5c7209ad4d1155fc325,4bda9da9049ebbc1418cc56e60abe02b,delivered,2018-07-01 22:36:25,2018-07-01 22:50:03,2018-07-02 14:10:00,2018-07-05 18:02:07,2018-07-20,f649dbf0af6a71386efaeaf333d1628e,2018-07-01
da28a815dd7996590e84c9e51dec1ff4,0400b2f1a68d9a8cae29fe11727ceebe,delivered,2018-07-23 15:00:02,2018-07-23 16:20:18,2018-07-24 13:44:00,2018-07-27 16:21:08,2018-08-06,4ef36808638d570c5fb593b3f111e993,2018-07-23
cfae1e992eeb0f51ba0de3ddb87b33da,864a3144c2c9184d85067dc7869ddf8c,delivered,2017-11-03 19:05:47,2017-11-03 19:30:38,2017-11-06 14:51:07,2017-11-21 21:37:20,2017-12-07,7a41dff0e8b1ea9c1f2a8b290ea80ba5,2017-11-03
927b55d4e72a05e5af01fa69bea2a4ac,870a43c2cb3de01267ee03d76d1200b4,delivered,2018-06-08 00:15:04,2018-06-08 00:34:33,2018-06-12 13:52:00,2018-06-13 22:11:13,2018-06-29,f25c86f1fe0da86457a759fcf3893d3a,2018-06-08
5f968bf751ef3bf1bdcd3a675b10b6a2,c4309ec9a72f861cea53e82325cc6280,delivered,2017-09-02 16:17:01,2017-09-05 04:24:19,2017-09-06 17:51:53,2017-09-19 13:32:35,2017-09-22,7e9d3db3f399adb24b01cf39853b5971,2017-09-02
193d998b23a996345ca322516b2d5af3,f21be09ed30fde5bcd335c7f3637f128,delivered,2018-08-04 14:32:55,2018-08-04 14:45:19,2018-08-09 13:41:00,2018-08-14 16:14:57,2018-08-17,a0cd1f3e0a9259b6dd8ec0ed4f63a63e,2018-08-04
99c272b1c830220b1aa0047b42e9964e,98556837f8c2cd03d6704cd641ec8e65,delivered,2017-07-13 08:41:29,2017-07-14 02:15:24,2017-07-18 15:52:08,2017-08-01 18:14:47,2017-08-17,9cdb35f4f2f70baa06f48f639aed100e,2017-07-13
5e833b9eafdac5a15f42dc98f8753607,33eff75e6f663a1d7c7802140f59f785,delivered,2018-05-31 09:59:14,2018-06-02 03:31:40,2018-06-05 14:44:00,2018-06-11 18:36:32,2018-06-26,2eb9da95b6949fb28862ce1f9b6b1302,2018-05-31
e9740abcb66dbd659a343d7fbf2af04f,bfbf277426eaeed47c31c9cef7fa29d9,delivered,2017-02-02 09:39:45,2017-02-02 09:50:20,2017-02-02 11:44:30,2017-02-16 11:38:44,2017-03-17,511a6ac6371fbba3bad465f3a7b0fc30,2017-02-02
c5a06d75e7ddf0ed779053a64ee08c7e,6f184d7d532e2a9a95836af25a732594,delivered,2018-01-14 14:17:03,2018-01-15 11:09:38,2018-01-30 20:32:02,2018-03-03 15:38:52,2018-02-26,dc96b0906ea35d3777641bea563e4fa0,2018-01-14
a28ec7941efe2655038ddb642b53c2af,522ea5848b2c1c74cc7c19c199f72564,invoiced,2017-09-01 00:23:50,2017-09-01 00:48:49,,,2017-09-22,2f4f99183e9a68c465d7b5f81850dae1,2017-09-01
06369aa3e6e8c6d52a7df6a2cd76cb1b,a77f4b21bfcd5d78e8799a788934c8fb,delivered,2018-02-01 17:22:04,2018-02-01 17:33:11,2018-02-02 23:28:36,2018-03-04 21:05:29,2018-03-09,65aba17aa81bcc90fa90f860e958aa30,2018-02-01
e2f77cbc6c09acfd09a1b89f50c095ff,4d9f974fdbaae2196aaa21abc0b45c19,delivered,2018-07-01 23:09:14,2018-07-01 23:29:54,2018-07-03 13:22:00,2018-07-06 18:04:33,2018-07-27,208556e8b2a3d689b3771a4840d6c987,2018-07-01
1ed68006f84c01fff1085e2f43ef641c,51944d02eda1cbb54ba49ef747c2a4c1,delivered,2017-05-11 20:22:04,2017-05-12 21:02:45,2017-05-15 16:21:04,2017-05-24 01:37:55,2017-06-12,46418f65fa35317b73048c6dd7055247,2017-05-11
401421318e1a3e70530f8c082b9fb8b2,2c965e4a79a4c978af0eec00bbdb9a22,delivered,2017-05-14 15:25:00,2017-05-14 15:35:13,2017-05-15 11:36:12,2017-05-18 08:35:38,2017-05-24,1863934bfd26921dcc5c063d9d0e7ead,2017-05-14
89c880f756709e7f7825b4ae6fe7a2f9,2bba7472e1abb00f2e48d4740879c096,delivered,2018-07-27 09:58:16,2018-07-31 04:05:54,2018-08-01 12:57:00,2018-08-07 19:38:55,2018-08-17,11e9c88307e1b261be8ce9b300adc5f3,2018-07-27
4b06a335eb20f25b8c5ba42e29355b6a,e57094aeb5c4a3144bdb6d0efc67aa42,delivered,2018-04-26 14:39:46,2018-04-27 08:12:17,2018-05-02 14:34:00,2018-05-03 20:16:54,2018-05-11,1ebd0576563f72dc090bbfb7c4068f45,2018-04-26
ced1baa7ea4e81958a7ce0353f858f96,d6a4e4b359ef6c46069c1639a9ae90a4,delivered,2017-09-26 16:55:16,2017-09-26 17:07:17,2017-09-28 19:08:43,2017-09-29 14:27:16,2017-10-11,aa456eb5182e9ce08561156920c2af2a,2017-09-26
a849dc1b351c9075b4d4b00c45375016,5ddb22c9735c616559a348873e7ba27b,delivered,2018-04-19 10:59:31,2018-04-24 18:29:06,2018-04-24 22:56:49,2018-04-30 13:24:40,2018-05-14,dce5cbe093a74750671c9de82f40676d,2018-04-19
e9f0845a93b13f1114e08ddc3ddbc60c,7155db0555447b6140ddd3e2a9399525,delivered,2017-11-19 14:55:44,2017-11-19 15:10:34,2017-11-22 21:24:37,2017-11-28 00:41:44,2017-12-08,ea6e886dbffd39820cbd7eb76b2af63a,2017-11-19
accac73fb87ed8038257218147829125,bdb9d5db5b15a0ad9863f05918543c48,delivered,2018-02-08 15:38:04,2018-02-08 16:59:25,2018-02-10 04:16:43,2018-02-25 17:29:04,2018-03-07,f15ad971bc3aa6e488f5079135731170,2018-02-08
69730255ec58c4cf06be03ba4718b994,3ba092709645951ce8c3607ab0ba6505,delivered,2017-11-24 09:15:36,2017-11-25 03:51:44,2017-11-28 16:41:31,2017-12-05 21:58:50,2017-12-14,f99fa0c7b369bde9c53edc9e6f6c4a58,2017-11-24
a9d8070e7b21efa5414c183c918eb4d3,3fd0f231e635f3713917e645fd8e06ce,delivered,2018-01-08 23:22:26,2018-01-10 10:32:43,2018-01-23 11:28:49,2018-01-26 19:13:05,2018-02-08,2ac4312997e09e6770fd4c3d52adf77a,2018-01-08
b5e50b7fddcc5f12ecb97b4d5f455f61,b98ebbd8ea221e3debc0436d74d31e6d,delivered,2017-07-31 16:50:59,2017-07-31 17:05:12,2017-08-01 18:37:32,2017-08-10 17:48:59,2017-08-23,ba54ee5be417c0558c060a3186451248,2017-07-31
92884edd98a00a25b34deb79365a7c12,7081962004875abb5b6710a4042b9ef7,delivered,2017-11-09 13:49:25,2017-11-09 13:55:35,2017-11-14 15:24:38,2017-11-20 12:56:38,2017-11-30,330a0bc8887e4ceccf797f43afacb86a,2017-11-09
e0764e8271f94cb825f0a47e559c34c1,57d884a578f195e27822a2848d78c41a,delivered,2017-08-27 16:35:53,2017-08-27 16:50:07,2017-08-29 20:38:46,2017-09-05 15:18:33,2017-09-19,80c75765d37423d7b0f1982db401530f,2017-08-27
2d834ec410b63544e1d9bc1461ecf175,f212aed6927c04fe3d890ef49b288997,delivered,2018-01-30 14:18:23,2018-02-04 23:31:46,2018-01-31 19:34:03,2018-02-17 12:16:57,2018-03-02,d086d4375ebbeb67f775bbe337aff792,2018-01-30
cdd73574196041c23e5d79e121180830,f4088a81cdec0dfe42722a468febb0bf,delivered,2018-01-19 00:00:56,2018-01-19 00:11:42,2018-01-19 22:29:13,2018-01-26 22:48:30,2018-02-20,c2854580cbabefc126d139b13cad7d33,2018-01-19
2df952b27ecdf708ef92658a4adf881b,deffd3aca3c7bd8f03f3777d0239f903,delivered,2018-08-14 20:17:10,2018-08-14 20:25:26,2018-08-15 14:21:00,2018-08-16 23:38:27,2018-08-20,0e800be12a566182d746321f54c40ce4,2018-08-14
a7d6661622ba254f0be9fa2c51d97253,f03d501fcffc9f7e97ab7c8f07c6fd89,delivered,2018-02-01 08:37:27,2018-02-01 08:51:27,2018-02-01 23:22:39,2018-02-03 13:53:00,2018-02-19,1e1ee664f240408d29680ac7d07665a1,2018-02-01
d6b18764545dfde7b5ee30af60e6fc0c,9a3f59cfc1631867943d54d285ab56a3,delivered,2017-07-12 23:00:29,2017-07-14 02:30:23,2017-07-17 20:27:05,2017-07-24 18:28:01,2017-08-16,d3c2b25f9665f3539fba423681c0750d,2017-07-12
9ad10c69757273af721bfa883c1d1c81,885e3244e80c203942ec9413d3710388,delivered,2018-08-19 21:59:54,2018-08-20 13:31:40,2018-08-21 14:39:00,2018-08-23 20:08:33,2018-08-27,4560c3bb6da653979abbd1a7f2ff4b59,2018-08-19
bbd8dc7205531e8a4cdaca3a70d1c0bb,5d0e84f6254b4249f9c17ca2642dd09a,delivered,2018-04-17 09:04:34,2018-04-17 09:31:22,2018-04-18 22:56:35,2018-05-01 03:12:36,2018-05-08,25e1786f6f1a395f8d0c79f7367ab39e,2018-04-17
27f453b6858eb4711c97e65001f7c4aa,8b80508ca8fde5f321c72311ff936bb1,invoiced,2017-08-28 10:26:52,2017-08-28 10:44:49,,,2017-09-19,4831e521ed6e409038e639c3dbbc79fc,2017-08-28
b8e74d6ba55f8bb7f2da41273cd42fe5,5cf4d5881fdfbc98e93eb6087d217528,delivered,2018-06-28 09:20:09,2018-06-28 09:31:30,2018-06-28 11:18:00,2018-07-04 11:34:44,2018-07-19,dbd9a267f604879f47caba3dcd5b2682,2018-06-28
aa834e164d26bde6b0890bb9e70fbf9d,0d3e3695407baeee3c2f78543b1def5a,delivered,2018-08-01 19:07:44,2018-08-01 19:23:54,2018-08-02 13:38:00,2018-08-08 00:49:53,2018-08-22,eb4406e75d4c703d45000ebebd5857b1,2018-08-01
8fc45fcea7ef26a592a2f96dc5fd9b05,78449129b97eb41e46418a648050d958,delivered,2018-08-07 11:06:43,2018-08-07 11:15:23,2018-08-13 14:41:00,2018-08-16 17:48:42,2018-08-15,9bbc240a0727f809394641071728abb4,2018-08-07
beaa70f158221aa1ca0d8a5545b97569,e07454c15288f90421e2fc0075940bb7,delivered,2018-01-30 22:22:28,2018-01-30 22:34:27,2018-01-31 23:51:20,2018-02-22 20:33:27,2018-03-09,57d91ead18f17efa88295e6a1a8e88f1,2018-01-30
7d0a7957897551b77224fc297e8f6046,b8936eebb611c6af9b609ed39594c33a,delivered,2017-03-01 00:01:30,2017-03-01 00:50:26,2017-03-01 13:10:42,2017-04-17 09:25:16,2017-04-03,426f0839fbb0679c6f1ef8f80cc30c66,2017-03-01
c40e13850994649006f28cc890cc4c64,5b06b28c398ba7340ae864aa8e9a3c00,delivered,2018-08-18 14:50:45,2018-08-18 15:09:58,2018-08-20 09:36:00,2018-08-24 23:22:33,2018-09-17,4422586867816c6b6ca20ee11e7dc436,2018-08-18
acc6bd8c0916bf4bc44f3a77910eab56,6074438d127875b560ef2a659c6fa741,delivered,2017-05-21 20:52:18,2017-05-23 04:03:02,2017-05-23 14:28:44,2017-05-24 08:04:58,2017-06-05,cf7dfb0cc05783ea1ab1e68d94ae1f81,2017-05-21
2f609f51e21add184869268ce7e16048,97923f8039a8e507b87d33d7f77f2f55,delivered,2018-03-07 19:01:38,2018-03-08 13:50:28,2018-03-09 18:58:46,2018-03-15 18:26:28,2018-03-19,3dbf5550a66b1e9172706dfa48e2b2ef,2018-03-07
cb8db0e01a5a66dedda64100960904f3,7b9cd81f72142c9bb51ad110f4fb3b08,delivered,2018-01-19 20:45:48,2018-01-19 20:57:56,2018-01-24 00:14:43,2018-02-05 17:36:44,2018-02-23,8725487bfe51837080dd0887c7249db2,2018-01-19
b08f48a15acd7ea5c565ec963d3d1b73,bea028dd673f09d19c823b4b6a68a171,delivered,2017-05-18 17:53:34,2017-05-18 18:05:14,2017-05-19 15:34:26,2017-05-24 12:05:02,2017-06-19,6a67b4dd044dc7fb603621c5ade95338,2017-05-18
748959bbfc92b5990235c6b93d114475,8be6f49db3d785d76b3cdd1dd72dda37,delivered,2017-05-19 09:11:12,2017-05-19 09:25:16,2017-05-19 15:17:22,2017-05-26 08:59:43,2017-06-16,379982f955f6b74d1082ab864108a788,2017-05-19
e91d8c4d1f56976dc462a52654b3b40d,2bfd98535589d25f433140134e2b8e15,delivered,2017-12-04 10:23:22,2017-12-05 11:23:51,2017-12-06 19:15:44,2017-12-16 00:03:42,2017-12-28,4205be90afa1ea601ac61f983d504ce1,2017-12-04
11ac39053e8c6e289d39a845c1a9c3b0,31f74614d63dae6a838d639204a889dc,delivered,2017-08-21 20:40:53,2017-08-21 20:55:22,2017-08-23 18:22:33,2017-09-06 22:39:43,2017-09-21,59f88b3d7efa3d6c729d73592ff6958b,2017-08-21
3d4b51e124185cb134ebc4fad365dc85,dd3a838b2d5933d07fb4b843c70206e6,delivered,2018-06-16 00:29:33,2018-06-16 00:59:42,2018-06-22 14:48:00,2018-06-25 22:03:31,2018-07-04,e7406d2596decf37466932ad2026b549,2018-06-16
2386b5c23a2a5a08397fa987f56b8fde,96c229cbb643f30d2ae506bf19d627f3,delivered,2018-08-07 23:50:47,2018-08-08 00:55:22,2018-08-10 15:00:00,2018-08-21 21:41:37,2018-08-13,e380b7dea2cb0665852a123ae720515a,2018-08-07
1d40fe7772d2fff849bc7a3a75c638c3,cef3af3b48fbdf4bfdf4f431fa1cb890,delivered,2017-04-02 00:07:02,2017-04-02 01:04:35,2017-04-03 12:04:43,2017-04-06 08:14:12,2017-04-24,e0681ab3c1e38fecbae27e1d51021336,2017-04-02
8a93f4f9e595aba3253cd1896fc4dc36,788026d4f19935bd583197a8e62211ec,delivered,2017-11-24 21:19:48,2017-11-24 23:59:45,2017-11-27 18:39:03,2017-12-04 20:33:35,2017-12-15,1dc4098ed98bcde138a11830f63de633,2017-11-24
72b9d86fe4e984d9879013b9ecbb25db,8b122c119e36ca9dd381d2bfc02112ea,delivered,2018-04-11 22:29:32,2018-04-13 12:35:27,2018-04-13 21:26:48,2018-04-23 18:41:58,2018-05-23,0b5441ba8ca3c9edd474fde7f2b31eeb,2018-04-11
0e8ff627f13a661a3886dc96e386f84e,d11f59faed0f745f357e502c28bacfaa,delivered,2018-05-17 14:33:47,2018-05-18 01:17:31,2018-05-18 08:29:00,2018-05-22 00:22:05,2018-05-25,2d9e2f6bc85722a5fdaa5f9b14f4595a,2018-05-17
cdc0adbdd9628dea5d7fb2032fd66c69,91f4ef78634a635fcf720e4308814c97,delivered,2018-08-24 14:24:45,2018-08-24 14:35:16,2018-08-27 20:12:00,2018-08-29 12:15:48,2018-08-29,107851be4cbb441fdb45ffadcbc691f7,2018-08-24
7f2730743127811a3d561cf49acb6461,c4590ed04c0f2469e36745aca236a7b7,delivered,2017-06-18 19:51:22,2017-06-18 20:05:19,2017-06-19 20:14:51,2017-07-13 17:22:09,2017-07-17,36932309b9a39a19b2ea18a7a44e53cb,2017-06-18
e81fbdf6c9bbdc3b6a9cd243b617e576,722af1f4b57a5d7df147069ad64c8361,delivered,2017-11-20 22:48:11,2017-11-20 22:56:23,2017-11-22 13:22:35,2017-12-18 22:10:09,2017-12-14,c53a15252bb69a238a59b79c58a84bcf,2017-11-20
4ff3fc0a3d6e628acc27a25e1b6ed687,2d85651fc351f4e5043b7e28123f2f52,delivered,2018-03-04 17:32:32,2018-03-06 04:20:23,2018-03-06 19:27:37,2018-04-06 22:28:29,2018-04-02,d22f8ea94f955131a2603d247274a8eb,2018-03-04
058ff573aef21e528adcab8b8717c43a,70856b1e2541638130dd5073344401a1,delivered,2017-09-18 15:30:12,2017-09-18 15:45:28,2017-09-19 17:54:18,2017-10-05 19:44:53,2017-11-07,0f0894fa9e80292ffa49f9ab99093318,2017-09-18
d47fb5aec546dd9f12ed5495f96bc350,9d89e026dc5b2c75f900835652994a75,delivered,2018-05-04 16:45:37,2018-05-04 17:10:07,2018-05-07 12:43:00,2018-05-08 16:12:37,2018-05-17,c5d347baaba4a7539db54190e801c348,2018-05-04
b2e66035b66649e5b359d5b33ba09c21,9ea4c5abbde4a7a943a9fb80a85176c3,delivered,2018-06-01 10:51:59,2018-06-01 11:12:16,2018-06-04 09:41:00,2018-06-12 16:57:43,2018-07-05,0a8247e80253bcc2df41d9e770e07b67,2018-06-01
c35a37d0a33beb367aad6fc4dc2178ec,63fac92d0340bec037625d9bd920451e,delivered,2017-10-29 19:31:39,2017-10-29 19:45:27,2017-10-30 19:58:40,2017-11-10 22:42:52,2017-11-23,e032af402cc8649e748190370854c8d9,2017-10-29
77b08f3ea310719320856c7ff77da30a,3f98dccf3c93776ab7d2d56dde61dba4,delivered,2018-03-10 22:45:43,2018-03-10 23:20:21,2018-03-13 23:29:44,2018-05-08 15:16:46,2018-04-02,64f931b578b2caf2af5b48fd40c72c5a,2018-03-10
c05dde0f88afdb953c533a239f6b29f4,fff4f0c85a4d710abe06599e1ed08a42,delivered,2017-03-25 11:32:18,2017-03-25 11:45:12,2017-03-28 17:04:51,2017-03-31 14:50:23,2017-04-24,f08d3d88030ed00af862faac0eec9b92,2017-03-25
d3085edb0a0b0d550bd72f712de90c09,1ebe4440e27e63e562784cd1b8a85a37,delivered,2018-05-24 11:00:54,2018-05-24 14:56:51,2018-05-25 12:44:00,2018-06-04 15:48:26,2018-06-19,778f54822ac434dc7845bb44aa4d80a7,2018-05-24
e759d96cc6fa319a134b392a787b2b64,60f13948a6327dd759310e8e86460513,delivered,2018-03-23 19:57:14,2018-03-23 20:07:52,2018-03-27 16:46:39,2018-04-02 18:39:56,2018-05-02,b1ebec65a034631363bc8b1e8456882c,2018-03-23
c46172d2acb91b47e43297edd9d8b3ed,0a6851c4607181b4a4a770cbe556b822,delivered,2018-01-20 22:09:34,2018-01-20 22:41:05,2018-01-23 00:23:41,2018-01-26 00:14:40,2018-02-09,82809cee3c35eb89b4dd4d2d1a22eedf,2018-01-20
b15e9d1741046124ba4bf5c7dd4e5a8a,372864e90194a3ea999f6cda5d954956,delivered,2017-08-09 13:14:11,2017-08-09 13:30:18,2017-08-11 15:52:28,2017-08-22 15:06:12,2017-08-31,0c6e8dddf8ac3d177f4913eecb649a05,2017-08-09
8821b5f30c514ea0cb2929f61e895be7,b93789e27aa5f66e5eff47135e12c1c7,delivered,2018-03-15 13:09:53,2018-03-15 13:30:04,2018-03-16 19:31:24,2018-03-20 18:22:44,2018-03-27,194faf7f8b705348e5fdfd0066f4ae07,2018-03-15
3bc85ea22011e6a4c0677bd7a985f76b,b85393591751bdee268b50a7b5fe870d,delivered,2017-08-22 19:21:24,2017-08-22 19:35:18,2017-08-23 16:57:48,2017-08-29 17:08:05,2017-09-18,3d8e237ac86a295e90275d1e2bf66216,2017-08-22
7efd51cec62c158d2138c9cd808181e2,8c22e22304102c48be41a81e16adc2eb,delivered,2018-04-12 22:49:04,2018-04-13 19:09:57,2018-04-16 19:19:43,2018-05-03 21:17:51,2018-05-08,d47d659f139d696d382086e03901378b,2018-04-12
84df70f03a2be7d8a483d02c5b596fbc,ea11bf0c8fca4333b3f7faf02b228c3e,delivered,2017-05-16 15:09:18,2017-05-17 04:05:21,2017-05-18 09:50:38,2017-05-26 14:54:48,2017-06-13,f7d2fc6f0a2778f53d2a6bfc27bd0e8c,2017-05-16
2718df8b2c0fc264750dd28232e31eff,4dd293881d50a64764529a4987399486,delivered,2017-12-28 18:05:30,2017-12-29 02:09:32,2018-01-03 16:19:06,2018-01-08 16:08:24,2018-01-23,8ab72e88f448da0413411057c39fa310,2017-12-28
732845be4a6dc4764fbec54f2db497b4,5f9522b3684d553a20aa4708ed505417,delivered,2017-05-31 16:01:24,2017-05-31 16:10:17,2017-06-01 07:45:46,2017-06-13 14:46:01,2017-06-26,4625f18b9c2f7783ed1900ed83c8f0fa,2017-05-31
30d83b2cef8511e3a93b265bbaf25ae8,870d98ac4ec1f123a4206746c1bc0822,delivered,2018-08-16 17:34:23,2018-08-16 17:49:21,2018-08-17 12:00:00,2018-08-24 21:22:10,2018-09-04,76f8fbf5df126f7e7e15c1519029aad8,2018-08-16
73573871323db760fe4f1b0c508ecff0,bb386c09a8ec251d7ccbb232612be0e9,delivered,2018-05-17 16:52:37,2018-05-18 01:17:27,2018-05-18 14:13:00,2018-06-01 11:32:31,2018-05-28,f2e1f0f17d62a38c2460d1db6e2b9625,2018-05-17
b001d1893d61b0d3b035e0a05253eb43,70b7d019188b26e75c6e007c53987f5e,delivered,2018-03-12 19:08:48,2018-03-12 20:08:33,2018-03-14 22:42:37,2018-04-11 22:32:26,2018-04-17,6e30911b215803b7f8666609bd0c8b54,2018-03-12
c7004c253f4946f4e76829e46b303eab,ff337d1abc22aaa5f1712f7d208bbcff,delivered,2017-04-04 11:46:33,2017-04-05 11:50:16,2017-04-06 15:41:22,2017-04-11 08:52:28,2017-04-27,11c788dd7103c8da659ef65e3643c7ce,2017-04-04
cb919725d3998b81e43f4c721f00b716,e9b64f87b2d7de5db20e56ce298eb3b7,delivered,2017-12-05 14:25:45,2017-12-07 15:32:03,2017-12-08 16:38:55,2017-12-13 20:54:43,2017-12-29,a4a7df24945d583cabcba0fb5024a76d,2017-12-05
8ac93a8ac692eb2429203b73b7adf7bb,0481139ed7fe534a38ed6e694cf5897f,delivered,2017-12-05 20:25:59,2017-12-06 07:13:55,2017-12-11 14:17:05,2017-12-17 13:57:07,2017-12-28,e8200f943f33bf297a5ff83fd8cc78b9,2017-12-05
e2d992dfb23aa5b768db449b84b8200b,ad5b13bf0d52d34619b22b66ef348361,delivered,2018-04-17 16:50:32,2018-04-17 17:10:34,2018-04-19 12:21:26,2018-04-23 18:38:45,2018-05-08,c3ad54d23737424e27df79e49a86a673,2018-04-17
9d6dce9148e0eb3c4c1700f477b113b6,fbcb9f670817ba999c65cbf3fc9e0050,delivered,2017-10-19 13:59:02,2017-10-20 02:49:27,2017-10-20 17:48:53,2017-11-09 21:12:08,2017-11-21,27298642ba9db6dd21ae94bf71185ac2,2017-10-19
7ffe1e4299b921d6cc634a5fe05c03f6,adc120dd742716cec2263b7ab309484d,delivered,2017-05-19 01:46:45,2017-05-20 04:10:19,2017-05-22 08:37:38,2017-05-23 07:26:55,2017-06-01,fd4f8292fc83deb893dca8bf14542c07,2017-05-19
c1455c8a20a788e3c2d4093001d92c05,c0b26a6527a4d597ef2e53f706d83439,delivered,2017-12-19 18:49:10,2017-12-19 19:54:42,2017-12-21 17:37:08,2017-12-29 17:13:43,2018-01-17,1822f701194a679994d72eaab9ade8a0,2017-12-19
c5af6636b619b643a3d6e954e3a5b5de,82ed43c22a65281176fbe534931ecca2,delivered,2018-04-05 16:47:19,2018-04-05 17:09:50,2018-04-07 01:19:13,2018-04-16 16:57:31,2018-04-23,f82521cbc5d8da54173bb8478c603a20,2018-04-05
ba57c0b9e68de2a41c388368fcf0dbb7,eb6d12e42f89a27802e2bd9d1824cf91,delivered,2018-02-22 19:14:40,2018-02-22 19:30:39,2018-02-28 21:45:02,2018-03-16 20:08:26,2018-03-22,2ccc5d0620e07e3b54b83848c31a08fa,2018-02-22
9f9d2b35ac2defefacb5c123b82b2223,acb3477acf26f7afd9714d9470c23552,delivered,2018-04-04 19:59:17,2018-04-04 20:10:19,2018-04-06 02:42:36,2018-04-07 01:51:24,2018-04-17,479f918c055f351de04937dcabb3b308,2018-04-04
356108ac93685d12f65fe827e25bb138,070ae6a687b800200c1f7dd6a2671c75,delivered,2017-12-13 17:12:42,2017-12-14 02:12:13,2017-12-15 18:04:28,2017-12-26 16:33:13,2018-01-16,c88d886ca8a1b9bd1a01e4e4bfe40781,2017-12-13
4572c6711d139ed84a03b14ca9a6c76b,b1ce93bb7fef49deb9c3ba4ad28ba1a7,delivered,2018-06-15 18:51:12,2018-06-19 03:56:56,2018-06-19 11:24:00,2018-06-20 23:56:51,2018-07-03,667784acb45158e3d4334f56274b15a7,2018-06-15
e8f84840b3e83e5d117325aad1ba4d50,dd8a1f106e2a416211230862df1224a2,delivered,2018-01-03 10:06:45,2018-01-03 10:18:38,2018-01-09 16:32:31,2018-01-10 12:22:04,2018-01-19,fdc85cd2e2ae478bfe9269ecc4726fc0,2018-01-03
df13face66b9408cd07ec0e5d9400668,602efc16c408ac2019ad392a5e738f35,delivered,2018-06-18 20:23:34,2018-06-20 02:55:04,2018-06-21 11:46:00,2018-07-23 19:02:59,2018-07-20,ec6c4fb8a589b88dc812b45d9e5ded27,2018-06-18
3208081336d844f7752b1e939dd1bbac,b288fbdf739c5aaaa7bb5ebe0ed315e1,delivered,2018-02-28 23:48:09,2018-03-01 00:08:30,2018-03-02 22:47:00,2018-03-06 22:28:59,2018-03-13,7018a5e068b8fd0912fed2d02952df23,2018-02-28
32df9ad50634e74d5454b4493d587790,420faf91b61e0c56a0688c976aa951c2,delivered,2018-02-20 23:12:20,2018-02-22 02:31:11,2018-02-22 19:45:21,2018-02-28 12:53:51,2018-03-14,66c05d600a65a5d622d3e06cfa8c15c1,2018-02-20
7cd974a86e085cb5b455b7cffb6f4d46,5e4422ad2e2fe371c8d5d7ffb1ace380,delivered,2018-02-20 13:46:13,2018-02-22 02:30:52,2018-02-22 21:04:29,2018-03-09 21:24:51,2018-03-21,c1d8b7537b86fe0095a78032552c5acc,2018-02-20
c6da58c3b564bd7fe69eeef7c5e89593,716d7f4ffd6d0128aba8825570b2a656,delivered,2017-05-29 21:46:54,2017-05-29 21:55:23,2017-05-30 11:53:48,2017-06-08 13:57:46,2017-06-09,41c164545761474b81c42602c85b42cb,2017-05-29
ce4ad5f005be92dc5c6931f9929f9f70,ec0c29c31c2d4c96e90285ec4f87f86c,delivered,2018-04-21 19:15:08,2018-04-24 18:23:27,2018-04-23 14:36:35,2018-04-26 23:36:40,2018-05-21,d0631516e87717170601b9d4c24f7265,2018-04-21
d75d54558f0639e487afa816d8c23927,b97e0c31fc40604d54a7bb2248d9e1b6,delivered,2017-04-11 22:04:15,2017-04-11 22:15:09,2017-04-12 14:13:23,2017-04-19 12:49:08,2017-05-15,17aa75fb1cf7aae916c7fab96ffc35bf,2017-04-11
16f77b7311d2685235f9c8936da1480f,96d0b462e6455c019d2b68764af1a611,delivered,2018-02-20 18:35:25,2018-02-20 18:50:24,2018-02-21 19:26:41,2018-03-05 21:43:52,2018-03-12,0e4797a3c58af30a243771aaaff44806,2018-02-20
3b73b197eb4c6d3e501a291eb024fa1c,f38d2e23b648a4851a2ce9364a96d3ce,delivered,2017-04-24 19:14:56,2017-04-24 19:25:16,2017-05-15 17:18:03,2017-05-20 08:41:22,2017-05-23,8b8b36965095c5206817d2b242a6a947,2017-04-24
da3146b1cf55ef0687b99018f4df821d,b0c44ccb9fdb79c54e8eff3217f23202,delivered,2018-01-19 13:23:28,2018-01-19 13:36:01,2018-01-19 21:22:31,2018-01-22 17:16:36,2018-02-05,db5681fc8369b65dedae0d34f550535c,2018-01-19
54c7a05b85b8bfb331d77346f1241e49,9c6b64bc4edac97d9148a1261cb1b68e,delivered,2017-10-22 22:02:00,2017-10-22 22:14:25,2017-10-24 18:58:50,2017-10-26 17:18:46,2017-11-09,b131ec5e2352ee97d68e647af30a971d,2017-10-22
a2226e6f6547ec94fb52d33362d58458,603f7c0d9ae8951348f59a7f8195e29c,delivered,2018-07-11 18:44:07,2018-07-12 11:55:16,2018-07-24 13:21:00,2018-07-27 13:58:26,2018-08-07,bad0bfdbed12449641dba5328216418c,2018-07-11
665529c259350d60618eca48496ea75d,425d4b843ec1a263e76875e53ce409b3,delivered,2017-12-09 17:09:23,2017-12-09 17:30:28,2017-12-11 22:38:27,2017-12-21 19:48:49,2018-01-10,bde9926c8ec4091020e705fce9844b3a,2017-12-09
33550c45cf1fd94c9f755293fb9591c0,c73286ecf213e8bd89fce93c28d24f1f,delivered,2017-12-01 12:08:24,2017-12-05 04:18:38,2017-12-05 21:45:45,2017-12-06 20:18:59,2017-12-19,1201e8484f2158b3dbdb0186ef20e8ea,2017-12-01
ad26e4a8efe8e2efdaf6964ea7932b62,658bea1670fb409f09d6f5b2133f4752,delivered,2018-03-26 11:39:40,2018-03-27 03:51:15,2018-03-27 21:26:36,2018-04-07 01:28:25,2018-04-13,a212896846dd6405a9b17d808304931a,2018-03-26
3da299eb23ef6b151ba540fce7118629,db2c70ae382fa9579fcd3982c9bf9bf2,delivered,2018-02-24 21:21:49,2018-02-24 21:30:29,2018-03-05 20:16:49,2018-03-24 14:03:49,2018-04-11,86f11c808a46dfa5085ea86800ae6807,2018-02-24
0e631eca89e976f885d1ef7f7a4a4698,f6d20984abb578ea47f9f68ddb947966,delivered,2017-08-06 21:38:03,2017-08-06 21:50:16,2017-08-07 17:17:30,2017-08-16 19:41:49,2017-08-29,d89adb01cd55415850d9e9b44879c0da,2017-08-06
40153acbaa4888eff1e5e778798f30c4,953017cf1d2407656c709e62f0de7d8a,delivered,2017-09-29 17:00:09,2017-09-29 18:07:28,2017-10-02 14:47:01,2017-10-10 20:47:39,2017-10-23,16b67aca6a1ccfa30cb2bd5faafebf66,2017-09-29
8cf18ab59e81ce7230e9bdb5a49d4c72,f7d31256e469e23436ff58bd91018dc5,delivered,2017-08-15 22:56:06,2017-08-17 00:31:26,2017-08-18 13:28:55,2017-09-04 19:18:12,2017-09-12,be31e36b5ea4c13c355fea4fb10c2d3b,2017-08-15
aa9ad84c2fa033010c9cadc5ff22d939,5532f6945389ffa4b2ffabee3075b9b9,delivered,2018-08-13 23:06:23,2018-08-13 23:24:04,2018-08-14 14:43:00,2018-08-15 20:46:43,2018-08-22,fd8df41508d112db4909de125d20c330,2018-08-13
dc43adc8cf44306503fd3db002d5db5f,9608550726f0135e52d3d72c08783afa,delivered,2017-05-19 14:45:14,2017-05-20 11:05:30,2017-05-25 09:21:37,2017-05-30 02:12:25,2017-06-08,d5f4d315a02dde7b381306b21a2bb9c2,2017-05-19
bfc9f97fc7ddacf8a3c33c4b2bd15a93,9b81324d4d7308a459ae94e43ff27692,delivered,2018-08-07 16:33:58,2018-08-07 16:45:19,2018-08-08 13:53:00,2018-08-14 16:29:02,2018-08-17,7b70db47e11fe1776e5fad230f1a9be1,2018-08-07
32733fc014b67ef70fa6039dd8c6ba82,ad66699beab381d0747605f108cc02b4,delivered,2017-08-30 21:12:28,2017-08-31 02:50:24,2017-09-12 20:16:46,2017-09-25 17:53:23,2017-09-22,29b186723b197669f69b7d63c3e27c07,2017-08-30
d16883834f84a462d3863b5213fc2bc8,04c3d77667ac0f0a7047e8d222b7c803,delivered,2017-09-30 10:20:40,2017-10-03 04:05:02,2017-10-03 18:57:15,2017-10-09 20:04:06,2017-10-27,da05ea5cac5fe341178e62ae03d522b8,2017-09-30
d80799e45b1938827bfd57d8ee9b3c50,4ff608f0d5d0c0c8772eecf178ba2c7f,delivered,2018-04-23 10:53:44,2018-04-24 18:37:33,2018-04-23 20:33:32,2018-05-11 14:54:56,2018-05-24,16a23480d3c92eb40e134844d52aa63e,2018-04-23
bd692242647dcc885acaafe72c34eae0,9745c5eb8387daa3b322f9e8815c0d09,delivered,2018-01-04 06:53:37,2018-01-06 02:27:51,2018-01-06 15:45:40,2018-01-27 13:38:56,2018-02-05,7e803b451f1af52da8f07d76046dff0a,2018-01-04
1d87599144fe1573be8611bf9f5d5de9,03b400e08714b00279dfdc1356f6f03f,delivered,2018-04-23 21:49:49,2018-04-24 18:37:41,2018-04-24 23:21:56,2018-04-25 23:48:48,2018-05-08,ff03923ad1eb9e32304deb7f9b2a45c9,2018-04-23
d181dfce5d8355bc51c2370c6910d4bc,de1c64a7f4179d4216ee09d181aa2e6a,delivered,2017-07-06 17:25:17,2017-07-07 17:30:19,2017-07-14 19:46:16,2017-07-19 17:49:02,2017-08-15,dde8dd36a5290a1bfb650e1c8037b88b,2017-07-06
32e76b791f3833aebe9064d2c09dc1c5,02b9bbbd5bec26b61cfd9bd3944c2ffb,delivered,2017-11-24 15:16:05,2017-11-25 04:56:24,2017-12-15 18:29:49,2017-12-26 16:38:57,2017-12-18,2ec7d93d9bffbbadcb5ac168bcd0963d,2017-11-24
e0100dc88768c6ca8b1b419fde8a50fb,7c62c3b955e3225ca51cd0242bdd9b0e,delivered,2017-11-11 16:54:00,2017-11-11 17:10:33,2017-11-16 14:36:50,2017-12-11 19:15:51,2017-12-01,ecf191d9e1cfa4d03cb300297efae837,2017-11-11
d9d7e5dfa3a521b26058665230c530a2,5850a1aca7d07248dad1103ad272341d,delivered,2018-05-03 22:08:30,2018-05-03 22:30:34,2018-05-09 15:48:00,2018-05-23 16:48:18,2018-06-13,eb8ddda056161923245beb3770c3431f,2018-05-03
08d1ac9ae1dcec96c3422ade2005fe94,9eaca8a90e67b6779a2dce5d3b4c434d,delivered,2017-09-06 09:44:50,2017-09-06 10:04:33,2017-09-13 13:15:04,2017-09-19 21:43:40,2017-09-27,564fb2956ed34f0a78c1cc37d731f3d9,2017-09-06
721e8bafa01037b2af767f8de9617d97,ee31ded212eed1912b5141ced4ff9271,delivered,2017-02-03 21:54:21,2017-02-04 22:05:16,2017-02-07 09:39:07,2017-02-09 08:25:43,2017-03-02,19b6e287f054adebe9c948e723d18740,2017-02-03
24536ae68dcaea969641d76fc4cc5e4a,6db251bad58edca6d53d44638936741a,delivered,2018-06-19 16:21:17,2018-06-21 04:36:17,2018-06-21 13:15:00,2018-06-25 15:29:02,2018-06-29,f28efe52152019a633891bfdb679886e,2018-06-19
9ab1853460522b70139bf63d6715f4c2,1bfc1883b1748812bf2b9ee4cde78deb,delivered,2018-07-25 03:20:33,2018-07-26 03:10:21,2018-07-30 12:15:00,2018-08-03 17:36:58,2018-08-16,26c2f94aeb82cca504dec476f8e8ff70,2018-07-25
c63d42eaa9f87b513dcf03cce7097bea,11c2b07099015f6a90a1793c9863edec,delivered,2018-06-13 08:31:10,2018-06-13 15:37:23,2018-06-14 14:20:00,2018-06-18 22:43:48,2018-07-03,cffa3735e3c4d6cdd98e7a43b39cc31d,2018-06-13
e178f680314bdb3095e96da3e417ee27,ffb92ebafe7c270f1b4f8805f9e77447,delivered,2018-01-09 14:36:22,2018-01-09 15:10:08,2018-01-25 16:14:47,2018-02-09 17:02:56,2018-02-20,ef7e9a61e6f1e1b5a8887908463eb24a,2018-01-09
6574e472aab8b68f76831790f2212403,3c132e075a4ec4a7899ddf71c4187700,delivered,2018-05-03 10:19:23,2018-05-03 10:57:01,2018-05-03 14:22:00,2018-05-09 22:56:31,2018-05-24,7d39dca2d38451111031152827ae01a0,2018-05-03
ac56367131672fa50d4af1148bdb1f19,9d738b553036239b0eb45ec8d4421d70,delivered,2017-07-11 17:32:43,2017-07-11 17:45:09,2017-07-12 19:53:32,2017-07-26 20:54:08,2017-08-02,2f00c59ffda1dd2d2a95522732bd4a25,2017-07-11
6c44f75ed9c6c59ab4d2e30076330768,684cbb6356e27fe0120dc00c7a04a210,delivered,2018-03-05 18:12:15,2018-03-05 18:31:22,2018-03-08 01:48:27,2018-03-09 19:35:41,2018-03-19,5e93dc06f6ee570c4bd75357a601f18a,2018-03-05
ccdac87dc9e04a0d438e99ba5f207c3b,e57e8bbdaba99bfbf694f9287746bb52,delivered,2017-06-06 09:36:15,2017-06-07 02:35:19,2017-06-07 17:22:53,2017-06-13 14:07:36,2017-06-30,fc5696a597275e6419fdddfbaa29143c,2017-06-06
c6efa28cb2f5d8167ce942fc7f5e6a4d,08cc91b88d0bb7f6de3352195fa86775,delivered,2018-04-26 09:52:53,2018-04-27 03:51:10,2018-04-27 15:06:00,2018-05-04 18:25:49,2018-05-30,67832818cf943efd1199301d8c518c38,2018-04-26
992f50775eaa601afc5dd66faedd9703,367761aa6230c205368dda6029b34820,delivered,2017-11-18 12:08:37,2017-11-18 12:26:22,2017-11-21 10:42:32,2017-12-05 21:20:01,2017-12-14,59ddd50104724c7bd5ca87dd6051b70d,2017-11-18
05302619b1bff6733f64a97851af68cd,e3f62212035039c920a8409127b09a41,delivered,2018-01-21 14:04:33,2018-01-23 03:36:53,2018-01-24 23:12:41,2018-02-07 21:27:04,2018-02-14,71f88676a49942af16839e9690b97f54,2018-01-21
5e05fc44a33348e1cb63924603162dc4,ff31b2fe23c1b36177c721cb33689903,delivered,2017-06-16 18:35:14,2017-06-16 18:50:14,2017-06-22 16:31:14,2017-07-06 17:41:49,2017-07-20,d18c61b5a369015f79ecb26d859d57b0,2017-06-16
64dd54dc9a6a5103707698f5943c3ab9,35a8a7cebe2160d0beece67004901f88,delivered,2018-01-22 11:37:45,2018-01-22 14:25:32,2018-01-24 21:28:51,2018-01-25 18:52:42,2018-02-16,896dc5bf20bbb5495b91021c021ccaf2,2018-01-22
1753e585ae25cd90fd3e8adfeaff0feb,e66b97f27c737e80c69d24094d6038ee,delivered,2017-05-19 17:27:49,2017-05-19 17:35:20,2017-05-22 11:41:30,2017-06-03 07:59:35,2017-06-20,281c1b891f8593b05ecde83d38cb9e5d,2017-05-19
474e0b51c3e67e7861cf33ce9aff3f92,2419117f0b2e8167c17c71d9a9ea444d,delivered,2017-11-18 16:15:56,2017-11-18 20:06:47,2017-11-27 19:21:39,2017-12-07 15:28:45,2017-12-14,9cd3c26d02354e195227cb65fcb6dd60,2017-11-18
70651ffdcac01fcb5e75f222120d627f,5d8a568f568fe7309898ecafae5e7211,delivered,2018-01-04 09:51:50,2018-01-06 02:08:40,2018-01-09 14:38:23,2018-01-26 20:15:04,2018-02-16,752e9627ade09abdd5471ef0e482b05f,2018-01-04
58297f23eadfb90b3aab1977f2ac8207,7ac498b03559cc1715172e77d7041bd7,delivered,2017-12-14 23:17:36,2017-12-14 23:32:52,2017-12-20 17:57:19,2018-01-08 16:48:37,2018-01-16,b316ca275684997cc9e306ef6ba7e400,2017-12-14
f271cf9a7c9265ad2b7f53c6a8d5708b,229785783f4f6ea624c2df4952a32f45,delivered,2018-02-12 21:25:28,2018-02-12 22:40:31,2018-02-15 20:08:52,2018-02-22 00:02:33,2018-03-12,52a01b3da2d3a255b45ee02ce465cf3d,2018-02-12
5570ac493a57e5dc00296c8de3813672,fe5ac7efe8874eecd790e7aae157c913,delivered,2017-06-21 12:57:02,2017-06-21 13:10:16,2017-06-28 08:47:28,2017-06-29 15:47:35,2017-07-11,4646025059444f61a86266dc7264c27a,2017-06-21
090c0cc3d47ff02fedac32aa0a7cab97,bc411cc8e20ef5a0874525646fda2a8c,delivered,2017-11-22 09:17:04,2017-11-24 03:12:48,2017-11-24 21:38:43,2017-12-07 16:28:06,2017-12-15,b5f029222bbc62ba62a6bc324be6a721,2017-11-22
85efd92a75055023d5fc1b29e749559d,a611e03184c9393192290940654302d4,delivered,2018-06-13 22:06:01,2018-06-13 22:19:26,2018-06-14 12:48:00,2018-06-15 20:49:27,2018-07-03,4a50febfa20fe1d1eb876184fff809fe,2018-06-13
e4d1d4db8773f78303824f42f130c88f,e2aa60cca12f694c550a5f58ae651a9b,delivered,2017-11-13 10:11:21,2017-11-13 10:26:53,2017-11-14 16:58:40,2017-11-16 19:32:36,2017-11-27,2a2eeca87e56515b095e26141f95a2ce,2017-11-13
f9df206bb22d417017b52ddef1c2795e,f2b28382d5bede3054c6874d41a2f11c,delivered,2018-04-19 18:23:18,2018-04-19 18:35:23,2018-04-24 21:36:56,2018-04-30 10:16:25,2018-05-22,0d61a9cbed47f465b140b4eae222d8ad,2018-04-19
233962c509ebbdb05dacfbe831d15d5b,d228372e688f6c326c828e9ff761dc37,delivered,2017-10-11 20:38:13,2017-10-11 20:49:19,2017-10-18 17:51:42,2017-10-23 17:56:12,2017-10-31,d01945e39c3efab4cb031657ef8f2766,2017-10-11
4467dd578066b5d41c3c401cb0b3f628,56f735ffc907f93942f622dfa0010ac4,delivered,2017-07-11 16:18:33,2017-07-11 17:24:11,2017-07-17 19:47:33,2017-07-26 17:41:40,2017-08-02,a098e7b256ad9d7608a0cd14addce234,2017-07-11
7af8ed2339bcf2d146c8ac50309f9555,71e82ef87e7d0d606679680e357d0360,delivered,2017-11-29 20:28:39,2017-11-29 20:38:26,2017-12-04 21:04:29,2017-12-08 21:41:33,2017-12-29,d1daeae306bae466195a53937b4cf265,2017-11-29
d1b5736f3609456b185e815112a7e096,f6915a8852432ca16966a014a913bffe,delivered,2018-02-13 20:51:03,2018-02-13 21:27:26,2018-02-20 17:40:15,2018-03-14 20:03:28,2018-03-16,1831d2d3eaaf943aba7969101988e121,2018-02-13
4faebdf74e934f7b66d8da301d77d774,2692be767927fbcf8145f370004a9d7a,delivered,2018-07-17 14:53:56,2018-07-17 15:05:11,2018-07-21 09:04:00,2018-07-30 11:36:38,2018-08-07,69c626d2cbbf48233d66391c9371c482,2018-07-17
ee088b3b71973f18c74eb187567d42aa,ffb5b1f6d82177d1d0fa25c9fed63a5e,delivered,2017-08-22 20:19:34,2017-08-22 20:35:20,2017-08-24 18:19:01,2017-08-28 18:39:41,2017-09-14,a2340c8d2161d51eb6bfd2880c84f58c,2017-08-22
2aa34343b80af35eb485d6511edf7a1d,190a654dff9117bfb0b69bbe3f5d581b,delivered,2018-07-07 08:45:00,2018-07-07 10:15:25,2018-07-10 15:16:00,2018-07-20 17:51:33,2018-07-31,4f963f138bf8ef946e0a881236bdd7b6,2018-07-07
0553f54e437f2d7fddccf81ae9a646c6,9959467a8562a7937386de4cdc07ae13,delivered,2018-05-06 14:48:08,2018-05-08 03:52:03,2018-05-10 14:34:00,2018-05-15 21:52:52,2018-06-12,9a532d267519fc583312ee894c9fa405,2018-05-06
e5fe7a555c0caeb39e8531156f743eb1,d43113b7d373bb010c970679603b683a,delivered,2018-02-14 20:05:48,2018-02-14 20:27:10,2018-02-15 20:48:59,2018-02-23 21:34:00,2018-03-15,01180926dda31d9e6f60befe084788dd,2018-02-14
dd71d407875ef4dd2c29c8eabd2bc56e,9ec775f536e082ba1878c67534556073,delivered,2018-04-22 12:19:34,2018-04-24 17:41:57,2018-04-23 18:30:52,2018-04-24 19:03:05,2018-05-08,e69799b53c017c8f8d753ab9ae4a10a5,2018-04-22
197b967f01bda6ab29436b91844e5e90,54c1128e63b28664c615c1b7f33636bc,delivered,2018-03-26 19:55:47,2018-03-27 19:50:21,2018-04-09 23:23:25,2018-04-22 14:58:33,2018-04-13,68acf3bb5e9e6929e6de64a0d88b7c25,2018-03-26
1cdf7f2bd959ee4f6bd5b829ec17fd6c,0e48cc6ff4697cd603cd84a57d3732d4,delivered,2017-12-03 16:28:39,2017-12-03 16:39:23,2017-12-06 15:36:49,2017-12-15 21:08:15,2017-12-20,700e5a2aa50c64c74819d33fa99e3382,2017-12-03
474b04026899cacfa5e37c1bd0f888a4,0a73eee582826e3f9ff1c5e557716c0b,delivered,2018-08-16 07:50:03,2018-08-16 08:10:13,2018-08-16 13:39:00,2018-08-18 10:38:52,2018-08-23,0461e1439177eb1bc814bc4d48dbd0bb,2018-08-16
a7c0828101dce1d4c5ae13f5c1bd2d9e,13f30abef33f943d65cd7107be8d17a2,delivered,2018-01-22 13:48:16,2018-01-22 14:32:43,2018-01-26 13:47:07,2018-01-29 16:09:16,2018-02-06,613f87176d527503b2ee46a2a7bc487e,2018-01-22
30bed8eaec2c3cb8f77fb3da3b9a8e45,06adb04df95e48dcd32284ef83e07c77,delivered,2018-06-26 13:49:40,2018-06-26 14:17:15,2018-06-29 14:16:00,2018-07-02 19:19:30,2018-07-11,67ad73ff4747ba3c33ff9907f22e76e3,2018-06-26
b23aeca07ccf41934cc0bbdd0f2cc662,cd1b7c9f907786a0e30539b3d08b84be,delivered,2018-05-17 16:56:38,2018-05-18 01:17:30,2018-05-19 09:05:00,2018-06-03 13:17:53,2018-06-13,ef07710b2e8ff33c00f514288147f93e,2018-05-17
a9bcf1a7fe9234ce388f78f3902dfcae,6a96055b35d60d2c4862552eaaa7dbb9,delivered,2018-08-14 09:52:51,2018-08-14 10:24:19,2018-08-14 13:00:00,2018-08-16 15:08:47,2018-08-17,73d8f02720dd6554fd731b3db7973717,2018-08-14
306ea671aa064b580d06e291967f18ef,0bf12a8fb9260f4cb9fd1f79618fc2ff,delivered,2017-09-24 23:32:44,2017-09-24 23:45:11,2017-09-25 14:32:29,2017-09-29 18:23:41,2017-10-17,2bed4c59b7941507fd6e2f1ebe216095,2017-09-24
bb2dafe8efdfb614d72a3c5932c1d49f,99ad9936323a640f13e06db633f3012a,delivered,2017-09-13 00:32:41,2017-09-13 00:50:48,2017-09-14 21:47:39,2017-09-26 18:45:50,2017-10-10,29ce6ada27ec9191758314dabfcc245d,2017-09-13
a2ff580cc6ca2ad0f0f7074b9f307cd0,d9bff84fd46a806db41c6f5f7b796064,delivered,2017-08-30 20:29:49,2017-09-01 04:35:15,2017-09-01 19:36:32,2017-09-19 15:23:03,2017-09-27,9752d1940885bd4d89138ef6f6440033,2017-08-30
0ed85071f4330f23eb0a71d4c26ded6a,644dbfbd91a2bcd850d57349afb60974,delivered,2018-06-13 07:25:51,2018-06-13 07:53:27,2018-06-14 07:03:00,2018-06-15 18:06:43,2018-06-28,e46e5d0b325719473e30b453ae5d5114,2018-06-13
2d801e3f807fc361a71d5ff6da62b2fe,f2850bb56cf2cfc489501ff4671bdbc5,delivered,2017-12-20 23:39:30,2017-12-20 23:50:23,2017-12-27 19:17:34,2017-12-28 21:10:05,2018-01-15,e973b99aa912989d43054cf03005f868,2017-12-20
3913929901c3fb2633bb272682d82e31,927439c5ea8bffaae7b072e1550ccb87,delivered,2018-04-07 08:28:23,2018-04-07 08:35:17,2018-04-12 16:05:34,2018-04-16 13:26:37,2018-04-26,00e20792154788aa00f53fbd616a8d91,2018-04-07
c26ab0b30d07987314b27778194f020b,9cc0f74a146f7cbc321e5fcc10e961a5,delivered,2018-07-28 13:15:31,2018-07-31 03:50:16,2018-08-02 14:58:00,2018-08-07 23:13:41,2018-08-20,0700983d7f5192901b3732bc96c03c23,2018-07-28
767aa0b10b16289b3835d60f0984897a,600cd7e78fc058ef121397ce5c7eb4b0,delivered,2018-04-17 14:29:21,2018-04-17 14:52:59,2018-04-23 23:59:42,2018-04-30 21:07:38,2018-05-10,07d72392a872864bf31420b4a9707c36,2018-04-17
520511b04850b7b40c753fb70aca7bcb,3405b496cbf59272a563bfe5f23caec1,delivered,2018-04-11 16:33:00,2018-04-11 16:51:19,2018-04-12 19:13:30,2018-04-18 00:41:14,2018-05-09,0359ebc514411af89f5b6d86e4b29ebc,2018-04-11
8e25d7ae5953ee779b0bb0a71e434b4c,cebc1cff5b31ee0ce570b98626a89dc9,delivered,2018-02-24 08:48:54,2018-02-24 09:07:51,2018-03-05 10:22:50,2018-05-14 17:31:47,2018-03-20,568a764e5829149bb3a1d8a9cad5bb7c,2018-02-24
ad075cd488e1c655afdbd461e1946cda,ca81c8ce6583b695cfd76066214856c8,delivered,2018-02-06 20:59:12,2018-02-06 21:10:45,2018-02-07 21:51:29,2018-02-20 01:29:02,2018-03-05,f53ef06f7eeea88d691e0b9e530a9fa1,2018-02-06
126778d3b4dab2077cf95c20808141bd,8543c0b4f11a268a7f4713ca98c4b2ba,delivered,2017-07-12 23:45:44,2017-07-13 00:50:14,2017-07-14 21:24:46,2017-07-20 20:07:43,2017-08-03,65c5f23716bc4c3e8055efc369692f7e,2017-07-12
6def17fbea3bc7076fe916d298c4b422,6376861fae7d317b580afe9fd232f707,delivered,2017-08-14 16:49:26,2017-08-15 15:45:17,2017-08-16 19:28:25,2017-08-22 21:32:16,2017-09-05,d14e1e166fb16cddd134d643c1b5d1bd,2017-08-14
cc57707ca30da62fcf5d00bdf4ea143b,e650f85ff4463603337acc85ca591af2,delivered,2017-12-08 08:41:07,2017-12-08 08:50:32,2017-12-08 17:04:12,2017-12-28 16:38:45,2018-01-04,7f7f2b51ede08b64c24f0b64c9dfb9e9,2017-12-08
f353cd55addf6569b4bfa27e1d08367b,0206228d8670e47531b5d33d7b79b82d,delivered,2018-03-15 16:11:53,2018-03-17 02:45:44,2018-03-19 17:28:47,2018-04-03 00:38:50,2018-04-13,1471f54e4f49d70892a2706f71293e5e,2018-03-15
4ede14dc839603196ec790137877bf71,85302c7c3468c88c077efbeb114665ee,delivered,2018-03-26 10:46:08,2018-03-26 11:08:29,2018-04-04 20:42:17,2018-04-05 21:26:35,2018-04-11,d61c0c260cdf4bc6f9604c3b7fbe1a5a,2018-03-26
b9230771a7ecccb578891ecdf1879527,43de4c514a47351d1496f50f85c44f29,delivered,2017-11-24 06:17:37,2017-11-25 04:53:21,2017-11-28 20:21:50,2017-12-19 17:09:27,2017-12-15,f4c19cc9ab9659dcf47d540f74f66113,2017-11-24
f2d33e37a6cec5fb4786a589d91c7cc1,45f0aaf0614fd428a6fa63a391f3b737,delivered,2017-05-13 00:04:32,2017-05-13 00:22:53,2017-05-16 13:58:30,2017-05-22 10:33:06,2017-05-31,e24f80e9606fb089fa16c9d92d78c1f3,2017-05-13
5f63452c08b9ce323d5c4d3d51c8f839,3da901adba289e7a720ea018853bf161,delivered,2017-06-24 18:46:02,2017-06-24 21:33:14,2017-06-30 17:21:29,2017-07-05 12:08:03,2017-07-17,374f8c92800f66e4b0349aba68161238,2017-06-24
5fc11d4514927a1edf8fe4cfc66415b1,3be3ee41d41ccb65bd73d1cc81e38533,delivered,2017-08-11 08:37:48,2017-08-11 08:50:22,2017-08-11 21:33:01,2017-08-18 19:12:16,2017-09-04,babaa7e798b7ab11d93802b67d830772,2017-08-11
48b5f03747afdec20ba2388eee0d3acb,d69b0d9a08d615405bb9b1cf80fd4134,delivered,2018-03-07 10:35:06,2018-03-07 10:49:41,2018-03-08 20:46:33,2018-03-14 02:43:44,2018-03-23,e20bbbf1b72e61fe7f3eb537ddaa45c3,2018-03-07
a2c02a67462d5e75036d6c49cf26a7e3,f0a8eec78c262b21e602811d3f47b957,delivered,2017-10-11 09:36:32,2017-10-11 09:49:20,2017-10-16 20:32:24,2017-10-27 18:54:00,2017-11-07,397ca93828e979635e3b0a1c546d2509,2017-10-11
cf699a6dbb4ec7e28f2cd7a5e1eb0e18,234136c2d853818ea042c2500999fd3a,delivered,2017-07-26 13:30:24,2017-07-27 11:22:49,2017-07-31 17:59:54,2017-08-03 16:06:36,2017-08-15,e46a8ddc18308dcafba6e9fb67760e48,2017-07-26
9f7fdd2f2c7e4bb38623b722c3782e5d,6552091d7ee5ed28aee6e6e699887462,delivered,2018-01-03 22:16:26,2018-01-03 22:30:15,2018-01-04 15:17:41,2018-01-16 21:51:26,2018-02-07,8c19654e2162b2c9cd97e662ae060a3f,2018-01-03
2b749af514f3e9bd00fb20b105f36a83,f30c0c7f51b2c606e9322117d57acba7,delivered,2018-08-01 13:19:22,2018-08-01 13:32:02,2018-08-03 13:15:00,2018-08-21 12:26:46,2018-09-06,1be9308e311ddd714615d3b8a1065394,2018-08-01
23e0d289631ee7c7e4503aa7a8a32c15,d6815b79026dc1c07be2648bad010e80,shipped,2018-03-19 20:09:17,2018-03-21 02:56:05,2018-03-23 15:42:42,,2018-04-09,289f3988c1f8e42f4b1c6a0a15baeed5,2018-03-19
3a3450ff7785b9a81e13a1fb7bd60ea7,eb44a4e57533d931dea088c5545b3b6a,delivered,2018-01-16 20:56:48,2018-01-16 21:11:16,2018-01-18 13:23:43,2018-01-29 17:39:07,2018-02-06,26a6e3e036636ef1d5636f98b66094cc,2018-01-16
481261db37f84927929168d7b183b54b,e8217fb18c09c697dbf62a9ff30e812a,delivered,2017-11-20 11:44:11,2017-11-20 12:07:29,2017-11-22 23:42:40,2017-11-24 16:55:43,2017-12-12,d8b087b8590f95a2ea8b982a78c1befb,2017-11-20
b78e8c2541135a94fabcbfe18bacc116,4b8ea3af1cee01b918c9fd7d55d25d68,delivered,2017-12-07 11:24:51,2017-12-07 14:42:15,2017-12-08 16:38:04,2017-12-18 14:12:45,2018-01-03,82bbba604fce5243ccd13974e4a811fa,2017-12-07
e7ff3e04ea51ac8a43db1fc220c76ce2,c7c9546c395d4ac377ae8bdea520515c,delivered,2017-03-27 11:07:37,2017-03-27 11:15:23,2017-03-27 15:54:24,2017-04-12 16:47:41,2017-04-27,805816ad3561d6a86cf4b4700f4c89cf,2017-03-27
ff61c865c1495e71465c79009005611c,9c358be1d13efdf63bdffaad35834115,delivered,2017-09-16 23:44:56,2017-09-17 01:10:13,2017-09-19 17:04:49,2017-09-27 18:05:55,2017-10-13,85ed7212fe192ab02ab44c95ba87868e,2017-09-16
0fa425ec819100fb29a4838e37e5d27e,542af0dc5b39bbebba0a49c92bcf9b96,delivered,2017-11-08 20:44:32,2017-11-08 20:56:37,2017-11-10 18:58:57,2017-11-11 16:05:02,2017-11-22,3a502a4d1e63887120fdc3b323224d70,2017-11-08
cbe90389edee454fc22a84aacee69e6d,eeedbeccc3682aedf564836354dcba74,delivered,2018-03-02 14:29:28,2018-03-02 14:49:43,2018-03-06 23:41:36,2018-03-08 18:51:14,2018-03-14,68caa6484f6f485da6d53dacc2b4e102,2018-03-02
4b2a739ca7263b2f66f54ebd17cf7337,238d29fa96922070278f9ca31e53b4ea,delivered,2018-05-19 18:33:05,2018-05-21 16:31:36,2018-05-24 16:35:00,2018-06-15 21:18:55,2018-06-08,ff74295e5fe614853795922d79327659,2018-05-19
f8c6dd2b68a916d939d46cb98af8fc49,c823e5745129ad3efb2f5e1497c60b94,delivered,2018-08-12 12:39:13,2018-08-12 12:50:08,2018-08-13 15:06:00,2018-08-16 23:47:42,2018-09-13,f1b4bb7aea160216d97aa348d16b8110,2018-08-12
3ebc89671e73c92c14dfd3e9d6af7bda,e9d4dbce11413c598d7ba2ffb25c9030,delivered,2018-06-25 09:35:30,2018-06-25 09:58:56,2018-06-25 15:16:00,2018-06-29 23:46:27,2018-07-23,c7296a22b127ff1a9f6c4c0de637e4ac,2018-06-25
fcdcf0cd9b77731f38b0c97a27038042,0d4ed3c9d48b373888a0eb3fc96b77d9,unavailable,2017-07-06 21:54:54,2017-07-08 03:23:22,,,2017-07-19,d61bab1f5fd1ea3304eab39da8b832c3,2017-07-06
880fd860edaea5318c35d3b57da842ed,e99979ecd47f84f3d8be57c2a1080ef6,delivered,2017-05-01 21:31:24,2017-05-01 21:45:08,2017-05-02 19:00:40,2017-05-17 14:25:01,2017-05-23,ca33e8dc98df4f39b42215daa02b3e0d,2017-05-01
2bad074d8cb50fea70e0a12bc2ee304e,a53f827b1dbbefc7db9951541abe454e,delivered,2017-06-04 11:55:57,2017-06-04 13:01:52,2017-06-09 20:19:49,2017-06-12 15:57:07,2017-06-19,7d92000409c85ca917fc36293235bede,2017-06-04
92ece83fdd8f37cc9b8a8543fdc8c416,c383e9dfe1fff53a63536aa2326052c7,delivered,2017-10-16 22:09:01,2017-10-17 22:14:25,2017-10-18 22:15:04,2017-11-17 19:32:19,2017-11-08,4ad51704c2804cc4c412c65797d3a644,2017-10-16
32339685fefe9062d33175a4bc12d555,b5ea05c72a89dbe101d94083e18df207,delivered,2017-01-22 20:25:54,2017-01-22 20:35:09,2017-01-24 16:16:14,2017-01-28 04:04:57,2017-02-28,3e93369535d8f45643c5e1dc4467924d,2017-01-22
8d80eb399a69c1577a7bfbc88aebe90f,7c8481c931460400dca197f516777f71,delivered,2017-06-01 00:12:32,2017-06-02 04:33:02,2017-06-08 07:33:39,2017-06-19 12:18:53,2017-07-12,a27008af3b4270c3094c0cc1616b1163,2017-06-01
403e499c55ee10e52fbf26762b33a5f3,066bdd46da5e8a7f24e244574e3f51aa,delivered,2017-08-22 21:12:27,2017-08-23 01:31:11,2017-08-23 15:33:04,2017-09-15 11:28:02,2017-09-18,0dd971dd4cd409105778aefba5f7fb38,2017-08-22
e3f8abc096c0c9e9ed6ad825641971ec,62f0085d64cec3690ecb29ab182952d4,delivered,2017-11-09 18:53:35,2017-11-09 19:07:20,2017-11-10 21:21:26,2017-11-14 20:33:02,2017-12-01,01c6812053d3159e3f8f0a3d92af3cc5,2017-11-09
11d5dffdefb7041981ab58b5e56aa51c,84d1e67ea6f7dc14604511ed8bf85220,delivered,2017-12-18 17:03:53,2017-12-18 17:13:30,2017-12-19 22:46:51,2018-01-12 20:03:46,2018-01-12,b593353aa4c093b71235ece9689ce7e4,2017-12-18
39ed55131dcacf19b9dcf0739eefb591,e2534a6746cba2a938134e7106ea6f04,delivered,2017-08-19 13:04:17,2017-08-19 13:25:09,2017-08-22 09:10:18,2017-08-25 17:03:28,2017-09-19,42b9cce9607189b90335d9cca9a6ba41,2017-08-19
3dce4634061e7ca468efb0460a7a37f2,c450725dd74fe776455b35682c2544dc,delivered,2017-11-08 09:40:39,2017-11-10 02:56:40,2017-11-16 19:54:23,2017-11-22 21:12:55,2017-11-29,dfd3ea7867213f5cb78aedcac86b8fd7,2017-11-08
78713fcdcaa27527d7c24aead3fbdc73,524eba23cf7c2da8d71a78a89f69ae4c,delivered,2018-05-10 16:50:57,2018-05-10 17:09:39,2018-05-14 14:59:00,2018-05-17 16:03:21,2018-05-29,67fe19e380db23cdeaa6d64e5258572b,2018-05-10
f330860e4cc30640994fc5d022b00934,fb97bced7f8d4fbff1093208daeaf4af,invoiced,2018-04-11 16:51:09,2018-04-11 17:10:48,,,2018-05-07,52b839404c605fbcc692e26872615c0a,2018-04-11
a07cb89bbb737eb48261a20b68766c5a,c64e9527bb01925d4b79bc63487d14ac,delivered,2017-08-02 15:10:29,2017-08-03 03:05:46,2017-08-03 18:06:56,2017-08-09 17:00:03,2017-09-06,5e3de62551dfa3420c422459abb0fa60,2017-08-02
0b3506e1bbe1a7086dc5f9f41c594b8e,663b74a68c6ee3368a988224f93cfc68,delivered,2018-08-20 10:29:03,2018-08-22 03:35:12,2018-08-22 15:56:00,2018-08-28 17:34:35,2018-09-14,145e836d1caf31fe74237bf0abbd5a9b,2018-08-20
9cb31e241f37e9115ca372ccb5973ece,d62ce7b0c4485a242887d93be6d20872,delivered,2017-10-29 14:56:07,2017-10-29 15:10:12,2017-11-03 18:50:22,2017-11-09 18:17:29,2017-11-28,f9dbe8ef6911fa7708aaf13d1be3ad75,2017-10-29
a65667bfaf4b4ad478d78ee8a6a1d369,be3a2c2b91cb59eb0f4f1995f33be4c3,delivered,2018-05-08 22:58:04,2018-05-10 02:57:23,2018-05-10 12:03:00,2018-05-18 15:26:23,2018-05-29,bc81913cb080c668a64efab50515273a,2018-05-08
d0d6f28c88378bb68aaed959896a43f5,2b9c116002450946e5c8989cca3b6353,delivered,2017-05-24 23:57:42,2017-05-25 01:25:27,2017-05-26 09:58:28,2017-05-29 14:32:24,2017-06-09,a496d7e86acf902f0d08bee4d9dcc258,2017-05-24
98bffcaf0aacc0569cbe1fbfc94a9639,7c6e199246ed624a0fe923028144eea8,delivered,2017-08-06 13:35:27,2017-08-08 04:04:08,2017-08-09 17:15:37,2017-08-29 19:39:08,2017-08-31,0707757dcd8c22ace18aec1fe28f97dd,2017-08-06
79611406bed954bc1248b316f297aac5,12047320874e3c4242d2a8231ef70d1e,delivered,2018-05-23 20:37:06,2018-05-23 20:57:26,2018-06-08 12:04:00,2018-06-09 12:48:34,2018-06-25,d0d042bc1cd9bdf6be6951f33c8e18c5,2018-05-23
5d2360b577af310633223b53506dcfaa,5859cd71917f97747721166e9289fe6e,delivered,2018-06-13 11:33:10,2018-06-13 11:55:13,2018-06-13 09:52:00,2018-06-29 19:12:05,2018-07-05,053e68c25ace8722da8c06b60e4fa769,2018-06-13
cd1709e97dc100d3eea6e801ca6f3a29,30655cf58eb5718f546e6dabc8a860dd,delivered,2018-06-03 22:11:27,2018-06-03 22:31:24,2018-06-04 13:30:00,2018-06-12 16:21:33,2018-07-13,ed53f1bac302ca774e9c8eb3ecf51a47,2018-06-03
579ec87d80ca958a31b9bdc61a6220d2,b2ac09bb5577cdb606f6fd4225121b6e,delivered,2018-01-10 10:56:33,2018-01-12 02:36:51,2018-01-15 23:40:20,2018-01-30 22:04:45,2018-02-07,da3d0688f0ae9fcc474e10071d11cf8f,2018-01-10
5a81cdb2dca863c852fc8e4f82f38f2e,9ac96fa3c882ac81d2517a22ea506225,delivered,2017-03-25 19:58:04,2017-03-25 20:10:17,2017-04-10 17:08:21,2017-04-18 14:06:27,2017-05-03,28c08e1e8e52770a73f491eb3a312097,2017-03-25
8c2c2b26ae4677e7457b0daaea13a8d3,f75cda7d644f2586d2f3f5e83c00415f,delivered,2017-11-05 22:41:44,2017-11-07 07:30:34,2017-11-16 19:05:09,2017-11-20 19:58:31,2017-11-27,3a131e6c88849b1d0b28020c3809ea29,2017-11-05
6d9cc2a706027666e20ffb8e008de464,7737a567c9ae9ed302ab073bd7a9d60a,delivered,2018-06-11 16:25:31,2018-06-11 17:02:21,2018-06-12 15:57:00,2018-06-19 22:42:16,2018-07-11,8837c79c794aad6276e663e33ea42c51,2018-06-11
f8da7d096b125f74ad5b784140c294c7,f8f3a29c793887b5d14a19247cefc805,delivered,2017-10-16 18:24:03,2017-10-16 18:45:43,2017-10-20 18:33:25,2017-10-30 18:53:47,2017-11-08,64f183ca4b492cd85ff720bf298f743d,2017-10-16
8d522f62d3cf573581ad306fd7f5179d,db30114574526d8a6cbe501bdf6a6cbe,delivered,2018-05-22 19:25:19,2018-05-22 19:36:53,2018-05-23 12:21:00,2018-06-04 19:27:41,2018-06-06,9f51f38ab4c123b449203a821414c3ef,2018-05-22
0c7f78afde3e635c59eef76c3f1a5ea5,82394d9ee9f28882adb2888d34b4d164,delivered,2018-03-23 18:45:37,2018-03-23 19:27:37,2018-03-26 15:12:04,2018-03-27 19:11:59,2018-04-05,23590c2eb8f2bf0c195c08ceb5f00658,2018-03-23
8e5a0e7475967e4bc50f2ecc4e4f26d8,1a8f3e93337a4cada74b085711912682,delivered,2018-06-20 11:20:53,2018-06-20 11:43:54,2018-06-20 15:25:00,2018-06-27 15:08:26,2018-07-17,52b8fc428690f8974a3d3ff3a162f7b7,2018-06-20
b57410d258461ade68673ab75276e66d,bb248ad930ce8aa8dc295b01218e383f,delivered,2017-02-26 19:31:56,2017-02-26 19:45:10,2017-03-03 08:29:34,2017-03-13 17:09:12,2017-03-22,6d493b78d1bd3d21e6119e90492d4930,2017-02-26
9980a5ade25fc8add3023440935ef36d,39c3f481e938b5d378f444f0bbda5a36,delivered,2017-02-05 21:37:59,2017-02-05 21:45:16,2017-02-10 08:45:14,2017-02-13 14:35:15,2017-03-01,9a93e94e2e584f30b3012a2f52b9bcd2,2017-02-05
8a30bf14d715092cc05f458ad5837a7e,ec2a6b0471bbce78bbd6c19a9ab063b5,delivered,2018-08-16 22:08:23,2018-08-17 22:09:51,2018-08-20 12:52:00,2018-08-27 18:45:48,2018-09-12,591009fc07144d00d54ada52306a64d8,2018-08-16
0b5c913b831ba3f6eaaab61c2d7cae6d,e5898fa2179302b68bf36be7eaae193e,delivered,2017-12-21 17:42:53,2017-12-21 17:55:20,2017-12-22 22:11:38,2017-12-29 17:08:05,2018-01-26,de50c94454fc32696551d292dea65cf4,2017-12-21
456b2b77d664db894d3aeef5ccbedc4e,f087ff9fa0419a11d972faab35e7a235,delivered,2017-11-12 22:36:51,2017-11-12 22:50:30,2017-11-14 16:09:45,2017-11-16 19:02:25,2017-11-27,fdf758413e28d6814d97b38cfd3b6f05,2017-11-12
0cd8c62de8c2338e4af0afe71e56ee64,b6dad47ef66c400b5ea975b58f58c57d,delivered,2018-01-04 15:12:39,2018-01-04 15:27:08,2018-01-08 20:14:18,2018-01-11 20:07:45,2018-01-22,3721e9b977a986ca82cd8478ba0e03cb,2018-01-04
22cfe8ea8be0dde8f8190b9fa000e365,9056ae890beea8465511b1e299ab6e2e,delivered,2017-06-09 17:20:14,2017-06-09 17:35:12,2017-06-19 21:34:56,2017-06-29 13:27:54,2017-07-04,7ca7f24ed15bc0c0dec86eaac5e896a1,2017-06-09
5f57d407fe28bd1e4601d998f6caa58e,793c772a9aed291ade39bba058b49358,delivered,2018-04-26 18:00:43,2018-04-26 18:15:12,2018-04-27 13:08:00,2018-05-11 19:06:05,2018-05-23,e603b5ee1479cd04670e612bd2efc91e,2018-04-26
3bd4ee403abd790f3250984b0eddb23a,34ebe2efa87835e9850707112d1a6a33,delivered,2017-11-27 14:31:05,2017-11-29 14:33:48,2017-11-30 16:14:49,2017-12-20 23:37:03,2017-12-19,daf977fac690cabb536c4b1267943072,2017-11-27
58a119245f2e512b9b05bec10cc8c1c6,978fe0c5d2a70e0ce8f99955f63e29f3,delivered,2018-05-18 13:51:15,2018-05-19 02:58:49,2018-05-22 15:42:00,2018-05-23 20:17:08,2018-05-30,0058e7db269cc11558913b42beb115d0,2018-05-18
a6c198c8e63125ae81a291223605c872,90f05850ce2b05640d1db0836b95aa59,delivered,2018-06-23 23:46:45,2018-06-24 00:19:00,2018-06-26 13:53:00,2018-07-04 16:22:00,2018-07-30,29439d07bd0e5426abb4071d27af5cf9,2018-06-23
866968d6a38b907a312ffddbe6287d8e,963aad8750ffca2b194092e8d0dc5aaf,delivered,2017-04-15 09:41:35,2017-04-15 09:55:09,2017-04-18 15:09:26,2017-04-20 14:33:48,2017-05-08,ebd1a84b11e06afb29859d8787d8514e,2017-04-15
02190241f7190a1f3c7e0df95a749c6a,55c9044401ffab0c717f24405e2e042f,delivered,2016-10-07 10:52:22,2016-10-08 04:44:22,2016-10-21 12:47:02,2016-10-27 09:37:52,2016-11-29,d291f3a15290c4c1edb70dc04fa8f35c,2016-10-07
6f93d4fc5b38d5862f6fb366cd9afd01,9a509b4432a9ac9a3360fab57b64269b,delivered,2017-11-29 22:44:13,2017-12-01 11:31:30,2017-12-01 21:52:33,2018-01-08 18:27:55,2017-12-15,3606de78ca14cba12a35d03170b17aff,2017-11-29
12e41d433221ec81392012706ab20ff7,3996e5a92621e3e3261b0b4fe47734a1,delivered,2017-10-05 11:32:06,2017-10-05 11:49:30,2017-10-05 20:26:44,2017-10-16 23:03:15,2017-11-03,e1314eebef590787ab23c5e5f7da0bfe,2017-10-05
0fd8a0c97993a139d5277f2023f93649,f61e7939179462586e5e913a45dadaf5,delivered,2017-04-07 16:50:16,2017-04-07 17:03:18,2017-04-10 10:22:40,2017-04-28 06:17:52,2017-05-03,393220706dc46336f9d2e1ee5f6ca626,2017-04-07
c0ac92509aa6420f0f3d6f78748793e1,dc233f140b9e24d75d5a1eed74e21c2f,delivered,2017-08-21 00:16:35,2017-08-21 00:50:17,2017-08-22 01:12:40,2017-08-30 16:46:07,2017-09-18,21eb9a3add596f5c87ec9a7f4a3aa2d0,2017-08-21
b3f3f413f89e281887189ce9f68f4ff9,959c13829307e48e177d8301a432c3fa,delivered,2017-08-01 10:29:11,2017-08-01 10:43:48,2017-08-03 13:42:12,2017-08-04 20:03:04,2017-08-14,065dd01c6b43b086b22fdc329552d765,2017-08-01
71a76b70b6437fd7d3cae33f67714073,8aae4cc8fa817181ae1fc6d70b9ee059,delivered,2018-02-15 12:37:19,2018-02-15 12:47:49,2018-02-16 14:16:50,2018-02-21 17:19:15,2018-03-07,259a0ecdf2ae510fb368704926f1dd2b,2018-02-15
0ff2dbf70542c665c17ad70b80d48a46,70315a20f74f1cf4c30ce5044078e77b,delivered,2018-04-08 13:53:55,2018-04-08 14:10:28,2018-04-11 22:30:41,2018-04-28 15:04:55,2018-05-02,4aab7537dbb1db082c9c294d404efaa0,2018-04-08
547c0db33c070cc0ddc35ad17750c6f3,d051e78ab899b602d57f5edaca78bfbe,delivered,2017-03-05 20:17:09,2017-03-05 20:30:20,2017-03-06 09:38:33,2017-03-10 09:09:26,2017-04-03,b68a98377d20140feaa17eeb61687459,2017-03-05
a80129099e52729cba02cd1736520aa2,3f35b35a0b55d214f94c94c9e1a1deaa,delivered,2017-06-15 11:18:42,2017-06-15 11:30:13,2017-06-19 20:15:51,2017-06-26 14:49:36,2017-07-10,72739f22a5493890de8cc7f5a1105a1a,2017-06-15
0e189b310d9c4e39fcb861ec9c0db8cb,8b93c6592ee4eeef432689ba8d994c8c,delivered,2018-02-20 14:17:52,2018-02-21 03:31:22,2018-02-23 18:08:01,2018-03-16 14:06:34,2018-03-16,2d5ce6732fd98e102ceecef54860dc54,2018-02-20
49ac1fe147556a4aec31bcb054e684c7,60b88693a88b8cc33f9e3a0683594e89,delivered,2018-01-05 13:10:09,2018-01-05 13:27:32,2018-01-06 12:39:24,2018-01-18 01:13:25,2018-02-09,dcc65a2a3f318a03979baaca28425590,2018-01-05
747674a4b8b96ff3a901d54e528c9059,fc3e5e2cdea306080a59bea96d94f4b1,delivered,2018-07-31 11:36:01,2018-07-31 11:50:17,2018-08-02 13:12:00,2018-08-16 23:16:58,2018-08-24,183b6a83ba94aa13e76b09f2df8ed4de,2018-07-31
6988ade6a7cc2fe8e65c7a1a622fb6c0,cac3319aa24200c0830d634164c4a235,delivered,2017-10-27 15:49:43,2017-10-27 17:31:16,2017-11-03 19:03:54,2017-11-08 16:53:09,2017-11-22,f644ca019b90461d729d1d07fecef6bb,2017-10-27
f3860f9cb9ef6130287ac71894577a57,67ec51af7454dc3c8a271b5d9d80644e,delivered,2018-07-30 14:54:08,2018-07-31 04:05:44,2018-08-02 17:46:00,2018-08-09 00:48:50,2018-08-22,0e52738954708662c0a58b74fe60347b,2018-07-30
29a644536f583fb95f772df6031b0057,eda9ffb37fbad1dfdf73a516a34e1e57,delivered,2018-04-24 23:52:20,2018-04-26 03:55:30,2018-04-27 14:26:00,2018-05-02 17:51:33,2018-05-08,c6349ea3844a74be51dc7d31ed64b16a,2018-04-24
235120dba37dd89b962dea1d7a2cb3bc,d990b72223e95b999126c15954cd6fc0,delivered,2018-01-05 14:42:11,2018-01-05 15:47:18,2018-01-10 22:57:15,2018-01-26 12:38:48,2018-02-23,149ac78d24cf9dd780802ab6504b64b3,2018-01-05
ef2774bdeb80c7328fc571f5352bf615,4dd75dedc640410dc4490732a2165c33,delivered,2018-02-01 14:21:40,2018-02-02 02:55:30,2018-02-05 18:42:58,2018-02-22 22:23:56,2018-03-13,56f77ee91e06fb36402afa524deee676,2018-02-01
7839ede137c543ee4afd006c5edc2f4c,8615e1859dea7e6955d09b34cd9027b1,delivered,2018-02-14 15:13:06,2018-02-15 03:47:33,2018-02-15 18:27:46,2018-02-17 01:52:16,2018-03-07,688b79f43afc63d0ae88fa08bd8bacaf,2018-02-14
ba74b533eba0ad83712143867cf0d33a,c4bf50bd183608e780cbe9672505ee8e,delivered,2018-05-13 15:03:01,2018-05-13 15:15:13,2018-05-14 11:51:00,2018-05-18 18:05:19,2018-06-04,043a16838b73c1aae6721b0bbe1530f5,2018-05-13
052b49cd1787ff86171b4e374f53c42e,6b77526915f264bd79262889e3799564,delivered,2017-06-17 15:23:58,2017-06-17 15:35:07,2017-06-26 15:06:35,2017-07-03 16:27:54,2017-07-17,71d4fb352a6ff378fd8ffbb011ecb50f,2017-06-17
bb5ab09b0b5c111c6355e7c17d7bd186,e3a1437334d7ba029ac0cacf6f51e3a2,delivered,2017-11-21 10:43:02,2017-11-22 10:35:19,2017-11-24 17:14:38,2017-11-30 23:26:42,2017-12-11,778f92e60450ddf680652452e7ebe08c,2017-11-21
86ed94eb351cf5bd2ec4389a2ca92680,1eda7a1d56ef7c17a5cc6d97eac67b87,delivered,2018-02-08 09:04:28,2018-02-08 09:29:44,2018-02-08 18:39:08,2018-02-11 10:41:48,2018-02-26,6fef4a705b3971d311f0d13feca21acc,2018-02-08
ce6c67f20356e5d9c8e6fa1d8f7becea,3ff87350efde8567f0c3af39a6f236a2,delivered,2017-06-11 23:33:52,2017-06-11 23:50:11,2017-06-12 15:20:46,2017-06-16 18:22:06,2017-07-03,f332c1d5685eec43975bb006731adcc4,2017-06-11
3a0502bcad9a327ac5dd125865643c49,25a4bd9a80cb3c08b055e2e207ecfbc9,delivered,2018-08-19 17:55:31,2018-08-20 17:55:09,2018-08-27 13:25:00,2018-08-30 15:45:51,2018-09-04,9419a11a9f6c8bfbb42d50ca45e9d44f,2018-08-19
5b06c269c3a2b80e54708a2bd3ebebf7,e1b2a251d64316a2e41c4d0693b2f67d,delivered,2018-06-25 19:09:41,2018-06-25 19:41:59,2018-06-26 14:52:00,2018-06-27 17:32:55,2018-07-05,76b9c3220b53be5e5b15d6a6b1d452b4,2018-06-25
a5cb0c790b2769b76dbd70429cb66d96,47b8d87db17a0601172636ee6597a1b8,delivered,2017-12-06 13:50:05,2017-12-06 14:12:29,2017-12-07 15:16:51,2017-12-12 18:45:07,2017-12-22,2d1bc24b43d17b316e19f87c1291c7ce,2017-12-06
7e4bb624b8936a258a162610147e0546,b92bbba260870836c5b8859a0691af35,delivered,2017-10-16 10:13:01,2017-10-16 10:27:38,2017-10-17 20:48:42,2017-10-26 20:13:53,2017-11-13,91941baa83ca10be2c0b9d1481329af4,2017-10-16
69b03f2aed38a9b622ddad0998b00ccb,8ec995e911f92a26221b61e7d7e98c77,delivered,2018-05-29 00:19:06,2018-05-29 00:35:09,2018-05-29 12:09:00,2018-06-07 18:07:48,2018-07-12,e1388a489a08d6a5c95e531ee9053db5,2018-05-29
e3a641fa10d7f975e743158d69c10ddd,6d71caed01ef04dc1f137440a60c1a47,delivered,2018-03-20 23:13:00,2018-03-20 23:30:53,2018-03-21 21:46:30,2018-04-11 19:48:40,2018-04-19,22c31e2da26496380778b5052bd4623b,2018-03-20
e411a2fed65c00ae40544a4ffe4b6480,3e06df66fce16231446079bb9c53150f,delivered,2018-02-14 11:36:21,2018-02-14 11:50:22,2018-02-19 10:53:16,2018-02-22 13:09:08,2018-03-12,e65eabe8b365a111ec89ab4b145ed013,2018-02-14
7d95043be17107a139c484021f39a8a5,57bbf7204380a2b6e1ee576b09e97da2,delivered,2017-04-27 22:18:29,2017-04-28 12:53:56,2017-04-28 17:47:17,2017-05-13 10:54:33,2017-05-25,f0d0d7b878ad788b1e7636a9896e5d41,2017-04-27
24a31355e0e690141e93c85f2e846368,9547f11a0d5f9cb61f2e50d1f5cc4272,delivered,2018-05-03 15:22:26,2018-05-03 15:35:31,2018-05-11 15:03:00,2018-05-23 20:18:26,2018-05-30,68bbcd50329be8b0f2fbdf707cc55458,2018-05-03
fb620f3600b241ff5c85e8397eadd62d,424185caa42b0b2c9150b5e932b89a05,delivered,2017-12-10 16:50:29,2017-12-12 03:58:22,2017-12-13 16:14:32,2017-12-21 19:38:55,2018-01-08,5353c8a648f91104202ed5c674553020,2017-12-10
f2fd76c4a6a18c5be5d960963e114737,0a193a491e9dc580885abc4083f70b05,delivered,2017-09-16 12:32:13,2017-09-18 10:55:41,2017-09-19 15:55:00,2017-09-25 14:09:12,2017-09-28,a9963a518611924f07c2c7a3ab929c6b,2017-09-16
a9a93c428c6103f2151bb63a1d32a520,99ed295fa7b1f749594ce5f709ef1073,delivered,2017-01-14 17:57:50,2017-01-17 10:55:13,2017-01-20 17:58:58,2017-01-30 18:37:44,2017-02-28,ef026b181b8edf96c9ba24e7a989f7b4,2017-01-14
4ed127b02fb1ebdaf9a0e4be8ca000f9,1b041c48f40d5b43b5a5d1a22b78cb4b,delivered,2018-06-26 21:10:19,2018-06-26 21:27:08,2018-06-27 09:48:00,2018-06-29 23:16:36,2018-07-19,5ff0e0544a91bbb2958305bd29657484,2018-06-26
c01f1e6ceafe26dc7ab07610001042df,22f3e9a6ad6298d9e034684f29c881ea,delivered,2017-06-01 16:04:00,2017-06-01 16:22:42,2017-06-02 15:55:44,2017-06-08 12:05:52,2017-06-28,c9b884c5a603d602b79b5e536f3a64e2,2017-06-01
761d27773b89e0a86484468a0079a7d5,c58aae26cadcf02d41274b7aeac18ab8,delivered,2017-02-12 15:12:20,2017-02-14 03:42:56,2017-02-15 06:13:53,2017-02-20 12:14:01,2017-03-10,7ea6b7415a94986ec9534de32c4514d8,2017-02-12
f7dd38faa4d2c82426db7bf67a208644,6af08ad4a63b906451406de974e3b87d,delivered,2018-05-06 16:46:00,2018-05-08 04:14:40,2018-05-08 15:45:00,2018-05-17 21:58:50,2018-05-29,3c132c8de529fdc9da03eacfeb3be67a,2018-05-06
f9973a8e3b13fd415733a5068d58140d,94ea1224bf06222861ed3bcc73d4e6f8,delivered,2018-05-07 00:49:45,2018-05-08 19:53:09,2018-05-10 18:29:00,2018-05-17 19:48:29,2018-05-28,7ba5f632184aa9987fe77099c9e88c06,2018-05-07
d995bfa6db04d756cbb7368ad277887e,e242cc31bb959efeb371ef849627593f,delivered,2018-07-25 17:38:02,2018-07-25 17:50:16,2018-07-26 11:00:00,2018-07-31 17:21:53,2018-08-16,f0426ee5a4561237113a62b40855f80d,2018-07-25
9391dbb9988f54ed4dd0c8c09e657eaa,e4c410799c3fe4556cf318e3ccd775f7,delivered,2017-11-29 12:51:58,2017-11-30 02:21:35,2017-12-04 21:43:14,2017-12-08 21:52:31,2017-12-26,f1c946d62266d11f3a006937410a93cd,2017-11-29
097941e2db84b005d04de9e867674226,1128e70fc04372f83dfc47af3566b836,delivered,2017-11-27 10:56:12,2017-11-27 11:18:26,2017-12-08 00:08:06,2017-12-19 18:34:59,2017-12-21,8bede1ad6b3d39d68f23ec39f08c2cf7,2017-11-27
0ed2b1a137a41fc9a7cba420e71a0a9e,7afa357fbff83bcb64b6e80d6731edc8,delivered,2017-03-25 21:54:29,2017-03-27 09:55:13,2017-03-27 14:44:20,2017-04-11 12:03:49,2017-05-08,68097865d185c114c0fbfb9fc86a733d,2017-03-25
058afe6c6322b4773393a66003934493,5b894cf9a0b95ce53a6ce010fe000104,delivered,2017-01-19 19:35:35,2017-01-19 19:50:14,2017-01-20 15:45:45,2017-01-24 12:53:46,2017-02-15,d2e96fc998d538905a948410e26fee2c,2017-01-19
16b1bfcd9ef0537ba0b10a84daa61a05,78ff86215b532fdca282b2530c7c2de7,delivered,2018-03-20 20:56:35,2018-03-20 21:10:30,2018-03-22 21:33:31,2018-03-29 22:48:30,2018-04-06,137d09ae9e41e9c1035cdfde4ab2925a,2018-03-20
e4976703cb59f3424cc6f2058d0dc7fe,f04a7506f6a835ea2922ea54f153f3a7,delivered,2017-05-15 18:34:54,2017-05-15 18:45:19,2017-05-19 16:03:18,2017-05-31 10:12:40,2017-06-06,d3e23b4ad76bbc62159c331b14b45702,2017-05-15
8fa4c1bf3c1b27d1349e2aa934aed53f,3109eab8c772e5f8761f25a92045442b,delivered,2018-07-04 10:26:00,2018-07-05 16:35:45,2018-07-11 12:34:00,2018-07-12 23:32:09,2018-07-19,cbfdc22c0c1294be63e5a4d62eb96193,2018-07-04
60c46973a2a9ad727ea9c45695b2b312,db75f12c87289bb25391baf511352864,delivered,2018-08-12 12:16:53,2018-08-12 12:30:16,2018-08-13 13:57:00,2018-08-17 15:57:30,2018-08-23,adc19274ee64f1d91ef57bdab658002e,2018-08-12
784f4f1c9d31e7701eaecec9c9957670,ec788a391fa19619a1ff95e233e1b17b,delivered,2018-01-20 21:21:31,2018-01-20 21:41:14,2018-01-26 00:06:44,2018-02-05 16:04:36,2018-02-21,620a28147ae327a536b393e58355d69a,2018-01-20
bed62216bd8e10b5b9e22eee2563c39b,7b9486a54f0d06fc8e990220b029920d,delivered,2018-04-26 11:48:36,2018-04-26 12:11:08,2018-05-02 14:40:00,2018-05-19 15:05:51,2018-05-17,57844d51722207fb8815173870246dd3,2018-04-26
59c6d70603e4c4447067afb1291d725d,7580e653b34e386ad0e3bfc986016011,delivered,2018-05-21 23:28:48,2018-05-22 02:56:29,2018-05-22 16:05:00,2018-06-06 07:13:01,2018-06-11,df7245109fbcdb9ab4df29f13c5158ae,2018-05-21
b233cccf8622f1f4fea0bb355b1488ee,48059e59369b7aa132510079add79bef,delivered,2018-08-09 15:52:42,2018-08-10 03:15:21,2018-08-10 15:36:00,2018-08-14 00:50:50,2018-08-20,669441f5217fb069d3645bc194c7a688,2018-08-09
3a94d54e3301d9e4da748ee3766e0585,b470a81d390fcf882cf81afe227a8d6f,delivered,2018-08-24 00:35:51,2018-08-24 01:05:16,2018-08-24 13:24:00,2018-08-29 15:38:41,2018-09-12,3a39beec85b79335793f32c2a2b8b944,2018-08-24
278ce3d59dd06d461a1a4d6703790ae9,25f558b2b9455e35297fc86ded1e0586,delivered,2017-03-11 17:38:51,2017-03-11 17:38:51,2017-03-20 14:42:50,2017-03-27 11:35:57,2017-04-04,1a328a664417dc7cbff0ed7df49f5a3d,2017-03-11
a387e3f646077e4c82508f01a8b8c63e,e337feb426fd8d688d803334c3463fba,delivered,2018-04-09 23:17:14,2018-04-10 23:15:17,2018-04-11 18:05:14,2018-04-13 02:32:55,2018-04-25,77dad9a48d78bc09ad82b85481bf315f,2018-04-09
c6d80ef64d3bab44528b4f5b30b257fb,aa9e7cf1e6114225210fbfd650dc0d3e,delivered,2018-07-03 21:32:18,2018-07-05 16:34:39,2018-07-05 11:41:00,2018-07-12 02:09:39,2018-08-06,af0d479cfd72be3549e03de5f04494f6,2018-07-03
08db2dff56f31598b313e96bd2b04520,8a501a6f9fc4c5431e91de49eca55778,delivered,2018-01-04 14:44:50,2018-01-06 02:08:53,2018-01-09 23:55:03,2018-01-10 12:57:39,2018-01-23,4d35276095e7c9b9f81ab155d0bdfdb4,2018-01-04
deb4d64c7e457c0ded2e2be4823678c4,fd0225ef44b7332f9688ce11befa24e5,delivered,2017-06-11 17:54:26,2017-06-13 04:05:14,2017-06-14 16:49:37,2017-06-16 13:47:58,2017-06-26,c7a9631a34502e6c372f1eb9dc064b99,2017-06-11
98b737f8bd00d73d9f61f7344aadf717,802bb9a59876a712f8380da8f297057c,delivered,2017-10-15 12:44:13,2017-10-15 13:05:29,2017-10-17 20:05:34,2017-10-25 17:00:04,2017-11-08,4c93744516667ad3b8f1fb645a3116a4,2017-10-15
854d6cba56286c80ffabfa9883d35006,18dfbce3c934e6aa3a004c654b328852,delivered,2018-04-13 21:53:34,2018-04-16 13:31:35,2018-04-19 00:21:20,2018-04-26 14:56:32,2018-05-10,853d38a8f618cdf86041279dad2d178b,2018-04-13
621e9c63cf00647b721e1798a1690c74,b6370d1c98f271eda9e85f04b1248412,delivered,2017-10-12 18:12:56,2017-10-12 18:28:23,2017-10-16 14:43:16,2017-10-27 20:23:11,2017-11-10,eea96309dbd9ba58c66cf20804db08f4,2017-10-12
34c1a691fc965ffffd792dbd8e7ac087,076a27d502aeeddb25e540fb3caf9b3e,delivered,2017-12-10 18:34:12,2017-12-10 18:50:08,2017-12-16 00:33:00,2017-12-18 20:49:56,2017-12-28,e760293a462479dea72a1a8ff7da5931,2017-12-10
ec65d7b245ccca0fccce3759b3642d3e,81fb8e4ce78197361d444035a8d369c8,delivered,2017-05-30 12:41:01,2017-05-31 06:55:39,2017-06-12 15:47:00,2017-06-26 16:32:06,2017-07-13,6b7fd1a98c714682c762c8ac19624dbf,2017-05-30
b349a7e488a18291673476fc0a8c8436,67127c6c29a10ac3bccb1fff10fe5758,delivered,2017-02-25 19:21:14,2017-02-25 19:30:12,2017-03-03 15:35:14,2017-03-17 11:52:11,2017-04-03,81ada86c93695eadd3abd9cc19a82e3f,2017-02-25
bb937ae1ca42e99347c215a7b0d05847,eaa1199813fb98ec26ed72f774b27b55,delivered,2017-09-18 11:03:21,2017-09-18 11:10:17,2017-09-19 19:37:51,2017-09-25 21:21:22,2017-10-06,c111e04f5e73e24b477e4cd00e0be3c3,2017-09-18
dc945d5d50345e370825fcd9653156a6,dc41e3678d28d18486999a07be51317c,delivered,2017-08-31 10:02:13,2017-08-31 10:10:17,2017-09-05 12:08:50,2017-09-19 10:44:07,2017-09-28,9ef475e8950b598deac6cfba29768fd3,2017-08-31
278c629504a0d7a99a3bd4da3f061141,72d122e0e3d6c3300e4d07ec396d5e22,delivered,2017-09-26 21:56:21,2017-09-26 22:07:13,2017-10-09 21:55:00,2017-11-03 20:42:24,2017-10-30,4fb69312bb98245c6323e18aff1cbe52,2017-09-26
0d9ed9d101d80f2accbf309324fea494,ec90d49ce6c2e05379813459bf41a90a,delivered,2018-05-05 13:57:15,2018-05-06 13:55:18,2018-05-09 15:48:00,2018-05-15 16:37:44,2018-06-13,b7bc75914d6cc346e3c8244031d92e01,2018-05-05
e0e95960e8abbd803bbd543d2225c328,da2115c0723c07a68e9062f4d5aad9f3,delivered,2018-04-25 07:48:30,2018-04-26 04:10:45,2018-04-26 13:48:00,2018-05-08 14:56:51,2018-05-18,11a3886a88ad8f64f417bc4ccaa4e901,2018-04-25
09a0d7c2cc6f652acd3537e7a91c7000,9462d88d82a551270b7c345a53aac7f2,delivered,2017-05-15 14:08:00,2017-05-15 14:15:23,2017-05-16 15:18:40,2017-05-19 12:59:39,2017-06-02,77ece4bc1200eebeef65ecb4fe0188ff,2017-05-15
5ddda81bbb82b89fbd28fb0dc68dcb60,10f0fe9f42337bd9cfbff39072702cde,delivered,2018-04-03 22:27:28,2018-04-05 02:10:40,2018-04-07 01:20:53,2018-05-06 14:02:12,2018-04-27,f2969e79bd568a2c18bef335493532d7,2018-04-03
f7af06e40b81950760c190f8309f2e48,f82562fe0c42f2b6682126688308fcc1,delivered,2017-08-03 23:36:18,2017-08-03 23:50:14,2017-08-07 19:51:47,2017-08-15 18:12:53,2017-08-25,fcd7236dc68a2cd72137b668e03cbdee,2017-08-03
37ccf51b0d53c5e3916005261aa8f75e,f5979320bea5e795ed0abb381c95f23d,delivered,2018-06-14 14:04:42,2018-06-15 02:17:18,2018-06-15 15:07:00,2018-06-18 17:45:02,2018-06-26,4607ebe4da4df058df9de4562957e268,2018-06-14
4a8493d781a65dfb623103a5dedf44fa,d721d37c2317b409cf35b0de1fd9438b,delivered,2018-08-18 22:35:15,2018-08-21 04:55:37,2018-08-22 08:25:00,2018-08-29 14:21:54,2018-09-11,fddbda9c640a523fd4ec421b55f4d7eb,2018-08-18
d9ce395d10fd1a877b78763718f29b5a,431837f2d214f5f1d55cf189aedc8035,delivered,2017-05-12 22:47:15,2017-05-13 22:45:15,2017-05-16 11:03:53,2017-05-27 04:35:46,2017-06-05,34d93be3a57e6f8bba423d9064cda7c8,2017-05-12
c42ac190bf90285f082b67c0faf403c9,81c96c54a1a354a87c2d3929509c0294,delivered,2017-06-19 17:46:11,2017-06-19 17:55:12,2017-06-22 14:29:48,2017-07-11 17:39:56,2017-07-11,3e726d9c1ecfcfbf83b51d760cef5290,2017-06-19
9c03283b70dffe64bd49cdb4254e33ca,2b5115550c5facb80dd857dd8619a2b2,delivered,2017-03-16 08:36:21,2017-03-16 08:36:21,2017-03-17 11:03:09,2017-03-28 15:08:08,2017-04-06,166ca00ab93b82284bf89d12d19e3c11,2017-03-16
57d2d40a9a06d20a610316800f82ace3,481ba8e132fb318b84d5fba3bc98021b,delivered,2017-08-27 19:11:55,2017-08-29 04:44:59,2017-08-30 12:17:46,2017-09-08 21:07:42,2017-09-22,bf7945d49b50c76e3287e75b37e6cb34,2017-08-27
195416246665b8268100ef5fde9722b4,b14e4569fdc3353689f16abb8b57dadc,shipped,2017-01-08 19:27:22,2017-01-08 19:45:02,2017-01-11 09:34:18,,2017-02-22,7d08a8005756c215935d45bcc0e9a760,2017-01-08
628988ab1238acdeb0466b26660b29a7,169054d8c530156c7765ddfc7c652897,delivered,2018-04-23 16:42:48,2018-04-24 17:57:07,2018-04-24 19:18:54,2018-05-02 11:16:38,2018-05-10,65e46dc1ab795d5e946b21fcad4d07f6,2018-04-23
02ac6689fe09c236d7651b93246b6dbe,5dbd65686c8be953edaf0d56c22f973b,delivered,2018-05-25 11:45:04,2018-05-26 11:51:01,2018-05-28 14:08:00,2018-06-07 20:03:37,2018-06-20,247d272769453960c18cc56455fd0b62,2018-05-25
ab266d84798cb51b4eefa694592c84de,88e02611f4805f72e50f4569621ff448,delivered,2018-05-02 18:55:45,2018-05-04 02:55:27,2018-05-07 14:25:00,2018-05-13 00:12:21,2018-05-21,dc7ecd02b34189aef2a3ea660a4d61dc,2018-05-02
e6f47b34d1d4104694e01fa73d072d5c,d1affff67ab622bc4f1bdd597a0762fe,shipped,2017-08-16 18:14:21,2017-08-16 20:35:21,2017-08-21 13:49:58,,2017-09-12,3941f9ef6d47a089b36db1abd6d70888,2017-08-16
8c66073666890d74637182747a6f4a69,35e65e2b5e2ea85800c37046acce1e22,delivered,2018-08-20 16:20:58,2018-08-20 16:50:31,2018-08-21 15:24:00,2018-08-22 22:08:50,2018-08-30,d9871d4185ee2f6ebf0220bfe7a45bdf,2018-08-20
4f4aeb2e42b27f98c78a2adb81030b3b,f6fc9313a57437bd8f40d476a6196b2e,delivered,2017-11-24 21:55:28,2017-11-25 01:31:39,2017-11-27 23:47:44,2017-11-28 20:18:16,2017-12-08,b9aa129ed54602957959371a87e37532,2017-11-24
3b8a6f4c963d2e04b3d7a0bb8dc84b6e,d610dc41c3d497009a9eb42b88bd5dff,delivered,2018-02-05 21:16:24,2018-02-06 16:35:40,2018-02-07 17:22:24,2018-02-18 14:49:54,2018-03-06,d48232e69c57f8e8198aa16f89a3d8b1,2018-02-05
3ab84542ab355348729b9f7e564a1acc,d9d9c4fea862af756c73e9d0f4a48e02,delivered,2018-05-18 20:50:09,2018-05-18 21:14:29,2018-05-22 14:55:00,2018-06-06 23:54:43,2018-06-18,9d82535b1ac9d3ec6acfdbdcc3a058a8,2018-05-18
739ee9313185c60eb018bf03f642fc61,b4fb257403bc2a6e40abaece5b89b33a,delivered,2017-10-20 19:08:24,2017-10-20 19:25:30,2017-10-24 22:11:37,2017-11-10 20:26:53,2017-11-10,1d6b1be263bdcb447438879e4d799a81,2017-10-20
6eb7eedcfbead76c0a8091e1f1d9b439,ede90781fd1e7cf8e78bcb84059af77f,delivered,2018-03-25 20:25:54,2018-03-25 20:48:20,2018-03-26 21:38:46,2018-04-05 23:03:56,2018-04-16,c475c43c3e325793dcdf5473b094aa38,2018-03-25
2dd8889de2874b9c27e1bec2bf9070ae,a8d813fb13a1697d868dcd44130cfb31,delivered,2017-06-16 16:22:44,2017-06-16 16:30:19,2017-06-19 18:42:36,2017-06-29 15:32:35,2017-07-10,8706e936f3156c946b41cee5db1dcc66,2017-06-16
7e328722acf010241ef36b4fe0b4ff21,0731cea9ca726ca41fca8d61953bc146,delivered,2017-10-02 13:27:14,2017-10-04 10:49:17,2017-10-09 18:42:59,2017-10-13 20:21:27,2017-10-26,6f6aea891f7b1c17c8ed5048d1a801ae,2017-10-02
80c6eb0edf125c6838e04663a8241699,0f0a3ac189b1fb3e434b25d812909652,delivered,2017-11-28 11:43:42,2017-11-30 11:42:22,2017-12-01 18:38:34,2017-12-05 18:19:51,2017-12-18,e3018aca6c339fdbb9df702d5edef90b,2017-11-28
9f3d413d603e92e1256f70cc2c0b4f85,c710c7d0242be91d1336d7e6569d7d4b,delivered,2018-03-11 14:17:20,2018-03-11 15:00:21,2018-03-13 19:11:03,2018-03-14 20:32:01,2018-03-22,9ae2dda41ec3dae4c5c780e251223272,2018-03-11
2d0d4075ded592212bcd5e5bc561b406,ad4fdd8ba1535077790107fc697fbe97,delivered,2017-04-26 12:22:32,2017-04-26 13:06:25,2017-04-26 13:01:25,2017-05-15 07:38:03,2017-05-25,6aacf022d2d4ad0d2324cca846808cdb,2017-04-26
5f93e72cdaf53d21746077af4b48e790,9675f4cb991cac2400c7327839f1c72e,delivered,2018-04-02 17:00:10,2018-04-02 17:10:19,2018-04-03 21:09:02,2018-04-11 15:24:28,2018-04-23,cbd89f6d72ae98f98512048b73acd0c1,2018-04-02
866ac13217bd0a19f860f741453e049c,f36e1b14a03badff9ecbc7533a6943b1,delivered,2018-03-03 17:40:56,2018-03-03 17:55:33,2018-03-05 18:08:57,2018-03-14 13:17:47,2018-03-26,12f343abd8c9e1b1b7b061101ef5ffc6,2018-03-03
45cce3c0f13c050de2fdfa6710aa95eb,f3f22056edbc891e004aed65f1b9cfa5,delivered,2017-11-14 12:13:28,2017-11-14 12:30:33,2017-11-16 16:11:41,2017-11-29 18:54:39,2017-12-12,1b1576cb4a4bf458bd71fdd86020ea7e,2017-11-14
1200b335981f50dadd595fa2d89ea9c8,7829cf5aaf01bcfb86fac75d08e2a223,delivered,2017-05-16 17:46:06,2017-05-16 17:55:19,2017-05-17 11:24:36,2017-06-01 18:04:10,2017-06-16,c9c60c93532e38fd3b2c81fb0e4f7e25,2017-05-16
ef71d3927bb2fecd198389f0c4b8044e,dcb03d3213278d10ed9353e099845a66,delivered,2017-05-24 03:51:41,2017-05-24 04:41:05,2017-05-29 08:05:46,2017-05-30 09:25:05,2017-06-06,5f717f420d0fd1ce27419af92e3d52cb,2017-05-24
9d1f30c30b178f88dc63a40f36298ee3,746c709f5dcc9721282005918209635d,delivered,2017-03-15 14:43:22,2017-03-15 14:43:22,2017-03-29 07:28:29,2017-04-07 15:03:07,2017-04-07,755315819bd72bda3b1ebfbcc754bb72,2017-03-15
1ab8a4448d9624d702acc5e544a1b04e,1d24bd7818cbe379e2a388b1f887b2c3,delivered,2018-02-21 13:40:09,2018-02-21 13:51:05,2018-02-22 22:53:52,2018-03-07 20:16:45,2018-03-21,b6629f5873c00858e517223c86e920f8,2018-02-21
fba4247532c63f175d51681367210ab6,afc2f2b93b17d59670427c1e92aa3162,delivered,2018-08-22 10:44:46,2018-08-22 12:35:20,2018-08-23 14:09:00,2018-08-25 17:07:46,2018-08-29,4f890c2fab3438f1740685f877022dd4,2018-08-22
7f2b0346e93196f248181eccd7cba58d,1a2c6d2c691d8bccbfddfd90c575c6e6,delivered,2018-03-15 11:13:23,2018-03-15 11:29:14,2018-03-20 21:25:53,2018-04-09 18:54:36,2018-04-03,53b7463825251f4e9d29d7c68d429c49,2018-03-15
ed2c99c57389c865c573a025e1d6d34c,788cbdfbcd36bc44ed880e34bd010c4e,delivered,2018-06-30 20:30:35,2018-07-05 16:05:45,2018-07-04 14:40:00,2018-07-13 14:51:05,2018-07-17,99ec0c221623352354d1b622cdc6cc86,2018-06-30
3a32345081c149e0850db894cf22dc03,a84e3e2982cc260a829dcf2a30908936,delivered,2018-05-27 19:06:04,2018-05-27 19:15:14,2018-05-28 15:16:00,2018-06-04 23:38:18,2018-07-03,6eee2898ad3dbd63c5f512b4423e2fd7,2018-05-27
8b93f79b1a4d6b3388dab2356493c0b3,1d72f0479018c73cd9f58abcb01e776f,delivered,2017-01-26 12:49:54,2017-01-26 13:02:26,2017-01-30 10:17:23,2017-02-07 10:52:25,2017-03-14,9e51b7aa58099f4e2a91f93968c15377,2017-01-26
45445c1dfdf9122c4399129db31fba89,81b8504d897e4dabca7424e885648de3,delivered,2017-08-06 19:24:26,2017-08-06 19:43:21,2017-08-08 20:45:37,2017-08-14 21:51:43,2017-08-30,26533b4d43ec9ff6eb99930a52fe13cf,2017-08-06
b7026ba7432929d99880463305b8ce98,dd0cb909d16aa0eecf68d37defbb7f7f,delivered,2016-10-06 16:17:56,2016-10-06 16:52:11,2016-11-04 16:33:54,2016-11-10 15:14:34,2016-12-06,dccb0c4954538b15d8c4fa1fb69456aa,2016-10-06
2867faaa7a912bbc2bf8d8e40d7a0354,c7da870eb04374fc25d71501117ab5f6,unavailable,2017-01-22 20:43:58,2017-01-22 20:55:10,,,2017-03-02,31eee58232681b6700ccd39fd5b5f5ed,2017-01-22
284b3707cd4351c728d8d59db0ce2c45,77536d8531c68bbe0e3c699c084c09fe,delivered,2017-03-10 19:32:26,2017-03-10 19:32:26,2017-03-16 11:48:56,2017-03-27 18:38:20,2017-04-05,5e85d75d3e3df197f08b89a2cbaad54b,2017-03-10
5c9730fc4a417f9c52b34577a35157bd,9041817f69a9a5d006ca45330c752407,delivered,2017-09-02 22:26:16,2017-09-02 22:43:44,2017-09-04 22:15:13,2017-09-11 15:57:01,2017-09-28,2f2b34be64b57bd7c558dbd8e8ed4eb1,2017-09-02
bfaea68f958681ec9d22aa2114b45721,1be55980a49eb83dda71ae61abe091a1,delivered,2018-08-06 11:26:06,2018-08-06 11:35:27,2018-08-06 16:04:00,2018-08-11 12:57:38,2018-08-21,b4be9c884923b47742c6ab3e866c1e30,2018-08-06
d684607dd5f758bea02fedbfbbb9d37e,1f7578e304e919d28148374730ba89e9,delivered,2017-09-29 01:43:43,2017-09-30 14:14:09,2017-10-02 17:30:43,2017-10-13 14:48:56,2017-10-27,2d88b1b7f5efce7cfab8fb0720ad2674,2017-09-29
4d0687f8f4fb46635a50292da22b0f23,bec6246b4dfa2e170874f2e56f91b129,delivered,2017-12-19 10:48:07,2017-12-19 10:58:24,2017-12-20 17:22:10,2017-12-21 21:58:36,2018-01-10,c7542a443b3b7181a94c453714460e92,2017-12-19
de03eabe883303fb8aca896699692790,96c12dcc361459c7fc9201615e8a9939,delivered,2017-11-21 11:50:11,2017-11-21 12:40:55,2017-11-22 21:52:33,2017-11-29 17:16:52,2017-12-08,d23c0899fba73e64539b0b181d93c076,2017-11-21
6741e21a24361b07f30063eec3897b37,5e00c4a9b6813a22869b75a51b254f18,delivered,2018-07-21 16:11:57,2018-07-21 16:24:08,2018-07-23 15:00:00,2018-07-27 15:14:31,2018-08-07,3633902a0addd1ffc74cbc13d96da288,2018-07-21
27bc27fbc876aa11a925efac34583f63,3939af43f9b4a4f2342dee7dadf4c1a6,delivered,2018-07-19 19:38:57,2018-07-19 19:50:16,2018-08-02 08:34:00,2018-08-06 16:19:03,2018-08-07,52358c8c1c8f1516ce8fb3513ccd501a,2018-07-19
24697b1f8e78fdb9d2316bcaa2c6e216,1f1bfeeb7e84fe26c5abc584925fd4a9,delivered,2018-08-02 14:06:46,2018-08-02 14:15:21,2018-08-13 11:13:00,2018-08-14 17:12:12,2018-08-10,d7ba710f6d7c242b724e53e0388bfef6,2018-08-02
d2b465d6828555de4d5226daea422618,3dfc6e89a7989cc23be6f2db44ca2471,delivered,2017-02-22 06:47:45,2017-02-22 09:35:08,2017-02-22 12:18:54,2017-03-23 08:52:13,2017-04-25,54dbeea15959123be194f779e0553566,2017-02-22
2d9ea6c9337741bea0f83807c9a5ecdd,0d2b16df8cdf577f34a061878a02c15f,delivered,2018-02-09 12:02:39,2018-02-10 02:49:43,2018-02-16 16:28:38,2018-02-25 14:03:26,2018-03-05,f5b49c7fb49aa5d02b4841b63fe7d529,2018-02-09
c374e19bcd2d8e8ea40c216011e8b254,8c20aad00d2f654343fc7d190048235b,delivered,2017-11-30 08:58:59,2017-11-30 09:08:31,2017-12-04 21:54:38,2017-12-05 12:45:01,2017-12-19,9bf23870370b60c094d0206cc3330d6d,2017-11-30
dc42fc68820b778654a001cb6eab8c96,42bdd174ffe332aeaf52cf9b556f8591,delivered,2017-08-03 00:21:58,2017-08-03 00:30:09,2017-08-03 18:46:50,2017-08-15 19:57:51,2017-08-29,47b115c06c6f1fcc1198dcdf2f51b9d0,2017-08-03
09f86d1a5a7c2e8dddd1850a65f5a5d4,f89efd7759fe87042b0c51914b702dec,delivered,2018-01-08 13:30:14,2018-01-08 13:48:00,2018-01-15 16:33:05,2018-01-23 18:49:50,2018-01-31,7ddf7ab6b108c32cf077baa4316df6b0,2018-01-08
ec2ffcdf0c859e28c732adf3e9fdb0d7,82cd627eb2d950f8b9d72ac0d0db46bd,delivered,2018-01-15 18:24:19,2018-01-17 03:35:47,2018-01-17 19:59:15,2018-01-29 19:36:43,2018-02-08,9a3eec9d278ffda6c1ab93877ead27ab,2018-01-15
6a98fdd0da4868008ed2b97194165cb7,06fcb5edf767ce55050fd0475a708a7b,delivered,2018-07-29 20:54:54,2018-07-31 04:05:40,2018-07-31 15:12:00,2018-08-01 22:12:47,2018-08-06,b49eb1c0d84f11ad82fd02cc75a15c0c,2018-07-29
984e03738ab50cbe683fc484c809d5ba,670254dd2e886ffe621b3831afb47d7d,delivered,2018-08-08 21:04:15,2018-08-08 21:44:49,2018-08-20 15:09:00,2018-08-27 20:34:47,2018-10-05,914b142462685e3161cf3a9f4152a028,2018-08-08
d85efeeca6be7949e59458c5d26169db,21caa667b0f79c15b879b304f8f25e9c,delivered,2017-04-04 15:50:23,2017-04-04 16:05:07,2017-04-06 11:38:41,2017-04-10 07:13:03,2017-04-25,4c98f17933ed33ed598bd7b3b904e8f0,2017-04-04
baa5fb5166e2a8aedee9902360592014,d1cb85293dd282c54e5336b1c4323a1a,delivered,2017-11-23 23:22:48,2017-11-24 00:30:06,2017-11-27 20:24:42,2017-12-12 22:18:58,2017-12-21,7041e1e84c7e1bbb4ae51fd9fd94f3f4,2017-11-23
da6de8ffbad4e3941e6b13d8b78d7f75,f748a2b9d53bc319d80cccdd1ed55a3e,delivered,2018-04-11 19:41:11,2018-04-11 19:55:13,2018-04-17 16:35:59,2018-04-23 23:21:04,2018-05-08,4b537662be4b91f0ce4e81feebcfa508,2018-04-11
4723d255a158f5b6c5a872264e3529c5,9c44588abb2a5c2b5bbd40184e3ac0b3,delivered,2016-10-08 20:16:05,2016-10-09 14:55:15,2016-10-13 14:55:15,2016-10-16 15:55:15,2016-12-06,cc61b7d08f418647cd5c7766e1f2f9fa,2016-10-08
982bb20d431aa26aea1947414cc5fe20,1dba772601939807153437cde6fa35b1,delivered,2018-01-14 23:53:33,2018-01-15 00:08:57,2018-01-16 16:27:09,2018-01-27 11:13:48,2018-02-08,c88d1a19fc18b3daad7e622865967a78,2018-01-14
a5d02c2843eb25d8d1be6217c7483c14,0bb2df81f240ddaa795107ec087ca5c1,delivered,2018-08-06 10:45:14,2018-08-06 11:04:42,2018-08-07 13:10:00,2018-08-13 16:12:24,2018-08-15,dfffec82c4dcdc371c6cc868a389f634,2018-08-06
da5d2d1110b8d715a8e0b0f34e8dc744,69a96a3c8cf76c66532032497443bf0f,delivered,2017-07-20 19:06:16,2017-07-22 02:15:45,2017-07-24 20:46:05,2017-07-31 17:48:01,2017-08-09,3e6699f696aa8fc148d34069ee2ee717,2017-07-20
f5eda0ded77c1293b04c953138c8331d,68f2b37558e27791155db34bcded5ac0,delivered,2017-12-12 19:20:28,2017-12-12 19:32:19,2017-12-20 20:12:42,2017-12-23 17:11:51,2018-01-05,cbbeff6b693e69511cf9d059f4b71036,2017-12-12
86eb56a83df068fafba35f1a76537ce2,a37d16a945757e5fe3d11fba1fed79f9,delivered,2017-07-09 13:45:42,2017-07-10 13:50:15,2017-07-10 20:21:56,2017-08-07 18:12:16,2017-08-11,0c6ab0ba7fdbc84ccccf6ea4a66089a3,2017-07-09
d87b1839583018f4810f6dc5b3a273e8,ae26dab25ea158e5cbd6c638b5417d17,delivered,2018-02-19 15:36:19,2018-02-20 15:35:33,2018-02-22 21:52:09,2018-03-23 17:56:34,2018-03-15,32d14f27b8fe070aa29648ce65b384e2,2018-02-19
0dac8f895806df31441bc1a5aa485a4e,9a35cd72d679d18d0511d12482668e24,delivered,2017-09-10 10:07:32,2017-09-12 04:45:55,2017-09-13 00:12:02,2017-09-14 19:03:17,2017-09-22,e313d18e7eccf1b7867465ba699aca15,2017-09-10
8866f85227409d87f03ab02cd7f5a001,7232481584ed1d7808e4d0502bb58853,delivered,2017-09-25 05:47:54,2017-09-25 05:55:11,2017-09-28 12:55:38,2017-10-01 16:54:44,2017-10-17,eaa36844272f4aa79de3fab99afc4535,2017-09-25
dc9e43fc2961dea28d6a462186ad624f,e5cb4240958b9fe35fcb957d425184ee,delivered,2017-11-01 21:13:02,2017-11-01 21:31:24,2017-11-03 20:37:54,2017-11-06 18:53:15,2017-11-14,cb722b9ae87c28dd0fee3d6e42e5a9bd,2017-11-01
93b06656d7999e4508fb835a56f85d69,6d7fcad42b71ecdbbb4fbac3f1dff7c4,delivered,2018-05-08 22:15:04,2018-05-08 22:31:38,2018-05-09 10:34:00,2018-05-15 16:28:46,2018-05-23,0f5ec6314004c573c14b76ba84825d87,2018-05-08
af989bb9d67386206a89e31d2e402821,102b00e791c874402fd1b569ee8b3596,delivered,2018-04-19 13:07:52,2018-04-24 18:34:53,2018-04-20 23:58:35,2018-04-25 22:08:26,2018-05-14,100813d2b9d49dde35437f621898f50a,2018-04-19
35c16e53e67eb73077166edd4aa57fd7,6386b128d8da7a17d76bbb5cb3e7a9da,delivered,2017-08-22 20:31:49,2017-08-22 20:46:35,2017-08-28 19:32:36,2017-09-05 20:17:45,2017-09-20,d4a15998ae1c64cad74bf0e9684e54f9,2017-08-22
458c3becc527a774b463c7beaa28b105,af3e4d3d475e09dfde313eb5d5215e9a,delivered,2018-05-09 17:41:21,2018-05-09 17:55:20,2018-05-10 13:41:00,2018-05-14 19:22:37,2018-06-05,360e5466682fd1c155990ebea3d3af5c,2018-05-09
44e74826cbf09295cbbfc17b6c4284e4,bd2da29472ad8831cebae2adcddc9b1e,delivered,2017-11-24 19:58:33,2017-11-24 23:13:34,2017-11-27 19:58:35,2017-12-04 21:38:32,2017-12-15,07911d06cbcf7b6c17d1616cf5c081d8,2017-11-24
ae20eb35b4db0fe168b36c6c6e3ff0a0,06a18a653c5b6090fbf8c71d248f8ab2,delivered,2018-02-17 16:38:26,2018-02-17 16:50:38,2018-02-22 03:11:25,2018-02-27 19:58:41,2018-03-12,f8bd8ab829fb64dcaa95158ef7311445,2018-02-17
4969cddf1cd3a57ea95fe8c3b89a7018,a45263aab483c922ef8f82a89f86c4d5,delivered,2017-09-14 11:04:22,2017-09-14 12:05:10,2017-09-16 12:22:14,2017-09-25 19:17:49,2017-10-03,b71a52d5cc0a8877314061c5823822f5,2017-09-14
f28a6ea562f2a147658c1c5168bc8c20,6651a504bab85006b0dd63eb90438ee9,delivered,2018-03-22 14:09:04,2018-03-22 14:30:23,2018-03-23 21:58:34,2018-04-03 21:55:22,2018-04-16,f2474559668f43100182fa89245cba65,2018-03-22
a081d126973c9d0ea499b22774b035c5,b405f10fd88896496f62f1ff2a7d4aab,delivered,2018-06-20 11:17:13,2018-06-20 11:43:49,2018-06-21 10:27:00,2018-06-28 14:44:48,2018-07-13,a03575fad239283d9f06c7bae8217f11,2018-06-20
087f003cb486254f7454eead9265e992,911420c471628353e4666a65eac5f0b7,delivered,2018-06-22 11:58:33,2018-06-22 12:20:27,2018-06-26 14:25:00,2018-07-06 18:22:41,2018-07-24,b7393f3aeb937a81d338553545bf582f,2018-06-22
efe2108824219f6b3a7e54ef457bc91d,893a9e454d2a2cdbc233a20981a10429,delivered,2018-04-13 18:31:42,2018-04-13 18:52:12,2018-04-17 23:28:40,2018-04-18 15:06:55,2018-05-02,81bb610831a61b88967d67db7bc5fb6a,2018-04-13
5218c57533d6d16fbff8d6b95330ad9d,8f6e7eb5a460dfe639b9d30c1105df8f,delivered,2018-05-17 16:59:26,2018-05-18 01:17:45,2018-05-18 13:45:00,2018-06-11 16:06:39,2018-06-01,8df3fb4c4f9b676bd01137dc707ae131,2018-05-17
055b1b19fcb7ec836c23f44053344b20,74f84652fb83fc62d4428d8800ac4d4c,delivered,2018-03-01 00:00:00,2018-03-02 02:15:34,2018-03-02 20:28:55,2018-03-06 21:42:02,2018-03-19,b02bbbe3fb32d0425ca9c9dcd32dcbfd,2018-03-01
20ea67720234d8e46c6dc89f8b1dc16a,5d9f867c9b754341a52dfb264a455c96,delivered,2018-03-26 22:39:02,2018-03-26 22:50:18,2018-03-28 12:35:02,2018-05-26 14:54:44,2018-04-30,fcab07ead0f666753cacef7321c9c739,2018-03-26
684497197738631cbe11c77e531a3220,04d134f760aef9a8a167cb60f55b9261,delivered,2017-11-24 10:28:02,2017-11-25 04:30:49,2017-11-28 20:59:03,2017-11-30 15:38:52,2017-12-19,692074726678229d1fe1887a9f0abb14,2017-11-24
d6b2cc5d981e25c858336cad7bde6e06,45beb20d0c410e52ebba517570f0e231,delivered,2018-08-03 15:34:16,2018-08-03 16:04:01,2018-08-08 17:11:00,2018-08-21 20:27:35,2018-09-05,7747ee7833956c23137411ba6e2ec75c,2018-08-03
c9bfa5aa446a8a2e13124ddcff398657,eb48d3319bc78a3ab31e30f2e309f18b,delivered,2017-02-02 12:08:12,2017-02-02 12:23:49,2017-02-02 16:40:29,2017-02-08 12:47:33,2017-03-13,a2fbff4f1bcf0c264386f46d292de14e,2017-02-02
6d5e087df6cf3e6440c325e21c9a1c7c,096e4afe8c8bea72cf73edcca7a74134,delivered,2018-05-24 15:43:12,2018-05-24 15:55:26,2018-05-25 10:11:00,2018-06-08 15:09:03,2018-07-05,faa4c0aa4d5c9f68462157777cee81fe,2018-05-24
f597474362522875e95179c13835e408,5828538d54a34d26e2e528eb926a3a65,delivered,2017-09-13 19:22:05,2017-09-13 19:35:14,2017-09-15 20:41:54,2017-09-22 19:49:03,2017-10-02,efc73a89e372810c8330093948facae1,2017-09-13
98cdb0b0199939368746cb2beba58efe,b56d919e0493a7ddf684105e54a51c5e,delivered,2018-01-21 19:57:34,2018-01-22 13:58:16,2018-01-23 13:59:50,2018-04-03 20:32:52,2018-02-14,e1732494718515cb158a244847c8b9dc,2018-01-21
5564c14d026bf6c92241f070bb98fb5b,55b1096689f3b208424ce621e1de6607,delivered,2017-07-16 02:12:36,2017-07-16 02:25:07,2017-07-18 21:27:52,2017-07-31 23:59:49,2017-08-08,66a184711baee7c3f8c58ef814fd6549,2017-07-16
9725a1c59138f30c5dba936ca3a2de34,eba3f6407778bb04d46966a1d80f84b9,delivered,2017-01-30 14:19:22,2017-01-30 14:35:58,2017-01-31 09:39:41,2017-02-08 13:14:50,2017-03-07,323f8f14acb90e50f86f1885b6b53c6d,2017-01-30
4e954b7896ab7bfa5bbb40484b682495,af73c0c87b6ae52088682b9718bf2e32,delivered,2018-05-03 06:41:55,2018-05-03 07:23:27,2018-05-04 12:08:00,2018-05-10 18:04:17,2018-05-28,6c039e3652b253b36c019353b242fd0e,2018-05-03
aef214f769de82d355c5d2ab49e15891,d83a72326816260884edd05238aaa508,invoiced,2016-10-06 13:07:13,2016-10-06 16:03:13,,,2016-12-02,6011fbc9e8e5dad3b09334f73b8ef23f,2016-10-06
919dfcc9cd85179b6da8c06b39a29996,a2332c527274bf42f10b829c579f6c7b,delivered,2017-08-15 12:44:28,2017-08-16 03:26:16,2017-08-16 19:28:26,2017-08-31 11:34:28,2017-09-06,2a789b67c7059ab52f681e4b9d5698b1,2017-08-15
b5705b90cc2be21a072642381dad5f27,e5d25166e8ddb625ab9ec16629428e77,delivered,2018-01-17 16:15:28,2018-01-17 16:32:44,2018-01-18 16:26:35,2018-01-25 18:48:02,2018-02-16,998a00cc08b2cacdf7155db8dec88160,2018-01-17
31c2a4ddeb6a9db03922009a2dfcb254,83979a5effa437c8a99f07066147957f,delivered,2017-10-25 18:52:40,2017-10-25 19:07:43,2017-10-26 20:04:11,2017-11-03 17:42:54,2017-11-16,ae177a2510a63a7ae57ad76a9a99b876,2017-10-25
4fec92299349d37362908a6a5685a0d6,082d42b7dccd6b23d9bad4f1c9be3f6b,delivered,2017-12-11 16:07:29,2017-12-11 16:17:31,2017-12-13 16:09:45,2017-12-27 22:19:03,2018-01-10,13d5564cf2901c72e00fb2e2344a98a3,2017-12-11
dd213d835910436f5fbf274de5f1a5c4,58f34ae78c4146d80a6c5fe5cc66be22,delivered,2018-01-26 00:22:09,2018-01-27 02:40:19,2018-01-29 16:38:04,2018-02-07 18:14:53,2018-02-23,3fa16d8874f2b067c9349d26dcccb61c,2018-01-26
4c5b09946a035ad6b3cb60e25badeb5c,bc53760f528e8446590bb750d1b19498,delivered,2018-03-18 14:41:01,2018-03-18 14:50:42,2018-03-20 22:28:41,2018-03-24 19:33:17,2018-04-05,83e4524ecadbada8e3d70c955224a507,2018-03-18
73b83fe6a84d80f819839c0f93413771,f94b96a35f591b64bb724774dc3754b6,delivered,2018-05-27 22:21:55,2018-05-28 22:15:23,2018-05-29 12:04:00,2018-06-11 17:22:14,2018-07-04,ab6897ef317c88185bf8c0dad781d18c,2018-05-27
a2631791e4e10f8982af38bcdc3e09eb,a9ee925a5fa01427b561e490b3ea0616,delivered,2017-11-09 07:30:46,2017-11-09 07:46:08,2017-11-09 16:12:09,2017-11-22 13:25:42,2017-12-04,af29e646c569f6ecdc3c6a6c83a22043,2017-11-09
52a0e677ce75fbd71b0644f2de4466bb,0627dd353f7abd2a8272643d8a412b57,delivered,2018-06-13 16:56:47,2018-06-13 17:19:43,2018-06-22 15:03:00,2018-06-25 16:37:54,2018-07-03,ef3f2c13866aa6f20aa624e13c30a98b,2018-06-13
73cb420370a44a68c6aa184d54b0bc19,dae7b889985b1c0500b588d57bfc71f9,delivered,2018-04-25 10:17:49,2018-04-25 10:30:47,2018-04-27 14:24:00,2018-05-07 20:41:38,2018-05-15,63ced7cbf403a37d040f2e5c050e555e,2018-04-25
58b7b58044c3055e8323fd59eaebea69,214fdd83f30952a8958538d5c861b368,delivered,2017-06-20 19:31:28,2017-06-20 19:45:16,2017-06-22 10:35:01,2017-06-23 10:46:50,2017-07-10,bc44f1b51fcaf6f98a5cb190773bac95,2017-06-20
081f94ba9d60353dcfa2200cf9bf42cc,3b4e6709397878a5a0887e037e31691e,delivered,2017-12-22 01:08:40,2017-12-22 01:29:43,2017-12-22 21:08:52,2018-01-05 21:33:40,2018-01-31,8f8899d8d798516941459f739d7d0bb1,2017-12-22
8e7c4bc6f83390fd197e3494442f1925,04c29d61a03932febec8dbc323b339da,delivered,2018-08-01 22:59:21,2018-08-01 23:45:08,2018-08-02 15:59:00,2018-08-03 12:52:49,2018-08-06,e43c9920240823d6c97bedc723c25281,2018-08-01
184470638d1eed17dd8215b62c63221d,3854f9f901f622d84cc9e87f3d602bc4,delivered,2017-10-22 21:59:10,2017-10-25 16:34:36,2017-10-27 15:07:57,2017-12-04 21:27:46,2017-11-22,05ed0d0975471bd81be680375fa53d67,2017-10-22
8a4ec03292d13b2c7652022434a1d3d7,26561a602017fe86ccedf5ffe7502711,delivered,2018-03-22 16:08:23,2018-03-22 16:50:23,2018-03-26 21:58:48,2018-04-06 21:11:01,2018-04-16,2a8f929287429e825e794f73d916e5e4,2018-03-22
ed256dd516630a01186afc04b6af7e11,4cfa9cdca0845923fc4c7b759b2f5c21,delivered,2018-04-15 15:23:10,2018-04-17 05:50:16,2018-04-20 21:58:24,2018-04-26 20:15:34,2018-05-11,6320bb184bf8beb7ac7626ddee8aa5e0,2018-04-15
79c5f579e409b09458cabc132855a2a5,1739dee582d93a96f098d56b594919c7,delivered,2017-09-20 15:24:58,2017-09-20 15:35:22,2017-09-26 14:17:55,2017-10-03 18:11:20,2017-10-05,7b0a0cd8cb6f2a060679dd9bacf03fd9,2017-09-20
ba305eaf10df01ecdb8d805b1a46d402,7094b5b7b45b130f1d56bfd571872adb,delivered,2017-07-07 12:19:47,2017-07-08 03:30:51,2017-07-17 11:04:32,2017-07-26 16:23:08,2017-08-10,1fcd939eb433bfd16c41e103a1f970f3,2017-07-07
4f7e7db8a14c1448fb17c00bcf1b8564,530e5d7fd09d33907a540e0c8014b7cb,delivered,2018-03-27 07:58:37,2018-03-28 08:10:19,2018-03-28 23:08:28,2018-04-05 21:03:31,2018-04-17,6f1e3c3a47414ed6e7f10231edca3830,2018-03-27
a10ad0776eab0418fa809d168e1dbb8c,3140dc6a8aa86c1775cce2f62aff2b9d,delivered,2018-02-27 19:08:45,2018-02-27 19:28:21,2018-03-12 23:31:27,2018-03-26 23:34:45,2018-03-23,44b3b848f35da10d083c1bb176fc65ef,2018-02-27
f943e18398079cee438234bf6482996e,7220c5e391b6c80f16ffcca8a67a3382,processing,2017-10-12 11:18:32,2017-10-12 11:35:19,,,2017-11-08,2699b77563fd2f76debf0cf2111d5c2d,2017-10-12
44d404776504ffd7bb6d7b36723f8295,a2068c82ad9b4be64dd9d98d2a4f0cad,delivered,2017-10-22 13:05:35,2017-10-22 13:14:50,2017-10-23 14:59:55,2017-10-26 16:04:14,2017-11-09,f6a28e115cb1ae113ed68a2fc53c6623,2017-10-22
1a8d9ee4ef14ca8feb96e914f51b9397,60a13661d952a5128a7c81ea31e54727,delivered,2018-03-01 18:15:16,2018-03-01 18:31:17,2018-03-06 02:37:47,2018-03-13 12:24:41,2018-03-26,2e08911037fe7ec67377711eee1fdbf3,2018-03-01
73950eeeb87a86705a2e3c7f42f1b4bc,a90390cdb48b4c1ddfd36ecc316b6f55,delivered,2018-03-19 10:17:51,2018-03-21 02:49:08,2018-04-04 20:38:20,2018-04-19 20:04:49,2018-04-25,e6d0f174fce7d94364e412b901fc7838,2018-03-19
d2b03101f40ceec33aab383966db0328,e067c5f0b3c6eacbeec80ba912dd913b,delivered,2018-07-11 08:56:54,2018-07-11 09:10:10,2018-07-13 11:06:00,2018-07-27 13:16:38,2018-08-06,b64d39d1e77c4d9a7e7d002ad7552178,2018-07-11
5c05c6001482248cca1f553a2c0b0421,db9f09e1ec1d7c46410b18e080e6b76f,delivered,2018-07-14 12:07:45,2018-07-14 12:24:01,2018-07-16 13:22:00,2018-07-25 14:47:47,2018-08-08,bba29bdc2bd4deeb7bba3c61ea98e012,2018-07-14
0c7fc95baa5e16992ed412ccea7f28b3,a25c191eb1025845e8e9d1d806fa2605,delivered,2016-10-05 08:46:55,2016-10-07 03:10:06,2016-10-11 03:10:07,2016-10-14 03:10:07,2016-12-01,a311db8053cf14527828dd6d89a1f57a,2016-10-05
f6b21dc04fd9a818939dd9aeb45d9b37,a8a153895e1044c150faab7bf0b25779,delivered,2018-04-10 21:25:11,2018-04-10 21:35:24,2018-04-12 23:21:18,2018-05-04 10:52:23,2018-05-04,7bbb289b0b75e5aa702badc44a4a1cfb,2018-04-10
7e41e7372ce6842cf380d475bf0927b4,980928c534a28c442a6865b079068f7c,delivered,2018-08-15 10:57:59,2018-08-15 11:10:39,2018-08-15 16:11:00,2018-08-20 18:28:46,2018-08-27,9623ec4ab37232534cb3a90ea0fcd8b9,2018-08-15
4ff030f2bf3f8741d3843193abca39fa,03500f262532234525663b2c3ac1ef57,delivered,2017-03-28 22:47:25,2017-03-28 23:02:59,2017-03-29 14:05:28,2017-04-11 15:35:18,2017-04-24,944a97c55930ffabe9e4d166b4bc3248,2017-03-28
29d213d4cf25b10351ee72f7456bec18,1c6669022d784934e20b9378fb8fff57,delivered,2018-03-20 14:13:51,2018-03-21 14:15:24,2018-03-22 19:43:40,2018-04-06 00:27:27,2018-04-10,81180010d871754c48aa75b059ca1a01,2018-03-20
32b5ca23bd0b8761a4e3c0fb0b4b4418,437b67468f56a09b2d203a6defb68519,unavailable,2018-01-22 09:33:58,2018-01-22 14:14:41,,,2018-02-19,192bbbc60add9bf9c97957f459290a9a,2018-01-22
5cc63affb50754b86ebcc046f957c65b,5121b60fe85120745d60d63d92011641,delivered,2018-04-04 21:11:20,2018-04-04 21:28:40,2018-04-05 20:03:38,2018-04-16 18:09:43,2018-05-04,68d6ddcc3245e64b3cd155ea96583c74,2018-04-04
83b5eac035d0483bb62a711d4d4d3761,693d75d66a44f39ce21c963b90cc9efd,delivered,2017-06-17 14:11:43,2017-06-17 14:23:08,2017-06-19 20:12:25,2017-07-06 09:21:46,2017-07-11,0470ebb9e656c572e40382c5e64b82df,2017-06-17
baf664f0589b605f58b9e6630f0f267a,ada8a8ca0c1a864faf637fad00538a71,delivered,2018-03-01 15:29:58,2018-03-01 15:55:35,2018-03-02 19:48:59,2018-03-15 23:48:36,2018-03-20,f4f6ccc290ea4d8f5808daa6630c9a9b,2018-03-01
18837d7b525922b9023193325e574a6c,a3f2f76214e3712c7a3fa44c354c401d,delivered,2018-01-19 15:48:49,2018-01-19 16:15:02,2018-01-22 17:39:33,2018-01-29 17:56:57,2018-02-16,c3be65df681dead45a50a25124550c60,2018-01-19
111ba12ad74e09e86c3d2918f56ccd20,5739b7feac165afca076b1597217d42c,delivered,2018-03-12 16:06:03,2018-03-12 16:27:20,2018-03-14 00:28:33,2018-03-14 17:59:28,2018-03-29,22798a8a350257e467e7c1b050c321c8,2018-03-12
46279a0f0a826ba71e8316ba2be1a6c2,5e5744dce2d5844c78f197f1656a870c,delivered,2017-08-29 15:19:18,2017-08-29 15:35:30,2017-09-04 14:52:04,2017-09-14 20:37:31,2017-09-25,2ea1081ced58e036ddcb3f5323f541dd,2017-08-29
957dd53876f89c2fcc4d8448da116430,34100a4dbede2b468776b48be503386e,delivered,2017-10-19 15:30:20,2017-10-19 15:49:15,2017-10-24 19:45:51,2017-10-30 15:44:02,2017-11-22,6476f7f4bf0545a1b85c430691a833cf,2017-10-19
9be6ae94773e11cec0981a4abf939445,0a056fbf5454d67770ff0787b3235200,delivered,2018-06-27 22:45:37,2018-06-28 22:49:45,2018-06-29 13:32:00,2018-07-02 19:11:45,2018-08-06,532fdcdb06e4266608a798f54fd35d8c,2018-06-27
d5902cac4c3d618b3565811476e06ea4,d722da5879a40dcc6a68bdeb5de48f99,delivered,2018-03-05 18:13:14,2018-03-05 18:31:22,2018-03-07 19:23:29,2018-03-13 19:11:56,2018-03-21,6f8ecf0559ad3d0af81a036a45f9915d,2018-03-05
aa1370235ef192d1702585435015b9b8,f90c0b67909aef5401de1537c2ccac12,delivered,2018-02-23 11:25:38,2018-02-27 04:31:22,2018-02-28 18:25:37,2018-03-09 00:34:30,2018-03-26,a83e6fd03af88166652ef55ec13cbe85,2018-02-23
49db6a08de9b99d6d0237da803888c22,82d3b9013ae1ca97bd0104381fcee9de,shipped,2017-04-21 16:21:00,2017-04-21 16:35:11,2017-04-25 09:59:13,,2017-05-26,b0896c9fbb84cf105a51c975a66e3857,2017-04-21
27a8d640e6a7be5a3b77ee064c07feea,0e477ff075da653798461adff6337e5b,delivered,2018-03-04 13:13:17,2018-03-06 03:50:49,2018-03-06 18:58:44,2018-03-20 15:57:39,2018-04-05,46717e39938403ae43984287d25b3557,2018-03-04
876129e028b320a2332ad52db2762162,a59c5d6fd28b339cfe2a3f15811df273,delivered,2018-04-26 17:48:19,2018-04-27 17:51:37,2018-05-02 15:39:00,2018-05-03 22:48:45,2018-05-15,60cdb76e4b9c5c6ebaf5d1d77c41fafe,2018-04-26
d6a043b1faaa04d723fbbe8b015f0dd6,333d057b8000f250bb2dbf5b6359799a,delivered,2018-07-03 22:53:45,2018-07-05 16:27:05,2018-07-04 12:09:00,2018-07-11 12:54:49,2018-07-18,31a94cc445a008e48b9b00b78c1433b7,2018-07-03
f56432d05172df07d256233e2b1f36dc,f7c730eaa324c05033ac44482660fe07,delivered,2017-11-16 19:50:58,2017-11-16 20:12:20,2017-11-22 17:41:18,2017-12-12 21:58:58,2017-12-12,670f0b21f3a187139488bbfbc6504584,2017-11-16
a28ce0c52557b5cb81dac197086d476b,8e06b4fe1fa2671455737698048ce8f6,delivered,2017-09-26 17:41:21,2017-09-26 17:56:21,2017-09-27 15:25:46,2017-10-02 22:38:08,2017-10-24,1cbda36ee89944baa7a738ddbdc4679a,2017-09-26
a517b2402ab4954360e54c6c0ad9428f,77be6cf3c183529ec6300930e2d00e69,delivered,2017-08-18 14:51:39,2017-08-19 02:15:38,2017-08-22 21:06:57,2017-08-30 01:22:22,2017-09-22,69b126d83c1a32e4a0d1338a43383693,2017-08-18
f784c3e2e91e3c878a6e56b335f2a4b3,1ad3e0ada7c941683f3dfcfb804d01c7,delivered,2018-04-01 22:03:48,2018-04-01 22:48:17,2018-04-02 22:21:15,2018-04-10 00:48:36,2018-04-20,6d3e2068f616ba201cb8cc08e772b0fc,2018-04-01
0a3e09ae60d6eb7338e353c0c323eabf,bbc12ed5c232b6608aeb60a1ffc9611e,delivered,2017-10-07 14:02:36,2017-10-07 14:14:10,2017-10-09 21:29:55,2017-10-13 18:57:57,2017-11-08,5936e0661c5f14ba23f5220c379d9053,2017-10-07
5631abbdf043a1a011622843c076cec1,bfd92be530e742fb7109e67b08b14104,delivered,2018-02-20 16:33:18,2018-02-20 16:50:49,2018-02-21 20:46:50,2018-03-21 14:56:22,2018-03-28,61fc3f4954931727a8188acfe26ee2f5,2018-02-20
444cac26abc4e08633d89fb741c242d8,47f43c0d4abe700de3511c779bc31f36,delivered,2018-05-16 00:13:04,2018-05-18 08:36:37,2018-05-18 13:16:00,2018-06-05 20:42:09,2018-06-05,8b94771192b29512ed6cc0812471770e,2018-05-16
91681be83015c5760383644518e80ec6,8feec2433a70d8889d09ad0326e64d6e,delivered,2018-08-08 20:04:21,2018-08-08 20:15:20,2018-08-14 13:59:00,2018-08-28 15:08:21,2018-09-03,77843cf7c32c114848e2ff13049544d0,2018-08-08
5f351b2d110b39ec4b884f67ee59712e,806506dfe3d2254fc15ce9d6fe1d6c05,delivered,2018-05-10 18:09:07,2018-05-10 18:30:36,2018-05-11 12:26:00,2018-05-18 20:45:41,2018-06-07,9150e9fa2fae240e2ba7ae76179d221b,2018-05-10
fa21661c4501069a0726697b9d207400,9af38b73db100c8ddc47988d6f385f6e,delivered,2017-02-22 20:39:41,2017-02-23 02:35:11,2017-02-24 13:32:42,2017-03-24 09:22:30,2017-03-31,a46b58188eade255847278433ea3f735,2017-02-22
6e60f42eb32450c23ec4595056312745,d015acea9c4daffed2c50531e217862c,delivered,2017-08-26 19:03:32,2017-08-26 19:24:05,2017-08-29 20:09:16,2017-09-04 23:30:10,2017-09-18,c0888c415e05dfbb9beaa9c8ac62371a,2017-08-26
1500991a912c8a687bd6536ddf9ee4b3,974bf7499a6da163928495c14f77489c,delivered,2018-02-17 15:19:16,2018-02-20 07:15:42,2018-02-21 20:33:43,2018-02-24 00:07:55,2018-03-06,cd96abf46c952f1862f6d232ae9a6bea,2018-02-17
0f42926c2892dcd8785fd0c27c5876aa,88d1842f65010040a5a222a756260d64,canceled,2018-02-24 17:22:11,2018-02-24 19:27:16,,,2018-03-16,6799458a73272f25ae39127f1e402dad,2018-02-24
0308fbee05263aa1eb0b932e2dc7b4fd,9a9c7c7779a50a08dea119e930e06fe3,delivered,2018-04-27 21:50:44,2018-04-27 22:10:56,2018-05-02 16:17:00,2018-05-09 21:08:50,2018-05-30,4f548c910bbd1288f8f367c69bd8dfa0,2018-04-27
59da0d6767ec282e26ad95f315276dbc,0c9c3baecd7d29ce00d0f64e0f92bef9,delivered,2018-05-26 09:47:12,2018-05-26 10:19:19,2018-05-28 12:28:00,2018-05-29 17:31:27,2018-06-21,be32c8c11559040d8e04384c0c4930e0,2018-05-26
72eb322e753c28b18819556635ae9a1c,3387ad457bc4dfcee876ce0f8a958207,delivered,2018-04-15 23:07:24,2018-04-15 23:32:16,2018-04-16 22:10:41,2018-04-17 21:58:25,2018-05-03,cfbf41d005bd55db4f4f6db8e72b1e5e,2018-04-15
6e99e00d06b2de1af0dbb50c14d7cf53,46c8b563eb3f1cde2139664d32f925fc,delivered,2017-12-07 15:52:49,2017-12-07 16:11:30,2017-12-15 22:04:15,2018-01-04 15:34:29,2018-01-10,47046e89851741b3261c81eebc09c062,2017-12-07
625f92d47eee6330318032089c61a90e,5c6db305f9c93964673f2c3f02d49549,delivered,2017-12-08 23:57:02,2017-12-12 03:54:29,2017-12-19 10:31:54,2018-01-24 01:15:11,2018-01-03,fb490a070c5dbc385afadcf0e56270bd,2017-12-08
ea857ad0ce4b75ad53e58520fd4f8e00,4e3549d2f9522097f6b465f8c5df340f,delivered,2018-07-19 16:08:48,2018-07-19 16:23:19,2018-07-31 09:25:00,2018-08-03 19:56:50,2018-08-24,407d48573b14b83f43721a9ddc910249,2018-07-19
7598147ec12a15c62a1350443e7ad42f,d9f88948b98b2570e2f689b85416ed6e,delivered,2018-07-11 15:03:35,2018-07-11 16:47:29,2018-07-13 07:02:00,2018-07-21 13:48:32,2018-07-27,6494cce4359980dea29a1fdacec25915,2018-07-11
00f251b943aba645652c7138e4716fee,3d54e262ab34438486bd0eb8bf022c2f,delivered,2018-08-13 11:18:25,2018-08-13 11:44:26,2018-08-13 14:37:00,2018-08-20 18:36:41,2018-09-03,f2479f8d117c49610d5a2d006b4ab716,2018-08-13
ae94c1cc378bdf3a430f77809a22ee67,a8f7f563fab1e6984703953f2eb47689,delivered,2018-08-17 10:55:49,2018-08-17 11:10:18,2018-08-20 08:19:00,2018-08-29 19:18:50,2018-09-10,3ed413214cc32ba3dcec90c3e6a88724,2018-08-17
c2d5c65518eacd599632e3d287f5f818,f1d808f68f98869730fc61e3d00af4fd,delivered,2017-12-13 15:21:33,2017-12-13 15:32:23,2017-12-15 22:42:52,2017-12-21 20:43:48,2018-01-09,8ee82882d3839ff934a79e7e7c721997,2017-12-13
9df989b3f2e35193ee15acb0a5c6964c,5d3b65dee5a46179efe2b367b3a65680,delivered,2018-06-12 11:45:41,2018-06-12 12:43:29,2018-06-12 14:36:00,2018-06-20 16:46:57,2018-07-11,c16c1fa88d7045320612b5c7481a0017,2018-06-12
ee12a50463df80c62439cca9feb9f971,cba8ac673c3f5b4fe32ab4b08f01e08f,delivered,2017-02-01 14:38:41,2017-02-01 14:55:08,2017-02-03 10:42:40,2017-02-07 11:27:32,2017-03-06,ed6f1bb3d63461414e43b68424c8fb9d,2017-02-01
eb5804335701601b3c9c35696f6ec4d1,222823cf51bc2bca76020f8e1a5f23e7,delivered,2018-02-24 13:28:46,2018-02-24 13:47:34,2018-02-26 20:43:36,2018-03-13 17:47:25,2018-03-23,65ee2c935878a299c55aa19575bac35c,2018-02-24
cb233c021d1912e8f7d4ccb5153e0174,8dced7470b5bc14d4f839b73980acf30,delivered,2018-07-24 14:40:42,2018-07-25 02:44:23,2018-07-26 12:19:00,2018-07-30 23:13:36,2018-08-10,b40a94dba8139b0ed8d96b180fb6fe86,2018-07-24
93791e16d527404f5b4e2ea370afa984,b43c81ced7435c5212e787b5b4c93513,delivered,2017-09-11 17:37:41,2017-09-11 18:04:36,2017-09-12 20:38:39,2017-09-15 18:16:54,2017-09-29,1cd0f75768cb5e08c884390c8bee0507,2017-09-11
a367cb36e03523fd763a8782ad9ba177,4cf3e3c5c19ffcd9d7d4e1d78f966aca,delivered,2017-03-06 11:04:32,2017-03-06 11:23:08,2017-03-07 15:39:41,2017-03-13 11:59:02,2017-03-24,572a488c4c5af8a6bea8bee5477b021e,2017-03-06
bcfacaaecd67dc247a67377e23b348ae,0a88dbb52560ef62331305c8c92488b8,delivered,2018-02-04 12:49:51,2018-02-06 05:31:48,2018-02-07 19:04:04,2018-02-14 22:33:38,2018-03-05,b3a6549b3cd47a7117094faafce8b10d,2018-02-04
c2bce329663d32641334c53c60a3a1a5,b589575e52d81cad82e93862c420442a,delivered,2018-04-25 16:59:48,2018-04-25 17:32:53,2018-04-26 09:29:00,2018-05-04 19:23:40,2018-05-22,6e62ba22142e89bac4cbe4224bbb9401,2018-04-25
ed737c73d49d514352d4a57de3ca77c2,d086a279ceb2b9b292aa7532ed22b9d7,delivered,2018-04-22 13:00:23,2018-04-24 18:22:44,2018-04-24 11:22:13,2018-04-30 08:52:33,2018-05-21,c2b85b27ebd380c2c156e3e8773bd4c6,2018-04-22
01d13850e74efca9a86fe812940de070,efc248b5fcc421d31a203cf79d92ecc2,delivered,2018-04-12 11:38:28,2018-04-13 13:14:06,2018-04-16 17:12:06,2018-04-20 01:24:43,2018-05-03,4b21961c548491ad87e7e1555f2c8c6e,2018-04-12
982721650f1a226d3b11b4d852d461d2,8173274b8440c95342eaf3e7cbae101b,delivered,2018-02-26 12:20:10,2018-02-27 04:30:55,2018-02-27 19:33:53,2018-05-07 18:16:28,2018-03-21,758899e8d6d07aae380c3280272cdefc,2018-02-26
fcf3f4101d34a36c71f1f83b811e88c1,a59323ad5a658a37baf2a4f63899e69c,delivered,2017-11-23 07:19:20,2017-11-24 03:09:53,2017-11-24 22:03:23,2017-12-19 18:44:36,2017-12-14,236dd1945ca598f93d5228dcd8023f4f,2017-11-23
fb7df543b6622d01dba2c9340a23bb30,0971e2b38bc165dd8bf1b9d24a054890,delivered,2018-08-08 19:56:36,2018-08-08 20:10:21,2018-08-13 16:20:00,2018-08-18 18:13:48,2018-08-31,dd3c3c93dbf411c967feecabdf1b8751,2018-08-08
1f63547f5743b270843ccf840f00108a,f43d9a5994fb99bb2e14160e12666442,delivered,2018-02-05 22:54:03,2018-02-05 23:10:36,2018-02-06 23:53:06,2018-02-21 23:42:46,2018-03-08,9fdf694ddd72ea586dc72ceb7a0d2d91,2018-02-05
2b7e043a45afd5cae23ce498b699c9b7,4b78ae369ba9e647f8a4bd95a8cf9ae2,delivered,2018-08-06 19:10:06,2018-08-06 19:24:35,2018-08-07 12:54:00,2018-08-13 15:55:39,2018-08-17,27c4ba40675cbfccb408803b6b107d58,2018-08-06
15bf8f6816bf9ff38c4262721f55bf54,d206278798571fd6765608ead0dcd8db,delivered,2017-08-16 10:07:24,2017-08-16 10:25:10,2017-08-17 19:24:36,2017-08-21 18:58:15,2017-09-05,699ffe78ec96a60f0fa84dfe14e9880b,2017-08-16
23f55194f215ebf6254bc34d267f7d9e,5c64fe29430b2b017083fe22fc224ba3,delivered,2017-04-04 09:36:12,2017-04-04 09:50:21,2017-04-06 14:42:29,2017-04-12 13:07:51,2017-05-02,6572b8069e6c5d1a2d5e8996c7e76c4c,2017-04-04
17cc6728043d53cc948551dfbf0a338b,dcfb92c7e6d519560090aeb5bfa03f0c,delivered,2017-11-25 12:14:38,2017-11-25 12:33:04,2017-11-28 18:19:49,2018-04-16 23:26:51,2017-12-27,cf3acd6a8c138a12143363ae5a613f2e,2017-11-25
5685bb72678077930e5c1f790e2995c5,0dc681657ffbc04e9e47078efa1da46a,delivered,2017-07-07 20:11:46,2017-07-07 20:23:24,2017-07-11 20:52:02,2017-07-17 20:42:52,2017-08-10,efc33091d804400f55ad47f169163214,2017-07-07
6e5c31c66b865277bb6bdb23c7872c9e,5fa1b89cae3baa0acf6ae160651b7876,delivered,2017-08-05 18:39:15,2017-08-05 18:55:11,2017-08-07 23:54:51,2017-08-30 22:45:33,2017-09-11,2df613e4e741e4bce91c2a61b4b67c41,2017-08-05
98ea9e3a50ac5f573105815f3e0059cb,cabe4712cc6cf1fae16b386be90d6a76,delivered,2018-04-10 09:04:01,2018-04-10 09:15:10,2018-04-14 00:31:45,2018-04-25 21:58:27,2018-05-02,92533737368415b4afa42c07960077e9,2018-04-10
fa03573c5b1e111542c72cbb1453c85b,273bc1dc67aa458215ef8bb8f9dbaf55,delivered,2018-08-20 12:40:44,2018-08-20 15:35:42,2018-08-22 13:28:00,2018-08-27 18:41:38,2018-09-04,9e3bcf897e1dae10edd3dcba509e0b01,2018-08-20
48d545666a0d9303e1ef851ae9465976,dd0d5aef2ca63a04c68e4b3ea19a1a59,delivered,2018-01-10 08:28:00,2018-01-10 10:32:07,2018-01-11 20:59:11,2018-01-15 19:10:43,2018-01-29,bec9eda083eed2fe05f3d645e679c2d5,2018-01-10
ddc1ad74baf8bdaaaf50180cccb24d71,f9b659b91eeb363feb311c590fe4c9f8,delivered,2017-12-22 18:06:06,2017-12-22 18:29:35,2017-12-26 16:56:58,2018-01-04 21:07:43,2018-01-29,a66eb12175b51c62a4b1165ceb41c3fb,2017-12-22
58683439e5d8a39e9b0a7c4b2f1ff8c2,e8407e62e92117ad97cb1e74cc036c93,delivered,2018-03-09 15:06:39,2018-03-09 16:10:30,2018-03-14 00:51:41,2018-03-23 17:09:00,2018-04-10,ba18611f5c2e4a952b187c49dfd4b563,2018-03-09
f8dae62cf3515f978a53413b1d707a31,23f4ee81c0a9260bd331c8f510dc8d99,delivered,2018-07-04 00:02:59,2018-07-05 16:14:24,2018-07-06 11:03:00,2018-07-11 01:08:58,2018-08-01,dc8664c573aaf9960d22b38bad5aa0ae,2018-07-04
9b96c33e47ad3e23f341f8ca340f63ff,fcb99b368b1a2403b7219f4c8d48d60b,delivered,2018-04-28 11:28:40,2018-04-28 11:50:52,2018-04-30 07:37:00,2018-05-04 10:22:13,2018-05-21,5e9e4e42ecc0e6ad03b4754648a2afea,2018-04-28
5718be47d367f91087182c0b796f77fb,b8d610c97390e7f8649df33e3f69584c,delivered,2017-08-03 09:40:25,2017-08-03 09:50:11,2017-08-03 21:13:38,2017-08-07 19:56:30,2017-10-02,b688e646e12a367e13e5d5f77dad15db,2017-08-03
5535824c4716c782eed6edd2624a79ce,581ed420cd31ed56bec49cff51d2e42e,delivered,2018-05-05 18:06:22,2018-05-05 18:30:12,2018-05-07 08:53:00,2018-05-10 14:37:33,2018-05-23,c1a8afe133e1c2244ae94440f07d4719,2018-05-05
148315308166c0a08ca10ecf9d8420af,f9c59a6fedaa2f0bc67cd03f30f02421,delivered,2018-06-16 22:10:41,2018-06-16 22:36:12,2018-06-18 13:27:00,2018-06-29 20:22:59,2018-07-20,9611c656a41520022c942a4078023690,2018-06-16
d2570454fa1bbea98db582b76abdc800,ceb261820cbf2a3fa6026426ec06aa78,delivered,2018-08-01 17:15:29,2018-08-01 17:30:11,2018-08-02 19:35:00,2018-08-03 15:22:56,2018-08-08,54e24a5f3eb1d6aeee71ed7b4a654803,2018-08-01
f9649c12307baa46d80875cd558b3e36,d30de15de3c5be7025a72d3f114b62ac,delivered,2018-02-26 18:44:46,2018-02-26 18:55:30,2018-02-27 23:32:19,2018-03-01 17:37:09,2018-03-13,dfa93e5b8638a3e4f891dc4e0a4743c1,2018-02-26
d9a03aaa586760cdcfb4aaddbcfd0767,6c25309593351b489bdf6acb8e186375,delivered,2017-03-11 19:06:15,2017-03-11 19:06:15,2017-03-16 06:14:54,2017-03-20 13:39:23,2017-04-05,5baacd4f58c5836e6a49b8d29dbef403,2017-03-11
9f353d55cebbc63a3eb1bf5d53774ab5,652c90c96d514383465d6ae2b89dc861,delivered,2018-02-05 13:05:33,2018-02-05 13:30:37,2018-02-08 00:26:55,2018-02-09 21:11:54,2018-02-21,48c65fdb108ef05672297bbdafe650bb,2018-02-05
bcd881f346c66116b4cf838352ea8eaa,c10abefbb5ea3c13765ae51ee5b7966e,delivered,2018-07-21 11:39:34,2018-07-21 11:50:16,2018-07-25 14:08:00,2018-08-01 19:54:25,2018-08-13,005754cb59f8ee5cdbb5cda9d138757e,2018-07-21
335fecd3c4c9287451e9116aa7f53440,8ac5f605232e1545d43d7a0dc18cb477,processing,2017-09-21 17:03:07,2017-09-21 17:10:27,,,2017-10-17,65628c916a9769607d7444fb850276c9,2017-09-21
d34efc5776b7e371eb16a184cf51b2a0,4bc1e3737b598519c907f5b203f08044,delivered,2017-12-11 08:55:34,2017-12-11 09:10:43,2017-12-21 16:27:06,2017-12-23 10:13:57,2018-01-04,3bf6379ce199931260af498a11df60ee,2017-12-11
077a77e315e3b317121a0af9962e122b,6457e3fd7f768aef7be536207c963d9f,delivered,2018-05-11 10:35:33,2018-05-11 10:58:06,2018-05-14 15:21:00,2018-05-21 23:44:22,2018-05-25,b4e6302d59894b1620b211469c991054,2018-05-11
ab624383f19eac12ba7d277b58378c7c,78f9bb3f08999230469876f27fbda918,delivered,2017-02-10 10:05:12,2017-02-10 10:25:18,2017-02-10 14:56:57,2017-02-17 17:44:00,2017-03-13,ef89e8338074d92c4ad0a9e884f0cb0f,2017-02-10
8dabb452ae99a1e4d68d506101882e7a,c6ca3f94246a2464e5039cf39d704640,delivered,2018-06-22 12:12:58,2018-06-22 12:36:25,2018-06-26 11:26:00,2018-07-03 03:32:46,2018-08-01,99f65d955af6d004fd209d826c6b2985,2018-06-22
cc2a815c27056f7c5770b6a14d422863,330c38b2460346c6dc474f3819707500,delivered,2018-07-02 20:39:32,2018-07-05 16:19:07,2018-07-12 11:14:00,2018-07-16 12:41:32,2018-07-26,4ad4d9be004941fb8e0ffd31ddbf1f3c,2018-07-02
4e6d7850a35e8bcc047c20022709484f,2d76e106e982340677c64b2adb60e471,delivered,2018-01-09 22:55:44,2018-01-10 10:32:03,2018-02-07 15:38:50,2018-02-16 18:09:52,2018-02-01,1e728b530adb1a64bd4e2a3f728e65e5,2018-01-09
75bb0242b1adbfca55d87a6bbc34cd8b,0c877fbd5c91be5e1ab82f5df3f29fcc,delivered,2018-02-26 15:18:24,2018-02-26 15:35:32,2018-02-27 23:37:53,2018-03-15 17:06:53,2018-03-28,e108d3c4637d026c11471f1a53b23eed,2018-02-26
b6480a468bd89b1732a3e73ba16a270c,111997ec0859f110522368071ef7c63b,delivered,2018-04-30 17:15:21,2018-05-01 02:36:24,2018-05-02 07:17:00,2018-05-16 12:42:08,2018-05-22,60b5c68fe249f766dc01e11e7c7fd677,2018-04-30
9e813e49b77c015771ec80e16207d7b5,df4884b24ec1115c29871b4fd641105c,delivered,2017-04-04 07:07:26,2017-04-04 07:22:19,2017-04-04 15:22:56,2017-04-08 03:33:12,2017-04-27,2a2a35883d0f04349002038689e65cbd,2017-04-04
253c8653b64a17c18b729399e14c42cb,6d91da53c1c48b756d84ef4eb54550ab,delivered,2017-06-29 11:51:38,2017-06-29 12:04:25,2017-07-03 14:51:50,2017-08-10 20:57:50,2017-08-03,c5ac119ab2aa65ff15488f1cca9a13d5,2017-06-29
e21d9f9d7baf59d4861e81e425fc00fe,06068b0a0ad0813d270fee5969eafd5b,delivered,2018-04-05 16:26:27,2018-04-05 16:35:31,2018-04-06 19:28:42,2018-04-17 19:49:44,2018-04-30,77a50587ce3df97e7633f6f336298544,2018-04-05
ba353ad7c7f218cd458bde871ae720c5,199611abfa6c811bdfb0195e478c9123,delivered,2018-06-10 07:45:21,2018-06-10 10:30:46,2018-06-11 16:02:00,2018-06-18 20:22:16,2018-07-18,b7518c890f77b0c4e787f07cd2709eac,2018-06-10
4d4f0a2b7d8c2a94623536fd009a499b,8a14a7fe76e5f1aeda093186943ebbd0,delivered,2018-03-02 16:04:27,2018-03-03 02:51:19,2018-03-05 19:09:42,2018-03-12 13:48:37,2018-03-21,09455bae1d5c8c904d67d232798fc849,2018-03-02
4a90af3e85dd563884e2afeab1091394,9d6837f9700a3441e7183bff3bc4eef0,delivered,2017-08-21 20:35:44,2017-08-21 20:50:19,2017-08-29 20:33:29,2017-08-30 16:07:13,2017-09-01,f421a2a66b69dbfe6db0c87845281a90,2017-08-21
2b745ccd6f667dcd824b9ab05352b0dc,a61708ccfef1de13fb39718cca863c0d,delivered,2017-09-02 22:37:02,2017-09-02 22:50:11,2017-09-05 21:33:10,2017-09-13 22:59:55,2017-09-26,ae20947231d4d44dde1680a7ab14d90a,2017-09-02
8501926dd0837d694fc5af339c02a6b2,d2ef89d49d17e2fc893a8ba62913d2d1,canceled,2018-08-07 22:50:37,2018-08-07 23:05:23,,,2018-08-20,cd871ea652df270e190ae786e1c69592,2018-08-07
357b4b724bbf34f1d64b1c5dfdc88120,30c96385d694acb8aa2dc0df1770120b,delivered,2018-01-24 02:22:12,2018-01-24 15:57:52,2018-01-26 21:28:37,2018-02-07 17:42:55,2018-02-22,b96d6a178adbabf269fd843b37327798,2018-01-24
b865e2a136f1f12fb4fcc46a1188d1c8,0f7d405173d082eab2ec926d5de71b38,delivered,2018-05-18 15:29:45,2018-05-18 15:55:30,2018-05-21 17:07:00,2018-06-07 19:38:37,2018-06-07,c9c853a4ed4e4ea20c3d5313cc0a00fe,2018-05-18
bf1153abdf89996908c39f09de39d79b,7c88a2d2b472f20ec432895b87f33ddd,delivered,2018-04-16 15:06:17,2018-04-17 04:11:41,2018-04-18 18:52:46,2018-04-27 20:58:43,2018-05-07,0b084dcc3beaf25f94a1cae98dc5f5b1,2018-04-16
6eb0408a126523fa821e4b54911c630f,1921bb5b1168e57bec4df798ff60f33d,delivered,2018-01-23 10:43:23,2018-01-25 02:38:30,2018-01-29 23:19:37,2018-02-07 22:23:38,2018-02-20,c53a78847d25387ea84282a2526330ab,2018-01-23
c5bff3d6b9585e55844afce2a2061259,b7e6fe20dcf335975cfc4b09e4e9f1dc,delivered,2018-05-16 17:25:17,2018-05-16 17:57:40,2018-05-17 12:38:00,2018-05-25 19:37:25,2018-06-04,26a9b95058d46f1e6a685688355a1cdb,2018-05-16
9dc73926d7aef761a7bfcfc395d735db,6027e51fabf39978c11517a9b644b457,delivered,2017-11-24 10:18:56,2017-11-24 12:52:50,2017-11-27 18:52:21,2017-12-15 23:28:35,2017-12-18,e3c7c5cd44c74c80879060791558bc5c,2017-11-24
746c571ef93dfd0c1ee0a6d4e9d983c7,4d1edb31fa8f56d259895f5d46064753,delivered,2017-07-11 13:28:41,2017-07-12 02:15:42,2017-07-14 16:25:52,2017-07-17 18:58:06,2017-07-24,33f0cbd496e2d17e19a39524031de5a7,2017-07-11
75b6f8722f53c2f4ec267dfeaaa8808a,54145958306ea638f01b8f3817d2d434,delivered,2018-03-29 17:16:22,2018-03-30 03:10:22,2018-04-04 21:32:40,2018-04-05 14:10:43,2018-04-18,814731ee4842ca7c10b5cb589ebd24fa,2018-03-29
d8dbce6a7e7afb5ee03584eea5a61779,52099923ca2008fe5dec60b1f9686326,delivered,2018-04-04 08:15:39,2018-04-04 08:30:20,2018-04-06 22:07:26,2018-04-16 21:37:52,2018-04-30,5ab80b3d1b8c3a90d340ea343f0a04ec,2018-04-04
a112ffd9157da040b7951b8bb6bb2fba,f199293a1cd17c4e0c71a13f02a34a7c,unavailable,2017-02-11 17:32:35,2017-02-15 11:33:15,,,2017-03-14,90446df9d52ddfa1dbc02298941b2fbe,2017-02-11
0d12f20556892f2a5aca4f39fb613a07,60bb8e0e1f7e340af936ec2882d8ae8d,delivered,2017-03-06 15:45:35,2017-03-07 04:15:30,2017-03-08 16:03:58,2017-03-14 15:12:40,2017-03-27,c1a56ed1e45dde68378dcbb50655ea47,2017-03-06
1f8c89e0b4033cf3a956761da1a72f5c,080b3abcb4fd60a7ebbafaa21eba5b3e,delivered,2017-11-29 10:34:08,2017-11-29 11:00:00,2017-12-06 17:33:38,2018-01-09 19:53:05,2018-01-02,16c4edcebb2afb64c6f3a896019cd7e8,2017-11-29
2d8265bb0095c7d253c85443f588d1ec,6d79c0a5b49bf9be596804730aa741aa,delivered,2018-05-13 18:26:40,2018-05-13 18:53:46,2018-05-15 17:35:00,2018-06-05 13:17:38,2018-06-06,ba80c4386fc7a19b3cc2b3ca08d4e99e,2018-05-13
4e0158c628911a5f52cfbc38242c0d08,c7858f425c53bf289b58bbca491fdfb6,delivered,2018-02-02 12:58:05,2018-02-02 13:55:32,2018-02-07 20:11:39,2018-03-06 01:04:47,2018-03-06,e19295fe39010feeca6ef77ac61275d9,2018-02-02
c20880befd228c3983ddefda4f2549db,f6f71a017148c4026116257e000e95a7,delivered,2017-05-20 19:30:11,2017-05-21 09:31:16,2017-05-22 10:06:03,2017-05-23 13:43:27,2017-06-02,6315571ea4d67f9ced8931cd633a0d91,2017-05-20
fc2e6761bfacdd06ef4b5e8c8d9ae9ec,bf061308493e0c4623290c2701189955,delivered,2017-05-24 12:14:21,2017-05-24 12:30:24,2017-05-29 09:49:26,2017-06-06 16:42:52,2017-06-13,da5d8b5fce755511f0b05dade22dc35d,2017-05-24
5f358d797a49fe2f24352f73426215f6,e44e2e5c3ad690e075b368557195abb7,delivered,2017-08-10 14:01:14,2017-08-10 14:23:36,2017-08-10 20:05:38,2017-08-11 17:45:52,2017-08-23,15bee0115455cd1b290ab53a541bd858,2017-08-10
00f9b6769c6648ac08bf43081d1f2b07,66f800bfc254bf9cec8041dd1896fcb7,delivered,2018-05-12 09:34:32,2018-05-12 09:54:26,2018-05-15 14:53:00,2018-05-25 16:54:36,2018-06-19,77d8e34ae93d396ecba7a3b230180620,2018-05-12
b31a540b397cb096c3c5252eab692c9a,bc041b8a3da19925bf859950c7c438a0,unavailable,2017-11-24 12:56:49,2017-11-24 15:13:14,,,2017-12-27,763cd1cf30c543008f5ea9b4418f7157,2017-11-24
dcafc8a38571b2f390004e0d85867df8,7233254ad0fc9fd33b98c5ae2c3f1e39,delivered,2018-08-15 14:45:24,2018-08-15 15:05:28,2018-08-17 12:22:00,2018-08-18 17:48:36,2018-08-20,ab2439e59a1c21e89526de98266a7216,2018-08-15
94c785b60f1db2cc7416df3f2326704c,2cdead18d006d4e2fcc3166e71f3f8d6,delivered,2018-05-20 15:56:52,2018-05-20 16:19:21,2018-05-21 14:20:00,2018-06-04 15:37:35,2018-07-17,fe4694b53dbfb6749ce5b8e16e59e96b,2018-05-20
0d73da8896404cedc9b3a6e25e6d94b6,fca768505d33bd3a5565d51851b3d5ad,delivered,2018-08-09 18:02:26,2018-08-09 18:10:20,2018-08-17 13:20:00,2018-08-20 21:23:48,2018-08-23,6b18bd1ac98f8f5265594f0cfcbcb30f,2018-08-09
d0521cc69329a4336d7cd8919963d105,c5846f35fc6d2984edc5c4d52a8faa43,delivered,2017-06-27 11:18:29,2017-06-27 12:24:06,2017-06-28 08:53:48,2017-07-04 15:27:37,2017-07-24,b1c81e399b75b49837eaf83c9075663a,2017-06-27
c4656b642015582ea0e3cc4e6271d795,06ea718b69bcb8f124ac69512c21c231,delivered,2017-12-13 22:38:21,2017-12-13 23:20:21,2017-12-15 20:34:17,2017-12-26 18:22:27,2018-01-08,a6e17e76c0bb659bc2fd0e002e46407d,2017-12-13
79428b028497103cbec29a129491bc63,cbbe4babc36298f2fee55640abc4762a,delivered,2017-12-29 14:19:21,2017-12-29 14:28:20,2018-01-04 20:22:17,2018-01-08 18:29:33,2018-01-30,7184ae42a4b97899492b1e0bdd2a709b,2017-12-29
abd7d619de0d42df3a64707190c05bb6,1f72dd32d17ef87a76bb334c45094010,delivered,2018-07-07 09:21:43,2018-07-07 14:05:47,2018-07-27 11:03:00,2018-08-03 16:46:39,2018-08-13,6a3dabac1e1385555cd423ea8fef12c9,2018-07-07
3a650c50958d54a9beebc3db169500cd,7429462259e9d39e60127253ab7bdbe7,delivered,2018-02-13 23:19:30,2018-02-13 23:30:32,2018-02-15 21:30:14,2018-02-23 01:59:56,2018-03-01,5bb8cdfb477b265ee4a460fcdfa5d0e4,2018-02-13
81964f82f03b74bb44ad9b9dd2908a77,8923748881382b63461d599d6b0d1b65,delivered,2018-03-01 21:18:52,2018-03-03 02:51:17,2018-03-05 19:56:34,2018-03-22 20:48:38,2018-03-22,ff8fd64c1a5f9bebebc9bf3985dac068,2018-03-01
5595480d373b37e5738fc085dd9bcb8e,1886971071676d7bea37a3a458a07388,delivered,2017-10-08 17:23:59,2017-10-10 03:35:27,2017-10-10 16:56:09,2017-10-24 13:37:55,2017-11-14,299703acff86a2f4d54a2d11b1e1ec64,2017-10-08
4d21276afd29a3f70e49766a9848d19c,83e4d344f3b14f96050798d2efb6032d,delivered,2017-02-08 13:14:41,2017-02-08 13:30:16,2017-02-09 13:03:00,2017-02-17 14:56:25,2017-03-15,6dc90d194697c0674a2f3df5240acde2,2017-02-08
993fcce2140b7440c34a447faedea0d6,8451ec0d95319062cc9c6911b2f8924a,delivered,2018-02-04 17:11:22,2018-02-06 09:10:24,2018-02-06 19:22:01,2018-02-19 12:57:36,2018-03-07,9385443ea1114328ab7c122925b6eb94,2018-02-04
7ddace81184c314bfaf0e0632b130f8f,8f340281ff5d3d7ed4d8e4867a44b281,delivered,2018-03-14 08:14:28,2018-03-14 08:30:23,2018-03-15 20:12:17,2018-03-18 11:33:41,2018-04-19,4c1002d06be114f6ed2c5c4e5550dae6,2018-03-14
4e3d811dd3b8ca1f39b4ce47ee24b368,dcf56a1334b83afcfbc1cfeb008f38a9,delivered,2017-02-10 15:46:04,2017-02-10 15:55:16,2017-02-15 13:47:48,2017-02-21 15:04:36,2017-03-16,7f686e118b3f870f0f28d152f3dfacc6,2017-02-10
b554cbcda7eaaecf46c018800f755e2b,5e330dbfc7c1e0898dca9cd21164a3a3,delivered,2018-03-22 15:17:36,2018-03-22 16:07:44,2018-03-26 21:38:37,2018-04-16 22:14:38,2018-04-25,4e9f32f4b00e1cb9ea68c413d0171693,2018-03-22
34f4394bcaeb05083b670513b73961c6,fb43eef14fb744a98fe655d3ee9547c9,delivered,2017-09-23 21:12:41,2017-09-26 04:07:17,2017-10-03 15:06:03,2017-10-26 14:13:53,2017-10-27,f9dd8f66ea0fb0f825c156b9480b1e6c,2017-09-23
aec71ccc28288ed6d9a47be44c78fa3e,d0f10317745697968033a092c2f781e5,delivered,2018-02-25 20:24:02,2018-02-25 20:35:21,2018-02-26 19:06:45,2018-03-05 20:31:57,2018-03-20,7d457f179082d5d2ffe1f614f14c57e2,2018-02-25
70de7b6034bc0e9a1f6074627ffab810,ebda0889c8fe0ca190b75b5c9e220ded,delivered,2017-07-12 23:22:20,2017-07-12 23:35:19,2017-07-14 18:32:48,2017-07-31 23:17:34,2017-08-07,4b61b0b49772b0202008aee438ceaa91,2017-07-12
3e69be4b31a6af336a20caa4a1379784,7933955d10fece6b79cead63eee8b4af,delivered,2018-04-05 10:30:26,2018-04-05 10:48:26,2018-04-05 23:48:36,2018-04-09 21:38:48,2018-04-27,9efc117e20958191b794d5882418bcf3,2018-04-05
7352da47c1164cdee2f4d71e736f7253,cd59a6b30d35d92fea65e414b87adce3,delivered,2018-08-20 23:41:45,2018-08-20 23:55:18,2018-08-22 18:20:00,2018-08-28 17:41:39,2018-09-05,e4fe3a04efe1568d27be366187752445,2018-08-20
c4fe474b612c47a9371f3404c98aa380,164706183c9e343f182458255c5cd8db,canceled,2017-10-23 16:31:25,2017-10-23 16:46:27,,,2017-11-10,a5ba3c13c34db802095c9cd9baea1194,2017-10-23
902316ef1cc830ad9d566236f720309f,c8b30c6f26516dd48eb62cf898d9c408,delivered,2018-07-30 15:16:34,2018-07-31 07:30:48,2018-07-31 15:07:00,2018-08-21 21:52:51,2018-08-16,12971d885db232c3dac27283f70f7bf0,2018-07-30
8b4bf0534cfd5d9ebd380e8ac3df9c24,281aacbce74cdd7b66d6aad538e47117,delivered,2018-07-02 16:44:40,2018-07-02 17:11:01,2018-07-03 14:05:00,2018-07-04 15:29:40,2018-07-20,5b131a24689b26c3e931c218a83c7568,2018-07-02
d4a78a98efe45057f41725b8cd358a18,18569422613fd9edb1daaca53fa72a9c,delivered,2018-03-22 13:07:55,2018-03-22 13:15:41,2018-03-29 01:28:43,2018-04-23 18:51:36,2018-04-13,28744918898372cb22a48f8d37b80cd2,2018-03-22
597d72bb14f93e6108e69dbb691bf697,1648005d427f5337da3b894075ebf31a,delivered,2017-06-04 20:01:12,2017-06-04 20:15:17,2017-06-06 14:56:49,2017-06-19 17:55:44,2017-06-30,a28b6f73c5f9f719077c54f99530a717,2017-06-04
829f21ada22c20b2a15c75f8b63a0533,f04d1503094bbd1db2565841d59a2945,delivered,2018-06-28 00:14:48,2018-06-28 01:11:19,2018-06-28 13:07:00,2018-06-29 16:08:40,2018-07-12,2080580f5f3893b30be049dc42c4bee3,2018-06-28
c2dd92ed017508292d833279ee263923,3a3c8993b86f00e79c02502468c87dc1,delivered,2017-10-05 22:14:55,2017-10-05 22:28:15,2017-10-09 14:27:17,2017-10-16 20:23:44,2017-11-01,9b90d46ad15f7c256ba481f634348888,2017-10-05
a71b5dae60672865090c8de14181bb77,e3e9466e27205a68acdd5492c1ddbb00,delivered,2017-10-10 10:47:08,2017-10-10 11:06:17,2017-10-10 20:49:59,2017-10-17 18:15:36,2017-10-31,4afbbd4b44b7627fb0334ad0f12ec837,2017-10-10
24ca685e5655ee79182c18a5f5b1510d,7b93c59b41a915ac1fe5338498c53244,delivered,2018-02-27 00:00:02,2018-02-27 00:15:28,2018-02-28 23:04:14,2018-05-07 11:55:41,2018-03-19,765d20ab894836065364d07fb14d295c,2018-02-27
24c2e52b9738bce69d1af469a641d97c,f59a85d94faaf71850412c4229df60a3,delivered,2018-04-16 14:08:44,2018-04-16 14:50:56,2018-04-18 02:03:25,2018-04-30 20:58:27,2018-05-15,7f92b73ffc6ab5eed06601f4e909c169,2018-04-16
ca4bfcce82dcdde151327ee3be81ebe2,43d0b98cf4059ba669dbd8c7ab54a71e,delivered,2017-10-18 17:20:25,2017-10-18 21:56:43,2017-10-26 20:33:20,2017-11-09 17:15:41,2017-11-13,553afaf5b18e76bd3f6865179f0700da,2017-10-18
9a2aea98195abe63f00cac10a20fa8b7,77de1baef8e554d3b1b1af0b8a3f7bf9,delivered,2018-04-11 23:22:52,2018-04-13 13:29:43,2018-04-16 20:14:41,2018-05-03 19:14:45,2018-05-09,78a552cc9a5bda38b0737e4ddeade330,2018-04-11
78b1c0f489ac4c36072ce8ebdedbfa3d,912fa8ffe46932ef6b6c01d377c10d1c,delivered,2018-07-06 21:23:01,2018-07-06 21:35:10,2018-07-10 08:18:00,2018-07-11 15:28:27,2018-07-23,e2b06cd63577ff7ed675f509f001c4f3,2018-07-06
28c667d6f66b0f0078e9a521d850816d,143916271961a81bab22655683b15de0,delivered,2017-05-30 17:34:31,2017-05-30 17:45:16,2017-06-02 18:23:25,2017-06-16 14:57:30,2017-07-04,91853d29543fb08fe5cc62df8a1bf5d7,2017-05-30
97abddc4ddff2f3df5eeae15b23f8959,3d42c8bfae4c6c3e3e4736eb7a6895d5,delivered,2018-07-26 09:25:14,2018-07-27 09:25:11,2018-07-27 11:32:00,2018-08-04 00:11:28,2018-08-14,5db5541524a598438800671d00da9ee0,2018-07-26
f0ba86f5acc7cc95af8064b92d726461,4979b4f538057cd192e45a839211bc49,delivered,2017-08-27 23:25:19,2017-08-27 23:35:10,2017-08-28 20:36:54,2017-08-30 21:38:06,2017-09-19,ae0bc8fac639b0816a355d1250c8ef9c,2017-08-27
7200817edfaf24464cd06cc29bc40827,04e162861bf15f48b99ebcb1fbeedeef,delivered,2017-05-09 09:49:49,2017-05-10 02:50:34,2017-05-12 12:37:33,2017-05-17 14:44:54,2017-06-01,10c6bf65561674a31e4e1bd79cb8c1e0,2017-05-09
d170a3b7fbbfd946955f5e91181fd532,d021bac7c4e6b8f4532118824e7cbe58,delivered,2017-06-11 21:32:16,2017-06-13 04:10:28,2017-06-16 20:11:51,2017-06-28 16:47:27,2017-07-19,a6201b200e815ca8afb497e71887620f,2017-06-11
ae8fa27148ecbda49deeaf25014dd775,0bf5096392485d6f11ba8db5224e73a7,shipped,2017-04-01 18:26:29,2017-04-01 18:42:37,2017-04-10 09:34:30,,2017-05-05,077cf183fbf968bb170f313cf8bfec68,2017-04-01
f192cff10ef337b0ec9028f2cb9bf874,1c3f1e66dc3859cce89cb9c12e3c1122,delivered,2017-07-21 21:34:14,2017-07-22 16:35:08,2017-07-26 19:03:45,2017-08-11 17:47:55,2017-08-29,64ecbb3e69cb3f680b9b6eac89f44b34,2017-07-21
25cb912c6742e486c6988aaf2c8f221b,ee3462376b2201e5a972bcf476c08479,delivered,2018-02-18 07:40:25,2018-02-18 08:40:25,2018-02-21 21:38:57,2018-03-23 17:16:56,2018-03-26,15bc82a97a76c0bc8adb4ba30cc885fd,2018-02-18
66953b497ee497a9823fab9b0addc8b6,71cbadc35e357dd0850062033ca1972b,delivered,2018-01-20 15:09:29,2018-01-20 15:22:11,2018-01-24 18:45:12,2018-02-02 23:08:31,2018-02-16,dc9ae873840652129890c618df24678e,2018-01-20
52cfb42088bb202a56a77b48a3051baa,0031c1062edf836ef7a7a7ea758b137b,delivered,2017-03-01 20:00:23,2017-03-02 20:05:14,2017-03-09 09:24:05,2017-03-13 12:08:59,2017-03-20,c087e490266509059177cb1ec7d802ba,2017-03-01
a8cf68ff08fc00910fdb589e444e23b4,ca76dd7efffe773e1e1a0c0c36d16e33,delivered,2017-04-03 13:57:14,2017-04-04 13:50:21,2017-04-05 13:53:09,2017-04-19 15:53:12,2017-05-04,0981a271500799427cdf345e9121e20b,2017-04-03
cdb17e415cae13fddbaee8ab5e55e9e2,5444e5d0250fbbda0955d66d99aeea3d,delivered,2018-03-22 17:21:28,2018-03-24 12:08:07,2018-04-03 22:02:43,2018-04-09 22:14:21,2018-04-11,959d38196f996be3c582250e33f52611,2018-03-22
31ac77590bcdea7aa29b868757084904,a56ca9095e2e7e3dc2d068c86fa81d68,delivered,2018-02-08 09:31:51,2018-02-09 02:49:54,2018-02-09 23:43:00,2018-02-14 15:13:49,2018-02-26,03d01a4b09e221a1bb37343eb990dbda,2018-02-08
e776adc60e8c76f0cd807332525d8cd1,6f998e4791812987e4aab0d0a8057ff3,delivered,2018-05-26 14:54:20,2018-05-26 15:11:15,2018-05-28 11:13:00,2018-06-15 16:41:33,2018-07-23,abb9723eb9abc628514b570baf005c8e,2018-05-26
c8567e9b03f16c9c4efdc8f8bf423204,16c3961e8f86f2a98b060214aec7aeb5,delivered,2018-06-14 19:51:13,2018-06-15 20:03:19,2018-06-18 10:33:00,2018-06-28 12:49:44,2018-07-17,c926874a1718e1659db15d81e492b651,2018-06-14
b7bc01cb1fcbc469931bb6caebf2dfa0,a22e7a255d9ae9a71a54cee860afd1d5,delivered,2018-01-22 06:56:40,2018-01-22 14:11:57,2018-01-23 13:38:57,2018-02-05 13:27:11,2018-03-02,6ba3b61a7ce14a15e749e13216b3a343,2018-01-22
f5c779fe97ca0728706f50c0de89a2d6,e93aea8cca84e40324d6bfde3c874fa4,delivered,2018-04-27 16:09:58,2018-04-28 11:33:30,2018-05-02 16:26:00,2018-05-03 23:05:36,2018-05-15,eedf0e2e41ac423fb7c71256f96f60ef,2018-04-27
949090648eb1ba086b3bb1abb642966c,605aff3b7d8433c447ad5ea47f2327df,delivered,2018-04-16 19:27:03,2018-04-16 19:51:43,2018-04-17 21:16:52,2018-04-18 12:58:44,2018-05-03,024c9fd1cf1c2c614f24a18e5dd1784d,2018-04-16
a0141c1141d9406b48466fe4d1492bf4,70f4e83e21c469871d23f680673f2195,unavailable,2017-11-13 18:50:21,2017-11-14 10:35:44,,,2017-12-13,d08705f36082bb64ae0acc92fe8bee3c,2017-11-13
a805ad38c6962dfe3c42effceddb6a3f,cd2dc0f489712c5ce91916ecee6189e4,delivered,2017-09-19 11:06:49,2017-09-20 02:10:37,2017-09-20 18:37:06,2017-09-26 23:18:38,2017-10-05,f84c1a991a8b4fc70be8f0e086330fdf,2017-09-19
288fa21578528e37e861275a550873d1,293bc48e79189edb4053a97c7d978685,delivered,2018-03-20 21:51:24,2018-03-20 22:08:59,2018-03-21 19:16:49,2018-04-18 17:54:41,2018-04-10,21b02ebbf74296019c76167a838e27a7,2018-03-20
6d669b4dec428bc8362a8b39ed61aaae,3f3b4d8785d4f1fd6decff84c40b0436,delivered,2018-05-26 19:08:23,2018-05-26 19:38:18,2018-06-04 07:12:00,2018-06-05 22:04:40,2018-06-21,4a8a8d16bc5a98b219793842aed843e4,2018-05-26
2cfbf3ae48a6f2a46384be9fbdf8c9ff,1f4bf2b0e5239249ee974e00f8734056,delivered,2018-03-08 10:21:18,2018-03-09 02:31:30,2018-03-13 15:37:45,2018-03-19 16:14:45,2018-03-26,ea79b52f4a19382a02715937bd84e6ae,2018-03-08
ee05ea68d27584f43ac19ad104738fea,b81eeae7fc5d4576c4cb71c94930ded1,delivered,2018-08-03 16:09:36,2018-08-03 16:43:51,2018-08-06 11:07:00,2018-08-08 18:22:05,2018-08-15,d900194994af67d324b49dbf7f3e560b,2018-08-03
9fc913ded51851d30a7ee9413e77d3c9,36bb86967d3a46938a1082eb16fe38d3,delivered,2018-08-08 16:23:28,2018-08-08 16:35:16,2018-08-09 14:52:00,2018-08-14 00:14:34,2018-08-20,6f86c771e8dd0d90537c6aee67d4e2b9,2018-08-08
5a339130640419f9e00ab4b6ff61dc22,9bbcc57d44cde58fff7d4871e3c513d1,delivered,2018-04-27 15:59:23,2018-04-27 16:15:25,2018-04-27 14:35:00,2018-05-02 15:32:39,2018-05-16,63a550721c8e5d6d69bee726f43ade8a,2018-04-27
6ae8d599fd407bfba5bce00a72c32544,43e4c6f57db5fdfeaf385fef9ccc2d46,delivered,2017-07-22 12:59:47,2017-07-22 13:10:18,2017-07-26 04:46:50,2017-08-25 18:00:08,2017-08-30,c2f625c552daba83f3a900dc25d6c700,2017-07-22
ea0b8cf02caec741abbebc5ea0ab1558,909693b37744cd1c460c003868a288e9,delivered,2018-04-05 18:24:45,2018-04-05 18:35:17,2018-04-07 00:33:19,2018-04-19 23:34:44,2018-05-08,61c8836a2fd6506f1965368a0152fab3,2018-04-05
f6c8df45442a1a3f86164cd6ec23afa3,943d405ed7c850846c11db9ca8aa2de1,delivered,2017-11-17 13:15:59,2017-11-18 13:26:40,2017-11-22 22:56:45,2017-11-25 16:53:37,2017-11-30,d15b81f887354001575cf88ebf4d5445,2017-11-17
b91dd40b68675f4dc29339562895ca26,65d0d3b9b3fa9f109802465c10bdff6a,unavailable,2018-02-24 16:22:06,2018-02-24 16:35:26,,,2018-03-16,83f53ee273d3d5b3784d75964d0ba861,2018-02-24
d49363a0cc2a1915a5a11f85ea08ea48,d60841504f6631c17720d8e2943a3c29,unavailable,2018-02-07 15:40:42,2018-02-08 07:10:23,,,2018-03-05,1a7a10a2b250ade50a90d9e442343a72,2018-02-07
f296c72e2c4814abead0f6f15ab21178,b58982871fb641c88989b1f5f46d766c,delivered,2018-03-28 14:47:39,2018-03-28 15:08:47,2018-03-29 23:08:48,2018-04-02 22:53:36,2018-04-10,ff7e7d4a4669fc03606a21eedad169e3,2018-03-28
fb85c019b52b1481af6b89a96b84be4f,5de1dec4d4b43067084f74e791749ea2,delivered,2017-11-24 01:18:06,2017-11-24 01:33:20,2017-11-28 21:57:58,2017-11-30 22:15:14,2017-12-29,e775c778b71318378072fdfa7630195e,2017-11-24
d3311a4548f26aafe1df36169dfff736,0884f1342f98a8fd3a99ccc43a91e6a4,delivered,2018-05-11 20:57:16,2018-05-11 21:11:01,2018-05-14 14:04:00,2018-05-21 19:58:43,2018-06-05,993bb4991e021b41449966e0991ca2a0,2018-05-11
07b4d304ff7e33edf1f9e8a63768204b,08e79e92fd93a5f49ce66fd838a164e7,delivered,2017-12-05 13:28:58,2017-12-05 13:53:35,2017-12-06 21:35:42,2017-12-30 16:53:34,2018-01-02,2f86f2379f0f4062eabf4bd110e1efb2,2017-12-05
2a060d7152de8878a009a5f12b4f897f,12c8deb5814ff0ace27b26eb91dbea59,delivered,2017-06-22 19:01:44,2017-06-22 19:10:19,2017-06-23 10:16:58,2017-07-20 23:17:28,2017-08-02,0d3a93b7b703731592989f12079e9f04,2017-06-22
7cbc4b1a42129d7c6f9b4f14371ac4c3,01cf93cabf578892dc3217e6601b0cef,delivered,2018-05-13 20:33:54,2018-05-13 20:53:20,2018-05-14 19:03:00,2018-05-15 21:07:01,2018-05-22,36131d4506c2e4393ce19a946cd68239,2018-05-13
4742de2698468a6388200583f9ae46fd,32785fc2133c37270c1ea1cdbfe857d8,delivered,2018-03-07 21:00:32,2018-03-07 21:10:36,2018-03-21 23:27:26,2018-03-23 02:08:42,2018-03-29,a788986f65ec0db6dc148990eaaee57d,2018-03-07
c1773baeca3e466698f90611606eadeb,2bbaf8a8031400dad00fea8f6f505096,delivered,2018-07-15 16:17:19,2018-07-15 16:35:16,2018-07-16 13:14:00,2018-08-13 12:26:25,2018-07-24,0382241cb66f0a230c344fb11acefef7,2018-07-15
83ff9791592c2639213863eb5f08b1bb,c9b05d012dcca478d0ff2ec7ff2f3693,delivered,2017-12-04 11:33:28,2017-12-04 16:32:53,2017-12-05 22:22:44,2017-12-20 18:32:42,2018-01-02,e5eb9dba54bf897ae9ed7f99ae6dc6a0,2017-12-04
b3670dbd7176f89ca438f00d60d705a6,87fe261486a89deb4720353f02f82a23,delivered,2018-06-03 20:36:42,2018-06-03 20:49:52,2018-06-04 13:42:00,2018-06-13 20:46:28,2018-07-17,590d8743793b1122153681ca7eb4ebf2,2018-06-03
cabfe1219e952ead9a914adde40efc42,000f17e290c26b28549908a04cfe36c1,delivered,2017-11-10 16:37:05,2017-11-11 02:46:34,2017-11-14 16:39:07,2017-11-30 18:02:33,2017-12-08,74541fbb7526dabecd0fc96b1192b9a7,2017-11-10
e006227af733ca3bcba32f5577afd6d6,4ea3819fb9f6083d7d145331fd9a0960,delivered,2018-01-04 13:39:48,2018-01-04 13:52:19,2018-01-04 22:18:38,2018-01-05 17:06:03,2018-01-23,89664b6443669f68dbf8f76608cc1f0c,2018-01-04
00f9b0236a85fb8a06fbd9b9c53fddd8,dd6ff79fddc7e5fadda7b83b2bf4383b,delivered,2018-04-22 15:59:19,2018-04-24 19:25:47,2018-04-27 13:33:00,2018-05-04 00:47:31,2018-05-14,1bd9ea0e69c784dfd93facf065b406d0,2018-04-22
fd08c88095ca23b6188a30f0abc679e3,002937abdae13680e17dccd3868b4825,delivered,2017-11-24 20:26:39,2017-11-24 23:31:53,2017-12-06 16:52:43,2017-12-19 17:55:24,2017-12-27,b6a3c8559ca50f11853e81dcc7674f2f,2017-11-24
5898109e955bbfdb67655f3aa64ecd72,28e38ef5bed60776f44498addfcd8b9a,delivered,2017-07-16 19:00:39,2017-07-16 19:15:07,2017-07-18 14:38:39,2017-07-21 17:09:58,2017-08-08,69977fd9753c73f986ee7ef391bc96d9,2017-07-16
a6d4e95420d65bd5f299dc95d3493e0d,dd0ffd71cbeb719f6bcd05874f344ba3,unavailable,2018-07-23 06:11:11,2018-07-28 23:31:01,,,2018-08-14,083b13e0a35dd186fb89c345d9beacac,2018-07-23
25b5b0ea53b7d5a2d5712a0d9d0b3649,dd171c5cd21429f0a17605d2428d2bf0,delivered,2017-08-31 00:47:54,2017-08-31 01:06:16,2017-09-05 21:10:32,2017-09-06 19:17:03,2017-09-13,834d3682f9b03dbd791a7c8e816ab348,2017-08-31
8f976c78a870fd3900d7d417e8f28875,7d0e81fd7839f55d9bdae0fb295128c2,delivered,2017-05-11 17:36:31,2017-05-11 17:45:21,2017-05-15 05:55:50,2017-05-26 19:08:04,2017-06-08,6857e5a453e905401a5d638a01d2c22f,2017-05-11
f223b4044203732d8bf1a4456fb173f3,45b45509820c3acf7baa221a8bdf9b0a,delivered,2018-02-09 18:24:42,2018-02-15 03:50:57,2018-02-15 18:45:08,2018-02-18 13:56:24,2018-02-23,74760d5ec5f755afee42472403888a6a,2018-02-09
c41ae768eca38cee8484b87c1d36825d,fbe13bf8fcd0adc756bfec5e66a492f5,delivered,2018-03-01 12:53:07,2018-03-01 13:09:51,2018-03-01 23:13:05,2018-03-16 12:29:41,2018-03-27,edb53645188ed5f0632456398f018f9b,2018-03-01
535981e0e0cb431bfd3a85a4279f03d9,0d04d26561b023e838cb99c83a55bfbf,delivered,2017-10-13 12:37:17,2017-10-13 12:49:24,2017-10-16 18:38:57,2017-11-01 14:24:54,2017-10-31,436a7fff6e4b7147399c1441a10496de,2017-10-13
66768c430bdcf5b52888fdcbd5877992,3c7422e80d20eab8385990dee09c05ff,delivered,2017-09-11 20:02:07,2017-09-11 20:15:25,2017-09-12 17:29:52,2017-09-19 19:10:21,2017-10-06,2c2637fd5ac9af0765d7ea78d46062ae,2017-09-11
a91402873e20638661e1df60e8eb63dd,84fb94e88cc2e3e090d76e95dd6236d5,delivered,2017-12-06 20:23:57,2017-12-06 20:33:18,2017-12-07 19:54:54,2017-12-15 19:51:31,2018-01-04,7099836ff94764855caab95af3b9e92c,2017-12-06
c09f685555931b025464e237b3ce06e4,515d4304a0705a9554732348709f76e5,delivered,2017-08-29 19:59:51,2017-08-30 02:16:03,2017-09-04 21:39:58,2017-09-08 16:42:31,2017-09-15,765c769773759b7ec5d53fdb85833c72,2017-08-29
c7f56d5704a91333798e6a26628d3666,c5bbc7ae71e91d2ff32afc76fa7f47ba,delivered,2018-06-07 11:59:28,2018-06-07 12:19:15,2018-06-08 14:41:00,2018-06-14 23:38:28,2018-07-04,4fc9b591c657cba2fbf48aaeda93c139,2018-06-07
05d46826bd0fb605d6b00e30e9141882,c5a9ffc867b51a706a06ac6e1e3fa61a,delivered,2018-08-27 19:21:58,2018-08-27 19:35:20,2018-08-28 19:02:00,2018-08-29 17:28:25,2018-09-11,a75583a63d1dc5591fee025b0a670c9b,2018-08-27
f20439467653674ebac675290f67e15a,bbb6209ec81e15add72706f298fe88e2,delivered,2018-01-07 18:03:44,2018-01-07 18:31:45,2018-01-08 23:14:42,2018-01-19 00:53:03,2018-02-06,cf9261e46505738c6353cd1713c23339,2018-01-07
78585e48819bf50518947925be68ab86,d74168bdcb1008d857118300a78f0654,delivered,2018-02-13 11:34:00,2018-02-13 12:35:26,2018-02-14 23:58:31,2018-02-24 14:04:34,2018-03-07,dac384a05ea82b92f2cf956916353fe5,2018-02-13
f0ad79b0aabc7f8793cee5df723fcda9,02a0454551d656a33ab2526c52216dc5,delivered,2018-06-13 09:27:05,2018-06-13 09:39:54,2018-06-18 15:07:00,2018-06-19 18:17:20,2018-06-28,99d4af8bf7acfee2e4ab6b8c48d652b1,2018-06-13
33fc7baa13a1f53c49812053516172e7,e83678b18eeb52b82fcff5e21d12cf6d,delivered,2018-05-28 07:44:57,2018-05-28 07:55:14,2018-05-29 13:44:00,2018-06-14 11:18:30,2018-07-03,3d0059d7266092b4fca88bc520607c93,2018-05-28
1cb61aaa63135f552055cf1932adf3be,09f166677f364961abf0cfe78df50b03,delivered,2018-04-25 21:06:51,2018-04-25 21:30:10,2018-04-26 13:22:00,2018-05-05 16:22:35,2018-05-30,f84e31805a5c477596610d415106bf2a,2018-04-25
aa491ed0d127f4172778f54793494dd2,b142f0bdd01dd366908cacf29c3d9439,delivered,2017-11-11 14:09:37,2017-11-14 03:47:08,2017-11-14 23:03:20,2017-11-30 14:49:06,2017-12-08,27f0f1a17649f6017aae0f09c059b246,2017-11-11
6d24d19f8842be0e8e1064fb0709528b,47e4b706141097a964ec6d55def70acc,delivered,2018-04-03 20:17:52,2018-04-04 03:30:26,2018-04-04 18:38:40,2018-04-13 20:28:34,2018-04-26,284a7ec3e2066fdebb02038c620114d0,2018-04-03
baacbbe167481d63498184a70336a4b0,c1742b6142e68f9d4dd02051adb0954d,delivered,2017-04-23 19:42:44,2017-04-23 19:55:09,2017-04-24 10:34:15,2017-05-03 15:37:57,2017-05-15,b240e9c78ced2be911801461388bb6fa,2017-04-23
f20ad794a21ea34c982e74ec18f7aaec,c588e9a4ff0b056a13d5cf0300b1a129,delivered,2018-02-11 00:58:51,2018-02-11 02:09:08,2018-02-15 01:09:10,2018-02-26 20:41:46,2018-03-08,6a7e7be8e652da4e4777866459f9b007,2018-02-11
d642fb15b0654daba438822439c28c01,dbff974cc2289c3426fc6e2dcd161644,delivered,2018-03-18 17:12:55,2018-03-18 17:28:30,2018-03-22 22:32:43,2018-04-04 16:47:34,2018-04-20,e6f18fab493c0bdc553eafd9b66cb5f2,2018-03-18
a0e5d064377d8e6cd6a615400b70bc55,b1c94070d7052b2ef540d89872f41bee,delivered,2018-07-25 15:40:35,2018-07-25 16:45:18,2018-08-07 15:39:00,2018-08-15 15:22:29,2018-08-22,3fb3e3b56833cd350b0a57f14c89418e,2018-07-25
c1c46208ebd1440f4da5b7197c544d6c,5ed20df302ec69a4b9e25c4fa2d2d54e,delivered,2018-08-20 20:59:39,2018-08-20 21:10:13,2018-08-21 15:54:00,2018-08-27 21:46:38,2018-09-10,60fb7acefe26eb4ea30d3768f75dc13a,2018-08-20
8c5318153ba4cd0a91405a8733338fa4,5d3a65100724f6a8fc2e56c0af3e1507,delivered,2018-06-24 18:54:43,2018-06-24 19:20:08,2018-06-25 15:21:00,2018-07-03 06:36:49,2018-07-18,ea9233cc1a937e8b9894578cdb8fae7c,2018-06-24
aa2fcb1050e5d80ce4c759f8a7491e42,c8b9a3add5a69befef18e03e0658f3ef,delivered,2018-03-06 10:45:08,2018-03-08 02:16:10,2018-03-08 20:57:28,2018-03-15 21:42:09,2018-03-29,0b90b5c7eb48e0179dd825692df1c47d,2018-03-06
6836068790e98af482ed0d16fa65d535,bb539015ae0ed4d191977a6ff3a2005a,delivered,2017-08-08 20:21:27,2017-08-08 20:30:17,2017-08-11 18:18:00,2017-08-28 18:57:28,2017-08-30,504621c5495e49b7ce715b3e03e13670,2017-08-08
558731462aceb9588378c7c19194d2db,4d916e585f3bb295dbc15dafaeaae8ed,delivered,2018-05-10 14:00:11,2018-05-10 14:16:26,2018-05-17 13:29:00,2018-05-18 16:59:56,2018-06-07,9433a8f8dc53df230460bbde1f7cc734,2018-05-10
413acaaa6c5aa063a17bda2ee7e3690a,9069aca045d8311ac73c0dcf2f781a7e,shipped,2018-07-01 19:07:23,2018-07-01 19:15:10,2018-07-04 14:30:00,,2018-07-25,20f1f03412a1efece54eb9ca4587bf98,2018-07-01
25c6f0ec957719646d6018427efc5504,b55d63dd330f6bdf9b925468c3bc71fa,delivered,2017-08-08 22:05:56,2017-08-08 22:23:28,2017-08-09 20:54:43,2017-08-14 19:34:06,2017-08-28,6b74a422f46a89af0ad6e4ec94cfaf5e,2017-08-08
bec49fb7d032cc8a815d4135551a98e5,b9320f6df9c6e4b539e10322ed14e7e8,delivered,2017-06-21 22:15:53,2017-06-21 22:30:16,2017-06-22 16:03:24,2017-07-06 17:13:30,2017-07-18,233c8f191c45cef30af148a82ac70020,2017-06-21
146ee0d0528dc62bebbd50fe53f2ec43,06fe2378b02bcfcf4d6fcc4b31fde6c5,delivered,2018-07-18 17:18:58,2018-07-19 02:55:15,2018-07-20 15:46:00,2018-08-03 23:26:44,2018-08-14,def10e70dc9c0062484f70ef3537b63a,2018-07-18
ed362cd4cc1db144970bc67fcf848fd6,72a7302c0353b902b4519d14e7a48721,invoiced,2017-10-22 14:31:56,2017-10-22 14:49:35,,,2017-11-13,d0d7681e5f79c22d9048fe7f50918bbc,2017-10-22
10606f62d4e20dff10d9499d5bc21a6f,3dcd5a57a320df6b31415106a56d8635,delivered,2017-05-31 19:32:28,2017-05-31 19:45:20,2017-06-01 15:26:14,2017-06-14 14:48:09,2017-07-06,7fd80b608302798a0fb7f7c59fe32b58,2017-05-31
5b05675d9f09a7f7f94f59caa0335c71,5f19fc7d67b912e120c4346cedc094f4,delivered,2018-02-02 20:45:49,2018-02-02 20:55:55,2018-02-06 22:29:09,2018-02-19 17:11:45,2018-02-21,367e41f1ad1310395bea2d36b6902846,2018-02-02
25a82fa3e495b6124f9d196f8ab78dfc,577e0a5e06d64d18eca569a1c1a0362f,delivered,2017-08-15 13:29:35,2017-08-15 13:45:16,2017-08-16 21:09:43,2017-08-25 21:22:35,2017-09-06,fbcf843010000986b1127ff2342d143a,2017-08-15
57274b4596c5c76c54168e88dbcf922f,5a0bcd880e75a7d11ab25fa7822706de,delivered,2017-10-02 10:28:42,2017-10-02 10:49:19,2017-10-03 20:10:17,2017-10-16 22:23:14,2017-10-25,a7175616bbd961493941fa1159d2033f,2017-10-02
b89851145dc1888ce963c2e7da8ce7be,1066a008ffb5653bfba6da4bb5843358,shipped,2017-11-24 23:02:40,2017-11-25 02:13:02,2017-11-27 20:46:49,,2017-12-15,52446464a08f20616988cc132fea4b8f,2017-11-24
59e5317d09cbdc3fb1a09620de067934,e63682ea45e4d2188c4678eb0d4660b5,delivered,2018-02-02 08:59:00,2018-02-03 02:53:06,2018-02-05 22:19:40,2018-02-20 23:38:52,2018-03-12,7289e5f2cad5f546f65fb5f7de7047ab,2018-02-02
2f2b6449cf42e110cd34d6d659c5075c,07529072a80888ab4c085db455ca2873,delivered,2017-11-25 21:57:42,2017-11-25 22:33:27,2017-11-27 20:28:36,2017-12-07 18:06:57,2017-12-27,5dc58c5044ba7a7c65f4772d5cdb2bcf,2017-11-25
836c4448e4e7feeabbc693eb1bc129e2,900ec2d33e1e3005305ba5e07562c5b6,delivered,2018-03-08 11:31:31,2018-03-08 11:50:37,2018-03-09 17:57:28,2018-03-21 00:51:57,2018-04-02,d09cf4f593809e4f6c726c6f8a1ace99,2018-03-08
96872d026aa122a9e93957de1e58d427,77d4d4c016beee36bf140f5789b92c8b,delivered,2018-01-18 11:33:56,2018-01-26 17:03:26,2018-02-02 18:50:34,2018-02-05 18:12:46,2018-02-02,1ed9af8c45976c98adac3f4a59ab262b,2018-01-18
e1498c730a641e84a12251fb544db234,e856cb03289de865d05213cd53b017cf,delivered,2018-08-04 15:18:02,2018-08-07 06:10:19,2018-08-07 10:26:00,2018-08-20 23:52:07,2018-08-22,b8c62f126f663ed40d38adc055632ab5,2018-08-04
38e58cdf27a57490e8945bd9f8150e45,61be4ccaf746740a0b989d65263cfa30,delivered,2017-11-28 15:34:46,2017-11-28 16:02:19,2017-12-01 17:48:38,2018-01-05 11:19:40,2017-12-27,d0187608cac8c82a53583c72649e9d61,2017-11-28
65fe9601e997715486ad2ee69ef378e2,a476a914981c6b23057d6d9112e4a53e,delivered,2018-05-03 20:12:20,2018-05-03 20:30:56,2018-05-07 14:19:00,2018-05-14 19:58:51,2018-06-05,747fcd97a5b66a93be52cbf9243d31af,2018-05-03
b451d36b7885d0b242a0e8189f3f8394,1c10417bea4e9e54e3ec63c77e88b7ed,delivered,2018-07-23 14:45:41,2018-07-23 16:04:25,2018-07-26 07:01:00,2018-08-02 17:22:54,2018-08-07,bca1149277380e7481e795f4ea94cf52,2018-07-23
3b4a1c677a8c6c11d2564b52b6eb636b,109e52a36c54ff5c530df98a75fb1db8,delivered,2017-10-03 16:44:16,2017-10-03 16:56:42,2017-10-04 13:41:30,2017-10-09 19:41:37,2017-10-30,d5f79f616536f08c3946ee6ac810a43a,2017-10-03
f55863be6758b60482c4bdfa3cd016ed,be914b8a12f44c21a6a7070f585e2e42,delivered,2017-12-07 14:24:06,2017-12-07 15:25:52,2017-12-12 21:19:07,2018-01-05 19:43:21,2018-01-31,886aeeb2ed14cfff6830116322de8e4f,2017-12-07
3e8a5d7a9c694f157149b42fcba7a059,fd7a35830279a45d98f45d653a932f31,delivered,2017-11-16 13:58:07,2017-11-17 15:26:33,2017-11-20 17:21:53,2017-11-27 19:38:13,2017-12-06,a73b094b86f5b6c1d21eabf7017b2679,2017-11-16
fec76d3c7d37a989bdd3a22911340c75,ca8fb6422920b579e8d074784240c05f,processing,2018-01-19 14:24:31,2018-01-20 15:22:02,,,2018-02-09,1eb492e4bf295a22e567c08f24399a67,2018-01-19
20648e7d48939d4edd1dec4781fc1680,b40efaffe4577bf423366754f1e3980f,shipped,2017-11-29 11:59:51,2017-12-01 11:31:33,2017-12-01 20:03:31,,2017-12-27,cbf9e57f590e40cb46b344e92b3ff6cc,2017-11-29
63d6a91d52c3051f930506eccaf995ad,397e69077924b1f68ed2b06c2240afe2,delivered,2018-08-10 17:15:28,2018-08-10 17:30:16,2018-08-14 06:59:00,2018-09-05 16:56:56,2018-08-22,1d3d94e6941c2196daffde0e58d088e7,2018-08-10
83dcf2f6e29abb1516047b414c52b004,5947dd99f7109397381925bfcb2ff545,delivered,2018-07-01 22:28:19,2018-07-01 22:49:58,2018-07-03 15:17:00,2018-07-10 17:21:58,2018-07-30,1843bcd9b170950dff28abbe0d06b38f,2018-07-01
9c0c12e4d0dc6b288f3e7755c791aa35,5e0b9890265bd8821b59a933d7eb0a58,delivered,2017-04-18 21:13:54,2017-04-18 21:25:13,2017-04-20 09:17:18,2017-05-12 12:05:16,2017-05-10,5b1ae94194ff6e974356063557746e47,2017-04-18
1e9a53e194e98b64434abc52aeedae1e,a7565b77bb0f0894d7e42dc03ea3f850,delivered,2017-02-06 08:50:31,2017-02-06 09:02:08,2017-02-08 11:05:20,2017-02-20 03:25:56,2017-03-07,c457245989f08dd0359f5cc3ff904893,2017-02-06
03611c1be392917d9b0ca62977763baf,1fb653faa25a3b5aad140fd39b886bdc,delivered,2018-02-08 19:42:07,2018-02-08 19:55:28,2018-02-09 20:39:01,2018-02-28 18:55:08,2018-03-14,77ec31993fcf90d38a101b4df9a1151c,2018-02-08
6380965ea7c07bb8933e9b8b81400705,ec00ab0303dffd44357edc479d825f63,delivered,2018-05-07 18:43:39,2018-05-09 03:11:45,2018-05-09 11:59:00,2018-05-21 18:41:18,2018-06-04,d2f79db37031301a54d560415cadac21,2018-05-07
d65c4249ab7af6bab389533d3e320eb4,0b6d8536d3e0a2b1b73fad9f2c7179d5,delivered,2018-05-24 15:40:38,2018-05-24 15:53:49,2018-05-25 14:03:00,2018-06-04 19:38:37,2018-06-19,131d6c8799911ca26a750d9241c791de,2018-05-24
ca8404db0c07ba332b8a7d83693af3a3,c9e25c0ca23edc17c193b970556e84f9,delivered,2018-02-02 14:02:12,2018-02-02 14:10:33,2018-02-02 23:33:06,2018-02-16 23:22:14,2018-03-07,a599545b263c14c7aa2b7490d454fa73,2018-02-02
41e096922c4b995c0f51f50efcdb80c0,f0031dc04ad8f531159ef6839bfa3c49,delivered,2018-03-22 15:21:56,2018-03-22 16:07:48,2018-03-23 22:03:29,2018-04-10 14:42:56,2018-04-18,2d16684b2e62241241396393dc665012,2018-03-22
5e021cdf9b42799cd60d771910e43008,10f9c2fdafc9fbee2c0207f034f6edc7,delivered,2018-03-18 18:52:18,2018-03-19 07:50:42,2018-03-20 20:02:18,2018-03-29 23:47:29,2018-04-13,4780484c22e46768f073e9612950111d,2018-03-18
6925362849d6fe4c2f5ffe3845b09b98,7301c533b5b601c446afd51555eca94a,delivered,2018-03-06 09:13:14,2018-03-07 02:15:56,2018-03-13 22:46:38,2018-04-02 18:12:21,2018-03-28,1466bc5f9bf7e0523b2b9d4426fcf909,2018-03-06
9add7e9338f3b8cac642ce405bb64655,b686241f18790f3b6ac4f4981b5757bb,delivered,2017-05-22 19:49:13,2017-05-24 10:02:25,2017-05-25 14:33:55,2017-06-09 14:13:44,2017-06-21,09d7c538023c2c4fb0553c831c12f084,2017-05-22
297cce15c34916477e3daa6b59db8a67,a6863082cb6717d6dd66a547a62613d4,delivered,2017-11-04 23:15:33,2017-11-04 23:30:20,2017-11-06 18:19:06,2017-11-10 17:07:38,2017-11-30,8fa772a05f9db0319b6537f94d1eec58,2017-11-04
4d3f7c452f20cb1998ad36be6eb74243,ca8e64f053b344bdd8de796e3e6e5346,delivered,2018-01-27 08:11:34,2018-01-27 08:38:52,2018-01-29 19:11:59,2018-02-15 00:51:36,2018-02-21,770f0c82878b6013388ae367fad940ae,2018-01-27
3153710333d5f537679eb85bc07bf953,18111f48bcdff217fe03447584f175ab,delivered,2018-06-27 13:53:32,2018-06-27 14:12:44,2018-06-28 13:37:00,2018-07-12 22:13:44,2018-07-26,67bddde1844b238fe25995cde1612b4e,2018-06-27
af86b8dd80134775dceda700fc2ce5ee,ef00c6755da4e22693da7d843ac8fd9e,delivered,2017-08-26 15:00:54,2017-08-26 15:10:13,2017-08-28 21:14:16,2017-09-12 19:31:07,2017-09-29,9d0f27ebe07860991987111d254339da,2017-08-26
3824c33989b707cc0b0f7fe2b86df7f5,d1414632a5108888830c4980c98fc52a,delivered,2018-03-23 06:50:52,2018-03-23 07:07:41,2018-03-27 11:16:40,2018-04-17 16:22:32,2018-04-24,7003da8d1dd0a6cbb730d5db8f354070,2018-03-23
9231cd28d094660487390045fec25a3b,f9a9e4658d1e1805f6f7fa0db82be533,unavailable,2017-05-31 00:23:47,2017-05-31 01:25:25,,,2017-06-29,98ef521792e9402a42f320bb08124b10,2017-05-31
108ba0b0521d3a6629dc825044217a57,9ee6de6c09270cb89824aef9d55e644c,delivered,2017-03-02 11:24:17,2017-03-02 11:35:14,2017-03-03 09:25:25,2017-03-11 05:22:51,2017-03-24,7bfa88fb180730840b4976efcf0cfa4a,2017-03-02
606c3603f9869041c9af20d3fba49a8c,72c76d2d663fa1d59c1dbce3d8c8dc79,delivered,2018-06-29 18:27:21,2018-06-29 18:50:20,2018-07-02 15:05:00,2018-07-09 17:31:43,2018-07-20,879e8ac5285ae6ff883787063fe3b189,2018-06-29
e06698baea08bc0dd2705f763e7d1c89,fe519670d2d8c9305e94315ecbaa45ab,delivered,2017-03-20 09:40:22,2017-03-20 09:40:22,2017-03-21 18:15:27,2017-03-27 14:14:23,2017-04-10,17059a76c03fb25c0a93e6bc3cfdeaf1,2017-03-20
3b070195d0d1272935abef5e1dcf0c9e,a840877f90f9417d723052e6e2341d5c,delivered,2018-06-17 12:31:55,2018-06-17 12:58:39,2018-06-19 14:07:00,2018-06-25 21:46:54,2018-07-11,82532fe90a30190fdc4622143d41dc15,2018-06-17
b884f6bb613dfe8c46e6dbc9285f3fc7,b30a923086e4f07fff8c0ca08fca2e2d,delivered,2018-05-07 15:01:20,2018-05-07 16:52:53,2018-05-08 10:07:00,2018-05-11 22:05:35,2018-05-23,8d7b8b62588b6c3b71f583b4bcce85b1,2018-05-07
52f308ce830731bfdfea4539e140073f,8a86b00cbfc4091cc8b0b1fd597b9a53,unavailable,2017-08-02 11:11:01,2017-08-03 03:04:51,,,2017-08-23,fcee584a163c5f5db84b01f93d27c038,2017-08-02
74d300a40f14d9bb630e966dad89198f,88492e86ca0506b9bbc06675a2d7c8d0,delivered,2018-07-18 11:38:09,2018-07-18 11:45:21,2018-07-19 14:21:00,2018-07-24 15:32:47,2018-08-10,0a1f83858e65e141609fca9ea70a495a,2018-07-18
a0a283cb8ba521d35c5a3fc3d9619be5,bfc64cd21fc5fcbb2e2963a596e22c2f,delivered,2018-02-12 03:09:03,2018-02-12 03:28:16,2018-02-15 05:56:04,2018-03-11 14:07:36,2018-03-09,ae8482b27b2119e2c3278f5ddf9c1024,2018-02-12
3b97d7da1a0a00c69c706b02eb64d22f,bfe71325826336cdf4629f66798887b6,delivered,2017-11-17 19:48:51,2017-11-17 21:15:52,2017-11-20 19:58:55,2017-12-02 00:33:57,2017-12-13,63c58648e1518ae116dde41ea7332ac4,2017-11-17
9251875265eae9e8fa0a4c0afd1553f7,0668dd0bd7a26747a271b568bbe6dc88,delivered,2018-01-30 03:03:40,2018-01-30 03:39:03,2018-01-30 20:31:53,2018-02-06 16:37:12,2018-02-21,e84d4d1776db2ce7ffaa54931a235982,2018-01-30
a89eed32f0011eb66dcf2beb3d0fb255,e196a100446474c3e476a17fcbe8ac02,delivered,2017-05-20 00:26:11,2017-05-20 01:25:20,2017-05-22 17:52:33,2017-05-31 13:09:49,2017-06-22,26d7fb18bd08799ee81f5f1a21068a7a,2017-05-20
658af74ee0876a72f7f31e4ca631b054,f9cfb1926f6ce39e0101e813f48b4df6,delivered,2017-05-22 11:17:25,2017-05-23 11:25:13,2017-05-24 11:05:40,2017-05-25 12:05:43,2017-06-09,8b310f234f073d2caa88081b604bbbf6,2017-05-22
e5f6bd268d4bd846621e1c3d99729d13,f0b4e79c89690197def176b5916d2125,delivered,2018-07-16 16:24:47,2018-07-17 16:22:02,2018-07-20 15:32:00,2018-07-27 18:28:42,2018-08-09,efa5f612b7c43c76824323407e0a4e5f,2018-07-16
d708a741a38d9b961daa3d2890df5e52,a79475611d8e14741da197072d5c591b,delivered,2018-02-26 19:22:52,2018-02-26 19:30:50,2018-02-28 16:28:56,2018-03-09 23:23:41,2018-03-26,91dc8b49c822679287e3c9ff321064a1,2018-02-26
9dcbd46c5a3e06200e1f5005ccfbdf6f,67ca8897c95a7817a2b16a259a701dcf,delivered,2018-04-10 00:26:59,2018-04-11 09:11:58,2018-04-24 11:03:25,2018-04-27 20:56:41,2018-05-07,6fdaf7661fda97bec9d24727f1581e5a,2018-04-10
a00e6f85d3ec7f1d81197fba0052db04,470daa9717cbfc937a46d064ca70a724,delivered,2018-06-11 12:32:23,2018-06-11 13:32:53,2018-06-14 11:19:00,2018-07-20 18:58:18,2018-07-12,bb248deeeadaa54d461c8817ae807588,2018-06-11
fd64b6e4f72f238a3462a975c6bb6644,deb6b031718f1ec933d8ce1e7d78418c,delivered,2017-09-26 21:55:23,2017-09-26 22:07:15,2017-09-27 18:29:23,2017-10-02 21:22:34,2017-10-25,9456abbf384bd4fe0b023bb0f1ddb449,2017-09-26
7634e73e9ffe0ab30e3e99dc3f5a6d1e,0c126624523e2691cdedb561b0eba625,delivered,2018-07-24 11:05:09,2018-07-25 02:44:24,2018-07-25 14:54:00,2018-07-31 17:32:24,2018-08-17,119a9e6caa2b3ac9e23e898f3b74357c,2018-07-24
319d8eb9ba6d4f64a4b7c5da23b82cf1,5618ab3c9d94075477e41a0e684e595b,delivered,2018-08-06 16:53:39,2018-08-06 17:05:24,2018-08-08 16:21:00,2018-08-15 21:18:34,2018-08-27,14dcd22959577e4d288b4f15dfa9dce7,2018-08-06
306853b36db7e021935becc988e4fef8,853dca88fd662dc5711018f1f7932a59,delivered,2017-09-03 09:33:51,2017-09-03 09:52:18,2017-09-04 17:33:21,2017-09-29 17:07:33,2017-10-03,9b661514ad84d0489ac73d9e24cbf169,2017-09-03
ad9462a4da64add20fbc051616035832,6b384dff2e1e096fe27389503931beec,delivered,2018-02-10 14:00:42,2018-02-10 14:10:37,2018-02-16 02:09:14,2018-03-06 01:26:35,2018-03-13,704647e2ee2576c3c45703af3d9d67ed,2018-02-10
3816ba21917f2a17a58a38a108985d0c,ceb94172349be61a2d4b0c19d59c8bfb,delivered,2018-07-14 19:21:22,2018-07-14 19:30:16,2018-08-02 07:17:00,2018-08-07 17:35:15,2018-08-02,1849b414279091519d71464db995604b,2018-07-14
ca629f02433156bf7577b63a9dc1615e,2a6f62824b20538999dc2687bc4c7bfe,delivered,2018-02-03 18:50:56,2018-02-04 00:15:38,2018-02-05 17:25:02,2018-02-17 00:38:50,2018-03-02,24accd58534958b25199bf036041c626,2018-02-03
175da05fc7ea63b231f7d87ae22b235b,62a508a738438048026d02115a9db8dd,delivered,2017-12-27 22:49:55,2017-12-27 23:07:56,2017-12-28 16:29:13,2018-01-10 20:10:30,2018-01-31,72eefe8e233d6cf9f73c65159b97ee3c,2017-12-27
b81e9b6871248d939a4d06833a57109b,b3e4a427d292acc883ab507d91566169,delivered,2018-03-20 19:12:25,2018-03-22 02:55:42,2018-03-23 18:17:52,2018-03-27 13:42:50,2018-04-02,f63106fc5825de2332f32eea40edfd19,2018-03-20
3cb36784c17acb3eca55ded497da243d,36907fae21e0e2580f53529e419203e5,delivered,2017-10-26 09:32:45,2017-10-27 03:06:47,2017-10-27 20:41:44,2017-10-28 11:31:58,2017-11-08,5d34d24e04df6b3113de895541d2b1bc,2017-10-26
b100288d2ef3b6e474121c21d2af0678,19220a635821c641df0bd2fb1e4ece5c,delivered,2018-01-07 14:46:43,2018-01-07 14:57:15,2018-01-09 18:07:43,2018-01-23 15:07:41,2018-02-02,839cf99e32e20edf5e5c847431b32778,2018-01-07
ac21e278cde3c44f9ba722553c590721,8fa4ca9ce2d4f069d702bb56e2595679,delivered,2017-12-08 11:35:53,2017-12-09 02:36:26,2017-12-13 13:23:11,2017-12-27 18:28:49,2018-01-12,b3303074fc67dfb80fb9612285ff7dfd,2017-12-08
f3f13f75c34a679c5006108acf61e0da,24ed98d5567550a3994317e23fc2df9f,delivered,2018-08-15 19:48:47,2018-08-15 20:05:14,2018-08-23 17:15:00,2018-08-28 19:46:40,2018-09-05,bd192e1a7d5a06d23c13420bc94d3831,2018-08-15
b8dfacf934c56b331427b3ac153e3dbf,822457b288aad37ed215d904b6f06068,delivered,2018-02-25 21:02:25,2018-02-25 21:15:22,2018-02-27 19:48:59,2018-02-28 20:03:40,2018-03-12,dbd3bcfb38c77c357486b50ab4569abd,2018-02-25
455c3e2713829a42bd8d371c9c784d17,83c18022e9410bf06c04af875c73d934,delivered,2018-07-18 14:28:29,2018-07-18 14:35:19,2018-07-25 14:44:00,2018-07-27 16:38:56,2018-08-09,d9633788fcebca588097b7b353231eba,2018-07-18
b2664e0e967b1c146e574185530e813d,9bd3fc2336e57744747be02f106ba746,delivered,2017-09-23 17:38:22,2017-09-23 17:50:16,2017-09-25 20:27:36,2017-10-04 18:50:04,2017-10-17,f567d792c10464073b2d44c75044a077,2017-09-23
ac403e440819af1853b7fcd7f04de6c4,13a92c60521dad720cb0d2b3db0b75a0,delivered,2018-02-14 00:09:04,2018-02-14 00:27:54,2018-02-14 23:23:32,2018-04-19 19:07:02,2018-03-13,84b4ea17e1ba0e30dd2b6e71937b6821,2018-02-14
cc22d342af66b831ad0992a27a18277d,6d5f1feceb897604838ec6096bd7a2cc,delivered,2018-04-25 21:23:19,2018-04-26 00:11:50,2018-04-26 12:52:00,2018-05-04 16:52:43,2018-06-05,e4fa46d38fc419be0490e8c579ac0636,2018-04-25
932d7938cdc7161c6c22c083ebc3688d,3d8b8929401137df8ed8a123e9d6aa16,delivered,2017-06-05 11:30:05,2017-06-05 11:42:33,2017-06-05 19:40:23,2017-06-08 10:46:36,2017-06-26,ff4136190ebc2a5c0bff70b569fe9180,2017-06-05
1916f29d84d0c59dba74b70880457a8c,5eb0e90947c8785c947e81c94f7d2e72,delivered,2018-03-14 21:23:59,2018-03-14 21:35:26,2018-03-15 19:36:31,2018-03-21 19:48:51,2018-04-02,d6d29496afab4c1cba3fd1a7438c24c1,2018-03-14
7df4045bb089bf92e7eaf3b506b6423b,9bbbcc15de251fd463cec54df59a24e8,delivered,2018-07-26 20:17:17,2018-07-26 20:30:14,2018-07-31 14:05:00,2018-08-03 16:56:45,2018-08-16,4dea948bec9bffa8e164655dfe8afaa6,2018-07-26
336ef87a9f46bbd3c3f542af792c1644,80f158d248aef00ea96be1dc23ae1411,delivered,2018-06-15 20:34:23,2018-06-15 21:01:12,2018-06-18 12:25:00,2018-06-22 22:40:47,2018-07-18,7bab0d45ef280bb0ac9d029f29e12bab,2018-06-15
19f7ff7909a43930beeb928d5bd3a34b,895952418c8f2be215990f18e2eba574,delivered,2018-05-15 15:34:23,2018-05-15 15:56:03,2018-05-16 13:21:00,2018-05-24 15:26:27,2018-06-04,b88755fc8cb1c54b76728232e4d26a8e,2018-05-15
223c55ef218f911885ccb9692537c1c0,096b92bb7b1f2df07782d584753022c3,delivered,2018-08-02 19:48:36,2018-08-02 20:03:54,2018-08-03 15:10:00,2018-08-08 19:18:50,2018-08-13,0a1bd2b645a77f0e6453f20a1cd80230,2018-08-02
aa13f22ba1dbf5360989f7480c1e099c,7d68267a55b2e8c1401e82cf6b2ea808,delivered,2018-05-24 09:32:10,2018-05-24 09:53:09,2018-05-24 14:08:00,2018-05-25 21:32:32,2018-06-12,e1b31e3185fb77c15504d0645a7160d5,2018-05-24
afef0360db6e6f6eb46b9600cd8c5450,61c245c5ac166a54e51ae198d45aaaaf,delivered,2017-10-27 16:34:10,2017-10-30 11:32:41,2017-11-01 19:22:42,2017-11-13 10:31:16,2017-11-16,327f5cae22a348fe459126be75f1814f,2017-10-27
4b7a89627b118c5e00e13f57888293ff,4ec1c641f6c10ee8966cef37f71be2e7,delivered,2018-01-08 21:33:46,2018-01-08 21:48:17,2018-01-11 16:34:28,2018-01-26 14:36:18,2018-02-15,2fa99fd2a9440259045faff0acd80eee,2018-01-08
44ef2f97744ca6676b7c4089ebfb305c,5cc6f621bf16774180b397316108fd01,delivered,2017-07-13 10:12:14,2017-07-13 10:25:23,2017-07-14 16:07:48,2017-07-24 17:19:47,2017-08-09,0685d5cf7d48d4b6131fe48a6b88666e,2017-07-13
7c15b7f016feebc19af2f23f5f8b9e4a,51b75181fb27d03715acee2ff779c905,delivered,2018-04-23 08:45:56,2018-04-24 19:07:42,2018-04-23 23:58:33,2018-04-30 19:08:36,2018-05-15,a0ba81a173a840b902e90b3574d41646,2018-04-23
6f781fbfaf95fb90fb59de9f72e78e5c,3c3a00f69855a5f23fd23dd32cff5a04,delivered,2018-07-18 19:52:04,2018-07-18 20:05:17,2018-07-20 12:59:00,2018-07-24 19:48:46,2018-08-09,874fc5237d72429de2ac99ce7d897a07,2018-07-18
139602ce40c8f337484eec9b157ca80c,11473b059ae77d5a128eb0ec59b9b2d5,delivered,2017-04-11 20:04:13,2017-04-11 20:15:09,2017-04-13 08:22:00,2017-04-18 13:44:50,2017-05-03,6a49b3fc10735a82efd288521110a016,2017-04-11
8c52dfcce0a3724101362890db77eb05,ea3dcb2137367c05efe6ab5f4bff68f6,delivered,2018-07-04 07:49:08,2018-07-05 16:33:16,2018-07-04 11:57:00,2018-07-05 22:38:40,2018-07-17,4426b6d342fe4e63125a979cc9de8e35,2018-07-04
83a022cc4e851507e14012a90fedcd0e,0c3060b6e196ea68986b130a86c8ea08,delivered,2017-12-04 17:06:08,2017-12-07 15:31:53,2017-12-08 22:21:47,2017-12-23 14:51:31,2018-01-04,b9aad088d2ce9501d59cae5754b67226,2017-12-04
9f76d1a5ba48abf682161efaadca30a4,9bb8aef52763d98ec854841ba8d8b0d9,delivered,2017-06-19 21:54:46,2017-06-19 22:05:17,2017-06-20 16:12:53,2017-06-29 13:32:03,2017-07-11,bf4615502114bb8566341a17591144ae,2017-06-19
db1c88d4bd1bcbbdb71dae0d17198fc0,5bb6c0af4e7c4e6b89cdb7a358d2ff9f,delivered,2018-02-04 22:44:34,2018-02-06 03:35:38,2018-02-09 22:45:55,2018-02-20 15:04:20,2018-03-16,950440682b54a5a58f3bd103e650c46d,2018-02-04
a27f3aab93e8f43407c0fe4296f475c1,cbb3de529213017f827c928eb43528f1,delivered,2018-04-06 16:15:37,2018-04-10 03:35:23,2018-04-25 08:14:00,2018-06-20 22:41:33,2018-05-10,47b3c9362cf6396b50eea9ed895525fa,2018-04-06
d9a2eba69ba6350b8552f12c3342f315,e298e74b806d4568b183327e007bd05c,delivered,2017-11-01 14:03:24,2017-11-01 14:31:33,2017-11-03 16:21:53,2017-11-08 19:46:21,2017-11-22,b38b0ec7d754b2d5e31f854185ef6c01,2017-11-01
b14149872b01643d235710d4a84d55da,9f3ad19bba89c1ab1396093a0b837f62,delivered,2018-02-18 21:25:21,2018-02-18 22:26:57,2018-02-21 21:11:51,2018-03-26 19:28:26,2018-03-19,69fd9c1fc3a6fc37901d435132307742,2018-02-18
8e0236224be5c6d6b07eb06b9f5e0139,66af55c93227ee7e7947e0f13354d1e0,delivered,2017-06-22 16:50:40,2017-06-24 02:15:35,2017-06-27 15:03:21,2017-07-06 12:07:32,2017-07-14,3eab5c22a4bf0953dad167c0418c4523,2017-06-22
2909656d933b72ba8b3fcf38fad83c4d,4130c43f6f0a00ebb8fb4c21491fff0f,delivered,2017-09-10 21:33:27,2017-09-10 21:50:07,2017-09-14 21:37:50,2017-09-15 13:15:57,2017-09-22,b5e6975dc94dde177a30dee16e8bd523,2017-09-10
75a7d0a8a9a12e7b866362cb26d536be,7a89b15bf8829df6c7177436d09aa9af,delivered,2018-08-24 10:48:37,2018-08-24 11:05:08,2018-08-24 13:56:00,2018-08-30 11:38:52,2018-09-18,eba19814c469ba66dd384612aa663060,2018-08-24
335a3061e3498d0b3c574bea8973bb6f,9f104fdd722cb8f30446f33a3a7e3db9,delivered,2017-04-21 18:45:52,2017-04-21 18:55:16,2017-04-25 12:20:34,2017-04-27 08:41:48,2017-05-11,1025bf870ecc9804564c89a9607c23c8,2017-04-21
ac05edf13466f6c474516cccd781bbd7,b8a8f0d040850c1e5c76d0614d22b8df,delivered,2017-11-29 14:21:03,2017-11-29 14:34:31,2017-12-04 22:36:52,2017-12-22 19:57:31,2017-12-21,70e768f35394e68b31cb5605023486ac,2017-11-29
e85d619370a54fcece7535b81d3221f7,bcfc81d3c0edfa7fda838c8d108c96a9,delivered,2018-07-16 10:49:05,2018-07-16 11:04:20,2018-07-17 14:39:00,2018-07-23 22:40:51,2018-08-03,3eae186f055f4487b4fe7eb48eb9620a,2018-07-16
3c63f38b18f9c813e6a2947f12708660,b4a8edd174a1969bbe2c9d5ff9794cd7,delivered,2018-02-18 08:22:46,2018-02-18 09:26:30,2018-02-19 19:42:47,2018-02-25 15:28:32,2018-03-13,7cd967ab548b0000b0d2b182fcc2c930,2018-02-18
5a82679b8c63d6b832a48b6af28ac526,af07e27844cab85f56f85506a31570a2,delivered,2017-06-01 09:03:05,2017-06-02 04:22:56,2017-06-02 14:49:03,2017-06-09 15:42:47,2017-06-26,9dc4193761aa91fb8880c1f72b9cdae3,2017-06-01
171fd36e6d28aaa958e043b897006f1d,24c3892d38633c05dd413388d7e453af,delivered,2018-05-26 16:26:53,2018-05-26 16:35:19,2018-05-28 14:50:00,2018-05-29 20:03:36,2018-06-20,b1ed4409bd541d71f2895307dc4d8898,2018-05-26
4374c08bd3d2b8f7639e0704d80c0407,87cce80a2b8cb524f7ff411bdc22e2b4,delivered,2017-02-07 07:02:23,2017-02-07 07:15:13,2017-02-09 12:31:22,2017-02-14 12:57:25,2017-03-07,46201bcc68ee62ab9d2f8908f7d32a66,2017-02-07
5f8cff9210fbe5a642d0e05b4bc974e6,271d3aca5de3b27397a4b13edf332153,delivered,2017-09-25 16:55:44,2017-09-25 17:40:06,2017-09-26 18:12:38,2017-10-11 00:08:07,2017-10-23,cbbff5fa68079209c77387cfbb3837fa,2017-09-25
fba2ee5d3cfe6651522da5384c3af63a,a6c3ae8ed74d4cf201ac356c42c285b8,delivered,2017-08-27 18:47:00,2017-08-27 19:04:33,2017-08-28 18:58:43,2017-09-08 18:24:13,2017-09-25,7318822594bc7eb04a8687762803556e,2017-08-27
72c501775cf36e99076132aaee5ae9c0,6cc8f025e1b94225a79f478d3bcba65c,shipped,2017-12-01 12:39:39,2017-12-02 02:37:10,2017-12-04 20:39:56,,2017-12-19,9f0628912b8102be6ef4638d0753addf,2017-12-01
5c23f0b32904be1b015b14086f097dfd,89520d116659115d90ab7cb004c54112,delivered,2017-10-05 12:56:27,2017-10-05 13:07:25,2017-10-06 11:57:10,2017-10-17 00:53:56,2017-11-03,4b965241223cf895ed3d54fa345609cd,2017-10-05
73da42c497d6ab85df4446d41addabdd,7bb3c8543858843a15bcb87b0926e0dc,delivered,2018-01-03 09:45:16,2018-01-03 09:57:23,2018-01-04 20:34:58,2018-01-11 12:18:14,2018-01-31,4f6eb3ed7e15c93c03dd46af4299801c,2018-01-03
ff7140ba310a4717112d39c0cd0b4062,3c97bdeb3712ffcfa72a09bf0a8a3e95,processing,2017-05-19 18:11:21,2017-05-19 18:30:27,,,2017-06-26,0b3cf8a9362deaf8b870d49ae61f3ca1,2017-05-19
8da7a1c49a88ecf2f5a92925c9333af1,67de52b6a10455591df311f48614aa58,delivered,2018-08-02 13:25:13,2018-08-03 13:24:13,2018-08-03 14:49:00,2018-08-13 18:51:01,2018-08-16,2ec795a39feac8b0ffac1f2aedcdbbfe,2018-08-02
119deda2a77e33414b216eec6ababd07,9a75906521c0e696fdaf64fb5dd93158,delivered,2018-05-04 11:53:05,2018-05-04 12:12:18,2018-05-07 13:50:00,2018-05-17 15:12:56,2018-05-24,808f04062b0c72079e6139953793d3b7,2018-05-04
4993ec7b7fc38f8d4f61f8c90c1a9510,3f985b525a418ab57d0cb37db882b5ea,delivered,2017-05-26 16:42:34,2017-05-26 16:55:12,2017-05-29 10:01:49,2017-06-01 11:47:49,2017-06-22,0a3e3738a99c4594572156496d5e7cff,2017-05-26
cc90dde77b3316b9877c87637a6f87d3,62e016618dc55343014a69634e2248d9,delivered,2017-10-26 07:31:00,2017-10-27 02:55:26,2017-10-27 20:12:57,2017-11-01 13:32:56,2017-11-16,5ed7f690414c7a58b68f064d1a4b75ac,2017-10-26
658028ee7633b50e656cea96a31274b1,f4d8c57bfbabb88c86d1a25df8cb21df,delivered,2018-07-12 09:21:49,2018-07-12 09:35:12,2018-07-17 14:16:00,2018-07-23 22:28:25,2018-08-14,ace225588d5d9d26568891f2b53f8c79,2018-07-12
828acc6ccec3081f5615750358c691db,8882d4731ff6a9c7c6d5680992e456f8,delivered,2017-09-04 13:02:02,2017-09-04 13:15:10,2017-09-05 14:20:05,2017-09-19 18:33:56,2017-09-25,d1ba9324baafae481cd2b6341ba5fc55,2017-09-04
08c6e1a2fd34f15d601cd3e006378da1,bc66139be29685b36977c7bad96d1286,delivered,2018-04-18 23:28:58,2018-04-20 07:11:11,2018-04-21 00:31:37,2018-04-27 23:34:36,2018-05-14,45a39af68d608e0f7aecc7492e7dad08,2018-04-18
4d006fbdecd41058974d5d99f2d69650,4468799d9692439bbfc26e84711aeaca,delivered,2017-12-20 17:27:10,2017-12-20 17:38:24,2018-01-04 23:27:40,2018-01-15 18:04:20,2018-01-24,5126071e8e67f61789f6ce9f3af56143,2017-12-20
8ae25a46b2c36b4792ae3600e0fb2142,d89e4ea5b9778a915b6f7e7a0f57918c,delivered,2018-07-07 00:51:21,2018-07-07 10:10:17,2018-07-12 08:27:00,2018-07-26 21:48:45,2018-08-01,973e1587744ca6021d2b4856357d65f5,2018-07-07
7873fc4b6a81dc66e71e7611b0414bf4,10476479468e10f6b2c185376c55a094,delivered,2018-05-25 08:28:02,2018-05-25 08:54:56,2018-05-25 14:09:00,2018-05-29 21:56:53,2018-06-19,c1f2a0535872508f48788be804fae6b5,2018-05-25
a632507614b292ff5f60b5282ba78df1,7b26720e0d801bebb3cccbc054d0ef55,delivered,2018-01-30 16:28:51,2018-01-30 16:55:54,2018-02-03 14:52:52,2018-02-14 16:34:15,2018-03-05,a8b63082839705d865544076498d86d3,2018-01-30
908260019f25b12feacd1911f2f08525,d18e38a7904a961d6441cae1e536cf08,delivered,2018-03-10 01:52:34,2018-03-11 02:12:15,2018-03-13 03:08:38,2018-04-07 13:16:38,2018-04-17,fe0249abedc28b941df626567f73ff14,2018-03-10
dc1e38158c000863ec33ac43a40c3366,0e90259e50e8d5619e3267c5f12a8a41,delivered,2017-12-03 00:17:18,2017-12-03 02:43:36,2017-12-04 21:38:53,2017-12-15 17:22:57,2018-01-02,1a14d22cc86107dd05170d20f7feb1e0,2017-12-03
2d7c53f72873bc693d040a48c3f2b5e1,1aa505b34fe90da06e7a0e78479942e0,delivered,2017-10-13 14:57:28,2017-10-13 15:35:52,2017-10-16 20:38:00,2017-10-26 17:44:01,2017-11-06,06fc18bbd1fff86fb06b7d75b9b4e288,2017-10-13
b5d9716785ce349830c74805f925c745,5f2ff53e9d5e23d67e5245bb3c68d6d0,invoiced,2017-11-16 14:38:35,2017-11-16 14:51:05,,,2017-12-05,009a0802534f904b40b9d512b49794e1,2017-11-16
a39f565fb24832fec6f96a476444b02b,afa069d8cd905d0f6e78cacbf13c83a8,delivered,2018-04-04 15:11:12,2018-04-04 15:30:31,2018-04-07 00:38:28,2018-04-09 23:47:49,2018-05-03,ed891ac9ea39363e127dd2e4e3875416,2018-04-04
8c10a70852b8d854532e8f283062d56b,2fb51b813d18f5458abbf4bf3c642ce9,delivered,2017-03-15 13:15:43,2017-03-15 13:15:43,2017-03-21 09:12:27,2017-03-24 12:08:01,2017-04-03,5ef105f2fb593b7ffb43308c95d30e36,2017-03-15
89873d5ab718995335d753f97430fab5,c7ea2371bb8bb9c2041b4e41ac7192ce,delivered,2018-07-18 09:42:05,2018-07-18 09:55:16,2018-07-18 16:49:00,2018-07-24 13:25:50,2018-08-08,6e68989d4094f8508faa3f1f704b89d3,2018-07-18
6dce05516fc9a1e16b7a70e49ab656c2,e5426fc9fcee3dfa52fb048f6d0856e9,delivered,2017-05-14 11:05:08,2017-05-14 11:15:13,2017-05-18 14:23:36,2017-05-25 12:55:59,2017-05-24,770c46cc8437a67264254f23c1786b97,2017-05-14
dc3114be48739b0c6bdb03a041726812,38c377bed07261e25c63e572d14d26b8,delivered,2018-04-24 08:43:54,2018-04-24 17:37:23,2018-04-25 15:25:00,2018-04-27 20:52:02,2018-05-09,b5a2d4299336218902de7b319dd6063f,2018-04-24
02fbb3b024a111c7e8a629bbd86df0e2,22fe25aae324ee80194e8fabf7d6970a,delivered,2018-05-29 17:47:32,2018-05-29 17:57:33,2018-05-30 21:24:00,2018-06-07 01:58:37,2018-06-14,fde9624e2eb42ae1a340a6e5c836a179,2018-05-29
14d35062b86c2e1f69376af68e9e2a1e,5883dd12bf11ff68af8a169dc7431e75,delivered,2017-12-01 17:53:36,2017-12-02 02:38:29,2017-12-06 21:58:46,2017-12-23 15:36:48,2017-12-29,36be413fe0f4a74eee7b764e758730ed,2017-12-01
e563afc47cb5fafb2ed8869e9e822e38,9e0e1eb6448467c246211a9688efeb47,delivered,2018-03-16 15:44:57,2018-03-16 15:55:23,2018-03-19 19:46:21,2018-04-10 21:34:47,2018-04-18,7588c20c457369de8caad958afc1cc06,2018-03-16
edb14cad806f8ea19a08ed06c26726a2,ab32f4586da1d6023f155c0a5b43affe,delivered,2018-02-07 07:43:19,2018-02-07 07:55:23,2018-02-07 20:39:02,2018-02-19 17:37:07,2018-03-07,376e8a8717833146dc518de00f0ea879,2018-02-07
b7d89d2142296a99fd213f11c9f371c1,1a7acc2b65f962323f5e932325d397d4,delivered,2018-06-08 17:11:46,2018-06-12 05:16:45,2018-06-12 12:53:00,2018-06-20 20:03:36,2018-07-12,92515a627915c69367e6e389ef331262,2018-06-08
ad818323f40e1a353eb3a3874d138c51,e423929b7362dc59bfc3e9dab3acad7a,delivered,2017-01-10 19:43:30,2017-01-10 19:55:17,2017-01-13 15:54:54,2017-01-20 16:35:05,2017-02-20,2ad1ffd24d9373937ac6d1e376e4494d,2017-01-10
cb5664b27c8e72cd9197d6cd259a0946,cbe770134a298f4be223c178e2220c9a,delivered,2018-03-24 12:35:27,2018-03-24 12:50:29,2018-03-27 19:08:36,2018-04-05 00:03:43,2018-04-12,7df57c69d26483ecdc9965e7df563b84,2018-03-24
56abbae9014467d35f46261ee6f7fa71,fcc5083a07953b321f80e039e3c4c2a1,delivered,2018-03-27 18:17:48,2018-03-27 18:30:15,2018-03-28 18:41:38,2018-05-15 12:10:04,2018-05-09,c288374c344d81884df0cf6e7095290a,2018-03-27
70fe29ac539dcf0cfded8f408043d124,9c03b9d76e917b5bb1aeea1a958cdbe9,delivered,2018-07-29 15:11:59,2018-07-29 15:25:08,2018-07-30 12:10:00,2018-08-03 21:04:15,2018-08-17,6b32efebf93689815313f22075cd324b,2018-07-29
4f4ec4d17cddc9375e76be0d91e5a51d,78d5b55ad35e8e1c25a0a31b3117fffa,delivered,2017-12-29 21:30:30,2017-12-29 22:06:39,2018-01-03 12:42:20,2018-01-10 18:38:47,2018-01-31,54ec75b3b0e0725f41c6aa0c4a0ffed1,2017-12-29
42d34c5b74d78872ef8ce334bf839627,13d2f11be371c03d145fccd8ddbf318b,delivered,2018-03-26 17:35:51,2018-03-26 17:47:39,2018-03-28 00:17:50,2018-04-05 23:31:17,2018-04-18,180c1c7a04dd28956f7a6a4c73797245,2018-03-26
beeee30f17612200615fd1ce39b41a43,2aa0fffc9c5ba51d764877eed20387da,delivered,2017-08-16 20:53:13,2017-08-16 22:44:42,2017-08-18 13:28:56,2017-08-21 18:49:32,2017-08-31,68007a0f95654b7c1a9ea4bc129926d2,2017-08-16
29c56706d0442edbc19623391d958d7f,e1f1ab2aee7b92d827f497a9f794718a,delivered,2018-05-10 14:42:01,2018-05-11 03:10:37,2018-05-11 14:46:00,2018-05-12 15:05:21,2018-05-22,2849bc99a352c2d05e87681be41628e3,2018-05-10
54f0988d1c9f5f7f90410c09b2cbc6e5,58ef17eb85a447ae62ef8be1c5f06b0e,delivered,2018-02-25 22:27:06,2018-02-25 22:47:37,2018-02-27 18:19:16,2018-03-08 16:11:46,2018-03-19,8ff20423e83c5bbbca415e6f808e4403,2018-02-25
c39345e6efbb71413c9fc98a3dc1a4c5,1c117dc3ec342ed88164b572f61fdd33,delivered,2018-04-25 23:26:03,2018-04-27 03:35:25,2018-04-27 15:37:00,2018-05-08 20:12:37,2018-05-23,71929a0b6f50f889c540808d261de832,2018-04-25
a8fff3e04abf1de340f6a42662daa292,ff979d3f952328374b41b7b6b52a56f1,delivered,2018-08-01 19:31:36,2018-08-03 02:50:29,2018-08-13 14:45:00,2018-08-20 23:21:48,2018-08-24,b8ad8f9df8b6c2af329e1fd23cc77061,2018-08-01
df79dc38cd1e0f49f9ef6385b30caab8,9dacbeb9f84e684a8dce0f08765b6956,delivered,2018-08-04 11:55:27,2018-08-04 12:10:17,2018-08-06 14:50:00,2018-08-10 22:29:39,2018-08-16,bb00edfbd53d403ccb1f370e016ef44d,2018-08-04
9040ee228f2a73cf71c59e19d2d1f1d8,15dce1bee53a5e570eced9cedc29e302,delivered,2017-11-22 12:58:19,2017-11-22 13:07:32,2017-11-22 19:24:33,2017-11-30 21:09:10,2017-12-12,4a3db5579b3d8bcb6923779323e0189f,2017-11-22
95e6954a7dcbdd1a6efe5fd1ce397ba0,92aea0fdf748979ef3e99a3a328abf59,delivered,2018-07-17 23:55:14,2018-07-18 00:40:05,2018-07-18 14:10:00,2018-07-24 21:36:42,2018-08-09,3a3ab7d805010ef6a94e89de7adbfe1a,2018-07-17
4083b3de3f83063296da5c898dddee6a,9c329724ca5ef12a9e8c6b6b91c03e60,delivered,2017-08-26 20:42:34,2017-08-26 20:55:10,2017-08-28 23:36:30,2017-09-01 16:35:06,2017-09-11,c43542ff4d5b88ae0b749db8e64d7068,2017-08-26
efd3b94ce05ae57bce1f417fdbbc16aa,5d9ae8a689e16a1d0baee896734fea4e,delivered,2018-01-17 14:28:37,2018-01-17 14:50:50,2018-01-18 21:21:45,2018-01-22 22:43:18,2018-02-01,79c389f4fcc007dfbd1f317f29e85030,2018-01-17
4d1d3523aeda82887c2875955783ba2f,6d1c28c90a63f277029f47c7db8eddd3,delivered,2017-06-26 17:58:41,2017-06-26 18:10:16,2017-06-27 15:18:18,2017-07-06 13:56:55,2017-07-26,c22346e8bd3e9b8ec254efa84289caa6,2017-06-26
e4e3903e4a2fedf6bc3b6e40262e05c1,a61eaeaadf9c45eefbda461f552dfa79,delivered,2018-04-02 23:28:03,2018-04-02 23:47:54,2018-04-06 00:34:36,2018-04-06 23:19:10,2018-04-17,d31caf529fab5a8d7c4802f8ba77662f,2018-04-02
c401a80efe63c34dbd890d19e79311a7,c863c811a63c25c93715a68f6df28ac3,delivered,2018-04-11 18:11:01,2018-04-11 18:31:29,2018-04-13 19:15:33,2018-04-25 00:42:52,2018-05-07,854a3c898518d0d9b3501cda7b1894f8,2018-04-11
7813842ae95e8c497fc0233232ae815a,040d94f8ba8ca26014bd6f7e8a6e0c0d,canceled,2018-08-17 20:06:36,,,,2018-09-17,46450c74a0d8c5ca9395da1daac6c120,2018-08-17
2285cbcd1e0676fb56344c2844df98b4,2f29e4296fcfda62283e171d804d3966,delivered,2018-02-19 18:03:53,2018-02-21 06:15:18,2018-02-21 19:39:03,2018-03-03 14:32:39,2018-03-12,fdbac98ff2ded3d78205ddd7f7eb6893,2018-02-19
9d52ed75974d7c18cdbce888c9ecfc93,32ecf699158a694b829b462b892ea519,delivered,2018-02-15 21:58:37,2018-02-16 14:31:00,2018-02-21 18:12:13,2018-03-01 21:16:51,2018-03-07,0137420de9b02a180c53e5bd64f14750,2018-02-15
4b26d2fce6fdc2f2a9f87c7cb05226ef,ba24be7f82de71a9ad1d254ff5198815,delivered,2018-05-24 11:29:05,2018-05-26 02:18:34,2018-05-28 12:24:00,2018-06-09 15:58:42,2018-06-25,f69ed448d3c70ab7a332ca8a95fc2261,2018-05-24
217fa6305f49722c5712365fa9fb7685,c138c0b07bf9115181adc0b9ff513ec3,delivered,2017-06-19 14:54:51,2017-06-19 15:05:27,2017-06-27 07:26:49,2017-07-10 16:06:44,2017-07-17,500d69623afb12361c7149ab944981bf,2017-06-19
38e3895efc70d2d46a3b967b8781368a,ca1a7da184d06f128df4600dd61381e0,delivered,2017-05-01 15:51:51,2017-05-01 16:02:15,2017-05-03 15:37:19,2017-05-10 18:09:04,2017-05-26,78e618675fdc15e0296f197a22ee30dd,2017-05-01
dde8f1a1964c338a90b168c7fdfa075f,9acf0e2a1bdedcf25d1f46eb5c6e7739,delivered,2018-07-02 10:21:34,2018-07-02 10:35:13,2018-07-03 12:49:00,2018-07-07 04:48:47,2018-07-30,cd54ac48febc79951551e4d969fe6cc3,2018-07-02
48177994024650e5aed5b373217c1488,022656ca3adc7e49311ec71751bddf16,delivered,2017-11-25 10:14:25,2017-11-25 10:29:53,2017-12-01 00:13:08,2017-12-08 01:06:50,2017-12-18,52d7d83346b6487aa266df078fb6aed8,2017-11-25
a49f05cadcb7f056c2725a1463b7d7db,e154aa6c833c997823d31268993dd32d,delivered,2018-01-24 18:10:28,2018-01-24 18:37:38,2018-01-25 17:09:12,2018-02-05 23:22:28,2018-02-21,7e295fa8a8452f5184e1cf525db5b28e,2018-01-24
a36841db38700006f3effd1b7e638688,85def2485de9aaad307b6b980002087e,delivered,2018-03-04 16:18:42,2018-03-04 16:30:31,2018-03-05 23:10:09,2018-03-23 00:22:08,2018-04-02,a04585063d3c6f8bd8d4c902b7e6fc85,2018-03-04
6eaacb56985c861c98501943931f48b5,666f8b232312a561691368666b90bca6,delivered,2017-09-04 16:26:31,2017-09-04 16:44:09,2017-09-14 21:21:43,2017-09-19 20:59:46,2017-09-28,9eed4537c350f113ada0b0ae6ab88ac0,2017-09-04
af18c8b9b0890d5387074340f9d39cc7,fb003078b5824a2d03f9ec3cb6938b87,delivered,2018-06-13 09:57:33,2018-06-13 14:31:29,2018-06-13 12:14:00,2018-06-28 17:54:58,2018-07-16,cc492df9ae61715ec0ede787f6f086d9,2018-06-13
586949fae7b2b6a01f45ecb9e197212e,718a745844ae0572d9341439dcbf717b,delivered,2018-05-03 15:42:58,2018-05-03 15:55:09,2018-05-04 14:40:00,2018-05-14 08:26:48,2018-05-30,af39bd6b4eee7f26768fa633040bba62,2018-05-03
2ad713541542172502b2d22dbbe47de0,eeb703aa336c48ca33fef32138068f6e,delivered,2018-07-17 10:33:14,2018-07-17 10:45:16,2018-07-17 14:52:00,2018-08-01 11:36:52,2018-08-10,080785a052718200ab81d0529e76c318,2018-07-17
dbb49dc3b19f34fb60a650706e65f774,663da939653ca98d01187a3f05889e61,delivered,2017-06-10 20:22:45,2017-06-13 04:05:12,2017-06-13 12:31:33,2017-06-19 14:32:13,2017-07-03,f1353c3cd5a02a13382a4521dfaec757,2017-06-10
c4e2bd2043fbd75b325a47adfabf0d77,1c37c0f0cd1d88d46d9fc9494762abbd,delivered,2018-03-15 07:45:10,2018-03-15 07:55:24,2018-03-27 15:58:41,2018-04-05 12:37:25,2018-04-19,432ecfa8b7b7ad2663c7abed0dc83c51,2018-03-15
a7664a67c4bc3ba9f5ea7d49cc369034,35349e5366b6dcd7f8a51e2bf1b3497e,delivered,2017-08-02 11:55:23,2017-08-04 16:50:16,2017-08-08 21:49:52,2017-08-14 09:54:52,2017-08-28,f50c2f14b268b88b7a70a03454ac571e,2017-08-02
ee0422de5db17178938d7e613abe918e,e012154b1c49a37cfe760845e853c544,delivered,2017-12-24 12:20:23,2017-12-25 12:14:28,2017-12-26 18:05:14,2017-12-27 21:22:19,2018-01-15,8ba1a81299c5cb175197a65475078e1f,2017-12-24
291036f4304c5fb0dc3965044f4a4605,73fed2db5e8ab1b25ba0efebbe3d628d,delivered,2018-08-12 23:15:08,2018-08-12 23:25:18,2018-08-13 14:12:00,2018-08-20 17:38:40,2018-08-23,de5587795832036cf8f0e1911060526f,2018-08-12
5bb20a1f6eecf52b15642965e33b6dde,dfe9b8ef242ad589cc5b5ec521045c1b,delivered,2018-07-16 15:04:55,2018-07-18 02:50:22,2018-07-18 11:20:00,2018-07-23 20:35:06,2018-08-03,c9cfdb343a859ca1693fdbd7e1ae8434,2018-07-16
f56a4744d6392378081c4d1b6d2c0285,2daf47b7d5ceff5e066337e11b4ea243,delivered,2017-10-20 15:02:08,2017-10-20 16:07:57,2017-10-23 15:42:41,2017-10-27 23:43:56,2017-11-21,e98b40eb3134c3f78d3739759ad6b13e,2017-10-20
04626f2c41e6a49d4c2102a7d410797a,615ae88261f09750647dcdb0cd6858d2,delivered,2017-11-27 10:47:32,2017-11-27 11:14:35,2017-11-30 22:45:37,2018-01-08 21:43:48,2017-12-21,23a944d718f96d95c768d97f07b330fb,2017-11-27
6f2ed4a14ddb4db99255cbb30951ab59,0a81199e6e7a385d86f18a1258b0f032,delivered,2018-02-20 20:20:11,2018-02-20 21:10:19,2018-03-12 20:41:42,2018-03-17 14:05:19,2018-03-20,04f77b7f7b56c59678f6bf85101328e8,2018-02-20
687297c4cb20d6fad502624bed7376ec,349937c1b22f4f6ae55f248a229e0749,delivered,2018-01-16 00:16:06,2018-01-16 11:15:30,2018-01-31 23:21:58,2018-02-10 01:03:48,2018-02-22,378c06babf08c70f32e748ac24ea33e0,2018-01-16
ca47b8674b4881264380ff336ae5c195,9a91fb951e7fd3f4adf713cff82acf3d,delivered,2018-04-10 18:42:25,2018-04-10 18:55:12,2018-04-11 21:57:34,2018-04-13 22:26:33,2018-04-26,75129ee941b3624b131f8dcadf3f4d56,2018-04-10
176cf0b19224a77a9fe04e323627fa7e,6c5ba608588b5b24652daf167aa141cd,delivered,2018-04-22 10:14:25,2018-04-24 18:39:40,2018-04-24 16:58:41,2018-05-03 19:21:32,2018-05-17,9612df338290f2e014ad700c66d890a1,2018-04-22
863e04a33f87d879ee00bf50cf65c5e2,ef68b0cec4f4db6b191c1f6fdc8ede0f,delivered,2017-05-10 22:45:02,2017-05-10 23:02:37,2017-05-11 09:04:30,2017-06-30 10:27:43,2017-06-07,f68fa8af8810b71fb954fb4044de5950,2017-05-10
249004c60a9bead3bdc73f4a8d2f0c11,b9b285439e0ae073d8700ecdcd4e4bcb,delivered,2018-07-03 20:07:37,2018-07-05 16:08:58,2018-07-05 10:40:00,2018-07-10 18:14:40,2018-07-25,5b5980e08c1a54395d216b459a2a6fe0,2018-07-03
a4e90e85913254028e2b816285a11db9,ba8f5b71a2f118cb40ba2f733add6d8e,delivered,2018-04-16 16:59:03,2018-04-16 18:33:50,2018-04-19 04:52:38,2018-04-24 20:25:36,2018-05-04,137a5bbc8ecabb4400ffb9eadd97ab44,2018-04-16
0849024969adbd058756b6d843f3c1c5,3eacf2c45f37d4d63636fe8505c6a0b5,delivered,2017-12-17 20:04:57,2017-12-17 21:13:47,2017-12-18 21:42:04,2017-12-22 19:05:05,2018-01-12,b74e968d385e7016de503ca976a21a60,2017-12-17
934998379448f54149af3041f9c8efc5,037356d24e116561460bd349e0ef7f04,delivered,2018-04-04 22:25:36,2018-04-04 22:35:16,2018-04-06 03:04:01,2018-04-11 17:17:38,2018-04-25,82420a84a2781a5afca48b917bd9c228,2018-04-04
f3863782b51a1c378f36a99845aacbe7,6416212b1f807629ba0f313580525565,delivered,2018-05-26 16:46:07,2018-05-26 17:09:50,2018-05-29 14:04:00,2018-06-08 21:33:17,2018-07-04,1d3506351751808304f69266a47ec412,2018-05-26
723a7113ee372c5f0ce268c48dfc2c21,4c76d92d6fde25bf9415c77794dc07c5,delivered,2018-03-04 15:45:34,2018-03-06 03:51:25,2018-03-08 03:08:54,2018-03-22 00:19:26,2018-04-03,aab579a39b1b5c223c2e1a4bbf8ff977,2018-03-04
c54a395b5f384f7eb66433d136522b7f,73f0cc708f1defa0fe32569a96aa278c,delivered,2017-05-17 10:50:54,2017-05-17 11:05:19,2017-05-18 15:19:05,2017-05-22 10:31:43,2017-06-12,a780e35026006a36e9f57915e7ec3d45,2017-05-17
1ab69e6a88c55054f55e82b7ea1c9d34,74b4b073e2a0af2e70dcc84f7fff397a,delivered,2018-03-07 16:36:45,2018-03-07 17:15:44,2018-03-08 18:58:44,2018-03-19 20:08:46,2018-03-28,cefd4de99e6592762f7e41cb2a028dcd,2018-03-07
8b83908fdb598db143e4b00e8dac9036,11cee4c2667ae8b6af758fee17b3d3b3,delivered,2018-08-08 20:06:57,2018-08-08 20:15:22,2018-08-09 14:58:00,2018-08-14 15:56:34,2018-08-22,1d89113a415200aa6a58307f68fcc2b8,2018-08-08
bf21c25c297f9093e217a740ea93b465,4a603a65372ff73774febce5c4aba289,delivered,2018-07-10 08:28:21,2018-07-10 08:45:20,2018-07-10 14:32:00,2018-07-13 18:57:37,2018-08-01,02dd08873028a5c06a504338c2e6c8e3,2018-07-10
e61a7dc1fe0c1e1372543d0de05f809d,79fb28ad325a5e9f1d462bf813c5b2b6,delivered,2018-05-31 12:13:49,2018-06-01 12:11:47,2018-06-04 14:27:00,2018-06-12 14:52:23,2018-07-11,448a08f89d68ef86ba584b5a4525c299,2018-05-31
7b0c4136f285a86a8ceed54be6f56641,bb423fad8321bc949c39a96f26774b91,delivered,2018-02-02 11:54:11,2018-02-03 02:53:59,2018-02-05 23:18:29,2018-02-16 13:18:56,2018-03-02,d72f58287d664a4acc29ee4b03b22fc9,2018-02-02
a185e5cd569eb1436c80f83bae2d91bb,2081aaeb616d4391d1b0a7f26f2b548a,delivered,2018-04-03 21:28:13,2018-04-03 21:49:36,2018-04-04 18:22:49,2018-04-19 18:41:55,2018-05-08,e00665e49df030cbd24259229beb5d54,2018-04-03
ecd832254262868776a1381df4b0be02,c1fbbf8f9118712100b9c5695924b523,delivered,2018-04-25 18:27:43,2018-04-25 18:35:23,2018-05-07 13:37:00,2018-05-12 16:13:45,2018-05-29,1e9197e682c28e264c48bbb98b992237,2018-04-25
eaa862b99d06a963cff6699021d83f09,1a187e61bc83d03ff6e887048de8b269,delivered,2018-06-22 00:17:50,2018-06-22 00:38:36,2018-06-22 13:26:00,2018-06-27 12:07:50,2018-07-05,5624dec0a80e5d123f451b83ab841ee1,2018-06-22
742832acf7be7363a4480a9b4ff84bfa,9f5928c5e4f0bdc41995883f4c9ddd3d,delivered,2018-01-16 15:34:00,2018-01-16 15:50:40,2018-01-19 22:10:18,2018-01-24 19:58:49,2018-02-09,87914dda99d76004bfd05778028fa7e8,2018-01-16
73cfaa863221d5987b3f6aa644affca3,f06bb0bb030eef32d9ce6d9a4f177605,delivered,2018-08-25 20:10:27,2018-08-28 03:45:18,2018-08-28 16:05:00,2018-08-30 21:32:33,2018-09-06,71cf80748ed347ba6a5fd7e0a0828eea,2018-08-25
f1c1796688aff03e046d4b3cc90e1d3a,2ccd375a9c87139f7cc9aeb6016b58da,delivered,2018-06-07 23:32:58,2018-06-07 23:53:54,2018-06-08 14:37:00,2018-06-12 10:51:12,2018-06-25,ff083a959951303f44a7d5a71975ff09,2018-06-07
ffc730a0615d28ec19f9cad02cb41442,7ba25938d3d2de27a81b3af43e2c5a51,delivered,2018-07-25 14:03:13,2018-07-25 14:15:15,2018-07-25 14:56:00,2018-07-26 22:05:08,2018-08-02,753891c0cbdd8778fb704e13fac815e8,2018-07-25
d26bc24224fef3d3b81a759802c26434,75e0bfb1c7701f6b53354ee10aa4268f,delivered,2017-10-22 18:07:06,2017-10-22 18:14:31,2017-10-24 20:47:40,2017-11-03 20:42:35,2017-11-09,780e6b9df5eb8e08b92bf0402d3aa772,2017-10-22
bd486e41e0b895151c98b33db1504f8d,35e87ef5e133284e1e2ccbc8f8816d57,delivered,2018-08-17 23:59:46,2018-08-18 00:10:14,2018-08-22 08:52:00,2018-08-27 18:51:17,2018-08-31,9c9227591acfad49c19e7fd98f6fef02,2018-08-17
eb23b9ffbd39df83ffd9b7e7dd6a00fe,56ecf90161cbe9e5ac5e8d6da6e36181,delivered,2018-08-21 22:47:49,2018-08-23 02:35:50,2018-08-23 14:46:00,2018-08-30 21:44:39,2018-09-04,f2664df107458682fd86383ad65912fc,2018-08-21
a99c3aba228dca468eb16fefbf004bed,f7e1f55ef16940d7ef3f68cbe9884de1,delivered,2018-03-24 18:08:33,2018-03-24 18:27:20,2018-03-26 21:18:47,2018-04-03 21:16:41,2018-04-19,03d0f4a15cdd5408965d7dc1f27a26a7,2018-03-24
2e3400d43bbd1c921a404c654a0e7bf7,e6c5cb7ce7b3053a70e5d43981faed19,delivered,2017-07-28 21:30:19,2017-07-28 21:45:09,2017-08-01 14:22:41,2017-08-08 22:14:46,2017-08-23,e665b6116800e2c6a72535bb53dae6ca,2017-07-28
e6c0c1754a4772066631827775c805d6,2082b281d48ea041b7a582aa8145a8a2,delivered,2018-01-10 22:19:08,2018-01-10 22:31:30,2018-01-11 14:49:25,2018-01-23 20:09:03,2018-02-09,34a4471129ec6d7711fdc68a27ab967b,2018-01-10
62793c4368ddb047724a9edc96964287,310ff09e1ab4ffc13b233a9cb0271750,delivered,2018-04-18 13:37:54,2018-04-20 07:35:24,2018-04-30 16:45:00,2018-05-22 15:41:12,2018-05-11,a3e2b693b3a0d3d4ac7bff14719a37b6,2018-04-18
f6134169ca6f0cdfbe6458ebb5731613,cbfdcc896d6ebc83c21fdcf4f4762efc,delivered,2017-12-03 22:59:16,2017-12-05 04:12:17,2017-12-08 16:39:02,2017-12-18 14:35:21,2018-01-04,569a748bfeacf47255516a9956035c02,2017-12-03
06b5d30491b14242caca6d7090f29771,025247dee36960e70666880b8073e582,delivered,2018-06-07 12:16:23,2018-06-07 12:37:47,2018-06-11 14:56:00,2018-06-18 22:33:09,2018-07-25,05d1983f756f88c02430157372fc1402,2018-06-07
3311d98897ca2c0c66c09cb3e4c45447,316a4eb2e2342a3cc5c32467c586f402,delivered,2018-05-06 09:30:14,2018-05-06 09:50:36,2018-05-07 14:33:00,2018-05-15 18:21:55,2018-05-30,a10a90c25ba2a29dd2da3d792d5dcac9,2018-05-06
dc36912ce651720c4c3ed389377085fc,30d7d37ad953f4fe5578df7bb19e020f,delivered,2018-05-18 17:45:22,2018-05-18 18:19:04,2018-05-21 16:22:00,2018-06-06 18:04:13,2018-06-06,e10bfd6b9b21521ec97f6cb2dc737eef,2018-05-18
4f04cf5f96101782fbd1b6cf9ec942ea,42262967d28e564f7c9f5cc3bd304d38,delivered,2017-07-04 20:12:16,2017-07-05 17:42:45,2017-07-12 14:09:52,2017-07-17 21:41:21,2017-08-01,96c4b67336852f2e3307eff3db276434,2017-07-04
0240111ef6f94ee97599bd002acec1cd,71d768f0401c468141199473dc548df4,delivered,2018-06-24 18:26:15,2018-06-24 18:55:35,2018-06-26 09:19:00,2018-06-29 15:12:08,2018-07-19,c69703f63cf67e987e7bc1c7dd4e1ac2,2018-06-24
b9de9e1eb84649fb4958de11ac492b6b,5e56866794c71350af872dbc88396e6c,delivered,2017-08-02 16:04:12,2017-08-03 06:45:17,2017-08-03 18:51:42,2017-08-25 19:32:45,2017-09-05,e6aff531fab1b867da749464ac2dfe0f,2017-08-02
b5f13aa3a46ca3005d39389331866fe4,c490bef02137db10e5a2d0095bee13bb,delivered,2018-05-06 21:38:02,2018-05-08 19:34:47,2018-05-10 18:29:00,2018-06-01 17:48:46,2018-06-04,c98f13bd8800b42134db9d3867aabe2f,2018-05-06
39f43f2f3fd37877826085cd7e657b14,2ed7af1545567c0facf089f0fd61069e,delivered,2018-03-21 14:13:02,2018-03-21 17:08:52,2018-03-22 21:04:26,2018-04-05 19:17:41,2018-04-26,086e12e63bc66ea6adb0f2da1d94e401,2018-03-21
5d2d954e72e7ec31baa0a784aa82a1d6,2d1abb9c4b05dc849f5fb26c75f3d710,delivered,2017-07-20 11:20:15,2017-07-21 02:50:25,2017-07-24 17:37:39,2017-08-01 22:08:02,2017-08-11,cd08db85448423271724a5a71670bd93,2017-07-20
b71b933941ffe3a83e6fa413d0f73e0e,81c40aa1c457eedcbf99ad628af078f4,delivered,2018-07-04 20:49:45,2018-07-05 16:31:45,2018-07-06 11:03:00,2018-07-11 18:19:46,2018-08-03,e67469ae8c53853d4f5f860a5fb67038,2018-07-04
f11868435bfed696829e3e512e62ca08,ea74cde146bcfbdf34e6289b95e04a72,delivered,2017-09-14 10:23:39,2017-09-14 10:36:27,2017-09-15 20:35:00,2017-09-22 18:46:37,2017-09-26,c31ce299220516b8e0c0a7bd8e3e43e3,2017-09-14
9013af48700a7fbe4c74378aa6d08ba8,707831c8480919ed888f1b026854eaf1,delivered,2017-06-20 09:39:27,2017-06-20 09:50:18,2017-06-22 12:39:58,2017-06-29 13:27:25,2017-07-27,4fdd5b3b54ffe8810effba9c253f275a,2017-06-20
3b2b7f4a223b44cc17c481a8fe1a63b7,3e15529b15c6d166c1515fcf3eb66e65,delivered,2017-05-23 22:14:50,2017-05-23 22:25:18,2017-05-24 12:36:57,2017-06-05 15:52:40,2017-06-27,6dd3770f5bd351514846068428e2b292,2017-05-23
f1d5c2e6867fa93ceee9ef9b34a53cbf,a790343ca6f3fee08112d678b43aa7c5,delivered,2018-08-25 21:20:50,2018-08-25 21:30:15,2018-08-28 10:49:00,2018-08-29 18:19:41,2018-09-03,317cfc692e3f86c45c95697c61c853a6,2018-08-25
06d7e8cde0488b6d0b67852d2295368e,8b2abe6f49370b6d136af8e75cefd25f,delivered,2017-11-30 20:12:05,2017-12-01 10:31:51,2017-12-06 22:47:04,2017-12-10 14:22:33,2017-12-18,c48642668651e99d483e1c90f9744437,2017-11-30
f49ac798b81a51189639cb0a04d2bb69,8e6af5909487bcdc2610d60e5eac1f81,delivered,2017-09-12 15:35:32,2017-09-12 15:50:18,2017-09-15 15:52:43,2017-09-25 17:26:49,2017-09-29,c87450b6cbce9c13ae3cfd200fad71a7,2017-09-12
5a2346612cba6473e86fcab758bc0964,6ade91e1b82b82f743dc593773f5a329,delivered,2018-06-01 18:57:20,2018-06-02 18:51:30,2018-06-05 07:42:00,2018-06-16 00:52:42,2018-07-23,db944ef823fdb472762dd0a3155bf778,2018-06-01
ba7da71e493836130bdb223e6e2fd4d4,ce3eb6d026457e39761863f83fcda774,delivered,2017-05-20 17:45:52,2017-05-20 17:55:12,2017-05-25 15:56:29,2017-06-11 07:47:43,2017-06-13,583405f8d756ec37a13a4f5b19f1e2ee,2017-05-20
060a509c86c388937eb130705ea09e52,10c63cdfbd60a719c99aaea0f45cb6f8,delivered,2017-09-18 19:54:52,2017-09-20 02:36:36,2017-09-20 22:10:08,2017-09-28 15:17:13,2017-10-05,1e572b5de1e769de620eb5fb19e7e7c9,2017-09-18
618638a7bdca22bf57e7404dacd947e0,f92ec85d59e831845be77e6cb91af597,delivered,2017-03-09 17:08:32,2017-03-09 17:08:32,2017-03-14 12:39:18,2017-03-21 14:27:57,2017-04-06,d05fdf65460ea1bf8735cd5843c3d97d,2017-03-09
9ac2a680b00d51b787bc374700055ca7,b61ca4c728c064d4f7551b52fed09a21,delivered,2018-03-27 09:21:48,2018-03-29 03:09:06,2018-04-03 20:50:55,2018-04-09 11:42:20,2018-04-16,3a8b736ad07392961e9858a659683c10,2018-03-27
f9dba21dfbb520ed911cebc91688195e,66f5f0aa56c7ad916e7292066fde6c06,delivered,2018-04-26 19:39:27,2018-04-26 19:51:20,2018-05-02 11:47:00,2018-05-10 22:59:29,2018-05-22,7370773e4ad7e40352fe141c35ab289e,2018-04-26
adc7395f708cb4b4b9465287b588bb64,470288b06929cb091841666a22e1296e,delivered,2017-06-04 20:33:17,2017-06-04 20:45:14,2017-06-05 12:33:55,2017-06-13 17:56:07,2017-07-04,13ce9e31a65e1643a5d0ebafcaf3c6e5,2017-06-04
c61510f6470930fc8d642f07693cb75b,e6204abf3d0cb54280a8ebc18a4881bf,delivered,2018-03-20 13:39:32,2018-03-20 13:50:35,2018-03-21 19:12:39,2018-03-22 21:33:46,2018-04-02,46dc67b9b045c3e13fa66b0ce3bb11ff,2018-03-20
3ea0c27406751dd56d4c57b342aa3b38,723e7d9d77b344e0d9f92128b5fae6dc,delivered,2018-08-02 12:05:17,2018-08-03 08:30:10,2018-08-06 15:02:00,2018-08-07 20:28:38,2018-08-07,add7ffc1c34a74b3c88682681700a9e1,2018-08-02
4cfdd4464ee3dbf59c17a69045429af4,3a1b9fe3e0d0d7541f37438799c97571,delivered,2017-08-30 11:39:07,2017-08-31 02:50:41,2017-09-01 20:09:40,2017-09-12 19:50:00,2017-09-25,cbbe4b5beeea8b05dae43cfd1a73e6d9,2017-08-30
8f1a41d5bbeb94665f4ada45facb4cf5,50373e770cb9d08881b3c15acf6787a7,delivered,2017-03-22 15:30:29,2017-03-22 15:30:29,2017-03-24 14:19:48,2017-05-04 08:17:49,2017-04-26,0c70bfbb79f0dde177767472f49c1b2f,2017-03-22
9274ee9bcaf62df44b458bb765015331,c19d64724601030499c6e9035029fff0,delivered,2017-07-11 17:15:44,2017-07-13 03:04:40,2017-07-13 18:57:48,2017-07-21 21:52:30,2017-08-02,903fea98271edfad787cc4f60428edc2,2017-07-11
bebd5d5cd84828e1958bb698ebb58665,146c06eed34cce641d56a18c74400f38,delivered,2017-11-07 20:43:45,2017-11-07 21:46:49,2017-11-16 19:24:39,2017-11-23 18:34:37,2017-11-30,bf1756899b17c6f3771bf2436f86819b,2017-11-07
4f7e7115e9774e0a45e016fa2cbe4b75,81f0639fc90123a98822afe9608e16fa,delivered,2017-03-15 10:51:33,2017-03-15 10:51:33,2017-03-16 10:52:05,2017-03-23 15:14:47,2017-04-10,45820daecf4c044ae684f67495fc281d,2017-03-15
19ba831bc3128a65996fed4c4c4823ee,bdac81dd00e1f74ae8317227ca0d7b70,delivered,2017-10-01 10:02:50,2017-10-03 04:23:59,2017-10-04 18:57:09,2017-10-19 12:21:41,2017-10-31,4f82360423c19895d2a8183e6d8ec701,2017-10-01
b74a164aa1b796aba8ed356ed4733db8,01a62912967c457c51f60e42eba81aab,delivered,2018-07-23 15:36:12,2018-07-25 02:45:09,2018-07-25 08:33:00,2018-07-30 20:19:31,2018-08-09,5b2c769a6c6475aaa3a8c17d0a2109c6,2018-07-23
f6ab90c0e570240a38a460dd93384e73,e6fc35108f2de91f9ce95b5aa4d15836,delivered,2018-06-11 19:05:22,2018-06-11 19:39:56,2018-06-12 12:32:00,2018-07-03 15:58:32,2018-07-13,e0b4b1c93152917aedc11202d4b67e99,2018-06-11
9839df28efff4e28f25b2cebdda3aaa6,e27a055c1d7eeca7052d113324a4be62,delivered,2017-05-22 19:11:49,2017-05-22 19:25:19,2017-05-23 12:17:58,2017-05-24 19:03:59,2017-06-02,9199cbeb3d0dcd3395aaa8344bd2c65c,2017-05-22
a4a57f1ffa25b90dea9f150fee89db84,c12c796652c71de90173ccac158ae68f,delivered,2017-09-06 17:07:29,2017-09-06 17:15:12,2017-11-06 20:51:56,2017-12-01 17:09:10,2017-10-27,32afcac85e2ba27b9db02f95529a9e2e,2017-09-06
ba3260d70e1adafdc761bc92754d55aa,f18c5dbd896aab713430c0560ecca449,delivered,2017-03-24 19:38:17,2017-03-24 19:50:15,2017-03-27 10:20:02,2017-03-30 15:22:51,2017-04-18,5bd17f5327e1b09de119b707776dcfc0,2017-03-24
a9e4a67cf6910c059f3a0764fcd0a020,07e4d358f855a3b64a52293ba46b0f09,delivered,2018-07-13 10:53:18,2018-07-13 11:05:23,2018-07-16 14:58:00,2018-07-21 00:08:36,2018-07-31,ec1b98c704b3091f0f914cee6b380f38,2018-07-13
31926e0737274f789b936c32798f109c,757336b19576e72b70a7e2152a167792,delivered,2018-03-22 13:31:58,2018-03-22 13:49:40,2018-03-23 22:26:23,2018-04-13 00:37:51,2018-04-27,283d04cad0bd943af5cfa576f86e0c1c,2018-03-22
c879d78c7ee446806b14557fbaff1b16,c79ff780f5fc0e20fd2ed4de186ef34c,delivered,2017-12-05 07:13:54,2017-12-05 10:51:50,2017-12-07 23:14:45,2017-12-14 16:26:03,2018-01-03,94522b20d09262256d0ef263adf3ff78,2017-12-05
5b6509178158833cfd66adceba26fd4d,6a18a11f5c2b2e63b62c213efb995c75,delivered,2018-05-11 21:47:35,2018-05-11 22:16:53,2018-05-15 14:48:00,2018-05-23 15:08:37,2018-05-24,e246f87b53babfcec8fb722dae2109e9,2018-05-11
5227f2736ccc6b82c2bdf19be46b1320,20414f12194b46f9a417410d9377a39f,delivered,2018-07-08 12:01:38,2018-07-08 12:15:14,2018-07-09 11:46:00,2018-07-12 13:41:35,2018-07-25,cd0a6b50b03fe11a71abd19ca9cc6ea2,2018-07-08
21d264a9f2582bccf55b8e9d9435a6e5,7634c5fe9a7190b61036c6bde82fcd66,delivered,2017-05-05 12:45:29,2017-05-05 13:06:04,2017-05-25 21:13:55,2017-05-26 05:04:39,2017-05-30,8805e06bb098ec7fab7981b1c082c4a6,2017-05-05
61f50b841a813bd9adcd56c13a33c255,1c44a2f8860aa430a2d4dafc3077753c,delivered,2017-05-19 19:43:24,2017-05-19 19:55:11,2017-05-22 15:50:26,2017-05-26 07:57:57,2017-06-13,3f49672ff3e595ac503ff3929862a3a3,2017-05-19
b0d704a2823bd5fc86a8b47a4671d219,b922bec3f09f25b13a8a646fb8585fb6,delivered,2017-11-04 16:37:45,2017-11-07 07:30:50,2017-11-09 18:35:05,2017-11-24 23:28:49,2017-11-29,3d079dcf2a5e4a0517f8ed0af8fe0b6a,2017-11-04
486f425560be5cae65e5a3aa52a8dfaf,d92f0d9f8f7203756c3006dc6f9efc71,delivered,2017-11-02 15:09:50,2017-11-02 16:11:16,2017-11-03 20:09:35,2017-11-07 15:48:26,2017-11-23,ea00209a89ce539a19fb7de4a5b8d237,2017-11-02
536ed688b4241b1de09816d56b845537,8055a4db7f713a58eae2b770874de26a,delivered,2017-11-25 16:40:25,2017-11-28 03:48:09,2017-12-01 18:31:58,2017-12-08 19:47:10,2017-12-15,1bfbdd62304c11f7b9abecc1f99bd24d,2017-11-25
64564c30af3f52390a890a66ec0e7a45,8c4beb8d2a2d36985471bdf1c21c8ea3,delivered,2018-01-22 14:44:46,2018-01-22 14:59:25,2018-01-25 02:42:34,2018-02-23 21:12:34,2018-02-19,7c3bc786604220a8dfc2d64532d0ea8b,2018-01-22
2b0451c2565c2a5b746a0871790bb48d,4263df404253bc342e5edd63335a3378,delivered,2017-05-01 20:33:42,2017-05-01 20:45:09,2017-05-03 15:37:17,2017-05-10 13:05:07,2017-05-24,22ab55c824c15accbaddc8e60964255f,2017-05-01
f0c266a6e7730621db921798f5bb9447,5fdacc8f9269a83d3f5cf8b73b06b200,delivered,2018-06-17 11:12:10,2018-06-17 11:39:20,2018-06-19 15:25:00,2018-07-09 17:50:41,2018-07-17,eddd5c962619870de287df941efc1096,2018-06-17
5abe202b4aa14c9b12e9661641d2f8e0,b10c5ba343a99bacbba82eb53d10bd33,delivered,2018-03-24 20:27:11,2018-03-24 20:47:21,2018-03-26 19:03:49,2018-04-19 19:48:24,2018-04-17,fba137b4e135ca6bbcaf90576ed1fb65,2018-03-24
fd191af945fc7109f19f6224cbbceed4,c344b4e0eb8fbd8c3731533d81d315ea,delivered,2018-01-30 20:25:17,2018-01-30 20:35:30,2018-02-02 03:04:57,2018-02-21 22:37:09,2018-02-26,6303dfd52a2ce2cf2d0ddac05f34eb62,2018-01-30
40e71e3ccbeb7170672ef1d0e9696a77,a325fd976bfd1f4dc9d374bd7d73ab3b,delivered,2018-07-19 10:36:27,2018-07-19 10:50:16,2018-07-19 14:25:00,2018-07-24 16:28:19,2018-08-10,b740da8a0625461493e9076b4b47d19c,2018-07-19
6c75a0779ee3835fcfd142d8ed8b2535,b1b141a3e687373c558ceacb977199d7,delivered,2017-04-30 19:48:20,2017-04-30 20:02:30,2017-05-04 11:32:23,2017-05-12 07:09:44,2017-05-23,a0f0460d74aef544b6b19e27eecba180,2017-04-30
188135ade1438eb61ba3913a7acc5801,6ded389f9e7f110ed1fad6b27606bd05,delivered,2017-12-14 13:29:38,2017-12-14 13:38:32,2017-12-15 22:48:36,2017-12-23 20:48:42,2018-01-16,2fa9fce920457d5c6f6717481e622c9d,2017-12-14
de4363c0dc15fa2b4ef64957ef56a5ab,af006ce9626179d83fbd022eb4afeee3,delivered,2018-07-10 10:18:39,2018-07-10 20:30:59,2018-07-12 10:20:00,2018-07-13 19:48:33,2018-07-23,caf3814fe9c1bf1d6b6461a8c12b1d2e,2018-07-10
4aaa128c3570cc43f4fcda4db37d0d25,8e7ad87e9f77ddb00c43604008f1d3fb,delivered,2017-08-08 08:42:44,2017-08-08 09:43:08,2017-08-11 21:28:54,2017-08-15 18:32:20,2017-09-12,acc21f04ca3c88b5b553a9a2c2d0f576,2017-08-08
0650ef96422834cca0cc7799efbf6307,8e0193c71b2b59a05148996de6841d58,delivered,2017-02-04 12:46:02,2017-02-04 13:10:31,2017-02-06 14:15:22,2017-02-14 07:57:37,2017-03-07,a790b79aa6d54b7d8936aa53a443d1ec,2017-02-04
7c4e92688bbdf813835ed157b4173928,052de24b80bcd7cc95f203a10b090750,delivered,2018-01-04 12:17:00,2018-01-04 12:28:54,2018-01-04 21:34:31,2018-01-15 17:25:51,2018-01-30,514c3d7a1d0d346844dd88fa597a7b3e,2018-01-04
1282867904225d219a5ec3f1251a5fce,4bbec098a5c18023d10e1c2b6beb261d,delivered,2017-02-02 19:17:18,2017-02-04 02:25:15,2017-02-13 07:43:56,2017-02-20 15:07:56,2017-03-09,f8634c33755d4acb4a7f0b0771626e9f,2017-02-02
1ab4c41692b49393c880bd70c3cbc09c,e1ffe108cd072fc7edf2e4672acbc619,delivered,2018-05-14 13:14:08,2018-05-16 03:33:45,2018-05-16 16:29:00,2018-05-17 17:32:42,2018-05-30,cb1b9194a78b53f195aaeef925441670,2018-05-14
ddea733ed0db4b498f7719f648b89a5b,a8f04af129a5fbb2634d57eb7213dd75,delivered,2018-08-23 15:48:24,2018-08-23 16:05:44,2018-08-24 13:01:00,2018-08-27 20:34:46,2018-09-05,6743a2e75495b968775db8a7bf4eceb3,2018-08-23
94f50b71dcd091b45859f773f441ee19,f6f74613ded22c102036f612fcc35de3,delivered,2017-12-24 04:17:40,2017-12-24 04:29:21,2018-01-02 16:32:11,2018-01-09 18:59:25,2018-01-24,9bb44a018c92d0de83136fd23588b99f,2017-12-24
cbeba463c9f0f56c92b94e656a6b7ccf,351a042a5e714d23e11b893ad67a1c91,delivered,2017-05-17 14:35:22,2017-05-19 02:35:07,2017-05-25 14:59:05,2017-05-31 14:56:04,2017-06-08,04f7df7bc1e973191b15f67fb1648d34,2017-05-17
83d5a4507ca3b740b2e4642220ebd8d2,d29fcbfaa31416c295e90f4734baf5e9,delivered,2017-03-01 19:01:12,2017-03-02 03:41:43,2017-03-03 13:51:30,2017-03-20 08:42:03,2017-03-28,6c093de8084a2a18102ff996fe31bd93,2017-03-01
938ce9437524223bf05a48b84add7375,8cba10915b6907ea55528a24f72a3099,delivered,2017-07-03 15:46:50,2017-07-03 15:55:13,2017-07-11 18:27:34,2017-07-18 22:49:54,2017-08-08,36d8796364d2cc08dd3b2c0f43bee733,2017-07-03
a133a80b67b2a9f4a8a8e2eb5e1f87e4,18e7b82e90f40ad34fe0c14d63144360,delivered,2018-01-31 21:42:49,2018-01-31 22:09:44,2018-02-05 10:35:09,2018-02-21 21:14:02,2018-02-26,eec90aa06e8887c2a5937f17d0d03d4e,2018-01-31
b94ba5a27a4df43455d1c0efc383a81c,18a6c8c07bc0c1ad6ec3f9c5e1b7fc66,delivered,2017-08-23 10:45:04,2017-08-23 11:05:48,2017-08-29 18:34:32,2017-09-08 16:10:40,2017-09-19,e3a0fedb95b84b94dc5c4117d945f391,2017-08-23
4ad2b31eea8156f4b8413c4d41eec3d3,bf0dd7877a1c9d67d1a72893b8b500f2,delivered,2018-05-17 10:01:25,2018-05-18 02:36:19,2018-05-18 14:35:00,2018-06-07 15:04:10,2018-06-19,7cbf82d4150c259186de684823165950,2018-05-17
c31010ef2672e6bae06cf6e265b98138,aa8fe6fdddb25648793aab5b07e5f73d,delivered,2017-02-17 03:09:22,2017-02-17 03:15:08,2017-02-17 07:29:02,2017-02-20 14:44:16,2017-03-23,677b375226f001908487de4d5055a3a6,2017-02-17
54a444c922f6fb6c0351d8981d9c5ded,ffa5d7160302ea1cc18a275a81930a42,delivered,2017-04-27 20:35:28,2017-04-27 20:45:11,2017-05-03 15:50:05,2017-05-09 09:11:25,2017-06-01,26c602fff4586cb473c2c37abe87caef,2017-04-27
2456c2028c3aba19df5529d6fc81531f,e48fb89bd9b6253667462a5a7663a5ef,delivered,2017-10-03 17:37:47,2017-10-03 17:56:12,2017-10-06 21:26:47,2017-10-17 20:33:16,2017-11-07,241a3f899f0574fb6220395ef306b6c6,2017-10-03
0817ec0f9c1ec6a3ae2826349129d4a7,837e5a59495c88f7881edf3d5b3c9c97,delivered,2017-08-25 17:04:19,2017-08-26 17:10:15,2017-08-28 15:31:29,2017-09-15 20:35:37,2017-09-21,44c6fd175e072b9e77d386e4478ed202,2017-08-25
d68908ac877f296cba6f2cec9fc8c5eb,56f99a8f8bb5dd47209245529b9b2673,delivered,2018-08-19 15:30:23,2018-08-20 12:15:31,2018-08-20 15:49:00,2018-08-23 17:48:31,2018-08-29,3fbfe52c6c944c599e2c369e2a12ca72,2018-08-19
9ee8c4e95442d267ec52b5c452928131,bb385eba2380679c7a9f02ca9b339d5b,delivered,2017-05-12 20:41:40,2017-05-16 03:42:44,2017-05-16 16:02:11,2017-05-22 13:39:48,2017-05-31,9ee33087e418c452ee891e842f44bee6,2017-05-12
ee042330f80b0d87dd274c9f9b29a46b,4ba2b43f36c1164785d03d0bcd0f5f72,delivered,2017-03-28 14:10:41,2017-03-28 14:22:41,2017-03-29 16:32:43,2017-04-05 17:47:56,2017-04-19,3a7cd7a84b2e29111bc2b3ce814d74a7,2017-03-28
b1d7c597db58fbca7060fcf79541ea64,55297cbeceb1f300c3c3815e1485892d,delivered,2018-06-13 23:02:01,2018-06-13 23:19:05,2018-06-14 13:39:00,2018-06-20 18:55:28,2018-07-04,0c33b7ee3cca52240d26f01603841037,2018-06-13
0849eaf857ddbba0d7a97887503f9795,80397076b6d12ded0a040352d6acc5d1,delivered,2017-12-01 11:50:46,2017-12-01 12:31:33,2017-12-04 21:23:00,2017-12-17 15:16:54,2017-12-28,39deed49c6a307b9b5a83d7fcf45924a,2017-12-01
35c31bbf66e9a7ff9c29f0e1ff07af3c,37000e0d03f1d8fccec6cac3a8020850,delivered,2017-07-14 22:37:11,2017-07-14 22:45:28,2017-07-18 17:51:23,2017-07-22 14:04:37,2017-08-04,8bb887dc30e417bbe7a31025a3eef3ab,2017-07-14
6865bb37aeb4f5407ad3257436dff43b,5710e4612083e0d2f7301ab945ab0bf1,delivered,2018-02-25 17:06:12,2018-02-25 17:27:55,2018-03-01 00:21:35,2018-03-06 20:18:34,2018-03-16,05f06904666d36948d18c4e5fa12068f,2018-02-25
523c6b536c4f27d8fbd3b1ca5975bc6e,873052c581bb137118206c234627284e,delivered,2018-02-10 22:56:11,2018-02-15 04:11:02,2018-02-17 00:09:31,2018-02-22 21:49:54,2018-03-07,5b94576c6c278a5e13f7a395424d186c,2018-02-10
4edeb1718cb488182c2f97e0a7f33f36,02e0c77c1d6bd78e21d61a7c7b818af9,delivered,2018-04-06 14:01:11,2018-04-07 02:47:58,2018-04-09 20:03:42,2018-04-10 12:16:55,2018-04-24,af0450a3075f107a38cd7daadc98f990,2018-04-06
d9a0a18b1a66ffd834bda6afe641531a,973feb54c0fc3beb4a38000d212e69da,delivered,2017-04-02 10:11:35,2017-04-02 10:25:08,2017-04-11 06:14:19,2017-04-17 09:58:04,2017-05-03,93713297a822d16c40484eaa0d35c300,2017-04-02
b13161e10d5782a69eb14fb3a064c711,c26a1a4bcc54e3fdfd73af9447af9b56,delivered,2017-11-22 07:35:52,2017-11-22 07:46:29,2017-11-23 16:47:02,2017-11-29 19:58:30,2017-12-08,87869451597ef1d5894afcbd47221994,2017-11-22
e1d4d1e4e8f00e0b9ac69e656d7f2db0,18f3077d69b15607009c3d0d581f5015,delivered,2017-05-01 10:53:02,2017-05-03 11:33:33,2017-05-16 10:41:16,2017-05-22 16:53:41,2017-06-06,581ed624e77199104b70cc1a07392849,2017-05-01
4c405d4709e91c1a881d8e70a74d9dbe,6f5a5363751e0e9093a2628b5bdfc5e4,delivered,2018-08-10 19:53:07,2018-08-10 20:05:20,2018-08-16 14:00:00,2018-08-23 03:13:47,2018-08-29,75ce0440b9fe695a268b7ef0de363ddb,2018-08-10
6ae75885c8ee760ef5d4a9bcf797c788,1692226c41a2099015b515e8906a6741,delivered,2017-04-06 15:51:57,2017-04-06 16:05:22,2017-04-13 08:34:23,2017-05-02 15:48:55,2017-05-19,45ea5d11dbab64432746c40c42b10fb3,2017-04-06
cc5aa8cda6decdb7d61ad7ac55767ec3,2c053a3d38bfbbb1e805253ca0ab12a5,delivered,2017-08-21 13:00:04,2017-08-21 13:15:10,2017-08-22 22:04:02,2017-08-29 22:08:59,2017-09-19,c0378e9280a6e9401f2b0fd4a288496b,2017-08-21
4e000d94b48474ed259893d52b57d357,0b3e90a83c52a1db4ffd061f30cbb865,delivered,2018-06-18 15:43:44,2018-06-18 16:40:53,2018-06-19 14:19:00,2018-06-25 15:12:52,2018-07-17,cbe25a905d6b8b23fed683a7302f654d,2018-06-18
e31626405b2e6ddf9752a4b82da9d0ae,c263d895926cde57ac7fd58054e41de6,delivered,2017-11-26 08:55:43,2017-11-26 09:13:27,2017-11-30 16:49:10,2017-12-15 00:55:02,2017-12-18,38238742920789302dd96fe37897314f,2017-11-26
b9b426ab253dc328825da35f1bad83f9,a47eef7a7043f321d272a603771704a2,delivered,2017-06-18 23:14:46,2017-06-18 23:30:11,2017-06-19 18:43:01,2017-06-29 14:04:54,2017-07-13,4facc2e6fbc2bffab2fea92d2b4aa7e4,2017-06-18
a86fc4e81f6a746ed3fe4495a242e3e4,85d31ca96deb27c59bbb2485f64d658f,delivered,2017-12-25 19:42:13,2017-12-25 19:54:24,2017-12-28 16:57:27,2018-01-22 19:44:09,2018-01-26,8c99c0cb3f5f7fd22ca196e27c7f4619,2017-12-25
a3388b41c73884c10ac3d97882b683a0,f927dbcf7a40dc8cdcdac6cbbf1d5569,delivered,2017-09-28 14:00:05,2017-09-28 14:14:14,2017-10-02 14:02:40,2017-10-13 16:36:55,2017-10-24,6c2f6983a60ac0dc8a9ee65579959538,2017-09-28
ef3b75eae01e343f3d7c05e88a9cc496,d4b09113e561e6fc7d4f3de3c93ac50b,unavailable,2017-12-03 16:44:28,2017-12-03 16:55:24,,,2017-12-28,443fd1b6933105b9b726f6118a6b756e,2017-12-03
ed241a40fbcff0bd9429886e4b20f142,77d8952aaeafecb46131a4ad21ce672e,delivered,2018-05-21 17:38:06,2018-05-21 18:13:22,2018-05-22 15:50:00,2018-06-04 14:26:45,2018-06-11,d7dae4f93f4e804e66ba98e51e3efaf4,2018-05-21
da7d7e53c86d326200b7b44b722f2aa1,8f4164f1df92c0171b66943b57d1714e,delivered,2018-08-07 20:57:49,2018-08-07 21:10:11,2018-08-08 15:24:00,2018-08-14 18:14:41,2018-08-15,04b8af3ff5e931073fbdb9ca156192ad,2018-08-07
4930f37130adb20a3c7d0b02b07050ca,5a5be2ffc3579ec82f4d6c04f563efa1,delivered,2018-01-28 20:53:27,2018-01-29 20:52:01,2018-01-30 22:51:41,2018-02-19 16:09:27,2018-03-06,bf07069bc4c6554e5ca938d5692348a9,2018-01-28
190dca51b7367cbcf69eff19efd0bd20,816d92a88a9564253b9b3ec7e346c255,delivered,2018-01-12 16:36:26,2018-01-12 16:50:30,2018-01-16 20:13:05,2018-02-05 13:24:14,2018-02-06,df56389d2f1984019fe82a88ea1b7b74,2018-01-12
75442ec654c06e80d22adfa998464320,a722db6f9a0dc652f3f8b70165707a8c,delivered,2018-05-01 23:05:59,2018-05-01 23:15:25,2018-05-07 16:31:00,2018-05-11 20:59:05,2018-05-25,e14331818ca79fb8e223bf51b46224a6,2018-05-01
ae93d9eb06bfc7041b9852135167bfc7,aab6715af29cd442f1bcf8978d1dc4db,delivered,2017-08-08 15:33:41,2017-08-08 16:23:39,2017-08-09 19:33:33,2017-08-16 19:27:30,2017-09-12,e37a273600a0ced98e7e0f5ea5c934f9,2017-08-08
9cac3ad2924225c89642ac6a44f5e62e,9e1fbcf787afe799fca67df3cbd7e324,delivered,2017-10-08 11:39:56,2017-10-08 11:56:11,2017-10-09 17:48:06,2017-10-20 18:23:14,2017-11-06,868b06b609beeaf4ca5b8a8a292ffcd5,2017-10-08
0630ba8015b69f03e65dbe4be3aceb4f,117f0e86c5ec654ec54339df2be13588,delivered,2017-03-14 17:21:42,2017-03-14 17:21:42,2017-03-16 11:33:53,2017-03-28 16:04:29,2017-04-04,fce53860777a2d42c654374c6da1ed91,2017-03-14
c9653cca1e27f0816402332712a4c87f,4500849020b5728840a0fcaf0531f786,delivered,2017-11-24 19:53:18,2017-11-25 04:14:21,2017-12-01 00:16:56,2017-12-09 11:53:38,2017-12-08,4f60b730f2ab0817b0a39f7315d2b400,2017-11-24
67dfef90831fae7aa3b82e90e93ed02a,4f2aca9e9d7d67b1b3f30feaba2323c6,delivered,2018-05-10 14:27:42,2018-05-10 14:56:46,2018-05-10 19:56:00,2018-05-18 22:46:41,2018-06-01,4947ed0080ce336bb4367837139e305d,2018-05-10
1e9cdb2ee26ee17ecb5f050a180cf8ff,c438793f5bfa6de0ee35371740b40bb5,unavailable,2017-05-29 19:22:12,2017-05-29 19:30:19,,,2017-06-23,decd26e4664352e36dc9bb376c8d50e0,2017-05-29
9131672ad00c75a1ac3633a09e500111,bac7a9d35d5f1638802cb401bcfcab1a,delivered,2018-03-09 19:26:08,2018-03-09 20:48:14,2018-03-14 17:45:21,2018-04-05 00:43:33,2018-04-19,7ea6c960d646049d49ac29853d144748,2018-03-09
e6cdacd5274dbf478d422d7144e0e9b5,8ea5ff7941244737cc793ecbc0e1e83a,delivered,2017-10-07 14:26:03,2017-10-07 14:49:24,2017-10-09 15:00:09,2017-11-09 22:28:40,2017-10-31,9c7c0e862d86a9b96e39c251dca062c0,2017-10-07
8c729ac31acf9a7169cfd3fd01e714cc,6717709fc0a13a92f4f9a8cec700c7dc,delivered,2018-01-25 00:21:59,2018-01-26 03:18:31,2018-01-29 19:52:59,2018-01-31 16:12:53,2018-02-09,dc3c2cd2fddd5925911a2f238496f6c4,2018-01-25
a04875dac0e5be70a331df6f1abda67e,8d00fc5403278a6891ef59df8faf0b76,invoiced,2017-09-29 17:42:48,2017-09-29 17:56:13,,,2017-10-17,7354ca4d03d5f8e5f06454d3f4e46380,2017-09-29
78a1fb3bd56a7b18a8212fdc2da6656a,4b56381f0bcfe425d87d8be4f1b8c282,delivered,2017-10-08 16:38:54,2017-10-10 03:35:17,2017-10-10 19:32:02,2017-10-17 12:08:03,2017-11-07,7b2223c53cb293538b64cea6a9e11860,2017-10-08
1b4109ba78bafb5f1d4d5fb9f74b5d44,6e19692b66e30bc98c581fd35e3208ce,delivered,2018-02-14 11:37:48,2018-02-14 11:50:25,2018-02-19 16:57:44,2018-02-26 12:35:07,2018-03-12,d93ae34e661e99aaaf0231f5c8a80c8f,2018-02-14
0ee415fdc549189ef34dc8f7de4763cb,713d876c66755a8af5d2689433f37498,delivered,2017-09-02 21:39:47,2017-09-04 17:30:18,2017-09-05 16:22:35,2017-09-19 19:42:55,2017-10-03,7328cfb6346c3ac9d58e6361587f9004,2017-09-02
28a21417da4cc1b4f98122b2ec3833e7,854f3b49d15c07296cbfa18bf59d0b29,delivered,2018-04-12 23:14:53,2018-04-13 13:15:01,2018-04-16 16:42:01,2018-04-23 14:38:27,2018-05-08,2b5c1e2edfc8f0000ba5eb5b26544045,2018-04-12
e1ca31317b9d333b3991d72a5717d4fc,2aabe8a2ff4e13dab250d5d8c130c8ba,delivered,2017-08-07 23:32:29,2017-08-07 23:45:18,2017-08-10 15:54:11,2017-08-14 21:24:48,2017-08-29,b31f5bf78807b72b42cfae6237d731ab,2017-08-07
89c037e2b749a2ed5e9e1219189e241e,94ad51d3361e6d1d4d10288b80b4683a,delivered,2017-11-25 02:49:19,2017-11-25 04:15:33,2017-11-29 18:29:02,2017-12-11 14:24:00,2017-12-15,f06942697cbf8ac82f5f63ef7a8877c3,2017-11-25
fcf235b93f4a81b6f5125059c9793465,8d0ea3ad63466149ea6e250961697eda,delivered,2018-02-07 22:05:17,2018-02-07 22:15:28,2018-02-09 17:31:59,2018-02-28 19:05:12,2018-03-14,326b8663c90a9035ba7e2797b161ce90,2018-02-07
b37221105bacc5296a24e7b334498547,2c572703cc177e9d9aeaeda37ee126a4,shipped,2018-02-06 17:41:41,2018-02-07 17:49:48,2018-02-20 13:52:58,,2018-03-13,37199c7a9917cfe96ac736d221e3f5f1,2018-02-06
2a4e1bbe60decb8ee2aec1063f4607c8,7bb3ca80fa418c132af83831d716da89,delivered,2018-02-21 00:59:45,2018-02-22 16:56:29,2018-02-26 18:12:19,2018-03-13 14:27:27,2018-03-16,be418b61d87418d47815dd65038a334e,2018-02-21
cf8a286791ca34ae16989098a84abc35,a43f09f1d876a60a7afef7468dd3b8ef,delivered,2018-06-05 08:34:40,2018-06-05 09:10:56,2018-06-05 11:20:00,2018-06-11 19:42:23,2018-07-13,3cc5bc0ded3482b84dd2527cc229844b,2018-06-05
85590544453efd501d242d84acdf9990,9404b12eafdc0f385da9b66d39a828ae,delivered,2017-09-07 16:46:19,2017-09-07 17:06:20,2017-09-08 15:32:58,2017-09-22 21:22:17,2017-10-03,35e4158779cbadf3db0525fa1f453ea8,2017-09-07
9edb25e5937c67da7b99b6a60b4aae70,953d47f27345c3696de8693c5b3f1d7a,delivered,2017-11-28 12:36:25,2017-11-28 12:53:18,2017-11-29 17:25:56,2017-12-12 17:53:57,2017-12-26,0ec8559979ca4db9aae3260da713718d,2017-11-28
c4e892263d3d1e1bd9f1dabad754287d,b6e62ebd9db8a2f240058b55d80b3213,delivered,2017-04-24 20:40:58,2017-04-24 20:50:24,2017-04-27 06:44:06,2017-05-05 12:57:58,2017-05-29,9e77c4a3093132a91973d93a72939382,2017-04-24
ea5f30a182b04fd1296273605983b9a4,7f6a345ff92095fba2660f11ec6574e4,delivered,2017-01-23 11:56:23,2017-01-23 13:55:10,2017-01-27 14:21:25,2017-02-02 10:57:48,2017-03-02,fdb86bf15a984dc8b14912e4ddc78f79,2017-01-23
b4f8309e1091470cf3ffe3514ea93e82,0efc639e0f13c6dbbfd28537aa5f57c1,delivered,2017-07-17 00:14:01,2017-07-17 00:25:16,2017-07-18 17:47:48,2017-07-26 00:03:33,2017-08-09,fb129ecc2ada50f4183c9f34476b0587,2017-07-17
7c42aafccecb4aefc0c0b345114cb321,e6add8f4805cb6a382c26548daaed9d7,delivered,2017-11-06 00:27:44,2017-11-08 03:35:40,2017-11-14 16:56:51,2017-12-12 23:32:35,2017-12-19,6c9871f7c55b411fabb59d9130b51e6d,2017-11-06
832e8d2354732ff820bc425bf1d7cd52,31681d181856456f0e90f10594ed9b91,delivered,2017-02-08 20:30:19,2017-02-08 20:43:04,2017-02-09 11:06:59,2017-02-16 13:45:53,2017-03-14,681b1f6f853abf792786c3429e8e8633,2017-02-08
3d03d116b48f6fff976e1f491fec240c,b1b7a7a6b45f0c48bd9a2c169de0035f,delivered,2017-08-17 17:03:58,2017-08-17 17:50:15,2017-08-19 15:10:01,2017-08-24 19:23:53,2017-09-13,43cfdffa8ad0967cf3835d5e0bce7583,2017-08-17
b18574ff0d88a32cf00f56fdf8423a73,1d37f7f2a4d76f4f6d3f6cd54d21f27c,delivered,2017-04-01 21:26:26,2017-04-01 21:35:27,2017-04-05 08:51:23,2017-04-28 18:23:41,2017-04-26,e52279bbd9247afb8025aed07c6d57b8,2017-04-01
69eab1df0881c314c60f8a3a1935cfcd,b9a2c2d0d3511ae357c7604258784a37,delivered,2018-03-25 14:34:14,2018-03-25 14:48:07,2018-03-27 02:12:02,2018-04-02 17:25:29,2018-04-19,78e33e5734c2ff3703426bc781471ce9,2018-03-25
c5a4102c4979beb7f062d7ad384cdac0,b72d6bbfbc9d7ab8678862a7ab3f92c5,delivered,2018-07-15 23:47:06,2018-07-16 00:04:19,2018-07-24 16:07:00,2018-07-26 11:51:57,2018-08-07,f6c4d343f3e95e7577f3a7ebe3883b73,2018-07-15
f688669f48063536e082bb32d634cd46,691d28310063e5b36b732b117f2bcfc0,delivered,2016-10-07 10:28:56,2016-10-11 04:56:13,2016-10-21 18:02:40,2016-10-20 20:33:27,2016-11-29,15896826233a6eda72c64e1b99a0856a,2016-10-07
1cd2f52e42a0c37a8b1d06b7643a2005,b088674aef0e7f4dea9697187e44bf12,delivered,2018-03-18 19:25:06,2018-03-18 19:35:25,2018-03-19 19:06:45,2018-03-20 20:02:44,2018-03-29,357a030b51ff1ba4ed61de5ec4c59569,2018-03-18
7ba18adc105f4f65be0e4f7c4a498b91,3e9ab7a4e6f263bffb3bc530425526bb,delivered,2018-05-10 10:49:43,2018-05-10 11:11:09,2018-05-14 14:06:00,2018-05-17 16:32:52,2018-06-04,16dcc712464a412af8bf7c924d1bf964,2018-05-10
a185a7b54a3d7a345dd5e158af052295,f593e49cca3cf13edcc0c8ade632e17a,delivered,2018-01-23 15:30:59,2018-01-23 15:51:25,2018-01-24 13:38:58,2018-01-31 23:52:11,2018-02-22,6d6334a6df1e062ac8f6fa8051a33c8f,2018-01-23
fbf5670723916ebf3bd62b1e33ed3ea6,82af83df6bec753f1d1d9b54e6f34454,delivered,2018-07-18 19:01:30,2018-07-18 19:10:35,2018-07-24 13:52:00,2018-08-10 22:16:31,2018-08-15,ba9813b07a221d94ce5c0f7619b6c13a,2018-07-18
a3a1b4761bb6da969fa862b89382e855,178a39120267757ad51cd4c00165eec2,delivered,2017-05-29 12:58:54,2017-05-29 13:10:22,2017-06-02 09:38:13,2017-06-12 14:29:38,2017-06-23,9b97bcdad0eec4b20489975f24b822df,2017-05-29
19c2ba00be4e129ae7890ad07836befb,609be7ff5867d28e0a24797c375b4a2f,delivered,2018-01-02 16:25:51,2018-01-02 16:34:31,2018-01-03 13:20:55,2018-01-04 21:42:29,2018-01-18,1b1a8a5d1b4b4a1cdf7ac7ad13795735,2018-01-02
182375a4972a94784db73b010b9b9178,2b69a9e0c08e9a1d6ff183ac0d2ea64d,delivered,2017-02-25 19:02:11,2017-02-25 19:10:20,2017-03-07 08:34:31,2017-03-23 13:08:53,2017-03-30,1593391be5b61d50965ef2c8dcf7df24,2017-02-25
3335f13449d5b75804a0a49611cf11a4,905c64238c028ba8ea9cbe01d51d38b9,delivered,2017-12-03 20:25:24,2017-12-03 20:32:21,2017-12-06 20:12:28,2017-12-21 22:51:20,2018-01-05,190865db43b4d2a34a1d72df724d1622,2017-12-03
448ac35cb407cbbf4d717de9b706ea01,4367079aafca8e89e6cde0f0bfb62fc0,delivered,2018-04-20 23:06:26,2018-04-24 17:46:08,2018-04-24 20:03:44,2018-05-03 22:02:51,2018-05-18,cc981606b0e151d381158b6585ec1e61,2018-04-20
201164b89baf9300df72f328a6e5842e,f350390f6414291f89b91b09b6f6d5a8,delivered,2018-08-07 07:04:53,2018-08-07 07:25:10,2018-08-09 17:09:00,2018-08-23 23:28:39,2018-08-21,23c39e7d9bf15bbab631d325550e83dd,2018-08-07
c093b337defb1739af5d4d2925cc9e00,65cf8608e2419a255a6007112b864b4b,delivered,2018-08-20 23:07:47,2018-08-21 09:10:48,2018-08-22 14:48:00,2018-08-28 19:18:41,2018-09-04,ad2ca0de084cff1144d660d203d990cd,2018-08-20
f9ec58487d5b17279ea8e6226772ed60,b88c9099324e9a5f4c9fc6339207ac5f,delivered,2018-02-12 21:09:21,2018-02-13 21:07:52,2018-03-02 22:28:55,2018-03-13 17:53:26,2018-03-19,84c8c83e0d6e57ddbe312672c05a998d,2018-02-12
3337a984417a1c95241b5f47acb33720,175bdeec28f72792b7df9bc8b8481bcb,delivered,2018-01-26 09:53:11,2018-01-26 10:19:03,2018-01-26 20:39:06,2018-02-02 22:40:04,2018-02-19,9141edad498bb47527ed800e101b5f5f,2018-01-26
dc1b1cb0a0bef9a1b53b35be77247cb3,ef7c85f2ad75eed987fd08a601715fd9,delivered,2018-02-21 11:45:27,2018-02-23 02:31:11,2018-02-23 22:16:35,2018-03-06 22:57:22,2018-03-19,a898766c42344d7b1b9875bf6440c2ff,2018-02-21
29151dfe1230f3ba25895f717989adaa,313bf9a92649677bf64d953f47f6e39d,delivered,2017-09-14 21:53:50,2017-09-14 22:10:08,2017-09-15 20:27:00,2017-09-20 19:08:00,2017-10-02,4c02484da9f8d77218343a54f5f9158d,2017-09-14
b9e6b3135dcdfc054568883b2bcf1e5e,5d3dc874f9c79b6b16ab0a108588bd15,delivered,2018-02-28 10:35:30,2018-02-28 10:55:33,2018-03-06 21:04:51,2018-03-19 23:05:08,2018-04-02,e5ae3dacf82b0ced4bd9e85046b96f38,2018-02-28
0ce0997380b2110e5d35697ce4ddabd7,ff582f34a30b0646c52541de86107865,delivered,2018-04-27 14:06:22,2018-04-27 14:32:00,2018-06-06 12:57:00,2018-06-14 12:52:17,2018-05-28,50915df398391da01c01bd5cf272f61b,2018-04-27
83f8459006c34fe926f44256bb057bee,feb9fb0fe3e21f8e552c75b36bdc6c1d,delivered,2017-11-05 15:36:10,2017-11-05 15:50:35,2017-11-14 22:34:36,2017-11-21 18:46:56,2017-12-06,3d312265fc9d391f8dcda6be3c0605c5,2017-11-05
08bb3532c9b969bb6a46f98fc5507510,36a80398a8d7c60932411d45ca20c4b6,delivered,2018-02-18 21:05:38,2018-02-18 22:07:23,2018-02-20 22:39:08,2018-02-26 16:55:01,2018-03-12,7f75f185743196f97139443349a006f3,2018-02-18
cbdf436a9a9c8213157a125b91ef27b9,67b9fe15483a807b6a35c1a934631655,delivered,2017-09-21 18:02:06,2017-09-23 02:25:35,2017-09-25 18:55:44,2017-09-26 18:42:11,2017-10-13,15fbd44ecdc6b3d60f1839c8a85df7ee,2017-09-21
264a7e199467906c0727394df82d1a6a,9913942a9bd26b840c4d19db0cbf6b89,delivered,2018-04-06 17:20:33,2018-04-07 17:15:10,2018-04-25 13:57:00,2018-05-08 13:12:16,2018-05-21,5f2f6fba74de007241fedfc485b72ba7,2018-04-06
96c7286c112b061fdad0b6f9aa012af9,6aa8355eb8a274d21d0ad480aa04dca9,delivered,2017-11-20 11:27:33,2017-11-20 11:46:19,2017-11-21 18:36:00,2017-12-07 17:39:12,2017-12-15,57018168fd1a28852fe9e22546159edd,2017-11-20
0a01aa0d779fc923be4cc5505b0c6dd4,a16adddba755faffcf5fafc6506abcd8,delivered,2018-06-16 18:46:50,2018-06-18 12:37:28,2018-06-18 14:15:00,2018-06-21 19:21:36,2018-07-05,03afddcde6dddfb09ab4c007a4d6e34d,2018-06-16
0e39a2860c79b45dfca72b9153461a8b,8eb88eb1066f4e8b52dcc1b739652b9c,delivered,2017-07-31 11:35:38,2017-07-31 12:05:28,2017-07-31 20:23:43,2017-08-03 19:22:07,2017-08-11,43a9d015dab2789e4697ec619d417ce6,2017-07-31
9d2541eb54ba5279c1746cdb2775a960,f1a5bf72aa07f3a27a258738f4c316a2,delivered,2017-08-30 09:54:41,2017-08-30 10:05:15,2017-08-31 16:59:53,2017-09-06 20:26:51,2017-09-20,4e71ee20be0dc75fd8e82b9eb2111a68,2017-08-30
d43547ebdfd7f5f70df830db89710200,594ac4b8f0fcbfbcf382ab0da137d00d,delivered,2018-04-10 08:52:51,2018-04-12 05:50:54,2018-04-13 19:20:38,2018-04-24 15:12:32,2018-05-03,e2492e4188991b6276a4a62a287a5451,2018-04-10
b7e23b7efc57795b6806ef873f1e5ab0,d270ca43fc5e983b710a3cf58d3fe85d,delivered,2017-08-07 10:38:27,2017-08-07 10:50:20,2017-08-08 13:43:54,2017-08-09 16:12:27,2017-08-22,c637528a973c7d0760ea0fe89be03756,2017-08-07
76789ef5992bcd2fa17a0dded26d7deb,2672bae170e6ce851be3c99f4b24b85d,delivered,2017-11-27 01:01:30,2017-11-27 01:14:19,2017-11-27 15:51:58,2017-12-07 20:24:47,2017-12-20,491c8ead771b1d8889ae896780d5fc79,2017-11-27
434f895a5aa9ea2fda834cbdb831a7b6,0ef151d5841bc8528f872b4fd70ca7f9,delivered,2017-08-10 15:11:11,2017-08-11 15:15:18,2017-08-15 15:52:35,2017-08-16 13:54:39,2017-08-28,230a65fba33e85a897322154e8764185,2017-08-10
7a278d560ec8ffedc0f4e11836858a6f,f9cebccb059f0b4d65601c2a6cf4ef82,delivered,2017-11-22 23:07:14,2017-11-24 03:12:34,2017-11-28 20:20:09,2018-01-04 23:54:59,2017-12-18,0fa3dfc9b8012e55a6e11db4d8a82c4b,2017-11-22
16cbf959cfdb88c47ee2a29303547ec2,0888ceb9767c8f38f24962e72e7c32fa,delivered,2018-05-15 19:52:47,2018-05-15 20:17:07,2018-05-16 07:54:00,2018-05-21 20:34:50,2018-06-06,96cfb3cb3042dc4d0fc15e5dae7080c3,2018-05-15
70a186c8d58272cd86453ce487362fc2,e7ab75d3f954f4341e46ba3b932b8f06,delivered,2018-01-02 18:41:09,2018-01-02 18:51:28,2018-01-03 20:54:35,2018-01-10 19:22:51,2018-01-29,1d071e2cd4214d7557abc9083fc99974,2018-01-02
130b55c573b5ac7e40d3c3534699f293,1d3de70085b48ac61b4c235af55b9522,delivered,2018-05-13 16:23:50,2018-05-13 16:35:12,2018-05-14 14:56:00,2018-05-16 00:20:55,2018-05-25,c473466ced1e4055a4cd9e25020ae844,2018-05-13
f306e4fa7422056477d5acd0d69de0be,e8c9a6a25735e3daa12fa3ccb069b0b5,delivered,2017-11-24 12:55:45,2017-11-24 15:12:58,2017-11-28 22:04:45,2017-12-01 20:25:00,2017-12-14,121a2abaa04474a201a038977cd68446,2017-11-24
0cece095c1c8f6bd21ec851d74642943,fb6f8e0cb2c65dfada05252697877460,delivered,2018-02-05 15:37:34,2018-02-06 20:31:21,2018-02-14 13:23:01,2018-03-10 16:41:43,2018-03-09,6e89568b2eebe1ed7d20f5d538eb7107,2018-02-05
c2cbad19d26c3e399c065fb573a6611c,cf5105d5da60c3c0a496589a7664df23,delivered,2017-12-11 19:08:25,2017-12-11 19:15:29,2017-12-14 00:04:01,2017-12-18 17:58:22,2018-01-04,27455567d61cd7ea736dfe92b20f1243,2017-12-11
2d9ae61d3fc718533956b7efca0d632c,396f796f89ba2ca820ca123faca256de,delivered,2017-12-05 10:30:20,2017-12-05 11:05:30,2017-12-05 22:42:16,2017-12-07 19:46:58,2017-12-21,53beace9d0aa08b64d759d5f5a66550c,2017-12-05
31b5594fc512aedc5f790621219fd23b,48dac436905723c1a5cdaf40bb3c01f6,delivered,2018-07-30 19:52:59,2018-07-30 20:30:57,2018-07-31 15:44:00,2018-08-06 14:42:08,2018-08-13,28e8bc8726f48a7499dea689d3f8e0d4,2018-07-30
9c867ee818c84d2be46a83abbfb13004,360fe62c01314738c3a169f57bf3a638,delivered,2018-01-14 12:19:00,2018-01-14 12:29:21,2018-01-16 20:59:05,2018-01-24 23:47:10,2018-02-07,21a3553eeef3d891b20f0515665c605b,2018-01-14
8cee1e77f3ff782a0f7fc304065941b6,b14de24553a648f6c1bf49e3f61e1056,delivered,2018-01-08 13:05:42,2018-01-10 10:33:00,2018-01-10 18:04:44,2018-01-13 02:43:53,2018-01-24,024422409498157526b84fb4cf919ae3,2018-01-08
44879a8f19c5e8a5e9278477b29a29ea,a3e5a7458a61e94c06131898e1b75449,delivered,2018-08-23 20:56:41,2018-08-25 02:35:16,2018-08-27 14:21:00,2018-08-30 20:38:29,2018-10-04,331261d676590bf08bc94e7337c1de6f,2018-08-23
999b6fc072d02a9342c9e2d8ec687ab2,ae0e840cf718fffd1ebcc175caa4c229,delivered,2018-02-25 15:13:44,2018-02-27 04:31:05,2018-02-28 22:52:43,2018-03-06 00:15:51,2018-03-12,e232822a3ed1fa66615c513684cd94c3,2018-02-25
c75939f71cf719e8454386d669f0a53f,a4033f67e5f83bbe0675b0f6c5393018,delivered,2018-04-23 15:33:16,2018-04-24 17:11:57,2018-04-26 14:48:00,2018-05-03 21:52:14,2018-05-29,af2cd67b99b50a0d167f448681d6c3a5,2018-04-23
5df8cdb8acb96693580f58ac6df8d5a1,be86d70c1c1ad3ef4c55a9635ecccd52,delivered,2018-04-24 10:46:44,2018-04-25 04:11:05,2018-04-25 15:09:00,2018-04-26 19:14:35,2018-05-10,218424e311a84b20a99756b281700894,2018-04-24
615506b52b6dca46c33bdf05c0eca036,a368eb0dbd95482df5fdc748411bc55c,delivered,2018-02-18 13:10:40,2018-02-18 14:15:33,2018-02-21 00:21:52,2018-02-28 17:23:13,2018-03-12,7c2350ae278b8dd78a1ce8f56ced5243,2018-02-18
f1d056481e80b7b6497cfb119277451e,db3205e0754347592846a7806804463e,delivered,2018-04-02 10:41:31,2018-04-03 05:30:28,2018-04-04 00:27:34,2018-04-24 22:49:32,2018-04-27,9660f50288446ac0448087e8a1eae4c6,2018-04-02
db2eafd064193f2bd9dd161490c09bd0,cabe6638d5f48efcaf5fab4aafa60647,delivered,2017-08-30 09:30:42,2017-08-31 09:25:13,2017-08-31 19:41:27,2017-09-11 19:16:34,2017-09-21,4a8e4b452bb5cceafa14d6fe1f06d6a9,2017-08-30
14d1d66db4507c974f85b272b16a2e6d,bf3b87e64c9e80c8c5782d1dcd709ba7,delivered,2018-02-22 00:49:10,2018-02-22 01:08:53,2018-02-22 21:04:28,2018-03-01 23:35:15,2018-03-08,01f492ebceb9747c71cb86d983afb9e0,2018-02-22
ee92bc34f8de7fa0c865952a83834964,eb261ab20657f854c87a943d653e157e,delivered,2018-05-16 17:54:04,2018-05-18 04:54:27,2018-06-04 16:01:00,2018-06-11 16:32:18,2018-06-04,854519a25a87eac75808166bff67a6b3,2018-05-16
db747e7d69671f32e8e4ea7fdc1266ed,34eb10c1e6dec97a944f03fb54575c26,delivered,2018-07-19 12:44:53,2018-07-19 12:55:25,2018-07-25 12:41:00,2018-08-22 12:46:55,2018-08-15,da770e408aa9676741518c3a9bef3c6c,2018-07-19
2285f789479857a3883d50453a7279e2,79601a95fff7b0259e94be4739411bd6,delivered,2017-12-17 17:46:13,2017-12-17 18:50:18,2017-12-19 14:35:32,2017-12-29 16:14:22,2018-01-17,2701606c854378c21411b7643d702e6d,2017-12-17
98dcdfa3731376c88320c83255bf0f3d,493499e3761224bcde8c4496a82d61ee,delivered,2018-05-07 20:32:36,2018-05-07 20:51:48,2018-05-09 11:09:00,2018-05-12 03:03:04,2018-05-18,d516e92250c1166f2171d730966a9caa,2018-05-07
8a81337c086e3ab740913c061cf6c2d4,87cfbc9db7f2dc260b8f0022377909ef,delivered,2018-03-02 21:52:33,2018-03-02 22:29:06,2018-03-05 19:19:49,2018-03-16 00:56:24,2018-03-14,bc7bdb9c1a238074b218f190a3e1e5bb,2018-03-02
026d16bd3f41638e1003e974e5487904,e3d123ca587e904151c6ee18f3481f99,delivered,2017-09-12 08:55:36,2017-09-13 03:24:53,2017-09-18 13:50:17,2017-10-10 15:24:49,2017-12-05,64e61b85be9f1bc762c8bbdf4a15ed3b,2017-09-12
1d7d027760d0ee20d6f3985f1fe22773,23c58aad8fd6fabf5eb88298af0876b9,delivered,2017-12-17 22:45:55,2017-12-17 22:58:25,2017-12-20 16:49:00,2018-01-03 16:15:38,2018-01-16,261b7b1a7f6d122048e320fac49b32ce,2017-12-17
dc188b1cd6c74761acf8a9fad52c1797,5f9b068d5f22a5f968d9b2f7e174af80,delivered,2017-07-13 13:21:39,2017-07-14 13:30:13,2017-07-14 18:31:45,2017-07-26 10:49:45,2017-08-08,d9713ac46f89da36ee7d911c1ca01a22,2017-07-13
94824ef603c1020f90aeabafd81bd704,e0f08c39c7055541a02687bc565b3f94,delivered,2017-03-07 17:12:18,2017-03-07 17:23:09,2017-03-09 15:38:06,2017-03-13 17:52:10,2017-03-27,9386c5230e8c655e2fe9ab0844775fc1,2017-03-07
5e81354e795eec26aec91548a783b116,54d0cdd30e650c9f5abdb8ee917dca6b,delivered,2017-05-09 00:18:57,2017-05-10 02:15:17,2017-05-11 09:42:51,2017-05-17 11:56:46,2017-05-30,5254cf3932add60ef66f9730b2315cc9,2017-05-09
9b9e5dc0b6090b81377610cfbf719c10,d3bf352e55ea73207a288f035159128a,delivered,2018-05-05 21:45:36,2018-05-05 22:13:05,2018-05-07 15:00:00,2018-05-10 16:44:39,2018-05-22,1fc02bba36d7ae4169853ef51b6aa6da,2018-05-05
9670e04f62098cb2eb977a5d5df33229,7f041fb8c11ee3f2d1c83b19df33fa35,shipped,2018-01-11 13:32:58,2018-01-11 13:47:30,2018-01-15 18:34:44,,2018-02-23,4a3414e460591e0292885c42f96b2522,2018-01-11
3ed44f394dcafefbeb7377f0450ba269,7fddcb57b072d265db33f4c805bbfbc2,delivered,2017-05-16 17:21:14,2017-05-17 04:05:25,2017-05-18 08:14:47,2017-05-24 08:03:55,2017-06-07,d76d40f04f11ebc8fc62ca0230959e8d,2017-05-16
8e239d4b3f8da8e910f2ebf1e6aae337,d11936daa80291dc59098bd797ed5cbc,delivered,2017-10-07 14:17:03,2017-10-07 14:28:19,2017-10-11 21:43:46,2017-10-18 17:10:08,2017-11-16,45861a2fa96bf4b274910d556beb08f9,2017-10-07
9e50d6711cd120b8b6fecc98aca9d306,c9b87d9c9f40b48c6872a6bdc623ca72,delivered,2017-09-15 07:39:51,2017-09-15 07:50:08,2017-09-19 15:24:25,2017-09-20 22:03:52,2017-10-03,69582cf013f08d7c033cdd159437a174,2017-09-15
ecbca2c30740b52e3c746a2794609a69,34f4eaae00db9f8228db326914908706,delivered,2018-07-23 20:46:18,2018-07-24 10:31:40,2018-07-24 15:45:00,2018-07-27 16:57:46,2018-08-06,712c9e0b60317d7902a5e6678650cf07,2018-07-23
c3a4f2b35690a1938c71e4543dc6cb18,4fa362e6784222f876d17bdb0975133b,delivered,2017-05-21 16:41:54,2017-05-21 16:55:09,2017-05-22 16:13:58,2017-06-06 11:19:56,2017-06-09,b8471c3374250b615817e597b1818e90,2017-05-21
ff1ea7be87e1ca3d2ae5b77eaa6dab69,d956c02f6d3084258733dae0dd964a53,delivered,2017-05-12 17:22:23,2017-05-12 17:35:16,2017-05-15 21:19:41,2017-05-23 12:55:45,2017-05-22,4f423618c6b877c12913e405777f053e,2017-05-12
3331e2e606f435cefac5a3ec86ebee7d,8dba88d5e26038cb58d959f73983a975,delivered,2018-08-14 15:45:53,2018-08-14 15:55:25,2018-08-15 13:48:00,2018-08-20 21:08:38,2018-09-05,6156e4ba15a524a5a9cda091388d7c9a,2018-08-14
a40eb8e0891c4523a545f31388c2ebe5,4a2cf53472e16bda981f1aa3724e07bb,delivered,2017-12-06 10:17:50,2017-12-06 10:30:57,2017-12-12 22:23:20,2017-12-16 16:28:40,2017-12-22,43b0b5f6fdf43c726e4e6f65245bfba6,2017-12-06
a532c4a850449b1f08cbc448e2a2568f,5d32870687f3bce3d866addfb37d6910,delivered,2017-04-06 13:10:31,2017-04-07 03:15:35,2017-04-10 06:32:58,2017-04-18 17:58:40,2017-05-12,41b47de54a99f37ac2bbcb5758762fe2,2017-04-06
5d356daa43b595e4132a76f217230476,949c1427726c544f841ef6d3593772a4,delivered,2017-11-27 17:51:59,2017-11-27 18:11:49,2017-11-28 18:55:51,2017-12-03 18:10:09,2017-12-15,306a288f9da68a239e28063e114f0502,2017-11-27
f5c689533bee49ee840a49ecfb066b24,123b6048837fa953150255ef6a2efbb3,delivered,2018-05-30 21:29:44,2018-05-30 21:50:00,2018-06-04 13:44:00,2018-06-15 10:39:40,2018-07-11,0ecb758da76c45b5fdf19d38792fbe2f,2018-05-30
62df2a6e81f275396c8f6b0dbef9b091,cf9ccaedb1a62b0d6debd90aa491cff9,delivered,2017-12-18 15:58:48,2017-12-18 17:18:28,2017-12-19 16:24:13,2018-01-02 14:58:19,2018-01-17,7be3f84506929242dcdd185f310ea3af,2017-12-18
958da7d574d07d1acbcf0c5c0f5ea9b6,c3c2890de4f0b5e1dd05a3de8947bf30,delivered,2018-04-14 12:12:34,2018-04-14 12:31:58,2018-04-19 14:45:39,2018-04-23 13:15:39,2018-04-26,7d2d68621da84c1febf4179d76883c2c,2018-04-14
2d9e3c3c7f0f3ba8a8fa3db2f1211ceb,6b79d5d9914b88e0e05a19e76dfe926b,delivered,2016-10-05 17:09:07,2016-10-06 15:50:35,2016-10-31 14:36:53,2016-11-07 13:55:07,2016-11-29,880e01d45fe9fdf7f417f37e55e7730f,2016-10-05
97d27b60de1ffde7559bfe762230851a,832ceac5b67d91f8915213377b44dad4,delivered,2017-05-12 22:22:02,2017-05-12 22:35:13,2017-05-17 11:25:15,2017-05-24 10:22:22,2017-06-05,03f55e00670ae82dab663c6706b5283a,2017-05-12
ddd20a4c7ae0b71b01db1844ef9659cd,eeb9b95b099466660703b2c2778050e6,delivered,2018-05-30 07:56:59,2018-05-31 03:35:54,2018-06-18 15:15:00,2018-06-28 11:22:07,2018-07-27,4812e1a9409112e1da42427d3c8f1e18,2018-05-30
50f345c9d209339fc91c1e9304a94bf5,c5a9e09d5f12a5f872182b7c66df9676,delivered,2017-06-19 21:44:59,2017-06-19 21:55:14,2017-06-21 18:27:23,2017-06-22 13:22:26,2017-07-03,ed469825455b360a729cd1147dd2a4e5,2017-06-19
387bbb4e54caa3042c96943f795721ab,46c657a1c6f111a0926d6072098b628b,delivered,2017-07-22 22:19:01,2017-07-22 22:30:10,2017-08-04 21:22:05,2017-08-07 14:20:12,2017-08-09,d045537cf9bd29e415334af5a6cb8ff5,2017-07-22
b6337b4aae3109649f564c7886f3fc3e,d1d8f6f3210077720e90daf13b9e3481,delivered,2018-03-21 11:16:08,2018-03-21 11:30:27,2018-03-22 19:33:18,2018-03-28 19:57:08,2018-04-04,a12bfda22e7c318d63dbef58e9ea2980,2018-03-21
b3b4fa618f64e34ba2f7279eceb646e8,35c922a335b8a914109d58b13b9b36cb,delivered,2017-07-06 13:55:45,2017-07-08 03:25:23,2017-07-10 12:57:11,2017-07-11 22:53:55,2017-07-19,ac79ed6f0092c719697e171acbff98f9,2017-07-06
58cf622bf997fe1ad8875b0fef33fd77,45f47350212f40bb23cc57825174c41b,delivered,2018-02-10 11:50:53,2018-02-10 12:07:45,2018-02-15 12:38:46,2018-02-27 18:26:53,2018-03-14,14de1ff059aec7cb3f18455369d911a7,2018-02-10
70644768ae200b063d8fc6d47cc85ce4,91cb042681811c00a96789bbee61ecc2,delivered,2017-07-22 19:13:58,2017-07-22 19:42:33,2017-07-27 18:17:50,2017-08-02 20:54:47,2017-08-15,6d142aaa1145202ac46cf4ab3675a9c3,2017-07-22
8e6c595509a4fd87ead753eb70ea8c9f,e74b599f018bb29d36c74ac36d1f6e4e,delivered,2017-05-09 13:59:29,2017-05-09 14:10:14,2017-05-11 06:24:52,2017-06-06 17:02:36,2017-06-01,432931be1222411c414eef89515b05b4,2017-05-09
b2c1c7db95834595977330e8c8dd7766,e25a3aee6d27f36054035c028d016e91,delivered,2017-03-08 23:08:21,2017-03-08 23:08:21,2017-03-09 13:50:18,2017-03-15 18:42:27,2017-03-29,624b8c00e1002924c3ab9d2ce6e62d90,2017-03-08
a5ea25556316a90d6f5b6adb92e1238c,d3790c029042a5634287f66be91912fc,delivered,2017-12-05 09:22:52,2017-12-05 10:48:27,2017-12-05 22:13:38,2017-12-09 00:23:31,2017-12-21,f27455cf0fe0cf23b3480aa33c3566b8,2017-12-05
2c5062288b23a8e2573c428a2a3d1837,7671460b5fc94be0ca976374c1a1efdf,delivered,2017-09-22 08:31:25,2017-09-22 08:45:11,2017-09-28 18:30:11,2017-10-18 20:23:44,2017-10-25,a89f6d093f1f40c4211e4f2dbdaa2ba3,2017-09-22
b0f19e077703b3f0cc8de0ab4911c445,665c06c713395a778be10e3672163e2c,delivered,2018-03-05 09:02:42,2018-03-07 16:10:54,2018-03-08 16:11:46,2018-03-20 01:37:37,2018-03-28,2289931e0313cf972b6710b22bb15655,2018-03-05
9fcd31b22b1d10dea904f5f5d8e3e7ea,b6b1352555fba05956cb1dda2c0ff3ef,delivered,2018-04-03 15:24:15,2018-04-03 15:35:16,2018-04-05 19:46:37,2018-05-18 12:18:50,2018-04-27,e6552d610ea7e4ab8094358f2414710e,2018-04-03
3c2efaf967ce7ac93a892e7fd066e837,a8eb4dbf2a6d1be98cdba8efbf776a18,delivered,2017-08-24 16:42:08,2017-08-24 16:55:14,2017-08-25 13:16:08,2017-08-28 19:09:01,2017-09-06,2404e4d7e62d9b6b34eb3a2880667d26,2017-08-24
025a548c7e6d70e6b6cf600a112b0d9c,2f70159435ac1cfc015410b83084620a,delivered,2018-06-01 12:39:45,2018-06-01 12:52:11,2018-06-04 15:30:00,2018-06-15 00:21:37,2018-07-24,d8778cbc1271116398b884b4e187882c,2018-06-01
c82a982cd837462e87708e2544e09ca8,5294d29800ec8d04e1612cc53c92bb82,delivered,2017-06-13 18:35:45,2017-06-13 18:50:43,2017-06-14 07:58:04,2017-06-19 18:47:51,2017-07-04,200bde58aaed3d1f53a6816ae147f9ce,2017-06-13
55d741cba8bfa4db04ec4af34a99cbfe,519ad2758c5dd9fa6bdac3d2b23a2d8b,delivered,2018-05-03 13:39:45,2018-05-03 13:55:21,2018-05-07 14:23:00,2018-05-14 20:38:22,2018-06-05,bb45cf7d8c6bfa3ac193aa0ef11c030a,2018-05-03
a3cb021819344fef213fb8b1bf340a8c,ff7eee345bf7dc0dee6428461a01b2ad,processing,2017-09-08 17:33:58,2017-09-08 17:50:21,,,2017-10-13,0889e9a75d04dba32ac5796c8b86eee6,2017-09-08
9b0e950bc353338db67ae2750d202ca3,bfa9264382614605b67cd3b5f578b7c6,delivered,2018-02-21 23:27:17,2018-02-22 17:49:17,2018-02-24 04:56:40,2018-02-26 17:57:13,2018-03-07,0c5050e6fae6d2ff63600d19670a5627,2018-02-21
ed84d84ff056c981f01b2084bdb4785e,908e5c940ff6e046a7c6166f80ab5f32,delivered,2018-07-11 22:48:53,2018-07-11 23:05:52,2018-07-12 19:02:00,2018-07-13 22:51:28,2018-07-23,3653a55d286074548a4be0139c1e0eb2,2018-07-11
c67afe8b6c6b9dbbcfbccb18ae4b5556,246c65f2f57d1cf6ec961a41c2be587a,delivered,2018-07-30 13:26:53,2018-07-30 13:44:41,2018-07-30 17:58:00,2018-07-31 20:24:34,2018-08-09,dc2f6d448f03214d0581afd6161c5760,2018-07-30
b207eee235e171e984b26af758b388d3,90c13692208665d7d46715508f64c873,delivered,2018-07-24 21:22:08,2018-07-24 21:35:22,2018-07-25 14:33:00,2018-07-26 22:32:41,2018-08-03,703ebb717ef47804a35012c0c2231684,2018-07-24
53ec6e6945a5e805d1d8a58329b8e693,44e5f9a2ba4c1849c4c70c5c8eedd011,delivered,2018-02-20 21:56:30,2018-02-20 22:08:07,2018-02-27 02:57:52,2018-03-23 18:48:39,2018-03-15,fdfdc768c7e4add4875c623c9e146b3f,2018-02-20
c2c3dae78e8e332095112da69e79b420,e170101aeccc12fbedeca8629826ead0,delivered,2017-11-13 12:22:24,2017-11-13 12:35:26,2017-11-16 20:16:44,2017-11-23 18:19:08,2017-12-08,d232914c623e692cfb8595072cace9d2,2017-11-13
c38123fe01a5d1757b545ecfccb89c0d,f9a537570825b53bb35d231a69fda6c8,delivered,2017-11-13 23:11:16,2017-11-13 23:30:49,2017-11-23 14:34:40,2017-11-23 20:35:51,2017-11-27,5f05150e5de4988d4f6331f065d94b1f,2017-11-13
d1ac8d5603f587877a5873ac2bbf9c70,e1116881a056131dbfee70deaca7a1b4,delivered,2018-01-05 16:36:51,2018-01-05 16:47:58,2018-01-10 17:00:53,2018-01-16 20:17:18,2018-01-23,2a7316b9ce7b3736a55f2cacfa3e90ea,2018-01-05
0d8e03520c1b877edaf5ef24f7abb5cb,00205ad9ba1ef4340cef86583294cf82,delivered,2018-05-12 17:51:47,2018-05-13 12:15:10,2018-05-18 15:17:00,2018-06-11 14:03:50,2018-06-26,28a4a9aa9bd3640e1f9a9cf542cb25fd,2018-05-12
4cdf8813fc5f4c3d74041453f606868c,d6e011b818659fed8cfa433ec3bee9fe,delivered,2017-10-10 10:08:32,2017-10-10 10:26:55,2017-10-23 17:46:35,2017-10-27 19:44:55,2017-10-23,d9ad1a4f3055a4d3cba840034166b1a1,2017-10-10
a1594c5e4a9c3e2635ce25383e89e538,7de93971592f16e93c70a3e1cbb6db75,delivered,2018-03-29 13:28:26,2018-03-29 13:54:12,2018-04-03 00:31:35,2018-04-13 21:28:23,2018-04-19,e5c307e0a23e5c98639294a4cbe73854,2018-03-29
2cd938176e6aaa529800d96e692e9c6b,67a3c95ffc4184739559faccab4612e0,delivered,2018-08-05 20:20:16,2018-08-05 20:35:16,2018-08-06 11:51:00,2018-08-08 13:29:04,2018-08-10,8353b15b3a1f9ebb6cecebcde4432d3b,2018-08-05
f3edeb6abd99f61bd94454f9e7687b67,0229d7450ba7ceb9aee1e3fcc74f7dee,delivered,2017-05-04 19:27:18,2017-05-04 19:35:22,2017-05-05 11:21:31,2017-05-12 14:51:38,2017-05-25,b9128514e102f40787b83ba482a44fae,2017-05-04
cf734e2b8185ef2de852ed26103b43b2,8cc37f95a726c1caa804cb8a6d6c87cd,delivered,2017-06-07 16:53:07,2017-06-07 17:05:13,2017-06-08 08:22:55,2017-06-19 21:03:20,2017-07-04,4739b5d5f7b5ce4eda1e9323d541f051,2017-06-07
3b3b6175b659824c5da94b4de2e32be2,a607fc2178a411413862956eb77c7426,delivered,2017-12-05 09:16:22,2017-12-06 12:32:12,2017-12-06 22:03:55,2017-12-11 18:50:01,2018-01-11,fd1256846f13fd29e9820395efa6edb5,2017-12-05
0ccd1517dd0bbe6fd30dfb1dc40a0133,2d424206d3c58983c7f528e9d3021354,delivered,2018-02-02 18:41:52,2018-02-05 08:55:55,2018-02-07 20:26:55,2018-02-23 22:58:58,2018-03-08,62bce3f376fcdcfb6a93f24f15829b23,2018-02-02
99714bfcb295d1b7526bb0e1e6f2942a,a5d0163547b674f34ba89d5fea5278eb,delivered,2017-06-26 16:03:40,2017-06-26 16:15:17,2017-06-29 13:35:29,2017-07-11 19:33:54,2017-07-31,7287f8ad2395a2f739bcad2fcea390a4,2017-06-26
5989079da95b40f4c4ce2d34e4aaed39,7e666376c9ad479976211b0f7f7b500a,delivered,2017-06-05 13:12:36,2017-06-06 13:15:30,2017-06-07 15:54:52,2017-06-09 15:17:39,2017-06-26,db4ec90d4340a5b15b6802beff4d9012,2017-06-05
455283c5e3bdcef4ead05938fa665e79,18a0e3a650bfc5f55df2c50a0af08378,delivered,2018-05-20 19:24:53,2018-05-20 19:50:32,2018-05-21 13:12:00,2018-05-22 15:18:49,2018-05-29,092efb5efa2f61b05793f71115ca2469,2018-05-20
a4bec521c28b37c92e70dd4d703989bc,55e3d3c5f69c510289c99bd76da173e0,delivered,2017-05-25 18:40:00,2017-05-27 02:45:24,2017-06-01 13:26:54,2017-06-06 16:37:22,2017-06-19,605428ea162fa54ca0277832f3975dda,2017-05-25
50dca56efe42d2213549482d6a885d6f,6c5beb24690ae5ae0ebec981a59f6aa2,delivered,2017-10-17 20:27:04,2017-10-19 03:15:19,2017-10-19 14:29:13,2017-11-09 18:17:23,2017-11-09,b0183f00b5c973760fe06afd240f6396,2017-10-17
c894fad29c885c81201d9bdd80cd68c5,42db86d932ba029e4e0290778ebfc59d,invoiced,2017-12-18 10:39:37,2017-12-19 09:51:49,,,2018-01-05,803c530613f5c4ee03502be0d6894de0,2017-12-18
97371a0c99b82047e961ec875152207d,351ac62584c46e642f67aacd3db5836c,delivered,2017-12-24 20:42:06,2017-12-27 04:11:57,2017-12-27 18:32:38,2018-01-11 17:55:03,2018-02-01,bdfa846c910bdc6b8fe24134affbafec,2017-12-24
f1f0d3a078ebf9382047caf44dbc4c46,aa6d4b904d1e9b9970f456a37f304ee2,delivered,2017-04-11 15:00:26,2017-04-13 02:50:24,2017-04-13 11:43:13,2017-05-10 13:05:27,2017-05-17,0f9e7383f6b801ea203d16604c8df58a,2017-04-11
b3d7714a542865761019b3490fd544f6,110e36a213e543fb9c57e6f7268b1da0,delivered,2018-07-11 13:35:13,2018-07-11 13:50:19,2018-07-11 15:42:00,2018-07-12 21:34:48,2018-07-19,0f9cb6a331ae1dca4a525c568fea03a5,2018-07-11
aebe2bdd8b711c3314346813ff5fbc85,7265fdc420132e4933a419d08a2ad103,delivered,2018-03-16 21:03:26,2018-03-20 03:10:36,2018-03-21 18:38:48,2018-04-13 16:46:43,2018-04-13,9c2e4dbb6fe2b2788be96a4cfe8e16a8,2018-03-16
a7db1b7bfec5e83a8fd33625e99f0d15,36318088e4bc5369085a4550491f9d60,delivered,2017-10-11 12:08:11,2017-10-11 12:28:50,2017-10-13 17:54:41,2017-10-20 14:44:33,2017-11-07,75d0154ed5d24c347fd4c5bccc050e1c,2017-10-11
34ece4e04b8152221159d0a86ed3a0ee,a7416077f173333b46faea93411e3872,delivered,2018-04-09 20:54:34,2018-04-09 23:10:31,2018-04-12 15:44:56,2018-05-09 23:34:35,2018-05-22,ec326c994a402002a6d5c32f71a706af,2018-04-09
062b06f0cb6f133e2b963e4947345e17,d288c3a2a18b2c941b3edf0973ae447c,delivered,2018-04-25 15:47:46,2018-04-27 03:55:24,2018-04-27 11:39:00,2018-05-04 19:38:30,2018-05-25,15ddeaf278eea8393f648b5c03a96bb1,2018-04-25
18c1040bac4b6a31a10b6d4201072ce2,3e1180884767238f00a30b9bc529783d,delivered,2018-05-09 13:05:32,2018-05-10 17:38:07,2018-05-11 13:02:00,2018-05-17 20:41:39,2018-05-30,7038565fb9bd5d66ded7e16c7ce02461,2018-05-09
fe4979a6778e2fa4ae731cbe532d30e0,be61ffcaa65d9f2e8536c198f314c3a7,shipped,2017-11-26 13:36:00,2017-11-26 13:56:06,2017-11-30 23:10:08,,2017-12-19,4b1141303289a23d05776bd25076c2fd,2017-11-26
980b9d90ba2a50d790779e0d8d6dd24e,6d4bba4121d1e8c2ee86b47a20552874,delivered,2018-06-22 16:44:46,2018-06-22 18:15:57,2018-06-25 15:29:00,2018-06-26 20:18:42,2018-07-05,94975db4fe0bced860ec71301d033d18,2018-06-22
0e87535f7a903b23b73699e49e8e79d0,19d4599c6f298b0bf3e1f792bd7f9c37,delivered,2018-02-01 10:55:54,2018-02-01 11:15:27,2018-02-06 15:12:10,2018-02-21 22:18:13,2018-03-01,ab60ae62124f2d93cd2c72665d3e0a7a,2018-02-01
5330f2e5c80ccc8f1629a19cdddeda77,6e92bade4655351c14ce9e37e9d9c28b,delivered,2017-08-12 03:08:20,2017-08-13 13:30:14,2017-08-17 20:57:55,2017-08-24 19:00:07,2017-09-01,1305155d95b77b8d863f843d5ef2c341,2017-08-12
ea74dd3b5134d715abcf385bc904d577,6b461e98fc12cb39b61f40a9aaf1b9e9,delivered,2017-12-02 12:43:21,2017-12-02 12:58:38,2017-12-09 00:10:18,2017-12-20 18:14:44,2017-12-28,c7d6a83992fe23fde708305e84318074,2017-12-02
305521e597cd32f946da81d3649d31b9,e0122fe0b17a97af3a4e8b5580a06bb1,delivered,2018-04-11 14:29:53,2018-04-12 07:51:25,2018-04-12 23:06:46,2018-04-16 20:08:33,2018-04-26,bf0754bdfa216fb85c2c68b121356b29,2018-04-11
cffd2e0d6321d2d79aac6c8166a55085,4cc3ed3fc6926d0c87ca70e1ed88ca8e,delivered,2017-11-24 01:03:34,2017-11-24 01:29:45,2017-12-05 01:18:05,2017-12-23 15:56:34,2017-12-18,962fd96f9e3e0e450d88688e6daaadb8,2017-11-24
a9325e83ab42d94638f515a534e5b25b,074cc70e32d05dcf3c23aead0dba2320,delivered,2018-04-24 09:09:32,2018-04-24 17:50:20,2018-04-24 18:53:42,2018-05-03 19:51:34,2018-06-04,f0987e3c8d691d1baacb6343a7d6a670,2018-04-24
67a98da3237e4b4d8d359f32a49bb209,6164f45c309a294c6835a4c8dd5ab0a4,delivered,2018-08-02 12:04:40,2018-08-02 12:50:14,2018-08-03 07:44:00,2018-08-14 23:11:51,2018-08-27,ad6780efb9500f433294fb26028a2477,2018-08-02
14056d7cad6fbef25503befcd851fc72,b75bc7bae07714f99400b0556dd05ff4,delivered,2017-05-06 15:13:22,2017-05-06 15:25:10,2017-05-09 15:23:44,2017-05-15 09:00:01,2017-06-02,3b295e63da0b0a6e4ca92a7695e71a6b,2017-05-06
8b1c9998d2a9e4a2776b425f90619374,88792a3d73cb6740ee74e05acc69ea9c,delivered,2017-03-28 07:13:38,2017-03-28 19:35:14,2017-03-29 15:20:19,2017-04-03 11:27:13,2017-04-17,337f09c64e8fcd944c766e1829f601e5,2017-03-28
7dbb5ab142acb99429b243fe157f03a7,f673a32389db114ae93a1918ccb75cb3,delivered,2017-05-25 18:48:11,2017-05-25 19:02:27,2017-05-29 11:20:13,2017-06-02 14:32:54,2017-06-19,39cceffc91e211a0f4c5548c935618d5,2017-05-25
95f52eb73284cc8a02b42c4e633a938e,3bc00bf50071fd7da5442c0bb0ac3f82,delivered,2017-11-14 09:00:37,2017-11-14 09:10:29,2017-11-14 16:51:57,2017-11-29 16:27:29,2017-12-05,ac4559077c486a37f5cf554fb51b5a92,2017-11-14
73f4780e56b3a089b1d7671a17ee4da0,b65aa10f73f8debf8c1563301bb00299,delivered,2018-08-05 13:11:35,2018-08-05 13:24:26,2018-08-06 13:09:00,2018-08-09 17:17:38,2018-08-16,626435c5a107c0f97cb12d8b104c3be5,2018-08-05
e3166f69715e4a1aa466249f0e8a4030,a92082318cc68c11356dc5052c5cdd96,delivered,2018-01-15 14:34:04,2018-01-15 14:50:13,2018-01-15 22:09:09,2018-01-19 23:21:58,2018-02-15,64f8a480eb17f0c12095c0d4088a0599,2018-01-15
db26bf0c66e8320dd106b9b39ca56fec,11be3313da4285772a39dc6fa8a18cb9,delivered,2018-04-17 15:54:45,2018-04-17 16:30:39,2018-04-19 19:43:40,2018-05-02 17:36:45,2018-05-17,99137c8a71db73be44549e5a5274981a,2018-04-17
0168a7f186c1f066748d15d8c51f489a,ace839d3162a61fdbd51b08fc3e60a39,delivered,2017-05-13 18:14:49,2017-05-16 03:25:21,2017-05-17 11:51:01,2017-05-18 10:18:07,2017-05-24,ff5017601705e932d5545e0eb337cd0b,2017-05-13
ff0f02f5164fbb037a3baf913ba85e18,fa0ecef3840b4b9755dc5d656088d680,delivered,2018-06-06 15:06:35,2018-06-06 15:34:06,2018-06-07 16:14:00,2018-06-13 19:02:56,2018-07-13,508ddaba45fe7b249c75956added1b79,2018-06-06
12c03d5b5ba9badd6cc9bf90f981ca92,8bde51b69bb893209da799421f62eba3,delivered,2018-05-06 19:35:03,2018-05-07 09:56:05,2018-05-08 15:55:00,2018-05-16 19:08:26,2018-06-04,7024c601f72720711e9bfcfb37bc0c32,2018-05-06
110607a6618f270a965f6a8cffadd32a,ed5d7675567b8104d529f663900be8ee,delivered,2018-08-13 17:53:35,2018-08-13 18:05:23,2018-08-15 11:55:00,2018-08-20 21:22:06,2018-08-28,6641cca6d9b133ca0b12614350dd7f96,2018-08-13
05a72117fb063d7fb111490dbf40c79a,9c7ee04a7b576d6feb1c49f2085dc653,delivered,2018-05-03 18:39:44,2018-05-03 18:55:40,2018-05-04 14:14:00,2018-05-11 22:41:29,2018-06-01,c73f127b0d8c83be60c7249dd77e1828,2018-05-03
cb183ad1472c27844f8e8a96ba2afcc5,4e451ebf8a3ac5aa527361733f7015ad,delivered,2018-06-04 11:55:30,2018-06-04 12:10:38,2018-06-04 12:12:00,2018-06-19 15:41:53,2018-07-17,e4c2432a8a9263a10cb7175ee5098529,2018-06-04
f85b47957bb21d303dabed9052490610,9acb03b0d01aa03db89109d3b514e1b8,delivered,2018-06-26 22:03:29,2018-06-28 02:15:39,2018-06-28 09:48:00,2018-07-05 22:28:27,2018-07-24,17b567e0c60975c39e239324ef4ec57c,2018-06-26
c23cb80af0f010fd4115ad42f91c7822,3258ef1cf6b31779ee6fdf397ae6e5f6,delivered,2017-09-05 16:21:22,2017-09-07 02:44:05,2017-09-12 21:52:06,2017-10-09 19:43:54,2017-10-10,e48c34104caa1c6ad2fbcaddabe30092,2017-09-05
29adb190ea6b3fbffaeca57ecb48623d,fbbcbf69d389968006ffc93f6e2f9e93,delivered,2018-04-19 00:32:57,2018-04-19 00:50:20,2018-04-24 17:18:41,2018-04-27 18:23:44,2018-05-14,735fee213ff96ca4551d49422576b30d,2018-04-19
4e9fe46327dd25b934cc82d238a874f8,6d44acbb5c4b483a53f88dc8584a4326,delivered,2018-08-12 18:23:39,2018-08-12 18:35:45,2018-08-17 08:40:00,2018-08-27 19:08:31,2018-08-27,af644a9daf3d49c493545afd91a48e40,2018-08-12
744cf7a330302a9eda7425485b25f2a9,f5555f62b74120f4842eebe217cf649c,delivered,2017-06-14 20:57:37,2017-06-14 21:10:10,2017-06-16 14:09:35,2017-07-01 11:44:48,2017-07-13,08a26f73b94297d13b59e2e7d1e3f5e7,2017-06-14
999b8d758771edb14fdf3f1a280d8a60,48a43e5bd9323c89b8aa768871746ebe,delivered,2018-03-02 22:53:20,2018-03-02 23:10:27,2018-03-06 01:59:32,2018-03-21 18:08:51,2018-03-23,2eb487827f6a81edd6266b9db2413abc,2018-03-02
bf663339c2578e920e49cd43f61ada03,6ee742b6c031381f9c4b3bae20de470a,delivered,2018-01-10 13:57:50,2018-01-11 02:48:52,2018-01-13 04:33:17,2018-01-26 14:45:57,2018-02-06,07bfea3f3c0a8a0a5cbd4a78de5ad3f0,2018-01-10
aebfa371228ec3f9956a9552aabc8bba,044c16324fc8ab615bfc53b25e8c5a79,delivered,2017-11-24 13:06:31,2017-11-24 15:14:08,2017-11-27 22:44:40,2017-12-26 17:37:23,2017-12-19,2770f7c1e118a711aa68604cfa09d4bd,2017-11-24
0e1ddbe485dfa358d24e22e5394d0484,8314485880de9173d0fb899263dd2d36,delivered,2018-07-28 15:47:52,2018-07-30 18:31:42,2018-07-31 15:57:00,2018-08-03 21:04:13,2018-08-08,43ad4b4a1ab6a9b12fad99d114c100f7,2018-07-28
830d744ad876fbdfbff893d20bf22ee0,2f724c23d8cf21f1583f8a4c53f44eb2,delivered,2018-03-15 16:47:04,2018-03-15 16:56:01,2018-03-16 18:18:20,2018-03-22 19:37:49,2018-04-10,1960e67cccc6956222caea6734a6400f,2018-03-15
cf10c2cc2d07f815b507376cefcc7a01,1f52de20f612daf3ec6321bf5688ab34,delivered,2017-08-21 08:52:18,2017-08-21 09:05:15,2017-08-22 20:04:03,2017-08-23 14:24:18,2017-09-01,e98edc075129cde654f99b61c2dde58e,2017-08-21
647514c10c6117b8afcaf93fe25da0f2,6ffa438bec2443707f4219950fa51c59,delivered,2018-03-27 20:16:24,2018-03-27 20:30:12,2018-03-28 19:11:59,2018-04-04 22:42:05,2018-04-20,32768f8fd0965e18db8bc494d6b089a3,2018-03-27
18248821ee955752db5292194e4b6970,1935234c8a91d9942d487c744166e8a9,delivered,2017-03-25 11:17:27,2017-03-25 11:25:11,2017-03-27 12:29:53,2017-04-17 11:43:47,2017-05-04,0f221dd31eab5ce65e5116290e7fb7a5,2017-03-25
765b10ebb1cdb429cfc37f7875568b8e,a0250ba2440a6c1078aac6883dec215a,delivered,2017-06-08 19:15:43,2017-06-08 19:25:19,2017-06-12 13:29:44,2017-06-16 13:47:49,2017-07-03,56cadfbcce7a707b158951162eca579c,2017-06-08
5b223cbcbd1c52a014fa6acdecb59ce3,cfa6531597602cee814e699da14247dd,delivered,2018-04-15 22:42:08,2018-04-15 22:55:14,2018-04-17 22:21:17,2018-04-19 22:15:45,2018-05-14,0d02e6c851d33fd72f26b4c9bd433627,2018-04-15
1a269df4715562ff85e2ca1830249246,61ce49dcce76346660f215f28aa3ec82,delivered,2018-02-08 17:31:19,2018-02-08 18:32:25,2018-02-09 19:04:35,2018-02-26 21:12:23,2018-03-05,16bc73d5882bc42c3a9ef2ab8a096df2,2018-02-08
2edcf6adbf3719366560d6863cb28799,ca6e57539d37dce0eb0918a00d8ce7b3,delivered,2018-05-07 17:35:43,2018-05-07 18:10:29,2018-05-09 15:09:00,2018-05-15 12:14:50,2018-05-24,7bbcad674e8c0ed95d070049efee7646,2018-05-07
d232a4685c8ddfc98307d91978aebfa5,6a88314386b1b7172545cc49e337aaed,delivered,2018-07-02 16:14:19,2018-07-02 16:31:02,2018-07-03 14:08:00,2018-07-10 16:42:20,2018-07-25,b7a5335c3a43bbbe4c7dd6505bf24499,2018-07-02
ea97616a19d3b2683ab949def1037708,e01dd706e00cef25a6be635737bee134,delivered,2017-01-17 14:57:29,2017-01-17 15:10:17,2017-01-18 15:06:19,2017-01-26 13:57:31,2017-02-27,c15e721e52209690f253a6c8fd1a17de,2017-01-17
818bd73c0b6b0ad178a73807245dc58e,f84400c1f6c596edb25628a5f44ff8d3,delivered,2017-02-07 22:13:48,2017-02-09 02:55:24,2017-02-09 13:43:16,2017-02-11 05:55:59,2017-03-08,06dd24ec7b04fc79c1702fe04b9a38a3,2017-02-07
93e0955feff59c4059deec982d6c440c,98a17c3039feef22c54ed675f1506797,delivered,2017-08-09 21:56:09,2017-08-09 22:10:17,2017-08-10 17:28:34,2017-08-19 11:19:54,2017-09-04,896103632e2c59aeca14dbea42448ccf,2017-08-09
b93e5b2672754c089dae937a51136864,e849fcfd6396b2cf32fc9c7f38d1eed8,delivered,2017-03-09 09:56:36,2017-03-09 09:56:36,2017-03-16 15:13:36,2017-03-21 08:17:55,2017-04-06,1583e504b30eef48ff0504ffa02f0d32,2017-03-09
4ed3b57567c08a15c71665d759230b6f,3488c223952176954f711d33db8c20a4,delivered,2017-12-09 01:49:39,2017-12-11 01:50:03,2017-12-12 22:54:36,2017-12-23 15:09:09,2018-01-08,7ac51a9e42528f933b21dd8be915e774,2017-12-09
a4cadd13645cb16e2e4252ee2e39dd80,f4e44e3ea4c94245350d2ff7e85816f6,delivered,2018-01-14 15:01:39,2018-01-14 15:11:25,2018-01-17 23:46:37,2018-01-29 23:52:31,2018-02-06,15a38a0c1bf789e06ec42d24e485e794,2018-01-14
fe5dc4ba2f23ea7ef3c1f05229f658b1,d7aaa02e7771c80a8de58245f234924a,delivered,2017-10-17 13:37:34,2017-10-18 03:14:59,2017-10-23 22:54:02,2017-10-27 14:33:17,2017-11-03,71e3779e4ed716505c58323df01a2dda,2017-10-17
a1969d1fe556384a2064a72ff0451d4f,9f547d6d74fbd8d1e47e5639d14ac7fe,delivered,2018-03-06 11:39:05,2018-03-06 11:55:32,2018-03-07 00:28:41,2018-04-05 19:24:31,2018-04-09,3cdb4244d56278a8c870084834a8df54,2018-03-06
5c3fea426d4b4c9ed8180d9ade4da887,5a75f912cf58c6a779d2572fd7ef411d,delivered,2017-08-29 20:12:40,2017-08-31 02:35:50,2017-08-31 17:18:11,2017-09-05 22:13:57,2017-10-06,092427f72b1fe5417138e7c11d34cad7,2017-08-29
fbb1eb1825f3fabe6f29d8f2837d351c,dbf5ae77201c47ae393b07a60788620b,delivered,2018-03-03 21:55:12,2018-03-03 22:10:33,2018-03-06 21:17:02,2018-03-19 15:28:37,2018-04-02,ddea5f5a11752a22ba17511ee2db2685,2018-03-03
b8783952ffb07e62bcd0b709e8977f60,a891a086c7607d2b58d8186721a34f17,delivered,2017-11-22 12:50:57,2017-11-22 12:58:55,2017-11-29 22:32:34,2017-12-06 22:37:04,2017-12-04,eb8ace0670e08632f5fe8977b669530e,2017-11-22
de852e80c0b14138d06937c2695b4b94,5af26e532fd4fff0ad0fc34e46403e9b,delivered,2018-07-04 19:49:42,2018-07-05 20:50:50,2018-07-09 11:35:00,2018-07-12 20:57:21,2018-08-02,9a39efe939e8d7cd9635dff034d9e580,2018-07-04
e984ee2c3000147d2599bcb32aa66ee3,c104118394af70c33988cf727b2404f5,delivered,2018-06-11 22:47:47,2018-06-11 23:18:20,2018-06-12 12:24:00,2018-06-17 14:52:23,2018-07-04,8e5c554c9645430ded8157382123cd23,2018-06-11
859f516f2fc3f95772e63c5757ab0d5b,dd1c72ced80394a61dbef422c1c45b6e,delivered,2017-11-25 14:46:39,2017-11-25 14:56:30,2017-11-27 14:27:13,2017-12-07 19:27:05,2017-12-28,7895280f7add30050d1a5c1a81bc63ae,2017-11-25
6e984cc45e3698b95c45d087ca569b62,38f7dc3b17231de62864ecde86d9ad28,delivered,2018-03-26 13:11:28,2018-03-26 14:15:40,2018-03-28 15:12:27,2018-04-03 00:35:33,2018-04-12,57ea134cddd4fc92a48222825ed97ac8,2018-03-26
6f1cb864f765abe2a420395e16689a13,7b94abc6234bee65d0fbd2397d17724c,delivered,2017-10-09 20:26:48,2017-10-10 20:35:20,2017-10-11 17:35:30,2017-10-23 20:17:33,2017-11-08,1ed9ddd5f28a56690a7bcb30fe9d1e61,2017-10-09
9ec8075dfc41a4b32e00cdac5dcca698,b02b9820ffefcaa2700e368ebf3e253c,delivered,2018-08-06 18:32:28,2018-08-06 18:45:15,2018-08-08 14:15:00,2018-08-14 20:03:51,2018-08-24,7b60f67503b439c842c87a2f395c385d,2018-08-06
32103451af075fc1af5ce14d86aa3179,084966d696e012aeda96da1231a42d67,delivered,2017-06-15 00:43:00,2017-06-15 01:05:13,2017-06-16 07:29:47,2017-06-29 06:37:40,2017-07-18,78bdad0413aab78e0d53f2efd6dc69f2,2017-06-15
6ae532533e1496cc176aa74fee5aa9bf,1c79e6c28df5dbb32fb4b484b0ae350b,delivered,2017-11-29 21:46:31,2017-11-29 21:56:56,2017-12-06 20:38:48,2018-01-12 00:58:52,2017-12-26,35dd02aa966dc8f3f5d2277e0cb8fff9,2017-11-29
666a7787fe64880d1ad7dad0e4988ab3,8ec6e1c246b0c22bdf1527235f6e137c,delivered,2017-03-06 22:48:54,2017-03-08 03:45:18,2017-03-13 11:14:13,2017-03-17 16:32:44,2017-03-23,17b86c649411a2b70a5c42ba3b78e534,2017-03-06
03fab3cde6e6bb6b6715075147044dca,d7f42fbdabbac436ec83973868828fd7,delivered,2018-02-10 10:13:00,2018-02-15 09:35:28,2018-02-15 19:32:28,2018-03-02 19:26:29,2018-03-29,17856b113b558ab0cd335eabd6b61b09,2018-02-10
a3708faf029ec4c5f84127cf7e872aa5,fd6bd5c85fed4fcf4f7b19c0e562bc13,delivered,2018-05-16 11:49:15,2018-05-18 05:34:25,2018-05-18 08:27:00,2018-06-04 13:03:07,2018-06-06,eec35bf652c2129f9a19ee2b57cf264f,2018-05-16
a0b1ffd30c671f95ed8065ce07d10470,0349b833ebc99262c2369a6e20732960,delivered,2018-04-14 18:14:02,2018-04-14 18:31:29,2018-04-16 18:19:11,2018-04-24 23:58:37,2018-05-16,1068cc67ce615ce1bdc2636466448f14,2018-04-14
2fc8b6f01e0884f61ab625d07bfad865,b662c2ef4dc69b6cfe1a5ac993448256,delivered,2017-10-09 17:01:07,2017-10-09 17:14:30,2017-10-11 16:28:27,2017-10-23 18:32:42,2017-11-03,05ff26c5c774971f62db3cb2245cba01,2017-10-09
a109b4732228abd28233fc31ca544cac,e1acb24c641c58eb83c5bbcf4740dfe4,delivered,2018-08-11 22:01:59,2018-08-11 22:15:13,2018-08-13 14:03:00,2018-08-17 21:34:36,2018-08-24,2a731b06e44dbc3935fe9531c9d2517c,2018-08-11
ec6973ff08c168f0376770d9eed25eb9,4065a3b991692f38fe78269614303234,delivered,2018-01-16 00:21:39,2018-01-17 03:34:32,2018-01-17 21:07:20,2018-01-31 17:28:59,2018-02-15,d51fa7bd9dc10da7ac80740afec4ec62,2018-01-16
8b0a3fa9105cb91fa07e9a8e0cda8962,0f4cbbf2858fd893e752c650b74c099e,delivered,2018-01-08 11:44:37,2018-01-10 10:32:47,2018-01-11 15:39:01,2018-01-17 18:21:39,2018-01-31,a99a3ef19e64129c4a5004d2bfacc9b7,2018-01-08
9ddcbdcbc4aaaf0fb65bd81df074f5a8,96e3ec2c47f9d428e77fd73f5a6b8c2d,delivered,2018-02-04 20:21:50,2018-02-04 20:30:41,2018-02-07 17:42:58,2018-02-20 23:22:19,2018-03-06,88c6ce584cdfe43ac18118a3fff7bb32,2018-02-04
82f66e51ca6c291960fa27c3308f25e9,f3058b4aa542dc954401a9e11aada39f,delivered,2018-02-16 22:03:03,2018-02-20 07:16:00,2018-02-22 17:19:16,2018-03-13 23:58:32,2018-03-12,b3a8a8097a47f8a79016a801b6b94dd2,2018-02-16
843b7dada8b84daa895c7978c62f9e43,18d6990fbf6c021149466d3a3a5413d7,delivered,2018-07-27 14:02:13,2018-07-27 14:40:12,2018-07-31 15:35:00,2018-08-02 18:34:53,2018-08-14,cb8f24517d25f62c3b365df56be62a1f,2018-07-27
d487b6355486e731b46ab592494f65e9,c4776e481ae20a17b45fdb45497a6874,delivered,2018-04-12 10:20:46,2018-04-12 10:35:14,2018-04-12 20:46:32,2018-04-20 19:12:42,2018-05-17,3ab4c8bb461a86a63d886817bac800be,2018-04-12
4e81a6ed1cdc31e84c13a74ec121798c,99058b9f04cb6cb1eec9114bbf4767b6,delivered,2018-02-21 23:43:05,2018-02-22 00:20:24,2018-02-23 19:24:51,2018-03-10 00:41:56,2018-03-07,8f8a442e537deb3e369b8bf9a0be4cff,2018-02-21
e9a94acfe5f03efa28ff033a79fefe8b,e6248520776b8c0444d391704ac0fc62,delivered,2017-06-09 21:19:59,2017-06-09 21:30:12,2017-06-14 13:03:20,2017-06-26 15:57:51,2017-07-04,10c0a80d4b0513e1209b9e8aa18821fb,2017-06-09
05290ddcf1e8fa2c773e1f37015cc56c,63c88691b378207afe3f0ed265108403,delivered,2018-01-14 20:26:05,2018-01-14 20:36:22,2018-01-16 17:23:05,2018-01-25 17:58:36,2018-02-07,96b0248a8e06ac1cbd7cca0a0d3663ef,2018-01-14
6e4eb025aa5ac0a41d80958001accfaf,9b9603f41c76da930aeee5bd6edbc5d3,delivered,2018-01-03 22:02:21,2018-01-03 22:14:24,2018-01-04 21:16:17,2018-01-16 19:46:58,2018-01-31,922333d78a1115cd90d76981fbbb80eb,2018-01-03
dca81f49fe84d456d7bc4b3326484c9c,8d71631f63c27943bd89ceafa1049b81,delivered,2018-02-12 17:09:01,2018-02-12 17:28:22,2018-02-16 20:14:54,2018-02-22 16:52:58,2018-03-14,33479fddf9b24f799b3732ec22fff07b,2018-02-12
4d08708987ff622fdea3796bd99fdad1,d6891b6c70ecf2b7dd161e396acd57c7,delivered,2018-02-17 12:25:47,2018-02-17 12:46:23,2018-02-22 11:07:42,2018-02-23 23:29:20,2018-03-06,a451fe37713d1837aeac9a0a991a862a,2018-02-17
c765302c18a92bcea0bc5c976bae0174,f63b99a7b32694f5b1f0a4171478cd21,delivered,2018-06-26 14:03:15,2018-06-29 02:53:13,2018-06-29 14:47:00,2018-07-03 15:58:49,2018-07-13,e0836a97eaae86ac4adc26fbb334a527,2018-06-26
9c64098aed08a0e6989201c41dd75136,023cd48849ba0870ecf5157ad5039ef2,delivered,2018-04-08 10:04:34,2018-04-08 10:15:20,2018-04-10 18:45:43,2018-04-17 17:28:45,2018-04-24,9124f443beec74e545798a0f3977d1df,2018-04-08
c9645496b715730a1a5d07eb97a6bf6b,65b9f936439ccafa20f0d6888a5875d3,delivered,2017-01-18 14:56:47,2017-01-24 15:25:11,2017-01-25 10:07:43,2017-01-30 13:13:54,2017-02-14,04e6136a14d4d23d0b5d79443b94225b,2017-01-18
bbe5ef6ae6b2bb765568934d34dca44d,3328aef5f5f9e3ab64e01691eedaebaf,delivered,2017-06-30 10:14:42,2017-07-01 05:05:22,2017-07-04 15:57:59,2017-07-07 18:21:54,2017-07-20,845514897d2712cc294f58b2b1cc857e,2017-06-30
f5566b53a548c260ec13d2399e7f0d53,d98e2b868083ab7e97b60803d6b805c0,delivered,2017-08-11 14:18:25,2017-08-12 02:45:15,2017-08-15 21:42:52,2017-08-23 22:11:38,2017-09-12,82cffd5880c953933b9ebe4e4789edd0,2017-08-11
3a218a39b942ae0341fb1d65dd5874df,47c6d324782f84dff90b3e256495c26f,delivered,2017-09-07 13:07:38,2017-09-07 13:15:14,2017-09-08 17:48:08,2017-09-11 17:04:28,2017-09-20,8fd58a65b8f610c63cff6cd8dda739e9,2017-09-07
70fe4927726f292b4cd91c495430d539,5608d7955091f9b8660dd79e3e418b84,delivered,2018-02-20 20:12:50,2018-02-21 20:09:34,2018-02-22 20:26:38,2018-03-10 11:52:02,2018-03-16,829c0bd85f9bee538a8ac036ec8b19ba,2018-02-20
99902f632e0a578e6995f6291e0e6cb8,904449affdeb0fb5ae7ea1fb440a8342,delivered,2018-08-19 21:44:37,2018-08-20 13:30:46,2018-08-23 14:07:00,2018-08-28 20:52:44,2018-09-03,82096a8ce8ec837c142e40616aa8d66e,2018-08-19
7d5a1a738b20a4220f8673e0ee63bafc,e1465c91617c778532675850fe39482c,delivered,2017-02-01 22:59:05,2017-02-01 23:10:17,2017-02-03 10:35:42,2017-02-08 10:48:33,2017-03-08,a2249346e7f8e224e287739da0a5ab94,2017-02-01
f2a4c561299677eece6ced2539757ef8,a36583a2550d00e8f0b3407bae8e73b5,delivered,2018-01-22 14:30:10,2018-01-23 03:36:44,2018-01-23 22:48:40,2018-02-05 14:48:47,2018-02-23,5839e67f7650a7425c15bd84f55de91e,2018-01-22
af3437e1167dda813ebc758497db4c50,48c205f7c9e884863ef8e2799d387a52,delivered,2017-04-04 20:43:12,2017-04-06 02:42:58,2017-04-06 13:24:18,2017-04-20 09:15:24,2017-05-11,6fcf468df3f44e24a0cb39e77b287f12,2017-04-04
da4c436373694f136c48e1ead3632f06,f3d8e9935d165e1fab735c49d236a4e7,delivered,2017-07-03 12:00:55,2017-07-03 12:15:09,2017-07-04 16:18:58,2017-07-06 13:12:34,2017-07-14,638676c5f213da2f4fae7663c8a1f14f,2017-07-03
0c9c4a61bb41aa0184a25922a829bd51,5d74d4946913c1e86db6ea898dcf43c7,delivered,2018-02-17 14:13:06,2018-02-17 14:30:24,2018-02-23 13:59:00,2018-03-06 22:22:29,2018-03-15,cde5b43ad5e1af54fec52c32e16b018f,2018-02-17
2bb3ab4d835c05bf0567c0d74ad1d95a,828704fce3587adf8ba5725b2f05daac,delivered,2017-10-22 19:50:22,2017-10-22 20:07:10,2017-10-23 19:17:06,2017-11-03 22:07:26,2017-11-10,959867c3b557d03ae5fc29d6c9c98e9d,2017-10-22
559eea5a72341a4c82dbce9884277cb7,5fd5cb96f515996e88d84c61012d97f4,delivered,2017-11-17 10:24:03,2017-11-17 10:51:09,2017-11-20 17:38:35,2017-11-30 16:12:50,2018-02-16,6b285b60f5efd101e49ad38064b85e11,2017-11-17
5a40a4c413dcda147caa00259a1732de,8ee43091a5bd2d84955d674d52db3187,delivered,2018-04-01 15:07:00,2018-04-01 15:27:39,2018-04-02 23:27:35,2018-04-04 19:12:44,2018-04-12,ac043877b374d2a72a1214063b34b215,2018-04-01
5db54d41d5ebd6d76cb69223355601f5,fe66ded86a1678a8ad544e4c78447348,delivered,2017-03-02 18:53:45,2017-03-03 18:55:23,2017-03-06 11:20:14,2017-03-16 11:09:46,2017-03-31,431fcac0f53bfdf9ae5788bc3c552363,2017-03-02
84c9f6b767643adeec531d7bdfddbf24,f4a1a29e5f94b0b72db286fff0147ffc,delivered,2017-10-19 22:31:18,2017-10-20 02:49:22,2017-10-20 15:12:54,2017-10-26 15:22:25,2017-12-07,775c7f58826beb8ce8355bf3e9cfee27,2017-10-19
3ad46319c286aebb25e3121f815b73fb,61c7dca833a12eaf7d783d5b1b7caa21,delivered,2017-11-28 08:00:00,2017-11-28 08:11:35,2017-11-28 22:18:51,2017-12-12 19:38:58,2017-12-26,1bf94791ebf73b96c5a99d9a422946c2,2017-11-28
9a3eb21e5b2f2bcb00f0da5ea926e726,23590b9d34bd06d6195aadf7763b46af,delivered,2017-09-02 13:22:11,2017-09-02 13:30:15,2017-09-05 18:16:08,2017-09-11 19:04:16,2017-09-21,788620dfe171ffaff1c5fda676fc376b,2017-09-02
00e6bc6b166eb28b4502c1cad4457248,267bfea62bbfc1342ffc898248403bb6,delivered,2018-07-01 23:18:47,2018-07-01 23:30:07,2018-07-02 14:05:00,2018-07-05 18:27:51,2018-07-30,36928e3de80f63dad3bd1d0223b035fc,2018-07-01
824d9780d0313771024a0c70fe9dd9a7,61d049f3ebaf63f74e7c8c5289f19845,delivered,2018-06-07 13:28:00,2018-06-07 13:57:33,2018-06-07 15:54:00,2018-06-11 18:53:39,2018-06-25,bf1dd33f93c58ea45d677d7e871e098e,2018-06-07
53177d318c723e378c2a2aa1e9b2ea8e,8953425603394e4a0095750e15614db4,delivered,2018-07-14 21:25:42,2018-07-14 21:35:19,2018-07-16 15:32:00,2018-07-30 13:51:47,2018-08-08,8af5e0887b3d0867b82682bf7d02fa29,2018-07-14
0bda8164c1a12b6a388ebec8559ee287,3f402674c608ea67085eb5e0ec4d96ef,delivered,2017-01-05 13:36:07,2017-01-07 03:45:47,2017-01-11 16:09:00,2017-01-16 17:27:34,2017-02-13,83e7958a94bd7f74a9414d8782f87628,2017-01-05
ec32da64530edaf31b54d88fce2d1da7,3bb2ca99ebaefce6b686af18c74833c3,delivered,2018-01-08 21:16:36,2018-01-08 21:29:40,2018-01-10 18:41:59,2018-01-17 16:38:15,2018-01-31,508cae50c5c1e72079d266a513bca9ae,2018-01-08
0e5c4fff98e1b7885f4ce7e7e13e37f1,db6331ea477ade9eb6cef50909c93230,delivered,2018-01-30 18:26:27,2018-02-01 03:12:35,2018-02-02 01:09:35,2018-02-14 16:58:59,2018-03-06,1905e93efce7230225a12a8b9ce1238c,2018-01-30
a45f5764071ee5b932d1f802e18bafcf,0039b3e41ac6615814a0b44a8992bff5,delivered,2018-01-11 01:24:43,2018-01-11 08:48:40,2018-01-13 00:28:52,2018-01-22 20:05:39,2018-02-14,e2c44993145bac31c5c48b620e3f40f0,2018-01-11
4351879fb74d0a37b9c8dad7ba7e59de,ba57463d587cb70d3871b2ebc91c6284,delivered,2017-09-29 09:44:34,2017-10-03 04:14:16,2017-10-06 15:24:55,2017-11-03 21:05:31,2017-10-27,5e8f38a9a1c023f3db718edcf926a2db,2017-09-29
7edec473f1cd19fe9a5fcc2b2290a7f7,ada92c96092ff908efa7e8b90cac79c5,delivered,2018-07-08 11:32:41,2018-07-08 11:45:39,2018-07-10 14:55:00,2018-07-13 18:41:25,2018-08-01,fcccbc352ce6661330985bb405e17c5c,2018-07-08
1b7e84be9e271a4dde8983c8da30ee72,ffa219109978b03ab5d6340856861021,delivered,2018-03-15 12:35:00,2018-03-15 12:49:42,2018-03-15 23:58:23,2018-03-21 16:33:28,2018-04-03,328a8a4ddade953b36818d6527978d99,2018-03-15
c0fda72234f6725e93abc192eb92c85b,f129877aa8c01c82350976affcf8d18c,delivered,2017-04-06 15:20:14,2017-04-06 22:55:12,2017-04-07 14:13:46,2017-04-28 13:45:57,2017-05-12,4ef8c9abed919aea3b09218acbf5684d,2017-04-06
a637905e494eb896191ea94949fc6d50,6abbbbd6bdbae28de92a83df0157029e,delivered,2017-07-18 20:48:11,2017-07-18 21:05:11,2017-07-20 16:04:04,2017-08-01 13:03:04,2017-08-09,c4b52225aca63b4ee95d15fce7bd76fc,2017-07-18
124c799bcc4126cdb5cca8c5889533b7,49fbfae8c688bf15a5a17483f829414c,delivered,2017-09-03 12:48:51,2017-09-05 15:10:46,2017-09-05 21:05:41,2017-09-11 17:19:52,2017-09-27,43c32e42823618e190055ee638d41ab1,2017-09-03
b86315db97d202038cd115a7785eb2c4,2109b137face1d5d20a2517cac0f284e,delivered,2017-11-19 12:41:55,2017-11-20 12:35:30,2017-11-24 16:49:10,2017-11-26 17:58:50,2017-12-07,5a99c21d6cfa38e2d98690b4d8fd9584,2017-11-19
65b7f928b236039112ed2441d2237a11,2cfec1970705b37e4a308bb0d39113f0,delivered,2017-06-15 20:56:18,2017-06-15 21:05:43,2017-06-16 14:26:28,2017-06-22 17:59:48,2017-07-17,4c8b8da10358565e26bfe9da92eaeba8,2017-06-15
eb3f33b48e3328516737e05964ed19a0,39337a7244f5d29aac81142dd6dd384b,delivered,2018-06-21 17:41:07,2018-06-23 01:15:50,2018-06-25 15:21:00,2018-07-10 14:11:56,2018-07-20,0ecedf16eed5abcb38cde94d495e26f9,2018-06-21
7ab6cfd1c7de48039c6385422df7dce2,10054c55fa5243fc0c2298e46d9e1a30,delivered,2017-08-21 18:18:30,2017-08-23 02:50:11,2017-08-23 19:16:42,2017-09-05 17:48:56,2017-09-15,752aa35e7c6931b1a551a99f04458686,2017-08-21
333b4a6a55acc57f2c11948085cd8c03,46bd443127658318bcdea0b367530e75,delivered,2017-04-10 22:47:35,2017-04-10 22:55:22,2017-04-12 17:18:18,2017-04-20 11:39:37,2017-05-02,3b6ea5cda9c225bdaddaa78580521095,2017-04-10
2e104824b1ffecb70c5195df299f4b13,c228df5bd4697feee670d93dbe4555c0,delivered,2017-12-04 20:31:42,2017-12-06 02:50:42,2017-12-07 00:43:07,2017-12-19 22:41:38,2017-12-27,fa80c2b23f24f7c047e1fe10c7429ffc,2017-12-04
2afbd8a533424d5df3af9277ff0f3d1e,3ebbe8870855f5e7efd307b46afe6e66,delivered,2018-07-23 14:43:52,2018-07-23 16:00:39,2018-07-24 13:35:00,2018-07-31 14:16:43,2018-08-06,499da8568c4f297a174c6c744b8670b4,2018-07-23
c73df63b37b6a1c554ac695d6cf40f72,c9982e891509b279b052375555742e0e,delivered,2018-03-18 12:02:02,2018-03-18 12:15:22,2018-03-22 16:54:32,2018-03-23 12:34:38,2018-04-06,2bb7826b0fabbfdfc60c4b3c8bed7ce6,2018-03-18
d36e6c0da5f3caf39e121bc833ed03e1,fd0e6de1065c60adc1b5d48dc4c27686,delivered,2018-04-19 13:10:24,2018-04-19 14:31:55,2018-04-19 23:38:25,2018-05-17 19:48:35,2018-05-18,2279fde4abb7d254822d5e9878d413cd,2018-04-19
2bcc2646dcca22a1e6da38a7133cc8ed,093c43383e2807557c81ff090b107c27,delivered,2017-11-04 08:21:11,2017-11-07 06:31:35,2017-11-10 15:02:02,2017-11-13 15:54:43,2017-11-17,86888bde47671fa164c9b4ddfa53b9f7,2017-11-04
507f10036261cb4c3ab736a68441d6a1,4ebc3f79abbd69a723c0073dcf6559e4,delivered,2018-05-26 13:28:14,2018-05-29 03:31:15,2018-05-30 10:50:00,2018-06-04 17:26:48,2018-06-20,8111176c22357fba8285634440931fe8,2018-05-26
9a8f4939178c23dddbcf20a52a1fd1c3,e3f5487587d3aff5ed923df31f8cb1cc,delivered,2018-06-01 08:30:41,2018-06-01 08:51:55,2018-06-04 14:14:00,2018-06-08 00:23:31,2018-06-26,0816f7b521e6bf27dc629cab00e5cc5e,2018-06-01
a67f04f0a3022835f86664a0070fe36e,686427538716525c9b1b699caa2bd8f7,delivered,2017-07-18 13:02:39,2017-07-19 07:10:12,2017-07-20 19:06:00,2017-07-26 17:13:00,2017-08-10,5b8a75e77489899ad9e6d57273aafd7f,2017-07-18
982727416ef47cb3095b02dfccb621bf,8f6849cd321a103102fe1fa422567e9a,delivered,2018-07-03 12:50:48,2018-07-05 16:21:53,2018-07-05 14:13:00,2018-07-13 23:05:01,2018-07-27,e324c134ca1ec9c242457f3a8593b09d,2018-07-03
27f01bec8fbffea109aa86d4d3364a15,7c0605df06c3a1e1127436b4508559f3,delivered,2018-08-04 18:15:30,2018-08-04 18:25:14,2018-08-07 07:38:00,2018-08-13 17:32:19,2018-08-20,1dc84f48b12c07bef36d2c3721cdecce,2018-08-04
c13381282564cab296fd10ad0fc9f159,35868b185d829de0849927ddb020cccb,delivered,2017-11-11 22:14:00,2017-11-11 22:30:24,2017-11-16 18:19:03,2017-11-21 23:56:34,2017-12-01,d7f7552edf5989446012a298ff0d0d9f,2017-11-11
38d11c87fc409de31e930084abb0c7a4,3cb70d43ff082f7257213b7b055bf35a,delivered,2018-08-17 17:38:51,2018-08-17 17:50:15,2018-08-20 15:29:00,2018-08-24 17:56:31,2018-09-03,7bce2e8bcb39be572c7ec072e5cc3130,2018-08-17
d147001bf6f7a4295040343db205d9c1,af5555169a360e0fdd4e79ad4e5497ef,shipped,2018-08-01 15:42:20,2018-08-02 05:15:19,2018-08-02 13:24:00,,2018-08-10,f18ec31429e70dbb4c4233e491408641,2018-08-01
0c047dd1c8c2fcc61365b5787d59fd6c,b6889f1f383ff9a9149084f1010a23ec,delivered,2017-09-18 21:43:53,2017-09-19 21:50:22,2017-09-21 19:05:08,2017-11-16 23:14:28,2017-10-19,893fb50b22dec93d66929eaf81aebb93,2017-09-18
3c6631c103dfde64020db02048759dd9,253ebe5e7808002dd8e6e7b00317c08e,delivered,2017-07-28 12:54:08,2017-07-29 02:30:53,2017-07-31 20:16:51,2017-08-07 13:07:23,2017-08-31,9fa0a504d42412f2bc9878d90541121d,2017-07-28
2645cc3b2e6b295a4bbc6defcb66d817,3c41594aff9c0afdb81a35dc18102522,delivered,2018-03-11 17:48:28,2018-03-11 18:08:29,2018-03-13 17:18:56,2018-04-05 20:02:07,2018-05-07,714abd2014c63ef790590ab1e170798a,2018-03-11
be0b6a23108963f24b23e7aa663d2eb4,1a0b08102cb10b0e10a7234277ddd519,delivered,2018-08-03 10:54:25,2018-08-03 11:05:20,2018-08-06 12:24:00,2018-08-10 16:03:13,2018-08-16,84c68f4ee17fb018580b12be2a2842f7,2018-08-03
c0e4be5f87879fd60a4ed1542a1c60bf,7230481f6d6314c5f8df0a97963d0555,delivered,2018-04-18 18:58:36,2018-04-18 19:12:46,2018-04-19 18:07:31,2018-04-27 01:03:49,2018-05-14,0bb8b7490f9f6f04c39dc16f0e96be0d,2018-04-18
49fbc3c1f03239747c8bd082a5695d3b,9af0bb2038a8d6c1064c0f36b1505161,delivered,2017-04-26 20:21:57,2017-04-26 20:35:11,2017-05-03 07:27:34,2017-05-12 11:49:43,2017-06-09,18d1c8b8b4fd7ace56db7dbb537c0ea2,2017-04-26
0aa3e276c40ae025d8ef6651de2fdf32,ba1aec0720594f94a1e9d75b5f6d16e9,delivered,2018-05-16 01:27:54,2018-05-16 01:54:56,2018-05-16 13:43:00,2018-05-24 20:28:23,2018-05-30,d1841b98fc41d2fa7025c22e247d588e,2018-05-16
2bafcaecb60350e62797b7bfd0fa1e54,0a62a6da974f642ec39e568234acb107,delivered,2017-03-13 16:10:49,2017-03-13 16:10:49,2017-03-15 17:41:59,2017-04-03 12:08:14,2017-04-10,884c08cef28bc304817827ed3caf1e82,2017-03-13
ee8725c782f35716fe7a9e445bbf0a78,984e2ab6a072e04516bca3040606d641,delivered,2017-09-11 09:46:10,2017-09-12 04:46:05,2017-09-12 18:43:49,2017-09-19 19:13:58,2017-10-09,9ec2ff36367734940e440491b6e4f59a,2017-09-11
fbcf01552e675bbadc8d4091206f76f5,d0c6b32e51040b9bb9baa2f6bc40a2ed,delivered,2018-05-03 21:51:18,2018-05-03 22:13:13,2018-05-04 10:36:00,2018-05-09 21:33:29,2018-05-23,1bdf16e1d5c18ddfc1796ea2a2e47dda,2018-05-03
66587ff0c6d1e3575ffb58c688ef378a,65f15920280dbcf0430e77b2ded1e948,delivered,2018-06-27 16:10:08,2018-06-27 16:29:33,2018-07-03 14:04:00,2018-07-04 20:21:10,2018-07-23,ed4ff10375df156d4ef3ac900fa5b528,2018-06-27
503a894a01eda7b5fdd5cc5ba7eeaf4f,5cc6108d0e255047e6c6076763bf4d0d,delivered,2018-04-05 16:18:35,2018-04-05 16:35:24,2018-04-07 01:16:40,2018-04-19 23:21:46,2018-05-07,59b1d9f9b6d228ca985697b6d2881fea,2018-04-05
96c7412c14bcdf2793e352dee66be6a7,40e924148a8a8aa206f1fc2c4e2d298d,delivered,2017-09-12 16:08:02,2017-09-12 16:27:27,2017-09-14 15:33:35,2017-09-18 19:37:52,2017-10-04,fba5d1d0f1fe26bdc35ef9b048e341c8,2017-09-12
3e9bba03e932414fa3ebd2ae83a0cffa,47a5f974c3f5bdf4eb179dfc1752041a,delivered,2018-01-21 18:09:12,2018-01-22 13:55:50,2018-01-25 23:42:21,2018-01-29 17:38:51,2018-02-06,b9e154cfefa7ec8fe61df7699093eab6,2018-01-21
26fa398f7231045a2898e0c704f6a4be,9333083f95f5ec89a360bb639df79836,delivered,2017-09-08 19:23:58,2017-09-12 04:44:32,2017-09-12 20:03:07,2017-09-25 21:04:01,2017-10-04,641b39fba69fd98503084a09ee0bae40,2017-09-08
0ed9d4d7e66c6fdb514053430cfde54a,1bba1b7e613845e24dab84b393f9035b,delivered,2018-03-27 17:50:48,2018-03-28 02:47:35,2018-03-28 19:50:34,2018-04-09 13:08:46,2018-04-30,cad8fdfc1352a1878f05378baeb8b43f,2018-03-27
62b0ada629089f119f6445bd01ebaaf1,46523beaf92681bd5faa5b1df5077faf,delivered,2017-12-09 07:25:22,2017-12-09 12:38:22,2017-12-11 19:28:22,2017-12-12 16:47:27,2017-12-28,8a1ddf1618778e8c14c3c34534377262,2017-12-09
9fa095f813cfa2603c803c8475661bcc,50dfa5e2fb9fdfd6b1fd7e3a3d667a1d,delivered,2018-03-06 17:37:29,2018-03-06 17:50:41,2018-03-07 20:35:02,2018-03-18 13:55:21,2018-03-23,f22ba444813c7bd9f480dc46e9a1557c,2018-03-06
c7756342d355d13eea40a754b6602da6,15aee229d1d48b6a17dd0b8e2a3705e0,delivered,2018-08-27 09:54:35,2018-08-27 10:44:32,2018-08-27 14:39:00,2018-08-29 22:38:45,2018-09-03,e0836a97eaae86ac4adc26fbb334a527,2018-08-27
38c173dfe3aac4bedccd485f5424609d,a219b45ebd0c8d45aa950489e1ee1328,delivered,2018-05-25 18:02:17,2018-05-25 18:18:32,2018-05-28 15:15:00,2018-06-08 23:26:44,2018-06-28,a085f2883a0050fb733a66521c23d5f6,2018-05-25
643c6388737fabccf1b2df09b4b68703,d937ba4663258fa8eedb17dfa158a0f9,delivered,2017-12-01 10:42:32,2017-12-01 11:31:08,2017-12-04 22:43:03,2017-12-10 11:42:40,2017-12-26,b0029d0771588d41e23553aa22cdf95d,2017-12-01
81bbad72edea9386f88014e531255d11,7a24a27590128a1f2925250e63fc9670,delivered,2018-05-14 09:15:09,2018-05-15 04:35:11,2018-05-17 12:33:00,2018-05-22 19:03:14,2018-06-06,ae527974e04fe677850cd7a4c7f90687,2018-05-14
dda40954d6373d50d10f2b761c69ac7e,d8dc54bcf643ac8d462307f0260dce98,delivered,2017-06-11 18:11:40,2017-06-11 18:25:09,2017-06-14 08:14:04,2017-06-19 19:53:38,2017-07-14,9d4d90e41c78deb7d96cba3a34d6c752,2017-06-11
e9b78b3921cc12cdc6d6e8ff717de8d3,940fe3db65ee9d7d1c57233b5f6ef1da,delivered,2018-08-07 16:24:20,2018-08-07 16:35:30,2018-08-08 15:08:00,2018-08-13 22:56:49,2018-09-10,030df4046f9f9e7fc4531b24b1e853fc,2018-08-07
252e3d8642591a131552842adb8230f7,d2a2f7b5bb7f3843a5ca837a7c81cb41,delivered,2018-08-08 14:44:33,2018-08-08 15:05:00,2018-08-10 16:02:00,2018-08-13 18:19:34,2018-08-16,eba0f046d4741c9b156cd00ce1360fca,2018-08-08
bf983191809f11fbddab3c4f88a804e0,5eceae412b5c4fcc16b702d902b78842,delivered,2018-04-04 22:21:56,2018-04-06 03:28:21,2018-04-07 01:23:28,2018-05-02 16:18:45,2018-04-27,e7a79647bfe462101954e5e05a11c49c,2018-04-04
89775d04d56b85e2ce0007d65a3cd7e7,115cca0db9721c5f7fd2ccdc93c6cc6a,delivered,2017-06-29 13:36:55,2017-06-29 13:50:24,2017-06-29 14:54:27,2017-07-03 16:12:18,2017-07-12,a9ee8c86be5345e14f0bef96bf06c5b0,2017-06-29
6bc4d884c713e5a93fae26d2e3defe0f,3387e364e88b70e1eba504d737d32cda,delivered,2017-02-04 19:34:09,2017-02-04 19:45:11,2017-02-06 12:40:16,2017-02-10 09:55:39,2017-03-09,3c2c6d965d7f33cdb044b65a23511606,2017-02-04
b471c25ac60e798a0321d7a15415986b,020bf372f50fd24092ba34679cdfbc9f,delivered,2017-09-11 20:50:32,2017-09-11 21:05:21,2017-09-13 19:13:39,2017-09-19 17:42:07,2017-10-13,2d013009ddef21774b99911e4093a8de,2017-09-11
e82787bc54afe9f580cbec98c3af178a,b30eac48437e2422a2530a87568b5613,delivered,2017-06-01 11:59:38,2017-06-02 13:05:29,2017-06-02 16:12:27,2017-06-13 16:58:27,2017-07-07,4f7d260b5caf79ba4cab37d9acb80f19,2017-06-01
11c3ec39665545686192d37e03edd059,40ed53bf531f9759043dd3b82a1b2f1c,delivered,2018-01-14 18:19:35,2018-01-14 18:29:19,2018-01-16 23:09:16,2018-01-26 00:14:37,2018-01-30,83dd44a70ae4318c270664838b9544c4,2018-01-14
7cb831df3aad7397da5507310d0129d2,78000f1c5d228437ce259657ba7e5972,delivered,2017-06-26 13:51:14,2017-06-26 14:03:24,2017-06-27 14:42:29,2017-07-03 18:06:11,2017-07-18,fc21b4c52a959e15cdf966ec8b113221,2017-06-26
fb66173878dcc988e4e3e1151901b298,5add6659c12e55e5d6379c8ce5786512,delivered,2018-01-25 23:02:11,2018-01-25 23:14:27,2018-02-01 23:29:00,2018-02-28 22:03:06,2018-02-22,a46ae738be98cfe3a3459bd915ceffc9,2018-01-25
f5967f0a9a614d8ccb6b2c1c16bde5ed,afa7a206ec8cd8335d82fdde5ad8f24e,delivered,2018-07-25 11:36:28,2018-07-25 11:45:13,2018-07-26 13:16:00,2018-07-30 13:09:32,2018-08-10,7d8dc6d2f797b963fe679ce9381c6020,2018-07-25
cecdac61b34706beb4fb0d9a531082a2,06e02bfbcb3a911182a3aaa06d826c88,delivered,2018-08-15 15:09:47,2018-08-15 20:26:55,2018-08-16 14:54:00,2018-08-20 14:11:25,2018-08-20,55ff07e0b97b4b60d2e22b2efbc35ae0,2018-08-15
b031740afc01ce5052768cd623d5875c,a7c552b93d46c518aa55f41e46cae77a,delivered,2017-08-29 13:17:06,2017-08-29 13:25:27,2017-08-29 18:52:33,2017-09-01 16:35:40,2017-09-18,15d7a16b084376ac60c23d5a0babf0b7,2017-08-29
1b96de55f67268aaa1052ccc6cd7f831,70575c3be741bfb7eca3c3a25a1fcbbb,delivered,2018-06-25 12:24:51,2018-06-26 07:12:53,2018-06-27 07:55:00,2018-07-03 18:22:45,2018-07-18,31029552900326cc571cbd56cfde2f39,2018-06-25
d25eb23124adad743154951c70b0367b,8fc85b7ac5618e216e83fe66b45de02b,delivered,2018-06-15 11:22:25,2018-06-15 11:39:39,2018-06-15 12:00:00,2018-06-22 21:12:09,2018-07-11,b9b1a052999a70e11ea371670af35de0,2018-06-15
c6eed19e8449a4594d951f94ed3b99e2,48182b581713e9b573a4082cb9c8b725,delivered,2018-03-07 14:01:51,2018-03-08 02:35:57,2018-03-08 20:11:33,2018-03-30 00:58:26,2018-04-02,ad76d21c91c30cc09fabb1b3cedc4aa5,2018-03-07
2116afd8913047456f2159240bab5180,05937ce187de4289937708b4f3dfcd24,delivered,2018-01-30 18:55:45,2018-01-30 19:14:48,2018-01-31 21:04:06,2018-02-21 16:09:09,2018-03-02,cd6340dbe120cd318d5ce74d18f8e94c,2018-01-30
ea0ba7257a557e66332f0a5e25d98f39,ce86714de00d981276c6823ae9503d78,delivered,2017-10-12 11:32:02,2017-10-12 11:49:14,2017-10-13 18:19:47,2017-10-27 17:33:09,2017-11-01,ef7767303524b52097ec3b7f2a0be2c5,2017-10-12
0cdbb064516056ec9be699ddabadc42c,13c8bb7cb4c9d571930eec060bf12c05,delivered,2018-07-21 22:50:08,2018-07-21 23:05:07,2018-07-30 14:52:00,2018-08-02 19:02:08,2018-08-16,e9a6501768a8cc1125752e157da21cc1,2018-07-21
07c60b22ef2c61750215fd44cf67f928,b0c13215e53207d4d0469c45832011bc,delivered,2018-08-05 21:07:49,2018-08-05 21:24:25,2018-08-08 15:17:00,2018-08-13 18:28:48,2018-08-13,86dcd41c7ebde101d4da2054316a617b,2018-08-05
613b35c2a3e40e64392c5d7e80123988,80662443ffd5b34b6b467d7590e90308,delivered,2018-06-17 16:23:14,2018-06-17 16:35:13,2018-06-18 11:17:00,2018-06-23 14:26:26,2018-07-12,ee62e466c5dcfbb26ce5ed98dd86c38f,2018-06-17
b08e6e87102def921faf1a611d09031e,95948f00bd07df9a0c9b940d7a2ffaa9,delivered,2018-03-23 14:43:35,2018-03-23 14:55:35,2018-03-24 00:21:37,2018-03-29 22:22:49,2018-04-17,1242e85545a001f6224e2263d7791704,2018-03-23
5682b99fadba58766777a183ba03143d,a9ad56640447278808ed364f472d7401,delivered,2018-01-17 13:54:17,2018-01-17 14:10:29,2018-01-18 20:12:41,2018-01-20 01:08:47,2018-02-01,38dfe4655fc8785c5bf00923d9fca1ef,2018-01-17
a144aa25d9d14f25ee9f3ec4118e5517,9353974c6d727e3739a8370ff655a774,unavailable,2017-11-06 17:36:36,2017-11-07 03:31:02,,,2017-11-24,e9d6ce102dcb8ab8a3387021b5040f70,2017-11-06
5e92e0bff46e7409b95d52942bf0f2a8,5298fbcb045d2d58b8bc2dbb80532b74,delivered,2018-07-16 20:52:58,2018-07-16 21:00:42,2018-07-20 15:31:00,2018-07-23 18:25:25,2018-07-24,ec2f3340e77a508791323e1f8f6ebd9e,2018-07-16
f581fb09c9f7d67c2d7035ac36dd49e6,d25844ab8e3cfb49dad143d6b7c5018f,delivered,2017-11-22 14:26:09,2017-11-22 15:15:25,2017-11-23 17:31:47,2017-12-07 16:42:27,2017-12-14,a69212a96c3dde0aab42c9b286081eaf,2017-11-22
cfb2535d4f01725910c8f567cf06b686,3a84b9f859fd2f94d4b80eac938b4a28,delivered,2018-04-19 08:36:19,2018-04-20 07:32:09,2018-04-20 19:13:38,2018-04-30 21:35:50,2018-05-23,255f9cbefda42a112282168359ea608a,2018-04-19
6963678ab394ef16d2dbed6ee6d07c44,5f12d78c47adb7e59ed5aca5c52a3357,delivered,2018-07-17 21:29:23,2018-07-17 21:50:19,2018-07-18 14:42:00,2018-07-24 11:36:25,2018-08-03,fddc49f3423572486edbc2450ac320ad,2018-07-17
9c45e22ceaa7d4d5cd229d408c610d4e,903556b4d68641eba22c0dd627d76c96,delivered,2018-08-20 21:37:48,2018-08-20 21:49:37,2018-08-27 11:35:00,2018-08-28 15:48:46,2018-08-30,1c0e38631e8cc579745c0da8d21b25b9,2018-08-20
77fd91409017a7ee9d7c4ad79745cfda,4d25e798869c5bfaed1c5e6cde53bc92,delivered,2017-11-28 09:56:10,2017-11-28 10:14:52,2017-11-29 00:28:49,2017-12-12 00:34:59,2017-12-18,fbda7dfce344ab157aba8f76c1462d51,2017-11-28
7c704545f1306e9cff9216e6f34d5111,c009474292c8ed7544d52b57f352da94,delivered,2018-06-25 02:18:31,2018-06-25 02:37:07,2018-06-26 14:19:00,2018-07-03 17:41:57,2018-07-19,9e5dba14616edd353e3e344705daebbc,2018-06-25
11a6ea18f3646c6e6dcbadbd0207b35d,8f99d406f72a8339a5507e598bb187de,delivered,2017-01-28 10:26:06,2017-01-28 11:31:33,2017-01-31 04:23:58,2017-02-08 14:42:30,2017-03-08,3d290fc97428b4be07eb2972455141c6,2017-01-28
8739393fd79da12b068ac63a98eea9e0,d6b4cb2688446c34786918c0f89ea613,delivered,2018-01-12 18:19:18,2018-01-12 18:29:00,2018-01-15 16:49:40,2018-01-30 19:28:37,2018-02-06,824894bf9b51f6b4ae907a863ef061ac,2018-01-12
aab70889fd90187d6709afee3f19853f,b1cfafd0f8c0c6486af5389b055751d8,delivered,2017-04-01 19:22:17,2017-04-04 06:02:40,2017-04-05 09:05:57,2017-04-10 10:55:39,2017-05-03,30cd6476e13cfc8d556c96b2e40ca711,2017-04-01
573aed3067e4c429716880094b71a80b,94cce5d77423fc7926d3af0d01f379ef,delivered,2017-02-22 13:20:42,2017-02-22 13:30:17,2017-02-23 21:55:35,2017-03-07 16:42:29,2017-03-24,dc77e5e1396c807043f506f794d8fd1e,2017-02-22
8842ab4c2a2553bd8a15b9e210aae195,04990c725a166f618ef30e8ae48cdd51,delivered,2018-05-03 11:10:17,2018-05-03 11:54:29,2018-05-14 13:46:00,2018-05-17 18:32:50,2018-05-29,bee7cfcbb355559866c30cd38482f67b,2018-05-03
8569af7b39e3073991a97c55c2b16123,09ef509fc555b2d216fe3ed055d30411,delivered,2017-02-13 00:27:55,2017-02-13 01:02:38,2017-02-24 15:06:22,2017-03-08 12:27:52,2017-03-28,f0923175672d40d69c347aba93218ce3,2017-02-13
53b686fac427f7a62d0f32047dacd2fc,75fd680d4beb83356a3f1d9d9f0bc633,delivered,2018-06-06 10:45:16,2018-06-06 10:55:19,2018-06-07 18:55:00,2018-06-08 13:12:20,2018-07-03,8225719100f66fb93089c081e2c605be,2018-06-06
564252847a480a1317340b48e2001bc0,ebcaf5e6c516329b9ea33f50442dd7bf,delivered,2018-02-14 11:06:08,2018-02-14 11:15:27,2018-02-21 16:33:08,2018-02-28 17:48:17,2018-03-09,590ea8a2003b7f9d6bbce31c21c76233,2018-02-14
de8ff53ccb831c621c49cdfb8953fd9a,1a1cfd220729248ca598e3a807cb17e7,delivered,2017-11-15 10:21:16,2017-11-15 10:30:30,2017-11-16 16:39:07,2017-11-17 21:42:55,2017-11-29,4248e960750d7d7ad284720cb5475dfe,2017-11-15
3335145dde4116490421d86d3248aaf5,98dccee26e74868b47788bdc35e48a09,delivered,2017-11-05 20:22:11,2017-11-05 20:30:55,2017-11-07 17:23:10,2017-11-14 18:25:13,2017-12-04,2d4ae260c92aac1d323cb1a872eb9c20,2017-11-05
5f41eeeb79cbf03f89da17dd1bedccdc,846ae29ec0938702681e294c34e2e706,delivered,2017-03-24 06:19:53,2017-03-25 02:16:10,2017-03-29 11:07:52,2017-04-18 06:33:26,2017-05-05,c6df3869c263531ebd51f0454a353605,2017-03-24
fe540b103b9d1731fb8941c5ed067ccf,d9fbbd82d016d6056e9e08a685d73cc0,delivered,2018-01-02 12:11:24,2018-01-02 12:19:18,2018-01-02 20:54:43,2018-01-11 15:37:51,2018-01-24,e806356d145a51bbdd0c57fb91a0d163,2018-01-02
7e0b0f0b356dbf2c684fd6bbad4c1911,876bfe052df18daad48e26b9a09bc741,delivered,2017-12-05 10:31:53,2017-12-05 11:22:58,2017-12-15 21:12:41,2017-12-27 20:43:06,2018-01-10,d3d8659623ddc4175c37846bc278186c,2017-12-05
b98085eb7a06a725fb101c43ef721275,55527293ed99c8e2993e522addfb7615,delivered,2017-12-26 12:52:21,2017-12-26 13:08:48,2017-12-27 23:28:56,2018-01-04 17:53:06,2018-01-15,0f051c3192f9dcf046c5590d75a1c9cf,2017-12-26
1fdc2609d5cf7bbc42f1af8ff3072049,cecd29d54e3edb34d9cf2b00a5fff3ee,delivered,2017-07-17 19:59:32,2017-07-17 20:10:14,2017-07-19 11:37:52,2017-07-24 22:52:18,2017-08-04,6e2870b5b1ee7663079dd72314008164,2017-07-17
c421ebe75a8bcaabd8540cfae6aa4a7f,72d108717e547684828b22adc8f3607d,delivered,2017-09-21 17:26:41,2017-09-21 17:35:21,2017-09-23 13:43:17,2017-10-10 00:24:58,2017-10-16,2bfc622f064b1fb2cc73e335fbe8195b,2017-09-21
619ec92710d17c5fd70018c3ee9ad4cf,9f9c6e909d0dca855df6e5606a15bc67,delivered,2018-08-17 23:06:30,2018-08-17 23:15:11,2018-08-20 13:27:00,2018-08-24 17:08:54,2018-09-03,cd41ce66b6ab910eae49210dc7bfc919,2018-08-17
7733c820d89f9e24a262e8fc309a3533,8c1ea083db58ab44e1e4912aee4bbcf8,delivered,2018-05-26 23:26:06,2018-05-26 23:38:05,2018-05-28 14:10:00,2018-06-07 21:18:44,2018-07-04,5d2569fff2c0033a697c95802dc70e11,2018-05-26
c859bbfda403ac31857038177a367e1b,ed326eba566d15b5ec9193e2fca7f929,delivered,2017-05-02 23:15:01,2017-05-03 23:22:36,2017-05-04 14:10:06,2017-05-11 09:47:33,2017-05-30,c5f0d3a9f49be326dd2b7f48ec5d7912,2017-05-02
a1346a891ab47e8a7be96a3aa992b194,041c340fc75b751faeefe3ef5fd81068,delivered,2018-01-20 22:59:32,2018-01-20 23:20:13,2018-01-22 19:49:59,2018-02-02 00:30:35,2018-02-14,0d3ab4a186604a4265952654b87a1262,2018-01-20
5bc2a7b8f0817443a86b69461e742cc9,e24c95c7fcea91f9d8e06c7b2a139301,delivered,2018-01-03 12:40:29,2018-01-03 13:31:57,2018-01-03 22:25:00,2018-01-12 21:59:18,2018-02-01,63a1a412f0d9ea81fb487dec2851d1c1,2018-01-03
1ade03eb2f7f3a76f964ee98e1a66529,b15dfeddb91c576c21ca1456d3a12f68,delivered,2017-05-23 14:14:23,2017-05-23 14:25:25,2017-05-24 09:31:06,2017-05-27 10:57:46,2017-06-14,4e30e4d5a00ff20c1e9b7d3629304e30,2017-05-23
82c5edeff15e09a0460d292874766132,deb1ce7ca68ee64461402e881a1c02ae,delivered,2017-09-13 17:44:20,2017-09-13 17:55:30,2017-09-14 17:55:29,2017-09-21 19:25:03,2017-10-04,bb1768775784cf4511ec7c6f40f86ca3,2017-09-13
3f07b23a477bf9013c8290afae6330d8,9a437edf77ff93c3d2302ce7999edc59,delivered,2017-06-12 18:17:53,2017-06-12 18:31:23,2017-06-13 11:12:57,2017-06-19 15:17:47,2017-07-12,bfa4b4eec07192776cda053bf13ddd74,2017-06-12
21df9077cc34b937131aa902d45be9c5,66fd92db7e65ca5deac0db0ed557a178,delivered,2017-07-19 21:58:09,2017-07-20 07:33:05,2017-07-20 19:49:36,2017-07-31 22:13:02,2017-08-18,da67bb099d3c0129ea4695901e13c8b3,2017-07-19
9769371d54296310103ef23ba69b4af2,ea2137d588244819f6be7b1d8f00f82b,delivered,2017-09-30 21:38:11,2017-09-30 22:20:10,2017-10-02 15:16:47,2017-10-16 19:09:09,2017-11-06,d8d83888c0000f38e811b614a75717dc,2017-09-30
71e38b6278297e5765d0a41488828015,0c493327ccf5fa774963c070600fbbb2,delivered,2018-03-15 20:13:55,2018-03-16 20:08:26,2018-03-23 01:54:31,2018-04-04 20:48:30,2018-04-19,5b5a513d2e805bff55e5a8ade63315e9,2018-03-15
e75011be2ec3dec23d2ed6757d35c792,7dec82bd3f93ed6107cb7bc7e2242618,delivered,2017-01-19 14:38:27,2017-01-19 14:50:07,2017-01-20 14:12:55,2017-01-23 12:38:48,2017-02-27,e30b83af13d6ff0b0f427b2a67c43b39,2017-01-19
7950ca264526b850eda5297b489c8e35,ad44c9822042d778bb89ba71e2018c82,delivered,2018-04-24 09:16:29,2018-04-24 17:52:57,2018-04-27 15:00:00,2018-05-02 21:32:04,2018-05-07,47affc57961f1b924da44d4fcc9324b4,2018-04-24
249ec92a8757d3abe81210827a19f08f,0fd9e022d3e82c6e05d0104ce129466c,delivered,2018-06-15 10:36:49,2018-06-15 10:57:42,2018-06-18 15:27:00,2018-06-19 19:57:19,2018-07-03,8a90c3e2b92d45ef07713a65eaddb41e,2018-06-15
18c6d9e50c997847a486a2a627efdfc0,ed110cb97194f4281568a16d130589f8,delivered,2018-04-15 17:21:16,2018-04-15 17:30:38,2018-04-18 00:03:57,2018-04-21 15:57:32,2018-05-09,ca0e20ade97bc751496dfc450afe397b,2018-04-15
bfde1814043e239cb93af22b6b09214b,f10f70292bca6ab2abd34b96b08d312d,delivered,2017-12-31 18:35:45,2017-12-31 18:46:40,2018-01-03 17:10:44,2018-01-24 02:24:13,2018-02-05,1f6f1fac63b90bf2a475d367cb91bd44,2017-12-31
88ee50871d29b82810c4a8bac33aa004,53aeae0670660794fb7cccbb841ed823,delivered,2018-06-19 16:37:38,2018-06-19 17:04:54,2018-06-22 16:21:00,2018-06-29 19:14:37,2018-07-18,b61616cdec52a901be1862d0b7f25a5c,2018-06-19
ee15d1d23898663a46ad1c4b08a45759,f0b1375f8ebc3efd01a50b44e47647fe,delivered,2018-02-04 22:04:37,2018-02-05 22:30:32,2018-02-19 18:28:31,2018-02-24 00:44:46,2018-03-09,744fb2d41ededa16d3f703b7065b234c,2018-02-04
e8b777112a2c5482e9005c327997cc21,db2ba56a5295e78cf97852d6f4f27a9a,delivered,2018-03-15 00:53:20,2018-03-15 01:09:21,2018-03-19 20:47:38,2018-04-13 22:24:34,2018-04-05,187525b0ca98e7002f1fea2684c93c0d,2018-03-15
b3cb8cbd307ae353c5bed2e6eec5c58a,ed850b120dcf3049743a2ec2e015ae9f,delivered,2018-01-26 22:51:50,2018-01-26 23:18:20,2018-01-29 17:05:48,2018-02-01 20:29:51,2018-03-08,e3084d5aa230db5c53a1bfd489a738a3,2018-01-26
9547ca89ef82598d7ae329e2cc2cf3ad,f04f8fcd82d6285361fc9094cbbe9369,delivered,2018-02-14 13:20:47,2018-02-14 13:30:32,2018-02-15 20:13:35,2018-02-22 15:45:09,2018-03-09,4226172c296e210962df68da07db75cc,2018-02-14
b539ce2adefd8069df8b63856d7837f3,f83784635cb989ff8f58e7a1b0aeed94,delivered,2018-07-19 19:38:48,2018-07-19 19:50:11,2018-07-20 14:49:00,2018-07-21 14:24:30,2018-07-27,414593796c469a840ee721821725309a,2018-07-19
7f2d63de7e9e8a81f52cb8cd74d24277,fc60da72975e2a55ed00cd57f4a47b02,delivered,2018-05-04 09:01:21,2018-05-04 09:12:46,2018-05-07 06:56:00,2018-05-20 15:08:52,2018-05-28,3f2940eeba7cdf9648d5b54aa668da45,2018-05-04
33740f52eba55da2d9387820d43724fd,4a00ac708f3f33c001588e9529e90691,delivered,2018-02-23 19:31:58,2018-02-23 19:47:59,2018-02-26 15:42:53,2018-03-07 20:54:37,2018-03-22,82a1a712d8738a8320082f86f2cad79f,2018-02-23
acdb814f2758bfa4cf10c3ce5cb09c81,df80437556165c0e8e85b84cb709e0f7,delivered,2018-03-05 22:30:02,2018-03-05 22:48:55,2018-03-07 19:08:21,2018-03-30 15:51:53,2018-03-29,b55928692d81fc9ba199430273d35c10,2018-03-05
4548b28532019ff74082bf5b5ab11410,9d8aa6ca525fcaebe19a05f37b4e3274,delivered,2018-07-16 13:25:21,2018-07-16 13:40:16,2018-07-16 16:58:00,2018-07-27 21:48:25,2018-08-03,95978c0a7c501231dc179984007ec7bb,2018-07-16
ac730ec54a5502ff2a207c2f485f3d83,bee38172e88b59389711a1147ac7521a,delivered,2018-08-15 10:52:48,2018-08-15 11:05:46,2018-08-15 14:15:00,2018-08-18 15:20:38,2018-08-24,62b577bd271ab007b66862f5126f9fde,2018-08-15
032d90128bd4c1c63e317ab45ddc2879,129890a15e5868e3c3a8cf15f5483a31,delivered,2018-08-02 19:32:34,2018-08-02 19:45:18,2018-08-03 14:41:00,2018-08-08 13:19:55,2018-08-15,ad3f5857368b154b772878ef1877750e,2018-08-02
636cae28249d7bd12aa6fb8d96bbe735,cd6d7cf3eadef3f54d1e0ecd103510b9,delivered,2018-08-04 15:00:45,2018-08-04 15:15:25,2018-08-06 12:55:00,2018-08-13 14:22:37,2018-08-31,0f5eb16aac43643c1a6200a348170b6a,2018-08-04
dbd1cbc05d31e4c71790b63eb1fc870f,56db29d910656521640dd459604f55eb,delivered,2017-08-15 16:13:41,2017-08-15 17:25:48,2017-08-21 11:48:53,2017-08-29 20:38:01,2017-09-13,239cb3a266040f65b1bc755f18325ee8,2017-08-15
1c4bd62e77652a8a266a0b0f1b49b0da,ffee99041e111172de2006fe9e90202a,delivered,2018-06-22 12:01:37,2018-06-22 12:20:32,2018-06-22 15:16:00,2018-07-06 01:18:54,2018-08-01,5d7b01c0a09b912d9874a3fffdb858d5,2018-06-22
eab03e7736b6f5822bd2bf48812a57ae,24d30bd6b3b091d24728c9ae06b02b05,delivered,2018-07-02 12:37:42,2018-07-02 12:50:15,2018-07-03 06:08:00,2018-07-13 21:19:44,2018-08-01,c13a31db63f0cb0c0942e687de43f6bf,2018-07-02
83669a296f7c04168e60c26b274c5cff,23a0bfc1a2554f7bfed206cfe0bb3e54,delivered,2017-11-13 21:12:46,2017-11-13 21:30:43,2017-11-16 15:47:33,2017-11-22 20:37:36,2017-12-05,eaedbcf7411105bee37c37db64fe1985,2017-11-13
573cdc3b8d7f43d865aba5fbbc888802,1d4ed7b29c69512e9a142a6a5c52f5d0,delivered,2018-01-12 15:22:11,2018-01-12 15:30:30,2018-01-15 21:48:54,2018-01-31 21:48:10,2018-02-14,cae76dd4d838ce8f3f152baf0784c9b1,2018-01-12
d4236cd9c71d25ffcca42552d55db6f3,7a84164f936f2435540fbbb12b241930,delivered,2018-06-10 14:33:44,2018-06-11 16:31:30,2018-06-13 18:58:00,2018-06-18 16:04:59,2018-06-28,5a73cc26ef1d615432abc79e05ad7981,2018-06-10
75808f860a87d99fd802237327cbef81,111dd94da5edace3037f01e3c06d81b2,delivered,2017-07-03 09:14:20,2017-07-03 09:25:13,2017-07-04 13:57:28,2017-07-11 20:32:43,2017-07-26,969e62a47aec03c735127e6f11ad6564,2017-07-03
48d02bf6678d19dcb9ef11720a946dfc,ab3eead5a0680dfdd820127d25fea666,delivered,2017-11-24 09:08:26,2017-11-24 10:30:39,2017-12-05 01:09:27,2017-12-30 12:38:41,2017-12-15,fafba3768f87ad4882695b00ed362dad,2017-11-24
10394a4c18a22780ffb66c96fa737494,d3f87d76f74f85535af0fb9bbda2844c,delivered,2018-08-14 14:51:34,2018-08-14 15:04:15,2018-08-15 14:51:00,2018-08-16 19:38:40,2018-08-21,da2e6aff571f5ce4cd4b61caeb084888,2018-08-14
0a896d016dd3a53c584129cd14e0875c,57d673d104da338f0c80a321e20ef683,delivered,2018-07-21 17:09:43,2018-07-21 17:23:58,2018-07-23 13:35:00,2018-07-26 02:24:45,2018-08-02,517bc0cb24ae14a8a8c9e4151025cd2e,2018-07-21
c76851af7999b8aa431fe982f3fd1126,3cdc8728a9467f9c870c5a6a924dad15,delivered,2018-01-04 09:12:03,2018-01-05 02:37:57,2018-01-05 20:22:18,2018-01-12 23:25:12,2018-02-05,799641edfb6d813f9bb6f5a84cc14f79,2018-01-04
da97ba90124c049efe564e689b626042,6460e159a18c30b34b2b542866ff829c,delivered,2018-01-07 19:25:28,2018-01-07 19:32:45,2018-01-22 12:49:27,2018-01-27 00:09:53,2018-02-06,072e64d9eb05971a562327153e630f55,2018-01-07
e7522d7d44b7cdc7e33f08062d37d269,353aba3ea1d310ecca8f0e596715a0e2,delivered,2018-05-10 16:51:34,2018-05-11 03:37:33,2018-05-12 08:18:00,2018-05-18 17:48:55,2018-05-29,4df53a5ebdb219d91b23e8b34e976d94,2018-05-10
30d9b6778c881209fbbe2d1fdc6b3aa7,c46fb1ad081f67129badf67837c1727c,delivered,2017-11-30 22:56:51,2017-12-01 10:30:54,2017-12-06 00:58:48,2017-12-14 13:47:06,2017-12-19,de2ca7b13e8e419507948976ca8df56c,2017-11-30
2d59688444fe2c77837f198bb74f4485,63dc3330b02ced597f3079f1693f96d2,delivered,2017-07-26 19:48:33,2017-07-26 20:03:01,2017-07-27 16:33:40,2017-08-03 21:11:00,2017-08-21,d74c05ce039e3e0dff168149a8878c11,2017-07-26
656689d74b6f04ec228f13e98fc9b15b,373024739dee7c3429afb222a999bb55,delivered,2018-03-07 16:57:13,2018-03-08 02:29:33,2018-03-15 18:27:22,2018-03-16 19:12:48,2018-04-04,d7484dd44acca3ca523936dd5b8f1b09,2018-03-07
e6ba9a84acefba7db39ea4a3cca60fd7,07fc008e56d0391066076dc06e8e67eb,delivered,2017-11-08 16:44:13,2017-11-08 17:30:51,2017-11-10 20:28:56,2017-11-17 20:11:45,2017-12-01,14bb46fd695776fae3ba087fc3fdf747,2017-11-08
4689b1816de42507a7d63a4617383c59,d1ea705f2fdd8f98eff86c2691652e60,delivered,2018-06-26 22:43:32,2018-06-26 23:28:20,2018-07-03 13:38:00,2018-07-10 17:38:40,2018-07-24,301d1ce5a76b7e1bc47e5115bf5eb6ba,2018-06-26
1b2da30f37813b73fff52c5d5f6cbcac,c9a9f8854d077abb9ec32b1fe9076a77,delivered,2017-12-09 14:22:10,2017-12-09 14:32:32,2017-12-12 16:03:47,2017-12-20 19:12:30,2018-01-04,ffdf72e25c6f0503bb567d0a8cf1c159,2017-12-09
1445aacacc53a181a1bcf5bfb9520377,724651ac1162e52e750b9c4aa38b7fea,delivered,2017-12-11 11:06:58,2017-12-12 03:35:36,2017-12-15 14:49:17,2017-12-19 17:45:02,2017-12-29,0c4d5f349e9b28aaac6257e91f58c170,2017-12-11
78d367e2bc72aa2ad6aeec43b979b55e,8f1278c7bf83749550237624f72786e6,delivered,2018-02-13 21:44:09,2018-02-13 21:55:25,2018-02-15 17:04:31,2018-02-27 20:32:58,2018-03-15,6ae892931e20347fcc67418eaadc8b1a,2018-02-13
a2c42a4aedf58c7e3ff500cb584a9859,f96003d2df26d840fdfe42aea5254ada,delivered,2018-07-08 09:37:15,2018-07-08 09:50:12,2018-07-10 11:27:00,2018-07-13 17:58:27,2018-07-25,53d1b48bd9aa8100f30a5a631012ac33,2018-07-08
67273b39a82f449a02c95a8b28fb0037,2a47769855a4bf2f68e2b7bddd9cf872,delivered,2018-06-28 16:10:54,2018-06-29 02:35:14,2018-07-03 11:26:00,2018-07-04 15:34:58,2018-07-12,a7bd1ab5606902f0d2e233a93d8d082d,2018-06-28
a0b93e564f7ce12ef5c0768f38aed1ba,cc5a222e7e65ce155017bc23f7327b27,delivered,2017-11-27 09:24:02,2017-11-27 09:33:28,2017-12-01 19:12:00,2017-12-11 19:55:45,2017-12-15,ab4259746cf2414745256fe28589d18b,2017-11-27
ed0c78512dc9e32eb0120ff13b93a8fb,bad0485089a89e8aaa270d32600776b3,delivered,2017-02-09 11:41:07,2017-02-09 11:55:10,2017-02-10 06:58:37,2017-02-22 12:34:53,2017-03-10,faaa6c0b29b44c0193ccd751b9212ca4,2017-02-09
9bf784212164c8cc81d3eb16daaa5950,4acfe2f36c9f7b470ef68d71dc5b6ebc,delivered,2018-05-24 01:18:41,2018-05-24 01:38:03,2018-05-24 13:55:00,2018-06-06 19:04:51,2018-06-18,2561161bc52cafa1be6e80ed9c92c9ea,2018-05-24
0dd10699d5b56b4bfc60c02e8ac6533e,1d02dd4bbdb7060d7a4936dddd20d492,delivered,2017-10-15 17:40:59,2017-10-17 03:49:21,2017-10-17 19:19:32,2017-10-18 20:41:50,2017-10-26,f3a5b5d545704098461c7a2f2041e351,2017-10-15
72ec88002ed159da398333164be7f876,7f0341378a24c0dbd85884c251813514,delivered,2018-06-28 11:20:16,2018-06-28 11:31:13,2018-06-29 16:32:00,2018-07-06 16:51:26,2018-07-27,e0e1e133491ef03e577d6fa82471124a,2018-06-28
5e5401e61b948d2b976fa1badeb85ce7,a45750bf0ce58c15f1b74401be36bc41,delivered,2018-05-02 20:23:36,2018-05-02 20:53:38,2018-05-03 13:49:00,2018-05-08 16:38:20,2018-05-18,c98217a320d63286553ce1364ecba33d,2018-05-02
8b7e078c49289a39e53036d4f6220725,094268c3fc6b7f4f901169b464254510,delivered,2018-03-24 09:22:31,2018-03-24 11:41:17,2018-03-27 19:12:36,2018-04-02 21:28:54,2018-04-19,7b275ce089b8ebbacda4bab3f6faedeb,2018-03-24
2e0c591aeea96a822de207d1a2a5de9a,481cca8db41199ffb234a2ab4caf7f82,delivered,2017-08-19 10:43:53,2017-08-19 11:04:24,2017-08-23 20:57:29,2017-09-02 11:44:54,2017-09-20,f12b71c6e234e45a85bac3b4f6d9273b,2017-08-19
db29fa675e3fb38dc9f16106b18a43f8,05dd892bc3cdf380c532320e27148f33,delivered,2018-05-14 20:21:10,2018-05-14 20:37:49,2018-05-15 10:45:00,2018-06-11 18:42:38,2018-06-06,98db3c67c1a371adf2798a5eb366584e,2018-05-14
2942fb69025c3ceb3a70293e78346709,f553cd4d51e2905d9868e5d6318e09b6,delivered,2017-11-14 20:08:30,2017-11-17 03:35:38,2017-11-17 18:09:09,2017-11-22 18:32:22,2017-12-04,cb6eb4e06104e8902288c07ff4224c28,2017-11-14
6d2f1e2a36b2d36d4e4c626750224b9b,af58009ddcc58bc7c167a25e7172e423,delivered,2017-12-08 15:12:18,2017-12-09 02:49:34,2017-12-11 20:58:59,2017-12-15 21:18:46,2018-01-03,7e8aeee428a0d1aa0586279be4291446,2017-12-08
2f9461545e91fb9fde10a190a2986c34,3efca0204e57fb8a63a96188d66f3891,delivered,2017-12-04 21:21:14,2017-12-05 07:30:43,2017-12-05 19:28:50,2017-12-15 22:04:15,2017-12-27,3768f360e396c0a944ccfb76b5b39bbc,2017-12-04
c6ddc05cce8a6edfc4854d4e554d8b0f,2f12ab0497cdc2cfcbd8d4bd02f40b49,delivered,2018-01-18 09:55:36,2018-01-18 10:16:29,2018-01-19 00:22:41,2018-02-02 23:44:37,2018-02-19,bd5a63ad23910fd9ac77640781881a3d,2018-01-18
bb9a2de2f513259a76f6cab031523257,cee868431579ba2636577e88ccedeba6,delivered,2018-07-24 12:42:16,2018-07-24 13:40:15,2018-07-25 13:46:00,2018-07-26 23:04:53,2018-08-14,d33c361fea25d803a6f5a386ab39da0f,2018-07-24
6590f1ba60504cc128e446309ae6bfbf,cb26bdd25f8d8602f3b90e6a0c291ba0,delivered,2018-05-20 18:44:07,2018-05-20 19:10:28,2018-05-21 12:49:00,2018-05-22 22:42:30,2018-06-12,5f84bc5493b64eacb5885015400870dd,2018-05-20
4940a0d55a6bbecd485a780083cf349e,04411d029ba983c1386fc99accec7c63,delivered,2018-06-11 14:40:30,2018-06-12 05:16:15,2018-06-15 14:39:00,2018-06-21 20:03:14,2018-07-03,1c3ab93570fa6946d63927f8f2a836c1,2018-06-11
78a56ea994a32c5627609c929276b3c0,03f2fce950d12e18b97760794a8d8994,delivered,2018-07-18 14:52:39,2018-07-19 03:05:09,2018-07-19 10:32:00,2018-07-21 15:05:34,2018-08-02,9749fdb8ed91500eced9e9af5ccdb0e0,2018-07-18
3cd99cd38f3f27164941ce0ade8d2a5f,07d8a1e034609304f93d2fcb6b567c0a,delivered,2018-01-27 19:55:56,2018-01-27 20:11:27,2018-02-01 15:31:32,2018-02-23 23:28:09,2018-03-23,c1182f24672758536f897605a3306ad0,2018-01-27
75559e14f308f4ff08427c567ae0a370,0998fbfbcd689d31ddedcb38f3fd8105,delivered,2018-02-12 13:53:31,2018-02-12 14:10:30,2018-02-14 23:58:29,2018-03-12 22:53:26,2018-03-06,a84b054411cab9cef6857aeaa4763426,2018-02-12
7110f0eeece3a706f92c964efb204e57,4ad7e384a9915942c0b8bd7eb448b6b3,delivered,2018-04-18 18:41:46,2018-04-19 02:31:53,2018-04-20 22:34:24,2018-04-24 20:15:57,2018-05-10,e1b22883de52fb6e132faa3ca7ee3b5c,2018-04-18
60a342804edbf2d8c51f2cf191b373ce,ad4e2cdd3a48b3232d6881c527678fbd,delivered,2018-05-04 16:56:24,2018-05-04 17:10:24,2018-05-07 15:09:00,2018-05-12 01:33:11,2018-05-23,dbdab35c90de88d44f96fd05b8688cea,2018-05-04
67a02a73466642c42627bf50de7bea92,f20442e7a117475c8199e9285fdb5ae7,delivered,2017-02-02 17:43:35,2017-02-04 02:22:21,2017-02-06 14:17:37,2017-02-09 13:41:22,2017-03-13,15cb227ba447f4cc58d3b0621bd68d1c,2017-02-02
d7a2c0c1ff66b314f3bf166fb4157fd4,c26acf0451e0f8ec1f5218731b9a51cf,delivered,2017-11-20 22:28:56,2017-11-20 22:39:52,2017-12-05 19:25:01,2018-01-11 23:33:31,2017-12-19,6f00d356a4be20527662aaf12116baab,2017-11-20
8319a6a536055dda24854686c5c7802e,1406cd41ca8ca06e0a8902f689fa79b6,delivered,2018-03-14 13:25:08,2018-03-14 14:40:25,2018-03-16 15:37:46,2018-04-04 21:24:49,2018-04-05,d14bc874b72ba5360520a7f1a84e82a3,2018-03-14
f98546c39fc099e563d0b69b74b5151c,6ed21f859629b6586b9b7e8fe98653e6,delivered,2018-03-04 15:24:35,2018-03-04 15:35:28,2018-03-06 19:09:38,2018-03-18 14:27:39,2018-03-29,57799a14cfd9854e5019133bc8747e68,2018-03-04
9831a29d7f2e1f0526ea5d4f687ad13e,9f11f34a505da57000b47239048b9355,delivered,2017-12-05 08:28:27,2017-12-06 02:35:44,2017-12-08 17:23:18,2017-12-09 14:47:25,2017-12-21,dfbd9c72a1a48c02a30aa64e3565fa73,2017-12-05
57741095952ded9b9867c32ac568161a,7e7b63cc1cef789031d829eb55d8934f,delivered,2018-02-15 19:24:52,2018-02-15 19:46:12,2018-02-17 15:38:55,2018-02-20 20:23:02,2018-03-01,705309358fcdd0b809c6ea089bdd70c5,2018-02-15
cfebb97f36814d6f42de3df1e03d0210,21bdd767d991e3dc7efdb6149f1e6c5e,delivered,2018-07-26 19:47:29,2018-07-26 20:24:09,2018-08-01 16:27:00,2018-08-03 16:56:37,2018-08-17,65471beec1ab421b1328548a0fd5f232,2018-07-26
cb161f108a2062a82651fe528b39ffa7,568347f815812a019ece260d70e94d5c,delivered,2017-04-04 20:29:00,2017-04-06 02:45:22,2017-04-07 12:52:02,2017-04-17 15:30:12,2017-04-27,9acebcf17af624dee704b51e8c17930d,2017-04-04
5e741be1ef0b879586c4c85a9967b5f9,0f3bd0bd44140c8d4d481fd7c47c1c2f,delivered,2017-09-03 14:04:28,2017-09-03 14:15:21,2017-09-06 16:58:02,2017-09-13 20:15:02,2017-09-27,f7530477517d7fe88e4840b95faa5264,2017-09-03
b855a375ca3b96e3b1a106c27e2d339f,0df8e68bdf469717f79bf1e89a7450e4,delivered,2018-08-17 09:57:04,2018-08-17 10:11:26,2018-08-23 13:55:00,2018-08-25 00:47:52,2018-08-27,78151007275917661fd788d7ff1ce06d,2018-08-17
00f621226c6f4e938348f6f3a71fdc62,ea15bb903b8f82b3f8ebdb8a9f305154,delivered,2018-05-09 14:32:45,2018-05-10 03:49:54,2018-05-10 17:00:00,2018-05-17 18:59:51,2018-06-04,97a9c6ce2f5a124d22fe6be767bcbb07,2018-05-09
cb203b92888d8aa67beda73ce18054dd,8845218b841a1c684b790c3615583a6f,delivered,2017-10-30 22:02:57,2017-10-30 23:31:08,2017-10-31 19:43:04,2017-11-14 18:12:57,2017-11-24,ef7fdcd305142ba51da24aeae2155b4b,2017-10-30
8e0bd9ecbefeaa01eb857eef12a3d0f9,fc7d4defa8e1ac093d000adc4a69f99d,delivered,2017-07-17 07:04:07,2017-07-18 06:15:37,2017-07-21 18:17:28,2017-08-16 22:07:48,2017-08-22,d6d9c59a188dac1abf22553499ee8aa3,2017-07-17
ca15b9ce89a3e3e213dfbf05cb0e4695,2606fdb8c8893c74925740125cee168b,delivered,2017-12-03 19:07:02,2017-12-03 19:17:28,2017-12-05 18:56:47,2017-12-12 20:23:27,2017-12-29,a389e9b0e5165f245353f614817b2432,2017-12-03
84a2460003ca41e7f2aff73677cef2b9,d6a978328379a7aa82a087d3ca945a80,delivered,2017-03-20 09:38:06,2017-03-20 09:38:06,2017-03-22 07:41:56,2017-03-28 14:06:56,2017-04-12,fdc0bf8616482c81053d0e3390700c74,2017-03-20
dee8120a06a4934ccefda2f44a63a2ff,213919e66e2d2d5d0982ccedaa47cc44,delivered,2017-06-25 11:03:00,2017-06-25 11:15:17,2017-06-27 14:03:16,2017-06-28 09:38:39,2017-07-07,ee4d047e8cf84484bdb439da5c3fd3f8,2017-06-25
9cfec34f8256fbe0883789ae021eed0c,63b8824e472a986512a077c2d82224ec,delivered,2017-07-14 15:53:19,2017-07-15 03:23:24,2017-07-19 22:21:10,2017-07-20 18:38:53,2017-08-08,6f6abab6ce3577a7a1bf6f5c6a64f9b7,2017-07-14
e6c64e2ecfcd5ab01c9e7df01884c9d1,3f21f8d33dd6bebb2405d03b06b8ca8e,delivered,2018-03-14 11:21:26,2018-03-14 12:00:27,2018-03-15 15:16:45,2018-03-17 15:34:44,2018-03-26,6ca729ad9b607c590cff93fd08cf749d,2018-03-14
52597890ec6f46d79c0cc61f35b1cbc7,44dbf7d7b4548cd7139ded68d39cd051,delivered,2017-10-03 12:55:15,2017-10-03 13:07:46,2017-10-04 10:13:30,2017-10-11 00:13:13,2017-10-30,658c6019e2c32470c28645b568cdb74c,2017-10-03
e309561688d0e53d29a039914f51190a,5bc6e9dbf378d29fafefd17256337238,delivered,2017-10-31 08:32:21,2017-10-31 08:46:19,2017-11-01 22:33:20,2017-11-06 18:12:42,2017-11-23,14a2bf78b51753a482ddda8df6ccbdd8,2017-10-31
a7cb67859df47f610cabbe09d29bbb99,f95706a51f108602bd328a0b9f8a37bd,delivered,2017-11-23 23:02:40,2017-11-25 22:57:28,2017-11-28 17:59:54,2017-12-14 19:51:58,2017-12-18,444d373d4ab4fa4b4a53209324911454,2017-11-23
3c929aa6cf724e32eae163e008bacbb0,fe39cb8751934fcc5486a1e5cd86ea9a,delivered,2017-10-29 13:37:55,2017-10-29 14:06:07,2017-10-30 22:08:03,2017-11-03 20:21:56,2017-11-28,3bf91f240b1035e65c07bb19993e0853,2017-10-29
9a948249ff7195c8fcc2817b72ce6ff1,47101f2ce5dbb367947b2bfe806be9be,delivered,2018-04-01 20:00:49,2018-04-01 20:10:20,2018-04-05 17:30:52,2018-04-17 00:05:46,2018-04-23,50c67ebb7964f7eaa1b1083ffc7c6314,2018-04-01
c3d36e1799e432857de125edbd428c0b,33f7fd28bbe67f10c01c0bfdc98389bf,delivered,2017-06-14 00:57:56,2017-06-14 01:10:20,2017-06-14 18:42:01,2017-06-22 15:13:52,2017-07-05,7e9c8bf0d5e030ede68ddf4dcc90ca11,2017-06-14
8a8d4a399c6ef91d4c20458be5048c3b,54ccd7be1a0550989644a7633454f6a9,delivered,2018-01-08 14:06:59,2018-01-08 14:18:49,2018-01-08 21:39:11,2018-01-15 20:18:45,2018-02-02,53c36c2af9c778a798e24b9521a188cc,2018-01-08
d162b6f63c6d0885e7b3fac7f1f23b62,3adc77adab095b6ea28a7d367757712f,delivered,2018-06-25 21:29:51,2018-06-27 08:15:33,2018-06-27 09:39:00,2018-07-04 14:33:55,2018-07-19,6d5e80ab841a829e125afd0f1b19182d,2018-06-25
ce678bd6591f2487c9b4f5af45b4619f,8b16b8c513d302bd3d2f218644fed1a0,delivered,2017-01-13 20:08:30,2017-01-13 20:23:00,2017-01-16 12:25:16,2017-01-23 12:39:22,2017-02-23,1e9ebbaa6a3a66ad3f47d4480be0bb95,2017-01-13
b38b4d329d985b7931f83f8bec9056d2,dbf6088110e53e05323716815cb09a38,delivered,2018-03-20 17:16:44,2018-03-20 17:28:25,2018-03-21 18:37:29,2018-04-23 22:38:51,2018-04-16,64d6097ac608f5a9aabf29bc68f5f9f9,2018-03-20
5a88485f2ce99d0ad48fd3c2375409fb,e65a468c0c9e6dbc83ac1e30626f15b6,delivered,2018-03-05 10:47:05,2018-03-05 11:09:39,2018-03-06 18:37:06,2018-03-15 22:32:49,2018-03-23,2522f450ec08e276923f59fcec98614c,2018-03-05
b56bcbb57a9be94114e2dfb18399193e,2a386023b961e318e81ea3712f84e95f,delivered,2018-07-16 16:17:50,2018-07-16 16:25:25,2018-07-27 14:57:00,2018-08-03 15:43:54,2018-08-20,19f45c522ad461ea7ee8a0af8cfc5b2a,2018-07-16
24f9740a20c8dfcb718bc68a8722d634,3998a0d02d68754d86e5b95e2ba4add9,delivered,2018-01-08 11:13:11,2018-01-09 11:09:29,2018-01-10 22:39:51,2018-01-25 20:49:04,2018-01-31,bca0ed496a4bfe9c91a37b11ab1444e4,2018-01-08
e02e125437cc2226be342ae222e83a15,4bf1235ced3c2352ac7862d918f218d9,delivered,2018-07-18 15:57:05,2018-07-19 02:55:28,2018-07-19 15:31:00,2018-07-23 16:18:38,2018-08-06,e6df77ebe4463a46b3a009f693f2b68e,2018-07-18
d300dd2390d077cd2c2ec2861db15827,8f7c6c6a2f7450a91577241b44b6ea7f,delivered,2018-07-01 22:12:53,2018-07-01 22:29:58,2018-07-03 08:13:00,2018-07-05 21:57:36,2018-07-17,5fa3ef45a3533cf8e8079655f78f7316,2018-07-01
22a70dec3f33737fa17ad9ae098b37f8,d597b312cf0c17b32455637f9e257341,delivered,2017-05-17 10:53:24,2017-05-17 11:02:41,2017-05-23 11:39:34,2017-05-24 11:09:40,2017-05-30,46a0e6bb4d86b27d068f67e44e96b99d,2017-05-17
b81c8d51d95fc3ddef4edbadb799c006,740574fc27c6041709a37bd407249f93,delivered,2018-08-14 19:48:58,2018-08-14 20:05:49,2018-08-15 15:18:00,2018-08-16 14:39:44,2018-08-17,c8f8f858bcf88034f8fde77489a515d7,2018-08-14
019bdbaef5b5121c9b1811976aa510a5,7f340a499d079212d76e5a57f5d42389,delivered,2018-05-08 11:08:03,2018-05-10 03:36:39,2018-05-10 14:40:00,2018-05-18 20:30:44,2018-06-01,934d7e7b5aec6b485caa9f0bb98ebd48,2018-05-08
5559edd02dabfec0a6ee808960297d1b,d1e3996b3411bf78293c7bd70380b2f1,delivered,2017-11-24 17:11:43,2017-11-24 20:52:32,2017-11-29 11:48:49,2017-12-18 20:32:30,2017-12-21,7e82fd8a6c26147a8797d761fa68c497,2017-11-24
1b52f83851e639f6a5035dfc08c70f0c,191646c1b7ad953e55869e14b5a9b606,delivered,2018-05-05 12:42:55,2018-05-05 12:55:31,2018-05-07 15:55:00,2018-05-08 19:05:02,2018-05-21,37e2dd0451c951d37146d59c0091129f,2018-05-05
cc0485e2a281cfbca6a95b727a5c8f9a,46c2f2d24bc06f5ee9ac163dbccc5d98,delivered,2017-07-31 23:21:24,2017-08-01 00:43:17,2017-08-09 21:16:32,2017-08-15 18:10:33,2017-08-28,31e22c0d02f4eaf872ec1f3e4e8d1020,2017-07-31
03b566bccfbc64cf92b82db663a243f8,5666c037aed4dc726ddf2e0999782cc1,delivered,2017-10-31 19:19:12,2017-11-02 02:26:55,2017-11-06 19:51:37,2017-11-16 19:42:23,2017-11-29,e8bf9f048f9a1f488c2a261d5efccf7d,2017-10-31
83170393ec3a57a446d28e0b5fe1f232,b72684bc50364bf3f97bf6b0af8ee412,delivered,2018-02-22 15:25:27,2018-02-23 02:29:01,2018-02-23 22:57:05,2018-03-07 15:18:45,2018-03-23,da94701aea5998443813c482169d0b06,2018-02-22
6f239f76247919dca754f858fe95c617,0e412c1195ed573a27be9b22ca5a03cb,delivered,2018-03-22 20:27:41,2018-03-23 02:10:33,2018-03-23 21:16:52,2018-03-26 22:31:19,2018-04-04,062d40ed42ac84fe9d779277fb7ed109,2018-03-22
493d1ad7e1ae4e8a6733d84bc34c6b0c,40291ba05fac951d2fe586191112b3c6,delivered,2018-04-30 00:00:01,2018-04-30 00:25:27,2018-05-03 19:01:00,2018-05-04 13:12:22,2018-05-11,9fd4eb329cf497c6b7bd17421d205201,2018-04-30
31c115453235b762093e6f6983bf669d,fd31040a7ee310b731565ea3902a08eb,delivered,2018-01-23 22:39:58,2018-01-25 02:58:21,2018-01-31 14:28:49,2018-02-27 19:34:27,2018-02-22,158193c2f219288cb8d771154ab539f7,2018-01-23
f19ea7019ed413c8722275d4c9c08dcd,251bc9a9cbf1b7e5df9c11589d01a6cb,delivered,2018-04-02 23:19:45,2018-04-02 23:35:13,2018-04-16 21:48:37,2018-04-18 22:21:46,2018-04-27,9863935cf8e2941be3768e057c5ffe7d,2018-04-02
7f0b2d90543efaf906caac20ff4ed83f,c532bde5e3c7e9665dd16a0ff0d084b2,delivered,2017-11-18 19:49:03,2017-11-21 09:09:22,2017-11-23 22:37:53,2017-12-12 19:14:48,2017-12-18,bfe4ef000df13f0c32eb421714b1934e,2017-11-18
1bbc88b68b941f9352e624b4ee9ae132,97e094571319765cd343ec2e0c5640f4,delivered,2018-05-22 01:07:35,2018-05-22 05:12:51,2018-05-22 12:36:00,2018-05-23 19:12:12,2018-05-30,49a50b15e9bad2da9787ac8cc4e931fe,2018-05-22
cd12238095fc7765f26477b48b9cb3b2,2eeab260fead93547184a15fdad52b73,delivered,2017-07-15 13:49:10,2017-07-15 14:03:02,2017-07-18 22:07:57,2017-08-03 20:42:03,2017-08-10,c9150dc2fc39a6ae1e1e74678d914fa0,2017-07-15
5334444552f36867a1bf5cc0f4d3051e,e40ad01668971984265d1af8e48e8620,delivered,2018-07-25 20:30:20,2018-07-25 20:44:27,2018-07-26 14:45:00,2018-08-01 18:30:57,2018-08-22,6fcbd4e55001012d55891ce7108995ae,2018-07-25
d3748b207965f75c9287b49451cbdf3e,f2fea43c403aee713726efddf60391b1,delivered,2017-09-18 09:50:36,2017-09-19 03:43:59,2017-09-20 17:04:43,2017-09-25 17:52:19,2017-10-16,a0c8b35360fb81d904e498f156033141,2017-09-18
e214dd6d50b1fe9b3d0570441893f807,cdae1bcf423879f14dbf9eea667c5a45,delivered,2017-12-09 11:43:51,2017-12-09 12:58:25,2017-12-12 21:53:30,2017-12-23 14:46:48,2018-01-09,2be5dce8b491a7bc6a65d6e91bf49812,2017-12-09
6cf90e1166647c0225253a897567ceb2,f5219627819a30474a6ef14e1598e7f4,delivered,2018-06-11 09:22:20,2018-06-12 08:41:55,2018-06-12 15:10:00,2018-06-19 10:38:26,2018-07-18,d36eba3490c536bfdecc22e3c68ad453,2018-06-11
1cfd879fba2e07e64229d40d3bc2592e,b1ecedb16d47c1dad507d820395ab9c3,delivered,2018-05-02 14:58:19,2018-05-02 15:40:30,2018-05-03 16:38:00,2018-05-07 12:38:35,2018-05-23,84f81ae3420bed4b0987639ce32f8338,2018-05-02
e488cc26536e9d4857ff7e4605f3220d,179b6269e3312a52257e0ae40dc5e976,delivered,2017-02-06 22:48:50,2017-02-06 23:02:37,2017-02-08 11:05:19,2017-02-21 09:21:38,2017-03-21,75a8619f11aa2ce309bdb5875882a486,2017-02-06
13e3d20c254d6f982d8a1a1f57d74268,b02bb20c4a867ed23194f205619ada9e,delivered,2017-08-01 13:43:33,2017-08-01 14:03:15,2017-08-02 19:49:51,2017-08-05 13:24:26,2017-08-14,85b3ae9df63745fe6974a148da9e2191,2017-08-01
c535d14467a9ffe1f7dc043ae44a7338,022f451efd6098c908265c022c1e06ac,delivered,2018-04-15 10:51:07,2018-04-15 11:10:25,2018-04-16 17:57:56,2018-04-23 15:58:47,2018-05-14,7b11c5009a9bbdf32d5c863946104743,2018-04-15
93ef9253c47e7dfc633c01f728488cb1,ba21875fac3c41b6ac433113cf862e55,delivered,2017-10-26 09:07:04,2017-10-27 09:15:12,2017-10-30 21:42:35,2017-10-31 16:09:47,2017-11-09,47a89e50eb2682031d3b9962afaeba4c,2017-10-26
1014139cb79293614f86603cc2c0b2f5,e1aa8d411fb0399eabfa209b16b87bfe,delivered,2018-08-10 07:58:37,2018-08-10 08:10:18,2018-08-10 12:56:00,2018-08-13 17:07:56,2018-08-17,158c2c6ac52858985007be2baa3abcd1,2018-08-10
265271dd979e1221bab55d039af24b37,fc748b54d0a4e82922a48d9d79529189,processing,2017-12-15 10:43:11,2017-12-15 10:55:17,,,2018-01-10,30850486f5c7e7cf026daf8b81e40dcb,2017-12-15
d76a05884672c990682427773e545129,36efc382554075c5e617faf800445551,delivered,2018-05-01 23:20:36,2018-05-01 23:36:20,2018-05-02 15:36:00,2018-05-10 18:48:33,2018-05-22,ea5f8fd5f416eaeb6e9cce93060f5cc9,2018-05-01
1c17925c49f9d7785ecc1febf7f30363,d5121168d43b0c28479b59a2d52655fe,delivered,2017-03-15 15:06:40,2017-03-15 15:06:40,2017-03-21 03:08:12,2017-03-30 13:39:44,2017-04-05,13a79a5c9389b44570b22291a262a3d9,2017-03-15
9c3baed00b2a9346c17579ea668f3029,b12da88cab7326387e8976dc76afcd77,delivered,2017-11-24 15:04:38,2017-11-26 16:11:46,2017-11-27 18:41:49,2017-11-29 18:38:26,2017-12-08,d66f438b3fcdcf22e7224aaeaf525443,2017-11-24
e22cc707086f54199ddd7ce4b79db163,ea29946c5fc530b67866c9cf8bf12aa2,delivered,2017-12-11 22:29:46,2017-12-12 00:14:16,2017-12-12 21:36:53,2017-12-18 21:32:20,2018-01-04,21000f93e45b30e635eefc08b282f164,2017-12-11
f45a9d097cad72a13df7a423d893dab6,684741e5c388d9fe3d7ea5c8c1b48182,delivered,2018-05-01 20:55:55,2018-05-01 21:12:26,2018-05-02 15:06:00,2018-05-05 09:52:27,2018-05-22,4b8ebe4ffd54e53db679068cb646c7c4,2018-05-01
8ef41982a967f8279637b497cc5f1275,10ec87ab9019663333956437e0a35aaf,delivered,2017-08-22 20:15:37,2017-08-24 14:26:27,2017-08-25 21:11:35,2017-09-05 22:40:07,2017-09-19,48f113816d67422220232fedf8684a70,2017-08-22
a22b607df785ae2bd6fada8c68de0986,a8dd0e2a05799a5e36cb68c9192207a9,delivered,2017-10-15 17:03:31,2017-10-18 03:14:58,2017-10-19 19:51:48,2017-10-27 16:13:09,2017-11-07,24f7afe4322b73d532e36cdda9eb7bf6,2017-10-15
3fbceefa87d60d00b3a59388408c7ba9,6fd56a56231ad82b8d0e749c8bb4d498,delivered,2018-03-03 19:27:14,2018-03-04 19:28:29,2018-03-05 23:00:05,2018-03-09 21:32:57,2018-03-21,7b4c0e8cac0266087ab54467a3835d85,2018-03-03
498c950b1765883c2a104b8dd227ea90,bd1f61fc15cc21dca7ca5f6786ab475b,delivered,2018-06-13 13:04:17,2018-06-13 13:17:54,2018-06-15 14:27:00,2018-06-18 17:43:35,2018-06-26,dbfa9cbca168801f5879b8feb5782ac2,2018-06-13
bb0a814e4d6cb5373c30a22b6c9fd658,1643f66f6cc239c720a52b3d0fa8edab,delivered,2017-09-01 15:39:09,2017-09-01 15:50:11,2017-09-04 19:47:40,2017-09-14 20:51:46,2017-09-27,bc8afaa214b377ee40cc263ff400fe84,2017-09-01
ac4e638ca3146139f9857a73b20f6277,a9700175e79675ae3aba81e68f9712cf,delivered,2018-07-04 19:44:24,2018-07-05 16:23:38,2018-07-05 14:32:00,2018-07-09 20:44:27,2018-07-24,d003884823839d094ecbefc409bde5f3,2018-07-04
cb4e81ca4138be621c104eeb865c4a79,40f9561c30a05bebd46159f13de2721f,delivered,2017-12-14 00:08:00,2017-12-15 02:30:34,2017-12-23 00:14:19,2018-01-10 22:24:02,2018-01-12,bc0a03de5d491d015de2e6cba0b0d05a,2017-12-14
c51f25e565a1b4a03be6979f4661a585,38cac1776e7f4cca67c47a655eca20b0,delivered,2018-08-20 11:33:30,2018-08-20 15:15:36,2018-08-20 14:52:00,2018-08-23 20:22:38,2018-09-24,f9a26acb59201adc0031186ace6cdb18,2018-08-20
e1bc1083cd7acd30d0576335373b907d,14532b4dffa2bf13edc019346063c2fb,delivered,2018-03-15 12:56:35,2018-03-15 13:10:43,2018-03-15 23:58:22,2018-03-22 20:58:34,2018-04-03,a66315c850c3712707754c1eca7a8069,2018-03-15
918715562ea26f3f229b7b9e7293d3d2,399d9ae24a4f182cdae8cd53a644a958,delivered,2017-08-12 11:41:24,2017-08-13 11:50:05,2017-08-15 13:13:15,2017-08-16 15:52:31,2017-08-25,f33a7824bb42c51d5f31592cc0225afe,2017-08-12
1ddab242ec2aa2eb0c3c44bf6002dfe9,299ab139539043a0010795bd2a7626b1,delivered,2018-06-04 23:20:11,2018-06-04 23:33:02,2018-06-05 13:32:00,2018-06-06 16:33:36,2018-06-28,279cff9b9d6c8587d0267ae1b9e365a5,2018-06-04
2c8d039d136f71b16eea4024def87741,b9af95c64769369ae49f05ef4634f23e,delivered,2018-08-20 11:16:03,2018-08-20 15:11:53,2018-08-21 13:54:00,2018-08-30 22:51:43,2018-09-13,26d666b15df73ff2e48c868dd055b9f5,2018-08-20
90b9f0f48e9c0c80521210df4cff137d,ee43192c53e487eecaf741cf64dca677,delivered,2018-02-20 01:18:53,2018-02-20 02:30:53,2018-02-21 14:44:44,2018-02-23 20:23:24,2018-03-19,8e31f8c64b847de447636be1ced917f2,2018-02-20
73455801790c8a31e404a3d4861f3d61,d04b1ea9de553c20d8315f98cf8289a2,delivered,2017-12-10 23:01:37,2017-12-10 23:17:27,2017-12-11 23:25:37,2017-12-20 16:48:51,2017-12-28,d3beb4deb410a98b8f5406a88aa1ad94,2017-12-10
50eeaae0716800e6a5e870e9a05edd41,299e3323af91b6e7411a47b8919b2ce2,delivered,2017-11-25 10:28:21,2017-11-25 10:38:31,2017-11-30 23:33:46,2018-01-16 00:52:52,2017-12-26,70150002d59f4bbfe4ab728749cb5f12,2017-11-25
b01274d5c860a9d33e0375e113051bd9,3e3df842ae07d4e4986fb1aa446eb123,delivered,2017-12-20 17:27:11,2017-12-20 17:34:31,2018-01-04 23:27:40,2018-01-15 19:23:40,2018-01-24,5126071e8e67f61789f6ce9f3af56143,2017-12-20
df0bfbf54e085e793d7b164f7c4304e1,b54c3273e3f408977b01909ad650b7b8,delivered,2017-09-20 21:25:17,2017-09-21 21:30:19,2017-09-22 18:04:16,2017-10-02 17:11:02,2017-10-11,42c74e352f2e8d5b46cc53a9183a8942,2017-09-20
4fd95287834e5721e6dd034110ea149e,42bba93a239353f2f8a7b64aa68efd24,delivered,2017-07-11 19:40:55,2017-07-11 19:55:23,2017-07-12 16:26:52,2017-07-18 17:29:17,2017-07-31,8269272a8563f6aef0732d86de79f2a4,2017-07-11
04784f58d6d77df7f4c12da82a4577dc,f3ce5e2f314944574d86bfa26a1f1e27,delivered,2018-04-15 19:14:47,2018-04-15 19:31:01,2018-04-19 23:48:24,2018-04-24 21:28:46,2018-05-15,2e7cef57e1258b0f95ed77844866e6a2,2018-04-15
c0396e6102e8bd3392484cc1ace9d55d,b566e20417d28f6bc7eb73b1d261a680,delivered,2017-11-24 11:54:55,2017-11-24 13:52:36,2017-11-28 19:18:47,2017-12-03 19:08:43,2017-12-29,bdcda82b1ea7222b500b5d82d8454e4e,2017-11-24
fd038d8e957d1407c9928ef57603146e,87e802b8e48b28d75c1ace4856bec0cc,delivered,2018-01-13 13:48:26,2018-01-13 13:57:29,2018-01-15 20:22:42,2018-01-24 20:53:24,2018-02-20,cb2d91d129a0a3cab85e25d446a710a1,2018-01-13
c9527d3d4735b810b3d42d45aabae2ad,2f19c9171e009ef6195f5af093d2ec90,delivered,2017-12-19 15:49:16,2017-12-19 19:32:00,2017-12-20 22:43:55,2017-12-22 16:59:11,2018-01-08,c4da45171b79b56a287b15b9796be783,2017-12-19
04dd35719b3865db080c89c54b9f5b6a,bb3bdf949a58ff74c17d6aa4c1f94da2,delivered,2017-07-14 01:40:53,2017-07-14 01:55:36,2017-07-14 17:50:38,2017-08-01 21:27:34,2017-08-29,0242e42b2210c764b47e099ddeacd742,2017-07-14
98dc9b1a84fd406155ed39ab4027c61e,e4712737da813be14ec35d595d6e4de9,delivered,2017-09-03 14:37:04,2017-09-03 14:50:11,2017-09-04 22:15:12,2017-09-08 18:03:30,2017-09-27,4b0dd1a7511b4042871f9382a9c323d2,2017-09-03
a843db5b5fcf2b053e8ae0b87b02ffdc,bf3567e4db3afd19b8c2d2d8b3fce39a,delivered,2018-04-24 00:20:19,2018-04-24 17:46:32,2018-04-27 17:31:00,2018-05-08 16:22:33,2018-05-21,821e75291b1ad362e614c0ea79fc95a6,2018-04-24
35c7d117e60b7447a3ee63f69addcd2c,a63832a8b162089904b6c6470e9e6434,delivered,2018-07-06 16:38:58,2018-07-06 16:51:18,2018-07-11 11:25:00,2018-07-27 22:04:45,2018-08-13,e7b9bd81343df9f721e62234199d871d,2018-07-06
ef3308b4c2a242ab54303e2965646069,191f2506c847455793cd0d8651e0153b,delivered,2017-05-08 10:35:50,2017-05-08 10:50:19,2017-05-09 17:01:20,2017-05-17 15:48:04,2017-05-31,c67aba22fcf949aa77170780f15d257a,2017-05-08
9ad3bdfd0a949c2448fcd57f4a334d17,48e84ffd5f006fd62665caa8162d1e5e,delivered,2017-05-06 10:48:16,2017-05-09 09:50:29,2017-05-16 11:54:40,2017-05-24 11:42:15,2017-06-14,e6322f1bbc625e0a5da5ce949723240b,2017-05-06
c9a7187610e0bf2fb8231f0e278795f3,e6951e1d1f246d3bcd1f319c01eaecf8,delivered,2018-06-29 22:35:49,2018-06-29 23:10:26,2018-07-02 11:18:00,2018-07-13 16:31:47,2018-07-31,889a0bafe9567956da935b03fff1ce45,2018-06-29
f3dfda8fe064d227cee42eb21b73cc69,db6f9af19cfaa6064936f4b3e1097223,delivered,2018-06-18 11:19:25,2018-06-19 03:36:29,2018-06-20 13:48:00,2018-06-25 18:02:29,2018-07-13,d847d66f1135608cc13cb31f967f902f,2018-06-18
0fc664e3e9937dfcef8a126f89b976ad,7e4ff294ab0265ce01c7f95c357f7c07,delivered,2018-08-01 08:12:16,2018-08-02 07:25:08,2018-08-03 12:57:00,2018-08-06 14:51:22,2018-08-09,4942690375e32ba687803558826d0347,2018-08-01
6bbc1892d79fc89cd656a04b7d96f622,aeca4ed7648c403088113efb0e5a2ba1,delivered,2018-08-26 18:47:46,2018-08-26 18:55:16,2018-08-27 15:45:00,2018-08-29 17:23:43,2018-08-31,d6735445f2f7ba25a4c7fe937c24bf70,2018-08-26
6351b80ae9f0c878fd15defcfc6926e7,a7d7e95328382975506f6286a7b6cb74,delivered,2017-09-12 21:44:56,2017-09-12 21:55:22,2017-09-13 18:26:54,2017-10-10 19:04:59,2017-10-10,a222a2760dd145fb409474aa19777d69,2017-09-12
0a74dbb3f48ca542f83c5911f24e472d,9e39eb9bd22c75888a0672ec4b62d56b,delivered,2017-04-21 21:23:04,2017-04-21 21:35:18,2017-04-24 15:02:27,2017-04-28 17:14:17,2017-05-16,50483c532df79997b443411754a4531a,2017-04-21
84031ca1ba6b8a439611c94887e380f2,8726bf451df0da9d2feb4ee8665b15c5,delivered,2018-04-17 11:12:07,2018-04-18 02:31:42,2018-04-19 01:02:46,2018-04-24 00:58:29,2018-05-02,5c6726c1c0872380f06d51d1bd090f32,2018-04-17
3e6a8242ed19ca13a5da5659bc36030f,07c6e5fcb00572b328e792042930c1b0,delivered,2018-04-26 18:20:03,2018-04-26 18:32:05,2018-04-30 06:16:00,2018-05-08 15:22:51,2018-05-29,c7e67e5d2515649133541a0db055ad1a,2018-04-26
afc091f97bfa9985b6ab413ad1a9891b,42568702f6b7a0d94ad168a4b1dbe0eb,delivered,2018-08-16 10:46:39,2018-08-16 10:55:56,2018-08-22 14:22:00,2018-08-23 12:33:22,2018-08-27,072a543c663f0b54b41af8b074162d62,2018-08-16
854b1633927e30873792f06e568ed766,4dd6d98ac5cadd43fde7a222269c90ad,delivered,2017-08-02 01:07:28,2017-08-02 01:23:32,2017-08-03 18:49:44,2017-08-09 20:12:32,2017-08-24,64ffba53eab28344415bca0b4b279009,2017-08-02
3645c66b5c03384bc97063c45b29acd7,00c042af846ab3125854b4abc3bf25a6,delivered,2017-09-18 22:08:50,2017-09-20 02:35:36,2017-09-20 19:47:35,2017-10-11 20:08:07,2017-10-05,af13324b5f4c0a838fe662c52a44b959,2017-09-18
39d4b3308183021b1e0b95b195b4589b,226074d98d9f69790f1d87bb3b1f9cf6,shipped,2017-05-07 12:33:16,2017-05-07 13:10:09,2017-05-10 09:55:59,,2017-05-31,1678d632a82568e52fcff49fc87802af,2017-05-07
ce8a75d279575fb471682893d3c42079,2a936cbc4a4ff3bbd19517cb70dfcf3b,delivered,2017-08-30 18:05:02,2017-08-30 18:15:14,2017-09-05 12:54:14,2017-09-08 21:13:55,2017-09-12,38dd3f4e8a4cc5e32dd0a4426a1961fa,2017-08-30
ec782ac14bf00e8e5a69b7ac88c330e9,485336c26a7b4d105be1a42b12266eb7,delivered,2017-08-02 13:43:18,2017-08-02 13:55:18,2017-08-03 18:32:44,2017-08-11 19:44:55,2017-09-01,85b190008aa5c8b7faa637e6b33552de,2017-08-02
a42738f16ac41ee9a00fb0508283dd15,835e2ccdab532dbb2bf4f03247d096ea,delivered,2018-04-14 08:07:22,2018-04-15 08:11:53,2018-04-18 21:56:44,2018-04-25 20:32:44,2018-05-14,c4d0b7743758bf264b5fa44911f87f42,2018-04-14
c76034c1fb7727deed7b96df139a99a9,b878696ace463ab208c251feb755b66d,delivered,2017-04-02 22:05:26,2017-04-02 22:22:34,2017-04-03 14:40:30,2017-04-06 10:57:18,2017-04-24,4fd60f2fd6de1ff8e7c0c17ee146b3f7,2017-04-02
28db69209a75e59f20ccbb5c36a20b90,274fa6071e5e17fe303b9748641082c8,delivered,2017-12-19 14:27:23,2017-12-19 18:50:39,2017-12-21 19:17:21,2017-12-26 18:42:36,2018-01-08,84732c5050c01db9b23e19ba39899398,2017-12-19
441cc7b0d0e6268a3d544d7ac4f1fae9,e924862048255b8fa261c9242f19d697,delivered,2018-06-12 19:40:00,2018-06-13 02:18:54,2018-06-13 13:51:00,2018-06-15 17:14:54,2018-07-04,7f8c0c62801483aee10f67e0415be2f5,2018-06-12
4f96fcada41abfae96e6d24fd8c69e6a,de3b172ad4e31e88c3c2b44f3df39a83,delivered,2018-03-16 14:11:50,2018-03-16 14:28:59,2018-03-19 20:48:48,2018-03-20 21:47:11,2018-03-28,b872416a45e88900360ef5938d39e5cb,2018-03-16
27a0c2a00aa85ff8202e8bd9c7dbd829,72dcad042bdf5d01a5b6f9c2457c53b7,delivered,2018-04-23 16:56:22,2018-04-24 18:04:44,2018-04-24 19:19:17,2018-05-10 00:09:00,2018-05-08,ea8a37a119980ee4681e28145b39bb3b,2018-04-23
062ce984a468dfa021e43bdf17ae158c,6962cfc35f21a68b37734f341484b193,delivered,2018-04-26 18:53:53,2018-04-26 19:11:40,2018-04-30 14:00:00,2018-05-07 17:46:45,2018-05-18,de25a31bbf207c8718b7b03764f95ddc,2018-04-26
2272148d6abbd3d385088f3e101edec9,1041f7da9362e74424e9763777b0f948,delivered,2017-01-30 10:03:21,2017-02-01 04:33:31,2017-02-03 11:06:14,2017-02-09 18:48:40,2017-03-20,54bf4c6f2b71ffbd2940ac9fbcd93ce4,2017-01-30
c263f74f0ce9f6d9e0f4608a22a67dfd,7dd4ca386e9a4add580925c77a483225,delivered,2018-05-08 08:46:56,2018-05-08 09:09:47,2018-05-08 15:28:00,2018-05-15 13:22:09,2018-06-06,f5fb94d6a90c9c055bc6ea6489471601,2018-05-08
f50bd02311315c46f542964e4abb5886,b8d53017d2a30c3aa5f58a03fd6769bb,delivered,2018-04-30 00:22:24,2018-04-30 01:10:43,2018-04-30 14:13:00,2018-05-03 17:22:27,2018-05-11,5c68d9241b561a7383e534caedf3e6be,2018-04-30
e076d90a9dd2b78794850f39bacf0d99,fb1c0b4e14844938d19a4265cb8b2059,delivered,2018-05-09 12:14:58,2018-05-09 12:31:57,2018-05-10 14:50:00,2018-05-16 22:08:31,2018-06-06,ef1f15abd748781d102a201420494812,2018-05-09
c8035c255b0c345f46e7ed85cbaf1a79,ae697bc1ed176e43ee2032cde856bd82,delivered,2018-08-06 11:05:42,2018-08-06 11:15:24,2018-08-15 12:03:00,2018-08-17 01:12:49,2018-08-28,68626709345049fe1e160e86baa7766b,2018-08-06
3102ea2ab7ac2a1a88a1286fe68d8ed8,5edca9a028788c636ba7e0cd425ddbab,delivered,2017-08-20 21:29:43,2017-08-20 21:45:07,2017-08-22 18:24:24,2017-08-23 22:41:29,2017-09-11,e7e6c73d63190cbf9d70af9c488e227f,2017-08-20
d4d59632b48a026cbe13a59ae7af6f9b,6e5775324fb719e9fa916772f420add2,delivered,2017-05-19 10:27:43,2017-05-19 10:35:22,2017-05-19 16:08:15,2017-05-20 11:57:49,2017-06-16,414f2abc48d8934ab132de413371e366,2017-05-19
00bd8cf08fa3998ea6ad6d16c2165822,03e0ca8ff692a46af071866422dded4c,delivered,2017-12-01 10:47:44,2017-12-01 11:31:16,2017-12-01 22:15:09,2017-12-05 13:20:43,2017-12-26,4cfea1c0d66ed41b769d78040e59fa73,2017-12-01
c2d9d0e0c3a188dd8c70809844767fa5,14b2a904e8bcb72a2bbdbcf5b8e54978,delivered,2018-07-08 14:07:30,2018-07-08 14:25:04,2018-07-12 16:03:00,2018-07-23 17:26:31,2018-08-07,486c4f9b2ca35e1afa9010d23792be4f,2018-07-08
d1571653dd436c147f6898e8cf2ea516,a0f20dc8a88e8cf077ec762de647c197,delivered,2018-03-04 20:39:40,2018-03-04 20:50:36,2018-03-06 00:06:54,2018-03-14 21:31:56,2018-03-21,615032ce6c0d824348782cebd15bafbd,2018-03-04
5db44e5b8064f2de158539b19c8e3ad8,13a6fed7991b5ea1ea707705457e60e3,delivered,2017-07-14 23:36:32,2017-07-14 23:45:07,2017-07-19 20:36:44,2017-07-24 21:59:37,2017-08-03,8f0872426c36d735be24b4857969aca4,2017-07-14
711f172cadce2c07a025d5b9ad519e36,c0768240269a7174471a124b38b93046,delivered,2017-08-09 12:43:43,2017-08-10 06:45:18,2017-08-10 18:56:38,2017-08-16 19:24:05,2017-08-29,eebd0ddc20220549c8e2905f8ad1d7a2,2017-08-09
02c279c60b8aafcb89cb42f9bc4b754e,68d7fce44a1b7df663bc8086b9aa5d22,delivered,2017-04-04 23:39:14,2017-04-04 23:50:26,2017-04-05 13:48:07,2017-04-10 14:04:06,2017-04-27,67747e4941cdc8a082fd061b45e20155,2017-04-04
084ba8afde2ae7dcc7610239f97b7d43,5d1f4036c008db431004d390d7920638,delivered,2018-03-12 14:56:44,2018-03-12 15:10:30,2018-03-13 22:32:31,2018-03-19 13:58:49,2018-04-05,b0b3c2cd54fa4bc340f9f1f9c0440ae8,2018-03-12
6c23e2678bf779526bbb96776800a471,d09feea13dee71db39f02d3ba3030c21,delivered,2018-05-29 18:46:05,2018-05-30 18:55:28,2018-06-01 13:54:00,2018-06-08 15:41:13,2018-07-03,3d7dac08eb0ac2fc1690166cf0bcb79e,2018-05-29
5a1162244090096d45dbdd8c9037a720,5b3733e7ead849aa9e2c7a2e9bb83a9a,delivered,2018-07-16 14:18:24,2018-07-16 14:30:20,2018-07-17 14:47:00,2018-07-25 22:52:32,2018-08-06,f3f3a0562d4fd7e2c5864ac6c551cd6c,2018-07-16
735a1710773d59e9194b5851b2e2ecc0,d25b76e1c12a151d2cc509f1dd2ece55,delivered,2017-06-15 15:48:19,2017-06-15 16:02:51,2017-06-19 20:10:15,2017-06-28 12:57:02,2017-07-06,d0c35fae8c071cd1e3714d16c2e045cc,2017-06-15
8dbd319d233611ca45b64cc56eac5e34,2ec48d47b79cd3db9fdccb0d4a2b3509,delivered,2017-06-15 22:39:08,2017-06-15 22:55:16,2017-06-19 14:09:01,2017-06-22 15:51:39,2017-07-12,d0885399c9dcbd60afa7783d9796f6d0,2017-06-15
f637d76c398963bc6fd99947a23806f6,d3280ade77adc50bab8f303d92eebb17,delivered,2017-10-15 20:45:47,2017-10-16 20:49:59,2017-10-17 19:10:21,2017-10-25 20:22:26,2017-11-07,c67aea5dba36ec8b8b9cd1c16e0fcee3,2017-10-15
16b15be2ea2df8420e6d5de42e45890b,2cae6ef2375a29f6c971569d9627bf16,delivered,2017-12-09 11:23:20,2017-12-09 13:11:05,2017-12-12 21:44:01,2017-12-15 17:22:48,2017-12-28,fc3eb71ad853ed7f06c762fc78d649cc,2017-12-09
923765fdb94682f0fa2229c76ba718fe,4e7f50e38bd6c41ce61f46ab4435f0fd,delivered,2017-05-02 21:45:24,2017-05-03 15:25:19,2017-05-05 07:55:33,2017-05-11 10:13:54,2017-05-23,f1629e4f93f5a1d55e736642a59e54a2,2017-05-02
cad8ab3b1083311bd57b8ea9aa7c1c85,b2ad7a5fa95452993d27d6f5bf4847e9,delivered,2018-08-03 12:29:32,2018-08-03 12:44:09,2018-08-14 13:33:00,2018-08-20 22:08:59,2018-08-20,809af7f1b6cac6bd1733c2126c96ed67,2018-08-03
dc71fadaf0eef0d0e2a297673099ab5b,685bbd16ecc319dc3f5945cd9410fd5a,delivered,2017-12-09 17:41:53,2017-12-09 17:50:29,2017-12-11 18:05:32,2017-12-13 20:58:33,2017-12-28,dd64cd80139b747a1e303c5629835ec6,2017-12-09
b3be0e1f9679fcd94718c69fa5f585fd,8e54cb7b798db514f7f39bf3c5aef35f,delivered,2018-08-02 13:43:04,2018-08-02 14:04:11,2018-08-23 07:12:00,2018-08-29 12:52:50,2018-09-04,7f9a0d16b4f7a5f66b9171a363e6a5d6,2018-08-02
99a88492b8134d8d205a366506800b09,b5051455709f685332176fd8e42f6df1,delivered,2017-04-16 21:21:11,2017-04-18 04:33:01,2017-04-18 13:17:36,2017-05-03 13:59:49,2017-05-10,4e4b4cd1d70ea2dfb4f9c487db945cff,2017-04-16
970345ca1a351f023c4e32e6ab4e8e1d,6135f76a74510c299e41b8b7df992084,delivered,2018-04-08 20:35:57,2018-04-08 20:50:22,2018-04-10 16:27:35,2018-04-14 17:26:34,2018-04-26,d2a0255eb576fd3d89768451caf3d3ea,2018-04-08
543698050075bdc4dccb5009076c552a,e10c12f413255371f0f8f61d0877bdd5,delivered,2018-02-14 10:45:19,2018-02-14 10:55:34,2018-02-17 02:17:23,2018-02-28 14:39:02,2018-03-16,669abecc9e515ada5a43a9deeda096cd,2018-02-14
5e55906e7304b26321bddd2cc7c89680,67724c4b3d1d79a671c7a9615bc0f910,delivered,2018-02-09 20:18:44,2018-02-09 20:30:24,2018-02-14 12:58:37,2018-03-09 16:58:33,2018-03-15,073d1252f3a5cce37d38726f1430c80e,2018-02-09
91bc515746f412867344f7ee8ce0c60b,7a85b2dba26b2d96a81bb3f4bc3dca5f,delivered,2018-04-15 22:49:59,2018-04-15 23:10:05,2018-04-16 23:32:35,2018-04-24 22:06:28,2018-05-17,d999af8bbdeb926af7c015214e35cf5f,2018-04-15
0c7c52a4d8b572ef9b01e3cdd38288e6,37c30eff2884832f789f75fc250b87c5,delivered,2018-06-28 18:52:47,2018-06-28 19:11:41,2018-06-29 12:46:00,2018-07-09 22:16:41,2018-07-23,5ccace835db4653adf9c7da7280467f0,2018-06-28
18eff6d147d508df0b175851df5ab20f,63414adf3534c19442e12f9cfba27a70,delivered,2018-07-18 13:52:51,2018-07-18 14:05:16,2018-07-23 13:13:00,2018-08-01 21:04:31,2018-08-09,5bc5e32ddd0995c3aeafb569fb023505,2018-07-18
7c9b7626c3fcc8aa638ece47810323b2,a3de16d0ac4475afea82771732bfc6e8,delivered,2017-04-29 12:52:21,2017-05-03 11:35:36,2017-05-05 09:24:33,2017-05-10 10:57:40,2017-05-29,7720817e075222aa76309c24896330ee,2017-04-29
239d7a25c8271c3a6ea1e303abbfef38,c1430fd5f2db40854fea86246ebfec8b,delivered,2018-01-18 14:35:13,2018-01-19 02:38:44,2018-01-29 21:16:00,2018-02-07 22:42:24,2018-02-15,44095d66cfc53accd5e6f47daa9e94f6,2018-01-18
469d6a541e0585ab746ca1d786223ac9,aaef891a011f9c3533e29fa09e7b2f2c,delivered,2017-11-25 10:40:37,2017-11-25 10:54:47,2017-11-28 19:03:11,2017-12-05 00:52:53,2017-12-18,50fd912123dd8d7699d42b504702a9ab,2017-11-25
3426a8ff7d6108c541c7edd4ede5cf18,7d05062f79bacb93b8f83d6da8d1a373,delivered,2017-04-03 15:37:39,2017-04-03 15:50:15,2017-04-05 11:28:39,2017-04-12 17:17:59,2017-04-28,3dc70ff7a5b9e83700bcd962bc53513f,2017-04-03
d075def20463f58225a279f6e36d8669,ed633bdf429697a6305355676bf12644,delivered,2017-09-10 21:16:47,2017-09-10 21:25:14,2017-09-11 18:57:40,2017-09-15 18:35:58,2017-09-28,2f7853759e65f9ee58e4fad9d5dc6b67,2017-09-10
d321a8cd27052ba26f0ad838ce2b70ac,1d08a4fd897ccd9642b0d90f3cf9c68f,delivered,2018-04-24 09:20:41,2018-04-25 04:11:15,2018-04-26 14:19:00,2018-05-05 11:48:41,2018-05-28,a87a7a6289ca2ec1cd1511050dbc41ae,2018-04-24
504a94f47000f6a46960cfba607df1af,398fbef879bc1849c22a1355c2c9fab8,delivered,2017-11-26 00:08:03,2017-11-26 00:22:15,2017-11-27 15:20:35,2017-12-12 00:51:27,2017-12-20,f1c1cbf21b09a3d81ff634e26eaf0979,2017-11-26
13f726430863cd4a81b6899e25010475,11e9daf0fd784f9c81aa95c868d18bf4,delivered,2018-07-04 17:30:53,2018-07-05 16:23:38,2018-07-05 13:17:00,2018-07-11 15:28:59,2018-07-25,93ba88356cdaf6ea7414e264ffb1f3e2,2018-07-04
d35fa2f0829d8cb22065f23bb19a6768,29b9b8b04431dcb4d603a591d8559b85,delivered,2017-07-31 16:03:55,2017-07-31 16:23:26,2017-08-01 20:33:59,2017-09-08 11:36:34,2017-09-01,43b3eda441c82cfffecf8fbc4b9a359b,2017-07-31
e24373f05b66f5a4b1e9baf8ce94baad,3eeb68ce636168223e76a15d52f2a3ff,delivered,2017-03-16 09:19:40,2017-03-16 09:19:40,2017-03-27 13:08:28,2017-04-01 09:08:36,2017-04-19,589e9e756ccf13491cd54978fc690e6e,2017-03-16
bea4e26a5e3cb0a9eb16c8703a21a7d3,053bc4c013d7589b292fe166ecba6786,delivered,2018-08-21 08:52:26,2018-08-21 09:10:46,2018-08-22 08:28:00,2018-08-29 20:11:53,2018-09-14,82ce4edd273acdd79680c741648b5811,2018-08-21
53fcc6acefb2363ea775e316c810677b,af3dfc75878f9fd131f5cc38ac036be4,delivered,2017-08-23 09:13:07,2017-08-23 09:25:41,2017-08-23 16:44:10,2017-08-25 15:09:39,2017-09-13,2b5bc12c645e442464facd982722ef18,2017-08-23
17acaa427382e6481bc67f191687928c,f0504a0309273d480bb2ccda6e2971f0,delivered,2017-09-05 18:35:38,2017-09-05 18:50:17,2017-09-06 21:02:38,2017-09-14 19:37:22,2017-09-28,535dd0304f27bdc7a5bb00c0160a0202,2017-09-05
441adcd852644d2b803a4715aefce03b,63366f54ed6bf30fb17380196327cd6f,delivered,2018-08-22 10:56:54,2018-08-22 11:05:19,2018-08-23 14:24:00,2018-08-24 19:22:43,2018-08-29,c5e6aa95bb580a47408d30732a0aa971,2018-08-22
9c0776f3465b8aba3e47b9eb0f034360,d42783a0556f58bcd4e6b56c2e1ad0f3,delivered,2017-10-17 00:44:36,2017-10-17 01:20:16,2017-11-29 15:51:25,2017-12-21 19:44:30,2017-11-22,f04b6c016a15fb774c27bcccc50a8424,2017-10-17
27996b768ff5774e22bb47c13cb1c55b,43a137e2ebbc35bf3e7aa0dad8bc0d1a,delivered,2017-06-08 06:46:08,2017-06-08 06:55:06,2017-06-08 10:46:28,2017-06-19 20:42:51,2017-07-11,cb8f643de79c9cf562f8e764cac8815c,2017-06-08
a3aede11f4580ce940d4f1287608b834,82aaf39174a8d63cbb372586209315e8,delivered,2018-01-21 13:41:19,2018-01-22 13:50:34,2018-01-25 17:55:47,2018-01-29 19:51:29,2018-02-14,fe632379f0ad7461cbd6dd42db361b71,2018-01-21
3cb96327ba59861fedc040463ffb2a4d,a506d2120380ab9f2125636cadcbd7b3,delivered,2017-11-24 09:06:28,2017-11-24 09:14:34,2017-11-28 00:09:11,2017-12-11 21:07:13,2017-12-14,75a0f745d639631f77f862004c8c517c,2017-11-24
4392f572045f074cbfacbb5757ac5405,2a974ce06a6887b9765a5f15f142e33b,delivered,2017-05-29 14:25:57,2017-05-29 14:35:13,2017-05-30 11:26:13,2017-06-02 13:36:13,2017-06-09,eef4e718552ba7cce4c79049aa384f78,2017-05-29
f71d58fa033d5d4e4425df56015ad62d,98290b31d96016189e57f0516fbb645b,delivered,2018-05-13 07:12:41,2018-05-13 07:32:20,2018-05-14 11:01:00,2018-05-18 20:12:24,2018-06-12,3c555d15cca5369965d1759ad9530a66,2018-05-13
72b96eeec6f77bbfdc38148e46667c01,1f4a796fffd3658cd8c1880dd0e80aaf,delivered,2018-07-25 19:48:49,2018-07-25 20:04:37,2018-08-07 14:05:00,2018-08-13 15:03:09,2018-08-30,aa569d38e2a2aa9e81f3baae41fa4c31,2018-07-25
33ab677344c9faee8b18f69d606bb153,497a7fc6471b690ffcbd2836cc61b636,delivered,2018-01-06 09:51:46,2018-01-09 07:17:30,2018-01-15 10:06:01,2018-01-25 20:06:38,2018-02-06,3589b749441a7312ca3f1fb14d44f9d8,2018-01-06
f4e085544efde9d6743c281b3454a482,99807c5c57f7fc9155f43f804e1d2ccd,delivered,2017-11-21 07:13:41,2017-11-21 07:19:50,2017-11-22 20:48:28,2017-11-23 14:28:31,2017-12-01,aa5e2294ec2da9775d6333a5ce111835,2017-11-21
dd691e4f12c592067339680ffc3dd443,73aec6e82be391e000b53c52574825c9,delivered,2018-01-04 22:02:09,2018-01-04 22:13:30,2018-01-08 14:26:19,2018-01-17 19:34:58,2018-02-02,c560530cec11624262d9130a3f07a51d,2018-01-04
af2bfbdf0c8be1e12b54c65605a0214b,a0046faee0167291def69406e65eb9fa,delivered,2018-04-04 13:11:39,2018-04-04 13:30:04,2018-04-05 21:40:49,2018-04-11 21:44:27,2018-05-03,b12454a39c35ffb3eda24ae83b07a2f8,2018-04-04
dd93431d53b71db818ff6be24051ee98,938670a1c800ad8e076ed4d62c5bb15c,delivered,2017-10-03 15:36:11,2017-10-03 15:49:35,2017-10-04 15:47:30,2017-10-09 16:47:06,2017-10-26,52f3ee86fa7f1af5fb807cbc5aff9c9c,2017-10-03
167d05678f810589a854d30460ae62f0,37ae23e3c8ce808a4ba0c0711706b956,canceled,2018-02-03 22:58:58,2018-02-03 23:10:27,,,2018-03-05,d263d3c7ecc90b81eabcbbef12ca5904,2018-02-03
d2978c1c5c6b9400dfa6a1c08f735314,52a5fb5d3d2d10f86a4849fafa03b059,delivered,2018-02-19 21:05:48,2018-02-19 22:07:31,2018-02-21 13:25:04,2018-03-13 20:37:24,2018-03-14,f93f951dfd24e965eb3cda042c8e2b12,2018-02-19
eddc2675550fd30e8c067b3fdd08ad60,31d05071d825012bb7bc43970263e98f,delivered,2017-11-09 12:38:48,2017-11-10 03:06:44,2017-11-15 00:17:45,2017-11-22 22:38:56,2017-12-06,b903cf485dbbbca3620a415d018565f6,2017-11-09
f599acb00d4cb6e90d83d34a56c71ded,3f7f23ed8d031eb101832774a9a4622e,delivered,2017-12-14 22:02:56,2017-12-16 21:58:22,2017-12-19 02:03:12,2018-01-07 15:47:15,2018-01-16,74241f7a4fc1aa904b065d494f3e64ec,2017-12-14
09233a8391db7e924af12815e4c07423,7b9b8d7961c1d95d51f951fd8fb67229,delivered,2018-06-11 13:11:43,2018-06-11 13:38:30,2018-06-13 14:38:00,2018-06-20 16:37:40,2018-07-05,0fdf87696b45ff2116afbbe3c86c42f2,2018-06-11
32a0d90ee681f59e353de7e3a1b46fb4,0548553d5a48db3e51de97645681dff4,delivered,2018-01-17 15:35:49,2018-01-17 15:49:00,2018-01-18 14:59:00,2018-01-23 21:04:48,2018-02-07,9a22702b63a211bffc99121f2c0e88f4,2018-01-17
24608c1bed92ba4666829514c1a408b3,122e9095f8d088c0976aca2c3ca49cff,delivered,2018-05-15 19:05:09,2018-05-15 19:36:00,2018-05-16 13:36:00,2018-05-21 18:48:23,2018-05-30,cd53d3004964c6407bec011dc0299ed1,2018-05-15
aca6f9ca2dac5791ddb1f8d760ec394b,09451703baf04a7c8144b467d5e0ff69,delivered,2017-02-17 12:04:05,2017-02-17 12:33:34,2017-03-15 15:21:28,2017-03-28 13:49:56,2017-03-30,3c3d9150c48009484896efab04cfb102,2017-02-17
c2b1c0fcdd5d03ed47f2b02494cdbc63,78078075e327093313db151ad0db0e38,delivered,2017-11-30 13:31:19,2017-11-30 13:52:17,2017-11-30 23:16:46,2017-12-12 20:58:50,2017-12-28,1c084ba784990c612f368517963f795c,2017-11-30
2db85f39c0e605e5805b261330701dd1,c4f4c92c98c75c639dc45ea2484f6cc3,delivered,2018-02-17 09:27:33,2018-02-17 09:35:25,2018-02-19 22:42:54,2018-02-27 17:57:13,2018-03-09,049aed9afdafa108602fe27e43455f56,2018-02-17
c1686c44f72ecd55b0d2d8ed6fcf8993,392c57b495fda16c57f193f52a612cae,delivered,2017-06-22 17:29:27,2017-06-22 17:42:55,2017-06-26 14:04:51,2017-07-04 14:59:52,2017-07-14,552b9d839a47ed302d9135b38fe66fb8,2017-06-22
cdbd981121b82988cdb4bc8229598984,f8ce7a62fd76b4ba3d39558b073cfdca,delivered,2018-07-23 17:07:54,2018-07-24 11:32:28,2018-07-24 13:30:00,2018-07-30 20:12:20,2018-08-07,959f52044560818be455ea4c9f08cbfb,2018-07-23
168777f697d19208fbd441b4029e441a,bff2b870ee120640525a516318df69f2,delivered,2018-04-23 14:00:56,2018-04-24 18:27:57,2018-04-25 12:24:00,2018-06-05 16:20:41,2018-06-01,8b5a45659215b387ebb353876141c833,2018-04-23
4bee560781d45bb4b18efd58fef1901e,17bf9cb64d60724e449971a027dba7c8,delivered,2017-02-09 21:18:21,2017-02-09 21:30:18,2017-02-13 16:18:49,2017-02-16 14:51:37,2017-03-08,dbe33e4f5169e4a85d89ec5a1c5191d8,2017-02-09
05deb664157a8c5022b440fc420bb397,060a46317755b43c75aa45102a4e96d8,delivered,2018-07-21 19:55:08,2018-07-23 16:00:18,2018-07-25 13:01:00,2018-07-30 16:22:00,2018-08-06,096dc12ce4dbdbcf4bf71eed9fc3a4cd,2018-07-21
8d40792ea358f1d5c975203262ee7b69,6e26529dbebe3bc1778b3e8d7e5519ff,delivered,2018-03-03 17:39:37,2018-03-03 17:50:25,2018-03-05 17:06:48,2018-03-06 18:38:41,2018-03-15,568843f1b07989b16ad67462e4f7eddf,2018-03-03
2199c1bff4b83c7fbfe37f9f8818326b,526309529ffe0014a0638effb87237a4,delivered,2017-10-09 16:11:10,2017-10-09 16:40:33,2017-10-10 17:58:28,2017-11-06 17:34:32,2017-11-01,c779f2bd46086d657e4e81b54228e613,2017-10-09
7ed1a2f3ef5fbdb8ebf4c688924f5aee,df6cdf2fd963b603572592b0cbc34fc2,delivered,2018-04-25 08:43:34,2018-04-25 08:55:31,2018-04-26 15:41:00,2018-05-10 13:03:49,2018-05-23,0a78d407ae897c1fbe92c43d103eb5a0,2018-04-25
0b3d8a1bbaa4e340e25adfd640f70308,62d5c37f279182017dcd13820676a511,delivered,2018-04-13 01:14:51,2018-04-13 01:30:21,2018-04-13 19:18:37,2018-05-07 21:11:43,2018-05-16,2ad74bb684a664f51ee6dad7dad60c9b,2018-04-13
17cb23af289c0b034d217eafe2b2e1df,c6cd6db85ac028c06f0efcce7c6966cf,delivered,2017-06-08 23:28:16,2017-06-08 23:42:48,2017-06-13 18:26:05,2017-06-21 18:13:40,2017-07-03,6ee2f345f4f2fbd1cafb6447a6b37642,2017-06-08
ac12973b4466733690a5b35ee30d724e,ee639599beb251bdf7ac32b18eafcfaa,delivered,2018-01-16 14:27:31,2018-01-16 15:31:13,2018-01-19 14:35:26,2018-01-30 01:46:10,2018-02-15,5aa54d66adf169b992129dd4456b048a,2018-01-16
b460e718be1fd4349fed54e71daebf34,c168fc2e44475a05d8beb04c4dbc6efb,delivered,2018-04-18 17:13:51,2018-04-19 17:10:21,2018-04-23 18:16:49,2018-04-26 19:18:23,2018-05-23,bfdf16abcd586b3c8ca16ff52ab253e1,2018-04-18
4ec16f88e884232366f73009df2bf045,cf707e5e149e0b146eaa8e9184d169f2,delivered,2017-08-21 01:18:30,2017-08-21 02:00:07,2017-08-22 13:42:41,2017-08-24 17:27:49,2017-09-19,d8cd82807a4410f5091fa7e41b0dad0d,2017-08-21
2522de34f8d922703d83ac636084a756,94894dec203353d879dae7022d5db71b,delivered,2018-01-09 15:10:11,2018-01-10 10:32:29,2018-01-10 16:17:51,2018-01-22 21:29:45,2018-02-06,f862b87dc5ab7b4a7c7854e5bc191153,2018-01-09
d88ce3edbe731c4fe4f4c205ab3a6248,f26b410808fdb0025e406bb921bd96b2,delivered,2017-12-10 23:51:42,2017-12-11 00:10:30,2017-12-12 18:32:12,2017-12-14 22:37:07,2017-12-28,dd77fcd7433ec428f457d871d791890b,2017-12-10
85f7f388139247ec5874f8f9661b4a06,64e00c48e9852f20e8be89c82e103c8f,delivered,2018-06-21 10:56:10,2018-06-21 11:17:45,2018-06-21 13:30:00,2018-06-26 20:12:05,2018-07-04,89c625a042f6af93c5f0e22573255a01,2018-06-21
acc63e67e1183626b3dff99dc8c9f9b6,416550c3b1ff8516b6473558a1200b74,delivered,2017-09-25 12:50:52,2017-09-26 03:56:26,2017-09-28 17:40:09,2017-09-29 18:09:18,2017-10-11,fb2c315a4534dcaff8f44ea7291caba1,2017-09-25
c103d6905dc7e83d02a0f86e5a0ba4bb,8c763c3e83172b8db94557e640629805,delivered,2018-03-09 20:45:07,2018-03-09 21:20:31,2018-03-12 23:08:34,2018-03-28 19:08:46,2018-04-03,fa3d003e658cd1bc7b391ec1e602c76c,2018-03-09
e33660972fa3937195ecd1545a4e96ca,cd68853f94214504998f9e7945a8a58a,delivered,2017-10-08 09:49:25,2017-10-10 03:28:40,2017-10-11 11:33:19,2017-10-24 13:21:14,2017-11-10,d54209ee18029b7f1a40a372d1c909a1,2017-10-08
02905bba6aafd777542dacbfa8f4bc2d,d74c3362224f461a90b59790374dd103,delivered,2017-12-09 18:24:30,2017-12-09 18:32:25,2017-12-13 12:14:45,2017-12-26 22:24:45,2018-01-11,e865ae0dea85c964888c8f117cc6b054,2017-12-09
de6385a70e9d74e2aa426dcf6d21c9e1,5b31ca47a253eec5597a8341522d62ac,delivered,2018-04-22 12:37:46,2018-04-24 19:04:32,2018-04-24 16:38:36,2018-04-26 00:58:43,2018-05-09,83ddd80450ab238fbc97d787f4e303a8,2018-04-22
7f6aacad04768429ee0301c97da50b35,524735cfd75059d221644c56eb7bbbf2,delivered,2017-11-16 18:03:55,2017-11-16 18:36:19,2017-11-22 18:38:31,2017-12-05 22:58:53,2017-12-11,8fef6b37a86902967a81899f2276535b,2017-11-16
95a7461400781a93765157b8f5fa2b6a,3887ca56ecb04770a526eeb6898db6b9,delivered,2017-02-22 17:50:33,2017-02-24 02:42:28,2017-02-24 15:27:52,2017-03-09 05:26:33,2017-03-27,0d30dfd90fc97a48ab2cd0b21b413950,2017-02-22
36f3a1a2733d64350c4532c5cd77bdc8,5de86cf0d73a30ebd15d3f49f8256c3e,delivered,2018-05-15 21:02:13,2018-05-15 21:15:24,2018-05-16 14:45:00,2018-05-22 16:48:47,2018-06-04,106d23b2827e8be3f52d99b11db0863c,2018-05-15
8b32d043b4691117dda2b93f3a18fd8f,5068221f7159ac660e033a6d82f15edd,delivered,2017-07-14 22:41:41,2017-07-18 05:50:30,2017-07-21 20:55:51,2017-07-28 19:03:33,2017-08-10,443fb37cfe4ffc89e0485ffb9cd89173,2017-07-14
e2d0dc3c743b5c8af5b6d15458f10a5c,99048bbaf712ed26c3641bf889762e87,delivered,2018-06-06 10:21:22,2018-06-06 10:35:11,2018-06-06 12:54:00,2018-06-07 19:32:36,2018-07-03,39c9f14158b746a9da5045543ff9d986,2018-06-06
524dd16d182003f56199d068e2a1d50c,34fd3bf947541e5fe1b5d915492342e7,delivered,2017-09-25 11:22:41,2017-09-26 03:56:31,2017-09-26 20:32:46,2017-10-02 14:15:21,2017-10-17,b896655e2083a1d76b7b85df8fc86e40,2017-09-25
f46e4f5d8a19ca64b1781bf227b9ee19,fbfbc2a596dcca8c7829d9d24787c232,delivered,2017-08-10 16:54:23,2017-08-10 17:04:08,2017-08-15 15:45:55,2017-08-16 19:05:00,2017-08-25,00765d375af0e700f61c57db00a8ee63,2017-08-10
5cdfbcdf87a3a8989d40dd920c8812a1,83b9b5e6f52a2d64c80056b2a8ae0789,delivered,2018-03-14 13:51:42,2018-03-15 13:49:31,2018-03-19 17:56:40,2018-03-26 15:47:48,2018-04-03,f8985f2807e89ab7b1f675e3d85d63aa,2018-03-14
4ecf6661d9cc1c3eceb0a36a53083318,10ac88ea3693b00bd942c769a4c0a29b,delivered,2017-11-24 21:36:19,2017-11-28 03:19:23,2017-11-28 19:21:13,2017-12-27 19:35:47,2017-12-21,fde12ef1f20cae10efc9046ca289f834,2017-11-24
366df9c0b0d5d46f8afc476dc4ca7671,53996870173a3a001a1fb56ef00b9150,delivered,2018-01-11 14:50:57,2018-01-12 02:38:20,2018-01-12 21:33:11,2018-01-30 22:42:50,2018-03-01,2624230437101e0bdcea1e48310d68a3,2018-01-11
1734eb8be40c91938e56f9d245b636a5,6427d03ab887d0eaa03271f68550c277,delivered,2017-04-28 23:06:11,2017-04-28 23:15:20,2017-05-12 13:51:47,2017-06-12 15:53:31,2017-06-06,99601f98045afe4647831e9fbc3e9db9,2017-04-28
a7201130e7b241aaacadabec4aa27640,630700811b97664ca0de6e92cd3f8567,delivered,2017-05-28 15:26:27,2017-05-28 15:35:17,2017-05-29 09:28:07,2017-06-01 11:57:25,2017-06-21,8019da46d361a06ed7c1ed617d3e5396,2017-05-28
2179f6c7ed393f3abe065e8d69e7ed1e,331f1be9df6d6b0b3f3d70510ebe5038,delivered,2017-09-05 09:03:33,2017-09-05 09:15:23,2017-09-06 19:39:58,2017-09-14 20:18:02,2017-09-25,7395a64f37a30f9827ca4d8292b484e8,2017-09-05
4579e3f6942a0728b34083a4e28bbb3d,5b16f8c57dc45e6afd9f5c8a9a5cca6a,delivered,2017-11-15 20:19:20,2017-11-15 20:35:20,2017-11-16 17:19:12,2017-11-28 23:09:01,2017-12-07,af636925bae501a8f8b9969413c53b7b,2017-11-15
360f4f2ab1b5411602a11788571c950b,a6147980d9f0912199d92664aa267115,delivered,2017-03-23 12:31:36,2017-03-23 13:06:34,2017-03-24 14:06:45,2017-04-04 15:54:38,2017-04-18,27cabcd379e670922dab839a52159317,2017-03-23
d7dae570e71ae10816a515139d00c985,1a91044c404f63d4fee2cc3d3c3bda43,delivered,2017-09-30 10:17:04,2017-09-30 10:28:20,2017-10-02 14:04:02,2017-10-09 15:16:08,2017-10-24,b9829f45d9cebabfb17e1d5732998225,2017-09-30
5b585b8178b9e47c6d423e0e79f415af,36280de836e519ab5004690b9219df9b,delivered,2018-01-18 23:04:36,2018-01-18 23:16:40,2018-01-22 22:07:43,2018-01-30 20:21:43,2018-02-14,a0872c0aa5ed3ec37de9002123a9ec7a,2018-01-18
c3dccfbe66b74ceabbf7dccf02e1a56a,b225c8ec2dcfe0d944358115806f4eb2,delivered,2018-02-20 11:29:29,2018-02-21 07:15:30,2018-02-21 22:22:35,2018-02-23 17:49:41,2018-03-09,d9b86d73f6f5d7e89ca545835f207b07,2018-02-20
ec3cb679fa9b3980e072558009c51b62,788c4f468662b94cb38db71ab5d5e177,delivered,2017-12-21 16:43:02,2017-12-23 02:13:34,2017-12-28 22:29:01,2018-01-08 20:16:10,2018-01-15,25220bbe438a290a7448d2ffd9d68938,2017-12-21
1f10d8242e602a2a444715754f739d95,10e7df1fea47e793e686f3cd6eda793f,delivered,2018-05-08 13:05:49,2018-05-08 13:35:05,2018-05-11 10:44:00,2018-05-17 20:38:43,2018-05-28,8fe6a68d87e6043494cfbc14109f5570,2018-05-08
6b9f14d8f9da9c5626af3b152be03417,3f20d7b309134d57f870e9aa42a70e58,delivered,2018-05-18 06:51:16,2018-05-18 07:16:25,2018-05-21 06:56:00,2018-06-09 16:12:18,2018-06-22,42dcd36c9013386c8166e26e0164cd88,2018-05-18
0a93b40850d3f4becf2f276666e01340,a70076d8d4bfce15f8081951c43bf187,delivered,2018-01-20 14:24:50,2018-02-20 11:51:27,2018-02-21 19:34:13,2018-03-02 22:37:49,2018-02-23,a27e4166e532a9f96b33021546df3c38,2018-01-20
86f1238d241a48cdbedf1a46d8532ded,6e68da0701c0b489f68c86b9546cfbaf,delivered,2018-08-09 14:50:55,2018-08-09 17:10:16,2018-08-10 13:04:00,2018-08-16 18:51:05,2018-08-23,f9ecfe8b29ad6d60076a7aa07e29ed50,2018-08-09
bb034421133f5da6a22bc765fcf55432,f8be79366225c3a37623f18429daeb5b,delivered,2017-11-15 12:14:59,2017-11-15 12:26:32,2017-11-16 17:51:05,2017-11-28 21:42:23,2017-12-05,39d5cfa320ebb807e90def8ad59af14d,2017-11-15
7c9454e9734bcf938b5b50af50269688,0c95ec410545d4fde2108fc69a4391cc,delivered,2018-04-22 11:49:37,2018-04-24 19:07:31,2018-04-24 23:41:23,2018-04-25 15:48:36,2018-05-08,114dd55d6b883ed29636e4c66a412628,2018-04-22
2f5e0cdd8a9e16411337f432e62c1d0d,0f75cbfb0c5e796f04aadbcfad534f41,delivered,2017-05-08 16:24:13,2017-05-09 09:42:57,2017-05-09 13:44:00,2017-05-26 09:46:28,2017-06-08,c120aa71a6791d0e4ea52a637edd95d8,2017-05-08
d8ca01db323262db3d732811e9a77985,60643e7dd54b6ce6d2c64b4779ae4f7c,delivered,2018-02-20 22:38:24,2018-02-20 22:50:34,2018-02-22 18:25:11,2018-02-23 21:52:19,2018-03-07,9e2c99c58eb12588795e939a6d1a0d68,2018-02-20
ddbb7810ee091e41be585fc08828020f,7333d9665cafc87becd764fb7313cf96,delivered,2018-04-29 19:52:54,2018-04-29 20:15:17,2018-04-30 14:13:00,2018-05-03 14:04:19,2018-05-15,3b103c8221627b340875cef8f262482b,2018-04-29
5ae255c95ad57c93f6b3a623b8b5505f,518392ac26dfa5e6deef71cbd0024e96,delivered,2018-06-03 20:34:16,2018-06-03 20:49:50,2018-06-04 09:42:00,2018-06-06 22:56:44,2018-06-28,93e406558312ad56e582041b1f06deae,2018-06-03
21a17809c28668e0099cb74b70fd32d6,f18d2595eac17950c2b2056ab2ec1047,delivered,2017-07-17 16:21:05,2017-07-18 13:15:15,2017-07-18 22:32:58,2017-07-26 11:05:00,2017-08-16,48079c9e0f69c1fe4d0e9a41b1c6a9db,2017-07-17
cb43135710027c5812dd0fe65691c636,29d073bf5f27b91629dc0eff223db423,delivered,2018-04-22 22:28:24,2018-04-24 18:14:36,2018-04-24 23:53:33,2018-04-28 15:37:25,2018-05-07,abe24bdb42358f26fb23b65fde785cfd,2018-04-22
62c18915e77e470dc2132df9788ac115,52027f9a9f238318ca124a39d466ba36,delivered,2018-02-08 17:45:03,2018-02-09 17:49:21,2018-02-14 18:48:44,2018-02-20 18:42:15,2018-03-05,e295e8f2581ed5adb6d3e00c077ec1ac,2018-02-08
929ccb6e3021ed4afe8860fe50791967,0e37bb448c582d68bb726f589606454e,delivered,2018-07-04 00:20:29,2018-07-05 16:32:36,2018-07-04 15:16:00,2018-07-10 21:58:58,2018-07-26,1db803b751b472b524ed047aeec4fabd,2018-07-04
53622f13efcb7f159787ccafac6626cb,002ef7e55600d44ead53f7c1644e5222,delivered,2018-06-19 21:08:43,2018-06-19 21:35:25,2018-06-21 13:49:00,2018-06-26 14:41:59,2018-07-17,6e9b8e9f9c3fad22d6f81b2628750018,2018-06-19
b47e5f219beebf1ec0bea2ea907f6e64,34dab2d29e7a5017203b99b484a80c96,delivered,2017-09-12 16:06:10,2017-09-14 02:45:41,2017-09-14 17:25:41,2017-09-21 17:48:03,2017-09-29,0df630af3c918fd84c49f5869e08a931,2017-09-12
b6fbf15260de2095643a4aac7876872c,4e887b542cebd1c7004bf702b5df85b6,delivered,2017-10-22 19:08:42,2017-10-22 19:26:04,2017-10-23 15:28:58,2017-10-26 22:07:36,2017-11-14,775157c4c79cc43c0ee39399e83bcb76,2017-10-22
8e8fd35f123c37a32c0f82ceacc32bf7,549872714e135a3f8b09a89c9698a4a0,delivered,2017-04-30 12:05:38,2017-04-30 12:15:27,2017-05-03 12:06:00,2017-05-08 12:33:47,2017-05-29,24ae3ca4f4aa8eb792a23effef426d63,2017-04-30
168bda17add369de7d250129f41c6fb2,95e37e43c03cc2031a994c5a554991e7,delivered,2018-02-21 13:37:41,2018-02-21 13:51:09,2018-02-28 00:27:53,2018-03-05 18:24:59,2018-03-16,bd4731cbfe1bb7fd2896c138c6af8c2c,2018-02-21
59ac31de88c9c4b239aeee82c6a0596e,93db14e9f3ba76bd4f9583340b206ddc,delivered,2017-04-09 06:03:31,2017-04-09 06:10:07,2017-04-11 06:28:00,2017-04-20 17:46:41,2017-05-22,25a560b9a6006157838aab1bdbd68624,2017-04-09
5bd2f4fa37e9c9eef9ad8e5ebe35c731,d0bf4e8b500496185217d29fdfd36b9f,delivered,2017-04-18 10:25:28,2017-04-18 10:41:59,2017-04-24 06:28:36,2017-05-03 07:19:44,2017-05-17,63cd40f426fb131353e7383e15d95bb8,2017-04-18
b85e1b372d0db7f012b00a46dfea2423,f1b3e1386c39600aab160b41b275807a,delivered,2018-06-21 12:07:18,2018-06-21 12:40:43,2018-06-22 14:01:00,2018-07-04 17:48:29,2018-07-25,c0d1950b6891145cf888eb06e4642c4d,2018-06-21
e62274be42947be4c32c94897e0114ff,d4f64424d3d22a7842378a7e39900130,delivered,2017-05-18 14:57:13,2017-05-18 15:10:19,2017-05-19 10:42:25,2017-05-22 13:24:09,2017-06-02,0651cfbea51afc6cfa5ec45bca3ee692,2017-05-18
be9c47a423439fee2d195e6acc9b0253,eb4c67f3bbaa98e8f14aa56e308fdc25,delivered,2018-03-03 14:04:59,2018-03-03 14:15:33,2018-03-06 04:17:16,2018-03-12 14:56:31,2018-03-21,8836d14207a8ef975dda378b41e9ba98,2018-03-03
64d7ed1c4e843c97738d861140943a73,dd68aa8587cf16acac6821866ea125a0,delivered,2017-11-15 13:08:05,2017-11-15 13:26:53,2017-11-17 16:21:56,2017-11-21 23:32:31,2017-11-29,e135b109a7bb11f2f9da0dbd1ed10e46,2017-11-15
4baf4e226efff68fe5996f63da09745f,3e72cf70e1b7a330665422959c3fe43b,delivered,2018-06-12 21:45:37,2018-06-14 03:08:33,2018-06-14 13:48:00,2018-06-22 21:06:23,2018-07-03,189cdfe31d28958f68dfc2ba695ed5ba,2018-06-12
60d576675057bc52504462b5bf4f5085,1bb9fea5f63e1de6453a843c7d19998b,delivered,2017-04-12 16:29:23,2017-04-13 22:15:19,2017-04-20 08:41:43,2017-05-05 15:08:06,2017-06-01,b7ac159644aa42f7186f5593beeed1d3,2017-04-12
eae7cb46499add9ed7ea74952c040ddb,d827e5a01164c0de3239a95cb12774c9,delivered,2018-05-01 22:49:22,2018-05-01 23:12:25,2018-05-03 16:30:00,2018-05-10 18:06:59,2018-05-23,ede8003b97c343793f5b19e2bf00bf5a,2018-05-01
4505acb3759da6b9c7d79a80d29ab3bb,a35878bee339b45240b5a327d933509b,delivered,2018-08-06 14:32:27,2018-08-06 14:44:46,2018-09-11 19:48:28,2018-09-19 16:44:44,2018-08-17,9726a24d281565192465aea2248a165c,2018-08-06
60535257c5bf7cd3e7cb86e1c824809e,028b14fcf4455f6be9930c762c27389d,delivered,2017-12-22 11:13:31,2017-12-22 11:31:20,2017-12-22 20:57:16,2018-01-08 19:32:53,2018-01-23,94e5e0769581c41adcbdafb419e6f72c,2017-12-22
a72fc5669df669ab2c501cd323698fac,05ad4097a892d5d8163107dd0bc3ca2d,delivered,2018-02-27 21:15:55,2018-02-28 12:50:25,2018-03-02 17:17:05,2018-05-12 19:38:34,2018-04-13,a7dde49a1e77e409fae17b945a82e2b6,2018-02-27
cd693dfb1e36f241134f4ed028b11a71,ed7851a33e02f8d182f119964879c111,delivered,2018-04-09 16:12:05,2018-04-11 09:11:52,2018-04-12 23:44:54,2018-04-16 12:49:00,2018-05-02,5bc98a437e15d28e2bd70d60048c1609,2018-04-09
f973d0ce8c26b450f3c57eae24f60f17,9f6f0cee8602770775a49c8a20d2053d,delivered,2017-03-19 14:45:15,2017-03-19 14:45:15,2017-03-21 15:08:28,2017-03-24 14:53:08,2017-04-10,6becfb4d9ebdd706f90887e387054e06,2017-03-19
f96ae3b7b3fa4a0b2644a183d6cb620d,091f379e0aa95540e88e00f455738fd6,delivered,2017-02-07 17:12:52,2017-02-07 17:25:24,2017-02-09 09:34:16,2017-03-03 11:45:40,2017-03-20,367804e9c1dfed544cbf1a457f88fe84,2017-02-07
7f3ad8f12fb1f6bf1858c175fcd4ab79,bc84a275a23f602e572ab923a8156c4b,delivered,2018-08-08 17:43:21,2018-08-08 17:50:20,2018-08-09 13:04:00,2018-08-13 18:18:33,2018-08-30,1a443bad32a8be155fa04969493a3bd4,2018-08-08
2e6d1a5b1078618ff4227f69b4b37e3b,786015ac3bb1bfad334407e389dbfe26,delivered,2018-06-13 22:11:25,2018-06-13 22:40:16,2018-06-14 14:54:00,2018-06-30 12:41:09,2018-07-17,176b2368fa1b0be18a05783a6d2555f4,2018-06-13
443cb0e10e1568b0aedc7e11ab91dd2f,ecaeabaa3109d6a613f300679354d494,delivered,2017-04-11 12:35:07,2017-04-11 13:05:24,2017-04-13 14:28:25,2017-05-02 14:27:51,2017-05-18,d6ed39408130bdfbe6ae8a178bb40d61,2017-04-11
0340d758cc0da066316cbc55fb7f7596,4ccb9f83aedb33faa7a13cc3ba34a56e,delivered,2018-02-20 08:48:01,2018-02-20 12:40:31,2018-02-26 19:10:14,2018-03-16 20:22:00,2018-03-16,256b8658e7303076f8b29a6c8b146d7c,2018-02-20
1e87dca4d39ae9a59772ece01d399508,2bef2cf57664bed5e4af09e848611161,processing,2017-11-25 09:08:06,2017-11-25 09:16:27,,,2017-12-15,711922cc39f024803edd2ad8e48666f4,2017-11-25
6ebb33b8e0afab10328a6580a1c54be9,7f459c77e3b1f10548d4b553bddf3f6d,delivered,2018-08-25 12:54:41,2018-08-25 13:10:17,2018-08-27 14:13:00,2018-08-30 14:07:44,2018-09-06,683459cab0129375a071efb00da7c191,2018-08-25
e348340be1b89ce72632697b8fb283ea,e1a63a1f6fba5f944265e83f039868de,delivered,2017-05-29 23:27:34,2017-05-31 06:50:51,2017-05-31 10:43:08,2017-06-01 13:45:57,2017-06-09,ac3050d2558a5f7dea93f62916bb38bb,2017-05-29
c2aa930596277db8a490948feb446df4,6c769db0ae5e4b009eea220b38948f7e,delivered,2017-09-11 18:09:30,2017-09-11 18:24:01,2017-09-14 20:27:55,2017-09-25 18:08:08,2017-10-02,c0802c5a5546df8fb79ee70975f17929,2017-09-11
c27bfc90d25a350821474bf11c8a00b6,bbeed9ea963b0243e31ea610df45d08f,delivered,2018-08-17 22:46:27,2018-08-17 23:09:32,2018-08-20 12:15:00,2018-08-30 16:16:34,2018-09-05,a3f05ff1490a859c1c7fae280e8c8180,2018-08-17
84ea57ede61b36c279a88c9fb36fe3b8,934f2dea4a793525af83a26b13fec421,delivered,2017-11-10 15:04:28,2017-11-10 15:25:34,2017-11-14 22:28:34,2017-11-22 19:58:33,2017-11-30,0bc5de8f9d27f3d9225a61b3fc072b24,2017-11-10
ded23cb7c51665ec4015e629297ebaea,7f0b0af2dbdab9d01ccd55d267db69f7,delivered,2018-08-09 15:12:43,2018-08-09 17:24:46,2018-08-10 11:32:00,2018-08-24 08:44:22,2018-08-27,62e0e75323778a07135f9a25a3831cf2,2018-08-09
9dc716765847e0436278efdb22248d1a,0505fd0a593f5eb5078c380b6761e43b,delivered,2018-04-12 04:58:12,2018-04-13 12:50:34,2018-04-14 00:18:29,2018-04-20 13:32:49,2018-05-08,3da044832d726bc92b3d898b249aab53,2018-04-12
30f8d07f72dd2d73a608b365a861f3e2,351a70ced211e5f92c119a0b7a72090b,delivered,2017-11-27 12:55:58,2017-11-29 22:40:12,2017-11-30 21:59:07,2017-12-01 19:27:53,2017-12-11,50a9a15c4a72d92b385e8da4fad5b6c9,2017-11-27
91126b5e0117a1cb0c97cbdedc8184a8,3b3d78c1656e30478b0695716270bbf7,delivered,2018-05-21 19:06:15,2018-05-21 20:15:19,2018-05-22 14:12:00,2018-05-24 23:18:41,2018-06-04,b2508be25bd175e7f56f220f5ecdda64,2018-05-21
fbbe0010317b3629aad1474e5a7da889,6e1e37075383c4e314d942240078141e,delivered,2018-04-12 15:49:12,2018-04-13 02:31:48,2018-04-13 22:08:48,2018-04-23 16:35:42,2018-04-30,c76c2f735174b04b921f97febb4dc8d7,2018-04-12
0dd88bb98efb144f8678e3144b5180ff,7cb7be566d38ff4a74f7754dc4b8bbc9,delivered,2017-11-29 21:45:44,2017-12-01 11:31:39,2017-12-14 11:35:17,2017-12-26 15:49:57,2017-12-28,7c4b40bb2b820e20b226a5a615e357aa,2017-11-29
bf0c0d33cf9669fc42bb3846dd24bbce,e1cd35b190e8d2206aaaa67610b15b68,delivered,2018-06-15 20:17:22,2018-06-15 20:41:15,2018-06-18 19:43:00,2018-06-22 20:36:19,2018-06-28,8f00a90a2a454f2a64f8c9e04ec63a7f,2018-06-15
1def7af24cb7182497acfd953f6dd88b,b35c38c2cd6a72b58cb104154d9782e4,canceled,2017-12-21 09:22:36,2017-12-23 02:12:37,2018-01-30 19:28:55,,2018-02-20,1b147d0d5982b646a839c1952eb1f518,2017-12-21
4501d0b820f14b169af11308055974e2,a7ab99ddaf3866caaac9ab716d534533,delivered,2018-08-16 09:22:31,2018-08-16 12:05:44,2018-08-17 14:53:00,2018-08-20 15:04:25,2018-08-21,3d047ac0ffdeb3d1908a6eacdf6f63c6,2018-08-16
7589a45ee0f486fadca379c4e32425cc,684ab30ca29cd09ddffe94e22de57a8d,delivered,2018-04-05 11:36:41,2018-04-06 03:10:16,2018-04-10 00:35:40,2018-04-10 16:58:44,2018-04-17,4de1a801ee04b6c8d1714915998694a7,2018-04-05
6eb2780615aa0cfbaaef6c8d0aec411a,09f5cf3f546f034dba3dffbe08fe48ec,delivered,2018-01-22 07:15:14,2018-01-22 14:11:53,2018-01-31 20:46:01,2018-02-09 13:50:59,2018-02-06,8488e3d79708291f8c8e013e42ca07ff,2018-01-22
2ad4b2ebb217758686f791210a03d02a,b29211d4f2e7978e2c70d0fbafed00a8,delivered,2017-10-02 19:26:26,2017-10-02 19:49:12,2017-10-04 08:33:59,2017-10-09 19:04:17,2017-11-08,d94cdf9243d74c3eb61beae7989bef09,2017-10-02
c0111339b0262577145b10cc59a10060,85d9470a006fd8c3ae3a3f7419b31573,delivered,2017-05-21 13:13:40,2017-05-22 13:23:08,2017-05-24 04:52:14,2017-05-29 11:32:16,2017-06-20,8d5e49cf7c884bf7d4ccaaa3884f970d,2017-05-21
117f055ca23c0229d5cef27ba164f90d,064accf938ee163832a42a0aee505c25,delivered,2017-12-09 15:18:15,2017-12-09 16:01:22,2017-12-13 17:41:04,2017-12-15 23:32:24,2017-12-28,a014d7633bd0ccd53f42a643c6e43985,2017-12-09
ccc88b02740910fc7acbb81f78827e38,f072b86e7d9e54f95e3dc4854fddeb3d,delivered,2018-01-15 21:23:17,2018-01-15 22:30:36,2018-01-16 22:18:56,2018-01-24 17:37:26,2018-02-15,0a043e9f71b0d6a120c0635e48326852,2018-01-15
b6b9f5144b004ad3db40567cdce34811,8fdfa85118487910ecb24477b00c6ae3,delivered,2018-04-30 10:10:48,2018-04-30 10:31:13,2018-05-07 14:04:00,2018-05-14 16:37:46,2018-05-17,a38640e92b9b5084cad12f3f3b200a83,2018-04-30
dd8a350a80cdda9148a3c806549d2720,83b375fac933deab3c14457b21418268,delivered,2018-02-14 18:38:26,2018-02-14 18:48:05,2018-02-16 00:14:52,2018-03-26 14:29:25,2018-03-13,8d4fe7b4e4fbb484a3b7e3193c6cb74c,2018-02-14
44af3ebb46b0fa7f9ec19a2a3e49d3c1,4c2476d4bcf9b366b70d1616ac2ecd62,delivered,2018-06-22 21:20:56,2018-06-22 21:58:37,2018-06-25 15:27:00,2018-06-29 22:14:30,2018-07-20,40e9ee5cbbe0f15938df485520fc5315,2018-06-22
7641f7e65307ee2737e85f193941b4ae,9c172856f3cb8fd7eb774fdab3086b75,delivered,2018-01-21 16:23:03,2018-01-22 13:55:02,2018-01-25 19:55:46,2018-01-29 20:16:10,2018-02-06,5ddfdebb80d2c8965c0d579fb8394c2f,2018-01-21
b6658ba6ace73d4a24ff0b48662ec452,9cb64d5848fb5911adb3b50bacb0b051,delivered,2018-06-25 12:37:03,2018-06-25 12:54:29,2018-06-26 12:44:00,2018-07-03 03:46:28,2018-07-17,1990af267e5300ecf794b03e463b87b2,2018-06-25
e61fbcff88b2b5f9097a31d1f3dbb1d6,2164e53f1c9a5e34acddcfa68e62d461,delivered,2018-06-11 09:16:05,2018-06-11 09:38:00,2018-06-14 14:20:00,2018-06-19 23:24:43,2018-07-04,1c198d0df19a0a34337fc359d78f70a3,2018-06-11
717422da33a6dfea9fe02c801b3a708c,04522f4ad5dde9b24196eb897e32710f,delivered,2018-05-09 09:52:59,2018-05-09 10:15:05,2018-05-10 09:50:00,2018-05-15 13:21:02,2018-06-11,c6ae2f5339ac5bb838d44815b405f998,2018-05-09
ae443cb420061bab1f2c5e3ad279fde8,3d59638a168c209ccb33a27424fc06da,unavailable,2018-03-03 09:32:36,2018-03-03 09:48:36,,,2018-03-28,6e14116d3471123fcf057c203fd7e801,2018-03-03
39fdb37dae517d0d4185d590337aff82,09e2f116cdbdd143542837276b1e91ea,delivered,2017-03-11 12:39:28,2017-03-11 12:39:28,2017-03-13 11:23:01,2017-03-20 04:38:44,2017-03-30,3a690d57ffe6162386eade1f0ee685d9,2017-03-11
81d550d68045ea1051617a303020f9c1,52d0c9da7a7e0a0b9596311b1f6b5c75,delivered,2017-02-14 18:57:28,2017-02-14 19:05:16,2017-02-15 09:25:48,2017-02-22 17:06:47,2017-03-31,3f3b6010a4580eb0dbcf668fcb189bf1,2017-02-14
a3cec8fb296bfeb57c9f6265048b23ef,8fb755ecb504828af36b83579b201271,delivered,2018-05-14 21:36:13,2018-05-16 03:15:11,2018-05-16 10:35:00,2018-06-01 22:18:54,2018-05-29,d756ab136b2c2da6451eb045c0629177,2018-05-14
c7c3e79f06b8145a28173b23f581f84f,c0dc718fcba0e8a75e539cab62e5e979,delivered,2018-07-17 21:31:20,2018-07-17 22:35:22,2018-07-18 12:21:00,2018-07-24 15:18:33,2018-08-17,99e2f46c9fe0bba48bd131ddac456549,2018-07-17
42e9af98d600b96e51f57f1cd3d1529d,e0371feeca60d2f50eedb7a969eff167,delivered,2018-08-08 10:28:22,2018-08-08 10:45:42,2018-08-10 14:33:00,2018-08-13 22:41:55,2018-08-13,c57b025ab4c33159f77bd0f10129c3b5,2018-08-08
95f4b06290fe4b512aa80e31ca5afabf,448fa23d8ba58397175a85406c87b243,delivered,2018-02-16 15:35:57,2018-02-17 03:35:44,2018-02-20 01:46:41,2018-03-05 21:38:36,2018-03-26,bfcb2b73bdd8a075f7fcbcbc8bd4dfdc,2018-02-16
72e2c4bbd8ad5d2eec29b795d95afbe2,c600a87c893e7afd5ad653f2340e4e75,delivered,2018-04-16 15:12:57,2018-04-16 15:31:35,2018-05-09 10:28:00,2018-06-05 14:17:02,2018-06-18,070447b7f798d0fff61e13a5a03522d3,2018-04-16
8cbd694bc3280b8cbc9120d759a30b0d,afb66b2191bb6c27a3014bf59c52e487,delivered,2018-07-15 10:46:26,2018-07-15 10:55:16,2018-07-31 13:00:00,2018-08-09 19:49:48,2018-08-06,ea4269ec742cc07270b5573e2efdd2b0,2018-07-15
81a37715c2240c1701ab6b81bb52e737,df502ed1401ddf419c212172aa486e71,shipped,2018-05-08 22:12:45,2018-05-08 22:31:50,2018-05-09 10:13:00,,2018-05-25,f332a49c77b030113776d18cdea02dc0,2018-05-08
ac6883abec7c5543bb89d05903f1cf5d,84753c5501b169c54f67ca98918de0cc,delivered,2017-05-18 17:48:41,2017-05-19 02:35:17,2017-05-22 18:13:34,2017-05-24 12:15:02,2017-05-31,cc6fb2f08a7bcaeef2c65f06e40811df,2017-05-18
3534b435f58c0e6148212006204d843a,e139fbf3f5d13c8a1fce2809ddc2c3cb,delivered,2017-10-01 17:42:41,2017-10-01 17:56:14,2017-10-04 19:17:01,2017-10-10 19:22:27,2017-10-31,4856da1536ce064cbeec789ea90e38bc,2017-10-01
d14704bf551588cc4acea3368cafe62b,e6e90d11361d630349135eff229c8ca0,delivered,2018-02-23 08:25:42,2018-02-24 02:51:18,2018-02-27 01:38:50,2018-03-20 08:22:00,2018-03-22,d4215694c1fdc0cadcc05c0e2d48e037,2018-02-23
b706f79f3b510ac701bf4a111adbce3b,4c587dec0eed27895d36458365fd8246,delivered,2018-05-16 21:44:57,2018-05-16 21:55:22,2018-05-24 08:30:00,2018-06-05 14:47:02,2018-06-08,e78d694c81a08d549fe8f3b399b29129,2018-05-16
8d877170b83d13fb1a69834a815d0974,fde2046a30e872623e820431b3ec04a6,delivered,2018-06-06 13:23:43,2018-06-06 13:35:10,2018-06-14 14:24:00,2018-06-22 00:32:47,2018-07-19,9a418bbb6aa5db28d91f0e306cac5311,2018-06-06
1664a6f6d45f4f83c8263fe906f7626f,feef906bb5422438c41bb9783b1948fe,delivered,2018-07-20 16:29:57,2018-07-20 16:44:15,2018-07-23 11:39:00,2018-07-24 18:30:49,2018-07-30,b1dad659db292df1541fe347e43d9c79,2018-07-20
16f391bc8fc37407de41720cd92f6266,ac5baec50a0a561a000ed259814803cb,delivered,2017-04-08 11:57:18,2017-04-08 13:05:15,2017-04-25 11:47:32,2017-05-03 12:11:15,2017-05-04,08166f338dfe33955d8de821ad099e5a,2017-04-08
ee56552853eb61a6cf4430643b023bc3,88f54f749130b677c32fa277b2ea5509,delivered,2018-05-18 19:57:47,2018-05-18 20:17:29,2018-05-21 16:59:00,2018-06-05 14:48:35,2018-06-07,db8486f106d2a7d4136a2cdd32ae7870,2018-05-18
54c8a1ae2a5ba17d24381040d3ae3fe9,d0032c57dc4c36fe0474fb56a0cbb26e,delivered,2017-11-24 23:42:24,2017-11-28 03:40:32,2017-12-04 17:53:08,2017-12-06 23:14:44,2017-12-14,d71570ea536d0fac5d29f190e01d51ed,2017-11-24
97bf52f3429b21123c9465fecfb66162,a8399935e7f14e2c955e1cea8fb2efff,delivered,2018-02-28 09:49:55,2018-02-28 10:11:33,2018-03-05 23:21:51,2018-03-20 20:26:48,2018-03-20,807e95d195dc4b0b6907ca46e253061c,2018-02-28
11c2867ad1d8599464e84641b31338f1,a5e340022b43d330e212a92a503ec380,delivered,2017-10-16 18:09:21,2017-10-16 18:24:27,2017-10-17 19:02:25,2017-10-27 21:05:51,2017-11-07,7a639d9ba2004a29d84867881c7f7d1c,2017-10-16
4ee1c064b695ca29aec6dbcc3d7d1b3c,b0911e94f111f43b28a12a56e1e53f11,delivered,2017-10-13 16:56:17,2017-10-14 03:56:23,2017-10-16 21:28:54,2017-10-23 18:13:17,2017-10-31,5562474f08ec1bdb9920b1242345280b,2017-10-13
4385f30f644c4a6964dfef0a175611c3,fd731dc437433b51a53811eefe992e99,delivered,2017-09-06 13:13:08,2017-09-06 13:24:08,2017-09-06 21:11:22,2017-10-06 11:33:06,2017-10-09,f310da55d942230c28e1b407b4991d16,2017-09-06
ea7fd400a90286a0db2e0d79a18ae5bf,6d6ef306307d9bf778b4315539f4ba19,delivered,2018-01-19 16:57:39,2018-01-20 09:10:02,2018-01-22 22:47:00,2018-02-01 19:37:18,2018-02-15,c522238ed14d156b4b83d19e886bc8d1,2018-01-19
ef23dc843b31ca354d8c8831943422c1,07599e37fc4ddfd2f177fa6f8230a9b1,delivered,2018-04-18 14:13:42,2018-04-18 14:55:17,2018-04-19 19:21:49,2018-05-04 19:02:13,2018-05-15,f73805d1c1518628522dcd04bea2d3b8,2018-04-18
45c797b966bf19a7e315f1b7767517e8,a43a550af53ee1ce07bdc3ece23eb7a9,delivered,2017-12-10 18:19:11,2017-12-12 03:49:40,2017-12-14 11:44:44,2017-12-21 22:48:42,2018-01-05,0bc62798218b7ebd8849210c509efe1d,2017-12-10
c07b8f5324dbc378865ca2d1c9883236,855f4700c983c94157ed38697098b538,delivered,2018-03-11 20:28:59,2018-03-11 20:48:11,2018-03-12 17:54:38,2018-04-11 21:22:03,2018-03-28,6d5dfbd4af0a1db42026336b969de07b,2018-03-11
84580325d236dbdc6585c81d12f5c9ab,a48ba60be28864ede4421c52ae28761b,delivered,2018-05-15 13:47:02,2018-05-15 14:14:41,2018-05-16 09:23:00,2018-05-29 20:28:50,2018-06-14,4c962d666bca4ac3351d79473581a633,2018-05-15
d1f25210559c9ba865652af5e11d6acf,db7a9a8bf98c47d7d569638391b3e773,delivered,2017-12-12 20:07:16,2017-12-12 20:17:29,2017-12-13 20:54:34,2017-12-21 22:48:00,2018-01-10,a76c64588c398d43d94c3a62ed7ba7dd,2017-12-12
2e7afd467bd078429896367562ec0727,e8094cb2a242669ede8f9084dbcba0e8,delivered,2018-02-18 08:41:23,2018-02-18 08:50:25,2018-02-19 20:13:32,2018-03-08 20:38:25,2018-03-15,aeecf7bd5ed83636a9e87f36f691be93,2018-02-18
8782135cf0f7ffe6fb80bf501a37ecd2,42be87b086b08d5fffa3c5eaa479c660,delivered,2017-03-12 19:22:42,2017-03-12 19:22:42,2017-03-15 14:37:51,2017-03-17 06:58:52,2017-04-04,ebb7eb966817370dfbd36b7e88b0445f,2017-03-12
12a762b532552a237f910c72b43281ae,e73b0f49d0f8244b5fc363b88584ec43,delivered,2018-08-15 16:23:23,2018-08-15 17:00:07,2018-08-16 12:43:00,2018-08-17 22:43:32,2018-08-22,e47564b754e85f030ed67d080015c05d,2018-08-15
622f88a1cc651ffb9ad8640298fb04cf,9230885a6fe62a5dbdb04b93c9648437,delivered,2018-06-28 23:52:19,2018-06-29 00:10:25,2018-06-29 08:55:00,2018-07-03 16:07:10,2018-07-12,13557819de55682578dd2054309ea43a,2018-06-28
3912b0f176edb52c40f760e27d055456,2463ff4410b38616ef62c2995ca0397c,delivered,2018-08-01 11:20:20,2018-08-01 12:04:29,2018-08-03 12:27:00,2018-08-08 20:12:41,2018-08-13,4041f44c61c6327503be738f0e9ff7f9,2018-08-01
d1841aabfefc61ddc63d1113e5f766e8,c8a6be2c61ccd0a754f9050ba710bf67,delivered,2018-06-10 18:39:02,2018-06-10 19:12:22,2018-06-11 11:05:00,2018-06-12 15:32:13,2018-06-26,61ea375c4d036fb429f0010759a2d448,2018-06-10
111a002be7f705e45e22716d9e7fd0d0,9e87d65b2c176633f2117870cba54361,delivered,2017-06-27 10:47:57,2017-06-27 11:05:32,2017-06-29 13:24:58,2017-07-06 08:57:50,2017-07-19,e809753c6b1a42611a960fdcad9c6895,2017-06-27
3bba6671f455886c258de124447592c2,398a5ae2013a70dabf55ad8d8044266d,delivered,2017-12-08 11:51:50,2017-12-08 12:10:07,2017-12-13 01:19:14,2017-12-14 13:58:13,2017-12-27,6b9066d697ad4a51030297188df48f36,2017-12-08
866e0f3023c57babaf95164f170317e8,cd1a981ef69fcb63b76bd13fe1264c45,delivered,2018-08-04 15:06:50,2018-08-04 15:15:22,2018-08-07 07:33:00,2018-08-17 17:44:45,2018-08-22,2e88d24600a1a49e24bf2363994e1dff,2018-08-04
5caa8760b7cf9282010fa67a60dffff5,8434dcd54f1e978f668063ab26a364e3,delivered,2017-07-25 23:56:07,2017-07-26 00:50:19,2017-07-26 20:15:39,2017-07-27 13:25:46,2017-08-07,2b50d734c0820c83dd4384b826a80cbd,2017-07-25
a8b89a642249efed782ce25e1798925c,160f9a3b0e18c6b4a9625d4ac5ca4acb,delivered,2018-04-16 19:27:56,2018-04-16 19:51:38,2018-04-17 16:35:57,2018-04-18 16:26:35,2018-04-26,7333996d97e383ee17271ec20e4c003c,2018-04-16
a874eec5edcf6172ec6d8bde7bcccd08,e96a52e3123ff005fb7e379b8927b7c6,delivered,2018-06-03 13:05:14,2018-06-03 13:15:15,2018-06-11 08:50:00,2018-06-20 18:30:45,2018-07-16,fdd4c60553c33cd8b3ae6e2ac285a9fa,2018-06-03
370098d35ccd8a2af86b57c81ac7d24f,ed401ce445967c386a2373dcb0d4e72a,delivered,2018-08-19 22:59:47,2018-08-20 13:49:40,2018-08-20 15:06:00,2018-08-23 18:29:19,2018-09-11,e8a425f2b5d885c380a80386d64277b8,2018-08-19
b4bb559c3c861fbf1a6a0a972809b93b,c164256600c1202e37fa3dfb460ae837,delivered,2017-06-20 12:46:52,2017-06-21 12:43:52,2017-06-22 13:29:48,2017-07-06 14:25:39,2017-07-19,dfd36ed4fba79ae470007537f70abc6a,2017-06-20
dcb427289523bbf543fd8ef88433dd19,aef4ca2b5c320346495d09ae24d034a2,delivered,2017-12-17 17:31:13,2017-12-19 09:15:22,2017-12-20 23:08:16,2017-12-27 23:29:21,2018-01-11,d14a6ff148e9b0bae701428f199c4187,2017-12-17
2a23142a41112f238b8a14f9ef3082a7,feb89afad4115a3d743926b10ceeff3e,delivered,2017-12-03 22:00:22,2017-12-05 04:11:50,2017-12-05 22:57:10,2017-12-11 18:24:39,2017-12-28,51a6fa216e701367e7f7ebef7ca4daf3,2017-12-03
40a0fc3c21a8f455a5f8388ed46408ca,cce4c1ccdf5bcd5226a1265b9e1e9ea4,delivered,2018-02-23 18:37:23,2018-02-23 18:47:28,2018-02-26 18:42:13,2018-03-15 00:26:23,2018-03-26,a69d31a5f6011df99d415808d6d640b9,2018-02-23
185e9cacef8c11db7ae713ba0ac68895,236b941b765ca60044a5d20c7442e342,delivered,2017-11-29 16:36:39,2017-11-29 18:10:40,2017-12-01 14:05:59,2017-12-29 12:39:01,2017-12-19,5000167827337c17dcfcd22fc2d3ced2,2017-11-29
f2ce3b8d9c16e475c92d3c2d51809cfe,bc4b107c74a81f0e9d35c8f7333040c0,delivered,2017-05-21 14:42:36,2017-05-23 03:50:18,2017-05-25 08:45:52,2017-05-31 07:57:54,2017-06-22,93360190b9375a40b65720ee99387a4a,2017-05-21
f813aba63e668c603b5e723e0f8f7bad,743c9c1929ea99b6885d5a43501307cc,delivered,2017-02-23 15:08:21,2017-02-25 02:10:17,2017-03-01 13:50:46,2017-03-07 18:05:22,2017-03-20,c4f54d708d34ff09d05e75d60a02c59c,2017-02-23
cc427984e779c3d1dd7e082f39a98fc6,702e844f1c2e77ce0d9cb9211c7c19e4,delivered,2017-10-28 20:52:15,2017-10-28 21:10:17,2017-10-30 19:34:11,2017-11-07 19:26:31,2017-11-22,d130666a33d3681209c5c752fe56ee10,2017-10-28
f7de5122368e6280d10af21064f7f873,6221264de581fbdaae3464872444d6cb,delivered,2017-08-16 22:09:10,2017-08-18 02:45:31,2017-08-21 11:19:44,2017-08-30 15:48:05,2017-09-12,024f45263b6a8d9d49b30c4251cfe86c,2017-08-16
5bec4a58e5df698e8602c589435a8ea5,2e7204294e95c84c31df5254dad1b0ce,delivered,2018-01-24 09:54:49,2018-01-24 10:16:19,2018-01-25 23:52:48,2018-02-08 22:26:44,2018-02-21,e0bcc3b065d0f1e7d683c3a5fd86808f,2018-01-24
aa94d94e210dc2b7a49812d3d82bb516,f0c661c3c1e7d42a43f9ac9db2619c6c,delivered,2017-11-07 10:19:53,2017-11-07 10:30:58,2017-11-07 17:13:36,2017-11-10 19:19:46,2017-11-27,c48466ed1f411eed0a0798f2388ccaf4,2017-11-07
2de3fd67d98a4f98e0e05357aa124c05,8369cbdb79e2cdfd8a13ede4ec9a6ab0,delivered,2017-07-14 11:15:15,2017-07-15 10:35:16,2017-07-21 17:32:50,2017-08-04 20:22:13,2017-08-28,5fa0f7f2ca6541c1c4d784b7e52f449c,2017-07-14
f98cb4c3cde10f19642a16e7dda03f08,d5cce1356cc5c40b9cfe74732b8eb960,delivered,2017-12-28 22:56:38,2017-12-28 23:09:29,2018-01-02 12:12:41,2018-01-11 21:09:50,2018-01-31,3d914d0c5f629821a7239567f8dcd139,2017-12-28
2739ecbc7e87995e0d2efb6f603f6c2c,9f8e8c99b0d702b71d105b8d922bc579,delivered,2017-08-13 11:16:56,2017-08-13 11:30:17,2017-08-23 23:03:08,2017-09-08 12:13:37,2017-08-31,7f3ab402eb905de465544315c2469dcf,2017-08-13
ef830fd38d5bbbd14e58c18b0459a35e,359b0ac938d42de5cfc19de2e8b58d68,delivered,2018-05-09 12:56:56,2018-05-09 13:11:20,2018-05-16 05:29:00,2018-06-06 19:18:53,2018-06-07,8f2288a2c2586a4cf5edff60f8655405,2018-05-09
bf5e4ec5374a3d9097193f671a74b42c,4d2fb8ee0046977b8fdacaed491d85e3,delivered,2017-10-19 10:24:57,2017-10-21 02:56:36,2017-10-25 16:53:59,2017-11-06 20:13:56,2017-11-23,4be8c45afe1594717006af8bb96a4ff0,2017-10-19
35216574e06418622f9a9ece821b8c8a,e081b2f90237bd2d1c83647d1a1427eb,delivered,2017-11-27 11:39:25,2017-11-27 15:17:47,2017-11-28 23:53:35,2017-12-01 15:36:39,2017-12-22,a6c526aebb3168d5b2a499c113826254,2017-11-27
0494b383f6155152ea987dde9647004b,a1b75d3bea2c98dc6f4f8725b82ccdfc,delivered,2018-01-02 11:59:49,2018-01-02 12:09:06,2018-01-08 22:06:46,2018-01-12 21:39:58,2018-01-18,8b7cfd3ab8b53607bf49d1fb44da77d4,2018-01-02
8747a928f786c8b31e0afb1b815886bc,e6f40fd97b2ae5d03f8a2a211fa042b2,delivered,2017-11-12 20:48:29,2017-11-14 03:35:40,2017-11-21 13:49:08,2017-12-04 19:42:40,2017-12-01,3c5ff761d061ce0996eacf738795e760,2017-11-12
2b3b4135ee3db9e993e7dc195917cefb,346ccc045a0d30d8eb48ab592a8d4558,delivered,2017-11-25 08:26:11,2017-11-25 08:33:27,2017-11-30 22:11:38,2017-12-01 20:22:10,2017-12-11,26d9c33cb6c907bb9744599829408dc2,2017-11-25
4f0b7853ed43ab1a2dbc32c3c2b17da2,2fe386b4e59b034a5bef1045187284e5,delivered,2018-07-17 11:59:52,2018-07-18 02:41:47,2018-07-18 13:36:00,2018-07-23 20:46:44,2018-08-16,df32f6d42bd9f59b65b57985b161eaf6,2018-07-17
2ef077f0887173cd2d434c424d15fa21,be9b4677cc49e1c4b270e489033ce381,delivered,2017-05-01 15:01:08,2017-05-01 15:15:18,2017-05-02 09:13:41,2017-05-09 13:12:07,2017-06-05,64e410dc546626ce977fad0c5dd47301,2017-05-01
ef31477820679f9801481f607b13f32e,1cbd28e5d5fca550ec55a287e7ea2f96,delivered,2017-06-01 14:39:14,2017-06-01 14:50:16,2017-06-01 17:05:36,2017-06-13 11:03:38,2017-07-07,cdde9ef633e8b6521e81057845fe949a,2017-06-01
f76b5b738102e664c0fee7647646074e,bc593342dbff3323feb03741c5efb963,delivered,2017-07-09 20:27:35,2017-07-09 20:35:21,2017-07-10 19:27:18,2017-07-25 22:51:40,2017-08-03,bd22290256a8c85ad0075fdb9ca470dc,2017-07-09
e178bee213ba3b996d728678aea863a4,8457e8b85783238318fbbcd115ad1e5b,delivered,2018-01-29 11:19:16,2018-01-30 04:31:07,2018-01-31 17:25:07,2018-02-03 16:27:42,2018-02-20,d0924cc48eeb9e613a31e365ba1db47d,2018-01-29
f6a592a6464704c725035dc88f616539,f5de3ded45b03e78f33c39028f77e21d,delivered,2017-07-18 16:13:22,2017-07-20 02:15:43,2017-07-21 21:42:20,2017-07-31 22:45:47,2017-08-14,ae171525746b8e60fb722fa9d1ca3f4d,2017-07-18
bfb51c4a799c319062db833fa3c5a157,f53404d33614c226871819898acb5ee5,delivered,2017-09-25 22:41:59,2017-09-25 22:56:16,2017-10-04 08:56:36,2017-10-11 19:06:24,2017-10-30,5ab9552cd6c3162201301a5bf90e5466,2017-09-25
9696c06c5b4dacf79ad4fc897b1aa93b,820de2e9858a6b2cc4d6100007592252,delivered,2018-08-14 22:58:58,2018-08-14 23:10:31,2018-08-16 14:41:00,2018-08-29 19:33:36,2018-08-22,85c5f27f60acccc930d179aebc4af959,2018-08-14
02d2fbf1c9a20d04ceab86eb736fa22e,9befa54088a64c56bcba0c4328fdcd1d,delivered,2018-06-14 16:09:47,2018-06-14 16:38:12,2018-06-15 10:31:00,2018-06-19 15:58:44,2018-07-04,e017db36909fc33b589b0570c068a574,2018-06-14
16b8cfa26ae224399e457bd5aa7918b8,c1e72004ebab4f632d1fd8c7fec05552,delivered,2018-01-31 16:28:53,2018-01-31 16:51:27,2018-02-01 19:38:58,2018-02-20 22:59:13,2018-03-02,4ce8b622942df3bc2d9c8719628079aa,2018-01-31
2b0beeb414c4c929b10570f53441db17,a527a9aa0f2e5e877e229144c1769993,delivered,2018-06-07 10:44:00,2018-06-07 11:15:46,2018-06-11 10:40:00,2018-06-22 21:14:30,2018-07-25,a57ab5ea2fcccaeb61d5aeb48b7bc3e7,2018-06-07
96e9ecc667e4daf9dffd5ee2173815bd,a9c26b8bcc884f48fb63ebcd705efbe9,delivered,2017-08-31 09:24:23,2017-08-31 09:35:15,2017-09-01 20:22:29,2017-09-06 16:43:13,2017-09-21,85c16cc0d484406735611a22bcfdd55a,2017-08-31
ae59ddbdffc31cc10bdb9b2d85d2804f,ce7b32fb1d245e8554e62ad59890eb96,delivered,2018-04-18 02:52:43,2018-04-18 05:51:03,2018-04-19 17:38:34,2018-05-02 09:52:39,2018-05-24,23ad8d7eff062089fbaccd65683f92af,2018-04-18
3d9c9af0e623563594ffe17db9a5a486,5e803527043cd38c7251bafae98f77ab,delivered,2018-03-09 15:32:05,2018-03-09 15:49:44,2018-03-13 12:28:39,2018-03-14 14:22:31,2018-03-21,1dcea423e322d0374bb7a347dd1c1dfa,2018-03-09
d865bc459503b9c8a19382a7634ed5d5,4d602b320d7f2e55bb16a5d821004f65,delivered,2017-08-08 15:01:27,2017-08-08 15:15:23,2017-08-09 22:46:33,2017-08-22 20:35:37,2017-09-18,8c3af42b5036ee6a2c8e4b3390392e18,2017-08-08
422beef43d75298fcfe50fea1a6556d8,918afdf8123b2ac7e0004d32f383efdf,delivered,2017-11-06 12:34:20,2017-11-07 06:31:27,2017-11-07 20:48:48,2017-11-21 17:02:48,2017-11-28,f4c41fdf263354b73b5b86b02c8f8492,2017-11-06
0d4429188b4311015ad2b6b091cc5f9c,9a0ce520e9eb3cf22a33d2a20ef2576c,delivered,2018-01-22 23:22:07,2018-01-22 23:35:15,2018-01-23 17:18:57,2018-01-24 22:22:58,2018-02-06,4a4540d6624ded98ffa40fd5e0f01186,2018-01-22
78b5b205705f30bb989c4a6c7f8822e4,6ca87302fa8a0163488bce8e49f9996c,delivered,2017-12-17 16:32:26,2017-12-17 17:31:27,2017-12-18 22:08:14,2017-12-19 12:58:25,2018-01-05,ab744045d2445f5bae53b57a4b99bfbf,2017-12-17
b8ce0b10e4afacf085e0c1d87ef29843,5ae4eee4964d6a3bb060f0758b9a900c,delivered,2017-11-18 09:12:29,2017-11-18 09:29:27,2017-11-21 17:17:40,2017-12-02 17:43:16,2017-12-12,a90a0376ae36782a3717853cb03e37e6,2017-11-18
b6acc7697ffc9caac96d5d86d80ea71d,d726d2482113e66adf5e9cb61b6b4a91,shipped,2018-01-30 21:22:50,2018-01-30 21:35:31,2018-02-14 18:29:08,,2018-02-26,48b511caf413b87a24afcd5a4749c238,2018-01-30
ee1244c5ceb66b7b529791137cf349c1,a0c84f2ed6baf20ab5e3a69bcf8ac905,delivered,2018-02-26 16:51:20,2018-02-26 17:15:48,2018-03-01 23:55:02,2018-03-15 22:22:12,2018-03-19,9ca6d5a0252f7505aafdd14bcafbac57,2018-02-26
12ab31863d076fffc0578c5556082865,32b31fdf720f3ddb0ee2822ca255b7e4,delivered,2018-01-07 19:29:56,2018-01-07 19:38:20,2018-01-08 16:56:23,2018-01-17 19:11:39,2018-02-09,84391c0f1400c649f0eae00bb9124408,2018-01-07
0c69307b707522f4bf7267c44d06e182,f87aac5df75e3f9313e11992505157c1,delivered,2018-04-26 13:34:04,2018-04-26 13:51:39,2018-05-03 14:27:00,2018-05-10 00:28:58,2018-05-24,ce83bd0a76a2df18252e2510e5e04891,2018-04-26
ce8f5eddac46e002a057f440c9bde458,4c0048f0a288bf5711513c19ed659dc4,delivered,2017-05-02 18:31:54,2017-05-03 15:02:35,2017-05-03 15:39:31,2017-05-23 11:52:49,2017-06-09,87991b39a8b2922ed296c0d0fc8b9126,2017-05-02
22e4add79c3efc7828d1119a222b76da,770eb9ce225c3301e8a8811d27c5da10,delivered,2018-07-26 09:08:44,2018-07-27 02:24:26,2018-07-27 15:38:00,2018-08-01 22:24:34,2018-08-10,a50b17f8c0356079ff08dc52db3989e9,2018-07-26
6c1254286aa56d3190235f7319a47136,dd925b2d7036191dddf80b8d2ad36162,delivered,2018-06-06 11:29:57,2018-06-06 11:55:19,2018-06-14 16:29:00,2018-06-15 21:56:59,2018-07-03,6cc5f19513662ec401e8ebbbe399ed06,2018-06-06
e09476e56fe4f78109f7c347f0061f9b,5d96879c568aab2c05eed074e1765a83,delivered,2017-10-23 12:18:33,2017-10-24 03:14:16,2017-10-24 15:58:52,2017-10-27 21:16:34,2017-11-09,c3cfaba1449b1a6759e7e02413c24bea,2017-10-23
fe6c4a42298295647106b42549a98eea,a75a51f163c2708a4896619f8fb0119f,delivered,2017-06-09 23:01:58,2017-06-10 06:35:08,2017-06-16 13:07:49,2017-06-19 07:49:44,2017-07-04,7c13524be0f87fc516b99ab0c7021764,2017-06-09
cec3185bcfe3a9c60e73df2ae9bfa4ac,6dc95df834f2d7815109d4fe874ca6eb,delivered,2017-12-09 17:01:50,2017-12-09 17:10:58,2017-12-12 14:28:17,2017-12-27 18:43:45,2018-01-12,353e7269785f8c34919fadc61810ba0a,2017-12-09
1391638490f9af630fb84f5da6f40843,96f541133e6a0139ab3b3e58143eac6a,processing,2017-04-24 09:00:17,2017-04-24 09:15:15,,,2017-05-22,2a757c51bd33a1445dce2cbe6859e032,2017-04-24
456bc7cd27fcbdf7dc39b27f9dc0d32f,c8b16e3c1d5395eef799659d1fcac373,delivered,2017-11-05 14:20:02,2017-11-05 14:31:01,2017-11-06 20:15:00,2017-11-20 16:28:42,2017-12-04,6dcd617b8df9d73079529b8719ec904a,2017-11-05
5409cdf5d7f44a620466f80570fade10,0a843597f711e82638c06f81db65eec5,delivered,2018-08-24 16:22:53,2018-08-24 16:30:23,2018-08-28 14:30:00,2018-08-29 19:19:33,2018-09-03,570fe0206d306ae535057db2e5617597,2018-08-24
385afce75f62f7af7587814b87692d2d,85359231f98c7bf671355a8da03f0b0c,delivered,2018-02-15 22:27:55,2018-02-16 14:31:44,2018-02-20 11:16:04,2018-02-26 22:59:00,2018-03-07,4bfe2da609372ab2c244e3f372085a91,2018-02-15
77a87497893cb9fa026c8fb13c35a357,e56deedc7951fdaf2ceeb5607dda0fe6,delivered,2017-04-01 18:44:20,2017-04-01 18:50:28,2017-04-03 16:29:53,2017-04-05 10:54:41,2017-04-25,743d5d17e9363818c0376f844446da90,2017-04-01
39ecefca5d75a7d6c27d724519636818,e84e1c70c5abcab689d6bcee4023a083,delivered,2017-11-25 10:13:51,2017-11-25 10:30:02,2017-11-27 21:14:39,2017-12-26 19:08:21,2017-12-21,6d18d93feaf5a91d029a1ca3ea0a7313,2017-11-25
af6d8cf91e8dbe5ee8d65ecbcda49cc0,72e2a34ebed45d039d4a0a28591b7b91,delivered,2017-05-27 17:17:07,2017-05-28 17:25:10,2017-05-31 11:57:45,2017-06-05 09:41:20,2017-06-23,e8085316b657aa6e329ed4d505ca22d1,2017-05-27
16dc31df327657954186535144a72e95,d49fccf7ac42a194ce342be56b2b10b0,delivered,2018-06-14 15:40:29,2018-06-15 15:37:58,2018-06-21 12:51:00,2018-06-25 22:03:37,2018-07-12,700e582d48cef1d46dfca9f208dd765e,2018-06-14
9764b03686753eaa7ea549fa0b805f75,5f55d8d97a10b2a79964dca646548519,delivered,2018-01-07 23:04:06,2018-01-07 23:14:22,2018-01-10 13:27:36,2018-02-01 00:27:40,2018-02-09,11d3b06e4bd1a43da449cb99709b72a1,2018-01-07
86fcbf423e68c5591504fd1bae22ca11,83ca95550e7e2c10dd548f37e57f928d,delivered,2018-07-18 11:11:34,2018-07-18 11:30:17,2018-07-18 13:37:00,2018-07-23 18:09:02,2018-08-03,eaeb55c8b5e0c1ff511aeffcb0014510,2018-07-18
f6a4a400964182f614b03c3844290d74,90cdd36d0a0166b18f5089c75a39b97f,delivered,2018-02-14 18:25:21,2018-02-14 18:35:33,2018-02-20 00:04:39,2018-03-13 23:32:31,2018-03-13,d2ae7694740571cac317d6b54371b938,2018-02-14
6d2fbf76787b9f35b1f3c3835a8a6a01,97ddf73f360a8a7836067099c248a75c,delivered,2018-07-24 16:52:47,2018-07-24 17:05:21,2018-07-27 13:59:00,2018-08-03 17:17:53,2018-08-27,5ee8605fdb8acca892845223069ef6ff,2018-07-24
c169aacf98c6f6cc7854bde4bdbc9a06,80dbbc7e11a3d402859782dc6a7ce626,delivered,2017-11-24 11:21:22,2017-11-26 11:18:29,2017-11-29 11:46:01,2017-12-19 17:09:05,2017-12-15,e56e4d44e93e759de3a58e9b717a46f2,2017-11-24
69e0526abe64c820d4dd97f2b9921e60,cbca907c04a7789504403dbb3fb2e07c,delivered,2018-04-13 14:36:01,2018-04-13 14:51:32,2018-04-16 20:03:14,2018-04-17 19:36:33,2018-04-27,8be67414f6395ff7263f5072097c881a,2018-04-13
15208e51dd3f6ccdf33a94148faea052,681f23b304c48adf5e555dbc0650d7e7,delivered,2017-12-23 01:11:38,2017-12-23 01:50:48,2017-12-27 17:22:01,2017-12-29 01:56:05,2018-01-15,c840f9f9c5d330ff128d68d8fd543ed0,2017-12-23
b13ea9f410b092728700af281c0b3663,7dfbdca6bb355c99772ee57241f42f19,delivered,2017-09-22 22:37:10,2017-09-23 10:04:01,2017-09-25 14:24:04,2017-10-04 16:49:50,2017-10-18,d9d6f7cb0980240a9ca2bd9434a16616,2017-09-22
2f78768fa4786d3f20e9b6f95d73207a,d49c9637bec435e84552bb95ca51eea3,delivered,2017-02-10 12:10:40,2017-02-11 02:43:05,2017-02-13 10:43:41,2017-02-22 11:09:06,2017-03-17,27a6f6db91782c11b75b53f39f117d3e,2017-02-10
9778dcf3aedc74a5185d423586877952,5a47f2e6f5067f6464af63ccab15f589,delivered,2018-05-12 13:42:14,2018-05-13 13:35:13,2018-05-17 17:22:00,2018-05-18 19:33:47,2018-06-04,9a27ad21d3df090fd9c8bc50f9899390,2018-05-12
135b582ac1ec8138d4f9f0ef27a7ba36,062850c890eb64c3bec2243bd551fb8f,delivered,2018-05-19 20:21:59,2018-05-21 17:35:19,2018-05-22 10:51:00,2018-06-08 22:21:25,2018-06-06,20e575f507faf846b79d7dd349b247eb,2018-05-19
21cab9105bc6c133b002932a53bcfe85,7532d2eec50bc367e71a40131b56fdb3,delivered,2017-11-21 11:39:16,2017-11-21 12:10:48,2017-11-24 15:29:25,2017-11-29 17:27:52,2017-12-12,2077863a1e88b8f92369334ec269423a,2017-11-21
01d72d42aaedb3736840132071d51100,7f19d565d956cc2fe3f01a860e841ae4,delivered,2018-03-20 12:44:02,2018-03-20 12:56:36,2018-03-22 21:13:15,2018-04-05 18:12:08,2018-04-12,1eef7aecfaf102d8e3ac486569a2519f,2018-03-20
323ebc5450e01beac5ad45e926ecf923,574886d0fe7cfb020253f8bb6dea0c3b,delivered,2017-04-26 15:57:39,2017-04-26 16:10:19,2017-04-27 14:53:54,2017-05-07 09:18:36,2017-05-26,cb4ee72e240b40d45a6dbdb918b65e39,2017-04-26
fdc14b5e651ff7527c5ac587d5de96c4,92e9f053842858174c802676e515d8ef,delivered,2018-03-10 15:40:45,2018-03-12 06:35:24,2018-03-12 18:21:39,2018-04-05 20:24:36,2018-04-10,060f9ea0a180843fb91d4923b6d01bea,2018-03-10
417a0034ecdc989212079f64368eccc9,e0c772c070d2fab11a4f61376b8e67d0,delivered,2017-09-09 12:02:20,2017-09-11 10:25:38,2017-09-11 21:39:44,2017-09-18 17:46:55,2017-09-27,7e6eb9bf83bdbd58ac16b9f97f9c2afc,2017-09-09
b5c4393e0fffc94526b88d47d09dabe3,ce9403cd06a5c60d64f247493d6c1af1,delivered,2018-04-22 08:28:28,2018-04-24 18:05:40,2018-04-23 17:41:16,2018-05-07 20:28:46,2018-06-01,48775310ac3b10afcf7db5e3849b8d49,2018-04-22
d99bb25e168c15db3113f5d5db1ee1b4,1686681362ccf73b78b830f830146da4,delivered,2018-02-09 14:12:02,2018-02-10 02:49:22,2018-02-21 10:09:06,2018-02-27 12:42:21,2018-03-13,e1bc70766c3d26bde078ac0eb10ff607,2018-02-09
9d5d3058706c16d0557d9b43c95ed70e,38aea1c83b6435516e18a04ce59806b8,delivered,2017-03-07 21:15:07,2017-03-08 22:03:39,2017-03-09 15:38:07,2017-04-19 16:24:06,2017-04-10,81f94b1e1e86a6ab7040ec51e7503189,2017-03-07
c6df71a18bb2d9e7d88ee3e4d7080982,b5cfb32c2e07f8782e9c3d5e9e18918b,delivered,2018-08-17 23:22:33,2018-08-20 10:55:23,2018-08-29 13:44:00,2018-08-30 21:16:31,2018-09-04,c1ed8887378ed3cee44474bd42508438,2018-08-17
d25eb73c856b09c77cd7dd09d9a488c2,200edb1c132c2738f191a50202241f35,delivered,2018-07-15 10:02:37,2018-07-15 10:10:15,2018-07-18 15:27:00,2018-07-24 22:28:40,2018-08-17,279f16ee0ace1ef49e6bcae34e6cc194,2018-07-15
8d4d21fb1ce7b5b4e78d264feb534aee,abe5649ff35a84e683fc7f4ab4296153,delivered,2018-04-26 17:12:17,2018-04-26 17:35:34,2018-04-27 15:38:00,2018-05-04 00:54:45,2018-05-22,38ad678f2fdc418d3e5c4a7c0359940e,2018-04-26
c77296df05b5ed399d2d111ec97b0b17,9ebea242c3341fd8563bb832e64a569e,delivered,2018-07-21 15:05:23,2018-07-21 15:15:17,2018-07-26 13:58:00,2018-08-09 16:45:41,2018-08-13,a1bca498bea13c7c1a53f1cad3ad790e,2018-07-21
2a4e23a666338d87ea9c2777d71bed0c,5eda0d42a89e9e37d951a14bd845dac9,delivered,2018-07-27 13:06:35,2018-07-27 14:04:17,2018-07-30 13:51:00,2018-08-08 15:42:45,2018-08-17,733d314c155dd1575eccc0c40d7d8a8f,2018-07-27
66bc92ed85c6ab828e10ff0cd1c5d026,3f6c3d9854506e3351e40a91f8b85b7d,delivered,2017-04-14 19:35:35,2017-04-14 19:45:13,2017-04-17 11:21:18,2017-05-02 16:39:13,2017-05-19,ba77e9b6506636dcbd03e463d4786f24,2017-04-14
7b9969738a7e690d13867eedd1fef01a,5fda610563109dd124cdf5290eae8957,delivered,2018-01-05 11:56:33,2018-01-05 12:08:24,2018-02-17 02:18:49,2018-03-23 23:18:48,2018-02-22,4dc9867052507ed64279ae90d1946da2,2018-01-05
69647a30e77959dbf0000636927c27d6,b4f3d737d8ec2ad8a4e85fc6e578a4fc,unavailable,2017-08-11 21:08:16,2017-08-11 22:04:30,,,2017-09-06,889ddb61eeeddd43f113fc72901e0494,2017-08-11
0ba1123843391ede0901811438202c24,06a6d9bd1d738261179b6cf3d313458b,delivered,2018-04-30 14:13:38,2018-04-30 14:32:42,2018-05-02 12:18:00,2018-05-03 17:30:48,2018-05-18,f28f6019fdc1722c540bc9dbf7da7fc9,2018-04-30
b5b6b559dbbef80f0efc48cbee2423e2,a7e1e3b3803edc0fe36cd28dd1b296f1,delivered,2018-04-15 17:25:39,2018-04-16 10:50:40,2018-04-16 22:58:59,2018-04-23 22:08:47,2018-05-09,2b159d0cdf66c3325b64304c18ae2e75,2018-04-15
8d37e7a787d783b75379ef856107b40a,c6c67979c6a71ae3f43fb2fc04712e4c,delivered,2018-05-28 09:38:57,2018-05-28 09:52:19,2018-05-28 14:29:00,2018-06-05 18:03:28,2018-06-28,1b1fd68c1a9683c4b34bc6b61ccd9ee7,2018-05-28
b6c6a80aea4ba38af9a9880462a07977,3e7b9a988faf27e240aa1432f42618fd,delivered,2018-01-29 22:13:45,2018-01-29 22:30:53,2018-01-30 21:53:17,2018-01-31 20:12:56,2018-02-14,a390435a0f522717c53142d6446905c7,2018-01-29
9f6e9882bfa36a4ef98e3016c5e59f9f,fb2fdd6a93ddbfbb6390f556be5abc4a,delivered,2018-03-31 14:37:16,2018-04-03 05:48:59,2018-04-03 19:05:11,2018-04-10 21:32:51,2018-04-20,b3ec061bf1f87a27efc54ee0b887201f,2018-03-31
bf3c691a76e2c8733340a8f7e251a0f1,dbc9104a798de0ff6af4de6a32c92f70,unavailable,2018-01-12 10:35:02,2018-01-16 04:31:05,,,2018-02-19,f361fb29d1b82df3c571339b1fd3735d,2018-01-12
25a36e7aae91280c6b8a389ba7585046,760861b21afc1463450f76c47baef5b1,delivered,2018-01-05 01:11:37,2018-01-05 01:27:56,2018-01-05 19:38:41,2018-01-10 22:24:47,2018-01-30,af67a893495ab030eb363ece2d321641,2018-01-05
311393b2abaf96a9590f9200b4810bbc,8164f94ee15105d111cb2e05cd40b2ba,delivered,2017-08-04 18:47:50,2017-08-04 19:03:35,2017-08-07 19:03:10,2017-08-11 15:49:41,2017-08-29,6128708e541cd7b7d4b9f95966c478a3,2017-08-04
587625eb2ade3b78389f7a0aa07d1849,90a28e1f12b4d9203c1360a9e5a35429,delivered,2018-04-20 09:24:29,2018-04-20 09:35:17,2018-04-25 15:15:00,2018-05-03 13:28:40,2018-05-10,dac7cf55f4d1a93e52cc89c3447ef2bd,2018-04-20
539eb2245126ac0f67cb986d8e671e99,b166475f9637aaedf463f9f3a2884644,delivered,2017-04-13 17:14:08,2017-04-18 04:32:54,2017-04-18 09:48:16,2017-05-13 12:26:34,2017-05-17,5016b4d2cc147820fe0c3696a8d02f61,2017-04-13
35917730026d50562c5945c14f98318a,eeccbeb8108e336dcfdcae4fd220dff4,delivered,2018-07-17 13:11:26,2018-07-17 13:25:11,2018-07-18 12:40:00,2018-07-24 19:54:30,2018-08-29,1c423cc2d183707c9b0d986e9cc9a263,2018-07-17
9ed118d0ba8070ecbf26326a5a7c2147,3198193537ab89b727bff678627c327b,delivered,2017-09-29 17:09:07,2017-09-29 17:21:44,2017-10-02 17:42:57,2017-10-09 19:13:57,2017-10-23,ea556f9072aad01509423b4409524c1d,2017-09-29
994d36ec7dcfa4437a4560fd76447263,93f7848659010f6e9d53da39631aa55e,delivered,2017-03-09 00:40:53,2017-03-09 00:40:53,2017-03-14 09:27:51,2017-03-24 14:14:24,2017-03-30,eb4e124484f43bb2a832d404df90e70c,2017-03-09
3fe46f6a6327c3afa825f1359f7bf566,6d671d5e1225018b3514c0e934db700a,delivered,2018-04-19 03:17:43,2018-04-19 04:01:36,2018-04-19 22:47:30,2018-05-02 15:22:52,2018-05-17,f51d51970cd8937a6a9860e4df2e8305,2018-04-19
d418717435ae85b43dd26791166ccbe6,ee03dc41a3f34f6401fd3846d401524a,delivered,2018-03-26 23:38:16,2018-03-26 23:50:10,2018-03-28 19:36:41,2018-04-10 00:07:44,2018-04-23,4c2ea7d5d0d6f073ea20fd63cd619d3d,2018-03-26
122c60ae49f0127364cf459be8e48072,cf024859f4ffebc952f2aa7161383ce9,delivered,2018-04-16 23:42:17,2018-04-18 05:31:52,2018-04-18 18:48:46,2018-04-23 16:02:20,2018-05-14,02fdf47b3bd661072bb00a5aab1853dc,2018-04-16
001ac194d4a326a6fa99b581e9a3d963,f4f17ada91ef010cbde3892ae54e625f,delivered,2018-07-04 11:39:11,2018-07-06 02:51:10,2018-07-06 08:58:00,2018-07-12 17:48:49,2018-07-17,3d01f9412759a6a68f249b76eca0de78,2018-07-04
a7d69ce9d8cad8e7d9b48cbdfe236bff,49c7d9bf8f555cd2023e6487b2b2ead6,delivered,2018-03-30 20:45:18,2018-03-31 13:15:19,2018-04-03 18:14:29,2018-04-04 19:38:47,2018-04-12,91e59b92e87f627abdab279ea3ab0c87,2018-03-30
1094dc9e3237f4deff27a2bab683a300,bb06fef1b4fca6bcc757a3db68a9daf1,delivered,2017-11-22 23:15:12,2017-11-23 13:48:22,2017-11-24 23:35:39,2017-11-30 16:49:01,2017-12-12,fcaa775c42645bfcb8fe49eead75131c,2017-11-22
e2a03ccf5ea816036608b2d8c3ab8e60,74a9ec598bb26000a98c7355b06b39b2,delivered,2017-11-19 11:39:41,2017-11-19 11:50:50,2017-12-13 13:45:24,2017-12-15 18:56:35,2017-12-12,622f776c269b21b18eae6243218067c8,2017-11-19
b13b1011e873341b427bb3acb82f83ac,44f3a50c04eb44a44b02cb631d595287,delivered,2018-02-09 08:42:42,2018-02-09 08:56:28,2018-02-10 00:41:59,2018-02-21 01:23:38,2018-03-26,8b4d7eb805eedb49802152652d775164,2018-02-09
3c052d74f852adbeb14c7e8da52b9e6e,77e7e94714e272b6ec89e74ee4a2c3bb,delivered,2018-01-24 10:58:30,2018-01-24 11:12:33,2018-01-26 16:16:40,2018-02-19 18:13:20,2018-02-16,5c4dff5f753d709021711ca6ee6c44b5,2018-01-24
2fabe3a6fbc1051857b2494418c8339d,85bf7a0363f2c51249df17c5c995a220,delivered,2017-12-30 20:52:39,2017-12-30 21:07:22,2018-01-08 17:05:49,2018-01-11 17:10:03,2018-02-05,75870d5ee2589a06f53a38026a4ceab8,2017-12-30
d32aae18f0f7dfd247193137870ecf0a,1bc2f9120a7adf6adbc91fc7a32cc2dc,delivered,2017-12-19 21:07:16,2017-12-20 06:53:36,2017-12-20 17:55:59,2018-01-04 12:24:45,2018-01-24,9b3e2fa09d36794690110e85c9645cf9,2017-12-19
31de08106fdb0607f8a9b688d4b85597,778154a7c2a1128b2a9b1f6c18bfbb16,delivered,2017-11-25 11:55:41,2017-11-25 12:13:34,2017-11-29 23:31:55,2017-12-11 20:47:22,2017-12-20,9f18b9b8c2b650a9d97a84ac353f1b88,2017-11-25
e453260163d404cf3b07e977df27f993,f2798ab8a3f1da292e083cc273ad288b,delivered,2017-07-29 10:17:31,2017-07-29 10:25:22,2017-08-01 00:26:33,2017-08-07 16:22:55,2017-08-11,1000dbbeb6e5d0495c3d089ec5414cd4,2017-07-29
4e3cf72d676f793f15859c9ae34be2ad,98e935de18878156bd96e6b845beb7fc,delivered,2017-09-05 13:32:39,2017-09-05 13:50:10,2017-09-11 22:32:52,2017-09-13 16:54:10,2017-09-29,4b979b432abe14a88cd0cde893952677,2017-09-05
070678021e2517b12a66622b99dca958,46a1813034015030b247e4e39432f55b,shipped,2017-09-05 18:51:14,2017-09-06 19:03:23,2017-09-12 20:56:37,,2017-09-25,cdf6624676e73845359a6ddf9799e963,2017-09-05
8860f62912fc775e52409a351a1bca14,d1f9d2df3fbb4c8c0e4163da8d138de5,delivered,2017-09-05 09:29:17,2017-09-05 09:43:55,2017-09-06 20:06:51,2017-09-08 13:42:36,2017-09-18,a691620b83068f15ae65ffaff294660a,2017-09-05
37e8a643f8d19ed8d44fc02f3f9b3ff9,c9956f197db2b0c3d3cae23c3ecd76bf,delivered,2018-04-03 13:14:08,2018-04-05 02:10:35,2018-04-05 18:36:34,2018-04-07 01:42:02,2018-04-19,815b4b19b764a8352e21e464654527f1,2018-04-03
997d3d4e4d633291f515266c98cbda13,a1bfc319b6d6e12dd25484a8ac12251f,delivered,2018-08-25 09:46:04,2018-08-27 13:15:03,2018-08-27 10:43:00,2018-08-30 22:58:26,2018-09-14,12dd9fc05a8314a1b1ab0822b1b2015c,2018-08-25
7baced6bdf14d532d806d32f4e9649c0,84bea57c14e1cbd4341d46ecc22f5855,delivered,2017-07-06 14:00:10,2017-07-06 14:15:17,2017-07-07 17:07:42,2017-07-08 15:13:36,2017-07-19,4a177a975efb63b91071132827e708dd,2017-07-06
f6d9d80848e37799351f1ff4040e67cd,d9cccfd1f0263ed3801c621a7a63b8ce,delivered,2018-04-23 17:07:28,2018-04-24 19:05:53,2018-04-25 12:11:00,2018-04-26 18:38:44,2018-05-11,8191d3f089130ca0df2174d627102b96,2018-04-23
1ee88e85cf794f80da02cfa6aec108fa,8d9f573b6c97fd9d7402003cfe3124f2,delivered,2017-07-27 22:48:00,2017-07-29 02:30:57,2017-07-31 16:03:55,2017-08-04 19:43:37,2017-08-18,52f1bc322a63204275bf777a80fe2b18,2017-07-27
90fd0d95d644b8e0123d395285746e82,1eea92a9a3b1c77089df534a0f53915c,delivered,2017-02-22 10:39:37,2017-02-22 10:50:13,2017-02-23 23:28:31,2017-03-01 08:34:41,2017-03-21,47ba6a4a3f0dc0d7c2f48f80d0f7c8d7,2017-02-22
7c9cc21a1d8d2008364a92d9f0873b66,0fe659cea15a1e88642bb0723ac69e20,delivered,2018-02-07 12:29:42,2018-02-07 12:49:47,2018-02-09 19:48:02,2018-02-22 21:29:05,2018-03-12,514e32c6841678ef0303459cd3a3c39f,2018-02-07
03cdb68275d2470616d79840dd83e1a2,819dfc3d34559a6b343fccb30b39a3f9,delivered,2017-04-12 07:22:33,2017-04-13 02:42:33,2017-04-13 15:48:01,2017-04-28 11:28:57,2017-05-18,ea2da7e0fb364b67989d4b8b214821dc,2017-04-12
fddce6302431a7b99fbc7159ae2726a1,083a07a0c36a0384d957cf6ace9e586d,delivered,2017-10-16 19:17:55,2017-10-17 19:14:14,2017-10-19 21:58:59,2017-10-25 17:07:37,2017-11-01,080e1622d5aaf198b5b51562b98e803a,2017-10-16
ae68c99e963e1694453bacc5db91513d,82cfeb7316832e519f1238ff89b5c5ec,delivered,2018-08-10 00:58:28,2018-08-14 04:15:11,2018-08-14 15:50:00,2018-08-20 22:55:41,2018-08-21,2587f2fbf466ff9e409952f2feba0005,2018-08-10
7186ea4d77cf76753cfe3399c39b5b42,97bedd5290571f558404057a7916758b,delivered,2018-01-24 18:07:43,2018-01-24 18:19:32,2018-01-25 22:09:45,2018-02-05 19:45:31,2018-02-23,f26291b648652f17ed5a82a200729094,2018-01-24
9eecf4b8716283fcb0f026e1308cc805,df7eca384a2355c9094734f3db37c0b6,delivered,2017-07-05 13:55:35,2017-07-06 03:15:08,2017-07-06 16:34:25,2017-08-22 20:21:46,2017-08-08,7896a0d2938e8adcc336e867fc033d1e,2017-07-05
23fd789ce06f3c54f212b3b9d358579f,aa19484ec6282b1a5a8a73035bb402ed,delivered,2018-03-01 11:54:29,2018-03-01 12:40:22,2018-03-02 19:06:18,2018-04-01 01:46:52,2018-03-22,947bb4afae73d38f9abf4505d5876995,2018-03-01
93e9f92250762e6181f2bcc1fa9e9de1,838b3f05366f4597034a946802abbd1e,delivered,2018-04-16 22:51:46,2018-04-16 23:12:13,2018-04-30 13:39:00,2018-05-07 11:33:03,2018-05-16,99dad4675ec83ff97b0545fac6fefe80,2018-04-16
36a654dce46c360c165a2c3e8f54a42a,fe7ea98719885cb3f1e704476f4f31a0,delivered,2017-10-24 22:28:59,2017-10-24 22:49:16,2017-10-26 16:13:10,2017-10-31 19:04:40,2017-11-13,1ff1503dca2ce18c994dd1dcb8f2a649,2017-10-24
d6ae7c61d30bf46350c4c3a7c6627f26,e11ea1af27379694ad1f1fcd1b16ee6c,processing,2018-01-03 11:20:29,2018-01-03 11:28:27,,,2018-02-01,57224c97d02bba867f70ca20f73ea338,2018-01-03
48889d3fa734eab47cecc56c9f62f00c,8b3d9d2414670d8f3a44fe4dfdf635df,delivered,2018-05-19 19:16:52,2018-05-19 19:37:59,2018-05-21 15:30:00,2018-05-25 18:30:57,2018-05-30,042c603ecf6475679dd96ebbe37c5872,2018-05-19
20ae02d0c9a01173e93a8b4e85830927,0505fbab1c8a805a55a7e316d821ab3d,delivered,2017-04-27 13:58:02,2017-04-27 14:10:14,2017-05-04 12:58:54,2017-05-12 16:04:13,2017-06-05,d3f9960d8ef3d818946323ec2807a526,2017-04-27
b077097dbd461edeee6d08a444ef1466,5b1963a41a8f4a39f4d40e6e5ed70f94,delivered,2017-05-08 19:11:58,2017-05-08 19:25:19,2017-05-09 11:51:28,2017-05-16 11:23:55,2017-06-02,42f296ed9782627fc7408a950975cfd2,2017-05-08
db8dae6558474743510d1f434b6bae14,8251d516855b284bc530f8582a1371d8,delivered,2018-03-29 11:04:21,2018-03-29 11:28:23,2018-03-29 21:42:08,2018-04-18 16:03:32,2018-04-23,0c2fa77ed1433d1b2ed06724ed0d5237,2018-03-29
db7278dea8450817ee8e59fd074eedcd,c118f8a2fb7fe5849e0dfe2027c99083,delivered,2018-08-07 15:42:52,2018-08-11 02:45:15,2018-08-14 12:53:00,2018-08-27 19:39:03,2018-08-30,a28cbc549d87d7188cae4fa6e151999b,2018-08-07
2c0063b6f94aadf5af90291765541726,0541a0155b375e5d1ca9ed98e674e3b2,delivered,2018-05-12 22:08:31,2018-05-15 05:14:47,2018-05-16 10:24:00,2018-05-21 23:52:14,2018-06-25,cae9c7893c1e2bb271e9052dbd3c1ffa,2018-05-12
2905a2371d7b1d8e0142fa8ccd78f28a,28415a926ebe9c54a072c7bc3c729b78,delivered,2017-07-25 19:14:02,2017-07-26 08:55:11,2017-07-26 14:27:50,2017-08-03 21:27:23,2017-08-30,ece9b3917d57e96d6dc82fe284dfdd8a,2017-07-25
e90f9a57c17a06b37c5830a2ab1bd209,edf0b9f3196ff6f4702be2d540f684d4,delivered,2016-10-07 08:28:42,2016-10-08 04:17:21,2016-10-12 04:17:21,2016-10-15 04:17:21,2016-12-07,171d92af5bf025428dfc2fd869eb8a04,2016-10-07
d4621bbd8929714e17dbbeddbc85a5d4,bbbb2dfdc184d84aac9ce9c6700530ee,delivered,2017-11-20 14:41:25,2017-11-20 14:50:29,2017-11-21 22:33:38,2017-11-22 22:44:48,2017-12-01,9fb498d0e3e2301ca8efc0ac0547233a,2017-11-20
793a1da0431a53a517bf77cc596a9d7b,494581655b5393bdb9195817e1314b43,delivered,2017-04-14 19:31:57,2017-04-14 19:50:14,2017-04-17 18:25:59,2017-04-19 12:03:24,2017-05-09,26b10452a17da7c4a3f0c0ee7e975601,2017-04-14
d9ecc8b761d39b31d40aaa07434b2c37,37fbc1b230f5e1f392b3b2f438f2b9be,delivered,2017-09-16 23:02:03,2017-09-17 01:10:33,2017-09-18 22:11:41,2017-09-29 20:23:32,2017-10-04,d8d0428b9987255a67e42a7d6e6f2042,2017-09-16
194199bcb773550536ad5a7c37eb7041,7d5c057a83d5b12165717b6ba3b9adaa,delivered,2018-01-01 19:50:41,2018-01-01 20:06:55,2018-01-02 19:04:53,2018-01-05 23:27:11,2018-01-18,c1d9dd36e9b54dc4c39cf5b796012bb8,2018-01-01
d686bd063a47ff920477f24dba062224,b811feab71fcd813b678a6d9b6562d90,delivered,2018-02-04 18:20:04,2018-02-04 18:30:26,2018-02-06 16:18:35,2018-02-14 18:03:22,2018-03-01,a2fc44e0bf084ec8a39a5f3391a80d7d,2018-02-04
d8962b14d78c6bc197f6508354109936,14d869de34a3ce7e3930301dafdf02e5,delivered,2018-04-10 22:12:20,2018-04-10 22:29:35,2018-04-11 18:48:29,2018-04-16 17:12:30,2018-05-02,a4f91098516f4a5274df6de5258c14c6,2018-04-10
b91f8f630061576cecba47d54b2f105f,8636a66344df5de1b0990a0811238dbf,delivered,2018-03-19 16:48:56,2018-03-19 17:09:47,2018-03-20 18:12:05,2018-03-21 20:02:40,2018-03-29,a80cc482c939cdb77098bbad118a6436,2018-03-19
eaf073079dbf6ebac22213d250816e2b,5e29e0b952356ea899ee11dcd5548af4,delivered,2017-08-14 12:10:22,2017-08-14 12:24:08,2017-08-15 12:17:56,2017-08-16 15:59:36,2017-08-25,6940e424e41600ef36c79b6d8b4a2ecd,2017-08-14
80b74dde5b336c1f75c610521dedec08,940f2ce7cb288f723f854cdbf763b43a,delivered,2018-01-27 21:52:14,2018-01-28 21:58:02,2018-01-29 18:11:37,2018-01-31 13:52:05,2018-02-14,3316da424a95053075ff436157c0f931,2018-01-27
75e8ba833b15ee5846461b03ca462ccd,453eeb33e18916363f7daf85d2d2cb65,delivered,2017-06-09 17:23:33,2017-06-09 17:35:12,2017-06-12 16:22:42,2017-06-23 12:34:30,2017-07-04,e38c47db3257aeae6d34aa6a973025ec,2017-06-09
c51780a93b9e9a0fcebc1e1470f64916,09e9e2fce62bc2e62fe05b73fe573de0,delivered,2017-12-14 20:24:06,2017-12-16 11:34:08,2017-12-20 20:52:04,2018-01-09 23:51:45,2018-01-19,f02fa1ed8c08fa088333c33e43e1e21c,2017-12-14
75bd7a3255b9a2efed8a2673eb31f2b3,47a430a008a55f69741458bc6da5247d,delivered,2018-07-15 20:44:20,2018-07-15 20:55:28,2018-07-16 12:45:00,2018-07-23 18:07:31,2018-08-07,2af8c2a2069e09b34328ef7cf19dc1f7,2018-07-15
79d6b9fa1473b8296aa43123282588f4,146ff84e960b97aa2487372efe177afb,delivered,2017-06-20 19:58:34,2017-06-20 20:10:08,2017-06-21 18:19:39,2017-06-23 11:16:37,2017-07-10,992a5167aaf85f90018a274433d8d441,2017-06-20
00a12754417a49a9dec20361849aa917,4cb9c04be8cfbc5c1e0519344c72a5ed,delivered,2018-05-08 21:58:57,2018-05-08 22:15:28,2018-05-09 12:34:00,2018-05-10 18:26:22,2018-05-16,baa8514552c2181d27fa72c8fdcbb36a,2018-05-08
27438ef67f15928318b5aabed4908e74,a758487a5a5b154836e474c9812e96bc,delivered,2017-07-16 18:04:06,2017-07-18 06:10:36,2017-07-18 20:25:52,2017-07-22 12:55:56,2017-07-28,1a562770f891fc553db8662992cf1814,2017-07-16
d9fa97948dc9dca5fd5f87d28e1f8f6d,50f592a0e6fd516ca735e8add58a9199,delivered,2017-06-15 16:03:21,2017-06-15 17:10:14,2017-06-19 11:36:57,2017-06-28 15:47:43,2017-07-10,a5782905d18c0d30d5dfbf6f2a864719,2017-06-15
f6557fb0a00716c9af72d15943e20704,8085cf5cf44c314a513087f25cccfd38,delivered,2017-09-19 13:22:06,2017-09-19 13:35:38,2017-09-22 18:46:37,2017-09-29 20:04:37,2017-09-29,35813dcced7675b8d42d75666a7e6795,2017-09-19
a5cd6b7de7b48a41dbeb7bbb3fc5813f,8c480c89cbb293370a441030c16b28f0,delivered,2018-02-15 12:10:15,2018-02-16 12:07:31,2018-02-16 22:04:36,2018-02-28 18:46:56,2018-03-14,c7a50df1fd95fdb4a18b705add162612,2018-02-15
270044e25a104d6ab5daf7369e33779d,6cf048ee948a79b9d946243e1e05fcf1,delivered,2018-08-14 07:23:07,2018-08-15 03:23:59,2018-08-15 12:59:00,2018-08-16 11:15:42,2018-08-17,e5d4f3b301959c88077a062efbe3ebf9,2018-08-14
3621a9db2d628810259b17edefcc85f6,4b2ad2c58b9b9100a496913942cc3ae9,delivered,2017-06-18 20:43:30,2017-06-20 10:43:55,2017-06-20 16:12:53,2017-06-30 14:53:42,2017-07-11,d91be532e6fac7dc74e54faf7085845a,2017-06-18
e59dbfb7d81fd513f1ffa941fe849c57,affa1ae9fc01158bf723814d1dd9d0ce,delivered,2017-12-14 17:07:59,2017-12-14 17:31:55,2017-12-15 22:24:37,2017-12-22 16:49:06,2018-01-09,68662748141dbba8076b5d0e10565c2b,2017-12-14
ac17fcdce65beed9ddc7473ff8150528,4220690060f453982ccc4f2269401a81,delivered,2018-07-27 21:49:38,2018-07-28 15:50:10,2018-07-30 14:06:00,2018-08-08 01:11:18,2018-08-01,20f77de1f10558efadeacaa8cdb01a76,2018-07-27
7859b34c6e7f3afe12f010b2f1d997b5,7899b697fc449c2198654031f41e411e,delivered,2018-01-11 09:43:42,2018-01-11 09:53:31,2018-01-11 20:29:20,2018-01-29 16:19:10,2018-02-09,193551d3e289968aad1e9573a23212b0,2018-01-11
cd53e0cf7df727e89a75127f22a178c3,2a7d8740c329c52ba9b8a77782adcb5c,delivered,2017-07-07 22:05:52,2017-07-07 22:15:16,2017-07-10 19:21:17,2017-07-18 19:10:26,2017-08-04,e58e550266e2f28be77969b1e8e4a554,2017-07-07
5b9a0e4cbfc2d6a1347472c847a4a4e1,3e54f09108285b0c493b8485d3593351,delivered,2018-05-19 14:35:15,2018-05-22 09:14:33,2018-05-23 12:31:00,2018-06-04 14:03:39,2018-06-13,ed4c785e11a78a73c48fa3af98008292,2018-05-19
fdff9465ac9ce1a793bb30fa94c6f241,845b824eb080c574067dc1f73e58e09e,delivered,2018-07-29 00:10:39,2018-07-29 00:24:15,2018-08-06 17:33:00,2018-08-07 18:17:49,2018-08-08,06944904bd31234a78668f4bb962817d,2018-07-29
94f15892b1b836f7ffd99db3f29be99b,7faa56b79825d8ac2a793c613854e981,delivered,2017-11-25 10:24:02,2017-11-25 11:10:30,2017-11-28 17:27:44,2017-12-11 16:41:56,2017-12-20,356110547c07af5b01b7467ca61b4c5a,2017-11-25
d84c374cdab9d3f9192cf8d42beef6f7,06cbead91bbb55a3847db922a39da219,delivered,2017-02-14 22:09:54,2017-02-14 22:23:21,2017-02-15 13:42:16,2017-03-07 14:16:17,2017-03-24,53730ba9200fe3371560f32ee5b17424,2017-02-14
10f5fe5b5df0a26f8cde1390295fda43,c57739ead92456e9c71f76ad1e292255,delivered,2018-02-27 15:22:51,2018-02-27 15:48:49,2018-02-28 20:55:02,2018-03-20 03:03:52,2018-03-29,0bfd2cd22cdc7f7123f127c6c81f7eee,2018-02-27
a61b9456778de69d35a9addadfc57ca8,fd1ff46cceac2649ca8cc67148803eb7,delivered,2018-07-01 15:54:18,2018-07-05 16:17:44,2018-07-04 15:28:00,2018-07-11 20:06:49,2018-08-10,661f75e84d1b1e29d02f641d323f8a31,2018-07-01
4aca787fd52bf4435536ed117d9ef3b5,d12f4bbd1e11619a1a0b1f5cebf26a2e,delivered,2018-07-16 21:14:11,2018-07-16 21:25:15,2018-07-17 12:18:00,2018-07-20 22:07:43,2018-08-16,2261387de804d0cdace85807669e0131,2018-07-16
85aa644b23efd808ba253a509c0b01f7,9a4081806de4fa6ba62e59fc675fe200,delivered,2018-06-05 12:44:10,2018-06-05 14:31:39,2018-06-05 14:33:00,2018-06-12 16:48:56,2018-07-11,c0c8431349e30740e59e834b3890c924,2018-06-05
4e5eab0ade6de202ed67104e84e9636d,17e3aa4143d3bc3100dd4de9fe5ecf1c,delivered,2018-04-20 11:18:27,2018-04-24 18:14:37,2018-04-24 17:32:15,2018-04-25 18:08:31,2018-05-09,c381e18dba9185cf938f9b11fe2711fb,2018-04-20
edc2a37b6c40c6ac0a792e46cf248848,59b7743e6f1ffb4c84050f7d6b295331,delivered,2017-11-03 07:58:39,2017-11-04 08:50:45,2017-11-06 19:32:22,2017-11-10 18:07:04,2017-11-27,f81dab4af5a125ab52c4e530ee748493,2017-11-03
4b59288fdfd1ef916c5bdb63ee33d987,feced49097543a5b319c39654f895082,delivered,2017-03-30 22:30:52,2017-03-30 22:42:44,2017-03-31 07:24:02,2017-04-06 13:16:15,2017-04-19,711d3ddf4abc7783350ec737193500d4,2017-03-30
9c1a5eb0f1bff32a9846477115335d36,263ea25eaa79f6e11608a9e7d210bd67,delivered,2018-05-07 11:05:20,2018-05-07 17:29:50,2018-05-09 15:48:00,2018-05-21 17:07:01,2018-06-06,37e60990b1cc7457fbd2595e85e76da0,2018-05-07
ffe5736050c2890fa51a28942820258a,bdb02eddf9e1223ae4fa0cbe08f89cbf,delivered,2018-03-18 14:25:04,2018-03-18 14:35:25,2018-03-28 19:29:49,2018-03-31 11:48:25,2018-04-16,03f8ce51dcb4f7cf0d752feefea266c9,2018-03-18
2311ac56316c28e8f8f0b729ed8979ab,ffca7ff7204c1ab5533bc3475a7fe18a,delivered,2017-03-30 16:34:41,2017-03-30 16:45:13,2017-03-31 12:26:15,2017-04-10 15:30:18,2017-04-24,bf12d4450cdecaf526c977f2517204c5,2017-03-30
3a5ed4ec9fee02e629a8909af01459a7,569ef6938859704a30e858454ac884c6,delivered,2018-01-31 14:09:22,2018-01-31 14:31:56,2018-02-01 19:10:33,2018-02-02 20:03:08,2018-02-16,df7b899578ba8c37030afae9c59cb7a2,2018-01-31
d9bdd8985e722d97a231fc42efcdf238,b54ba1f54a807f0bed4f7376454e7de3,shipped,2017-12-04 20:09:14,2017-12-05 04:13:22,2017-12-06 20:32:56,,2017-12-20,326405d8197a748c2f4b2d652fef88c7,2017-12-04
9e1eccc08685bb903c6eee8ade67a23b,48c594f3ccd405bda0218861a37eefc0,delivered,2017-05-17 15:42:02,2017-05-18 02:25:52,2017-05-23 12:02:00,2017-05-29 16:28:16,2017-06-19,fad83ca4540898f0d76d9bffa0e2c047,2017-05-17
ef22458e7cfa237cd68b3be657f4f0c8,5e1ec1ba98bb8ce60763eb2d21560346,delivered,2018-08-17 16:53:17,2018-08-17 17:09:37,2018-08-21 13:57:00,2018-08-28 15:25:45,2018-09-04,72e05cde2a8e5d8f08ca3ef3bcfadc63,2018-08-17
263282727ab0aad6f73aa81e70ba88c4,d4f12ccbfe1440f1b0b653884eedfaf8,delivered,2018-01-13 14:25:15,2018-01-16 03:50:19,2018-01-29 22:47:43,2018-01-31 18:41:26,2018-02-01,8ee3fb71a70e0c0062e676fe02aec2ef,2018-01-13
3767ec504e8593984a2b190eb90743d3,f99c31e9d393f936ade288b47354f465,delivered,2018-01-15 22:33:01,2018-01-16 22:33:25,2018-01-30 21:41:13,2018-02-22 17:44:07,2018-02-19,124e3b1b046021896614b1bbbaa7ef3b,2018-01-15
1d2c5463089cdcd251914b1c08a4d103,edb83d7689cc0fb7147061d9a53e9452,delivered,2018-06-30 11:10:38,2018-06-30 11:30:13,2018-07-03 14:01:00,2018-07-05 19:28:25,2018-07-24,93e0b4d41810b3f6c7c26586bb901eba,2018-06-30
a7ef7ca02054a53c7236c868d59acedb,4eb2d427b2d88f0e05fc35a1e862d8e1,delivered,2017-09-13 22:26:26,2017-09-13 22:35:19,2017-09-15 16:41:46,2017-09-21 19:34:24,2017-10-04,d6aea8f3f6d742744ad1960d748489b8,2017-09-13
055cfc7366f3dfdbca102536d95381bb,9af9b372722698b16172ddf27eacab34,delivered,2018-06-05 19:34:59,2018-06-05 19:54:53,2018-06-06 14:05:00,2018-06-11 20:18:41,2018-07-04,bd4b901bb8fd797f7c1c2d391e536c08,2018-06-05
5c7ec55f4ff082a66c4ed58a2634af16,34fd70c1a2c8eb090994690ff3cfdd0c,delivered,2017-11-24 22:38:15,2017-11-28 03:33:09,2017-12-08 16:17:38,2017-12-15 17:37:50,2017-12-11,4ee589f9106af7d7ec3ec8ab8c1bd7cd,2017-11-24
8048d654b51cffc429b4e7121a23f7c8,2edc05853c8ca0fd4f85b9e13da17c30,delivered,2018-06-22 16:18:40,2018-06-23 15:15:59,2018-06-26 14:51:00,2018-06-29 18:18:32,2018-07-18,d39a4262b7bf2daab0aabfe69ab77218,2018-06-22
83a606acc4e6248f7fc570a3887cfdd6,b56dedcb8516771d10b5378e7957a31f,delivered,2017-05-08 18:53:03,2017-05-08 19:05:21,2017-05-10 10:46:43,2017-05-19 15:23:52,2017-05-23,f682632acf21dd2666ccf52bb9dfe584,2017-05-08
205b0e6f9bda4be961473c68ea127c97,b20ee1ec8f27ae29b827b76f230e2a6b,delivered,2018-01-22 12:26:23,2018-01-22 14:54:22,2018-01-24 12:52:34,2018-02-14 23:17:08,2018-03-01,50ab15f4e43cd471b508a5a59994c0ce,2018-01-22
e40ad49e77913b7176bc3268c18b3299,cb786b63e7d9a15fd5cca45785ce1347,delivered,2017-10-14 11:02:53,2017-10-14 11:14:30,2017-10-17 10:37:20,2017-11-01 20:57:51,2017-11-06,5e1821ab07e3f73f0408a3ece0b4effa,2017-10-14
514b4450547a198b2000fe570c522277,30ed8c586151707a59ba3bf07f050e4c,delivered,2017-12-02 16:17:50,2017-12-02 16:30:16,2017-12-08 14:13:48,2018-02-06 01:57:03,2017-12-29,32bc18edbf54051bb71f14ef6c9557cd,2017-12-02
214e7b7443be4c9b396b5e12d6d9d416,42e0649143d64f64e6d2ce5ce06e8aca,delivered,2017-08-01 09:23:05,2017-08-02 02:50:31,2017-08-02 15:54:49,2017-08-15 19:43:51,2017-08-23,10df6064a881e4d81b287e37f0b216b3,2017-08-01
8eeb383cc53ee78dfc385629602dfff7,73f98782f67f44297697ea25d96bd871,delivered,2017-04-12 21:33:29,2017-04-13 02:45:37,2017-04-13 15:47:59,2017-04-28 15:35:36,2017-05-15,2a11aff1149cd4eb6f3999a463681338,2017-04-12
adc9c192fa551c7973ee32d217816b89,7845572a4f919c31d327673edce0015e,delivered,2017-11-25 15:24:38,2017-11-25 15:36:35,2017-11-27 20:26:56,2017-12-04 13:22:08,2017-12-19,436b6970ebac6e4e50694b4fe9558632,2017-11-25
201ebbf7634b25abd400f84d519cf297,a6e1d325e2d80b387efb2a91ae78568b,delivered,2017-06-11 21:27:02,2017-06-11 21:35:21,2017-06-19 14:42:03,2017-09-19 14:02:52,2017-07-13,4d93f7007654b317e47423d2b4e37a3d,2017-06-11
4c7e4677d9f5435660f9dcb903e709fd,5c9c054fb73a874d71499b20708a84b2,delivered,2017-10-18 12:26:29,2017-10-18 12:35:36,2017-10-18 20:23:25,2017-10-24 20:03:05,2017-11-09,9b06a97746914ad38b875ce9a3972676,2017-10-18
b56383d16b2ecad95ab7737504e59d49,4595b0e7d3a66e4925e5bca1b1920758,delivered,2018-02-03 12:53:26,2018-02-03 13:11:58,2018-02-05 23:46:29,2018-02-19 22:57:17,2018-03-12,237dfb57ee5ac9e68310bfd4bd816149,2018-02-03
1ac04fcb479aaae425488d963ebd0847,1cd2f43dff52b795d183524bdc21e5aa,delivered,2018-05-02 15:22:57,2018-05-03 15:15:24,2018-05-04 15:08:00,2018-05-05 16:04:30,2018-05-14,e9f04826859423bffce715333d08de3f,2018-05-02
d2d8c96cdc3a00c418d2a5539e598add,dd141cd9ebb1724a2200c1c280a67b2b,delivered,2018-03-11 11:44:41,2018-03-13 18:00:32,2018-03-14 21:08:54,2018-05-15 20:44:33,2018-04-02,d9aa2192246b1a9f96fa84275cc9093b,2018-03-11
642171b7f50a33019b19065d892a9d9c,f744cf55db041840c8985524c2986ba4,delivered,2018-01-16 22:14:30,2018-01-16 22:30:08,2018-01-17 22:28:34,2018-01-26 17:56:39,2018-02-08,f340c976ba93057a979f3f57a6c497f7,2018-01-16
c7a41978e3a504f1f6281e82e05c07f7,34eaceb9c054e70d3902b70fa7052c77,delivered,2017-03-03 11:18:53,2017-03-03 11:30:18,2017-03-03 12:45:30,2017-03-16 15:52:19,2017-03-28,ccb07bccc29a9ab276f256444045bc47,2017-03-03
0ed6d545d159bc1c0786d83a66c1cd03,cadcc766f52c62f7f08bbfb5712bc3ec,delivered,2018-06-02 10:10:55,2018-06-02 10:30:55,2018-06-05 12:54:00,2018-06-18 19:12:02,2018-07-12,181d08e7dcfdac616bf321a7ca3ad0ca,2018-06-02
0fb0b963405fa1541484c2f8893b04e0,9f85a78c4f160de13394a7d5cad37e7c,delivered,2018-08-16 15:32:28,2018-08-17 03:09:42,2018-08-21 08:59:00,2018-08-23 23:38:30,2018-09-18,1d3de5f6f995315265b8f2047476b3f7,2018-08-16
b0e26123a9efc3ad3ef191e50b262084,ff6e8a1efbf39f488ac2b10d12655083,delivered,2017-06-11 11:38:51,2017-06-12 14:50:22,2017-06-16 12:29:35,2017-06-26 15:18:53,2017-07-07,baf90a66a50db1cd1c0c518816fe9f8f,2017-06-11
08cae26133a5501cdf7b13db6bcf39e6,15d7dbcd027b5b24866db33e2b819021,delivered,2018-01-30 14:58:10,2018-01-30 15:11:27,2018-01-31 23:08:38,2018-02-05 15:16:59,2018-02-21,ddab5650ba76e2fa2d7e25ed3343bd92,2018-01-30
785e849a702dab4672f0febcf4c1afc5,8ac12be4103f6d1ad36d0c21efc8fd5f,delivered,2018-04-15 19:32:36,2018-04-16 19:32:34,2018-04-20 18:26:38,2018-04-26 17:09:05,2018-05-23,fa58e11c149d7e903dbe5f6c854277e7,2018-04-15
d84ff9150e7677a1de43990fff1868ef,67a649e6933ac4df07ddd1f379a6c773,delivered,2017-12-18 08:28:13,2017-12-18 09:31:26,2017-12-19 00:53:27,2018-01-26 19:12:13,2018-01-24,b1ab3a21959a4b31d4228de6dddfe637,2017-12-18
5471d26176ed00eac0441e43fe12ce01,d2241057a10028bdde6bf118ec74e49b,delivered,2017-03-31 11:36:08,2017-04-01 11:42:47,2017-04-03 08:42:01,2017-04-06 16:42:57,2017-04-25,e8406effccc04eefb8fd8279da2fd4dd,2017-03-31
e1fdc6e9d1ca132377e862593a7c0bd4,d4587cf99c5521ba43b6acf080a396b4,delivered,2017-09-18 00:28:51,2017-09-19 00:35:20,2017-09-19 19:26:44,2017-10-06 15:33:36,2017-10-25,37545efd489b0b7c9aa20690f344271d,2017-09-18
236f12cdb8ad031ef9dccb5cdae83ce2,4762b359a95acf9bbada6671815c5ce6,delivered,2018-04-06 18:44:58,2018-04-06 19:09:09,2018-04-09 21:48:48,2018-04-11 15:07:27,2018-04-23,bdf77905b56cb379362833502c5426cc,2018-04-06
f73de6a34a3027ae82efac7a6bb5318d,6a352323e9ea3442a66aa0e556579967,delivered,2018-05-23 09:18:55,2018-05-23 09:36:39,2018-06-20 12:20:00,2018-07-17 22:38:38,2018-07-11,949a5efc8cd62cbe3888026bd0ddd1f6,2018-05-23
fe472d7abb29893ba6f762e80b1e1eee,d07a756cad197e40a3b11b7c243cb0d7,delivered,2017-02-14 10:38:29,2017-02-14 10:50:13,2017-02-17 07:38:35,2017-02-22 09:13:54,2017-03-13,8119ccf8ab4ac8da74389001c4ad067f,2017-02-14
b7558b356867cb5e6de5c76578a29143,47c0dc33aca81e253eeb1398c2327b34,delivered,2017-10-17 17:30:56,2017-10-19 03:15:15,2017-10-23 20:44:51,2017-10-30 21:23:51,2017-11-07,ea22975bd64bd9ad4d3dfd4fbd53b433,2017-10-17
237037d23ef38af0bc36cc20fa48da43,5d73375814a2bfb3d7ae1860d3178e66,delivered,2017-10-26 20:48:45,2017-10-26 21:50:10,2017-10-31 22:05:55,2017-11-03 20:30:05,2017-11-08,b5541d9a2ceb676fded2babc9bd9f9a7,2017-10-26
8223107cabf23c4fd8b27fa1f0fb23ca,6122710afe884cc215271d9c7eb5017c,delivered,2017-08-25 15:09:04,2017-08-25 15:30:11,2017-08-30 17:33:15,2017-09-08 20:46:40,2017-10-10,879d61264e0c6343d4bae5262ac589a7,2017-08-25
b70c582d2629b16c2612288f487c3b71,800d5a2850af92d17fed3f58ed78434f,delivered,2018-06-16 12:41:04,2018-06-17 12:35:12,2018-06-20 15:04:00,2018-06-22 19:36:26,2018-07-13,df99dba9574bd3c8adbf1e54a83c795a,2018-06-16
7d6dfedeaa48f563f42198ded2435e90,5c970fdfd41f74aca5839029dc1e069a,delivered,2018-01-15 18:58:12,2018-01-17 04:31:17,2018-01-18 22:27:51,2018-02-08 17:22:46,2018-02-19,15b765545c24e6a640aa34e5f446756d,2018-01-15
1a82d77d4c9fde66fd0fa74017f0c8b2,1a07b88192a246615a42ae06a0a7c4e2,delivered,2017-07-24 13:13:03,2017-07-24 14:15:29,2017-07-27 19:15:35,2017-07-28 16:42:15,2017-08-04,945a84ba06ba29d8c8dbbf85293cbff3,2017-07-24
8f1a2a26d4f0ed5608a8857e0e88b7ad,725053273ea08ee2997d63e7a36b984c,invoiced,2017-01-27 18:18:31,2017-01-28 10:32:58,,,2017-03-21,4e98cae79b0b943a40111a0c2b0a9e07,2017-01-27
03d631cfa59f71c4a9cd31a6bb7467fe,f93b631ae6e592bbe9dbd11ad77af237,delivered,2018-06-04 11:01:31,2018-06-05 14:31:50,2018-06-11 14:41:00,2018-06-18 16:24:54,2018-07-19,f4d341829671a2ca6b253cba441e1efe,2018-06-04
5938114522194bd566d9f5a5cd9dcb88,a2c33e1a7269f9622629b73e1b6baa4f,delivered,2018-08-08 20:10:10,2018-08-08 20:25:10,2018-08-09 14:22:00,2018-08-10 21:41:42,2018-08-15,a4b0c9f768a53ec95564eedbba5203cc,2018-08-08
dacf07b003ccc1ffbf3d890a402329f8,7cda83c1b0ab225fe4afb8d9d28c7fb5,delivered,2017-02-12 16:03:25,2017-02-12 16:15:21,2017-02-24 10:38:59,2017-03-02 12:05:57,2017-03-21,874f2df1295ca29e64b2844b89d1258d,2017-02-12
93fe3d332271d38d6974bec644168f57,cb549c1deca0377593482067838961de,delivered,2017-09-30 19:56:40,2017-09-30 20:14:26,2017-10-02 16:28:19,2017-10-06 22:36:50,2017-10-25,0dbb5af00b870407d4129d36bacb64db,2017-09-30
e6179e66e05b531c6f8ad2b292717091,cb97d1bf364dd9bbb2a3897fef633e52,delivered,2018-08-06 13:16:55,2018-08-07 04:05:15,2018-08-09 12:48:00,2018-08-13 13:14:51,2018-09-05,9be8b648a3f4659c46c7edf85f538d61,2018-08-06
33ab2dc79c51648bd7787cdf4d64f656,1cd10497d4870eecd91328b511f698c7,delivered,2017-05-22 19:18:00,2017-05-22 19:32:24,2017-05-25 16:09:30,2017-05-30 10:28:40,2017-06-12,5f39cde4a167fa96923f0b4bc705d116,2017-05-22
95dc0bd3155ab8bbe4d5076ea9658805,a0e0e61ee7da5fc5cc8333cff7f4e90a,delivered,2018-05-29 13:38:10,2018-05-29 13:58:09,2018-06-06 15:01:00,2018-06-18 19:26:34,2018-07-11,82b7ba90f0f9db6117ef25071323d270,2018-05-29
7772d2a6ca50ce99296982433145582b,a83bf4c5b74243416480fa16e9de9147,delivered,2018-04-12 12:00:25,2018-04-13 18:11:55,2018-04-16 20:18:27,2018-04-23 20:32:01,2018-05-08,597d035b69316c799bffbefdd4477b98,2018-04-12
39d6c184d14f581569167a7e10e7c4e6,0d0ae553fca94b2bf35ba0ae7aed60aa,delivered,2018-06-18 13:53:07,2018-06-18 14:19:17,2018-06-22 16:02:00,2018-06-26 16:18:40,2018-07-13,b09384ee38126a14250f8f310fa3d638,2018-06-18
f442020e13b718d40746ce039d97b4c2,1e141bc0578f55009f9a7ba90d846d75,delivered,2018-01-04 15:29:14,2018-01-04 15:47:21,2018-01-05 19:48:58,2018-01-09 19:16:34,2018-01-31,6e14116d3471123fcf057c203fd7e801,2018-01-04
b16d1a2fcbe45897eb78950e1b542c63,0bdcc03d8ea14230b19bdb4efdc87963,delivered,2018-04-05 11:05:44,2018-04-05 11:28:04,2018-04-05 21:16:44,2018-04-11 12:54:48,2018-04-23,f366cf5176bb3cd330e74d8e14b8e13c,2018-04-05
d91a712b4ecf0cba1183e01e2808599c,c7e113c903312c8a63623f58530dae9a,delivered,2018-01-16 17:24:39,2018-01-16 17:32:47,2018-01-18 17:13:13,2018-01-29 18:28:58,2018-02-22,b4b5d05ad37bbedc757f400434454541,2018-01-16
145c086f0f81f9801a8acbb2c514644c,5581302de852c09823ec2e0fd3c46d82,delivered,2018-08-17 15:33:29,2018-08-17 15:49:43,2018-08-21 08:18:00,2018-08-24 17:31:44,2018-08-30,130f4a32887cc549621b3c6cf36bf77e,2018-08-17
862ec83f2ebeb547ccece5ad0f8d6332,7794a175e2771699e4dd7b1e141451e0,delivered,2018-08-10 12:24:44,2018-08-11 04:35:17,2018-08-13 15:10:00,2018-08-17 14:28:48,2018-08-27,9763b0a71c50bbcfb9f4aa146ba95dc8,2018-08-10
c7d8dac1459971c7bc85e373e9d332fe,87bb2e06d2f954566b07b7f5304632e8,delivered,2017-05-01 22:43:15,2017-05-01 22:55:13,2017-05-02 08:24:14,2017-05-13 07:11:44,2017-06-02,2f3ad0aad62a8e77fad54cd8c3105c6b,2017-05-01
c41d48eaf09ea5de1864866821efe3c1,0ada8a74b033323d122247743366e898,delivered,2018-06-06 11:14:45,2018-06-06 11:54:18,2018-06-06 14:21:00,2018-06-20 01:08:50,2018-07-24,701635fe6869cd63932e89043b1f192a,2018-06-06
b568baf5f9de4f5061af828f1dc4e6ff,8eda31e4efd069e42b3a3bfd80ac5b7b,delivered,2018-03-10 22:13:00,2018-03-10 23:08:01,2018-03-12 21:34:35,2018-03-26 22:22:10,2018-03-28,3e69c94333cf73d1e18fe0eefc9f60a4,2018-03-10
bd0877736ee7b208ff7f86b6958ca2b2,640cc2572fb312376699744ed394f935,delivered,2018-01-22 10:55:26,2018-01-23 18:16:26,2018-01-24 19:15:54,2018-02-01 22:25:26,2018-02-15,ea4f2b6a2e713c9113a2ad020b472c56,2018-01-22
9abcbe39820292dab15332cef33e7a3c,8fc079be60df7208407f6cad7ba33bdf,delivered,2018-01-04 01:56:56,2018-01-04 04:55:33,2018-01-05 00:38:59,2018-01-20 12:23:58,2018-02-05,415268098f12965aabd82f1efbd5e59f,2018-01-04
af24a3faab712b73932f3a71d003212b,e4a4c0617aadb80e8ef6b6c3ec271f18,delivered,2018-08-16 21:22:07,2018-08-16 21:35:10,2018-08-21 14:55:00,2018-08-22 15:08:47,2018-08-24,897ad333c68a626b42d51c93fd29ea3c,2018-08-16
8fd0fd2191425dcaa1ec74d95c0b5aa9,59bb282506ee6f833d9133ce9fc67ae8,delivered,2018-01-07 13:49:54,2018-01-07 13:57:24,2018-01-09 23:22:55,2018-01-13 16:48:03,2018-01-24,14e13b0ccfa79b258bcb2f2ddf28de8b,2018-01-07
02de1e44936e56ddc1621c46d86bf91e,c4c369211d1aaab90c8e097f6939dda2,unavailable,2018-08-21 12:21:00,2018-08-21 12:35:12,,,2018-08-29,24aa3d9034dd158d598b5fbb388f9bb3,2018-08-21
3c0be21119f52aa359b9adc51824ac6d,03d4f8c8cd112d8756d88741497d1f8c,delivered,2018-04-02 11:56:48,2018-04-02 12:10:13,2018-04-03 19:05:09,2018-04-20 21:42:12,2018-04-26,6cf5bc81d002764e9f52fa309344b6cd,2018-04-02
8c264bdab8e3874de8f4af9227b4b982,d782ee1fb732ce94cceb663a9f35ac08,delivered,2018-02-15 21:25:43,2018-02-15 21:35:22,2018-02-17 17:58:28,2018-02-21 23:18:53,2018-03-09,d0c38f9963d735efda1bbacd545db100,2018-02-15
518544c830031ab14b63e9e684f0b1ab,3b6849efd98cbfe4389e5742b705de5f,delivered,2018-05-09 15:17:51,2018-05-09 15:37:06,2018-05-11 14:31:00,2018-05-18 19:38:46,2018-06-06,bd26d996481bb4baa0cc01349ea4649a,2018-05-09
66b073eb59202fd98ae224db60ccb476,a5ae10c4cf5d68123ae82de71e884f24,delivered,2018-01-18 16:56:51,2018-01-18 17:13:02,2018-01-25 22:54:33,2018-02-01 12:37:39,2018-02-08,4ac3f009806f721ded4a1d38286dc86a,2018-01-18
ce80533c6ef9cf6f226eca01ac2cabb0,4fd1b41e58332912030e868ae13d19d6,delivered,2018-06-13 21:20:34,2018-06-13 21:38:30,2018-06-25 13:48:00,2018-06-29 22:28:40,2018-07-25,246bccfa2b52442a5543669c9b7b10d7,2018-06-13
64d02f4ae7e52cc423b0b8790e8760d3,69c783442bd511f3ee92190fef31e979,delivered,2018-04-03 18:26:29,2018-04-03 18:49:50,2018-04-04 20:38:36,2018-04-17 12:45:41,2018-05-09,2509f289867ea537c35c985c5c46bab4,2018-04-03
aec0f45f4c980472a8293f2213d49a19,586c5d40d590f4fbb0ad129e21c09ff0,delivered,2018-07-31 15:45:23,2018-07-31 16:44:15,2018-08-13 14:45:00,2018-08-16 15:06:42,2018-08-16,e9fbafc65ee79ac983dbdf0e2057a07b,2018-07-31
bb26b9f1f2801c2bd60622b82bbb533b,eac31f11abf9c6c544a319d3094ef835,delivered,2017-07-18 23:17:20,2017-07-18 23:25:20,2017-07-26 15:25:54,2017-07-27 13:16:28,2017-08-04,7c96505ea74fa1be1890dd349acf0eb9,2017-07-18
36ddc5f19d31a8d744d01bbbd1d11321,0c899011c2b518fac4cf807a57f4fd7f,delivered,2017-04-10 11:58:16,2017-04-11 03:55:16,2017-04-12 16:17:39,2017-04-20 09:33:14,2017-05-11,2fd67196b262395b933da4c1346fd26c,2017-04-10
bd46ff5e482fb156dfd64d503cda8b78,e507401ad0ed79ab3f14746a0c9a4f9f,delivered,2018-04-24 20:04:01,2018-04-26 04:10:45,2018-04-26 14:43:00,2018-04-30 18:28:22,2018-05-10,19a4d26aef0aadfe7cdc88de373046c6,2018-04-24
971d58b94f7bda9a79f4847e1509a433,c6e12a66b9241b3d544ec4d4854b5472,delivered,2017-02-07 23:16:34,2017-02-10 10:45:09,2017-02-10 11:31:36,2017-03-10 08:54:02,2017-03-10,e27e5ed677bb68b40be4e84ee1096e5c,2017-02-07
c3783793e341d4996dfbc614da1dee70,37d6134ef2c3b5e31ace91cb608c2784,delivered,2017-12-12 04:45:54,2017-12-12 04:54:33,2017-12-14 18:59:24,2017-12-20 17:28:53,2018-02-05,f40a22b6e3c2c1ad68ea49ca1746e6ce,2017-12-12
b5a290773b1946d7fd79425b488b0e8b,95fda3c2a70a5834ec54463c77b5f10e,delivered,2017-04-21 19:21:21,2017-04-21 19:35:39,2017-04-27 11:24:46,2017-05-03 16:26:45,2017-05-17,adafff62692fe2b543ae734d219ab354,2017-04-21
6574995f241f25d2de43c86d1031680a,523480f61a2b701291d0ead14ad3f7a2,delivered,2018-01-24 21:14:26,2018-01-24 21:33:09,2018-01-25 23:09:45,2018-02-06 17:15:49,2018-02-20,8095673bdccfada3fcb5a5a811994ffd,2018-01-24
4f6e7f64edf1a47b80bf8d8645fc6d3e,c2321e6be26e2a95d3738900a4d0910d,delivered,2017-08-29 17:56:41,2017-08-30 02:16:15,2017-08-30 20:35:26,2017-09-08 18:43:45,2017-09-19,76d30bae29bf89152e63a088be00fde5,2017-08-29
f211ae6ccda8a2087cb211dfb3226331,dfd032545bdc92f4f38a14a6a3483ea9,delivered,2017-09-11 19:12:36,2017-09-11 19:23:25,2017-09-12 19:19:55,2017-09-20 16:43:48,2017-10-02,dfbc9b096f56256ac2a2b16e5872068d,2017-09-11
fe4021e2697d2b86229336b10e91128c,ef4a7e00da775a66a09b485e5a6d9910,delivered,2018-08-04 20:42:37,2018-08-04 20:50:16,2018-08-06 13:09:00,2018-08-07 19:36:52,2018-08-09,ff7a3ac150687b7ec36776d06327c576,2018-08-04
46d740c3925f87cab7d14d4e55cc47a7,c13dc09f81d5e2fa66a5f1eca8e13e27,delivered,2017-12-05 15:29:54,2017-12-05 15:54:23,2017-12-07 20:28:24,2017-12-20 19:03:16,2018-01-10,89c9cc11a623a0614f8ffdb0a73e8b05,2017-12-05
1c8ea3262201c0562eccbcefff3da202,40bbf05156775873f7c2540c0429b95c,delivered,2018-08-26 19:22:51,2018-08-26 19:35:22,2018-08-27 12:27:00,2018-08-29 21:05:23,2018-09-17,6c3e7b7832bfb886d40fe39060eb8603,2018-08-26
0e8fd0b4ba98fa3f6000945352e0b8ff,ed8351f17a80cbb1e4c7c457c95dad24,delivered,2018-04-15 22:14:26,2018-04-15 22:29:59,2018-04-19 20:32:33,2018-04-20 21:33:03,2018-05-09,e74d36de193ffaccf5e7ae850ced0ab5,2018-04-15
91ce7ca124af689166db5eeed6f67a58,5123a836ba289609cd3d54332637ca88,delivered,2017-11-25 23:11:44,2017-11-25 23:32:59,2017-11-27 22:41:42,2017-12-05 14:55:03,2017-12-15,bdde9ce1c27b88a7fe3ef13ad6a80b5f,2017-11-25
19b9083421d73aac95bbafa1972dbc45,b25516225aaee75742ba090f74f31617,delivered,2017-07-15 20:14:20,2017-07-15 20:43:27,2017-07-17 20:07:45,2017-07-18 15:53:17,2017-07-28,ef5503ad4aa936ce7306d4f5664c8e31,2017-07-15
dadcb1104ce71e829a38e9157aef966c,080933fe6f300949c6b48b00732d5e97,delivered,2017-10-28 19:41:01,2017-10-28 19:55:08,2017-11-01 23:37:39,2017-11-14 18:42:08,2017-11-23,08f41d7a0e37794d8852fc796141e2e6,2017-10-28
b9189dcba2f5219bc348356dce47d124,35dbaf9c728f87f4d2f717370aa3eb43,delivered,2017-12-08 09:53:46,2017-12-08 10:10:43,2017-12-11 18:53:53,2018-01-08 18:48:11,2018-01-17,aeacbf096e13c15e194a027a97fcd4b4,2017-12-08
ece689b6d40d88ddb1a8de932fe6572a,cc6e42c563a93cee3aa22a189e539673,delivered,2018-01-24 19:08:35,2018-01-24 19:19:29,2018-02-01 22:27:54,2018-02-22 19:13:54,2018-03-08,b1449986ee6516d3797d782b01c36e80,2018-01-24
5a758a59824aea6222170f9aab45fb0c,433cd14199b043103e85cd46b7e4563e,delivered,2017-11-16 12:03:01,2017-11-16 12:15:41,2017-11-21 09:37:04,2017-12-01 20:18:40,2017-12-08,6bf9ed8d1f308973402be5de3bd85453,2017-11-16
e5d3a9fd67a092461d0a4e3feb145fb5,dcca41a026a2c9326ed70adf39220274,processing,2017-12-24 13:33:13,2017-12-27 04:07:00,,,2018-01-19,5fd4bfd3fe98adf62ac641f0459dc961,2017-12-24
11b4e9ae5ca811613824353594fa6044,03f0e10539f9f25c2614e50a42464f36,delivered,2017-08-30 21:47:24,2017-08-30 22:04:40,2017-09-04 15:14:48,2017-09-12 11:20:03,2017-09-21,ee59b3e5ddc6f6f92640127ef0c79784,2017-08-30
ad263bc9111c1e0cbb780c4b7c1009e6,990bde3076343bfd17ad481ad171ba5e,delivered,2017-07-27 22:14:32,2017-07-27 22:33:53,2017-07-31 21:56:58,2017-08-25 15:54:59,2017-08-30,ed110097b38e746ff14266740fc1bf49,2017-07-27
4208e0572e65c16a2f0baf86da665105,da72cc07bc64f329ef6a246774aea30a,delivered,2017-06-06 14:43:08,2017-06-07 02:25:29,2017-06-09 08:31:37,2017-06-19 12:12:58,2017-06-27,40e0f6f72760a2e514621ebfbb9171f4,2017-06-06
5876a929c1a82fd6e6d173c20ea90a84,cf8aad39a4385965193dcf426ae72686,delivered,2017-11-12 16:34:12,2017-11-12 16:46:35,2017-11-14 11:27:33,2017-11-22 20:26:51,2017-12-05,52c95c0f068623297869cd420ee2d631,2017-11-12
795c82851ecf97d34d24459d11a86a40,dff05c8eceda05173f9124e80e286170,delivered,2018-05-05 10:11:19,2018-05-08 04:14:31,2018-05-11 11:11:00,2018-05-16 20:17:37,2018-06-07,bc02a06ff7438f1c8247554ce5035faf,2018-05-05
9d078a66d307090b2efdaf4f656e885c,39e6b74713781e450f50760ba14e2bd7,delivered,2017-12-29 15:45:22,2017-12-29 15:52:27,2018-01-04 21:54:56,2018-01-09 15:09:50,2018-01-24,a80bef500b883d9fc5be3632f1c93be3,2017-12-29
abb045c9c602e1ea87376929b298b52e,d465ddfcf048829d50693a57b19774a2,delivered,2018-05-11 16:48:19,2018-05-11 17:08:29,2018-05-15 14:04:00,2018-05-19 16:04:08,2018-06-04,2b3b43f6d34ecb8df72b02c26154a51c,2018-05-11
1096a1eeabcd71f259a741685744a77a,95fd44072533bf3f63a80ae485cd0f47,delivered,2017-07-15 12:56:04,2017-07-15 13:05:13,2017-07-20 17:42:19,2017-07-26 13:17:27,2017-08-04,d73a0a99c82cf71eebd0766a8ea51ee0,2017-07-15
7583d4508d71f9aa7f656c86bee40403,b22b31f30e0506f75026a49e6ad448a9,delivered,2018-02-19 18:48:04,2018-02-19 19:50:42,2018-02-20 18:58:00,2018-02-21 21:09:15,2018-03-05,5f1561c35681a26c055d286a0c457b96,2018-02-19
2ae6d828f4cf351ecb662a1f2c30aa93,f1a9c96003c11814dc06fbe8f0ceed08,delivered,2018-05-07 17:50:10,2018-05-09 03:51:43,2018-05-09 10:09:00,2018-06-06 18:29:53,2018-05-30,28ced936365dafe4610cb58a5c9c18bf,2018-05-07
1bab677b9e102b60c7e4886e44d57a98,414e2ac71d455f634d69e610e2fd3b39,delivered,2018-07-11 13:34:29,2018-07-11 13:50:25,2018-07-17 08:58:00,2018-07-23 15:32:28,2018-08-06,4b574b50f96b492fe261cc9755359f27,2018-07-11
9a7d887bfce614393f07fa23c246e26a,4b7553dbf3a04e96d116743c937799be,delivered,2017-07-08 09:44:05,2017-07-08 10:03:40,2017-07-11 19:22:30,2017-07-26 20:56:44,2017-08-17,e7be9e1bdc69138c21bb5d597ca5dc5e,2017-07-08
c47922259d4b3e4ebabff76d8dbf3f31,0fb2d5ea71450c62f5a0c94c0fb18de9,delivered,2017-05-20 11:40:05,2017-05-20 11:55:10,2017-05-23 08:17:23,2017-05-29 06:53:49,2017-06-14,19f5169a88039aec61a15afe2b1b4e65,2017-05-20
a19276c07c1ec9208f52e764a44acaa7,7e9d165149e0c65112e2b9118b8e6378,delivered,2017-11-29 08:37:46,2017-11-30 02:26:51,2017-12-05 20:39:11,2017-12-13 18:53:11,2017-12-29,f7f7c86a6751896d012ebbe10e3fc6f3,2017-11-29
c2d771090d760b5ca0ba96a3c071c7db,20ef37d0d06b9aadbbb7b9598a22ff00,delivered,2017-04-01 20:41:22,2017-04-04 06:02:40,2017-04-04 11:05:03,2017-04-13 13:13:49,2017-04-27,8ec88157b776fb0db03a8e3d80098cf5,2017-04-01
93bd79ce4cbbcddae2963fd0c72d8f2b,b4ffb5777affaeab3b4ad438be89bb52,delivered,2017-12-10 11:11:52,2017-12-10 11:19:32,2017-12-11 17:19:01,2017-12-21 23:19:08,2018-01-04,2dcf68cae5be89c522fbc58b11161629,2017-12-10
8eb725aada1a0c4ee389c877da70d60d,72716c2ef0c1dd56d24fd84dc05a52c4,delivered,2018-06-07 22:37:37,2018-06-07 22:55:51,2018-06-14 13:41:00,2018-06-25 15:42:46,2018-07-05,3ce11e56c575217556cffc4ec725a4b4,2018-06-07
dd1130c58ae85a282c4cd0cddaccd0ef,96f28de095b89e2ea36a96baf583ac8b,delivered,2017-12-11 08:56:47,2017-12-11 09:10:44,2017-12-12 18:29:27,2017-12-15 20:48:33,2018-01-04,a23525d52048ec120a6c0020e16a0105,2017-12-11
fd66e6632b45c261fbb9b6f9ab74aa1a,bedf32ef7cc10f89d907bac55e87ebe5,delivered,2017-11-20 12:47:07,2017-11-20 13:08:22,2017-11-21 17:08:15,2017-12-04 15:12:58,2017-12-08,d18f976aec2b8c10592ed31e5ae31c9d,2017-11-20
32f1eaf64e65f64c1f57ef1612431740,7ee355befcd0785e65dd97657a04cd7e,delivered,2017-11-25 00:25:18,2017-11-25 02:32:49,2017-11-30 19:03:00,2017-12-02 21:03:50,2017-12-11,332d18ef239d76af987e26132e73d7ad,2017-11-25
6b78266e22c19ea2fd49f03f59ef7b47,2c7a3fd723b8a905d140f3da465d51fd,delivered,2018-05-01 21:59:37,2018-05-01 22:16:31,2018-05-02 13:25:00,2018-05-03 18:03:32,2018-05-16,f21652b1132f6c2fdd7fc8caf82a1a8b,2018-05-01
eae17f30c263c86c54a0e3e25bc68c2c,274806c300bc5cfe6d0b7f7ce78e40b6,delivered,2018-06-15 14:44:05,2018-06-16 14:58:53,2018-06-19 15:59:00,2018-06-22 14:58:40,2018-07-13,50d293cdefb3bebc410fa14371c253f5,2018-06-15
6d9f1e084075088c799d8294e1d7de68,75ac4603b7eef3b8782502ebcdcbb7b3,delivered,2018-02-20 12:33:05,2018-02-21 12:30:31,2018-02-22 00:04:03,2018-03-02 01:48:25,2018-03-12,e21df4d25b6fa4216c2f25bff216b4cc,2018-02-20
c6b196c8ebc671076bea1b0a7436d63a,58abd785d443ebf094b3a21047613fca,delivered,2017-08-08 09:41:56,2017-08-10 03:23:56,2017-08-16 21:30:03,2017-08-17 19:42:56,2017-08-23,265dcd451ef43594627c1cb2e245e03b,2017-08-08
3ebbc94bea59a7fe58bc005380016f89,824755e9d32c54bcbcce34caa2795dec,delivered,2017-05-31 22:11:51,2017-06-02 04:22:58,2017-06-06 14:22:51,2017-06-19 21:13:15,2017-07-10,62475ee7b039014d25c1adc31d9a0a4c,2017-05-31
eb1f3da7958fed6a49e424484ba5a659,3a729c5b77a295eaf97fcc59b35812b8,delivered,2018-02-05 21:16:55,2018-02-07 03:10:37,2018-02-07 23:14:29,2018-02-26 15:49:07,2018-03-09,2baf44511ddacd25a8e18ae83316576d,2018-02-05
40b1c90528443b00c5f0e9b35471aab0,938d7c6ca75d21eaead497f169ac197e,delivered,2017-11-30 09:34:08,2017-12-02 09:38:18,2017-12-05 17:23:29,2017-12-13 23:17:12,2017-12-27,56ebae6a617d81baac2e108387429255,2017-11-30
85cfaced617bb14d7aa5eeacad8c6ee4,afb0f17098ab2eff6209b100c0445bc2,delivered,2018-08-02 14:19:13,2018-08-02 15:00:06,2018-08-15 12:03:00,2018-08-18 18:09:01,2018-09-10,f69ee4b6d29ea03fff412f67af2ea65e,2018-08-02
7e6d0e5b8f1f04ddb5b183f33aec691e,cf7bd0afe75cb2a81bfb9068d7be48d3,delivered,2017-10-04 21:39:30,2017-10-04 21:49:27,2017-10-05 16:45:04,2017-10-10 17:12:33,2017-11-01,5ed98bb5a4cbbb632268fd60d9224b9d,2017-10-04
71878492905b9eb6912a662262b53614,59e9e313d8ad315f87096152ca093678,delivered,2018-01-11 10:54:31,2018-01-13 04:55:16,2018-01-15 20:25:00,2018-01-26 21:28:52,2018-02-01,9c889be285e01f7e1ee6d059b1672106,2018-01-11
591eeea2a5c1e61b86b952cda475385a,ed0e1816a16e9dc9276b3b6afc83daab,delivered,2017-06-20 14:53:28,2017-06-20 15:03:30,2017-06-30 12:36:00,2017-07-12 21:19:46,2017-07-19,9d317acb1c32146e752981044c0ea5bd,2017-06-20
90a2b2da168b833dcca42bdb705790c5,5a70fb925bf88748e2ce9e6ff1fa8548,delivered,2018-04-18 14:13:15,2018-04-18 14:32:53,2018-04-19 21:12:00,2018-04-27 21:12:07,2018-05-15,0ab255ef07d64b069eaba43466eb889e,2018-04-18
ca67b029ed798e97aaf9397c40fef499,cc0a94119a98f1c84c85dbcfc346a3d9,delivered,2017-03-21 10:04:46,2017-03-21 10:04:46,2017-03-23 15:26:51,2017-03-30 14:23:28,2017-04-07,5464f012a4f33dcc6c3b9fbeae2eeb4a,2017-03-21
637c53efeb8436b5bb339182ab5d03d0,91ee6b604bbe1b4be38efa35dcd7cb25,delivered,2018-08-20 10:52:32,2018-08-21 10:10:16,2018-08-23 08:42:00,2018-08-28 19:13:32,2018-09-06,51634e5b8fcab0ec45c753abfaf6a535,2018-08-20
4f77cfb31872d2f1c30def178961585e,8a346ad0d2bed49dd45fc37b28d06f9f,delivered,2018-03-01 04:18:10,2018-03-02 02:31:23,2018-03-02 19:42:27,2018-03-19 16:29:30,2018-04-03,164133bec0d572ddf77cd5dc7ab9c3c2,2018-03-01
abba5f10cc4fc60d330b2cf362306d1a,4d75283fa7a9224dafc28140b8a13f45,delivered,2018-03-20 11:49:55,2018-03-20 12:09:01,2018-03-21 19:16:35,2018-03-29 21:08:47,2018-04-09,5bc14c2233f3cbfff394f3dc8e77041d,2018-03-20
7090c88db4158f89d839c794cdd73272,edce8c7c09759f2efe2486aff649a7fc,delivered,2017-01-29 10:03:54,2017-01-31 04:32:23,2017-01-31 14:10:50,2017-02-07 10:18:00,2017-03-16,a7bbfaf8a288c45dc38d4693535dd63f,2017-01-29
ad4725342567809f8d0b8230394585d1,80bf2dc073c61bbc818115f50bf8cb15,delivered,2018-06-27 21:05:00,2018-06-27 21:31:59,2018-06-28 13:34:00,2018-07-03 04:04:11,2018-07-18,f3f0aa7cde3f96c260edbc77fc23b41b,2018-06-27
6c895a26a7b113a890c888e46f106907,55eaa25f13d0d25081e707fc622c64b1,delivered,2017-02-09 11:38:52,2017-02-09 11:45:32,2017-03-03 12:43:53,2017-03-14 16:22:24,2017-03-10,c74601008d7ec21da3155119b8ad7382,2017-02-09
cabb660c11fb7f6bbb5f454ea09c0b9f,72da2761ff2aeb6a4bf33d07ddf3bd35,delivered,2018-01-31 22:38:08,2018-01-31 22:50:32,2018-02-01 18:12:28,2018-02-05 19:12:22,2018-02-16,cc3f5d537772957f90b7f15f1fb70316,2018-01-31
89bba6017e2a96f939c1a9551b4ed4a4,abf82a5533cf7417c9b24f6697ec1d58,delivered,2018-03-07 10:42:13,2018-03-07 10:55:33,2018-03-08 16:02:52,2018-03-20 00:32:13,2018-03-23,9d4c479654879655f1d99efa49d529b9,2018-03-07
6500117ce488542dd566a25aac7a7d5c,feed83d6f5ab7f11166ca09074380dbf,delivered,2017-09-27 09:24:47,2017-09-28 09:28:15,2017-09-29 17:12:45,2017-10-03 23:49:56,2017-10-20,c3a86b8ee5a26467e20dfcef0c55e7f3,2017-09-27
da00a701a6b06de5995ee998ae82ce43,e33e568062286f43312d811a7ccf21eb,delivered,2017-10-09 21:58:55,2017-10-09 22:14:12,2017-10-16 18:19:57,2017-10-27 19:56:32,2017-10-27,95c90515ca5664c728498915df92b4c4,2017-10-09
baed86a91c339967d46120d4a10038fd,6c7d908512bdbfc635e6fafd6becf1c5,delivered,2018-07-26 20:36:16,2018-07-27 09:10:15,2018-07-27 14:18:00,2018-08-06 16:28:45,2018-08-21,f3c1a4339c9808d90eaf052274966b15,2018-07-26
644a4d69c39a2ed9ae0b84f27a442b71,60ba596d2961c16b7fb6da94f60f0f31,delivered,2017-10-19 21:43:25,2017-10-20 02:56:40,2017-10-20 20:33:50,2017-10-26 16:53:04,2017-11-07,bbf8ebcd136db1d2382c8af0715d4ca4,2017-10-19
9ac3961be44625036ccce3f47ad8aaa9,820cedae2b3e3671ecca1bfd514e9002,delivered,2018-01-30 20:08:41,2018-02-01 02:52:49,2018-02-02 01:32:12,2018-02-15 00:13:21,2018-02-22,38b32a1211126d62dbd3ccc586d9d743,2018-01-30
c7a7200ede6d21b5eac67705000af954,e12bf82749c738ad8e5fb1c11a50ebf6,delivered,2018-07-05 07:50:34,2018-07-05 16:18:00,2018-07-05 08:02:00,2018-07-11 19:06:57,2018-07-27,9ea47dbf1a5c94202514353c6cde0e56,2018-07-05
dc34d61bf65f9f7362aafd4fdc35d21a,99412ff66eabe1042d6ee2f1672929fb,delivered,2018-02-21 06:38:47,2018-02-22 06:30:21,2018-02-22 22:06:15,2018-03-02 00:58:45,2018-03-13,98502f9ae87ea23c7973845fe96286ce,2018-02-21
7dfc1b9142ff06ae86300fd5d601c74b,0645e6b17784d5955065584acabb7d25,delivered,2017-06-04 11:09:04,2017-06-04 11:22:28,2017-06-06 10:43:38,2017-06-12 14:04:39,2017-06-27,01a20270c305052404127be803843f2f,2017-06-04
72c6c412519423a1a046bd52a9db5560,becb0b270487c14db37a07a18278de85,delivered,2018-01-06 10:59:43,2018-01-06 11:07:41,2018-01-08 20:06:28,2018-01-23 19:29:11,2018-02-07,a762af4ee6ae9f67c1417c7b73166c70,2018-01-06
d622712ad2613e0e96681da439b83a8c,aa009a607c97e3f5ffd49ef9388ff1ca,delivered,2017-08-20 11:57:52,2017-08-20 12:10:23,2017-08-21 22:24:55,2017-08-28 20:57:32,2017-09-11,66ad2382ed6d90ffc6cba32eda895249,2017-08-20
78f74e94c8a2cebb5d569f483d54e8be,3a10423d6e0b168ef5611d79d3639ccd,delivered,2017-11-24 08:41:30,2017-11-24 09:19:33,2017-11-25 13:02:43,2018-01-09 00:19:11,2017-12-20,7034f37a1eb2804f0516f8dd43079110,2017-11-24
d1aa08ce1dda8d8c9fb022c9e67b496b,f4bc77282de3508bbec81bb1f8141584,delivered,2017-12-11 23:40:23,2017-12-12 00:29:07,2017-12-12 23:15:39,2017-12-21 23:08:51,2018-01-04,21af08ef10f59c706596e765903a2cf2,2017-12-11
2e97c9670a0854380fe1b37038d5799c,d307d19c3dadc0ff29b784a11264c30e,delivered,2017-12-03 21:35:37,2017-12-03 22:58:10,2017-12-07 19:07:16,2017-12-16 00:42:30,2018-01-02,70b45971e359eeb2aa33ade847a690ff,2017-12-03
ca17ff805d3509fc245f7b04f0db93bb,53fad88e309dbc92945290896ca10a9e,delivered,2018-01-05 01:23:00,2018-01-05 01:32:26,2018-01-05 18:27:01,2018-01-17 20:26:53,2018-02-07,7381903e3c149d4b2e49c0eb48197cea,2018-01-05
061a6c0d2222c7c9f49a21e108579b49,546c427cda01bf664853d185e4cde13b,delivered,2017-02-08 18:28:10,2017-02-08 18:42:51,2017-02-14 11:35:31,2017-02-23 19:18:37,2017-03-29,86e896dba6fdb74896219fde98a65bfd,2017-02-08
6dca57240c5cb67c2673be12f538a2fc,3cdeb0f3c53346d464ab1c2bbf768375,delivered,2018-07-28 20:03:29,2018-07-28 20:15:07,2018-07-30 15:16:00,2018-08-02 21:49:01,2018-08-22,f356168960fb1fd258af7cb49669bb04,2018-07-28
fcadcc442807c2370f7d45ae2bcce264,c9f4a3e9c7d357935a0e2e930d24ae71,delivered,2017-03-13 14:54:17,2017-03-13 14:54:17,2017-03-14 10:49:58,2017-03-17 10:48:41,2017-04-05,003e28cb6fab8a0901bff9229612375f,2017-03-13
7deef94321f75bede64577871cf3147a,70ae89551761e1b14b8bc6dcf2c117f6,delivered,2017-02-20 16:16:59,2017-02-20 16:30:11,2017-02-22 16:57:55,2017-03-01 08:22:50,2017-03-21,0f72305631ad93728b04ab3cd39ed948,2017-02-20
28b87f6df2b0f0ee88484a1e6f5ee3e1,ad763eb303d76b25fb70bcd724b4ce6f,delivered,2018-08-16 14:25:48,2018-08-16 14:44:47,2018-08-17 13:37:00,2018-08-20 20:07:37,2018-08-22,892b6a912f549f1a3114d2643e31ece6,2018-08-16
53dccb14668d654069cab1d78e4b13c1,99883bc0fdc4bd80b3f5b2526f7d66d4,delivered,2018-08-27 15:03:18,2018-08-27 15:15:19,2018-08-28 13:56:00,2018-08-30 15:22:05,2018-09-11,7d24858140d18c5236eecd0e2afef4de,2018-08-27
fc3fc4034dbe87b09fd9059966cb9b28,a32cf4f044238acfab8c098cb43bd3fc,delivered,2017-11-15 19:40:41,2017-11-15 19:50:33,2017-11-16 22:32:47,2017-11-27 19:12:39,2017-12-12,39207181d09af336c726e366defd7e1e,2017-11-15
424f49a13ecd3d85a37831b62e6a1d70,164eda7a0e5ff5a4e059482981f52eef,delivered,2018-02-10 11:26:36,2018-02-10 11:47:45,2018-02-14 12:51:40,2018-03-12 22:45:51,2018-03-08,0b3cd88a3a4cd7a710bb2c23e4c99904,2018-02-10
ab275e2c1b924e6f63d5edc630a56262,a1bcbdecd3fe55c7394b46785f758bf9,delivered,2017-03-31 15:30:55,2017-03-31 15:42:25,2017-04-03 15:17:42,2017-04-27 15:57:49,2017-04-20,ef7e5232545bebbb4cb612859324ba36,2017-03-31
188dd1b2a12d06a4d0ba5ca87ff47efa,815a5ec9b3714f461749e76844c5a8ff,delivered,2018-05-23 09:38:29,2018-05-23 09:56:53,2018-05-23 13:51:00,2018-06-05 20:41:58,2018-06-11,c211df0c18360ce2787da2d2b52de176,2018-05-23
bf16925092e978c7d8f30e217e7ca593,c2c7905a166ac611b0423c61ad03e7ad,delivered,2018-02-27 15:17:38,2018-03-01 02:35:39,2018-03-02 12:12:50,2018-03-07 22:45:54,2018-03-20,50b5a080b68f4a39e6679d4b4473d037,2018-02-27
e938a90514cd29b81f7e88eb8c918d12,ce5adc4a6936d649dc3c0757303dba08,delivered,2017-12-08 22:41:46,2017-12-08 22:54:21,2017-12-11 12:23:02,2017-12-14 21:36:06,2018-01-08,a3de27ee03b2524eaad00c76e9a54a15,2017-12-08
bdb9bdd2b7e7f7fa3429262ba9cfeca4,9c5a04b217ec8c874f1ef224f8847bf7,shipped,2018-01-05 21:34:39,2018-01-05 21:48:04,2018-01-09 23:47:35,,2018-02-07,6d018916b5735920ff598291edfa8c89,2018-01-05
a0123fbd74e1c68d8f3f46d14a07de6a,b4e3aa4a9b2853fedfea4ba1b3377b05,shipped,2018-01-05 22:50:53,2018-01-06 22:46:37,2018-01-09 21:59:01,,2018-02-06,caa5e4839989cbcf4c85518c3653d50c,2018-01-05
538cce8b584cc6b13e623e781c51b181,92bed6da42dd27bb0dc2fe3a7ab8a18a,delivered,2018-05-25 08:22:11,2018-05-25 08:36:54,2018-05-30 13:34:00,2018-06-06 19:36:42,2018-08-16,3bf92e7f2ae9ab83e9785e20c7313eb1,2018-05-25
3745b3f4f984381ce40a6804a2be23ea,a052d27ac6973583d6acbdc8049b6257,delivered,2017-04-02 10:01:36,2017-04-02 10:10:13,2017-04-03 14:20:09,2017-04-17 07:31:38,2017-04-28,ba0d6c598452b5d0c342543e341c1b3b,2017-04-02
da286fe249fa752e4b234df260764f06,4bc3f8a7ff21c10b55dda45c89ffc21e,delivered,2017-12-31 01:51:49,2017-12-31 02:06:54,2018-01-04 23:58:54,2018-01-08 22:43:12,2018-01-24,fe13bdee1203b9999677f4a42b9e89c3,2017-12-31
32c89d9ac47125b85e72ba219a4f09ac,0754629085f41398924535f8b337a630,delivered,2018-06-04 20:03:15,2018-06-04 20:12:01,2018-06-05 14:26:00,2018-06-13 16:32:15,2018-07-11,e8da63b2f86c44c750599dbe9d95b7d2,2018-06-04
d73bf025952ff50e52729bd60ba12f28,80ba7144e275fc24797e4516f48f2bcc,delivered,2018-07-27 11:24:55,2018-07-27 12:04:11,2018-07-27 12:43:00,2018-08-09 21:11:45,2018-08-28,e2542b47a9b6e0496e93085ca01f8c9f,2018-07-27
442ec78ed357a4b45b7a0a5b67c2f050,9cc757866e6bd3ba3424621b7da03624,delivered,2017-11-24 22:24:43,2017-11-25 01:19:32,2017-12-05 17:22:07,2017-12-08 19:03:33,2017-12-08,de8f484520989a234f125c529dce5ca6,2017-11-24
69cc23e617dbfab387624fc10fac7167,77c0e0ac4e38289361b25cfdb1845bcf,delivered,2018-08-08 15:16:18,2018-08-08 15:30:21,2018-08-10 13:51:00,2018-08-13 21:52:50,2018-08-15,4df4a8226c73e851c09983903c7b55e5,2018-08-08
62d9b911d7c56cf455f660eecb8ddd3a,be523244d4c82364537fea5641c2149f,delivered,2018-07-21 14:32:36,2018-07-21 14:45:09,2018-07-24 14:08:00,2018-07-30 23:09:35,2018-08-10,25e66904e50c1ee0399ee12e18678945,2018-07-21
fd26a8c8e3878a1147ba180d943c6adf,44c5f85df3f278cf885d8e9f3fbdc4e3,delivered,2018-04-17 11:14:00,2018-04-17 12:15:28,2018-04-19 23:16:57,2018-04-20 23:28:52,2018-05-03,0d8cf2b861ad6ecc42b028c4f951db6a,2018-04-17
2d40bdf3c32d416ae6d5d50e9e28e89c,605b4650a0933260a775e682717e2be2,delivered,2017-12-01 12:39:48,2017-12-01 12:52:39,2017-12-07 16:07:44,2018-01-04 18:15:34,2017-12-27,896283d8bc7fdff277edf09e539df880,2017-12-01
41e47610109145bc25aeee4c9fa9f9ac,e92b9d4a6308ebcd6cd5054b7772eae1,delivered,2018-03-04 22:30:57,2018-03-06 08:50:26,2018-03-23 19:27:31,2018-03-26 19:58:52,2018-03-29,765c789b0011dd6fd9e0eacdaa213dca,2018-03-04
1a93b2b046feffab15c313a7c3f73504,412c5e5d336f834a27b3eabf3797b1ec,delivered,2017-09-28 19:23:02,2017-09-28 19:35:15,2017-10-03 11:30:24,2017-10-11 15:36:43,2017-10-30,03f3ed4259700c7e98700f786d99a1aa,2017-09-28
e246ff67b33eec076f3bd915835fb531,7fad9e9ffba367c8aac8602606c9153c,delivered,2018-04-27 09:51:29,2018-04-27 10:12:17,2018-04-30 13:15:00,2018-05-08 21:03:39,2018-05-22,e1ad1fd9e59ec7ec1b59f6093171a62f,2018-04-27
d325a0e01c66fbb30ec849e5f49ef748,f2191c2991cc7d4049394a2f7e4b4ae3,delivered,2018-02-17 12:57:46,2018-02-17 13:06:46,2018-02-19 16:42:17,2018-03-02 14:26:47,2018-03-21,b15d7932f83e90d95c5eb50113925038,2018-02-17
af4b97d45b73e6581a7f25603d503efb,6a82cfc3d5cbf49c44d68e73d69f28f0,delivered,2018-06-11 15:49:42,2018-06-11 16:20:13,2018-06-13 14:32:00,2018-06-26 12:56:45,2018-07-12,bd91d3f89620d115b98a20803a390cc6,2018-06-11
0e3e9e19e36c877fbd3decb94152e837,cd014939a34b3661bfc51ed62a4ce149,invoiced,2017-08-15 21:09:16,2017-08-17 03:06:04,,,2017-09-06,df2b6f6f87c26ec6f0fdffbf9d82fafd,2017-08-15
8a8d67749f79cb235dfa50f5f4a809de,54bf961dd7993c42e63fed62f478f87c,delivered,2017-12-03 19:18:13,2017-12-03 19:33:47,2017-12-08 18:24:50,2018-01-08 19:47:25,2018-01-02,ee8af3c20dbad9ff44860cd78ea8056d,2017-12-03
2abe97fe40841c06d48dbde9d9df1279,59441e21de26688f409e5f0bc9aac3b5,delivered,2018-04-12 16:00:19,2018-04-12 16:10:20,2018-04-13 17:15:34,2018-04-16 23:46:34,2018-04-26,f0df8fbbf92cd4d2dfdd2dd2081a0f03,2018-04-12
b0a8cc8421eab80e4bc4bc3a92cdefad,7bd9480c95eedaaf65ce1ff380212157,delivered,2017-05-04 16:23:13,2017-05-04 16:35:30,2017-05-09 06:04:11,2017-05-11 11:34:47,2017-05-31,a75eb9d74a7e6f3a955ff5d663e8c74f,2017-05-04
6d85f03f010453a6addfef985314107d,293fbd6507fd41e12b04d9b33a93cf09,delivered,2018-02-03 19:15:43,2018-02-03 22:35:32,2018-02-05 18:47:33,2018-02-24 01:06:48,2018-03-07,3aab3edf4e82799a0b25ab1ae6ad999e,2018-02-03
aa120c892f79c1304455344f05773ac1,e4bcd01f073e48ced2ad06ecc560fff3,delivered,2018-04-17 15:43:03,2018-04-17 16:30:32,2018-04-19 22:38:34,2018-04-25 22:24:33,2018-05-10,b8265c1c085ef9be6f78ddb11c6dca00,2018-04-17
55513026666c6f82c0826942e4e17a76,c2cf9273cab08608ee3a10e38663d514,delivered,2017-02-27 10:07:18,2017-02-27 10:22:00,2017-03-01 11:08:32,2017-03-03 11:47:51,2017-03-20,5007b0ffbf6dbdcd1f5a1eee6f2b0730,2017-02-27
0b7ed5e5b6354118fdeec73b9f9fd8a9,85c864d898f25bc2b56b33d13aeae880,delivered,2017-06-11 23:27:12,2017-06-11 23:35:12,2017-06-12 13:20:38,2017-06-16 13:45:59,2017-07-03,14fdd103f3139376fee69c48bccd15dc,2017-06-11
26c2b0e7dd3eb988721bb042f783c80e,a02334ababbac97e012344f330e4fbb0,delivered,2017-08-02 08:58:27,2017-08-04 11:33:49,2017-08-02 20:33:04,2017-08-10 18:16:37,2017-08-28,dfe96ce580a21f177c1d85fe2c78e1ab,2017-08-02
abb6950b59e799ed4f6b82c5b2266983,a02b883bbb91ad13cacd6c487f78aed9,delivered,2017-06-08 13:41:20,2017-06-08 14:03:21,2017-06-12 12:21:03,2017-06-13 15:03:49,2017-06-22,ef71f5ee727d1f8ba9ed6f8fc6b479a9,2017-06-08
fa666f44d0e5c50dad23a1bc4a8c2a50,3bb157ebb211d52c0dcae0a1261d49d8,delivered,2017-09-19 09:28:22,2017-09-20 02:36:27,2017-09-22 20:36:44,2017-10-09 18:43:05,2017-10-16,f5d3f7d6508d52291134f9cd009eb354,2017-09-19
9f50c2639dfe5494951bc9d4d1a3ff87,443b534d0d27a8aa9a184d4869bcbe7a,delivered,2017-12-15 09:23:57,2017-12-15 09:34:24,2017-12-20 01:04:17,2018-01-08 18:29:07,2018-01-17,4071d48a2d0d0bf179c06fc42b962e1f,2017-12-15
ab2ba1e5a2f808d58d514a5e7a650b49,39df07b7dfdde505726e222f8c91d867,delivered,2018-08-07 21:26:48,2018-08-07 22:30:17,2018-08-16 14:31:00,2018-08-20 21:54:38,2018-08-22,bbd5a61ae4ac34313d9dc0bea566507b,2018-08-07
c16191c3fe1ec95b47261b2d7e0cf6f3,5e3a2c72ada2b3eebb4e370ef2da4073,delivered,2017-07-24 11:40:36,2017-07-25 03:35:44,2017-07-26 18:00:01,2017-07-27 19:59:23,2017-08-04,574fed86093033e28725831cc252bcc8,2017-07-24
6c30e2815eb0730bf19b705661fc46e6,0a4de0e3a98545d94306bad0e1133fe4,delivered,2017-12-04 21:02:30,2017-12-05 08:30:47,2017-12-18 14:25:21,2017-12-30 16:53:28,2018-01-12,cf386df397c876cb57d61a8d13de83e9,2017-12-04
14b4ad3f2983687b458e0118ab3c1d5c,3eb6cbde029f25aaf299368315f7c8e8,delivered,2017-06-07 23:32:10,2017-06-07 23:45:15,2017-06-08 14:19:40,2017-06-27 18:27:41,2017-06-30,fa024d305fc1efe7ebbabcc5f89ee6a4,2017-06-07
8f13ca9482f62f69781a1141ebad41e9,8909a5e872689bcd657af5acc104a3ee,delivered,2018-05-21 16:24:16,2018-05-21 17:33:51,2018-05-22 13:51:00,2018-06-07 16:04:12,2018-06-05,988cd3791af10b87936f81ffb2f18a90,2018-05-21
02e15a348e5f7ae74cd23e7904095aee,e4f455e7f3768d5ef4bc4deb24a65a30,delivered,2018-04-02 16:07:39,2018-04-02 16:30:30,2018-04-05 15:40:51,2018-04-10 23:58:36,2018-04-23,3a3c4efd9d7b18393b6d774b9fc5a0da,2018-04-02
aa9ad68979542c3f8ed32282cafdc50b,a3daf46a16efe357bd0805ae760246cc,delivered,2017-10-11 12:15:07,2017-10-11 12:28:29,2017-10-13 19:57:41,2017-10-16 19:59:54,2017-10-25,838f7d52022dc0a6b56432af33155111,2017-10-11
4e743d407939e965ac0b7bb694e67eed,c2732a928751eaab8cb1e80e6d0a05a1,delivered,2018-06-01 15:20:48,2018-06-01 15:31:52,2018-06-11 14:24:00,2018-06-20 00:58:45,2018-07-18,e5f54c5adf3d924359f93f0285661e7b,2018-06-01
55da0b4274a986c801b561481e1d6c78,8e014954315587b9b209c0f581dde918,delivered,2018-04-23 13:18:09,2018-04-24 18:00:46,2018-04-25 01:11:22,2018-05-04 16:43:55,2018-05-21,cb9f5b7e9dbb23e948a482fc6060b4e1,2018-04-23
5f5c63397b4ecdb2e1bdb739b8b667c1,deebbba0098d787e7531e7b18760bfe8,delivered,2018-08-21 16:08:39,2018-08-22 04:04:23,2018-08-23 12:45:00,2018-08-29 18:42:39,2018-09-26,c21046e84e00a13cf813c70ebf1acf25,2018-08-21
a4003270744e89d81a5b5b0a2abce572,daf9d77d7d4c32c763dff0b90f4510c3,delivered,2017-08-25 15:11:41,2017-08-25 15:30:17,2017-08-28 20:58:08,2017-08-29 15:58:12,2017-09-08,9a65b9daafd512066e5ffb4c1d7799f1,2017-08-25
83649f5bef804caee20776fbd535d29d,a908befa9ea7b16082eb0b5fe34c6143,delivered,2017-10-18 21:52:56,2017-10-18 23:28:17,2017-10-24 18:28:01,2017-10-30 19:40:04,2017-11-06,2602db975b0ac71568f8a27bbec63c2a,2017-10-18
290d464dc4d780ddcd120552cf21c640,d34922703108424a82c0905c11cb8cca,delivered,2017-09-24 15:18:45,2017-09-24 15:30:18,2017-09-28 17:20:03,2017-09-29 17:07:53,2017-10-10,2efdab402b57b0040f1f04c74cf3bef3,2017-09-24
9afe5940008858a4ff8a097632648429,22ba5362ca082f57f101cef1280da84a,delivered,2017-12-02 18:55:25,2017-12-02 19:10:48,2017-12-05 21:06:05,2017-12-07 16:59:08,2017-12-20,359a1bc7f1271d65dacc91e98fe3e46c,2017-12-02
3e226f225a5d4584d0bce05c962f6adb,9478e8ea0d3f3640a537d8a0ea237deb,delivered,2017-09-13 19:41:41,2017-09-13 19:55:11,2017-09-15 16:08:01,2017-09-22 23:17:52,2017-10-04,50cd97d731f3f5e3f321673c2671a23d,2017-09-13
b6cc0551cb569413dd9b470a5d485bf1,bb35f027f428fb5701c11d3dcbcb86a4,delivered,2017-10-24 13:32:50,2017-10-24 13:49:23,2017-10-30 15:14:26,2017-11-07 19:21:36,2017-11-21,554d8fd589c929946a3926e67a0f72f8,2017-10-24
75acfc4ebfc9ddb503a29002b31d8d80,46b4935e012e89972a35d8c39ed05ac3,delivered,2018-05-11 19:22:03,2018-05-11 19:37:37,2018-05-14 10:32:00,2018-06-07 18:48:47,2018-06-07,5cbc208c3c4c9a4c7bb48a44b00e53cd,2018-05-11
98fc1e61ed8365390681dd6e6a346133,233b893bc3552e17057e09914caf018c,delivered,2017-11-24 00:25:55,2017-11-24 00:57:08,2017-11-27 15:41:47,2017-12-02 00:10:27,2017-12-19,040875d34dfc46856372e6beaabf5505,2017-11-24
d57bfb04ec74aabf320e6e62442a28cb,d526e3825a9a2db7b54ec64abf1c57ec,delivered,2018-05-17 20:53:34,2018-05-18 04:15:15,2018-05-18 12:45:00,2018-06-06 22:28:40,2018-06-21,a55bb467166e95bca3fe4acd0e769d49,2018-05-17
88fd40c08e056f063360d1d8cbd99e2b,78ba43e33d02c804740925f29aa3c870,delivered,2017-09-17 22:21:47,2017-09-17 23:20:30,2017-09-18 14:48:10,2017-09-25 18:36:39,2017-10-04,dbb3dc3fefaa02ba60a551e146282fad,2017-09-17
014405982914c2cde2796ddcf0b8703d,2de342d6e5905a5a8bb3a991c855f3e2,delivered,2017-07-26 17:38:47,2017-07-26 17:50:17,2017-07-27 19:39:52,2017-07-31 15:53:33,2017-08-17,e8d87ee946600f7753579a074fbd2d5d,2017-07-26
ee6c0c64fe661230879a8491ce7dac76,54f0d9edf7462c205cbba39b9fbab0b0,canceled,2017-11-08 00:11:54,2017-11-08 01:26:29,,,2017-11-22,f96e912268b0e5fc5f81bf5670bbb766,2017-11-08
905b8129167452d5eb4b1bc006bb3bf6,f7b95256f6f7513e05931fd394deb33c,delivered,2018-03-19 23:08:31,2018-03-19 23:28:15,2018-03-21 20:32:15,2018-03-28 13:03:56,2018-04-06,af4a18e108ea1e58da4d7e49f1f41027,2018-03-19
975a0290ce9c9359576f69b6e00799cf,01d190d14b00073f76e0a5ec46166352,delivered,2017-11-29 00:11:03,2017-11-29 00:19:27,2017-12-05 13:32:03,2017-12-11 16:57:06,2017-12-19,2e5dcf79b225e8d1673671db21933168,2017-11-29
32fd10a6af41f9d4fe5e11b25a0788df,dffe8d3fceb5181638fb7e0060d529f9,delivered,2017-11-14 14:45:22,2017-11-17 04:15:47,2017-11-22 15:19:56,2017-12-18 18:42:17,2017-12-08,0703cdfb7e223593616cfde9fb99b407,2017-11-14
db0f06a2eb744ec1600b4c90f1df5ded,9c96e21ca1d4fed3cd902dd77b9fca5c,delivered,2017-06-05 08:57:55,2017-06-06 13:23:15,2017-06-08 14:19:16,2017-06-27 14:45:46,2017-07-06,b816c3f833722212e7dd706e07292a0e,2017-06-05
b67c515c4ce95d8b4b79cce37eaf9e23,40ab1870554d1cdbf256d2610aece700,delivered,2018-02-07 08:38:51,2018-02-08 07:55:24,2018-02-08 20:22:04,2018-02-17 01:19:00,2018-03-14,942b02e802a4dd2a3c87d82522b02ea5,2018-02-07
e5454c2facaa42d8fcf1a1c5ab585666,c577a3560a4ef759e583df6ba85764d4,delivered,2018-03-13 18:49:26,2018-03-15 03:16:20,2018-03-19 17:22:29,2018-04-06 17:19:05,2018-04-10,9f4d01541a4f4810af5622a067a9b873,2018-03-13
7955932652dd77da3bc7f63d87502949,6cdcee40c0e4647550d48eadfe708403,delivered,2017-12-04 09:40:05,2017-12-05 11:08:39,2017-12-07 16:57:12,2017-12-26 21:14:13,2018-01-04,4a1db542e9b698e15e46ff957a6cb30e,2017-12-04
a4c669715198e1c9b87995ff9da64ee5,412dc9ce85f518db3db97b155aa0924f,delivered,2017-11-02 17:25:26,2017-11-04 03:15:23,2017-11-08 18:51:39,2017-11-13 14:46:56,2017-11-30,745d1fa7ffc6955390e69f1e8c80fdaf,2017-11-02
6f4719ee5e7d76f4a81d919ed3927f89,2764c69742ee4a74dfa5bceb26be7536,shipped,2017-06-25 16:49:51,2017-06-27 03:50:27,2017-06-28 11:37:56,,2017-07-24,949d6ca827b567dda575b11359eee6b9,2017-06-25
c0d51e9a78ec5b240836342d1ada7d1c,e0ac205752138fe132560b033be7f9d4,delivered,2018-02-23 12:46:42,2018-02-23 13:10:10,2018-02-26 15:42:52,2018-03-10 13:26:50,2018-03-16,661d61e36af76f870eb3ad6c7b8199ea,2018-02-23
8260ced16669ee5a61ca903988b3e0b0,043dcc3db797a03b132fb63e753c309c,delivered,2018-08-05 21:50:52,2018-08-05 22:05:20,2018-08-07 15:22:00,2018-08-13 23:51:40,2018-08-23,8744de9f480f186339de214056d422d7,2018-08-05
49647412596db97b7d3b1b7140d380dd,20a38eae4d019909633a769ff6b53402,delivered,2017-03-22 14:20:09,2017-03-22 14:20:09,2017-03-27 13:04:54,2017-03-30 15:27:10,2017-04-24,f4bc33982427b02fcc0939cd98a85fa6,2017-03-22
e2ee779edcba1ef236bcfe0260dfa5d5,81f10b625ff76949f3d454776b55ce31,delivered,2018-01-29 19:37:34,2018-01-29 19:53:46,2018-01-31 14:23:06,2018-02-15 22:55:07,2018-03-08,1eeab563ee7a786bff818839874fba3f,2018-01-29
7ff6698abef65b2c5105240280827312,ef5ec7047232387bacf5052c5de7e4b0,delivered,2018-06-20 17:18:05,2018-06-20 17:41:41,2018-06-22 14:07:00,2018-07-02 19:51:02,2018-07-19,f1010979003575c284e304f3e48a5611,2018-06-20
843ad442f1f401e52f43a4b176e211fa,07aab738b58fc42a719e00167d13a7e6,delivered,2018-06-11 00:49:12,2018-06-12 04:35:51,2018-06-15 14:48:00,2018-06-27 12:32:13,2018-07-17,f81cdae246bae1435b5fe3fcc18a7d04,2018-06-11
c78ef951d29d8e1af5f1f807a64af309,04d70d1856e89f6f07b217728eca4daa,delivered,2017-12-27 00:22:18,2017-12-27 00:34:19,2018-01-03 20:23:32,2018-01-05 17:14:24,2018-01-16,6b80df9379b85ebefdf9253f2e6bb188,2017-12-27
bf12f28c7dc6d25a5427ca0ceebff36d,a0e89f9dfbebeadd73de6bb72471decf,delivered,2018-03-20 15:14:17,2018-03-22 02:55:40,2018-03-22 21:54:52,2018-04-04 16:12:39,2018-04-13,984fd675c074cd34f649e41cc5315749,2018-03-20
1fcbc88015c88c1a14d4b8ec35ea8ed7,71daf4742c71b01ee39793dc973b5591,delivered,2018-06-30 14:37:39,2018-06-30 14:50:14,2018-07-03 06:02:00,2018-07-14 11:44:29,2018-08-08,6bf558c1aae5004b6a410c3294c5e119,2018-06-30
b4580174bbfb1dacc6e2cd89251d842a,25fcf13e3c9b675d599bc5c4ffbc8398,delivered,2018-08-25 15:44:41,2018-08-25 15:55:21,2018-08-27 15:02:00,2018-08-30 14:32:44,2018-09-13,e9610db1ce903b47ea5afa0927762873,2018-08-25
a9eec1b45478f7ed063439b8f7506807,2995f8ff3dd359e487a35225923d8ca1,delivered,2018-03-18 11:33:08,2018-03-18 11:47:45,2018-03-21 18:38:52,2018-04-10 23:38:36,2018-04-09,c4bcf5edf1465db8a5400f8d4dd601a2,2018-03-18
5c12a7dbc8a84fd45bcd6c752b0f39c7,291d88320a4586c8102b11eb0cacc89e,delivered,2017-08-15 00:39:44,2017-08-15 00:55:13,2017-08-15 16:40:22,2017-08-28 17:03:28,2017-09-06,02578a30eaf25ecf087a3728dc04b85a,2017-08-15
76a2657666ce6a681245c40f6e019f02,d9f0bf605d60943108b07783e16ff7a3,delivered,2017-10-20 20:34:31,2017-10-20 20:49:07,2017-10-23 21:36:01,2017-10-24 19:42:22,2017-11-01,2d505c0dbd996241a15fbef71ab4a19e,2017-10-20
c08e5df1a92601e1670f2c5a1f505120,e12c964a270185697ed15ce5f489b10f,delivered,2017-12-14 23:20:30,2017-12-14 23:32:58,2017-12-18 18:32:04,2017-12-20 00:33:54,2018-01-03,34883b71c8099935515317f13c79b47a,2017-12-14
a3b927c51437337e77444db1bb825d6e,82d6424cf3f62273074a1c5a3b4ca8d0,delivered,2018-01-17 14:16:43,2018-01-18 02:11:55,2018-01-26 17:19:10,2018-01-31 17:27:10,2018-02-08,ac520ec12ca64a4dc712021df456d5b8,2018-01-17
105c8065870ce3813b08dd00d41d5d80,a6e53fd515f3e439c4fb6b8eb53b8011,delivered,2018-01-16 10:30:29,2018-01-16 10:50:40,2018-01-19 20:50:03,2018-01-23 00:33:31,2018-01-31,20929c5feb25fea6f4d43888632a8e4b,2018-01-16
7040178baab72ebdfd434cb84ff6e863,47991a53433aaa66f7847608c1fdf716,delivered,2017-10-13 11:01:58,2017-10-13 11:14:27,2017-10-16 12:36:05,2017-10-19 15:15:13,2017-11-06,504c50c33f84b78f26c028f2f8e4a860,2017-10-13
90ee8b2a22737bb4eec65899b343eedc,2f4cdad5a9d7f771f5f8998c29e14072,delivered,2018-04-24 12:20:53,2018-04-24 17:10:42,2018-04-24 22:42:12,2018-04-25 22:51:24,2018-05-08,9d0750265fbae4a9c5195ece2153b3c7,2018-04-24
646484e2931fb5d965e847f865fbc26a,5c8e83c881311741e0b462641ae02f0d,delivered,2018-05-10 10:30:41,2018-05-12 03:32:32,2018-05-15 14:44:00,2018-06-17 14:18:46,2018-06-01,36128496a8835d7db5a8b51f0bba64e2,2018-05-10
1c3d1315dc72229743f547e636541c97,a98edc8907c8aec05461c4401ae51f28,delivered,2018-01-25 13:32:33,2018-01-25 13:50:16,2018-01-29 20:57:52,2018-02-10 01:38:42,2018-02-20,590bacd5d320c0e7ae7793794866e060,2018-01-25
21dcd7ede33a335560d594e78f70499b,83829af919c82f52ae2a979182c900db,delivered,2018-04-24 18:30:34,2018-04-25 03:30:19,2018-04-25 11:40:00,2018-05-02 17:32:59,2018-05-11,41f28f024fc040a000297f55bd8c985a,2018-04-24
ce1ff723c906d3afa568e154b0a0b303,6a19ac84bf2726d10dd11c0c7c8bed3f,delivered,2018-07-24 07:04:19,2018-07-24 11:20:26,2018-07-27 10:52:00,2018-08-02 21:48:48,2018-08-16,e3f91f34da572decb4ea3f8cb2283f11,2018-07-24
6c54ede964379de26323adc42faab3d1,3bca6195513d7192d71d05f86496d6d5,invoiced,2018-05-17 16:35:44,2018-05-18 16:35:29,,,2018-06-05,42faa104cfd94b3552f4dff8eb28a722,2018-05-17
fd6822aef9479a47f192820b4a22dd96,c1d8293d24b7d25f4013a6f416e02850,delivered,2018-04-27 10:08:55,2018-04-27 10:29:53,2018-04-30 13:43:00,2018-05-08 22:30:58,2018-05-28,e05045ca32a733892ad912bd0fe64488,2018-04-27
f7b36c01be1079bc109e367668456ea9,ca74f87d0fa45cb393e5189fda923655,delivered,2018-02-04 14:21:21,2018-02-04 14:35:31,2018-02-06 01:54:39,2018-02-21 21:58:55,2018-03-08,245d26278365b988453ae961bd473817,2018-02-04
90594e2a39ba4a93cae555437837e9a0,57177102f8cf83694e6a7300df6471a3,delivered,2018-04-01 17:28:15,2018-04-01 17:47:49,2018-04-03 20:24:58,2018-04-12 23:52:28,2018-05-10,f4b66443571595d4b3f236d0952d95c6,2018-04-01
e545a4381abd22871120cdfbd0c97a8f,fad69355802964d3c508ebd4f5db9b3c,delivered,2018-08-16 09:02:04,2018-08-16 09:15:22,2018-08-16 14:52:00,2018-08-20 22:18:32,2018-08-27,a74743ec8de47aebda376d7e00a69739,2018-08-16
02b09d03f22e1da491e4d578a0bc3f90,9ad2ff61802821ec369d655bc8482e00,delivered,2018-03-05 12:17:21,2018-03-05 12:30:33,2018-03-06 23:22:17,2018-03-14 01:50:48,2018-03-22,b7b68a8bb6ca48aefdd5790e04cda817,2018-03-05
c576c7d1b3c8437dfb227e02746d74e9,d50130bd392422380ee8db61b124eddc,delivered,2018-06-22 08:09:31,2018-06-22 08:35:38,2018-06-22 13:37:00,2018-06-25 23:22:36,2018-07-12,a47fd97d0acd9f9c6aa694456b9e1285,2018-06-22
aa9247a7a8a840b9bc4a0755c1c8485e,157763cb611b9630c2e521ddf7465ae6,delivered,2017-12-21 10:33:45,2017-12-26 11:27:55,2017-12-26 21:22:47,2018-01-03 23:28:53,2018-01-16,d077b4d7ea60c80e3b046ca8f8957964,2017-12-21
02d0cd05f04ab2e3c1acc473b0abc865,7a8cd6b234a923bf3984d793b0b64154,delivered,2018-03-25 14:19:18,2018-03-25 14:30:49,2018-03-26 22:42:17,2018-05-16 12:24:28,2018-05-03,0fd78845b572a38abebfb7418be19650,2018-03-25
585350d8134c384f89524f203b747ee0,b274e2df6d5357cbcfa595b3addbf3d6,delivered,2018-03-30 00:46:41,2018-03-30 01:30:12,2018-04-04 04:21:50,2018-04-06 21:08:06,2018-04-16,7b3c37a9b620edaa9d0e05062f90459c,2018-03-30
daf485798ac9032e3dfa16ee39d2d75c,d90b0cdbc76f089f7aa17c6b5d3d5615,delivered,2017-11-21 17:50:04,2017-11-22 02:56:30,2017-11-22 20:54:37,2017-11-30 23:46:48,2017-12-13,08634c8b4eb69f90baacc97a295788be,2017-11-21
0ad0daff42cf44b50d0bac4c64722e4f,19970def56bdc13635f5591fc47a3727,delivered,2017-04-30 11:27:15,2017-04-30 11:35:19,2017-05-05 13:58:06,2017-05-12 07:07:51,2017-05-25,2da9c684118fafce96940108437b2480,2017-04-30
138d22c05c5e456f19bdc7dcf09b89aa,7b3f5e33cc06406a59d69da8df6494e0,delivered,2017-03-22 06:13:55,2017-03-22 06:13:55,2017-03-24 16:03:40,2017-03-31 13:23:12,2017-04-10,4b0ce176c4c671a026f279a240979618,2017-03-22
1a9b9f5f7c4ed24f0e1e7c19cc9510a5,b2c85d49babd60f744c7f30e9d23fafa,delivered,2017-03-08 21:11:42,2017-03-08 21:11:42,2017-03-13 08:07:23,2017-03-31 12:24:37,2017-04-12,a854d45312665931c0af7b892f6d0e88,2017-03-08
43070b94b6d741a764e8e1ba4a2ea91d,373facce3e17d33fec7df11c961c6ff1,delivered,2018-05-22 20:33:27,2018-05-22 20:56:49,2018-05-25 14:24:00,2018-06-04 20:52:31,2018-06-11,c27fe69be20acb0c44a690e39d19ec07,2018-05-22
efdaf1dc3d38b68061394b681ca45ff8,ef7853389475cd296ce1a01dda4babd8,delivered,2017-07-23 18:33:21,2017-07-23 18:45:15,2017-07-24 19:56:41,2017-08-04 18:22:23,2017-08-29,f45ea548ca34da9db74d3bf96796a880,2017-07-23
f7485abcf1f560757db577b02f448bcc,40d73d7b16901d42c23c50e9c770720e,delivered,2018-06-05 09:31:33,2018-06-05 09:51:34,2018-06-07 14:02:00,2018-06-13 17:18:44,2018-07-24,1f76503cb2700243314d3c1986bf251a,2018-06-05
8eddde296db4009f424c7a91011b7be0,76ffdd319555663e8a28ed983516ca28,delivered,2017-06-06 11:28:05,2017-06-06 11:35:13,2017-06-09 11:38:58,2017-06-28 16:04:12,2017-07-27,51d121ddc025c1b70f8f62a1b727aecf,2017-06-06
d87d66c849378ef6a1e7a835e8e291f6,84f4b2b20674536fd92af8f81a3cb87f,delivered,2017-10-02 21:39:37,2017-10-02 21:56:25,2017-10-04 08:36:02,2017-10-10 04:24:35,2017-10-27,2a93b72166bf68a02a8592093c01359e,2017-10-02
533332b5a2d62c83b06014f8639e680e,251b5b179395208f3fe1c8f5cb34a5d9,delivered,2018-03-05 07:28:42,2018-03-05 07:48:29,2018-03-05 20:54:32,2018-03-07 15:57:43,2018-03-15,5005b84532904c817088de00a92116f8,2018-03-05
7159096c5aa9be77f7f0c26c01ee9793,d8f3aacf5cf5ddf9ceef4ad39e874c98,canceled,2018-03-15 10:06:35,2018-03-15 10:29:39,,,2018-04-06,0858c8086ef3b4bc86fef82638bcfa52,2018-03-15
c478aa87a01bd4882dec6d81fda7897e,b598067288f42e1d97eeea14bd3cd988,delivered,2018-06-01 16:44:06,2018-06-01 17:13:12,2018-06-04 10:55:00,2018-06-15 18:15:50,2018-07-12,568273c407095bc5edd5595b0c6cb799,2018-06-01
2bac0e4ee630644314f550d7c72906b2,b1f9e981c87fbcdd97d9399bc256d494,delivered,2018-01-12 18:43:34,2018-01-16 03:34:34,2018-01-18 18:42:42,2018-01-28 16:18:47,2018-02-06,285d8e5bc1a06f976eb3da114f347758,2018-01-12
cc737f6057a400beb02b2cb82d476eae,6c9a1c38521724d0ccc935a234823e55,delivered,2018-01-03 20:41:11,2018-01-05 02:33:36,2018-01-05 18:56:48,2018-01-08 16:18:33,2018-01-19,3c9a745589c9169a3aa07d85f9e73453,2018-01-03
b2fb15f025928415eebbfd3132b0dfbc,47014bb0e74e35a5b83df78c45f41c32,delivered,2018-05-28 18:01:46,2018-05-28 18:15:15,2018-05-29 13:11:00,2018-06-07 16:02:46,2018-07-05,c0290b1feb7aabd93bb97cde3a0e8a58,2018-05-28
8f718a20b0ffe6ea4f025668047da0fb,9c38417c91f0628f510590382a63ece6,delivered,2018-01-08 17:18:27,2018-01-08 17:31:22,2018-01-09 15:34:39,2018-01-16 21:51:28,2018-02-14,0db51d5f328701ad563f7cca6b3b73d1,2018-01-08
d4d2c321f31001c74f7d891f173a277c,55d413947e32a818250f7dd43cf39704,delivered,2018-02-10 09:04:40,2018-02-10 09:15:21,2018-02-14 16:18:01,2018-02-20 00:05:59,2018-03-08,2f94122ccfc8816b677ce4a9b5afd2b5,2018-02-10
daf8742a55a82df5518ff49094a4829b,ba9de766537f34cd0372529527499f9a,delivered,2017-06-04 20:54:49,2017-06-04 21:05:14,2017-06-06 18:15:25,2017-06-08 16:22:14,2017-06-19,307a8534b805468c913d02278e43dafd,2017-06-04
0fd3cee523a106ac501c4cf18f56a4de,c41bb9b32eecfb353668815360270496,delivered,2017-01-14 17:44:58,2017-01-14 17:55:18,2017-01-23 15:22:11,2017-01-30 10:43:29,2017-02-15,edf8176bda73a45c6a47235c7a7726b2,2017-01-14
c97b96669af0b8d42bb6991c545614c3,39ec404a2e815f1d1a700c3df2aba180,delivered,2017-02-23 15:29:01,2017-02-23 15:42:20,2017-02-24 13:24:37,2017-03-01 13:17:39,2017-03-16,23f36cda3ca02d84ca2007d39d66d104,2017-02-23
0ba4b12916fc52234012c61ed7ebce94,73e1d8182bdefebf6613a9b73abb0505,delivered,2017-10-19 23:03:56,2017-10-19 23:26:29,2017-10-20 18:32:11,2017-10-26 20:22:14,2017-11-07,ac94b0426cf12741dbd4c0138a2afa73,2017-10-19
ae4685fb3fe658944477ea4a3b287818,79c139ffc2cd6104c31591f80b0b8a82,delivered,2017-06-27 10:46:52,2017-06-27 11:05:26,2017-06-27 13:01:33,2017-07-04 13:55:44,2017-07-19,c87027e0be9e1fe15b660141f15d7ca8,2017-06-27
f668e8674ac35dcc80c2c00708daa430,95d4a8aad28fc10255379db381d7a677,delivered,2017-12-15 21:26:36,2017-12-15 21:39:20,2017-12-18 15:54:36,2017-12-31 12:28:47,2018-01-12,42ea008f47204c06a6de17c5231f2e9a,2017-12-15
5ea0678e7b34c19e5ecbcdf8a3eacea2,b19259d1e65e64d1ca6f6c16001634a7,delivered,2017-03-13 21:13:46,2017-03-13 21:13:46,2017-03-15 09:49:47,2017-03-20 09:03:35,2017-03-30,c6bae494a07dea6997f53f4dbd06039c,2017-03-13
5e73dbeacaf58a36b0b285b218313792,5510cf3ae5b05f9f7d9e73aff3889e91,delivered,2017-08-07 11:38:23,2017-08-07 11:50:13,2017-08-10 18:42:19,2017-08-14 19:35:01,2017-09-01,5394f81042dcb49bc8a7068869cf319b,2017-08-07
0166ae6ff6d450bbac3eb4ed2885c0f8,a3347136bb1bbf91baf78c0972e1f3ea,delivered,2018-06-21 13:30:54,2018-06-21 14:00:04,2018-06-22 11:34:00,2018-06-23 13:46:34,2018-07-11,507fce5023bb08327ad3d22108910c31,2018-06-21
a87b470c41fa3b8f3fc5280ebae30da4,2667bc80c6ede888b1ab84093e1e1a14,delivered,2017-12-17 15:42:23,2017-12-17 17:13:45,2017-12-20 22:04:02,2017-12-23 12:21:39,2018-01-05,c8e3b021db795adc6f3b09a44345b18e,2017-12-17
8afada74ea69f220081870b340ddde98,176e693c03b12688d3f796f73a542508,delivered,2017-05-13 20:05:21,2017-05-13 20:15:09,2017-05-17 08:34:48,2017-05-23 16:44:06,2017-06-02,ae291900d1d4c67025b6e96fdb0474c9,2017-05-13
a3a38cd51c4d299f206bc73c6daaf2b9,7d68e1861e0a36c2876e702fec92adf0,delivered,2018-08-19 11:55:56,2018-08-20 11:32:03,2018-08-20 12:29:00,2018-08-23 10:18:24,2018-08-29,059e7585d8fcd2430a33375bdbcbb990,2018-08-19
5a8a26a982045e5cd9d257b5fdef75c9,77f128633c92a6243ea55349236b8c23,delivered,2017-04-25 22:17:39,2017-04-27 13:33:28,2017-04-26 21:33:39,2017-05-12 12:17:48,2017-05-17,9778c20d04e3ca45f1faf2bf86dd7cc3,2017-04-25
486fed80178943ecdec90413036af979,18c30a4de034e640a9c6b0b08a756ae9,delivered,2018-06-12 08:23:51,2018-06-12 08:41:50,2018-06-12 11:13:00,2018-06-21 12:32:03,2018-07-05,74798b1ceb57125a2fa0b088f0e811bf,2018-06-12
875ab1a09eb128fa4a3bcedabfb42df6,a315d6e7a55b81d0e0f794bb1e08b729,delivered,2017-12-01 16:16:35,2017-12-01 16:40:35,2017-12-05 23:58:46,2017-12-10 14:03:07,2017-12-28,7c269c094eb72fe67154b16e18f88ec7,2017-12-01
27dd7a0387216be808ff97f5d2cf5862,4ad7136fffe9282d54b70dddaadb8181,delivered,2017-03-07 19:14:14,2017-03-07 19:25:22,2017-03-08 14:57:48,2017-03-14 05:27:52,2017-03-27,ec368b528a185643063dcb2d44e89155,2017-03-07
4d5abe7999d76d1fb6237d3677706af0,88aac7b0942dcdb41ebabf7811b106fc,delivered,2017-11-23 18:13:30,2017-11-23 18:55:39,2017-11-28 20:07:50,2017-12-19 08:58:58,2018-01-04,2a4b1192846ec238d62df3838257bad9,2017-11-23
2dad0e5f5e49de74d7d561dd6fd726cb,8a326e7047361f829ca979a7d532d1b4,delivered,2018-07-29 23:39:17,2018-07-30 18:31:12,2018-07-31 13:53:00,2018-08-06 21:41:17,2018-08-09,fcb4153eee858c085c357f0511e0e520,2018-07-29
c4e6c7d111d17798aa897ace9fdb33f3,639702fc05e25649d160ea04264a8155,delivered,2018-05-30 11:40:12,2018-05-30 11:50:20,2018-06-05 14:15:00,2018-06-16 17:20:42,2018-07-26,62c485cfd5b04c8030d66cc70649d574,2018-05-30
46f4f24ca77f8bccb2d56ad99d9d9c3c,225fdf78dae4877e7a62ad3c78caee69,delivered,2017-09-27 08:48:59,2017-09-27 09:07:09,2017-09-27 20:02:28,2017-10-02 23:07:47,2017-10-25,c5194a9a7ccee81ebba12a2b15a2f837,2017-09-27
8bcb04c1ca645d109ed37389fda5dbb0,dd977fc3619f271f431181f90e305a1f,delivered,2017-09-01 21:53:59,2017-09-01 22:25:37,2017-09-05 20:13:08,2017-10-05 09:47:51,2017-09-21,bce40e163747be50b7bb83f016591e0f,2017-09-01
a0fbae87b2c4f96a56e39ea7df0c1fd1,427d898b8a06d03e1e805f09d82f250b,delivered,2017-04-29 12:27:06,2017-04-30 12:35:47,2017-05-11 10:57:49,2017-05-19 10:32:23,2017-06-07,ed6a4793620d46099bce82f61611c6f9,2017-04-29
47e1801bc1f8eddb9969bf5fd8563712,2baba98379e3fb1bab9d4feba6b83503,delivered,2018-04-01 20:44:55,2018-04-01 20:55:39,2018-04-03 19:47:10,2018-04-07 20:16:31,2018-04-25,1ca5d77598d8df8a19d74f06fe3ccea0,2018-04-01
3972121d5ef0dc2053909764a4829594,819f448337cc569605146b74bb45ee6d,delivered,2018-06-16 18:13:47,2018-06-16 18:37:17,2018-06-18 15:15:00,2018-06-20 10:32:53,2018-06-29,b9b3711d9451edad3bf60d099b7d886c,2018-06-16
bdb36280069ae2b266d0213e7ce5261b,82596b31c304bb395d531761b21d8ec7,delivered,2018-05-03 16:46:39,2018-05-03 17:09:00,2018-05-07 12:37:00,2018-05-08 17:55:25,2018-05-15,b20c6505279f1beb9c862000c094ebc7,2018-05-03
7bda7fb1e596f90f607376af2ca647cd,458f0c44547ae6e5a5f5fba63eaf25e0,delivered,2018-07-15 16:57:17,2018-07-16 17:31:37,2018-07-17 14:56:00,2018-07-31 15:11:42,2018-07-25,a6f2e4a9ff6fdb7626039136dee62c4b,2018-07-15
c8bcd3489cda84aa42f0605a7a25ad2e,b179cce6e07c86838b8d77bd1963fb99,delivered,2017-12-14 16:22:20,2017-12-16 02:51:49,2017-12-18 19:57:08,2017-12-26 20:29:58,2018-01-09,4d011b68b5474eadb6dcd4bd664812b0,2017-12-14
dbadf0264f5a2b239bea146da1b1f567,b5dd5010cf3b3b1178a8e596d7114266,delivered,2017-08-08 19:41:27,2017-08-10 19:43:56,2017-08-11 19:37:52,2017-08-18 20:15:41,2017-08-30,3f92c58b07328c96c4b8a8175bdbff63,2017-08-08
44440fdd29ac17b06eb5c690b95d19ed,a64419c8fdc7dd35d0a4464d48f70134,delivered,2017-06-09 13:14:16,2017-06-10 02:55:39,2017-06-14 12:52:10,2017-06-23 11:38:31,2017-07-04,7d4ca42c3be6f3136eb3aae4832be53f,2017-06-09
f68b53b6a15fc9a6fd5c86ec6a254a62,25d7169589162a63b4ef88e30146642f,delivered,2017-08-13 20:40:43,2017-08-13 20:55:14,2017-08-14 23:03:48,2017-08-23 20:28:13,2017-09-05,4194084ae930646b78b12e7c995393cf,2017-08-13
e2a9b051883676e2f50cd619fe68bee6,c7f176bdad499af9b7c1cb90c1e73ec9,delivered,2018-05-08 09:41:23,2018-05-08 09:55:47,2018-05-09 14:43:00,2018-05-16 16:16:36,2018-05-30,d90b888daa31aec38b3fca6b428de3e7,2018-05-08
c7b67fac688e3c0755a4255cb2919797,42cca1b19ccf60fab6d9a6ed56aeed8d,delivered,2018-01-21 16:13:53,2018-01-23 03:39:32,2018-01-24 00:04:13,2018-01-29 12:46:57,2018-02-14,0a8de09b646a1b7be89b3a454e30930c,2018-01-21
2474ce847af8cf0b009c669d1896837a,b64a501ff90c1cc90a37033b845f8307,delivered,2018-06-06 17:59:07,2018-06-08 03:13:25,2018-06-08 15:16:00,2018-06-28 18:31:16,2018-08-02,2390bf74f6f4c467fff7908422fbc7d5,2018-06-06
fe84ed29d87230c495cd2381857dba8e,5f81c3da2ae7a183c4e9e2f64e135c91,delivered,2017-02-02 19:50:20,2017-02-03 07:01:33,2017-02-07 12:41:56,2017-02-24 13:47:29,2017-03-13,602d8c1d6b19c807cdd69e09dd6ff1cf,2017-02-02
f18d7bf3eb0f438dc4462cd6dd40aab8,c0839934f43d715b1433b58b86744930,delivered,2018-01-10 14:08:45,2018-01-10 14:18:24,2018-01-12 23:18:02,2018-01-30 17:12:55,2018-02-07,614f24294f5b745fb064e1777ccfdc3c,2018-01-10
af498b81b4ce487752ac7ed4650ce5a4,11de04a7a9eedbebe771d8c816b2db3b,delivered,2018-04-15 22:25:10,2018-04-15 22:51:12,2018-04-17 12:51:08,2018-04-27 22:28:21,2018-05-23,943a3db4fbfb82305bbb55cd2dc193f6,2018-04-15
0406037ad97740d563a178ecc7a2075c,5d576cb2dfa3bc05612c392a1ee9c654,delivered,2018-03-08 16:57:23,2018-03-10 03:55:25,2018-03-12 18:19:36,2018-03-16 13:09:51,2018-04-04,b6027ac07fb76ebca8c97b1887865aee,2018-03-08
cb837ba275cf8ffa9ded7e18f7743b49,e8d5a2b4873087880e7b934ec1c8f1f6,delivered,2017-05-10 04:12:20,2017-05-11 04:15:18,2017-05-17 12:56:43,2017-05-22 20:35:54,2017-05-18,9a90cd8eb50ab8bc5f3539a08aa2c3ea,2017-05-10
fdf0135ca769666a6e9f28c5d6576feb,e2702eb58f552bd906ab108235cab698,delivered,2018-07-09 00:16:56,2018-07-09 00:30:12,2018-07-10 14:16:00,2018-07-14 16:05:47,2018-07-25,0bff960830c81727b5fa001cfc9bafdd,2018-07-09
f03c93c7441f0edaa7987c4313467110,ffa5a1a8c092d41b746947a1ad4d4b84,delivered,2017-07-29 18:12:41,2017-07-30 06:43:52,2017-07-31 16:42:53,2017-08-11 19:59:58,2017-08-31,f44ed1c640aef44b2f68ec552fd4aa1c,2017-07-29
80242ba2ebddeb4f86af40cd158ff6fc,baab79e0d26b39fb2c5b48b108045c30,delivered,2017-12-02 08:58:38,2017-12-02 09:09:18,2017-12-04 22:15:19,2017-12-18 21:04:45,2017-12-27,b635035f30fb4887a8018eb8b55fd2e5,2017-12-02
29dd98e6aa533a04b48bbdf6427eb090,a96f1d45bce747e5b1bdb89c51f03e07,delivered,2017-07-07 17:12:39,2017-07-08 06:45:14,2017-07-13 20:37:50,2017-07-20 17:37:41,2017-08-10,6f07da3ecfee0fcd7cd2c5fba0bb2a2e,2017-07-07
59fa9c0df154e7b3b8bb9eb70cd4ec86,129247e08b7e3927f62abb0b6848a2ba,delivered,2017-07-18 12:38:09,2017-07-19 03:45:33,2017-07-20 21:51:52,2017-07-22 15:51:22,2017-07-31,cee4e6509d99d45518c65d26971c1cbb,2017-07-18
6ec2d80504cd921f6d34b998ceeab690,1927d58a31e9efbc7e2453bec0071266,delivered,2017-12-11 18:56:12,2017-12-11 19:10:18,2017-12-12 23:53:21,2017-12-15 12:07:43,2018-01-04,621af6238fc8b4db1c97cc10caa575b5,2017-12-11
98bc9215b10e8738ca566a0fa7e49b1c,c627aea5ae1e198d3134214a9805781c,delivered,2018-06-01 10:34:07,2018-06-02 10:31:01,2018-06-04 13:34:00,2018-06-29 17:28:39,2018-07-16,1a84cf853b1c76a9e5ba3f3e926202be,2018-06-01
d4ba7653e82040209b738d75f32f5cd3,a7dc2c9d67fce9f53d38206c8541a8c5,delivered,2018-04-13 15:54:32,2018-04-13 16:35:34,2018-04-16 22:41:15,2018-04-20 15:36:39,2018-05-07,410da61cbc76a60794196a31f17ca184,2018-04-13
835bf4777ad72891587719f1098e3528,dbfc2fb6a9424037815a3a887c10be61,delivered,2016-10-07 08:28:29,2016-10-07 09:09:12,2016-10-11 09:09:13,2016-10-14 09:09:13,2016-11-29,f7b62c75467e8ce080b201667cbbc274,2016-10-07
615d26dd80fd83e9f66e00ab0d36b764,302037e19e5e8b4a502e3d66d59464e7,delivered,2017-10-26 14:52:40,2017-10-26 15:08:08,2017-10-30 15:39:42,2017-11-08 17:08:49,2017-11-14,040e07d6f99f0d6bee3d272db7dd77ff,2017-10-26
2c18f34c7f29606619d5ad1f14849efc,d2fda415c994bc0421fe0759b3bed457,shipped,2018-01-21 15:28:34,2018-01-22 13:52:24,2018-01-23 23:12:53,,2018-02-19,f7513c00225c1f2168260de9ef63e1bc,2018-01-21
1cc43aa15f7ef36eb56f30048f967574,9f19be636564daf8c3fcc8f447490731,delivered,2018-03-22 08:23:33,2018-03-22 08:35:31,2018-03-22 19:09:10,2018-03-23 13:32:34,2018-04-04,1897d6b9cc068e7d517c7ce2b1f1e684,2018-03-22
18e404d32cdbd8bd2886579e59240685,a151d0a2241b8c783549d938fc850ad8,delivered,2017-07-27 18:11:15,2017-07-27 18:25:12,2017-07-28 16:18:07,2017-08-15 17:18:01,2017-08-30,df8ee448f15f35b1ece2842ceb07f522,2017-07-27
968881fd0bc1fa8d068c381b3484223d,cf77d6dc60f91af4ae0c4a5e76f57713,delivered,2018-06-05 17:19:27,2018-06-05 17:32:04,2018-06-06 07:15:00,2018-06-24 13:52:41,2018-07-16,7ab70dec691e6ced0e10140d4668ab00,2018-06-05
99e06bf542847322a117282cd1d42c9f,eeb12b1f37cd64d8954dafd59b7279a0,delivered,2017-10-25 18:17:58,2017-10-25 18:28:20,2017-10-26 20:33:22,2017-11-08 19:48:57,2017-11-17,4d98a16aebfef3772cc4d547bcae8761,2017-10-25
94d3ee0bc2a0af9d4fa47a4d63616e8d,832a3b0254347d409512ae92eaf154a6,delivered,2018-05-02 15:17:41,2018-05-02 15:58:47,2018-05-03 16:45:00,2018-05-14 11:54:26,2018-05-28,ffff5962728ec6157033ef9805bacc48,2018-05-02
4e72ed892eda314d6c577450f3213a14,17dce92c99bb749a66103694fe26148e,delivered,2018-07-25 23:29:16,2018-07-25 23:45:15,2018-07-26 13:40:00,2018-07-27 17:51:44,2018-08-02,dd60baecd9ddaaef68f6a7871bd05b0f,2018-07-25
863211f4868ae3a9ed08ffcf86768db3,c59c7b7a32a7c7eb90cc00a60bc1dcaa,delivered,2017-05-22 19:26:47,2017-05-22 19:35:11,2017-05-23 15:25:09,2017-05-25 16:47:39,2017-06-16,e3855a2bf01bf12d6de04c4c6af7b1ad,2017-05-22
a69dad4842fde907809ea35902495cc2,616c8cb69ad12f64082e7b3dbb197182,delivered,2018-04-04 22:40:52,2018-04-04 22:55:10,2018-04-05 19:42:03,2018-04-13 19:43:36,2018-04-27,20d46a04271bd5a15261b349d9f9a2dc,2018-04-04
b689fb0fc367d4d7525027003d04561e,30f2d3deb835a14a4b3b23a4c3b7bea0,delivered,2017-10-15 20:26:51,2017-10-15 20:49:08,2017-10-17 13:25:51,2017-10-26 20:22:28,2017-11-07,6b88742087572d31173533e18389ddc7,2017-10-15
9ea62ff38e6396ea973ec12e0b09c65b,954fd7e1c818541abd4e7b5400a6299a,delivered,2018-02-02 19:39:16,2018-02-02 19:50:27,2018-02-08 22:21:42,2018-02-22 00:09:06,2018-03-05,75095b17a04a12410cdf890291bbcfc3,2018-02-02
6baba4edd521964e1f16b03eff660868,b45ea9acbd0aea9a6cf36bfefb9675b6,delivered,2017-04-01 10:44:01,2017-04-04 05:55:16,2017-04-04 14:34:53,2017-04-06 07:39:49,2017-04-18,ff0e4a6f3114ad1d211b885159bf1eb2,2017-04-01
faef9c1b3a8fe2bf0d41d30834c3c7db,499887816fac561f0a3977725ea707fb,delivered,2018-01-30 19:27:40,2018-02-01 02:56:48,2018-02-02 17:29:10,2018-02-22 21:19:29,2018-03-12,757c1f54f0e618e1736fcee19a0e4fcf,2018-01-30
bea8e045e01a9594d652427ef4ae7236,f35e5fd801be940cbac8e390f8dd4425,delivered,2017-08-30 08:58:36,2017-08-31 02:50:45,2017-08-31 19:20:53,2017-09-05 22:57:53,2017-09-19,e16c4e8205a73639a8e539b4f7a62842,2017-08-30
5930304c1503cbf5928b7e38bc52e248,338389b4ce5ff565c680373d416b9a5e,delivered,2018-05-03 14:39:55,2018-05-03 14:55:15,2018-05-03 14:47:00,2018-05-10 01:52:54,2018-05-23,31b1fd044f076791b32378e1f8dc3d41,2018-05-03
157e702ae4f88625094537c5323fa84c,48706412b33b8cf6c6792985b1e1b028,delivered,2017-08-29 14:02:47,2017-08-29 14:15:25,2017-08-30 19:00:16,2017-09-01 16:50:05,2017-09-12,6e03409953396c1e3383410dad7d313a,2017-08-29
d3f5cac5ca660216eb21e93d54e9e384,9fab1262bba76fc0c73393a02ffcf3a8,delivered,2018-07-22 18:39:09,2018-07-23 12:31:52,2018-07-23 15:11:00,2018-07-24 14:33:39,2018-07-31,ca8be3faf5f26323509d0ecd43fffb9b,2018-07-22
d44fefb376d5384ea28694a234f6b020,9b770325f9ee60095b9aaed67d103def,delivered,2017-12-14 12:18:59,2017-12-14 12:25:30,2017-12-14 23:14:34,2017-12-21 19:38:49,2018-01-18,9b89c6a907672e04c34a9dc69c2f3fa8,2017-12-14
80c343549e07922070b0793b2eb87df4,c635d6979164aafc07fe03ee6c2ff9ae,delivered,2017-10-24 22:06:45,2017-10-24 22:26:16,2017-10-26 00:33:53,2017-11-01 20:35:59,2017-11-14,5364c144e8af3b06394fa4281f151fd2,2017-10-24
da17a7a38c09dce18dcf5af9fdb27e49,ec2ba159df14ccd6ba99107d18c1681b,delivered,2018-05-08 17:46:50,2018-05-10 03:09:50,2018-05-10 15:53:00,2018-05-16 18:06:43,2018-05-28,ee2bbda93ed3cbef0bfde31a62f807e7,2018-05-08
7a952bb8b9ec22220fd799cd8f9f8af7,fae7d84f79611f61adb4bbb2472a2c69,delivered,2018-05-08 22:46:59,2018-05-08 23:11:59,2018-05-09 13:46:00,2018-05-14 15:32:15,2018-05-22,9a16d6330d336fd7e5a9d6ec3f14d7aa,2018-05-08
e977b374d773afa133c09a9215ed08c2,126ed0bfe9084c1d6e25f7a89c92dc5a,delivered,2017-11-25 21:38:52,2017-11-25 22:33:17,2017-11-27 22:41:30,2017-12-23 16:17:14,2017-12-19,f13c5accd028725eab9aeda4735a48ea,2017-11-25
d3984047994e1b9ed6b8903828d48676,c0bc3778e0ea6b3c24a2fddf11dd49ad,delivered,2018-02-17 19:47:09,2018-02-17 20:06:54,2018-02-20 01:09:06,2018-02-21 19:25:19,2018-03-12,53c7fe58f9f5f5d8a3d132ece5d4df8b,2018-02-17
0ca8999f0176e37f35b6e49a9b2569da,750f02af7b06bb81d84d3e44b9afc6d3,delivered,2017-10-06 10:52:01,2017-10-07 10:49:27,2017-10-20 20:33:58,2017-10-24 13:36:19,2017-10-24,dbf27222f9c7369aaebf2fe82abf4b49,2017-10-06
b46a7e15cacce08914d49a6a7ab63270,c484483bc93fb4b372ee28d77c5a5632,delivered,2017-02-01 12:50:24,2017-02-01 13:05:14,2017-02-02 14:55:05,2017-02-08 12:36:28,2017-03-10,f22f6bb92ae76a7307b3dda917c51de1,2017-02-01
53af57634ee9a4bc06b6b471e024daa1,085709b417e35242b89058f9235c92c6,delivered,2018-03-22 21:03:50,2018-03-22 21:27:43,2018-03-27 00:22:03,2018-04-04 23:05:36,2018-04-13,fcc84de60fcc1e838eb5e13de372643d,2018-03-22
bb25167dc960e0fdb1e0bb2934073a9c,e92d3f6f808cc6539420b8e5f46c91e0,delivered,2017-11-22 10:24:31,2017-11-22 10:35:19,2017-11-28 14:39:00,2017-12-17 12:58:38,2017-12-08,a76c838ef2b56cc3795d043f2fc1d7ff,2017-11-22
64a83e1ffcac29fd3073f24468a07f71,d3b5d6c78cc93e87c52febf26f3d4359,delivered,2018-02-27 18:21:19,2018-02-27 18:35:32,2018-03-02 18:12:13,2018-03-06 00:16:57,2018-03-13,f428eae83e1e7ed9ccd7b74396da62c0,2018-02-27
9c571b5cc6003a7bf0a25cd54f225a1a,5f91229ab5ab4cb035ba027cf63fa8aa,delivered,2017-12-13 03:02:06,2017-12-15 10:51:31,2017-12-18 18:10:05,2017-12-29 18:15:11,2018-01-09,f00e99f043c33da533ebc107f5a68c4e,2017-12-13
a63140ab0b3a71576d5a31bb94f448c5,6fb1531b5f636cf52daf44e0ab1ee6fa,delivered,2017-02-27 22:13:04,2017-03-02 03:42:06,2017-03-06 18:53:48,2017-03-09 13:32:46,2017-03-20,427d1606cc7f88e69f36b21a59973eb7,2017-02-27
7538c7b3219a1c960b4a0561e2099cae,6250c68c46496b6291b9c07e7e18358b,delivered,2018-01-06 14:27:30,2018-01-06 14:38:51,2018-01-11 15:15:09,2018-01-23 22:14:43,2018-02-02,dad6ddbfbd48a133cbaedb895e9af210,2018-01-06
ad29d62dc7e0a18661b20a1ad16217bd,4573cafdc710733ba3ac33f2293667ad,delivered,2017-07-11 10:16:34,2017-07-11 10:25:13,2017-07-14 17:02:54,2017-07-27 11:44:57,2017-08-02,a01cd3babae6cb01833af5e5f668bfe2,2017-07-11
a28b3de806c533911fe9d9bb425f1650,e3ef5a42b9831a6c2a529201fcccf054,delivered,2018-05-22 23:07:07,2018-05-23 23:15:06,2018-05-24 13:13:00,2018-06-08 15:07:11,2018-06-29,1b13e7ff7957c775944e663165986ab4,2018-05-22
ba2317ad828792aaba0e51a272a3b9a0,96d7d3f3f249e0407bc7e1c6d9e33629,delivered,2017-11-05 12:30:56,2017-11-07 07:30:36,2017-11-08 17:24:52,2017-11-24 00:21:24,2017-12-06,46f999c7216a7dabe82b5ce58a1792ce,2017-11-05
6e2a61e003671ce7d10f12dda7dba3e2,df067e0ec1c54163e84457bc19bffc9e,delivered,2018-04-27 21:58:45,2018-04-27 22:10:57,2018-05-04 15:19:00,2018-05-10 02:03:13,2018-05-22,b4916fe26a50ccc27a1a58f8638cf312,2018-04-27
10fadcd4de0313877f2a2a2f740d51f3,b25ba2604840f157c99b2bfe3f6c7de5,delivered,2017-11-29 15:49:37,2017-11-30 02:22:20,2017-11-30 17:12:21,2017-12-12 20:23:41,2018-01-02,9f1c9c42316677025bfbb1f7db28c880,2017-11-29
6791e565e137a3933b0f7ba7fba46cf2,6f07bb42f6c59154127287ec0e84a528,delivered,2017-08-31 15:57:44,2017-08-31 16:10:08,2017-09-01 16:35:38,2017-09-11 20:19:48,2017-09-21,b3b959dc3e0e98716712957849a230d8,2017-08-31
7b9a13b4622d657fd5c9623a26099255,dba30f3c501abf84dd57a54fd03443ec,delivered,2018-05-21 20:41:54,2018-05-21 22:56:31,2018-05-23 14:31:00,2018-05-24 22:56:43,2018-06-01,6bf54a50e054936db2242d9ce4d51783,2018-05-21
de2ae79d51e271f2e078baca93a2fb05,fd25e91c9eec3ae30bc819313e5c4c90,delivered,2018-03-06 11:13:27,2018-03-06 11:30:39,2018-03-09 02:52:18,2018-03-15 18:58:44,2018-03-28,ba612d92e422c07db037549238e3b508,2018-03-06
42a774d85db214c9b8e062c034545288,d36092b7518d3eb6747ce8a0d63c4db5,delivered,2017-02-16 20:12:03,2017-02-18 03:22:59,2017-02-20 14:30:46,2017-03-02 15:19:13,2017-03-21,0087eede471173af78d789df249c3a45,2017-02-16
d24117f4f6ccc709599d299ac2a9f46e,8b0c3da0f0a0cf1216e2694072e5f621,shipped,2017-12-05 15:48:44,2017-12-05 15:59:27,2017-12-06 20:18:15,,2017-12-29,4270fa216cc3e106f67be6953ae9bed6,2017-12-05
46ab5f4b3a88ae05be005f9736c0e9e6,1a455c3578447cae5fde99531bb7dc8d,delivered,2018-01-10 19:48:48,2018-01-12 02:36:41,2018-01-19 19:52:26,2018-02-01 18:26:05,2018-02-22,92b5ede4ff23756b5402ab835e70c887,2018-01-10
3d9650eb93f7e3a88b65616691a0126b,cbff1f00d84d9b3e20f8cee1f84f6dd7,delivered,2018-05-10 10:41:48,2018-05-11 02:57:42,2018-05-15 09:06:00,2018-05-21 20:03:03,2018-06-01,d2f1fe59d13ac0fcdfcecc8427ec4f0c,2018-05-10
53d515fbf0a0d3b35e47a45a398c551d,1bece94d7b280902f62747628ac0891b,delivered,2017-07-04 15:54:10,2017-07-05 03:03:59,2017-07-05 11:46:38,2017-07-11 16:32:38,2017-08-01,9066d003674f53303ec2ac527e940a5d,2017-07-04
495116fbd0be5a2ec65dea16e026ca66,96243d9386f01776c0d5777d3a26bcc0,delivered,2018-02-25 23:45:28,2018-02-25 23:55:23,2018-02-26 21:46:40,2018-03-12 22:18:29,2018-03-26,e323daac57a5b04c69563f5e4300762d,2018-02-25
2df8ef770ee7c12291ed7811f4f414c5,33e2187b416aa78f830198f6dfa583a4,delivered,2017-08-19 19:34:45,2017-08-19 19:45:17,2017-08-21 18:57:41,2017-08-25 21:43:30,2017-09-13,6d926e9efad646e5c90cc7cb6f57f6a0,2017-08-19
ff9c2c99255c1843bf2fa114e7e35569,074f61713ca4ac97f029964c818f26af,delivered,2017-04-14 18:01:11,2017-04-14 18:10:19,2017-04-18 15:13:12,2017-05-10 05:10:11,2017-05-10,56cafaaa60a40fda15fc923612be828f,2017-04-14
204b7bb2c7b43f52e126fc4aed7c97d2,fe29aedfbb7168fa45b08d47a58c9bb8,delivered,2017-07-04 14:15:26,2017-07-04 14:30:10,2017-07-05 14:16:38,2017-07-19 18:51:13,2017-07-31,99232d8066fef1bfa92bdab71d0097ef,2017-07-04
3ba1f632cf89a08caf9837999bf827ef,00b7c3578d5231b0b60a62414118652b,delivered,2017-04-26 00:59:11,2017-04-28 11:45:02,2017-05-02 08:35:38,2017-05-11 14:28:51,2017-06-07,befb041460ac63f542e98b664f5d4d68,2017-04-26
1f0e3e7a13d98443333a705e4ea42148,31a8654d467ab5c0d7a4a273272c460f,delivered,2018-08-15 07:19:56,2018-08-16 04:35:11,2018-08-20 12:28:00,2018-09-13 19:24:35,2018-08-28,86fae602a67c384fa4d64cd55fc51c52,2018-08-15
6a2979d48eda14bfbe2d632638ae16a2,5da033622290ece3ae580551684fe3f4,delivered,2017-07-10 18:53:59,2017-07-10 19:05:17,2017-07-13 19:22:40,2017-07-31 19:27:53,2017-08-07,c4295b913119b04f3c9d28a7bfd524f1,2017-07-10
8a004a62306c4b5b0a7618f51158404e,ca31d18d41f96c51b9b1835df0370805,delivered,2018-04-07 08:45:54,2018-04-07 09:08:09,2018-04-09 20:11:52,2018-04-24 01:11:58,2018-05-15,62f3c55daad1401d7edd3f838fc49013,2018-04-07
69b9c3b717d29b276ed35ee72178a6ab,a510a0fa7b3c19307ea7eb8832e5829e,delivered,2018-03-11 21:33:54,2018-03-11 21:48:36,2018-03-16 19:19:43,2018-03-27 19:25:02,2018-04-09,164fce8a57bafc2af24afeacc741880c,2018-03-11
b18cb761efbe70da4838435a349abd07,9ff6d1a05ecfe2d907adac11a2e2bfe9,delivered,2018-07-04 18:39:28,2018-07-05 16:33:14,2018-07-05 13:21:00,2018-07-10 22:34:39,2018-07-27,fc68ba9c34778e17224154c255b5656e,2018-07-04
1b1e286604c515e5961b55551d7751fe,2fd267ad12555a1a8a09e4bcc4146fe4,delivered,2017-07-29 12:08:09,2017-07-29 12:23:39,2017-08-01 18:17:42,2017-08-10 20:56:57,2017-09-08,00b0595d2b0f0b838edb7fbc749ea644,2017-07-29
ca8446e47a754f1f72ae3acf393d0eb0,2cc54719065edd4d2871fcc67c434d7e,delivered,2017-04-18 21:54:12,2017-04-18 22:05:11,2017-04-19 15:18:45,2017-04-26 06:04:29,2017-05-09,7634efb2f26e897125a36155a6f92889,2017-04-18
ae77bc9fd712a08868ce009300d88bbb,1b05d0acc0dc14eb233d8f76879279a3,delivered,2018-04-09 23:26:58,2018-04-10 01:09:57,2018-04-10 21:12:25,2018-04-16 20:58:35,2018-04-26,fa95d3be0582840e0e7575f9a064cb21,2018-04-09
2fab8b6042a5dc17a01cbca94aa6e055,4421d1d5eba4e0a40327d89c54e0ee1a,delivered,2018-07-04 14:56:02,2018-07-05 21:30:50,2018-07-06 10:53:00,2018-07-13 10:46:55,2018-07-27,2e1bf660b0cffaebcac0e951afa2c12d,2018-07-04
41a002779a1684abe7ad8652958f5355,a285aefea002b5e486072f0b243d2722,delivered,2018-02-27 15:21:48,2018-02-28 15:15:36,2018-03-01 18:39:10,2018-03-12 21:04:45,2018-03-22,34bcee9bd8fbdf0dd50e1a6d5156d45f,2018-02-27
94578264250da91b85c8e37ad48468b8,0676c04bee30e323a1cdca3b7e222525,delivered,2018-04-23 18:49:22,2018-04-24 19:04:53,2018-04-26 09:37:00,2018-04-27 15:57:58,2018-05-10,cbc71e02efb1d43b84f80b2a64d6013c,2018-04-23
6bbc42789eb069b08765ebadaeee4e71,3d883de9a4faf6957ea47bf4df0bbc12,shipped,2018-04-27 15:40:32,2018-04-28 13:34:29,2018-04-30 12:18:00,,2018-05-23,4a336f897fa63c4b1690d1825f6b742d,2018-04-27
89b229dc09711327ecea7f124b029557,8e78fa10bc579cfbc6f3a6569e3a06fb,delivered,2018-07-23 13:54:25,2018-07-23 15:32:00,2018-07-24 10:51:00,2018-07-28 20:02:18,2018-08-15,70bdf52cdbff17a605ad6cf23c0dc418,2018-07-23
7364c719f78ceaaa61ca4e933a4e6022,554df975298823cc6dec4fe5334583e6,delivered,2017-08-01 18:57:56,2017-08-01 19:15:10,2017-08-02 17:44:10,2017-08-18 19:34:09,2017-08-31,80612c407e8897e64a8e8ec4dbfa9fc6,2017-08-01
d21bdc8a5aec774d419d8db5455e0ae8,0a828bbe63b1f5310f2bb1fb634ac62e,delivered,2018-02-14 21:46:13,2018-02-14 22:07:34,2018-02-21 23:38:02,2018-03-08 14:54:22,2018-04-17,41857525a60f8b68c871d3db097a6207,2018-02-14
6d92b8b8958a7955c3184410f45293f3,884cb068b728ba5182193c49d631513e,delivered,2018-04-20 19:15:39,2018-04-24 19:25:36,2018-04-23 18:46:46,2018-05-08 15:21:22,2018-05-18,991a62b62d1cb282bb7d8302cd90a6cf,2018-04-20
77b3eaf9da4cd4bce3eaad2547ffda7e,4bd05c36a7af81eacfdc7dac9ceea97e,delivered,2018-01-18 16:21:48,2018-01-18 16:42:22,2018-01-19 17:52:31,2018-01-29 20:48:35,2018-02-08,35a1007186a62507552a6f3be39e7367,2018-01-18
21f6b3be8acde5fe76fc6641b467f3da,01885ec83523a343957047b0c6fa830a,delivered,2017-10-26 23:05:41,2017-10-26 23:27:04,2017-11-03 22:27:47,2017-11-09 17:21:11,2017-11-24,fbc80b4ae95e3dcd2cbb507ac84c1b99,2017-10-26
38878bafc676263af50211706ab39e7c,f665e06d0376b22d2ac11e29e369d6b1,delivered,2018-04-20 17:52:08,2018-04-24 19:06:26,2018-04-25 17:34:00,2018-05-12 03:32:34,2018-05-17,ab93b5411d105681f97717263e92d917,2018-04-20
1b797eb66e743460a6dd5afa1ad3c6f6,978add3f01a3dc2ded9cbf778d5e6109,delivered,2017-04-21 20:25:02,2017-04-21 20:41:34,2017-04-25 09:56:33,2017-05-02 14:17:47,2017-05-16,833548182175fd759fe7bc2a0bf50e36,2017-04-21
0d861d43ee996a798c75ad38292f6bcd,2a94a0a0c608cfedd390180c25721f85,delivered,2018-04-13 22:29:38,2018-04-14 22:31:43,2018-04-16 23:22:31,2018-04-30 17:58:29,2018-05-11,21982340444e8e0e37258d2aba898cb9,2018-04-13
ea3c6801daa6e86c6057f1bc8bb11b1e,3a5026ea6786d7ec87b7b58401ef58ac,delivered,2018-07-04 17:52:10,2018-07-05 16:31:01,2018-07-10 14:33:00,2018-07-11 19:57:25,2018-07-19,ee28cbb10b451cea5a0c29b5d5b1b8a7,2018-07-04
23b8bfc2f57aaf36121b2c631d5724b8,437603511404b384fd51217b8f4672da,delivered,2017-07-14 23:30:07,2017-07-14 23:43:20,2017-07-17 17:03:41,2017-07-26 18:07:00,2017-08-09,54d24fb4f1e85b12e1b1894ab719316d,2017-07-14
05f215a71e36c6985cb764b530d1e45c,d2cd6ed96a57803ba2f2422ab8707225,delivered,2017-07-18 17:07:11,2017-07-18 17:23:27,2017-07-20 18:27:40,2017-07-29 14:08:53,2017-08-16,aac7dfcda92f50c15f72f4f5d710ecd4,2017-07-18
2d1f08f7693e119a191d97d953258189,dc00481e8927527c2cb71022add53378,delivered,2017-08-03 14:19:55,2017-08-04 14:30:17,2017-08-07 19:57:36,2017-08-11 21:05:16,2017-09-12,9077449283dc1319d5e51fb3159b28e2,2017-08-03
4e26917edee71b496c27c12c72640436,e10692d4cefa5a2a842a8d45c2c12247,delivered,2017-04-02 10:08:32,2017-04-02 10:15:14,2017-04-03 12:38:07,2017-04-13 17:33:36,2017-04-28,c6421780fa90e9ac294ca550ce8047cc,2017-04-02
85829f8289bff10de3c2cd62170d670f,e8b486d2b45d48718876986d633f4bff,delivered,2018-04-30 11:02:48,2018-05-01 06:12:44,2018-05-02 15:23:00,2018-05-04 15:21:46,2018-05-11,f88eca4141f0fe84d2757c41df9b4cd9,2018-04-30
2c9dc867f2d293b85037bafd60ef3c27,8540c73509c8e98bb3f0c3bdc93b9f78,delivered,2018-03-03 13:09:56,2018-03-03 13:28:31,2018-03-05 22:10:22,2018-03-14 20:51:44,2018-03-21,b1d3a2240d7ba11aff7e7bd7e425d994,2018-03-03
021288ce4f15c031270df5259df1b551,e0588a026f187e4f6ec5cb1ae92380f6,delivered,2017-12-05 00:29:03,2017-12-06 02:50:29,2017-12-06 23:52:24,2017-12-20 21:09:13,2018-01-10,395c3814b3b4b70a3f6e89310fe22cb9,2017-12-05
010f223ddbec749e95ef3f5414f9c4ee,0ffe52b2e3ef0d91f5387dbcca59a841,delivered,2018-06-08 18:57:42,2018-06-08 20:44:02,2018-06-11 12:26:00,2018-06-18 18:42:35,2018-07-05,7d0d8854f71d47ae116e13924548c421,2018-06-08
1dde4ac4444355c43b97d058a89e45bf,f7d8d01811120ea71aa219b25edb272b,delivered,2018-08-03 19:15:36,2018-08-04 05:05:20,2018-08-06 08:47:00,2018-08-15 16:40:51,2018-08-15,34092dc27778e757bebee17d98878a3d,2018-08-03
c77109162c3bc4ba159fa1e641f143a8,4a9b7895e4e89363cf2eac11cef10004,delivered,2018-02-17 18:33:13,2018-02-17 19:50:22,2018-02-19 22:51:08,2018-03-08 16:52:51,2018-03-13,3a5bf02296df646f02cc7eb85ca65fb5,2018-02-17
55e144afb3e4115f6c520fb6242cd1bf,57b4e7cf7d4f0e56de189ee0e7d2b472,delivered,2017-06-09 16:43:29,2017-06-10 02:45:44,2017-06-13 06:53:00,2017-06-15 08:35:47,2017-06-23,66c52ed7d02595ef154fe9d14435dc69,2017-06-09
6f55dd8ed6e2954105ec2f011346660d,dca402701b7ad2001db1894793d55a67,delivered,2018-06-08 08:00:19,2018-06-12 04:35:54,2018-06-12 14:15:00,2018-06-20 00:28:39,2018-07-04,783b7ed7a853f0727ce11b5b28e308a0,2018-06-08
9b8d8bda9cab2bc51a14d444adc6af8a,28c99f67a6c4f18ab59f86f83dd36b55,delivered,2017-11-24 17:01:41,2017-11-26 17:19:33,2017-11-27 19:21:33,2017-12-01 22:19:59,2017-12-14,f5371e9d33bfdc892422c1bf10fcab06,2017-11-24
63dd057d07d57b16236cb3400cd96919,53fef5f17d9b971d709fe8f999b79c62,delivered,2017-02-16 15:11:48,2017-02-16 15:25:10,2017-02-17 09:54:11,2017-02-24 17:12:24,2017-03-29,aee0c6b1974dea13d22da1e998d162d1,2017-02-16
c2a9913d397112443fdd3676baea3e98,6377f5e471e4cce23afa56dfc9713710,delivered,2018-06-30 18:09:56,2018-06-30 19:15:16,2018-07-02 18:52:00,2018-07-03 21:34:29,2018-07-16,8719371103fa3f33bfb548a55a34aa54,2018-06-30
338a7b69743165d5878ec8d45af93f48,fef97270172404f03330ef3a8045a560,delivered,2017-05-01 15:29:31,2017-05-01 15:45:12,2017-05-02 14:18:26,2017-05-22 12:16:45,2017-06-01,b76f4e32d7b31eaaa4d3e10346845e93,2017-05-01
5deb9cf8f8484f3e136ebc956d569aaf,5f3477cd89e3d11cf937d370641b5839,delivered,2018-06-12 16:35:50,2018-06-12 17:13:34,2018-06-14 12:50:00,2018-06-18 20:36:55,2018-07-11,8e0b3bdfb5e901dde93bf9b4b36abbd2,2018-06-12
4ee5490fc0c66d4c9a1f30055af9b7be,b9885472fa562ddc1cb5333a42b654fc,delivered,2017-10-04 21:00:48,2017-10-04 21:14:11,2017-10-05 22:31:57,2017-10-09 18:27:59,2017-10-27,2767ebe1fedf70562aa588a37a23080a,2017-10-04
9b63264625032f8a1814eca453114f33,774cf3ab054ac3e3400816870fb0af05,delivered,2017-05-19 12:22:42,2017-05-19 12:35:23,2017-05-24 15:51:45,2017-05-26 14:13:03,2017-06-22,40122235f51e359cc585c558ab783646,2017-05-19
1a44130317893c48ad015ed3ce2017e0,d9920d85853e1d9d0b661b1f71bc7ac3,delivered,2018-04-28 17:26:21,2018-04-28 21:10:58,2018-04-30 13:14:00,2018-05-11 20:36:44,2018-05-25,f9d2057b5d0bf24a8dd0215aea188ab0,2018-04-28
d7d428429db1dae204d07128912f5020,26ca412c0cf94458d6d950e1ec6641ac,delivered,2017-10-11 17:05:49,2017-10-11 17:27:46,2017-10-13 21:17:45,2017-10-16 14:52:23,2017-10-24,f9df0d2aaa338b2df4d9f33ef4f7cc76,2017-10-11
2ade26ce6c23d8df75d4e7444128fc84,411bbd7a65438216e74fca57fc455e63,delivered,2017-10-03 14:22:58,2017-10-04 02:56:27,2017-10-05 18:54:58,2017-10-09 19:53:42,2017-10-25,e0f7d1dd04e7fd76c15d841b50e66f1a,2017-10-03
caa9ea8230c1a21750f938c306e730c7,630ada7cef0f4ec490c09725e943499c,delivered,2018-03-27 19:07:09,2018-03-28 08:27:38,2018-03-29 15:21:28,2018-04-02 23:08:43,2018-04-09,686c46ddc0828bf3c0af072c44dd96b7,2018-03-27
31491a6bf618385b8b23b9924a119e4c,1da6a5d1152676b74966c511cb4b9c35,delivered,2017-10-05 23:05:06,2017-10-06 08:56:27,2017-10-06 18:03:33,2017-10-14 00:06:44,2017-10-23,4cd9c805152622cc2acd21184802873d,2017-10-05
cc5a9c86cbb61d7baebfde35e243a2a9,e71484466cc8ae37af628b0035621ada,delivered,2017-11-14 20:59:52,2017-11-14 21:15:21,2017-11-17 16:21:38,2017-11-28 01:47:29,2017-12-05,37ee07d5edb5934d6a2b54c2c3062ee8,2017-11-14
d8f92d7e898a1027a0957b82f58ddbc4,3278f0116538282732803d2b35a9fbd6,delivered,2018-08-21 20:10:39,2018-08-21 20:25:19,2018-08-22 12:27:00,2018-08-23 18:58:41,2018-08-24,edd286dff982df97e304f16bc5c586b5,2018-08-21
335a2e98058fdc2ff97c02856d53a76e,4aa97f509896f79aa3ca9dd294f02990,delivered,2018-01-11 16:37:22,2018-01-12 10:27:48,2018-01-12 22:37:22,2018-01-16 17:35:07,2018-02-01,3ef7989405f00bb74c7d463b0357abfd,2018-01-11
11bc6fba055abbdc961925690db38135,927b7ac2cfaf2a75577eb4483410ecf0,delivered,2018-04-16 02:05:10,2018-04-16 02:15:08,2018-04-17 18:41:40,2018-04-23 17:51:17,2018-05-03,66004de86f8c62ecd2747385f3163bf8,2018-04-16
668b09e578d6cdac0eb996a3457d49a5,80d7fa5801ca75a9d403e96d31d634da,delivered,2018-07-04 22:57:46,2018-07-05 16:23:38,2018-07-05 12:52:00,2018-07-11 23:34:36,2018-08-06,1fb84a60c9099e27d462a721abf71191,2018-07-04
0322e0a7d6d283584e3dc181c67b1d12,eaa679be83fb04a42082f0b60bb45355,delivered,2018-05-09 14:26:23,2018-05-09 14:58:46,2018-05-11 13:49:00,2018-05-22 15:18:32,2018-06-13,2025ee43c12273db94b2b8b8577ee6e1,2018-05-09
78fd4a4b2afff4fcbca37fab3ed1b0e6,53e9e25ac4476a44af787bfebcbb08d5,delivered,2017-08-24 14:34:50,2017-08-24 14:45:20,2017-08-28 20:08:07,2017-09-26 17:53:26,2017-09-28,751921e44f9db5fd14ad6a431c27024d,2017-08-24
1771533c98cbd8fe683df971648dc2cf,e59226c1c08349e76042d5003a572304,delivered,2018-08-09 14:48:02,2018-08-09 17:10:21,2018-08-10 15:06:00,2018-08-16 20:21:47,2018-08-24,46980e881c4c3f70d0b9a09a7b61ad56,2018-08-09
4db127e6d30efbcbaa8d0b94c4c4b374,8297d4f2b469f1b4c24903373384b6cc,delivered,2018-06-14 10:01:09,2018-06-14 10:41:21,2018-06-14 15:44:00,2018-06-19 19:54:50,2018-07-13,5d6ccd599a65d5d17279660536476a0b,2018-06-14
467fe7e72b99534adc114568a39c8102,b56d930e30b9db3b5c4c7915222cbda0,delivered,2018-07-24 12:44:10,2018-07-24 13:40:12,2018-07-30 14:45:00,2018-08-07 21:16:53,2018-08-07,283f0a3f0d3a6085e8e91ec1fb9ff8d3,2018-07-24
9918c968f36261c404495fafc8ce306a,24f45496005328bf15eb16909e485883,delivered,2018-01-07 10:52:19,2018-01-07 10:59:29,2018-01-08 20:46:22,2018-01-24 19:10:02,2018-02-01,c57eec8752714491b49a0af853dd80e6,2018-01-07
a2a1336bf769a76da801da42dd9f0ecc,239d5f9ed5d987b8c323ac8e81641051,delivered,2018-05-16 18:26:55,2018-05-18 04:54:43,2018-05-18 08:46:00,2018-06-06 22:06:46,2018-05-30,4711348768db55c57a67aba080ead566,2018-05-16
8020de83277d40d6ed1bc2f2e0ae8a1e,0c219b8cac1d2f177414f38c3167c4f5,delivered,2018-03-05 08:54:39,2018-03-07 02:35:44,2018-03-12 22:22:40,2018-03-23 21:13:08,2018-03-27,3a2ee2dd9846be1336b673162b178b6b,2018-03-05
728def86ce88492592386a5e4a990e04,e7b36676c4758c74c1fde1f2551fe169,delivered,2018-08-09 09:11:44,2018-08-09 09:25:19,2018-08-09 14:24:00,2018-08-16 17:32:16,2018-08-21,98a8081d6f922b47f0b48d0b10665047,2018-08-09
680c9251875caf7afd565340a52e89f7,c4c3372671aab4ba29e3e410ed8fc5e3,delivered,2018-04-20 13:33:18,2018-04-24 18:38:48,2018-04-25 08:54:00,2018-04-27 23:21:07,2018-05-21,6e4188c01246d30b20d17a1ed42094fe,2018-04-20
00f1a34f176151c4dcbd802c244e1072,be0d8abce3af32826fcffbd35cb3b73b,delivered,2018-08-16 15:21:03,2018-08-16 15:35:26,2018-08-17 14:00:00,2018-08-22 13:27:39,2018-08-29,72d424ec55a0c9fbbc6e442ec81e54ee,2018-08-16
3aa7ede1b23edf1284d91439d5ccaadc,f23ac6d166535aa8bda1167c6384951d,delivered,2017-10-11 12:10:23,2017-10-11 12:28:14,2017-10-11 20:18:00,2017-10-17 16:22:36,2017-11-07,1a224a54793429260e63146ddaa7a036,2017-10-11
42d9c11017005e1df4994c7e5fdf6916,afa271efea758213279030182f5d7952,delivered,2018-05-14 20:42:57,2018-05-14 20:55:31,2018-05-16 12:23:00,2018-05-22 10:51:59,2018-06-01,aeda6f1ea08348c0cd6ca943301b8b78,2018-05-14
fffbee3b5462987e66fb49b1c5411df2,11a0e041ea6e7e21856d2689b64e7f3a,delivered,2018-06-19 09:27:48,2018-06-19 09:58:03,2018-06-29 13:46:00,2018-07-05 17:51:08,2018-07-23,ecc3d4eb9b17d2f0865d21f2abecc51c,2018-06-19
cea7e28bd63ef382ebf6010b228208f2,8463f85157c2e1a8f03042947b10101f,delivered,2018-04-24 13:39:20,2018-04-24 17:43:21,2018-04-26 07:40:00,2018-04-30 19:51:54,2018-05-15,5d89639cf3f6808817dfad998de4eac7,2018-04-24
c7484ff7d357d78f749b7ffdf44d5315,a7a833009ee67f3712bf47e987580d15,delivered,2017-04-14 23:13:39,2017-04-14 23:22:00,2017-04-17 09:12:29,2017-04-20 16:43:53,2017-05-08,c23ce6b0b559fa63a837272f86bbc0a6,2017-04-14
f9bf0f92c8e483d1b6cb31d4559fb135,2022bd30cfda496cca03934b3973a2e2,delivered,2017-12-18 17:31:03,2017-12-20 07:18:19,2017-12-20 19:29:24,2018-01-02 19:05:07,2018-01-24,eb46c9b4cabcba6cb9561327d54475bb,2017-12-18
7ed696782f4472458c5f1fc95bf5d6ed,aeaac9ee4a3514cf3da5f8cb07eeec5f,delivered,2017-09-18 23:34:58,2017-09-18 23:50:21,2017-09-21 20:15:51,2017-10-02 11:07:46,2017-10-04,2cf396c9e24e7627ff042cccb209b9e6,2017-09-18
a0613f72de8eeb0386bff92454492f6a,9daa170fb6affd2e983733a422aca655,delivered,2018-01-24 22:26:47,2018-01-24 22:39:35,2018-01-25 16:19:16,2018-01-29 16:17:20,2018-02-19,1ecb813183e9fb7af916c6c474f12b78,2018-01-24
1a463c49e93ce429845e1d959122285d,8fcaa9368903f3a9a28aeaff28c14638,delivered,2018-02-03 08:14:02,2018-02-03 08:30:07,2018-02-05 18:49:03,2018-02-21 21:22:41,2018-03-05,3af0b2f7654f613ff1527b997a2ac57e,2018-02-03
60ad53dedac42939d7f388d9533d29ed,0ae950a7f903b379c53be854ff1dae04,delivered,2018-06-22 00:17:56,2018-06-22 00:38:40,2018-06-26 12:31:00,2018-07-01 13:58:54,2018-07-26,91d7fb2115b0e04c26e1c8fdac177538,2018-06-22
0d6cc2219ef268358eac3c49b47abca9,6a6bbd47bd6f4cec05265bc3f602e324,delivered,2018-03-04 15:58:10,2018-03-04 16:10:35,2018-03-08 20:17:21,2018-04-26 16:35:57,2018-03-23,a176838867d89ed62981cdf02b7ca3e1,2018-03-04
8bcbe01d44d147f901cd3192671144db,f2def7f64f36952f2f5a9791f0285f34,delivered,2018-01-24 23:24:14,2018-01-24 23:37:20,2018-01-30 22:43:30,2018-02-02 21:26:42,2018-02-21,cc5aa1b8337e394da54980226bb0f6d4,2018-01-24
46ec3fc4e7cfba8d9f376f2499086d18,21ce25f273b50ad839ae9b47fc23aaee,delivered,2018-07-27 20:28:04,2018-07-27 20:44:17,2018-07-30 12:06:00,2018-07-31 15:25:58,2018-08-02,5d72a7790ef975598fc73241bddef664,2018-07-27
2179922b1506749061ded19fb85a12d6,aa374ba4d8e6c683d6f35c9e9019f3df,delivered,2018-02-22 00:52:23,2018-02-22 07:10:29,2018-02-22 23:57:49,2018-03-05 18:07:53,2018-03-21,f860f289e851ab5d3adbebceba9cee71,2018-02-22
11355704acdff0fa62bd66796b8dcc88,5aebdad3dd4f042c40f72ea74510d12e,delivered,2018-04-26 11:48:29,2018-04-26 12:11:07,2018-04-27 13:45:00,2018-05-16 22:28:01,2018-05-25,43ac2dca0e778d79016213340c1b4cfa,2018-04-26
d336184a03572667a49d7e5f26d0456b,f1c47519824656434b7d9d7d214cea5e,delivered,2018-01-12 10:45:12,2018-01-13 02:31:20,2018-01-15 19:16:10,2018-01-18 13:47:16,2018-02-02,5c9321376de00b47b93f7389aa598570,2018-01-12
590c30b23ef557b04f2a353ce974a37f,8c40680f250c946c9625740e466af635,delivered,2018-04-24 13:23:04,2018-04-25 03:30:48,2018-04-25 11:38:00,2018-04-30 17:18:37,2018-05-17,0a9435b10f0533aa2a6dd3a08d5633c3,2018-04-24
f6352809547e1221141a36c6cbaaba58,999485f0598dd6ce766c09164bb7a5c6,delivered,2017-11-05 22:52:56,2017-11-07 06:31:17,2017-11-07 14:38:41,2017-11-10 17:27:38,2017-11-27,85730e226e2f3a1608433546133793e1,2017-11-05
b04a982d508ac09ea6623617f5748052,d386dd4f88de12e3b36750751c8a0b70,delivered,2017-11-24 16:06:07,2017-11-24 19:52:15,2017-11-27 20:12:03,2017-11-29 19:58:44,2017-12-08,0299711900aa07c0fe4961eb253431f8,2017-11-24
bb6faadce3a2d545e5c6b2f08403d909,2f79757f15b169bc81438a12838e7446,delivered,2017-02-14 14:42:44,2017-02-14 14:55:18,2017-02-24 11:49:50,2017-03-06 05:34:09,2017-03-20,9b226fa3cf0170ea1b4962f5279c6ca4,2017-02-14
f28680bd357c20d3f581f994eaee18e2,2ddd1105627e30dffb7ba2446da44088,delivered,2017-04-22 12:18:19,2017-04-22 12:30:51,2017-04-25 10:17:25,2017-04-27 13:57:50,2017-05-15,5549bb76a47193fd53fe793e5fcb176f,2017-04-22
127e151835ed0bf4ea8e262040fa1c3d,770d6e5d00352cbaef765742ab1ca211,delivered,2017-09-13 10:35:21,2017-09-13 10:45:24,2017-09-13 21:47:55,2017-09-19 15:07:17,2017-10-02,81978a4296d6dfda023d617d7695a9f5,2017-09-13
0bfa29f2e2ca95b17ab75e7ecf1f9df8,4a4c09d4ad0ff0d20520bda4a709d1a6,delivered,2017-05-30 22:15:57,2017-05-30 22:25:19,2017-06-08 11:43:43,2017-06-19 20:03:27,2017-07-07,c7595c2a24dc66529995c52bf2110e5c,2017-05-30
9d480419579c11f532fce93c63e0eed8,086da6a03c074bea10af67ec258cfb69,delivered,2017-09-13 11:24:43,2017-09-13 12:15:22,2017-09-15 19:23:41,2017-10-21 19:06:44,2017-10-05,fcc6a310fc436b6ead05355319098816,2017-09-13
b99d02003fd457ff94fde6f7627b4514,36835ef37cf8330cd51ce0dd0dc39bf4,delivered,2017-11-21 11:45:51,2017-11-23 02:47:33,2017-11-23 23:42:17,2017-12-02 13:36:38,2017-12-18,ec561cd339eb528f6b00dee91dcd43cc,2017-11-21
d2992524597d2321e4601eab098c7791,4c631dd0a385e2b5ceee81ced3d32b93,delivered,2017-11-26 23:16:12,2017-11-26 23:33:23,2017-11-29 00:58:45,2017-12-22 20:28:34,2017-12-28,827f47d46b7c202471630360b82c26da,2017-11-26
41cee5026118f211f95963f5638bcbe2,4045f4ccb984b75c66c1d0a2d1988c89,delivered,2018-01-09 12:53:12,2018-01-11 02:33:20,2018-01-11 21:29:18,2018-01-19 00:22:19,2018-01-30,f47d7b336ec98af39c907822315ecd26,2018-01-09
c8190ec25152e9e725de81876f1b9125,f4849d618c472dcfe69122c165a16b7f,delivered,2018-06-27 19:58:01,2018-06-27 20:11:51,2018-06-29 09:38:00,2018-07-03 22:51:12,2018-07-24,7dd4140585d02a0583952506e4b36784,2018-06-27
53d617fa54db4fccf68f9b09a553c7ca,7cf5c3cc0ca95110719e8762edf953a2,delivered,2017-05-15 14:40:36,2017-05-15 14:55:16,2017-05-16 14:14:01,2017-05-19 13:27:54,2017-06-08,b7f5bef3510128b51df4751fa0e023da,2017-05-15
cddd5b81db02366dfd896859628bc2d0,1fb3a9eb7c56ed750bb5300be23d13f9,delivered,2017-06-15 00:18:57,2017-06-15 00:30:21,2017-06-16 13:37:03,2017-06-28 15:07:40,2017-07-10,c775c6d539b352d63da235b46ae283e8,2017-06-15
1fd64d652fae27df0e9aac1f4e605984,731a2e445bb92b757cb2fc658826d80f,delivered,2018-07-26 20:49:06,2018-07-27 20:45:15,2018-07-30 13:51:00,2018-08-03 00:10:07,2018-08-17,34162c178a6f582b39adafe7cf883251,2018-07-26
b0b2dcb55905f3403fcee05a780bc952,f736518cac254d51eb4082860aa0c4a4,delivered,2018-02-27 09:38:50,2018-03-01 02:49:06,2018-03-13 02:18:43,2018-03-14 20:03:06,2018-03-21,1b739a79a37d8b630ce7106287e4443a,2018-02-27
a53622dd658d57199cd7a1e677564385,3d9d4319d227b5f465e8a7ccd669b54c,delivered,2017-12-18 11:28:52,2017-12-19 09:51:46,2017-12-21 15:27:10,2018-01-04 19:46:42,2018-01-11,f497801658db70e1b18c76268001e944,2017-12-18
e44da4ab86ca3c421c806a2014c07833,cdcbf23a666201575b27f7d2eeb38950,delivered,2018-01-30 10:22:45,2018-01-30 10:35:33,2018-02-01 21:46:08,2018-02-06 19:21:56,2018-03-05,a620e399d71800c3a5a528bfd42829ee,2018-01-30
2699d27682691fa4f6be5cfde364a833,892d34f72485fd31f213fd0786900a3f,delivered,2017-05-21 07:59:40,2017-05-21 09:31:47,2017-05-26 09:58:28,2017-06-03 07:38:53,2017-06-19,4666e7be827bb14bf746a56f740e62c5,2017-05-21
633a7a968ccf6b62a1ee53461794613a,4e8d3debc47ec183ad422f2f04a39381,delivered,2018-06-19 09:41:30,2018-06-20 02:55:39,2018-06-20 12:26:00,2018-06-21 17:12:47,2018-06-29,84ff59e5f5f20def7af5f29d4545af6e,2018-06-19
4b489cb1cdc253a5e66adb3cedb8ed9d,5a6f16901365d80a8e9e2d342a44f91c,delivered,2018-05-07 10:06:48,2018-05-09 04:31:09,2018-05-09 14:44:00,2018-05-17 13:08:42,2018-06-01,6f35ad4faa361d123ab4d14b5f8e3571,2018-05-07
5a14c8b3d919a4ef3f3428b0459c47b2,666094835d60d986eb87350b31efdcae,canceled,2017-05-29 23:53:39,,,,2017-06-23,a128eb4a87a5195a3a5dfbdc3426c834,2017-05-29
5770aa15c9085d967ec2a3ffe34b64f9,30e468e07004356041e2368c5822c1af,delivered,2018-06-19 10:12:29,2018-06-19 10:37:31,2018-06-19 13:28:00,2018-06-25 20:46:22,2018-07-17,75c1ef8a4a5dfef887f4fdc9cf843da5,2018-06-19
358c07225db43293b308aebae58669ec,28ac8b8dd09f1c2adaa780e8ae3897ac,delivered,2017-07-06 15:41:21,2017-07-06 16:04:06,2017-07-07 16:24:56,2017-07-13 16:23:42,2017-08-01,c70e3934e3946fe503086b971b9899d4,2017-07-06
63ca01852c1563d1f998648d8d9a67aa,cc496aa65be819b94a67c631406166cc,invoiced,2017-03-27 11:21:03,2017-03-29 09:55:10,,,2017-04-25,3772a96731432ee5e9cfb253bbfe7a95,2017-03-27
e9e6694329a69927508c82d943013cb5,0415764d7efe50fff280fafa9777b327,delivered,2018-06-01 21:54:55,2018-06-01 22:10:56,2018-06-04 13:53:00,2018-06-14 02:56:48,2018-07-13,bd86b1862fe796149a4d2af57bd85451,2018-06-01
ceb3c39e59f9912e923667e9fa91a144,9b33406c43ff5649ce7f8476775bca5b,delivered,2017-07-05 23:10:52,2017-07-05 23:25:10,2017-07-07 19:21:17,2017-07-12 17:32:35,2017-07-25,6b379824d4aae1b04a605ee1e9fed930,2017-07-05
2e3d25ae760b48fda536f1be145cab46,84ef121a9470fb9e16993839231c66d3,delivered,2018-07-31 20:20:40,2018-07-31 21:00:09,2018-08-01 12:12:00,2018-08-06 16:03:05,2018-08-20,3d30c77bdcaa53cbc9918e8ba67db9a4,2018-07-31
022aa0edf94712a82983961b98e4a9a1,df7a84452bd7d6921705ac34f40e864b,delivered,2018-06-25 17:25:43,2018-06-25 17:35:20,2018-06-26 19:10:00,2018-06-29 11:57:04,2018-07-05,9c01b2b200a873ee3d7bf6f8e04a45bf,2018-06-25
22ae6afbbbc19d8dd88d82e7001f8fcf,e04757bb7741d0781cda14c9be20ad2a,delivered,2018-05-03 23:22:45,2018-05-05 03:15:17,2018-05-07 11:01:00,2018-05-14 21:13:48,2018-05-23,ac162ff796817cd3b69106c684a0e447,2018-05-03
c14e0917a7e78c27cc4af1053e2d77f8,96c3d51816ee07cb78ebbfe0e8bdb889,delivered,2018-01-25 10:31:10,2018-01-25 10:58:19,2018-01-30 02:36:46,2018-02-19 14:58:44,2018-02-23,e8663abca66edfe7b18d03a921637578,2018-01-25
1e4ba03d696d7e2a105b4f5d5d68ba5b,f1913159750548eb81dca4b69fbd5e0c,delivered,2017-11-23 15:21:55,2017-11-23 15:33:00,2017-11-24 10:59:36,2017-12-04 21:54:51,2017-12-20,4a14b609b6f73d9ac7abd73d0ee9167c,2017-11-23
e861307609af3dd1a985ad0972fb9c16,6967af003c642a30a79242f2756a73d5,delivered,2018-03-19 13:00:04,2018-03-19 13:49:15,2018-03-23 15:16:40,2018-03-31 13:08:25,2018-04-27,83aa61a6db9f7c9576775165a5781f64,2018-03-19
2e7b2330e3d679e08be10dc1ad695e94,5eef8c5a24bd948fac341c6ebe3ce41e,delivered,2018-02-03 16:05:43,2018-02-03 16:29:44,2018-02-06 02:33:34,2018-02-07 00:02:23,2018-02-21,8ec9e01dc8cbd31897a2f2116c5fbae4,2018-02-03
049b358d74d74c40f7305eb4a4bc378e,2dc86eb45d955da9a9afa6f431ac00f4,delivered,2018-05-05 11:49:41,2018-05-05 12:13:16,2018-05-09 10:58:00,2018-05-15 17:07:12,2018-06-04,3becb9d85aee7d6b9935c033fec4fb42,2018-05-05
480000ff61d2f961973107967439a4af,92f1d4d2f1a2a03f858f7afea11ff0b9,delivered,2017-09-05 22:22:48,2017-09-05 22:35:12,2017-09-06 18:16:47,2017-09-12 21:51:29,2017-09-22,1790885e6c2d93df9965833b2040c6f5,2017-09-05
a61a49b3dc449fa46e74d4d57063b080,03ee2343040a3871cb2cf313cc795c72,delivered,2017-10-10 10:05:26,2017-10-10 10:26:46,2017-10-10 17:42:13,2017-11-01 20:13:39,2017-11-07,243af8638d3316a743d06e46f2b7852f,2017-10-10
9a8ed77611006df4a507b6649200b71a,9573415dd691e34a2b92c9e39558ef22,delivered,2018-08-02 12:07:02,2018-08-02 13:05:15,2018-08-02 15:55:00,2018-08-09 12:16:38,2018-08-17,c9a4f2fd096cd2c6bbc6c04e352fc9ff,2018-08-02
9acd6aac847c79db40c68153b6b4d915,bc64988c743d4ea05faa42f945a49396,delivered,2018-06-14 14:23:43,2018-06-14 14:42:43,2018-06-15 11:24:00,2018-06-25 18:38:45,2018-07-16,bb79978ede15aaf09987aaa9bec0abdc,2018-06-14
dc66d93a6a91154ab8dd2e7779e9a1ac,7b25189538bd6c13bf9440f0d3214a02,delivered,2017-09-12 07:51:28,2017-09-13 03:25:23,2017-09-15 17:00:04,2017-09-23 17:05:50,2017-09-22,6223f9541d9787f8551b6b0152c6ebba,2017-09-12
727d1e48f072a26b71d59a5238160e63,e3ecfba8964e0757587b1b1913499c1a,delivered,2017-08-20 19:38:26,2017-08-20 19:55:10,2017-08-22 00:16:04,2017-09-04 19:34:46,2017-10-05,c1f0b862c4144bc039ea73ff73ea2373,2017-08-20
796815d64065ff9881199a4807c02415,097e8c3630bf6bfdcd8c9d3d3c7e5eb0,delivered,2017-10-18 09:50:30,2017-10-19 03:40:16,2017-10-19 19:04:29,2017-10-27 18:30:13,2017-11-07,d2f4e221b5f56c9f3744a9b8c0bee542,2017-10-18
df00397919a2b7d772eb946c10f771fa,5b38f9ccd653279e6155a549e26891a2,delivered,2017-11-21 11:03:44,2017-11-21 11:14:23,2017-11-23 13:12:19,2017-11-30 21:27:50,2017-12-11,fdb9f672ad1f898c9f529356046f5732,2017-11-21
1c009ae9a7cb56b9ea28f3d93349b8f8,14b4481ab4592a147a50d8e3a2cad173,delivered,2018-01-20 15:36:23,2018-01-22 13:52:02,2018-01-23 23:04:57,2018-01-29 19:11:56,2018-02-16,1efb143235a4b39b36d45b46207a46af,2018-01-20
e6a006d997a8902ad7c42ec5719963b7,7774aed347f74a1c12aaf3c628cef273,delivered,2018-03-07 15:17:22,2018-03-07 15:32:16,2018-03-08 00:45:32,2018-04-02 21:35:38,2018-03-27,4c7d1c2a797c67682dd1fa54486498a2,2018-03-07
259dac9ae7597d3dd6371ad21a6aa57b,b1eb36a33bf56755bc9636a1a24d14bf,delivered,2017-09-08 15:21:20,2017-09-09 05:10:51,2017-09-11 20:13:38,2017-09-19 18:13:15,2017-09-27,cea679af1270b03871f3a30cd5ddffc7,2017-09-08
e782b3ed8e69a2cc4eff66e965c1e8bd,285a2c89e0769a35966072e2d9ddd486,delivered,2017-05-13 16:04:35,2017-05-13 16:15:10,2017-05-15 10:47:44,2017-05-24 08:58:45,2017-06-14,876cf92d16c913f4b884a7983badbec1,2017-05-13
0dbd118355590880ca13ec4ce58e64b0,f19c33b8cef8914fd3e1facb34fe4b2c,delivered,2017-03-07 15:04:38,2017-03-07 15:15:18,2017-03-08 16:20:40,2017-03-20 15:12:42,2017-03-28,6c902b7d5ede3beebeaf224dc79de64f,2017-03-07
123f71cca05589d95c28c582ccb1d864,a9db2580134c7016c6214deb3f344dfa,delivered,2017-07-01 13:23:05,2017-07-01 13:35:12,2017-07-06 09:46:59,2017-07-12 18:47:06,2017-07-25,fa788f3f67e9ba1153204688677872c9,2017-07-01
99f7ab7ea1001d0e2b6ac00be98444c8,a89239e65e47c570a0e6a5117afde4c1,delivered,2018-04-02 14:02:34,2018-04-03 07:55:16,2018-04-04 18:31:27,2018-04-26 02:33:03,2018-04-25,e61882ab6798e29390be71cec924de19,2018-04-02
4e50ee5ebc37a770f257082adfbeff18,de4c50d66aeaedf525016938c1892f51,delivered,2017-09-05 13:30:15,2017-09-06 03:04:18,2017-09-15 22:31:52,2017-09-25 21:13:48,2017-09-28,4e7f7046f031ee7757d4952e0e22fdc9,2017-09-05
64251db62c4860cc0d2d2b0e1f2ff813,f7e4d8ee06a30cf3fa801462513aa3e6,delivered,2017-04-19 22:33:23,2017-04-21 05:22:04,2017-04-24 11:24:09,2017-05-03 13:39:46,2017-05-11,d477b33cd8474b35d77abdbd3177993f,2017-04-19
5383100ab6c62e727e4dc0b9bac3f286,a0a7bc3b5534b1f758cfc59d08ba4391,delivered,2018-05-22 08:59:02,2018-05-23 01:18:11,2018-05-24 09:40:00,2018-06-20 22:28:37,2018-07-04,2daa6b3a2e6485aecc8a773b2de1acd1,2018-05-22
5a0e15ad1f0c5749b22a528d77d1c993,887f3d88fcd62b78f2636b8eec812f64,delivered,2017-03-09 18:02:21,2017-03-09 18:02:21,2017-03-10 16:15:11,2017-03-22 11:27:47,2017-03-30,50b3e4affed7bf744d49b2d5946f4f24,2017-03-09
a56629e394592c4363538b6cb6a0fcd3,e061923ece9a5afceff86249e630e341,delivered,2018-04-26 21:25:53,2018-04-26 21:50:19,2018-04-27 14:36:00,2018-05-08 12:33:32,2018-05-23,3ba727c360aa1b16108a0de68a2bdfde,2018-04-26
7bd48b3739f397fed1450cf240bd27a5,392314d2b068f092035c990ef07625d4,delivered,2018-05-12 20:08:07,2018-05-12 20:35:52,2018-05-14 15:13:00,2018-05-29 16:12:46,2018-06-06,61142b140f1c17cf93058820f7ade5fb,2018-05-12
f40a640657c0a3e1eb9d081b320875b3,e20a79c6c2b4425ce6abfcbd70e051ad,delivered,2017-07-06 01:48:18,2017-07-06 02:03:37,2017-07-06 11:55:26,2017-07-13 20:37:52,2017-07-28,e83d9fdb50ed6fdc507b9e5c51560fb8,2017-07-06
af32211fd3ca6faa65dcf8f3bd3f53bb,258d6e98cdbae7ca4da08233d45cd8b6,delivered,2017-03-01 09:02:58,2017-03-03 02:35:33,2017-03-03 10:47:13,2017-03-07 13:38:05,2017-03-30,0994ff158bd7077768218cb0cc7aa315,2017-03-01
cd0a3a0546d575990039ca72965ced27,cc75b9bab7d984b2bb2feac7b5908d68,delivered,2018-01-25 09:51:23,2018-01-25 09:58:31,2018-01-29 17:36:34,2018-02-10 19:36:55,2018-02-26,49d514de457c6c152ac88dc2636be92c,2018-01-25
58b99a93ab6127501faa09a1c8878dc4,de7493ac1a6cbcc74e201b2b082fb08c,delivered,2018-05-20 16:20:04,2018-05-20 16:35:15,2018-05-21 14:29:00,2018-06-05 18:13:09,2018-06-08,9ef51cbadb21afdfe1d532d05c6962c4,2018-05-20
74da83fb91c2ae842aa99326a002cde7,ce53e3d7a4a60276824c5462d17a34f2,delivered,2017-06-29 12:55:23,2017-06-29 13:05:14,2017-07-04 14:51:39,2017-07-17 19:04:34,2017-07-28,93a06564406b8c6cab5af6de487a31df,2017-06-29
d260277a7aa9c0b43085988159b47726,4d424d927d2e4bea4d3b9aae131ddeda,delivered,2018-04-25 15:20:14,2018-04-25 15:30:26,2018-04-26 09:32:00,2018-04-27 18:04:57,2018-05-17,ec93a2fa764a1caf2afcec4c337ff8e9,2018-04-25
d128b5634e1faad98f4ef5ac2f7e2e97,bdc2adf18b17bb2f8305082d8a7df775,delivered,2018-08-18 23:53:24,2018-08-20 11:10:02,2018-08-20 15:20:00,2018-08-28 14:58:32,2018-09-12,bfae308e6d9e12d90ff670ed4aef08ef,2018-08-18
44e39cef43dc4c715a13ab687ba2c081,74b3e52242a168f2146e40d41f3f0399,delivered,2018-05-07 16:37:35,2018-05-07 17:56:57,2018-05-08 13:41:00,2018-05-14 17:51:55,2018-05-25,438f2fe3d586268c20da486ccaf6eea2,2018-05-07
314fe43380ae463c4b91647e819997b2,080b34eea368ba7775448a556def373b,delivered,2018-08-08 17:25:12,2018-08-08 17:45:15,2018-08-09 12:22:00,2018-08-13 16:22:44,2018-08-16,5c1252c3a165a21735420af8ab7ef5f3,2018-08-08
38b7d71941e3c753779d2eb44302690f,4bccb082f9e39b696c3f967e655016e5,delivered,2018-05-07 08:29:29,2018-05-07 16:53:03,2018-05-09 12:27:00,2018-05-15 13:41:58,2018-05-25,bf2aa6e364fd8bbef419a4a460c1e077,2018-05-07
e41c6da781772f030e857c2b427a917a,ab33ea80ecf78bac55c71b346ee35c74,delivered,2018-05-09 14:11:56,2018-05-09 15:36:52,2018-05-11 07:53:00,2018-05-14 17:36:40,2018-05-18,d547f6aa046bc09da16d46062617d8bb,2018-05-09
a722399a4edf2b67d2d662c619d1f0eb,d771b705911918467f532b7d54d7722c,delivered,2017-07-31 10:25:20,2017-08-02 03:04:36,2017-08-04 19:27:23,2017-08-11 15:33:49,2017-08-18,8f2610041e5e2f9cad31fd04e9f23641,2017-07-31
268836b1aa282605cf690e10defb2b35,a7de9d0485ae7a49baa9c2bb70d49464,delivered,2018-02-28 15:41:04,2018-03-01 02:48:59,2018-03-03 02:27:08,2018-03-14 22:58:39,2018-03-28,e601188dfe8db2615145f9466aaa8a39,2018-02-28
a54a65531feecee80712fac10405795e,acca91ce9b77b36df049d45991266a08,delivered,2018-07-27 12:14:31,2018-07-28 02:50:24,2018-07-30 11:01:00,2018-08-08 16:38:45,2018-08-16,6db40634f1112a52fc79533c2ead973a,2018-07-27
c0fabfdace2df4fbd9e0e958f29a2cd7,d6028dc827eae81534f01a813de8d9f9,delivered,2017-12-03 17:44:17,2017-12-05 17:37:25,2017-12-07 15:24:06,2017-12-12 19:37:50,2017-12-20,5375200b069935e3ff1fc2489886ec5a,2017-12-03
84869e6e6b633fa602128f93f70e2c12,3c3bc627f354b5eaecaa3ee60f387981,delivered,2018-08-12 20:44:16,2018-08-14 04:24:20,2018-08-15 12:32:00,2018-08-22 20:57:26,2018-09-06,8dc6a5f3957a8e49ca53f311222d1193,2018-08-12
3fe0539e577c4fbfd80fe4cefb8abc0d,6f295881d020172597b6924cfd3ee303,delivered,2017-03-08 13:00:22,2017-03-09 13:10:48,2017-03-15 11:04:52,2017-03-21 12:47:55,2017-04-13,20bac1d3ca8452f298ae302897174443,2017-03-08
fad45938bae3bd8a63fbae03cc8ae040,d4a9ae0280546de3e139880622aecfdb,delivered,2017-08-17 15:11:20,2017-08-17 15:45:16,2017-09-06 19:38:08,2017-09-19 11:10:51,2017-09-25,8cab5089cf309b5ee530574382dd195f,2017-08-17
bad0467c52f23cdc71e9fa139d4a8afd,cfca171c77e72b76c526376b84b9e237,delivered,2017-09-09 18:46:10,2017-09-09 19:03:37,2017-09-11 19:52:42,2017-09-19 17:23:12,2017-10-09,1da3707ffa52351fee92afcc3077c664,2017-09-09
115faf732ae2a6adbc96dc35069621e5,150617471c858a7f3e210e4b6aa5955f,delivered,2018-08-05 16:01:47,2018-08-05 16:55:06,2018-08-06 14:22:00,2018-08-08 16:58:54,2018-08-15,c874757b049cd8be19f4a28f76173f31,2018-08-05
742cbcd370fd2e637bf3f2570ac5ed2a,7881cb8de8505d52e7ca2bf39530440e,delivered,2018-05-07 21:46:22,2018-05-07 22:11:42,2018-05-08 10:17:00,2018-06-06 23:50:52,2018-05-30,ba7a1b9e31b148e55b016a0c1ffc60b8,2018-05-07
5e3b1fdfb3471cc5fcbeaa63de769fc0,faff79d949e663bb74f43c75aa0b41b1,delivered,2018-05-06 18:17:54,2018-05-08 20:32:01,2018-05-09 11:10:00,2018-05-16 21:46:27,2018-05-28,5f495072a4faeb10bcec0d9a6fa316eb,2018-05-06
548ae1aba5f1d4972fbbef7b6f6d23aa,6fefb2d2d0519552324dacc35d1f5681,delivered,2018-03-11 20:44:48,2018-03-11 20:56:14,2018-03-13 02:32:46,2018-03-14 20:23:29,2018-03-28,566b65203cc956bb5511e06445ea41c4,2018-03-11
28d287f25c6e6f49bdf6c90d4bbc2076,32e2eda60c2fa771f3cb69ffec1f63ad,delivered,2017-12-26 15:47:15,2017-12-26 16:20:30,2017-12-27 19:10:38,2017-12-28 14:29:10,2018-01-15,b3294719433aa4945f6399c5eab2bb1f,2017-12-26
9d74929fefd45dd3ebce40cc681596b3,17957722c83ab1eaf53c8775853829a9,delivered,2017-10-18 16:19:46,2017-10-19 02:56:53,2017-10-19 19:47:54,2017-11-06 23:28:33,2017-11-16,c32c9b339cc7c7c1493ff5aaa2d390a1,2017-10-18
94f4c67dcdbd11ebb8bc2485bb362830,15561f599ec6addd60f2456ae5c5dc14,delivered,2017-05-29 19:35:51,2017-05-29 19:50:17,2017-05-30 06:28:46,2017-06-07 14:55:15,2017-06-21,aecdd0791cbeff822896d4514e14acaf,2017-05-29
73f48f63d3e4f1a7e909c2261194aad2,d40b1c3fb65620fac483a0fa38af1681,delivered,2017-02-15 20:14:24,2017-02-15 20:25:20,2017-02-20 04:06:23,2017-02-23 11:45:22,2017-03-16,276e32e47925fc3e069f0c821742dcb3,2017-02-15
dc6cece6890d0a1710dff80a6f1090d9,04ac91a37da7d16302790620cd39449e,delivered,2017-07-09 11:40:19,2017-07-11 03:55:34,2017-07-11 18:27:58,2017-07-13 17:04:19,2017-08-02,27e068cd8f732d869a03bedcd5a5a90a,2017-07-09
3f9b6f8b34537b09fecc693148454b85,ac9003f42265dbb7e2062aae6911d535,delivered,2018-02-21 20:02:16,2018-02-21 20:15:28,2018-02-22 20:24:10,2018-02-23 13:28:58,2018-03-07,91c0ed5fde94a56b99e4ce6d43d0d6be,2018-02-21
13188f2e3cfdae1480d1552e58d19d7d,54942d591ae054cab4f5e166f5d03037,delivered,2018-07-24 10:49:44,2018-07-25 02:44:22,2018-07-25 16:09:00,2018-07-26 22:03:09,2018-08-01,5c9513d1c3b15c7a08a6ba86ca23e487,2018-07-24
95e978f299dd47721ee357c14f859b66,721f571d9151b56034a0bdaf68f675fd,delivered,2018-02-06 20:51:01,2018-02-07 02:52:34,2018-02-08 23:23:07,2018-02-28 16:39:45,2018-03-12,75724ea557ca552aa2db277f1e83d740,2018-02-06
4ab68bc41831caca906e6bdb5c94235c,0b5e596d717bd970cd5b3c5855ff3c6a,delivered,2017-11-07 13:16:10,2017-11-07 13:26:33,2017-11-09 15:12:55,2017-11-20 20:49:46,2017-12-12,8e2d83373060244a2767c06b7b4e7a66,2017-11-07
5908ee27430d026f83a0310e7c7770a2,193ce7c3325f456276d2c58fc552f3d2,delivered,2018-04-04 17:26:30,2018-04-05 17:29:50,2018-04-07 01:17:44,2018-04-19 16:48:58,2018-04-30,902306e267fc32e3c4d2d022dfc1be02,2018-04-04
ff6f331d72b0d62624db312fd52fa91a,63635056eddc977d8ee17852c15c50ed,delivered,2018-05-02 21:50:39,2018-05-02 22:34:48,2018-05-08 14:43:00,2018-05-14 15:41:42,2018-05-28,2b8ca991cc465346398b5c96d9c4a58f,2018-05-02
5a37429384be05ca14780e4989543688,03b753419e88796de2c7127ff13dce58,delivered,2017-01-18 17:42:22,2017-01-18 17:55:09,2017-01-23 11:19:08,2017-02-06 13:33:56,2017-02-28,f6fe57d378dab85208a1fdd0172548e0,2017-01-18
58cf4bf760edf8c8fd391eb871b0eaa4,5547b9a9292eda0a94548b3678bf0028,delivered,2018-07-11 22:57:12,2018-07-11 23:10:15,2018-07-17 13:46:00,2018-07-24 17:24:31,2018-08-06,d02575e6d822a07d825561195cafee33,2018-07-11
3354a9e699cdd99dae33906e55a8ca17,034ecc550de79becac426a8ed79722f9,delivered,2018-01-15 10:18:09,2018-01-15 10:30:26,2018-01-17 19:29:07,2018-02-15 15:32:30,2018-02-09,ce0640b5ebf6dd6badf3f245d2cd60d0,2018-01-15
6f91268a084c516d7ad2ede51294e10e,a84b5e27f04f02bdbddb4f79770eb34b,delivered,2017-11-08 09:36:19,2017-11-09 04:31:09,2017-11-16 22:51:07,2017-11-25 17:38:35,2017-11-28,cba553e350b48014728df259abdaf0d4,2017-11-08
ecc7cc27b69424be1699b4551e825a0a,a45511de69785ad6a1e701ae6d1408f8,delivered,2018-01-09 13:29:17,2018-01-12 09:31:39,2018-01-16 01:12:54,2018-02-07 23:32:17,2018-02-16,dfaecd6ef4d9bf884a89c1712968d69e,2018-01-09
24c678d0e706ce6ac170aa7168fb1ecc,8244312dc71cc15b4bd7dbc73349b125,delivered,2018-02-22 13:54:24,2018-02-22 14:10:18,2018-02-26 17:17:18,2018-03-08 23:18:35,2018-04-02,2bc36bf7ab537fd4d7f1306fe1137af2,2018-02-22
33d85d21dd088cf5ed7a5611d65853e5,a441c7abfc240014644e511f5bb97ee2,delivered,2018-03-07 19:56:55,2018-03-07 20:49:05,2018-03-09 18:22:50,2018-03-19 18:08:39,2018-03-19,2e6c0ed0656b1d96a102cef935031cbe,2018-03-07
dcb8f406a37e7da18d02d9a19cdfe8eb,89ee6b708a15037840b6375b8a82198b,delivered,2017-05-27 20:35:19,2017-05-28 20:42:25,2017-05-29 13:43:13,2017-05-31 12:43:10,2017-06-21,8c0245f408d267e0be06613a32741cc6,2017-05-27
5c092582307d1169e1a475648c90003f,f3c77d075eef136f32aaf3e0ad0be638,delivered,2017-11-27 00:13:40,2017-11-27 00:32:38,2017-11-28 21:54:42,2018-01-16 18:13:36,2017-12-22,ea69fbddc20788ebadfbfde8a27021fc,2017-11-27
1449769412dea5d16183085a97ba3bca,18df50d79545e4b86e36986c7271156b,shipped,2018-03-23 20:22:36,2018-03-23 20:35:38,2018-04-03 22:38:24,,2018-04-11,25f72b0c191b2bf0c445696ea964cdce,2018-03-23
3e84781202afaaf7f60c916ead71766e,4e0e75fc56e2609aa885d4305d4d07fe,delivered,2018-04-09 14:34:07,2018-04-09 14:50:45,2018-04-10 20:22:26,2018-04-13 20:58:56,2018-04-26,4dd66f4040bb1d6e487ea25b30bdf7fe,2018-04-09
4bea7c11bcf3f690cb3feee7b57a1e98,cefe2a639c8bb02eb24dd112bcb8105c,delivered,2018-03-13 14:16:12,2018-03-13 14:47:50,2018-03-15 21:26:40,2018-04-10 21:06:52,2018-04-02,44141eaa54526f2710839666e891f0d9,2018-03-13
0c2cf3b3583c8f83ff9b3122d44fdaeb,5445f5f238cfaafc96fd267d5db851d6,delivered,2018-08-24 14:57:19,2018-08-24 15:05:11,2018-08-27 12:46:00,2018-08-28 18:32:28,2018-08-31,53d142fa7c0e9dd1195df9cd87d417aa,2018-08-24
02f2c7fceceffdefd9a7e96abe08d93f,3a93b7b28f2d50b25c5bbb089d9b1f3b,delivered,2017-06-18 20:06:06,2017-06-18 20:15:21,2017-06-23 11:22:16,2017-07-04 14:17:47,2017-07-25,5cb4b4dc4ba01dbf41973527b20d5440,2017-06-18
9f5173eb1a39549202e4ea7f568addb6,98fdb7a0ffab98ac4555b9e45387ca13,delivered,2018-03-25 20:56:27,2018-03-25 21:10:34,2018-03-26 19:47:44,2018-04-14 13:29:48,2018-04-18,2a2c5191ab8142cb20a9398971179c32,2018-03-25
0eac9f8e158a0eadfce8c9da8547a8ce,c889eec026a928be2c4ddde850ef4919,delivered,2018-05-03 13:36:47,2018-05-04 17:10:17,2018-05-07 16:25:00,2018-05-14 15:28:50,2018-05-22,f1074cf981af1ffe480a9781f1d0b0bb,2018-05-03
30f9680e12738190e2910a6f914f1703,294894ee713acca0f4bce17bd8a15ab5,delivered,2018-07-26 12:14:51,2018-07-26 12:25:18,2018-07-26 15:24:00,2018-07-31 19:22:10,2018-08-23,bc2f434e5256fda4c0f3951298c31833,2018-07-26
5d169e74fbced395f079ddcc33445dc1,5207b0ef4cd1e2df50d660995a6ca90d,delivered,2018-06-22 17:33:54,2018-06-22 17:58:44,2018-06-26 11:53:00,2018-06-30 12:36:44,2018-07-20,9968246adfa9131d001b7f2fb4851d91,2018-06-22
8ad3c90054f697a24d150f97f9895638,b42bdafa270ca0623232c9899d5e8f3e,delivered,2018-05-13 22:32:35,2018-05-13 22:53:50,2018-05-14 14:54:00,2018-05-26 18:18:22,2018-06-05,09f13869ddd0dc89780cbac9eaabe347,2018-05-13
0380d4bc2621c9c80b674b729d4c6c02,ce66a27f4a8c469e2f21230797f9e90a,delivered,2018-02-15 12:26:54,2018-02-15 12:35:27,2018-02-19 21:22:43,2018-02-20 22:07:28,2018-03-02,4484ee6ede99f1f95c6a1470483ad549,2018-02-15
8f53771a7fcdba0c4033c969cda4724c,6d84f1503898b73420c9416a4a1953ef,delivered,2018-04-01 14:39:36,2018-04-01 15:31:55,2018-04-11 17:19:28,2018-04-16 15:35:46,2018-04-26,c692c3bf3fdc2dc1fe7d419c727e9ec0,2018-04-01
7e6c8e28ce48b444b6b6028f6aca5c72,bb375e44f33a775a8b3e4bcb72276e1f,delivered,2017-10-16 10:50:53,2017-10-16 11:10:11,2017-10-17 14:24:02,2017-10-18 14:41:24,2017-10-31,8bca2409e2cb4430ac988a031dcf7fc3,2017-10-16
ae8d2355c75c103cecb78b4b58ed7a9b,4c6df85cd1c9c4aa1b8c21b20ba83175,delivered,2017-05-30 11:57:07,2017-05-30 13:23:13,2017-05-31 09:23:02,2017-06-12 11:59:46,2017-06-20,3504bea0c72ad9e945b63f889702d2d4,2017-05-30
0735a85a187bf67cfe490862c0e72bb0,91d3149d945965cc9dcb46ca1981f7c8,delivered,2018-04-04 10:36:31,2018-04-04 10:49:15,2018-04-05 17:03:32,2018-04-06 23:38:36,2018-04-16,ab0dbb476c5765039e40a2492a1c3dfd,2018-04-04
8f5817567870050244ea3c3365cb3e4b,acac9d60332d1faf167269f17506722c,delivered,2018-03-11 18:34:23,2018-03-11 18:50:29,2018-03-12 19:21:54,2018-03-22 14:18:35,2018-03-28,7de1536dfbeaacfb971b48c2c93c16cc,2018-03-11
498df1cd2e70db2732f74f8c673e733f,1be2aa7c9f1e41a1d14f200e97442173,delivered,2018-02-15 11:46:10,2018-02-15 12:07:44,2018-02-20 18:23:30,2018-03-09 20:21:47,2018-03-09,a41c1c664fed16013ba77a1b4a874638,2018-02-15
e22737e996298006a1b66185c8b4399e,0788b39f5f626acca3e865c280736e95,delivered,2018-04-04 10:15:39,2018-04-04 10:30:18,2018-04-04 23:46:33,2018-04-19 22:44:54,2018-04-30,a60a578b2c385065da2c0543214075b5,2018-04-04
926f5e1e6faac24526c88890d6cd84ac,84eaed2673c6366031957b44e53b2067,delivered,2018-05-18 11:28:40,2018-05-19 07:10:48,2018-06-08 14:26:00,2018-06-11 21:58:43,2018-06-21,d3b1552813dc4fdfe6b4fb90ea3ea549,2018-05-18
52a1973044aa5f46769841ea77ffc2ed,7136e57a423e37b67db4785828331b99,delivered,2017-09-25 13:39:41,2017-09-25 13:50:13,2017-09-27 15:38:25,2017-10-08 15:13:56,2017-10-26,407df822bff6d1364294d856c08db879,2017-09-25
2290b45124e2773329685c8dd7458e68,6087008160873cf7d0e58b1de1f5e048,delivered,2018-07-04 13:43:30,2018-07-05 16:09:14,2018-07-05 09:56:00,2018-07-10 16:08:34,2018-07-26,d5adfc2b5803c041c95efa627da7bf07,2018-07-04
41827e4e8d543efd8589dd2b2578c1d5,5a54bfa9e77f0bc8ee528cc244e6e06c,delivered,2017-03-17 20:50:31,2017-03-17 20:50:31,2017-03-20 12:46:01,2017-04-03 09:18:10,2017-04-11,b706b99ff885438d60df12e98ba825fd,2017-03-17
c518f5624cc7261df143c155e642a8cd,6cccffbb4e7e80391ae447913bd541e4,delivered,2017-03-12 16:26:20,2017-03-12 16:26:20,2017-03-13 13:10:21,2017-03-21 18:28:07,2017-04-10,75fe145e64986de933b893642277d8a9,2017-03-12
fb30296d350b197030e65d4a2e52a1a6,a7b1fbc6873f02a31b7ea555c90cb274,delivered,2018-04-02 10:52:26,2018-04-03 05:48:55,2018-04-03 22:57:50,2018-04-07 16:06:48,2018-04-12,ced43e4c9c807745b25ad6c5d519859e,2018-04-02
a0bb81fda7cf88b07f9a884c1be7ba64,4a9cae3c6e4eff37b35be82974029cda,delivered,2018-07-31 22:46:31,2018-07-31 23:04:17,2018-08-10 15:36:00,2018-08-15 18:48:30,2018-08-29,01db45606d08e66e2c058ad2f08f5b34,2018-07-31
28785e42a86823ed810e8697382b4ceb,0193c07a4b8a38ee92bdd6535de468d5,delivered,2018-03-17 22:07:37,2018-03-17 22:28:48,2018-03-19 18:51:59,2018-03-29 22:41:52,2018-04-09,54732c804725f94304b9f2d1107a3d6e,2018-03-17
b34369ee8397436dd7ceb8bb7783671d,c96771504b0c9d89ad8da161e0e3d092,canceled,2017-06-07 20:11:29,,,,2017-07-04,04c55667b44fae5f50ed71d40c633d09,2017-06-07
470e4a0aae7ae6c3bb0aa161b7abf205,26f83e62d72f451b8d1be6bace2c760f,delivered,2018-07-27 10:47:14,2018-07-28 02:35:18,2018-07-30 12:26:00,2018-08-02 19:28:53,2018-08-15,9882759a457eb7251bbb978cc5adcd1b,2018-07-27
b149455fa7496682b0416179a74cb8bb,fdd462d38129a881c0620cebff8d5484,delivered,2017-11-08 14:42:39,2017-11-08 14:50:50,2017-11-10 16:12:57,2017-11-21 22:19:00,2017-11-29,1743631071053f26bb95b0ca2ca4c5f6,2017-11-08
000aed2e25dbad2f9ddb70584c5a2ded,fff5169e583fd07fac9fec88962f189d,delivered,2018-05-11 20:33:38,2018-05-11 20:57:03,2018-05-16 14:26:00,2018-05-18 16:46:31,2018-05-22,6457be0b331148fb5454efc88d1e03d9,2018-05-11
507ade1b30ebcd50657684efabcd135f,f20afd4cc727293b97398aa1c665e9cc,delivered,2017-11-09 10:09:01,2017-11-09 10:26:52,2017-11-10 18:46:47,2017-11-13 15:59:18,2017-12-01,2eac18b475d7d985f0ab52b9c010f59f,2017-11-09
ba78eeba3ae33579487bedc08dce96be,4bfe7cd506a992a41031d3fe407e2b2b,delivered,2017-01-24 14:14:29,2017-01-24 14:25:22,2017-01-25 09:38:56,2017-02-10 12:09:03,2017-03-09,8dca1e6a2d880073f8104b4b0064c105,2017-01-24
e18be83c4a3b99b4eab98b64ae5bee5b,7766364299644f1ce43ff4640a193a49,delivered,2018-03-13 15:57:08,2018-03-13 16:48:07,2018-03-14 22:24:42,2018-03-17 06:51:44,2018-03-23,e02e905c3c1fb7792b7b98ff5d58ede4,2018-03-13
d2142399ae9975a18c099e642c5e48f9,c09557607b4707656905142f3e80c1be,delivered,2017-04-17 21:09:39,2017-04-17 21:22:12,2017-04-20 16:24:24,2017-05-29 08:10:00,2017-05-25,8d0e4982b1986eb1d5953cde05580a37,2017-04-17
6e3ff590b497a3de669506cfaed55b4a,26ee6aac04c17013152233a0c471c2e9,delivered,2017-05-24 13:55:43,2017-05-24 14:05:14,2017-05-25 10:54:44,2017-05-29 11:24:40,2017-06-16,2f52fca4dc4d57df276efdda20c2058c,2017-05-24
c9e7e5db848d9887106af64ce027ff75,79a2df12350e76ffce12fc265747ef38,delivered,2018-05-16 21:00:35,2018-05-16 21:15:30,2018-05-18 19:00:00,2018-05-21 20:16:31,2018-05-28,d2200863f9f169ddb3a2d6203a8dc007,2018-05-16
bdf4423bf60eac03b6786ebd0e507cc1,0040b00970e2139e8c43b647c0da5305,delivered,2017-01-26 23:10:07,2017-01-26 23:25:14,2017-02-06 11:54:30,2017-02-15 15:27:48,2017-02-20,8dfb9fff0eac6a63f34ed7707068e988,2017-01-26
33401c04efca8f6e33ee1cc1eaa8e32a,22a3fb1c07bc5d522ac4747f9dcfd440,delivered,2018-08-08 16:53:14,2018-08-09 17:35:15,2018-08-10 15:18:00,2018-08-14 18:25:28,2018-08-13,800382939d605bd8b03f3d8dc97a62a9,2018-08-08
a4e589b74835bc3afcbd2f9e8c5f7fd5,8b395f74a33054bc1e054c5b9348df51,delivered,2017-08-18 13:19:58,2017-08-22 04:16:21,2017-08-25 18:16:49,2017-09-01 17:32:10,2017-09-11,8b843efe35f8a54b66f7abf3e460e84d,2017-08-18
03b9c1e9a4406645c06dde26f4a704e9,c156f1d60c8d28bcd38c1f5720d50782,delivered,2017-02-27 09:27:13,2017-02-27 09:41:57,2017-03-01 06:52:31,2017-03-10 07:58:50,2017-04-04,d0a6453b80e82672b2b70e82ce1c4e9e,2017-02-27
857699cd8c2658e12a5870b9b54eadfb,574652f96ba898a0759784757c1907d5,delivered,2017-12-07 10:23:12,2017-12-07 10:34:25,2017-12-08 23:49:05,2018-01-15 13:05:45,2018-01-12,c33d72ff41a9a80bafbf235b9c7dbbc0,2017-12-07
89c2989bfa78c40ee84930e6ffc320b9,56cd6175e65df23bbe59af34440be98c,processing,2018-03-23 18:45:55,2018-03-23 19:27:39,,,2018-04-12,199b5ebe4bec0f46d0007ea8c481960f,2018-03-23
df0bb4e3a5f6d5151441f441a58aa806,6dced73164631978b70241f6a7017f3a,delivered,2017-11-24 22:49:57,2017-11-25 01:55:25,2017-12-12 22:26:36,2017-12-27 19:49:02,2017-12-19,4a62b43a89d24bb2b63705b81281dbaf,2017-11-24
c92a96b2edf7f42ebf19837f97f6009b,b1256e57a349bb234c311e484ed8cd6c,delivered,2017-08-15 23:41:01,2017-08-17 08:45:12,2017-08-18 20:40:03,2017-08-24 20:11:35,2017-09-04,30951a661d8bf91b4fc3e244791dbef6,2017-08-15
29345ccb0ecccd723beb7de346e0528f,cb88f300cd0cfbf82776798d5e2fdce8,delivered,2017-10-17 19:25:57,2017-10-17 19:45:54,2017-10-27 21:03:34,2017-11-13 12:17:38,2017-11-16,50760ef380bb005a93e7667f11d1bd10,2017-10-17
14cdf6b0e28c9bea424092db68bd3847,b3f260b31b70c5fcf87843a23466b2e8,delivered,2017-07-24 16:26:09,2017-07-24 16:43:03,2017-07-26 11:12:35,2017-07-27 13:34:24,2017-08-15,205d8701b809013966cd74db33807954,2017-07-24
2685303a30b9133248bb610af20a7811,5f8a12865ea2bb0196309274e15cf955,delivered,2017-03-22 08:42:45,2017-03-22 08:42:45,2017-03-24 10:35:14,2017-03-29 16:08:53,2017-04-10,bcef5f7daef01fe3c6e410e04fb4094a,2017-03-22
66f914f1914a21decb9c8cd76cbca55f,c5ddd2d83188e82163995d19351a79b3,delivered,2017-11-30 17:20:03,2017-11-30 17:30:59,2017-12-04 20:25:00,2017-12-14 16:48:47,2017-12-27,504fe8ffad0f9fad2bbe136cd6157925,2017-11-30
d9137c81bf939fd8a1934f77b701422c,d1b14fc1c19d8abe7194221cc318f50c,delivered,2018-06-25 20:49:44,2018-06-25 21:13:05,2018-06-26 14:35:00,2018-06-29 00:26:31,2018-07-16,cba58c59b4b1c13a8ae843f51bd8e322,2018-06-25
1dec11386bca25ac9f2eb159feccd7ca,59d98826362abe32f153471285f3fe3b,delivered,2018-05-03 09:18:32,2018-05-03 09:41:46,2018-05-04 13:47:00,2018-05-10 19:03:30,2018-05-21,7f9b797bc9e328d785dbbae80827c41f,2018-05-03
66057d37308e787052a32828cd007e58,dca924c5e55e17bdba2ad42aedaeaaeb,delivered,2017-04-15 19:22:06,2017-04-15 19:35:13,2017-04-19 13:25:07,2017-05-24 08:11:57,2017-05-18,ecd359ab5d9414b7b46fc1fee20d87a6,2017-04-15
ce739db6acc9dd893a9319a2629953e7,4a07364efc6beeb55df6dd72f15088a9,delivered,2017-12-28 22:27:15,2017-12-28 22:38:21,2018-01-02 20:19:54,2018-01-12 20:19:23,2018-01-31,1e87a5884d54659f918bece1cf475a30,2017-12-28
da28bbd0cc0e923ee858fdeb0039a0b9,c7fef5622833f398d9fbd2929c9bd3ff,delivered,2017-09-27 15:58:52,2017-09-27 16:14:30,2017-09-29 13:35:04,2017-10-11 21:13:35,2017-10-31,e3d4e50771516c8dc337b16d6ae2c677,2017-09-27
adff7b867a7bd97bcf42ddec332f246d,690b3de0e2b6e94ac82eaca053616c23,delivered,2018-04-16 16:45:59,2018-04-16 17:34:20,2018-04-18 18:56:41,2018-04-20 11:33:09,2018-04-26,f64475bd4605f73fffaff12e5db016a5,2018-04-16
5f855e92f134f2d544ec90a5864bc73e,e578f66c816fc09c907a23bd74c73967,delivered,2018-04-12 10:47:54,2018-04-12 11:41:11,2018-04-12 20:51:51,2018-04-16 19:22:31,2018-05-08,f4630c93125ec84a5c6ed702054a507d,2018-04-12
466a97f80260f9336c1be60a53042e14,10f1f9be58b2f03349c40a280166de70,delivered,2018-01-25 20:30:55,2018-01-25 20:59:02,2018-01-29 23:58:52,2018-01-31 20:48:35,2018-02-14,c5404efaf3af6f9c0e2746421c91ed22,2018-01-25
bd5ffda97fccc263e7c4f0f4f3f42b88,6ed46d1a1401e293d5b53bd611fe6ef8,delivered,2018-06-22 16:04:28,2018-06-22 18:15:53,2018-06-28 14:48:00,2018-07-03 21:08:47,2018-07-18,f89d5355c8b2af9ef8e8a9f4302aceb9,2018-06-22
943eaec3487658de2dc5291e9c051e51,71cb151e6607a5f3d56935c7c2e5f4ed,delivered,2017-05-19 11:43:01,2017-05-19 11:55:23,2017-05-19 13:20:50,2017-05-24 10:34:16,2017-06-12,f6dfa1cb8b2e7caead4ec309a50883f5,2017-05-19
bdc0bd072186ba7097165ec74875f0eb,804b12a87e551f74f8d1f0c310eeb15b,delivered,2018-04-27 18:40:55,2018-04-27 18:51:25,2018-04-30 15:46:00,2018-05-05 17:47:32,2018-05-22,8b785457f8ad52f2448fbb4933797d2c,2018-04-27
c69f0380799b51f882ec31e9761cd497,788144ab1cae2ab28794815b0b101ee4,delivered,2018-05-21 21:37:31,2018-05-22 21:35:44,2018-05-23 14:14:00,2018-06-08 13:42:58,2018-06-21,630184b616479279555cdd7dd83a3fe1,2018-05-21
dbd2fb4a3599d11c9e02b4fb4c6f9992,b461071dc1b4a15f4dab9db38270a778,delivered,2018-03-16 21:54:40,2018-03-17 16:56:09,2018-03-20 02:21:01,2018-03-25 16:22:53,2018-04-18,fe8dc12da914a29250476cecc58097bc,2018-03-16
14861b02076ed7da9471988265a0104b,06e107f212576eccb2e2adc7781c9705,delivered,2018-07-12 00:03:11,2018-07-12 00:15:15,2018-07-12 14:03:00,2018-07-13 16:48:34,2018-07-26,7dd0031f1da839843abbcda4e9fb317b,2018-07-12
698f476267deedddbe4ad589590ccae6,533fb5085c7f25a1b96339a5ab46a324,delivered,2018-04-11 18:43:39,2018-04-11 18:51:19,2018-04-12 23:06:43,2018-04-24 10:16:56,2018-05-10,460b5dc811f416128a82e4c0245329aa,2018-04-11
a1fa8465f15178a62e2429d53c230d99,4fe13d656b536982335931449b3fe43d,delivered,2017-11-16 17:32:44,2017-11-17 17:47:43,2017-11-21 17:13:41,2017-11-23 16:16:40,2017-11-29,404436dadaa167dd17f2cbb44d9f45b3,2017-11-16
2b950091945098a44e96447b5c4d9e85,8450bc4f0cf0fba040163c4024ae86d1,delivered,2017-11-19 03:32:40,2017-11-19 05:32:38,2017-11-22 01:32:30,2017-11-27 22:48:25,2017-12-07,2a9a9283ac70bd5f1a56e6747ddbd906,2017-11-19
9d817e85739426de1efcd842ee59cbd1,94a0145915f0bda7507fe35db2b2698e,delivered,2018-05-15 00:08:11,2018-05-16 00:15:48,2018-05-16 15:51:00,2018-05-22 17:52:56,2018-06-21,188b4725e34369a393ae43a6f7703876,2018-05-15
c4c9066b8b703b82bbaa0561244e0e0f,b59a3e6478e9da13a3ca328e9faa96d1,delivered,2018-03-01 17:44:41,2018-03-01 17:55:35,2018-03-03 00:04:36,2018-03-27 15:08:44,2018-03-28,58b0b4757ff906f793b80dfeaa1d757f,2018-03-01
7cbdd21eaf3b8934a3b11338c0f3aa7f,de7921534c6d469a9015ea7ae903bf49,delivered,2017-07-22 00:55:46,2017-07-22 01:05:10,2017-07-27 15:03:11,2017-08-07 22:04:45,2017-08-25,67bb7d09b5d053cae4d21ebe021def0e,2017-07-22
3e76656d05c5a539d8a720fc5f91b64f,7d1b4cfdc72af15ea8dc8e6afff535f1,delivered,2018-04-19 13:29:33,2018-04-19 13:53:35,2018-04-25 15:31:00,2018-05-02 14:28:53,2018-05-14,227e21e67b761ef2aece576321e1e1ef,2018-04-19
be580c71d638ce682e9792c27c7aacb2,d163cf4e7699b15dd8bdd1e3c5860a89,processing,2017-03-14 20:12:18,2017-03-14 20:12:18,,,2017-04-10,77f283b88084654cd6ff9867786c36cb,2017-03-14
1f1ee480dfe62c3f7ab8829405e075c1,d32163773f451460d21be3956bd15ef5,delivered,2018-05-17 16:42:43,2018-05-18 00:15:32,2018-05-22 07:46:00,2018-05-24 00:44:19,2018-05-30,df17d9d852513e77b5f2de9265511a07,2018-05-17
a12153dad2df2a9170ad612eb14a99e3,0a0afd6b325c47238bc79033025b5a9e,delivered,2018-02-11 15:52:09,2018-02-15 03:55:46,2018-02-15 20:21:45,2018-02-23 19:47:17,2018-03-13,455025dba231735f3760572a92a7dd6b,2018-02-11
57f3dce57b231e9b80186f99ded08cf8,c096587845614184e0dbdbe8c8eb7662,delivered,2018-01-30 22:23:38,2018-01-30 22:52:12,2018-02-03 01:37:25,2018-02-14 15:28:56,2018-02-23,4be8154b42b4593fae17f1b2cb375615,2018-01-30
5ac3fcbc8dcadd9d700bd4dea8aca74d,16c5c8aeae319cdc58ef090aff4f2d5c,delivered,2018-03-30 19:55:00,2018-03-30 20:47:26,2018-04-02 17:06:53,2018-05-07 19:48:48,2018-05-03,77d8d9db99ee052b8ee4dcd884d85913,2018-03-30
69ab7fdbd887d055b05826a8cc5591d7,12d40bdce2536956b181627d4762c68e,delivered,2017-02-07 21:17:45,2017-02-09 02:55:40,2017-02-10 11:20:36,2017-02-14 12:37:28,2017-03-06,a1b3ac2f0a874e9c8f368ad87b7e6cca,2017-02-07
7bab8fdc27c8cc367c51bb3c4f8bcc42,5f80c8ac8d4c620ad6bcc698b80f8358,delivered,2018-03-02 19:29:10,2018-03-02 19:48:48,2018-03-05 18:09:40,2018-03-23 23:02:27,2018-03-29,289e1d1ce11a14bb169775d58ad2f1c2,2018-03-02
1d4fef737d9b6c214e13e92ae014018f,584f7f6c5c35ae99caabdaa223783764,delivered,2018-08-18 18:50:32,2018-08-18 19:09:40,2018-08-21 12:25:00,2018-08-24 14:08:27,2018-08-30,499a526473db72c33f89ed8ad779c129,2018-08-18
9d0ead55b274d0c21fe95108b4b3ffe8,e72a02b24f008733f01b595c3b58200a,delivered,2018-07-24 15:27:57,2018-07-25 15:25:15,2018-07-27 11:30:00,2018-08-04 15:32:01,2018-08-09,814ff878d2fc663f06adf8d01af8ea7e,2018-07-24
34984c4e45c628649f0e6c60a8f626f9,419fd4034de389a5bca6eded55d8a1c7,delivered,2018-05-29 23:33:44,2018-05-29 23:51:54,2018-05-30 13:13:00,2018-06-01 14:28:38,2018-06-21,e8742612a2019589acfc5b9b682fd869,2018-05-29
079b09f210081037c1f444e2eaca1e38,751cc1b8ca15a4ecc70e07234b48019e,delivered,2018-04-27 12:54:04,2018-04-27 13:10:47,2018-04-30 12:38:00,2018-06-05 18:26:35,2018-05-25,71bd6ff3f70090f785e26643f22c6484,2018-04-27
385183082e6bcd8f81769fe274d3654a,aa072112a00df3b18830253b7fd1f47f,delivered,2018-04-04 08:46:50,2018-04-04 09:09:51,2018-04-04 19:14:41,2018-04-05 20:39:44,2018-04-16,009a3ad0cbdfc7f5481488472f72e8b1,2018-04-04
a206b5b5949384fc699e072ced43192d,14369dc96e15545d2cdf0b8e5778f1ac,delivered,2017-12-06 13:26:13,2017-12-06 13:37:26,2017-12-07 18:58:26,2018-01-10 01:06:20,2018-01-09,be2466eb15d512e9f18fbf4ad05de28f,2017-12-06
73a331a84d88cbe29024744ea908b253,ef27ad6a759b60d8a7d93688c171aa20,delivered,2018-01-16 19:53:45,2018-01-16 20:10:27,2018-01-17 19:03:14,2018-01-25 17:13:24,2018-02-06,b2880172995bb524150b904fc24a5e94,2018-01-16
18931048107af46874dd4bfd3e5a8aae,2fcbfb11699f54fb8cbd3593c6250840,delivered,2018-04-06 10:26:19,2018-04-06 10:35:31,2018-04-09 22:11:28,2018-04-14 01:08:50,2018-04-25,78d807b4b2647cfe9549d647a823eb5a,2018-04-06
3d905f2c25bbcb26fc068e0ca62a4315,a552a8ddad3a5ddbf24e84046123e406,delivered,2017-07-24 17:31:04,2017-07-26 02:25:45,2017-07-26 18:12:33,2017-08-01 20:36:12,2017-08-15,7784447c90f683e4775f7c1f02c04fbf,2017-07-24
eb2dc067ee1a4eac77e2d045f01cf7f0,78101fe486eab484a8d65d53b69f4b09,unavailable,2017-12-04 23:16:03,2017-12-05 10:30:41,,,2017-12-20,337c366128e3c95a986ca2c89b7030d8,2017-12-04
9fb4185dd9d8f82b6effea11c1555899,9376b063a94c859dc0ac58fadcb15902,delivered,2018-03-20 10:05:52,2018-03-20 10:28:15,2018-03-21 19:12:44,2018-03-27 01:28:42,2018-04-02,e5ef6ccda2a58a5e757397c302f45da6,2018-03-20
8dede9c6014be218c3fce9a53dd44214,3c1bf64716a94f0ca73edc8352ec1b75,delivered,2017-09-04 10:18:22,2017-09-05 04:36:07,2017-09-06 17:54:59,2017-09-13 20:47:16,2017-09-22,b08fab27d47a1eb6deda07bfd965ad43,2017-09-04
a54f14e8c617edc690ea2b56276d6743,f24c605384d492632a9a539d3f0d300e,delivered,2018-06-11 21:04:27,2018-06-12 21:23:41,2018-06-14 15:08:00,2018-06-20 11:58:38,2018-07-11,cf1ddff6ec3b4a5d245d2971aa062a5b,2018-06-11
6975181fadf909dc0ec2cffd86bb0176,3eb41d54dae98a7ee7ea180424310821,delivered,2018-04-12 09:02:42,2018-04-12 09:15:17,2018-04-12 21:42:44,2018-04-16 19:22:22,2018-05-04,203b60d303ab4fe2454b85b192d2181a,2018-04-12
2cb5ed8e391a8ef966fe938d480510b1,6ea342594088a8d78a51e55e38053887,delivered,2018-03-03 10:12:47,2018-03-06 03:35:42,2018-03-06 19:27:31,2018-04-11 16:59:50,2018-04-06,d0a0097c18d20ea11880b9f8af8232d8,2018-03-03
c145fc8b026ef7dcef1a56820099b784,b0578f6e3f6019e803f13ef0ba346530,shipped,2017-06-23 20:29:26,2017-06-23 20:35:22,2017-06-26 18:47:57,,2017-07-17,66d423d88f8ca7fe0f21974a974d8df1,2017-06-23
7f4988e3479541a14ffd638419c902b1,f4647aea7ef7c8dfb11e2970c509f8f9,delivered,2017-07-16 15:27:12,2017-07-16 15:43:23,2017-07-17 18:35:30,2017-07-18 18:47:40,2017-08-04,90bd0a957d10ad855b2b7799e98d162d,2017-07-16
4f5a529c594b7fb29daf6b077313ebcb,d0ded10ea1879d9144131c80f05be330,delivered,2017-12-06 16:56:37,2017-12-08 02:39:32,2017-12-13 12:59:19,2017-12-29 17:23:31,2018-01-02,c4c2e535637dd5e377d1fb79f23043e1,2017-12-06
6f85fa051c6abbc96216b2dfb6af04b4,ffaa6016ef664a87ad16212a2630bf23,delivered,2018-03-02 14:21:59,2018-03-03 10:55:31,2018-03-05 22:22:25,2018-03-12 18:12:39,2018-03-20,3de473dafcdf00614810c9eb37ee2cd7,2018-03-02
2da01b4da104add683f87af323a0e9d1,4833bffdf808dd229fb636eacf117d88,delivered,2018-08-01 08:33:57,2018-08-01 09:20:06,2018-08-06 06:46:00,2018-08-13 11:22:45,2018-09-06,3ebd2e5f948dbd9d5165184b5ca781b2,2018-08-01
19542608de028da289c7e0fb0a7422ea,d8eae12eae299f031d70dcbe066d57bd,delivered,2017-08-24 11:15:18,2017-08-24 11:25:25,2017-08-25 20:07:59,2017-08-31 19:05:44,2017-09-18,a78ad87448202e1a58ebd90aa13bd4cf,2017-08-24
0f14db1abb2772e95d78a72c30d69678,3563b65918969aa4770325856ec0c256,delivered,2018-04-11 02:48:15,2018-04-13 10:11:04,2018-04-13 21:53:31,2018-04-20 20:19:12,2018-05-08,6dcf48fcc0c4d96dd7af8a0897ae9de8,2018-04-11
c8126d249a88b7218ea8af8a2ddfc024,8d507f583837f28f95948bf6acdf0c9a,delivered,2018-07-06 14:23:32,2018-07-07 04:48:22,2018-07-10 15:27:00,2018-07-12 20:33:44,2018-07-25,e0ed1de73bac390320f5d2b165f52dce,2018-07-06
ac2dcc9201c601c1030aa6daa7337f95,964a1b658f1aff1ca42fc6adbec6a304,delivered,2018-01-17 14:14:21,2018-01-17 14:29:53,2018-01-18 20:12:41,2018-01-23 22:59:28,2018-02-19,23d8fa4c98e800d92af00841e0a8b640,2018-01-17
9757bb9b0d295ca539b1b15c3eab9b2e,c4fbb5a95dc900f4bd12838d8e8bf99a,delivered,2017-07-30 20:17:31,2017-07-30 20:30:06,2017-07-31 19:34:26,2017-08-05 16:03:44,2017-08-24,f6f380d65a3df4a73ca15cd8ecc08d2e,2017-07-30
ac1e2ddaa8a97a982f9e3bf625bca0b0,2c2138da862f883482de2f8dc4bedbe1,delivered,2018-05-18 00:32:42,2018-05-18 03:56:19,2018-05-18 17:30:00,2018-05-21 17:28:24,2018-06-06,1ce879e096d3c38f230acdab7165332e,2018-05-18
01e6f40a293da5a9dc11e49695c7541d,ccea9568a9b9092688e949bcb955ddd0,delivered,2017-05-29 12:58:03,2017-05-30 04:30:25,2017-06-01 11:55:36,2017-06-07 15:19:29,2017-06-21,a354ee7ba147e604d8b6c07ab4646a14,2017-05-29
1056d9c713cf16970b44a1994cbdebb3,f67c3132efd7fdbe82c5365dad71d736,delivered,2017-02-10 16:46:29,2017-02-10 17:20:26,2017-02-13 12:54:08,2017-02-17 10:28:02,2017-03-13,b27e39a421d71a38ef5c84a0c4f453cd,2017-02-10
11164af6ef812e688fc012214add9b33,32c69104d98a01809880ea33b518c808,delivered,2018-06-01 22:30:54,2018-06-01 22:51:20,2018-06-05 15:23:00,2018-06-11 16:48:50,2018-06-26,115b53c10391bfee8353d0d52b97c4c4,2018-06-01
b142ce1c884b7b514639d0ce49c1fa39,f22ebbb28922e5674081e7bff1d1baef,delivered,2018-01-26 22:32:03,2018-01-26 22:52:04,2018-01-29 17:44:03,2018-02-17 12:42:13,2018-03-01,f4ce78dd03358d790955f31ab3da1878,2018-01-26
a186eef01772ae1e7d95dcd6b606a52a,8e788b2450c8edf1410976f0e00ab0ff,delivered,2018-02-15 19:44:45,2018-02-15 20:06:22,2018-02-22 03:38:41,2018-03-07 18:06:38,2018-03-09,3655449bb852f5663e2fd8a8770bca2f,2018-02-15
f77d6449700df86a91049fdf2bb2e7f5,8a717a19b689087bd31b9b2241003871,delivered,2018-06-03 00:20:18,2018-06-03 00:30:17,2018-06-04 15:31:00,2018-06-06 18:21:56,2018-06-20,6ac1d3a5d7b9d60c230b2931ea47f0c4,2018-06-03
66ff1220586d3f2a3bca0ab30fe9159a,454966f7c9735e0d105c8fee65228072,delivered,2017-11-12 12:52:54,2017-11-14 03:35:40,2017-11-15 00:07:41,2017-11-24 21:33:18,2017-12-11,8c47f5a910a028827b9955d1713795a9,2017-11-12
9081eb59066e15ca372cbdf65b67c57e,c276069b9038f794b40e0367b28a64fb,delivered,2018-01-18 17:13:29,2018-01-18 17:35:32,2018-01-19 23:48:43,2018-02-06 21:52:27,2018-02-19,0c1cc81b5b8da875cfdefd97955dde75,2018-01-18
08c94cca559ddccd243fc551e088b856,74470427b2f2d1ecce8a1f7da289ee9e,delivered,2018-07-19 10:17:21,2018-07-19 10:30:11,2018-07-23 13:41:00,2018-07-31 15:42:55,2018-08-10,63ed7a2e00af681d720e8a93d555c987,2018-07-19
23454aa9c9538dcfcd7a90e8a41b3ed6,0c16001ff6d159f5e4dc4da48e67905c,delivered,2017-05-25 18:19:13,2017-05-26 02:45:22,2017-05-26 08:57:48,2017-06-02 14:46:52,2017-06-21,0d80abd296fb62391d82f427f5a45de6,2017-05-25
a5fe635208239cb11b18044279ceebc5,de0e1520ac5cb64cdc689ec1c8b9c272,delivered,2018-06-11 19:24:20,2018-06-11 20:03:00,2018-06-14 14:28:00,2018-06-19 00:42:09,2018-06-26,8460ac7364b3a778c54802cb9c12817f,2018-06-11
31da75f0c78b03d446ea7342a6c002b9,c237d8004d96d415d3b36567708a87c2,delivered,2018-07-05 14:55:38,2018-07-12 04:10:14,2018-07-13 16:41:00,2018-07-24 21:24:32,2018-08-10,c9a4d3ed04279264e926a98f98502fe6,2018-07-05
96ed1598c0605903e3a112a907f54700,25a3a47970e525f12550605082758b98,delivered,2017-11-18 22:11:10,2017-11-21 04:06:32,2017-11-22 16:57:06,2017-11-30 23:58:47,2017-12-07,a5bbe790d7da0b6ddeaf6f31ffc664a9,2017-11-18
442693e8e705ad1f9c91f762f0d297bc,0049e8442c2a3e4a8d1ff5a9549abd53,delivered,2017-08-28 21:16:10,2017-08-28 21:25:14,2017-08-31 19:26:53,2017-09-08 15:36:43,2017-09-20,df1710893e1797d2c3d83b8840ddb0e4,2017-08-28
6285b6f2819b0adc9d5853af6c6ff4dc,d4fb78a8e5b23b05966e19efd5daf545,delivered,2017-11-30 10:22:32,2017-11-30 10:32:59,2017-12-01 19:13:19,2017-12-11 21:46:55,2017-12-28,a19807bc9d487c2e1db76f9d48276ccd,2017-11-30
ef1fc34d1d1ab34f4eb53f2c9b4ed2ab,034454b0d87f1dc91dace5306bde36af,delivered,2018-02-05 17:16:35,2018-02-05 17:33:05,2018-02-07 20:28:33,2018-02-19 09:16:30,2018-03-06,fc1c735fd279ad7321e7b40a4f9d361f,2018-02-05
fb83eb488a7a2a91678418a41e3286ec,4dd76168a4eab12aa6f1178cebf5ea29,delivered,2018-03-18 19:20:51,2018-03-18 19:35:28,2018-03-21 19:14:50,2018-03-22 20:36:50,2018-03-29,cc76ca5057a3eedc0f54326394f4f2ff,2018-03-18
94d293ebc179b90794f06131fdae1883,936b68a646c4f4d8a24ea74d7649b8c9,delivered,2017-12-07 15:50:36,2017-12-07 15:58:25,2017-12-09 12:28:42,2018-01-11 18:10:53,2018-01-17,b13032313910a07a23d55061dc18d9d7,2017-12-07
883c4fe4594557f97aa902af2879e04c,44abeee87819392684e3492948b5b165,delivered,2018-02-19 10:32:02,2018-02-19 10:47:00,2018-02-19 21:58:00,2018-03-02 20:11:51,2018-03-15,3f31efa7602fbf2dd7f73fae0b1e1de3,2018-02-19
d6fff26e75a874eb8e74deeb84f0b4e0,f30392aa147ac889927d2ebbab570e9a,delivered,2017-11-29 18:48:05,2017-11-29 18:55:24,2017-12-05 11:42:06,2017-12-08 21:12:34,2017-12-21,ffc741a42034ec5c25be020c656950eb,2017-11-29
8dca7901c45e1525ad654814a7db9eea,043e1a8a42664d4e6fd092d4b1f878e7,delivered,2018-01-05 01:35:24,2018-01-05 01:47:53,2018-01-05 22:58:11,2018-01-08 19:55:23,2018-01-23,c9410ea221526f527d0f5d0fea2db50f,2018-01-05
ad55129ee505d7099cfa6fa9050bdec6,97f75cec91e09a57da6ddfcba7f77948,delivered,2018-04-10 18:28:31,2018-04-10 18:50:12,2018-04-11 18:48:46,2018-04-12 19:28:39,2018-04-24,2e7c511f54e9d94776c606007d672a22,2018-04-10
a6288025a106ed8a4db8010e42d44577,5585bc3f707bf7755cc669076c92b15d,delivered,2018-07-28 18:54:26,2018-07-29 18:45:19,2018-08-09 10:16:00,2018-08-16 23:18:35,2018-08-27,612457f48abe3ae1c68158192353362a,2018-07-28
ad297cd9b29f35474be512a2ee427c4b,8168b4d71a3686f605f18abf51a2fb2f,delivered,2017-07-19 14:48:57,2017-07-19 15:10:32,2017-07-21 20:12:32,2017-07-26 22:36:35,2017-08-14,7d266019396629de43203f741c66ef0a,2017-07-19
96d89a80126756983acb2d1bfbd97117,a0e531e39d5495209ca09857c40feac5,delivered,2018-08-18 18:47:24,2018-08-18 19:09:33,2018-08-20 12:55:00,2018-08-27 18:42:25,2018-09-14,198380086870820e404ecf3681cd1f28,2018-08-18
6fe0d4afaf96ac0a6792ffa85d4b5830,ba58938b614947293a25014a8010ef59,delivered,2018-01-06 21:54:15,2018-01-06 22:07:31,2018-01-11 17:42:29,2018-01-29 20:57:53,2018-02-15,aae91676c73c7f793f1ebaba4f9cd7d2,2018-01-06
ad45318f69f5c8613267854b52b2996e,1b6aceac84d043da5b7a09d1baa8a40d,delivered,2018-04-06 21:33:53,2018-04-06 21:49:23,2018-04-11 16:07:31,2018-04-16 14:12:59,2018-04-30,e062c41b8304538628803186b66c9c97,2018-04-06
49d6c0bdfef33c709ed283eb19d8b3d0,d06f2fa7aa37463850e08c3310292112,delivered,2018-08-17 17:41:49,2018-08-17 17:55:10,2018-08-20 22:36:00,2018-08-21 19:52:43,2018-08-30,836d666ac433875b9a976c3a8a998c6d,2018-08-17
6621d32aa07764fa7759c523c9001bb2,c030857f0878461f5faf3e33b785a58b,delivered,2017-11-28 15:27:24,2017-11-28 15:37:29,2017-12-01 15:42:12,2018-01-05 19:54:25,2017-12-21,66bde9319d0498a39252d4572d63cab4,2017-11-28
064406f58fe12697ff148d9a5851fe9e,5ce865a639501214aa516a7f5e1b8c98,delivered,2018-02-01 15:30:02,2018-02-02 02:54:04,2018-02-02 21:47:25,2018-02-09 21:08:58,2018-02-19,1bdded1780969d2f7210a047c714a50d,2018-02-01
6eee33addf2f19cbd1d8e81c851825f8,55fc41c933a49c9b66194cc39a0e57a8,delivered,2017-12-29 15:30:54,2017-12-29 16:00:38,2018-01-03 20:17:41,2018-01-05 16:39:17,2018-01-18,a8afda311e0d5647fea7d28535e1401a,2017-12-29
716bcd6dfe99970baf4aed2083136ed8,42715bff8f22b8dc62e5055b1e9fef7e,canceled,2018-02-03 13:37:35,2018-02-03 13:50:26,2018-02-05 19:59:59,,2018-03-01,735e1a0bf3473b83aa51ba5a03387cec,2018-02-03
66138046442a61cd65ff42c35e53dd2b,39bdbfd5e90abd1b76dc52b52ffc3025,delivered,2018-03-08 21:14:24,2018-03-09 17:10:35,2018-03-14 01:14:38,2018-03-21 02:32:24,2018-04-03,43cd002babf702bd9bce5acfa57cc929,2018-03-08
7cb430e983dbba3559fa0f62ec454d5a,ba97a138522901f3c9694658b912c80c,delivered,2018-05-17 21:05:51,2018-05-18 02:36:28,2018-05-21 15:20:00,2018-06-14 19:58:39,2018-06-04,84e9ba76684828812312d1140876623e,2018-05-17
b711b5dd3754e257032e9ecb01f70168,b9eb6b78f19bc70a6f4cd538aac606c0,delivered,2018-03-19 14:06:29,2018-03-19 14:29:40,2018-03-20 19:42:47,2018-03-27 21:05:01,2018-04-09,461cef89cc7b81f2ba1c0f1216719b8a,2018-03-19
bf294e9fc4071077ff5ffbeb803602fd,b3f8d2940b0f088e5daaf83ceb11a8e7,delivered,2018-08-10 16:21:47,2018-08-10 16:35:08,2018-08-13 14:34:00,2018-08-16 00:18:44,2018-08-16,d94ddb6d06280e9021c8e094a8cae712,2018-08-10
6746bff3c11cafd29a7f19f7fecd5107,44ae1844515695a6e2c642c586a27e10,delivered,2018-01-25 15:57:50,2018-01-25 16:18:24,2018-01-26 18:17:49,2018-02-09 12:13:51,2018-02-19,429de3d8004cbe46652a0e069fc545e3,2018-01-25
48e081b41ba80f4327ded0c709f696bb,3aa691a5a3e2e8ae0ff8ba9fc7e30cce,delivered,2018-08-21 17:04:34,2018-08-21 17:27:06,2018-08-27 12:08:00,2018-08-30 14:04:50,2018-09-05,2bd632b67afa1fe80247d35af2ecc74c,2018-08-21
d53f7d65577d2f334537bf228afb6116,05875dfd489ce807cea1c162122a6ae4,delivered,2017-02-02 19:59:34,2017-02-04 02:25:21,2017-02-07 07:51:38,2017-02-10 12:09:04,2017-03-09,b910f96f26d34566581f683f707aa425,2017-02-02
f30d4b0d595c335bb07075291527f56a,8ebeb2d244eccaba1440c6e6f3bcf11b,delivered,2018-06-03 18:09:41,2018-06-03 18:31:17,2018-06-07 14:15:00,2018-06-13 20:48:37,2018-07-05,9b8b880eb73c5a0ad4cc4c49aa8b2d4d,2018-06-03
0e76c1f1cc3a0d46923197991617cef8,c267e35a4a5aee75602d06f6860b25ba,delivered,2017-11-24 17:08:45,2017-11-24 20:52:48,2017-11-29 17:51:58,2017-12-26 21:23:28,2017-12-14,53927ba64e0e05c38d81584e70986776,2017-11-24
0cdc9c620e68547b5d7b5b5d974b675b,4ab85f6dfa508191b18fa85af3152a78,delivered,2018-06-25 01:48:17,2018-06-25 02:15:35,2018-06-25 06:38:00,2018-06-29 18:43:41,2018-07-17,2ff2e11b4ccf829883be874304328ff2,2018-06-25
3aae5f4d2c104f1d6f7620143be23d7f,5670e8edb5152237d23bfc18f0c96e72,delivered,2018-04-09 21:53:03,2018-04-10 00:12:41,2018-04-10 22:32:28,2018-04-12 14:52:48,2018-04-19,9e5c0aa8fea0b95101919e8381480c75,2018-04-09
75d5b284c205c5d351b7cf618d31f5f6,0ff410a8ee5cdf10708bb8069df0be20,delivered,2017-12-20 16:07:07,2017-12-20 16:16:32,2017-12-22 21:22:34,2018-01-03 19:38:35,2018-01-18,5582ad39f2bb460ab8db51830c65f2e8,2017-12-20
c70d255a582e4ffcdf4bbe6bb0ffdc12,54c67eba6900fd3785f06de81c7612bc,delivered,2017-07-26 15:20:13,2017-07-26 15:35:06,2017-07-27 12:43:34,2017-08-03 16:59:51,2017-08-17,b5d7ca7682fea3d714991982983f5035,2017-07-26
d12a47d442a17b323b1a2cc05b2c217b,7836f079e1b55a81c5e3ad8c5a7d0bb3,delivered,2018-06-22 11:16:05,2018-06-22 11:39:39,2018-06-29 09:42:00,2018-07-03 21:38:50,2018-07-17,1b7d59bc0ec530bdfd3a4db9f767d7d5,2018-06-22
005059edee63c8c708ba61910793b31b,d3b3960bebb0ff8c6edb75c8edd39212,delivered,2018-02-05 18:25:51,2018-02-06 18:30:33,2018-02-07 17:31:55,2018-02-19 21:39:12,2018-03-06,cd6ab472aeca00c899a173ffea882881,2018-02-05
369736d4fdf5f12b5b823fe2abb3e485,20f2452267f6c154ded2085fb3b55234,delivered,2017-07-11 11:28:45,2017-07-11 11:45:23,2017-07-11 18:43:38,2017-07-14 20:29:38,2017-07-31,54207f53e2c739bea2ecf9d4c06978f1,2017-07-11
576e5a5f6d1ed0b333acc88bee3b8c25,e7c1c6bd4a65725fecd89c94428cdd83,delivered,2017-10-22 15:13:56,2017-10-22 15:28:12,2017-10-23 20:22:03,2017-11-03 18:47:04,2017-11-13,408b1dc1bf28c3245e5eca9097e14b9f,2017-10-22
b65210a8511143d6d2357dbeaee25e74,52f1a5dd09ee11c3b11bf91c37585f9b,delivered,2018-04-26 21:44:12,2018-04-26 21:55:13,2018-04-27 13:50:00,2018-05-08 18:12:21,2018-05-18,6c83dc22379e00e0caef724d5ce6e068,2018-04-26
e4b53293134babaa7d3b418659ead610,38003f9c1d0b6520183fbf6f25c4d6f6,delivered,2018-04-03 09:41:57,2018-04-03 10:28:40,2018-04-03 21:35:47,2018-04-14 00:12:10,2018-04-23,ae93b440b4e0b9ac8e2bbe84a3862f11,2018-04-03
db89228b5cbfe216326ca3d484a14b8a,4c88dce1c0a3cd855a4faf78e6e125ff,delivered,2017-02-20 15:27:19,2017-02-21 04:55:47,2017-02-23 03:09:14,2017-03-09 18:14:19,2017-04-10,03a3009f100caa52ed7e0fcea1b20f53,2017-02-20
3d7de5d37ece096e7130ead701ee9951,3b874b39bd08789334887fe3a96619af,delivered,2018-04-01 16:12:42,2018-04-01 16:27:31,2018-04-04 22:16:35,2018-04-24 09:58:36,2018-05-02,7474c50d56685370c23b5d47593d8ce9,2018-04-01
40674b7f0ee237bb07702a45f2bd7d9b,ba9e2c8bd1a9d2a57c007283d0c60eab,delivered,2018-06-21 09:46:43,2018-06-21 10:22:45,2018-06-21 14:46:00,2018-06-29 17:52:08,2018-07-27,08781fa71b638242ff43970d12f3942f,2018-06-21
ce500b2ca0d960f937fb4d24282d3291,b77ef6aa11b50074739e74d4a78ae4a9,delivered,2017-01-27 12:15:07,2017-01-28 04:34:27,2017-01-31 10:05:13,2017-02-15 18:22:02,2017-03-02,b992ba5b73d1e67d34f48d71a5617e88,2017-01-27
f945e05012cd4dcbf844fde15c96df3f,618643a5b525ddfb0278b14362854fea,delivered,2018-06-14 22:01:28,2018-06-14 22:16:35,2018-06-15 13:43:00,2018-06-19 19:34:46,2018-07-13,227675326428f2fb58b06ae858ac3846,2018-06-14
4871982748e25b177175c76e0bfd3c53,f5d5e8f28f5fb483dd4e23b1d03dc2b7,delivered,2018-01-04 22:10:09,2018-01-04 22:17:25,2018-01-08 21:59:03,2018-01-10 00:03:17,2018-01-22,c3f3f3473920be3b7bbff219a7e38db0,2018-01-04
bfccbf3f4c803a60b641433bc8affe01,0d922512d7f76cba4bc96a9960a7a7c4,delivered,2017-10-29 11:33:26,2017-10-29 11:50:21,2017-11-01 19:04:37,2017-11-09 15:42:07,2017-11-17,36ce0bb312886e4755466775a3041fbb,2017-10-29
58d3bf26c43675cdcc1a3ac391c06dfc,eac1c5147416e3773dc2b3ed66098363,delivered,2018-07-31 17:12:15,2018-07-31 17:44:24,2018-08-01 19:24:00,2018-08-02 18:48:43,2018-08-06,a4c55054e0dae2349c3f07803084a479,2018-07-31
8ca178b839165862ae754e78577ec81c,b3bcb831fb2edce491ac545d8964280a,delivered,2018-05-02 22:43:09,2018-05-04 04:11:39,2018-05-07 12:31:00,2018-05-10 23:19:17,2018-05-25,52f39c2a54184ccee13c03737463cf26,2018-05-02
21d9d32f8191125284565e1600219667,a483f2f01b362e18d68917fd7269530c,delivered,2017-11-14 12:07:00,2017-11-14 12:27:19,2017-11-21 18:22:20,2017-12-01 01:08:07,2017-12-11,795edd548645dcc311376f39c006a4b3,2017-11-14
71f038dc8ff8c3fe824878b34c0a51f4,141bbc6c184a41aab0a0c3ef29a90bce,delivered,2017-04-23 00:13:06,2017-04-25 08:05:24,2017-04-26 10:30:18,2017-05-04 08:34:38,2017-05-18,c480f0f39688b262755a426d125aea53,2017-04-23
8cbc22c005a12ed79f03d377045951ed,62a560d7cd4acbf08bd96639d10b5794,delivered,2018-01-22 07:25:23,2018-01-22 14:12:23,2018-01-26 21:58:42,2018-01-30 17:23:24,2018-02-06,0d79d8d06becd7c1646bf111771aa432,2018-01-22
191d8d46583f6f363ede63402686d936,1f9782734bacba3b67fae560dd17f903,delivered,2018-05-30 12:43:26,2018-05-30 12:56:54,2018-06-06 12:24:00,2018-06-14 19:12:18,2018-07-05,02c38ff8f0acd90e3b7b98156ac29034,2018-05-30
cd4b336a02aacabd0ef22f6db711f95e,89be66634d68fa73a95499b6352e085d,delivered,2017-10-18 23:25:04,2017-10-19 00:36:08,2017-10-20 17:11:50,2017-10-23 18:33:01,2017-10-30,8d50f5eadf50201ccdcedfb9e2ac8455,2017-10-18
5103d6b3761ac2e1155b08e4c6a5c225,c9a9089bfadc6b762a71590f1f7f2e85,delivered,2017-02-17 17:56:07,2017-02-17 18:05:16,2017-02-20 10:23:07,2017-03-02 12:09:33,2017-03-30,981c8663962b9ee012efd63880b65b2a,2017-02-17
c056578fe94b80e3f1e732d013df9374,4ab0b8cd1e875e4d28abc70289f1e90e,delivered,2018-03-03 20:59:46,2018-03-03 21:15:30,2018-03-07 00:03:36,2018-03-19 10:04:43,2018-04-03,f71da337f7e2b3a70c74fa505f0f6ac9,2018-03-03
5c284ea765f41493a972351bb356a00b,5fda71138039e84e7f363d080362cb1e,delivered,2017-11-15 13:51:59,2017-11-17 03:35:34,2017-11-17 17:02:34,2017-11-28 18:48:34,2017-12-07,730a46b912e512b3043622335710507c,2017-11-15
c164550f33679da3d32b3ce6078cffda,581ee503fd22bd36c99119cbfb230237,delivered,2018-05-28 08:47:35,2018-05-28 08:55:10,2018-05-28 14:02:00,2018-05-30 18:18:34,2018-06-21,f613612c35de4ffbbdb680f32e3baa80,2018-05-28
04f5536db820c4ea1450c353f92d5de5,15b56277e99bef5176b7074fbbb818d0,delivered,2018-04-22 19:19:45,2018-04-24 17:33:43,2018-04-23 18:03:13,2018-04-24 18:45:00,2018-05-04,15746da7b746f5146d84fbfbfc617966,2018-04-22
7ccdf2db4cb80263b5535a6cfad598e8,90f85ef7f6b7f07be42e73c4b8f298b9,delivered,2018-03-05 22:26:48,2018-03-12 11:50:45,2018-03-16 15:52:02,2018-04-10 13:42:45,2018-03-28,4d27b5e8b1dbf35db62bd6891f7fb0fd,2018-03-05
dbff645a24a20fde7eb395e28eddd916,c90d97d09db6da7464152a77ba914c91,delivered,2018-02-12 20:38:45,2018-02-14 15:35:29,2018-02-15 19:52:54,2018-02-28 16:04:56,2018-03-06,de819348a45ebdca4293e9d4fd1c2894,2018-02-12
ec5cf2317f5141a62836da8e71586eb6,b2a3e9c6ec5d99f79eafc475de3db30a,delivered,2018-03-15 18:00:21,2018-03-15 18:15:29,2018-03-17 16:31:47,2018-03-26 22:26:34,2018-04-06,e9978f7ed3429ae9693a4f4b1bdfe6a4,2018-03-15
ce5e90a02c3779d618e686a0b25f815c,2fd13cd85c048b36160155dd6ef1aba9,delivered,2017-11-28 13:37:39,2017-11-28 13:50:42,2017-11-29 20:28:39,2017-12-05 20:26:56,2017-12-21,cb3766a52eaee82451ef56d6f12b9fb0,2017-11-28
b73f09200030e4970b9840b72a630e45,ba12c461af37457048f420e37de2abab,delivered,2017-01-31 19:07:34,2017-01-31 19:21:36,2017-02-02 14:39:20,2017-02-14 11:12:29,2017-03-09,c68949b701afe5343ce845dd492772e8,2017-01-31
98b64215b7d4b779e003927cd0b7e225,ba398201ea0b47e63eee02504c0f81f6,delivered,2017-09-17 16:14:29,2017-09-17 16:25:15,2017-09-19 19:07:59,2017-09-25 20:06:58,2017-10-05,5ab263bf707a0471866a0c7ea0bd8931,2017-09-17
8efb790e87787df85c5be5757d1432c0,6fb0bd6145b929bd4e0b596d7d04e1d4,delivered,2018-04-10 14:35:39,2018-04-11 05:50:32,2018-04-11 21:18:24,2018-04-12 13:09:34,2018-04-20,05855ed55d97bc464aff435959536301,2018-04-10
aa8c424f10763cab5496c65e9e2a479d,7cedd102ee7669811b614cf22875a719,delivered,2018-07-18 18:38:02,2018-07-18 18:50:15,2018-07-20 14:15:00,2018-07-31 21:45:46,2018-08-09,8b49520e0659d7e7d5da18ba89a5c17a,2018-07-18
d4c17074d3c22044f71a0faa32f99564,dcf230a09cf387630ffdf416bf92b39c,delivered,2018-04-10 16:34:12,2018-04-10 16:50:01,2018-04-17 22:58:28,2018-04-27 23:11:40,2018-05-08,d2909abd209ab540ffb36a4878b914dd,2018-04-10
6e3b262fc2ba819e9cfcd9e9bad5b7de,8881342d751d2d1f75196259e19b25ad,shipped,2017-04-14 11:26:42,2017-04-14 11:42:13,2017-04-17 11:06:40,,2017-05-17,789554c10861def772c48f37a41dde08,2017-04-14
bd72f84bd892f4e829d7fa262004487d,ac6fcaa127ca5433e6df97fde1892428,delivered,2018-03-02 12:29:07,2018-03-02 13:09:29,2018-03-07 00:48:32,2018-03-26 18:43:02,2018-04-05,0b4d732ce0d9fae6a22b9971f74a2149,2018-03-02
6bd4b48e32c302661000c8a7c586461e,5ea87006224fb0061d762557b8246c42,delivered,2017-02-20 00:19:27,2017-02-20 00:32:00,2017-02-24 05:11:51,2017-03-06 08:17:57,2017-03-17,094a7e2b4eaf72c5dfdb0ad304dc0b5b,2017-02-20
117af81a8bc7ab82a72c3255780d8149,d754c2010d2c7aa2fd25c4c4a0c35a0f,delivered,2017-11-16 18:04:51,2017-11-16 18:16:23,2017-11-20 15:04:39,2017-11-25 14:07:14,2017-12-05,1a421a26c3954b95a7051c129358d9a5,2017-11-16
6448b940e7bdf635ae69dca1b81077bc,f9b37f6a2591a3a3ee8ebbb20196d71d,delivered,2017-05-08 19:11:43,2017-05-08 19:25:18,2017-05-09 11:17:07,2017-05-17 14:47:56,2017-05-31,6a73ed08af9ee3b724f250866c331e48,2017-05-08
f6b0b46f185d2ee956ba092a30d157cd,8c48064d9bcfdb1c1e0778218dbfd3c5,delivered,2017-06-27 10:35:29,2017-06-29 02:55:15,2017-06-29 13:24:20,2017-07-05 10:51:25,2017-07-19,565b64d5eccb92927eef430de8df9047,2017-06-27
39d90234aa561e2f6a0ca08926c4f678,da5a76cb142d1caffc89b063aa35d07b,invoiced,2018-05-16 14:57:49,2018-05-17 02:37:24,,,2018-06-04,cc7e6b37d88a3469c01483f43b6ff947,2018-05-16
9b2d0b62b218b964a7d93e0df5e07b7f,da72700088fda66d33963258e7fa95a9,delivered,2018-08-20 14:10:04,2018-08-22 04:04:20,2018-08-23 17:57:00,2018-08-28 19:24:45,2018-08-31,7fc320a0e1bcf740b04279d20e90f096,2018-08-20
2e157e2216996cc38981cc6b4d26b9f2,eb0531889b546c683fa11282442f6233,delivered,2017-11-16 23:56:42,2017-11-18 02:30:42,2017-11-21 19:22:14,2017-11-22 18:52:06,2017-11-29,ae864af1d62fc952073ddcd1ab59a233,2017-11-16
13c275bb0585b060da0d45973177dc80,4926825c314ed54a0391bcf4c0765afc,delivered,2018-06-07 17:06:47,2018-06-07 17:37:22,2018-06-08 12:29:00,2018-06-14 13:03:38,2018-07-04,e0c5e0fa78722329ee593baaa88a3158,2018-06-07
837fcf1495a7c0bdacbf9ef5a901fb03,06bf021cebd25d2cfceae152a5956e04,delivered,2018-07-16 20:23:00,2018-07-16 20:35:11,2018-07-26 11:05:00,2018-08-01 23:32:13,2018-08-13,97d007095d1f9c6c5dbb15c3c1aecf5d,2018-07-16
b9812205fdaef3474416bb7877583e8c,2802cd2cc702ec60c9d9a108a721cdbf,delivered,2017-05-14 09:31:20,2017-05-14 09:45:15,2017-05-16 10:42:59,2017-05-23 13:09:53,2017-06-13,e3f6947251362fb8fff46f691c828c81,2017-05-14
be4e62f1eff881f7eef7fbc619128ab9,226227733f6274f0dae93d43d4d99c7a,delivered,2017-09-18 14:31:42,2017-09-18 14:43:56,2017-09-19 13:50:13,2017-09-21 18:47:01,2017-10-09,453c2895f29b6d9a47f8cb48e00b024b,2017-09-18
d3793144c8e35d71e963045c73b7b7ec,1471f2464edb13ceccc7b52cb1a9def4,delivered,2018-08-02 12:04:44,2018-08-02 12:50:15,2018-08-06 13:09:00,2018-08-10 17:21:16,2018-08-14,7a8fb0f39f0df44f5d0b3c0d01d98d30,2018-08-02
39ccf5203e8fbea550189efa753f231e,394945268bfc8ff9a28bec1a4f56adda,delivered,2017-11-12 11:11:06,2017-11-14 04:10:46,2017-11-14 23:18:43,2017-11-23 20:09:47,2017-12-05,fa2ddd4702364eed4dd1911ffc18e0cf,2017-11-12
9c9579e034d68cb04baf60a509029827,6ddd70ac4808e4fe3b6a00913ed468a4,delivered,2017-07-25 17:24:33,2017-07-25 17:36:48,2017-07-31 19:47:01,2017-08-17 02:25:34,2017-08-29,3a40c413227f0a751269c791410bc0ff,2017-07-25
cf101c3abd3c061ca9f78c1bbb1125af,351e40989da90e70487765f6ea15d54b,delivered,2017-07-13 10:42:37,2017-07-14 09:05:12,2017-07-14 19:25:34,2017-07-21 20:42:56,2017-08-04,74adf920dbd3d2e6e9f18acd88b2fd41,2017-07-13
9315b252c65baa9c508538ade0964778,551f48e94f1229ae6aa375480f198394,delivered,2017-11-26 21:48:17,2017-11-26 21:54:29,2017-11-28 15:12:55,2017-12-01 20:49:45,2017-12-11,19488640175c4338368535a742d748ca,2017-11-26
48dcae389be2ddd6ad3ba930055ebe4f,51ca168d7521026309599e5567efe070,delivered,2017-10-06 10:50:26,2017-10-06 11:07:10,2017-10-09 22:53:39,2017-10-24 20:07:52,2017-11-10,4f6a7001c460eceedd0c2fc8b792bdd1,2017-10-06
c44a0e141b356b764ccf469f82c3544d,404fdcb6673196c53184a4e728b329a3,delivered,2017-12-25 15:59:53,2017-12-25 16:08:50,2017-12-26 23:28:52,2018-01-04 21:48:58,2018-01-30,d7381970033691cee4a1dcbe8eb52ffc,2017-12-25
6ca7be1c933db977fa6163dad70b0e07,0ffb96fc3a3a64a4342198b4803d8934,delivered,2018-08-06 14:59:05,2018-08-06 15:40:05,2018-08-07 07:47:00,2018-08-13 15:57:50,2018-08-28,669a8214e5b13278890210b967dc6095,2018-08-06
5cbc4966cc894d0b1ad64e7747264335,1324ff534622fa55dc3102e7cb227111,delivered,2018-01-15 22:57:58,2018-01-15 23:10:45,2018-01-17 16:44:06,2018-01-18 20:37:06,2018-01-30,24259224caf748993c177ebf964c2e6e,2018-01-15
289a8144990935d17cbf39c255cd4d3e,36903ac1fad652172df8501ed7b06146,delivered,2018-07-29 11:42:01,2018-07-31 04:31:43,2018-07-31 15:51:00,2018-08-06 14:57:45,2018-08-22,c7f3ee1f395aad66be9009d49ad0fc33,2018-07-29
c829a917c62d7a244f9be7ae9189c4e1,ba7a67f56e917e25dcadba64cd6ab72c,delivered,2017-10-01 14:58:35,2017-10-04 10:49:40,2017-10-09 22:22:49,2017-10-23 21:22:20,2017-10-31,2e13ebc6d59404e724a28325c1a4357b,2017-10-01
d38d019bcc105fd93c466326b28488fc,4c6154c1c3cdbc33e61b72ec84a34574,delivered,2017-12-13 21:11:17,2017-12-13 21:29:01,2017-12-21 14:54:49,2017-12-27 23:47:58,2018-01-10,668a1b9c6d03a80a1dc25b352b603103,2017-12-13
794a9d49f955955bb13c41fe68e390b0,f5d29c605e02e4748e78c1f9f2afccd9,delivered,2018-05-23 21:01:13,2018-05-23 21:15:09,2018-05-24 14:07:00,2018-05-28 15:58:51,2018-06-08,950de95cebfdfa0a1f0b4eb9af6e9eb1,2018-05-23
35d8c6d5e060ad24271ffda186312ef8,38fa25096a695e1972739e2dd6821f83,delivered,2016-10-10 08:36:05,2016-10-11 13:42:49,2016-10-14 18:00:00,2016-10-15 13:42:50,2016-12-02,3e36312a56bdb312242490706752940b,2016-10-10
75c3cc4d3b69230a82468be4d1afe002,1af50531df15b7eb8d15a95d3fbec0f4,delivered,2018-08-04 13:07:58,2018-08-04 13:44:04,2018-08-06 12:28:00,2018-08-15 16:31:08,2018-09-04,a81c4ffcb6346edf550157d5a0a003c4,2018-08-04
826ca7e23c4d14c9beb4791e24239327,b613e8d4d389f24b5c1d80cc176ca3e3,delivered,2017-06-13 03:24:05,2017-06-13 03:35:16,2017-06-13 15:29:51,2017-06-14 12:09:39,2017-06-27,f22492bbb347c680e930c2d2b64d510e,2017-06-13
40b212d9b39c8133fdfd82ea73eaab8a,4a29d9a46aaa583b699d8fca5925a84c,delivered,2018-01-08 16:58:47,2018-01-08 17:31:50,2018-01-09 13:57:16,2018-01-16 19:41:55,2018-02-07,9ab2d6dbfe92be718de529c4d7ce2a6b,2018-01-08
c8b73d9b612b087c59a7ef061b1f9e7b,3661cbc69cc73b275677f372072b3ae0,delivered,2017-07-26 12:25:40,2017-07-28 15:43:30,2017-08-02 20:47:47,2017-08-21 20:19:30,2017-08-23,b593721c0e80c230e6080956a947a042,2017-07-26
0b6f494044b2d9b79bb80f785ce292b9,8bcdb080533e93b661caaa8048121603,delivered,2018-04-06 09:59:29,2018-04-06 10:10:22,2018-04-07 01:22:18,2018-04-20 00:08:27,2018-04-26,ac1eded07d8e232a624490999eabd84e,2018-04-06
ae0851574e3bcaba4df53c0b546b470e,ae46bcd05dcc4baeeca717033e5cf4da,delivered,2018-02-06 20:35:07,2018-02-06 20:50:39,2018-02-20 22:50:25,2018-03-15 16:32:26,2018-03-29,50508b9b2844e625c6899d3e2af6a600,2018-02-06
96b313e094ee31cef7c8a4ffd3b36395,6b6dfbbc6ce8a28d6551efb5b39f74b4,delivered,2017-06-09 14:31:39,2017-06-09 14:42:22,2017-06-13 14:28:15,2017-06-22 16:42:45,2017-07-10,5dd95c39ad6f85ea561f7fb60740fedc,2017-06-09
e30b9cda599826e24ad3f5eddf966583,61d42412fdbb555bfe9923e332076acb,delivered,2017-07-24 23:01:15,2017-07-24 23:10:19,2017-07-26 18:39:32,2017-08-11 22:16:05,2017-08-25,de7ca980a5bb82fc121c83052026eea9,2017-07-24
5687858ec96eba8c66c04d8a08ff4e42,878dfb736721aa20ea2d1a0c96e470d1,delivered,2018-02-25 11:24:39,2018-02-27 04:31:10,2018-03-01 14:19:06,2018-05-03 00:48:41,2018-03-21,c62c2750a01ad7d2ebacdfcc17717a1c,2018-02-25
e9bf6a3daf9c2966192eaa98b5afb617,9020b6ec57368057e07cb365b54b9c90,delivered,2017-08-28 18:29:21,2017-08-28 18:44:58,2017-08-31 20:03:38,2017-09-04 14:43:01,2017-09-15,3fd1cd4e9f4ca2e7e81718c1642a5a6f,2017-08-28
6252e5cc8f9d63d77992527306dc895f,2856e82490b25fc99efa97f9a3c0a1b6,delivered,2018-03-03 01:40:13,2018-03-03 01:55:21,2018-03-05 23:42:33,2018-03-15 21:52:01,2018-04-03,3caeec0a1c6dc72bb912f140e5fdc5a7,2018-03-03
29fc91990ba82fd7841837adb5a16158,09122d298c692a6ba77d8e894c154672,delivered,2018-03-27 01:27:37,2018-03-27 01:50:08,2018-03-29 21:58:54,2018-04-11 14:51:32,2018-04-18,4d95d7be8e0e30b234f1e64ba6472732,2018-03-27
693483bbe730cba719d4380f9bcb338a,d6e11aec241eb7b04bc1e36d43a53221,delivered,2018-02-01 17:36:04,2018-02-01 17:53:02,2018-02-14 22:07:30,2018-02-23 23:54:45,2018-03-06,32a77bdce869cb219b665d8bc11a2ae8,2018-02-01
9acc95f3652577fb8a5c8b1a7ee9bd96,3c601c73d44079bc52d371186f7a05d0,canceled,2018-02-15 20:18:27,2018-02-16 14:06:37,,,2018-03-14,92c86300d1082d8fd9b3ec2aeeaf16a3,2018-02-15
2609c6729fdff11b1686733d0852c7ed,d8dbc8388e99acb58b9ac6f0a7f6bbfb,delivered,2017-02-11 16:59:01,2017-02-11 17:10:19,2017-02-14 15:55:33,2017-02-21 14:52:00,2017-03-14,eb4ef41d614050eb2f59bb3ea068cf93,2017-02-11
37ea512c7d290de34e4dee7964f5dee5,79985af478adf04cac1894e96068bb5d,delivered,2018-06-20 14:31:53,2018-06-20 14:58:47,2018-06-21 12:51:00,2018-06-28 16:06:39,2018-07-17,44fb09ea0b14504c40e976d87d0708a7,2018-06-20
bf341a18ec4507f2c05978d31e509291,b687d0423417fa7cae8400313551240d,delivered,2017-10-09 19:38:30,2017-10-09 19:56:10,2017-10-11 18:20:03,2017-10-17 17:57:24,2017-10-26,1939089d1f55440973623f02d10185cb,2017-10-09
feebc8143071c1f555cbce155a2d8295,341f4b6e7a25adaa50015c85fd5f1f9c,delivered,2017-11-20 10:59:25,2017-11-22 02:47:21,2017-11-22 13:26:59,2017-12-18 22:45:13,2017-12-19,4e9eb66cff5739df41a1b8c53bf3d317,2017-11-20
e0d4f16621f76377959e79ecd61f69cb,d8a527d4870db60ec4cb46a8dd8f1c69,delivered,2018-06-26 19:49:48,2018-06-26 20:07:42,2018-06-27 15:40:00,2018-06-28 19:12:01,2018-07-11,816b6a32903cb4376b7022e10d5aae9e,2018-06-26
0ce8dd4235e50ae2f8beff18c2ae0c26,eef37fcb3ff9f4de67b5378e23df22ce,delivered,2017-06-19 20:45:51,2017-06-21 02:23:49,2017-06-21 15:01:10,2017-06-30 14:47:47,2017-07-07,eb783987d9d9d01122c41189e639a052,2017-06-19
2db1b946263ea358e693eb2aea38f157,f540606dad1c114a358d71d505c50e00,delivered,2017-05-18 12:32:21,2017-05-18 13:10:12,2017-05-19 15:17:00,2017-05-31 08:33:42,2017-06-22,a89b2a5f208aa3601c5aefd1eacc3c45,2017-05-18
30ff43d8703d375269c1675af737bda7,217503bdac3f53b7c28f19bc22b222c0,shipped,2017-03-04 10:50:41,2017-03-04 11:05:07,2017-03-06 09:17:59,,2017-04-03,c3113dcea93f1d9c82baa236fc449286,2017-03-04
7cb5fd41ca3412b19772e1cbfd716952,3a2a60b086795748df36eb6d22d5cd93,delivered,2017-12-04 11:27:23,2017-12-04 16:31:57,2017-12-07 19:22:45,2017-12-18 22:56:44,2017-12-27,0542afcecdc485269c0b659b5fb8f231,2017-12-04
5b7d2a6611386be3d67fd8d48be91f28,bcacf6483bcc51c2def26028a6c3f549,delivered,2017-03-30 17:04:05,2017-03-30 17:15:22,2017-04-04 14:57:04,2017-04-05 15:39:54,2017-04-20,1c4326ce9db4f5224ef1b750e26168c1,2017-03-30
66f249e4d7ab2f3872de7bd6d74719dd,810923268bc2be268d447dd5c892a5ce,delivered,2018-04-12 14:59:50,2018-04-13 12:50:48,2018-04-17 01:03:59,2018-05-07 20:42:05,2018-05-09,65bc526fe9b73f5045b9145e827de7d5,2018-04-12
c7b76f99b489ee84322131a82cbf9a42,7b39e7285ea4d3e4c38030fe704bb97f,delivered,2017-11-24 02:07:31,2017-11-24 02:32:19,2017-11-27 19:17:28,2017-12-14 16:48:05,2017-12-20,91a038c552975d091cf6dd2ee43e2501,2017-11-24
b759fd8fb2da2c5243753e6d283ea526,dd3a03c8bfd2cb4c73ee676b0754998b,delivered,2018-04-24 16:10:15,2018-04-24 19:19:07,2018-04-25 14:27:00,2018-05-03 22:03:27,2018-05-22,24d379aafeec2447689a1b74b2b8bbca,2018-04-24
309a6548116f31b315cbf53be18cda77,6f75dd25e38631f03bdd255cce321144,delivered,2018-03-10 18:58:18,2018-03-10 19:10:27,2018-03-12 21:50:54,2018-04-05 14:08:33,2018-04-17,ed65f711b1a15f017f5b5bb939ba1763,2018-03-10
adb00f908ea2044d0001f86671d882af,1c99df5830f7838be17f9760bd3d2bc5,delivered,2017-10-21 20:08:52,2017-10-21 20:25:48,2017-10-24 13:44:44,2017-10-25 19:53:15,2017-11-06,ed2f468aa669d96f99c1dd75a3d0862c,2017-10-21
b85cdbd154ac1e60a0e2228705294c54,ac5a0789cff6c2633789a5360ec1ff33,delivered,2018-03-12 23:42:04,2018-03-13 00:28:19,2018-03-14 00:18:39,2018-03-15 17:26:47,2018-03-22,6b6c65393056fd53cbe6382128da4125,2018-03-12
5c9b1834dba6a117e9c46ae856be04c9,4c0cc747ec797ce30ecdd9efc0e0ca1b,delivered,2018-05-17 16:45:54,2018-05-18 14:17:13,2018-05-22 08:07:00,2018-05-23 13:26:46,2018-06-08,39c92d1ce644b84c8b7236aba8a607d9,2018-05-17
759fc8b3cef1012f6d8c6fc9db642fbe,2a786d13278ec66a602d028cbccde4b6,delivered,2017-04-06 20:39:53,2017-04-06 20:50:20,2017-04-07 11:07:32,2017-05-08 14:12:26,2017-05-10,709d2a72ef3652f89310ced4d363c4d0,2017-04-06
ef70439747aa47b2855565412ab21f9b,8def6a09a4f43a314e904cc8442af394,delivered,2018-01-11 09:12:10,2018-01-11 09:27:59,2018-01-11 22:10:54,2018-01-12 22:29:07,2018-01-30,3d6f6dd162e6f8c3480a43b28a5d6e35,2018-01-11
6a7479a3e53e4e29f03b3ae5f83a5498,4de11c85ec374c42817fbe2d1c245fc1,delivered,2018-04-22 19:14:39,2018-04-24 17:30:24,2018-04-24 17:17:44,2018-05-02 19:12:27,2018-05-21,e9523749328fe82cd18a39f8611a69b9,2018-04-22
8505d7267ce3f58c129ffa8468cebf21,af81a8c415a28b1ba710741f8e2562fe,processing,2017-02-15 23:00:16,2017-02-15 23:10:12,,,2017-04-04,f6ce4ae4c54b4de1104b25c40fa483be,2017-02-15
ffed7e90414c1477a6b92554661d465f,b7a530c512ca7de885521441884f4ef5,delivered,2017-07-31 14:44:31,2017-07-31 14:55:20,2017-08-03 17:27:39,2017-08-14 15:52:37,2017-08-22,02fb446e82415f8d22a44a8dd49c1954,2017-07-31
0d6f62563638954592b0be58407a367a,3b2a92fcfc6e8472ca6e95fb92cdcc9a,delivered,2017-11-23 20:34:52,2017-11-23 20:48:21,2017-11-24 16:49:08,2017-12-01 21:23:28,2017-12-20,e45b85339839bb998a90465cf81217d8,2017-11-23
fa5bc8d649e12c05e6e39015325ae564,1ab5665678fec99c775f56b3a801d71e,delivered,2018-04-01 20:10:24,2018-04-03 17:15:19,2018-04-05 18:03:30,2018-04-12 19:42:00,2018-04-18,ad69520d7f31f5270e5d4fdf5a2da774,2018-04-01
80bef000a2d88b3b23fab45c546c67ff,9761a94d5172ffc843e5fff9838d5a89,delivered,2018-08-15 10:11:11,2018-08-15 10:24:20,2018-08-20 13:41:00,2018-08-23 17:16:56,2018-08-31,ada6236b6bba2b0c3588aea846e43afb,2018-08-15
d7fff2e689eef0b359f58c2dbc4084e6,f9fec28e6ee86a722d3d5ff5e56d117f,delivered,2017-03-05 20:31:56,2017-03-05 20:43:11,2017-03-07 16:54:07,2017-03-09 20:57:19,2017-04-17,3b950ab19a8ea0fe5940db82bcc46579,2017-03-05
f1e0c934de40ebae0e965944f581efe8,62f5440f6d93653b45c159042e238876,delivered,2018-04-09 11:03:05,2018-04-10 10:55:18,2018-04-10 20:02:44,2018-04-22 18:46:34,2018-05-04,f12659cf094e33deca32845c21b114a7,2018-04-09
3a72e472f2c5009cbc92510c98084725,95fc424de35d6701a1da1334c87d17eb,delivered,2018-01-17 21:10:41,2018-01-17 21:17:31,2018-01-20 00:42:47,2018-01-22 13:38:34,2018-02-01,cbec32ec798b19eb03b02da4e41e0e1c,2018-01-17
d8ff3300b44a7aedb4d4ec07202ba6ee,eefb7035ce3a063fae6c1a9979365689,delivered,2018-07-19 11:10:21,2018-07-19 11:25:15,2018-07-19 13:52:00,2018-07-24 19:28:50,2018-08-02,673ee7ffa2f0be5c17d02693d9934bf6,2018-07-19
250feacc914cfbf84cd0779fdbbb785e,09934ba1d30ffe40370a11010fd1ef7a,delivered,2017-03-23 21:15:00,2017-03-23 21:25:20,2017-03-29 09:02:13,2017-04-03 18:34:25,2017-04-19,a9065f9f5e4e8ba2ec28fd0772e91c5d,2017-03-23
f89e956a35c0e20d28eec0b54ed8a86c,de76c053dbad90bafd8a716bda05ae07,delivered,2018-05-04 15:21:06,2018-05-04 15:35:12,2018-05-23 14:20:00,2018-06-18 12:19:28,2018-06-06,8f4f763b2352eb1f4dd3167ab6c609f4,2018-05-04
820152b6c457a82037e534fa94953a56,d387341bbce5ab96e3647bb0e8d0b55a,delivered,2017-08-01 10:40:04,2017-08-01 10:50:14,2017-08-03 18:14:43,2017-08-04 20:21:38,2017-08-14,91e6fd64694fa9a828270d442ba88e03,2017-08-01
7c38c132d8ee69d411b7a3eae6035211,2df620b15dbcdb7972cd6e800a5dce1e,delivered,2018-07-11 18:26:53,2018-07-13 02:35:14,2018-07-13 13:42:00,2018-08-03 19:21:59,2018-08-17,033ba6356def942d520c9bbe24bb1d28,2018-07-11
317e0cc749ea443d1b14522905d44dbd,c5982a46e1e7c7ae0cf888263ffbdd4f,delivered,2018-06-09 13:19:56,2018-06-09 13:38:23,2018-06-19 13:38:00,2018-06-26 15:10:54,2018-07-25,6f252d1b5df37901745ef95fd68e103f,2018-06-09
ba0bb30d772cfeebd2419935f389cb2e,a723d4abae1ddc39e9e25ab9526d8f49,delivered,2018-06-21 12:24:00,2018-06-22 02:58:52,2018-06-28 08:36:00,2018-07-09 19:06:49,2018-07-19,1e83e8a44b09e206e093c7b486573672,2018-06-21
3c608a571543f2f2b96f2e6cb3a2d10a,b96d49fc07d7b581c713d54f1864f1cf,delivered,2017-12-29 14:26:50,2017-12-29 14:34:23,2018-01-02 18:54:19,2018-01-23 20:22:58,2018-02-01,8f168e4240b71ab867b91e62ffea1da1,2017-12-29
b79c981722e101d6b92be630c4df0458,7199ef9eca42e852543ae6314ab7ff9c,delivered,2018-05-18 13:23:51,2018-05-18 15:15:33,2018-05-21 07:05:00,2018-05-22 14:03:18,2018-05-28,d1aa361e85692909b3a838f74fd4e35f,2018-05-18
9e67c3e636eba026d3e123d0c8466d4b,7b840357a6fafc45003d6a5fa78ff3b3,delivered,2017-07-27 13:25:38,2017-07-27 13:42:51,2017-07-28 19:04:46,2017-08-07 16:04:23,2017-08-18,019e6c1c524669436535388a1cd5cefd,2017-07-27
72ba48327f234ed87176344f71101b68,0af38e7f9b4b79277daa0ad439dd8d8b,delivered,2018-02-19 11:59:11,2018-02-19 12:10:32,2018-02-21 12:59:32,2018-03-28 17:03:09,2018-03-22,da084ca75160f5a56be294285789035a,2018-02-19
8298521946fcd8c9f8b984aad6176694,fc0f896db68de04d75532460d7c4b244,unavailable,2017-03-07 23:02:58,2017-03-07 23:15:14,,,2017-04-05,5b67b2b422202d9bfd326ed53b7bd038,2017-03-07
4d9bdec93e39b15084f7e5fac6e37c9c,6c8dbd47b5da882fe480a47f2b8a9b4c,delivered,2017-07-16 22:56:49,2017-07-16 23:05:18,2017-07-17 19:35:41,2017-07-24 17:52:09,2017-08-08,1dc3b6443bc9d8a68c358beb4bfb8470,2017-07-16
814525d9a609035835b96f52ca9047eb,7332ab77b4f9e949485c129a42149b9e,delivered,2018-08-21 07:35:17,2018-08-21 07:49:45,2018-08-21 09:59:00,2018-08-28 18:24:29,2018-09-21,e32108437b7ddcd30eeeb14110680a8b,2018-08-21
47c9d32bd98650fdc85ae2f486f60ed9,807e915d9c33af274ecae4f7810038a3,delivered,2018-08-23 15:11:59,2018-08-23 15:35:24,2018-08-23 20:38:00,2018-08-30 14:34:39,2018-09-14,6f07efa50aae0251769838774e386d46,2018-08-23
83b1fe04ebec197a8059297cf62e4c40,185706f394240115d64c8e348e55304c,delivered,2018-04-02 14:31:23,2018-04-02 14:51:24,2018-04-03 21:32:51,2018-04-04 14:04:01,2018-04-12,3ead427485c7ce6ca8f658532878c3e7,2018-04-02
e43005ad5dc9d4727ad0f093ad35283b,ebe59b02da2c81ff94071eee41985e9d,delivered,2018-03-21 13:16:52,2018-03-21 14:11:51,2018-03-23 01:58:45,2018-04-03 19:25:56,2018-04-23,4b70f76a303153ebf720cd0197f80bd6,2018-03-21
f0d8a84693b073fa90c69667c924ff8f,2d11229f7ef7911b8805924d8a34c8d5,delivered,2017-12-13 12:18:06,2017-12-15 02:15:57,2017-12-20 16:28:37,2017-12-27 16:15:33,2018-01-09,6447e1296356ecdd3afa854e3052650f,2017-12-13
6cbddb4b9fd4c71ee2b7a0012dfe2fe3,b7e1cdbc345ccda77104fde38f626d5c,delivered,2018-08-06 13:05:39,2018-08-06 13:15:17,2018-08-07 12:25:00,2018-08-14 00:56:33,2018-08-21,6d51a2478f601d2b0382d163a5a01958,2018-08-06
cc62c4c4dc7f0bef11fd8848aebb5da7,dea0282651f3ab3a8621120d97f9bab7,delivered,2017-09-16 18:33:08,2017-09-16 18:50:21,2017-09-22 20:13:49,2017-10-03 16:29:08,2017-10-17,017c7f75ca30943882f48d5fda81e2df,2017-09-16
3216bdc94713b4b433cac7f20212fcca,e28848a09b5a8507b3f864b74c9a7d22,delivered,2017-08-14 13:50:42,2017-08-14 14:15:15,2017-08-17 14:48:06,2017-08-24 21:25:16,2017-09-01,8d53ffec81bf60e4678311172749d6f6,2017-08-14
bebda1d591d109ea4605aa4e437d0a68,d4d2ea890454df93e3ce1c29627135b2,delivered,2017-11-22 17:19:47,2017-11-22 17:29:21,2017-11-23 17:07:18,2017-12-04 23:38:41,2017-12-28,88a8f123107a063acbdd1c90f3d8adea,2017-11-22
07f9acd4e59411df700a59f89d4da8ed,6748df8bad97104336f314fed57ce74e,delivered,2018-08-02 21:54:37,2018-08-02 22:05:15,2018-08-03 11:25:00,2018-08-09 20:38:43,2018-08-15,581a5b2be2703f51621c141635638e61,2018-08-02
7e10e8b9d6949e7caa76063a954cc035,6ffb6fc4832cc08908e1954b347e54f4,delivered,2018-07-31 18:49:17,2018-07-31 19:43:53,2018-08-01 12:36:00,2018-08-07 12:08:26,2018-08-13,32a43786b189977d4d4a5940f177b243,2018-07-31
ed657707e074ec97427d985ed5c4d21f,bde50ee04764902429e54d2514941f16,delivered,2018-06-15 18:01:49,2018-06-15 18:22:01,2018-06-28 15:12:00,2018-07-05 15:39:51,2018-08-10,8259b1b1f125ab7649d39ad67c8505f7,2018-06-15
2b7f34e9b0b9eba10050d725278d8609,500f485b1c9df9ee78f89864dd75d63a,delivered,2017-11-27 10:22:56,2017-11-28 03:40:28,2017-11-30 20:38:57,2017-12-12 15:56:51,2017-12-26,f45d36f422022d31001c40fa59fc2f0b,2017-11-27
2d14badae001e6b55cd0c31238e284d9,f09e9e19fc45ed2130b6230a186ca831,delivered,2017-06-20 14:28:11,2017-06-20 14:43:10,2017-06-22 14:07:52,2017-06-30 14:22:51,2017-07-12,10ef5788d6572ed1c8cad5a180b61126,2017-06-20
d413cfcd1406d2d501179c9671b727fd,7dc2f6bec48604fdb13d3a250a92ce89,delivered,2018-06-28 23:44:21,2018-06-28 23:55:10,2018-06-29 10:57:00,2018-07-05 21:07:52,2018-07-23,17ca2eca0f336000aed34ed08988256e,2018-06-28
dce910dc283f1255aab3c0f9d4eb31c0,1d0af3592aa297b26f1a97942588a730,delivered,2017-08-09 13:39:09,2017-08-09 13:55:14,2017-08-10 22:03:04,2017-08-16 19:17:28,2017-08-31,d428c33b10645311362137d60eb7dfec,2017-08-09
766033ca0a01f26b46dfccd2ee59cf9c,2ab63f51ad4630f1a51e066880dbd542,delivered,2018-07-03 19:20:59,2018-07-05 16:23:37,2018-07-04 15:49:00,2018-07-10 13:43:49,2018-08-10,72b608b0d530edf3c513af16a69b250d,2018-07-03
3ad2baaef061d3ca5c528ff53781620a,ecaf903fba3fff7eb0905c38610a58c9,delivered,2018-05-03 15:55:41,2018-05-03 16:16:44,2018-05-04 15:19:00,2018-05-14 17:47:41,2018-06-01,f708bf9a3f551fbdf8e3f7fcf4b889e5,2018-05-03
b102a55650928a816173fab1295e4759,2e23a2f3eba4b2ad0f263c2718865f77,delivered,2018-02-28 15:59:21,2018-03-01 02:50:52,2018-03-01 23:27:34,2018-03-18 20:08:47,2018-03-20,d34c4abd29ae3f136be6e424aabcb6b9,2018-02-28
5b5270acff888d4eaf14966f98eabd54,ce1bcfe3b3c0ee8f1d421a3eb754d9ce,delivered,2018-04-13 13:04:33,2018-04-13 13:35:27,2018-04-16 21:48:56,2018-04-27 23:18:32,2018-05-10,f0a37349de902094650c18655a82b98c,2018-04-13
c076716e911ff533f3dd8bb44258c8c1,08229f16b28c06a71f944460ba624c03,delivered,2018-02-25 19:14:56,2018-02-25 19:30:38,2018-02-28 01:28:56,2018-03-17 00:37:41,2018-03-22,0d7fbd39438e69def9eaa3cabf448c7b,2018-02-25
4391587db1177046a9ce911424451edd,99cc1eb81e50e0dd6807774611f1f21d,delivered,2017-11-28 20:59:51,2017-11-28 21:11:37,2017-11-29 22:53:44,2017-12-12 23:14:57,2017-12-18,fe6887362bbf6ba91bdd38b0bc950b98,2017-11-28
fc92a3e6d1520d0e2ac17171a736ccb8,04c1c2d37f2b2f5e52285534fd59e14c,delivered,2017-11-22 15:30:37,2017-11-22 15:47:13,2017-11-28 18:59:59,2017-12-05 00:58:49,2017-12-26,d7e2db0715ba40b51fdd33fed28a98a5,2017-11-22
8ffd24fbf822586b2712a4becc7217dc,2f9e8eaed5dc638e5b884a9a37268fca,delivered,2017-01-29 00:31:42,2017-01-29 01:32:22,2017-01-30 09:11:53,2017-02-07 10:34:04,2017-03-20,ead79f0f7e56bfe34b76c5712e623363,2017-01-29
c5e0f2a9ec5de62d967428daf383b830,a79a8e093822088c02267e7ae812b873,delivered,2018-04-27 17:27:04,2018-04-27 17:51:33,2018-05-04 14:07:00,2018-05-15 20:18:41,2018-05-24,ade678a3ad238ef15bfe67ddd19a7595,2018-04-27
8c1340adfa38dcce671b3e2eaece6cdb,7494240f5d789b28dd2814f66140f069,delivered,2017-06-27 10:57:42,2017-06-28 02:44:10,2017-06-29 11:17:57,2017-07-08 12:32:01,2017-07-19,a69a172b9d0fab18b0cb9d2468cc347e,2017-06-27
cf3b05f002f2f6318d2b1dada8adec0f,7e523686247f53e8128305d50fc95586,delivered,2018-01-03 18:13:50,2018-01-03 18:27:08,2018-01-05 20:07:22,2018-01-30 23:19:34,2018-01-31,629b332ea51d24fe298ca6074f35c6cb,2018-01-03
321ebafc185998f3acb39280b759b177,0b6160d3adbecfd48f0d5ba84e77e913,delivered,2017-06-28 16:45:19,2017-06-28 17:32:21,2017-07-03 15:26:36,2017-07-06 23:33:27,2017-07-25,f476c85e41c7e5d7d7b60ff48f32849a,2017-06-28
ae0151b8759ce9b2938f7d0796b9b964,620b45ddb1e71ca6e9c2004438c2c887,delivered,2018-01-28 18:45:51,2018-01-28 18:56:30,2018-01-30 11:52:24,2018-01-31 18:22:34,2018-02-14,0247caa552d23ae7ca2e0777b55a4a2f,2018-01-28
3604c194b160cc44b8f540306dc4b644,78a384bf56bf88937214c4a6431d7e84,delivered,2018-05-08 11:14:40,2018-05-08 11:35:42,2018-05-10 18:29:00,2018-05-17 19:28:53,2018-05-29,72d496f81ca30335c1e3005b317078f0,2018-05-08
b7bc5ba43aa844539fff0500e51b0010,3a8c543b24d0ec9805b3720cafc91be4,delivered,2017-10-03 21:36:04,2017-10-03 21:49:39,2017-10-05 18:44:06,2017-10-13 20:52:12,2017-10-27,39747aeadd6743a3c92d2e5413d11bc3,2017-10-03
9686918ff3c683805748223d0b34a666,326e8dc32f5915b6209d6671d7ac7315,delivered,2018-04-19 03:09:12,2018-04-19 16:58:45,2018-04-23 19:16:38,2018-05-07 23:08:32,2018-05-16,c059ca887dff53763a246fe39ea26680,2018-04-19
8631a3dfd0bd0c5d450e5219edb4e506,c02b18bab798235a5ac5976428d8b7ae,delivered,2018-01-29 00:30:24,2018-01-29 00:49:02,2018-01-29 16:35:28,2018-02-05 20:38:39,2018-02-14,c3539311e5993f55cba7e6ec291fc2e3,2018-01-29
4cc44db58430b3250f2ef264dbcc3b4c,6f8d2b555e7c26023c890ea54c862955,delivered,2018-08-06 14:32:47,2018-08-06 14:50:15,2018-08-07 14:48:00,2018-08-13 18:51:27,2018-08-20,e35d19c64028a0752df05a51bde3ab53,2018-08-06
ecfedc3b6324cb92d08d241268a15046,e061c2ded773c5f33557a5d1fc914d23,delivered,2017-10-23 18:37:24,2017-10-23 18:49:20,2017-10-24 23:03:58,2017-10-25 18:47:54,2017-11-07,54a0994238ae31ca216762faadd0836d,2017-10-23
0a881bec2e3ae03ba47a8d04d5dfc450,88723f3ea83df04c26dd60644da2dd6b,delivered,2018-08-12 17:48:03,2018-08-12 18:04:31,2018-08-13 16:17:00,2018-08-15 18:06:51,2018-08-17,badc0f15df5fd7f5a3717e57ec19ab9e,2018-08-12
95afcb84f1a639860e5dc19e0ca3cb2b,ca15e4c46c4f5189d76a5e578ba6c1e0,delivered,2018-05-25 17:48:07,2018-05-25 18:18:17,2018-05-29 18:29:00,2018-06-05 23:06:09,2018-07-03,b5686a5d7847c086db5d0774188f7821,2018-05-25
4381fa4ba1b423dcee980233d6b29d76,161d5918318f43d8a835ef606e0e5ba4,delivered,2017-02-04 19:01:27,2017-02-04 19:15:23,2017-02-07 08:53:53,2017-02-21 14:56:38,2017-03-15,2831b2a448bc9365af4caf0efe5fcbe8,2017-02-04
40017beea749da112967b0049f098acb,02416483450940231fab1109b3bdb0b3,delivered,2017-12-15 23:36:44,2017-12-15 23:51:41,2017-12-18 21:25:18,2017-12-30 15:09:19,2018-01-10,5cca182b7ce6fe22733d3b2f5bbedf3a,2017-12-15
094df781ddda90e70dd08ad95476b181,36b56d749b05761cbde563cc6c791cab,delivered,2017-07-09 21:29:36,2017-07-09 21:43:22,2017-07-11 17:32:29,2017-07-14 19:42:17,2017-08-09,7c10cc54eb0a77299d3fede5c780d65b,2017-07-09
809c67f3dcf8bfdb6d72596c122f791b,479a708d92ef3330718adcdd9946fbb0,delivered,2017-12-18 17:55:14,2017-12-18 20:30:43,2017-12-19 21:16:49,2018-01-03 13:29:42,2018-01-16,3cd65413e3925b64705aa03477254ef7,2017-12-18
1e43c5d72ad6fada7f0db1ca30ea0ab9,39f117fe86a62f63d38a487af97fb68c,delivered,2018-04-01 10:58:14,2018-04-02 10:55:10,2018-04-04 19:21:45,2018-04-24 17:36:28,2018-04-27,91b74ebd8b2ced8ba380096468c2d1c8,2018-04-01
456e7a4c88845260b92d8da7b5551acc,13a2e2b56fa1827d508a4da26fff4374,shipped,2017-03-23 00:21:41,2017-03-25 02:11:05,2017-03-27 13:54:32,,2017-04-25,9e1727eaff61e27747fb6b58a2f696c9,2017-03-23
b0da9fff4894140362bc42a13802300d,0b81ea8d0894eebe6bd8e8618d3ad548,delivered,2018-01-20 16:30:48,2018-01-20 16:40:29,2018-01-25 23:45:55,2018-02-01 12:46:41,2018-02-16,da5ee76f279505de9d38705577767346,2018-01-20
a5c1ff96e29c6fe4541f39859600716c,e7fe9e86cf2a555a204a81b274dade9b,delivered,2017-11-27 13:55:29,2017-11-27 14:19:23,2017-11-29 18:29:00,2017-12-18 11:13:01,2017-12-18,211d7a08eb269a513b85e432ef94dac6,2017-11-27
426d5abd8bde1dc9291aba9f7ebb22af,97a5d80bce8e48e40c7786e356a9baba,delivered,2017-08-13 09:07:18,2017-08-13 09:23:37,2017-08-14 18:55:56,2017-08-29 21:04:47,2017-09-19,118be57d1b7de439453a0c6625ad7934,2017-08-13
546d28bc7c6850b2d75142e1d5a24e96,e6e8c45cc168c62a5fc3b17fc0f7b8df,delivered,2017-08-28 13:15:11,2017-08-28 13:25:38,2017-08-29 22:08:58,2017-09-09 16:47:50,2017-09-18,c1c6d18cde33de92ff2bf10f93fae292,2017-08-28
1219c95f809e6f43a8a0f552664bdab6,a0db5da556c6361f814370b2d8760caf,delivered,2017-11-30 02:49:04,2017-12-01 11:32:06,2017-12-01 17:47:56,2017-12-03 18:58:32,2017-12-18,51646e28c45b5e6e211f6e749cf4fbe6,2017-11-30
4dd9de2bf8da8d482efe46264442f71d,f885939e50fde6a74d3f519be2be393c,delivered,2018-03-28 14:46:35,2018-03-28 15:08:49,2018-03-29 17:03:32,2018-04-04 19:42:11,2018-04-19,d1ea8ba02023ddf35bae874631403403,2018-03-28
950743f43fe08f99ad01903a8cf538fa,4ad501efd0591fe795e94fe63811f21a,delivered,2017-03-22 09:25:09,2017-03-24 01:42:42,2017-03-24 10:57:25,2017-03-28 13:30:07,2017-04-12,283fa782044034a172e6ea79a0de0eae,2017-03-22
666a6228ea2363c308924bc929101d7f,b8b9cd163d230f13301c8ece6f71eb58,delivered,2017-08-22 13:18:25,2017-08-22 14:26:49,2017-08-23 14:45:27,2017-09-01 18:22:35,2017-09-18,b5912b610fb1cf78a1b48c3a151d9311,2017-08-22
d454b242faeb348060250fcf92c1db01,83e68f906d563e92e1c2f3773e4ffe75,delivered,2018-06-12 14:37:18,2018-06-12 15:06:01,2018-06-13 15:09:00,2018-06-18 14:36:43,2018-07-12,cd8d93c72e95f185fcc268e4bb1dc5a1,2018-06-12
68cb8888858976265e5e4110f76574b3,9ef0e2824a0d3b6637b6f13b5485abd5,delivered,2018-04-17 15:19:13,2018-04-17 15:31:52,2018-04-18 21:40:34,2018-04-20 22:21:56,2018-05-04,e9104e145527a9759f3374bb2d3ed452,2018-04-17
e9f590ae043019d94174150d8acbc07d,87a7cb4170bba4f9dcebda6c77903f11,delivered,2017-11-14 07:56:30,2017-11-15 02:35:37,2017-11-21 06:21:05,2017-11-24 17:44:55,2017-12-19,ad2579a6120182ca84a9853f4a6d3ded,2017-11-14
4e1d8e93510421a26312a8cb22dc665f,d509e5d013ea1cbaebf05dfe2fecc1c8,delivered,2017-02-28 16:25:47,2017-02-28 19:18:42,2017-03-02 18:14:07,2017-03-07 12:23:51,2017-03-21,cc97c217ad9927a0289b28705caec203,2017-02-28
fd0fb35d5a13ce62b474dfce15334b5f,aecd9735631c0b749aed3d609b196d55,delivered,2017-08-20 20:58:05,2017-08-20 21:15:08,2017-08-21 19:24:47,2017-08-23 17:45:02,2017-09-11,0258ab8ce9fe72c23efb37dd0dcf1307,2017-08-20
767db3d915db881b9f47ce8ac08daf63,c3c918851ffb7f4b39a8c69f7eb5a37a,delivered,2018-05-03 13:46:25,2018-05-03 14:14:42,2018-05-04 15:19:00,2018-05-09 22:52:59,2018-05-28,3c5b1ee70d755d1532a021f00a46b66b,2018-05-03
0207f5a2635f4e2d29acd00fc01a36ba,c29253b809677d6b9de4371383f4da19,delivered,2018-03-05 10:25:28,2018-03-05 10:35:48,2018-03-13 23:08:41,2018-03-19 22:46:38,2018-03-21,4b5c728e4fd50ebdfb7799ff5754eee0,2018-03-05
69a1237e93bbfef907c3ae4cdae74244,18f5a381ca2dbd572c82906dd141edf7,delivered,2017-08-14 16:49:47,2017-08-14 17:05:34,2017-08-17 16:45:50,2017-08-24 19:03:06,2017-09-05,fca336c860a75c90b977fd61ce8cc2d6,2017-08-14
787590b924b0ef0a1da6164beb46a05d,17393f9d8000b7d8b8b0fd32265ddc57,delivered,2018-08-09 09:12:58,2018-08-09 09:25:16,2018-08-13 14:30:00,2018-08-17 18:54:50,2018-08-24,d1e94934bdb1861489d364a2523e3829,2018-08-09
400a23ca82e66aa5fb9d5017c381f27d,4e2cc2c3c980d58567618a5bf81da59b,delivered,2017-11-09 00:00:42,2017-11-09 01:31:03,2017-11-10 17:49:44,2017-11-24 17:54:53,2017-12-06,b63b174849b8c1f8eeb009d2d57db644,2017-11-09
de87f8523b7738c6d18e5ceedc4f05ae,f093791daaca3173d8a7515d42a84baa,delivered,2018-04-23 23:55:19,2018-04-24 18:00:54,2018-04-25 14:36:00,2018-05-04 21:23:42,2018-05-14,2e7578fe157d562c7dc3a401376a5005,2018-04-23
bdc9a22cefa4b3ad2d837d2e0efeeab0,646464b617f373b9f310ddf457da5215,delivered,2017-10-04 10:29:31,2017-10-04 10:49:54,2017-10-05 22:04:15,2017-10-12 14:51:38,2017-10-31,e68365f0fec5a377bd6f49cb444e453c,2017-10-04
dcdfc540e42725663242bb884c28f0a6,38972104038aa68fcc61277dbf6e7ca9,processing,2017-10-30 10:46:44,2017-10-30 11:09:55,,,2017-11-23,5675ed0d10724c31f70cb0a3bca7c1ed,2017-10-30
1cd29ff24c716ad3002179320343005a,9858eb26142f38b5b5ea89897dc07cc2,delivered,2018-04-05 14:42:12,2018-04-07 02:50:25,2018-04-09 22:13:32,2018-04-18 22:41:29,2018-05-03,a75377b38f6e4db32838ce789dd25f4c,2018-04-05
91d7fb75f83fd7b4b4cc8759b690e88c,45e9403381c3609c433c0985ce59ea42,delivered,2017-02-15 00:15:42,2017-02-15 01:05:42,2017-02-15 12:31:48,2017-02-23 18:03:20,2017-03-22,9b87e32da9dfe38a620873d51c74aef7,2017-02-15
f2d47fbf55381cc42d5a3a8afc7f060a,00abf30c1a93c7c8b509cb80a22e4dd8,delivered,2018-07-17 12:46:20,2018-07-17 13:01:14,2018-07-17 14:19:00,2018-07-21 18:46:23,2018-07-25,d43e7cbf7354f1f46a7a1b30701017b3,2018-07-17
fdb034f444a32838124d8907e443d249,d24cc65d87d3a8fb81be12832b01bf7a,delivered,2018-01-29 14:27:38,2018-01-29 14:38:40,2018-01-30 19:31:54,2018-02-14 18:04:54,2018-02-20,980de6dda52e5613f207a6244dca5477,2018-01-29
0a0d4509c14ceb9b0f6555e07c45d167,987d489e68b88750c3f60a22c29faa18,delivered,2018-03-14 09:52:04,2018-03-14 10:08:30,2018-03-16 23:15:45,2018-04-11 22:06:48,2018-04-06,1f9756abd497b76eeccb492bfe91df35,2018-03-14
adcc24406dacde218585aa79366ee2d0,c92227c22263d46ce0163442bb544995,delivered,2017-06-23 08:48:59,2017-06-24 02:15:24,2017-06-26 13:52:28,2017-07-05 16:17:42,2017-07-19,3b532b639eeac65f03a99ea180fca0e0,2017-06-23
e225050f709a0409b3a30c63fa35c6da,b525cf1e595a9c0b3e82ae9d60b1ff96,delivered,2018-08-05 16:34:25,2018-08-05 17:04:49,2018-08-06 15:16:00,2018-08-14 16:25:29,2018-08-27,bd9d14217b86a5bf191f55a1c61bf29a,2018-08-05
29c88c6937109e7ec1b966de34b9da0a,754b71f2bedd2ae365797d5edc09bd64,delivered,2018-05-14 21:14:44,2018-05-15 08:53:01,2018-05-18 12:45:00,2018-05-21 21:38:21,2018-05-30,a26e79860743c5a17e57fcbe42d9629d,2018-05-14
ccfa13cff25aa5ad005e434ac68acaaa,e27c0fc7980d78b52c7a97cb7c8e10f0,shipped,2017-10-21 15:54:50,2017-10-21 16:14:22,2017-10-24 19:26:29,,2017-11-16,6e6fdec52c6dbf58721bf7a4eaf5b679,2017-10-21
07f6d8849f66cadda64c15cea9a6c321,cbc5c5990f9987b6ffb980cd2651a4d7,delivered,2017-08-31 19:51:00,2017-09-02 02:50:27,2017-09-04 22:29:55,2017-09-12 22:11:13,2017-09-27,39ebe4b4514cef1cd58b24c4c6de646b,2017-08-31
c8f2cb814f847fff855420ba64c42282,b8d3f17b299499a09bb5ee4151d15880,delivered,2018-04-18 12:35:33,2018-04-18 12:51:39,2018-04-18 23:54:52,2018-04-27 17:12:14,2018-05-14,6f7e65e0041b67fc8ffa355563a25b36,2018-04-18
e218234621ce56589ca6157a7cf827ac,5d5d1ea621e982d29cf41b788ba83f64,delivered,2017-09-14 09:41:36,2017-09-14 09:55:24,2017-09-18 21:49:49,2017-09-20 19:02:27,2017-09-29,6e0187118df2ffdf5f12c286ac481afd,2017-09-14
aef44da6faceeca54a90d604ddca07b7,9b9cd22762b75ac6f5cb702eb7c7f758,delivered,2017-05-11 14:35:20,2017-05-11 14:45:12,2017-05-15 08:15:59,2017-05-23 21:04:01,2017-05-29,467c8269886e9c67ab2ec1d5ea86d9f4,2017-05-11
cf5f9668e80998cdc237f43f27857570,2eb2cf5942cc25d420e757c1c8d6ccbe,delivered,2018-07-16 14:24:22,2018-07-16 14:40:11,2018-07-17 07:59:00,2018-07-23 20:08:47,2018-08-02,c3952982712ed2688462eea1ac4bc7ac,2018-07-16
2791f136b9474da2f7f56a8366675b0e,d765c83816a7d5134cea8751e2a0a09e,delivered,2017-09-17 15:34:03,2017-09-18 15:44:06,2017-09-19 22:27:48,2017-09-21 22:13:04,2017-10-04,0413088a3122f7d9f8b064a7cd57f5e8,2017-09-17
7224bf1a9ae0224f42d0f990890f69e1,fc1f6495ae7c969099b5e644023acde8,delivered,2018-04-01 22:36:20,2018-04-01 23:15:16,2018-04-05 23:55:17,2018-04-13 17:12:09,2018-04-27,535510774a570bd8ad448ff439870641,2018-04-01
89efb73c6b5a39a55ef1ec9d2311d66f,c49b56c6877cea1d54e812b877881618,delivered,2018-04-16 15:06:46,2018-04-16 15:31:11,2018-04-18 13:03:52,2018-05-10 23:28:53,2018-05-25,cb9ac9633b0b388ec6f0c0786cb801ca,2018-04-16
e7a5b08343ce36f0ad6d18c46a7df5f8,ba61eebc34c1a7898500cdd665aa6763,delivered,2018-06-18 15:32:27,2018-06-18 16:40:28,2018-06-20 13:29:00,2018-06-29 00:40:40,2018-07-11,b09fe3a9361e943b4a2fc8f96b16f316,2018-06-18
1960bcbcb43dbc59b615f82547e10203,ae6d14f2fa3076e4384639626dce0b3c,delivered,2017-03-22 16:16:19,2017-03-22 16:16:19,2017-03-27 11:06:19,2017-04-20 12:58:25,2017-04-19,bd4a54e9b8d168ea1dbb13a182c6e34a,2017-03-22
4fcf0343be51fc2442adc4af890c8183,63a39a67c831b0394a3d19008b38aba4,delivered,2018-05-11 09:58:49,2018-05-11 10:17:39,2018-05-14 15:16:00,2018-05-19 16:22:02,2018-05-21,80f9b06ba6c2a5251a889fc90e0c5339,2018-05-11
4599caaeb7614fc2c3aa1d74531005e1,6b7d1dd42181e388028e9ac8d8045168,delivered,2017-09-06 12:12:25,2017-09-07 10:33:48,2017-09-08 15:29:55,2017-09-21 12:40:25,2017-10-05,ff7e34d7927c3195ab6e011180fa9e0e,2017-09-06
fa23ac72814ef3312abee6d83bba7665,a39da20241de11dabac0661fc5c258b9,delivered,2017-07-05 00:35:30,2017-07-05 17:42:30,2017-07-06 12:56:29,2017-07-07 19:05:08,2017-07-18,8c5232073a6175948e07a4aecf306ed6,2017-07-05
caae7bbaec61968f200bdb5a27df0d4b,c02893d18058b514d56e400e1f713227,delivered,2017-07-19 17:48:06,2017-07-20 17:55:15,2017-07-21 18:09:55,2017-07-26 18:53:04,2017-08-10,8139caa111255508983a601622e077a3,2017-07-19
901735bbff3acab049ea1854fe0932ce,76308a95986f8f0732f3add9f5c21354,delivered,2018-05-13 09:53:05,2018-05-13 10:13:03,2018-05-15 07:07:00,2018-06-04 15:32:14,2018-06-12,8311c5c0aed8a6a3a736a9e7acf6e900,2018-05-13
841c2a8a7251be9ce05b92ec875a1f7c,5ac458f9beb5a8e911be378f9b236994,delivered,2017-05-02 12:54:47,2017-05-02 13:15:07,2017-05-03 09:39:10,2017-05-10 10:56:37,2017-05-23,e0a362ce158aba771c0fcb29232195ac,2017-05-02
f992c4392eb33e1742c433b1e99d4073,19025767fd014dc53f487acf433f9402,delivered,2018-05-03 19:17:03,2018-05-03 19:33:56,2018-05-04 15:20:00,2018-05-10 10:29:50,2018-06-06,3d1909f3fcbd1a322ac9b0ab2e2e8f24,2018-05-03
ea474c05d2d047ae89d4469f3320a4e1,3f7c3edf69a273ced1ea2dd193cbb7dd,delivered,2018-05-06 23:37:08,2018-05-07 08:55:42,2018-05-08 11:32:00,2018-05-16 22:58:53,2018-05-29,b7b8df9d78626d28774243eb92647638,2018-05-06
8339b608be0d84fca9d8da68b58332c3,ff58662c328f81d3ee549c9caa942f39,delivered,2018-06-26 20:48:33,2018-06-26 21:07:25,2018-06-27 11:31:00,2018-06-27 17:31:53,2018-07-25,13071413b2d7b730db1cd98a4611f2b2,2018-06-26
73ee84a7d8f0130ae61412d7b1364020,8fccb38ef6390f2ff9259195cb269106,delivered,2018-01-22 14:18:08,2018-01-22 14:33:35,2018-01-23 20:13:32,2018-01-25 23:18:15,2018-02-06,63391a833c66360452da3536fe4d309b,2018-01-22
0b13a698a0b7a62e8ec891081558b7aa,c9889c41f5b9cb77189f1af324eb1fe6,delivered,2017-12-22 22:03:05,2017-12-23 13:36:26,2017-12-26 20:10:22,2018-01-17 18:48:25,2018-02-02,8858d6560a5cae6209296667e41d07e2,2017-12-22
9cbcdb9b66b405fad4ce66814cf634d3,95085a19391b35b6f86c73d3abf96d7f,delivered,2017-06-10 19:28:30,2017-06-10 19:42:46,2017-06-12 12:20:19,2017-06-19 16:21:28,2017-07-05,c4132adf9e5de09a0617d3f8379ba027,2017-06-10
afd1cd812c3632816691d00b10ac9048,1107d8722714c1c2f1bac3af244191fd,delivered,2017-10-10 21:03:56,2017-10-10 21:14:36,2017-10-11 21:25:10,2017-10-24 20:41:55,2017-11-08,1ceb9c968e15e145690dafb05086da94,2017-10-10
4bc129a90204375853b00493c4c57516,3d07b70ec10c036713bea645e03c229c,delivered,2017-11-24 10:39:35,2017-11-24 12:13:49,2017-11-30 19:16:37,2017-12-28 22:29:23,2018-01-11,8a7247ae6769e2311529965e91ffb9dd,2017-11-24
1b32d4a12472b702c651faa43a947179,86fd6bab566915fde5765e14d2ff2b4e,delivered,2018-02-18 13:05:25,2018-02-18 13:15:26,2018-02-19 23:12:12,2018-02-21 16:38:56,2018-03-15,5733010674adc0076bd5d41eb3703955,2018-02-18
299ad5e33a5f4fe1efcac35b99b0fad8,1ff04bdc0e385bc213c9abb01256c365,delivered,2018-01-31 11:25:45,2018-01-31 14:23:48,2018-02-01 21:31:38,2018-02-03 13:13:28,2018-02-16,0e94f559658f6cb6836fc6df8a6bbf48,2018-01-31
d4ceda456a12b48a1f8a592aa2070b30,e4bf116432cc20a97e01b9f6abfe6e98,canceled,2017-10-10 14:07:52,2017-10-10 14:41:31,,,2017-10-27,c4885a20001538b8c0b0a0fab5ba03f3,2017-10-10
f779f822cb55bce6ada1933a729cc2b4,37ea849d5d11357d5c20de8b32a17bac,delivered,2018-01-22 17:45:21,2018-01-23 03:37:22,2018-01-24 17:49:16,2018-01-31 20:04:02,2018-02-20,c19fd67bbf01e561cd063f5cfa5f5ebc,2018-01-22
ffe48cb3d8485e0cb0405e21192e592f,c7d443bf742505394e4431d332fa5744,delivered,2018-06-29 18:11:54,2018-06-29 18:30:38,2018-07-02 14:06:00,2018-07-12 14:38:38,2018-08-01,6719131c8ace6580220a889e8630624d,2018-06-29
e96c4302510359c340adad478ba16cb0,b102a52bc45edc1d739120e3f7c6f3b2,delivered,2018-03-01 12:56:40,2018-03-01 13:40:21,2018-03-03 17:09:29,2018-03-07 20:47:00,2018-03-19,340d924858c395848c127b3e772b6bfd,2018-03-01
a4cfd47a44ceac0a7ebb64dd03f2a4a6,b00dc51dbe5ad842fe829eea1bfbe756,delivered,2017-08-25 13:46:45,2017-08-26 02:24:34,2017-08-29 16:00:06,2017-09-02 00:52:21,2017-09-19,755fb0e694044d0787ad18479196d8da,2017-08-25
17c4a954c13689e07cee2c1080a3a812,fe62562867d5d0c5436148415d2de769,delivered,2018-05-13 19:57:38,2018-05-13 20:13:25,2018-05-15 11:44:00,2018-05-18 21:18:33,2018-06-05,ba48b0b5bd1a6456a074b95c873cf952,2018-05-13
b0200fb90c91c50e3310f7f78f68fdfc,15ba669d92c1a0dc05e3869a81de6919,delivered,2017-11-20 17:32:31,2017-11-22 03:06:59,2017-11-22 22:56:39,2017-12-05 20:07:47,2017-12-13,f7c51392ea93ade8c8ca9c537c06a5b5,2017-11-20
e3d24d79c3175a6511519e3c4cd64c14,a585914d5afa8549da97dde83873d91c,delivered,2018-01-29 17:22:20,2018-01-29 17:35:40,2018-01-31 01:31:59,2018-02-14 19:36:38,2018-03-01,254a37b463b291e2cc13a671e8d49844,2018-01-29
c65ca254bd0c624c11dd60d92955c989,3e4ebed68177e081dd84a416c4718ad8,delivered,2017-12-13 20:15:02,2017-12-13 20:29:21,2017-12-18 22:38:32,2017-12-22 19:27:44,2018-01-09,3a14c9322928ad049cec3d377a3b8394,2017-12-13
eb013841f776a6661fe5fe8f799b8866,dad5aa006cfbc8c00949133ae9b21c9c,delivered,2017-05-14 10:58:49,2017-05-16 03:30:40,2017-05-17 14:18:08,2017-05-18 14:00:08,2017-05-24,c99537cb2fd241625df83ed590ee099b,2017-05-14
79ec99878595baada166992ed3b31ff9,29b42125bebd7816a4dcdb2895289de2,delivered,2018-02-22 15:37:51,2018-02-22 15:50:48,2018-02-27 21:24:56,2018-04-17 22:42:51,2018-03-21,cade15256ac18bcaa5cabce3e701c415,2018-02-22
95de62498e177002f6ef1949e2e788ea,80acb244f16eb759ec0bafcb47c21cce,delivered,2018-02-07 19:29:00,2018-02-07 20:32:16,2018-02-08 18:36:15,2018-02-16 22:37:18,2018-03-06,837525782a99405a7e8d6f3795240da8,2018-02-07
503f675df334896d388f06d20d5dc540,4c4d22fd3c80ff16765bd69545061f0c,delivered,2018-07-12 21:50:47,2018-07-12 22:05:20,2018-07-13 11:47:00,2018-07-28 20:14:43,2018-08-01,67db6977c4098584c8ea7a773edb6bd7,2018-07-12
187d43c69480f7f8d6fa58d4aacea5ee,60993e25142e45fa3f14ae20ae76a0cb,delivered,2017-09-06 19:41:57,2017-09-06 20:04:13,2017-09-12 21:44:35,2017-09-26 14:58:41,2017-10-04,680ca46a7747ede65ea40c92b183a4f4,2017-09-06
724c93e86fd1a0d2f740a8e94e862e95,e373a1e26d96df390fe56367ac0bdfde,delivered,2017-06-03 13:25:22,2017-06-06 13:30:46,2017-06-12 12:22:11,2017-06-14 11:46:07,2017-06-19,929a9d4c1dbded2d30d3f04cd0569cbb,2017-06-03
2f04cf66091d02e84a7996ba8a645c12,5cb13b406da4e875e123570d6ccb39d2,delivered,2018-07-19 08:49:31,2018-07-19 09:02:49,2018-07-19 12:49:00,2018-07-20 16:32:50,2018-07-27,255c0e6b31679d69ad8f5e78dcc1636a,2018-07-19
ceddfcaa82b18d944e4de24213a6fd4a,7f9ef908b67c378f4f0279db3794346b,delivered,2018-04-17 14:47:18,2018-04-17 15:09:09,2018-04-18 18:08:47,2018-04-25 18:42:04,2018-05-14,05805184af39a1de60d6f00eca676a86,2018-04-17
fe933df0fd385b69db30d4d517d67853,c23799a7a4ab562338447cd8446bdb95,delivered,2018-01-19 00:22:17,2018-01-20 00:18:57,2018-01-22 17:09:33,2018-01-31 21:52:22,2018-02-16,2e7c2c60f89f415b2b356a83565d2f76,2018-01-19
4efcdd53498c7239ee47b4a8d8a01b37,247d35c2e52fe507f47dceb38d7f975c,delivered,2018-03-07 15:49:50,2018-03-08 02:35:36,2018-03-08 22:12:33,2018-03-15 13:51:42,2018-03-28,80402c791053de22537569dfd53036e7,2018-03-07
58bf9a6d114d3c24f036469c84a91693,fde5e7ba4c6e9331a61ba59626589d83,delivered,2017-08-21 18:06:55,2017-08-22 04:06:54,2017-08-22 15:03:46,2017-09-01 16:36:44,2017-09-19,a9fe18a214f15540c51b44edbb4268f0,2017-08-21
11535aefe39f2fd8ee398d7564d50cb4,3d58b5a4896222884b74ea5074edc1b7,delivered,2017-06-12 11:47:43,2017-06-12 13:06:45,2017-06-19 14:29:44,2017-06-21 16:18:06,2017-07-03,26212dbef2793994deae6798686c6c74,2017-06-12
de28a54bc18433e783cbc37da59763e1,351a500a136c5ff037fa56f8c4c5ff88,delivered,2018-04-07 20:13:18,2018-04-10 15:35:20,2018-04-11 17:32:38,2018-04-16 22:56:36,2018-05-10,e28272ef702133346357b97b6356a25c,2018-04-07
7626f6090f351b8bd1e090dae74e0905,351862afb171174da309fadda7304c76,delivered,2017-12-09 18:32:55,2017-12-09 18:50:50,2017-12-12 13:21:57,2018-01-03 23:24:23,2018-01-22,016a528e7cb02b29de37ea55cf89b9d1,2017-12-09
11c71300049cd2c9896b0be33f04d574,12b6d8d5e5a754c23495e232fc4c2a86,unavailable,2017-06-15 10:07:14,2017-06-15 10:15:19,,,2017-06-29,7146a4a7f52aebbfe3a384100cd5c9d4,2017-06-15
7b2a882eef1edda20fe63ae4422c981a,f540a68b6e4b8004a59a062334c6c1fe,delivered,2017-11-27 15:14:40,2017-11-29 15:14:09,2017-12-01 18:41:49,2017-12-06 16:07:57,2017-12-11,24077220d4ba96252e967e99160c2a5b,2017-11-27
bfbf87cc2829df6adac299ab0cc012bc,816346b2de82fd39be31ae7f42fef07f,delivered,2017-01-26 21:58:21,2017-01-26 22:05:20,2017-01-30 12:14:13,2017-02-06 13:13:10,2017-03-02,e1b59a2032b34097d0c1c8d320f40832,2017-01-26
806d3b5f15557ad3d5288d340271151f,185d4f6e56ea6a1e423468b4d2eaa7cc,delivered,2017-08-14 12:18:15,2017-08-14 20:24:08,2017-08-17 18:12:41,2017-08-23 16:56:44,2017-09-13,fe59d5878cd80080edbd29b5a0a4e1cf,2017-08-14
f5b3a06b2ac88029188565f5e8bf4347,66aa9db44cb942fec96bd377024eca05,canceled,2017-11-14 07:50:39,2017-11-14 08:06:24,,,2017-11-28,8434d52e98a740c4907b1b05ad33148d,2017-11-14
fe5fbb5c1e50e83aa30c02b68ff9faef,a11eea9340de49911ce9d1c0fccaadbb,delivered,2018-03-28 17:23:11,2018-03-28 17:35:12,2018-04-02 12:47:29,2018-04-26 22:28:36,2018-04-24,48faf0ff149b5a725557ec04a0ab301f,2018-03-28
b2642502bf8864ede538c80b67275178,45417c7ba584e71275cd7f988c71c1ba,delivered,2018-06-30 00:46:29,2018-07-05 16:22:31,2018-07-05 14:30:00,2018-07-12 17:38:22,2018-07-20,84d0b101bfbf72d32aff861afd23e2f9,2018-06-30
73716792079a3819a7022fdf6500f9fb,972adb33d045b9de171cc36a33ff6111,delivered,2018-03-05 08:44:04,2018-03-05 08:55:50,2018-03-08 22:29:35,2018-03-15 23:08:29,2018-03-15,f7d58c2990cc096fcc86ed849b245158,2018-03-05
901fa9040bdb5022b65e359c25dcf76a,57ce584c0a8742956ee423f2f0b488b4,delivered,2017-11-21 17:35:26,2017-11-21 17:47:06,2017-11-22 22:41:14,2017-11-24 16:10:10,2017-12-01,20e4708c1101b7f1d39ca9c63f65ecc8,2017-11-21
8dc15e4b00578c78f90a16dd481552f7,24c20c027494f934d8ade6755a88615f,delivered,2018-03-27 10:25:08,2018-03-27 10:35:24,2018-03-30 00:05:22,2018-04-10 18:21:51,2018-04-16,3b150431cdcee93b5712d0787a17a1f6,2018-03-27
50ef86138cef1c3745888df8e7ac74dd,0e7130b31eb9304b496e9f4bb8223ee3,delivered,2017-11-27 09:00:55,2017-11-29 08:56:32,2017-11-30 18:54:57,2017-12-06 21:43:22,2017-12-18,4c9097671506eb668546b2c1aaea3c83,2017-11-27
913bdd24d2b82e7c7448df845b0cc62d,8279835c2d06da356052cc7aff30adb3,delivered,2018-01-23 20:45:59,2018-01-23 20:58:25,2018-01-26 16:09:01,2018-02-06 22:33:45,2018-02-23,04e495a3f45df8b41be2e934bbc16961,2018-01-23
1e80928c1e41dacaab0a0409f3e0b130,8d13546034f81871cef875dbc84580c2,delivered,2017-10-06 00:31:03,2017-10-06 05:33:55,2017-10-09 22:16:37,2017-11-07 21:14:56,2017-11-03,e84ef43d709453f72e9de640ebe15566,2017-10-06
30a897c2be083ba0f419c5b2cc9ca368,00b4054d851ec464f6fb745fab627439,delivered,2018-05-19 17:08:23,2018-05-19 17:38:35,2018-05-21 15:39:00,2018-06-08 19:38:54,2018-06-27,82c199ce18d8d976f3029a4310e8ac5c,2018-05-19
cc139c399d4fe7949e1cc628424f7955,5226615e7244cce7c69845197816fce8,delivered,2017-06-07 14:10:15,2017-06-07 14:25:20,2017-06-08 08:25:03,2017-06-12 11:06:52,2017-06-23,3110339155d740dc64b31e1666952100,2017-06-07
1aea4433bde1c518b2da880fea254b56,7148bdecc3846e13a3b9ae811cb7162d,delivered,2018-08-21 15:52:50,2018-08-21 16:10:27,2018-08-22 13:09:00,2018-08-27 23:17:33,2018-08-31,af35dc9ca5d18e6ff32c99ce34e7dae2,2018-08-21
cb92b276a7de36c49df850016137384e,0dc7871245a2049358cfa65402287376,delivered,2017-04-10 12:56:29,2017-04-10 13:10:12,2017-04-13 15:19:46,2017-04-26 13:24:19,2017-05-16,0f01c2a7c7f6e8f75e0e3c9cc8bb7474,2017-04-10
d7ac124b50e54544b4cb85315b5f2793,5fc9fb8a9bfbcb5e8a1b00b2a52b012a,delivered,2018-01-08 13:44:01,2018-01-08 13:52:23,2018-01-15 08:44:49,2018-01-19 00:58:26,2018-02-01,88a141db4e49b2eaaf35327bcfac9d5f,2018-01-08
498461a2f4ef628aa153ee9d3c57eab2,fad7d23c35cc53861ea7005b27cbeebf,delivered,2017-09-24 11:15:48,2017-09-26 03:28:09,2017-09-27 15:15:18,2017-11-13 23:32:14,2017-10-24,87b17699dbb8c555f40463875ccaea8d,2017-09-24
1544b91291000836c72384f035436fbf,23898fe69fc9787b0855955d2d4363ca,delivered,2017-08-14 11:04:23,2017-08-14 13:31:22,2017-08-15 15:33:15,2017-08-18 20:23:07,2017-09-05,ee9d97a7d28183a3d93aefb807e48524,2017-08-14
4a5dd77c42df1a4cf21c142eaacf866f,1105a2d90809705d9c8877de0404e82d,delivered,2017-05-21 08:04:02,2017-05-21 09:15:08,2017-05-25 15:59:57,2017-06-02 16:54:44,2017-06-13,46ed126bcf1df6e195dbc63d7c320983,2017-05-21
6c5560ced6024f245a79e10108dee769,45d631cd3113b427bd58c334a7fbeb04,delivered,2018-05-16 10:38:36,2018-05-16 10:54:16,2018-05-16 14:53:00,2018-06-05 12:58:46,2018-05-30,9ae7ec34cd6f3775c0410239d2565306,2018-05-16
a9e1e09c442625a16637e162f6d212ca,c8a9440a54070574df4c5059bd0bce3b,delivered,2017-07-30 21:11:11,2017-07-30 21:25:10,2017-08-03 16:29:43,2017-08-21 17:58:05,2017-08-22,836448bb132327df1c5b994379c24064,2017-07-30
eef9ed469692b10f7592bb267b18976b,599db69c933e5f5a111f44e413ecff87,delivered,2018-05-21 18:11:30,2018-05-21 18:55:16,2018-05-22 12:24:00,2018-06-06 01:40:43,2018-06-12,32326030f94a88d5f606830e9f528349,2018-05-21
1873fcb129d137537b45d35990b5d734,1ff886d030252e3a0b3a86d4cbfb3503,delivered,2017-05-01 20:29:52,2017-05-01 20:45:08,2017-05-03 15:37:12,2017-05-16 07:47:49,2017-05-24,8b2311048b3a63a10a5f5083a49634af,2017-05-01
df16628521a91b8dc473aa698aac7285,8e10fd41ca69eb3563b001ac880809b9,delivered,2017-10-23 22:17:41,2017-10-23 22:28:29,2017-10-25 19:11:23,2017-11-03 17:41:40,2017-11-14,3c53714af64e0118badeb4ebc3fe300f,2017-10-23
5ef2b9c9a5e997664dcaacc5fa769e07,90f9c01a499464834ab71ad103053acf,delivered,2017-03-23 23:55:55,2017-03-25 02:10:41,2017-03-27 15:29:45,2017-04-03 16:23:52,2017-04-13,f42a6889e68a6c60099cc748300ee004,2017-03-23
934fea5db039921610aa5438f5cee7f8,e9e5ffc30dcb7794bf60f1bd35d999b7,delivered,2018-02-21 23:00:07,2018-02-21 23:10:24,2018-02-22 23:45:53,2018-02-26 23:49:53,2018-03-16,c297bb9230dc3152522d0c2b4caa7a1a,2018-02-21
6de19838b042f2da59ed21bf294b91d0,adf4f9800a136326d927e594a15d8247,delivered,2017-03-17 09:43:19,2017-03-17 09:43:19,2017-03-17 11:07:54,2017-03-23 14:18:50,2017-04-17,b97c52951e9eee1993c3880b4eade849,2017-03-17
986da3ca575a68c698729794ccd67dfc,fbc396cb345064e2f0c3c9ef89a1f230,delivered,2018-04-03 18:55:16,2018-04-03 19:10:16,2018-04-05 21:45:48,2018-04-10 20:51:45,2018-04-18,49b702edd43e581908cdd191e75c35da,2018-04-03
3c8cf606bf1e8d2c586198c6a9eaf99a,072c5ee6f5062ed623be67fb0abd8fef,delivered,2018-03-28 00:34:21,2018-03-29 00:30:13,2018-04-02 15:46:45,2018-04-12 20:51:48,2018-04-30,95780c1d1d4de2a7bfcea046a7841cba,2018-03-28
2440bc295a6469fa10b79123189bdb31,269f81c0a69da969099d4e38ff688581,delivered,2017-05-26 15:16:08,2017-05-26 15:25:17,2017-05-31 11:27:15,2017-06-10 07:46:49,2017-06-30,f9180f92fe742904f53702d095a48712,2017-05-26
860690bc540ac01e91faa26cf28cdd5e,913f6c1bae683c704e97230b008eacd7,delivered,2018-05-04 11:06:55,2018-05-04 11:33:18,2018-05-07 13:37:00,2018-05-15 18:12:50,2018-05-23,2c189b16626aa48f8f367bfd2bdb671d,2018-05-04
a523356c905fa032d024c70affee0897,819f6a9b1a8255e13c1ce6085eb24f1f,delivered,2017-10-22 22:25:18,2017-10-22 22:35:14,2017-10-23 19:41:44,2017-10-27 17:41:57,2017-11-14,8355ffaf81d1796a851153ae6804fdde,2017-10-22
1f4714b1a377cfc36eafd36d2763881e,6e051e3f7ffa99ae317f345a9ef43b03,delivered,2018-07-18 17:13:02,2018-07-20 04:45:22,2018-07-20 12:03:00,2018-07-26 18:51:47,2018-08-02,84f30d2fd3937449dc7e0c835c281961,2018-07-18
ff50784b0e66a6f83fb5eba8a54d294c,8389b52348e71bef5c53f3b8795a8d7a,delivered,2018-03-07 09:12:51,2018-03-07 09:28:49,2018-03-07 22:53:06,2018-03-18 16:08:16,2018-03-21,2f996038d18cf08d8d05de39236b3ac0,2018-03-07
bbec5ebc694ba25d867c7d3493a18e2e,5834f051f3aed6dbad4d1d1fb604768a,delivered,2017-04-03 17:14:19,2017-04-03 17:25:14,2017-04-06 06:27:53,2017-04-11 08:15:07,2017-04-26,b9dbc8b2b8eb1d4d0bc684b729a10cbf,2017-04-03
8df5302d84c574cdb1a009c9ccd1dcd6,dd6f4cc5de02738b4f29ff7da1116e14,delivered,2018-04-30 13:49:39,2018-04-30 14:14:34,2018-05-07 12:31:00,2018-05-14 14:24:53,2018-06-13,79c91e24f6c0e6a23e00792c4b815055,2018-04-30
3d435ea4c7b8ac007710c6aa2e6da685,7257b139a7933c4c3cc9ee40b1628ab3,delivered,2017-11-29 10:36:33,2017-11-29 10:59:57,2017-11-29 21:03:38,2017-12-21 15:18:52,2017-12-22,4de69aa560c740d61d03eeb43b91d9ce,2017-11-29
e43be9f124c722dfb1d98eeb39b69484,565ef96c8b329e91ee596508371be62a,delivered,2017-08-04 21:35:54,2017-08-08 04:04:29,2017-08-09 12:46:00,2017-08-15 20:12:24,2017-08-28,64b58e8ac09198579e411a860973146f,2017-08-04
2e3c6e30c69763a7dfe40f11a19ed3da,9f33e47b96b9e034154df245350f37ee,unavailable,2017-10-23 18:24:27,2017-10-23 18:35:15,,,2017-11-13,9c783b71f0ea85aac770d6aa99e8a01d,2017-10-23
95ecc4683cb56cd525c1488adf228175,66803c74df107dfbfc7492cd887c7401,delivered,2017-06-07 07:04:25,2017-06-07 07:15:14,2017-06-08 15:42:08,2017-06-26 10:25:49,2017-06-30,a571a2a1134b8ec2b756a6907dbdb8dc,2017-06-07
49a025561e725132c9661f305515a65e,07a527e6169759ea7d70eb694633e951,delivered,2018-02-27 21:58:29,2018-02-27 22:10:32,2018-03-02 00:52:08,2018-03-13 19:58:31,2018-03-23,9f3e953fb01bfe34f6d1c7f11c1bf4f8,2018-02-27
0930df388b21f34fc3f0e3baa9a73016,981fa4abc1b27dee0fd30a98a2447de0,delivered,2018-06-25 08:47:42,2018-06-25 09:19:13,2018-06-26 07:06:00,2018-06-28 16:56:41,2018-07-16,c22d40ecc043e8c312c15c24ded31ddc,2018-06-25
6ce97d43dcaf7511483429f939aeaa95,2eab66bea6e2e7a2f891b40fd4751f35,delivered,2018-03-24 18:01:02,2018-03-24 18:15:20,2018-03-28 00:44:28,2018-04-02 19:39:38,2018-04-17,9b4d58e12f7990a1ad33f3ea9c2a2ffb,2018-03-24
e3f50e1c357268aa977efcfc6043c79d,d88e09419b67d9e3b3870edcec90b34a,delivered,2017-11-07 19:10:51,2017-11-07 19:45:59,2017-11-08 20:09:25,2017-11-19 16:49:45,2017-12-08,be272c0ec875163253ca0a577ff4848f,2017-11-07
1f153a6d92d413d94c540554a49e47fb,366bbd2e43543cbe8842b9d6c4c144d2,delivered,2017-12-15 23:53:23,2017-12-16 00:10:57,2017-12-20 20:22:06,2018-01-09 10:54:13,2018-01-18,db336654c8cc3b06f194466ddbc5c28e,2017-12-15
255bd6d4c5976cfdabd42470596058f6,5af77d9ab0d4fd887c5c7022980c92d0,delivered,2017-09-27 16:56:47,2017-09-28 02:56:50,2017-10-02 19:04:09,2017-10-08 14:23:59,2017-10-13,e5b69689b2dcbc098ff5debd1d91013f,2017-09-27
9981143a592afa13a901578fb302621f,738d82f781a81bb119174f7f69f52d31,delivered,2017-11-16 13:01:21,2017-11-18 02:09:27,2017-11-21 16:51:45,2017-11-29 21:32:17,2017-12-08,bbfaa717ff2fed59b64d9595caf4739b,2017-11-16
793511fa4797d5eb6c16b433ec622276,8ad46ad4cb8d5301c884b799a72c3d65,delivered,2018-06-10 14:12:46,2018-06-10 14:31:41,2018-06-11 11:52:00,2018-06-19 23:48:27,2018-07-03,ab2c500726b677d82ee165259410ad60,2018-06-10
c2c23632c81a919fa705b182eb5bf55e,22dd08204d80c547de3a85262b22ab33,delivered,2018-06-14 12:38:15,2018-06-14 12:59:38,2018-06-20 12:46:00,2018-06-29 12:38:44,2018-06-29,e04615084acfad18a8f3c1f6daff4a3a,2018-06-14
92a6e33b636545263917ab59e3169882,56675e3225d73101d88be1b43c54fb85,delivered,2017-11-03 23:14:01,2017-11-03 23:30:39,2017-11-06 14:26:31,2017-11-14 21:04:02,2017-11-28,0e71681ebdc97df774d7451ce1b4bef9,2017-11-03
7a80708ef3077d6b8334d40b000926a4,298902c3e679ccfb8ce1d910816ba0dc,delivered,2017-04-12 21:55:54,2017-04-12 22:10:07,2017-04-13 13:47:56,2017-04-18 10:57:38,2017-05-04,c32f75de72465893b7577458ad5442f6,2017-04-12
cc3c90e62ab9247ab75856083c0c8c96,c1d3b93d6b3fe93e4c0a61627eaa6212,delivered,2017-11-12 16:09:34,2017-11-12 16:26:27,2017-11-14 22:54:53,2017-11-24 19:54:40,2017-12-11,a20abf142c56288cbea0f21614812c1e,2017-11-12
70c0f518419924f19c9878c5b40a185b,5ecd472e3a1c6054487909a22523cece,delivered,2018-08-13 11:04:57,2018-08-15 03:15:10,2018-08-15 15:32:00,2018-08-28 18:25:26,2018-09-25,9f52aa42e2fd7bc958a8268f0c5945d0,2018-08-13
05f24644b8019e68652b4216a5a5e956,f54d85c1e85a1f5d17c500a699b2ccc2,delivered,2018-04-22 12:44:46,2018-04-24 18:40:36,2018-04-24 23:04:23,2018-04-30 19:52:21,2018-05-18,1178b0a7632f8af98f4bdc6d0260dde3,2018-04-22
311f353f6601e1f99c5ff9c14df0e774,f2c9297d0ea52ffa017fb7e898ac0907,delivered,2018-03-20 16:38:01,2018-03-20 16:55:53,2018-03-21 20:06:29,2018-03-26 16:51:12,2018-04-06,941febf6c28462204f83d80e47f079ac,2018-03-20
4209ee3387ac1d2f5a5569fabb412118,6ad884cfb03898c648dd419723575906,delivered,2017-09-07 17:55:37,2017-09-08 17:50:22,2017-09-20 19:03:08,2017-09-29 20:19:57,2017-10-23,df328634fd50c8a6ff1531d9408169dd,2017-09-07
30da30e2420a38c7c33ecfd37f3cbecc,4344796d9ee30df39765c187e2c6c46a,delivered,2018-04-13 14:51:09,2018-04-13 15:13:22,2018-04-16 20:14:41,2018-04-26 12:04:32,2018-05-11,fc785f89b1bad163c84fd571bc6caed4,2018-04-13
cc93c76377b9408581cc455bd50de947,e4987985a80c0f9415dec5c077e9e2eb,delivered,2017-10-15 22:17:40,2017-10-15 22:28:31,2017-10-23 14:43:11,2017-10-30 22:39:45,2017-11-22,c0fcb07a9959ae14f01bad208e445cc4,2017-10-15
c52d67553f681ea84724bf36d9fb13c8,12910acd03efae7d09d8ac5984b1858c,delivered,2017-08-27 00:52:00,2017-08-27 01:05:11,2017-08-28 15:34:03,2017-09-20 21:07:50,2017-09-21,ad09c5f5c39cca6a6d6ca4d2eb767294,2017-08-27
2a794faaa57fd9d51264972ad3981893,899b9fd41967382bf69843cd2343bbad,delivered,2018-05-16 09:20:00,2018-05-16 09:33:19,2018-05-22 11:25:00,2018-05-25 17:11:42,2018-06-04,560f0209de88107bec357f67dade4362,2018-05-16
cddcd786f6e0cb764c7b3d111457a09a,3cbc349db01f3c00d0bc243dceea5ab2,delivered,2018-03-15 13:02:09,2018-03-15 13:15:36,2018-03-16 17:11:05,2018-03-27 17:29:29,2018-04-10,ad7dccb6f5fb5154000c16bdb183d78d,2018-03-15
52fd8c890356febe4f78b653ef130cd2,21c57ebcb87ee3234cd00d36f40cfa9c,unavailable,2017-02-08 13:03:36,2017-02-09 02:55:30,,,2017-03-07,32300168b351a3fede32444fae9b7b25,2017-02-08
223cd404de0ec7eabc319bed69fa1079,176252fec2dd0959a6a9c12ea3868752,delivered,2017-06-23 21:40:02,2017-06-23 21:50:10,2017-06-26 16:32:20,2017-06-30 13:53:42,2017-07-19,e59fbef6e2e5b2a9795111f9a3e3c8dd,2017-06-23
83af4399868a710fb5c825aa05704bbb,031de3e0ed7da3e56d64bc3099f70342,delivered,2017-07-11 17:50:55,2017-07-11 18:05:21,2017-07-13 20:46:39,2017-07-20 18:37:47,2017-08-03,24af54232efe5e03567b2458195f81ab,2017-07-11
497b22cf27e02673170a190f5c0f621d,c2ebce3c867123caeef82732803f86b4,delivered,2018-08-21 00:18:05,2018-08-21 00:30:25,2018-08-21 13:24:00,2018-08-24 14:06:28,2018-09-14,530fb423e2cd1833d8fb6e531b6609be,2018-08-21
b74a912193e9cb61622b15175442807f,0500c40cdd334dc943c44f211c54feef,delivered,2018-01-13 21:41:48,2018-01-13 21:52:25,2018-01-17 20:56:50,2018-01-26 18:29:15,2018-02-07,b960618ae613125005032deb972def8c,2018-01-13
3899e902fbfaabd1e7172e0f62fde3b7,c9b7d7120a9428f1420035a317c6cba4,delivered,2017-07-03 18:31:55,2017-07-03 18:45:06,2017-07-04 13:32:13,2017-07-07 19:57:32,2017-07-26,cf0b7be50bd881be2338a95356b3c3b1,2017-07-03
632ac5c2bf3c8aeafd09f914775789c3,5e3abd6568fe73ab6e644148e7312457,delivered,2018-05-17 14:46:58,2018-05-18 02:54:28,2018-05-18 08:23:00,2018-05-24 12:56:28,2018-06-05,942db62653f6f1121ebeef2bfd740282,2018-05-17
63638a6806d67773f3adba8534553fff,16e14c1e6e050fe6730c961ff638ca23,delivered,2016-10-04 13:22:56,2016-10-04 13:47:45,2016-11-17 15:53:01,2016-11-25 13:17:37,2016-11-28,df2988ba3ed226b10521a0e4da849b61,2016-10-04
edd3d7495d5177045823010a1f6ac22a,fbf9c2e3c687f16df64422a9c855b8e2,delivered,2018-06-13 17:55:32,2018-06-13 18:23:23,2018-06-14 14:58:00,2018-06-20 15:08:38,2018-07-20,6059cde3ff567c063cc2af56ca7c47df,2018-06-13
8486fd83698ac11d01786e0d04f9ec8d,d431edb5a506daead098ac221c568094,delivered,2018-03-21 20:20:40,2018-03-21 20:35:36,2018-03-27 20:33:27,2018-04-02 22:18:27,2018-04-11,0203cdea5911c033017b1b2bb6dbeb33,2018-03-21
8ce80fc6b88ff67ab9506b08ba95f300,fc32515d52db6d39df219e2d53229a65,delivered,2017-02-12 00:31:17,2017-02-12 00:44:17,2017-02-13 13:46:14,2017-02-24 11:35:50,2017-03-14,bcbef420bf55cfbca55313ff55af84cb,2017-02-12
b47fa5a498bfce5bc5658eda28570768,4acfee94a454cd67ddd87987fca05d48,delivered,2017-12-12 17:56:17,2017-12-12 18:10:52,2017-12-14 13:28:36,2017-12-28 21:39:30,2018-01-16,8fe4f9a0d6a47babbd498127a9109bd1,2017-12-12
37fc96845277017406e269d41347fb37,20dcc8f06c9dccb6d70c446cd56a9c6d,delivered,2018-01-06 14:01:14,2018-01-09 07:20:48,2018-01-09 16:28:58,2018-01-15 18:18:34,2018-02-01,9012cc9c09d023dc6a78688fa6182bf6,2018-01-06
83aaaa34d363ae73c8f0a7ca4ea53715,dcacf0ed77cacee2a236ed1c834f4fcc,delivered,2018-04-26 11:55:55,2018-04-26 12:11:16,2018-04-26 13:49:00,2018-05-04 17:45:49,2018-05-22,2de281efcc875efb68d7c73d55cac2ed,2018-04-26
48aaa0a6d934cf4a57020d72908f94cb,fbd8d0ed848aa2a0405fe1f623481c39,delivered,2017-11-07 19:34:08,2017-11-09 04:31:12,2017-11-16 20:39:07,2017-11-22 19:52:01,2017-11-29,5ce76a5803a4c02f25d6c133d9be2266,2017-11-07
4769f915c3d1f25ca67c6a79955b25dd,62760177f446ab92bf0eae908cab9938,delivered,2017-11-30 15:15:28,2017-11-30 15:35:14,2017-12-01 19:36:41,2017-12-08 14:12:55,2017-12-27,1f6367edb0fea9f9e46e166da67406ec,2017-11-30
d520a55c30b5d51d1648d242d1f2b554,cb2b9d2644c16b5823022e6f1db1fd21,delivered,2018-05-30 15:47:49,2018-05-31 03:35:53,2018-06-04 13:20:00,2018-06-27 14:22:49,2018-07-12,83fd07789dd8af6f226dd9e582a19d66,2018-05-30
6e89707fcdbc3ebec7af18514966cc90,97a7194f3177dd2273f7d14aa05b3273,delivered,2017-10-13 12:42:33,2017-10-13 12:56:30,2017-10-16 19:37:59,2017-10-18 21:48:38,2017-10-31,b74751ccd05ccea38353b81eeabb22f9,2017-10-13
8b3a63179277ba12f54970a5947d7a5e,515b99866a781605ec911ae448945a7c,delivered,2018-07-27 00:41:58,2018-07-28 02:45:22,2018-07-30 15:12:00,2018-07-31 21:38:50,2018-08-06,72227adcb12b8d2e32cd298956ad7af0,2018-07-27
54a6430e873dab60295a0a83b82464d2,27a9cbe94e6fe0574f9b16c5ece47fd4,delivered,2017-02-18 11:48:26,2017-02-18 12:31:27,2017-02-20 09:24:01,2017-03-01 17:06:36,2017-03-23,2ce92c0d3ec4a2fef1b4503f79b53cc2,2017-02-18
b60191ed39f4273d4a1710232a220651,1fb551cd3778f86a2ba7f008cc6165a7,delivered,2018-03-06 17:45:41,2018-03-06 18:10:30,2018-03-07 14:25:07,2018-03-12 22:37:21,2018-04-04,f2fe7157d67e049cd5d0df9736226a12,2018-03-06
9286a7cc933d6e2099098e4ae057e5dc,ed8097f13c2401a34f2d78cf43260846,delivered,2018-03-27 03:01:08,2018-03-28 02:50:14,2018-03-28 20:03:12,2018-04-02 20:05:18,2018-04-13,b59c95165f6a62fbd502da7d5909a45c,2018-03-27
793c97a0188117b9b0aad84f6cc8883e,317379f8967b192e45021770290094d5,delivered,2018-04-13 20:43:54,2018-04-16 16:32:52,2018-04-17 17:07:46,2018-04-23 23:37:21,2018-05-08,6cd76f489000250d2fc53cbfb805250c,2018-04-13
31ead8e6ffdcc849b1a720ff40d5b724,4aa4dee5b3e8b72b7ae62e0df97f3695,delivered,2018-03-05 13:42:50,2018-03-05 14:20:25,2018-03-07 02:33:42,2018-04-19 19:46:53,2018-04-03,cd32135e09d9db077a510a0eb33d59ef,2018-03-05
0a681d622e6b5d09ddfa071a5785c916,e84f49649af1492bb0ce7d6df227a76b,delivered,2017-07-05 10:05:49,2017-07-05 17:39:54,2017-07-07 12:17:44,2017-07-14 18:59:31,2017-07-31,091ca53d5f3012d1e4e6c940b313b1e2,2017-07-05
1d8b58e12a51c08f45de4c281a7e4ff8,44194210b2170dff5dbfc5d8bf3e9dc1,delivered,2018-01-21 10:17:02,2018-01-23 03:37:49,2018-01-26 15:45:12,2018-02-06 13:16:44,2018-02-19,e402207fb47846133de20a1ff937af17,2018-01-21
aaf067f5adccd2b8fdf1a9f651a9148a,62aaae3eaf6f655d97919594b388feaa,delivered,2018-06-16 15:30:56,2018-06-17 15:40:49,2018-06-19 12:28:00,2018-06-29 21:07:08,2018-08-02,057e56752630652c673205286270e5a3,2018-06-16
97ae613ef7f8ff52041abe61333c26be,c0bd9bbed7ea171381efcfef76a53b91,delivered,2017-05-19 10:28:16,2017-05-20 04:15:11,2017-05-23 13:48:48,2017-05-24 15:24:55,2017-06-01,b0a4d00be7f1758826553fcc858f6001,2017-05-19
7f2e1344275e004ec582d8cceebc5896,dcc63d2b8986c8d07300124969363838,delivered,2017-11-23 07:17:20,2017-11-23 07:27:20,2017-11-23 23:25:52,2017-12-05 22:41:58,2017-12-11,82ef904674fe55a16a2a26aef590a43f,2017-11-23
1f52d261d5a103a2a2375c21c99cd08d,6ec06eba01982607b43609eae1f3798b,delivered,2018-05-09 12:27:01,2018-05-09 12:55:48,2018-05-10 12:07:00,2018-05-11 20:57:36,2018-05-17,b760002a61b395c5b9ef77e7a424c037,2018-05-09
902db2c98a98235e57479a2ba1b06136,77057b5a79eb9c5034ce257e0d9fe154,delivered,2018-01-31 18:45:15,2018-01-31 19:10:49,2018-02-01 20:57:04,2018-02-15 20:08:42,2018-02-22,4e708abd2bbe64141eb87cd25119de2d,2018-01-31
d695ec0f70b323de0ce4eda82582faac,0362a48ef2ac84609a1495df670a0f88,delivered,2017-06-06 23:21:00,2017-06-06 23:35:24,2017-06-08 15:20:12,2017-06-12 12:00:05,2017-07-06,03a4afe75c961114945607707b9f3b88,2017-06-06
dbda8a43cc60a915d11e2e4839ea10a4,58595df42c583d2c6ab07d1819e4091d,delivered,2018-04-27 16:13:46,2018-04-27 16:32:45,2018-04-30 14:33:00,2018-05-12 20:12:54,2018-05-23,c963c8ba34222fbcbce91fd9bdf6ec8f,2018-04-27
efe5d91d523dcb8acc12b56d74523979,a925b24d158b3313f54502e1c01806f7,delivered,2018-06-28 08:00:25,2018-06-28 08:10:39,2018-06-29 14:05:00,2018-06-30 17:16:15,2018-07-12,c95ddbcc69a05a31d26fd578250593c6,2018-06-28
85b743affe05265f325748dc00ca7e12,cfb31cf06d63891740828cff66ceb63d,delivered,2018-05-06 18:58:55,2018-05-07 16:52:30,2018-05-08 13:17:00,2018-05-09 19:52:09,2018-05-23,3ad42cb7c2500e5a5f55b8cb04fd1d02,2018-05-06
caac03dc57366d1423cbfe4bfcd8d18f,05cf99f3501b95c29357f026d4383c6e,delivered,2018-01-04 23:12:32,2018-01-04 23:28:24,2018-01-11 16:48:37,2018-01-30 18:38:51,2018-01-29,b9098ca31829018dfe8aa187630aa829,2018-01-04
d5fd9f5044bf921889c94e6f549530fa,7dbf73d746aec58ce9ef6e2668cd49fe,delivered,2018-02-11 22:19:14,2018-02-11 22:30:54,2018-02-14 23:25:18,2018-02-23 22:22:17,2018-03-06,d67a104f8320f89b25c345e6ee987605,2018-02-11
296921db5b87a79a3cdfa1f0c2694e4f,604a2de1a28b64bbe0a9ebcc44681213,delivered,2018-01-25 03:45:47,2018-01-25 03:57:27,2018-01-25 18:47:03,2018-02-06 22:48:33,2018-03-05,7df74e3e408f487202dc06813dde83f1,2018-01-25
b41b68092121772821fcdd6f7fb1594c,786f59012ae920bf8b535cf145d90a63,canceled,2017-02-16 12:33:56,2017-02-16 13:10:59,,,2017-03-15,9d4e2b9608fc029188a1ad31174aeef3,2017-02-16
18eed697baafc4ed323ca3e737faaa75,bf18d7a165e5587fc4c0255650798092,delivered,2018-03-02 16:39:54,2018-03-02 16:50:35,2018-03-06 02:24:51,2018-03-12 21:57:41,2018-03-22,e94315e85e8cd829a025c96474438549,2018-03-02
87f003dca70d4d22518366caf041e845,d50a8dc7e28e47e8119560e53b1c7deb,delivered,2018-01-17 21:01:21,2018-01-17 21:11:20,2018-01-18 23:43:47,2018-01-23 15:23:12,2018-02-07,31e42515852f150b345756d0ada0ec15,2018-01-17
a548567638d3920647c0dc39b8be4daf,9b61c2371cf8ac34ba266a8a62ecdb37,delivered,2017-06-07 09:12:10,2017-06-07 09:22:35,2017-06-07 15:52:56,2017-06-19 18:37:49,2017-06-30,67cb6f76ec0b92479ccdc479ecc7106d,2017-06-07
f4a0d0b492776bcd3baab5d1f826b131,6887855de82e990aa40afea563f79b83,delivered,2018-05-29 15:28:44,2018-05-29 15:59:02,2018-05-30 10:06:00,2018-06-01 11:24:54,2018-06-21,814bce430ba8d69ffd9fe2abba84fd55,2018-05-29
ad443601986ce3f657edcfd5069f6bcd,894f7811a3347d5c9ba32c805c51bff0,delivered,2018-05-17 14:42:22,2018-05-18 05:16:21,2018-05-18 15:09:00,2018-05-22 16:52:21,2018-06-01,595379109221f7134267824ffa51488b,2018-05-17
ed6fa5e51bb096344440db276aedc37b,cd3b21a9bdd5bdaf373fa170ce2203f1,delivered,2017-11-25 20:11:34,2017-11-28 03:39:57,2017-12-01 03:22:11,2017-12-19 13:52:26,2017-12-27,6b4fd5d14176993e0d213fb2768ed568,2017-11-25
9d2bdda2af62f91df2492e397af26e09,4869717be7887d39ef6cbf9a130629ef,delivered,2018-06-25 20:52:22,2018-06-25 21:13:21,2018-06-26 14:49:00,2018-06-28 20:03:06,2018-07-16,d8f281068c5b13f6b6578962c64a4155,2018-06-25
9d01fa0e65583ec53f3864ee0e73d015,91d8e6ba148d6e55b4bb98a7af766101,delivered,2018-02-13 21:54:39,2018-02-14 21:50:28,2018-02-16 00:09:36,2018-03-17 14:36:27,2018-03-05,146057bc81d21cc0aa170797de177ed8,2018-02-13
ac5205087679bac005ed56ed3345ce0e,822cedac71f599de893ef010bb28d955,delivered,2017-11-25 13:29:08,2017-11-25 13:41:22,2017-11-29 22:45:30,2017-12-09 14:50:05,2017-12-20,ed712a2f1d57fd11fbae7ff1d9b40524,2017-11-25
3c05198859f49e5cd7177ae4567aecd4,993c078e235231a8ef603641d8719a7a,delivered,2018-06-18 16:43:53,2018-06-18 17:02:05,2018-06-20 12:41:00,2018-06-23 01:58:37,2018-07-18,ca914d9e594d5ba85dd9704c97ab9df8,2018-06-18
b5fd688e3b4992b03fe982e9d569653b,99d24bc37b036ea1d3126f00f198151a,delivered,2017-09-06 10:20:54,2017-09-06 10:38:10,2017-09-06 19:12:47,2017-09-28 15:42:28,2017-10-05,9248e335d66fbb55cce9b6669ad4be06,2017-09-06
29a2cd6dbc1ff529838a94008207fb4c,b16a8106a86d19fefd75989b3ec42af7,delivered,2018-04-09 12:07:01,2018-04-09 12:29:53,2018-04-09 22:07:51,2018-04-20 15:16:25,2018-05-16,deff1c46cf0c7ff80dc6f44246b4890b,2018-04-09
deaabbbc09508c827e439c9bf68e12a0,2b1e9ab2fb5a2db2d9b33ccbe742f09a,delivered,2017-12-13 12:16:38,2017-12-15 02:16:25,2017-12-15 23:22:53,2017-12-20 17:05:05,2018-01-09,eb1d518fa828abe161b1d3d893cb1d34,2017-12-13
5f65d36eda0c674421f691f96da9fdad,f0c0eb13676092a2c9b8e481ef14ec8d,delivered,2018-02-12 15:08:50,2018-02-12 15:28:01,2018-02-14 18:04:29,2018-03-08 12:25:31,2018-03-07,d6121c8c44dff31f2258e0765fa9d260,2018-02-12
023e55afed85f9778758fba7752a9215,ba3635a32005efb8620da7e57b206cdc,delivered,2018-03-23 11:37:37,2018-03-23 11:50:24,2018-03-23 21:42:44,2018-03-29 20:04:49,2018-04-11,3e1d36a04ef1360d7f3b169610906a71,2018-03-23
23f10f509600c30cf2852f9dbdf28fc3,934b4fa2791f6e1db380d989180d20cc,delivered,2018-05-09 10:36:28,2018-05-09 10:55:17,2018-05-11 12:21:00,2018-05-16 19:54:25,2018-05-28,3af91c25f393301d27ccd39bce43f29d,2018-05-09
afa40d3f2980e13e3f7df71f881074e6,aef8ddfeb225f0a6077b0764c1d6a9f4,delivered,2017-07-11 12:22:25,2017-07-11 12:30:15,2017-07-13 17:35:55,2017-07-19 17:29:27,2017-07-31,6d7c7818f631bb1feccbb5aef61592d5,2017-07-11
6be980911f97172cafec8249a401450f,a1b3692af9ad9d49b072944f932b0a29,delivered,2018-06-07 10:16:05,2018-06-07 10:34:39,2018-06-07 14:24:00,2018-06-15 20:17:54,2018-07-19,ee9f593dd5f027b4840c2d8671e9119f,2018-06-07
632ec9368030a0679acafa0d23b7be2c,3387330a6000841f3964adba5892e669,delivered,2017-03-18 11:10:54,2017-03-18 11:10:54,2017-03-20 12:12:31,2017-04-11 10:52:28,2017-04-26,f57c38a05eb3899c8b2c96a96a27f4a4,2017-03-18
15cdcd219ea658eb94b6630f3224a960,089fa4eabdf1694e62e22fc4c5f8fc6c,delivered,2017-07-30 23:59:18,2017-07-31 00:50:15,2017-07-31 21:27:33,2017-08-08 21:08:20,2017-08-24,66b11d3157614b5cdfc21b5b083ad0a9,2017-07-30
0a0e91f265e0c09af322a473351b61d1,5e7706e72682bce0815ac5ea59fac530,delivered,2018-04-22 18:56:23,2018-04-24 17:16:52,2018-04-26 12:25:00,2018-05-11 22:33:15,2018-05-22,d5acb04d2418fe724646db29f3a4b137,2018-04-22
11978d520d85578c9f024b99ac1a87ef,4304f16b63cae276cb72b52baeb978cf,delivered,2017-08-07 19:36:19,2017-08-07 20:25:19,2017-08-10 15:57:31,2017-08-16 21:10:07,2017-08-29,182076895d6b45f8c8be8af5fdf0e8b2,2017-08-07
6f0c6747db38e540068010194f8249e5,5db652fa15eeb25ec624e00feae386b2,delivered,2017-12-02 13:36:24,2017-12-05 04:14:01,2017-12-06 23:58:39,2017-12-08 19:32:22,2017-12-22,e040c33e0734aaf73e3c0c216877dc39,2017-12-02
5397db7879f283d4c554b5d8483d414e,d5d71423a0ba760269576208b66e10ba,delivered,2018-01-16 10:20:53,2018-01-16 10:31:36,2018-01-20 00:06:48,2018-01-31 17:18:45,2018-02-15,70fb6bdd8ab3589043b045e8a739a326,2018-01-16
3453ce39eb27c4042e03cbc4811c9bd6,a92ad99d43dee1b6f6e8993c5164b04f,shipped,2017-06-15 16:23:52,2017-06-15 16:45:20,2017-06-16 12:17:39,,2017-07-21,56d57122b9c9ce14ed031dcc287ab77b,2017-06-15
6ae8f9dc38343aeaddaf7ad202c81960,4c20ae0a763f932624e62301f665789c,delivered,2018-04-02 12:09:21,2018-04-02 13:50:05,2018-04-03 19:41:37,2018-04-04 11:46:06,2018-04-13,51285b47f804f5f0f238187575604fd6,2018-04-02
7c91640daf4cb53f476cd9db5eb0baf5,8ec0e7e091aa0efc08f80527888f7377,delivered,2018-05-21 11:07:39,2018-05-24 17:35:04,2018-05-21 15:05:00,2018-06-04 19:29:20,2018-06-06,d201f53917a2a0799286a1094e5c00be,2018-05-21
719fa622ffdccd736b29beb1b22712d6,25be208ce6061ba99899ac85dd2f225d,delivered,2018-07-30 16:45:12,2018-07-30 19:31:36,2018-07-31 11:19:00,2018-08-01 17:34:55,2018-08-03,35c62cb24d4c38a9d121fed1a43b2237,2018-07-30
4553e6bea248714596b270fa8e67e0a0,5478040f977215fe64805033d2e8612a,delivered,2018-05-26 13:17:52,2018-05-26 13:38:15,2018-06-02 08:57:00,2018-06-08 22:06:33,2018-06-29,7c8969c14be384aaf4b5d7dde49586d2,2018-05-26
b840efce97754cdc38ec59b6f4c177fa,791f4a4feac5a60fb1dfff80a1dd6598,delivered,2017-11-27 18:35:43,2017-11-27 19:11:39,2017-12-06 18:41:32,2017-12-13 18:35:24,2017-12-19,c94e42754260e0e3d99554559a270681,2017-11-27
9b78531e68513dbdcebdb2458f3929e1,efac88cd236a885f89eb0e3c60e1c0cf,delivered,2017-08-15 11:18:52,2017-08-17 03:05:51,2017-08-17 13:15:09,2017-08-21 21:59:50,2017-09-04,8e4185871952327e3e8bbae228e4bd6c,2017-08-15
1cc788ba1c0fa91ed3d7bf5a45a203a4,7a28ea6acd0c23ed1a4742b29d29682c,delivered,2017-05-22 09:50:03,2017-05-22 10:02:38,2017-05-24 14:43:01,2017-06-12 11:18:00,2017-06-06,7e54f5b8ca481064e8976b65bfbe2f2d,2017-05-22
5942376062bf8180e22499a0bd422a00,2128ddf650e5c73783c60d3478810402,delivered,2018-06-09 11:36:48,2018-06-09 13:38:18,2018-06-11 16:55:00,2018-06-19 23:21:23,2018-06-28,01cf4a649781b563f650ce1c18b19be6,2018-06-09
5f2b7b637c603f8ec42317797ac4ad0c,8a32ba474626e785c7287ddb67917185,delivered,2018-02-26 15:05:30,2018-02-26 15:15:55,2018-02-27 23:06:59,2018-03-12 18:43:54,2018-03-22,18b823b5a2562bea2e34a6439c26a313,2018-02-26
0ccc28cc32fa5c8ca6a3b2d594700714,bfadadd0d97f4c52f859c1c4d809edf9,delivered,2017-11-04 12:03:25,2017-11-07 07:30:44,2017-11-08 14:41:51,2017-11-16 21:18:34,2017-11-30,cfbf4886ae3c9a97d20957d147e50fbb,2017-11-04
9e3b990fe7684ef2d3047a94f128a2a8,907871442cdcc0bd1f7996b1bd19f501,delivered,2018-03-12 11:15:59,2018-03-13 05:20:59,2018-03-13 21:51:27,2018-03-14 23:08:40,2018-03-22,da290ce1fad72ea972646be07f8ec1a8,2018-03-12
e1b535bf997fc6ff4e8ef4de0b0f3f6c,894c170e74c27177f6bc460153bf62bc,delivered,2017-05-30 22:45:41,2017-05-31 13:50:27,2017-06-01 07:45:45,2017-06-10 09:35:37,2017-06-13,6e33b4c485130045873e13eac1b6cedb,2017-05-30
fe581625610266b13ec764bd58c6e280,fa7c102932e774ad9dfd5417886dc1f2,delivered,2018-01-10 10:21:10,2018-01-11 03:31:16,2018-01-11 21:39:03,2018-01-12 21:28:56,2018-01-24,bee833fad3ab6ab3c50e150b03fd4af5,2018-01-10
a7ed23d882841ee3a577ba96773a88e0,ff88c3fe67d72e79283259628c0731e1,delivered,2018-01-18 13:37:27,2018-01-18 13:52:59,2018-01-25 23:42:53,2018-01-27 16:52:20,2018-02-02,5cf2f57b9532cfa341be844f67982977,2018-01-18
ca73b77530327511266404c85c36f8bf,427f4df1b62718a2a2e0ebddebfa4247,delivered,2018-05-09 20:34:54,2018-05-09 20:53:59,2018-05-11 12:17:00,2018-05-21 09:22:14,2018-05-29,d31e7ac7a697833df547fe5130595da7,2018-05-09
810f4bc7b92deb70c372bde414b6bbb6,a09fe71c9d5dc8126d5fd57fb84b9423,delivered,2017-11-01 20:52:18,2017-11-01 21:06:07,2017-11-06 20:09:19,2017-11-18 19:02:26,2017-11-27,ad1a4069ee33b2920a5905b2ee117b1e,2017-11-01
d0842f390a190ab877648fb618b4dd56,c0677bd9a1d4d23e9f1b5274f0cf3bbd,delivered,2017-09-08 18:34:55,2017-09-08 18:45:12,2017-09-11 20:15:26,2017-09-13 20:03:43,2017-09-26,a19896a954d582883130dacfe402b5ba,2017-09-08
80fcac926630a1f8dac09acd966434ed,5941f2ead2367ad1fc5e41aa59827cca,delivered,2018-04-19 19:40:08,2018-04-20 07:32:06,2018-04-20 20:26:35,2018-04-30 22:47:49,2018-05-16,81bb109c9a8ce2f7668acc9fe5742ee8,2018-04-19
b4c80521e552d11e209d1388067ce814,3a486addcf71802e8445e303ab0a09e3,delivered,2017-11-09 22:15:55,2017-11-09 22:31:20,2017-11-14 21:23:04,2017-12-12 22:46:51,2018-01-02,64b97e6d3c070dd372d6310ff2c632f7,2017-11-09
21f86ae7d05052149e1c1ea80bf0115e,bc47c35a963317374069971792de2851,delivered,2018-03-12 11:33:27,2018-03-13 04:15:44,2018-03-15 02:59:37,2018-04-04 17:10:46,2018-04-05,e4fb8db63a95999b264b0591cab461e5,2018-03-12
e778ff1d0d9c3fced0e2af730435dde4,9a9c9ee98e0965d9ef3a2dc0f94ae40c,delivered,2018-02-22 06:29:50,2018-02-22 06:47:29,2018-02-23 21:23:30,2018-02-26 18:37:15,2018-03-08,b671787abb44da1cbc5def0470983edc,2018-02-22
ab4354630db26a599455989a1091e50f,019200fa574c9eda0fbc82c71fcc8fbe,delivered,2018-07-24 23:09:26,2018-07-24 23:24:21,2018-07-25 14:14:00,2018-07-28 19:11:47,2018-08-14,7530369a1ddf13882910895b0559423d,2018-07-24
f2aa68d062b1d37e398f705a9cfbdb51,3a6092e4b060b3742ba23b9826064953,shipped,2018-03-28 17:58:52,2018-03-28 18:10:23,2018-03-29 18:53:03,,2018-04-23,7a7c40d54f4884ed9dcf282c9cc8f765,2018-03-28
6bfb5b857e326522e7ad3d163ebeca12,a918b5f3a5555062f1afe875b605c164,delivered,2018-08-14 19:10:40,2018-08-14 19:24:12,2018-08-16 15:32:00,2018-08-23 13:08:59,2018-08-30,a763108056e3ddaba4eaca5b3faabfd4,2018-08-14
9a1d12fbdb2aa498f08b214188f80b57,27e9d0125746e472bfffeede1335dce5,delivered,2017-06-14 15:03:40,2017-06-17 03:24:59,2017-06-19 09:18:55,2017-06-26 16:56:01,2017-07-11,d1106d2d918751f7a04b258f7ba6615a,2017-06-14
5970ae5c335f20241fd65ed1379fe3a1,b168b6c101fbb2ba0b62622259b9e2e1,delivered,2017-11-16 12:29:58,2017-11-16 12:48:20,2017-11-16 19:02:47,2017-11-28 17:53:56,2017-12-12,821e39bb1933caeba9b6836fc6acad03,2017-11-16
58af5cb7dd3b38d0e83d7768dade1e0a,ff9fabfb47a0c2612c55d4e6d10fbb11,delivered,2017-05-27 10:15:14,2017-05-28 06:35:16,2017-05-30 09:49:45,2017-06-12 16:48:14,2017-06-23,50cd8f5fd1ab508572cbcc9fb2ac15c3,2017-05-27
78d33c687d79eafa05dcd67958f4b329,21ceb94e6b5b5076f665364d1efe375b,delivered,2017-05-02 13:44:23,2017-05-02 13:55:14,2017-05-03 16:37:17,2017-05-09 08:13:40,2017-05-23,fdf44162f93c0c3ff3684a317b3d7bfc,2017-05-02
ac6a6a3e424f679d5069f2cac25e1022,93e03cca3b7ba4bd4672f52bab2983c9,delivered,2018-02-12 12:21:20,2018-02-15 03:55:32,2018-02-15 19:51:20,2018-02-26 23:43:53,2018-03-09,40d54ccc35fb5b7eb65850472b83b616,2018-02-12
c7f459819fbc882d63765b5488f6fc8c,f1d21698569ab0dc563fcebb25491855,delivered,2018-03-31 13:11:25,2018-03-31 13:50:18,2018-04-02 23:57:46,2018-05-07 14:38:53,2018-04-26,a78a4ad13c69eed63a40707caaf80337,2018-03-31
48065395c10ff14b3c2dc0c3b229fb5b,067c9951289da2e2468121aa6e46ec91,delivered,2018-04-04 10:54:07,2018-04-05 10:50:19,2018-04-06 22:14:50,2018-04-09 20:58:28,2018-04-20,a9ede3b663d9ee53aa06865d90182af2,2018-04-04
4a4d085561af094aeffaeb7fdaeac8ac,04ee4047183ae1e8c2db584004b4ec71,delivered,2017-10-20 21:16:01,2017-10-20 21:28:12,2017-10-23 19:10:52,2017-11-07 22:04:39,2017-11-22,b715a319d46ec473b61569712e428e32,2017-10-20
895760450a7b9a0a42ec7a8f5b19730f,61642c64e59070cf026efc7c1157722d,delivered,2018-03-12 19:14:56,2018-03-12 20:48:14,2018-03-13 22:24:39,2018-03-22 18:26:45,2018-03-22,44a17c0c284c144a94bfb44a60efd58c,2018-03-12
256b2d808e8a564c42dfdb92b485219c,be4518ae17d2a9e4eef29c567f605563,delivered,2017-10-04 20:44:52,2017-10-04 20:56:28,2017-10-11 19:53:57,2017-10-16 20:29:11,2017-10-31,352f892cf1c6f376a847e7ee74f0bf91,2017-10-04
816e49951eeb579e37e0e247a4957869,3f0c4f20e1fefc38906f69768c83e2e2,delivered,2018-06-05 19:04:57,2018-06-06 18:55:16,2018-06-11 11:55:00,2018-06-18 20:07:49,2018-07-12,07ca0d4c9fbf2c34295f350fc37cc1f0,2018-06-05
2321337240c200736e346c2445003fd3,c2d4ece79b2ae91bb5c600af6b6672a8,shipped,2018-05-09 20:21:21,2018-05-10 20:17:45,2018-05-11 14:45:00,,2018-05-23,4605daf70e60b8d2c0f8608815b7bbae,2018-05-09
2ff28727dd7a3cbb51cf9b8053a7103a,a96aebd402f8c5f3993d287efb9154a5,delivered,2018-07-01 10:57:04,2018-07-01 11:10:19,2018-07-02 15:04:00,2018-07-07 13:51:50,2018-07-30,a41f2e9a8fa027a863c24fb5e262ef01,2018-07-01
c01ae15e9ff7192925a8aefc04b3672d,ac11e7077441c662e40f21c2ff637175,delivered,2018-03-16 18:47:20,2018-03-17 02:50:52,2018-03-19 19:12:03,2018-03-21 20:46:40,2018-03-28,d8ad2c0c09bb419ee20bbbda66ed6d9c,2018-03-16
984cdff250754f548d7c5bb77599a23b,8610db3f7a37d8a445f5649be9343960,delivered,2017-02-08 21:50:48,2017-02-08 22:05:13,2017-02-09 07:42:49,2017-02-14 15:14:40,2017-03-09,48464d1565a9447566fa926099aa5d9b,2017-02-08
0a9a43ac5fe59c6c4bee2a8f9b9fcce8,f11eb8f0b8b87510a93e3e1aa10b0ade,delivered,2018-07-02 08:00:35,2018-07-05 16:02:18,2018-07-05 11:10:00,2018-07-10 23:12:41,2018-07-27,64ee476500a01beb94df40f97a108c50,2018-07-02
989efe8965cc3848a0358e9445c743ef,88b61cadc5220734039809c39e7c2d36,delivered,2018-05-08 20:41:49,2018-05-10 03:09:52,2018-05-11 12:52:00,2018-05-16 15:06:53,2018-05-22,82ba4e9e9e88636659d19fe022ef7498,2018-05-08
6922a9ced1ae0dcc65cf9b784c8b7251,3d2e39c72cf25e7fa6d6eebbdaad2a20,delivered,2017-07-02 20:02:21,2017-07-02 20:10:21,2017-07-03 15:43:11,2017-07-10 21:14:00,2017-07-25,05f69b5b3c4f3fff27e0fecfabfd1418,2017-07-02
dd19171c9ed748513dcedfcdcb8f6fa0,e5c84d891766df0dce0bdc14d7d6bf0b,delivered,2017-06-12 11:06:16,2017-06-14 02:15:22,2017-06-19 16:44:04,2017-06-22 15:28:05,2017-07-11,e01640d0a080496637de72421943310e,2017-06-12
7942fdd6290ee4b2946bb066287bc91d,2de991e06dfea2ca925d906062ddb059,delivered,2017-09-03 15:16:30,2017-09-03 20:35:03,2017-09-04 17:03:18,2017-09-05 20:35:46,2017-09-15,0d7bc569f058a3bf7d95f9842c611b11,2017-09-03
4faf80dc9fb66032ad2dfb5a78c2c56b,2c9948887f75cb26e1831f13d88676cc,delivered,2018-04-02 18:52:25,2018-04-02 19:08:01,2018-04-03 23:29:42,2018-04-09 14:26:44,2018-04-25,ee07acbbdcae6527297281fbd36774e3,2018-04-02
681a823a9c2f5898157ae87f7c45c59e,8d0b32e63e627ec62fd798ce668efc7a,delivered,2017-05-17 19:50:24,2017-05-17 20:05:21,2017-05-18 09:50:37,2017-05-22 12:56:57,2017-06-14,4dc1ee083d58f95951fe4c9dbb489449,2017-05-17
24710622295ba1f92ba2973843c8b97e,084f8966676243f13f2a22193b9605ce,delivered,2017-12-20 12:17:49,2017-12-20 12:31:57,2017-12-21 18:38:53,2017-12-27 15:27:27,2018-01-15,b47ab9a33340be8e600a66b36022eb36,2017-12-20
128c967306503570d40def0212a27fb2,495440fd2023c2b6415452a9463c6b4b,delivered,2017-11-24 11:18:45,2017-11-24 13:18:33,2017-11-27 16:09:29,2017-12-18 16:12:32,2017-12-15,d5ae3fe5bdac30fd7b915d1c69aed36a,2017-11-24
38ef39ee8ebc5f492b0253bcd1213dcc,8511218eb25a2ad53760f66d63df7659,delivered,2018-06-10 22:56:17,2018-06-10 23:11:08,2018-06-19 15:14:00,2018-07-07 13:49:39,2018-07-19,eb8234d1f983bb9256c0f275dc2d62e8,2018-06-10
a7068cfd6d38617e2a752a01e40230f5,c56d35b9a9d16dbacf20923026c3a06a,delivered,2017-09-12 16:20:23,2017-09-12 16:30:23,2017-09-15 19:33:21,2017-09-19 17:35:04,2017-09-28,d464cc021c7785710f793fddf3ac4d2a,2017-09-12
e4843f518acd76cc4c3bf8731b18f57f,8dff4585ddb2ea92dbfb5e233ab23dce,delivered,2017-12-18 21:56:37,2017-12-20 06:58:26,2017-12-21 02:12:58,2017-12-29 14:57:24,2018-01-16,c5edce1ea5e9de057e5adae8a3b54a5b,2017-12-18
729a7bb44995146ae1829243068341ef,8f006da388bf8a72df55590123b02d67,delivered,2017-07-04 19:46:09,2017-07-05 17:38:15,2017-07-06 14:30:30,2017-07-10 19:08:10,2017-07-26,f86947d4233249fd9ab6c9cf113d2dd1,2017-07-04
9facbaa96abaefc54aba2b8f3722b1a7,a41d7c051e3ff5d06a96f2dc547184a3,delivered,2018-04-09 20:15:52,2018-04-09 20:30:12,2018-04-10 19:59:39,2018-04-24 10:32:53,2018-04-30,e6bdce67cb0e8fcd0e842e93c6197a22,2018-04-09
f7abe88fbe9b7ae7a46f897236e58d31,da74cd40047f4f55fd1d092618d0741c,delivered,2018-04-19 11:59:06,2018-04-19 12:14:12,2018-04-21 00:37:27,2018-04-23 21:56:55,2018-05-08,754331e9331799dde1166917cf97b8c3,2018-04-19
d12bc53f5678ff02dd4b2e82bae44705,73f3c03bfadc1e4bd678776da6dd0bda,delivered,2018-06-25 15:37:09,2018-06-25 15:58:09,2018-06-28 10:47:00,2018-06-29 21:08:30,2018-07-12,abb40fc70fc3e5e9478481ae51c620c7,2018-06-25
5e2dea58328e87e7d6a29ea1f157e287,5bb34af0aa8e40626c351f96f19bd8ef,delivered,2018-07-24 13:42:33,2018-07-24 13:55:21,2018-07-25 11:50:00,2018-08-10 17:37:03,2018-08-10,8d939f39299cfc788d8b78e5d0385dee,2018-07-24
ef50a4a45882a25ea74b3cd37833a58b,04cf6b7a84aeea29e7146b2f5ca5ebf9,delivered,2017-04-01 16:19:15,2017-04-01 16:30:11,2017-04-03 12:38:06,2017-04-15 11:46:53,2017-04-26,9f349d98819a8c6ee82841abed5044db,2017-04-01
701eb126d544cf41478232e37b4b3c32,9c224bc2354a4e8ecbd390cba06b5d07,delivered,2018-01-07 16:38:24,2018-01-07 16:51:36,2018-01-08 17:16:09,2018-01-24 21:42:54,2018-02-23,4d5579c6f147a4aa07f36a0aeb61b4a1,2018-01-07
8810a5e7c83bd0f3fd59dec5491fbb2f,a5014831ae993d45eeb54b1397bc3e32,delivered,2017-03-14 14:42:18,2017-03-14 14:42:18,2017-03-16 14:36:32,2017-03-21 16:48:29,2017-04-19,35de10c3f06643935167dacc101cf859,2017-03-14
1869017c844a8734ceb468c7da13a88e,2359a7ebdae8381103e9f7524e70fd48,delivered,2017-02-10 01:20:59,2017-02-10 01:30:15,2017-02-13 08:17:31,2017-02-17 15:22:36,2017-03-15,2429bb51d20f9cb48f7df927a0199959,2017-02-10
e0785eb4173f81ac87d13c38100670dd,934e84f2cd66b617d8c4d823375f8639,delivered,2018-01-09 16:26:58,2018-01-09 16:40:10,2018-01-10 18:19:49,2018-01-22 16:59:24,2018-02-09,7ba94b166893aa40dc6fafd54143eb01,2018-01-09
ab7c89dc1bf4a1ead9d6ec1ec8968a84,dd1b84a7286eb4524d52af4256c0ba24,delivered,2018-06-08 12:09:39,2018-06-08 12:36:39,2018-06-12 14:10:00,,2018-06-26,cce5e8188bf42ffb3bb5b18ff58f5965,2018-06-08
600de99ec627d5804e89a86f8bde241d,93d090a2fb752b4fa824e379d785738d,delivered,2017-11-18 19:46:57,2017-11-18 20:06:48,2017-11-20 19:17:13,2017-12-01 01:48:51,2017-12-12,f8b9c7dd2d30dfd5a5f56b1ee7ffa407,2017-11-18
13664715b6167dfab3eba4d88b3d2c32,44ee5791e81393bc926c1489ba4c9586,delivered,2017-12-11 16:37:22,2017-12-11 16:52:20,2017-12-12 16:43:53,2017-12-18 23:41:57,2018-01-09,ebb739182e7dcfd922128e714581ce1c,2017-12-11
15868acdab32b4c9544714b0f02c8a57,9302bcbba1cb251fb466d0dac7bb9726,delivered,2018-03-29 12:43:44,2018-03-29 12:55:21,2018-04-09 18:38:44,2018-04-10 19:47:30,2018-04-11,083d871c720ca2fae78dc6669b9361a2,2018-03-29
efa3e0b795c3871ff5413d163cc9d6f0,d172c15ea2aca0b2d65e01a631df3d1a,unavailable,2017-11-17 19:42:32,2017-11-18 02:31:13,,,2017-11-30,0d98133cd940dabf5ebe2742fb2fbc4a,2017-11-17
138ccf0b37b60dfe366b895534e55bca,d813ab20b4b3354cd96acf8f62f7ac9f,delivered,2017-02-02 21:38:16,2017-02-02 21:45:17,2017-02-13 11:03:41,2017-03-02 10:14:11,2017-03-09,83378a775dc59edce2437ee52bbfbd19,2017-02-02
41c045db2d1876be9f05cf4a787693b2,a286f46d6e54cc0179bbb0ee07b0df5e,delivered,2017-08-16 14:06:30,2017-08-16 14:55:20,2017-08-18 15:41:40,2017-08-21 15:05:13,2017-08-29,4e4fa2b85379e9db6dc59f873f0a9748,2017-08-16
280e71c88a9ee2c1cb66b2b25dd92171,98a76ec62893cf274af98c74b705dde1,delivered,2017-04-05 21:21:24,2017-04-07 03:10:36,2017-04-07 08:30:03,2017-04-13 16:06:09,2017-04-28,040fc99e1848165b5b3dc5881a144090,2017-04-05
048f4f6b6d2d3bc131665b2440c39f70,a82511bbc306aa12dff92b60de39e448,delivered,2017-05-25 22:28:36,2017-05-25 22:35:20,2017-06-01 11:55:31,2017-06-16 16:12:45,2017-06-27,0f113bfa5027a902d289c71a3327cf35,2017-05-25
7ef3b5a97b46c5f804765c88b291d34a,f2850255763a41d2ace008ee8c066411,delivered,2017-09-04 23:57:01,2017-09-05 00:10:10,2017-09-06 20:23:04,2017-09-08 13:36:54,2017-09-15,b7de6c9f695cb25fa5b26ccafd65c3df,2017-09-04
e23b5df42ce1bb6425b751290bf33a8b,b1a9b79f3f6ad40d676feab24845edb3,delivered,2017-11-08 10:35:01,2017-11-09 04:31:18,2017-11-10 19:55:38,2017-11-13 21:51:33,2017-11-22,489c830d99a861b6b7c71def0d7e2c6a,2017-11-08
099b01b8cc6b861aa593247b2f7e0b7b,68c3651d6752a9bf3b7797626f200e06,delivered,2017-05-31 19:57:21,2017-06-01 11:10:21,2017-06-01 12:07:46,2017-06-08 17:06:51,2017-06-21,8a89a5f322060e82525ac4509b9041a3,2017-05-31
d409a253fa6f530d0aa7786bd667f9a7,eb5a536e0b18887946767095ebf6b6f5,delivered,2018-06-09 17:28:49,2018-06-09 17:50:18,2018-06-11 14:29:00,2018-06-19 15:07:50,2018-07-12,d68d59598695d3e4fbb8497073593c1f,2018-06-09
17fe101451195e941a90b55aa9cf2e48,8a9de3b3a35fb0bb3159fe4d1ec6f522,delivered,2017-05-06 14:25:48,2017-05-06 14:42:02,2017-05-12 14:21:18,2017-05-15 09:51:51,2017-06-02,b4876c0cf2de5a5cd5fa8388ce23d648,2017-05-06
4bd414d670e7316c206f41610dde50e3,553e559297fac7c84f187bdf0867ba57,delivered,2017-11-08 07:29:07,2017-11-09 04:31:20,2017-11-14 22:36:44,2017-11-30 00:24:53,2017-12-12,c45794a47dc0b5553f1c341a23ebef14,2017-11-08
003d9fc84ad902adf2265248b5ffe1a4,8c66482ec333eae596c93a9131981a9a,delivered,2018-08-19 19:43:01,2018-08-20 19:35:22,2018-08-22 10:06:00,2018-08-27 18:17:49,2018-09-05,f26b89209f5378f95d8e664073b76419,2018-08-19
0e15374841586ceb3db68902f68809bd,43e7638852c0ace785be5c46440257e3,delivered,2018-01-15 20:07:37,2018-01-15 20:17:32,2018-01-19 18:22:03,2018-02-02 19:58:48,2018-02-05,9e79849b10c23aea63950a2bcce3d34e,2018-01-15
4421f094ff828b78aba6d18db005821d,497444aa14246e71ed88c2c37540ddfb,delivered,2016-10-10 10:22:55,2016-10-10 12:02:33,2016-10-14 12:02:36,2016-11-01 10:28:49,2016-12-08,d748ffd406ceef24252c8879c1b27f96,2016-10-10
b5953008351e4cbdc01dbc0e9c05c2ac,6a55a6ec2c0412d7d30a6560e665be30,delivered,2018-02-23 10:02:31,2018-02-23 10:15:33,2018-02-26 22:34:21,2018-02-28 14:25:55,2018-03-09,51ee22b0a094b241e67f2109fe5d487f,2018-02-23
e471815e7114cdb474064f7dbb1a8b67,092c9316ae71b2fe43e526043f351967,processing,2017-12-20 11:00:02,2017-12-20 11:10:43,,,2018-02-02,92b48641632e617da2beb5e94004bfce,2017-12-20
f74aecd058269c4087863fbc431e7681,3117f05fc361408aed349e8aee87d680,delivered,2017-08-09 12:10:07,2017-08-09 12:23:49,2017-08-21 19:06:01,2017-08-22 13:20:13,2017-08-29,f219a745765c59175a89d3c420926365,2017-08-09
fba547ee0dbc8830f00e8d3cc83bf246,1b2cb35b19b40b61f953d32ea157b337,delivered,2018-08-25 11:24:27,2018-08-25 11:35:18,2018-08-27 12:26:00,2018-08-30 19:54:25,2018-09-19,468d559ef2dcd2bea6d8db78959fb90f,2018-08-25
7087ff1aae165d854e41219173c9b930,13ad006b54888db0dec9231f3af88082,delivered,2018-02-15 19:53:16,2018-02-15 20:06:32,2018-02-16 20:25:03,2018-02-27 17:23:37,2018-03-08,63a5741f2d44f1bf9308e437ab88443f,2018-02-15
fb2ec2aaec4cf58cf2af88784a5e7fb8,2b2689b4085eeeda6fc6022b2d7b086c,delivered,2018-05-07 21:09:07,2018-05-09 03:55:21,2018-05-09 15:50:00,2018-05-23 11:26:44,2018-06-08,83b3a4f59c6e54d4fcae322e98e679cb,2018-05-07
0aeb20ab92028bf31d5d8b2314b03092,5faa65fc45f1cf27ea90df480d25129d,delivered,2018-02-07 16:35:03,2018-02-07 16:49:36,2018-02-09 01:43:12,2018-02-14 23:43:18,2018-02-23,c980d28584f9774323868861ad8e0356,2018-02-07
c448299f4076c96eb0849f981cf29a2f,16bdd3f68c02639c6ff5549d835dbbb3,delivered,2017-03-01 20:28:48,2017-03-01 20:42:26,2017-03-02 07:14:25,2017-03-08 11:47:21,2017-03-21,088b29f0f57e02f6ce3e5feaeeddae38,2017-03-01
db2745f7e368d3ea3c5423712084795b,b8ad176ac832668fad192c928fe5a40f,delivered,2017-12-13 02:49:28,2017-12-14 16:18:22,2017-12-18 19:27:18,2018-01-05 19:14:31,2018-01-18,6d1e98680b63e538f35f99c7e79f1473,2017-12-13
926f8e6e4b3febd66f57a92de958be15,d62a7a2386e1ce7e464a193d12fa1ee2,delivered,2017-09-30 13:55:21,2017-09-30 14:56:19,2017-10-02 15:37:58,2017-10-05 16:18:27,2017-10-18,befc350ea3377955e6c0f4cdae51751d,2017-09-30
4ff26dfe35ac427c553216fc1441218e,637dfd77a043d1b7fffae4efeacc13b3,delivered,2018-04-13 18:18:41,2018-04-13 18:30:41,2018-04-17 21:31:58,2018-05-04 20:56:35,2018-05-17,5f86f372a68f62636416c7858cfbfe1e,2018-04-13
96b2e80dae1e727fd9f346aeb278d1fc,514c6e33892730a7739115d0da57076d,delivered,2017-05-18 08:42:34,2017-05-19 02:15:17,2017-05-19 12:14:55,2017-06-14 14:20:08,2017-07-14,ccac5680eab564a88f301f59030b448b,2017-05-18
3ed194a912f562ede28628d0ec2ad218,8f9c6da11c5eb0ca12404f81d092499f,delivered,2017-06-22 16:05:53,2017-06-22 16:15:18,2017-06-27 13:57:31,2017-07-03 13:34:36,2017-07-14,da65cd05348eedf66503a52c9f288b91,2017-06-22
572be93cb31b1fcee2a7fac8071c8208,12d8f59b2dae0dc76a89a355816a3251,delivered,2017-12-09 16:16:19,2017-12-09 16:31:21,2017-12-20 16:52:05,2018-01-13 20:04:19,2018-01-09,c36e48dd2a9948bd751259e1dd2763c2,2017-12-09
53f4ca548f6dc3456de1628fa16854f0,63d397688659841d08cd59d712547315,delivered,2018-02-14 15:22:56,2018-02-16 07:50:55,2018-02-20 17:39:27,2018-02-22 20:07:18,2018-03-01,4473c7b8da89833fc08fcd3443faea81,2018-02-14
640174dd3b1c33b00c0beab57f415612,f13981ea8af8ae0585691db41e971355,delivered,2018-06-03 21:51:47,2018-06-03 22:55:14,2018-06-04 13:34:00,2018-06-08 16:48:30,2018-07-17,065edb166e3365849965039772838b87,2018-06-03
8840fe9b713ea18e25ae020becf99e52,e74195da32187bbe7bcb08f1077cf4d6,delivered,2018-06-26 15:41:37,2018-06-26 15:57:02,2018-06-28 08:05:00,2018-06-29 23:57:46,2018-07-27,759e5f270204fa3f4a6985e46227b7ab,2018-06-26
64104832b73ed5ba84d57f80a05cf01d,4e23dfc538f90d9b4407f71bc6a797bd,delivered,2017-07-24 20:01:16,2017-07-24 20:15:17,2017-08-08 14:17:56,2017-08-10 20:44:07,2017-08-21,cc94f9e95caa64ae1fd7166494106054,2017-07-24
0199115a1cbfc272c5bd53117772a64a,926c8544055f08fcf4a065407ebbba95,delivered,2018-03-22 17:07:11,2018-03-23 02:27:57,2018-03-27 18:06:54,2018-03-28 19:31:51,2018-04-04,756574c3d9ed581f72a283c38776c116,2018-03-22
9c6481009a4a4323ca90650c811ed87f,a04370c02b6e0f3522b4c398b9a18c49,delivered,2018-06-10 09:50:16,2018-06-10 10:30:33,2018-06-11 14:35:00,2018-06-15 12:12:01,2018-06-28,7804c2ee57d086e5c9d9e8e766973e78,2018-06-10
c292c7f11802d84e8c7d9927db72870c,d9ecf4ff3d43638bdff6586c0aa738b2,delivered,2017-09-26 22:40:34,2017-09-26 22:49:24,2017-09-27 17:26:03,2017-10-01 15:42:55,2017-10-20,48fd376239919bfe73e92cf4b3bb006b,2017-09-26
0d29aa08fa516b98d8668e1eb4a57bdd,f5fe72b574ff418727aa603ee22ea9e1,delivered,2018-08-13 21:56:59,2018-08-14 21:50:22,2018-08-15 11:54:00,2018-08-21 21:28:41,2018-08-20,14ffbd4de199c166e48838c0877b2ccb,2018-08-13
fbdc60f79bd8d24e2c9187d3404440e3,0f93c9c01fbffa1c04f19e99c42823c2,delivered,2018-06-08 12:11:19,2018-06-08 12:36:37,2018-06-08 14:40:00,2018-06-27 17:12:12,2018-07-13,76ee29ba962deaf4c84c357d0dae8a9f,2018-06-08
d907dae45d8ccfff636cf4369e496bad,57d96ece378b9b2e8a82c01112a6f6d2,delivered,2017-05-02 20:05:15,2017-05-03 15:10:23,2017-05-04 12:05:22,2017-05-10 16:46:37,2017-05-26,de8584984df5642ac41bd3a576fd52f8,2017-05-02
f5450c4188fb856ef71d0ccd3ecf673a,cee03fd42fb674365f5af3e609f206d9,delivered,2018-01-12 11:03:05,2018-01-15 08:19:30,2018-01-19 02:16:35,2018-02-06 21:43:34,2018-02-08,b1638e7927b982cfe4f93d38a30e6700,2018-01-12
08ade2fc02096cf490d463016e5ee02e,3174268a8b7e3f6eca7629f077ce08ca,delivered,2018-01-04 22:43:33,2018-01-04 22:50:30,2018-01-05 21:35:31,2018-01-11 11:57:55,2018-02-01,b66611b74047f43bcabe8262694b1c59,2018-01-04
31a8e53226ace9a58aef6b76fab4ff4d,4b35e80debf750d9d6a2c140596d5a4a,delivered,2017-11-07 11:50:43,2017-11-07 12:10:44,2017-11-14 14:06:38,2017-11-27 19:37:22,2017-11-30,229ceec915e6e4a4f87225031ca010f8,2017-11-07
696b70b07c6fd1bed3a148051e31c42d,29803e82c3a7e886e1cfed354426ad74,delivered,2018-08-18 23:41:03,2018-08-20 10:55:20,2018-08-27 11:43:00,2018-08-29 00:17:24,2018-09-03,d3d9b779cb32b626d618b4a3f9011c7e,2018-08-18
7e88ca8e11c4e67c107b7cbc62b70f5e,93a8eb1962b73b68274e8d73cc80f3ab,delivered,2017-12-18 00:58:36,2017-12-18 16:33:20,2017-12-20 16:23:24,2018-01-05 13:55:04,2018-01-26,f69a2175f1118d1eaf4cfd5632d7edaa,2017-12-18
3bce1be95e783fcb928b6435d268d89c,e4b1bc5e4ce85c381c60884cca90589c,delivered,2018-04-19 17:27:22,2018-04-19 17:53:58,2018-04-21 01:48:48,2018-04-25 16:19:56,2018-05-14,471f7a0f1522b1c7f08f2aca7f56989c,2018-04-19
f0c8fa435e06ab4c026e78d690a6948d,02447d437f30e908a881b92fdca09e41,delivered,2017-10-15 15:41:36,2017-10-15 15:56:08,2017-10-18 18:28:40,2017-10-26 19:57:36,2017-11-07,615922c430abddd368735199c38e735d,2017-10-15
5a00b4d35edffc56b825c3646a99ba9d,6a3bdf004ca96338fb5fad1b8d93c2e6,canceled,2017-07-02 15:38:46,,,,2017-07-25,40d1c2a6b8ac6ccc102d473ff51cc46d,2017-07-02
3b40ede283844ba0fbdd110f8a56792f,e489861e700dfc79e5347bbf75b472e0,delivered,2018-07-18 14:35:41,2018-07-18 14:45:20,2018-07-18 13:06:00,2018-07-25 17:27:25,2018-08-01,44191aeadca96c5a073edb7f09ceee05,2018-07-18
0f9458a3e4a303f60f99659d29645ee5,f764be6f129a2ab7f3f8c7d7b15893c8,delivered,2017-08-20 20:11:55,2017-08-20 20:30:13,2017-08-23 17:43:56,2017-08-24 21:17:46,2017-09-04,98b69c34f0422d2e025280b55531166e,2017-08-20
1770c4ca61c42f3ee7a4ed66d626bd67,ec428d23b2452cd2bd3daba88b977361,delivered,2018-07-19 23:11:08,2018-07-20 09:15:21,2018-07-23 12:48:00,2018-08-02 19:51:31,2018-08-14,32b3af6c5548b794f1924e7dc83f9e00,2018-07-19
32cd70fe690fdbaa00076c05359c339c,44ea85428395f5411a57c6cfb5de9f4b,delivered,2018-04-07 21:50:59,2018-04-09 08:09:33,2018-04-09 23:34:53,2018-05-03 15:07:36,2018-05-03,4878bbbae3c355a212f5a629ff9e4576,2018-04-07
bdc50bb13e6d041fb5d868ec076072b6,2d46890758e23182b34e1f51bdd22c50,delivered,2017-08-30 01:11:47,2017-09-01 02:15:14,2017-09-01 20:05:28,2017-09-11 18:06:53,2017-09-19,23873697bb91ccf9a51ef84f375e8590,2017-08-30
63b6220936ea4e0a55b1070abb7ee3f8,15633dddb830549023bdc923ca0d91fd,delivered,2018-03-10 11:31:10,2018-03-10 11:48:29,2018-03-13 16:12:06,2018-03-28 21:12:27,2018-04-05,a2d8125361b16f316df65f4603b88e23,2018-03-10
ed77ae1d4803934a1131cadffb78b41b,b193c9dd2e7eedcc74ebb140416b32a6,delivered,2017-10-05 14:17:04,2017-10-06 14:14:16,2017-10-16 21:07:49,2017-10-19 17:15:18,2017-10-31,c9f3502cccf5585cea25aa7de58f6cb5,2017-10-05
a1b4a9a7a29abaef91be9fc53831d32c,27836a364192d2883d89cb9a0c366176,delivered,2017-11-10 14:16:28,2017-11-14 03:46:34,2017-11-14 16:39:30,2017-11-27 22:14:01,2017-12-12,3eed0a5418ab8fadc4fbcf57210d99cb,2017-11-10
e561fa177791f05209e4557ba7366347,9cd37be684095870044dc87dde12f767,delivered,2018-08-16 13:02:28,2018-08-16 13:15:24,2018-08-16 15:09:00,2018-08-17 14:08:40,2018-08-22,b5e7489a435325c5c4ec88020bf5a0a7,2018-08-16
9d66cd87dc5ae7f8699cb2883c39b5e8,0abfec54bd6c23a5dbb81ee7854343f2,delivered,2018-07-05 09:27:50,2018-07-05 16:09:03,2018-07-05 17:30:00,2018-07-08 15:02:50,2018-07-30,3bb1a92b090def91fe43e6ea554f9201,2018-07-05
b78d95a93c70ace32ceafee76789a2f1,54b2e1f570b9493018c0fc2dead80220,delivered,2017-02-11 23:00:56,2017-02-11 23:10:12,2017-02-22 11:04:18,2017-03-03 02:09:59,2017-03-20,4bcbecbca6c9fd592cb2e0d70b9118c6,2017-02-11
246e0ec5d427eaa6bd4569ac799d4f37,ac73860abcda6b5fc9f2afdb4fb2acf5,delivered,2017-04-21 14:54:24,2017-04-21 15:05:11,2017-04-28 14:05:57,2017-05-04 13:57:37,2017-05-17,416fc3e88e98c647e64b330f940ed3af,2017-04-21
9fbb5a7911ef83cac2881f1bbdaf7812,d880d473fdc38c2ffc94c2f3ae89184a,delivered,2017-04-09 13:33:34,2017-04-09 13:45:16,2017-04-11 11:08:26,2017-04-18 16:48:26,2017-05-10,6e871c3bbb75ace129f8c75e006cdd86,2017-04-09
ff386915a251d61bc728a414a25ecb88,755670260fa6ddaa37ffef9a56c62af5,delivered,2017-09-24 23:53:13,2017-09-25 00:10:12,2017-09-26 18:58:54,2017-10-03 16:18:11,2017-10-24,f229013f7bc55c77d5d13cf096342e90,2017-09-24
725c8fc9683d4ff47be7ba7dd796d979,182330337736a67c471fc5cbbe74dd22,delivered,2017-11-26 12:29:26,2017-11-26 12:51:41,2017-11-28 18:12:27,2017-11-29 14:47:10,2017-12-11,b5745f0590e1ad53740fc3f183cef4e6,2017-11-26
99c68c77790ea4f61df77b5a84cfa80d,0d69941467fde10cc9b9f114ef301c77,delivered,2018-06-21 17:02:36,2018-06-21 18:20:58,2018-06-22 13:16:00,2018-07-02 18:37:26,2018-07-17,2dfbba5798ebef043d3eca1b534a7347,2018-06-21
d178d8bdd78765955d2260fc1d639052,5b5f4957a69d537a2aeadfa7dd2d09d9,delivered,2017-06-23 22:56:47,2017-06-23 23:05:20,2017-06-27 10:33:13,2017-07-06 12:47:40,2017-07-21,bb03ed8d9549898e869f0e6774064096,2017-06-23
f7e9f0f0c92fa9d46dc73e8f6d28ab96,6c33226d12ff402d2818d9d6c7042496,delivered,2017-11-10 23:59:11,2017-11-11 00:56:08,2017-11-16 13:24:30,2017-11-22 01:01:24,2017-11-30,1be3bf712b172963574fe5201bae15cb,2017-11-10
2fb41f7fd5712215690c4c8a37fdefc5,a65c7113cc2483029fc52ce8c6af46cf,delivered,2017-08-28 23:01:59,2017-08-28 23:15:18,2017-08-29 19:48:00,2017-09-04 16:05:34,2017-09-15,9ee52cce6e29ded06c7e6e1d65b238e9,2017-08-28
1e0aee4255436f5ae16342f9ffa9f723,b850b2a28dff10b6a053e1575ffcd39d,delivered,2018-06-28 22:30:40,2018-06-28 22:49:49,2018-06-29 14:18:00,2018-06-30 14:46:40,2018-07-16,8c32d90a00e41606999a98045f273e53,2018-06-28
f34cb8566ce1b66fc30926aaed89a2de,219bbdcd9309902d654a6f928c5cc0d2,delivered,2018-01-18 17:58:34,2018-01-18 18:14:43,2018-01-25 20:42:55,2018-01-30 19:58:50,2018-02-19,29012f10e641fdcbd8172dba38f384b7,2018-01-18
89875b3e82ac7361593b7c13d1ea5a02,715c3c024f765fa1c0f20c9bc383cecf,delivered,2018-08-07 13:35:00,2018-08-08 03:30:21,2018-08-09 14:23:00,2018-08-11 18:32:09,2018-08-10,141a4ead47ec5f8f401b065472cceec0,2018-08-07
5c19d00272c18f09c4f60adb930a7a38,953cb8ea9d82d1e95468dede9e0fba5d,delivered,2018-03-31 11:25:53,2018-03-31 11:47:57,2018-04-02 20:52:03,2018-04-11 16:44:27,2018-04-27,91dd15353c07761e2ec7dd94da94c195,2018-03-31
6d3e1ebe9de0bbbaf627b66e8a5d71b2,6ce2aabb6e93296081fbf88d37a5a75b,delivered,2018-01-05 21:33:38,2018-01-06 15:55:33,2018-01-08 18:49:38,2018-01-09 20:47:21,2018-01-23,2c45545b69c985515827bf82458f8aef,2018-01-05
e56bf94fb5b2e858e8b8896c565a96a0,c6792caf2401f9e579fd1191e263f819,delivered,2018-03-05 15:13:44,2018-03-05 15:29:28,2018-03-09 19:03:53,2018-04-16 14:18:32,2018-04-09,d4eb72a9526f9da09ecf2029e5aaf3b2,2018-03-05
033a7061d514534d3459c3f1f06fe341,f4876daba766288ed5f2dfa645524162,delivered,2017-08-25 13:14:37,2017-08-25 13:25:18,2017-08-28 18:47:26,2017-08-29 18:47:39,2017-09-08,fa590facd8e7006c0226bf4913ed77c8,2017-08-25
c2392e568835f3d748e67d74da04c934,7fd14a93c967b606432018bfcade5e71,delivered,2018-03-13 08:52:31,2018-03-13 09:08:41,2018-03-19 20:26:58,2018-04-06 18:16:56,2018-04-04,14196e33a5ac649e7f47822c61821914,2018-03-13
2ecd94a0ab2a50927b7c0020efb4b063,a81e019902b04fe0487ad6b899f67689,delivered,2018-02-11 13:40:48,2018-02-11 13:55:22,2018-02-16 14:18:02,2018-02-22 20:35:59,2018-03-09,94650d7da383e068577b1660616d3372,2018-02-11
8c2919b1ba90a4a9c174a97fd0cb09aa,b9df829bc3cc02538e613e6ec4c4cb90,delivered,2017-11-14 22:07:22,2017-11-17 03:35:27,2017-11-17 18:18:47,2017-11-28 05:52:11,2017-12-14,d0cc0fc016fc74d2f08a6ba5de3e2388,2017-11-14
51cf34bf04cc3cbf0fddfb13c6245c43,0ce488af82f1ec50f3bcd08795f65a0c,delivered,2018-03-08 22:47:28,2018-03-10 04:08:48,2018-03-13 02:51:27,2018-03-15 20:28:35,2018-03-20,9d5962629a89cdaa663b1fb7de1810a6,2018-03-08
343784c8ebeaaa9505508f89e3eea256,39de0d11bb661ebb0dfa0067edd5292c,delivered,2018-06-21 12:41:34,2018-06-22 02:59:10,2018-06-22 13:15:00,2018-06-28 14:03:37,2018-07-19,1fc2614b774274217185bb8e20f3f748,2018-06-21
cee7c7cdaff69064ef0c806f168a9269,5a141d03e70c4c36cfcce2d07cc42f72,delivered,2017-10-10 13:00:05,2017-10-10 13:14:31,2017-10-11 17:45:48,2017-10-23 21:25:37,2017-11-03,d925bd95427392b209f0f2fe80c239d6,2017-10-10
2c0d1512767a5eda48e0fa752360e810,1a6d27bfce5b1670663694dbae81477a,delivered,2018-03-15 13:23:15,2018-03-15 19:08:32,2018-03-16 23:20:23,2018-03-18 13:28:26,2018-03-27,3b24f2800f225fbd206027b4d82d1c63,2018-03-15
4d0c3a21d494b800520fb1dbaa715164,cef0a506276a74c28d77739366902cbb,delivered,2018-08-17 19:54:09,2018-08-17 20:09:55,2018-08-20 14:27:00,2018-08-29 21:27:23,2018-09-03,ddabf4fe6a9245c49adec21cb7540101,2018-08-17
922d138450226b11bca8925c60766321,9344b423626861add3fef32cc25a52b9,delivered,2017-07-05 23:23:04,2017-07-05 23:35:21,2017-07-07 17:53:19,2017-07-12 17:32:58,2017-08-01,76f13a5e178d73e1fce1f06a48e84143,2017-07-05
952733b92a94a4d2817cbea6afbc4011,71e1b42b5409c7a08234a645bd1e3ab2,delivered,2018-06-19 21:30:46,2018-06-19 22:00:21,2018-06-21 14:18:00,2018-06-25 22:08:31,2018-07-11,88c92a6b6a78b3c7138878005d1c4ebf,2018-06-19
97f5d9e6ef81b10425e390ed53165124,06141f8e944874ca3909311c370f2830,delivered,2018-03-26 21:42:12,2018-03-26 21:50:22,2018-03-27 19:48:36,2018-04-05 17:52:04,2018-04-24,b0208203b90ae4d547c3cc20e9b2942b,2018-03-26
cec6fa3cbd8be22255880782823bc82d,25e7589f237d62942d86d3ba4a213bd7,delivered,2018-01-16 17:30:33,2018-01-16 17:38:23,2018-01-18 00:40:07,2018-01-29 14:25:08,2018-02-09,35063949e0e0ec4abc523c33fb13c324,2018-01-16
d63be7e22203c9628413a27ac9394ea7,2f6663f8672f397e9d2c804b8f1b7ba4,delivered,2018-07-25 12:54:03,2018-07-26 12:45:18,2018-07-27 11:31:00,2018-08-07 19:38:49,2018-08-28,bf1a42f47854cad6089f2c1eb4fc9165,2018-07-25
f8dd8cacd0d33fb0f421b3d5afd46dad,cd221c459fa9d5158875cdda1b67f2bc,delivered,2017-12-04 12:32:59,2017-12-05 04:15:32,2017-12-20 19:03:00,2017-12-29 21:37:31,2018-02-09,41630d05eb6d8b9f9b0861ffc4513c53,2017-12-04
f4c613cbfddb3caad5c28c0d2b6be3c4,19ba9772dcc033a1ed3d4504b4a55e00,delivered,2018-04-18 21:08:37,2018-04-18 21:30:29,2018-04-19 22:08:02,2018-05-07 17:03:43,2018-05-11,a3d50538c8f6dd9276c32416bfc87b92,2018-04-18
77e30dea9bbb161e9d91918418f4aafa,b71cb835be11fec9d0e0903e4d9acefe,delivered,2017-08-03 07:42:32,2017-08-03 07:55:09,2017-08-04 20:18:57,2017-08-08 20:48:48,2017-08-24,900886a4542c9007300e081b6ce4eca6,2017-08-03
2ed5ded611992c4bf18f7bdd32c66226,970ccddc609e2c028474d8a0ac1803fe,delivered,2018-05-13 13:24:34,2018-05-13 13:35:15,2018-05-22 07:21:00,2018-06-07 13:27:33,2018-06-19,af93c8e23e4df2d72f78fd43cb6ae215,2018-05-13
143a9d75c62a9bc296541b7318f8a8bf,0f48fd567c7d908f03f5cbddb5d08034,delivered,2018-01-10 08:31:32,2018-01-10 10:31:46,2018-01-10 19:46:11,2018-01-19 00:24:56,2018-02-07,0ee5220613aaf5279645253070443531,2018-01-10
b890948d89b295933a81032d4d4b9c74,86c0cb42009c2e2a0a59969b0d8e1ad7,delivered,2017-05-23 16:27:15,2017-05-24 03:03:04,2017-05-24 07:56:15,2017-05-31 09:38:05,2017-06-19,e3accf77a6868cd43aca5cf883e65e72,2017-05-23
37732eb932f8b2b2b3d7cef77833eec1,614b18112402859120ee75b1ba6b07c4,delivered,2017-10-22 22:09:04,2017-10-22 22:26:16,2017-10-23 17:24:13,2017-11-01 19:32:34,2017-11-09,cd11a0920c498edb1da9ecd2d31aa599,2017-10-22
bf63ff8d7ca75098eaba0418489ad64d,bbb43aad9fde7b0d46df42c694e8458d,delivered,2018-08-17 13:15:40,2018-08-17 14:30:12,2018-08-17 14:13:00,2018-08-27 15:34:57,2018-09-14,16bf4782ee9cdbcb288d485cf528545f,2018-08-17
060e3be7253bd20351674ea9eec80ff6,88d700121a83fbf44927b9118fff97b1,delivered,2017-12-26 14:08:32,2017-12-26 14:28:42,2017-12-26 22:41:30,2018-01-07 16:49:05,2018-01-29,2478fd4bc30a8724f6513169153e5670,2017-12-26
b5c0aa2b53c60eed61f0d433ff2b0b89,19e1bc50cd9ddab4681b913bd4839998,delivered,2017-11-23 23:36:02,2017-11-25 03:32:42,2017-11-27 19:29:22,2017-12-11 22:04:45,2017-12-15,3c8c5ee4ed6102b33091a6f889d8a103,2017-11-23
75726379e024593ac008be5a5929a82a,edf9347c36517f574d5e7435ffb1d251,delivered,2018-03-16 11:28:44,2018-03-16 11:49:10,2018-03-16 22:46:41,2018-03-20 22:21:55,2018-04-04,0d2fd897002690985f41d914c4e50152,2018-03-16
49e7c284dac8e61eb27d5842576527ed,feb6ddf0ad2cc6367d19c0f2009e19d2,delivered,2018-03-28 10:02:32,2018-03-29 03:15:16,2018-03-29 18:39:58,2018-04-07 20:38:32,2018-05-09,7f937270d3949282aa09dfb52c2c620d,2018-03-28
9194a5d053f16027bbfad39c4d4c2ff0,4ee5479481bf07ede155decba0cddf94,delivered,2018-04-17 10:04:42,2018-04-17 10:31:17,2018-04-17 21:38:52,2018-04-23 20:30:56,2018-05-14,072643b044f2f18bbb4712ae806a1588,2018-04-17
6340bf3e650dce76f15cc110f8135191,f8195b904eae4f051d7ef4511a81e732,delivered,2018-05-19 13:26:59,2018-05-19 14:31:23,2018-05-22 14:15:00,2018-06-06 15:58:25,2018-06-13,efd751d25a1eee58e3718c7af7a3ba79,2018-05-19
6166489270fe109062267b9e022c0292,8123b58f6a6cc879ccf2c561f553c29b,delivered,2017-04-11 08:26:45,2017-04-11 08:42:05,2017-04-11 09:26:26,2017-04-17 08:00:00,2017-05-03,71f5d6c0cf885d0b2b52836a4c469bc3,2017-04-11
a476fb0537849039cb122034488f8ee4,b6317eb78e7d6d293e62bb1c60f3c979,delivered,2018-07-24 12:23:41,2018-07-24 13:40:11,2018-07-25 13:27:00,2018-08-08 17:08:50,2018-08-13,156283b6ca35ef976a0265903145fd5e,2018-07-24
5e01885b1098b78c3631fe7653e3ae58,45852dea0caa97d2518b45ba23766fc6,delivered,2017-10-31 09:06:45,2017-10-31 09:15:15,2017-10-31 17:12:33,2017-11-07 22:06:52,2017-11-17,fa1a50742606406cd4022f0da6118598,2017-10-31
fd8a4ea811ee69bff03043467e89ae9f,f428a58d33c31b091c8ddd33ba2362f5,delivered,2018-04-15 08:25:08,2018-04-16 08:35:21,2018-04-18 00:08:37,2018-04-27 16:24:44,2018-05-18,4833d5607f30e40265ccdcb21b58b7ad,2018-04-15
cf4f44bd66792364407443876b27d1d2,351633ae7e74377d03e8287023f9071a,delivered,2017-10-03 23:34:49,2017-10-03 23:49:21,2017-10-04 19:59:47,2017-10-13 19:35:14,2017-10-25,957dfd241f2ec78136a327c641bcf9de,2017-10-03
b5d7803c645bb1272fbac9a45a43b1d2,9061de0a5e96934a2ac00aa517a78a5c,delivered,2018-05-10 16:19:38,2018-05-10 16:32:52,2018-05-16 13:29:00,2018-06-04 18:29:25,2018-06-06,3f2e9cee99e5489a2a881029d3b1975f,2018-05-10
6b2169e162b7244ba60302ddbdb445f7,4f229d93eafc39aba3addca5eeabaae1,delivered,2018-05-20 14:38:57,2018-05-20 14:59:25,2018-05-21 11:55:00,2018-06-04 14:02:26,2018-06-07,050feb0c38c3c8ea2000130bc485e84e,2018-05-20
17be127e33c5c47d99de1dd43f35c951,c6961250979dfd4fb65cd0e7802d3cee,delivered,2018-08-08 22:33:02,2018-08-08 22:45:12,2018-08-09 14:42:00,2018-08-13 15:48:42,2018-08-29,74aa7b3870366f21c0d805cf437aab22,2018-08-08
70e1e65e23050b71f1357ebf72506b73,c41f490cc00d7e860ba2f20d525fca3b,delivered,2018-01-21 17:44:36,2018-01-22 13:55:27,2018-01-23 18:51:42,2018-03-13 21:41:49,2018-02-15,45142fbd2c23b82be7e48e35ed11bdb6,2018-01-21
ae9ea529ce46a68f8c58803436fb48a3,b5fba334815d79889c50d4a72a63bbc8,delivered,2017-04-13 15:03:34,2017-04-13 15:15:20,2017-04-18 14:47:44,2017-04-26 12:25:00,2017-05-12,cfee891ea509a405a65e730f2580e51d,2017-04-13
2b57b14ff0ef2e1af9f426e11610babc,d884c81ceade1c9e5a676e754256697a,delivered,2017-12-07 15:50:13,2017-12-12 03:58:29,2017-12-13 11:36:50,2017-12-26 20:09:27,2017-12-26,5d708876460248c429294be28b389d50,2017-12-07
01cec5c50d2d0e069a3227efba9f16f7,df5942d345b799c2e2819e9ddb4fb0c0,delivered,2017-09-16 10:26:47,2017-09-16 11:03:39,2017-09-18 13:51:40,2017-09-26 16:56:06,2017-10-05,19924214ce9d3f304844f9fb8d68bf40,2017-09-16
bbf7ad105edc929937625364891dc8c6,f128ed11b295f1d94750deca9a92b354,delivered,2017-06-13 12:37:12,2017-06-13 12:50:25,2017-06-13 15:11:20,2017-06-22 16:19:42,2017-07-10,7bac6eccf7d44be2e87d13a24e1499f4,2017-06-13
97710347ca7f753c166b48121724ce84,7b4363fb15ce73b01a5679cf9a81e96a,delivered,2018-04-16 17:59:29,2018-04-16 19:32:33,2018-04-23 23:19:08,2018-04-26 00:22:57,2018-04-26,ca6a81ca06a8d538dee02d3ce5c0d23e,2018-04-16
41a75aec932b24ba50e98ba8b50b625d,001450ebb4a77efb3d68be5f7887cb1e,delivered,2018-02-26 08:35:13,2018-02-27 08:30:28,2018-03-05 14:19:44,2018-03-13 18:22:54,2018-03-19,61f5df1a634167ff48d76d79d21226de,2018-02-26
8025c3b296960e0bc0070fa50b546dbe,457f70ea74c01f0f5a6754f9f90e8548,delivered,2017-02-02 00:15:09,2017-02-02 00:31:02,2017-02-03 07:51:28,2017-02-17 15:47:52,2017-03-21,09ed9a8d4ac68f90247dad9446910ab9,2017-02-02
f6f5da11ef603df65572d4a9444e1030,6f5499775cd1db11fedb4da2ba0fee19,delivered,2017-09-06 18:40:54,2017-09-06 18:50:18,2017-09-11 21:03:51,2017-09-14 12:31:34,2017-10-02,029800f459300049c50c59dcc4244e44,2017-09-06
1c3cc69b45823b560a77c0d36740714b,8bea0b231b8b08343ee31038e855d620,delivered,2017-11-24 14:44:13,2017-11-24 16:53:19,2017-11-27 16:55:56,2017-12-01 19:08:56,2017-12-15,582af3879be5c1f566b1fbae2cd0e547,2017-11-24
c2fcd45c45821d4cf9f5bb48db015eff,88519723851a4b27f5d0b3c2a32011a2,delivered,2018-04-06 13:33:44,2018-04-06 13:49:19,2018-04-07 01:32:24,2018-04-11 18:26:25,2018-05-02,77fd7534d3709c38cf8618fd1015d0d9,2018-04-06
4a4b366c2487504cd4962ab3fe4bc8fa,11bbf0a5f0066b66d6f15ff95f2c13da,delivered,2018-04-06 18:42:31,2018-04-06 18:55:21,2018-04-10 23:46:51,2018-04-17 13:46:43,2018-04-26,f3be47a9e97f81f2d850fa2cbd1f7a1c,2018-04-06
8516c79299bfdf176ffe9801f3ff146d,afeae92e25e276f7f7bf43792d9ab851,delivered,2018-01-20 03:25:12,2018-01-20 09:10:15,2018-01-22 14:33:34,2018-02-02 17:47:51,2018-02-15,1ec57b340807a14b1313c0013b3c4eb4,2018-01-20
ce8a790838d6b4304ddde9481438c679,f21be72df342026508f9072dba657632,delivered,2018-01-16 18:23:41,2018-01-16 18:31:39,2018-01-24 13:44:49,2018-02-07 13:53:06,2018-02-16,3398995a5c59191270e501c78db5f0f4,2018-01-16
501938daca40dd78b00d458bed7f28d2,4936375938024d7bbd97ddf1cb1ce133,delivered,2017-09-16 08:59:53,2017-09-16 09:10:12,2017-09-20 21:06:58,2017-10-16 20:38:39,2017-10-20,0d03f42b7a3057000732121b93b4f464,2017-09-16
e7803fdf4f98120deed486a41a0f4fa9,84578cef46ccdbaa7e6ac7b69b540b92,delivered,2017-07-16 12:11:22,2017-07-16 12:25:12,2017-07-17 20:05:38,2017-07-19 16:49:29,2017-07-28,317a0fbcf9bb1347d9581a211cfb3631,2017-07-16
d2e3c8badd7edcc85e6a4fe780954dfd,95882cef7ed1c748bf94e637ad76f61c,delivered,2017-03-19 07:15:31,2017-03-19 07:15:31,2017-03-23 17:14:41,2017-03-28 12:15:32,2017-04-06,07a27af784146cda753d431b715bd505,2017-03-19
b0874cef1bc851d609f25d264fce7b4b,eddf431fc12240a0975043db10c54b74,delivered,2017-03-05 15:26:55,2017-03-05 15:42:48,2017-03-06 11:41:57,2017-03-10 11:08:03,2017-03-23,018ad5828f8f66b69604caabd0aa78ca,2017-03-05
9c5da765587b0ee5c54bf7fb708b4659,eac40d5a8d6c0842ef2854444b66b0ec,delivered,2018-06-07 23:20:41,2018-06-07 23:35:33,2018-06-08 14:01:00,2018-06-13 00:14:31,2018-06-18,1d8d9bd8722aa47e7cf452dc592685fb,2018-06-07
11de19a6b9ccdeeb0b0ef48d91cfd78b,d6f1934c2a18b56315cd529239c049a8,delivered,2017-10-29 17:12:41,2017-10-29 17:24:56,2017-10-30 18:52:13,2017-10-31 18:16:57,2017-11-10,73db255b34a3bb4f6b591ede69c80dc7,2017-10-29
9aa14168a046c59b46f06deddfa3c9a4,c61893d0d6060132b88af016afd5cdb1,delivered,2018-01-20 21:26:12,2018-01-20 21:41:12,2018-01-22 23:21:21,2018-01-23 12:17:06,2018-02-06,331d7031ba62e9965f3c0e605261d1ea,2018-01-20
fa6e801a54147fb8ada766a1f407a80f,a035ee0bfe98a469acf8924ac5092b9a,delivered,2018-08-03 10:26:17,2018-08-03 10:44:12,2018-08-03 14:40:00,2018-08-07 15:32:17,2018-08-24,58c80a0f7ebaae45977914198314c689,2018-08-03
4b2da52cca31e0823f0e16772996137a,d0e1847065cf49a4489793193b69158e,delivered,2017-11-13 09:44:58,2017-11-13 10:06:56,2017-11-17 18:12:20,2017-11-20 19:29:14,2017-11-27,2b72423103210c6cb7d308c4e848caf4,2017-11-13
4d51efabbf910d08f6cd53443acfb25e,ea06f6931052973ef67b7fec1ceae73d,delivered,2017-07-03 09:20:46,2017-07-04 04:45:22,2017-07-04 13:58:40,2017-07-13 19:43:31,2017-08-02,d7b8efcb66895ccfb0d9b1c94e527dc2,2017-07-03
eb5155f1e2e9054e0ff0e0701ce8f5c8,53699d6e8947c101e636796114386bbb,delivered,2017-04-25 20:54:58,2017-04-26 09:35:16,2017-04-28 16:15:05,2017-05-09 11:26:50,2017-05-12,9da3533102a6622e9ddd9e43b2f84f03,2017-04-25
2df0ce07f5323bf3fa5d7fbc0bb28ce4,59ce9c14308c8108e4442abec2541369,delivered,2017-07-10 10:19:08,2017-07-10 10:30:13,2017-07-10 19:08:08,2017-07-14 16:22:54,2017-08-03,0bb5592acc73ecd040d4b7c75ffee545,2017-07-10
b708a78d59d407b8733f3f3e9b11596e,9a148310e3ae74b3d1e856ae5e4af4e5,delivered,2017-09-03 21:16:10,2017-09-03 22:00:12,2017-09-05 21:03:35,2017-09-14 17:47:32,2017-09-27,0c8ac932c65f67489929f9164a86606d,2017-09-03
06b0e5a0e09e97a92ab2614c36c4bea6,80d02feec2eb2a0d3534442afe4e0e2a,delivered,2018-05-03 14:32:27,2018-05-03 14:55:03,2018-05-04 10:49:00,2018-05-10 00:28:49,2018-06-06,485bb7a7439d2e169b88b530385db387,2018-05-03
293d993836f3944cd72c3e42d7736460,d7cb6c77acb5bd912606201673284b67,delivered,2018-03-06 07:53:17,2018-03-07 02:49:05,2018-03-08 17:43:10,2018-03-14 00:11:26,2018-03-16,b07dceb67ab5ee01d825b31f3eb71407,2018-03-06
4f0d4b217cab0b16c36d9bb7aa71b6f4,5aec93638fa57d3645cc7ba411caaf6f,delivered,2017-08-17 23:41:25,2017-08-18 00:25:11,2017-08-18 18:07:36,2017-08-29 21:37:35,2017-09-14,d44bc0ff3428bb4da5ae8eee44cbb72a,2017-08-17
13f122a23bdcdc6de4c10fb7d9fa6a0d,9b57a3765263e69f58a46906a4fb891b,delivered,2018-07-31 15:16:09,2018-08-02 05:05:17,2018-08-03 12:09:00,2018-08-07 13:56:37,2018-08-20,605f7cf308780bdad8b18402d4415ed5,2018-07-31
3523181d27be330ade8446c606e5e924,86f46c9af2a6a440c770e5392da09f60,delivered,2018-04-25 20:15:51,2018-04-25 20:31:37,2018-04-26 18:11:00,2018-04-27 23:48:31,2018-05-08,51181f768787d6860d71af5af7fd1fef,2018-04-25
0f57c7a28afbca568ab72eb6be1dfb81,c8ea458f86241a133acb4d7ebad9a915,delivered,2018-03-14 08:12:07,2018-03-14 08:28:00,2018-03-14 22:03:39,2018-04-30 16:48:50,2018-04-04,5870c4e1e8e03302e250f15c8b824305,2018-03-14
84e68b5d2be9ab9146ea264fa27c9a34,e4ab65a0b4c3c3e0fee82f90222c4618,delivered,2018-05-28 13:56:28,2018-05-28 14:10:58,2018-05-29 07:50:00,2018-06-02 16:33:19,2018-06-29,0e730ac069edf9ffb958846f22d6407b,2018-05-28
7520a4f97d875cef28e46e627eaaf336,da80034e1558c53729291348af036338,delivered,2017-08-26 21:03:40,2017-08-26 21:24:10,2017-08-29 21:11:34,2017-10-14 15:35:42,2017-09-21,6404ef8bf90677dd8fdaff8c9061b046,2017-08-26
dd12ffa175ee0c7931890dd19db54427,73910b1013f7de5548a01ebc4792cf57,delivered,2018-01-01 15:58:37,2018-01-02 14:47:34,2018-01-02 22:23:22,2018-01-10 14:01:58,2018-01-30,9e34a80e7b253af2ba1e258996dc3be3,2018-01-01
10fd0add9c8dd2fc964bbd79ce10343b,2d460a7e43acec7bc2286a7dbf898627,delivered,2018-06-18 13:13:05,2018-06-18 13:39:41,2018-06-18 14:16:00,2018-06-19 14:26:35,2018-06-28,9677edf3d33b4a6557b1834100af9cfc,2018-06-18
c6ddeb6ecc91ffa34944150d8bfe960a,e0f223b6ed81b83a839a9bdd8c7ca7e6,delivered,2017-12-26 14:56:06,2017-12-27 04:08:38,2017-12-28 20:27:15,2018-01-15 16:19:10,2018-01-19,cb796eb0ee99e99e92e00c20467602e5,2017-12-26
0368dc5a797fb5e3dbca70876ad9c164,f5fec5490721245b7c3e23cdd1cf277f,delivered,2017-05-27 16:55:31,2017-05-27 17:05:15,2017-05-30 15:26:51,2017-06-07 13:14:34,2017-06-28,55a36fca00cebb9272a8e7d5b8325f59,2017-05-27
d1ff908b4e21d4fffd5da1a0c84c3404,190508c583e9da28949bc4ba63c8c1a5,delivered,2018-08-04 21:57:06,2018-08-04 22:10:12,2018-08-06 15:45:00,2018-08-23 18:32:00,2018-08-29,3427662b7701ba498887c15b8d16ae4f,2018-08-04
d0387cb335169ba746948d0acddc51ae,f5d8c95a4051df71aa809ee9b977c2ad,delivered,2017-10-22 21:11:46,2017-10-24 03:35:41,2017-10-24 21:12:41,2017-10-30 16:53:42,2017-11-13,eb768d44c5a85708ec21f26bee1d50ac,2017-10-22
ef27173cc11ca724c7073811a4348fe0,8473cae46f9b0388eda716c12eef4da1,delivered,2018-04-10 21:53:30,2018-04-10 22:11:07,2018-04-11 18:05:14,2018-04-17 16:03:31,2018-05-04,b0624ccec0f906043fed265889e219c6,2018-04-10
31c728d11563b29a76dc77a51634588c,a5be4a065b34b1681afd223a29fd2bde,delivered,2017-09-24 21:13:13,2017-09-24 21:25:16,2017-09-28 21:46:03,2017-10-06 16:47:16,2017-10-20,8d9e7d0c12c955634905d21ff365dfbb,2017-09-24
0406e86d8cc991f78438e19919b901de,efef4f3bbae37c2b4ff4d2f950299cc0,delivered,2018-05-02 18:03:05,2018-05-02 18:58:31,2018-05-03 11:04:00,2018-05-09 20:11:59,2018-05-22,4b8bcb63e827badf2656d21892e4fc1b,2018-05-02
8265a551f1441d4dd75468036a7a5020,d9a0f553c6eb0a36aa73b99bede8dcb4,delivered,2017-08-15 21:44:47,2017-08-15 23:45:13,2017-08-23 13:30:20,2017-08-30 18:21:58,2017-09-19,51d91326ffc0688da14a001de38c264b,2017-08-15
1212d10dd1ebbfe6d18ccf86a805c680,73596ebb9fd9b16f96f4740d9c21e6bd,delivered,2018-05-01 19:00:40,2018-05-03 04:15:15,2018-05-04 12:32:00,2018-05-10 15:42:20,2018-05-24,03ef7f03905227e15c7b6c860554b3cb,2018-05-01
935a65ea45bc5c2692cdb3d0141941ca,205f0ff8598ac037f52616b3edf13337,delivered,2018-06-01 07:29:39,2018-06-01 08:22:46,2018-06-05 07:41:00,2018-06-21 16:26:52,2018-07-18,11261d6c406cfc26a6749bd5cbd45be7,2018-06-01
f451f32b7c863ec284d824a449a407e9,f814ce46aabf6e4f2fddbc9cf21f2297,delivered,2017-02-08 14:59:56,2017-02-08 15:10:13,2017-02-10 11:59:56,2017-02-17 15:34:37,2017-03-09,17f61f10fb5d764846a962620c6f7bbc,2017-02-08
44e578be804a15b9c4be4b6e91eedf48,018d655fe703cb7b56ee34f117429789,delivered,2018-03-19 01:56:52,2018-03-20 03:35:34,2018-03-27 00:40:50,2018-05-14 11:04:04,2018-04-05,1dfbe9b49e39fd37c822347870ad76c9,2018-03-19
a4b41e795041ff5fb997f1049944e429,ed2a7f574615de8b297e0074f836eefd,delivered,2018-04-23 17:23:41,2018-04-24 19:10:15,2018-04-25 14:07:00,2018-04-27 20:03:31,2018-05-11,cd818ed8a88f62d062a0020a333e2152,2018-04-23
7acbc8bb8732b4dddbfb1d61a8f13b64,cf999f5ef28f9efbf5c601b02b79b8a4,delivered,2017-09-03 14:14:40,2017-09-03 14:25:13,2017-09-05 23:04:19,2017-09-13 18:52:01,2017-09-26,3d86e38db58a753d15488db26f2914d6,2017-09-03
cfec583bec70f00c3a46676a88937f22,6a2fc863c33f70f985dc83ad2233acc9,delivered,2018-06-06 11:36:48,2018-06-08 02:56:05,2018-06-21 14:21:00,2018-06-25 23:32:02,2018-07-20,83b202cf2259eaf8c5d738db40ea217e,2018-06-06
a294a9571b11828c875657e7ea6d9a9b,22adc2c76364a3db4bad7f96ff956e4c,delivered,2017-10-22 13:43:43,2017-10-22 13:56:22,2017-10-24 18:35:34,2017-10-27 17:42:53,2017-11-16,f27f57cb6460c62ec4ec44ef439c5914,2017-10-22
dbc1e94476603bd8b5058d90842f2eb1,76eab67889e52d7c8c29a0d91bf1a1db,delivered,2018-03-15 08:29:03,2018-03-15 08:49:34,2018-03-19 21:27:26,2018-04-02 17:49:32,2018-04-04,9eec5f17b49f3b5648599a1dcdf0d844,2018-03-15
e9ceeecaa2923bd7ba1ffa607fb0f9fe,ae54e45e35489f5a8ff80637b1d40818,delivered,2018-04-23 11:32:15,2018-04-24 18:59:12,2018-04-26 14:57:00,2018-05-03 17:10:36,2018-05-21,5c57b9272840fc6196e57854b688e560,2018-04-23
919c91917a79609e73d44e1b01df6bd8,9d968251bfa588e8b8eca8cf0fd64af4,delivered,2017-09-20 13:46:04,2017-09-20 13:55:16,2017-09-21 18:55:05,2017-09-22 13:45:14,2017-10-05,6fa9c99baf1b7af17be283a0afaf24e9,2017-09-20
bb0d948ef00e3ece9ae9b9e80264efe9,8b7edbb7af0a9b47aa2b2eb95bde94ad,delivered,2018-02-06 06:32:53,2018-02-06 06:49:20,2018-02-07 00:52:03,2018-02-07 15:16:41,2018-02-22,db2a35c7ad587dc50dbd666545d6492e,2018-02-06
57c81c283a192e74b48c36108ad73101,8873f5a110faa2254cef34b78aad69b7,delivered,2018-07-15 18:25:18,2018-07-15 18:43:53,2018-07-17 14:27:00,2018-07-20 17:18:40,2018-08-01,79ff58a73cc21554bbcd50900bd5f3dd,2018-07-15
7269605c7dd42e8f5b8818e2206f7fb2,09d2b0f3a7f77a37f535a89bcb22bd31,delivered,2018-05-23 19:38:05,2018-05-23 19:55:44,2018-05-24 11:19:00,2018-06-09 12:38:37,2018-06-25,eb054fffbd558229641ca64537ad1f7d,2018-05-23
b08f744110f2ee72a38a3ef7a9a3fdc7,87fd72ce15086b3ccfc1c40050b5a033,delivered,2018-06-29 09:43:47,2018-06-30 02:52:27,2018-07-03 16:00:00,2018-07-05 21:56:29,2018-07-16,05c686adfdce0087f70f97a619c3b556,2018-06-29
598ec4891be0ab0e8c107105b43e2944,0eb34c347c6e0b9b96ec7360e1b0acf7,delivered,2017-03-28 10:32:45,2017-03-28 10:32:45,2017-04-12 15:35:53,2017-04-27 05:53:24,2017-04-19,187a4b046938a633e6aa71e39d7b43eb,2017-03-28
25b6ae31ba1a3067f78230921e80422d,7c46692bd4a1975007f0f01b73bf3169,delivered,2018-01-20 13:16:10,2018-01-22 13:49:24,2018-01-23 20:51:43,2018-01-26 19:50:08,2018-02-06,e073b00ffe19985162bf486f0dd9507a,2018-01-20
da755d3951cfe68afca1b5aeddac7d81,268472113a4975b638852af88b0253f3,delivered,2017-02-13 14:53:32,2017-02-15 02:50:19,2017-02-15 10:32:50,2017-03-02 16:23:14,2017-03-24,5118903a5941ef1aed15585497a97bde,2017-02-13
4dfe63cb6237de0624ec0183a74b57e6,41db6f41c726aa7d57947b56d060907d,delivered,2018-05-21 14:27:32,2018-05-21 16:14:22,2018-05-22 13:03:00,2018-06-05 18:03:49,2018-06-07,3b3a5dc253a830203a620b47b309a25e,2018-05-21
28f004902453ef50891cc5871ff07c2b,663ab0d29085cdd420756d97a1957e80,delivered,2018-03-24 17:23:02,2018-03-24 17:30:57,2018-03-30 00:40:29,2018-04-20 20:12:26,2018-04-18,7544bb5fa6d656d98e62b177f25d3548,2018-03-24
b67e88a088df905cb07564cd720a9711,b408e86f1975f2dd2cd34506f0b33329,delivered,2018-05-05 09:46:42,2018-05-05 10:13:54,2018-05-07 13:23:00,2018-05-23 18:27:23,2018-07-02,1ee5b0e26a2fbd9a4c52d1137e55ff9d,2018-05-05
9e1eb2170f4c8e9d84e10294dd70cae8,95e8963c827b2a4141366fa10ea8ac59,delivered,2017-12-10 18:29:59,2017-12-10 18:50:07,2017-12-13 01:16:48,2018-01-03 20:07:47,2018-01-08,353e798a3ca77ed4b8f15a23745ececa,2017-12-10
7bdefc5deecbdd28629a32451fef120d,23b672646bb77ec71ce0c7f3161bd131,delivered,2017-11-24 11:11:58,2017-11-24 13:14:01,2017-11-27 19:05:45,2017-12-11 15:14:21,2017-12-19,15ac3ac6601f5153ede0908075185e81,2017-11-24
6701aa5b4bfd2579fa419b7915d3daeb,eb971df7615acc2a1567e68335ff7c9d,delivered,2017-10-14 14:40:07,2017-10-14 14:56:14,2017-10-16 21:02:38,2017-10-20 21:56:23,2017-11-01,a80bfbd1e59358c3afb4b2980455f171,2017-10-14
ecd05a067963a5b65651b89dcfda9995,b44d98adfa0a51737b0cf5e4c2bf46e6,delivered,2018-01-10 12:05:55,2018-01-11 02:38:31,2018-01-11 17:53:08,2018-01-19 01:42:20,2018-02-02,918e9c95f08a0e9985ad288f5f361165,2018-01-10
a9411a80b515013f1cd3c7ca3d585433,4d2458e75c52df5f04690b4726d9b10d,delivered,2017-08-03 08:40:25,2017-08-03 08:50:13,2017-08-03 20:17:51,2017-08-09 20:17:59,2017-08-25,31d5ba0ac9c388bbdc6d6c10a60df123,2017-08-03
4294d6c2b09c5f2438c01b11c91ff7a8,fbfb33cc34116ccf95b043f7cd31c692,delivered,2018-06-10 13:42:58,2018-06-10 13:55:13,2018-06-11 13:03:00,2018-07-02 12:41:37,2018-07-16,1d7c9872acb163f50b958fa4b729dd02,2018-06-10
d4b074982e39f354c254a6b1b4ffaf55,38c065dd14cbafda79cfd115e4170b05,delivered,2018-06-01 16:28:36,2018-06-02 09:35:19,2018-06-04 10:47:00,2018-06-08 19:06:55,2018-07-12,fe32b263712f983b0e1604d04b9960a5,2018-06-01
96db898bf1c13a61801fe37a01cb2f93,075e2cdf8ec3c752a288b2b8eaacafa2,delivered,2017-06-09 17:57:39,2017-06-09 18:10:20,2017-06-12 14:15:52,2017-06-16 15:04:44,2017-06-30,78e2495858c2c3fe979d7c1708d47c19,2017-06-09
73c39370b3a653a0b62ddcf5266b64ae,4a2e409c2c7acc33b3e9f114f689043b,delivered,2018-04-23 08:18:09,2018-04-24 19:00:43,2018-04-24 20:44:20,2018-04-25 21:33:28,2018-05-14,488e5140616b8715d96feabd8d1e2213,2018-04-23
3ee9bd56fcb90ab8b29de6387760b666,d1331e1eacc0e2a1f9bba705c6dfead4,delivered,2018-02-15 18:49:42,2018-02-16 18:46:46,2018-02-19 20:44:50,2018-02-27 23:25:29,2018-03-07,659fbff74728dbb55882b3d2a7f6d8fc,2018-02-15
abc3e842e38ace4030133da4ebd501f5,4a90fdde2427bd29fa32a6433fe2153c,delivered,2017-09-20 01:27:34,2017-09-20 20:35:11,2017-09-26 17:53:53,2017-09-27 22:08:59,2017-10-11,9e15de58a04f946197c0c92d92e9a291,2017-09-20
53de6ea93af62b738a4db248255fd504,c2e3e1fe1f1aed8b4166ef1f6fcc5115,delivered,2018-08-12 22:30:37,2018-08-12 22:45:11,2018-08-13 12:18:00,2018-08-14 19:09:24,2018-08-17,c02b329d429ae0746e4ed11256d91f10,2018-08-12
fb05bae62b1f6faea0f1215c3a4601bf,645f1c149377314d10ff32039afa7b14,delivered,2017-06-19 15:58:03,2017-06-20 10:55:22,2017-06-20 11:56:51,2017-06-27 15:42:52,2017-07-13,749546bdf8a090828900765d7ae56fb2,2017-06-19
c1d75bdfe29637c6398ecda7c9171037,47fd7f0dc81043bb0bf88af704217657,delivered,2017-12-12 16:44:48,2017-12-14 16:38:28,2017-12-15 18:19:16,2017-12-26 16:19:28,2018-01-05,38fa31584d577b5f9ece358462c86e4e,2017-12-12
a6293448ebbf9191af6c604f00620e87,5f945bdc0f77be46bee11bb1cb524b10,delivered,2017-06-18 20:31:37,2017-06-18 20:42:52,2017-06-19 18:42:36,2017-06-28 14:42:11,2017-07-13,b716039c2f6c5c8568ca0922be5c4243,2017-06-18
a1a11a4a2c9a4745ef09bc18e053b51a,797472460f0cedec7cf30016d1304f63,delivered,2018-05-27 16:26:55,2018-05-28 16:35:55,2018-05-29 14:24:00,2018-06-08 18:07:58,2018-06-21,4f8f99500e6fc01d458cbc399f891cbf,2018-05-27
38ad398ccb6f45911c35e8625cb68087,2e0a5105023223e3adfa0a30db67f80c,delivered,2018-07-04 18:37:46,2018-07-05 18:35:19,2018-07-06 11:12:00,2018-07-10 23:18:54,2018-07-25,efa96e56c0cd48d343edaee4fe0e7cee,2018-07-04
a8afd16f413cdc294b7f9498e2ff667c,16dbf83dc2046146262f6f04588da0b0,delivered,2018-03-23 11:21:40,2018-03-23 11:30:37,2018-03-28 20:57:10,2018-04-07 01:04:02,2018-04-17,1dfa49eba6a750f7a623ab7c2d9dcf26,2018-03-23
fc3eb1dcbbc011d4693b4efc280fc462,8ead9cc614e48a395252b1825a9bbe71,delivered,2017-09-30 02:38:39,2017-09-30 02:56:07,2017-10-02 20:49:59,2017-10-05 21:35:53,2017-10-25,5db2e6ea03e92ed48d96a7337a896822,2017-09-30
111e8cdb5890a7e3beae3e717737ca51,211558da2c2cdbbd6c45a9df249997f3,delivered,2017-10-31 10:16:22,2017-11-01 12:30:27,2017-11-08 21:26:29,2017-11-20 11:47:28,2017-11-14,f55b7e6959225119961d9cf0d867d970,2017-10-31
164e1bd75353e367ce8141ccd61d1ff5,254e4f0b03dd230f4cd169450f4b1ddb,delivered,2018-02-14 15:24:55,2018-02-15 15:15:37,2018-02-16 18:50:56,2018-03-07 22:03:45,2018-03-12,e508382f6ffb4895ea873fbfd7bdef3c,2018-02-14
9868f5a30b6f4fcd1ada68cdb1e5bf5d,de09bfdbd1d88152a4333a4b172bdc27,delivered,2018-05-17 15:33:38,2018-05-18 00:37:40,2018-05-18 10:13:00,2018-05-23 10:11:28,2018-06-01,b7a5da11d7eaf7b5d78bca78050d8d58,2018-05-17
46187163a72a66be74e80f184c79226e,b1558995665e3eb6bd8602064b17ec24,delivered,2017-09-25 10:08:28,2017-09-25 10:26:19,2017-09-26 22:47:31,2017-10-06 17:48:00,2017-10-10,246ac3bcd3b008e35e1c1a86576253d9,2017-09-25
b73bbac6285251dbf2dd01842e0ce0de,b97669f12cafebbe9441bf4af0a8fe2a,delivered,2018-01-10 13:10:09,2018-01-10 13:18:19,2018-01-11 18:34:14,2018-02-26 21:07:44,2018-01-24,03fe4b83d144beca992a5e3cffbdb5e6,2018-01-10
4a8282603a79261a20695480745da4c3,d10364784b2595e87fbe4dac505d9fc1,delivered,2018-03-27 10:51:08,2018-03-28 02:55:21,2018-03-28 19:16:45,2018-04-03 21:51:01,2018-04-13,66709fa59f28046bb5c1196268d58ff7,2018-03-27
ea2d31e30ceb1d603ab8db32ab4404dc,3d8e9316108187a2260a005f1f99cd13,delivered,2017-03-04 13:47:57,2017-03-04 14:03:39,2017-03-06 12:48:03,2017-03-08 15:19:08,2017-03-24,cf35f043d3883b6e556804361d1c654c,2017-03-04
2cb099a54d7344bfd05b445214be4e7f,075ab615207ab1a9425b22157f9a0941,delivered,2017-07-30 11:43:38,2017-07-30 11:55:18,2017-07-31 20:01:22,2017-08-03 17:11:40,2017-08-21,bdb0cacd07b6749c702221f3a93417f7,2017-07-30
19fe524e33bd6bfd1f1259677f5ae634,caab150fe6db5108c0e3e3289041c35c,delivered,2018-03-15 09:15:08,2018-03-15 09:29:44,2018-03-15 20:56:31,2018-03-21 21:21:48,2018-04-11,37637095e4842016dddac1474c466824,2018-03-15
ea764419097374269907e79452553f51,37e0c8670f74e2b2ae814f778d182024,delivered,2017-08-20 17:37:00,2017-08-20 17:50:20,2017-08-22 18:43:07,2017-08-23 13:33:53,2017-09-01,bd003109ce6f7f68f298e9ac60e1f4df,2017-08-20
a18c79818d51b52442c98a61634c558a,1de595522022ac1c1c7561673a6d71ef,delivered,2018-03-07 17:35:31,2018-03-07 17:55:26,2018-03-15 22:58:28,2018-03-16 23:08:47,2018-03-23,5485b927581e089c1126811295208cb9,2018-03-07
020f64bdb28111d057f49277da918771,5f34e2c2466a63ed9257b5925326292a,delivered,2018-06-09 09:33:47,2018-06-09 09:52:03,2018-06-11 14:31:00,2018-06-13 21:26:23,2018-06-25,ecc1b0d1303c84f281e83bb36b477c2c,2018-06-09
2d893645a0ed6af2455f026ee2bd15d1,fc40066121281a5e32c5a0403292869b,delivered,2017-12-17 19:20:00,2017-12-17 19:34:21,2017-12-18 17:19:19,2017-12-19 22:48:50,2018-01-05,7b9c0afaa8e86c5acea60409af9c5ab8,2017-12-17
7bff8d75c2707a1b707a85ca98238f71,e65c3dccb4b03ebf40803b5071c5103f,delivered,2017-06-28 19:33:24,2017-06-28 19:50:11,2017-06-29 14:55:58,2017-07-07 20:45:27,2017-07-20,fd9f0400789f3d74c95ad5c35b72b330,2017-06-28
10c5eb3ea9a23055a311c44022b574eb,573dc06cd01ce38087680e66d886a1c0,delivered,2018-01-31 09:21:15,2018-02-01 03:12:41,2018-03-14 21:37:26,2018-03-19 21:44:33,2018-02-16,6e6623d8c8c95ef0dd34d534391632ee,2018-01-31
762e4a2e910d175a0fdabd749ae55d5a,21f420baf5412d045b0131e6a6960cbc,delivered,2017-11-24 21:05:51,2017-11-25 00:16:31,2017-12-05 00:56:12,2017-12-06 22:10:29,2017-12-14,44b846ac3c77be98bfbc674ff0b3169a,2017-11-24
56d0a27ec26d1644336aff1ec939c089,e67ac2332eeb7aa6035f6f29d5c41c8e,delivered,2017-11-28 18:53:52,2017-11-28 19:53:26,2017-11-29 16:14:41,2017-12-07 20:21:30,2017-12-21,d4dfa1cf83e1c939f9672b2c41589962,2017-11-28
28ff0422d12a02fb62ae4c9f9e9317f3,39107f08b7d90d53c4b81a91befb0619,delivered,2018-03-05 06:24:49,2018-03-05 06:35:33,2018-03-05 23:48:42,2018-04-12 16:26:37,2018-03-23,19cb65cc7310ae4eef4f15bb70539d01,2018-03-05
63e62b997942e4c16bef7802caed1d45,8a71b1384d72c9f217bc6754e243714f,delivered,2018-07-20 10:38:30,2018-07-20 10:50:15,2018-07-26 11:30:00,2018-07-31 19:52:03,2018-08-16,a448ff454d6c6dae678669f12178fdb4,2018-07-20
9dc6746a8f29fafaa637f2239a9f3d28,33e655dd86058bc865f1f3d9fa5912aa,delivered,2017-01-25 20:11:36,2017-01-25 20:25:13,2017-01-26 11:38:10,2017-02-01 12:32:33,2017-03-14,f8ea14322aa66955d27b0d049b3dad79,2017-01-25
e033b92740c7c25bcd01a8bf92a51f32,313e047c933cb0948cbf6175ef3def6f,delivered,2018-04-13 04:30:54,2018-04-13 04:50:53,2018-04-13 17:48:45,2018-04-20 00:06:29,2018-05-21,19f735a9a58a187253055f9d4bcc2bb6,2018-04-13
a0b8f13c91b9146c82011103d204d04f,5a68b16871dde7543d30d9f37e61a5fc,delivered,2017-04-09 21:07:55,2017-04-11 17:02:42,2017-04-12 12:39:59,2017-04-27 13:22:53,2017-05-04,fedb65c8708f8aecde6150459592e8f6,2017-04-09
2809bdc4f077fc190944ffc2e5c27adb,1ad559496181fd1182beb52b9a8252f9,delivered,2018-08-08 11:16:54,2018-08-08 11:30:15,2018-08-09 13:51:00,2018-08-17 12:28:50,2018-09-04,aa27347aa2d1e29dae1e67d831785aee,2018-08-08
8eadc965ed4d6b12b39991aeeb09cd63,554cdc442d3a142d8e836643d5713293,delivered,2018-06-13 10:42:08,2018-06-14 02:17:19,2018-06-14 14:19:00,2018-06-20 20:03:36,2018-07-11,bd4bcb4a46005a2fb26fcd1fe6ee537e,2018-06-13
bc107b9b5508d2356f663898c2eb1d8b,053c167415eb05d031067db2b288475a,delivered,2017-09-04 08:56:30,2017-09-04 09:05:17,2017-09-06 13:22:57,2017-10-01 15:03:11,2017-09-29,bdec3e91a085aa9bd49ca648170e7943,2017-09-04
f73ab50571ad3fb480ad37ed740a929b,f37d1f456e7b5329d33210c0e8eb6ce0,delivered,2017-10-05 21:05:03,2017-10-05 21:15:16,2017-10-06 21:22:18,2017-10-19 18:52:01,2017-11-01,63a64580faf2b2f02fcf3262843d0cc9,2017-10-05
527e7490ba8ede88db23aff0f080f5a7,5361c1b04541fb86bdb86deb42bf9d93,delivered,2018-05-14 13:39:54,2018-05-14 13:57:03,2018-05-15 08:56:00,2018-05-21 17:58:17,2018-06-07,a7408d5a8aaa865315db143d43030537,2018-05-14
df30936d84a3371e34e3180c4fa953e3,fc0e6180c5d60b629b219148100e49b5,delivered,2017-12-07 09:10:00,2017-12-07 09:17:27,2017-12-08 23:51:57,2017-12-28 18:39:03,2018-01-05,d6397d68d5e186dac503530f731d7e10,2017-12-07
168098b366e2b3274e4e458f478ac9ba,4ab661c666d14b2b8e1e2dc0986bd23f,delivered,2017-09-08 15:32:40,2017-09-09 05:04:09,2017-09-12 12:45:56,2017-09-13 21:20:07,2017-09-22,aca8826c7aa9457ef6cb24e3183b1af2,2017-09-08
13915b8e35e0ca97dcbdf2cffe7233c5,7b0d41e836e8a4abe1293a322995251a,delivered,2017-06-27 11:33:59,2017-06-27 12:35:35,2017-06-27 15:42:12,2017-07-05 11:22:50,2017-07-19,34bc98021d19b1f17b277e51feb07f9f,2017-06-27
3b715ecd6add927d4a2634e826487231,39bd8e55db1538f5b3c2e9c53a437fd8,delivered,2017-08-14 15:52:27,2017-08-14 16:10:09,2017-08-17 23:57:32,2017-08-31 21:03:22,2017-09-13,421f62342e81c3b61180e4619ccd575b,2017-08-14
bd772752df70fa0a00d2e0854285e419,09bd9c343926f0210c6a4dd9226c9246,delivered,2018-07-21 22:28:18,2018-07-21 22:44:01,2018-07-27 15:38:00,2018-07-30 14:51:07,2018-08-06,5cffd635d8749c43510edef193be34c8,2018-07-21
44ed09232a24ad29cf2457b2780e806b,2b8784fee7592d8c11a970f175cb5d71,delivered,2017-01-26 22:44:11,2017-01-26 22:55:10,2017-01-31 14:06:00,2017-02-08 08:09:06,2017-03-10,b7da10f6d11e0b62cddf30186578200d,2017-01-26
efd5eba320d140f8659440d74a81fc90,08c57266985b0f9bda94720351457be4,delivered,2018-04-30 20:10:07,2018-05-02 09:33:10,2018-05-02 13:42:00,2018-05-07 21:42:32,2018-05-17,1b68f8121b314ef1bf621efbde6b7cb9,2018-04-30
854f58d1737ef431b98a28f2149a7125,3e2fcf7ce0b60002777a836132650175,delivered,2017-12-04 23:42:05,2017-12-05 10:30:51,2017-12-06 13:13:40,2017-12-07 19:18:39,2017-12-20,47e521033709bb13d5e21b11028ee3bd,2017-12-04
6acf90c38bdd8b8c40950b821624787e,2f7001da9e597c4b707313a341a20614,delivered,2017-07-20 20:51:21,2017-07-20 21:05:16,2017-07-24 18:53:30,2017-08-03 01:27:40,2017-08-28,38c576114024f3c3e45f83e7b5ee0c56,2017-07-20
a93b122106fb3a1e62510b02010af8d2,d9f57c5a009cd22a41f3483ee6c71674,delivered,2018-07-13 11:52:06,2018-07-13 12:05:12,2018-07-13 15:29:00,2018-07-24 17:27:48,2018-07-30,fa456d6a84c63b41098ceb060829c8c3,2018-07-13
35ae4b5e235b60c40502a1a5cab8f2c3,4d24fe94ae4785cfb2ccc99c7e6e310b,delivered,2017-07-11 11:12:29,2017-07-11 11:24:06,2017-07-11 15:44:51,2017-07-18 21:28:45,2017-08-02,49ca659663f9c3ee05e860741055d504,2017-07-11
b0cd372b41f6018f304af6f43ae39a23,ec4765cbacb56a164019e928c3a0c834,delivered,2017-12-04 17:38:37,2017-12-05 04:19:22,2017-12-07 21:23:15,2017-12-16 11:29:24,2017-12-27,414de8d7982266d94e969dd4a8f8b0a1,2017-12-04
aa58786ae7761db159be7c5bd27ee68a,1a83cc1e059cf017a5ade42677a76ed7,delivered,2017-11-06 22:22:10,2017-11-07 05:32:22,2017-11-08 21:37:49,2017-11-13 16:58:40,2017-11-24,95f11049c0e67e9e65edbd1bd220223b,2017-11-06
774c56b5c1305e0dc2a79ad46e118ba4,19c2e64ae0627dcce8b6fbf34face85c,delivered,2018-07-09 12:01:40,2018-07-11 03:30:19,2018-07-11 13:59:00,2018-07-14 17:41:35,2018-08-07,b42c9895475cd1b2f3a5497f9e28b1ad,2018-07-09
17cdd5bdc8a431a301cfc6915f8e8a27,d3444e5563cb966068d6fdb0cbfa2d45,delivered,2018-03-07 19:56:52,2018-03-09 03:00:30,2018-03-09 23:46:46,2018-03-22 17:32:46,2018-04-02,c319a31dfc71dd99409f8ac3538dd77a,2018-03-07
a400e99b42e3460776a919c62fd5c246,6f01ef2245b9b2463f36b1881c9df3ba,delivered,2018-04-06 16:26:28,2018-04-07 02:48:25,2018-04-09 21:41:06,2018-04-20 21:19:13,2018-05-02,5b50950ea637cfde0909d0c466424610,2018-04-06
b5874324518a48132da83d062f675fb3,5d53ff4379fe5b9f2d798ad420f65bc7,delivered,2018-01-18 23:01:45,2018-01-18 23:16:42,2018-01-23 21:58:49,2018-01-25 17:49:21,2018-02-02,1b4cd59a97771536455fac4c9fdf868b,2018-01-18
7b214cd39f1ef2aaeb78dbbffc63439d,32d164f9b065fd307afa5c7ed124c607,delivered,2018-04-19 14:36:02,2018-04-19 14:55:58,2018-04-20 18:48:22,2018-04-25 17:18:41,2018-05-14,9efc7f2a9ac5c2cf72565008f1914206,2018-04-19
2f7629415fce83aab452e69eda981a49,96af3e260a7136cb9913991dddd326aa,delivered,2017-04-27 23:45:38,2017-04-28 11:43:24,2017-04-28 10:52:58,2017-05-04 15:09:15,2017-05-26,a42ffc28669de348758b75a923d1f6d1,2017-04-27
ce19416583ee035a7a8097db2c53f98c,1312052710d8669c61d9d6d07f5664c3,delivered,2017-09-08 08:03:25,2017-09-08 08:15:14,2017-09-11 13:11:11,2017-09-12 20:21:53,2017-09-20,9c73c3022f4c8591feb2fb7bfb013de0,2017-09-08
5f6d87cba75a5d049c4c35c38cfc0915,6d460dff8496ee4d03a5b01e4deee436,delivered,2018-03-14 22:57:55,2018-03-15 09:29:46,2018-03-16 23:25:28,2018-04-04 22:08:33,2018-04-05,deeb111b082e45a8aa9234539fc6159d,2018-03-14
d3a84031db6c5de813d5a3a3489712ca,a5bda6def3f77258ca2027b7d4a384e9,delivered,2016-10-09 23:25:13,2016-10-10 11:03:08,2016-10-14 11:03:10,2016-10-14 11:03:10,2016-11-30,ffb973f2bb1c0cb807a99341a9b20dcd,2016-10-09
f1ff54491e3729e182eb5a21cb6792a7,1b41d790199fe9459f3241735c0ccf30,delivered,2018-03-26 10:08:17,2018-03-27 04:10:23,2018-03-28 04:03:54,2018-04-02 21:52:02,2018-04-06,3ddc3717fafa68f41fc14ed04cd6033a,2018-03-26
b664b3e09fd91f223359961e284bee21,69fdad6a22e2f768d0e0e97da37a9cd6,delivered,2017-11-19 16:38:23,2017-11-19 16:50:27,2017-11-23 00:00:27,2017-12-01 22:38:29,2017-12-14,308664562e367ec7416a71412c022be9,2017-11-19
798c01f3a7c277a170c5a669935fb85b,378bdab88fcf7182b0d5c82dd755c3d4,delivered,2017-04-11 20:22:44,2017-04-12 02:45:51,2017-04-12 11:51:39,2017-04-20 09:06:25,2017-05-05,4a4a8bf9c5ce8d2a9a76e23804a5c533,2017-04-11
7290e03d6a5cc768ab757e2b9c699829,578ad9c8acd6e2211e15dc44c5f7c40b,delivered,2017-08-13 13:12:33,2017-08-13 13:25:13,2017-08-18 19:09:44,2017-09-01 23:05:15,2017-09-05,44ddfe95091caa13db3d2f00a4a86955,2017-08-13
a300448deabccb27ee1eb60ca3d2164b,e09ec3a1c4e873153d85eb53c411553b,delivered,2018-03-12 20:22:36,2018-03-12 20:35:36,2018-03-16 19:45:03,2018-04-07 01:12:04,2018-04-03,ac44a47b51f4d068ffa2ec84343324bf,2018-03-12
22761d4348c7b25a9597938295f16fc2,6e5b9e7e683abb26f755c84bfd6b23de,delivered,2017-10-12 21:31:13,2017-10-12 21:49:14,2017-10-19 22:43:38,2017-10-26 19:54:05,2017-11-09,ab1aa122b9560410e838121a90083f30,2017-10-12
20ce857482318a94142a0276fc72b4ad,13b91579bcc8c9cf1bc5d2f1894b2392,delivered,2017-03-16 16:41:46,2017-03-16 16:41:46,2017-03-17 10:05:23,2017-03-22 11:58:10,2017-04-06,cacf3ac8f16ede12c3aa96c0b0e01c03,2017-03-16
443038d9ed6b74bc4f7bfa679ce81bf1,f9efa1e08ec36a3bd42cdeb68995af0b,delivered,2018-02-24 21:26:42,2018-02-24 22:00:22,2018-03-05 20:33:19,2018-05-07 22:31:53,2018-04-05,81186688888d70a6d2f65677fe4bdcab,2018-02-24
d94e6700f8e40beffff545fc565e0085,ebed87199022e2d806ec4f364f6e1fa7,delivered,2018-03-24 12:46:20,2018-03-27 04:08:11,2018-03-27 18:28:26,2018-04-03 22:14:32,2018-04-18,6911a96d6897f0d37f8fac15933f73d7,2018-03-24
6fd84385eb8cc236a04124b75069108b,a138369d126207f72fbe34d787516731,delivered,2018-08-13 20:49:18,2018-08-13 21:04:24,2018-08-16 14:16:00,2018-08-21 16:32:01,2018-09-11,1c86168e4d62fcd4b65534c945e3c6ac,2018-08-13
e7867b5ca3daf3a407198e08f3755781,0bb74a467a1245f6b6b53a78b72e35a3,delivered,2017-05-09 08:38:27,2017-05-11 04:15:17,2017-05-16 12:18:11,2017-05-23 13:31:13,2017-06-07,1181f63c18e3d0f7c0767ba05260da7a,2017-05-09
cf3168b098b5c3298f9b6af894f24b04,3411fc68c6539c73daf6c0e431297452,delivered,2017-06-12 17:00:46,2017-06-12 17:15:17,2017-06-14 09:58:38,2017-06-28 13:41:06,2017-07-05,5c5280de1024ed0beca4f9939395730e,2017-06-12
34d82f4151e44252dd9f198df3dc066d,9525b9a89283be187562d4cf366bc07b,delivered,2017-11-16 16:19:15,2017-11-17 04:06:25,2017-11-17 15:24:48,2017-11-22 22:36:51,2017-12-06,6c56b1a2b6b63bd8f2c51c761423c119,2017-11-16
0942763b4318676d85b3185d80f57cd3,aff091d3610e27f6a5354d603830e328,delivered,2017-09-14 14:40:08,2017-09-14 14:50:07,2017-09-15 21:33:07,2017-10-10 23:33:03,2017-10-05,2ae0559d90d762e837cc462308970989,2017-09-14
b193426dd45799c2a1cc23c38ed11c5c,cbc2f0e13f49a38c7c01710a38c90a38,delivered,2018-03-28 15:00:35,2018-03-28 15:10:19,2018-04-02 21:32:25,2018-04-03 23:12:24,2018-04-10,3f99fbd5a9e07a2868de26712702330d,2018-03-28
6813f213a0d422a84a0e231bffc5fda8,7d8fc5d1f066bc73c68e6c207878c1b4,delivered,2017-11-25 02:14:10,2017-11-25 02:54:28,2017-11-28 17:59:05,2017-12-04 16:58:57,2017-12-19,de94623fee735ec65d034e247e2bb488,2017-11-25
9827d07ad9392a9fff10d7b9f6c05f7e,0beba8a16f9047a73075e82b17892256,delivered,2018-01-31 15:56:09,2018-02-01 15:50:43,2018-02-03 14:44:45,2018-02-08 18:18:34,2018-02-23,f949653081e19bb6217736e9a3799181,2018-01-31
0d0550283e8fdb69adf5fc7f48c260a3,7202111424af2da450c72b5a3a79b811,delivered,2018-05-04 09:01:57,2018-05-04 09:12:46,2018-05-07 11:00:00,2018-05-14 22:56:38,2018-05-28,fb090fc69428689b866e289eb638ef3c,2018-05-04
f7a5aaacd33d456c519fe9934602f152,f8fe77113f821745126f9175bbe464e2,delivered,2018-02-28 18:23:29,2018-02-28 18:30:32,2018-03-08 18:27:32,2018-03-14 18:32:37,2018-03-19,865c1f13b2a019fff6c42667f9017cf5,2018-02-28
e6ba7ef3fa398a176291132b06cd519e,b7a4690ba0bc91f249bb7fd25b3be748,delivered,2017-01-27 16:21:48,2017-01-27 17:32:11,2017-01-31 17:18:02,2017-02-10 09:34:01,2017-03-17,7c82b91749355c6daebaada73da54e2e,2017-01-27
0518657f142278ad13d645c6b5b0a669,544b2f3a716fad7a3a4fa19ec23b409d,delivered,2017-10-20 12:57:34,2017-10-23 08:49:13,2017-10-23 22:21:56,2017-10-31 15:36:54,2017-11-14,55c8837cdf3977aa0624ec2048643a6c,2017-10-20
d36acfa4bc85e54fc27dd9d1cbc8208b,eb8c5a8663c23a6ff923296ca3a1f245,delivered,2017-03-20 19:18:20,2017-03-20 19:18:20,2017-03-21 08:07:45,2017-04-04 15:07:34,2017-04-10,241569f85e7130fad233b7d7bb0b777a,2017-03-20
712c9e2527b759ff2e6cd24a05af51ca,5073c3e8b8a6a25283d8b0072c0c3ca8,delivered,2018-03-02 15:52:48,2018-03-02 16:10:39,2018-03-05 19:42:46,2018-03-16 18:14:28,2018-03-23,7ccb41958c591649755ac1a7e245f65f,2018-03-02
1eb552eebf9bfb861ee5b1345cfb9f4e,87823ad51768a207c963b69eb27d4e4a,delivered,2017-05-10 20:32:57,2017-05-12 02:50:44,2017-05-12 09:57:54,2017-05-15 11:33:48,2017-05-18,bb0015319dc53a5d162da1372b539931,2017-05-10
b98e145c0cd94f225072aa0e619d5d8f,f9f966080fcd27a49a13c4d29016a309,delivered,2017-12-13 23:56:00,2017-12-15 23:51:44,2017-12-18 19:09:14,2017-12-26 18:29:42,2018-01-09,ea2fa8b8e775b4d4ebfdd1e828fde92e,2017-12-13
a6c258c89be1621b6e7c2bd85b4c866d,669a87ed9830ed7d79b3a22210a1a52d,delivered,2018-04-26 08:13:16,2018-04-26 08:32:43,2018-04-27 14:20:00,2018-05-08 22:51:35,2018-05-11,29eb806efe56d9cb4c9532edcc33ef15,2018-04-26
4187eb76c2b3b265e55590002bd353bd,77a93cfc017f4052c2142bee27a12e2c,delivered,2017-08-30 17:50:54,2017-08-30 18:07:49,2017-08-31 19:24:29,2017-09-13 19:04:55,2017-09-12,0892619e402385e9022281e4aa132121,2017-08-30
bb04237dd8964e0983c1d0bc623dcfeb,8d7f8d52118558f4c05875c0147aa4ff,delivered,2018-08-06 11:19:54,2018-08-07 11:15:20,2018-08-24 15:05:00,2018-08-28 19:30:47,2018-08-24,281d051839f7d2a90848f200397d746f,2018-08-06
d643b90035abc9dd9c5dccfa857bb12c,d08db996b93fd8da923b9be7e886a5a4,delivered,2017-07-13 23:29:38,2017-07-13 23:45:11,2017-07-14 18:43:29,2017-07-26 17:43:34,2017-08-07,be18991fe209e908abc211eee04dac81,2017-07-13
5c39ea77aeff2cf75f3eb07b78d3c13c,f4e2f1855c0e113576f8f9ac3fa2bab8,delivered,2018-06-04 20:47:30,2018-06-04 21:12:41,2018-06-05 13:05:00,2018-06-15 17:46:27,2018-07-17,c47a5160d8be8085ba80833dabea8560,2018-06-04
ea0cb0894c6a659d699bb55245922682,93e4405615f00d806d56b5a9f50516a0,delivered,2018-01-08 16:22:39,2018-01-08 16:33:30,2018-01-09 17:04:48,2018-01-10 19:49:07,2018-01-24,ef306939e661cb3af17aa281beaa3e72,2018-01-08
61fb2aed86c91b61373a6d410b30a860,e540d2a7d8f2f8c1bab4b66234baf0be,delivered,2018-05-03 20:26:55,2018-05-04 15:10:22,2018-05-07 16:16:00,2018-05-16 17:56:51,2018-05-30,d70452c4fc22c5eff3b0780bbfe363ac,2018-05-03
9bfcc088220bc74e76f4341292d16d76,dcca84c6ee50ed26d11e22d233149d20,delivered,2018-02-19 20:41:32,2018-02-20 07:27:05,2018-02-21 21:16:59,2018-03-07 01:04:20,2018-03-05,106b48bf15a9b6bc982c2ee071bb4890,2018-02-19
9d704d006740088d815b14ccb103c4bd,d25f7f88b70fbb89645f64ad62135049,delivered,2018-04-09 20:34:20,2018-04-09 20:51:14,2018-04-10 17:48:23,2018-04-16 17:13:04,2018-05-04,5d8f5f50fd2c7fbe8b335d945105a37f,2018-04-09
385bc274c4cbac59c0bb866c770588dc,0b61b5af3f45e32d2fba77c80abc3eba,delivered,2017-05-10 11:50:41,2017-05-10 12:34:05,2017-05-10 12:41:09,2017-05-15 11:09:54,2017-05-18,880add2c1f7246c68c7bcd11b205da54,2017-05-10
a2170cb2f7d51530c5190dd418a448e0,09fee363c49da6146b7d88e34002eed3,delivered,2017-11-02 12:01:26,2017-11-02 12:15:21,2017-11-08 19:33:14,2017-11-13 19:28:47,2017-11-28,72a3dba8de3d1b2d6f89946e019ad958,2017-11-02
a5d11ae16578088b0fcd76de30368bdb,9c5d7103954595e173781530b10d02e4,delivered,2018-03-15 16:56:41,2018-03-15 17:15:45,2018-03-17 00:24:22,2018-04-21 14:17:30,2018-04-05,7386ded430d6aeb715a0d087c38a2dfe,2018-03-15
46d8abc321ff81d200796807e1088fab,84600d1be5dd7861fecaa252a5f3be90,delivered,2017-12-26 11:47:03,2017-12-26 11:54:28,2017-12-28 19:38:20,2018-01-08 20:16:30,2018-01-19,dca56369830d697620690535d5f43928,2017-12-26
5573c35c52d8dc509a11bb0ef66eb409,caebda8f22b128797e51f0badfd72783,delivered,2018-01-13 21:27:59,2018-01-13 21:49:15,2018-01-20 00:04:27,2018-02-07 20:48:33,2018-02-21,9809a59ef1a480d411c60f533a121a49,2018-01-13
e1128622c7f0329d26b10007c562e1a5,80c01c4b8716e9936643c5f68300dddc,delivered,2017-07-26 17:19:40,2017-07-26 17:35:08,2017-07-28 10:35:53,2017-08-04 19:07:54,2017-08-17,783477d3a96f32bb2d8699d56b5a21ac,2017-07-26
db2dee8ce25524ad8374fa6d1b11849b,585c5fd91de9a68ca00f9d7cb63dd254,delivered,2017-04-05 15:45:38,2017-04-06 15:55:18,2017-04-10 08:39:46,2017-05-13 11:41:19,2017-05-03,122d9b80a52aade54c40c8b04071d44a,2017-04-05
0d81b558b6850a09217709e88893da34,9ec9788e0e4087d5800ab80e3f67b3f8,delivered,2018-03-11 10:07:19,2018-03-11 10:15:29,2018-03-13 20:48:48,2018-04-03 02:32:50,2018-05-02,33351d84f63da65a9dc89b97d0d7b1f0,2018-03-11
b3843e9e6a4772e07d679b80b9c32b40,7becb98dbba2f0316bad7e27e690eacf,delivered,2017-04-06 22:30:39,2017-04-06 22:42:36,2017-04-10 18:25:13,2017-04-13 13:34:38,2017-04-27,742c3057d091c94adf50aff54abc692e,2017-04-06
75f6ded14ff770cff5dab61532421db4,bbf5e98dabf1bdac752afc68f8032bda,delivered,2018-04-03 08:37:21,2018-04-03 08:50:14,2018-04-04 19:28:19,2018-05-07 22:54:47,2018-04-20,13aba123512eef450a11646c572fccca,2018-04-03
73d6d096aaef87398a0321fc1acc5a54,444268cbb72dc57d82ba85089e29a93a,unavailable,2017-10-17 07:49:44,2017-10-17 08:07:12,,,2017-10-27,a9b8b12b441cba8f5a0c1d70021f16d1,2017-10-17
1c194ae9c77f15138361387f0bc5c921,08d3379b2b836a4301e02155fa2e294e,delivered,2017-08-15 07:45:42,2017-08-16 03:24:55,2017-08-16 17:48:46,2017-08-26 13:23:46,2017-09-06,97056265065b4eeb1511ba61bb53d43d,2017-08-15
e039f5e97da2cafaa001b4be0efa36ea,4200397cebae27f5becd25dc019f0fe6,delivered,2017-11-26 10:19:20,2017-11-26 10:35:56,2017-11-27 18:53:15,2018-01-04 16:58:51,2017-12-18,8d26dcd57028c52b03c6b57fac350467,2017-11-26
668bd274654d22b8a64cb4b16eb04661,d0806e4f0403e683fb752810c6f1d175,delivered,2017-11-13 13:10:40,2017-11-15 02:46:47,2017-11-16 17:41:49,2017-11-17 16:36:38,2017-11-27,527ce1ba77a9b3d5ca00579719efd7b8,2017-11-13
e5d5cc62d5d1e1a4e31d7e581247de3d,c7f43a392f5fe1f7d34dfa8a57cd4e92,delivered,2018-02-27 22:33:03,2018-02-28 22:30:23,2018-03-02 00:03:42,2018-03-23 18:14:44,2018-03-19,c043155df02002c0e0aa28d0aea4fdae,2018-02-27
28e6901de8c43147d25ccab786c3f640,d1c029acee3fa9a337e01a3f8e720c84,delivered,2018-05-13 20:22:00,2018-05-14 20:37:42,2018-05-15 15:54:00,2018-05-18 17:37:21,2018-06-06,72035503761f6d18eae77d5bd1a411bd,2018-05-13
d23fbf0412fd632a83af7dbd5cb2e948,64376a0d09e0d09355f7a26c3c43c4dd,delivered,2017-07-21 18:01:10,2017-07-21 18:15:15,2017-07-27 13:46:26,2017-07-31 19:06:39,2017-08-09,6de6c100a9e47f035aadcad8a75d53fb,2017-07-21
032bc75236a1cbaf410bb596a509e774,a0ba6852184c70cbee04bed3909bf011,delivered,2017-01-20 22:18:06,2017-01-20 22:25:17,2017-01-23 09:03:46,2017-01-30 18:35:00,2017-02-16,2c92b3c621adddeae929cb98870dd6d2,2017-01-20
2c909dcd674aa5bc39eb0841b7b8484b,8039f8288f456b82f0c97e6063d003be,delivered,2017-10-02 17:39:25,2017-10-02 17:49:34,2017-10-06 23:38:50,2017-10-18 21:53:41,2017-11-03,5f422502464dac44a0a981f29ec64043,2017-10-02
5bd1a9bce151c7b6f014c44d3bd1dd08,281593606d1823b2ebfd98467873cb1d,delivered,2018-06-27 11:22:28,2018-06-27 11:35:13,2018-06-28 13:08:00,2018-07-09 19:13:49,2018-08-03,b780d717ee630cb04f7a31a75841e10d,2018-06-27
64dd971db884055dffb6e94214b130ba,704e34ec238dd95df918c1e72f9d5c2a,delivered,2018-06-11 18:34:39,2018-06-11 19:01:56,2018-06-12 11:11:00,2018-06-22 00:17:40,2018-07-13,46f0d29840510471a3832c567c7f62af,2018-06-11
6cf9278559172d523d1fbcf08988418c,c3e90d8bbcb4c24eb869cbfadf8d4ab3,delivered,2018-08-05 14:39:32,2018-08-05 14:50:14,2018-08-15 05:41:00,2018-08-28 21:33:02,2018-08-14,7551f2efd4c2254a09a1bbf8f6f85e2e,2018-08-05
a0f9594b2c2253769e88d55a77a469c6,cb8ad7d435f596c86710e3a5ec531294,delivered,2017-03-23 20:06:13,2017-03-23 20:22:31,2017-03-24 12:25:30,2017-03-31 13:49:46,2017-04-20,dd38439b7234a962580852c20d68a328,2017-03-23
8394892177e59c9293914e83fe4c4dfe,d8b1047c56cbd858aa50fb5bf85976cf,delivered,2018-06-08 20:40:52,2018-06-09 20:35:13,2018-06-15 16:32:00,2018-06-30 11:54:33,2018-07-23,187c74ed70b218f20052e4cd81c535a4,2018-06-08
37041e476c37b61200a863233cf5069a,7879403f50f60335295a3a05a92e3b24,delivered,2017-11-24 23:17:58,2017-11-28 02:58:48,2017-11-29 21:48:37,2017-12-01 16:28:50,2017-12-14,ec70c9413fe3de919cc4352ecc1256fa,2017-11-24
67e135f2451846941b4b1af2dc3241bd,24de7451629c8733b8f5bcc47f0ed4ea,delivered,2017-05-24 13:17:55,2017-05-24 13:30:12,2017-05-25 11:35:44,2017-05-26 08:33:09,2017-06-12,7779fdf670bfe673e064b9aa5447674e,2017-05-24
ebb3e66835c25802e7337b9bbf4f0768,aa6190994371836fc1d4596edd827abd,delivered,2017-12-28 21:21:58,2017-12-28 22:32:08,2018-01-02 23:38:39,2018-02-03 00:48:41,2018-01-30,7860087050cefb213b5bb90757ccc28b,2017-12-28
3983bde7a4181560b9558aedf15d49fd,fa305e19e383f4e01fde3e554221cdb8,delivered,2017-11-27 17:46:15,2017-11-27 18:00:18,2017-11-29 00:19:03,2017-11-30 18:22:38,2017-12-11,99584cf6d5a0ad620c6fcaff24ce0358,2017-11-27
d016acd5d2c7b6cfa89b282b8d1fd052,e779dd8c124598ef53a375b0a636fbea,delivered,2018-07-08 19:43:08,2018-07-08 19:55:14,2018-07-13 06:43:00,2018-07-23 21:48:44,2018-08-13,431a77a20e09e192983c7edad1085ad3,2018-07-08
459fd897f6e31b9302fffd9ded1c760a,97a7b228391be5784f18b6f7e37f2470,delivered,2017-03-29 18:26:54,2017-03-29 18:42:35,2017-04-03 15:23:02,2017-04-18 06:23:32,2017-04-27,2664e99a54457f83029c0bf7c84acbb9,2017-03-29
ae28255c7b837ba319c9cbf1dfeeea0d,5a8b64ee6ccdae09ea823e6aa00e9517,delivered,2018-08-14 14:48:11,2018-08-14 15:04:45,2018-08-15 13:31:00,2018-08-20 11:56:43,2018-08-24,9c84e5193d6ee59b3870e0e4e3a2dad8,2018-08-14
574b660575423ea08637ab9393a5a64f,b7ff4b1fadc4584dc3c387adedeaa71c,delivered,2017-09-22 16:23:43,2017-09-23 02:15:44,2017-09-25 19:28:56,2017-10-16 07:38:28,2017-10-26,5d15d9933586f76da94eee76ce63607b,2017-09-22
d2d740a1b76ee640f76fba030363144e,a5aaba3df38fc92cd86da4b9781e1d47,delivered,2018-04-23 11:20:32,2018-04-24 19:17:15,2018-04-25 14:06:00,2018-04-30 16:07:54,2018-05-21,96fd3f60615258b287495108f1695147,2018-04-23
a9c7a663695a09a7b9b9bf94bbd01121,bd7c369fc94a4b21dfd069c147e85620,delivered,2018-01-17 18:06:45,2018-01-17 18:19:21,2018-01-18 23:08:50,2018-01-25 18:42:47,2018-02-15,ab0faabf48c8c0108c13277d2b701f16,2018-01-17
0558d3449b449e4da4a5793f542d0785,ce99258e67eef2067b629f94c0f92100,delivered,2018-06-28 22:49:45,2018-06-28 23:11:02,2018-07-04 15:20:00,2018-07-10 21:18:55,2018-07-23,7ffa2a1b57b9933dcddfb3684fad51bf,2018-06-28
16efc11ccab2e8a17656020f80cd39e3,0a564cb06b5914890ac8f1664ece017e,delivered,2017-12-01 16:13:44,2017-12-05 04:11:45,2017-12-06 01:38:54,2018-02-05 21:08:10,2017-12-27,96fc491a6ce0aa111de859fcb5411da9,2017-12-01
6c5df19e668b79ccf854d8fd72a105ae,e727269b32ac05dda1a8ac1a8144b288,delivered,2018-05-19 12:42:30,2018-05-19 12:59:52,2018-06-08 13:40:00,2018-06-11 19:42:18,2018-06-07,1439b918601b3fc48b550a2e9925e413,2018-05-19
1d8aaa7ab5a5877605cca6876f13e9b3,3ea4da2f3447247b3d78cfe6c43a637a,delivered,2018-03-29 15:09:18,2018-03-30 03:10:26,2018-04-02 22:08:45,2018-04-10 01:22:50,2018-04-24,79d5efcb0bea6596549bf4d3942f031a,2018-03-29
00b1861aeb89afa498404c684148a619,b8e531fc27d1abbe69022fc27589b3a1,delivered,2018-08-08 08:18:03,2018-08-08 08:30:14,2018-08-08 15:54:00,2018-08-15 15:12:23,2018-08-24,96e7f8f0dbefaa6e16563ac77d339bf0,2018-08-08
bdc979bc2bbd601781c4d37fc8a8eeb6,dbc1a1b144802a54bc5b1addffcb8067,delivered,2017-03-01 11:21:58,2017-03-01 11:35:12,2017-03-02 11:35:10,2017-03-06 13:24:48,2017-03-21,269238842d68fc9e05ce2261942cfc28,2017-03-01
99f9ab2a2bb77e5f3fe97496b43b78b9,7e19027e795226f7daa9b9e38e2e6ece,delivered,2017-08-16 17:33:53,2017-08-16 19:04:52,2017-08-18 14:47:59,2017-08-28 19:32:32,2017-09-08,5b8eac9117d8948bdadd22612055a8b1,2017-08-16
ecc7442000366925655497d9dc353f50,d1eaf632c24a620054e7c57b3f070cfb,delivered,2018-01-17 13:26:00,2018-01-17 13:36:26,2018-01-17 20:53:00,2018-01-25 18:51:33,2018-02-08,bb1fef8cf10a4151f243891402be0522,2018-01-17
51a3d8eaafd0ff4d71132ddaf03740f9,e37796ece2d1ea2a902e59215513a4e2,delivered,2018-07-23 15:19:39,2018-07-23 16:20:28,2018-07-24 14:42:00,2018-07-27 19:21:00,2018-08-06,22b3de1af1257c2c46e1311ae8fc2dde,2018-07-23
ad7bbf9e258c09c913e56dcba3433286,3bf822526ed19260365ce453f2271fef,delivered,2017-11-24 10:32:33,2017-11-24 11:51:48,2017-11-29 21:21:14,2017-12-13 19:32:39,2017-12-20,ff0ea66f052f8bbac671885af123b94c,2017-11-24
29b6b0b0a55f10481c72d7b53859484e,9eecd42adede3e409cd16754d2682481,delivered,2018-01-04 09:48:56,2018-01-04 10:08:29,2018-01-09 22:25:34,2018-01-24 19:45:45,2018-01-29,2b81846bdd53f78b07b0fcb5640d7dbf,2018-01-04
4b73f647e26dc08ed1ac8602a80ca3ee,b63ecdc5a25203eecd9401f58c289738,delivered,2017-06-09 18:09:35,2017-06-13 04:15:31,2017-06-13 13:41:51,2017-06-19 14:12:24,2017-07-21,0d7853565f37a58610befb96845b69d3,2017-06-09
db1f7432d39759d7b2c5b46a2cfaafac,b33dcc7e3646f17181df9dede34e1713,delivered,2018-06-06 15:46:51,2018-06-06 16:33:53,2018-06-07 13:29:00,2018-06-18 21:52:03,2018-07-05,f24b792fc27f1b3684123de6fef09a97,2018-06-06
5af80546b286dc85189a2fddf63733a8,699bdfc8a58b4ff2fd55cfad67ac54b8,delivered,2017-10-14 00:15:50,2017-10-14 00:28:26,2017-10-16 14:55:04,2017-10-27 19:09:53,2017-11-01,9f94195ed85ddb0c64cfc1cacb404763,2017-10-14
0a75d2b40c23e608bc7bac42a6c8e508,93a5e793bf8dc1e6cac4e312568ed7a6,delivered,2018-04-01 18:47:50,2018-04-02 18:52:17,2018-04-03 17:08:43,2018-04-20 19:42:52,2018-04-18,e9193f1e273e01ce9161ac51f4043e50,2018-04-01
96a2b5167187b3cfde60cd245d421132,9e9244c4b7e622b39a13b1824097d976,delivered,2018-05-04 11:55:54,2018-05-05 03:33:44,2018-05-07 15:05:00,2018-05-14 17:48:51,2018-06-05,d9daca2cb55639456d4aae61b298bb91,2018-05-04
d9f99a6c65ab8565ad3dfc669d80ba07,b7f1456bd16d1e3e4627323df78cba51,delivered,2017-10-15 17:07:50,2017-10-15 17:56:12,2017-10-16 22:17:05,2017-10-17 22:28:20,2017-11-10,fb26070745bda048eb8a132e8aeef150,2017-10-15
0dbd7242192102a62fc3677d4d42b5a1,9b8ae065f700e052b0c4c89160cbf54b,delivered,2018-08-07 14:02:28,2018-08-08 03:05:48,2018-08-09 06:37:00,2018-08-10 03:48:51,2018-08-14,4ee6159321f9dcd173bef9045ce66fb4,2018-08-07
b0e2da4433a10c624a9f71b187e93915,d34d3389bf81798f3e74dc622b038a95,delivered,2017-05-06 21:55:41,2017-05-07 02:10:12,2017-05-11 15:20:11,2017-05-12 12:52:11,2017-05-19,ea72e7fcc3e097952148e9aaead45e43,2017-05-06
a41c8759fbe7aab36ea07e038b2d4465,6f989332712d3222b6571b1cf5b835ce,delivered,2016-10-03 21:13:36,2016-10-05 03:11:49,2016-10-25 11:57:59,2016-11-03 10:58:07,2016-11-29,61db744d2f835035a5625b59350c6b63,2016-10-03
7db96860cb4e02a87c7f0a97c48496d6,7d80457f9d43f875ec46ada37e537372,delivered,2018-05-17 16:36:59,2018-05-18 00:14:41,2018-05-18 14:57:00,2018-06-04 21:36:37,2018-06-08,ee6312c016af11da9407303acf40ef5b,2018-05-17
61db74d30d7bc786bf4d981764f3e4eb,c87d1af106a3124ab0388c705633d546,delivered,2018-06-17 21:41:25,2018-06-18 21:58:01,2018-06-20 12:27:00,2018-07-03 23:24:55,2018-07-23,9f0177eb48d4ae48159224f350796fbb,2018-06-17
af264f3527e94e431f0dcd56cd6b406d,8118922685d2e2c0205f060be4f2579c,unavailable,2017-07-12 14:49:11,2017-07-12 15:04:10,,,2017-08-11,d0e87d00021530383c16452a39a393ba,2017-07-12
36c048c109a2a9cedf85acc388be9f57,31cb01969dec191ae2ee186df385669d,delivered,2018-05-11 22:42:21,2018-05-14 08:13:59,2018-05-14 15:52:00,2018-05-17 17:20:31,2018-05-30,ad0ad7c74270b0993dd91f1b9aa0e320,2018-05-11
4fb104ec6918efe57f7e105fe598d96f,b04387f66716ae227cca39f8ad86ddf9,delivered,2018-07-01 20:24:32,2018-07-01 20:35:11,2018-07-02 13:39:00,2018-07-07 13:15:48,2018-07-30,d006d6b9951bc8e4dc6953e57e050cf2,2018-07-01
af8f5400111370accfbc1ba9820c5d20,d18570550aa0268a73256e98a945ff15,delivered,2018-08-14 02:08:11,2018-08-16 03:24:04,2018-08-16 12:21:00,2018-08-20 19:59:21,2018-08-30,2b0c24260d69145260d2c30ff9edce89,2018-08-14
2c3cc72ee484cfd2c93077c0dcb18c06,82500d3c1556dca1dec4cd8ff1650285,delivered,2017-06-12 11:00:50,2017-06-13 04:43:10,2017-06-16 14:57:55,2017-06-27 14:04:45,2017-07-11,14391c381a3011bdaac2c5ab5fee642d,2017-06-12
e38d9183e9b3d19b748b3af7732d2ef4,461ee6903e63e925b960cf327aec4851,delivered,2017-09-11 06:34:32,2017-09-11 06:45:20,2017-09-11 20:32:30,2017-09-25 21:35:38,2017-10-05,b08cf190335ec7b619920ada36af1d54,2017-09-11
e81638ffb72997c5bd2c1fa0f98918ab,93d5e378ae2f72a07db704f1f6716a7e,delivered,2017-06-27 11:06:41,2017-06-27 11:43:58,2017-06-28 12:59:34,2017-07-06 15:53:26,2017-07-19,6384e6a7b021717616f25625b4bb0bf9,2017-06-27
c56be9c0505a464e824579622dcdbf94,f86bd370221012daedc8b046db70d7e9,delivered,2018-04-25 12:13:33,2018-04-25 12:31:54,2018-04-27 15:02:00,2018-05-03 19:48:27,2018-05-22,305866e623ba520635f1ed663351b4aa,2018-04-25
8925dc5eb0b5639ea6e3f962108d6207,06eeea8e157410949394acb6d3db56cc,delivered,2017-11-12 22:53:05,2017-11-12 23:07:32,2017-11-16 16:51:58,2017-11-23 17:21:21,2017-12-08,246fe786ff19a12ddbe31367d909f124,2017-11-12
6a30ecf6e27a0c6c8373a4ffc57cb353,baa22cca29768548ef9cea07cf105737,delivered,2018-03-25 14:29:45,2018-03-25 14:48:01,2018-03-26 23:48:46,2018-03-30 19:28:53,2018-04-20,ed04da2a9e4d7cb3eae84074a2822567,2018-03-25
7d7db898e5eaa10aac6c7fb616d9d7dc,0b3f43c70b21e9af2c781e5e0380b2e8,delivered,2018-03-01 20:27:05,2018-03-01 20:49:02,2018-03-08 01:54:29,2018-04-02 23:08:54,2018-03-22,67948f1629709246fc7c17ba811e0b49,2018-03-01
26b5660725133bc74bfe584874b637cc,ac221e82c9c26898be3e04caf10ba338,delivered,2018-04-01 18:46:05,2018-04-01 19:08:10,2018-04-02 22:04:45,2018-04-04 17:05:25,2018-04-23,97b31571caebea17fc4d600e3a24cea6,2018-04-01
fba1d12a47dc097a456f2aeff9191f87,51510a2a77c5b8ebab8781e1950e5991,delivered,2017-05-15 20:21:37,2017-05-16 20:25:09,2017-05-19 16:57:38,2017-05-25 07:35:10,2017-06-02,2a1a0f4c7e17f92c37ee8197d98263a8,2017-05-15
72c53c1fb781f7736972c1a877a90b46,755b33a76efee89126040aff62c1ce3f,delivered,2017-11-05 18:32:19,2017-11-05 18:51:12,2017-11-06 21:09:05,2017-11-10 04:13:19,2017-11-29,20ab68e0683c4154beea6981ddfd9955,2017-11-05
5e54bd3e9a482630f9d68d9624b9b5f6,dd476ea0106ffc93a7e6b63ff1f02608,delivered,2018-05-07 13:26:30,2018-05-07 15:31:48,2018-05-08 12:08:00,2018-05-10 02:41:40,2018-05-18,c958ede5a0c3284ba764a3682f2dccc6,2018-05-07
d2081973563a03db3d71859a063dc4c1,e4a6b71c10472822ebb5071b89bd9937,delivered,2018-06-05 09:32:49,2018-06-05 09:51:29,2018-06-06 13:39:00,2018-06-11 21:17:44,2018-07-23,022f73728cb75b707e8237867ba3526f,2018-06-05
e883aa370777928f8939c79a58ef69b4,a930e8971b7eed8b6fd594e8bc933058,delivered,2018-02-01 07:49:37,2018-02-01 08:31:18,2018-02-06 19:54:46,2018-02-09 14:49:00,2018-03-01,bf448042b40749d8b95fe00c08a9b5cb,2018-02-01
d6005403869b100d1c75019e5d92e327,c8b49d3cef4ddd3164f67ae9794b3fea,delivered,2018-04-07 23:06:26,2018-04-07 23:28:38,2018-04-11 14:25:37,2018-04-16 13:28:41,2018-05-07,58a198cc54414ab451a411b3b286a583,2018-04-07
c40c104dd1bde11aba73864c16a42f21,80cf55a439bbb373aea40a08515fb39b,delivered,2017-08-29 13:34:52,2017-08-29 13:45:13,2017-08-31 19:42:03,2017-09-05 19:32:17,2017-09-18,22770768e9c650851b78132a4d881128,2017-08-29
4ad2ebd3c62db5a8509e3f25fb8b81ca,dd59f6062e68d2f8fb6bce284218f9fd,delivered,2017-03-08 11:03:12,2017-03-08 11:15:16,2017-03-13 09:31:20,2017-03-16 12:33:59,2017-04-05,4415028333a4be92b6f62cdfd79eac6b,2017-03-08
b2987cdfb6847c50318e4c268aa8d7c8,18bc2b648262411362f67867851b1d7e,delivered,2017-03-16 21:37:55,2017-03-16 21:37:55,2017-03-20 13:00:07,2017-03-24 07:56:26,2017-04-10,1c7cb03e860113f3e9bc8bc909056e7c,2017-03-16
a07ca6d224dc0279ca0e1b48ecdb071a,b46912ec48e9a68f88459119c77ec993,delivered,2018-05-04 14:33:04,2018-05-04 14:53:32,2018-05-07 14:15:00,2018-05-14 18:37:37,2018-05-28,c93c7d2a891db5246673e4e407c3e8ad,2018-05-04
299d2f94a47dbf398c26ad4afed7ba27,2b7dc9a75366d34d6663caba1af748cc,delivered,2017-12-26 17:12:36,2017-12-26 17:30:34,2017-12-28 17:07:32,2018-01-04 16:39:31,2018-01-15,a43e1d72f4da3ef9644e0bfccd72638a,2017-12-26
b2bb04e94ed5f8785791697f33fce452,edfb309e51665130ff3fa49524cc8ae1,delivered,2018-06-08 16:37:54,2018-06-08 19:31:01,2018-06-11 09:42:00,2018-06-21 16:22:43,2018-07-13,21ffa7db53028a4bd95a5f5b1a04c2ae,2018-06-08
13d5066bb747cafa23f1bb6d1838eee4,22bc7b908ab206d76f37baa85e168553,delivered,2018-03-15 10:44:26,2018-03-15 10:55:39,2018-03-16 20:32:39,2018-04-02 13:11:49,2018-04-03,ddec30a8060c40bd554b0e4c3718eb13,2018-03-15
2a197a3a167970df77d91b94905578a1,ba952a532d1fe3ea12b1bf75172b7fe6,delivered,2018-08-06 15:51:24,2018-08-06 16:05:14,2018-08-07 12:00:00,2018-08-10 16:58:33,2018-08-14,625990f2d058a856ecd3b2fb16cf2e95,2018-08-06
23713e469663e0ccff987496dbdf6428,240a00b1c5327fa57b61ecedb0f49395,delivered,2017-10-31 22:32:30,2017-10-31 22:46:02,2017-11-07 13:45:11,2017-11-13 17:36:25,2017-11-27,9244dabd974c26315ceaac3af69c2fec,2017-10-31
89f6cc8eda8f3816bc27f9ec621ae6e7,ee3887e1bec435a943e9c40e556007b8,delivered,2018-01-10 10:53:49,2018-01-10 11:31:43,2018-01-11 12:18:08,2018-01-19 16:45:00,2018-02-06,85fbf7b70407a10412f5ba097b6e6d02,2018-01-10
55ada6f0482ec84582a6de972bf57dd9,ef1dcd7d9f5a7481d6e43d8fd8082233,delivered,2018-03-10 12:36:48,2018-03-13 04:08:20,2018-03-14 18:52:30,2018-03-19 19:26:49,2018-03-28,b088d68997dbe1b3a49be55b2944479c,2018-03-10
ff85153644cf018d1530326b28743073,f0e9a3cc2d708d7433ee821ce8c8c24d,delivered,2018-06-14 01:08:35,2018-06-14 01:37:03,2018-06-14 14:48:00,2018-06-15 19:49:44,2018-06-28,35ec6b00a418f20709cf9265983a4f9e,2018-06-14
accc70091bea9b16050ec5a5a61823a7,ea69a1339bf7efc72c3babc075681913,delivered,2017-07-19 16:03:33,2017-07-19 16:15:21,2017-07-21 21:42:20,2017-07-28 18:58:33,2017-08-15,66858579ff59b434fdd5fc78302514a8,2017-07-19
31ce2b3f4c3fcc387d79024119a62f51,0d24fa93132859e352e09be4add9f523,delivered,2018-03-12 14:04:20,2018-03-12 16:24:53,2018-03-14 15:10:00,2018-03-29 11:32:24,2018-03-28,bfb9a8ddb61879d7b19b911e9ac4e6cb,2018-03-12
89c0bf5292a493fb2a7aacae2148eeac,7622a506a5339777705ab92be92d7b89,delivered,2017-08-14 23:43:54,2017-08-16 03:26:15,2017-08-17 13:03:24,2017-08-21 16:47:41,2017-09-05,c5ef384eb5b0d097a467af39c8949639,2017-08-14
af6e07a86cda553646ea0f7039453591,61c045cb17074c6519d6570bf25d3288,delivered,2018-06-11 21:01:18,2018-06-11 21:40:22,2018-06-12 15:50:00,2018-06-18 20:18:47,2018-07-18,41b4af321ed477242aebe74652fd8219,2018-06-11
daaf62a15bd3c9f093e0e1f58413c8c2,484194f016c3b8467d63aec74baf0e74,delivered,2018-06-19 17:11:30,2018-06-19 17:45:11,2018-06-20 11:59:00,2018-06-26 23:28:45,2018-07-25,972d898cec7230c1d435b308078620b6,2018-06-19
24542fef4b2b37dac9fb137a1a71fc39,ce1a92a7ec7519103fb4518e6a57d401,delivered,2017-10-31 14:18:36,2017-10-31 14:31:38,2017-11-10 22:18:43,2017-11-27 20:17:19,2017-12-05,265e680952d0501a7473abf616e79cc7,2017-10-31
00d8d65b666158b633f96054d31af43b,5e98d1f8f0534c460557d71961a7f10a,delivered,2017-10-13 19:57:48,2017-10-17 04:24:35,2017-10-18 10:53:25,2017-11-07 20:38:45,2017-11-07,34dd888b565982c76c7a9ee9dc41db4e,2017-10-13
30b0ea32347476f4b427daf62e09a5bb,9d9cfbce48737214f23bf294daf3c6f7,delivered,2017-08-12 19:20:39,2017-08-12 19:30:17,2017-08-14 18:26:28,2017-08-17 18:28:10,2017-09-05,6c861f46d09c560422f6ba6b33c017fe,2017-08-12
45351e92010175fdd13009d69c1f3502,2abd40bba882f357731f665f6d902a65,delivered,2018-07-04 08:00:20,2018-07-05 16:40:52,2018-07-06 11:08:00,2018-07-10 19:45:52,2018-07-26,561e71dc2bf45afd3c2c7130bed4e370,2018-07-04
6efa7ab74072ac5be10003b8ccf246bc,b92bc296adaba8e8ee97032344932a59,delivered,2018-06-06 09:46:18,2018-06-06 09:55:24,2018-06-06 14:16:00,2018-06-15 18:41:48,2018-07-27,a24fbc10c14008a91ae28b1dcfa3268b,2018-06-06
ce170c4c87651a4312275b8139e76fd0,b095fd720a224dcf7c988f5868a99def,delivered,2017-06-20 13:14:58,2017-06-20 13:25:25,2017-06-21 18:15:43,2017-06-30 09:22:37,2017-07-10,55077ce6a3a8fae29d1ff31f77fd0f55,2017-06-20
9d0cec155db79a9147a0d80e5c7927c0,e45eac8a6138c1103adefc016b3b5665,delivered,2017-12-26 14:57:27,2017-12-26 15:09:29,2018-01-03 12:38:49,2018-01-17 15:58:30,2018-01-30,6419a1be8feac26ec793667b71cbaeb4,2017-12-26
3829f15c6412e72045f01b63e798d413,2fee49377a6cc2afe9eedf9f9135d1be,delivered,2018-01-02 18:18:38,2018-01-02 18:31:43,2018-01-04 15:07:31,2018-01-16 13:24:41,2018-02-05,6e8a7be1f3d09d448ddb2c78f40d1bdb,2018-01-02
3e35b1a875ebe62b6ee58472c56a28ab,19476944bc8ccb01f7644e3884c862e4,delivered,2017-12-04 19:35:11,2017-12-05 04:12:00,2017-12-06 21:39:08,2017-12-15 19:03:32,2017-12-27,7bf123bf9763c4606d3bf1423de0462b,2017-12-04
14def5e6b6021ae117c181c039258033,ad0676d6d6e115c03a6d60dd2c9a00ee,delivered,2018-07-25 01:25:29,2018-07-25 01:35:12,2018-08-21 12:14:00,2018-08-22 17:51:41,2018-08-10,ebb3596c57229b75de3e4d11c5fec489,2018-07-25
049446a8732fca98a50e6767bb58bd49,2a87d659cbeda27d3a87ab195bd44a9d,delivered,2017-12-04 07:15:00,2017-12-06 02:50:19,2017-12-07 15:47:13,2017-12-26 19:06:56,2018-01-03,430b92c52cbc9a7c35869fff3042f1ec,2017-12-04
2a380098d95a87f70c9b8d16dc0ee722,806c6547c32d65555fb424fcfd309a92,delivered,2018-02-23 09:47:11,2018-02-23 10:09:25,2018-02-23 23:47:40,2018-03-21 22:08:19,2018-03-22,6c2968debfd83322fb739be4f2e7a7b9,2018-02-23
30e5fcd06cb431cd8941809a3f2f0f32,5e2695cadc5153ef2b56dd2ad1600622,delivered,2017-07-15 14:14:45,2017-07-15 14:25:13,2017-07-20 16:43:37,2017-07-25 18:52:26,2017-08-08,5b9dadf41a68e39b12686c14eec1eb36,2017-07-15
6343462cb505ebb02b15e079bcc720b8,8a9cc99afd729d98f8af8eaabf4c74f6,delivered,2018-03-24 18:13:28,2018-03-24 18:27:35,2018-03-26 22:52:06,2018-04-12 15:26:40,2018-04-16,2b2edbcbd548fab213e8d387f0784879,2018-03-24
9fce7686189bb24e89065a148fa26927,1c9e2987c067ff59e82bb5222c426869,delivered,2017-11-18 09:24:12,2017-11-21 03:46:25,2017-11-23 22:05:10,2017-12-22 10:49:05,2017-12-15,a946422d424207ce09f24ce4b10ec2e4,2017-11-18
2c3c10e3041b454de87327e09b5816b7,4f5fe5c6a063a0aaf01e32a773791e00,delivered,2018-06-15 11:28:16,2018-06-19 04:16:58,2018-06-19 14:32:00,2018-06-20 18:58:28,2018-07-03,62082d770428ae1658b5a2ffac9c8749,2018-06-15
6c068d7c483fb0d3386092cb50b4efcb,b81a1891e137bdc5ff2dec4d062fc2ae,delivered,2017-11-30 21:57:02,2017-12-01 10:30:54,2017-12-01 20:36:49,2017-12-26 18:53:14,2017-12-27,af970f53e00859c46fde6307e8986a39,2017-11-30
b26aeba3d93317ee71f2902c276eb992,ecd03985c15a896c85a422875492ea22,delivered,2017-09-11 12:24:23,2017-09-11 12:43:27,2017-09-14 18:06:56,2017-09-18 21:22:41,2017-09-28,2fb17d901aaf96439e259ec89ed36d32,2017-09-11
97391d0a354368793fe996005f85c034,578614f14310499cb4a29f5a87ceab56,delivered,2017-09-11 15:08:11,2017-09-12 04:35:25,2017-09-12 15:17:46,2017-09-19 21:52:51,2017-10-09,2d5e617e6b8b6e6eb40d0d4fc03179ec,2017-09-11
54da7175584d635f528324b1098ac57e,54aa9d55d005738b09a31b9b30cb33e0,delivered,2017-10-10 00:03:12,2017-10-10 00:14:23,2017-10-11 21:13:10,2017-10-24 21:46:56,2017-10-27,820670a5bb74b9574d2688fc39f2345e,2017-10-10
1a8128463da10115b1c21e2f0b7ee4c3,967b79a51991865602ca9b19c8b85019,delivered,2017-11-24 20:41:08,2017-11-24 23:54:20,2017-11-28 18:18:06,2017-12-07 19:13:45,2017-12-15,016201b260065cecbb315f4de0b0dc76,2017-11-24
20edc82cf5400ce95e1afacc25798b31,28c37425f1127d887d7337f284080a0f,delivered,2018-06-27 16:09:12,2018-06-27 16:29:30,2018-07-03 19:26:00,,2018-07-19,175378436e2978be55b8f4316bce4811,2018-06-27
9d4ddf2928a6c8e0f4cb2e816c361fb5,f0c6758b89f03de7a44ffb5b82e57910,delivered,2018-07-04 13:55:56,2018-07-05 16:30:56,2018-07-06 07:51:00,2018-07-13 11:12:02,2018-08-07,e0839bf980a468d1ed27d2615d8e632f,2018-07-04
c5ed4f8b9ee1ac3e8f7711fbe0df3541,a09cad700e500bad87750b957538d348,delivered,2017-08-01 18:35:02,2017-08-01 18:50:20,2017-08-03 15:25:17,2017-08-04 21:47:06,2017-08-14,3ce1c87f5a41df6487cde6bb63eda741,2017-08-01
6acc8cbf2b089aea1e6f6e7d512e1da9,4c5ad4ec6d54e309948cb74026970547,delivered,2018-06-16 18:21:25,2018-06-16 18:37:27,2018-06-18 15:17:00,2018-06-19 13:42:30,2018-06-28,02ffbc0fcb6a02eeabdd52e91b5f854f,2018-06-16
3d47a5fa407e06b318a0ddbfe165dcd5,9ba71feb60c0565f5d4a82a79704b898,delivered,2017-06-12 14:36:28,2017-06-12 14:50:25,2017-06-13 16:22:45,2017-06-22 17:48:52,2017-07-05,3289b9f3532c05ffec33d6a0084973b2,2017-06-12
04b21593198275390ded3d92c6d9fd6a,bf6eadd476364dfccd9590d4e14309a6,delivered,2017-11-04 14:41:09,2017-11-04 14:55:25,2017-11-10 20:52:58,2017-11-29 18:39:07,2017-11-28,423f9e0c39ec9e6ca5b4aea2791393e1,2017-11-04
22627a86b495dd48e529ac94687b12ff,5704710086315eb84ea0317c7fd529f6,delivered,2018-04-19 21:00:58,2018-04-19 21:10:19,2018-04-23 23:50:50,2018-05-02 15:38:36,2018-05-16,7305430719d715992b00be82af4a6aa8,2018-04-19
eb377d391f9d3ac66c316a741d6a0724,9e440f4a0eca9788e6eaa1b5e6129af9,delivered,2018-08-16 22:32:02,2018-08-16 22:49:34,2018-08-17 12:24:00,2018-08-23 01:18:53,2018-08-29,7affc06b83d18efe06aa10f33849075b,2018-08-16
94c61f1ebb6e6f2da2d8a0d7ac853729,9823ecf9206d39e817a4769bb2058db5,delivered,2018-02-06 09:51:00,2018-02-07 09:55:37,2018-02-10 00:12:42,2018-02-22 18:06:20,2018-03-02,c9f52d499ff007c22b169c6fa9b0490a,2018-02-06
189e75e25de4939a240746314c77f656,5fa9330ce14c7411ff26004839204d41,delivered,2018-01-03 21:44:46,2018-01-04 05:12:33,2018-01-04 23:48:33,2018-01-20 10:49:27,2018-01-26,411caacf6fb79b0dd095fe3a7beaa0db,2018-01-03
6c9296925051cae6d38b3678754b678f,12be52e43688a69df1a944757b37a6cf,delivered,2017-08-18 13:49:25,2017-08-18 14:05:33,2017-08-18 19:52:15,2017-08-26 12:51:24,2017-09-08,3d3bf9b46e016ce49985d11d21854aa1,2017-08-18
de7ef6938e5b9a018e2f76a63c9b6ef7,075bde3b991b8124d2e603026781cda8,delivered,2017-02-15 14:32:05,2017-02-15 14:45:22,2017-02-17 13:32:18,2017-02-24 13:52:55,2017-03-14,1a4ca14d7cae2bd7bc254ba6f9518b12,2017-02-15
827b48d99e470974c81fe3fe3c441146,e345cd8dccf24cd849941b7156ddf2fd,delivered,2017-10-23 10:18:36,2017-10-23 10:56:31,2017-10-24 20:23:50,2017-10-25 16:41:46,2017-11-03,fba1c1b420183b877f78c6fd367d6063,2017-10-23
10e722e25378399056392a2c2c5ff9ba,595515694ce1f925bffc652e5c6c348d,delivered,2018-02-07 09:58:30,2018-02-07 10:15:25,2018-02-08 17:12:25,2018-02-10 13:14:39,2018-02-23,711066a7bba9951b1da0ce0f4302af23,2018-02-07
43879d5f6ffdb1c8f3a9c4a4f2ffe548,0e412c4ec24391b80003616b950bd7ed,delivered,2018-04-29 23:56:41,2018-04-30 00:25:29,2018-05-02 06:14:00,2018-05-04 14:17:46,2018-05-25,91fed84096e0b789cfac3b8302470728,2018-04-29
03604d9c184f9290e997c49fb585b2b5,5af6ac8bc746760092c8e0ddeed00f56,delivered,2017-11-06 18:48:57,2017-11-08 17:30:52,2017-11-09 17:55:50,2017-11-22 03:08:42,2017-11-28,555ff7c7aa057a4f340c8ec9e26986f2,2017-11-06
83db5c54cc71b8c55ff3cb2034c66ecf,c4b745a37257589fa03b3f5417a065bb,delivered,2017-10-02 13:53:08,2017-10-02 14:07:27,2017-10-04 14:45:10,2017-10-16 23:23:45,2017-10-30,c1c694f4c218a7c0d747c89bbd1f4d02,2017-10-02
24c6142a989e2c7774a57791c8cd449d,2308f7af7226e2922e8f3612783bf836,delivered,2017-09-11 00:27:04,2017-09-11 00:35:22,2017-09-11 19:10:06,2017-09-15 19:26:11,2017-10-02,032c36a3e0e337f241a5910aa6ef3077,2017-09-11
ec59f529b6e3c9f1337ae317e666e875,a51b06bb0e2403573a1f623fa182c632,delivered,2017-12-27 22:26:50,2017-12-27 22:37:32,2018-01-04 21:09:46,2018-01-05 22:17:17,2018-01-16,f093b2b2385981bcc809a365e306465c,2017-12-27
6173d2ac44ef11cfaa9b6cd2b26ba976,dc45bc1d6dc3681aa2f50bf26dadb15c,delivered,2017-11-24 22:39:49,2017-11-25 01:52:10,2017-11-29 02:26:59,2017-12-23 16:07:16,2017-12-22,e0d4df632ab8688a62b4020246138ed2,2017-11-24
c3e965d28e37d80bb60217301e01f67b,1e0ecdd1a95175877636d4d57ac4775c,delivered,2018-04-09 14:45:46,2018-04-09 14:55:17,2018-04-10 18:21:23,2018-04-24 15:03:11,2018-05-04,dbfcc5deb3b691c5e01287d8a4b1efcb,2018-04-09
3fc2e32bfc88b2bf0e9d7437503d82dd,1ba1881ebdbdef7f2d119f63a4aa602c,delivered,2018-07-17 14:31:34,2018-07-17 14:45:25,2018-07-18 15:04:00,2018-07-26 19:44:43,2018-08-07,ff8a98860a86a0f563a92a43b3344414,2018-07-17
b6760dcf5d7d3ad17b9875eeee6f0752,0d1a3289962f9417f2a736a31c4e7f0c,delivered,2018-08-12 17:42:03,2018-08-12 17:55:12,2018-08-14 13:09:00,2018-08-17 20:27:40,2018-08-23,c78e6e509645be560e867577f333bff8,2018-08-12
403d459dc8e857df1180efcd8dda7a89,a591babcd45655d95cb7eb5902f4d982,delivered,2017-06-30 11:57:46,2017-07-04 03:55:13,2017-07-05 09:56:43,2017-07-13 20:41:52,2017-08-01,2a8d68c8d198b8028b4893d08d1c702f,2017-06-30
1231dea1667f0c9cafd1d1f975b2fa1b,5fb9d49128ccf6830284b3ed83ba8daf,delivered,2018-08-21 09:31:11,2018-08-21 09:55:13,2018-08-21 15:28:00,2018-08-29 17:08:45,2018-09-12,e814f43b703f46b8b0507ec976b5c141,2018-08-21
269ad8edf5c7dd6bfbe01dc68832f6ce,7e99e9b740265fbdbb624fe55328cddd,delivered,2018-08-16 15:38:33,2018-08-16 15:50:19,2018-08-16 15:34:00,2018-08-22 22:10:59,2018-08-28,30b29a82a2187b8bf68bfe5d3eb435c5,2018-08-16
893d40b53f61002a75eff0c92b557219,7cbaa85e0ebac50c20576511d07df810,delivered,2017-03-19 17:48:50,2017-03-19 17:48:50,2017-03-22 09:47:43,2017-04-01 10:36:59,2017-04-19,f84801ef20e81430e9a4dac0554bc875,2017-03-19
13f4bad08354705fbeb23f41f08c31c4,a2c8fc5cd7c3c6156ac720fe58ad4206,delivered,2017-09-17 17:26:55,2017-09-17 17:35:24,2017-09-19 13:45:16,2017-09-28 19:47:46,2017-10-11,46853529cddca069139d7d3e3e3d5879,2017-09-17
a900c7725ebcac4b0f0ec847dc715396,895feab4e09ab35f94d2945a3a645806,delivered,2017-12-06 22:07:04,2017-12-08 02:54:04,2017-12-14 21:19:08,2017-12-22 21:17:01,2017-12-29,6add2ee9145fdcb0b914a3fa1b2bc941,2017-12-06
8f448432fec521b889d6b87b716cc01d,0aa91d0cd690f66d4d4e1c9cc82652c7,delivered,2017-10-05 20:23:22,2017-10-07 02:44:54,2017-10-09 15:48:09,2017-10-16 22:23:08,2017-10-31,78eb66fbac97124593fe5f03d545a9f1,2017-10-05
cf739f0737d8e40da84e5880f048a994,b0e374d2f2acb958d14630cbf356070a,delivered,2018-03-26 23:37:36,2018-03-26 23:50:11,2018-03-28 17:41:38,2018-04-09 20:34:39,2018-04-23,ae16e6392fd04e6939f6b861725e6db6,2018-03-26
c48a0edfbe31112fc8f48c3acfb42e2b,982e82b0ac09b67a31c446d41db6927f,delivered,2018-05-11 15:03:50,2018-05-11 15:51:52,2018-05-15 15:03:00,2018-05-16 23:46:39,2018-05-23,7974f57adaf05f72a06c307cad9db6f7,2018-05-11
f0e14b83b8b12697246a18f91e0377e5,ef8f2c2cb3624ff00393c9f695cdd599,delivered,2018-04-30 17:54:37,2018-05-03 04:13:06,2018-05-03 11:08:00,2018-05-10 21:07:11,2018-06-01,f4af901a793f30077e6bd94527ee325d,2018-04-30
6a6d3cd77ef3a533edef69dccf6c0de3,903544156dc24c5aa969e4896aaef5b8,delivered,2018-06-01 17:09:33,2018-06-01 17:31:27,2018-06-18 13:03:00,2018-06-19 17:52:22,2018-07-11,1a21e0712b4e6c6b4a4832493b544a4b,2018-06-01
46ac596698e8825788743fef0d54caca,babcd8fa0e2e5bb335b85783a9194ef8,delivered,2018-05-16 15:09:03,2018-05-16 15:34:40,2018-05-16 13:36:00,2018-05-22 21:33:08,2018-06-04,339450932fcd544f53cee241941d117f,2018-05-16
590df66dc01ee360ffc28411a5b15f0d,34dce5cd72cbdc18a08cfead93190b41,delivered,2018-03-29 10:04:18,2018-03-29 10:27:50,2018-04-04 10:24:27,2018-04-16 19:38:49,2018-04-23,ddadabf7287d9dc3c9a30e4eb967b5d3,2018-03-29
cbbadd3919b803b6cdeaa2e7811bc47b,3ce94b5a344798830d5641dda2b05195,delivered,2018-03-05 12:51:15,2018-03-05 13:09:43,2018-03-06 21:49:01,2018-03-20 09:54:44,2018-03-28,9c5dbda7943788b2ccc4b0a422e4c9f8,2018-03-05
3b81c43a73c516855c1f690e280e3466,f3da085c67eb4dcf31e0c457c727744a,delivered,2018-04-01 17:15:00,2018-04-02 17:10:23,2018-04-03 20:22:21,2018-04-05 14:14:51,2018-04-13,c29b50b505bafb39d2227a97a8ab6f48,2018-04-01
190839038ca4b745f67b28a9dcf7386d,e5abddceeb834d79a9fb3e544e3b2a1e,delivered,2018-03-31 13:07:51,2018-03-31 13:27:24,2018-04-03 00:10:53,2018-04-18 18:52:31,2018-04-23,e484e25cbc2f6b1d6fdd1c22128805ae,2018-03-31
c870c1f3a9ba62194d1060c0accb18dd,1ad07b0c4441e0b5550631b23fc22312,delivered,2017-01-22 11:15:23,2017-01-22 11:30:16,2017-01-26 16:27:29,2017-01-31 19:43:50,2017-03-02,4935a78ccb4610047befc89c31602c36,2017-01-22
42c384d95181d3ee567e8639ff74fff9,011f5f2d716eb919dd944494c0db328b,delivered,2018-08-05 20:48:32,2018-08-05 21:04:11,2018-08-06 13:43:00,2018-08-09 17:11:49,2018-08-20,f2c529076a2edc67ad5da913050fd526,2018-08-05
ca5b8e79b5bbdba8ba16a07bc8d2ca61,7a2bb71483b10a964f33808a1df0bf41,delivered,2018-06-11 13:22:19,2018-06-11 13:39:07,2018-06-12 14:59:00,2018-06-21 12:33:01,2018-06-28,03658676f008d0d0f8b826340eae3dba,2018-06-11
1c68f342af2c9f303a048d365b0153b7,487bb71e40189a3438a469f316013dd8,delivered,2017-11-28 13:23:52,2017-11-28 13:42:02,2017-11-30 18:57:12,2017-12-11 18:09:37,2017-12-21,39861f807aa5ea17baa32d848bb532b0,2017-11-28
77e08d0d687052633b1762f099173ae8,3b418265df9a0f0d68414bb2c4a44f12,delivered,2017-08-06 14:41:07,2017-08-08 03:55:28,2017-08-08 19:42:09,2017-08-15 20:05:11,2017-08-29,47559e2dc651adec4b78916b030bff94,2017-08-06
991dd93b0190239b4f3d41151e31d3ba,238b72da54e53e4b44ffd8ac27ffe9b7,delivered,2018-08-10 19:41:30,2018-08-13 14:10:17,2018-08-13 14:54:00,2018-08-20 19:32:11,2018-08-24,058d762747c6abfa37aab7f46a08a110,2018-08-10
20793c7d8b2f96312e51e2aa27204159,a743936f44e2d520e1a437c30011d5bd,delivered,2017-03-28 08:49:17,2017-03-28 09:02:48,2017-04-07 16:08:18,2017-04-11 14:54:34,2017-04-17,df777949458ca20d0979569ac67eae12,2017-03-28
8cf92fdbb4f10ea12f1dc018a35aa8c0,0ed12a282f15b7be4099d4fb16c0c232,delivered,2018-04-07 17:52:04,2018-04-07 18:08:18,2018-04-09 20:17:56,2018-04-10 21:19:16,2018-04-19,69768afd389429f6ec48199e5fb8e61a,2018-04-07
fe2a47da00335a2a5952630b366abb76,08a8854f4ff6d0a1211f34e75b14a42e,delivered,2018-08-16 15:02:07,2018-08-16 15:15:27,2018-08-17 15:08:00,2018-08-25 14:04:39,2018-09-11,3163b4de066c9bfee60e6608c99a0bbc,2018-08-16
b4138bbc55ffe9ddeb824f7e3068fc50,39e44559447816aa2ed1cb44ca0aae95,delivered,2018-06-19 20:48:35,2018-06-19 21:18:33,2018-06-20 11:48:00,2018-07-02 21:42:04,2018-07-12,79278ad87997c4cec6941b36c2570b26,2018-06-19
d2e26ed6c0129169db27fba17e2c9c75,48c392168cb9a99a2d448c67606f1b78,delivered,2018-01-10 15:19:24,2018-01-11 02:33:17,2018-01-12 22:51:42,2018-01-30 15:39:29,2018-01-31,92ec3f8437da666fa8697aa03a148089,2018-01-10
39840651d975d5a257f08661d376e085,75601f6db2d74a6760995934349dd9b3,delivered,2018-04-24 23:18:29,2018-04-24 23:30:22,2018-04-25 14:18:00,2018-05-03 23:42:27,2018-05-22,dd8f744bb19aa7cca564c0cdff9141c4,2018-04-24
10951d02d64917a34959abeb8130601e,3e6754e591ff3568ccc5bf69a649918c,processing,2018-02-13 21:02:02,2018-02-15 04:11:21,,,2018-03-13,4b6590937ab57d114e9a1827da91c88f,2018-02-13
a68f7b681559723c84a5a758d62be473,6d8551f3b072783a0527d92b481c0c47,delivered,2017-03-30 14:38:07,2017-03-30 14:50:15,2017-03-30 16:27:22,2017-04-10 13:10:14,2017-04-26,a35c02408dac436b2911579509bbfce2,2017-03-30
e5d4d06531c0f91fef9b87eb7d3b98dd,d6fb5169197b4c8425c26e087f268bae,delivered,2018-02-07 23:03:07,2018-02-08 00:35:23,2018-02-14 16:18:49,2018-03-03 13:42:00,2018-03-08,810cf5b177844477a5df3a8e9d0c25a8,2018-02-07
f703e71f874db4fb27d67f9d042f29cc,4f2c00ad0132281f9b6c56afd7c8878e,delivered,2017-08-04 22:57:43,2017-08-05 11:50:18,2017-08-08 19:49:42,2017-08-29 12:08:12,2017-09-08,8627c1488f8357a3f973a3153c470d89,2017-08-04
92d16bd458db6ad7e89154817101087f,189a569b4fd3b7aee093429bfb3d9dd4,delivered,2017-12-17 11:52:49,2017-12-19 10:10:46,2017-12-19 20:57:51,2017-12-29 15:22:42,2018-01-16,b498ae9a906be3723f354df5e5a698a5,2017-12-17
ca575ea0d8cb38ef5d4d3bdded6ee535,78ab13e88de03bad8d90926f7a36a042,delivered,2018-05-11 21:40:56,2018-05-11 21:51:00,2018-05-15 07:49:00,2018-06-07 21:42:21,2018-06-06,658a4b1bf3d0efc7773d6e7f996104c6,2018-05-11
7d9d81483acc12dda194e31e9ba22e9b,b1ec6ef6d21f2a3edb86d3b94e09e2d7,delivered,2017-11-29 09:19:33,2017-11-30 02:20:10,2017-11-30 20:18:47,2017-12-01 18:18:59,2017-12-13,e1d0601cd4399d872d59565cb530f7d9,2017-11-29
06d9e69034388abf6da64378e10737b8,afef0047e43944e8c6630ec0d0f7de2e,delivered,2018-07-30 10:42:40,2018-07-31 09:10:11,2018-07-31 14:24:00,2018-08-09 22:18:29,2018-09-10,7dff353845a1d77a928dcb952c6bc966,2018-07-30
5ea857730c2e2b2c0eb0cf640d586126,06212d81da710ff1cc3a5dd1afaea410,delivered,2018-03-20 16:24:22,2018-03-21 07:08:14,2018-03-22 19:34:51,2018-03-23 22:33:45,2018-04-16,9e73f1852bb59ee9477c18dbe5f6cfb2,2018-03-20
935e2b59d8831e7e158e0a2bbf8f91c3,82f7ade78fed2e75bbdbbb5c9bfb5be2,delivered,2017-11-02 12:00:16,2017-11-02 12:10:21,2017-11-03 18:13:32,2017-11-17 16:35:57,2017-12-05,d41c136aac45f5b7aa28714fd05b0813,2017-11-02
9d31a050f1394d02bbad780e3f87eccb,c9a1d5932b208a13d3d2ea74e38a1d17,delivered,2018-04-09 20:59:14,2018-04-10 00:11:50,2018-04-16 23:05:11,2018-05-02 17:13:41,2018-05-07,78a17a8daba7a599bb4bc701b9184ddf,2018-04-09
68a9fce416cc56ce2950c32b7e70138e,ba054847454a0d2726f6e96f66cba531,delivered,2017-11-24 12:16:22,2017-11-24 14:15:27,2017-11-25 16:46:42,2017-11-27 19:22:13,2017-12-08,20abb106d3fc71c6558a35a4e8e67535,2017-11-24
c9366610830b7af26c954d0b6c1f68d7,2c0fea013cdd4f354b51a96dcf25d115,delivered,2017-11-06 19:44:39,2017-11-07 04:31:14,2017-11-07 21:35:13,2017-11-16 19:11:48,2017-12-08,1522cc6491aaf3f36b443ff465b02df4,2017-11-06
8a4902db3aa7fdf0a39bf75a14697e2d,548cee938a89efcfeb4966ee10ef1ff8,delivered,2017-11-16 17:00:41,2017-11-16 17:11:11,2017-11-17 15:32:07,2017-11-27 20:22:23,2017-12-08,4dca6106df339fd0686b9b82eb784406,2017-11-16
6651400020b5bc201756cad655783aa1,ed2e8a4ffe0c5bd8a2033bbfac325641,delivered,2018-02-05 13:55:53,2018-02-05 14:10:50,2018-02-07 22:33:41,2018-02-20 03:22:14,2018-03-02,64dae5543aea0656485fb67a49bb5e44,2018-02-05
37f50248620b9081be972779cc175160,5d4134c9ae17d09b86aa4387c2e9b6e6,delivered,2017-07-07 09:16:02,2017-07-11 04:10:34,2017-07-13 19:26:51,2017-07-27 16:46:44,2017-07-31,7d5af2265ac87a5f4046ed4d9004e3ba,2017-07-07
1d9609dad08db33f39e233dad7556bbe,fa70ada4a3d29c318df97b21529602cc,delivered,2017-11-29 16:31:06,2017-11-29 18:10:31,2017-12-01 18:19:41,2017-12-02 15:56:00,2017-12-19,f9aff6564fb2a2972704b3f53954c161,2017-11-29
267095b79e3a2844f479ead264721da9,439ba79fdfdb1ce36d1509be55a1d7db,delivered,2018-03-16 16:04:58,2018-03-16 16:29:28,2018-03-29 20:33:01,2018-04-11 16:11:59,2018-04-27,b3b93eb44cd2fca7c68c31839c478070,2018-03-16
0a297271052d25a8fd815cd06ec90aaf,5a381c51e7136dd667ae7ed7e6893dc3,delivered,2018-07-24 10:42:38,2018-07-24 18:44:17,2018-07-25 10:39:00,2018-07-27 22:32:11,2018-08-01,3644255da80eef84b7bd10dd0fa6a1f0,2018-07-24
9d77978d536fd7c6ca5ec414b63e1459,e52293a37d6ebd3e79a0442c9b9bf415,delivered,2018-01-23 14:06:58,2018-01-23 14:16:48,2018-01-24 20:33:10,2018-01-25 18:42:37,2018-02-09,24cc4fdd48171a0ad5a1d8e93812b280,2018-01-23
b504b1a3e9c083d7bf927d4b322922eb,e6498d00216e88dfb8b0b4621b6da8b9,delivered,2018-04-22 23:50:13,2018-04-24 19:10:33,2018-04-24 15:49:11,2018-04-27 17:42:45,2018-05-21,c241c18cbb8ecb1158de9fbfe215656e,2018-04-22
e2eaf909eb6ba881117aa407992a5ffb,4aa9a7eb520f8efdf80da20ba889f190,delivered,2016-10-05 11:05:52,2016-10-07 02:49:09,2016-11-01 07:13:36,2016-11-14 15:03:36,2016-11-25,a36dfd7f887f03e4818a77b11784236e,2016-10-05
cc2999bc678cab0949b90c4759d7a284,dfa8a1b565b79938d84942f83d88a2f7,delivered,2017-07-05 07:54:13,2017-07-05 17:36:24,2017-07-07 17:41:51,2017-07-18 16:52:30,2017-08-02,630331e73a79ae9a2ba821bd326ea298,2017-07-05
e582dcf977363d169153a6bd4a7957cf,00eeecca2b37c96ce302d0428ee46ccf,delivered,2017-03-01 09:49:51,2017-03-01 10:02:23,2017-03-01 11:16:02,2017-03-03 12:14:12,2017-03-22,71f24e11231b2fe3eb018fbfdaf381df,2017-03-01
1816598bbdabc09eaf2174d9e02e0606,e9024de0cde5de0becbf917e1ea5a17f,delivered,2018-01-14 21:51:44,2018-01-14 22:09:11,2018-01-23 21:42:24,2018-02-06 00:03:47,2018-02-16,2ffb1cc8ab89de76ccf843557070432b,2018-01-14
b3727b62c265499751024ab759727674,e8c0df39b8ab2cad38c5504ae816d572,delivered,2017-12-02 16:49:51,2017-12-02 16:59:07,2017-12-05 21:29:57,2017-12-28 19:59:09,2017-12-29,67eb2c312d693f5d3c045e667ebaf03e,2017-12-02
bd1e486b080a92e66f91c5486282422f,d730314f99355b3c89b913bc6be90747,delivered,2018-07-02 21:18:49,2018-07-02 21:30:24,2018-07-04 16:10:00,2018-07-12 21:25:48,2018-07-30,e52b9f30617240ec1c2a7c02312e2a9e,2018-07-02
0fea0565345cd41b6a9bbac1800639cf,b9fb39389c2d1533de03b074f9c215c4,delivered,2018-03-08 17:45:44,2018-03-10 04:08:50,2018-03-12 17:38:42,2018-03-26 20:33:46,2018-04-03,af89576d3b6bb09d68d73b00f15b1f10,2018-03-08
945bbdd66669edb480ca9f0037ed11b0,9359ed9ad95b01396011363481205e46,delivered,2017-10-10 15:38:41,2017-10-10 15:56:24,2017-10-13 15:58:03,2017-11-29 00:21:54,2017-11-16,425634deb94b1080fc7d283f3a644941,2017-10-10
5b167c32a8669a3c04fdd22e5764e867,03cd1b42e5ca372a1a7ac4d5b927b888,delivered,2018-08-17 14:24:16,2018-08-18 02:49:50,2018-08-21 13:15:00,2018-08-25 12:03:25,2018-09-03,6040eea0e0b973a5a6b8de1aef18c46e,2018-08-17
b65a9099b9f6617410e0f5fb0b9e1fdc,d962481ccf3e97521018974422943966,delivered,2017-03-09 19:12:19,2017-03-09 19:12:19,2017-03-10 09:27:21,2017-03-14 11:48:06,2017-03-31,164440f70c5ac5ad2f0029b7b44405ca,2017-03-09
58d1f504d2fb65199e4951dd2aaf7d89,422d5ef3e5e2d7b4d1d67749cf49b347,delivered,2017-12-18 15:48:58,2017-12-18 17:15:23,2017-12-19 20:08:55,2017-12-28 01:04:22,2018-01-12,4eff07f27e770b8ebb9feefdc3fdd1da,2017-12-18
7ab7584d518d5220c4d8f5245c28181e,b30a6a354e94dbccf85c6775e70e4121,delivered,2017-06-11 13:57:28,2017-06-13 04:10:32,2017-06-14 13:08:14,2017-06-26 09:27:34,2017-07-05,76b652d71b511e315d136d3c052614f2,2017-06-11
c4cce729f23dd590b26da3aca2d8c598,26ad3d64c162fbf936fdc2531e0d5e80,delivered,2017-12-04 14:04:33,2017-12-04 16:49:02,2017-12-12 21:36:53,2018-01-04 18:18:30,2018-01-03,7162d00a8429bef4c261cb4f835b52b6,2017-12-04
c9dbbf55ed1dfc04a2f9339a0887d765,ac1f04094195d8798fc5ed0dc1ebf865,delivered,2018-04-04 14:14:43,2018-04-05 02:27:51,2018-04-06 23:44:51,2018-04-12 17:05:56,2018-04-27,7d2d9ebed4d8691a8e77c33b4d59d1dd,2018-04-04
fd248e3e14c80dc42d16e6d75bd4666d,f19902bd950a477a1ee43ed25f5d3433,delivered,2018-06-10 11:07:46,2018-06-10 11:37:42,2018-06-11 14:02:00,2018-06-25 18:12:33,2018-07-24,2ae5edfaa319d757d58412a80b1ce582,2018-06-10
3ee995f2432d1efdb2369e87acc095d2,6f3f242302ca86d90343db8a3b68e259,delivered,2017-05-19 15:03:20,2017-05-19 15:10:21,2017-05-22 07:22:01,2017-05-31 11:25:42,2017-06-12,6471cc6402153f8ced217bd9ad278bf5,2017-05-19
1bb460f1a118ffc0218e3c7e61a59029,d9737c9da32a4148edc8dc9dd484614d,delivered,2018-06-29 08:00:35,2018-06-29 08:40:59,2018-06-29 09:02:00,2018-07-04 17:16:44,2018-07-23,7557ea525045b036732491a790b284a5,2018-06-29
869f303aa6f137c9295a0c115de2f771,e376bf13c93e5b5d6a35d7d958dc5feb,delivered,2017-12-10 16:50:46,2017-12-10 17:11:13,2017-12-11 20:47:56,2017-12-21 11:46:54,2018-01-04,48c9db445cf0140ea4ed8d55e02e99bb,2017-12-10
3a55ce70e083a313526038fabb9b626f,11c70faf3288eebd047af567c657e428,delivered,2017-09-22 19:54:54,2017-09-26 04:14:17,2017-09-26 21:22:16,2017-10-03 19:28:08,2017-10-18,470a28a9edeac03963c382d8fea393e6,2017-09-22
564056ed2b1aba6010b16c2dc89735b6,56d47d8dcdfe6ce00898e16b2df1476d,delivered,2018-06-07 10:38:12,2018-06-07 11:00:03,2018-06-07 14:45:00,2018-06-15 13:11:32,2018-07-30,bb7d7c6524f7188d3e68a33b68e758e8,2018-06-07
41c4425628d692f2d1b59c3c6702429e,f6ad5197bd024e5869639d4891a326ce,delivered,2018-02-13 17:27:56,2018-02-15 04:11:10,2018-02-16 02:18:33,2018-03-14 22:11:23,2018-03-20,25745fc0933b5f800289e065e0b6f061,2018-02-13
6c4e764954bc530adac8b0842d8f1647,dc480a485063e5b8e37bb77ed070514c,unavailable,2017-08-12 14:18:34,2017-08-12 18:35:16,,,2017-09-13,b0e66140f2829b8be7786ba26cb1dc06,2017-08-12
fa80bac6d7ac4a52affb445c87f7c58c,451db2ee1154a7a3b8982590fda51db5,delivered,2018-06-09 12:56:23,2018-06-09 13:15:24,2018-06-11 14:33:00,2018-06-12 16:56:57,2018-06-20,81fa4f32f696bddc27c57147b94dc3aa,2018-06-09
d40956f82498404a78bdefbed0d005b1,8a6a65d9a516ea0cb0437634b4202677,delivered,2018-04-26 22:31:45,2018-04-26 22:51:16,2018-04-27 10:15:00,2018-05-05 17:03:35,2018-05-16,c1d8fe2673f3a62db4e235e128278b94,2018-04-26
942e1205a3ca6fd0147718ac16f4bb54,13217f2016f2e928059f108350a26623,delivered,2017-11-14 18:53:55,2017-11-17 03:35:39,2017-11-24 23:11:55,2018-01-05 12:28:30,2017-12-08,623d392cefd1e9b743242b556b6bb0ef,2017-11-14
56a726fa0f40d3678696e62aaed9690d,dc7302a83e9681f614bb59a515df38b3,delivered,2017-01-25 00:46:17,2017-01-25 01:02:14,2017-01-27 10:51:56,2017-01-31 17:43:01,2017-03-02,fc19fe9ac733e36ff8227c29435c2030,2017-01-25
40ccf6af09b0aadbf3e2710fb2f17715,f97c2ca5646ebbad59fcb3c97791e5a4,delivered,2018-07-19 21:10:33,2018-07-19 21:23:08,2018-07-23 15:35:00,2018-08-03 13:16:39,2018-08-09,d8a65ab5c2ef747532d08ced01992d20,2018-07-19
b337ccac04e3f93847d718df9505597e,c0e76b5297ff8e89cfa37649c34d08ba,delivered,2018-04-10 11:59:52,2018-04-10 12:10:54,2018-04-10 22:41:49,2018-04-11 23:25:42,2018-04-25,23aab251f04be8cb59d256aee561e11c,2018-04-10
cb110387675cb9e3354ff5fc1b25346f,ce1fc521645083f008569f9ab85325cf,delivered,2018-04-04 09:32:27,2018-04-04 11:09:55,2018-04-04 21:36:40,2018-04-12 22:56:29,2018-04-27,87d2cb1d11a2494ee3b37e2816ad442a,2018-04-04
53d8a8410e514c1b8470c9279b28d952,cc4e0751b586a663c96b8d72bfa34a22,delivered,2017-06-19 10:14:41,2017-06-21 10:10:14,2017-06-21 13:11:13,2017-07-05 12:29:51,2017-07-11,5727a05fbd2b210c0931013c4fbc17a5,2017-06-19
fce62b229aadb876d9be47556c0694ed,bea0b054bee4fb73d7696824ab10084c,delivered,2017-10-21 09:09:48,2017-10-24 03:35:22,2017-10-25 18:09:56,2017-10-31 18:42:16,2017-11-13,b64460d7d925960dcf9beefe03131679,2017-10-21
ae647800f7009520d784c9c9ab2de7be,e9558d82e022425af9ddb83c83247958,delivered,2018-03-03 18:45:18,2018-03-06 03:55:45,2018-03-06 21:32:35,2018-03-22 02:33:25,2018-03-28,0c82b9d9963343ddf336e74e01acbf52,2018-03-03
dc61ac41c305778ea271d378bc4c4b85,09523cabad805a66c476b2ccf314cb0f,delivered,2017-11-24 05:49:16,2017-11-24 05:56:57,2017-11-25 12:54:39,2017-12-04 16:36:54,2017-12-19,a5191572741aa80d347236778c2415bf,2017-11-24
a0aac3e398c28aa322af7ab1a9b24c85,26146c75d3530d94eeceb9498dc1fa68,shipped,2017-05-10 21:12:11,2017-05-10 21:25:13,2017-05-16 14:35:30,,2017-05-26,0583cd120bb9d6983181ca37d54e9d95,2017-05-10
c854a1f42d7cddb25891587ddd91caa6,d2292bd5e20f916bcd821edcbd8a4c97,delivered,2017-10-27 09:21:11,2017-10-27 09:35:24,2017-10-27 20:09:57,2017-11-07 21:45:33,2017-11-28,4ef75acb45330a4164b7d732c1dfc798,2017-10-27
a2b014e25e47aea28f291905e3fb2ac2,86ad106f2775aacaff72975bc434b8de,shipped,2017-11-23 15:46:00,2017-11-23 15:55:29,2017-11-27 12:32:08,,2017-12-13,c39dec30a087a3728c0336bc26965cc7,2017-11-23
3316b67b63d43c414af962eb7452d56a,2e7ba3e122728f593f2ef0a25042bba2,delivered,2018-03-22 00:13:47,2018-03-22 00:28:19,2018-03-22 21:13:32,2018-03-26 17:13:22,2018-04-04,b6270bb21e2f15441022012115c81952,2018-03-22
a4f4f63d38c826451e0f6482ed4b59d3,3ad50050643d2d0351f42e42776550c6,delivered,2017-08-25 21:14:28,2017-08-29 04:50:24,2017-08-30 16:08:31,2017-09-05 21:57:44,2017-09-26,71f7fb7836de1ce6de5598840d851b86,2017-08-25
0eec617eceb2ecbaec84cb904530b048,a7406a0c444083a00aee5437cccac034,delivered,2018-07-03 14:28:36,2018-07-05 16:11:14,2018-07-04 13:32:00,2018-07-09 23:56:28,2018-07-30,54e388b39b1b83f1eabc862d12265f4d,2018-07-03
a9ebd6bcbc1aed90a92d93c774f2cdd2,6aa76a292df4d63fa578c73ee479cbba,delivered,2017-10-31 22:38:42,2017-10-31 22:50:11,2017-11-03 20:21:32,2017-11-09 20:26:32,2017-11-23,e87cdd2fb9f1d3ff3438a9d02e454793,2017-10-31
c6ee046b85d59deed2e71242e970d437,e5b90e0dde0fa26f1a9a6b2624f71a6b,delivered,2018-02-18 22:03:31,2018-02-19 17:47:29,2018-02-20 19:18:56,2018-02-25 13:26:39,2018-03-06,1ad91f22733408adea39755665d62fdb,2018-02-18
18c997e8b15aae56ff3f0e3594c29170,184d1953627db66318acc74d30ff1721,delivered,2017-05-09 20:41:48,2017-05-09 20:50:20,2017-05-10 11:25:55,2017-05-16 12:18:17,2017-05-29,d47ff3dc26a025c9bec3d4f5cc32dd83,2017-05-09
b6162f47d6adbaf673e92b13e9358d89,cdb833f7133ef2039a36e2cf5bd7a009,delivered,2018-08-26 18:17:04,2018-08-28 04:23:58,2018-08-28 14:54:00,2018-08-29 12:08:34,2018-09-03,724f1b32e4be91e47f76c0abe137742f,2018-08-26
055b09c841dc52097e688df51b163310,0b83af8e524bbb2aa83ba090f5be21ff,delivered,2018-04-26 20:30:00,2018-04-26 20:51:17,2018-04-27 14:17:00,2018-05-02 19:12:23,2018-05-22,aaf2d0137050d06ef2c8752f35c0d936,2018-04-26
c19b500110bd90179ac1676ebc7c3ed0,569411b5613e1d725f474e671d1d19b7,delivered,2017-03-06 23:42:24,2017-03-07 01:03:45,2017-03-09 08:23:47,2017-03-14 13:44:15,2017-03-27,6d0f018551148c638fa1e62225dda629,2017-03-06
3407bfcbaa0cb49c244ededbc777014c,7782a956d5644bf1eba50c63aa9c4a64,delivered,2018-04-21 11:35:37,2018-04-24 17:32:31,2018-04-30 13:37:00,2018-05-08 17:16:36,2018-06-06,1a1b2ca55ecadf8733cdac0bacdb7362,2018-04-21
637cd939e435a194d562522d5bdc0d84,3b05eb53fd64dbf2e21454026079e02d,delivered,2018-08-05 23:37:30,2018-08-05 23:50:13,2018-08-06 12:42:00,2018-08-09 18:26:41,2018-08-16,d7cfefa991e6c4f12d98d640d633f53e,2018-08-05
065d95bb9e6d5bbc0a5a2c40579b16e5,e92376215b80c2c97a67489e50927147,delivered,2018-05-08 09:38:47,2018-05-08 09:55:32,2018-05-10 19:05:00,2018-05-11 23:04:51,2018-05-21,8011b44f42e4dc6fbeec46b365a6f8b2,2018-05-08
a7e71dd247a252f0f215e6230cdd5d1e,6e119961531891f055b01aeb4f93552e,delivered,2018-01-13 09:38:07,2018-01-13 09:48:35,2018-01-18 20:08:46,2018-01-27 15:36:39,2018-02-01,afa2d112b99f01c2f052f0dfec88726c,2018-01-13
d3a553b0f57271e7cb7fe426288bcca3,e4b7cc893dd622cc71e4ecf9569d4d34,delivered,2018-02-25 14:18:54,2018-02-25 14:30:33,2018-02-26 14:18:43,2018-03-05 16:05:22,2018-03-20,4cbcbd011620a47c1a795765b32e5db0,2018-02-25
a9810da82917af2d9aefd1278f1dcfa0,f2c7fc58a9de810828715166c672f10a,delivered,2018-06-26 11:01:38,2018-06-26 11:18:58,2018-06-28 14:18:00,2018-06-29 20:32:09,2018-07-16,a8b9d3a27068454b1c98cc67d4e31e6f,2018-06-26
1657d073874b59831bbf61d290efb44a,2011663e9f984916c24b717a3ab6c802,delivered,2018-08-19 18:12:07,2018-08-20 13:40:15,2018-08-20 16:07:00,2018-08-21 22:45:36,2018-08-28,00d7812c158831a996a6b3f4698643b5,2018-08-19
3e93ed8410f3fa2cd639ec11c30de523,992ffd5578957e1363ff5eb4d189260c,delivered,2017-06-23 20:47:06,2017-06-27 04:15:12,2017-06-27 14:51:34,2017-06-29 14:14:48,2017-07-06,8ae01caf95fcba159cdde44fb44596cb,2017-06-23
79d316a7d0d628895124bcefd1040ed7,b7f41c76036b7a3f1124ad8134998b94,delivered,2018-08-14 19:12:16,2018-08-14 19:25:20,2018-08-21 14:58:00,2018-08-25 14:41:41,2018-09-14,3c02b5a724d31387f0276108e82245aa,2018-08-14
ec28553b12bef4b538e5d7454464a1c6,c5c61596a3b6bd0cee5766992c48a9a1,delivered,2018-06-18 13:34:21,2018-06-18 13:55:47,2018-06-19 15:07:00,2018-06-21 20:15:28,2018-07-03,b6e99561fe6f34a55b0b7da92f8ed775,2018-06-18
4d5d37abd78b5223433230deee7d4e29,29ec9149639beb93b18e99d05e8744fa,delivered,2018-05-25 15:53:06,2018-05-26 02:18:41,2018-05-28 13:19:00,2018-06-04 18:22:36,2018-06-19,91063750ff2a65c3ca7342c433dad7d2,2018-05-25
2d37b55e71618c48264e6288fc228844,f0e0e47278af8692f9b7f9f9a30d391b,delivered,2017-06-07 07:36:03,2017-06-07 07:45:16,2017-06-08 10:22:36,2017-06-16 17:42:12,2017-07-04,6a26d5fa9dcccb658279cba67bf50c1f,2017-06-07
9aba5a261ecd7b4c4d324ee1ab55cae7,dee2060c887c5301dc3495cd9135169d,delivered,2018-06-21 20:57:43,2018-06-21 21:18:16,2018-06-25 08:59:00,2018-06-26 22:28:27,2018-07-04,2c0ad38e3e514e6c0cd554340026dd2f,2018-06-21
2b86b00276fcf833862d7d1c8dfd1607,0d290f873d4cb504c2bcf80afb73587d,delivered,2018-01-13 20:08:06,2018-01-13 20:15:25,2018-01-15 21:09:42,2018-01-18 16:34:02,2018-02-08,ae592f5fcdcd08d154974861385073dd,2018-01-13
6f0a7c01d397ce3f7c6df65823350890,3a7d1c879493e7727f72a8fd2f93c366,delivered,2018-05-17 17:55:14,2018-05-18 04:36:05,2018-05-18 14:02:00,2018-06-06 18:52:42,2018-06-18,7582e04fe853c36971a7be15c9a027fb,2018-05-17
6bcd251ea229d32710e7690cb3641ba6,ab3a9c34beacec9fb8bbc4e76765ee1e,shipped,2017-07-07 06:34:08,2017-07-11 04:15:19,2017-07-14 18:38:52,,2017-08-08,f28223d7d074c0431d21c6cd5c7ac01a,2017-07-07
9eff8d5a7b05aeaa583c225de3b134de,deb460805396b2a842889d73a69d3c23,delivered,2018-01-16 07:25:53,2018-01-16 07:36:22,2018-01-16 19:41:57,2018-01-29 21:39:03,2018-02-08,49644562b8dd8d8edaecf9a510b73361,2018-01-16
f7780ea2807db31691e83f0013294035,3088cc4bfafe311f1d84830808c2aa6d,delivered,2018-07-30 15:22:15,2018-07-30 15:35:16,2018-07-30 15:00:00,2018-08-02 18:32:30,2018-08-02,2f0def88a867b9c0aabb60c561b4d640,2018-07-30
43212d0edb989569de152cc65e9d96fc,df707c24918c1bfecc01f98bb8aa5bcc,delivered,2018-08-06 23:33:13,2018-08-06 23:45:20,2018-08-08 13:24:00,2018-08-17 13:37:41,2018-08-28,13ef4447d19c42940bf95a4102e3adb9,2018-08-06
547226eca04b5695f6b0b62295e16df2,36da3a8627190be6c28bff40b19acfae,delivered,2017-11-23 14:51:18,2017-11-23 15:10:43,2017-11-24 23:52:37,2017-12-01 21:18:30,2017-12-20,5ca49056dee44801d12e37da1483d9de,2017-11-23
1091b43c860fa7d9cea917d1d20dd522,6c3d3c9604547cb3a17adf0f7c6c83eb,delivered,2018-07-27 10:50:09,2018-07-27 11:04:55,2018-07-30 10:02:00,2018-08-09 17:51:52,2018-08-22,7b930d6dc05eafb8b7dcb5215ab94b7a,2018-07-27
6016370c0d4a0da9c57394f85d9d11d6,6e4dd13384773c090e487c674a47977f,delivered,2017-11-03 13:16:10,2017-11-03 13:30:45,2017-11-06 19:11:53,2017-11-08 22:52:04,2017-11-28,d624a80aa123d00e1e78ae655743ac51,2017-11-03
d44df0d4c71052d8b2a3bd5c50bd42b5,46e69377adf8857c9ce9c568ba073b06,delivered,2017-01-31 09:31:33,2017-02-01 10:31:59,2017-02-01 11:11:40,2017-02-08 14:14:15,2017-03-27,04120e49b42d9188cee40d96521d9893,2017-01-31
37af1b25e7710f09d122aaf3f8b68114,f3b4b3f2136722924a0916a930b2081e,unavailable,2017-05-02 14:23:24,2017-05-02 14:31:40,,,2017-05-29,05245bc04a232db14bfa07a935f8f0e2,2017-05-02
b887ade3d2811206aea4fb2c9390d0dd,874233b5c103a2784eeec9f6bf8b1cbb,delivered,2017-12-22 16:39:59,2017-12-22 17:31:32,2017-12-27 18:53:04,2018-01-04 14:18:04,2018-01-26,b9f618ccdf69ffcaa561022e906101ac,2017-12-22
7630cf9ad47735d82f65e6e87beefb73,db4581146aade4093e4c420024427dec,delivered,2017-08-19 21:36:04,2017-08-19 21:50:15,2017-08-24 15:14:52,2017-08-31 20:48:01,2017-09-13,0b23378bea989bff6f5be704caeff912,2017-08-19
a844f41afb956df11c5b6940656a3682,80fd5c24c23e4e64a13561bbd1b62ea5,delivered,2018-01-02 16:22:15,2018-01-02 17:00:29,2018-01-03 23:08:36,2018-01-15 15:36:18,2018-02-01,a7a7abcb978504e6ac66f29cc5c9b637,2018-01-02
1826d3b62380835469288dcc78f382ca,cadc77a311d2175d497619dc76de4600,delivered,2018-02-01 21:53:34,2018-02-01 22:12:14,2018-02-02 22:14:39,2018-02-05 12:47:42,2018-02-19,9139df8acf63b031fb8cea0b5118c1c3,2018-02-01
c6f49d29ad6cd1c719dc77e8a432154c,670c9152ba9baa4528368ecf851a9bdc,delivered,2018-06-19 11:09:46,2018-06-19 11:35:16,2018-06-22 16:02:00,2018-06-28 22:33:00,2018-07-11,eee0f253ca5999bcafd70545d8704939,2018-06-19
9f3dfb593f24a7bbc85f61b1690fcc28,cded83132e79be0923973a9619ba8435,delivered,2017-08-12 20:55:37,2017-08-12 21:10:10,2017-08-14 18:33:06,2017-08-16 19:43:57,2017-09-01,b323f76ac49c1ba4a661099586d8ffa4,2017-08-12
f833b6f8e6abdffba74178aceab06280,eb29481be7eb00b14982268f9ecc3cdf,delivered,2017-10-24 09:55:53,2017-10-25 02:08:33,2017-10-25 14:43:03,2017-11-03 13:08:56,2017-11-16,b278f2e3eef26f3667e7aa7daa235ade,2017-10-24
f1d8785bcee63b8e0354436ac2f2a546,e11b56593ff355a003b782dd8e4ca5b5,delivered,2018-04-12 20:18:16,2018-04-14 02:15:20,2018-04-16 13:13:27,2018-04-18 13:18:31,2018-04-27,ebc070e76fe969c12b42be78c85ce327,2018-04-12
53a29e509e7c8a60436ba238b0877d35,7a33c47e68209572cbe68a6dc5ff0c41,delivered,2017-09-28 13:18:28,2017-09-28 13:28:17,2017-10-03 11:51:37,2017-10-14 15:04:19,2017-11-01,4a047bc1bdb0ca6267cd11ddcfbc7e19,2017-09-28
093dea0d5b7854e484d59d15b2243006,4a09496c03782d8f7e5d9fe65d3da015,delivered,2017-12-11 11:57:42,2017-12-11 12:10:59,2017-12-11 21:41:52,2018-01-05 14:44:32,2018-01-09,47bfa6b41a13fba5d7a8a528dcdee44a,2017-12-11
c3fbba8f64cc6b2e99abc0e00d5ade2b,214c9a1e18b8592e8a56bfcf31514b9b,delivered,2017-04-10 17:10:58,2017-04-10 17:22:26,2017-04-12 11:57:12,2017-04-20 12:31:32,2017-05-11,540bd689a2065b9177dedb9758cbc992,2017-04-10
57f71871671e74366cd5985f2dc2ff7e,aa4054e518fbf361607e4ebea08684a4,delivered,2017-09-29 00:26:21,2017-09-29 00:49:21,2017-09-29 19:57:38,2017-10-04 18:41:19,2017-10-30,41672c3f7788a3c1dbf0424fc62378b9,2017-09-29
fe6548d8e286a9de2a672acdd24607dc,2a236b0c1e6e99414dabdadd2835e5ec,delivered,2017-10-29 16:44:39,2017-10-29 17:20:11,2017-10-31 16:58:15,2017-11-01 17:57:42,2017-11-10,ff3d60787113593f975381dc8dc2a8e2,2017-10-29
f8207caf0d0b8d07ebb64c397a72793a,7e550164be02975a52464fc6019cac13,delivered,2017-07-19 07:31:51,2017-07-20 02:25:15,2017-07-20 17:29:12,2017-07-22 12:44:41,2017-08-01,2f5774d283a746dd2373bd61a6aeab02,2017-07-19
41481f110ca58f4d3ee2e077d0313ff3,de4d31d0e28b2f45997efac5f6adf462,delivered,2017-12-29 01:56:16,2017-12-29 14:27:34,2017-12-29 21:23:33,2018-01-08 19:34:40,2018-01-31,20a59a580072e53689c129052ce1c465,2017-12-29
e714cb78e6724b4f5c52e1119ec0ac9b,34e34d2119cb8e3dc26e6e55a0719bda,delivered,2017-07-31 21:21:04,2017-07-31 21:30:16,2017-08-01 22:51:56,2017-08-03 17:52:12,2017-08-24,5481faee6868cffca21ef3084572618e,2017-07-31
0a245a02fe848f9fe7d36aba3f785d78,6d5507371e40197f19156f69f015c9f8,delivered,2018-05-21 21:29:28,2018-05-22 23:17:57,2018-06-11 14:31:00,2018-06-13 10:43:44,2018-06-13,0229357c32b8eb6b686af4ed4c90d22f,2018-05-21
e33e63d3e6227661a115f625ae2af65a,1a5d72cce00fa0131bc38619c67f05e1,delivered,2018-03-13 07:51:55,2018-03-13 08:08:04,2018-03-13 23:41:58,2018-03-29 21:18:30,2018-04-27,9711bc80b0ba9573419c5113755c1029,2018-03-13
1a2dfbf5bcc5c3587728996088ba03f2,71516655cab6b35276d5f09442ea4ed0,delivered,2018-02-15 11:15:47,2018-02-15 11:30:40,2018-02-15 22:18:54,2018-02-16 14:14:59,2018-03-01,192304c4289d4c8425f46341a25c8ef1,2018-02-15
5479f014d5015a0feaf35483c4bb73b3,aea7d2de4a1366b975b3d37ae68c0612,delivered,2017-08-10 18:16:59,2017-08-10 18:25:19,2017-08-11 18:37:52,2017-08-17 16:44:37,2017-08-30,2cf396c9e24e7627ff042cccb209b9e6,2017-08-10
886cadc098626f2e17d54f76b7bac8bd,0043b0afd67fb3af74360d2893b9a530,delivered,2017-11-15 21:06:10,2017-11-15 21:15:33,2017-11-21 14:12:27,2017-12-04 19:36:40,2017-12-05,8f20ece0099d6e5c22c1fd0c24a1e681,2017-11-15
0e04c5cca5ec36abd1ab3b2c33fee74d,fb020b857592347a758d07307d98cd86,delivered,2018-05-04 13:50:53,2018-05-04 14:12:59,2018-05-04 15:00:00,2018-05-09 17:54:47,2018-05-30,9da542f9ea16dca78240872237625d45,2018-05-04
6e09feab9f3c4379d88725b9efc9f0f3,ff78b46a7600e28f95a8f1d690761213,delivered,2018-04-24 17:01:57,2018-04-24 19:19:33,2018-04-26 17:07:00,2018-04-30 23:58:51,2018-05-10,8def7fc122b6f459237b0766b3440909,2018-04-24
411b631e48e96d67d14a881f338f6b46,c43364f47888ca89f979828587558a80,delivered,2017-11-30 02:29:55,2017-11-30 02:37:24,2017-12-01 23:14:39,2017-12-15 18:29:11,2018-01-17,74f68dc07de4bf46e62e01e5a038d9a7,2017-11-30
6e25a89b2b006e7da0ff978bdcfe66db,36ee1c55ea025fdce1759f64ad07aab7,delivered,2018-08-09 13:14:29,2018-08-11 02:50:25,2018-08-15 12:12:00,2018-08-20 20:21:55,2018-08-27,55d85d60b231b851c2001e8743ce1d52,2018-08-09
b28e2ea00a9403b195f0c47428dde994,29d8b10c320fc38f43d93ef3d4f68a74,delivered,2018-04-23 09:42:50,2018-04-24 17:41:33,2018-04-24 19:52:47,2018-05-21 19:42:00,2018-05-23,4b8c5636a48302c8c12e2b801d71c0a2,2018-04-23
cc86aa6e200c4c5a49a6ef02a690c3d2,ff9ab15bf5b8ebb3be91a6170184a38a,delivered,2018-03-28 17:05:19,2018-03-30 03:15:27,2018-04-02 22:08:45,2018-04-04 00:24:35,2018-04-10,d77cdd15966c22c9f2ab60ce75f58794,2018-03-28
c3144c54c2ae906cab69adf3de3a7b17,512a645d25604f568dc61a8a3da9cd8b,delivered,2018-04-03 16:17:10,2018-04-03 17:15:16,2018-04-04 17:05:30,2018-04-10 00:23:20,2018-04-24,599d892e1f39b2cb7903dda30a5ca67b,2018-04-03
d9b53f70b57a028c32d88455dda31547,ba043b6250cc452f41d5440280372aa3,delivered,2018-08-18 15:58:54,2018-08-18 16:10:10,2018-08-20 15:23:00,2018-08-21 13:12:34,2018-08-24,fd484f173dc77a79b967a37b9b39067e,2018-08-18
6441bc5d2c43a0ec4e8fa75d5cca8c02,031862760897c48f91efd54f6545e895,delivered,2018-04-10 21:00:52,2018-04-10 21:15:17,2018-04-13 20:04:46,2018-04-16 16:56:34,2018-04-20,ad9f8bc2de0e4ac433b37dc94fcc9554,2018-04-10
80188fc06b9703f7d2f6f5fac4e11984,9faa47bd04272a6827d820a812bb8454,delivered,2017-04-28 10:17:30,2017-04-28 13:01:09,2017-05-02 14:16:15,2017-05-08 15:33:16,2017-05-24,fc2fdddb4d88770ca958534e9909d7c6,2017-04-28
638c67ed7c981ea1b46e45f23b35f4ff,ffdbd1a1e9a23977e4d638c2b0ccd0b9,delivered,2018-04-02 23:09:18,2018-04-04 03:10:23,2018-04-05 18:12:52,2018-04-11 17:33:02,2018-04-18,06ecf8af58f2fd3fca5bae3a68b76f0e,2018-04-02
f100e6de2729471b754facdcdb55b3e4,b550b22f8a92af4e89c41f27b2330b48,delivered,2017-06-30 11:08:44,2017-06-30 11:23:43,2017-07-03 15:37:51,2017-07-07 19:47:31,2017-07-24,037a72c77c3565c6e41ac0607c797b08,2017-06-30
ef02392a4753ae9d3777f16b5feca9c7,6183f69ce7ffe6c72c33e334cf18c5ee,delivered,2017-09-11 00:31:53,2017-09-13 03:36:19,2017-09-13 20:47:40,2017-09-20 19:51:59,2017-10-03,977a0ff5c269ae1b027aed7e14e79454,2017-09-11
966816b575380366cf697b71679a90ae,3a62dd5cff90e249bf54a92b5c97f040,delivered,2017-08-04 11:19:02,2017-08-04 11:30:15,2017-08-04 21:42:17,2017-08-07 14:22:03,2017-08-17,aef176d50ed212cdee401a1d0491a531,2017-08-04
cc76aaca069f9c7127c3403e8eabd100,3c051a9dc07e854fb5fb5aeb7b8575f0,delivered,2017-09-30 09:33:22,2017-09-30 10:04:19,2017-10-02 20:59:44,2017-10-19 19:27:42,2017-11-06,861539f8b5d87cc216e41814e059ec4f,2017-09-30
1a868fc0d0328d0e1415957b16f8a63a,030a8fd680eb0fa004cc42fd460da993,delivered,2018-07-02 19:14:03,2018-07-02 19:30:13,2018-07-03 12:58:00,2018-07-07 14:22:49,2018-07-23,a1296778f9146044596537f28a2f00b8,2018-07-02
f55dcacbda42aa97458735683d9fbb76,3d49b9dfdeac4e852719df5c71618426,delivered,2018-08-07 14:59:42,2018-08-07 15:10:23,2018-08-08 14:20:00,2018-08-17 18:28:44,2018-08-21,a47311843f7e93734305b880ccb46491,2018-08-07
7fee7d4412f1c3a36d5c873789b75a4e,e1ff7d78a58e41ab3e811cce1c387870,delivered,2017-05-03 10:35:16,2017-05-03 11:25:22,2017-05-04 14:38:43,2017-05-11 20:17:36,2017-06-02,eecc7a9ae13f23fe9f3092751cb5cc09,2017-05-03
10be01428d12ec7ed39d0058c3e224f7,bb0c8fe6fc83eae94e358e1b9d9e6caa,delivered,2017-09-18 22:16:48,2017-09-18 22:30:12,2017-09-20 17:50:11,2017-09-25 18:47:50,2017-10-04,ba31ea04a575dfe13ef189d5dc797a5f,2017-09-18
9bcee5211be4c4e8785242c9fcd22e32,78417495f870be90c4390d66f1dffe31,delivered,2017-09-26 14:42:47,2017-09-26 14:56:25,2017-09-27 16:44:22,2017-10-02 15:12:22,2017-10-18,007ad549acb91673f04eac22c0568114,2017-09-26
a652f035a4e15d4e124ead05fee368ee,a0d1571c3090051864507fd978cf138c,delivered,2018-02-01 23:02:30,2018-02-01 23:15:21,2018-02-02 17:44:19,2018-02-20 19:38:54,2018-02-23,c49b3a5af585dd2635f11bb8ac77e292,2018-02-01
85e019a2383461c352ffffefc7ba4829,1eee145a6e298c2b4b0529960fa86368,delivered,2017-12-02 16:29:45,2017-12-02 16:58:57,2017-12-06 00:59:14,2017-12-07 14:22:00,2017-12-20,67429e38fb995fb271124232d88ea09b,2017-12-02
7c825a36c67b324f9bb4107f03c5139d,15f52fbd4abbae7592dc36067c8f3465,delivered,2017-09-29 08:52:05,2017-09-29 09:07:17,2017-10-04 15:32:20,2017-10-13 17:59:42,2017-10-27,0e76834975d61e035363cb99ceb03aee,2017-09-29
847ddabc9110745bba147aa06bd1865a,adb996201db8d69f29120d910116af68,delivered,2017-08-16 22:14:17,2017-08-17 00:24:36,2017-08-18 10:13:39,2017-08-23 19:22:50,2017-09-08,5f6a3bfe39be0645f7a6f99dd39b04e1,2017-08-16
b91ca0418b6f2ae549bb6f356eee80cb,db6054a501afc119137d3b7ba547aa30,delivered,2018-07-02 10:30:55,2018-07-02 10:50:10,2018-07-03 13:56:00,2018-07-11 18:51:27,2018-07-26,b20d4c380371b297b3dca595a79c348f,2018-07-02
b3ef7d06bb528982dc6f78f52dc393f4,103d5d5fbfef3c9347a68786a840be96,delivered,2018-04-01 14:57:38,2018-04-01 15:10:15,2018-04-03 23:54:22,2018-04-05 18:51:08,2018-04-12,648be13c6381102d73cd395d704eb393,2018-04-01
b5156aaf024c8c29f06f62175e1ccb48,b63d3a810558af5af7ab6261494da135,delivered,2017-09-12 19:07:38,2017-09-12 19:24:32,2017-09-13 17:50:06,2017-09-19 21:19:09,2017-10-02,1c813c1e37d1febb85d0d06d4c7ccc7c,2017-09-12
2e56f943f231f5fe108f43fb370b0ed6,66b9bc2d53ea09b027966337424fa0c7,delivered,2017-02-09 12:12:22,2017-02-09 12:32:26,2017-02-14 14:00:48,2017-05-25 07:14:44,2017-03-16,d6e7520f52b7d40e2bb54f05c374225e,2017-02-09
023b3575b6649cf01cb239c0e9603262,6b994d4f438ab832290549dd01b35032,delivered,2017-12-28 01:15:31,2017-12-28 01:28:00,2018-01-04 22:59:16,2018-01-15 12:22:29,2018-01-30,9836bee8c9b546bed28c2ee0bbdb2d3f,2017-12-28
4d59391202a2a67c2e2fea6f349a67f5,7030ef488b9f80599046408a5de28cca,delivered,2018-08-13 13:14:03,2018-08-13 13:25:14,2018-08-15 13:42:00,2018-08-17 13:37:42,2018-08-22,81040442e9807c1aaf2e621ef05c1c7e,2018-08-13
79fc8a1c3556b7c15ea2948b4a679a57,5336f0fe822d7535e4574f501006abff,delivered,2018-05-05 14:04:22,2018-05-05 14:15:21,2018-05-08 13:50:00,2018-05-12 11:58:36,2018-05-25,0de9c382f7bc3608d4d071894e09eb82,2018-05-05
09349cbc001ff756f199a461de7a39b4,32fb720c1193f952fcc705a6752d08e7,delivered,2017-11-15 15:52:53,2017-11-15 16:07:30,2017-11-16 15:25:51,2017-11-17 20:38:34,2017-11-29,7970439cc1f4670b53b509d7e527ac15,2017-11-15
8671a823b060d2231452ea27699558a8,cfa97880b19b2b1d06f6c76fda7e1284,delivered,2018-04-17 11:09:35,2018-04-17 12:15:19,2018-04-24 22:51:34,2018-05-04 15:52:11,2018-05-14,936140a4ba9d6422baf772456da42e96,2018-04-17
35e6328c980b8ff743074072b2aa195e,2e50a29eee07a2338f55c18cfd677431,delivered,2018-06-16 18:28:44,2018-06-16 18:57:33,2018-06-20 12:06:00,2018-06-21 17:27:44,2018-07-03,2aa8c2b5a39122a1044219691cb658c4,2018-06-16
80ba449ea98f8e879a829759b5a66294,0e07a801a6729369c02b88f4d38388cb,delivered,2018-02-25 17:37:45,2018-02-25 17:50:41,2018-02-28 20:43:49,2018-03-12 17:08:41,2018-03-27,34f2ec40e13a7f433b8ef0aa77426e77,2018-02-25
15847be2cbb3423e9344e53b040ef2a6,38658a45235ad07f51a84607654e53f1,delivered,2018-01-13 00:21:59,2018-01-13 00:58:27,2018-01-15 23:51:49,2018-02-01 01:53:10,2018-02-09,0950a89e2269d0042c403550ac89a787,2018-01-13
1acc110c076e80f4bfa1375a2b31d1d1,3f413e6af818b68f8f3f23283540358b,delivered,2017-08-15 21:29:58,2017-08-15 22:15:21,2017-08-17 13:03:32,2017-09-19 17:37:21,2017-09-11,4e549a3943fd117e4cff454e53bc758b,2017-08-15
d0af169a096f58ef73ca8ca35a8647fe,0df09c2ad80e94b02f0c8443d7af54a8,delivered,2018-03-17 19:54:30,2018-03-17 20:10:55,2018-03-20 23:16:18,2018-04-03 10:17:27,2018-04-11,3544f95ba7fd2f9469fa6f513bab2e38,2018-03-17
146f48c486ae970836ac642ed6168ecd,c3225d954016edd53a5c08e01888dab0,delivered,2017-10-24 16:49:34,2017-10-26 02:57:26,2017-10-26 14:53:16,2017-10-30 19:28:56,2017-11-22,3389bd29cfb0274ae06e92ea00ee6c2e,2017-10-24
e2c83f97c1de922cd2db1cd278fda544,06decccf5bd7e13ff1384364911c9b20,delivered,2017-09-17 21:39:44,2017-09-17 23:05:27,2017-09-20 18:27:57,2017-09-25 19:39:56,2017-10-16,7a6b4947e01039432cac229435d058ee,2017-09-17
ff5afb773cc74f8424fc4e5c2f57570a,93ab62313298ee21a6b93c60d79443a1,delivered,2018-07-18 21:38:31,2018-07-18 21:50:18,2018-07-26 14:56:00,2018-07-30 14:58:49,2018-08-07,56b3af494472ac4c8568f2f4a95ff90e,2018-07-18
73ffc7dbf151bdb28ff40c4206968803,578e71c4d03ca6840a75ec1a2df897b2,delivered,2018-06-19 14:18:38,2018-06-19 14:38:01,2018-06-20 13:55:00,2018-06-21 19:36:26,2018-06-29,9a79cb8a4015613136f6ef3aa9d3b73e,2018-06-19
72074725a693246f2057f0d9e1c4398e,448f50c8bf267359741eba2a935b3f05,delivered,2017-11-24 19:07:33,2017-11-24 22:34:35,2017-12-13 01:39:00,2017-12-14 20:37:29,2017-12-08,e980053dedef86b2cbad19d0c094060c,2017-11-24
0c9e044483d9a7ed3543da28c65f36b2,d6d2004b0dd3b0fce72d46fb5ddacef9,delivered,2018-03-02 13:16:23,2018-03-03 02:50:56,2018-03-06 23:41:38,2018-03-21 20:48:33,2018-03-27,6d1b4e0269ddf214a835aef2cfc23158,2018-03-02
bc275c0a8a5a45366f816095af0702e4,80fe83ec9076170b5bc4e69bef62d616,delivered,2017-09-22 00:26:20,2017-09-22 00:36:19,2017-09-25 19:28:56,2017-09-28 19:27:53,2017-10-16,1f5f0061a49ddd9812d48ad07c1fb276,2017-09-22
3d930fd5aa8b9cdcb646c31196f0886a,3f37191b3daa449879f04d90bc8ecbe5,delivered,2017-07-05 21:26:30,2017-07-05 21:35:14,2017-07-07 15:33:27,2017-07-09 15:34:48,2017-07-19,76098987a2655501b24ad53760265125,2017-07-05
754effa06b71f54d7f439034c128b509,c8d216b178057e7b76dad138f9bb2aae,delivered,2018-07-15 18:16:05,2018-07-15 18:25:21,2018-07-17 13:52:00,2018-07-23 20:12:25,2018-08-10,f5e57d38033f0d2bad0f32102f51b179,2018-07-15
3cfb52a132c9fd20ee4abc973f86d8e3,f82c0e2f7b1e429bd59a9a3f6747753c,delivered,2018-08-15 05:46:10,2018-08-16 03:25:09,2018-08-16 13:11:00,2018-08-23 15:51:41,2018-08-31,2fedf4091d88d9444ac8d96eddeb92de,2018-08-15
f6ac44bbece0129b596dfc21aede3c20,c7616d00b4400791c265c3b952dee75e,delivered,2018-08-07 14:07:40,2018-08-07 14:15:21,2018-08-20 12:25:00,2018-08-21 18:07:43,2018-08-14,4a7da70ea95397be694201c9bf00ce5a,2018-08-07
ffa18796659322e26489458de771d309,181478b61d7275cd79afb1ded8ad7f41,delivered,2018-02-17 14:33:30,2018-02-17 14:46:51,2018-02-19 22:07:40,2018-02-23 00:37:13,2018-03-09,472bb055bdefb40b464e87e33ff5cb81,2018-02-17
9728bc6f814c53602137c0942b6e286d,fdcc1631fa8227c686d97e76607bcf2a,delivered,2018-08-13 21:12:35,2018-08-13 21:25:14,2018-08-14 11:38:00,2018-08-21 18:04:32,2018-08-31,88b906efba2334e6a3bc813cba74e8f1,2018-08-13
b87d1668462d56410037dcfd6254f986,482df3fe6bb8725879bd1f1a2d656319,delivered,2018-03-22 11:48:47,2018-03-22 12:09:03,2018-03-27 19:52:17,2018-04-06 10:03:06,2018-04-10,634368c0588a6176103e9bc00679dffc,2018-03-22
9a5199b42599c11214ac9f95cfb17043,1df66aed5e5ac2cd2301d813537945dd,delivered,2018-07-30 15:13:55,2018-07-31 06:35:21,2018-07-31 14:49:00,2018-08-06 19:09:06,2018-08-21,522ef8ad0019e5178abb2cddd150ac5d,2018-07-30
852586974b34f22595f8bcc918b48040,e60b44258e250247c031afa715241405,delivered,2017-10-11 10:38:21,2017-10-12 02:21:01,2017-10-16 18:30:08,2017-10-24 19:27:58,2017-11-14,600c4007e5a97665f6f4a70d706949cc,2017-10-11
1f128a92fab0cad4a98cd61be2793d42,a968ee66a9cd15045bdc38c66181983d,delivered,2018-02-28 22:10:48,2018-02-28 22:30:50,2018-03-01 16:56:18,2018-03-12 21:54:46,2018-03-22,379a5698aeca26ff55abca9bc7fcaa4f,2018-02-28
501d53200cd395d34bc971566f4bbc74,8a6ff7337f2f7ca3ab174d52fae99080,delivered,2018-03-04 02:34:20,2018-03-04 02:50:20,2018-03-05 23:51:37,2018-03-20 21:37:31,2018-03-28,77181aad9f3070ba90488e6bbb045f1f,2018-03-04
872b0a6374bd5ab3b5ade0ebb28ff731,f1cecb0d53dbf7fa857a3d17bdb43e52,delivered,2017-12-08 23:32:11,2017-12-11 19:31:01,2017-12-14 17:43:48,2017-12-28 18:07:03,2018-01-08,f6294fd0262a8c15fa861c2604330696,2017-12-08
53be71ad136b4e964acc33d8902666cc,1bc99ddb5029b70e5299afb9f22bd2ff,delivered,2017-11-23 21:38:59,2017-11-23 22:07:55,2017-11-24 23:18:34,2017-11-29 20:26:45,2017-12-13,f82cb85be599c614a9665bb050d03dbb,2017-11-23
bfaf403555f9fa6df13c1d3765583faa,e23c9cf06f2d414074d2d3d00ec7ecf3,delivered,2017-06-18 00:34:05,2017-06-18 00:47:06,2017-06-19 14:25:45,2017-06-21 15:52:07,2017-06-30,11ad985b033c153deec8400ea60810d3,2017-06-18
594bf20a8f9e5e9cf267b3ee3260679b,6ee22ada8a9881962afd56d62e17827a,delivered,2017-05-04 15:27:47,2017-05-09 22:32:38,2017-05-08 15:27:31,2017-05-21 13:32:37,2017-05-25,c76088de73d1eeaead9b7d84ae04b9f3,2017-05-04
86f347377bc9dbff8cd89feb1b946499,2078e01e3e9582c536bd73814594fe85,delivered,2018-08-13 13:56:42,2018-08-13 14:05:25,2018-08-15 14:15:00,2018-08-23 18:45:42,2018-08-24,6e8cb50d9d4c1bf8f164d8e0b6e75b3f,2018-08-13
deef06897cb3c1fabed5858c4f9a6c70,038302481fecf4b95852065a483b8d95,delivered,2018-08-23 11:30:04,2018-08-23 11:45:56,2018-08-23 12:12:00,2018-08-27 16:52:02,2018-09-20,9ed4f2771274a984af927b83258e68fe,2018-08-23
12321543ad6f89cc74cde9ae42d12e3e,0f1c2ad25d41818852873909cdf6fb0c,delivered,2017-09-10 14:00:28,2017-09-10 14:15:11,2017-09-11 19:47:51,2017-09-19 17:37:57,2017-10-03,5a883fc9b7a547d44d37cff77af08834,2017-09-10
853052349cf24c16fe2a0a29df1d7a12,32a6de394291b7bd2e1300ae6d801433,delivered,2018-02-17 01:27:48,2018-02-17 02:07:51,2018-02-20 02:12:50,2018-02-23 16:23:19,2018-03-15,b9219f797096613855128d405b2e1fd0,2018-02-17
7240caa1d8eea03f75f8759f39182e01,e7e41f6a60c56e167991373f38836a69,delivered,2018-01-21 14:20:21,2018-01-22 13:50:56,2018-01-25 19:56:58,2018-01-31 16:51:35,2018-02-14,882ea57d50bdf3d6b9634615eb6d31ab,2018-01-21
aec47b9987c836ffee2d7664b0929ec1,9f6f3da49e2d46e3a7529f5e3c25ecce,delivered,2017-10-10 18:31:36,2017-10-10 18:49:10,2017-10-13 17:07:01,2017-10-20 18:29:16,2017-11-17,a40096fc0a3862e9e12bc55b5f8e6ab2,2017-10-10
ee5eb378ff9c7070eec20d9ac9a06688,32d8612ba54469b3b09b5c9c37accaf4,delivered,2017-05-09 07:44:34,2017-05-10 02:50:37,2017-05-10 14:15:48,2017-05-19 10:37:57,2017-06-13,3025f1fe377a9ee7443a15d1c3b8d50b,2017-05-09
ea76b783be73447f80e3e334ed8d31b7,6e1465e2c75d6d376ae846f6419c4839,delivered,2018-03-26 11:27:33,2018-03-26 11:47:55,2018-03-28 00:58:34,2018-03-29 19:07:45,2018-04-09,f47f0b6c933c93bc3a815314fd58202f,2018-03-26
523dafc7e66222e30a400621133aca08,6ec64888059bae0f28043de36f7f4516,delivered,2018-06-13 16:17:47,2018-06-13 16:39:57,2018-06-14 11:57:00,2018-06-18 19:12:12,2018-08-07,f607f92d28319b3ead4cd9f3bbd04689,2018-06-13
bb42c26f8c339af36b30f12c72c9783a,b31e7de8c467009778684d5a380d6c91,delivered,2018-04-11 11:23:01,2018-04-11 11:35:17,2018-04-12 21:16:52,2018-04-16 18:59:44,2018-05-03,bdbc3238ae12ff1aab4853dbcbc2241c,2018-04-11
9c70e1f41efa94eecfbeeb5f13217760,700c30f6385045455b7fbbf4b945d92a,delivered,2018-06-13 16:01:25,2018-06-13 16:20:18,2018-06-18 14:53:00,2018-06-19 19:58:35,2018-06-26,9cd3542cfe6b5da7af11a216adcecd13,2018-06-13
68650dcbe7ea36df21a504e095d3d063,f058edb3bbbcfbdb48a94999c90a7ed8,delivered,2018-01-15 13:03:26,2018-01-15 13:11:26,2018-01-19 18:26:30,2018-01-29 16:06:07,2018-01-30,f62e9e011a3b827925470b59c8062cb9,2018-01-15
193d55b911909b790bca77dbd6f49c9e,04fe773e9c7304ce6ee144698193f8d9,delivered,2018-02-18 22:33:41,2018-02-18 23:35:20,2018-02-20 02:28:39,2018-02-26 13:16:44,2018-03-13,d2759a1dcc3fd8d068beb73a2bda3c97,2018-02-18
b53fe2cf3a372c3ee003f70652185fa9,089ea40cc02be2cdda62cc19b646d5c0,delivered,2018-02-22 18:24:54,2018-02-22 18:35:33,2018-02-23 20:39:16,2018-03-13 13:31:57,2018-03-20,c62262d3c4c2d166c524d8bb43e3662a,2018-02-22
d1af798bd24f3f874cf16d2d2e02d981,b2a90e07805e2b5d215aac2c3c6eeeec,invoiced,2018-08-02 14:29:13,2018-08-03 14:25:18,,,2018-08-13,6a8ba6d38bf76b702054d6fadc3664ba,2018-08-02
a4bab2081e615128b48cf3e4e7d8be97,1ca754853abb53d9fb9259b395656f4a,delivered,2018-07-11 11:37:18,2018-07-11 11:50:15,2018-07-16 14:02:00,2018-07-24 20:18:30,2018-08-02,fc2657bd6ede99752c7373f00bb9017d,2018-07-11
454cb0db642a26f9c2035ae1bd550e72,8f01090b88c4d9c2bc5103a6925f09f3,delivered,2017-12-17 12:22:33,2017-12-18 16:53:13,2017-12-19 21:51:45,2017-12-28 14:10:27,2018-01-18,065f7b47731887a7a4003052da6fb912,2017-12-17
12dc316f04369335263005a3f304d101,e42018ebc03e399b6bb64c760863ec04,delivered,2018-08-01 19:39:24,2018-08-01 20:15:21,2018-08-10 14:13:00,2018-08-14 23:36:53,2018-08-29,5bc16731c2179c57970e9ce0dbfae892,2018-08-01
c554c7b7a41cc0523090a76a432cf6ef,de9bd2d39da46fdfa3bfbfadfea205af,delivered,2018-07-27 17:14:02,2018-07-27 17:30:58,2018-07-30 14:30:00,2018-07-31 21:04:11,2018-08-06,ca715ab9055c8abdb36435ba2b70c05a,2018-07-27
3d9817c275992633499fdc96798e8c33,d45ab7ec2574181437e382cf9cb149af,delivered,2018-01-22 16:11:12,2018-01-22 16:18:33,2018-01-24 22:34:24,2018-01-25 19:46:56,2018-02-20,d482a90b88c9a9079d42da649ece4bd5,2018-01-22
a82c960297e876b31d23af8b437f54bb,6c26b354ab5504cde0dc2acd7b5f43f4,delivered,2018-07-14 19:12:19,2018-07-17 04:31:32,2018-07-17 15:44:00,2018-07-25 10:58:54,2018-08-06,e1e247c029966da1829deb0d6d689bdc,2018-07-14
f9985288469173749a1fd05693c5aa2b,16322e237a07158592862b5d6d91642d,delivered,2018-02-01 11:57:55,2018-02-02 12:51:41,2018-02-06 00:45:52,2018-02-14 17:07:38,2018-02-23,ed42ccde391485cde5b0699b84b5c070,2018-02-01
f7541ffd5bcc27d83193554028f9127c,45e81b9e07aa8660f88f592878641ff0,delivered,2018-04-13 10:27:45,2018-04-13 13:30:23,2018-04-16 18:41:32,2018-04-23 18:11:24,2018-05-03,9e7c7e14acda6865a5497caa58dc0748,2018-04-13
6c80e36a9a77ce3ac32d97b159d0bab5,ac7a943dcc91b2da7960e8e8950f672c,delivered,2018-07-06 18:17:25,2018-07-07 05:00:07,2018-07-10 12:52:00,2018-07-11 14:15:24,2018-07-19,82b2e2e2673ef2eed8fe56cdbf35a8c5,2018-07-06
94b35c9542f07ad80b3367f9051b63af,ae3a3a6fd9128d8617e2cb3a88a7598b,delivered,2017-01-24 12:38:48,2017-01-25 02:42:34,2017-01-26 16:32:31,2017-02-07 08:42:04,2017-03-31,f3e9410701ce24f2956a79c7475ab834,2017-01-24
7f99c35e1289684c803ee00ca1d2b05f,b8fc0f17153fc77c169c3d1fa75ed7bc,delivered,2018-01-26 08:17:52,2018-01-26 08:29:53,2018-01-26 19:43:00,2018-02-09 20:37:53,2018-03-05,d96479a05c2e0ada7abb517933eda12d,2018-01-26
8ff6ced519949488b47afc0e5af711f7,c2a1dac9fa3a12d8b2366fa901f0459a,delivered,2018-03-23 13:54:56,2018-03-23 14:15:29,2018-03-24 00:04:52,2018-04-03 15:32:46,2018-04-18,1822a545c3715af1a3cbbd16ece2fd09,2018-03-23
e95949c45d8dc1a2537b40b90346108e,97483c726a6efd0437639b0c0c4444ad,delivered,2017-02-06 09:29:52,2017-02-06 09:42:04,2017-02-07 10:05:50,2017-02-09 08:14:13,2017-03-06,edeacde884816ac5fb6b44e34d3d6bb4,2017-02-06
e4b08027ba9629dd5aee79bff0dcf804,059c2f7d60ef651891a4eadb829bb4f4,delivered,2018-07-12 14:36:24,2018-07-14 02:50:15,2018-07-16 15:27:00,2018-07-23 22:03:00,2018-08-01,71d482c2b03b9f2bf48f8ffbc5be7f7c,2018-07-12
1ffd4db85f221566495dd4bf427e3137,7cbb47ab67fb071367951c3007ceedb8,delivered,2017-11-23 17:46:00,2017-11-23 18:55:36,2017-11-27 19:42:16,2017-12-06 18:16:56,2017-12-18,cab8bb774d68b4a3941fb96c4e18e975,2017-11-23
03b218d39c422c250f389120c531b61f,db857a86c685a6a3a02a705961ec1ff1,delivered,2017-01-14 14:20:01,2017-01-14 14:30:43,2017-01-16 09:23:45,2017-01-18 10:53:42,2017-03-01,c83d504c46170342ddbc93c762e0e4ec,2017-01-14
fe678293ea3bb6607a15b2e320e91722,70cb12077370218b7b21f70e78d3dfd4,delivered,2017-12-29 14:05:57,2017-12-29 14:12:18,2018-01-02 19:22:54,2018-01-09 04:18:22,2018-01-24,a3531b78e25e6948ff198a441c30b8eb,2017-12-29
5ba21533e60885205be101ecad275f4e,5880d8ea9ca4bc5e803b7287ca1b3eff,delivered,2017-12-04 16:23:43,2017-12-04 17:32:04,2017-12-13 19:37:57,2017-12-17 15:51:26,2017-12-20,6eb547f8501c0ab4e24020e88206534b,2017-12-04
e77f09ad0e02176a15af6981ee2d8ea0,d572ff7880e03958639088a6bded9b09,delivered,2017-02-02 15:08:04,2017-02-02 15:15:20,2017-02-06 07:46:47,2017-03-07 09:58:57,2017-03-15,aa90249ec2b54e963fca04ca7a167d73,2017-02-02
5d463aef87df62b39882ac78bf94c3fb,fe7a1d455874b636182ada5aabc23cb8,delivered,2018-08-06 10:21:01,2018-08-07 10:15:20,2018-08-09 12:37:00,2018-08-22 13:09:35,2018-08-28,bd20b118b1f383a4978c8e6e326ccbd4,2018-08-06
936791179c34e3075442addfba1a3089,3f4a88c82ee2a505b0a4b41cbe0a438c,delivered,2018-07-26 03:55:07,2018-07-27 04:05:17,2018-07-27 14:32:00,2018-07-28 14:27:42,2018-08-03,21e251f7f2260d6121cbaf3ed672a417,2018-07-26
8c1d27c10cc60cc369a428813bb71350,18138351c3724e32f1d6e0268f0c7663,delivered,2018-07-25 16:18:46,2018-07-25 16:30:20,2018-07-26 14:31:00,2018-07-30 19:42:42,2018-08-13,e0333f86b92d8d0de733c3eceed649ce,2018-07-25
9f6f347729af61a4a18eda64c6609dda,db372e28cebd951ce6170b541812be56,delivered,2017-05-18 21:54:35,2017-05-18 23:42:38,2017-05-19 13:55:45,2017-05-22 09:41:54,2017-05-31,679aed9ac12930a0c0104d072560f6f2,2017-05-18
0745fd0c5e5bd55f752798a152b1d04b,c24fc4f24d2c6bd64d612774f52d6a97,delivered,2018-08-17 15:45:42,2018-08-21 04:30:19,2018-08-21 14:53:00,2018-08-30 16:08:27,2018-09-19,f7f16795a1871264c01bd5464a30b437,2018-08-17
5e81df12374f3a0e3c11e392a252fdcf,84295646168988e026d7f61d885de691,delivered,2018-04-09 12:59:44,2018-04-09 13:15:11,2018-04-10 22:48:49,2018-04-16 13:02:41,2018-05-04,0388d8a529d8405be5eb68927e9c6837,2018-04-09
435e8115e759a6c6da83193f08e4ea24,b43f301cf6abc246a986f8281d589e93,delivered,2018-01-20 17:06:24,2018-01-20 17:21:32,2018-01-23 13:18:52,2018-01-25 16:53:52,2018-02-14,b2e93fa5f08748f07439567cfa78926d,2018-01-20
b25816accd207ba3b12d0f4f5ab66793,b083f0e18786dedb0e67746c7b49555d,delivered,2017-05-26 18:09:32,2017-05-27 02:55:17,2017-05-31 16:38:03,2017-06-06 07:41:34,2017-06-22,30fad1a517e330be6a33b2c3a21838d5,2017-05-26
f3e2f155986b15b3fc25a97303ab4440,01414201d70bd508e1eee33ff67d2453,delivered,2018-02-22 11:59:21,2018-02-22 12:15:46,2018-02-24 00:03:33,2018-03-07 17:40:03,2018-03-14,51006dd5d7be37e9f51110da07c3e7bc,2018-02-22
9eda772d641a7fceb1332e9906ce23a3,15a0eb41033a5b7267e6dc6bf86b0148,delivered,2018-08-13 21:50:46,2018-08-13 22:04:14,2018-08-14 12:32:00,2018-08-16 19:37:36,2018-08-21,968a5257850bb4a8fc88467890548ad5,2018-08-13
d2926e7840bb47e67fc52b79646cc2bb,d6df6abb10d7ada3be9bee11f94199a8,delivered,2017-10-24 11:34:51,2017-10-24 11:49:37,2017-11-07 21:42:03,2017-11-22 14:53:11,2017-11-21,76c153e9ece79202b024575bcd36d9c7,2017-10-24
3891bbda14004bcbb610fdcb3720986d,2a56c88f6d8fbe504151a70936203839,delivered,2017-12-07 11:58:42,2017-12-08 02:36:49,2017-12-09 15:17:46,2017-12-19 22:33:18,2018-01-03,b61de7fcc331da9b8493a4ec5ba50a51,2017-12-07
163ad1666638554c03eff2545773c4b3,f315e987b6e111d0b9f8e1dc6c5b3948,delivered,2017-10-01 19:48:02,2017-10-03 03:49:16,2017-10-04 10:38:21,2017-10-08 16:58:20,2017-10-25,768bce472c15c6f94a12446c1ba6dfef,2017-10-01
517ec0477360f210f8d3cfbfd5644a22,d02ef0ceb79629ac39f9f1ea6dfccac8,delivered,2018-06-16 21:49:24,2018-06-16 22:18:20,2018-06-18 12:19:00,2018-06-27 13:48:37,2018-07-17,0eabdff68ef6cc25119e4aa18f2ba7bc,2018-06-16
35212d87fef805b15c43b49b69d7a67f,011b97b83f521e755f03173c96baf57b,delivered,2018-05-18 10:22:46,2018-05-18 10:40:00,2018-05-21 17:47:00,2018-05-24 16:24:06,2018-06-06,c4ba7e07879b1e3547efb4ec43c20b0d,2018-05-18
10ed58c723182bd11f81473b383432de,8c5128dd6ef4e8221c2a6121b2df459d,delivered,2017-05-06 18:48:42,2017-05-06 18:55:20,2017-05-11 15:26:01,2017-05-17 09:43:47,2017-06-05,fb485c0feba34a134c01dddb334d36ba,2017-05-06
d2e9aead95751dd6bd0ce80e7d506c53,d40e29db86a4db2aeaf8fa2b22c48f5e,delivered,2017-01-16 23:25:16,2017-01-16 23:35:20,2017-01-18 09:47:00,2017-01-23 14:13:07,2017-02-28,975c66693ec7ce66a1a5044685f9996c,2017-01-16
be0f9dd8034713beef855df4e524f6e4,5ce0619a7329b660555979b32001ccfd,delivered,2018-07-09 08:54:35,2018-07-09 09:15:17,2018-07-12 14:35:00,2018-07-13 22:48:34,2018-08-02,a0727f661704ca444af6bd197021d027,2018-07-09
2f8f31eb2f7b6572836d662a6625c8e4,cbbb38942ea7e6eaecd622d228fec2b7,delivered,2017-02-07 22:52:44,2017-02-07 23:05:13,2017-02-10 13:52:34,2017-02-15 12:54:49,2017-03-06,e78838df9c44e102b6ac84cc5eea7d5c,2017-02-07
a048e5da1c33fe118dd9627eb8d35d16,7890b92d81dc0d0d7325b2cda4cd14a6,delivered,2018-02-14 18:25:34,2018-02-14 18:47:53,2018-02-16 14:07:53,2018-02-28 18:56:52,2018-03-08,ddef46cba050fd5946353e6c0db57c69,2018-02-14
c14737c81e2d9c598a89e4f7cb240a5e,4c0cb12e17ea629768715f19c804f78f,delivered,2018-03-15 13:11:21,2018-03-15 13:30:06,2018-03-15 22:39:28,2018-03-16 14:44:34,2018-03-27,e9659b474a13413b36c7a5c1e6d7055b,2018-03-15
0a6f6183affc58729c775e30654be436,2bb87da72f42e1d9ece846a158974854,delivered,2018-04-11 17:41:30,2018-04-13 02:31:50,2018-04-14 01:41:47,2018-04-16 14:50:46,2018-04-27,8a493d14ab08c6d60673881fc9525c6d,2018-04-11
1d9a9731b9c10fc9cba74e6f74782e8b,c98632bdc4c3bd2066cdea237cf8f468,delivered,2018-05-01 14:30:35,2018-05-01 14:55:16,2018-05-02 15:05:00,2018-05-03 15:14:53,2018-05-21,024676cef113f6c81db6c5b8d29e5ee9,2018-05-01
40b6f922d06bf5d0ccd2dfc2df2b6a50,7d0bedec9b248c16ef988e470f1c801c,delivered,2017-07-23 15:18:30,2017-07-23 15:30:16,2017-07-24 15:28:02,2017-07-28 14:03:53,2017-08-15,82532fe90a30190fdc4622143d41dc15,2017-07-23
2a19516124bb3d5f4d0d07555104e322,df8646b48feadbdaa69acd0715c9ed2b,delivered,2017-02-28 12:39:01,2017-02-28 12:50:25,2017-03-02 14:53:59,2017-03-16 11:25:46,2017-03-28,f17e55b784af893e2df1c2541f115e63,2017-02-28
001427c0ec99cf8af737bd88e92fd444,eab9c552374be06ed15923016dc9e588,delivered,2018-04-07 18:51:22,2018-04-07 19:08:28,2018-04-09 23:29:32,2018-04-25 23:38:41,2018-05-10,2ada69d1c5528233e3d9aa3f1d8da1b1,2018-04-07
05ac54e2c004e051fa139f2efc01fadb,96914fdd5f6874118ee6539bd4a0634e,delivered,2017-08-07 21:25:10,2017-08-08 04:25:18,2017-08-10 15:53:19,2017-08-11 18:22:51,2017-08-18,8296d8ac4af838c59636635e23f3411e,2017-08-07
976967517bb3199cd529dd524e39e82a,9454c6c6410b952f360e2750661564e5,delivered,2017-03-21 22:01:26,2017-03-21 22:01:26,2017-04-04 14:03:26,2017-04-13 12:22:26,2017-04-27,e42a139d08a707d86ae883a72739c8bc,2017-03-21
6e0d2539e48e84296bae6290de41058c,1fc56719b52f82c03caddc5faf531fbb,delivered,2016-10-04 19:41:52,2016-10-06 15:51:37,2016-11-10 16:47:52,2016-11-17 09:23:50,2016-11-30,40b41ade17bb2121b576b07e25ce622b,2016-10-04
7e7280eb49c876dcbe8be5aaafcf4f15,482219f5f0168b95b1349a6142fb3acc,delivered,2018-08-08 21:26:31,2018-08-09 03:50:20,2018-08-14 09:07:00,2018-08-23 13:51:40,2018-09-04,1800cb1026698d371e0b8e6fda26e750,2018-08-08
7e448546180d66b4b7b10eed77a039ee,32bd7b2f653a462aa3a6f37a93ae4595,delivered,2017-08-09 17:26:44,2017-08-09 17:43:53,2017-08-14 17:18:57,2017-09-08 17:17:51,2017-09-13,4f60e4ed8104dedbd1aeedad9d9fd5dc,2017-08-09
65eabb940466e3db08bb339bdf5bb283,a37f4486aff8b096c3878e83a2ae0f1a,delivered,2017-05-07 18:45:14,2017-05-07 19:01:54,2017-05-09 07:56:57,2017-05-17 14:48:00,2017-05-31,f07019a1f90aaf566bb4b5edbf1a0b28,2017-05-07
2c4b204bb99eaca32b1f3cf0e16f4c14,efb23e860f996c2cd9f22c69513c3ceb,delivered,2018-07-10 17:45:13,2018-07-10 17:55:19,2018-07-11 15:53:00,2018-07-20 22:36:51,2018-08-03,18a2500f8e5fc1909bffad418a9495f4,2018-07-10
1b261283b06863bfaa62bf25bb1da580,3010e9b6775bb87d015542bcf92276d1,delivered,2018-05-30 18:06:04,2018-05-30 18:31:01,2018-06-01 15:13:00,2018-06-12 12:14:46,2018-07-17,ce428ced4893e97f8caa8f89a7c515c5,2018-05-30
6026f1c6e0ebe19412bc9283398a4610,71f310a2eaf45763a9584f85dd80d1a8,delivered,2018-07-19 23:20:18,2018-07-19 23:30:13,2018-07-20 13:04:00,2018-07-26 22:46:36,2018-08-07,0895ca16ddfc70350428f4e189ae1228,2018-07-19
36c5444b254b4f1810d3ece9523fca71,26ae76bd34b19ca8abfef8155f68d468,delivered,2017-05-29 20:17:31,2017-05-29 20:30:28,2017-06-02 15:55:28,2017-06-19 14:48:05,2017-06-26,ab36c217295b324208ad9b56d4ea4af9,2017-05-29
13bb866b92de8268d5c90acb92caa6ad,b21958bc94eca31e8d3f5f8374dd0a4f,delivered,2017-08-09 12:24:22,2017-08-10 03:24:16,2017-08-11 00:37:13,2017-08-16 17:47:48,2017-08-29,d0eb87c5f39e9d1874a09e2278b5f310,2017-08-09
3759e2750eb1111d87517dd11b08814b,ce42c2a8eb29fe09070c07bd46a22704,delivered,2018-01-10 13:40:14,2018-01-10 13:48:34,2018-01-15 19:46:38,2018-01-16 16:07:40,2018-01-31,e43aacd4a838d8081cc598dc888b103f,2018-01-10
a6a167269a035bae64d9f5a38172c5c7,cd48c9446c8bd96fde272a1ca71e1c67,delivered,2017-09-18 17:56:18,2017-09-18 18:10:31,2017-09-19 19:19:06,2017-09-20 15:12:38,2017-09-28,8766a593b8e22333fb1607d64eb9e569,2017-09-18
df3e4e0056f83d44b57664f39f3dba9d,91189b185800429594efe83d99aa9964,delivered,2018-01-27 18:47:46,2018-01-27 18:56:26,2018-01-30 21:08:40,2018-02-07 23:35:04,2018-03-15,6197167907273be5ee2c7ab59d4ec8e1,2018-01-27
83fa35671cfa30d9ed1256b079d0b230,b5a4db50f3fb172ce98ba96d54b72e9a,delivered,2018-04-29 21:22:42,2018-04-29 21:35:35,2018-05-14 06:27:00,2018-05-18 02:51:42,2018-05-22,f6b136a5a2ad80fb1c3aa41cc51ca792,2018-04-29
fc6d96687311cbd6670c447e7eea25dc,13c8337f68081fe1c5a41101713df025,delivered,2018-04-16 12:35:01,2018-04-17 09:51:26,2018-04-23 10:10:44,2018-04-25 19:31:23,2018-05-09,dad2be617be0339cc70b68a2c2cfb9a0,2018-04-16
cf63ae7deea63fed5306a81bae27e4f8,7f148c3a12b98bfccd2c119c3c97a9e4,delivered,2018-04-15 20:17:11,2018-04-15 21:15:18,2018-04-17 18:18:29,2018-04-25 18:22:46,2018-05-08,75793e8a27fe987af4e902a81660602f,2018-04-15
2b4525a187e754cd2c55f847056c76a9,1610c3067030b9cb7ded18bb06f49057,delivered,2017-12-25 13:45:13,2017-12-27 04:12:28,2017-12-28 19:45:53,2018-01-24 15:52:38,2018-02-20,508700b6c732078a8cf3d09730c81336,2017-12-25
e9483453c3f193f0b632a569b103bbbf,68645ed3218b1188294bfdc32e6e62a2,delivered,2017-09-20 14:49:31,2017-09-20 14:55:24,2017-09-25 19:12:40,2017-10-06 12:47:39,2017-10-11,d839082a48660c700a267b054c9a5a09,2017-09-20
c25563978406540119e9bc10980b2fdd,a7dae4d5cb0b74e8ecc394fc48b6da06,delivered,2017-12-26 07:53:32,2017-12-26 08:07:46,2017-12-28 19:32:20,2018-01-10 21:09:36,2018-01-24,589211c7448e6c3b58b0ba98ce089ee7,2017-12-26
48da563d578242f69599e13f9a03adc1,d7d9e807fdc3e0515504b5cb83e374f2,delivered,2018-01-19 07:29:51,2018-01-19 07:39:21,2018-01-25 00:35:54,2018-02-02 19:58:44,2018-03-07,b75c46ad64ec14c75293c683a9d26c9e,2018-01-19
0ddc479b3d0cef2274f5247136199011,3159cb688e741f7fb4fc2b7f4b207f7b,delivered,2018-05-07 22:18:27,2018-05-07 22:34:31,2018-05-08 13:21:00,2018-05-21 20:08:22,2018-05-29,8fcb8ae164a5d1c7c4534595e9bb898a,2018-05-07
1ce0acf125f1bcd636276dd213363196,d11524bb77c28efad04e4467eac8a660,delivered,2017-07-31 18:10:29,2017-07-31 18:25:20,2017-08-02 18:22:30,2017-08-09 20:38:07,2017-08-28,6968d41eb700f1ea39424e04b854bf7e,2017-07-31
b3656ff96573b07910d0f54a4505454b,7791d0eaf5b8b96db289aef6ef2c2c38,delivered,2017-07-06 17:53:37,2017-07-08 10:05:21,2017-07-11 22:33:42,2017-07-20 18:19:21,2017-07-31,fd10699d401214f37b77ae360f337e27,2017-07-06
db840ba7f7a60faf5eff58723492dfe1,40505ab5febdc43bc69fb4a59600923e,delivered,2017-05-29 13:29:19,2017-05-29 13:45:12,2017-06-02 14:37:05,2017-06-05 11:03:51,2017-06-21,bdf0db9861842b73a9d715e8574914d6,2017-05-29
f937ec3a717fd77710c5fb85cf5321d9,68b8c86408d7f6fe483107fa73f4dca4,delivered,2018-05-08 21:00:18,2018-05-08 21:11:48,2018-05-10 18:29:00,2018-05-14 16:46:35,2018-05-29,6148c0fb32e5c7352da8656b9b34ec60,2018-05-08
603e8f221c6d0513efe14f9de8cf4fb6,86965bfb868464bac27c29db1419610c,delivered,2018-04-14 15:51:04,2018-04-15 15:51:21,2018-04-16 23:11:51,2018-05-07 17:53:00,2018-05-14,ad0c97eada5443a9f48ee0d982c821ec,2018-04-14
71551c2db02730406edd5839f5e2a53b,537cb44dbff1ab7529ad8d5a4e4f3870,delivered,2018-06-02 17:42:21,2018-06-02 17:55:10,2018-06-05 07:52:00,2018-06-11 17:27:37,2018-07-11,de163ee2f500f1e26d0415a1f7dbff69,2018-06-02
3c26cf501fd4bd60950753e8e1495ba9,20078a6dc1e4d69ba32ddfe6bbe8f768,delivered,2017-05-30 19:12:37,2017-05-30 19:25:17,2017-06-01 15:22:13,2017-06-13 16:37:55,2017-06-30,17cb19c8526583b203e7a3a6c828d3aa,2017-05-30
dfbf5b1075409ef1622cb159715f8f69,ca12928b99154737d4ddca22c8ae99bb,delivered,2017-08-14 12:52:46,2017-08-14 13:23:59,2017-08-14 18:33:55,2017-08-22 17:25:48,2017-09-05,915dc6fe6ef553bd5ac6ca1e971dd6e6,2017-08-14
1475f5ec3a992c94a397148561439873,f39d2cea42fe92f3fccca88ec1bf7d8e,delivered,2018-06-30 21:00:26,2018-06-30 21:15:10,2018-07-03 13:56:00,2018-07-13 22:56:47,2018-07-30,963b214cc9a399e44d25bc359788d4fe,2018-06-30
650301bf72680bf7f46369e5059b95e6,31437afbb74822b63c1db78249698448,delivered,2017-08-23 23:17:16,2017-08-25 02:50:23,2017-08-25 21:32:45,2017-08-31 18:27:46,2017-09-20,fab45e0710673a39066fd1d8e0120102,2017-08-23
305f5b9d60b68527059527234dfd2b9e,6103f320035ca818cefb958b2459b33e,delivered,2018-06-25 00:52:02,2018-06-25 01:57:27,2018-06-25 08:07:00,2018-06-29 13:25:42,2018-07-05,fdcc768de441d0c0bb9808e62faa4fe3,2018-06-25
db5439de7f77d9b66eb4f4de0d9b922c,c0082191755f56bc40cc7dbca5a676ca,delivered,2017-11-28 20:24:51,2017-11-29 02:16:43,2017-12-05 20:45:36,2017-12-12 20:27:40,2017-12-20,5ca67c5cbf18b91e7bd892e915516425,2017-11-28
4897a7c834ab7bc164cabe5a9444ccec,b74607651ddc8712d5e0e2c62dd82777,delivered,2018-01-07 18:21:19,2018-01-07 18:28:20,2018-01-10 20:54:56,2018-01-29 19:25:00,2018-02-05,4dae720c56d39e33c131c5a6b32e4b63,2018-01-07
3fde74c28a3d5d618c00f26d51baafa0,f2c743697f9b2ff2902df23a16582d80,delivered,2018-08-13 14:07:50,2018-08-15 03:15:09,2018-08-15 08:53:00,2018-08-24 00:14:39,2018-09-05,5e92460d739e8dd987e279285a1d278c,2018-08-13
edca1e6e5049a09e73c18ba943979a84,f36730cd9d5977ff27850994555cc6e6,delivered,2018-03-28 15:29:01,2018-03-29 12:50:31,2018-04-03 15:28:39,2018-04-11 19:02:26,2018-04-23,324060e94627a5c00178be689f358b01,2018-03-28
8f779d94e10c62a62e8b697197ac55e7,ff8e18d5e03f468b0cae3a5da05ea3cb,delivered,2017-08-29 22:38:19,2017-08-29 22:50:13,2017-08-30 20:50:11,2017-09-26 19:58:57,2017-09-26,fd8b56a336d1702becccfc1d619e0906,2017-08-29
d6dde74bdeb424af6b660214881b4845,137da6b7c6f269c569e4377b37b84242,delivered,2017-07-26 17:22:33,2017-07-26 17:35:21,2017-07-31 20:14:42,2017-08-07 20:32:34,2017-08-21,6a80a86f478a93a5f4c7ba8db6441a6b,2017-07-26
5a41aefdf8010bbd69a5264f69213b73,babb58dd58d643c769e12f18288b3214,delivered,2018-07-02 16:13:00,2018-07-05 16:17:20,2018-07-03 12:40:00,2018-07-05 12:48:37,2018-07-16,4f29941f07cdc599d638e5c323ecf4cd,2018-07-02
0b93889b7e9059e7715f55306f977460,dbe4a02a9b2165a9b01e2e84ff17d5b2,delivered,2018-05-15 21:21:58,2018-05-15 21:35:44,2018-05-16 13:09:00,2018-06-20 21:32:54,2018-06-06,a3dabbbea3eb1e36ad0c4474e00e08f0,2018-05-15
903554ca228ef992478ff8d6730cc2d0,8d1ed3140aedf397f201580b2d5630fa,delivered,2017-11-17 13:00:01,2017-11-17 13:35:51,2017-11-21 18:14:49,2017-11-23 11:38:57,2017-11-30,c83605f3b4e5abe878dee2c4312c2eb5,2017-11-17
7276ebb4ef0951f006dbfb2deb76d255,c22d78768bdaf7ac1da407717cedac93,delivered,2018-05-16 08:24:45,2018-05-18 04:54:44,2018-05-18 13:18:00,2018-06-02 18:36:27,2018-06-08,98e922b1918b9728bdc40fb379bc8045,2018-05-16
154869e9010637920b946e369b26bfbc,300fb5178ddbec6af36a9c042e4ffbdb,delivered,2018-08-17 16:15:13,2018-08-17 16:30:17,2018-08-24 14:23:00,2018-08-29 00:08:38,2018-08-28,283063314878f07e456a770175190194,2018-08-17
e71fb9d75d9348bd9a1cd5abeb2187ee,9da6601cf51fd84303b5696b59825d4f,delivered,2017-11-22 10:09:34,2017-11-24 03:11:01,2017-11-25 00:26:40,2017-11-30 17:37:11,2017-12-13,6added102eb62fa2357569b518b5c0f6,2017-11-22
0ea01a9be52b4c9fdd44188e854643b8,686082a35b4abd8b7460f95528f557bf,delivered,2017-07-29 21:47:03,2017-08-02 02:34:32,2017-08-04 19:13:46,2017-08-09 18:00:30,2017-08-16,af0ce74a40dab9d5a6eba94b35629ba3,2017-07-29
99eae747b45fb42516e46311533b3064,30718e0e99f2eff03d3d80ed35312f1e,delivered,2017-09-25 20:31:25,2017-09-25 20:49:22,2017-09-28 13:21:52,2017-10-24 14:46:06,2017-10-31,cead70544c4657faaf2aae3b32c8c667,2017-09-25
346c7fbe1745d3fc2a5012e93d121652,f6e11ac509cd8cb560fba84ed1e35304,delivered,2018-06-27 13:04:53,2018-06-28 02:15:41,2018-06-28 14:07:00,2018-07-12 23:24:41,2018-07-25,24618062e51506b321b82550653d59f3,2018-06-27
874a7690bc049bd4ce210d195bdfff7b,f6b2c83ea477af36f44a1e2df7320036,delivered,2018-08-02 12:06:47,2018-08-02 13:05:56,2018-08-10 14:42:00,2018-08-13 15:50:48,2018-08-08,4d3cd98800102cadf3a108f741bdab4a,2018-08-02
f5e2da86d5da6b3c66ec9f76a8c91bb3,2bcc94fcfc3496453107b83bcf7f277a,delivered,2018-06-24 11:41:01,2018-06-24 11:58:12,2018-06-25 15:25:00,2018-06-27 16:22:21,2018-07-24,c0aec4302a4b4d0a96dad74d4bdf683c,2018-06-24
2fa10f3a5be4a615bac800682c485f1b,35dcde0462f357347f74dace04d02400,delivered,2018-05-08 14:55:15,2018-05-08 15:09:55,2018-05-10 19:07:00,2018-05-11 22:54:43,2018-05-21,7db92cbb797de39eebe3bc986be820f8,2018-05-08
e35151d8b3a7673b477de5db923af75e,6f1619fe6c0faacdee5d55e1204d9128,delivered,2018-05-05 12:03:42,2018-05-05 12:15:19,2018-05-07 13:09:00,2018-05-11 21:21:02,2018-05-24,b2bf5942ebc2c60cba4b07707a51bf2d,2018-05-05
c818ed0d99c7998f73659bd934936177,b001c30609da9b8618f69ef5bd322b5b,delivered,2017-01-25 10:09:17,2017-01-26 02:10:33,2017-02-06 08:22:12,2017-02-13 10:03:31,2017-03-06,9193694c62bc1e1927030603e0ddc905,2017-01-25
40d61096a3c7681e431d0224b2eb6aab,845e343208c4d592a210f41d93ea218d,delivered,2017-11-25 12:05:04,2017-11-27 15:17:50,2017-12-05 20:28:32,2017-12-27 17:33:09,2017-12-18,1b02d1d56a0a0c2a60ca6334993ff0ba,2017-11-25
cc0d2c0ee3e33e3492e690fb44e1c11f,eeebe739c825f3fbc19ab6a900d773c1,delivered,2018-07-17 14:18:41,2018-07-17 14:30:22,2018-07-23 14:28:00,2018-07-24 14:21:39,2018-07-27,89a23e9f3038a4997b09ae0df11f4b66,2018-07-17
c66b4d4c8665330b53721d0f84feed9d,e0ee313422d91ee55fd1b35d60e5fdd9,delivered,2018-07-02 10:34:59,2018-07-02 10:50:12,2018-07-03 05:17:00,2018-07-09 21:16:33,2018-07-27,9a56543de3e80d01d760a903298602cc,2018-07-02
cd3deb6d2ee0f10e0a411706fea52dbc,7a6e52e941bc121e59a9857c03600812,delivered,2018-04-13 07:13:19,2018-04-13 07:30:32,2018-04-13 23:12:11,2018-04-16 21:26:26,2018-05-02,abd5ce2f30bb2d62bd4693a55185bd8b,2018-04-13
f9697e263e9eec082f1ced4fa81d2faa,b4b0ce0c3cfac1b0d240823681496307,delivered,2017-07-24 09:26:03,2017-07-25 03:45:33,2017-07-25 22:47:32,2017-07-31 20:37:39,2017-08-17,59ad0211f363428b2d44b121725e87b2,2017-07-24
993fe6dd93a309500171e1d3b1d9113a,d4912628608c865230b81b506ad14c39,delivered,2017-12-06 14:30:38,2017-12-08 02:54:21,2017-12-11 21:19:56,2017-12-29 20:38:54,2018-01-08,bcf6b31a7938288cfd932dbe883819c9,2017-12-06
323dc5a41f87be5d3e726a2cd303e6ea,6eee01836a3f4190a21301d38f9424f1,delivered,2018-08-07 12:10:21,2018-08-07 12:24:48,2018-08-08 13:34:00,2018-08-15 19:16:41,2018-08-14,1130014f63f49481687b3d171607fd31,2018-08-07
7ff59247bba3cb48642913d4be3bf6ca,abe7ccf10a2f6af1c6afe529304d54a0,delivered,2017-04-21 15:14:30,2017-04-21 15:25:16,2017-04-24 09:47:33,2017-05-03 12:27:54,2017-05-11,c724cdc788aa13dccaf1fd45229b40d6,2017-04-21
dafc4b5ceac0b3e1eeb90f581dacebb6,d18e2fca0eb574d4073d1ff9221b8024,delivered,2017-11-21 22:22:38,2017-11-21 22:29:21,2017-11-22 16:26:50,2017-11-24 21:56:57,2017-12-07,e25fe6a5bbc82838befd082e0a9448fa,2017-11-21
587e32dd528769d669d539531d32aeb5,0af8a25fb0b6f833724bb5818275807b,delivered,2018-08-10 11:46:09,2018-08-11 02:50:25,2018-08-14 10:09:00,2018-09-03 09:32:31,2018-08-28,e2538fcd738167049ed245b8f2576bcb,2018-08-10
6aa40159104472e7b1ba3ea38cc2c817,3ee8387189b991320938bf060efcd3e8,delivered,2018-05-16 20:20:57,2018-05-16 20:35:15,2018-05-17 13:57:00,2018-05-22 23:18:26,2018-06-12,472a03ae2a6048de27c71f5e4a1d974b,2018-05-16
f6c24edf013157aee2faf5ede22cf0b1,5f14b76429a1e7266b3f4f6e239cc31f,delivered,2018-07-27 09:23:39,2018-07-27 10:15:15,2018-07-30 13:02:00,2018-08-06 16:36:46,2018-08-10,af0f243ebf7d42bbd0b6180bb8ba8bc7,2018-07-27
39b1f85275dd200066b0ec1a4b5e09c3,7e8e59901070f1958fdc4787641849dc,delivered,2018-06-21 13:37:25,2018-06-26 04:58:58,2018-06-27 11:27:00,2018-07-05 15:52:12,2018-07-20,897ecc46977d723a6e514f3ebe92c844,2018-06-21
5cf6b83ea7ea941824c64e4933f5efb4,ab3a5056890fe28daadbf396fe470b83,delivered,2017-08-03 08:45:54,2017-08-03 08:55:18,2017-08-03 16:17:37,2017-08-09 22:09:48,2017-08-25,70d3eaeb48aba4879c580645cfc0692b,2017-08-03
429738a6445a19289b754b8c3f0b058f,10af20cea993579b8dc7401672f14658,delivered,2018-01-29 16:21:48,2018-01-29 16:37:07,2018-01-31 22:28:32,2018-02-07 18:18:50,2018-03-02,815e91418821489c26f04e5fc6c7b0ce,2018-01-29
0ccb5b7bf95c5b642f3717b08c633361,9c75150ccee7d27156bd4b0b05c828da,delivered,2018-07-07 18:35:06,2018-07-08 18:30:13,2018-07-10 14:07:00,2018-07-13 15:07:29,2018-07-26,01399b72331afe80cc0c3a982cafb177,2018-07-07
4f08325d27e2eb6a5a4c5f4f94e59e07,18d365afa5ec0607a357339d11388671,delivered,2018-04-05 21:18:26,2018-04-05 21:30:17,2018-04-06 19:41:26,2018-04-10 19:12:04,2018-04-20,06d26e5230ac619719997a8cf435a69b,2018-04-05
7d9dad1ac923f80a77b7a8fdd10a7201,05f74b0eb7b097f9b6180c90576decbf,shipped,2018-03-22 16:17:04,2018-03-23 16:15:30,2018-03-27 16:58:36,,2018-04-04,ffca77d46c6d7d815549a5e4482dba2f,2018-03-22
576adb3745bf32808dc8207fe39f8542,f6ec8e3d19c8c405c7839b0389c5bb7b,delivered,2017-06-17 09:36:39,2017-06-17 09:50:17,2017-06-19 17:04:29,2017-06-19 20:54:39,2017-06-30,71d2dbb6d2f52d568ca9d69c815a4331,2017-06-17
f73c0c32115b0bbfd5769c0cf67fb1c7,6466a7006594fde33f3ac032585147bd,shipped,2018-01-08 23:35:29,2018-01-08 23:47:37,2018-01-09 20:37:41,,2018-01-24,3fd04a79bdf442099c2a9556daad3735,2018-01-08
c40321b07f73ac73c19d95460778265d,89fa631e5b7e20a4528402f684e6c4ae,delivered,2018-08-08 14:45:28,2018-08-08 18:45:11,2018-08-09 13:19:00,2018-08-20 13:52:42,2018-08-28,1b4606d7f38622862cd1cd8002595266,2018-08-08
0cfc3c9271c77a02846073d54b147bf6,b64b8146f3738b7c8173ae099b5a03fd,delivered,2018-04-16 23:45:36,2018-04-16 23:55:18,2018-04-20 22:06:41,2018-04-23 19:49:08,2018-05-03,5979d961c6e1d37b4660dc62e1bc700d,2018-04-16
9c1c2a694dc2ed7632ef2776cb8a2472,0cf85e96be67cc55862fafdb2645cdbb,delivered,2017-12-04 23:39:42,2017-12-05 10:30:54,2017-12-05 20:35:28,2017-12-20 17:44:02,2018-01-09,7ce47ba6982b3ce9bee72ab948481f9e,2017-12-04
43f8f1cb2ac6711ebff63254d2310e7f,b487a0ecfe04716cc75e18ce6021a0d1,delivered,2018-05-18 11:48:22,2018-05-18 13:13:19,2018-05-19 08:58:00,2018-06-04 14:07:45,2018-06-06,91b1854660f83e945e54cee3603e8cb4,2018-05-18
affcfd3067c168967157abe801a3c4ec,5f40f0d1ada169f5b00ec600e563826a,canceled,2018-02-17 22:18:30,2018-02-17 22:35:29,2018-02-19 20:08:21,,2018-03-06,062fe2e9df8c4c7b058a6d711bae0f3d,2018-02-17
12d9fe1a3efa51a7fae337cba819adc1,2a6fc1968c4a29c9c258bb1994afbc7f,shipped,2017-02-08 13:07:19,2017-02-09 02:50:42,2017-02-09 10:56:46,,2017-03-17,205a1c797b2c6e626d560900a3ebde6b,2017-02-08
177777137ce0af9e9cd2cff572728cca,fedcdc6c89d60699c967422066834f65,delivered,2018-02-18 09:28:26,2018-02-18 09:46:23,2018-02-19 16:18:58,2018-02-28 20:04:15,2018-03-12,48cdf71f50344481f89ec66e65b78cf7,2018-02-18
590ab3344f70c64950c4108f56f56280,227793ef64bc93191fef01f947af0e1e,delivered,2018-04-24 12:57:49,2018-04-24 17:22:10,2018-04-24 23:21:29,2018-06-01 17:38:47,2018-06-04,ae350b2be591bc6459648070d2dc4351,2018-04-24
86e5e14a33e32eb45d4a5a12844a5cf0,5b0b62f1a9b15dcd9499c439f1fe5a93,delivered,2018-04-12 00:12:11,2018-04-12 00:28:54,2018-04-12 21:52:43,2018-04-16 20:16:26,2018-05-07,7b428ef128d7ec8bcef3fe4a5f75301b,2018-04-12
73cdc34446e390c840f1e71017c5c740,091a1ff2cfc28101a39a1e81fb548b35,delivered,2018-04-03 15:17:15,2018-04-04 03:29:16,2018-04-04 22:17:38,2018-04-16 12:05:00,2018-04-24,47aa2ec9320f644efa4cc134dc21c318,2018-04-03
ded8a75f89ac9b3ad08c2de7f07bca70,e8e70bec13e1af66ae46c8833096aa0c,delivered,2017-12-04 23:17:06,2017-12-06 23:12:56,2017-12-08 00:27:44,2017-12-12 19:32:32,2017-12-21,3dc37963005c99ecf1c92928d9cdd04b,2017-12-04
03a4e2b0555e9decc299d5f094056892,82ad287ffd79d1492f0291e8d41dde20,delivered,2018-05-15 08:57:40,2018-05-15 09:14:42,2018-05-16 14:49:00,2018-05-21 16:56:39,2018-06-04,0b6e816bf951b83bb07f8c97adb3c1ae,2018-05-15
ca86f28287cc70b03cbb6db9c80f5a84,e43064fffc20069cfdbe76d4cb9ed0b1,delivered,2017-08-24 20:14:18,2017-08-24 20:25:18,2017-08-25 17:36:27,2017-08-28 13:16:52,2017-09-06,a75f70497025368b4bb5664c6a591423,2017-08-24
7e110c45faa244ec4ddcf4f1c995b389,296462d8658eaa2b9b34eb8378acf806,delivered,2018-05-25 15:00:03,2018-05-26 14:57:45,2018-05-28 13:34:00,2018-06-01 14:54:46,2018-06-13,96bc4c5d85ea12c2110797c9f240bef5,2018-05-25
cb896c46d38595d3eef1b8aacc192997,36aecba54dfabb1b1ded76d471555414,delivered,2018-02-21 09:58:02,2018-02-21 12:05:36,2018-02-21 22:22:35,2018-03-06 01:17:43,2018-03-21,5437bb4665b99bf6d34c480d761e4cfa,2018-02-21
7828e49a0881db0def748546e4b2c8dc,1cefecd08a908f264a214c2e07f2d3ec,delivered,2018-05-12 14:28:16,2018-05-12 14:51:29,2018-05-14 13:00:00,2018-05-17 19:58:29,2018-05-29,0035029989e6fc5cf030918a5f9f2037,2018-05-12
87230abed36d9ec9a1dafd369948b4df,dd100b331fc16cc3ba9925da41fd5c09,delivered,2018-04-26 17:32:49,2018-04-26 17:52:44,2018-04-30 17:53:00,2018-05-28 19:41:46,2018-05-22,71d5b68149301ba41f0a5445f990e742,2018-04-26
a28535f14ee96c734e574170b72034aa,4fca950f390bf0d7b6ae6978401ee992,delivered,2018-04-21 20:15:30,2018-04-24 19:24:49,2018-04-27 09:56:00,2018-05-04 18:22:28,2018-05-15,b08ce5cc88f8fa3b6f506bb34a8df193,2018-04-21
c54a7eec3c60268882826057b1f7f31b,879d78959cd0ccca3dc692f59b9bc7c8,delivered,2018-07-03 20:26:13,2018-07-05 16:19:56,2018-07-05 14:09:00,2018-07-09 20:56:40,2018-07-24,735239529a733b7168d700bc036bfd5e,2018-07-03
28e269302feb6f72832f8c443652b8a9,fb6342a87475566c638d724ff575440f,delivered,2018-06-27 22:41:03,2018-06-28 01:11:20,2018-07-03 13:57:00,2018-07-10 17:41:17,2018-07-24,5db29ae3fa16b610b6cdfce2373182d9,2018-06-27
61dd76fc641eea1c3ecc493b029e935a,c0c00bb3d4f8ba50e3272999db271c30,delivered,2017-09-18 21:13:36,2017-09-20 02:35:57,2017-09-20 20:18:14,2017-09-26 21:15:06,2017-10-04,f1f30eb24d90309e4ec02c385a17e81f,2017-09-18
41ad2ae32ee66c07ef3b0301ba02ad27,5c7f8d14a0a12198d1d07167d7d343b3,invoiced,2017-11-24 15:54:47,2017-11-24 19:33:24,,,2017-12-18,db5edf92e08b477b2134569ac8a8b644,2017-11-24
227c804e2a44760671a6a5697ea549e4,62e7477e75e542243ee62a0ba73f410f,canceled,2017-09-28 15:02:56,,,,2017-10-16,aa75afb965e89078d8681fe33aaaeded,2017-09-28
58611feff9aed2788d48a9ade3b0b44a,c04ba871c12c3b364fb02466591c5463,delivered,2017-12-10 10:26:43,2017-12-10 10:35:24,2017-12-11 20:17:32,2017-12-22 21:29:23,2018-01-08,e3055aeb7c62a0d7ce5a756c7fcc47e8,2017-12-10
269507123b136cce3d2f6c5915f11bad,3bf75513c108eb186f5161d5b1dd8492,unavailable,2018-02-12 21:13:25,2018-02-12 21:28:24,,,2018-03-13,fcc8748e0d31248aea03fea7fce8da58,2018-02-12
cfb601982b3ff65c1821561ec49625bd,95388d69f3c29e5f8a570f9b9b3a104f,delivered,2017-06-21 13:53:48,2017-06-21 14:05:24,2017-07-13 14:41:35,2017-07-17 16:56:38,2017-07-11,efb14cc2969129e2d865bc75be239916,2017-06-21
da19f73a444dea9507b737d32d8eef61,7f26acabc0de284841a6faaf0c1c0d6e,delivered,2018-01-02 10:58:31,2018-01-02 11:11:06,2018-01-02 19:47:16,2018-01-11 21:20:00,2018-01-30,2f2eb7c27c3524e70a2635708d780dd6,2018-01-02
1e0ad62d9e96fd47434997dfa81497a8,fb7cf75fcef45516f74e0aa013e3ee57,delivered,2017-09-14 00:28:58,2017-09-14 00:44:02,2017-09-15 21:11:58,2017-09-28 21:32:51,2017-10-04,475c8470cac5316dc1bdf13a46ec7008,2017-09-14
5af0d05071da235938c82eeee6f707c8,daac7aa4ab9796c6594880badc940b5f,delivered,2018-01-15 15:57:30,2018-01-15 16:30:29,2018-01-16 18:58:40,2018-01-22 21:38:30,2018-02-14,fee9564e730318b1881378f987688c7e,2018-01-15
563407fb971fc3c8786c1a8adbf8b94b,b8f57f8482efe78015df7a57fee1958e,delivered,2018-08-03 23:54:44,2018-08-07 04:45:18,2018-08-08 12:28:00,2018-08-17 21:07:30,2018-08-23,d2b04abdb9d196a1024631f845e66da5,2018-08-03
5ffef190f82ef1609e36ce56abdde5e9,87ed937e173f32a5af54daf84e0732e9,delivered,2017-09-28 15:36:23,2017-09-30 02:36:19,2017-10-09 17:24:05,2017-10-17 17:04:48,2017-11-09,f06c24e493fbd43d5a6117e44cb8df86,2017-09-28
69302450678de30da931f0e8fd5a436e,bfd60c18d33201661d6e6e6030b0b43e,delivered,2018-01-02 12:52:36,2018-01-03 12:47:11,2018-01-04 15:59:04,2018-01-19 19:52:48,2018-02-01,e64ea2885fd98a5856342784439b9531,2018-01-02
aa2a1f153749ec3a3e20f51942a1fbfa,3221cb8d3c1ab8a7099802ce36470912,delivered,2017-11-29 20:47:39,2017-11-29 21:17:12,2017-12-04 21:12:39,2017-12-11 16:16:58,2017-12-21,00eba9372ced7769c4b9f234923d73cc,2017-11-29
39e89b39b5cc8b5e3a38f23e915d1823,2b91bc260dcffbdacd12c4b09e5c7463,delivered,2017-07-24 11:29:43,2017-07-24 11:43:21,2017-07-24 22:34:38,2017-08-10 19:42:10,2017-08-23,bd0a735ae91504c00c71638c720e3cca,2017-07-24
fad4db0b469823e4ce0a2506a88ca08a,5dc2bc6196f856dfd196e68009608e83,delivered,2017-10-11 11:31:53,2017-10-14 18:34:58,2017-10-16 19:57:58,2017-10-17 20:31:35,2017-10-24,43aa536e9cf08d4cd8dada8878cad448,2017-10-11
362be14fdd33f5215e81c98b683c1602,28d7e45382072348de45a1aa5e813e10,delivered,2018-04-08 16:43:55,2018-04-10 16:11:36,2018-04-19 20:02:09,2018-04-24 18:04:10,2018-04-24,71f02084baee16c46bd9e08824b785b9,2018-04-08
6ca5c63fb52f32ccf5309fddb636c3a8,ba5a182e8cec577a4a0ef37eb3b60d96,delivered,2017-10-31 00:48:08,2017-11-01 03:35:13,2017-11-01 19:17:40,2017-11-13 22:10:23,2017-11-24,2ac6f6d09c75bb721defa2eb7a4f52a1,2017-10-31
d7646ffe8fdd9e7d9557f9f7cbf04530,f896e70d84f6db9a56b86a47dd8718f0,delivered,2018-05-04 14:50:37,2018-05-04 15:10:22,2018-05-04 14:48:00,2018-05-08 19:06:42,2018-05-16,f0dc35f1b6b60a5a4718b2420b92333d,2018-05-04
a41b4eceec5fb4df1207586f935af481,1fb7536c5500b8a7252af02c78bdb73e,delivered,2017-08-25 11:32:06,2017-08-25 11:45:38,2017-08-29 17:42:35,2017-08-30 17:23:13,2017-09-15,a351ffc5c3658390710d0c2aeb6d1081,2017-08-25
484e9a27d27ffe9d45ed4469cb357475,178f8ca901c81eff6f297dd333bb7974,delivered,2018-03-02 17:02:44,2018-03-02 17:15:40,2018-03-05 18:12:41,2018-03-24 14:08:51,2018-03-20,e1a47f1cdb26782f1c258807c5934b75,2018-03-02
53f8893a652ff59a88793de9e5817ab4,774c6d56e5d71c722ed8f798785e5e75,delivered,2017-09-13 09:15:27,2017-09-13 13:50:17,2017-09-14 16:21:59,2017-09-22 22:08:21,2017-10-05,c0bc4a1f3c2124439a09a2042683880b,2017-09-13
988fa10af6e2e1509c1afc489dcd6b91,2b490666f3fa3630b987ba391a9ffd30,delivered,2017-11-19 12:13:08,2017-11-19 12:27:53,2017-11-21 19:48:04,2017-11-27 16:17:07,2017-12-19,2c125973efa13fd4032ba0455f5ec960,2017-11-19
0d17115bd61c612a87f11a25e904f8fc,4c058862806089b00d7b8abfefafdca8,delivered,2018-07-18 16:56:28,2018-07-18 17:05:19,2018-07-30 10:46:00,2018-08-06 14:58:25,2018-08-07,a33827fe04507f45bffedaf84b6b5ade,2018-07-18
de06e436fbb3dd6e10bafb5f24ed5530,11ff39f6282e2a89f5c079a47af66743,delivered,2017-09-07 01:15:30,2017-09-07 02:00:15,2017-09-08 20:29:50,2017-09-12 21:44:35,2017-09-26,a3631b903f909b6749a452358116cf86,2017-09-07
66b83d9733e90962483e931e9c6fb3df,98dd276233e59f41f2a896b097c2cc8f,delivered,2017-11-24 20:25:38,2017-11-24 23:34:10,2017-11-28 23:11:30,2017-12-01 14:22:45,2017-12-08,d95bda34cd620a375fd8b4bb2eec82b9,2017-11-24
b79fa3320d9e28aa6994cd6864da40ba,ea3f9a4239a952f61df1055303969be3,delivered,2018-01-07 13:50:40,2018-01-07 14:07:03,2018-01-10 17:48:57,2018-01-11 19:26:05,2018-01-24,669791771aee1eae68166cd813cf8b90,2018-01-07
d3a49dd2f9c21558b7a82c8f076f6c1d,3619684d733b95a9860ca496206a6ab0,delivered,2017-01-16 14:04:11,2017-01-18 14:01:22,2017-02-10 07:07:43,2017-02-23 05:03:16,2017-02-28,ffebb6424578e7bb153322da9d65634f,2017-01-16
601f50b489700f94b4495812a8b09b57,8c025d3f46fb5c1269ab27b3aa204066,delivered,2018-03-11 11:31:08,2018-03-11 11:49:33,2018-03-15 19:38:45,2018-03-27 20:05:44,2018-04-06,fef6fb973803b918439808d4f14fd5e3,2018-03-11
2f1170f5a9418a9cfe0602f39ee4aa99,22dfcdfd291a3504e0bb5708058ef999,delivered,2018-03-24 16:08:37,2018-03-24 16:27:39,2018-03-27 15:18:55,2018-03-29 01:32:56,2018-04-06,324c63d7118a7c4b09001600625438fd,2018-03-24
9ffe2ecd67ea09ead5b860aa81182fd7,a31f9bc462063fa6918a81775c76ce7e,delivered,2017-12-07 17:27:48,2017-12-07 17:35:28,2017-12-09 15:37:05,2017-12-15 01:10:15,2018-01-02,0672d01bce31cb5657b5eb58c0f4884a,2017-12-07
2835db7029951274a3a1ec7ea37d9254,545505856b08fcdd8c1571f73c3c66d0,delivered,2017-12-01 15:18:31,2017-12-05 04:12:23,2017-12-05 19:07:27,2017-12-18 12:53:15,2018-01-03,f0a61cf47535afda9d4454c9449e63e5,2017-12-01
6715132837520c5934acfadb854f1735,bd9635049655c05f3ace849a74646dfc,delivered,2018-08-06 16:24:47,2018-08-06 16:35:24,2018-08-08 15:44:00,2018-08-17 22:58:43,2018-10-05,46cdd1ae646279e9b4204ec41b52d8c6,2018-08-06
f815632f08e4f2b7b05794c0b4c60a74,44b2e81b25f63e1aae942096795f2862,delivered,2018-06-28 09:43:40,2018-06-28 09:55:13,2018-06-29 13:50:00,2018-07-02 16:28:57,2018-07-12,d4270fd9597afd6d5c9916ca4b18a5bd,2018-06-28
b0d1a361bbba5b9253ef15ba8fa7b54a,0c428325a6e5827165ead35a82e51f27,delivered,2018-04-16 21:32:12,2018-04-18 13:10:46,2018-04-20 18:52:33,2018-04-26 01:08:50,2018-05-09,66898e94f5176e491671cd24527b9004,2018-04-16
eb3e609122ff22d02d5a59b00537e936,31d3d3ce8c39051cf0f260b9c9aea268,delivered,2017-05-02 13:10:57,2017-05-02 13:22:47,2017-05-09 14:19:27,2017-05-11 13:12:17,2017-05-23,cfeaec653b28accedb6edb799d89cd03,2017-05-02
a891a6826aee7ca570551a63a25c135b,aa6c06fc582aea2912edc17eea2be533,delivered,2018-05-18 11:19:54,2018-05-18 13:06:55,2018-05-18 13:36:00,2018-06-07 22:05:37,2018-06-07,f1d015367a150dd39299461b7459a555,2018-05-18
cc3d4ac8f11e38aebf094617bdbe0fec,d61c4651520e542fbd88621b9e980aec,delivered,2017-10-04 19:40:44,2017-10-05 02:44:04,2017-10-06 22:42:07,2017-10-19 19:17:56,2017-11-08,1bbf6de8bbe287cb474e57d437d72969,2017-10-04
0fabf6ce53c71089f2082b2b200bf8ee,33e8eb5591ee4ea6c91d062b6d8d952c,delivered,2018-05-09 15:45:17,2018-05-10 04:16:16,2018-05-10 13:35:00,2018-05-14 19:34:56,2018-05-24,a4a4ee37b3aa65ef785b6cde1f25e222,2018-05-09
0466015790ddd0ed7a2e65a6ca039c73,bec34e289955dde2437d70e6d8be480d,delivered,2018-04-13 12:40:08,2018-04-13 13:30:29,2018-04-17 13:32:30,2018-04-24 21:44:44,2018-05-10,4329781165a441a91f38a4c583cf5131,2018-04-13
9f59e3048b31d71c3aeec67a15467426,dbb8e2fa66d48153c38fb4548c4166a9,delivered,2018-02-07 16:32:39,2018-02-07 16:49:38,2018-02-09 00:38:37,2018-02-19 23:12:12,2018-03-07,f8baafbeeee68555e4ed9243728815ba,2018-02-07
815870a80fd96370919e0d7d0d117412,865ee1fb8ad1d078203ed382830c0e07,delivered,2018-08-12 12:22:40,2018-08-12 12:35:15,2018-08-15 12:12:00,2018-08-29 15:31:34,2018-08-30,d8182e33151364df08d8c6e28b51cbfe,2018-08-12
e243ea7648d08ca3d860047e7ec10a51,0201bb51c671f43f4e581e5c3fd5eb55,delivered,2017-06-20 10:01:07,2017-06-20 10:15:11,2017-06-22 07:25:46,2017-06-26 13:33:08,2017-07-10,6a834ffa571a333c7e753a72967c3456,2017-06-20
14b7e39120c1668b13c4a3c11f983585,f719c61944872ed2e2a08e03b8902c11,delivered,2018-01-27 15:24:12,2018-01-29 15:35:34,2018-01-30 19:55:20,2018-02-06 23:24:57,2018-02-21,d58103285e4a2a61cce23e3825700ebd,2018-01-27
7144e3464cff785210679dc9bf9b30ef,bcee5a28794e3d2184a0422ca5c0b95e,delivered,2017-03-20 22:24:07,2017-03-20 22:24:07,2017-03-21 09:17:49,2017-03-27 13:12:32,2017-04-13,d45a2c22f5da525eb994dbac5b8eea36,2017-03-20
19d4b553f5c9c51a7d58635e7f5421ba,3b89a5688ba5b8c0fed6a02db53bda76,delivered,2018-03-22 18:05:42,2018-03-22 18:27:56,2018-03-23 18:57:22,2018-04-09 17:25:40,2018-04-10,4e1365b9c14c1ccaa50413ef55ecb522,2018-03-22
294b1c5de37c3a34f912d69702e42c67,efdd60dbd93b4bc825ba892a9903b72d,delivered,2018-08-10 15:59:44,2018-08-10 16:10:16,2018-08-13 15:30:00,2018-08-15 22:20:52,2018-08-22,e68a3cc076fc0e82a82aff987f96746c,2018-08-10
38636a6a86131fe2c507943a16833350,f7fb63d6601b56b83781981988450f66,delivered,2017-03-15 16:38:57,2017-03-15 16:38:57,2017-03-16 10:06:55,2017-03-29 12:47:49,2017-04-07,5ed4db82a99daa916b5a11e6c48df670,2017-03-15
809098f34297c9735dd68d0bf8571f98,09b8d2be4d111c7467b4219677696edc,delivered,2018-03-06 12:04:18,2018-03-06 12:16:02,2018-03-07 16:20:03,2018-03-12 15:11:05,2018-03-29,6bd33258105ef24dbf6d82bb7e3a06b2,2018-03-06
06a7cc29c9ea73fb0e7d4dc3d9284a76,790b71dafc9a25097d6a911c65f351f6,delivered,2017-11-24 22:46:29,2017-11-25 00:58:33,2017-11-27 12:55:12,2017-12-02 19:17:30,2017-12-18,37283889835480f1b0290b12968c8eea,2017-11-24
3dc3b3d8c073e795040be5836fdd8691,a255c79850f6fec25ccd1acabd4a98da,delivered,2018-01-17 18:13:00,2018-01-17 18:29:58,2018-01-19 02:48:35,2018-02-07 22:28:35,2018-02-16,1a940ff1478eb0d0029d60d6700ee986,2018-01-17
7eaf906a67eb432a7736e3affdd3611a,c42fc702f762344fa2c3f3ca4bf7064b,delivered,2018-01-25 15:14:08,2018-01-25 15:40:54,2018-01-29 22:28:43,2018-02-02 12:04:34,2018-02-19,be02c627b631ca2acf4c4f912b61e5db,2018-01-25
f9d624fff0e97399f92fe058220ba64f,91f4c41a935cd785368b978f1a82b237,delivered,2018-04-25 18:22:34,2018-04-25 18:35:21,2018-04-26 12:54:00,2018-05-10 21:28:42,2018-05-29,f86851cdb3c27df6fc66813c2c0ea347,2018-04-25
8336334036e8b201a6013cebe4ef9d07,4b8954ec75ed3498135a9aa782a73621,delivered,2018-04-01 21:31:37,2018-04-02 21:30:15,2018-04-04 17:36:37,2018-04-07 17:19:50,2018-05-09,1af3dcbc89998031651925e3994eab18,2018-04-01
314232aa66620ef1a3b49d362d3e0866,02e5fd58c123b384bdbb86d5fec3ad12,delivered,2017-05-22 01:40:22,2017-05-23 03:25:35,2017-05-26 06:36:36,2017-05-30 14:21:09,2017-06-16,44e4a44fc7441b07d1b026ba9d786e07,2017-05-22
97c111c4f22dfa1089a9c0b5338dcc79,97ea3f8303b2f735ed945e04d62c7540,delivered,2017-06-07 13:16:14,2017-06-07 14:00:07,2017-06-09 15:40:04,2017-06-26 11:49:43,2017-06-30,ae74c314b9c383e5d7bcd99d54ffbc71,2017-06-07
7d4bbd720f893f2ce3f6e19f95c4249a,9f9ced8eb6ca98352e7f4851b6890cd4,delivered,2018-05-24 11:30:54,2018-05-25 11:37:01,2018-05-25 11:15:00,2018-05-29 15:17:35,2018-06-29,514ae94b968f93ea61e3e27e8efedca0,2018-05-24
b1866dace5f7daf46e4ef10ed7c3a5e9,eb6cafe1788b71c7e4d0fb96b62c6cb7,delivered,2017-11-20 12:49:35,2017-11-20 13:07:31,2017-11-21 22:55:36,2017-12-27 00:06:56,2017-12-18,79d29011de7460db03cea0f936e521bf,2017-11-20
3a8b5d6aa0469ea3789217f050a30c08,786755e5df0baf46b299b5fabe8164a8,delivered,2017-12-08 20:07:45,2017-12-08 20:18:27,2017-12-20 15:13:45,2017-12-29 18:17:51,2018-01-12,8c9f2d3ee4e582e748cdb6365f6f1bb1,2017-12-08
ca54499cdd91809ae3a82f84db2cfcb5,5d424383919a6c35ff701ae62d5c3516,delivered,2018-05-12 13:49:27,2018-05-12 14:11:56,2018-05-14 10:08:00,2018-06-06 17:58:52,2018-06-13,2321935a5503ae66d938d4d29760b326,2018-05-12
7969cdbcf6e0f319751fd9a0c1994400,d9c91b17b789d306e319ab6fa9140346,delivered,2017-10-18 18:46:59,2017-10-18 19:09:15,2017-10-23 20:55:03,2017-10-31 21:51:49,2017-11-07,fc679e45270d2f97d8e43b7ec70f6d68,2017-10-18
c07532b3d125445e52b55819958090b3,2cca8960b54982e9191e4360ee712034,delivered,2018-07-19 10:17:35,2018-07-19 10:30:15,2018-07-20 13:52:00,2018-07-27 17:48:43,2018-08-14,032221fa9b8b46b7126d09ea2c5f6d89,2018-07-19
788fd52fc975c7697d2de726a27d4146,56429e2ece00752a241776df4c271596,delivered,2018-06-25 11:17:52,2018-06-25 11:33:56,2018-06-25 14:14:00,2018-07-04 17:19:28,2018-07-26,ab02a4af72314247580be211300463cc,2018-06-25
e49a1046c2917c7dd73d6f9ae9a94afb,ebb969bbf53ce29792e48048edf27f90,delivered,2017-10-24 21:19:57,2017-10-24 21:28:26,2017-10-27 14:07:33,2017-11-08 18:52:46,2017-11-21,c5d3a57d695547bb1de4f666cb9dec7b,2017-10-24
4582df009a901c9936acf91fb8355626,212139e70b7c0f24120cfd148bb4cd4f,delivered,2017-12-06 11:04:56,2017-12-06 11:31:06,2017-12-13 19:13:40,2017-12-29 13:39:02,2018-01-02,61644c8d7f95d41710462b575fbd11ee,2017-12-06
6afa03fba2ab6ae8174e9c9477c85506,bd5240fb34dcb6a57e2ede1cba25d65b,delivered,2017-12-04 13:39:45,2017-12-04 16:47:26,2017-12-05 21:18:46,2017-12-11 17:23:34,2018-01-03,941254873ba3ece63e297277436e4c36,2017-12-04
fbff77db5421bb7e1da292db45d07e75,7795e3faa6e16fc40aafee568b25a85d,delivered,2017-03-15 11:41:46,2017-03-15 11:41:46,2017-03-16 04:19:03,2017-03-20 10:34:54,2017-04-03,6ee4fdb7edab032aaa8392bab5446546,2017-03-15
2cd1462cdfa4e911bdab5084ad3b7f34,480f1f560457c6fab13b8c4debb7b294,delivered,2018-06-14 13:57:30,2018-06-14 14:21:51,2018-06-15 13:13:00,2018-06-18 20:21:20,2018-06-26,c6db9403de2b66a4085a2e36224c1fed,2018-06-14
6be65d2a1acba9c3882fe845f097c354,7b7ead41153dbd4eb51cbe0953cacbbd,delivered,2017-07-16 22:14:46,2017-07-16 22:25:20,2017-07-17 22:05:33,2017-07-20 20:25:49,2017-08-07,3819bec12e64621a1019bee14382ee5b,2017-07-16
1d28f6017289eba334290b00546ea432,0722bb9204b10c58f3641b0c27c7dc72,delivered,2017-02-27 21:24:42,2017-02-28 21:30:12,2017-03-03 11:35:54,2017-03-27 14:28:00,2017-03-30,5064f24054ced092bd8c07ed763a0cfe,2017-02-27
85a539b344a1fc574ec18a1196acfb75,0c387de9b1d29c241fd527453fc9650f,delivered,2018-01-23 08:03:24,2018-01-24 07:52:32,2018-01-24 21:09:31,2018-03-02 23:25:46,2018-02-15,bc0cac6a08345c4ba1cf54c98b255f13,2018-01-23
f2dd7ec887233f5e7d50f80b813d4c2a,27906336f91e1856dad3519e74169a28,delivered,2018-05-27 16:54:10,2018-05-27 17:11:26,2018-05-28 14:08:00,2018-06-08 18:52:34,2018-06-28,b4a1ba54e32a9a5e5face32a2680a246,2018-05-27
9d664ec86be69d869bb6870294c4fdd8,0a9ee4d9030acbe428769c79d0c4da69,delivered,2016-10-08 15:02:10,2016-10-08 19:55:50,2016-10-12 19:55:50,2016-10-31 11:35:45,2016-12-12,d0f63e7f9adb09e4efc7f4f276b977e4,2016-10-08
50aa38855e4ae4229ff0897c6ce7511d,8fb3ad4132f3d79f831fa2265e7a80dd,delivered,2018-04-16 10:32:44,2018-04-17 05:50:56,2018-04-17 18:45:50,2018-04-24 18:02:25,2018-05-16,41390438873044a3650185c56a42a45e,2018-04-16
092de8ef0dad90862e5c0dfb15a10790,398899392bf588aac4d8668ae3dca492,delivered,2018-06-20 17:46:25,2018-06-20 18:46:56,2018-06-23 08:53:00,2018-06-29 19:32:22,2018-07-19,a3a984545d6c5e37fa027c5e5d05cb8c,2018-06-20
d521c782a20b0f531a2c0f8b124b59a1,960b94f93098dc8a3d3fe9c787d40c6c,delivered,2017-11-28 09:13:35,2017-11-29 02:21:40,2017-11-29 20:07:54,2017-11-30 16:47:18,2017-12-13,6066a98d7cf32687fe0771b421c92ea7,2017-11-28
2a20173829ff5bd342163335865aa490,4dbd34761bb1a1eb90ea2914481604b3,delivered,2018-01-10 13:12:43,2018-01-11 02:33:27,2018-01-17 17:34:14,2018-01-19 19:12:43,2018-02-08,f370ed585170c8a8ab5175e0da46ff69,2018-01-10
6d47bd16bfe3f754b853be0ba635ed7d,d688f50c4d01239dd578a2a79beba7bd,delivered,2018-06-18 16:45:05,2018-06-18 17:01:57,2018-06-19 13:10:00,2018-06-20 20:26:49,2018-06-28,bc6fcf73e35d6d0e147d7f2f72d9a89b,2018-06-18
0539e3f47ed27c984efee378a2aa7f07,a2c403073285474c9bb42414f75badde,delivered,2018-04-09 19:42:09,2018-04-10 04:11:08,2018-04-10 21:56:28,2018-04-17 21:50:56,2018-05-07,caa954e15d7c966d515d79caeccb7076,2018-04-09
2d8b7efa1e3e13012f43533582104eae,90fbd970f995af4a5657912fe4280b44,delivered,2018-05-03 23:35:50,2018-05-03 23:50:46,2018-05-04 14:05:00,2018-05-10 19:38:23,2018-05-21,4ac392a9aa2a1c2694a50db463261ba4,2018-05-03
abc371fa4448846ac98855c256ab235f,2ae960d0b2a92913f76520f59d0749b4,unavailable,2017-02-11 19:26:28,2017-02-13 14:05:15,,,2017-03-10,70b1b3192204865d74286c5c85196102,2017-02-11
41272756ecddd9a9ed0180413cc22fb6,914991f0c02ef0843c0e7010c819d642,delivered,2017-10-12 20:29:41,2017-10-12 20:49:17,2017-10-13 20:08:19,2017-11-01 21:23:05,2017-11-13,0000f6ccb0745a6a4b88665a16c9f078,2017-10-12
f21167a5141522821d54a766a2a54ce4,b0a36c4a0a2bff86d12b4eeee99bf958,delivered,2017-02-07 12:47:52,2017-02-07 13:05:51,2017-02-08 16:16:44,2017-02-17 17:42:03,2017-03-02,82809cee3c35eb89b4dd4d2d1a22eedf,2017-02-07
dd1240d12bb27a5516e0bfe172c26d0b,0f0e4d2d4465dcd0451d474922ca94f4,delivered,2018-03-12 19:04:03,2018-03-12 19:15:36,2018-03-15 00:25:21,2018-03-29 19:33:01,2018-04-17,85e8a3f9f175e576d63c46c1addbdda5,2018-03-12
2be6c8b958e16856397259974d4abee9,ccbce7bcb13ee88adcf78890cae0ea42,canceled,2018-04-02 18:20:00,2018-04-02 18:30:38,,,2018-04-19,4e5fccc1c335360bbc4a9aac8491e477,2018-04-02
23b6026f4aa837ed95e0941208f31434,535a1ea70ace4f44f74c6e88c26d2008,delivered,2018-07-02 16:53:10,2018-07-05 16:17:36,2018-07-04 13:44:00,2018-07-07 16:31:31,2018-07-30,3511aa3ff5fb9645041bf1875415142d,2018-07-02
05104976125ea1e5cc04bc1f506a436a,161045ee99ad91883dbc1a6d26127785,delivered,2018-08-14 11:44:44,2018-08-15 22:44:03,2018-08-20 13:31:00,2018-08-25 15:15:32,2018-08-24,1d3178b80a8379b8c1547b1dbb0a2d0e,2018-08-14
210a5f61a6a19892f81bb269863f4742,c7a706169d8f5a205cc24d7387fad5d7,delivered,2018-01-12 20:16:58,2018-01-12 20:25:32,2018-01-17 21:04:30,2018-02-03 01:44:53,2018-02-15,54eaf1acb5223654459bcc99ad1702f7,2018-01-12
f695e0534456bafac8cda166dc5fd0e4,04fa959a05c178cef48c006e12af8024,delivered,2017-08-29 22:25:09,2017-08-29 22:35:33,2017-09-06 17:13:52,2017-09-11 19:53:39,2017-09-26,0ba9d637cf0cbc196074c1858311f981,2017-08-29
da274e08fb80aeff81a543aae3cf9784,56613e79bf08946fd9e57594aaa83951,delivered,2017-04-25 15:12:44,2017-04-26 09:33:24,2017-04-26 13:19:59,2017-05-05 16:49:54,2017-05-23,fac2e123c769027fc8bf325fbf41eb04,2017-04-25
fa464e66c13ab4ea69b7fb3c7888ea0c,8b3f585d9b903aef051c408e328385d8,delivered,2017-12-04 16:10:46,2017-12-06 02:50:04,2017-12-07 20:22:31,2018-01-03 19:07:05,2018-01-02,d843baaa44265fb074e00c8efab11995,2017-12-04
f2afcdfbf3e9be7b7561ccd2a7e4a9cc,cf0f612ef30da1ff2dfe1bc7b409d20d,delivered,2017-07-30 22:29:00,2017-07-30 22:43:04,2017-07-31 18:31:38,2017-08-02 19:07:57,2017-08-22,91dd7f1643bbaf4593c7fa25c29b9ac4,2017-07-30
5cca24359ca7443aa609e17be46a0990,7e4b15f49a6df5d7cfff17fce8610367,delivered,2017-08-18 02:37:16,2017-08-18 02:50:07,2017-08-21 20:15:55,2017-08-29 23:37:50,2017-09-28,8a7dbdbf6eeb386835be7ee745661739,2017-08-18
7b5c9b9ae5e759f77cfd085d21f18d69,0f3e82d2941a34d2eec21b6f999038e7,delivered,2018-05-13 10:27:57,2018-05-13 10:53:56,2018-05-14 14:03:00,2018-05-18 00:12:20,2018-05-25,af72dac3c31b844a04858547a648123f,2018-05-13
91199340efe15554e4533e5ffe47a31b,41110560ba94c2e86afc7a12ad56ad08,delivered,2017-03-31 07:51:28,2017-03-31 08:05:14,2017-03-31 13:01:02,2017-04-04 10:38:04,2017-04-20,1d6cd35271e75ebf524d224021678911,2017-03-31
15565710182cd35455ee0abf4b701ea9,5e7bb90d4342e8086e9a9acc1360a1e0,delivered,2018-02-17 08:27:55,2018-02-20 07:27:53,2018-02-23 23:14:50,2018-03-02 23:29:03,2018-03-16,aece765d4e4f3f841776554c584d8a4f,2018-02-17
80b088ae48ba538f0d70f0eeb541ccfb,d856ccf69b8f0994e5fb89921311e788,delivered,2018-04-10 10:50:26,2018-04-10 11:09:35,2018-04-20 14:51:52,2018-05-03 22:33:31,2018-05-15,031ad880dd5103525d47b17bd7572d69,2018-04-10
7b71869b0ed372d90284fcfbfbba82d9,2c91b53e99543c0a14b36a12298f7e75,delivered,2017-09-16 15:03:12,2017-09-16 15:15:20,2017-09-18 21:05:47,2017-09-21 18:26:53,2017-09-28,37eb25f30a773f6b3c11cd76face26e8,2017-09-16
b80185240ef710443ca7ea53cb1cbce1,b714ada6fe694b6d0eca038f33e53305,delivered,2017-12-09 20:44:18,2017-12-12 03:38:28,2017-12-13 18:35:27,2017-12-28 18:09:36,2018-01-08,ae69c8187043420a20556106c2e584cf,2017-12-09
7f7d930e1a05e466d5fe29da5970d8bb,5e04181511e29f78b1578226ce1f58b7,delivered,2018-01-18 16:52:03,2018-01-18 17:12:54,2018-01-19 17:42:02,2018-01-23 19:16:50,2018-02-02,b25b2c5cc0506d55792b3903d7731a42,2018-01-18
64fd78c83d0cab22a8284559075fbfb9,a7d495df54f10702f7163c5fed0ffb5b,delivered,2017-08-14 18:37:59,2017-08-14 19:10:17,2017-08-16 00:25:42,2017-08-17 16:13:52,2017-08-30,46e943fabf935e18c6d55b4d49a7dae5,2017-08-14
89ca163ca854eaee18b4ba6110f524fe,88dc2fd9f370819ccad550243f836229,delivered,2018-07-04 21:45:50,2018-07-05 16:17:49,2018-07-05 14:38:00,2018-07-11 21:03:42,2018-07-26,c279fd11adcb20e83612c27b91b98048,2018-07-04
f2187ad0889a7f43d3b4b341f0124d84,453d8b7c9bcc632c55fb9864364036c7,delivered,2017-03-15 15:58:14,2017-03-15 15:58:14,2017-03-16 14:42:27,2017-03-30 12:37:54,2017-04-18,847d1f7186feffb0bfe55c1d1961dc38,2017-03-15
fce708f65c465d38118d98590c99b530,731af31383f967851892464b78495dfe,delivered,2018-04-20 10:11:06,2018-04-20 10:33:16,2018-04-23 19:28:44,2018-05-02 21:33:07,2018-05-21,31d41cae7b76a376b159f7ccfc38804e,2018-04-20
577b745a85120419fe27073e3c9e1a76,dc5e8db48a49602f506e67b843668d72,delivered,2018-04-26 21:57:27,2018-04-27 13:30:54,2018-04-28 07:58:00,2018-05-07 13:22:01,2018-06-08,e21bea57967ffc7bdc8b07558e09685e,2018-04-26
3ae926d60440f9f3c6ddc952f25c9da2,752c350e23bfa33f3100814d91c498f0,delivered,2017-12-27 22:32:25,2017-12-27 22:47:39,2017-12-28 21:21:51,2018-01-09 15:08:58,2018-01-29,ddeb92c9703295eeda71f1364b943c02,2017-12-27
55d61651bd48809af0402aa14f64e523,509466c13cf576e803ed0a1a39cc0792,delivered,2017-11-30 18:59:34,2017-12-01 14:25:07,2017-12-01 17:41:44,2017-12-11 19:17:09,2017-12-22,219129d6ffe3b9ff5364f9978392189c,2017-11-30
bb4a9be7985d105a189b15022bcc7120,1bd497559d3bb2d34229b14d520878b6,delivered,2018-08-06 06:23:06,2018-08-06 06:35:10,2018-08-06 13:09:00,2018-08-07 17:41:36,2018-08-09,df4a769135c07d12b4d74004f2b9687d,2018-08-06
8eec74d633d059c6dcdf542294b40d2e,ee52c3b2cad76d229c995e431868b963,delivered,2018-04-11 09:15:12,2018-04-11 10:50:41,2018-04-11 20:28:30,2018-04-14 11:58:32,2018-04-27,c99c4d546c2fabc8c87ea98393c2c948,2018-04-11
8c13aa9bfa920854ca73694d94387d40,8ad17d877d2373c52b855c0eed7295bd,delivered,2018-05-21 11:39:50,2018-05-21 15:31:47,2018-05-22 12:24:00,2018-05-24 18:21:44,2018-05-29,82c9310b1cb0030321e3bdebe7e1f0b3,2018-05-21
f7a6067a1669a4d0b6a58e933098da0c,1ffa4eac7791a589b5d77c34ec891855,delivered,2017-09-12 21:16:27,2017-09-12 21:25:52,2017-09-14 13:51:58,2017-10-06 17:57:40,2017-10-02,55578d98d3cedac0f16d88d6f87504dc,2017-09-12
eac9691979b0aac3f3061abaff2f4f8a,88fc4e4500e96a9f54a7968d7d72d132,delivered,2017-03-24 15:08:18,2017-03-28 03:50:30,2017-03-29 07:22:23,2017-03-31 12:03:48,2017-04-18,c213d9279030861e3fa18423a4af0226,2017-03-24
60b37209020e1a5a5857b1ceec4037de,90c5ced703f28718eef7ac75cb35e854,delivered,2018-08-08 11:22:08,2018-08-09 15:55:16,2018-08-14 14:10:00,2018-08-17 11:42:33,2018-08-23,058c974241ca9223249ab8ba9274478b,2018-08-08
7656e54ae9322214b7459746ca6076a8,d05966e8b9f08a75a63091a2215025e5,delivered,2018-05-03 22:15:36,2018-05-03 22:30:31,2018-05-07 11:30:00,2018-05-08 19:37:44,2018-05-15,a966fbec25ff8c8540fa2e3c9076ac88,2018-05-03
30e934394c047a409bb861a9ecbcff43,bfc48761221b04268c51e10b30855efa,delivered,2018-08-09 13:59:34,2018-08-09 14:30:09,2018-08-14 13:09:00,2018-08-17 20:41:34,2018-08-16,c913a62d8196bbf29be088eaf337ce42,2018-08-09
2911b82b07d1481125508ab8b0292446,6d38fd38d3359b955869ecb4aafed5f0,delivered,2018-03-30 18:40:22,2018-03-30 19:27:15,2018-04-04 20:24:56,2018-05-02 21:24:49,2018-04-25,bfb447864c8ce1e6b093d723792a60f8,2018-03-30
fa10306616d50d14bc0545758727f936,9cd9ab13e36c85a8c647285faa325e8a,delivered,2018-01-23 16:31:38,2018-01-23 16:39:31,2018-01-24 18:09:23,2018-01-25 15:15:42,2018-02-07,6f3811dc8970606e73b658e8518104f3,2018-01-23
849c91eae9d79b010c5dbba0d30e42fe,8719f414841856e13125bc3c8eb012f8,delivered,2017-04-20 11:52:22,2017-04-20 13:05:29,2017-04-24 14:54:17,2017-05-12 03:22:53,2017-05-24,dc15964419d46e144f22f505d4916c33,2017-04-20
a9da0d64f6c4dff3f3f383f6b076b24a,b846ee801968b406638b72931ac80bb4,delivered,2018-01-22 14:31:59,2018-01-23 03:37:30,2018-01-26 18:08:54,2018-02-01 18:18:56,2018-02-14,6dd8710575a94892a9d5f43a38dfa681,2018-01-22
c4ee850f0510c341d498f4d7adbd7540,da58a1b4746c306cd736bec85eb02118,delivered,2018-01-26 15:03:46,2018-01-27 02:41:28,2018-01-29 18:29:33,2018-02-01 22:22:51,2018-02-09,2690d07dfb3d22053e2545e107af4e84,2018-01-26
418e52c121e971463d3804676a3042a2,f48c05d30461f65385a92cb74f73a934,delivered,2018-04-29 12:39:11,2018-04-29 13:33:50,2018-04-30 11:39:00,2018-05-07 16:21:37,2018-05-23,721aa4c617d2e158801470a3c6ab6166,2018-04-29
7bec0ef2b65e6c75fc082d823d0a59ca,0e068af4f6f8959942b47a78c8255534,delivered,2018-01-15 12:22:13,2018-01-15 16:56:20,2018-01-22 16:45:09,2018-02-16 03:47:07,2018-02-08,06e6706cd5fc45a1157b970df4b88b4d,2018-01-15
a59ef0abffbef8ddaae23600b6ee6604,49e64271fb8eeb19851dc7e850e92204,shipped,2017-11-06 17:35:49,2017-11-07 06:31:44,2017-11-07 18:57:39,,2017-11-24,001ae44fa04911a9e9577356dce6c63c,2017-11-06
079ade008533bd5cb246826aceace87d,d1fc28d14e2807fee09df0a9157a28ce,delivered,2018-01-22 01:24:25,2018-01-23 03:53:01,2018-01-23 22:54:19,2018-01-25 17:39:45,2018-02-06,f61a665967f4995d37a4cf6c2f62e134,2018-01-22
5d3d6b8740f0b956853ba943e42e2c22,74f0cc1d27884a102efa142ba1f540b3,delivered,2018-04-24 22:52:02,2018-04-24 23:12:31,2018-04-25 15:24:00,2018-04-26 19:29:38,2018-05-11,2099f93ac5ea679cf2eb1de091ab87c9,2018-04-24
36ecb03adac621359783057bc20bddb9,731babad57484430c98796380047dcfa,delivered,2017-12-10 19:22:08,2017-12-10 19:32:33,2017-12-11 17:19:59,2017-12-19 20:41:39,2017-12-28,9d549c634d92fb0055303b3df02cd01f,2017-12-10
be48bdef069ed1eb0d320bfe65d26351,608d232311554f84a24cbe6ccc3dbab8,delivered,2017-12-02 19:41:11,2017-12-02 19:53:44,2017-12-05 14:59:29,2017-12-10 12:19:04,2017-12-27,0825dca27a94ec57277c16731af8163f,2017-12-02
f5c5f55feb6cefec984e26efbe2a130b,e79ba74d49aad29056945edd15f596ae,delivered,2018-08-07 18:49:58,2018-08-09 03:55:18,2018-08-13 15:35:00,2018-08-20 16:16:27,2018-08-23,4914496b4e80679b99277e6a337715b7,2018-08-07
b3aa358cdcee8ff60eb149b6edfc6212,5f1378ccd418728c6880fcaf4a766ec3,delivered,2018-02-14 18:27:11,2018-02-16 07:47:02,2018-02-20 23:24:12,2018-03-06 20:13:32,2018-03-14,16bab69ac74524c446864e19130e811e,2018-02-14
9a0fd0d61c564bcbdfcfa980c35f3f91,3726c02e55f57eb122517c1238d243fc,delivered,2018-04-23 18:18:38,2018-04-24 18:58:16,2018-04-25 09:05:00,2018-05-05 16:52:35,2018-05-22,b29013d0c29c68a1245d727a40e1edf6,2018-04-23
d12c09d68d5c3b6907f4a3850848a07a,c5ead19a68ca5b63321e83b4fc7493d1,delivered,2017-12-21 20:16:14,2017-12-23 02:17:33,2017-12-26 18:42:47,2017-12-27 14:47:09,2018-01-18,ce810a11e88562c4c10f642e7487c5a5,2017-12-21
7ae3e9e3c63c370377acc76433f21ed4,22dde3febe18c471dbe74d6fcbed1030,delivered,2017-09-11 14:22:05,2017-09-11 14:30:23,2017-09-12 20:03:58,2017-09-14 19:47:28,2017-09-21,d83bb5f5c7a891f121f00ad9a0af467b,2017-09-11
7f8c45241719d873d8f5e3899b7101be,638b26aac56556d62b8090bbab4f40ac,delivered,2018-04-03 20:00:38,2018-04-03 20:10:13,2018-04-04 19:38:24,2018-04-18 19:58:31,2018-04-30,4326334bf21fa673e723401b5a587117,2018-04-03
6b4821d258243cae952dd793cc1d0d11,e1c909604e69c6f130e6689d367fc567,delivered,2018-02-24 16:21:10,2018-02-24 16:30:47,2018-03-03 14:53:03,2018-03-16 20:47:21,2018-03-19,9b5f0dfe8d47369454842f3e38578aec,2018-02-24
ed12c1acf2aa565658a1353aa0443768,6fc5d660962f2e834ec51f31fae707d7,delivered,2018-04-22 16:03:31,2018-04-24 18:59:40,2018-04-23 19:18:50,2018-05-18 14:32:45,2018-05-23,bf4fa7cf6a5d6973f283328948de2809,2018-04-22
6d3e3e287e00339a15d1b86b209121e7,3c22754a609d713c7233bb5037b77923,delivered,2017-11-18 12:29:57,2017-11-18 12:46:08,2017-11-21 19:22:06,2017-12-05 00:10:05,2017-12-11,4c8caa9fd5a07b2cfdc2f9cce7ad4f77,2017-11-18
ed4a172213a7200e76de6bc76fc586d9,1a35275f8244f3615499d22380d98c61,delivered,2017-08-16 08:52:19,2017-08-16 09:15:13,2017-08-16 16:29:04,2017-08-18 19:52:29,2017-08-29,5d648b9030f9b60a22ad8b5ce7c32011,2017-08-16
ac88d96f79bb0884df747b9c38fe48f7,ced8f3419d9a7d7fec840b843b36d6c2,delivered,2018-03-11 18:14:17,2018-03-11 18:28:00,2018-03-12 23:18:58,2018-04-15 15:28:40,2018-04-05,61f37e13b99dae825118a5003486b934,2018-03-11
cd765bd17903ea30da9a83f9c0532d16,a4cb2c471ad7d5392d84612e57b562b7,delivered,2018-02-13 21:09:15,2018-02-13 22:00:26,2018-02-14 20:13:15,2018-02-19 21:52:04,2018-03-06,dc9b4a8ab9ac5edc5a85963e5c9e4c14,2018-02-13
ab9693314be34b42d324f7e181ddd103,7794efb5f117fc33bc8e339af969a7f3,delivered,2017-12-08 08:17:01,2017-12-09 07:52:18,2017-12-18 13:54:53,2018-01-14 15:27:40,2018-01-15,ab87b22753ca347dba4b60bc7320dc42,2017-12-08
1295050865da290bb94474fdb4cec31e,9e67c0ac3887a0cbbd8428dbf046cc9b,delivered,2017-06-25 21:10:29,2017-06-25 21:23:14,2017-06-27 12:16:38,2017-07-01 11:13:33,2017-07-14,7ac71e6b7527644c6ce6d9d8a23ec22f,2017-06-25
a274d2bbfcca25b8c47ee2467583e81e,97380627e3eb0d89d2c83986435eaa1c,delivered,2018-08-03 08:39:14,2018-08-03 08:50:19,2018-08-03 13:14:00,2018-08-10 21:11:52,2018-08-15,74fe0d314e72230ca5e99865dec3bc1e,2018-08-03
d5bac5448a70372042b7f46473e048f0,126c79c7eeaea3fa15c2a06bfd2292be,delivered,2017-12-16 12:57:39,2017-12-16 13:11:10,2017-12-19 21:33:05,2017-12-29 22:29:07,2018-01-12,9d86765b27e4fb144f37b59892e8d550,2017-12-16
3af81bc8825a617ec4180b4f4a52e510,e52e2ce3e57c0a3653e6ff2bb04eae2c,delivered,2018-03-03 20:46:37,2018-03-03 20:56:09,2018-03-06 18:13:59,2018-03-19 13:33:07,2018-04-03,70097193b51f4809dba7cec158ef34e1,2018-03-03
2bfd14409ba8ba1153ce42b2abc44bb8,9522d39cabd497bd4bc5fb1b226cd5cf,delivered,2017-12-18 17:43:43,2017-12-18 18:52:09,2017-12-19 19:04:27,2018-01-05 13:46:27,2018-01-18,774efd8e5cc822162e0af7311d81f5c1,2017-12-18
1e5b4183205018be34950eae3e8b2793,20ecb7c7bdd6d0b376c442b3bab0c97e,delivered,2017-06-14 11:31:55,2017-06-14 11:45:14,2017-06-20 15:31:59,2017-07-04 15:59:54,2017-07-14,e6c6d4529051531f7f00bc307d4e77b5,2017-06-14
509e9d1f29c6fe103a4738b15478ac45,c3f9d2766e289410c0cc3a4256667bde,delivered,2017-11-24 23:07:12,2017-11-25 01:16:57,2017-11-28 16:44:46,2017-12-12 19:45:03,2017-12-19,e94e6e62ffdd16f148f9496d32d31779,2017-11-24
b16e956bda09e0aea31977bec8585ba6,0e6b3f03fc1d953048dcfc22be4282db,delivered,2018-04-18 12:23:41,2018-04-18 12:35:14,2018-04-18 22:08:31,2018-04-23 19:58:31,2018-05-11,e4d3e521886a594891a50242bd744933,2018-04-18
d8a3a8c458243721ca285392ac882c78,2abd673eabe8cbc837887bad6ebcffa7,delivered,2017-05-14 22:39:17,2017-05-14 22:50:21,2017-05-18 07:36:48,2017-06-14 08:38:54,2017-06-14,79e8da40d2295512051a82eda0663058,2017-05-14
b1b9a3b7e5a69074065f547c1e98c8aa,7c693a76aa27676d2ad09dbb1a64f698,delivered,2018-07-02 09:57:04,2018-07-02 11:00:31,2018-07-03 07:39:00,2018-07-04 01:45:56,2018-07-16,0c80f2949b45bcdb80672da174443609,2018-07-02
1df8665c93634d03e96d99d58ce1efb6,d2de2cde46b0f64228fb64eab3cd79c1,delivered,2017-09-12 13:03:30,2017-09-12 13:15:29,2017-09-12 20:39:56,2017-09-22 20:16:44,2017-10-04,08904f62d19b3c8e9223a8b8594db9c8,2017-09-12
87500eb4c129524a989447f3fb4d5c8d,003f7d92ac63c512bb6584219806f8df,delivered,2018-02-14 12:45:19,2018-02-14 13:07:10,2018-02-15 17:51:56,2018-03-14 23:03:20,2018-03-06,0125fb08af5c9dd55731090aafc63ac8,2018-02-14
3adb141ba4bd69dd7fe8d3fb733c6b74,c0539d5c87fc7c97a8418adffe4b45f0,delivered,2018-08-14 23:29:21,2018-08-16 03:05:11,2018-08-16 13:28:00,2018-08-28 18:02:52,2018-08-24,7c5750a9ae14793d13ed61b94694963b,2018-08-14
cedea2bde15dac9808c6cd430cbf03f4,63e084b9953458d4d14bb6c256f831cb,delivered,2018-07-10 20:26:08,2018-07-10 20:45:37,2018-07-12 12:13:00,2018-07-23 11:10:42,2018-08-01,598ad1542aeb657622689fecf1c3d476,2018-07-10
00054e8431b9d7675808bcb819fb4a32,32e2e6ab09e778d99bf2e0ecd4898718,delivered,2017-12-10 11:53:48,2017-12-10 12:10:31,2017-12-12 01:07:48,2017-12-18 22:03:38,2018-01-04,635d9ac1680f03288e72ada3a1035803,2017-12-10
19f98c610ce8a9b866159c5db4784373,34c7b7a43f4fb3c649c886dac07f7125,delivered,2018-05-10 13:51:45,2018-05-10 14:16:24,2018-05-10 15:25:00,2018-05-11 23:41:32,2018-05-18,1fca4c930a0d94569e6a1551a559188a,2018-05-10
31472917c2860ed762efd622d5862d88,b6102fd2d657e6c43033cf2a70270ca2,delivered,2018-05-10 14:45:19,2018-05-10 15:11:28,2018-05-11 12:52:00,2018-05-25 18:17:37,2018-06-07,09cd73b13f103e47ce13675b4a4b36f3,2018-05-10
e50118751e7505e22fb6491d648be823,4d0c84801ed90639fddede4c7106a10f,delivered,2018-02-22 16:26:35,2018-02-23 14:40:33,2018-02-26 22:19:11,2018-03-06 16:08:18,2018-03-19,aeb60b971e54df6473d586ada758ca72,2018-02-22
28143b0b8baca7bc05bdcde9a7c65bd3,3402b7a6bf20e4e3502b6ce90faa9bfa,delivered,2018-02-01 10:57:12,2018-02-01 11:12:28,2018-02-06 01:14:30,2018-02-26 19:58:40,2018-02-23,df55bca3cfc1bf7857569017e59d364c,2018-02-01
86750203b5e14b3a36c7a0c8612c8b8f,2cd23af13425dee1f3906989c339abff,delivered,2018-04-07 13:54:41,2018-04-07 14:08:30,2018-04-10 09:38:59,2018-05-05 13:34:28,2018-05-07,dd58c6e9567f274ae4d57af400fe1a40,2018-04-07
cb9dc2a38a77d7bc14a8a39841c4a542,50de731496c823a245e5e56010a3efcb,delivered,2017-09-11 16:44:09,2017-09-11 17:55:19,2017-09-14 19:13:53,2017-09-25 21:38:51,2017-10-02,454f3ebfaa5cf9b2f1dfdb33303df684,2017-09-11
610b8837e9399ae8047a7050cedb03d1,6002bd4db0fa07e2fcaf6fcc0bc070e9,delivered,2018-04-11 10:48:05,2018-04-11 11:10:42,2018-04-12 23:21:18,2018-05-17 20:07:22,2018-05-07,9ed486acf494c1b78423086d180cfb3f,2018-04-11
c5ed30fdf86f49873cb59b43a39d667f,8b626aa008b8fc32f56aba71c3c246da,delivered,2017-07-19 20:16:21,2017-07-19 20:30:10,2017-07-20 18:09:42,2017-07-26 16:53:03,2017-08-14,da1af750590b61938a1868a6cab92595,2017-07-19
bda15d43b16684fa4eff328a7db33d8b,6eff0b0388f0e0829bd659d12e168828,delivered,2018-08-28 19:44:25,2018-08-28 20:04:13,2018-08-29 14:27:00,2018-08-30 20:53:55,2018-09-11,a3bf67d0b92528d2fe5c379dd905bf66,2018-08-28
5b03dc75d71e4a3940c88c4c9cdf6c2c,ab0275d64ab2e7e854269eed99e9412a,delivered,2018-04-25 10:40:29,2018-04-25 10:55:15,2018-04-27 13:43:00,2018-05-18 18:56:37,2018-06-05,caa8b91f5582eca3d032203ad5a11c32,2018-04-25
bbfb6afc6b09bb994e0093a008ec7675,e009147a4b30be4a108b0f2874ac005f,delivered,2018-06-02 18:37:23,2018-06-02 18:51:29,2018-06-04 13:59:00,2018-06-06 23:03:45,2018-07-05,9df40345e23450e5b7edc053bea79399,2018-06-02
7b3821e2a5cb30052dde08403418c349,3dfc88de59670ae75a0a8c7a2a3c6b99,delivered,2018-05-09 11:39:40,2018-05-09 11:55:25,2018-05-11 10:24:00,2018-05-17 13:50:38,2018-05-29,083c61d70baa8edcc373bbfa53f74d8e,2018-05-09
a6a3f8407b163d20163f6ea1e0a6d9f4,3b06162facd818071784c995d0b4bb09,delivered,2017-06-25 11:24:35,2017-06-25 11:35:16,2017-06-29 15:36:10,2017-07-15 16:36:37,2017-07-26,908e85b29cfd17e114a941bc21114d5f,2017-06-25
2194ed4f4df86b4d6f4d859ad6ed1795,4b0b2fe506b2e0097d6f14a1b0aac0c1,delivered,2017-06-05 12:54:08,2017-06-06 13:05:50,2017-06-07 11:41:32,2017-06-08 15:07:26,2017-06-19,51c408ce2985ce922befa28d94855a84,2017-06-05
b41dd0fbc7d36977d5402f4242a0784f,7a4a08b797dd851e6f8faccd4f66c76c,delivered,2017-12-03 00:47:09,2017-12-03 02:43:34,2017-12-05 16:52:49,2017-12-07 20:51:32,2017-12-22,e11f542ae27e7ec3b5f7738d219fcb29,2017-12-03
b976379b0ba072030d6d1aba2f370d7b,ad3f07a4054852c521ff9e3ce2d9a682,delivered,2018-05-22 20:55:22,2018-05-22 21:18:35,2018-05-23 11:32:00,2018-05-24 16:56:41,2018-06-04,96ef1a703eb54bab80305015b2b3aeaa,2018-05-22
8f0c72dd2295c2798ada51c47e3799f9,67dd6c4914b64b0065aa2f6d9930e8be,delivered,2018-01-31 19:56:54,2018-01-31 20:10:13,2018-02-02 19:02:42,2018-02-07 23:57:36,2018-02-22,de12cf0dae2833363d20d0323aa49ecc,2018-01-31
0f1755872b47fe8564531daeef356987,0ae2c954e68238f2a8f8ff8b24766bc7,delivered,2018-04-16 12:46:09,2018-04-16 14:11:47,2018-04-17 14:34:30,2018-04-20 15:48:50,2018-04-26,aebd3b22b156e507f0c7ecfcbb567a3d,2018-04-16
c098cba2756a69368af3647513e27a98,5b795b3311574f21bf4888f477aa1518,delivered,2018-02-04 15:35:15,2018-02-04 15:50:44,2018-02-05 17:48:41,2018-02-06 15:05:22,2018-02-21,8d6c930e3ef6cf55b39cd44d3cd1dd83,2018-02-04
adf7dde7efb2d3ce93a32ba439bce856,36715539f8ebc9f7fc73cf94e722c0ff,delivered,2017-11-15 23:26:16,2017-11-15 23:50:27,2017-11-17 15:21:36,2017-11-27 12:23:32,2017-12-13,8635f91d481482da68f901e2f6de5c9a,2017-11-15
3372b84d17cb731396d87c183d50bdb0,7d064377b2c76729a248556076be56a1,delivered,2018-07-19 22:48:13,2018-07-21 23:15:12,2018-07-23 16:38:00,2018-07-27 14:52:50,2018-08-13,258fcc8356f5859b1fbba81350b6f752,2018-07-19
0686d4f89fdf2b3625aa705b7ed7ac95,0ce7a95e45a3f8c60b04c0feabd7fb95,delivered,2018-03-17 10:41:45,2018-03-17 10:55:24,2018-03-19 12:41:49,2018-04-11 20:41:24,2018-04-05,cf77d16520cfa8872481da61af7dc93e,2018-03-17
47b20326123046e5178bbad9e18e533f,255a1183886ab26139187383781f298d,delivered,2018-04-12 09:31:22,2018-04-13 02:31:28,2018-04-13 17:44:44,2018-04-17 23:34:26,2018-05-03,4639e293a85c6e5f16ad065b52348fde,2018-04-12
7c7b5f633170511dbd889d3c4b2794bc,aa0fbd830c89acc3d79d311ff43d0920,delivered,2017-08-11 21:40:37,2017-08-11 22:05:19,2017-08-15 19:52:08,2017-08-21 20:55:04,2017-09-06,eabd76f3506262b0db0dda1d48394a9b,2017-08-11
216237ddbe1a6f6a13a749e580ccf469,aeda955c84b2a855165c2049b66b447f,delivered,2017-09-09 08:50:46,2017-09-09 09:03:51,2017-09-11 19:33:34,2017-10-04 19:19:05,2017-10-05,a621c2c0af1dd7269c1ce20602f1bf9d,2017-09-09
ca66063282c2aeb92c8cf8bb9b3dbf28,892b4b41830746635f341030c1564ad1,delivered,2018-03-09 17:10:05,2018-03-09 17:28:52,2018-03-16 00:58:28,2018-03-21 00:36:39,2018-03-27,c14f81323998d7af253c78216ff68c65,2018-03-09
81fdc868fd0f5c56b9ebea53765e4bbc,d709132e88f6504052afb042f4b7649d,delivered,2018-03-12 11:03:24,2018-03-13 03:50:43,2018-03-16 21:28:20,2018-04-03 18:08:36,2018-04-02,5b8d3d205894a699082c1d6622f69fa9,2018-03-12
099acf2a98eba9bab889af025be407b7,7c2a55810a39cd8421f6fd48f88210ac,delivered,2017-08-15 13:24:17,2017-08-16 03:10:33,2017-09-06 16:04:46,2017-09-06 16:04:47,2017-10-18,5b1ccb22b017dc7b926bc2de7a6ae857,2017-08-15
122ebb4ea3cb1281899533fc66f7d179,197291e1226b07030a319b27281fded0,delivered,2018-01-20 15:11:37,2018-01-22 13:51:46,2018-01-23 20:32:27,2018-01-25 23:09:12,2018-02-19,be4cb52f1e018e4ad1abc82eac59bfd3,2018-01-20
773632f583feeda7d9b063496b6526a2,1c3c91349f4842b772741fee593827e7,delivered,2018-07-02 16:39:17,2018-07-05 16:27:42,2018-07-03 12:59:00,2018-07-13 21:18:47,2018-08-02,6d870928c1d1d6b0956068edd155a789,2018-07-02
cb2a9cb383940ea9958340662d39e2d0,d0bae605ed6507129c12346c5d7e8c9e,delivered,2017-11-12 20:26:01,2017-11-12 20:46:16,2017-11-14 22:41:18,2017-11-20 13:09:33,2017-12-01,a42a9d7752af38116b8340d50b58fd61,2017-11-12
dda0b2b9a46f5c43da98422227eaaccf,fc5795f8f743ecd3ccc0f4d89a50438a,delivered,2018-07-31 11:34:05,2018-08-02 05:30:50,2018-08-03 16:29:00,2018-08-14 17:37:43,2018-08-16,8239011630c4a5ab0b13d19d0d39fc7d,2018-07-31
1b2fd2d45589bc249ee9ae90fdb05a6b,33b73fc80b274c7bfae9141cfd17735a,delivered,2018-02-25 09:47:41,2018-02-25 10:08:35,2018-03-14 02:03:07,2018-03-29 15:57:20,2018-03-29,52c51860b31b4bbd845d9eb3d2ba8261,2018-02-25
bdb80b7777496dacc3cc07faea6aa04d,a862dc8443c7881ce12cb2164fc6ca22,delivered,2018-01-28 20:46:28,2018-01-28 20:54:49,2018-01-30 02:12:58,2018-02-20 16:18:45,2018-02-23,051d89563f914d2da12a71458f214754,2018-01-28
6ee6c06bb9e001463d8eba71bdfc86a7,2c59071cb3b43a971e166dc9e2a410f2,delivered,2018-06-14 21:05:33,2018-06-14 21:21:17,2018-06-15 11:46:00,2018-06-26 19:43:48,2018-07-12,58cdce1e1299e7d65d1b81a4769e474a,2018-06-14
f887e6cba479b38cfeb57c84d0b5c2a6,fbb35b170d5c724ec5949550d50c0062,delivered,2018-08-03 19:38:26,2018-08-03 19:50:15,2018-08-06 15:13:00,2018-08-15 11:54:55,2018-08-20,26c2f2c5d0cf37fd0b406d97df3483b1,2018-08-03
4e55b06f6fb2f612f4bf4723563fd326,4a573b5f77f9998fdf1a72266bfe1608,delivered,2018-01-30 13:49:25,2018-01-30 14:15:08,2018-02-01 01:18:36,2018-02-08 19:36:36,2018-02-19,80f9a3cf7abd0cc0a6fa65c3b196588e,2018-01-30
9682fc7d34f0d1e84959ac32aca9074e,6cf5c6ed017f9173bbd016ee51e04f68,delivered,2017-10-18 10:39:10,2017-10-18 11:06:38,2017-10-19 23:22:11,2017-10-25 19:42:19,2017-11-06,ad505a0deb9f5cbf9fa8d211da1943ef,2017-10-18
32c18d30cd806e094dffaa4a7c4c0c7e,bfbee3d5bc10390a15e18fec4e433356,delivered,2017-11-16 07:56:04,2017-11-16 08:10:22,2017-11-20 18:49:57,2017-11-29 14:08:49,2017-12-05,145e8de426489a56f9b488378a3aafd4,2017-11-16
8a1356e73fa0a9893ba64b82560fa33d,5622d09ffb63e895aa326b94a2bbef7f,delivered,2018-01-29 11:36:06,2018-01-29 12:10:16,2018-02-07 20:48:40,2018-02-09 02:31:49,2018-02-16,0d06b9932f3bf1f838afd9fdff5a0216,2018-01-29
5911ba3eb3648e7f6f55ebbed69f5daa,4fac56d95468b1bf1a6ff9333794d1e9,delivered,2018-01-19 19:25:48,2018-01-19 19:37:12,2018-01-23 18:33:45,2018-03-05 22:06:40,2018-02-15,88187b3d8788e30e20080606850f48cc,2018-01-19
1280636cace716854a705e26c5a91798,cd4f23e2a5efab41854191b78cab6c38,delivered,2017-05-28 21:29:35,2017-05-28 21:42:30,2017-05-31 02:12:59,2017-06-01 09:53:12,2017-06-09,bf6504419e536f7c4c2461ebb0689d48,2017-05-28
54ea8fa6f77521f73ae6c820c7a9192f,1f20e5ed5b01639eae923ee8a4e86389,delivered,2018-05-04 12:49:50,2018-05-04 13:11:26,2018-05-14 12:28:00,2018-05-17 18:06:34,2018-06-08,d4364b1025a7d4d31070998c99de406b,2018-05-04
570804dc299e3fa393a39de3a62643fb,aa2c8c8910fb58687458a073d2de89e5,delivered,2017-12-27 13:00:04,2017-12-27 13:10:29,2017-12-28 18:56:58,2017-12-29 13:41:38,2018-01-16,eb30f0217407561f744d4939fc5df48f,2017-12-27
cebe3ad5dd36961f040f2fff4da454fe,426e0c1dd50e4b9219aee32f0842a258,delivered,2018-03-20 11:31:41,2018-03-20 11:49:57,2018-03-22 02:51:13,2018-04-03 14:08:59,2018-04-11,bad8035ae2b6cc5caf446ec291f624a8,2018-03-20
eb460891256759f5187cb3edc7a73c25,9394e1af2fb0cde9c2e21ec3ab3684a2,delivered,2017-03-28 16:11:39,2017-03-29 17:10:32,2017-03-30 13:13:28,2017-04-19 15:30:17,2017-05-05,5676336821c528df323ea22cfdcccace,2017-03-28
9c753fec37c64b5771eb77ef982c34dc,fe287f582b6ae5c87674e95f6ee11130,delivered,2017-11-29 20:44:54,2017-11-29 20:55:39,2017-12-01 18:17:51,2018-01-03 13:07:33,2017-12-29,50696b4ed7740797be1b00a39330d3b2,2017-11-29
06eed67b7a87cac349143f3319c2b9fe,632615afeadba799faf8226958a2eaa3,delivered,2018-08-10 09:09:10,2018-08-13 14:24:33,2018-08-13 14:39:00,2018-08-24 18:27:30,2018-09-04,f9ccc64481a04c1a9886994895b97f03,2018-08-10
0479573b338446f5fedbcf76cea3bc20,a2e4923be4b1e3437cd230f177b25ad2,delivered,2018-06-17 21:01:50,2018-06-17 21:15:10,2018-06-18 15:28:00,2018-07-05 23:33:17,2018-07-20,8c8bb2ff6ed3e9784b14bc967fb40690,2018-06-17
34957a1f241c065c4bffb7af05754b6a,8710d54afdbc8f3a78afc63f0fb13fab,delivered,2018-03-02 19:46:49,2018-03-03 02:35:37,2018-03-05 22:57:49,2018-04-16 20:08:39,2018-04-09,56331c330d79a9050a83616a24dfc420,2018-03-02
451ef728c85c9cb2765159e30f4fa021,c0d3ff03f73f41d3c2d70a64d86c3e36,delivered,2017-08-11 16:25:03,2017-08-11 16:35:20,2017-08-14 19:03:17,2017-08-17 01:27:30,2017-08-31,3a649b3c6b379a427fa6f4a5f646a43d,2017-08-11
a6f396e6584d25c2b097d0dcd625f10f,88df1c39c26b0578e421d3a71a412891,delivered,2018-05-30 18:14:42,2018-06-01 08:51:44,2018-06-01 12:01:00,2018-06-12 21:05:31,2018-07-11,adf11e81617f7bf5f61703d0ec16427e,2018-05-30
1ce8144d59eef2763c0fbaf8ffd26d31,cffd70efba7f41e519157d935120f41b,unavailable,2017-08-10 12:44:08,2017-08-11 12:43:33,,,2017-09-01,5195a43819843e980c42c5c1138b6a90,2017-08-10
897d215bbe78c235bc0008784a15ac78,0fca9e1dfa39a880a6f0ec6ecbc774ad,delivered,2017-04-02 00:18:00,2017-04-02 01:04:53,2017-04-04 14:13:29,2017-04-12 13:44:50,2017-04-26,1d10557878391272c010c263dba24b66,2017-04-02
c2538621b0075c4349e5a100e773f9b5,0767440fcb6f6ca85a6d50c8f633ed51,delivered,2018-07-18 21:23:55,2018-07-18 21:35:18,2018-07-19 14:03:00,2018-07-23 15:26:37,2018-08-02,df43e0b1c6f257e124883561c1e53ace,2018-07-18
b93e3a733006e1228ffb0f8a5550e9ab,f745cc20c9f5a199205e7f08487942a0,delivered,2017-11-03 18:19:38,2017-11-03 18:30:38,2017-11-07 15:59:32,2017-11-13 19:57:27,2017-11-23,e3d7a0d45bdf701f056d1c423f8bf0f8,2017-11-03
7d07691d1f5e176e6f813a87eb0dc00c,d0e67c1c3a2d11850ad41a64dc5189f2,delivered,2018-02-24 18:58:01,2018-02-24 19:08:16,2018-03-12 21:25:45,2018-03-19 23:38:41,2018-03-20,4279e2fb7de9c27f439fdb82e4f1281f,2018-02-24
9ffb325177b96c422447e3b9ee9a6270,e4079117ea0dc8bc27274e34c4796515,invoiced,2018-05-10 19:11:18,2018-05-10 19:37:27,,,2018-06-05,78901a5f769ea6acdeaac167cb8b8aae,2018-05-10
1e454110fa14e6f2c0273c624515aa41,19fa013565695ba222909a833be3cddb,delivered,2018-07-24 15:16:23,2018-07-26 03:10:26,2018-07-27 16:58:00,2018-08-07 14:56:35,2018-08-15,08543aecfd64afcbb91d7ef62b4db986,2018-07-24
cbd8116a714dcdfd07755c3dd1cb6e1b,b311f353fb8106812ced13389757410a,delivered,2017-11-07 15:38:47,2017-11-07 15:50:35,2017-11-08 19:16:56,2017-11-17 18:14:32,2017-11-28,44f203d7ebae3a4c784d30ccb45b20a3,2017-11-07
4b8bfc23c1469d2169ca53287207a0bd,8367f0bff68b0908ac9efdfa960dfeaf,delivered,2018-05-12 22:12:33,2018-05-12 22:36:23,2018-05-28 11:11:00,2018-05-29 20:03:18,2018-06-06,03c665eff69ae2dd8923230d671e28d5,2018-05-12
5db7d9a0fc370ee9ccbf9dfb04eb2f66,670e85cec98e061725d4480f94fe9271,delivered,2018-06-08 10:01:30,2018-06-08 19:31:06,2018-06-11 15:57:00,2018-06-18 14:53:34,2018-07-13,3e9164656c99d0dccceb16c978d82c34,2018-06-08
f5f8998eee8ec7bc513dc52847d64ce0,f4656b824844a039a87fd9c51ad3586a,canceled,2018-03-01 11:42:23,2018-03-01 12:20:32,,,2018-03-20,149164aee69ed656dedbbe68623157bc,2018-03-01
3a1557b1df85ed91c141834059fa9523,43c6af693c8677ffe3b33ed920b167c8,delivered,2018-02-02 12:15:45,2018-02-02 13:15:29,2018-02-05 17:44:46,2018-02-16 15:38:35,2018-03-07,6b7f28663b757eda01b92673a7c2d2b8,2018-02-02
2f67ec476091f734246617044852096f,09ce0754a6b5bcbb8c24d38a6ce54543,delivered,2018-03-14 11:31:04,2018-03-14 12:47:54,2018-03-14 21:58:58,2018-04-03 20:13:13,2018-04-05,6fe3f2fcf4c33b5803e830f218451eb3,2018-03-14
cf3f036c0781e6c15f19d4d661e0f640,2e614ef09050de569eca813df9d75659,delivered,2017-09-25 00:26:28,2017-09-25 00:44:19,2017-09-28 17:28:16,2017-10-03 20:57:58,2017-10-23,74785256d4b726992b06aa9f790c4879,2017-09-25
4e345c55d847fa86f3500c1abfcbdb8b,4a80f5f7030a54c53ab7ba11f7dba115,delivered,2017-05-04 08:42:02,2017-05-05 02:15:27,2017-05-11 11:50:42,2017-05-20 10:59:54,2017-05-29,4b77d25b54c6ce796f45459d48935995,2017-05-04
5476cb509e6871df824b3fac5acad36d,d28c36430bfa1b23f6ffc7f9343d3f3c,delivered,2017-06-30 13:03:34,2017-06-30 13:15:15,2017-07-03 15:21:40,2017-07-14 11:09:46,2017-07-24,807444dfb525ec7867f28babad34503f,2017-06-30
7f13340e916ed8270e11c9e840317f98,c28575c13776aed05202cfecdc80d6d6,delivered,2018-07-22 00:01:36,2018-07-22 00:15:10,2018-07-27 15:38:00,2018-07-28 18:41:32,2018-08-06,dda153711f14f8bcbf37d7ccd8946500,2018-07-22
5e7a884a951fb8fa7f6596c513bd8fa3,51c563aea32ed3354549f2b6e7f37664,delivered,2018-08-12 20:48:10,2018-08-12 21:04:54,2018-08-13 13:31:00,2018-08-21 16:28:46,2018-09-03,a8f6f42f8a102db1a49f90926eb06386,2018-08-12
644277f39a503fafc78f569629d1a9e4,a8e216a412a6ce248b8b69626b081dd4,delivered,2018-01-18 00:21:42,2018-01-19 02:37:19,2018-01-20 01:38:24,2018-01-30 20:15:38,2018-02-08,4aabb23e9cb86e4831214f60e00a2852,2018-01-18
06d77e4ba21f283252286b6a72fb8fe2,230b221fa3e4d32fcc7525860fc8069e,delivered,2018-07-06 02:04:02,2018-07-06 02:15:08,2018-07-06 11:03:00,2018-07-09 17:48:47,2018-07-30,61461426c7fae2826a509f4364b244ee,2018-07-06
488e18847dc4c18696d2e992f89a7b8a,2c800090d448771fe1e27c843e63d4dd,delivered,2017-07-01 21:54:31,2017-07-01 22:05:11,2017-07-04 15:44:53,2017-07-17 21:22:10,2017-07-27,48591f5d1cbe4492bf8d2ea0da354f72,2017-07-01
b135bf23f8815a4a1a3d92cbee94b3f8,8ef1a0327a1f26402ea820e1ec7f38b1,delivered,2017-10-31 18:43:32,2017-10-31 19:34:37,2017-11-03 22:33:58,2017-11-06 22:04:20,2017-11-13,d2734a07ebd6c4f07719d1acb192d2ec,2017-10-31
af4812c0286cb623517321205ffb5d1e,4ef4f77528c601288dcfb9c522fcf103,delivered,2018-07-08 14:22:14,2018-07-08 14:30:15,2018-07-10 14:39:00,2018-07-11 16:18:32,2018-07-24,1c4198b6d5b7dbe414001304f2442a60,2018-07-08
006cb7cafc99b29548d4f412c7f9f493,97dc92f1aae3a7db8b252d1b8466910e,delivered,2018-02-17 14:22:34,2018-02-17 14:35:28,2018-02-20 19:08:00,2018-02-25 13:46:52,2018-03-13,d5faae3f913e775994e53068992969b5,2018-02-17
c80bee063ac8e261dbf244fa3f710329,62ca610dbe5613c3e87ebf91eddf632f,delivered,2018-03-09 11:50:45,2018-03-09 12:48:46,2018-03-09 23:03:43,2018-03-23 20:37:30,2018-04-09,bd7e86dd7c200cfba543520305150958,2018-03-09
7556c9431d94d44cdddc1d0139b6cb12,0125bee4b30f40607261d06f47b0f38d,delivered,2017-09-20 16:08:03,2017-09-21 03:04:52,2017-09-22 16:03:35,2017-09-27 17:52:48,2017-10-11,a4bfe05c0977b521c31704c8aa540c39,2017-09-20
9004b30a5d18b572f851753f41d795c8,f076080ecb118d0aed94073f9b62893b,delivered,2018-07-15 21:22:38,2018-07-15 21:30:16,2018-07-18 16:23:00,2018-07-24 16:52:29,2018-08-29,cd6abf87ec6f33c68b4a614a4aa1d262,2018-07-15
85d7c5b41a94729aa45792bc7b344b79,ade0b894f0c2f0179abb3a9b308b2dc3,delivered,2017-07-25 14:37:38,2017-07-25 14:50:14,2017-07-26 14:23:23,2017-08-01 18:53:32,2017-08-14,d1ded247833a7edab824e4c65ebd49f2,2017-07-25
06fa245bf2ac2f602be83224fc55ae39,96c9939a5ec01aa77921f2701cade82c,delivered,2017-06-15 19:44:13,2017-06-15 19:55:16,2017-06-19 16:48:46,2017-06-27 14:11:56,2017-07-19,f6a39cac9b20115ddf2b41a7a6318ca3,2017-06-15
97998b2b2e9a8fdfaa4ed32426a52878,acc8347e3fee97262099a0f0baa1bcb4,delivered,2018-05-17 16:46:57,2018-05-18 00:14:42,2018-05-18 14:30:00,2018-06-01 23:33:14,2018-06-13,78dcc0e6e3cbb4ea0ec6235ccd3c786c,2018-05-17
ba6442763c55ec1e7bd72b1d931b2700,c3ca30ff55044bd8aa685720a84bcf09,delivered,2018-02-24 19:12:02,2018-02-24 19:47:06,2018-02-26 21:22:49,2018-03-07 00:42:01,2018-03-19,9b9cd2f9b91551197e33c1e9930c35ce,2018-02-24
0c65b0adb51e15670674ed805d0f4b7b,c9bd8778478d381ddb117b541133bc1a,delivered,2018-01-15 02:39:35,2018-01-15 03:22:53,2018-01-17 18:32:56,2018-02-02 16:33:46,2018-02-05,38649961e8883b5ec49739d582e47384,2018-01-15
fb1eff538c7c7033fdb5a6a0a3edd456,861634973d2f38fb64c5bb942e3bcf12,delivered,2018-02-22 19:25:39,2018-02-22 19:35:32,2018-03-01 18:54:28,2018-03-22 01:03:23,2018-03-21,9ddc4fab5c2a09240c340b84c472d044,2018-02-22
3103711a12d2c4c5a35a9fe7b3308543,ab3168bf3379c0043700ea484efc1f61,delivered,2018-01-03 22:31:34,2018-01-03 23:19:06,2018-01-04 20:58:52,2018-01-12 14:52:49,2018-01-29,5872f3bc572035fc4ca6626831756f5e,2018-01-03
5e771b3e628a932944f48b525b11948d,6deb02bb604b2fe695b7d2e741aa23f3,delivered,2018-01-05 19:35:36,2018-01-05 19:47:55,2018-01-08 18:56:36,2018-01-15 23:32:53,2018-01-31,cefd6be81dff1a0730ca138fdf714f69,2018-01-05
4582ccfc1e48008cde73b10eb9a6e9e2,f26d2c526fca70a48befbe5cd3a68231,delivered,2018-08-13 14:16:50,2018-08-13 14:30:18,2018-08-16 15:18:00,2018-08-28 20:38:46,2018-09-17,448d786c6c504e6a34c63f67ea7401d8,2018-08-13
b8db7d2782799267ee683bb2afa7f26f,0680214e013bf3ee08069f02ed2c0d80,delivered,2017-12-08 22:32:18,2017-12-08 22:52:36,2017-12-11 14:57:22,2018-01-11 20:44:04,2018-01-09,514663a4e38474dff6d557ff463f67fb,2017-12-08
e4d3feeb8db71932f3211bb585169c4a,53d7bdb03c1054588851c0440946f5fa,delivered,2018-07-22 16:21:36,2018-07-23 12:31:40,2018-07-24 14:07:00,2018-07-26 04:11:10,2018-08-03,45b2abdef10b6982e4bf4673a72a1e16,2018-07-22
0ce15b4615f37580142c31f7da6147e3,54e9ecf855eeada42eebb2d344ae3d2e,delivered,2017-07-27 12:54:48,2017-07-28 08:43:58,2017-07-31 19:49:06,2017-08-03 17:52:44,2017-08-18,927ba5110113360b9eb6737848cbe46a,2017-07-27
5417f73c560c9f52b1a22639681e14ab,8c1948acd7124c7be069472ccde2bbe4,delivered,2017-05-14 15:21:50,2017-05-16 03:22:31,2017-05-16 11:49:43,2017-05-22 09:00:04,2017-05-31,8aee80827a6de496b7fb059944e50318,2017-05-14
c02bde150f60b4c2adcdd0c0e9d36d0d,bb715c9131b490ed9aab3540cedb7608,delivered,2018-01-31 20:59:18,2018-01-31 21:10:22,2018-02-01 23:29:09,2018-03-02 23:34:13,2018-03-08,96397b6f0b3e9f42db19da7b0c10910c,2018-01-31
41b8d3d206846a4011b5e70974e4e80b,b4dbbdd11746e894f9d453268ee236fb,delivered,2018-01-10 15:25:17,2018-01-10 16:35:59,2018-01-11 22:37:48,2018-01-24 19:44:07,2018-02-14,734a92486c78af33ff4eb77d4d65badc,2018-01-10
e3f0b66713db4b7b5104d6fd00701b16,77ff3e22ab6e2f06e3b4b7b3ba582a04,delivered,2018-07-11 16:54:04,2018-07-13 03:05:15,2018-07-13 15:05:00,2018-07-24 00:08:19,2018-07-25,0be989c5c3e718cb51cc008ed3bac0ea,2018-07-11
7ac519af67a90b42fb3e296a8998f7c9,8b1d12ac3c115a217872856a5f7ff60c,delivered,2018-03-02 20:31:55,2018-03-02 20:49:13,2018-03-03 17:38:39,2018-03-24 20:18:36,2018-03-21,929031309b8a3bc294614f8562a1eece,2018-03-02
aa0833b579391f3c5bf0495431f819a0,922ff2cdb2a5caeb6a8298dc683d65f8,delivered,2017-04-06 22:22:00,2017-04-06 22:35:11,2017-04-07 17:07:21,2017-04-13 16:42:16,2017-05-02,401e5d473cc485c39f2be9c02120c1e7,2017-04-06
6ddbe0f503c2940cf5d24e1d8efee655,504b88cffa09fa0ce24ec30a55577e51,delivered,2017-09-02 21:01:18,2017-09-02 21:15:09,2017-09-04 15:46:59,2017-09-22 16:42:57,2017-09-25,726dd67429ecc11aa6256a9d8d41ae97,2017-09-02
eea3b82592545485f32b998f94ecc03c,e5483066cc637ea39a45541cd72cf00d,delivered,2017-09-16 20:49:39,2017-09-19 03:38:16,2017-09-19 19:51:10,2017-09-28 17:20:12,2017-10-17,0987d790713f8984c12586cca09dc5ab,2017-09-16
fe968a563e6c2d5c98021df7d87ce9c3,132385342ab2a512324dff11db8a83a0,delivered,2018-03-06 17:21:09,2018-03-06 17:50:05,2018-03-07 22:44:59,2018-03-27 18:48:47,2018-03-27,7330a3475a2c65878c2c9b95266bef04,2018-03-06
d273547a145e247d7413e1fbc5279bbf,fb7b8c6db0e37c357a781fceabe02413,delivered,2018-01-29 17:55:54,2018-01-29 18:35:18,2018-02-02 00:57:54,2018-02-16 15:24:56,2018-02-23,5e91f335b1c54456c3ed43c3e7910858,2018-01-29
d5a3687b456d8d82fa6098579ee93e09,a3dc01325c88f631c8b9a0c53ed29487,delivered,2017-12-26 23:25:32,2017-12-26 23:33:27,2017-12-28 20:38:13,2017-12-29 15:18:39,2018-01-15,71e20684b8f8f90e530c7360ed23e6b3,2017-12-26
82962a8abf46b030308d707aff1a7f35,6a2e9d44729494120fbb79c7a642cf98,delivered,2018-07-16 13:07:17,2018-07-16 13:20:23,2018-07-19 11:15:00,2018-07-21 01:21:49,2018-07-27,0e10c840206e4bce1cedfec1395dd2db,2018-07-16
75ff5ef357ea667a4852b346c50f656e,698817bd34dad4f1bc65daee0293a5ea,delivered,2018-08-09 10:39:41,2018-08-10 10:35:18,2018-08-13 08:39:00,2018-08-17 22:20:37,2018-09-03,3fbc2ea2ade77b5d9c47c5d16500cb9d,2018-08-09
2dde1ee3144f40fc9a80df16bb989f4a,afbe83387da5d94cab55e92c63fda67b,delivered,2018-08-11 21:05:12,2018-08-11 21:24:18,2018-08-13 14:56:00,2018-08-16 20:06:29,2018-09-05,3676e668559f922eea8635cfe72ecd8e,2018-08-11
5ded8a3706eabd813685534724f066de,460316e38d4d241fc79d4f6729f8f7f6,delivered,2018-07-18 08:46:52,2018-07-18 09:01:48,2018-07-18 08:44:00,2018-07-25 13:53:17,2018-08-10,0e51212b78bc5f6fcee4638ec2748321,2018-07-18
98c9976c0165c833a2233f98969d1b36,a6bfec497813e0d8c0887d20706671c7,delivered,2018-04-17 09:22:30,2018-04-17 09:35:16,2018-04-17 22:04:02,2018-04-23 13:12:50,2018-05-15,ff025bb85f423ca23e48d109e5bb9c30,2018-04-17
d3074ed095ad4d03c5f6c3573a25fca0,183ba8d595cb64e77a1ad793bd3d0455,delivered,2017-12-03 21:09:42,2017-12-03 21:31:06,2017-12-04 21:33:06,2017-12-07 17:00:16,2017-12-28,cc70d5aa7dd1a57edcac67386095531e,2017-12-03
152c5ae80410664de684b6759b52076f,e029cab9b7ef3e78541646e7c261d67d,delivered,2018-03-11 19:09:18,2018-03-11 19:27:53,2018-03-13 21:24:30,2018-04-10 22:12:29,2018-04-25,dc02867c21f42ed442f02e434234e3bb,2018-03-11
1854fd6df68c9fb96e79379e229929dc,e0f7e62942b9cd2755770e13d2de1ac7,delivered,2017-11-09 18:43:34,2017-11-10 02:55:59,2017-11-16 18:37:40,2017-11-21 23:52:50,2017-12-04,b5591149d00a463883fce43cb540ed1e,2017-11-09
7ca7bb0f6b6d3ff38dbb91aec21a0e62,b7099c2fea8e4284d4e9c6250c9a135c,delivered,2018-05-25 20:47:34,2018-05-29 03:30:51,2018-05-30 12:49:00,2018-06-05 14:07:35,2018-06-12,a54de86aa4370cc93031bb4e99d436b0,2018-05-25
06d4759251d186697714a0c1a3fccb0c,f7a62c25dad6a0c5b8b69662e3a562b9,delivered,2018-08-16 10:08:22,2018-08-17 08:55:29,2018-08-17 14:57:00,2018-08-28 17:12:18,2018-09-04,8db6483d1d4fe35e986b804047b9b3b8,2018-08-16
b59ded0e2e4eb91f0a599b177a267f30,db9ebc038a9fdd2c988ec667281f26e7,delivered,2017-10-15 12:54:57,2017-10-16 13:07:34,2017-10-19 10:22:08,2017-10-23 21:48:37,2017-11-01,71ae3699e3613dbb5924fac49d515223,2017-10-15
51dbf092f04368fda17fb25eb2d75eca,b5bef6f13a8cd4415575b20468875b2c,delivered,2018-02-09 13:47:58,2018-02-09 14:29:04,2018-02-16 02:13:37,2018-02-27 21:17:46,2018-03-08,8ed7111f912474aa75f34ef95a8774a2,2018-02-09
8a88cd510147b16da3ff773025a39430,bbabdabac0f425e8c087ec7ed63a7aee,delivered,2017-11-14 12:22:53,2017-11-14 12:35:24,2017-11-29 13:57:40,2018-01-08 23:19:36,2017-12-12,a897335a844c6cb0c0f25a75f43092b4,2017-11-14
7d41a21f009105cf89773058d28abfab,5ecd1e8699c5bb1ae31dabaf719a0ef1,delivered,2017-04-01 15:30:14,2017-04-03 20:10:15,2017-04-06 10:38:34,2017-04-11 15:54:36,2017-04-28,e0da90d219a4a3f91e1a57dec6e3b8b2,2017-04-01
5bacbd9f42bd029c3a296501224e193e,5a1470d43d8ad960d4199134d3df48e0,delivered,2018-08-10 21:14:35,2018-08-10 21:25:22,2018-08-13 13:54:00,2018-08-21 04:16:31,2018-08-30,0b39f417a3c099ff0497346258e8d752,2018-08-10
b0c8315fab353a75ddea26c39507353d,5bde64bcacb187185e1fc17b685ebfae,delivered,2017-06-07 21:58:07,2017-06-07 22:05:13,2017-06-13 13:30:25,2017-07-12 17:23:49,2017-07-06,1254d0a024ae407ff9a277cd01e2be5e,2017-06-07
dcad7c51d4cb7b49b23bc9893374e95d,c9e8db356e07b9e3d5c7a54dbeb2584d,delivered,2018-02-20 14:47:35,2018-02-21 15:09:33,2018-02-22 00:03:52,2018-03-01 01:11:42,2018-03-19,10491105a622d97644e056491929b67a,2018-02-20
fdf60756868209e239918ee0264ef6d6,bba3dad7534c6f28029414e1a1b25f01,delivered,2018-06-18 15:50:02,2018-06-20 02:55:29,2018-06-20 14:37:00,2018-06-26 17:46:32,2018-07-16,8ad99b078f7bfa945ff8607e5a1165c9,2018-06-18
74f192797c07f66f60a676e9280d8c05,5f6c856f7e717fe8dad4c19ba6b61947,delivered,2018-04-08 22:28:04,2018-04-08 22:49:22,2018-04-09 18:58:27,2018-04-12 21:38:44,2018-05-10,3281e6c4239f76b9e3a5d4dd56103f79,2018-04-08
26838826a950d2be0d5d33cc748ca38f,bab8b35803eee5a7556ec665f47b4cd7,delivered,2018-08-18 12:04:29,2018-08-18 12:31:22,2018-08-20 13:56:00,2018-08-23 16:08:40,2018-09-05,70479d0f415da6600a1e566a3752b4d2,2018-08-18
d80faf302bbccea1f0b613d440de4d33,b5ba1551df04f16933845362a39a3b00,delivered,2018-06-16 19:42:05,2018-06-16 19:58:37,2018-06-19 14:07:00,2018-06-22 20:24:49,2018-07-11,32f234ff042bae4152ffcf99238b2c93,2018-06-16
e5c3b007071722adcd1fbe55751149eb,e8a38e91215a57c808f561edee5e7ce6,delivered,2017-09-11 18:10:50,2017-09-11 18:24:05,2017-09-12 20:17:43,2017-09-14 14:33:30,2017-09-21,6b5b17544cae51356f98e4eac6719763,2017-09-11
16a02781e79ebfb2354323d102e53b8a,a20effc0e40fbad0f1f863c4fa049437,delivered,2017-09-04 11:49:09,2017-09-04 12:03:53,2017-09-05 21:40:07,2017-09-15 20:14:52,2017-10-10,cee4572dc8f36e1feb2bd57d255df5ed,2017-09-04
43bdbd9dc0931d72befdf4765af6c442,3c7c62e8d38fb18a33a45db8021f2d69,delivered,2018-07-06 11:07:02,2018-07-10 08:35:21,2018-07-10 12:59:00,2018-07-24 20:16:54,2018-07-30,95a744604de66a2e40e18086e69be4f2,2018-07-06
dfbf71de5b6a2870e87371cdadeb828a,6db6743bb811ce44727fe1176ae8f64d,delivered,2018-05-30 00:26:40,2018-05-30 00:54:56,2018-05-30 14:45:00,2018-06-30 17:35:34,2018-07-18,6519d9323f3932474ed6eff6bd4b53c9,2018-05-30
d613e5d350507dc43eed8de7ccffdf6a,4f06c14beb9f0bd010c8386b2bfa21ec,delivered,2018-07-23 16:15:17,2018-07-23 17:20:33,2018-08-09 00:54:00,2018-08-09 13:32:05,2018-08-13,85f4bc5064f9c6956bde12417f0a6515,2018-07-23
3029ae44ec91ac6c793566e668db93cd,dbb71dc9efb3e86f11b03e57afea00b8,delivered,2017-06-18 15:27:44,2017-06-18 15:42:58,2017-06-19 16:34:07,2017-07-05 10:46:00,2017-07-19,45003601a32438990718ab4c20ad369b,2017-06-18
b33d48ffe8609b55c9b3112c42b8b9cd,9837774fffe49790bcd608501e06c541,delivered,2017-10-26 20:35:02,2017-10-27 03:10:22,2017-10-31 18:38:32,2017-11-03 18:11:35,2017-11-09,f085aafcefbb810d27d18da422e15080,2017-10-26
0c384d67524b5b92aa2fa6c8baa9a983,53421895d40d7df28d68c22ffa043355,delivered,2017-06-05 19:20:11,2017-06-05 19:30:18,2017-06-07 11:23:06,2017-06-13 14:09:21,2017-06-27,2f3aabaf3f5d1e8a6c49ac2fdee3cf3e,2017-06-05
aa1f345bb394d4b91fea04c459da45c4,4243bdfc60a8e749ec908454e94d0b5d,delivered,2017-09-19 11:07:54,2017-09-19 11:28:01,2017-09-21 21:24:29,2017-10-06 18:30:02,2017-10-17,d94320c3d899128c8374fa05c980f56b,2017-09-19
aecf3e50acb5123797d7beb4d44ffbe5,6ed4624199a0bcf855a11dcf9be6e7a0,delivered,2017-05-11 14:26:06,2017-05-11 14:42:32,2017-05-12 09:21:52,2017-05-17 09:26:31,2017-06-02,331e1d10644f5ad1d0522b87237b3a6c,2017-05-11
d7aadb230c928f33f25ed853f8de7e5e,2ac10cba8a09d7a17d895c5bba8087ef,delivered,2017-09-29 11:28:46,2017-09-29 11:44:06,2017-10-04 19:56:51,2017-10-17 20:05:37,2017-10-24,e46c733f67479a6d5447886afb6d5f39,2017-09-29
60d5550b63e87542c2708c249a2d5c99,52539b4ffbcf1b0a08b8cd35b0c09f58,delivered,2018-01-25 08:00:49,2018-01-25 08:16:07,2018-01-30 01:27:18,2018-02-15 23:21:49,2018-02-19,6fb901cbf82f007fa26c5da2273164a0,2018-01-25
c61e3efc183db6b89f5556efb5aa8797,2ca80df8009eea2c3c8aac6655e7c2af,delivered,2017-11-29 12:30:10,2017-11-29 12:42:49,2017-12-04 19:21:26,2018-01-13 01:59:30,2017-12-29,b38c8c380d02399365a217729afc48a7,2017-11-29
9b6a1b8bf017b64d6ff4d7fe7cd88f1f,a338acc085a7c727f37ea35006506b32,delivered,2017-05-15 10:35:22,2017-05-15 11:42:50,2017-05-15 15:40:26,2017-05-17 08:49:30,2017-05-31,bb2add746d6597c110ef6d831abaeb17,2017-05-15
67719f1f97a4ee0a41d8c15a39f9ff0e,dcef21bb12c65080eadad7543510b3c0,delivered,2018-01-03 23:21:10,2018-01-04 01:04:00,2018-01-04 23:14:23,2018-01-15 14:39:21,2018-02-07,ebeb49901a544826e28d79ec3303a800,2018-01-03
db32ee8b0e87ee3a544e6bdb2a69d749,e09af74cceef34cb09e84d2fc0200a13,delivered,2017-07-25 10:02:42,2017-07-25 10:15:18,2017-07-26 19:22:26,2017-08-17 18:42:23,2017-08-25,250bbb02b79ab188b705906816deac66,2017-07-25
a524add4c939052769dca61e4e2cebb0,4f0c2a0d40df22bbf75a773c7ea9344d,delivered,2018-08-07 19:33:04,2018-08-07 19:45:15,2018-08-08 16:12:00,2018-08-11 12:01:40,2018-08-28,c3a2c7ad588dfa71a59296029be33330,2018-08-07
7e28e4a5d04102555a032a3d0fa1a4dc,8feb6e34ca55c4b86c723f102421372b,delivered,2017-11-20 12:48:28,2017-11-20 13:09:29,2017-11-21 23:07:50,2017-11-23 22:29:07,2017-12-01,d60413988341f6dbde0e3a557bc96476,2017-11-20
b7be7919ce916f1fd5af4a97fe17170a,dd813177a2683712e25a773882ca1843,delivered,2018-05-16 09:44:17,2018-05-16 09:57:27,2018-05-22 05:38:00,2018-06-15 18:08:44,2018-06-08,9d2a165f4c56ba8d8dd8d0e5a88890b0,2018-05-16
1ec8dd02cd90d4ce9458ede38ab15bff,c9aa2cf350508d7b3abe72c1c9b2d6ab,delivered,2018-02-06 14:27:44,2018-02-06 14:35:27,2018-02-07 23:12:37,2018-02-20 12:26:35,2018-03-13,620e659305c2d44485a89608d77fe0a3,2018-02-06
1378f9601350615613cc8832d6789c5d,988126b4ddf725d9724e4318872ea2ae,delivered,2017-09-01 20:28:02,2017-09-13 22:03:51,2017-09-04 18:07:55,2017-09-13 22:24:46,2017-09-29,507dc9becd4fc65635d90682dfa9d3a3,2017-09-01
7064a07883ee3b4bb82d7252c3519546,daf0a508037d7f807f72808b1d720a40,delivered,2017-12-25 23:10:54,2017-12-25 23:28:16,2017-12-27 22:43:44,2017-12-28 17:54:03,2018-01-15,f791bb72858d19fd93fffcf98e6920b3,2017-12-25
a3b56dccb50b5ec2d7286d9624f1721d,fcd80d509b3597554b910dfdea7b3f47,delivered,2018-05-10 23:35:56,2018-05-10 23:51:04,2018-05-11 13:11:00,2018-05-21 23:58:38,2018-05-29,7d225cf67a1c7263e1a2365fbea44e13,2018-05-10
1f210038c217da04d2d88a6a59614f6a,4648c0c1d328c3666d3bda3d6ea08e93,delivered,2018-05-07 21:59:13,2018-05-09 04:14:23,2018-05-10 11:06:00,2018-05-11 19:16:39,2018-05-17,74484a93945a08b6209abcfc66e42522,2018-05-07
eab2a4679330df9f5a75c9864461857b,123ea921911488038083321655563493,delivered,2017-06-12 21:15:07,2017-06-12 21:25:28,2017-06-14 09:53:12,2017-06-15 12:28:03,2017-06-27,9f075d1dd41ea5487577d578521d8f77,2017-06-12
d6b2e1ec7df97339dcd2bea853f8ff0a,37fee4f19422575ecd90ac9b357ace3f,delivered,2018-08-07 18:00:51,2018-08-07 18:10:18,2018-08-08 16:38:00,2018-08-13 22:18:40,2018-08-20,7132e82ade0e8ce5c0426005465f2216,2018-08-07
3d4cd303bd9e47adb955bbf18db26623,0ead2ec7deb36617f21cbbc23d67c8b0,delivered,2017-03-25 20:37:24,2017-03-25 20:50:18,2017-03-30 16:32:08,2017-04-04 17:20:17,2017-04-25,a1a89d0c164e9e8cabd632e2523b8206,2017-03-25
f0635a71f7207aab8ef29df0d1ee7104,9f3138bc272b22e8eb38f4819728ef01,delivered,2018-03-14 08:44:36,2018-03-14 09:08:16,2018-03-14 19:53:22,2018-03-15 22:41:52,2018-04-03,78d4b99ae47914661abd3c888cb94efb,2018-03-14
2ae6bf810adb8aa11c97527eb4e62a15,0b5065817c2e406c9d9416fd353330d4,delivered,2018-04-15 16:54:26,2018-04-15 17:11:11,2018-04-16 23:06:50,2018-04-24 22:05:03,2018-05-09,67ef79c4785a569d7ab5511473b019ca,2018-04-15
72c08870543260f5d5e2336b34887f6b,50bc80da888f4490074adaf6d63702b5,delivered,2018-02-27 14:33:46,2018-02-27 14:49:15,2018-02-28 22:58:52,2018-03-06 00:08:44,2018-03-19,845b0d34e8b6a74c6f9453901b5108fc,2018-02-27
1c3ff8273ec39c058ff80da86f9ca2c4,6f9a964fa04ebecf999971e89b370a1e,delivered,2017-07-25 22:14:11,2017-07-25 22:25:16,2017-07-27 17:21:47,2017-07-28 14:59:03,2017-08-09,018974568b0b5a8c395465dee270c3a9,2017-07-25
63fd40b25ac9dbeea8ec6b26558a1add,23e74e2cca6193a0e238483464222068,delivered,2018-02-11 17:49:44,2018-02-11 18:08:18,2018-02-14 21:38:58,2018-04-20 23:08:27,2018-03-09,30fac3a7d72060742bcbe7b787617343,2018-02-11
a01ca80edfd6ef1c7acefbef55ac7031,ec36973ada72d7c55461ad8f996586d7,delivered,2018-02-13 12:30:17,2018-02-13 13:30:29,2018-02-21 17:49:28,2018-02-26 17:55:09,2018-03-01,b77e57099c3699d020fbde9380a7e0b7,2018-02-13
75317b0ece497c2c9f9e9ed06889a90b,107148803b5e770ccca1b67d6f3a2d9c,delivered,2018-04-03 00:54:42,2018-04-04 00:48:51,2018-04-04 23:29:25,2018-04-14 17:03:18,2018-04-13,f597cd686de38086427186d274582e70,2018-04-03
e5df40271cc99ceb080a6681f786bf7a,aa33715540792a5eaadd962b59dc2b7b,delivered,2018-01-08 20:53:40,2018-01-08 21:08:30,2018-01-10 18:43:39,2018-01-30 20:29:03,2018-01-24,fae827c7f5444b95b0fdbcf2f271600d,2018-01-08
da3dc62f13188f2866f5775585107a7f,86ea4a79110e366249a61523e3db3d3c,delivered,2018-07-12 11:14:48,2018-07-12 11:35:14,2018-07-16 12:54:00,2018-07-24 17:53:32,2018-08-07,c6cdb4911a67929f08be67a75bebe82b,2018-07-12
92d4f9af8eda394387d3eb1ad200780f,d0fca61c3a051f84c79b426f3e4db3d5,delivered,2018-07-23 23:59:43,2018-07-24 10:31:20,2018-07-25 12:28:00,2018-07-31 22:28:50,2018-08-14,f86befba61895e79ed4c44e749304886,2018-07-23
3efad2f02cb8a968f7b34073a21949c0,bb0d1592451676e13e937787c153407a,delivered,2018-03-15 23:38:37,2018-03-15 23:50:28,2018-03-16 18:24:29,2018-03-26 15:08:40,2018-04-20,c227f9c01e8bf6e61129f061dd66795b,2018-03-15
9ae3c6624deb5b341037717c96283994,357a22e63af7d01fbb36c780009744b0,delivered,2018-05-17 16:36:54,2018-05-18 01:57:23,2018-06-01 13:14:00,2018-06-04 18:45:57,2018-06-21,bdca02cf2195276d673c2b2b3a49a527,2018-05-17
d8620e7ce05898d127530e10ba2c78f7,fca2e99ba03ae4ff7e6b2d2b0be57fdf,delivered,2018-06-13 13:11:15,2018-06-14 13:18:54,2018-06-18 14:26:00,2018-07-03 15:57:08,2018-07-18,29f29959f4ed02725ec7b1a44c36074c,2018-06-13
edc5c94770796f4212d272830dd17840,9402dbb303afb512fea5c46c22523b95,delivered,2018-01-12 17:48:27,2018-01-16 03:51:12,2018-01-17 15:53:37,2018-01-20 14:16:24,2018-01-31,fb7e8cedfe446e7e20dc61e00e84a722,2018-01-12
7aa6b432c4945c7b3aef906c5c3506df,5caa434124c224aa365a0e9c1105b9e4,delivered,2017-10-14 20:15:22,2017-10-14 20:28:30,2017-10-17 19:13:04,2017-10-23 20:18:45,2017-11-03,4be56b706e670d37ea3f1a81927425d3,2017-10-14
e1d476e141862d870436d761b312032d,8eaef9eca5f384f13d08bdd90c07434f,delivered,2017-09-09 14:03:48,2017-09-09 14:15:13,2017-09-11 22:42:27,2017-09-25 22:08:43,2017-09-28,69e614f614a3716d949e7ffeb09afd5f,2017-09-09
9b54bdfadbd9f2645d10e93bc14dede9,5b5ad6ceb42c743bd3bf42efaf927b09,delivered,2018-07-26 18:25:43,2018-07-26 19:31:15,2018-07-27 09:46:00,2018-08-01 14:58:44,2018-08-20,a0caf0ebcf81f6f063278e68e9154c4b,2018-07-26
8cfa7a16b03f825c01508778166f12f1,5b1a8ed13a9f69b2e8073383c4e1abe0,delivered,2018-08-02 12:06:03,2018-08-02 13:04:15,2018-08-03 15:41:00,2018-08-05 17:58:42,2018-08-07,ed09deed5ae6927bbd677c7d2965d1ee,2018-08-02
aafb39df40ca7d13b0bfce23d7b83032,744b745c7c394ba4497c665277bc866b,delivered,2017-03-11 11:44:45,2017-03-11 11:44:45,2017-03-14 06:08:07,2017-03-16 15:17:46,2017-04-04,2153521e4b91c5a56bf893d946831ff9,2017-03-11
5eb4342599aecd639d77940ef0cac6d7,124e3f6e2618c20dd81965e73f60e1b4,delivered,2018-04-30 09:34:18,2018-04-30 09:50:28,2018-05-03 08:44:00,2018-05-08 16:44:46,2018-05-16,a48abe4503a58866996f4fc68c9ea2a2,2018-04-30
6e4c6bf06ed0a86acdeea42fc3f41e22,0b217d8da6b2afcd904aa1240a06ef81,delivered,2017-12-02 20:26:25,2017-12-02 20:35:32,2017-12-04 16:05:47,2017-12-18 15:18:41,2017-12-29,ea8bd00f6ef1d0351a5f0897b0696f45,2017-12-02
5d9b1cf79cdb606d15a2fe3dda0b38af,464e820e4436c6fd75c0cd77d08c0b54,delivered,2018-06-06 16:52:28,2018-06-06 17:15:15,2018-06-07 13:03:00,2018-06-18 16:11:54,2018-07-19,8b7646e11e0a447bc380ddcd25dc8195,2018-06-06
79e449c1c0d89c880cb601cd5856976c,8636a960c2d0bae14b65c2ba881f0916,delivered,2018-03-30 19:43:03,2018-03-30 20:27:22,2018-04-17 17:28:37,2018-05-11 19:18:47,2018-05-02,e95b6cd6fc35071d55789ad3f6ceca6e,2018-03-30
b81d174e61c49d745e4c5825bd7e539d,e9f46905b2b48c595e07b24dd0089ae1,delivered,2018-08-22 10:56:35,2018-08-22 11:05:23,2018-08-23 15:24:00,2018-08-28 18:32:16,2018-09-06,90235c6a7e82a2a53d8ca13a4fb72de7,2018-08-22
b811c8ca07716586e80c0bc4f2a6e39f,a7dd8bd4bdbdc55196a8ee7fd336dde7,delivered,2018-04-20 18:29:15,2018-04-24 18:49:01,2018-04-23 18:28:42,2018-05-01 00:32:42,2018-05-21,a9747b164275fabdd901a9fc169c5251,2018-04-20
c52a603ac74efb60aefc2f0e79d3a432,607c5e234f26e35e0e8e32a6eb47670f,delivered,2017-02-02 15:22:02,2017-02-03 03:45:34,2017-02-03 12:34:52,2017-02-10 09:27:44,2017-03-09,49d2fac3209b6f052367bb54444b3749,2017-02-02
8f1e49888948febad9d7dc3ce8ec85c4,d05c4e03658b8be32ab5d465ee33496e,delivered,2017-08-22 12:42:42,2017-09-01 17:30:13,2017-09-02 11:32:39,2017-09-13 21:29:54,2017-09-14,f5ceb103755f000d1c56ed3929256a8b,2017-08-22
02aeeaf3075593045bf2f59a7109e2c1,64452af16a3a2a817f9f56bd085e535c,delivered,2018-07-22 16:16:38,2018-07-23 12:32:20,2018-07-25 16:28:00,2018-07-30 14:52:52,2018-08-14,75c59d47392e43f3b9bb311e92874cec,2018-07-22
1052fc490084f258baac0395a94fa58d,e462719dbc5b591fd5713cd4a8de758c,delivered,2018-05-24 15:47:39,2018-05-24 15:55:25,2018-05-29 14:18:00,2018-06-04 16:51:16,2018-06-18,72eb961337993c4c089cb9135b86de90,2018-05-24
68ffe75ea06c7f7bfe38362dbcc2ba6e,5f4c7383d828ebcc50b068dae3ceb69d,delivered,2018-01-25 00:36:31,2018-01-25 00:53:19,2018-01-25 19:33:49,2018-02-06 16:08:08,2018-02-19,b6afc3236a73ed27921906eef2175927,2018-01-25
3d451284c2eb1fde30c16195e8f80fc4,040beed7727775617d1a7da5d26efaa9,delivered,2017-12-13 12:48:58,2017-12-13 12:58:28,2017-12-18 15:56:53,2017-12-30 17:59:04,2018-01-22,531b40ed8e69fa1fd2ebc9bb7ee61f53,2017-12-13
4df9ec980f9fb78c2ef93ec39d5d1d06,90dfcb73b06f1eda7b6860b196604bf0,delivered,2017-12-16 12:39:00,2017-12-16 12:55:45,2017-12-20 23:08:15,2017-12-26 13:18:52,2018-01-05,b5b2b8a1f537e0772a3d1b68c364cdb4,2017-12-16
be0c74fbf10fa0f9ff71d978fdc49fe5,43491d3d8c2354d4f3c28c63e25b9a9a,delivered,2018-07-02 16:34:57,2018-07-02 16:50:21,2018-07-06 11:39:00,2018-07-12 19:46:24,2018-07-18,7daf1be59ddc581a6991377c451fa4cf,2018-07-02
b8664a67156f7d886752140cd2e2e089,5a85f4f7d4dcd220e4b29e0d0ae6478e,delivered,2018-01-22 11:21:10,2018-01-22 14:19:54,2018-01-23 19:42:17,2018-01-31 18:32:57,2018-02-20,fec815965dfefb4e300b0c835045b021,2018-01-22
48aa7e4eb5522e310f74f208a4bd3199,25234bb91effe121c9b3b319863f9a11,delivered,2017-10-26 20:40:28,2017-10-26 20:50:22,2017-10-30 18:09:04,2017-11-03 21:29:47,2017-11-16,e38edad2ea835ce191defffe1646a1a3,2017-10-26
b209d9ebeffc9e2d9792355b594c5b25,d65be8567462ef26b2667c3ab8835a85,delivered,2017-11-17 19:45:25,2017-11-17 21:00:26,2017-11-21 20:26:34,2017-11-29 16:09:37,2017-12-06,b698379306c3fad0ab64d82a63a770a2,2017-11-17
734a45cad1f49226013e72303953d6ad,cc2c433fef10e158effe8dc9bba5018d,delivered,2017-08-07 16:35:50,2017-08-07 16:55:19,2017-08-08 22:17:59,2017-08-15 15:13:59,2017-08-29,b2d7efad96cd6e0818a695a03507bdbd,2017-08-07
c66d11687a807ceb590246a11aa1bc48,656c9acfad89c56538d70724a5e4adf8,delivered,2017-07-12 10:10:23,2017-07-12 13:50:16,2017-07-14 19:51:37,2017-07-19 18:39:35,2017-08-01,e1c51fc18b81aa0d1b21e059cf5f7c85,2017-07-12
24f209c23bc564a88e7cbb7f46e17505,f45be1f885a95dcb91592d65ea0b3ec2,delivered,2018-01-16 14:20:42,2018-01-16 14:31:33,2018-01-17 17:03:50,2018-01-18 21:19:26,2018-01-31,6fc76443d00c18b12b610b5396f647ca,2018-01-16
623906ceb400510974acad2860500532,bbfec30263d2f8e19e695453564a007a,delivered,2018-06-19 19:05:34,2018-06-19 19:35:56,2018-06-20 14:45:00,2018-06-25 18:03:14,2018-07-11,9ccd3694bf9d11a53846dcc5c105e7b6,2018-06-19
f459d85f58bc7103cc87a3659e6e3591,8c2ecd1304e383107135db95e1f4007e,delivered,2017-09-02 21:00:39,2017-09-02 21:15:06,2017-09-04 19:53:55,2017-09-05 23:26:35,2017-09-15,82d61fe7eb18d4fae9f5424254d16934,2017-09-02
32fef9bb0f0402350b640eb6f13dbe09,28c857caf2f37bb8751725b85dac2481,delivered,2018-03-07 06:46:21,2018-03-08 02:15:43,2018-03-08 19:54:23,2018-05-03 00:39:55,2018-03-29,022130229ad6d7d853447a4b0979b2dd,2018-03-07
81134c0da031fc1208ab4376cb3f384a,e36bfd34e63416370982b812ce3a8525,delivered,2018-07-27 06:11:22,2018-07-27 06:25:07,2018-07-27 14:22:00,2018-07-30 18:52:32,2018-08-06,799e0af247812955c38131a7647598b5,2018-07-27
9d90fa2a9d750969296393c7da7ffa8a,b5dd975e9fe6e6492a3eb69fa3814baf,delivered,2018-05-08 11:18:57,2018-05-08 11:35:37,2018-05-09 16:32:00,2018-05-14 19:51:19,2018-05-25,196121e10fe69495f9e26dc5e8debaa5,2018-05-08
83c76350df165cbfe7c4f88eb43c2f00,34aff65d100d6bc40a108e53b2d261a6,delivered,2018-01-16 13:48:11,2018-01-16 14:11:02,2018-01-17 19:59:04,2018-01-19 22:21:49,2018-01-31,35781d1a87e746dc2ac58de2c68ebc07,2018-01-16
f723300ed4370482630acdfa2d5209a1,ba863d05e6d58a9a9310e89946422520,delivered,2018-03-02 08:28:17,2018-03-02 08:49:52,2018-03-02 21:34:16,2018-03-14 00:26:39,2018-03-15,341dbbe37f4618d70d8476916133e7a7,2018-03-02
71eb50917f5fc3dad71d5db670959dc5,cac1bebaac8369cf3c90084ad62bc4cf,delivered,2017-07-01 10:34:45,2017-07-01 10:45:19,2017-07-03 13:27:00,2017-07-06 15:46:01,2017-07-21,19de4cc79e2c2986e70b155b7631f61c,2017-07-01
5045f8988a109fd596bf3b238219b0de,23694a0b935bf1c804cb78c9bb7018cf,delivered,2017-12-15 18:06:32,2017-12-15 18:17:19,2017-12-19 00:24:53,2017-12-27 20:13:29,2018-01-23,69090b02462b0d5c888c9b2c573f2096,2017-12-15
605a65763ded48a0db12fde2b0106a9b,67a5c4c74d60d14a792f89e8acf468bd,delivered,2017-04-22 15:10:29,2017-04-22 15:21:18,2017-04-26 10:03:32,2017-05-04 17:17:43,2017-05-11,91471095d07cb61d6d60d004a9e6e908,2017-04-22
7072d06682bebe0a0e66c3ce1f30131f,dcef87318712d5f3564c827fe35a689e,delivered,2018-03-16 09:15:09,2018-03-17 02:55:31,2018-03-19 23:48:28,2018-03-24 13:58:26,2018-03-28,a123ecf1cca948ad11ba7e57cd7012db,2018-03-16
61675bf97cbea18cc7bda3adfa73c348,774d067888d5255050937a1952e46cee,delivered,2018-05-03 10:01:11,2018-05-04 02:55:47,2018-05-04 13:41:00,2018-05-15 18:14:51,2018-05-30,8b8a58b83b31bff76d625aa09cc466ef,2018-05-03
e4ab47067c4cce118537efb1938f87dc,766716773193d515bbb268dc61c8cc06,delivered,2018-04-13 21:36:34,2018-04-13 21:51:00,2018-04-17 18:22:50,2018-05-03 18:38:36,2018-05-15,b02fdd2b810e62da62cd5b2b26a66cac,2018-04-13
27943171ad2f4d49d8ad2df967b6c8be,27f6af0c81fab95708eeab76326d4b4f,delivered,2017-03-23 15:31:03,2017-03-23 15:43:45,2017-03-24 07:33:39,2017-04-03 14:22:48,2017-04-13,5b518776add29ced401d66c76d3f4b47,2017-03-23
ed10ac24a1a673552fcceb839887e8fd,7676bb2e4592010517f7501369a1fb75,delivered,2018-02-28 09:03:32,2018-02-28 10:11:46,2018-02-28 22:14:18,2018-03-01 14:27:05,2018-03-13,110e87b7ba7b66d5ec76a391ef3680a5,2018-02-28
5a8a4dc28b16fb90469ad749f9535773,c0c8b8bb055100a0cc08dcc04d847ac9,canceled,2018-03-13 10:58:09,2018-03-14 03:08:35,,,2018-03-23,82ec5f749b66f1857e868b6414a67ab3,2018-03-13
fd60bf4b9338e8b58fdf1e5df58c5cde,fff906ecb75de5809be384e0f8d65e45,delivered,2018-03-12 23:42:22,2018-03-14 02:48:46,2018-03-14 19:24:43,2018-03-20 12:08:51,2018-04-06,948250fc2b818dd22924a8000d69700d,2018-03-12
b09eb4dd9213f7207888166bc6e16a6a,e6153a41439b7e1ae5508b4dcd9a1055,delivered,2017-08-29 14:31:53,2017-08-29 14:45:34,2017-08-31 15:05:53,2017-09-08 17:33:59,2017-09-29,3840224a09f80a2ed45e2abba46ea462,2017-08-29
034198ae241b34a9bc0d85282408937e,c7a4f3b89bd89c8b47b3eab4a1df1176,delivered,2018-01-31 20:18:59,2018-01-31 20:30:49,2018-02-03 01:38:48,2018-02-14 23:28:50,2018-02-26,bbc33f1ef4e6e1293cc6c04d7c99f7ed,2018-01-31
48f3a0cfae19477fb7c023ef6e092dd1,76468fc2e290875c93f53af327982889,delivered,2018-03-19 10:05:40,2018-03-19 10:27:09,2018-03-20 17:52:11,2018-03-27 20:19:24,2018-04-06,9eb77967122094a4eea4084933b47a1e,2018-03-19
94e3a1e85a53a8ec73ca2453f310aa5d,ce53557bd511a76d02ede6787c24773e,delivered,2017-07-01 18:37:05,2017-07-01 18:45:14,2017-07-03 18:05:49,2017-07-07 20:09:27,2017-07-27,0c25efdac557ad14ea9fab26cd008f4e,2017-07-01
4b09fc170c84e10e4caeff4d880db358,13527074814c80fd3f739a54ee91672c,delivered,2017-07-30 17:47:40,2017-07-30 18:03:23,2017-07-31 22:07:43,2017-08-05 15:46:47,2017-08-22,b0a77e6789312d03f251d620e6176976,2017-07-30
48d9d778ca005971949d2ccad7e99d70,0e94fdb092e81e1a604cca2ddbad0825,delivered,2017-05-01 14:48:33,2017-05-01 15:02:20,2017-05-05 18:17:45,2017-05-15 18:34:04,2017-05-30,015557c9912277312b9073947804a7ba,2017-05-01
dab8a6c6bd6ec448df5b3a6b6cb887bc,394653a10cab83cad40d7e2713f3ab89,shipped,2018-07-14 10:12:51,2018-07-16 12:30:58,2018-07-16 14:34:00,,2018-08-03,19623b03a989f84045b914cc36ee555c,2018-07-14
d10046876c7d9f01613da59ffa6cb07f,6559cb5b365f173915f766fefcd86972,delivered,2018-07-18 16:14:16,2018-07-18 16:25:17,2018-07-18 15:34:00,2018-07-23 20:46:44,2018-08-07,32bd614ad5f7df677e4bda5356273ddb,2018-07-18
906a6b0a96d89ee226e4977e99b80b9e,274a720e69d300bc7696c8570f8978fe,delivered,2017-08-28 15:14:21,2017-08-28 15:25:29,2017-08-31 15:25:01,2017-09-05 19:47:44,2017-09-18,e2226f481eef03f2876d1a27f0f4b1b0,2017-08-28
599c2d88fb3c46093862da1d28b2dd49,8b539d8bfc7202d27eaaf24635178238,delivered,2017-04-29 16:26:24,2017-04-29 16:42:59,2017-05-02 12:07:59,2017-05-05 10:48:06,2017-05-23,dd5b4ebda4f7f27cb2e960c11700ab2a,2017-04-29
7c5ab5df45280f691489df7678d80fa3,52a2dd055a67a6be98f33b7b02a125e3,delivered,2017-12-28 00:47:40,2017-12-28 14:28:31,2017-12-28 22:49:12,2018-01-06 00:35:30,2018-01-24,6023dd541719e9254dd6bd8185f068fb,2017-12-28
b387e886ca5c0ec6c0f74a67d7dfc141,91107ca9c79b2a1a149fa27ce50fc65b,delivered,2018-02-13 20:37:29,2018-02-13 20:50:37,2018-02-16 19:19:32,2018-02-26 14:42:11,2018-03-07,edd4ca461f2daafb315cf01ac3f05821,2018-02-13
5691108060e2d41f29c317bb5f4d70ab,08ecdefcac7e5d4d92cd6206d6401d09,delivered,2018-02-09 17:33:50,2018-02-09 17:49:30,2018-02-15 16:47:52,2018-03-07 18:17:58,2018-03-08,cf76ef4381eb93e8cca57ff7108cabe2,2018-02-09
7c7746634ce6a69ef54045fc818fd366,25f13b156875d8101f5b0cbd1d1fda75,delivered,2017-12-20 20:40:55,2017-12-20 20:52:33,2017-12-27 17:30:31,2018-01-04 19:37:58,2018-01-18,83471769a2055c338c03fb17e8ca300f,2017-12-20
1ab38815794efa43d269d62b98dae815,a0b67404d84a70ef420a7f99ad6b190a,delivered,2018-07-01 10:23:10,2018-07-05 16:17:52,2018-07-04 14:34:00,2018-07-09 15:06:57,2018-07-20,2077f7ec37df79c62cc24b7b8f30e8c9,2018-07-01
04f352fa3f3b02bb7c523906d577c4b8,7d330f9363872d46a4d38361586876a9,delivered,2017-11-11 19:03:58,2017-11-11 19:15:27,2017-11-30 18:34:30,2017-12-08 16:22:17,2017-12-14,78f7a0000176f416c525fbda5b2c6840,2017-11-11
f565be42bf5390f6cd98934cc4c17091,d5bb85d2c9324fc7a298992e501ca509,delivered,2018-05-09 15:22:58,2018-05-09 15:51:38,2018-05-16 05:29:00,2018-05-25 23:51:46,2018-05-28,f3a6febe6e4236817f26caf440beea4e,2018-05-09
8c3dc89e0f3cb3d2ba28bd9559109b84,0e3831c91b42710f9ac7aa1f0e4831f9,delivered,2018-08-09 15:39:32,2018-08-09 17:25:18,2018-08-17 13:59:00,2018-08-23 02:27:51,2018-09-18,bdd176e678f14d84e9f19bafa82a5a69,2018-08-09
b159d0ce7cd881052da94fa165617b05,e0c3bc5ce0836b975d6b2a8ce7bb0e3e,canceled,2017-03-11 19:51:36,2017-03-11 19:51:36,,,2017-03-30,78a159045124eb7601951b917a42034f,2017-03-11
49d644145fd8c0e627171467006e7c5c,726b7af7fc5edf3f4276a0ea74249b18,delivered,2017-03-18 22:34:25,2017-03-18 22:34:25,2017-03-21 15:54:29,2017-03-24 19:57:57,2017-04-07,88b2a20927021d420f7ea6a6e71ae478,2017-03-18
182fa9505d1a70df89f74950a4e9369c,8b7b669f96ccc3bcdf29ab0bcf3bf311,delivered,2018-03-27 22:16:03,2018-03-28 08:27:27,2018-03-29 23:32:31,2018-04-11 10:31:28,2018-04-24,edd025f570fec6a6121ee25f965f03ec,2018-03-27
7403ac23ba120fd8567475b2f38bedcc,516a37d1245dd9d6c5bad03d4138dac8,delivered,2018-03-22 16:09:54,2018-03-24 02:10:56,2018-03-26 23:14:43,2018-03-28 01:29:00,2018-04-04,5224f4a19e5f63ba725c130ee96ec602,2018-03-22
ea4ef5a01e67f61cba450e6294f0c92d,993040fb146e87d34cf90fef5dadef26,delivered,2017-03-24 20:44:41,2017-03-24 20:55:17,2017-03-27 11:26:13,2017-03-30 16:57:44,2017-04-19,0ca4f40bcb9a321e4bfee0f3a23817ab,2017-03-24
2b5bd09c3c5b318e1b7293015fdfb481,9ca79e35d1014c21159bad5aa971820f,delivered,2018-04-06 10:53:07,2018-04-06 11:10:37,2018-04-07 01:16:48,2018-04-07 16:52:22,2018-04-23,fc48def6616d272114ea092bc8932c1e,2018-04-06
84f9634e0295cecca0f76ae5cf5634f2,e38f354c82da2d54f3e038bf4f40d5af,delivered,2017-10-09 17:39:44,2017-10-11 07:33:38,2017-10-17 15:13:10,2017-10-24 19:59:23,2017-10-30,71e45e001ce14fce23b14e351de6b273,2017-10-09
57242d7642063c0d6118305c58839a6f,91f797f3971210009f7b9261a82b8939,delivered,2018-03-08 15:59:03,2018-03-10 03:50:34,2018-03-13 12:28:40,2018-03-22 17:37:35,2018-03-29,1664dbb811a17747439f7a1126173ccc,2018-03-08
30b949a0f71893bbe321509b0d32bcc6,02a9194295f0ec290cebf3a0e66c98a4,delivered,2018-03-30 12:25:09,2018-03-30 12:47:26,2018-04-02 12:47:23,2018-04-20 17:03:32,2018-04-24,60ed768b344374346f06d81195642455,2018-03-30
79740c687f8732e1b4e5464d41457103,6eb75bd6718fd62420410a36667c1a9b,delivered,2017-04-26 16:09:32,2017-04-26 16:22:40,2017-04-27 09:40:27,2017-05-08 16:54:37,2017-05-15,8746cb518044ba60d9ab698522a04405,2017-04-26
6aafd5d9efe6cb46eb37992ba0b5489c,84eb939a8522197f436d4706e6e079ab,delivered,2018-04-17 23:06:12,2018-04-17 23:31:49,2018-04-19 20:48:51,2018-04-28 12:31:52,2018-05-16,e317f87ef6a591202eb17fff79e3cdb4,2018-04-17
b2976bc0899d6eb3fbaa0255ee3a000b,29fe5f83647b7191e6517bd11dad886e,delivered,2017-11-24 15:52:35,2017-11-24 19:32:00,2017-11-27 18:42:56,2017-12-07 15:59:14,2017-12-21,ceb16384d8ba27890e043202bd499c09,2017-11-24
66928c6639754457c6c6ed61e416c773,5dd5fa8e1c712807e4783c7ee49ef115,delivered,2018-02-05 19:47:38,2018-02-06 20:31:22,2018-02-07 17:29:28,2018-02-08 15:43:09,2018-02-21,41056c7f2b0e170a7f8a17e83f5e7a11,2018-02-05
8f003b284055ebd824f3f4b259a49045,3999dd9f3c72e5c982a3912820741d92,delivered,2018-05-18 22:32:01,2018-05-18 22:58:11,2018-05-23 14:28:00,2018-06-14 01:57:23,2018-06-06,3279712e1ea8d52462488b4fb9dd7014,2018-05-18
be05d705c70dac83e2c26c921b41c846,8547a257ab735dbd55f577c19b989f4b,delivered,2018-03-06 15:14:21,2018-03-06 15:31:34,2018-03-07 20:54:19,2018-03-19 20:58:39,2018-03-22,6b6da9fd4a565c037c73b4fa80c4ff57,2018-03-06
e09eb3a9e9596fe3ed67886f080e43a4,85d66cf3f4d426ae29730e95eb57dd40,delivered,2017-05-07 11:34:32,2017-05-07 11:45:12,2017-05-09 18:03:30,2017-05-25 20:15:21,2017-06-06,a7b78c748cd03d589d69ac3230526fc0,2017-05-07
2d44453b8def2b82035cf9ec39b531ee,e6b161af20f43a3ecaebea99e93bc1cb,delivered,2018-03-19 20:08:35,2018-03-21 02:50:55,2018-03-21 22:02:53,2018-03-30 01:21:03,2018-04-25,377cf1e8910e3613f1456bbe57483ade,2018-03-19
878a8c40acad392fb20b6c462b10cb42,85c28c811874bf3509dc5875b24d2a34,delivered,2018-07-18 11:13:36,2018-07-18 11:30:21,2018-07-20 15:40:00,2018-07-31 18:16:47,2018-08-13,7d8192d44dfce7e31e4d9888a523cf9e,2018-07-18
a7dfcc78536e420e85e510d7bb161cb4,9d07ed48127e776f64b02de9aa00c136,delivered,2017-12-22 01:09:21,2017-12-22 01:18:31,2017-12-22 16:23:25,2018-01-09 17:51:48,2018-01-19,dbc90cae10fd4c892e8974343db5ae77,2017-12-22
c74540b0f084f6eef5649cac6541c6cb,66fe4d66419f0c7d08b03b2814aeb9ec,delivered,2018-03-25 16:10:03,2018-03-25 16:27:43,2018-03-27 04:18:54,2018-04-03 00:48:33,2018-04-12,f5138d94d7e1085c5219408f32b62529,2018-03-25
cecad90bcb7f2d198f1c2e5087d070ee,9b60c21e803ae24bb61ac7ac145c21ba,delivered,2018-04-17 17:35:13,2018-04-18 03:55:12,2018-04-19 19:36:38,2018-04-21 03:48:28,2018-05-03,9e506ab643a922808385ce4b235621f2,2018-04-17
97415fb39aa90a8bfea4424d7bfbc5db,9e226cfa83b3ebd7c9aa0650697ecce2,delivered,2018-08-19 14:08:32,2018-08-20 16:13:25,2018-08-21 09:59:00,2018-08-28 16:51:40,2018-08-31,ac6c38dcc2677a2e9510f1d508723883,2018-08-19
cc91a8e555c5d0b61066e4be9483fa57,1d9de47f112e80956b5c6cb240318e4d,delivered,2018-08-11 22:39:58,2018-08-11 22:55:16,2018-08-13 14:55:00,2018-08-20 19:21:42,2018-08-30,9bfc2bb2948dff6305f14bb8f4e06f61,2018-08-11
dfe94fc0123a2667259503f695edf46e,cbb1eca90285dadf3f1bf7b5848d8252,delivered,2017-09-12 15:36:04,2017-09-12 15:50:13,2017-09-21 19:52:45,2017-10-03 19:48:54,2017-11-24,b105b1ebbaa599ed8ce3d8d5b19c7516,2017-09-12
810b8bba6a2fb6419db87fe22a4299fe,831bc4457a38cb2e1bd53a4f015a0528,delivered,2018-05-10 11:54:32,2018-05-10 12:56:20,2018-05-10 12:18:00,2018-05-15 19:54:56,2018-05-29,8d3c3ccb7dec72e59f272836dd23ba82,2018-05-10
1954fde9d62c76532499182aa37e268d,95926d52021d78391f807460a5ba3d33,delivered,2017-08-21 05:00:09,2017-08-22 05:10:08,2017-08-23 20:57:01,2017-08-31 22:32:18,2017-09-13,539cd2b2615a3ce2a67b2d55eced8311,2017-08-21
d8fd983079230409820f11f044e4fe4a,e35269e6b2b4ad71d56e93225fa58879,delivered,2018-07-06 10:56:24,2018-07-06 11:11:49,2018-07-11 13:43:00,2018-07-24 22:05:40,2018-08-08,9249fc250dc1a09935f88920456c2377,2018-07-06
d427bbc436a25d6dc4b2795547544534,3d235b435b769714afaf63654eabb942,delivered,2018-08-17 09:32:55,2018-08-18 02:49:57,2018-08-20 20:03:00,2018-08-21 15:48:29,2018-08-23,1bb8240a2f92515027c426a8b46658ed,2018-08-17
2c3c322c51f8d1a0da8e2de75db68341,d5e571bac4046e819aec846ecbb548c3,delivered,2018-08-11 01:18:43,2018-08-14 04:35:22,2018-08-21 13:47:00,2018-08-24 14:28:53,2018-09-14,1fc6d91ff7abac1911310ac3c6506a3c,2018-08-11
b67a30791edcafcda84679f2f08f70ff,bada5a4ad053f43e8197088e223f2bcc,delivered,2018-04-23 11:28:28,2018-04-24 18:59:00,2018-04-24 23:05:29,2018-04-27 15:48:56,2018-05-10,65397d5b41fb7a28a808bf5dea5c1713,2018-04-23
82ea57e68e895b25d0e2f3da566322e6,d915f051734c297d10ad06054fde1296,delivered,2018-01-28 13:41:48,2018-01-28 14:00:18,2018-01-29 23:08:43,2018-02-01 20:15:05,2018-02-23,a0aca40e882b86571212d7a22f4363ac,2018-01-28
75f2a104539398768a4bddc7a9a0d8fd,7ce8d02de99e58ca70014d90989a08c7,delivered,2018-01-17 11:05:40,2018-01-18 11:11:08,2018-01-22 22:55:06,2018-01-30 22:58:44,2018-02-07,79e0f39655f104fda9566ea99d82b0f1,2018-01-17
4c33e33915d6aca583727659dc16fc98,7c813e67ef05683624d9a5cb6d274acf,delivered,2018-02-02 20:19:25,2018-02-03 02:54:09,2018-02-05 13:23:18,2018-02-06 18:42:53,2018-02-20,711d9571122ec19089b13f4c0c19244d,2018-02-02
83be28237d62524f82d47b7e4e8759ec,9a69b5f5047c5964e99ba4941b1e62bd,delivered,2017-03-14 19:26:41,2017-03-14 19:26:41,2017-03-15 13:27:03,2017-03-21 15:44:09,2017-04-04,fed2921f7829c3df662625b8ca5f16c1,2017-03-14
b89fe4be84bbe9ccae46504cda83162f,46a7d2bbdb489fd43bf82d7a5e6114db,delivered,2017-06-23 23:45:09,2017-06-24 00:35:26,2017-06-27 10:48:59,2017-07-12 20:52:12,2017-07-19,6ad2d388e636f671af18d5937bb146b8,2017-06-23
4638df545f7ab35cb2e4ed4bcb490e17,2003c2365837ed9b6c7e6ec2780797b3,delivered,2017-09-07 19:35:39,2017-09-07 19:50:24,2017-09-22 16:28:50,2017-10-07 13:23:08,2017-10-05,755bd86af4572db680ae4004e152298a,2017-09-07
6438d704a058758bff33c039c32f655f,244f250f66de09985e7491ad83d77439,delivered,2017-06-02 23:43:03,2017-06-03 01:22:41,2017-06-06 10:23:53,2017-06-13 16:37:13,2017-06-29,70f73fe6e97548c7676567564c0a21c6,2017-06-02
659862bc91d0c543aa9a3ecd268792c5,896ef8aa8a85480f35a6053ff3cda8c0,delivered,2017-09-06 13:30:16,2017-09-07 02:55:20,2017-09-08 15:29:55,2017-09-18 15:22:08,2017-09-29,43574be9ef34a91c6585180f9977cc40,2017-09-06
b2f848c14ae4b774fd3a0842aa435a5b,82dcb4845567454470a5d9638448d800,delivered,2018-04-12 22:25:59,2018-04-13 13:31:38,2018-04-19 16:51:46,2018-04-20 17:41:32,2018-04-30,f0901f13e922f115df0703aa320e6644,2018-04-12
c1242f927f71ac91fcd9df26cdeba9fa,b02e04da20e1a7ecbd01c7edcf909b59,delivered,2017-07-17 11:39:33,2017-07-17 11:50:23,2017-07-17 20:17:43,2017-08-02 22:11:59,2017-08-16,f17e8c3fd8b2a0e16fa3bd87cc82ba55,2017-07-17
6448237ae0af3afab5cd9c3aedeca40a,d8727aec38910ea158ed0eeee9f7812a,delivered,2018-03-22 21:41:30,2018-03-22 21:55:22,2018-03-27 19:21:36,2018-03-28 20:32:56,2018-04-04,259f19a998805eccc670a71867051ca3,2018-03-22
5239a1d5badf5276845d8c71dbeb8fc9,6a5e444906153f324d0252976a4a40a5,delivered,2017-05-05 08:44:57,2017-05-06 02:16:00,2017-05-10 17:05:04,2017-05-22 08:42:09,2017-06-13,0396c443fdda5498c7e9ed5b34871c5a,2017-05-05
098e4bd227693adc9a292cf3a42ea7a4,24c5a5251ee54a54a9497c6e82f321f6,delivered,2018-04-18 10:56:55,2018-04-18 11:10:55,2018-04-20 01:11:32,2018-05-02 23:19:15,2018-05-15,142e95a7a3e3d5f391706a05549a1632,2018-04-18
00c763284c0056eed753352f5559ff0a,0bbbcba4fb2d97e129f2f2622d82eabc,delivered,2018-05-31 23:51:24,2018-06-01 00:10:44,2018-06-01 14:42:00,2018-06-13 15:34:39,2018-07-04,521af0bcb7fe9f806c95e09422b38a43,2018-05-31
b2452c55b7dd1d12fca2480a7dbde11e,1f91ccab7c2b1d4049f5383d813e6fa7,delivered,2018-07-24 00:04:23,2018-07-24 10:31:19,2018-07-24 13:06:00,2018-08-07 16:11:53,2018-08-15,457a69d79b57eff78f0b4a356b5588f1,2018-07-24
0da1757dba2fb3d886b5051cb964c524,d2713b16319699ceb2616a1a387d0ce0,delivered,2018-02-22 23:34:20,2018-02-22 23:50:20,2018-02-23 23:35:15,2018-02-27 19:59:16,2018-03-15,503aef0e352ed6eda254599e6ae6375e,2018-02-22
916dc974baaa87d11f1f1c829694e6ac,d7809355993762979fd42d6ea5515689,delivered,2017-10-16 20:37:06,2017-10-18 02:58:39,2017-10-18 20:42:09,2017-10-23 18:56:06,2017-11-03,e4795831756c7077ac43f0df9c41d655,2017-10-16
87f5e3ce6dc0d86137ed70772c870463,e478886b1ba8258f79c67a3e91b9d76b,delivered,2018-04-12 17:51:53,2018-04-12 18:10:01,2018-04-13 17:44:43,2018-04-21 16:52:42,2018-05-11,11448fa88b67ee65c13f9b6935c09cfa,2018-04-12
3817a19e1f3eafba5a0c9bf28cd7f877,596c05f5c6499d19b77e5e1c946116bf,delivered,2017-07-14 16:34:19,2017-07-14 16:45:25,2017-07-20 16:43:36,2017-08-01 17:24:51,2017-08-15,261e5e78228bac70d442ece9968fa0e2,2017-07-14
509e8264fd587e8a50d51f2e7fde1776,762ead3b312e57a6b06819bcfdafb241,delivered,2018-02-28 09:08:52,2018-03-02 02:15:49,2018-03-02 22:00:07,2018-03-05 21:13:37,2018-03-13,f70229d801bae97a123d6330122228ee,2018-02-28
01988bf5b8acbc4d6ced86e4d47fcb1a,32414a38e12950c3121fec300b889ee4,delivered,2018-01-02 22:04:57,2018-01-02 22:14:22,2018-01-10 18:09:44,2018-01-22 22:05:30,2018-02-02,4c98fa82af326124574616dd8e3c8dff,2018-01-02
85543b91926dbde9debccfbeb3136483,16650a3625b6ad5f916ad982e76c30a3,delivered,2017-03-02 23:04:14,2017-03-02 23:15:08,2017-03-03 11:39:45,2017-03-15 15:09:29,2017-04-04,1e0a970f17486ad66f2560c6688d93ad,2017-03-02
ba3794ae046c34dd007a8a9cb7cddadd,a53f07618b7619490927f7619c0aeef3,delivered,2018-07-29 16:52:30,2018-07-29 17:05:17,2018-07-30 10:14:00,2018-08-07 14:57:00,2018-08-14,17c97b48b6b64ccec719ef68ee0ffc38,2018-07-29
954ab5c4577503f15b807007b0a1d8cc,f8388449b0c4c5425413fd12baf8b3ac,delivered,2018-03-20 18:50:25,2018-03-20 19:08:37,2018-04-03 16:48:35,2018-04-11 21:27:48,2018-04-02,6e150ef7a49e637c352b99a1379fbe11,2018-03-20
021dac6e3120485db6a77474aa21b979,c40f7f00e91eb8a0da1e58484380a796,invoiced,2017-11-24 22:46:09,2017-11-25 01:53:42,,,2017-12-15,5e107141755c25a665b011009bc254b9,2017-11-24
7ed08db0f0302d934302bda48741ea6a,ca6b8369d8147a0ddc309d46e5a27f27,delivered,2018-03-08 16:12:06,2018-03-08 17:24:35,2018-03-13 00:33:28,2018-03-20 18:19:05,2018-04-05,09882ed5bda192dbf6d9f900af2cab9e,2018-03-08
6ed97d236b7eb297787b4002f3efee17,d6d256a476e32cfc2b4b0bb56142c7df,delivered,2017-05-09 08:08:31,2017-05-09 08:22:06,2017-05-09 10:07:36,2017-05-12 15:22:57,2017-06-01,e0ca3ec6d4a9c866e92f30c1b23310e5,2017-05-09
66f943fd426ac8716ef6b6b97ace8bd8,592ef413ebc8f70a779b9282d2ea6020,delivered,2018-04-19 08:26:03,2018-04-19 08:35:19,2018-04-27 10:56:00,2018-05-04 19:51:06,2018-05-09,d6df1c8cb71c59d9b52d828dc6d0f5b3,2018-04-19
0095790a64527ec83aeaaf99023c050e,6081c7acb40f63731b3c982857c79581,delivered,2017-11-15 13:36:30,2017-11-15 13:50:26,2017-11-16 19:44:48,2017-12-07 21:46:56,2017-12-11,35ecdf6858edc6427223b64804cf028e,2017-11-15
ca3b7514c4c2ab7ba612094bee631db4,03ebf79c58f0c3be1cc8895f1829ca79,delivered,2017-09-08 12:00:21,2017-09-12 04:35:22,2017-09-13 13:49:00,2017-09-20 19:22:36,2017-09-26,c0fc2e3595c750de75d36e7db9399e83,2017-09-08
8c1d9edae3eb31bec39a9bc12b0b1368,b9df8ecebced20885081084cd12553c8,delivered,2017-07-25 21:38:56,2017-07-25 21:50:38,2017-07-26 18:39:45,2017-08-04 18:37:29,2017-08-18,6d2a68be9a3ca6d637faf9160b1423b6,2017-07-25
f1611d684a8f4867ad7416a958150643,3db7b364599c413ad923893524c13daa,delivered,2017-05-14 02:28:53,2017-05-14 02:42:26,2017-05-15 12:45:30,2017-05-30 14:37:24,2017-06-14,b7f2e66c17e3d825f3efb868ff46b6f9,2017-05-14
2d57932a94a64e0729ec5b88b4860d0d,18ee349e6fe0fa105ac44232ac1f4d06,unavailable,2018-03-31 19:08:47,2018-04-03 05:27:48,,,2018-04-23,78b9dd8b77ff3abe5f5b84bc2b030d1f,2018-03-31
e0f6f4313a61689a0a03dbafbcb5e97f,5970719d1bf569fb6a1739c8046ea1a3,delivered,2017-09-03 23:01:04,2017-09-03 23:15:10,2017-09-04 19:52:15,2017-09-13 18:39:38,2017-09-21,948811741e27959d52d6eeb7c847c107,2017-09-03
d929b9d4328102a95137287cab157512,cd68342f9a9a5ddd02f5ad372ace79e0,delivered,2018-03-29 01:24:12,2018-03-30 03:26:49,2018-04-02 22:13:35,2018-04-07 01:12:18,2018-04-17,2cbfa4c88987857e07ce248e7d3dbd9c,2018-03-29
cf528e0d99cf05154203f3ef20caac76,33245095f70ea953afeb2b688c2ad210,delivered,2018-04-26 14:49:37,2018-04-26 15:10:42,2018-04-27 13:36:00,2018-05-03 17:28:35,2018-05-22,31917529baed2622ae617d1b66ab01f2,2018-04-26
18493260806e807d314bd6fcfc32e2b8,dae8f32249205215d02242936ef74341,delivered,2017-02-03 16:10:44,2017-02-03 16:21:38,2017-02-03 17:29:58,2017-02-07 10:45:07,2017-03-07,a93a90fbe654a219c6c89aaed157b4b2,2017-02-03
87b25622da650dcff9efaeaad1ebc057,c88f43e6c3194c2d966354b7ad47de53,delivered,2018-01-06 16:23:32,2018-01-06 16:30:24,2018-01-09 15:51:50,2018-01-17 17:13:01,2018-02-06,dafd3545d3538dec663e26b09fa4e47b,2018-01-06
aa61ca4def1d3385bafe461f6ef46faa,bf6b253b57084074028db05fcb09acba,delivered,2017-02-24 20:28:53,2017-02-24 20:41:57,2017-03-01 06:34:57,2017-03-08 11:38:02,2017-03-21,6b46cfed037b73c631cf418c96169857,2017-02-24
dfa2cb8b0da3113c54e5a2109f76f7d8,a9340c77279c300e226d96888814317a,delivered,2018-06-16 12:08:05,2018-06-16 12:39:59,2018-06-18 15:52:00,2018-06-23 12:03:38,2018-07-05,74d0e9005b47074a409995cfc9c106d2,2018-06-16
4134d857ea0e2009e02f6f90888fa583,58ea963c191e6d553f030709aabcda9c,delivered,2017-07-30 20:32:10,2017-07-30 20:45:22,2017-07-31 16:26:05,2017-08-03 14:19:55,2017-08-22,597670a69730b96454e967a2e86c819c,2017-07-30
d62385e2db54ce23f101afa3bb205b3f,29da34100ffab96f07b2ffe86c8a9712,delivered,2018-01-02 22:12:34,2018-01-02 22:29:52,2018-01-08 21:43:09,2018-01-19 00:04:01,2018-02-06,3fe5b106203678800ce9f58dbdcfba02,2018-01-02
f07ad60eb1e9d4b3be1029f373321408,cd865de179ad020a8cdaf0d6ec45c08f,delivered,2017-11-28 17:04:25,2017-11-29 02:21:47,2017-12-06 22:19:18,2017-12-11 18:39:15,2017-12-19,b1e45bddd6621638cecdf5eb6cce0f92,2017-11-28
04daee30107ba31302f8528918ba7f37,58723c16d88f82622b9cd3888d90dd55,delivered,2018-02-21 11:19:32,2018-02-23 02:40:24,2018-02-24 12:56:32,2018-03-15 12:42:49,2018-03-19,9fe9abefabab3110c6acb617f19159ac,2018-02-21
9d0ca265751868d6105b4e52c50125a9,fc365f3d1e68addeaeaf7d5910104107,delivered,2018-08-14 18:05:43,2018-08-14 18:35:06,2018-08-15 14:36:00,2018-08-20 23:47:48,2018-08-29,8e69969e07cc4b37724212374ea79033,2018-08-14
a0a94a840605a83bd0775e894314cb31,634b467de7498f7aa0e8c38ad377c59e,delivered,2017-08-06 22:08:58,2017-08-06 22:23:32,2017-08-10 20:54:26,2017-09-09 14:29:51,2017-09-11,55fc3a9e868992d2d339316d0800ecd2,2017-08-06
27890ab4f1e69e4ada365fda76df26df,4df1167e04f1414da4777047b170d010,delivered,2018-03-09 20:01:45,2018-03-09 20:40:21,2018-03-12 17:24:21,2018-03-16 20:24:25,2018-03-27,e962d54c23b52329c603890b62f786c8,2018-03-09
796b04ac2c7b508683f6010238b991f1,b67cda5c14480b9958d2f1465fb3608c,delivered,2017-11-20 20:34:03,2017-11-20 20:48:19,2017-11-22 16:43:11,2017-12-22 20:52:22,2018-01-09,da3a1a06748f0410f4c38ca16ea06f59,2017-11-20
dbbf7d93d5012798df65f08137f99a65,fb98deb0395a93ba889c36ad75372a6c,delivered,2017-12-27 17:56:02,2017-12-27 18:08:18,2017-12-28 19:26:34,2018-01-06 15:22:27,2018-01-22,9f21e452ad775dbfd19dc3df687a8958,2017-12-27
8c27cda2524caadb58840f8e864daec5,ff88f2ccc66b4c9c2c0256274f51b4b0,delivered,2018-02-24 12:50:07,2018-02-27 03:31:03,2018-02-28 22:08:33,2018-03-14 10:28:33,2018-03-26,98017b569b52f17b53c14c65e368d2e3,2018-02-24
62e259e1f8f28bc238dff0af49a4ecab,201c1e817c9678dd055235db6aa3674d,delivered,2018-05-14 17:43:10,2018-05-14 17:57:06,2018-05-15 17:35:00,2018-05-22 20:19:39,2018-05-28,73eadcbf2f35d9c4941b3c5cbbb42fd7,2018-05-14
2baa8f1505935ad18a9409ec365c1988,5f8bdf6ba12ce75e7360ad82b17eaa03,delivered,2017-10-23 14:14:06,2017-10-24 06:33:49,2017-10-24 21:04:09,2017-10-31 18:41:59,2017-11-17,96f626c76bca2216aef93572361333b1,2017-10-23
9eda2d18097ef7bd7ff08ad54402fc77,f23ca065556c1594117bf58e15b2db66,delivered,2017-09-24 23:50:30,2017-09-25 00:45:06,2017-09-27 23:22:25,2017-10-14 14:48:44,2017-10-18,6a21951608a867f06fd7da1dd0133cf5,2017-09-24
62a86eeeb3310889c048224de16767e5,c3da0840b7e9ccb23a36e317579b3422,delivered,2018-04-12 20:58:52,2018-04-13 13:35:42,2018-04-19 18:08:29,2018-04-24 16:08:58,2018-05-08,038301b43811478e1a8dc0e476eaf52e,2018-04-12
a4679a28c7ef85f6277954e4139a3fad,d80baef8077ebca9d3545ac893887d4e,delivered,2018-02-03 18:04:01,2018-02-04 12:31:19,2018-02-05 17:47:17,2018-02-09 17:42:15,2018-03-01,bcff9061a0e61f1564c2274bf0c2772f,2018-02-03
8aaa4fb6b01346340a6cf91214f6606f,629e6c2887881c2b75e18a25d6637754,delivered,2017-06-08 17:19:42,2017-06-08 19:00:05,2017-06-12 04:19:25,2017-06-19 17:53:54,2017-06-29,bab95efa50d554d4dcd26377e1b467ba,2017-06-08
aa63db7f2ec964c78e9099feae5b730e,353d47f52847eb30e1e0efe4696f1e06,delivered,2018-05-03 14:20:37,2018-05-05 03:33:43,2018-05-05 09:30:00,2018-05-09 22:21:39,2018-05-28,443228b6482c48a974f57cce036b5f58,2018-05-03
c57d7d22a7690624506951c783f2a588,9d91ef1cecec1aa30917f8b25307e4e9,delivered,2017-08-08 09:01:18,2017-08-08 09:15:10,2017-08-09 13:54:07,2017-08-14 17:56:41,2017-08-30,66fea94ac3321c4b8cd61f0ad9fea7e0,2017-08-08
920a775204d54696910a3056ff090942,81bebc06bc7bb674fa6353451be2a23b,delivered,2018-05-30 21:13:04,2018-06-05 03:50:23,2018-06-05 14:06:00,2018-07-10 16:51:18,2018-07-23,5415bdba1b36c4c8f91b82ebdf2fffb2,2018-05-30
b49298f3f28ff2194633444aa6b08cb4,a14f6f687855527fdcd29e0bef8390b7,delivered,2018-06-28 10:29:50,2018-06-28 10:50:26,2018-06-28 12:55:00,2018-07-02 15:37:28,2018-07-27,80aca08aae577d2772b22fea69d2eb0a,2018-06-28
cea71c0d8880d36a8492d52bd76b0e0b,679eab96828b70b85627bd192a717de7,delivered,2018-04-18 19:39:08,2018-04-19 13:31:34,2018-04-20 23:48:38,2018-04-25 21:36:59,2018-05-21,0f8146db8ec9a42fe524ac8df67fdf7d,2018-04-18
c20197cf31f945d8c2cbf79518530b4b,7e2db0daffeb09ef8293384045079798,delivered,2017-10-29 23:15:43,2017-10-30 07:10:11,2017-10-30 13:57:46,2017-11-06 17:21:54,2017-12-08,a4864228b69fcdb95123ef417f41b9ab,2017-10-29
93f9ec7dbcda565025da885db90ce158,be62eb313b55bf8e32345bd66b1f1acc,delivered,2017-08-14 13:48:07,2017-08-15 03:44:08,2017-08-16 16:47:44,2017-08-25 22:28:02,2017-09-12,7c8bc402f5ede18d1541bdeb43366ed3,2017-08-14
67884ec2877808808c25211dce58689b,08ab9916d3e6d664efe2862d1a764d88,delivered,2017-05-07 12:31:08,2017-05-12 21:33:56,2017-05-10 11:43:58,2017-05-16 07:57:33,2017-05-29,70640db97981139ee99d8f86a555d344,2017-05-07
48355743de20d2abaed10440296594e5,dd2498f71cbf6ce861c36745c4e13866,delivered,2018-04-15 20:41:10,2018-04-15 20:51:48,2018-04-17 21:51:04,2018-04-18 22:18:34,2018-04-27,6dcbfec6335e0f25dd4d30b3287bf779,2018-04-15
da47f3e1d422ef0acfa45d3a81f0085f,d14b76c93d237241c52e0e6767feb42a,delivered,2017-12-04 21:53:42,2017-12-05 10:30:46,2017-12-06 16:58:51,2017-12-19 16:23:35,2018-01-02,4a88a750280bdba0dd1f167ae2b68bfd,2017-12-04
e182a452122b1137aec51d2c736995ff,44c163ba5aaf3acd361440226d683c7d,delivered,2017-12-10 23:44:08,2017-12-12 03:50:30,2017-12-14 21:52:00,2017-12-29 23:16:21,2018-01-04,4233e4ccb431064a07668aceca004f08,2017-12-10
6d78521e00f69cd15f0a4f73f9f561e4,05a77ea6f0049cb8d1604d562e8b4c7b,delivered,2018-06-19 22:50:21,2018-06-21 03:38:59,2018-06-21 15:17:00,2018-06-27 18:03:18,2018-07-11,12c820aba9ac324f624b35910ac08e4c,2018-06-19
48fed69e8c28ac23a9d7f5631ff45397,04216e3374a4ddb59314b1f5fc9cc410,delivered,2018-05-22 13:28:58,2018-05-22 13:54:48,2018-05-22 14:31:00,2018-06-09 12:28:33,2018-06-06,e46e99306e874b63c723f05272d4c5d5,2018-05-22
f88fc67d4fe4e1a6d2865c88c5c36bf1,ece5ebf2a90d7b60b214ec8b666f2961,delivered,2017-10-21 09:55:35,2017-10-24 03:35:22,2017-10-24 20:07:59,2017-10-27 19:36:41,2017-11-10,7f4b081170dea178bbad9ece0a45e0f4,2017-10-21
10afda4156379d4b3279e15b160a7992,0e8b055d3ccba0579aec511d1077dab3,delivered,2017-08-27 09:38:57,2017-08-27 09:50:33,2017-08-29 22:22:04,2017-09-13 10:37:27,2017-09-26,fdef92427c2c3a9449eca2d6667d44d7,2017-08-27
e247adbf2a2f3ae78387acf1c1437fd6,be6328621d49665921978e171a3f348a,delivered,2017-11-12 17:21:23,2017-11-14 03:46:35,2017-11-23 19:33:17,2017-12-05 16:48:47,2017-12-21,b4418ae2225a81808d6c5a61f3a719ff,2017-11-12
e08046f2dbca22a1bdd54b791297e859,a1b774f7af3f80556742fe4763728bd4,delivered,2017-11-24 12:20:00,2017-11-24 14:31:31,2017-11-27 15:29:04,2017-11-29 01:08:29,2017-12-08,dc2cd2022b43836c931d8d6561820e5b,2017-11-24
b9fce2067f47956396b6782d9bf146ca,9eb9bec6a91d6b82b4a39e49276f1e8f,delivered,2017-06-24 19:15:57,2017-06-26 11:10:26,2017-06-27 10:49:02,2017-07-04 17:41:28,2017-07-24,86532478ee86a17bbf1b96c2e453a49d,2017-06-24
a9aa7a1967b25653be2df8c6bdba2fd2,e5d315b5b2233173aa7966525862866c,delivered,2017-09-18 19:43:47,2017-09-18 19:55:09,2017-09-19 14:42:47,2017-10-03 20:26:25,2017-10-10,bd81d395c0bc272346eb2e1e6d4fa2ba,2017-09-18
44d266dec578366b923e9b3a636c8311,e660f7483c8a0e1600ce3131a224ce75,delivered,2018-07-16 16:53:42,2018-07-16 17:55:13,2018-07-20 19:20:00,2018-07-21 14:03:33,2018-07-26,e372df26ddbc7532211a9886f9d3f358,2018-07-16
01218a8a807fc187849529e6f12237a9,a652f27bc38cb4869b7d5d82902c0b16,delivered,2017-10-22 23:06:06,2017-10-22 23:14:25,2017-10-25 15:05:08,2017-11-01 17:28:49,2017-11-14,2c82b177d38aab12878490fd1658434e,2017-10-22
7f1fb6cf63b226c51ac3c92df318e2bc,4aed1646cc4510f5d5055ec5a28acf17,delivered,2017-10-30 23:58:49,2017-10-31 00:10:40,2017-10-31 16:43:41,2017-11-08 17:36:50,2017-11-17,7076410a88aad104a29286c43a894453,2017-10-30
cfaf3a6d54da5f266c97d838c661fa4b,521c8850c0be991b4fe5416b89a5b8c7,delivered,2017-05-16 15:04:07,2017-05-16 15:15:19,2017-05-23 13:09:41,2017-05-31 09:46:59,2017-06-07,d39107449584689c688c78e6ed4276ca,2017-05-16
9276d962aa1c30600102c556bd3b57d6,9bc37668a78c2d55db617f01c2da9e2e,delivered,2017-12-22 18:25:34,2017-12-22 18:35:26,2017-12-28 16:59:12,2018-01-13 17:57:37,2018-01-24,d5e50940b781db99dc5ba8b1266e4b7a,2017-12-22
b2966db1aadf7b21b86cbd1131855a68,f28d21980a0a6f0d169722ee9b0d4ac2,delivered,2018-04-05 10:36:36,2018-04-05 10:50:17,2018-04-05 23:29:45,2018-05-21 21:46:38,2018-05-07,151e9edb34867eaece4d6e7ae188f261,2018-04-05
2fe235100bc886d03c83fa6c07c7b84e,4162c423b5bf9971ab7ee9c9ae825caf,delivered,2017-06-08 09:42:23,2017-06-09 02:42:37,2017-06-09 10:42:31,2017-06-19 14:07:07,2017-07-07,fb8a66c94c3191d60f030463441da01c,2017-06-08
0115f8bb1dc16d3fac863ce1deb037b6,17ec3674dce86b3240e0a333cc51112e,delivered,2017-06-30 19:13:15,2017-06-30 19:25:18,2017-07-03 11:59:40,2017-07-07 17:12:36,2017-07-21,af97d12238b4f8b2fdd11edeaa843655,2017-06-30
90996bb09488a7d314ecd6eb68f52451,632d162bed71bc8d18cd10942cb54007,delivered,2018-03-22 11:33:47,2018-03-22 11:55:23,2018-03-23 18:23:32,2018-04-02 23:11:24,2018-04-13,56c8638e7c058b98aae6d74d2dd6ea23,2018-03-22
01a49649881d677e0c901ca0f6564382,07acb3c7b1fc507ae53e2e611d2b42a0,delivered,2018-05-16 10:57:19,2018-05-17 02:55:43,2018-05-24 13:47:00,2018-05-25 18:38:40,2018-06-14,fc2b5f19f2fea59761bf4961bc83ada6,2018-05-16
8863958cd300b0b2cfb1b8db3326dd38,05581163680574c7c5afadd7764fa22f,delivered,2017-08-08 20:46:53,2017-08-08 21:03:21,2017-08-11 13:36:55,2017-09-06 22:44:55,2017-09-04,04d3c2795b83634312bf3f86f41f7901,2017-08-08
47e2f2848f677f90f495f3884d9fe2e7,42f337573d33c88f398277c150a058d8,delivered,2018-07-28 13:10:32,2018-07-28 13:24:10,2018-07-31 15:22:00,2018-08-02 20:14:25,2018-08-06,4a5f75075156ce4387ea81761aa88074,2018-07-28
7a04f1c505fcb55b00384ea037f73f24,39a3f99c51f59150cbd4d1dfb52603cb,delivered,2018-08-07 15:00:42,2018-08-07 15:10:17,2018-08-14 14:18:00,2018-08-16 05:22:18,2018-08-16,1670e7eb21cb0b14319e9b6fd3aabb30,2018-08-07
e49e7ce1471b4693482d40c2bd3ad196,e4e7ab3f449aeb401f0216f86c2104db,canceled,2018-08-07 11:16:28,,,,2018-08-10,13d7bd0b05e18b00f415221b3bb69348,2018-08-07
c8c4cee82cc04a8966a13f97e9366b82,a19b79f26e1ff801d669b33c167dc427,delivered,2017-05-05 08:28:50,2017-05-05 08:35:21,2017-05-05 12:00:40,2017-05-18 08:24:36,2017-05-30,a95a7250342fa968f37ddc74a5199ae6,2017-05-05
d9eecffc625e888de8f4faaa0d98d3b4,bc10a8ee2102856c0b67ca904cdc4af6,delivered,2018-03-28 21:54:56,2018-03-28 22:07:45,2018-03-30 01:03:42,2018-04-18 18:37:48,2018-04-26,481d9ef7f22b196a3112b031c1b972d1,2018-03-28
d17fc99c6e3eefd9ab2694dadbd05943,e1882244530a2b9f1895601ab63ecc6d,delivered,2017-11-14 21:09:04,2017-11-14 21:27:34,2017-11-20 18:54:58,2017-11-24 17:24:06,2017-12-07,788ea3775879c615e8971f695d429a8d,2017-11-14
a2f79ba97c95b2708f14e8e66ae525b0,97b0dc8fcaf85c48c61c57543aa3af99,delivered,2018-04-26 12:09:20,2018-04-26 16:35:33,2018-04-27 12:14:00,2018-05-03 18:28:26,2018-05-11,6ce2d1975a50bbec303aa44178aa7f19,2018-04-26
dbec54e46dc0fa4809af85a952a4b4d6,8fbd49adcdb3fc9d7cd88c0dc1cb43df,delivered,2017-05-13 23:45:23,2017-05-16 20:15:17,2017-05-18 10:45:47,2017-06-02 11:28:09,2017-06-02,05e52c1f96f8b83dd66dcdce679ff58d,2017-05-13
740b489def00f1dd64ba1d3c169020ba,2cd3f81c5206d91f8f77a3848d4cc883,delivered,2017-05-28 18:04:09,2017-05-30 04:30:38,2017-05-31 15:18:18,2017-06-06 14:01:46,2017-06-23,95160caf14611a705759de6bf13555b6,2017-05-28
3ab4eea6776259ae8dfbabaeffece352,24d46169d90daaa687cbf122c3243df8,delivered,2017-01-16 21:08:25,2017-01-16 21:21:52,2017-01-18 10:55:24,2017-01-24 13:57:59,2017-03-08,bcdd3f31625ec664aca676d1c101e753,2017-01-16
d0e379ef6e0ea864c470893dbd5da4dd,39d7c7a5e9c2172c16234017faf854ba,delivered,2018-03-11 19:07:43,2018-03-12 19:09:38,2018-03-15 18:49:35,2018-03-16 20:03:37,2018-03-22,3442a61b2d5bfd9d605d6943701ad650,2018-03-11
eed639faf065efbc912dfe75efef590f,a56444c78835591125f106e5e0e9f15f,delivered,2017-08-09 15:41:13,2017-08-09 16:03:53,2017-08-14 21:07:37,2017-08-16 18:22:57,2017-08-28,394321f054de04b5b9ac27010a355696,2017-08-09
b4d02f5e2416f97c4879e0585170855e,f343a083755766c0409d920595a3dded,delivered,2017-08-16 17:37:32,2017-08-16 19:05:10,2017-08-17 13:14:55,2017-08-25 18:57:26,2017-09-12,1ded5bed412f6fc7ef7ea4c63409e44c,2017-08-16
937eff3061f712451d82303708399122,06a0388e1b17d3afa06122933c11941b,delivered,2018-02-11 19:35:52,2018-02-12 19:30:27,2018-02-14 22:33:44,2018-03-13 22:56:25,2018-03-07,3e73922bb7fc43f6d71b2f0ae5103c32,2018-02-11
82a8c3dcda52d329f3f4ea44f6a406f9,1672735fe3048016be17731bb72b29a0,delivered,2017-06-30 15:20:10,2017-07-01 05:03:59,2017-07-03 17:02:11,2017-07-25 22:32:28,2017-07-28,0fffb021cc4dfffa9465b66eca7a2b1a,2017-06-30
90a8a33a0da9f54b68d65e99feb825bc,25f8d95a5368f2434c5dd7c4eaa53df3,delivered,2017-07-31 20:54:58,2017-07-31 21:15:15,2017-08-01 19:45:27,2017-08-14 21:50:03,2017-09-01,c248f1a259e9b2700eddb283ba798c1f,2017-07-31
4febe1be4f45c27a03af55f77bcffbbe,39f6de22ea9494079cac9d968471882e,delivered,2017-09-06 10:22:42,2017-09-06 10:38:14,2017-09-15 22:27:50,2017-09-21 20:02:33,2017-10-03,1f76f5c883109a343cca6b54c0303144,2017-09-06
4f16d07441ebb275f11b0c403433a20b,7ca21490a9d1f75bb84871b6e57177cb,delivered,2018-08-01 13:02:26,2018-08-01 13:40:18,2018-08-01 16:00:00,2018-08-06 15:08:45,2018-08-14,00b9746bf8ac2964942d8b969f015196,2018-08-01
892106e2f061b6b70a4942db53200b8a,40406e269d91bc3c23b752413b2d7311,delivered,2018-03-08 20:28:52,2018-03-08 20:48:31,2018-03-09 20:22:31,2018-03-13 01:57:17,2018-03-20,b67ab708aff249d8fe2faafed1df5461,2018-03-08
fa099a53d48227d20d9eb52f139a6d8c,e50c59f4bada8680913f519f6f104e06,delivered,2017-09-12 11:22:56,2017-09-12 11:38:32,2017-09-18 23:49:50,2017-09-27 21:21:33,2017-10-09,a9b9b7f95590117e0c486b4eeeff141d,2017-09-12
62073ec6b54b8e6322037fc0f3591ad3,368f207cdc8f5c93a2b2a5d4cce96ba8,delivered,2018-04-02 12:22:06,2018-04-03 20:29:09,2018-04-17 22:46:22,2018-04-24 20:36:50,2018-05-10,f9172a6495d46451776be8bc8e46032d,2018-04-02
2a4afa0d6cc69510f96d2a3e8fae85cd,f80155d3a210401861200038cab0ef58,delivered,2018-01-12 13:27:09,2018-01-12 13:39:20,2018-01-13 02:33:19,2018-01-25 14:35:14,2018-02-09,8685c1b58d14424592e756fd735ca14e,2018-01-12
72b5838d29bbaafa945d07bcbc2d7d31,bb2b13404fceeed2fe9b865875786269,delivered,2018-01-22 21:43:28,2018-01-22 21:55:30,2018-01-24 18:48:43,2018-02-01 14:43:42,2018-02-16,1e59262647f8865c06d68c802a5eaaeb,2018-01-22
735dce2d574afe8eb87e80a3d6229c48,d531d01affc2c55769f6b9ed410d8d3c,delivered,2018-07-24 09:46:27,2018-07-24 11:24:27,2018-07-24 15:14:00,2018-08-02 22:47:35,2018-08-16,8cf3c6e1d2c8afaab2eda3fa01d4e3d2,2018-07-24
fb662b5ba362e72d75d486ca4d29c9e4,7d69df404527f3b93aafbaaac56bb816,delivered,2017-09-10 10:17:06,2017-09-10 10:30:25,2017-09-21 17:23:07,2017-10-13 17:25:01,2017-10-02,83eaf03b228046b51c0e4651b24475db,2017-09-10
492aed3c33bac22a8e04138319829283,58466c1166c377a56f6b2ae0d93ffbc0,shipped,2018-07-06 16:26:47,2018-07-06 16:35:10,2018-07-10 12:27:00,,2018-07-26,86cf122367cb1aa65d2ba235c4f7bef9,2018-07-06
d5d69378d9ce32d540e8474e6423b5b5,244f1faadf05eaeffa26feab068bfae6,delivered,2018-02-16 16:23:26,2018-02-16 17:00:22,2018-02-21 00:16:54,2018-02-23 22:45:13,2018-03-05,ed6e0fdef323c28bf5cd1207c477ae82,2018-02-16
5446ddcc7951680ce606991e1d953e6d,7dea9815eda7c64b6e839879d428e458,delivered,2017-07-24 08:56:42,2017-07-24 09:05:20,2017-07-24 17:42:29,2017-08-03 19:06:01,2017-08-15,ef7ccf8e6acbf1ac71af305967e708c3,2017-07-24
f6d370f76988ab29f282356a31b6af7c,b615633a738a73059b49ddadac8cf1e6,delivered,2017-05-15 12:08:46,2017-05-16 14:02:37,2017-05-19 11:57:49,2017-06-07 03:14:03,2017-06-26,2940005a8d20389b300b668a879250e8,2017-05-15
4177ca666e20ede4166d23a0d6d955db,a49649042977d36694f2c5e4d1b72019,delivered,2018-02-11 14:49:50,2018-02-11 15:08:06,2018-02-15 18:41:49,2018-02-18 20:09:05,2018-02-26,7fbeb0c80edd9b2b13916f371426674b,2018-02-11
fd23556a7c693dc9341a263d6b9010cf,04e60c760aaefc50f1dc561039d0b273,delivered,2017-03-16 14:43:07,2017-03-16 14:43:07,2017-03-21 08:45:36,2017-03-30 17:50:21,2017-04-24,75b45ab225bf88fdd7f432507030a4b8,2017-03-16
e4701cf302a9b3cc9efc51f06f354ecf,715a4bb1f449f0b1594f8619a155d81f,delivered,2017-09-20 21:47:53,2017-09-23 10:45:32,2017-09-28 20:25:16,2017-10-19 18:57:38,2017-10-20,4ed0ca74164e5c665b37b7856ca52c51,2017-09-20
e9dfd5e53078861fe747114532b0d96a,cc4a803cd5085b0af9dfd85e55164e75,delivered,2018-03-24 16:46:17,2018-03-24 16:56:05,2018-03-27 16:35:24,2018-03-28 18:03:52,2018-04-17,3de087d6363979369f478f259b4d5158,2018-03-24
473fee9cbbd3ae6985bd086c2da65935,c9c97b8b79d5a1a42e8c245dfbe7c5e3,delivered,2018-01-10 22:54:15,2018-01-10 23:08:04,2018-01-11 19:47:29,2018-01-16 21:53:25,2018-02-05,903d4ab8d5e24c8493294d8d77490dc7,2018-01-10
5c59a70dbcb923876763ecb18ff3fad4,4d4e0331021865956763c591074635a2,delivered,2018-04-25 16:30:22,2018-04-25 17:12:30,2018-05-02 15:14:00,2018-05-09 16:07:34,2018-05-14,92ad055ff7ab6ebeae7b1d826a27cb18,2018-04-25
bfd9e46406df093343381a91996cb660,b44a602aaef761328bd8560c2c06aede,delivered,2018-05-06 09:38:19,2018-05-07 16:12:36,2018-05-07 15:03:00,2018-05-22 23:17:57,2018-06-04,9688222138dc01bc08e07b747df6a623,2018-05-06
1b8ad3ea3b815c2a51fe5b7d9a6492e7,9846bb9c780cb5d6f70ae844ddf2878d,delivered,2017-12-30 20:16:30,2017-12-30 20:27:01,2018-01-12 20:23:48,2018-01-25 15:27:55,2018-02-06,88983d015b7f4ca57293523ea4b0bf2a,2017-12-30
0dd03c63e61e99a366429e9348db886b,8ab41cbdceb027582ec57a80985d3771,delivered,2018-02-26 15:03:53,2018-02-26 15:15:53,2018-02-28 18:54:54,2018-03-20 18:42:49,2018-03-16,8aa390d97e33b9484177029b90b62a76,2018-02-26
2fa7634ce48dabd9f75b76ab8c55a9b6,2c58fbe562641feabaf9ed71a68c6d4c,delivered,2017-05-15 20:26:01,2017-05-16 20:30:19,2017-05-18 10:43:32,2017-05-25 11:07:50,2017-06-20,a0e0770d529c5da6dd71d5be8620aa3b,2017-05-15
a0fd703a1c6a122520246bd8d481e528,cfa2494edba0a27c258d43d40f190a4b,delivered,2017-05-16 10:29:47,2017-05-16 10:45:07,2017-05-16 14:05:34,2017-05-23 11:53:44,2017-06-07,4e911590259ef543b22d13466b5f60e6,2017-05-16
ed415dd934c5bb15a4a2fd223bb0a43e,ee9b73e88afb4904ee2322cfc89cf638,delivered,2017-04-16 17:17:57,2017-04-16 17:30:15,2017-04-18 15:59:01,2017-04-20 08:22:49,2017-05-09,095e7c124c5c1ccb1eb9f731152eae6a,2017-04-16
a249134c21e6cc24928060768941584e,9c0dc29335ab059ac917c36e8ad57ee0,delivered,2018-02-11 14:27:27,2018-02-11 14:48:25,2018-02-15 20:33:29,2018-03-21 16:03:48,2018-03-14,69d6764ac70e1f490d29a9a7d26160be,2018-02-11
249452100d5e229072c817e203bd28aa,892144cc9ef691306799ef5ede788461,delivered,2017-09-20 11:20:55,2017-09-21 12:25:19,2017-09-22 18:32:40,2017-10-09 20:04:14,2017-10-25,1c2f7913bdd5d4d75b81a664d14b7fc7,2017-09-20
faea7789087057a70709d72b02d2a429,a83e00616c38f17837a502c2fff857c3,delivered,2017-11-13 17:17:25,2017-11-15 02:36:11,2017-11-16 22:58:36,2017-11-22 17:02:18,2017-12-01,a884d7f5f028fb233c14026f093b1a5b,2017-11-13
55b5a2fb966c36bed46f082ad6062914,e1aa4b904d0a6d58cf50e0c2fb0425dc,delivered,2018-03-05 18:12:14,2018-03-05 18:31:25,2018-03-07 23:18:54,2018-04-03 20:54:53,2018-03-21,a74e3f2f887f14862e34c61ed0e4c5d0,2018-03-05
9eb625cb452456dcf60ac5b2ce2ed445,f5bb00108debe00bb40f041482324c4a,delivered,2018-02-23 16:03:04,2018-02-23 16:15:35,2018-02-26 18:38:06,2018-03-10 01:58:31,2018-03-22,9475cd15ca1ac4f79326f3192be9d32c,2018-02-23
246a0dd11a624cd29b8c5dc2e56fa1dc,9e0d161e44c6199cc00168f41060be14,delivered,2018-05-27 12:07:46,2018-05-27 12:29:46,2018-05-28 13:58:00,2018-06-08 15:07:02,2018-07-04,12589be503186c33793b58de74262653,2018-05-27
dfa17c1f70f720cc2c699b032848a347,a4f2b838a51b4a3de8ff5fd7562507c6,delivered,2018-04-18 00:16:21,2018-04-20 07:10:54,2018-04-23 16:13:02,2018-04-30 12:46:41,2018-05-11,ca8990e09c13205fad328e2001a4ca22,2018-04-18
2e4e2813ad5d8dd8582c22307207f800,dde7d3a4aecd8c2db8bc1693d93d5575,delivered,2018-01-20 10:19:01,2018-01-20 10:34:04,2018-01-22 17:38:27,2018-02-01 14:36:44,2018-02-16,5860ea02a41f785f1ab02e8427bdcbb5,2018-01-20
a4d8e20531e46f727b8723d74a39d780,1b60798ff4ed85e56cad952238e4e880,delivered,2017-10-17 21:25:00,2017-10-17 21:45:55,2017-10-18 18:07:45,2017-10-23 19:12:37,2017-11-06,d09bba35007e81fecb06b62195289319,2017-10-17
6fa44c0aa6e74a2ded90c2657778e81d,5b7bfabf53d9b35dbe720771057d834b,delivered,2017-12-08 12:02:00,2017-12-09 02:49:49,2017-12-12 14:44:47,2017-12-23 15:35:48,2018-01-03,8c775c05651b7995405ee1d1dbe21bcf,2017-12-08
1ae8a88bf94d02224f932e18297baa64,7afffca41e83ce5daed57b022ab5cd74,delivered,2018-02-19 16:49:20,2018-02-20 07:26:59,2018-02-22 00:59:02,2018-03-20 17:12:24,2018-04-17,dff33bfc45ae0becc55ce9b50acd4073,2018-02-19
5187083897017a7ef1f9992070d898ba,9642a0bb9a77aa2ede0187891ff98976,delivered,2018-08-15 22:18:51,2018-08-16 10:50:21,2018-08-16 14:05:00,2018-08-24 21:38:38,2018-08-30,63a3cc83f7ea6026efe6109c9da705f0,2018-08-15
2bc1eac46ee8d6fad3f7369668f1bdf0,309e974054989e7a4f3fc8805b3bf55e,delivered,2018-07-21 13:24:30,2018-07-21 16:15:11,2018-07-24 14:51:00,2018-08-23 23:04:52,2018-08-21,9ca25c67e315e2a59b00eca2d4797734,2018-07-21
3b43ab87914ebf7fd563557362108ebd,cdecc5d1f7fc375b1138e8b5f496fd69,delivered,2017-11-30 19:58:04,2017-12-02 19:55:28,2017-12-04 13:56:01,2017-12-18 22:12:52,2018-01-11,d3ef55d6de8e4be1d4b905e8169224b5,2017-11-30
779a7c41849463b9f08aacd3d948a82c,76ad602d5f0774e99cc144e8942ff0af,delivered,2017-10-24 18:17:41,2017-10-26 17:08:03,2017-10-30 19:07:56,2017-11-16 15:42:13,2017-11-10,f6a9493648c8edcc4b1136ee234caeeb,2017-10-24
72e4d06e2e6df7e9ed18faa2f3623394,ebc5502300c33d56be693396de5b1100,delivered,2017-12-26 12:03:53,2017-12-26 12:13:23,2017-12-27 23:24:05,2017-12-29 14:22:28,2018-01-15,3923abc41d261c4be4e70853120bec19,2017-12-26
03798f08af4c622b81b2c8f46c8bfba9,f4c561310fbfc0b28a3419ff3df88950,delivered,2018-07-25 15:14:18,2018-07-25 15:30:11,2018-07-26 11:08:00,2018-08-02 01:46:32,2018-08-16,ef317827888c6998bb1672e72e9d3068,2018-07-25
cef5090298d950b6fb6f220e7e1fc9d5,1ced4937382c20943b262c23a2348dc9,delivered,2018-05-06 18:33:51,2018-05-07 09:14:01,2018-05-07 15:20:00,2018-05-18 18:51:57,2018-06-18,c5fadbf2139a45a404f1ecbf1e61dca6,2018-05-06
c62832207ec12a716aea2fee061b5ba7,851906dffd68e591db40291b58e57b7a,delivered,2017-07-15 16:18:05,2017-07-15 16:32:46,2017-07-19 14:57:42,2017-07-20 20:26:54,2017-07-28,f814ef761972a5788a621dd7f78ad3cf,2017-07-15
4218242a28cc771a5fbcd7f4e56dd02d,19934e840cf3664dd0f85c1e0b06859a,delivered,2018-07-25 12:02:27,2018-07-26 03:10:19,2018-07-27 14:02:00,2018-08-03 20:24:31,2018-08-22,5bd12e8f5f39523835f0d91da5444bde,2018-07-25
bf0e0772c9e81651f6f0f255ed74bf88,ba796cfb1a430e5d6ceed83cde80ff92,delivered,2018-05-29 13:46:56,2018-05-29 14:11:32,2018-05-29 14:09:00,2018-06-12 12:56:44,2018-07-11,7f268d1bda1bd9ff3e596536813b17e3,2018-05-29
d080ae08baaaf19491c5b2d62cd02bf2,4ce8e60d4a40ea780f8db855b13eb589,delivered,2018-03-16 11:29:39,2018-03-16 11:49:14,2018-03-19 19:16:34,2018-03-27 21:37:36,2018-04-04,07d790691c80310f11c9d6ad67215391,2018-03-16
c2346355ba8062d8c308b0a82854206e,e9c6e44edf5a10160912f631fa4dda9b,delivered,2017-04-05 22:28:14,2017-04-05 22:42:43,2017-04-10 18:19:00,2017-04-13 17:42:30,2017-04-28,2232877b4c63cbedde399dca329bc93b,2017-04-05
fc0da037889e24475a640dc6ef3c32d0,bc1da7d14aaf6f4d7f7f8ab57c507814,delivered,2018-04-27 21:52:33,2018-04-27 22:10:51,2018-05-02 12:26:00,2018-05-11 20:11:52,2018-05-23,6f6392e6bf5bf493a57ead6d598b30f2,2018-04-27
ba4ff7bab012df64eed239c402ba6a0d,48ebd9467fef647e9a0cd9c1b9bdbe24,delivered,2018-01-11 23:07:22,2018-01-11 23:15:46,2018-01-22 21:32:12,2018-01-30 11:11:47,2018-02-09,5b4c417664eae14efe4633d6982812c2,2018-01-11
4c7edd82fbbb32ade762d3daae1fe796,24b4c1c5cfb259406c62ae4aca559a3a,delivered,2017-09-22 22:10:20,2017-09-23 02:26:08,2017-09-27 19:23:32,2017-10-09 19:14:12,2017-10-17,23cb1658657075db145d2f001f50581c,2017-09-22
ed3e41849b59a2b13b8ab478ea321fdb,dfeeebf7ee78986ee554bb022fa4676d,delivered,2017-11-20 16:45:31,2017-11-20 16:56:31,2017-11-21 16:02:51,2017-12-01 19:54:11,2017-12-13,33d9976fcce4cb6e732b9f51b4489a31,2017-11-20
f32423da322088b5d4bb9b249496f84b,623371f16358f7377123a845962af61e,delivered,2017-12-07 17:32:15,2017-12-07 18:31:37,2017-12-09 00:38:58,2017-12-21 02:13:09,2018-01-02,71f331d6175ec521453ae96626ff88c9,2017-12-07
0360de67db844d693e3060a8b79eac4b,8345aea75d31e321ecfe407c12cbf5e0,delivered,2017-07-31 10:23:38,2017-07-31 10:35:19,2017-08-01 20:49:30,2017-08-14 11:10:45,2017-08-22,dc5965b04677202ed00410475fe3c733,2017-07-31
90c086a01b85684eb03d4f7b99d95501,335a327d8f2f15e0cc36a493218b1c30,delivered,2017-03-27 01:10:24,2017-03-27 01:22:04,2017-03-27 08:22:30,2017-04-04 17:22:35,2017-04-20,3bc228867a23226ae5ad926447fa056f,2017-03-27
dda0214706ebf9c46aa0a45821bb589c,3f36fa8566b86af7d9abd7f931f2ef73,delivered,2017-04-04 22:19:37,2017-04-04 22:30:19,2017-04-06 10:26:39,2017-04-10 14:04:08,2017-05-03,71205b9daf992360e033d1d37517d02d,2017-04-04
290673dd0e92d677725fdb80ce26d46f,7a5aaaaec11d575445323b17c38189f3,delivered,2017-11-25 20:43:50,2017-11-25 20:52:49,2017-11-27 15:53:59,2017-12-13 00:36:49,2017-12-15,3e0845420cb8ea26325cda9cb7cc4d8a,2017-11-25
870f773874f3b7fd05281b341c6f8276,c9bc32bea2a4804ee41bf26dbe02ae87,delivered,2018-03-23 14:30:58,2018-03-24 02:10:58,2018-03-27 02:14:48,2018-03-28 21:28:37,2018-04-05,211448699cb20e48d5eebdf0a0c2cf4e,2018-03-23
7a7b2262ffe011d9beeabfb73911f1c9,6af8e0beec8e9442aaf16b120e5e02a4,delivered,2018-05-11 12:52:43,2018-05-15 04:35:18,2018-05-15 13:19:00,2018-05-16 18:29:48,2018-05-21,dc43e20f5dd44c60323f7b06ab445274,2018-05-11
3389e2333066b728a245423a73f3f82c,45c155ac404d868fd8f1d07e8cd916c3,delivered,2017-10-01 09:15:05,2017-10-03 04:04:58,2017-10-04 10:38:15,2017-10-10 12:34:00,2017-10-27,da96a6a90c080f89dfdbb931ea53c782,2017-10-01
742ba39f629d08705cf64769ff41dd3e,3453cda7c1f2565886229607f31e7ce1,delivered,2017-12-28 16:34:07,2017-12-28 16:47:22,2018-01-03 23:22:58,2018-01-04 17:52:23,2018-01-19,b137ef0c791fd6fce92ddee2b926c875,2017-12-28
899da82c1aeee8fe315db6826cd9a5ee,96e99e9c96df10ace8cb672ce133896e,delivered,2017-09-09 04:43:33,2017-09-09 05:24:13,2017-09-09 15:09:52,2017-09-24 16:28:43,2017-10-09,b0765213c38298fb584fee79eb17099e,2017-09-09
972de859f5e4986651981a283159a3b0,c9dbab4b73e48bd978bb5a5114ee6e3c,delivered,2018-01-09 11:53:29,2018-01-09 12:09:17,2018-01-09 19:27:12,2018-01-19 23:47:22,2018-02-07,93d21068a4b6b2beb2c3cc9d44f948c0,2018-01-09
d85a98bb9881eb52e0efa5e9ddece3eb,3a5bc1fec476a774e618cb40a073bf41,delivered,2017-05-22 12:17:04,2017-05-22 13:05:59,2017-05-26 11:17:56,2017-06-09 12:53:00,2017-06-22,b7f2eeb91290ffe11be2fce7950a537a,2017-05-22
244eddf1bb79ed749213ea45709f87cc,27cdcc7fde4b4a2c57192e35fe14fc6c,delivered,2018-08-11 15:05:38,2018-08-11 15:24:28,2018-08-13 12:20:00,2018-08-21 19:54:44,2018-08-22,eafe8d761cfa4c5351e1e528cceca207,2018-08-11
5534625f6d8c8c073046dd7b57310af3,df7bfa162625fe00fdee8139c5e4cd31,delivered,2017-04-19 18:28:19,2017-04-19 18:42:21,2017-04-26 13:46:09,2017-05-09 14:38:47,2017-05-12,12ea0685d6fc325d91e12affd7b6569a,2017-04-19
022b1f3510a95b396431fec95f5de236,2584a8c397f871fab8d373d60dedd289,delivered,2018-03-07 11:34:34,2018-03-07 12:20:24,2018-03-07 22:12:42,2018-03-10 16:22:13,2018-03-23,c0f139fe95b95fe9648723696465c72b,2018-03-07
78902e5dd1f843cd182f10992137777b,ffcff7222f737ae6b440d4d0da1496d3,delivered,2017-03-07 17:35:28,2017-03-09 02:45:59,2017-03-10 08:17:27,2017-03-15 10:14:11,2017-03-28,446eb5e08e24f3e8c6159661154893e4,2017-03-07
bd06bffcca4ccf9aa809745a4d503085,74617dbb7f2de4ac9e4119a90ba82afc,delivered,2017-06-22 20:43:45,2017-06-23 15:04:54,2017-06-27 08:07:29,2017-07-01 11:16:48,2017-07-18,9539080163fbcb3ef263b17f4eb6b861,2017-06-22
7db6028d54d5921d79f3cb2b95e63a73,ed71acb598f20ff831497c147d62abbd,delivered,2018-06-23 17:49:39,2018-06-23 18:18:53,2018-06-26 09:28:00,2018-07-02 16:21:45,2018-07-24,32f3f8ab1a7b694a0b248c6ee999cc0c,2018-06-23
bf43f434abcaa2f045548a0592ee5e3c,55fbffedf0cf0c4d22b8385523cc40f7,delivered,2017-11-20 19:52:38,2017-11-20 20:08:49,2017-11-21 15:39:06,2017-11-23 21:31:48,2017-12-01,b9a3be66ad1e2db9370e4bf610778dbe,2017-11-20
6bc8a792b7a78b27d3036a8d23b0ad38,fe01d69c1c9046eed7b45b06a443562a,delivered,2018-03-21 14:43:23,2018-03-21 14:50:40,2018-03-22 18:56:55,2018-04-13 16:35:30,2018-04-17,878995c4c85a533aeb77e28e7bfa0edf,2018-03-21
2c70c146dab57932ffc2ffe38cd57d8d,49aca3f38ce32b651920b1a706754fa2,delivered,2018-02-21 10:28:51,2018-02-23 02:31:15,2018-02-23 20:47:15,2018-02-26 17:06:50,2018-03-07,7520673a25e0bccd3e7bd1e100defa9e,2018-02-21
7999733d1c4a42be3b4e5ee369697591,81df85472a415076704347302d743ea3,delivered,2018-02-14 17:03:39,2018-02-14 17:40:23,2018-02-15 19:35:48,2018-02-20 22:27:07,2018-03-08,f5093ffc19e6f70ddeeb976917622d6e,2018-02-14
72bbfb1326267dae6346125615032442,1a79071381f3d25dc59bf650e6b63475,delivered,2017-10-28 20:41:37,2017-10-28 20:50:19,2017-10-31 23:04:51,2017-11-06 14:44:45,2017-11-28,1695c60b1d8870e882fdb4c140d93107,2017-10-28
79d7ad461229b660db59a892f1fa8e1b,9652611b6a6c44d8631be8f89e656867,delivered,2017-09-07 01:26:35,2017-09-09 05:04:00,2017-09-13 21:22:52,2017-09-19 19:39:55,2017-10-06,1f4ebf25894e7c8c46e382a20a90e457,2017-09-07
de5b7ea79803e2993efb698c480ba599,6b0dd7d5c825e4239c42c72227fd82f9,delivered,2017-07-17 14:31:23,2017-07-17 14:45:26,2017-07-27 16:43:18,2017-07-28 14:26:43,2017-08-03,4f2543d4b3824cbf55f0951235a85689,2017-07-17
af1d40f25339af66ca7766f6ad8401e3,97025df057a78fc0093c5b75ec5ddc4a,delivered,2018-06-07 14:18:38,2018-06-07 14:37:57,2018-06-11 14:17:00,2018-06-14 18:04:04,2018-06-26,aed2683ccdaae45cb2d8bc3f4d887b69,2018-06-07
6530850720ec1ab866eabcb399ccaf7d,2186616b5111dd45da9535288a51c348,delivered,2017-10-09 11:01:19,2017-10-09 11:14:31,2017-10-11 17:46:47,2017-10-20 19:13:52,2017-11-08,debefd4bde750f78013ed0a6217bf165,2017-10-09
49255b429bbe9a429b8bc9f7d77a2b99,32a49c42e4bc78e6453e53c6719f6196,delivered,2018-01-22 10:16:24,2018-01-22 14:16:05,2018-01-23 23:47:31,2018-02-01 00:07:14,2018-02-19,26c62200e28fe391637570bea7abd9c5,2018-01-22
42e69ecd0778c6ef53d99623cb1f3b9c,9ea52a177d36577d2396cad28e68a4e0,delivered,2017-04-13 19:41:54,2017-04-13 19:50:14,2017-04-17 15:08:38,2017-04-28 17:35:12,2017-05-09,db5076501cb0022f454d85f4096c6584,2017-04-13
cb54c9069dc123fa6cfca4b4cf94eb9c,6f87cac1f850912f8eee3d00f7cf8d1a,delivered,2017-05-29 17:01:47,2017-05-31 11:05:10,2017-05-31 11:32:49,2017-06-07 13:20:25,2017-06-21,e175378c843ccc929a08f5c89935739c,2017-05-29
338b0cffa439f5e95d42cd30d7ace847,0176d6c1606400bd49c88871e15839bb,delivered,2017-04-23 12:07:48,2017-04-25 08:05:21,2017-05-04 09:10:15,2017-05-16 14:33:34,2017-05-16,e359c198636cbca8537e6c073d2d9551,2017-04-23
69a9472cf248340a42a3801c33f5a0d9,6981cdccdf99ca1a73963e3559352d2b,delivered,2017-05-31 08:51:45,2017-05-31 09:02:59,2017-05-31 11:15:21,2017-06-27 15:17:50,2017-07-05,662b4932a59fa15be6acffec1030788d,2017-05-31
5333db16fe357175d39c82840dd3269d,7e008e5ec21e044fe30c34ec4e9d0747,delivered,2018-03-10 18:18:20,2018-03-13 04:08:22,2018-03-13 17:58:52,2018-04-03 15:32:52,2018-03-29,d06f106a141c540ca3b3cc0a3a8bba39,2018-03-10
070b9bc7d401021bcb0d4d7413bb233a,78c8986ae34f3ea1cbeeed9c5ad29f40,delivered,2018-08-08 12:03:37,2018-08-08 12:15:15,2018-08-09 13:38:00,2018-08-16 20:11:45,2018-08-21,f64252a555afb1b642c0bfda648ddff7,2018-08-08
9aec4e1ae90b23c7bf2d2b3bfafbd943,e7d6802668de6e74d0d6c56565bf2a24,delivered,2017-10-02 15:49:23,2017-10-02 16:05:19,2017-10-09 21:33:34,2017-10-11 17:11:54,2017-10-24,3d47f4368ccc8e1bb4c4a12dbda7111b,2017-10-02
f1fbfebcfeaeedc9470bfb15f569dbea,a8d7d756a888b0382a2d3881b870a1ae,delivered,2017-06-07 20:21:54,2017-06-07 20:30:20,2017-06-09 16:35:56,2017-06-16 15:42:03,2017-06-28,b93c0710b3905016b2329af35f3b6512,2017-06-07
1048ce07df6dfd9d7ae971bdcfd03d77,ace6148a7bef63ff4e8c80fd5c53780b,delivered,2017-09-17 15:08:41,2017-09-17 15:27:47,2017-09-18 21:04:15,2017-10-03 16:38:30,2017-10-16,6084496782926c56bf04c556331bf884,2017-09-17
deab869c61051ea9df4fcc0daf282c0f,340485e58213e37b8cd9723e0548f7c6,delivered,2017-11-24 11:53:17,2017-11-26 11:55:29,2017-11-27 19:09:18,2017-12-04 20:42:13,2017-12-14,d1c3d5127ab02d8b9a11c63df869edac,2017-11-24
f1f7bea1d9c5ce9f1f2db79011a29aa1,6071409e8ac30d508795f90b547936db,delivered,2018-02-22 12:41:19,2018-02-23 02:15:53,2018-02-27 22:49:01,2018-03-02 17:18:53,2018-03-15,218130f72da8740f7a273642b6db72da,2018-02-22
fa141a7eaa934d2cabe21138a23a10ce,b7b240223f7d8bafbceac9f74d8b60d4,delivered,2017-12-01 12:46:00,2017-12-05 04:13:16,2017-12-06 23:32:44,2017-12-20 20:15:08,2018-01-02,08981350cd27a14c6e62555cd0997160,2017-12-01
981c757205df6c89af28906c96860c18,751faaaf0d01d3251288d53b03d59fa4,delivered,2018-01-02 20:08:11,2018-01-03 04:29:05,2018-01-03 21:42:44,2018-01-10 20:29:11,2018-01-31,c30a124b6e6eeb54f2a27730063cd47e,2018-01-02
b4d1dd77cf2c5fe4f153c568189a1e39,cad8cb02b68f53c2db4a122ca3aee6dc,delivered,2017-10-13 22:52:40,2017-10-13 23:07:21,2017-10-17 17:49:55,2017-10-24 18:18:42,2017-10-31,b530945168f12f82a3f9be3a5e243afa,2017-10-13
a0224d0bc0030c9226e9613d6561a7aa,278c63ede99698eb4838f0df378d9adf,delivered,2018-05-09 23:19:02,2018-05-09 23:33:32,2018-05-29 12:28:00,2018-06-11 22:18:38,2018-06-19,deea7416e5baacd083b67f25fe2cd142,2018-05-09
3003eed153ba33c08d9352250d65ba75,e16cf97d3d5183b6516d4fa8a476285c,delivered,2017-06-19 21:27:05,2017-06-19 21:35:23,2017-06-22 13:06:51,2017-07-03 14:07:31,2017-07-19,335be0ca4b7aa8578e364a76efd4da52,2017-06-19
f4e88b3ce1eb899d388467aa702fdf93,4a1435c406b7c8bf1404a88a197787b4,delivered,2017-02-12 18:14:57,2017-02-12 18:30:12,2017-02-14 11:18:49,2017-02-20 13:15:29,2017-03-14,39b56719c0ea74b79ee77758001eb6ab,2017-02-12
d2b5f540a6876d69b10bd2cd1edf4855,8f02b2e57bef69fcfb71e63b5246c62b,delivered,2017-06-08 09:19:18,2017-06-08 09:30:18,2017-06-08 10:59:48,2017-06-21 16:25:40,2017-07-04,0e477943b7bf8f1c61e86a17f1caaece,2017-06-08
385de753cc8af8758bf66d29d9916e66,83cc2c8ce60cb5aa51122ccb4bee73eb,delivered,2017-09-06 11:47:44,2017-09-07 02:50:39,2017-09-12 20:03:13,2017-09-18 18:47:49,2017-09-19,2781ec56c6a3b0403a3e6ef1aa055461,2017-09-06
76de574e14e58baded25a12dce8075c1,3dc99b2fcf41c0898cfc7f38c2fefe5e,delivered,2017-06-18 10:26:33,2017-06-18 10:42:57,2017-06-19 13:45:40,2017-06-22 16:04:05,2017-07-11,970e5961383615662043afa2d9c68802,2017-06-18
fba0d18dccd0e4e88943d84a0f5aa448,412737810005be70b7bdfb4e4dc69dd2,delivered,2018-04-22 20:23:31,2018-04-24 18:33:58,2018-04-23 23:12:12,2018-04-24 23:22:08,2018-05-10,292efecbfd48ae86505f777f955ac096,2018-04-22
25a93076658202368073fb3697a3f4ef,1a0fba6c64f792517a1f8d8c88b8bbab,delivered,2018-05-06 23:32:46,2018-05-08 19:52:59,2018-05-10 14:19:00,2018-05-14 18:52:05,2018-05-22,0d0e54b63022739efa62611df8a184e8,2018-05-06
bd3a4f4d1e523b01043f634836a0b4c5,d9a4e05b8c763933f3a6c9640d64a75d,delivered,2017-11-24 23:59:48,2017-11-25 02:53:52,2017-11-28 00:04:34,2017-12-28 15:05:22,2017-12-18,7fb793be0a754449f7f3dd2e09d695ff,2017-11-24
8a22adf86aba1b368f60fc28338e466d,2e9502ca58b46dd9afa7d714355dd541,delivered,2017-07-22 22:59:33,2017-07-22 23:10:12,2017-07-26 19:12:50,2017-07-31 13:53:01,2017-08-15,730d20b4b42011fc27febdf6bd4c1e29,2017-07-22
d591a97fad2791ee9d973b748fd1c4d9,49c66275a0b693c4414d9b1cc41477c2,delivered,2017-03-25 15:34:23,2017-03-25 15:45:21,2017-04-04 07:30:36,2017-04-10 11:26:36,2017-05-02,fb920961e4d8e55fd9c357976a611765,2017-03-25
9692f3f8431de918c3daf5fd26a66668,1d2b80dfe191a690569d02080deec210,delivered,2018-04-24 23:09:11,2018-04-24 23:29:43,2018-04-26 15:18:00,2018-05-08 22:07:50,2018-05-18,1832d669c517f79b6f387a45cebd0fa9,2018-04-24
580e9410cdbeb1ec66a48d3d0454dd17,e64813a1e1c56c5f628d71d62b69fe7c,delivered,2017-11-24 02:08:40,2017-11-24 02:29:27,2017-11-28 15:48:46,2017-12-21 20:05:34,2018-01-05,51566116908cb5d81f18c8e5b58e3c1a,2017-11-24
442c6fc8659cdf5bd32a9631cf51b3c2,a3f57ef05079a04651bd421fa6e4d919,delivered,2018-05-06 15:10:37,2018-05-06 15:33:32,2018-05-07 18:36:00,2018-05-16 22:46:34,2018-06-05,e30fa69b8afd150a33a8b3311ea544b0,2018-05-06
c526fe83c01c48066394ff5d81f9ab9a,6c678c38f3a0874b7bfeeb2d5fb22876,invoiced,2018-08-07 11:11:30,2018-08-07 11:25:01,,,2018-08-17,1bc908dc0f4755b364972526cb872ae2,2018-08-07
4add09b525bbbd66f6571658ca867401,2d78b0188c99bc38d9944aa2fdb67258,delivered,2017-11-25 20:28:22,2017-11-25 20:38:32,2017-11-29 02:52:05,2017-12-19 14:47:05,2017-12-19,e3195f28e77ba6f2684405ad110909de,2017-11-25
60c75f7dd1ec49e06e204e2a86f0720a,9829c71399f3fb5b29d584b83a099775,delivered,2017-02-07 15:42:51,2017-02-07 15:55:17,2017-02-09 07:11:35,2017-02-16 19:04:14,2017-03-20,827c526fd663d5f41ba54e2d3152b694,2017-02-07
cb6e8557d9afadd1aa602474dafddad8,21acca2de271c02fc746e1573535ed3a,delivered,2018-01-18 11:52:59,2018-01-18 11:59:24,2018-01-18 22:06:16,2018-02-01 12:35:07,2018-02-21,ba7594ffed6e0f18307c99b238ff57df,2018-01-18
7e2dddf174cc4d2768bf39c43ab2bd7a,accfbaa1f092fdf6db1d8fcdad351b50,delivered,2016-10-09 15:10:41,2016-10-10 05:54:51,2016-11-03 07:43:55,2016-11-10 09:27:42,2016-12-02,1c5aefec1a2943edd15e52f9e2900e41,2016-10-09
c6630f530cbd8c6e773a12a891182c31,a8a9f3c66f09c5784531d7935c5c7a95,delivered,2018-03-27 19:52:58,2018-03-27 20:08:34,2018-03-28 23:05:27,2018-04-11 19:06:39,2018-04-23,a6fbfad6a8bc94c8e615c3c6ea419150,2018-03-27
8be0775a20e013586ff9da7cef067d7b,02bb19e4d66682ddf2b4ec648db0cd48,delivered,2018-07-17 15:27:59,2018-07-17 15:45:13,2018-07-24 15:22:00,2018-07-30 17:40:45,2018-08-03,6166aa4c9d5b8c7315782b6ba4be6bc8,2018-07-17
a8c4fcc8e48fe5abc8a3ff717cae70f0,07e6bfcde64d35a92aeea73af4a36411,delivered,2018-03-31 14:44:43,2018-03-31 14:55:19,2018-04-02 23:58:24,2018-04-03 17:04:34,2018-04-12,ec7aba817621a4189b96174565534b3f,2018-03-31
a02ddb57f9bf46f22a23296cc62653c0,5c3438327a067e8d27565c9591bb2ed3,delivered,2018-05-04 11:58:19,2018-05-04 12:12:49,2018-05-04 12:32:00,2018-05-19 12:28:47,2018-05-29,4707fd68c1827609e6ce424d8055f1f9,2018-05-04
5a198bcc83422adfdadc4b093e2a25b8,2f039c43f71f86584ef4674ce47de10d,delivered,2018-07-06 12:49:19,2018-07-06 13:11:57,2018-07-09 15:37:00,2018-07-13 23:09:47,2018-08-08,5ea942166d1aa2e2741b447d4f49fe51,2018-07-06
0028de0ca693a1bb26448916a81105cc,4b4773853bbbc435ddddd51bd6c6a002,delivered,2018-08-15 14:59:36,2018-08-17 03:35:17,2018-08-17 09:45:00,2018-08-28 18:58:21,2018-09-11,f94d7c267f1bb6956a0c6c6fef65da8b,2018-08-15
213d9c7816af2997de34a27af083ae27,8339a701c100077a022dbd99e3d84eeb,delivered,2017-06-04 10:59:12,2017-06-04 11:15:13,2017-06-06 14:37:06,2017-06-14 14:33:24,2017-06-30,7a224048c384137dae8d1c76a57cd36c,2017-06-04
f20387017913ada05e448bb9c9cfadb3,d87d1c08c59e86ce55b5a78f368898d1,delivered,2017-11-24 19:52:19,2017-11-24 23:12:30,2017-11-28 16:03:32,2017-11-29 20:18:42,2017-12-18,94e6fc514ff9628aa650d4a6076ea9ed,2017-11-24
6bc3c200db7e637a78b05d8984dcf66f,49c01eb0774fa3c20b2b4aa1b1682b4b,delivered,2017-02-03 11:05:24,2017-02-04 11:10:13,2017-02-06 10:27:30,2017-02-13 11:38:52,2017-03-22,a4ee69b44b706be22ef7dc61d65606fc,2017-02-03
c097e1a4e7912ab6cb8d54df8de9b73e,4ae327c54f9fbb1bd9dfab1e5ea6a238,delivered,2018-05-14 21:18:41,2018-05-14 21:30:12,2018-05-16 14:22:00,2018-06-01 20:21:29,2018-06-12,007b8307b6448f0425ff2001f00c1bdb,2018-05-14
5d22221b90c2b5e609b04d8f026e79a4,3a15794cd2a69bc6d8f57b3c6ab67610,delivered,2017-07-18 16:58:18,2017-07-18 17:10:20,2017-07-21 19:13:44,2017-07-31 15:55:11,2017-08-11,43ba4c5bac7ad4720dadce76a197a830,2017-07-18
2fcdb0c004a2a538d3dd724ea76916bd,cf826be53b1fe4a39bc33c7f5f827835,delivered,2017-11-22 11:39:00,2017-11-22 11:49:05,2017-11-23 22:58:51,2017-12-15 00:23:25,2017-12-18,d92462d83762d5e5c112bccc344119e6,2017-11-22
40d6baecd21b178b3115e0d6913248ac,66d663da211c0f3d4079b5df06669d36,delivered,2018-06-03 17:11:34,2018-06-03 17:30:18,2018-06-04 13:14:00,2018-06-12 19:07:39,2018-07-12,296d4a4fbc724c0d8c4eb2f2ab6b9c9c,2018-06-03
0a6b605082c96184ffbfcee379404d6e,bf769edf40aab3125f27a234248b5da4,delivered,2017-06-16 12:32:19,2017-06-16 19:15:08,2017-06-19 21:14:56,2017-06-27 07:21:28,2017-07-13,96fbd8c5db81ca0b9a5cb273632a1dca,2017-06-16
1bf0b920cc1b287eba4e49c0959b201c,95c6a5a5a86b6f51425d48aaaf25a05b,delivered,2018-07-27 12:52:48,2018-07-27 13:40:04,2018-07-27 14:05:00,2018-08-07 23:41:51,2018-08-20,62896c5b925f1add648f8355cdb7b243,2018-07-27
e58b8168894c93cf61d36c90775acd85,65a227fbf7d798cdeadee8c0bea74993,unavailable,2017-02-26 16:13:36,2017-02-26 16:25:15,,,2017-03-22,886c05aaa3a617c8b3a6b441eb88de2f,2017-02-26
2e00b894a3ca76bbdbbe1067f0bb0edb,23876fe1d024542949b72bf5e7e56d7c,delivered,2017-12-15 13:17:09,2017-12-15 13:32:09,2017-12-15 23:03:25,2017-12-17 14:12:16,2018-01-04,e208ff930dd140b0c1f299292f45a623,2017-12-15
6cbe4707ae0b201a8d5a8b16dea28800,cae4015fe5f8696787e39009137f4440,delivered,2018-05-15 16:22:18,2018-05-15 16:36:58,2018-05-16 09:47:00,2018-05-28 18:37:27,2018-05-23,b88061f1247afd5ccd20f0c4a34d700c,2018-05-15
fccb46e17ee388c4213300cd1f54c1a4,0810d71853774db2529c5c82e093d33b,delivered,2018-01-10 10:56:13,2018-01-10 11:31:40,2018-01-11 21:10:45,2018-01-13 16:14:46,2018-01-24,289ac4586f5ec0949919c041473d0bad,2018-01-10
86386c3dd74a55831068a41fc4fc1bec,64071b76b477a3abfeee800af096db82,delivered,2018-07-31 14:47:55,2018-07-31 15:44:25,2018-08-02 08:01:00,2018-08-08 02:15:42,2018-08-13,5fd308adb6ae9dcd478a1a71df65917b,2018-07-31
69efe1aee14d4093c8627e94343a359e,97b02cd154ba83c7a105d797003cbff4,delivered,2017-08-03 16:23:51,2017-08-03 17:55:10,2017-08-04 18:52:10,2017-08-14 21:43:05,2017-08-23,e0adb31b1a56b80caf389a3f0d215f20,2017-08-03
48340ddd156767e80ea7a05abc8a0af4,28689e72c53169610a3d6f96d729b4bd,delivered,2018-05-27 12:30:34,2018-05-27 12:55:38,2018-05-29 14:38:00,2018-06-15 14:36:37,2018-07-23,218d48ccbe8d970634c6bbaac3a8164c,2018-05-27
020f8f4df303ae8aa39b806b766d2681,d588273738545bc6a0d30971bf72e938,delivered,2017-12-27 09:58:49,2017-12-27 10:10:33,2018-01-04 22:27:07,2018-01-09 21:58:57,2018-01-23,e883ca09ca9171b6a644ddb4a970ad27,2017-12-27
d0d6cb9c9eae947723c51c3d492d4bdf,8990cac44e4d7c9bb1de0846ad2fb02b,delivered,2017-10-27 08:27:44,2017-10-27 08:35:55,2017-10-30 18:29:40,2017-10-31 23:07:48,2017-11-10,535078c46841ddf6212fa5fd25a736de,2017-10-27
2e180902a7c09965877711c287097421,f349d0d4c578720a500efdde105e48cc,delivered,2017-05-31 12:52:56,2017-05-31 13:10:52,2017-05-31 13:27:21,2017-06-16 14:39:36,2017-06-27,a43f7a7d75333b2a45c7570d51dd89dd,2017-05-31
97190f1266ff922bc8bab1fde79fbec0,5b7312052e4b59e6ca49d9d81216f832,delivered,2018-02-14 17:44:50,2018-02-14 17:55:33,2018-02-15 18:28:54,2018-02-23 18:35:14,2018-03-12,155af62b6c947689a67af5c16acd5c55,2018-02-14
1a0e54c67a7d784f932f5cc4f953fbaf,baca33004aa726524d5a891853100559,delivered,2017-06-16 21:56:39,2017-06-16 22:06:26,2017-06-20 15:30:45,2017-07-03 08:49:44,2017-07-13,aa67457bb07fde4e952d67b038135bee,2017-06-16
265b8c2415ffccf3e31e5622aa91d95d,1d4b7bb9405b39a11d5aef6985dd7a41,delivered,2018-02-14 20:14:12,2018-02-16 08:07:19,2018-02-20 18:17:05,2018-03-05 11:59:04,2018-03-09,9f1591824452a9d9a9f225b9fca168d2,2018-02-14
65aafdaa712c5cbf87a06041a8606907,679c8904ab29adbc9094871de22ff44b,delivered,2018-03-13 17:06:49,2018-03-13 17:29:31,2018-03-19 18:08:37,2018-04-04 01:08:24,2018-03-29,09c1ed5035fc97d805f39284b78d445c,2018-03-13
e69ba661394e76586286fdc88fdfa5f4,29ac5ad10ab078271f193b8412b83a6c,delivered,2018-04-25 23:17:10,2018-04-25 23:30:12,2018-04-26 12:20:00,2018-05-02 21:44:28,2018-05-16,e00d50958142770a266d1b44718e8d7b,2018-04-25
46bdec7cc92d926500bee756ee1df6dc,0cfcefc0ed0af6a2e601540feeac24e7,invoiced,2018-07-16 13:20:06,2018-07-16 13:30:35,,,2018-08-06,77cbda5b2227fa2e9de95536462fd31a,2018-07-16
e55253f870ba00d40f6f01475ceecd3c,4673e1ebd04cf92efca5b5068c6b4b2d,delivered,2018-03-15 23:52:07,2018-03-17 02:55:22,2018-03-23 20:43:57,2018-03-28 00:49:49,2018-04-02,cc3fa56799bf052b6f877995f7cc592e,2018-03-15
9afb4dbb97ba2e4b69f72df48c4cf901,1f3e5065ebd28abed905c82bd83b4594,delivered,2018-08-14 10:01:17,2018-08-14 10:15:25,2018-08-14 13:54:00,2018-08-16 16:05:42,2018-08-17,5877b1849403b41a93001b91c5d669df,2018-08-14
1a10e938a1c7d8e5eecc3380f71ca76b,8a81607347c25d881d995d94de6ad824,delivered,2018-07-25 08:58:35,2018-07-26 03:10:20,2018-07-27 11:32:00,2018-08-01 19:28:20,2018-08-10,75fe53e03a8a9797acb680ce8710da8b,2018-07-25
72cb2646f4d14d8cc71780e765f531dc,4b4b31f3c6970ebb076768e11bd95ab6,delivered,2017-02-11 12:42:53,2017-02-11 13:05:54,2017-02-15 07:07:36,2017-03-08 09:13:42,2017-03-21,74030c9f00fd6202c4f0108b6e4358bf,2017-02-11
6fbbc0d7a48ca11a1ed88ea1f6c3071e,338551d63dc536fbb5ca33aa31a8a402,delivered,2017-11-21 14:26:59,2017-11-22 14:29:58,2017-11-24 16:23:20,2017-12-01 20:18:34,2017-12-14,77d5c9a7eaacefd0e96f030c30e18977,2017-11-21
b084efba670d1b2c17c0e253d969738a,a5139b033b57135acb4e423961e8aaea,delivered,2017-08-16 14:40:22,2017-08-17 02:50:33,2017-08-18 14:33:55,2017-08-25 18:11:43,2017-09-20,60582bbe2188ff969bf71485ee29f9ad,2017-08-16
ae62cc90c2871f048d8b89ad4db23ae1,b4f4ec258e451d814ff7a373d237b6d3,delivered,2018-03-01 21:51:35,2018-03-01 22:10:49,2018-03-02 16:45:00,2018-03-19 20:06:36,2018-03-28,92e30f5f39b91d3056988747521a9789,2018-03-01
a68b3ae8450a14f9ba0cc1b53574af62,12ec545e9215dba0af4404a1ddc03d36,delivered,2018-08-05 21:54:15,2018-08-05 22:05:10,2018-08-07 12:25:00,2018-08-10 18:20:37,2018-08-30,1bcbeccb2851888f299cf9a5dba8553d,2018-08-05
8baa4ad94917218228f7b4939799f9d0,c6fea610acdcbd2e90dde86d3492bb4b,delivered,2017-06-01 13:28:19,2017-06-03 02:22:43,2017-06-06 12:40:51,2017-06-12 13:47:52,2017-06-26,aab74a97dcb728b3d4e65935a4ea2aca,2017-06-01
c1f89369bd3cbb73632fdaa0ccaea081,231d0b9437092e86792cd80a5f1cc679,delivered,2018-04-02 18:46:22,2018-04-02 19:07:58,2018-04-04 17:07:19,2018-04-07 01:32:50,2018-04-12,ae78ade889beda3d322c106406f1a2e2,2018-04-02
df7c3cca620b20622f4252bd497dcbd4,65b0483ab064f876c4ae29b34d71aafb,delivered,2018-01-27 17:28:08,2018-01-27 17:56:48,2018-01-29 15:38:38,2018-02-06 17:15:03,2018-02-23,7c1650a09a5dceb2bc92a1caf13b8ef8,2018-01-27
4f2a29346d25613d2e553a8d6381b006,3043e244f2c35c95554a613c30a7a332,delivered,2018-03-15 23:18:16,2018-03-15 23:28:29,2018-03-16 19:28:48,2018-04-20 11:12:30,2018-04-10,b7a117351f7b0f426a78d5781f2dc328,2018-03-15
fbffb0b287b62d10b5a1c24a29ae16ea,0a952ecdee3346648d2dca69c55853d1,delivered,2017-09-26 10:51:26,2017-09-26 11:04:34,2017-09-27 15:33:56,2017-10-19 00:08:00,2017-10-11,126c84bea62ac08be389fcb68dc73944,2017-09-26
f3d113574c163b8642fb44302c8fe0c9,7ca7b6bb5ab0b1ac2529e5c489cf3592,delivered,2017-06-23 21:50:23,2017-06-27 04:03:14,2017-07-07 19:25:30,2017-07-13 18:23:47,2017-07-24,96f9779ab3aada4f274112897f433d1d,2017-06-23
9a5ea74a2fd85889e60e9bdb186cd1f0,c9722642f74a37fb4d28e4d5d65c20aa,delivered,2017-11-30 13:33:13,2017-11-30 13:58:33,2017-12-04 16:09:24,2017-12-19 13:18:57,2017-12-28,dcb03f4ee77595ab4196660e3a646883,2017-11-30
dbfa3d8c05cc5d84083fc259a9feb5bc,92fc29e76e4da7c1b189ab092d4c3756,delivered,2018-01-04 22:57:14,2018-01-06 02:08:45,2018-01-13 00:51:54,2018-01-22 21:16:37,2018-02-01,8901b2526349d372dd0bdf8d77af656d,2018-01-04
fd33ba57c9de6097c36bb005351c1168,720d86a24892277b6987d83426aa5d91,delivered,2018-02-27 16:20:42,2018-02-27 16:35:30,2018-03-03 02:17:31,2018-03-16 00:58:39,2018-03-27,d462583a8544c80ef3e927715186ac3e,2018-02-27
b53789a8a5e82c833c06eb2c139993a3,513df1f8363b2dd2616025c26193436b,delivered,2017-05-30 15:43:45,2017-05-31 06:45:12,2017-06-06 12:31:47,2017-06-13 12:06:06,2017-06-20,40959c9d5a8b0e7c45973c4444841830,2017-05-30
826ac984fcfa730ed1f2ef0d212578af,7b7c592ede6606e96e5b9f0d5123192e,delivered,2017-05-29 03:13:00,2017-05-29 03:25:07,2017-05-29 10:47:37,2017-06-05 14:29:52,2017-06-27,1e741211c960f8d4880e21cf39118cc9,2017-05-29
bb8871a92af73ddadeac0531a0787131,ce757220d9f01ba4887f6bf76ced6a1c,delivered,2018-07-31 09:16:57,2018-08-01 16:31:37,2018-08-01 15:03:00,2018-08-08 01:03:27,2018-08-22,a532fd54430dcef49c1f8dd838889158,2018-07-31
841db6722b61d17ec70ba20934e58528,e321feb702549b26f2ccd5518359229e,delivered,2017-11-27 21:16:37,2017-11-27 21:38:19,2017-11-30 16:37:10,2017-12-10 17:04:07,2017-12-15,36d402f853294b32a5db1a96a1b64cba,2017-11-27
9af8448f626289733ce1337988c420f1,c5d367f2e0e482d1f935aa40fa7fd3f4,delivered,2017-03-26 12:40:05,2017-03-26 13:10:19,2017-03-28 12:18:35,2017-04-05 15:28:04,2017-04-19,0314eeaea06df4eba64cf4f30e4b0981,2017-03-26
e0e86ba567043fd48c98fbb535105f00,bdc1016dc15e2f13ee18d8f987b7f3c8,delivered,2018-06-24 18:25:51,2018-06-24 18:55:38,2018-06-25 09:07:00,2018-06-29 13:28:38,2018-07-17,5b38ad98107098293758a5a9a7a6aca4,2018-06-24
31a7dd4d08e48968ab49478c64c7075a,f2ad8c1d461bb9d11944d8ab973f3836,delivered,2018-01-14 17:18:45,2018-01-16 03:39:56,2018-02-09 16:38:01,2018-02-14 16:07:43,2018-01-30,48c3fff2293e3bcf50dfacf6a06d487b,2018-01-14
240ead1a7284667e0ec71d01f80e4d5e,fcdd7556401aaa1c980f8b67a69f95dc,delivered,2018-07-02 16:30:02,2018-07-05 16:17:59,2018-07-05 14:11:00,2018-07-10 23:21:47,2018-07-24,083f9c55bf04dc9af3749412568f9f6e,2018-07-02
a7b3d11d05a59e62a799d50ad789abe7,08fa67bf8d7cc2241741f62794ad0b45,delivered,2017-03-25 20:26:34,2017-03-25 20:42:30,2017-03-27 15:58:15,2017-03-31 11:51:59,2017-04-18,8a2f8c899fc35a0b0bfc55e1f2f827ba,2017-03-25
ef813fad9b922ac63fe19839a24d9aa0,dfc0fe4a8cbe5e299345a08f7cbdca5b,delivered,2017-05-01 15:44:00,2017-05-03 14:25:58,2017-05-09 15:37:59,2017-05-19 11:21:18,2017-05-23,43fff3de2afa07c86baee0f64a346ff1,2017-05-01
fc703730f6206ec478cae91c89f7dcb3,d99700792f0811f23d94f2edb64634f8,delivered,2018-07-28 18:01:11,2018-07-28 18:15:14,2018-07-30 14:06:00,2018-08-06 16:41:43,2018-08-15,8b8c8f067a3faaf116211277147a88de,2018-07-28
6f50dd4b4117e4425da9ac374632e010,0157cb863b4453c43468f3825dccdf9d,delivered,2017-06-28 10:55:46,2017-06-28 11:05:26,2017-06-28 13:41:34,2017-07-04 14:39:34,2017-07-24,7dc30b655870459930b7c7960205d283,2017-06-28
8f0ef9fa114bf453c16ffc0350da8581,a5e8f1d1cdf5e548e6048ae76949857e,delivered,2017-07-14 12:23:10,2017-07-15 03:34:12,2017-07-17 19:49:59,2017-07-28 15:52:19,2017-08-07,5241e55cb5cbb15f845ac606049c29e8,2017-07-14
fcddf193880c7919950a36840f0cc4e6,0c1a18f3a66287a0088e541e9df09e51,delivered,2018-07-19 17:06:33,2018-07-20 04:50:13,2018-07-20 12:26:00,2018-07-25 23:03:11,2018-08-08,5d1ab8c4c79f6f25c2da105854c511f7,2018-07-19
2ff0c35261b0f6905e8dbd2c664c86af,cb20df3c23dabff46478995c1701f441,delivered,2018-02-27 08:19:54,2018-02-28 10:09:37,2018-03-01 00:59:41,2018-03-17 00:32:24,2018-03-23,14dbedc7240fbbb72a8aaf4d8fff9629,2018-02-27
7c08dc7de9f9ef0a8dee5ab4a414f840,f193948dfb090a947f61af8fd1686cca,delivered,2018-04-08 23:46:57,2018-04-08 23:55:17,2018-04-10 00:05:32,2018-04-11 17:52:45,2018-04-19,7ecd01eed6b251a4127cc195598eb415,2018-04-08
dcd7ba3b58ccb67686e71ad6439ee17a,bbaae092a3ff8f60678b288009bbbfe1,delivered,2018-01-02 16:11:58,2018-01-02 16:19:24,2018-01-03 19:07:41,2018-01-16 01:06:19,2018-02-22,4294734b451b175e3f9edcaa4afa38af,2018-01-02
9d8f8e29ae80be83c9a161e3d08bb9a4,80828141e564cd43c7278737dbb337f4,delivered,2017-03-12 12:10:44,2017-03-12 12:10:44,2017-03-13 11:36:06,2017-03-17 06:54:57,2017-04-06,742496f1962d7565d3adc374d5d49cf9,2017-03-12
46a960198503941a98246a108f151e0b,2c111dddbadc3ca0954979d59bd3fd64,delivered,2017-10-05 19:43:00,2017-10-06 19:35:22,2017-10-23 15:02:55,2017-10-27 18:17:47,2017-10-31,84df86398d857a2ae4a7c085533af669,2017-10-05
57748df7f355a139e0ec741129dac639,6e2e6624495d1c0f03025b5de5cb35de,delivered,2018-03-11 16:28:23,2018-03-11 16:47:27,2018-03-12 22:22:41,2018-03-23 22:04:08,2018-03-28,da4d43ff0097fd021b8e234213f220ae,2018-03-11
4fed711323f674330ff12f1834049b3a,2bba47464a5490f19511a77f212966d2,delivered,2017-06-13 10:13:53,2017-06-14 02:32:10,2017-06-16 17:44:57,2017-06-27 18:07:48,2017-07-24,955a2985cf248356b4ded39c0a9cc7ad,2017-06-13
f9e98373f57d893a7116ef7a0bb0cc39,c40666c67c6b0b187e28d8472f591413,delivered,2017-06-03 13:19:37,2017-06-03 13:30:15,2017-06-05 15:13:22,2017-06-16 14:21:53,2017-06-28,9881eb202966a957cdc05dafa62e45e2,2017-06-03
cacbbea6c8fa8e5cf10021eab8a162d7,39956277e1326a1d59862db252e5c257,delivered,2018-08-14 22:30:33,2018-08-14 22:45:14,2018-08-15 12:53:00,2018-08-20 13:18:57,2018-09-14,e435b5e7210e287ae7487d7e384834f2,2018-08-14
dd70a35befb65bab7a91010576b94951,1d981393e7512dec94db1473ec885816,delivered,2018-03-09 19:21:25,2018-03-09 19:30:27,2018-03-14 20:58:36,2018-03-23 01:18:37,2018-04-04,e67308a1631a3263a7b579b04bee4c9c,2018-03-09
67a05eb1a593433184f324fbf217cca2,f4fa9dfc7290a03e9d3d4fe11ff32538,delivered,2018-04-09 21:52:45,2018-04-11 09:15:09,2018-04-17 17:41:48,2018-04-24 16:32:50,2018-05-02,1ba8db80ae20d11cf886ce227c900df4,2018-04-09
b474873efc88629c172f639f9b47138d,830500b873adc2062db3b3cbb2875621,delivered,2017-06-12 10:42:16,2017-06-12 10:55:12,2017-06-13 11:20:39,2017-06-19 17:19:41,2017-07-10,a1d852ba193ab6dead77bdb11fed3403,2017-06-12
498bd6074c1c42f8c5bf3481c471c67e,7731c9600c691225b96857140b1f59a5,delivered,2017-06-19 17:26:48,2017-06-21 02:23:12,2017-06-22 11:07:56,2017-06-27 13:41:56,2017-07-07,78c1337764f4c82e5f2c4c3e7791124b,2017-06-19
82a7cba8d70a10e7e0e44e41a30772f7,5e6283cd338ed4776861535ddee19b20,delivered,2017-11-24 14:09:36,2017-11-24 16:18:56,2017-11-27 18:39:22,2017-12-04 20:18:40,2017-12-08,eddcd62347237badf01afb155eaacc1c,2017-11-24
5ce8ed74908cd24bd6b5138292ec7b04,565d4f4e889300656969d36628d8ddff,delivered,2018-07-20 21:57:09,2018-07-20 22:10:13,2018-07-23 10:09:00,2018-07-24 16:51:54,2018-07-31,aeb32a95fba5e0519952a5f4aefd69d7,2018-07-20
274a7f7e4f1c17b7434a830e9b8759b1,670af30ca5b8c20878fecdafa5ee01b9,shipped,2018-06-23 13:25:15,2018-06-23 13:40:11,2018-07-04 13:51:00,,2018-07-24,8823bc1bf8b46bec53f2b6e7c5d0a8c0,2018-06-23
7ec1e3874c69a513e785a5b0cc71dafc,a394adc4a10c887539f7cf0ff32e5e93,delivered,2018-05-23 22:23:28,2018-05-23 22:56:49,2018-05-25 10:14:00,2018-06-05 19:39:41,2018-06-14,22af135150ad29d878e461ef1adc5f06,2018-05-23
4a4ded48a84c0cee9a190dd22ce96866,2b22da03dd8511de17c84238e49082f9,delivered,2017-12-28 21:32:44,2017-12-29 02:09:39,2018-01-03 15:38:32,2018-02-25 14:54:29,2018-01-30,5dc92678eb46123e6887c33f041bd9d9,2017-12-28
ad369c5a6bd2534d48420216de8fd8f5,c4166318f0d95d4ff6e243c05b407d21,delivered,2018-01-29 15:19:13,2018-01-30 15:31:50,2018-01-31 20:54:01,2018-02-21 17:46:45,2018-02-21,dc2e3d8342b4ef33945a258ce631ab3f,2018-01-29
a835cb24fb9dc47511a9932df13180cf,a7e51ce898bb8caad5301b006e61bbb9,delivered,2018-04-24 08:38:53,2018-04-24 17:25:33,2018-04-27 13:12:00,2018-05-11 18:17:45,2018-05-23,934d5b3c394e8ecf4c1124e1b0af7e82,2018-04-24
6fc799ceafdfdc895614fcc1b545f98e,11401d5f566692fb36d9bc01171bb6f5,delivered,2017-12-10 20:13:09,2017-12-10 20:30:15,2017-12-11 12:32:55,2017-12-18 16:57:17,2018-01-04,6378bf536c3cb117dd7c1f1e3242c6e5,2017-12-10
de1324ea1b95dba92d0920207fb24494,662a0db56bf6bd998dd59dccc268571c,delivered,2018-01-17 11:56:48,2018-01-17 12:10:06,2018-01-17 19:04:01,2018-01-29 17:34:01,2018-02-19,e89b05b0bb32e1d5065217c753a174d0,2018-01-17
4dfb733b29969397d64be1d58ecb7d42,7cf7d706571fa732ccf9ddd8c2f706dd,delivered,2018-08-02 19:51:14,2018-08-02 20:10:10,2018-08-06 13:28:00,2018-08-10 19:38:35,2018-08-22,d0692aee4dc7a69aad0c333cea0bd006,2018-08-02
25f6cb0e242a4c0bacc239397614422e,c3e28a954146468597f1dfe3ab014eab,delivered,2017-11-20 12:50:49,2017-11-21 04:06:25,2017-11-27 22:04:13,2017-12-22 19:52:48,2017-12-21,e087f21fb7bea52503db8303d3317ae5,2017-11-20
bbcdbcca11edb13b2755983593cd7b5b,39a8aef76e81e6c890bcb2350bfdb6c8,delivered,2018-04-20 09:02:54,2018-04-20 09:15:26,2018-04-24 13:56:45,2018-05-09 18:12:48,2018-05-14,5a493d1ecf4a90ac2990d602e0abd2eb,2018-04-20
e70564a3b448dd6f6d5ca53b0f8222b1,3e2f92a3270a9218d23d86930d081605,delivered,2017-02-15 16:04:53,2017-02-15 16:15:13,2017-02-16 16:16:10,2017-02-20 14:21:07,2017-03-14,5c4532e92c92ee3c58cd84d7eb15e0be,2017-02-15
f1a1942c32bd91ad8368164ae571b8f7,9632f1ff07591588a9596b99f8515c03,delivered,2018-04-16 20:51:56,2018-04-17 20:51:45,2018-04-19 19:54:43,2018-04-30 15:43:45,2018-05-16,1ef6a1d949703afd7a74347aed3b0503,2018-04-16
b7716ace923ed81a5f2df20115695b2d,cc708205c142818e4e7d22634553b8c8,delivered,2017-08-24 07:55:40,2017-08-24 08:10:15,2017-08-25 21:13:16,2017-09-12 16:05:18,2017-09-28,5ded91f1483cba8f756c6557a5922231,2017-08-24
7a0e30997b8d1fd1763a0047a53eec9a,fbf2f678a62eba81b5774018b2342345,delivered,2018-04-13 13:14:33,2018-04-13 13:53:51,2018-04-13 23:28:38,2018-04-26 20:33:18,2018-05-11,6706cb8f13ccf06d5549735de9842f78,2018-04-13
536dc10adea685bee0cb83614fe3353f,40050a9445eb9acbd618fb333252b5ca,delivered,2018-06-30 20:03:53,2018-06-30 20:15:06,2018-07-03 12:02:00,2018-07-11 00:21:47,2018-07-30,cedd18bad262f4bb3507ce420c8cf548,2018-06-30
54221b8fe80966d39640af9f26d184fc,b27659c9bf30264f52e445e61bde1cf2,delivered,2018-01-31 13:20:35,2018-01-31 14:03:10,2018-02-01 20:50:20,2018-02-05 21:08:50,2018-02-16,4ae7b4af14bc680cc816ec09b3a1e170,2018-01-31
b93b079468bdf6a20fd54cf45d1e03b6,e570debfd69192cdd2e846ae00869a33,delivered,2017-11-24 22:29:08,2017-11-25 01:31:36,2017-11-28 21:54:48,2017-12-11 21:11:35,2017-12-20,11cd4821f3f646fae625b1f043fb5ec3,2017-11-24
85a543ebc5aa8bcbbf7974c03ed49ca2,595de27f827cc4d79a6fcd48ee602c0c,delivered,2018-03-07 00:13:00,2018-03-07 00:31:20,2018-03-07 21:13:01,2018-04-05 23:03:15,2018-03-29,2f208b829f6ff8f31a31e521b8d1cf5e,2018-03-07
0dfa0cd73d2c16254c2cf4ee72d13c3f,ae4cb608d969c60cfe54ce07ce4fe321,delivered,2017-10-03 16:11:33,2017-10-03 16:24:50,2017-10-04 13:41:31,2017-10-17 21:56:39,2017-11-01,0f7134902dc8336ac1b6909bbbdaf470,2017-10-03
3b506802b619f7a3d43a4180ae13698f,045113dd9def11da63eed78d7bd66571,delivered,2018-05-01 18:06:57,2018-05-01 18:15:22,2018-05-02 16:02:00,2018-05-09 15:43:49,2018-05-29,3676d45c02c2f74ac2fb7b0eb74cd628,2018-05-01
e9d424615d8805614e254bf5c170bef8,102a23c6841127cf625296ef67d5f79c,delivered,2017-07-05 21:32:47,2017-07-05 21:43:26,2017-07-07 13:09:04,2017-07-15 12:03:02,2017-07-31,cb9b7a02c19d2212b2ced9131eb97bd1,2017-07-05
2f2df159f26ddb73d55ee72372200d3e,86a7245fffe6a418ca1658a13ecc4531,delivered,2017-07-17 01:19:50,2017-07-17 01:30:09,2017-07-17 22:14:50,2017-07-26 09:44:00,2017-08-09,1d532194f005426adcdf6d969640d56e,2017-07-17
af8b2f03e1bfa7e0b86ed73ac5653938,c12aaf461cee6eef95b7ebe50a7a93cf,delivered,2017-11-07 09:52:20,2017-11-07 10:06:42,2017-11-08 16:27:34,2017-11-14 20:58:53,2017-12-07,c18f0ac19217b1a23f563cc1968c499f,2017-11-07
6eaca18daa94d3a9aacdaf0e5827cd2c,672a1794441f53ac1295c2e82ec4ff70,delivered,2017-11-23 12:51:18,2017-11-24 03:09:51,2017-11-25 02:41:32,2017-12-11 20:45:00,2017-12-28,86bcc3a1a79a7b3051d843ed7d0eba19,2017-11-23
c277dea251cfd74bf121060769a7135a,06061ffdb496a2030a55687e3d14d977,delivered,2018-08-09 00:00:08,2018-08-09 00:10:24,2018-08-09 15:08:00,2018-08-13 20:16:49,2018-08-24,3f89c636b2f78ec7a2724277c9ff438b,2018-08-09
88a2f6f5ddd57a8da3f5ecbba9bede1d,27e3bc07d48b431cad4ce1b3a1de6129,delivered,2017-11-09 12:10:26,2017-11-10 20:26:30,2017-11-14 16:37:17,2017-11-21 12:16:56,2017-11-27,3f48e980cd3e8e979e758a4c3afefe8e,2017-11-09
9aa0695aafd26e856023e7dc62d3d878,92e61855ad557bd19a438abcb81b3c9c,delivered,2018-03-07 11:11:51,2018-03-08 02:15:29,2018-03-09 18:06:41,2018-03-12 23:28:32,2018-03-19,9625bdf299ab055652667ac9429ffffe,2018-03-07
aea0db338150b526dde24f6fd953a5ed,379a02efdc6a56bd27f99b95fc2f6c06,processing,2017-12-26 21:56:13,2017-12-26 22:05:26,,,2018-01-26,43fb4e33ebe4ac765e99c7b57e5d6940,2017-12-26
d84dce79fd962faab40bc1d4b084d9d7,a0c58da1742fe623c609a92e21af9d5f,delivered,2018-07-21 17:03:21,2018-07-21 17:15:22,2018-07-24 14:40:00,2018-07-28 13:04:19,2018-08-16,e9a6501768a8cc1125752e157da21cc1,2018-07-21
7b598857cddf46a156640f69f70a6e6d,a215ee5514ab937a137a58f476f4ec71,delivered,2018-07-25 01:12:50,2018-07-25 01:25:07,2018-08-02 12:44:00,2018-08-09 22:58:38,2018-08-24,e520d01b14c310b4469ce675cef5c6d2,2018-07-25
6560fb10610771449cb0463c5ba12199,0d07d0a588caf93cc66b7a8aff86d2fe,canceled,2017-10-01 22:26:25,2017-10-01 22:35:22,,,2017-10-27,0f75924cbbe60142068f4029d744b724,2017-10-01
aaed8674bbb08564e753d75c698a8734,99f65aeadfaa01394afb6bb538aa139a,delivered,2017-11-25 00:10:03,2017-11-25 03:10:51,2017-11-27 20:27:33,2017-12-08 15:42:18,2017-12-18,4cf1d62c5636672300ac7c90feff2e4d,2017-11-25
49e209e4415e51644d1f13072b00d8dc,42de37a682dcb7e06d2c183d7880e648,delivered,2018-03-29 13:56:13,2018-04-03 05:48:55,2018-04-05 21:38:32,2018-04-16 19:36:49,2018-04-25,9618a533709845ae6707db5acfe31ab4,2018-03-29
e32ebf133fb19cafd04315ff6d108047,b65a67a6cb9f36ff9379fcc0c88cccb8,delivered,2018-04-10 21:47:20,2018-04-10 21:55:18,2018-04-12 20:12:15,2018-04-17 18:57:29,2018-05-08,da2a4fa0e6fbed8edc581e7f035e2bc8,2018-04-10
6cf5c427fb11bc5fe8abefa86aa7ba0b,91ac14a1e50bc022eeecf0c2ba37006a,unavailable,2017-10-17 10:53:48,2017-10-19 03:12:43,,,2017-10-27,9004096d8ffc515d4189e661fc4bcb84,2017-10-17
56b8dfac98a87021344bae2675b86709,7dfa275c9be7b674f7e11671486f00b3,delivered,2017-11-05 12:10:00,2017-11-06 13:31:25,2017-11-16 11:03:27,2017-11-23 22:41:40,2017-12-11,5d754f8207d351d98f314c7c7c1a971d,2017-11-05
1d7ecc45a3c802b704268c826150ba9b,35853760952869ed5b3b7f185eb15ddc,delivered,2018-01-09 16:10:54,2018-01-09 16:30:10,2018-01-15 16:10:30,2018-01-23 17:48:34,2018-02-02,ac2dd4aa4d50ea5d87640731c9f8e8ca,2018-01-09
4495f509457db82fbd44608ebbcddca8,73914591b886a40daeaff8ff1bed45f6,delivered,2017-03-07 12:33:29,2017-03-08 03:02:59,2017-03-09 16:53:56,2017-03-14 12:22:25,2017-03-24,57953ff2a999a79ace45303decbc6245,2017-03-07
78a5e8c49e49a19e18fa017e61715113,662dd549d8031ddf3dee06db55dd4c61,delivered,2018-05-01 20:34:04,2018-05-01 20:55:47,2018-05-10 09:23:00,2018-05-14 17:47:52,2018-05-28,e85109b2b0fae6d7151666c5e5e841ee,2018-05-01
4fe9c22aa06ba861bb93d65446eb73c6,507d2314a1a7b2f0b0f8938b474a7ee4,delivered,2017-10-20 12:13:05,2017-10-21 03:05:47,2017-10-23 19:17:51,2017-10-26 20:45:53,2017-11-14,4731dbaa797a769634978398e1925d53,2017-10-20
9d77259cf0f321f678b1039dfcad920f,0bcafb4963830ff4916ab5c5adeb209c,delivered,2018-05-08 20:31:49,2018-05-08 20:55:24,2018-05-09 14:05:00,2018-05-11 19:18:46,2018-05-25,3f5f986b9a3efc32fc26cdbc9df34fc9,2018-05-08
9b48e4c5b266f148a536ca61a2252ea3,394aa31d7966641cee136ab7ff32ed45,delivered,2017-11-17 07:18:03,2017-11-17 07:30:25,2017-11-17 18:46:39,2017-12-04 18:19:14,2017-12-08,0ffbd15f821fb05be0defae9728bc195,2017-11-17
bfb1d0f7664c36a532d74c4cf0da37af,811e55e5f48c8f37832963ff509ce85b,delivered,2017-08-31 15:05:50,2017-09-01 17:25:22,2017-09-04 21:21:34,2017-09-11 20:45:01,2017-09-22,c106df929ba7c1b2dcbf7af4d0d60ee0,2017-08-31
d84b3fdfbb838b26178304662ff635e1,aa90812c60112bac39cefe1f2ed45d84,delivered,2017-02-05 18:54:57,2017-02-05 19:05:16,2017-02-07 07:28:05,2017-02-10 12:03:38,2017-03-06,dd78e736826142c46dfba5d6ec8fd028,2017-02-05
6a2a2625b249a88c6ec1b37192c30c6d,8ac9ce2bf6a831fd7f60e34002199e42,delivered,2017-07-19 11:54:51,2017-07-19 12:10:22,2017-07-21 16:44:58,2017-07-24 11:52:27,2017-08-10,e4c0722a3a14bdfeed298434d200d266,2017-07-19
ff64e0ba4800eb1127ac32aeac2b51f9,16482587049b0c2a607dd532d0653696,delivered,2017-11-20 16:46:51,2017-11-20 16:56:23,2017-11-24 15:39:15,2017-12-05 00:57:57,2017-12-13,ebc6df639d125e446f07c0e9b1e47b90,2017-11-20
a7dfdfebf93719bd1ad61e569a852c31,62286ca771b7e7fc40c28aca1a8a4278,delivered,2018-04-27 12:04:24,2018-04-28 03:15:32,2018-05-09 14:14:00,2018-05-15 13:54:33,2018-05-29,54b860479701b0143d801783b6e87ed4,2018-04-27
31f8953fe9c7c62ad4bd0b3afaf1854b,5b881682dda54e4e3dc332b6a8297827,delivered,2017-11-12 12:47:01,2017-11-14 12:55:56,2017-11-21 12:17:58,2017-12-01 00:52:15,2017-12-07,84b7440c2a25a2d908e7226cbeb300e8,2017-11-12
d6de1a325f87726ee52e1ffe80c35a1a,edcefb33e1e2137e0bd7c05764a99f84,delivered,2018-04-10 14:42:59,2018-04-11 05:50:33,2018-04-11 21:48:35,2018-04-19 19:58:47,2018-05-17,8a507f395d8c899ee18b7b85756459e4,2018-04-10
e1d102f12364768054a07dfa10fc43cc,f58c14ad1417ae5e8f9c6d0f9f6aec24,delivered,2017-03-05 22:11:02,2017-03-05 22:25:16,2017-03-06 09:38:29,2017-03-23 15:06:37,2017-03-27,04a5a9b154c83e4b19258dcd0e4476ed,2017-03-05
ee15d0f2d62b2c0e0182e82f43e9e53b,4223a72a89b38d8d60b60123c68bf3ba,delivered,2017-10-23 14:25:14,2017-10-23 14:49:20,2017-10-24 16:26:52,2017-10-31 19:02:43,2017-11-10,c05330a4eff887df54e7b0f72e70a70d,2017-10-23
7844d511767a3dbe9411602e49a0ac38,d8045e6cc95ece813867ea4938cf6fa1,delivered,2017-09-03 18:41:07,2017-09-03 18:55:10,2017-09-04 21:47:50,2017-09-11 21:15:19,2017-10-03,2d0a1ec21a4f50a208963991a3bdc979,2017-09-03
78441b03179176f2ef199bdbb9287f51,fd4e9ef0a0c57a091635bfd5e7a89f88,delivered,2017-03-05 17:27:31,2017-03-05 17:35:19,2017-03-07 08:44:54,2017-03-13 14:38:00,2017-04-03,fc06116082a6e23a21072673c4eb12f3,2017-03-05
70e746af5b44223b32c2e1110cf12001,f035a091bc8d3cbfc3df925912539a8d,delivered,2018-01-18 16:45:53,2018-01-18 16:57:53,2018-01-19 20:53:03,2018-01-24 20:21:41,2018-02-14,396f21a331498465cd12c91e57a394fe,2018-01-18
ad005b5bdc8ec1f3085f0967211207d1,d765f7544b62372aafab58ba0ca7d0f6,delivered,2018-08-05 10:50:43,2018-08-05 11:05:07,2018-08-06 16:27:00,2018-08-08 16:23:48,2018-08-09,9b7fcde05dd369caf4dea1f04ed39fcc,2018-08-05
efe279abeb0fb2d03273c495d19b9f29,a0973c8c7e186a3e7425bb1ae01b0c9c,delivered,2017-11-24 08:31:27,2017-11-24 08:56:30,2017-11-24 21:41:16,2017-12-06 03:13:29,2017-12-21,1c1ca0f24271081b1116978a1167ace3,2017-11-24
716efdf8021634e228e910bfb9d50df4,b4502ebb12002e657227edb2d48706df,delivered,2018-04-16 18:47:03,2018-04-16 19:32:38,2018-04-19 21:32:07,2018-04-23 21:04:32,2018-05-03,5d66336db5f2b8e5c7844c81cb5f73e4,2018-04-16
c3f4cf75877b9328cefa436b0ea4c725,3f0b253b3781ae697613733d689967e1,delivered,2018-06-22 17:31:12,2018-06-22 17:58:39,2018-06-28 14:41:00,2018-07-09 19:31:58,2018-07-27,743c8062d9e28efb8ac776bfbb8587a8,2018-06-22
68d2df61243c80ca57cc40e6461f9732,136a28c6b13f394abf5eda9cfb6ea934,delivered,2018-04-08 13:05:01,2018-04-11 10:50:58,2018-04-12 19:58:47,2018-04-13 11:32:05,2018-04-20,4c4b5dc90eb4e33188153ca3e7999f92,2018-04-08
e19cd34df6e55d39ab0bf8412fcda86a,ad7439e0f479ff502ce04c66c61bf7ec,delivered,2017-05-07 12:47:57,2017-05-07 13:10:37,2017-05-08 11:46:32,2017-05-15 14:32:35,2017-05-29,b3be47a665b75181ac9728442d970dde,2017-05-07
58ce3de15da816ffc6ba72af9a7ff85c,24009ff993f655cc3bd6644de9970739,delivered,2017-12-18 16:01:04,2017-12-18 16:32:05,2017-12-20 01:03:51,2017-12-22 23:55:05,2018-01-05,0718d96349a80323476a9d067f408814,2017-12-18
79b64ea5b697b2e014789fe969dd50a0,421ab72b1c25213d331a2a70c2dbac1e,delivered,2017-05-18 10:20:33,2017-05-18 10:35:14,2017-05-19 11:34:40,2017-05-30 14:18:10,2017-06-14,0d9f520ddeed59962d2b8c29c307f096,2017-05-18
659ce33e2ba9b51a83056aaaf3fc92a1,ee9ad961a9e77d12ff4536208539ce17,delivered,2018-01-10 10:37:04,2018-01-10 10:49:30,2018-01-11 15:49:28,2018-01-23 12:37:05,2018-02-08,85c51295439e499152d9d3a42f8ecf2b,2018-01-10
54586394af32e5d816910c2bace53a0e,3b46d8d2e41d1c7c81a8b96268798706,delivered,2017-09-05 11:12:29,2017-09-05 11:24:13,2017-09-06 22:09:05,2017-09-11 19:17:41,2017-09-25,7d3d96e668f530cd87d3d30d064b282a,2017-09-05
0e819cea051490ffa56c86778fe28c9d,d3aaa445c6fef4c3f966c4d07b8bf1bf,delivered,2017-10-26 11:13:23,2017-10-26 11:27:48,2017-10-27 17:33:36,2017-11-04 00:05:51,2017-11-23,c1977e8e3ea0900e70cd1dd70123d382,2017-10-26
0d3030480b6641db146fb663f52a6d0a,a28ffb71674bd7b87ec0765cb21cbe7b,delivered,2018-03-01 07:23:38,2018-03-02 07:29:04,2018-03-10 00:11:31,2018-03-19 22:51:44,2018-03-21,a39c967d9cc336e258954dc444525d51,2018-03-01
50affbf242adb2cf23efc823a471d621,9b28334d56b62c44cb4c3caff94aff0c,delivered,2017-06-20 13:12:34,2017-06-21 02:25:21,2017-06-22 16:24:39,2017-07-05 12:25:46,2017-07-24,bde87a8332a2a85c6fca9a60e47b1623,2017-06-20
469f0b908881368c45917f1bed8240ce,59e4d7310198da197337571749b47ff2,delivered,2017-01-24 21:35:25,2017-01-25 16:30:14,2017-01-26 06:32:47,2017-02-08 08:14:01,2017-03-23,753edf44d14afd72110c66fb22b69c91,2017-01-24
636cdd02667dc8d76d9296bf20a6890a,c162256b133c76f79181ce61d66545db,shipped,2018-02-17 14:31:22,2018-02-20 07:11:31,2018-02-20 19:18:58,,2018-03-14,39552b92919b5aacffcd326b13af0397,2018-02-17
6e1d6161b9c3022a013add19495f1018,c4db641e1443376cfe2dbd3906aa67b8,delivered,2018-06-07 18:41:43,2018-06-08 02:56:11,2018-06-11 09:47:00,2018-06-25 09:41:53,2018-07-17,b0428b000a682156b8856ede42ffa1f1,2018-06-07
2484e92129d05f3104e03735dd3b7771,382fbca5bd170b5d5b3879824f8f7a4a,delivered,2018-05-24 15:39:39,2018-05-24 15:53:51,2018-05-25 13:56:00,2018-06-07 04:39:03,2018-06-18,f3743322ce5db92540965f71256a0e71,2018-05-24
f3a0df8637066be632ea188f5902c162,4718c9b5ecaee126f5b4db1bd06e3cdd,delivered,2018-04-28 18:09:07,2018-04-28 18:29:55,2018-04-30 14:40:00,2018-05-16 20:56:54,2018-05-11,e088a4de3e5980614855e4696c061f0c,2018-04-28
34ded2049fc8446ced02a6bd3dcbdab3,73e3d5eefc213584073f9781dc3e8430,delivered,2018-02-05 12:14:55,2018-02-05 12:29:52,2018-02-06 19:28:40,2018-02-19 21:41:33,2018-03-01,f66a8a0a66a5bfba2b2a3bbb4fe89b58,2018-02-05
8bbfd0be5d89a92d4bf214baac246fea,85e0c3aa291ef2ca5f2b48d2aa1c9904,delivered,2018-03-27 01:00:29,2018-03-27 01:10:10,2018-03-27 20:18:58,2018-04-18 15:22:47,2018-04-20,8645d9b2ac9b380dd02db0ea5ba6e2a8,2018-03-27
cf05987956ae425707062444530231d5,9eee5713aa4f4dd1ada4af4da9dfb1fa,delivered,2018-02-24 20:29:18,2018-02-24 21:35:25,2018-02-27 00:07:45,2018-03-01 00:52:57,2018-03-12,35825208c1a9b2d7cccd2eee08d8cbc6,2018-02-24
2887e340dedffaaf9e4f86c762b2a788,f71a5859040b9dbf6327c9c121a74764,delivered,2017-11-03 09:41:04,2017-11-03 10:10:45,2017-11-08 20:16:41,2017-11-13 22:12:44,2017-11-23,d468040bda183009e4ec5a3efb6350ae,2017-11-03
9cb72ea4aed538b235a9936b84656974,21c888a810711179a52e23c8844def51,delivered,2018-07-16 08:28:17,2018-07-16 08:44:11,2018-07-23 14:53:00,2018-08-03 00:47:49,2018-08-20,d2f28957708c477204aaddbad2f2c37c,2018-07-16
7a9f31f6c0e36f4e6fb8d27c49c18fd6,4db09730e85cacf07aa9c7ce98ee2a16,delivered,2017-02-18 12:27:48,2017-02-18 13:05:49,2017-02-20 12:32:42,2017-03-16 09:28:00,2017-03-31,67d17914ab163a6ad72efd3a37a54cea,2017-02-18
507cff923e04506e6c70d01593656415,efb35f12444917602243c4d65c19cf98,delivered,2017-09-15 10:40:36,2017-09-15 10:50:27,2017-09-15 19:51:52,2017-09-27 00:14:56,2017-10-03,c594d2923e4fd469441778e1b1c98f02,2017-09-15
ce76730f41d857a1d10c4953cb1b6454,51f81daf79283c5f6913e3d581998975,delivered,2018-06-28 10:46:40,2018-06-29 02:53:31,2018-06-29 14:29:00,2018-07-02 19:51:30,2018-07-12,c8c5a9ce8309600bd422a452c8254719,2018-06-28
87a71a39b50dac1a8ad74cddfaa82703,984c029cec8bc02edabe1ac7be16c111,delivered,2018-01-30 10:22:13,2018-01-30 10:35:39,2018-01-30 21:27:18,2018-02-02 20:12:36,2018-02-21,6109a7fbc9a9010872da7936b99c5433,2018-01-30
b3d1f66de4e47bfefc8a4326d9ab46ba,9bcafc597352b6c442e746eb4c7e4f23,delivered,2017-08-30 18:19:18,2017-08-30 18:30:20,2017-09-01 19:30:05,2017-09-12 19:33:13,2017-09-26,9e79c9a87b14a3315487d564583b575d,2017-08-30
2583b27eb8957bea688a9cd41b7c0f47,7ac9fdf6d5f20b34e1a815487a49e9f7,delivered,2017-07-21 08:59:56,2017-07-21 09:10:21,2017-07-26 12:22:16,2017-08-07 22:19:40,2017-08-16,7e36f08063c47bdb9aec711348a8ec57,2017-07-21
129c72226e320a7bf5b89efce442afd5,46dbd6b44084696774eb0bc59352069a,delivered,2018-02-12 03:09:04,2018-02-12 03:48:19,2018-02-15 05:41:47,2018-02-28 17:07:46,2018-03-12,ae8482b27b2119e2c3278f5ddf9c1024,2018-02-12
b41697d4dc1b083c1d853b7677453fc5,749038adc58441ea072a53451b9dd1f6,delivered,2018-03-04 15:13:34,2018-03-04 15:28:36,2018-03-05 19:54:58,2018-03-16 01:42:46,2018-04-02,975bd8adbd7c3176ce497f528a5117ce,2018-03-04
26ccc2faacfa3bde877ac3d843a8eefa,d1603f4303610971154e335f5004957d,delivered,2018-02-07 01:24:26,2018-02-07 01:50:08,2018-02-08 19:41:38,2018-02-14 17:49:07,2018-02-23,5a6b37816cefa8497b74b1ef78dbb202,2018-02-07
80028e205983856e71a9cc12fe99d17a,7f516f7fe2d742fb94e464229c864cc2,delivered,2018-06-03 16:32:42,2018-06-03 16:50:35,2018-06-04 13:30:00,2018-06-16 13:26:46,2018-07-05,ccdf8d95f15845e3b5353a45a3223310,2018-06-03
0b020adf769218b4661b301ce96c0ca3,5bfd5c9b641d1cc6da293adb821253ce,delivered,2017-10-13 20:27:49,2017-10-13 21:07:06,2017-10-16 19:40:02,2017-10-19 15:34:15,2017-10-25,15054d5f81a772f6deb7985eb77a9c69,2017-10-13
396b08e638fbc9a9d6747df738dbd29c,b86fa13640bbe026753973deebf377c8,delivered,2018-04-04 17:16:55,2018-04-04 17:30:22,2018-04-05 19:58:55,2018-04-14 19:32:33,2018-04-26,49c8c4575d64540960170de12edb2ff7,2018-04-04
74d882fe8bdccca5952fbe23321ecfa7,784ea06d707eeb460893a573fa879dc2,delivered,2018-05-20 01:24:02,2018-05-20 08:17:29,2018-05-22 12:39:00,2018-06-11 13:34:28,2018-06-07,5224b7a19a39296f9ac2a9b492d08290,2018-05-20
29e48983e21e97c5b3542161bab87fd9,697fdd7c29459cc7263a1d0f8c45fdde,delivered,2018-08-20 11:02:14,2018-08-21 04:15:16,2018-08-21 14:25:00,2018-08-24 17:40:55,2018-09-03,5bc4aa3b7746132b21001fd7d0c3e6c5,2018-08-20
2b79deb9a99d3d4dfecbf19beb6d2847,1927e6eb578828e81b7b9ded6a48d5d9,delivered,2017-05-28 20:53:51,2017-05-30 04:25:16,2017-05-30 14:28:53,2017-06-13 12:02:45,2017-06-29,763228cc82b9af54b847007bb558568d,2017-05-28
79ce3a0a9eba49ff442b392ab05349a4,3b979b88fbf88354add6870de52d007b,delivered,2017-12-12 23:41:30,2017-12-13 00:33:28,2017-12-13 17:53:38,2017-12-26 19:32:07,2018-01-09,3d4cd13fd525234c1c4a2304fbe769e0,2017-12-12
08b46ab06eaf71cf043929ebf277e280,53d8052fb56568f144410fc5ff6141c5,delivered,2017-05-27 15:21:27,2017-05-27 15:35:16,2017-05-30 10:24:21,2017-06-06 13:42:55,2017-06-21,1174fb783ffca25cec25f6925f0d99de,2017-05-27
727faa6b0b07d753b487413d43e0b770,0fc2ab06aaf44c9f55ed4d64a4c8054b,delivered,2017-02-19 17:44:09,2017-02-19 17:55:23,2017-02-20 12:36:09,2017-02-23 12:37:36,2017-03-17,cb215bde0745f8a0dc343e4ffb76c311,2017-02-19
67c5cf1273ec191d0a3876bef14fb5b8,8751c8062e9b939640e28854c6757834,delivered,2017-11-27 06:42:23,2017-11-27 06:50:22,2017-11-29 16:49:02,2017-12-08 19:32:29,2017-12-18,93e453d3a36ba2f80bc29a06863945cc,2017-11-27
e7198a668ebfb6c423e3ec0605bb0837,733977eacc36467042335fbb457cb244,delivered,2018-06-14 15:27:40,2018-06-14 15:59:33,2018-06-19 14:43:00,2018-06-21 21:38:37,2018-07-04,eabc4f9f752aebc08ae4b2949ced8cb6,2018-06-14
634de1499ffe996612a8960e10d1c4ee,275f5f7ae20f7e971f370b0c19728efb,delivered,2017-09-17 22:36:58,2017-09-17 23:20:43,2017-09-20 18:27:55,2017-09-25 20:55:52,2017-10-16,7a6b4947e01039432cac229435d058ee,2017-09-17
b5d08e6b71d4af8f816daf169014c908,c3e4865228356afd7819b3ebe77332bf,delivered,2017-12-04 09:56:29,2017-12-05 10:03:30,2017-12-11 17:21:48,2017-12-30 17:08:04,2017-12-28,439624e26bc73309799fd718773bdb8a,2017-12-04
f73a22bddb155350e16a991b2510fa64,958e287b02a53d2107c61ec4ac90943e,delivered,2018-03-08 07:26:51,2018-03-08 09:48:16,2018-03-08 20:02:33,2018-03-11 18:23:42,2018-03-26,9c83f21126fe233bad5a62397cbc77aa,2018-03-08
fed276d97e3162a568296fa489dca79f,7459d4e75498c70f7f6e6994b9cd0f40,delivered,2018-01-12 15:06:00,2018-01-13 02:05:30,2018-01-16 00:04:31,2018-01-30 12:33:19,2018-02-08,f0c69a05d47ae262398b095d70155117,2018-01-12
4b049621d38b837b020bc1b2e040884b,873a279604826d4d7d043ec018410c14,delivered,2017-08-25 09:31:56,2017-08-25 09:50:13,2017-08-28 20:03:22,2017-08-29 14:48:16,2017-09-08,9fe1afbaef3ba321036bf970115295dd,2017-08-25
e33865519137f5737444109ae8438633,64b086bdcc54458af3ea3bd838db54a5,delivered,2018-05-28 00:44:06,2018-05-29 03:31:17,2018-05-30 13:13:00,2018-06-01 22:25:39,2018-06-20,82ffeb20040f58e6c008e4402fa6f992,2018-05-28
25d0455ca29c6f58e491a90065954af0,2835fc229807133f646ae4245e5e6150,delivered,2017-12-25 23:23:06,2017-12-27 04:07:51,2017-12-27 21:59:18,2018-01-17 18:43:22,2018-01-15,c65c16639de33db814f8b384177c0ba3,2017-12-25
2fe782855de414d2c2c51fcdb1437e3c,626a0f18050903535ecf8e312a5c028f,delivered,2018-08-01 07:13:41,2018-08-01 07:44:03,2018-08-03 04:29:00,2018-08-10 21:46:42,2018-08-23,615eb18afcde37c5ed09c9d4109c41fa,2018-08-01
a33c70384e5369223140d28308cc84a4,3cf843218f85922e5fe972904be4322f,delivered,2017-09-17 15:13:10,2017-09-17 15:28:03,2017-09-21 13:51:58,2017-10-04 11:52:39,2017-10-23,47a393022261e86f676ce7f05efd0bc0,2017-09-17
7818864c8604b6c6114235d245908ad6,67cacf586b432939b6ae2465b2aecf44,delivered,2018-03-03 08:45:50,2018-03-03 09:08:35,2018-03-05 19:19:50,2018-03-18 15:55:22,2018-04-03,d0d3fd3a6cb03b855223ca07fca00940,2018-03-03
cd5d3f244e0546f5fc8733139dafc597,4a2c271cbbafa1d8e842cb3975693180,delivered,2017-12-10 01:10:15,2017-12-10 01:43:06,2017-12-11 17:45:10,2017-12-15 17:29:30,2018-01-05,1ea77707c286e5de1d94243406e1fb06,2017-12-10
ad24829ce0c8cee4466dc8ccab393aba,e899215e0960eab10aba098c747f2c88,delivered,2018-07-20 20:50:26,2018-07-20 21:03:48,2018-07-23 09:13:00,2018-07-25 00:03:31,2018-08-01,8194a7d2bc61f1e1a24fa141c652b3d0,2018-07-20
f0dd9af88d8ef5a8e4670fbbedaf19c4,30ddb50bd22ee927ebe308ea3da60735,delivered,2017-09-02 20:38:29,2017-09-05 04:24:12,2017-09-14 23:13:41,2017-09-15 14:59:50,2017-09-19,1d627d8a6e1e33ea8eeeb7a17d998660,2017-09-02
843f956709f0a664d816bee124544122,d74f0f48d2cc9237ca21e110142a3cb4,delivered,2018-06-09 21:51:46,2018-06-09 22:19:06,2018-06-11 11:20:00,2018-06-14 00:21:19,2018-06-26,f0a8e36658d6d08f6e96b9ecf389fd52,2018-06-09
7a2c45e504da96aebfc8a8268e49b920,fe4791069a13e14198e740eac4af84ce,delivered,2018-04-25 11:12:15,2018-04-25 11:31:41,2018-04-25 13:38:00,2018-04-30 19:36:55,2018-05-18,d8f3326df1b30f406145a07111230e8e,2018-04-25
aef6b0710f2fdb5f533cb64fc94f2fe4,10ef4a37047d54c760fb12cfe5a30360,delivered,2018-07-25 14:46:54,2018-07-26 09:04:42,2018-07-26 14:49:00,2018-07-30 18:40:40,2018-08-08,9617cec445557b3479d5a4b90d827312,2018-07-25
794fe563dd7bc49998f96c29d3e5152a,56955ea9a49a13db592fdf6412e6d107,delivered,2017-11-25 17:44:35,2017-11-25 17:53:27,2017-11-29 01:46:35,2017-12-04 18:12:32,2017-12-15,f65fa2ea14ed9b290d893fa8dc18186f,2017-11-25
216c6c60eaa02facee10abb4ca3a9c6f,20fd1d3f2cd5764f96b64c33263a57fd,delivered,2017-11-25 23:17:48,2017-11-25 23:33:33,2017-11-28 22:55:39,2017-12-01 21:42:12,2017-12-15,0177c9c4715fe173b9c26fdd95a94579,2017-11-25
272874573723eec18f23c0471927d778,48e080c8001e92ebea2b64e474f91a60,delivered,2017-12-20 23:10:33,2017-12-20 23:29:37,2017-12-21 21:49:35,2017-12-26 22:29:32,2018-01-09,da59579685bd771fdd4f90fb50d28cd3,2017-12-20
2eacc20f46592618a74f7c0c7b203a88,6e71645fbb2788091a01947b884749ec,delivered,2018-02-06 22:24:19,2018-02-08 07:35:55,2018-02-08 20:06:45,2018-02-16 17:17:18,2018-03-08,39a7f15bf048d0815a12a7fb2ff0ac1f,2018-02-06
78008d03bd8ef7fcf1568728b316553c,043e3254e68daf7256bda1c9c03c2286,delivered,2018-07-03 13:11:13,2018-07-05 16:32:52,2018-07-03 12:57:00,2018-07-10 17:47:39,2018-07-23,a2fb4a981e80db81e95c63cb85d3473b,2018-07-03
33a91551077ade760a76338641b03255,e10d5d910b97af922b8281d0eb415fe6,delivered,2018-01-24 19:11:37,2018-01-24 19:31:51,2018-01-29 21:39:07,2018-01-31 17:38:56,2018-02-08,3e836d07d636bbea0c2ecaf4acd04577,2018-01-24
304bf410920449182fb3294bc7405597,19aa722bdebc8edaf921d50fd35916d1,delivered,2017-12-11 11:00:57,2017-12-13 10:52:07,2017-12-14 11:38:49,2017-12-17 17:22:13,2017-12-28,7ac154b36064fece57679e342c90f783,2017-12-11
1c7c8ab324927f5b6e52338bd110bef4,95b1767df51d6fa09402267d8de314df,unavailable,2017-12-23 18:48:09,2017-12-23 18:54:22,,,2018-01-19,0aa3b096dc796c251f9b36a822051ed6,2017-12-23
4e60165d68af3fa7c25bfa95ea5803ff,89e3b283612a5ceb826e2325d09e06d8,delivered,2017-07-25 14:39:56,2017-07-25 14:50:23,2017-07-26 17:47:25,2017-07-27 20:21:59,2017-08-07,4e8debada1cdd5b40418836930296c86,2017-07-25
216ffdacc032ce8a108cc7c01f4ab9a4,c8c9a89a37a20ae0d0b8abd5978e1240,delivered,2018-08-26 10:38:07,2018-08-26 10:50:15,2018-08-27 13:37:00,2018-08-29 21:08:39,2018-09-17,add2774eb038c6d38f317bd400f49d1f,2018-08-26
090d23542dd542b9a9e25fa9d5d9e528,73d09f34ade23726e0b2388af3b357e4,delivered,2018-06-01 14:31:54,2018-06-01 14:52:02,2018-06-04 15:21:00,2018-06-14 12:41:22,2018-07-17,2fbed526955cf9cfa88dfc3a1c73463e,2018-06-01
8508c8962494e9606eb5eacaa61c22e2,98058e1fcf55c882ba711cfb5083bff5,delivered,2018-01-15 18:07:39,2018-01-15 18:30:48,2018-01-17 23:33:21,2018-01-26 12:36:20,2018-02-05,cd191a175691bd3ff0d745dcff5c086a,2018-01-15
994486484c66c852cd60fed6ff0da2f9,801981edf3672d523b017f63a68fdda7,delivered,2017-11-22 22:44:00,2017-11-23 16:15:33,2017-11-24 23:18:34,2017-12-18 20:43:06,2017-12-12,7de55da799876f3835e69fe484c6153d,2017-11-22
25d2bfa43663a23586afd12f15b542e7,9d8c06734fde9823ace11a4b5929b5a7,delivered,2018-05-22 21:13:21,2018-05-22 21:35:40,2018-05-24 12:28:00,2018-06-12 23:11:29,2018-06-08,e55e436481078787e32349cee9febf5e,2018-05-22
ada8de3a9486cea2fce7f4b00319cf3c,9065a96b91a08c08755c4ea2618884f2,delivered,2018-07-09 18:25:16,2018-07-11 03:26:03,2018-07-11 12:12:00,2018-07-24 21:22:15,2018-08-06,ed81a42bec90c87578108d2e4c742d20,2018-07-09
66cbf9f31647802b60c0db44f2924ecb,01970508b13705f57b760db5f8f63217,delivered,2018-05-12 22:07:00,2018-05-12 22:15:21,2018-05-15 07:55:00,2018-05-23 20:39:30,2018-06-05,61ce0c821dcbe4af94bb523ee77f72ff,2018-05-12
356f68057b81e3a00ee64a8e16051517,243710cf3eaa735289510feca045b51c,delivered,2017-10-03 13:17:00,2017-10-03 13:28:16,2017-10-04 20:03:12,2017-10-07 11:12:38,2017-10-25,4e8e4cf271d32d5e8a3f9de8dc44d515,2017-10-03
e419e5015f43887f330150fd21ff60f6,ae0d2b553da02db55333e3e336d31ba2,delivered,2018-04-19 17:56:53,2018-04-19 18:12:09,2018-04-20 22:48:59,2018-04-23 20:42:12,2018-05-08,d61e034e65827fedc250b4a1d926945d,2018-04-19
3a44d06429bf2c4072a00c216aee4d04,35e3c475bf7bcacdb7ba3a698f7a56c8,delivered,2018-06-26 15:44:41,2018-06-26 15:57:02,2018-06-27 11:10:00,2018-06-29 17:22:52,2018-07-11,ea60f7c43961e965e2ff75be1a0f6378,2018-06-26
dff2b9b8d7cfc595836945e1443789c3,2436fb2666a65fbacae82532e797cabf,delivered,2018-07-16 12:59:02,2018-07-17 04:21:00,2018-07-17 15:08:00,2018-07-20 20:41:32,2018-08-07,9b352d0736779ff0e21fcbd59a7141b3,2018-07-16
34c27434e5c29d595d0398f19f461807,cf61549e5a1db5a63945b94660db1d31,delivered,2018-01-19 20:37:32,2018-01-19 20:57:55,2018-01-23 20:51:45,2018-02-01 22:13:15,2018-02-22,4ddd6dc00abb2bb78e0e750450886628,2018-01-19
59af26972d088bedece0eddac136ccd5,8ff1c33a29a4649ea4e7c73b7d8a58f3,delivered,2018-02-27 18:02:00,2018-02-27 18:15:32,2018-02-28 17:49:05,2018-03-06 19:35:35,2018-03-19,f9b3be78bbe16e73ad93e59f53e5569d,2018-02-27
e439ced3d48f1a77f6ecc029cc946a6f,e9c6723e04c4e53e7e9c3afe383f3866,delivered,2016-10-07 22:35:59,2016-10-07 22:59:53,2016-10-15 10:31:09,2016-10-25 21:15:45,2016-12-01,84717d840af87a7fa12a66a0933ede2a,2016-10-07
17ff863d51f7f8ee2c9dc76413c43b54,b158175fdc61e5d28263f82e1ea60e62,delivered,2017-03-21 22:07:40,2017-03-21 22:07:40,2017-03-24 15:23:15,2017-04-06 18:38:06,2017-04-11,d7a801b795e0248a1ec4ae4397fa9c34,2017-03-21
6010e18fb4f51bda7cdf59826fb9157e,d26d39021910c806c4dae58d3b287f4c,delivered,2018-01-25 00:33:55,2018-01-25 00:53:18,2018-01-25 20:27:17,2018-01-29 21:26:53,2018-02-19,53ecde7937525354e79b73d18bd34e1f,2018-01-25
007ff0b0f79be782f633fc3b18cbe337,fc021f2dd664b49455528422c77b6aab,delivered,2018-02-03 17:46:53,2018-02-03 20:10:10,2018-02-06 18:28:37,2018-02-14 20:27:04,2018-03-02,cbb7fc5fc1e854d9ee8f03c3eab82367,2018-02-03
aaab15da689073f8f9aa978a390a69d1,df20748206e4b865b2f14a5eabbfcf34,unavailable,2018-01-16 14:27:59,2018-01-17 03:37:34,,,2018-02-06,a33e0969408919ba06779f497ead93ec,2018-01-16
a0d3b62390e72dcfd8fc6b29c1af0061,fe9a30a8c40ddbb91c3399e7bd78c50f,delivered,2018-08-15 18:28:56,2018-08-15 18:43:58,2018-08-16 12:34:00,2018-08-17 17:36:46,2018-08-20,630d405d49ee8c61534aaf26bdecf841,2018-08-15
b4fe029b4292cdd3bafb346882c545af,a01458adf09fd0b65bd4fdaa35e89c78,delivered,2018-04-25 11:32:50,2018-04-25 11:51:48,2018-04-26 12:29:00,2018-05-08 22:41:53,2018-05-22,1813f5dfeef0669dd003d78395677f89,2018-04-25
1091b52a01d06a2bf1e97ca70cb2d75a,a2ccdcdf92fa5b6f0cf2a320924ba362,delivered,2018-04-10 00:19:43,2018-04-10 00:35:28,2018-04-10 18:21:23,2018-05-03 19:52:15,2018-05-07,26d4a4340a49c67056eda4b53ef6192b,2018-04-10
5d9b03cb14fe4fbb8f4e9f3de26048f2,2eaf94a9ba1341b238ce32c43a9a848c,delivered,2018-06-22 15:11:49,2018-06-22 15:38:22,2018-06-25 13:45:00,2018-06-28 17:58:30,2018-07-05,07587576616fb49706b3536664386bdf,2018-06-22
28dfb1ca8926269a4cf22394487f6a83,28731338f1e3ee52cd8e764e4b611bdd,delivered,2017-07-22 13:30:25,2017-07-22 13:42:48,2017-07-26 09:27:47,2017-08-02 18:05:46,2017-08-25,5c00398eeb6cc06e0eaa5ac08edf3900,2017-07-22
479a33fb572f8eded439d188871af158,3c9a98a09039422c79acc9f054d09df7,delivered,2017-11-30 21:17:53,2017-12-02 15:50:44,2017-12-06 13:57:46,2017-12-12 00:51:25,2017-12-27,cefe2e85b3d426b396a8098d58d7ca5e,2017-11-30
a5c76d8fc7f555073aee3696c4ac51a9,51a6df2da42b036642d738afbb52757a,delivered,2018-04-28 11:36:53,2018-04-28 11:50:42,2018-05-02 13:36:00,2018-05-09 18:25:07,2018-05-23,95cb401613f9d1b2594f834e2cf1c284,2018-04-28
d11c4164f4abab90d9262e2f1adcabb0,a41c9b1adbaa6df804ab7f2593a84608,delivered,2018-06-28 08:44:08,2018-06-29 02:55:21,2018-06-29 15:09:00,2018-07-02 16:05:52,2018-07-12,6f14cbb92ac1a10216d9cfd2e2107b6a,2018-06-28
51bc66830d9248438896664e31f24dec,e67448f92899a930a837e381f5719ba9,delivered,2018-08-15 18:17:46,2018-08-15 18:30:08,2018-08-16 14:15:00,2018-08-20 18:06:33,2018-08-27,72b7224fcd50d40bb47939886c0573e5,2018-08-15
93aafc0f972444ea0ad70d5d1f70f6c4,4c28be5f84aabef50756c5569c7f74dc,delivered,2018-08-10 15:46:35,2018-08-10 16:04:44,2018-08-14 11:11:00,2018-08-22 16:02:15,2018-08-24,26436f1b29a4c0cb397aa3bf99af7745,2018-08-10
aece6f055cbd6a3a296eef1b36047244,654455a7e0608f2dc276e4e1baef7da8,delivered,2017-12-28 15:51:44,2017-12-28 16:07:54,2018-01-02 16:24:06,2018-01-11 17:22:26,2018-02-01,7281c10f5d4ddc198070f2b6a09d7aef,2017-12-28
9fb5f1c3d876e2a9360c12be18be8f85,61f65e892666612e67f67860caa1abd7,delivered,2017-03-21 10:42:25,2017-03-21 10:42:25,2017-03-21 11:23:24,2017-03-24 09:27:42,2017-04-11,d322fa34cb74a07e2649439a3db21791,2017-03-21
8e0847012da36d4fb16338cf0ea31a6e,6e5de1873d0ad45ce1e58f61dac35761,delivered,2017-10-08 18:18:19,2017-10-08 19:28:23,2017-10-10 15:48:25,2017-10-24 17:52:20,2017-11-06,c12574e43ad5e460b325515c238e651c,2017-10-08
76a948cd55bf22799753720d4545dd2d,3f20a07b28aa252d0502fe7f7eb030a9,delivered,2018-01-30 02:41:30,2018-02-04 23:31:46,2018-01-31 18:11:58,2018-03-18 20:08:50,2018-03-02,43aa3086b95f386b014b1b45de46554c,2018-01-30
82c408d476f29fe82b7c1f9daec2bafa,3a8bf5674f0c38317b6a5d1c74d48458,delivered,2017-09-16 18:53:55,2017-09-16 20:04:24,2017-09-18 19:52:29,2017-10-02 17:43:26,2017-10-05,1e754927d4fb748a6a1f8fd811550fb8,2017-09-16
eeb1c54b034dc7fa414609892be66f22,70888a8bc0e96010afbef708b3fcf950,delivered,2017-12-22 20:50:03,2017-12-22 21:11:10,2017-12-27 18:47:05,2017-12-28 20:18:19,2018-01-12,5fd24f4a9025316141d13606456247ce,2017-12-22
65d1d79da8ac06fa5c6a8af4387d2079,7ac7119e5129f2698c539d6429ea624d,delivered,2017-06-16 10:37:01,2017-06-17 03:23:13,2017-06-19 09:09:30,2017-06-28 14:58:05,2017-07-11,44635e4c305b4497a1e9b8d224149e31,2017-06-16
a67f2f8a8a684916bd58ae4f6f2a4507,8330434e5221369d1f7d3ffdf257168f,delivered,2017-03-23 14:22:15,2017-03-24 03:32:27,2017-03-24 14:53:47,2017-03-30 13:17:54,2017-04-11,c12626f992c2a2cda8a53737a97528f4,2017-03-23
8173609cc6bf4ac5c1e577223ae83522,796daa2e6458ce635771ba9ac6e40edd,delivered,2017-04-03 21:21:12,2017-04-03 21:30:20,2017-04-04 13:41:27,2017-04-07 12:38:10,2017-04-26,59acc80225b09b1ae5e1d2a55e9d30f7,2017-04-03
46b4a41ba02248ac63e0d85649595f7e,7289387e125fb55957fab19cf6049956,delivered,2017-05-16 23:24:13,2017-05-16 23:35:21,2017-05-17 09:17:58,2017-05-24 12:59:35,2017-06-08,8e89cddc36cd0e93c89e894c6b84126e,2017-05-16
0aac3f6d27bb6ca9544b436813cec8aa,18a0915969a15a6ef74faae25f0838af,delivered,2018-01-02 21:22:55,2018-01-03 21:14:26,2018-01-05 21:14:10,2018-01-10 17:25:47,2018-01-30,5dd80be6e0ba0572623fecd64ca7b73c,2018-01-02
13c315a2014c348759014f460015094a,eb6f73ca82467ae82fa85fc19910ed72,delivered,2018-07-31 12:01:00,2018-07-31 12:40:17,2018-08-01 14:54:00,2018-08-08 18:51:34,2018-08-14,71f792f96cc251c9d2446786b21cbe68,2018-07-31
f25ddb6cd62d720a5d91fff80467930a,b482b6eb1e1daa52fc0b17faea2cfb4d,delivered,2018-01-13 13:19:46,2018-01-13 13:29:24,2018-01-16 18:51:43,2018-01-19 23:47:21,2018-03-08,c7fa006dc114bb846a9467bc0199f346,2018-01-13
528bf700039fc9dd2e7261dd7b7ed92a,7f6145b6842fef7c66459296cb0813ef,delivered,2018-01-19 09:46:52,2018-01-19 09:57:24,2018-01-19 18:52:44,2018-01-26 18:52:54,2018-02-09,b7a24d38feaeba23340ed5a670964121,2018-01-19
762264d81c3f54fa5e5a4e02b84eb85c,75119e7aa32e3e42fbd019b09af7e7e1,delivered,2017-10-21 22:42:10,2017-10-21 22:56:21,2017-10-24 01:22:55,2017-11-06 21:36:29,2017-11-13,b6ed057c95d8ed2ca7df910ef50674c1,2017-10-21
5c63934e8c852eed7a35438847d210c0,0f44902f2a6566b69e6ad61ba4664ce7,delivered,2018-04-11 19:47:16,2018-04-11 20:11:16,2018-04-13 23:09:19,2018-05-03 12:38:54,2018-05-07,34c5e3c3e5259af15675b53c440eb96c,2018-04-11
4cf09d9e5ebbe0f91ddd7bf9aae891cd,07b6b4fe5fefb948fc76b6d2bdba77d8,delivered,2018-07-19 08:37:26,2018-07-21 03:25:17,2018-07-23 15:31:00,2018-08-21 01:12:45,2018-08-10,862f461bf6a1f5dbf360fb9cf8814757,2018-07-19
fd930246eb1c751ee75add493e49ea34,3422a239d7c7bf95b72216d779a28de6,delivered,2017-01-14 21:28:46,2017-01-14 21:42:21,2017-01-16 11:42:51,2017-01-25 11:44:59,2017-02-28,1aba41ff60afaade1aadfc1eeb30f87f,2017-01-14
63cb2376233663b05e9beb6bd9206c65,3485f92e08e0edca25ef4e62b4566631,delivered,2017-07-03 23:02:33,2017-07-04 23:10:18,2017-07-05 14:11:05,2017-07-10 19:25:34,2017-07-21,bf71e1d9dd5f362875657a46ca04fb28,2017-07-03
b5a304ee10747d3bdc90d7aef4b76a4f,974c8a4c8a99b42eeb01a91cd3264a61,delivered,2017-09-11 13:43:57,2017-09-11 14:10:14,2017-09-11 20:36:58,2017-09-15 19:52:54,2017-09-27,1f17255d680def492ca40934dd5b9a51,2017-09-11
3a3cddda5a7c27851bd96c3313412840,0b0d6095c5555fe083844281f6b093bb,canceled,2018-08-31 16:13:44,,,,2018-10-01,e90598185d2427a35e32ef241a5c04aa,2018-08-31
67efc48800e617879edb36f04f815c59,6eac56572e999fbdb8f2dfef5403438f,delivered,2017-06-17 15:26:32,2017-06-17 15:42:41,2017-06-19 21:47:25,2017-06-24 08:31:30,2017-06-30,93b8a802bf6ff92bdc48e8f9d4dbc293,2017-06-17
141c7645c99eed7a80fa7ec9d6c40ad0,30367cbd4765dc3372734e4a100cbb50,delivered,2018-01-15 15:57:07,2018-01-15 16:12:36,2018-01-26 21:15:16,2018-02-08 15:46:34,2018-02-06,6e489dada3bfdca72a116004ea49c209,2018-01-15
7246a62bbec918c6710beb408ab60ee2,7400ad237f6da2c5f3f7f770cf85aa2a,delivered,2017-11-23 15:54:48,2017-11-23 16:15:32,2017-11-24 21:33:05,2017-12-04 21:33:06,2017-12-15,cb7f1c2abc34c1c6b371a305b1edd668,2017-11-23
8e338cb934c447ec1c2ea94d6b3604fd,6baefb1162b1590caa1e4681b3c23a54,delivered,2018-04-03 12:37:12,2018-04-03 12:50:23,2018-04-05 19:21:33,2018-04-11 18:28:45,2018-04-23,b1c5a0ca9bbba487ffbd8073667a9f94,2018-04-03
2d74fd323d42fddd4e9a4398d5c589c6,17089785734f497b2cd404fc39932fda,delivered,2017-08-08 17:18:06,2017-08-08 17:38:11,2017-08-09 18:32:53,2017-08-14 21:22:13,2017-08-21,cf59b7d848feec2e709f49a6c7166369,2017-08-08
67ce27ca25eb14dc27770b988fe47ebd,88c0a2355bbcfb7b05a61a790ab24f4d,delivered,2018-04-29 18:37:30,2018-04-29 18:54:22,2018-05-02 15:43:00,2018-05-09 12:56:59,2018-05-23,52d1bac4dbdabe62db871ba0a6ec62ce,2018-04-29
017cf0b342401318dcaeb25478e13a6f,131227776a8b159a13938a0abfa95c5f,delivered,2017-12-30 02:09:39,2018-01-04 23:17:29,2018-01-09 23:16:11,2018-01-13 17:04:53,2018-02-01,06b9d6221ccd83819ac6ad3f352854a9,2017-12-30
81bd091401a83e4114ffd21efc7d0a9e,4108be8493d3de9fe8c7ca8d31d13407,delivered,2017-08-14 14:49:53,2017-08-14 15:04:10,2017-08-16 20:17:55,2017-08-23 17:24:38,2017-09-05,e3baf0e19ff441b6cb19e8eba0a43535,2017-08-14
509a52223ecac6d67fb765b3b37c6974,efc07f50d0a9346ec00e1c37b5b10748,delivered,2016-10-06 18:11:11,2016-10-06 18:50:35,2016-10-21 16:23:01,2016-10-26 12:21:06,2016-12-08,11a40baf46bd96289d1f0936dae9a256,2016-10-06
b76830e649f13dfd6d806bb6be2b5406,dd8f8c5383adfaefb1e09c4e73af40cf,delivered,2018-05-12 03:22:41,2018-05-15 03:55:49,2018-05-15 13:35:00,2018-05-22 20:33:29,2018-05-28,762d2c5528f41f1b71a984b06055aaad,2018-05-12
2a0c9271a9b5e2f5932bdcc2a0b89200,89e4a2b4ea9a68c1fae1411107ed0bfa,delivered,2018-06-11 10:31:39,2018-06-11 10:58:43,2018-06-12 14:06:00,2018-06-14 19:54:46,2018-06-21,c5579fc46474dd03a1a773b62ed9857f,2018-06-11
a96157730ca02d9de4c4e4ac2fc49f2c,5b36926fe1592a897dfb56c425ad5b48,delivered,2018-02-06 08:38:54,2018-02-08 07:35:35,2018-02-08 23:46:30,2018-02-21 14:05:57,2018-03-09,e2492e4188991b6276a4a62a287a5451,2018-02-06
87d30b7fd5316c576377b79548be7d84,f6707ad9321dba0eba6285da8c77b7e4,delivered,2018-07-05 21:48:56,2018-07-06 21:50:32,2018-07-10 12:06:00,2018-07-11 15:58:49,2018-07-18,d0cca06294eeb5485945d73603e8b949,2018-07-05
76f365ea86277e79c94d5fd3dbc1db80,cd92a0545b5fb6c559062357eeffb1e4,delivered,2017-03-28 09:00:00,2017-03-29 02:10:34,2017-03-29 11:18:22,2017-03-31 13:12:53,2017-04-26,93bb9244111f8a098b0727e70f0b8b35,2017-03-28
da1630ace2e5b7e69a1bbe87059a4286,1100a74fed2c76f3de1b25ada3a1ba82,delivered,2017-05-09 15:39:42,2017-05-11 04:02:50,2017-05-11 16:23:40,2017-05-24 09:38:56,2017-06-08,f8dfd6a66122269eaeb5205089f6f086,2017-05-09
08d138a502fa05af63ac4005311484f9,bb3ef6ad2a44a8b8f5218b23475a0b32,delivered,2017-07-18 02:00:48,2017-07-18 02:10:07,2017-07-18 18:04:28,2017-08-03 17:23:49,2017-08-17,adaacf4205569e4442d0475628f168b8,2017-07-18
0c699835432f5ca06e878ed73f893b05,662c1ac3aa47279d8438c925af1fc53d,delivered,2017-04-26 15:59:59,2017-04-26 16:10:17,2017-04-27 10:52:05,2017-05-17 10:04:51,2017-05-17,84e6c289d2e8cddc81f238bb28ea9811,2017-04-26
16d2d0f24adb9d8c7cc566bbdc85b91e,5c8ef9c2247f72b079fc88ce53e7ce41,delivered,2018-07-20 16:44:44,2018-07-20 16:55:21,2018-07-23 14:04:00,2018-07-30 23:46:46,2018-08-03,06464776777e6c0bd0284cb3c187f279,2018-07-20
f0c338c38177fc15c0b078b324cc03d0,302eb230f9bbaf21f2f6993c82b67183,delivered,2017-03-30 10:35:34,2017-03-31 09:15:17,2017-04-03 18:53:14,2017-04-12 12:47:56,2017-04-27,f724a05a1535adb655db163366241b53,2017-03-30
582a62f5a24b7827f84ff3b7091b8549,f13041f7c85ed9f184452a07d9830c53,delivered,2017-11-12 16:55:06,2017-11-12 17:10:27,2017-11-16 22:48:29,2017-11-17 22:04:43,2017-11-27,78e255aef5f1f0d8c70b0d7a0d8086a1,2017-11-12
ea9215d79709bb4917f0d0976eb91d17,5bd7d2276e288fc3b5567b6aecf35504,delivered,2018-05-22 11:15:53,2018-05-22 11:37:34,2018-05-29 07:15:00,2018-06-06 20:11:20,2018-06-19,79e17b14eb9363f8e7b463efa043c894,2018-05-22
4d515dca9e06667e6ab68acc478df5d6,82495ff60ac5ed00f1a86fabf329db45,delivered,2018-03-02 17:23:15,2018-03-03 02:50:57,2018-03-07 18:25:55,2018-03-21 21:37:41,2018-03-26,27f4e79732493ed76d9595f9380aee2e,2018-03-02
3aa2bb5da854c543e0478288f4bb4301,7d1afa4f30093505bc13bf8913f99955,delivered,2017-11-09 09:51:36,2017-11-10 22:30:51,2017-11-14 21:48:55,2017-11-16 18:26:53,2017-11-23,ec0eaa175bd25624410b15627f6197df,2017-11-09
58edf3f5f282ab91e0f6a6f2b85af02a,14945bc802d49b0f9f68f2ea8fd060c4,delivered,2018-05-07 09:01:58,2018-05-08 04:34:10,2018-05-10 12:35:00,2018-05-14 18:52:56,2018-05-30,62b8761192c86f4ead06f4a433096a2b,2018-05-07
a48785f2d133daf40341171f96f31b7b,7820d17bb31debfd2230c07a2028b9c8,delivered,2018-03-20 21:44:49,2018-03-20 22:08:51,2018-03-22 17:18:46,2018-04-11 22:38:31,2018-04-16,a9b8c9cf0ab89da1c58379f3429fb058,2018-03-20
16fd9b360cbadca08b1026c8532820f5,04db47e1f5a9cfe6cc8b560696c807f1,delivered,2017-12-03 14:05:06,2017-12-03 14:13:33,2017-12-04 19:34:00,2017-12-05 18:04:43,2017-12-20,86ee190a174409391a427eed6f5e2728,2017-12-03
a483ffe0ce133740ab12ebcba8a3ccf9,e2f063c52fa92b54f186c62b90699c10,delivered,2018-01-10 14:16:10,2018-01-10 14:29:14,2018-01-13 00:47:56,2018-01-19 10:16:08,2018-01-31,09e9991c50513a303a2da26619870d7f,2018-01-10
d81e1aea4814c6e5744458bcd1f94693,70d1caf284f34ea4ee405e25edba63f5,delivered,2017-11-24 20:59:45,2017-11-25 00:37:55,2017-11-27 17:34:30,2017-12-05 19:07:39,2017-12-15,f4c0ed4f813223763b5cc0c629bf452c,2017-11-24
f930a1f6247ed00d6fa9d8a09782c7b4,4ab4db2f93c68d5914dc5eb566dc486c,delivered,2018-06-05 12:28:11,2018-06-05 14:31:34,2018-06-06 13:12:00,2018-06-07 17:28:31,2018-07-11,5bc738a48bdb9ca1f798d56de2cce84c,2018-06-05
e9e64a17afa9653aacf2616d94c005b8,b4cd0522e632e481f8eaf766a2646e86,processing,2018-01-05 23:07:24,2018-01-09 07:18:05,,,2018-02-06,965191786b70912f793e4a777fd623cd,2018-01-05
3c042ee4b8b597c3d265a93a21bbf99f,d71a0d0cf6bbacec526203263382501b,delivered,2018-06-23 18:22:41,2018-06-23 18:35:32,2018-06-25 14:10:00,2018-07-04 16:07:32,2018-07-26,2c97a5bf8fcb2ba1608790dc645fb473,2018-06-23
331027db835328af30e85ce6c7b55655,d90f5cda04cdb782cd4f07c76b1c1f0b,delivered,2018-02-05 13:02:20,2018-02-05 13:15:34,2018-02-07 15:59:32,2018-02-19 13:39:00,2018-03-06,f92e20f93f305c5cb92806a59f6060f3,2018-02-05
20b99bf1ea8fdeca4e8f4872c584d0ec,537f48efc6a44c3400bb053ce4101847,delivered,2017-04-17 12:31:06,2017-04-18 12:44:01,2017-04-25 07:15:53,2017-05-11 10:42:25,2017-05-10,75a637bcb966339d1dc029f489bba054,2017-04-17
e9f3ac5f695705ef6cd2678f8b7595e7,eac7448820de7d9ad1425dc2b33568e6,delivered,2018-01-27 19:00:21,2018-01-27 19:18:04,2018-01-29 23:36:56,2018-02-05 21:07:39,2018-02-20,dc7bdea891acd8a05dcafa0062e23c9c,2018-01-27
d8c15550aee132ffe4ed54c7da238e35,889c0258aef3619626b02c8ee0343cde,delivered,2017-05-18 12:54:06,2017-05-18 13:10:54,2017-05-19 13:53:15,2017-05-23 11:05:19,2017-06-07,a6ef5389c39bf0bc6bce36232eab586a,2017-05-18
6ab1a03139897853bd6802b6979e589c,ca2dad698b245b063e77594a2519e31f,delivered,2018-06-01 16:10:35,2018-06-01 16:32:53,2018-06-04 06:48:00,2018-06-19 18:58:25,2018-07-12,4f531042ef72234a4d24e5ea091d5e03,2018-06-01
de219f100ebdbdc4ee87a9fa074489c8,e40d7b831ded997e7dbcc9f2a06741e8,delivered,2018-07-06 11:18:39,2018-07-06 11:31:16,2018-07-09 08:58:00,2018-07-12 17:48:52,2018-07-25,e0b954de94def9406ed69dcf429442c0,2018-07-06
3b7dd354f960fec98e64acc6cf68ab51,129f93f2ae388ef164df91de88c8a3e0,delivered,2017-05-17 15:54:02,2017-05-18 02:25:53,2017-05-19 15:16:58,2017-05-29 15:29:49,2017-06-06,0503aa9015de64a6655ea58bf32c6034,2017-05-17
e0cb1558bbe670b4cd84bf99bf93318f,956d144703c3b72fcb05e587e39f3ab2,delivered,2018-01-12 17:02:11,2018-01-12 17:13:24,2018-01-24 13:06:49,2018-02-02 16:08:40,2018-02-20,14bfccea43b3abfbfb32eda0341149eb,2018-01-12
86b92e30ce5d2f2db1a0c9821ac483bc,d64bb31d55a652ecb27a58846124dcfe,delivered,2018-08-07 21:31:29,2018-08-07 21:45:14,2018-08-08 14:36:00,2018-08-13 18:12:03,2018-08-17,d75ab71c59b8325941bfee4b86f56969,2018-08-07
316c859aa0c2b794a3db879c5eb09153,041cb229c816ff7ddc6e6bd21df556b7,delivered,2017-12-11 19:30:26,2017-12-12 03:39:28,2017-12-13 12:12:14,2017-12-27 18:44:56,2018-01-15,8def2fed2130bb3f799d89f4d6a334e0,2017-12-11
1565f22aa9452ff278638e87cc895678,56772dfbcbe7df908a284ff0d53adf7d,delivered,2018-05-15 17:41:00,2018-05-16 03:35:29,2018-05-16 17:20:00,2018-05-21 14:31:41,2018-05-29,6ceea7c1088e15ab3c67980a2d9bb309,2018-05-15
64c448c5b11157c64585eb51d17eafe6,b1625842d297abe930e04274ac7f13a3,delivered,2017-10-10 11:05:35,2017-10-10 11:31:32,2017-10-11 21:25:12,2017-10-23 19:33:02,2017-10-27,0d64c2c061f19fab80868930a79416ee,2017-10-10
b09b18fbceead5d238576060df8d45cc,ff1d1612f46b4241ffbc70a45912de1d,delivered,2018-05-22 16:40:05,2018-05-22 16:58:20,2018-05-24 14:47:00,2018-05-25 21:51:43,2018-06-01,94dc3af7214d9d6b063c5efc5637bcdd,2018-05-22
bdc11cf6acd11917b9ea3d91b95e1395,675292c8870ca23721c9c66a588dd982,delivered,2018-03-28 23:09:36,2018-03-28 23:26:49,2018-03-29 19:59:58,2018-04-26 12:54:39,2018-04-25,94cffd1e5129cf8537e1d034e553c259,2018-03-28
9058bc799c3791077efb3aaa8e0d5e02,3fb83e207757e8f15ff70d937c86929b,delivered,2017-01-24 09:24:11,2017-01-25 02:45:13,2017-01-25 13:20:38,2017-01-30 09:39:02,2017-03-01,334deb4a736eacb94c6305e4e8278d54,2017-01-24
13e182176ed27f0b257e846501ee38ca,bf9fdf8f5bd0f6b92c34c78b1b8a1d23,delivered,2017-11-13 16:40:24,2017-11-15 02:51:02,2017-11-16 23:12:19,2017-11-29 21:53:45,2017-12-12,7c816c2c209c13b813f9615db85055d3,2017-11-13
efba3b32a6d0502f262fc6eaa01b34b1,5deb784842d904759882a477316e00a0,delivered,2017-05-10 11:33:01,2017-05-10 11:45:20,2017-05-12 09:47:49,2017-05-15 11:09:58,2017-05-18,e531de5bdd683597deacc308bac38b84,2017-05-10
0572c996d9b4a7645bb071a158a64bbb,874b661d62c1e74aafa401942f9d94cb,delivered,2017-11-20 21:53:20,2017-11-20 22:07:27,2017-11-22 00:32:47,2017-11-27 21:28:53,2017-12-11,7517f4a85dc09bf65c48bb972b8a582c,2017-11-20
753f7035904112b0a9a575ed27f1da2c,b225ce9eb2ef15e3ff6aaff06974c491,delivered,2018-08-21 10:29:19,2018-08-23 02:50:19,2018-08-24 12:31:00,2018-08-29 15:36:39,2018-09-10,cc33cb2701c2500c1c8ee50fd316b9cb,2018-08-21
b4cec7d0224b919cac7a6d513cc0884f,95e719d72780395652555c67d60d1530,delivered,2018-02-06 12:46:51,2018-02-07 02:56:12,2018-02-08 20:14:04,2018-02-09 19:14:46,2018-02-26,3ac3b01377800633adab4a68b1c296b0,2018-02-06
0e87c108dff0cd2a475fc00da95a50f0,7c5489f880d1fae58fd6f04fc891ab6d,delivered,2018-06-14 19:15:36,2018-06-14 19:37:41,2018-06-19 12:32:00,2018-06-22 23:36:30,2018-07-19,05253cc1e18f357919d8f21a65a3b604,2018-06-14
76931aa364051d5d57f6a23aa352956a,b477202dca6a3ad89828fdd5748dc849,delivered,2017-11-18 12:51:32,2017-11-18 13:06:23,2017-11-23 18:21:24,2017-11-27 14:55:45,2017-12-04,dc9ccd8be2d922f8583d97933b06c5f4,2017-11-18
5dea57306e01caa42ad0b07b85042953,0b3a3c105d2d5b981fcf34c111fb18a4,delivered,2018-07-16 01:31:13,2018-07-16 01:47:22,2018-07-26 11:05:00,2018-08-02 19:42:02,2018-08-14,0fbf5878a4372885f8eb1c827b348734,2018-07-16
5bec661a2baad6bf4d879a4be9759675,9e4072d0ce7938bb2414801f9b12f511,delivered,2017-11-22 15:33:00,2017-11-22 15:48:50,2017-11-23 18:23:04,2017-12-06 21:35:04,2017-12-13,0305a6e7bb9bc4634c8bc9f134da0a36,2017-11-22
a281208da836ef2c9d23718a7a855a92,723b22c2412b366d01cdc84ee4295fc2,delivered,2018-08-22 14:53:45,2018-08-22 15:05:17,2018-08-23 11:09:00,2018-08-28 15:52:33,2018-09-12,18d80539b48782943ec71ac9ce327aaf,2018-08-22
4bafa54db6b060da198f23f810835969,48094f58f03bec9519bd0e004ce460df,delivered,2018-04-05 14:46:51,2018-04-05 15:09:52,2018-04-07 01:32:58,2018-04-30 21:41:07,2018-05-14,6e11aa7fefec6405ba35e05a8c0f9b0e,2018-04-05
432b94fc93fa7876de3b78bd99ddc053,08d4e964cef9f27d99b0a3944ac3e40b,delivered,2017-08-16 19:57:51,2017-08-18 02:45:44,2017-08-18 18:19:39,2017-08-29 17:40:18,2017-09-13,70a242b52ee3d0640c6d7f5ee237651b,2017-08-16
32fb0d2fce3a6ea27205e44ec665e91d,bede1cbee8f403af59778ab6cbac2a21,delivered,2018-08-13 06:49:00,2018-08-13 07:04:20,2018-08-13 08:28:00,2018-08-17 21:03:29,2018-08-30,a98d7b02cd57b82853e06125a7c8043d,2018-08-13
5765cf3a5fe5d5d74cfac532f9d48939,bbb964878c61d19d0f26b95bba50802e,delivered,2018-06-09 11:29:37,2018-06-09 11:50:57,2018-06-11 14:29:00,2018-06-15 11:17:48,2018-07-12,e23615174faf00df3ed6924ffacbbeef,2018-06-09
bfecb4ee6ab98bff69307aab578db48a,e6f5f771cdbc5d09c994f16c9af6523d,delivered,2018-03-17 12:52:37,2018-03-17 13:10:35,2018-03-20 17:47:33,2018-03-27 19:16:57,2018-04-12,dca9a13536adcef18c6c5859487347b1,2018-03-17
510c4dcf778854ea5671c1eeacf41880,1b53d66410453cb9b968dc71734295b4,delivered,2018-02-03 11:22:01,2018-02-05 11:16:10,2018-02-07 16:58:45,2018-02-19 21:57:09,2018-03-01,6a991210c0515ba129062bf598c7dbab,2018-02-03
72c950267eb891d586116bbd2d6db44b,7f6ce575b8ba362dcab3cef30910dd1e,delivered,2017-12-22 21:40:01,2017-12-23 11:48:29,2017-12-26 21:22:34,2017-12-29 20:13:39,2018-01-18,bff17455d63353111fc4ae3dfbbf480d,2017-12-22
a89abace0dcc01eeb267a9660b5ac126,2f0524a7b1b3845a1a57fcf3910c4333,canceled,2018-09-06 18:45:47,,,,2018-09-27,d05c44a138277ad325d915c6b7ccbcdf,2018-09-06
a69ba794cc7deb415c3e15a0a3877e69,726f0894b5becdf952ea537d5266e543,unavailable,2017-08-23 16:28:04,2017-08-28 15:44:47,,,2017-09-15,e72a90a2b29fe1a8795b284aaaa3246f,2017-08-23
ffe0d6b7d4772a7380978ef7f0885b89,2cf6a6d8a9ee70f8692a9afb7ad22340,delivered,2018-07-24 21:58:04,2018-07-26 03:25:17,2018-07-26 11:28:00,2018-07-27 23:03:17,2018-08-01,4b26e5e3f32448770d5361c93e5bd54b,2018-07-24
cf099a8029312a7454ff616d5fb6b33a,28e6894378bd3775ff5d9b237776e6a2,delivered,2018-06-23 18:50:54,2018-06-23 19:16:09,2018-06-25 12:23:00,2018-07-10 18:12:04,2018-07-23,6625add728ffed8d588c28a796a1fe6b,2018-06-23
25877da244143a5dd6a686b8090c98e1,cb83a5aafc687c5f72d6f28b4d7a73e7,delivered,2018-04-23 16:02:49,2018-04-24 17:26:43,2018-04-25 15:19:00,2018-05-02 23:45:45,2018-05-22,ccf2d4f44c0c5eba6f11621b9ff7f8b7,2018-04-23
d2d558357a6c69ca47cc4eca7571f593,0864f6601de6547b99cb81aa5742a119,delivered,2017-05-29 00:52:57,2017-05-29 01:10:28,2017-06-05 12:48:10,2017-06-16 12:42:24,2017-06-29,70c979e1f75c51572ddd307f0969ca4e,2017-05-29
87334ea6311529ce3e36b18350d2d4b3,02f29ee4753e69018942c30e71c04cfd,delivered,2018-01-20 18:39:14,2018-01-20 19:09:35,2018-01-23 19:29:09,2018-01-31 18:38:38,2018-02-20,f86370dc13be4e8958cb036b628afbcc,2018-01-20
dbe15bc3029c324b1076174fa0be62ec,e66ea0ec1a9591adfde15771676af2a6,delivered,2017-11-16 23:44:09,2017-11-16 23:55:29,2017-11-21 22:12:56,2017-11-28 22:38:46,2017-12-11,537a34487dfb54a0f59ecfe5d772d3c7,2017-11-16
a542babfe6f6339952a1f699ddc1868b,2ba83772da66cfb788b2130a97f46292,delivered,2017-12-02 18:38:08,2017-12-02 18:57:13,2017-12-05 14:19:34,2017-12-19 19:12:20,2017-12-27,c88c7f3b5a5197c8eaeefd3333fd048c,2017-12-02
afecb6cd077fed8f38144c9a1676493d,f2535a9ec0e80cb35be208202acfb968,delivered,2018-02-08 00:30:56,2018-02-08 01:35:33,2018-02-09 21:20:01,2018-02-26 23:53:51,2018-03-12,1cf3e0e29104037a5c6d270626381326,2018-02-08
2ff4dba9b7e65ee15034ed2b0004048d,f3721694bcec86501e4a19cf459d3b28,delivered,2018-05-23 18:35:24,2018-05-23 18:57:12,2018-05-28 13:54:00,2018-06-08 13:38:45,2018-06-28,b845ca585648feec8dccd229c0ce48ee,2018-05-23
3f1ce5993887adf8fa64399d04ddd7eb,e865e63a5fdb1e8a91eb0d8f6aa3129b,delivered,2018-04-02 23:32:37,2018-04-02 23:48:04,2018-04-05 23:33:35,2018-04-06 22:12:16,2018-04-12,78f4e955f2e59fc45cbde586820d347d,2018-04-02
32cf1aa0aa0ea3a91c9779d558515782,a365ff91be1ba9a1e7c3251c24848f74,delivered,2018-08-01 16:13:13,2018-08-01 17:24:08,2018-08-06 13:23:00,2018-08-13 22:41:24,2018-08-24,5836ceeb27eff5b9b4747e0f4c250297,2018-08-01
5bd233924f0b9c52492bd5a92e5ab2d3,d7475a536385854da614094f0bf12275,delivered,2018-05-30 13:23:37,2018-05-31 03:15:27,2018-06-04 06:16:00,2018-06-14 22:49:24,2018-07-13,17e3c70fc02567ec2d3831fa78e037c0,2018-05-30
c7510fe2bce3ab54854dc588ce4d187c,f74562da630b57572d1742ba2f28b662,delivered,2018-05-16 09:05:27,2018-05-17 09:18:23,2018-05-18 14:23:00,2018-05-22 14:20:48,2018-06-21,5112d7286a328a07d06a8051c3c55410,2018-05-16
91e29e944ec4772168d915912b251455,26c46b7d7e555c6ab71b788185ed8088,delivered,2018-02-24 19:43:39,2018-02-24 19:55:43,2018-02-27 12:36:45,2018-03-15 22:32:57,2018-03-21,e4cd4f45801f11949b34052f70d5d7be,2018-02-24
7f19df33207d507c5b83aef798aff0d2,35939fb9cef5fb267abdccfe56f1de5e,delivered,2017-11-30 11:06:56,2017-12-02 02:51:28,2017-12-04 22:46:47,2017-12-21 21:19:03,2017-12-28,e4448533ef66ef633b36b10d6a00e5f2,2017-11-30
e21cac6666f9fd6bffe900a1d7cdaf11,374b19230eddec2a862b8a89489d4e5c,delivered,2018-06-10 19:40:23,2018-06-12 04:57:32,2018-06-12 12:15:00,2018-06-14 13:06:33,2018-07-05,8db85544764fe786ae7e91c2401ce9c1,2018-06-10
18feb354fd368bc9d6cd27c5359e2243,c8aa0375ea97096fa716aeb0fae33604,delivered,2018-03-01 10:24:19,2018-03-01 10:35:43,2018-03-02 18:34:11,2018-03-12 21:29:27,2018-03-26,2a0f18648270948cc73768189d1462d5,2018-03-01
00b5e1c770b1868ec1b6b726be3aa9b9,8d9cf828f7181bf76915fddfdbb4148b,delivered,2018-01-03 19:13:33,2018-01-03 19:27:05,2018-01-04 23:08:01,2018-01-11 13:22:35,2018-01-26,466731c3fc40a57fec44f98e97e1a55b,2018-01-03
906aea7f9a8bbd2b625400e22531469e,aadfed7c87a6ab33caa12d5aaa413aaa,delivered,2018-07-21 01:01:06,2018-07-21 01:10:12,2018-07-23 16:13:00,2018-07-25 17:37:40,2018-08-06,f6339afaeb5b5530e3500c5158f68422,2018-07-21
dbd4cbb492a12b99c5224014930acc18,a14f464b2a19d761f7f3f0885d5ea955,delivered,2017-03-26 14:12:46,2017-03-26 14:42:15,2017-03-27 15:44:46,2017-03-29 09:47:41,2017-04-13,888af42530e7523201a4326273a7b35c,2017-03-26
52018484704db3661b98ce838612b507,e450a297a7bc6839ceb0cf1a2377fa02,delivered,2018-08-29 12:25:59,2018-08-29 12:35:17,2018-08-29 13:38:00,2018-08-30 22:48:27,2018-09-03,7a22d14aa3c3599238509ddca4b93b01,2018-08-29
3020a6cfa8cb88da6e6860813b27167e,5ed5a4dacb093b32fa33cd369643f9a0,delivered,2018-03-10 10:43:58,2018-03-10 11:28:36,2018-03-13 18:50:29,2018-03-19 20:03:55,2018-04-03,eccc94603d5b37c9ebdf41e75e7ab9b1,2018-03-10
2b9319f90cac6853394132c982ff27bf,835c64056c71ad9d093dc7166f22a8a8,delivered,2018-01-13 13:53:39,2018-01-16 03:51:17,2018-01-20 00:13:00,2018-02-08 13:03:23,2018-02-19,ff2879fe71a6d417933aa4ecc6ea8754,2018-01-13
53ca14c357e60c77cd57aa96c8f0b4a5,f1cf46100438d0ef4e1916f2aef26718,delivered,2018-04-12 19:57:59,2018-04-14 12:11:11,2018-04-16 19:11:24,2018-05-02 19:58:28,2018-05-21,63554d733e37ae21917372ed5635a0d4,2018-04-12
cd076ae3646af3e93e3deb91b8454c6e,04c29bffd4d52318bc9315f4507336fa,delivered,2017-12-15 19:14:22,2017-12-15 19:31:13,2017-12-18 18:37:12,2017-12-29 17:59:15,2018-01-10,ee9c9833d35430156b449bf350eec5e0,2017-12-15
0a8ad519fc5624a7862124decee24b27,a95dbea26da168d82f94f2bbf429868c,delivered,2018-02-01 09:15:49,2018-02-01 09:31:16,2018-02-02 16:19:13,2018-02-19 17:33:32,2018-03-06,9509830944a9ea610a02017b86d2a28a,2018-02-01
000c3e6612759851cc3cbb4b83257986,3773bcf1a6fbd29233ea1c1b573c4f22,delivered,2017-08-12 10:08:57,2017-08-15 03:35:32,2017-08-15 15:32:51,2017-08-19 15:22:17,2017-09-01,f5f088001070650f9e9a8cd773621f35,2017-08-12
3cf6fb1fae0029f5b4f01de4dc8d2fc9,3b5668bf4322fb6b973bcfa600e7ab0f,delivered,2018-05-08 20:24:56,2018-05-09 03:33:39,2018-05-09 15:12:00,2018-05-11 20:13:36,2018-05-21,e349bda5c41546f88f504f8a1a9ede60,2018-05-08
a6bd1f93b7ff72cc348ca07f38ec4bee,6d63fa86bd2f62908ad328325799152f,delivered,2018-04-20 17:28:40,2018-04-24 19:26:10,2018-04-23 17:18:40,2018-04-28 17:38:42,2018-05-15,9108b540419f20edc605468f3966813b,2018-04-20
ecb8849b9673c0bc2a510456938b508b,e405219e7366a91eb22f74d3926415d6,delivered,2018-06-27 13:28:51,2018-06-27 14:32:23,2018-06-29 05:55:00,2018-07-03 21:21:02,2018-07-18,2ba34389582f8a27e6e9bdde979cb2ef,2018-06-27
9b7fd5b0ef330dcbbb6397e5971faeec,4442f152efb5f70fd55dcd6267d1afa4,delivered,2017-05-17 15:48:44,2017-05-17 16:15:16,2017-05-18 13:30:39,2017-05-29 15:18:32,2017-06-08,45265f9d6c53836d632f904a3c1d0f1c,2017-05-17
d55541f9cde6afa1e48e01768cf46ff3,a2f4e4ebbe49edc1c3e350fabf9bc4f2,delivered,2017-04-27 15:24:40,2017-04-27 15:38:06,2017-05-03 10:22:03,2017-05-11 09:27:58,2017-05-25,eaa1fcbe1f0cace52444396266b5ecf1,2017-04-27
97369eeb115806c27ee2054105eabe97,35647e39316747b2bb470dc93ddb67aa,delivered,2018-05-31 10:45:36,2018-05-31 10:55:10,2018-06-01 15:27:00,2018-06-04 20:10:57,2018-07-04,7859a40482024a3d00041c4ca1434298,2018-05-31
5515bb89b509d97aa78d434bc96ecee3,47a7e021c968ec3abacc05c3dc44cfdd,delivered,2018-07-14 20:17:16,2018-07-14 20:30:14,2018-07-16 09:03:00,2018-07-24 19:18:59,2018-08-08,f359e6e1120bad1d7cccc6213c2e9601,2018-07-14
da95823b29f9ce7bcc4deebe1e568aff,47610d89c6fdfac969beb4fa9f5d37f1,delivered,2018-08-19 11:48:49,2018-08-20 11:31:32,2018-08-21 15:14:00,2018-08-22 14:49:01,2018-08-29,2ed0ea186de34fab740cdb294d78701e,2018-08-19
dc9c5e38f7f39900731ed6c79a2c4849,c475bf34e5b24512f195b32035138841,delivered,2018-01-18 09:22:32,2018-01-18 09:37:08,2018-01-22 23:28:50,2018-02-09 15:19:16,2018-02-22,a71bcab20a98fe0fc19e89cbecdf2f78,2018-01-18
aa07fc0f496d65986abc9044683b8800,39256804b05cde32ac8f5ed003645f6b,delivered,2017-08-19 18:28:11,2017-08-19 18:44:14,2017-08-21 18:40:30,2017-08-25 16:05:15,2017-09-21,0b940c9e78e70637166bf09d0629dca2,2017-08-19
07fcf4ec8cadbea34c5b508e35e716c0,6ab5adc744d5c894470ce74466a78a27,delivered,2018-04-17 16:34:04,2018-04-18 08:51:30,2018-04-19 17:18:36,2018-04-23 16:08:50,2018-05-10,40163091ee73ffaa57448cb8e21a2615,2018-04-17
709e863921cdc58bb0582cf305270d72,dbe4e04008988a0694a108eb7ee2e57c,delivered,2018-04-15 16:58:15,2018-04-15 17:11:05,2018-04-16 22:40:40,2018-04-18 14:41:57,2018-05-03,50a5c821aebc6248b4529d9067de2e52,2018-04-15
c0524fb1b4c905d054adbddaffa2380c,92e8f9754238b9697d9dcbe02c20fc70,delivered,2017-11-24 16:44:08,2017-11-28 03:39:41,2017-12-01 17:29:06,2017-12-11 18:09:24,2017-12-22,3f47ce7f07f450a63c6a1a7460074d75,2017-11-24
83db27f85506380229913b0dfdf5cd18,472acc24324ad4cee482fe4ef5910dc1,delivered,2018-04-18 12:35:58,2018-04-19 02:51:26,2018-05-02 08:52:00,2018-05-07 16:40:55,2018-05-29,35a382f91046bec8ef1acb7dc62b7318,2018-04-18
0905f7137e1f4f12a50086594c3a3eba,fd4d78d4ac99d34e9c5d0f66a4540d8f,delivered,2018-01-31 19:34:44,2018-01-31 19:55:24,2018-02-05 14:05:51,2018-02-23 18:15:31,2018-03-05,151d5e16e7dee2cb28269f1690c83397,2018-01-31
e8455c3c0bc5471436a335a0de392761,3a4562b466aea32a6aa09fe85e67d400,delivered,2018-02-13 10:42:15,2018-02-15 03:47:45,2018-02-21 20:33:20,2018-03-02 00:28:57,2018-03-09,2b87be21b33759b689e969cb8fcb9d0b,2018-02-13
33baefa752f2d98a008d4330d306d3db,8b764335e86e1a8f8d3db9f119e03a79,delivered,2017-04-23 14:47:39,2017-04-25 08:11:27,2017-04-25 13:24:03,2017-05-05 13:26:31,2017-05-15,507d2011f28bed3d333202fadce440a9,2017-04-23
29b199897e15bd5a4b501cf5eee8b948,530575e87308897d871c2008d28713dc,delivered,2017-11-19 18:00:41,2017-11-19 18:15:32,2017-11-22 19:08:33,2017-11-27 23:11:55,2017-12-12,3b6572635fb53a6846bacb6947a91e93,2017-11-19
079c9f53e6c3253320db701a645b0b9a,e5e0698e95094be297436cbd55c2dcad,delivered,2018-08-09 20:33:45,2018-08-09 20:50:17,2018-08-13 14:20:00,2018-08-16 17:51:09,2018-08-17,531d6ca1ecce995a2317a0ca559e8c61,2018-08-09
5597332b7eded552f104108f22b023e4,aaa423fb52f4106f477683490cbd5845,delivered,2018-08-15 13:03:37,2018-08-15 13:15:22,2018-08-15 14:37:00,2018-08-17 16:06:37,2018-08-21,8a898880a61e551c80bacadfb4356255,2018-08-15
b3112ca67f3afd4e20cf2ee91fc4f804,6f83c71b6c044fb156d697d4130fe9b5,delivered,2018-08-02 22:46:54,2018-08-02 23:04:06,2018-08-15 17:42:00,2018-08-21 00:03:26,2018-08-16,f690f0caffab80b6f849f08ba1692925,2018-08-02
0fa1fab1d7c1211c824596ed5e111e3c,7f3bd6c94d2daf7b6462d1a894a775b4,delivered,2018-03-13 21:48:57,2018-03-13 22:40:28,2018-03-14 19:27:23,2018-04-05 19:59:49,2018-04-02,4b855cb19adce3763ce1af3acc2aae0b,2018-03-13
6f756900677a981dd764c34ad85c4b4c,7499160b672798870b8d4469ec2e78a4,delivered,2018-06-26 21:40:46,2018-06-26 21:55:20,2018-06-27 11:27:00,2018-06-29 15:28:50,2018-07-25,2d8c8c15a3e5119692a3820039ac8761,2018-06-26
226dda5620db063cd962833766480273,b3e43e654b4d35baf3840feca1135f85,delivered,2017-07-18 12:42:28,2017-07-18 12:55:16,2017-07-19 16:44:48,2017-07-28 18:55:50,2017-08-11,f45ab5fcd068273d5ce245cd1816ee98,2017-07-18
a3480694574e74545579bf7d974318d0,6cec2e523363d463153fd692edba1f61,delivered,2018-02-14 17:54:39,2018-02-14 18:08:22,2018-02-20 00:04:42,2018-02-26 18:27:19,2018-03-06,f2ab8c03cf28a5407c6181a9042d8ada,2018-02-14
add4f182072426430ee6c993eab97efe,b87639f5efd3e2316dca5dec5e2f88f4,delivered,2018-01-24 02:23:00,2018-01-25 02:58:03,2018-01-26 19:26:24,2018-01-29 23:33:51,2018-02-08,4515b05f3788bb7a5e66e63457aaf6ce,2018-01-24
41d74f5b8f1fb05bdec674cbba8f720f,960ddf99f2e615bf50ea0cf4e71f526f,delivered,2018-02-04 14:35:02,2018-02-04 14:50:22,2018-02-07 15:35:29,2018-02-15 19:35:37,2018-03-01,6a39c9d64f67605f393a88182603a9c7,2018-02-04
ca67981db1ad515d44e29fed8965d528,ae5c594f6677527dcb3e6d0c39db8904,delivered,2018-06-04 09:19:47,2018-06-05 04:51:42,2018-06-05 16:28:00,2018-06-19 18:32:34,2018-07-16,d20ff60ca2a1113a445d88fa54bdbb21,2018-06-04
a2a701c6f01ddffde8a1bde136ed7d4a,8543703cb2bc95c3606af4af727d604f,delivered,2017-11-26 10:26:55,2017-11-26 10:36:06,2017-11-27 22:49:48,2017-12-16 02:54:56,2018-01-03,21ad443c5dd9c2d257fd514ec411d183,2017-11-26
27b6badcdaa36a93808ac126acc05329,dfbad75de7638cec2c9482cac4a10828,delivered,2018-06-27 09:56:34,2018-06-27 11:06:41,2018-06-27 11:42:00,2018-06-28 18:04:13,2018-07-12,7fbbcdacab871435c9318d8b913b4548,2018-06-27
7fd85cb0143de098a4c5ab5a57bfbd91,d32034dfc685b1ae15dd4c78eace868e,delivered,2017-05-04 21:05:28,2017-05-09 22:33:28,2017-05-09 17:02:58,2017-05-18 06:34:38,2017-06-01,39ec290b99d3f51dd92e2c2119d23045,2017-05-04
c2af225ac9a68a3c24500aa6fab006aa,f93c9e539a9705a57902c625b611e90c,delivered,2018-08-20 10:04:30,2018-08-20 14:53:46,2018-08-22 13:16:00,2018-08-27 21:44:45,2018-08-28,a3adfb1ef257529c6abe81be7726a63f,2018-08-20
f6f9344efc918f1e00ab84c014aa21d7,166478efeed4f9a861164b4ff5acfe8b,delivered,2017-05-20 11:43:49,2017-05-20 11:55:16,2017-05-25 14:33:53,2017-06-06 16:10:52,2017-06-21,b0f75567787a7483aadf695f5021e881,2017-05-20
87b4c933f31145a28413b39d880ad6c3,ddfdf5e9b2659e1fbd073404c9b762e0,delivered,2018-03-02 17:12:05,2018-03-02 17:49:24,2018-03-06 21:23:32,2018-03-16 17:21:55,2018-03-21,490c3c53ca927221bccbb00706afbcf9,2018-03-02
71c4b7b8844a031b7db8ca41c41d4aae,dce0014426964924f9564758e4fadcbf,delivered,2017-09-03 20:52:34,2017-09-05 04:10:34,2017-09-05 17:47:58,2017-09-14 15:49:47,2017-10-03,6ca7990c03b703e57401911433372d1e,2017-09-03
4a69678ecf74bfd34260031c04329b68,eb19f77ffd29917f353d12152b0c0de1,delivered,2018-07-22 16:58:38,2018-07-23 12:32:05,2018-07-23 15:12:00,2018-07-24 22:46:38,2018-07-31,58a3b88ec0ed98474b1bb2630b277ed4,2018-07-22
4146f35ac7a7ef4e39fe344e563c1e3b,e0eac226ceae49858de89e8a5c1ba1ec,delivered,2017-11-26 19:42:22,2017-11-26 19:53:48,2017-11-27 18:33:24,2017-12-05 18:38:40,2017-12-15,7d414b6a1cf56a6bc5035f9eb436b15d,2017-11-26
3cea94817a51f34aa5937784fb4a3219,20b927d23e84dfaa333eb4aea6615084,delivered,2018-04-01 16:13:26,2018-04-01 16:30:16,2018-04-02 18:21:51,2018-04-06 21:32:35,2018-04-19,0cc2c169569fd06473481e06325a5321,2018-04-01
e8fd20068b9f7e6ec07068bb7537f781,609b9fb8cad4fe0c7b376f77c8ab76ad,delivered,2017-08-10 21:21:07,2017-08-10 21:35:26,2017-08-18 16:42:51,2017-08-23 15:36:29,2017-08-31,fb9310710003399b031add3e55f34719,2017-08-10
5fabc81b6322c8443648e1b21a6fef21,32c9df889d41b0ee8309a5efb6855dcb,unavailable,2017-10-10 10:50:03,2017-10-14 18:35:57,,,2017-10-23,393d95c05b04db26ac084374094b3a52,2017-10-10
c627fe35fce1a754bc5b812d0b8ff379,42b0671b440d1f2527bddd8b723e0a0c,delivered,2018-06-03 18:44:31,2018-06-03 18:55:15,2018-06-04 13:48:00,2018-06-07 13:22:19,2018-07-11,b0854ff72fac3b922fde0115dd2c0a5f,2018-06-03
e6cc57f923c4dab2222b8c9aa8742eea,2f4a42f9bb4b9a8cd402fa549df5c7fd,delivered,2018-02-07 12:09:45,2018-02-07 12:31:13,2018-02-21 23:38:05,2018-03-05 18:56:39,2018-05-11,312823a3a38d7ad3046d8ba7122f93a8,2018-02-07
788541a19c0791de0504c5a9cb7e7bd5,a537aaf902d2f436eb7f44817154bb68,delivered,2017-11-30 17:54:28,2017-11-30 18:16:25,2017-12-05 20:58:57,2017-12-13 20:34:50,2017-12-27,02029b32d4185a32a888c3f2d4d8839f,2017-11-30
1b4a0e6b19d0034b531655b41ea89623,ce5efd1b1d8a2fa290a871edd5c26cd6,delivered,2017-10-02 08:45:35,2017-10-02 08:56:53,2017-10-03 20:26:19,2017-10-06 16:58:25,2017-10-24,39fff7cb5873a7116b02234bd1e6c6dc,2017-10-02
f9e3402be5a5ea63344347582ca9f45f,6f2cf56878f7f82151b0ad02590192c0,delivered,2017-06-07 11:02:37,2017-06-08 02:45:24,2017-06-08 14:03:29,2017-06-19 19:19:30,2017-07-05,15b1c5678192a25402638f9bb93e9c02,2017-06-07
6f46d42016226f77893ed3978d6903d0,3803547f820b1e10b7ad9c7985f06753,delivered,2017-07-05 15:55:19,2017-07-05 17:43:48,2017-07-07 19:48:40,2017-07-19 22:10:03,2017-08-14,bd7df6ff9e4a04991eea842883f79e9a,2017-07-05
dfc6eb45a2753ed9e6c6ef4987b44503,a046c690e0564ffde0ce611b5eee2c30,delivered,2018-05-25 17:05:17,2018-05-25 17:15:21,2018-05-29 13:31:00,2018-06-04 23:54:32,2018-06-26,4a7ce65ce092885c0af12dc0001457cf,2018-05-25
38e9133ce29f6bbe35aed9c3863dce01,ad312389a098ceff46ce92c4595c06d0,delivered,2017-10-12 20:54:11,2017-10-14 03:28:24,2017-10-17 17:04:42,2017-11-21 17:06:59,2017-10-31,a3983b8b6b679c9f645e6ef9517ac98d,2017-10-12
6ec4642f9993cc34f826cfb9068e5a2f,f00bb12620b7b232233cace1b229db18,delivered,2017-11-21 20:18:03,2017-11-21 20:28:52,2017-11-27 17:18:52,2017-12-02 16:48:46,2017-12-08,cf82c9581d66ad1de6b0fe919188bdd6,2017-11-21
d692ef54145c9cb3322ec2e5508aa3f4,82ddfcf9438b0cd1117b55ac33184df8,delivered,2018-03-21 19:47:18,2018-03-21 20:05:26,2018-03-22 21:11:58,2018-04-11 00:48:31,2018-04-09,397cd1affbb66fa8f76e8ac24685440a,2018-03-21
7cc85185736ea7f2d8bc09af7a47cab7,9e870ea67399650e8c3545a25d13e4d0,delivered,2017-05-15 09:46:26,2017-05-15 10:02:45,2017-05-15 14:11:06,2017-05-22 18:05:56,2017-06-07,7bb6ca43f478742340256d516d9d86e3,2017-05-15
19dba6d1e58b04e7fc820558a38ea398,cf97e9cf454480b303de6736ddd15fd6,delivered,2018-05-12 13:42:24,2018-05-12 13:55:17,2018-05-16 08:14:00,2018-05-18 17:18:29,2018-06-04,9e4accf95024aa6565ca1efcadb96752,2018-05-12
c22a47117b6a87c967b0c278488110c1,6e153567dc52ea59c0498ef5383e9c7a,delivered,2018-06-22 20:53:29,2018-06-22 21:17:45,2018-06-25 17:50:00,2018-07-03 19:48:54,2018-07-23,e930b415f39ab827ea66de80a9d36a22,2018-06-22
0e4b26f1fb99fc0f0472dd5f403d36d4,2e96fa6d55b9732013caed9866e2552d,delivered,2017-11-05 16:17:53,2017-11-05 16:30:29,2017-11-07 18:35:08,2017-11-08 16:08:56,2017-11-17,22757c044f096bef19c36c5d6ffc51d5,2017-11-05
c81f74e50f0496fa39716cc77cacd460,7b270ebc87c25c8404348c10ff80a80e,delivered,2018-03-04 22:48:38,2018-03-04 23:09:22,2018-03-05 16:15:04,2018-03-13 18:54:32,2018-03-26,324a22205906aa2612a33e63c00ca8bb,2018-03-04
b0f4af5c1b06e24fef510703bfe9f0a6,8e1ec396e317ff4c82a03ce16a0c3eb3,delivered,2017-10-27 15:21:00,2017-10-27 15:32:49,2017-10-30 15:44:34,2017-11-10 17:57:22,2017-11-22,1a3b8f1d0782ebedbcf220a96cbc1655,2017-10-27
cfa78b997e329a5295b4ee6972c02979,a2f7428f0cafbc8e59f20e1444b67315,delivered,2017-12-20 09:52:41,2017-12-20 10:09:52,2017-12-20 20:25:25,2018-01-26 15:45:14,2018-01-18,a49e8e11e850592fe685ae3c64b40eca,2017-12-20
9115830be804184b91f5c00f6f49f92d,da2124f134f5dfbce9d06f29bdb6c308,delivered,2017-10-04 19:57:37,2017-10-04 20:07:14,2017-10-05 16:52:52,2017-10-20 20:25:45,2017-11-07,c716cf2b5b86fb24257cffe9e7969df8,2017-10-04
aa04ef5214580b06b10e2a378300db44,f01a6bfcc730456317e4081fe0c9940e,delivered,2017-01-27 00:30:03,2017-01-27 01:05:25,2017-01-30 11:40:16,2017-02-07 13:15:25,2017-03-17,e03dbdf5e56c96b106d8115ac336f47f,2017-01-27
880675dff2150932f1601e1c07eadeeb,47cd45a6ac7b9fb16537df2ccffeb5ac,delivered,2017-02-23 09:05:12,2017-02-23 09:15:11,2017-03-01 10:22:52,2017-03-06 11:08:08,2017-03-22,831ce3f1bacbd424fc4e38fbd4d66d29,2017-02-23
9c5dedf39a927c1b2549525ed64a053c,39bd1228ee8140590ac3aca26f2dfe00,delivered,2017-03-09 09:54:05,2017-03-09 09:54:05,2017-03-10 11:18:03,2017-03-17 15:08:01,2017-03-28,6359f309b166b0196dbf7ad2ac62bb5a,2017-03-09
63943bddc261676b46f01ca7ac2f7bd8,1fca14ff2861355f6e5f14306ff977a7,delivered,2018-02-06 12:58:58,2018-02-06 13:10:37,2018-02-07 23:22:42,2018-02-28 17:37:56,2018-03-02,da62f9e57a76d978d02ab5362c509660,2018-02-06
83c1379a015df1e13d02aae0204711ab,1aa71eb042121263aafbe80c1b562c9c,delivered,2017-08-27 14:46:43,2017-08-27 15:04:16,2017-08-28 20:52:26,2017-09-21 11:24:17,2017-09-27,737520a9aad80b3fbbdad19b66b37b30,2017-08-27
11c177c8e97725db2631073c19f07b62,b331b74b18dc79bcdf6532d51e1637c1,delivered,2018-01-08 21:28:27,2018-01-08 21:36:21,2018-01-12 15:35:03,2018-01-25 23:32:54,2018-02-15,5097a5312c8b157bb7be58ae360ef43c,2018-01-08
66dea50a8b16d9b4dee7af250b4be1a5,edb027a75a1449115f6b43211ae02a24,delivered,2018-03-08 20:57:30,2018-03-09 11:20:28,2018-03-09 22:11:59,2018-03-16 13:08:30,2018-04-03,60350aa974b26ff12caad89e55993bd6,2018-03-08
